name,pd_notation
12a_1125_0,"[[24, 20, 1, 19], [2, 8, 3, 7], [4, 15, 5, 16], [6, 13, 7, 14], [8, 18, 9, 17], [10, 22, 11, 21], [12, 24, 13, 23], [14, 5, 15, 6], [16, 3, 17, 4], [18, 2, 19, 1], [20, 10, 21, 9], [22, 12, 23, 11]]"
12a_1125_1,"[[22, 12, 23, 11], [24, 20, 1, 19], [2, 8, 3, 7], [4, 15, 5, 16], [6, 13, 7, 14], [8, 18, 9, 17], [10, 22, 11, 21], [12, 24, 13, 23], [14, 5, 15, 6], [16, 3, 17, 4], [18, 2, 19, 1], [20, 10, 21, 9]]"
12a_1125_2,"[[20, 10, 21, 9], [22, 12, 23, 11], [24, 20, 1, 19], [2, 8, 3, 7], [4, 15, 5, 16], [6, 13, 7, 14], [8, 18, 9, 17], [10, 22, 11, 21], [12, 24, 13, 23], [14, 5, 15, 6], [16, 3, 17, 4], [18, 2, 19, 1]]"
12a_1125_3,"[[18, 2, 19, 1], [20, 10, 21, 9], [22, 12, 23, 11], [24, 20, 1, 19], [2, 8, 3, 7], [4, 15, 5, 16], [6, 13, 7, 14], [8, 18, 9, 17], [10, 22, 11, 21], [12, 24, 13, 23], [14, 5, 15, 6], [16, 3, 17, 4]]"
12a_1125_4,"[[16, 3, 17, 4], [18, 2, 19, 1], [20, 10, 21, 9], [22, 12, 23, 11], [24, 20, 1, 19], [2, 8, 3, 7], [4, 15, 5, 16], [6, 13, 7, 14], [8, 18, 9, 17], [10, 22, 11, 21], [12, 24, 13, 23], [14, 5, 15, 6]]"
12a_1125_5,"[[14, 5, 15, 6], [16, 3, 17, 4], [18, 2, 19, 1], [20, 10, 21, 9], [22, 12, 23, 11], [24, 20, 1, 19], [2, 8, 3, 7], [4, 15, 5, 16], [6, 13, 7, 14], [8, 18, 9, 17], [10, 22, 11, 21], [12, 24, 13, 23]]"
12a_1125_6,"[[12, 24, 13, 23], [14, 5, 15, 6], [16, 3, 17, 4], [18, 2, 19, 1], [20, 10, 21, 9], [22, 12, 23, 11], [24, 20, 1, 19], [2, 8, 3, 7], [4, 15, 5, 16], [6, 13, 7, 14], [8, 18, 9, 17], [10, 22, 11, 21]]"
12a_1125_7,"[[10, 22, 11, 21], [12, 24, 13, 23], [14, 5, 15, 6], [16, 3, 17, 4], [18, 2, 19, 1], [20, 10, 21, 9], [22, 12, 23, 11], [24, 20, 1, 19], [2, 8, 3, 7], [4, 15, 5, 16], [6, 13, 7, 14], [8, 18, 9, 17]]"
12a_1125_8,"[[8, 18, 9, 17], [10, 22, 11, 21], [12, 24, 13, 23], [14, 5, 15, 6], [16, 3, 17, 4], [18, 2, 19, 1], [20, 10, 21, 9], [22, 12, 23, 11], [24, 20, 1, 19], [2, 8, 3, 7], [4, 15, 5, 16], [6, 13, 7, 14]]"
12a_1125_9,"[[6, 13, 7, 14], [8, 18, 9, 17], [10, 22, 11, 21], [12, 24, 13, 23], [14, 5, 15, 6], [16, 3, 17, 4], [18, 2, 19, 1], [20, 10, 21, 9], [22, 12, 23, 11], [24, 20, 1, 19], [2, 8, 3, 7], [4, 15, 5, 16]]"
12a_1125_10,"[[4, 15, 5, 16], [6, 13, 7, 14], [8, 18, 9, 17], [10, 22, 11, 21], [12, 24, 13, 23], [14, 5, 15, 6], [16, 3, 17, 4], [18, 2, 19, 1], [20, 10, 21, 9], [22, 12, 23, 11], [24, 20, 1, 19], [2, 8, 3, 7]]"
12a_1125_11,"[[2, 8, 3, 7], [4, 15, 5, 16], [6, 13, 7, 14], [8, 18, 9, 17], [10, 22, 11, 21], [12, 24, 13, 23], [14, 5, 15, 6], [16, 3, 17, 4], [18, 2, 19, 1], [20, 10, 21, 9], [22, 12, 23, 11], [24, 20, 1, 19]]"
12a_1125_12,"[[1, 21, 2, 20], [3, 9, 4, 8], [5, 16, 6, 17], [7, 14, 8, 15], [9, 19, 10, 18], [11, 23, 12, 22], [13, 1, 14, 24], [15, 6, 16, 7], [17, 4, 18, 5], [19, 3, 20, 2], [21, 11, 22, 10], [23, 13, 24, 12]]"
12a_1125_13,"[[23, 13, 24, 12], [1, 21, 2, 20], [3, 9, 4, 8], [5, 16, 6, 17], [7, 14, 8, 15], [9, 19, 10, 18], [11, 23, 12, 22], [13, 1, 14, 24], [15, 6, 16, 7], [17, 4, 18, 5], [19, 3, 20, 2], [21, 11, 22, 10]]"
12a_1125_14,"[[21, 11, 22, 10], [23, 13, 24, 12], [1, 21, 2, 20], [3, 9, 4, 8], [5, 16, 6, 17], [7, 14, 8, 15], [9, 19, 10, 18], [11, 23, 12, 22], [13, 1, 14, 24], [15, 6, 16, 7], [17, 4, 18, 5], [19, 3, 20, 2]]"
12a_1125_15,"[[19, 3, 20, 2], [21, 11, 22, 10], [23, 13, 24, 12], [1, 21, 2, 20], [3, 9, 4, 8], [5, 16, 6, 17], [7, 14, 8, 15], [9, 19, 10, 18], [11, 23, 12, 22], [13, 1, 14, 24], [15, 6, 16, 7], [17, 4, 18, 5]]"
12a_1125_16,"[[17, 4, 18, 5], [19, 3, 20, 2], [21, 11, 22, 10], [23, 13, 24, 12], [1, 21, 2, 20], [3, 9, 4, 8], [5, 16, 6, 17], [7, 14, 8, 15], [9, 19, 10, 18], [11, 23, 12, 22], [13, 1, 14, 24], [15, 6, 16, 7]]"
12a_1125_17,"[[15, 6, 16, 7], [17, 4, 18, 5], [19, 3, 20, 2], [21, 11, 22, 10], [23, 13, 24, 12], [1, 21, 2, 20], [3, 9, 4, 8], [5, 16, 6, 17], [7, 14, 8, 15], [9, 19, 10, 18], [11, 23, 12, 22], [13, 1, 14, 24]]"
12a_1125_18,"[[13, 1, 14, 24], [15, 6, 16, 7], [17, 4, 18, 5], [19, 3, 20, 2], [21, 11, 22, 10], [23, 13, 24, 12], [1, 21, 2, 20], [3, 9, 4, 8], [5, 16, 6, 17], [7, 14, 8, 15], [9, 19, 10, 18], [11, 23, 12, 22]]"
12a_1125_19,"[[11, 23, 12, 22], [13, 1, 14, 24], [15, 6, 16, 7], [17, 4, 18, 5], [19, 3, 20, 2], [21, 11, 22, 10], [23, 13, 24, 12], [1, 21, 2, 20], [3, 9, 4, 8], [5, 16, 6, 17], [7, 14, 8, 15], [9, 19, 10, 18]]"
12a_1125_20,"[[9, 19, 10, 18], [11, 23, 12, 22], [13, 1, 14, 24], [15, 6, 16, 7], [17, 4, 18, 5], [19, 3, 20, 2], [21, 11, 22, 10], [23, 13, 24, 12], [1, 21, 2, 20], [3, 9, 4, 8], [5, 16, 6, 17], [7, 14, 8, 15]]"
12a_1125_21,"[[7, 14, 8, 15], [9, 19, 10, 18], [11, 23, 12, 22], [13, 1, 14, 24], [15, 6, 16, 7], [17, 4, 18, 5], [19, 3, 20, 2], [21, 11, 22, 10], [23, 13, 24, 12], [1, 21, 2, 20], [3, 9, 4, 8], [5, 16, 6, 17]]"
12a_1125_22,"[[5, 16, 6, 17], [7, 14, 8, 15], [9, 19, 10, 18], [11, 23, 12, 22], [13, 1, 14, 24], [15, 6, 16, 7], [17, 4, 18, 5], [19, 3, 20, 2], [21, 11, 22, 10], [23, 13, 24, 12], [1, 21, 2, 20], [3, 9, 4, 8]]"
12a_1125_23,"[[3, 9, 4, 8], [5, 16, 6, 17], [7, 14, 8, 15], [9, 19, 10, 18], [11, 23, 12, 22], [13, 1, 14, 24], [15, 6, 16, 7], [17, 4, 18, 5], [19, 3, 20, 2], [21, 11, 22, 10], [23, 13, 24, 12], [1, 21, 2, 20]]"
12a_1125_24,"[[2, 22, 3, 21], [4, 10, 5, 9], [6, 17, 7, 18], [8, 15, 9, 16], [10, 20, 11, 19], [12, 24, 13, 23], [14, 2, 15, 1], [16, 7, 17, 8], [18, 5, 19, 6], [20, 4, 21, 3], [22, 12, 23, 11], [24, 14, 1, 13]]"
12a_1125_25,"[[24, 14, 1, 13], [2, 22, 3, 21], [4, 10, 5, 9], [6, 17, 7, 18], [8, 15, 9, 16], [10, 20, 11, 19], [12, 24, 13, 23], [14, 2, 15, 1], [16, 7, 17, 8], [18, 5, 19, 6], [20, 4, 21, 3], [22, 12, 23, 11]]"
12a_1125_26,"[[22, 12, 23, 11], [24, 14, 1, 13], [2, 22, 3, 21], [4, 10, 5, 9], [6, 17, 7, 18], [8, 15, 9, 16], [10, 20, 11, 19], [12, 24, 13, 23], [14, 2, 15, 1], [16, 7, 17, 8], [18, 5, 19, 6], [20, 4, 21, 3]]"
12a_1125_27,"[[20, 4, 21, 3], [22, 12, 23, 11], [24, 14, 1, 13], [2, 22, 3, 21], [4, 10, 5, 9], [6, 17, 7, 18], [8, 15, 9, 16], [10, 20, 11, 19], [12, 24, 13, 23], [14, 2, 15, 1], [16, 7, 17, 8], [18, 5, 19, 6]]"
12a_1125_28,"[[18, 5, 19, 6], [20, 4, 21, 3], [22, 12, 23, 11], [24, 14, 1, 13], [2, 22, 3, 21], [4, 10, 5, 9], [6, 17, 7, 18], [8, 15, 9, 16], [10, 20, 11, 19], [12, 24, 13, 23], [14, 2, 15, 1], [16, 7, 17, 8]]"
12a_1125_29,"[[16, 7, 17, 8], [18, 5, 19, 6], [20, 4, 21, 3], [22, 12, 23, 11], [24, 14, 1, 13], [2, 22, 3, 21], [4, 10, 5, 9], [6, 17, 7, 18], [8, 15, 9, 16], [10, 20, 11, 19], [12, 24, 13, 23], [14, 2, 15, 1]]"
12a_1125_30,"[[14, 2, 15, 1], [16, 7, 17, 8], [18, 5, 19, 6], [20, 4, 21, 3], [22, 12, 23, 11], [24, 14, 1, 13], [2, 22, 3, 21], [4, 10, 5, 9], [6, 17, 7, 18], [8, 15, 9, 16], [10, 20, 11, 19], [12, 24, 13, 23]]"
12a_1125_31,"[[12, 24, 13, 23], [14, 2, 15, 1], [16, 7, 17, 8], [18, 5, 19, 6], [20, 4, 21, 3], [22, 12, 23, 11], [24, 14, 1, 13], [2, 22, 3, 21], [4, 10, 5, 9], [6, 17, 7, 18], [8, 15, 9, 16], [10, 20, 11, 19]]"
12a_1125_32,"[[10, 20, 11, 19], [12, 24, 13, 23], [14, 2, 15, 1], [16, 7, 17, 8], [18, 5, 19, 6], [20, 4, 21, 3], [22, 12, 23, 11], [24, 14, 1, 13], [2, 22, 3, 21], [4, 10, 5, 9], [6, 17, 7, 18], [8, 15, 9, 16]]"
12a_1125_33,"[[8, 15, 9, 16], [10, 20, 11, 19], [12, 24, 13, 23], [14, 2, 15, 1], [16, 7, 17, 8], [18, 5, 19, 6], [20, 4, 21, 3], [22, 12, 23, 11], [24, 14, 1, 13], [2, 22, 3, 21], [4, 10, 5, 9], [6, 17, 7, 18]]"
12a_1125_34,"[[6, 17, 7, 18], [8, 15, 9, 16], [10, 20, 11, 19], [12, 24, 13, 23], [14, 2, 15, 1], [16, 7, 17, 8], [18, 5, 19, 6], [20, 4, 21, 3], [22, 12, 23, 11], [24, 14, 1, 13], [2, 22, 3, 21], [4, 10, 5, 9]]"
12a_1125_35,"[[4, 10, 5, 9], [6, 17, 7, 18], [8, 15, 9, 16], [10, 20, 11, 19], [12, 24, 13, 23], [14, 2, 15, 1], [16, 7, 17, 8], [18, 5, 19, 6], [20, 4, 21, 3], [22, 12, 23, 11], [24, 14, 1, 13], [2, 22, 3, 21]]"
12a_1125_36,"[[3, 23, 4, 22], [5, 11, 6, 10], [7, 18, 8, 19], [9, 16, 10, 17], [11, 21, 12, 20], [13, 1, 14, 24], [15, 3, 16, 2], [17, 8, 18, 9], [19, 6, 20, 7], [21, 5, 22, 4], [23, 13, 24, 12], [1, 15, 2, 14]]"
12a_1125_37,"[[1, 15, 2, 14], [3, 23, 4, 22], [5, 11, 6, 10], [7, 18, 8, 19], [9, 16, 10, 17], [11, 21, 12, 20], [13, 1, 14, 24], [15, 3, 16, 2], [17, 8, 18, 9], [19, 6, 20, 7], [21, 5, 22, 4], [23, 13, 24, 12]]"
12a_1125_38,"[[23, 13, 24, 12], [1, 15, 2, 14], [3, 23, 4, 22], [5, 11, 6, 10], [7, 18, 8, 19], [9, 16, 10, 17], [11, 21, 12, 20], [13, 1, 14, 24], [15, 3, 16, 2], [17, 8, 18, 9], [19, 6, 20, 7], [21, 5, 22, 4]]"
12a_1125_39,"[[21, 5, 22, 4], [23, 13, 24, 12], [1, 15, 2, 14], [3, 23, 4, 22], [5, 11, 6, 10], [7, 18, 8, 19], [9, 16, 10, 17], [11, 21, 12, 20], [13, 1, 14, 24], [15, 3, 16, 2], [17, 8, 18, 9], [19, 6, 20, 7]]"
12a_1125_40,"[[19, 6, 20, 7], [21, 5, 22, 4], [23, 13, 24, 12], [1, 15, 2, 14], [3, 23, 4, 22], [5, 11, 6, 10], [7, 18, 8, 19], [9, 16, 10, 17], [11, 21, 12, 20], [13, 1, 14, 24], [15, 3, 16, 2], [17, 8, 18, 9]]"
12a_1125_41,"[[17, 8, 18, 9], [19, 6, 20, 7], [21, 5, 22, 4], [23, 13, 24, 12], [1, 15, 2, 14], [3, 23, 4, 22], [5, 11, 6, 10], [7, 18, 8, 19], [9, 16, 10, 17], [11, 21, 12, 20], [13, 1, 14, 24], [15, 3, 16, 2]]"
12a_1125_42,"[[15, 3, 16, 2], [17, 8, 18, 9], [19, 6, 20, 7], [21, 5, 22, 4], [23, 13, 24, 12], [1, 15, 2, 14], [3, 23, 4, 22], [5, 11, 6, 10], [7, 18, 8, 19], [9, 16, 10, 17], [11, 21, 12, 20], [13, 1, 14, 24]]"
12a_1125_43,"[[13, 1, 14, 24], [15, 3, 16, 2], [17, 8, 18, 9], [19, 6, 20, 7], [21, 5, 22, 4], [23, 13, 24, 12], [1, 15, 2, 14], [3, 23, 4, 22], [5, 11, 6, 10], [7, 18, 8, 19], [9, 16, 10, 17], [11, 21, 12, 20]]"
12a_1125_44,"[[11, 21, 12, 20], [13, 1, 14, 24], [15, 3, 16, 2], [17, 8, 18, 9], [19, 6, 20, 7], [21, 5, 22, 4], [23, 13, 24, 12], [1, 15, 2, 14], [3, 23, 4, 22], [5, 11, 6, 10], [7, 18, 8, 19], [9, 16, 10, 17]]"
12a_1125_45,"[[9, 16, 10, 17], [11, 21, 12, 20], [13, 1, 14, 24], [15, 3, 16, 2], [17, 8, 18, 9], [19, 6, 20, 7], [21, 5, 22, 4], [23, 13, 24, 12], [1, 15, 2, 14], [3, 23, 4, 22], [5, 11, 6, 10], [7, 18, 8, 19]]"
12a_1125_46,"[[7, 18, 8, 19], [9, 16, 10, 17], [11, 21, 12, 20], [13, 1, 14, 24], [15, 3, 16, 2], [17, 8, 18, 9], [19, 6, 20, 7], [21, 5, 22, 4], [23, 13, 24, 12], [1, 15, 2, 14], [3, 23, 4, 22], [5, 11, 6, 10]]"
12a_1125_47,"[[5, 11, 6, 10], [7, 18, 8, 19], [9, 16, 10, 17], [11, 21, 12, 20], [13, 1, 14, 24], [15, 3, 16, 2], [17, 8, 18, 9], [19, 6, 20, 7], [21, 5, 22, 4], [23, 13, 24, 12], [1, 15, 2, 14], [3, 23, 4, 22]]"
12a_1125_48,"[[4, 24, 5, 23], [6, 12, 7, 11], [8, 19, 9, 20], [10, 17, 11, 18], [12, 22, 13, 21], [14, 2, 15, 1], [16, 4, 17, 3], [18, 9, 19, 10], [20, 7, 21, 8], [22, 6, 23, 5], [24, 14, 1, 13], [2, 16, 3, 15]]"
12a_1125_49,"[[2, 16, 3, 15], [4, 24, 5, 23], [6, 12, 7, 11], [8, 19, 9, 20], [10, 17, 11, 18], [12, 22, 13, 21], [14, 2, 15, 1], [16, 4, 17, 3], [18, 9, 19, 10], [20, 7, 21, 8], [22, 6, 23, 5], [24, 14, 1, 13]]"
12a_1125_50,"[[24, 14, 1, 13], [2, 16, 3, 15], [4, 24, 5, 23], [6, 12, 7, 11], [8, 19, 9, 20], [10, 17, 11, 18], [12, 22, 13, 21], [14, 2, 15, 1], [16, 4, 17, 3], [18, 9, 19, 10], [20, 7, 21, 8], [22, 6, 23, 5]]"
12a_1125_51,"[[22, 6, 23, 5], [24, 14, 1, 13], [2, 16, 3, 15], [4, 24, 5, 23], [6, 12, 7, 11], [8, 19, 9, 20], [10, 17, 11, 18], [12, 22, 13, 21], [14, 2, 15, 1], [16, 4, 17, 3], [18, 9, 19, 10], [20, 7, 21, 8]]"
12a_1125_52,"[[20, 7, 21, 8], [22, 6, 23, 5], [24, 14, 1, 13], [2, 16, 3, 15], [4, 24, 5, 23], [6, 12, 7, 11], [8, 19, 9, 20], [10, 17, 11, 18], [12, 22, 13, 21], [14, 2, 15, 1], [16, 4, 17, 3], [18, 9, 19, 10]]"
12a_1125_53,"[[18, 9, 19, 10], [20, 7, 21, 8], [22, 6, 23, 5], [24, 14, 1, 13], [2, 16, 3, 15], [4, 24, 5, 23], [6, 12, 7, 11], [8, 19, 9, 20], [10, 17, 11, 18], [12, 22, 13, 21], [14, 2, 15, 1], [16, 4, 17, 3]]"
12a_1125_54,"[[16, 4, 17, 3], [18, 9, 19, 10], [20, 7, 21, 8], [22, 6, 23, 5], [24, 14, 1, 13], [2, 16, 3, 15], [4, 24, 5, 23], [6, 12, 7, 11], [8, 19, 9, 20], [10, 17, 11, 18], [12, 22, 13, 21], [14, 2, 15, 1]]"
12a_1125_55,"[[14, 2, 15, 1], [16, 4, 17, 3], [18, 9, 19, 10], [20, 7, 21, 8], [22, 6, 23, 5], [24, 14, 1, 13], [2, 16, 3, 15], [4, 24, 5, 23], [6, 12, 7, 11], [8, 19, 9, 20], [10, 17, 11, 18], [12, 22, 13, 21]]"
12a_1125_56,"[[12, 22, 13, 21], [14, 2, 15, 1], [16, 4, 17, 3], [18, 9, 19, 10], [20, 7, 21, 8], [22, 6, 23, 5], [24, 14, 1, 13], [2, 16, 3, 15], [4, 24, 5, 23], [6, 12, 7, 11], [8, 19, 9, 20], [10, 17, 11, 18]]"
12a_1125_57,"[[10, 17, 11, 18], [12, 22, 13, 21], [14, 2, 15, 1], [16, 4, 17, 3], [18, 9, 19, 10], [20, 7, 21, 8], [22, 6, 23, 5], [24, 14, 1, 13], [2, 16, 3, 15], [4, 24, 5, 23], [6, 12, 7, 11], [8, 19, 9, 20]]"
12a_1125_58,"[[8, 19, 9, 20], [10, 17, 11, 18], [12, 22, 13, 21], [14, 2, 15, 1], [16, 4, 17, 3], [18, 9, 19, 10], [20, 7, 21, 8], [22, 6, 23, 5], [24, 14, 1, 13], [2, 16, 3, 15], [4, 24, 5, 23], [6, 12, 7, 11]]"
12a_1125_59,"[[6, 12, 7, 11], [8, 19, 9, 20], [10, 17, 11, 18], [12, 22, 13, 21], [14, 2, 15, 1], [16, 4, 17, 3], [18, 9, 19, 10], [20, 7, 21, 8], [22, 6, 23, 5], [24, 14, 1, 13], [2, 16, 3, 15], [4, 24, 5, 23]]"
12a_1125_60,"[[5, 1, 6, 24], [7, 13, 8, 12], [9, 20, 10, 21], [11, 18, 12, 19], [13, 23, 14, 22], [15, 3, 16, 2], [17, 5, 18, 4], [19, 10, 20, 11], [21, 8, 22, 9], [23, 7, 24, 6], [1, 15, 2, 14], [3, 17, 4, 16]]"
12a_1125_61,"[[3, 17, 4, 16], [5, 1, 6, 24], [7, 13, 8, 12], [9, 20, 10, 21], [11, 18, 12, 19], [13, 23, 14, 22], [15, 3, 16, 2], [17, 5, 18, 4], [19, 10, 20, 11], [21, 8, 22, 9], [23, 7, 24, 6], [1, 15, 2, 14]]"
12a_1125_62,"[[1, 15, 2, 14], [3, 17, 4, 16], [5, 1, 6, 24], [7, 13, 8, 12], [9, 20, 10, 21], [11, 18, 12, 19], [13, 23, 14, 22], [15, 3, 16, 2], [17, 5, 18, 4], [19, 10, 20, 11], [21, 8, 22, 9], [23, 7, 24, 6]]"
12a_1125_63,"[[23, 7, 24, 6], [1, 15, 2, 14], [3, 17, 4, 16], [5, 1, 6, 24], [7, 13, 8, 12], [9, 20, 10, 21], [11, 18, 12, 19], [13, 23, 14, 22], [15, 3, 16, 2], [17, 5, 18, 4], [19, 10, 20, 11], [21, 8, 22, 9]]"
12a_1125_64,"[[21, 8, 22, 9], [23, 7, 24, 6], [1, 15, 2, 14], [3, 17, 4, 16], [5, 1, 6, 24], [7, 13, 8, 12], [9, 20, 10, 21], [11, 18, 12, 19], [13, 23, 14, 22], [15, 3, 16, 2], [17, 5, 18, 4], [19, 10, 20, 11]]"
12a_1125_65,"[[19, 10, 20, 11], [21, 8, 22, 9], [23, 7, 24, 6], [1, 15, 2, 14], [3, 17, 4, 16], [5, 1, 6, 24], [7, 13, 8, 12], [9, 20, 10, 21], [11, 18, 12, 19], [13, 23, 14, 22], [15, 3, 16, 2], [17, 5, 18, 4]]"
12a_1125_66,"[[17, 5, 18, 4], [19, 10, 20, 11], [21, 8, 22, 9], [23, 7, 24, 6], [1, 15, 2, 14], [3, 17, 4, 16], [5, 1, 6, 24], [7, 13, 8, 12], [9, 20, 10, 21], [11, 18, 12, 19], [13, 23, 14, 22], [15, 3, 16, 2]]"
12a_1125_67,"[[15, 3, 16, 2], [17, 5, 18, 4], [19, 10, 20, 11], [21, 8, 22, 9], [23, 7, 24, 6], [1, 15, 2, 14], [3, 17, 4, 16], [5, 1, 6, 24], [7, 13, 8, 12], [9, 20, 10, 21], [11, 18, 12, 19], [13, 23, 14, 22]]"
12a_1125_68,"[[13, 23, 14, 22], [15, 3, 16, 2], [17, 5, 18, 4], [19, 10, 20, 11], [21, 8, 22, 9], [23, 7, 24, 6], [1, 15, 2, 14], [3, 17, 4, 16], [5, 1, 6, 24], [7, 13, 8, 12], [9, 20, 10, 21], [11, 18, 12, 19]]"
12a_1125_69,"[[11, 18, 12, 19], [13, 23, 14, 22], [15, 3, 16, 2], [17, 5, 18, 4], [19, 10, 20, 11], [21, 8, 22, 9], [23, 7, 24, 6], [1, 15, 2, 14], [3, 17, 4, 16], [5, 1, 6, 24], [7, 13, 8, 12], [9, 20, 10, 21]]"
12a_1125_70,"[[9, 20, 10, 21], [11, 18, 12, 19], [13, 23, 14, 22], [15, 3, 16, 2], [17, 5, 18, 4], [19, 10, 20, 11], [21, 8, 22, 9], [23, 7, 24, 6], [1, 15, 2, 14], [3, 17, 4, 16], [5, 1, 6, 24], [7, 13, 8, 12]]"
12a_1125_71,"[[7, 13, 8, 12], [9, 20, 10, 21], [11, 18, 12, 19], [13, 23, 14, 22], [15, 3, 16, 2], [17, 5, 18, 4], [19, 10, 20, 11], [21, 8, 22, 9], [23, 7, 24, 6], [1, 15, 2, 14], [3, 17, 4, 16], [5, 1, 6, 24]]"
12a_1125_72,"[[6, 2, 7, 1], [8, 14, 9, 13], [10, 21, 11, 22], [12, 19, 13, 20], [14, 24, 15, 23], [16, 4, 17, 3], [18, 6, 19, 5], [20, 11, 21, 12], [22, 9, 23, 10], [24, 8, 1, 7], [2, 16, 3, 15], [4, 18, 5, 17]]"
12a_1125_73,"[[4, 18, 5, 17], [6, 2, 7, 1], [8, 14, 9, 13], [10, 21, 11, 22], [12, 19, 13, 20], [14, 24, 15, 23], [16, 4, 17, 3], [18, 6, 19, 5], [20, 11, 21, 12], [22, 9, 23, 10], [24, 8, 1, 7], [2, 16, 3, 15]]"
12a_1125_74,"[[2, 16, 3, 15], [4, 18, 5, 17], [6, 2, 7, 1], [8, 14, 9, 13], [10, 21, 11, 22], [12, 19, 13, 20], [14, 24, 15, 23], [16, 4, 17, 3], [18, 6, 19, 5], [20, 11, 21, 12], [22, 9, 23, 10], [24, 8, 1, 7]]"
12a_1125_75,"[[24, 8, 1, 7], [2, 16, 3, 15], [4, 18, 5, 17], [6, 2, 7, 1], [8, 14, 9, 13], [10, 21, 11, 22], [12, 19, 13, 20], [14, 24, 15, 23], [16, 4, 17, 3], [18, 6, 19, 5], [20, 11, 21, 12], [22, 9, 23, 10]]"
12a_1125_76,"[[22, 9, 23, 10], [24, 8, 1, 7], [2, 16, 3, 15], [4, 18, 5, 17], [6, 2, 7, 1], [8, 14, 9, 13], [10, 21, 11, 22], [12, 19, 13, 20], [14, 24, 15, 23], [16, 4, 17, 3], [18, 6, 19, 5], [20, 11, 21, 12]]"
12a_1125_77,"[[20, 11, 21, 12], [22, 9, 23, 10], [24, 8, 1, 7], [2, 16, 3, 15], [4, 18, 5, 17], [6, 2, 7, 1], [8, 14, 9, 13], [10, 21, 11, 22], [12, 19, 13, 20], [14, 24, 15, 23], [16, 4, 17, 3], [18, 6, 19, 5]]"
12a_1125_78,"[[18, 6, 19, 5], [20, 11, 21, 12], [22, 9, 23, 10], [24, 8, 1, 7], [2, 16, 3, 15], [4, 18, 5, 17], [6, 2, 7, 1], [8, 14, 9, 13], [10, 21, 11, 22], [12, 19, 13, 20], [14, 24, 15, 23], [16, 4, 17, 3]]"
12a_1125_79,"[[16, 4, 17, 3], [18, 6, 19, 5], [20, 11, 21, 12], [22, 9, 23, 10], [24, 8, 1, 7], [2, 16, 3, 15], [4, 18, 5, 17], [6, 2, 7, 1], [8, 14, 9, 13], [10, 21, 11, 22], [12, 19, 13, 20], [14, 24, 15, 23]]"
12a_1125_80,"[[14, 24, 15, 23], [16, 4, 17, 3], [18, 6, 19, 5], [20, 11, 21, 12], [22, 9, 23, 10], [24, 8, 1, 7], [2, 16, 3, 15], [4, 18, 5, 17], [6, 2, 7, 1], [8, 14, 9, 13], [10, 21, 11, 22], [12, 19, 13, 20]]"
12a_1125_81,"[[12, 19, 13, 20], [14, 24, 15, 23], [16, 4, 17, 3], [18, 6, 19, 5], [20, 11, 21, 12], [22, 9, 23, 10], [24, 8, 1, 7], [2, 16, 3, 15], [4, 18, 5, 17], [6, 2, 7, 1], [8, 14, 9, 13], [10, 21, 11, 22]]"
12a_1125_82,"[[10, 21, 11, 22], [12, 19, 13, 20], [14, 24, 15, 23], [16, 4, 17, 3], [18, 6, 19, 5], [20, 11, 21, 12], [22, 9, 23, 10], [24, 8, 1, 7], [2, 16, 3, 15], [4, 18, 5, 17], [6, 2, 7, 1], [8, 14, 9, 13]]"
12a_1125_83,"[[8, 14, 9, 13], [10, 21, 11, 22], [12, 19, 13, 20], [14, 24, 15, 23], [16, 4, 17, 3], [18, 6, 19, 5], [20, 11, 21, 12], [22, 9, 23, 10], [24, 8, 1, 7], [2, 16, 3, 15], [4, 18, 5, 17], [6, 2, 7, 1]]"
12a_1125_84,"[[7, 3, 8, 2], [9, 15, 10, 14], [11, 22, 12, 23], [13, 20, 14, 21], [15, 1, 16, 24], [17, 5, 18, 4], [19, 7, 20, 6], [21, 12, 22, 13], [23, 10, 24, 11], [1, 9, 2, 8], [3, 17, 4, 16], [5, 19, 6, 18]]"
12a_1125_85,"[[5, 19, 6, 18], [7, 3, 8, 2], [9, 15, 10, 14], [11, 22, 12, 23], [13, 20, 14, 21], [15, 1, 16, 24], [17, 5, 18, 4], [19, 7, 20, 6], [21, 12, 22, 13], [23, 10, 24, 11], [1, 9, 2, 8], [3, 17, 4, 16]]"
12a_1125_86,"[[3, 17, 4, 16], [5, 19, 6, 18], [7, 3, 8, 2], [9, 15, 10, 14], [11, 22, 12, 23], [13, 20, 14, 21], [15, 1, 16, 24], [17, 5, 18, 4], [19, 7, 20, 6], [21, 12, 22, 13], [23, 10, 24, 11], [1, 9, 2, 8]]"
12a_1125_87,"[[1, 9, 2, 8], [3, 17, 4, 16], [5, 19, 6, 18], [7, 3, 8, 2], [9, 15, 10, 14], [11, 22, 12, 23], [13, 20, 14, 21], [15, 1, 16, 24], [17, 5, 18, 4], [19, 7, 20, 6], [21, 12, 22, 13], [23, 10, 24, 11]]"
12a_1125_88,"[[23, 10, 24, 11], [1, 9, 2, 8], [3, 17, 4, 16], [5, 19, 6, 18], [7, 3, 8, 2], [9, 15, 10, 14], [11, 22, 12, 23], [13, 20, 14, 21], [15, 1, 16, 24], [17, 5, 18, 4], [19, 7, 20, 6], [21, 12, 22, 13]]"
12a_1125_89,"[[21, 12, 22, 13], [23, 10, 24, 11], [1, 9, 2, 8], [3, 17, 4, 16], [5, 19, 6, 18], [7, 3, 8, 2], [9, 15, 10, 14], [11, 22, 12, 23], [13, 20, 14, 21], [15, 1, 16, 24], [17, 5, 18, 4], [19, 7, 20, 6]]"
12a_1125_90,"[[19, 7, 20, 6], [21, 12, 22, 13], [23, 10, 24, 11], [1, 9, 2, 8], [3, 17, 4, 16], [5, 19, 6, 18], [7, 3, 8, 2], [9, 15, 10, 14], [11, 22, 12, 23], [13, 20, 14, 21], [15, 1, 16, 24], [17, 5, 18, 4]]"
12a_1125_91,"[[17, 5, 18, 4], [19, 7, 20, 6], [21, 12, 22, 13], [23, 10, 24, 11], [1, 9, 2, 8], [3, 17, 4, 16], [5, 19, 6, 18], [7, 3, 8, 2], [9, 15, 10, 14], [11, 22, 12, 23], [13, 20, 14, 21], [15, 1, 16, 24]]"
12a_1125_92,"[[15, 1, 16, 24], [17, 5, 18, 4], [19, 7, 20, 6], [21, 12, 22, 13], [23, 10, 24, 11], [1, 9, 2, 8], [3, 17, 4, 16], [5, 19, 6, 18], [7, 3, 8, 2], [9, 15, 10, 14], [11, 22, 12, 23], [13, 20, 14, 21]]"
12a_1125_93,"[[13, 20, 14, 21], [15, 1, 16, 24], [17, 5, 18, 4], [19, 7, 20, 6], [21, 12, 22, 13], [23, 10, 24, 11], [1, 9, 2, 8], [3, 17, 4, 16], [5, 19, 6, 18], [7, 3, 8, 2], [9, 15, 10, 14], [11, 22, 12, 23]]"
12a_1125_94,"[[11, 22, 12, 23], [13, 20, 14, 21], [15, 1, 16, 24], [17, 5, 18, 4], [19, 7, 20, 6], [21, 12, 22, 13], [23, 10, 24, 11], [1, 9, 2, 8], [3, 17, 4, 16], [5, 19, 6, 18], [7, 3, 8, 2], [9, 15, 10, 14]]"
12a_1125_95,"[[9, 15, 10, 14], [11, 22, 12, 23], [13, 20, 14, 21], [15, 1, 16, 24], [17, 5, 18, 4], [19, 7, 20, 6], [21, 12, 22, 13], [23, 10, 24, 11], [1, 9, 2, 8], [3, 17, 4, 16], [5, 19, 6, 18], [7, 3, 8, 2]]"
12a_1125_96,"[[8, 4, 9, 3], [10, 16, 11, 15], [12, 23, 13, 24], [14, 21, 15, 22], [16, 2, 17, 1], [18, 6, 19, 5], [20, 8, 21, 7], [22, 13, 23, 14], [24, 11, 1, 12], [2, 10, 3, 9], [4, 18, 5, 17], [6, 20, 7, 19]]"
12a_1125_97,"[[6, 20, 7, 19], [8, 4, 9, 3], [10, 16, 11, 15], [12, 23, 13, 24], [14, 21, 15, 22], [16, 2, 17, 1], [18, 6, 19, 5], [20, 8, 21, 7], [22, 13, 23, 14], [24, 11, 1, 12], [2, 10, 3, 9], [4, 18, 5, 17]]"
12a_1125_98,"[[4, 18, 5, 17], [6, 20, 7, 19], [8, 4, 9, 3], [10, 16, 11, 15], [12, 23, 13, 24], [14, 21, 15, 22], [16, 2, 17, 1], [18, 6, 19, 5], [20, 8, 21, 7], [22, 13, 23, 14], [24, 11, 1, 12], [2, 10, 3, 9]]"
12a_1125_99,"[[2, 10, 3, 9], [4, 18, 5, 17], [6, 20, 7, 19], [8, 4, 9, 3], [10, 16, 11, 15], [12, 23, 13, 24], [14, 21, 15, 22], [16, 2, 17, 1], [18, 6, 19, 5], [20, 8, 21, 7], [22, 13, 23, 14], [24, 11, 1, 12]]"
12a_1125_100,"[[24, 11, 1, 12], [2, 10, 3, 9], [4, 18, 5, 17], [6, 20, 7, 19], [8, 4, 9, 3], [10, 16, 11, 15], [12, 23, 13, 24], [14, 21, 15, 22], [16, 2, 17, 1], [18, 6, 19, 5], [20, 8, 21, 7], [22, 13, 23, 14]]"
12a_1125_101,"[[22, 13, 23, 14], [24, 11, 1, 12], [2, 10, 3, 9], [4, 18, 5, 17], [6, 20, 7, 19], [8, 4, 9, 3], [10, 16, 11, 15], [12, 23, 13, 24], [14, 21, 15, 22], [16, 2, 17, 1], [18, 6, 19, 5], [20, 8, 21, 7]]"
12a_1125_102,"[[20, 8, 21, 7], [22, 13, 23, 14], [24, 11, 1, 12], [2, 10, 3, 9], [4, 18, 5, 17], [6, 20, 7, 19], [8, 4, 9, 3], [10, 16, 11, 15], [12, 23, 13, 24], [14, 21, 15, 22], [16, 2, 17, 1], [18, 6, 19, 5]]"
12a_1125_103,"[[18, 6, 19, 5], [20, 8, 21, 7], [22, 13, 23, 14], [24, 11, 1, 12], [2, 10, 3, 9], [4, 18, 5, 17], [6, 20, 7, 19], [8, 4, 9, 3], [10, 16, 11, 15], [12, 23, 13, 24], [14, 21, 15, 22], [16, 2, 17, 1]]"
12a_1125_104,"[[16, 2, 17, 1], [18, 6, 19, 5], [20, 8, 21, 7], [22, 13, 23, 14], [24, 11, 1, 12], [2, 10, 3, 9], [4, 18, 5, 17], [6, 20, 7, 19], [8, 4, 9, 3], [10, 16, 11, 15], [12, 23, 13, 24], [14, 21, 15, 22]]"
12a_1125_105,"[[14, 21, 15, 22], [16, 2, 17, 1], [18, 6, 19, 5], [20, 8, 21, 7], [22, 13, 23, 14], [24, 11, 1, 12], [2, 10, 3, 9], [4, 18, 5, 17], [6, 20, 7, 19], [8, 4, 9, 3], [10, 16, 11, 15], [12, 23, 13, 24]]"
12a_1125_106,"[[12, 23, 13, 24], [14, 21, 15, 22], [16, 2, 17, 1], [18, 6, 19, 5], [20, 8, 21, 7], [22, 13, 23, 14], [24, 11, 1, 12], [2, 10, 3, 9], [4, 18, 5, 17], [6, 20, 7, 19], [8, 4, 9, 3], [10, 16, 11, 15]]"
12a_1125_107,"[[10, 16, 11, 15], [12, 23, 13, 24], [14, 21, 15, 22], [16, 2, 17, 1], [18, 6, 19, 5], [20, 8, 21, 7], [22, 13, 23, 14], [24, 11, 1, 12], [2, 10, 3, 9], [4, 18, 5, 17], [6, 20, 7, 19], [8, 4, 9, 3]]"
12a_1125_108,"[[9, 5, 10, 4], [11, 17, 12, 16], [13, 24, 14, 1], [15, 22, 16, 23], [17, 3, 18, 2], [19, 7, 20, 6], [21, 9, 22, 8], [23, 14, 24, 15], [1, 12, 2, 13], [3, 11, 4, 10], [5, 19, 6, 18], [7, 21, 8, 20]]"
12a_1125_109,"[[7, 21, 8, 20], [9, 5, 10, 4], [11, 17, 12, 16], [13, 24, 14, 1], [15, 22, 16, 23], [17, 3, 18, 2], [19, 7, 20, 6], [21, 9, 22, 8], [23, 14, 24, 15], [1, 12, 2, 13], [3, 11, 4, 10], [5, 19, 6, 18]]"
12a_1125_110,"[[5, 19, 6, 18], [7, 21, 8, 20], [9, 5, 10, 4], [11, 17, 12, 16], [13, 24, 14, 1], [15, 22, 16, 23], [17, 3, 18, 2], [19, 7, 20, 6], [21, 9, 22, 8], [23, 14, 24, 15], [1, 12, 2, 13], [3, 11, 4, 10]]"
12a_1125_111,"[[3, 11, 4, 10], [5, 19, 6, 18], [7, 21, 8, 20], [9, 5, 10, 4], [11, 17, 12, 16], [13, 24, 14, 1], [15, 22, 16, 23], [17, 3, 18, 2], [19, 7, 20, 6], [21, 9, 22, 8], [23, 14, 24, 15], [1, 12, 2, 13]]"
12a_1125_112,"[[1, 12, 2, 13], [3, 11, 4, 10], [5, 19, 6, 18], [7, 21, 8, 20], [9, 5, 10, 4], [11, 17, 12, 16], [13, 24, 14, 1], [15, 22, 16, 23], [17, 3, 18, 2], [19, 7, 20, 6], [21, 9, 22, 8], [23, 14, 24, 15]]"
12a_1125_113,"[[23, 14, 24, 15], [1, 12, 2, 13], [3, 11, 4, 10], [5, 19, 6, 18], [7, 21, 8, 20], [9, 5, 10, 4], [11, 17, 12, 16], [13, 24, 14, 1], [15, 22, 16, 23], [17, 3, 18, 2], [19, 7, 20, 6], [21, 9, 22, 8]]"
12a_1125_114,"[[21, 9, 22, 8], [23, 14, 24, 15], [1, 12, 2, 13], [3, 11, 4, 10], [5, 19, 6, 18], [7, 21, 8, 20], [9, 5, 10, 4], [11, 17, 12, 16], [13, 24, 14, 1], [15, 22, 16, 23], [17, 3, 18, 2], [19, 7, 20, 6]]"
12a_1125_115,"[[19, 7, 20, 6], [21, 9, 22, 8], [23, 14, 24, 15], [1, 12, 2, 13], [3, 11, 4, 10], [5, 19, 6, 18], [7, 21, 8, 20], [9, 5, 10, 4], [11, 17, 12, 16], [13, 24, 14, 1], [15, 22, 16, 23], [17, 3, 18, 2]]"
12a_1125_116,"[[17, 3, 18, 2], [19, 7, 20, 6], [21, 9, 22, 8], [23, 14, 24, 15], [1, 12, 2, 13], [3, 11, 4, 10], [5, 19, 6, 18], [7, 21, 8, 20], [9, 5, 10, 4], [11, 17, 12, 16], [13, 24, 14, 1], [15, 22, 16, 23]]"
12a_1125_117,"[[15, 22, 16, 23], [17, 3, 18, 2], [19, 7, 20, 6], [21, 9, 22, 8], [23, 14, 24, 15], [1, 12, 2, 13], [3, 11, 4, 10], [5, 19, 6, 18], [7, 21, 8, 20], [9, 5, 10, 4], [11, 17, 12, 16], [13, 24, 14, 1]]"
12a_1125_118,"[[13, 24, 14, 1], [15, 22, 16, 23], [17, 3, 18, 2], [19, 7, 20, 6], [21, 9, 22, 8], [23, 14, 24, 15], [1, 12, 2, 13], [3, 11, 4, 10], [5, 19, 6, 18], [7, 21, 8, 20], [9, 5, 10, 4], [11, 17, 12, 16]]"
12a_1125_119,"[[11, 17, 12, 16], [13, 24, 14, 1], [15, 22, 16, 23], [17, 3, 18, 2], [19, 7, 20, 6], [21, 9, 22, 8], [23, 14, 24, 15], [1, 12, 2, 13], [3, 11, 4, 10], [5, 19, 6, 18], [7, 21, 8, 20], [9, 5, 10, 4]]"
12a_1125_120,"[[10, 6, 11, 5], [12, 18, 13, 17], [14, 1, 15, 2], [16, 23, 17, 24], [18, 4, 19, 3], [20, 8, 21, 7], [22, 10, 23, 9], [24, 15, 1, 16], [2, 13, 3, 14], [4, 12, 5, 11], [6, 20, 7, 19], [8, 22, 9, 21]]"
12a_1125_121,"[[8, 22, 9, 21], [10, 6, 11, 5], [12, 18, 13, 17], [14, 1, 15, 2], [16, 23, 17, 24], [18, 4, 19, 3], [20, 8, 21, 7], [22, 10, 23, 9], [24, 15, 1, 16], [2, 13, 3, 14], [4, 12, 5, 11], [6, 20, 7, 19]]"
12a_1125_122,"[[6, 20, 7, 19], [8, 22, 9, 21], [10, 6, 11, 5], [12, 18, 13, 17], [14, 1, 15, 2], [16, 23, 17, 24], [18, 4, 19, 3], [20, 8, 21, 7], [22, 10, 23, 9], [24, 15, 1, 16], [2, 13, 3, 14], [4, 12, 5, 11]]"
12a_1125_123,"[[4, 12, 5, 11], [6, 20, 7, 19], [8, 22, 9, 21], [10, 6, 11, 5], [12, 18, 13, 17], [14, 1, 15, 2], [16, 23, 17, 24], [18, 4, 19, 3], [20, 8, 21, 7], [22, 10, 23, 9], [24, 15, 1, 16], [2, 13, 3, 14]]"
12a_1125_124,"[[2, 13, 3, 14], [4, 12, 5, 11], [6, 20, 7, 19], [8, 22, 9, 21], [10, 6, 11, 5], [12, 18, 13, 17], [14, 1, 15, 2], [16, 23, 17, 24], [18, 4, 19, 3], [20, 8, 21, 7], [22, 10, 23, 9], [24, 15, 1, 16]]"
12a_1125_125,"[[24, 15, 1, 16], [2, 13, 3, 14], [4, 12, 5, 11], [6, 20, 7, 19], [8, 22, 9, 21], [10, 6, 11, 5], [12, 18, 13, 17], [14, 1, 15, 2], [16, 23, 17, 24], [18, 4, 19, 3], [20, 8, 21, 7], [22, 10, 23, 9]]"
12a_1125_126,"[[22, 10, 23, 9], [24, 15, 1, 16], [2, 13, 3, 14], [4, 12, 5, 11], [6, 20, 7, 19], [8, 22, 9, 21], [10, 6, 11, 5], [12, 18, 13, 17], [14, 1, 15, 2], [16, 23, 17, 24], [18, 4, 19, 3], [20, 8, 21, 7]]"
12a_1125_127,"[[20, 8, 21, 7], [22, 10, 23, 9], [24, 15, 1, 16], [2, 13, 3, 14], [4, 12, 5, 11], [6, 20, 7, 19], [8, 22, 9, 21], [10, 6, 11, 5], [12, 18, 13, 17], [14, 1, 15, 2], [16, 23, 17, 24], [18, 4, 19, 3]]"
12a_1125_128,"[[18, 4, 19, 3], [20, 8, 21, 7], [22, 10, 23, 9], [24, 15, 1, 16], [2, 13, 3, 14], [4, 12, 5, 11], [6, 20, 7, 19], [8, 22, 9, 21], [10, 6, 11, 5], [12, 18, 13, 17], [14, 1, 15, 2], [16, 23, 17, 24]]"
12a_1125_129,"[[16, 23, 17, 24], [18, 4, 19, 3], [20, 8, 21, 7], [22, 10, 23, 9], [24, 15, 1, 16], [2, 13, 3, 14], [4, 12, 5, 11], [6, 20, 7, 19], [8, 22, 9, 21], [10, 6, 11, 5], [12, 18, 13, 17], [14, 1, 15, 2]]"
12a_1125_130,"[[14, 1, 15, 2], [16, 23, 17, 24], [18, 4, 19, 3], [20, 8, 21, 7], [22, 10, 23, 9], [24, 15, 1, 16], [2, 13, 3, 14], [4, 12, 5, 11], [6, 20, 7, 19], [8, 22, 9, 21], [10, 6, 11, 5], [12, 18, 13, 17]]"
12a_1125_131,"[[12, 18, 13, 17], [14, 1, 15, 2], [16, 23, 17, 24], [18, 4, 19, 3], [20, 8, 21, 7], [22, 10, 23, 9], [24, 15, 1, 16], [2, 13, 3, 14], [4, 12, 5, 11], [6, 20, 7, 19], [8, 22, 9, 21], [10, 6, 11, 5]]"
12a_1125_132,"[[11, 7, 12, 6], [13, 19, 14, 18], [15, 2, 16, 3], [17, 24, 18, 1], [19, 5, 20, 4], [21, 9, 22, 8], [23, 11, 24, 10], [1, 16, 2, 17], [3, 14, 4, 15], [5, 13, 6, 12], [7, 21, 8, 20], [9, 23, 10, 22]]"
12a_1125_133,"[[9, 23, 10, 22], [11, 7, 12, 6], [13, 19, 14, 18], [15, 2, 16, 3], [17, 24, 18, 1], [19, 5, 20, 4], [21, 9, 22, 8], [23, 11, 24, 10], [1, 16, 2, 17], [3, 14, 4, 15], [5, 13, 6, 12], [7, 21, 8, 20]]"
12a_1125_134,"[[7, 21, 8, 20], [9, 23, 10, 22], [11, 7, 12, 6], [13, 19, 14, 18], [15, 2, 16, 3], [17, 24, 18, 1], [19, 5, 20, 4], [21, 9, 22, 8], [23, 11, 24, 10], [1, 16, 2, 17], [3, 14, 4, 15], [5, 13, 6, 12]]"
12a_1125_135,"[[5, 13, 6, 12], [7, 21, 8, 20], [9, 23, 10, 22], [11, 7, 12, 6], [13, 19, 14, 18], [15, 2, 16, 3], [17, 24, 18, 1], [19, 5, 20, 4], [21, 9, 22, 8], [23, 11, 24, 10], [1, 16, 2, 17], [3, 14, 4, 15]]"
12a_1125_136,"[[3, 14, 4, 15], [5, 13, 6, 12], [7, 21, 8, 20], [9, 23, 10, 22], [11, 7, 12, 6], [13, 19, 14, 18], [15, 2, 16, 3], [17, 24, 18, 1], [19, 5, 20, 4], [21, 9, 22, 8], [23, 11, 24, 10], [1, 16, 2, 17]]"
12a_1125_137,"[[1, 16, 2, 17], [3, 14, 4, 15], [5, 13, 6, 12], [7, 21, 8, 20], [9, 23, 10, 22], [11, 7, 12, 6], [13, 19, 14, 18], [15, 2, 16, 3], [17, 24, 18, 1], [19, 5, 20, 4], [21, 9, 22, 8], [23, 11, 24, 10]]"
12a_1125_138,"[[23, 11, 24, 10], [1, 16, 2, 17], [3, 14, 4, 15], [5, 13, 6, 12], [7, 21, 8, 20], [9, 23, 10, 22], [11, 7, 12, 6], [13, 19, 14, 18], [15, 2, 16, 3], [17, 24, 18, 1], [19, 5, 20, 4], [21, 9, 22, 8]]"
12a_1125_139,"[[21, 9, 22, 8], [23, 11, 24, 10], [1, 16, 2, 17], [3, 14, 4, 15], [5, 13, 6, 12], [7, 21, 8, 20], [9, 23, 10, 22], [11, 7, 12, 6], [13, 19, 14, 18], [15, 2, 16, 3], [17, 24, 18, 1], [19, 5, 20, 4]]"
12a_1125_140,"[[19, 5, 20, 4], [21, 9, 22, 8], [23, 11, 24, 10], [1, 16, 2, 17], [3, 14, 4, 15], [5, 13, 6, 12], [7, 21, 8, 20], [9, 23, 10, 22], [11, 7, 12, 6], [13, 19, 14, 18], [15, 2, 16, 3], [17, 24, 18, 1]]"
12a_1125_141,"[[17, 24, 18, 1], [19, 5, 20, 4], [21, 9, 22, 8], [23, 11, 24, 10], [1, 16, 2, 17], [3, 14, 4, 15], [5, 13, 6, 12], [7, 21, 8, 20], [9, 23, 10, 22], [11, 7, 12, 6], [13, 19, 14, 18], [15, 2, 16, 3]]"
12a_1125_142,"[[15, 2, 16, 3], [17, 24, 18, 1], [19, 5, 20, 4], [21, 9, 22, 8], [23, 11, 24, 10], [1, 16, 2, 17], [3, 14, 4, 15], [5, 13, 6, 12], [7, 21, 8, 20], [9, 23, 10, 22], [11, 7, 12, 6], [13, 19, 14, 18]]"
12a_1125_143,"[[13, 19, 14, 18], [15, 2, 16, 3], [17, 24, 18, 1], [19, 5, 20, 4], [21, 9, 22, 8], [23, 11, 24, 10], [1, 16, 2, 17], [3, 14, 4, 15], [5, 13, 6, 12], [7, 21, 8, 20], [9, 23, 10, 22], [11, 7, 12, 6]]"
12a_1125_144,"[[12, 8, 13, 7], [14, 20, 15, 19], [16, 3, 17, 4], [18, 1, 19, 2], [20, 6, 21, 5], [22, 10, 23, 9], [24, 12, 1, 11], [2, 17, 3, 18], [4, 15, 5, 16], [6, 14, 7, 13], [8, 22, 9, 21], [10, 24, 11, 23]]"
12a_1125_145,"[[10, 24, 11, 23], [12, 8, 13, 7], [14, 20, 15, 19], [16, 3, 17, 4], [18, 1, 19, 2], [20, 6, 21, 5], [22, 10, 23, 9], [24, 12, 1, 11], [2, 17, 3, 18], [4, 15, 5, 16], [6, 14, 7, 13], [8, 22, 9, 21]]"
12a_1125_146,"[[8, 22, 9, 21], [10, 24, 11, 23], [12, 8, 13, 7], [14, 20, 15, 19], [16, 3, 17, 4], [18, 1, 19, 2], [20, 6, 21, 5], [22, 10, 23, 9], [24, 12, 1, 11], [2, 17, 3, 18], [4, 15, 5, 16], [6, 14, 7, 13]]"
12a_1125_147,"[[6, 14, 7, 13], [8, 22, 9, 21], [10, 24, 11, 23], [12, 8, 13, 7], [14, 20, 15, 19], [16, 3, 17, 4], [18, 1, 19, 2], [20, 6, 21, 5], [22, 10, 23, 9], [24, 12, 1, 11], [2, 17, 3, 18], [4, 15, 5, 16]]"
12a_1125_148,"[[4, 15, 5, 16], [6, 14, 7, 13], [8, 22, 9, 21], [10, 24, 11, 23], [12, 8, 13, 7], [14, 20, 15, 19], [16, 3, 17, 4], [18, 1, 19, 2], [20, 6, 21, 5], [22, 10, 23, 9], [24, 12, 1, 11], [2, 17, 3, 18]]"
12a_1125_149,"[[2, 17, 3, 18], [4, 15, 5, 16], [6, 14, 7, 13], [8, 22, 9, 21], [10, 24, 11, 23], [12, 8, 13, 7], [14, 20, 15, 19], [16, 3, 17, 4], [18, 1, 19, 2], [20, 6, 21, 5], [22, 10, 23, 9], [24, 12, 1, 11]]"
12a_1125_150,"[[24, 12, 1, 11], [2, 17, 3, 18], [4, 15, 5, 16], [6, 14, 7, 13], [8, 22, 9, 21], [10, 24, 11, 23], [12, 8, 13, 7], [14, 20, 15, 19], [16, 3, 17, 4], [18, 1, 19, 2], [20, 6, 21, 5], [22, 10, 23, 9]]"
12a_1125_151,"[[22, 10, 23, 9], [24, 12, 1, 11], [2, 17, 3, 18], [4, 15, 5, 16], [6, 14, 7, 13], [8, 22, 9, 21], [10, 24, 11, 23], [12, 8, 13, 7], [14, 20, 15, 19], [16, 3, 17, 4], [18, 1, 19, 2], [20, 6, 21, 5]]"
12a_1125_152,"[[20, 6, 21, 5], [22, 10, 23, 9], [24, 12, 1, 11], [2, 17, 3, 18], [4, 15, 5, 16], [6, 14, 7, 13], [8, 22, 9, 21], [10, 24, 11, 23], [12, 8, 13, 7], [14, 20, 15, 19], [16, 3, 17, 4], [18, 1, 19, 2]]"
12a_1125_153,"[[18, 1, 19, 2], [20, 6, 21, 5], [22, 10, 23, 9], [24, 12, 1, 11], [2, 17, 3, 18], [4, 15, 5, 16], [6, 14, 7, 13], [8, 22, 9, 21], [10, 24, 11, 23], [12, 8, 13, 7], [14, 20, 15, 19], [16, 3, 17, 4]]"
12a_1125_154,"[[16, 3, 17, 4], [18, 1, 19, 2], [20, 6, 21, 5], [22, 10, 23, 9], [24, 12, 1, 11], [2, 17, 3, 18], [4, 15, 5, 16], [6, 14, 7, 13], [8, 22, 9, 21], [10, 24, 11, 23], [12, 8, 13, 7], [14, 20, 15, 19]]"
12a_1125_155,"[[14, 20, 15, 19], [16, 3, 17, 4], [18, 1, 19, 2], [20, 6, 21, 5], [22, 10, 23, 9], [24, 12, 1, 11], [2, 17, 3, 18], [4, 15, 5, 16], [6, 14, 7, 13], [8, 22, 9, 21], [10, 24, 11, 23], [12, 8, 13, 7]]"
12a_1125_156,"[[13, 9, 14, 8], [15, 21, 16, 20], [17, 4, 18, 5], [19, 2, 20, 3], [21, 7, 22, 6], [23, 11, 24, 10], [1, 13, 2, 12], [3, 18, 4, 19], [5, 16, 6, 17], [7, 15, 8, 14], [9, 23, 10, 22], [11, 1, 12, 24]]"
12a_1125_157,"[[11, 1, 12, 24], [13, 9, 14, 8], [15, 21, 16, 20], [17, 4, 18, 5], [19, 2, 20, 3], [21, 7, 22, 6], [23, 11, 24, 10], [1, 13, 2, 12], [3, 18, 4, 19], [5, 16, 6, 17], [7, 15, 8, 14], [9, 23, 10, 22]]"
12a_1125_158,"[[9, 23, 10, 22], [11, 1, 12, 24], [13, 9, 14, 8], [15, 21, 16, 20], [17, 4, 18, 5], [19, 2, 20, 3], [21, 7, 22, 6], [23, 11, 24, 10], [1, 13, 2, 12], [3, 18, 4, 19], [5, 16, 6, 17], [7, 15, 8, 14]]"
12a_1125_159,"[[7, 15, 8, 14], [9, 23, 10, 22], [11, 1, 12, 24], [13, 9, 14, 8], [15, 21, 16, 20], [17, 4, 18, 5], [19, 2, 20, 3], [21, 7, 22, 6], [23, 11, 24, 10], [1, 13, 2, 12], [3, 18, 4, 19], [5, 16, 6, 17]]"
12a_1125_160,"[[5, 16, 6, 17], [7, 15, 8, 14], [9, 23, 10, 22], [11, 1, 12, 24], [13, 9, 14, 8], [15, 21, 16, 20], [17, 4, 18, 5], [19, 2, 20, 3], [21, 7, 22, 6], [23, 11, 24, 10], [1, 13, 2, 12], [3, 18, 4, 19]]"
12a_1125_161,"[[3, 18, 4, 19], [5, 16, 6, 17], [7, 15, 8, 14], [9, 23, 10, 22], [11, 1, 12, 24], [13, 9, 14, 8], [15, 21, 16, 20], [17, 4, 18, 5], [19, 2, 20, 3], [21, 7, 22, 6], [23, 11, 24, 10], [1, 13, 2, 12]]"
12a_1125_162,"[[1, 13, 2, 12], [3, 18, 4, 19], [5, 16, 6, 17], [7, 15, 8, 14], [9, 23, 10, 22], [11, 1, 12, 24], [13, 9, 14, 8], [15, 21, 16, 20], [17, 4, 18, 5], [19, 2, 20, 3], [21, 7, 22, 6], [23, 11, 24, 10]]"
12a_1125_163,"[[23, 11, 24, 10], [1, 13, 2, 12], [3, 18, 4, 19], [5, 16, 6, 17], [7, 15, 8, 14], [9, 23, 10, 22], [11, 1, 12, 24], [13, 9, 14, 8], [15, 21, 16, 20], [17, 4, 18, 5], [19, 2, 20, 3], [21, 7, 22, 6]]"
12a_1125_164,"[[21, 7, 22, 6], [23, 11, 24, 10], [1, 13, 2, 12], [3, 18, 4, 19], [5, 16, 6, 17], [7, 15, 8, 14], [9, 23, 10, 22], [11, 1, 12, 24], [13, 9, 14, 8], [15, 21, 16, 20], [17, 4, 18, 5], [19, 2, 20, 3]]"
12a_1125_165,"[[19, 2, 20, 3], [21, 7, 22, 6], [23, 11, 24, 10], [1, 13, 2, 12], [3, 18, 4, 19], [5, 16, 6, 17], [7, 15, 8, 14], [9, 23, 10, 22], [11, 1, 12, 24], [13, 9, 14, 8], [15, 21, 16, 20], [17, 4, 18, 5]]"
12a_1125_166,"[[17, 4, 18, 5], [19, 2, 20, 3], [21, 7, 22, 6], [23, 11, 24, 10], [1, 13, 2, 12], [3, 18, 4, 19], [5, 16, 6, 17], [7, 15, 8, 14], [9, 23, 10, 22], [11, 1, 12, 24], [13, 9, 14, 8], [15, 21, 16, 20]]"
12a_1125_167,"[[15, 21, 16, 20], [17, 4, 18, 5], [19, 2, 20, 3], [21, 7, 22, 6], [23, 11, 24, 10], [1, 13, 2, 12], [3, 18, 4, 19], [5, 16, 6, 17], [7, 15, 8, 14], [9, 23, 10, 22], [11, 1, 12, 24], [13, 9, 14, 8]]"
12a_1125_168,"[[14, 10, 15, 9], [16, 22, 17, 21], [18, 5, 19, 6], [20, 3, 21, 4], [22, 8, 23, 7], [24, 12, 1, 11], [2, 14, 3, 13], [4, 19, 5, 20], [6, 17, 7, 18], [8, 16, 9, 15], [10, 24, 11, 23], [12, 2, 13, 1]]"
12a_1125_169,"[[12, 2, 13, 1], [14, 10, 15, 9], [16, 22, 17, 21], [18, 5, 19, 6], [20, 3, 21, 4], [22, 8, 23, 7], [24, 12, 1, 11], [2, 14, 3, 13], [4, 19, 5, 20], [6, 17, 7, 18], [8, 16, 9, 15], [10, 24, 11, 23]]"
12a_1125_170,"[[10, 24, 11, 23], [12, 2, 13, 1], [14, 10, 15, 9], [16, 22, 17, 21], [18, 5, 19, 6], [20, 3, 21, 4], [22, 8, 23, 7], [24, 12, 1, 11], [2, 14, 3, 13], [4, 19, 5, 20], [6, 17, 7, 18], [8, 16, 9, 15]]"
12a_1125_171,"[[8, 16, 9, 15], [10, 24, 11, 23], [12, 2, 13, 1], [14, 10, 15, 9], [16, 22, 17, 21], [18, 5, 19, 6], [20, 3, 21, 4], [22, 8, 23, 7], [24, 12, 1, 11], [2, 14, 3, 13], [4, 19, 5, 20], [6, 17, 7, 18]]"
12a_1125_172,"[[6, 17, 7, 18], [8, 16, 9, 15], [10, 24, 11, 23], [12, 2, 13, 1], [14, 10, 15, 9], [16, 22, 17, 21], [18, 5, 19, 6], [20, 3, 21, 4], [22, 8, 23, 7], [24, 12, 1, 11], [2, 14, 3, 13], [4, 19, 5, 20]]"
12a_1125_173,"[[4, 19, 5, 20], [6, 17, 7, 18], [8, 16, 9, 15], [10, 24, 11, 23], [12, 2, 13, 1], [14, 10, 15, 9], [16, 22, 17, 21], [18, 5, 19, 6], [20, 3, 21, 4], [22, 8, 23, 7], [24, 12, 1, 11], [2, 14, 3, 13]]"
12a_1125_174,"[[2, 14, 3, 13], [4, 19, 5, 20], [6, 17, 7, 18], [8, 16, 9, 15], [10, 24, 11, 23], [12, 2, 13, 1], [14, 10, 15, 9], [16, 22, 17, 21], [18, 5, 19, 6], [20, 3, 21, 4], [22, 8, 23, 7], [24, 12, 1, 11]]"
12a_1125_175,"[[24, 12, 1, 11], [2, 14, 3, 13], [4, 19, 5, 20], [6, 17, 7, 18], [8, 16, 9, 15], [10, 24, 11, 23], [12, 2, 13, 1], [14, 10, 15, 9], [16, 22, 17, 21], [18, 5, 19, 6], [20, 3, 21, 4], [22, 8, 23, 7]]"
12a_1125_176,"[[22, 8, 23, 7], [24, 12, 1, 11], [2, 14, 3, 13], [4, 19, 5, 20], [6, 17, 7, 18], [8, 16, 9, 15], [10, 24, 11, 23], [12, 2, 13, 1], [14, 10, 15, 9], [16, 22, 17, 21], [18, 5, 19, 6], [20, 3, 21, 4]]"
12a_1125_177,"[[20, 3, 21, 4], [22, 8, 23, 7], [24, 12, 1, 11], [2, 14, 3, 13], [4, 19, 5, 20], [6, 17, 7, 18], [8, 16, 9, 15], [10, 24, 11, 23], [12, 2, 13, 1], [14, 10, 15, 9], [16, 22, 17, 21], [18, 5, 19, 6]]"
12a_1125_178,"[[18, 5, 19, 6], [20, 3, 21, 4], [22, 8, 23, 7], [24, 12, 1, 11], [2, 14, 3, 13], [4, 19, 5, 20], [6, 17, 7, 18], [8, 16, 9, 15], [10, 24, 11, 23], [12, 2, 13, 1], [14, 10, 15, 9], [16, 22, 17, 21]]"
12a_1125_179,"[[16, 22, 17, 21], [18, 5, 19, 6], [20, 3, 21, 4], [22, 8, 23, 7], [24, 12, 1, 11], [2, 14, 3, 13], [4, 19, 5, 20], [6, 17, 7, 18], [8, 16, 9, 15], [10, 24, 11, 23], [12, 2, 13, 1], [14, 10, 15, 9]]"
12a_1125_180,"[[15, 11, 16, 10], [17, 23, 18, 22], [19, 6, 20, 7], [21, 4, 22, 5], [23, 9, 24, 8], [1, 13, 2, 12], [3, 15, 4, 14], [5, 20, 6, 21], [7, 18, 8, 19], [9, 17, 10, 16], [11, 1, 12, 24], [13, 3, 14, 2]]"
12a_1125_181,"[[13, 3, 14, 2], [15, 11, 16, 10], [17, 23, 18, 22], [19, 6, 20, 7], [21, 4, 22, 5], [23, 9, 24, 8], [1, 13, 2, 12], [3, 15, 4, 14], [5, 20, 6, 21], [7, 18, 8, 19], [9, 17, 10, 16], [11, 1, 12, 24]]"
12a_1125_182,"[[11, 1, 12, 24], [13, 3, 14, 2], [15, 11, 16, 10], [17, 23, 18, 22], [19, 6, 20, 7], [21, 4, 22, 5], [23, 9, 24, 8], [1, 13, 2, 12], [3, 15, 4, 14], [5, 20, 6, 21], [7, 18, 8, 19], [9, 17, 10, 16]]"
12a_1125_183,"[[9, 17, 10, 16], [11, 1, 12, 24], [13, 3, 14, 2], [15, 11, 16, 10], [17, 23, 18, 22], [19, 6, 20, 7], [21, 4, 22, 5], [23, 9, 24, 8], [1, 13, 2, 12], [3, 15, 4, 14], [5, 20, 6, 21], [7, 18, 8, 19]]"
12a_1125_184,"[[7, 18, 8, 19], [9, 17, 10, 16], [11, 1, 12, 24], [13, 3, 14, 2], [15, 11, 16, 10], [17, 23, 18, 22], [19, 6, 20, 7], [21, 4, 22, 5], [23, 9, 24, 8], [1, 13, 2, 12], [3, 15, 4, 14], [5, 20, 6, 21]]"
12a_1125_185,"[[5, 20, 6, 21], [7, 18, 8, 19], [9, 17, 10, 16], [11, 1, 12, 24], [13, 3, 14, 2], [15, 11, 16, 10], [17, 23, 18, 22], [19, 6, 20, 7], [21, 4, 22, 5], [23, 9, 24, 8], [1, 13, 2, 12], [3, 15, 4, 14]]"
