name,pd_notation
12a_1010_0,"[[24, 10, 1, 9], [2, 8, 3, 7], [4, 11, 5, 12], [6, 24, 7, 23], [8, 2, 9, 1], [10, 17, 11, 18], [12, 20, 13, 19], [14, 22, 15, 21], [16, 5, 17, 6], [18, 4, 19, 3], [20, 16, 21, 15], [22, 14, 23, 13]]"
12a_1010_1,"[[22, 14, 23, 13], [24, 10, 1, 9], [2, 8, 3, 7], [4, 11, 5, 12], [6, 24, 7, 23], [8, 2, 9, 1], [10, 17, 11, 18], [12, 20, 13, 19], [14, 22, 15, 21], [16, 5, 17, 6], [18, 4, 19, 3], [20, 16, 21, 15]]"
12a_1010_2,"[[20, 16, 21, 15], [22, 14, 23, 13], [24, 10, 1, 9], [2, 8, 3, 7], [4, 11, 5, 12], [6, 24, 7, 23], [8, 2, 9, 1], [10, 17, 11, 18], [12, 20, 13, 19], [14, 22, 15, 21], [16, 5, 17, 6], [18, 4, 19, 3]]"
12a_1010_3,"[[18, 4, 19, 3], [20, 16, 21, 15], [22, 14, 23, 13], [24, 10, 1, 9], [2, 8, 3, 7], [4, 11, 5, 12], [6, 24, 7, 23], [8, 2, 9, 1], [10, 17, 11, 18], [12, 20, 13, 19], [14, 22, 15, 21], [16, 5, 17, 6]]"
12a_1010_4,"[[16, 5, 17, 6], [18, 4, 19, 3], [20, 16, 21, 15], [22, 14, 23, 13], [24, 10, 1, 9], [2, 8, 3, 7], [4, 11, 5, 12], [6, 24, 7, 23], [8, 2, 9, 1], [10, 17, 11, 18], [12, 20, 13, 19], [14, 22, 15, 21]]"
12a_1010_5,"[[14, 22, 15, 21], [16, 5, 17, 6], [18, 4, 19, 3], [20, 16, 21, 15], [22, 14, 23, 13], [24, 10, 1, 9], [2, 8, 3, 7], [4, 11, 5, 12], [6, 24, 7, 23], [8, 2, 9, 1], [10, 17, 11, 18], [12, 20, 13, 19]]"
12a_1010_6,"[[12, 20, 13, 19], [14, 22, 15, 21], [16, 5, 17, 6], [18, 4, 19, 3], [20, 16, 21, 15], [22, 14, 23, 13], [24, 10, 1, 9], [2, 8, 3, 7], [4, 11, 5, 12], [6, 24, 7, 23], [8, 2, 9, 1], [10, 17, 11, 18]]"
12a_1010_7,"[[10, 17, 11, 18], [12, 20, 13, 19], [14, 22, 15, 21], [16, 5, 17, 6], [18, 4, 19, 3], [20, 16, 21, 15], [22, 14, 23, 13], [24, 10, 1, 9], [2, 8, 3, 7], [4, 11, 5, 12], [6, 24, 7, 23], [8, 2, 9, 1]]"
12a_1010_8,"[[8, 2, 9, 1], [10, 17, 11, 18], [12, 20, 13, 19], [14, 22, 15, 21], [16, 5, 17, 6], [18, 4, 19, 3], [20, 16, 21, 15], [22, 14, 23, 13], [24, 10, 1, 9], [2, 8, 3, 7], [4, 11, 5, 12], [6, 24, 7, 23]]"
12a_1010_9,"[[6, 24, 7, 23], [8, 2, 9, 1], [10, 17, 11, 18], [12, 20, 13, 19], [14, 22, 15, 21], [16, 5, 17, 6], [18, 4, 19, 3], [20, 16, 21, 15], [22, 14, 23, 13], [24, 10, 1, 9], [2, 8, 3, 7], [4, 11, 5, 12]]"
12a_1010_10,"[[4, 11, 5, 12], [6, 24, 7, 23], [8, 2, 9, 1], [10, 17, 11, 18], [12, 20, 13, 19], [14, 22, 15, 21], [16, 5, 17, 6], [18, 4, 19, 3], [20, 16, 21, 15], [22, 14, 23, 13], [24, 10, 1, 9], [2, 8, 3, 7]]"
12a_1010_11,"[[2, 8, 3, 7], [4, 11, 5, 12], [6, 24, 7, 23], [8, 2, 9, 1], [10, 17, 11, 18], [12, 20, 13, 19], [14, 22, 15, 21], [16, 5, 17, 6], [18, 4, 19, 3], [20, 16, 21, 15], [22, 14, 23, 13], [24, 10, 1, 9]]"
12a_1010_12,"[[1, 11, 2, 10], [3, 9, 4, 8], [5, 12, 6, 13], [7, 1, 8, 24], [9, 3, 10, 2], [11, 18, 12, 19], [13, 21, 14, 20], [15, 23, 16, 22], [17, 6, 18, 7], [19, 5, 20, 4], [21, 17, 22, 16], [23, 15, 24, 14]]"
12a_1010_13,"[[23, 15, 24, 14], [1, 11, 2, 10], [3, 9, 4, 8], [5, 12, 6, 13], [7, 1, 8, 24], [9, 3, 10, 2], [11, 18, 12, 19], [13, 21, 14, 20], [15, 23, 16, 22], [17, 6, 18, 7], [19, 5, 20, 4], [21, 17, 22, 16]]"
12a_1010_14,"[[21, 17, 22, 16], [23, 15, 24, 14], [1, 11, 2, 10], [3, 9, 4, 8], [5, 12, 6, 13], [7, 1, 8, 24], [9, 3, 10, 2], [11, 18, 12, 19], [13, 21, 14, 20], [15, 23, 16, 22], [17, 6, 18, 7], [19, 5, 20, 4]]"
12a_1010_15,"[[19, 5, 20, 4], [21, 17, 22, 16], [23, 15, 24, 14], [1, 11, 2, 10], [3, 9, 4, 8], [5, 12, 6, 13], [7, 1, 8, 24], [9, 3, 10, 2], [11, 18, 12, 19], [13, 21, 14, 20], [15, 23, 16, 22], [17, 6, 18, 7]]"
12a_1010_16,"[[17, 6, 18, 7], [19, 5, 20, 4], [21, 17, 22, 16], [23, 15, 24, 14], [1, 11, 2, 10], [3, 9, 4, 8], [5, 12, 6, 13], [7, 1, 8, 24], [9, 3, 10, 2], [11, 18, 12, 19], [13, 21, 14, 20], [15, 23, 16, 22]]"
12a_1010_17,"[[15, 23, 16, 22], [17, 6, 18, 7], [19, 5, 20, 4], [21, 17, 22, 16], [23, 15, 24, 14], [1, 11, 2, 10], [3, 9, 4, 8], [5, 12, 6, 13], [7, 1, 8, 24], [9, 3, 10, 2], [11, 18, 12, 19], [13, 21, 14, 20]]"
12a_1010_18,"[[13, 21, 14, 20], [15, 23, 16, 22], [17, 6, 18, 7], [19, 5, 20, 4], [21, 17, 22, 16], [23, 15, 24, 14], [1, 11, 2, 10], [3, 9, 4, 8], [5, 12, 6, 13], [7, 1, 8, 24], [9, 3, 10, 2], [11, 18, 12, 19]]"
12a_1010_19,"[[11, 18, 12, 19], [13, 21, 14, 20], [15, 23, 16, 22], [17, 6, 18, 7], [19, 5, 20, 4], [21, 17, 22, 16], [23, 15, 24, 14], [1, 11, 2, 10], [3, 9, 4, 8], [5, 12, 6, 13], [7, 1, 8, 24], [9, 3, 10, 2]]"
12a_1010_20,"[[9, 3, 10, 2], [11, 18, 12, 19], [13, 21, 14, 20], [15, 23, 16, 22], [17, 6, 18, 7], [19, 5, 20, 4], [21, 17, 22, 16], [23, 15, 24, 14], [1, 11, 2, 10], [3, 9, 4, 8], [5, 12, 6, 13], [7, 1, 8, 24]]"
12a_1010_21,"[[7, 1, 8, 24], [9, 3, 10, 2], [11, 18, 12, 19], [13, 21, 14, 20], [15, 23, 16, 22], [17, 6, 18, 7], [19, 5, 20, 4], [21, 17, 22, 16], [23, 15, 24, 14], [1, 11, 2, 10], [3, 9, 4, 8], [5, 12, 6, 13]]"
12a_1010_22,"[[5, 12, 6, 13], [7, 1, 8, 24], [9, 3, 10, 2], [11, 18, 12, 19], [13, 21, 14, 20], [15, 23, 16, 22], [17, 6, 18, 7], [19, 5, 20, 4], [21, 17, 22, 16], [23, 15, 24, 14], [1, 11, 2, 10], [3, 9, 4, 8]]"
12a_1010_23,"[[3, 9, 4, 8], [5, 12, 6, 13], [7, 1, 8, 24], [9, 3, 10, 2], [11, 18, 12, 19], [13, 21, 14, 20], [15, 23, 16, 22], [17, 6, 18, 7], [19, 5, 20, 4], [21, 17, 22, 16], [23, 15, 24, 14], [1, 11, 2, 10]]"
12a_1010_24,"[[2, 12, 3, 11], [4, 10, 5, 9], [6, 13, 7, 14], [8, 2, 9, 1], [10, 4, 11, 3], [12, 19, 13, 20], [14, 22, 15, 21], [16, 24, 17, 23], [18, 7, 19, 8], [20, 6, 21, 5], [22, 18, 23, 17], [24, 16, 1, 15]]"
12a_1010_25,"[[24, 16, 1, 15], [2, 12, 3, 11], [4, 10, 5, 9], [6, 13, 7, 14], [8, 2, 9, 1], [10, 4, 11, 3], [12, 19, 13, 20], [14, 22, 15, 21], [16, 24, 17, 23], [18, 7, 19, 8], [20, 6, 21, 5], [22, 18, 23, 17]]"
12a_1010_26,"[[22, 18, 23, 17], [24, 16, 1, 15], [2, 12, 3, 11], [4, 10, 5, 9], [6, 13, 7, 14], [8, 2, 9, 1], [10, 4, 11, 3], [12, 19, 13, 20], [14, 22, 15, 21], [16, 24, 17, 23], [18, 7, 19, 8], [20, 6, 21, 5]]"
12a_1010_27,"[[20, 6, 21, 5], [22, 18, 23, 17], [24, 16, 1, 15], [2, 12, 3, 11], [4, 10, 5, 9], [6, 13, 7, 14], [8, 2, 9, 1], [10, 4, 11, 3], [12, 19, 13, 20], [14, 22, 15, 21], [16, 24, 17, 23], [18, 7, 19, 8]]"
12a_1010_28,"[[18, 7, 19, 8], [20, 6, 21, 5], [22, 18, 23, 17], [24, 16, 1, 15], [2, 12, 3, 11], [4, 10, 5, 9], [6, 13, 7, 14], [8, 2, 9, 1], [10, 4, 11, 3], [12, 19, 13, 20], [14, 22, 15, 21], [16, 24, 17, 23]]"
12a_1010_29,"[[16, 24, 17, 23], [18, 7, 19, 8], [20, 6, 21, 5], [22, 18, 23, 17], [24, 16, 1, 15], [2, 12, 3, 11], [4, 10, 5, 9], [6, 13, 7, 14], [8, 2, 9, 1], [10, 4, 11, 3], [12, 19, 13, 20], [14, 22, 15, 21]]"
12a_1010_30,"[[14, 22, 15, 21], [16, 24, 17, 23], [18, 7, 19, 8], [20, 6, 21, 5], [22, 18, 23, 17], [24, 16, 1, 15], [2, 12, 3, 11], [4, 10, 5, 9], [6, 13, 7, 14], [8, 2, 9, 1], [10, 4, 11, 3], [12, 19, 13, 20]]"
12a_1010_31,"[[12, 19, 13, 20], [14, 22, 15, 21], [16, 24, 17, 23], [18, 7, 19, 8], [20, 6, 21, 5], [22, 18, 23, 17], [24, 16, 1, 15], [2, 12, 3, 11], [4, 10, 5, 9], [6, 13, 7, 14], [8, 2, 9, 1], [10, 4, 11, 3]]"
12a_1010_32,"[[10, 4, 11, 3], [12, 19, 13, 20], [14, 22, 15, 21], [16, 24, 17, 23], [18, 7, 19, 8], [20, 6, 21, 5], [22, 18, 23, 17], [24, 16, 1, 15], [2, 12, 3, 11], [4, 10, 5, 9], [6, 13, 7, 14], [8, 2, 9, 1]]"
12a_1010_33,"[[8, 2, 9, 1], [10, 4, 11, 3], [12, 19, 13, 20], [14, 22, 15, 21], [16, 24, 17, 23], [18, 7, 19, 8], [20, 6, 21, 5], [22, 18, 23, 17], [24, 16, 1, 15], [2, 12, 3, 11], [4, 10, 5, 9], [6, 13, 7, 14]]"
12a_1010_34,"[[6, 13, 7, 14], [8, 2, 9, 1], [10, 4, 11, 3], [12, 19, 13, 20], [14, 22, 15, 21], [16, 24, 17, 23], [18, 7, 19, 8], [20, 6, 21, 5], [22, 18, 23, 17], [24, 16, 1, 15], [2, 12, 3, 11], [4, 10, 5, 9]]"
12a_1010_35,"[[4, 10, 5, 9], [6, 13, 7, 14], [8, 2, 9, 1], [10, 4, 11, 3], [12, 19, 13, 20], [14, 22, 15, 21], [16, 24, 17, 23], [18, 7, 19, 8], [20, 6, 21, 5], [22, 18, 23, 17], [24, 16, 1, 15], [2, 12, 3, 11]]"
12a_1010_36,"[[3, 13, 4, 12], [5, 11, 6, 10], [7, 14, 8, 15], [9, 3, 10, 2], [11, 5, 12, 4], [13, 20, 14, 21], [15, 23, 16, 22], [17, 1, 18, 24], [19, 8, 20, 9], [21, 7, 22, 6], [23, 19, 24, 18], [1, 17, 2, 16]]"
12a_1010_37,"[[1, 17, 2, 16], [3, 13, 4, 12], [5, 11, 6, 10], [7, 14, 8, 15], [9, 3, 10, 2], [11, 5, 12, 4], [13, 20, 14, 21], [15, 23, 16, 22], [17, 1, 18, 24], [19, 8, 20, 9], [21, 7, 22, 6], [23, 19, 24, 18]]"
12a_1010_38,"[[23, 19, 24, 18], [1, 17, 2, 16], [3, 13, 4, 12], [5, 11, 6, 10], [7, 14, 8, 15], [9, 3, 10, 2], [11, 5, 12, 4], [13, 20, 14, 21], [15, 23, 16, 22], [17, 1, 18, 24], [19, 8, 20, 9], [21, 7, 22, 6]]"
12a_1010_39,"[[21, 7, 22, 6], [23, 19, 24, 18], [1, 17, 2, 16], [3, 13, 4, 12], [5, 11, 6, 10], [7, 14, 8, 15], [9, 3, 10, 2], [11, 5, 12, 4], [13, 20, 14, 21], [15, 23, 16, 22], [17, 1, 18, 24], [19, 8, 20, 9]]"
12a_1010_40,"[[19, 8, 20, 9], [21, 7, 22, 6], [23, 19, 24, 18], [1, 17, 2, 16], [3, 13, 4, 12], [5, 11, 6, 10], [7, 14, 8, 15], [9, 3, 10, 2], [11, 5, 12, 4], [13, 20, 14, 21], [15, 23, 16, 22], [17, 1, 18, 24]]"
12a_1010_41,"[[17, 1, 18, 24], [19, 8, 20, 9], [21, 7, 22, 6], [23, 19, 24, 18], [1, 17, 2, 16], [3, 13, 4, 12], [5, 11, 6, 10], [7, 14, 8, 15], [9, 3, 10, 2], [11, 5, 12, 4], [13, 20, 14, 21], [15, 23, 16, 22]]"
12a_1010_42,"[[15, 23, 16, 22], [17, 1, 18, 24], [19, 8, 20, 9], [21, 7, 22, 6], [23, 19, 24, 18], [1, 17, 2, 16], [3, 13, 4, 12], [5, 11, 6, 10], [7, 14, 8, 15], [9, 3, 10, 2], [11, 5, 12, 4], [13, 20, 14, 21]]"
12a_1010_43,"[[13, 20, 14, 21], [15, 23, 16, 22], [17, 1, 18, 24], [19, 8, 20, 9], [21, 7, 22, 6], [23, 19, 24, 18], [1, 17, 2, 16], [3, 13, 4, 12], [5, 11, 6, 10], [7, 14, 8, 15], [9, 3, 10, 2], [11, 5, 12, 4]]"
12a_1010_44,"[[11, 5, 12, 4], [13, 20, 14, 21], [15, 23, 16, 22], [17, 1, 18, 24], [19, 8, 20, 9], [21, 7, 22, 6], [23, 19, 24, 18], [1, 17, 2, 16], [3, 13, 4, 12], [5, 11, 6, 10], [7, 14, 8, 15], [9, 3, 10, 2]]"
12a_1010_45,"[[9, 3, 10, 2], [11, 5, 12, 4], [13, 20, 14, 21], [15, 23, 16, 22], [17, 1, 18, 24], [19, 8, 20, 9], [21, 7, 22, 6], [23, 19, 24, 18], [1, 17, 2, 16], [3, 13, 4, 12], [5, 11, 6, 10], [7, 14, 8, 15]]"
12a_1010_46,"[[7, 14, 8, 15], [9, 3, 10, 2], [11, 5, 12, 4], [13, 20, 14, 21], [15, 23, 16, 22], [17, 1, 18, 24], [19, 8, 20, 9], [21, 7, 22, 6], [23, 19, 24, 18], [1, 17, 2, 16], [3, 13, 4, 12], [5, 11, 6, 10]]"
12a_1010_47,"[[5, 11, 6, 10], [7, 14, 8, 15], [9, 3, 10, 2], [11, 5, 12, 4], [13, 20, 14, 21], [15, 23, 16, 22], [17, 1, 18, 24], [19, 8, 20, 9], [21, 7, 22, 6], [23, 19, 24, 18], [1, 17, 2, 16], [3, 13, 4, 12]]"
12a_1010_48,"[[4, 14, 5, 13], [6, 12, 7, 11], [8, 15, 9, 16], [10, 4, 11, 3], [12, 6, 13, 5], [14, 21, 15, 22], [16, 24, 17, 23], [18, 2, 19, 1], [20, 9, 21, 10], [22, 8, 23, 7], [24, 20, 1, 19], [2, 18, 3, 17]]"
12a_1010_49,"[[2, 18, 3, 17], [4, 14, 5, 13], [6, 12, 7, 11], [8, 15, 9, 16], [10, 4, 11, 3], [12, 6, 13, 5], [14, 21, 15, 22], [16, 24, 17, 23], [18, 2, 19, 1], [20, 9, 21, 10], [22, 8, 23, 7], [24, 20, 1, 19]]"
12a_1010_50,"[[24, 20, 1, 19], [2, 18, 3, 17], [4, 14, 5, 13], [6, 12, 7, 11], [8, 15, 9, 16], [10, 4, 11, 3], [12, 6, 13, 5], [14, 21, 15, 22], [16, 24, 17, 23], [18, 2, 19, 1], [20, 9, 21, 10], [22, 8, 23, 7]]"
12a_1010_51,"[[22, 8, 23, 7], [24, 20, 1, 19], [2, 18, 3, 17], [4, 14, 5, 13], [6, 12, 7, 11], [8, 15, 9, 16], [10, 4, 11, 3], [12, 6, 13, 5], [14, 21, 15, 22], [16, 24, 17, 23], [18, 2, 19, 1], [20, 9, 21, 10]]"
12a_1010_52,"[[20, 9, 21, 10], [22, 8, 23, 7], [24, 20, 1, 19], [2, 18, 3, 17], [4, 14, 5, 13], [6, 12, 7, 11], [8, 15, 9, 16], [10, 4, 11, 3], [12, 6, 13, 5], [14, 21, 15, 22], [16, 24, 17, 23], [18, 2, 19, 1]]"
12a_1010_53,"[[18, 2, 19, 1], [20, 9, 21, 10], [22, 8, 23, 7], [24, 20, 1, 19], [2, 18, 3, 17], [4, 14, 5, 13], [6, 12, 7, 11], [8, 15, 9, 16], [10, 4, 11, 3], [12, 6, 13, 5], [14, 21, 15, 22], [16, 24, 17, 23]]"
12a_1010_54,"[[16, 24, 17, 23], [18, 2, 19, 1], [20, 9, 21, 10], [22, 8, 23, 7], [24, 20, 1, 19], [2, 18, 3, 17], [4, 14, 5, 13], [6, 12, 7, 11], [8, 15, 9, 16], [10, 4, 11, 3], [12, 6, 13, 5], [14, 21, 15, 22]]"
12a_1010_55,"[[14, 21, 15, 22], [16, 24, 17, 23], [18, 2, 19, 1], [20, 9, 21, 10], [22, 8, 23, 7], [24, 20, 1, 19], [2, 18, 3, 17], [4, 14, 5, 13], [6, 12, 7, 11], [8, 15, 9, 16], [10, 4, 11, 3], [12, 6, 13, 5]]"
12a_1010_56,"[[12, 6, 13, 5], [14, 21, 15, 22], [16, 24, 17, 23], [18, 2, 19, 1], [20, 9, 21, 10], [22, 8, 23, 7], [24, 20, 1, 19], [2, 18, 3, 17], [4, 14, 5, 13], [6, 12, 7, 11], [8, 15, 9, 16], [10, 4, 11, 3]]"
12a_1010_57,"[[10, 4, 11, 3], [12, 6, 13, 5], [14, 21, 15, 22], [16, 24, 17, 23], [18, 2, 19, 1], [20, 9, 21, 10], [22, 8, 23, 7], [24, 20, 1, 19], [2, 18, 3, 17], [4, 14, 5, 13], [6, 12, 7, 11], [8, 15, 9, 16]]"
12a_1010_58,"[[8, 15, 9, 16], [10, 4, 11, 3], [12, 6, 13, 5], [14, 21, 15, 22], [16, 24, 17, 23], [18, 2, 19, 1], [20, 9, 21, 10], [22, 8, 23, 7], [24, 20, 1, 19], [2, 18, 3, 17], [4, 14, 5, 13], [6, 12, 7, 11]]"
12a_1010_59,"[[6, 12, 7, 11], [8, 15, 9, 16], [10, 4, 11, 3], [12, 6, 13, 5], [14, 21, 15, 22], [16, 24, 17, 23], [18, 2, 19, 1], [20, 9, 21, 10], [22, 8, 23, 7], [24, 20, 1, 19], [2, 18, 3, 17], [4, 14, 5, 13]]"
12a_1010_60,"[[5, 15, 6, 14], [7, 13, 8, 12], [9, 16, 10, 17], [11, 5, 12, 4], [13, 7, 14, 6], [15, 22, 16, 23], [17, 1, 18, 24], [19, 3, 20, 2], [21, 10, 22, 11], [23, 9, 24, 8], [1, 21, 2, 20], [3, 19, 4, 18]]"
12a_1010_61,"[[3, 19, 4, 18], [5, 15, 6, 14], [7, 13, 8, 12], [9, 16, 10, 17], [11, 5, 12, 4], [13, 7, 14, 6], [15, 22, 16, 23], [17, 1, 18, 24], [19, 3, 20, 2], [21, 10, 22, 11], [23, 9, 24, 8], [1, 21, 2, 20]]"
12a_1010_62,"[[1, 21, 2, 20], [3, 19, 4, 18], [5, 15, 6, 14], [7, 13, 8, 12], [9, 16, 10, 17], [11, 5, 12, 4], [13, 7, 14, 6], [15, 22, 16, 23], [17, 1, 18, 24], [19, 3, 20, 2], [21, 10, 22, 11], [23, 9, 24, 8]]"
12a_1010_63,"[[23, 9, 24, 8], [1, 21, 2, 20], [3, 19, 4, 18], [5, 15, 6, 14], [7, 13, 8, 12], [9, 16, 10, 17], [11, 5, 12, 4], [13, 7, 14, 6], [15, 22, 16, 23], [17, 1, 18, 24], [19, 3, 20, 2], [21, 10, 22, 11]]"
12a_1010_64,"[[21, 10, 22, 11], [23, 9, 24, 8], [1, 21, 2, 20], [3, 19, 4, 18], [5, 15, 6, 14], [7, 13, 8, 12], [9, 16, 10, 17], [11, 5, 12, 4], [13, 7, 14, 6], [15, 22, 16, 23], [17, 1, 18, 24], [19, 3, 20, 2]]"
12a_1010_65,"[[19, 3, 20, 2], [21, 10, 22, 11], [23, 9, 24, 8], [1, 21, 2, 20], [3, 19, 4, 18], [5, 15, 6, 14], [7, 13, 8, 12], [9, 16, 10, 17], [11, 5, 12, 4], [13, 7, 14, 6], [15, 22, 16, 23], [17, 1, 18, 24]]"
12a_1010_66,"[[17, 1, 18, 24], [19, 3, 20, 2], [21, 10, 22, 11], [23, 9, 24, 8], [1, 21, 2, 20], [3, 19, 4, 18], [5, 15, 6, 14], [7, 13, 8, 12], [9, 16, 10, 17], [11, 5, 12, 4], [13, 7, 14, 6], [15, 22, 16, 23]]"
12a_1010_67,"[[15, 22, 16, 23], [17, 1, 18, 24], [19, 3, 20, 2], [21, 10, 22, 11], [23, 9, 24, 8], [1, 21, 2, 20], [3, 19, 4, 18], [5, 15, 6, 14], [7, 13, 8, 12], [9, 16, 10, 17], [11, 5, 12, 4], [13, 7, 14, 6]]"
12a_1010_68,"[[13, 7, 14, 6], [15, 22, 16, 23], [17, 1, 18, 24], [19, 3, 20, 2], [21, 10, 22, 11], [23, 9, 24, 8], [1, 21, 2, 20], [3, 19, 4, 18], [5, 15, 6, 14], [7, 13, 8, 12], [9, 16, 10, 17], [11, 5, 12, 4]]"
12a_1010_69,"[[11, 5, 12, 4], [13, 7, 14, 6], [15, 22, 16, 23], [17, 1, 18, 24], [19, 3, 20, 2], [21, 10, 22, 11], [23, 9, 24, 8], [1, 21, 2, 20], [3, 19, 4, 18], [5, 15, 6, 14], [7, 13, 8, 12], [9, 16, 10, 17]]"
12a_1010_70,"[[9, 16, 10, 17], [11, 5, 12, 4], [13, 7, 14, 6], [15, 22, 16, 23], [17, 1, 18, 24], [19, 3, 20, 2], [21, 10, 22, 11], [23, 9, 24, 8], [1, 21, 2, 20], [3, 19, 4, 18], [5, 15, 6, 14], [7, 13, 8, 12]]"
12a_1010_71,"[[7, 13, 8, 12], [9, 16, 10, 17], [11, 5, 12, 4], [13, 7, 14, 6], [15, 22, 16, 23], [17, 1, 18, 24], [19, 3, 20, 2], [21, 10, 22, 11], [23, 9, 24, 8], [1, 21, 2, 20], [3, 19, 4, 18], [5, 15, 6, 14]]"
12a_1010_72,"[[6, 16, 7, 15], [8, 14, 9, 13], [10, 17, 11, 18], [12, 6, 13, 5], [14, 8, 15, 7], [16, 23, 17, 24], [18, 2, 19, 1], [20, 4, 21, 3], [22, 11, 23, 12], [24, 10, 1, 9], [2, 22, 3, 21], [4, 20, 5, 19]]"
12a_1010_73,"[[4, 20, 5, 19], [6, 16, 7, 15], [8, 14, 9, 13], [10, 17, 11, 18], [12, 6, 13, 5], [14, 8, 15, 7], [16, 23, 17, 24], [18, 2, 19, 1], [20, 4, 21, 3], [22, 11, 23, 12], [24, 10, 1, 9], [2, 22, 3, 21]]"
12a_1010_74,"[[2, 22, 3, 21], [4, 20, 5, 19], [6, 16, 7, 15], [8, 14, 9, 13], [10, 17, 11, 18], [12, 6, 13, 5], [14, 8, 15, 7], [16, 23, 17, 24], [18, 2, 19, 1], [20, 4, 21, 3], [22, 11, 23, 12], [24, 10, 1, 9]]"
12a_1010_75,"[[24, 10, 1, 9], [2, 22, 3, 21], [4, 20, 5, 19], [6, 16, 7, 15], [8, 14, 9, 13], [10, 17, 11, 18], [12, 6, 13, 5], [14, 8, 15, 7], [16, 23, 17, 24], [18, 2, 19, 1], [20, 4, 21, 3], [22, 11, 23, 12]]"
12a_1010_76,"[[22, 11, 23, 12], [24, 10, 1, 9], [2, 22, 3, 21], [4, 20, 5, 19], [6, 16, 7, 15], [8, 14, 9, 13], [10, 17, 11, 18], [12, 6, 13, 5], [14, 8, 15, 7], [16, 23, 17, 24], [18, 2, 19, 1], [20, 4, 21, 3]]"
12a_1010_77,"[[20, 4, 21, 3], [22, 11, 23, 12], [24, 10, 1, 9], [2, 22, 3, 21], [4, 20, 5, 19], [6, 16, 7, 15], [8, 14, 9, 13], [10, 17, 11, 18], [12, 6, 13, 5], [14, 8, 15, 7], [16, 23, 17, 24], [18, 2, 19, 1]]"
12a_1010_78,"[[18, 2, 19, 1], [20, 4, 21, 3], [22, 11, 23, 12], [24, 10, 1, 9], [2, 22, 3, 21], [4, 20, 5, 19], [6, 16, 7, 15], [8, 14, 9, 13], [10, 17, 11, 18], [12, 6, 13, 5], [14, 8, 15, 7], [16, 23, 17, 24]]"
12a_1010_79,"[[16, 23, 17, 24], [18, 2, 19, 1], [20, 4, 21, 3], [22, 11, 23, 12], [24, 10, 1, 9], [2, 22, 3, 21], [4, 20, 5, 19], [6, 16, 7, 15], [8, 14, 9, 13], [10, 17, 11, 18], [12, 6, 13, 5], [14, 8, 15, 7]]"
12a_1010_80,"[[14, 8, 15, 7], [16, 23, 17, 24], [18, 2, 19, 1], [20, 4, 21, 3], [22, 11, 23, 12], [24, 10, 1, 9], [2, 22, 3, 21], [4, 20, 5, 19], [6, 16, 7, 15], [8, 14, 9, 13], [10, 17, 11, 18], [12, 6, 13, 5]]"
12a_1010_81,"[[12, 6, 13, 5], [14, 8, 15, 7], [16, 23, 17, 24], [18, 2, 19, 1], [20, 4, 21, 3], [22, 11, 23, 12], [24, 10, 1, 9], [2, 22, 3, 21], [4, 20, 5, 19], [6, 16, 7, 15], [8, 14, 9, 13], [10, 17, 11, 18]]"
12a_1010_82,"[[10, 17, 11, 18], [12, 6, 13, 5], [14, 8, 15, 7], [16, 23, 17, 24], [18, 2, 19, 1], [20, 4, 21, 3], [22, 11, 23, 12], [24, 10, 1, 9], [2, 22, 3, 21], [4, 20, 5, 19], [6, 16, 7, 15], [8, 14, 9, 13]]"
12a_1010_83,"[[8, 14, 9, 13], [10, 17, 11, 18], [12, 6, 13, 5], [14, 8, 15, 7], [16, 23, 17, 24], [18, 2, 19, 1], [20, 4, 21, 3], [22, 11, 23, 12], [24, 10, 1, 9], [2, 22, 3, 21], [4, 20, 5, 19], [6, 16, 7, 15]]"
12a_1010_84,"[[7, 17, 8, 16], [9, 15, 10, 14], [11, 18, 12, 19], [13, 7, 14, 6], [15, 9, 16, 8], [17, 24, 18, 1], [19, 3, 20, 2], [21, 5, 22, 4], [23, 12, 24, 13], [1, 11, 2, 10], [3, 23, 4, 22], [5, 21, 6, 20]]"
12a_1010_85,"[[5, 21, 6, 20], [7, 17, 8, 16], [9, 15, 10, 14], [11, 18, 12, 19], [13, 7, 14, 6], [15, 9, 16, 8], [17, 24, 18, 1], [19, 3, 20, 2], [21, 5, 22, 4], [23, 12, 24, 13], [1, 11, 2, 10], [3, 23, 4, 22]]"
12a_1010_86,"[[3, 23, 4, 22], [5, 21, 6, 20], [7, 17, 8, 16], [9, 15, 10, 14], [11, 18, 12, 19], [13, 7, 14, 6], [15, 9, 16, 8], [17, 24, 18, 1], [19, 3, 20, 2], [21, 5, 22, 4], [23, 12, 24, 13], [1, 11, 2, 10]]"
12a_1010_87,"[[1, 11, 2, 10], [3, 23, 4, 22], [5, 21, 6, 20], [7, 17, 8, 16], [9, 15, 10, 14], [11, 18, 12, 19], [13, 7, 14, 6], [15, 9, 16, 8], [17, 24, 18, 1], [19, 3, 20, 2], [21, 5, 22, 4], [23, 12, 24, 13]]"
12a_1010_88,"[[23, 12, 24, 13], [1, 11, 2, 10], [3, 23, 4, 22], [5, 21, 6, 20], [7, 17, 8, 16], [9, 15, 10, 14], [11, 18, 12, 19], [13, 7, 14, 6], [15, 9, 16, 8], [17, 24, 18, 1], [19, 3, 20, 2], [21, 5, 22, 4]]"
12a_1010_89,"[[21, 5, 22, 4], [23, 12, 24, 13], [1, 11, 2, 10], [3, 23, 4, 22], [5, 21, 6, 20], [7, 17, 8, 16], [9, 15, 10, 14], [11, 18, 12, 19], [13, 7, 14, 6], [15, 9, 16, 8], [17, 24, 18, 1], [19, 3, 20, 2]]"
12a_1010_90,"[[19, 3, 20, 2], [21, 5, 22, 4], [23, 12, 24, 13], [1, 11, 2, 10], [3, 23, 4, 22], [5, 21, 6, 20], [7, 17, 8, 16], [9, 15, 10, 14], [11, 18, 12, 19], [13, 7, 14, 6], [15, 9, 16, 8], [17, 24, 18, 1]]"
12a_1010_91,"[[17, 24, 18, 1], [19, 3, 20, 2], [21, 5, 22, 4], [23, 12, 24, 13], [1, 11, 2, 10], [3, 23, 4, 22], [5, 21, 6, 20], [7, 17, 8, 16], [9, 15, 10, 14], [11, 18, 12, 19], [13, 7, 14, 6], [15, 9, 16, 8]]"
12a_1010_92,"[[15, 9, 16, 8], [17, 24, 18, 1], [19, 3, 20, 2], [21, 5, 22, 4], [23, 12, 24, 13], [1, 11, 2, 10], [3, 23, 4, 22], [5, 21, 6, 20], [7, 17, 8, 16], [9, 15, 10, 14], [11, 18, 12, 19], [13, 7, 14, 6]]"
12a_1010_93,"[[13, 7, 14, 6], [15, 9, 16, 8], [17, 24, 18, 1], [19, 3, 20, 2], [21, 5, 22, 4], [23, 12, 24, 13], [1, 11, 2, 10], [3, 23, 4, 22], [5, 21, 6, 20], [7, 17, 8, 16], [9, 15, 10, 14], [11, 18, 12, 19]]"
12a_1010_94,"[[11, 18, 12, 19], [13, 7, 14, 6], [15, 9, 16, 8], [17, 24, 18, 1], [19, 3, 20, 2], [21, 5, 22, 4], [23, 12, 24, 13], [1, 11, 2, 10], [3, 23, 4, 22], [5, 21, 6, 20], [7, 17, 8, 16], [9, 15, 10, 14]]"
12a_1010_95,"[[9, 15, 10, 14], [11, 18, 12, 19], [13, 7, 14, 6], [15, 9, 16, 8], [17, 24, 18, 1], [19, 3, 20, 2], [21, 5, 22, 4], [23, 12, 24, 13], [1, 11, 2, 10], [3, 23, 4, 22], [5, 21, 6, 20], [7, 17, 8, 16]]"
12a_1010_96,"[[8, 18, 9, 17], [10, 16, 11, 15], [12, 19, 13, 20], [14, 8, 15, 7], [16, 10, 17, 9], [18, 1, 19, 2], [20, 4, 21, 3], [22, 6, 23, 5], [24, 13, 1, 14], [2, 12, 3, 11], [4, 24, 5, 23], [6, 22, 7, 21]]"
12a_1010_97,"[[6, 22, 7, 21], [8, 18, 9, 17], [10, 16, 11, 15], [12, 19, 13, 20], [14, 8, 15, 7], [16, 10, 17, 9], [18, 1, 19, 2], [20, 4, 21, 3], [22, 6, 23, 5], [24, 13, 1, 14], [2, 12, 3, 11], [4, 24, 5, 23]]"
12a_1010_98,"[[4, 24, 5, 23], [6, 22, 7, 21], [8, 18, 9, 17], [10, 16, 11, 15], [12, 19, 13, 20], [14, 8, 15, 7], [16, 10, 17, 9], [18, 1, 19, 2], [20, 4, 21, 3], [22, 6, 23, 5], [24, 13, 1, 14], [2, 12, 3, 11]]"
12a_1010_99,"[[2, 12, 3, 11], [4, 24, 5, 23], [6, 22, 7, 21], [8, 18, 9, 17], [10, 16, 11, 15], [12, 19, 13, 20], [14, 8, 15, 7], [16, 10, 17, 9], [18, 1, 19, 2], [20, 4, 21, 3], [22, 6, 23, 5], [24, 13, 1, 14]]"
12a_1010_100,"[[24, 13, 1, 14], [2, 12, 3, 11], [4, 24, 5, 23], [6, 22, 7, 21], [8, 18, 9, 17], [10, 16, 11, 15], [12, 19, 13, 20], [14, 8, 15, 7], [16, 10, 17, 9], [18, 1, 19, 2], [20, 4, 21, 3], [22, 6, 23, 5]]"
12a_1010_101,"[[22, 6, 23, 5], [24, 13, 1, 14], [2, 12, 3, 11], [4, 24, 5, 23], [6, 22, 7, 21], [8, 18, 9, 17], [10, 16, 11, 15], [12, 19, 13, 20], [14, 8, 15, 7], [16, 10, 17, 9], [18, 1, 19, 2], [20, 4, 21, 3]]"
12a_1010_102,"[[20, 4, 21, 3], [22, 6, 23, 5], [24, 13, 1, 14], [2, 12, 3, 11], [4, 24, 5, 23], [6, 22, 7, 21], [8, 18, 9, 17], [10, 16, 11, 15], [12, 19, 13, 20], [14, 8, 15, 7], [16, 10, 17, 9], [18, 1, 19, 2]]"
12a_1010_103,"[[18, 1, 19, 2], [20, 4, 21, 3], [22, 6, 23, 5], [24, 13, 1, 14], [2, 12, 3, 11], [4, 24, 5, 23], [6, 22, 7, 21], [8, 18, 9, 17], [10, 16, 11, 15], [12, 19, 13, 20], [14, 8, 15, 7], [16, 10, 17, 9]]"
12a_1010_104,"[[16, 10, 17, 9], [18, 1, 19, 2], [20, 4, 21, 3], [22, 6, 23, 5], [24, 13, 1, 14], [2, 12, 3, 11], [4, 24, 5, 23], [6, 22, 7, 21], [8, 18, 9, 17], [10, 16, 11, 15], [12, 19, 13, 20], [14, 8, 15, 7]]"
12a_1010_105,"[[14, 8, 15, 7], [16, 10, 17, 9], [18, 1, 19, 2], [20, 4, 21, 3], [22, 6, 23, 5], [24, 13, 1, 14], [2, 12, 3, 11], [4, 24, 5, 23], [6, 22, 7, 21], [8, 18, 9, 17], [10, 16, 11, 15], [12, 19, 13, 20]]"
12a_1010_106,"[[12, 19, 13, 20], [14, 8, 15, 7], [16, 10, 17, 9], [18, 1, 19, 2], [20, 4, 21, 3], [22, 6, 23, 5], [24, 13, 1, 14], [2, 12, 3, 11], [4, 24, 5, 23], [6, 22, 7, 21], [8, 18, 9, 17], [10, 16, 11, 15]]"
12a_1010_107,"[[10, 16, 11, 15], [12, 19, 13, 20], [14, 8, 15, 7], [16, 10, 17, 9], [18, 1, 19, 2], [20, 4, 21, 3], [22, 6, 23, 5], [24, 13, 1, 14], [2, 12, 3, 11], [4, 24, 5, 23], [6, 22, 7, 21], [8, 18, 9, 17]]"
12a_1010_108,"[[9, 19, 10, 18], [11, 17, 12, 16], [13, 20, 14, 21], [15, 9, 16, 8], [17, 11, 18, 10], [19, 2, 20, 3], [21, 5, 22, 4], [23, 7, 24, 6], [1, 14, 2, 15], [3, 13, 4, 12], [5, 1, 6, 24], [7, 23, 8, 22]]"
12a_1010_109,"[[7, 23, 8, 22], [9, 19, 10, 18], [11, 17, 12, 16], [13, 20, 14, 21], [15, 9, 16, 8], [17, 11, 18, 10], [19, 2, 20, 3], [21, 5, 22, 4], [23, 7, 24, 6], [1, 14, 2, 15], [3, 13, 4, 12], [5, 1, 6, 24]]"
12a_1010_110,"[[5, 1, 6, 24], [7, 23, 8, 22], [9, 19, 10, 18], [11, 17, 12, 16], [13, 20, 14, 21], [15, 9, 16, 8], [17, 11, 18, 10], [19, 2, 20, 3], [21, 5, 22, 4], [23, 7, 24, 6], [1, 14, 2, 15], [3, 13, 4, 12]]"
12a_1010_111,"[[3, 13, 4, 12], [5, 1, 6, 24], [7, 23, 8, 22], [9, 19, 10, 18], [11, 17, 12, 16], [13, 20, 14, 21], [15, 9, 16, 8], [17, 11, 18, 10], [19, 2, 20, 3], [21, 5, 22, 4], [23, 7, 24, 6], [1, 14, 2, 15]]"
12a_1010_112,"[[1, 14, 2, 15], [3, 13, 4, 12], [5, 1, 6, 24], [7, 23, 8, 22], [9, 19, 10, 18], [11, 17, 12, 16], [13, 20, 14, 21], [15, 9, 16, 8], [17, 11, 18, 10], [19, 2, 20, 3], [21, 5, 22, 4], [23, 7, 24, 6]]"
12a_1010_113,"[[23, 7, 24, 6], [1, 14, 2, 15], [3, 13, 4, 12], [5, 1, 6, 24], [7, 23, 8, 22], [9, 19, 10, 18], [11, 17, 12, 16], [13, 20, 14, 21], [15, 9, 16, 8], [17, 11, 18, 10], [19, 2, 20, 3], [21, 5, 22, 4]]"
12a_1010_114,"[[21, 5, 22, 4], [23, 7, 24, 6], [1, 14, 2, 15], [3, 13, 4, 12], [5, 1, 6, 24], [7, 23, 8, 22], [9, 19, 10, 18], [11, 17, 12, 16], [13, 20, 14, 21], [15, 9, 16, 8], [17, 11, 18, 10], [19, 2, 20, 3]]"
12a_1010_115,"[[19, 2, 20, 3], [21, 5, 22, 4], [23, 7, 24, 6], [1, 14, 2, 15], [3, 13, 4, 12], [5, 1, 6, 24], [7, 23, 8, 22], [9, 19, 10, 18], [11, 17, 12, 16], [13, 20, 14, 21], [15, 9, 16, 8], [17, 11, 18, 10]]"
12a_1010_116,"[[17, 11, 18, 10], [19, 2, 20, 3], [21, 5, 22, 4], [23, 7, 24, 6], [1, 14, 2, 15], [3, 13, 4, 12], [5, 1, 6, 24], [7, 23, 8, 22], [9, 19, 10, 18], [11, 17, 12, 16], [13, 20, 14, 21], [15, 9, 16, 8]]"
12a_1010_117,"[[15, 9, 16, 8], [17, 11, 18, 10], [19, 2, 20, 3], [21, 5, 22, 4], [23, 7, 24, 6], [1, 14, 2, 15], [3, 13, 4, 12], [5, 1, 6, 24], [7, 23, 8, 22], [9, 19, 10, 18], [11, 17, 12, 16], [13, 20, 14, 21]]"
12a_1010_118,"[[13, 20, 14, 21], [15, 9, 16, 8], [17, 11, 18, 10], [19, 2, 20, 3], [21, 5, 22, 4], [23, 7, 24, 6], [1, 14, 2, 15], [3, 13, 4, 12], [5, 1, 6, 24], [7, 23, 8, 22], [9, 19, 10, 18], [11, 17, 12, 16]]"
12a_1010_119,"[[11, 17, 12, 16], [13, 20, 14, 21], [15, 9, 16, 8], [17, 11, 18, 10], [19, 2, 20, 3], [21, 5, 22, 4], [23, 7, 24, 6], [1, 14, 2, 15], [3, 13, 4, 12], [5, 1, 6, 24], [7, 23, 8, 22], [9, 19, 10, 18]]"
12a_1010_120,"[[10, 20, 11, 19], [12, 18, 13, 17], [14, 21, 15, 22], [16, 10, 17, 9], [18, 12, 19, 11], [20, 3, 21, 4], [22, 6, 23, 5], [24, 8, 1, 7], [2, 15, 3, 16], [4, 14, 5, 13], [6, 2, 7, 1], [8, 24, 9, 23]]"
12a_1010_121,"[[8, 24, 9, 23], [10, 20, 11, 19], [12, 18, 13, 17], [14, 21, 15, 22], [16, 10, 17, 9], [18, 12, 19, 11], [20, 3, 21, 4], [22, 6, 23, 5], [24, 8, 1, 7], [2, 15, 3, 16], [4, 14, 5, 13], [6, 2, 7, 1]]"
12a_1010_122,"[[6, 2, 7, 1], [8, 24, 9, 23], [10, 20, 11, 19], [12, 18, 13, 17], [14, 21, 15, 22], [16, 10, 17, 9], [18, 12, 19, 11], [20, 3, 21, 4], [22, 6, 23, 5], [24, 8, 1, 7], [2, 15, 3, 16], [4, 14, 5, 13]]"
12a_1010_123,"[[4, 14, 5, 13], [6, 2, 7, 1], [8, 24, 9, 23], [10, 20, 11, 19], [12, 18, 13, 17], [14, 21, 15, 22], [16, 10, 17, 9], [18, 12, 19, 11], [20, 3, 21, 4], [22, 6, 23, 5], [24, 8, 1, 7], [2, 15, 3, 16]]"
12a_1010_124,"[[2, 15, 3, 16], [4, 14, 5, 13], [6, 2, 7, 1], [8, 24, 9, 23], [10, 20, 11, 19], [12, 18, 13, 17], [14, 21, 15, 22], [16, 10, 17, 9], [18, 12, 19, 11], [20, 3, 21, 4], [22, 6, 23, 5], [24, 8, 1, 7]]"
12a_1010_125,"[[24, 8, 1, 7], [2, 15, 3, 16], [4, 14, 5, 13], [6, 2, 7, 1], [8, 24, 9, 23], [10, 20, 11, 19], [12, 18, 13, 17], [14, 21, 15, 22], [16, 10, 17, 9], [18, 12, 19, 11], [20, 3, 21, 4], [22, 6, 23, 5]]"
12a_1010_126,"[[22, 6, 23, 5], [24, 8, 1, 7], [2, 15, 3, 16], [4, 14, 5, 13], [6, 2, 7, 1], [8, 24, 9, 23], [10, 20, 11, 19], [12, 18, 13, 17], [14, 21, 15, 22], [16, 10, 17, 9], [18, 12, 19, 11], [20, 3, 21, 4]]"
12a_1010_127,"[[20, 3, 21, 4], [22, 6, 23, 5], [24, 8, 1, 7], [2, 15, 3, 16], [4, 14, 5, 13], [6, 2, 7, 1], [8, 24, 9, 23], [10, 20, 11, 19], [12, 18, 13, 17], [14, 21, 15, 22], [16, 10, 17, 9], [18, 12, 19, 11]]"
12a_1010_128,"[[18, 12, 19, 11], [20, 3, 21, 4], [22, 6, 23, 5], [24, 8, 1, 7], [2, 15, 3, 16], [4, 14, 5, 13], [6, 2, 7, 1], [8, 24, 9, 23], [10, 20, 11, 19], [12, 18, 13, 17], [14, 21, 15, 22], [16, 10, 17, 9]]"
12a_1010_129,"[[16, 10, 17, 9], [18, 12, 19, 11], [20, 3, 21, 4], [22, 6, 23, 5], [24, 8, 1, 7], [2, 15, 3, 16], [4, 14, 5, 13], [6, 2, 7, 1], [8, 24, 9, 23], [10, 20, 11, 19], [12, 18, 13, 17], [14, 21, 15, 22]]"
12a_1010_130,"[[14, 21, 15, 22], [16, 10, 17, 9], [18, 12, 19, 11], [20, 3, 21, 4], [22, 6, 23, 5], [24, 8, 1, 7], [2, 15, 3, 16], [4, 14, 5, 13], [6, 2, 7, 1], [8, 24, 9, 23], [10, 20, 11, 19], [12, 18, 13, 17]]"
12a_1010_131,"[[12, 18, 13, 17], [14, 21, 15, 22], [16, 10, 17, 9], [18, 12, 19, 11], [20, 3, 21, 4], [22, 6, 23, 5], [24, 8, 1, 7], [2, 15, 3, 16], [4, 14, 5, 13], [6, 2, 7, 1], [8, 24, 9, 23], [10, 20, 11, 19]]"
12a_1010_132,"[[11, 21, 12, 20], [13, 19, 14, 18], [15, 22, 16, 23], [17, 11, 18, 10], [19, 13, 20, 12], [21, 4, 22, 5], [23, 7, 24, 6], [1, 9, 2, 8], [3, 16, 4, 17], [5, 15, 6, 14], [7, 3, 8, 2], [9, 1, 10, 24]]"
12a_1010_133,"[[9, 1, 10, 24], [11, 21, 12, 20], [13, 19, 14, 18], [15, 22, 16, 23], [17, 11, 18, 10], [19, 13, 20, 12], [21, 4, 22, 5], [23, 7, 24, 6], [1, 9, 2, 8], [3, 16, 4, 17], [5, 15, 6, 14], [7, 3, 8, 2]]"
12a_1010_134,"[[7, 3, 8, 2], [9, 1, 10, 24], [11, 21, 12, 20], [13, 19, 14, 18], [15, 22, 16, 23], [17, 11, 18, 10], [19, 13, 20, 12], [21, 4, 22, 5], [23, 7, 24, 6], [1, 9, 2, 8], [3, 16, 4, 17], [5, 15, 6, 14]]"
12a_1010_135,"[[5, 15, 6, 14], [7, 3, 8, 2], [9, 1, 10, 24], [11, 21, 12, 20], [13, 19, 14, 18], [15, 22, 16, 23], [17, 11, 18, 10], [19, 13, 20, 12], [21, 4, 22, 5], [23, 7, 24, 6], [1, 9, 2, 8], [3, 16, 4, 17]]"
12a_1010_136,"[[3, 16, 4, 17], [5, 15, 6, 14], [7, 3, 8, 2], [9, 1, 10, 24], [11, 21, 12, 20], [13, 19, 14, 18], [15, 22, 16, 23], [17, 11, 18, 10], [19, 13, 20, 12], [21, 4, 22, 5], [23, 7, 24, 6], [1, 9, 2, 8]]"
12a_1010_137,"[[1, 9, 2, 8], [3, 16, 4, 17], [5, 15, 6, 14], [7, 3, 8, 2], [9, 1, 10, 24], [11, 21, 12, 20], [13, 19, 14, 18], [15, 22, 16, 23], [17, 11, 18, 10], [19, 13, 20, 12], [21, 4, 22, 5], [23, 7, 24, 6]]"
12a_1010_138,"[[23, 7, 24, 6], [1, 9, 2, 8], [3, 16, 4, 17], [5, 15, 6, 14], [7, 3, 8, 2], [9, 1, 10, 24], [11, 21, 12, 20], [13, 19, 14, 18], [15, 22, 16, 23], [17, 11, 18, 10], [19, 13, 20, 12], [21, 4, 22, 5]]"
12a_1010_139,"[[21, 4, 22, 5], [23, 7, 24, 6], [1, 9, 2, 8], [3, 16, 4, 17], [5, 15, 6, 14], [7, 3, 8, 2], [9, 1, 10, 24], [11, 21, 12, 20], [13, 19, 14, 18], [15, 22, 16, 23], [17, 11, 18, 10], [19, 13, 20, 12]]"
12a_1010_140,"[[19, 13, 20, 12], [21, 4, 22, 5], [23, 7, 24, 6], [1, 9, 2, 8], [3, 16, 4, 17], [5, 15, 6, 14], [7, 3, 8, 2], [9, 1, 10, 24], [11, 21, 12, 20], [13, 19, 14, 18], [15, 22, 16, 23], [17, 11, 18, 10]]"
12a_1010_141,"[[17, 11, 18, 10], [19, 13, 20, 12], [21, 4, 22, 5], [23, 7, 24, 6], [1, 9, 2, 8], [3, 16, 4, 17], [5, 15, 6, 14], [7, 3, 8, 2], [9, 1, 10, 24], [11, 21, 12, 20], [13, 19, 14, 18], [15, 22, 16, 23]]"
12a_1010_142,"[[15, 22, 16, 23], [17, 11, 18, 10], [19, 13, 20, 12], [21, 4, 22, 5], [23, 7, 24, 6], [1, 9, 2, 8], [3, 16, 4, 17], [5, 15, 6, 14], [7, 3, 8, 2], [9, 1, 10, 24], [11, 21, 12, 20], [13, 19, 14, 18]]"
12a_1010_143,"[[13, 19, 14, 18], [15, 22, 16, 23], [17, 11, 18, 10], [19, 13, 20, 12], [21, 4, 22, 5], [23, 7, 24, 6], [1, 9, 2, 8], [3, 16, 4, 17], [5, 15, 6, 14], [7, 3, 8, 2], [9, 1, 10, 24], [11, 21, 12, 20]]"
12a_1010_144,"[[12, 22, 13, 21], [14, 20, 15, 19], [16, 23, 17, 24], [18, 12, 19, 11], [20, 14, 21, 13], [22, 5, 23, 6], [24, 8, 1, 7], [2, 10, 3, 9], [4, 17, 5, 18], [6, 16, 7, 15], [8, 4, 9, 3], [10, 2, 11, 1]]"
12a_1010_145,"[[10, 2, 11, 1], [12, 22, 13, 21], [14, 20, 15, 19], [16, 23, 17, 24], [18, 12, 19, 11], [20, 14, 21, 13], [22, 5, 23, 6], [24, 8, 1, 7], [2, 10, 3, 9], [4, 17, 5, 18], [6, 16, 7, 15], [8, 4, 9, 3]]"
12a_1010_146,"[[8, 4, 9, 3], [10, 2, 11, 1], [12, 22, 13, 21], [14, 20, 15, 19], [16, 23, 17, 24], [18, 12, 19, 11], [20, 14, 21, 13], [22, 5, 23, 6], [24, 8, 1, 7], [2, 10, 3, 9], [4, 17, 5, 18], [6, 16, 7, 15]]"
12a_1010_147,"[[6, 16, 7, 15], [8, 4, 9, 3], [10, 2, 11, 1], [12, 22, 13, 21], [14, 20, 15, 19], [16, 23, 17, 24], [18, 12, 19, 11], [20, 14, 21, 13], [22, 5, 23, 6], [24, 8, 1, 7], [2, 10, 3, 9], [4, 17, 5, 18]]"
12a_1010_148,"[[4, 17, 5, 18], [6, 16, 7, 15], [8, 4, 9, 3], [10, 2, 11, 1], [12, 22, 13, 21], [14, 20, 15, 19], [16, 23, 17, 24], [18, 12, 19, 11], [20, 14, 21, 13], [22, 5, 23, 6], [24, 8, 1, 7], [2, 10, 3, 9]]"
12a_1010_149,"[[2, 10, 3, 9], [4, 17, 5, 18], [6, 16, 7, 15], [8, 4, 9, 3], [10, 2, 11, 1], [12, 22, 13, 21], [14, 20, 15, 19], [16, 23, 17, 24], [18, 12, 19, 11], [20, 14, 21, 13], [22, 5, 23, 6], [24, 8, 1, 7]]"
12a_1010_150,"[[24, 8, 1, 7], [2, 10, 3, 9], [4, 17, 5, 18], [6, 16, 7, 15], [8, 4, 9, 3], [10, 2, 11, 1], [12, 22, 13, 21], [14, 20, 15, 19], [16, 23, 17, 24], [18, 12, 19, 11], [20, 14, 21, 13], [22, 5, 23, 6]]"
12a_1010_151,"[[22, 5, 23, 6], [24, 8, 1, 7], [2, 10, 3, 9], [4, 17, 5, 18], [6, 16, 7, 15], [8, 4, 9, 3], [10, 2, 11, 1], [12, 22, 13, 21], [14, 20, 15, 19], [16, 23, 17, 24], [18, 12, 19, 11], [20, 14, 21, 13]]"
12a_1010_152,"[[20, 14, 21, 13], [22, 5, 23, 6], [24, 8, 1, 7], [2, 10, 3, 9], [4, 17, 5, 18], [6, 16, 7, 15], [8, 4, 9, 3], [10, 2, 11, 1], [12, 22, 13, 21], [14, 20, 15, 19], [16, 23, 17, 24], [18, 12, 19, 11]]"
12a_1010_153,"[[18, 12, 19, 11], [20, 14, 21, 13], [22, 5, 23, 6], [24, 8, 1, 7], [2, 10, 3, 9], [4, 17, 5, 18], [6, 16, 7, 15], [8, 4, 9, 3], [10, 2, 11, 1], [12, 22, 13, 21], [14, 20, 15, 19], [16, 23, 17, 24]]"
12a_1010_154,"[[16, 23, 17, 24], [18, 12, 19, 11], [20, 14, 21, 13], [22, 5, 23, 6], [24, 8, 1, 7], [2, 10, 3, 9], [4, 17, 5, 18], [6, 16, 7, 15], [8, 4, 9, 3], [10, 2, 11, 1], [12, 22, 13, 21], [14, 20, 15, 19]]"
12a_1010_155,"[[14, 20, 15, 19], [16, 23, 17, 24], [18, 12, 19, 11], [20, 14, 21, 13], [22, 5, 23, 6], [24, 8, 1, 7], [2, 10, 3, 9], [4, 17, 5, 18], [6, 16, 7, 15], [8, 4, 9, 3], [10, 2, 11, 1], [12, 22, 13, 21]]"
12a_1010_156,"[[13, 23, 14, 22], [15, 21, 16, 20], [17, 24, 18, 1], [19, 13, 20, 12], [21, 15, 22, 14], [23, 6, 24, 7], [1, 9, 2, 8], [3, 11, 4, 10], [5, 18, 6, 19], [7, 17, 8, 16], [9, 5, 10, 4], [11, 3, 12, 2]]"
12a_1010_157,"[[11, 3, 12, 2], [13, 23, 14, 22], [15, 21, 16, 20], [17, 24, 18, 1], [19, 13, 20, 12], [21, 15, 22, 14], [23, 6, 24, 7], [1, 9, 2, 8], [3, 11, 4, 10], [5, 18, 6, 19], [7, 17, 8, 16], [9, 5, 10, 4]]"
12a_1010_158,"[[9, 5, 10, 4], [11, 3, 12, 2], [13, 23, 14, 22], [15, 21, 16, 20], [17, 24, 18, 1], [19, 13, 20, 12], [21, 15, 22, 14], [23, 6, 24, 7], [1, 9, 2, 8], [3, 11, 4, 10], [5, 18, 6, 19], [7, 17, 8, 16]]"
12a_1010_159,"[[7, 17, 8, 16], [9, 5, 10, 4], [11, 3, 12, 2], [13, 23, 14, 22], [15, 21, 16, 20], [17, 24, 18, 1], [19, 13, 20, 12], [21, 15, 22, 14], [23, 6, 24, 7], [1, 9, 2, 8], [3, 11, 4, 10], [5, 18, 6, 19]]"
12a_1010_160,"[[5, 18, 6, 19], [7, 17, 8, 16], [9, 5, 10, 4], [11, 3, 12, 2], [13, 23, 14, 22], [15, 21, 16, 20], [17, 24, 18, 1], [19, 13, 20, 12], [21, 15, 22, 14], [23, 6, 24, 7], [1, 9, 2, 8], [3, 11, 4, 10]]"
12a_1010_161,"[[3, 11, 4, 10], [5, 18, 6, 19], [7, 17, 8, 16], [9, 5, 10, 4], [11, 3, 12, 2], [13, 23, 14, 22], [15, 21, 16, 20], [17, 24, 18, 1], [19, 13, 20, 12], [21, 15, 22, 14], [23, 6, 24, 7], [1, 9, 2, 8]]"
12a_1010_162,"[[1, 9, 2, 8], [3, 11, 4, 10], [5, 18, 6, 19], [7, 17, 8, 16], [9, 5, 10, 4], [11, 3, 12, 2], [13, 23, 14, 22], [15, 21, 16, 20], [17, 24, 18, 1], [19, 13, 20, 12], [21, 15, 22, 14], [23, 6, 24, 7]]"
12a_1010_163,"[[23, 6, 24, 7], [1, 9, 2, 8], [3, 11, 4, 10], [5, 18, 6, 19], [7, 17, 8, 16], [9, 5, 10, 4], [11, 3, 12, 2], [13, 23, 14, 22], [15, 21, 16, 20], [17, 24, 18, 1], [19, 13, 20, 12], [21, 15, 22, 14]]"
12a_1010_164,"[[21, 15, 22, 14], [23, 6, 24, 7], [1, 9, 2, 8], [3, 11, 4, 10], [5, 18, 6, 19], [7, 17, 8, 16], [9, 5, 10, 4], [11, 3, 12, 2], [13, 23, 14, 22], [15, 21, 16, 20], [17, 24, 18, 1], [19, 13, 20, 12]]"
12a_1010_165,"[[19, 13, 20, 12], [21, 15, 22, 14], [23, 6, 24, 7], [1, 9, 2, 8], [3, 11, 4, 10], [5, 18, 6, 19], [7, 17, 8, 16], [9, 5, 10, 4], [11, 3, 12, 2], [13, 23, 14, 22], [15, 21, 16, 20], [17, 24, 18, 1]]"
12a_1010_166,"[[17, 24, 18, 1], [19, 13, 20, 12], [21, 15, 22, 14], [23, 6, 24, 7], [1, 9, 2, 8], [3, 11, 4, 10], [5, 18, 6, 19], [7, 17, 8, 16], [9, 5, 10, 4], [11, 3, 12, 2], [13, 23, 14, 22], [15, 21, 16, 20]]"
12a_1010_167,"[[15, 21, 16, 20], [17, 24, 18, 1], [19, 13, 20, 12], [21, 15, 22, 14], [23, 6, 24, 7], [1, 9, 2, 8], [3, 11, 4, 10], [5, 18, 6, 19], [7, 17, 8, 16], [9, 5, 10, 4], [11, 3, 12, 2], [13, 23, 14, 22]]"
12a_1010_168,"[[14, 24, 15, 23], [16, 22, 17, 21], [18, 1, 19, 2], [20, 14, 21, 13], [22, 16, 23, 15], [24, 7, 1, 8], [2, 10, 3, 9], [4, 12, 5, 11], [6, 19, 7, 20], [8, 18, 9, 17], [10, 6, 11, 5], [12, 4, 13, 3]]"
12a_1010_169,"[[12, 4, 13, 3], [14, 24, 15, 23], [16, 22, 17, 21], [18, 1, 19, 2], [20, 14, 21, 13], [22, 16, 23, 15], [24, 7, 1, 8], [2, 10, 3, 9], [4, 12, 5, 11], [6, 19, 7, 20], [8, 18, 9, 17], [10, 6, 11, 5]]"
12a_1010_170,"[[10, 6, 11, 5], [12, 4, 13, 3], [14, 24, 15, 23], [16, 22, 17, 21], [18, 1, 19, 2], [20, 14, 21, 13], [22, 16, 23, 15], [24, 7, 1, 8], [2, 10, 3, 9], [4, 12, 5, 11], [6, 19, 7, 20], [8, 18, 9, 17]]"
12a_1010_171,"[[8, 18, 9, 17], [10, 6, 11, 5], [12, 4, 13, 3], [14, 24, 15, 23], [16, 22, 17, 21], [18, 1, 19, 2], [20, 14, 21, 13], [22, 16, 23, 15], [24, 7, 1, 8], [2, 10, 3, 9], [4, 12, 5, 11], [6, 19, 7, 20]]"
12a_1010_172,"[[6, 19, 7, 20], [8, 18, 9, 17], [10, 6, 11, 5], [12, 4, 13, 3], [14, 24, 15, 23], [16, 22, 17, 21], [18, 1, 19, 2], [20, 14, 21, 13], [22, 16, 23, 15], [24, 7, 1, 8], [2, 10, 3, 9], [4, 12, 5, 11]]"
12a_1010_173,"[[4, 12, 5, 11], [6, 19, 7, 20], [8, 18, 9, 17], [10, 6, 11, 5], [12, 4, 13, 3], [14, 24, 15, 23], [16, 22, 17, 21], [18, 1, 19, 2], [20, 14, 21, 13], [22, 16, 23, 15], [24, 7, 1, 8], [2, 10, 3, 9]]"
12a_1010_174,"[[2, 10, 3, 9], [4, 12, 5, 11], [6, 19, 7, 20], [8, 18, 9, 17], [10, 6, 11, 5], [12, 4, 13, 3], [14, 24, 15, 23], [16, 22, 17, 21], [18, 1, 19, 2], [20, 14, 21, 13], [22, 16, 23, 15], [24, 7, 1, 8]]"
12a_1010_175,"[[24, 7, 1, 8], [2, 10, 3, 9], [4, 12, 5, 11], [6, 19, 7, 20], [8, 18, 9, 17], [10, 6, 11, 5], [12, 4, 13, 3], [14, 24, 15, 23], [16, 22, 17, 21], [18, 1, 19, 2], [20, 14, 21, 13], [22, 16, 23, 15]]"
12a_1010_176,"[[22, 16, 23, 15], [24, 7, 1, 8], [2, 10, 3, 9], [4, 12, 5, 11], [6, 19, 7, 20], [8, 18, 9, 17], [10, 6, 11, 5], [12, 4, 13, 3], [14, 24, 15, 23], [16, 22, 17, 21], [18, 1, 19, 2], [20, 14, 21, 13]]"
12a_1010_177,"[[20, 14, 21, 13], [22, 16, 23, 15], [24, 7, 1, 8], [2, 10, 3, 9], [4, 12, 5, 11], [6, 19, 7, 20], [8, 18, 9, 17], [10, 6, 11, 5], [12, 4, 13, 3], [14, 24, 15, 23], [16, 22, 17, 21], [18, 1, 19, 2]]"
12a_1010_178,"[[18, 1, 19, 2], [20, 14, 21, 13], [22, 16, 23, 15], [24, 7, 1, 8], [2, 10, 3, 9], [4, 12, 5, 11], [6, 19, 7, 20], [8, 18, 9, 17], [10, 6, 11, 5], [12, 4, 13, 3], [14, 24, 15, 23], [16, 22, 17, 21]]"
12a_1010_179,"[[16, 22, 17, 21], [18, 1, 19, 2], [20, 14, 21, 13], [22, 16, 23, 15], [24, 7, 1, 8], [2, 10, 3, 9], [4, 12, 5, 11], [6, 19, 7, 20], [8, 18, 9, 17], [10, 6, 11, 5], [12, 4, 13, 3], [14, 24, 15, 23]]"
12a_1010_180,"[[15, 1, 16, 24], [17, 23, 18, 22], [19, 2, 20, 3], [21, 15, 22, 14], [23, 17, 24, 16], [1, 8, 2, 9], [3, 11, 4, 10], [5, 13, 6, 12], [7, 20, 8, 21], [9, 19, 10, 18], [11, 7, 12, 6], [13, 5, 14, 4]]"
12a_1010_181,"[[13, 5, 14, 4], [15, 1, 16, 24], [17, 23, 18, 22], [19, 2, 20, 3], [21, 15, 22, 14], [23, 17, 24, 16], [1, 8, 2, 9], [3, 11, 4, 10], [5, 13, 6, 12], [7, 20, 8, 21], [9, 19, 10, 18], [11, 7, 12, 6]]"
12a_1010_182,"[[11, 7, 12, 6], [13, 5, 14, 4], [15, 1, 16, 24], [17, 23, 18, 22], [19, 2, 20, 3], [21, 15, 22, 14], [23, 17, 24, 16], [1, 8, 2, 9], [3, 11, 4, 10], [5, 13, 6, 12], [7, 20, 8, 21], [9, 19, 10, 18]]"
12a_1010_183,"[[9, 19, 10, 18], [11, 7, 12, 6], [13, 5, 14, 4], [15, 1, 16, 24], [17, 23, 18, 22], [19, 2, 20, 3], [21, 15, 22, 14], [23, 17, 24, 16], [1, 8, 2, 9], [3, 11, 4, 10], [5, 13, 6, 12], [7, 20, 8, 21]]"
12a_1010_184,"[[7, 20, 8, 21], [9, 19, 10, 18], [11, 7, 12, 6], [13, 5, 14, 4], [15, 1, 16, 24], [17, 23, 18, 22], [19, 2, 20, 3], [21, 15, 22, 14], [23, 17, 24, 16], [1, 8, 2, 9], [3, 11, 4, 10], [5, 13, 6, 12]]"
12a_1010_185,"[[5, 13, 6, 12], [7, 20, 8, 21], [9, 19, 10, 18], [11, 7, 12, 6], [13, 5, 14, 4], [15, 1, 16, 24], [17, 23, 18, 22], [19, 2, 20, 3], [21, 15, 22, 14], [23, 17, 24, 16], [1, 8, 2, 9], [3, 11, 4, 10]]"
