name,pd_notation
12a_0620_0,"[[24, 7, 1, 8], [2, 6, 3, 5], [4, 14, 5, 13], [6, 20, 7, 19], [8, 15, 9, 16], [10, 18, 11, 17], [12, 4, 13, 3], [14, 22, 15, 21], [16, 23, 17, 24], [18, 12, 19, 11], [20, 2, 21, 1], [22, 10, 23, 9]]"
12a_0620_1,"[[22, 10, 23, 9], [24, 7, 1, 8], [2, 6, 3, 5], [4, 14, 5, 13], [6, 20, 7, 19], [8, 15, 9, 16], [10, 18, 11, 17], [12, 4, 13, 3], [14, 22, 15, 21], [16, 23, 17, 24], [18, 12, 19, 11], [20, 2, 21, 1]]"
12a_0620_2,"[[20, 2, 21, 1], [22, 10, 23, 9], [24, 7, 1, 8], [2, 6, 3, 5], [4, 14, 5, 13], [6, 20, 7, 19], [8, 15, 9, 16], [10, 18, 11, 17], [12, 4, 13, 3], [14, 22, 15, 21], [16, 23, 17, 24], [18, 12, 19, 11]]"
12a_0620_3,"[[18, 12, 19, 11], [20, 2, 21, 1], [22, 10, 23, 9], [24, 7, 1, 8], [2, 6, 3, 5], [4, 14, 5, 13], [6, 20, 7, 19], [8, 15, 9, 16], [10, 18, 11, 17], [12, 4, 13, 3], [14, 22, 15, 21], [16, 23, 17, 24]]"
12a_0620_4,"[[16, 23, 17, 24], [18, 12, 19, 11], [20, 2, 21, 1], [22, 10, 23, 9], [24, 7, 1, 8], [2, 6, 3, 5], [4, 14, 5, 13], [6, 20, 7, 19], [8, 15, 9, 16], [10, 18, 11, 17], [12, 4, 13, 3], [14, 22, 15, 21]]"
12a_0620_5,"[[14, 22, 15, 21], [16, 23, 17, 24], [18, 12, 19, 11], [20, 2, 21, 1], [22, 10, 23, 9], [24, 7, 1, 8], [2, 6, 3, 5], [4, 14, 5, 13], [6, 20, 7, 19], [8, 15, 9, 16], [10, 18, 11, 17], [12, 4, 13, 3]]"
12a_0620_6,"[[12, 4, 13, 3], [14, 22, 15, 21], [16, 23, 17, 24], [18, 12, 19, 11], [20, 2, 21, 1], [22, 10, 23, 9], [24, 7, 1, 8], [2, 6, 3, 5], [4, 14, 5, 13], [6, 20, 7, 19], [8, 15, 9, 16], [10, 18, 11, 17]]"
12a_0620_7,"[[10, 18, 11, 17], [12, 4, 13, 3], [14, 22, 15, 21], [16, 23, 17, 24], [18, 12, 19, 11], [20, 2, 21, 1], [22, 10, 23, 9], [24, 7, 1, 8], [2, 6, 3, 5], [4, 14, 5, 13], [6, 20, 7, 19], [8, 15, 9, 16]]"
12a_0620_8,"[[8, 15, 9, 16], [10, 18, 11, 17], [12, 4, 13, 3], [14, 22, 15, 21], [16, 23, 17, 24], [18, 12, 19, 11], [20, 2, 21, 1], [22, 10, 23, 9], [24, 7, 1, 8], [2, 6, 3, 5], [4, 14, 5, 13], [6, 20, 7, 19]]"
12a_0620_9,"[[6, 20, 7, 19], [8, 15, 9, 16], [10, 18, 11, 17], [12, 4, 13, 3], [14, 22, 15, 21], [16, 23, 17, 24], [18, 12, 19, 11], [20, 2, 21, 1], [22, 10, 23, 9], [24, 7, 1, 8], [2, 6, 3, 5], [4, 14, 5, 13]]"
12a_0620_10,"[[4, 14, 5, 13], [6, 20, 7, 19], [8, 15, 9, 16], [10, 18, 11, 17], [12, 4, 13, 3], [14, 22, 15, 21], [16, 23, 17, 24], [18, 12, 19, 11], [20, 2, 21, 1], [22, 10, 23, 9], [24, 7, 1, 8], [2, 6, 3, 5]]"
12a_0620_11,"[[2, 6, 3, 5], [4, 14, 5, 13], [6, 20, 7, 19], [8, 15, 9, 16], [10, 18, 11, 17], [12, 4, 13, 3], [14, 22, 15, 21], [16, 23, 17, 24], [18, 12, 19, 11], [20, 2, 21, 1], [22, 10, 23, 9], [24, 7, 1, 8]]"
12a_0620_12,"[[1, 8, 2, 9], [3, 7, 4, 6], [5, 15, 6, 14], [7, 21, 8, 20], [9, 16, 10, 17], [11, 19, 12, 18], [13, 5, 14, 4], [15, 23, 16, 22], [17, 24, 18, 1], [19, 13, 20, 12], [21, 3, 22, 2], [23, 11, 24, 10]]"
12a_0620_13,"[[23, 11, 24, 10], [1, 8, 2, 9], [3, 7, 4, 6], [5, 15, 6, 14], [7, 21, 8, 20], [9, 16, 10, 17], [11, 19, 12, 18], [13, 5, 14, 4], [15, 23, 16, 22], [17, 24, 18, 1], [19, 13, 20, 12], [21, 3, 22, 2]]"
12a_0620_14,"[[21, 3, 22, 2], [23, 11, 24, 10], [1, 8, 2, 9], [3, 7, 4, 6], [5, 15, 6, 14], [7, 21, 8, 20], [9, 16, 10, 17], [11, 19, 12, 18], [13, 5, 14, 4], [15, 23, 16, 22], [17, 24, 18, 1], [19, 13, 20, 12]]"
12a_0620_15,"[[19, 13, 20, 12], [21, 3, 22, 2], [23, 11, 24, 10], [1, 8, 2, 9], [3, 7, 4, 6], [5, 15, 6, 14], [7, 21, 8, 20], [9, 16, 10, 17], [11, 19, 12, 18], [13, 5, 14, 4], [15, 23, 16, 22], [17, 24, 18, 1]]"
12a_0620_16,"[[17, 24, 18, 1], [19, 13, 20, 12], [21, 3, 22, 2], [23, 11, 24, 10], [1, 8, 2, 9], [3, 7, 4, 6], [5, 15, 6, 14], [7, 21, 8, 20], [9, 16, 10, 17], [11, 19, 12, 18], [13, 5, 14, 4], [15, 23, 16, 22]]"
12a_0620_17,"[[15, 23, 16, 22], [17, 24, 18, 1], [19, 13, 20, 12], [21, 3, 22, 2], [23, 11, 24, 10], [1, 8, 2, 9], [3, 7, 4, 6], [5, 15, 6, 14], [7, 21, 8, 20], [9, 16, 10, 17], [11, 19, 12, 18], [13, 5, 14, 4]]"
12a_0620_18,"[[13, 5, 14, 4], [15, 23, 16, 22], [17, 24, 18, 1], [19, 13, 20, 12], [21, 3, 22, 2], [23, 11, 24, 10], [1, 8, 2, 9], [3, 7, 4, 6], [5, 15, 6, 14], [7, 21, 8, 20], [9, 16, 10, 17], [11, 19, 12, 18]]"
12a_0620_19,"[[11, 19, 12, 18], [13, 5, 14, 4], [15, 23, 16, 22], [17, 24, 18, 1], [19, 13, 20, 12], [21, 3, 22, 2], [23, 11, 24, 10], [1, 8, 2, 9], [3, 7, 4, 6], [5, 15, 6, 14], [7, 21, 8, 20], [9, 16, 10, 17]]"
12a_0620_20,"[[9, 16, 10, 17], [11, 19, 12, 18], [13, 5, 14, 4], [15, 23, 16, 22], [17, 24, 18, 1], [19, 13, 20, 12], [21, 3, 22, 2], [23, 11, 24, 10], [1, 8, 2, 9], [3, 7, 4, 6], [5, 15, 6, 14], [7, 21, 8, 20]]"
12a_0620_21,"[[7, 21, 8, 20], [9, 16, 10, 17], [11, 19, 12, 18], [13, 5, 14, 4], [15, 23, 16, 22], [17, 24, 18, 1], [19, 13, 20, 12], [21, 3, 22, 2], [23, 11, 24, 10], [1, 8, 2, 9], [3, 7, 4, 6], [5, 15, 6, 14]]"
12a_0620_22,"[[5, 15, 6, 14], [7, 21, 8, 20], [9, 16, 10, 17], [11, 19, 12, 18], [13, 5, 14, 4], [15, 23, 16, 22], [17, 24, 18, 1], [19, 13, 20, 12], [21, 3, 22, 2], [23, 11, 24, 10], [1, 8, 2, 9], [3, 7, 4, 6]]"
12a_0620_23,"[[3, 7, 4, 6], [5, 15, 6, 14], [7, 21, 8, 20], [9, 16, 10, 17], [11, 19, 12, 18], [13, 5, 14, 4], [15, 23, 16, 22], [17, 24, 18, 1], [19, 13, 20, 12], [21, 3, 22, 2], [23, 11, 24, 10], [1, 8, 2, 9]]"
12a_0620_24,"[[2, 9, 3, 10], [4, 8, 5, 7], [6, 16, 7, 15], [8, 22, 9, 21], [10, 17, 11, 18], [12, 20, 13, 19], [14, 6, 15, 5], [16, 24, 17, 23], [18, 1, 19, 2], [20, 14, 21, 13], [22, 4, 23, 3], [24, 12, 1, 11]]"
12a_0620_25,"[[24, 12, 1, 11], [2, 9, 3, 10], [4, 8, 5, 7], [6, 16, 7, 15], [8, 22, 9, 21], [10, 17, 11, 18], [12, 20, 13, 19], [14, 6, 15, 5], [16, 24, 17, 23], [18, 1, 19, 2], [20, 14, 21, 13], [22, 4, 23, 3]]"
12a_0620_26,"[[22, 4, 23, 3], [24, 12, 1, 11], [2, 9, 3, 10], [4, 8, 5, 7], [6, 16, 7, 15], [8, 22, 9, 21], [10, 17, 11, 18], [12, 20, 13, 19], [14, 6, 15, 5], [16, 24, 17, 23], [18, 1, 19, 2], [20, 14, 21, 13]]"
12a_0620_27,"[[20, 14, 21, 13], [22, 4, 23, 3], [24, 12, 1, 11], [2, 9, 3, 10], [4, 8, 5, 7], [6, 16, 7, 15], [8, 22, 9, 21], [10, 17, 11, 18], [12, 20, 13, 19], [14, 6, 15, 5], [16, 24, 17, 23], [18, 1, 19, 2]]"
12a_0620_28,"[[18, 1, 19, 2], [20, 14, 21, 13], [22, 4, 23, 3], [24, 12, 1, 11], [2, 9, 3, 10], [4, 8, 5, 7], [6, 16, 7, 15], [8, 22, 9, 21], [10, 17, 11, 18], [12, 20, 13, 19], [14, 6, 15, 5], [16, 24, 17, 23]]"
12a_0620_29,"[[16, 24, 17, 23], [18, 1, 19, 2], [20, 14, 21, 13], [22, 4, 23, 3], [24, 12, 1, 11], [2, 9, 3, 10], [4, 8, 5, 7], [6, 16, 7, 15], [8, 22, 9, 21], [10, 17, 11, 18], [12, 20, 13, 19], [14, 6, 15, 5]]"
12a_0620_30,"[[14, 6, 15, 5], [16, 24, 17, 23], [18, 1, 19, 2], [20, 14, 21, 13], [22, 4, 23, 3], [24, 12, 1, 11], [2, 9, 3, 10], [4, 8, 5, 7], [6, 16, 7, 15], [8, 22, 9, 21], [10, 17, 11, 18], [12, 20, 13, 19]]"
12a_0620_31,"[[12, 20, 13, 19], [14, 6, 15, 5], [16, 24, 17, 23], [18, 1, 19, 2], [20, 14, 21, 13], [22, 4, 23, 3], [24, 12, 1, 11], [2, 9, 3, 10], [4, 8, 5, 7], [6, 16, 7, 15], [8, 22, 9, 21], [10, 17, 11, 18]]"
12a_0620_32,"[[10, 17, 11, 18], [12, 20, 13, 19], [14, 6, 15, 5], [16, 24, 17, 23], [18, 1, 19, 2], [20, 14, 21, 13], [22, 4, 23, 3], [24, 12, 1, 11], [2, 9, 3, 10], [4, 8, 5, 7], [6, 16, 7, 15], [8, 22, 9, 21]]"
12a_0620_33,"[[8, 22, 9, 21], [10, 17, 11, 18], [12, 20, 13, 19], [14, 6, 15, 5], [16, 24, 17, 23], [18, 1, 19, 2], [20, 14, 21, 13], [22, 4, 23, 3], [24, 12, 1, 11], [2, 9, 3, 10], [4, 8, 5, 7], [6, 16, 7, 15]]"
12a_0620_34,"[[6, 16, 7, 15], [8, 22, 9, 21], [10, 17, 11, 18], [12, 20, 13, 19], [14, 6, 15, 5], [16, 24, 17, 23], [18, 1, 19, 2], [20, 14, 21, 13], [22, 4, 23, 3], [24, 12, 1, 11], [2, 9, 3, 10], [4, 8, 5, 7]]"
12a_0620_35,"[[4, 8, 5, 7], [6, 16, 7, 15], [8, 22, 9, 21], [10, 17, 11, 18], [12, 20, 13, 19], [14, 6, 15, 5], [16, 24, 17, 23], [18, 1, 19, 2], [20, 14, 21, 13], [22, 4, 23, 3], [24, 12, 1, 11], [2, 9, 3, 10]]"
12a_0620_36,"[[3, 10, 4, 11], [5, 9, 6, 8], [7, 17, 8, 16], [9, 23, 10, 22], [11, 18, 12, 19], [13, 21, 14, 20], [15, 7, 16, 6], [17, 1, 18, 24], [19, 2, 20, 3], [21, 15, 22, 14], [23, 5, 24, 4], [1, 13, 2, 12]]"
12a_0620_37,"[[1, 13, 2, 12], [3, 10, 4, 11], [5, 9, 6, 8], [7, 17, 8, 16], [9, 23, 10, 22], [11, 18, 12, 19], [13, 21, 14, 20], [15, 7, 16, 6], [17, 1, 18, 24], [19, 2, 20, 3], [21, 15, 22, 14], [23, 5, 24, 4]]"
12a_0620_38,"[[23, 5, 24, 4], [1, 13, 2, 12], [3, 10, 4, 11], [5, 9, 6, 8], [7, 17, 8, 16], [9, 23, 10, 22], [11, 18, 12, 19], [13, 21, 14, 20], [15, 7, 16, 6], [17, 1, 18, 24], [19, 2, 20, 3], [21, 15, 22, 14]]"
12a_0620_39,"[[21, 15, 22, 14], [23, 5, 24, 4], [1, 13, 2, 12], [3, 10, 4, 11], [5, 9, 6, 8], [7, 17, 8, 16], [9, 23, 10, 22], [11, 18, 12, 19], [13, 21, 14, 20], [15, 7, 16, 6], [17, 1, 18, 24], [19, 2, 20, 3]]"
12a_0620_40,"[[19, 2, 20, 3], [21, 15, 22, 14], [23, 5, 24, 4], [1, 13, 2, 12], [3, 10, 4, 11], [5, 9, 6, 8], [7, 17, 8, 16], [9, 23, 10, 22], [11, 18, 12, 19], [13, 21, 14, 20], [15, 7, 16, 6], [17, 1, 18, 24]]"
12a_0620_41,"[[17, 1, 18, 24], [19, 2, 20, 3], [21, 15, 22, 14], [23, 5, 24, 4], [1, 13, 2, 12], [3, 10, 4, 11], [5, 9, 6, 8], [7, 17, 8, 16], [9, 23, 10, 22], [11, 18, 12, 19], [13, 21, 14, 20], [15, 7, 16, 6]]"
12a_0620_42,"[[15, 7, 16, 6], [17, 1, 18, 24], [19, 2, 20, 3], [21, 15, 22, 14], [23, 5, 24, 4], [1, 13, 2, 12], [3, 10, 4, 11], [5, 9, 6, 8], [7, 17, 8, 16], [9, 23, 10, 22], [11, 18, 12, 19], [13, 21, 14, 20]]"
12a_0620_43,"[[13, 21, 14, 20], [15, 7, 16, 6], [17, 1, 18, 24], [19, 2, 20, 3], [21, 15, 22, 14], [23, 5, 24, 4], [1, 13, 2, 12], [3, 10, 4, 11], [5, 9, 6, 8], [7, 17, 8, 16], [9, 23, 10, 22], [11, 18, 12, 19]]"
12a_0620_44,"[[11, 18, 12, 19], [13, 21, 14, 20], [15, 7, 16, 6], [17, 1, 18, 24], [19, 2, 20, 3], [21, 15, 22, 14], [23, 5, 24, 4], [1, 13, 2, 12], [3, 10, 4, 11], [5, 9, 6, 8], [7, 17, 8, 16], [9, 23, 10, 22]]"
12a_0620_45,"[[9, 23, 10, 22], [11, 18, 12, 19], [13, 21, 14, 20], [15, 7, 16, 6], [17, 1, 18, 24], [19, 2, 20, 3], [21, 15, 22, 14], [23, 5, 24, 4], [1, 13, 2, 12], [3, 10, 4, 11], [5, 9, 6, 8], [7, 17, 8, 16]]"
12a_0620_46,"[[7, 17, 8, 16], [9, 23, 10, 22], [11, 18, 12, 19], [13, 21, 14, 20], [15, 7, 16, 6], [17, 1, 18, 24], [19, 2, 20, 3], [21, 15, 22, 14], [23, 5, 24, 4], [1, 13, 2, 12], [3, 10, 4, 11], [5, 9, 6, 8]]"
12a_0620_47,"[[5, 9, 6, 8], [7, 17, 8, 16], [9, 23, 10, 22], [11, 18, 12, 19], [13, 21, 14, 20], [15, 7, 16, 6], [17, 1, 18, 24], [19, 2, 20, 3], [21, 15, 22, 14], [23, 5, 24, 4], [1, 13, 2, 12], [3, 10, 4, 11]]"
12a_0620_48,"[[4, 11, 5, 12], [6, 10, 7, 9], [8, 18, 9, 17], [10, 24, 11, 23], [12, 19, 13, 20], [14, 22, 15, 21], [16, 8, 17, 7], [18, 2, 19, 1], [20, 3, 21, 4], [22, 16, 23, 15], [24, 6, 1, 5], [2, 14, 3, 13]]"
12a_0620_49,"[[2, 14, 3, 13], [4, 11, 5, 12], [6, 10, 7, 9], [8, 18, 9, 17], [10, 24, 11, 23], [12, 19, 13, 20], [14, 22, 15, 21], [16, 8, 17, 7], [18, 2, 19, 1], [20, 3, 21, 4], [22, 16, 23, 15], [24, 6, 1, 5]]"
12a_0620_50,"[[24, 6, 1, 5], [2, 14, 3, 13], [4, 11, 5, 12], [6, 10, 7, 9], [8, 18, 9, 17], [10, 24, 11, 23], [12, 19, 13, 20], [14, 22, 15, 21], [16, 8, 17, 7], [18, 2, 19, 1], [20, 3, 21, 4], [22, 16, 23, 15]]"
12a_0620_51,"[[22, 16, 23, 15], [24, 6, 1, 5], [2, 14, 3, 13], [4, 11, 5, 12], [6, 10, 7, 9], [8, 18, 9, 17], [10, 24, 11, 23], [12, 19, 13, 20], [14, 22, 15, 21], [16, 8, 17, 7], [18, 2, 19, 1], [20, 3, 21, 4]]"
12a_0620_52,"[[20, 3, 21, 4], [22, 16, 23, 15], [24, 6, 1, 5], [2, 14, 3, 13], [4, 11, 5, 12], [6, 10, 7, 9], [8, 18, 9, 17], [10, 24, 11, 23], [12, 19, 13, 20], [14, 22, 15, 21], [16, 8, 17, 7], [18, 2, 19, 1]]"
12a_0620_53,"[[18, 2, 19, 1], [20, 3, 21, 4], [22, 16, 23, 15], [24, 6, 1, 5], [2, 14, 3, 13], [4, 11, 5, 12], [6, 10, 7, 9], [8, 18, 9, 17], [10, 24, 11, 23], [12, 19, 13, 20], [14, 22, 15, 21], [16, 8, 17, 7]]"
12a_0620_54,"[[16, 8, 17, 7], [18, 2, 19, 1], [20, 3, 21, 4], [22, 16, 23, 15], [24, 6, 1, 5], [2, 14, 3, 13], [4, 11, 5, 12], [6, 10, 7, 9], [8, 18, 9, 17], [10, 24, 11, 23], [12, 19, 13, 20], [14, 22, 15, 21]]"
12a_0620_55,"[[14, 22, 15, 21], [16, 8, 17, 7], [18, 2, 19, 1], [20, 3, 21, 4], [22, 16, 23, 15], [24, 6, 1, 5], [2, 14, 3, 13], [4, 11, 5, 12], [6, 10, 7, 9], [8, 18, 9, 17], [10, 24, 11, 23], [12, 19, 13, 20]]"
12a_0620_56,"[[12, 19, 13, 20], [14, 22, 15, 21], [16, 8, 17, 7], [18, 2, 19, 1], [20, 3, 21, 4], [22, 16, 23, 15], [24, 6, 1, 5], [2, 14, 3, 13], [4, 11, 5, 12], [6, 10, 7, 9], [8, 18, 9, 17], [10, 24, 11, 23]]"
12a_0620_57,"[[10, 24, 11, 23], [12, 19, 13, 20], [14, 22, 15, 21], [16, 8, 17, 7], [18, 2, 19, 1], [20, 3, 21, 4], [22, 16, 23, 15], [24, 6, 1, 5], [2, 14, 3, 13], [4, 11, 5, 12], [6, 10, 7, 9], [8, 18, 9, 17]]"
12a_0620_58,"[[8, 18, 9, 17], [10, 24, 11, 23], [12, 19, 13, 20], [14, 22, 15, 21], [16, 8, 17, 7], [18, 2, 19, 1], [20, 3, 21, 4], [22, 16, 23, 15], [24, 6, 1, 5], [2, 14, 3, 13], [4, 11, 5, 12], [6, 10, 7, 9]]"
12a_0620_59,"[[6, 10, 7, 9], [8, 18, 9, 17], [10, 24, 11, 23], [12, 19, 13, 20], [14, 22, 15, 21], [16, 8, 17, 7], [18, 2, 19, 1], [20, 3, 21, 4], [22, 16, 23, 15], [24, 6, 1, 5], [2, 14, 3, 13], [4, 11, 5, 12]]"
12a_0620_60,"[[5, 12, 6, 13], [7, 11, 8, 10], [9, 19, 10, 18], [11, 1, 12, 24], [13, 20, 14, 21], [15, 23, 16, 22], [17, 9, 18, 8], [19, 3, 20, 2], [21, 4, 22, 5], [23, 17, 24, 16], [1, 7, 2, 6], [3, 15, 4, 14]]"
12a_0620_61,"[[3, 15, 4, 14], [5, 12, 6, 13], [7, 11, 8, 10], [9, 19, 10, 18], [11, 1, 12, 24], [13, 20, 14, 21], [15, 23, 16, 22], [17, 9, 18, 8], [19, 3, 20, 2], [21, 4, 22, 5], [23, 17, 24, 16], [1, 7, 2, 6]]"
12a_0620_62,"[[1, 7, 2, 6], [3, 15, 4, 14], [5, 12, 6, 13], [7, 11, 8, 10], [9, 19, 10, 18], [11, 1, 12, 24], [13, 20, 14, 21], [15, 23, 16, 22], [17, 9, 18, 8], [19, 3, 20, 2], [21, 4, 22, 5], [23, 17, 24, 16]]"
12a_0620_63,"[[23, 17, 24, 16], [1, 7, 2, 6], [3, 15, 4, 14], [5, 12, 6, 13], [7, 11, 8, 10], [9, 19, 10, 18], [11, 1, 12, 24], [13, 20, 14, 21], [15, 23, 16, 22], [17, 9, 18, 8], [19, 3, 20, 2], [21, 4, 22, 5]]"
12a_0620_64,"[[21, 4, 22, 5], [23, 17, 24, 16], [1, 7, 2, 6], [3, 15, 4, 14], [5, 12, 6, 13], [7, 11, 8, 10], [9, 19, 10, 18], [11, 1, 12, 24], [13, 20, 14, 21], [15, 23, 16, 22], [17, 9, 18, 8], [19, 3, 20, 2]]"
12a_0620_65,"[[19, 3, 20, 2], [21, 4, 22, 5], [23, 17, 24, 16], [1, 7, 2, 6], [3, 15, 4, 14], [5, 12, 6, 13], [7, 11, 8, 10], [9, 19, 10, 18], [11, 1, 12, 24], [13, 20, 14, 21], [15, 23, 16, 22], [17, 9, 18, 8]]"
12a_0620_66,"[[17, 9, 18, 8], [19, 3, 20, 2], [21, 4, 22, 5], [23, 17, 24, 16], [1, 7, 2, 6], [3, 15, 4, 14], [5, 12, 6, 13], [7, 11, 8, 10], [9, 19, 10, 18], [11, 1, 12, 24], [13, 20, 14, 21], [15, 23, 16, 22]]"
12a_0620_67,"[[15, 23, 16, 22], [17, 9, 18, 8], [19, 3, 20, 2], [21, 4, 22, 5], [23, 17, 24, 16], [1, 7, 2, 6], [3, 15, 4, 14], [5, 12, 6, 13], [7, 11, 8, 10], [9, 19, 10, 18], [11, 1, 12, 24], [13, 20, 14, 21]]"
12a_0620_68,"[[13, 20, 14, 21], [15, 23, 16, 22], [17, 9, 18, 8], [19, 3, 20, 2], [21, 4, 22, 5], [23, 17, 24, 16], [1, 7, 2, 6], [3, 15, 4, 14], [5, 12, 6, 13], [7, 11, 8, 10], [9, 19, 10, 18], [11, 1, 12, 24]]"
12a_0620_69,"[[11, 1, 12, 24], [13, 20, 14, 21], [15, 23, 16, 22], [17, 9, 18, 8], [19, 3, 20, 2], [21, 4, 22, 5], [23, 17, 24, 16], [1, 7, 2, 6], [3, 15, 4, 14], [5, 12, 6, 13], [7, 11, 8, 10], [9, 19, 10, 18]]"
12a_0620_70,"[[9, 19, 10, 18], [11, 1, 12, 24], [13, 20, 14, 21], [15, 23, 16, 22], [17, 9, 18, 8], [19, 3, 20, 2], [21, 4, 22, 5], [23, 17, 24, 16], [1, 7, 2, 6], [3, 15, 4, 14], [5, 12, 6, 13], [7, 11, 8, 10]]"
12a_0620_71,"[[7, 11, 8, 10], [9, 19, 10, 18], [11, 1, 12, 24], [13, 20, 14, 21], [15, 23, 16, 22], [17, 9, 18, 8], [19, 3, 20, 2], [21, 4, 22, 5], [23, 17, 24, 16], [1, 7, 2, 6], [3, 15, 4, 14], [5, 12, 6, 13]]"
12a_0620_72,"[[6, 13, 7, 14], [8, 12, 9, 11], [10, 20, 11, 19], [12, 2, 13, 1], [14, 21, 15, 22], [16, 24, 17, 23], [18, 10, 19, 9], [20, 4, 21, 3], [22, 5, 23, 6], [24, 18, 1, 17], [2, 8, 3, 7], [4, 16, 5, 15]]"
12a_0620_73,"[[4, 16, 5, 15], [6, 13, 7, 14], [8, 12, 9, 11], [10, 20, 11, 19], [12, 2, 13, 1], [14, 21, 15, 22], [16, 24, 17, 23], [18, 10, 19, 9], [20, 4, 21, 3], [22, 5, 23, 6], [24, 18, 1, 17], [2, 8, 3, 7]]"
12a_0620_74,"[[2, 8, 3, 7], [4, 16, 5, 15], [6, 13, 7, 14], [8, 12, 9, 11], [10, 20, 11, 19], [12, 2, 13, 1], [14, 21, 15, 22], [16, 24, 17, 23], [18, 10, 19, 9], [20, 4, 21, 3], [22, 5, 23, 6], [24, 18, 1, 17]]"
12a_0620_75,"[[24, 18, 1, 17], [2, 8, 3, 7], [4, 16, 5, 15], [6, 13, 7, 14], [8, 12, 9, 11], [10, 20, 11, 19], [12, 2, 13, 1], [14, 21, 15, 22], [16, 24, 17, 23], [18, 10, 19, 9], [20, 4, 21, 3], [22, 5, 23, 6]]"
12a_0620_76,"[[22, 5, 23, 6], [24, 18, 1, 17], [2, 8, 3, 7], [4, 16, 5, 15], [6, 13, 7, 14], [8, 12, 9, 11], [10, 20, 11, 19], [12, 2, 13, 1], [14, 21, 15, 22], [16, 24, 17, 23], [18, 10, 19, 9], [20, 4, 21, 3]]"
12a_0620_77,"[[20, 4, 21, 3], [22, 5, 23, 6], [24, 18, 1, 17], [2, 8, 3, 7], [4, 16, 5, 15], [6, 13, 7, 14], [8, 12, 9, 11], [10, 20, 11, 19], [12, 2, 13, 1], [14, 21, 15, 22], [16, 24, 17, 23], [18, 10, 19, 9]]"
12a_0620_78,"[[18, 10, 19, 9], [20, 4, 21, 3], [22, 5, 23, 6], [24, 18, 1, 17], [2, 8, 3, 7], [4, 16, 5, 15], [6, 13, 7, 14], [8, 12, 9, 11], [10, 20, 11, 19], [12, 2, 13, 1], [14, 21, 15, 22], [16, 24, 17, 23]]"
12a_0620_79,"[[16, 24, 17, 23], [18, 10, 19, 9], [20, 4, 21, 3], [22, 5, 23, 6], [24, 18, 1, 17], [2, 8, 3, 7], [4, 16, 5, 15], [6, 13, 7, 14], [8, 12, 9, 11], [10, 20, 11, 19], [12, 2, 13, 1], [14, 21, 15, 22]]"
12a_0620_80,"[[14, 21, 15, 22], [16, 24, 17, 23], [18, 10, 19, 9], [20, 4, 21, 3], [22, 5, 23, 6], [24, 18, 1, 17], [2, 8, 3, 7], [4, 16, 5, 15], [6, 13, 7, 14], [8, 12, 9, 11], [10, 20, 11, 19], [12, 2, 13, 1]]"
12a_0620_81,"[[12, 2, 13, 1], [14, 21, 15, 22], [16, 24, 17, 23], [18, 10, 19, 9], [20, 4, 21, 3], [22, 5, 23, 6], [24, 18, 1, 17], [2, 8, 3, 7], [4, 16, 5, 15], [6, 13, 7, 14], [8, 12, 9, 11], [10, 20, 11, 19]]"
12a_0620_82,"[[10, 20, 11, 19], [12, 2, 13, 1], [14, 21, 15, 22], [16, 24, 17, 23], [18, 10, 19, 9], [20, 4, 21, 3], [22, 5, 23, 6], [24, 18, 1, 17], [2, 8, 3, 7], [4, 16, 5, 15], [6, 13, 7, 14], [8, 12, 9, 11]]"
12a_0620_83,"[[8, 12, 9, 11], [10, 20, 11, 19], [12, 2, 13, 1], [14, 21, 15, 22], [16, 24, 17, 23], [18, 10, 19, 9], [20, 4, 21, 3], [22, 5, 23, 6], [24, 18, 1, 17], [2, 8, 3, 7], [4, 16, 5, 15], [6, 13, 7, 14]]"
12a_0620_84,"[[7, 14, 8, 15], [9, 13, 10, 12], [11, 21, 12, 20], [13, 3, 14, 2], [15, 22, 16, 23], [17, 1, 18, 24], [19, 11, 20, 10], [21, 5, 22, 4], [23, 6, 24, 7], [1, 19, 2, 18], [3, 9, 4, 8], [5, 17, 6, 16]]"
12a_0620_85,"[[5, 17, 6, 16], [7, 14, 8, 15], [9, 13, 10, 12], [11, 21, 12, 20], [13, 3, 14, 2], [15, 22, 16, 23], [17, 1, 18, 24], [19, 11, 20, 10], [21, 5, 22, 4], [23, 6, 24, 7], [1, 19, 2, 18], [3, 9, 4, 8]]"
12a_0620_86,"[[3, 9, 4, 8], [5, 17, 6, 16], [7, 14, 8, 15], [9, 13, 10, 12], [11, 21, 12, 20], [13, 3, 14, 2], [15, 22, 16, 23], [17, 1, 18, 24], [19, 11, 20, 10], [21, 5, 22, 4], [23, 6, 24, 7], [1, 19, 2, 18]]"
12a_0620_87,"[[1, 19, 2, 18], [3, 9, 4, 8], [5, 17, 6, 16], [7, 14, 8, 15], [9, 13, 10, 12], [11, 21, 12, 20], [13, 3, 14, 2], [15, 22, 16, 23], [17, 1, 18, 24], [19, 11, 20, 10], [21, 5, 22, 4], [23, 6, 24, 7]]"
12a_0620_88,"[[23, 6, 24, 7], [1, 19, 2, 18], [3, 9, 4, 8], [5, 17, 6, 16], [7, 14, 8, 15], [9, 13, 10, 12], [11, 21, 12, 20], [13, 3, 14, 2], [15, 22, 16, 23], [17, 1, 18, 24], [19, 11, 20, 10], [21, 5, 22, 4]]"
12a_0620_89,"[[21, 5, 22, 4], [23, 6, 24, 7], [1, 19, 2, 18], [3, 9, 4, 8], [5, 17, 6, 16], [7, 14, 8, 15], [9, 13, 10, 12], [11, 21, 12, 20], [13, 3, 14, 2], [15, 22, 16, 23], [17, 1, 18, 24], [19, 11, 20, 10]]"
12a_0620_90,"[[19, 11, 20, 10], [21, 5, 22, 4], [23, 6, 24, 7], [1, 19, 2, 18], [3, 9, 4, 8], [5, 17, 6, 16], [7, 14, 8, 15], [9, 13, 10, 12], [11, 21, 12, 20], [13, 3, 14, 2], [15, 22, 16, 23], [17, 1, 18, 24]]"
12a_0620_91,"[[17, 1, 18, 24], [19, 11, 20, 10], [21, 5, 22, 4], [23, 6, 24, 7], [1, 19, 2, 18], [3, 9, 4, 8], [5, 17, 6, 16], [7, 14, 8, 15], [9, 13, 10, 12], [11, 21, 12, 20], [13, 3, 14, 2], [15, 22, 16, 23]]"
12a_0620_92,"[[15, 22, 16, 23], [17, 1, 18, 24], [19, 11, 20, 10], [21, 5, 22, 4], [23, 6, 24, 7], [1, 19, 2, 18], [3, 9, 4, 8], [5, 17, 6, 16], [7, 14, 8, 15], [9, 13, 10, 12], [11, 21, 12, 20], [13, 3, 14, 2]]"
12a_0620_93,"[[13, 3, 14, 2], [15, 22, 16, 23], [17, 1, 18, 24], [19, 11, 20, 10], [21, 5, 22, 4], [23, 6, 24, 7], [1, 19, 2, 18], [3, 9, 4, 8], [5, 17, 6, 16], [7, 14, 8, 15], [9, 13, 10, 12], [11, 21, 12, 20]]"
12a_0620_94,"[[11, 21, 12, 20], [13, 3, 14, 2], [15, 22, 16, 23], [17, 1, 18, 24], [19, 11, 20, 10], [21, 5, 22, 4], [23, 6, 24, 7], [1, 19, 2, 18], [3, 9, 4, 8], [5, 17, 6, 16], [7, 14, 8, 15], [9, 13, 10, 12]]"
12a_0620_95,"[[9, 13, 10, 12], [11, 21, 12, 20], [13, 3, 14, 2], [15, 22, 16, 23], [17, 1, 18, 24], [19, 11, 20, 10], [21, 5, 22, 4], [23, 6, 24, 7], [1, 19, 2, 18], [3, 9, 4, 8], [5, 17, 6, 16], [7, 14, 8, 15]]"
12a_0620_96,"[[8, 15, 9, 16], [10, 14, 11, 13], [12, 22, 13, 21], [14, 4, 15, 3], [16, 23, 17, 24], [18, 2, 19, 1], [20, 12, 21, 11], [22, 6, 23, 5], [24, 7, 1, 8], [2, 20, 3, 19], [4, 10, 5, 9], [6, 18, 7, 17]]"
12a_0620_97,"[[6, 18, 7, 17], [8, 15, 9, 16], [10, 14, 11, 13], [12, 22, 13, 21], [14, 4, 15, 3], [16, 23, 17, 24], [18, 2, 19, 1], [20, 12, 21, 11], [22, 6, 23, 5], [24, 7, 1, 8], [2, 20, 3, 19], [4, 10, 5, 9]]"
12a_0620_98,"[[4, 10, 5, 9], [6, 18, 7, 17], [8, 15, 9, 16], [10, 14, 11, 13], [12, 22, 13, 21], [14, 4, 15, 3], [16, 23, 17, 24], [18, 2, 19, 1], [20, 12, 21, 11], [22, 6, 23, 5], [24, 7, 1, 8], [2, 20, 3, 19]]"
12a_0620_99,"[[2, 20, 3, 19], [4, 10, 5, 9], [6, 18, 7, 17], [8, 15, 9, 16], [10, 14, 11, 13], [12, 22, 13, 21], [14, 4, 15, 3], [16, 23, 17, 24], [18, 2, 19, 1], [20, 12, 21, 11], [22, 6, 23, 5], [24, 7, 1, 8]]"
12a_0620_100,"[[24, 7, 1, 8], [2, 20, 3, 19], [4, 10, 5, 9], [6, 18, 7, 17], [8, 15, 9, 16], [10, 14, 11, 13], [12, 22, 13, 21], [14, 4, 15, 3], [16, 23, 17, 24], [18, 2, 19, 1], [20, 12, 21, 11], [22, 6, 23, 5]]"
12a_0620_101,"[[22, 6, 23, 5], [24, 7, 1, 8], [2, 20, 3, 19], [4, 10, 5, 9], [6, 18, 7, 17], [8, 15, 9, 16], [10, 14, 11, 13], [12, 22, 13, 21], [14, 4, 15, 3], [16, 23, 17, 24], [18, 2, 19, 1], [20, 12, 21, 11]]"
12a_0620_102,"[[20, 12, 21, 11], [22, 6, 23, 5], [24, 7, 1, 8], [2, 20, 3, 19], [4, 10, 5, 9], [6, 18, 7, 17], [8, 15, 9, 16], [10, 14, 11, 13], [12, 22, 13, 21], [14, 4, 15, 3], [16, 23, 17, 24], [18, 2, 19, 1]]"
12a_0620_103,"[[18, 2, 19, 1], [20, 12, 21, 11], [22, 6, 23, 5], [24, 7, 1, 8], [2, 20, 3, 19], [4, 10, 5, 9], [6, 18, 7, 17], [8, 15, 9, 16], [10, 14, 11, 13], [12, 22, 13, 21], [14, 4, 15, 3], [16, 23, 17, 24]]"
12a_0620_104,"[[16, 23, 17, 24], [18, 2, 19, 1], [20, 12, 21, 11], [22, 6, 23, 5], [24, 7, 1, 8], [2, 20, 3, 19], [4, 10, 5, 9], [6, 18, 7, 17], [8, 15, 9, 16], [10, 14, 11, 13], [12, 22, 13, 21], [14, 4, 15, 3]]"
12a_0620_105,"[[14, 4, 15, 3], [16, 23, 17, 24], [18, 2, 19, 1], [20, 12, 21, 11], [22, 6, 23, 5], [24, 7, 1, 8], [2, 20, 3, 19], [4, 10, 5, 9], [6, 18, 7, 17], [8, 15, 9, 16], [10, 14, 11, 13], [12, 22, 13, 21]]"
12a_0620_106,"[[12, 22, 13, 21], [14, 4, 15, 3], [16, 23, 17, 24], [18, 2, 19, 1], [20, 12, 21, 11], [22, 6, 23, 5], [24, 7, 1, 8], [2, 20, 3, 19], [4, 10, 5, 9], [6, 18, 7, 17], [8, 15, 9, 16], [10, 14, 11, 13]]"
12a_0620_107,"[[10, 14, 11, 13], [12, 22, 13, 21], [14, 4, 15, 3], [16, 23, 17, 24], [18, 2, 19, 1], [20, 12, 21, 11], [22, 6, 23, 5], [24, 7, 1, 8], [2, 20, 3, 19], [4, 10, 5, 9], [6, 18, 7, 17], [8, 15, 9, 16]]"
12a_0620_108,"[[9, 16, 10, 17], [11, 15, 12, 14], [13, 23, 14, 22], [15, 5, 16, 4], [17, 24, 18, 1], [19, 3, 20, 2], [21, 13, 22, 12], [23, 7, 24, 6], [1, 8, 2, 9], [3, 21, 4, 20], [5, 11, 6, 10], [7, 19, 8, 18]]"
12a_0620_109,"[[7, 19, 8, 18], [9, 16, 10, 17], [11, 15, 12, 14], [13, 23, 14, 22], [15, 5, 16, 4], [17, 24, 18, 1], [19, 3, 20, 2], [21, 13, 22, 12], [23, 7, 24, 6], [1, 8, 2, 9], [3, 21, 4, 20], [5, 11, 6, 10]]"
12a_0620_110,"[[5, 11, 6, 10], [7, 19, 8, 18], [9, 16, 10, 17], [11, 15, 12, 14], [13, 23, 14, 22], [15, 5, 16, 4], [17, 24, 18, 1], [19, 3, 20, 2], [21, 13, 22, 12], [23, 7, 24, 6], [1, 8, 2, 9], [3, 21, 4, 20]]"
12a_0620_111,"[[3, 21, 4, 20], [5, 11, 6, 10], [7, 19, 8, 18], [9, 16, 10, 17], [11, 15, 12, 14], [13, 23, 14, 22], [15, 5, 16, 4], [17, 24, 18, 1], [19, 3, 20, 2], [21, 13, 22, 12], [23, 7, 24, 6], [1, 8, 2, 9]]"
12a_0620_112,"[[1, 8, 2, 9], [3, 21, 4, 20], [5, 11, 6, 10], [7, 19, 8, 18], [9, 16, 10, 17], [11, 15, 12, 14], [13, 23, 14, 22], [15, 5, 16, 4], [17, 24, 18, 1], [19, 3, 20, 2], [21, 13, 22, 12], [23, 7, 24, 6]]"
12a_0620_113,"[[23, 7, 24, 6], [1, 8, 2, 9], [3, 21, 4, 20], [5, 11, 6, 10], [7, 19, 8, 18], [9, 16, 10, 17], [11, 15, 12, 14], [13, 23, 14, 22], [15, 5, 16, 4], [17, 24, 18, 1], [19, 3, 20, 2], [21, 13, 22, 12]]"
12a_0620_114,"[[21, 13, 22, 12], [23, 7, 24, 6], [1, 8, 2, 9], [3, 21, 4, 20], [5, 11, 6, 10], [7, 19, 8, 18], [9, 16, 10, 17], [11, 15, 12, 14], [13, 23, 14, 22], [15, 5, 16, 4], [17, 24, 18, 1], [19, 3, 20, 2]]"
12a_0620_115,"[[19, 3, 20, 2], [21, 13, 22, 12], [23, 7, 24, 6], [1, 8, 2, 9], [3, 21, 4, 20], [5, 11, 6, 10], [7, 19, 8, 18], [9, 16, 10, 17], [11, 15, 12, 14], [13, 23, 14, 22], [15, 5, 16, 4], [17, 24, 18, 1]]"
12a_0620_116,"[[17, 24, 18, 1], [19, 3, 20, 2], [21, 13, 22, 12], [23, 7, 24, 6], [1, 8, 2, 9], [3, 21, 4, 20], [5, 11, 6, 10], [7, 19, 8, 18], [9, 16, 10, 17], [11, 15, 12, 14], [13, 23, 14, 22], [15, 5, 16, 4]]"
12a_0620_117,"[[15, 5, 16, 4], [17, 24, 18, 1], [19, 3, 20, 2], [21, 13, 22, 12], [23, 7, 24, 6], [1, 8, 2, 9], [3, 21, 4, 20], [5, 11, 6, 10], [7, 19, 8, 18], [9, 16, 10, 17], [11, 15, 12, 14], [13, 23, 14, 22]]"
12a_0620_118,"[[13, 23, 14, 22], [15, 5, 16, 4], [17, 24, 18, 1], [19, 3, 20, 2], [21, 13, 22, 12], [23, 7, 24, 6], [1, 8, 2, 9], [3, 21, 4, 20], [5, 11, 6, 10], [7, 19, 8, 18], [9, 16, 10, 17], [11, 15, 12, 14]]"
12a_0620_119,"[[11, 15, 12, 14], [13, 23, 14, 22], [15, 5, 16, 4], [17, 24, 18, 1], [19, 3, 20, 2], [21, 13, 22, 12], [23, 7, 24, 6], [1, 8, 2, 9], [3, 21, 4, 20], [5, 11, 6, 10], [7, 19, 8, 18], [9, 16, 10, 17]]"
12a_0620_120,"[[10, 17, 11, 18], [12, 16, 13, 15], [14, 24, 15, 23], [16, 6, 17, 5], [18, 1, 19, 2], [20, 4, 21, 3], [22, 14, 23, 13], [24, 8, 1, 7], [2, 9, 3, 10], [4, 22, 5, 21], [6, 12, 7, 11], [8, 20, 9, 19]]"
12a_0620_121,"[[8, 20, 9, 19], [10, 17, 11, 18], [12, 16, 13, 15], [14, 24, 15, 23], [16, 6, 17, 5], [18, 1, 19, 2], [20, 4, 21, 3], [22, 14, 23, 13], [24, 8, 1, 7], [2, 9, 3, 10], [4, 22, 5, 21], [6, 12, 7, 11]]"
12a_0620_122,"[[6, 12, 7, 11], [8, 20, 9, 19], [10, 17, 11, 18], [12, 16, 13, 15], [14, 24, 15, 23], [16, 6, 17, 5], [18, 1, 19, 2], [20, 4, 21, 3], [22, 14, 23, 13], [24, 8, 1, 7], [2, 9, 3, 10], [4, 22, 5, 21]]"
12a_0620_123,"[[4, 22, 5, 21], [6, 12, 7, 11], [8, 20, 9, 19], [10, 17, 11, 18], [12, 16, 13, 15], [14, 24, 15, 23], [16, 6, 17, 5], [18, 1, 19, 2], [20, 4, 21, 3], [22, 14, 23, 13], [24, 8, 1, 7], [2, 9, 3, 10]]"
12a_0620_124,"[[2, 9, 3, 10], [4, 22, 5, 21], [6, 12, 7, 11], [8, 20, 9, 19], [10, 17, 11, 18], [12, 16, 13, 15], [14, 24, 15, 23], [16, 6, 17, 5], [18, 1, 19, 2], [20, 4, 21, 3], [22, 14, 23, 13], [24, 8, 1, 7]]"
12a_0620_125,"[[24, 8, 1, 7], [2, 9, 3, 10], [4, 22, 5, 21], [6, 12, 7, 11], [8, 20, 9, 19], [10, 17, 11, 18], [12, 16, 13, 15], [14, 24, 15, 23], [16, 6, 17, 5], [18, 1, 19, 2], [20, 4, 21, 3], [22, 14, 23, 13]]"
12a_0620_126,"[[22, 14, 23, 13], [24, 8, 1, 7], [2, 9, 3, 10], [4, 22, 5, 21], [6, 12, 7, 11], [8, 20, 9, 19], [10, 17, 11, 18], [12, 16, 13, 15], [14, 24, 15, 23], [16, 6, 17, 5], [18, 1, 19, 2], [20, 4, 21, 3]]"
12a_0620_127,"[[20, 4, 21, 3], [22, 14, 23, 13], [24, 8, 1, 7], [2, 9, 3, 10], [4, 22, 5, 21], [6, 12, 7, 11], [8, 20, 9, 19], [10, 17, 11, 18], [12, 16, 13, 15], [14, 24, 15, 23], [16, 6, 17, 5], [18, 1, 19, 2]]"
12a_0620_128,"[[18, 1, 19, 2], [20, 4, 21, 3], [22, 14, 23, 13], [24, 8, 1, 7], [2, 9, 3, 10], [4, 22, 5, 21], [6, 12, 7, 11], [8, 20, 9, 19], [10, 17, 11, 18], [12, 16, 13, 15], [14, 24, 15, 23], [16, 6, 17, 5]]"
12a_0620_129,"[[16, 6, 17, 5], [18, 1, 19, 2], [20, 4, 21, 3], [22, 14, 23, 13], [24, 8, 1, 7], [2, 9, 3, 10], [4, 22, 5, 21], [6, 12, 7, 11], [8, 20, 9, 19], [10, 17, 11, 18], [12, 16, 13, 15], [14, 24, 15, 23]]"
12a_0620_130,"[[14, 24, 15, 23], [16, 6, 17, 5], [18, 1, 19, 2], [20, 4, 21, 3], [22, 14, 23, 13], [24, 8, 1, 7], [2, 9, 3, 10], [4, 22, 5, 21], [6, 12, 7, 11], [8, 20, 9, 19], [10, 17, 11, 18], [12, 16, 13, 15]]"
12a_0620_131,"[[12, 16, 13, 15], [14, 24, 15, 23], [16, 6, 17, 5], [18, 1, 19, 2], [20, 4, 21, 3], [22, 14, 23, 13], [24, 8, 1, 7], [2, 9, 3, 10], [4, 22, 5, 21], [6, 12, 7, 11], [8, 20, 9, 19], [10, 17, 11, 18]]"
12a_0620_132,"[[11, 18, 12, 19], [13, 17, 14, 16], [15, 1, 16, 24], [17, 7, 18, 6], [19, 2, 20, 3], [21, 5, 22, 4], [23, 15, 24, 14], [1, 9, 2, 8], [3, 10, 4, 11], [5, 23, 6, 22], [7, 13, 8, 12], [9, 21, 10, 20]]"
12a_0620_133,"[[9, 21, 10, 20], [11, 18, 12, 19], [13, 17, 14, 16], [15, 1, 16, 24], [17, 7, 18, 6], [19, 2, 20, 3], [21, 5, 22, 4], [23, 15, 24, 14], [1, 9, 2, 8], [3, 10, 4, 11], [5, 23, 6, 22], [7, 13, 8, 12]]"
12a_0620_134,"[[7, 13, 8, 12], [9, 21, 10, 20], [11, 18, 12, 19], [13, 17, 14, 16], [15, 1, 16, 24], [17, 7, 18, 6], [19, 2, 20, 3], [21, 5, 22, 4], [23, 15, 24, 14], [1, 9, 2, 8], [3, 10, 4, 11], [5, 23, 6, 22]]"
12a_0620_135,"[[5, 23, 6, 22], [7, 13, 8, 12], [9, 21, 10, 20], [11, 18, 12, 19], [13, 17, 14, 16], [15, 1, 16, 24], [17, 7, 18, 6], [19, 2, 20, 3], [21, 5, 22, 4], [23, 15, 24, 14], [1, 9, 2, 8], [3, 10, 4, 11]]"
12a_0620_136,"[[3, 10, 4, 11], [5, 23, 6, 22], [7, 13, 8, 12], [9, 21, 10, 20], [11, 18, 12, 19], [13, 17, 14, 16], [15, 1, 16, 24], [17, 7, 18, 6], [19, 2, 20, 3], [21, 5, 22, 4], [23, 15, 24, 14], [1, 9, 2, 8]]"
12a_0620_137,"[[1, 9, 2, 8], [3, 10, 4, 11], [5, 23, 6, 22], [7, 13, 8, 12], [9, 21, 10, 20], [11, 18, 12, 19], [13, 17, 14, 16], [15, 1, 16, 24], [17, 7, 18, 6], [19, 2, 20, 3], [21, 5, 22, 4], [23, 15, 24, 14]]"
12a_0620_138,"[[23, 15, 24, 14], [1, 9, 2, 8], [3, 10, 4, 11], [5, 23, 6, 22], [7, 13, 8, 12], [9, 21, 10, 20], [11, 18, 12, 19], [13, 17, 14, 16], [15, 1, 16, 24], [17, 7, 18, 6], [19, 2, 20, 3], [21, 5, 22, 4]]"
12a_0620_139,"[[21, 5, 22, 4], [23, 15, 24, 14], [1, 9, 2, 8], [3, 10, 4, 11], [5, 23, 6, 22], [7, 13, 8, 12], [9, 21, 10, 20], [11, 18, 12, 19], [13, 17, 14, 16], [15, 1, 16, 24], [17, 7, 18, 6], [19, 2, 20, 3]]"
12a_0620_140,"[[19, 2, 20, 3], [21, 5, 22, 4], [23, 15, 24, 14], [1, 9, 2, 8], [3, 10, 4, 11], [5, 23, 6, 22], [7, 13, 8, 12], [9, 21, 10, 20], [11, 18, 12, 19], [13, 17, 14, 16], [15, 1, 16, 24], [17, 7, 18, 6]]"
12a_0620_141,"[[17, 7, 18, 6], [19, 2, 20, 3], [21, 5, 22, 4], [23, 15, 24, 14], [1, 9, 2, 8], [3, 10, 4, 11], [5, 23, 6, 22], [7, 13, 8, 12], [9, 21, 10, 20], [11, 18, 12, 19], [13, 17, 14, 16], [15, 1, 16, 24]]"
12a_0620_142,"[[15, 1, 16, 24], [17, 7, 18, 6], [19, 2, 20, 3], [21, 5, 22, 4], [23, 15, 24, 14], [1, 9, 2, 8], [3, 10, 4, 11], [5, 23, 6, 22], [7, 13, 8, 12], [9, 21, 10, 20], [11, 18, 12, 19], [13, 17, 14, 16]]"
12a_0620_143,"[[13, 17, 14, 16], [15, 1, 16, 24], [17, 7, 18, 6], [19, 2, 20, 3], [21, 5, 22, 4], [23, 15, 24, 14], [1, 9, 2, 8], [3, 10, 4, 11], [5, 23, 6, 22], [7, 13, 8, 12], [9, 21, 10, 20], [11, 18, 12, 19]]"
12a_0620_144,"[[12, 19, 13, 20], [14, 18, 15, 17], [16, 2, 17, 1], [18, 8, 19, 7], [20, 3, 21, 4], [22, 6, 23, 5], [24, 16, 1, 15], [2, 10, 3, 9], [4, 11, 5, 12], [6, 24, 7, 23], [8, 14, 9, 13], [10, 22, 11, 21]]"
12a_0620_145,"[[10, 22, 11, 21], [12, 19, 13, 20], [14, 18, 15, 17], [16, 2, 17, 1], [18, 8, 19, 7], [20, 3, 21, 4], [22, 6, 23, 5], [24, 16, 1, 15], [2, 10, 3, 9], [4, 11, 5, 12], [6, 24, 7, 23], [8, 14, 9, 13]]"
12a_0620_146,"[[8, 14, 9, 13], [10, 22, 11, 21], [12, 19, 13, 20], [14, 18, 15, 17], [16, 2, 17, 1], [18, 8, 19, 7], [20, 3, 21, 4], [22, 6, 23, 5], [24, 16, 1, 15], [2, 10, 3, 9], [4, 11, 5, 12], [6, 24, 7, 23]]"
12a_0620_147,"[[6, 24, 7, 23], [8, 14, 9, 13], [10, 22, 11, 21], [12, 19, 13, 20], [14, 18, 15, 17], [16, 2, 17, 1], [18, 8, 19, 7], [20, 3, 21, 4], [22, 6, 23, 5], [24, 16, 1, 15], [2, 10, 3, 9], [4, 11, 5, 12]]"
12a_0620_148,"[[4, 11, 5, 12], [6, 24, 7, 23], [8, 14, 9, 13], [10, 22, 11, 21], [12, 19, 13, 20], [14, 18, 15, 17], [16, 2, 17, 1], [18, 8, 19, 7], [20, 3, 21, 4], [22, 6, 23, 5], [24, 16, 1, 15], [2, 10, 3, 9]]"
12a_0620_149,"[[2, 10, 3, 9], [4, 11, 5, 12], [6, 24, 7, 23], [8, 14, 9, 13], [10, 22, 11, 21], [12, 19, 13, 20], [14, 18, 15, 17], [16, 2, 17, 1], [18, 8, 19, 7], [20, 3, 21, 4], [22, 6, 23, 5], [24, 16, 1, 15]]"
12a_0620_150,"[[24, 16, 1, 15], [2, 10, 3, 9], [4, 11, 5, 12], [6, 24, 7, 23], [8, 14, 9, 13], [10, 22, 11, 21], [12, 19, 13, 20], [14, 18, 15, 17], [16, 2, 17, 1], [18, 8, 19, 7], [20, 3, 21, 4], [22, 6, 23, 5]]"
12a_0620_151,"[[22, 6, 23, 5], [24, 16, 1, 15], [2, 10, 3, 9], [4, 11, 5, 12], [6, 24, 7, 23], [8, 14, 9, 13], [10, 22, 11, 21], [12, 19, 13, 20], [14, 18, 15, 17], [16, 2, 17, 1], [18, 8, 19, 7], [20, 3, 21, 4]]"
12a_0620_152,"[[20, 3, 21, 4], [22, 6, 23, 5], [24, 16, 1, 15], [2, 10, 3, 9], [4, 11, 5, 12], [6, 24, 7, 23], [8, 14, 9, 13], [10, 22, 11, 21], [12, 19, 13, 20], [14, 18, 15, 17], [16, 2, 17, 1], [18, 8, 19, 7]]"
12a_0620_153,"[[18, 8, 19, 7], [20, 3, 21, 4], [22, 6, 23, 5], [24, 16, 1, 15], [2, 10, 3, 9], [4, 11, 5, 12], [6, 24, 7, 23], [8, 14, 9, 13], [10, 22, 11, 21], [12, 19, 13, 20], [14, 18, 15, 17], [16, 2, 17, 1]]"
12a_0620_154,"[[16, 2, 17, 1], [18, 8, 19, 7], [20, 3, 21, 4], [22, 6, 23, 5], [24, 16, 1, 15], [2, 10, 3, 9], [4, 11, 5, 12], [6, 24, 7, 23], [8, 14, 9, 13], [10, 22, 11, 21], [12, 19, 13, 20], [14, 18, 15, 17]]"
12a_0620_155,"[[14, 18, 15, 17], [16, 2, 17, 1], [18, 8, 19, 7], [20, 3, 21, 4], [22, 6, 23, 5], [24, 16, 1, 15], [2, 10, 3, 9], [4, 11, 5, 12], [6, 24, 7, 23], [8, 14, 9, 13], [10, 22, 11, 21], [12, 19, 13, 20]]"
12a_0620_156,"[[13, 20, 14, 21], [15, 19, 16, 18], [17, 3, 18, 2], [19, 9, 20, 8], [21, 4, 22, 5], [23, 7, 24, 6], [1, 17, 2, 16], [3, 11, 4, 10], [5, 12, 6, 13], [7, 1, 8, 24], [9, 15, 10, 14], [11, 23, 12, 22]]"
12a_0620_157,"[[11, 23, 12, 22], [13, 20, 14, 21], [15, 19, 16, 18], [17, 3, 18, 2], [19, 9, 20, 8], [21, 4, 22, 5], [23, 7, 24, 6], [1, 17, 2, 16], [3, 11, 4, 10], [5, 12, 6, 13], [7, 1, 8, 24], [9, 15, 10, 14]]"
12a_0620_158,"[[9, 15, 10, 14], [11, 23, 12, 22], [13, 20, 14, 21], [15, 19, 16, 18], [17, 3, 18, 2], [19, 9, 20, 8], [21, 4, 22, 5], [23, 7, 24, 6], [1, 17, 2, 16], [3, 11, 4, 10], [5, 12, 6, 13], [7, 1, 8, 24]]"
12a_0620_159,"[[7, 1, 8, 24], [9, 15, 10, 14], [11, 23, 12, 22], [13, 20, 14, 21], [15, 19, 16, 18], [17, 3, 18, 2], [19, 9, 20, 8], [21, 4, 22, 5], [23, 7, 24, 6], [1, 17, 2, 16], [3, 11, 4, 10], [5, 12, 6, 13]]"
12a_0620_160,"[[5, 12, 6, 13], [7, 1, 8, 24], [9, 15, 10, 14], [11, 23, 12, 22], [13, 20, 14, 21], [15, 19, 16, 18], [17, 3, 18, 2], [19, 9, 20, 8], [21, 4, 22, 5], [23, 7, 24, 6], [1, 17, 2, 16], [3, 11, 4, 10]]"
12a_0620_161,"[[3, 11, 4, 10], [5, 12, 6, 13], [7, 1, 8, 24], [9, 15, 10, 14], [11, 23, 12, 22], [13, 20, 14, 21], [15, 19, 16, 18], [17, 3, 18, 2], [19, 9, 20, 8], [21, 4, 22, 5], [23, 7, 24, 6], [1, 17, 2, 16]]"
12a_0620_162,"[[1, 17, 2, 16], [3, 11, 4, 10], [5, 12, 6, 13], [7, 1, 8, 24], [9, 15, 10, 14], [11, 23, 12, 22], [13, 20, 14, 21], [15, 19, 16, 18], [17, 3, 18, 2], [19, 9, 20, 8], [21, 4, 22, 5], [23, 7, 24, 6]]"
12a_0620_163,"[[23, 7, 24, 6], [1, 17, 2, 16], [3, 11, 4, 10], [5, 12, 6, 13], [7, 1, 8, 24], [9, 15, 10, 14], [11, 23, 12, 22], [13, 20, 14, 21], [15, 19, 16, 18], [17, 3, 18, 2], [19, 9, 20, 8], [21, 4, 22, 5]]"
12a_0620_164,"[[21, 4, 22, 5], [23, 7, 24, 6], [1, 17, 2, 16], [3, 11, 4, 10], [5, 12, 6, 13], [7, 1, 8, 24], [9, 15, 10, 14], [11, 23, 12, 22], [13, 20, 14, 21], [15, 19, 16, 18], [17, 3, 18, 2], [19, 9, 20, 8]]"
12a_0620_165,"[[19, 9, 20, 8], [21, 4, 22, 5], [23, 7, 24, 6], [1, 17, 2, 16], [3, 11, 4, 10], [5, 12, 6, 13], [7, 1, 8, 24], [9, 15, 10, 14], [11, 23, 12, 22], [13, 20, 14, 21], [15, 19, 16, 18], [17, 3, 18, 2]]"
12a_0620_166,"[[17, 3, 18, 2], [19, 9, 20, 8], [21, 4, 22, 5], [23, 7, 24, 6], [1, 17, 2, 16], [3, 11, 4, 10], [5, 12, 6, 13], [7, 1, 8, 24], [9, 15, 10, 14], [11, 23, 12, 22], [13, 20, 14, 21], [15, 19, 16, 18]]"
12a_0620_167,"[[15, 19, 16, 18], [17, 3, 18, 2], [19, 9, 20, 8], [21, 4, 22, 5], [23, 7, 24, 6], [1, 17, 2, 16], [3, 11, 4, 10], [5, 12, 6, 13], [7, 1, 8, 24], [9, 15, 10, 14], [11, 23, 12, 22], [13, 20, 14, 21]]"
12a_0620_168,"[[14, 21, 15, 22], [16, 20, 17, 19], [18, 4, 19, 3], [20, 10, 21, 9], [22, 5, 23, 6], [24, 8, 1, 7], [2, 18, 3, 17], [4, 12, 5, 11], [6, 13, 7, 14], [8, 2, 9, 1], [10, 16, 11, 15], [12, 24, 13, 23]]"
12a_0620_169,"[[12, 24, 13, 23], [14, 21, 15, 22], [16, 20, 17, 19], [18, 4, 19, 3], [20, 10, 21, 9], [22, 5, 23, 6], [24, 8, 1, 7], [2, 18, 3, 17], [4, 12, 5, 11], [6, 13, 7, 14], [8, 2, 9, 1], [10, 16, 11, 15]]"
12a_0620_170,"[[10, 16, 11, 15], [12, 24, 13, 23], [14, 21, 15, 22], [16, 20, 17, 19], [18, 4, 19, 3], [20, 10, 21, 9], [22, 5, 23, 6], [24, 8, 1, 7], [2, 18, 3, 17], [4, 12, 5, 11], [6, 13, 7, 14], [8, 2, 9, 1]]"
12a_0620_171,"[[8, 2, 9, 1], [10, 16, 11, 15], [12, 24, 13, 23], [14, 21, 15, 22], [16, 20, 17, 19], [18, 4, 19, 3], [20, 10, 21, 9], [22, 5, 23, 6], [24, 8, 1, 7], [2, 18, 3, 17], [4, 12, 5, 11], [6, 13, 7, 14]]"
12a_0620_172,"[[6, 13, 7, 14], [8, 2, 9, 1], [10, 16, 11, 15], [12, 24, 13, 23], [14, 21, 15, 22], [16, 20, 17, 19], [18, 4, 19, 3], [20, 10, 21, 9], [22, 5, 23, 6], [24, 8, 1, 7], [2, 18, 3, 17], [4, 12, 5, 11]]"
12a_0620_173,"[[4, 12, 5, 11], [6, 13, 7, 14], [8, 2, 9, 1], [10, 16, 11, 15], [12, 24, 13, 23], [14, 21, 15, 22], [16, 20, 17, 19], [18, 4, 19, 3], [20, 10, 21, 9], [22, 5, 23, 6], [24, 8, 1, 7], [2, 18, 3, 17]]"
12a_0620_174,"[[2, 18, 3, 17], [4, 12, 5, 11], [6, 13, 7, 14], [8, 2, 9, 1], [10, 16, 11, 15], [12, 24, 13, 23], [14, 21, 15, 22], [16, 20, 17, 19], [18, 4, 19, 3], [20, 10, 21, 9], [22, 5, 23, 6], [24, 8, 1, 7]]"
12a_0620_175,"[[24, 8, 1, 7], [2, 18, 3, 17], [4, 12, 5, 11], [6, 13, 7, 14], [8, 2, 9, 1], [10, 16, 11, 15], [12, 24, 13, 23], [14, 21, 15, 22], [16, 20, 17, 19], [18, 4, 19, 3], [20, 10, 21, 9], [22, 5, 23, 6]]"
12a_0620_176,"[[22, 5, 23, 6], [24, 8, 1, 7], [2, 18, 3, 17], [4, 12, 5, 11], [6, 13, 7, 14], [8, 2, 9, 1], [10, 16, 11, 15], [12, 24, 13, 23], [14, 21, 15, 22], [16, 20, 17, 19], [18, 4, 19, 3], [20, 10, 21, 9]]"
12a_0620_177,"[[20, 10, 21, 9], [22, 5, 23, 6], [24, 8, 1, 7], [2, 18, 3, 17], [4, 12, 5, 11], [6, 13, 7, 14], [8, 2, 9, 1], [10, 16, 11, 15], [12, 24, 13, 23], [14, 21, 15, 22], [16, 20, 17, 19], [18, 4, 19, 3]]"
12a_0620_178,"[[18, 4, 19, 3], [20, 10, 21, 9], [22, 5, 23, 6], [24, 8, 1, 7], [2, 18, 3, 17], [4, 12, 5, 11], [6, 13, 7, 14], [8, 2, 9, 1], [10, 16, 11, 15], [12, 24, 13, 23], [14, 21, 15, 22], [16, 20, 17, 19]]"
12a_0620_179,"[[16, 20, 17, 19], [18, 4, 19, 3], [20, 10, 21, 9], [22, 5, 23, 6], [24, 8, 1, 7], [2, 18, 3, 17], [4, 12, 5, 11], [6, 13, 7, 14], [8, 2, 9, 1], [10, 16, 11, 15], [12, 24, 13, 23], [14, 21, 15, 22]]"
12a_0620_180,"[[15, 22, 16, 23], [17, 21, 18, 20], [19, 5, 20, 4], [21, 11, 22, 10], [23, 6, 24, 7], [1, 9, 2, 8], [3, 19, 4, 18], [5, 13, 6, 12], [7, 14, 8, 15], [9, 3, 10, 2], [11, 17, 12, 16], [13, 1, 14, 24]]"
12a_0620_181,"[[13, 1, 14, 24], [15, 22, 16, 23], [17, 21, 18, 20], [19, 5, 20, 4], [21, 11, 22, 10], [23, 6, 24, 7], [1, 9, 2, 8], [3, 19, 4, 18], [5, 13, 6, 12], [7, 14, 8, 15], [9, 3, 10, 2], [11, 17, 12, 16]]"
12a_0620_182,"[[11, 17, 12, 16], [13, 1, 14, 24], [15, 22, 16, 23], [17, 21, 18, 20], [19, 5, 20, 4], [21, 11, 22, 10], [23, 6, 24, 7], [1, 9, 2, 8], [3, 19, 4, 18], [5, 13, 6, 12], [7, 14, 8, 15], [9, 3, 10, 2]]"
12a_0620_183,"[[9, 3, 10, 2], [11, 17, 12, 16], [13, 1, 14, 24], [15, 22, 16, 23], [17, 21, 18, 20], [19, 5, 20, 4], [21, 11, 22, 10], [23, 6, 24, 7], [1, 9, 2, 8], [3, 19, 4, 18], [5, 13, 6, 12], [7, 14, 8, 15]]"
12a_0620_184,"[[7, 14, 8, 15], [9, 3, 10, 2], [11, 17, 12, 16], [13, 1, 14, 24], [15, 22, 16, 23], [17, 21, 18, 20], [19, 5, 20, 4], [21, 11, 22, 10], [23, 6, 24, 7], [1, 9, 2, 8], [3, 19, 4, 18], [5, 13, 6, 12]]"
12a_0620_185,"[[5, 13, 6, 12], [7, 14, 8, 15], [9, 3, 10, 2], [11, 17, 12, 16], [13, 1, 14, 24], [15, 22, 16, 23], [17, 21, 18, 20], [19, 5, 20, 4], [21, 11, 22, 10], [23, 6, 24, 7], [1, 9, 2, 8], [3, 19, 4, 18]]"
