name,pd_notation
12a_1023_0,"[[24, 20, 1, 19], [2, 8, 3, 7], [4, 13, 5, 14], [6, 15, 7, 16], [8, 18, 9, 17], [10, 22, 11, 21], [12, 24, 13, 23], [14, 5, 15, 6], [16, 3, 17, 4], [18, 2, 19, 1], [20, 10, 21, 9], [22, 12, 23, 11]]"
12a_1023_1,"[[22, 12, 23, 11], [24, 20, 1, 19], [2, 8, 3, 7], [4, 13, 5, 14], [6, 15, 7, 16], [8, 18, 9, 17], [10, 22, 11, 21], [12, 24, 13, 23], [14, 5, 15, 6], [16, 3, 17, 4], [18, 2, 19, 1], [20, 10, 21, 9]]"
12a_1023_2,"[[20, 10, 21, 9], [22, 12, 23, 11], [24, 20, 1, 19], [2, 8, 3, 7], [4, 13, 5, 14], [6, 15, 7, 16], [8, 18, 9, 17], [10, 22, 11, 21], [12, 24, 13, 23], [14, 5, 15, 6], [16, 3, 17, 4], [18, 2, 19, 1]]"
12a_1023_3,"[[18, 2, 19, 1], [20, 10, 21, 9], [22, 12, 23, 11], [24, 20, 1, 19], [2, 8, 3, 7], [4, 13, 5, 14], [6, 15, 7, 16], [8, 18, 9, 17], [10, 22, 11, 21], [12, 24, 13, 23], [14, 5, 15, 6], [16, 3, 17, 4]]"
12a_1023_4,"[[16, 3, 17, 4], [18, 2, 19, 1], [20, 10, 21, 9], [22, 12, 23, 11], [24, 20, 1, 19], [2, 8, 3, 7], [4, 13, 5, 14], [6, 15, 7, 16], [8, 18, 9, 17], [10, 22, 11, 21], [12, 24, 13, 23], [14, 5, 15, 6]]"
12a_1023_5,"[[14, 5, 15, 6], [16, 3, 17, 4], [18, 2, 19, 1], [20, 10, 21, 9], [22, 12, 23, 11], [24, 20, 1, 19], [2, 8, 3, 7], [4, 13, 5, 14], [6, 15, 7, 16], [8, 18, 9, 17], [10, 22, 11, 21], [12, 24, 13, 23]]"
12a_1023_6,"[[12, 24, 13, 23], [14, 5, 15, 6], [16, 3, 17, 4], [18, 2, 19, 1], [20, 10, 21, 9], [22, 12, 23, 11], [24, 20, 1, 19], [2, 8, 3, 7], [4, 13, 5, 14], [6, 15, 7, 16], [8, 18, 9, 17], [10, 22, 11, 21]]"
12a_1023_7,"[[10, 22, 11, 21], [12, 24, 13, 23], [14, 5, 15, 6], [16, 3, 17, 4], [18, 2, 19, 1], [20, 10, 21, 9], [22, 12, 23, 11], [24, 20, 1, 19], [2, 8, 3, 7], [4, 13, 5, 14], [6, 15, 7, 16], [8, 18, 9, 17]]"
12a_1023_8,"[[8, 18, 9, 17], [10, 22, 11, 21], [12, 24, 13, 23], [14, 5, 15, 6], [16, 3, 17, 4], [18, 2, 19, 1], [20, 10, 21, 9], [22, 12, 23, 11], [24, 20, 1, 19], [2, 8, 3, 7], [4, 13, 5, 14], [6, 15, 7, 16]]"
12a_1023_9,"[[6, 15, 7, 16], [8, 18, 9, 17], [10, 22, 11, 21], [12, 24, 13, 23], [14, 5, 15, 6], [16, 3, 17, 4], [18, 2, 19, 1], [20, 10, 21, 9], [22, 12, 23, 11], [24, 20, 1, 19], [2, 8, 3, 7], [4, 13, 5, 14]]"
12a_1023_10,"[[4, 13, 5, 14], [6, 15, 7, 16], [8, 18, 9, 17], [10, 22, 11, 21], [12, 24, 13, 23], [14, 5, 15, 6], [16, 3, 17, 4], [18, 2, 19, 1], [20, 10, 21, 9], [22, 12, 23, 11], [24, 20, 1, 19], [2, 8, 3, 7]]"
12a_1023_11,"[[2, 8, 3, 7], [4, 13, 5, 14], [6, 15, 7, 16], [8, 18, 9, 17], [10, 22, 11, 21], [12, 24, 13, 23], [14, 5, 15, 6], [16, 3, 17, 4], [18, 2, 19, 1], [20, 10, 21, 9], [22, 12, 23, 11], [24, 20, 1, 19]]"
12a_1023_12,"[[1, 21, 2, 20], [3, 9, 4, 8], [5, 14, 6, 15], [7, 16, 8, 17], [9, 19, 10, 18], [11, 23, 12, 22], [13, 1, 14, 24], [15, 6, 16, 7], [17, 4, 18, 5], [19, 3, 20, 2], [21, 11, 22, 10], [23, 13, 24, 12]]"
12a_1023_13,"[[23, 13, 24, 12], [1, 21, 2, 20], [3, 9, 4, 8], [5, 14, 6, 15], [7, 16, 8, 17], [9, 19, 10, 18], [11, 23, 12, 22], [13, 1, 14, 24], [15, 6, 16, 7], [17, 4, 18, 5], [19, 3, 20, 2], [21, 11, 22, 10]]"
12a_1023_14,"[[21, 11, 22, 10], [23, 13, 24, 12], [1, 21, 2, 20], [3, 9, 4, 8], [5, 14, 6, 15], [7, 16, 8, 17], [9, 19, 10, 18], [11, 23, 12, 22], [13, 1, 14, 24], [15, 6, 16, 7], [17, 4, 18, 5], [19, 3, 20, 2]]"
12a_1023_15,"[[19, 3, 20, 2], [21, 11, 22, 10], [23, 13, 24, 12], [1, 21, 2, 20], [3, 9, 4, 8], [5, 14, 6, 15], [7, 16, 8, 17], [9, 19, 10, 18], [11, 23, 12, 22], [13, 1, 14, 24], [15, 6, 16, 7], [17, 4, 18, 5]]"
12a_1023_16,"[[17, 4, 18, 5], [19, 3, 20, 2], [21, 11, 22, 10], [23, 13, 24, 12], [1, 21, 2, 20], [3, 9, 4, 8], [5, 14, 6, 15], [7, 16, 8, 17], [9, 19, 10, 18], [11, 23, 12, 22], [13, 1, 14, 24], [15, 6, 16, 7]]"
12a_1023_17,"[[15, 6, 16, 7], [17, 4, 18, 5], [19, 3, 20, 2], [21, 11, 22, 10], [23, 13, 24, 12], [1, 21, 2, 20], [3, 9, 4, 8], [5, 14, 6, 15], [7, 16, 8, 17], [9, 19, 10, 18], [11, 23, 12, 22], [13, 1, 14, 24]]"
12a_1023_18,"[[13, 1, 14, 24], [15, 6, 16, 7], [17, 4, 18, 5], [19, 3, 20, 2], [21, 11, 22, 10], [23, 13, 24, 12], [1, 21, 2, 20], [3, 9, 4, 8], [5, 14, 6, 15], [7, 16, 8, 17], [9, 19, 10, 18], [11, 23, 12, 22]]"
12a_1023_19,"[[11, 23, 12, 22], [13, 1, 14, 24], [15, 6, 16, 7], [17, 4, 18, 5], [19, 3, 20, 2], [21, 11, 22, 10], [23, 13, 24, 12], [1, 21, 2, 20], [3, 9, 4, 8], [5, 14, 6, 15], [7, 16, 8, 17], [9, 19, 10, 18]]"
12a_1023_20,"[[9, 19, 10, 18], [11, 23, 12, 22], [13, 1, 14, 24], [15, 6, 16, 7], [17, 4, 18, 5], [19, 3, 20, 2], [21, 11, 22, 10], [23, 13, 24, 12], [1, 21, 2, 20], [3, 9, 4, 8], [5, 14, 6, 15], [7, 16, 8, 17]]"
12a_1023_21,"[[7, 16, 8, 17], [9, 19, 10, 18], [11, 23, 12, 22], [13, 1, 14, 24], [15, 6, 16, 7], [17, 4, 18, 5], [19, 3, 20, 2], [21, 11, 22, 10], [23, 13, 24, 12], [1, 21, 2, 20], [3, 9, 4, 8], [5, 14, 6, 15]]"
12a_1023_22,"[[5, 14, 6, 15], [7, 16, 8, 17], [9, 19, 10, 18], [11, 23, 12, 22], [13, 1, 14, 24], [15, 6, 16, 7], [17, 4, 18, 5], [19, 3, 20, 2], [21, 11, 22, 10], [23, 13, 24, 12], [1, 21, 2, 20], [3, 9, 4, 8]]"
12a_1023_23,"[[3, 9, 4, 8], [5, 14, 6, 15], [7, 16, 8, 17], [9, 19, 10, 18], [11, 23, 12, 22], [13, 1, 14, 24], [15, 6, 16, 7], [17, 4, 18, 5], [19, 3, 20, 2], [21, 11, 22, 10], [23, 13, 24, 12], [1, 21, 2, 20]]"
12a_1023_24,"[[2, 22, 3, 21], [4, 10, 5, 9], [6, 15, 7, 16], [8, 17, 9, 18], [10, 20, 11, 19], [12, 24, 13, 23], [14, 2, 15, 1], [16, 7, 17, 8], [18, 5, 19, 6], [20, 4, 21, 3], [22, 12, 23, 11], [24, 14, 1, 13]]"
12a_1023_25,"[[24, 14, 1, 13], [2, 22, 3, 21], [4, 10, 5, 9], [6, 15, 7, 16], [8, 17, 9, 18], [10, 20, 11, 19], [12, 24, 13, 23], [14, 2, 15, 1], [16, 7, 17, 8], [18, 5, 19, 6], [20, 4, 21, 3], [22, 12, 23, 11]]"
12a_1023_26,"[[22, 12, 23, 11], [24, 14, 1, 13], [2, 22, 3, 21], [4, 10, 5, 9], [6, 15, 7, 16], [8, 17, 9, 18], [10, 20, 11, 19], [12, 24, 13, 23], [14, 2, 15, 1], [16, 7, 17, 8], [18, 5, 19, 6], [20, 4, 21, 3]]"
12a_1023_27,"[[20, 4, 21, 3], [22, 12, 23, 11], [24, 14, 1, 13], [2, 22, 3, 21], [4, 10, 5, 9], [6, 15, 7, 16], [8, 17, 9, 18], [10, 20, 11, 19], [12, 24, 13, 23], [14, 2, 15, 1], [16, 7, 17, 8], [18, 5, 19, 6]]"
12a_1023_28,"[[18, 5, 19, 6], [20, 4, 21, 3], [22, 12, 23, 11], [24, 14, 1, 13], [2, 22, 3, 21], [4, 10, 5, 9], [6, 15, 7, 16], [8, 17, 9, 18], [10, 20, 11, 19], [12, 24, 13, 23], [14, 2, 15, 1], [16, 7, 17, 8]]"
12a_1023_29,"[[16, 7, 17, 8], [18, 5, 19, 6], [20, 4, 21, 3], [22, 12, 23, 11], [24, 14, 1, 13], [2, 22, 3, 21], [4, 10, 5, 9], [6, 15, 7, 16], [8, 17, 9, 18], [10, 20, 11, 19], [12, 24, 13, 23], [14, 2, 15, 1]]"
12a_1023_30,"[[14, 2, 15, 1], [16, 7, 17, 8], [18, 5, 19, 6], [20, 4, 21, 3], [22, 12, 23, 11], [24, 14, 1, 13], [2, 22, 3, 21], [4, 10, 5, 9], [6, 15, 7, 16], [8, 17, 9, 18], [10, 20, 11, 19], [12, 24, 13, 23]]"
12a_1023_31,"[[12, 24, 13, 23], [14, 2, 15, 1], [16, 7, 17, 8], [18, 5, 19, 6], [20, 4, 21, 3], [22, 12, 23, 11], [24, 14, 1, 13], [2, 22, 3, 21], [4, 10, 5, 9], [6, 15, 7, 16], [8, 17, 9, 18], [10, 20, 11, 19]]"
12a_1023_32,"[[10, 20, 11, 19], [12, 24, 13, 23], [14, 2, 15, 1], [16, 7, 17, 8], [18, 5, 19, 6], [20, 4, 21, 3], [22, 12, 23, 11], [24, 14, 1, 13], [2, 22, 3, 21], [4, 10, 5, 9], [6, 15, 7, 16], [8, 17, 9, 18]]"
12a_1023_33,"[[8, 17, 9, 18], [10, 20, 11, 19], [12, 24, 13, 23], [14, 2, 15, 1], [16, 7, 17, 8], [18, 5, 19, 6], [20, 4, 21, 3], [22, 12, 23, 11], [24, 14, 1, 13], [2, 22, 3, 21], [4, 10, 5, 9], [6, 15, 7, 16]]"
12a_1023_34,"[[6, 15, 7, 16], [8, 17, 9, 18], [10, 20, 11, 19], [12, 24, 13, 23], [14, 2, 15, 1], [16, 7, 17, 8], [18, 5, 19, 6], [20, 4, 21, 3], [22, 12, 23, 11], [24, 14, 1, 13], [2, 22, 3, 21], [4, 10, 5, 9]]"
12a_1023_35,"[[4, 10, 5, 9], [6, 15, 7, 16], [8, 17, 9, 18], [10, 20, 11, 19], [12, 24, 13, 23], [14, 2, 15, 1], [16, 7, 17, 8], [18, 5, 19, 6], [20, 4, 21, 3], [22, 12, 23, 11], [24, 14, 1, 13], [2, 22, 3, 21]]"
12a_1023_36,"[[3, 23, 4, 22], [5, 11, 6, 10], [7, 16, 8, 17], [9, 18, 10, 19], [11, 21, 12, 20], [13, 1, 14, 24], [15, 3, 16, 2], [17, 8, 18, 9], [19, 6, 20, 7], [21, 5, 22, 4], [23, 13, 24, 12], [1, 15, 2, 14]]"
12a_1023_37,"[[1, 15, 2, 14], [3, 23, 4, 22], [5, 11, 6, 10], [7, 16, 8, 17], [9, 18, 10, 19], [11, 21, 12, 20], [13, 1, 14, 24], [15, 3, 16, 2], [17, 8, 18, 9], [19, 6, 20, 7], [21, 5, 22, 4], [23, 13, 24, 12]]"
12a_1023_38,"[[23, 13, 24, 12], [1, 15, 2, 14], [3, 23, 4, 22], [5, 11, 6, 10], [7, 16, 8, 17], [9, 18, 10, 19], [11, 21, 12, 20], [13, 1, 14, 24], [15, 3, 16, 2], [17, 8, 18, 9], [19, 6, 20, 7], [21, 5, 22, 4]]"
12a_1023_39,"[[21, 5, 22, 4], [23, 13, 24, 12], [1, 15, 2, 14], [3, 23, 4, 22], [5, 11, 6, 10], [7, 16, 8, 17], [9, 18, 10, 19], [11, 21, 12, 20], [13, 1, 14, 24], [15, 3, 16, 2], [17, 8, 18, 9], [19, 6, 20, 7]]"
12a_1023_40,"[[19, 6, 20, 7], [21, 5, 22, 4], [23, 13, 24, 12], [1, 15, 2, 14], [3, 23, 4, 22], [5, 11, 6, 10], [7, 16, 8, 17], [9, 18, 10, 19], [11, 21, 12, 20], [13, 1, 14, 24], [15, 3, 16, 2], [17, 8, 18, 9]]"
12a_1023_41,"[[17, 8, 18, 9], [19, 6, 20, 7], [21, 5, 22, 4], [23, 13, 24, 12], [1, 15, 2, 14], [3, 23, 4, 22], [5, 11, 6, 10], [7, 16, 8, 17], [9, 18, 10, 19], [11, 21, 12, 20], [13, 1, 14, 24], [15, 3, 16, 2]]"
12a_1023_42,"[[15, 3, 16, 2], [17, 8, 18, 9], [19, 6, 20, 7], [21, 5, 22, 4], [23, 13, 24, 12], [1, 15, 2, 14], [3, 23, 4, 22], [5, 11, 6, 10], [7, 16, 8, 17], [9, 18, 10, 19], [11, 21, 12, 20], [13, 1, 14, 24]]"
12a_1023_43,"[[13, 1, 14, 24], [15, 3, 16, 2], [17, 8, 18, 9], [19, 6, 20, 7], [21, 5, 22, 4], [23, 13, 24, 12], [1, 15, 2, 14], [3, 23, 4, 22], [5, 11, 6, 10], [7, 16, 8, 17], [9, 18, 10, 19], [11, 21, 12, 20]]"
12a_1023_44,"[[11, 21, 12, 20], [13, 1, 14, 24], [15, 3, 16, 2], [17, 8, 18, 9], [19, 6, 20, 7], [21, 5, 22, 4], [23, 13, 24, 12], [1, 15, 2, 14], [3, 23, 4, 22], [5, 11, 6, 10], [7, 16, 8, 17], [9, 18, 10, 19]]"
12a_1023_45,"[[9, 18, 10, 19], [11, 21, 12, 20], [13, 1, 14, 24], [15, 3, 16, 2], [17, 8, 18, 9], [19, 6, 20, 7], [21, 5, 22, 4], [23, 13, 24, 12], [1, 15, 2, 14], [3, 23, 4, 22], [5, 11, 6, 10], [7, 16, 8, 17]]"
12a_1023_46,"[[7, 16, 8, 17], [9, 18, 10, 19], [11, 21, 12, 20], [13, 1, 14, 24], [15, 3, 16, 2], [17, 8, 18, 9], [19, 6, 20, 7], [21, 5, 22, 4], [23, 13, 24, 12], [1, 15, 2, 14], [3, 23, 4, 22], [5, 11, 6, 10]]"
12a_1023_47,"[[5, 11, 6, 10], [7, 16, 8, 17], [9, 18, 10, 19], [11, 21, 12, 20], [13, 1, 14, 24], [15, 3, 16, 2], [17, 8, 18, 9], [19, 6, 20, 7], [21, 5, 22, 4], [23, 13, 24, 12], [1, 15, 2, 14], [3, 23, 4, 22]]"
12a_1023_48,"[[4, 24, 5, 23], [6, 12, 7, 11], [8, 17, 9, 18], [10, 19, 11, 20], [12, 22, 13, 21], [14, 2, 15, 1], [16, 4, 17, 3], [18, 9, 19, 10], [20, 7, 21, 8], [22, 6, 23, 5], [24, 14, 1, 13], [2, 16, 3, 15]]"
12a_1023_49,"[[2, 16, 3, 15], [4, 24, 5, 23], [6, 12, 7, 11], [8, 17, 9, 18], [10, 19, 11, 20], [12, 22, 13, 21], [14, 2, 15, 1], [16, 4, 17, 3], [18, 9, 19, 10], [20, 7, 21, 8], [22, 6, 23, 5], [24, 14, 1, 13]]"
12a_1023_50,"[[24, 14, 1, 13], [2, 16, 3, 15], [4, 24, 5, 23], [6, 12, 7, 11], [8, 17, 9, 18], [10, 19, 11, 20], [12, 22, 13, 21], [14, 2, 15, 1], [16, 4, 17, 3], [18, 9, 19, 10], [20, 7, 21, 8], [22, 6, 23, 5]]"
12a_1023_51,"[[22, 6, 23, 5], [24, 14, 1, 13], [2, 16, 3, 15], [4, 24, 5, 23], [6, 12, 7, 11], [8, 17, 9, 18], [10, 19, 11, 20], [12, 22, 13, 21], [14, 2, 15, 1], [16, 4, 17, 3], [18, 9, 19, 10], [20, 7, 21, 8]]"
12a_1023_52,"[[20, 7, 21, 8], [22, 6, 23, 5], [24, 14, 1, 13], [2, 16, 3, 15], [4, 24, 5, 23], [6, 12, 7, 11], [8, 17, 9, 18], [10, 19, 11, 20], [12, 22, 13, 21], [14, 2, 15, 1], [16, 4, 17, 3], [18, 9, 19, 10]]"
12a_1023_53,"[[18, 9, 19, 10], [20, 7, 21, 8], [22, 6, 23, 5], [24, 14, 1, 13], [2, 16, 3, 15], [4, 24, 5, 23], [6, 12, 7, 11], [8, 17, 9, 18], [10, 19, 11, 20], [12, 22, 13, 21], [14, 2, 15, 1], [16, 4, 17, 3]]"
12a_1023_54,"[[16, 4, 17, 3], [18, 9, 19, 10], [20, 7, 21, 8], [22, 6, 23, 5], [24, 14, 1, 13], [2, 16, 3, 15], [4, 24, 5, 23], [6, 12, 7, 11], [8, 17, 9, 18], [10, 19, 11, 20], [12, 22, 13, 21], [14, 2, 15, 1]]"
12a_1023_55,"[[14, 2, 15, 1], [16, 4, 17, 3], [18, 9, 19, 10], [20, 7, 21, 8], [22, 6, 23, 5], [24, 14, 1, 13], [2, 16, 3, 15], [4, 24, 5, 23], [6, 12, 7, 11], [8, 17, 9, 18], [10, 19, 11, 20], [12, 22, 13, 21]]"
12a_1023_56,"[[12, 22, 13, 21], [14, 2, 15, 1], [16, 4, 17, 3], [18, 9, 19, 10], [20, 7, 21, 8], [22, 6, 23, 5], [24, 14, 1, 13], [2, 16, 3, 15], [4, 24, 5, 23], [6, 12, 7, 11], [8, 17, 9, 18], [10, 19, 11, 20]]"
12a_1023_57,"[[10, 19, 11, 20], [12, 22, 13, 21], [14, 2, 15, 1], [16, 4, 17, 3], [18, 9, 19, 10], [20, 7, 21, 8], [22, 6, 23, 5], [24, 14, 1, 13], [2, 16, 3, 15], [4, 24, 5, 23], [6, 12, 7, 11], [8, 17, 9, 18]]"
12a_1023_58,"[[8, 17, 9, 18], [10, 19, 11, 20], [12, 22, 13, 21], [14, 2, 15, 1], [16, 4, 17, 3], [18, 9, 19, 10], [20, 7, 21, 8], [22, 6, 23, 5], [24, 14, 1, 13], [2, 16, 3, 15], [4, 24, 5, 23], [6, 12, 7, 11]]"
12a_1023_59,"[[6, 12, 7, 11], [8, 17, 9, 18], [10, 19, 11, 20], [12, 22, 13, 21], [14, 2, 15, 1], [16, 4, 17, 3], [18, 9, 19, 10], [20, 7, 21, 8], [22, 6, 23, 5], [24, 14, 1, 13], [2, 16, 3, 15], [4, 24, 5, 23]]"
12a_1023_60,"[[5, 1, 6, 24], [7, 13, 8, 12], [9, 18, 10, 19], [11, 20, 12, 21], [13, 23, 14, 22], [15, 3, 16, 2], [17, 5, 18, 4], [19, 10, 20, 11], [21, 8, 22, 9], [23, 7, 24, 6], [1, 15, 2, 14], [3, 17, 4, 16]]"
12a_1023_61,"[[3, 17, 4, 16], [5, 1, 6, 24], [7, 13, 8, 12], [9, 18, 10, 19], [11, 20, 12, 21], [13, 23, 14, 22], [15, 3, 16, 2], [17, 5, 18, 4], [19, 10, 20, 11], [21, 8, 22, 9], [23, 7, 24, 6], [1, 15, 2, 14]]"
12a_1023_62,"[[1, 15, 2, 14], [3, 17, 4, 16], [5, 1, 6, 24], [7, 13, 8, 12], [9, 18, 10, 19], [11, 20, 12, 21], [13, 23, 14, 22], [15, 3, 16, 2], [17, 5, 18, 4], [19, 10, 20, 11], [21, 8, 22, 9], [23, 7, 24, 6]]"
12a_1023_63,"[[23, 7, 24, 6], [1, 15, 2, 14], [3, 17, 4, 16], [5, 1, 6, 24], [7, 13, 8, 12], [9, 18, 10, 19], [11, 20, 12, 21], [13, 23, 14, 22], [15, 3, 16, 2], [17, 5, 18, 4], [19, 10, 20, 11], [21, 8, 22, 9]]"
12a_1023_64,"[[21, 8, 22, 9], [23, 7, 24, 6], [1, 15, 2, 14], [3, 17, 4, 16], [5, 1, 6, 24], [7, 13, 8, 12], [9, 18, 10, 19], [11, 20, 12, 21], [13, 23, 14, 22], [15, 3, 16, 2], [17, 5, 18, 4], [19, 10, 20, 11]]"
12a_1023_65,"[[19, 10, 20, 11], [21, 8, 22, 9], [23, 7, 24, 6], [1, 15, 2, 14], [3, 17, 4, 16], [5, 1, 6, 24], [7, 13, 8, 12], [9, 18, 10, 19], [11, 20, 12, 21], [13, 23, 14, 22], [15, 3, 16, 2], [17, 5, 18, 4]]"
12a_1023_66,"[[17, 5, 18, 4], [19, 10, 20, 11], [21, 8, 22, 9], [23, 7, 24, 6], [1, 15, 2, 14], [3, 17, 4, 16], [5, 1, 6, 24], [7, 13, 8, 12], [9, 18, 10, 19], [11, 20, 12, 21], [13, 23, 14, 22], [15, 3, 16, 2]]"
12a_1023_67,"[[15, 3, 16, 2], [17, 5, 18, 4], [19, 10, 20, 11], [21, 8, 22, 9], [23, 7, 24, 6], [1, 15, 2, 14], [3, 17, 4, 16], [5, 1, 6, 24], [7, 13, 8, 12], [9, 18, 10, 19], [11, 20, 12, 21], [13, 23, 14, 22]]"
12a_1023_68,"[[13, 23, 14, 22], [15, 3, 16, 2], [17, 5, 18, 4], [19, 10, 20, 11], [21, 8, 22, 9], [23, 7, 24, 6], [1, 15, 2, 14], [3, 17, 4, 16], [5, 1, 6, 24], [7, 13, 8, 12], [9, 18, 10, 19], [11, 20, 12, 21]]"
12a_1023_69,"[[11, 20, 12, 21], [13, 23, 14, 22], [15, 3, 16, 2], [17, 5, 18, 4], [19, 10, 20, 11], [21, 8, 22, 9], [23, 7, 24, 6], [1, 15, 2, 14], [3, 17, 4, 16], [5, 1, 6, 24], [7, 13, 8, 12], [9, 18, 10, 19]]"
12a_1023_70,"[[9, 18, 10, 19], [11, 20, 12, 21], [13, 23, 14, 22], [15, 3, 16, 2], [17, 5, 18, 4], [19, 10, 20, 11], [21, 8, 22, 9], [23, 7, 24, 6], [1, 15, 2, 14], [3, 17, 4, 16], [5, 1, 6, 24], [7, 13, 8, 12]]"
12a_1023_71,"[[7, 13, 8, 12], [9, 18, 10, 19], [11, 20, 12, 21], [13, 23, 14, 22], [15, 3, 16, 2], [17, 5, 18, 4], [19, 10, 20, 11], [21, 8, 22, 9], [23, 7, 24, 6], [1, 15, 2, 14], [3, 17, 4, 16], [5, 1, 6, 24]]"
12a_1023_72,"[[6, 2, 7, 1], [8, 14, 9, 13], [10, 19, 11, 20], [12, 21, 13, 22], [14, 24, 15, 23], [16, 4, 17, 3], [18, 6, 19, 5], [20, 11, 21, 12], [22, 9, 23, 10], [24, 8, 1, 7], [2, 16, 3, 15], [4, 18, 5, 17]]"
12a_1023_73,"[[4, 18, 5, 17], [6, 2, 7, 1], [8, 14, 9, 13], [10, 19, 11, 20], [12, 21, 13, 22], [14, 24, 15, 23], [16, 4, 17, 3], [18, 6, 19, 5], [20, 11, 21, 12], [22, 9, 23, 10], [24, 8, 1, 7], [2, 16, 3, 15]]"
12a_1023_74,"[[2, 16, 3, 15], [4, 18, 5, 17], [6, 2, 7, 1], [8, 14, 9, 13], [10, 19, 11, 20], [12, 21, 13, 22], [14, 24, 15, 23], [16, 4, 17, 3], [18, 6, 19, 5], [20, 11, 21, 12], [22, 9, 23, 10], [24, 8, 1, 7]]"
12a_1023_75,"[[24, 8, 1, 7], [2, 16, 3, 15], [4, 18, 5, 17], [6, 2, 7, 1], [8, 14, 9, 13], [10, 19, 11, 20], [12, 21, 13, 22], [14, 24, 15, 23], [16, 4, 17, 3], [18, 6, 19, 5], [20, 11, 21, 12], [22, 9, 23, 10]]"
12a_1023_76,"[[22, 9, 23, 10], [24, 8, 1, 7], [2, 16, 3, 15], [4, 18, 5, 17], [6, 2, 7, 1], [8, 14, 9, 13], [10, 19, 11, 20], [12, 21, 13, 22], [14, 24, 15, 23], [16, 4, 17, 3], [18, 6, 19, 5], [20, 11, 21, 12]]"
12a_1023_77,"[[20, 11, 21, 12], [22, 9, 23, 10], [24, 8, 1, 7], [2, 16, 3, 15], [4, 18, 5, 17], [6, 2, 7, 1], [8, 14, 9, 13], [10, 19, 11, 20], [12, 21, 13, 22], [14, 24, 15, 23], [16, 4, 17, 3], [18, 6, 19, 5]]"
12a_1023_78,"[[18, 6, 19, 5], [20, 11, 21, 12], [22, 9, 23, 10], [24, 8, 1, 7], [2, 16, 3, 15], [4, 18, 5, 17], [6, 2, 7, 1], [8, 14, 9, 13], [10, 19, 11, 20], [12, 21, 13, 22], [14, 24, 15, 23], [16, 4, 17, 3]]"
12a_1023_79,"[[16, 4, 17, 3], [18, 6, 19, 5], [20, 11, 21, 12], [22, 9, 23, 10], [24, 8, 1, 7], [2, 16, 3, 15], [4, 18, 5, 17], [6, 2, 7, 1], [8, 14, 9, 13], [10, 19, 11, 20], [12, 21, 13, 22], [14, 24, 15, 23]]"
12a_1023_80,"[[14, 24, 15, 23], [16, 4, 17, 3], [18, 6, 19, 5], [20, 11, 21, 12], [22, 9, 23, 10], [24, 8, 1, 7], [2, 16, 3, 15], [4, 18, 5, 17], [6, 2, 7, 1], [8, 14, 9, 13], [10, 19, 11, 20], [12, 21, 13, 22]]"
12a_1023_81,"[[12, 21, 13, 22], [14, 24, 15, 23], [16, 4, 17, 3], [18, 6, 19, 5], [20, 11, 21, 12], [22, 9, 23, 10], [24, 8, 1, 7], [2, 16, 3, 15], [4, 18, 5, 17], [6, 2, 7, 1], [8, 14, 9, 13], [10, 19, 11, 20]]"
12a_1023_82,"[[10, 19, 11, 20], [12, 21, 13, 22], [14, 24, 15, 23], [16, 4, 17, 3], [18, 6, 19, 5], [20, 11, 21, 12], [22, 9, 23, 10], [24, 8, 1, 7], [2, 16, 3, 15], [4, 18, 5, 17], [6, 2, 7, 1], [8, 14, 9, 13]]"
12a_1023_83,"[[8, 14, 9, 13], [10, 19, 11, 20], [12, 21, 13, 22], [14, 24, 15, 23], [16, 4, 17, 3], [18, 6, 19, 5], [20, 11, 21, 12], [22, 9, 23, 10], [24, 8, 1, 7], [2, 16, 3, 15], [4, 18, 5, 17], [6, 2, 7, 1]]"
12a_1023_84,"[[7, 3, 8, 2], [9, 15, 10, 14], [11, 20, 12, 21], [13, 22, 14, 23], [15, 1, 16, 24], [17, 5, 18, 4], [19, 7, 20, 6], [21, 12, 22, 13], [23, 10, 24, 11], [1, 9, 2, 8], [3, 17, 4, 16], [5, 19, 6, 18]]"
12a_1023_85,"[[5, 19, 6, 18], [7, 3, 8, 2], [9, 15, 10, 14], [11, 20, 12, 21], [13, 22, 14, 23], [15, 1, 16, 24], [17, 5, 18, 4], [19, 7, 20, 6], [21, 12, 22, 13], [23, 10, 24, 11], [1, 9, 2, 8], [3, 17, 4, 16]]"
12a_1023_86,"[[3, 17, 4, 16], [5, 19, 6, 18], [7, 3, 8, 2], [9, 15, 10, 14], [11, 20, 12, 21], [13, 22, 14, 23], [15, 1, 16, 24], [17, 5, 18, 4], [19, 7, 20, 6], [21, 12, 22, 13], [23, 10, 24, 11], [1, 9, 2, 8]]"
12a_1023_87,"[[1, 9, 2, 8], [3, 17, 4, 16], [5, 19, 6, 18], [7, 3, 8, 2], [9, 15, 10, 14], [11, 20, 12, 21], [13, 22, 14, 23], [15, 1, 16, 24], [17, 5, 18, 4], [19, 7, 20, 6], [21, 12, 22, 13], [23, 10, 24, 11]]"
12a_1023_88,"[[23, 10, 24, 11], [1, 9, 2, 8], [3, 17, 4, 16], [5, 19, 6, 18], [7, 3, 8, 2], [9, 15, 10, 14], [11, 20, 12, 21], [13, 22, 14, 23], [15, 1, 16, 24], [17, 5, 18, 4], [19, 7, 20, 6], [21, 12, 22, 13]]"
12a_1023_89,"[[21, 12, 22, 13], [23, 10, 24, 11], [1, 9, 2, 8], [3, 17, 4, 16], [5, 19, 6, 18], [7, 3, 8, 2], [9, 15, 10, 14], [11, 20, 12, 21], [13, 22, 14, 23], [15, 1, 16, 24], [17, 5, 18, 4], [19, 7, 20, 6]]"
12a_1023_90,"[[19, 7, 20, 6], [21, 12, 22, 13], [23, 10, 24, 11], [1, 9, 2, 8], [3, 17, 4, 16], [5, 19, 6, 18], [7, 3, 8, 2], [9, 15, 10, 14], [11, 20, 12, 21], [13, 22, 14, 23], [15, 1, 16, 24], [17, 5, 18, 4]]"
12a_1023_91,"[[17, 5, 18, 4], [19, 7, 20, 6], [21, 12, 22, 13], [23, 10, 24, 11], [1, 9, 2, 8], [3, 17, 4, 16], [5, 19, 6, 18], [7, 3, 8, 2], [9, 15, 10, 14], [11, 20, 12, 21], [13, 22, 14, 23], [15, 1, 16, 24]]"
12a_1023_92,"[[15, 1, 16, 24], [17, 5, 18, 4], [19, 7, 20, 6], [21, 12, 22, 13], [23, 10, 24, 11], [1, 9, 2, 8], [3, 17, 4, 16], [5, 19, 6, 18], [7, 3, 8, 2], [9, 15, 10, 14], [11, 20, 12, 21], [13, 22, 14, 23]]"
12a_1023_93,"[[13, 22, 14, 23], [15, 1, 16, 24], [17, 5, 18, 4], [19, 7, 20, 6], [21, 12, 22, 13], [23, 10, 24, 11], [1, 9, 2, 8], [3, 17, 4, 16], [5, 19, 6, 18], [7, 3, 8, 2], [9, 15, 10, 14], [11, 20, 12, 21]]"
12a_1023_94,"[[11, 20, 12, 21], [13, 22, 14, 23], [15, 1, 16, 24], [17, 5, 18, 4], [19, 7, 20, 6], [21, 12, 22, 13], [23, 10, 24, 11], [1, 9, 2, 8], [3, 17, 4, 16], [5, 19, 6, 18], [7, 3, 8, 2], [9, 15, 10, 14]]"
12a_1023_95,"[[9, 15, 10, 14], [11, 20, 12, 21], [13, 22, 14, 23], [15, 1, 16, 24], [17, 5, 18, 4], [19, 7, 20, 6], [21, 12, 22, 13], [23, 10, 24, 11], [1, 9, 2, 8], [3, 17, 4, 16], [5, 19, 6, 18], [7, 3, 8, 2]]"
12a_1023_96,"[[8, 4, 9, 3], [10, 16, 11, 15], [12, 21, 13, 22], [14, 23, 15, 24], [16, 2, 17, 1], [18, 6, 19, 5], [20, 8, 21, 7], [22, 13, 23, 14], [24, 11, 1, 12], [2, 10, 3, 9], [4, 18, 5, 17], [6, 20, 7, 19]]"
12a_1023_97,"[[6, 20, 7, 19], [8, 4, 9, 3], [10, 16, 11, 15], [12, 21, 13, 22], [14, 23, 15, 24], [16, 2, 17, 1], [18, 6, 19, 5], [20, 8, 21, 7], [22, 13, 23, 14], [24, 11, 1, 12], [2, 10, 3, 9], [4, 18, 5, 17]]"
12a_1023_98,"[[4, 18, 5, 17], [6, 20, 7, 19], [8, 4, 9, 3], [10, 16, 11, 15], [12, 21, 13, 22], [14, 23, 15, 24], [16, 2, 17, 1], [18, 6, 19, 5], [20, 8, 21, 7], [22, 13, 23, 14], [24, 11, 1, 12], [2, 10, 3, 9]]"
12a_1023_99,"[[2, 10, 3, 9], [4, 18, 5, 17], [6, 20, 7, 19], [8, 4, 9, 3], [10, 16, 11, 15], [12, 21, 13, 22], [14, 23, 15, 24], [16, 2, 17, 1], [18, 6, 19, 5], [20, 8, 21, 7], [22, 13, 23, 14], [24, 11, 1, 12]]"
12a_1023_100,"[[24, 11, 1, 12], [2, 10, 3, 9], [4, 18, 5, 17], [6, 20, 7, 19], [8, 4, 9, 3], [10, 16, 11, 15], [12, 21, 13, 22], [14, 23, 15, 24], [16, 2, 17, 1], [18, 6, 19, 5], [20, 8, 21, 7], [22, 13, 23, 14]]"
12a_1023_101,"[[22, 13, 23, 14], [24, 11, 1, 12], [2, 10, 3, 9], [4, 18, 5, 17], [6, 20, 7, 19], [8, 4, 9, 3], [10, 16, 11, 15], [12, 21, 13, 22], [14, 23, 15, 24], [16, 2, 17, 1], [18, 6, 19, 5], [20, 8, 21, 7]]"
12a_1023_102,"[[20, 8, 21, 7], [22, 13, 23, 14], [24, 11, 1, 12], [2, 10, 3, 9], [4, 18, 5, 17], [6, 20, 7, 19], [8, 4, 9, 3], [10, 16, 11, 15], [12, 21, 13, 22], [14, 23, 15, 24], [16, 2, 17, 1], [18, 6, 19, 5]]"
12a_1023_103,"[[18, 6, 19, 5], [20, 8, 21, 7], [22, 13, 23, 14], [24, 11, 1, 12], [2, 10, 3, 9], [4, 18, 5, 17], [6, 20, 7, 19], [8, 4, 9, 3], [10, 16, 11, 15], [12, 21, 13, 22], [14, 23, 15, 24], [16, 2, 17, 1]]"
12a_1023_104,"[[16, 2, 17, 1], [18, 6, 19, 5], [20, 8, 21, 7], [22, 13, 23, 14], [24, 11, 1, 12], [2, 10, 3, 9], [4, 18, 5, 17], [6, 20, 7, 19], [8, 4, 9, 3], [10, 16, 11, 15], [12, 21, 13, 22], [14, 23, 15, 24]]"
12a_1023_105,"[[14, 23, 15, 24], [16, 2, 17, 1], [18, 6, 19, 5], [20, 8, 21, 7], [22, 13, 23, 14], [24, 11, 1, 12], [2, 10, 3, 9], [4, 18, 5, 17], [6, 20, 7, 19], [8, 4, 9, 3], [10, 16, 11, 15], [12, 21, 13, 22]]"
12a_1023_106,"[[12, 21, 13, 22], [14, 23, 15, 24], [16, 2, 17, 1], [18, 6, 19, 5], [20, 8, 21, 7], [22, 13, 23, 14], [24, 11, 1, 12], [2, 10, 3, 9], [4, 18, 5, 17], [6, 20, 7, 19], [8, 4, 9, 3], [10, 16, 11, 15]]"
12a_1023_107,"[[10, 16, 11, 15], [12, 21, 13, 22], [14, 23, 15, 24], [16, 2, 17, 1], [18, 6, 19, 5], [20, 8, 21, 7], [22, 13, 23, 14], [24, 11, 1, 12], [2, 10, 3, 9], [4, 18, 5, 17], [6, 20, 7, 19], [8, 4, 9, 3]]"
12a_1023_108,"[[9, 5, 10, 4], [11, 17, 12, 16], [13, 22, 14, 23], [15, 24, 16, 1], [17, 3, 18, 2], [19, 7, 20, 6], [21, 9, 22, 8], [23, 14, 24, 15], [1, 12, 2, 13], [3, 11, 4, 10], [5, 19, 6, 18], [7, 21, 8, 20]]"
12a_1023_109,"[[7, 21, 8, 20], [9, 5, 10, 4], [11, 17, 12, 16], [13, 22, 14, 23], [15, 24, 16, 1], [17, 3, 18, 2], [19, 7, 20, 6], [21, 9, 22, 8], [23, 14, 24, 15], [1, 12, 2, 13], [3, 11, 4, 10], [5, 19, 6, 18]]"
12a_1023_110,"[[5, 19, 6, 18], [7, 21, 8, 20], [9, 5, 10, 4], [11, 17, 12, 16], [13, 22, 14, 23], [15, 24, 16, 1], [17, 3, 18, 2], [19, 7, 20, 6], [21, 9, 22, 8], [23, 14, 24, 15], [1, 12, 2, 13], [3, 11, 4, 10]]"
12a_1023_111,"[[3, 11, 4, 10], [5, 19, 6, 18], [7, 21, 8, 20], [9, 5, 10, 4], [11, 17, 12, 16], [13, 22, 14, 23], [15, 24, 16, 1], [17, 3, 18, 2], [19, 7, 20, 6], [21, 9, 22, 8], [23, 14, 24, 15], [1, 12, 2, 13]]"
12a_1023_112,"[[1, 12, 2, 13], [3, 11, 4, 10], [5, 19, 6, 18], [7, 21, 8, 20], [9, 5, 10, 4], [11, 17, 12, 16], [13, 22, 14, 23], [15, 24, 16, 1], [17, 3, 18, 2], [19, 7, 20, 6], [21, 9, 22, 8], [23, 14, 24, 15]]"
12a_1023_113,"[[23, 14, 24, 15], [1, 12, 2, 13], [3, 11, 4, 10], [5, 19, 6, 18], [7, 21, 8, 20], [9, 5, 10, 4], [11, 17, 12, 16], [13, 22, 14, 23], [15, 24, 16, 1], [17, 3, 18, 2], [19, 7, 20, 6], [21, 9, 22, 8]]"
12a_1023_114,"[[21, 9, 22, 8], [23, 14, 24, 15], [1, 12, 2, 13], [3, 11, 4, 10], [5, 19, 6, 18], [7, 21, 8, 20], [9, 5, 10, 4], [11, 17, 12, 16], [13, 22, 14, 23], [15, 24, 16, 1], [17, 3, 18, 2], [19, 7, 20, 6]]"
12a_1023_115,"[[19, 7, 20, 6], [21, 9, 22, 8], [23, 14, 24, 15], [1, 12, 2, 13], [3, 11, 4, 10], [5, 19, 6, 18], [7, 21, 8, 20], [9, 5, 10, 4], [11, 17, 12, 16], [13, 22, 14, 23], [15, 24, 16, 1], [17, 3, 18, 2]]"
12a_1023_116,"[[17, 3, 18, 2], [19, 7, 20, 6], [21, 9, 22, 8], [23, 14, 24, 15], [1, 12, 2, 13], [3, 11, 4, 10], [5, 19, 6, 18], [7, 21, 8, 20], [9, 5, 10, 4], [11, 17, 12, 16], [13, 22, 14, 23], [15, 24, 16, 1]]"
12a_1023_117,"[[15, 24, 16, 1], [17, 3, 18, 2], [19, 7, 20, 6], [21, 9, 22, 8], [23, 14, 24, 15], [1, 12, 2, 13], [3, 11, 4, 10], [5, 19, 6, 18], [7, 21, 8, 20], [9, 5, 10, 4], [11, 17, 12, 16], [13, 22, 14, 23]]"
12a_1023_118,"[[13, 22, 14, 23], [15, 24, 16, 1], [17, 3, 18, 2], [19, 7, 20, 6], [21, 9, 22, 8], [23, 14, 24, 15], [1, 12, 2, 13], [3, 11, 4, 10], [5, 19, 6, 18], [7, 21, 8, 20], [9, 5, 10, 4], [11, 17, 12, 16]]"
12a_1023_119,"[[11, 17, 12, 16], [13, 22, 14, 23], [15, 24, 16, 1], [17, 3, 18, 2], [19, 7, 20, 6], [21, 9, 22, 8], [23, 14, 24, 15], [1, 12, 2, 13], [3, 11, 4, 10], [5, 19, 6, 18], [7, 21, 8, 20], [9, 5, 10, 4]]"
12a_1023_120,"[[10, 6, 11, 5], [12, 18, 13, 17], [14, 23, 15, 24], [16, 1, 17, 2], [18, 4, 19, 3], [20, 8, 21, 7], [22, 10, 23, 9], [24, 15, 1, 16], [2, 13, 3, 14], [4, 12, 5, 11], [6, 20, 7, 19], [8, 22, 9, 21]]"
12a_1023_121,"[[8, 22, 9, 21], [10, 6, 11, 5], [12, 18, 13, 17], [14, 23, 15, 24], [16, 1, 17, 2], [18, 4, 19, 3], [20, 8, 21, 7], [22, 10, 23, 9], [24, 15, 1, 16], [2, 13, 3, 14], [4, 12, 5, 11], [6, 20, 7, 19]]"
12a_1023_122,"[[6, 20, 7, 19], [8, 22, 9, 21], [10, 6, 11, 5], [12, 18, 13, 17], [14, 23, 15, 24], [16, 1, 17, 2], [18, 4, 19, 3], [20, 8, 21, 7], [22, 10, 23, 9], [24, 15, 1, 16], [2, 13, 3, 14], [4, 12, 5, 11]]"
12a_1023_123,"[[4, 12, 5, 11], [6, 20, 7, 19], [8, 22, 9, 21], [10, 6, 11, 5], [12, 18, 13, 17], [14, 23, 15, 24], [16, 1, 17, 2], [18, 4, 19, 3], [20, 8, 21, 7], [22, 10, 23, 9], [24, 15, 1, 16], [2, 13, 3, 14]]"
12a_1023_124,"[[2, 13, 3, 14], [4, 12, 5, 11], [6, 20, 7, 19], [8, 22, 9, 21], [10, 6, 11, 5], [12, 18, 13, 17], [14, 23, 15, 24], [16, 1, 17, 2], [18, 4, 19, 3], [20, 8, 21, 7], [22, 10, 23, 9], [24, 15, 1, 16]]"
12a_1023_125,"[[24, 15, 1, 16], [2, 13, 3, 14], [4, 12, 5, 11], [6, 20, 7, 19], [8, 22, 9, 21], [10, 6, 11, 5], [12, 18, 13, 17], [14, 23, 15, 24], [16, 1, 17, 2], [18, 4, 19, 3], [20, 8, 21, 7], [22, 10, 23, 9]]"
12a_1023_126,"[[22, 10, 23, 9], [24, 15, 1, 16], [2, 13, 3, 14], [4, 12, 5, 11], [6, 20, 7, 19], [8, 22, 9, 21], [10, 6, 11, 5], [12, 18, 13, 17], [14, 23, 15, 24], [16, 1, 17, 2], [18, 4, 19, 3], [20, 8, 21, 7]]"
12a_1023_127,"[[20, 8, 21, 7], [22, 10, 23, 9], [24, 15, 1, 16], [2, 13, 3, 14], [4, 12, 5, 11], [6, 20, 7, 19], [8, 22, 9, 21], [10, 6, 11, 5], [12, 18, 13, 17], [14, 23, 15, 24], [16, 1, 17, 2], [18, 4, 19, 3]]"
12a_1023_128,"[[18, 4, 19, 3], [20, 8, 21, 7], [22, 10, 23, 9], [24, 15, 1, 16], [2, 13, 3, 14], [4, 12, 5, 11], [6, 20, 7, 19], [8, 22, 9, 21], [10, 6, 11, 5], [12, 18, 13, 17], [14, 23, 15, 24], [16, 1, 17, 2]]"
12a_1023_129,"[[16, 1, 17, 2], [18, 4, 19, 3], [20, 8, 21, 7], [22, 10, 23, 9], [24, 15, 1, 16], [2, 13, 3, 14], [4, 12, 5, 11], [6, 20, 7, 19], [8, 22, 9, 21], [10, 6, 11, 5], [12, 18, 13, 17], [14, 23, 15, 24]]"
12a_1023_130,"[[14, 23, 15, 24], [16, 1, 17, 2], [18, 4, 19, 3], [20, 8, 21, 7], [22, 10, 23, 9], [24, 15, 1, 16], [2, 13, 3, 14], [4, 12, 5, 11], [6, 20, 7, 19], [8, 22, 9, 21], [10, 6, 11, 5], [12, 18, 13, 17]]"
12a_1023_131,"[[12, 18, 13, 17], [14, 23, 15, 24], [16, 1, 17, 2], [18, 4, 19, 3], [20, 8, 21, 7], [22, 10, 23, 9], [24, 15, 1, 16], [2, 13, 3, 14], [4, 12, 5, 11], [6, 20, 7, 19], [8, 22, 9, 21], [10, 6, 11, 5]]"
12a_1023_132,"[[11, 7, 12, 6], [13, 19, 14, 18], [15, 24, 16, 1], [17, 2, 18, 3], [19, 5, 20, 4], [21, 9, 22, 8], [23, 11, 24, 10], [1, 16, 2, 17], [3, 14, 4, 15], [5, 13, 6, 12], [7, 21, 8, 20], [9, 23, 10, 22]]"
12a_1023_133,"[[9, 23, 10, 22], [11, 7, 12, 6], [13, 19, 14, 18], [15, 24, 16, 1], [17, 2, 18, 3], [19, 5, 20, 4], [21, 9, 22, 8], [23, 11, 24, 10], [1, 16, 2, 17], [3, 14, 4, 15], [5, 13, 6, 12], [7, 21, 8, 20]]"
12a_1023_134,"[[7, 21, 8, 20], [9, 23, 10, 22], [11, 7, 12, 6], [13, 19, 14, 18], [15, 24, 16, 1], [17, 2, 18, 3], [19, 5, 20, 4], [21, 9, 22, 8], [23, 11, 24, 10], [1, 16, 2, 17], [3, 14, 4, 15], [5, 13, 6, 12]]"
12a_1023_135,"[[5, 13, 6, 12], [7, 21, 8, 20], [9, 23, 10, 22], [11, 7, 12, 6], [13, 19, 14, 18], [15, 24, 16, 1], [17, 2, 18, 3], [19, 5, 20, 4], [21, 9, 22, 8], [23, 11, 24, 10], [1, 16, 2, 17], [3, 14, 4, 15]]"
12a_1023_136,"[[3, 14, 4, 15], [5, 13, 6, 12], [7, 21, 8, 20], [9, 23, 10, 22], [11, 7, 12, 6], [13, 19, 14, 18], [15, 24, 16, 1], [17, 2, 18, 3], [19, 5, 20, 4], [21, 9, 22, 8], [23, 11, 24, 10], [1, 16, 2, 17]]"
12a_1023_137,"[[1, 16, 2, 17], [3, 14, 4, 15], [5, 13, 6, 12], [7, 21, 8, 20], [9, 23, 10, 22], [11, 7, 12, 6], [13, 19, 14, 18], [15, 24, 16, 1], [17, 2, 18, 3], [19, 5, 20, 4], [21, 9, 22, 8], [23, 11, 24, 10]]"
12a_1023_138,"[[23, 11, 24, 10], [1, 16, 2, 17], [3, 14, 4, 15], [5, 13, 6, 12], [7, 21, 8, 20], [9, 23, 10, 22], [11, 7, 12, 6], [13, 19, 14, 18], [15, 24, 16, 1], [17, 2, 18, 3], [19, 5, 20, 4], [21, 9, 22, 8]]"
12a_1023_139,"[[21, 9, 22, 8], [23, 11, 24, 10], [1, 16, 2, 17], [3, 14, 4, 15], [5, 13, 6, 12], [7, 21, 8, 20], [9, 23, 10, 22], [11, 7, 12, 6], [13, 19, 14, 18], [15, 24, 16, 1], [17, 2, 18, 3], [19, 5, 20, 4]]"
12a_1023_140,"[[19, 5, 20, 4], [21, 9, 22, 8], [23, 11, 24, 10], [1, 16, 2, 17], [3, 14, 4, 15], [5, 13, 6, 12], [7, 21, 8, 20], [9, 23, 10, 22], [11, 7, 12, 6], [13, 19, 14, 18], [15, 24, 16, 1], [17, 2, 18, 3]]"
12a_1023_141,"[[17, 2, 18, 3], [19, 5, 20, 4], [21, 9, 22, 8], [23, 11, 24, 10], [1, 16, 2, 17], [3, 14, 4, 15], [5, 13, 6, 12], [7, 21, 8, 20], [9, 23, 10, 22], [11, 7, 12, 6], [13, 19, 14, 18], [15, 24, 16, 1]]"
12a_1023_142,"[[15, 24, 16, 1], [17, 2, 18, 3], [19, 5, 20, 4], [21, 9, 22, 8], [23, 11, 24, 10], [1, 16, 2, 17], [3, 14, 4, 15], [5, 13, 6, 12], [7, 21, 8, 20], [9, 23, 10, 22], [11, 7, 12, 6], [13, 19, 14, 18]]"
12a_1023_143,"[[13, 19, 14, 18], [15, 24, 16, 1], [17, 2, 18, 3], [19, 5, 20, 4], [21, 9, 22, 8], [23, 11, 24, 10], [1, 16, 2, 17], [3, 14, 4, 15], [5, 13, 6, 12], [7, 21, 8, 20], [9, 23, 10, 22], [11, 7, 12, 6]]"
12a_1023_144,"[[12, 8, 13, 7], [14, 20, 15, 19], [16, 1, 17, 2], [18, 3, 19, 4], [20, 6, 21, 5], [22, 10, 23, 9], [24, 12, 1, 11], [2, 17, 3, 18], [4, 15, 5, 16], [6, 14, 7, 13], [8, 22, 9, 21], [10, 24, 11, 23]]"
12a_1023_145,"[[10, 24, 11, 23], [12, 8, 13, 7], [14, 20, 15, 19], [16, 1, 17, 2], [18, 3, 19, 4], [20, 6, 21, 5], [22, 10, 23, 9], [24, 12, 1, 11], [2, 17, 3, 18], [4, 15, 5, 16], [6, 14, 7, 13], [8, 22, 9, 21]]"
12a_1023_146,"[[8, 22, 9, 21], [10, 24, 11, 23], [12, 8, 13, 7], [14, 20, 15, 19], [16, 1, 17, 2], [18, 3, 19, 4], [20, 6, 21, 5], [22, 10, 23, 9], [24, 12, 1, 11], [2, 17, 3, 18], [4, 15, 5, 16], [6, 14, 7, 13]]"
12a_1023_147,"[[6, 14, 7, 13], [8, 22, 9, 21], [10, 24, 11, 23], [12, 8, 13, 7], [14, 20, 15, 19], [16, 1, 17, 2], [18, 3, 19, 4], [20, 6, 21, 5], [22, 10, 23, 9], [24, 12, 1, 11], [2, 17, 3, 18], [4, 15, 5, 16]]"
12a_1023_148,"[[4, 15, 5, 16], [6, 14, 7, 13], [8, 22, 9, 21], [10, 24, 11, 23], [12, 8, 13, 7], [14, 20, 15, 19], [16, 1, 17, 2], [18, 3, 19, 4], [20, 6, 21, 5], [22, 10, 23, 9], [24, 12, 1, 11], [2, 17, 3, 18]]"
12a_1023_149,"[[2, 17, 3, 18], [4, 15, 5, 16], [6, 14, 7, 13], [8, 22, 9, 21], [10, 24, 11, 23], [12, 8, 13, 7], [14, 20, 15, 19], [16, 1, 17, 2], [18, 3, 19, 4], [20, 6, 21, 5], [22, 10, 23, 9], [24, 12, 1, 11]]"
12a_1023_150,"[[24, 12, 1, 11], [2, 17, 3, 18], [4, 15, 5, 16], [6, 14, 7, 13], [8, 22, 9, 21], [10, 24, 11, 23], [12, 8, 13, 7], [14, 20, 15, 19], [16, 1, 17, 2], [18, 3, 19, 4], [20, 6, 21, 5], [22, 10, 23, 9]]"
12a_1023_151,"[[22, 10, 23, 9], [24, 12, 1, 11], [2, 17, 3, 18], [4, 15, 5, 16], [6, 14, 7, 13], [8, 22, 9, 21], [10, 24, 11, 23], [12, 8, 13, 7], [14, 20, 15, 19], [16, 1, 17, 2], [18, 3, 19, 4], [20, 6, 21, 5]]"
12a_1023_152,"[[20, 6, 21, 5], [22, 10, 23, 9], [24, 12, 1, 11], [2, 17, 3, 18], [4, 15, 5, 16], [6, 14, 7, 13], [8, 22, 9, 21], [10, 24, 11, 23], [12, 8, 13, 7], [14, 20, 15, 19], [16, 1, 17, 2], [18, 3, 19, 4]]"
12a_1023_153,"[[18, 3, 19, 4], [20, 6, 21, 5], [22, 10, 23, 9], [24, 12, 1, 11], [2, 17, 3, 18], [4, 15, 5, 16], [6, 14, 7, 13], [8, 22, 9, 21], [10, 24, 11, 23], [12, 8, 13, 7], [14, 20, 15, 19], [16, 1, 17, 2]]"
12a_1023_154,"[[16, 1, 17, 2], [18, 3, 19, 4], [20, 6, 21, 5], [22, 10, 23, 9], [24, 12, 1, 11], [2, 17, 3, 18], [4, 15, 5, 16], [6, 14, 7, 13], [8, 22, 9, 21], [10, 24, 11, 23], [12, 8, 13, 7], [14, 20, 15, 19]]"
12a_1023_155,"[[14, 20, 15, 19], [16, 1, 17, 2], [18, 3, 19, 4], [20, 6, 21, 5], [22, 10, 23, 9], [24, 12, 1, 11], [2, 17, 3, 18], [4, 15, 5, 16], [6, 14, 7, 13], [8, 22, 9, 21], [10, 24, 11, 23], [12, 8, 13, 7]]"
12a_1023_156,"[[13, 9, 14, 8], [15, 21, 16, 20], [17, 2, 18, 3], [19, 4, 20, 5], [21, 7, 22, 6], [23, 11, 24, 10], [1, 13, 2, 12], [3, 18, 4, 19], [5, 16, 6, 17], [7, 15, 8, 14], [9, 23, 10, 22], [11, 1, 12, 24]]"
12a_1023_157,"[[11, 1, 12, 24], [13, 9, 14, 8], [15, 21, 16, 20], [17, 2, 18, 3], [19, 4, 20, 5], [21, 7, 22, 6], [23, 11, 24, 10], [1, 13, 2, 12], [3, 18, 4, 19], [5, 16, 6, 17], [7, 15, 8, 14], [9, 23, 10, 22]]"
12a_1023_158,"[[9, 23, 10, 22], [11, 1, 12, 24], [13, 9, 14, 8], [15, 21, 16, 20], [17, 2, 18, 3], [19, 4, 20, 5], [21, 7, 22, 6], [23, 11, 24, 10], [1, 13, 2, 12], [3, 18, 4, 19], [5, 16, 6, 17], [7, 15, 8, 14]]"
12a_1023_159,"[[7, 15, 8, 14], [9, 23, 10, 22], [11, 1, 12, 24], [13, 9, 14, 8], [15, 21, 16, 20], [17, 2, 18, 3], [19, 4, 20, 5], [21, 7, 22, 6], [23, 11, 24, 10], [1, 13, 2, 12], [3, 18, 4, 19], [5, 16, 6, 17]]"
12a_1023_160,"[[5, 16, 6, 17], [7, 15, 8, 14], [9, 23, 10, 22], [11, 1, 12, 24], [13, 9, 14, 8], [15, 21, 16, 20], [17, 2, 18, 3], [19, 4, 20, 5], [21, 7, 22, 6], [23, 11, 24, 10], [1, 13, 2, 12], [3, 18, 4, 19]]"
12a_1023_161,"[[3, 18, 4, 19], [5, 16, 6, 17], [7, 15, 8, 14], [9, 23, 10, 22], [11, 1, 12, 24], [13, 9, 14, 8], [15, 21, 16, 20], [17, 2, 18, 3], [19, 4, 20, 5], [21, 7, 22, 6], [23, 11, 24, 10], [1, 13, 2, 12]]"
12a_1023_162,"[[1, 13, 2, 12], [3, 18, 4, 19], [5, 16, 6, 17], [7, 15, 8, 14], [9, 23, 10, 22], [11, 1, 12, 24], [13, 9, 14, 8], [15, 21, 16, 20], [17, 2, 18, 3], [19, 4, 20, 5], [21, 7, 22, 6], [23, 11, 24, 10]]"
12a_1023_163,"[[23, 11, 24, 10], [1, 13, 2, 12], [3, 18, 4, 19], [5, 16, 6, 17], [7, 15, 8, 14], [9, 23, 10, 22], [11, 1, 12, 24], [13, 9, 14, 8], [15, 21, 16, 20], [17, 2, 18, 3], [19, 4, 20, 5], [21, 7, 22, 6]]"
12a_1023_164,"[[21, 7, 22, 6], [23, 11, 24, 10], [1, 13, 2, 12], [3, 18, 4, 19], [5, 16, 6, 17], [7, 15, 8, 14], [9, 23, 10, 22], [11, 1, 12, 24], [13, 9, 14, 8], [15, 21, 16, 20], [17, 2, 18, 3], [19, 4, 20, 5]]"
12a_1023_165,"[[19, 4, 20, 5], [21, 7, 22, 6], [23, 11, 24, 10], [1, 13, 2, 12], [3, 18, 4, 19], [5, 16, 6, 17], [7, 15, 8, 14], [9, 23, 10, 22], [11, 1, 12, 24], [13, 9, 14, 8], [15, 21, 16, 20], [17, 2, 18, 3]]"
12a_1023_166,"[[17, 2, 18, 3], [19, 4, 20, 5], [21, 7, 22, 6], [23, 11, 24, 10], [1, 13, 2, 12], [3, 18, 4, 19], [5, 16, 6, 17], [7, 15, 8, 14], [9, 23, 10, 22], [11, 1, 12, 24], [13, 9, 14, 8], [15, 21, 16, 20]]"
12a_1023_167,"[[15, 21, 16, 20], [17, 2, 18, 3], [19, 4, 20, 5], [21, 7, 22, 6], [23, 11, 24, 10], [1, 13, 2, 12], [3, 18, 4, 19], [5, 16, 6, 17], [7, 15, 8, 14], [9, 23, 10, 22], [11, 1, 12, 24], [13, 9, 14, 8]]"
12a_1023_168,"[[14, 10, 15, 9], [16, 22, 17, 21], [18, 3, 19, 4], [20, 5, 21, 6], [22, 8, 23, 7], [24, 12, 1, 11], [2, 14, 3, 13], [4, 19, 5, 20], [6, 17, 7, 18], [8, 16, 9, 15], [10, 24, 11, 23], [12, 2, 13, 1]]"
12a_1023_169,"[[12, 2, 13, 1], [14, 10, 15, 9], [16, 22, 17, 21], [18, 3, 19, 4], [20, 5, 21, 6], [22, 8, 23, 7], [24, 12, 1, 11], [2, 14, 3, 13], [4, 19, 5, 20], [6, 17, 7, 18], [8, 16, 9, 15], [10, 24, 11, 23]]"
12a_1023_170,"[[10, 24, 11, 23], [12, 2, 13, 1], [14, 10, 15, 9], [16, 22, 17, 21], [18, 3, 19, 4], [20, 5, 21, 6], [22, 8, 23, 7], [24, 12, 1, 11], [2, 14, 3, 13], [4, 19, 5, 20], [6, 17, 7, 18], [8, 16, 9, 15]]"
12a_1023_171,"[[8, 16, 9, 15], [10, 24, 11, 23], [12, 2, 13, 1], [14, 10, 15, 9], [16, 22, 17, 21], [18, 3, 19, 4], [20, 5, 21, 6], [22, 8, 23, 7], [24, 12, 1, 11], [2, 14, 3, 13], [4, 19, 5, 20], [6, 17, 7, 18]]"
12a_1023_172,"[[6, 17, 7, 18], [8, 16, 9, 15], [10, 24, 11, 23], [12, 2, 13, 1], [14, 10, 15, 9], [16, 22, 17, 21], [18, 3, 19, 4], [20, 5, 21, 6], [22, 8, 23, 7], [24, 12, 1, 11], [2, 14, 3, 13], [4, 19, 5, 20]]"
12a_1023_173,"[[4, 19, 5, 20], [6, 17, 7, 18], [8, 16, 9, 15], [10, 24, 11, 23], [12, 2, 13, 1], [14, 10, 15, 9], [16, 22, 17, 21], [18, 3, 19, 4], [20, 5, 21, 6], [22, 8, 23, 7], [24, 12, 1, 11], [2, 14, 3, 13]]"
12a_1023_174,"[[2, 14, 3, 13], [4, 19, 5, 20], [6, 17, 7, 18], [8, 16, 9, 15], [10, 24, 11, 23], [12, 2, 13, 1], [14, 10, 15, 9], [16, 22, 17, 21], [18, 3, 19, 4], [20, 5, 21, 6], [22, 8, 23, 7], [24, 12, 1, 11]]"
12a_1023_175,"[[24, 12, 1, 11], [2, 14, 3, 13], [4, 19, 5, 20], [6, 17, 7, 18], [8, 16, 9, 15], [10, 24, 11, 23], [12, 2, 13, 1], [14, 10, 15, 9], [16, 22, 17, 21], [18, 3, 19, 4], [20, 5, 21, 6], [22, 8, 23, 7]]"
12a_1023_176,"[[22, 8, 23, 7], [24, 12, 1, 11], [2, 14, 3, 13], [4, 19, 5, 20], [6, 17, 7, 18], [8, 16, 9, 15], [10, 24, 11, 23], [12, 2, 13, 1], [14, 10, 15, 9], [16, 22, 17, 21], [18, 3, 19, 4], [20, 5, 21, 6]]"
12a_1023_177,"[[20, 5, 21, 6], [22, 8, 23, 7], [24, 12, 1, 11], [2, 14, 3, 13], [4, 19, 5, 20], [6, 17, 7, 18], [8, 16, 9, 15], [10, 24, 11, 23], [12, 2, 13, 1], [14, 10, 15, 9], [16, 22, 17, 21], [18, 3, 19, 4]]"
12a_1023_178,"[[18, 3, 19, 4], [20, 5, 21, 6], [22, 8, 23, 7], [24, 12, 1, 11], [2, 14, 3, 13], [4, 19, 5, 20], [6, 17, 7, 18], [8, 16, 9, 15], [10, 24, 11, 23], [12, 2, 13, 1], [14, 10, 15, 9], [16, 22, 17, 21]]"
12a_1023_179,"[[16, 22, 17, 21], [18, 3, 19, 4], [20, 5, 21, 6], [22, 8, 23, 7], [24, 12, 1, 11], [2, 14, 3, 13], [4, 19, 5, 20], [6, 17, 7, 18], [8, 16, 9, 15], [10, 24, 11, 23], [12, 2, 13, 1], [14, 10, 15, 9]]"
12a_1023_180,"[[15, 11, 16, 10], [17, 23, 18, 22], [19, 4, 20, 5], [21, 6, 22, 7], [23, 9, 24, 8], [1, 13, 2, 12], [3, 15, 4, 14], [5, 20, 6, 21], [7, 18, 8, 19], [9, 17, 10, 16], [11, 1, 12, 24], [13, 3, 14, 2]]"
12a_1023_181,"[[13, 3, 14, 2], [15, 11, 16, 10], [17, 23, 18, 22], [19, 4, 20, 5], [21, 6, 22, 7], [23, 9, 24, 8], [1, 13, 2, 12], [3, 15, 4, 14], [5, 20, 6, 21], [7, 18, 8, 19], [9, 17, 10, 16], [11, 1, 12, 24]]"
12a_1023_182,"[[11, 1, 12, 24], [13, 3, 14, 2], [15, 11, 16, 10], [17, 23, 18, 22], [19, 4, 20, 5], [21, 6, 22, 7], [23, 9, 24, 8], [1, 13, 2, 12], [3, 15, 4, 14], [5, 20, 6, 21], [7, 18, 8, 19], [9, 17, 10, 16]]"
12a_1023_183,"[[9, 17, 10, 16], [11, 1, 12, 24], [13, 3, 14, 2], [15, 11, 16, 10], [17, 23, 18, 22], [19, 4, 20, 5], [21, 6, 22, 7], [23, 9, 24, 8], [1, 13, 2, 12], [3, 15, 4, 14], [5, 20, 6, 21], [7, 18, 8, 19]]"
12a_1023_184,"[[7, 18, 8, 19], [9, 17, 10, 16], [11, 1, 12, 24], [13, 3, 14, 2], [15, 11, 16, 10], [17, 23, 18, 22], [19, 4, 20, 5], [21, 6, 22, 7], [23, 9, 24, 8], [1, 13, 2, 12], [3, 15, 4, 14], [5, 20, 6, 21]]"
12a_1023_185,"[[5, 20, 6, 21], [7, 18, 8, 19], [9, 17, 10, 16], [11, 1, 12, 24], [13, 3, 14, 2], [15, 11, 16, 10], [17, 23, 18, 22], [19, 4, 20, 5], [21, 6, 22, 7], [23, 9, 24, 8], [1, 13, 2, 12], [3, 15, 4, 14]]"
