name,pd_notation
12a_1155_0,"[[24, 9, 1, 10], [2, 8, 3, 7], [4, 18, 5, 17], [6, 14, 7, 13], [8, 20, 9, 19], [10, 23, 11, 24], [12, 4, 13, 3], [14, 22, 15, 21], [16, 6, 17, 5], [18, 12, 19, 11], [20, 2, 21, 1], [22, 16, 23, 15]]"
12a_1155_1,"[[22, 16, 23, 15], [24, 9, 1, 10], [2, 8, 3, 7], [4, 18, 5, 17], [6, 14, 7, 13], [8, 20, 9, 19], [10, 23, 11, 24], [12, 4, 13, 3], [14, 22, 15, 21], [16, 6, 17, 5], [18, 12, 19, 11], [20, 2, 21, 1]]"
12a_1155_2,"[[20, 2, 21, 1], [22, 16, 23, 15], [24, 9, 1, 10], [2, 8, 3, 7], [4, 18, 5, 17], [6, 14, 7, 13], [8, 20, 9, 19], [10, 23, 11, 24], [12, 4, 13, 3], [14, 22, 15, 21], [16, 6, 17, 5], [18, 12, 19, 11]]"
12a_1155_3,"[[18, 12, 19, 11], [20, 2, 21, 1], [22, 16, 23, 15], [24, 9, 1, 10], [2, 8, 3, 7], [4, 18, 5, 17], [6, 14, 7, 13], [8, 20, 9, 19], [10, 23, 11, 24], [12, 4, 13, 3], [14, 22, 15, 21], [16, 6, 17, 5]]"
12a_1155_4,"[[16, 6, 17, 5], [18, 12, 19, 11], [20, 2, 21, 1], [22, 16, 23, 15], [24, 9, 1, 10], [2, 8, 3, 7], [4, 18, 5, 17], [6, 14, 7, 13], [8, 20, 9, 19], [10, 23, 11, 24], [12, 4, 13, 3], [14, 22, 15, 21]]"
12a_1155_5,"[[14, 22, 15, 21], [16, 6, 17, 5], [18, 12, 19, 11], [20, 2, 21, 1], [22, 16, 23, 15], [24, 9, 1, 10], [2, 8, 3, 7], [4, 18, 5, 17], [6, 14, 7, 13], [8, 20, 9, 19], [10, 23, 11, 24], [12, 4, 13, 3]]"
12a_1155_6,"[[12, 4, 13, 3], [14, 22, 15, 21], [16, 6, 17, 5], [18, 12, 19, 11], [20, 2, 21, 1], [22, 16, 23, 15], [24, 9, 1, 10], [2, 8, 3, 7], [4, 18, 5, 17], [6, 14, 7, 13], [8, 20, 9, 19], [10, 23, 11, 24]]"
12a_1155_7,"[[10, 23, 11, 24], [12, 4, 13, 3], [14, 22, 15, 21], [16, 6, 17, 5], [18, 12, 19, 11], [20, 2, 21, 1], [22, 16, 23, 15], [24, 9, 1, 10], [2, 8, 3, 7], [4, 18, 5, 17], [6, 14, 7, 13], [8, 20, 9, 19]]"
12a_1155_8,"[[8, 20, 9, 19], [10, 23, 11, 24], [12, 4, 13, 3], [14, 22, 15, 21], [16, 6, 17, 5], [18, 12, 19, 11], [20, 2, 21, 1], [22, 16, 23, 15], [24, 9, 1, 10], [2, 8, 3, 7], [4, 18, 5, 17], [6, 14, 7, 13]]"
12a_1155_9,"[[6, 14, 7, 13], [8, 20, 9, 19], [10, 23, 11, 24], [12, 4, 13, 3], [14, 22, 15, 21], [16, 6, 17, 5], [18, 12, 19, 11], [20, 2, 21, 1], [22, 16, 23, 15], [24, 9, 1, 10], [2, 8, 3, 7], [4, 18, 5, 17]]"
12a_1155_10,"[[4, 18, 5, 17], [6, 14, 7, 13], [8, 20, 9, 19], [10, 23, 11, 24], [12, 4, 13, 3], [14, 22, 15, 21], [16, 6, 17, 5], [18, 12, 19, 11], [20, 2, 21, 1], [22, 16, 23, 15], [24, 9, 1, 10], [2, 8, 3, 7]]"
12a_1155_11,"[[2, 8, 3, 7], [4, 18, 5, 17], [6, 14, 7, 13], [8, 20, 9, 19], [10, 23, 11, 24], [12, 4, 13, 3], [14, 22, 15, 21], [16, 6, 17, 5], [18, 12, 19, 11], [20, 2, 21, 1], [22, 16, 23, 15], [24, 9, 1, 10]]"
12a_1155_12,"[[1, 10, 2, 11], [3, 9, 4, 8], [5, 19, 6, 18], [7, 15, 8, 14], [9, 21, 10, 20], [11, 24, 12, 1], [13, 5, 14, 4], [15, 23, 16, 22], [17, 7, 18, 6], [19, 13, 20, 12], [21, 3, 22, 2], [23, 17, 24, 16]]"
12a_1155_13,"[[23, 17, 24, 16], [1, 10, 2, 11], [3, 9, 4, 8], [5, 19, 6, 18], [7, 15, 8, 14], [9, 21, 10, 20], [11, 24, 12, 1], [13, 5, 14, 4], [15, 23, 16, 22], [17, 7, 18, 6], [19, 13, 20, 12], [21, 3, 22, 2]]"
12a_1155_14,"[[21, 3, 22, 2], [23, 17, 24, 16], [1, 10, 2, 11], [3, 9, 4, 8], [5, 19, 6, 18], [7, 15, 8, 14], [9, 21, 10, 20], [11, 24, 12, 1], [13, 5, 14, 4], [15, 23, 16, 22], [17, 7, 18, 6], [19, 13, 20, 12]]"
12a_1155_15,"[[19, 13, 20, 12], [21, 3, 22, 2], [23, 17, 24, 16], [1, 10, 2, 11], [3, 9, 4, 8], [5, 19, 6, 18], [7, 15, 8, 14], [9, 21, 10, 20], [11, 24, 12, 1], [13, 5, 14, 4], [15, 23, 16, 22], [17, 7, 18, 6]]"
12a_1155_16,"[[17, 7, 18, 6], [19, 13, 20, 12], [21, 3, 22, 2], [23, 17, 24, 16], [1, 10, 2, 11], [3, 9, 4, 8], [5, 19, 6, 18], [7, 15, 8, 14], [9, 21, 10, 20], [11, 24, 12, 1], [13, 5, 14, 4], [15, 23, 16, 22]]"
12a_1155_17,"[[15, 23, 16, 22], [17, 7, 18, 6], [19, 13, 20, 12], [21, 3, 22, 2], [23, 17, 24, 16], [1, 10, 2, 11], [3, 9, 4, 8], [5, 19, 6, 18], [7, 15, 8, 14], [9, 21, 10, 20], [11, 24, 12, 1], [13, 5, 14, 4]]"
12a_1155_18,"[[13, 5, 14, 4], [15, 23, 16, 22], [17, 7, 18, 6], [19, 13, 20, 12], [21, 3, 22, 2], [23, 17, 24, 16], [1, 10, 2, 11], [3, 9, 4, 8], [5, 19, 6, 18], [7, 15, 8, 14], [9, 21, 10, 20], [11, 24, 12, 1]]"
12a_1155_19,"[[11, 24, 12, 1], [13, 5, 14, 4], [15, 23, 16, 22], [17, 7, 18, 6], [19, 13, 20, 12], [21, 3, 22, 2], [23, 17, 24, 16], [1, 10, 2, 11], [3, 9, 4, 8], [5, 19, 6, 18], [7, 15, 8, 14], [9, 21, 10, 20]]"
12a_1155_20,"[[9, 21, 10, 20], [11, 24, 12, 1], [13, 5, 14, 4], [15, 23, 16, 22], [17, 7, 18, 6], [19, 13, 20, 12], [21, 3, 22, 2], [23, 17, 24, 16], [1, 10, 2, 11], [3, 9, 4, 8], [5, 19, 6, 18], [7, 15, 8, 14]]"
12a_1155_21,"[[7, 15, 8, 14], [9, 21, 10, 20], [11, 24, 12, 1], [13, 5, 14, 4], [15, 23, 16, 22], [17, 7, 18, 6], [19, 13, 20, 12], [21, 3, 22, 2], [23, 17, 24, 16], [1, 10, 2, 11], [3, 9, 4, 8], [5, 19, 6, 18]]"
12a_1155_22,"[[5, 19, 6, 18], [7, 15, 8, 14], [9, 21, 10, 20], [11, 24, 12, 1], [13, 5, 14, 4], [15, 23, 16, 22], [17, 7, 18, 6], [19, 13, 20, 12], [21, 3, 22, 2], [23, 17, 24, 16], [1, 10, 2, 11], [3, 9, 4, 8]]"
12a_1155_23,"[[3, 9, 4, 8], [5, 19, 6, 18], [7, 15, 8, 14], [9, 21, 10, 20], [11, 24, 12, 1], [13, 5, 14, 4], [15, 23, 16, 22], [17, 7, 18, 6], [19, 13, 20, 12], [21, 3, 22, 2], [23, 17, 24, 16], [1, 10, 2, 11]]"
12a_1155_24,"[[2, 11, 3, 12], [4, 10, 5, 9], [6, 20, 7, 19], [8, 16, 9, 15], [10, 22, 11, 21], [12, 1, 13, 2], [14, 6, 15, 5], [16, 24, 17, 23], [18, 8, 19, 7], [20, 14, 21, 13], [22, 4, 23, 3], [24, 18, 1, 17]]"
12a_1155_25,"[[24, 18, 1, 17], [2, 11, 3, 12], [4, 10, 5, 9], [6, 20, 7, 19], [8, 16, 9, 15], [10, 22, 11, 21], [12, 1, 13, 2], [14, 6, 15, 5], [16, 24, 17, 23], [18, 8, 19, 7], [20, 14, 21, 13], [22, 4, 23, 3]]"
12a_1155_26,"[[22, 4, 23, 3], [24, 18, 1, 17], [2, 11, 3, 12], [4, 10, 5, 9], [6, 20, 7, 19], [8, 16, 9, 15], [10, 22, 11, 21], [12, 1, 13, 2], [14, 6, 15, 5], [16, 24, 17, 23], [18, 8, 19, 7], [20, 14, 21, 13]]"
12a_1155_27,"[[20, 14, 21, 13], [22, 4, 23, 3], [24, 18, 1, 17], [2, 11, 3, 12], [4, 10, 5, 9], [6, 20, 7, 19], [8, 16, 9, 15], [10, 22, 11, 21], [12, 1, 13, 2], [14, 6, 15, 5], [16, 24, 17, 23], [18, 8, 19, 7]]"
12a_1155_28,"[[18, 8, 19, 7], [20, 14, 21, 13], [22, 4, 23, 3], [24, 18, 1, 17], [2, 11, 3, 12], [4, 10, 5, 9], [6, 20, 7, 19], [8, 16, 9, 15], [10, 22, 11, 21], [12, 1, 13, 2], [14, 6, 15, 5], [16, 24, 17, 23]]"
12a_1155_29,"[[16, 24, 17, 23], [18, 8, 19, 7], [20, 14, 21, 13], [22, 4, 23, 3], [24, 18, 1, 17], [2, 11, 3, 12], [4, 10, 5, 9], [6, 20, 7, 19], [8, 16, 9, 15], [10, 22, 11, 21], [12, 1, 13, 2], [14, 6, 15, 5]]"
12a_1155_30,"[[14, 6, 15, 5], [16, 24, 17, 23], [18, 8, 19, 7], [20, 14, 21, 13], [22, 4, 23, 3], [24, 18, 1, 17], [2, 11, 3, 12], [4, 10, 5, 9], [6, 20, 7, 19], [8, 16, 9, 15], [10, 22, 11, 21], [12, 1, 13, 2]]"
12a_1155_31,"[[12, 1, 13, 2], [14, 6, 15, 5], [16, 24, 17, 23], [18, 8, 19, 7], [20, 14, 21, 13], [22, 4, 23, 3], [24, 18, 1, 17], [2, 11, 3, 12], [4, 10, 5, 9], [6, 20, 7, 19], [8, 16, 9, 15], [10, 22, 11, 21]]"
12a_1155_32,"[[10, 22, 11, 21], [12, 1, 13, 2], [14, 6, 15, 5], [16, 24, 17, 23], [18, 8, 19, 7], [20, 14, 21, 13], [22, 4, 23, 3], [24, 18, 1, 17], [2, 11, 3, 12], [4, 10, 5, 9], [6, 20, 7, 19], [8, 16, 9, 15]]"
12a_1155_33,"[[8, 16, 9, 15], [10, 22, 11, 21], [12, 1, 13, 2], [14, 6, 15, 5], [16, 24, 17, 23], [18, 8, 19, 7], [20, 14, 21, 13], [22, 4, 23, 3], [24, 18, 1, 17], [2, 11, 3, 12], [4, 10, 5, 9], [6, 20, 7, 19]]"
12a_1155_34,"[[6, 20, 7, 19], [8, 16, 9, 15], [10, 22, 11, 21], [12, 1, 13, 2], [14, 6, 15, 5], [16, 24, 17, 23], [18, 8, 19, 7], [20, 14, 21, 13], [22, 4, 23, 3], [24, 18, 1, 17], [2, 11, 3, 12], [4, 10, 5, 9]]"
12a_1155_35,"[[4, 10, 5, 9], [6, 20, 7, 19], [8, 16, 9, 15], [10, 22, 11, 21], [12, 1, 13, 2], [14, 6, 15, 5], [16, 24, 17, 23], [18, 8, 19, 7], [20, 14, 21, 13], [22, 4, 23, 3], [24, 18, 1, 17], [2, 11, 3, 12]]"
12a_1155_36,"[[3, 12, 4, 13], [5, 11, 6, 10], [7, 21, 8, 20], [9, 17, 10, 16], [11, 23, 12, 22], [13, 2, 14, 3], [15, 7, 16, 6], [17, 1, 18, 24], [19, 9, 20, 8], [21, 15, 22, 14], [23, 5, 24, 4], [1, 19, 2, 18]]"
12a_1155_37,"[[1, 19, 2, 18], [3, 12, 4, 13], [5, 11, 6, 10], [7, 21, 8, 20], [9, 17, 10, 16], [11, 23, 12, 22], [13, 2, 14, 3], [15, 7, 16, 6], [17, 1, 18, 24], [19, 9, 20, 8], [21, 15, 22, 14], [23, 5, 24, 4]]"
12a_1155_38,"[[23, 5, 24, 4], [1, 19, 2, 18], [3, 12, 4, 13], [5, 11, 6, 10], [7, 21, 8, 20], [9, 17, 10, 16], [11, 23, 12, 22], [13, 2, 14, 3], [15, 7, 16, 6], [17, 1, 18, 24], [19, 9, 20, 8], [21, 15, 22, 14]]"
12a_1155_39,"[[21, 15, 22, 14], [23, 5, 24, 4], [1, 19, 2, 18], [3, 12, 4, 13], [5, 11, 6, 10], [7, 21, 8, 20], [9, 17, 10, 16], [11, 23, 12, 22], [13, 2, 14, 3], [15, 7, 16, 6], [17, 1, 18, 24], [19, 9, 20, 8]]"
12a_1155_40,"[[19, 9, 20, 8], [21, 15, 22, 14], [23, 5, 24, 4], [1, 19, 2, 18], [3, 12, 4, 13], [5, 11, 6, 10], [7, 21, 8, 20], [9, 17, 10, 16], [11, 23, 12, 22], [13, 2, 14, 3], [15, 7, 16, 6], [17, 1, 18, 24]]"
12a_1155_41,"[[17, 1, 18, 24], [19, 9, 20, 8], [21, 15, 22, 14], [23, 5, 24, 4], [1, 19, 2, 18], [3, 12, 4, 13], [5, 11, 6, 10], [7, 21, 8, 20], [9, 17, 10, 16], [11, 23, 12, 22], [13, 2, 14, 3], [15, 7, 16, 6]]"
12a_1155_42,"[[15, 7, 16, 6], [17, 1, 18, 24], [19, 9, 20, 8], [21, 15, 22, 14], [23, 5, 24, 4], [1, 19, 2, 18], [3, 12, 4, 13], [5, 11, 6, 10], [7, 21, 8, 20], [9, 17, 10, 16], [11, 23, 12, 22], [13, 2, 14, 3]]"
12a_1155_43,"[[13, 2, 14, 3], [15, 7, 16, 6], [17, 1, 18, 24], [19, 9, 20, 8], [21, 15, 22, 14], [23, 5, 24, 4], [1, 19, 2, 18], [3, 12, 4, 13], [5, 11, 6, 10], [7, 21, 8, 20], [9, 17, 10, 16], [11, 23, 12, 22]]"
12a_1155_44,"[[11, 23, 12, 22], [13, 2, 14, 3], [15, 7, 16, 6], [17, 1, 18, 24], [19, 9, 20, 8], [21, 15, 22, 14], [23, 5, 24, 4], [1, 19, 2, 18], [3, 12, 4, 13], [5, 11, 6, 10], [7, 21, 8, 20], [9, 17, 10, 16]]"
12a_1155_45,"[[9, 17, 10, 16], [11, 23, 12, 22], [13, 2, 14, 3], [15, 7, 16, 6], [17, 1, 18, 24], [19, 9, 20, 8], [21, 15, 22, 14], [23, 5, 24, 4], [1, 19, 2, 18], [3, 12, 4, 13], [5, 11, 6, 10], [7, 21, 8, 20]]"
12a_1155_46,"[[7, 21, 8, 20], [9, 17, 10, 16], [11, 23, 12, 22], [13, 2, 14, 3], [15, 7, 16, 6], [17, 1, 18, 24], [19, 9, 20, 8], [21, 15, 22, 14], [23, 5, 24, 4], [1, 19, 2, 18], [3, 12, 4, 13], [5, 11, 6, 10]]"
12a_1155_47,"[[5, 11, 6, 10], [7, 21, 8, 20], [9, 17, 10, 16], [11, 23, 12, 22], [13, 2, 14, 3], [15, 7, 16, 6], [17, 1, 18, 24], [19, 9, 20, 8], [21, 15, 22, 14], [23, 5, 24, 4], [1, 19, 2, 18], [3, 12, 4, 13]]"
12a_1155_48,"[[4, 13, 5, 14], [6, 12, 7, 11], [8, 22, 9, 21], [10, 18, 11, 17], [12, 24, 13, 23], [14, 3, 15, 4], [16, 8, 17, 7], [18, 2, 19, 1], [20, 10, 21, 9], [22, 16, 23, 15], [24, 6, 1, 5], [2, 20, 3, 19]]"
12a_1155_49,"[[2, 20, 3, 19], [4, 13, 5, 14], [6, 12, 7, 11], [8, 22, 9, 21], [10, 18, 11, 17], [12, 24, 13, 23], [14, 3, 15, 4], [16, 8, 17, 7], [18, 2, 19, 1], [20, 10, 21, 9], [22, 16, 23, 15], [24, 6, 1, 5]]"
12a_1155_50,"[[24, 6, 1, 5], [2, 20, 3, 19], [4, 13, 5, 14], [6, 12, 7, 11], [8, 22, 9, 21], [10, 18, 11, 17], [12, 24, 13, 23], [14, 3, 15, 4], [16, 8, 17, 7], [18, 2, 19, 1], [20, 10, 21, 9], [22, 16, 23, 15]]"
12a_1155_51,"[[22, 16, 23, 15], [24, 6, 1, 5], [2, 20, 3, 19], [4, 13, 5, 14], [6, 12, 7, 11], [8, 22, 9, 21], [10, 18, 11, 17], [12, 24, 13, 23], [14, 3, 15, 4], [16, 8, 17, 7], [18, 2, 19, 1], [20, 10, 21, 9]]"
12a_1155_52,"[[20, 10, 21, 9], [22, 16, 23, 15], [24, 6, 1, 5], [2, 20, 3, 19], [4, 13, 5, 14], [6, 12, 7, 11], [8, 22, 9, 21], [10, 18, 11, 17], [12, 24, 13, 23], [14, 3, 15, 4], [16, 8, 17, 7], [18, 2, 19, 1]]"
12a_1155_53,"[[18, 2, 19, 1], [20, 10, 21, 9], [22, 16, 23, 15], [24, 6, 1, 5], [2, 20, 3, 19], [4, 13, 5, 14], [6, 12, 7, 11], [8, 22, 9, 21], [10, 18, 11, 17], [12, 24, 13, 23], [14, 3, 15, 4], [16, 8, 17, 7]]"
12a_1155_54,"[[16, 8, 17, 7], [18, 2, 19, 1], [20, 10, 21, 9], [22, 16, 23, 15], [24, 6, 1, 5], [2, 20, 3, 19], [4, 13, 5, 14], [6, 12, 7, 11], [8, 22, 9, 21], [10, 18, 11, 17], [12, 24, 13, 23], [14, 3, 15, 4]]"
12a_1155_55,"[[14, 3, 15, 4], [16, 8, 17, 7], [18, 2, 19, 1], [20, 10, 21, 9], [22, 16, 23, 15], [24, 6, 1, 5], [2, 20, 3, 19], [4, 13, 5, 14], [6, 12, 7, 11], [8, 22, 9, 21], [10, 18, 11, 17], [12, 24, 13, 23]]"
12a_1155_56,"[[12, 24, 13, 23], [14, 3, 15, 4], [16, 8, 17, 7], [18, 2, 19, 1], [20, 10, 21, 9], [22, 16, 23, 15], [24, 6, 1, 5], [2, 20, 3, 19], [4, 13, 5, 14], [6, 12, 7, 11], [8, 22, 9, 21], [10, 18, 11, 17]]"
12a_1155_57,"[[10, 18, 11, 17], [12, 24, 13, 23], [14, 3, 15, 4], [16, 8, 17, 7], [18, 2, 19, 1], [20, 10, 21, 9], [22, 16, 23, 15], [24, 6, 1, 5], [2, 20, 3, 19], [4, 13, 5, 14], [6, 12, 7, 11], [8, 22, 9, 21]]"
12a_1155_58,"[[8, 22, 9, 21], [10, 18, 11, 17], [12, 24, 13, 23], [14, 3, 15, 4], [16, 8, 17, 7], [18, 2, 19, 1], [20, 10, 21, 9], [22, 16, 23, 15], [24, 6, 1, 5], [2, 20, 3, 19], [4, 13, 5, 14], [6, 12, 7, 11]]"
12a_1155_59,"[[6, 12, 7, 11], [8, 22, 9, 21], [10, 18, 11, 17], [12, 24, 13, 23], [14, 3, 15, 4], [16, 8, 17, 7], [18, 2, 19, 1], [20, 10, 21, 9], [22, 16, 23, 15], [24, 6, 1, 5], [2, 20, 3, 19], [4, 13, 5, 14]]"
12a_1155_60,"[[5, 14, 6, 15], [7, 13, 8, 12], [9, 23, 10, 22], [11, 19, 12, 18], [13, 1, 14, 24], [15, 4, 16, 5], [17, 9, 18, 8], [19, 3, 20, 2], [21, 11, 22, 10], [23, 17, 24, 16], [1, 7, 2, 6], [3, 21, 4, 20]]"
12a_1155_61,"[[3, 21, 4, 20], [5, 14, 6, 15], [7, 13, 8, 12], [9, 23, 10, 22], [11, 19, 12, 18], [13, 1, 14, 24], [15, 4, 16, 5], [17, 9, 18, 8], [19, 3, 20, 2], [21, 11, 22, 10], [23, 17, 24, 16], [1, 7, 2, 6]]"
12a_1155_62,"[[1, 7, 2, 6], [3, 21, 4, 20], [5, 14, 6, 15], [7, 13, 8, 12], [9, 23, 10, 22], [11, 19, 12, 18], [13, 1, 14, 24], [15, 4, 16, 5], [17, 9, 18, 8], [19, 3, 20, 2], [21, 11, 22, 10], [23, 17, 24, 16]]"
12a_1155_63,"[[23, 17, 24, 16], [1, 7, 2, 6], [3, 21, 4, 20], [5, 14, 6, 15], [7, 13, 8, 12], [9, 23, 10, 22], [11, 19, 12, 18], [13, 1, 14, 24], [15, 4, 16, 5], [17, 9, 18, 8], [19, 3, 20, 2], [21, 11, 22, 10]]"
12a_1155_64,"[[21, 11, 22, 10], [23, 17, 24, 16], [1, 7, 2, 6], [3, 21, 4, 20], [5, 14, 6, 15], [7, 13, 8, 12], [9, 23, 10, 22], [11, 19, 12, 18], [13, 1, 14, 24], [15, 4, 16, 5], [17, 9, 18, 8], [19, 3, 20, 2]]"
12a_1155_65,"[[19, 3, 20, 2], [21, 11, 22, 10], [23, 17, 24, 16], [1, 7, 2, 6], [3, 21, 4, 20], [5, 14, 6, 15], [7, 13, 8, 12], [9, 23, 10, 22], [11, 19, 12, 18], [13, 1, 14, 24], [15, 4, 16, 5], [17, 9, 18, 8]]"
12a_1155_66,"[[17, 9, 18, 8], [19, 3, 20, 2], [21, 11, 22, 10], [23, 17, 24, 16], [1, 7, 2, 6], [3, 21, 4, 20], [5, 14, 6, 15], [7, 13, 8, 12], [9, 23, 10, 22], [11, 19, 12, 18], [13, 1, 14, 24], [15, 4, 16, 5]]"
12a_1155_67,"[[15, 4, 16, 5], [17, 9, 18, 8], [19, 3, 20, 2], [21, 11, 22, 10], [23, 17, 24, 16], [1, 7, 2, 6], [3, 21, 4, 20], [5, 14, 6, 15], [7, 13, 8, 12], [9, 23, 10, 22], [11, 19, 12, 18], [13, 1, 14, 24]]"
12a_1155_68,"[[13, 1, 14, 24], [15, 4, 16, 5], [17, 9, 18, 8], [19, 3, 20, 2], [21, 11, 22, 10], [23, 17, 24, 16], [1, 7, 2, 6], [3, 21, 4, 20], [5, 14, 6, 15], [7, 13, 8, 12], [9, 23, 10, 22], [11, 19, 12, 18]]"
12a_1155_69,"[[11, 19, 12, 18], [13, 1, 14, 24], [15, 4, 16, 5], [17, 9, 18, 8], [19, 3, 20, 2], [21, 11, 22, 10], [23, 17, 24, 16], [1, 7, 2, 6], [3, 21, 4, 20], [5, 14, 6, 15], [7, 13, 8, 12], [9, 23, 10, 22]]"
12a_1155_70,"[[9, 23, 10, 22], [11, 19, 12, 18], [13, 1, 14, 24], [15, 4, 16, 5], [17, 9, 18, 8], [19, 3, 20, 2], [21, 11, 22, 10], [23, 17, 24, 16], [1, 7, 2, 6], [3, 21, 4, 20], [5, 14, 6, 15], [7, 13, 8, 12]]"
12a_1155_71,"[[7, 13, 8, 12], [9, 23, 10, 22], [11, 19, 12, 18], [13, 1, 14, 24], [15, 4, 16, 5], [17, 9, 18, 8], [19, 3, 20, 2], [21, 11, 22, 10], [23, 17, 24, 16], [1, 7, 2, 6], [3, 21, 4, 20], [5, 14, 6, 15]]"
12a_1155_72,"[[6, 15, 7, 16], [8, 14, 9, 13], [10, 24, 11, 23], [12, 20, 13, 19], [14, 2, 15, 1], [16, 5, 17, 6], [18, 10, 19, 9], [20, 4, 21, 3], [22, 12, 23, 11], [24, 18, 1, 17], [2, 8, 3, 7], [4, 22, 5, 21]]"
12a_1155_73,"[[4, 22, 5, 21], [6, 15, 7, 16], [8, 14, 9, 13], [10, 24, 11, 23], [12, 20, 13, 19], [14, 2, 15, 1], [16, 5, 17, 6], [18, 10, 19, 9], [20, 4, 21, 3], [22, 12, 23, 11], [24, 18, 1, 17], [2, 8, 3, 7]]"
12a_1155_74,"[[2, 8, 3, 7], [4, 22, 5, 21], [6, 15, 7, 16], [8, 14, 9, 13], [10, 24, 11, 23], [12, 20, 13, 19], [14, 2, 15, 1], [16, 5, 17, 6], [18, 10, 19, 9], [20, 4, 21, 3], [22, 12, 23, 11], [24, 18, 1, 17]]"
12a_1155_75,"[[24, 18, 1, 17], [2, 8, 3, 7], [4, 22, 5, 21], [6, 15, 7, 16], [8, 14, 9, 13], [10, 24, 11, 23], [12, 20, 13, 19], [14, 2, 15, 1], [16, 5, 17, 6], [18, 10, 19, 9], [20, 4, 21, 3], [22, 12, 23, 11]]"
12a_1155_76,"[[22, 12, 23, 11], [24, 18, 1, 17], [2, 8, 3, 7], [4, 22, 5, 21], [6, 15, 7, 16], [8, 14, 9, 13], [10, 24, 11, 23], [12, 20, 13, 19], [14, 2, 15, 1], [16, 5, 17, 6], [18, 10, 19, 9], [20, 4, 21, 3]]"
12a_1155_77,"[[20, 4, 21, 3], [22, 12, 23, 11], [24, 18, 1, 17], [2, 8, 3, 7], [4, 22, 5, 21], [6, 15, 7, 16], [8, 14, 9, 13], [10, 24, 11, 23], [12, 20, 13, 19], [14, 2, 15, 1], [16, 5, 17, 6], [18, 10, 19, 9]]"
12a_1155_78,"[[18, 10, 19, 9], [20, 4, 21, 3], [22, 12, 23, 11], [24, 18, 1, 17], [2, 8, 3, 7], [4, 22, 5, 21], [6, 15, 7, 16], [8, 14, 9, 13], [10, 24, 11, 23], [12, 20, 13, 19], [14, 2, 15, 1], [16, 5, 17, 6]]"
12a_1155_79,"[[16, 5, 17, 6], [18, 10, 19, 9], [20, 4, 21, 3], [22, 12, 23, 11], [24, 18, 1, 17], [2, 8, 3, 7], [4, 22, 5, 21], [6, 15, 7, 16], [8, 14, 9, 13], [10, 24, 11, 23], [12, 20, 13, 19], [14, 2, 15, 1]]"
12a_1155_80,"[[14, 2, 15, 1], [16, 5, 17, 6], [18, 10, 19, 9], [20, 4, 21, 3], [22, 12, 23, 11], [24, 18, 1, 17], [2, 8, 3, 7], [4, 22, 5, 21], [6, 15, 7, 16], [8, 14, 9, 13], [10, 24, 11, 23], [12, 20, 13, 19]]"
12a_1155_81,"[[12, 20, 13, 19], [14, 2, 15, 1], [16, 5, 17, 6], [18, 10, 19, 9], [20, 4, 21, 3], [22, 12, 23, 11], [24, 18, 1, 17], [2, 8, 3, 7], [4, 22, 5, 21], [6, 15, 7, 16], [8, 14, 9, 13], [10, 24, 11, 23]]"
12a_1155_82,"[[10, 24, 11, 23], [12, 20, 13, 19], [14, 2, 15, 1], [16, 5, 17, 6], [18, 10, 19, 9], [20, 4, 21, 3], [22, 12, 23, 11], [24, 18, 1, 17], [2, 8, 3, 7], [4, 22, 5, 21], [6, 15, 7, 16], [8, 14, 9, 13]]"
12a_1155_83,"[[8, 14, 9, 13], [10, 24, 11, 23], [12, 20, 13, 19], [14, 2, 15, 1], [16, 5, 17, 6], [18, 10, 19, 9], [20, 4, 21, 3], [22, 12, 23, 11], [24, 18, 1, 17], [2, 8, 3, 7], [4, 22, 5, 21], [6, 15, 7, 16]]"
12a_1155_84,"[[7, 16, 8, 17], [9, 15, 10, 14], [11, 1, 12, 24], [13, 21, 14, 20], [15, 3, 16, 2], [17, 6, 18, 7], [19, 11, 20, 10], [21, 5, 22, 4], [23, 13, 24, 12], [1, 19, 2, 18], [3, 9, 4, 8], [5, 23, 6, 22]]"
12a_1155_85,"[[5, 23, 6, 22], [7, 16, 8, 17], [9, 15, 10, 14], [11, 1, 12, 24], [13, 21, 14, 20], [15, 3, 16, 2], [17, 6, 18, 7], [19, 11, 20, 10], [21, 5, 22, 4], [23, 13, 24, 12], [1, 19, 2, 18], [3, 9, 4, 8]]"
12a_1155_86,"[[3, 9, 4, 8], [5, 23, 6, 22], [7, 16, 8, 17], [9, 15, 10, 14], [11, 1, 12, 24], [13, 21, 14, 20], [15, 3, 16, 2], [17, 6, 18, 7], [19, 11, 20, 10], [21, 5, 22, 4], [23, 13, 24, 12], [1, 19, 2, 18]]"
12a_1155_87,"[[1, 19, 2, 18], [3, 9, 4, 8], [5, 23, 6, 22], [7, 16, 8, 17], [9, 15, 10, 14], [11, 1, 12, 24], [13, 21, 14, 20], [15, 3, 16, 2], [17, 6, 18, 7], [19, 11, 20, 10], [21, 5, 22, 4], [23, 13, 24, 12]]"
12a_1155_88,"[[23, 13, 24, 12], [1, 19, 2, 18], [3, 9, 4, 8], [5, 23, 6, 22], [7, 16, 8, 17], [9, 15, 10, 14], [11, 1, 12, 24], [13, 21, 14, 20], [15, 3, 16, 2], [17, 6, 18, 7], [19, 11, 20, 10], [21, 5, 22, 4]]"
12a_1155_89,"[[21, 5, 22, 4], [23, 13, 24, 12], [1, 19, 2, 18], [3, 9, 4, 8], [5, 23, 6, 22], [7, 16, 8, 17], [9, 15, 10, 14], [11, 1, 12, 24], [13, 21, 14, 20], [15, 3, 16, 2], [17, 6, 18, 7], [19, 11, 20, 10]]"
12a_1155_90,"[[19, 11, 20, 10], [21, 5, 22, 4], [23, 13, 24, 12], [1, 19, 2, 18], [3, 9, 4, 8], [5, 23, 6, 22], [7, 16, 8, 17], [9, 15, 10, 14], [11, 1, 12, 24], [13, 21, 14, 20], [15, 3, 16, 2], [17, 6, 18, 7]]"
12a_1155_91,"[[17, 6, 18, 7], [19, 11, 20, 10], [21, 5, 22, 4], [23, 13, 24, 12], [1, 19, 2, 18], [3, 9, 4, 8], [5, 23, 6, 22], [7, 16, 8, 17], [9, 15, 10, 14], [11, 1, 12, 24], [13, 21, 14, 20], [15, 3, 16, 2]]"
12a_1155_92,"[[15, 3, 16, 2], [17, 6, 18, 7], [19, 11, 20, 10], [21, 5, 22, 4], [23, 13, 24, 12], [1, 19, 2, 18], [3, 9, 4, 8], [5, 23, 6, 22], [7, 16, 8, 17], [9, 15, 10, 14], [11, 1, 12, 24], [13, 21, 14, 20]]"
12a_1155_93,"[[13, 21, 14, 20], [15, 3, 16, 2], [17, 6, 18, 7], [19, 11, 20, 10], [21, 5, 22, 4], [23, 13, 24, 12], [1, 19, 2, 18], [3, 9, 4, 8], [5, 23, 6, 22], [7, 16, 8, 17], [9, 15, 10, 14], [11, 1, 12, 24]]"
12a_1155_94,"[[11, 1, 12, 24], [13, 21, 14, 20], [15, 3, 16, 2], [17, 6, 18, 7], [19, 11, 20, 10], [21, 5, 22, 4], [23, 13, 24, 12], [1, 19, 2, 18], [3, 9, 4, 8], [5, 23, 6, 22], [7, 16, 8, 17], [9, 15, 10, 14]]"
12a_1155_95,"[[9, 15, 10, 14], [11, 1, 12, 24], [13, 21, 14, 20], [15, 3, 16, 2], [17, 6, 18, 7], [19, 11, 20, 10], [21, 5, 22, 4], [23, 13, 24, 12], [1, 19, 2, 18], [3, 9, 4, 8], [5, 23, 6, 22], [7, 16, 8, 17]]"
12a_1155_96,"[[8, 17, 9, 18], [10, 16, 11, 15], [12, 2, 13, 1], [14, 22, 15, 21], [16, 4, 17, 3], [18, 7, 19, 8], [20, 12, 21, 11], [22, 6, 23, 5], [24, 14, 1, 13], [2, 20, 3, 19], [4, 10, 5, 9], [6, 24, 7, 23]]"
12a_1155_97,"[[6, 24, 7, 23], [8, 17, 9, 18], [10, 16, 11, 15], [12, 2, 13, 1], [14, 22, 15, 21], [16, 4, 17, 3], [18, 7, 19, 8], [20, 12, 21, 11], [22, 6, 23, 5], [24, 14, 1, 13], [2, 20, 3, 19], [4, 10, 5, 9]]"
12a_1155_98,"[[4, 10, 5, 9], [6, 24, 7, 23], [8, 17, 9, 18], [10, 16, 11, 15], [12, 2, 13, 1], [14, 22, 15, 21], [16, 4, 17, 3], [18, 7, 19, 8], [20, 12, 21, 11], [22, 6, 23, 5], [24, 14, 1, 13], [2, 20, 3, 19]]"
12a_1155_99,"[[2, 20, 3, 19], [4, 10, 5, 9], [6, 24, 7, 23], [8, 17, 9, 18], [10, 16, 11, 15], [12, 2, 13, 1], [14, 22, 15, 21], [16, 4, 17, 3], [18, 7, 19, 8], [20, 12, 21, 11], [22, 6, 23, 5], [24, 14, 1, 13]]"
12a_1155_100,"[[24, 14, 1, 13], [2, 20, 3, 19], [4, 10, 5, 9], [6, 24, 7, 23], [8, 17, 9, 18], [10, 16, 11, 15], [12, 2, 13, 1], [14, 22, 15, 21], [16, 4, 17, 3], [18, 7, 19, 8], [20, 12, 21, 11], [22, 6, 23, 5]]"
12a_1155_101,"[[22, 6, 23, 5], [24, 14, 1, 13], [2, 20, 3, 19], [4, 10, 5, 9], [6, 24, 7, 23], [8, 17, 9, 18], [10, 16, 11, 15], [12, 2, 13, 1], [14, 22, 15, 21], [16, 4, 17, 3], [18, 7, 19, 8], [20, 12, 21, 11]]"
12a_1155_102,"[[20, 12, 21, 11], [22, 6, 23, 5], [24, 14, 1, 13], [2, 20, 3, 19], [4, 10, 5, 9], [6, 24, 7, 23], [8, 17, 9, 18], [10, 16, 11, 15], [12, 2, 13, 1], [14, 22, 15, 21], [16, 4, 17, 3], [18, 7, 19, 8]]"
12a_1155_103,"[[18, 7, 19, 8], [20, 12, 21, 11], [22, 6, 23, 5], [24, 14, 1, 13], [2, 20, 3, 19], [4, 10, 5, 9], [6, 24, 7, 23], [8, 17, 9, 18], [10, 16, 11, 15], [12, 2, 13, 1], [14, 22, 15, 21], [16, 4, 17, 3]]"
12a_1155_104,"[[16, 4, 17, 3], [18, 7, 19, 8], [20, 12, 21, 11], [22, 6, 23, 5], [24, 14, 1, 13], [2, 20, 3, 19], [4, 10, 5, 9], [6, 24, 7, 23], [8, 17, 9, 18], [10, 16, 11, 15], [12, 2, 13, 1], [14, 22, 15, 21]]"
12a_1155_105,"[[14, 22, 15, 21], [16, 4, 17, 3], [18, 7, 19, 8], [20, 12, 21, 11], [22, 6, 23, 5], [24, 14, 1, 13], [2, 20, 3, 19], [4, 10, 5, 9], [6, 24, 7, 23], [8, 17, 9, 18], [10, 16, 11, 15], [12, 2, 13, 1]]"
12a_1155_106,"[[12, 2, 13, 1], [14, 22, 15, 21], [16, 4, 17, 3], [18, 7, 19, 8], [20, 12, 21, 11], [22, 6, 23, 5], [24, 14, 1, 13], [2, 20, 3, 19], [4, 10, 5, 9], [6, 24, 7, 23], [8, 17, 9, 18], [10, 16, 11, 15]]"
12a_1155_107,"[[10, 16, 11, 15], [12, 2, 13, 1], [14, 22, 15, 21], [16, 4, 17, 3], [18, 7, 19, 8], [20, 12, 21, 11], [22, 6, 23, 5], [24, 14, 1, 13], [2, 20, 3, 19], [4, 10, 5, 9], [6, 24, 7, 23], [8, 17, 9, 18]]"
12a_1155_108,"[[9, 18, 10, 19], [11, 17, 12, 16], [13, 3, 14, 2], [15, 23, 16, 22], [17, 5, 18, 4], [19, 8, 20, 9], [21, 13, 22, 12], [23, 7, 24, 6], [1, 15, 2, 14], [3, 21, 4, 20], [5, 11, 6, 10], [7, 1, 8, 24]]"
12a_1155_109,"[[7, 1, 8, 24], [9, 18, 10, 19], [11, 17, 12, 16], [13, 3, 14, 2], [15, 23, 16, 22], [17, 5, 18, 4], [19, 8, 20, 9], [21, 13, 22, 12], [23, 7, 24, 6], [1, 15, 2, 14], [3, 21, 4, 20], [5, 11, 6, 10]]"
12a_1155_110,"[[5, 11, 6, 10], [7, 1, 8, 24], [9, 18, 10, 19], [11, 17, 12, 16], [13, 3, 14, 2], [15, 23, 16, 22], [17, 5, 18, 4], [19, 8, 20, 9], [21, 13, 22, 12], [23, 7, 24, 6], [1, 15, 2, 14], [3, 21, 4, 20]]"
12a_1155_111,"[[3, 21, 4, 20], [5, 11, 6, 10], [7, 1, 8, 24], [9, 18, 10, 19], [11, 17, 12, 16], [13, 3, 14, 2], [15, 23, 16, 22], [17, 5, 18, 4], [19, 8, 20, 9], [21, 13, 22, 12], [23, 7, 24, 6], [1, 15, 2, 14]]"
12a_1155_112,"[[1, 15, 2, 14], [3, 21, 4, 20], [5, 11, 6, 10], [7, 1, 8, 24], [9, 18, 10, 19], [11, 17, 12, 16], [13, 3, 14, 2], [15, 23, 16, 22], [17, 5, 18, 4], [19, 8, 20, 9], [21, 13, 22, 12], [23, 7, 24, 6]]"
12a_1155_113,"[[23, 7, 24, 6], [1, 15, 2, 14], [3, 21, 4, 20], [5, 11, 6, 10], [7, 1, 8, 24], [9, 18, 10, 19], [11, 17, 12, 16], [13, 3, 14, 2], [15, 23, 16, 22], [17, 5, 18, 4], [19, 8, 20, 9], [21, 13, 22, 12]]"
12a_1155_114,"[[21, 13, 22, 12], [23, 7, 24, 6], [1, 15, 2, 14], [3, 21, 4, 20], [5, 11, 6, 10], [7, 1, 8, 24], [9, 18, 10, 19], [11, 17, 12, 16], [13, 3, 14, 2], [15, 23, 16, 22], [17, 5, 18, 4], [19, 8, 20, 9]]"
12a_1155_115,"[[19, 8, 20, 9], [21, 13, 22, 12], [23, 7, 24, 6], [1, 15, 2, 14], [3, 21, 4, 20], [5, 11, 6, 10], [7, 1, 8, 24], [9, 18, 10, 19], [11, 17, 12, 16], [13, 3, 14, 2], [15, 23, 16, 22], [17, 5, 18, 4]]"
12a_1155_116,"[[17, 5, 18, 4], [19, 8, 20, 9], [21, 13, 22, 12], [23, 7, 24, 6], [1, 15, 2, 14], [3, 21, 4, 20], [5, 11, 6, 10], [7, 1, 8, 24], [9, 18, 10, 19], [11, 17, 12, 16], [13, 3, 14, 2], [15, 23, 16, 22]]"
12a_1155_117,"[[15, 23, 16, 22], [17, 5, 18, 4], [19, 8, 20, 9], [21, 13, 22, 12], [23, 7, 24, 6], [1, 15, 2, 14], [3, 21, 4, 20], [5, 11, 6, 10], [7, 1, 8, 24], [9, 18, 10, 19], [11, 17, 12, 16], [13, 3, 14, 2]]"
12a_1155_118,"[[13, 3, 14, 2], [15, 23, 16, 22], [17, 5, 18, 4], [19, 8, 20, 9], [21, 13, 22, 12], [23, 7, 24, 6], [1, 15, 2, 14], [3, 21, 4, 20], [5, 11, 6, 10], [7, 1, 8, 24], [9, 18, 10, 19], [11, 17, 12, 16]]"
12a_1155_119,"[[11, 17, 12, 16], [13, 3, 14, 2], [15, 23, 16, 22], [17, 5, 18, 4], [19, 8, 20, 9], [21, 13, 22, 12], [23, 7, 24, 6], [1, 15, 2, 14], [3, 21, 4, 20], [5, 11, 6, 10], [7, 1, 8, 24], [9, 18, 10, 19]]"
12a_1155_120,"[[10, 19, 11, 20], [12, 18, 13, 17], [14, 4, 15, 3], [16, 24, 17, 23], [18, 6, 19, 5], [20, 9, 21, 10], [22, 14, 23, 13], [24, 8, 1, 7], [2, 16, 3, 15], [4, 22, 5, 21], [6, 12, 7, 11], [8, 2, 9, 1]]"
12a_1155_121,"[[8, 2, 9, 1], [10, 19, 11, 20], [12, 18, 13, 17], [14, 4, 15, 3], [16, 24, 17, 23], [18, 6, 19, 5], [20, 9, 21, 10], [22, 14, 23, 13], [24, 8, 1, 7], [2, 16, 3, 15], [4, 22, 5, 21], [6, 12, 7, 11]]"
12a_1155_122,"[[6, 12, 7, 11], [8, 2, 9, 1], [10, 19, 11, 20], [12, 18, 13, 17], [14, 4, 15, 3], [16, 24, 17, 23], [18, 6, 19, 5], [20, 9, 21, 10], [22, 14, 23, 13], [24, 8, 1, 7], [2, 16, 3, 15], [4, 22, 5, 21]]"
12a_1155_123,"[[4, 22, 5, 21], [6, 12, 7, 11], [8, 2, 9, 1], [10, 19, 11, 20], [12, 18, 13, 17], [14, 4, 15, 3], [16, 24, 17, 23], [18, 6, 19, 5], [20, 9, 21, 10], [22, 14, 23, 13], [24, 8, 1, 7], [2, 16, 3, 15]]"
12a_1155_124,"[[2, 16, 3, 15], [4, 22, 5, 21], [6, 12, 7, 11], [8, 2, 9, 1], [10, 19, 11, 20], [12, 18, 13, 17], [14, 4, 15, 3], [16, 24, 17, 23], [18, 6, 19, 5], [20, 9, 21, 10], [22, 14, 23, 13], [24, 8, 1, 7]]"
12a_1155_125,"[[24, 8, 1, 7], [2, 16, 3, 15], [4, 22, 5, 21], [6, 12, 7, 11], [8, 2, 9, 1], [10, 19, 11, 20], [12, 18, 13, 17], [14, 4, 15, 3], [16, 24, 17, 23], [18, 6, 19, 5], [20, 9, 21, 10], [22, 14, 23, 13]]"
12a_1155_126,"[[22, 14, 23, 13], [24, 8, 1, 7], [2, 16, 3, 15], [4, 22, 5, 21], [6, 12, 7, 11], [8, 2, 9, 1], [10, 19, 11, 20], [12, 18, 13, 17], [14, 4, 15, 3], [16, 24, 17, 23], [18, 6, 19, 5], [20, 9, 21, 10]]"
12a_1155_127,"[[20, 9, 21, 10], [22, 14, 23, 13], [24, 8, 1, 7], [2, 16, 3, 15], [4, 22, 5, 21], [6, 12, 7, 11], [8, 2, 9, 1], [10, 19, 11, 20], [12, 18, 13, 17], [14, 4, 15, 3], [16, 24, 17, 23], [18, 6, 19, 5]]"
12a_1155_128,"[[18, 6, 19, 5], [20, 9, 21, 10], [22, 14, 23, 13], [24, 8, 1, 7], [2, 16, 3, 15], [4, 22, 5, 21], [6, 12, 7, 11], [8, 2, 9, 1], [10, 19, 11, 20], [12, 18, 13, 17], [14, 4, 15, 3], [16, 24, 17, 23]]"
12a_1155_129,"[[16, 24, 17, 23], [18, 6, 19, 5], [20, 9, 21, 10], [22, 14, 23, 13], [24, 8, 1, 7], [2, 16, 3, 15], [4, 22, 5, 21], [6, 12, 7, 11], [8, 2, 9, 1], [10, 19, 11, 20], [12, 18, 13, 17], [14, 4, 15, 3]]"
12a_1155_130,"[[14, 4, 15, 3], [16, 24, 17, 23], [18, 6, 19, 5], [20, 9, 21, 10], [22, 14, 23, 13], [24, 8, 1, 7], [2, 16, 3, 15], [4, 22, 5, 21], [6, 12, 7, 11], [8, 2, 9, 1], [10, 19, 11, 20], [12, 18, 13, 17]]"
12a_1155_131,"[[12, 18, 13, 17], [14, 4, 15, 3], [16, 24, 17, 23], [18, 6, 19, 5], [20, 9, 21, 10], [22, 14, 23, 13], [24, 8, 1, 7], [2, 16, 3, 15], [4, 22, 5, 21], [6, 12, 7, 11], [8, 2, 9, 1], [10, 19, 11, 20]]"
12a_1155_132,"[[11, 20, 12, 21], [13, 19, 14, 18], [15, 5, 16, 4], [17, 1, 18, 24], [19, 7, 20, 6], [21, 10, 22, 11], [23, 15, 24, 14], [1, 9, 2, 8], [3, 17, 4, 16], [5, 23, 6, 22], [7, 13, 8, 12], [9, 3, 10, 2]]"
12a_1155_133,"[[9, 3, 10, 2], [11, 20, 12, 21], [13, 19, 14, 18], [15, 5, 16, 4], [17, 1, 18, 24], [19, 7, 20, 6], [21, 10, 22, 11], [23, 15, 24, 14], [1, 9, 2, 8], [3, 17, 4, 16], [5, 23, 6, 22], [7, 13, 8, 12]]"
12a_1155_134,"[[7, 13, 8, 12], [9, 3, 10, 2], [11, 20, 12, 21], [13, 19, 14, 18], [15, 5, 16, 4], [17, 1, 18, 24], [19, 7, 20, 6], [21, 10, 22, 11], [23, 15, 24, 14], [1, 9, 2, 8], [3, 17, 4, 16], [5, 23, 6, 22]]"
12a_1155_135,"[[5, 23, 6, 22], [7, 13, 8, 12], [9, 3, 10, 2], [11, 20, 12, 21], [13, 19, 14, 18], [15, 5, 16, 4], [17, 1, 18, 24], [19, 7, 20, 6], [21, 10, 22, 11], [23, 15, 24, 14], [1, 9, 2, 8], [3, 17, 4, 16]]"
12a_1155_136,"[[3, 17, 4, 16], [5, 23, 6, 22], [7, 13, 8, 12], [9, 3, 10, 2], [11, 20, 12, 21], [13, 19, 14, 18], [15, 5, 16, 4], [17, 1, 18, 24], [19, 7, 20, 6], [21, 10, 22, 11], [23, 15, 24, 14], [1, 9, 2, 8]]"
12a_1155_137,"[[1, 9, 2, 8], [3, 17, 4, 16], [5, 23, 6, 22], [7, 13, 8, 12], [9, 3, 10, 2], [11, 20, 12, 21], [13, 19, 14, 18], [15, 5, 16, 4], [17, 1, 18, 24], [19, 7, 20, 6], [21, 10, 22, 11], [23, 15, 24, 14]]"
12a_1155_138,"[[23, 15, 24, 14], [1, 9, 2, 8], [3, 17, 4, 16], [5, 23, 6, 22], [7, 13, 8, 12], [9, 3, 10, 2], [11, 20, 12, 21], [13, 19, 14, 18], [15, 5, 16, 4], [17, 1, 18, 24], [19, 7, 20, 6], [21, 10, 22, 11]]"
12a_1155_139,"[[21, 10, 22, 11], [23, 15, 24, 14], [1, 9, 2, 8], [3, 17, 4, 16], [5, 23, 6, 22], [7, 13, 8, 12], [9, 3, 10, 2], [11, 20, 12, 21], [13, 19, 14, 18], [15, 5, 16, 4], [17, 1, 18, 24], [19, 7, 20, 6]]"
12a_1155_140,"[[19, 7, 20, 6], [21, 10, 22, 11], [23, 15, 24, 14], [1, 9, 2, 8], [3, 17, 4, 16], [5, 23, 6, 22], [7, 13, 8, 12], [9, 3, 10, 2], [11, 20, 12, 21], [13, 19, 14, 18], [15, 5, 16, 4], [17, 1, 18, 24]]"
12a_1155_141,"[[17, 1, 18, 24], [19, 7, 20, 6], [21, 10, 22, 11], [23, 15, 24, 14], [1, 9, 2, 8], [3, 17, 4, 16], [5, 23, 6, 22], [7, 13, 8, 12], [9, 3, 10, 2], [11, 20, 12, 21], [13, 19, 14, 18], [15, 5, 16, 4]]"
12a_1155_142,"[[15, 5, 16, 4], [17, 1, 18, 24], [19, 7, 20, 6], [21, 10, 22, 11], [23, 15, 24, 14], [1, 9, 2, 8], [3, 17, 4, 16], [5, 23, 6, 22], [7, 13, 8, 12], [9, 3, 10, 2], [11, 20, 12, 21], [13, 19, 14, 18]]"
12a_1155_143,"[[13, 19, 14, 18], [15, 5, 16, 4], [17, 1, 18, 24], [19, 7, 20, 6], [21, 10, 22, 11], [23, 15, 24, 14], [1, 9, 2, 8], [3, 17, 4, 16], [5, 23, 6, 22], [7, 13, 8, 12], [9, 3, 10, 2], [11, 20, 12, 21]]"
12a_1155_144,"[[12, 21, 13, 22], [14, 20, 15, 19], [16, 6, 17, 5], [18, 2, 19, 1], [20, 8, 21, 7], [22, 11, 23, 12], [24, 16, 1, 15], [2, 10, 3, 9], [4, 18, 5, 17], [6, 24, 7, 23], [8, 14, 9, 13], [10, 4, 11, 3]]"
12a_1155_145,"[[10, 4, 11, 3], [12, 21, 13, 22], [14, 20, 15, 19], [16, 6, 17, 5], [18, 2, 19, 1], [20, 8, 21, 7], [22, 11, 23, 12], [24, 16, 1, 15], [2, 10, 3, 9], [4, 18, 5, 17], [6, 24, 7, 23], [8, 14, 9, 13]]"
12a_1155_146,"[[8, 14, 9, 13], [10, 4, 11, 3], [12, 21, 13, 22], [14, 20, 15, 19], [16, 6, 17, 5], [18, 2, 19, 1], [20, 8, 21, 7], [22, 11, 23, 12], [24, 16, 1, 15], [2, 10, 3, 9], [4, 18, 5, 17], [6, 24, 7, 23]]"
12a_1155_147,"[[6, 24, 7, 23], [8, 14, 9, 13], [10, 4, 11, 3], [12, 21, 13, 22], [14, 20, 15, 19], [16, 6, 17, 5], [18, 2, 19, 1], [20, 8, 21, 7], [22, 11, 23, 12], [24, 16, 1, 15], [2, 10, 3, 9], [4, 18, 5, 17]]"
12a_1155_148,"[[4, 18, 5, 17], [6, 24, 7, 23], [8, 14, 9, 13], [10, 4, 11, 3], [12, 21, 13, 22], [14, 20, 15, 19], [16, 6, 17, 5], [18, 2, 19, 1], [20, 8, 21, 7], [22, 11, 23, 12], [24, 16, 1, 15], [2, 10, 3, 9]]"
12a_1155_149,"[[2, 10, 3, 9], [4, 18, 5, 17], [6, 24, 7, 23], [8, 14, 9, 13], [10, 4, 11, 3], [12, 21, 13, 22], [14, 20, 15, 19], [16, 6, 17, 5], [18, 2, 19, 1], [20, 8, 21, 7], [22, 11, 23, 12], [24, 16, 1, 15]]"
12a_1155_150,"[[24, 16, 1, 15], [2, 10, 3, 9], [4, 18, 5, 17], [6, 24, 7, 23], [8, 14, 9, 13], [10, 4, 11, 3], [12, 21, 13, 22], [14, 20, 15, 19], [16, 6, 17, 5], [18, 2, 19, 1], [20, 8, 21, 7], [22, 11, 23, 12]]"
12a_1155_151,"[[22, 11, 23, 12], [24, 16, 1, 15], [2, 10, 3, 9], [4, 18, 5, 17], [6, 24, 7, 23], [8, 14, 9, 13], [10, 4, 11, 3], [12, 21, 13, 22], [14, 20, 15, 19], [16, 6, 17, 5], [18, 2, 19, 1], [20, 8, 21, 7]]"
12a_1155_152,"[[20, 8, 21, 7], [22, 11, 23, 12], [24, 16, 1, 15], [2, 10, 3, 9], [4, 18, 5, 17], [6, 24, 7, 23], [8, 14, 9, 13], [10, 4, 11, 3], [12, 21, 13, 22], [14, 20, 15, 19], [16, 6, 17, 5], [18, 2, 19, 1]]"
12a_1155_153,"[[18, 2, 19, 1], [20, 8, 21, 7], [22, 11, 23, 12], [24, 16, 1, 15], [2, 10, 3, 9], [4, 18, 5, 17], [6, 24, 7, 23], [8, 14, 9, 13], [10, 4, 11, 3], [12, 21, 13, 22], [14, 20, 15, 19], [16, 6, 17, 5]]"
12a_1155_154,"[[16, 6, 17, 5], [18, 2, 19, 1], [20, 8, 21, 7], [22, 11, 23, 12], [24, 16, 1, 15], [2, 10, 3, 9], [4, 18, 5, 17], [6, 24, 7, 23], [8, 14, 9, 13], [10, 4, 11, 3], [12, 21, 13, 22], [14, 20, 15, 19]]"
12a_1155_155,"[[14, 20, 15, 19], [16, 6, 17, 5], [18, 2, 19, 1], [20, 8, 21, 7], [22, 11, 23, 12], [24, 16, 1, 15], [2, 10, 3, 9], [4, 18, 5, 17], [6, 24, 7, 23], [8, 14, 9, 13], [10, 4, 11, 3], [12, 21, 13, 22]]"
12a_1155_156,"[[13, 22, 14, 23], [15, 21, 16, 20], [17, 7, 18, 6], [19, 3, 20, 2], [21, 9, 22, 8], [23, 12, 24, 13], [1, 17, 2, 16], [3, 11, 4, 10], [5, 19, 6, 18], [7, 1, 8, 24], [9, 15, 10, 14], [11, 5, 12, 4]]"
12a_1155_157,"[[11, 5, 12, 4], [13, 22, 14, 23], [15, 21, 16, 20], [17, 7, 18, 6], [19, 3, 20, 2], [21, 9, 22, 8], [23, 12, 24, 13], [1, 17, 2, 16], [3, 11, 4, 10], [5, 19, 6, 18], [7, 1, 8, 24], [9, 15, 10, 14]]"
12a_1155_158,"[[9, 15, 10, 14], [11, 5, 12, 4], [13, 22, 14, 23], [15, 21, 16, 20], [17, 7, 18, 6], [19, 3, 20, 2], [21, 9, 22, 8], [23, 12, 24, 13], [1, 17, 2, 16], [3, 11, 4, 10], [5, 19, 6, 18], [7, 1, 8, 24]]"
12a_1155_159,"[[7, 1, 8, 24], [9, 15, 10, 14], [11, 5, 12, 4], [13, 22, 14, 23], [15, 21, 16, 20], [17, 7, 18, 6], [19, 3, 20, 2], [21, 9, 22, 8], [23, 12, 24, 13], [1, 17, 2, 16], [3, 11, 4, 10], [5, 19, 6, 18]]"
12a_1155_160,"[[5, 19, 6, 18], [7, 1, 8, 24], [9, 15, 10, 14], [11, 5, 12, 4], [13, 22, 14, 23], [15, 21, 16, 20], [17, 7, 18, 6], [19, 3, 20, 2], [21, 9, 22, 8], [23, 12, 24, 13], [1, 17, 2, 16], [3, 11, 4, 10]]"
12a_1155_161,"[[3, 11, 4, 10], [5, 19, 6, 18], [7, 1, 8, 24], [9, 15, 10, 14], [11, 5, 12, 4], [13, 22, 14, 23], [15, 21, 16, 20], [17, 7, 18, 6], [19, 3, 20, 2], [21, 9, 22, 8], [23, 12, 24, 13], [1, 17, 2, 16]]"
12a_1155_162,"[[1, 17, 2, 16], [3, 11, 4, 10], [5, 19, 6, 18], [7, 1, 8, 24], [9, 15, 10, 14], [11, 5, 12, 4], [13, 22, 14, 23], [15, 21, 16, 20], [17, 7, 18, 6], [19, 3, 20, 2], [21, 9, 22, 8], [23, 12, 24, 13]]"
12a_1155_163,"[[23, 12, 24, 13], [1, 17, 2, 16], [3, 11, 4, 10], [5, 19, 6, 18], [7, 1, 8, 24], [9, 15, 10, 14], [11, 5, 12, 4], [13, 22, 14, 23], [15, 21, 16, 20], [17, 7, 18, 6], [19, 3, 20, 2], [21, 9, 22, 8]]"
12a_1155_164,"[[21, 9, 22, 8], [23, 12, 24, 13], [1, 17, 2, 16], [3, 11, 4, 10], [5, 19, 6, 18], [7, 1, 8, 24], [9, 15, 10, 14], [11, 5, 12, 4], [13, 22, 14, 23], [15, 21, 16, 20], [17, 7, 18, 6], [19, 3, 20, 2]]"
12a_1155_165,"[[19, 3, 20, 2], [21, 9, 22, 8], [23, 12, 24, 13], [1, 17, 2, 16], [3, 11, 4, 10], [5, 19, 6, 18], [7, 1, 8, 24], [9, 15, 10, 14], [11, 5, 12, 4], [13, 22, 14, 23], [15, 21, 16, 20], [17, 7, 18, 6]]"
12a_1155_166,"[[17, 7, 18, 6], [19, 3, 20, 2], [21, 9, 22, 8], [23, 12, 24, 13], [1, 17, 2, 16], [3, 11, 4, 10], [5, 19, 6, 18], [7, 1, 8, 24], [9, 15, 10, 14], [11, 5, 12, 4], [13, 22, 14, 23], [15, 21, 16, 20]]"
12a_1155_167,"[[15, 21, 16, 20], [17, 7, 18, 6], [19, 3, 20, 2], [21, 9, 22, 8], [23, 12, 24, 13], [1, 17, 2, 16], [3, 11, 4, 10], [5, 19, 6, 18], [7, 1, 8, 24], [9, 15, 10, 14], [11, 5, 12, 4], [13, 22, 14, 23]]"
12a_1155_168,"[[14, 23, 15, 24], [16, 22, 17, 21], [18, 8, 19, 7], [20, 4, 21, 3], [22, 10, 23, 9], [24, 13, 1, 14], [2, 18, 3, 17], [4, 12, 5, 11], [6, 20, 7, 19], [8, 2, 9, 1], [10, 16, 11, 15], [12, 6, 13, 5]]"
12a_1155_169,"[[12, 6, 13, 5], [14, 23, 15, 24], [16, 22, 17, 21], [18, 8, 19, 7], [20, 4, 21, 3], [22, 10, 23, 9], [24, 13, 1, 14], [2, 18, 3, 17], [4, 12, 5, 11], [6, 20, 7, 19], [8, 2, 9, 1], [10, 16, 11, 15]]"
12a_1155_170,"[[10, 16, 11, 15], [12, 6, 13, 5], [14, 23, 15, 24], [16, 22, 17, 21], [18, 8, 19, 7], [20, 4, 21, 3], [22, 10, 23, 9], [24, 13, 1, 14], [2, 18, 3, 17], [4, 12, 5, 11], [6, 20, 7, 19], [8, 2, 9, 1]]"
12a_1155_171,"[[8, 2, 9, 1], [10, 16, 11, 15], [12, 6, 13, 5], [14, 23, 15, 24], [16, 22, 17, 21], [18, 8, 19, 7], [20, 4, 21, 3], [22, 10, 23, 9], [24, 13, 1, 14], [2, 18, 3, 17], [4, 12, 5, 11], [6, 20, 7, 19]]"
12a_1155_172,"[[6, 20, 7, 19], [8, 2, 9, 1], [10, 16, 11, 15], [12, 6, 13, 5], [14, 23, 15, 24], [16, 22, 17, 21], [18, 8, 19, 7], [20, 4, 21, 3], [22, 10, 23, 9], [24, 13, 1, 14], [2, 18, 3, 17], [4, 12, 5, 11]]"
12a_1155_173,"[[4, 12, 5, 11], [6, 20, 7, 19], [8, 2, 9, 1], [10, 16, 11, 15], [12, 6, 13, 5], [14, 23, 15, 24], [16, 22, 17, 21], [18, 8, 19, 7], [20, 4, 21, 3], [22, 10, 23, 9], [24, 13, 1, 14], [2, 18, 3, 17]]"
12a_1155_174,"[[2, 18, 3, 17], [4, 12, 5, 11], [6, 20, 7, 19], [8, 2, 9, 1], [10, 16, 11, 15], [12, 6, 13, 5], [14, 23, 15, 24], [16, 22, 17, 21], [18, 8, 19, 7], [20, 4, 21, 3], [22, 10, 23, 9], [24, 13, 1, 14]]"
12a_1155_175,"[[24, 13, 1, 14], [2, 18, 3, 17], [4, 12, 5, 11], [6, 20, 7, 19], [8, 2, 9, 1], [10, 16, 11, 15], [12, 6, 13, 5], [14, 23, 15, 24], [16, 22, 17, 21], [18, 8, 19, 7], [20, 4, 21, 3], [22, 10, 23, 9]]"
12a_1155_176,"[[22, 10, 23, 9], [24, 13, 1, 14], [2, 18, 3, 17], [4, 12, 5, 11], [6, 20, 7, 19], [8, 2, 9, 1], [10, 16, 11, 15], [12, 6, 13, 5], [14, 23, 15, 24], [16, 22, 17, 21], [18, 8, 19, 7], [20, 4, 21, 3]]"
12a_1155_177,"[[20, 4, 21, 3], [22, 10, 23, 9], [24, 13, 1, 14], [2, 18, 3, 17], [4, 12, 5, 11], [6, 20, 7, 19], [8, 2, 9, 1], [10, 16, 11, 15], [12, 6, 13, 5], [14, 23, 15, 24], [16, 22, 17, 21], [18, 8, 19, 7]]"
12a_1155_178,"[[18, 8, 19, 7], [20, 4, 21, 3], [22, 10, 23, 9], [24, 13, 1, 14], [2, 18, 3, 17], [4, 12, 5, 11], [6, 20, 7, 19], [8, 2, 9, 1], [10, 16, 11, 15], [12, 6, 13, 5], [14, 23, 15, 24], [16, 22, 17, 21]]"
12a_1155_179,"[[16, 22, 17, 21], [18, 8, 19, 7], [20, 4, 21, 3], [22, 10, 23, 9], [24, 13, 1, 14], [2, 18, 3, 17], [4, 12, 5, 11], [6, 20, 7, 19], [8, 2, 9, 1], [10, 16, 11, 15], [12, 6, 13, 5], [14, 23, 15, 24]]"
12a_1155_180,"[[15, 24, 16, 1], [17, 23, 18, 22], [19, 9, 20, 8], [21, 5, 22, 4], [23, 11, 24, 10], [1, 14, 2, 15], [3, 19, 4, 18], [5, 13, 6, 12], [7, 21, 8, 20], [9, 3, 10, 2], [11, 17, 12, 16], [13, 7, 14, 6]]"
12a_1155_181,"[[13, 7, 14, 6], [15, 24, 16, 1], [17, 23, 18, 22], [19, 9, 20, 8], [21, 5, 22, 4], [23, 11, 24, 10], [1, 14, 2, 15], [3, 19, 4, 18], [5, 13, 6, 12], [7, 21, 8, 20], [9, 3, 10, 2], [11, 17, 12, 16]]"
12a_1155_182,"[[11, 17, 12, 16], [13, 7, 14, 6], [15, 24, 16, 1], [17, 23, 18, 22], [19, 9, 20, 8], [21, 5, 22, 4], [23, 11, 24, 10], [1, 14, 2, 15], [3, 19, 4, 18], [5, 13, 6, 12], [7, 21, 8, 20], [9, 3, 10, 2]]"
12a_1155_183,"[[9, 3, 10, 2], [11, 17, 12, 16], [13, 7, 14, 6], [15, 24, 16, 1], [17, 23, 18, 22], [19, 9, 20, 8], [21, 5, 22, 4], [23, 11, 24, 10], [1, 14, 2, 15], [3, 19, 4, 18], [5, 13, 6, 12], [7, 21, 8, 20]]"
12a_1155_184,"[[7, 21, 8, 20], [9, 3, 10, 2], [11, 17, 12, 16], [13, 7, 14, 6], [15, 24, 16, 1], [17, 23, 18, 22], [19, 9, 20, 8], [21, 5, 22, 4], [23, 11, 24, 10], [1, 14, 2, 15], [3, 19, 4, 18], [5, 13, 6, 12]]"
12a_1155_185,"[[5, 13, 6, 12], [7, 21, 8, 20], [9, 3, 10, 2], [11, 17, 12, 16], [13, 7, 14, 6], [15, 24, 16, 1], [17, 23, 18, 22], [19, 9, 20, 8], [21, 5, 22, 4], [23, 11, 24, 10], [1, 14, 2, 15], [3, 19, 4, 18]]"
