name,pd_notation
12a_0184_0,"[[24, 16, 1, 15], [2, 6, 3, 5], [4, 9, 5, 10], [6, 17, 7, 18], [8, 14, 9, 13], [10, 3, 11, 4], [12, 20, 13, 19], [14, 21, 15, 22], [16, 24, 17, 23], [18, 12, 19, 11], [20, 7, 21, 8], [22, 1, 23, 2]]"
12a_0184_1,"[[22, 1, 23, 2], [24, 16, 1, 15], [2, 6, 3, 5], [4, 9, 5, 10], [6, 17, 7, 18], [8, 14, 9, 13], [10, 3, 11, 4], [12, 20, 13, 19], [14, 21, 15, 22], [16, 24, 17, 23], [18, 12, 19, 11], [20, 7, 21, 8]]"
12a_0184_2,"[[20, 7, 21, 8], [22, 1, 23, 2], [24, 16, 1, 15], [2, 6, 3, 5], [4, 9, 5, 10], [6, 17, 7, 18], [8, 14, 9, 13], [10, 3, 11, 4], [12, 20, 13, 19], [14, 21, 15, 22], [16, 24, 17, 23], [18, 12, 19, 11]]"
12a_0184_3,"[[18, 12, 19, 11], [20, 7, 21, 8], [22, 1, 23, 2], [24, 16, 1, 15], [2, 6, 3, 5], [4, 9, 5, 10], [6, 17, 7, 18], [8, 14, 9, 13], [10, 3, 11, 4], [12, 20, 13, 19], [14, 21, 15, 22], [16, 24, 17, 23]]"
12a_0184_4,"[[16, 24, 17, 23], [18, 12, 19, 11], [20, 7, 21, 8], [22, 1, 23, 2], [24, 16, 1, 15], [2, 6, 3, 5], [4, 9, 5, 10], [6, 17, 7, 18], [8, 14, 9, 13], [10, 3, 11, 4], [12, 20, 13, 19], [14, 21, 15, 22]]"
12a_0184_5,"[[14, 21, 15, 22], [16, 24, 17, 23], [18, 12, 19, 11], [20, 7, 21, 8], [22, 1, 23, 2], [24, 16, 1, 15], [2, 6, 3, 5], [4, 9, 5, 10], [6, 17, 7, 18], [8, 14, 9, 13], [10, 3, 11, 4], [12, 20, 13, 19]]"
12a_0184_6,"[[12, 20, 13, 19], [14, 21, 15, 22], [16, 24, 17, 23], [18, 12, 19, 11], [20, 7, 21, 8], [22, 1, 23, 2], [24, 16, 1, 15], [2, 6, 3, 5], [4, 9, 5, 10], [6, 17, 7, 18], [8, 14, 9, 13], [10, 3, 11, 4]]"
12a_0184_7,"[[10, 3, 11, 4], [12, 20, 13, 19], [14, 21, 15, 22], [16, 24, 17, 23], [18, 12, 19, 11], [20, 7, 21, 8], [22, 1, 23, 2], [24, 16, 1, 15], [2, 6, 3, 5], [4, 9, 5, 10], [6, 17, 7, 18], [8, 14, 9, 13]]"
12a_0184_8,"[[8, 14, 9, 13], [10, 3, 11, 4], [12, 20, 13, 19], [14, 21, 15, 22], [16, 24, 17, 23], [18, 12, 19, 11], [20, 7, 21, 8], [22, 1, 23, 2], [24, 16, 1, 15], [2, 6, 3, 5], [4, 9, 5, 10], [6, 17, 7, 18]]"
12a_0184_9,"[[6, 17, 7, 18], [8, 14, 9, 13], [10, 3, 11, 4], [12, 20, 13, 19], [14, 21, 15, 22], [16, 24, 17, 23], [18, 12, 19, 11], [20, 7, 21, 8], [22, 1, 23, 2], [24, 16, 1, 15], [2, 6, 3, 5], [4, 9, 5, 10]]"
12a_0184_10,"[[4, 9, 5, 10], [6, 17, 7, 18], [8, 14, 9, 13], [10, 3, 11, 4], [12, 20, 13, 19], [14, 21, 15, 22], [16, 24, 17, 23], [18, 12, 19, 11], [20, 7, 21, 8], [22, 1, 23, 2], [24, 16, 1, 15], [2, 6, 3, 5]]"
12a_0184_11,"[[2, 6, 3, 5], [4, 9, 5, 10], [6, 17, 7, 18], [8, 14, 9, 13], [10, 3, 11, 4], [12, 20, 13, 19], [14, 21, 15, 22], [16, 24, 17, 23], [18, 12, 19, 11], [20, 7, 21, 8], [22, 1, 23, 2], [24, 16, 1, 15]]"
12a_0184_12,"[[1, 17, 2, 16], [3, 7, 4, 6], [5, 10, 6, 11], [7, 18, 8, 19], [9, 15, 10, 14], [11, 4, 12, 5], [13, 21, 14, 20], [15, 22, 16, 23], [17, 1, 18, 24], [19, 13, 20, 12], [21, 8, 22, 9], [23, 2, 24, 3]]"
12a_0184_13,"[[23, 2, 24, 3], [1, 17, 2, 16], [3, 7, 4, 6], [5, 10, 6, 11], [7, 18, 8, 19], [9, 15, 10, 14], [11, 4, 12, 5], [13, 21, 14, 20], [15, 22, 16, 23], [17, 1, 18, 24], [19, 13, 20, 12], [21, 8, 22, 9]]"
12a_0184_14,"[[21, 8, 22, 9], [23, 2, 24, 3], [1, 17, 2, 16], [3, 7, 4, 6], [5, 10, 6, 11], [7, 18, 8, 19], [9, 15, 10, 14], [11, 4, 12, 5], [13, 21, 14, 20], [15, 22, 16, 23], [17, 1, 18, 24], [19, 13, 20, 12]]"
12a_0184_15,"[[19, 13, 20, 12], [21, 8, 22, 9], [23, 2, 24, 3], [1, 17, 2, 16], [3, 7, 4, 6], [5, 10, 6, 11], [7, 18, 8, 19], [9, 15, 10, 14], [11, 4, 12, 5], [13, 21, 14, 20], [15, 22, 16, 23], [17, 1, 18, 24]]"
12a_0184_16,"[[17, 1, 18, 24], [19, 13, 20, 12], [21, 8, 22, 9], [23, 2, 24, 3], [1, 17, 2, 16], [3, 7, 4, 6], [5, 10, 6, 11], [7, 18, 8, 19], [9, 15, 10, 14], [11, 4, 12, 5], [13, 21, 14, 20], [15, 22, 16, 23]]"
12a_0184_17,"[[15, 22, 16, 23], [17, 1, 18, 24], [19, 13, 20, 12], [21, 8, 22, 9], [23, 2, 24, 3], [1, 17, 2, 16], [3, 7, 4, 6], [5, 10, 6, 11], [7, 18, 8, 19], [9, 15, 10, 14], [11, 4, 12, 5], [13, 21, 14, 20]]"
12a_0184_18,"[[13, 21, 14, 20], [15, 22, 16, 23], [17, 1, 18, 24], [19, 13, 20, 12], [21, 8, 22, 9], [23, 2, 24, 3], [1, 17, 2, 16], [3, 7, 4, 6], [5, 10, 6, 11], [7, 18, 8, 19], [9, 15, 10, 14], [11, 4, 12, 5]]"
12a_0184_19,"[[11, 4, 12, 5], [13, 21, 14, 20], [15, 22, 16, 23], [17, 1, 18, 24], [19, 13, 20, 12], [21, 8, 22, 9], [23, 2, 24, 3], [1, 17, 2, 16], [3, 7, 4, 6], [5, 10, 6, 11], [7, 18, 8, 19], [9, 15, 10, 14]]"
12a_0184_20,"[[9, 15, 10, 14], [11, 4, 12, 5], [13, 21, 14, 20], [15, 22, 16, 23], [17, 1, 18, 24], [19, 13, 20, 12], [21, 8, 22, 9], [23, 2, 24, 3], [1, 17, 2, 16], [3, 7, 4, 6], [5, 10, 6, 11], [7, 18, 8, 19]]"
12a_0184_21,"[[7, 18, 8, 19], [9, 15, 10, 14], [11, 4, 12, 5], [13, 21, 14, 20], [15, 22, 16, 23], [17, 1, 18, 24], [19, 13, 20, 12], [21, 8, 22, 9], [23, 2, 24, 3], [1, 17, 2, 16], [3, 7, 4, 6], [5, 10, 6, 11]]"
12a_0184_22,"[[5, 10, 6, 11], [7, 18, 8, 19], [9, 15, 10, 14], [11, 4, 12, 5], [13, 21, 14, 20], [15, 22, 16, 23], [17, 1, 18, 24], [19, 13, 20, 12], [21, 8, 22, 9], [23, 2, 24, 3], [1, 17, 2, 16], [3, 7, 4, 6]]"
12a_0184_23,"[[3, 7, 4, 6], [5, 10, 6, 11], [7, 18, 8, 19], [9, 15, 10, 14], [11, 4, 12, 5], [13, 21, 14, 20], [15, 22, 16, 23], [17, 1, 18, 24], [19, 13, 20, 12], [21, 8, 22, 9], [23, 2, 24, 3], [1, 17, 2, 16]]"
12a_0184_24,"[[2, 18, 3, 17], [4, 8, 5, 7], [6, 11, 7, 12], [8, 19, 9, 20], [10, 16, 11, 15], [12, 5, 13, 6], [14, 22, 15, 21], [16, 23, 17, 24], [18, 2, 19, 1], [20, 14, 21, 13], [22, 9, 23, 10], [24, 3, 1, 4]]"
12a_0184_25,"[[24, 3, 1, 4], [2, 18, 3, 17], [4, 8, 5, 7], [6, 11, 7, 12], [8, 19, 9, 20], [10, 16, 11, 15], [12, 5, 13, 6], [14, 22, 15, 21], [16, 23, 17, 24], [18, 2, 19, 1], [20, 14, 21, 13], [22, 9, 23, 10]]"
12a_0184_26,"[[22, 9, 23, 10], [24, 3, 1, 4], [2, 18, 3, 17], [4, 8, 5, 7], [6, 11, 7, 12], [8, 19, 9, 20], [10, 16, 11, 15], [12, 5, 13, 6], [14, 22, 15, 21], [16, 23, 17, 24], [18, 2, 19, 1], [20, 14, 21, 13]]"
12a_0184_27,"[[20, 14, 21, 13], [22, 9, 23, 10], [24, 3, 1, 4], [2, 18, 3, 17], [4, 8, 5, 7], [6, 11, 7, 12], [8, 19, 9, 20], [10, 16, 11, 15], [12, 5, 13, 6], [14, 22, 15, 21], [16, 23, 17, 24], [18, 2, 19, 1]]"
12a_0184_28,"[[18, 2, 19, 1], [20, 14, 21, 13], [22, 9, 23, 10], [24, 3, 1, 4], [2, 18, 3, 17], [4, 8, 5, 7], [6, 11, 7, 12], [8, 19, 9, 20], [10, 16, 11, 15], [12, 5, 13, 6], [14, 22, 15, 21], [16, 23, 17, 24]]"
12a_0184_29,"[[16, 23, 17, 24], [18, 2, 19, 1], [20, 14, 21, 13], [22, 9, 23, 10], [24, 3, 1, 4], [2, 18, 3, 17], [4, 8, 5, 7], [6, 11, 7, 12], [8, 19, 9, 20], [10, 16, 11, 15], [12, 5, 13, 6], [14, 22, 15, 21]]"
12a_0184_30,"[[14, 22, 15, 21], [16, 23, 17, 24], [18, 2, 19, 1], [20, 14, 21, 13], [22, 9, 23, 10], [24, 3, 1, 4], [2, 18, 3, 17], [4, 8, 5, 7], [6, 11, 7, 12], [8, 19, 9, 20], [10, 16, 11, 15], [12, 5, 13, 6]]"
12a_0184_31,"[[12, 5, 13, 6], [14, 22, 15, 21], [16, 23, 17, 24], [18, 2, 19, 1], [20, 14, 21, 13], [22, 9, 23, 10], [24, 3, 1, 4], [2, 18, 3, 17], [4, 8, 5, 7], [6, 11, 7, 12], [8, 19, 9, 20], [10, 16, 11, 15]]"
12a_0184_32,"[[10, 16, 11, 15], [12, 5, 13, 6], [14, 22, 15, 21], [16, 23, 17, 24], [18, 2, 19, 1], [20, 14, 21, 13], [22, 9, 23, 10], [24, 3, 1, 4], [2, 18, 3, 17], [4, 8, 5, 7], [6, 11, 7, 12], [8, 19, 9, 20]]"
12a_0184_33,"[[8, 19, 9, 20], [10, 16, 11, 15], [12, 5, 13, 6], [14, 22, 15, 21], [16, 23, 17, 24], [18, 2, 19, 1], [20, 14, 21, 13], [22, 9, 23, 10], [24, 3, 1, 4], [2, 18, 3, 17], [4, 8, 5, 7], [6, 11, 7, 12]]"
12a_0184_34,"[[6, 11, 7, 12], [8, 19, 9, 20], [10, 16, 11, 15], [12, 5, 13, 6], [14, 22, 15, 21], [16, 23, 17, 24], [18, 2, 19, 1], [20, 14, 21, 13], [22, 9, 23, 10], [24, 3, 1, 4], [2, 18, 3, 17], [4, 8, 5, 7]]"
12a_0184_35,"[[4, 8, 5, 7], [6, 11, 7, 12], [8, 19, 9, 20], [10, 16, 11, 15], [12, 5, 13, 6], [14, 22, 15, 21], [16, 23, 17, 24], [18, 2, 19, 1], [20, 14, 21, 13], [22, 9, 23, 10], [24, 3, 1, 4], [2, 18, 3, 17]]"
12a_0184_36,"[[3, 19, 4, 18], [5, 9, 6, 8], [7, 12, 8, 13], [9, 20, 10, 21], [11, 17, 12, 16], [13, 6, 14, 7], [15, 23, 16, 22], [17, 24, 18, 1], [19, 3, 20, 2], [21, 15, 22, 14], [23, 10, 24, 11], [1, 4, 2, 5]]"
12a_0184_37,"[[1, 4, 2, 5], [3, 19, 4, 18], [5, 9, 6, 8], [7, 12, 8, 13], [9, 20, 10, 21], [11, 17, 12, 16], [13, 6, 14, 7], [15, 23, 16, 22], [17, 24, 18, 1], [19, 3, 20, 2], [21, 15, 22, 14], [23, 10, 24, 11]]"
12a_0184_38,"[[23, 10, 24, 11], [1, 4, 2, 5], [3, 19, 4, 18], [5, 9, 6, 8], [7, 12, 8, 13], [9, 20, 10, 21], [11, 17, 12, 16], [13, 6, 14, 7], [15, 23, 16, 22], [17, 24, 18, 1], [19, 3, 20, 2], [21, 15, 22, 14]]"
12a_0184_39,"[[21, 15, 22, 14], [23, 10, 24, 11], [1, 4, 2, 5], [3, 19, 4, 18], [5, 9, 6, 8], [7, 12, 8, 13], [9, 20, 10, 21], [11, 17, 12, 16], [13, 6, 14, 7], [15, 23, 16, 22], [17, 24, 18, 1], [19, 3, 20, 2]]"
12a_0184_40,"[[19, 3, 20, 2], [21, 15, 22, 14], [23, 10, 24, 11], [1, 4, 2, 5], [3, 19, 4, 18], [5, 9, 6, 8], [7, 12, 8, 13], [9, 20, 10, 21], [11, 17, 12, 16], [13, 6, 14, 7], [15, 23, 16, 22], [17, 24, 18, 1]]"
12a_0184_41,"[[17, 24, 18, 1], [19, 3, 20, 2], [21, 15, 22, 14], [23, 10, 24, 11], [1, 4, 2, 5], [3, 19, 4, 18], [5, 9, 6, 8], [7, 12, 8, 13], [9, 20, 10, 21], [11, 17, 12, 16], [13, 6, 14, 7], [15, 23, 16, 22]]"
12a_0184_42,"[[15, 23, 16, 22], [17, 24, 18, 1], [19, 3, 20, 2], [21, 15, 22, 14], [23, 10, 24, 11], [1, 4, 2, 5], [3, 19, 4, 18], [5, 9, 6, 8], [7, 12, 8, 13], [9, 20, 10, 21], [11, 17, 12, 16], [13, 6, 14, 7]]"
12a_0184_43,"[[13, 6, 14, 7], [15, 23, 16, 22], [17, 24, 18, 1], [19, 3, 20, 2], [21, 15, 22, 14], [23, 10, 24, 11], [1, 4, 2, 5], [3, 19, 4, 18], [5, 9, 6, 8], [7, 12, 8, 13], [9, 20, 10, 21], [11, 17, 12, 16]]"
12a_0184_44,"[[11, 17, 12, 16], [13, 6, 14, 7], [15, 23, 16, 22], [17, 24, 18, 1], [19, 3, 20, 2], [21, 15, 22, 14], [23, 10, 24, 11], [1, 4, 2, 5], [3, 19, 4, 18], [5, 9, 6, 8], [7, 12, 8, 13], [9, 20, 10, 21]]"
12a_0184_45,"[[9, 20, 10, 21], [11, 17, 12, 16], [13, 6, 14, 7], [15, 23, 16, 22], [17, 24, 18, 1], [19, 3, 20, 2], [21, 15, 22, 14], [23, 10, 24, 11], [1, 4, 2, 5], [3, 19, 4, 18], [5, 9, 6, 8], [7, 12, 8, 13]]"
12a_0184_46,"[[7, 12, 8, 13], [9, 20, 10, 21], [11, 17, 12, 16], [13, 6, 14, 7], [15, 23, 16, 22], [17, 24, 18, 1], [19, 3, 20, 2], [21, 15, 22, 14], [23, 10, 24, 11], [1, 4, 2, 5], [3, 19, 4, 18], [5, 9, 6, 8]]"
12a_0184_47,"[[5, 9, 6, 8], [7, 12, 8, 13], [9, 20, 10, 21], [11, 17, 12, 16], [13, 6, 14, 7], [15, 23, 16, 22], [17, 24, 18, 1], [19, 3, 20, 2], [21, 15, 22, 14], [23, 10, 24, 11], [1, 4, 2, 5], [3, 19, 4, 18]]"
12a_0184_48,"[[4, 20, 5, 19], [6, 10, 7, 9], [8, 13, 9, 14], [10, 21, 11, 22], [12, 18, 13, 17], [14, 7, 15, 8], [16, 24, 17, 23], [18, 1, 19, 2], [20, 4, 21, 3], [22, 16, 23, 15], [24, 11, 1, 12], [2, 5, 3, 6]]"
12a_0184_49,"[[2, 5, 3, 6], [4, 20, 5, 19], [6, 10, 7, 9], [8, 13, 9, 14], [10, 21, 11, 22], [12, 18, 13, 17], [14, 7, 15, 8], [16, 24, 17, 23], [18, 1, 19, 2], [20, 4, 21, 3], [22, 16, 23, 15], [24, 11, 1, 12]]"
12a_0184_50,"[[24, 11, 1, 12], [2, 5, 3, 6], [4, 20, 5, 19], [6, 10, 7, 9], [8, 13, 9, 14], [10, 21, 11, 22], [12, 18, 13, 17], [14, 7, 15, 8], [16, 24, 17, 23], [18, 1, 19, 2], [20, 4, 21, 3], [22, 16, 23, 15]]"
12a_0184_51,"[[22, 16, 23, 15], [24, 11, 1, 12], [2, 5, 3, 6], [4, 20, 5, 19], [6, 10, 7, 9], [8, 13, 9, 14], [10, 21, 11, 22], [12, 18, 13, 17], [14, 7, 15, 8], [16, 24, 17, 23], [18, 1, 19, 2], [20, 4, 21, 3]]"
12a_0184_52,"[[20, 4, 21, 3], [22, 16, 23, 15], [24, 11, 1, 12], [2, 5, 3, 6], [4, 20, 5, 19], [6, 10, 7, 9], [8, 13, 9, 14], [10, 21, 11, 22], [12, 18, 13, 17], [14, 7, 15, 8], [16, 24, 17, 23], [18, 1, 19, 2]]"
12a_0184_53,"[[18, 1, 19, 2], [20, 4, 21, 3], [22, 16, 23, 15], [24, 11, 1, 12], [2, 5, 3, 6], [4, 20, 5, 19], [6, 10, 7, 9], [8, 13, 9, 14], [10, 21, 11, 22], [12, 18, 13, 17], [14, 7, 15, 8], [16, 24, 17, 23]]"
12a_0184_54,"[[16, 24, 17, 23], [18, 1, 19, 2], [20, 4, 21, 3], [22, 16, 23, 15], [24, 11, 1, 12], [2, 5, 3, 6], [4, 20, 5, 19], [6, 10, 7, 9], [8, 13, 9, 14], [10, 21, 11, 22], [12, 18, 13, 17], [14, 7, 15, 8]]"
12a_0184_55,"[[14, 7, 15, 8], [16, 24, 17, 23], [18, 1, 19, 2], [20, 4, 21, 3], [22, 16, 23, 15], [24, 11, 1, 12], [2, 5, 3, 6], [4, 20, 5, 19], [6, 10, 7, 9], [8, 13, 9, 14], [10, 21, 11, 22], [12, 18, 13, 17]]"
12a_0184_56,"[[12, 18, 13, 17], [14, 7, 15, 8], [16, 24, 17, 23], [18, 1, 19, 2], [20, 4, 21, 3], [22, 16, 23, 15], [24, 11, 1, 12], [2, 5, 3, 6], [4, 20, 5, 19], [6, 10, 7, 9], [8, 13, 9, 14], [10, 21, 11, 22]]"
12a_0184_57,"[[10, 21, 11, 22], [12, 18, 13, 17], [14, 7, 15, 8], [16, 24, 17, 23], [18, 1, 19, 2], [20, 4, 21, 3], [22, 16, 23, 15], [24, 11, 1, 12], [2, 5, 3, 6], [4, 20, 5, 19], [6, 10, 7, 9], [8, 13, 9, 14]]"
12a_0184_58,"[[8, 13, 9, 14], [10, 21, 11, 22], [12, 18, 13, 17], [14, 7, 15, 8], [16, 24, 17, 23], [18, 1, 19, 2], [20, 4, 21, 3], [22, 16, 23, 15], [24, 11, 1, 12], [2, 5, 3, 6], [4, 20, 5, 19], [6, 10, 7, 9]]"
12a_0184_59,"[[6, 10, 7, 9], [8, 13, 9, 14], [10, 21, 11, 22], [12, 18, 13, 17], [14, 7, 15, 8], [16, 24, 17, 23], [18, 1, 19, 2], [20, 4, 21, 3], [22, 16, 23, 15], [24, 11, 1, 12], [2, 5, 3, 6], [4, 20, 5, 19]]"
12a_0184_60,"[[5, 21, 6, 20], [7, 11, 8, 10], [9, 14, 10, 15], [11, 22, 12, 23], [13, 19, 14, 18], [15, 8, 16, 9], [17, 1, 18, 24], [19, 2, 20, 3], [21, 5, 22, 4], [23, 17, 24, 16], [1, 12, 2, 13], [3, 6, 4, 7]]"
12a_0184_61,"[[3, 6, 4, 7], [5, 21, 6, 20], [7, 11, 8, 10], [9, 14, 10, 15], [11, 22, 12, 23], [13, 19, 14, 18], [15, 8, 16, 9], [17, 1, 18, 24], [19, 2, 20, 3], [21, 5, 22, 4], [23, 17, 24, 16], [1, 12, 2, 13]]"
12a_0184_62,"[[1, 12, 2, 13], [3, 6, 4, 7], [5, 21, 6, 20], [7, 11, 8, 10], [9, 14, 10, 15], [11, 22, 12, 23], [13, 19, 14, 18], [15, 8, 16, 9], [17, 1, 18, 24], [19, 2, 20, 3], [21, 5, 22, 4], [23, 17, 24, 16]]"
12a_0184_63,"[[23, 17, 24, 16], [1, 12, 2, 13], [3, 6, 4, 7], [5, 21, 6, 20], [7, 11, 8, 10], [9, 14, 10, 15], [11, 22, 12, 23], [13, 19, 14, 18], [15, 8, 16, 9], [17, 1, 18, 24], [19, 2, 20, 3], [21, 5, 22, 4]]"
12a_0184_64,"[[21, 5, 22, 4], [23, 17, 24, 16], [1, 12, 2, 13], [3, 6, 4, 7], [5, 21, 6, 20], [7, 11, 8, 10], [9, 14, 10, 15], [11, 22, 12, 23], [13, 19, 14, 18], [15, 8, 16, 9], [17, 1, 18, 24], [19, 2, 20, 3]]"
12a_0184_65,"[[19, 2, 20, 3], [21, 5, 22, 4], [23, 17, 24, 16], [1, 12, 2, 13], [3, 6, 4, 7], [5, 21, 6, 20], [7, 11, 8, 10], [9, 14, 10, 15], [11, 22, 12, 23], [13, 19, 14, 18], [15, 8, 16, 9], [17, 1, 18, 24]]"
12a_0184_66,"[[17, 1, 18, 24], [19, 2, 20, 3], [21, 5, 22, 4], [23, 17, 24, 16], [1, 12, 2, 13], [3, 6, 4, 7], [5, 21, 6, 20], [7, 11, 8, 10], [9, 14, 10, 15], [11, 22, 12, 23], [13, 19, 14, 18], [15, 8, 16, 9]]"
12a_0184_67,"[[15, 8, 16, 9], [17, 1, 18, 24], [19, 2, 20, 3], [21, 5, 22, 4], [23, 17, 24, 16], [1, 12, 2, 13], [3, 6, 4, 7], [5, 21, 6, 20], [7, 11, 8, 10], [9, 14, 10, 15], [11, 22, 12, 23], [13, 19, 14, 18]]"
12a_0184_68,"[[13, 19, 14, 18], [15, 8, 16, 9], [17, 1, 18, 24], [19, 2, 20, 3], [21, 5, 22, 4], [23, 17, 24, 16], [1, 12, 2, 13], [3, 6, 4, 7], [5, 21, 6, 20], [7, 11, 8, 10], [9, 14, 10, 15], [11, 22, 12, 23]]"
12a_0184_69,"[[11, 22, 12, 23], [13, 19, 14, 18], [15, 8, 16, 9], [17, 1, 18, 24], [19, 2, 20, 3], [21, 5, 22, 4], [23, 17, 24, 16], [1, 12, 2, 13], [3, 6, 4, 7], [5, 21, 6, 20], [7, 11, 8, 10], [9, 14, 10, 15]]"
12a_0184_70,"[[9, 14, 10, 15], [11, 22, 12, 23], [13, 19, 14, 18], [15, 8, 16, 9], [17, 1, 18, 24], [19, 2, 20, 3], [21, 5, 22, 4], [23, 17, 24, 16], [1, 12, 2, 13], [3, 6, 4, 7], [5, 21, 6, 20], [7, 11, 8, 10]]"
12a_0184_71,"[[7, 11, 8, 10], [9, 14, 10, 15], [11, 22, 12, 23], [13, 19, 14, 18], [15, 8, 16, 9], [17, 1, 18, 24], [19, 2, 20, 3], [21, 5, 22, 4], [23, 17, 24, 16], [1, 12, 2, 13], [3, 6, 4, 7], [5, 21, 6, 20]]"
12a_0184_72,"[[6, 22, 7, 21], [8, 12, 9, 11], [10, 15, 11, 16], [12, 23, 13, 24], [14, 20, 15, 19], [16, 9, 17, 10], [18, 2, 19, 1], [20, 3, 21, 4], [22, 6, 23, 5], [24, 18, 1, 17], [2, 13, 3, 14], [4, 7, 5, 8]]"
12a_0184_73,"[[4, 7, 5, 8], [6, 22, 7, 21], [8, 12, 9, 11], [10, 15, 11, 16], [12, 23, 13, 24], [14, 20, 15, 19], [16, 9, 17, 10], [18, 2, 19, 1], [20, 3, 21, 4], [22, 6, 23, 5], [24, 18, 1, 17], [2, 13, 3, 14]]"
12a_0184_74,"[[2, 13, 3, 14], [4, 7, 5, 8], [6, 22, 7, 21], [8, 12, 9, 11], [10, 15, 11, 16], [12, 23, 13, 24], [14, 20, 15, 19], [16, 9, 17, 10], [18, 2, 19, 1], [20, 3, 21, 4], [22, 6, 23, 5], [24, 18, 1, 17]]"
12a_0184_75,"[[24, 18, 1, 17], [2, 13, 3, 14], [4, 7, 5, 8], [6, 22, 7, 21], [8, 12, 9, 11], [10, 15, 11, 16], [12, 23, 13, 24], [14, 20, 15, 19], [16, 9, 17, 10], [18, 2, 19, 1], [20, 3, 21, 4], [22, 6, 23, 5]]"
12a_0184_76,"[[22, 6, 23, 5], [24, 18, 1, 17], [2, 13, 3, 14], [4, 7, 5, 8], [6, 22, 7, 21], [8, 12, 9, 11], [10, 15, 11, 16], [12, 23, 13, 24], [14, 20, 15, 19], [16, 9, 17, 10], [18, 2, 19, 1], [20, 3, 21, 4]]"
12a_0184_77,"[[20, 3, 21, 4], [22, 6, 23, 5], [24, 18, 1, 17], [2, 13, 3, 14], [4, 7, 5, 8], [6, 22, 7, 21], [8, 12, 9, 11], [10, 15, 11, 16], [12, 23, 13, 24], [14, 20, 15, 19], [16, 9, 17, 10], [18, 2, 19, 1]]"
12a_0184_78,"[[18, 2, 19, 1], [20, 3, 21, 4], [22, 6, 23, 5], [24, 18, 1, 17], [2, 13, 3, 14], [4, 7, 5, 8], [6, 22, 7, 21], [8, 12, 9, 11], [10, 15, 11, 16], [12, 23, 13, 24], [14, 20, 15, 19], [16, 9, 17, 10]]"
12a_0184_79,"[[16, 9, 17, 10], [18, 2, 19, 1], [20, 3, 21, 4], [22, 6, 23, 5], [24, 18, 1, 17], [2, 13, 3, 14], [4, 7, 5, 8], [6, 22, 7, 21], [8, 12, 9, 11], [10, 15, 11, 16], [12, 23, 13, 24], [14, 20, 15, 19]]"
12a_0184_80,"[[14, 20, 15, 19], [16, 9, 17, 10], [18, 2, 19, 1], [20, 3, 21, 4], [22, 6, 23, 5], [24, 18, 1, 17], [2, 13, 3, 14], [4, 7, 5, 8], [6, 22, 7, 21], [8, 12, 9, 11], [10, 15, 11, 16], [12, 23, 13, 24]]"
12a_0184_81,"[[12, 23, 13, 24], [14, 20, 15, 19], [16, 9, 17, 10], [18, 2, 19, 1], [20, 3, 21, 4], [22, 6, 23, 5], [24, 18, 1, 17], [2, 13, 3, 14], [4, 7, 5, 8], [6, 22, 7, 21], [8, 12, 9, 11], [10, 15, 11, 16]]"
12a_0184_82,"[[10, 15, 11, 16], [12, 23, 13, 24], [14, 20, 15, 19], [16, 9, 17, 10], [18, 2, 19, 1], [20, 3, 21, 4], [22, 6, 23, 5], [24, 18, 1, 17], [2, 13, 3, 14], [4, 7, 5, 8], [6, 22, 7, 21], [8, 12, 9, 11]]"
12a_0184_83,"[[8, 12, 9, 11], [10, 15, 11, 16], [12, 23, 13, 24], [14, 20, 15, 19], [16, 9, 17, 10], [18, 2, 19, 1], [20, 3, 21, 4], [22, 6, 23, 5], [24, 18, 1, 17], [2, 13, 3, 14], [4, 7, 5, 8], [6, 22, 7, 21]]"
12a_0184_84,"[[7, 23, 8, 22], [9, 13, 10, 12], [11, 16, 12, 17], [13, 24, 14, 1], [15, 21, 16, 20], [17, 10, 18, 11], [19, 3, 20, 2], [21, 4, 22, 5], [23, 7, 24, 6], [1, 19, 2, 18], [3, 14, 4, 15], [5, 8, 6, 9]]"
12a_0184_85,"[[5, 8, 6, 9], [7, 23, 8, 22], [9, 13, 10, 12], [11, 16, 12, 17], [13, 24, 14, 1], [15, 21, 16, 20], [17, 10, 18, 11], [19, 3, 20, 2], [21, 4, 22, 5], [23, 7, 24, 6], [1, 19, 2, 18], [3, 14, 4, 15]]"
12a_0184_86,"[[3, 14, 4, 15], [5, 8, 6, 9], [7, 23, 8, 22], [9, 13, 10, 12], [11, 16, 12, 17], [13, 24, 14, 1], [15, 21, 16, 20], [17, 10, 18, 11], [19, 3, 20, 2], [21, 4, 22, 5], [23, 7, 24, 6], [1, 19, 2, 18]]"
12a_0184_87,"[[1, 19, 2, 18], [3, 14, 4, 15], [5, 8, 6, 9], [7, 23, 8, 22], [9, 13, 10, 12], [11, 16, 12, 17], [13, 24, 14, 1], [15, 21, 16, 20], [17, 10, 18, 11], [19, 3, 20, 2], [21, 4, 22, 5], [23, 7, 24, 6]]"
12a_0184_88,"[[23, 7, 24, 6], [1, 19, 2, 18], [3, 14, 4, 15], [5, 8, 6, 9], [7, 23, 8, 22], [9, 13, 10, 12], [11, 16, 12, 17], [13, 24, 14, 1], [15, 21, 16, 20], [17, 10, 18, 11], [19, 3, 20, 2], [21, 4, 22, 5]]"
12a_0184_89,"[[21, 4, 22, 5], [23, 7, 24, 6], [1, 19, 2, 18], [3, 14, 4, 15], [5, 8, 6, 9], [7, 23, 8, 22], [9, 13, 10, 12], [11, 16, 12, 17], [13, 24, 14, 1], [15, 21, 16, 20], [17, 10, 18, 11], [19, 3, 20, 2]]"
12a_0184_90,"[[19, 3, 20, 2], [21, 4, 22, 5], [23, 7, 24, 6], [1, 19, 2, 18], [3, 14, 4, 15], [5, 8, 6, 9], [7, 23, 8, 22], [9, 13, 10, 12], [11, 16, 12, 17], [13, 24, 14, 1], [15, 21, 16, 20], [17, 10, 18, 11]]"
12a_0184_91,"[[17, 10, 18, 11], [19, 3, 20, 2], [21, 4, 22, 5], [23, 7, 24, 6], [1, 19, 2, 18], [3, 14, 4, 15], [5, 8, 6, 9], [7, 23, 8, 22], [9, 13, 10, 12], [11, 16, 12, 17], [13, 24, 14, 1], [15, 21, 16, 20]]"
12a_0184_92,"[[15, 21, 16, 20], [17, 10, 18, 11], [19, 3, 20, 2], [21, 4, 22, 5], [23, 7, 24, 6], [1, 19, 2, 18], [3, 14, 4, 15], [5, 8, 6, 9], [7, 23, 8, 22], [9, 13, 10, 12], [11, 16, 12, 17], [13, 24, 14, 1]]"
12a_0184_93,"[[13, 24, 14, 1], [15, 21, 16, 20], [17, 10, 18, 11], [19, 3, 20, 2], [21, 4, 22, 5], [23, 7, 24, 6], [1, 19, 2, 18], [3, 14, 4, 15], [5, 8, 6, 9], [7, 23, 8, 22], [9, 13, 10, 12], [11, 16, 12, 17]]"
12a_0184_94,"[[11, 16, 12, 17], [13, 24, 14, 1], [15, 21, 16, 20], [17, 10, 18, 11], [19, 3, 20, 2], [21, 4, 22, 5], [23, 7, 24, 6], [1, 19, 2, 18], [3, 14, 4, 15], [5, 8, 6, 9], [7, 23, 8, 22], [9, 13, 10, 12]]"
12a_0184_95,"[[9, 13, 10, 12], [11, 16, 12, 17], [13, 24, 14, 1], [15, 21, 16, 20], [17, 10, 18, 11], [19, 3, 20, 2], [21, 4, 22, 5], [23, 7, 24, 6], [1, 19, 2, 18], [3, 14, 4, 15], [5, 8, 6, 9], [7, 23, 8, 22]]"
12a_0184_96,"[[8, 24, 9, 23], [10, 14, 11, 13], [12, 17, 13, 18], [14, 1, 15, 2], [16, 22, 17, 21], [18, 11, 19, 12], [20, 4, 21, 3], [22, 5, 23, 6], [24, 8, 1, 7], [2, 20, 3, 19], [4, 15, 5, 16], [6, 9, 7, 10]]"
12a_0184_97,"[[6, 9, 7, 10], [8, 24, 9, 23], [10, 14, 11, 13], [12, 17, 13, 18], [14, 1, 15, 2], [16, 22, 17, 21], [18, 11, 19, 12], [20, 4, 21, 3], [22, 5, 23, 6], [24, 8, 1, 7], [2, 20, 3, 19], [4, 15, 5, 16]]"
12a_0184_98,"[[4, 15, 5, 16], [6, 9, 7, 10], [8, 24, 9, 23], [10, 14, 11, 13], [12, 17, 13, 18], [14, 1, 15, 2], [16, 22, 17, 21], [18, 11, 19, 12], [20, 4, 21, 3], [22, 5, 23, 6], [24, 8, 1, 7], [2, 20, 3, 19]]"
12a_0184_99,"[[2, 20, 3, 19], [4, 15, 5, 16], [6, 9, 7, 10], [8, 24, 9, 23], [10, 14, 11, 13], [12, 17, 13, 18], [14, 1, 15, 2], [16, 22, 17, 21], [18, 11, 19, 12], [20, 4, 21, 3], [22, 5, 23, 6], [24, 8, 1, 7]]"
12a_0184_100,"[[24, 8, 1, 7], [2, 20, 3, 19], [4, 15, 5, 16], [6, 9, 7, 10], [8, 24, 9, 23], [10, 14, 11, 13], [12, 17, 13, 18], [14, 1, 15, 2], [16, 22, 17, 21], [18, 11, 19, 12], [20, 4, 21, 3], [22, 5, 23, 6]]"
12a_0184_101,"[[22, 5, 23, 6], [24, 8, 1, 7], [2, 20, 3, 19], [4, 15, 5, 16], [6, 9, 7, 10], [8, 24, 9, 23], [10, 14, 11, 13], [12, 17, 13, 18], [14, 1, 15, 2], [16, 22, 17, 21], [18, 11, 19, 12], [20, 4, 21, 3]]"
12a_0184_102,"[[20, 4, 21, 3], [22, 5, 23, 6], [24, 8, 1, 7], [2, 20, 3, 19], [4, 15, 5, 16], [6, 9, 7, 10], [8, 24, 9, 23], [10, 14, 11, 13], [12, 17, 13, 18], [14, 1, 15, 2], [16, 22, 17, 21], [18, 11, 19, 12]]"
12a_0184_103,"[[18, 11, 19, 12], [20, 4, 21, 3], [22, 5, 23, 6], [24, 8, 1, 7], [2, 20, 3, 19], [4, 15, 5, 16], [6, 9, 7, 10], [8, 24, 9, 23], [10, 14, 11, 13], [12, 17, 13, 18], [14, 1, 15, 2], [16, 22, 17, 21]]"
12a_0184_104,"[[16, 22, 17, 21], [18, 11, 19, 12], [20, 4, 21, 3], [22, 5, 23, 6], [24, 8, 1, 7], [2, 20, 3, 19], [4, 15, 5, 16], [6, 9, 7, 10], [8, 24, 9, 23], [10, 14, 11, 13], [12, 17, 13, 18], [14, 1, 15, 2]]"
12a_0184_105,"[[14, 1, 15, 2], [16, 22, 17, 21], [18, 11, 19, 12], [20, 4, 21, 3], [22, 5, 23, 6], [24, 8, 1, 7], [2, 20, 3, 19], [4, 15, 5, 16], [6, 9, 7, 10], [8, 24, 9, 23], [10, 14, 11, 13], [12, 17, 13, 18]]"
12a_0184_106,"[[12, 17, 13, 18], [14, 1, 15, 2], [16, 22, 17, 21], [18, 11, 19, 12], [20, 4, 21, 3], [22, 5, 23, 6], [24, 8, 1, 7], [2, 20, 3, 19], [4, 15, 5, 16], [6, 9, 7, 10], [8, 24, 9, 23], [10, 14, 11, 13]]"
12a_0184_107,"[[10, 14, 11, 13], [12, 17, 13, 18], [14, 1, 15, 2], [16, 22, 17, 21], [18, 11, 19, 12], [20, 4, 21, 3], [22, 5, 23, 6], [24, 8, 1, 7], [2, 20, 3, 19], [4, 15, 5, 16], [6, 9, 7, 10], [8, 24, 9, 23]]"
12a_0184_108,"[[9, 1, 10, 24], [11, 15, 12, 14], [13, 18, 14, 19], [15, 2, 16, 3], [17, 23, 18, 22], [19, 12, 20, 13], [21, 5, 22, 4], [23, 6, 24, 7], [1, 9, 2, 8], [3, 21, 4, 20], [5, 16, 6, 17], [7, 10, 8, 11]]"
12a_0184_109,"[[7, 10, 8, 11], [9, 1, 10, 24], [11, 15, 12, 14], [13, 18, 14, 19], [15, 2, 16, 3], [17, 23, 18, 22], [19, 12, 20, 13], [21, 5, 22, 4], [23, 6, 24, 7], [1, 9, 2, 8], [3, 21, 4, 20], [5, 16, 6, 17]]"
12a_0184_110,"[[5, 16, 6, 17], [7, 10, 8, 11], [9, 1, 10, 24], [11, 15, 12, 14], [13, 18, 14, 19], [15, 2, 16, 3], [17, 23, 18, 22], [19, 12, 20, 13], [21, 5, 22, 4], [23, 6, 24, 7], [1, 9, 2, 8], [3, 21, 4, 20]]"
12a_0184_111,"[[3, 21, 4, 20], [5, 16, 6, 17], [7, 10, 8, 11], [9, 1, 10, 24], [11, 15, 12, 14], [13, 18, 14, 19], [15, 2, 16, 3], [17, 23, 18, 22], [19, 12, 20, 13], [21, 5, 22, 4], [23, 6, 24, 7], [1, 9, 2, 8]]"
12a_0184_112,"[[1, 9, 2, 8], [3, 21, 4, 20], [5, 16, 6, 17], [7, 10, 8, 11], [9, 1, 10, 24], [11, 15, 12, 14], [13, 18, 14, 19], [15, 2, 16, 3], [17, 23, 18, 22], [19, 12, 20, 13], [21, 5, 22, 4], [23, 6, 24, 7]]"
12a_0184_113,"[[23, 6, 24, 7], [1, 9, 2, 8], [3, 21, 4, 20], [5, 16, 6, 17], [7, 10, 8, 11], [9, 1, 10, 24], [11, 15, 12, 14], [13, 18, 14, 19], [15, 2, 16, 3], [17, 23, 18, 22], [19, 12, 20, 13], [21, 5, 22, 4]]"
12a_0184_114,"[[21, 5, 22, 4], [23, 6, 24, 7], [1, 9, 2, 8], [3, 21, 4, 20], [5, 16, 6, 17], [7, 10, 8, 11], [9, 1, 10, 24], [11, 15, 12, 14], [13, 18, 14, 19], [15, 2, 16, 3], [17, 23, 18, 22], [19, 12, 20, 13]]"
12a_0184_115,"[[19, 12, 20, 13], [21, 5, 22, 4], [23, 6, 24, 7], [1, 9, 2, 8], [3, 21, 4, 20], [5, 16, 6, 17], [7, 10, 8, 11], [9, 1, 10, 24], [11, 15, 12, 14], [13, 18, 14, 19], [15, 2, 16, 3], [17, 23, 18, 22]]"
12a_0184_116,"[[17, 23, 18, 22], [19, 12, 20, 13], [21, 5, 22, 4], [23, 6, 24, 7], [1, 9, 2, 8], [3, 21, 4, 20], [5, 16, 6, 17], [7, 10, 8, 11], [9, 1, 10, 24], [11, 15, 12, 14], [13, 18, 14, 19], [15, 2, 16, 3]]"
12a_0184_117,"[[15, 2, 16, 3], [17, 23, 18, 22], [19, 12, 20, 13], [21, 5, 22, 4], [23, 6, 24, 7], [1, 9, 2, 8], [3, 21, 4, 20], [5, 16, 6, 17], [7, 10, 8, 11], [9, 1, 10, 24], [11, 15, 12, 14], [13, 18, 14, 19]]"
12a_0184_118,"[[13, 18, 14, 19], [15, 2, 16, 3], [17, 23, 18, 22], [19, 12, 20, 13], [21, 5, 22, 4], [23, 6, 24, 7], [1, 9, 2, 8], [3, 21, 4, 20], [5, 16, 6, 17], [7, 10, 8, 11], [9, 1, 10, 24], [11, 15, 12, 14]]"
12a_0184_119,"[[11, 15, 12, 14], [13, 18, 14, 19], [15, 2, 16, 3], [17, 23, 18, 22], [19, 12, 20, 13], [21, 5, 22, 4], [23, 6, 24, 7], [1, 9, 2, 8], [3, 21, 4, 20], [5, 16, 6, 17], [7, 10, 8, 11], [9, 1, 10, 24]]"
12a_0184_120,"[[10, 2, 11, 1], [12, 16, 13, 15], [14, 19, 15, 20], [16, 3, 17, 4], [18, 24, 19, 23], [20, 13, 21, 14], [22, 6, 23, 5], [24, 7, 1, 8], [2, 10, 3, 9], [4, 22, 5, 21], [6, 17, 7, 18], [8, 11, 9, 12]]"
12a_0184_121,"[[8, 11, 9, 12], [10, 2, 11, 1], [12, 16, 13, 15], [14, 19, 15, 20], [16, 3, 17, 4], [18, 24, 19, 23], [20, 13, 21, 14], [22, 6, 23, 5], [24, 7, 1, 8], [2, 10, 3, 9], [4, 22, 5, 21], [6, 17, 7, 18]]"
12a_0184_122,"[[6, 17, 7, 18], [8, 11, 9, 12], [10, 2, 11, 1], [12, 16, 13, 15], [14, 19, 15, 20], [16, 3, 17, 4], [18, 24, 19, 23], [20, 13, 21, 14], [22, 6, 23, 5], [24, 7, 1, 8], [2, 10, 3, 9], [4, 22, 5, 21]]"
12a_0184_123,"[[4, 22, 5, 21], [6, 17, 7, 18], [8, 11, 9, 12], [10, 2, 11, 1], [12, 16, 13, 15], [14, 19, 15, 20], [16, 3, 17, 4], [18, 24, 19, 23], [20, 13, 21, 14], [22, 6, 23, 5], [24, 7, 1, 8], [2, 10, 3, 9]]"
12a_0184_124,"[[2, 10, 3, 9], [4, 22, 5, 21], [6, 17, 7, 18], [8, 11, 9, 12], [10, 2, 11, 1], [12, 16, 13, 15], [14, 19, 15, 20], [16, 3, 17, 4], [18, 24, 19, 23], [20, 13, 21, 14], [22, 6, 23, 5], [24, 7, 1, 8]]"
12a_0184_125,"[[24, 7, 1, 8], [2, 10, 3, 9], [4, 22, 5, 21], [6, 17, 7, 18], [8, 11, 9, 12], [10, 2, 11, 1], [12, 16, 13, 15], [14, 19, 15, 20], [16, 3, 17, 4], [18, 24, 19, 23], [20, 13, 21, 14], [22, 6, 23, 5]]"
12a_0184_126,"[[22, 6, 23, 5], [24, 7, 1, 8], [2, 10, 3, 9], [4, 22, 5, 21], [6, 17, 7, 18], [8, 11, 9, 12], [10, 2, 11, 1], [12, 16, 13, 15], [14, 19, 15, 20], [16, 3, 17, 4], [18, 24, 19, 23], [20, 13, 21, 14]]"
12a_0184_127,"[[20, 13, 21, 14], [22, 6, 23, 5], [24, 7, 1, 8], [2, 10, 3, 9], [4, 22, 5, 21], [6, 17, 7, 18], [8, 11, 9, 12], [10, 2, 11, 1], [12, 16, 13, 15], [14, 19, 15, 20], [16, 3, 17, 4], [18, 24, 19, 23]]"
12a_0184_128,"[[18, 24, 19, 23], [20, 13, 21, 14], [22, 6, 23, 5], [24, 7, 1, 8], [2, 10, 3, 9], [4, 22, 5, 21], [6, 17, 7, 18], [8, 11, 9, 12], [10, 2, 11, 1], [12, 16, 13, 15], [14, 19, 15, 20], [16, 3, 17, 4]]"
12a_0184_129,"[[16, 3, 17, 4], [18, 24, 19, 23], [20, 13, 21, 14], [22, 6, 23, 5], [24, 7, 1, 8], [2, 10, 3, 9], [4, 22, 5, 21], [6, 17, 7, 18], [8, 11, 9, 12], [10, 2, 11, 1], [12, 16, 13, 15], [14, 19, 15, 20]]"
12a_0184_130,"[[14, 19, 15, 20], [16, 3, 17, 4], [18, 24, 19, 23], [20, 13, 21, 14], [22, 6, 23, 5], [24, 7, 1, 8], [2, 10, 3, 9], [4, 22, 5, 21], [6, 17, 7, 18], [8, 11, 9, 12], [10, 2, 11, 1], [12, 16, 13, 15]]"
12a_0184_131,"[[12, 16, 13, 15], [14, 19, 15, 20], [16, 3, 17, 4], [18, 24, 19, 23], [20, 13, 21, 14], [22, 6, 23, 5], [24, 7, 1, 8], [2, 10, 3, 9], [4, 22, 5, 21], [6, 17, 7, 18], [8, 11, 9, 12], [10, 2, 11, 1]]"
12a_0184_132,"[[11, 3, 12, 2], [13, 17, 14, 16], [15, 20, 16, 21], [17, 4, 18, 5], [19, 1, 20, 24], [21, 14, 22, 15], [23, 7, 24, 6], [1, 8, 2, 9], [3, 11, 4, 10], [5, 23, 6, 22], [7, 18, 8, 19], [9, 12, 10, 13]]"
12a_0184_133,"[[9, 12, 10, 13], [11, 3, 12, 2], [13, 17, 14, 16], [15, 20, 16, 21], [17, 4, 18, 5], [19, 1, 20, 24], [21, 14, 22, 15], [23, 7, 24, 6], [1, 8, 2, 9], [3, 11, 4, 10], [5, 23, 6, 22], [7, 18, 8, 19]]"
12a_0184_134,"[[7, 18, 8, 19], [9, 12, 10, 13], [11, 3, 12, 2], [13, 17, 14, 16], [15, 20, 16, 21], [17, 4, 18, 5], [19, 1, 20, 24], [21, 14, 22, 15], [23, 7, 24, 6], [1, 8, 2, 9], [3, 11, 4, 10], [5, 23, 6, 22]]"
12a_0184_135,"[[5, 23, 6, 22], [7, 18, 8, 19], [9, 12, 10, 13], [11, 3, 12, 2], [13, 17, 14, 16], [15, 20, 16, 21], [17, 4, 18, 5], [19, 1, 20, 24], [21, 14, 22, 15], [23, 7, 24, 6], [1, 8, 2, 9], [3, 11, 4, 10]]"
12a_0184_136,"[[3, 11, 4, 10], [5, 23, 6, 22], [7, 18, 8, 19], [9, 12, 10, 13], [11, 3, 12, 2], [13, 17, 14, 16], [15, 20, 16, 21], [17, 4, 18, 5], [19, 1, 20, 24], [21, 14, 22, 15], [23, 7, 24, 6], [1, 8, 2, 9]]"
12a_0184_137,"[[1, 8, 2, 9], [3, 11, 4, 10], [5, 23, 6, 22], [7, 18, 8, 19], [9, 12, 10, 13], [11, 3, 12, 2], [13, 17, 14, 16], [15, 20, 16, 21], [17, 4, 18, 5], [19, 1, 20, 24], [21, 14, 22, 15], [23, 7, 24, 6]]"
12a_0184_138,"[[23, 7, 24, 6], [1, 8, 2, 9], [3, 11, 4, 10], [5, 23, 6, 22], [7, 18, 8, 19], [9, 12, 10, 13], [11, 3, 12, 2], [13, 17, 14, 16], [15, 20, 16, 21], [17, 4, 18, 5], [19, 1, 20, 24], [21, 14, 22, 15]]"
12a_0184_139,"[[21, 14, 22, 15], [23, 7, 24, 6], [1, 8, 2, 9], [3, 11, 4, 10], [5, 23, 6, 22], [7, 18, 8, 19], [9, 12, 10, 13], [11, 3, 12, 2], [13, 17, 14, 16], [15, 20, 16, 21], [17, 4, 18, 5], [19, 1, 20, 24]]"
12a_0184_140,"[[19, 1, 20, 24], [21, 14, 22, 15], [23, 7, 24, 6], [1, 8, 2, 9], [3, 11, 4, 10], [5, 23, 6, 22], [7, 18, 8, 19], [9, 12, 10, 13], [11, 3, 12, 2], [13, 17, 14, 16], [15, 20, 16, 21], [17, 4, 18, 5]]"
12a_0184_141,"[[17, 4, 18, 5], [19, 1, 20, 24], [21, 14, 22, 15], [23, 7, 24, 6], [1, 8, 2, 9], [3, 11, 4, 10], [5, 23, 6, 22], [7, 18, 8, 19], [9, 12, 10, 13], [11, 3, 12, 2], [13, 17, 14, 16], [15, 20, 16, 21]]"
12a_0184_142,"[[15, 20, 16, 21], [17, 4, 18, 5], [19, 1, 20, 24], [21, 14, 22, 15], [23, 7, 24, 6], [1, 8, 2, 9], [3, 11, 4, 10], [5, 23, 6, 22], [7, 18, 8, 19], [9, 12, 10, 13], [11, 3, 12, 2], [13, 17, 14, 16]]"
12a_0184_143,"[[13, 17, 14, 16], [15, 20, 16, 21], [17, 4, 18, 5], [19, 1, 20, 24], [21, 14, 22, 15], [23, 7, 24, 6], [1, 8, 2, 9], [3, 11, 4, 10], [5, 23, 6, 22], [7, 18, 8, 19], [9, 12, 10, 13], [11, 3, 12, 2]]"
12a_0184_144,"[[12, 4, 13, 3], [14, 18, 15, 17], [16, 21, 17, 22], [18, 5, 19, 6], [20, 2, 21, 1], [22, 15, 23, 16], [24, 8, 1, 7], [2, 9, 3, 10], [4, 12, 5, 11], [6, 24, 7, 23], [8, 19, 9, 20], [10, 13, 11, 14]]"
12a_0184_145,"[[10, 13, 11, 14], [12, 4, 13, 3], [14, 18, 15, 17], [16, 21, 17, 22], [18, 5, 19, 6], [20, 2, 21, 1], [22, 15, 23, 16], [24, 8, 1, 7], [2, 9, 3, 10], [4, 12, 5, 11], [6, 24, 7, 23], [8, 19, 9, 20]]"
12a_0184_146,"[[8, 19, 9, 20], [10, 13, 11, 14], [12, 4, 13, 3], [14, 18, 15, 17], [16, 21, 17, 22], [18, 5, 19, 6], [20, 2, 21, 1], [22, 15, 23, 16], [24, 8, 1, 7], [2, 9, 3, 10], [4, 12, 5, 11], [6, 24, 7, 23]]"
12a_0184_147,"[[6, 24, 7, 23], [8, 19, 9, 20], [10, 13, 11, 14], [12, 4, 13, 3], [14, 18, 15, 17], [16, 21, 17, 22], [18, 5, 19, 6], [20, 2, 21, 1], [22, 15, 23, 16], [24, 8, 1, 7], [2, 9, 3, 10], [4, 12, 5, 11]]"
12a_0184_148,"[[4, 12, 5, 11], [6, 24, 7, 23], [8, 19, 9, 20], [10, 13, 11, 14], [12, 4, 13, 3], [14, 18, 15, 17], [16, 21, 17, 22], [18, 5, 19, 6], [20, 2, 21, 1], [22, 15, 23, 16], [24, 8, 1, 7], [2, 9, 3, 10]]"
12a_0184_149,"[[2, 9, 3, 10], [4, 12, 5, 11], [6, 24, 7, 23], [8, 19, 9, 20], [10, 13, 11, 14], [12, 4, 13, 3], [14, 18, 15, 17], [16, 21, 17, 22], [18, 5, 19, 6], [20, 2, 21, 1], [22, 15, 23, 16], [24, 8, 1, 7]]"
12a_0184_150,"[[24, 8, 1, 7], [2, 9, 3, 10], [4, 12, 5, 11], [6, 24, 7, 23], [8, 19, 9, 20], [10, 13, 11, 14], [12, 4, 13, 3], [14, 18, 15, 17], [16, 21, 17, 22], [18, 5, 19, 6], [20, 2, 21, 1], [22, 15, 23, 16]]"
12a_0184_151,"[[22, 15, 23, 16], [24, 8, 1, 7], [2, 9, 3, 10], [4, 12, 5, 11], [6, 24, 7, 23], [8, 19, 9, 20], [10, 13, 11, 14], [12, 4, 13, 3], [14, 18, 15, 17], [16, 21, 17, 22], [18, 5, 19, 6], [20, 2, 21, 1]]"
12a_0184_152,"[[20, 2, 21, 1], [22, 15, 23, 16], [24, 8, 1, 7], [2, 9, 3, 10], [4, 12, 5, 11], [6, 24, 7, 23], [8, 19, 9, 20], [10, 13, 11, 14], [12, 4, 13, 3], [14, 18, 15, 17], [16, 21, 17, 22], [18, 5, 19, 6]]"
12a_0184_153,"[[18, 5, 19, 6], [20, 2, 21, 1], [22, 15, 23, 16], [24, 8, 1, 7], [2, 9, 3, 10], [4, 12, 5, 11], [6, 24, 7, 23], [8, 19, 9, 20], [10, 13, 11, 14], [12, 4, 13, 3], [14, 18, 15, 17], [16, 21, 17, 22]]"
12a_0184_154,"[[16, 21, 17, 22], [18, 5, 19, 6], [20, 2, 21, 1], [22, 15, 23, 16], [24, 8, 1, 7], [2, 9, 3, 10], [4, 12, 5, 11], [6, 24, 7, 23], [8, 19, 9, 20], [10, 13, 11, 14], [12, 4, 13, 3], [14, 18, 15, 17]]"
12a_0184_155,"[[14, 18, 15, 17], [16, 21, 17, 22], [18, 5, 19, 6], [20, 2, 21, 1], [22, 15, 23, 16], [24, 8, 1, 7], [2, 9, 3, 10], [4, 12, 5, 11], [6, 24, 7, 23], [8, 19, 9, 20], [10, 13, 11, 14], [12, 4, 13, 3]]"
12a_0184_156,"[[13, 5, 14, 4], [15, 19, 16, 18], [17, 22, 18, 23], [19, 6, 20, 7], [21, 3, 22, 2], [23, 16, 24, 17], [1, 9, 2, 8], [3, 10, 4, 11], [5, 13, 6, 12], [7, 1, 8, 24], [9, 20, 10, 21], [11, 14, 12, 15]]"
12a_0184_157,"[[11, 14, 12, 15], [13, 5, 14, 4], [15, 19, 16, 18], [17, 22, 18, 23], [19, 6, 20, 7], [21, 3, 22, 2], [23, 16, 24, 17], [1, 9, 2, 8], [3, 10, 4, 11], [5, 13, 6, 12], [7, 1, 8, 24], [9, 20, 10, 21]]"
12a_0184_158,"[[9, 20, 10, 21], [11, 14, 12, 15], [13, 5, 14, 4], [15, 19, 16, 18], [17, 22, 18, 23], [19, 6, 20, 7], [21, 3, 22, 2], [23, 16, 24, 17], [1, 9, 2, 8], [3, 10, 4, 11], [5, 13, 6, 12], [7, 1, 8, 24]]"
12a_0184_159,"[[7, 1, 8, 24], [9, 20, 10, 21], [11, 14, 12, 15], [13, 5, 14, 4], [15, 19, 16, 18], [17, 22, 18, 23], [19, 6, 20, 7], [21, 3, 22, 2], [23, 16, 24, 17], [1, 9, 2, 8], [3, 10, 4, 11], [5, 13, 6, 12]]"
12a_0184_160,"[[5, 13, 6, 12], [7, 1, 8, 24], [9, 20, 10, 21], [11, 14, 12, 15], [13, 5, 14, 4], [15, 19, 16, 18], [17, 22, 18, 23], [19, 6, 20, 7], [21, 3, 22, 2], [23, 16, 24, 17], [1, 9, 2, 8], [3, 10, 4, 11]]"
12a_0184_161,"[[3, 10, 4, 11], [5, 13, 6, 12], [7, 1, 8, 24], [9, 20, 10, 21], [11, 14, 12, 15], [13, 5, 14, 4], [15, 19, 16, 18], [17, 22, 18, 23], [19, 6, 20, 7], [21, 3, 22, 2], [23, 16, 24, 17], [1, 9, 2, 8]]"
12a_0184_162,"[[1, 9, 2, 8], [3, 10, 4, 11], [5, 13, 6, 12], [7, 1, 8, 24], [9, 20, 10, 21], [11, 14, 12, 15], [13, 5, 14, 4], [15, 19, 16, 18], [17, 22, 18, 23], [19, 6, 20, 7], [21, 3, 22, 2], [23, 16, 24, 17]]"
12a_0184_163,"[[23, 16, 24, 17], [1, 9, 2, 8], [3, 10, 4, 11], [5, 13, 6, 12], [7, 1, 8, 24], [9, 20, 10, 21], [11, 14, 12, 15], [13, 5, 14, 4], [15, 19, 16, 18], [17, 22, 18, 23], [19, 6, 20, 7], [21, 3, 22, 2]]"
12a_0184_164,"[[21, 3, 22, 2], [23, 16, 24, 17], [1, 9, 2, 8], [3, 10, 4, 11], [5, 13, 6, 12], [7, 1, 8, 24], [9, 20, 10, 21], [11, 14, 12, 15], [13, 5, 14, 4], [15, 19, 16, 18], [17, 22, 18, 23], [19, 6, 20, 7]]"
12a_0184_165,"[[19, 6, 20, 7], [21, 3, 22, 2], [23, 16, 24, 17], [1, 9, 2, 8], [3, 10, 4, 11], [5, 13, 6, 12], [7, 1, 8, 24], [9, 20, 10, 21], [11, 14, 12, 15], [13, 5, 14, 4], [15, 19, 16, 18], [17, 22, 18, 23]]"
12a_0184_166,"[[17, 22, 18, 23], [19, 6, 20, 7], [21, 3, 22, 2], [23, 16, 24, 17], [1, 9, 2, 8], [3, 10, 4, 11], [5, 13, 6, 12], [7, 1, 8, 24], [9, 20, 10, 21], [11, 14, 12, 15], [13, 5, 14, 4], [15, 19, 16, 18]]"
12a_0184_167,"[[15, 19, 16, 18], [17, 22, 18, 23], [19, 6, 20, 7], [21, 3, 22, 2], [23, 16, 24, 17], [1, 9, 2, 8], [3, 10, 4, 11], [5, 13, 6, 12], [7, 1, 8, 24], [9, 20, 10, 21], [11, 14, 12, 15], [13, 5, 14, 4]]"
12a_0184_168,"[[14, 6, 15, 5], [16, 20, 17, 19], [18, 23, 19, 24], [20, 7, 21, 8], [22, 4, 23, 3], [24, 17, 1, 18], [2, 10, 3, 9], [4, 11, 5, 12], [6, 14, 7, 13], [8, 2, 9, 1], [10, 21, 11, 22], [12, 15, 13, 16]]"
12a_0184_169,"[[12, 15, 13, 16], [14, 6, 15, 5], [16, 20, 17, 19], [18, 23, 19, 24], [20, 7, 21, 8], [22, 4, 23, 3], [24, 17, 1, 18], [2, 10, 3, 9], [4, 11, 5, 12], [6, 14, 7, 13], [8, 2, 9, 1], [10, 21, 11, 22]]"
12a_0184_170,"[[10, 21, 11, 22], [12, 15, 13, 16], [14, 6, 15, 5], [16, 20, 17, 19], [18, 23, 19, 24], [20, 7, 21, 8], [22, 4, 23, 3], [24, 17, 1, 18], [2, 10, 3, 9], [4, 11, 5, 12], [6, 14, 7, 13], [8, 2, 9, 1]]"
12a_0184_171,"[[8, 2, 9, 1], [10, 21, 11, 22], [12, 15, 13, 16], [14, 6, 15, 5], [16, 20, 17, 19], [18, 23, 19, 24], [20, 7, 21, 8], [22, 4, 23, 3], [24, 17, 1, 18], [2, 10, 3, 9], [4, 11, 5, 12], [6, 14, 7, 13]]"
12a_0184_172,"[[6, 14, 7, 13], [8, 2, 9, 1], [10, 21, 11, 22], [12, 15, 13, 16], [14, 6, 15, 5], [16, 20, 17, 19], [18, 23, 19, 24], [20, 7, 21, 8], [22, 4, 23, 3], [24, 17, 1, 18], [2, 10, 3, 9], [4, 11, 5, 12]]"
12a_0184_173,"[[4, 11, 5, 12], [6, 14, 7, 13], [8, 2, 9, 1], [10, 21, 11, 22], [12, 15, 13, 16], [14, 6, 15, 5], [16, 20, 17, 19], [18, 23, 19, 24], [20, 7, 21, 8], [22, 4, 23, 3], [24, 17, 1, 18], [2, 10, 3, 9]]"
12a_0184_174,"[[2, 10, 3, 9], [4, 11, 5, 12], [6, 14, 7, 13], [8, 2, 9, 1], [10, 21, 11, 22], [12, 15, 13, 16], [14, 6, 15, 5], [16, 20, 17, 19], [18, 23, 19, 24], [20, 7, 21, 8], [22, 4, 23, 3], [24, 17, 1, 18]]"
12a_0184_175,"[[24, 17, 1, 18], [2, 10, 3, 9], [4, 11, 5, 12], [6, 14, 7, 13], [8, 2, 9, 1], [10, 21, 11, 22], [12, 15, 13, 16], [14, 6, 15, 5], [16, 20, 17, 19], [18, 23, 19, 24], [20, 7, 21, 8], [22, 4, 23, 3]]"
12a_0184_176,"[[22, 4, 23, 3], [24, 17, 1, 18], [2, 10, 3, 9], [4, 11, 5, 12], [6, 14, 7, 13], [8, 2, 9, 1], [10, 21, 11, 22], [12, 15, 13, 16], [14, 6, 15, 5], [16, 20, 17, 19], [18, 23, 19, 24], [20, 7, 21, 8]]"
12a_0184_177,"[[20, 7, 21, 8], [22, 4, 23, 3], [24, 17, 1, 18], [2, 10, 3, 9], [4, 11, 5, 12], [6, 14, 7, 13], [8, 2, 9, 1], [10, 21, 11, 22], [12, 15, 13, 16], [14, 6, 15, 5], [16, 20, 17, 19], [18, 23, 19, 24]]"
12a_0184_178,"[[18, 23, 19, 24], [20, 7, 21, 8], [22, 4, 23, 3], [24, 17, 1, 18], [2, 10, 3, 9], [4, 11, 5, 12], [6, 14, 7, 13], [8, 2, 9, 1], [10, 21, 11, 22], [12, 15, 13, 16], [14, 6, 15, 5], [16, 20, 17, 19]]"
12a_0184_179,"[[16, 20, 17, 19], [18, 23, 19, 24], [20, 7, 21, 8], [22, 4, 23, 3], [24, 17, 1, 18], [2, 10, 3, 9], [4, 11, 5, 12], [6, 14, 7, 13], [8, 2, 9, 1], [10, 21, 11, 22], [12, 15, 13, 16], [14, 6, 15, 5]]"
12a_0184_180,"[[15, 7, 16, 6], [17, 21, 18, 20], [19, 24, 20, 1], [21, 8, 22, 9], [23, 5, 24, 4], [1, 18, 2, 19], [3, 11, 4, 10], [5, 12, 6, 13], [7, 15, 8, 14], [9, 3, 10, 2], [11, 22, 12, 23], [13, 16, 14, 17]]"
12a_0184_181,"[[13, 16, 14, 17], [15, 7, 16, 6], [17, 21, 18, 20], [19, 24, 20, 1], [21, 8, 22, 9], [23, 5, 24, 4], [1, 18, 2, 19], [3, 11, 4, 10], [5, 12, 6, 13], [7, 15, 8, 14], [9, 3, 10, 2], [11, 22, 12, 23]]"
12a_0184_182,"[[11, 22, 12, 23], [13, 16, 14, 17], [15, 7, 16, 6], [17, 21, 18, 20], [19, 24, 20, 1], [21, 8, 22, 9], [23, 5, 24, 4], [1, 18, 2, 19], [3, 11, 4, 10], [5, 12, 6, 13], [7, 15, 8, 14], [9, 3, 10, 2]]"
12a_0184_183,"[[9, 3, 10, 2], [11, 22, 12, 23], [13, 16, 14, 17], [15, 7, 16, 6], [17, 21, 18, 20], [19, 24, 20, 1], [21, 8, 22, 9], [23, 5, 24, 4], [1, 18, 2, 19], [3, 11, 4, 10], [5, 12, 6, 13], [7, 15, 8, 14]]"
12a_0184_184,"[[7, 15, 8, 14], [9, 3, 10, 2], [11, 22, 12, 23], [13, 16, 14, 17], [15, 7, 16, 6], [17, 21, 18, 20], [19, 24, 20, 1], [21, 8, 22, 9], [23, 5, 24, 4], [1, 18, 2, 19], [3, 11, 4, 10], [5, 12, 6, 13]]"
12a_0184_185,"[[5, 12, 6, 13], [7, 15, 8, 14], [9, 3, 10, 2], [11, 22, 12, 23], [13, 16, 14, 17], [15, 7, 16, 6], [17, 21, 18, 20], [19, 24, 20, 1], [21, 8, 22, 9], [23, 5, 24, 4], [1, 18, 2, 19], [3, 11, 4, 10]]"
