name,pd_notation
12a_0077_0,"[[24, 12, 1, 11], [2, 6, 3, 5], [4, 10, 5, 9], [6, 15, 7, 16], [8, 4, 9, 3], [10, 17, 11, 18], [12, 20, 13, 19], [14, 21, 15, 22], [16, 7, 17, 8], [18, 1, 19, 2], [20, 24, 21, 23], [22, 13, 23, 14]]"
12a_0077_1,"[[22, 13, 23, 14], [24, 12, 1, 11], [2, 6, 3, 5], [4, 10, 5, 9], [6, 15, 7, 16], [8, 4, 9, 3], [10, 17, 11, 18], [12, 20, 13, 19], [14, 21, 15, 22], [16, 7, 17, 8], [18, 1, 19, 2], [20, 24, 21, 23]]"
12a_0077_2,"[[20, 24, 21, 23], [22, 13, 23, 14], [24, 12, 1, 11], [2, 6, 3, 5], [4, 10, 5, 9], [6, 15, 7, 16], [8, 4, 9, 3], [10, 17, 11, 18], [12, 20, 13, 19], [14, 21, 15, 22], [16, 7, 17, 8], [18, 1, 19, 2]]"
12a_0077_3,"[[18, 1, 19, 2], [20, 24, 21, 23], [22, 13, 23, 14], [24, 12, 1, 11], [2, 6, 3, 5], [4, 10, 5, 9], [6, 15, 7, 16], [8, 4, 9, 3], [10, 17, 11, 18], [12, 20, 13, 19], [14, 21, 15, 22], [16, 7, 17, 8]]"
12a_0077_4,"[[16, 7, 17, 8], [18, 1, 19, 2], [20, 24, 21, 23], [22, 13, 23, 14], [24, 12, 1, 11], [2, 6, 3, 5], [4, 10, 5, 9], [6, 15, 7, 16], [8, 4, 9, 3], [10, 17, 11, 18], [12, 20, 13, 19], [14, 21, 15, 22]]"
12a_0077_5,"[[14, 21, 15, 22], [16, 7, 17, 8], [18, 1, 19, 2], [20, 24, 21, 23], [22, 13, 23, 14], [24, 12, 1, 11], [2, 6, 3, 5], [4, 10, 5, 9], [6, 15, 7, 16], [8, 4, 9, 3], [10, 17, 11, 18], [12, 20, 13, 19]]"
12a_0077_6,"[[12, 20, 13, 19], [14, 21, 15, 22], [16, 7, 17, 8], [18, 1, 19, 2], [20, 24, 21, 23], [22, 13, 23, 14], [24, 12, 1, 11], [2, 6, 3, 5], [4, 10, 5, 9], [6, 15, 7, 16], [8, 4, 9, 3], [10, 17, 11, 18]]"
12a_0077_7,"[[10, 17, 11, 18], [12, 20, 13, 19], [14, 21, 15, 22], [16, 7, 17, 8], [18, 1, 19, 2], [20, 24, 21, 23], [22, 13, 23, 14], [24, 12, 1, 11], [2, 6, 3, 5], [4, 10, 5, 9], [6, 15, 7, 16], [8, 4, 9, 3]]"
12a_0077_8,"[[8, 4, 9, 3], [10, 17, 11, 18], [12, 20, 13, 19], [14, 21, 15, 22], [16, 7, 17, 8], [18, 1, 19, 2], [20, 24, 21, 23], [22, 13, 23, 14], [24, 12, 1, 11], [2, 6, 3, 5], [4, 10, 5, 9], [6, 15, 7, 16]]"
12a_0077_9,"[[6, 15, 7, 16], [8, 4, 9, 3], [10, 17, 11, 18], [12, 20, 13, 19], [14, 21, 15, 22], [16, 7, 17, 8], [18, 1, 19, 2], [20, 24, 21, 23], [22, 13, 23, 14], [24, 12, 1, 11], [2, 6, 3, 5], [4, 10, 5, 9]]"
12a_0077_10,"[[4, 10, 5, 9], [6, 15, 7, 16], [8, 4, 9, 3], [10, 17, 11, 18], [12, 20, 13, 19], [14, 21, 15, 22], [16, 7, 17, 8], [18, 1, 19, 2], [20, 24, 21, 23], [22, 13, 23, 14], [24, 12, 1, 11], [2, 6, 3, 5]]"
12a_0077_11,"[[2, 6, 3, 5], [4, 10, 5, 9], [6, 15, 7, 16], [8, 4, 9, 3], [10, 17, 11, 18], [12, 20, 13, 19], [14, 21, 15, 22], [16, 7, 17, 8], [18, 1, 19, 2], [20, 24, 21, 23], [22, 13, 23, 14], [24, 12, 1, 11]]"
12a_0077_12,"[[1, 13, 2, 12], [3, 7, 4, 6], [5, 11, 6, 10], [7, 16, 8, 17], [9, 5, 10, 4], [11, 18, 12, 19], [13, 21, 14, 20], [15, 22, 16, 23], [17, 8, 18, 9], [19, 2, 20, 3], [21, 1, 22, 24], [23, 14, 24, 15]]"
12a_0077_13,"[[23, 14, 24, 15], [1, 13, 2, 12], [3, 7, 4, 6], [5, 11, 6, 10], [7, 16, 8, 17], [9, 5, 10, 4], [11, 18, 12, 19], [13, 21, 14, 20], [15, 22, 16, 23], [17, 8, 18, 9], [19, 2, 20, 3], [21, 1, 22, 24]]"
12a_0077_14,"[[21, 1, 22, 24], [23, 14, 24, 15], [1, 13, 2, 12], [3, 7, 4, 6], [5, 11, 6, 10], [7, 16, 8, 17], [9, 5, 10, 4], [11, 18, 12, 19], [13, 21, 14, 20], [15, 22, 16, 23], [17, 8, 18, 9], [19, 2, 20, 3]]"
12a_0077_15,"[[19, 2, 20, 3], [21, 1, 22, 24], [23, 14, 24, 15], [1, 13, 2, 12], [3, 7, 4, 6], [5, 11, 6, 10], [7, 16, 8, 17], [9, 5, 10, 4], [11, 18, 12, 19], [13, 21, 14, 20], [15, 22, 16, 23], [17, 8, 18, 9]]"
12a_0077_16,"[[17, 8, 18, 9], [19, 2, 20, 3], [21, 1, 22, 24], [23, 14, 24, 15], [1, 13, 2, 12], [3, 7, 4, 6], [5, 11, 6, 10], [7, 16, 8, 17], [9, 5, 10, 4], [11, 18, 12, 19], [13, 21, 14, 20], [15, 22, 16, 23]]"
12a_0077_17,"[[15, 22, 16, 23], [17, 8, 18, 9], [19, 2, 20, 3], [21, 1, 22, 24], [23, 14, 24, 15], [1, 13, 2, 12], [3, 7, 4, 6], [5, 11, 6, 10], [7, 16, 8, 17], [9, 5, 10, 4], [11, 18, 12, 19], [13, 21, 14, 20]]"
12a_0077_18,"[[13, 21, 14, 20], [15, 22, 16, 23], [17, 8, 18, 9], [19, 2, 20, 3], [21, 1, 22, 24], [23, 14, 24, 15], [1, 13, 2, 12], [3, 7, 4, 6], [5, 11, 6, 10], [7, 16, 8, 17], [9, 5, 10, 4], [11, 18, 12, 19]]"
12a_0077_19,"[[11, 18, 12, 19], [13, 21, 14, 20], [15, 22, 16, 23], [17, 8, 18, 9], [19, 2, 20, 3], [21, 1, 22, 24], [23, 14, 24, 15], [1, 13, 2, 12], [3, 7, 4, 6], [5, 11, 6, 10], [7, 16, 8, 17], [9, 5, 10, 4]]"
12a_0077_20,"[[9, 5, 10, 4], [11, 18, 12, 19], [13, 21, 14, 20], [15, 22, 16, 23], [17, 8, 18, 9], [19, 2, 20, 3], [21, 1, 22, 24], [23, 14, 24, 15], [1, 13, 2, 12], [3, 7, 4, 6], [5, 11, 6, 10], [7, 16, 8, 17]]"
12a_0077_21,"[[7, 16, 8, 17], [9, 5, 10, 4], [11, 18, 12, 19], [13, 21, 14, 20], [15, 22, 16, 23], [17, 8, 18, 9], [19, 2, 20, 3], [21, 1, 22, 24], [23, 14, 24, 15], [1, 13, 2, 12], [3, 7, 4, 6], [5, 11, 6, 10]]"
12a_0077_22,"[[5, 11, 6, 10], [7, 16, 8, 17], [9, 5, 10, 4], [11, 18, 12, 19], [13, 21, 14, 20], [15, 22, 16, 23], [17, 8, 18, 9], [19, 2, 20, 3], [21, 1, 22, 24], [23, 14, 24, 15], [1, 13, 2, 12], [3, 7, 4, 6]]"
12a_0077_23,"[[3, 7, 4, 6], [5, 11, 6, 10], [7, 16, 8, 17], [9, 5, 10, 4], [11, 18, 12, 19], [13, 21, 14, 20], [15, 22, 16, 23], [17, 8, 18, 9], [19, 2, 20, 3], [21, 1, 22, 24], [23, 14, 24, 15], [1, 13, 2, 12]]"
12a_0077_24,"[[2, 14, 3, 13], [4, 8, 5, 7], [6, 12, 7, 11], [8, 17, 9, 18], [10, 6, 11, 5], [12, 19, 13, 20], [14, 22, 15, 21], [16, 23, 17, 24], [18, 9, 19, 10], [20, 3, 21, 4], [22, 2, 23, 1], [24, 15, 1, 16]]"
12a_0077_25,"[[24, 15, 1, 16], [2, 14, 3, 13], [4, 8, 5, 7], [6, 12, 7, 11], [8, 17, 9, 18], [10, 6, 11, 5], [12, 19, 13, 20], [14, 22, 15, 21], [16, 23, 17, 24], [18, 9, 19, 10], [20, 3, 21, 4], [22, 2, 23, 1]]"
12a_0077_26,"[[22, 2, 23, 1], [24, 15, 1, 16], [2, 14, 3, 13], [4, 8, 5, 7], [6, 12, 7, 11], [8, 17, 9, 18], [10, 6, 11, 5], [12, 19, 13, 20], [14, 22, 15, 21], [16, 23, 17, 24], [18, 9, 19, 10], [20, 3, 21, 4]]"
12a_0077_27,"[[20, 3, 21, 4], [22, 2, 23, 1], [24, 15, 1, 16], [2, 14, 3, 13], [4, 8, 5, 7], [6, 12, 7, 11], [8, 17, 9, 18], [10, 6, 11, 5], [12, 19, 13, 20], [14, 22, 15, 21], [16, 23, 17, 24], [18, 9, 19, 10]]"
12a_0077_28,"[[18, 9, 19, 10], [20, 3, 21, 4], [22, 2, 23, 1], [24, 15, 1, 16], [2, 14, 3, 13], [4, 8, 5, 7], [6, 12, 7, 11], [8, 17, 9, 18], [10, 6, 11, 5], [12, 19, 13, 20], [14, 22, 15, 21], [16, 23, 17, 24]]"
12a_0077_29,"[[16, 23, 17, 24], [18, 9, 19, 10], [20, 3, 21, 4], [22, 2, 23, 1], [24, 15, 1, 16], [2, 14, 3, 13], [4, 8, 5, 7], [6, 12, 7, 11], [8, 17, 9, 18], [10, 6, 11, 5], [12, 19, 13, 20], [14, 22, 15, 21]]"
12a_0077_30,"[[14, 22, 15, 21], [16, 23, 17, 24], [18, 9, 19, 10], [20, 3, 21, 4], [22, 2, 23, 1], [24, 15, 1, 16], [2, 14, 3, 13], [4, 8, 5, 7], [6, 12, 7, 11], [8, 17, 9, 18], [10, 6, 11, 5], [12, 19, 13, 20]]"
12a_0077_31,"[[12, 19, 13, 20], [14, 22, 15, 21], [16, 23, 17, 24], [18, 9, 19, 10], [20, 3, 21, 4], [22, 2, 23, 1], [24, 15, 1, 16], [2, 14, 3, 13], [4, 8, 5, 7], [6, 12, 7, 11], [8, 17, 9, 18], [10, 6, 11, 5]]"
12a_0077_32,"[[10, 6, 11, 5], [12, 19, 13, 20], [14, 22, 15, 21], [16, 23, 17, 24], [18, 9, 19, 10], [20, 3, 21, 4], [22, 2, 23, 1], [24, 15, 1, 16], [2, 14, 3, 13], [4, 8, 5, 7], [6, 12, 7, 11], [8, 17, 9, 18]]"
12a_0077_33,"[[8, 17, 9, 18], [10, 6, 11, 5], [12, 19, 13, 20], [14, 22, 15, 21], [16, 23, 17, 24], [18, 9, 19, 10], [20, 3, 21, 4], [22, 2, 23, 1], [24, 15, 1, 16], [2, 14, 3, 13], [4, 8, 5, 7], [6, 12, 7, 11]]"
12a_0077_34,"[[6, 12, 7, 11], [8, 17, 9, 18], [10, 6, 11, 5], [12, 19, 13, 20], [14, 22, 15, 21], [16, 23, 17, 24], [18, 9, 19, 10], [20, 3, 21, 4], [22, 2, 23, 1], [24, 15, 1, 16], [2, 14, 3, 13], [4, 8, 5, 7]]"
12a_0077_35,"[[4, 8, 5, 7], [6, 12, 7, 11], [8, 17, 9, 18], [10, 6, 11, 5], [12, 19, 13, 20], [14, 22, 15, 21], [16, 23, 17, 24], [18, 9, 19, 10], [20, 3, 21, 4], [22, 2, 23, 1], [24, 15, 1, 16], [2, 14, 3, 13]]"
12a_0077_36,"[[3, 15, 4, 14], [5, 9, 6, 8], [7, 13, 8, 12], [9, 18, 10, 19], [11, 7, 12, 6], [13, 20, 14, 21], [15, 23, 16, 22], [17, 24, 18, 1], [19, 10, 20, 11], [21, 4, 22, 5], [23, 3, 24, 2], [1, 16, 2, 17]]"
12a_0077_37,"[[1, 16, 2, 17], [3, 15, 4, 14], [5, 9, 6, 8], [7, 13, 8, 12], [9, 18, 10, 19], [11, 7, 12, 6], [13, 20, 14, 21], [15, 23, 16, 22], [17, 24, 18, 1], [19, 10, 20, 11], [21, 4, 22, 5], [23, 3, 24, 2]]"
12a_0077_38,"[[23, 3, 24, 2], [1, 16, 2, 17], [3, 15, 4, 14], [5, 9, 6, 8], [7, 13, 8, 12], [9, 18, 10, 19], [11, 7, 12, 6], [13, 20, 14, 21], [15, 23, 16, 22], [17, 24, 18, 1], [19, 10, 20, 11], [21, 4, 22, 5]]"
12a_0077_39,"[[21, 4, 22, 5], [23, 3, 24, 2], [1, 16, 2, 17], [3, 15, 4, 14], [5, 9, 6, 8], [7, 13, 8, 12], [9, 18, 10, 19], [11, 7, 12, 6], [13, 20, 14, 21], [15, 23, 16, 22], [17, 24, 18, 1], [19, 10, 20, 11]]"
12a_0077_40,"[[19, 10, 20, 11], [21, 4, 22, 5], [23, 3, 24, 2], [1, 16, 2, 17], [3, 15, 4, 14], [5, 9, 6, 8], [7, 13, 8, 12], [9, 18, 10, 19], [11, 7, 12, 6], [13, 20, 14, 21], [15, 23, 16, 22], [17, 24, 18, 1]]"
12a_0077_41,"[[17, 24, 18, 1], [19, 10, 20, 11], [21, 4, 22, 5], [23, 3, 24, 2], [1, 16, 2, 17], [3, 15, 4, 14], [5, 9, 6, 8], [7, 13, 8, 12], [9, 18, 10, 19], [11, 7, 12, 6], [13, 20, 14, 21], [15, 23, 16, 22]]"
12a_0077_42,"[[15, 23, 16, 22], [17, 24, 18, 1], [19, 10, 20, 11], [21, 4, 22, 5], [23, 3, 24, 2], [1, 16, 2, 17], [3, 15, 4, 14], [5, 9, 6, 8], [7, 13, 8, 12], [9, 18, 10, 19], [11, 7, 12, 6], [13, 20, 14, 21]]"
12a_0077_43,"[[13, 20, 14, 21], [15, 23, 16, 22], [17, 24, 18, 1], [19, 10, 20, 11], [21, 4, 22, 5], [23, 3, 24, 2], [1, 16, 2, 17], [3, 15, 4, 14], [5, 9, 6, 8], [7, 13, 8, 12], [9, 18, 10, 19], [11, 7, 12, 6]]"
12a_0077_44,"[[11, 7, 12, 6], [13, 20, 14, 21], [15, 23, 16, 22], [17, 24, 18, 1], [19, 10, 20, 11], [21, 4, 22, 5], [23, 3, 24, 2], [1, 16, 2, 17], [3, 15, 4, 14], [5, 9, 6, 8], [7, 13, 8, 12], [9, 18, 10, 19]]"
12a_0077_45,"[[9, 18, 10, 19], [11, 7, 12, 6], [13, 20, 14, 21], [15, 23, 16, 22], [17, 24, 18, 1], [19, 10, 20, 11], [21, 4, 22, 5], [23, 3, 24, 2], [1, 16, 2, 17], [3, 15, 4, 14], [5, 9, 6, 8], [7, 13, 8, 12]]"
12a_0077_46,"[[7, 13, 8, 12], [9, 18, 10, 19], [11, 7, 12, 6], [13, 20, 14, 21], [15, 23, 16, 22], [17, 24, 18, 1], [19, 10, 20, 11], [21, 4, 22, 5], [23, 3, 24, 2], [1, 16, 2, 17], [3, 15, 4, 14], [5, 9, 6, 8]]"
12a_0077_47,"[[5, 9, 6, 8], [7, 13, 8, 12], [9, 18, 10, 19], [11, 7, 12, 6], [13, 20, 14, 21], [15, 23, 16, 22], [17, 24, 18, 1], [19, 10, 20, 11], [21, 4, 22, 5], [23, 3, 24, 2], [1, 16, 2, 17], [3, 15, 4, 14]]"
12a_0077_48,"[[4, 16, 5, 15], [6, 10, 7, 9], [8, 14, 9, 13], [10, 19, 11, 20], [12, 8, 13, 7], [14, 21, 15, 22], [16, 24, 17, 23], [18, 1, 19, 2], [20, 11, 21, 12], [22, 5, 23, 6], [24, 4, 1, 3], [2, 17, 3, 18]]"
12a_0077_49,"[[2, 17, 3, 18], [4, 16, 5, 15], [6, 10, 7, 9], [8, 14, 9, 13], [10, 19, 11, 20], [12, 8, 13, 7], [14, 21, 15, 22], [16, 24, 17, 23], [18, 1, 19, 2], [20, 11, 21, 12], [22, 5, 23, 6], [24, 4, 1, 3]]"
12a_0077_50,"[[24, 4, 1, 3], [2, 17, 3, 18], [4, 16, 5, 15], [6, 10, 7, 9], [8, 14, 9, 13], [10, 19, 11, 20], [12, 8, 13, 7], [14, 21, 15, 22], [16, 24, 17, 23], [18, 1, 19, 2], [20, 11, 21, 12], [22, 5, 23, 6]]"
12a_0077_51,"[[22, 5, 23, 6], [24, 4, 1, 3], [2, 17, 3, 18], [4, 16, 5, 15], [6, 10, 7, 9], [8, 14, 9, 13], [10, 19, 11, 20], [12, 8, 13, 7], [14, 21, 15, 22], [16, 24, 17, 23], [18, 1, 19, 2], [20, 11, 21, 12]]"
12a_0077_52,"[[20, 11, 21, 12], [22, 5, 23, 6], [24, 4, 1, 3], [2, 17, 3, 18], [4, 16, 5, 15], [6, 10, 7, 9], [8, 14, 9, 13], [10, 19, 11, 20], [12, 8, 13, 7], [14, 21, 15, 22], [16, 24, 17, 23], [18, 1, 19, 2]]"
12a_0077_53,"[[18, 1, 19, 2], [20, 11, 21, 12], [22, 5, 23, 6], [24, 4, 1, 3], [2, 17, 3, 18], [4, 16, 5, 15], [6, 10, 7, 9], [8, 14, 9, 13], [10, 19, 11, 20], [12, 8, 13, 7], [14, 21, 15, 22], [16, 24, 17, 23]]"
12a_0077_54,"[[16, 24, 17, 23], [18, 1, 19, 2], [20, 11, 21, 12], [22, 5, 23, 6], [24, 4, 1, 3], [2, 17, 3, 18], [4, 16, 5, 15], [6, 10, 7, 9], [8, 14, 9, 13], [10, 19, 11, 20], [12, 8, 13, 7], [14, 21, 15, 22]]"
12a_0077_55,"[[14, 21, 15, 22], [16, 24, 17, 23], [18, 1, 19, 2], [20, 11, 21, 12], [22, 5, 23, 6], [24, 4, 1, 3], [2, 17, 3, 18], [4, 16, 5, 15], [6, 10, 7, 9], [8, 14, 9, 13], [10, 19, 11, 20], [12, 8, 13, 7]]"
12a_0077_56,"[[12, 8, 13, 7], [14, 21, 15, 22], [16, 24, 17, 23], [18, 1, 19, 2], [20, 11, 21, 12], [22, 5, 23, 6], [24, 4, 1, 3], [2, 17, 3, 18], [4, 16, 5, 15], [6, 10, 7, 9], [8, 14, 9, 13], [10, 19, 11, 20]]"
12a_0077_57,"[[10, 19, 11, 20], [12, 8, 13, 7], [14, 21, 15, 22], [16, 24, 17, 23], [18, 1, 19, 2], [20, 11, 21, 12], [22, 5, 23, 6], [24, 4, 1, 3], [2, 17, 3, 18], [4, 16, 5, 15], [6, 10, 7, 9], [8, 14, 9, 13]]"
12a_0077_58,"[[8, 14, 9, 13], [10, 19, 11, 20], [12, 8, 13, 7], [14, 21, 15, 22], [16, 24, 17, 23], [18, 1, 19, 2], [20, 11, 21, 12], [22, 5, 23, 6], [24, 4, 1, 3], [2, 17, 3, 18], [4, 16, 5, 15], [6, 10, 7, 9]]"
12a_0077_59,"[[6, 10, 7, 9], [8, 14, 9, 13], [10, 19, 11, 20], [12, 8, 13, 7], [14, 21, 15, 22], [16, 24, 17, 23], [18, 1, 19, 2], [20, 11, 21, 12], [22, 5, 23, 6], [24, 4, 1, 3], [2, 17, 3, 18], [4, 16, 5, 15]]"
12a_0077_60,"[[5, 17, 6, 16], [7, 11, 8, 10], [9, 15, 10, 14], [11, 20, 12, 21], [13, 9, 14, 8], [15, 22, 16, 23], [17, 1, 18, 24], [19, 2, 20, 3], [21, 12, 22, 13], [23, 6, 24, 7], [1, 5, 2, 4], [3, 18, 4, 19]]"
12a_0077_61,"[[3, 18, 4, 19], [5, 17, 6, 16], [7, 11, 8, 10], [9, 15, 10, 14], [11, 20, 12, 21], [13, 9, 14, 8], [15, 22, 16, 23], [17, 1, 18, 24], [19, 2, 20, 3], [21, 12, 22, 13], [23, 6, 24, 7], [1, 5, 2, 4]]"
12a_0077_62,"[[1, 5, 2, 4], [3, 18, 4, 19], [5, 17, 6, 16], [7, 11, 8, 10], [9, 15, 10, 14], [11, 20, 12, 21], [13, 9, 14, 8], [15, 22, 16, 23], [17, 1, 18, 24], [19, 2, 20, 3], [21, 12, 22, 13], [23, 6, 24, 7]]"
12a_0077_63,"[[23, 6, 24, 7], [1, 5, 2, 4], [3, 18, 4, 19], [5, 17, 6, 16], [7, 11, 8, 10], [9, 15, 10, 14], [11, 20, 12, 21], [13, 9, 14, 8], [15, 22, 16, 23], [17, 1, 18, 24], [19, 2, 20, 3], [21, 12, 22, 13]]"
12a_0077_64,"[[21, 12, 22, 13], [23, 6, 24, 7], [1, 5, 2, 4], [3, 18, 4, 19], [5, 17, 6, 16], [7, 11, 8, 10], [9, 15, 10, 14], [11, 20, 12, 21], [13, 9, 14, 8], [15, 22, 16, 23], [17, 1, 18, 24], [19, 2, 20, 3]]"
12a_0077_65,"[[19, 2, 20, 3], [21, 12, 22, 13], [23, 6, 24, 7], [1, 5, 2, 4], [3, 18, 4, 19], [5, 17, 6, 16], [7, 11, 8, 10], [9, 15, 10, 14], [11, 20, 12, 21], [13, 9, 14, 8], [15, 22, 16, 23], [17, 1, 18, 24]]"
12a_0077_66,"[[17, 1, 18, 24], [19, 2, 20, 3], [21, 12, 22, 13], [23, 6, 24, 7], [1, 5, 2, 4], [3, 18, 4, 19], [5, 17, 6, 16], [7, 11, 8, 10], [9, 15, 10, 14], [11, 20, 12, 21], [13, 9, 14, 8], [15, 22, 16, 23]]"
12a_0077_67,"[[15, 22, 16, 23], [17, 1, 18, 24], [19, 2, 20, 3], [21, 12, 22, 13], [23, 6, 24, 7], [1, 5, 2, 4], [3, 18, 4, 19], [5, 17, 6, 16], [7, 11, 8, 10], [9, 15, 10, 14], [11, 20, 12, 21], [13, 9, 14, 8]]"
12a_0077_68,"[[13, 9, 14, 8], [15, 22, 16, 23], [17, 1, 18, 24], [19, 2, 20, 3], [21, 12, 22, 13], [23, 6, 24, 7], [1, 5, 2, 4], [3, 18, 4, 19], [5, 17, 6, 16], [7, 11, 8, 10], [9, 15, 10, 14], [11, 20, 12, 21]]"
12a_0077_69,"[[11, 20, 12, 21], [13, 9, 14, 8], [15, 22, 16, 23], [17, 1, 18, 24], [19, 2, 20, 3], [21, 12, 22, 13], [23, 6, 24, 7], [1, 5, 2, 4], [3, 18, 4, 19], [5, 17, 6, 16], [7, 11, 8, 10], [9, 15, 10, 14]]"
12a_0077_70,"[[9, 15, 10, 14], [11, 20, 12, 21], [13, 9, 14, 8], [15, 22, 16, 23], [17, 1, 18, 24], [19, 2, 20, 3], [21, 12, 22, 13], [23, 6, 24, 7], [1, 5, 2, 4], [3, 18, 4, 19], [5, 17, 6, 16], [7, 11, 8, 10]]"
12a_0077_71,"[[7, 11, 8, 10], [9, 15, 10, 14], [11, 20, 12, 21], [13, 9, 14, 8], [15, 22, 16, 23], [17, 1, 18, 24], [19, 2, 20, 3], [21, 12, 22, 13], [23, 6, 24, 7], [1, 5, 2, 4], [3, 18, 4, 19], [5, 17, 6, 16]]"
12a_0077_72,"[[6, 18, 7, 17], [8, 12, 9, 11], [10, 16, 11, 15], [12, 21, 13, 22], [14, 10, 15, 9], [16, 23, 17, 24], [18, 2, 19, 1], [20, 3, 21, 4], [22, 13, 23, 14], [24, 7, 1, 8], [2, 6, 3, 5], [4, 19, 5, 20]]"
12a_0077_73,"[[4, 19, 5, 20], [6, 18, 7, 17], [8, 12, 9, 11], [10, 16, 11, 15], [12, 21, 13, 22], [14, 10, 15, 9], [16, 23, 17, 24], [18, 2, 19, 1], [20, 3, 21, 4], [22, 13, 23, 14], [24, 7, 1, 8], [2, 6, 3, 5]]"
12a_0077_74,"[[2, 6, 3, 5], [4, 19, 5, 20], [6, 18, 7, 17], [8, 12, 9, 11], [10, 16, 11, 15], [12, 21, 13, 22], [14, 10, 15, 9], [16, 23, 17, 24], [18, 2, 19, 1], [20, 3, 21, 4], [22, 13, 23, 14], [24, 7, 1, 8]]"
12a_0077_75,"[[24, 7, 1, 8], [2, 6, 3, 5], [4, 19, 5, 20], [6, 18, 7, 17], [8, 12, 9, 11], [10, 16, 11, 15], [12, 21, 13, 22], [14, 10, 15, 9], [16, 23, 17, 24], [18, 2, 19, 1], [20, 3, 21, 4], [22, 13, 23, 14]]"
12a_0077_76,"[[22, 13, 23, 14], [24, 7, 1, 8], [2, 6, 3, 5], [4, 19, 5, 20], [6, 18, 7, 17], [8, 12, 9, 11], [10, 16, 11, 15], [12, 21, 13, 22], [14, 10, 15, 9], [16, 23, 17, 24], [18, 2, 19, 1], [20, 3, 21, 4]]"
12a_0077_77,"[[20, 3, 21, 4], [22, 13, 23, 14], [24, 7, 1, 8], [2, 6, 3, 5], [4, 19, 5, 20], [6, 18, 7, 17], [8, 12, 9, 11], [10, 16, 11, 15], [12, 21, 13, 22], [14, 10, 15, 9], [16, 23, 17, 24], [18, 2, 19, 1]]"
12a_0077_78,"[[18, 2, 19, 1], [20, 3, 21, 4], [22, 13, 23, 14], [24, 7, 1, 8], [2, 6, 3, 5], [4, 19, 5, 20], [6, 18, 7, 17], [8, 12, 9, 11], [10, 16, 11, 15], [12, 21, 13, 22], [14, 10, 15, 9], [16, 23, 17, 24]]"
12a_0077_79,"[[16, 23, 17, 24], [18, 2, 19, 1], [20, 3, 21, 4], [22, 13, 23, 14], [24, 7, 1, 8], [2, 6, 3, 5], [4, 19, 5, 20], [6, 18, 7, 17], [8, 12, 9, 11], [10, 16, 11, 15], [12, 21, 13, 22], [14, 10, 15, 9]]"
12a_0077_80,"[[14, 10, 15, 9], [16, 23, 17, 24], [18, 2, 19, 1], [20, 3, 21, 4], [22, 13, 23, 14], [24, 7, 1, 8], [2, 6, 3, 5], [4, 19, 5, 20], [6, 18, 7, 17], [8, 12, 9, 11], [10, 16, 11, 15], [12, 21, 13, 22]]"
12a_0077_81,"[[12, 21, 13, 22], [14, 10, 15, 9], [16, 23, 17, 24], [18, 2, 19, 1], [20, 3, 21, 4], [22, 13, 23, 14], [24, 7, 1, 8], [2, 6, 3, 5], [4, 19, 5, 20], [6, 18, 7, 17], [8, 12, 9, 11], [10, 16, 11, 15]]"
12a_0077_82,"[[10, 16, 11, 15], [12, 21, 13, 22], [14, 10, 15, 9], [16, 23, 17, 24], [18, 2, 19, 1], [20, 3, 21, 4], [22, 13, 23, 14], [24, 7, 1, 8], [2, 6, 3, 5], [4, 19, 5, 20], [6, 18, 7, 17], [8, 12, 9, 11]]"
12a_0077_83,"[[8, 12, 9, 11], [10, 16, 11, 15], [12, 21, 13, 22], [14, 10, 15, 9], [16, 23, 17, 24], [18, 2, 19, 1], [20, 3, 21, 4], [22, 13, 23, 14], [24, 7, 1, 8], [2, 6, 3, 5], [4, 19, 5, 20], [6, 18, 7, 17]]"
12a_0077_84,"[[7, 19, 8, 18], [9, 13, 10, 12], [11, 17, 12, 16], [13, 22, 14, 23], [15, 11, 16, 10], [17, 24, 18, 1], [19, 3, 20, 2], [21, 4, 22, 5], [23, 14, 24, 15], [1, 8, 2, 9], [3, 7, 4, 6], [5, 20, 6, 21]]"
12a_0077_85,"[[5, 20, 6, 21], [7, 19, 8, 18], [9, 13, 10, 12], [11, 17, 12, 16], [13, 22, 14, 23], [15, 11, 16, 10], [17, 24, 18, 1], [19, 3, 20, 2], [21, 4, 22, 5], [23, 14, 24, 15], [1, 8, 2, 9], [3, 7, 4, 6]]"
12a_0077_86,"[[3, 7, 4, 6], [5, 20, 6, 21], [7, 19, 8, 18], [9, 13, 10, 12], [11, 17, 12, 16], [13, 22, 14, 23], [15, 11, 16, 10], [17, 24, 18, 1], [19, 3, 20, 2], [21, 4, 22, 5], [23, 14, 24, 15], [1, 8, 2, 9]]"
12a_0077_87,"[[1, 8, 2, 9], [3, 7, 4, 6], [5, 20, 6, 21], [7, 19, 8, 18], [9, 13, 10, 12], [11, 17, 12, 16], [13, 22, 14, 23], [15, 11, 16, 10], [17, 24, 18, 1], [19, 3, 20, 2], [21, 4, 22, 5], [23, 14, 24, 15]]"
12a_0077_88,"[[23, 14, 24, 15], [1, 8, 2, 9], [3, 7, 4, 6], [5, 20, 6, 21], [7, 19, 8, 18], [9, 13, 10, 12], [11, 17, 12, 16], [13, 22, 14, 23], [15, 11, 16, 10], [17, 24, 18, 1], [19, 3, 20, 2], [21, 4, 22, 5]]"
12a_0077_89,"[[21, 4, 22, 5], [23, 14, 24, 15], [1, 8, 2, 9], [3, 7, 4, 6], [5, 20, 6, 21], [7, 19, 8, 18], [9, 13, 10, 12], [11, 17, 12, 16], [13, 22, 14, 23], [15, 11, 16, 10], [17, 24, 18, 1], [19, 3, 20, 2]]"
12a_0077_90,"[[19, 3, 20, 2], [21, 4, 22, 5], [23, 14, 24, 15], [1, 8, 2, 9], [3, 7, 4, 6], [5, 20, 6, 21], [7, 19, 8, 18], [9, 13, 10, 12], [11, 17, 12, 16], [13, 22, 14, 23], [15, 11, 16, 10], [17, 24, 18, 1]]"
12a_0077_91,"[[17, 24, 18, 1], [19, 3, 20, 2], [21, 4, 22, 5], [23, 14, 24, 15], [1, 8, 2, 9], [3, 7, 4, 6], [5, 20, 6, 21], [7, 19, 8, 18], [9, 13, 10, 12], [11, 17, 12, 16], [13, 22, 14, 23], [15, 11, 16, 10]]"
12a_0077_92,"[[15, 11, 16, 10], [17, 24, 18, 1], [19, 3, 20, 2], [21, 4, 22, 5], [23, 14, 24, 15], [1, 8, 2, 9], [3, 7, 4, 6], [5, 20, 6, 21], [7, 19, 8, 18], [9, 13, 10, 12], [11, 17, 12, 16], [13, 22, 14, 23]]"
12a_0077_93,"[[13, 22, 14, 23], [15, 11, 16, 10], [17, 24, 18, 1], [19, 3, 20, 2], [21, 4, 22, 5], [23, 14, 24, 15], [1, 8, 2, 9], [3, 7, 4, 6], [5, 20, 6, 21], [7, 19, 8, 18], [9, 13, 10, 12], [11, 17, 12, 16]]"
12a_0077_94,"[[11, 17, 12, 16], [13, 22, 14, 23], [15, 11, 16, 10], [17, 24, 18, 1], [19, 3, 20, 2], [21, 4, 22, 5], [23, 14, 24, 15], [1, 8, 2, 9], [3, 7, 4, 6], [5, 20, 6, 21], [7, 19, 8, 18], [9, 13, 10, 12]]"
12a_0077_95,"[[9, 13, 10, 12], [11, 17, 12, 16], [13, 22, 14, 23], [15, 11, 16, 10], [17, 24, 18, 1], [19, 3, 20, 2], [21, 4, 22, 5], [23, 14, 24, 15], [1, 8, 2, 9], [3, 7, 4, 6], [5, 20, 6, 21], [7, 19, 8, 18]]"
12a_0077_96,"[[8, 20, 9, 19], [10, 14, 11, 13], [12, 18, 13, 17], [14, 23, 15, 24], [16, 12, 17, 11], [18, 1, 19, 2], [20, 4, 21, 3], [22, 5, 23, 6], [24, 15, 1, 16], [2, 9, 3, 10], [4, 8, 5, 7], [6, 21, 7, 22]]"
12a_0077_97,"[[6, 21, 7, 22], [8, 20, 9, 19], [10, 14, 11, 13], [12, 18, 13, 17], [14, 23, 15, 24], [16, 12, 17, 11], [18, 1, 19, 2], [20, 4, 21, 3], [22, 5, 23, 6], [24, 15, 1, 16], [2, 9, 3, 10], [4, 8, 5, 7]]"
12a_0077_98,"[[4, 8, 5, 7], [6, 21, 7, 22], [8, 20, 9, 19], [10, 14, 11, 13], [12, 18, 13, 17], [14, 23, 15, 24], [16, 12, 17, 11], [18, 1, 19, 2], [20, 4, 21, 3], [22, 5, 23, 6], [24, 15, 1, 16], [2, 9, 3, 10]]"
12a_0077_99,"[[2, 9, 3, 10], [4, 8, 5, 7], [6, 21, 7, 22], [8, 20, 9, 19], [10, 14, 11, 13], [12, 18, 13, 17], [14, 23, 15, 24], [16, 12, 17, 11], [18, 1, 19, 2], [20, 4, 21, 3], [22, 5, 23, 6], [24, 15, 1, 16]]"
12a_0077_100,"[[24, 15, 1, 16], [2, 9, 3, 10], [4, 8, 5, 7], [6, 21, 7, 22], [8, 20, 9, 19], [10, 14, 11, 13], [12, 18, 13, 17], [14, 23, 15, 24], [16, 12, 17, 11], [18, 1, 19, 2], [20, 4, 21, 3], [22, 5, 23, 6]]"
12a_0077_101,"[[22, 5, 23, 6], [24, 15, 1, 16], [2, 9, 3, 10], [4, 8, 5, 7], [6, 21, 7, 22], [8, 20, 9, 19], [10, 14, 11, 13], [12, 18, 13, 17], [14, 23, 15, 24], [16, 12, 17, 11], [18, 1, 19, 2], [20, 4, 21, 3]]"
12a_0077_102,"[[20, 4, 21, 3], [22, 5, 23, 6], [24, 15, 1, 16], [2, 9, 3, 10], [4, 8, 5, 7], [6, 21, 7, 22], [8, 20, 9, 19], [10, 14, 11, 13], [12, 18, 13, 17], [14, 23, 15, 24], [16, 12, 17, 11], [18, 1, 19, 2]]"
12a_0077_103,"[[18, 1, 19, 2], [20, 4, 21, 3], [22, 5, 23, 6], [24, 15, 1, 16], [2, 9, 3, 10], [4, 8, 5, 7], [6, 21, 7, 22], [8, 20, 9, 19], [10, 14, 11, 13], [12, 18, 13, 17], [14, 23, 15, 24], [16, 12, 17, 11]]"
12a_0077_104,"[[16, 12, 17, 11], [18, 1, 19, 2], [20, 4, 21, 3], [22, 5, 23, 6], [24, 15, 1, 16], [2, 9, 3, 10], [4, 8, 5, 7], [6, 21, 7, 22], [8, 20, 9, 19], [10, 14, 11, 13], [12, 18, 13, 17], [14, 23, 15, 24]]"
12a_0077_105,"[[14, 23, 15, 24], [16, 12, 17, 11], [18, 1, 19, 2], [20, 4, 21, 3], [22, 5, 23, 6], [24, 15, 1, 16], [2, 9, 3, 10], [4, 8, 5, 7], [6, 21, 7, 22], [8, 20, 9, 19], [10, 14, 11, 13], [12, 18, 13, 17]]"
12a_0077_106,"[[12, 18, 13, 17], [14, 23, 15, 24], [16, 12, 17, 11], [18, 1, 19, 2], [20, 4, 21, 3], [22, 5, 23, 6], [24, 15, 1, 16], [2, 9, 3, 10], [4, 8, 5, 7], [6, 21, 7, 22], [8, 20, 9, 19], [10, 14, 11, 13]]"
12a_0077_107,"[[10, 14, 11, 13], [12, 18, 13, 17], [14, 23, 15, 24], [16, 12, 17, 11], [18, 1, 19, 2], [20, 4, 21, 3], [22, 5, 23, 6], [24, 15, 1, 16], [2, 9, 3, 10], [4, 8, 5, 7], [6, 21, 7, 22], [8, 20, 9, 19]]"
12a_0077_108,"[[9, 21, 10, 20], [11, 15, 12, 14], [13, 19, 14, 18], [15, 24, 16, 1], [17, 13, 18, 12], [19, 2, 20, 3], [21, 5, 22, 4], [23, 6, 24, 7], [1, 16, 2, 17], [3, 10, 4, 11], [5, 9, 6, 8], [7, 22, 8, 23]]"
12a_0077_109,"[[7, 22, 8, 23], [9, 21, 10, 20], [11, 15, 12, 14], [13, 19, 14, 18], [15, 24, 16, 1], [17, 13, 18, 12], [19, 2, 20, 3], [21, 5, 22, 4], [23, 6, 24, 7], [1, 16, 2, 17], [3, 10, 4, 11], [5, 9, 6, 8]]"
12a_0077_110,"[[5, 9, 6, 8], [7, 22, 8, 23], [9, 21, 10, 20], [11, 15, 12, 14], [13, 19, 14, 18], [15, 24, 16, 1], [17, 13, 18, 12], [19, 2, 20, 3], [21, 5, 22, 4], [23, 6, 24, 7], [1, 16, 2, 17], [3, 10, 4, 11]]"
12a_0077_111,"[[3, 10, 4, 11], [5, 9, 6, 8], [7, 22, 8, 23], [9, 21, 10, 20], [11, 15, 12, 14], [13, 19, 14, 18], [15, 24, 16, 1], [17, 13, 18, 12], [19, 2, 20, 3], [21, 5, 22, 4], [23, 6, 24, 7], [1, 16, 2, 17]]"
12a_0077_112,"[[1, 16, 2, 17], [3, 10, 4, 11], [5, 9, 6, 8], [7, 22, 8, 23], [9, 21, 10, 20], [11, 15, 12, 14], [13, 19, 14, 18], [15, 24, 16, 1], [17, 13, 18, 12], [19, 2, 20, 3], [21, 5, 22, 4], [23, 6, 24, 7]]"
12a_0077_113,"[[23, 6, 24, 7], [1, 16, 2, 17], [3, 10, 4, 11], [5, 9, 6, 8], [7, 22, 8, 23], [9, 21, 10, 20], [11, 15, 12, 14], [13, 19, 14, 18], [15, 24, 16, 1], [17, 13, 18, 12], [19, 2, 20, 3], [21, 5, 22, 4]]"
12a_0077_114,"[[21, 5, 22, 4], [23, 6, 24, 7], [1, 16, 2, 17], [3, 10, 4, 11], [5, 9, 6, 8], [7, 22, 8, 23], [9, 21, 10, 20], [11, 15, 12, 14], [13, 19, 14, 18], [15, 24, 16, 1], [17, 13, 18, 12], [19, 2, 20, 3]]"
12a_0077_115,"[[19, 2, 20, 3], [21, 5, 22, 4], [23, 6, 24, 7], [1, 16, 2, 17], [3, 10, 4, 11], [5, 9, 6, 8], [7, 22, 8, 23], [9, 21, 10, 20], [11, 15, 12, 14], [13, 19, 14, 18], [15, 24, 16, 1], [17, 13, 18, 12]]"
12a_0077_116,"[[17, 13, 18, 12], [19, 2, 20, 3], [21, 5, 22, 4], [23, 6, 24, 7], [1, 16, 2, 17], [3, 10, 4, 11], [5, 9, 6, 8], [7, 22, 8, 23], [9, 21, 10, 20], [11, 15, 12, 14], [13, 19, 14, 18], [15, 24, 16, 1]]"
12a_0077_117,"[[15, 24, 16, 1], [17, 13, 18, 12], [19, 2, 20, 3], [21, 5, 22, 4], [23, 6, 24, 7], [1, 16, 2, 17], [3, 10, 4, 11], [5, 9, 6, 8], [7, 22, 8, 23], [9, 21, 10, 20], [11, 15, 12, 14], [13, 19, 14, 18]]"
12a_0077_118,"[[13, 19, 14, 18], [15, 24, 16, 1], [17, 13, 18, 12], [19, 2, 20, 3], [21, 5, 22, 4], [23, 6, 24, 7], [1, 16, 2, 17], [3, 10, 4, 11], [5, 9, 6, 8], [7, 22, 8, 23], [9, 21, 10, 20], [11, 15, 12, 14]]"
12a_0077_119,"[[11, 15, 12, 14], [13, 19, 14, 18], [15, 24, 16, 1], [17, 13, 18, 12], [19, 2, 20, 3], [21, 5, 22, 4], [23, 6, 24, 7], [1, 16, 2, 17], [3, 10, 4, 11], [5, 9, 6, 8], [7, 22, 8, 23], [9, 21, 10, 20]]"
12a_0077_120,"[[10, 22, 11, 21], [12, 16, 13, 15], [14, 20, 15, 19], [16, 1, 17, 2], [18, 14, 19, 13], [20, 3, 21, 4], [22, 6, 23, 5], [24, 7, 1, 8], [2, 17, 3, 18], [4, 11, 5, 12], [6, 10, 7, 9], [8, 23, 9, 24]]"
12a_0077_121,"[[8, 23, 9, 24], [10, 22, 11, 21], [12, 16, 13, 15], [14, 20, 15, 19], [16, 1, 17, 2], [18, 14, 19, 13], [20, 3, 21, 4], [22, 6, 23, 5], [24, 7, 1, 8], [2, 17, 3, 18], [4, 11, 5, 12], [6, 10, 7, 9]]"
12a_0077_122,"[[6, 10, 7, 9], [8, 23, 9, 24], [10, 22, 11, 21], [12, 16, 13, 15], [14, 20, 15, 19], [16, 1, 17, 2], [18, 14, 19, 13], [20, 3, 21, 4], [22, 6, 23, 5], [24, 7, 1, 8], [2, 17, 3, 18], [4, 11, 5, 12]]"
12a_0077_123,"[[4, 11, 5, 12], [6, 10, 7, 9], [8, 23, 9, 24], [10, 22, 11, 21], [12, 16, 13, 15], [14, 20, 15, 19], [16, 1, 17, 2], [18, 14, 19, 13], [20, 3, 21, 4], [22, 6, 23, 5], [24, 7, 1, 8], [2, 17, 3, 18]]"
12a_0077_124,"[[2, 17, 3, 18], [4, 11, 5, 12], [6, 10, 7, 9], [8, 23, 9, 24], [10, 22, 11, 21], [12, 16, 13, 15], [14, 20, 15, 19], [16, 1, 17, 2], [18, 14, 19, 13], [20, 3, 21, 4], [22, 6, 23, 5], [24, 7, 1, 8]]"
12a_0077_125,"[[24, 7, 1, 8], [2, 17, 3, 18], [4, 11, 5, 12], [6, 10, 7, 9], [8, 23, 9, 24], [10, 22, 11, 21], [12, 16, 13, 15], [14, 20, 15, 19], [16, 1, 17, 2], [18, 14, 19, 13], [20, 3, 21, 4], [22, 6, 23, 5]]"
12a_0077_126,"[[22, 6, 23, 5], [24, 7, 1, 8], [2, 17, 3, 18], [4, 11, 5, 12], [6, 10, 7, 9], [8, 23, 9, 24], [10, 22, 11, 21], [12, 16, 13, 15], [14, 20, 15, 19], [16, 1, 17, 2], [18, 14, 19, 13], [20, 3, 21, 4]]"
12a_0077_127,"[[20, 3, 21, 4], [22, 6, 23, 5], [24, 7, 1, 8], [2, 17, 3, 18], [4, 11, 5, 12], [6, 10, 7, 9], [8, 23, 9, 24], [10, 22, 11, 21], [12, 16, 13, 15], [14, 20, 15, 19], [16, 1, 17, 2], [18, 14, 19, 13]]"
12a_0077_128,"[[18, 14, 19, 13], [20, 3, 21, 4], [22, 6, 23, 5], [24, 7, 1, 8], [2, 17, 3, 18], [4, 11, 5, 12], [6, 10, 7, 9], [8, 23, 9, 24], [10, 22, 11, 21], [12, 16, 13, 15], [14, 20, 15, 19], [16, 1, 17, 2]]"
12a_0077_129,"[[16, 1, 17, 2], [18, 14, 19, 13], [20, 3, 21, 4], [22, 6, 23, 5], [24, 7, 1, 8], [2, 17, 3, 18], [4, 11, 5, 12], [6, 10, 7, 9], [8, 23, 9, 24], [10, 22, 11, 21], [12, 16, 13, 15], [14, 20, 15, 19]]"
12a_0077_130,"[[14, 20, 15, 19], [16, 1, 17, 2], [18, 14, 19, 13], [20, 3, 21, 4], [22, 6, 23, 5], [24, 7, 1, 8], [2, 17, 3, 18], [4, 11, 5, 12], [6, 10, 7, 9], [8, 23, 9, 24], [10, 22, 11, 21], [12, 16, 13, 15]]"
12a_0077_131,"[[12, 16, 13, 15], [14, 20, 15, 19], [16, 1, 17, 2], [18, 14, 19, 13], [20, 3, 21, 4], [22, 6, 23, 5], [24, 7, 1, 8], [2, 17, 3, 18], [4, 11, 5, 12], [6, 10, 7, 9], [8, 23, 9, 24], [10, 22, 11, 21]]"
12a_0077_132,"[[11, 23, 12, 22], [13, 17, 14, 16], [15, 21, 16, 20], [17, 2, 18, 3], [19, 15, 20, 14], [21, 4, 22, 5], [23, 7, 24, 6], [1, 8, 2, 9], [3, 18, 4, 19], [5, 12, 6, 13], [7, 11, 8, 10], [9, 24, 10, 1]]"
12a_0077_133,"[[9, 24, 10, 1], [11, 23, 12, 22], [13, 17, 14, 16], [15, 21, 16, 20], [17, 2, 18, 3], [19, 15, 20, 14], [21, 4, 22, 5], [23, 7, 24, 6], [1, 8, 2, 9], [3, 18, 4, 19], [5, 12, 6, 13], [7, 11, 8, 10]]"
12a_0077_134,"[[7, 11, 8, 10], [9, 24, 10, 1], [11, 23, 12, 22], [13, 17, 14, 16], [15, 21, 16, 20], [17, 2, 18, 3], [19, 15, 20, 14], [21, 4, 22, 5], [23, 7, 24, 6], [1, 8, 2, 9], [3, 18, 4, 19], [5, 12, 6, 13]]"
12a_0077_135,"[[5, 12, 6, 13], [7, 11, 8, 10], [9, 24, 10, 1], [11, 23, 12, 22], [13, 17, 14, 16], [15, 21, 16, 20], [17, 2, 18, 3], [19, 15, 20, 14], [21, 4, 22, 5], [23, 7, 24, 6], [1, 8, 2, 9], [3, 18, 4, 19]]"
12a_0077_136,"[[3, 18, 4, 19], [5, 12, 6, 13], [7, 11, 8, 10], [9, 24, 10, 1], [11, 23, 12, 22], [13, 17, 14, 16], [15, 21, 16, 20], [17, 2, 18, 3], [19, 15, 20, 14], [21, 4, 22, 5], [23, 7, 24, 6], [1, 8, 2, 9]]"
12a_0077_137,"[[1, 8, 2, 9], [3, 18, 4, 19], [5, 12, 6, 13], [7, 11, 8, 10], [9, 24, 10, 1], [11, 23, 12, 22], [13, 17, 14, 16], [15, 21, 16, 20], [17, 2, 18, 3], [19, 15, 20, 14], [21, 4, 22, 5], [23, 7, 24, 6]]"
12a_0077_138,"[[23, 7, 24, 6], [1, 8, 2, 9], [3, 18, 4, 19], [5, 12, 6, 13], [7, 11, 8, 10], [9, 24, 10, 1], [11, 23, 12, 22], [13, 17, 14, 16], [15, 21, 16, 20], [17, 2, 18, 3], [19, 15, 20, 14], [21, 4, 22, 5]]"
12a_0077_139,"[[21, 4, 22, 5], [23, 7, 24, 6], [1, 8, 2, 9], [3, 18, 4, 19], [5, 12, 6, 13], [7, 11, 8, 10], [9, 24, 10, 1], [11, 23, 12, 22], [13, 17, 14, 16], [15, 21, 16, 20], [17, 2, 18, 3], [19, 15, 20, 14]]"
12a_0077_140,"[[19, 15, 20, 14], [21, 4, 22, 5], [23, 7, 24, 6], [1, 8, 2, 9], [3, 18, 4, 19], [5, 12, 6, 13], [7, 11, 8, 10], [9, 24, 10, 1], [11, 23, 12, 22], [13, 17, 14, 16], [15, 21, 16, 20], [17, 2, 18, 3]]"
12a_0077_141,"[[17, 2, 18, 3], [19, 15, 20, 14], [21, 4, 22, 5], [23, 7, 24, 6], [1, 8, 2, 9], [3, 18, 4, 19], [5, 12, 6, 13], [7, 11, 8, 10], [9, 24, 10, 1], [11, 23, 12, 22], [13, 17, 14, 16], [15, 21, 16, 20]]"
12a_0077_142,"[[15, 21, 16, 20], [17, 2, 18, 3], [19, 15, 20, 14], [21, 4, 22, 5], [23, 7, 24, 6], [1, 8, 2, 9], [3, 18, 4, 19], [5, 12, 6, 13], [7, 11, 8, 10], [9, 24, 10, 1], [11, 23, 12, 22], [13, 17, 14, 16]]"
12a_0077_143,"[[13, 17, 14, 16], [15, 21, 16, 20], [17, 2, 18, 3], [19, 15, 20, 14], [21, 4, 22, 5], [23, 7, 24, 6], [1, 8, 2, 9], [3, 18, 4, 19], [5, 12, 6, 13], [7, 11, 8, 10], [9, 24, 10, 1], [11, 23, 12, 22]]"
12a_0077_144,"[[12, 24, 13, 23], [14, 18, 15, 17], [16, 22, 17, 21], [18, 3, 19, 4], [20, 16, 21, 15], [22, 5, 23, 6], [24, 8, 1, 7], [2, 9, 3, 10], [4, 19, 5, 20], [6, 13, 7, 14], [8, 12, 9, 11], [10, 1, 11, 2]]"
12a_0077_145,"[[10, 1, 11, 2], [12, 24, 13, 23], [14, 18, 15, 17], [16, 22, 17, 21], [18, 3, 19, 4], [20, 16, 21, 15], [22, 5, 23, 6], [24, 8, 1, 7], [2, 9, 3, 10], [4, 19, 5, 20], [6, 13, 7, 14], [8, 12, 9, 11]]"
12a_0077_146,"[[8, 12, 9, 11], [10, 1, 11, 2], [12, 24, 13, 23], [14, 18, 15, 17], [16, 22, 17, 21], [18, 3, 19, 4], [20, 16, 21, 15], [22, 5, 23, 6], [24, 8, 1, 7], [2, 9, 3, 10], [4, 19, 5, 20], [6, 13, 7, 14]]"
12a_0077_147,"[[6, 13, 7, 14], [8, 12, 9, 11], [10, 1, 11, 2], [12, 24, 13, 23], [14, 18, 15, 17], [16, 22, 17, 21], [18, 3, 19, 4], [20, 16, 21, 15], [22, 5, 23, 6], [24, 8, 1, 7], [2, 9, 3, 10], [4, 19, 5, 20]]"
12a_0077_148,"[[4, 19, 5, 20], [6, 13, 7, 14], [8, 12, 9, 11], [10, 1, 11, 2], [12, 24, 13, 23], [14, 18, 15, 17], [16, 22, 17, 21], [18, 3, 19, 4], [20, 16, 21, 15], [22, 5, 23, 6], [24, 8, 1, 7], [2, 9, 3, 10]]"
12a_0077_149,"[[2, 9, 3, 10], [4, 19, 5, 20], [6, 13, 7, 14], [8, 12, 9, 11], [10, 1, 11, 2], [12, 24, 13, 23], [14, 18, 15, 17], [16, 22, 17, 21], [18, 3, 19, 4], [20, 16, 21, 15], [22, 5, 23, 6], [24, 8, 1, 7]]"
12a_0077_150,"[[24, 8, 1, 7], [2, 9, 3, 10], [4, 19, 5, 20], [6, 13, 7, 14], [8, 12, 9, 11], [10, 1, 11, 2], [12, 24, 13, 23], [14, 18, 15, 17], [16, 22, 17, 21], [18, 3, 19, 4], [20, 16, 21, 15], [22, 5, 23, 6]]"
12a_0077_151,"[[22, 5, 23, 6], [24, 8, 1, 7], [2, 9, 3, 10], [4, 19, 5, 20], [6, 13, 7, 14], [8, 12, 9, 11], [10, 1, 11, 2], [12, 24, 13, 23], [14, 18, 15, 17], [16, 22, 17, 21], [18, 3, 19, 4], [20, 16, 21, 15]]"
12a_0077_152,"[[20, 16, 21, 15], [22, 5, 23, 6], [24, 8, 1, 7], [2, 9, 3, 10], [4, 19, 5, 20], [6, 13, 7, 14], [8, 12, 9, 11], [10, 1, 11, 2], [12, 24, 13, 23], [14, 18, 15, 17], [16, 22, 17, 21], [18, 3, 19, 4]]"
12a_0077_153,"[[18, 3, 19, 4], [20, 16, 21, 15], [22, 5, 23, 6], [24, 8, 1, 7], [2, 9, 3, 10], [4, 19, 5, 20], [6, 13, 7, 14], [8, 12, 9, 11], [10, 1, 11, 2], [12, 24, 13, 23], [14, 18, 15, 17], [16, 22, 17, 21]]"
12a_0077_154,"[[16, 22, 17, 21], [18, 3, 19, 4], [20, 16, 21, 15], [22, 5, 23, 6], [24, 8, 1, 7], [2, 9, 3, 10], [4, 19, 5, 20], [6, 13, 7, 14], [8, 12, 9, 11], [10, 1, 11, 2], [12, 24, 13, 23], [14, 18, 15, 17]]"
12a_0077_155,"[[14, 18, 15, 17], [16, 22, 17, 21], [18, 3, 19, 4], [20, 16, 21, 15], [22, 5, 23, 6], [24, 8, 1, 7], [2, 9, 3, 10], [4, 19, 5, 20], [6, 13, 7, 14], [8, 12, 9, 11], [10, 1, 11, 2], [12, 24, 13, 23]]"
12a_0077_156,"[[13, 1, 14, 24], [15, 19, 16, 18], [17, 23, 18, 22], [19, 4, 20, 5], [21, 17, 22, 16], [23, 6, 24, 7], [1, 9, 2, 8], [3, 10, 4, 11], [5, 20, 6, 21], [7, 14, 8, 15], [9, 13, 10, 12], [11, 2, 12, 3]]"
12a_0077_157,"[[11, 2, 12, 3], [13, 1, 14, 24], [15, 19, 16, 18], [17, 23, 18, 22], [19, 4, 20, 5], [21, 17, 22, 16], [23, 6, 24, 7], [1, 9, 2, 8], [3, 10, 4, 11], [5, 20, 6, 21], [7, 14, 8, 15], [9, 13, 10, 12]]"
12a_0077_158,"[[9, 13, 10, 12], [11, 2, 12, 3], [13, 1, 14, 24], [15, 19, 16, 18], [17, 23, 18, 22], [19, 4, 20, 5], [21, 17, 22, 16], [23, 6, 24, 7], [1, 9, 2, 8], [3, 10, 4, 11], [5, 20, 6, 21], [7, 14, 8, 15]]"
12a_0077_159,"[[7, 14, 8, 15], [9, 13, 10, 12], [11, 2, 12, 3], [13, 1, 14, 24], [15, 19, 16, 18], [17, 23, 18, 22], [19, 4, 20, 5], [21, 17, 22, 16], [23, 6, 24, 7], [1, 9, 2, 8], [3, 10, 4, 11], [5, 20, 6, 21]]"
12a_0077_160,"[[5, 20, 6, 21], [7, 14, 8, 15], [9, 13, 10, 12], [11, 2, 12, 3], [13, 1, 14, 24], [15, 19, 16, 18], [17, 23, 18, 22], [19, 4, 20, 5], [21, 17, 22, 16], [23, 6, 24, 7], [1, 9, 2, 8], [3, 10, 4, 11]]"
12a_0077_161,"[[3, 10, 4, 11], [5, 20, 6, 21], [7, 14, 8, 15], [9, 13, 10, 12], [11, 2, 12, 3], [13, 1, 14, 24], [15, 19, 16, 18], [17, 23, 18, 22], [19, 4, 20, 5], [21, 17, 22, 16], [23, 6, 24, 7], [1, 9, 2, 8]]"
12a_0077_162,"[[1, 9, 2, 8], [3, 10, 4, 11], [5, 20, 6, 21], [7, 14, 8, 15], [9, 13, 10, 12], [11, 2, 12, 3], [13, 1, 14, 24], [15, 19, 16, 18], [17, 23, 18, 22], [19, 4, 20, 5], [21, 17, 22, 16], [23, 6, 24, 7]]"
12a_0077_163,"[[23, 6, 24, 7], [1, 9, 2, 8], [3, 10, 4, 11], [5, 20, 6, 21], [7, 14, 8, 15], [9, 13, 10, 12], [11, 2, 12, 3], [13, 1, 14, 24], [15, 19, 16, 18], [17, 23, 18, 22], [19, 4, 20, 5], [21, 17, 22, 16]]"
12a_0077_164,"[[21, 17, 22, 16], [23, 6, 24, 7], [1, 9, 2, 8], [3, 10, 4, 11], [5, 20, 6, 21], [7, 14, 8, 15], [9, 13, 10, 12], [11, 2, 12, 3], [13, 1, 14, 24], [15, 19, 16, 18], [17, 23, 18, 22], [19, 4, 20, 5]]"
12a_0077_165,"[[19, 4, 20, 5], [21, 17, 22, 16], [23, 6, 24, 7], [1, 9, 2, 8], [3, 10, 4, 11], [5, 20, 6, 21], [7, 14, 8, 15], [9, 13, 10, 12], [11, 2, 12, 3], [13, 1, 14, 24], [15, 19, 16, 18], [17, 23, 18, 22]]"
12a_0077_166,"[[17, 23, 18, 22], [19, 4, 20, 5], [21, 17, 22, 16], [23, 6, 24, 7], [1, 9, 2, 8], [3, 10, 4, 11], [5, 20, 6, 21], [7, 14, 8, 15], [9, 13, 10, 12], [11, 2, 12, 3], [13, 1, 14, 24], [15, 19, 16, 18]]"
12a_0077_167,"[[15, 19, 16, 18], [17, 23, 18, 22], [19, 4, 20, 5], [21, 17, 22, 16], [23, 6, 24, 7], [1, 9, 2, 8], [3, 10, 4, 11], [5, 20, 6, 21], [7, 14, 8, 15], [9, 13, 10, 12], [11, 2, 12, 3], [13, 1, 14, 24]]"
12a_0077_168,"[[14, 2, 15, 1], [16, 20, 17, 19], [18, 24, 19, 23], [20, 5, 21, 6], [22, 18, 23, 17], [24, 7, 1, 8], [2, 10, 3, 9], [4, 11, 5, 12], [6, 21, 7, 22], [8, 15, 9, 16], [10, 14, 11, 13], [12, 3, 13, 4]]"
12a_0077_169,"[[12, 3, 13, 4], [14, 2, 15, 1], [16, 20, 17, 19], [18, 24, 19, 23], [20, 5, 21, 6], [22, 18, 23, 17], [24, 7, 1, 8], [2, 10, 3, 9], [4, 11, 5, 12], [6, 21, 7, 22], [8, 15, 9, 16], [10, 14, 11, 13]]"
12a_0077_170,"[[10, 14, 11, 13], [12, 3, 13, 4], [14, 2, 15, 1], [16, 20, 17, 19], [18, 24, 19, 23], [20, 5, 21, 6], [22, 18, 23, 17], [24, 7, 1, 8], [2, 10, 3, 9], [4, 11, 5, 12], [6, 21, 7, 22], [8, 15, 9, 16]]"
12a_0077_171,"[[8, 15, 9, 16], [10, 14, 11, 13], [12, 3, 13, 4], [14, 2, 15, 1], [16, 20, 17, 19], [18, 24, 19, 23], [20, 5, 21, 6], [22, 18, 23, 17], [24, 7, 1, 8], [2, 10, 3, 9], [4, 11, 5, 12], [6, 21, 7, 22]]"
12a_0077_172,"[[6, 21, 7, 22], [8, 15, 9, 16], [10, 14, 11, 13], [12, 3, 13, 4], [14, 2, 15, 1], [16, 20, 17, 19], [18, 24, 19, 23], [20, 5, 21, 6], [22, 18, 23, 17], [24, 7, 1, 8], [2, 10, 3, 9], [4, 11, 5, 12]]"
12a_0077_173,"[[4, 11, 5, 12], [6, 21, 7, 22], [8, 15, 9, 16], [10, 14, 11, 13], [12, 3, 13, 4], [14, 2, 15, 1], [16, 20, 17, 19], [18, 24, 19, 23], [20, 5, 21, 6], [22, 18, 23, 17], [24, 7, 1, 8], [2, 10, 3, 9]]"
12a_0077_174,"[[2, 10, 3, 9], [4, 11, 5, 12], [6, 21, 7, 22], [8, 15, 9, 16], [10, 14, 11, 13], [12, 3, 13, 4], [14, 2, 15, 1], [16, 20, 17, 19], [18, 24, 19, 23], [20, 5, 21, 6], [22, 18, 23, 17], [24, 7, 1, 8]]"
12a_0077_175,"[[24, 7, 1, 8], [2, 10, 3, 9], [4, 11, 5, 12], [6, 21, 7, 22], [8, 15, 9, 16], [10, 14, 11, 13], [12, 3, 13, 4], [14, 2, 15, 1], [16, 20, 17, 19], [18, 24, 19, 23], [20, 5, 21, 6], [22, 18, 23, 17]]"
12a_0077_176,"[[22, 18, 23, 17], [24, 7, 1, 8], [2, 10, 3, 9], [4, 11, 5, 12], [6, 21, 7, 22], [8, 15, 9, 16], [10, 14, 11, 13], [12, 3, 13, 4], [14, 2, 15, 1], [16, 20, 17, 19], [18, 24, 19, 23], [20, 5, 21, 6]]"
12a_0077_177,"[[20, 5, 21, 6], [22, 18, 23, 17], [24, 7, 1, 8], [2, 10, 3, 9], [4, 11, 5, 12], [6, 21, 7, 22], [8, 15, 9, 16], [10, 14, 11, 13], [12, 3, 13, 4], [14, 2, 15, 1], [16, 20, 17, 19], [18, 24, 19, 23]]"
12a_0077_178,"[[18, 24, 19, 23], [20, 5, 21, 6], [22, 18, 23, 17], [24, 7, 1, 8], [2, 10, 3, 9], [4, 11, 5, 12], [6, 21, 7, 22], [8, 15, 9, 16], [10, 14, 11, 13], [12, 3, 13, 4], [14, 2, 15, 1], [16, 20, 17, 19]]"
12a_0077_179,"[[16, 20, 17, 19], [18, 24, 19, 23], [20, 5, 21, 6], [22, 18, 23, 17], [24, 7, 1, 8], [2, 10, 3, 9], [4, 11, 5, 12], [6, 21, 7, 22], [8, 15, 9, 16], [10, 14, 11, 13], [12, 3, 13, 4], [14, 2, 15, 1]]"
12a_0077_180,"[[15, 3, 16, 2], [17, 21, 18, 20], [19, 1, 20, 24], [21, 6, 22, 7], [23, 19, 24, 18], [1, 8, 2, 9], [3, 11, 4, 10], [5, 12, 6, 13], [7, 22, 8, 23], [9, 16, 10, 17], [11, 15, 12, 14], [13, 4, 14, 5]]"
12a_0077_181,"[[13, 4, 14, 5], [15, 3, 16, 2], [17, 21, 18, 20], [19, 1, 20, 24], [21, 6, 22, 7], [23, 19, 24, 18], [1, 8, 2, 9], [3, 11, 4, 10], [5, 12, 6, 13], [7, 22, 8, 23], [9, 16, 10, 17], [11, 15, 12, 14]]"
12a_0077_182,"[[11, 15, 12, 14], [13, 4, 14, 5], [15, 3, 16, 2], [17, 21, 18, 20], [19, 1, 20, 24], [21, 6, 22, 7], [23, 19, 24, 18], [1, 8, 2, 9], [3, 11, 4, 10], [5, 12, 6, 13], [7, 22, 8, 23], [9, 16, 10, 17]]"
12a_0077_183,"[[9, 16, 10, 17], [11, 15, 12, 14], [13, 4, 14, 5], [15, 3, 16, 2], [17, 21, 18, 20], [19, 1, 20, 24], [21, 6, 22, 7], [23, 19, 24, 18], [1, 8, 2, 9], [3, 11, 4, 10], [5, 12, 6, 13], [7, 22, 8, 23]]"
12a_0077_184,"[[7, 22, 8, 23], [9, 16, 10, 17], [11, 15, 12, 14], [13, 4, 14, 5], [15, 3, 16, 2], [17, 21, 18, 20], [19, 1, 20, 24], [21, 6, 22, 7], [23, 19, 24, 18], [1, 8, 2, 9], [3, 11, 4, 10], [5, 12, 6, 13]]"
12a_0077_185,"[[5, 12, 6, 13], [7, 22, 8, 23], [9, 16, 10, 17], [11, 15, 12, 14], [13, 4, 14, 5], [15, 3, 16, 2], [17, 21, 18, 20], [19, 1, 20, 24], [21, 6, 22, 7], [23, 19, 24, 18], [1, 8, 2, 9], [3, 11, 4, 10]]"
