name,pd_notation
12a_0583_0,"[[24, 11, 1, 12], [2, 6, 3, 5], [4, 13, 5, 14], [6, 17, 7, 18], [8, 20, 9, 19], [10, 22, 11, 21], [12, 16, 13, 15], [14, 3, 15, 4], [16, 1, 17, 2], [18, 23, 19, 24], [20, 10, 21, 9], [22, 8, 23, 7]]"
12a_0583_1,"[[22, 8, 23, 7], [24, 11, 1, 12], [2, 6, 3, 5], [4, 13, 5, 14], [6, 17, 7, 18], [8, 20, 9, 19], [10, 22, 11, 21], [12, 16, 13, 15], [14, 3, 15, 4], [16, 1, 17, 2], [18, 23, 19, 24], [20, 10, 21, 9]]"
12a_0583_2,"[[20, 10, 21, 9], [22, 8, 23, 7], [24, 11, 1, 12], [2, 6, 3, 5], [4, 13, 5, 14], [6, 17, 7, 18], [8, 20, 9, 19], [10, 22, 11, 21], [12, 16, 13, 15], [14, 3, 15, 4], [16, 1, 17, 2], [18, 23, 19, 24]]"
12a_0583_3,"[[18, 23, 19, 24], [20, 10, 21, 9], [22, 8, 23, 7], [24, 11, 1, 12], [2, 6, 3, 5], [4, 13, 5, 14], [6, 17, 7, 18], [8, 20, 9, 19], [10, 22, 11, 21], [12, 16, 13, 15], [14, 3, 15, 4], [16, 1, 17, 2]]"
12a_0583_4,"[[16, 1, 17, 2], [18, 23, 19, 24], [20, 10, 21, 9], [22, 8, 23, 7], [24, 11, 1, 12], [2, 6, 3, 5], [4, 13, 5, 14], [6, 17, 7, 18], [8, 20, 9, 19], [10, 22, 11, 21], [12, 16, 13, 15], [14, 3, 15, 4]]"
12a_0583_5,"[[14, 3, 15, 4], [16, 1, 17, 2], [18, 23, 19, 24], [20, 10, 21, 9], [22, 8, 23, 7], [24, 11, 1, 12], [2, 6, 3, 5], [4, 13, 5, 14], [6, 17, 7, 18], [8, 20, 9, 19], [10, 22, 11, 21], [12, 16, 13, 15]]"
12a_0583_6,"[[12, 16, 13, 15], [14, 3, 15, 4], [16, 1, 17, 2], [18, 23, 19, 24], [20, 10, 21, 9], [22, 8, 23, 7], [24, 11, 1, 12], [2, 6, 3, 5], [4, 13, 5, 14], [6, 17, 7, 18], [8, 20, 9, 19], [10, 22, 11, 21]]"
12a_0583_7,"[[10, 22, 11, 21], [12, 16, 13, 15], [14, 3, 15, 4], [16, 1, 17, 2], [18, 23, 19, 24], [20, 10, 21, 9], [22, 8, 23, 7], [24, 11, 1, 12], [2, 6, 3, 5], [4, 13, 5, 14], [6, 17, 7, 18], [8, 20, 9, 19]]"
12a_0583_8,"[[8, 20, 9, 19], [10, 22, 11, 21], [12, 16, 13, 15], [14, 3, 15, 4], [16, 1, 17, 2], [18, 23, 19, 24], [20, 10, 21, 9], [22, 8, 23, 7], [24, 11, 1, 12], [2, 6, 3, 5], [4, 13, 5, 14], [6, 17, 7, 18]]"
12a_0583_9,"[[6, 17, 7, 18], [8, 20, 9, 19], [10, 22, 11, 21], [12, 16, 13, 15], [14, 3, 15, 4], [16, 1, 17, 2], [18, 23, 19, 24], [20, 10, 21, 9], [22, 8, 23, 7], [24, 11, 1, 12], [2, 6, 3, 5], [4, 13, 5, 14]]"
12a_0583_10,"[[4, 13, 5, 14], [6, 17, 7, 18], [8, 20, 9, 19], [10, 22, 11, 21], [12, 16, 13, 15], [14, 3, 15, 4], [16, 1, 17, 2], [18, 23, 19, 24], [20, 10, 21, 9], [22, 8, 23, 7], [24, 11, 1, 12], [2, 6, 3, 5]]"
12a_0583_11,"[[2, 6, 3, 5], [4, 13, 5, 14], [6, 17, 7, 18], [8, 20, 9, 19], [10, 22, 11, 21], [12, 16, 13, 15], [14, 3, 15, 4], [16, 1, 17, 2], [18, 23, 19, 24], [20, 10, 21, 9], [22, 8, 23, 7], [24, 11, 1, 12]]"
12a_0583_12,"[[1, 12, 2, 13], [3, 7, 4, 6], [5, 14, 6, 15], [7, 18, 8, 19], [9, 21, 10, 20], [11, 23, 12, 22], [13, 17, 14, 16], [15, 4, 16, 5], [17, 2, 18, 3], [19, 24, 20, 1], [21, 11, 22, 10], [23, 9, 24, 8]]"
12a_0583_13,"[[23, 9, 24, 8], [1, 12, 2, 13], [3, 7, 4, 6], [5, 14, 6, 15], [7, 18, 8, 19], [9, 21, 10, 20], [11, 23, 12, 22], [13, 17, 14, 16], [15, 4, 16, 5], [17, 2, 18, 3], [19, 24, 20, 1], [21, 11, 22, 10]]"
12a_0583_14,"[[21, 11, 22, 10], [23, 9, 24, 8], [1, 12, 2, 13], [3, 7, 4, 6], [5, 14, 6, 15], [7, 18, 8, 19], [9, 21, 10, 20], [11, 23, 12, 22], [13, 17, 14, 16], [15, 4, 16, 5], [17, 2, 18, 3], [19, 24, 20, 1]]"
12a_0583_15,"[[19, 24, 20, 1], [21, 11, 22, 10], [23, 9, 24, 8], [1, 12, 2, 13], [3, 7, 4, 6], [5, 14, 6, 15], [7, 18, 8, 19], [9, 21, 10, 20], [11, 23, 12, 22], [13, 17, 14, 16], [15, 4, 16, 5], [17, 2, 18, 3]]"
12a_0583_16,"[[17, 2, 18, 3], [19, 24, 20, 1], [21, 11, 22, 10], [23, 9, 24, 8], [1, 12, 2, 13], [3, 7, 4, 6], [5, 14, 6, 15], [7, 18, 8, 19], [9, 21, 10, 20], [11, 23, 12, 22], [13, 17, 14, 16], [15, 4, 16, 5]]"
12a_0583_17,"[[15, 4, 16, 5], [17, 2, 18, 3], [19, 24, 20, 1], [21, 11, 22, 10], [23, 9, 24, 8], [1, 12, 2, 13], [3, 7, 4, 6], [5, 14, 6, 15], [7, 18, 8, 19], [9, 21, 10, 20], [11, 23, 12, 22], [13, 17, 14, 16]]"
12a_0583_18,"[[13, 17, 14, 16], [15, 4, 16, 5], [17, 2, 18, 3], [19, 24, 20, 1], [21, 11, 22, 10], [23, 9, 24, 8], [1, 12, 2, 13], [3, 7, 4, 6], [5, 14, 6, 15], [7, 18, 8, 19], [9, 21, 10, 20], [11, 23, 12, 22]]"
12a_0583_19,"[[11, 23, 12, 22], [13, 17, 14, 16], [15, 4, 16, 5], [17, 2, 18, 3], [19, 24, 20, 1], [21, 11, 22, 10], [23, 9, 24, 8], [1, 12, 2, 13], [3, 7, 4, 6], [5, 14, 6, 15], [7, 18, 8, 19], [9, 21, 10, 20]]"
12a_0583_20,"[[9, 21, 10, 20], [11, 23, 12, 22], [13, 17, 14, 16], [15, 4, 16, 5], [17, 2, 18, 3], [19, 24, 20, 1], [21, 11, 22, 10], [23, 9, 24, 8], [1, 12, 2, 13], [3, 7, 4, 6], [5, 14, 6, 15], [7, 18, 8, 19]]"
12a_0583_21,"[[7, 18, 8, 19], [9, 21, 10, 20], [11, 23, 12, 22], [13, 17, 14, 16], [15, 4, 16, 5], [17, 2, 18, 3], [19, 24, 20, 1], [21, 11, 22, 10], [23, 9, 24, 8], [1, 12, 2, 13], [3, 7, 4, 6], [5, 14, 6, 15]]"
12a_0583_22,"[[5, 14, 6, 15], [7, 18, 8, 19], [9, 21, 10, 20], [11, 23, 12, 22], [13, 17, 14, 16], [15, 4, 16, 5], [17, 2, 18, 3], [19, 24, 20, 1], [21, 11, 22, 10], [23, 9, 24, 8], [1, 12, 2, 13], [3, 7, 4, 6]]"
12a_0583_23,"[[3, 7, 4, 6], [5, 14, 6, 15], [7, 18, 8, 19], [9, 21, 10, 20], [11, 23, 12, 22], [13, 17, 14, 16], [15, 4, 16, 5], [17, 2, 18, 3], [19, 24, 20, 1], [21, 11, 22, 10], [23, 9, 24, 8], [1, 12, 2, 13]]"
12a_0583_24,"[[2, 13, 3, 14], [4, 8, 5, 7], [6, 15, 7, 16], [8, 19, 9, 20], [10, 22, 11, 21], [12, 24, 13, 23], [14, 18, 15, 17], [16, 5, 17, 6], [18, 3, 19, 4], [20, 1, 21, 2], [22, 12, 23, 11], [24, 10, 1, 9]]"
12a_0583_25,"[[24, 10, 1, 9], [2, 13, 3, 14], [4, 8, 5, 7], [6, 15, 7, 16], [8, 19, 9, 20], [10, 22, 11, 21], [12, 24, 13, 23], [14, 18, 15, 17], [16, 5, 17, 6], [18, 3, 19, 4], [20, 1, 21, 2], [22, 12, 23, 11]]"
12a_0583_26,"[[22, 12, 23, 11], [24, 10, 1, 9], [2, 13, 3, 14], [4, 8, 5, 7], [6, 15, 7, 16], [8, 19, 9, 20], [10, 22, 11, 21], [12, 24, 13, 23], [14, 18, 15, 17], [16, 5, 17, 6], [18, 3, 19, 4], [20, 1, 21, 2]]"
12a_0583_27,"[[20, 1, 21, 2], [22, 12, 23, 11], [24, 10, 1, 9], [2, 13, 3, 14], [4, 8, 5, 7], [6, 15, 7, 16], [8, 19, 9, 20], [10, 22, 11, 21], [12, 24, 13, 23], [14, 18, 15, 17], [16, 5, 17, 6], [18, 3, 19, 4]]"
12a_0583_28,"[[18, 3, 19, 4], [20, 1, 21, 2], [22, 12, 23, 11], [24, 10, 1, 9], [2, 13, 3, 14], [4, 8, 5, 7], [6, 15, 7, 16], [8, 19, 9, 20], [10, 22, 11, 21], [12, 24, 13, 23], [14, 18, 15, 17], [16, 5, 17, 6]]"
12a_0583_29,"[[16, 5, 17, 6], [18, 3, 19, 4], [20, 1, 21, 2], [22, 12, 23, 11], [24, 10, 1, 9], [2, 13, 3, 14], [4, 8, 5, 7], [6, 15, 7, 16], [8, 19, 9, 20], [10, 22, 11, 21], [12, 24, 13, 23], [14, 18, 15, 17]]"
12a_0583_30,"[[14, 18, 15, 17], [16, 5, 17, 6], [18, 3, 19, 4], [20, 1, 21, 2], [22, 12, 23, 11], [24, 10, 1, 9], [2, 13, 3, 14], [4, 8, 5, 7], [6, 15, 7, 16], [8, 19, 9, 20], [10, 22, 11, 21], [12, 24, 13, 23]]"
12a_0583_31,"[[12, 24, 13, 23], [14, 18, 15, 17], [16, 5, 17, 6], [18, 3, 19, 4], [20, 1, 21, 2], [22, 12, 23, 11], [24, 10, 1, 9], [2, 13, 3, 14], [4, 8, 5, 7], [6, 15, 7, 16], [8, 19, 9, 20], [10, 22, 11, 21]]"
12a_0583_32,"[[10, 22, 11, 21], [12, 24, 13, 23], [14, 18, 15, 17], [16, 5, 17, 6], [18, 3, 19, 4], [20, 1, 21, 2], [22, 12, 23, 11], [24, 10, 1, 9], [2, 13, 3, 14], [4, 8, 5, 7], [6, 15, 7, 16], [8, 19, 9, 20]]"
12a_0583_33,"[[8, 19, 9, 20], [10, 22, 11, 21], [12, 24, 13, 23], [14, 18, 15, 17], [16, 5, 17, 6], [18, 3, 19, 4], [20, 1, 21, 2], [22, 12, 23, 11], [24, 10, 1, 9], [2, 13, 3, 14], [4, 8, 5, 7], [6, 15, 7, 16]]"
12a_0583_34,"[[6, 15, 7, 16], [8, 19, 9, 20], [10, 22, 11, 21], [12, 24, 13, 23], [14, 18, 15, 17], [16, 5, 17, 6], [18, 3, 19, 4], [20, 1, 21, 2], [22, 12, 23, 11], [24, 10, 1, 9], [2, 13, 3, 14], [4, 8, 5, 7]]"
12a_0583_35,"[[4, 8, 5, 7], [6, 15, 7, 16], [8, 19, 9, 20], [10, 22, 11, 21], [12, 24, 13, 23], [14, 18, 15, 17], [16, 5, 17, 6], [18, 3, 19, 4], [20, 1, 21, 2], [22, 12, 23, 11], [24, 10, 1, 9], [2, 13, 3, 14]]"
12a_0583_36,"[[3, 14, 4, 15], [5, 9, 6, 8], [7, 16, 8, 17], [9, 20, 10, 21], [11, 23, 12, 22], [13, 1, 14, 24], [15, 19, 16, 18], [17, 6, 18, 7], [19, 4, 20, 5], [21, 2, 22, 3], [23, 13, 24, 12], [1, 11, 2, 10]]"
12a_0583_37,"[[1, 11, 2, 10], [3, 14, 4, 15], [5, 9, 6, 8], [7, 16, 8, 17], [9, 20, 10, 21], [11, 23, 12, 22], [13, 1, 14, 24], [15, 19, 16, 18], [17, 6, 18, 7], [19, 4, 20, 5], [21, 2, 22, 3], [23, 13, 24, 12]]"
12a_0583_38,"[[23, 13, 24, 12], [1, 11, 2, 10], [3, 14, 4, 15], [5, 9, 6, 8], [7, 16, 8, 17], [9, 20, 10, 21], [11, 23, 12, 22], [13, 1, 14, 24], [15, 19, 16, 18], [17, 6, 18, 7], [19, 4, 20, 5], [21, 2, 22, 3]]"
12a_0583_39,"[[21, 2, 22, 3], [23, 13, 24, 12], [1, 11, 2, 10], [3, 14, 4, 15], [5, 9, 6, 8], [7, 16, 8, 17], [9, 20, 10, 21], [11, 23, 12, 22], [13, 1, 14, 24], [15, 19, 16, 18], [17, 6, 18, 7], [19, 4, 20, 5]]"
12a_0583_40,"[[19, 4, 20, 5], [21, 2, 22, 3], [23, 13, 24, 12], [1, 11, 2, 10], [3, 14, 4, 15], [5, 9, 6, 8], [7, 16, 8, 17], [9, 20, 10, 21], [11, 23, 12, 22], [13, 1, 14, 24], [15, 19, 16, 18], [17, 6, 18, 7]]"
12a_0583_41,"[[17, 6, 18, 7], [19, 4, 20, 5], [21, 2, 22, 3], [23, 13, 24, 12], [1, 11, 2, 10], [3, 14, 4, 15], [5, 9, 6, 8], [7, 16, 8, 17], [9, 20, 10, 21], [11, 23, 12, 22], [13, 1, 14, 24], [15, 19, 16, 18]]"
12a_0583_42,"[[15, 19, 16, 18], [17, 6, 18, 7], [19, 4, 20, 5], [21, 2, 22, 3], [23, 13, 24, 12], [1, 11, 2, 10], [3, 14, 4, 15], [5, 9, 6, 8], [7, 16, 8, 17], [9, 20, 10, 21], [11, 23, 12, 22], [13, 1, 14, 24]]"
12a_0583_43,"[[13, 1, 14, 24], [15, 19, 16, 18], [17, 6, 18, 7], [19, 4, 20, 5], [21, 2, 22, 3], [23, 13, 24, 12], [1, 11, 2, 10], [3, 14, 4, 15], [5, 9, 6, 8], [7, 16, 8, 17], [9, 20, 10, 21], [11, 23, 12, 22]]"
12a_0583_44,"[[11, 23, 12, 22], [13, 1, 14, 24], [15, 19, 16, 18], [17, 6, 18, 7], [19, 4, 20, 5], [21, 2, 22, 3], [23, 13, 24, 12], [1, 11, 2, 10], [3, 14, 4, 15], [5, 9, 6, 8], [7, 16, 8, 17], [9, 20, 10, 21]]"
12a_0583_45,"[[9, 20, 10, 21], [11, 23, 12, 22], [13, 1, 14, 24], [15, 19, 16, 18], [17, 6, 18, 7], [19, 4, 20, 5], [21, 2, 22, 3], [23, 13, 24, 12], [1, 11, 2, 10], [3, 14, 4, 15], [5, 9, 6, 8], [7, 16, 8, 17]]"
12a_0583_46,"[[7, 16, 8, 17], [9, 20, 10, 21], [11, 23, 12, 22], [13, 1, 14, 24], [15, 19, 16, 18], [17, 6, 18, 7], [19, 4, 20, 5], [21, 2, 22, 3], [23, 13, 24, 12], [1, 11, 2, 10], [3, 14, 4, 15], [5, 9, 6, 8]]"
12a_0583_47,"[[5, 9, 6, 8], [7, 16, 8, 17], [9, 20, 10, 21], [11, 23, 12, 22], [13, 1, 14, 24], [15, 19, 16, 18], [17, 6, 18, 7], [19, 4, 20, 5], [21, 2, 22, 3], [23, 13, 24, 12], [1, 11, 2, 10], [3, 14, 4, 15]]"
12a_0583_48,"[[4, 15, 5, 16], [6, 10, 7, 9], [8, 17, 9, 18], [10, 21, 11, 22], [12, 24, 13, 23], [14, 2, 15, 1], [16, 20, 17, 19], [18, 7, 19, 8], [20, 5, 21, 6], [22, 3, 23, 4], [24, 14, 1, 13], [2, 12, 3, 11]]"
12a_0583_49,"[[2, 12, 3, 11], [4, 15, 5, 16], [6, 10, 7, 9], [8, 17, 9, 18], [10, 21, 11, 22], [12, 24, 13, 23], [14, 2, 15, 1], [16, 20, 17, 19], [18, 7, 19, 8], [20, 5, 21, 6], [22, 3, 23, 4], [24, 14, 1, 13]]"
12a_0583_50,"[[24, 14, 1, 13], [2, 12, 3, 11], [4, 15, 5, 16], [6, 10, 7, 9], [8, 17, 9, 18], [10, 21, 11, 22], [12, 24, 13, 23], [14, 2, 15, 1], [16, 20, 17, 19], [18, 7, 19, 8], [20, 5, 21, 6], [22, 3, 23, 4]]"
12a_0583_51,"[[22, 3, 23, 4], [24, 14, 1, 13], [2, 12, 3, 11], [4, 15, 5, 16], [6, 10, 7, 9], [8, 17, 9, 18], [10, 21, 11, 22], [12, 24, 13, 23], [14, 2, 15, 1], [16, 20, 17, 19], [18, 7, 19, 8], [20, 5, 21, 6]]"
12a_0583_52,"[[20, 5, 21, 6], [22, 3, 23, 4], [24, 14, 1, 13], [2, 12, 3, 11], [4, 15, 5, 16], [6, 10, 7, 9], [8, 17, 9, 18], [10, 21, 11, 22], [12, 24, 13, 23], [14, 2, 15, 1], [16, 20, 17, 19], [18, 7, 19, 8]]"
12a_0583_53,"[[18, 7, 19, 8], [20, 5, 21, 6], [22, 3, 23, 4], [24, 14, 1, 13], [2, 12, 3, 11], [4, 15, 5, 16], [6, 10, 7, 9], [8, 17, 9, 18], [10, 21, 11, 22], [12, 24, 13, 23], [14, 2, 15, 1], [16, 20, 17, 19]]"
12a_0583_54,"[[16, 20, 17, 19], [18, 7, 19, 8], [20, 5, 21, 6], [22, 3, 23, 4], [24, 14, 1, 13], [2, 12, 3, 11], [4, 15, 5, 16], [6, 10, 7, 9], [8, 17, 9, 18], [10, 21, 11, 22], [12, 24, 13, 23], [14, 2, 15, 1]]"
12a_0583_55,"[[14, 2, 15, 1], [16, 20, 17, 19], [18, 7, 19, 8], [20, 5, 21, 6], [22, 3, 23, 4], [24, 14, 1, 13], [2, 12, 3, 11], [4, 15, 5, 16], [6, 10, 7, 9], [8, 17, 9, 18], [10, 21, 11, 22], [12, 24, 13, 23]]"
12a_0583_56,"[[12, 24, 13, 23], [14, 2, 15, 1], [16, 20, 17, 19], [18, 7, 19, 8], [20, 5, 21, 6], [22, 3, 23, 4], [24, 14, 1, 13], [2, 12, 3, 11], [4, 15, 5, 16], [6, 10, 7, 9], [8, 17, 9, 18], [10, 21, 11, 22]]"
12a_0583_57,"[[10, 21, 11, 22], [12, 24, 13, 23], [14, 2, 15, 1], [16, 20, 17, 19], [18, 7, 19, 8], [20, 5, 21, 6], [22, 3, 23, 4], [24, 14, 1, 13], [2, 12, 3, 11], [4, 15, 5, 16], [6, 10, 7, 9], [8, 17, 9, 18]]"
12a_0583_58,"[[8, 17, 9, 18], [10, 21, 11, 22], [12, 24, 13, 23], [14, 2, 15, 1], [16, 20, 17, 19], [18, 7, 19, 8], [20, 5, 21, 6], [22, 3, 23, 4], [24, 14, 1, 13], [2, 12, 3, 11], [4, 15, 5, 16], [6, 10, 7, 9]]"
12a_0583_59,"[[6, 10, 7, 9], [8, 17, 9, 18], [10, 21, 11, 22], [12, 24, 13, 23], [14, 2, 15, 1], [16, 20, 17, 19], [18, 7, 19, 8], [20, 5, 21, 6], [22, 3, 23, 4], [24, 14, 1, 13], [2, 12, 3, 11], [4, 15, 5, 16]]"
12a_0583_60,"[[5, 16, 6, 17], [7, 11, 8, 10], [9, 18, 10, 19], [11, 22, 12, 23], [13, 1, 14, 24], [15, 3, 16, 2], [17, 21, 18, 20], [19, 8, 20, 9], [21, 6, 22, 7], [23, 4, 24, 5], [1, 15, 2, 14], [3, 13, 4, 12]]"
12a_0583_61,"[[3, 13, 4, 12], [5, 16, 6, 17], [7, 11, 8, 10], [9, 18, 10, 19], [11, 22, 12, 23], [13, 1, 14, 24], [15, 3, 16, 2], [17, 21, 18, 20], [19, 8, 20, 9], [21, 6, 22, 7], [23, 4, 24, 5], [1, 15, 2, 14]]"
12a_0583_62,"[[1, 15, 2, 14], [3, 13, 4, 12], [5, 16, 6, 17], [7, 11, 8, 10], [9, 18, 10, 19], [11, 22, 12, 23], [13, 1, 14, 24], [15, 3, 16, 2], [17, 21, 18, 20], [19, 8, 20, 9], [21, 6, 22, 7], [23, 4, 24, 5]]"
12a_0583_63,"[[23, 4, 24, 5], [1, 15, 2, 14], [3, 13, 4, 12], [5, 16, 6, 17], [7, 11, 8, 10], [9, 18, 10, 19], [11, 22, 12, 23], [13, 1, 14, 24], [15, 3, 16, 2], [17, 21, 18, 20], [19, 8, 20, 9], [21, 6, 22, 7]]"
12a_0583_64,"[[21, 6, 22, 7], [23, 4, 24, 5], [1, 15, 2, 14], [3, 13, 4, 12], [5, 16, 6, 17], [7, 11, 8, 10], [9, 18, 10, 19], [11, 22, 12, 23], [13, 1, 14, 24], [15, 3, 16, 2], [17, 21, 18, 20], [19, 8, 20, 9]]"
12a_0583_65,"[[19, 8, 20, 9], [21, 6, 22, 7], [23, 4, 24, 5], [1, 15, 2, 14], [3, 13, 4, 12], [5, 16, 6, 17], [7, 11, 8, 10], [9, 18, 10, 19], [11, 22, 12, 23], [13, 1, 14, 24], [15, 3, 16, 2], [17, 21, 18, 20]]"
12a_0583_66,"[[17, 21, 18, 20], [19, 8, 20, 9], [21, 6, 22, 7], [23, 4, 24, 5], [1, 15, 2, 14], [3, 13, 4, 12], [5, 16, 6, 17], [7, 11, 8, 10], [9, 18, 10, 19], [11, 22, 12, 23], [13, 1, 14, 24], [15, 3, 16, 2]]"
12a_0583_67,"[[15, 3, 16, 2], [17, 21, 18, 20], [19, 8, 20, 9], [21, 6, 22, 7], [23, 4, 24, 5], [1, 15, 2, 14], [3, 13, 4, 12], [5, 16, 6, 17], [7, 11, 8, 10], [9, 18, 10, 19], [11, 22, 12, 23], [13, 1, 14, 24]]"
12a_0583_68,"[[13, 1, 14, 24], [15, 3, 16, 2], [17, 21, 18, 20], [19, 8, 20, 9], [21, 6, 22, 7], [23, 4, 24, 5], [1, 15, 2, 14], [3, 13, 4, 12], [5, 16, 6, 17], [7, 11, 8, 10], [9, 18, 10, 19], [11, 22, 12, 23]]"
12a_0583_69,"[[11, 22, 12, 23], [13, 1, 14, 24], [15, 3, 16, 2], [17, 21, 18, 20], [19, 8, 20, 9], [21, 6, 22, 7], [23, 4, 24, 5], [1, 15, 2, 14], [3, 13, 4, 12], [5, 16, 6, 17], [7, 11, 8, 10], [9, 18, 10, 19]]"
12a_0583_70,"[[9, 18, 10, 19], [11, 22, 12, 23], [13, 1, 14, 24], [15, 3, 16, 2], [17, 21, 18, 20], [19, 8, 20, 9], [21, 6, 22, 7], [23, 4, 24, 5], [1, 15, 2, 14], [3, 13, 4, 12], [5, 16, 6, 17], [7, 11, 8, 10]]"
12a_0583_71,"[[7, 11, 8, 10], [9, 18, 10, 19], [11, 22, 12, 23], [13, 1, 14, 24], [15, 3, 16, 2], [17, 21, 18, 20], [19, 8, 20, 9], [21, 6, 22, 7], [23, 4, 24, 5], [1, 15, 2, 14], [3, 13, 4, 12], [5, 16, 6, 17]]"
12a_0583_72,"[[6, 17, 7, 18], [8, 12, 9, 11], [10, 19, 11, 20], [12, 23, 13, 24], [14, 2, 15, 1], [16, 4, 17, 3], [18, 22, 19, 21], [20, 9, 21, 10], [22, 7, 23, 8], [24, 5, 1, 6], [2, 16, 3, 15], [4, 14, 5, 13]]"
12a_0583_73,"[[4, 14, 5, 13], [6, 17, 7, 18], [8, 12, 9, 11], [10, 19, 11, 20], [12, 23, 13, 24], [14, 2, 15, 1], [16, 4, 17, 3], [18, 22, 19, 21], [20, 9, 21, 10], [22, 7, 23, 8], [24, 5, 1, 6], [2, 16, 3, 15]]"
12a_0583_74,"[[2, 16, 3, 15], [4, 14, 5, 13], [6, 17, 7, 18], [8, 12, 9, 11], [10, 19, 11, 20], [12, 23, 13, 24], [14, 2, 15, 1], [16, 4, 17, 3], [18, 22, 19, 21], [20, 9, 21, 10], [22, 7, 23, 8], [24, 5, 1, 6]]"
12a_0583_75,"[[24, 5, 1, 6], [2, 16, 3, 15], [4, 14, 5, 13], [6, 17, 7, 18], [8, 12, 9, 11], [10, 19, 11, 20], [12, 23, 13, 24], [14, 2, 15, 1], [16, 4, 17, 3], [18, 22, 19, 21], [20, 9, 21, 10], [22, 7, 23, 8]]"
12a_0583_76,"[[22, 7, 23, 8], [24, 5, 1, 6], [2, 16, 3, 15], [4, 14, 5, 13], [6, 17, 7, 18], [8, 12, 9, 11], [10, 19, 11, 20], [12, 23, 13, 24], [14, 2, 15, 1], [16, 4, 17, 3], [18, 22, 19, 21], [20, 9, 21, 10]]"
12a_0583_77,"[[20, 9, 21, 10], [22, 7, 23, 8], [24, 5, 1, 6], [2, 16, 3, 15], [4, 14, 5, 13], [6, 17, 7, 18], [8, 12, 9, 11], [10, 19, 11, 20], [12, 23, 13, 24], [14, 2, 15, 1], [16, 4, 17, 3], [18, 22, 19, 21]]"
12a_0583_78,"[[18, 22, 19, 21], [20, 9, 21, 10], [22, 7, 23, 8], [24, 5, 1, 6], [2, 16, 3, 15], [4, 14, 5, 13], [6, 17, 7, 18], [8, 12, 9, 11], [10, 19, 11, 20], [12, 23, 13, 24], [14, 2, 15, 1], [16, 4, 17, 3]]"
12a_0583_79,"[[16, 4, 17, 3], [18, 22, 19, 21], [20, 9, 21, 10], [22, 7, 23, 8], [24, 5, 1, 6], [2, 16, 3, 15], [4, 14, 5, 13], [6, 17, 7, 18], [8, 12, 9, 11], [10, 19, 11, 20], [12, 23, 13, 24], [14, 2, 15, 1]]"
12a_0583_80,"[[14, 2, 15, 1], [16, 4, 17, 3], [18, 22, 19, 21], [20, 9, 21, 10], [22, 7, 23, 8], [24, 5, 1, 6], [2, 16, 3, 15], [4, 14, 5, 13], [6, 17, 7, 18], [8, 12, 9, 11], [10, 19, 11, 20], [12, 23, 13, 24]]"
12a_0583_81,"[[12, 23, 13, 24], [14, 2, 15, 1], [16, 4, 17, 3], [18, 22, 19, 21], [20, 9, 21, 10], [22, 7, 23, 8], [24, 5, 1, 6], [2, 16, 3, 15], [4, 14, 5, 13], [6, 17, 7, 18], [8, 12, 9, 11], [10, 19, 11, 20]]"
12a_0583_82,"[[10, 19, 11, 20], [12, 23, 13, 24], [14, 2, 15, 1], [16, 4, 17, 3], [18, 22, 19, 21], [20, 9, 21, 10], [22, 7, 23, 8], [24, 5, 1, 6], [2, 16, 3, 15], [4, 14, 5, 13], [6, 17, 7, 18], [8, 12, 9, 11]]"
12a_0583_83,"[[8, 12, 9, 11], [10, 19, 11, 20], [12, 23, 13, 24], [14, 2, 15, 1], [16, 4, 17, 3], [18, 22, 19, 21], [20, 9, 21, 10], [22, 7, 23, 8], [24, 5, 1, 6], [2, 16, 3, 15], [4, 14, 5, 13], [6, 17, 7, 18]]"
12a_0583_84,"[[7, 18, 8, 19], [9, 13, 10, 12], [11, 20, 12, 21], [13, 24, 14, 1], [15, 3, 16, 2], [17, 5, 18, 4], [19, 23, 20, 22], [21, 10, 22, 11], [23, 8, 24, 9], [1, 6, 2, 7], [3, 17, 4, 16], [5, 15, 6, 14]]"
12a_0583_85,"[[5, 15, 6, 14], [7, 18, 8, 19], [9, 13, 10, 12], [11, 20, 12, 21], [13, 24, 14, 1], [15, 3, 16, 2], [17, 5, 18, 4], [19, 23, 20, 22], [21, 10, 22, 11], [23, 8, 24, 9], [1, 6, 2, 7], [3, 17, 4, 16]]"
12a_0583_86,"[[3, 17, 4, 16], [5, 15, 6, 14], [7, 18, 8, 19], [9, 13, 10, 12], [11, 20, 12, 21], [13, 24, 14, 1], [15, 3, 16, 2], [17, 5, 18, 4], [19, 23, 20, 22], [21, 10, 22, 11], [23, 8, 24, 9], [1, 6, 2, 7]]"
12a_0583_87,"[[1, 6, 2, 7], [3, 17, 4, 16], [5, 15, 6, 14], [7, 18, 8, 19], [9, 13, 10, 12], [11, 20, 12, 21], [13, 24, 14, 1], [15, 3, 16, 2], [17, 5, 18, 4], [19, 23, 20, 22], [21, 10, 22, 11], [23, 8, 24, 9]]"
12a_0583_88,"[[23, 8, 24, 9], [1, 6, 2, 7], [3, 17, 4, 16], [5, 15, 6, 14], [7, 18, 8, 19], [9, 13, 10, 12], [11, 20, 12, 21], [13, 24, 14, 1], [15, 3, 16, 2], [17, 5, 18, 4], [19, 23, 20, 22], [21, 10, 22, 11]]"
12a_0583_89,"[[21, 10, 22, 11], [23, 8, 24, 9], [1, 6, 2, 7], [3, 17, 4, 16], [5, 15, 6, 14], [7, 18, 8, 19], [9, 13, 10, 12], [11, 20, 12, 21], [13, 24, 14, 1], [15, 3, 16, 2], [17, 5, 18, 4], [19, 23, 20, 22]]"
12a_0583_90,"[[19, 23, 20, 22], [21, 10, 22, 11], [23, 8, 24, 9], [1, 6, 2, 7], [3, 17, 4, 16], [5, 15, 6, 14], [7, 18, 8, 19], [9, 13, 10, 12], [11, 20, 12, 21], [13, 24, 14, 1], [15, 3, 16, 2], [17, 5, 18, 4]]"
12a_0583_91,"[[17, 5, 18, 4], [19, 23, 20, 22], [21, 10, 22, 11], [23, 8, 24, 9], [1, 6, 2, 7], [3, 17, 4, 16], [5, 15, 6, 14], [7, 18, 8, 19], [9, 13, 10, 12], [11, 20, 12, 21], [13, 24, 14, 1], [15, 3, 16, 2]]"
12a_0583_92,"[[15, 3, 16, 2], [17, 5, 18, 4], [19, 23, 20, 22], [21, 10, 22, 11], [23, 8, 24, 9], [1, 6, 2, 7], [3, 17, 4, 16], [5, 15, 6, 14], [7, 18, 8, 19], [9, 13, 10, 12], [11, 20, 12, 21], [13, 24, 14, 1]]"
12a_0583_93,"[[13, 24, 14, 1], [15, 3, 16, 2], [17, 5, 18, 4], [19, 23, 20, 22], [21, 10, 22, 11], [23, 8, 24, 9], [1, 6, 2, 7], [3, 17, 4, 16], [5, 15, 6, 14], [7, 18, 8, 19], [9, 13, 10, 12], [11, 20, 12, 21]]"
12a_0583_94,"[[11, 20, 12, 21], [13, 24, 14, 1], [15, 3, 16, 2], [17, 5, 18, 4], [19, 23, 20, 22], [21, 10, 22, 11], [23, 8, 24, 9], [1, 6, 2, 7], [3, 17, 4, 16], [5, 15, 6, 14], [7, 18, 8, 19], [9, 13, 10, 12]]"
12a_0583_95,"[[9, 13, 10, 12], [11, 20, 12, 21], [13, 24, 14, 1], [15, 3, 16, 2], [17, 5, 18, 4], [19, 23, 20, 22], [21, 10, 22, 11], [23, 8, 24, 9], [1, 6, 2, 7], [3, 17, 4, 16], [5, 15, 6, 14], [7, 18, 8, 19]]"
12a_0583_96,"[[8, 19, 9, 20], [10, 14, 11, 13], [12, 21, 13, 22], [14, 1, 15, 2], [16, 4, 17, 3], [18, 6, 19, 5], [20, 24, 21, 23], [22, 11, 23, 12], [24, 9, 1, 10], [2, 7, 3, 8], [4, 18, 5, 17], [6, 16, 7, 15]]"
12a_0583_97,"[[6, 16, 7, 15], [8, 19, 9, 20], [10, 14, 11, 13], [12, 21, 13, 22], [14, 1, 15, 2], [16, 4, 17, 3], [18, 6, 19, 5], [20, 24, 21, 23], [22, 11, 23, 12], [24, 9, 1, 10], [2, 7, 3, 8], [4, 18, 5, 17]]"
12a_0583_98,"[[4, 18, 5, 17], [6, 16, 7, 15], [8, 19, 9, 20], [10, 14, 11, 13], [12, 21, 13, 22], [14, 1, 15, 2], [16, 4, 17, 3], [18, 6, 19, 5], [20, 24, 21, 23], [22, 11, 23, 12], [24, 9, 1, 10], [2, 7, 3, 8]]"
12a_0583_99,"[[2, 7, 3, 8], [4, 18, 5, 17], [6, 16, 7, 15], [8, 19, 9, 20], [10, 14, 11, 13], [12, 21, 13, 22], [14, 1, 15, 2], [16, 4, 17, 3], [18, 6, 19, 5], [20, 24, 21, 23], [22, 11, 23, 12], [24, 9, 1, 10]]"
12a_0583_100,"[[24, 9, 1, 10], [2, 7, 3, 8], [4, 18, 5, 17], [6, 16, 7, 15], [8, 19, 9, 20], [10, 14, 11, 13], [12, 21, 13, 22], [14, 1, 15, 2], [16, 4, 17, 3], [18, 6, 19, 5], [20, 24, 21, 23], [22, 11, 23, 12]]"
12a_0583_101,"[[22, 11, 23, 12], [24, 9, 1, 10], [2, 7, 3, 8], [4, 18, 5, 17], [6, 16, 7, 15], [8, 19, 9, 20], [10, 14, 11, 13], [12, 21, 13, 22], [14, 1, 15, 2], [16, 4, 17, 3], [18, 6, 19, 5], [20, 24, 21, 23]]"
12a_0583_102,"[[20, 24, 21, 23], [22, 11, 23, 12], [24, 9, 1, 10], [2, 7, 3, 8], [4, 18, 5, 17], [6, 16, 7, 15], [8, 19, 9, 20], [10, 14, 11, 13], [12, 21, 13, 22], [14, 1, 15, 2], [16, 4, 17, 3], [18, 6, 19, 5]]"
12a_0583_103,"[[18, 6, 19, 5], [20, 24, 21, 23], [22, 11, 23, 12], [24, 9, 1, 10], [2, 7, 3, 8], [4, 18, 5, 17], [6, 16, 7, 15], [8, 19, 9, 20], [10, 14, 11, 13], [12, 21, 13, 22], [14, 1, 15, 2], [16, 4, 17, 3]]"
12a_0583_104,"[[16, 4, 17, 3], [18, 6, 19, 5], [20, 24, 21, 23], [22, 11, 23, 12], [24, 9, 1, 10], [2, 7, 3, 8], [4, 18, 5, 17], [6, 16, 7, 15], [8, 19, 9, 20], [10, 14, 11, 13], [12, 21, 13, 22], [14, 1, 15, 2]]"
12a_0583_105,"[[14, 1, 15, 2], [16, 4, 17, 3], [18, 6, 19, 5], [20, 24, 21, 23], [22, 11, 23, 12], [24, 9, 1, 10], [2, 7, 3, 8], [4, 18, 5, 17], [6, 16, 7, 15], [8, 19, 9, 20], [10, 14, 11, 13], [12, 21, 13, 22]]"
12a_0583_106,"[[12, 21, 13, 22], [14, 1, 15, 2], [16, 4, 17, 3], [18, 6, 19, 5], [20, 24, 21, 23], [22, 11, 23, 12], [24, 9, 1, 10], [2, 7, 3, 8], [4, 18, 5, 17], [6, 16, 7, 15], [8, 19, 9, 20], [10, 14, 11, 13]]"
12a_0583_107,"[[10, 14, 11, 13], [12, 21, 13, 22], [14, 1, 15, 2], [16, 4, 17, 3], [18, 6, 19, 5], [20, 24, 21, 23], [22, 11, 23, 12], [24, 9, 1, 10], [2, 7, 3, 8], [4, 18, 5, 17], [6, 16, 7, 15], [8, 19, 9, 20]]"
12a_0583_108,"[[9, 20, 10, 21], [11, 15, 12, 14], [13, 22, 14, 23], [15, 2, 16, 3], [17, 5, 18, 4], [19, 7, 20, 6], [21, 1, 22, 24], [23, 12, 24, 13], [1, 10, 2, 11], [3, 8, 4, 9], [5, 19, 6, 18], [7, 17, 8, 16]]"
12a_0583_109,"[[7, 17, 8, 16], [9, 20, 10, 21], [11, 15, 12, 14], [13, 22, 14, 23], [15, 2, 16, 3], [17, 5, 18, 4], [19, 7, 20, 6], [21, 1, 22, 24], [23, 12, 24, 13], [1, 10, 2, 11], [3, 8, 4, 9], [5, 19, 6, 18]]"
12a_0583_110,"[[5, 19, 6, 18], [7, 17, 8, 16], [9, 20, 10, 21], [11, 15, 12, 14], [13, 22, 14, 23], [15, 2, 16, 3], [17, 5, 18, 4], [19, 7, 20, 6], [21, 1, 22, 24], [23, 12, 24, 13], [1, 10, 2, 11], [3, 8, 4, 9]]"
12a_0583_111,"[[3, 8, 4, 9], [5, 19, 6, 18], [7, 17, 8, 16], [9, 20, 10, 21], [11, 15, 12, 14], [13, 22, 14, 23], [15, 2, 16, 3], [17, 5, 18, 4], [19, 7, 20, 6], [21, 1, 22, 24], [23, 12, 24, 13], [1, 10, 2, 11]]"
12a_0583_112,"[[1, 10, 2, 11], [3, 8, 4, 9], [5, 19, 6, 18], [7, 17, 8, 16], [9, 20, 10, 21], [11, 15, 12, 14], [13, 22, 14, 23], [15, 2, 16, 3], [17, 5, 18, 4], [19, 7, 20, 6], [21, 1, 22, 24], [23, 12, 24, 13]]"
12a_0583_113,"[[23, 12, 24, 13], [1, 10, 2, 11], [3, 8, 4, 9], [5, 19, 6, 18], [7, 17, 8, 16], [9, 20, 10, 21], [11, 15, 12, 14], [13, 22, 14, 23], [15, 2, 16, 3], [17, 5, 18, 4], [19, 7, 20, 6], [21, 1, 22, 24]]"
12a_0583_114,"[[21, 1, 22, 24], [23, 12, 24, 13], [1, 10, 2, 11], [3, 8, 4, 9], [5, 19, 6, 18], [7, 17, 8, 16], [9, 20, 10, 21], [11, 15, 12, 14], [13, 22, 14, 23], [15, 2, 16, 3], [17, 5, 18, 4], [19, 7, 20, 6]]"
12a_0583_115,"[[19, 7, 20, 6], [21, 1, 22, 24], [23, 12, 24, 13], [1, 10, 2, 11], [3, 8, 4, 9], [5, 19, 6, 18], [7, 17, 8, 16], [9, 20, 10, 21], [11, 15, 12, 14], [13, 22, 14, 23], [15, 2, 16, 3], [17, 5, 18, 4]]"
12a_0583_116,"[[17, 5, 18, 4], [19, 7, 20, 6], [21, 1, 22, 24], [23, 12, 24, 13], [1, 10, 2, 11], [3, 8, 4, 9], [5, 19, 6, 18], [7, 17, 8, 16], [9, 20, 10, 21], [11, 15, 12, 14], [13, 22, 14, 23], [15, 2, 16, 3]]"
12a_0583_117,"[[15, 2, 16, 3], [17, 5, 18, 4], [19, 7, 20, 6], [21, 1, 22, 24], [23, 12, 24, 13], [1, 10, 2, 11], [3, 8, 4, 9], [5, 19, 6, 18], [7, 17, 8, 16], [9, 20, 10, 21], [11, 15, 12, 14], [13, 22, 14, 23]]"
12a_0583_118,"[[13, 22, 14, 23], [15, 2, 16, 3], [17, 5, 18, 4], [19, 7, 20, 6], [21, 1, 22, 24], [23, 12, 24, 13], [1, 10, 2, 11], [3, 8, 4, 9], [5, 19, 6, 18], [7, 17, 8, 16], [9, 20, 10, 21], [11, 15, 12, 14]]"
12a_0583_119,"[[11, 15, 12, 14], [13, 22, 14, 23], [15, 2, 16, 3], [17, 5, 18, 4], [19, 7, 20, 6], [21, 1, 22, 24], [23, 12, 24, 13], [1, 10, 2, 11], [3, 8, 4, 9], [5, 19, 6, 18], [7, 17, 8, 16], [9, 20, 10, 21]]"
12a_0583_120,"[[10, 21, 11, 22], [12, 16, 13, 15], [14, 23, 15, 24], [16, 3, 17, 4], [18, 6, 19, 5], [20, 8, 21, 7], [22, 2, 23, 1], [24, 13, 1, 14], [2, 11, 3, 12], [4, 9, 5, 10], [6, 20, 7, 19], [8, 18, 9, 17]]"
12a_0583_121,"[[8, 18, 9, 17], [10, 21, 11, 22], [12, 16, 13, 15], [14, 23, 15, 24], [16, 3, 17, 4], [18, 6, 19, 5], [20, 8, 21, 7], [22, 2, 23, 1], [24, 13, 1, 14], [2, 11, 3, 12], [4, 9, 5, 10], [6, 20, 7, 19]]"
12a_0583_122,"[[6, 20, 7, 19], [8, 18, 9, 17], [10, 21, 11, 22], [12, 16, 13, 15], [14, 23, 15, 24], [16, 3, 17, 4], [18, 6, 19, 5], [20, 8, 21, 7], [22, 2, 23, 1], [24, 13, 1, 14], [2, 11, 3, 12], [4, 9, 5, 10]]"
12a_0583_123,"[[4, 9, 5, 10], [6, 20, 7, 19], [8, 18, 9, 17], [10, 21, 11, 22], [12, 16, 13, 15], [14, 23, 15, 24], [16, 3, 17, 4], [18, 6, 19, 5], [20, 8, 21, 7], [22, 2, 23, 1], [24, 13, 1, 14], [2, 11, 3, 12]]"
12a_0583_124,"[[2, 11, 3, 12], [4, 9, 5, 10], [6, 20, 7, 19], [8, 18, 9, 17], [10, 21, 11, 22], [12, 16, 13, 15], [14, 23, 15, 24], [16, 3, 17, 4], [18, 6, 19, 5], [20, 8, 21, 7], [22, 2, 23, 1], [24, 13, 1, 14]]"
12a_0583_125,"[[24, 13, 1, 14], [2, 11, 3, 12], [4, 9, 5, 10], [6, 20, 7, 19], [8, 18, 9, 17], [10, 21, 11, 22], [12, 16, 13, 15], [14, 23, 15, 24], [16, 3, 17, 4], [18, 6, 19, 5], [20, 8, 21, 7], [22, 2, 23, 1]]"
12a_0583_126,"[[22, 2, 23, 1], [24, 13, 1, 14], [2, 11, 3, 12], [4, 9, 5, 10], [6, 20, 7, 19], [8, 18, 9, 17], [10, 21, 11, 22], [12, 16, 13, 15], [14, 23, 15, 24], [16, 3, 17, 4], [18, 6, 19, 5], [20, 8, 21, 7]]"
12a_0583_127,"[[20, 8, 21, 7], [22, 2, 23, 1], [24, 13, 1, 14], [2, 11, 3, 12], [4, 9, 5, 10], [6, 20, 7, 19], [8, 18, 9, 17], [10, 21, 11, 22], [12, 16, 13, 15], [14, 23, 15, 24], [16, 3, 17, 4], [18, 6, 19, 5]]"
12a_0583_128,"[[18, 6, 19, 5], [20, 8, 21, 7], [22, 2, 23, 1], [24, 13, 1, 14], [2, 11, 3, 12], [4, 9, 5, 10], [6, 20, 7, 19], [8, 18, 9, 17], [10, 21, 11, 22], [12, 16, 13, 15], [14, 23, 15, 24], [16, 3, 17, 4]]"
12a_0583_129,"[[16, 3, 17, 4], [18, 6, 19, 5], [20, 8, 21, 7], [22, 2, 23, 1], [24, 13, 1, 14], [2, 11, 3, 12], [4, 9, 5, 10], [6, 20, 7, 19], [8, 18, 9, 17], [10, 21, 11, 22], [12, 16, 13, 15], [14, 23, 15, 24]]"
12a_0583_130,"[[14, 23, 15, 24], [16, 3, 17, 4], [18, 6, 19, 5], [20, 8, 21, 7], [22, 2, 23, 1], [24, 13, 1, 14], [2, 11, 3, 12], [4, 9, 5, 10], [6, 20, 7, 19], [8, 18, 9, 17], [10, 21, 11, 22], [12, 16, 13, 15]]"
12a_0583_131,"[[12, 16, 13, 15], [14, 23, 15, 24], [16, 3, 17, 4], [18, 6, 19, 5], [20, 8, 21, 7], [22, 2, 23, 1], [24, 13, 1, 14], [2, 11, 3, 12], [4, 9, 5, 10], [6, 20, 7, 19], [8, 18, 9, 17], [10, 21, 11, 22]]"
12a_0583_132,"[[11, 22, 12, 23], [13, 17, 14, 16], [15, 24, 16, 1], [17, 4, 18, 5], [19, 7, 20, 6], [21, 9, 22, 8], [23, 3, 24, 2], [1, 14, 2, 15], [3, 12, 4, 13], [5, 10, 6, 11], [7, 21, 8, 20], [9, 19, 10, 18]]"
12a_0583_133,"[[9, 19, 10, 18], [11, 22, 12, 23], [13, 17, 14, 16], [15, 24, 16, 1], [17, 4, 18, 5], [19, 7, 20, 6], [21, 9, 22, 8], [23, 3, 24, 2], [1, 14, 2, 15], [3, 12, 4, 13], [5, 10, 6, 11], [7, 21, 8, 20]]"
12a_0583_134,"[[7, 21, 8, 20], [9, 19, 10, 18], [11, 22, 12, 23], [13, 17, 14, 16], [15, 24, 16, 1], [17, 4, 18, 5], [19, 7, 20, 6], [21, 9, 22, 8], [23, 3, 24, 2], [1, 14, 2, 15], [3, 12, 4, 13], [5, 10, 6, 11]]"
12a_0583_135,"[[5, 10, 6, 11], [7, 21, 8, 20], [9, 19, 10, 18], [11, 22, 12, 23], [13, 17, 14, 16], [15, 24, 16, 1], [17, 4, 18, 5], [19, 7, 20, 6], [21, 9, 22, 8], [23, 3, 24, 2], [1, 14, 2, 15], [3, 12, 4, 13]]"
12a_0583_136,"[[3, 12, 4, 13], [5, 10, 6, 11], [7, 21, 8, 20], [9, 19, 10, 18], [11, 22, 12, 23], [13, 17, 14, 16], [15, 24, 16, 1], [17, 4, 18, 5], [19, 7, 20, 6], [21, 9, 22, 8], [23, 3, 24, 2], [1, 14, 2, 15]]"
12a_0583_137,"[[1, 14, 2, 15], [3, 12, 4, 13], [5, 10, 6, 11], [7, 21, 8, 20], [9, 19, 10, 18], [11, 22, 12, 23], [13, 17, 14, 16], [15, 24, 16, 1], [17, 4, 18, 5], [19, 7, 20, 6], [21, 9, 22, 8], [23, 3, 24, 2]]"
12a_0583_138,"[[23, 3, 24, 2], [1, 14, 2, 15], [3, 12, 4, 13], [5, 10, 6, 11], [7, 21, 8, 20], [9, 19, 10, 18], [11, 22, 12, 23], [13, 17, 14, 16], [15, 24, 16, 1], [17, 4, 18, 5], [19, 7, 20, 6], [21, 9, 22, 8]]"
12a_0583_139,"[[21, 9, 22, 8], [23, 3, 24, 2], [1, 14, 2, 15], [3, 12, 4, 13], [5, 10, 6, 11], [7, 21, 8, 20], [9, 19, 10, 18], [11, 22, 12, 23], [13, 17, 14, 16], [15, 24, 16, 1], [17, 4, 18, 5], [19, 7, 20, 6]]"
12a_0583_140,"[[19, 7, 20, 6], [21, 9, 22, 8], [23, 3, 24, 2], [1, 14, 2, 15], [3, 12, 4, 13], [5, 10, 6, 11], [7, 21, 8, 20], [9, 19, 10, 18], [11, 22, 12, 23], [13, 17, 14, 16], [15, 24, 16, 1], [17, 4, 18, 5]]"
12a_0583_141,"[[17, 4, 18, 5], [19, 7, 20, 6], [21, 9, 22, 8], [23, 3, 24, 2], [1, 14, 2, 15], [3, 12, 4, 13], [5, 10, 6, 11], [7, 21, 8, 20], [9, 19, 10, 18], [11, 22, 12, 23], [13, 17, 14, 16], [15, 24, 16, 1]]"
12a_0583_142,"[[15, 24, 16, 1], [17, 4, 18, 5], [19, 7, 20, 6], [21, 9, 22, 8], [23, 3, 24, 2], [1, 14, 2, 15], [3, 12, 4, 13], [5, 10, 6, 11], [7, 21, 8, 20], [9, 19, 10, 18], [11, 22, 12, 23], [13, 17, 14, 16]]"
12a_0583_143,"[[13, 17, 14, 16], [15, 24, 16, 1], [17, 4, 18, 5], [19, 7, 20, 6], [21, 9, 22, 8], [23, 3, 24, 2], [1, 14, 2, 15], [3, 12, 4, 13], [5, 10, 6, 11], [7, 21, 8, 20], [9, 19, 10, 18], [11, 22, 12, 23]]"
12a_0583_144,"[[12, 23, 13, 24], [14, 18, 15, 17], [16, 1, 17, 2], [18, 5, 19, 6], [20, 8, 21, 7], [22, 10, 23, 9], [24, 4, 1, 3], [2, 15, 3, 16], [4, 13, 5, 14], [6, 11, 7, 12], [8, 22, 9, 21], [10, 20, 11, 19]]"
12a_0583_145,"[[10, 20, 11, 19], [12, 23, 13, 24], [14, 18, 15, 17], [16, 1, 17, 2], [18, 5, 19, 6], [20, 8, 21, 7], [22, 10, 23, 9], [24, 4, 1, 3], [2, 15, 3, 16], [4, 13, 5, 14], [6, 11, 7, 12], [8, 22, 9, 21]]"
12a_0583_146,"[[8, 22, 9, 21], [10, 20, 11, 19], [12, 23, 13, 24], [14, 18, 15, 17], [16, 1, 17, 2], [18, 5, 19, 6], [20, 8, 21, 7], [22, 10, 23, 9], [24, 4, 1, 3], [2, 15, 3, 16], [4, 13, 5, 14], [6, 11, 7, 12]]"
12a_0583_147,"[[6, 11, 7, 12], [8, 22, 9, 21], [10, 20, 11, 19], [12, 23, 13, 24], [14, 18, 15, 17], [16, 1, 17, 2], [18, 5, 19, 6], [20, 8, 21, 7], [22, 10, 23, 9], [24, 4, 1, 3], [2, 15, 3, 16], [4, 13, 5, 14]]"
12a_0583_148,"[[4, 13, 5, 14], [6, 11, 7, 12], [8, 22, 9, 21], [10, 20, 11, 19], [12, 23, 13, 24], [14, 18, 15, 17], [16, 1, 17, 2], [18, 5, 19, 6], [20, 8, 21, 7], [22, 10, 23, 9], [24, 4, 1, 3], [2, 15, 3, 16]]"
12a_0583_149,"[[2, 15, 3, 16], [4, 13, 5, 14], [6, 11, 7, 12], [8, 22, 9, 21], [10, 20, 11, 19], [12, 23, 13, 24], [14, 18, 15, 17], [16, 1, 17, 2], [18, 5, 19, 6], [20, 8, 21, 7], [22, 10, 23, 9], [24, 4, 1, 3]]"
12a_0583_150,"[[24, 4, 1, 3], [2, 15, 3, 16], [4, 13, 5, 14], [6, 11, 7, 12], [8, 22, 9, 21], [10, 20, 11, 19], [12, 23, 13, 24], [14, 18, 15, 17], [16, 1, 17, 2], [18, 5, 19, 6], [20, 8, 21, 7], [22, 10, 23, 9]]"
12a_0583_151,"[[22, 10, 23, 9], [24, 4, 1, 3], [2, 15, 3, 16], [4, 13, 5, 14], [6, 11, 7, 12], [8, 22, 9, 21], [10, 20, 11, 19], [12, 23, 13, 24], [14, 18, 15, 17], [16, 1, 17, 2], [18, 5, 19, 6], [20, 8, 21, 7]]"
12a_0583_152,"[[20, 8, 21, 7], [22, 10, 23, 9], [24, 4, 1, 3], [2, 15, 3, 16], [4, 13, 5, 14], [6, 11, 7, 12], [8, 22, 9, 21], [10, 20, 11, 19], [12, 23, 13, 24], [14, 18, 15, 17], [16, 1, 17, 2], [18, 5, 19, 6]]"
12a_0583_153,"[[18, 5, 19, 6], [20, 8, 21, 7], [22, 10, 23, 9], [24, 4, 1, 3], [2, 15, 3, 16], [4, 13, 5, 14], [6, 11, 7, 12], [8, 22, 9, 21], [10, 20, 11, 19], [12, 23, 13, 24], [14, 18, 15, 17], [16, 1, 17, 2]]"
12a_0583_154,"[[16, 1, 17, 2], [18, 5, 19, 6], [20, 8, 21, 7], [22, 10, 23, 9], [24, 4, 1, 3], [2, 15, 3, 16], [4, 13, 5, 14], [6, 11, 7, 12], [8, 22, 9, 21], [10, 20, 11, 19], [12, 23, 13, 24], [14, 18, 15, 17]]"
12a_0583_155,"[[14, 18, 15, 17], [16, 1, 17, 2], [18, 5, 19, 6], [20, 8, 21, 7], [22, 10, 23, 9], [24, 4, 1, 3], [2, 15, 3, 16], [4, 13, 5, 14], [6, 11, 7, 12], [8, 22, 9, 21], [10, 20, 11, 19], [12, 23, 13, 24]]"
12a_0583_156,"[[13, 24, 14, 1], [15, 19, 16, 18], [17, 2, 18, 3], [19, 6, 20, 7], [21, 9, 22, 8], [23, 11, 24, 10], [1, 5, 2, 4], [3, 16, 4, 17], [5, 14, 6, 15], [7, 12, 8, 13], [9, 23, 10, 22], [11, 21, 12, 20]]"
12a_0583_157,"[[11, 21, 12, 20], [13, 24, 14, 1], [15, 19, 16, 18], [17, 2, 18, 3], [19, 6, 20, 7], [21, 9, 22, 8], [23, 11, 24, 10], [1, 5, 2, 4], [3, 16, 4, 17], [5, 14, 6, 15], [7, 12, 8, 13], [9, 23, 10, 22]]"
12a_0583_158,"[[9, 23, 10, 22], [11, 21, 12, 20], [13, 24, 14, 1], [15, 19, 16, 18], [17, 2, 18, 3], [19, 6, 20, 7], [21, 9, 22, 8], [23, 11, 24, 10], [1, 5, 2, 4], [3, 16, 4, 17], [5, 14, 6, 15], [7, 12, 8, 13]]"
12a_0583_159,"[[7, 12, 8, 13], [9, 23, 10, 22], [11, 21, 12, 20], [13, 24, 14, 1], [15, 19, 16, 18], [17, 2, 18, 3], [19, 6, 20, 7], [21, 9, 22, 8], [23, 11, 24, 10], [1, 5, 2, 4], [3, 16, 4, 17], [5, 14, 6, 15]]"
12a_0583_160,"[[5, 14, 6, 15], [7, 12, 8, 13], [9, 23, 10, 22], [11, 21, 12, 20], [13, 24, 14, 1], [15, 19, 16, 18], [17, 2, 18, 3], [19, 6, 20, 7], [21, 9, 22, 8], [23, 11, 24, 10], [1, 5, 2, 4], [3, 16, 4, 17]]"
12a_0583_161,"[[3, 16, 4, 17], [5, 14, 6, 15], [7, 12, 8, 13], [9, 23, 10, 22], [11, 21, 12, 20], [13, 24, 14, 1], [15, 19, 16, 18], [17, 2, 18, 3], [19, 6, 20, 7], [21, 9, 22, 8], [23, 11, 24, 10], [1, 5, 2, 4]]"
12a_0583_162,"[[1, 5, 2, 4], [3, 16, 4, 17], [5, 14, 6, 15], [7, 12, 8, 13], [9, 23, 10, 22], [11, 21, 12, 20], [13, 24, 14, 1], [15, 19, 16, 18], [17, 2, 18, 3], [19, 6, 20, 7], [21, 9, 22, 8], [23, 11, 24, 10]]"
12a_0583_163,"[[23, 11, 24, 10], [1, 5, 2, 4], [3, 16, 4, 17], [5, 14, 6, 15], [7, 12, 8, 13], [9, 23, 10, 22], [11, 21, 12, 20], [13, 24, 14, 1], [15, 19, 16, 18], [17, 2, 18, 3], [19, 6, 20, 7], [21, 9, 22, 8]]"
12a_0583_164,"[[21, 9, 22, 8], [23, 11, 24, 10], [1, 5, 2, 4], [3, 16, 4, 17], [5, 14, 6, 15], [7, 12, 8, 13], [9, 23, 10, 22], [11, 21, 12, 20], [13, 24, 14, 1], [15, 19, 16, 18], [17, 2, 18, 3], [19, 6, 20, 7]]"
12a_0583_165,"[[19, 6, 20, 7], [21, 9, 22, 8], [23, 11, 24, 10], [1, 5, 2, 4], [3, 16, 4, 17], [5, 14, 6, 15], [7, 12, 8, 13], [9, 23, 10, 22], [11, 21, 12, 20], [13, 24, 14, 1], [15, 19, 16, 18], [17, 2, 18, 3]]"
12a_0583_166,"[[17, 2, 18, 3], [19, 6, 20, 7], [21, 9, 22, 8], [23, 11, 24, 10], [1, 5, 2, 4], [3, 16, 4, 17], [5, 14, 6, 15], [7, 12, 8, 13], [9, 23, 10, 22], [11, 21, 12, 20], [13, 24, 14, 1], [15, 19, 16, 18]]"
12a_0583_167,"[[15, 19, 16, 18], [17, 2, 18, 3], [19, 6, 20, 7], [21, 9, 22, 8], [23, 11, 24, 10], [1, 5, 2, 4], [3, 16, 4, 17], [5, 14, 6, 15], [7, 12, 8, 13], [9, 23, 10, 22], [11, 21, 12, 20], [13, 24, 14, 1]]"
12a_0583_168,"[[14, 1, 15, 2], [16, 20, 17, 19], [18, 3, 19, 4], [20, 7, 21, 8], [22, 10, 23, 9], [24, 12, 1, 11], [2, 6, 3, 5], [4, 17, 5, 18], [6, 15, 7, 16], [8, 13, 9, 14], [10, 24, 11, 23], [12, 22, 13, 21]]"
12a_0583_169,"[[12, 22, 13, 21], [14, 1, 15, 2], [16, 20, 17, 19], [18, 3, 19, 4], [20, 7, 21, 8], [22, 10, 23, 9], [24, 12, 1, 11], [2, 6, 3, 5], [4, 17, 5, 18], [6, 15, 7, 16], [8, 13, 9, 14], [10, 24, 11, 23]]"
12a_0583_170,"[[10, 24, 11, 23], [12, 22, 13, 21], [14, 1, 15, 2], [16, 20, 17, 19], [18, 3, 19, 4], [20, 7, 21, 8], [22, 10, 23, 9], [24, 12, 1, 11], [2, 6, 3, 5], [4, 17, 5, 18], [6, 15, 7, 16], [8, 13, 9, 14]]"
12a_0583_171,"[[8, 13, 9, 14], [10, 24, 11, 23], [12, 22, 13, 21], [14, 1, 15, 2], [16, 20, 17, 19], [18, 3, 19, 4], [20, 7, 21, 8], [22, 10, 23, 9], [24, 12, 1, 11], [2, 6, 3, 5], [4, 17, 5, 18], [6, 15, 7, 16]]"
12a_0583_172,"[[6, 15, 7, 16], [8, 13, 9, 14], [10, 24, 11, 23], [12, 22, 13, 21], [14, 1, 15, 2], [16, 20, 17, 19], [18, 3, 19, 4], [20, 7, 21, 8], [22, 10, 23, 9], [24, 12, 1, 11], [2, 6, 3, 5], [4, 17, 5, 18]]"
12a_0583_173,"[[4, 17, 5, 18], [6, 15, 7, 16], [8, 13, 9, 14], [10, 24, 11, 23], [12, 22, 13, 21], [14, 1, 15, 2], [16, 20, 17, 19], [18, 3, 19, 4], [20, 7, 21, 8], [22, 10, 23, 9], [24, 12, 1, 11], [2, 6, 3, 5]]"
12a_0583_174,"[[2, 6, 3, 5], [4, 17, 5, 18], [6, 15, 7, 16], [8, 13, 9, 14], [10, 24, 11, 23], [12, 22, 13, 21], [14, 1, 15, 2], [16, 20, 17, 19], [18, 3, 19, 4], [20, 7, 21, 8], [22, 10, 23, 9], [24, 12, 1, 11]]"
12a_0583_175,"[[24, 12, 1, 11], [2, 6, 3, 5], [4, 17, 5, 18], [6, 15, 7, 16], [8, 13, 9, 14], [10, 24, 11, 23], [12, 22, 13, 21], [14, 1, 15, 2], [16, 20, 17, 19], [18, 3, 19, 4], [20, 7, 21, 8], [22, 10, 23, 9]]"
12a_0583_176,"[[22, 10, 23, 9], [24, 12, 1, 11], [2, 6, 3, 5], [4, 17, 5, 18], [6, 15, 7, 16], [8, 13, 9, 14], [10, 24, 11, 23], [12, 22, 13, 21], [14, 1, 15, 2], [16, 20, 17, 19], [18, 3, 19, 4], [20, 7, 21, 8]]"
12a_0583_177,"[[20, 7, 21, 8], [22, 10, 23, 9], [24, 12, 1, 11], [2, 6, 3, 5], [4, 17, 5, 18], [6, 15, 7, 16], [8, 13, 9, 14], [10, 24, 11, 23], [12, 22, 13, 21], [14, 1, 15, 2], [16, 20, 17, 19], [18, 3, 19, 4]]"
12a_0583_178,"[[18, 3, 19, 4], [20, 7, 21, 8], [22, 10, 23, 9], [24, 12, 1, 11], [2, 6, 3, 5], [4, 17, 5, 18], [6, 15, 7, 16], [8, 13, 9, 14], [10, 24, 11, 23], [12, 22, 13, 21], [14, 1, 15, 2], [16, 20, 17, 19]]"
12a_0583_179,"[[16, 20, 17, 19], [18, 3, 19, 4], [20, 7, 21, 8], [22, 10, 23, 9], [24, 12, 1, 11], [2, 6, 3, 5], [4, 17, 5, 18], [6, 15, 7, 16], [8, 13, 9, 14], [10, 24, 11, 23], [12, 22, 13, 21], [14, 1, 15, 2]]"
12a_0583_180,"[[15, 2, 16, 3], [17, 21, 18, 20], [19, 4, 20, 5], [21, 8, 22, 9], [23, 11, 24, 10], [1, 13, 2, 12], [3, 7, 4, 6], [5, 18, 6, 19], [7, 16, 8, 17], [9, 14, 10, 15], [11, 1, 12, 24], [13, 23, 14, 22]]"
12a_0583_181,"[[13, 23, 14, 22], [15, 2, 16, 3], [17, 21, 18, 20], [19, 4, 20, 5], [21, 8, 22, 9], [23, 11, 24, 10], [1, 13, 2, 12], [3, 7, 4, 6], [5, 18, 6, 19], [7, 16, 8, 17], [9, 14, 10, 15], [11, 1, 12, 24]]"
12a_0583_182,"[[11, 1, 12, 24], [13, 23, 14, 22], [15, 2, 16, 3], [17, 21, 18, 20], [19, 4, 20, 5], [21, 8, 22, 9], [23, 11, 24, 10], [1, 13, 2, 12], [3, 7, 4, 6], [5, 18, 6, 19], [7, 16, 8, 17], [9, 14, 10, 15]]"
12a_0583_183,"[[9, 14, 10, 15], [11, 1, 12, 24], [13, 23, 14, 22], [15, 2, 16, 3], [17, 21, 18, 20], [19, 4, 20, 5], [21, 8, 22, 9], [23, 11, 24, 10], [1, 13, 2, 12], [3, 7, 4, 6], [5, 18, 6, 19], [7, 16, 8, 17]]"
12a_0583_184,"[[7, 16, 8, 17], [9, 14, 10, 15], [11, 1, 12, 24], [13, 23, 14, 22], [15, 2, 16, 3], [17, 21, 18, 20], [19, 4, 20, 5], [21, 8, 22, 9], [23, 11, 24, 10], [1, 13, 2, 12], [3, 7, 4, 6], [5, 18, 6, 19]]"
12a_0583_185,"[[5, 18, 6, 19], [7, 16, 8, 17], [9, 14, 10, 15], [11, 1, 12, 24], [13, 23, 14, 22], [15, 2, 16, 3], [17, 21, 18, 20], [19, 4, 20, 5], [21, 8, 22, 9], [23, 11, 24, 10], [1, 13, 2, 12], [3, 7, 4, 6]]"
