name,pd_notation
12a_0213_0,"[[24, 20, 1, 19], [2, 6, 3, 5], [4, 11, 5, 12], [6, 14, 7, 13], [8, 18, 9, 17], [10, 15, 11, 16], [12, 3, 13, 4], [14, 2, 15, 1], [16, 21, 17, 22], [18, 24, 19, 23], [20, 8, 21, 7], [22, 9, 23, 10]]"
12a_0213_1,"[[22, 9, 23, 10], [24, 20, 1, 19], [2, 6, 3, 5], [4, 11, 5, 12], [6, 14, 7, 13], [8, 18, 9, 17], [10, 15, 11, 16], [12, 3, 13, 4], [14, 2, 15, 1], [16, 21, 17, 22], [18, 24, 19, 23], [20, 8, 21, 7]]"
12a_0213_2,"[[20, 8, 21, 7], [22, 9, 23, 10], [24, 20, 1, 19], [2, 6, 3, 5], [4, 11, 5, 12], [6, 14, 7, 13], [8, 18, 9, 17], [10, 15, 11, 16], [12, 3, 13, 4], [14, 2, 15, 1], [16, 21, 17, 22], [18, 24, 19, 23]]"
12a_0213_3,"[[18, 24, 19, 23], [20, 8, 21, 7], [22, 9, 23, 10], [24, 20, 1, 19], [2, 6, 3, 5], [4, 11, 5, 12], [6, 14, 7, 13], [8, 18, 9, 17], [10, 15, 11, 16], [12, 3, 13, 4], [14, 2, 15, 1], [16, 21, 17, 22]]"
12a_0213_4,"[[16, 21, 17, 22], [18, 24, 19, 23], [20, 8, 21, 7], [22, 9, 23, 10], [24, 20, 1, 19], [2, 6, 3, 5], [4, 11, 5, 12], [6, 14, 7, 13], [8, 18, 9, 17], [10, 15, 11, 16], [12, 3, 13, 4], [14, 2, 15, 1]]"
12a_0213_5,"[[14, 2, 15, 1], [16, 21, 17, 22], [18, 24, 19, 23], [20, 8, 21, 7], [22, 9, 23, 10], [24, 20, 1, 19], [2, 6, 3, 5], [4, 11, 5, 12], [6, 14, 7, 13], [8, 18, 9, 17], [10, 15, 11, 16], [12, 3, 13, 4]]"
12a_0213_6,"[[12, 3, 13, 4], [14, 2, 15, 1], [16, 21, 17, 22], [18, 24, 19, 23], [20, 8, 21, 7], [22, 9, 23, 10], [24, 20, 1, 19], [2, 6, 3, 5], [4, 11, 5, 12], [6, 14, 7, 13], [8, 18, 9, 17], [10, 15, 11, 16]]"
12a_0213_7,"[[10, 15, 11, 16], [12, 3, 13, 4], [14, 2, 15, 1], [16, 21, 17, 22], [18, 24, 19, 23], [20, 8, 21, 7], [22, 9, 23, 10], [24, 20, 1, 19], [2, 6, 3, 5], [4, 11, 5, 12], [6, 14, 7, 13], [8, 18, 9, 17]]"
12a_0213_8,"[[8, 18, 9, 17], [10, 15, 11, 16], [12, 3, 13, 4], [14, 2, 15, 1], [16, 21, 17, 22], [18, 24, 19, 23], [20, 8, 21, 7], [22, 9, 23, 10], [24, 20, 1, 19], [2, 6, 3, 5], [4, 11, 5, 12], [6, 14, 7, 13]]"
12a_0213_9,"[[6, 14, 7, 13], [8, 18, 9, 17], [10, 15, 11, 16], [12, 3, 13, 4], [14, 2, 15, 1], [16, 21, 17, 22], [18, 24, 19, 23], [20, 8, 21, 7], [22, 9, 23, 10], [24, 20, 1, 19], [2, 6, 3, 5], [4, 11, 5, 12]]"
12a_0213_10,"[[4, 11, 5, 12], [6, 14, 7, 13], [8, 18, 9, 17], [10, 15, 11, 16], [12, 3, 13, 4], [14, 2, 15, 1], [16, 21, 17, 22], [18, 24, 19, 23], [20, 8, 21, 7], [22, 9, 23, 10], [24, 20, 1, 19], [2, 6, 3, 5]]"
12a_0213_11,"[[2, 6, 3, 5], [4, 11, 5, 12], [6, 14, 7, 13], [8, 18, 9, 17], [10, 15, 11, 16], [12, 3, 13, 4], [14, 2, 15, 1], [16, 21, 17, 22], [18, 24, 19, 23], [20, 8, 21, 7], [22, 9, 23, 10], [24, 20, 1, 19]]"
12a_0213_12,"[[1, 21, 2, 20], [3, 7, 4, 6], [5, 12, 6, 13], [7, 15, 8, 14], [9, 19, 10, 18], [11, 16, 12, 17], [13, 4, 14, 5], [15, 3, 16, 2], [17, 22, 18, 23], [19, 1, 20, 24], [21, 9, 22, 8], [23, 10, 24, 11]]"
12a_0213_13,"[[23, 10, 24, 11], [1, 21, 2, 20], [3, 7, 4, 6], [5, 12, 6, 13], [7, 15, 8, 14], [9, 19, 10, 18], [11, 16, 12, 17], [13, 4, 14, 5], [15, 3, 16, 2], [17, 22, 18, 23], [19, 1, 20, 24], [21, 9, 22, 8]]"
12a_0213_14,"[[21, 9, 22, 8], [23, 10, 24, 11], [1, 21, 2, 20], [3, 7, 4, 6], [5, 12, 6, 13], [7, 15, 8, 14], [9, 19, 10, 18], [11, 16, 12, 17], [13, 4, 14, 5], [15, 3, 16, 2], [17, 22, 18, 23], [19, 1, 20, 24]]"
12a_0213_15,"[[19, 1, 20, 24], [21, 9, 22, 8], [23, 10, 24, 11], [1, 21, 2, 20], [3, 7, 4, 6], [5, 12, 6, 13], [7, 15, 8, 14], [9, 19, 10, 18], [11, 16, 12, 17], [13, 4, 14, 5], [15, 3, 16, 2], [17, 22, 18, 23]]"
12a_0213_16,"[[17, 22, 18, 23], [19, 1, 20, 24], [21, 9, 22, 8], [23, 10, 24, 11], [1, 21, 2, 20], [3, 7, 4, 6], [5, 12, 6, 13], [7, 15, 8, 14], [9, 19, 10, 18], [11, 16, 12, 17], [13, 4, 14, 5], [15, 3, 16, 2]]"
12a_0213_17,"[[15, 3, 16, 2], [17, 22, 18, 23], [19, 1, 20, 24], [21, 9, 22, 8], [23, 10, 24, 11], [1, 21, 2, 20], [3, 7, 4, 6], [5, 12, 6, 13], [7, 15, 8, 14], [9, 19, 10, 18], [11, 16, 12, 17], [13, 4, 14, 5]]"
12a_0213_18,"[[13, 4, 14, 5], [15, 3, 16, 2], [17, 22, 18, 23], [19, 1, 20, 24], [21, 9, 22, 8], [23, 10, 24, 11], [1, 21, 2, 20], [3, 7, 4, 6], [5, 12, 6, 13], [7, 15, 8, 14], [9, 19, 10, 18], [11, 16, 12, 17]]"
12a_0213_19,"[[11, 16, 12, 17], [13, 4, 14, 5], [15, 3, 16, 2], [17, 22, 18, 23], [19, 1, 20, 24], [21, 9, 22, 8], [23, 10, 24, 11], [1, 21, 2, 20], [3, 7, 4, 6], [5, 12, 6, 13], [7, 15, 8, 14], [9, 19, 10, 18]]"
12a_0213_20,"[[9, 19, 10, 18], [11, 16, 12, 17], [13, 4, 14, 5], [15, 3, 16, 2], [17, 22, 18, 23], [19, 1, 20, 24], [21, 9, 22, 8], [23, 10, 24, 11], [1, 21, 2, 20], [3, 7, 4, 6], [5, 12, 6, 13], [7, 15, 8, 14]]"
12a_0213_21,"[[7, 15, 8, 14], [9, 19, 10, 18], [11, 16, 12, 17], [13, 4, 14, 5], [15, 3, 16, 2], [17, 22, 18, 23], [19, 1, 20, 24], [21, 9, 22, 8], [23, 10, 24, 11], [1, 21, 2, 20], [3, 7, 4, 6], [5, 12, 6, 13]]"
12a_0213_22,"[[5, 12, 6, 13], [7, 15, 8, 14], [9, 19, 10, 18], [11, 16, 12, 17], [13, 4, 14, 5], [15, 3, 16, 2], [17, 22, 18, 23], [19, 1, 20, 24], [21, 9, 22, 8], [23, 10, 24, 11], [1, 21, 2, 20], [3, 7, 4, 6]]"
12a_0213_23,"[[3, 7, 4, 6], [5, 12, 6, 13], [7, 15, 8, 14], [9, 19, 10, 18], [11, 16, 12, 17], [13, 4, 14, 5], [15, 3, 16, 2], [17, 22, 18, 23], [19, 1, 20, 24], [21, 9, 22, 8], [23, 10, 24, 11], [1, 21, 2, 20]]"
12a_0213_24,"[[2, 22, 3, 21], [4, 8, 5, 7], [6, 13, 7, 14], [8, 16, 9, 15], [10, 20, 11, 19], [12, 17, 13, 18], [14, 5, 15, 6], [16, 4, 17, 3], [18, 23, 19, 24], [20, 2, 21, 1], [22, 10, 23, 9], [24, 11, 1, 12]]"
12a_0213_25,"[[24, 11, 1, 12], [2, 22, 3, 21], [4, 8, 5, 7], [6, 13, 7, 14], [8, 16, 9, 15], [10, 20, 11, 19], [12, 17, 13, 18], [14, 5, 15, 6], [16, 4, 17, 3], [18, 23, 19, 24], [20, 2, 21, 1], [22, 10, 23, 9]]"
12a_0213_26,"[[22, 10, 23, 9], [24, 11, 1, 12], [2, 22, 3, 21], [4, 8, 5, 7], [6, 13, 7, 14], [8, 16, 9, 15], [10, 20, 11, 19], [12, 17, 13, 18], [14, 5, 15, 6], [16, 4, 17, 3], [18, 23, 19, 24], [20, 2, 21, 1]]"
12a_0213_27,"[[20, 2, 21, 1], [22, 10, 23, 9], [24, 11, 1, 12], [2, 22, 3, 21], [4, 8, 5, 7], [6, 13, 7, 14], [8, 16, 9, 15], [10, 20, 11, 19], [12, 17, 13, 18], [14, 5, 15, 6], [16, 4, 17, 3], [18, 23, 19, 24]]"
12a_0213_28,"[[18, 23, 19, 24], [20, 2, 21, 1], [22, 10, 23, 9], [24, 11, 1, 12], [2, 22, 3, 21], [4, 8, 5, 7], [6, 13, 7, 14], [8, 16, 9, 15], [10, 20, 11, 19], [12, 17, 13, 18], [14, 5, 15, 6], [16, 4, 17, 3]]"
12a_0213_29,"[[16, 4, 17, 3], [18, 23, 19, 24], [20, 2, 21, 1], [22, 10, 23, 9], [24, 11, 1, 12], [2, 22, 3, 21], [4, 8, 5, 7], [6, 13, 7, 14], [8, 16, 9, 15], [10, 20, 11, 19], [12, 17, 13, 18], [14, 5, 15, 6]]"
12a_0213_30,"[[14, 5, 15, 6], [16, 4, 17, 3], [18, 23, 19, 24], [20, 2, 21, 1], [22, 10, 23, 9], [24, 11, 1, 12], [2, 22, 3, 21], [4, 8, 5, 7], [6, 13, 7, 14], [8, 16, 9, 15], [10, 20, 11, 19], [12, 17, 13, 18]]"
12a_0213_31,"[[12, 17, 13, 18], [14, 5, 15, 6], [16, 4, 17, 3], [18, 23, 19, 24], [20, 2, 21, 1], [22, 10, 23, 9], [24, 11, 1, 12], [2, 22, 3, 21], [4, 8, 5, 7], [6, 13, 7, 14], [8, 16, 9, 15], [10, 20, 11, 19]]"
12a_0213_32,"[[10, 20, 11, 19], [12, 17, 13, 18], [14, 5, 15, 6], [16, 4, 17, 3], [18, 23, 19, 24], [20, 2, 21, 1], [22, 10, 23, 9], [24, 11, 1, 12], [2, 22, 3, 21], [4, 8, 5, 7], [6, 13, 7, 14], [8, 16, 9, 15]]"
12a_0213_33,"[[8, 16, 9, 15], [10, 20, 11, 19], [12, 17, 13, 18], [14, 5, 15, 6], [16, 4, 17, 3], [18, 23, 19, 24], [20, 2, 21, 1], [22, 10, 23, 9], [24, 11, 1, 12], [2, 22, 3, 21], [4, 8, 5, 7], [6, 13, 7, 14]]"
12a_0213_34,"[[6, 13, 7, 14], [8, 16, 9, 15], [10, 20, 11, 19], [12, 17, 13, 18], [14, 5, 15, 6], [16, 4, 17, 3], [18, 23, 19, 24], [20, 2, 21, 1], [22, 10, 23, 9], [24, 11, 1, 12], [2, 22, 3, 21], [4, 8, 5, 7]]"
12a_0213_35,"[[4, 8, 5, 7], [6, 13, 7, 14], [8, 16, 9, 15], [10, 20, 11, 19], [12, 17, 13, 18], [14, 5, 15, 6], [16, 4, 17, 3], [18, 23, 19, 24], [20, 2, 21, 1], [22, 10, 23, 9], [24, 11, 1, 12], [2, 22, 3, 21]]"
12a_0213_36,"[[3, 23, 4, 22], [5, 9, 6, 8], [7, 14, 8, 15], [9, 17, 10, 16], [11, 21, 12, 20], [13, 18, 14, 19], [15, 6, 16, 7], [17, 5, 18, 4], [19, 24, 20, 1], [21, 3, 22, 2], [23, 11, 24, 10], [1, 12, 2, 13]]"
12a_0213_37,"[[1, 12, 2, 13], [3, 23, 4, 22], [5, 9, 6, 8], [7, 14, 8, 15], [9, 17, 10, 16], [11, 21, 12, 20], [13, 18, 14, 19], [15, 6, 16, 7], [17, 5, 18, 4], [19, 24, 20, 1], [21, 3, 22, 2], [23, 11, 24, 10]]"
12a_0213_38,"[[23, 11, 24, 10], [1, 12, 2, 13], [3, 23, 4, 22], [5, 9, 6, 8], [7, 14, 8, 15], [9, 17, 10, 16], [11, 21, 12, 20], [13, 18, 14, 19], [15, 6, 16, 7], [17, 5, 18, 4], [19, 24, 20, 1], [21, 3, 22, 2]]"
12a_0213_39,"[[21, 3, 22, 2], [23, 11, 24, 10], [1, 12, 2, 13], [3, 23, 4, 22], [5, 9, 6, 8], [7, 14, 8, 15], [9, 17, 10, 16], [11, 21, 12, 20], [13, 18, 14, 19], [15, 6, 16, 7], [17, 5, 18, 4], [19, 24, 20, 1]]"
12a_0213_40,"[[19, 24, 20, 1], [21, 3, 22, 2], [23, 11, 24, 10], [1, 12, 2, 13], [3, 23, 4, 22], [5, 9, 6, 8], [7, 14, 8, 15], [9, 17, 10, 16], [11, 21, 12, 20], [13, 18, 14, 19], [15, 6, 16, 7], [17, 5, 18, 4]]"
12a_0213_41,"[[17, 5, 18, 4], [19, 24, 20, 1], [21, 3, 22, 2], [23, 11, 24, 10], [1, 12, 2, 13], [3, 23, 4, 22], [5, 9, 6, 8], [7, 14, 8, 15], [9, 17, 10, 16], [11, 21, 12, 20], [13, 18, 14, 19], [15, 6, 16, 7]]"
12a_0213_42,"[[15, 6, 16, 7], [17, 5, 18, 4], [19, 24, 20, 1], [21, 3, 22, 2], [23, 11, 24, 10], [1, 12, 2, 13], [3, 23, 4, 22], [5, 9, 6, 8], [7, 14, 8, 15], [9, 17, 10, 16], [11, 21, 12, 20], [13, 18, 14, 19]]"
12a_0213_43,"[[13, 18, 14, 19], [15, 6, 16, 7], [17, 5, 18, 4], [19, 24, 20, 1], [21, 3, 22, 2], [23, 11, 24, 10], [1, 12, 2, 13], [3, 23, 4, 22], [5, 9, 6, 8], [7, 14, 8, 15], [9, 17, 10, 16], [11, 21, 12, 20]]"
12a_0213_44,"[[11, 21, 12, 20], [13, 18, 14, 19], [15, 6, 16, 7], [17, 5, 18, 4], [19, 24, 20, 1], [21, 3, 22, 2], [23, 11, 24, 10], [1, 12, 2, 13], [3, 23, 4, 22], [5, 9, 6, 8], [7, 14, 8, 15], [9, 17, 10, 16]]"
12a_0213_45,"[[9, 17, 10, 16], [11, 21, 12, 20], [13, 18, 14, 19], [15, 6, 16, 7], [17, 5, 18, 4], [19, 24, 20, 1], [21, 3, 22, 2], [23, 11, 24, 10], [1, 12, 2, 13], [3, 23, 4, 22], [5, 9, 6, 8], [7, 14, 8, 15]]"
12a_0213_46,"[[7, 14, 8, 15], [9, 17, 10, 16], [11, 21, 12, 20], [13, 18, 14, 19], [15, 6, 16, 7], [17, 5, 18, 4], [19, 24, 20, 1], [21, 3, 22, 2], [23, 11, 24, 10], [1, 12, 2, 13], [3, 23, 4, 22], [5, 9, 6, 8]]"
12a_0213_47,"[[5, 9, 6, 8], [7, 14, 8, 15], [9, 17, 10, 16], [11, 21, 12, 20], [13, 18, 14, 19], [15, 6, 16, 7], [17, 5, 18, 4], [19, 24, 20, 1], [21, 3, 22, 2], [23, 11, 24, 10], [1, 12, 2, 13], [3, 23, 4, 22]]"
12a_0213_48,"[[4, 24, 5, 23], [6, 10, 7, 9], [8, 15, 9, 16], [10, 18, 11, 17], [12, 22, 13, 21], [14, 19, 15, 20], [16, 7, 17, 8], [18, 6, 19, 5], [20, 1, 21, 2], [22, 4, 23, 3], [24, 12, 1, 11], [2, 13, 3, 14]]"
12a_0213_49,"[[2, 13, 3, 14], [4, 24, 5, 23], [6, 10, 7, 9], [8, 15, 9, 16], [10, 18, 11, 17], [12, 22, 13, 21], [14, 19, 15, 20], [16, 7, 17, 8], [18, 6, 19, 5], [20, 1, 21, 2], [22, 4, 23, 3], [24, 12, 1, 11]]"
12a_0213_50,"[[24, 12, 1, 11], [2, 13, 3, 14], [4, 24, 5, 23], [6, 10, 7, 9], [8, 15, 9, 16], [10, 18, 11, 17], [12, 22, 13, 21], [14, 19, 15, 20], [16, 7, 17, 8], [18, 6, 19, 5], [20, 1, 21, 2], [22, 4, 23, 3]]"
12a_0213_51,"[[22, 4, 23, 3], [24, 12, 1, 11], [2, 13, 3, 14], [4, 24, 5, 23], [6, 10, 7, 9], [8, 15, 9, 16], [10, 18, 11, 17], [12, 22, 13, 21], [14, 19, 15, 20], [16, 7, 17, 8], [18, 6, 19, 5], [20, 1, 21, 2]]"
12a_0213_52,"[[20, 1, 21, 2], [22, 4, 23, 3], [24, 12, 1, 11], [2, 13, 3, 14], [4, 24, 5, 23], [6, 10, 7, 9], [8, 15, 9, 16], [10, 18, 11, 17], [12, 22, 13, 21], [14, 19, 15, 20], [16, 7, 17, 8], [18, 6, 19, 5]]"
12a_0213_53,"[[18, 6, 19, 5], [20, 1, 21, 2], [22, 4, 23, 3], [24, 12, 1, 11], [2, 13, 3, 14], [4, 24, 5, 23], [6, 10, 7, 9], [8, 15, 9, 16], [10, 18, 11, 17], [12, 22, 13, 21], [14, 19, 15, 20], [16, 7, 17, 8]]"
12a_0213_54,"[[16, 7, 17, 8], [18, 6, 19, 5], [20, 1, 21, 2], [22, 4, 23, 3], [24, 12, 1, 11], [2, 13, 3, 14], [4, 24, 5, 23], [6, 10, 7, 9], [8, 15, 9, 16], [10, 18, 11, 17], [12, 22, 13, 21], [14, 19, 15, 20]]"
12a_0213_55,"[[14, 19, 15, 20], [16, 7, 17, 8], [18, 6, 19, 5], [20, 1, 21, 2], [22, 4, 23, 3], [24, 12, 1, 11], [2, 13, 3, 14], [4, 24, 5, 23], [6, 10, 7, 9], [8, 15, 9, 16], [10, 18, 11, 17], [12, 22, 13, 21]]"
12a_0213_56,"[[12, 22, 13, 21], [14, 19, 15, 20], [16, 7, 17, 8], [18, 6, 19, 5], [20, 1, 21, 2], [22, 4, 23, 3], [24, 12, 1, 11], [2, 13, 3, 14], [4, 24, 5, 23], [6, 10, 7, 9], [8, 15, 9, 16], [10, 18, 11, 17]]"
12a_0213_57,"[[10, 18, 11, 17], [12, 22, 13, 21], [14, 19, 15, 20], [16, 7, 17, 8], [18, 6, 19, 5], [20, 1, 21, 2], [22, 4, 23, 3], [24, 12, 1, 11], [2, 13, 3, 14], [4, 24, 5, 23], [6, 10, 7, 9], [8, 15, 9, 16]]"
12a_0213_58,"[[8, 15, 9, 16], [10, 18, 11, 17], [12, 22, 13, 21], [14, 19, 15, 20], [16, 7, 17, 8], [18, 6, 19, 5], [20, 1, 21, 2], [22, 4, 23, 3], [24, 12, 1, 11], [2, 13, 3, 14], [4, 24, 5, 23], [6, 10, 7, 9]]"
12a_0213_59,"[[6, 10, 7, 9], [8, 15, 9, 16], [10, 18, 11, 17], [12, 22, 13, 21], [14, 19, 15, 20], [16, 7, 17, 8], [18, 6, 19, 5], [20, 1, 21, 2], [22, 4, 23, 3], [24, 12, 1, 11], [2, 13, 3, 14], [4, 24, 5, 23]]"
12a_0213_60,"[[5, 1, 6, 24], [7, 11, 8, 10], [9, 16, 10, 17], [11, 19, 12, 18], [13, 23, 14, 22], [15, 20, 16, 21], [17, 8, 18, 9], [19, 7, 20, 6], [21, 2, 22, 3], [23, 5, 24, 4], [1, 13, 2, 12], [3, 14, 4, 15]]"
12a_0213_61,"[[3, 14, 4, 15], [5, 1, 6, 24], [7, 11, 8, 10], [9, 16, 10, 17], [11, 19, 12, 18], [13, 23, 14, 22], [15, 20, 16, 21], [17, 8, 18, 9], [19, 7, 20, 6], [21, 2, 22, 3], [23, 5, 24, 4], [1, 13, 2, 12]]"
12a_0213_62,"[[1, 13, 2, 12], [3, 14, 4, 15], [5, 1, 6, 24], [7, 11, 8, 10], [9, 16, 10, 17], [11, 19, 12, 18], [13, 23, 14, 22], [15, 20, 16, 21], [17, 8, 18, 9], [19, 7, 20, 6], [21, 2, 22, 3], [23, 5, 24, 4]]"
12a_0213_63,"[[23, 5, 24, 4], [1, 13, 2, 12], [3, 14, 4, 15], [5, 1, 6, 24], [7, 11, 8, 10], [9, 16, 10, 17], [11, 19, 12, 18], [13, 23, 14, 22], [15, 20, 16, 21], [17, 8, 18, 9], [19, 7, 20, 6], [21, 2, 22, 3]]"
12a_0213_64,"[[21, 2, 22, 3], [23, 5, 24, 4], [1, 13, 2, 12], [3, 14, 4, 15], [5, 1, 6, 24], [7, 11, 8, 10], [9, 16, 10, 17], [11, 19, 12, 18], [13, 23, 14, 22], [15, 20, 16, 21], [17, 8, 18, 9], [19, 7, 20, 6]]"
12a_0213_65,"[[19, 7, 20, 6], [21, 2, 22, 3], [23, 5, 24, 4], [1, 13, 2, 12], [3, 14, 4, 15], [5, 1, 6, 24], [7, 11, 8, 10], [9, 16, 10, 17], [11, 19, 12, 18], [13, 23, 14, 22], [15, 20, 16, 21], [17, 8, 18, 9]]"
12a_0213_66,"[[17, 8, 18, 9], [19, 7, 20, 6], [21, 2, 22, 3], [23, 5, 24, 4], [1, 13, 2, 12], [3, 14, 4, 15], [5, 1, 6, 24], [7, 11, 8, 10], [9, 16, 10, 17], [11, 19, 12, 18], [13, 23, 14, 22], [15, 20, 16, 21]]"
12a_0213_67,"[[15, 20, 16, 21], [17, 8, 18, 9], [19, 7, 20, 6], [21, 2, 22, 3], [23, 5, 24, 4], [1, 13, 2, 12], [3, 14, 4, 15], [5, 1, 6, 24], [7, 11, 8, 10], [9, 16, 10, 17], [11, 19, 12, 18], [13, 23, 14, 22]]"
12a_0213_68,"[[13, 23, 14, 22], [15, 20, 16, 21], [17, 8, 18, 9], [19, 7, 20, 6], [21, 2, 22, 3], [23, 5, 24, 4], [1, 13, 2, 12], [3, 14, 4, 15], [5, 1, 6, 24], [7, 11, 8, 10], [9, 16, 10, 17], [11, 19, 12, 18]]"
12a_0213_69,"[[11, 19, 12, 18], [13, 23, 14, 22], [15, 20, 16, 21], [17, 8, 18, 9], [19, 7, 20, 6], [21, 2, 22, 3], [23, 5, 24, 4], [1, 13, 2, 12], [3, 14, 4, 15], [5, 1, 6, 24], [7, 11, 8, 10], [9, 16, 10, 17]]"
12a_0213_70,"[[9, 16, 10, 17], [11, 19, 12, 18], [13, 23, 14, 22], [15, 20, 16, 21], [17, 8, 18, 9], [19, 7, 20, 6], [21, 2, 22, 3], [23, 5, 24, 4], [1, 13, 2, 12], [3, 14, 4, 15], [5, 1, 6, 24], [7, 11, 8, 10]]"
12a_0213_71,"[[7, 11, 8, 10], [9, 16, 10, 17], [11, 19, 12, 18], [13, 23, 14, 22], [15, 20, 16, 21], [17, 8, 18, 9], [19, 7, 20, 6], [21, 2, 22, 3], [23, 5, 24, 4], [1, 13, 2, 12], [3, 14, 4, 15], [5, 1, 6, 24]]"
12a_0213_72,"[[6, 2, 7, 1], [8, 12, 9, 11], [10, 17, 11, 18], [12, 20, 13, 19], [14, 24, 15, 23], [16, 21, 17, 22], [18, 9, 19, 10], [20, 8, 21, 7], [22, 3, 23, 4], [24, 6, 1, 5], [2, 14, 3, 13], [4, 15, 5, 16]]"
12a_0213_73,"[[4, 15, 5, 16], [6, 2, 7, 1], [8, 12, 9, 11], [10, 17, 11, 18], [12, 20, 13, 19], [14, 24, 15, 23], [16, 21, 17, 22], [18, 9, 19, 10], [20, 8, 21, 7], [22, 3, 23, 4], [24, 6, 1, 5], [2, 14, 3, 13]]"
12a_0213_74,"[[2, 14, 3, 13], [4, 15, 5, 16], [6, 2, 7, 1], [8, 12, 9, 11], [10, 17, 11, 18], [12, 20, 13, 19], [14, 24, 15, 23], [16, 21, 17, 22], [18, 9, 19, 10], [20, 8, 21, 7], [22, 3, 23, 4], [24, 6, 1, 5]]"
12a_0213_75,"[[24, 6, 1, 5], [2, 14, 3, 13], [4, 15, 5, 16], [6, 2, 7, 1], [8, 12, 9, 11], [10, 17, 11, 18], [12, 20, 13, 19], [14, 24, 15, 23], [16, 21, 17, 22], [18, 9, 19, 10], [20, 8, 21, 7], [22, 3, 23, 4]]"
12a_0213_76,"[[22, 3, 23, 4], [24, 6, 1, 5], [2, 14, 3, 13], [4, 15, 5, 16], [6, 2, 7, 1], [8, 12, 9, 11], [10, 17, 11, 18], [12, 20, 13, 19], [14, 24, 15, 23], [16, 21, 17, 22], [18, 9, 19, 10], [20, 8, 21, 7]]"
12a_0213_77,"[[20, 8, 21, 7], [22, 3, 23, 4], [24, 6, 1, 5], [2, 14, 3, 13], [4, 15, 5, 16], [6, 2, 7, 1], [8, 12, 9, 11], [10, 17, 11, 18], [12, 20, 13, 19], [14, 24, 15, 23], [16, 21, 17, 22], [18, 9, 19, 10]]"
12a_0213_78,"[[18, 9, 19, 10], [20, 8, 21, 7], [22, 3, 23, 4], [24, 6, 1, 5], [2, 14, 3, 13], [4, 15, 5, 16], [6, 2, 7, 1], [8, 12, 9, 11], [10, 17, 11, 18], [12, 20, 13, 19], [14, 24, 15, 23], [16, 21, 17, 22]]"
12a_0213_79,"[[16, 21, 17, 22], [18, 9, 19, 10], [20, 8, 21, 7], [22, 3, 23, 4], [24, 6, 1, 5], [2, 14, 3, 13], [4, 15, 5, 16], [6, 2, 7, 1], [8, 12, 9, 11], [10, 17, 11, 18], [12, 20, 13, 19], [14, 24, 15, 23]]"
12a_0213_80,"[[14, 24, 15, 23], [16, 21, 17, 22], [18, 9, 19, 10], [20, 8, 21, 7], [22, 3, 23, 4], [24, 6, 1, 5], [2, 14, 3, 13], [4, 15, 5, 16], [6, 2, 7, 1], [8, 12, 9, 11], [10, 17, 11, 18], [12, 20, 13, 19]]"
12a_0213_81,"[[12, 20, 13, 19], [14, 24, 15, 23], [16, 21, 17, 22], [18, 9, 19, 10], [20, 8, 21, 7], [22, 3, 23, 4], [24, 6, 1, 5], [2, 14, 3, 13], [4, 15, 5, 16], [6, 2, 7, 1], [8, 12, 9, 11], [10, 17, 11, 18]]"
12a_0213_82,"[[10, 17, 11, 18], [12, 20, 13, 19], [14, 24, 15, 23], [16, 21, 17, 22], [18, 9, 19, 10], [20, 8, 21, 7], [22, 3, 23, 4], [24, 6, 1, 5], [2, 14, 3, 13], [4, 15, 5, 16], [6, 2, 7, 1], [8, 12, 9, 11]]"
12a_0213_83,"[[8, 12, 9, 11], [10, 17, 11, 18], [12, 20, 13, 19], [14, 24, 15, 23], [16, 21, 17, 22], [18, 9, 19, 10], [20, 8, 21, 7], [22, 3, 23, 4], [24, 6, 1, 5], [2, 14, 3, 13], [4, 15, 5, 16], [6, 2, 7, 1]]"
12a_0213_84,"[[7, 3, 8, 2], [9, 13, 10, 12], [11, 18, 12, 19], [13, 21, 14, 20], [15, 1, 16, 24], [17, 22, 18, 23], [19, 10, 20, 11], [21, 9, 22, 8], [23, 4, 24, 5], [1, 7, 2, 6], [3, 15, 4, 14], [5, 16, 6, 17]]"
12a_0213_85,"[[5, 16, 6, 17], [7, 3, 8, 2], [9, 13, 10, 12], [11, 18, 12, 19], [13, 21, 14, 20], [15, 1, 16, 24], [17, 22, 18, 23], [19, 10, 20, 11], [21, 9, 22, 8], [23, 4, 24, 5], [1, 7, 2, 6], [3, 15, 4, 14]]"
12a_0213_86,"[[3, 15, 4, 14], [5, 16, 6, 17], [7, 3, 8, 2], [9, 13, 10, 12], [11, 18, 12, 19], [13, 21, 14, 20], [15, 1, 16, 24], [17, 22, 18, 23], [19, 10, 20, 11], [21, 9, 22, 8], [23, 4, 24, 5], [1, 7, 2, 6]]"
12a_0213_87,"[[1, 7, 2, 6], [3, 15, 4, 14], [5, 16, 6, 17], [7, 3, 8, 2], [9, 13, 10, 12], [11, 18, 12, 19], [13, 21, 14, 20], [15, 1, 16, 24], [17, 22, 18, 23], [19, 10, 20, 11], [21, 9, 22, 8], [23, 4, 24, 5]]"
12a_0213_88,"[[23, 4, 24, 5], [1, 7, 2, 6], [3, 15, 4, 14], [5, 16, 6, 17], [7, 3, 8, 2], [9, 13, 10, 12], [11, 18, 12, 19], [13, 21, 14, 20], [15, 1, 16, 24], [17, 22, 18, 23], [19, 10, 20, 11], [21, 9, 22, 8]]"
12a_0213_89,"[[21, 9, 22, 8], [23, 4, 24, 5], [1, 7, 2, 6], [3, 15, 4, 14], [5, 16, 6, 17], [7, 3, 8, 2], [9, 13, 10, 12], [11, 18, 12, 19], [13, 21, 14, 20], [15, 1, 16, 24], [17, 22, 18, 23], [19, 10, 20, 11]]"
12a_0213_90,"[[19, 10, 20, 11], [21, 9, 22, 8], [23, 4, 24, 5], [1, 7, 2, 6], [3, 15, 4, 14], [5, 16, 6, 17], [7, 3, 8, 2], [9, 13, 10, 12], [11, 18, 12, 19], [13, 21, 14, 20], [15, 1, 16, 24], [17, 22, 18, 23]]"
12a_0213_91,"[[17, 22, 18, 23], [19, 10, 20, 11], [21, 9, 22, 8], [23, 4, 24, 5], [1, 7, 2, 6], [3, 15, 4, 14], [5, 16, 6, 17], [7, 3, 8, 2], [9, 13, 10, 12], [11, 18, 12, 19], [13, 21, 14, 20], [15, 1, 16, 24]]"
12a_0213_92,"[[15, 1, 16, 24], [17, 22, 18, 23], [19, 10, 20, 11], [21, 9, 22, 8], [23, 4, 24, 5], [1, 7, 2, 6], [3, 15, 4, 14], [5, 16, 6, 17], [7, 3, 8, 2], [9, 13, 10, 12], [11, 18, 12, 19], [13, 21, 14, 20]]"
12a_0213_93,"[[13, 21, 14, 20], [15, 1, 16, 24], [17, 22, 18, 23], [19, 10, 20, 11], [21, 9, 22, 8], [23, 4, 24, 5], [1, 7, 2, 6], [3, 15, 4, 14], [5, 16, 6, 17], [7, 3, 8, 2], [9, 13, 10, 12], [11, 18, 12, 19]]"
12a_0213_94,"[[11, 18, 12, 19], [13, 21, 14, 20], [15, 1, 16, 24], [17, 22, 18, 23], [19, 10, 20, 11], [21, 9, 22, 8], [23, 4, 24, 5], [1, 7, 2, 6], [3, 15, 4, 14], [5, 16, 6, 17], [7, 3, 8, 2], [9, 13, 10, 12]]"
12a_0213_95,"[[9, 13, 10, 12], [11, 18, 12, 19], [13, 21, 14, 20], [15, 1, 16, 24], [17, 22, 18, 23], [19, 10, 20, 11], [21, 9, 22, 8], [23, 4, 24, 5], [1, 7, 2, 6], [3, 15, 4, 14], [5, 16, 6, 17], [7, 3, 8, 2]]"
12a_0213_96,"[[8, 4, 9, 3], [10, 14, 11, 13], [12, 19, 13, 20], [14, 22, 15, 21], [16, 2, 17, 1], [18, 23, 19, 24], [20, 11, 21, 12], [22, 10, 23, 9], [24, 5, 1, 6], [2, 8, 3, 7], [4, 16, 5, 15], [6, 17, 7, 18]]"
12a_0213_97,"[[6, 17, 7, 18], [8, 4, 9, 3], [10, 14, 11, 13], [12, 19, 13, 20], [14, 22, 15, 21], [16, 2, 17, 1], [18, 23, 19, 24], [20, 11, 21, 12], [22, 10, 23, 9], [24, 5, 1, 6], [2, 8, 3, 7], [4, 16, 5, 15]]"
12a_0213_98,"[[4, 16, 5, 15], [6, 17, 7, 18], [8, 4, 9, 3], [10, 14, 11, 13], [12, 19, 13, 20], [14, 22, 15, 21], [16, 2, 17, 1], [18, 23, 19, 24], [20, 11, 21, 12], [22, 10, 23, 9], [24, 5, 1, 6], [2, 8, 3, 7]]"
12a_0213_99,"[[2, 8, 3, 7], [4, 16, 5, 15], [6, 17, 7, 18], [8, 4, 9, 3], [10, 14, 11, 13], [12, 19, 13, 20], [14, 22, 15, 21], [16, 2, 17, 1], [18, 23, 19, 24], [20, 11, 21, 12], [22, 10, 23, 9], [24, 5, 1, 6]]"
12a_0213_100,"[[24, 5, 1, 6], [2, 8, 3, 7], [4, 16, 5, 15], [6, 17, 7, 18], [8, 4, 9, 3], [10, 14, 11, 13], [12, 19, 13, 20], [14, 22, 15, 21], [16, 2, 17, 1], [18, 23, 19, 24], [20, 11, 21, 12], [22, 10, 23, 9]]"
12a_0213_101,"[[22, 10, 23, 9], [24, 5, 1, 6], [2, 8, 3, 7], [4, 16, 5, 15], [6, 17, 7, 18], [8, 4, 9, 3], [10, 14, 11, 13], [12, 19, 13, 20], [14, 22, 15, 21], [16, 2, 17, 1], [18, 23, 19, 24], [20, 11, 21, 12]]"
12a_0213_102,"[[20, 11, 21, 12], [22, 10, 23, 9], [24, 5, 1, 6], [2, 8, 3, 7], [4, 16, 5, 15], [6, 17, 7, 18], [8, 4, 9, 3], [10, 14, 11, 13], [12, 19, 13, 20], [14, 22, 15, 21], [16, 2, 17, 1], [18, 23, 19, 24]]"
12a_0213_103,"[[18, 23, 19, 24], [20, 11, 21, 12], [22, 10, 23, 9], [24, 5, 1, 6], [2, 8, 3, 7], [4, 16, 5, 15], [6, 17, 7, 18], [8, 4, 9, 3], [10, 14, 11, 13], [12, 19, 13, 20], [14, 22, 15, 21], [16, 2, 17, 1]]"
12a_0213_104,"[[16, 2, 17, 1], [18, 23, 19, 24], [20, 11, 21, 12], [22, 10, 23, 9], [24, 5, 1, 6], [2, 8, 3, 7], [4, 16, 5, 15], [6, 17, 7, 18], [8, 4, 9, 3], [10, 14, 11, 13], [12, 19, 13, 20], [14, 22, 15, 21]]"
12a_0213_105,"[[14, 22, 15, 21], [16, 2, 17, 1], [18, 23, 19, 24], [20, 11, 21, 12], [22, 10, 23, 9], [24, 5, 1, 6], [2, 8, 3, 7], [4, 16, 5, 15], [6, 17, 7, 18], [8, 4, 9, 3], [10, 14, 11, 13], [12, 19, 13, 20]]"
12a_0213_106,"[[12, 19, 13, 20], [14, 22, 15, 21], [16, 2, 17, 1], [18, 23, 19, 24], [20, 11, 21, 12], [22, 10, 23, 9], [24, 5, 1, 6], [2, 8, 3, 7], [4, 16, 5, 15], [6, 17, 7, 18], [8, 4, 9, 3], [10, 14, 11, 13]]"
12a_0213_107,"[[10, 14, 11, 13], [12, 19, 13, 20], [14, 22, 15, 21], [16, 2, 17, 1], [18, 23, 19, 24], [20, 11, 21, 12], [22, 10, 23, 9], [24, 5, 1, 6], [2, 8, 3, 7], [4, 16, 5, 15], [6, 17, 7, 18], [8, 4, 9, 3]]"
12a_0213_108,"[[9, 5, 10, 4], [11, 15, 12, 14], [13, 20, 14, 21], [15, 23, 16, 22], [17, 3, 18, 2], [19, 24, 20, 1], [21, 12, 22, 13], [23, 11, 24, 10], [1, 6, 2, 7], [3, 9, 4, 8], [5, 17, 6, 16], [7, 18, 8, 19]]"
12a_0213_109,"[[7, 18, 8, 19], [9, 5, 10, 4], [11, 15, 12, 14], [13, 20, 14, 21], [15, 23, 16, 22], [17, 3, 18, 2], [19, 24, 20, 1], [21, 12, 22, 13], [23, 11, 24, 10], [1, 6, 2, 7], [3, 9, 4, 8], [5, 17, 6, 16]]"
12a_0213_110,"[[5, 17, 6, 16], [7, 18, 8, 19], [9, 5, 10, 4], [11, 15, 12, 14], [13, 20, 14, 21], [15, 23, 16, 22], [17, 3, 18, 2], [19, 24, 20, 1], [21, 12, 22, 13], [23, 11, 24, 10], [1, 6, 2, 7], [3, 9, 4, 8]]"
12a_0213_111,"[[3, 9, 4, 8], [5, 17, 6, 16], [7, 18, 8, 19], [9, 5, 10, 4], [11, 15, 12, 14], [13, 20, 14, 21], [15, 23, 16, 22], [17, 3, 18, 2], [19, 24, 20, 1], [21, 12, 22, 13], [23, 11, 24, 10], [1, 6, 2, 7]]"
12a_0213_112,"[[1, 6, 2, 7], [3, 9, 4, 8], [5, 17, 6, 16], [7, 18, 8, 19], [9, 5, 10, 4], [11, 15, 12, 14], [13, 20, 14, 21], [15, 23, 16, 22], [17, 3, 18, 2], [19, 24, 20, 1], [21, 12, 22, 13], [23, 11, 24, 10]]"
12a_0213_113,"[[23, 11, 24, 10], [1, 6, 2, 7], [3, 9, 4, 8], [5, 17, 6, 16], [7, 18, 8, 19], [9, 5, 10, 4], [11, 15, 12, 14], [13, 20, 14, 21], [15, 23, 16, 22], [17, 3, 18, 2], [19, 24, 20, 1], [21, 12, 22, 13]]"
12a_0213_114,"[[21, 12, 22, 13], [23, 11, 24, 10], [1, 6, 2, 7], [3, 9, 4, 8], [5, 17, 6, 16], [7, 18, 8, 19], [9, 5, 10, 4], [11, 15, 12, 14], [13, 20, 14, 21], [15, 23, 16, 22], [17, 3, 18, 2], [19, 24, 20, 1]]"
12a_0213_115,"[[19, 24, 20, 1], [21, 12, 22, 13], [23, 11, 24, 10], [1, 6, 2, 7], [3, 9, 4, 8], [5, 17, 6, 16], [7, 18, 8, 19], [9, 5, 10, 4], [11, 15, 12, 14], [13, 20, 14, 21], [15, 23, 16, 22], [17, 3, 18, 2]]"
12a_0213_116,"[[17, 3, 18, 2], [19, 24, 20, 1], [21, 12, 22, 13], [23, 11, 24, 10], [1, 6, 2, 7], [3, 9, 4, 8], [5, 17, 6, 16], [7, 18, 8, 19], [9, 5, 10, 4], [11, 15, 12, 14], [13, 20, 14, 21], [15, 23, 16, 22]]"
12a_0213_117,"[[15, 23, 16, 22], [17, 3, 18, 2], [19, 24, 20, 1], [21, 12, 22, 13], [23, 11, 24, 10], [1, 6, 2, 7], [3, 9, 4, 8], [5, 17, 6, 16], [7, 18, 8, 19], [9, 5, 10, 4], [11, 15, 12, 14], [13, 20, 14, 21]]"
12a_0213_118,"[[13, 20, 14, 21], [15, 23, 16, 22], [17, 3, 18, 2], [19, 24, 20, 1], [21, 12, 22, 13], [23, 11, 24, 10], [1, 6, 2, 7], [3, 9, 4, 8], [5, 17, 6, 16], [7, 18, 8, 19], [9, 5, 10, 4], [11, 15, 12, 14]]"
12a_0213_119,"[[11, 15, 12, 14], [13, 20, 14, 21], [15, 23, 16, 22], [17, 3, 18, 2], [19, 24, 20, 1], [21, 12, 22, 13], [23, 11, 24, 10], [1, 6, 2, 7], [3, 9, 4, 8], [5, 17, 6, 16], [7, 18, 8, 19], [9, 5, 10, 4]]"
12a_0213_120,"[[10, 6, 11, 5], [12, 16, 13, 15], [14, 21, 15, 22], [16, 24, 17, 23], [18, 4, 19, 3], [20, 1, 21, 2], [22, 13, 23, 14], [24, 12, 1, 11], [2, 7, 3, 8], [4, 10, 5, 9], [6, 18, 7, 17], [8, 19, 9, 20]]"
12a_0213_121,"[[8, 19, 9, 20], [10, 6, 11, 5], [12, 16, 13, 15], [14, 21, 15, 22], [16, 24, 17, 23], [18, 4, 19, 3], [20, 1, 21, 2], [22, 13, 23, 14], [24, 12, 1, 11], [2, 7, 3, 8], [4, 10, 5, 9], [6, 18, 7, 17]]"
12a_0213_122,"[[6, 18, 7, 17], [8, 19, 9, 20], [10, 6, 11, 5], [12, 16, 13, 15], [14, 21, 15, 22], [16, 24, 17, 23], [18, 4, 19, 3], [20, 1, 21, 2], [22, 13, 23, 14], [24, 12, 1, 11], [2, 7, 3, 8], [4, 10, 5, 9]]"
12a_0213_123,"[[4, 10, 5, 9], [6, 18, 7, 17], [8, 19, 9, 20], [10, 6, 11, 5], [12, 16, 13, 15], [14, 21, 15, 22], [16, 24, 17, 23], [18, 4, 19, 3], [20, 1, 21, 2], [22, 13, 23, 14], [24, 12, 1, 11], [2, 7, 3, 8]]"
12a_0213_124,"[[2, 7, 3, 8], [4, 10, 5, 9], [6, 18, 7, 17], [8, 19, 9, 20], [10, 6, 11, 5], [12, 16, 13, 15], [14, 21, 15, 22], [16, 24, 17, 23], [18, 4, 19, 3], [20, 1, 21, 2], [22, 13, 23, 14], [24, 12, 1, 11]]"
12a_0213_125,"[[24, 12, 1, 11], [2, 7, 3, 8], [4, 10, 5, 9], [6, 18, 7, 17], [8, 19, 9, 20], [10, 6, 11, 5], [12, 16, 13, 15], [14, 21, 15, 22], [16, 24, 17, 23], [18, 4, 19, 3], [20, 1, 21, 2], [22, 13, 23, 14]]"
12a_0213_126,"[[22, 13, 23, 14], [24, 12, 1, 11], [2, 7, 3, 8], [4, 10, 5, 9], [6, 18, 7, 17], [8, 19, 9, 20], [10, 6, 11, 5], [12, 16, 13, 15], [14, 21, 15, 22], [16, 24, 17, 23], [18, 4, 19, 3], [20, 1, 21, 2]]"
12a_0213_127,"[[20, 1, 21, 2], [22, 13, 23, 14], [24, 12, 1, 11], [2, 7, 3, 8], [4, 10, 5, 9], [6, 18, 7, 17], [8, 19, 9, 20], [10, 6, 11, 5], [12, 16, 13, 15], [14, 21, 15, 22], [16, 24, 17, 23], [18, 4, 19, 3]]"
12a_0213_128,"[[18, 4, 19, 3], [20, 1, 21, 2], [22, 13, 23, 14], [24, 12, 1, 11], [2, 7, 3, 8], [4, 10, 5, 9], [6, 18, 7, 17], [8, 19, 9, 20], [10, 6, 11, 5], [12, 16, 13, 15], [14, 21, 15, 22], [16, 24, 17, 23]]"
12a_0213_129,"[[16, 24, 17, 23], [18, 4, 19, 3], [20, 1, 21, 2], [22, 13, 23, 14], [24, 12, 1, 11], [2, 7, 3, 8], [4, 10, 5, 9], [6, 18, 7, 17], [8, 19, 9, 20], [10, 6, 11, 5], [12, 16, 13, 15], [14, 21, 15, 22]]"
12a_0213_130,"[[14, 21, 15, 22], [16, 24, 17, 23], [18, 4, 19, 3], [20, 1, 21, 2], [22, 13, 23, 14], [24, 12, 1, 11], [2, 7, 3, 8], [4, 10, 5, 9], [6, 18, 7, 17], [8, 19, 9, 20], [10, 6, 11, 5], [12, 16, 13, 15]]"
12a_0213_131,"[[12, 16, 13, 15], [14, 21, 15, 22], [16, 24, 17, 23], [18, 4, 19, 3], [20, 1, 21, 2], [22, 13, 23, 14], [24, 12, 1, 11], [2, 7, 3, 8], [4, 10, 5, 9], [6, 18, 7, 17], [8, 19, 9, 20], [10, 6, 11, 5]]"
12a_0213_132,"[[11, 7, 12, 6], [13, 17, 14, 16], [15, 22, 16, 23], [17, 1, 18, 24], [19, 5, 20, 4], [21, 2, 22, 3], [23, 14, 24, 15], [1, 13, 2, 12], [3, 8, 4, 9], [5, 11, 6, 10], [7, 19, 8, 18], [9, 20, 10, 21]]"
12a_0213_133,"[[9, 20, 10, 21], [11, 7, 12, 6], [13, 17, 14, 16], [15, 22, 16, 23], [17, 1, 18, 24], [19, 5, 20, 4], [21, 2, 22, 3], [23, 14, 24, 15], [1, 13, 2, 12], [3, 8, 4, 9], [5, 11, 6, 10], [7, 19, 8, 18]]"
12a_0213_134,"[[7, 19, 8, 18], [9, 20, 10, 21], [11, 7, 12, 6], [13, 17, 14, 16], [15, 22, 16, 23], [17, 1, 18, 24], [19, 5, 20, 4], [21, 2, 22, 3], [23, 14, 24, 15], [1, 13, 2, 12], [3, 8, 4, 9], [5, 11, 6, 10]]"
12a_0213_135,"[[5, 11, 6, 10], [7, 19, 8, 18], [9, 20, 10, 21], [11, 7, 12, 6], [13, 17, 14, 16], [15, 22, 16, 23], [17, 1, 18, 24], [19, 5, 20, 4], [21, 2, 22, 3], [23, 14, 24, 15], [1, 13, 2, 12], [3, 8, 4, 9]]"
12a_0213_136,"[[3, 8, 4, 9], [5, 11, 6, 10], [7, 19, 8, 18], [9, 20, 10, 21], [11, 7, 12, 6], [13, 17, 14, 16], [15, 22, 16, 23], [17, 1, 18, 24], [19, 5, 20, 4], [21, 2, 22, 3], [23, 14, 24, 15], [1, 13, 2, 12]]"
12a_0213_137,"[[1, 13, 2, 12], [3, 8, 4, 9], [5, 11, 6, 10], [7, 19, 8, 18], [9, 20, 10, 21], [11, 7, 12, 6], [13, 17, 14, 16], [15, 22, 16, 23], [17, 1, 18, 24], [19, 5, 20, 4], [21, 2, 22, 3], [23, 14, 24, 15]]"
12a_0213_138,"[[23, 14, 24, 15], [1, 13, 2, 12], [3, 8, 4, 9], [5, 11, 6, 10], [7, 19, 8, 18], [9, 20, 10, 21], [11, 7, 12, 6], [13, 17, 14, 16], [15, 22, 16, 23], [17, 1, 18, 24], [19, 5, 20, 4], [21, 2, 22, 3]]"
12a_0213_139,"[[21, 2, 22, 3], [23, 14, 24, 15], [1, 13, 2, 12], [3, 8, 4, 9], [5, 11, 6, 10], [7, 19, 8, 18], [9, 20, 10, 21], [11, 7, 12, 6], [13, 17, 14, 16], [15, 22, 16, 23], [17, 1, 18, 24], [19, 5, 20, 4]]"
12a_0213_140,"[[19, 5, 20, 4], [21, 2, 22, 3], [23, 14, 24, 15], [1, 13, 2, 12], [3, 8, 4, 9], [5, 11, 6, 10], [7, 19, 8, 18], [9, 20, 10, 21], [11, 7, 12, 6], [13, 17, 14, 16], [15, 22, 16, 23], [17, 1, 18, 24]]"
12a_0213_141,"[[17, 1, 18, 24], [19, 5, 20, 4], [21, 2, 22, 3], [23, 14, 24, 15], [1, 13, 2, 12], [3, 8, 4, 9], [5, 11, 6, 10], [7, 19, 8, 18], [9, 20, 10, 21], [11, 7, 12, 6], [13, 17, 14, 16], [15, 22, 16, 23]]"
12a_0213_142,"[[15, 22, 16, 23], [17, 1, 18, 24], [19, 5, 20, 4], [21, 2, 22, 3], [23, 14, 24, 15], [1, 13, 2, 12], [3, 8, 4, 9], [5, 11, 6, 10], [7, 19, 8, 18], [9, 20, 10, 21], [11, 7, 12, 6], [13, 17, 14, 16]]"
12a_0213_143,"[[13, 17, 14, 16], [15, 22, 16, 23], [17, 1, 18, 24], [19, 5, 20, 4], [21, 2, 22, 3], [23, 14, 24, 15], [1, 13, 2, 12], [3, 8, 4, 9], [5, 11, 6, 10], [7, 19, 8, 18], [9, 20, 10, 21], [11, 7, 12, 6]]"
12a_0213_144,"[[12, 8, 13, 7], [14, 18, 15, 17], [16, 23, 17, 24], [18, 2, 19, 1], [20, 6, 21, 5], [22, 3, 23, 4], [24, 15, 1, 16], [2, 14, 3, 13], [4, 9, 5, 10], [6, 12, 7, 11], [8, 20, 9, 19], [10, 21, 11, 22]]"
12a_0213_145,"[[10, 21, 11, 22], [12, 8, 13, 7], [14, 18, 15, 17], [16, 23, 17, 24], [18, 2, 19, 1], [20, 6, 21, 5], [22, 3, 23, 4], [24, 15, 1, 16], [2, 14, 3, 13], [4, 9, 5, 10], [6, 12, 7, 11], [8, 20, 9, 19]]"
12a_0213_146,"[[8, 20, 9, 19], [10, 21, 11, 22], [12, 8, 13, 7], [14, 18, 15, 17], [16, 23, 17, 24], [18, 2, 19, 1], [20, 6, 21, 5], [22, 3, 23, 4], [24, 15, 1, 16], [2, 14, 3, 13], [4, 9, 5, 10], [6, 12, 7, 11]]"
12a_0213_147,"[[6, 12, 7, 11], [8, 20, 9, 19], [10, 21, 11, 22], [12, 8, 13, 7], [14, 18, 15, 17], [16, 23, 17, 24], [18, 2, 19, 1], [20, 6, 21, 5], [22, 3, 23, 4], [24, 15, 1, 16], [2, 14, 3, 13], [4, 9, 5, 10]]"
12a_0213_148,"[[4, 9, 5, 10], [6, 12, 7, 11], [8, 20, 9, 19], [10, 21, 11, 22], [12, 8, 13, 7], [14, 18, 15, 17], [16, 23, 17, 24], [18, 2, 19, 1], [20, 6, 21, 5], [22, 3, 23, 4], [24, 15, 1, 16], [2, 14, 3, 13]]"
12a_0213_149,"[[2, 14, 3, 13], [4, 9, 5, 10], [6, 12, 7, 11], [8, 20, 9, 19], [10, 21, 11, 22], [12, 8, 13, 7], [14, 18, 15, 17], [16, 23, 17, 24], [18, 2, 19, 1], [20, 6, 21, 5], [22, 3, 23, 4], [24, 15, 1, 16]]"
12a_0213_150,"[[24, 15, 1, 16], [2, 14, 3, 13], [4, 9, 5, 10], [6, 12, 7, 11], [8, 20, 9, 19], [10, 21, 11, 22], [12, 8, 13, 7], [14, 18, 15, 17], [16, 23, 17, 24], [18, 2, 19, 1], [20, 6, 21, 5], [22, 3, 23, 4]]"
12a_0213_151,"[[22, 3, 23, 4], [24, 15, 1, 16], [2, 14, 3, 13], [4, 9, 5, 10], [6, 12, 7, 11], [8, 20, 9, 19], [10, 21, 11, 22], [12, 8, 13, 7], [14, 18, 15, 17], [16, 23, 17, 24], [18, 2, 19, 1], [20, 6, 21, 5]]"
12a_0213_152,"[[20, 6, 21, 5], [22, 3, 23, 4], [24, 15, 1, 16], [2, 14, 3, 13], [4, 9, 5, 10], [6, 12, 7, 11], [8, 20, 9, 19], [10, 21, 11, 22], [12, 8, 13, 7], [14, 18, 15, 17], [16, 23, 17, 24], [18, 2, 19, 1]]"
12a_0213_153,"[[18, 2, 19, 1], [20, 6, 21, 5], [22, 3, 23, 4], [24, 15, 1, 16], [2, 14, 3, 13], [4, 9, 5, 10], [6, 12, 7, 11], [8, 20, 9, 19], [10, 21, 11, 22], [12, 8, 13, 7], [14, 18, 15, 17], [16, 23, 17, 24]]"
12a_0213_154,"[[16, 23, 17, 24], [18, 2, 19, 1], [20, 6, 21, 5], [22, 3, 23, 4], [24, 15, 1, 16], [2, 14, 3, 13], [4, 9, 5, 10], [6, 12, 7, 11], [8, 20, 9, 19], [10, 21, 11, 22], [12, 8, 13, 7], [14, 18, 15, 17]]"
12a_0213_155,"[[14, 18, 15, 17], [16, 23, 17, 24], [18, 2, 19, 1], [20, 6, 21, 5], [22, 3, 23, 4], [24, 15, 1, 16], [2, 14, 3, 13], [4, 9, 5, 10], [6, 12, 7, 11], [8, 20, 9, 19], [10, 21, 11, 22], [12, 8, 13, 7]]"
12a_0213_156,"[[13, 9, 14, 8], [15, 19, 16, 18], [17, 24, 18, 1], [19, 3, 20, 2], [21, 7, 22, 6], [23, 4, 24, 5], [1, 16, 2, 17], [3, 15, 4, 14], [5, 10, 6, 11], [7, 13, 8, 12], [9, 21, 10, 20], [11, 22, 12, 23]]"
12a_0213_157,"[[11, 22, 12, 23], [13, 9, 14, 8], [15, 19, 16, 18], [17, 24, 18, 1], [19, 3, 20, 2], [21, 7, 22, 6], [23, 4, 24, 5], [1, 16, 2, 17], [3, 15, 4, 14], [5, 10, 6, 11], [7, 13, 8, 12], [9, 21, 10, 20]]"
12a_0213_158,"[[9, 21, 10, 20], [11, 22, 12, 23], [13, 9, 14, 8], [15, 19, 16, 18], [17, 24, 18, 1], [19, 3, 20, 2], [21, 7, 22, 6], [23, 4, 24, 5], [1, 16, 2, 17], [3, 15, 4, 14], [5, 10, 6, 11], [7, 13, 8, 12]]"
12a_0213_159,"[[7, 13, 8, 12], [9, 21, 10, 20], [11, 22, 12, 23], [13, 9, 14, 8], [15, 19, 16, 18], [17, 24, 18, 1], [19, 3, 20, 2], [21, 7, 22, 6], [23, 4, 24, 5], [1, 16, 2, 17], [3, 15, 4, 14], [5, 10, 6, 11]]"
12a_0213_160,"[[5, 10, 6, 11], [7, 13, 8, 12], [9, 21, 10, 20], [11, 22, 12, 23], [13, 9, 14, 8], [15, 19, 16, 18], [17, 24, 18, 1], [19, 3, 20, 2], [21, 7, 22, 6], [23, 4, 24, 5], [1, 16, 2, 17], [3, 15, 4, 14]]"
12a_0213_161,"[[3, 15, 4, 14], [5, 10, 6, 11], [7, 13, 8, 12], [9, 21, 10, 20], [11, 22, 12, 23], [13, 9, 14, 8], [15, 19, 16, 18], [17, 24, 18, 1], [19, 3, 20, 2], [21, 7, 22, 6], [23, 4, 24, 5], [1, 16, 2, 17]]"
12a_0213_162,"[[1, 16, 2, 17], [3, 15, 4, 14], [5, 10, 6, 11], [7, 13, 8, 12], [9, 21, 10, 20], [11, 22, 12, 23], [13, 9, 14, 8], [15, 19, 16, 18], [17, 24, 18, 1], [19, 3, 20, 2], [21, 7, 22, 6], [23, 4, 24, 5]]"
12a_0213_163,"[[23, 4, 24, 5], [1, 16, 2, 17], [3, 15, 4, 14], [5, 10, 6, 11], [7, 13, 8, 12], [9, 21, 10, 20], [11, 22, 12, 23], [13, 9, 14, 8], [15, 19, 16, 18], [17, 24, 18, 1], [19, 3, 20, 2], [21, 7, 22, 6]]"
12a_0213_164,"[[21, 7, 22, 6], [23, 4, 24, 5], [1, 16, 2, 17], [3, 15, 4, 14], [5, 10, 6, 11], [7, 13, 8, 12], [9, 21, 10, 20], [11, 22, 12, 23], [13, 9, 14, 8], [15, 19, 16, 18], [17, 24, 18, 1], [19, 3, 20, 2]]"
12a_0213_165,"[[19, 3, 20, 2], [21, 7, 22, 6], [23, 4, 24, 5], [1, 16, 2, 17], [3, 15, 4, 14], [5, 10, 6, 11], [7, 13, 8, 12], [9, 21, 10, 20], [11, 22, 12, 23], [13, 9, 14, 8], [15, 19, 16, 18], [17, 24, 18, 1]]"
12a_0213_166,"[[17, 24, 18, 1], [19, 3, 20, 2], [21, 7, 22, 6], [23, 4, 24, 5], [1, 16, 2, 17], [3, 15, 4, 14], [5, 10, 6, 11], [7, 13, 8, 12], [9, 21, 10, 20], [11, 22, 12, 23], [13, 9, 14, 8], [15, 19, 16, 18]]"
12a_0213_167,"[[15, 19, 16, 18], [17, 24, 18, 1], [19, 3, 20, 2], [21, 7, 22, 6], [23, 4, 24, 5], [1, 16, 2, 17], [3, 15, 4, 14], [5, 10, 6, 11], [7, 13, 8, 12], [9, 21, 10, 20], [11, 22, 12, 23], [13, 9, 14, 8]]"
12a_0213_168,"[[14, 10, 15, 9], [16, 20, 17, 19], [18, 1, 19, 2], [20, 4, 21, 3], [22, 8, 23, 7], [24, 5, 1, 6], [2, 17, 3, 18], [4, 16, 5, 15], [6, 11, 7, 12], [8, 14, 9, 13], [10, 22, 11, 21], [12, 23, 13, 24]]"
12a_0213_169,"[[12, 23, 13, 24], [14, 10, 15, 9], [16, 20, 17, 19], [18, 1, 19, 2], [20, 4, 21, 3], [22, 8, 23, 7], [24, 5, 1, 6], [2, 17, 3, 18], [4, 16, 5, 15], [6, 11, 7, 12], [8, 14, 9, 13], [10, 22, 11, 21]]"
12a_0213_170,"[[10, 22, 11, 21], [12, 23, 13, 24], [14, 10, 15, 9], [16, 20, 17, 19], [18, 1, 19, 2], [20, 4, 21, 3], [22, 8, 23, 7], [24, 5, 1, 6], [2, 17, 3, 18], [4, 16, 5, 15], [6, 11, 7, 12], [8, 14, 9, 13]]"
12a_0213_171,"[[8, 14, 9, 13], [10, 22, 11, 21], [12, 23, 13, 24], [14, 10, 15, 9], [16, 20, 17, 19], [18, 1, 19, 2], [20, 4, 21, 3], [22, 8, 23, 7], [24, 5, 1, 6], [2, 17, 3, 18], [4, 16, 5, 15], [6, 11, 7, 12]]"
12a_0213_172,"[[6, 11, 7, 12], [8, 14, 9, 13], [10, 22, 11, 21], [12, 23, 13, 24], [14, 10, 15, 9], [16, 20, 17, 19], [18, 1, 19, 2], [20, 4, 21, 3], [22, 8, 23, 7], [24, 5, 1, 6], [2, 17, 3, 18], [4, 16, 5, 15]]"
12a_0213_173,"[[4, 16, 5, 15], [6, 11, 7, 12], [8, 14, 9, 13], [10, 22, 11, 21], [12, 23, 13, 24], [14, 10, 15, 9], [16, 20, 17, 19], [18, 1, 19, 2], [20, 4, 21, 3], [22, 8, 23, 7], [24, 5, 1, 6], [2, 17, 3, 18]]"
12a_0213_174,"[[2, 17, 3, 18], [4, 16, 5, 15], [6, 11, 7, 12], [8, 14, 9, 13], [10, 22, 11, 21], [12, 23, 13, 24], [14, 10, 15, 9], [16, 20, 17, 19], [18, 1, 19, 2], [20, 4, 21, 3], [22, 8, 23, 7], [24, 5, 1, 6]]"
12a_0213_175,"[[24, 5, 1, 6], [2, 17, 3, 18], [4, 16, 5, 15], [6, 11, 7, 12], [8, 14, 9, 13], [10, 22, 11, 21], [12, 23, 13, 24], [14, 10, 15, 9], [16, 20, 17, 19], [18, 1, 19, 2], [20, 4, 21, 3], [22, 8, 23, 7]]"
12a_0213_176,"[[22, 8, 23, 7], [24, 5, 1, 6], [2, 17, 3, 18], [4, 16, 5, 15], [6, 11, 7, 12], [8, 14, 9, 13], [10, 22, 11, 21], [12, 23, 13, 24], [14, 10, 15, 9], [16, 20, 17, 19], [18, 1, 19, 2], [20, 4, 21, 3]]"
12a_0213_177,"[[20, 4, 21, 3], [22, 8, 23, 7], [24, 5, 1, 6], [2, 17, 3, 18], [4, 16, 5, 15], [6, 11, 7, 12], [8, 14, 9, 13], [10, 22, 11, 21], [12, 23, 13, 24], [14, 10, 15, 9], [16, 20, 17, 19], [18, 1, 19, 2]]"
12a_0213_178,"[[18, 1, 19, 2], [20, 4, 21, 3], [22, 8, 23, 7], [24, 5, 1, 6], [2, 17, 3, 18], [4, 16, 5, 15], [6, 11, 7, 12], [8, 14, 9, 13], [10, 22, 11, 21], [12, 23, 13, 24], [14, 10, 15, 9], [16, 20, 17, 19]]"
12a_0213_179,"[[16, 20, 17, 19], [18, 1, 19, 2], [20, 4, 21, 3], [22, 8, 23, 7], [24, 5, 1, 6], [2, 17, 3, 18], [4, 16, 5, 15], [6, 11, 7, 12], [8, 14, 9, 13], [10, 22, 11, 21], [12, 23, 13, 24], [14, 10, 15, 9]]"
12a_0213_180,"[[15, 11, 16, 10], [17, 21, 18, 20], [19, 2, 20, 3], [21, 5, 22, 4], [23, 9, 24, 8], [1, 6, 2, 7], [3, 18, 4, 19], [5, 17, 6, 16], [7, 12, 8, 13], [9, 15, 10, 14], [11, 23, 12, 22], [13, 24, 14, 1]]"
12a_0213_181,"[[13, 24, 14, 1], [15, 11, 16, 10], [17, 21, 18, 20], [19, 2, 20, 3], [21, 5, 22, 4], [23, 9, 24, 8], [1, 6, 2, 7], [3, 18, 4, 19], [5, 17, 6, 16], [7, 12, 8, 13], [9, 15, 10, 14], [11, 23, 12, 22]]"
12a_0213_182,"[[11, 23, 12, 22], [13, 24, 14, 1], [15, 11, 16, 10], [17, 21, 18, 20], [19, 2, 20, 3], [21, 5, 22, 4], [23, 9, 24, 8], [1, 6, 2, 7], [3, 18, 4, 19], [5, 17, 6, 16], [7, 12, 8, 13], [9, 15, 10, 14]]"
12a_0213_183,"[[9, 15, 10, 14], [11, 23, 12, 22], [13, 24, 14, 1], [15, 11, 16, 10], [17, 21, 18, 20], [19, 2, 20, 3], [21, 5, 22, 4], [23, 9, 24, 8], [1, 6, 2, 7], [3, 18, 4, 19], [5, 17, 6, 16], [7, 12, 8, 13]]"
12a_0213_184,"[[7, 12, 8, 13], [9, 15, 10, 14], [11, 23, 12, 22], [13, 24, 14, 1], [15, 11, 16, 10], [17, 21, 18, 20], [19, 2, 20, 3], [21, 5, 22, 4], [23, 9, 24, 8], [1, 6, 2, 7], [3, 18, 4, 19], [5, 17, 6, 16]]"
12a_0213_185,"[[5, 17, 6, 16], [7, 12, 8, 13], [9, 15, 10, 14], [11, 23, 12, 22], [13, 24, 14, 1], [15, 11, 16, 10], [17, 21, 18, 20], [19, 2, 20, 3], [21, 5, 22, 4], [23, 9, 24, 8], [1, 6, 2, 7], [3, 18, 4, 19]]"
