name,pd_notation
12a_0338_0,"[[24, 21, 1, 22], [2, 6, 3, 5], [4, 11, 5, 12], [6, 16, 7, 15], [8, 24, 9, 23], [10, 20, 11, 19], [12, 3, 13, 4], [14, 18, 15, 17], [16, 8, 17, 7], [18, 14, 19, 13], [20, 1, 21, 2], [22, 10, 23, 9]]"
12a_0338_1,"[[22, 10, 23, 9], [24, 21, 1, 22], [2, 6, 3, 5], [4, 11, 5, 12], [6, 16, 7, 15], [8, 24, 9, 23], [10, 20, 11, 19], [12, 3, 13, 4], [14, 18, 15, 17], [16, 8, 17, 7], [18, 14, 19, 13], [20, 1, 21, 2]]"
12a_0338_2,"[[20, 1, 21, 2], [22, 10, 23, 9], [24, 21, 1, 22], [2, 6, 3, 5], [4, 11, 5, 12], [6, 16, 7, 15], [8, 24, 9, 23], [10, 20, 11, 19], [12, 3, 13, 4], [14, 18, 15, 17], [16, 8, 17, 7], [18, 14, 19, 13]]"
12a_0338_3,"[[18, 14, 19, 13], [20, 1, 21, 2], [22, 10, 23, 9], [24, 21, 1, 22], [2, 6, 3, 5], [4, 11, 5, 12], [6, 16, 7, 15], [8, 24, 9, 23], [10, 20, 11, 19], [12, 3, 13, 4], [14, 18, 15, 17], [16, 8, 17, 7]]"
12a_0338_4,"[[16, 8, 17, 7], [18, 14, 19, 13], [20, 1, 21, 2], [22, 10, 23, 9], [24, 21, 1, 22], [2, 6, 3, 5], [4, 11, 5, 12], [6, 16, 7, 15], [8, 24, 9, 23], [10, 20, 11, 19], [12, 3, 13, 4], [14, 18, 15, 17]]"
12a_0338_5,"[[14, 18, 15, 17], [16, 8, 17, 7], [18, 14, 19, 13], [20, 1, 21, 2], [22, 10, 23, 9], [24, 21, 1, 22], [2, 6, 3, 5], [4, 11, 5, 12], [6, 16, 7, 15], [8, 24, 9, 23], [10, 20, 11, 19], [12, 3, 13, 4]]"
12a_0338_6,"[[12, 3, 13, 4], [14, 18, 15, 17], [16, 8, 17, 7], [18, 14, 19, 13], [20, 1, 21, 2], [22, 10, 23, 9], [24, 21, 1, 22], [2, 6, 3, 5], [4, 11, 5, 12], [6, 16, 7, 15], [8, 24, 9, 23], [10, 20, 11, 19]]"
12a_0338_7,"[[10, 20, 11, 19], [12, 3, 13, 4], [14, 18, 15, 17], [16, 8, 17, 7], [18, 14, 19, 13], [20, 1, 21, 2], [22, 10, 23, 9], [24, 21, 1, 22], [2, 6, 3, 5], [4, 11, 5, 12], [6, 16, 7, 15], [8, 24, 9, 23]]"
12a_0338_8,"[[8, 24, 9, 23], [10, 20, 11, 19], [12, 3, 13, 4], [14, 18, 15, 17], [16, 8, 17, 7], [18, 14, 19, 13], [20, 1, 21, 2], [22, 10, 23, 9], [24, 21, 1, 22], [2, 6, 3, 5], [4, 11, 5, 12], [6, 16, 7, 15]]"
12a_0338_9,"[[6, 16, 7, 15], [8, 24, 9, 23], [10, 20, 11, 19], [12, 3, 13, 4], [14, 18, 15, 17], [16, 8, 17, 7], [18, 14, 19, 13], [20, 1, 21, 2], [22, 10, 23, 9], [24, 21, 1, 22], [2, 6, 3, 5], [4, 11, 5, 12]]"
12a_0338_10,"[[4, 11, 5, 12], [6, 16, 7, 15], [8, 24, 9, 23], [10, 20, 11, 19], [12, 3, 13, 4], [14, 18, 15, 17], [16, 8, 17, 7], [18, 14, 19, 13], [20, 1, 21, 2], [22, 10, 23, 9], [24, 21, 1, 22], [2, 6, 3, 5]]"
12a_0338_11,"[[2, 6, 3, 5], [4, 11, 5, 12], [6, 16, 7, 15], [8, 24, 9, 23], [10, 20, 11, 19], [12, 3, 13, 4], [14, 18, 15, 17], [16, 8, 17, 7], [18, 14, 19, 13], [20, 1, 21, 2], [22, 10, 23, 9], [24, 21, 1, 22]]"
12a_0338_12,"[[1, 22, 2, 23], [3, 7, 4, 6], [5, 12, 6, 13], [7, 17, 8, 16], [9, 1, 10, 24], [11, 21, 12, 20], [13, 4, 14, 5], [15, 19, 16, 18], [17, 9, 18, 8], [19, 15, 20, 14], [21, 2, 22, 3], [23, 11, 24, 10]]"
12a_0338_13,"[[23, 11, 24, 10], [1, 22, 2, 23], [3, 7, 4, 6], [5, 12, 6, 13], [7, 17, 8, 16], [9, 1, 10, 24], [11, 21, 12, 20], [13, 4, 14, 5], [15, 19, 16, 18], [17, 9, 18, 8], [19, 15, 20, 14], [21, 2, 22, 3]]"
12a_0338_14,"[[21, 2, 22, 3], [23, 11, 24, 10], [1, 22, 2, 23], [3, 7, 4, 6], [5, 12, 6, 13], [7, 17, 8, 16], [9, 1, 10, 24], [11, 21, 12, 20], [13, 4, 14, 5], [15, 19, 16, 18], [17, 9, 18, 8], [19, 15, 20, 14]]"
12a_0338_15,"[[19, 15, 20, 14], [21, 2, 22, 3], [23, 11, 24, 10], [1, 22, 2, 23], [3, 7, 4, 6], [5, 12, 6, 13], [7, 17, 8, 16], [9, 1, 10, 24], [11, 21, 12, 20], [13, 4, 14, 5], [15, 19, 16, 18], [17, 9, 18, 8]]"
12a_0338_16,"[[17, 9, 18, 8], [19, 15, 20, 14], [21, 2, 22, 3], [23, 11, 24, 10], [1, 22, 2, 23], [3, 7, 4, 6], [5, 12, 6, 13], [7, 17, 8, 16], [9, 1, 10, 24], [11, 21, 12, 20], [13, 4, 14, 5], [15, 19, 16, 18]]"
12a_0338_17,"[[15, 19, 16, 18], [17, 9, 18, 8], [19, 15, 20, 14], [21, 2, 22, 3], [23, 11, 24, 10], [1, 22, 2, 23], [3, 7, 4, 6], [5, 12, 6, 13], [7, 17, 8, 16], [9, 1, 10, 24], [11, 21, 12, 20], [13, 4, 14, 5]]"
12a_0338_18,"[[13, 4, 14, 5], [15, 19, 16, 18], [17, 9, 18, 8], [19, 15, 20, 14], [21, 2, 22, 3], [23, 11, 24, 10], [1, 22, 2, 23], [3, 7, 4, 6], [5, 12, 6, 13], [7, 17, 8, 16], [9, 1, 10, 24], [11, 21, 12, 20]]"
12a_0338_19,"[[11, 21, 12, 20], [13, 4, 14, 5], [15, 19, 16, 18], [17, 9, 18, 8], [19, 15, 20, 14], [21, 2, 22, 3], [23, 11, 24, 10], [1, 22, 2, 23], [3, 7, 4, 6], [5, 12, 6, 13], [7, 17, 8, 16], [9, 1, 10, 24]]"
12a_0338_20,"[[9, 1, 10, 24], [11, 21, 12, 20], [13, 4, 14, 5], [15, 19, 16, 18], [17, 9, 18, 8], [19, 15, 20, 14], [21, 2, 22, 3], [23, 11, 24, 10], [1, 22, 2, 23], [3, 7, 4, 6], [5, 12, 6, 13], [7, 17, 8, 16]]"
12a_0338_21,"[[7, 17, 8, 16], [9, 1, 10, 24], [11, 21, 12, 20], [13, 4, 14, 5], [15, 19, 16, 18], [17, 9, 18, 8], [19, 15, 20, 14], [21, 2, 22, 3], [23, 11, 24, 10], [1, 22, 2, 23], [3, 7, 4, 6], [5, 12, 6, 13]]"
12a_0338_22,"[[5, 12, 6, 13], [7, 17, 8, 16], [9, 1, 10, 24], [11, 21, 12, 20], [13, 4, 14, 5], [15, 19, 16, 18], [17, 9, 18, 8], [19, 15, 20, 14], [21, 2, 22, 3], [23, 11, 24, 10], [1, 22, 2, 23], [3, 7, 4, 6]]"
12a_0338_23,"[[3, 7, 4, 6], [5, 12, 6, 13], [7, 17, 8, 16], [9, 1, 10, 24], [11, 21, 12, 20], [13, 4, 14, 5], [15, 19, 16, 18], [17, 9, 18, 8], [19, 15, 20, 14], [21, 2, 22, 3], [23, 11, 24, 10], [1, 22, 2, 23]]"
12a_0338_24,"[[2, 23, 3, 24], [4, 8, 5, 7], [6, 13, 7, 14], [8, 18, 9, 17], [10, 2, 11, 1], [12, 22, 13, 21], [14, 5, 15, 6], [16, 20, 17, 19], [18, 10, 19, 9], [20, 16, 21, 15], [22, 3, 23, 4], [24, 12, 1, 11]]"
12a_0338_25,"[[24, 12, 1, 11], [2, 23, 3, 24], [4, 8, 5, 7], [6, 13, 7, 14], [8, 18, 9, 17], [10, 2, 11, 1], [12, 22, 13, 21], [14, 5, 15, 6], [16, 20, 17, 19], [18, 10, 19, 9], [20, 16, 21, 15], [22, 3, 23, 4]]"
12a_0338_26,"[[22, 3, 23, 4], [24, 12, 1, 11], [2, 23, 3, 24], [4, 8, 5, 7], [6, 13, 7, 14], [8, 18, 9, 17], [10, 2, 11, 1], [12, 22, 13, 21], [14, 5, 15, 6], [16, 20, 17, 19], [18, 10, 19, 9], [20, 16, 21, 15]]"
12a_0338_27,"[[20, 16, 21, 15], [22, 3, 23, 4], [24, 12, 1, 11], [2, 23, 3, 24], [4, 8, 5, 7], [6, 13, 7, 14], [8, 18, 9, 17], [10, 2, 11, 1], [12, 22, 13, 21], [14, 5, 15, 6], [16, 20, 17, 19], [18, 10, 19, 9]]"
12a_0338_28,"[[18, 10, 19, 9], [20, 16, 21, 15], [22, 3, 23, 4], [24, 12, 1, 11], [2, 23, 3, 24], [4, 8, 5, 7], [6, 13, 7, 14], [8, 18, 9, 17], [10, 2, 11, 1], [12, 22, 13, 21], [14, 5, 15, 6], [16, 20, 17, 19]]"
12a_0338_29,"[[16, 20, 17, 19], [18, 10, 19, 9], [20, 16, 21, 15], [22, 3, 23, 4], [24, 12, 1, 11], [2, 23, 3, 24], [4, 8, 5, 7], [6, 13, 7, 14], [8, 18, 9, 17], [10, 2, 11, 1], [12, 22, 13, 21], [14, 5, 15, 6]]"
12a_0338_30,"[[14, 5, 15, 6], [16, 20, 17, 19], [18, 10, 19, 9], [20, 16, 21, 15], [22, 3, 23, 4], [24, 12, 1, 11], [2, 23, 3, 24], [4, 8, 5, 7], [6, 13, 7, 14], [8, 18, 9, 17], [10, 2, 11, 1], [12, 22, 13, 21]]"
12a_0338_31,"[[12, 22, 13, 21], [14, 5, 15, 6], [16, 20, 17, 19], [18, 10, 19, 9], [20, 16, 21, 15], [22, 3, 23, 4], [24, 12, 1, 11], [2, 23, 3, 24], [4, 8, 5, 7], [6, 13, 7, 14], [8, 18, 9, 17], [10, 2, 11, 1]]"
12a_0338_32,"[[10, 2, 11, 1], [12, 22, 13, 21], [14, 5, 15, 6], [16, 20, 17, 19], [18, 10, 19, 9], [20, 16, 21, 15], [22, 3, 23, 4], [24, 12, 1, 11], [2, 23, 3, 24], [4, 8, 5, 7], [6, 13, 7, 14], [8, 18, 9, 17]]"
12a_0338_33,"[[8, 18, 9, 17], [10, 2, 11, 1], [12, 22, 13, 21], [14, 5, 15, 6], [16, 20, 17, 19], [18, 10, 19, 9], [20, 16, 21, 15], [22, 3, 23, 4], [24, 12, 1, 11], [2, 23, 3, 24], [4, 8, 5, 7], [6, 13, 7, 14]]"
12a_0338_34,"[[6, 13, 7, 14], [8, 18, 9, 17], [10, 2, 11, 1], [12, 22, 13, 21], [14, 5, 15, 6], [16, 20, 17, 19], [18, 10, 19, 9], [20, 16, 21, 15], [22, 3, 23, 4], [24, 12, 1, 11], [2, 23, 3, 24], [4, 8, 5, 7]]"
12a_0338_35,"[[4, 8, 5, 7], [6, 13, 7, 14], [8, 18, 9, 17], [10, 2, 11, 1], [12, 22, 13, 21], [14, 5, 15, 6], [16, 20, 17, 19], [18, 10, 19, 9], [20, 16, 21, 15], [22, 3, 23, 4], [24, 12, 1, 11], [2, 23, 3, 24]]"
12a_0338_36,"[[3, 24, 4, 1], [5, 9, 6, 8], [7, 14, 8, 15], [9, 19, 10, 18], [11, 3, 12, 2], [13, 23, 14, 22], [15, 6, 16, 7], [17, 21, 18, 20], [19, 11, 20, 10], [21, 17, 22, 16], [23, 4, 24, 5], [1, 13, 2, 12]]"
12a_0338_37,"[[1, 13, 2, 12], [3, 24, 4, 1], [5, 9, 6, 8], [7, 14, 8, 15], [9, 19, 10, 18], [11, 3, 12, 2], [13, 23, 14, 22], [15, 6, 16, 7], [17, 21, 18, 20], [19, 11, 20, 10], [21, 17, 22, 16], [23, 4, 24, 5]]"
12a_0338_38,"[[23, 4, 24, 5], [1, 13, 2, 12], [3, 24, 4, 1], [5, 9, 6, 8], [7, 14, 8, 15], [9, 19, 10, 18], [11, 3, 12, 2], [13, 23, 14, 22], [15, 6, 16, 7], [17, 21, 18, 20], [19, 11, 20, 10], [21, 17, 22, 16]]"
12a_0338_39,"[[21, 17, 22, 16], [23, 4, 24, 5], [1, 13, 2, 12], [3, 24, 4, 1], [5, 9, 6, 8], [7, 14, 8, 15], [9, 19, 10, 18], [11, 3, 12, 2], [13, 23, 14, 22], [15, 6, 16, 7], [17, 21, 18, 20], [19, 11, 20, 10]]"
12a_0338_40,"[[19, 11, 20, 10], [21, 17, 22, 16], [23, 4, 24, 5], [1, 13, 2, 12], [3, 24, 4, 1], [5, 9, 6, 8], [7, 14, 8, 15], [9, 19, 10, 18], [11, 3, 12, 2], [13, 23, 14, 22], [15, 6, 16, 7], [17, 21, 18, 20]]"
12a_0338_41,"[[17, 21, 18, 20], [19, 11, 20, 10], [21, 17, 22, 16], [23, 4, 24, 5], [1, 13, 2, 12], [3, 24, 4, 1], [5, 9, 6, 8], [7, 14, 8, 15], [9, 19, 10, 18], [11, 3, 12, 2], [13, 23, 14, 22], [15, 6, 16, 7]]"
12a_0338_42,"[[15, 6, 16, 7], [17, 21, 18, 20], [19, 11, 20, 10], [21, 17, 22, 16], [23, 4, 24, 5], [1, 13, 2, 12], [3, 24, 4, 1], [5, 9, 6, 8], [7, 14, 8, 15], [9, 19, 10, 18], [11, 3, 12, 2], [13, 23, 14, 22]]"
12a_0338_43,"[[13, 23, 14, 22], [15, 6, 16, 7], [17, 21, 18, 20], [19, 11, 20, 10], [21, 17, 22, 16], [23, 4, 24, 5], [1, 13, 2, 12], [3, 24, 4, 1], [5, 9, 6, 8], [7, 14, 8, 15], [9, 19, 10, 18], [11, 3, 12, 2]]"
12a_0338_44,"[[11, 3, 12, 2], [13, 23, 14, 22], [15, 6, 16, 7], [17, 21, 18, 20], [19, 11, 20, 10], [21, 17, 22, 16], [23, 4, 24, 5], [1, 13, 2, 12], [3, 24, 4, 1], [5, 9, 6, 8], [7, 14, 8, 15], [9, 19, 10, 18]]"
12a_0338_45,"[[9, 19, 10, 18], [11, 3, 12, 2], [13, 23, 14, 22], [15, 6, 16, 7], [17, 21, 18, 20], [19, 11, 20, 10], [21, 17, 22, 16], [23, 4, 24, 5], [1, 13, 2, 12], [3, 24, 4, 1], [5, 9, 6, 8], [7, 14, 8, 15]]"
12a_0338_46,"[[7, 14, 8, 15], [9, 19, 10, 18], [11, 3, 12, 2], [13, 23, 14, 22], [15, 6, 16, 7], [17, 21, 18, 20], [19, 11, 20, 10], [21, 17, 22, 16], [23, 4, 24, 5], [1, 13, 2, 12], [3, 24, 4, 1], [5, 9, 6, 8]]"
12a_0338_47,"[[5, 9, 6, 8], [7, 14, 8, 15], [9, 19, 10, 18], [11, 3, 12, 2], [13, 23, 14, 22], [15, 6, 16, 7], [17, 21, 18, 20], [19, 11, 20, 10], [21, 17, 22, 16], [23, 4, 24, 5], [1, 13, 2, 12], [3, 24, 4, 1]]"
12a_0338_48,"[[4, 1, 5, 2], [6, 10, 7, 9], [8, 15, 9, 16], [10, 20, 11, 19], [12, 4, 13, 3], [14, 24, 15, 23], [16, 7, 17, 8], [18, 22, 19, 21], [20, 12, 21, 11], [22, 18, 23, 17], [24, 5, 1, 6], [2, 14, 3, 13]]"
12a_0338_49,"[[2, 14, 3, 13], [4, 1, 5, 2], [6, 10, 7, 9], [8, 15, 9, 16], [10, 20, 11, 19], [12, 4, 13, 3], [14, 24, 15, 23], [16, 7, 17, 8], [18, 22, 19, 21], [20, 12, 21, 11], [22, 18, 23, 17], [24, 5, 1, 6]]"
12a_0338_50,"[[24, 5, 1, 6], [2, 14, 3, 13], [4, 1, 5, 2], [6, 10, 7, 9], [8, 15, 9, 16], [10, 20, 11, 19], [12, 4, 13, 3], [14, 24, 15, 23], [16, 7, 17, 8], [18, 22, 19, 21], [20, 12, 21, 11], [22, 18, 23, 17]]"
12a_0338_51,"[[22, 18, 23, 17], [24, 5, 1, 6], [2, 14, 3, 13], [4, 1, 5, 2], [6, 10, 7, 9], [8, 15, 9, 16], [10, 20, 11, 19], [12, 4, 13, 3], [14, 24, 15, 23], [16, 7, 17, 8], [18, 22, 19, 21], [20, 12, 21, 11]]"
12a_0338_52,"[[20, 12, 21, 11], [22, 18, 23, 17], [24, 5, 1, 6], [2, 14, 3, 13], [4, 1, 5, 2], [6, 10, 7, 9], [8, 15, 9, 16], [10, 20, 11, 19], [12, 4, 13, 3], [14, 24, 15, 23], [16, 7, 17, 8], [18, 22, 19, 21]]"
12a_0338_53,"[[18, 22, 19, 21], [20, 12, 21, 11], [22, 18, 23, 17], [24, 5, 1, 6], [2, 14, 3, 13], [4, 1, 5, 2], [6, 10, 7, 9], [8, 15, 9, 16], [10, 20, 11, 19], [12, 4, 13, 3], [14, 24, 15, 23], [16, 7, 17, 8]]"
12a_0338_54,"[[16, 7, 17, 8], [18, 22, 19, 21], [20, 12, 21, 11], [22, 18, 23, 17], [24, 5, 1, 6], [2, 14, 3, 13], [4, 1, 5, 2], [6, 10, 7, 9], [8, 15, 9, 16], [10, 20, 11, 19], [12, 4, 13, 3], [14, 24, 15, 23]]"
12a_0338_55,"[[14, 24, 15, 23], [16, 7, 17, 8], [18, 22, 19, 21], [20, 12, 21, 11], [22, 18, 23, 17], [24, 5, 1, 6], [2, 14, 3, 13], [4, 1, 5, 2], [6, 10, 7, 9], [8, 15, 9, 16], [10, 20, 11, 19], [12, 4, 13, 3]]"
12a_0338_56,"[[12, 4, 13, 3], [14, 24, 15, 23], [16, 7, 17, 8], [18, 22, 19, 21], [20, 12, 21, 11], [22, 18, 23, 17], [24, 5, 1, 6], [2, 14, 3, 13], [4, 1, 5, 2], [6, 10, 7, 9], [8, 15, 9, 16], [10, 20, 11, 19]]"
12a_0338_57,"[[10, 20, 11, 19], [12, 4, 13, 3], [14, 24, 15, 23], [16, 7, 17, 8], [18, 22, 19, 21], [20, 12, 21, 11], [22, 18, 23, 17], [24, 5, 1, 6], [2, 14, 3, 13], [4, 1, 5, 2], [6, 10, 7, 9], [8, 15, 9, 16]]"
12a_0338_58,"[[8, 15, 9, 16], [10, 20, 11, 19], [12, 4, 13, 3], [14, 24, 15, 23], [16, 7, 17, 8], [18, 22, 19, 21], [20, 12, 21, 11], [22, 18, 23, 17], [24, 5, 1, 6], [2, 14, 3, 13], [4, 1, 5, 2], [6, 10, 7, 9]]"
12a_0338_59,"[[6, 10, 7, 9], [8, 15, 9, 16], [10, 20, 11, 19], [12, 4, 13, 3], [14, 24, 15, 23], [16, 7, 17, 8], [18, 22, 19, 21], [20, 12, 21, 11], [22, 18, 23, 17], [24, 5, 1, 6], [2, 14, 3, 13], [4, 1, 5, 2]]"
12a_0338_60,"[[5, 2, 6, 3], [7, 11, 8, 10], [9, 16, 10, 17], [11, 21, 12, 20], [13, 5, 14, 4], [15, 1, 16, 24], [17, 8, 18, 9], [19, 23, 20, 22], [21, 13, 22, 12], [23, 19, 24, 18], [1, 6, 2, 7], [3, 15, 4, 14]]"
12a_0338_61,"[[3, 15, 4, 14], [5, 2, 6, 3], [7, 11, 8, 10], [9, 16, 10, 17], [11, 21, 12, 20], [13, 5, 14, 4], [15, 1, 16, 24], [17, 8, 18, 9], [19, 23, 20, 22], [21, 13, 22, 12], [23, 19, 24, 18], [1, 6, 2, 7]]"
12a_0338_62,"[[1, 6, 2, 7], [3, 15, 4, 14], [5, 2, 6, 3], [7, 11, 8, 10], [9, 16, 10, 17], [11, 21, 12, 20], [13, 5, 14, 4], [15, 1, 16, 24], [17, 8, 18, 9], [19, 23, 20, 22], [21, 13, 22, 12], [23, 19, 24, 18]]"
12a_0338_63,"[[23, 19, 24, 18], [1, 6, 2, 7], [3, 15, 4, 14], [5, 2, 6, 3], [7, 11, 8, 10], [9, 16, 10, 17], [11, 21, 12, 20], [13, 5, 14, 4], [15, 1, 16, 24], [17, 8, 18, 9], [19, 23, 20, 22], [21, 13, 22, 12]]"
12a_0338_64,"[[21, 13, 22, 12], [23, 19, 24, 18], [1, 6, 2, 7], [3, 15, 4, 14], [5, 2, 6, 3], [7, 11, 8, 10], [9, 16, 10, 17], [11, 21, 12, 20], [13, 5, 14, 4], [15, 1, 16, 24], [17, 8, 18, 9], [19, 23, 20, 22]]"
12a_0338_65,"[[19, 23, 20, 22], [21, 13, 22, 12], [23, 19, 24, 18], [1, 6, 2, 7], [3, 15, 4, 14], [5, 2, 6, 3], [7, 11, 8, 10], [9, 16, 10, 17], [11, 21, 12, 20], [13, 5, 14, 4], [15, 1, 16, 24], [17, 8, 18, 9]]"
12a_0338_66,"[[17, 8, 18, 9], [19, 23, 20, 22], [21, 13, 22, 12], [23, 19, 24, 18], [1, 6, 2, 7], [3, 15, 4, 14], [5, 2, 6, 3], [7, 11, 8, 10], [9, 16, 10, 17], [11, 21, 12, 20], [13, 5, 14, 4], [15, 1, 16, 24]]"
12a_0338_67,"[[15, 1, 16, 24], [17, 8, 18, 9], [19, 23, 20, 22], [21, 13, 22, 12], [23, 19, 24, 18], [1, 6, 2, 7], [3, 15, 4, 14], [5, 2, 6, 3], [7, 11, 8, 10], [9, 16, 10, 17], [11, 21, 12, 20], [13, 5, 14, 4]]"
12a_0338_68,"[[13, 5, 14, 4], [15, 1, 16, 24], [17, 8, 18, 9], [19, 23, 20, 22], [21, 13, 22, 12], [23, 19, 24, 18], [1, 6, 2, 7], [3, 15, 4, 14], [5, 2, 6, 3], [7, 11, 8, 10], [9, 16, 10, 17], [11, 21, 12, 20]]"
12a_0338_69,"[[11, 21, 12, 20], [13, 5, 14, 4], [15, 1, 16, 24], [17, 8, 18, 9], [19, 23, 20, 22], [21, 13, 22, 12], [23, 19, 24, 18], [1, 6, 2, 7], [3, 15, 4, 14], [5, 2, 6, 3], [7, 11, 8, 10], [9, 16, 10, 17]]"
12a_0338_70,"[[9, 16, 10, 17], [11, 21, 12, 20], [13, 5, 14, 4], [15, 1, 16, 24], [17, 8, 18, 9], [19, 23, 20, 22], [21, 13, 22, 12], [23, 19, 24, 18], [1, 6, 2, 7], [3, 15, 4, 14], [5, 2, 6, 3], [7, 11, 8, 10]]"
12a_0338_71,"[[7, 11, 8, 10], [9, 16, 10, 17], [11, 21, 12, 20], [13, 5, 14, 4], [15, 1, 16, 24], [17, 8, 18, 9], [19, 23, 20, 22], [21, 13, 22, 12], [23, 19, 24, 18], [1, 6, 2, 7], [3, 15, 4, 14], [5, 2, 6, 3]]"
12a_0338_72,"[[6, 3, 7, 4], [8, 12, 9, 11], [10, 17, 11, 18], [12, 22, 13, 21], [14, 6, 15, 5], [16, 2, 17, 1], [18, 9, 19, 10], [20, 24, 21, 23], [22, 14, 23, 13], [24, 20, 1, 19], [2, 7, 3, 8], [4, 16, 5, 15]]"
12a_0338_73,"[[4, 16, 5, 15], [6, 3, 7, 4], [8, 12, 9, 11], [10, 17, 11, 18], [12, 22, 13, 21], [14, 6, 15, 5], [16, 2, 17, 1], [18, 9, 19, 10], [20, 24, 21, 23], [22, 14, 23, 13], [24, 20, 1, 19], [2, 7, 3, 8]]"
12a_0338_74,"[[2, 7, 3, 8], [4, 16, 5, 15], [6, 3, 7, 4], [8, 12, 9, 11], [10, 17, 11, 18], [12, 22, 13, 21], [14, 6, 15, 5], [16, 2, 17, 1], [18, 9, 19, 10], [20, 24, 21, 23], [22, 14, 23, 13], [24, 20, 1, 19]]"
12a_0338_75,"[[24, 20, 1, 19], [2, 7, 3, 8], [4, 16, 5, 15], [6, 3, 7, 4], [8, 12, 9, 11], [10, 17, 11, 18], [12, 22, 13, 21], [14, 6, 15, 5], [16, 2, 17, 1], [18, 9, 19, 10], [20, 24, 21, 23], [22, 14, 23, 13]]"
12a_0338_76,"[[22, 14, 23, 13], [24, 20, 1, 19], [2, 7, 3, 8], [4, 16, 5, 15], [6, 3, 7, 4], [8, 12, 9, 11], [10, 17, 11, 18], [12, 22, 13, 21], [14, 6, 15, 5], [16, 2, 17, 1], [18, 9, 19, 10], [20, 24, 21, 23]]"
12a_0338_77,"[[20, 24, 21, 23], [22, 14, 23, 13], [24, 20, 1, 19], [2, 7, 3, 8], [4, 16, 5, 15], [6, 3, 7, 4], [8, 12, 9, 11], [10, 17, 11, 18], [12, 22, 13, 21], [14, 6, 15, 5], [16, 2, 17, 1], [18, 9, 19, 10]]"
12a_0338_78,"[[18, 9, 19, 10], [20, 24, 21, 23], [22, 14, 23, 13], [24, 20, 1, 19], [2, 7, 3, 8], [4, 16, 5, 15], [6, 3, 7, 4], [8, 12, 9, 11], [10, 17, 11, 18], [12, 22, 13, 21], [14, 6, 15, 5], [16, 2, 17, 1]]"
12a_0338_79,"[[16, 2, 17, 1], [18, 9, 19, 10], [20, 24, 21, 23], [22, 14, 23, 13], [24, 20, 1, 19], [2, 7, 3, 8], [4, 16, 5, 15], [6, 3, 7, 4], [8, 12, 9, 11], [10, 17, 11, 18], [12, 22, 13, 21], [14, 6, 15, 5]]"
12a_0338_80,"[[14, 6, 15, 5], [16, 2, 17, 1], [18, 9, 19, 10], [20, 24, 21, 23], [22, 14, 23, 13], [24, 20, 1, 19], [2, 7, 3, 8], [4, 16, 5, 15], [6, 3, 7, 4], [8, 12, 9, 11], [10, 17, 11, 18], [12, 22, 13, 21]]"
12a_0338_81,"[[12, 22, 13, 21], [14, 6, 15, 5], [16, 2, 17, 1], [18, 9, 19, 10], [20, 24, 21, 23], [22, 14, 23, 13], [24, 20, 1, 19], [2, 7, 3, 8], [4, 16, 5, 15], [6, 3, 7, 4], [8, 12, 9, 11], [10, 17, 11, 18]]"
12a_0338_82,"[[10, 17, 11, 18], [12, 22, 13, 21], [14, 6, 15, 5], [16, 2, 17, 1], [18, 9, 19, 10], [20, 24, 21, 23], [22, 14, 23, 13], [24, 20, 1, 19], [2, 7, 3, 8], [4, 16, 5, 15], [6, 3, 7, 4], [8, 12, 9, 11]]"
12a_0338_83,"[[8, 12, 9, 11], [10, 17, 11, 18], [12, 22, 13, 21], [14, 6, 15, 5], [16, 2, 17, 1], [18, 9, 19, 10], [20, 24, 21, 23], [22, 14, 23, 13], [24, 20, 1, 19], [2, 7, 3, 8], [4, 16, 5, 15], [6, 3, 7, 4]]"
12a_0338_84,"[[7, 4, 8, 5], [9, 13, 10, 12], [11, 18, 12, 19], [13, 23, 14, 22], [15, 7, 16, 6], [17, 3, 18, 2], [19, 10, 20, 11], [21, 1, 22, 24], [23, 15, 24, 14], [1, 21, 2, 20], [3, 8, 4, 9], [5, 17, 6, 16]]"
12a_0338_85,"[[5, 17, 6, 16], [7, 4, 8, 5], [9, 13, 10, 12], [11, 18, 12, 19], [13, 23, 14, 22], [15, 7, 16, 6], [17, 3, 18, 2], [19, 10, 20, 11], [21, 1, 22, 24], [23, 15, 24, 14], [1, 21, 2, 20], [3, 8, 4, 9]]"
12a_0338_86,"[[3, 8, 4, 9], [5, 17, 6, 16], [7, 4, 8, 5], [9, 13, 10, 12], [11, 18, 12, 19], [13, 23, 14, 22], [15, 7, 16, 6], [17, 3, 18, 2], [19, 10, 20, 11], [21, 1, 22, 24], [23, 15, 24, 14], [1, 21, 2, 20]]"
12a_0338_87,"[[1, 21, 2, 20], [3, 8, 4, 9], [5, 17, 6, 16], [7, 4, 8, 5], [9, 13, 10, 12], [11, 18, 12, 19], [13, 23, 14, 22], [15, 7, 16, 6], [17, 3, 18, 2], [19, 10, 20, 11], [21, 1, 22, 24], [23, 15, 24, 14]]"
12a_0338_88,"[[23, 15, 24, 14], [1, 21, 2, 20], [3, 8, 4, 9], [5, 17, 6, 16], [7, 4, 8, 5], [9, 13, 10, 12], [11, 18, 12, 19], [13, 23, 14, 22], [15, 7, 16, 6], [17, 3, 18, 2], [19, 10, 20, 11], [21, 1, 22, 24]]"
12a_0338_89,"[[21, 1, 22, 24], [23, 15, 24, 14], [1, 21, 2, 20], [3, 8, 4, 9], [5, 17, 6, 16], [7, 4, 8, 5], [9, 13, 10, 12], [11, 18, 12, 19], [13, 23, 14, 22], [15, 7, 16, 6], [17, 3, 18, 2], [19, 10, 20, 11]]"
12a_0338_90,"[[19, 10, 20, 11], [21, 1, 22, 24], [23, 15, 24, 14], [1, 21, 2, 20], [3, 8, 4, 9], [5, 17, 6, 16], [7, 4, 8, 5], [9, 13, 10, 12], [11, 18, 12, 19], [13, 23, 14, 22], [15, 7, 16, 6], [17, 3, 18, 2]]"
12a_0338_91,"[[17, 3, 18, 2], [19, 10, 20, 11], [21, 1, 22, 24], [23, 15, 24, 14], [1, 21, 2, 20], [3, 8, 4, 9], [5, 17, 6, 16], [7, 4, 8, 5], [9, 13, 10, 12], [11, 18, 12, 19], [13, 23, 14, 22], [15, 7, 16, 6]]"
12a_0338_92,"[[15, 7, 16, 6], [17, 3, 18, 2], [19, 10, 20, 11], [21, 1, 22, 24], [23, 15, 24, 14], [1, 21, 2, 20], [3, 8, 4, 9], [5, 17, 6, 16], [7, 4, 8, 5], [9, 13, 10, 12], [11, 18, 12, 19], [13, 23, 14, 22]]"
12a_0338_93,"[[13, 23, 14, 22], [15, 7, 16, 6], [17, 3, 18, 2], [19, 10, 20, 11], [21, 1, 22, 24], [23, 15, 24, 14], [1, 21, 2, 20], [3, 8, 4, 9], [5, 17, 6, 16], [7, 4, 8, 5], [9, 13, 10, 12], [11, 18, 12, 19]]"
12a_0338_94,"[[11, 18, 12, 19], [13, 23, 14, 22], [15, 7, 16, 6], [17, 3, 18, 2], [19, 10, 20, 11], [21, 1, 22, 24], [23, 15, 24, 14], [1, 21, 2, 20], [3, 8, 4, 9], [5, 17, 6, 16], [7, 4, 8, 5], [9, 13, 10, 12]]"
12a_0338_95,"[[9, 13, 10, 12], [11, 18, 12, 19], [13, 23, 14, 22], [15, 7, 16, 6], [17, 3, 18, 2], [19, 10, 20, 11], [21, 1, 22, 24], [23, 15, 24, 14], [1, 21, 2, 20], [3, 8, 4, 9], [5, 17, 6, 16], [7, 4, 8, 5]]"
12a_0338_96,"[[8, 5, 9, 6], [10, 14, 11, 13], [12, 19, 13, 20], [14, 24, 15, 23], [16, 8, 17, 7], [18, 4, 19, 3], [20, 11, 21, 12], [22, 2, 23, 1], [24, 16, 1, 15], [2, 22, 3, 21], [4, 9, 5, 10], [6, 18, 7, 17]]"
12a_0338_97,"[[6, 18, 7, 17], [8, 5, 9, 6], [10, 14, 11, 13], [12, 19, 13, 20], [14, 24, 15, 23], [16, 8, 17, 7], [18, 4, 19, 3], [20, 11, 21, 12], [22, 2, 23, 1], [24, 16, 1, 15], [2, 22, 3, 21], [4, 9, 5, 10]]"
12a_0338_98,"[[4, 9, 5, 10], [6, 18, 7, 17], [8, 5, 9, 6], [10, 14, 11, 13], [12, 19, 13, 20], [14, 24, 15, 23], [16, 8, 17, 7], [18, 4, 19, 3], [20, 11, 21, 12], [22, 2, 23, 1], [24, 16, 1, 15], [2, 22, 3, 21]]"
12a_0338_99,"[[2, 22, 3, 21], [4, 9, 5, 10], [6, 18, 7, 17], [8, 5, 9, 6], [10, 14, 11, 13], [12, 19, 13, 20], [14, 24, 15, 23], [16, 8, 17, 7], [18, 4, 19, 3], [20, 11, 21, 12], [22, 2, 23, 1], [24, 16, 1, 15]]"
12a_0338_100,"[[24, 16, 1, 15], [2, 22, 3, 21], [4, 9, 5, 10], [6, 18, 7, 17], [8, 5, 9, 6], [10, 14, 11, 13], [12, 19, 13, 20], [14, 24, 15, 23], [16, 8, 17, 7], [18, 4, 19, 3], [20, 11, 21, 12], [22, 2, 23, 1]]"
12a_0338_101,"[[22, 2, 23, 1], [24, 16, 1, 15], [2, 22, 3, 21], [4, 9, 5, 10], [6, 18, 7, 17], [8, 5, 9, 6], [10, 14, 11, 13], [12, 19, 13, 20], [14, 24, 15, 23], [16, 8, 17, 7], [18, 4, 19, 3], [20, 11, 21, 12]]"
12a_0338_102,"[[20, 11, 21, 12], [22, 2, 23, 1], [24, 16, 1, 15], [2, 22, 3, 21], [4, 9, 5, 10], [6, 18, 7, 17], [8, 5, 9, 6], [10, 14, 11, 13], [12, 19, 13, 20], [14, 24, 15, 23], [16, 8, 17, 7], [18, 4, 19, 3]]"
12a_0338_103,"[[18, 4, 19, 3], [20, 11, 21, 12], [22, 2, 23, 1], [24, 16, 1, 15], [2, 22, 3, 21], [4, 9, 5, 10], [6, 18, 7, 17], [8, 5, 9, 6], [10, 14, 11, 13], [12, 19, 13, 20], [14, 24, 15, 23], [16, 8, 17, 7]]"
12a_0338_104,"[[16, 8, 17, 7], [18, 4, 19, 3], [20, 11, 21, 12], [22, 2, 23, 1], [24, 16, 1, 15], [2, 22, 3, 21], [4, 9, 5, 10], [6, 18, 7, 17], [8, 5, 9, 6], [10, 14, 11, 13], [12, 19, 13, 20], [14, 24, 15, 23]]"
12a_0338_105,"[[14, 24, 15, 23], [16, 8, 17, 7], [18, 4, 19, 3], [20, 11, 21, 12], [22, 2, 23, 1], [24, 16, 1, 15], [2, 22, 3, 21], [4, 9, 5, 10], [6, 18, 7, 17], [8, 5, 9, 6], [10, 14, 11, 13], [12, 19, 13, 20]]"
12a_0338_106,"[[12, 19, 13, 20], [14, 24, 15, 23], [16, 8, 17, 7], [18, 4, 19, 3], [20, 11, 21, 12], [22, 2, 23, 1], [24, 16, 1, 15], [2, 22, 3, 21], [4, 9, 5, 10], [6, 18, 7, 17], [8, 5, 9, 6], [10, 14, 11, 13]]"
12a_0338_107,"[[10, 14, 11, 13], [12, 19, 13, 20], [14, 24, 15, 23], [16, 8, 17, 7], [18, 4, 19, 3], [20, 11, 21, 12], [22, 2, 23, 1], [24, 16, 1, 15], [2, 22, 3, 21], [4, 9, 5, 10], [6, 18, 7, 17], [8, 5, 9, 6]]"
12a_0338_108,"[[9, 6, 10, 7], [11, 15, 12, 14], [13, 20, 14, 21], [15, 1, 16, 24], [17, 9, 18, 8], [19, 5, 20, 4], [21, 12, 22, 13], [23, 3, 24, 2], [1, 17, 2, 16], [3, 23, 4, 22], [5, 10, 6, 11], [7, 19, 8, 18]]"
12a_0338_109,"[[7, 19, 8, 18], [9, 6, 10, 7], [11, 15, 12, 14], [13, 20, 14, 21], [15, 1, 16, 24], [17, 9, 18, 8], [19, 5, 20, 4], [21, 12, 22, 13], [23, 3, 24, 2], [1, 17, 2, 16], [3, 23, 4, 22], [5, 10, 6, 11]]"
12a_0338_110,"[[5, 10, 6, 11], [7, 19, 8, 18], [9, 6, 10, 7], [11, 15, 12, 14], [13, 20, 14, 21], [15, 1, 16, 24], [17, 9, 18, 8], [19, 5, 20, 4], [21, 12, 22, 13], [23, 3, 24, 2], [1, 17, 2, 16], [3, 23, 4, 22]]"
12a_0338_111,"[[3, 23, 4, 22], [5, 10, 6, 11], [7, 19, 8, 18], [9, 6, 10, 7], [11, 15, 12, 14], [13, 20, 14, 21], [15, 1, 16, 24], [17, 9, 18, 8], [19, 5, 20, 4], [21, 12, 22, 13], [23, 3, 24, 2], [1, 17, 2, 16]]"
12a_0338_112,"[[1, 17, 2, 16], [3, 23, 4, 22], [5, 10, 6, 11], [7, 19, 8, 18], [9, 6, 10, 7], [11, 15, 12, 14], [13, 20, 14, 21], [15, 1, 16, 24], [17, 9, 18, 8], [19, 5, 20, 4], [21, 12, 22, 13], [23, 3, 24, 2]]"
12a_0338_113,"[[23, 3, 24, 2], [1, 17, 2, 16], [3, 23, 4, 22], [5, 10, 6, 11], [7, 19, 8, 18], [9, 6, 10, 7], [11, 15, 12, 14], [13, 20, 14, 21], [15, 1, 16, 24], [17, 9, 18, 8], [19, 5, 20, 4], [21, 12, 22, 13]]"
12a_0338_114,"[[21, 12, 22, 13], [23, 3, 24, 2], [1, 17, 2, 16], [3, 23, 4, 22], [5, 10, 6, 11], [7, 19, 8, 18], [9, 6, 10, 7], [11, 15, 12, 14], [13, 20, 14, 21], [15, 1, 16, 24], [17, 9, 18, 8], [19, 5, 20, 4]]"
12a_0338_115,"[[19, 5, 20, 4], [21, 12, 22, 13], [23, 3, 24, 2], [1, 17, 2, 16], [3, 23, 4, 22], [5, 10, 6, 11], [7, 19, 8, 18], [9, 6, 10, 7], [11, 15, 12, 14], [13, 20, 14, 21], [15, 1, 16, 24], [17, 9, 18, 8]]"
12a_0338_116,"[[17, 9, 18, 8], [19, 5, 20, 4], [21, 12, 22, 13], [23, 3, 24, 2], [1, 17, 2, 16], [3, 23, 4, 22], [5, 10, 6, 11], [7, 19, 8, 18], [9, 6, 10, 7], [11, 15, 12, 14], [13, 20, 14, 21], [15, 1, 16, 24]]"
12a_0338_117,"[[15, 1, 16, 24], [17, 9, 18, 8], [19, 5, 20, 4], [21, 12, 22, 13], [23, 3, 24, 2], [1, 17, 2, 16], [3, 23, 4, 22], [5, 10, 6, 11], [7, 19, 8, 18], [9, 6, 10, 7], [11, 15, 12, 14], [13, 20, 14, 21]]"
12a_0338_118,"[[13, 20, 14, 21], [15, 1, 16, 24], [17, 9, 18, 8], [19, 5, 20, 4], [21, 12, 22, 13], [23, 3, 24, 2], [1, 17, 2, 16], [3, 23, 4, 22], [5, 10, 6, 11], [7, 19, 8, 18], [9, 6, 10, 7], [11, 15, 12, 14]]"
12a_0338_119,"[[11, 15, 12, 14], [13, 20, 14, 21], [15, 1, 16, 24], [17, 9, 18, 8], [19, 5, 20, 4], [21, 12, 22, 13], [23, 3, 24, 2], [1, 17, 2, 16], [3, 23, 4, 22], [5, 10, 6, 11], [7, 19, 8, 18], [9, 6, 10, 7]]"
12a_0338_120,"[[10, 7, 11, 8], [12, 16, 13, 15], [14, 21, 15, 22], [16, 2, 17, 1], [18, 10, 19, 9], [20, 6, 21, 5], [22, 13, 23, 14], [24, 4, 1, 3], [2, 18, 3, 17], [4, 24, 5, 23], [6, 11, 7, 12], [8, 20, 9, 19]]"
12a_0338_121,"[[8, 20, 9, 19], [10, 7, 11, 8], [12, 16, 13, 15], [14, 21, 15, 22], [16, 2, 17, 1], [18, 10, 19, 9], [20, 6, 21, 5], [22, 13, 23, 14], [24, 4, 1, 3], [2, 18, 3, 17], [4, 24, 5, 23], [6, 11, 7, 12]]"
12a_0338_122,"[[6, 11, 7, 12], [8, 20, 9, 19], [10, 7, 11, 8], [12, 16, 13, 15], [14, 21, 15, 22], [16, 2, 17, 1], [18, 10, 19, 9], [20, 6, 21, 5], [22, 13, 23, 14], [24, 4, 1, 3], [2, 18, 3, 17], [4, 24, 5, 23]]"
12a_0338_123,"[[4, 24, 5, 23], [6, 11, 7, 12], [8, 20, 9, 19], [10, 7, 11, 8], [12, 16, 13, 15], [14, 21, 15, 22], [16, 2, 17, 1], [18, 10, 19, 9], [20, 6, 21, 5], [22, 13, 23, 14], [24, 4, 1, 3], [2, 18, 3, 17]]"
12a_0338_124,"[[2, 18, 3, 17], [4, 24, 5, 23], [6, 11, 7, 12], [8, 20, 9, 19], [10, 7, 11, 8], [12, 16, 13, 15], [14, 21, 15, 22], [16, 2, 17, 1], [18, 10, 19, 9], [20, 6, 21, 5], [22, 13, 23, 14], [24, 4, 1, 3]]"
12a_0338_125,"[[24, 4, 1, 3], [2, 18, 3, 17], [4, 24, 5, 23], [6, 11, 7, 12], [8, 20, 9, 19], [10, 7, 11, 8], [12, 16, 13, 15], [14, 21, 15, 22], [16, 2, 17, 1], [18, 10, 19, 9], [20, 6, 21, 5], [22, 13, 23, 14]]"
12a_0338_126,"[[22, 13, 23, 14], [24, 4, 1, 3], [2, 18, 3, 17], [4, 24, 5, 23], [6, 11, 7, 12], [8, 20, 9, 19], [10, 7, 11, 8], [12, 16, 13, 15], [14, 21, 15, 22], [16, 2, 17, 1], [18, 10, 19, 9], [20, 6, 21, 5]]"
12a_0338_127,"[[20, 6, 21, 5], [22, 13, 23, 14], [24, 4, 1, 3], [2, 18, 3, 17], [4, 24, 5, 23], [6, 11, 7, 12], [8, 20, 9, 19], [10, 7, 11, 8], [12, 16, 13, 15], [14, 21, 15, 22], [16, 2, 17, 1], [18, 10, 19, 9]]"
12a_0338_128,"[[18, 10, 19, 9], [20, 6, 21, 5], [22, 13, 23, 14], [24, 4, 1, 3], [2, 18, 3, 17], [4, 24, 5, 23], [6, 11, 7, 12], [8, 20, 9, 19], [10, 7, 11, 8], [12, 16, 13, 15], [14, 21, 15, 22], [16, 2, 17, 1]]"
12a_0338_129,"[[16, 2, 17, 1], [18, 10, 19, 9], [20, 6, 21, 5], [22, 13, 23, 14], [24, 4, 1, 3], [2, 18, 3, 17], [4, 24, 5, 23], [6, 11, 7, 12], [8, 20, 9, 19], [10, 7, 11, 8], [12, 16, 13, 15], [14, 21, 15, 22]]"
12a_0338_130,"[[14, 21, 15, 22], [16, 2, 17, 1], [18, 10, 19, 9], [20, 6, 21, 5], [22, 13, 23, 14], [24, 4, 1, 3], [2, 18, 3, 17], [4, 24, 5, 23], [6, 11, 7, 12], [8, 20, 9, 19], [10, 7, 11, 8], [12, 16, 13, 15]]"
12a_0338_131,"[[12, 16, 13, 15], [14, 21, 15, 22], [16, 2, 17, 1], [18, 10, 19, 9], [20, 6, 21, 5], [22, 13, 23, 14], [24, 4, 1, 3], [2, 18, 3, 17], [4, 24, 5, 23], [6, 11, 7, 12], [8, 20, 9, 19], [10, 7, 11, 8]]"
12a_0338_132,"[[11, 8, 12, 9], [13, 17, 14, 16], [15, 22, 16, 23], [17, 3, 18, 2], [19, 11, 20, 10], [21, 7, 22, 6], [23, 14, 24, 15], [1, 5, 2, 4], [3, 19, 4, 18], [5, 1, 6, 24], [7, 12, 8, 13], [9, 21, 10, 20]]"
12a_0338_133,"[[9, 21, 10, 20], [11, 8, 12, 9], [13, 17, 14, 16], [15, 22, 16, 23], [17, 3, 18, 2], [19, 11, 20, 10], [21, 7, 22, 6], [23, 14, 24, 15], [1, 5, 2, 4], [3, 19, 4, 18], [5, 1, 6, 24], [7, 12, 8, 13]]"
12a_0338_134,"[[7, 12, 8, 13], [9, 21, 10, 20], [11, 8, 12, 9], [13, 17, 14, 16], [15, 22, 16, 23], [17, 3, 18, 2], [19, 11, 20, 10], [21, 7, 22, 6], [23, 14, 24, 15], [1, 5, 2, 4], [3, 19, 4, 18], [5, 1, 6, 24]]"
12a_0338_135,"[[5, 1, 6, 24], [7, 12, 8, 13], [9, 21, 10, 20], [11, 8, 12, 9], [13, 17, 14, 16], [15, 22, 16, 23], [17, 3, 18, 2], [19, 11, 20, 10], [21, 7, 22, 6], [23, 14, 24, 15], [1, 5, 2, 4], [3, 19, 4, 18]]"
12a_0338_136,"[[3, 19, 4, 18], [5, 1, 6, 24], [7, 12, 8, 13], [9, 21, 10, 20], [11, 8, 12, 9], [13, 17, 14, 16], [15, 22, 16, 23], [17, 3, 18, 2], [19, 11, 20, 10], [21, 7, 22, 6], [23, 14, 24, 15], [1, 5, 2, 4]]"
12a_0338_137,"[[1, 5, 2, 4], [3, 19, 4, 18], [5, 1, 6, 24], [7, 12, 8, 13], [9, 21, 10, 20], [11, 8, 12, 9], [13, 17, 14, 16], [15, 22, 16, 23], [17, 3, 18, 2], [19, 11, 20, 10], [21, 7, 22, 6], [23, 14, 24, 15]]"
12a_0338_138,"[[23, 14, 24, 15], [1, 5, 2, 4], [3, 19, 4, 18], [5, 1, 6, 24], [7, 12, 8, 13], [9, 21, 10, 20], [11, 8, 12, 9], [13, 17, 14, 16], [15, 22, 16, 23], [17, 3, 18, 2], [19, 11, 20, 10], [21, 7, 22, 6]]"
12a_0338_139,"[[21, 7, 22, 6], [23, 14, 24, 15], [1, 5, 2, 4], [3, 19, 4, 18], [5, 1, 6, 24], [7, 12, 8, 13], [9, 21, 10, 20], [11, 8, 12, 9], [13, 17, 14, 16], [15, 22, 16, 23], [17, 3, 18, 2], [19, 11, 20, 10]]"
12a_0338_140,"[[19, 11, 20, 10], [21, 7, 22, 6], [23, 14, 24, 15], [1, 5, 2, 4], [3, 19, 4, 18], [5, 1, 6, 24], [7, 12, 8, 13], [9, 21, 10, 20], [11, 8, 12, 9], [13, 17, 14, 16], [15, 22, 16, 23], [17, 3, 18, 2]]"
12a_0338_141,"[[17, 3, 18, 2], [19, 11, 20, 10], [21, 7, 22, 6], [23, 14, 24, 15], [1, 5, 2, 4], [3, 19, 4, 18], [5, 1, 6, 24], [7, 12, 8, 13], [9, 21, 10, 20], [11, 8, 12, 9], [13, 17, 14, 16], [15, 22, 16, 23]]"
12a_0338_142,"[[15, 22, 16, 23], [17, 3, 18, 2], [19, 11, 20, 10], [21, 7, 22, 6], [23, 14, 24, 15], [1, 5, 2, 4], [3, 19, 4, 18], [5, 1, 6, 24], [7, 12, 8, 13], [9, 21, 10, 20], [11, 8, 12, 9], [13, 17, 14, 16]]"
12a_0338_143,"[[13, 17, 14, 16], [15, 22, 16, 23], [17, 3, 18, 2], [19, 11, 20, 10], [21, 7, 22, 6], [23, 14, 24, 15], [1, 5, 2, 4], [3, 19, 4, 18], [5, 1, 6, 24], [7, 12, 8, 13], [9, 21, 10, 20], [11, 8, 12, 9]]"
12a_0338_144,"[[12, 9, 13, 10], [14, 18, 15, 17], [16, 23, 17, 24], [18, 4, 19, 3], [20, 12, 21, 11], [22, 8, 23, 7], [24, 15, 1, 16], [2, 6, 3, 5], [4, 20, 5, 19], [6, 2, 7, 1], [8, 13, 9, 14], [10, 22, 11, 21]]"
12a_0338_145,"[[10, 22, 11, 21], [12, 9, 13, 10], [14, 18, 15, 17], [16, 23, 17, 24], [18, 4, 19, 3], [20, 12, 21, 11], [22, 8, 23, 7], [24, 15, 1, 16], [2, 6, 3, 5], [4, 20, 5, 19], [6, 2, 7, 1], [8, 13, 9, 14]]"
12a_0338_146,"[[8, 13, 9, 14], [10, 22, 11, 21], [12, 9, 13, 10], [14, 18, 15, 17], [16, 23, 17, 24], [18, 4, 19, 3], [20, 12, 21, 11], [22, 8, 23, 7], [24, 15, 1, 16], [2, 6, 3, 5], [4, 20, 5, 19], [6, 2, 7, 1]]"
12a_0338_147,"[[6, 2, 7, 1], [8, 13, 9, 14], [10, 22, 11, 21], [12, 9, 13, 10], [14, 18, 15, 17], [16, 23, 17, 24], [18, 4, 19, 3], [20, 12, 21, 11], [22, 8, 23, 7], [24, 15, 1, 16], [2, 6, 3, 5], [4, 20, 5, 19]]"
12a_0338_148,"[[4, 20, 5, 19], [6, 2, 7, 1], [8, 13, 9, 14], [10, 22, 11, 21], [12, 9, 13, 10], [14, 18, 15, 17], [16, 23, 17, 24], [18, 4, 19, 3], [20, 12, 21, 11], [22, 8, 23, 7], [24, 15, 1, 16], [2, 6, 3, 5]]"
12a_0338_149,"[[2, 6, 3, 5], [4, 20, 5, 19], [6, 2, 7, 1], [8, 13, 9, 14], [10, 22, 11, 21], [12, 9, 13, 10], [14, 18, 15, 17], [16, 23, 17, 24], [18, 4, 19, 3], [20, 12, 21, 11], [22, 8, 23, 7], [24, 15, 1, 16]]"
12a_0338_150,"[[24, 15, 1, 16], [2, 6, 3, 5], [4, 20, 5, 19], [6, 2, 7, 1], [8, 13, 9, 14], [10, 22, 11, 21], [12, 9, 13, 10], [14, 18, 15, 17], [16, 23, 17, 24], [18, 4, 19, 3], [20, 12, 21, 11], [22, 8, 23, 7]]"
12a_0338_151,"[[22, 8, 23, 7], [24, 15, 1, 16], [2, 6, 3, 5], [4, 20, 5, 19], [6, 2, 7, 1], [8, 13, 9, 14], [10, 22, 11, 21], [12, 9, 13, 10], [14, 18, 15, 17], [16, 23, 17, 24], [18, 4, 19, 3], [20, 12, 21, 11]]"
12a_0338_152,"[[20, 12, 21, 11], [22, 8, 23, 7], [24, 15, 1, 16], [2, 6, 3, 5], [4, 20, 5, 19], [6, 2, 7, 1], [8, 13, 9, 14], [10, 22, 11, 21], [12, 9, 13, 10], [14, 18, 15, 17], [16, 23, 17, 24], [18, 4, 19, 3]]"
12a_0338_153,"[[18, 4, 19, 3], [20, 12, 21, 11], [22, 8, 23, 7], [24, 15, 1, 16], [2, 6, 3, 5], [4, 20, 5, 19], [6, 2, 7, 1], [8, 13, 9, 14], [10, 22, 11, 21], [12, 9, 13, 10], [14, 18, 15, 17], [16, 23, 17, 24]]"
12a_0338_154,"[[16, 23, 17, 24], [18, 4, 19, 3], [20, 12, 21, 11], [22, 8, 23, 7], [24, 15, 1, 16], [2, 6, 3, 5], [4, 20, 5, 19], [6, 2, 7, 1], [8, 13, 9, 14], [10, 22, 11, 21], [12, 9, 13, 10], [14, 18, 15, 17]]"
12a_0338_155,"[[14, 18, 15, 17], [16, 23, 17, 24], [18, 4, 19, 3], [20, 12, 21, 11], [22, 8, 23, 7], [24, 15, 1, 16], [2, 6, 3, 5], [4, 20, 5, 19], [6, 2, 7, 1], [8, 13, 9, 14], [10, 22, 11, 21], [12, 9, 13, 10]]"
12a_0338_156,"[[13, 10, 14, 11], [15, 19, 16, 18], [17, 24, 18, 1], [19, 5, 20, 4], [21, 13, 22, 12], [23, 9, 24, 8], [1, 16, 2, 17], [3, 7, 4, 6], [5, 21, 6, 20], [7, 3, 8, 2], [9, 14, 10, 15], [11, 23, 12, 22]]"
12a_0338_157,"[[11, 23, 12, 22], [13, 10, 14, 11], [15, 19, 16, 18], [17, 24, 18, 1], [19, 5, 20, 4], [21, 13, 22, 12], [23, 9, 24, 8], [1, 16, 2, 17], [3, 7, 4, 6], [5, 21, 6, 20], [7, 3, 8, 2], [9, 14, 10, 15]]"
12a_0338_158,"[[9, 14, 10, 15], [11, 23, 12, 22], [13, 10, 14, 11], [15, 19, 16, 18], [17, 24, 18, 1], [19, 5, 20, 4], [21, 13, 22, 12], [23, 9, 24, 8], [1, 16, 2, 17], [3, 7, 4, 6], [5, 21, 6, 20], [7, 3, 8, 2]]"
12a_0338_159,"[[7, 3, 8, 2], [9, 14, 10, 15], [11, 23, 12, 22], [13, 10, 14, 11], [15, 19, 16, 18], [17, 24, 18, 1], [19, 5, 20, 4], [21, 13, 22, 12], [23, 9, 24, 8], [1, 16, 2, 17], [3, 7, 4, 6], [5, 21, 6, 20]]"
12a_0338_160,"[[5, 21, 6, 20], [7, 3, 8, 2], [9, 14, 10, 15], [11, 23, 12, 22], [13, 10, 14, 11], [15, 19, 16, 18], [17, 24, 18, 1], [19, 5, 20, 4], [21, 13, 22, 12], [23, 9, 24, 8], [1, 16, 2, 17], [3, 7, 4, 6]]"
12a_0338_161,"[[3, 7, 4, 6], [5, 21, 6, 20], [7, 3, 8, 2], [9, 14, 10, 15], [11, 23, 12, 22], [13, 10, 14, 11], [15, 19, 16, 18], [17, 24, 18, 1], [19, 5, 20, 4], [21, 13, 22, 12], [23, 9, 24, 8], [1, 16, 2, 17]]"
12a_0338_162,"[[1, 16, 2, 17], [3, 7, 4, 6], [5, 21, 6, 20], [7, 3, 8, 2], [9, 14, 10, 15], [11, 23, 12, 22], [13, 10, 14, 11], [15, 19, 16, 18], [17, 24, 18, 1], [19, 5, 20, 4], [21, 13, 22, 12], [23, 9, 24, 8]]"
12a_0338_163,"[[23, 9, 24, 8], [1, 16, 2, 17], [3, 7, 4, 6], [5, 21, 6, 20], [7, 3, 8, 2], [9, 14, 10, 15], [11, 23, 12, 22], [13, 10, 14, 11], [15, 19, 16, 18], [17, 24, 18, 1], [19, 5, 20, 4], [21, 13, 22, 12]]"
12a_0338_164,"[[21, 13, 22, 12], [23, 9, 24, 8], [1, 16, 2, 17], [3, 7, 4, 6], [5, 21, 6, 20], [7, 3, 8, 2], [9, 14, 10, 15], [11, 23, 12, 22], [13, 10, 14, 11], [15, 19, 16, 18], [17, 24, 18, 1], [19, 5, 20, 4]]"
12a_0338_165,"[[19, 5, 20, 4], [21, 13, 22, 12], [23, 9, 24, 8], [1, 16, 2, 17], [3, 7, 4, 6], [5, 21, 6, 20], [7, 3, 8, 2], [9, 14, 10, 15], [11, 23, 12, 22], [13, 10, 14, 11], [15, 19, 16, 18], [17, 24, 18, 1]]"
12a_0338_166,"[[17, 24, 18, 1], [19, 5, 20, 4], [21, 13, 22, 12], [23, 9, 24, 8], [1, 16, 2, 17], [3, 7, 4, 6], [5, 21, 6, 20], [7, 3, 8, 2], [9, 14, 10, 15], [11, 23, 12, 22], [13, 10, 14, 11], [15, 19, 16, 18]]"
12a_0338_167,"[[15, 19, 16, 18], [17, 24, 18, 1], [19, 5, 20, 4], [21, 13, 22, 12], [23, 9, 24, 8], [1, 16, 2, 17], [3, 7, 4, 6], [5, 21, 6, 20], [7, 3, 8, 2], [9, 14, 10, 15], [11, 23, 12, 22], [13, 10, 14, 11]]"
12a_0338_168,"[[14, 11, 15, 12], [16, 20, 17, 19], [18, 1, 19, 2], [20, 6, 21, 5], [22, 14, 23, 13], [24, 10, 1, 9], [2, 17, 3, 18], [4, 8, 5, 7], [6, 22, 7, 21], [8, 4, 9, 3], [10, 15, 11, 16], [12, 24, 13, 23]]"
12a_0338_169,"[[12, 24, 13, 23], [14, 11, 15, 12], [16, 20, 17, 19], [18, 1, 19, 2], [20, 6, 21, 5], [22, 14, 23, 13], [24, 10, 1, 9], [2, 17, 3, 18], [4, 8, 5, 7], [6, 22, 7, 21], [8, 4, 9, 3], [10, 15, 11, 16]]"
12a_0338_170,"[[10, 15, 11, 16], [12, 24, 13, 23], [14, 11, 15, 12], [16, 20, 17, 19], [18, 1, 19, 2], [20, 6, 21, 5], [22, 14, 23, 13], [24, 10, 1, 9], [2, 17, 3, 18], [4, 8, 5, 7], [6, 22, 7, 21], [8, 4, 9, 3]]"
12a_0338_171,"[[8, 4, 9, 3], [10, 15, 11, 16], [12, 24, 13, 23], [14, 11, 15, 12], [16, 20, 17, 19], [18, 1, 19, 2], [20, 6, 21, 5], [22, 14, 23, 13], [24, 10, 1, 9], [2, 17, 3, 18], [4, 8, 5, 7], [6, 22, 7, 21]]"
12a_0338_172,"[[6, 22, 7, 21], [8, 4, 9, 3], [10, 15, 11, 16], [12, 24, 13, 23], [14, 11, 15, 12], [16, 20, 17, 19], [18, 1, 19, 2], [20, 6, 21, 5], [22, 14, 23, 13], [24, 10, 1, 9], [2, 17, 3, 18], [4, 8, 5, 7]]"
12a_0338_173,"[[4, 8, 5, 7], [6, 22, 7, 21], [8, 4, 9, 3], [10, 15, 11, 16], [12, 24, 13, 23], [14, 11, 15, 12], [16, 20, 17, 19], [18, 1, 19, 2], [20, 6, 21, 5], [22, 14, 23, 13], [24, 10, 1, 9], [2, 17, 3, 18]]"
12a_0338_174,"[[2, 17, 3, 18], [4, 8, 5, 7], [6, 22, 7, 21], [8, 4, 9, 3], [10, 15, 11, 16], [12, 24, 13, 23], [14, 11, 15, 12], [16, 20, 17, 19], [18, 1, 19, 2], [20, 6, 21, 5], [22, 14, 23, 13], [24, 10, 1, 9]]"
12a_0338_175,"[[24, 10, 1, 9], [2, 17, 3, 18], [4, 8, 5, 7], [6, 22, 7, 21], [8, 4, 9, 3], [10, 15, 11, 16], [12, 24, 13, 23], [14, 11, 15, 12], [16, 20, 17, 19], [18, 1, 19, 2], [20, 6, 21, 5], [22, 14, 23, 13]]"
12a_0338_176,"[[22, 14, 23, 13], [24, 10, 1, 9], [2, 17, 3, 18], [4, 8, 5, 7], [6, 22, 7, 21], [8, 4, 9, 3], [10, 15, 11, 16], [12, 24, 13, 23], [14, 11, 15, 12], [16, 20, 17, 19], [18, 1, 19, 2], [20, 6, 21, 5]]"
12a_0338_177,"[[20, 6, 21, 5], [22, 14, 23, 13], [24, 10, 1, 9], [2, 17, 3, 18], [4, 8, 5, 7], [6, 22, 7, 21], [8, 4, 9, 3], [10, 15, 11, 16], [12, 24, 13, 23], [14, 11, 15, 12], [16, 20, 17, 19], [18, 1, 19, 2]]"
12a_0338_178,"[[18, 1, 19, 2], [20, 6, 21, 5], [22, 14, 23, 13], [24, 10, 1, 9], [2, 17, 3, 18], [4, 8, 5, 7], [6, 22, 7, 21], [8, 4, 9, 3], [10, 15, 11, 16], [12, 24, 13, 23], [14, 11, 15, 12], [16, 20, 17, 19]]"
12a_0338_179,"[[16, 20, 17, 19], [18, 1, 19, 2], [20, 6, 21, 5], [22, 14, 23, 13], [24, 10, 1, 9], [2, 17, 3, 18], [4, 8, 5, 7], [6, 22, 7, 21], [8, 4, 9, 3], [10, 15, 11, 16], [12, 24, 13, 23], [14, 11, 15, 12]]"
12a_0338_180,"[[15, 12, 16, 13], [17, 21, 18, 20], [19, 2, 20, 3], [21, 7, 22, 6], [23, 15, 24, 14], [1, 11, 2, 10], [3, 18, 4, 19], [5, 9, 6, 8], [7, 23, 8, 22], [9, 5, 10, 4], [11, 16, 12, 17], [13, 1, 14, 24]]"
12a_0338_181,"[[13, 1, 14, 24], [15, 12, 16, 13], [17, 21, 18, 20], [19, 2, 20, 3], [21, 7, 22, 6], [23, 15, 24, 14], [1, 11, 2, 10], [3, 18, 4, 19], [5, 9, 6, 8], [7, 23, 8, 22], [9, 5, 10, 4], [11, 16, 12, 17]]"
12a_0338_182,"[[11, 16, 12, 17], [13, 1, 14, 24], [15, 12, 16, 13], [17, 21, 18, 20], [19, 2, 20, 3], [21, 7, 22, 6], [23, 15, 24, 14], [1, 11, 2, 10], [3, 18, 4, 19], [5, 9, 6, 8], [7, 23, 8, 22], [9, 5, 10, 4]]"
12a_0338_183,"[[9, 5, 10, 4], [11, 16, 12, 17], [13, 1, 14, 24], [15, 12, 16, 13], [17, 21, 18, 20], [19, 2, 20, 3], [21, 7, 22, 6], [23, 15, 24, 14], [1, 11, 2, 10], [3, 18, 4, 19], [5, 9, 6, 8], [7, 23, 8, 22]]"
12a_0338_184,"[[7, 23, 8, 22], [9, 5, 10, 4], [11, 16, 12, 17], [13, 1, 14, 24], [15, 12, 16, 13], [17, 21, 18, 20], [19, 2, 20, 3], [21, 7, 22, 6], [23, 15, 24, 14], [1, 11, 2, 10], [3, 18, 4, 19], [5, 9, 6, 8]]"
12a_0338_185,"[[5, 9, 6, 8], [7, 23, 8, 22], [9, 5, 10, 4], [11, 16, 12, 17], [13, 1, 14, 24], [15, 12, 16, 13], [17, 21, 18, 20], [19, 2, 20, 3], [21, 7, 22, 6], [23, 15, 24, 14], [1, 11, 2, 10], [3, 18, 4, 19]]"
