name,pd_notation
12a_0975_0,"[[24, 15, 1, 16], [2, 8, 3, 7], [4, 11, 5, 12], [6, 21, 7, 22], [8, 14, 9, 13], [10, 17, 11, 18], [12, 3, 13, 4], [14, 20, 15, 19], [16, 23, 17, 24], [18, 9, 19, 10], [20, 2, 21, 1], [22, 5, 23, 6]]"
12a_0975_1,"[[22, 5, 23, 6], [24, 15, 1, 16], [2, 8, 3, 7], [4, 11, 5, 12], [6, 21, 7, 22], [8, 14, 9, 13], [10, 17, 11, 18], [12, 3, 13, 4], [14, 20, 15, 19], [16, 23, 17, 24], [18, 9, 19, 10], [20, 2, 21, 1]]"
12a_0975_2,"[[20, 2, 21, 1], [22, 5, 23, 6], [24, 15, 1, 16], [2, 8, 3, 7], [4, 11, 5, 12], [6, 21, 7, 22], [8, 14, 9, 13], [10, 17, 11, 18], [12, 3, 13, 4], [14, 20, 15, 19], [16, 23, 17, 24], [18, 9, 19, 10]]"
12a_0975_3,"[[18, 9, 19, 10], [20, 2, 21, 1], [22, 5, 23, 6], [24, 15, 1, 16], [2, 8, 3, 7], [4, 11, 5, 12], [6, 21, 7, 22], [8, 14, 9, 13], [10, 17, 11, 18], [12, 3, 13, 4], [14, 20, 15, 19], [16, 23, 17, 24]]"
12a_0975_4,"[[16, 23, 17, 24], [18, 9, 19, 10], [20, 2, 21, 1], [22, 5, 23, 6], [24, 15, 1, 16], [2, 8, 3, 7], [4, 11, 5, 12], [6, 21, 7, 22], [8, 14, 9, 13], [10, 17, 11, 18], [12, 3, 13, 4], [14, 20, 15, 19]]"
12a_0975_5,"[[14, 20, 15, 19], [16, 23, 17, 24], [18, 9, 19, 10], [20, 2, 21, 1], [22, 5, 23, 6], [24, 15, 1, 16], [2, 8, 3, 7], [4, 11, 5, 12], [6, 21, 7, 22], [8, 14, 9, 13], [10, 17, 11, 18], [12, 3, 13, 4]]"
12a_0975_6,"[[12, 3, 13, 4], [14, 20, 15, 19], [16, 23, 17, 24], [18, 9, 19, 10], [20, 2, 21, 1], [22, 5, 23, 6], [24, 15, 1, 16], [2, 8, 3, 7], [4, 11, 5, 12], [6, 21, 7, 22], [8, 14, 9, 13], [10, 17, 11, 18]]"
12a_0975_7,"[[10, 17, 11, 18], [12, 3, 13, 4], [14, 20, 15, 19], [16, 23, 17, 24], [18, 9, 19, 10], [20, 2, 21, 1], [22, 5, 23, 6], [24, 15, 1, 16], [2, 8, 3, 7], [4, 11, 5, 12], [6, 21, 7, 22], [8, 14, 9, 13]]"
12a_0975_8,"[[8, 14, 9, 13], [10, 17, 11, 18], [12, 3, 13, 4], [14, 20, 15, 19], [16, 23, 17, 24], [18, 9, 19, 10], [20, 2, 21, 1], [22, 5, 23, 6], [24, 15, 1, 16], [2, 8, 3, 7], [4, 11, 5, 12], [6, 21, 7, 22]]"
12a_0975_9,"[[6, 21, 7, 22], [8, 14, 9, 13], [10, 17, 11, 18], [12, 3, 13, 4], [14, 20, 15, 19], [16, 23, 17, 24], [18, 9, 19, 10], [20, 2, 21, 1], [22, 5, 23, 6], [24, 15, 1, 16], [2, 8, 3, 7], [4, 11, 5, 12]]"
12a_0975_10,"[[4, 11, 5, 12], [6, 21, 7, 22], [8, 14, 9, 13], [10, 17, 11, 18], [12, 3, 13, 4], [14, 20, 15, 19], [16, 23, 17, 24], [18, 9, 19, 10], [20, 2, 21, 1], [22, 5, 23, 6], [24, 15, 1, 16], [2, 8, 3, 7]]"
12a_0975_11,"[[2, 8, 3, 7], [4, 11, 5, 12], [6, 21, 7, 22], [8, 14, 9, 13], [10, 17, 11, 18], [12, 3, 13, 4], [14, 20, 15, 19], [16, 23, 17, 24], [18, 9, 19, 10], [20, 2, 21, 1], [22, 5, 23, 6], [24, 15, 1, 16]]"
12a_0975_12,"[[1, 16, 2, 17], [3, 9, 4, 8], [5, 12, 6, 13], [7, 22, 8, 23], [9, 15, 10, 14], [11, 18, 12, 19], [13, 4, 14, 5], [15, 21, 16, 20], [17, 24, 18, 1], [19, 10, 20, 11], [21, 3, 22, 2], [23, 6, 24, 7]]"
12a_0975_13,"[[23, 6, 24, 7], [1, 16, 2, 17], [3, 9, 4, 8], [5, 12, 6, 13], [7, 22, 8, 23], [9, 15, 10, 14], [11, 18, 12, 19], [13, 4, 14, 5], [15, 21, 16, 20], [17, 24, 18, 1], [19, 10, 20, 11], [21, 3, 22, 2]]"
12a_0975_14,"[[21, 3, 22, 2], [23, 6, 24, 7], [1, 16, 2, 17], [3, 9, 4, 8], [5, 12, 6, 13], [7, 22, 8, 23], [9, 15, 10, 14], [11, 18, 12, 19], [13, 4, 14, 5], [15, 21, 16, 20], [17, 24, 18, 1], [19, 10, 20, 11]]"
12a_0975_15,"[[19, 10, 20, 11], [21, 3, 22, 2], [23, 6, 24, 7], [1, 16, 2, 17], [3, 9, 4, 8], [5, 12, 6, 13], [7, 22, 8, 23], [9, 15, 10, 14], [11, 18, 12, 19], [13, 4, 14, 5], [15, 21, 16, 20], [17, 24, 18, 1]]"
12a_0975_16,"[[17, 24, 18, 1], [19, 10, 20, 11], [21, 3, 22, 2], [23, 6, 24, 7], [1, 16, 2, 17], [3, 9, 4, 8], [5, 12, 6, 13], [7, 22, 8, 23], [9, 15, 10, 14], [11, 18, 12, 19], [13, 4, 14, 5], [15, 21, 16, 20]]"
12a_0975_17,"[[15, 21, 16, 20], [17, 24, 18, 1], [19, 10, 20, 11], [21, 3, 22, 2], [23, 6, 24, 7], [1, 16, 2, 17], [3, 9, 4, 8], [5, 12, 6, 13], [7, 22, 8, 23], [9, 15, 10, 14], [11, 18, 12, 19], [13, 4, 14, 5]]"
12a_0975_18,"[[13, 4, 14, 5], [15, 21, 16, 20], [17, 24, 18, 1], [19, 10, 20, 11], [21, 3, 22, 2], [23, 6, 24, 7], [1, 16, 2, 17], [3, 9, 4, 8], [5, 12, 6, 13], [7, 22, 8, 23], [9, 15, 10, 14], [11, 18, 12, 19]]"
12a_0975_19,"[[11, 18, 12, 19], [13, 4, 14, 5], [15, 21, 16, 20], [17, 24, 18, 1], [19, 10, 20, 11], [21, 3, 22, 2], [23, 6, 24, 7], [1, 16, 2, 17], [3, 9, 4, 8], [5, 12, 6, 13], [7, 22, 8, 23], [9, 15, 10, 14]]"
12a_0975_20,"[[9, 15, 10, 14], [11, 18, 12, 19], [13, 4, 14, 5], [15, 21, 16, 20], [17, 24, 18, 1], [19, 10, 20, 11], [21, 3, 22, 2], [23, 6, 24, 7], [1, 16, 2, 17], [3, 9, 4, 8], [5, 12, 6, 13], [7, 22, 8, 23]]"
12a_0975_21,"[[7, 22, 8, 23], [9, 15, 10, 14], [11, 18, 12, 19], [13, 4, 14, 5], [15, 21, 16, 20], [17, 24, 18, 1], [19, 10, 20, 11], [21, 3, 22, 2], [23, 6, 24, 7], [1, 16, 2, 17], [3, 9, 4, 8], [5, 12, 6, 13]]"
12a_0975_22,"[[5, 12, 6, 13], [7, 22, 8, 23], [9, 15, 10, 14], [11, 18, 12, 19], [13, 4, 14, 5], [15, 21, 16, 20], [17, 24, 18, 1], [19, 10, 20, 11], [21, 3, 22, 2], [23, 6, 24, 7], [1, 16, 2, 17], [3, 9, 4, 8]]"
12a_0975_23,"[[3, 9, 4, 8], [5, 12, 6, 13], [7, 22, 8, 23], [9, 15, 10, 14], [11, 18, 12, 19], [13, 4, 14, 5], [15, 21, 16, 20], [17, 24, 18, 1], [19, 10, 20, 11], [21, 3, 22, 2], [23, 6, 24, 7], [1, 16, 2, 17]]"
12a_0975_24,"[[2, 17, 3, 18], [4, 10, 5, 9], [6, 13, 7, 14], [8, 23, 9, 24], [10, 16, 11, 15], [12, 19, 13, 20], [14, 5, 15, 6], [16, 22, 17, 21], [18, 1, 19, 2], [20, 11, 21, 12], [22, 4, 23, 3], [24, 7, 1, 8]]"
12a_0975_25,"[[24, 7, 1, 8], [2, 17, 3, 18], [4, 10, 5, 9], [6, 13, 7, 14], [8, 23, 9, 24], [10, 16, 11, 15], [12, 19, 13, 20], [14, 5, 15, 6], [16, 22, 17, 21], [18, 1, 19, 2], [20, 11, 21, 12], [22, 4, 23, 3]]"
12a_0975_26,"[[22, 4, 23, 3], [24, 7, 1, 8], [2, 17, 3, 18], [4, 10, 5, 9], [6, 13, 7, 14], [8, 23, 9, 24], [10, 16, 11, 15], [12, 19, 13, 20], [14, 5, 15, 6], [16, 22, 17, 21], [18, 1, 19, 2], [20, 11, 21, 12]]"
12a_0975_27,"[[20, 11, 21, 12], [22, 4, 23, 3], [24, 7, 1, 8], [2, 17, 3, 18], [4, 10, 5, 9], [6, 13, 7, 14], [8, 23, 9, 24], [10, 16, 11, 15], [12, 19, 13, 20], [14, 5, 15, 6], [16, 22, 17, 21], [18, 1, 19, 2]]"
12a_0975_28,"[[18, 1, 19, 2], [20, 11, 21, 12], [22, 4, 23, 3], [24, 7, 1, 8], [2, 17, 3, 18], [4, 10, 5, 9], [6, 13, 7, 14], [8, 23, 9, 24], [10, 16, 11, 15], [12, 19, 13, 20], [14, 5, 15, 6], [16, 22, 17, 21]]"
12a_0975_29,"[[16, 22, 17, 21], [18, 1, 19, 2], [20, 11, 21, 12], [22, 4, 23, 3], [24, 7, 1, 8], [2, 17, 3, 18], [4, 10, 5, 9], [6, 13, 7, 14], [8, 23, 9, 24], [10, 16, 11, 15], [12, 19, 13, 20], [14, 5, 15, 6]]"
12a_0975_30,"[[14, 5, 15, 6], [16, 22, 17, 21], [18, 1, 19, 2], [20, 11, 21, 12], [22, 4, 23, 3], [24, 7, 1, 8], [2, 17, 3, 18], [4, 10, 5, 9], [6, 13, 7, 14], [8, 23, 9, 24], [10, 16, 11, 15], [12, 19, 13, 20]]"
12a_0975_31,"[[12, 19, 13, 20], [14, 5, 15, 6], [16, 22, 17, 21], [18, 1, 19, 2], [20, 11, 21, 12], [22, 4, 23, 3], [24, 7, 1, 8], [2, 17, 3, 18], [4, 10, 5, 9], [6, 13, 7, 14], [8, 23, 9, 24], [10, 16, 11, 15]]"
12a_0975_32,"[[10, 16, 11, 15], [12, 19, 13, 20], [14, 5, 15, 6], [16, 22, 17, 21], [18, 1, 19, 2], [20, 11, 21, 12], [22, 4, 23, 3], [24, 7, 1, 8], [2, 17, 3, 18], [4, 10, 5, 9], [6, 13, 7, 14], [8, 23, 9, 24]]"
12a_0975_33,"[[8, 23, 9, 24], [10, 16, 11, 15], [12, 19, 13, 20], [14, 5, 15, 6], [16, 22, 17, 21], [18, 1, 19, 2], [20, 11, 21, 12], [22, 4, 23, 3], [24, 7, 1, 8], [2, 17, 3, 18], [4, 10, 5, 9], [6, 13, 7, 14]]"
12a_0975_34,"[[6, 13, 7, 14], [8, 23, 9, 24], [10, 16, 11, 15], [12, 19, 13, 20], [14, 5, 15, 6], [16, 22, 17, 21], [18, 1, 19, 2], [20, 11, 21, 12], [22, 4, 23, 3], [24, 7, 1, 8], [2, 17, 3, 18], [4, 10, 5, 9]]"
12a_0975_35,"[[4, 10, 5, 9], [6, 13, 7, 14], [8, 23, 9, 24], [10, 16, 11, 15], [12, 19, 13, 20], [14, 5, 15, 6], [16, 22, 17, 21], [18, 1, 19, 2], [20, 11, 21, 12], [22, 4, 23, 3], [24, 7, 1, 8], [2, 17, 3, 18]]"
12a_0975_36,"[[3, 18, 4, 19], [5, 11, 6, 10], [7, 14, 8, 15], [9, 24, 10, 1], [11, 17, 12, 16], [13, 20, 14, 21], [15, 6, 16, 7], [17, 23, 18, 22], [19, 2, 20, 3], [21, 12, 22, 13], [23, 5, 24, 4], [1, 8, 2, 9]]"
12a_0975_37,"[[1, 8, 2, 9], [3, 18, 4, 19], [5, 11, 6, 10], [7, 14, 8, 15], [9, 24, 10, 1], [11, 17, 12, 16], [13, 20, 14, 21], [15, 6, 16, 7], [17, 23, 18, 22], [19, 2, 20, 3], [21, 12, 22, 13], [23, 5, 24, 4]]"
12a_0975_38,"[[23, 5, 24, 4], [1, 8, 2, 9], [3, 18, 4, 19], [5, 11, 6, 10], [7, 14, 8, 15], [9, 24, 10, 1], [11, 17, 12, 16], [13, 20, 14, 21], [15, 6, 16, 7], [17, 23, 18, 22], [19, 2, 20, 3], [21, 12, 22, 13]]"
12a_0975_39,"[[21, 12, 22, 13], [23, 5, 24, 4], [1, 8, 2, 9], [3, 18, 4, 19], [5, 11, 6, 10], [7, 14, 8, 15], [9, 24, 10, 1], [11, 17, 12, 16], [13, 20, 14, 21], [15, 6, 16, 7], [17, 23, 18, 22], [19, 2, 20, 3]]"
12a_0975_40,"[[19, 2, 20, 3], [21, 12, 22, 13], [23, 5, 24, 4], [1, 8, 2, 9], [3, 18, 4, 19], [5, 11, 6, 10], [7, 14, 8, 15], [9, 24, 10, 1], [11, 17, 12, 16], [13, 20, 14, 21], [15, 6, 16, 7], [17, 23, 18, 22]]"
12a_0975_41,"[[17, 23, 18, 22], [19, 2, 20, 3], [21, 12, 22, 13], [23, 5, 24, 4], [1, 8, 2, 9], [3, 18, 4, 19], [5, 11, 6, 10], [7, 14, 8, 15], [9, 24, 10, 1], [11, 17, 12, 16], [13, 20, 14, 21], [15, 6, 16, 7]]"
12a_0975_42,"[[15, 6, 16, 7], [17, 23, 18, 22], [19, 2, 20, 3], [21, 12, 22, 13], [23, 5, 24, 4], [1, 8, 2, 9], [3, 18, 4, 19], [5, 11, 6, 10], [7, 14, 8, 15], [9, 24, 10, 1], [11, 17, 12, 16], [13, 20, 14, 21]]"
12a_0975_43,"[[13, 20, 14, 21], [15, 6, 16, 7], [17, 23, 18, 22], [19, 2, 20, 3], [21, 12, 22, 13], [23, 5, 24, 4], [1, 8, 2, 9], [3, 18, 4, 19], [5, 11, 6, 10], [7, 14, 8, 15], [9, 24, 10, 1], [11, 17, 12, 16]]"
12a_0975_44,"[[11, 17, 12, 16], [13, 20, 14, 21], [15, 6, 16, 7], [17, 23, 18, 22], [19, 2, 20, 3], [21, 12, 22, 13], [23, 5, 24, 4], [1, 8, 2, 9], [3, 18, 4, 19], [5, 11, 6, 10], [7, 14, 8, 15], [9, 24, 10, 1]]"
12a_0975_45,"[[9, 24, 10, 1], [11, 17, 12, 16], [13, 20, 14, 21], [15, 6, 16, 7], [17, 23, 18, 22], [19, 2, 20, 3], [21, 12, 22, 13], [23, 5, 24, 4], [1, 8, 2, 9], [3, 18, 4, 19], [5, 11, 6, 10], [7, 14, 8, 15]]"
12a_0975_46,"[[7, 14, 8, 15], [9, 24, 10, 1], [11, 17, 12, 16], [13, 20, 14, 21], [15, 6, 16, 7], [17, 23, 18, 22], [19, 2, 20, 3], [21, 12, 22, 13], [23, 5, 24, 4], [1, 8, 2, 9], [3, 18, 4, 19], [5, 11, 6, 10]]"
12a_0975_47,"[[5, 11, 6, 10], [7, 14, 8, 15], [9, 24, 10, 1], [11, 17, 12, 16], [13, 20, 14, 21], [15, 6, 16, 7], [17, 23, 18, 22], [19, 2, 20, 3], [21, 12, 22, 13], [23, 5, 24, 4], [1, 8, 2, 9], [3, 18, 4, 19]]"
12a_0975_48,"[[4, 19, 5, 20], [6, 12, 7, 11], [8, 15, 9, 16], [10, 1, 11, 2], [12, 18, 13, 17], [14, 21, 15, 22], [16, 7, 17, 8], [18, 24, 19, 23], [20, 3, 21, 4], [22, 13, 23, 14], [24, 6, 1, 5], [2, 9, 3, 10]]"
12a_0975_49,"[[2, 9, 3, 10], [4, 19, 5, 20], [6, 12, 7, 11], [8, 15, 9, 16], [10, 1, 11, 2], [12, 18, 13, 17], [14, 21, 15, 22], [16, 7, 17, 8], [18, 24, 19, 23], [20, 3, 21, 4], [22, 13, 23, 14], [24, 6, 1, 5]]"
12a_0975_50,"[[24, 6, 1, 5], [2, 9, 3, 10], [4, 19, 5, 20], [6, 12, 7, 11], [8, 15, 9, 16], [10, 1, 11, 2], [12, 18, 13, 17], [14, 21, 15, 22], [16, 7, 17, 8], [18, 24, 19, 23], [20, 3, 21, 4], [22, 13, 23, 14]]"
12a_0975_51,"[[22, 13, 23, 14], [24, 6, 1, 5], [2, 9, 3, 10], [4, 19, 5, 20], [6, 12, 7, 11], [8, 15, 9, 16], [10, 1, 11, 2], [12, 18, 13, 17], [14, 21, 15, 22], [16, 7, 17, 8], [18, 24, 19, 23], [20, 3, 21, 4]]"
12a_0975_52,"[[20, 3, 21, 4], [22, 13, 23, 14], [24, 6, 1, 5], [2, 9, 3, 10], [4, 19, 5, 20], [6, 12, 7, 11], [8, 15, 9, 16], [10, 1, 11, 2], [12, 18, 13, 17], [14, 21, 15, 22], [16, 7, 17, 8], [18, 24, 19, 23]]"
12a_0975_53,"[[18, 24, 19, 23], [20, 3, 21, 4], [22, 13, 23, 14], [24, 6, 1, 5], [2, 9, 3, 10], [4, 19, 5, 20], [6, 12, 7, 11], [8, 15, 9, 16], [10, 1, 11, 2], [12, 18, 13, 17], [14, 21, 15, 22], [16, 7, 17, 8]]"
12a_0975_54,"[[16, 7, 17, 8], [18, 24, 19, 23], [20, 3, 21, 4], [22, 13, 23, 14], [24, 6, 1, 5], [2, 9, 3, 10], [4, 19, 5, 20], [6, 12, 7, 11], [8, 15, 9, 16], [10, 1, 11, 2], [12, 18, 13, 17], [14, 21, 15, 22]]"
12a_0975_55,"[[14, 21, 15, 22], [16, 7, 17, 8], [18, 24, 19, 23], [20, 3, 21, 4], [22, 13, 23, 14], [24, 6, 1, 5], [2, 9, 3, 10], [4, 19, 5, 20], [6, 12, 7, 11], [8, 15, 9, 16], [10, 1, 11, 2], [12, 18, 13, 17]]"
12a_0975_56,"[[12, 18, 13, 17], [14, 21, 15, 22], [16, 7, 17, 8], [18, 24, 19, 23], [20, 3, 21, 4], [22, 13, 23, 14], [24, 6, 1, 5], [2, 9, 3, 10], [4, 19, 5, 20], [6, 12, 7, 11], [8, 15, 9, 16], [10, 1, 11, 2]]"
12a_0975_57,"[[10, 1, 11, 2], [12, 18, 13, 17], [14, 21, 15, 22], [16, 7, 17, 8], [18, 24, 19, 23], [20, 3, 21, 4], [22, 13, 23, 14], [24, 6, 1, 5], [2, 9, 3, 10], [4, 19, 5, 20], [6, 12, 7, 11], [8, 15, 9, 16]]"
12a_0975_58,"[[8, 15, 9, 16], [10, 1, 11, 2], [12, 18, 13, 17], [14, 21, 15, 22], [16, 7, 17, 8], [18, 24, 19, 23], [20, 3, 21, 4], [22, 13, 23, 14], [24, 6, 1, 5], [2, 9, 3, 10], [4, 19, 5, 20], [6, 12, 7, 11]]"
12a_0975_59,"[[6, 12, 7, 11], [8, 15, 9, 16], [10, 1, 11, 2], [12, 18, 13, 17], [14, 21, 15, 22], [16, 7, 17, 8], [18, 24, 19, 23], [20, 3, 21, 4], [22, 13, 23, 14], [24, 6, 1, 5], [2, 9, 3, 10], [4, 19, 5, 20]]"
12a_0975_60,"[[5, 20, 6, 21], [7, 13, 8, 12], [9, 16, 10, 17], [11, 2, 12, 3], [13, 19, 14, 18], [15, 22, 16, 23], [17, 8, 18, 9], [19, 1, 20, 24], [21, 4, 22, 5], [23, 14, 24, 15], [1, 7, 2, 6], [3, 10, 4, 11]]"
12a_0975_61,"[[3, 10, 4, 11], [5, 20, 6, 21], [7, 13, 8, 12], [9, 16, 10, 17], [11, 2, 12, 3], [13, 19, 14, 18], [15, 22, 16, 23], [17, 8, 18, 9], [19, 1, 20, 24], [21, 4, 22, 5], [23, 14, 24, 15], [1, 7, 2, 6]]"
12a_0975_62,"[[1, 7, 2, 6], [3, 10, 4, 11], [5, 20, 6, 21], [7, 13, 8, 12], [9, 16, 10, 17], [11, 2, 12, 3], [13, 19, 14, 18], [15, 22, 16, 23], [17, 8, 18, 9], [19, 1, 20, 24], [21, 4, 22, 5], [23, 14, 24, 15]]"
12a_0975_63,"[[23, 14, 24, 15], [1, 7, 2, 6], [3, 10, 4, 11], [5, 20, 6, 21], [7, 13, 8, 12], [9, 16, 10, 17], [11, 2, 12, 3], [13, 19, 14, 18], [15, 22, 16, 23], [17, 8, 18, 9], [19, 1, 20, 24], [21, 4, 22, 5]]"
12a_0975_64,"[[21, 4, 22, 5], [23, 14, 24, 15], [1, 7, 2, 6], [3, 10, 4, 11], [5, 20, 6, 21], [7, 13, 8, 12], [9, 16, 10, 17], [11, 2, 12, 3], [13, 19, 14, 18], [15, 22, 16, 23], [17, 8, 18, 9], [19, 1, 20, 24]]"
12a_0975_65,"[[19, 1, 20, 24], [21, 4, 22, 5], [23, 14, 24, 15], [1, 7, 2, 6], [3, 10, 4, 11], [5, 20, 6, 21], [7, 13, 8, 12], [9, 16, 10, 17], [11, 2, 12, 3], [13, 19, 14, 18], [15, 22, 16, 23], [17, 8, 18, 9]]"
12a_0975_66,"[[17, 8, 18, 9], [19, 1, 20, 24], [21, 4, 22, 5], [23, 14, 24, 15], [1, 7, 2, 6], [3, 10, 4, 11], [5, 20, 6, 21], [7, 13, 8, 12], [9, 16, 10, 17], [11, 2, 12, 3], [13, 19, 14, 18], [15, 22, 16, 23]]"
12a_0975_67,"[[15, 22, 16, 23], [17, 8, 18, 9], [19, 1, 20, 24], [21, 4, 22, 5], [23, 14, 24, 15], [1, 7, 2, 6], [3, 10, 4, 11], [5, 20, 6, 21], [7, 13, 8, 12], [9, 16, 10, 17], [11, 2, 12, 3], [13, 19, 14, 18]]"
12a_0975_68,"[[13, 19, 14, 18], [15, 22, 16, 23], [17, 8, 18, 9], [19, 1, 20, 24], [21, 4, 22, 5], [23, 14, 24, 15], [1, 7, 2, 6], [3, 10, 4, 11], [5, 20, 6, 21], [7, 13, 8, 12], [9, 16, 10, 17], [11, 2, 12, 3]]"
12a_0975_69,"[[11, 2, 12, 3], [13, 19, 14, 18], [15, 22, 16, 23], [17, 8, 18, 9], [19, 1, 20, 24], [21, 4, 22, 5], [23, 14, 24, 15], [1, 7, 2, 6], [3, 10, 4, 11], [5, 20, 6, 21], [7, 13, 8, 12], [9, 16, 10, 17]]"
12a_0975_70,"[[9, 16, 10, 17], [11, 2, 12, 3], [13, 19, 14, 18], [15, 22, 16, 23], [17, 8, 18, 9], [19, 1, 20, 24], [21, 4, 22, 5], [23, 14, 24, 15], [1, 7, 2, 6], [3, 10, 4, 11], [5, 20, 6, 21], [7, 13, 8, 12]]"
12a_0975_71,"[[7, 13, 8, 12], [9, 16, 10, 17], [11, 2, 12, 3], [13, 19, 14, 18], [15, 22, 16, 23], [17, 8, 18, 9], [19, 1, 20, 24], [21, 4, 22, 5], [23, 14, 24, 15], [1, 7, 2, 6], [3, 10, 4, 11], [5, 20, 6, 21]]"
12a_0975_72,"[[6, 21, 7, 22], [8, 14, 9, 13], [10, 17, 11, 18], [12, 3, 13, 4], [14, 20, 15, 19], [16, 23, 17, 24], [18, 9, 19, 10], [20, 2, 21, 1], [22, 5, 23, 6], [24, 15, 1, 16], [2, 8, 3, 7], [4, 11, 5, 12]]"
12a_0975_73,"[[4, 11, 5, 12], [6, 21, 7, 22], [8, 14, 9, 13], [10, 17, 11, 18], [12, 3, 13, 4], [14, 20, 15, 19], [16, 23, 17, 24], [18, 9, 19, 10], [20, 2, 21, 1], [22, 5, 23, 6], [24, 15, 1, 16], [2, 8, 3, 7]]"
12a_0975_74,"[[2, 8, 3, 7], [4, 11, 5, 12], [6, 21, 7, 22], [8, 14, 9, 13], [10, 17, 11, 18], [12, 3, 13, 4], [14, 20, 15, 19], [16, 23, 17, 24], [18, 9, 19, 10], [20, 2, 21, 1], [22, 5, 23, 6], [24, 15, 1, 16]]"
12a_0975_75,"[[24, 15, 1, 16], [2, 8, 3, 7], [4, 11, 5, 12], [6, 21, 7, 22], [8, 14, 9, 13], [10, 17, 11, 18], [12, 3, 13, 4], [14, 20, 15, 19], [16, 23, 17, 24], [18, 9, 19, 10], [20, 2, 21, 1], [22, 5, 23, 6]]"
12a_0975_76,"[[22, 5, 23, 6], [24, 15, 1, 16], [2, 8, 3, 7], [4, 11, 5, 12], [6, 21, 7, 22], [8, 14, 9, 13], [10, 17, 11, 18], [12, 3, 13, 4], [14, 20, 15, 19], [16, 23, 17, 24], [18, 9, 19, 10], [20, 2, 21, 1]]"
12a_0975_77,"[[20, 2, 21, 1], [22, 5, 23, 6], [24, 15, 1, 16], [2, 8, 3, 7], [4, 11, 5, 12], [6, 21, 7, 22], [8, 14, 9, 13], [10, 17, 11, 18], [12, 3, 13, 4], [14, 20, 15, 19], [16, 23, 17, 24], [18, 9, 19, 10]]"
12a_0975_78,"[[18, 9, 19, 10], [20, 2, 21, 1], [22, 5, 23, 6], [24, 15, 1, 16], [2, 8, 3, 7], [4, 11, 5, 12], [6, 21, 7, 22], [8, 14, 9, 13], [10, 17, 11, 18], [12, 3, 13, 4], [14, 20, 15, 19], [16, 23, 17, 24]]"
12a_0975_79,"[[16, 23, 17, 24], [18, 9, 19, 10], [20, 2, 21, 1], [22, 5, 23, 6], [24, 15, 1, 16], [2, 8, 3, 7], [4, 11, 5, 12], [6, 21, 7, 22], [8, 14, 9, 13], [10, 17, 11, 18], [12, 3, 13, 4], [14, 20, 15, 19]]"
12a_0975_80,"[[14, 20, 15, 19], [16, 23, 17, 24], [18, 9, 19, 10], [20, 2, 21, 1], [22, 5, 23, 6], [24, 15, 1, 16], [2, 8, 3, 7], [4, 11, 5, 12], [6, 21, 7, 22], [8, 14, 9, 13], [10, 17, 11, 18], [12, 3, 13, 4]]"
12a_0975_81,"[[12, 3, 13, 4], [14, 20, 15, 19], [16, 23, 17, 24], [18, 9, 19, 10], [20, 2, 21, 1], [22, 5, 23, 6], [24, 15, 1, 16], [2, 8, 3, 7], [4, 11, 5, 12], [6, 21, 7, 22], [8, 14, 9, 13], [10, 17, 11, 18]]"
12a_0975_82,"[[10, 17, 11, 18], [12, 3, 13, 4], [14, 20, 15, 19], [16, 23, 17, 24], [18, 9, 19, 10], [20, 2, 21, 1], [22, 5, 23, 6], [24, 15, 1, 16], [2, 8, 3, 7], [4, 11, 5, 12], [6, 21, 7, 22], [8, 14, 9, 13]]"
12a_0975_83,"[[8, 14, 9, 13], [10, 17, 11, 18], [12, 3, 13, 4], [14, 20, 15, 19], [16, 23, 17, 24], [18, 9, 19, 10], [20, 2, 21, 1], [22, 5, 23, 6], [24, 15, 1, 16], [2, 8, 3, 7], [4, 11, 5, 12], [6, 21, 7, 22]]"
12a_0975_84,"[[7, 22, 8, 23], [9, 15, 10, 14], [11, 18, 12, 19], [13, 4, 14, 5], [15, 21, 16, 20], [17, 24, 18, 1], [19, 10, 20, 11], [21, 3, 22, 2], [23, 6, 24, 7], [1, 16, 2, 17], [3, 9, 4, 8], [5, 12, 6, 13]]"
12a_0975_85,"[[5, 12, 6, 13], [7, 22, 8, 23], [9, 15, 10, 14], [11, 18, 12, 19], [13, 4, 14, 5], [15, 21, 16, 20], [17, 24, 18, 1], [19, 10, 20, 11], [21, 3, 22, 2], [23, 6, 24, 7], [1, 16, 2, 17], [3, 9, 4, 8]]"
12a_0975_86,"[[3, 9, 4, 8], [5, 12, 6, 13], [7, 22, 8, 23], [9, 15, 10, 14], [11, 18, 12, 19], [13, 4, 14, 5], [15, 21, 16, 20], [17, 24, 18, 1], [19, 10, 20, 11], [21, 3, 22, 2], [23, 6, 24, 7], [1, 16, 2, 17]]"
12a_0975_87,"[[1, 16, 2, 17], [3, 9, 4, 8], [5, 12, 6, 13], [7, 22, 8, 23], [9, 15, 10, 14], [11, 18, 12, 19], [13, 4, 14, 5], [15, 21, 16, 20], [17, 24, 18, 1], [19, 10, 20, 11], [21, 3, 22, 2], [23, 6, 24, 7]]"
12a_0975_88,"[[23, 6, 24, 7], [1, 16, 2, 17], [3, 9, 4, 8], [5, 12, 6, 13], [7, 22, 8, 23], [9, 15, 10, 14], [11, 18, 12, 19], [13, 4, 14, 5], [15, 21, 16, 20], [17, 24, 18, 1], [19, 10, 20, 11], [21, 3, 22, 2]]"
12a_0975_89,"[[21, 3, 22, 2], [23, 6, 24, 7], [1, 16, 2, 17], [3, 9, 4, 8], [5, 12, 6, 13], [7, 22, 8, 23], [9, 15, 10, 14], [11, 18, 12, 19], [13, 4, 14, 5], [15, 21, 16, 20], [17, 24, 18, 1], [19, 10, 20, 11]]"
12a_0975_90,"[[19, 10, 20, 11], [21, 3, 22, 2], [23, 6, 24, 7], [1, 16, 2, 17], [3, 9, 4, 8], [5, 12, 6, 13], [7, 22, 8, 23], [9, 15, 10, 14], [11, 18, 12, 19], [13, 4, 14, 5], [15, 21, 16, 20], [17, 24, 18, 1]]"
12a_0975_91,"[[17, 24, 18, 1], [19, 10, 20, 11], [21, 3, 22, 2], [23, 6, 24, 7], [1, 16, 2, 17], [3, 9, 4, 8], [5, 12, 6, 13], [7, 22, 8, 23], [9, 15, 10, 14], [11, 18, 12, 19], [13, 4, 14, 5], [15, 21, 16, 20]]"
12a_0975_92,"[[15, 21, 16, 20], [17, 24, 18, 1], [19, 10, 20, 11], [21, 3, 22, 2], [23, 6, 24, 7], [1, 16, 2, 17], [3, 9, 4, 8], [5, 12, 6, 13], [7, 22, 8, 23], [9, 15, 10, 14], [11, 18, 12, 19], [13, 4, 14, 5]]"
12a_0975_93,"[[13, 4, 14, 5], [15, 21, 16, 20], [17, 24, 18, 1], [19, 10, 20, 11], [21, 3, 22, 2], [23, 6, 24, 7], [1, 16, 2, 17], [3, 9, 4, 8], [5, 12, 6, 13], [7, 22, 8, 23], [9, 15, 10, 14], [11, 18, 12, 19]]"
12a_0975_94,"[[11, 18, 12, 19], [13, 4, 14, 5], [15, 21, 16, 20], [17, 24, 18, 1], [19, 10, 20, 11], [21, 3, 22, 2], [23, 6, 24, 7], [1, 16, 2, 17], [3, 9, 4, 8], [5, 12, 6, 13], [7, 22, 8, 23], [9, 15, 10, 14]]"
12a_0975_95,"[[9, 15, 10, 14], [11, 18, 12, 19], [13, 4, 14, 5], [15, 21, 16, 20], [17, 24, 18, 1], [19, 10, 20, 11], [21, 3, 22, 2], [23, 6, 24, 7], [1, 16, 2, 17], [3, 9, 4, 8], [5, 12, 6, 13], [7, 22, 8, 23]]"
12a_0975_96,"[[8, 23, 9, 24], [10, 16, 11, 15], [12, 19, 13, 20], [14, 5, 15, 6], [16, 22, 17, 21], [18, 1, 19, 2], [20, 11, 21, 12], [22, 4, 23, 3], [24, 7, 1, 8], [2, 17, 3, 18], [4, 10, 5, 9], [6, 13, 7, 14]]"
12a_0975_97,"[[6, 13, 7, 14], [8, 23, 9, 24], [10, 16, 11, 15], [12, 19, 13, 20], [14, 5, 15, 6], [16, 22, 17, 21], [18, 1, 19, 2], [20, 11, 21, 12], [22, 4, 23, 3], [24, 7, 1, 8], [2, 17, 3, 18], [4, 10, 5, 9]]"
12a_0975_98,"[[4, 10, 5, 9], [6, 13, 7, 14], [8, 23, 9, 24], [10, 16, 11, 15], [12, 19, 13, 20], [14, 5, 15, 6], [16, 22, 17, 21], [18, 1, 19, 2], [20, 11, 21, 12], [22, 4, 23, 3], [24, 7, 1, 8], [2, 17, 3, 18]]"
12a_0975_99,"[[2, 17, 3, 18], [4, 10, 5, 9], [6, 13, 7, 14], [8, 23, 9, 24], [10, 16, 11, 15], [12, 19, 13, 20], [14, 5, 15, 6], [16, 22, 17, 21], [18, 1, 19, 2], [20, 11, 21, 12], [22, 4, 23, 3], [24, 7, 1, 8]]"
12a_0975_100,"[[24, 7, 1, 8], [2, 17, 3, 18], [4, 10, 5, 9], [6, 13, 7, 14], [8, 23, 9, 24], [10, 16, 11, 15], [12, 19, 13, 20], [14, 5, 15, 6], [16, 22, 17, 21], [18, 1, 19, 2], [20, 11, 21, 12], [22, 4, 23, 3]]"
12a_0975_101,"[[22, 4, 23, 3], [24, 7, 1, 8], [2, 17, 3, 18], [4, 10, 5, 9], [6, 13, 7, 14], [8, 23, 9, 24], [10, 16, 11, 15], [12, 19, 13, 20], [14, 5, 15, 6], [16, 22, 17, 21], [18, 1, 19, 2], [20, 11, 21, 12]]"
12a_0975_102,"[[20, 11, 21, 12], [22, 4, 23, 3], [24, 7, 1, 8], [2, 17, 3, 18], [4, 10, 5, 9], [6, 13, 7, 14], [8, 23, 9, 24], [10, 16, 11, 15], [12, 19, 13, 20], [14, 5, 15, 6], [16, 22, 17, 21], [18, 1, 19, 2]]"
12a_0975_103,"[[18, 1, 19, 2], [20, 11, 21, 12], [22, 4, 23, 3], [24, 7, 1, 8], [2, 17, 3, 18], [4, 10, 5, 9], [6, 13, 7, 14], [8, 23, 9, 24], [10, 16, 11, 15], [12, 19, 13, 20], [14, 5, 15, 6], [16, 22, 17, 21]]"
12a_0975_104,"[[16, 22, 17, 21], [18, 1, 19, 2], [20, 11, 21, 12], [22, 4, 23, 3], [24, 7, 1, 8], [2, 17, 3, 18], [4, 10, 5, 9], [6, 13, 7, 14], [8, 23, 9, 24], [10, 16, 11, 15], [12, 19, 13, 20], [14, 5, 15, 6]]"
12a_0975_105,"[[14, 5, 15, 6], [16, 22, 17, 21], [18, 1, 19, 2], [20, 11, 21, 12], [22, 4, 23, 3], [24, 7, 1, 8], [2, 17, 3, 18], [4, 10, 5, 9], [6, 13, 7, 14], [8, 23, 9, 24], [10, 16, 11, 15], [12, 19, 13, 20]]"
12a_0975_106,"[[12, 19, 13, 20], [14, 5, 15, 6], [16, 22, 17, 21], [18, 1, 19, 2], [20, 11, 21, 12], [22, 4, 23, 3], [24, 7, 1, 8], [2, 17, 3, 18], [4, 10, 5, 9], [6, 13, 7, 14], [8, 23, 9, 24], [10, 16, 11, 15]]"
12a_0975_107,"[[10, 16, 11, 15], [12, 19, 13, 20], [14, 5, 15, 6], [16, 22, 17, 21], [18, 1, 19, 2], [20, 11, 21, 12], [22, 4, 23, 3], [24, 7, 1, 8], [2, 17, 3, 18], [4, 10, 5, 9], [6, 13, 7, 14], [8, 23, 9, 24]]"
12a_0975_108,"[[9, 24, 10, 1], [11, 17, 12, 16], [13, 20, 14, 21], [15, 6, 16, 7], [17, 23, 18, 22], [19, 2, 20, 3], [21, 12, 22, 13], [23, 5, 24, 4], [1, 8, 2, 9], [3, 18, 4, 19], [5, 11, 6, 10], [7, 14, 8, 15]]"
12a_0975_109,"[[7, 14, 8, 15], [9, 24, 10, 1], [11, 17, 12, 16], [13, 20, 14, 21], [15, 6, 16, 7], [17, 23, 18, 22], [19, 2, 20, 3], [21, 12, 22, 13], [23, 5, 24, 4], [1, 8, 2, 9], [3, 18, 4, 19], [5, 11, 6, 10]]"
12a_0975_110,"[[5, 11, 6, 10], [7, 14, 8, 15], [9, 24, 10, 1], [11, 17, 12, 16], [13, 20, 14, 21], [15, 6, 16, 7], [17, 23, 18, 22], [19, 2, 20, 3], [21, 12, 22, 13], [23, 5, 24, 4], [1, 8, 2, 9], [3, 18, 4, 19]]"
12a_0975_111,"[[3, 18, 4, 19], [5, 11, 6, 10], [7, 14, 8, 15], [9, 24, 10, 1], [11, 17, 12, 16], [13, 20, 14, 21], [15, 6, 16, 7], [17, 23, 18, 22], [19, 2, 20, 3], [21, 12, 22, 13], [23, 5, 24, 4], [1, 8, 2, 9]]"
12a_0975_112,"[[1, 8, 2, 9], [3, 18, 4, 19], [5, 11, 6, 10], [7, 14, 8, 15], [9, 24, 10, 1], [11, 17, 12, 16], [13, 20, 14, 21], [15, 6, 16, 7], [17, 23, 18, 22], [19, 2, 20, 3], [21, 12, 22, 13], [23, 5, 24, 4]]"
12a_0975_113,"[[23, 5, 24, 4], [1, 8, 2, 9], [3, 18, 4, 19], [5, 11, 6, 10], [7, 14, 8, 15], [9, 24, 10, 1], [11, 17, 12, 16], [13, 20, 14, 21], [15, 6, 16, 7], [17, 23, 18, 22], [19, 2, 20, 3], [21, 12, 22, 13]]"
12a_0975_114,"[[21, 12, 22, 13], [23, 5, 24, 4], [1, 8, 2, 9], [3, 18, 4, 19], [5, 11, 6, 10], [7, 14, 8, 15], [9, 24, 10, 1], [11, 17, 12, 16], [13, 20, 14, 21], [15, 6, 16, 7], [17, 23, 18, 22], [19, 2, 20, 3]]"
12a_0975_115,"[[19, 2, 20, 3], [21, 12, 22, 13], [23, 5, 24, 4], [1, 8, 2, 9], [3, 18, 4, 19], [5, 11, 6, 10], [7, 14, 8, 15], [9, 24, 10, 1], [11, 17, 12, 16], [13, 20, 14, 21], [15, 6, 16, 7], [17, 23, 18, 22]]"
12a_0975_116,"[[17, 23, 18, 22], [19, 2, 20, 3], [21, 12, 22, 13], [23, 5, 24, 4], [1, 8, 2, 9], [3, 18, 4, 19], [5, 11, 6, 10], [7, 14, 8, 15], [9, 24, 10, 1], [11, 17, 12, 16], [13, 20, 14, 21], [15, 6, 16, 7]]"
12a_0975_117,"[[15, 6, 16, 7], [17, 23, 18, 22], [19, 2, 20, 3], [21, 12, 22, 13], [23, 5, 24, 4], [1, 8, 2, 9], [3, 18, 4, 19], [5, 11, 6, 10], [7, 14, 8, 15], [9, 24, 10, 1], [11, 17, 12, 16], [13, 20, 14, 21]]"
12a_0975_118,"[[13, 20, 14, 21], [15, 6, 16, 7], [17, 23, 18, 22], [19, 2, 20, 3], [21, 12, 22, 13], [23, 5, 24, 4], [1, 8, 2, 9], [3, 18, 4, 19], [5, 11, 6, 10], [7, 14, 8, 15], [9, 24, 10, 1], [11, 17, 12, 16]]"
12a_0975_119,"[[11, 17, 12, 16], [13, 20, 14, 21], [15, 6, 16, 7], [17, 23, 18, 22], [19, 2, 20, 3], [21, 12, 22, 13], [23, 5, 24, 4], [1, 8, 2, 9], [3, 18, 4, 19], [5, 11, 6, 10], [7, 14, 8, 15], [9, 24, 10, 1]]"
12a_0975_120,"[[10, 1, 11, 2], [12, 18, 13, 17], [14, 21, 15, 22], [16, 7, 17, 8], [18, 24, 19, 23], [20, 3, 21, 4], [22, 13, 23, 14], [24, 6, 1, 5], [2, 9, 3, 10], [4, 19, 5, 20], [6, 12, 7, 11], [8, 15, 9, 16]]"
12a_0975_121,"[[8, 15, 9, 16], [10, 1, 11, 2], [12, 18, 13, 17], [14, 21, 15, 22], [16, 7, 17, 8], [18, 24, 19, 23], [20, 3, 21, 4], [22, 13, 23, 14], [24, 6, 1, 5], [2, 9, 3, 10], [4, 19, 5, 20], [6, 12, 7, 11]]"
12a_0975_122,"[[6, 12, 7, 11], [8, 15, 9, 16], [10, 1, 11, 2], [12, 18, 13, 17], [14, 21, 15, 22], [16, 7, 17, 8], [18, 24, 19, 23], [20, 3, 21, 4], [22, 13, 23, 14], [24, 6, 1, 5], [2, 9, 3, 10], [4, 19, 5, 20]]"
12a_0975_123,"[[4, 19, 5, 20], [6, 12, 7, 11], [8, 15, 9, 16], [10, 1, 11, 2], [12, 18, 13, 17], [14, 21, 15, 22], [16, 7, 17, 8], [18, 24, 19, 23], [20, 3, 21, 4], [22, 13, 23, 14], [24, 6, 1, 5], [2, 9, 3, 10]]"
12a_0975_124,"[[2, 9, 3, 10], [4, 19, 5, 20], [6, 12, 7, 11], [8, 15, 9, 16], [10, 1, 11, 2], [12, 18, 13, 17], [14, 21, 15, 22], [16, 7, 17, 8], [18, 24, 19, 23], [20, 3, 21, 4], [22, 13, 23, 14], [24, 6, 1, 5]]"
12a_0975_125,"[[24, 6, 1, 5], [2, 9, 3, 10], [4, 19, 5, 20], [6, 12, 7, 11], [8, 15, 9, 16], [10, 1, 11, 2], [12, 18, 13, 17], [14, 21, 15, 22], [16, 7, 17, 8], [18, 24, 19, 23], [20, 3, 21, 4], [22, 13, 23, 14]]"
12a_0975_126,"[[22, 13, 23, 14], [24, 6, 1, 5], [2, 9, 3, 10], [4, 19, 5, 20], [6, 12, 7, 11], [8, 15, 9, 16], [10, 1, 11, 2], [12, 18, 13, 17], [14, 21, 15, 22], [16, 7, 17, 8], [18, 24, 19, 23], [20, 3, 21, 4]]"
12a_0975_127,"[[20, 3, 21, 4], [22, 13, 23, 14], [24, 6, 1, 5], [2, 9, 3, 10], [4, 19, 5, 20], [6, 12, 7, 11], [8, 15, 9, 16], [10, 1, 11, 2], [12, 18, 13, 17], [14, 21, 15, 22], [16, 7, 17, 8], [18, 24, 19, 23]]"
12a_0975_128,"[[18, 24, 19, 23], [20, 3, 21, 4], [22, 13, 23, 14], [24, 6, 1, 5], [2, 9, 3, 10], [4, 19, 5, 20], [6, 12, 7, 11], [8, 15, 9, 16], [10, 1, 11, 2], [12, 18, 13, 17], [14, 21, 15, 22], [16, 7, 17, 8]]"
12a_0975_129,"[[16, 7, 17, 8], [18, 24, 19, 23], [20, 3, 21, 4], [22, 13, 23, 14], [24, 6, 1, 5], [2, 9, 3, 10], [4, 19, 5, 20], [6, 12, 7, 11], [8, 15, 9, 16], [10, 1, 11, 2], [12, 18, 13, 17], [14, 21, 15, 22]]"
12a_0975_130,"[[14, 21, 15, 22], [16, 7, 17, 8], [18, 24, 19, 23], [20, 3, 21, 4], [22, 13, 23, 14], [24, 6, 1, 5], [2, 9, 3, 10], [4, 19, 5, 20], [6, 12, 7, 11], [8, 15, 9, 16], [10, 1, 11, 2], [12, 18, 13, 17]]"
12a_0975_131,"[[12, 18, 13, 17], [14, 21, 15, 22], [16, 7, 17, 8], [18, 24, 19, 23], [20, 3, 21, 4], [22, 13, 23, 14], [24, 6, 1, 5], [2, 9, 3, 10], [4, 19, 5, 20], [6, 12, 7, 11], [8, 15, 9, 16], [10, 1, 11, 2]]"
12a_0975_132,"[[11, 2, 12, 3], [13, 19, 14, 18], [15, 22, 16, 23], [17, 8, 18, 9], [19, 1, 20, 24], [21, 4, 22, 5], [23, 14, 24, 15], [1, 7, 2, 6], [3, 10, 4, 11], [5, 20, 6, 21], [7, 13, 8, 12], [9, 16, 10, 17]]"
12a_0975_133,"[[9, 16, 10, 17], [11, 2, 12, 3], [13, 19, 14, 18], [15, 22, 16, 23], [17, 8, 18, 9], [19, 1, 20, 24], [21, 4, 22, 5], [23, 14, 24, 15], [1, 7, 2, 6], [3, 10, 4, 11], [5, 20, 6, 21], [7, 13, 8, 12]]"
12a_0975_134,"[[7, 13, 8, 12], [9, 16, 10, 17], [11, 2, 12, 3], [13, 19, 14, 18], [15, 22, 16, 23], [17, 8, 18, 9], [19, 1, 20, 24], [21, 4, 22, 5], [23, 14, 24, 15], [1, 7, 2, 6], [3, 10, 4, 11], [5, 20, 6, 21]]"
12a_0975_135,"[[5, 20, 6, 21], [7, 13, 8, 12], [9, 16, 10, 17], [11, 2, 12, 3], [13, 19, 14, 18], [15, 22, 16, 23], [17, 8, 18, 9], [19, 1, 20, 24], [21, 4, 22, 5], [23, 14, 24, 15], [1, 7, 2, 6], [3, 10, 4, 11]]"
12a_0975_136,"[[3, 10, 4, 11], [5, 20, 6, 21], [7, 13, 8, 12], [9, 16, 10, 17], [11, 2, 12, 3], [13, 19, 14, 18], [15, 22, 16, 23], [17, 8, 18, 9], [19, 1, 20, 24], [21, 4, 22, 5], [23, 14, 24, 15], [1, 7, 2, 6]]"
12a_0975_137,"[[1, 7, 2, 6], [3, 10, 4, 11], [5, 20, 6, 21], [7, 13, 8, 12], [9, 16, 10, 17], [11, 2, 12, 3], [13, 19, 14, 18], [15, 22, 16, 23], [17, 8, 18, 9], [19, 1, 20, 24], [21, 4, 22, 5], [23, 14, 24, 15]]"
12a_0975_138,"[[23, 14, 24, 15], [1, 7, 2, 6], [3, 10, 4, 11], [5, 20, 6, 21], [7, 13, 8, 12], [9, 16, 10, 17], [11, 2, 12, 3], [13, 19, 14, 18], [15, 22, 16, 23], [17, 8, 18, 9], [19, 1, 20, 24], [21, 4, 22, 5]]"
12a_0975_139,"[[21, 4, 22, 5], [23, 14, 24, 15], [1, 7, 2, 6], [3, 10, 4, 11], [5, 20, 6, 21], [7, 13, 8, 12], [9, 16, 10, 17], [11, 2, 12, 3], [13, 19, 14, 18], [15, 22, 16, 23], [17, 8, 18, 9], [19, 1, 20, 24]]"
12a_0975_140,"[[19, 1, 20, 24], [21, 4, 22, 5], [23, 14, 24, 15], [1, 7, 2, 6], [3, 10, 4, 11], [5, 20, 6, 21], [7, 13, 8, 12], [9, 16, 10, 17], [11, 2, 12, 3], [13, 19, 14, 18], [15, 22, 16, 23], [17, 8, 18, 9]]"
12a_0975_141,"[[17, 8, 18, 9], [19, 1, 20, 24], [21, 4, 22, 5], [23, 14, 24, 15], [1, 7, 2, 6], [3, 10, 4, 11], [5, 20, 6, 21], [7, 13, 8, 12], [9, 16, 10, 17], [11, 2, 12, 3], [13, 19, 14, 18], [15, 22, 16, 23]]"
12a_0975_142,"[[15, 22, 16, 23], [17, 8, 18, 9], [19, 1, 20, 24], [21, 4, 22, 5], [23, 14, 24, 15], [1, 7, 2, 6], [3, 10, 4, 11], [5, 20, 6, 21], [7, 13, 8, 12], [9, 16, 10, 17], [11, 2, 12, 3], [13, 19, 14, 18]]"
12a_0975_143,"[[13, 19, 14, 18], [15, 22, 16, 23], [17, 8, 18, 9], [19, 1, 20, 24], [21, 4, 22, 5], [23, 14, 24, 15], [1, 7, 2, 6], [3, 10, 4, 11], [5, 20, 6, 21], [7, 13, 8, 12], [9, 16, 10, 17], [11, 2, 12, 3]]"
12a_0975_144,"[[12, 3, 13, 4], [14, 20, 15, 19], [16, 23, 17, 24], [18, 9, 19, 10], [20, 2, 21, 1], [22, 5, 23, 6], [24, 15, 1, 16], [2, 8, 3, 7], [4, 11, 5, 12], [6, 21, 7, 22], [8, 14, 9, 13], [10, 17, 11, 18]]"
12a_0975_145,"[[10, 17, 11, 18], [12, 3, 13, 4], [14, 20, 15, 19], [16, 23, 17, 24], [18, 9, 19, 10], [20, 2, 21, 1], [22, 5, 23, 6], [24, 15, 1, 16], [2, 8, 3, 7], [4, 11, 5, 12], [6, 21, 7, 22], [8, 14, 9, 13]]"
12a_0975_146,"[[8, 14, 9, 13], [10, 17, 11, 18], [12, 3, 13, 4], [14, 20, 15, 19], [16, 23, 17, 24], [18, 9, 19, 10], [20, 2, 21, 1], [22, 5, 23, 6], [24, 15, 1, 16], [2, 8, 3, 7], [4, 11, 5, 12], [6, 21, 7, 22]]"
12a_0975_147,"[[6, 21, 7, 22], [8, 14, 9, 13], [10, 17, 11, 18], [12, 3, 13, 4], [14, 20, 15, 19], [16, 23, 17, 24], [18, 9, 19, 10], [20, 2, 21, 1], [22, 5, 23, 6], [24, 15, 1, 16], [2, 8, 3, 7], [4, 11, 5, 12]]"
12a_0975_148,"[[4, 11, 5, 12], [6, 21, 7, 22], [8, 14, 9, 13], [10, 17, 11, 18], [12, 3, 13, 4], [14, 20, 15, 19], [16, 23, 17, 24], [18, 9, 19, 10], [20, 2, 21, 1], [22, 5, 23, 6], [24, 15, 1, 16], [2, 8, 3, 7]]"
12a_0975_149,"[[2, 8, 3, 7], [4, 11, 5, 12], [6, 21, 7, 22], [8, 14, 9, 13], [10, 17, 11, 18], [12, 3, 13, 4], [14, 20, 15, 19], [16, 23, 17, 24], [18, 9, 19, 10], [20, 2, 21, 1], [22, 5, 23, 6], [24, 15, 1, 16]]"
12a_0975_150,"[[24, 15, 1, 16], [2, 8, 3, 7], [4, 11, 5, 12], [6, 21, 7, 22], [8, 14, 9, 13], [10, 17, 11, 18], [12, 3, 13, 4], [14, 20, 15, 19], [16, 23, 17, 24], [18, 9, 19, 10], [20, 2, 21, 1], [22, 5, 23, 6]]"
12a_0975_151,"[[22, 5, 23, 6], [24, 15, 1, 16], [2, 8, 3, 7], [4, 11, 5, 12], [6, 21, 7, 22], [8, 14, 9, 13], [10, 17, 11, 18], [12, 3, 13, 4], [14, 20, 15, 19], [16, 23, 17, 24], [18, 9, 19, 10], [20, 2, 21, 1]]"
12a_0975_152,"[[20, 2, 21, 1], [22, 5, 23, 6], [24, 15, 1, 16], [2, 8, 3, 7], [4, 11, 5, 12], [6, 21, 7, 22], [8, 14, 9, 13], [10, 17, 11, 18], [12, 3, 13, 4], [14, 20, 15, 19], [16, 23, 17, 24], [18, 9, 19, 10]]"
12a_0975_153,"[[18, 9, 19, 10], [20, 2, 21, 1], [22, 5, 23, 6], [24, 15, 1, 16], [2, 8, 3, 7], [4, 11, 5, 12], [6, 21, 7, 22], [8, 14, 9, 13], [10, 17, 11, 18], [12, 3, 13, 4], [14, 20, 15, 19], [16, 23, 17, 24]]"
12a_0975_154,"[[16, 23, 17, 24], [18, 9, 19, 10], [20, 2, 21, 1], [22, 5, 23, 6], [24, 15, 1, 16], [2, 8, 3, 7], [4, 11, 5, 12], [6, 21, 7, 22], [8, 14, 9, 13], [10, 17, 11, 18], [12, 3, 13, 4], [14, 20, 15, 19]]"
12a_0975_155,"[[14, 20, 15, 19], [16, 23, 17, 24], [18, 9, 19, 10], [20, 2, 21, 1], [22, 5, 23, 6], [24, 15, 1, 16], [2, 8, 3, 7], [4, 11, 5, 12], [6, 21, 7, 22], [8, 14, 9, 13], [10, 17, 11, 18], [12, 3, 13, 4]]"
12a_0975_156,"[[13, 4, 14, 5], [15, 21, 16, 20], [17, 24, 18, 1], [19, 10, 20, 11], [21, 3, 22, 2], [23, 6, 24, 7], [1, 16, 2, 17], [3, 9, 4, 8], [5, 12, 6, 13], [7, 22, 8, 23], [9, 15, 10, 14], [11, 18, 12, 19]]"
12a_0975_157,"[[11, 18, 12, 19], [13, 4, 14, 5], [15, 21, 16, 20], [17, 24, 18, 1], [19, 10, 20, 11], [21, 3, 22, 2], [23, 6, 24, 7], [1, 16, 2, 17], [3, 9, 4, 8], [5, 12, 6, 13], [7, 22, 8, 23], [9, 15, 10, 14]]"
12a_0975_158,"[[9, 15, 10, 14], [11, 18, 12, 19], [13, 4, 14, 5], [15, 21, 16, 20], [17, 24, 18, 1], [19, 10, 20, 11], [21, 3, 22, 2], [23, 6, 24, 7], [1, 16, 2, 17], [3, 9, 4, 8], [5, 12, 6, 13], [7, 22, 8, 23]]"
12a_0975_159,"[[7, 22, 8, 23], [9, 15, 10, 14], [11, 18, 12, 19], [13, 4, 14, 5], [15, 21, 16, 20], [17, 24, 18, 1], [19, 10, 20, 11], [21, 3, 22, 2], [23, 6, 24, 7], [1, 16, 2, 17], [3, 9, 4, 8], [5, 12, 6, 13]]"
12a_0975_160,"[[5, 12, 6, 13], [7, 22, 8, 23], [9, 15, 10, 14], [11, 18, 12, 19], [13, 4, 14, 5], [15, 21, 16, 20], [17, 24, 18, 1], [19, 10, 20, 11], [21, 3, 22, 2], [23, 6, 24, 7], [1, 16, 2, 17], [3, 9, 4, 8]]"
12a_0975_161,"[[3, 9, 4, 8], [5, 12, 6, 13], [7, 22, 8, 23], [9, 15, 10, 14], [11, 18, 12, 19], [13, 4, 14, 5], [15, 21, 16, 20], [17, 24, 18, 1], [19, 10, 20, 11], [21, 3, 22, 2], [23, 6, 24, 7], [1, 16, 2, 17]]"
12a_0975_162,"[[1, 16, 2, 17], [3, 9, 4, 8], [5, 12, 6, 13], [7, 22, 8, 23], [9, 15, 10, 14], [11, 18, 12, 19], [13, 4, 14, 5], [15, 21, 16, 20], [17, 24, 18, 1], [19, 10, 20, 11], [21, 3, 22, 2], [23, 6, 24, 7]]"
12a_0975_163,"[[23, 6, 24, 7], [1, 16, 2, 17], [3, 9, 4, 8], [5, 12, 6, 13], [7, 22, 8, 23], [9, 15, 10, 14], [11, 18, 12, 19], [13, 4, 14, 5], [15, 21, 16, 20], [17, 24, 18, 1], [19, 10, 20, 11], [21, 3, 22, 2]]"
12a_0975_164,"[[21, 3, 22, 2], [23, 6, 24, 7], [1, 16, 2, 17], [3, 9, 4, 8], [5, 12, 6, 13], [7, 22, 8, 23], [9, 15, 10, 14], [11, 18, 12, 19], [13, 4, 14, 5], [15, 21, 16, 20], [17, 24, 18, 1], [19, 10, 20, 11]]"
12a_0975_165,"[[19, 10, 20, 11], [21, 3, 22, 2], [23, 6, 24, 7], [1, 16, 2, 17], [3, 9, 4, 8], [5, 12, 6, 13], [7, 22, 8, 23], [9, 15, 10, 14], [11, 18, 12, 19], [13, 4, 14, 5], [15, 21, 16, 20], [17, 24, 18, 1]]"
12a_0975_166,"[[17, 24, 18, 1], [19, 10, 20, 11], [21, 3, 22, 2], [23, 6, 24, 7], [1, 16, 2, 17], [3, 9, 4, 8], [5, 12, 6, 13], [7, 22, 8, 23], [9, 15, 10, 14], [11, 18, 12, 19], [13, 4, 14, 5], [15, 21, 16, 20]]"
12a_0975_167,"[[15, 21, 16, 20], [17, 24, 18, 1], [19, 10, 20, 11], [21, 3, 22, 2], [23, 6, 24, 7], [1, 16, 2, 17], [3, 9, 4, 8], [5, 12, 6, 13], [7, 22, 8, 23], [9, 15, 10, 14], [11, 18, 12, 19], [13, 4, 14, 5]]"
12a_0975_168,"[[14, 5, 15, 6], [16, 22, 17, 21], [18, 1, 19, 2], [20, 11, 21, 12], [22, 4, 23, 3], [24, 7, 1, 8], [2, 17, 3, 18], [4, 10, 5, 9], [6, 13, 7, 14], [8, 23, 9, 24], [10, 16, 11, 15], [12, 19, 13, 20]]"
12a_0975_169,"[[12, 19, 13, 20], [14, 5, 15, 6], [16, 22, 17, 21], [18, 1, 19, 2], [20, 11, 21, 12], [22, 4, 23, 3], [24, 7, 1, 8], [2, 17, 3, 18], [4, 10, 5, 9], [6, 13, 7, 14], [8, 23, 9, 24], [10, 16, 11, 15]]"
12a_0975_170,"[[10, 16, 11, 15], [12, 19, 13, 20], [14, 5, 15, 6], [16, 22, 17, 21], [18, 1, 19, 2], [20, 11, 21, 12], [22, 4, 23, 3], [24, 7, 1, 8], [2, 17, 3, 18], [4, 10, 5, 9], [6, 13, 7, 14], [8, 23, 9, 24]]"
12a_0975_171,"[[8, 23, 9, 24], [10, 16, 11, 15], [12, 19, 13, 20], [14, 5, 15, 6], [16, 22, 17, 21], [18, 1, 19, 2], [20, 11, 21, 12], [22, 4, 23, 3], [24, 7, 1, 8], [2, 17, 3, 18], [4, 10, 5, 9], [6, 13, 7, 14]]"
12a_0975_172,"[[6, 13, 7, 14], [8, 23, 9, 24], [10, 16, 11, 15], [12, 19, 13, 20], [14, 5, 15, 6], [16, 22, 17, 21], [18, 1, 19, 2], [20, 11, 21, 12], [22, 4, 23, 3], [24, 7, 1, 8], [2, 17, 3, 18], [4, 10, 5, 9]]"
12a_0975_173,"[[4, 10, 5, 9], [6, 13, 7, 14], [8, 23, 9, 24], [10, 16, 11, 15], [12, 19, 13, 20], [14, 5, 15, 6], [16, 22, 17, 21], [18, 1, 19, 2], [20, 11, 21, 12], [22, 4, 23, 3], [24, 7, 1, 8], [2, 17, 3, 18]]"
12a_0975_174,"[[2, 17, 3, 18], [4, 10, 5, 9], [6, 13, 7, 14], [8, 23, 9, 24], [10, 16, 11, 15], [12, 19, 13, 20], [14, 5, 15, 6], [16, 22, 17, 21], [18, 1, 19, 2], [20, 11, 21, 12], [22, 4, 23, 3], [24, 7, 1, 8]]"
12a_0975_175,"[[24, 7, 1, 8], [2, 17, 3, 18], [4, 10, 5, 9], [6, 13, 7, 14], [8, 23, 9, 24], [10, 16, 11, 15], [12, 19, 13, 20], [14, 5, 15, 6], [16, 22, 17, 21], [18, 1, 19, 2], [20, 11, 21, 12], [22, 4, 23, 3]]"
12a_0975_176,"[[22, 4, 23, 3], [24, 7, 1, 8], [2, 17, 3, 18], [4, 10, 5, 9], [6, 13, 7, 14], [8, 23, 9, 24], [10, 16, 11, 15], [12, 19, 13, 20], [14, 5, 15, 6], [16, 22, 17, 21], [18, 1, 19, 2], [20, 11, 21, 12]]"
12a_0975_177,"[[20, 11, 21, 12], [22, 4, 23, 3], [24, 7, 1, 8], [2, 17, 3, 18], [4, 10, 5, 9], [6, 13, 7, 14], [8, 23, 9, 24], [10, 16, 11, 15], [12, 19, 13, 20], [14, 5, 15, 6], [16, 22, 17, 21], [18, 1, 19, 2]]"
12a_0975_178,"[[18, 1, 19, 2], [20, 11, 21, 12], [22, 4, 23, 3], [24, 7, 1, 8], [2, 17, 3, 18], [4, 10, 5, 9], [6, 13, 7, 14], [8, 23, 9, 24], [10, 16, 11, 15], [12, 19, 13, 20], [14, 5, 15, 6], [16, 22, 17, 21]]"
12a_0975_179,"[[16, 22, 17, 21], [18, 1, 19, 2], [20, 11, 21, 12], [22, 4, 23, 3], [24, 7, 1, 8], [2, 17, 3, 18], [4, 10, 5, 9], [6, 13, 7, 14], [8, 23, 9, 24], [10, 16, 11, 15], [12, 19, 13, 20], [14, 5, 15, 6]]"
12a_0975_180,"[[15, 6, 16, 7], [17, 23, 18, 22], [19, 2, 20, 3], [21, 12, 22, 13], [23, 5, 24, 4], [1, 8, 2, 9], [3, 18, 4, 19], [5, 11, 6, 10], [7, 14, 8, 15], [9, 24, 10, 1], [11, 17, 12, 16], [13, 20, 14, 21]]"
12a_0975_181,"[[13, 20, 14, 21], [15, 6, 16, 7], [17, 23, 18, 22], [19, 2, 20, 3], [21, 12, 22, 13], [23, 5, 24, 4], [1, 8, 2, 9], [3, 18, 4, 19], [5, 11, 6, 10], [7, 14, 8, 15], [9, 24, 10, 1], [11, 17, 12, 16]]"
12a_0975_182,"[[11, 17, 12, 16], [13, 20, 14, 21], [15, 6, 16, 7], [17, 23, 18, 22], [19, 2, 20, 3], [21, 12, 22, 13], [23, 5, 24, 4], [1, 8, 2, 9], [3, 18, 4, 19], [5, 11, 6, 10], [7, 14, 8, 15], [9, 24, 10, 1]]"
12a_0975_183,"[[9, 24, 10, 1], [11, 17, 12, 16], [13, 20, 14, 21], [15, 6, 16, 7], [17, 23, 18, 22], [19, 2, 20, 3], [21, 12, 22, 13], [23, 5, 24, 4], [1, 8, 2, 9], [3, 18, 4, 19], [5, 11, 6, 10], [7, 14, 8, 15]]"
12a_0975_184,"[[7, 14, 8, 15], [9, 24, 10, 1], [11, 17, 12, 16], [13, 20, 14, 21], [15, 6, 16, 7], [17, 23, 18, 22], [19, 2, 20, 3], [21, 12, 22, 13], [23, 5, 24, 4], [1, 8, 2, 9], [3, 18, 4, 19], [5, 11, 6, 10]]"
12a_0975_185,"[[5, 11, 6, 10], [7, 14, 8, 15], [9, 24, 10, 1], [11, 17, 12, 16], [13, 20, 14, 21], [15, 6, 16, 7], [17, 23, 18, 22], [19, 2, 20, 3], [21, 12, 22, 13], [23, 5, 24, 4], [1, 8, 2, 9], [3, 18, 4, 19]]"
