name,pd_notation
12a_0837_0,"[[24, 11, 1, 12], [2, 8, 3, 7], [4, 10, 5, 9], [6, 18, 7, 17], [8, 4, 9, 3], [10, 19, 11, 20], [12, 21, 13, 22], [14, 23, 15, 24], [16, 6, 17, 5], [18, 1, 19, 2], [20, 15, 21, 16], [22, 13, 23, 14]]"
12a_0837_1,"[[22, 13, 23, 14], [24, 11, 1, 12], [2, 8, 3, 7], [4, 10, 5, 9], [6, 18, 7, 17], [8, 4, 9, 3], [10, 19, 11, 20], [12, 21, 13, 22], [14, 23, 15, 24], [16, 6, 17, 5], [18, 1, 19, 2], [20, 15, 21, 16]]"
12a_0837_2,"[[20, 15, 21, 16], [22, 13, 23, 14], [24, 11, 1, 12], [2, 8, 3, 7], [4, 10, 5, 9], [6, 18, 7, 17], [8, 4, 9, 3], [10, 19, 11, 20], [12, 21, 13, 22], [14, 23, 15, 24], [16, 6, 17, 5], [18, 1, 19, 2]]"
12a_0837_3,"[[18, 1, 19, 2], [20, 15, 21, 16], [22, 13, 23, 14], [24, 11, 1, 12], [2, 8, 3, 7], [4, 10, 5, 9], [6, 18, 7, 17], [8, 4, 9, 3], [10, 19, 11, 20], [12, 21, 13, 22], [14, 23, 15, 24], [16, 6, 17, 5]]"
12a_0837_4,"[[16, 6, 17, 5], [18, 1, 19, 2], [20, 15, 21, 16], [22, 13, 23, 14], [24, 11, 1, 12], [2, 8, 3, 7], [4, 10, 5, 9], [6, 18, 7, 17], [8, 4, 9, 3], [10, 19, 11, 20], [12, 21, 13, 22], [14, 23, 15, 24]]"
12a_0837_5,"[[14, 23, 15, 24], [16, 6, 17, 5], [18, 1, 19, 2], [20, 15, 21, 16], [22, 13, 23, 14], [24, 11, 1, 12], [2, 8, 3, 7], [4, 10, 5, 9], [6, 18, 7, 17], [8, 4, 9, 3], [10, 19, 11, 20], [12, 21, 13, 22]]"
12a_0837_6,"[[12, 21, 13, 22], [14, 23, 15, 24], [16, 6, 17, 5], [18, 1, 19, 2], [20, 15, 21, 16], [22, 13, 23, 14], [24, 11, 1, 12], [2, 8, 3, 7], [4, 10, 5, 9], [6, 18, 7, 17], [8, 4, 9, 3], [10, 19, 11, 20]]"
12a_0837_7,"[[10, 19, 11, 20], [12, 21, 13, 22], [14, 23, 15, 24], [16, 6, 17, 5], [18, 1, 19, 2], [20, 15, 21, 16], [22, 13, 23, 14], [24, 11, 1, 12], [2, 8, 3, 7], [4, 10, 5, 9], [6, 18, 7, 17], [8, 4, 9, 3]]"
12a_0837_8,"[[8, 4, 9, 3], [10, 19, 11, 20], [12, 21, 13, 22], [14, 23, 15, 24], [16, 6, 17, 5], [18, 1, 19, 2], [20, 15, 21, 16], [22, 13, 23, 14], [24, 11, 1, 12], [2, 8, 3, 7], [4, 10, 5, 9], [6, 18, 7, 17]]"
12a_0837_9,"[[6, 18, 7, 17], [8, 4, 9, 3], [10, 19, 11, 20], [12, 21, 13, 22], [14, 23, 15, 24], [16, 6, 17, 5], [18, 1, 19, 2], [20, 15, 21, 16], [22, 13, 23, 14], [24, 11, 1, 12], [2, 8, 3, 7], [4, 10, 5, 9]]"
12a_0837_10,"[[4, 10, 5, 9], [6, 18, 7, 17], [8, 4, 9, 3], [10, 19, 11, 20], [12, 21, 13, 22], [14, 23, 15, 24], [16, 6, 17, 5], [18, 1, 19, 2], [20, 15, 21, 16], [22, 13, 23, 14], [24, 11, 1, 12], [2, 8, 3, 7]]"
12a_0837_11,"[[2, 8, 3, 7], [4, 10, 5, 9], [6, 18, 7, 17], [8, 4, 9, 3], [10, 19, 11, 20], [12, 21, 13, 22], [14, 23, 15, 24], [16, 6, 17, 5], [18, 1, 19, 2], [20, 15, 21, 16], [22, 13, 23, 14], [24, 11, 1, 12]]"
12a_0837_12,"[[1, 12, 2, 13], [3, 9, 4, 8], [5, 11, 6, 10], [7, 19, 8, 18], [9, 5, 10, 4], [11, 20, 12, 21], [13, 22, 14, 23], [15, 24, 16, 1], [17, 7, 18, 6], [19, 2, 20, 3], [21, 16, 22, 17], [23, 14, 24, 15]]"
12a_0837_13,"[[23, 14, 24, 15], [1, 12, 2, 13], [3, 9, 4, 8], [5, 11, 6, 10], [7, 19, 8, 18], [9, 5, 10, 4], [11, 20, 12, 21], [13, 22, 14, 23], [15, 24, 16, 1], [17, 7, 18, 6], [19, 2, 20, 3], [21, 16, 22, 17]]"
12a_0837_14,"[[21, 16, 22, 17], [23, 14, 24, 15], [1, 12, 2, 13], [3, 9, 4, 8], [5, 11, 6, 10], [7, 19, 8, 18], [9, 5, 10, 4], [11, 20, 12, 21], [13, 22, 14, 23], [15, 24, 16, 1], [17, 7, 18, 6], [19, 2, 20, 3]]"
12a_0837_15,"[[19, 2, 20, 3], [21, 16, 22, 17], [23, 14, 24, 15], [1, 12, 2, 13], [3, 9, 4, 8], [5, 11, 6, 10], [7, 19, 8, 18], [9, 5, 10, 4], [11, 20, 12, 21], [13, 22, 14, 23], [15, 24, 16, 1], [17, 7, 18, 6]]"
12a_0837_16,"[[17, 7, 18, 6], [19, 2, 20, 3], [21, 16, 22, 17], [23, 14, 24, 15], [1, 12, 2, 13], [3, 9, 4, 8], [5, 11, 6, 10], [7, 19, 8, 18], [9, 5, 10, 4], [11, 20, 12, 21], [13, 22, 14, 23], [15, 24, 16, 1]]"
12a_0837_17,"[[15, 24, 16, 1], [17, 7, 18, 6], [19, 2, 20, 3], [21, 16, 22, 17], [23, 14, 24, 15], [1, 12, 2, 13], [3, 9, 4, 8], [5, 11, 6, 10], [7, 19, 8, 18], [9, 5, 10, 4], [11, 20, 12, 21], [13, 22, 14, 23]]"
12a_0837_18,"[[13, 22, 14, 23], [15, 24, 16, 1], [17, 7, 18, 6], [19, 2, 20, 3], [21, 16, 22, 17], [23, 14, 24, 15], [1, 12, 2, 13], [3, 9, 4, 8], [5, 11, 6, 10], [7, 19, 8, 18], [9, 5, 10, 4], [11, 20, 12, 21]]"
12a_0837_19,"[[11, 20, 12, 21], [13, 22, 14, 23], [15, 24, 16, 1], [17, 7, 18, 6], [19, 2, 20, 3], [21, 16, 22, 17], [23, 14, 24, 15], [1, 12, 2, 13], [3, 9, 4, 8], [5, 11, 6, 10], [7, 19, 8, 18], [9, 5, 10, 4]]"
12a_0837_20,"[[9, 5, 10, 4], [11, 20, 12, 21], [13, 22, 14, 23], [15, 24, 16, 1], [17, 7, 18, 6], [19, 2, 20, 3], [21, 16, 22, 17], [23, 14, 24, 15], [1, 12, 2, 13], [3, 9, 4, 8], [5, 11, 6, 10], [7, 19, 8, 18]]"
12a_0837_21,"[[7, 19, 8, 18], [9, 5, 10, 4], [11, 20, 12, 21], [13, 22, 14, 23], [15, 24, 16, 1], [17, 7, 18, 6], [19, 2, 20, 3], [21, 16, 22, 17], [23, 14, 24, 15], [1, 12, 2, 13], [3, 9, 4, 8], [5, 11, 6, 10]]"
12a_0837_22,"[[5, 11, 6, 10], [7, 19, 8, 18], [9, 5, 10, 4], [11, 20, 12, 21], [13, 22, 14, 23], [15, 24, 16, 1], [17, 7, 18, 6], [19, 2, 20, 3], [21, 16, 22, 17], [23, 14, 24, 15], [1, 12, 2, 13], [3, 9, 4, 8]]"
12a_0837_23,"[[3, 9, 4, 8], [5, 11, 6, 10], [7, 19, 8, 18], [9, 5, 10, 4], [11, 20, 12, 21], [13, 22, 14, 23], [15, 24, 16, 1], [17, 7, 18, 6], [19, 2, 20, 3], [21, 16, 22, 17], [23, 14, 24, 15], [1, 12, 2, 13]]"
12a_0837_24,"[[2, 13, 3, 14], [4, 10, 5, 9], [6, 12, 7, 11], [8, 20, 9, 19], [10, 6, 11, 5], [12, 21, 13, 22], [14, 23, 15, 24], [16, 1, 17, 2], [18, 8, 19, 7], [20, 3, 21, 4], [22, 17, 23, 18], [24, 15, 1, 16]]"
12a_0837_25,"[[24, 15, 1, 16], [2, 13, 3, 14], [4, 10, 5, 9], [6, 12, 7, 11], [8, 20, 9, 19], [10, 6, 11, 5], [12, 21, 13, 22], [14, 23, 15, 24], [16, 1, 17, 2], [18, 8, 19, 7], [20, 3, 21, 4], [22, 17, 23, 18]]"
12a_0837_26,"[[22, 17, 23, 18], [24, 15, 1, 16], [2, 13, 3, 14], [4, 10, 5, 9], [6, 12, 7, 11], [8, 20, 9, 19], [10, 6, 11, 5], [12, 21, 13, 22], [14, 23, 15, 24], [16, 1, 17, 2], [18, 8, 19, 7], [20, 3, 21, 4]]"
12a_0837_27,"[[20, 3, 21, 4], [22, 17, 23, 18], [24, 15, 1, 16], [2, 13, 3, 14], [4, 10, 5, 9], [6, 12, 7, 11], [8, 20, 9, 19], [10, 6, 11, 5], [12, 21, 13, 22], [14, 23, 15, 24], [16, 1, 17, 2], [18, 8, 19, 7]]"
12a_0837_28,"[[18, 8, 19, 7], [20, 3, 21, 4], [22, 17, 23, 18], [24, 15, 1, 16], [2, 13, 3, 14], [4, 10, 5, 9], [6, 12, 7, 11], [8, 20, 9, 19], [10, 6, 11, 5], [12, 21, 13, 22], [14, 23, 15, 24], [16, 1, 17, 2]]"
12a_0837_29,"[[16, 1, 17, 2], [18, 8, 19, 7], [20, 3, 21, 4], [22, 17, 23, 18], [24, 15, 1, 16], [2, 13, 3, 14], [4, 10, 5, 9], [6, 12, 7, 11], [8, 20, 9, 19], [10, 6, 11, 5], [12, 21, 13, 22], [14, 23, 15, 24]]"
12a_0837_30,"[[14, 23, 15, 24], [16, 1, 17, 2], [18, 8, 19, 7], [20, 3, 21, 4], [22, 17, 23, 18], [24, 15, 1, 16], [2, 13, 3, 14], [4, 10, 5, 9], [6, 12, 7, 11], [8, 20, 9, 19], [10, 6, 11, 5], [12, 21, 13, 22]]"
12a_0837_31,"[[12, 21, 13, 22], [14, 23, 15, 24], [16, 1, 17, 2], [18, 8, 19, 7], [20, 3, 21, 4], [22, 17, 23, 18], [24, 15, 1, 16], [2, 13, 3, 14], [4, 10, 5, 9], [6, 12, 7, 11], [8, 20, 9, 19], [10, 6, 11, 5]]"
12a_0837_32,"[[10, 6, 11, 5], [12, 21, 13, 22], [14, 23, 15, 24], [16, 1, 17, 2], [18, 8, 19, 7], [20, 3, 21, 4], [22, 17, 23, 18], [24, 15, 1, 16], [2, 13, 3, 14], [4, 10, 5, 9], [6, 12, 7, 11], [8, 20, 9, 19]]"
12a_0837_33,"[[8, 20, 9, 19], [10, 6, 11, 5], [12, 21, 13, 22], [14, 23, 15, 24], [16, 1, 17, 2], [18, 8, 19, 7], [20, 3, 21, 4], [22, 17, 23, 18], [24, 15, 1, 16], [2, 13, 3, 14], [4, 10, 5, 9], [6, 12, 7, 11]]"
12a_0837_34,"[[6, 12, 7, 11], [8, 20, 9, 19], [10, 6, 11, 5], [12, 21, 13, 22], [14, 23, 15, 24], [16, 1, 17, 2], [18, 8, 19, 7], [20, 3, 21, 4], [22, 17, 23, 18], [24, 15, 1, 16], [2, 13, 3, 14], [4, 10, 5, 9]]"
12a_0837_35,"[[4, 10, 5, 9], [6, 12, 7, 11], [8, 20, 9, 19], [10, 6, 11, 5], [12, 21, 13, 22], [14, 23, 15, 24], [16, 1, 17, 2], [18, 8, 19, 7], [20, 3, 21, 4], [22, 17, 23, 18], [24, 15, 1, 16], [2, 13, 3, 14]]"
12a_0837_36,"[[3, 14, 4, 15], [5, 11, 6, 10], [7, 13, 8, 12], [9, 21, 10, 20], [11, 7, 12, 6], [13, 22, 14, 23], [15, 24, 16, 1], [17, 2, 18, 3], [19, 9, 20, 8], [21, 4, 22, 5], [23, 18, 24, 19], [1, 16, 2, 17]]"
12a_0837_37,"[[1, 16, 2, 17], [3, 14, 4, 15], [5, 11, 6, 10], [7, 13, 8, 12], [9, 21, 10, 20], [11, 7, 12, 6], [13, 22, 14, 23], [15, 24, 16, 1], [17, 2, 18, 3], [19, 9, 20, 8], [21, 4, 22, 5], [23, 18, 24, 19]]"
12a_0837_38,"[[23, 18, 24, 19], [1, 16, 2, 17], [3, 14, 4, 15], [5, 11, 6, 10], [7, 13, 8, 12], [9, 21, 10, 20], [11, 7, 12, 6], [13, 22, 14, 23], [15, 24, 16, 1], [17, 2, 18, 3], [19, 9, 20, 8], [21, 4, 22, 5]]"
12a_0837_39,"[[21, 4, 22, 5], [23, 18, 24, 19], [1, 16, 2, 17], [3, 14, 4, 15], [5, 11, 6, 10], [7, 13, 8, 12], [9, 21, 10, 20], [11, 7, 12, 6], [13, 22, 14, 23], [15, 24, 16, 1], [17, 2, 18, 3], [19, 9, 20, 8]]"
12a_0837_40,"[[19, 9, 20, 8], [21, 4, 22, 5], [23, 18, 24, 19], [1, 16, 2, 17], [3, 14, 4, 15], [5, 11, 6, 10], [7, 13, 8, 12], [9, 21, 10, 20], [11, 7, 12, 6], [13, 22, 14, 23], [15, 24, 16, 1], [17, 2, 18, 3]]"
12a_0837_41,"[[17, 2, 18, 3], [19, 9, 20, 8], [21, 4, 22, 5], [23, 18, 24, 19], [1, 16, 2, 17], [3, 14, 4, 15], [5, 11, 6, 10], [7, 13, 8, 12], [9, 21, 10, 20], [11, 7, 12, 6], [13, 22, 14, 23], [15, 24, 16, 1]]"
12a_0837_42,"[[15, 24, 16, 1], [17, 2, 18, 3], [19, 9, 20, 8], [21, 4, 22, 5], [23, 18, 24, 19], [1, 16, 2, 17], [3, 14, 4, 15], [5, 11, 6, 10], [7, 13, 8, 12], [9, 21, 10, 20], [11, 7, 12, 6], [13, 22, 14, 23]]"
12a_0837_43,"[[13, 22, 14, 23], [15, 24, 16, 1], [17, 2, 18, 3], [19, 9, 20, 8], [21, 4, 22, 5], [23, 18, 24, 19], [1, 16, 2, 17], [3, 14, 4, 15], [5, 11, 6, 10], [7, 13, 8, 12], [9, 21, 10, 20], [11, 7, 12, 6]]"
12a_0837_44,"[[11, 7, 12, 6], [13, 22, 14, 23], [15, 24, 16, 1], [17, 2, 18, 3], [19, 9, 20, 8], [21, 4, 22, 5], [23, 18, 24, 19], [1, 16, 2, 17], [3, 14, 4, 15], [5, 11, 6, 10], [7, 13, 8, 12], [9, 21, 10, 20]]"
12a_0837_45,"[[9, 21, 10, 20], [11, 7, 12, 6], [13, 22, 14, 23], [15, 24, 16, 1], [17, 2, 18, 3], [19, 9, 20, 8], [21, 4, 22, 5], [23, 18, 24, 19], [1, 16, 2, 17], [3, 14, 4, 15], [5, 11, 6, 10], [7, 13, 8, 12]]"
12a_0837_46,"[[7, 13, 8, 12], [9, 21, 10, 20], [11, 7, 12, 6], [13, 22, 14, 23], [15, 24, 16, 1], [17, 2, 18, 3], [19, 9, 20, 8], [21, 4, 22, 5], [23, 18, 24, 19], [1, 16, 2, 17], [3, 14, 4, 15], [5, 11, 6, 10]]"
12a_0837_47,"[[5, 11, 6, 10], [7, 13, 8, 12], [9, 21, 10, 20], [11, 7, 12, 6], [13, 22, 14, 23], [15, 24, 16, 1], [17, 2, 18, 3], [19, 9, 20, 8], [21, 4, 22, 5], [23, 18, 24, 19], [1, 16, 2, 17], [3, 14, 4, 15]]"
12a_0837_48,"[[4, 15, 5, 16], [6, 12, 7, 11], [8, 14, 9, 13], [10, 22, 11, 21], [12, 8, 13, 7], [14, 23, 15, 24], [16, 1, 17, 2], [18, 3, 19, 4], [20, 10, 21, 9], [22, 5, 23, 6], [24, 19, 1, 20], [2, 17, 3, 18]]"
12a_0837_49,"[[2, 17, 3, 18], [4, 15, 5, 16], [6, 12, 7, 11], [8, 14, 9, 13], [10, 22, 11, 21], [12, 8, 13, 7], [14, 23, 15, 24], [16, 1, 17, 2], [18, 3, 19, 4], [20, 10, 21, 9], [22, 5, 23, 6], [24, 19, 1, 20]]"
12a_0837_50,"[[24, 19, 1, 20], [2, 17, 3, 18], [4, 15, 5, 16], [6, 12, 7, 11], [8, 14, 9, 13], [10, 22, 11, 21], [12, 8, 13, 7], [14, 23, 15, 24], [16, 1, 17, 2], [18, 3, 19, 4], [20, 10, 21, 9], [22, 5, 23, 6]]"
12a_0837_51,"[[22, 5, 23, 6], [24, 19, 1, 20], [2, 17, 3, 18], [4, 15, 5, 16], [6, 12, 7, 11], [8, 14, 9, 13], [10, 22, 11, 21], [12, 8, 13, 7], [14, 23, 15, 24], [16, 1, 17, 2], [18, 3, 19, 4], [20, 10, 21, 9]]"
12a_0837_52,"[[20, 10, 21, 9], [22, 5, 23, 6], [24, 19, 1, 20], [2, 17, 3, 18], [4, 15, 5, 16], [6, 12, 7, 11], [8, 14, 9, 13], [10, 22, 11, 21], [12, 8, 13, 7], [14, 23, 15, 24], [16, 1, 17, 2], [18, 3, 19, 4]]"
12a_0837_53,"[[18, 3, 19, 4], [20, 10, 21, 9], [22, 5, 23, 6], [24, 19, 1, 20], [2, 17, 3, 18], [4, 15, 5, 16], [6, 12, 7, 11], [8, 14, 9, 13], [10, 22, 11, 21], [12, 8, 13, 7], [14, 23, 15, 24], [16, 1, 17, 2]]"
12a_0837_54,"[[16, 1, 17, 2], [18, 3, 19, 4], [20, 10, 21, 9], [22, 5, 23, 6], [24, 19, 1, 20], [2, 17, 3, 18], [4, 15, 5, 16], [6, 12, 7, 11], [8, 14, 9, 13], [10, 22, 11, 21], [12, 8, 13, 7], [14, 23, 15, 24]]"
12a_0837_55,"[[14, 23, 15, 24], [16, 1, 17, 2], [18, 3, 19, 4], [20, 10, 21, 9], [22, 5, 23, 6], [24, 19, 1, 20], [2, 17, 3, 18], [4, 15, 5, 16], [6, 12, 7, 11], [8, 14, 9, 13], [10, 22, 11, 21], [12, 8, 13, 7]]"
12a_0837_56,"[[12, 8, 13, 7], [14, 23, 15, 24], [16, 1, 17, 2], [18, 3, 19, 4], [20, 10, 21, 9], [22, 5, 23, 6], [24, 19, 1, 20], [2, 17, 3, 18], [4, 15, 5, 16], [6, 12, 7, 11], [8, 14, 9, 13], [10, 22, 11, 21]]"
12a_0837_57,"[[10, 22, 11, 21], [12, 8, 13, 7], [14, 23, 15, 24], [16, 1, 17, 2], [18, 3, 19, 4], [20, 10, 21, 9], [22, 5, 23, 6], [24, 19, 1, 20], [2, 17, 3, 18], [4, 15, 5, 16], [6, 12, 7, 11], [8, 14, 9, 13]]"
12a_0837_58,"[[8, 14, 9, 13], [10, 22, 11, 21], [12, 8, 13, 7], [14, 23, 15, 24], [16, 1, 17, 2], [18, 3, 19, 4], [20, 10, 21, 9], [22, 5, 23, 6], [24, 19, 1, 20], [2, 17, 3, 18], [4, 15, 5, 16], [6, 12, 7, 11]]"
12a_0837_59,"[[6, 12, 7, 11], [8, 14, 9, 13], [10, 22, 11, 21], [12, 8, 13, 7], [14, 23, 15, 24], [16, 1, 17, 2], [18, 3, 19, 4], [20, 10, 21, 9], [22, 5, 23, 6], [24, 19, 1, 20], [2, 17, 3, 18], [4, 15, 5, 16]]"
12a_0837_60,"[[5, 16, 6, 17], [7, 13, 8, 12], [9, 15, 10, 14], [11, 23, 12, 22], [13, 9, 14, 8], [15, 24, 16, 1], [17, 2, 18, 3], [19, 4, 20, 5], [21, 11, 22, 10], [23, 6, 24, 7], [1, 20, 2, 21], [3, 18, 4, 19]]"
12a_0837_61,"[[3, 18, 4, 19], [5, 16, 6, 17], [7, 13, 8, 12], [9, 15, 10, 14], [11, 23, 12, 22], [13, 9, 14, 8], [15, 24, 16, 1], [17, 2, 18, 3], [19, 4, 20, 5], [21, 11, 22, 10], [23, 6, 24, 7], [1, 20, 2, 21]]"
12a_0837_62,"[[1, 20, 2, 21], [3, 18, 4, 19], [5, 16, 6, 17], [7, 13, 8, 12], [9, 15, 10, 14], [11, 23, 12, 22], [13, 9, 14, 8], [15, 24, 16, 1], [17, 2, 18, 3], [19, 4, 20, 5], [21, 11, 22, 10], [23, 6, 24, 7]]"
12a_0837_63,"[[23, 6, 24, 7], [1, 20, 2, 21], [3, 18, 4, 19], [5, 16, 6, 17], [7, 13, 8, 12], [9, 15, 10, 14], [11, 23, 12, 22], [13, 9, 14, 8], [15, 24, 16, 1], [17, 2, 18, 3], [19, 4, 20, 5], [21, 11, 22, 10]]"
12a_0837_64,"[[21, 11, 22, 10], [23, 6, 24, 7], [1, 20, 2, 21], [3, 18, 4, 19], [5, 16, 6, 17], [7, 13, 8, 12], [9, 15, 10, 14], [11, 23, 12, 22], [13, 9, 14, 8], [15, 24, 16, 1], [17, 2, 18, 3], [19, 4, 20, 5]]"
12a_0837_65,"[[19, 4, 20, 5], [21, 11, 22, 10], [23, 6, 24, 7], [1, 20, 2, 21], [3, 18, 4, 19], [5, 16, 6, 17], [7, 13, 8, 12], [9, 15, 10, 14], [11, 23, 12, 22], [13, 9, 14, 8], [15, 24, 16, 1], [17, 2, 18, 3]]"
12a_0837_66,"[[17, 2, 18, 3], [19, 4, 20, 5], [21, 11, 22, 10], [23, 6, 24, 7], [1, 20, 2, 21], [3, 18, 4, 19], [5, 16, 6, 17], [7, 13, 8, 12], [9, 15, 10, 14], [11, 23, 12, 22], [13, 9, 14, 8], [15, 24, 16, 1]]"
12a_0837_67,"[[15, 24, 16, 1], [17, 2, 18, 3], [19, 4, 20, 5], [21, 11, 22, 10], [23, 6, 24, 7], [1, 20, 2, 21], [3, 18, 4, 19], [5, 16, 6, 17], [7, 13, 8, 12], [9, 15, 10, 14], [11, 23, 12, 22], [13, 9, 14, 8]]"
12a_0837_68,"[[13, 9, 14, 8], [15, 24, 16, 1], [17, 2, 18, 3], [19, 4, 20, 5], [21, 11, 22, 10], [23, 6, 24, 7], [1, 20, 2, 21], [3, 18, 4, 19], [5, 16, 6, 17], [7, 13, 8, 12], [9, 15, 10, 14], [11, 23, 12, 22]]"
12a_0837_69,"[[11, 23, 12, 22], [13, 9, 14, 8], [15, 24, 16, 1], [17, 2, 18, 3], [19, 4, 20, 5], [21, 11, 22, 10], [23, 6, 24, 7], [1, 20, 2, 21], [3, 18, 4, 19], [5, 16, 6, 17], [7, 13, 8, 12], [9, 15, 10, 14]]"
12a_0837_70,"[[9, 15, 10, 14], [11, 23, 12, 22], [13, 9, 14, 8], [15, 24, 16, 1], [17, 2, 18, 3], [19, 4, 20, 5], [21, 11, 22, 10], [23, 6, 24, 7], [1, 20, 2, 21], [3, 18, 4, 19], [5, 16, 6, 17], [7, 13, 8, 12]]"
12a_0837_71,"[[7, 13, 8, 12], [9, 15, 10, 14], [11, 23, 12, 22], [13, 9, 14, 8], [15, 24, 16, 1], [17, 2, 18, 3], [19, 4, 20, 5], [21, 11, 22, 10], [23, 6, 24, 7], [1, 20, 2, 21], [3, 18, 4, 19], [5, 16, 6, 17]]"
12a_0837_72,"[[6, 17, 7, 18], [8, 14, 9, 13], [10, 16, 11, 15], [12, 24, 13, 23], [14, 10, 15, 9], [16, 1, 17, 2], [18, 3, 19, 4], [20, 5, 21, 6], [22, 12, 23, 11], [24, 7, 1, 8], [2, 21, 3, 22], [4, 19, 5, 20]]"
12a_0837_73,"[[4, 19, 5, 20], [6, 17, 7, 18], [8, 14, 9, 13], [10, 16, 11, 15], [12, 24, 13, 23], [14, 10, 15, 9], [16, 1, 17, 2], [18, 3, 19, 4], [20, 5, 21, 6], [22, 12, 23, 11], [24, 7, 1, 8], [2, 21, 3, 22]]"
12a_0837_74,"[[2, 21, 3, 22], [4, 19, 5, 20], [6, 17, 7, 18], [8, 14, 9, 13], [10, 16, 11, 15], [12, 24, 13, 23], [14, 10, 15, 9], [16, 1, 17, 2], [18, 3, 19, 4], [20, 5, 21, 6], [22, 12, 23, 11], [24, 7, 1, 8]]"
12a_0837_75,"[[24, 7, 1, 8], [2, 21, 3, 22], [4, 19, 5, 20], [6, 17, 7, 18], [8, 14, 9, 13], [10, 16, 11, 15], [12, 24, 13, 23], [14, 10, 15, 9], [16, 1, 17, 2], [18, 3, 19, 4], [20, 5, 21, 6], [22, 12, 23, 11]]"
12a_0837_76,"[[22, 12, 23, 11], [24, 7, 1, 8], [2, 21, 3, 22], [4, 19, 5, 20], [6, 17, 7, 18], [8, 14, 9, 13], [10, 16, 11, 15], [12, 24, 13, 23], [14, 10, 15, 9], [16, 1, 17, 2], [18, 3, 19, 4], [20, 5, 21, 6]]"
12a_0837_77,"[[20, 5, 21, 6], [22, 12, 23, 11], [24, 7, 1, 8], [2, 21, 3, 22], [4, 19, 5, 20], [6, 17, 7, 18], [8, 14, 9, 13], [10, 16, 11, 15], [12, 24, 13, 23], [14, 10, 15, 9], [16, 1, 17, 2], [18, 3, 19, 4]]"
12a_0837_78,"[[18, 3, 19, 4], [20, 5, 21, 6], [22, 12, 23, 11], [24, 7, 1, 8], [2, 21, 3, 22], [4, 19, 5, 20], [6, 17, 7, 18], [8, 14, 9, 13], [10, 16, 11, 15], [12, 24, 13, 23], [14, 10, 15, 9], [16, 1, 17, 2]]"
12a_0837_79,"[[16, 1, 17, 2], [18, 3, 19, 4], [20, 5, 21, 6], [22, 12, 23, 11], [24, 7, 1, 8], [2, 21, 3, 22], [4, 19, 5, 20], [6, 17, 7, 18], [8, 14, 9, 13], [10, 16, 11, 15], [12, 24, 13, 23], [14, 10, 15, 9]]"
12a_0837_80,"[[14, 10, 15, 9], [16, 1, 17, 2], [18, 3, 19, 4], [20, 5, 21, 6], [22, 12, 23, 11], [24, 7, 1, 8], [2, 21, 3, 22], [4, 19, 5, 20], [6, 17, 7, 18], [8, 14, 9, 13], [10, 16, 11, 15], [12, 24, 13, 23]]"
12a_0837_81,"[[12, 24, 13, 23], [14, 10, 15, 9], [16, 1, 17, 2], [18, 3, 19, 4], [20, 5, 21, 6], [22, 12, 23, 11], [24, 7, 1, 8], [2, 21, 3, 22], [4, 19, 5, 20], [6, 17, 7, 18], [8, 14, 9, 13], [10, 16, 11, 15]]"
12a_0837_82,"[[10, 16, 11, 15], [12, 24, 13, 23], [14, 10, 15, 9], [16, 1, 17, 2], [18, 3, 19, 4], [20, 5, 21, 6], [22, 12, 23, 11], [24, 7, 1, 8], [2, 21, 3, 22], [4, 19, 5, 20], [6, 17, 7, 18], [8, 14, 9, 13]]"
12a_0837_83,"[[8, 14, 9, 13], [10, 16, 11, 15], [12, 24, 13, 23], [14, 10, 15, 9], [16, 1, 17, 2], [18, 3, 19, 4], [20, 5, 21, 6], [22, 12, 23, 11], [24, 7, 1, 8], [2, 21, 3, 22], [4, 19, 5, 20], [6, 17, 7, 18]]"
12a_0837_84,"[[7, 18, 8, 19], [9, 15, 10, 14], [11, 17, 12, 16], [13, 1, 14, 24], [15, 11, 16, 10], [17, 2, 18, 3], [19, 4, 20, 5], [21, 6, 22, 7], [23, 13, 24, 12], [1, 8, 2, 9], [3, 22, 4, 23], [5, 20, 6, 21]]"
12a_0837_85,"[[5, 20, 6, 21], [7, 18, 8, 19], [9, 15, 10, 14], [11, 17, 12, 16], [13, 1, 14, 24], [15, 11, 16, 10], [17, 2, 18, 3], [19, 4, 20, 5], [21, 6, 22, 7], [23, 13, 24, 12], [1, 8, 2, 9], [3, 22, 4, 23]]"
12a_0837_86,"[[3, 22, 4, 23], [5, 20, 6, 21], [7, 18, 8, 19], [9, 15, 10, 14], [11, 17, 12, 16], [13, 1, 14, 24], [15, 11, 16, 10], [17, 2, 18, 3], [19, 4, 20, 5], [21, 6, 22, 7], [23, 13, 24, 12], [1, 8, 2, 9]]"
12a_0837_87,"[[1, 8, 2, 9], [3, 22, 4, 23], [5, 20, 6, 21], [7, 18, 8, 19], [9, 15, 10, 14], [11, 17, 12, 16], [13, 1, 14, 24], [15, 11, 16, 10], [17, 2, 18, 3], [19, 4, 20, 5], [21, 6, 22, 7], [23, 13, 24, 12]]"
12a_0837_88,"[[23, 13, 24, 12], [1, 8, 2, 9], [3, 22, 4, 23], [5, 20, 6, 21], [7, 18, 8, 19], [9, 15, 10, 14], [11, 17, 12, 16], [13, 1, 14, 24], [15, 11, 16, 10], [17, 2, 18, 3], [19, 4, 20, 5], [21, 6, 22, 7]]"
12a_0837_89,"[[21, 6, 22, 7], [23, 13, 24, 12], [1, 8, 2, 9], [3, 22, 4, 23], [5, 20, 6, 21], [7, 18, 8, 19], [9, 15, 10, 14], [11, 17, 12, 16], [13, 1, 14, 24], [15, 11, 16, 10], [17, 2, 18, 3], [19, 4, 20, 5]]"
12a_0837_90,"[[19, 4, 20, 5], [21, 6, 22, 7], [23, 13, 24, 12], [1, 8, 2, 9], [3, 22, 4, 23], [5, 20, 6, 21], [7, 18, 8, 19], [9, 15, 10, 14], [11, 17, 12, 16], [13, 1, 14, 24], [15, 11, 16, 10], [17, 2, 18, 3]]"
12a_0837_91,"[[17, 2, 18, 3], [19, 4, 20, 5], [21, 6, 22, 7], [23, 13, 24, 12], [1, 8, 2, 9], [3, 22, 4, 23], [5, 20, 6, 21], [7, 18, 8, 19], [9, 15, 10, 14], [11, 17, 12, 16], [13, 1, 14, 24], [15, 11, 16, 10]]"
12a_0837_92,"[[15, 11, 16, 10], [17, 2, 18, 3], [19, 4, 20, 5], [21, 6, 22, 7], [23, 13, 24, 12], [1, 8, 2, 9], [3, 22, 4, 23], [5, 20, 6, 21], [7, 18, 8, 19], [9, 15, 10, 14], [11, 17, 12, 16], [13, 1, 14, 24]]"
12a_0837_93,"[[13, 1, 14, 24], [15, 11, 16, 10], [17, 2, 18, 3], [19, 4, 20, 5], [21, 6, 22, 7], [23, 13, 24, 12], [1, 8, 2, 9], [3, 22, 4, 23], [5, 20, 6, 21], [7, 18, 8, 19], [9, 15, 10, 14], [11, 17, 12, 16]]"
12a_0837_94,"[[11, 17, 12, 16], [13, 1, 14, 24], [15, 11, 16, 10], [17, 2, 18, 3], [19, 4, 20, 5], [21, 6, 22, 7], [23, 13, 24, 12], [1, 8, 2, 9], [3, 22, 4, 23], [5, 20, 6, 21], [7, 18, 8, 19], [9, 15, 10, 14]]"
12a_0837_95,"[[9, 15, 10, 14], [11, 17, 12, 16], [13, 1, 14, 24], [15, 11, 16, 10], [17, 2, 18, 3], [19, 4, 20, 5], [21, 6, 22, 7], [23, 13, 24, 12], [1, 8, 2, 9], [3, 22, 4, 23], [5, 20, 6, 21], [7, 18, 8, 19]]"
12a_0837_96,"[[8, 19, 9, 20], [10, 16, 11, 15], [12, 18, 13, 17], [14, 2, 15, 1], [16, 12, 17, 11], [18, 3, 19, 4], [20, 5, 21, 6], [22, 7, 23, 8], [24, 14, 1, 13], [2, 9, 3, 10], [4, 23, 5, 24], [6, 21, 7, 22]]"
12a_0837_97,"[[6, 21, 7, 22], [8, 19, 9, 20], [10, 16, 11, 15], [12, 18, 13, 17], [14, 2, 15, 1], [16, 12, 17, 11], [18, 3, 19, 4], [20, 5, 21, 6], [22, 7, 23, 8], [24, 14, 1, 13], [2, 9, 3, 10], [4, 23, 5, 24]]"
12a_0837_98,"[[4, 23, 5, 24], [6, 21, 7, 22], [8, 19, 9, 20], [10, 16, 11, 15], [12, 18, 13, 17], [14, 2, 15, 1], [16, 12, 17, 11], [18, 3, 19, 4], [20, 5, 21, 6], [22, 7, 23, 8], [24, 14, 1, 13], [2, 9, 3, 10]]"
12a_0837_99,"[[2, 9, 3, 10], [4, 23, 5, 24], [6, 21, 7, 22], [8, 19, 9, 20], [10, 16, 11, 15], [12, 18, 13, 17], [14, 2, 15, 1], [16, 12, 17, 11], [18, 3, 19, 4], [20, 5, 21, 6], [22, 7, 23, 8], [24, 14, 1, 13]]"
12a_0837_100,"[[24, 14, 1, 13], [2, 9, 3, 10], [4, 23, 5, 24], [6, 21, 7, 22], [8, 19, 9, 20], [10, 16, 11, 15], [12, 18, 13, 17], [14, 2, 15, 1], [16, 12, 17, 11], [18, 3, 19, 4], [20, 5, 21, 6], [22, 7, 23, 8]]"
12a_0837_101,"[[22, 7, 23, 8], [24, 14, 1, 13], [2, 9, 3, 10], [4, 23, 5, 24], [6, 21, 7, 22], [8, 19, 9, 20], [10, 16, 11, 15], [12, 18, 13, 17], [14, 2, 15, 1], [16, 12, 17, 11], [18, 3, 19, 4], [20, 5, 21, 6]]"
12a_0837_102,"[[20, 5, 21, 6], [22, 7, 23, 8], [24, 14, 1, 13], [2, 9, 3, 10], [4, 23, 5, 24], [6, 21, 7, 22], [8, 19, 9, 20], [10, 16, 11, 15], [12, 18, 13, 17], [14, 2, 15, 1], [16, 12, 17, 11], [18, 3, 19, 4]]"
12a_0837_103,"[[18, 3, 19, 4], [20, 5, 21, 6], [22, 7, 23, 8], [24, 14, 1, 13], [2, 9, 3, 10], [4, 23, 5, 24], [6, 21, 7, 22], [8, 19, 9, 20], [10, 16, 11, 15], [12, 18, 13, 17], [14, 2, 15, 1], [16, 12, 17, 11]]"
12a_0837_104,"[[16, 12, 17, 11], [18, 3, 19, 4], [20, 5, 21, 6], [22, 7, 23, 8], [24, 14, 1, 13], [2, 9, 3, 10], [4, 23, 5, 24], [6, 21, 7, 22], [8, 19, 9, 20], [10, 16, 11, 15], [12, 18, 13, 17], [14, 2, 15, 1]]"
12a_0837_105,"[[14, 2, 15, 1], [16, 12, 17, 11], [18, 3, 19, 4], [20, 5, 21, 6], [22, 7, 23, 8], [24, 14, 1, 13], [2, 9, 3, 10], [4, 23, 5, 24], [6, 21, 7, 22], [8, 19, 9, 20], [10, 16, 11, 15], [12, 18, 13, 17]]"
12a_0837_106,"[[12, 18, 13, 17], [14, 2, 15, 1], [16, 12, 17, 11], [18, 3, 19, 4], [20, 5, 21, 6], [22, 7, 23, 8], [24, 14, 1, 13], [2, 9, 3, 10], [4, 23, 5, 24], [6, 21, 7, 22], [8, 19, 9, 20], [10, 16, 11, 15]]"
12a_0837_107,"[[10, 16, 11, 15], [12, 18, 13, 17], [14, 2, 15, 1], [16, 12, 17, 11], [18, 3, 19, 4], [20, 5, 21, 6], [22, 7, 23, 8], [24, 14, 1, 13], [2, 9, 3, 10], [4, 23, 5, 24], [6, 21, 7, 22], [8, 19, 9, 20]]"
12a_0837_108,"[[9, 20, 10, 21], [11, 17, 12, 16], [13, 19, 14, 18], [15, 3, 16, 2], [17, 13, 18, 12], [19, 4, 20, 5], [21, 6, 22, 7], [23, 8, 24, 9], [1, 15, 2, 14], [3, 10, 4, 11], [5, 24, 6, 1], [7, 22, 8, 23]]"
12a_0837_109,"[[7, 22, 8, 23], [9, 20, 10, 21], [11, 17, 12, 16], [13, 19, 14, 18], [15, 3, 16, 2], [17, 13, 18, 12], [19, 4, 20, 5], [21, 6, 22, 7], [23, 8, 24, 9], [1, 15, 2, 14], [3, 10, 4, 11], [5, 24, 6, 1]]"
12a_0837_110,"[[5, 24, 6, 1], [7, 22, 8, 23], [9, 20, 10, 21], [11, 17, 12, 16], [13, 19, 14, 18], [15, 3, 16, 2], [17, 13, 18, 12], [19, 4, 20, 5], [21, 6, 22, 7], [23, 8, 24, 9], [1, 15, 2, 14], [3, 10, 4, 11]]"
12a_0837_111,"[[3, 10, 4, 11], [5, 24, 6, 1], [7, 22, 8, 23], [9, 20, 10, 21], [11, 17, 12, 16], [13, 19, 14, 18], [15, 3, 16, 2], [17, 13, 18, 12], [19, 4, 20, 5], [21, 6, 22, 7], [23, 8, 24, 9], [1, 15, 2, 14]]"
12a_0837_112,"[[1, 15, 2, 14], [3, 10, 4, 11], [5, 24, 6, 1], [7, 22, 8, 23], [9, 20, 10, 21], [11, 17, 12, 16], [13, 19, 14, 18], [15, 3, 16, 2], [17, 13, 18, 12], [19, 4, 20, 5], [21, 6, 22, 7], [23, 8, 24, 9]]"
12a_0837_113,"[[23, 8, 24, 9], [1, 15, 2, 14], [3, 10, 4, 11], [5, 24, 6, 1], [7, 22, 8, 23], [9, 20, 10, 21], [11, 17, 12, 16], [13, 19, 14, 18], [15, 3, 16, 2], [17, 13, 18, 12], [19, 4, 20, 5], [21, 6, 22, 7]]"
12a_0837_114,"[[21, 6, 22, 7], [23, 8, 24, 9], [1, 15, 2, 14], [3, 10, 4, 11], [5, 24, 6, 1], [7, 22, 8, 23], [9, 20, 10, 21], [11, 17, 12, 16], [13, 19, 14, 18], [15, 3, 16, 2], [17, 13, 18, 12], [19, 4, 20, 5]]"
12a_0837_115,"[[19, 4, 20, 5], [21, 6, 22, 7], [23, 8, 24, 9], [1, 15, 2, 14], [3, 10, 4, 11], [5, 24, 6, 1], [7, 22, 8, 23], [9, 20, 10, 21], [11, 17, 12, 16], [13, 19, 14, 18], [15, 3, 16, 2], [17, 13, 18, 12]]"
12a_0837_116,"[[17, 13, 18, 12], [19, 4, 20, 5], [21, 6, 22, 7], [23, 8, 24, 9], [1, 15, 2, 14], [3, 10, 4, 11], [5, 24, 6, 1], [7, 22, 8, 23], [9, 20, 10, 21], [11, 17, 12, 16], [13, 19, 14, 18], [15, 3, 16, 2]]"
12a_0837_117,"[[15, 3, 16, 2], [17, 13, 18, 12], [19, 4, 20, 5], [21, 6, 22, 7], [23, 8, 24, 9], [1, 15, 2, 14], [3, 10, 4, 11], [5, 24, 6, 1], [7, 22, 8, 23], [9, 20, 10, 21], [11, 17, 12, 16], [13, 19, 14, 18]]"
12a_0837_118,"[[13, 19, 14, 18], [15, 3, 16, 2], [17, 13, 18, 12], [19, 4, 20, 5], [21, 6, 22, 7], [23, 8, 24, 9], [1, 15, 2, 14], [3, 10, 4, 11], [5, 24, 6, 1], [7, 22, 8, 23], [9, 20, 10, 21], [11, 17, 12, 16]]"
12a_0837_119,"[[11, 17, 12, 16], [13, 19, 14, 18], [15, 3, 16, 2], [17, 13, 18, 12], [19, 4, 20, 5], [21, 6, 22, 7], [23, 8, 24, 9], [1, 15, 2, 14], [3, 10, 4, 11], [5, 24, 6, 1], [7, 22, 8, 23], [9, 20, 10, 21]]"
12a_0837_120,"[[10, 21, 11, 22], [12, 18, 13, 17], [14, 20, 15, 19], [16, 4, 17, 3], [18, 14, 19, 13], [20, 5, 21, 6], [22, 7, 23, 8], [24, 9, 1, 10], [2, 16, 3, 15], [4, 11, 5, 12], [6, 1, 7, 2], [8, 23, 9, 24]]"
12a_0837_121,"[[8, 23, 9, 24], [10, 21, 11, 22], [12, 18, 13, 17], [14, 20, 15, 19], [16, 4, 17, 3], [18, 14, 19, 13], [20, 5, 21, 6], [22, 7, 23, 8], [24, 9, 1, 10], [2, 16, 3, 15], [4, 11, 5, 12], [6, 1, 7, 2]]"
12a_0837_122,"[[6, 1, 7, 2], [8, 23, 9, 24], [10, 21, 11, 22], [12, 18, 13, 17], [14, 20, 15, 19], [16, 4, 17, 3], [18, 14, 19, 13], [20, 5, 21, 6], [22, 7, 23, 8], [24, 9, 1, 10], [2, 16, 3, 15], [4, 11, 5, 12]]"
12a_0837_123,"[[4, 11, 5, 12], [6, 1, 7, 2], [8, 23, 9, 24], [10, 21, 11, 22], [12, 18, 13, 17], [14, 20, 15, 19], [16, 4, 17, 3], [18, 14, 19, 13], [20, 5, 21, 6], [22, 7, 23, 8], [24, 9, 1, 10], [2, 16, 3, 15]]"
12a_0837_124,"[[2, 16, 3, 15], [4, 11, 5, 12], [6, 1, 7, 2], [8, 23, 9, 24], [10, 21, 11, 22], [12, 18, 13, 17], [14, 20, 15, 19], [16, 4, 17, 3], [18, 14, 19, 13], [20, 5, 21, 6], [22, 7, 23, 8], [24, 9, 1, 10]]"
12a_0837_125,"[[24, 9, 1, 10], [2, 16, 3, 15], [4, 11, 5, 12], [6, 1, 7, 2], [8, 23, 9, 24], [10, 21, 11, 22], [12, 18, 13, 17], [14, 20, 15, 19], [16, 4, 17, 3], [18, 14, 19, 13], [20, 5, 21, 6], [22, 7, 23, 8]]"
12a_0837_126,"[[22, 7, 23, 8], [24, 9, 1, 10], [2, 16, 3, 15], [4, 11, 5, 12], [6, 1, 7, 2], [8, 23, 9, 24], [10, 21, 11, 22], [12, 18, 13, 17], [14, 20, 15, 19], [16, 4, 17, 3], [18, 14, 19, 13], [20, 5, 21, 6]]"
12a_0837_127,"[[20, 5, 21, 6], [22, 7, 23, 8], [24, 9, 1, 10], [2, 16, 3, 15], [4, 11, 5, 12], [6, 1, 7, 2], [8, 23, 9, 24], [10, 21, 11, 22], [12, 18, 13, 17], [14, 20, 15, 19], [16, 4, 17, 3], [18, 14, 19, 13]]"
12a_0837_128,"[[18, 14, 19, 13], [20, 5, 21, 6], [22, 7, 23, 8], [24, 9, 1, 10], [2, 16, 3, 15], [4, 11, 5, 12], [6, 1, 7, 2], [8, 23, 9, 24], [10, 21, 11, 22], [12, 18, 13, 17], [14, 20, 15, 19], [16, 4, 17, 3]]"
12a_0837_129,"[[16, 4, 17, 3], [18, 14, 19, 13], [20, 5, 21, 6], [22, 7, 23, 8], [24, 9, 1, 10], [2, 16, 3, 15], [4, 11, 5, 12], [6, 1, 7, 2], [8, 23, 9, 24], [10, 21, 11, 22], [12, 18, 13, 17], [14, 20, 15, 19]]"
12a_0837_130,"[[14, 20, 15, 19], [16, 4, 17, 3], [18, 14, 19, 13], [20, 5, 21, 6], [22, 7, 23, 8], [24, 9, 1, 10], [2, 16, 3, 15], [4, 11, 5, 12], [6, 1, 7, 2], [8, 23, 9, 24], [10, 21, 11, 22], [12, 18, 13, 17]]"
12a_0837_131,"[[12, 18, 13, 17], [14, 20, 15, 19], [16, 4, 17, 3], [18, 14, 19, 13], [20, 5, 21, 6], [22, 7, 23, 8], [24, 9, 1, 10], [2, 16, 3, 15], [4, 11, 5, 12], [6, 1, 7, 2], [8, 23, 9, 24], [10, 21, 11, 22]]"
12a_0837_132,"[[11, 22, 12, 23], [13, 19, 14, 18], [15, 21, 16, 20], [17, 5, 18, 4], [19, 15, 20, 14], [21, 6, 22, 7], [23, 8, 24, 9], [1, 10, 2, 11], [3, 17, 4, 16], [5, 12, 6, 13], [7, 2, 8, 3], [9, 24, 10, 1]]"
12a_0837_133,"[[9, 24, 10, 1], [11, 22, 12, 23], [13, 19, 14, 18], [15, 21, 16, 20], [17, 5, 18, 4], [19, 15, 20, 14], [21, 6, 22, 7], [23, 8, 24, 9], [1, 10, 2, 11], [3, 17, 4, 16], [5, 12, 6, 13], [7, 2, 8, 3]]"
12a_0837_134,"[[7, 2, 8, 3], [9, 24, 10, 1], [11, 22, 12, 23], [13, 19, 14, 18], [15, 21, 16, 20], [17, 5, 18, 4], [19, 15, 20, 14], [21, 6, 22, 7], [23, 8, 24, 9], [1, 10, 2, 11], [3, 17, 4, 16], [5, 12, 6, 13]]"
12a_0837_135,"[[5, 12, 6, 13], [7, 2, 8, 3], [9, 24, 10, 1], [11, 22, 12, 23], [13, 19, 14, 18], [15, 21, 16, 20], [17, 5, 18, 4], [19, 15, 20, 14], [21, 6, 22, 7], [23, 8, 24, 9], [1, 10, 2, 11], [3, 17, 4, 16]]"
12a_0837_136,"[[3, 17, 4, 16], [5, 12, 6, 13], [7, 2, 8, 3], [9, 24, 10, 1], [11, 22, 12, 23], [13, 19, 14, 18], [15, 21, 16, 20], [17, 5, 18, 4], [19, 15, 20, 14], [21, 6, 22, 7], [23, 8, 24, 9], [1, 10, 2, 11]]"
12a_0837_137,"[[1, 10, 2, 11], [3, 17, 4, 16], [5, 12, 6, 13], [7, 2, 8, 3], [9, 24, 10, 1], [11, 22, 12, 23], [13, 19, 14, 18], [15, 21, 16, 20], [17, 5, 18, 4], [19, 15, 20, 14], [21, 6, 22, 7], [23, 8, 24, 9]]"
12a_0837_138,"[[23, 8, 24, 9], [1, 10, 2, 11], [3, 17, 4, 16], [5, 12, 6, 13], [7, 2, 8, 3], [9, 24, 10, 1], [11, 22, 12, 23], [13, 19, 14, 18], [15, 21, 16, 20], [17, 5, 18, 4], [19, 15, 20, 14], [21, 6, 22, 7]]"
12a_0837_139,"[[21, 6, 22, 7], [23, 8, 24, 9], [1, 10, 2, 11], [3, 17, 4, 16], [5, 12, 6, 13], [7, 2, 8, 3], [9, 24, 10, 1], [11, 22, 12, 23], [13, 19, 14, 18], [15, 21, 16, 20], [17, 5, 18, 4], [19, 15, 20, 14]]"
12a_0837_140,"[[19, 15, 20, 14], [21, 6, 22, 7], [23, 8, 24, 9], [1, 10, 2, 11], [3, 17, 4, 16], [5, 12, 6, 13], [7, 2, 8, 3], [9, 24, 10, 1], [11, 22, 12, 23], [13, 19, 14, 18], [15, 21, 16, 20], [17, 5, 18, 4]]"
12a_0837_141,"[[17, 5, 18, 4], [19, 15, 20, 14], [21, 6, 22, 7], [23, 8, 24, 9], [1, 10, 2, 11], [3, 17, 4, 16], [5, 12, 6, 13], [7, 2, 8, 3], [9, 24, 10, 1], [11, 22, 12, 23], [13, 19, 14, 18], [15, 21, 16, 20]]"
12a_0837_142,"[[15, 21, 16, 20], [17, 5, 18, 4], [19, 15, 20, 14], [21, 6, 22, 7], [23, 8, 24, 9], [1, 10, 2, 11], [3, 17, 4, 16], [5, 12, 6, 13], [7, 2, 8, 3], [9, 24, 10, 1], [11, 22, 12, 23], [13, 19, 14, 18]]"
12a_0837_143,"[[13, 19, 14, 18], [15, 21, 16, 20], [17, 5, 18, 4], [19, 15, 20, 14], [21, 6, 22, 7], [23, 8, 24, 9], [1, 10, 2, 11], [3, 17, 4, 16], [5, 12, 6, 13], [7, 2, 8, 3], [9, 24, 10, 1], [11, 22, 12, 23]]"
12a_0837_144,"[[12, 23, 13, 24], [14, 20, 15, 19], [16, 22, 17, 21], [18, 6, 19, 5], [20, 16, 21, 15], [22, 7, 23, 8], [24, 9, 1, 10], [2, 11, 3, 12], [4, 18, 5, 17], [6, 13, 7, 14], [8, 3, 9, 4], [10, 1, 11, 2]]"
12a_0837_145,"[[10, 1, 11, 2], [12, 23, 13, 24], [14, 20, 15, 19], [16, 22, 17, 21], [18, 6, 19, 5], [20, 16, 21, 15], [22, 7, 23, 8], [24, 9, 1, 10], [2, 11, 3, 12], [4, 18, 5, 17], [6, 13, 7, 14], [8, 3, 9, 4]]"
12a_0837_146,"[[8, 3, 9, 4], [10, 1, 11, 2], [12, 23, 13, 24], [14, 20, 15, 19], [16, 22, 17, 21], [18, 6, 19, 5], [20, 16, 21, 15], [22, 7, 23, 8], [24, 9, 1, 10], [2, 11, 3, 12], [4, 18, 5, 17], [6, 13, 7, 14]]"
12a_0837_147,"[[6, 13, 7, 14], [8, 3, 9, 4], [10, 1, 11, 2], [12, 23, 13, 24], [14, 20, 15, 19], [16, 22, 17, 21], [18, 6, 19, 5], [20, 16, 21, 15], [22, 7, 23, 8], [24, 9, 1, 10], [2, 11, 3, 12], [4, 18, 5, 17]]"
12a_0837_148,"[[4, 18, 5, 17], [6, 13, 7, 14], [8, 3, 9, 4], [10, 1, 11, 2], [12, 23, 13, 24], [14, 20, 15, 19], [16, 22, 17, 21], [18, 6, 19, 5], [20, 16, 21, 15], [22, 7, 23, 8], [24, 9, 1, 10], [2, 11, 3, 12]]"
12a_0837_149,"[[2, 11, 3, 12], [4, 18, 5, 17], [6, 13, 7, 14], [8, 3, 9, 4], [10, 1, 11, 2], [12, 23, 13, 24], [14, 20, 15, 19], [16, 22, 17, 21], [18, 6, 19, 5], [20, 16, 21, 15], [22, 7, 23, 8], [24, 9, 1, 10]]"
12a_0837_150,"[[24, 9, 1, 10], [2, 11, 3, 12], [4, 18, 5, 17], [6, 13, 7, 14], [8, 3, 9, 4], [10, 1, 11, 2], [12, 23, 13, 24], [14, 20, 15, 19], [16, 22, 17, 21], [18, 6, 19, 5], [20, 16, 21, 15], [22, 7, 23, 8]]"
12a_0837_151,"[[22, 7, 23, 8], [24, 9, 1, 10], [2, 11, 3, 12], [4, 18, 5, 17], [6, 13, 7, 14], [8, 3, 9, 4], [10, 1, 11, 2], [12, 23, 13, 24], [14, 20, 15, 19], [16, 22, 17, 21], [18, 6, 19, 5], [20, 16, 21, 15]]"
12a_0837_152,"[[20, 16, 21, 15], [22, 7, 23, 8], [24, 9, 1, 10], [2, 11, 3, 12], [4, 18, 5, 17], [6, 13, 7, 14], [8, 3, 9, 4], [10, 1, 11, 2], [12, 23, 13, 24], [14, 20, 15, 19], [16, 22, 17, 21], [18, 6, 19, 5]]"
12a_0837_153,"[[18, 6, 19, 5], [20, 16, 21, 15], [22, 7, 23, 8], [24, 9, 1, 10], [2, 11, 3, 12], [4, 18, 5, 17], [6, 13, 7, 14], [8, 3, 9, 4], [10, 1, 11, 2], [12, 23, 13, 24], [14, 20, 15, 19], [16, 22, 17, 21]]"
12a_0837_154,"[[16, 22, 17, 21], [18, 6, 19, 5], [20, 16, 21, 15], [22, 7, 23, 8], [24, 9, 1, 10], [2, 11, 3, 12], [4, 18, 5, 17], [6, 13, 7, 14], [8, 3, 9, 4], [10, 1, 11, 2], [12, 23, 13, 24], [14, 20, 15, 19]]"
12a_0837_155,"[[14, 20, 15, 19], [16, 22, 17, 21], [18, 6, 19, 5], [20, 16, 21, 15], [22, 7, 23, 8], [24, 9, 1, 10], [2, 11, 3, 12], [4, 18, 5, 17], [6, 13, 7, 14], [8, 3, 9, 4], [10, 1, 11, 2], [12, 23, 13, 24]]"
12a_0837_156,"[[13, 24, 14, 1], [15, 21, 16, 20], [17, 23, 18, 22], [19, 7, 20, 6], [21, 17, 22, 16], [23, 8, 24, 9], [1, 10, 2, 11], [3, 12, 4, 13], [5, 19, 6, 18], [7, 14, 8, 15], [9, 4, 10, 5], [11, 2, 12, 3]]"
12a_0837_157,"[[11, 2, 12, 3], [13, 24, 14, 1], [15, 21, 16, 20], [17, 23, 18, 22], [19, 7, 20, 6], [21, 17, 22, 16], [23, 8, 24, 9], [1, 10, 2, 11], [3, 12, 4, 13], [5, 19, 6, 18], [7, 14, 8, 15], [9, 4, 10, 5]]"
12a_0837_158,"[[9, 4, 10, 5], [11, 2, 12, 3], [13, 24, 14, 1], [15, 21, 16, 20], [17, 23, 18, 22], [19, 7, 20, 6], [21, 17, 22, 16], [23, 8, 24, 9], [1, 10, 2, 11], [3, 12, 4, 13], [5, 19, 6, 18], [7, 14, 8, 15]]"
12a_0837_159,"[[7, 14, 8, 15], [9, 4, 10, 5], [11, 2, 12, 3], [13, 24, 14, 1], [15, 21, 16, 20], [17, 23, 18, 22], [19, 7, 20, 6], [21, 17, 22, 16], [23, 8, 24, 9], [1, 10, 2, 11], [3, 12, 4, 13], [5, 19, 6, 18]]"
12a_0837_160,"[[5, 19, 6, 18], [7, 14, 8, 15], [9, 4, 10, 5], [11, 2, 12, 3], [13, 24, 14, 1], [15, 21, 16, 20], [17, 23, 18, 22], [19, 7, 20, 6], [21, 17, 22, 16], [23, 8, 24, 9], [1, 10, 2, 11], [3, 12, 4, 13]]"
12a_0837_161,"[[3, 12, 4, 13], [5, 19, 6, 18], [7, 14, 8, 15], [9, 4, 10, 5], [11, 2, 12, 3], [13, 24, 14, 1], [15, 21, 16, 20], [17, 23, 18, 22], [19, 7, 20, 6], [21, 17, 22, 16], [23, 8, 24, 9], [1, 10, 2, 11]]"
12a_0837_162,"[[1, 10, 2, 11], [3, 12, 4, 13], [5, 19, 6, 18], [7, 14, 8, 15], [9, 4, 10, 5], [11, 2, 12, 3], [13, 24, 14, 1], [15, 21, 16, 20], [17, 23, 18, 22], [19, 7, 20, 6], [21, 17, 22, 16], [23, 8, 24, 9]]"
12a_0837_163,"[[23, 8, 24, 9], [1, 10, 2, 11], [3, 12, 4, 13], [5, 19, 6, 18], [7, 14, 8, 15], [9, 4, 10, 5], [11, 2, 12, 3], [13, 24, 14, 1], [15, 21, 16, 20], [17, 23, 18, 22], [19, 7, 20, 6], [21, 17, 22, 16]]"
12a_0837_164,"[[21, 17, 22, 16], [23, 8, 24, 9], [1, 10, 2, 11], [3, 12, 4, 13], [5, 19, 6, 18], [7, 14, 8, 15], [9, 4, 10, 5], [11, 2, 12, 3], [13, 24, 14, 1], [15, 21, 16, 20], [17, 23, 18, 22], [19, 7, 20, 6]]"
12a_0837_165,"[[19, 7, 20, 6], [21, 17, 22, 16], [23, 8, 24, 9], [1, 10, 2, 11], [3, 12, 4, 13], [5, 19, 6, 18], [7, 14, 8, 15], [9, 4, 10, 5], [11, 2, 12, 3], [13, 24, 14, 1], [15, 21, 16, 20], [17, 23, 18, 22]]"
12a_0837_166,"[[17, 23, 18, 22], [19, 7, 20, 6], [21, 17, 22, 16], [23, 8, 24, 9], [1, 10, 2, 11], [3, 12, 4, 13], [5, 19, 6, 18], [7, 14, 8, 15], [9, 4, 10, 5], [11, 2, 12, 3], [13, 24, 14, 1], [15, 21, 16, 20]]"
12a_0837_167,"[[15, 21, 16, 20], [17, 23, 18, 22], [19, 7, 20, 6], [21, 17, 22, 16], [23, 8, 24, 9], [1, 10, 2, 11], [3, 12, 4, 13], [5, 19, 6, 18], [7, 14, 8, 15], [9, 4, 10, 5], [11, 2, 12, 3], [13, 24, 14, 1]]"
12a_0837_168,"[[14, 1, 15, 2], [16, 22, 17, 21], [18, 24, 19, 23], [20, 8, 21, 7], [22, 18, 23, 17], [24, 9, 1, 10], [2, 11, 3, 12], [4, 13, 5, 14], [6, 20, 7, 19], [8, 15, 9, 16], [10, 5, 11, 6], [12, 3, 13, 4]]"
12a_0837_169,"[[12, 3, 13, 4], [14, 1, 15, 2], [16, 22, 17, 21], [18, 24, 19, 23], [20, 8, 21, 7], [22, 18, 23, 17], [24, 9, 1, 10], [2, 11, 3, 12], [4, 13, 5, 14], [6, 20, 7, 19], [8, 15, 9, 16], [10, 5, 11, 6]]"
12a_0837_170,"[[10, 5, 11, 6], [12, 3, 13, 4], [14, 1, 15, 2], [16, 22, 17, 21], [18, 24, 19, 23], [20, 8, 21, 7], [22, 18, 23, 17], [24, 9, 1, 10], [2, 11, 3, 12], [4, 13, 5, 14], [6, 20, 7, 19], [8, 15, 9, 16]]"
12a_0837_171,"[[8, 15, 9, 16], [10, 5, 11, 6], [12, 3, 13, 4], [14, 1, 15, 2], [16, 22, 17, 21], [18, 24, 19, 23], [20, 8, 21, 7], [22, 18, 23, 17], [24, 9, 1, 10], [2, 11, 3, 12], [4, 13, 5, 14], [6, 20, 7, 19]]"
12a_0837_172,"[[6, 20, 7, 19], [8, 15, 9, 16], [10, 5, 11, 6], [12, 3, 13, 4], [14, 1, 15, 2], [16, 22, 17, 21], [18, 24, 19, 23], [20, 8, 21, 7], [22, 18, 23, 17], [24, 9, 1, 10], [2, 11, 3, 12], [4, 13, 5, 14]]"
12a_0837_173,"[[4, 13, 5, 14], [6, 20, 7, 19], [8, 15, 9, 16], [10, 5, 11, 6], [12, 3, 13, 4], [14, 1, 15, 2], [16, 22, 17, 21], [18, 24, 19, 23], [20, 8, 21, 7], [22, 18, 23, 17], [24, 9, 1, 10], [2, 11, 3, 12]]"
12a_0837_174,"[[2, 11, 3, 12], [4, 13, 5, 14], [6, 20, 7, 19], [8, 15, 9, 16], [10, 5, 11, 6], [12, 3, 13, 4], [14, 1, 15, 2], [16, 22, 17, 21], [18, 24, 19, 23], [20, 8, 21, 7], [22, 18, 23, 17], [24, 9, 1, 10]]"
12a_0837_175,"[[24, 9, 1, 10], [2, 11, 3, 12], [4, 13, 5, 14], [6, 20, 7, 19], [8, 15, 9, 16], [10, 5, 11, 6], [12, 3, 13, 4], [14, 1, 15, 2], [16, 22, 17, 21], [18, 24, 19, 23], [20, 8, 21, 7], [22, 18, 23, 17]]"
12a_0837_176,"[[22, 18, 23, 17], [24, 9, 1, 10], [2, 11, 3, 12], [4, 13, 5, 14], [6, 20, 7, 19], [8, 15, 9, 16], [10, 5, 11, 6], [12, 3, 13, 4], [14, 1, 15, 2], [16, 22, 17, 21], [18, 24, 19, 23], [20, 8, 21, 7]]"
12a_0837_177,"[[20, 8, 21, 7], [22, 18, 23, 17], [24, 9, 1, 10], [2, 11, 3, 12], [4, 13, 5, 14], [6, 20, 7, 19], [8, 15, 9, 16], [10, 5, 11, 6], [12, 3, 13, 4], [14, 1, 15, 2], [16, 22, 17, 21], [18, 24, 19, 23]]"
12a_0837_178,"[[18, 24, 19, 23], [20, 8, 21, 7], [22, 18, 23, 17], [24, 9, 1, 10], [2, 11, 3, 12], [4, 13, 5, 14], [6, 20, 7, 19], [8, 15, 9, 16], [10, 5, 11, 6], [12, 3, 13, 4], [14, 1, 15, 2], [16, 22, 17, 21]]"
12a_0837_179,"[[16, 22, 17, 21], [18, 24, 19, 23], [20, 8, 21, 7], [22, 18, 23, 17], [24, 9, 1, 10], [2, 11, 3, 12], [4, 13, 5, 14], [6, 20, 7, 19], [8, 15, 9, 16], [10, 5, 11, 6], [12, 3, 13, 4], [14, 1, 15, 2]]"
12a_0837_180,"[[15, 2, 16, 3], [17, 23, 18, 22], [19, 1, 20, 24], [21, 9, 22, 8], [23, 19, 24, 18], [1, 10, 2, 11], [3, 12, 4, 13], [5, 14, 6, 15], [7, 21, 8, 20], [9, 16, 10, 17], [11, 6, 12, 7], [13, 4, 14, 5]]"
12a_0837_181,"[[13, 4, 14, 5], [15, 2, 16, 3], [17, 23, 18, 22], [19, 1, 20, 24], [21, 9, 22, 8], [23, 19, 24, 18], [1, 10, 2, 11], [3, 12, 4, 13], [5, 14, 6, 15], [7, 21, 8, 20], [9, 16, 10, 17], [11, 6, 12, 7]]"
12a_0837_182,"[[11, 6, 12, 7], [13, 4, 14, 5], [15, 2, 16, 3], [17, 23, 18, 22], [19, 1, 20, 24], [21, 9, 22, 8], [23, 19, 24, 18], [1, 10, 2, 11], [3, 12, 4, 13], [5, 14, 6, 15], [7, 21, 8, 20], [9, 16, 10, 17]]"
12a_0837_183,"[[9, 16, 10, 17], [11, 6, 12, 7], [13, 4, 14, 5], [15, 2, 16, 3], [17, 23, 18, 22], [19, 1, 20, 24], [21, 9, 22, 8], [23, 19, 24, 18], [1, 10, 2, 11], [3, 12, 4, 13], [5, 14, 6, 15], [7, 21, 8, 20]]"
12a_0837_184,"[[7, 21, 8, 20], [9, 16, 10, 17], [11, 6, 12, 7], [13, 4, 14, 5], [15, 2, 16, 3], [17, 23, 18, 22], [19, 1, 20, 24], [21, 9, 22, 8], [23, 19, 24, 18], [1, 10, 2, 11], [3, 12, 4, 13], [5, 14, 6, 15]]"
12a_0837_185,"[[5, 14, 6, 15], [7, 21, 8, 20], [9, 16, 10, 17], [11, 6, 12, 7], [13, 4, 14, 5], [15, 2, 16, 3], [17, 23, 18, 22], [19, 1, 20, 24], [21, 9, 22, 8], [23, 19, 24, 18], [1, 10, 2, 11], [3, 12, 4, 13]]"
