name,pd_notation
12a_0843_0,"[[24, 12, 1, 11], [2, 8, 3, 7], [4, 10, 5, 9], [6, 17, 7, 18], [8, 4, 9, 3], [10, 20, 11, 19], [12, 24, 13, 23], [14, 22, 15, 21], [16, 2, 17, 1], [18, 5, 19, 6], [20, 16, 21, 15], [22, 14, 23, 13]]"
12a_0843_1,"[[22, 14, 23, 13], [24, 12, 1, 11], [2, 8, 3, 7], [4, 10, 5, 9], [6, 17, 7, 18], [8, 4, 9, 3], [10, 20, 11, 19], [12, 24, 13, 23], [14, 22, 15, 21], [16, 2, 17, 1], [18, 5, 19, 6], [20, 16, 21, 15]]"
12a_0843_2,"[[20, 16, 21, 15], [22, 14, 23, 13], [24, 12, 1, 11], [2, 8, 3, 7], [4, 10, 5, 9], [6, 17, 7, 18], [8, 4, 9, 3], [10, 20, 11, 19], [12, 24, 13, 23], [14, 22, 15, 21], [16, 2, 17, 1], [18, 5, 19, 6]]"
12a_0843_3,"[[18, 5, 19, 6], [20, 16, 21, 15], [22, 14, 23, 13], [24, 12, 1, 11], [2, 8, 3, 7], [4, 10, 5, 9], [6, 17, 7, 18], [8, 4, 9, 3], [10, 20, 11, 19], [12, 24, 13, 23], [14, 22, 15, 21], [16, 2, 17, 1]]"
12a_0843_4,"[[16, 2, 17, 1], [18, 5, 19, 6], [20, 16, 21, 15], [22, 14, 23, 13], [24, 12, 1, 11], [2, 8, 3, 7], [4, 10, 5, 9], [6, 17, 7, 18], [8, 4, 9, 3], [10, 20, 11, 19], [12, 24, 13, 23], [14, 22, 15, 21]]"
12a_0843_5,"[[14, 22, 15, 21], [16, 2, 17, 1], [18, 5, 19, 6], [20, 16, 21, 15], [22, 14, 23, 13], [24, 12, 1, 11], [2, 8, 3, 7], [4, 10, 5, 9], [6, 17, 7, 18], [8, 4, 9, 3], [10, 20, 11, 19], [12, 24, 13, 23]]"
12a_0843_6,"[[12, 24, 13, 23], [14, 22, 15, 21], [16, 2, 17, 1], [18, 5, 19, 6], [20, 16, 21, 15], [22, 14, 23, 13], [24, 12, 1, 11], [2, 8, 3, 7], [4, 10, 5, 9], [6, 17, 7, 18], [8, 4, 9, 3], [10, 20, 11, 19]]"
12a_0843_7,"[[10, 20, 11, 19], [12, 24, 13, 23], [14, 22, 15, 21], [16, 2, 17, 1], [18, 5, 19, 6], [20, 16, 21, 15], [22, 14, 23, 13], [24, 12, 1, 11], [2, 8, 3, 7], [4, 10, 5, 9], [6, 17, 7, 18], [8, 4, 9, 3]]"
12a_0843_8,"[[8, 4, 9, 3], [10, 20, 11, 19], [12, 24, 13, 23], [14, 22, 15, 21], [16, 2, 17, 1], [18, 5, 19, 6], [20, 16, 21, 15], [22, 14, 23, 13], [24, 12, 1, 11], [2, 8, 3, 7], [4, 10, 5, 9], [6, 17, 7, 18]]"
12a_0843_9,"[[6, 17, 7, 18], [8, 4, 9, 3], [10, 20, 11, 19], [12, 24, 13, 23], [14, 22, 15, 21], [16, 2, 17, 1], [18, 5, 19, 6], [20, 16, 21, 15], [22, 14, 23, 13], [24, 12, 1, 11], [2, 8, 3, 7], [4, 10, 5, 9]]"
12a_0843_10,"[[4, 10, 5, 9], [6, 17, 7, 18], [8, 4, 9, 3], [10, 20, 11, 19], [12, 24, 13, 23], [14, 22, 15, 21], [16, 2, 17, 1], [18, 5, 19, 6], [20, 16, 21, 15], [22, 14, 23, 13], [24, 12, 1, 11], [2, 8, 3, 7]]"
12a_0843_11,"[[2, 8, 3, 7], [4, 10, 5, 9], [6, 17, 7, 18], [8, 4, 9, 3], [10, 20, 11, 19], [12, 24, 13, 23], [14, 22, 15, 21], [16, 2, 17, 1], [18, 5, 19, 6], [20, 16, 21, 15], [22, 14, 23, 13], [24, 12, 1, 11]]"
12a_0843_12,"[[1, 13, 2, 12], [3, 9, 4, 8], [5, 11, 6, 10], [7, 18, 8, 19], [9, 5, 10, 4], [11, 21, 12, 20], [13, 1, 14, 24], [15, 23, 16, 22], [17, 3, 18, 2], [19, 6, 20, 7], [21, 17, 22, 16], [23, 15, 24, 14]]"
12a_0843_13,"[[23, 15, 24, 14], [1, 13, 2, 12], [3, 9, 4, 8], [5, 11, 6, 10], [7, 18, 8, 19], [9, 5, 10, 4], [11, 21, 12, 20], [13, 1, 14, 24], [15, 23, 16, 22], [17, 3, 18, 2], [19, 6, 20, 7], [21, 17, 22, 16]]"
12a_0843_14,"[[21, 17, 22, 16], [23, 15, 24, 14], [1, 13, 2, 12], [3, 9, 4, 8], [5, 11, 6, 10], [7, 18, 8, 19], [9, 5, 10, 4], [11, 21, 12, 20], [13, 1, 14, 24], [15, 23, 16, 22], [17, 3, 18, 2], [19, 6, 20, 7]]"
12a_0843_15,"[[19, 6, 20, 7], [21, 17, 22, 16], [23, 15, 24, 14], [1, 13, 2, 12], [3, 9, 4, 8], [5, 11, 6, 10], [7, 18, 8, 19], [9, 5, 10, 4], [11, 21, 12, 20], [13, 1, 14, 24], [15, 23, 16, 22], [17, 3, 18, 2]]"
12a_0843_16,"[[17, 3, 18, 2], [19, 6, 20, 7], [21, 17, 22, 16], [23, 15, 24, 14], [1, 13, 2, 12], [3, 9, 4, 8], [5, 11, 6, 10], [7, 18, 8, 19], [9, 5, 10, 4], [11, 21, 12, 20], [13, 1, 14, 24], [15, 23, 16, 22]]"
12a_0843_17,"[[15, 23, 16, 22], [17, 3, 18, 2], [19, 6, 20, 7], [21, 17, 22, 16], [23, 15, 24, 14], [1, 13, 2, 12], [3, 9, 4, 8], [5, 11, 6, 10], [7, 18, 8, 19], [9, 5, 10, 4], [11, 21, 12, 20], [13, 1, 14, 24]]"
12a_0843_18,"[[13, 1, 14, 24], [15, 23, 16, 22], [17, 3, 18, 2], [19, 6, 20, 7], [21, 17, 22, 16], [23, 15, 24, 14], [1, 13, 2, 12], [3, 9, 4, 8], [5, 11, 6, 10], [7, 18, 8, 19], [9, 5, 10, 4], [11, 21, 12, 20]]"
12a_0843_19,"[[11, 21, 12, 20], [13, 1, 14, 24], [15, 23, 16, 22], [17, 3, 18, 2], [19, 6, 20, 7], [21, 17, 22, 16], [23, 15, 24, 14], [1, 13, 2, 12], [3, 9, 4, 8], [5, 11, 6, 10], [7, 18, 8, 19], [9, 5, 10, 4]]"
12a_0843_20,"[[9, 5, 10, 4], [11, 21, 12, 20], [13, 1, 14, 24], [15, 23, 16, 22], [17, 3, 18, 2], [19, 6, 20, 7], [21, 17, 22, 16], [23, 15, 24, 14], [1, 13, 2, 12], [3, 9, 4, 8], [5, 11, 6, 10], [7, 18, 8, 19]]"
12a_0843_21,"[[7, 18, 8, 19], [9, 5, 10, 4], [11, 21, 12, 20], [13, 1, 14, 24], [15, 23, 16, 22], [17, 3, 18, 2], [19, 6, 20, 7], [21, 17, 22, 16], [23, 15, 24, 14], [1, 13, 2, 12], [3, 9, 4, 8], [5, 11, 6, 10]]"
12a_0843_22,"[[5, 11, 6, 10], [7, 18, 8, 19], [9, 5, 10, 4], [11, 21, 12, 20], [13, 1, 14, 24], [15, 23, 16, 22], [17, 3, 18, 2], [19, 6, 20, 7], [21, 17, 22, 16], [23, 15, 24, 14], [1, 13, 2, 12], [3, 9, 4, 8]]"
12a_0843_23,"[[3, 9, 4, 8], [5, 11, 6, 10], [7, 18, 8, 19], [9, 5, 10, 4], [11, 21, 12, 20], [13, 1, 14, 24], [15, 23, 16, 22], [17, 3, 18, 2], [19, 6, 20, 7], [21, 17, 22, 16], [23, 15, 24, 14], [1, 13, 2, 12]]"
12a_0843_24,"[[2, 14, 3, 13], [4, 10, 5, 9], [6, 12, 7, 11], [8, 19, 9, 20], [10, 6, 11, 5], [12, 22, 13, 21], [14, 2, 15, 1], [16, 24, 17, 23], [18, 4, 19, 3], [20, 7, 21, 8], [22, 18, 23, 17], [24, 16, 1, 15]]"
12a_0843_25,"[[24, 16, 1, 15], [2, 14, 3, 13], [4, 10, 5, 9], [6, 12, 7, 11], [8, 19, 9, 20], [10, 6, 11, 5], [12, 22, 13, 21], [14, 2, 15, 1], [16, 24, 17, 23], [18, 4, 19, 3], [20, 7, 21, 8], [22, 18, 23, 17]]"
12a_0843_26,"[[22, 18, 23, 17], [24, 16, 1, 15], [2, 14, 3, 13], [4, 10, 5, 9], [6, 12, 7, 11], [8, 19, 9, 20], [10, 6, 11, 5], [12, 22, 13, 21], [14, 2, 15, 1], [16, 24, 17, 23], [18, 4, 19, 3], [20, 7, 21, 8]]"
12a_0843_27,"[[20, 7, 21, 8], [22, 18, 23, 17], [24, 16, 1, 15], [2, 14, 3, 13], [4, 10, 5, 9], [6, 12, 7, 11], [8, 19, 9, 20], [10, 6, 11, 5], [12, 22, 13, 21], [14, 2, 15, 1], [16, 24, 17, 23], [18, 4, 19, 3]]"
12a_0843_28,"[[18, 4, 19, 3], [20, 7, 21, 8], [22, 18, 23, 17], [24, 16, 1, 15], [2, 14, 3, 13], [4, 10, 5, 9], [6, 12, 7, 11], [8, 19, 9, 20], [10, 6, 11, 5], [12, 22, 13, 21], [14, 2, 15, 1], [16, 24, 17, 23]]"
12a_0843_29,"[[16, 24, 17, 23], [18, 4, 19, 3], [20, 7, 21, 8], [22, 18, 23, 17], [24, 16, 1, 15], [2, 14, 3, 13], [4, 10, 5, 9], [6, 12, 7, 11], [8, 19, 9, 20], [10, 6, 11, 5], [12, 22, 13, 21], [14, 2, 15, 1]]"
12a_0843_30,"[[14, 2, 15, 1], [16, 24, 17, 23], [18, 4, 19, 3], [20, 7, 21, 8], [22, 18, 23, 17], [24, 16, 1, 15], [2, 14, 3, 13], [4, 10, 5, 9], [6, 12, 7, 11], [8, 19, 9, 20], [10, 6, 11, 5], [12, 22, 13, 21]]"
12a_0843_31,"[[12, 22, 13, 21], [14, 2, 15, 1], [16, 24, 17, 23], [18, 4, 19, 3], [20, 7, 21, 8], [22, 18, 23, 17], [24, 16, 1, 15], [2, 14, 3, 13], [4, 10, 5, 9], [6, 12, 7, 11], [8, 19, 9, 20], [10, 6, 11, 5]]"
12a_0843_32,"[[10, 6, 11, 5], [12, 22, 13, 21], [14, 2, 15, 1], [16, 24, 17, 23], [18, 4, 19, 3], [20, 7, 21, 8], [22, 18, 23, 17], [24, 16, 1, 15], [2, 14, 3, 13], [4, 10, 5, 9], [6, 12, 7, 11], [8, 19, 9, 20]]"
12a_0843_33,"[[8, 19, 9, 20], [10, 6, 11, 5], [12, 22, 13, 21], [14, 2, 15, 1], [16, 24, 17, 23], [18, 4, 19, 3], [20, 7, 21, 8], [22, 18, 23, 17], [24, 16, 1, 15], [2, 14, 3, 13], [4, 10, 5, 9], [6, 12, 7, 11]]"
12a_0843_34,"[[6, 12, 7, 11], [8, 19, 9, 20], [10, 6, 11, 5], [12, 22, 13, 21], [14, 2, 15, 1], [16, 24, 17, 23], [18, 4, 19, 3], [20, 7, 21, 8], [22, 18, 23, 17], [24, 16, 1, 15], [2, 14, 3, 13], [4, 10, 5, 9]]"
12a_0843_35,"[[4, 10, 5, 9], [6, 12, 7, 11], [8, 19, 9, 20], [10, 6, 11, 5], [12, 22, 13, 21], [14, 2, 15, 1], [16, 24, 17, 23], [18, 4, 19, 3], [20, 7, 21, 8], [22, 18, 23, 17], [24, 16, 1, 15], [2, 14, 3, 13]]"
12a_0843_36,"[[3, 15, 4, 14], [5, 11, 6, 10], [7, 13, 8, 12], [9, 20, 10, 21], [11, 7, 12, 6], [13, 23, 14, 22], [15, 3, 16, 2], [17, 1, 18, 24], [19, 5, 20, 4], [21, 8, 22, 9], [23, 19, 24, 18], [1, 17, 2, 16]]"
12a_0843_37,"[[1, 17, 2, 16], [3, 15, 4, 14], [5, 11, 6, 10], [7, 13, 8, 12], [9, 20, 10, 21], [11, 7, 12, 6], [13, 23, 14, 22], [15, 3, 16, 2], [17, 1, 18, 24], [19, 5, 20, 4], [21, 8, 22, 9], [23, 19, 24, 18]]"
12a_0843_38,"[[23, 19, 24, 18], [1, 17, 2, 16], [3, 15, 4, 14], [5, 11, 6, 10], [7, 13, 8, 12], [9, 20, 10, 21], [11, 7, 12, 6], [13, 23, 14, 22], [15, 3, 16, 2], [17, 1, 18, 24], [19, 5, 20, 4], [21, 8, 22, 9]]"
12a_0843_39,"[[21, 8, 22, 9], [23, 19, 24, 18], [1, 17, 2, 16], [3, 15, 4, 14], [5, 11, 6, 10], [7, 13, 8, 12], [9, 20, 10, 21], [11, 7, 12, 6], [13, 23, 14, 22], [15, 3, 16, 2], [17, 1, 18, 24], [19, 5, 20, 4]]"
12a_0843_40,"[[19, 5, 20, 4], [21, 8, 22, 9], [23, 19, 24, 18], [1, 17, 2, 16], [3, 15, 4, 14], [5, 11, 6, 10], [7, 13, 8, 12], [9, 20, 10, 21], [11, 7, 12, 6], [13, 23, 14, 22], [15, 3, 16, 2], [17, 1, 18, 24]]"
12a_0843_41,"[[17, 1, 18, 24], [19, 5, 20, 4], [21, 8, 22, 9], [23, 19, 24, 18], [1, 17, 2, 16], [3, 15, 4, 14], [5, 11, 6, 10], [7, 13, 8, 12], [9, 20, 10, 21], [11, 7, 12, 6], [13, 23, 14, 22], [15, 3, 16, 2]]"
12a_0843_42,"[[15, 3, 16, 2], [17, 1, 18, 24], [19, 5, 20, 4], [21, 8, 22, 9], [23, 19, 24, 18], [1, 17, 2, 16], [3, 15, 4, 14], [5, 11, 6, 10], [7, 13, 8, 12], [9, 20, 10, 21], [11, 7, 12, 6], [13, 23, 14, 22]]"
12a_0843_43,"[[13, 23, 14, 22], [15, 3, 16, 2], [17, 1, 18, 24], [19, 5, 20, 4], [21, 8, 22, 9], [23, 19, 24, 18], [1, 17, 2, 16], [3, 15, 4, 14], [5, 11, 6, 10], [7, 13, 8, 12], [9, 20, 10, 21], [11, 7, 12, 6]]"
12a_0843_44,"[[11, 7, 12, 6], [13, 23, 14, 22], [15, 3, 16, 2], [17, 1, 18, 24], [19, 5, 20, 4], [21, 8, 22, 9], [23, 19, 24, 18], [1, 17, 2, 16], [3, 15, 4, 14], [5, 11, 6, 10], [7, 13, 8, 12], [9, 20, 10, 21]]"
12a_0843_45,"[[9, 20, 10, 21], [11, 7, 12, 6], [13, 23, 14, 22], [15, 3, 16, 2], [17, 1, 18, 24], [19, 5, 20, 4], [21, 8, 22, 9], [23, 19, 24, 18], [1, 17, 2, 16], [3, 15, 4, 14], [5, 11, 6, 10], [7, 13, 8, 12]]"
12a_0843_46,"[[7, 13, 8, 12], [9, 20, 10, 21], [11, 7, 12, 6], [13, 23, 14, 22], [15, 3, 16, 2], [17, 1, 18, 24], [19, 5, 20, 4], [21, 8, 22, 9], [23, 19, 24, 18], [1, 17, 2, 16], [3, 15, 4, 14], [5, 11, 6, 10]]"
12a_0843_47,"[[5, 11, 6, 10], [7, 13, 8, 12], [9, 20, 10, 21], [11, 7, 12, 6], [13, 23, 14, 22], [15, 3, 16, 2], [17, 1, 18, 24], [19, 5, 20, 4], [21, 8, 22, 9], [23, 19, 24, 18], [1, 17, 2, 16], [3, 15, 4, 14]]"
12a_0843_48,"[[4, 16, 5, 15], [6, 12, 7, 11], [8, 14, 9, 13], [10, 21, 11, 22], [12, 8, 13, 7], [14, 24, 15, 23], [16, 4, 17, 3], [18, 2, 19, 1], [20, 6, 21, 5], [22, 9, 23, 10], [24, 20, 1, 19], [2, 18, 3, 17]]"
12a_0843_49,"[[2, 18, 3, 17], [4, 16, 5, 15], [6, 12, 7, 11], [8, 14, 9, 13], [10, 21, 11, 22], [12, 8, 13, 7], [14, 24, 15, 23], [16, 4, 17, 3], [18, 2, 19, 1], [20, 6, 21, 5], [22, 9, 23, 10], [24, 20, 1, 19]]"
12a_0843_50,"[[24, 20, 1, 19], [2, 18, 3, 17], [4, 16, 5, 15], [6, 12, 7, 11], [8, 14, 9, 13], [10, 21, 11, 22], [12, 8, 13, 7], [14, 24, 15, 23], [16, 4, 17, 3], [18, 2, 19, 1], [20, 6, 21, 5], [22, 9, 23, 10]]"
12a_0843_51,"[[22, 9, 23, 10], [24, 20, 1, 19], [2, 18, 3, 17], [4, 16, 5, 15], [6, 12, 7, 11], [8, 14, 9, 13], [10, 21, 11, 22], [12, 8, 13, 7], [14, 24, 15, 23], [16, 4, 17, 3], [18, 2, 19, 1], [20, 6, 21, 5]]"
12a_0843_52,"[[20, 6, 21, 5], [22, 9, 23, 10], [24, 20, 1, 19], [2, 18, 3, 17], [4, 16, 5, 15], [6, 12, 7, 11], [8, 14, 9, 13], [10, 21, 11, 22], [12, 8, 13, 7], [14, 24, 15, 23], [16, 4, 17, 3], [18, 2, 19, 1]]"
12a_0843_53,"[[18, 2, 19, 1], [20, 6, 21, 5], [22, 9, 23, 10], [24, 20, 1, 19], [2, 18, 3, 17], [4, 16, 5, 15], [6, 12, 7, 11], [8, 14, 9, 13], [10, 21, 11, 22], [12, 8, 13, 7], [14, 24, 15, 23], [16, 4, 17, 3]]"
12a_0843_54,"[[16, 4, 17, 3], [18, 2, 19, 1], [20, 6, 21, 5], [22, 9, 23, 10], [24, 20, 1, 19], [2, 18, 3, 17], [4, 16, 5, 15], [6, 12, 7, 11], [8, 14, 9, 13], [10, 21, 11, 22], [12, 8, 13, 7], [14, 24, 15, 23]]"
12a_0843_55,"[[14, 24, 15, 23], [16, 4, 17, 3], [18, 2, 19, 1], [20, 6, 21, 5], [22, 9, 23, 10], [24, 20, 1, 19], [2, 18, 3, 17], [4, 16, 5, 15], [6, 12, 7, 11], [8, 14, 9, 13], [10, 21, 11, 22], [12, 8, 13, 7]]"
12a_0843_56,"[[12, 8, 13, 7], [14, 24, 15, 23], [16, 4, 17, 3], [18, 2, 19, 1], [20, 6, 21, 5], [22, 9, 23, 10], [24, 20, 1, 19], [2, 18, 3, 17], [4, 16, 5, 15], [6, 12, 7, 11], [8, 14, 9, 13], [10, 21, 11, 22]]"
12a_0843_57,"[[10, 21, 11, 22], [12, 8, 13, 7], [14, 24, 15, 23], [16, 4, 17, 3], [18, 2, 19, 1], [20, 6, 21, 5], [22, 9, 23, 10], [24, 20, 1, 19], [2, 18, 3, 17], [4, 16, 5, 15], [6, 12, 7, 11], [8, 14, 9, 13]]"
12a_0843_58,"[[8, 14, 9, 13], [10, 21, 11, 22], [12, 8, 13, 7], [14, 24, 15, 23], [16, 4, 17, 3], [18, 2, 19, 1], [20, 6, 21, 5], [22, 9, 23, 10], [24, 20, 1, 19], [2, 18, 3, 17], [4, 16, 5, 15], [6, 12, 7, 11]]"
12a_0843_59,"[[6, 12, 7, 11], [8, 14, 9, 13], [10, 21, 11, 22], [12, 8, 13, 7], [14, 24, 15, 23], [16, 4, 17, 3], [18, 2, 19, 1], [20, 6, 21, 5], [22, 9, 23, 10], [24, 20, 1, 19], [2, 18, 3, 17], [4, 16, 5, 15]]"
12a_0843_60,"[[5, 17, 6, 16], [7, 13, 8, 12], [9, 15, 10, 14], [11, 22, 12, 23], [13, 9, 14, 8], [15, 1, 16, 24], [17, 5, 18, 4], [19, 3, 20, 2], [21, 7, 22, 6], [23, 10, 24, 11], [1, 21, 2, 20], [3, 19, 4, 18]]"
12a_0843_61,"[[3, 19, 4, 18], [5, 17, 6, 16], [7, 13, 8, 12], [9, 15, 10, 14], [11, 22, 12, 23], [13, 9, 14, 8], [15, 1, 16, 24], [17, 5, 18, 4], [19, 3, 20, 2], [21, 7, 22, 6], [23, 10, 24, 11], [1, 21, 2, 20]]"
12a_0843_62,"[[1, 21, 2, 20], [3, 19, 4, 18], [5, 17, 6, 16], [7, 13, 8, 12], [9, 15, 10, 14], [11, 22, 12, 23], [13, 9, 14, 8], [15, 1, 16, 24], [17, 5, 18, 4], [19, 3, 20, 2], [21, 7, 22, 6], [23, 10, 24, 11]]"
12a_0843_63,"[[23, 10, 24, 11], [1, 21, 2, 20], [3, 19, 4, 18], [5, 17, 6, 16], [7, 13, 8, 12], [9, 15, 10, 14], [11, 22, 12, 23], [13, 9, 14, 8], [15, 1, 16, 24], [17, 5, 18, 4], [19, 3, 20, 2], [21, 7, 22, 6]]"
12a_0843_64,"[[21, 7, 22, 6], [23, 10, 24, 11], [1, 21, 2, 20], [3, 19, 4, 18], [5, 17, 6, 16], [7, 13, 8, 12], [9, 15, 10, 14], [11, 22, 12, 23], [13, 9, 14, 8], [15, 1, 16, 24], [17, 5, 18, 4], [19, 3, 20, 2]]"
12a_0843_65,"[[19, 3, 20, 2], [21, 7, 22, 6], [23, 10, 24, 11], [1, 21, 2, 20], [3, 19, 4, 18], [5, 17, 6, 16], [7, 13, 8, 12], [9, 15, 10, 14], [11, 22, 12, 23], [13, 9, 14, 8], [15, 1, 16, 24], [17, 5, 18, 4]]"
12a_0843_66,"[[17, 5, 18, 4], [19, 3, 20, 2], [21, 7, 22, 6], [23, 10, 24, 11], [1, 21, 2, 20], [3, 19, 4, 18], [5, 17, 6, 16], [7, 13, 8, 12], [9, 15, 10, 14], [11, 22, 12, 23], [13, 9, 14, 8], [15, 1, 16, 24]]"
12a_0843_67,"[[15, 1, 16, 24], [17, 5, 18, 4], [19, 3, 20, 2], [21, 7, 22, 6], [23, 10, 24, 11], [1, 21, 2, 20], [3, 19, 4, 18], [5, 17, 6, 16], [7, 13, 8, 12], [9, 15, 10, 14], [11, 22, 12, 23], [13, 9, 14, 8]]"
12a_0843_68,"[[13, 9, 14, 8], [15, 1, 16, 24], [17, 5, 18, 4], [19, 3, 20, 2], [21, 7, 22, 6], [23, 10, 24, 11], [1, 21, 2, 20], [3, 19, 4, 18], [5, 17, 6, 16], [7, 13, 8, 12], [9, 15, 10, 14], [11, 22, 12, 23]]"
12a_0843_69,"[[11, 22, 12, 23], [13, 9, 14, 8], [15, 1, 16, 24], [17, 5, 18, 4], [19, 3, 20, 2], [21, 7, 22, 6], [23, 10, 24, 11], [1, 21, 2, 20], [3, 19, 4, 18], [5, 17, 6, 16], [7, 13, 8, 12], [9, 15, 10, 14]]"
12a_0843_70,"[[9, 15, 10, 14], [11, 22, 12, 23], [13, 9, 14, 8], [15, 1, 16, 24], [17, 5, 18, 4], [19, 3, 20, 2], [21, 7, 22, 6], [23, 10, 24, 11], [1, 21, 2, 20], [3, 19, 4, 18], [5, 17, 6, 16], [7, 13, 8, 12]]"
12a_0843_71,"[[7, 13, 8, 12], [9, 15, 10, 14], [11, 22, 12, 23], [13, 9, 14, 8], [15, 1, 16, 24], [17, 5, 18, 4], [19, 3, 20, 2], [21, 7, 22, 6], [23, 10, 24, 11], [1, 21, 2, 20], [3, 19, 4, 18], [5, 17, 6, 16]]"
12a_0843_72,"[[6, 18, 7, 17], [8, 14, 9, 13], [10, 16, 11, 15], [12, 23, 13, 24], [14, 10, 15, 9], [16, 2, 17, 1], [18, 6, 19, 5], [20, 4, 21, 3], [22, 8, 23, 7], [24, 11, 1, 12], [2, 22, 3, 21], [4, 20, 5, 19]]"
12a_0843_73,"[[4, 20, 5, 19], [6, 18, 7, 17], [8, 14, 9, 13], [10, 16, 11, 15], [12, 23, 13, 24], [14, 10, 15, 9], [16, 2, 17, 1], [18, 6, 19, 5], [20, 4, 21, 3], [22, 8, 23, 7], [24, 11, 1, 12], [2, 22, 3, 21]]"
12a_0843_74,"[[2, 22, 3, 21], [4, 20, 5, 19], [6, 18, 7, 17], [8, 14, 9, 13], [10, 16, 11, 15], [12, 23, 13, 24], [14, 10, 15, 9], [16, 2, 17, 1], [18, 6, 19, 5], [20, 4, 21, 3], [22, 8, 23, 7], [24, 11, 1, 12]]"
12a_0843_75,"[[24, 11, 1, 12], [2, 22, 3, 21], [4, 20, 5, 19], [6, 18, 7, 17], [8, 14, 9, 13], [10, 16, 11, 15], [12, 23, 13, 24], [14, 10, 15, 9], [16, 2, 17, 1], [18, 6, 19, 5], [20, 4, 21, 3], [22, 8, 23, 7]]"
12a_0843_76,"[[22, 8, 23, 7], [24, 11, 1, 12], [2, 22, 3, 21], [4, 20, 5, 19], [6, 18, 7, 17], [8, 14, 9, 13], [10, 16, 11, 15], [12, 23, 13, 24], [14, 10, 15, 9], [16, 2, 17, 1], [18, 6, 19, 5], [20, 4, 21, 3]]"
12a_0843_77,"[[20, 4, 21, 3], [22, 8, 23, 7], [24, 11, 1, 12], [2, 22, 3, 21], [4, 20, 5, 19], [6, 18, 7, 17], [8, 14, 9, 13], [10, 16, 11, 15], [12, 23, 13, 24], [14, 10, 15, 9], [16, 2, 17, 1], [18, 6, 19, 5]]"
12a_0843_78,"[[18, 6, 19, 5], [20, 4, 21, 3], [22, 8, 23, 7], [24, 11, 1, 12], [2, 22, 3, 21], [4, 20, 5, 19], [6, 18, 7, 17], [8, 14, 9, 13], [10, 16, 11, 15], [12, 23, 13, 24], [14, 10, 15, 9], [16, 2, 17, 1]]"
12a_0843_79,"[[16, 2, 17, 1], [18, 6, 19, 5], [20, 4, 21, 3], [22, 8, 23, 7], [24, 11, 1, 12], [2, 22, 3, 21], [4, 20, 5, 19], [6, 18, 7, 17], [8, 14, 9, 13], [10, 16, 11, 15], [12, 23, 13, 24], [14, 10, 15, 9]]"
12a_0843_80,"[[14, 10, 15, 9], [16, 2, 17, 1], [18, 6, 19, 5], [20, 4, 21, 3], [22, 8, 23, 7], [24, 11, 1, 12], [2, 22, 3, 21], [4, 20, 5, 19], [6, 18, 7, 17], [8, 14, 9, 13], [10, 16, 11, 15], [12, 23, 13, 24]]"
12a_0843_81,"[[12, 23, 13, 24], [14, 10, 15, 9], [16, 2, 17, 1], [18, 6, 19, 5], [20, 4, 21, 3], [22, 8, 23, 7], [24, 11, 1, 12], [2, 22, 3, 21], [4, 20, 5, 19], [6, 18, 7, 17], [8, 14, 9, 13], [10, 16, 11, 15]]"
12a_0843_82,"[[10, 16, 11, 15], [12, 23, 13, 24], [14, 10, 15, 9], [16, 2, 17, 1], [18, 6, 19, 5], [20, 4, 21, 3], [22, 8, 23, 7], [24, 11, 1, 12], [2, 22, 3, 21], [4, 20, 5, 19], [6, 18, 7, 17], [8, 14, 9, 13]]"
12a_0843_83,"[[8, 14, 9, 13], [10, 16, 11, 15], [12, 23, 13, 24], [14, 10, 15, 9], [16, 2, 17, 1], [18, 6, 19, 5], [20, 4, 21, 3], [22, 8, 23, 7], [24, 11, 1, 12], [2, 22, 3, 21], [4, 20, 5, 19], [6, 18, 7, 17]]"
12a_0843_84,"[[7, 19, 8, 18], [9, 15, 10, 14], [11, 17, 12, 16], [13, 24, 14, 1], [15, 11, 16, 10], [17, 3, 18, 2], [19, 7, 20, 6], [21, 5, 22, 4], [23, 9, 24, 8], [1, 12, 2, 13], [3, 23, 4, 22], [5, 21, 6, 20]]"
12a_0843_85,"[[5, 21, 6, 20], [7, 19, 8, 18], [9, 15, 10, 14], [11, 17, 12, 16], [13, 24, 14, 1], [15, 11, 16, 10], [17, 3, 18, 2], [19, 7, 20, 6], [21, 5, 22, 4], [23, 9, 24, 8], [1, 12, 2, 13], [3, 23, 4, 22]]"
12a_0843_86,"[[3, 23, 4, 22], [5, 21, 6, 20], [7, 19, 8, 18], [9, 15, 10, 14], [11, 17, 12, 16], [13, 24, 14, 1], [15, 11, 16, 10], [17, 3, 18, 2], [19, 7, 20, 6], [21, 5, 22, 4], [23, 9, 24, 8], [1, 12, 2, 13]]"
12a_0843_87,"[[1, 12, 2, 13], [3, 23, 4, 22], [5, 21, 6, 20], [7, 19, 8, 18], [9, 15, 10, 14], [11, 17, 12, 16], [13, 24, 14, 1], [15, 11, 16, 10], [17, 3, 18, 2], [19, 7, 20, 6], [21, 5, 22, 4], [23, 9, 24, 8]]"
12a_0843_88,"[[23, 9, 24, 8], [1, 12, 2, 13], [3, 23, 4, 22], [5, 21, 6, 20], [7, 19, 8, 18], [9, 15, 10, 14], [11, 17, 12, 16], [13, 24, 14, 1], [15, 11, 16, 10], [17, 3, 18, 2], [19, 7, 20, 6], [21, 5, 22, 4]]"
12a_0843_89,"[[21, 5, 22, 4], [23, 9, 24, 8], [1, 12, 2, 13], [3, 23, 4, 22], [5, 21, 6, 20], [7, 19, 8, 18], [9, 15, 10, 14], [11, 17, 12, 16], [13, 24, 14, 1], [15, 11, 16, 10], [17, 3, 18, 2], [19, 7, 20, 6]]"
12a_0843_90,"[[19, 7, 20, 6], [21, 5, 22, 4], [23, 9, 24, 8], [1, 12, 2, 13], [3, 23, 4, 22], [5, 21, 6, 20], [7, 19, 8, 18], [9, 15, 10, 14], [11, 17, 12, 16], [13, 24, 14, 1], [15, 11, 16, 10], [17, 3, 18, 2]]"
12a_0843_91,"[[17, 3, 18, 2], [19, 7, 20, 6], [21, 5, 22, 4], [23, 9, 24, 8], [1, 12, 2, 13], [3, 23, 4, 22], [5, 21, 6, 20], [7, 19, 8, 18], [9, 15, 10, 14], [11, 17, 12, 16], [13, 24, 14, 1], [15, 11, 16, 10]]"
12a_0843_92,"[[15, 11, 16, 10], [17, 3, 18, 2], [19, 7, 20, 6], [21, 5, 22, 4], [23, 9, 24, 8], [1, 12, 2, 13], [3, 23, 4, 22], [5, 21, 6, 20], [7, 19, 8, 18], [9, 15, 10, 14], [11, 17, 12, 16], [13, 24, 14, 1]]"
12a_0843_93,"[[13, 24, 14, 1], [15, 11, 16, 10], [17, 3, 18, 2], [19, 7, 20, 6], [21, 5, 22, 4], [23, 9, 24, 8], [1, 12, 2, 13], [3, 23, 4, 22], [5, 21, 6, 20], [7, 19, 8, 18], [9, 15, 10, 14], [11, 17, 12, 16]]"
12a_0843_94,"[[11, 17, 12, 16], [13, 24, 14, 1], [15, 11, 16, 10], [17, 3, 18, 2], [19, 7, 20, 6], [21, 5, 22, 4], [23, 9, 24, 8], [1, 12, 2, 13], [3, 23, 4, 22], [5, 21, 6, 20], [7, 19, 8, 18], [9, 15, 10, 14]]"
12a_0843_95,"[[9, 15, 10, 14], [11, 17, 12, 16], [13, 24, 14, 1], [15, 11, 16, 10], [17, 3, 18, 2], [19, 7, 20, 6], [21, 5, 22, 4], [23, 9, 24, 8], [1, 12, 2, 13], [3, 23, 4, 22], [5, 21, 6, 20], [7, 19, 8, 18]]"
12a_0843_96,"[[8, 20, 9, 19], [10, 16, 11, 15], [12, 18, 13, 17], [14, 1, 15, 2], [16, 12, 17, 11], [18, 4, 19, 3], [20, 8, 21, 7], [22, 6, 23, 5], [24, 10, 1, 9], [2, 13, 3, 14], [4, 24, 5, 23], [6, 22, 7, 21]]"
12a_0843_97,"[[6, 22, 7, 21], [8, 20, 9, 19], [10, 16, 11, 15], [12, 18, 13, 17], [14, 1, 15, 2], [16, 12, 17, 11], [18, 4, 19, 3], [20, 8, 21, 7], [22, 6, 23, 5], [24, 10, 1, 9], [2, 13, 3, 14], [4, 24, 5, 23]]"
12a_0843_98,"[[4, 24, 5, 23], [6, 22, 7, 21], [8, 20, 9, 19], [10, 16, 11, 15], [12, 18, 13, 17], [14, 1, 15, 2], [16, 12, 17, 11], [18, 4, 19, 3], [20, 8, 21, 7], [22, 6, 23, 5], [24, 10, 1, 9], [2, 13, 3, 14]]"
12a_0843_99,"[[2, 13, 3, 14], [4, 24, 5, 23], [6, 22, 7, 21], [8, 20, 9, 19], [10, 16, 11, 15], [12, 18, 13, 17], [14, 1, 15, 2], [16, 12, 17, 11], [18, 4, 19, 3], [20, 8, 21, 7], [22, 6, 23, 5], [24, 10, 1, 9]]"
12a_0843_100,"[[24, 10, 1, 9], [2, 13, 3, 14], [4, 24, 5, 23], [6, 22, 7, 21], [8, 20, 9, 19], [10, 16, 11, 15], [12, 18, 13, 17], [14, 1, 15, 2], [16, 12, 17, 11], [18, 4, 19, 3], [20, 8, 21, 7], [22, 6, 23, 5]]"
12a_0843_101,"[[22, 6, 23, 5], [24, 10, 1, 9], [2, 13, 3, 14], [4, 24, 5, 23], [6, 22, 7, 21], [8, 20, 9, 19], [10, 16, 11, 15], [12, 18, 13, 17], [14, 1, 15, 2], [16, 12, 17, 11], [18, 4, 19, 3], [20, 8, 21, 7]]"
12a_0843_102,"[[20, 8, 21, 7], [22, 6, 23, 5], [24, 10, 1, 9], [2, 13, 3, 14], [4, 24, 5, 23], [6, 22, 7, 21], [8, 20, 9, 19], [10, 16, 11, 15], [12, 18, 13, 17], [14, 1, 15, 2], [16, 12, 17, 11], [18, 4, 19, 3]]"
12a_0843_103,"[[18, 4, 19, 3], [20, 8, 21, 7], [22, 6, 23, 5], [24, 10, 1, 9], [2, 13, 3, 14], [4, 24, 5, 23], [6, 22, 7, 21], [8, 20, 9, 19], [10, 16, 11, 15], [12, 18, 13, 17], [14, 1, 15, 2], [16, 12, 17, 11]]"
12a_0843_104,"[[16, 12, 17, 11], [18, 4, 19, 3], [20, 8, 21, 7], [22, 6, 23, 5], [24, 10, 1, 9], [2, 13, 3, 14], [4, 24, 5, 23], [6, 22, 7, 21], [8, 20, 9, 19], [10, 16, 11, 15], [12, 18, 13, 17], [14, 1, 15, 2]]"
12a_0843_105,"[[14, 1, 15, 2], [16, 12, 17, 11], [18, 4, 19, 3], [20, 8, 21, 7], [22, 6, 23, 5], [24, 10, 1, 9], [2, 13, 3, 14], [4, 24, 5, 23], [6, 22, 7, 21], [8, 20, 9, 19], [10, 16, 11, 15], [12, 18, 13, 17]]"
12a_0843_106,"[[12, 18, 13, 17], [14, 1, 15, 2], [16, 12, 17, 11], [18, 4, 19, 3], [20, 8, 21, 7], [22, 6, 23, 5], [24, 10, 1, 9], [2, 13, 3, 14], [4, 24, 5, 23], [6, 22, 7, 21], [8, 20, 9, 19], [10, 16, 11, 15]]"
12a_0843_107,"[[10, 16, 11, 15], [12, 18, 13, 17], [14, 1, 15, 2], [16, 12, 17, 11], [18, 4, 19, 3], [20, 8, 21, 7], [22, 6, 23, 5], [24, 10, 1, 9], [2, 13, 3, 14], [4, 24, 5, 23], [6, 22, 7, 21], [8, 20, 9, 19]]"
12a_0843_108,"[[9, 21, 10, 20], [11, 17, 12, 16], [13, 19, 14, 18], [15, 2, 16, 3], [17, 13, 18, 12], [19, 5, 20, 4], [21, 9, 22, 8], [23, 7, 24, 6], [1, 11, 2, 10], [3, 14, 4, 15], [5, 1, 6, 24], [7, 23, 8, 22]]"
12a_0843_109,"[[7, 23, 8, 22], [9, 21, 10, 20], [11, 17, 12, 16], [13, 19, 14, 18], [15, 2, 16, 3], [17, 13, 18, 12], [19, 5, 20, 4], [21, 9, 22, 8], [23, 7, 24, 6], [1, 11, 2, 10], [3, 14, 4, 15], [5, 1, 6, 24]]"
12a_0843_110,"[[5, 1, 6, 24], [7, 23, 8, 22], [9, 21, 10, 20], [11, 17, 12, 16], [13, 19, 14, 18], [15, 2, 16, 3], [17, 13, 18, 12], [19, 5, 20, 4], [21, 9, 22, 8], [23, 7, 24, 6], [1, 11, 2, 10], [3, 14, 4, 15]]"
12a_0843_111,"[[3, 14, 4, 15], [5, 1, 6, 24], [7, 23, 8, 22], [9, 21, 10, 20], [11, 17, 12, 16], [13, 19, 14, 18], [15, 2, 16, 3], [17, 13, 18, 12], [19, 5, 20, 4], [21, 9, 22, 8], [23, 7, 24, 6], [1, 11, 2, 10]]"
12a_0843_112,"[[1, 11, 2, 10], [3, 14, 4, 15], [5, 1, 6, 24], [7, 23, 8, 22], [9, 21, 10, 20], [11, 17, 12, 16], [13, 19, 14, 18], [15, 2, 16, 3], [17, 13, 18, 12], [19, 5, 20, 4], [21, 9, 22, 8], [23, 7, 24, 6]]"
12a_0843_113,"[[23, 7, 24, 6], [1, 11, 2, 10], [3, 14, 4, 15], [5, 1, 6, 24], [7, 23, 8, 22], [9, 21, 10, 20], [11, 17, 12, 16], [13, 19, 14, 18], [15, 2, 16, 3], [17, 13, 18, 12], [19, 5, 20, 4], [21, 9, 22, 8]]"
12a_0843_114,"[[21, 9, 22, 8], [23, 7, 24, 6], [1, 11, 2, 10], [3, 14, 4, 15], [5, 1, 6, 24], [7, 23, 8, 22], [9, 21, 10, 20], [11, 17, 12, 16], [13, 19, 14, 18], [15, 2, 16, 3], [17, 13, 18, 12], [19, 5, 20, 4]]"
12a_0843_115,"[[19, 5, 20, 4], [21, 9, 22, 8], [23, 7, 24, 6], [1, 11, 2, 10], [3, 14, 4, 15], [5, 1, 6, 24], [7, 23, 8, 22], [9, 21, 10, 20], [11, 17, 12, 16], [13, 19, 14, 18], [15, 2, 16, 3], [17, 13, 18, 12]]"
12a_0843_116,"[[17, 13, 18, 12], [19, 5, 20, 4], [21, 9, 22, 8], [23, 7, 24, 6], [1, 11, 2, 10], [3, 14, 4, 15], [5, 1, 6, 24], [7, 23, 8, 22], [9, 21, 10, 20], [11, 17, 12, 16], [13, 19, 14, 18], [15, 2, 16, 3]]"
12a_0843_117,"[[15, 2, 16, 3], [17, 13, 18, 12], [19, 5, 20, 4], [21, 9, 22, 8], [23, 7, 24, 6], [1, 11, 2, 10], [3, 14, 4, 15], [5, 1, 6, 24], [7, 23, 8, 22], [9, 21, 10, 20], [11, 17, 12, 16], [13, 19, 14, 18]]"
12a_0843_118,"[[13, 19, 14, 18], [15, 2, 16, 3], [17, 13, 18, 12], [19, 5, 20, 4], [21, 9, 22, 8], [23, 7, 24, 6], [1, 11, 2, 10], [3, 14, 4, 15], [5, 1, 6, 24], [7, 23, 8, 22], [9, 21, 10, 20], [11, 17, 12, 16]]"
12a_0843_119,"[[11, 17, 12, 16], [13, 19, 14, 18], [15, 2, 16, 3], [17, 13, 18, 12], [19, 5, 20, 4], [21, 9, 22, 8], [23, 7, 24, 6], [1, 11, 2, 10], [3, 14, 4, 15], [5, 1, 6, 24], [7, 23, 8, 22], [9, 21, 10, 20]]"
12a_0843_120,"[[10, 22, 11, 21], [12, 18, 13, 17], [14, 20, 15, 19], [16, 3, 17, 4], [18, 14, 19, 13], [20, 6, 21, 5], [22, 10, 23, 9], [24, 8, 1, 7], [2, 12, 3, 11], [4, 15, 5, 16], [6, 2, 7, 1], [8, 24, 9, 23]]"
12a_0843_121,"[[8, 24, 9, 23], [10, 22, 11, 21], [12, 18, 13, 17], [14, 20, 15, 19], [16, 3, 17, 4], [18, 14, 19, 13], [20, 6, 21, 5], [22, 10, 23, 9], [24, 8, 1, 7], [2, 12, 3, 11], [4, 15, 5, 16], [6, 2, 7, 1]]"
12a_0843_122,"[[6, 2, 7, 1], [8, 24, 9, 23], [10, 22, 11, 21], [12, 18, 13, 17], [14, 20, 15, 19], [16, 3, 17, 4], [18, 14, 19, 13], [20, 6, 21, 5], [22, 10, 23, 9], [24, 8, 1, 7], [2, 12, 3, 11], [4, 15, 5, 16]]"
12a_0843_123,"[[4, 15, 5, 16], [6, 2, 7, 1], [8, 24, 9, 23], [10, 22, 11, 21], [12, 18, 13, 17], [14, 20, 15, 19], [16, 3, 17, 4], [18, 14, 19, 13], [20, 6, 21, 5], [22, 10, 23, 9], [24, 8, 1, 7], [2, 12, 3, 11]]"
12a_0843_124,"[[2, 12, 3, 11], [4, 15, 5, 16], [6, 2, 7, 1], [8, 24, 9, 23], [10, 22, 11, 21], [12, 18, 13, 17], [14, 20, 15, 19], [16, 3, 17, 4], [18, 14, 19, 13], [20, 6, 21, 5], [22, 10, 23, 9], [24, 8, 1, 7]]"
12a_0843_125,"[[24, 8, 1, 7], [2, 12, 3, 11], [4, 15, 5, 16], [6, 2, 7, 1], [8, 24, 9, 23], [10, 22, 11, 21], [12, 18, 13, 17], [14, 20, 15, 19], [16, 3, 17, 4], [18, 14, 19, 13], [20, 6, 21, 5], [22, 10, 23, 9]]"
12a_0843_126,"[[22, 10, 23, 9], [24, 8, 1, 7], [2, 12, 3, 11], [4, 15, 5, 16], [6, 2, 7, 1], [8, 24, 9, 23], [10, 22, 11, 21], [12, 18, 13, 17], [14, 20, 15, 19], [16, 3, 17, 4], [18, 14, 19, 13], [20, 6, 21, 5]]"
12a_0843_127,"[[20, 6, 21, 5], [22, 10, 23, 9], [24, 8, 1, 7], [2, 12, 3, 11], [4, 15, 5, 16], [6, 2, 7, 1], [8, 24, 9, 23], [10, 22, 11, 21], [12, 18, 13, 17], [14, 20, 15, 19], [16, 3, 17, 4], [18, 14, 19, 13]]"
12a_0843_128,"[[18, 14, 19, 13], [20, 6, 21, 5], [22, 10, 23, 9], [24, 8, 1, 7], [2, 12, 3, 11], [4, 15, 5, 16], [6, 2, 7, 1], [8, 24, 9, 23], [10, 22, 11, 21], [12, 18, 13, 17], [14, 20, 15, 19], [16, 3, 17, 4]]"
12a_0843_129,"[[16, 3, 17, 4], [18, 14, 19, 13], [20, 6, 21, 5], [22, 10, 23, 9], [24, 8, 1, 7], [2, 12, 3, 11], [4, 15, 5, 16], [6, 2, 7, 1], [8, 24, 9, 23], [10, 22, 11, 21], [12, 18, 13, 17], [14, 20, 15, 19]]"
12a_0843_130,"[[14, 20, 15, 19], [16, 3, 17, 4], [18, 14, 19, 13], [20, 6, 21, 5], [22, 10, 23, 9], [24, 8, 1, 7], [2, 12, 3, 11], [4, 15, 5, 16], [6, 2, 7, 1], [8, 24, 9, 23], [10, 22, 11, 21], [12, 18, 13, 17]]"
12a_0843_131,"[[12, 18, 13, 17], [14, 20, 15, 19], [16, 3, 17, 4], [18, 14, 19, 13], [20, 6, 21, 5], [22, 10, 23, 9], [24, 8, 1, 7], [2, 12, 3, 11], [4, 15, 5, 16], [6, 2, 7, 1], [8, 24, 9, 23], [10, 22, 11, 21]]"
12a_0843_132,"[[11, 23, 12, 22], [13, 19, 14, 18], [15, 21, 16, 20], [17, 4, 18, 5], [19, 15, 20, 14], [21, 7, 22, 6], [23, 11, 24, 10], [1, 9, 2, 8], [3, 13, 4, 12], [5, 16, 6, 17], [7, 3, 8, 2], [9, 1, 10, 24]]"
12a_0843_133,"[[9, 1, 10, 24], [11, 23, 12, 22], [13, 19, 14, 18], [15, 21, 16, 20], [17, 4, 18, 5], [19, 15, 20, 14], [21, 7, 22, 6], [23, 11, 24, 10], [1, 9, 2, 8], [3, 13, 4, 12], [5, 16, 6, 17], [7, 3, 8, 2]]"
12a_0843_134,"[[7, 3, 8, 2], [9, 1, 10, 24], [11, 23, 12, 22], [13, 19, 14, 18], [15, 21, 16, 20], [17, 4, 18, 5], [19, 15, 20, 14], [21, 7, 22, 6], [23, 11, 24, 10], [1, 9, 2, 8], [3, 13, 4, 12], [5, 16, 6, 17]]"
12a_0843_135,"[[5, 16, 6, 17], [7, 3, 8, 2], [9, 1, 10, 24], [11, 23, 12, 22], [13, 19, 14, 18], [15, 21, 16, 20], [17, 4, 18, 5], [19, 15, 20, 14], [21, 7, 22, 6], [23, 11, 24, 10], [1, 9, 2, 8], [3, 13, 4, 12]]"
12a_0843_136,"[[3, 13, 4, 12], [5, 16, 6, 17], [7, 3, 8, 2], [9, 1, 10, 24], [11, 23, 12, 22], [13, 19, 14, 18], [15, 21, 16, 20], [17, 4, 18, 5], [19, 15, 20, 14], [21, 7, 22, 6], [23, 11, 24, 10], [1, 9, 2, 8]]"
12a_0843_137,"[[1, 9, 2, 8], [3, 13, 4, 12], [5, 16, 6, 17], [7, 3, 8, 2], [9, 1, 10, 24], [11, 23, 12, 22], [13, 19, 14, 18], [15, 21, 16, 20], [17, 4, 18, 5], [19, 15, 20, 14], [21, 7, 22, 6], [23, 11, 24, 10]]"
12a_0843_138,"[[23, 11, 24, 10], [1, 9, 2, 8], [3, 13, 4, 12], [5, 16, 6, 17], [7, 3, 8, 2], [9, 1, 10, 24], [11, 23, 12, 22], [13, 19, 14, 18], [15, 21, 16, 20], [17, 4, 18, 5], [19, 15, 20, 14], [21, 7, 22, 6]]"
12a_0843_139,"[[21, 7, 22, 6], [23, 11, 24, 10], [1, 9, 2, 8], [3, 13, 4, 12], [5, 16, 6, 17], [7, 3, 8, 2], [9, 1, 10, 24], [11, 23, 12, 22], [13, 19, 14, 18], [15, 21, 16, 20], [17, 4, 18, 5], [19, 15, 20, 14]]"
12a_0843_140,"[[19, 15, 20, 14], [21, 7, 22, 6], [23, 11, 24, 10], [1, 9, 2, 8], [3, 13, 4, 12], [5, 16, 6, 17], [7, 3, 8, 2], [9, 1, 10, 24], [11, 23, 12, 22], [13, 19, 14, 18], [15, 21, 16, 20], [17, 4, 18, 5]]"
12a_0843_141,"[[17, 4, 18, 5], [19, 15, 20, 14], [21, 7, 22, 6], [23, 11, 24, 10], [1, 9, 2, 8], [3, 13, 4, 12], [5, 16, 6, 17], [7, 3, 8, 2], [9, 1, 10, 24], [11, 23, 12, 22], [13, 19, 14, 18], [15, 21, 16, 20]]"
12a_0843_142,"[[15, 21, 16, 20], [17, 4, 18, 5], [19, 15, 20, 14], [21, 7, 22, 6], [23, 11, 24, 10], [1, 9, 2, 8], [3, 13, 4, 12], [5, 16, 6, 17], [7, 3, 8, 2], [9, 1, 10, 24], [11, 23, 12, 22], [13, 19, 14, 18]]"
12a_0843_143,"[[13, 19, 14, 18], [15, 21, 16, 20], [17, 4, 18, 5], [19, 15, 20, 14], [21, 7, 22, 6], [23, 11, 24, 10], [1, 9, 2, 8], [3, 13, 4, 12], [5, 16, 6, 17], [7, 3, 8, 2], [9, 1, 10, 24], [11, 23, 12, 22]]"
12a_0843_144,"[[12, 24, 13, 23], [14, 20, 15, 19], [16, 22, 17, 21], [18, 5, 19, 6], [20, 16, 21, 15], [22, 8, 23, 7], [24, 12, 1, 11], [2, 10, 3, 9], [4, 14, 5, 13], [6, 17, 7, 18], [8, 4, 9, 3], [10, 2, 11, 1]]"
12a_0843_145,"[[10, 2, 11, 1], [12, 24, 13, 23], [14, 20, 15, 19], [16, 22, 17, 21], [18, 5, 19, 6], [20, 16, 21, 15], [22, 8, 23, 7], [24, 12, 1, 11], [2, 10, 3, 9], [4, 14, 5, 13], [6, 17, 7, 18], [8, 4, 9, 3]]"
12a_0843_146,"[[8, 4, 9, 3], [10, 2, 11, 1], [12, 24, 13, 23], [14, 20, 15, 19], [16, 22, 17, 21], [18, 5, 19, 6], [20, 16, 21, 15], [22, 8, 23, 7], [24, 12, 1, 11], [2, 10, 3, 9], [4, 14, 5, 13], [6, 17, 7, 18]]"
12a_0843_147,"[[6, 17, 7, 18], [8, 4, 9, 3], [10, 2, 11, 1], [12, 24, 13, 23], [14, 20, 15, 19], [16, 22, 17, 21], [18, 5, 19, 6], [20, 16, 21, 15], [22, 8, 23, 7], [24, 12, 1, 11], [2, 10, 3, 9], [4, 14, 5, 13]]"
12a_0843_148,"[[4, 14, 5, 13], [6, 17, 7, 18], [8, 4, 9, 3], [10, 2, 11, 1], [12, 24, 13, 23], [14, 20, 15, 19], [16, 22, 17, 21], [18, 5, 19, 6], [20, 16, 21, 15], [22, 8, 23, 7], [24, 12, 1, 11], [2, 10, 3, 9]]"
12a_0843_149,"[[2, 10, 3, 9], [4, 14, 5, 13], [6, 17, 7, 18], [8, 4, 9, 3], [10, 2, 11, 1], [12, 24, 13, 23], [14, 20, 15, 19], [16, 22, 17, 21], [18, 5, 19, 6], [20, 16, 21, 15], [22, 8, 23, 7], [24, 12, 1, 11]]"
12a_0843_150,"[[24, 12, 1, 11], [2, 10, 3, 9], [4, 14, 5, 13], [6, 17, 7, 18], [8, 4, 9, 3], [10, 2, 11, 1], [12, 24, 13, 23], [14, 20, 15, 19], [16, 22, 17, 21], [18, 5, 19, 6], [20, 16, 21, 15], [22, 8, 23, 7]]"
12a_0843_151,"[[22, 8, 23, 7], [24, 12, 1, 11], [2, 10, 3, 9], [4, 14, 5, 13], [6, 17, 7, 18], [8, 4, 9, 3], [10, 2, 11, 1], [12, 24, 13, 23], [14, 20, 15, 19], [16, 22, 17, 21], [18, 5, 19, 6], [20, 16, 21, 15]]"
12a_0843_152,"[[20, 16, 21, 15], [22, 8, 23, 7], [24, 12, 1, 11], [2, 10, 3, 9], [4, 14, 5, 13], [6, 17, 7, 18], [8, 4, 9, 3], [10, 2, 11, 1], [12, 24, 13, 23], [14, 20, 15, 19], [16, 22, 17, 21], [18, 5, 19, 6]]"
12a_0843_153,"[[18, 5, 19, 6], [20, 16, 21, 15], [22, 8, 23, 7], [24, 12, 1, 11], [2, 10, 3, 9], [4, 14, 5, 13], [6, 17, 7, 18], [8, 4, 9, 3], [10, 2, 11, 1], [12, 24, 13, 23], [14, 20, 15, 19], [16, 22, 17, 21]]"
12a_0843_154,"[[16, 22, 17, 21], [18, 5, 19, 6], [20, 16, 21, 15], [22, 8, 23, 7], [24, 12, 1, 11], [2, 10, 3, 9], [4, 14, 5, 13], [6, 17, 7, 18], [8, 4, 9, 3], [10, 2, 11, 1], [12, 24, 13, 23], [14, 20, 15, 19]]"
12a_0843_155,"[[14, 20, 15, 19], [16, 22, 17, 21], [18, 5, 19, 6], [20, 16, 21, 15], [22, 8, 23, 7], [24, 12, 1, 11], [2, 10, 3, 9], [4, 14, 5, 13], [6, 17, 7, 18], [8, 4, 9, 3], [10, 2, 11, 1], [12, 24, 13, 23]]"
12a_0843_156,"[[13, 1, 14, 24], [15, 21, 16, 20], [17, 23, 18, 22], [19, 6, 20, 7], [21, 17, 22, 16], [23, 9, 24, 8], [1, 13, 2, 12], [3, 11, 4, 10], [5, 15, 6, 14], [7, 18, 8, 19], [9, 5, 10, 4], [11, 3, 12, 2]]"
12a_0843_157,"[[11, 3, 12, 2], [13, 1, 14, 24], [15, 21, 16, 20], [17, 23, 18, 22], [19, 6, 20, 7], [21, 17, 22, 16], [23, 9, 24, 8], [1, 13, 2, 12], [3, 11, 4, 10], [5, 15, 6, 14], [7, 18, 8, 19], [9, 5, 10, 4]]"
12a_0843_158,"[[9, 5, 10, 4], [11, 3, 12, 2], [13, 1, 14, 24], [15, 21, 16, 20], [17, 23, 18, 22], [19, 6, 20, 7], [21, 17, 22, 16], [23, 9, 24, 8], [1, 13, 2, 12], [3, 11, 4, 10], [5, 15, 6, 14], [7, 18, 8, 19]]"
12a_0843_159,"[[7, 18, 8, 19], [9, 5, 10, 4], [11, 3, 12, 2], [13, 1, 14, 24], [15, 21, 16, 20], [17, 23, 18, 22], [19, 6, 20, 7], [21, 17, 22, 16], [23, 9, 24, 8], [1, 13, 2, 12], [3, 11, 4, 10], [5, 15, 6, 14]]"
12a_0843_160,"[[5, 15, 6, 14], [7, 18, 8, 19], [9, 5, 10, 4], [11, 3, 12, 2], [13, 1, 14, 24], [15, 21, 16, 20], [17, 23, 18, 22], [19, 6, 20, 7], [21, 17, 22, 16], [23, 9, 24, 8], [1, 13, 2, 12], [3, 11, 4, 10]]"
12a_0843_161,"[[3, 11, 4, 10], [5, 15, 6, 14], [7, 18, 8, 19], [9, 5, 10, 4], [11, 3, 12, 2], [13, 1, 14, 24], [15, 21, 16, 20], [17, 23, 18, 22], [19, 6, 20, 7], [21, 17, 22, 16], [23, 9, 24, 8], [1, 13, 2, 12]]"
12a_0843_162,"[[1, 13, 2, 12], [3, 11, 4, 10], [5, 15, 6, 14], [7, 18, 8, 19], [9, 5, 10, 4], [11, 3, 12, 2], [13, 1, 14, 24], [15, 21, 16, 20], [17, 23, 18, 22], [19, 6, 20, 7], [21, 17, 22, 16], [23, 9, 24, 8]]"
12a_0843_163,"[[23, 9, 24, 8], [1, 13, 2, 12], [3, 11, 4, 10], [5, 15, 6, 14], [7, 18, 8, 19], [9, 5, 10, 4], [11, 3, 12, 2], [13, 1, 14, 24], [15, 21, 16, 20], [17, 23, 18, 22], [19, 6, 20, 7], [21, 17, 22, 16]]"
12a_0843_164,"[[21, 17, 22, 16], [23, 9, 24, 8], [1, 13, 2, 12], [3, 11, 4, 10], [5, 15, 6, 14], [7, 18, 8, 19], [9, 5, 10, 4], [11, 3, 12, 2], [13, 1, 14, 24], [15, 21, 16, 20], [17, 23, 18, 22], [19, 6, 20, 7]]"
12a_0843_165,"[[19, 6, 20, 7], [21, 17, 22, 16], [23, 9, 24, 8], [1, 13, 2, 12], [3, 11, 4, 10], [5, 15, 6, 14], [7, 18, 8, 19], [9, 5, 10, 4], [11, 3, 12, 2], [13, 1, 14, 24], [15, 21, 16, 20], [17, 23, 18, 22]]"
12a_0843_166,"[[17, 23, 18, 22], [19, 6, 20, 7], [21, 17, 22, 16], [23, 9, 24, 8], [1, 13, 2, 12], [3, 11, 4, 10], [5, 15, 6, 14], [7, 18, 8, 19], [9, 5, 10, 4], [11, 3, 12, 2], [13, 1, 14, 24], [15, 21, 16, 20]]"
12a_0843_167,"[[15, 21, 16, 20], [17, 23, 18, 22], [19, 6, 20, 7], [21, 17, 22, 16], [23, 9, 24, 8], [1, 13, 2, 12], [3, 11, 4, 10], [5, 15, 6, 14], [7, 18, 8, 19], [9, 5, 10, 4], [11, 3, 12, 2], [13, 1, 14, 24]]"
12a_0843_168,"[[14, 2, 15, 1], [16, 22, 17, 21], [18, 24, 19, 23], [20, 7, 21, 8], [22, 18, 23, 17], [24, 10, 1, 9], [2, 14, 3, 13], [4, 12, 5, 11], [6, 16, 7, 15], [8, 19, 9, 20], [10, 6, 11, 5], [12, 4, 13, 3]]"
12a_0843_169,"[[12, 4, 13, 3], [14, 2, 15, 1], [16, 22, 17, 21], [18, 24, 19, 23], [20, 7, 21, 8], [22, 18, 23, 17], [24, 10, 1, 9], [2, 14, 3, 13], [4, 12, 5, 11], [6, 16, 7, 15], [8, 19, 9, 20], [10, 6, 11, 5]]"
12a_0843_170,"[[10, 6, 11, 5], [12, 4, 13, 3], [14, 2, 15, 1], [16, 22, 17, 21], [18, 24, 19, 23], [20, 7, 21, 8], [22, 18, 23, 17], [24, 10, 1, 9], [2, 14, 3, 13], [4, 12, 5, 11], [6, 16, 7, 15], [8, 19, 9, 20]]"
12a_0843_171,"[[8, 19, 9, 20], [10, 6, 11, 5], [12, 4, 13, 3], [14, 2, 15, 1], [16, 22, 17, 21], [18, 24, 19, 23], [20, 7, 21, 8], [22, 18, 23, 17], [24, 10, 1, 9], [2, 14, 3, 13], [4, 12, 5, 11], [6, 16, 7, 15]]"
12a_0843_172,"[[6, 16, 7, 15], [8, 19, 9, 20], [10, 6, 11, 5], [12, 4, 13, 3], [14, 2, 15, 1], [16, 22, 17, 21], [18, 24, 19, 23], [20, 7, 21, 8], [22, 18, 23, 17], [24, 10, 1, 9], [2, 14, 3, 13], [4, 12, 5, 11]]"
12a_0843_173,"[[4, 12, 5, 11], [6, 16, 7, 15], [8, 19, 9, 20], [10, 6, 11, 5], [12, 4, 13, 3], [14, 2, 15, 1], [16, 22, 17, 21], [18, 24, 19, 23], [20, 7, 21, 8], [22, 18, 23, 17], [24, 10, 1, 9], [2, 14, 3, 13]]"
12a_0843_174,"[[2, 14, 3, 13], [4, 12, 5, 11], [6, 16, 7, 15], [8, 19, 9, 20], [10, 6, 11, 5], [12, 4, 13, 3], [14, 2, 15, 1], [16, 22, 17, 21], [18, 24, 19, 23], [20, 7, 21, 8], [22, 18, 23, 17], [24, 10, 1, 9]]"
12a_0843_175,"[[24, 10, 1, 9], [2, 14, 3, 13], [4, 12, 5, 11], [6, 16, 7, 15], [8, 19, 9, 20], [10, 6, 11, 5], [12, 4, 13, 3], [14, 2, 15, 1], [16, 22, 17, 21], [18, 24, 19, 23], [20, 7, 21, 8], [22, 18, 23, 17]]"
12a_0843_176,"[[22, 18, 23, 17], [24, 10, 1, 9], [2, 14, 3, 13], [4, 12, 5, 11], [6, 16, 7, 15], [8, 19, 9, 20], [10, 6, 11, 5], [12, 4, 13, 3], [14, 2, 15, 1], [16, 22, 17, 21], [18, 24, 19, 23], [20, 7, 21, 8]]"
12a_0843_177,"[[20, 7, 21, 8], [22, 18, 23, 17], [24, 10, 1, 9], [2, 14, 3, 13], [4, 12, 5, 11], [6, 16, 7, 15], [8, 19, 9, 20], [10, 6, 11, 5], [12, 4, 13, 3], [14, 2, 15, 1], [16, 22, 17, 21], [18, 24, 19, 23]]"
12a_0843_178,"[[18, 24, 19, 23], [20, 7, 21, 8], [22, 18, 23, 17], [24, 10, 1, 9], [2, 14, 3, 13], [4, 12, 5, 11], [6, 16, 7, 15], [8, 19, 9, 20], [10, 6, 11, 5], [12, 4, 13, 3], [14, 2, 15, 1], [16, 22, 17, 21]]"
12a_0843_179,"[[16, 22, 17, 21], [18, 24, 19, 23], [20, 7, 21, 8], [22, 18, 23, 17], [24, 10, 1, 9], [2, 14, 3, 13], [4, 12, 5, 11], [6, 16, 7, 15], [8, 19, 9, 20], [10, 6, 11, 5], [12, 4, 13, 3], [14, 2, 15, 1]]"
12a_0843_180,"[[15, 3, 16, 2], [17, 23, 18, 22], [19, 1, 20, 24], [21, 8, 22, 9], [23, 19, 24, 18], [1, 11, 2, 10], [3, 15, 4, 14], [5, 13, 6, 12], [7, 17, 8, 16], [9, 20, 10, 21], [11, 7, 12, 6], [13, 5, 14, 4]]"
12a_0843_181,"[[13, 5, 14, 4], [15, 3, 16, 2], [17, 23, 18, 22], [19, 1, 20, 24], [21, 8, 22, 9], [23, 19, 24, 18], [1, 11, 2, 10], [3, 15, 4, 14], [5, 13, 6, 12], [7, 17, 8, 16], [9, 20, 10, 21], [11, 7, 12, 6]]"
12a_0843_182,"[[11, 7, 12, 6], [13, 5, 14, 4], [15, 3, 16, 2], [17, 23, 18, 22], [19, 1, 20, 24], [21, 8, 22, 9], [23, 19, 24, 18], [1, 11, 2, 10], [3, 15, 4, 14], [5, 13, 6, 12], [7, 17, 8, 16], [9, 20, 10, 21]]"
12a_0843_183,"[[9, 20, 10, 21], [11, 7, 12, 6], [13, 5, 14, 4], [15, 3, 16, 2], [17, 23, 18, 22], [19, 1, 20, 24], [21, 8, 22, 9], [23, 19, 24, 18], [1, 11, 2, 10], [3, 15, 4, 14], [5, 13, 6, 12], [7, 17, 8, 16]]"
12a_0843_184,"[[7, 17, 8, 16], [9, 20, 10, 21], [11, 7, 12, 6], [13, 5, 14, 4], [15, 3, 16, 2], [17, 23, 18, 22], [19, 1, 20, 24], [21, 8, 22, 9], [23, 19, 24, 18], [1, 11, 2, 10], [3, 15, 4, 14], [5, 13, 6, 12]]"
12a_0843_185,"[[5, 13, 6, 12], [7, 17, 8, 16], [9, 20, 10, 21], [11, 7, 12, 6], [13, 5, 14, 4], [15, 3, 16, 2], [17, 23, 18, 22], [19, 1, 20, 24], [21, 8, 22, 9], [23, 19, 24, 18], [1, 11, 2, 10], [3, 15, 4, 14]]"
