name,pd_notation
12a_1209_0,"[[24, 17, 1, 18], [2, 10, 3, 9], [4, 12, 5, 11], [6, 13, 7, 14], [8, 16, 9, 15], [10, 4, 11, 3], [12, 19, 13, 20], [14, 22, 15, 21], [16, 23, 17, 24], [18, 1, 19, 2], [20, 6, 21, 5], [22, 7, 23, 8]]"
12a_1209_1,"[[22, 7, 23, 8], [24, 17, 1, 18], [2, 10, 3, 9], [4, 12, 5, 11], [6, 13, 7, 14], [8, 16, 9, 15], [10, 4, 11, 3], [12, 19, 13, 20], [14, 22, 15, 21], [16, 23, 17, 24], [18, 1, 19, 2], [20, 6, 21, 5]]"
12a_1209_2,"[[20, 6, 21, 5], [22, 7, 23, 8], [24, 17, 1, 18], [2, 10, 3, 9], [4, 12, 5, 11], [6, 13, 7, 14], [8, 16, 9, 15], [10, 4, 11, 3], [12, 19, 13, 20], [14, 22, 15, 21], [16, 23, 17, 24], [18, 1, 19, 2]]"
12a_1209_3,"[[18, 1, 19, 2], [20, 6, 21, 5], [22, 7, 23, 8], [24, 17, 1, 18], [2, 10, 3, 9], [4, 12, 5, 11], [6, 13, 7, 14], [8, 16, 9, 15], [10, 4, 11, 3], [12, 19, 13, 20], [14, 22, 15, 21], [16, 23, 17, 24]]"
12a_1209_4,"[[16, 23, 17, 24], [18, 1, 19, 2], [20, 6, 21, 5], [22, 7, 23, 8], [24, 17, 1, 18], [2, 10, 3, 9], [4, 12, 5, 11], [6, 13, 7, 14], [8, 16, 9, 15], [10, 4, 11, 3], [12, 19, 13, 20], [14, 22, 15, 21]]"
12a_1209_5,"[[14, 22, 15, 21], [16, 23, 17, 24], [18, 1, 19, 2], [20, 6, 21, 5], [22, 7, 23, 8], [24, 17, 1, 18], [2, 10, 3, 9], [4, 12, 5, 11], [6, 13, 7, 14], [8, 16, 9, 15], [10, 4, 11, 3], [12, 19, 13, 20]]"
12a_1209_6,"[[12, 19, 13, 20], [14, 22, 15, 21], [16, 23, 17, 24], [18, 1, 19, 2], [20, 6, 21, 5], [22, 7, 23, 8], [24, 17, 1, 18], [2, 10, 3, 9], [4, 12, 5, 11], [6, 13, 7, 14], [8, 16, 9, 15], [10, 4, 11, 3]]"
12a_1209_7,"[[10, 4, 11, 3], [12, 19, 13, 20], [14, 22, 15, 21], [16, 23, 17, 24], [18, 1, 19, 2], [20, 6, 21, 5], [22, 7, 23, 8], [24, 17, 1, 18], [2, 10, 3, 9], [4, 12, 5, 11], [6, 13, 7, 14], [8, 16, 9, 15]]"
12a_1209_8,"[[8, 16, 9, 15], [10, 4, 11, 3], [12, 19, 13, 20], [14, 22, 15, 21], [16, 23, 17, 24], [18, 1, 19, 2], [20, 6, 21, 5], [22, 7, 23, 8], [24, 17, 1, 18], [2, 10, 3, 9], [4, 12, 5, 11], [6, 13, 7, 14]]"
12a_1209_9,"[[6, 13, 7, 14], [8, 16, 9, 15], [10, 4, 11, 3], [12, 19, 13, 20], [14, 22, 15, 21], [16, 23, 17, 24], [18, 1, 19, 2], [20, 6, 21, 5], [22, 7, 23, 8], [24, 17, 1, 18], [2, 10, 3, 9], [4, 12, 5, 11]]"
12a_1209_10,"[[4, 12, 5, 11], [6, 13, 7, 14], [8, 16, 9, 15], [10, 4, 11, 3], [12, 19, 13, 20], [14, 22, 15, 21], [16, 23, 17, 24], [18, 1, 19, 2], [20, 6, 21, 5], [22, 7, 23, 8], [24, 17, 1, 18], [2, 10, 3, 9]]"
12a_1209_11,"[[2, 10, 3, 9], [4, 12, 5, 11], [6, 13, 7, 14], [8, 16, 9, 15], [10, 4, 11, 3], [12, 19, 13, 20], [14, 22, 15, 21], [16, 23, 17, 24], [18, 1, 19, 2], [20, 6, 21, 5], [22, 7, 23, 8], [24, 17, 1, 18]]"
12a_1209_12,"[[1, 18, 2, 19], [3, 11, 4, 10], [5, 13, 6, 12], [7, 14, 8, 15], [9, 17, 10, 16], [11, 5, 12, 4], [13, 20, 14, 21], [15, 23, 16, 22], [17, 24, 18, 1], [19, 2, 20, 3], [21, 7, 22, 6], [23, 8, 24, 9]]"
12a_1209_13,"[[23, 8, 24, 9], [1, 18, 2, 19], [3, 11, 4, 10], [5, 13, 6, 12], [7, 14, 8, 15], [9, 17, 10, 16], [11, 5, 12, 4], [13, 20, 14, 21], [15, 23, 16, 22], [17, 24, 18, 1], [19, 2, 20, 3], [21, 7, 22, 6]]"
12a_1209_14,"[[21, 7, 22, 6], [23, 8, 24, 9], [1, 18, 2, 19], [3, 11, 4, 10], [5, 13, 6, 12], [7, 14, 8, 15], [9, 17, 10, 16], [11, 5, 12, 4], [13, 20, 14, 21], [15, 23, 16, 22], [17, 24, 18, 1], [19, 2, 20, 3]]"
12a_1209_15,"[[19, 2, 20, 3], [21, 7, 22, 6], [23, 8, 24, 9], [1, 18, 2, 19], [3, 11, 4, 10], [5, 13, 6, 12], [7, 14, 8, 15], [9, 17, 10, 16], [11, 5, 12, 4], [13, 20, 14, 21], [15, 23, 16, 22], [17, 24, 18, 1]]"
12a_1209_16,"[[17, 24, 18, 1], [19, 2, 20, 3], [21, 7, 22, 6], [23, 8, 24, 9], [1, 18, 2, 19], [3, 11, 4, 10], [5, 13, 6, 12], [7, 14, 8, 15], [9, 17, 10, 16], [11, 5, 12, 4], [13, 20, 14, 21], [15, 23, 16, 22]]"
12a_1209_17,"[[15, 23, 16, 22], [17, 24, 18, 1], [19, 2, 20, 3], [21, 7, 22, 6], [23, 8, 24, 9], [1, 18, 2, 19], [3, 11, 4, 10], [5, 13, 6, 12], [7, 14, 8, 15], [9, 17, 10, 16], [11, 5, 12, 4], [13, 20, 14, 21]]"
12a_1209_18,"[[13, 20, 14, 21], [15, 23, 16, 22], [17, 24, 18, 1], [19, 2, 20, 3], [21, 7, 22, 6], [23, 8, 24, 9], [1, 18, 2, 19], [3, 11, 4, 10], [5, 13, 6, 12], [7, 14, 8, 15], [9, 17, 10, 16], [11, 5, 12, 4]]"
12a_1209_19,"[[11, 5, 12, 4], [13, 20, 14, 21], [15, 23, 16, 22], [17, 24, 18, 1], [19, 2, 20, 3], [21, 7, 22, 6], [23, 8, 24, 9], [1, 18, 2, 19], [3, 11, 4, 10], [5, 13, 6, 12], [7, 14, 8, 15], [9, 17, 10, 16]]"
12a_1209_20,"[[9, 17, 10, 16], [11, 5, 12, 4], [13, 20, 14, 21], [15, 23, 16, 22], [17, 24, 18, 1], [19, 2, 20, 3], [21, 7, 22, 6], [23, 8, 24, 9], [1, 18, 2, 19], [3, 11, 4, 10], [5, 13, 6, 12], [7, 14, 8, 15]]"
12a_1209_21,"[[7, 14, 8, 15], [9, 17, 10, 16], [11, 5, 12, 4], [13, 20, 14, 21], [15, 23, 16, 22], [17, 24, 18, 1], [19, 2, 20, 3], [21, 7, 22, 6], [23, 8, 24, 9], [1, 18, 2, 19], [3, 11, 4, 10], [5, 13, 6, 12]]"
12a_1209_22,"[[5, 13, 6, 12], [7, 14, 8, 15], [9, 17, 10, 16], [11, 5, 12, 4], [13, 20, 14, 21], [15, 23, 16, 22], [17, 24, 18, 1], [19, 2, 20, 3], [21, 7, 22, 6], [23, 8, 24, 9], [1, 18, 2, 19], [3, 11, 4, 10]]"
12a_1209_23,"[[3, 11, 4, 10], [5, 13, 6, 12], [7, 14, 8, 15], [9, 17, 10, 16], [11, 5, 12, 4], [13, 20, 14, 21], [15, 23, 16, 22], [17, 24, 18, 1], [19, 2, 20, 3], [21, 7, 22, 6], [23, 8, 24, 9], [1, 18, 2, 19]]"
12a_1209_24,"[[2, 19, 3, 20], [4, 12, 5, 11], [6, 14, 7, 13], [8, 15, 9, 16], [10, 18, 11, 17], [12, 6, 13, 5], [14, 21, 15, 22], [16, 24, 17, 23], [18, 1, 19, 2], [20, 3, 21, 4], [22, 8, 23, 7], [24, 9, 1, 10]]"
12a_1209_25,"[[24, 9, 1, 10], [2, 19, 3, 20], [4, 12, 5, 11], [6, 14, 7, 13], [8, 15, 9, 16], [10, 18, 11, 17], [12, 6, 13, 5], [14, 21, 15, 22], [16, 24, 17, 23], [18, 1, 19, 2], [20, 3, 21, 4], [22, 8, 23, 7]]"
12a_1209_26,"[[22, 8, 23, 7], [24, 9, 1, 10], [2, 19, 3, 20], [4, 12, 5, 11], [6, 14, 7, 13], [8, 15, 9, 16], [10, 18, 11, 17], [12, 6, 13, 5], [14, 21, 15, 22], [16, 24, 17, 23], [18, 1, 19, 2], [20, 3, 21, 4]]"
12a_1209_27,"[[20, 3, 21, 4], [22, 8, 23, 7], [24, 9, 1, 10], [2, 19, 3, 20], [4, 12, 5, 11], [6, 14, 7, 13], [8, 15, 9, 16], [10, 18, 11, 17], [12, 6, 13, 5], [14, 21, 15, 22], [16, 24, 17, 23], [18, 1, 19, 2]]"
12a_1209_28,"[[18, 1, 19, 2], [20, 3, 21, 4], [22, 8, 23, 7], [24, 9, 1, 10], [2, 19, 3, 20], [4, 12, 5, 11], [6, 14, 7, 13], [8, 15, 9, 16], [10, 18, 11, 17], [12, 6, 13, 5], [14, 21, 15, 22], [16, 24, 17, 23]]"
12a_1209_29,"[[16, 24, 17, 23], [18, 1, 19, 2], [20, 3, 21, 4], [22, 8, 23, 7], [24, 9, 1, 10], [2, 19, 3, 20], [4, 12, 5, 11], [6, 14, 7, 13], [8, 15, 9, 16], [10, 18, 11, 17], [12, 6, 13, 5], [14, 21, 15, 22]]"
12a_1209_30,"[[14, 21, 15, 22], [16, 24, 17, 23], [18, 1, 19, 2], [20, 3, 21, 4], [22, 8, 23, 7], [24, 9, 1, 10], [2, 19, 3, 20], [4, 12, 5, 11], [6, 14, 7, 13], [8, 15, 9, 16], [10, 18, 11, 17], [12, 6, 13, 5]]"
12a_1209_31,"[[12, 6, 13, 5], [14, 21, 15, 22], [16, 24, 17, 23], [18, 1, 19, 2], [20, 3, 21, 4], [22, 8, 23, 7], [24, 9, 1, 10], [2, 19, 3, 20], [4, 12, 5, 11], [6, 14, 7, 13], [8, 15, 9, 16], [10, 18, 11, 17]]"
12a_1209_32,"[[10, 18, 11, 17], [12, 6, 13, 5], [14, 21, 15, 22], [16, 24, 17, 23], [18, 1, 19, 2], [20, 3, 21, 4], [22, 8, 23, 7], [24, 9, 1, 10], [2, 19, 3, 20], [4, 12, 5, 11], [6, 14, 7, 13], [8, 15, 9, 16]]"
12a_1209_33,"[[8, 15, 9, 16], [10, 18, 11, 17], [12, 6, 13, 5], [14, 21, 15, 22], [16, 24, 17, 23], [18, 1, 19, 2], [20, 3, 21, 4], [22, 8, 23, 7], [24, 9, 1, 10], [2, 19, 3, 20], [4, 12, 5, 11], [6, 14, 7, 13]]"
12a_1209_34,"[[6, 14, 7, 13], [8, 15, 9, 16], [10, 18, 11, 17], [12, 6, 13, 5], [14, 21, 15, 22], [16, 24, 17, 23], [18, 1, 19, 2], [20, 3, 21, 4], [22, 8, 23, 7], [24, 9, 1, 10], [2, 19, 3, 20], [4, 12, 5, 11]]"
12a_1209_35,"[[4, 12, 5, 11], [6, 14, 7, 13], [8, 15, 9, 16], [10, 18, 11, 17], [12, 6, 13, 5], [14, 21, 15, 22], [16, 24, 17, 23], [18, 1, 19, 2], [20, 3, 21, 4], [22, 8, 23, 7], [24, 9, 1, 10], [2, 19, 3, 20]]"
12a_1209_36,"[[3, 20, 4, 21], [5, 13, 6, 12], [7, 15, 8, 14], [9, 16, 10, 17], [11, 19, 12, 18], [13, 7, 14, 6], [15, 22, 16, 23], [17, 1, 18, 24], [19, 2, 20, 3], [21, 4, 22, 5], [23, 9, 24, 8], [1, 10, 2, 11]]"
12a_1209_37,"[[1, 10, 2, 11], [3, 20, 4, 21], [5, 13, 6, 12], [7, 15, 8, 14], [9, 16, 10, 17], [11, 19, 12, 18], [13, 7, 14, 6], [15, 22, 16, 23], [17, 1, 18, 24], [19, 2, 20, 3], [21, 4, 22, 5], [23, 9, 24, 8]]"
12a_1209_38,"[[23, 9, 24, 8], [1, 10, 2, 11], [3, 20, 4, 21], [5, 13, 6, 12], [7, 15, 8, 14], [9, 16, 10, 17], [11, 19, 12, 18], [13, 7, 14, 6], [15, 22, 16, 23], [17, 1, 18, 24], [19, 2, 20, 3], [21, 4, 22, 5]]"
12a_1209_39,"[[21, 4, 22, 5], [23, 9, 24, 8], [1, 10, 2, 11], [3, 20, 4, 21], [5, 13, 6, 12], [7, 15, 8, 14], [9, 16, 10, 17], [11, 19, 12, 18], [13, 7, 14, 6], [15, 22, 16, 23], [17, 1, 18, 24], [19, 2, 20, 3]]"
12a_1209_40,"[[19, 2, 20, 3], [21, 4, 22, 5], [23, 9, 24, 8], [1, 10, 2, 11], [3, 20, 4, 21], [5, 13, 6, 12], [7, 15, 8, 14], [9, 16, 10, 17], [11, 19, 12, 18], [13, 7, 14, 6], [15, 22, 16, 23], [17, 1, 18, 24]]"
12a_1209_41,"[[17, 1, 18, 24], [19, 2, 20, 3], [21, 4, 22, 5], [23, 9, 24, 8], [1, 10, 2, 11], [3, 20, 4, 21], [5, 13, 6, 12], [7, 15, 8, 14], [9, 16, 10, 17], [11, 19, 12, 18], [13, 7, 14, 6], [15, 22, 16, 23]]"
12a_1209_42,"[[15, 22, 16, 23], [17, 1, 18, 24], [19, 2, 20, 3], [21, 4, 22, 5], [23, 9, 24, 8], [1, 10, 2, 11], [3, 20, 4, 21], [5, 13, 6, 12], [7, 15, 8, 14], [9, 16, 10, 17], [11, 19, 12, 18], [13, 7, 14, 6]]"
12a_1209_43,"[[13, 7, 14, 6], [15, 22, 16, 23], [17, 1, 18, 24], [19, 2, 20, 3], [21, 4, 22, 5], [23, 9, 24, 8], [1, 10, 2, 11], [3, 20, 4, 21], [5, 13, 6, 12], [7, 15, 8, 14], [9, 16, 10, 17], [11, 19, 12, 18]]"
12a_1209_44,"[[11, 19, 12, 18], [13, 7, 14, 6], [15, 22, 16, 23], [17, 1, 18, 24], [19, 2, 20, 3], [21, 4, 22, 5], [23, 9, 24, 8], [1, 10, 2, 11], [3, 20, 4, 21], [5, 13, 6, 12], [7, 15, 8, 14], [9, 16, 10, 17]]"
12a_1209_45,"[[9, 16, 10, 17], [11, 19, 12, 18], [13, 7, 14, 6], [15, 22, 16, 23], [17, 1, 18, 24], [19, 2, 20, 3], [21, 4, 22, 5], [23, 9, 24, 8], [1, 10, 2, 11], [3, 20, 4, 21], [5, 13, 6, 12], [7, 15, 8, 14]]"
12a_1209_46,"[[7, 15, 8, 14], [9, 16, 10, 17], [11, 19, 12, 18], [13, 7, 14, 6], [15, 22, 16, 23], [17, 1, 18, 24], [19, 2, 20, 3], [21, 4, 22, 5], [23, 9, 24, 8], [1, 10, 2, 11], [3, 20, 4, 21], [5, 13, 6, 12]]"
12a_1209_47,"[[5, 13, 6, 12], [7, 15, 8, 14], [9, 16, 10, 17], [11, 19, 12, 18], [13, 7, 14, 6], [15, 22, 16, 23], [17, 1, 18, 24], [19, 2, 20, 3], [21, 4, 22, 5], [23, 9, 24, 8], [1, 10, 2, 11], [3, 20, 4, 21]]"
12a_1209_48,"[[4, 21, 5, 22], [6, 14, 7, 13], [8, 16, 9, 15], [10, 17, 11, 18], [12, 20, 13, 19], [14, 8, 15, 7], [16, 23, 17, 24], [18, 2, 19, 1], [20, 3, 21, 4], [22, 5, 23, 6], [24, 10, 1, 9], [2, 11, 3, 12]]"
12a_1209_49,"[[2, 11, 3, 12], [4, 21, 5, 22], [6, 14, 7, 13], [8, 16, 9, 15], [10, 17, 11, 18], [12, 20, 13, 19], [14, 8, 15, 7], [16, 23, 17, 24], [18, 2, 19, 1], [20, 3, 21, 4], [22, 5, 23, 6], [24, 10, 1, 9]]"
12a_1209_50,"[[24, 10, 1, 9], [2, 11, 3, 12], [4, 21, 5, 22], [6, 14, 7, 13], [8, 16, 9, 15], [10, 17, 11, 18], [12, 20, 13, 19], [14, 8, 15, 7], [16, 23, 17, 24], [18, 2, 19, 1], [20, 3, 21, 4], [22, 5, 23, 6]]"
12a_1209_51,"[[22, 5, 23, 6], [24, 10, 1, 9], [2, 11, 3, 12], [4, 21, 5, 22], [6, 14, 7, 13], [8, 16, 9, 15], [10, 17, 11, 18], [12, 20, 13, 19], [14, 8, 15, 7], [16, 23, 17, 24], [18, 2, 19, 1], [20, 3, 21, 4]]"
12a_1209_52,"[[20, 3, 21, 4], [22, 5, 23, 6], [24, 10, 1, 9], [2, 11, 3, 12], [4, 21, 5, 22], [6, 14, 7, 13], [8, 16, 9, 15], [10, 17, 11, 18], [12, 20, 13, 19], [14, 8, 15, 7], [16, 23, 17, 24], [18, 2, 19, 1]]"
12a_1209_53,"[[18, 2, 19, 1], [20, 3, 21, 4], [22, 5, 23, 6], [24, 10, 1, 9], [2, 11, 3, 12], [4, 21, 5, 22], [6, 14, 7, 13], [8, 16, 9, 15], [10, 17, 11, 18], [12, 20, 13, 19], [14, 8, 15, 7], [16, 23, 17, 24]]"
12a_1209_54,"[[16, 23, 17, 24], [18, 2, 19, 1], [20, 3, 21, 4], [22, 5, 23, 6], [24, 10, 1, 9], [2, 11, 3, 12], [4, 21, 5, 22], [6, 14, 7, 13], [8, 16, 9, 15], [10, 17, 11, 18], [12, 20, 13, 19], [14, 8, 15, 7]]"
12a_1209_55,"[[14, 8, 15, 7], [16, 23, 17, 24], [18, 2, 19, 1], [20, 3, 21, 4], [22, 5, 23, 6], [24, 10, 1, 9], [2, 11, 3, 12], [4, 21, 5, 22], [6, 14, 7, 13], [8, 16, 9, 15], [10, 17, 11, 18], [12, 20, 13, 19]]"
12a_1209_56,"[[12, 20, 13, 19], [14, 8, 15, 7], [16, 23, 17, 24], [18, 2, 19, 1], [20, 3, 21, 4], [22, 5, 23, 6], [24, 10, 1, 9], [2, 11, 3, 12], [4, 21, 5, 22], [6, 14, 7, 13], [8, 16, 9, 15], [10, 17, 11, 18]]"
12a_1209_57,"[[10, 17, 11, 18], [12, 20, 13, 19], [14, 8, 15, 7], [16, 23, 17, 24], [18, 2, 19, 1], [20, 3, 21, 4], [22, 5, 23, 6], [24, 10, 1, 9], [2, 11, 3, 12], [4, 21, 5, 22], [6, 14, 7, 13], [8, 16, 9, 15]]"
12a_1209_58,"[[8, 16, 9, 15], [10, 17, 11, 18], [12, 20, 13, 19], [14, 8, 15, 7], [16, 23, 17, 24], [18, 2, 19, 1], [20, 3, 21, 4], [22, 5, 23, 6], [24, 10, 1, 9], [2, 11, 3, 12], [4, 21, 5, 22], [6, 14, 7, 13]]"
12a_1209_59,"[[6, 14, 7, 13], [8, 16, 9, 15], [10, 17, 11, 18], [12, 20, 13, 19], [14, 8, 15, 7], [16, 23, 17, 24], [18, 2, 19, 1], [20, 3, 21, 4], [22, 5, 23, 6], [24, 10, 1, 9], [2, 11, 3, 12], [4, 21, 5, 22]]"
12a_1209_60,"[[5, 22, 6, 23], [7, 15, 8, 14], [9, 17, 10, 16], [11, 18, 12, 19], [13, 21, 14, 20], [15, 9, 16, 8], [17, 24, 18, 1], [19, 3, 20, 2], [21, 4, 22, 5], [23, 6, 24, 7], [1, 11, 2, 10], [3, 12, 4, 13]]"
12a_1209_61,"[[3, 12, 4, 13], [5, 22, 6, 23], [7, 15, 8, 14], [9, 17, 10, 16], [11, 18, 12, 19], [13, 21, 14, 20], [15, 9, 16, 8], [17, 24, 18, 1], [19, 3, 20, 2], [21, 4, 22, 5], [23, 6, 24, 7], [1, 11, 2, 10]]"
12a_1209_62,"[[1, 11, 2, 10], [3, 12, 4, 13], [5, 22, 6, 23], [7, 15, 8, 14], [9, 17, 10, 16], [11, 18, 12, 19], [13, 21, 14, 20], [15, 9, 16, 8], [17, 24, 18, 1], [19, 3, 20, 2], [21, 4, 22, 5], [23, 6, 24, 7]]"
12a_1209_63,"[[23, 6, 24, 7], [1, 11, 2, 10], [3, 12, 4, 13], [5, 22, 6, 23], [7, 15, 8, 14], [9, 17, 10, 16], [11, 18, 12, 19], [13, 21, 14, 20], [15, 9, 16, 8], [17, 24, 18, 1], [19, 3, 20, 2], [21, 4, 22, 5]]"
12a_1209_64,"[[21, 4, 22, 5], [23, 6, 24, 7], [1, 11, 2, 10], [3, 12, 4, 13], [5, 22, 6, 23], [7, 15, 8, 14], [9, 17, 10, 16], [11, 18, 12, 19], [13, 21, 14, 20], [15, 9, 16, 8], [17, 24, 18, 1], [19, 3, 20, 2]]"
12a_1209_65,"[[19, 3, 20, 2], [21, 4, 22, 5], [23, 6, 24, 7], [1, 11, 2, 10], [3, 12, 4, 13], [5, 22, 6, 23], [7, 15, 8, 14], [9, 17, 10, 16], [11, 18, 12, 19], [13, 21, 14, 20], [15, 9, 16, 8], [17, 24, 18, 1]]"
12a_1209_66,"[[17, 24, 18, 1], [19, 3, 20, 2], [21, 4, 22, 5], [23, 6, 24, 7], [1, 11, 2, 10], [3, 12, 4, 13], [5, 22, 6, 23], [7, 15, 8, 14], [9, 17, 10, 16], [11, 18, 12, 19], [13, 21, 14, 20], [15, 9, 16, 8]]"
12a_1209_67,"[[15, 9, 16, 8], [17, 24, 18, 1], [19, 3, 20, 2], [21, 4, 22, 5], [23, 6, 24, 7], [1, 11, 2, 10], [3, 12, 4, 13], [5, 22, 6, 23], [7, 15, 8, 14], [9, 17, 10, 16], [11, 18, 12, 19], [13, 21, 14, 20]]"
12a_1209_68,"[[13, 21, 14, 20], [15, 9, 16, 8], [17, 24, 18, 1], [19, 3, 20, 2], [21, 4, 22, 5], [23, 6, 24, 7], [1, 11, 2, 10], [3, 12, 4, 13], [5, 22, 6, 23], [7, 15, 8, 14], [9, 17, 10, 16], [11, 18, 12, 19]]"
12a_1209_69,"[[11, 18, 12, 19], [13, 21, 14, 20], [15, 9, 16, 8], [17, 24, 18, 1], [19, 3, 20, 2], [21, 4, 22, 5], [23, 6, 24, 7], [1, 11, 2, 10], [3, 12, 4, 13], [5, 22, 6, 23], [7, 15, 8, 14], [9, 17, 10, 16]]"
12a_1209_70,"[[9, 17, 10, 16], [11, 18, 12, 19], [13, 21, 14, 20], [15, 9, 16, 8], [17, 24, 18, 1], [19, 3, 20, 2], [21, 4, 22, 5], [23, 6, 24, 7], [1, 11, 2, 10], [3, 12, 4, 13], [5, 22, 6, 23], [7, 15, 8, 14]]"
12a_1209_71,"[[7, 15, 8, 14], [9, 17, 10, 16], [11, 18, 12, 19], [13, 21, 14, 20], [15, 9, 16, 8], [17, 24, 18, 1], [19, 3, 20, 2], [21, 4, 22, 5], [23, 6, 24, 7], [1, 11, 2, 10], [3, 12, 4, 13], [5, 22, 6, 23]]"
12a_1209_72,"[[6, 23, 7, 24], [8, 16, 9, 15], [10, 18, 11, 17], [12, 19, 13, 20], [14, 22, 15, 21], [16, 10, 17, 9], [18, 1, 19, 2], [20, 4, 21, 3], [22, 5, 23, 6], [24, 7, 1, 8], [2, 12, 3, 11], [4, 13, 5, 14]]"
12a_1209_73,"[[4, 13, 5, 14], [6, 23, 7, 24], [8, 16, 9, 15], [10, 18, 11, 17], [12, 19, 13, 20], [14, 22, 15, 21], [16, 10, 17, 9], [18, 1, 19, 2], [20, 4, 21, 3], [22, 5, 23, 6], [24, 7, 1, 8], [2, 12, 3, 11]]"
12a_1209_74,"[[2, 12, 3, 11], [4, 13, 5, 14], [6, 23, 7, 24], [8, 16, 9, 15], [10, 18, 11, 17], [12, 19, 13, 20], [14, 22, 15, 21], [16, 10, 17, 9], [18, 1, 19, 2], [20, 4, 21, 3], [22, 5, 23, 6], [24, 7, 1, 8]]"
12a_1209_75,"[[24, 7, 1, 8], [2, 12, 3, 11], [4, 13, 5, 14], [6, 23, 7, 24], [8, 16, 9, 15], [10, 18, 11, 17], [12, 19, 13, 20], [14, 22, 15, 21], [16, 10, 17, 9], [18, 1, 19, 2], [20, 4, 21, 3], [22, 5, 23, 6]]"
12a_1209_76,"[[22, 5, 23, 6], [24, 7, 1, 8], [2, 12, 3, 11], [4, 13, 5, 14], [6, 23, 7, 24], [8, 16, 9, 15], [10, 18, 11, 17], [12, 19, 13, 20], [14, 22, 15, 21], [16, 10, 17, 9], [18, 1, 19, 2], [20, 4, 21, 3]]"
12a_1209_77,"[[20, 4, 21, 3], [22, 5, 23, 6], [24, 7, 1, 8], [2, 12, 3, 11], [4, 13, 5, 14], [6, 23, 7, 24], [8, 16, 9, 15], [10, 18, 11, 17], [12, 19, 13, 20], [14, 22, 15, 21], [16, 10, 17, 9], [18, 1, 19, 2]]"
12a_1209_78,"[[18, 1, 19, 2], [20, 4, 21, 3], [22, 5, 23, 6], [24, 7, 1, 8], [2, 12, 3, 11], [4, 13, 5, 14], [6, 23, 7, 24], [8, 16, 9, 15], [10, 18, 11, 17], [12, 19, 13, 20], [14, 22, 15, 21], [16, 10, 17, 9]]"
12a_1209_79,"[[16, 10, 17, 9], [18, 1, 19, 2], [20, 4, 21, 3], [22, 5, 23, 6], [24, 7, 1, 8], [2, 12, 3, 11], [4, 13, 5, 14], [6, 23, 7, 24], [8, 16, 9, 15], [10, 18, 11, 17], [12, 19, 13, 20], [14, 22, 15, 21]]"
12a_1209_80,"[[14, 22, 15, 21], [16, 10, 17, 9], [18, 1, 19, 2], [20, 4, 21, 3], [22, 5, 23, 6], [24, 7, 1, 8], [2, 12, 3, 11], [4, 13, 5, 14], [6, 23, 7, 24], [8, 16, 9, 15], [10, 18, 11, 17], [12, 19, 13, 20]]"
12a_1209_81,"[[12, 19, 13, 20], [14, 22, 15, 21], [16, 10, 17, 9], [18, 1, 19, 2], [20, 4, 21, 3], [22, 5, 23, 6], [24, 7, 1, 8], [2, 12, 3, 11], [4, 13, 5, 14], [6, 23, 7, 24], [8, 16, 9, 15], [10, 18, 11, 17]]"
12a_1209_82,"[[10, 18, 11, 17], [12, 19, 13, 20], [14, 22, 15, 21], [16, 10, 17, 9], [18, 1, 19, 2], [20, 4, 21, 3], [22, 5, 23, 6], [24, 7, 1, 8], [2, 12, 3, 11], [4, 13, 5, 14], [6, 23, 7, 24], [8, 16, 9, 15]]"
12a_1209_83,"[[8, 16, 9, 15], [10, 18, 11, 17], [12, 19, 13, 20], [14, 22, 15, 21], [16, 10, 17, 9], [18, 1, 19, 2], [20, 4, 21, 3], [22, 5, 23, 6], [24, 7, 1, 8], [2, 12, 3, 11], [4, 13, 5, 14], [6, 23, 7, 24]]"
12a_1209_84,"[[7, 24, 8, 1], [9, 17, 10, 16], [11, 19, 12, 18], [13, 20, 14, 21], [15, 23, 16, 22], [17, 11, 18, 10], [19, 2, 20, 3], [21, 5, 22, 4], [23, 6, 24, 7], [1, 8, 2, 9], [3, 13, 4, 12], [5, 14, 6, 15]]"
12a_1209_85,"[[5, 14, 6, 15], [7, 24, 8, 1], [9, 17, 10, 16], [11, 19, 12, 18], [13, 20, 14, 21], [15, 23, 16, 22], [17, 11, 18, 10], [19, 2, 20, 3], [21, 5, 22, 4], [23, 6, 24, 7], [1, 8, 2, 9], [3, 13, 4, 12]]"
12a_1209_86,"[[3, 13, 4, 12], [5, 14, 6, 15], [7, 24, 8, 1], [9, 17, 10, 16], [11, 19, 12, 18], [13, 20, 14, 21], [15, 23, 16, 22], [17, 11, 18, 10], [19, 2, 20, 3], [21, 5, 22, 4], [23, 6, 24, 7], [1, 8, 2, 9]]"
12a_1209_87,"[[1, 8, 2, 9], [3, 13, 4, 12], [5, 14, 6, 15], [7, 24, 8, 1], [9, 17, 10, 16], [11, 19, 12, 18], [13, 20, 14, 21], [15, 23, 16, 22], [17, 11, 18, 10], [19, 2, 20, 3], [21, 5, 22, 4], [23, 6, 24, 7]]"
12a_1209_88,"[[23, 6, 24, 7], [1, 8, 2, 9], [3, 13, 4, 12], [5, 14, 6, 15], [7, 24, 8, 1], [9, 17, 10, 16], [11, 19, 12, 18], [13, 20, 14, 21], [15, 23, 16, 22], [17, 11, 18, 10], [19, 2, 20, 3], [21, 5, 22, 4]]"
12a_1209_89,"[[21, 5, 22, 4], [23, 6, 24, 7], [1, 8, 2, 9], [3, 13, 4, 12], [5, 14, 6, 15], [7, 24, 8, 1], [9, 17, 10, 16], [11, 19, 12, 18], [13, 20, 14, 21], [15, 23, 16, 22], [17, 11, 18, 10], [19, 2, 20, 3]]"
12a_1209_90,"[[19, 2, 20, 3], [21, 5, 22, 4], [23, 6, 24, 7], [1, 8, 2, 9], [3, 13, 4, 12], [5, 14, 6, 15], [7, 24, 8, 1], [9, 17, 10, 16], [11, 19, 12, 18], [13, 20, 14, 21], [15, 23, 16, 22], [17, 11, 18, 10]]"
12a_1209_91,"[[17, 11, 18, 10], [19, 2, 20, 3], [21, 5, 22, 4], [23, 6, 24, 7], [1, 8, 2, 9], [3, 13, 4, 12], [5, 14, 6, 15], [7, 24, 8, 1], [9, 17, 10, 16], [11, 19, 12, 18], [13, 20, 14, 21], [15, 23, 16, 22]]"
12a_1209_92,"[[15, 23, 16, 22], [17, 11, 18, 10], [19, 2, 20, 3], [21, 5, 22, 4], [23, 6, 24, 7], [1, 8, 2, 9], [3, 13, 4, 12], [5, 14, 6, 15], [7, 24, 8, 1], [9, 17, 10, 16], [11, 19, 12, 18], [13, 20, 14, 21]]"
12a_1209_93,"[[13, 20, 14, 21], [15, 23, 16, 22], [17, 11, 18, 10], [19, 2, 20, 3], [21, 5, 22, 4], [23, 6, 24, 7], [1, 8, 2, 9], [3, 13, 4, 12], [5, 14, 6, 15], [7, 24, 8, 1], [9, 17, 10, 16], [11, 19, 12, 18]]"
12a_1209_94,"[[11, 19, 12, 18], [13, 20, 14, 21], [15, 23, 16, 22], [17, 11, 18, 10], [19, 2, 20, 3], [21, 5, 22, 4], [23, 6, 24, 7], [1, 8, 2, 9], [3, 13, 4, 12], [5, 14, 6, 15], [7, 24, 8, 1], [9, 17, 10, 16]]"
12a_1209_95,"[[9, 17, 10, 16], [11, 19, 12, 18], [13, 20, 14, 21], [15, 23, 16, 22], [17, 11, 18, 10], [19, 2, 20, 3], [21, 5, 22, 4], [23, 6, 24, 7], [1, 8, 2, 9], [3, 13, 4, 12], [5, 14, 6, 15], [7, 24, 8, 1]]"
12a_1209_96,"[[8, 1, 9, 2], [10, 18, 11, 17], [12, 20, 13, 19], [14, 21, 15, 22], [16, 24, 17, 23], [18, 12, 19, 11], [20, 3, 21, 4], [22, 6, 23, 5], [24, 7, 1, 8], [2, 9, 3, 10], [4, 14, 5, 13], [6, 15, 7, 16]]"
12a_1209_97,"[[6, 15, 7, 16], [8, 1, 9, 2], [10, 18, 11, 17], [12, 20, 13, 19], [14, 21, 15, 22], [16, 24, 17, 23], [18, 12, 19, 11], [20, 3, 21, 4], [22, 6, 23, 5], [24, 7, 1, 8], [2, 9, 3, 10], [4, 14, 5, 13]]"
12a_1209_98,"[[4, 14, 5, 13], [6, 15, 7, 16], [8, 1, 9, 2], [10, 18, 11, 17], [12, 20, 13, 19], [14, 21, 15, 22], [16, 24, 17, 23], [18, 12, 19, 11], [20, 3, 21, 4], [22, 6, 23, 5], [24, 7, 1, 8], [2, 9, 3, 10]]"
12a_1209_99,"[[2, 9, 3, 10], [4, 14, 5, 13], [6, 15, 7, 16], [8, 1, 9, 2], [10, 18, 11, 17], [12, 20, 13, 19], [14, 21, 15, 22], [16, 24, 17, 23], [18, 12, 19, 11], [20, 3, 21, 4], [22, 6, 23, 5], [24, 7, 1, 8]]"
12a_1209_100,"[[24, 7, 1, 8], [2, 9, 3, 10], [4, 14, 5, 13], [6, 15, 7, 16], [8, 1, 9, 2], [10, 18, 11, 17], [12, 20, 13, 19], [14, 21, 15, 22], [16, 24, 17, 23], [18, 12, 19, 11], [20, 3, 21, 4], [22, 6, 23, 5]]"
12a_1209_101,"[[22, 6, 23, 5], [24, 7, 1, 8], [2, 9, 3, 10], [4, 14, 5, 13], [6, 15, 7, 16], [8, 1, 9, 2], [10, 18, 11, 17], [12, 20, 13, 19], [14, 21, 15, 22], [16, 24, 17, 23], [18, 12, 19, 11], [20, 3, 21, 4]]"
12a_1209_102,"[[20, 3, 21, 4], [22, 6, 23, 5], [24, 7, 1, 8], [2, 9, 3, 10], [4, 14, 5, 13], [6, 15, 7, 16], [8, 1, 9, 2], [10, 18, 11, 17], [12, 20, 13, 19], [14, 21, 15, 22], [16, 24, 17, 23], [18, 12, 19, 11]]"
12a_1209_103,"[[18, 12, 19, 11], [20, 3, 21, 4], [22, 6, 23, 5], [24, 7, 1, 8], [2, 9, 3, 10], [4, 14, 5, 13], [6, 15, 7, 16], [8, 1, 9, 2], [10, 18, 11, 17], [12, 20, 13, 19], [14, 21, 15, 22], [16, 24, 17, 23]]"
12a_1209_104,"[[16, 24, 17, 23], [18, 12, 19, 11], [20, 3, 21, 4], [22, 6, 23, 5], [24, 7, 1, 8], [2, 9, 3, 10], [4, 14, 5, 13], [6, 15, 7, 16], [8, 1, 9, 2], [10, 18, 11, 17], [12, 20, 13, 19], [14, 21, 15, 22]]"
12a_1209_105,"[[14, 21, 15, 22], [16, 24, 17, 23], [18, 12, 19, 11], [20, 3, 21, 4], [22, 6, 23, 5], [24, 7, 1, 8], [2, 9, 3, 10], [4, 14, 5, 13], [6, 15, 7, 16], [8, 1, 9, 2], [10, 18, 11, 17], [12, 20, 13, 19]]"
12a_1209_106,"[[12, 20, 13, 19], [14, 21, 15, 22], [16, 24, 17, 23], [18, 12, 19, 11], [20, 3, 21, 4], [22, 6, 23, 5], [24, 7, 1, 8], [2, 9, 3, 10], [4, 14, 5, 13], [6, 15, 7, 16], [8, 1, 9, 2], [10, 18, 11, 17]]"
12a_1209_107,"[[10, 18, 11, 17], [12, 20, 13, 19], [14, 21, 15, 22], [16, 24, 17, 23], [18, 12, 19, 11], [20, 3, 21, 4], [22, 6, 23, 5], [24, 7, 1, 8], [2, 9, 3, 10], [4, 14, 5, 13], [6, 15, 7, 16], [8, 1, 9, 2]]"
12a_1209_108,"[[9, 2, 10, 3], [11, 19, 12, 18], [13, 21, 14, 20], [15, 22, 16, 23], [17, 1, 18, 24], [19, 13, 20, 12], [21, 4, 22, 5], [23, 7, 24, 6], [1, 8, 2, 9], [3, 10, 4, 11], [5, 15, 6, 14], [7, 16, 8, 17]]"
12a_1209_109,"[[7, 16, 8, 17], [9, 2, 10, 3], [11, 19, 12, 18], [13, 21, 14, 20], [15, 22, 16, 23], [17, 1, 18, 24], [19, 13, 20, 12], [21, 4, 22, 5], [23, 7, 24, 6], [1, 8, 2, 9], [3, 10, 4, 11], [5, 15, 6, 14]]"
12a_1209_110,"[[5, 15, 6, 14], [7, 16, 8, 17], [9, 2, 10, 3], [11, 19, 12, 18], [13, 21, 14, 20], [15, 22, 16, 23], [17, 1, 18, 24], [19, 13, 20, 12], [21, 4, 22, 5], [23, 7, 24, 6], [1, 8, 2, 9], [3, 10, 4, 11]]"
12a_1209_111,"[[3, 10, 4, 11], [5, 15, 6, 14], [7, 16, 8, 17], [9, 2, 10, 3], [11, 19, 12, 18], [13, 21, 14, 20], [15, 22, 16, 23], [17, 1, 18, 24], [19, 13, 20, 12], [21, 4, 22, 5], [23, 7, 24, 6], [1, 8, 2, 9]]"
12a_1209_112,"[[1, 8, 2, 9], [3, 10, 4, 11], [5, 15, 6, 14], [7, 16, 8, 17], [9, 2, 10, 3], [11, 19, 12, 18], [13, 21, 14, 20], [15, 22, 16, 23], [17, 1, 18, 24], [19, 13, 20, 12], [21, 4, 22, 5], [23, 7, 24, 6]]"
12a_1209_113,"[[23, 7, 24, 6], [1, 8, 2, 9], [3, 10, 4, 11], [5, 15, 6, 14], [7, 16, 8, 17], [9, 2, 10, 3], [11, 19, 12, 18], [13, 21, 14, 20], [15, 22, 16, 23], [17, 1, 18, 24], [19, 13, 20, 12], [21, 4, 22, 5]]"
12a_1209_114,"[[21, 4, 22, 5], [23, 7, 24, 6], [1, 8, 2, 9], [3, 10, 4, 11], [5, 15, 6, 14], [7, 16, 8, 17], [9, 2, 10, 3], [11, 19, 12, 18], [13, 21, 14, 20], [15, 22, 16, 23], [17, 1, 18, 24], [19, 13, 20, 12]]"
12a_1209_115,"[[19, 13, 20, 12], [21, 4, 22, 5], [23, 7, 24, 6], [1, 8, 2, 9], [3, 10, 4, 11], [5, 15, 6, 14], [7, 16, 8, 17], [9, 2, 10, 3], [11, 19, 12, 18], [13, 21, 14, 20], [15, 22, 16, 23], [17, 1, 18, 24]]"
12a_1209_116,"[[17, 1, 18, 24], [19, 13, 20, 12], [21, 4, 22, 5], [23, 7, 24, 6], [1, 8, 2, 9], [3, 10, 4, 11], [5, 15, 6, 14], [7, 16, 8, 17], [9, 2, 10, 3], [11, 19, 12, 18], [13, 21, 14, 20], [15, 22, 16, 23]]"
12a_1209_117,"[[15, 22, 16, 23], [17, 1, 18, 24], [19, 13, 20, 12], [21, 4, 22, 5], [23, 7, 24, 6], [1, 8, 2, 9], [3, 10, 4, 11], [5, 15, 6, 14], [7, 16, 8, 17], [9, 2, 10, 3], [11, 19, 12, 18], [13, 21, 14, 20]]"
12a_1209_118,"[[13, 21, 14, 20], [15, 22, 16, 23], [17, 1, 18, 24], [19, 13, 20, 12], [21, 4, 22, 5], [23, 7, 24, 6], [1, 8, 2, 9], [3, 10, 4, 11], [5, 15, 6, 14], [7, 16, 8, 17], [9, 2, 10, 3], [11, 19, 12, 18]]"
12a_1209_119,"[[11, 19, 12, 18], [13, 21, 14, 20], [15, 22, 16, 23], [17, 1, 18, 24], [19, 13, 20, 12], [21, 4, 22, 5], [23, 7, 24, 6], [1, 8, 2, 9], [3, 10, 4, 11], [5, 15, 6, 14], [7, 16, 8, 17], [9, 2, 10, 3]]"
12a_1209_120,"[[10, 3, 11, 4], [12, 20, 13, 19], [14, 22, 15, 21], [16, 23, 17, 24], [18, 2, 19, 1], [20, 14, 21, 13], [22, 5, 23, 6], [24, 8, 1, 7], [2, 9, 3, 10], [4, 11, 5, 12], [6, 16, 7, 15], [8, 17, 9, 18]]"
12a_1209_121,"[[8, 17, 9, 18], [10, 3, 11, 4], [12, 20, 13, 19], [14, 22, 15, 21], [16, 23, 17, 24], [18, 2, 19, 1], [20, 14, 21, 13], [22, 5, 23, 6], [24, 8, 1, 7], [2, 9, 3, 10], [4, 11, 5, 12], [6, 16, 7, 15]]"
12a_1209_122,"[[6, 16, 7, 15], [8, 17, 9, 18], [10, 3, 11, 4], [12, 20, 13, 19], [14, 22, 15, 21], [16, 23, 17, 24], [18, 2, 19, 1], [20, 14, 21, 13], [22, 5, 23, 6], [24, 8, 1, 7], [2, 9, 3, 10], [4, 11, 5, 12]]"
12a_1209_123,"[[4, 11, 5, 12], [6, 16, 7, 15], [8, 17, 9, 18], [10, 3, 11, 4], [12, 20, 13, 19], [14, 22, 15, 21], [16, 23, 17, 24], [18, 2, 19, 1], [20, 14, 21, 13], [22, 5, 23, 6], [24, 8, 1, 7], [2, 9, 3, 10]]"
12a_1209_124,"[[2, 9, 3, 10], [4, 11, 5, 12], [6, 16, 7, 15], [8, 17, 9, 18], [10, 3, 11, 4], [12, 20, 13, 19], [14, 22, 15, 21], [16, 23, 17, 24], [18, 2, 19, 1], [20, 14, 21, 13], [22, 5, 23, 6], [24, 8, 1, 7]]"
12a_1209_125,"[[24, 8, 1, 7], [2, 9, 3, 10], [4, 11, 5, 12], [6, 16, 7, 15], [8, 17, 9, 18], [10, 3, 11, 4], [12, 20, 13, 19], [14, 22, 15, 21], [16, 23, 17, 24], [18, 2, 19, 1], [20, 14, 21, 13], [22, 5, 23, 6]]"
12a_1209_126,"[[22, 5, 23, 6], [24, 8, 1, 7], [2, 9, 3, 10], [4, 11, 5, 12], [6, 16, 7, 15], [8, 17, 9, 18], [10, 3, 11, 4], [12, 20, 13, 19], [14, 22, 15, 21], [16, 23, 17, 24], [18, 2, 19, 1], [20, 14, 21, 13]]"
12a_1209_127,"[[20, 14, 21, 13], [22, 5, 23, 6], [24, 8, 1, 7], [2, 9, 3, 10], [4, 11, 5, 12], [6, 16, 7, 15], [8, 17, 9, 18], [10, 3, 11, 4], [12, 20, 13, 19], [14, 22, 15, 21], [16, 23, 17, 24], [18, 2, 19, 1]]"
12a_1209_128,"[[18, 2, 19, 1], [20, 14, 21, 13], [22, 5, 23, 6], [24, 8, 1, 7], [2, 9, 3, 10], [4, 11, 5, 12], [6, 16, 7, 15], [8, 17, 9, 18], [10, 3, 11, 4], [12, 20, 13, 19], [14, 22, 15, 21], [16, 23, 17, 24]]"
12a_1209_129,"[[16, 23, 17, 24], [18, 2, 19, 1], [20, 14, 21, 13], [22, 5, 23, 6], [24, 8, 1, 7], [2, 9, 3, 10], [4, 11, 5, 12], [6, 16, 7, 15], [8, 17, 9, 18], [10, 3, 11, 4], [12, 20, 13, 19], [14, 22, 15, 21]]"
12a_1209_130,"[[14, 22, 15, 21], [16, 23, 17, 24], [18, 2, 19, 1], [20, 14, 21, 13], [22, 5, 23, 6], [24, 8, 1, 7], [2, 9, 3, 10], [4, 11, 5, 12], [6, 16, 7, 15], [8, 17, 9, 18], [10, 3, 11, 4], [12, 20, 13, 19]]"
12a_1209_131,"[[12, 20, 13, 19], [14, 22, 15, 21], [16, 23, 17, 24], [18, 2, 19, 1], [20, 14, 21, 13], [22, 5, 23, 6], [24, 8, 1, 7], [2, 9, 3, 10], [4, 11, 5, 12], [6, 16, 7, 15], [8, 17, 9, 18], [10, 3, 11, 4]]"
12a_1209_132,"[[11, 4, 12, 5], [13, 21, 14, 20], [15, 23, 16, 22], [17, 24, 18, 1], [19, 3, 20, 2], [21, 15, 22, 14], [23, 6, 24, 7], [1, 9, 2, 8], [3, 10, 4, 11], [5, 12, 6, 13], [7, 17, 8, 16], [9, 18, 10, 19]]"
12a_1209_133,"[[9, 18, 10, 19], [11, 4, 12, 5], [13, 21, 14, 20], [15, 23, 16, 22], [17, 24, 18, 1], [19, 3, 20, 2], [21, 15, 22, 14], [23, 6, 24, 7], [1, 9, 2, 8], [3, 10, 4, 11], [5, 12, 6, 13], [7, 17, 8, 16]]"
12a_1209_134,"[[7, 17, 8, 16], [9, 18, 10, 19], [11, 4, 12, 5], [13, 21, 14, 20], [15, 23, 16, 22], [17, 24, 18, 1], [19, 3, 20, 2], [21, 15, 22, 14], [23, 6, 24, 7], [1, 9, 2, 8], [3, 10, 4, 11], [5, 12, 6, 13]]"
12a_1209_135,"[[5, 12, 6, 13], [7, 17, 8, 16], [9, 18, 10, 19], [11, 4, 12, 5], [13, 21, 14, 20], [15, 23, 16, 22], [17, 24, 18, 1], [19, 3, 20, 2], [21, 15, 22, 14], [23, 6, 24, 7], [1, 9, 2, 8], [3, 10, 4, 11]]"
12a_1209_136,"[[3, 10, 4, 11], [5, 12, 6, 13], [7, 17, 8, 16], [9, 18, 10, 19], [11, 4, 12, 5], [13, 21, 14, 20], [15, 23, 16, 22], [17, 24, 18, 1], [19, 3, 20, 2], [21, 15, 22, 14], [23, 6, 24, 7], [1, 9, 2, 8]]"
12a_1209_137,"[[1, 9, 2, 8], [3, 10, 4, 11], [5, 12, 6, 13], [7, 17, 8, 16], [9, 18, 10, 19], [11, 4, 12, 5], [13, 21, 14, 20], [15, 23, 16, 22], [17, 24, 18, 1], [19, 3, 20, 2], [21, 15, 22, 14], [23, 6, 24, 7]]"
12a_1209_138,"[[23, 6, 24, 7], [1, 9, 2, 8], [3, 10, 4, 11], [5, 12, 6, 13], [7, 17, 8, 16], [9, 18, 10, 19], [11, 4, 12, 5], [13, 21, 14, 20], [15, 23, 16, 22], [17, 24, 18, 1], [19, 3, 20, 2], [21, 15, 22, 14]]"
12a_1209_139,"[[21, 15, 22, 14], [23, 6, 24, 7], [1, 9, 2, 8], [3, 10, 4, 11], [5, 12, 6, 13], [7, 17, 8, 16], [9, 18, 10, 19], [11, 4, 12, 5], [13, 21, 14, 20], [15, 23, 16, 22], [17, 24, 18, 1], [19, 3, 20, 2]]"
12a_1209_140,"[[19, 3, 20, 2], [21, 15, 22, 14], [23, 6, 24, 7], [1, 9, 2, 8], [3, 10, 4, 11], [5, 12, 6, 13], [7, 17, 8, 16], [9, 18, 10, 19], [11, 4, 12, 5], [13, 21, 14, 20], [15, 23, 16, 22], [17, 24, 18, 1]]"
12a_1209_141,"[[17, 24, 18, 1], [19, 3, 20, 2], [21, 15, 22, 14], [23, 6, 24, 7], [1, 9, 2, 8], [3, 10, 4, 11], [5, 12, 6, 13], [7, 17, 8, 16], [9, 18, 10, 19], [11, 4, 12, 5], [13, 21, 14, 20], [15, 23, 16, 22]]"
12a_1209_142,"[[15, 23, 16, 22], [17, 24, 18, 1], [19, 3, 20, 2], [21, 15, 22, 14], [23, 6, 24, 7], [1, 9, 2, 8], [3, 10, 4, 11], [5, 12, 6, 13], [7, 17, 8, 16], [9, 18, 10, 19], [11, 4, 12, 5], [13, 21, 14, 20]]"
12a_1209_143,"[[13, 21, 14, 20], [15, 23, 16, 22], [17, 24, 18, 1], [19, 3, 20, 2], [21, 15, 22, 14], [23, 6, 24, 7], [1, 9, 2, 8], [3, 10, 4, 11], [5, 12, 6, 13], [7, 17, 8, 16], [9, 18, 10, 19], [11, 4, 12, 5]]"
12a_1209_144,"[[12, 5, 13, 6], [14, 22, 15, 21], [16, 24, 17, 23], [18, 1, 19, 2], [20, 4, 21, 3], [22, 16, 23, 15], [24, 7, 1, 8], [2, 10, 3, 9], [4, 11, 5, 12], [6, 13, 7, 14], [8, 18, 9, 17], [10, 19, 11, 20]]"
12a_1209_145,"[[10, 19, 11, 20], [12, 5, 13, 6], [14, 22, 15, 21], [16, 24, 17, 23], [18, 1, 19, 2], [20, 4, 21, 3], [22, 16, 23, 15], [24, 7, 1, 8], [2, 10, 3, 9], [4, 11, 5, 12], [6, 13, 7, 14], [8, 18, 9, 17]]"
12a_1209_146,"[[8, 18, 9, 17], [10, 19, 11, 20], [12, 5, 13, 6], [14, 22, 15, 21], [16, 24, 17, 23], [18, 1, 19, 2], [20, 4, 21, 3], [22, 16, 23, 15], [24, 7, 1, 8], [2, 10, 3, 9], [4, 11, 5, 12], [6, 13, 7, 14]]"
12a_1209_147,"[[6, 13, 7, 14], [8, 18, 9, 17], [10, 19, 11, 20], [12, 5, 13, 6], [14, 22, 15, 21], [16, 24, 17, 23], [18, 1, 19, 2], [20, 4, 21, 3], [22, 16, 23, 15], [24, 7, 1, 8], [2, 10, 3, 9], [4, 11, 5, 12]]"
12a_1209_148,"[[4, 11, 5, 12], [6, 13, 7, 14], [8, 18, 9, 17], [10, 19, 11, 20], [12, 5, 13, 6], [14, 22, 15, 21], [16, 24, 17, 23], [18, 1, 19, 2], [20, 4, 21, 3], [22, 16, 23, 15], [24, 7, 1, 8], [2, 10, 3, 9]]"
12a_1209_149,"[[2, 10, 3, 9], [4, 11, 5, 12], [6, 13, 7, 14], [8, 18, 9, 17], [10, 19, 11, 20], [12, 5, 13, 6], [14, 22, 15, 21], [16, 24, 17, 23], [18, 1, 19, 2], [20, 4, 21, 3], [22, 16, 23, 15], [24, 7, 1, 8]]"
12a_1209_150,"[[24, 7, 1, 8], [2, 10, 3, 9], [4, 11, 5, 12], [6, 13, 7, 14], [8, 18, 9, 17], [10, 19, 11, 20], [12, 5, 13, 6], [14, 22, 15, 21], [16, 24, 17, 23], [18, 1, 19, 2], [20, 4, 21, 3], [22, 16, 23, 15]]"
12a_1209_151,"[[22, 16, 23, 15], [24, 7, 1, 8], [2, 10, 3, 9], [4, 11, 5, 12], [6, 13, 7, 14], [8, 18, 9, 17], [10, 19, 11, 20], [12, 5, 13, 6], [14, 22, 15, 21], [16, 24, 17, 23], [18, 1, 19, 2], [20, 4, 21, 3]]"
12a_1209_152,"[[20, 4, 21, 3], [22, 16, 23, 15], [24, 7, 1, 8], [2, 10, 3, 9], [4, 11, 5, 12], [6, 13, 7, 14], [8, 18, 9, 17], [10, 19, 11, 20], [12, 5, 13, 6], [14, 22, 15, 21], [16, 24, 17, 23], [18, 1, 19, 2]]"
12a_1209_153,"[[18, 1, 19, 2], [20, 4, 21, 3], [22, 16, 23, 15], [24, 7, 1, 8], [2, 10, 3, 9], [4, 11, 5, 12], [6, 13, 7, 14], [8, 18, 9, 17], [10, 19, 11, 20], [12, 5, 13, 6], [14, 22, 15, 21], [16, 24, 17, 23]]"
12a_1209_154,"[[16, 24, 17, 23], [18, 1, 19, 2], [20, 4, 21, 3], [22, 16, 23, 15], [24, 7, 1, 8], [2, 10, 3, 9], [4, 11, 5, 12], [6, 13, 7, 14], [8, 18, 9, 17], [10, 19, 11, 20], [12, 5, 13, 6], [14, 22, 15, 21]]"
12a_1209_155,"[[14, 22, 15, 21], [16, 24, 17, 23], [18, 1, 19, 2], [20, 4, 21, 3], [22, 16, 23, 15], [24, 7, 1, 8], [2, 10, 3, 9], [4, 11, 5, 12], [6, 13, 7, 14], [8, 18, 9, 17], [10, 19, 11, 20], [12, 5, 13, 6]]"
12a_1209_156,"[[13, 6, 14, 7], [15, 23, 16, 22], [17, 1, 18, 24], [19, 2, 20, 3], [21, 5, 22, 4], [23, 17, 24, 16], [1, 8, 2, 9], [3, 11, 4, 10], [5, 12, 6, 13], [7, 14, 8, 15], [9, 19, 10, 18], [11, 20, 12, 21]]"
12a_1209_157,"[[11, 20, 12, 21], [13, 6, 14, 7], [15, 23, 16, 22], [17, 1, 18, 24], [19, 2, 20, 3], [21, 5, 22, 4], [23, 17, 24, 16], [1, 8, 2, 9], [3, 11, 4, 10], [5, 12, 6, 13], [7, 14, 8, 15], [9, 19, 10, 18]]"
12a_1209_158,"[[9, 19, 10, 18], [11, 20, 12, 21], [13, 6, 14, 7], [15, 23, 16, 22], [17, 1, 18, 24], [19, 2, 20, 3], [21, 5, 22, 4], [23, 17, 24, 16], [1, 8, 2, 9], [3, 11, 4, 10], [5, 12, 6, 13], [7, 14, 8, 15]]"
12a_1209_159,"[[7, 14, 8, 15], [9, 19, 10, 18], [11, 20, 12, 21], [13, 6, 14, 7], [15, 23, 16, 22], [17, 1, 18, 24], [19, 2, 20, 3], [21, 5, 22, 4], [23, 17, 24, 16], [1, 8, 2, 9], [3, 11, 4, 10], [5, 12, 6, 13]]"
12a_1209_160,"[[5, 12, 6, 13], [7, 14, 8, 15], [9, 19, 10, 18], [11, 20, 12, 21], [13, 6, 14, 7], [15, 23, 16, 22], [17, 1, 18, 24], [19, 2, 20, 3], [21, 5, 22, 4], [23, 17, 24, 16], [1, 8, 2, 9], [3, 11, 4, 10]]"
12a_1209_161,"[[3, 11, 4, 10], [5, 12, 6, 13], [7, 14, 8, 15], [9, 19, 10, 18], [11, 20, 12, 21], [13, 6, 14, 7], [15, 23, 16, 22], [17, 1, 18, 24], [19, 2, 20, 3], [21, 5, 22, 4], [23, 17, 24, 16], [1, 8, 2, 9]]"
12a_1209_162,"[[1, 8, 2, 9], [3, 11, 4, 10], [5, 12, 6, 13], [7, 14, 8, 15], [9, 19, 10, 18], [11, 20, 12, 21], [13, 6, 14, 7], [15, 23, 16, 22], [17, 1, 18, 24], [19, 2, 20, 3], [21, 5, 22, 4], [23, 17, 24, 16]]"
12a_1209_163,"[[23, 17, 24, 16], [1, 8, 2, 9], [3, 11, 4, 10], [5, 12, 6, 13], [7, 14, 8, 15], [9, 19, 10, 18], [11, 20, 12, 21], [13, 6, 14, 7], [15, 23, 16, 22], [17, 1, 18, 24], [19, 2, 20, 3], [21, 5, 22, 4]]"
12a_1209_164,"[[21, 5, 22, 4], [23, 17, 24, 16], [1, 8, 2, 9], [3, 11, 4, 10], [5, 12, 6, 13], [7, 14, 8, 15], [9, 19, 10, 18], [11, 20, 12, 21], [13, 6, 14, 7], [15, 23, 16, 22], [17, 1, 18, 24], [19, 2, 20, 3]]"
12a_1209_165,"[[19, 2, 20, 3], [21, 5, 22, 4], [23, 17, 24, 16], [1, 8, 2, 9], [3, 11, 4, 10], [5, 12, 6, 13], [7, 14, 8, 15], [9, 19, 10, 18], [11, 20, 12, 21], [13, 6, 14, 7], [15, 23, 16, 22], [17, 1, 18, 24]]"
12a_1209_166,"[[17, 1, 18, 24], [19, 2, 20, 3], [21, 5, 22, 4], [23, 17, 24, 16], [1, 8, 2, 9], [3, 11, 4, 10], [5, 12, 6, 13], [7, 14, 8, 15], [9, 19, 10, 18], [11, 20, 12, 21], [13, 6, 14, 7], [15, 23, 16, 22]]"
12a_1209_167,"[[15, 23, 16, 22], [17, 1, 18, 24], [19, 2, 20, 3], [21, 5, 22, 4], [23, 17, 24, 16], [1, 8, 2, 9], [3, 11, 4, 10], [5, 12, 6, 13], [7, 14, 8, 15], [9, 19, 10, 18], [11, 20, 12, 21], [13, 6, 14, 7]]"
12a_1209_168,"[[14, 7, 15, 8], [16, 24, 17, 23], [18, 2, 19, 1], [20, 3, 21, 4], [22, 6, 23, 5], [24, 18, 1, 17], [2, 9, 3, 10], [4, 12, 5, 11], [6, 13, 7, 14], [8, 15, 9, 16], [10, 20, 11, 19], [12, 21, 13, 22]]"
12a_1209_169,"[[12, 21, 13, 22], [14, 7, 15, 8], [16, 24, 17, 23], [18, 2, 19, 1], [20, 3, 21, 4], [22, 6, 23, 5], [24, 18, 1, 17], [2, 9, 3, 10], [4, 12, 5, 11], [6, 13, 7, 14], [8, 15, 9, 16], [10, 20, 11, 19]]"
12a_1209_170,"[[10, 20, 11, 19], [12, 21, 13, 22], [14, 7, 15, 8], [16, 24, 17, 23], [18, 2, 19, 1], [20, 3, 21, 4], [22, 6, 23, 5], [24, 18, 1, 17], [2, 9, 3, 10], [4, 12, 5, 11], [6, 13, 7, 14], [8, 15, 9, 16]]"
12a_1209_171,"[[8, 15, 9, 16], [10, 20, 11, 19], [12, 21, 13, 22], [14, 7, 15, 8], [16, 24, 17, 23], [18, 2, 19, 1], [20, 3, 21, 4], [22, 6, 23, 5], [24, 18, 1, 17], [2, 9, 3, 10], [4, 12, 5, 11], [6, 13, 7, 14]]"
12a_1209_172,"[[6, 13, 7, 14], [8, 15, 9, 16], [10, 20, 11, 19], [12, 21, 13, 22], [14, 7, 15, 8], [16, 24, 17, 23], [18, 2, 19, 1], [20, 3, 21, 4], [22, 6, 23, 5], [24, 18, 1, 17], [2, 9, 3, 10], [4, 12, 5, 11]]"
12a_1209_173,"[[4, 12, 5, 11], [6, 13, 7, 14], [8, 15, 9, 16], [10, 20, 11, 19], [12, 21, 13, 22], [14, 7, 15, 8], [16, 24, 17, 23], [18, 2, 19, 1], [20, 3, 21, 4], [22, 6, 23, 5], [24, 18, 1, 17], [2, 9, 3, 10]]"
12a_1209_174,"[[2, 9, 3, 10], [4, 12, 5, 11], [6, 13, 7, 14], [8, 15, 9, 16], [10, 20, 11, 19], [12, 21, 13, 22], [14, 7, 15, 8], [16, 24, 17, 23], [18, 2, 19, 1], [20, 3, 21, 4], [22, 6, 23, 5], [24, 18, 1, 17]]"
12a_1209_175,"[[24, 18, 1, 17], [2, 9, 3, 10], [4, 12, 5, 11], [6, 13, 7, 14], [8, 15, 9, 16], [10, 20, 11, 19], [12, 21, 13, 22], [14, 7, 15, 8], [16, 24, 17, 23], [18, 2, 19, 1], [20, 3, 21, 4], [22, 6, 23, 5]]"
12a_1209_176,"[[22, 6, 23, 5], [24, 18, 1, 17], [2, 9, 3, 10], [4, 12, 5, 11], [6, 13, 7, 14], [8, 15, 9, 16], [10, 20, 11, 19], [12, 21, 13, 22], [14, 7, 15, 8], [16, 24, 17, 23], [18, 2, 19, 1], [20, 3, 21, 4]]"
12a_1209_177,"[[20, 3, 21, 4], [22, 6, 23, 5], [24, 18, 1, 17], [2, 9, 3, 10], [4, 12, 5, 11], [6, 13, 7, 14], [8, 15, 9, 16], [10, 20, 11, 19], [12, 21, 13, 22], [14, 7, 15, 8], [16, 24, 17, 23], [18, 2, 19, 1]]"
12a_1209_178,"[[18, 2, 19, 1], [20, 3, 21, 4], [22, 6, 23, 5], [24, 18, 1, 17], [2, 9, 3, 10], [4, 12, 5, 11], [6, 13, 7, 14], [8, 15, 9, 16], [10, 20, 11, 19], [12, 21, 13, 22], [14, 7, 15, 8], [16, 24, 17, 23]]"
12a_1209_179,"[[16, 24, 17, 23], [18, 2, 19, 1], [20, 3, 21, 4], [22, 6, 23, 5], [24, 18, 1, 17], [2, 9, 3, 10], [4, 12, 5, 11], [6, 13, 7, 14], [8, 15, 9, 16], [10, 20, 11, 19], [12, 21, 13, 22], [14, 7, 15, 8]]"
12a_1209_180,"[[15, 8, 16, 9], [17, 1, 18, 24], [19, 3, 20, 2], [21, 4, 22, 5], [23, 7, 24, 6], [1, 19, 2, 18], [3, 10, 4, 11], [5, 13, 6, 12], [7, 14, 8, 15], [9, 16, 10, 17], [11, 21, 12, 20], [13, 22, 14, 23]]"
12a_1209_181,"[[13, 22, 14, 23], [15, 8, 16, 9], [17, 1, 18, 24], [19, 3, 20, 2], [21, 4, 22, 5], [23, 7, 24, 6], [1, 19, 2, 18], [3, 10, 4, 11], [5, 13, 6, 12], [7, 14, 8, 15], [9, 16, 10, 17], [11, 21, 12, 20]]"
12a_1209_182,"[[11, 21, 12, 20], [13, 22, 14, 23], [15, 8, 16, 9], [17, 1, 18, 24], [19, 3, 20, 2], [21, 4, 22, 5], [23, 7, 24, 6], [1, 19, 2, 18], [3, 10, 4, 11], [5, 13, 6, 12], [7, 14, 8, 15], [9, 16, 10, 17]]"
12a_1209_183,"[[9, 16, 10, 17], [11, 21, 12, 20], [13, 22, 14, 23], [15, 8, 16, 9], [17, 1, 18, 24], [19, 3, 20, 2], [21, 4, 22, 5], [23, 7, 24, 6], [1, 19, 2, 18], [3, 10, 4, 11], [5, 13, 6, 12], [7, 14, 8, 15]]"
12a_1209_184,"[[7, 14, 8, 15], [9, 16, 10, 17], [11, 21, 12, 20], [13, 22, 14, 23], [15, 8, 16, 9], [17, 1, 18, 24], [19, 3, 20, 2], [21, 4, 22, 5], [23, 7, 24, 6], [1, 19, 2, 18], [3, 10, 4, 11], [5, 13, 6, 12]]"
12a_1209_185,"[[5, 13, 6, 12], [7, 14, 8, 15], [9, 16, 10, 17], [11, 21, 12, 20], [13, 22, 14, 23], [15, 8, 16, 9], [17, 1, 18, 24], [19, 3, 20, 2], [21, 4, 22, 5], [23, 7, 24, 6], [1, 19, 2, 18], [3, 10, 4, 11]]"
