name,pd_notation
12a_1278_0,"[[24, 12, 1, 11], [2, 10, 3, 9], [4, 15, 5, 16], [6, 17, 7, 18], [8, 19, 9, 20], [10, 2, 11, 1], [12, 24, 13, 23], [14, 22, 15, 21], [16, 5, 17, 6], [18, 7, 19, 8], [20, 3, 21, 4], [22, 14, 23, 13]]"
12a_1278_1,"[[22, 14, 23, 13], [24, 12, 1, 11], [2, 10, 3, 9], [4, 15, 5, 16], [6, 17, 7, 18], [8, 19, 9, 20], [10, 2, 11, 1], [12, 24, 13, 23], [14, 22, 15, 21], [16, 5, 17, 6], [18, 7, 19, 8], [20, 3, 21, 4]]"
12a_1278_2,"[[20, 3, 21, 4], [22, 14, 23, 13], [24, 12, 1, 11], [2, 10, 3, 9], [4, 15, 5, 16], [6, 17, 7, 18], [8, 19, 9, 20], [10, 2, 11, 1], [12, 24, 13, 23], [14, 22, 15, 21], [16, 5, 17, 6], [18, 7, 19, 8]]"
12a_1278_3,"[[18, 7, 19, 8], [20, 3, 21, 4], [22, 14, 23, 13], [24, 12, 1, 11], [2, 10, 3, 9], [4, 15, 5, 16], [6, 17, 7, 18], [8, 19, 9, 20], [10, 2, 11, 1], [12, 24, 13, 23], [14, 22, 15, 21], [16, 5, 17, 6]]"
12a_1278_4,"[[16, 5, 17, 6], [18, 7, 19, 8], [20, 3, 21, 4], [22, 14, 23, 13], [24, 12, 1, 11], [2, 10, 3, 9], [4, 15, 5, 16], [6, 17, 7, 18], [8, 19, 9, 20], [10, 2, 11, 1], [12, 24, 13, 23], [14, 22, 15, 21]]"
12a_1278_5,"[[14, 22, 15, 21], [16, 5, 17, 6], [18, 7, 19, 8], [20, 3, 21, 4], [22, 14, 23, 13], [24, 12, 1, 11], [2, 10, 3, 9], [4, 15, 5, 16], [6, 17, 7, 18], [8, 19, 9, 20], [10, 2, 11, 1], [12, 24, 13, 23]]"
12a_1278_6,"[[12, 24, 13, 23], [14, 22, 15, 21], [16, 5, 17, 6], [18, 7, 19, 8], [20, 3, 21, 4], [22, 14, 23, 13], [24, 12, 1, 11], [2, 10, 3, 9], [4, 15, 5, 16], [6, 17, 7, 18], [8, 19, 9, 20], [10, 2, 11, 1]]"
12a_1278_7,"[[10, 2, 11, 1], [12, 24, 13, 23], [14, 22, 15, 21], [16, 5, 17, 6], [18, 7, 19, 8], [20, 3, 21, 4], [22, 14, 23, 13], [24, 12, 1, 11], [2, 10, 3, 9], [4, 15, 5, 16], [6, 17, 7, 18], [8, 19, 9, 20]]"
12a_1278_8,"[[8, 19, 9, 20], [10, 2, 11, 1], [12, 24, 13, 23], [14, 22, 15, 21], [16, 5, 17, 6], [18, 7, 19, 8], [20, 3, 21, 4], [22, 14, 23, 13], [24, 12, 1, 11], [2, 10, 3, 9], [4, 15, 5, 16], [6, 17, 7, 18]]"
12a_1278_9,"[[6, 17, 7, 18], [8, 19, 9, 20], [10, 2, 11, 1], [12, 24, 13, 23], [14, 22, 15, 21], [16, 5, 17, 6], [18, 7, 19, 8], [20, 3, 21, 4], [22, 14, 23, 13], [24, 12, 1, 11], [2, 10, 3, 9], [4, 15, 5, 16]]"
12a_1278_10,"[[4, 15, 5, 16], [6, 17, 7, 18], [8, 19, 9, 20], [10, 2, 11, 1], [12, 24, 13, 23], [14, 22, 15, 21], [16, 5, 17, 6], [18, 7, 19, 8], [20, 3, 21, 4], [22, 14, 23, 13], [24, 12, 1, 11], [2, 10, 3, 9]]"
12a_1278_11,"[[2, 10, 3, 9], [4, 15, 5, 16], [6, 17, 7, 18], [8, 19, 9, 20], [10, 2, 11, 1], [12, 24, 13, 23], [14, 22, 15, 21], [16, 5, 17, 6], [18, 7, 19, 8], [20, 3, 21, 4], [22, 14, 23, 13], [24, 12, 1, 11]]"
12a_1278_12,"[[1, 13, 2, 12], [3, 11, 4, 10], [5, 16, 6, 17], [7, 18, 8, 19], [9, 20, 10, 21], [11, 3, 12, 2], [13, 1, 14, 24], [15, 23, 16, 22], [17, 6, 18, 7], [19, 8, 20, 9], [21, 4, 22, 5], [23, 15, 24, 14]]"
12a_1278_13,"[[23, 15, 24, 14], [1, 13, 2, 12], [3, 11, 4, 10], [5, 16, 6, 17], [7, 18, 8, 19], [9, 20, 10, 21], [11, 3, 12, 2], [13, 1, 14, 24], [15, 23, 16, 22], [17, 6, 18, 7], [19, 8, 20, 9], [21, 4, 22, 5]]"
12a_1278_14,"[[21, 4, 22, 5], [23, 15, 24, 14], [1, 13, 2, 12], [3, 11, 4, 10], [5, 16, 6, 17], [7, 18, 8, 19], [9, 20, 10, 21], [11, 3, 12, 2], [13, 1, 14, 24], [15, 23, 16, 22], [17, 6, 18, 7], [19, 8, 20, 9]]"
12a_1278_15,"[[19, 8, 20, 9], [21, 4, 22, 5], [23, 15, 24, 14], [1, 13, 2, 12], [3, 11, 4, 10], [5, 16, 6, 17], [7, 18, 8, 19], [9, 20, 10, 21], [11, 3, 12, 2], [13, 1, 14, 24], [15, 23, 16, 22], [17, 6, 18, 7]]"
12a_1278_16,"[[17, 6, 18, 7], [19, 8, 20, 9], [21, 4, 22, 5], [23, 15, 24, 14], [1, 13, 2, 12], [3, 11, 4, 10], [5, 16, 6, 17], [7, 18, 8, 19], [9, 20, 10, 21], [11, 3, 12, 2], [13, 1, 14, 24], [15, 23, 16, 22]]"
12a_1278_17,"[[15, 23, 16, 22], [17, 6, 18, 7], [19, 8, 20, 9], [21, 4, 22, 5], [23, 15, 24, 14], [1, 13, 2, 12], [3, 11, 4, 10], [5, 16, 6, 17], [7, 18, 8, 19], [9, 20, 10, 21], [11, 3, 12, 2], [13, 1, 14, 24]]"
12a_1278_18,"[[13, 1, 14, 24], [15, 23, 16, 22], [17, 6, 18, 7], [19, 8, 20, 9], [21, 4, 22, 5], [23, 15, 24, 14], [1, 13, 2, 12], [3, 11, 4, 10], [5, 16, 6, 17], [7, 18, 8, 19], [9, 20, 10, 21], [11, 3, 12, 2]]"
12a_1278_19,"[[11, 3, 12, 2], [13, 1, 14, 24], [15, 23, 16, 22], [17, 6, 18, 7], [19, 8, 20, 9], [21, 4, 22, 5], [23, 15, 24, 14], [1, 13, 2, 12], [3, 11, 4, 10], [5, 16, 6, 17], [7, 18, 8, 19], [9, 20, 10, 21]]"
12a_1278_20,"[[9, 20, 10, 21], [11, 3, 12, 2], [13, 1, 14, 24], [15, 23, 16, 22], [17, 6, 18, 7], [19, 8, 20, 9], [21, 4, 22, 5], [23, 15, 24, 14], [1, 13, 2, 12], [3, 11, 4, 10], [5, 16, 6, 17], [7, 18, 8, 19]]"
12a_1278_21,"[[7, 18, 8, 19], [9, 20, 10, 21], [11, 3, 12, 2], [13, 1, 14, 24], [15, 23, 16, 22], [17, 6, 18, 7], [19, 8, 20, 9], [21, 4, 22, 5], [23, 15, 24, 14], [1, 13, 2, 12], [3, 11, 4, 10], [5, 16, 6, 17]]"
12a_1278_22,"[[5, 16, 6, 17], [7, 18, 8, 19], [9, 20, 10, 21], [11, 3, 12, 2], [13, 1, 14, 24], [15, 23, 16, 22], [17, 6, 18, 7], [19, 8, 20, 9], [21, 4, 22, 5], [23, 15, 24, 14], [1, 13, 2, 12], [3, 11, 4, 10]]"
12a_1278_23,"[[3, 11, 4, 10], [5, 16, 6, 17], [7, 18, 8, 19], [9, 20, 10, 21], [11, 3, 12, 2], [13, 1, 14, 24], [15, 23, 16, 22], [17, 6, 18, 7], [19, 8, 20, 9], [21, 4, 22, 5], [23, 15, 24, 14], [1, 13, 2, 12]]"
12a_1278_24,"[[2, 14, 3, 13], [4, 12, 5, 11], [6, 17, 7, 18], [8, 19, 9, 20], [10, 21, 11, 22], [12, 4, 13, 3], [14, 2, 15, 1], [16, 24, 17, 23], [18, 7, 19, 8], [20, 9, 21, 10], [22, 5, 23, 6], [24, 16, 1, 15]]"
12a_1278_25,"[[24, 16, 1, 15], [2, 14, 3, 13], [4, 12, 5, 11], [6, 17, 7, 18], [8, 19, 9, 20], [10, 21, 11, 22], [12, 4, 13, 3], [14, 2, 15, 1], [16, 24, 17, 23], [18, 7, 19, 8], [20, 9, 21, 10], [22, 5, 23, 6]]"
12a_1278_26,"[[22, 5, 23, 6], [24, 16, 1, 15], [2, 14, 3, 13], [4, 12, 5, 11], [6, 17, 7, 18], [8, 19, 9, 20], [10, 21, 11, 22], [12, 4, 13, 3], [14, 2, 15, 1], [16, 24, 17, 23], [18, 7, 19, 8], [20, 9, 21, 10]]"
12a_1278_27,"[[20, 9, 21, 10], [22, 5, 23, 6], [24, 16, 1, 15], [2, 14, 3, 13], [4, 12, 5, 11], [6, 17, 7, 18], [8, 19, 9, 20], [10, 21, 11, 22], [12, 4, 13, 3], [14, 2, 15, 1], [16, 24, 17, 23], [18, 7, 19, 8]]"
12a_1278_28,"[[18, 7, 19, 8], [20, 9, 21, 10], [22, 5, 23, 6], [24, 16, 1, 15], [2, 14, 3, 13], [4, 12, 5, 11], [6, 17, 7, 18], [8, 19, 9, 20], [10, 21, 11, 22], [12, 4, 13, 3], [14, 2, 15, 1], [16, 24, 17, 23]]"
12a_1278_29,"[[16, 24, 17, 23], [18, 7, 19, 8], [20, 9, 21, 10], [22, 5, 23, 6], [24, 16, 1, 15], [2, 14, 3, 13], [4, 12, 5, 11], [6, 17, 7, 18], [8, 19, 9, 20], [10, 21, 11, 22], [12, 4, 13, 3], [14, 2, 15, 1]]"
12a_1278_30,"[[14, 2, 15, 1], [16, 24, 17, 23], [18, 7, 19, 8], [20, 9, 21, 10], [22, 5, 23, 6], [24, 16, 1, 15], [2, 14, 3, 13], [4, 12, 5, 11], [6, 17, 7, 18], [8, 19, 9, 20], [10, 21, 11, 22], [12, 4, 13, 3]]"
12a_1278_31,"[[12, 4, 13, 3], [14, 2, 15, 1], [16, 24, 17, 23], [18, 7, 19, 8], [20, 9, 21, 10], [22, 5, 23, 6], [24, 16, 1, 15], [2, 14, 3, 13], [4, 12, 5, 11], [6, 17, 7, 18], [8, 19, 9, 20], [10, 21, 11, 22]]"
12a_1278_32,"[[10, 21, 11, 22], [12, 4, 13, 3], [14, 2, 15, 1], [16, 24, 17, 23], [18, 7, 19, 8], [20, 9, 21, 10], [22, 5, 23, 6], [24, 16, 1, 15], [2, 14, 3, 13], [4, 12, 5, 11], [6, 17, 7, 18], [8, 19, 9, 20]]"
12a_1278_33,"[[8, 19, 9, 20], [10, 21, 11, 22], [12, 4, 13, 3], [14, 2, 15, 1], [16, 24, 17, 23], [18, 7, 19, 8], [20, 9, 21, 10], [22, 5, 23, 6], [24, 16, 1, 15], [2, 14, 3, 13], [4, 12, 5, 11], [6, 17, 7, 18]]"
12a_1278_34,"[[6, 17, 7, 18], [8, 19, 9, 20], [10, 21, 11, 22], [12, 4, 13, 3], [14, 2, 15, 1], [16, 24, 17, 23], [18, 7, 19, 8], [20, 9, 21, 10], [22, 5, 23, 6], [24, 16, 1, 15], [2, 14, 3, 13], [4, 12, 5, 11]]"
12a_1278_35,"[[4, 12, 5, 11], [6, 17, 7, 18], [8, 19, 9, 20], [10, 21, 11, 22], [12, 4, 13, 3], [14, 2, 15, 1], [16, 24, 17, 23], [18, 7, 19, 8], [20, 9, 21, 10], [22, 5, 23, 6], [24, 16, 1, 15], [2, 14, 3, 13]]"
12a_1278_36,"[[3, 15, 4, 14], [5, 13, 6, 12], [7, 18, 8, 19], [9, 20, 10, 21], [11, 22, 12, 23], [13, 5, 14, 4], [15, 3, 16, 2], [17, 1, 18, 24], [19, 8, 20, 9], [21, 10, 22, 11], [23, 6, 24, 7], [1, 17, 2, 16]]"
12a_1278_37,"[[1, 17, 2, 16], [3, 15, 4, 14], [5, 13, 6, 12], [7, 18, 8, 19], [9, 20, 10, 21], [11, 22, 12, 23], [13, 5, 14, 4], [15, 3, 16, 2], [17, 1, 18, 24], [19, 8, 20, 9], [21, 10, 22, 11], [23, 6, 24, 7]]"
12a_1278_38,"[[23, 6, 24, 7], [1, 17, 2, 16], [3, 15, 4, 14], [5, 13, 6, 12], [7, 18, 8, 19], [9, 20, 10, 21], [11, 22, 12, 23], [13, 5, 14, 4], [15, 3, 16, 2], [17, 1, 18, 24], [19, 8, 20, 9], [21, 10, 22, 11]]"
12a_1278_39,"[[21, 10, 22, 11], [23, 6, 24, 7], [1, 17, 2, 16], [3, 15, 4, 14], [5, 13, 6, 12], [7, 18, 8, 19], [9, 20, 10, 21], [11, 22, 12, 23], [13, 5, 14, 4], [15, 3, 16, 2], [17, 1, 18, 24], [19, 8, 20, 9]]"
12a_1278_40,"[[19, 8, 20, 9], [21, 10, 22, 11], [23, 6, 24, 7], [1, 17, 2, 16], [3, 15, 4, 14], [5, 13, 6, 12], [7, 18, 8, 19], [9, 20, 10, 21], [11, 22, 12, 23], [13, 5, 14, 4], [15, 3, 16, 2], [17, 1, 18, 24]]"
12a_1278_41,"[[17, 1, 18, 24], [19, 8, 20, 9], [21, 10, 22, 11], [23, 6, 24, 7], [1, 17, 2, 16], [3, 15, 4, 14], [5, 13, 6, 12], [7, 18, 8, 19], [9, 20, 10, 21], [11, 22, 12, 23], [13, 5, 14, 4], [15, 3, 16, 2]]"
12a_1278_42,"[[15, 3, 16, 2], [17, 1, 18, 24], [19, 8, 20, 9], [21, 10, 22, 11], [23, 6, 24, 7], [1, 17, 2, 16], [3, 15, 4, 14], [5, 13, 6, 12], [7, 18, 8, 19], [9, 20, 10, 21], [11, 22, 12, 23], [13, 5, 14, 4]]"
12a_1278_43,"[[13, 5, 14, 4], [15, 3, 16, 2], [17, 1, 18, 24], [19, 8, 20, 9], [21, 10, 22, 11], [23, 6, 24, 7], [1, 17, 2, 16], [3, 15, 4, 14], [5, 13, 6, 12], [7, 18, 8, 19], [9, 20, 10, 21], [11, 22, 12, 23]]"
12a_1278_44,"[[11, 22, 12, 23], [13, 5, 14, 4], [15, 3, 16, 2], [17, 1, 18, 24], [19, 8, 20, 9], [21, 10, 22, 11], [23, 6, 24, 7], [1, 17, 2, 16], [3, 15, 4, 14], [5, 13, 6, 12], [7, 18, 8, 19], [9, 20, 10, 21]]"
12a_1278_45,"[[9, 20, 10, 21], [11, 22, 12, 23], [13, 5, 14, 4], [15, 3, 16, 2], [17, 1, 18, 24], [19, 8, 20, 9], [21, 10, 22, 11], [23, 6, 24, 7], [1, 17, 2, 16], [3, 15, 4, 14], [5, 13, 6, 12], [7, 18, 8, 19]]"
12a_1278_46,"[[7, 18, 8, 19], [9, 20, 10, 21], [11, 22, 12, 23], [13, 5, 14, 4], [15, 3, 16, 2], [17, 1, 18, 24], [19, 8, 20, 9], [21, 10, 22, 11], [23, 6, 24, 7], [1, 17, 2, 16], [3, 15, 4, 14], [5, 13, 6, 12]]"
12a_1278_47,"[[5, 13, 6, 12], [7, 18, 8, 19], [9, 20, 10, 21], [11, 22, 12, 23], [13, 5, 14, 4], [15, 3, 16, 2], [17, 1, 18, 24], [19, 8, 20, 9], [21, 10, 22, 11], [23, 6, 24, 7], [1, 17, 2, 16], [3, 15, 4, 14]]"
12a_1278_48,"[[4, 16, 5, 15], [6, 14, 7, 13], [8, 19, 9, 20], [10, 21, 11, 22], [12, 23, 13, 24], [14, 6, 15, 5], [16, 4, 17, 3], [18, 2, 19, 1], [20, 9, 21, 10], [22, 11, 23, 12], [24, 7, 1, 8], [2, 18, 3, 17]]"
12a_1278_49,"[[2, 18, 3, 17], [4, 16, 5, 15], [6, 14, 7, 13], [8, 19, 9, 20], [10, 21, 11, 22], [12, 23, 13, 24], [14, 6, 15, 5], [16, 4, 17, 3], [18, 2, 19, 1], [20, 9, 21, 10], [22, 11, 23, 12], [24, 7, 1, 8]]"
12a_1278_50,"[[24, 7, 1, 8], [2, 18, 3, 17], [4, 16, 5, 15], [6, 14, 7, 13], [8, 19, 9, 20], [10, 21, 11, 22], [12, 23, 13, 24], [14, 6, 15, 5], [16, 4, 17, 3], [18, 2, 19, 1], [20, 9, 21, 10], [22, 11, 23, 12]]"
12a_1278_51,"[[22, 11, 23, 12], [24, 7, 1, 8], [2, 18, 3, 17], [4, 16, 5, 15], [6, 14, 7, 13], [8, 19, 9, 20], [10, 21, 11, 22], [12, 23, 13, 24], [14, 6, 15, 5], [16, 4, 17, 3], [18, 2, 19, 1], [20, 9, 21, 10]]"
12a_1278_52,"[[20, 9, 21, 10], [22, 11, 23, 12], [24, 7, 1, 8], [2, 18, 3, 17], [4, 16, 5, 15], [6, 14, 7, 13], [8, 19, 9, 20], [10, 21, 11, 22], [12, 23, 13, 24], [14, 6, 15, 5], [16, 4, 17, 3], [18, 2, 19, 1]]"
12a_1278_53,"[[18, 2, 19, 1], [20, 9, 21, 10], [22, 11, 23, 12], [24, 7, 1, 8], [2, 18, 3, 17], [4, 16, 5, 15], [6, 14, 7, 13], [8, 19, 9, 20], [10, 21, 11, 22], [12, 23, 13, 24], [14, 6, 15, 5], [16, 4, 17, 3]]"
12a_1278_54,"[[16, 4, 17, 3], [18, 2, 19, 1], [20, 9, 21, 10], [22, 11, 23, 12], [24, 7, 1, 8], [2, 18, 3, 17], [4, 16, 5, 15], [6, 14, 7, 13], [8, 19, 9, 20], [10, 21, 11, 22], [12, 23, 13, 24], [14, 6, 15, 5]]"
12a_1278_55,"[[14, 6, 15, 5], [16, 4, 17, 3], [18, 2, 19, 1], [20, 9, 21, 10], [22, 11, 23, 12], [24, 7, 1, 8], [2, 18, 3, 17], [4, 16, 5, 15], [6, 14, 7, 13], [8, 19, 9, 20], [10, 21, 11, 22], [12, 23, 13, 24]]"
12a_1278_56,"[[12, 23, 13, 24], [14, 6, 15, 5], [16, 4, 17, 3], [18, 2, 19, 1], [20, 9, 21, 10], [22, 11, 23, 12], [24, 7, 1, 8], [2, 18, 3, 17], [4, 16, 5, 15], [6, 14, 7, 13], [8, 19, 9, 20], [10, 21, 11, 22]]"
12a_1278_57,"[[10, 21, 11, 22], [12, 23, 13, 24], [14, 6, 15, 5], [16, 4, 17, 3], [18, 2, 19, 1], [20, 9, 21, 10], [22, 11, 23, 12], [24, 7, 1, 8], [2, 18, 3, 17], [4, 16, 5, 15], [6, 14, 7, 13], [8, 19, 9, 20]]"
12a_1278_58,"[[8, 19, 9, 20], [10, 21, 11, 22], [12, 23, 13, 24], [14, 6, 15, 5], [16, 4, 17, 3], [18, 2, 19, 1], [20, 9, 21, 10], [22, 11, 23, 12], [24, 7, 1, 8], [2, 18, 3, 17], [4, 16, 5, 15], [6, 14, 7, 13]]"
12a_1278_59,"[[6, 14, 7, 13], [8, 19, 9, 20], [10, 21, 11, 22], [12, 23, 13, 24], [14, 6, 15, 5], [16, 4, 17, 3], [18, 2, 19, 1], [20, 9, 21, 10], [22, 11, 23, 12], [24, 7, 1, 8], [2, 18, 3, 17], [4, 16, 5, 15]]"
12a_1278_60,"[[5, 17, 6, 16], [7, 15, 8, 14], [9, 20, 10, 21], [11, 22, 12, 23], [13, 24, 14, 1], [15, 7, 16, 6], [17, 5, 18, 4], [19, 3, 20, 2], [21, 10, 22, 11], [23, 12, 24, 13], [1, 8, 2, 9], [3, 19, 4, 18]]"
12a_1278_61,"[[3, 19, 4, 18], [5, 17, 6, 16], [7, 15, 8, 14], [9, 20, 10, 21], [11, 22, 12, 23], [13, 24, 14, 1], [15, 7, 16, 6], [17, 5, 18, 4], [19, 3, 20, 2], [21, 10, 22, 11], [23, 12, 24, 13], [1, 8, 2, 9]]"
12a_1278_62,"[[1, 8, 2, 9], [3, 19, 4, 18], [5, 17, 6, 16], [7, 15, 8, 14], [9, 20, 10, 21], [11, 22, 12, 23], [13, 24, 14, 1], [15, 7, 16, 6], [17, 5, 18, 4], [19, 3, 20, 2], [21, 10, 22, 11], [23, 12, 24, 13]]"
12a_1278_63,"[[23, 12, 24, 13], [1, 8, 2, 9], [3, 19, 4, 18], [5, 17, 6, 16], [7, 15, 8, 14], [9, 20, 10, 21], [11, 22, 12, 23], [13, 24, 14, 1], [15, 7, 16, 6], [17, 5, 18, 4], [19, 3, 20, 2], [21, 10, 22, 11]]"
12a_1278_64,"[[21, 10, 22, 11], [23, 12, 24, 13], [1, 8, 2, 9], [3, 19, 4, 18], [5, 17, 6, 16], [7, 15, 8, 14], [9, 20, 10, 21], [11, 22, 12, 23], [13, 24, 14, 1], [15, 7, 16, 6], [17, 5, 18, 4], [19, 3, 20, 2]]"
12a_1278_65,"[[19, 3, 20, 2], [21, 10, 22, 11], [23, 12, 24, 13], [1, 8, 2, 9], [3, 19, 4, 18], [5, 17, 6, 16], [7, 15, 8, 14], [9, 20, 10, 21], [11, 22, 12, 23], [13, 24, 14, 1], [15, 7, 16, 6], [17, 5, 18, 4]]"
12a_1278_66,"[[17, 5, 18, 4], [19, 3, 20, 2], [21, 10, 22, 11], [23, 12, 24, 13], [1, 8, 2, 9], [3, 19, 4, 18], [5, 17, 6, 16], [7, 15, 8, 14], [9, 20, 10, 21], [11, 22, 12, 23], [13, 24, 14, 1], [15, 7, 16, 6]]"
12a_1278_67,"[[15, 7, 16, 6], [17, 5, 18, 4], [19, 3, 20, 2], [21, 10, 22, 11], [23, 12, 24, 13], [1, 8, 2, 9], [3, 19, 4, 18], [5, 17, 6, 16], [7, 15, 8, 14], [9, 20, 10, 21], [11, 22, 12, 23], [13, 24, 14, 1]]"
12a_1278_68,"[[13, 24, 14, 1], [15, 7, 16, 6], [17, 5, 18, 4], [19, 3, 20, 2], [21, 10, 22, 11], [23, 12, 24, 13], [1, 8, 2, 9], [3, 19, 4, 18], [5, 17, 6, 16], [7, 15, 8, 14], [9, 20, 10, 21], [11, 22, 12, 23]]"
12a_1278_69,"[[11, 22, 12, 23], [13, 24, 14, 1], [15, 7, 16, 6], [17, 5, 18, 4], [19, 3, 20, 2], [21, 10, 22, 11], [23, 12, 24, 13], [1, 8, 2, 9], [3, 19, 4, 18], [5, 17, 6, 16], [7, 15, 8, 14], [9, 20, 10, 21]]"
12a_1278_70,"[[9, 20, 10, 21], [11, 22, 12, 23], [13, 24, 14, 1], [15, 7, 16, 6], [17, 5, 18, 4], [19, 3, 20, 2], [21, 10, 22, 11], [23, 12, 24, 13], [1, 8, 2, 9], [3, 19, 4, 18], [5, 17, 6, 16], [7, 15, 8, 14]]"
12a_1278_71,"[[7, 15, 8, 14], [9, 20, 10, 21], [11, 22, 12, 23], [13, 24, 14, 1], [15, 7, 16, 6], [17, 5, 18, 4], [19, 3, 20, 2], [21, 10, 22, 11], [23, 12, 24, 13], [1, 8, 2, 9], [3, 19, 4, 18], [5, 17, 6, 16]]"
12a_1278_72,"[[6, 18, 7, 17], [8, 16, 9, 15], [10, 21, 11, 22], [12, 23, 13, 24], [14, 1, 15, 2], [16, 8, 17, 7], [18, 6, 19, 5], [20, 4, 21, 3], [22, 11, 23, 12], [24, 13, 1, 14], [2, 9, 3, 10], [4, 20, 5, 19]]"
12a_1278_73,"[[4, 20, 5, 19], [6, 18, 7, 17], [8, 16, 9, 15], [10, 21, 11, 22], [12, 23, 13, 24], [14, 1, 15, 2], [16, 8, 17, 7], [18, 6, 19, 5], [20, 4, 21, 3], [22, 11, 23, 12], [24, 13, 1, 14], [2, 9, 3, 10]]"
12a_1278_74,"[[2, 9, 3, 10], [4, 20, 5, 19], [6, 18, 7, 17], [8, 16, 9, 15], [10, 21, 11, 22], [12, 23, 13, 24], [14, 1, 15, 2], [16, 8, 17, 7], [18, 6, 19, 5], [20, 4, 21, 3], [22, 11, 23, 12], [24, 13, 1, 14]]"
12a_1278_75,"[[24, 13, 1, 14], [2, 9, 3, 10], [4, 20, 5, 19], [6, 18, 7, 17], [8, 16, 9, 15], [10, 21, 11, 22], [12, 23, 13, 24], [14, 1, 15, 2], [16, 8, 17, 7], [18, 6, 19, 5], [20, 4, 21, 3], [22, 11, 23, 12]]"
12a_1278_76,"[[22, 11, 23, 12], [24, 13, 1, 14], [2, 9, 3, 10], [4, 20, 5, 19], [6, 18, 7, 17], [8, 16, 9, 15], [10, 21, 11, 22], [12, 23, 13, 24], [14, 1, 15, 2], [16, 8, 17, 7], [18, 6, 19, 5], [20, 4, 21, 3]]"
12a_1278_77,"[[20, 4, 21, 3], [22, 11, 23, 12], [24, 13, 1, 14], [2, 9, 3, 10], [4, 20, 5, 19], [6, 18, 7, 17], [8, 16, 9, 15], [10, 21, 11, 22], [12, 23, 13, 24], [14, 1, 15, 2], [16, 8, 17, 7], [18, 6, 19, 5]]"
12a_1278_78,"[[18, 6, 19, 5], [20, 4, 21, 3], [22, 11, 23, 12], [24, 13, 1, 14], [2, 9, 3, 10], [4, 20, 5, 19], [6, 18, 7, 17], [8, 16, 9, 15], [10, 21, 11, 22], [12, 23, 13, 24], [14, 1, 15, 2], [16, 8, 17, 7]]"
12a_1278_79,"[[16, 8, 17, 7], [18, 6, 19, 5], [20, 4, 21, 3], [22, 11, 23, 12], [24, 13, 1, 14], [2, 9, 3, 10], [4, 20, 5, 19], [6, 18, 7, 17], [8, 16, 9, 15], [10, 21, 11, 22], [12, 23, 13, 24], [14, 1, 15, 2]]"
12a_1278_80,"[[14, 1, 15, 2], [16, 8, 17, 7], [18, 6, 19, 5], [20, 4, 21, 3], [22, 11, 23, 12], [24, 13, 1, 14], [2, 9, 3, 10], [4, 20, 5, 19], [6, 18, 7, 17], [8, 16, 9, 15], [10, 21, 11, 22], [12, 23, 13, 24]]"
12a_1278_81,"[[12, 23, 13, 24], [14, 1, 15, 2], [16, 8, 17, 7], [18, 6, 19, 5], [20, 4, 21, 3], [22, 11, 23, 12], [24, 13, 1, 14], [2, 9, 3, 10], [4, 20, 5, 19], [6, 18, 7, 17], [8, 16, 9, 15], [10, 21, 11, 22]]"
12a_1278_82,"[[10, 21, 11, 22], [12, 23, 13, 24], [14, 1, 15, 2], [16, 8, 17, 7], [18, 6, 19, 5], [20, 4, 21, 3], [22, 11, 23, 12], [24, 13, 1, 14], [2, 9, 3, 10], [4, 20, 5, 19], [6, 18, 7, 17], [8, 16, 9, 15]]"
12a_1278_83,"[[8, 16, 9, 15], [10, 21, 11, 22], [12, 23, 13, 24], [14, 1, 15, 2], [16, 8, 17, 7], [18, 6, 19, 5], [20, 4, 21, 3], [22, 11, 23, 12], [24, 13, 1, 14], [2, 9, 3, 10], [4, 20, 5, 19], [6, 18, 7, 17]]"
12a_1278_84,"[[7, 19, 8, 18], [9, 17, 10, 16], [11, 22, 12, 23], [13, 24, 14, 1], [15, 2, 16, 3], [17, 9, 18, 8], [19, 7, 20, 6], [21, 5, 22, 4], [23, 12, 24, 13], [1, 14, 2, 15], [3, 10, 4, 11], [5, 21, 6, 20]]"
12a_1278_85,"[[5, 21, 6, 20], [7, 19, 8, 18], [9, 17, 10, 16], [11, 22, 12, 23], [13, 24, 14, 1], [15, 2, 16, 3], [17, 9, 18, 8], [19, 7, 20, 6], [21, 5, 22, 4], [23, 12, 24, 13], [1, 14, 2, 15], [3, 10, 4, 11]]"
12a_1278_86,"[[3, 10, 4, 11], [5, 21, 6, 20], [7, 19, 8, 18], [9, 17, 10, 16], [11, 22, 12, 23], [13, 24, 14, 1], [15, 2, 16, 3], [17, 9, 18, 8], [19, 7, 20, 6], [21, 5, 22, 4], [23, 12, 24, 13], [1, 14, 2, 15]]"
12a_1278_87,"[[1, 14, 2, 15], [3, 10, 4, 11], [5, 21, 6, 20], [7, 19, 8, 18], [9, 17, 10, 16], [11, 22, 12, 23], [13, 24, 14, 1], [15, 2, 16, 3], [17, 9, 18, 8], [19, 7, 20, 6], [21, 5, 22, 4], [23, 12, 24, 13]]"
12a_1278_88,"[[23, 12, 24, 13], [1, 14, 2, 15], [3, 10, 4, 11], [5, 21, 6, 20], [7, 19, 8, 18], [9, 17, 10, 16], [11, 22, 12, 23], [13, 24, 14, 1], [15, 2, 16, 3], [17, 9, 18, 8], [19, 7, 20, 6], [21, 5, 22, 4]]"
12a_1278_89,"[[21, 5, 22, 4], [23, 12, 24, 13], [1, 14, 2, 15], [3, 10, 4, 11], [5, 21, 6, 20], [7, 19, 8, 18], [9, 17, 10, 16], [11, 22, 12, 23], [13, 24, 14, 1], [15, 2, 16, 3], [17, 9, 18, 8], [19, 7, 20, 6]]"
12a_1278_90,"[[19, 7, 20, 6], [21, 5, 22, 4], [23, 12, 24, 13], [1, 14, 2, 15], [3, 10, 4, 11], [5, 21, 6, 20], [7, 19, 8, 18], [9, 17, 10, 16], [11, 22, 12, 23], [13, 24, 14, 1], [15, 2, 16, 3], [17, 9, 18, 8]]"
12a_1278_91,"[[17, 9, 18, 8], [19, 7, 20, 6], [21, 5, 22, 4], [23, 12, 24, 13], [1, 14, 2, 15], [3, 10, 4, 11], [5, 21, 6, 20], [7, 19, 8, 18], [9, 17, 10, 16], [11, 22, 12, 23], [13, 24, 14, 1], [15, 2, 16, 3]]"
12a_1278_92,"[[15, 2, 16, 3], [17, 9, 18, 8], [19, 7, 20, 6], [21, 5, 22, 4], [23, 12, 24, 13], [1, 14, 2, 15], [3, 10, 4, 11], [5, 21, 6, 20], [7, 19, 8, 18], [9, 17, 10, 16], [11, 22, 12, 23], [13, 24, 14, 1]]"
12a_1278_93,"[[13, 24, 14, 1], [15, 2, 16, 3], [17, 9, 18, 8], [19, 7, 20, 6], [21, 5, 22, 4], [23, 12, 24, 13], [1, 14, 2, 15], [3, 10, 4, 11], [5, 21, 6, 20], [7, 19, 8, 18], [9, 17, 10, 16], [11, 22, 12, 23]]"
12a_1278_94,"[[11, 22, 12, 23], [13, 24, 14, 1], [15, 2, 16, 3], [17, 9, 18, 8], [19, 7, 20, 6], [21, 5, 22, 4], [23, 12, 24, 13], [1, 14, 2, 15], [3, 10, 4, 11], [5, 21, 6, 20], [7, 19, 8, 18], [9, 17, 10, 16]]"
12a_1278_95,"[[9, 17, 10, 16], [11, 22, 12, 23], [13, 24, 14, 1], [15, 2, 16, 3], [17, 9, 18, 8], [19, 7, 20, 6], [21, 5, 22, 4], [23, 12, 24, 13], [1, 14, 2, 15], [3, 10, 4, 11], [5, 21, 6, 20], [7, 19, 8, 18]]"
12a_1278_96,"[[8, 20, 9, 19], [10, 18, 11, 17], [12, 23, 13, 24], [14, 1, 15, 2], [16, 3, 17, 4], [18, 10, 19, 9], [20, 8, 21, 7], [22, 6, 23, 5], [24, 13, 1, 14], [2, 15, 3, 16], [4, 11, 5, 12], [6, 22, 7, 21]]"
12a_1278_97,"[[6, 22, 7, 21], [8, 20, 9, 19], [10, 18, 11, 17], [12, 23, 13, 24], [14, 1, 15, 2], [16, 3, 17, 4], [18, 10, 19, 9], [20, 8, 21, 7], [22, 6, 23, 5], [24, 13, 1, 14], [2, 15, 3, 16], [4, 11, 5, 12]]"
12a_1278_98,"[[4, 11, 5, 12], [6, 22, 7, 21], [8, 20, 9, 19], [10, 18, 11, 17], [12, 23, 13, 24], [14, 1, 15, 2], [16, 3, 17, 4], [18, 10, 19, 9], [20, 8, 21, 7], [22, 6, 23, 5], [24, 13, 1, 14], [2, 15, 3, 16]]"
12a_1278_99,"[[2, 15, 3, 16], [4, 11, 5, 12], [6, 22, 7, 21], [8, 20, 9, 19], [10, 18, 11, 17], [12, 23, 13, 24], [14, 1, 15, 2], [16, 3, 17, 4], [18, 10, 19, 9], [20, 8, 21, 7], [22, 6, 23, 5], [24, 13, 1, 14]]"
12a_1278_100,"[[24, 13, 1, 14], [2, 15, 3, 16], [4, 11, 5, 12], [6, 22, 7, 21], [8, 20, 9, 19], [10, 18, 11, 17], [12, 23, 13, 24], [14, 1, 15, 2], [16, 3, 17, 4], [18, 10, 19, 9], [20, 8, 21, 7], [22, 6, 23, 5]]"
12a_1278_101,"[[22, 6, 23, 5], [24, 13, 1, 14], [2, 15, 3, 16], [4, 11, 5, 12], [6, 22, 7, 21], [8, 20, 9, 19], [10, 18, 11, 17], [12, 23, 13, 24], [14, 1, 15, 2], [16, 3, 17, 4], [18, 10, 19, 9], [20, 8, 21, 7]]"
12a_1278_102,"[[20, 8, 21, 7], [22, 6, 23, 5], [24, 13, 1, 14], [2, 15, 3, 16], [4, 11, 5, 12], [6, 22, 7, 21], [8, 20, 9, 19], [10, 18, 11, 17], [12, 23, 13, 24], [14, 1, 15, 2], [16, 3, 17, 4], [18, 10, 19, 9]]"
12a_1278_103,"[[18, 10, 19, 9], [20, 8, 21, 7], [22, 6, 23, 5], [24, 13, 1, 14], [2, 15, 3, 16], [4, 11, 5, 12], [6, 22, 7, 21], [8, 20, 9, 19], [10, 18, 11, 17], [12, 23, 13, 24], [14, 1, 15, 2], [16, 3, 17, 4]]"
12a_1278_104,"[[16, 3, 17, 4], [18, 10, 19, 9], [20, 8, 21, 7], [22, 6, 23, 5], [24, 13, 1, 14], [2, 15, 3, 16], [4, 11, 5, 12], [6, 22, 7, 21], [8, 20, 9, 19], [10, 18, 11, 17], [12, 23, 13, 24], [14, 1, 15, 2]]"
12a_1278_105,"[[14, 1, 15, 2], [16, 3, 17, 4], [18, 10, 19, 9], [20, 8, 21, 7], [22, 6, 23, 5], [24, 13, 1, 14], [2, 15, 3, 16], [4, 11, 5, 12], [6, 22, 7, 21], [8, 20, 9, 19], [10, 18, 11, 17], [12, 23, 13, 24]]"
12a_1278_106,"[[12, 23, 13, 24], [14, 1, 15, 2], [16, 3, 17, 4], [18, 10, 19, 9], [20, 8, 21, 7], [22, 6, 23, 5], [24, 13, 1, 14], [2, 15, 3, 16], [4, 11, 5, 12], [6, 22, 7, 21], [8, 20, 9, 19], [10, 18, 11, 17]]"
12a_1278_107,"[[10, 18, 11, 17], [12, 23, 13, 24], [14, 1, 15, 2], [16, 3, 17, 4], [18, 10, 19, 9], [20, 8, 21, 7], [22, 6, 23, 5], [24, 13, 1, 14], [2, 15, 3, 16], [4, 11, 5, 12], [6, 22, 7, 21], [8, 20, 9, 19]]"
12a_1278_108,"[[9, 21, 10, 20], [11, 19, 12, 18], [13, 24, 14, 1], [15, 2, 16, 3], [17, 4, 18, 5], [19, 11, 20, 10], [21, 9, 22, 8], [23, 7, 24, 6], [1, 14, 2, 15], [3, 16, 4, 17], [5, 12, 6, 13], [7, 23, 8, 22]]"
12a_1278_109,"[[7, 23, 8, 22], [9, 21, 10, 20], [11, 19, 12, 18], [13, 24, 14, 1], [15, 2, 16, 3], [17, 4, 18, 5], [19, 11, 20, 10], [21, 9, 22, 8], [23, 7, 24, 6], [1, 14, 2, 15], [3, 16, 4, 17], [5, 12, 6, 13]]"
12a_1278_110,"[[5, 12, 6, 13], [7, 23, 8, 22], [9, 21, 10, 20], [11, 19, 12, 18], [13, 24, 14, 1], [15, 2, 16, 3], [17, 4, 18, 5], [19, 11, 20, 10], [21, 9, 22, 8], [23, 7, 24, 6], [1, 14, 2, 15], [3, 16, 4, 17]]"
12a_1278_111,"[[3, 16, 4, 17], [5, 12, 6, 13], [7, 23, 8, 22], [9, 21, 10, 20], [11, 19, 12, 18], [13, 24, 14, 1], [15, 2, 16, 3], [17, 4, 18, 5], [19, 11, 20, 10], [21, 9, 22, 8], [23, 7, 24, 6], [1, 14, 2, 15]]"
12a_1278_112,"[[1, 14, 2, 15], [3, 16, 4, 17], [5, 12, 6, 13], [7, 23, 8, 22], [9, 21, 10, 20], [11, 19, 12, 18], [13, 24, 14, 1], [15, 2, 16, 3], [17, 4, 18, 5], [19, 11, 20, 10], [21, 9, 22, 8], [23, 7, 24, 6]]"
12a_1278_113,"[[23, 7, 24, 6], [1, 14, 2, 15], [3, 16, 4, 17], [5, 12, 6, 13], [7, 23, 8, 22], [9, 21, 10, 20], [11, 19, 12, 18], [13, 24, 14, 1], [15, 2, 16, 3], [17, 4, 18, 5], [19, 11, 20, 10], [21, 9, 22, 8]]"
12a_1278_114,"[[21, 9, 22, 8], [23, 7, 24, 6], [1, 14, 2, 15], [3, 16, 4, 17], [5, 12, 6, 13], [7, 23, 8, 22], [9, 21, 10, 20], [11, 19, 12, 18], [13, 24, 14, 1], [15, 2, 16, 3], [17, 4, 18, 5], [19, 11, 20, 10]]"
12a_1278_115,"[[19, 11, 20, 10], [21, 9, 22, 8], [23, 7, 24, 6], [1, 14, 2, 15], [3, 16, 4, 17], [5, 12, 6, 13], [7, 23, 8, 22], [9, 21, 10, 20], [11, 19, 12, 18], [13, 24, 14, 1], [15, 2, 16, 3], [17, 4, 18, 5]]"
12a_1278_116,"[[17, 4, 18, 5], [19, 11, 20, 10], [21, 9, 22, 8], [23, 7, 24, 6], [1, 14, 2, 15], [3, 16, 4, 17], [5, 12, 6, 13], [7, 23, 8, 22], [9, 21, 10, 20], [11, 19, 12, 18], [13, 24, 14, 1], [15, 2, 16, 3]]"
12a_1278_117,"[[15, 2, 16, 3], [17, 4, 18, 5], [19, 11, 20, 10], [21, 9, 22, 8], [23, 7, 24, 6], [1, 14, 2, 15], [3, 16, 4, 17], [5, 12, 6, 13], [7, 23, 8, 22], [9, 21, 10, 20], [11, 19, 12, 18], [13, 24, 14, 1]]"
12a_1278_118,"[[13, 24, 14, 1], [15, 2, 16, 3], [17, 4, 18, 5], [19, 11, 20, 10], [21, 9, 22, 8], [23, 7, 24, 6], [1, 14, 2, 15], [3, 16, 4, 17], [5, 12, 6, 13], [7, 23, 8, 22], [9, 21, 10, 20], [11, 19, 12, 18]]"
12a_1278_119,"[[11, 19, 12, 18], [13, 24, 14, 1], [15, 2, 16, 3], [17, 4, 18, 5], [19, 11, 20, 10], [21, 9, 22, 8], [23, 7, 24, 6], [1, 14, 2, 15], [3, 16, 4, 17], [5, 12, 6, 13], [7, 23, 8, 22], [9, 21, 10, 20]]"
12a_1278_120,"[[10, 22, 11, 21], [12, 20, 13, 19], [14, 1, 15, 2], [16, 3, 17, 4], [18, 5, 19, 6], [20, 12, 21, 11], [22, 10, 23, 9], [24, 8, 1, 7], [2, 15, 3, 16], [4, 17, 5, 18], [6, 13, 7, 14], [8, 24, 9, 23]]"
12a_1278_121,"[[8, 24, 9, 23], [10, 22, 11, 21], [12, 20, 13, 19], [14, 1, 15, 2], [16, 3, 17, 4], [18, 5, 19, 6], [20, 12, 21, 11], [22, 10, 23, 9], [24, 8, 1, 7], [2, 15, 3, 16], [4, 17, 5, 18], [6, 13, 7, 14]]"
12a_1278_122,"[[6, 13, 7, 14], [8, 24, 9, 23], [10, 22, 11, 21], [12, 20, 13, 19], [14, 1, 15, 2], [16, 3, 17, 4], [18, 5, 19, 6], [20, 12, 21, 11], [22, 10, 23, 9], [24, 8, 1, 7], [2, 15, 3, 16], [4, 17, 5, 18]]"
12a_1278_123,"[[4, 17, 5, 18], [6, 13, 7, 14], [8, 24, 9, 23], [10, 22, 11, 21], [12, 20, 13, 19], [14, 1, 15, 2], [16, 3, 17, 4], [18, 5, 19, 6], [20, 12, 21, 11], [22, 10, 23, 9], [24, 8, 1, 7], [2, 15, 3, 16]]"
12a_1278_124,"[[2, 15, 3, 16], [4, 17, 5, 18], [6, 13, 7, 14], [8, 24, 9, 23], [10, 22, 11, 21], [12, 20, 13, 19], [14, 1, 15, 2], [16, 3, 17, 4], [18, 5, 19, 6], [20, 12, 21, 11], [22, 10, 23, 9], [24, 8, 1, 7]]"
12a_1278_125,"[[24, 8, 1, 7], [2, 15, 3, 16], [4, 17, 5, 18], [6, 13, 7, 14], [8, 24, 9, 23], [10, 22, 11, 21], [12, 20, 13, 19], [14, 1, 15, 2], [16, 3, 17, 4], [18, 5, 19, 6], [20, 12, 21, 11], [22, 10, 23, 9]]"
12a_1278_126,"[[22, 10, 23, 9], [24, 8, 1, 7], [2, 15, 3, 16], [4, 17, 5, 18], [6, 13, 7, 14], [8, 24, 9, 23], [10, 22, 11, 21], [12, 20, 13, 19], [14, 1, 15, 2], [16, 3, 17, 4], [18, 5, 19, 6], [20, 12, 21, 11]]"
12a_1278_127,"[[20, 12, 21, 11], [22, 10, 23, 9], [24, 8, 1, 7], [2, 15, 3, 16], [4, 17, 5, 18], [6, 13, 7, 14], [8, 24, 9, 23], [10, 22, 11, 21], [12, 20, 13, 19], [14, 1, 15, 2], [16, 3, 17, 4], [18, 5, 19, 6]]"
12a_1278_128,"[[18, 5, 19, 6], [20, 12, 21, 11], [22, 10, 23, 9], [24, 8, 1, 7], [2, 15, 3, 16], [4, 17, 5, 18], [6, 13, 7, 14], [8, 24, 9, 23], [10, 22, 11, 21], [12, 20, 13, 19], [14, 1, 15, 2], [16, 3, 17, 4]]"
12a_1278_129,"[[16, 3, 17, 4], [18, 5, 19, 6], [20, 12, 21, 11], [22, 10, 23, 9], [24, 8, 1, 7], [2, 15, 3, 16], [4, 17, 5, 18], [6, 13, 7, 14], [8, 24, 9, 23], [10, 22, 11, 21], [12, 20, 13, 19], [14, 1, 15, 2]]"
12a_1278_130,"[[14, 1, 15, 2], [16, 3, 17, 4], [18, 5, 19, 6], [20, 12, 21, 11], [22, 10, 23, 9], [24, 8, 1, 7], [2, 15, 3, 16], [4, 17, 5, 18], [6, 13, 7, 14], [8, 24, 9, 23], [10, 22, 11, 21], [12, 20, 13, 19]]"
12a_1278_131,"[[12, 20, 13, 19], [14, 1, 15, 2], [16, 3, 17, 4], [18, 5, 19, 6], [20, 12, 21, 11], [22, 10, 23, 9], [24, 8, 1, 7], [2, 15, 3, 16], [4, 17, 5, 18], [6, 13, 7, 14], [8, 24, 9, 23], [10, 22, 11, 21]]"
12a_1278_132,"[[11, 23, 12, 22], [13, 21, 14, 20], [15, 2, 16, 3], [17, 4, 18, 5], [19, 6, 20, 7], [21, 13, 22, 12], [23, 11, 24, 10], [1, 9, 2, 8], [3, 16, 4, 17], [5, 18, 6, 19], [7, 14, 8, 15], [9, 1, 10, 24]]"
12a_1278_133,"[[9, 1, 10, 24], [11, 23, 12, 22], [13, 21, 14, 20], [15, 2, 16, 3], [17, 4, 18, 5], [19, 6, 20, 7], [21, 13, 22, 12], [23, 11, 24, 10], [1, 9, 2, 8], [3, 16, 4, 17], [5, 18, 6, 19], [7, 14, 8, 15]]"
12a_1278_134,"[[7, 14, 8, 15], [9, 1, 10, 24], [11, 23, 12, 22], [13, 21, 14, 20], [15, 2, 16, 3], [17, 4, 18, 5], [19, 6, 20, 7], [21, 13, 22, 12], [23, 11, 24, 10], [1, 9, 2, 8], [3, 16, 4, 17], [5, 18, 6, 19]]"
12a_1278_135,"[[5, 18, 6, 19], [7, 14, 8, 15], [9, 1, 10, 24], [11, 23, 12, 22], [13, 21, 14, 20], [15, 2, 16, 3], [17, 4, 18, 5], [19, 6, 20, 7], [21, 13, 22, 12], [23, 11, 24, 10], [1, 9, 2, 8], [3, 16, 4, 17]]"
12a_1278_136,"[[3, 16, 4, 17], [5, 18, 6, 19], [7, 14, 8, 15], [9, 1, 10, 24], [11, 23, 12, 22], [13, 21, 14, 20], [15, 2, 16, 3], [17, 4, 18, 5], [19, 6, 20, 7], [21, 13, 22, 12], [23, 11, 24, 10], [1, 9, 2, 8]]"
12a_1278_137,"[[1, 9, 2, 8], [3, 16, 4, 17], [5, 18, 6, 19], [7, 14, 8, 15], [9, 1, 10, 24], [11, 23, 12, 22], [13, 21, 14, 20], [15, 2, 16, 3], [17, 4, 18, 5], [19, 6, 20, 7], [21, 13, 22, 12], [23, 11, 24, 10]]"
12a_1278_138,"[[23, 11, 24, 10], [1, 9, 2, 8], [3, 16, 4, 17], [5, 18, 6, 19], [7, 14, 8, 15], [9, 1, 10, 24], [11, 23, 12, 22], [13, 21, 14, 20], [15, 2, 16, 3], [17, 4, 18, 5], [19, 6, 20, 7], [21, 13, 22, 12]]"
12a_1278_139,"[[21, 13, 22, 12], [23, 11, 24, 10], [1, 9, 2, 8], [3, 16, 4, 17], [5, 18, 6, 19], [7, 14, 8, 15], [9, 1, 10, 24], [11, 23, 12, 22], [13, 21, 14, 20], [15, 2, 16, 3], [17, 4, 18, 5], [19, 6, 20, 7]]"
12a_1278_140,"[[19, 6, 20, 7], [21, 13, 22, 12], [23, 11, 24, 10], [1, 9, 2, 8], [3, 16, 4, 17], [5, 18, 6, 19], [7, 14, 8, 15], [9, 1, 10, 24], [11, 23, 12, 22], [13, 21, 14, 20], [15, 2, 16, 3], [17, 4, 18, 5]]"
12a_1278_141,"[[17, 4, 18, 5], [19, 6, 20, 7], [21, 13, 22, 12], [23, 11, 24, 10], [1, 9, 2, 8], [3, 16, 4, 17], [5, 18, 6, 19], [7, 14, 8, 15], [9, 1, 10, 24], [11, 23, 12, 22], [13, 21, 14, 20], [15, 2, 16, 3]]"
12a_1278_142,"[[15, 2, 16, 3], [17, 4, 18, 5], [19, 6, 20, 7], [21, 13, 22, 12], [23, 11, 24, 10], [1, 9, 2, 8], [3, 16, 4, 17], [5, 18, 6, 19], [7, 14, 8, 15], [9, 1, 10, 24], [11, 23, 12, 22], [13, 21, 14, 20]]"
12a_1278_143,"[[13, 21, 14, 20], [15, 2, 16, 3], [17, 4, 18, 5], [19, 6, 20, 7], [21, 13, 22, 12], [23, 11, 24, 10], [1, 9, 2, 8], [3, 16, 4, 17], [5, 18, 6, 19], [7, 14, 8, 15], [9, 1, 10, 24], [11, 23, 12, 22]]"
12a_1278_144,"[[12, 24, 13, 23], [14, 22, 15, 21], [16, 3, 17, 4], [18, 5, 19, 6], [20, 7, 21, 8], [22, 14, 23, 13], [24, 12, 1, 11], [2, 10, 3, 9], [4, 17, 5, 18], [6, 19, 7, 20], [8, 15, 9, 16], [10, 2, 11, 1]]"
12a_1278_145,"[[10, 2, 11, 1], [12, 24, 13, 23], [14, 22, 15, 21], [16, 3, 17, 4], [18, 5, 19, 6], [20, 7, 21, 8], [22, 14, 23, 13], [24, 12, 1, 11], [2, 10, 3, 9], [4, 17, 5, 18], [6, 19, 7, 20], [8, 15, 9, 16]]"
12a_1278_146,"[[8, 15, 9, 16], [10, 2, 11, 1], [12, 24, 13, 23], [14, 22, 15, 21], [16, 3, 17, 4], [18, 5, 19, 6], [20, 7, 21, 8], [22, 14, 23, 13], [24, 12, 1, 11], [2, 10, 3, 9], [4, 17, 5, 18], [6, 19, 7, 20]]"
12a_1278_147,"[[6, 19, 7, 20], [8, 15, 9, 16], [10, 2, 11, 1], [12, 24, 13, 23], [14, 22, 15, 21], [16, 3, 17, 4], [18, 5, 19, 6], [20, 7, 21, 8], [22, 14, 23, 13], [24, 12, 1, 11], [2, 10, 3, 9], [4, 17, 5, 18]]"
12a_1278_148,"[[4, 17, 5, 18], [6, 19, 7, 20], [8, 15, 9, 16], [10, 2, 11, 1], [12, 24, 13, 23], [14, 22, 15, 21], [16, 3, 17, 4], [18, 5, 19, 6], [20, 7, 21, 8], [22, 14, 23, 13], [24, 12, 1, 11], [2, 10, 3, 9]]"
12a_1278_149,"[[2, 10, 3, 9], [4, 17, 5, 18], [6, 19, 7, 20], [8, 15, 9, 16], [10, 2, 11, 1], [12, 24, 13, 23], [14, 22, 15, 21], [16, 3, 17, 4], [18, 5, 19, 6], [20, 7, 21, 8], [22, 14, 23, 13], [24, 12, 1, 11]]"
12a_1278_150,"[[24, 12, 1, 11], [2, 10, 3, 9], [4, 17, 5, 18], [6, 19, 7, 20], [8, 15, 9, 16], [10, 2, 11, 1], [12, 24, 13, 23], [14, 22, 15, 21], [16, 3, 17, 4], [18, 5, 19, 6], [20, 7, 21, 8], [22, 14, 23, 13]]"
12a_1278_151,"[[22, 14, 23, 13], [24, 12, 1, 11], [2, 10, 3, 9], [4, 17, 5, 18], [6, 19, 7, 20], [8, 15, 9, 16], [10, 2, 11, 1], [12, 24, 13, 23], [14, 22, 15, 21], [16, 3, 17, 4], [18, 5, 19, 6], [20, 7, 21, 8]]"
12a_1278_152,"[[20, 7, 21, 8], [22, 14, 23, 13], [24, 12, 1, 11], [2, 10, 3, 9], [4, 17, 5, 18], [6, 19, 7, 20], [8, 15, 9, 16], [10, 2, 11, 1], [12, 24, 13, 23], [14, 22, 15, 21], [16, 3, 17, 4], [18, 5, 19, 6]]"
12a_1278_153,"[[18, 5, 19, 6], [20, 7, 21, 8], [22, 14, 23, 13], [24, 12, 1, 11], [2, 10, 3, 9], [4, 17, 5, 18], [6, 19, 7, 20], [8, 15, 9, 16], [10, 2, 11, 1], [12, 24, 13, 23], [14, 22, 15, 21], [16, 3, 17, 4]]"
12a_1278_154,"[[16, 3, 17, 4], [18, 5, 19, 6], [20, 7, 21, 8], [22, 14, 23, 13], [24, 12, 1, 11], [2, 10, 3, 9], [4, 17, 5, 18], [6, 19, 7, 20], [8, 15, 9, 16], [10, 2, 11, 1], [12, 24, 13, 23], [14, 22, 15, 21]]"
12a_1278_155,"[[14, 22, 15, 21], [16, 3, 17, 4], [18, 5, 19, 6], [20, 7, 21, 8], [22, 14, 23, 13], [24, 12, 1, 11], [2, 10, 3, 9], [4, 17, 5, 18], [6, 19, 7, 20], [8, 15, 9, 16], [10, 2, 11, 1], [12, 24, 13, 23]]"
12a_1278_156,"[[13, 1, 14, 24], [15, 23, 16, 22], [17, 4, 18, 5], [19, 6, 20, 7], [21, 8, 22, 9], [23, 15, 24, 14], [1, 13, 2, 12], [3, 11, 4, 10], [5, 18, 6, 19], [7, 20, 8, 21], [9, 16, 10, 17], [11, 3, 12, 2]]"
12a_1278_157,"[[11, 3, 12, 2], [13, 1, 14, 24], [15, 23, 16, 22], [17, 4, 18, 5], [19, 6, 20, 7], [21, 8, 22, 9], [23, 15, 24, 14], [1, 13, 2, 12], [3, 11, 4, 10], [5, 18, 6, 19], [7, 20, 8, 21], [9, 16, 10, 17]]"
12a_1278_158,"[[9, 16, 10, 17], [11, 3, 12, 2], [13, 1, 14, 24], [15, 23, 16, 22], [17, 4, 18, 5], [19, 6, 20, 7], [21, 8, 22, 9], [23, 15, 24, 14], [1, 13, 2, 12], [3, 11, 4, 10], [5, 18, 6, 19], [7, 20, 8, 21]]"
12a_1278_159,"[[7, 20, 8, 21], [9, 16, 10, 17], [11, 3, 12, 2], [13, 1, 14, 24], [15, 23, 16, 22], [17, 4, 18, 5], [19, 6, 20, 7], [21, 8, 22, 9], [23, 15, 24, 14], [1, 13, 2, 12], [3, 11, 4, 10], [5, 18, 6, 19]]"
12a_1278_160,"[[5, 18, 6, 19], [7, 20, 8, 21], [9, 16, 10, 17], [11, 3, 12, 2], [13, 1, 14, 24], [15, 23, 16, 22], [17, 4, 18, 5], [19, 6, 20, 7], [21, 8, 22, 9], [23, 15, 24, 14], [1, 13, 2, 12], [3, 11, 4, 10]]"
12a_1278_161,"[[3, 11, 4, 10], [5, 18, 6, 19], [7, 20, 8, 21], [9, 16, 10, 17], [11, 3, 12, 2], [13, 1, 14, 24], [15, 23, 16, 22], [17, 4, 18, 5], [19, 6, 20, 7], [21, 8, 22, 9], [23, 15, 24, 14], [1, 13, 2, 12]]"
12a_1278_162,"[[1, 13, 2, 12], [3, 11, 4, 10], [5, 18, 6, 19], [7, 20, 8, 21], [9, 16, 10, 17], [11, 3, 12, 2], [13, 1, 14, 24], [15, 23, 16, 22], [17, 4, 18, 5], [19, 6, 20, 7], [21, 8, 22, 9], [23, 15, 24, 14]]"
12a_1278_163,"[[23, 15, 24, 14], [1, 13, 2, 12], [3, 11, 4, 10], [5, 18, 6, 19], [7, 20, 8, 21], [9, 16, 10, 17], [11, 3, 12, 2], [13, 1, 14, 24], [15, 23, 16, 22], [17, 4, 18, 5], [19, 6, 20, 7], [21, 8, 22, 9]]"
12a_1278_164,"[[21, 8, 22, 9], [23, 15, 24, 14], [1, 13, 2, 12], [3, 11, 4, 10], [5, 18, 6, 19], [7, 20, 8, 21], [9, 16, 10, 17], [11, 3, 12, 2], [13, 1, 14, 24], [15, 23, 16, 22], [17, 4, 18, 5], [19, 6, 20, 7]]"
12a_1278_165,"[[19, 6, 20, 7], [21, 8, 22, 9], [23, 15, 24, 14], [1, 13, 2, 12], [3, 11, 4, 10], [5, 18, 6, 19], [7, 20, 8, 21], [9, 16, 10, 17], [11, 3, 12, 2], [13, 1, 14, 24], [15, 23, 16, 22], [17, 4, 18, 5]]"
12a_1278_166,"[[17, 4, 18, 5], [19, 6, 20, 7], [21, 8, 22, 9], [23, 15, 24, 14], [1, 13, 2, 12], [3, 11, 4, 10], [5, 18, 6, 19], [7, 20, 8, 21], [9, 16, 10, 17], [11, 3, 12, 2], [13, 1, 14, 24], [15, 23, 16, 22]]"
12a_1278_167,"[[15, 23, 16, 22], [17, 4, 18, 5], [19, 6, 20, 7], [21, 8, 22, 9], [23, 15, 24, 14], [1, 13, 2, 12], [3, 11, 4, 10], [5, 18, 6, 19], [7, 20, 8, 21], [9, 16, 10, 17], [11, 3, 12, 2], [13, 1, 14, 24]]"
12a_1278_168,"[[14, 2, 15, 1], [16, 24, 17, 23], [18, 5, 19, 6], [20, 7, 21, 8], [22, 9, 23, 10], [24, 16, 1, 15], [2, 14, 3, 13], [4, 12, 5, 11], [6, 19, 7, 20], [8, 21, 9, 22], [10, 17, 11, 18], [12, 4, 13, 3]]"
12a_1278_169,"[[12, 4, 13, 3], [14, 2, 15, 1], [16, 24, 17, 23], [18, 5, 19, 6], [20, 7, 21, 8], [22, 9, 23, 10], [24, 16, 1, 15], [2, 14, 3, 13], [4, 12, 5, 11], [6, 19, 7, 20], [8, 21, 9, 22], [10, 17, 11, 18]]"
12a_1278_170,"[[10, 17, 11, 18], [12, 4, 13, 3], [14, 2, 15, 1], [16, 24, 17, 23], [18, 5, 19, 6], [20, 7, 21, 8], [22, 9, 23, 10], [24, 16, 1, 15], [2, 14, 3, 13], [4, 12, 5, 11], [6, 19, 7, 20], [8, 21, 9, 22]]"
12a_1278_171,"[[8, 21, 9, 22], [10, 17, 11, 18], [12, 4, 13, 3], [14, 2, 15, 1], [16, 24, 17, 23], [18, 5, 19, 6], [20, 7, 21, 8], [22, 9, 23, 10], [24, 16, 1, 15], [2, 14, 3, 13], [4, 12, 5, 11], [6, 19, 7, 20]]"
12a_1278_172,"[[6, 19, 7, 20], [8, 21, 9, 22], [10, 17, 11, 18], [12, 4, 13, 3], [14, 2, 15, 1], [16, 24, 17, 23], [18, 5, 19, 6], [20, 7, 21, 8], [22, 9, 23, 10], [24, 16, 1, 15], [2, 14, 3, 13], [4, 12, 5, 11]]"
12a_1278_173,"[[4, 12, 5, 11], [6, 19, 7, 20], [8, 21, 9, 22], [10, 17, 11, 18], [12, 4, 13, 3], [14, 2, 15, 1], [16, 24, 17, 23], [18, 5, 19, 6], [20, 7, 21, 8], [22, 9, 23, 10], [24, 16, 1, 15], [2, 14, 3, 13]]"
12a_1278_174,"[[2, 14, 3, 13], [4, 12, 5, 11], [6, 19, 7, 20], [8, 21, 9, 22], [10, 17, 11, 18], [12, 4, 13, 3], [14, 2, 15, 1], [16, 24, 17, 23], [18, 5, 19, 6], [20, 7, 21, 8], [22, 9, 23, 10], [24, 16, 1, 15]]"
12a_1278_175,"[[24, 16, 1, 15], [2, 14, 3, 13], [4, 12, 5, 11], [6, 19, 7, 20], [8, 21, 9, 22], [10, 17, 11, 18], [12, 4, 13, 3], [14, 2, 15, 1], [16, 24, 17, 23], [18, 5, 19, 6], [20, 7, 21, 8], [22, 9, 23, 10]]"
12a_1278_176,"[[22, 9, 23, 10], [24, 16, 1, 15], [2, 14, 3, 13], [4, 12, 5, 11], [6, 19, 7, 20], [8, 21, 9, 22], [10, 17, 11, 18], [12, 4, 13, 3], [14, 2, 15, 1], [16, 24, 17, 23], [18, 5, 19, 6], [20, 7, 21, 8]]"
12a_1278_177,"[[20, 7, 21, 8], [22, 9, 23, 10], [24, 16, 1, 15], [2, 14, 3, 13], [4, 12, 5, 11], [6, 19, 7, 20], [8, 21, 9, 22], [10, 17, 11, 18], [12, 4, 13, 3], [14, 2, 15, 1], [16, 24, 17, 23], [18, 5, 19, 6]]"
12a_1278_178,"[[18, 5, 19, 6], [20, 7, 21, 8], [22, 9, 23, 10], [24, 16, 1, 15], [2, 14, 3, 13], [4, 12, 5, 11], [6, 19, 7, 20], [8, 21, 9, 22], [10, 17, 11, 18], [12, 4, 13, 3], [14, 2, 15, 1], [16, 24, 17, 23]]"
12a_1278_179,"[[16, 24, 17, 23], [18, 5, 19, 6], [20, 7, 21, 8], [22, 9, 23, 10], [24, 16, 1, 15], [2, 14, 3, 13], [4, 12, 5, 11], [6, 19, 7, 20], [8, 21, 9, 22], [10, 17, 11, 18], [12, 4, 13, 3], [14, 2, 15, 1]]"
12a_1278_180,"[[15, 3, 16, 2], [17, 1, 18, 24], [19, 6, 20, 7], [21, 8, 22, 9], [23, 10, 24, 11], [1, 17, 2, 16], [3, 15, 4, 14], [5, 13, 6, 12], [7, 20, 8, 21], [9, 22, 10, 23], [11, 18, 12, 19], [13, 5, 14, 4]]"
12a_1278_181,"[[13, 5, 14, 4], [15, 3, 16, 2], [17, 1, 18, 24], [19, 6, 20, 7], [21, 8, 22, 9], [23, 10, 24, 11], [1, 17, 2, 16], [3, 15, 4, 14], [5, 13, 6, 12], [7, 20, 8, 21], [9, 22, 10, 23], [11, 18, 12, 19]]"
12a_1278_182,"[[11, 18, 12, 19], [13, 5, 14, 4], [15, 3, 16, 2], [17, 1, 18, 24], [19, 6, 20, 7], [21, 8, 22, 9], [23, 10, 24, 11], [1, 17, 2, 16], [3, 15, 4, 14], [5, 13, 6, 12], [7, 20, 8, 21], [9, 22, 10, 23]]"
12a_1278_183,"[[9, 22, 10, 23], [11, 18, 12, 19], [13, 5, 14, 4], [15, 3, 16, 2], [17, 1, 18, 24], [19, 6, 20, 7], [21, 8, 22, 9], [23, 10, 24, 11], [1, 17, 2, 16], [3, 15, 4, 14], [5, 13, 6, 12], [7, 20, 8, 21]]"
12a_1278_184,"[[7, 20, 8, 21], [9, 22, 10, 23], [11, 18, 12, 19], [13, 5, 14, 4], [15, 3, 16, 2], [17, 1, 18, 24], [19, 6, 20, 7], [21, 8, 22, 9], [23, 10, 24, 11], [1, 17, 2, 16], [3, 15, 4, 14], [5, 13, 6, 12]]"
12a_1278_185,"[[5, 13, 6, 12], [7, 20, 8, 21], [9, 22, 10, 23], [11, 18, 12, 19], [13, 5, 14, 4], [15, 3, 16, 2], [17, 1, 18, 24], [19, 6, 20, 7], [21, 8, 22, 9], [23, 10, 24, 11], [1, 17, 2, 16], [3, 15, 4, 14]]"
