name,pd_notation
12a_0615_0,"[[24, 16, 1, 15], [2, 6, 3, 5], [4, 14, 5, 13], [6, 18, 7, 17], [8, 2, 9, 1], [10, 22, 11, 21], [12, 4, 13, 3], [14, 10, 15, 9], [16, 20, 17, 19], [18, 8, 19, 7], [20, 24, 21, 23], [22, 12, 23, 11]]"
12a_0615_1,"[[22, 12, 23, 11], [24, 16, 1, 15], [2, 6, 3, 5], [4, 14, 5, 13], [6, 18, 7, 17], [8, 2, 9, 1], [10, 22, 11, 21], [12, 4, 13, 3], [14, 10, 15, 9], [16, 20, 17, 19], [18, 8, 19, 7], [20, 24, 21, 23]]"
12a_0615_2,"[[20, 24, 21, 23], [22, 12, 23, 11], [24, 16, 1, 15], [2, 6, 3, 5], [4, 14, 5, 13], [6, 18, 7, 17], [8, 2, 9, 1], [10, 22, 11, 21], [12, 4, 13, 3], [14, 10, 15, 9], [16, 20, 17, 19], [18, 8, 19, 7]]"
12a_0615_3,"[[18, 8, 19, 7], [20, 24, 21, 23], [22, 12, 23, 11], [24, 16, 1, 15], [2, 6, 3, 5], [4, 14, 5, 13], [6, 18, 7, 17], [8, 2, 9, 1], [10, 22, 11, 21], [12, 4, 13, 3], [14, 10, 15, 9], [16, 20, 17, 19]]"
12a_0615_4,"[[16, 20, 17, 19], [18, 8, 19, 7], [20, 24, 21, 23], [22, 12, 23, 11], [24, 16, 1, 15], [2, 6, 3, 5], [4, 14, 5, 13], [6, 18, 7, 17], [8, 2, 9, 1], [10, 22, 11, 21], [12, 4, 13, 3], [14, 10, 15, 9]]"
12a_0615_5,"[[14, 10, 15, 9], [16, 20, 17, 19], [18, 8, 19, 7], [20, 24, 21, 23], [22, 12, 23, 11], [24, 16, 1, 15], [2, 6, 3, 5], [4, 14, 5, 13], [6, 18, 7, 17], [8, 2, 9, 1], [10, 22, 11, 21], [12, 4, 13, 3]]"
12a_0615_6,"[[12, 4, 13, 3], [14, 10, 15, 9], [16, 20, 17, 19], [18, 8, 19, 7], [20, 24, 21, 23], [22, 12, 23, 11], [24, 16, 1, 15], [2, 6, 3, 5], [4, 14, 5, 13], [6, 18, 7, 17], [8, 2, 9, 1], [10, 22, 11, 21]]"
12a_0615_7,"[[10, 22, 11, 21], [12, 4, 13, 3], [14, 10, 15, 9], [16, 20, 17, 19], [18, 8, 19, 7], [20, 24, 21, 23], [22, 12, 23, 11], [24, 16, 1, 15], [2, 6, 3, 5], [4, 14, 5, 13], [6, 18, 7, 17], [8, 2, 9, 1]]"
12a_0615_8,"[[8, 2, 9, 1], [10, 22, 11, 21], [12, 4, 13, 3], [14, 10, 15, 9], [16, 20, 17, 19], [18, 8, 19, 7], [20, 24, 21, 23], [22, 12, 23, 11], [24, 16, 1, 15], [2, 6, 3, 5], [4, 14, 5, 13], [6, 18, 7, 17]]"
12a_0615_9,"[[6, 18, 7, 17], [8, 2, 9, 1], [10, 22, 11, 21], [12, 4, 13, 3], [14, 10, 15, 9], [16, 20, 17, 19], [18, 8, 19, 7], [20, 24, 21, 23], [22, 12, 23, 11], [24, 16, 1, 15], [2, 6, 3, 5], [4, 14, 5, 13]]"
12a_0615_10,"[[4, 14, 5, 13], [6, 18, 7, 17], [8, 2, 9, 1], [10, 22, 11, 21], [12, 4, 13, 3], [14, 10, 15, 9], [16, 20, 17, 19], [18, 8, 19, 7], [20, 24, 21, 23], [22, 12, 23, 11], [24, 16, 1, 15], [2, 6, 3, 5]]"
12a_0615_11,"[[2, 6, 3, 5], [4, 14, 5, 13], [6, 18, 7, 17], [8, 2, 9, 1], [10, 22, 11, 21], [12, 4, 13, 3], [14, 10, 15, 9], [16, 20, 17, 19], [18, 8, 19, 7], [20, 24, 21, 23], [22, 12, 23, 11], [24, 16, 1, 15]]"
12a_0615_12,"[[1, 17, 2, 16], [3, 7, 4, 6], [5, 15, 6, 14], [7, 19, 8, 18], [9, 3, 10, 2], [11, 23, 12, 22], [13, 5, 14, 4], [15, 11, 16, 10], [17, 21, 18, 20], [19, 9, 20, 8], [21, 1, 22, 24], [23, 13, 24, 12]]"
12a_0615_13,"[[23, 13, 24, 12], [1, 17, 2, 16], [3, 7, 4, 6], [5, 15, 6, 14], [7, 19, 8, 18], [9, 3, 10, 2], [11, 23, 12, 22], [13, 5, 14, 4], [15, 11, 16, 10], [17, 21, 18, 20], [19, 9, 20, 8], [21, 1, 22, 24]]"
12a_0615_14,"[[21, 1, 22, 24], [23, 13, 24, 12], [1, 17, 2, 16], [3, 7, 4, 6], [5, 15, 6, 14], [7, 19, 8, 18], [9, 3, 10, 2], [11, 23, 12, 22], [13, 5, 14, 4], [15, 11, 16, 10], [17, 21, 18, 20], [19, 9, 20, 8]]"
12a_0615_15,"[[19, 9, 20, 8], [21, 1, 22, 24], [23, 13, 24, 12], [1, 17, 2, 16], [3, 7, 4, 6], [5, 15, 6, 14], [7, 19, 8, 18], [9, 3, 10, 2], [11, 23, 12, 22], [13, 5, 14, 4], [15, 11, 16, 10], [17, 21, 18, 20]]"
12a_0615_16,"[[17, 21, 18, 20], [19, 9, 20, 8], [21, 1, 22, 24], [23, 13, 24, 12], [1, 17, 2, 16], [3, 7, 4, 6], [5, 15, 6, 14], [7, 19, 8, 18], [9, 3, 10, 2], [11, 23, 12, 22], [13, 5, 14, 4], [15, 11, 16, 10]]"
12a_0615_17,"[[15, 11, 16, 10], [17, 21, 18, 20], [19, 9, 20, 8], [21, 1, 22, 24], [23, 13, 24, 12], [1, 17, 2, 16], [3, 7, 4, 6], [5, 15, 6, 14], [7, 19, 8, 18], [9, 3, 10, 2], [11, 23, 12, 22], [13, 5, 14, 4]]"
12a_0615_18,"[[13, 5, 14, 4], [15, 11, 16, 10], [17, 21, 18, 20], [19, 9, 20, 8], [21, 1, 22, 24], [23, 13, 24, 12], [1, 17, 2, 16], [3, 7, 4, 6], [5, 15, 6, 14], [7, 19, 8, 18], [9, 3, 10, 2], [11, 23, 12, 22]]"
12a_0615_19,"[[11, 23, 12, 22], [13, 5, 14, 4], [15, 11, 16, 10], [17, 21, 18, 20], [19, 9, 20, 8], [21, 1, 22, 24], [23, 13, 24, 12], [1, 17, 2, 16], [3, 7, 4, 6], [5, 15, 6, 14], [7, 19, 8, 18], [9, 3, 10, 2]]"
12a_0615_20,"[[9, 3, 10, 2], [11, 23, 12, 22], [13, 5, 14, 4], [15, 11, 16, 10], [17, 21, 18, 20], [19, 9, 20, 8], [21, 1, 22, 24], [23, 13, 24, 12], [1, 17, 2, 16], [3, 7, 4, 6], [5, 15, 6, 14], [7, 19, 8, 18]]"
12a_0615_21,"[[7, 19, 8, 18], [9, 3, 10, 2], [11, 23, 12, 22], [13, 5, 14, 4], [15, 11, 16, 10], [17, 21, 18, 20], [19, 9, 20, 8], [21, 1, 22, 24], [23, 13, 24, 12], [1, 17, 2, 16], [3, 7, 4, 6], [5, 15, 6, 14]]"
12a_0615_22,"[[5, 15, 6, 14], [7, 19, 8, 18], [9, 3, 10, 2], [11, 23, 12, 22], [13, 5, 14, 4], [15, 11, 16, 10], [17, 21, 18, 20], [19, 9, 20, 8], [21, 1, 22, 24], [23, 13, 24, 12], [1, 17, 2, 16], [3, 7, 4, 6]]"
12a_0615_23,"[[3, 7, 4, 6], [5, 15, 6, 14], [7, 19, 8, 18], [9, 3, 10, 2], [11, 23, 12, 22], [13, 5, 14, 4], [15, 11, 16, 10], [17, 21, 18, 20], [19, 9, 20, 8], [21, 1, 22, 24], [23, 13, 24, 12], [1, 17, 2, 16]]"
12a_0615_24,"[[2, 18, 3, 17], [4, 8, 5, 7], [6, 16, 7, 15], [8, 20, 9, 19], [10, 4, 11, 3], [12, 24, 13, 23], [14, 6, 15, 5], [16, 12, 17, 11], [18, 22, 19, 21], [20, 10, 21, 9], [22, 2, 23, 1], [24, 14, 1, 13]]"
12a_0615_25,"[[24, 14, 1, 13], [2, 18, 3, 17], [4, 8, 5, 7], [6, 16, 7, 15], [8, 20, 9, 19], [10, 4, 11, 3], [12, 24, 13, 23], [14, 6, 15, 5], [16, 12, 17, 11], [18, 22, 19, 21], [20, 10, 21, 9], [22, 2, 23, 1]]"
12a_0615_26,"[[22, 2, 23, 1], [24, 14, 1, 13], [2, 18, 3, 17], [4, 8, 5, 7], [6, 16, 7, 15], [8, 20, 9, 19], [10, 4, 11, 3], [12, 24, 13, 23], [14, 6, 15, 5], [16, 12, 17, 11], [18, 22, 19, 21], [20, 10, 21, 9]]"
12a_0615_27,"[[20, 10, 21, 9], [22, 2, 23, 1], [24, 14, 1, 13], [2, 18, 3, 17], [4, 8, 5, 7], [6, 16, 7, 15], [8, 20, 9, 19], [10, 4, 11, 3], [12, 24, 13, 23], [14, 6, 15, 5], [16, 12, 17, 11], [18, 22, 19, 21]]"
12a_0615_28,"[[18, 22, 19, 21], [20, 10, 21, 9], [22, 2, 23, 1], [24, 14, 1, 13], [2, 18, 3, 17], [4, 8, 5, 7], [6, 16, 7, 15], [8, 20, 9, 19], [10, 4, 11, 3], [12, 24, 13, 23], [14, 6, 15, 5], [16, 12, 17, 11]]"
12a_0615_29,"[[16, 12, 17, 11], [18, 22, 19, 21], [20, 10, 21, 9], [22, 2, 23, 1], [24, 14, 1, 13], [2, 18, 3, 17], [4, 8, 5, 7], [6, 16, 7, 15], [8, 20, 9, 19], [10, 4, 11, 3], [12, 24, 13, 23], [14, 6, 15, 5]]"
12a_0615_30,"[[14, 6, 15, 5], [16, 12, 17, 11], [18, 22, 19, 21], [20, 10, 21, 9], [22, 2, 23, 1], [24, 14, 1, 13], [2, 18, 3, 17], [4, 8, 5, 7], [6, 16, 7, 15], [8, 20, 9, 19], [10, 4, 11, 3], [12, 24, 13, 23]]"
12a_0615_31,"[[12, 24, 13, 23], [14, 6, 15, 5], [16, 12, 17, 11], [18, 22, 19, 21], [20, 10, 21, 9], [22, 2, 23, 1], [24, 14, 1, 13], [2, 18, 3, 17], [4, 8, 5, 7], [6, 16, 7, 15], [8, 20, 9, 19], [10, 4, 11, 3]]"
12a_0615_32,"[[10, 4, 11, 3], [12, 24, 13, 23], [14, 6, 15, 5], [16, 12, 17, 11], [18, 22, 19, 21], [20, 10, 21, 9], [22, 2, 23, 1], [24, 14, 1, 13], [2, 18, 3, 17], [4, 8, 5, 7], [6, 16, 7, 15], [8, 20, 9, 19]]"
12a_0615_33,"[[8, 20, 9, 19], [10, 4, 11, 3], [12, 24, 13, 23], [14, 6, 15, 5], [16, 12, 17, 11], [18, 22, 19, 21], [20, 10, 21, 9], [22, 2, 23, 1], [24, 14, 1, 13], [2, 18, 3, 17], [4, 8, 5, 7], [6, 16, 7, 15]]"
12a_0615_34,"[[6, 16, 7, 15], [8, 20, 9, 19], [10, 4, 11, 3], [12, 24, 13, 23], [14, 6, 15, 5], [16, 12, 17, 11], [18, 22, 19, 21], [20, 10, 21, 9], [22, 2, 23, 1], [24, 14, 1, 13], [2, 18, 3, 17], [4, 8, 5, 7]]"
12a_0615_35,"[[4, 8, 5, 7], [6, 16, 7, 15], [8, 20, 9, 19], [10, 4, 11, 3], [12, 24, 13, 23], [14, 6, 15, 5], [16, 12, 17, 11], [18, 22, 19, 21], [20, 10, 21, 9], [22, 2, 23, 1], [24, 14, 1, 13], [2, 18, 3, 17]]"
12a_0615_36,"[[3, 19, 4, 18], [5, 9, 6, 8], [7, 17, 8, 16], [9, 21, 10, 20], [11, 5, 12, 4], [13, 1, 14, 24], [15, 7, 16, 6], [17, 13, 18, 12], [19, 23, 20, 22], [21, 11, 22, 10], [23, 3, 24, 2], [1, 15, 2, 14]]"
12a_0615_37,"[[1, 15, 2, 14], [3, 19, 4, 18], [5, 9, 6, 8], [7, 17, 8, 16], [9, 21, 10, 20], [11, 5, 12, 4], [13, 1, 14, 24], [15, 7, 16, 6], [17, 13, 18, 12], [19, 23, 20, 22], [21, 11, 22, 10], [23, 3, 24, 2]]"
12a_0615_38,"[[23, 3, 24, 2], [1, 15, 2, 14], [3, 19, 4, 18], [5, 9, 6, 8], [7, 17, 8, 16], [9, 21, 10, 20], [11, 5, 12, 4], [13, 1, 14, 24], [15, 7, 16, 6], [17, 13, 18, 12], [19, 23, 20, 22], [21, 11, 22, 10]]"
12a_0615_39,"[[21, 11, 22, 10], [23, 3, 24, 2], [1, 15, 2, 14], [3, 19, 4, 18], [5, 9, 6, 8], [7, 17, 8, 16], [9, 21, 10, 20], [11, 5, 12, 4], [13, 1, 14, 24], [15, 7, 16, 6], [17, 13, 18, 12], [19, 23, 20, 22]]"
12a_0615_40,"[[19, 23, 20, 22], [21, 11, 22, 10], [23, 3, 24, 2], [1, 15, 2, 14], [3, 19, 4, 18], [5, 9, 6, 8], [7, 17, 8, 16], [9, 21, 10, 20], [11, 5, 12, 4], [13, 1, 14, 24], [15, 7, 16, 6], [17, 13, 18, 12]]"
12a_0615_41,"[[17, 13, 18, 12], [19, 23, 20, 22], [21, 11, 22, 10], [23, 3, 24, 2], [1, 15, 2, 14], [3, 19, 4, 18], [5, 9, 6, 8], [7, 17, 8, 16], [9, 21, 10, 20], [11, 5, 12, 4], [13, 1, 14, 24], [15, 7, 16, 6]]"
12a_0615_42,"[[15, 7, 16, 6], [17, 13, 18, 12], [19, 23, 20, 22], [21, 11, 22, 10], [23, 3, 24, 2], [1, 15, 2, 14], [3, 19, 4, 18], [5, 9, 6, 8], [7, 17, 8, 16], [9, 21, 10, 20], [11, 5, 12, 4], [13, 1, 14, 24]]"
12a_0615_43,"[[13, 1, 14, 24], [15, 7, 16, 6], [17, 13, 18, 12], [19, 23, 20, 22], [21, 11, 22, 10], [23, 3, 24, 2], [1, 15, 2, 14], [3, 19, 4, 18], [5, 9, 6, 8], [7, 17, 8, 16], [9, 21, 10, 20], [11, 5, 12, 4]]"
12a_0615_44,"[[11, 5, 12, 4], [13, 1, 14, 24], [15, 7, 16, 6], [17, 13, 18, 12], [19, 23, 20, 22], [21, 11, 22, 10], [23, 3, 24, 2], [1, 15, 2, 14], [3, 19, 4, 18], [5, 9, 6, 8], [7, 17, 8, 16], [9, 21, 10, 20]]"
12a_0615_45,"[[9, 21, 10, 20], [11, 5, 12, 4], [13, 1, 14, 24], [15, 7, 16, 6], [17, 13, 18, 12], [19, 23, 20, 22], [21, 11, 22, 10], [23, 3, 24, 2], [1, 15, 2, 14], [3, 19, 4, 18], [5, 9, 6, 8], [7, 17, 8, 16]]"
12a_0615_46,"[[7, 17, 8, 16], [9, 21, 10, 20], [11, 5, 12, 4], [13, 1, 14, 24], [15, 7, 16, 6], [17, 13, 18, 12], [19, 23, 20, 22], [21, 11, 22, 10], [23, 3, 24, 2], [1, 15, 2, 14], [3, 19, 4, 18], [5, 9, 6, 8]]"
12a_0615_47,"[[5, 9, 6, 8], [7, 17, 8, 16], [9, 21, 10, 20], [11, 5, 12, 4], [13, 1, 14, 24], [15, 7, 16, 6], [17, 13, 18, 12], [19, 23, 20, 22], [21, 11, 22, 10], [23, 3, 24, 2], [1, 15, 2, 14], [3, 19, 4, 18]]"
12a_0615_48,"[[4, 20, 5, 19], [6, 10, 7, 9], [8, 18, 9, 17], [10, 22, 11, 21], [12, 6, 13, 5], [14, 2, 15, 1], [16, 8, 17, 7], [18, 14, 19, 13], [20, 24, 21, 23], [22, 12, 23, 11], [24, 4, 1, 3], [2, 16, 3, 15]]"
12a_0615_49,"[[2, 16, 3, 15], [4, 20, 5, 19], [6, 10, 7, 9], [8, 18, 9, 17], [10, 22, 11, 21], [12, 6, 13, 5], [14, 2, 15, 1], [16, 8, 17, 7], [18, 14, 19, 13], [20, 24, 21, 23], [22, 12, 23, 11], [24, 4, 1, 3]]"
12a_0615_50,"[[24, 4, 1, 3], [2, 16, 3, 15], [4, 20, 5, 19], [6, 10, 7, 9], [8, 18, 9, 17], [10, 22, 11, 21], [12, 6, 13, 5], [14, 2, 15, 1], [16, 8, 17, 7], [18, 14, 19, 13], [20, 24, 21, 23], [22, 12, 23, 11]]"
12a_0615_51,"[[22, 12, 23, 11], [24, 4, 1, 3], [2, 16, 3, 15], [4, 20, 5, 19], [6, 10, 7, 9], [8, 18, 9, 17], [10, 22, 11, 21], [12, 6, 13, 5], [14, 2, 15, 1], [16, 8, 17, 7], [18, 14, 19, 13], [20, 24, 21, 23]]"
12a_0615_52,"[[20, 24, 21, 23], [22, 12, 23, 11], [24, 4, 1, 3], [2, 16, 3, 15], [4, 20, 5, 19], [6, 10, 7, 9], [8, 18, 9, 17], [10, 22, 11, 21], [12, 6, 13, 5], [14, 2, 15, 1], [16, 8, 17, 7], [18, 14, 19, 13]]"
12a_0615_53,"[[18, 14, 19, 13], [20, 24, 21, 23], [22, 12, 23, 11], [24, 4, 1, 3], [2, 16, 3, 15], [4, 20, 5, 19], [6, 10, 7, 9], [8, 18, 9, 17], [10, 22, 11, 21], [12, 6, 13, 5], [14, 2, 15, 1], [16, 8, 17, 7]]"
12a_0615_54,"[[16, 8, 17, 7], [18, 14, 19, 13], [20, 24, 21, 23], [22, 12, 23, 11], [24, 4, 1, 3], [2, 16, 3, 15], [4, 20, 5, 19], [6, 10, 7, 9], [8, 18, 9, 17], [10, 22, 11, 21], [12, 6, 13, 5], [14, 2, 15, 1]]"
12a_0615_55,"[[14, 2, 15, 1], [16, 8, 17, 7], [18, 14, 19, 13], [20, 24, 21, 23], [22, 12, 23, 11], [24, 4, 1, 3], [2, 16, 3, 15], [4, 20, 5, 19], [6, 10, 7, 9], [8, 18, 9, 17], [10, 22, 11, 21], [12, 6, 13, 5]]"
12a_0615_56,"[[12, 6, 13, 5], [14, 2, 15, 1], [16, 8, 17, 7], [18, 14, 19, 13], [20, 24, 21, 23], [22, 12, 23, 11], [24, 4, 1, 3], [2, 16, 3, 15], [4, 20, 5, 19], [6, 10, 7, 9], [8, 18, 9, 17], [10, 22, 11, 21]]"
12a_0615_57,"[[10, 22, 11, 21], [12, 6, 13, 5], [14, 2, 15, 1], [16, 8, 17, 7], [18, 14, 19, 13], [20, 24, 21, 23], [22, 12, 23, 11], [24, 4, 1, 3], [2, 16, 3, 15], [4, 20, 5, 19], [6, 10, 7, 9], [8, 18, 9, 17]]"
12a_0615_58,"[[8, 18, 9, 17], [10, 22, 11, 21], [12, 6, 13, 5], [14, 2, 15, 1], [16, 8, 17, 7], [18, 14, 19, 13], [20, 24, 21, 23], [22, 12, 23, 11], [24, 4, 1, 3], [2, 16, 3, 15], [4, 20, 5, 19], [6, 10, 7, 9]]"
12a_0615_59,"[[6, 10, 7, 9], [8, 18, 9, 17], [10, 22, 11, 21], [12, 6, 13, 5], [14, 2, 15, 1], [16, 8, 17, 7], [18, 14, 19, 13], [20, 24, 21, 23], [22, 12, 23, 11], [24, 4, 1, 3], [2, 16, 3, 15], [4, 20, 5, 19]]"
12a_0615_60,"[[5, 21, 6, 20], [7, 11, 8, 10], [9, 19, 10, 18], [11, 23, 12, 22], [13, 7, 14, 6], [15, 3, 16, 2], [17, 9, 18, 8], [19, 15, 20, 14], [21, 1, 22, 24], [23, 13, 24, 12], [1, 5, 2, 4], [3, 17, 4, 16]]"
12a_0615_61,"[[3, 17, 4, 16], [5, 21, 6, 20], [7, 11, 8, 10], [9, 19, 10, 18], [11, 23, 12, 22], [13, 7, 14, 6], [15, 3, 16, 2], [17, 9, 18, 8], [19, 15, 20, 14], [21, 1, 22, 24], [23, 13, 24, 12], [1, 5, 2, 4]]"
12a_0615_62,"[[1, 5, 2, 4], [3, 17, 4, 16], [5, 21, 6, 20], [7, 11, 8, 10], [9, 19, 10, 18], [11, 23, 12, 22], [13, 7, 14, 6], [15, 3, 16, 2], [17, 9, 18, 8], [19, 15, 20, 14], [21, 1, 22, 24], [23, 13, 24, 12]]"
12a_0615_63,"[[23, 13, 24, 12], [1, 5, 2, 4], [3, 17, 4, 16], [5, 21, 6, 20], [7, 11, 8, 10], [9, 19, 10, 18], [11, 23, 12, 22], [13, 7, 14, 6], [15, 3, 16, 2], [17, 9, 18, 8], [19, 15, 20, 14], [21, 1, 22, 24]]"
12a_0615_64,"[[21, 1, 22, 24], [23, 13, 24, 12], [1, 5, 2, 4], [3, 17, 4, 16], [5, 21, 6, 20], [7, 11, 8, 10], [9, 19, 10, 18], [11, 23, 12, 22], [13, 7, 14, 6], [15, 3, 16, 2], [17, 9, 18, 8], [19, 15, 20, 14]]"
12a_0615_65,"[[19, 15, 20, 14], [21, 1, 22, 24], [23, 13, 24, 12], [1, 5, 2, 4], [3, 17, 4, 16], [5, 21, 6, 20], [7, 11, 8, 10], [9, 19, 10, 18], [11, 23, 12, 22], [13, 7, 14, 6], [15, 3, 16, 2], [17, 9, 18, 8]]"
12a_0615_66,"[[17, 9, 18, 8], [19, 15, 20, 14], [21, 1, 22, 24], [23, 13, 24, 12], [1, 5, 2, 4], [3, 17, 4, 16], [5, 21, 6, 20], [7, 11, 8, 10], [9, 19, 10, 18], [11, 23, 12, 22], [13, 7, 14, 6], [15, 3, 16, 2]]"
12a_0615_67,"[[15, 3, 16, 2], [17, 9, 18, 8], [19, 15, 20, 14], [21, 1, 22, 24], [23, 13, 24, 12], [1, 5, 2, 4], [3, 17, 4, 16], [5, 21, 6, 20], [7, 11, 8, 10], [9, 19, 10, 18], [11, 23, 12, 22], [13, 7, 14, 6]]"
12a_0615_68,"[[13, 7, 14, 6], [15, 3, 16, 2], [17, 9, 18, 8], [19, 15, 20, 14], [21, 1, 22, 24], [23, 13, 24, 12], [1, 5, 2, 4], [3, 17, 4, 16], [5, 21, 6, 20], [7, 11, 8, 10], [9, 19, 10, 18], [11, 23, 12, 22]]"
12a_0615_69,"[[11, 23, 12, 22], [13, 7, 14, 6], [15, 3, 16, 2], [17, 9, 18, 8], [19, 15, 20, 14], [21, 1, 22, 24], [23, 13, 24, 12], [1, 5, 2, 4], [3, 17, 4, 16], [5, 21, 6, 20], [7, 11, 8, 10], [9, 19, 10, 18]]"
12a_0615_70,"[[9, 19, 10, 18], [11, 23, 12, 22], [13, 7, 14, 6], [15, 3, 16, 2], [17, 9, 18, 8], [19, 15, 20, 14], [21, 1, 22, 24], [23, 13, 24, 12], [1, 5, 2, 4], [3, 17, 4, 16], [5, 21, 6, 20], [7, 11, 8, 10]]"
12a_0615_71,"[[7, 11, 8, 10], [9, 19, 10, 18], [11, 23, 12, 22], [13, 7, 14, 6], [15, 3, 16, 2], [17, 9, 18, 8], [19, 15, 20, 14], [21, 1, 22, 24], [23, 13, 24, 12], [1, 5, 2, 4], [3, 17, 4, 16], [5, 21, 6, 20]]"
12a_0615_72,"[[6, 22, 7, 21], [8, 12, 9, 11], [10, 20, 11, 19], [12, 24, 13, 23], [14, 8, 15, 7], [16, 4, 17, 3], [18, 10, 19, 9], [20, 16, 21, 15], [22, 2, 23, 1], [24, 14, 1, 13], [2, 6, 3, 5], [4, 18, 5, 17]]"
12a_0615_73,"[[4, 18, 5, 17], [6, 22, 7, 21], [8, 12, 9, 11], [10, 20, 11, 19], [12, 24, 13, 23], [14, 8, 15, 7], [16, 4, 17, 3], [18, 10, 19, 9], [20, 16, 21, 15], [22, 2, 23, 1], [24, 14, 1, 13], [2, 6, 3, 5]]"
12a_0615_74,"[[2, 6, 3, 5], [4, 18, 5, 17], [6, 22, 7, 21], [8, 12, 9, 11], [10, 20, 11, 19], [12, 24, 13, 23], [14, 8, 15, 7], [16, 4, 17, 3], [18, 10, 19, 9], [20, 16, 21, 15], [22, 2, 23, 1], [24, 14, 1, 13]]"
12a_0615_75,"[[24, 14, 1, 13], [2, 6, 3, 5], [4, 18, 5, 17], [6, 22, 7, 21], [8, 12, 9, 11], [10, 20, 11, 19], [12, 24, 13, 23], [14, 8, 15, 7], [16, 4, 17, 3], [18, 10, 19, 9], [20, 16, 21, 15], [22, 2, 23, 1]]"
12a_0615_76,"[[22, 2, 23, 1], [24, 14, 1, 13], [2, 6, 3, 5], [4, 18, 5, 17], [6, 22, 7, 21], [8, 12, 9, 11], [10, 20, 11, 19], [12, 24, 13, 23], [14, 8, 15, 7], [16, 4, 17, 3], [18, 10, 19, 9], [20, 16, 21, 15]]"
12a_0615_77,"[[20, 16, 21, 15], [22, 2, 23, 1], [24, 14, 1, 13], [2, 6, 3, 5], [4, 18, 5, 17], [6, 22, 7, 21], [8, 12, 9, 11], [10, 20, 11, 19], [12, 24, 13, 23], [14, 8, 15, 7], [16, 4, 17, 3], [18, 10, 19, 9]]"
12a_0615_78,"[[18, 10, 19, 9], [20, 16, 21, 15], [22, 2, 23, 1], [24, 14, 1, 13], [2, 6, 3, 5], [4, 18, 5, 17], [6, 22, 7, 21], [8, 12, 9, 11], [10, 20, 11, 19], [12, 24, 13, 23], [14, 8, 15, 7], [16, 4, 17, 3]]"
12a_0615_79,"[[16, 4, 17, 3], [18, 10, 19, 9], [20, 16, 21, 15], [22, 2, 23, 1], [24, 14, 1, 13], [2, 6, 3, 5], [4, 18, 5, 17], [6, 22, 7, 21], [8, 12, 9, 11], [10, 20, 11, 19], [12, 24, 13, 23], [14, 8, 15, 7]]"
12a_0615_80,"[[14, 8, 15, 7], [16, 4, 17, 3], [18, 10, 19, 9], [20, 16, 21, 15], [22, 2, 23, 1], [24, 14, 1, 13], [2, 6, 3, 5], [4, 18, 5, 17], [6, 22, 7, 21], [8, 12, 9, 11], [10, 20, 11, 19], [12, 24, 13, 23]]"
12a_0615_81,"[[12, 24, 13, 23], [14, 8, 15, 7], [16, 4, 17, 3], [18, 10, 19, 9], [20, 16, 21, 15], [22, 2, 23, 1], [24, 14, 1, 13], [2, 6, 3, 5], [4, 18, 5, 17], [6, 22, 7, 21], [8, 12, 9, 11], [10, 20, 11, 19]]"
12a_0615_82,"[[10, 20, 11, 19], [12, 24, 13, 23], [14, 8, 15, 7], [16, 4, 17, 3], [18, 10, 19, 9], [20, 16, 21, 15], [22, 2, 23, 1], [24, 14, 1, 13], [2, 6, 3, 5], [4, 18, 5, 17], [6, 22, 7, 21], [8, 12, 9, 11]]"
12a_0615_83,"[[8, 12, 9, 11], [10, 20, 11, 19], [12, 24, 13, 23], [14, 8, 15, 7], [16, 4, 17, 3], [18, 10, 19, 9], [20, 16, 21, 15], [22, 2, 23, 1], [24, 14, 1, 13], [2, 6, 3, 5], [4, 18, 5, 17], [6, 22, 7, 21]]"
12a_0615_84,"[[7, 23, 8, 22], [9, 13, 10, 12], [11, 21, 12, 20], [13, 1, 14, 24], [15, 9, 16, 8], [17, 5, 18, 4], [19, 11, 20, 10], [21, 17, 22, 16], [23, 3, 24, 2], [1, 15, 2, 14], [3, 7, 4, 6], [5, 19, 6, 18]]"
12a_0615_85,"[[5, 19, 6, 18], [7, 23, 8, 22], [9, 13, 10, 12], [11, 21, 12, 20], [13, 1, 14, 24], [15, 9, 16, 8], [17, 5, 18, 4], [19, 11, 20, 10], [21, 17, 22, 16], [23, 3, 24, 2], [1, 15, 2, 14], [3, 7, 4, 6]]"
12a_0615_86,"[[3, 7, 4, 6], [5, 19, 6, 18], [7, 23, 8, 22], [9, 13, 10, 12], [11, 21, 12, 20], [13, 1, 14, 24], [15, 9, 16, 8], [17, 5, 18, 4], [19, 11, 20, 10], [21, 17, 22, 16], [23, 3, 24, 2], [1, 15, 2, 14]]"
12a_0615_87,"[[1, 15, 2, 14], [3, 7, 4, 6], [5, 19, 6, 18], [7, 23, 8, 22], [9, 13, 10, 12], [11, 21, 12, 20], [13, 1, 14, 24], [15, 9, 16, 8], [17, 5, 18, 4], [19, 11, 20, 10], [21, 17, 22, 16], [23, 3, 24, 2]]"
12a_0615_88,"[[23, 3, 24, 2], [1, 15, 2, 14], [3, 7, 4, 6], [5, 19, 6, 18], [7, 23, 8, 22], [9, 13, 10, 12], [11, 21, 12, 20], [13, 1, 14, 24], [15, 9, 16, 8], [17, 5, 18, 4], [19, 11, 20, 10], [21, 17, 22, 16]]"
12a_0615_89,"[[21, 17, 22, 16], [23, 3, 24, 2], [1, 15, 2, 14], [3, 7, 4, 6], [5, 19, 6, 18], [7, 23, 8, 22], [9, 13, 10, 12], [11, 21, 12, 20], [13, 1, 14, 24], [15, 9, 16, 8], [17, 5, 18, 4], [19, 11, 20, 10]]"
12a_0615_90,"[[19, 11, 20, 10], [21, 17, 22, 16], [23, 3, 24, 2], [1, 15, 2, 14], [3, 7, 4, 6], [5, 19, 6, 18], [7, 23, 8, 22], [9, 13, 10, 12], [11, 21, 12, 20], [13, 1, 14, 24], [15, 9, 16, 8], [17, 5, 18, 4]]"
12a_0615_91,"[[17, 5, 18, 4], [19, 11, 20, 10], [21, 17, 22, 16], [23, 3, 24, 2], [1, 15, 2, 14], [3, 7, 4, 6], [5, 19, 6, 18], [7, 23, 8, 22], [9, 13, 10, 12], [11, 21, 12, 20], [13, 1, 14, 24], [15, 9, 16, 8]]"
12a_0615_92,"[[15, 9, 16, 8], [17, 5, 18, 4], [19, 11, 20, 10], [21, 17, 22, 16], [23, 3, 24, 2], [1, 15, 2, 14], [3, 7, 4, 6], [5, 19, 6, 18], [7, 23, 8, 22], [9, 13, 10, 12], [11, 21, 12, 20], [13, 1, 14, 24]]"
12a_0615_93,"[[13, 1, 14, 24], [15, 9, 16, 8], [17, 5, 18, 4], [19, 11, 20, 10], [21, 17, 22, 16], [23, 3, 24, 2], [1, 15, 2, 14], [3, 7, 4, 6], [5, 19, 6, 18], [7, 23, 8, 22], [9, 13, 10, 12], [11, 21, 12, 20]]"
12a_0615_94,"[[11, 21, 12, 20], [13, 1, 14, 24], [15, 9, 16, 8], [17, 5, 18, 4], [19, 11, 20, 10], [21, 17, 22, 16], [23, 3, 24, 2], [1, 15, 2, 14], [3, 7, 4, 6], [5, 19, 6, 18], [7, 23, 8, 22], [9, 13, 10, 12]]"
12a_0615_95,"[[9, 13, 10, 12], [11, 21, 12, 20], [13, 1, 14, 24], [15, 9, 16, 8], [17, 5, 18, 4], [19, 11, 20, 10], [21, 17, 22, 16], [23, 3, 24, 2], [1, 15, 2, 14], [3, 7, 4, 6], [5, 19, 6, 18], [7, 23, 8, 22]]"
12a_0615_96,"[[8, 24, 9, 23], [10, 14, 11, 13], [12, 22, 13, 21], [14, 2, 15, 1], [16, 10, 17, 9], [18, 6, 19, 5], [20, 12, 21, 11], [22, 18, 23, 17], [24, 4, 1, 3], [2, 16, 3, 15], [4, 8, 5, 7], [6, 20, 7, 19]]"
12a_0615_97,"[[6, 20, 7, 19], [8, 24, 9, 23], [10, 14, 11, 13], [12, 22, 13, 21], [14, 2, 15, 1], [16, 10, 17, 9], [18, 6, 19, 5], [20, 12, 21, 11], [22, 18, 23, 17], [24, 4, 1, 3], [2, 16, 3, 15], [4, 8, 5, 7]]"
12a_0615_98,"[[4, 8, 5, 7], [6, 20, 7, 19], [8, 24, 9, 23], [10, 14, 11, 13], [12, 22, 13, 21], [14, 2, 15, 1], [16, 10, 17, 9], [18, 6, 19, 5], [20, 12, 21, 11], [22, 18, 23, 17], [24, 4, 1, 3], [2, 16, 3, 15]]"
12a_0615_99,"[[2, 16, 3, 15], [4, 8, 5, 7], [6, 20, 7, 19], [8, 24, 9, 23], [10, 14, 11, 13], [12, 22, 13, 21], [14, 2, 15, 1], [16, 10, 17, 9], [18, 6, 19, 5], [20, 12, 21, 11], [22, 18, 23, 17], [24, 4, 1, 3]]"
12a_0615_100,"[[24, 4, 1, 3], [2, 16, 3, 15], [4, 8, 5, 7], [6, 20, 7, 19], [8, 24, 9, 23], [10, 14, 11, 13], [12, 22, 13, 21], [14, 2, 15, 1], [16, 10, 17, 9], [18, 6, 19, 5], [20, 12, 21, 11], [22, 18, 23, 17]]"
12a_0615_101,"[[22, 18, 23, 17], [24, 4, 1, 3], [2, 16, 3, 15], [4, 8, 5, 7], [6, 20, 7, 19], [8, 24, 9, 23], [10, 14, 11, 13], [12, 22, 13, 21], [14, 2, 15, 1], [16, 10, 17, 9], [18, 6, 19, 5], [20, 12, 21, 11]]"
12a_0615_102,"[[20, 12, 21, 11], [22, 18, 23, 17], [24, 4, 1, 3], [2, 16, 3, 15], [4, 8, 5, 7], [6, 20, 7, 19], [8, 24, 9, 23], [10, 14, 11, 13], [12, 22, 13, 21], [14, 2, 15, 1], [16, 10, 17, 9], [18, 6, 19, 5]]"
12a_0615_103,"[[18, 6, 19, 5], [20, 12, 21, 11], [22, 18, 23, 17], [24, 4, 1, 3], [2, 16, 3, 15], [4, 8, 5, 7], [6, 20, 7, 19], [8, 24, 9, 23], [10, 14, 11, 13], [12, 22, 13, 21], [14, 2, 15, 1], [16, 10, 17, 9]]"
12a_0615_104,"[[16, 10, 17, 9], [18, 6, 19, 5], [20, 12, 21, 11], [22, 18, 23, 17], [24, 4, 1, 3], [2, 16, 3, 15], [4, 8, 5, 7], [6, 20, 7, 19], [8, 24, 9, 23], [10, 14, 11, 13], [12, 22, 13, 21], [14, 2, 15, 1]]"
12a_0615_105,"[[14, 2, 15, 1], [16, 10, 17, 9], [18, 6, 19, 5], [20, 12, 21, 11], [22, 18, 23, 17], [24, 4, 1, 3], [2, 16, 3, 15], [4, 8, 5, 7], [6, 20, 7, 19], [8, 24, 9, 23], [10, 14, 11, 13], [12, 22, 13, 21]]"
12a_0615_106,"[[12, 22, 13, 21], [14, 2, 15, 1], [16, 10, 17, 9], [18, 6, 19, 5], [20, 12, 21, 11], [22, 18, 23, 17], [24, 4, 1, 3], [2, 16, 3, 15], [4, 8, 5, 7], [6, 20, 7, 19], [8, 24, 9, 23], [10, 14, 11, 13]]"
12a_0615_107,"[[10, 14, 11, 13], [12, 22, 13, 21], [14, 2, 15, 1], [16, 10, 17, 9], [18, 6, 19, 5], [20, 12, 21, 11], [22, 18, 23, 17], [24, 4, 1, 3], [2, 16, 3, 15], [4, 8, 5, 7], [6, 20, 7, 19], [8, 24, 9, 23]]"
12a_0615_108,"[[9, 1, 10, 24], [11, 15, 12, 14], [13, 23, 14, 22], [15, 3, 16, 2], [17, 11, 18, 10], [19, 7, 20, 6], [21, 13, 22, 12], [23, 19, 24, 18], [1, 5, 2, 4], [3, 17, 4, 16], [5, 9, 6, 8], [7, 21, 8, 20]]"
12a_0615_109,"[[7, 21, 8, 20], [9, 1, 10, 24], [11, 15, 12, 14], [13, 23, 14, 22], [15, 3, 16, 2], [17, 11, 18, 10], [19, 7, 20, 6], [21, 13, 22, 12], [23, 19, 24, 18], [1, 5, 2, 4], [3, 17, 4, 16], [5, 9, 6, 8]]"
12a_0615_110,"[[5, 9, 6, 8], [7, 21, 8, 20], [9, 1, 10, 24], [11, 15, 12, 14], [13, 23, 14, 22], [15, 3, 16, 2], [17, 11, 18, 10], [19, 7, 20, 6], [21, 13, 22, 12], [23, 19, 24, 18], [1, 5, 2, 4], [3, 17, 4, 16]]"
12a_0615_111,"[[3, 17, 4, 16], [5, 9, 6, 8], [7, 21, 8, 20], [9, 1, 10, 24], [11, 15, 12, 14], [13, 23, 14, 22], [15, 3, 16, 2], [17, 11, 18, 10], [19, 7, 20, 6], [21, 13, 22, 12], [23, 19, 24, 18], [1, 5, 2, 4]]"
12a_0615_112,"[[1, 5, 2, 4], [3, 17, 4, 16], [5, 9, 6, 8], [7, 21, 8, 20], [9, 1, 10, 24], [11, 15, 12, 14], [13, 23, 14, 22], [15, 3, 16, 2], [17, 11, 18, 10], [19, 7, 20, 6], [21, 13, 22, 12], [23, 19, 24, 18]]"
12a_0615_113,"[[23, 19, 24, 18], [1, 5, 2, 4], [3, 17, 4, 16], [5, 9, 6, 8], [7, 21, 8, 20], [9, 1, 10, 24], [11, 15, 12, 14], [13, 23, 14, 22], [15, 3, 16, 2], [17, 11, 18, 10], [19, 7, 20, 6], [21, 13, 22, 12]]"
12a_0615_114,"[[21, 13, 22, 12], [23, 19, 24, 18], [1, 5, 2, 4], [3, 17, 4, 16], [5, 9, 6, 8], [7, 21, 8, 20], [9, 1, 10, 24], [11, 15, 12, 14], [13, 23, 14, 22], [15, 3, 16, 2], [17, 11, 18, 10], [19, 7, 20, 6]]"
12a_0615_115,"[[19, 7, 20, 6], [21, 13, 22, 12], [23, 19, 24, 18], [1, 5, 2, 4], [3, 17, 4, 16], [5, 9, 6, 8], [7, 21, 8, 20], [9, 1, 10, 24], [11, 15, 12, 14], [13, 23, 14, 22], [15, 3, 16, 2], [17, 11, 18, 10]]"
12a_0615_116,"[[17, 11, 18, 10], [19, 7, 20, 6], [21, 13, 22, 12], [23, 19, 24, 18], [1, 5, 2, 4], [3, 17, 4, 16], [5, 9, 6, 8], [7, 21, 8, 20], [9, 1, 10, 24], [11, 15, 12, 14], [13, 23, 14, 22], [15, 3, 16, 2]]"
12a_0615_117,"[[15, 3, 16, 2], [17, 11, 18, 10], [19, 7, 20, 6], [21, 13, 22, 12], [23, 19, 24, 18], [1, 5, 2, 4], [3, 17, 4, 16], [5, 9, 6, 8], [7, 21, 8, 20], [9, 1, 10, 24], [11, 15, 12, 14], [13, 23, 14, 22]]"
12a_0615_118,"[[13, 23, 14, 22], [15, 3, 16, 2], [17, 11, 18, 10], [19, 7, 20, 6], [21, 13, 22, 12], [23, 19, 24, 18], [1, 5, 2, 4], [3, 17, 4, 16], [5, 9, 6, 8], [7, 21, 8, 20], [9, 1, 10, 24], [11, 15, 12, 14]]"
12a_0615_119,"[[11, 15, 12, 14], [13, 23, 14, 22], [15, 3, 16, 2], [17, 11, 18, 10], [19, 7, 20, 6], [21, 13, 22, 12], [23, 19, 24, 18], [1, 5, 2, 4], [3, 17, 4, 16], [5, 9, 6, 8], [7, 21, 8, 20], [9, 1, 10, 24]]"
12a_0615_120,"[[10, 2, 11, 1], [12, 16, 13, 15], [14, 24, 15, 23], [16, 4, 17, 3], [18, 12, 19, 11], [20, 8, 21, 7], [22, 14, 23, 13], [24, 20, 1, 19], [2, 6, 3, 5], [4, 18, 5, 17], [6, 10, 7, 9], [8, 22, 9, 21]]"
12a_0615_121,"[[8, 22, 9, 21], [10, 2, 11, 1], [12, 16, 13, 15], [14, 24, 15, 23], [16, 4, 17, 3], [18, 12, 19, 11], [20, 8, 21, 7], [22, 14, 23, 13], [24, 20, 1, 19], [2, 6, 3, 5], [4, 18, 5, 17], [6, 10, 7, 9]]"
12a_0615_122,"[[6, 10, 7, 9], [8, 22, 9, 21], [10, 2, 11, 1], [12, 16, 13, 15], [14, 24, 15, 23], [16, 4, 17, 3], [18, 12, 19, 11], [20, 8, 21, 7], [22, 14, 23, 13], [24, 20, 1, 19], [2, 6, 3, 5], [4, 18, 5, 17]]"
12a_0615_123,"[[4, 18, 5, 17], [6, 10, 7, 9], [8, 22, 9, 21], [10, 2, 11, 1], [12, 16, 13, 15], [14, 24, 15, 23], [16, 4, 17, 3], [18, 12, 19, 11], [20, 8, 21, 7], [22, 14, 23, 13], [24, 20, 1, 19], [2, 6, 3, 5]]"
12a_0615_124,"[[2, 6, 3, 5], [4, 18, 5, 17], [6, 10, 7, 9], [8, 22, 9, 21], [10, 2, 11, 1], [12, 16, 13, 15], [14, 24, 15, 23], [16, 4, 17, 3], [18, 12, 19, 11], [20, 8, 21, 7], [22, 14, 23, 13], [24, 20, 1, 19]]"
12a_0615_125,"[[24, 20, 1, 19], [2, 6, 3, 5], [4, 18, 5, 17], [6, 10, 7, 9], [8, 22, 9, 21], [10, 2, 11, 1], [12, 16, 13, 15], [14, 24, 15, 23], [16, 4, 17, 3], [18, 12, 19, 11], [20, 8, 21, 7], [22, 14, 23, 13]]"
12a_0615_126,"[[22, 14, 23, 13], [24, 20, 1, 19], [2, 6, 3, 5], [4, 18, 5, 17], [6, 10, 7, 9], [8, 22, 9, 21], [10, 2, 11, 1], [12, 16, 13, 15], [14, 24, 15, 23], [16, 4, 17, 3], [18, 12, 19, 11], [20, 8, 21, 7]]"
12a_0615_127,"[[20, 8, 21, 7], [22, 14, 23, 13], [24, 20, 1, 19], [2, 6, 3, 5], [4, 18, 5, 17], [6, 10, 7, 9], [8, 22, 9, 21], [10, 2, 11, 1], [12, 16, 13, 15], [14, 24, 15, 23], [16, 4, 17, 3], [18, 12, 19, 11]]"
12a_0615_128,"[[18, 12, 19, 11], [20, 8, 21, 7], [22, 14, 23, 13], [24, 20, 1, 19], [2, 6, 3, 5], [4, 18, 5, 17], [6, 10, 7, 9], [8, 22, 9, 21], [10, 2, 11, 1], [12, 16, 13, 15], [14, 24, 15, 23], [16, 4, 17, 3]]"
12a_0615_129,"[[16, 4, 17, 3], [18, 12, 19, 11], [20, 8, 21, 7], [22, 14, 23, 13], [24, 20, 1, 19], [2, 6, 3, 5], [4, 18, 5, 17], [6, 10, 7, 9], [8, 22, 9, 21], [10, 2, 11, 1], [12, 16, 13, 15], [14, 24, 15, 23]]"
12a_0615_130,"[[14, 24, 15, 23], [16, 4, 17, 3], [18, 12, 19, 11], [20, 8, 21, 7], [22, 14, 23, 13], [24, 20, 1, 19], [2, 6, 3, 5], [4, 18, 5, 17], [6, 10, 7, 9], [8, 22, 9, 21], [10, 2, 11, 1], [12, 16, 13, 15]]"
12a_0615_131,"[[12, 16, 13, 15], [14, 24, 15, 23], [16, 4, 17, 3], [18, 12, 19, 11], [20, 8, 21, 7], [22, 14, 23, 13], [24, 20, 1, 19], [2, 6, 3, 5], [4, 18, 5, 17], [6, 10, 7, 9], [8, 22, 9, 21], [10, 2, 11, 1]]"
12a_0615_132,"[[11, 3, 12, 2], [13, 17, 14, 16], [15, 1, 16, 24], [17, 5, 18, 4], [19, 13, 20, 12], [21, 9, 22, 8], [23, 15, 24, 14], [1, 21, 2, 20], [3, 7, 4, 6], [5, 19, 6, 18], [7, 11, 8, 10], [9, 23, 10, 22]]"
12a_0615_133,"[[9, 23, 10, 22], [11, 3, 12, 2], [13, 17, 14, 16], [15, 1, 16, 24], [17, 5, 18, 4], [19, 13, 20, 12], [21, 9, 22, 8], [23, 15, 24, 14], [1, 21, 2, 20], [3, 7, 4, 6], [5, 19, 6, 18], [7, 11, 8, 10]]"
12a_0615_134,"[[7, 11, 8, 10], [9, 23, 10, 22], [11, 3, 12, 2], [13, 17, 14, 16], [15, 1, 16, 24], [17, 5, 18, 4], [19, 13, 20, 12], [21, 9, 22, 8], [23, 15, 24, 14], [1, 21, 2, 20], [3, 7, 4, 6], [5, 19, 6, 18]]"
12a_0615_135,"[[5, 19, 6, 18], [7, 11, 8, 10], [9, 23, 10, 22], [11, 3, 12, 2], [13, 17, 14, 16], [15, 1, 16, 24], [17, 5, 18, 4], [19, 13, 20, 12], [21, 9, 22, 8], [23, 15, 24, 14], [1, 21, 2, 20], [3, 7, 4, 6]]"
12a_0615_136,"[[3, 7, 4, 6], [5, 19, 6, 18], [7, 11, 8, 10], [9, 23, 10, 22], [11, 3, 12, 2], [13, 17, 14, 16], [15, 1, 16, 24], [17, 5, 18, 4], [19, 13, 20, 12], [21, 9, 22, 8], [23, 15, 24, 14], [1, 21, 2, 20]]"
12a_0615_137,"[[1, 21, 2, 20], [3, 7, 4, 6], [5, 19, 6, 18], [7, 11, 8, 10], [9, 23, 10, 22], [11, 3, 12, 2], [13, 17, 14, 16], [15, 1, 16, 24], [17, 5, 18, 4], [19, 13, 20, 12], [21, 9, 22, 8], [23, 15, 24, 14]]"
12a_0615_138,"[[23, 15, 24, 14], [1, 21, 2, 20], [3, 7, 4, 6], [5, 19, 6, 18], [7, 11, 8, 10], [9, 23, 10, 22], [11, 3, 12, 2], [13, 17, 14, 16], [15, 1, 16, 24], [17, 5, 18, 4], [19, 13, 20, 12], [21, 9, 22, 8]]"
12a_0615_139,"[[21, 9, 22, 8], [23, 15, 24, 14], [1, 21, 2, 20], [3, 7, 4, 6], [5, 19, 6, 18], [7, 11, 8, 10], [9, 23, 10, 22], [11, 3, 12, 2], [13, 17, 14, 16], [15, 1, 16, 24], [17, 5, 18, 4], [19, 13, 20, 12]]"
12a_0615_140,"[[19, 13, 20, 12], [21, 9, 22, 8], [23, 15, 24, 14], [1, 21, 2, 20], [3, 7, 4, 6], [5, 19, 6, 18], [7, 11, 8, 10], [9, 23, 10, 22], [11, 3, 12, 2], [13, 17, 14, 16], [15, 1, 16, 24], [17, 5, 18, 4]]"
12a_0615_141,"[[17, 5, 18, 4], [19, 13, 20, 12], [21, 9, 22, 8], [23, 15, 24, 14], [1, 21, 2, 20], [3, 7, 4, 6], [5, 19, 6, 18], [7, 11, 8, 10], [9, 23, 10, 22], [11, 3, 12, 2], [13, 17, 14, 16], [15, 1, 16, 24]]"
12a_0615_142,"[[15, 1, 16, 24], [17, 5, 18, 4], [19, 13, 20, 12], [21, 9, 22, 8], [23, 15, 24, 14], [1, 21, 2, 20], [3, 7, 4, 6], [5, 19, 6, 18], [7, 11, 8, 10], [9, 23, 10, 22], [11, 3, 12, 2], [13, 17, 14, 16]]"
12a_0615_143,"[[13, 17, 14, 16], [15, 1, 16, 24], [17, 5, 18, 4], [19, 13, 20, 12], [21, 9, 22, 8], [23, 15, 24, 14], [1, 21, 2, 20], [3, 7, 4, 6], [5, 19, 6, 18], [7, 11, 8, 10], [9, 23, 10, 22], [11, 3, 12, 2]]"
12a_0615_144,"[[12, 4, 13, 3], [14, 18, 15, 17], [16, 2, 17, 1], [18, 6, 19, 5], [20, 14, 21, 13], [22, 10, 23, 9], [24, 16, 1, 15], [2, 22, 3, 21], [4, 8, 5, 7], [6, 20, 7, 19], [8, 12, 9, 11], [10, 24, 11, 23]]"
12a_0615_145,"[[10, 24, 11, 23], [12, 4, 13, 3], [14, 18, 15, 17], [16, 2, 17, 1], [18, 6, 19, 5], [20, 14, 21, 13], [22, 10, 23, 9], [24, 16, 1, 15], [2, 22, 3, 21], [4, 8, 5, 7], [6, 20, 7, 19], [8, 12, 9, 11]]"
12a_0615_146,"[[8, 12, 9, 11], [10, 24, 11, 23], [12, 4, 13, 3], [14, 18, 15, 17], [16, 2, 17, 1], [18, 6, 19, 5], [20, 14, 21, 13], [22, 10, 23, 9], [24, 16, 1, 15], [2, 22, 3, 21], [4, 8, 5, 7], [6, 20, 7, 19]]"
12a_0615_147,"[[6, 20, 7, 19], [8, 12, 9, 11], [10, 24, 11, 23], [12, 4, 13, 3], [14, 18, 15, 17], [16, 2, 17, 1], [18, 6, 19, 5], [20, 14, 21, 13], [22, 10, 23, 9], [24, 16, 1, 15], [2, 22, 3, 21], [4, 8, 5, 7]]"
12a_0615_148,"[[4, 8, 5, 7], [6, 20, 7, 19], [8, 12, 9, 11], [10, 24, 11, 23], [12, 4, 13, 3], [14, 18, 15, 17], [16, 2, 17, 1], [18, 6, 19, 5], [20, 14, 21, 13], [22, 10, 23, 9], [24, 16, 1, 15], [2, 22, 3, 21]]"
12a_0615_149,"[[2, 22, 3, 21], [4, 8, 5, 7], [6, 20, 7, 19], [8, 12, 9, 11], [10, 24, 11, 23], [12, 4, 13, 3], [14, 18, 15, 17], [16, 2, 17, 1], [18, 6, 19, 5], [20, 14, 21, 13], [22, 10, 23, 9], [24, 16, 1, 15]]"
12a_0615_150,"[[24, 16, 1, 15], [2, 22, 3, 21], [4, 8, 5, 7], [6, 20, 7, 19], [8, 12, 9, 11], [10, 24, 11, 23], [12, 4, 13, 3], [14, 18, 15, 17], [16, 2, 17, 1], [18, 6, 19, 5], [20, 14, 21, 13], [22, 10, 23, 9]]"
12a_0615_151,"[[22, 10, 23, 9], [24, 16, 1, 15], [2, 22, 3, 21], [4, 8, 5, 7], [6, 20, 7, 19], [8, 12, 9, 11], [10, 24, 11, 23], [12, 4, 13, 3], [14, 18, 15, 17], [16, 2, 17, 1], [18, 6, 19, 5], [20, 14, 21, 13]]"
12a_0615_152,"[[20, 14, 21, 13], [22, 10, 23, 9], [24, 16, 1, 15], [2, 22, 3, 21], [4, 8, 5, 7], [6, 20, 7, 19], [8, 12, 9, 11], [10, 24, 11, 23], [12, 4, 13, 3], [14, 18, 15, 17], [16, 2, 17, 1], [18, 6, 19, 5]]"
12a_0615_153,"[[18, 6, 19, 5], [20, 14, 21, 13], [22, 10, 23, 9], [24, 16, 1, 15], [2, 22, 3, 21], [4, 8, 5, 7], [6, 20, 7, 19], [8, 12, 9, 11], [10, 24, 11, 23], [12, 4, 13, 3], [14, 18, 15, 17], [16, 2, 17, 1]]"
12a_0615_154,"[[16, 2, 17, 1], [18, 6, 19, 5], [20, 14, 21, 13], [22, 10, 23, 9], [24, 16, 1, 15], [2, 22, 3, 21], [4, 8, 5, 7], [6, 20, 7, 19], [8, 12, 9, 11], [10, 24, 11, 23], [12, 4, 13, 3], [14, 18, 15, 17]]"
12a_0615_155,"[[14, 18, 15, 17], [16, 2, 17, 1], [18, 6, 19, 5], [20, 14, 21, 13], [22, 10, 23, 9], [24, 16, 1, 15], [2, 22, 3, 21], [4, 8, 5, 7], [6, 20, 7, 19], [8, 12, 9, 11], [10, 24, 11, 23], [12, 4, 13, 3]]"
12a_0615_156,"[[13, 5, 14, 4], [15, 19, 16, 18], [17, 3, 18, 2], [19, 7, 20, 6], [21, 15, 22, 14], [23, 11, 24, 10], [1, 17, 2, 16], [3, 23, 4, 22], [5, 9, 6, 8], [7, 21, 8, 20], [9, 13, 10, 12], [11, 1, 12, 24]]"
12a_0615_157,"[[11, 1, 12, 24], [13, 5, 14, 4], [15, 19, 16, 18], [17, 3, 18, 2], [19, 7, 20, 6], [21, 15, 22, 14], [23, 11, 24, 10], [1, 17, 2, 16], [3, 23, 4, 22], [5, 9, 6, 8], [7, 21, 8, 20], [9, 13, 10, 12]]"
12a_0615_158,"[[9, 13, 10, 12], [11, 1, 12, 24], [13, 5, 14, 4], [15, 19, 16, 18], [17, 3, 18, 2], [19, 7, 20, 6], [21, 15, 22, 14], [23, 11, 24, 10], [1, 17, 2, 16], [3, 23, 4, 22], [5, 9, 6, 8], [7, 21, 8, 20]]"
12a_0615_159,"[[7, 21, 8, 20], [9, 13, 10, 12], [11, 1, 12, 24], [13, 5, 14, 4], [15, 19, 16, 18], [17, 3, 18, 2], [19, 7, 20, 6], [21, 15, 22, 14], [23, 11, 24, 10], [1, 17, 2, 16], [3, 23, 4, 22], [5, 9, 6, 8]]"
12a_0615_160,"[[5, 9, 6, 8], [7, 21, 8, 20], [9, 13, 10, 12], [11, 1, 12, 24], [13, 5, 14, 4], [15, 19, 16, 18], [17, 3, 18, 2], [19, 7, 20, 6], [21, 15, 22, 14], [23, 11, 24, 10], [1, 17, 2, 16], [3, 23, 4, 22]]"
12a_0615_161,"[[3, 23, 4, 22], [5, 9, 6, 8], [7, 21, 8, 20], [9, 13, 10, 12], [11, 1, 12, 24], [13, 5, 14, 4], [15, 19, 16, 18], [17, 3, 18, 2], [19, 7, 20, 6], [21, 15, 22, 14], [23, 11, 24, 10], [1, 17, 2, 16]]"
12a_0615_162,"[[1, 17, 2, 16], [3, 23, 4, 22], [5, 9, 6, 8], [7, 21, 8, 20], [9, 13, 10, 12], [11, 1, 12, 24], [13, 5, 14, 4], [15, 19, 16, 18], [17, 3, 18, 2], [19, 7, 20, 6], [21, 15, 22, 14], [23, 11, 24, 10]]"
12a_0615_163,"[[23, 11, 24, 10], [1, 17, 2, 16], [3, 23, 4, 22], [5, 9, 6, 8], [7, 21, 8, 20], [9, 13, 10, 12], [11, 1, 12, 24], [13, 5, 14, 4], [15, 19, 16, 18], [17, 3, 18, 2], [19, 7, 20, 6], [21, 15, 22, 14]]"
12a_0615_164,"[[21, 15, 22, 14], [23, 11, 24, 10], [1, 17, 2, 16], [3, 23, 4, 22], [5, 9, 6, 8], [7, 21, 8, 20], [9, 13, 10, 12], [11, 1, 12, 24], [13, 5, 14, 4], [15, 19, 16, 18], [17, 3, 18, 2], [19, 7, 20, 6]]"
12a_0615_165,"[[19, 7, 20, 6], [21, 15, 22, 14], [23, 11, 24, 10], [1, 17, 2, 16], [3, 23, 4, 22], [5, 9, 6, 8], [7, 21, 8, 20], [9, 13, 10, 12], [11, 1, 12, 24], [13, 5, 14, 4], [15, 19, 16, 18], [17, 3, 18, 2]]"
12a_0615_166,"[[17, 3, 18, 2], [19, 7, 20, 6], [21, 15, 22, 14], [23, 11, 24, 10], [1, 17, 2, 16], [3, 23, 4, 22], [5, 9, 6, 8], [7, 21, 8, 20], [9, 13, 10, 12], [11, 1, 12, 24], [13, 5, 14, 4], [15, 19, 16, 18]]"
12a_0615_167,"[[15, 19, 16, 18], [17, 3, 18, 2], [19, 7, 20, 6], [21, 15, 22, 14], [23, 11, 24, 10], [1, 17, 2, 16], [3, 23, 4, 22], [5, 9, 6, 8], [7, 21, 8, 20], [9, 13, 10, 12], [11, 1, 12, 24], [13, 5, 14, 4]]"
12a_0615_168,"[[14, 6, 15, 5], [16, 20, 17, 19], [18, 4, 19, 3], [20, 8, 21, 7], [22, 16, 23, 15], [24, 12, 1, 11], [2, 18, 3, 17], [4, 24, 5, 23], [6, 10, 7, 9], [8, 22, 9, 21], [10, 14, 11, 13], [12, 2, 13, 1]]"
12a_0615_169,"[[12, 2, 13, 1], [14, 6, 15, 5], [16, 20, 17, 19], [18, 4, 19, 3], [20, 8, 21, 7], [22, 16, 23, 15], [24, 12, 1, 11], [2, 18, 3, 17], [4, 24, 5, 23], [6, 10, 7, 9], [8, 22, 9, 21], [10, 14, 11, 13]]"
12a_0615_170,"[[10, 14, 11, 13], [12, 2, 13, 1], [14, 6, 15, 5], [16, 20, 17, 19], [18, 4, 19, 3], [20, 8, 21, 7], [22, 16, 23, 15], [24, 12, 1, 11], [2, 18, 3, 17], [4, 24, 5, 23], [6, 10, 7, 9], [8, 22, 9, 21]]"
12a_0615_171,"[[8, 22, 9, 21], [10, 14, 11, 13], [12, 2, 13, 1], [14, 6, 15, 5], [16, 20, 17, 19], [18, 4, 19, 3], [20, 8, 21, 7], [22, 16, 23, 15], [24, 12, 1, 11], [2, 18, 3, 17], [4, 24, 5, 23], [6, 10, 7, 9]]"
12a_0615_172,"[[6, 10, 7, 9], [8, 22, 9, 21], [10, 14, 11, 13], [12, 2, 13, 1], [14, 6, 15, 5], [16, 20, 17, 19], [18, 4, 19, 3], [20, 8, 21, 7], [22, 16, 23, 15], [24, 12, 1, 11], [2, 18, 3, 17], [4, 24, 5, 23]]"
12a_0615_173,"[[4, 24, 5, 23], [6, 10, 7, 9], [8, 22, 9, 21], [10, 14, 11, 13], [12, 2, 13, 1], [14, 6, 15, 5], [16, 20, 17, 19], [18, 4, 19, 3], [20, 8, 21, 7], [22, 16, 23, 15], [24, 12, 1, 11], [2, 18, 3, 17]]"
12a_0615_174,"[[2, 18, 3, 17], [4, 24, 5, 23], [6, 10, 7, 9], [8, 22, 9, 21], [10, 14, 11, 13], [12, 2, 13, 1], [14, 6, 15, 5], [16, 20, 17, 19], [18, 4, 19, 3], [20, 8, 21, 7], [22, 16, 23, 15], [24, 12, 1, 11]]"
12a_0615_175,"[[24, 12, 1, 11], [2, 18, 3, 17], [4, 24, 5, 23], [6, 10, 7, 9], [8, 22, 9, 21], [10, 14, 11, 13], [12, 2, 13, 1], [14, 6, 15, 5], [16, 20, 17, 19], [18, 4, 19, 3], [20, 8, 21, 7], [22, 16, 23, 15]]"
12a_0615_176,"[[22, 16, 23, 15], [24, 12, 1, 11], [2, 18, 3, 17], [4, 24, 5, 23], [6, 10, 7, 9], [8, 22, 9, 21], [10, 14, 11, 13], [12, 2, 13, 1], [14, 6, 15, 5], [16, 20, 17, 19], [18, 4, 19, 3], [20, 8, 21, 7]]"
12a_0615_177,"[[20, 8, 21, 7], [22, 16, 23, 15], [24, 12, 1, 11], [2, 18, 3, 17], [4, 24, 5, 23], [6, 10, 7, 9], [8, 22, 9, 21], [10, 14, 11, 13], [12, 2, 13, 1], [14, 6, 15, 5], [16, 20, 17, 19], [18, 4, 19, 3]]"
12a_0615_178,"[[18, 4, 19, 3], [20, 8, 21, 7], [22, 16, 23, 15], [24, 12, 1, 11], [2, 18, 3, 17], [4, 24, 5, 23], [6, 10, 7, 9], [8, 22, 9, 21], [10, 14, 11, 13], [12, 2, 13, 1], [14, 6, 15, 5], [16, 20, 17, 19]]"
12a_0615_179,"[[16, 20, 17, 19], [18, 4, 19, 3], [20, 8, 21, 7], [22, 16, 23, 15], [24, 12, 1, 11], [2, 18, 3, 17], [4, 24, 5, 23], [6, 10, 7, 9], [8, 22, 9, 21], [10, 14, 11, 13], [12, 2, 13, 1], [14, 6, 15, 5]]"
12a_0615_180,"[[15, 7, 16, 6], [17, 21, 18, 20], [19, 5, 20, 4], [21, 9, 22, 8], [23, 17, 24, 16], [1, 13, 2, 12], [3, 19, 4, 18], [5, 1, 6, 24], [7, 11, 8, 10], [9, 23, 10, 22], [11, 15, 12, 14], [13, 3, 14, 2]]"
12a_0615_181,"[[13, 3, 14, 2], [15, 7, 16, 6], [17, 21, 18, 20], [19, 5, 20, 4], [21, 9, 22, 8], [23, 17, 24, 16], [1, 13, 2, 12], [3, 19, 4, 18], [5, 1, 6, 24], [7, 11, 8, 10], [9, 23, 10, 22], [11, 15, 12, 14]]"
12a_0615_182,"[[11, 15, 12, 14], [13, 3, 14, 2], [15, 7, 16, 6], [17, 21, 18, 20], [19, 5, 20, 4], [21, 9, 22, 8], [23, 17, 24, 16], [1, 13, 2, 12], [3, 19, 4, 18], [5, 1, 6, 24], [7, 11, 8, 10], [9, 23, 10, 22]]"
12a_0615_183,"[[9, 23, 10, 22], [11, 15, 12, 14], [13, 3, 14, 2], [15, 7, 16, 6], [17, 21, 18, 20], [19, 5, 20, 4], [21, 9, 22, 8], [23, 17, 24, 16], [1, 13, 2, 12], [3, 19, 4, 18], [5, 1, 6, 24], [7, 11, 8, 10]]"
12a_0615_184,"[[7, 11, 8, 10], [9, 23, 10, 22], [11, 15, 12, 14], [13, 3, 14, 2], [15, 7, 16, 6], [17, 21, 18, 20], [19, 5, 20, 4], [21, 9, 22, 8], [23, 17, 24, 16], [1, 13, 2, 12], [3, 19, 4, 18], [5, 1, 6, 24]]"
12a_0615_185,"[[5, 1, 6, 24], [7, 11, 8, 10], [9, 23, 10, 22], [11, 15, 12, 14], [13, 3, 14, 2], [15, 7, 16, 6], [17, 21, 18, 20], [19, 5, 20, 4], [21, 9, 22, 8], [23, 17, 24, 16], [1, 13, 2, 12], [3, 19, 4, 18]]"
