name,pd_notation
12a_0955_0,"[[24, 14, 1, 13], [2, 8, 3, 7], [4, 11, 5, 12], [6, 19, 7, 20], [8, 18, 9, 17], [10, 22, 11, 21], [12, 5, 13, 6], [14, 24, 15, 23], [16, 10, 17, 9], [18, 2, 19, 1], [20, 3, 21, 4], [22, 16, 23, 15]]"
12a_0955_1,"[[22, 16, 23, 15], [24, 14, 1, 13], [2, 8, 3, 7], [4, 11, 5, 12], [6, 19, 7, 20], [8, 18, 9, 17], [10, 22, 11, 21], [12, 5, 13, 6], [14, 24, 15, 23], [16, 10, 17, 9], [18, 2, 19, 1], [20, 3, 21, 4]]"
12a_0955_2,"[[20, 3, 21, 4], [22, 16, 23, 15], [24, 14, 1, 13], [2, 8, 3, 7], [4, 11, 5, 12], [6, 19, 7, 20], [8, 18, 9, 17], [10, 22, 11, 21], [12, 5, 13, 6], [14, 24, 15, 23], [16, 10, 17, 9], [18, 2, 19, 1]]"
12a_0955_3,"[[18, 2, 19, 1], [20, 3, 21, 4], [22, 16, 23, 15], [24, 14, 1, 13], [2, 8, 3, 7], [4, 11, 5, 12], [6, 19, 7, 20], [8, 18, 9, 17], [10, 22, 11, 21], [12, 5, 13, 6], [14, 24, 15, 23], [16, 10, 17, 9]]"
12a_0955_4,"[[16, 10, 17, 9], [18, 2, 19, 1], [20, 3, 21, 4], [22, 16, 23, 15], [24, 14, 1, 13], [2, 8, 3, 7], [4, 11, 5, 12], [6, 19, 7, 20], [8, 18, 9, 17], [10, 22, 11, 21], [12, 5, 13, 6], [14, 24, 15, 23]]"
12a_0955_5,"[[14, 24, 15, 23], [16, 10, 17, 9], [18, 2, 19, 1], [20, 3, 21, 4], [22, 16, 23, 15], [24, 14, 1, 13], [2, 8, 3, 7], [4, 11, 5, 12], [6, 19, 7, 20], [8, 18, 9, 17], [10, 22, 11, 21], [12, 5, 13, 6]]"
12a_0955_6,"[[12, 5, 13, 6], [14, 24, 15, 23], [16, 10, 17, 9], [18, 2, 19, 1], [20, 3, 21, 4], [22, 16, 23, 15], [24, 14, 1, 13], [2, 8, 3, 7], [4, 11, 5, 12], [6, 19, 7, 20], [8, 18, 9, 17], [10, 22, 11, 21]]"
12a_0955_7,"[[10, 22, 11, 21], [12, 5, 13, 6], [14, 24, 15, 23], [16, 10, 17, 9], [18, 2, 19, 1], [20, 3, 21, 4], [22, 16, 23, 15], [24, 14, 1, 13], [2, 8, 3, 7], [4, 11, 5, 12], [6, 19, 7, 20], [8, 18, 9, 17]]"
12a_0955_8,"[[8, 18, 9, 17], [10, 22, 11, 21], [12, 5, 13, 6], [14, 24, 15, 23], [16, 10, 17, 9], [18, 2, 19, 1], [20, 3, 21, 4], [22, 16, 23, 15], [24, 14, 1, 13], [2, 8, 3, 7], [4, 11, 5, 12], [6, 19, 7, 20]]"
12a_0955_9,"[[6, 19, 7, 20], [8, 18, 9, 17], [10, 22, 11, 21], [12, 5, 13, 6], [14, 24, 15, 23], [16, 10, 17, 9], [18, 2, 19, 1], [20, 3, 21, 4], [22, 16, 23, 15], [24, 14, 1, 13], [2, 8, 3, 7], [4, 11, 5, 12]]"
12a_0955_10,"[[4, 11, 5, 12], [6, 19, 7, 20], [8, 18, 9, 17], [10, 22, 11, 21], [12, 5, 13, 6], [14, 24, 15, 23], [16, 10, 17, 9], [18, 2, 19, 1], [20, 3, 21, 4], [22, 16, 23, 15], [24, 14, 1, 13], [2, 8, 3, 7]]"
12a_0955_11,"[[2, 8, 3, 7], [4, 11, 5, 12], [6, 19, 7, 20], [8, 18, 9, 17], [10, 22, 11, 21], [12, 5, 13, 6], [14, 24, 15, 23], [16, 10, 17, 9], [18, 2, 19, 1], [20, 3, 21, 4], [22, 16, 23, 15], [24, 14, 1, 13]]"
12a_0955_12,"[[1, 15, 2, 14], [3, 9, 4, 8], [5, 12, 6, 13], [7, 20, 8, 21], [9, 19, 10, 18], [11, 23, 12, 22], [13, 6, 14, 7], [15, 1, 16, 24], [17, 11, 18, 10], [19, 3, 20, 2], [21, 4, 22, 5], [23, 17, 24, 16]]"
12a_0955_13,"[[23, 17, 24, 16], [1, 15, 2, 14], [3, 9, 4, 8], [5, 12, 6, 13], [7, 20, 8, 21], [9, 19, 10, 18], [11, 23, 12, 22], [13, 6, 14, 7], [15, 1, 16, 24], [17, 11, 18, 10], [19, 3, 20, 2], [21, 4, 22, 5]]"
12a_0955_14,"[[21, 4, 22, 5], [23, 17, 24, 16], [1, 15, 2, 14], [3, 9, 4, 8], [5, 12, 6, 13], [7, 20, 8, 21], [9, 19, 10, 18], [11, 23, 12, 22], [13, 6, 14, 7], [15, 1, 16, 24], [17, 11, 18, 10], [19, 3, 20, 2]]"
12a_0955_15,"[[19, 3, 20, 2], [21, 4, 22, 5], [23, 17, 24, 16], [1, 15, 2, 14], [3, 9, 4, 8], [5, 12, 6, 13], [7, 20, 8, 21], [9, 19, 10, 18], [11, 23, 12, 22], [13, 6, 14, 7], [15, 1, 16, 24], [17, 11, 18, 10]]"
12a_0955_16,"[[17, 11, 18, 10], [19, 3, 20, 2], [21, 4, 22, 5], [23, 17, 24, 16], [1, 15, 2, 14], [3, 9, 4, 8], [5, 12, 6, 13], [7, 20, 8, 21], [9, 19, 10, 18], [11, 23, 12, 22], [13, 6, 14, 7], [15, 1, 16, 24]]"
12a_0955_17,"[[15, 1, 16, 24], [17, 11, 18, 10], [19, 3, 20, 2], [21, 4, 22, 5], [23, 17, 24, 16], [1, 15, 2, 14], [3, 9, 4, 8], [5, 12, 6, 13], [7, 20, 8, 21], [9, 19, 10, 18], [11, 23, 12, 22], [13, 6, 14, 7]]"
12a_0955_18,"[[13, 6, 14, 7], [15, 1, 16, 24], [17, 11, 18, 10], [19, 3, 20, 2], [21, 4, 22, 5], [23, 17, 24, 16], [1, 15, 2, 14], [3, 9, 4, 8], [5, 12, 6, 13], [7, 20, 8, 21], [9, 19, 10, 18], [11, 23, 12, 22]]"
12a_0955_19,"[[11, 23, 12, 22], [13, 6, 14, 7], [15, 1, 16, 24], [17, 11, 18, 10], [19, 3, 20, 2], [21, 4, 22, 5], [23, 17, 24, 16], [1, 15, 2, 14], [3, 9, 4, 8], [5, 12, 6, 13], [7, 20, 8, 21], [9, 19, 10, 18]]"
12a_0955_20,"[[9, 19, 10, 18], [11, 23, 12, 22], [13, 6, 14, 7], [15, 1, 16, 24], [17, 11, 18, 10], [19, 3, 20, 2], [21, 4, 22, 5], [23, 17, 24, 16], [1, 15, 2, 14], [3, 9, 4, 8], [5, 12, 6, 13], [7, 20, 8, 21]]"
12a_0955_21,"[[7, 20, 8, 21], [9, 19, 10, 18], [11, 23, 12, 22], [13, 6, 14, 7], [15, 1, 16, 24], [17, 11, 18, 10], [19, 3, 20, 2], [21, 4, 22, 5], [23, 17, 24, 16], [1, 15, 2, 14], [3, 9, 4, 8], [5, 12, 6, 13]]"
12a_0955_22,"[[5, 12, 6, 13], [7, 20, 8, 21], [9, 19, 10, 18], [11, 23, 12, 22], [13, 6, 14, 7], [15, 1, 16, 24], [17, 11, 18, 10], [19, 3, 20, 2], [21, 4, 22, 5], [23, 17, 24, 16], [1, 15, 2, 14], [3, 9, 4, 8]]"
12a_0955_23,"[[3, 9, 4, 8], [5, 12, 6, 13], [7, 20, 8, 21], [9, 19, 10, 18], [11, 23, 12, 22], [13, 6, 14, 7], [15, 1, 16, 24], [17, 11, 18, 10], [19, 3, 20, 2], [21, 4, 22, 5], [23, 17, 24, 16], [1, 15, 2, 14]]"
12a_0955_24,"[[2, 16, 3, 15], [4, 10, 5, 9], [6, 13, 7, 14], [8, 21, 9, 22], [10, 20, 11, 19], [12, 24, 13, 23], [14, 7, 15, 8], [16, 2, 17, 1], [18, 12, 19, 11], [20, 4, 21, 3], [22, 5, 23, 6], [24, 18, 1, 17]]"
12a_0955_25,"[[24, 18, 1, 17], [2, 16, 3, 15], [4, 10, 5, 9], [6, 13, 7, 14], [8, 21, 9, 22], [10, 20, 11, 19], [12, 24, 13, 23], [14, 7, 15, 8], [16, 2, 17, 1], [18, 12, 19, 11], [20, 4, 21, 3], [22, 5, 23, 6]]"
12a_0955_26,"[[22, 5, 23, 6], [24, 18, 1, 17], [2, 16, 3, 15], [4, 10, 5, 9], [6, 13, 7, 14], [8, 21, 9, 22], [10, 20, 11, 19], [12, 24, 13, 23], [14, 7, 15, 8], [16, 2, 17, 1], [18, 12, 19, 11], [20, 4, 21, 3]]"
12a_0955_27,"[[20, 4, 21, 3], [22, 5, 23, 6], [24, 18, 1, 17], [2, 16, 3, 15], [4, 10, 5, 9], [6, 13, 7, 14], [8, 21, 9, 22], [10, 20, 11, 19], [12, 24, 13, 23], [14, 7, 15, 8], [16, 2, 17, 1], [18, 12, 19, 11]]"
12a_0955_28,"[[18, 12, 19, 11], [20, 4, 21, 3], [22, 5, 23, 6], [24, 18, 1, 17], [2, 16, 3, 15], [4, 10, 5, 9], [6, 13, 7, 14], [8, 21, 9, 22], [10, 20, 11, 19], [12, 24, 13, 23], [14, 7, 15, 8], [16, 2, 17, 1]]"
12a_0955_29,"[[16, 2, 17, 1], [18, 12, 19, 11], [20, 4, 21, 3], [22, 5, 23, 6], [24, 18, 1, 17], [2, 16, 3, 15], [4, 10, 5, 9], [6, 13, 7, 14], [8, 21, 9, 22], [10, 20, 11, 19], [12, 24, 13, 23], [14, 7, 15, 8]]"
12a_0955_30,"[[14, 7, 15, 8], [16, 2, 17, 1], [18, 12, 19, 11], [20, 4, 21, 3], [22, 5, 23, 6], [24, 18, 1, 17], [2, 16, 3, 15], [4, 10, 5, 9], [6, 13, 7, 14], [8, 21, 9, 22], [10, 20, 11, 19], [12, 24, 13, 23]]"
12a_0955_31,"[[12, 24, 13, 23], [14, 7, 15, 8], [16, 2, 17, 1], [18, 12, 19, 11], [20, 4, 21, 3], [22, 5, 23, 6], [24, 18, 1, 17], [2, 16, 3, 15], [4, 10, 5, 9], [6, 13, 7, 14], [8, 21, 9, 22], [10, 20, 11, 19]]"
12a_0955_32,"[[10, 20, 11, 19], [12, 24, 13, 23], [14, 7, 15, 8], [16, 2, 17, 1], [18, 12, 19, 11], [20, 4, 21, 3], [22, 5, 23, 6], [24, 18, 1, 17], [2, 16, 3, 15], [4, 10, 5, 9], [6, 13, 7, 14], [8, 21, 9, 22]]"
12a_0955_33,"[[8, 21, 9, 22], [10, 20, 11, 19], [12, 24, 13, 23], [14, 7, 15, 8], [16, 2, 17, 1], [18, 12, 19, 11], [20, 4, 21, 3], [22, 5, 23, 6], [24, 18, 1, 17], [2, 16, 3, 15], [4, 10, 5, 9], [6, 13, 7, 14]]"
12a_0955_34,"[[6, 13, 7, 14], [8, 21, 9, 22], [10, 20, 11, 19], [12, 24, 13, 23], [14, 7, 15, 8], [16, 2, 17, 1], [18, 12, 19, 11], [20, 4, 21, 3], [22, 5, 23, 6], [24, 18, 1, 17], [2, 16, 3, 15], [4, 10, 5, 9]]"
12a_0955_35,"[[4, 10, 5, 9], [6, 13, 7, 14], [8, 21, 9, 22], [10, 20, 11, 19], [12, 24, 13, 23], [14, 7, 15, 8], [16, 2, 17, 1], [18, 12, 19, 11], [20, 4, 21, 3], [22, 5, 23, 6], [24, 18, 1, 17], [2, 16, 3, 15]]"
12a_0955_36,"[[3, 17, 4, 16], [5, 11, 6, 10], [7, 14, 8, 15], [9, 22, 10, 23], [11, 21, 12, 20], [13, 1, 14, 24], [15, 8, 16, 9], [17, 3, 18, 2], [19, 13, 20, 12], [21, 5, 22, 4], [23, 6, 24, 7], [1, 19, 2, 18]]"
12a_0955_37,"[[1, 19, 2, 18], [3, 17, 4, 16], [5, 11, 6, 10], [7, 14, 8, 15], [9, 22, 10, 23], [11, 21, 12, 20], [13, 1, 14, 24], [15, 8, 16, 9], [17, 3, 18, 2], [19, 13, 20, 12], [21, 5, 22, 4], [23, 6, 24, 7]]"
12a_0955_38,"[[23, 6, 24, 7], [1, 19, 2, 18], [3, 17, 4, 16], [5, 11, 6, 10], [7, 14, 8, 15], [9, 22, 10, 23], [11, 21, 12, 20], [13, 1, 14, 24], [15, 8, 16, 9], [17, 3, 18, 2], [19, 13, 20, 12], [21, 5, 22, 4]]"
12a_0955_39,"[[21, 5, 22, 4], [23, 6, 24, 7], [1, 19, 2, 18], [3, 17, 4, 16], [5, 11, 6, 10], [7, 14, 8, 15], [9, 22, 10, 23], [11, 21, 12, 20], [13, 1, 14, 24], [15, 8, 16, 9], [17, 3, 18, 2], [19, 13, 20, 12]]"
12a_0955_40,"[[19, 13, 20, 12], [21, 5, 22, 4], [23, 6, 24, 7], [1, 19, 2, 18], [3, 17, 4, 16], [5, 11, 6, 10], [7, 14, 8, 15], [9, 22, 10, 23], [11, 21, 12, 20], [13, 1, 14, 24], [15, 8, 16, 9], [17, 3, 18, 2]]"
12a_0955_41,"[[17, 3, 18, 2], [19, 13, 20, 12], [21, 5, 22, 4], [23, 6, 24, 7], [1, 19, 2, 18], [3, 17, 4, 16], [5, 11, 6, 10], [7, 14, 8, 15], [9, 22, 10, 23], [11, 21, 12, 20], [13, 1, 14, 24], [15, 8, 16, 9]]"
12a_0955_42,"[[15, 8, 16, 9], [17, 3, 18, 2], [19, 13, 20, 12], [21, 5, 22, 4], [23, 6, 24, 7], [1, 19, 2, 18], [3, 17, 4, 16], [5, 11, 6, 10], [7, 14, 8, 15], [9, 22, 10, 23], [11, 21, 12, 20], [13, 1, 14, 24]]"
12a_0955_43,"[[13, 1, 14, 24], [15, 8, 16, 9], [17, 3, 18, 2], [19, 13, 20, 12], [21, 5, 22, 4], [23, 6, 24, 7], [1, 19, 2, 18], [3, 17, 4, 16], [5, 11, 6, 10], [7, 14, 8, 15], [9, 22, 10, 23], [11, 21, 12, 20]]"
12a_0955_44,"[[11, 21, 12, 20], [13, 1, 14, 24], [15, 8, 16, 9], [17, 3, 18, 2], [19, 13, 20, 12], [21, 5, 22, 4], [23, 6, 24, 7], [1, 19, 2, 18], [3, 17, 4, 16], [5, 11, 6, 10], [7, 14, 8, 15], [9, 22, 10, 23]]"
12a_0955_45,"[[9, 22, 10, 23], [11, 21, 12, 20], [13, 1, 14, 24], [15, 8, 16, 9], [17, 3, 18, 2], [19, 13, 20, 12], [21, 5, 22, 4], [23, 6, 24, 7], [1, 19, 2, 18], [3, 17, 4, 16], [5, 11, 6, 10], [7, 14, 8, 15]]"
12a_0955_46,"[[7, 14, 8, 15], [9, 22, 10, 23], [11, 21, 12, 20], [13, 1, 14, 24], [15, 8, 16, 9], [17, 3, 18, 2], [19, 13, 20, 12], [21, 5, 22, 4], [23, 6, 24, 7], [1, 19, 2, 18], [3, 17, 4, 16], [5, 11, 6, 10]]"
12a_0955_47,"[[5, 11, 6, 10], [7, 14, 8, 15], [9, 22, 10, 23], [11, 21, 12, 20], [13, 1, 14, 24], [15, 8, 16, 9], [17, 3, 18, 2], [19, 13, 20, 12], [21, 5, 22, 4], [23, 6, 24, 7], [1, 19, 2, 18], [3, 17, 4, 16]]"
12a_0955_48,"[[4, 18, 5, 17], [6, 12, 7, 11], [8, 15, 9, 16], [10, 23, 11, 24], [12, 22, 13, 21], [14, 2, 15, 1], [16, 9, 17, 10], [18, 4, 19, 3], [20, 14, 21, 13], [22, 6, 23, 5], [24, 7, 1, 8], [2, 20, 3, 19]]"
12a_0955_49,"[[2, 20, 3, 19], [4, 18, 5, 17], [6, 12, 7, 11], [8, 15, 9, 16], [10, 23, 11, 24], [12, 22, 13, 21], [14, 2, 15, 1], [16, 9, 17, 10], [18, 4, 19, 3], [20, 14, 21, 13], [22, 6, 23, 5], [24, 7, 1, 8]]"
12a_0955_50,"[[24, 7, 1, 8], [2, 20, 3, 19], [4, 18, 5, 17], [6, 12, 7, 11], [8, 15, 9, 16], [10, 23, 11, 24], [12, 22, 13, 21], [14, 2, 15, 1], [16, 9, 17, 10], [18, 4, 19, 3], [20, 14, 21, 13], [22, 6, 23, 5]]"
12a_0955_51,"[[22, 6, 23, 5], [24, 7, 1, 8], [2, 20, 3, 19], [4, 18, 5, 17], [6, 12, 7, 11], [8, 15, 9, 16], [10, 23, 11, 24], [12, 22, 13, 21], [14, 2, 15, 1], [16, 9, 17, 10], [18, 4, 19, 3], [20, 14, 21, 13]]"
12a_0955_52,"[[20, 14, 21, 13], [22, 6, 23, 5], [24, 7, 1, 8], [2, 20, 3, 19], [4, 18, 5, 17], [6, 12, 7, 11], [8, 15, 9, 16], [10, 23, 11, 24], [12, 22, 13, 21], [14, 2, 15, 1], [16, 9, 17, 10], [18, 4, 19, 3]]"
12a_0955_53,"[[18, 4, 19, 3], [20, 14, 21, 13], [22, 6, 23, 5], [24, 7, 1, 8], [2, 20, 3, 19], [4, 18, 5, 17], [6, 12, 7, 11], [8, 15, 9, 16], [10, 23, 11, 24], [12, 22, 13, 21], [14, 2, 15, 1], [16, 9, 17, 10]]"
12a_0955_54,"[[16, 9, 17, 10], [18, 4, 19, 3], [20, 14, 21, 13], [22, 6, 23, 5], [24, 7, 1, 8], [2, 20, 3, 19], [4, 18, 5, 17], [6, 12, 7, 11], [8, 15, 9, 16], [10, 23, 11, 24], [12, 22, 13, 21], [14, 2, 15, 1]]"
12a_0955_55,"[[14, 2, 15, 1], [16, 9, 17, 10], [18, 4, 19, 3], [20, 14, 21, 13], [22, 6, 23, 5], [24, 7, 1, 8], [2, 20, 3, 19], [4, 18, 5, 17], [6, 12, 7, 11], [8, 15, 9, 16], [10, 23, 11, 24], [12, 22, 13, 21]]"
12a_0955_56,"[[12, 22, 13, 21], [14, 2, 15, 1], [16, 9, 17, 10], [18, 4, 19, 3], [20, 14, 21, 13], [22, 6, 23, 5], [24, 7, 1, 8], [2, 20, 3, 19], [4, 18, 5, 17], [6, 12, 7, 11], [8, 15, 9, 16], [10, 23, 11, 24]]"
12a_0955_57,"[[10, 23, 11, 24], [12, 22, 13, 21], [14, 2, 15, 1], [16, 9, 17, 10], [18, 4, 19, 3], [20, 14, 21, 13], [22, 6, 23, 5], [24, 7, 1, 8], [2, 20, 3, 19], [4, 18, 5, 17], [6, 12, 7, 11], [8, 15, 9, 16]]"
12a_0955_58,"[[8, 15, 9, 16], [10, 23, 11, 24], [12, 22, 13, 21], [14, 2, 15, 1], [16, 9, 17, 10], [18, 4, 19, 3], [20, 14, 21, 13], [22, 6, 23, 5], [24, 7, 1, 8], [2, 20, 3, 19], [4, 18, 5, 17], [6, 12, 7, 11]]"
12a_0955_59,"[[6, 12, 7, 11], [8, 15, 9, 16], [10, 23, 11, 24], [12, 22, 13, 21], [14, 2, 15, 1], [16, 9, 17, 10], [18, 4, 19, 3], [20, 14, 21, 13], [22, 6, 23, 5], [24, 7, 1, 8], [2, 20, 3, 19], [4, 18, 5, 17]]"
12a_0955_60,"[[5, 19, 6, 18], [7, 13, 8, 12], [9, 16, 10, 17], [11, 24, 12, 1], [13, 23, 14, 22], [15, 3, 16, 2], [17, 10, 18, 11], [19, 5, 20, 4], [21, 15, 22, 14], [23, 7, 24, 6], [1, 8, 2, 9], [3, 21, 4, 20]]"
12a_0955_61,"[[3, 21, 4, 20], [5, 19, 6, 18], [7, 13, 8, 12], [9, 16, 10, 17], [11, 24, 12, 1], [13, 23, 14, 22], [15, 3, 16, 2], [17, 10, 18, 11], [19, 5, 20, 4], [21, 15, 22, 14], [23, 7, 24, 6], [1, 8, 2, 9]]"
12a_0955_62,"[[1, 8, 2, 9], [3, 21, 4, 20], [5, 19, 6, 18], [7, 13, 8, 12], [9, 16, 10, 17], [11, 24, 12, 1], [13, 23, 14, 22], [15, 3, 16, 2], [17, 10, 18, 11], [19, 5, 20, 4], [21, 15, 22, 14], [23, 7, 24, 6]]"
12a_0955_63,"[[23, 7, 24, 6], [1, 8, 2, 9], [3, 21, 4, 20], [5, 19, 6, 18], [7, 13, 8, 12], [9, 16, 10, 17], [11, 24, 12, 1], [13, 23, 14, 22], [15, 3, 16, 2], [17, 10, 18, 11], [19, 5, 20, 4], [21, 15, 22, 14]]"
12a_0955_64,"[[21, 15, 22, 14], [23, 7, 24, 6], [1, 8, 2, 9], [3, 21, 4, 20], [5, 19, 6, 18], [7, 13, 8, 12], [9, 16, 10, 17], [11, 24, 12, 1], [13, 23, 14, 22], [15, 3, 16, 2], [17, 10, 18, 11], [19, 5, 20, 4]]"
12a_0955_65,"[[19, 5, 20, 4], [21, 15, 22, 14], [23, 7, 24, 6], [1, 8, 2, 9], [3, 21, 4, 20], [5, 19, 6, 18], [7, 13, 8, 12], [9, 16, 10, 17], [11, 24, 12, 1], [13, 23, 14, 22], [15, 3, 16, 2], [17, 10, 18, 11]]"
12a_0955_66,"[[17, 10, 18, 11], [19, 5, 20, 4], [21, 15, 22, 14], [23, 7, 24, 6], [1, 8, 2, 9], [3, 21, 4, 20], [5, 19, 6, 18], [7, 13, 8, 12], [9, 16, 10, 17], [11, 24, 12, 1], [13, 23, 14, 22], [15, 3, 16, 2]]"
12a_0955_67,"[[15, 3, 16, 2], [17, 10, 18, 11], [19, 5, 20, 4], [21, 15, 22, 14], [23, 7, 24, 6], [1, 8, 2, 9], [3, 21, 4, 20], [5, 19, 6, 18], [7, 13, 8, 12], [9, 16, 10, 17], [11, 24, 12, 1], [13, 23, 14, 22]]"
12a_0955_68,"[[13, 23, 14, 22], [15, 3, 16, 2], [17, 10, 18, 11], [19, 5, 20, 4], [21, 15, 22, 14], [23, 7, 24, 6], [1, 8, 2, 9], [3, 21, 4, 20], [5, 19, 6, 18], [7, 13, 8, 12], [9, 16, 10, 17], [11, 24, 12, 1]]"
12a_0955_69,"[[11, 24, 12, 1], [13, 23, 14, 22], [15, 3, 16, 2], [17, 10, 18, 11], [19, 5, 20, 4], [21, 15, 22, 14], [23, 7, 24, 6], [1, 8, 2, 9], [3, 21, 4, 20], [5, 19, 6, 18], [7, 13, 8, 12], [9, 16, 10, 17]]"
12a_0955_70,"[[9, 16, 10, 17], [11, 24, 12, 1], [13, 23, 14, 22], [15, 3, 16, 2], [17, 10, 18, 11], [19, 5, 20, 4], [21, 15, 22, 14], [23, 7, 24, 6], [1, 8, 2, 9], [3, 21, 4, 20], [5, 19, 6, 18], [7, 13, 8, 12]]"
12a_0955_71,"[[7, 13, 8, 12], [9, 16, 10, 17], [11, 24, 12, 1], [13, 23, 14, 22], [15, 3, 16, 2], [17, 10, 18, 11], [19, 5, 20, 4], [21, 15, 22, 14], [23, 7, 24, 6], [1, 8, 2, 9], [3, 21, 4, 20], [5, 19, 6, 18]]"
12a_0955_72,"[[6, 20, 7, 19], [8, 14, 9, 13], [10, 17, 11, 18], [12, 1, 13, 2], [14, 24, 15, 23], [16, 4, 17, 3], [18, 11, 19, 12], [20, 6, 21, 5], [22, 16, 23, 15], [24, 8, 1, 7], [2, 9, 3, 10], [4, 22, 5, 21]]"
12a_0955_73,"[[4, 22, 5, 21], [6, 20, 7, 19], [8, 14, 9, 13], [10, 17, 11, 18], [12, 1, 13, 2], [14, 24, 15, 23], [16, 4, 17, 3], [18, 11, 19, 12], [20, 6, 21, 5], [22, 16, 23, 15], [24, 8, 1, 7], [2, 9, 3, 10]]"
12a_0955_74,"[[2, 9, 3, 10], [4, 22, 5, 21], [6, 20, 7, 19], [8, 14, 9, 13], [10, 17, 11, 18], [12, 1, 13, 2], [14, 24, 15, 23], [16, 4, 17, 3], [18, 11, 19, 12], [20, 6, 21, 5], [22, 16, 23, 15], [24, 8, 1, 7]]"
12a_0955_75,"[[24, 8, 1, 7], [2, 9, 3, 10], [4, 22, 5, 21], [6, 20, 7, 19], [8, 14, 9, 13], [10, 17, 11, 18], [12, 1, 13, 2], [14, 24, 15, 23], [16, 4, 17, 3], [18, 11, 19, 12], [20, 6, 21, 5], [22, 16, 23, 15]]"
12a_0955_76,"[[22, 16, 23, 15], [24, 8, 1, 7], [2, 9, 3, 10], [4, 22, 5, 21], [6, 20, 7, 19], [8, 14, 9, 13], [10, 17, 11, 18], [12, 1, 13, 2], [14, 24, 15, 23], [16, 4, 17, 3], [18, 11, 19, 12], [20, 6, 21, 5]]"
12a_0955_77,"[[20, 6, 21, 5], [22, 16, 23, 15], [24, 8, 1, 7], [2, 9, 3, 10], [4, 22, 5, 21], [6, 20, 7, 19], [8, 14, 9, 13], [10, 17, 11, 18], [12, 1, 13, 2], [14, 24, 15, 23], [16, 4, 17, 3], [18, 11, 19, 12]]"
12a_0955_78,"[[18, 11, 19, 12], [20, 6, 21, 5], [22, 16, 23, 15], [24, 8, 1, 7], [2, 9, 3, 10], [4, 22, 5, 21], [6, 20, 7, 19], [8, 14, 9, 13], [10, 17, 11, 18], [12, 1, 13, 2], [14, 24, 15, 23], [16, 4, 17, 3]]"
12a_0955_79,"[[16, 4, 17, 3], [18, 11, 19, 12], [20, 6, 21, 5], [22, 16, 23, 15], [24, 8, 1, 7], [2, 9, 3, 10], [4, 22, 5, 21], [6, 20, 7, 19], [8, 14, 9, 13], [10, 17, 11, 18], [12, 1, 13, 2], [14, 24, 15, 23]]"
12a_0955_80,"[[14, 24, 15, 23], [16, 4, 17, 3], [18, 11, 19, 12], [20, 6, 21, 5], [22, 16, 23, 15], [24, 8, 1, 7], [2, 9, 3, 10], [4, 22, 5, 21], [6, 20, 7, 19], [8, 14, 9, 13], [10, 17, 11, 18], [12, 1, 13, 2]]"
12a_0955_81,"[[12, 1, 13, 2], [14, 24, 15, 23], [16, 4, 17, 3], [18, 11, 19, 12], [20, 6, 21, 5], [22, 16, 23, 15], [24, 8, 1, 7], [2, 9, 3, 10], [4, 22, 5, 21], [6, 20, 7, 19], [8, 14, 9, 13], [10, 17, 11, 18]]"
12a_0955_82,"[[10, 17, 11, 18], [12, 1, 13, 2], [14, 24, 15, 23], [16, 4, 17, 3], [18, 11, 19, 12], [20, 6, 21, 5], [22, 16, 23, 15], [24, 8, 1, 7], [2, 9, 3, 10], [4, 22, 5, 21], [6, 20, 7, 19], [8, 14, 9, 13]]"
12a_0955_83,"[[8, 14, 9, 13], [10, 17, 11, 18], [12, 1, 13, 2], [14, 24, 15, 23], [16, 4, 17, 3], [18, 11, 19, 12], [20, 6, 21, 5], [22, 16, 23, 15], [24, 8, 1, 7], [2, 9, 3, 10], [4, 22, 5, 21], [6, 20, 7, 19]]"
12a_0955_84,"[[7, 21, 8, 20], [9, 15, 10, 14], [11, 18, 12, 19], [13, 2, 14, 3], [15, 1, 16, 24], [17, 5, 18, 4], [19, 12, 20, 13], [21, 7, 22, 6], [23, 17, 24, 16], [1, 9, 2, 8], [3, 10, 4, 11], [5, 23, 6, 22]]"
12a_0955_85,"[[5, 23, 6, 22], [7, 21, 8, 20], [9, 15, 10, 14], [11, 18, 12, 19], [13, 2, 14, 3], [15, 1, 16, 24], [17, 5, 18, 4], [19, 12, 20, 13], [21, 7, 22, 6], [23, 17, 24, 16], [1, 9, 2, 8], [3, 10, 4, 11]]"
12a_0955_86,"[[3, 10, 4, 11], [5, 23, 6, 22], [7, 21, 8, 20], [9, 15, 10, 14], [11, 18, 12, 19], [13, 2, 14, 3], [15, 1, 16, 24], [17, 5, 18, 4], [19, 12, 20, 13], [21, 7, 22, 6], [23, 17, 24, 16], [1, 9, 2, 8]]"
12a_0955_87,"[[1, 9, 2, 8], [3, 10, 4, 11], [5, 23, 6, 22], [7, 21, 8, 20], [9, 15, 10, 14], [11, 18, 12, 19], [13, 2, 14, 3], [15, 1, 16, 24], [17, 5, 18, 4], [19, 12, 20, 13], [21, 7, 22, 6], [23, 17, 24, 16]]"
12a_0955_88,"[[23, 17, 24, 16], [1, 9, 2, 8], [3, 10, 4, 11], [5, 23, 6, 22], [7, 21, 8, 20], [9, 15, 10, 14], [11, 18, 12, 19], [13, 2, 14, 3], [15, 1, 16, 24], [17, 5, 18, 4], [19, 12, 20, 13], [21, 7, 22, 6]]"
12a_0955_89,"[[21, 7, 22, 6], [23, 17, 24, 16], [1, 9, 2, 8], [3, 10, 4, 11], [5, 23, 6, 22], [7, 21, 8, 20], [9, 15, 10, 14], [11, 18, 12, 19], [13, 2, 14, 3], [15, 1, 16, 24], [17, 5, 18, 4], [19, 12, 20, 13]]"
12a_0955_90,"[[19, 12, 20, 13], [21, 7, 22, 6], [23, 17, 24, 16], [1, 9, 2, 8], [3, 10, 4, 11], [5, 23, 6, 22], [7, 21, 8, 20], [9, 15, 10, 14], [11, 18, 12, 19], [13, 2, 14, 3], [15, 1, 16, 24], [17, 5, 18, 4]]"
12a_0955_91,"[[17, 5, 18, 4], [19, 12, 20, 13], [21, 7, 22, 6], [23, 17, 24, 16], [1, 9, 2, 8], [3, 10, 4, 11], [5, 23, 6, 22], [7, 21, 8, 20], [9, 15, 10, 14], [11, 18, 12, 19], [13, 2, 14, 3], [15, 1, 16, 24]]"
12a_0955_92,"[[15, 1, 16, 24], [17, 5, 18, 4], [19, 12, 20, 13], [21, 7, 22, 6], [23, 17, 24, 16], [1, 9, 2, 8], [3, 10, 4, 11], [5, 23, 6, 22], [7, 21, 8, 20], [9, 15, 10, 14], [11, 18, 12, 19], [13, 2, 14, 3]]"
12a_0955_93,"[[13, 2, 14, 3], [15, 1, 16, 24], [17, 5, 18, 4], [19, 12, 20, 13], [21, 7, 22, 6], [23, 17, 24, 16], [1, 9, 2, 8], [3, 10, 4, 11], [5, 23, 6, 22], [7, 21, 8, 20], [9, 15, 10, 14], [11, 18, 12, 19]]"
12a_0955_94,"[[11, 18, 12, 19], [13, 2, 14, 3], [15, 1, 16, 24], [17, 5, 18, 4], [19, 12, 20, 13], [21, 7, 22, 6], [23, 17, 24, 16], [1, 9, 2, 8], [3, 10, 4, 11], [5, 23, 6, 22], [7, 21, 8, 20], [9, 15, 10, 14]]"
12a_0955_95,"[[9, 15, 10, 14], [11, 18, 12, 19], [13, 2, 14, 3], [15, 1, 16, 24], [17, 5, 18, 4], [19, 12, 20, 13], [21, 7, 22, 6], [23, 17, 24, 16], [1, 9, 2, 8], [3, 10, 4, 11], [5, 23, 6, 22], [7, 21, 8, 20]]"
12a_0955_96,"[[8, 22, 9, 21], [10, 16, 11, 15], [12, 19, 13, 20], [14, 3, 15, 4], [16, 2, 17, 1], [18, 6, 19, 5], [20, 13, 21, 14], [22, 8, 23, 7], [24, 18, 1, 17], [2, 10, 3, 9], [4, 11, 5, 12], [6, 24, 7, 23]]"
12a_0955_97,"[[6, 24, 7, 23], [8, 22, 9, 21], [10, 16, 11, 15], [12, 19, 13, 20], [14, 3, 15, 4], [16, 2, 17, 1], [18, 6, 19, 5], [20, 13, 21, 14], [22, 8, 23, 7], [24, 18, 1, 17], [2, 10, 3, 9], [4, 11, 5, 12]]"
12a_0955_98,"[[4, 11, 5, 12], [6, 24, 7, 23], [8, 22, 9, 21], [10, 16, 11, 15], [12, 19, 13, 20], [14, 3, 15, 4], [16, 2, 17, 1], [18, 6, 19, 5], [20, 13, 21, 14], [22, 8, 23, 7], [24, 18, 1, 17], [2, 10, 3, 9]]"
12a_0955_99,"[[2, 10, 3, 9], [4, 11, 5, 12], [6, 24, 7, 23], [8, 22, 9, 21], [10, 16, 11, 15], [12, 19, 13, 20], [14, 3, 15, 4], [16, 2, 17, 1], [18, 6, 19, 5], [20, 13, 21, 14], [22, 8, 23, 7], [24, 18, 1, 17]]"
12a_0955_100,"[[24, 18, 1, 17], [2, 10, 3, 9], [4, 11, 5, 12], [6, 24, 7, 23], [8, 22, 9, 21], [10, 16, 11, 15], [12, 19, 13, 20], [14, 3, 15, 4], [16, 2, 17, 1], [18, 6, 19, 5], [20, 13, 21, 14], [22, 8, 23, 7]]"
12a_0955_101,"[[22, 8, 23, 7], [24, 18, 1, 17], [2, 10, 3, 9], [4, 11, 5, 12], [6, 24, 7, 23], [8, 22, 9, 21], [10, 16, 11, 15], [12, 19, 13, 20], [14, 3, 15, 4], [16, 2, 17, 1], [18, 6, 19, 5], [20, 13, 21, 14]]"
12a_0955_102,"[[20, 13, 21, 14], [22, 8, 23, 7], [24, 18, 1, 17], [2, 10, 3, 9], [4, 11, 5, 12], [6, 24, 7, 23], [8, 22, 9, 21], [10, 16, 11, 15], [12, 19, 13, 20], [14, 3, 15, 4], [16, 2, 17, 1], [18, 6, 19, 5]]"
12a_0955_103,"[[18, 6, 19, 5], [20, 13, 21, 14], [22, 8, 23, 7], [24, 18, 1, 17], [2, 10, 3, 9], [4, 11, 5, 12], [6, 24, 7, 23], [8, 22, 9, 21], [10, 16, 11, 15], [12, 19, 13, 20], [14, 3, 15, 4], [16, 2, 17, 1]]"
12a_0955_104,"[[16, 2, 17, 1], [18, 6, 19, 5], [20, 13, 21, 14], [22, 8, 23, 7], [24, 18, 1, 17], [2, 10, 3, 9], [4, 11, 5, 12], [6, 24, 7, 23], [8, 22, 9, 21], [10, 16, 11, 15], [12, 19, 13, 20], [14, 3, 15, 4]]"
12a_0955_105,"[[14, 3, 15, 4], [16, 2, 17, 1], [18, 6, 19, 5], [20, 13, 21, 14], [22, 8, 23, 7], [24, 18, 1, 17], [2, 10, 3, 9], [4, 11, 5, 12], [6, 24, 7, 23], [8, 22, 9, 21], [10, 16, 11, 15], [12, 19, 13, 20]]"
12a_0955_106,"[[12, 19, 13, 20], [14, 3, 15, 4], [16, 2, 17, 1], [18, 6, 19, 5], [20, 13, 21, 14], [22, 8, 23, 7], [24, 18, 1, 17], [2, 10, 3, 9], [4, 11, 5, 12], [6, 24, 7, 23], [8, 22, 9, 21], [10, 16, 11, 15]]"
12a_0955_107,"[[10, 16, 11, 15], [12, 19, 13, 20], [14, 3, 15, 4], [16, 2, 17, 1], [18, 6, 19, 5], [20, 13, 21, 14], [22, 8, 23, 7], [24, 18, 1, 17], [2, 10, 3, 9], [4, 11, 5, 12], [6, 24, 7, 23], [8, 22, 9, 21]]"
12a_0955_108,"[[9, 23, 10, 22], [11, 17, 12, 16], [13, 20, 14, 21], [15, 4, 16, 5], [17, 3, 18, 2], [19, 7, 20, 6], [21, 14, 22, 15], [23, 9, 24, 8], [1, 19, 2, 18], [3, 11, 4, 10], [5, 12, 6, 13], [7, 1, 8, 24]]"
12a_0955_109,"[[7, 1, 8, 24], [9, 23, 10, 22], [11, 17, 12, 16], [13, 20, 14, 21], [15, 4, 16, 5], [17, 3, 18, 2], [19, 7, 20, 6], [21, 14, 22, 15], [23, 9, 24, 8], [1, 19, 2, 18], [3, 11, 4, 10], [5, 12, 6, 13]]"
12a_0955_110,"[[5, 12, 6, 13], [7, 1, 8, 24], [9, 23, 10, 22], [11, 17, 12, 16], [13, 20, 14, 21], [15, 4, 16, 5], [17, 3, 18, 2], [19, 7, 20, 6], [21, 14, 22, 15], [23, 9, 24, 8], [1, 19, 2, 18], [3, 11, 4, 10]]"
12a_0955_111,"[[3, 11, 4, 10], [5, 12, 6, 13], [7, 1, 8, 24], [9, 23, 10, 22], [11, 17, 12, 16], [13, 20, 14, 21], [15, 4, 16, 5], [17, 3, 18, 2], [19, 7, 20, 6], [21, 14, 22, 15], [23, 9, 24, 8], [1, 19, 2, 18]]"
12a_0955_112,"[[1, 19, 2, 18], [3, 11, 4, 10], [5, 12, 6, 13], [7, 1, 8, 24], [9, 23, 10, 22], [11, 17, 12, 16], [13, 20, 14, 21], [15, 4, 16, 5], [17, 3, 18, 2], [19, 7, 20, 6], [21, 14, 22, 15], [23, 9, 24, 8]]"
12a_0955_113,"[[23, 9, 24, 8], [1, 19, 2, 18], [3, 11, 4, 10], [5, 12, 6, 13], [7, 1, 8, 24], [9, 23, 10, 22], [11, 17, 12, 16], [13, 20, 14, 21], [15, 4, 16, 5], [17, 3, 18, 2], [19, 7, 20, 6], [21, 14, 22, 15]]"
12a_0955_114,"[[21, 14, 22, 15], [23, 9, 24, 8], [1, 19, 2, 18], [3, 11, 4, 10], [5, 12, 6, 13], [7, 1, 8, 24], [9, 23, 10, 22], [11, 17, 12, 16], [13, 20, 14, 21], [15, 4, 16, 5], [17, 3, 18, 2], [19, 7, 20, 6]]"
12a_0955_115,"[[19, 7, 20, 6], [21, 14, 22, 15], [23, 9, 24, 8], [1, 19, 2, 18], [3, 11, 4, 10], [5, 12, 6, 13], [7, 1, 8, 24], [9, 23, 10, 22], [11, 17, 12, 16], [13, 20, 14, 21], [15, 4, 16, 5], [17, 3, 18, 2]]"
12a_0955_116,"[[17, 3, 18, 2], [19, 7, 20, 6], [21, 14, 22, 15], [23, 9, 24, 8], [1, 19, 2, 18], [3, 11, 4, 10], [5, 12, 6, 13], [7, 1, 8, 24], [9, 23, 10, 22], [11, 17, 12, 16], [13, 20, 14, 21], [15, 4, 16, 5]]"
12a_0955_117,"[[15, 4, 16, 5], [17, 3, 18, 2], [19, 7, 20, 6], [21, 14, 22, 15], [23, 9, 24, 8], [1, 19, 2, 18], [3, 11, 4, 10], [5, 12, 6, 13], [7, 1, 8, 24], [9, 23, 10, 22], [11, 17, 12, 16], [13, 20, 14, 21]]"
12a_0955_118,"[[13, 20, 14, 21], [15, 4, 16, 5], [17, 3, 18, 2], [19, 7, 20, 6], [21, 14, 22, 15], [23, 9, 24, 8], [1, 19, 2, 18], [3, 11, 4, 10], [5, 12, 6, 13], [7, 1, 8, 24], [9, 23, 10, 22], [11, 17, 12, 16]]"
12a_0955_119,"[[11, 17, 12, 16], [13, 20, 14, 21], [15, 4, 16, 5], [17, 3, 18, 2], [19, 7, 20, 6], [21, 14, 22, 15], [23, 9, 24, 8], [1, 19, 2, 18], [3, 11, 4, 10], [5, 12, 6, 13], [7, 1, 8, 24], [9, 23, 10, 22]]"
12a_0955_120,"[[10, 24, 11, 23], [12, 18, 13, 17], [14, 21, 15, 22], [16, 5, 17, 6], [18, 4, 19, 3], [20, 8, 21, 7], [22, 15, 23, 16], [24, 10, 1, 9], [2, 20, 3, 19], [4, 12, 5, 11], [6, 13, 7, 14], [8, 2, 9, 1]]"
12a_0955_121,"[[8, 2, 9, 1], [10, 24, 11, 23], [12, 18, 13, 17], [14, 21, 15, 22], [16, 5, 17, 6], [18, 4, 19, 3], [20, 8, 21, 7], [22, 15, 23, 16], [24, 10, 1, 9], [2, 20, 3, 19], [4, 12, 5, 11], [6, 13, 7, 14]]"
12a_0955_122,"[[6, 13, 7, 14], [8, 2, 9, 1], [10, 24, 11, 23], [12, 18, 13, 17], [14, 21, 15, 22], [16, 5, 17, 6], [18, 4, 19, 3], [20, 8, 21, 7], [22, 15, 23, 16], [24, 10, 1, 9], [2, 20, 3, 19], [4, 12, 5, 11]]"
12a_0955_123,"[[4, 12, 5, 11], [6, 13, 7, 14], [8, 2, 9, 1], [10, 24, 11, 23], [12, 18, 13, 17], [14, 21, 15, 22], [16, 5, 17, 6], [18, 4, 19, 3], [20, 8, 21, 7], [22, 15, 23, 16], [24, 10, 1, 9], [2, 20, 3, 19]]"
12a_0955_124,"[[2, 20, 3, 19], [4, 12, 5, 11], [6, 13, 7, 14], [8, 2, 9, 1], [10, 24, 11, 23], [12, 18, 13, 17], [14, 21, 15, 22], [16, 5, 17, 6], [18, 4, 19, 3], [20, 8, 21, 7], [22, 15, 23, 16], [24, 10, 1, 9]]"
12a_0955_125,"[[24, 10, 1, 9], [2, 20, 3, 19], [4, 12, 5, 11], [6, 13, 7, 14], [8, 2, 9, 1], [10, 24, 11, 23], [12, 18, 13, 17], [14, 21, 15, 22], [16, 5, 17, 6], [18, 4, 19, 3], [20, 8, 21, 7], [22, 15, 23, 16]]"
12a_0955_126,"[[22, 15, 23, 16], [24, 10, 1, 9], [2, 20, 3, 19], [4, 12, 5, 11], [6, 13, 7, 14], [8, 2, 9, 1], [10, 24, 11, 23], [12, 18, 13, 17], [14, 21, 15, 22], [16, 5, 17, 6], [18, 4, 19, 3], [20, 8, 21, 7]]"
12a_0955_127,"[[20, 8, 21, 7], [22, 15, 23, 16], [24, 10, 1, 9], [2, 20, 3, 19], [4, 12, 5, 11], [6, 13, 7, 14], [8, 2, 9, 1], [10, 24, 11, 23], [12, 18, 13, 17], [14, 21, 15, 22], [16, 5, 17, 6], [18, 4, 19, 3]]"
12a_0955_128,"[[18, 4, 19, 3], [20, 8, 21, 7], [22, 15, 23, 16], [24, 10, 1, 9], [2, 20, 3, 19], [4, 12, 5, 11], [6, 13, 7, 14], [8, 2, 9, 1], [10, 24, 11, 23], [12, 18, 13, 17], [14, 21, 15, 22], [16, 5, 17, 6]]"
12a_0955_129,"[[16, 5, 17, 6], [18, 4, 19, 3], [20, 8, 21, 7], [22, 15, 23, 16], [24, 10, 1, 9], [2, 20, 3, 19], [4, 12, 5, 11], [6, 13, 7, 14], [8, 2, 9, 1], [10, 24, 11, 23], [12, 18, 13, 17], [14, 21, 15, 22]]"
12a_0955_130,"[[14, 21, 15, 22], [16, 5, 17, 6], [18, 4, 19, 3], [20, 8, 21, 7], [22, 15, 23, 16], [24, 10, 1, 9], [2, 20, 3, 19], [4, 12, 5, 11], [6, 13, 7, 14], [8, 2, 9, 1], [10, 24, 11, 23], [12, 18, 13, 17]]"
12a_0955_131,"[[12, 18, 13, 17], [14, 21, 15, 22], [16, 5, 17, 6], [18, 4, 19, 3], [20, 8, 21, 7], [22, 15, 23, 16], [24, 10, 1, 9], [2, 20, 3, 19], [4, 12, 5, 11], [6, 13, 7, 14], [8, 2, 9, 1], [10, 24, 11, 23]]"
12a_0955_132,"[[11, 1, 12, 24], [13, 19, 14, 18], [15, 22, 16, 23], [17, 6, 18, 7], [19, 5, 20, 4], [21, 9, 22, 8], [23, 16, 24, 17], [1, 11, 2, 10], [3, 21, 4, 20], [5, 13, 6, 12], [7, 14, 8, 15], [9, 3, 10, 2]]"
12a_0955_133,"[[9, 3, 10, 2], [11, 1, 12, 24], [13, 19, 14, 18], [15, 22, 16, 23], [17, 6, 18, 7], [19, 5, 20, 4], [21, 9, 22, 8], [23, 16, 24, 17], [1, 11, 2, 10], [3, 21, 4, 20], [5, 13, 6, 12], [7, 14, 8, 15]]"
12a_0955_134,"[[7, 14, 8, 15], [9, 3, 10, 2], [11, 1, 12, 24], [13, 19, 14, 18], [15, 22, 16, 23], [17, 6, 18, 7], [19, 5, 20, 4], [21, 9, 22, 8], [23, 16, 24, 17], [1, 11, 2, 10], [3, 21, 4, 20], [5, 13, 6, 12]]"
12a_0955_135,"[[5, 13, 6, 12], [7, 14, 8, 15], [9, 3, 10, 2], [11, 1, 12, 24], [13, 19, 14, 18], [15, 22, 16, 23], [17, 6, 18, 7], [19, 5, 20, 4], [21, 9, 22, 8], [23, 16, 24, 17], [1, 11, 2, 10], [3, 21, 4, 20]]"
12a_0955_136,"[[3, 21, 4, 20], [5, 13, 6, 12], [7, 14, 8, 15], [9, 3, 10, 2], [11, 1, 12, 24], [13, 19, 14, 18], [15, 22, 16, 23], [17, 6, 18, 7], [19, 5, 20, 4], [21, 9, 22, 8], [23, 16, 24, 17], [1, 11, 2, 10]]"
12a_0955_137,"[[1, 11, 2, 10], [3, 21, 4, 20], [5, 13, 6, 12], [7, 14, 8, 15], [9, 3, 10, 2], [11, 1, 12, 24], [13, 19, 14, 18], [15, 22, 16, 23], [17, 6, 18, 7], [19, 5, 20, 4], [21, 9, 22, 8], [23, 16, 24, 17]]"
12a_0955_138,"[[23, 16, 24, 17], [1, 11, 2, 10], [3, 21, 4, 20], [5, 13, 6, 12], [7, 14, 8, 15], [9, 3, 10, 2], [11, 1, 12, 24], [13, 19, 14, 18], [15, 22, 16, 23], [17, 6, 18, 7], [19, 5, 20, 4], [21, 9, 22, 8]]"
12a_0955_139,"[[21, 9, 22, 8], [23, 16, 24, 17], [1, 11, 2, 10], [3, 21, 4, 20], [5, 13, 6, 12], [7, 14, 8, 15], [9, 3, 10, 2], [11, 1, 12, 24], [13, 19, 14, 18], [15, 22, 16, 23], [17, 6, 18, 7], [19, 5, 20, 4]]"
12a_0955_140,"[[19, 5, 20, 4], [21, 9, 22, 8], [23, 16, 24, 17], [1, 11, 2, 10], [3, 21, 4, 20], [5, 13, 6, 12], [7, 14, 8, 15], [9, 3, 10, 2], [11, 1, 12, 24], [13, 19, 14, 18], [15, 22, 16, 23], [17, 6, 18, 7]]"
12a_0955_141,"[[17, 6, 18, 7], [19, 5, 20, 4], [21, 9, 22, 8], [23, 16, 24, 17], [1, 11, 2, 10], [3, 21, 4, 20], [5, 13, 6, 12], [7, 14, 8, 15], [9, 3, 10, 2], [11, 1, 12, 24], [13, 19, 14, 18], [15, 22, 16, 23]]"
12a_0955_142,"[[15, 22, 16, 23], [17, 6, 18, 7], [19, 5, 20, 4], [21, 9, 22, 8], [23, 16, 24, 17], [1, 11, 2, 10], [3, 21, 4, 20], [5, 13, 6, 12], [7, 14, 8, 15], [9, 3, 10, 2], [11, 1, 12, 24], [13, 19, 14, 18]]"
12a_0955_143,"[[13, 19, 14, 18], [15, 22, 16, 23], [17, 6, 18, 7], [19, 5, 20, 4], [21, 9, 22, 8], [23, 16, 24, 17], [1, 11, 2, 10], [3, 21, 4, 20], [5, 13, 6, 12], [7, 14, 8, 15], [9, 3, 10, 2], [11, 1, 12, 24]]"
12a_0955_144,"[[12, 2, 13, 1], [14, 20, 15, 19], [16, 23, 17, 24], [18, 7, 19, 8], [20, 6, 21, 5], [22, 10, 23, 9], [24, 17, 1, 18], [2, 12, 3, 11], [4, 22, 5, 21], [6, 14, 7, 13], [8, 15, 9, 16], [10, 4, 11, 3]]"
12a_0955_145,"[[10, 4, 11, 3], [12, 2, 13, 1], [14, 20, 15, 19], [16, 23, 17, 24], [18, 7, 19, 8], [20, 6, 21, 5], [22, 10, 23, 9], [24, 17, 1, 18], [2, 12, 3, 11], [4, 22, 5, 21], [6, 14, 7, 13], [8, 15, 9, 16]]"
12a_0955_146,"[[8, 15, 9, 16], [10, 4, 11, 3], [12, 2, 13, 1], [14, 20, 15, 19], [16, 23, 17, 24], [18, 7, 19, 8], [20, 6, 21, 5], [22, 10, 23, 9], [24, 17, 1, 18], [2, 12, 3, 11], [4, 22, 5, 21], [6, 14, 7, 13]]"
12a_0955_147,"[[6, 14, 7, 13], [8, 15, 9, 16], [10, 4, 11, 3], [12, 2, 13, 1], [14, 20, 15, 19], [16, 23, 17, 24], [18, 7, 19, 8], [20, 6, 21, 5], [22, 10, 23, 9], [24, 17, 1, 18], [2, 12, 3, 11], [4, 22, 5, 21]]"
12a_0955_148,"[[4, 22, 5, 21], [6, 14, 7, 13], [8, 15, 9, 16], [10, 4, 11, 3], [12, 2, 13, 1], [14, 20, 15, 19], [16, 23, 17, 24], [18, 7, 19, 8], [20, 6, 21, 5], [22, 10, 23, 9], [24, 17, 1, 18], [2, 12, 3, 11]]"
12a_0955_149,"[[2, 12, 3, 11], [4, 22, 5, 21], [6, 14, 7, 13], [8, 15, 9, 16], [10, 4, 11, 3], [12, 2, 13, 1], [14, 20, 15, 19], [16, 23, 17, 24], [18, 7, 19, 8], [20, 6, 21, 5], [22, 10, 23, 9], [24, 17, 1, 18]]"
12a_0955_150,"[[24, 17, 1, 18], [2, 12, 3, 11], [4, 22, 5, 21], [6, 14, 7, 13], [8, 15, 9, 16], [10, 4, 11, 3], [12, 2, 13, 1], [14, 20, 15, 19], [16, 23, 17, 24], [18, 7, 19, 8], [20, 6, 21, 5], [22, 10, 23, 9]]"
12a_0955_151,"[[22, 10, 23, 9], [24, 17, 1, 18], [2, 12, 3, 11], [4, 22, 5, 21], [6, 14, 7, 13], [8, 15, 9, 16], [10, 4, 11, 3], [12, 2, 13, 1], [14, 20, 15, 19], [16, 23, 17, 24], [18, 7, 19, 8], [20, 6, 21, 5]]"
12a_0955_152,"[[20, 6, 21, 5], [22, 10, 23, 9], [24, 17, 1, 18], [2, 12, 3, 11], [4, 22, 5, 21], [6, 14, 7, 13], [8, 15, 9, 16], [10, 4, 11, 3], [12, 2, 13, 1], [14, 20, 15, 19], [16, 23, 17, 24], [18, 7, 19, 8]]"
12a_0955_153,"[[18, 7, 19, 8], [20, 6, 21, 5], [22, 10, 23, 9], [24, 17, 1, 18], [2, 12, 3, 11], [4, 22, 5, 21], [6, 14, 7, 13], [8, 15, 9, 16], [10, 4, 11, 3], [12, 2, 13, 1], [14, 20, 15, 19], [16, 23, 17, 24]]"
12a_0955_154,"[[16, 23, 17, 24], [18, 7, 19, 8], [20, 6, 21, 5], [22, 10, 23, 9], [24, 17, 1, 18], [2, 12, 3, 11], [4, 22, 5, 21], [6, 14, 7, 13], [8, 15, 9, 16], [10, 4, 11, 3], [12, 2, 13, 1], [14, 20, 15, 19]]"
12a_0955_155,"[[14, 20, 15, 19], [16, 23, 17, 24], [18, 7, 19, 8], [20, 6, 21, 5], [22, 10, 23, 9], [24, 17, 1, 18], [2, 12, 3, 11], [4, 22, 5, 21], [6, 14, 7, 13], [8, 15, 9, 16], [10, 4, 11, 3], [12, 2, 13, 1]]"
12a_0955_156,"[[13, 3, 14, 2], [15, 21, 16, 20], [17, 24, 18, 1], [19, 8, 20, 9], [21, 7, 22, 6], [23, 11, 24, 10], [1, 18, 2, 19], [3, 13, 4, 12], [5, 23, 6, 22], [7, 15, 8, 14], [9, 16, 10, 17], [11, 5, 12, 4]]"
12a_0955_157,"[[11, 5, 12, 4], [13, 3, 14, 2], [15, 21, 16, 20], [17, 24, 18, 1], [19, 8, 20, 9], [21, 7, 22, 6], [23, 11, 24, 10], [1, 18, 2, 19], [3, 13, 4, 12], [5, 23, 6, 22], [7, 15, 8, 14], [9, 16, 10, 17]]"
12a_0955_158,"[[9, 16, 10, 17], [11, 5, 12, 4], [13, 3, 14, 2], [15, 21, 16, 20], [17, 24, 18, 1], [19, 8, 20, 9], [21, 7, 22, 6], [23, 11, 24, 10], [1, 18, 2, 19], [3, 13, 4, 12], [5, 23, 6, 22], [7, 15, 8, 14]]"
12a_0955_159,"[[7, 15, 8, 14], [9, 16, 10, 17], [11, 5, 12, 4], [13, 3, 14, 2], [15, 21, 16, 20], [17, 24, 18, 1], [19, 8, 20, 9], [21, 7, 22, 6], [23, 11, 24, 10], [1, 18, 2, 19], [3, 13, 4, 12], [5, 23, 6, 22]]"
12a_0955_160,"[[5, 23, 6, 22], [7, 15, 8, 14], [9, 16, 10, 17], [11, 5, 12, 4], [13, 3, 14, 2], [15, 21, 16, 20], [17, 24, 18, 1], [19, 8, 20, 9], [21, 7, 22, 6], [23, 11, 24, 10], [1, 18, 2, 19], [3, 13, 4, 12]]"
12a_0955_161,"[[3, 13, 4, 12], [5, 23, 6, 22], [7, 15, 8, 14], [9, 16, 10, 17], [11, 5, 12, 4], [13, 3, 14, 2], [15, 21, 16, 20], [17, 24, 18, 1], [19, 8, 20, 9], [21, 7, 22, 6], [23, 11, 24, 10], [1, 18, 2, 19]]"
12a_0955_162,"[[1, 18, 2, 19], [3, 13, 4, 12], [5, 23, 6, 22], [7, 15, 8, 14], [9, 16, 10, 17], [11, 5, 12, 4], [13, 3, 14, 2], [15, 21, 16, 20], [17, 24, 18, 1], [19, 8, 20, 9], [21, 7, 22, 6], [23, 11, 24, 10]]"
12a_0955_163,"[[23, 11, 24, 10], [1, 18, 2, 19], [3, 13, 4, 12], [5, 23, 6, 22], [7, 15, 8, 14], [9, 16, 10, 17], [11, 5, 12, 4], [13, 3, 14, 2], [15, 21, 16, 20], [17, 24, 18, 1], [19, 8, 20, 9], [21, 7, 22, 6]]"
12a_0955_164,"[[21, 7, 22, 6], [23, 11, 24, 10], [1, 18, 2, 19], [3, 13, 4, 12], [5, 23, 6, 22], [7, 15, 8, 14], [9, 16, 10, 17], [11, 5, 12, 4], [13, 3, 14, 2], [15, 21, 16, 20], [17, 24, 18, 1], [19, 8, 20, 9]]"
12a_0955_165,"[[19, 8, 20, 9], [21, 7, 22, 6], [23, 11, 24, 10], [1, 18, 2, 19], [3, 13, 4, 12], [5, 23, 6, 22], [7, 15, 8, 14], [9, 16, 10, 17], [11, 5, 12, 4], [13, 3, 14, 2], [15, 21, 16, 20], [17, 24, 18, 1]]"
12a_0955_166,"[[17, 24, 18, 1], [19, 8, 20, 9], [21, 7, 22, 6], [23, 11, 24, 10], [1, 18, 2, 19], [3, 13, 4, 12], [5, 23, 6, 22], [7, 15, 8, 14], [9, 16, 10, 17], [11, 5, 12, 4], [13, 3, 14, 2], [15, 21, 16, 20]]"
12a_0955_167,"[[15, 21, 16, 20], [17, 24, 18, 1], [19, 8, 20, 9], [21, 7, 22, 6], [23, 11, 24, 10], [1, 18, 2, 19], [3, 13, 4, 12], [5, 23, 6, 22], [7, 15, 8, 14], [9, 16, 10, 17], [11, 5, 12, 4], [13, 3, 14, 2]]"
12a_0955_168,"[[14, 4, 15, 3], [16, 22, 17, 21], [18, 1, 19, 2], [20, 9, 21, 10], [22, 8, 23, 7], [24, 12, 1, 11], [2, 19, 3, 20], [4, 14, 5, 13], [6, 24, 7, 23], [8, 16, 9, 15], [10, 17, 11, 18], [12, 6, 13, 5]]"
12a_0955_169,"[[12, 6, 13, 5], [14, 4, 15, 3], [16, 22, 17, 21], [18, 1, 19, 2], [20, 9, 21, 10], [22, 8, 23, 7], [24, 12, 1, 11], [2, 19, 3, 20], [4, 14, 5, 13], [6, 24, 7, 23], [8, 16, 9, 15], [10, 17, 11, 18]]"
12a_0955_170,"[[10, 17, 11, 18], [12, 6, 13, 5], [14, 4, 15, 3], [16, 22, 17, 21], [18, 1, 19, 2], [20, 9, 21, 10], [22, 8, 23, 7], [24, 12, 1, 11], [2, 19, 3, 20], [4, 14, 5, 13], [6, 24, 7, 23], [8, 16, 9, 15]]"
12a_0955_171,"[[8, 16, 9, 15], [10, 17, 11, 18], [12, 6, 13, 5], [14, 4, 15, 3], [16, 22, 17, 21], [18, 1, 19, 2], [20, 9, 21, 10], [22, 8, 23, 7], [24, 12, 1, 11], [2, 19, 3, 20], [4, 14, 5, 13], [6, 24, 7, 23]]"
12a_0955_172,"[[6, 24, 7, 23], [8, 16, 9, 15], [10, 17, 11, 18], [12, 6, 13, 5], [14, 4, 15, 3], [16, 22, 17, 21], [18, 1, 19, 2], [20, 9, 21, 10], [22, 8, 23, 7], [24, 12, 1, 11], [2, 19, 3, 20], [4, 14, 5, 13]]"
12a_0955_173,"[[4, 14, 5, 13], [6, 24, 7, 23], [8, 16, 9, 15], [10, 17, 11, 18], [12, 6, 13, 5], [14, 4, 15, 3], [16, 22, 17, 21], [18, 1, 19, 2], [20, 9, 21, 10], [22, 8, 23, 7], [24, 12, 1, 11], [2, 19, 3, 20]]"
12a_0955_174,"[[2, 19, 3, 20], [4, 14, 5, 13], [6, 24, 7, 23], [8, 16, 9, 15], [10, 17, 11, 18], [12, 6, 13, 5], [14, 4, 15, 3], [16, 22, 17, 21], [18, 1, 19, 2], [20, 9, 21, 10], [22, 8, 23, 7], [24, 12, 1, 11]]"
12a_0955_175,"[[24, 12, 1, 11], [2, 19, 3, 20], [4, 14, 5, 13], [6, 24, 7, 23], [8, 16, 9, 15], [10, 17, 11, 18], [12, 6, 13, 5], [14, 4, 15, 3], [16, 22, 17, 21], [18, 1, 19, 2], [20, 9, 21, 10], [22, 8, 23, 7]]"
12a_0955_176,"[[22, 8, 23, 7], [24, 12, 1, 11], [2, 19, 3, 20], [4, 14, 5, 13], [6, 24, 7, 23], [8, 16, 9, 15], [10, 17, 11, 18], [12, 6, 13, 5], [14, 4, 15, 3], [16, 22, 17, 21], [18, 1, 19, 2], [20, 9, 21, 10]]"
12a_0955_177,"[[20, 9, 21, 10], [22, 8, 23, 7], [24, 12, 1, 11], [2, 19, 3, 20], [4, 14, 5, 13], [6, 24, 7, 23], [8, 16, 9, 15], [10, 17, 11, 18], [12, 6, 13, 5], [14, 4, 15, 3], [16, 22, 17, 21], [18, 1, 19, 2]]"
12a_0955_178,"[[18, 1, 19, 2], [20, 9, 21, 10], [22, 8, 23, 7], [24, 12, 1, 11], [2, 19, 3, 20], [4, 14, 5, 13], [6, 24, 7, 23], [8, 16, 9, 15], [10, 17, 11, 18], [12, 6, 13, 5], [14, 4, 15, 3], [16, 22, 17, 21]]"
12a_0955_179,"[[16, 22, 17, 21], [18, 1, 19, 2], [20, 9, 21, 10], [22, 8, 23, 7], [24, 12, 1, 11], [2, 19, 3, 20], [4, 14, 5, 13], [6, 24, 7, 23], [8, 16, 9, 15], [10, 17, 11, 18], [12, 6, 13, 5], [14, 4, 15, 3]]"
12a_0955_180,"[[15, 5, 16, 4], [17, 23, 18, 22], [19, 2, 20, 3], [21, 10, 22, 11], [23, 9, 24, 8], [1, 13, 2, 12], [3, 20, 4, 21], [5, 15, 6, 14], [7, 1, 8, 24], [9, 17, 10, 16], [11, 18, 12, 19], [13, 7, 14, 6]]"
12a_0955_181,"[[13, 7, 14, 6], [15, 5, 16, 4], [17, 23, 18, 22], [19, 2, 20, 3], [21, 10, 22, 11], [23, 9, 24, 8], [1, 13, 2, 12], [3, 20, 4, 21], [5, 15, 6, 14], [7, 1, 8, 24], [9, 17, 10, 16], [11, 18, 12, 19]]"
12a_0955_182,"[[11, 18, 12, 19], [13, 7, 14, 6], [15, 5, 16, 4], [17, 23, 18, 22], [19, 2, 20, 3], [21, 10, 22, 11], [23, 9, 24, 8], [1, 13, 2, 12], [3, 20, 4, 21], [5, 15, 6, 14], [7, 1, 8, 24], [9, 17, 10, 16]]"
12a_0955_183,"[[9, 17, 10, 16], [11, 18, 12, 19], [13, 7, 14, 6], [15, 5, 16, 4], [17, 23, 18, 22], [19, 2, 20, 3], [21, 10, 22, 11], [23, 9, 24, 8], [1, 13, 2, 12], [3, 20, 4, 21], [5, 15, 6, 14], [7, 1, 8, 24]]"
12a_0955_184,"[[7, 1, 8, 24], [9, 17, 10, 16], [11, 18, 12, 19], [13, 7, 14, 6], [15, 5, 16, 4], [17, 23, 18, 22], [19, 2, 20, 3], [21, 10, 22, 11], [23, 9, 24, 8], [1, 13, 2, 12], [3, 20, 4, 21], [5, 15, 6, 14]]"
12a_0955_185,"[[5, 15, 6, 14], [7, 1, 8, 24], [9, 17, 10, 16], [11, 18, 12, 19], [13, 7, 14, 6], [15, 5, 16, 4], [17, 23, 18, 22], [19, 2, 20, 3], [21, 10, 22, 11], [23, 9, 24, 8], [1, 13, 2, 12], [3, 20, 4, 21]]"
