name,pd_notation
12a_1036_0,"[[24, 9, 1, 10], [2, 8, 3, 7], [4, 14, 5, 13], [6, 16, 7, 15], [8, 20, 9, 19], [10, 23, 11, 24], [12, 4, 13, 3], [14, 6, 15, 5], [16, 22, 17, 21], [18, 12, 19, 11], [20, 2, 21, 1], [22, 18, 23, 17]]"
12a_1036_1,"[[22, 18, 23, 17], [24, 9, 1, 10], [2, 8, 3, 7], [4, 14, 5, 13], [6, 16, 7, 15], [8, 20, 9, 19], [10, 23, 11, 24], [12, 4, 13, 3], [14, 6, 15, 5], [16, 22, 17, 21], [18, 12, 19, 11], [20, 2, 21, 1]]"
12a_1036_2,"[[20, 2, 21, 1], [22, 18, 23, 17], [24, 9, 1, 10], [2, 8, 3, 7], [4, 14, 5, 13], [6, 16, 7, 15], [8, 20, 9, 19], [10, 23, 11, 24], [12, 4, 13, 3], [14, 6, 15, 5], [16, 22, 17, 21], [18, 12, 19, 11]]"
12a_1036_3,"[[18, 12, 19, 11], [20, 2, 21, 1], [22, 18, 23, 17], [24, 9, 1, 10], [2, 8, 3, 7], [4, 14, 5, 13], [6, 16, 7, 15], [8, 20, 9, 19], [10, 23, 11, 24], [12, 4, 13, 3], [14, 6, 15, 5], [16, 22, 17, 21]]"
12a_1036_4,"[[16, 22, 17, 21], [18, 12, 19, 11], [20, 2, 21, 1], [22, 18, 23, 17], [24, 9, 1, 10], [2, 8, 3, 7], [4, 14, 5, 13], [6, 16, 7, 15], [8, 20, 9, 19], [10, 23, 11, 24], [12, 4, 13, 3], [14, 6, 15, 5]]"
12a_1036_5,"[[14, 6, 15, 5], [16, 22, 17, 21], [18, 12, 19, 11], [20, 2, 21, 1], [22, 18, 23, 17], [24, 9, 1, 10], [2, 8, 3, 7], [4, 14, 5, 13], [6, 16, 7, 15], [8, 20, 9, 19], [10, 23, 11, 24], [12, 4, 13, 3]]"
12a_1036_6,"[[12, 4, 13, 3], [14, 6, 15, 5], [16, 22, 17, 21], [18, 12, 19, 11], [20, 2, 21, 1], [22, 18, 23, 17], [24, 9, 1, 10], [2, 8, 3, 7], [4, 14, 5, 13], [6, 16, 7, 15], [8, 20, 9, 19], [10, 23, 11, 24]]"
12a_1036_7,"[[10, 23, 11, 24], [12, 4, 13, 3], [14, 6, 15, 5], [16, 22, 17, 21], [18, 12, 19, 11], [20, 2, 21, 1], [22, 18, 23, 17], [24, 9, 1, 10], [2, 8, 3, 7], [4, 14, 5, 13], [6, 16, 7, 15], [8, 20, 9, 19]]"
12a_1036_8,"[[8, 20, 9, 19], [10, 23, 11, 24], [12, 4, 13, 3], [14, 6, 15, 5], [16, 22, 17, 21], [18, 12, 19, 11], [20, 2, 21, 1], [22, 18, 23, 17], [24, 9, 1, 10], [2, 8, 3, 7], [4, 14, 5, 13], [6, 16, 7, 15]]"
12a_1036_9,"[[6, 16, 7, 15], [8, 20, 9, 19], [10, 23, 11, 24], [12, 4, 13, 3], [14, 6, 15, 5], [16, 22, 17, 21], [18, 12, 19, 11], [20, 2, 21, 1], [22, 18, 23, 17], [24, 9, 1, 10], [2, 8, 3, 7], [4, 14, 5, 13]]"
12a_1036_10,"[[4, 14, 5, 13], [6, 16, 7, 15], [8, 20, 9, 19], [10, 23, 11, 24], [12, 4, 13, 3], [14, 6, 15, 5], [16, 22, 17, 21], [18, 12, 19, 11], [20, 2, 21, 1], [22, 18, 23, 17], [24, 9, 1, 10], [2, 8, 3, 7]]"
12a_1036_11,"[[2, 8, 3, 7], [4, 14, 5, 13], [6, 16, 7, 15], [8, 20, 9, 19], [10, 23, 11, 24], [12, 4, 13, 3], [14, 6, 15, 5], [16, 22, 17, 21], [18, 12, 19, 11], [20, 2, 21, 1], [22, 18, 23, 17], [24, 9, 1, 10]]"
12a_1036_12,"[[1, 10, 2, 11], [3, 9, 4, 8], [5, 15, 6, 14], [7, 17, 8, 16], [9, 21, 10, 20], [11, 24, 12, 1], [13, 5, 14, 4], [15, 7, 16, 6], [17, 23, 18, 22], [19, 13, 20, 12], [21, 3, 22, 2], [23, 19, 24, 18]]"
12a_1036_13,"[[23, 19, 24, 18], [1, 10, 2, 11], [3, 9, 4, 8], [5, 15, 6, 14], [7, 17, 8, 16], [9, 21, 10, 20], [11, 24, 12, 1], [13, 5, 14, 4], [15, 7, 16, 6], [17, 23, 18, 22], [19, 13, 20, 12], [21, 3, 22, 2]]"
12a_1036_14,"[[21, 3, 22, 2], [23, 19, 24, 18], [1, 10, 2, 11], [3, 9, 4, 8], [5, 15, 6, 14], [7, 17, 8, 16], [9, 21, 10, 20], [11, 24, 12, 1], [13, 5, 14, 4], [15, 7, 16, 6], [17, 23, 18, 22], [19, 13, 20, 12]]"
12a_1036_15,"[[19, 13, 20, 12], [21, 3, 22, 2], [23, 19, 24, 18], [1, 10, 2, 11], [3, 9, 4, 8], [5, 15, 6, 14], [7, 17, 8, 16], [9, 21, 10, 20], [11, 24, 12, 1], [13, 5, 14, 4], [15, 7, 16, 6], [17, 23, 18, 22]]"
12a_1036_16,"[[17, 23, 18, 22], [19, 13, 20, 12], [21, 3, 22, 2], [23, 19, 24, 18], [1, 10, 2, 11], [3, 9, 4, 8], [5, 15, 6, 14], [7, 17, 8, 16], [9, 21, 10, 20], [11, 24, 12, 1], [13, 5, 14, 4], [15, 7, 16, 6]]"
12a_1036_17,"[[15, 7, 16, 6], [17, 23, 18, 22], [19, 13, 20, 12], [21, 3, 22, 2], [23, 19, 24, 18], [1, 10, 2, 11], [3, 9, 4, 8], [5, 15, 6, 14], [7, 17, 8, 16], [9, 21, 10, 20], [11, 24, 12, 1], [13, 5, 14, 4]]"
12a_1036_18,"[[13, 5, 14, 4], [15, 7, 16, 6], [17, 23, 18, 22], [19, 13, 20, 12], [21, 3, 22, 2], [23, 19, 24, 18], [1, 10, 2, 11], [3, 9, 4, 8], [5, 15, 6, 14], [7, 17, 8, 16], [9, 21, 10, 20], [11, 24, 12, 1]]"
12a_1036_19,"[[11, 24, 12, 1], [13, 5, 14, 4], [15, 7, 16, 6], [17, 23, 18, 22], [19, 13, 20, 12], [21, 3, 22, 2], [23, 19, 24, 18], [1, 10, 2, 11], [3, 9, 4, 8], [5, 15, 6, 14], [7, 17, 8, 16], [9, 21, 10, 20]]"
12a_1036_20,"[[9, 21, 10, 20], [11, 24, 12, 1], [13, 5, 14, 4], [15, 7, 16, 6], [17, 23, 18, 22], [19, 13, 20, 12], [21, 3, 22, 2], [23, 19, 24, 18], [1, 10, 2, 11], [3, 9, 4, 8], [5, 15, 6, 14], [7, 17, 8, 16]]"
12a_1036_21,"[[7, 17, 8, 16], [9, 21, 10, 20], [11, 24, 12, 1], [13, 5, 14, 4], [15, 7, 16, 6], [17, 23, 18, 22], [19, 13, 20, 12], [21, 3, 22, 2], [23, 19, 24, 18], [1, 10, 2, 11], [3, 9, 4, 8], [5, 15, 6, 14]]"
12a_1036_22,"[[5, 15, 6, 14], [7, 17, 8, 16], [9, 21, 10, 20], [11, 24, 12, 1], [13, 5, 14, 4], [15, 7, 16, 6], [17, 23, 18, 22], [19, 13, 20, 12], [21, 3, 22, 2], [23, 19, 24, 18], [1, 10, 2, 11], [3, 9, 4, 8]]"
12a_1036_23,"[[3, 9, 4, 8], [5, 15, 6, 14], [7, 17, 8, 16], [9, 21, 10, 20], [11, 24, 12, 1], [13, 5, 14, 4], [15, 7, 16, 6], [17, 23, 18, 22], [19, 13, 20, 12], [21, 3, 22, 2], [23, 19, 24, 18], [1, 10, 2, 11]]"
12a_1036_24,"[[2, 11, 3, 12], [4, 10, 5, 9], [6, 16, 7, 15], [8, 18, 9, 17], [10, 22, 11, 21], [12, 1, 13, 2], [14, 6, 15, 5], [16, 8, 17, 7], [18, 24, 19, 23], [20, 14, 21, 13], [22, 4, 23, 3], [24, 20, 1, 19]]"
12a_1036_25,"[[24, 20, 1, 19], [2, 11, 3, 12], [4, 10, 5, 9], [6, 16, 7, 15], [8, 18, 9, 17], [10, 22, 11, 21], [12, 1, 13, 2], [14, 6, 15, 5], [16, 8, 17, 7], [18, 24, 19, 23], [20, 14, 21, 13], [22, 4, 23, 3]]"
12a_1036_26,"[[22, 4, 23, 3], [24, 20, 1, 19], [2, 11, 3, 12], [4, 10, 5, 9], [6, 16, 7, 15], [8, 18, 9, 17], [10, 22, 11, 21], [12, 1, 13, 2], [14, 6, 15, 5], [16, 8, 17, 7], [18, 24, 19, 23], [20, 14, 21, 13]]"
12a_1036_27,"[[20, 14, 21, 13], [22, 4, 23, 3], [24, 20, 1, 19], [2, 11, 3, 12], [4, 10, 5, 9], [6, 16, 7, 15], [8, 18, 9, 17], [10, 22, 11, 21], [12, 1, 13, 2], [14, 6, 15, 5], [16, 8, 17, 7], [18, 24, 19, 23]]"
12a_1036_28,"[[18, 24, 19, 23], [20, 14, 21, 13], [22, 4, 23, 3], [24, 20, 1, 19], [2, 11, 3, 12], [4, 10, 5, 9], [6, 16, 7, 15], [8, 18, 9, 17], [10, 22, 11, 21], [12, 1, 13, 2], [14, 6, 15, 5], [16, 8, 17, 7]]"
12a_1036_29,"[[16, 8, 17, 7], [18, 24, 19, 23], [20, 14, 21, 13], [22, 4, 23, 3], [24, 20, 1, 19], [2, 11, 3, 12], [4, 10, 5, 9], [6, 16, 7, 15], [8, 18, 9, 17], [10, 22, 11, 21], [12, 1, 13, 2], [14, 6, 15, 5]]"
12a_1036_30,"[[14, 6, 15, 5], [16, 8, 17, 7], [18, 24, 19, 23], [20, 14, 21, 13], [22, 4, 23, 3], [24, 20, 1, 19], [2, 11, 3, 12], [4, 10, 5, 9], [6, 16, 7, 15], [8, 18, 9, 17], [10, 22, 11, 21], [12, 1, 13, 2]]"
12a_1036_31,"[[12, 1, 13, 2], [14, 6, 15, 5], [16, 8, 17, 7], [18, 24, 19, 23], [20, 14, 21, 13], [22, 4, 23, 3], [24, 20, 1, 19], [2, 11, 3, 12], [4, 10, 5, 9], [6, 16, 7, 15], [8, 18, 9, 17], [10, 22, 11, 21]]"
12a_1036_32,"[[10, 22, 11, 21], [12, 1, 13, 2], [14, 6, 15, 5], [16, 8, 17, 7], [18, 24, 19, 23], [20, 14, 21, 13], [22, 4, 23, 3], [24, 20, 1, 19], [2, 11, 3, 12], [4, 10, 5, 9], [6, 16, 7, 15], [8, 18, 9, 17]]"
12a_1036_33,"[[8, 18, 9, 17], [10, 22, 11, 21], [12, 1, 13, 2], [14, 6, 15, 5], [16, 8, 17, 7], [18, 24, 19, 23], [20, 14, 21, 13], [22, 4, 23, 3], [24, 20, 1, 19], [2, 11, 3, 12], [4, 10, 5, 9], [6, 16, 7, 15]]"
12a_1036_34,"[[6, 16, 7, 15], [8, 18, 9, 17], [10, 22, 11, 21], [12, 1, 13, 2], [14, 6, 15, 5], [16, 8, 17, 7], [18, 24, 19, 23], [20, 14, 21, 13], [22, 4, 23, 3], [24, 20, 1, 19], [2, 11, 3, 12], [4, 10, 5, 9]]"
12a_1036_35,"[[4, 10, 5, 9], [6, 16, 7, 15], [8, 18, 9, 17], [10, 22, 11, 21], [12, 1, 13, 2], [14, 6, 15, 5], [16, 8, 17, 7], [18, 24, 19, 23], [20, 14, 21, 13], [22, 4, 23, 3], [24, 20, 1, 19], [2, 11, 3, 12]]"
12a_1036_36,"[[3, 12, 4, 13], [5, 11, 6, 10], [7, 17, 8, 16], [9, 19, 10, 18], [11, 23, 12, 22], [13, 2, 14, 3], [15, 7, 16, 6], [17, 9, 18, 8], [19, 1, 20, 24], [21, 15, 22, 14], [23, 5, 24, 4], [1, 21, 2, 20]]"
12a_1036_37,"[[1, 21, 2, 20], [3, 12, 4, 13], [5, 11, 6, 10], [7, 17, 8, 16], [9, 19, 10, 18], [11, 23, 12, 22], [13, 2, 14, 3], [15, 7, 16, 6], [17, 9, 18, 8], [19, 1, 20, 24], [21, 15, 22, 14], [23, 5, 24, 4]]"
12a_1036_38,"[[23, 5, 24, 4], [1, 21, 2, 20], [3, 12, 4, 13], [5, 11, 6, 10], [7, 17, 8, 16], [9, 19, 10, 18], [11, 23, 12, 22], [13, 2, 14, 3], [15, 7, 16, 6], [17, 9, 18, 8], [19, 1, 20, 24], [21, 15, 22, 14]]"
12a_1036_39,"[[21, 15, 22, 14], [23, 5, 24, 4], [1, 21, 2, 20], [3, 12, 4, 13], [5, 11, 6, 10], [7, 17, 8, 16], [9, 19, 10, 18], [11, 23, 12, 22], [13, 2, 14, 3], [15, 7, 16, 6], [17, 9, 18, 8], [19, 1, 20, 24]]"
12a_1036_40,"[[19, 1, 20, 24], [21, 15, 22, 14], [23, 5, 24, 4], [1, 21, 2, 20], [3, 12, 4, 13], [5, 11, 6, 10], [7, 17, 8, 16], [9, 19, 10, 18], [11, 23, 12, 22], [13, 2, 14, 3], [15, 7, 16, 6], [17, 9, 18, 8]]"
12a_1036_41,"[[17, 9, 18, 8], [19, 1, 20, 24], [21, 15, 22, 14], [23, 5, 24, 4], [1, 21, 2, 20], [3, 12, 4, 13], [5, 11, 6, 10], [7, 17, 8, 16], [9, 19, 10, 18], [11, 23, 12, 22], [13, 2, 14, 3], [15, 7, 16, 6]]"
12a_1036_42,"[[15, 7, 16, 6], [17, 9, 18, 8], [19, 1, 20, 24], [21, 15, 22, 14], [23, 5, 24, 4], [1, 21, 2, 20], [3, 12, 4, 13], [5, 11, 6, 10], [7, 17, 8, 16], [9, 19, 10, 18], [11, 23, 12, 22], [13, 2, 14, 3]]"
12a_1036_43,"[[13, 2, 14, 3], [15, 7, 16, 6], [17, 9, 18, 8], [19, 1, 20, 24], [21, 15, 22, 14], [23, 5, 24, 4], [1, 21, 2, 20], [3, 12, 4, 13], [5, 11, 6, 10], [7, 17, 8, 16], [9, 19, 10, 18], [11, 23, 12, 22]]"
12a_1036_44,"[[11, 23, 12, 22], [13, 2, 14, 3], [15, 7, 16, 6], [17, 9, 18, 8], [19, 1, 20, 24], [21, 15, 22, 14], [23, 5, 24, 4], [1, 21, 2, 20], [3, 12, 4, 13], [5, 11, 6, 10], [7, 17, 8, 16], [9, 19, 10, 18]]"
12a_1036_45,"[[9, 19, 10, 18], [11, 23, 12, 22], [13, 2, 14, 3], [15, 7, 16, 6], [17, 9, 18, 8], [19, 1, 20, 24], [21, 15, 22, 14], [23, 5, 24, 4], [1, 21, 2, 20], [3, 12, 4, 13], [5, 11, 6, 10], [7, 17, 8, 16]]"
12a_1036_46,"[[7, 17, 8, 16], [9, 19, 10, 18], [11, 23, 12, 22], [13, 2, 14, 3], [15, 7, 16, 6], [17, 9, 18, 8], [19, 1, 20, 24], [21, 15, 22, 14], [23, 5, 24, 4], [1, 21, 2, 20], [3, 12, 4, 13], [5, 11, 6, 10]]"
12a_1036_47,"[[5, 11, 6, 10], [7, 17, 8, 16], [9, 19, 10, 18], [11, 23, 12, 22], [13, 2, 14, 3], [15, 7, 16, 6], [17, 9, 18, 8], [19, 1, 20, 24], [21, 15, 22, 14], [23, 5, 24, 4], [1, 21, 2, 20], [3, 12, 4, 13]]"
12a_1036_48,"[[4, 13, 5, 14], [6, 12, 7, 11], [8, 18, 9, 17], [10, 20, 11, 19], [12, 24, 13, 23], [14, 3, 15, 4], [16, 8, 17, 7], [18, 10, 19, 9], [20, 2, 21, 1], [22, 16, 23, 15], [24, 6, 1, 5], [2, 22, 3, 21]]"
12a_1036_49,"[[2, 22, 3, 21], [4, 13, 5, 14], [6, 12, 7, 11], [8, 18, 9, 17], [10, 20, 11, 19], [12, 24, 13, 23], [14, 3, 15, 4], [16, 8, 17, 7], [18, 10, 19, 9], [20, 2, 21, 1], [22, 16, 23, 15], [24, 6, 1, 5]]"
12a_1036_50,"[[24, 6, 1, 5], [2, 22, 3, 21], [4, 13, 5, 14], [6, 12, 7, 11], [8, 18, 9, 17], [10, 20, 11, 19], [12, 24, 13, 23], [14, 3, 15, 4], [16, 8, 17, 7], [18, 10, 19, 9], [20, 2, 21, 1], [22, 16, 23, 15]]"
12a_1036_51,"[[22, 16, 23, 15], [24, 6, 1, 5], [2, 22, 3, 21], [4, 13, 5, 14], [6, 12, 7, 11], [8, 18, 9, 17], [10, 20, 11, 19], [12, 24, 13, 23], [14, 3, 15, 4], [16, 8, 17, 7], [18, 10, 19, 9], [20, 2, 21, 1]]"
12a_1036_52,"[[20, 2, 21, 1], [22, 16, 23, 15], [24, 6, 1, 5], [2, 22, 3, 21], [4, 13, 5, 14], [6, 12, 7, 11], [8, 18, 9, 17], [10, 20, 11, 19], [12, 24, 13, 23], [14, 3, 15, 4], [16, 8, 17, 7], [18, 10, 19, 9]]"
12a_1036_53,"[[18, 10, 19, 9], [20, 2, 21, 1], [22, 16, 23, 15], [24, 6, 1, 5], [2, 22, 3, 21], [4, 13, 5, 14], [6, 12, 7, 11], [8, 18, 9, 17], [10, 20, 11, 19], [12, 24, 13, 23], [14, 3, 15, 4], [16, 8, 17, 7]]"
12a_1036_54,"[[16, 8, 17, 7], [18, 10, 19, 9], [20, 2, 21, 1], [22, 16, 23, 15], [24, 6, 1, 5], [2, 22, 3, 21], [4, 13, 5, 14], [6, 12, 7, 11], [8, 18, 9, 17], [10, 20, 11, 19], [12, 24, 13, 23], [14, 3, 15, 4]]"
12a_1036_55,"[[14, 3, 15, 4], [16, 8, 17, 7], [18, 10, 19, 9], [20, 2, 21, 1], [22, 16, 23, 15], [24, 6, 1, 5], [2, 22, 3, 21], [4, 13, 5, 14], [6, 12, 7, 11], [8, 18, 9, 17], [10, 20, 11, 19], [12, 24, 13, 23]]"
12a_1036_56,"[[12, 24, 13, 23], [14, 3, 15, 4], [16, 8, 17, 7], [18, 10, 19, 9], [20, 2, 21, 1], [22, 16, 23, 15], [24, 6, 1, 5], [2, 22, 3, 21], [4, 13, 5, 14], [6, 12, 7, 11], [8, 18, 9, 17], [10, 20, 11, 19]]"
12a_1036_57,"[[10, 20, 11, 19], [12, 24, 13, 23], [14, 3, 15, 4], [16, 8, 17, 7], [18, 10, 19, 9], [20, 2, 21, 1], [22, 16, 23, 15], [24, 6, 1, 5], [2, 22, 3, 21], [4, 13, 5, 14], [6, 12, 7, 11], [8, 18, 9, 17]]"
12a_1036_58,"[[8, 18, 9, 17], [10, 20, 11, 19], [12, 24, 13, 23], [14, 3, 15, 4], [16, 8, 17, 7], [18, 10, 19, 9], [20, 2, 21, 1], [22, 16, 23, 15], [24, 6, 1, 5], [2, 22, 3, 21], [4, 13, 5, 14], [6, 12, 7, 11]]"
12a_1036_59,"[[6, 12, 7, 11], [8, 18, 9, 17], [10, 20, 11, 19], [12, 24, 13, 23], [14, 3, 15, 4], [16, 8, 17, 7], [18, 10, 19, 9], [20, 2, 21, 1], [22, 16, 23, 15], [24, 6, 1, 5], [2, 22, 3, 21], [4, 13, 5, 14]]"
12a_1036_60,"[[5, 14, 6, 15], [7, 13, 8, 12], [9, 19, 10, 18], [11, 21, 12, 20], [13, 1, 14, 24], [15, 4, 16, 5], [17, 9, 18, 8], [19, 11, 20, 10], [21, 3, 22, 2], [23, 17, 24, 16], [1, 7, 2, 6], [3, 23, 4, 22]]"
12a_1036_61,"[[3, 23, 4, 22], [5, 14, 6, 15], [7, 13, 8, 12], [9, 19, 10, 18], [11, 21, 12, 20], [13, 1, 14, 24], [15, 4, 16, 5], [17, 9, 18, 8], [19, 11, 20, 10], [21, 3, 22, 2], [23, 17, 24, 16], [1, 7, 2, 6]]"
12a_1036_62,"[[1, 7, 2, 6], [3, 23, 4, 22], [5, 14, 6, 15], [7, 13, 8, 12], [9, 19, 10, 18], [11, 21, 12, 20], [13, 1, 14, 24], [15, 4, 16, 5], [17, 9, 18, 8], [19, 11, 20, 10], [21, 3, 22, 2], [23, 17, 24, 16]]"
12a_1036_63,"[[23, 17, 24, 16], [1, 7, 2, 6], [3, 23, 4, 22], [5, 14, 6, 15], [7, 13, 8, 12], [9, 19, 10, 18], [11, 21, 12, 20], [13, 1, 14, 24], [15, 4, 16, 5], [17, 9, 18, 8], [19, 11, 20, 10], [21, 3, 22, 2]]"
12a_1036_64,"[[21, 3, 22, 2], [23, 17, 24, 16], [1, 7, 2, 6], [3, 23, 4, 22], [5, 14, 6, 15], [7, 13, 8, 12], [9, 19, 10, 18], [11, 21, 12, 20], [13, 1, 14, 24], [15, 4, 16, 5], [17, 9, 18, 8], [19, 11, 20, 10]]"
12a_1036_65,"[[19, 11, 20, 10], [21, 3, 22, 2], [23, 17, 24, 16], [1, 7, 2, 6], [3, 23, 4, 22], [5, 14, 6, 15], [7, 13, 8, 12], [9, 19, 10, 18], [11, 21, 12, 20], [13, 1, 14, 24], [15, 4, 16, 5], [17, 9, 18, 8]]"
12a_1036_66,"[[17, 9, 18, 8], [19, 11, 20, 10], [21, 3, 22, 2], [23, 17, 24, 16], [1, 7, 2, 6], [3, 23, 4, 22], [5, 14, 6, 15], [7, 13, 8, 12], [9, 19, 10, 18], [11, 21, 12, 20], [13, 1, 14, 24], [15, 4, 16, 5]]"
12a_1036_67,"[[15, 4, 16, 5], [17, 9, 18, 8], [19, 11, 20, 10], [21, 3, 22, 2], [23, 17, 24, 16], [1, 7, 2, 6], [3, 23, 4, 22], [5, 14, 6, 15], [7, 13, 8, 12], [9, 19, 10, 18], [11, 21, 12, 20], [13, 1, 14, 24]]"
12a_1036_68,"[[13, 1, 14, 24], [15, 4, 16, 5], [17, 9, 18, 8], [19, 11, 20, 10], [21, 3, 22, 2], [23, 17, 24, 16], [1, 7, 2, 6], [3, 23, 4, 22], [5, 14, 6, 15], [7, 13, 8, 12], [9, 19, 10, 18], [11, 21, 12, 20]]"
12a_1036_69,"[[11, 21, 12, 20], [13, 1, 14, 24], [15, 4, 16, 5], [17, 9, 18, 8], [19, 11, 20, 10], [21, 3, 22, 2], [23, 17, 24, 16], [1, 7, 2, 6], [3, 23, 4, 22], [5, 14, 6, 15], [7, 13, 8, 12], [9, 19, 10, 18]]"
12a_1036_70,"[[9, 19, 10, 18], [11, 21, 12, 20], [13, 1, 14, 24], [15, 4, 16, 5], [17, 9, 18, 8], [19, 11, 20, 10], [21, 3, 22, 2], [23, 17, 24, 16], [1, 7, 2, 6], [3, 23, 4, 22], [5, 14, 6, 15], [7, 13, 8, 12]]"
12a_1036_71,"[[7, 13, 8, 12], [9, 19, 10, 18], [11, 21, 12, 20], [13, 1, 14, 24], [15, 4, 16, 5], [17, 9, 18, 8], [19, 11, 20, 10], [21, 3, 22, 2], [23, 17, 24, 16], [1, 7, 2, 6], [3, 23, 4, 22], [5, 14, 6, 15]]"
12a_1036_72,"[[6, 15, 7, 16], [8, 14, 9, 13], [10, 20, 11, 19], [12, 22, 13, 21], [14, 2, 15, 1], [16, 5, 17, 6], [18, 10, 19, 9], [20, 12, 21, 11], [22, 4, 23, 3], [24, 18, 1, 17], [2, 8, 3, 7], [4, 24, 5, 23]]"
12a_1036_73,"[[4, 24, 5, 23], [6, 15, 7, 16], [8, 14, 9, 13], [10, 20, 11, 19], [12, 22, 13, 21], [14, 2, 15, 1], [16, 5, 17, 6], [18, 10, 19, 9], [20, 12, 21, 11], [22, 4, 23, 3], [24, 18, 1, 17], [2, 8, 3, 7]]"
12a_1036_74,"[[2, 8, 3, 7], [4, 24, 5, 23], [6, 15, 7, 16], [8, 14, 9, 13], [10, 20, 11, 19], [12, 22, 13, 21], [14, 2, 15, 1], [16, 5, 17, 6], [18, 10, 19, 9], [20, 12, 21, 11], [22, 4, 23, 3], [24, 18, 1, 17]]"
12a_1036_75,"[[24, 18, 1, 17], [2, 8, 3, 7], [4, 24, 5, 23], [6, 15, 7, 16], [8, 14, 9, 13], [10, 20, 11, 19], [12, 22, 13, 21], [14, 2, 15, 1], [16, 5, 17, 6], [18, 10, 19, 9], [20, 12, 21, 11], [22, 4, 23, 3]]"
12a_1036_76,"[[22, 4, 23, 3], [24, 18, 1, 17], [2, 8, 3, 7], [4, 24, 5, 23], [6, 15, 7, 16], [8, 14, 9, 13], [10, 20, 11, 19], [12, 22, 13, 21], [14, 2, 15, 1], [16, 5, 17, 6], [18, 10, 19, 9], [20, 12, 21, 11]]"
12a_1036_77,"[[20, 12, 21, 11], [22, 4, 23, 3], [24, 18, 1, 17], [2, 8, 3, 7], [4, 24, 5, 23], [6, 15, 7, 16], [8, 14, 9, 13], [10, 20, 11, 19], [12, 22, 13, 21], [14, 2, 15, 1], [16, 5, 17, 6], [18, 10, 19, 9]]"
12a_1036_78,"[[18, 10, 19, 9], [20, 12, 21, 11], [22, 4, 23, 3], [24, 18, 1, 17], [2, 8, 3, 7], [4, 24, 5, 23], [6, 15, 7, 16], [8, 14, 9, 13], [10, 20, 11, 19], [12, 22, 13, 21], [14, 2, 15, 1], [16, 5, 17, 6]]"
12a_1036_79,"[[16, 5, 17, 6], [18, 10, 19, 9], [20, 12, 21, 11], [22, 4, 23, 3], [24, 18, 1, 17], [2, 8, 3, 7], [4, 24, 5, 23], [6, 15, 7, 16], [8, 14, 9, 13], [10, 20, 11, 19], [12, 22, 13, 21], [14, 2, 15, 1]]"
12a_1036_80,"[[14, 2, 15, 1], [16, 5, 17, 6], [18, 10, 19, 9], [20, 12, 21, 11], [22, 4, 23, 3], [24, 18, 1, 17], [2, 8, 3, 7], [4, 24, 5, 23], [6, 15, 7, 16], [8, 14, 9, 13], [10, 20, 11, 19], [12, 22, 13, 21]]"
12a_1036_81,"[[12, 22, 13, 21], [14, 2, 15, 1], [16, 5, 17, 6], [18, 10, 19, 9], [20, 12, 21, 11], [22, 4, 23, 3], [24, 18, 1, 17], [2, 8, 3, 7], [4, 24, 5, 23], [6, 15, 7, 16], [8, 14, 9, 13], [10, 20, 11, 19]]"
12a_1036_82,"[[10, 20, 11, 19], [12, 22, 13, 21], [14, 2, 15, 1], [16, 5, 17, 6], [18, 10, 19, 9], [20, 12, 21, 11], [22, 4, 23, 3], [24, 18, 1, 17], [2, 8, 3, 7], [4, 24, 5, 23], [6, 15, 7, 16], [8, 14, 9, 13]]"
12a_1036_83,"[[8, 14, 9, 13], [10, 20, 11, 19], [12, 22, 13, 21], [14, 2, 15, 1], [16, 5, 17, 6], [18, 10, 19, 9], [20, 12, 21, 11], [22, 4, 23, 3], [24, 18, 1, 17], [2, 8, 3, 7], [4, 24, 5, 23], [6, 15, 7, 16]]"
12a_1036_84,"[[7, 16, 8, 17], [9, 15, 10, 14], [11, 21, 12, 20], [13, 23, 14, 22], [15, 3, 16, 2], [17, 6, 18, 7], [19, 11, 20, 10], [21, 13, 22, 12], [23, 5, 24, 4], [1, 19, 2, 18], [3, 9, 4, 8], [5, 1, 6, 24]]"
12a_1036_85,"[[5, 1, 6, 24], [7, 16, 8, 17], [9, 15, 10, 14], [11, 21, 12, 20], [13, 23, 14, 22], [15, 3, 16, 2], [17, 6, 18, 7], [19, 11, 20, 10], [21, 13, 22, 12], [23, 5, 24, 4], [1, 19, 2, 18], [3, 9, 4, 8]]"
12a_1036_86,"[[3, 9, 4, 8], [5, 1, 6, 24], [7, 16, 8, 17], [9, 15, 10, 14], [11, 21, 12, 20], [13, 23, 14, 22], [15, 3, 16, 2], [17, 6, 18, 7], [19, 11, 20, 10], [21, 13, 22, 12], [23, 5, 24, 4], [1, 19, 2, 18]]"
12a_1036_87,"[[1, 19, 2, 18], [3, 9, 4, 8], [5, 1, 6, 24], [7, 16, 8, 17], [9, 15, 10, 14], [11, 21, 12, 20], [13, 23, 14, 22], [15, 3, 16, 2], [17, 6, 18, 7], [19, 11, 20, 10], [21, 13, 22, 12], [23, 5, 24, 4]]"
12a_1036_88,"[[23, 5, 24, 4], [1, 19, 2, 18], [3, 9, 4, 8], [5, 1, 6, 24], [7, 16, 8, 17], [9, 15, 10, 14], [11, 21, 12, 20], [13, 23, 14, 22], [15, 3, 16, 2], [17, 6, 18, 7], [19, 11, 20, 10], [21, 13, 22, 12]]"
12a_1036_89,"[[21, 13, 22, 12], [23, 5, 24, 4], [1, 19, 2, 18], [3, 9, 4, 8], [5, 1, 6, 24], [7, 16, 8, 17], [9, 15, 10, 14], [11, 21, 12, 20], [13, 23, 14, 22], [15, 3, 16, 2], [17, 6, 18, 7], [19, 11, 20, 10]]"
12a_1036_90,"[[19, 11, 20, 10], [21, 13, 22, 12], [23, 5, 24, 4], [1, 19, 2, 18], [3, 9, 4, 8], [5, 1, 6, 24], [7, 16, 8, 17], [9, 15, 10, 14], [11, 21, 12, 20], [13, 23, 14, 22], [15, 3, 16, 2], [17, 6, 18, 7]]"
12a_1036_91,"[[17, 6, 18, 7], [19, 11, 20, 10], [21, 13, 22, 12], [23, 5, 24, 4], [1, 19, 2, 18], [3, 9, 4, 8], [5, 1, 6, 24], [7, 16, 8, 17], [9, 15, 10, 14], [11, 21, 12, 20], [13, 23, 14, 22], [15, 3, 16, 2]]"
12a_1036_92,"[[15, 3, 16, 2], [17, 6, 18, 7], [19, 11, 20, 10], [21, 13, 22, 12], [23, 5, 24, 4], [1, 19, 2, 18], [3, 9, 4, 8], [5, 1, 6, 24], [7, 16, 8, 17], [9, 15, 10, 14], [11, 21, 12, 20], [13, 23, 14, 22]]"
12a_1036_93,"[[13, 23, 14, 22], [15, 3, 16, 2], [17, 6, 18, 7], [19, 11, 20, 10], [21, 13, 22, 12], [23, 5, 24, 4], [1, 19, 2, 18], [3, 9, 4, 8], [5, 1, 6, 24], [7, 16, 8, 17], [9, 15, 10, 14], [11, 21, 12, 20]]"
12a_1036_94,"[[11, 21, 12, 20], [13, 23, 14, 22], [15, 3, 16, 2], [17, 6, 18, 7], [19, 11, 20, 10], [21, 13, 22, 12], [23, 5, 24, 4], [1, 19, 2, 18], [3, 9, 4, 8], [5, 1, 6, 24], [7, 16, 8, 17], [9, 15, 10, 14]]"
12a_1036_95,"[[9, 15, 10, 14], [11, 21, 12, 20], [13, 23, 14, 22], [15, 3, 16, 2], [17, 6, 18, 7], [19, 11, 20, 10], [21, 13, 22, 12], [23, 5, 24, 4], [1, 19, 2, 18], [3, 9, 4, 8], [5, 1, 6, 24], [7, 16, 8, 17]]"
12a_1036_96,"[[8, 17, 9, 18], [10, 16, 11, 15], [12, 22, 13, 21], [14, 24, 15, 23], [16, 4, 17, 3], [18, 7, 19, 8], [20, 12, 21, 11], [22, 14, 23, 13], [24, 6, 1, 5], [2, 20, 3, 19], [4, 10, 5, 9], [6, 2, 7, 1]]"
12a_1036_97,"[[6, 2, 7, 1], [8, 17, 9, 18], [10, 16, 11, 15], [12, 22, 13, 21], [14, 24, 15, 23], [16, 4, 17, 3], [18, 7, 19, 8], [20, 12, 21, 11], [22, 14, 23, 13], [24, 6, 1, 5], [2, 20, 3, 19], [4, 10, 5, 9]]"
12a_1036_98,"[[4, 10, 5, 9], [6, 2, 7, 1], [8, 17, 9, 18], [10, 16, 11, 15], [12, 22, 13, 21], [14, 24, 15, 23], [16, 4, 17, 3], [18, 7, 19, 8], [20, 12, 21, 11], [22, 14, 23, 13], [24, 6, 1, 5], [2, 20, 3, 19]]"
12a_1036_99,"[[2, 20, 3, 19], [4, 10, 5, 9], [6, 2, 7, 1], [8, 17, 9, 18], [10, 16, 11, 15], [12, 22, 13, 21], [14, 24, 15, 23], [16, 4, 17, 3], [18, 7, 19, 8], [20, 12, 21, 11], [22, 14, 23, 13], [24, 6, 1, 5]]"
12a_1036_100,"[[24, 6, 1, 5], [2, 20, 3, 19], [4, 10, 5, 9], [6, 2, 7, 1], [8, 17, 9, 18], [10, 16, 11, 15], [12, 22, 13, 21], [14, 24, 15, 23], [16, 4, 17, 3], [18, 7, 19, 8], [20, 12, 21, 11], [22, 14, 23, 13]]"
12a_1036_101,"[[22, 14, 23, 13], [24, 6, 1, 5], [2, 20, 3, 19], [4, 10, 5, 9], [6, 2, 7, 1], [8, 17, 9, 18], [10, 16, 11, 15], [12, 22, 13, 21], [14, 24, 15, 23], [16, 4, 17, 3], [18, 7, 19, 8], [20, 12, 21, 11]]"
12a_1036_102,"[[20, 12, 21, 11], [22, 14, 23, 13], [24, 6, 1, 5], [2, 20, 3, 19], [4, 10, 5, 9], [6, 2, 7, 1], [8, 17, 9, 18], [10, 16, 11, 15], [12, 22, 13, 21], [14, 24, 15, 23], [16, 4, 17, 3], [18, 7, 19, 8]]"
12a_1036_103,"[[18, 7, 19, 8], [20, 12, 21, 11], [22, 14, 23, 13], [24, 6, 1, 5], [2, 20, 3, 19], [4, 10, 5, 9], [6, 2, 7, 1], [8, 17, 9, 18], [10, 16, 11, 15], [12, 22, 13, 21], [14, 24, 15, 23], [16, 4, 17, 3]]"
12a_1036_104,"[[16, 4, 17, 3], [18, 7, 19, 8], [20, 12, 21, 11], [22, 14, 23, 13], [24, 6, 1, 5], [2, 20, 3, 19], [4, 10, 5, 9], [6, 2, 7, 1], [8, 17, 9, 18], [10, 16, 11, 15], [12, 22, 13, 21], [14, 24, 15, 23]]"
12a_1036_105,"[[14, 24, 15, 23], [16, 4, 17, 3], [18, 7, 19, 8], [20, 12, 21, 11], [22, 14, 23, 13], [24, 6, 1, 5], [2, 20, 3, 19], [4, 10, 5, 9], [6, 2, 7, 1], [8, 17, 9, 18], [10, 16, 11, 15], [12, 22, 13, 21]]"
12a_1036_106,"[[12, 22, 13, 21], [14, 24, 15, 23], [16, 4, 17, 3], [18, 7, 19, 8], [20, 12, 21, 11], [22, 14, 23, 13], [24, 6, 1, 5], [2, 20, 3, 19], [4, 10, 5, 9], [6, 2, 7, 1], [8, 17, 9, 18], [10, 16, 11, 15]]"
12a_1036_107,"[[10, 16, 11, 15], [12, 22, 13, 21], [14, 24, 15, 23], [16, 4, 17, 3], [18, 7, 19, 8], [20, 12, 21, 11], [22, 14, 23, 13], [24, 6, 1, 5], [2, 20, 3, 19], [4, 10, 5, 9], [6, 2, 7, 1], [8, 17, 9, 18]]"
12a_1036_108,"[[9, 18, 10, 19], [11, 17, 12, 16], [13, 23, 14, 22], [15, 1, 16, 24], [17, 5, 18, 4], [19, 8, 20, 9], [21, 13, 22, 12], [23, 15, 24, 14], [1, 7, 2, 6], [3, 21, 4, 20], [5, 11, 6, 10], [7, 3, 8, 2]]"
12a_1036_109,"[[7, 3, 8, 2], [9, 18, 10, 19], [11, 17, 12, 16], [13, 23, 14, 22], [15, 1, 16, 24], [17, 5, 18, 4], [19, 8, 20, 9], [21, 13, 22, 12], [23, 15, 24, 14], [1, 7, 2, 6], [3, 21, 4, 20], [5, 11, 6, 10]]"
12a_1036_110,"[[5, 11, 6, 10], [7, 3, 8, 2], [9, 18, 10, 19], [11, 17, 12, 16], [13, 23, 14, 22], [15, 1, 16, 24], [17, 5, 18, 4], [19, 8, 20, 9], [21, 13, 22, 12], [23, 15, 24, 14], [1, 7, 2, 6], [3, 21, 4, 20]]"
12a_1036_111,"[[3, 21, 4, 20], [5, 11, 6, 10], [7, 3, 8, 2], [9, 18, 10, 19], [11, 17, 12, 16], [13, 23, 14, 22], [15, 1, 16, 24], [17, 5, 18, 4], [19, 8, 20, 9], [21, 13, 22, 12], [23, 15, 24, 14], [1, 7, 2, 6]]"
12a_1036_112,"[[1, 7, 2, 6], [3, 21, 4, 20], [5, 11, 6, 10], [7, 3, 8, 2], [9, 18, 10, 19], [11, 17, 12, 16], [13, 23, 14, 22], [15, 1, 16, 24], [17, 5, 18, 4], [19, 8, 20, 9], [21, 13, 22, 12], [23, 15, 24, 14]]"
12a_1036_113,"[[23, 15, 24, 14], [1, 7, 2, 6], [3, 21, 4, 20], [5, 11, 6, 10], [7, 3, 8, 2], [9, 18, 10, 19], [11, 17, 12, 16], [13, 23, 14, 22], [15, 1, 16, 24], [17, 5, 18, 4], [19, 8, 20, 9], [21, 13, 22, 12]]"
12a_1036_114,"[[21, 13, 22, 12], [23, 15, 24, 14], [1, 7, 2, 6], [3, 21, 4, 20], [5, 11, 6, 10], [7, 3, 8, 2], [9, 18, 10, 19], [11, 17, 12, 16], [13, 23, 14, 22], [15, 1, 16, 24], [17, 5, 18, 4], [19, 8, 20, 9]]"
12a_1036_115,"[[19, 8, 20, 9], [21, 13, 22, 12], [23, 15, 24, 14], [1, 7, 2, 6], [3, 21, 4, 20], [5, 11, 6, 10], [7, 3, 8, 2], [9, 18, 10, 19], [11, 17, 12, 16], [13, 23, 14, 22], [15, 1, 16, 24], [17, 5, 18, 4]]"
12a_1036_116,"[[17, 5, 18, 4], [19, 8, 20, 9], [21, 13, 22, 12], [23, 15, 24, 14], [1, 7, 2, 6], [3, 21, 4, 20], [5, 11, 6, 10], [7, 3, 8, 2], [9, 18, 10, 19], [11, 17, 12, 16], [13, 23, 14, 22], [15, 1, 16, 24]]"
12a_1036_117,"[[15, 1, 16, 24], [17, 5, 18, 4], [19, 8, 20, 9], [21, 13, 22, 12], [23, 15, 24, 14], [1, 7, 2, 6], [3, 21, 4, 20], [5, 11, 6, 10], [7, 3, 8, 2], [9, 18, 10, 19], [11, 17, 12, 16], [13, 23, 14, 22]]"
12a_1036_118,"[[13, 23, 14, 22], [15, 1, 16, 24], [17, 5, 18, 4], [19, 8, 20, 9], [21, 13, 22, 12], [23, 15, 24, 14], [1, 7, 2, 6], [3, 21, 4, 20], [5, 11, 6, 10], [7, 3, 8, 2], [9, 18, 10, 19], [11, 17, 12, 16]]"
12a_1036_119,"[[11, 17, 12, 16], [13, 23, 14, 22], [15, 1, 16, 24], [17, 5, 18, 4], [19, 8, 20, 9], [21, 13, 22, 12], [23, 15, 24, 14], [1, 7, 2, 6], [3, 21, 4, 20], [5, 11, 6, 10], [7, 3, 8, 2], [9, 18, 10, 19]]"
12a_1036_120,"[[10, 19, 11, 20], [12, 18, 13, 17], [14, 24, 15, 23], [16, 2, 17, 1], [18, 6, 19, 5], [20, 9, 21, 10], [22, 14, 23, 13], [24, 16, 1, 15], [2, 8, 3, 7], [4, 22, 5, 21], [6, 12, 7, 11], [8, 4, 9, 3]]"
12a_1036_121,"[[8, 4, 9, 3], [10, 19, 11, 20], [12, 18, 13, 17], [14, 24, 15, 23], [16, 2, 17, 1], [18, 6, 19, 5], [20, 9, 21, 10], [22, 14, 23, 13], [24, 16, 1, 15], [2, 8, 3, 7], [4, 22, 5, 21], [6, 12, 7, 11]]"
12a_1036_122,"[[6, 12, 7, 11], [8, 4, 9, 3], [10, 19, 11, 20], [12, 18, 13, 17], [14, 24, 15, 23], [16, 2, 17, 1], [18, 6, 19, 5], [20, 9, 21, 10], [22, 14, 23, 13], [24, 16, 1, 15], [2, 8, 3, 7], [4, 22, 5, 21]]"
12a_1036_123,"[[4, 22, 5, 21], [6, 12, 7, 11], [8, 4, 9, 3], [10, 19, 11, 20], [12, 18, 13, 17], [14, 24, 15, 23], [16, 2, 17, 1], [18, 6, 19, 5], [20, 9, 21, 10], [22, 14, 23, 13], [24, 16, 1, 15], [2, 8, 3, 7]]"
12a_1036_124,"[[2, 8, 3, 7], [4, 22, 5, 21], [6, 12, 7, 11], [8, 4, 9, 3], [10, 19, 11, 20], [12, 18, 13, 17], [14, 24, 15, 23], [16, 2, 17, 1], [18, 6, 19, 5], [20, 9, 21, 10], [22, 14, 23, 13], [24, 16, 1, 15]]"
12a_1036_125,"[[24, 16, 1, 15], [2, 8, 3, 7], [4, 22, 5, 21], [6, 12, 7, 11], [8, 4, 9, 3], [10, 19, 11, 20], [12, 18, 13, 17], [14, 24, 15, 23], [16, 2, 17, 1], [18, 6, 19, 5], [20, 9, 21, 10], [22, 14, 23, 13]]"
12a_1036_126,"[[22, 14, 23, 13], [24, 16, 1, 15], [2, 8, 3, 7], [4, 22, 5, 21], [6, 12, 7, 11], [8, 4, 9, 3], [10, 19, 11, 20], [12, 18, 13, 17], [14, 24, 15, 23], [16, 2, 17, 1], [18, 6, 19, 5], [20, 9, 21, 10]]"
12a_1036_127,"[[20, 9, 21, 10], [22, 14, 23, 13], [24, 16, 1, 15], [2, 8, 3, 7], [4, 22, 5, 21], [6, 12, 7, 11], [8, 4, 9, 3], [10, 19, 11, 20], [12, 18, 13, 17], [14, 24, 15, 23], [16, 2, 17, 1], [18, 6, 19, 5]]"
12a_1036_128,"[[18, 6, 19, 5], [20, 9, 21, 10], [22, 14, 23, 13], [24, 16, 1, 15], [2, 8, 3, 7], [4, 22, 5, 21], [6, 12, 7, 11], [8, 4, 9, 3], [10, 19, 11, 20], [12, 18, 13, 17], [14, 24, 15, 23], [16, 2, 17, 1]]"
12a_1036_129,"[[16, 2, 17, 1], [18, 6, 19, 5], [20, 9, 21, 10], [22, 14, 23, 13], [24, 16, 1, 15], [2, 8, 3, 7], [4, 22, 5, 21], [6, 12, 7, 11], [8, 4, 9, 3], [10, 19, 11, 20], [12, 18, 13, 17], [14, 24, 15, 23]]"
12a_1036_130,"[[14, 24, 15, 23], [16, 2, 17, 1], [18, 6, 19, 5], [20, 9, 21, 10], [22, 14, 23, 13], [24, 16, 1, 15], [2, 8, 3, 7], [4, 22, 5, 21], [6, 12, 7, 11], [8, 4, 9, 3], [10, 19, 11, 20], [12, 18, 13, 17]]"
12a_1036_131,"[[12, 18, 13, 17], [14, 24, 15, 23], [16, 2, 17, 1], [18, 6, 19, 5], [20, 9, 21, 10], [22, 14, 23, 13], [24, 16, 1, 15], [2, 8, 3, 7], [4, 22, 5, 21], [6, 12, 7, 11], [8, 4, 9, 3], [10, 19, 11, 20]]"
12a_1036_132,"[[11, 20, 12, 21], [13, 19, 14, 18], [15, 1, 16, 24], [17, 3, 18, 2], [19, 7, 20, 6], [21, 10, 22, 11], [23, 15, 24, 14], [1, 17, 2, 16], [3, 9, 4, 8], [5, 23, 6, 22], [7, 13, 8, 12], [9, 5, 10, 4]]"
12a_1036_133,"[[9, 5, 10, 4], [11, 20, 12, 21], [13, 19, 14, 18], [15, 1, 16, 24], [17, 3, 18, 2], [19, 7, 20, 6], [21, 10, 22, 11], [23, 15, 24, 14], [1, 17, 2, 16], [3, 9, 4, 8], [5, 23, 6, 22], [7, 13, 8, 12]]"
12a_1036_134,"[[7, 13, 8, 12], [9, 5, 10, 4], [11, 20, 12, 21], [13, 19, 14, 18], [15, 1, 16, 24], [17, 3, 18, 2], [19, 7, 20, 6], [21, 10, 22, 11], [23, 15, 24, 14], [1, 17, 2, 16], [3, 9, 4, 8], [5, 23, 6, 22]]"
12a_1036_135,"[[5, 23, 6, 22], [7, 13, 8, 12], [9, 5, 10, 4], [11, 20, 12, 21], [13, 19, 14, 18], [15, 1, 16, 24], [17, 3, 18, 2], [19, 7, 20, 6], [21, 10, 22, 11], [23, 15, 24, 14], [1, 17, 2, 16], [3, 9, 4, 8]]"
12a_1036_136,"[[3, 9, 4, 8], [5, 23, 6, 22], [7, 13, 8, 12], [9, 5, 10, 4], [11, 20, 12, 21], [13, 19, 14, 18], [15, 1, 16, 24], [17, 3, 18, 2], [19, 7, 20, 6], [21, 10, 22, 11], [23, 15, 24, 14], [1, 17, 2, 16]]"
12a_1036_137,"[[1, 17, 2, 16], [3, 9, 4, 8], [5, 23, 6, 22], [7, 13, 8, 12], [9, 5, 10, 4], [11, 20, 12, 21], [13, 19, 14, 18], [15, 1, 16, 24], [17, 3, 18, 2], [19, 7, 20, 6], [21, 10, 22, 11], [23, 15, 24, 14]]"
12a_1036_138,"[[23, 15, 24, 14], [1, 17, 2, 16], [3, 9, 4, 8], [5, 23, 6, 22], [7, 13, 8, 12], [9, 5, 10, 4], [11, 20, 12, 21], [13, 19, 14, 18], [15, 1, 16, 24], [17, 3, 18, 2], [19, 7, 20, 6], [21, 10, 22, 11]]"
12a_1036_139,"[[21, 10, 22, 11], [23, 15, 24, 14], [1, 17, 2, 16], [3, 9, 4, 8], [5, 23, 6, 22], [7, 13, 8, 12], [9, 5, 10, 4], [11, 20, 12, 21], [13, 19, 14, 18], [15, 1, 16, 24], [17, 3, 18, 2], [19, 7, 20, 6]]"
12a_1036_140,"[[19, 7, 20, 6], [21, 10, 22, 11], [23, 15, 24, 14], [1, 17, 2, 16], [3, 9, 4, 8], [5, 23, 6, 22], [7, 13, 8, 12], [9, 5, 10, 4], [11, 20, 12, 21], [13, 19, 14, 18], [15, 1, 16, 24], [17, 3, 18, 2]]"
12a_1036_141,"[[17, 3, 18, 2], [19, 7, 20, 6], [21, 10, 22, 11], [23, 15, 24, 14], [1, 17, 2, 16], [3, 9, 4, 8], [5, 23, 6, 22], [7, 13, 8, 12], [9, 5, 10, 4], [11, 20, 12, 21], [13, 19, 14, 18], [15, 1, 16, 24]]"
12a_1036_142,"[[15, 1, 16, 24], [17, 3, 18, 2], [19, 7, 20, 6], [21, 10, 22, 11], [23, 15, 24, 14], [1, 17, 2, 16], [3, 9, 4, 8], [5, 23, 6, 22], [7, 13, 8, 12], [9, 5, 10, 4], [11, 20, 12, 21], [13, 19, 14, 18]]"
12a_1036_143,"[[13, 19, 14, 18], [15, 1, 16, 24], [17, 3, 18, 2], [19, 7, 20, 6], [21, 10, 22, 11], [23, 15, 24, 14], [1, 17, 2, 16], [3, 9, 4, 8], [5, 23, 6, 22], [7, 13, 8, 12], [9, 5, 10, 4], [11, 20, 12, 21]]"
12a_1036_144,"[[12, 21, 13, 22], [14, 20, 15, 19], [16, 2, 17, 1], [18, 4, 19, 3], [20, 8, 21, 7], [22, 11, 23, 12], [24, 16, 1, 15], [2, 18, 3, 17], [4, 10, 5, 9], [6, 24, 7, 23], [8, 14, 9, 13], [10, 6, 11, 5]]"
12a_1036_145,"[[10, 6, 11, 5], [12, 21, 13, 22], [14, 20, 15, 19], [16, 2, 17, 1], [18, 4, 19, 3], [20, 8, 21, 7], [22, 11, 23, 12], [24, 16, 1, 15], [2, 18, 3, 17], [4, 10, 5, 9], [6, 24, 7, 23], [8, 14, 9, 13]]"
12a_1036_146,"[[8, 14, 9, 13], [10, 6, 11, 5], [12, 21, 13, 22], [14, 20, 15, 19], [16, 2, 17, 1], [18, 4, 19, 3], [20, 8, 21, 7], [22, 11, 23, 12], [24, 16, 1, 15], [2, 18, 3, 17], [4, 10, 5, 9], [6, 24, 7, 23]]"
12a_1036_147,"[[6, 24, 7, 23], [8, 14, 9, 13], [10, 6, 11, 5], [12, 21, 13, 22], [14, 20, 15, 19], [16, 2, 17, 1], [18, 4, 19, 3], [20, 8, 21, 7], [22, 11, 23, 12], [24, 16, 1, 15], [2, 18, 3, 17], [4, 10, 5, 9]]"
12a_1036_148,"[[4, 10, 5, 9], [6, 24, 7, 23], [8, 14, 9, 13], [10, 6, 11, 5], [12, 21, 13, 22], [14, 20, 15, 19], [16, 2, 17, 1], [18, 4, 19, 3], [20, 8, 21, 7], [22, 11, 23, 12], [24, 16, 1, 15], [2, 18, 3, 17]]"
12a_1036_149,"[[2, 18, 3, 17], [4, 10, 5, 9], [6, 24, 7, 23], [8, 14, 9, 13], [10, 6, 11, 5], [12, 21, 13, 22], [14, 20, 15, 19], [16, 2, 17, 1], [18, 4, 19, 3], [20, 8, 21, 7], [22, 11, 23, 12], [24, 16, 1, 15]]"
12a_1036_150,"[[24, 16, 1, 15], [2, 18, 3, 17], [4, 10, 5, 9], [6, 24, 7, 23], [8, 14, 9, 13], [10, 6, 11, 5], [12, 21, 13, 22], [14, 20, 15, 19], [16, 2, 17, 1], [18, 4, 19, 3], [20, 8, 21, 7], [22, 11, 23, 12]]"
12a_1036_151,"[[22, 11, 23, 12], [24, 16, 1, 15], [2, 18, 3, 17], [4, 10, 5, 9], [6, 24, 7, 23], [8, 14, 9, 13], [10, 6, 11, 5], [12, 21, 13, 22], [14, 20, 15, 19], [16, 2, 17, 1], [18, 4, 19, 3], [20, 8, 21, 7]]"
12a_1036_152,"[[20, 8, 21, 7], [22, 11, 23, 12], [24, 16, 1, 15], [2, 18, 3, 17], [4, 10, 5, 9], [6, 24, 7, 23], [8, 14, 9, 13], [10, 6, 11, 5], [12, 21, 13, 22], [14, 20, 15, 19], [16, 2, 17, 1], [18, 4, 19, 3]]"
12a_1036_153,"[[18, 4, 19, 3], [20, 8, 21, 7], [22, 11, 23, 12], [24, 16, 1, 15], [2, 18, 3, 17], [4, 10, 5, 9], [6, 24, 7, 23], [8, 14, 9, 13], [10, 6, 11, 5], [12, 21, 13, 22], [14, 20, 15, 19], [16, 2, 17, 1]]"
12a_1036_154,"[[16, 2, 17, 1], [18, 4, 19, 3], [20, 8, 21, 7], [22, 11, 23, 12], [24, 16, 1, 15], [2, 18, 3, 17], [4, 10, 5, 9], [6, 24, 7, 23], [8, 14, 9, 13], [10, 6, 11, 5], [12, 21, 13, 22], [14, 20, 15, 19]]"
12a_1036_155,"[[14, 20, 15, 19], [16, 2, 17, 1], [18, 4, 19, 3], [20, 8, 21, 7], [22, 11, 23, 12], [24, 16, 1, 15], [2, 18, 3, 17], [4, 10, 5, 9], [6, 24, 7, 23], [8, 14, 9, 13], [10, 6, 11, 5], [12, 21, 13, 22]]"
12a_1036_156,"[[13, 22, 14, 23], [15, 21, 16, 20], [17, 3, 18, 2], [19, 5, 20, 4], [21, 9, 22, 8], [23, 12, 24, 13], [1, 17, 2, 16], [3, 19, 4, 18], [5, 11, 6, 10], [7, 1, 8, 24], [9, 15, 10, 14], [11, 7, 12, 6]]"
12a_1036_157,"[[11, 7, 12, 6], [13, 22, 14, 23], [15, 21, 16, 20], [17, 3, 18, 2], [19, 5, 20, 4], [21, 9, 22, 8], [23, 12, 24, 13], [1, 17, 2, 16], [3, 19, 4, 18], [5, 11, 6, 10], [7, 1, 8, 24], [9, 15, 10, 14]]"
12a_1036_158,"[[9, 15, 10, 14], [11, 7, 12, 6], [13, 22, 14, 23], [15, 21, 16, 20], [17, 3, 18, 2], [19, 5, 20, 4], [21, 9, 22, 8], [23, 12, 24, 13], [1, 17, 2, 16], [3, 19, 4, 18], [5, 11, 6, 10], [7, 1, 8, 24]]"
12a_1036_159,"[[7, 1, 8, 24], [9, 15, 10, 14], [11, 7, 12, 6], [13, 22, 14, 23], [15, 21, 16, 20], [17, 3, 18, 2], [19, 5, 20, 4], [21, 9, 22, 8], [23, 12, 24, 13], [1, 17, 2, 16], [3, 19, 4, 18], [5, 11, 6, 10]]"
12a_1036_160,"[[5, 11, 6, 10], [7, 1, 8, 24], [9, 15, 10, 14], [11, 7, 12, 6], [13, 22, 14, 23], [15, 21, 16, 20], [17, 3, 18, 2], [19, 5, 20, 4], [21, 9, 22, 8], [23, 12, 24, 13], [1, 17, 2, 16], [3, 19, 4, 18]]"
12a_1036_161,"[[3, 19, 4, 18], [5, 11, 6, 10], [7, 1, 8, 24], [9, 15, 10, 14], [11, 7, 12, 6], [13, 22, 14, 23], [15, 21, 16, 20], [17, 3, 18, 2], [19, 5, 20, 4], [21, 9, 22, 8], [23, 12, 24, 13], [1, 17, 2, 16]]"
12a_1036_162,"[[1, 17, 2, 16], [3, 19, 4, 18], [5, 11, 6, 10], [7, 1, 8, 24], [9, 15, 10, 14], [11, 7, 12, 6], [13, 22, 14, 23], [15, 21, 16, 20], [17, 3, 18, 2], [19, 5, 20, 4], [21, 9, 22, 8], [23, 12, 24, 13]]"
12a_1036_163,"[[23, 12, 24, 13], [1, 17, 2, 16], [3, 19, 4, 18], [5, 11, 6, 10], [7, 1, 8, 24], [9, 15, 10, 14], [11, 7, 12, 6], [13, 22, 14, 23], [15, 21, 16, 20], [17, 3, 18, 2], [19, 5, 20, 4], [21, 9, 22, 8]]"
12a_1036_164,"[[21, 9, 22, 8], [23, 12, 24, 13], [1, 17, 2, 16], [3, 19, 4, 18], [5, 11, 6, 10], [7, 1, 8, 24], [9, 15, 10, 14], [11, 7, 12, 6], [13, 22, 14, 23], [15, 21, 16, 20], [17, 3, 18, 2], [19, 5, 20, 4]]"
12a_1036_165,"[[19, 5, 20, 4], [21, 9, 22, 8], [23, 12, 24, 13], [1, 17, 2, 16], [3, 19, 4, 18], [5, 11, 6, 10], [7, 1, 8, 24], [9, 15, 10, 14], [11, 7, 12, 6], [13, 22, 14, 23], [15, 21, 16, 20], [17, 3, 18, 2]]"
12a_1036_166,"[[17, 3, 18, 2], [19, 5, 20, 4], [21, 9, 22, 8], [23, 12, 24, 13], [1, 17, 2, 16], [3, 19, 4, 18], [5, 11, 6, 10], [7, 1, 8, 24], [9, 15, 10, 14], [11, 7, 12, 6], [13, 22, 14, 23], [15, 21, 16, 20]]"
12a_1036_167,"[[15, 21, 16, 20], [17, 3, 18, 2], [19, 5, 20, 4], [21, 9, 22, 8], [23, 12, 24, 13], [1, 17, 2, 16], [3, 19, 4, 18], [5, 11, 6, 10], [7, 1, 8, 24], [9, 15, 10, 14], [11, 7, 12, 6], [13, 22, 14, 23]]"
12a_1036_168,"[[14, 23, 15, 24], [16, 22, 17, 21], [18, 4, 19, 3], [20, 6, 21, 5], [22, 10, 23, 9], [24, 13, 1, 14], [2, 18, 3, 17], [4, 20, 5, 19], [6, 12, 7, 11], [8, 2, 9, 1], [10, 16, 11, 15], [12, 8, 13, 7]]"
12a_1036_169,"[[12, 8, 13, 7], [14, 23, 15, 24], [16, 22, 17, 21], [18, 4, 19, 3], [20, 6, 21, 5], [22, 10, 23, 9], [24, 13, 1, 14], [2, 18, 3, 17], [4, 20, 5, 19], [6, 12, 7, 11], [8, 2, 9, 1], [10, 16, 11, 15]]"
12a_1036_170,"[[10, 16, 11, 15], [12, 8, 13, 7], [14, 23, 15, 24], [16, 22, 17, 21], [18, 4, 19, 3], [20, 6, 21, 5], [22, 10, 23, 9], [24, 13, 1, 14], [2, 18, 3, 17], [4, 20, 5, 19], [6, 12, 7, 11], [8, 2, 9, 1]]"
12a_1036_171,"[[8, 2, 9, 1], [10, 16, 11, 15], [12, 8, 13, 7], [14, 23, 15, 24], [16, 22, 17, 21], [18, 4, 19, 3], [20, 6, 21, 5], [22, 10, 23, 9], [24, 13, 1, 14], [2, 18, 3, 17], [4, 20, 5, 19], [6, 12, 7, 11]]"
12a_1036_172,"[[6, 12, 7, 11], [8, 2, 9, 1], [10, 16, 11, 15], [12, 8, 13, 7], [14, 23, 15, 24], [16, 22, 17, 21], [18, 4, 19, 3], [20, 6, 21, 5], [22, 10, 23, 9], [24, 13, 1, 14], [2, 18, 3, 17], [4, 20, 5, 19]]"
12a_1036_173,"[[4, 20, 5, 19], [6, 12, 7, 11], [8, 2, 9, 1], [10, 16, 11, 15], [12, 8, 13, 7], [14, 23, 15, 24], [16, 22, 17, 21], [18, 4, 19, 3], [20, 6, 21, 5], [22, 10, 23, 9], [24, 13, 1, 14], [2, 18, 3, 17]]"
12a_1036_174,"[[2, 18, 3, 17], [4, 20, 5, 19], [6, 12, 7, 11], [8, 2, 9, 1], [10, 16, 11, 15], [12, 8, 13, 7], [14, 23, 15, 24], [16, 22, 17, 21], [18, 4, 19, 3], [20, 6, 21, 5], [22, 10, 23, 9], [24, 13, 1, 14]]"
12a_1036_175,"[[24, 13, 1, 14], [2, 18, 3, 17], [4, 20, 5, 19], [6, 12, 7, 11], [8, 2, 9, 1], [10, 16, 11, 15], [12, 8, 13, 7], [14, 23, 15, 24], [16, 22, 17, 21], [18, 4, 19, 3], [20, 6, 21, 5], [22, 10, 23, 9]]"
12a_1036_176,"[[22, 10, 23, 9], [24, 13, 1, 14], [2, 18, 3, 17], [4, 20, 5, 19], [6, 12, 7, 11], [8, 2, 9, 1], [10, 16, 11, 15], [12, 8, 13, 7], [14, 23, 15, 24], [16, 22, 17, 21], [18, 4, 19, 3], [20, 6, 21, 5]]"
12a_1036_177,"[[20, 6, 21, 5], [22, 10, 23, 9], [24, 13, 1, 14], [2, 18, 3, 17], [4, 20, 5, 19], [6, 12, 7, 11], [8, 2, 9, 1], [10, 16, 11, 15], [12, 8, 13, 7], [14, 23, 15, 24], [16, 22, 17, 21], [18, 4, 19, 3]]"
12a_1036_178,"[[18, 4, 19, 3], [20, 6, 21, 5], [22, 10, 23, 9], [24, 13, 1, 14], [2, 18, 3, 17], [4, 20, 5, 19], [6, 12, 7, 11], [8, 2, 9, 1], [10, 16, 11, 15], [12, 8, 13, 7], [14, 23, 15, 24], [16, 22, 17, 21]]"
12a_1036_179,"[[16, 22, 17, 21], [18, 4, 19, 3], [20, 6, 21, 5], [22, 10, 23, 9], [24, 13, 1, 14], [2, 18, 3, 17], [4, 20, 5, 19], [6, 12, 7, 11], [8, 2, 9, 1], [10, 16, 11, 15], [12, 8, 13, 7], [14, 23, 15, 24]]"
12a_1036_180,"[[15, 24, 16, 1], [17, 23, 18, 22], [19, 5, 20, 4], [21, 7, 22, 6], [23, 11, 24, 10], [1, 14, 2, 15], [3, 19, 4, 18], [5, 21, 6, 20], [7, 13, 8, 12], [9, 3, 10, 2], [11, 17, 12, 16], [13, 9, 14, 8]]"
12a_1036_181,"[[13, 9, 14, 8], [15, 24, 16, 1], [17, 23, 18, 22], [19, 5, 20, 4], [21, 7, 22, 6], [23, 11, 24, 10], [1, 14, 2, 15], [3, 19, 4, 18], [5, 21, 6, 20], [7, 13, 8, 12], [9, 3, 10, 2], [11, 17, 12, 16]]"
12a_1036_182,"[[11, 17, 12, 16], [13, 9, 14, 8], [15, 24, 16, 1], [17, 23, 18, 22], [19, 5, 20, 4], [21, 7, 22, 6], [23, 11, 24, 10], [1, 14, 2, 15], [3, 19, 4, 18], [5, 21, 6, 20], [7, 13, 8, 12], [9, 3, 10, 2]]"
12a_1036_183,"[[9, 3, 10, 2], [11, 17, 12, 16], [13, 9, 14, 8], [15, 24, 16, 1], [17, 23, 18, 22], [19, 5, 20, 4], [21, 7, 22, 6], [23, 11, 24, 10], [1, 14, 2, 15], [3, 19, 4, 18], [5, 21, 6, 20], [7, 13, 8, 12]]"
12a_1036_184,"[[7, 13, 8, 12], [9, 3, 10, 2], [11, 17, 12, 16], [13, 9, 14, 8], [15, 24, 16, 1], [17, 23, 18, 22], [19, 5, 20, 4], [21, 7, 22, 6], [23, 11, 24, 10], [1, 14, 2, 15], [3, 19, 4, 18], [5, 21, 6, 20]]"
12a_1036_185,"[[5, 21, 6, 20], [7, 13, 8, 12], [9, 3, 10, 2], [11, 17, 12, 16], [13, 9, 14, 8], [15, 24, 16, 1], [17, 23, 18, 22], [19, 5, 20, 4], [21, 7, 22, 6], [23, 11, 24, 10], [1, 14, 2, 15], [3, 19, 4, 18]]"
