name,pd_notation
12a_0606_0,"[[24, 7, 1, 8], [2, 6, 3, 5], [4, 14, 5, 13], [6, 18, 7, 17], [8, 23, 9, 24], [10, 19, 11, 20], [12, 4, 13, 3], [14, 12, 15, 11], [16, 21, 17, 22], [18, 2, 19, 1], [20, 15, 21, 16], [22, 9, 23, 10]]"
12a_0606_1,"[[22, 9, 23, 10], [24, 7, 1, 8], [2, 6, 3, 5], [4, 14, 5, 13], [6, 18, 7, 17], [8, 23, 9, 24], [10, 19, 11, 20], [12, 4, 13, 3], [14, 12, 15, 11], [16, 21, 17, 22], [18, 2, 19, 1], [20, 15, 21, 16]]"
12a_0606_2,"[[20, 15, 21, 16], [22, 9, 23, 10], [24, 7, 1, 8], [2, 6, 3, 5], [4, 14, 5, 13], [6, 18, 7, 17], [8, 23, 9, 24], [10, 19, 11, 20], [12, 4, 13, 3], [14, 12, 15, 11], [16, 21, 17, 22], [18, 2, 19, 1]]"
12a_0606_3,"[[18, 2, 19, 1], [20, 15, 21, 16], [22, 9, 23, 10], [24, 7, 1, 8], [2, 6, 3, 5], [4, 14, 5, 13], [6, 18, 7, 17], [8, 23, 9, 24], [10, 19, 11, 20], [12, 4, 13, 3], [14, 12, 15, 11], [16, 21, 17, 22]]"
12a_0606_4,"[[16, 21, 17, 22], [18, 2, 19, 1], [20, 15, 21, 16], [22, 9, 23, 10], [24, 7, 1, 8], [2, 6, 3, 5], [4, 14, 5, 13], [6, 18, 7, 17], [8, 23, 9, 24], [10, 19, 11, 20], [12, 4, 13, 3], [14, 12, 15, 11]]"
12a_0606_5,"[[14, 12, 15, 11], [16, 21, 17, 22], [18, 2, 19, 1], [20, 15, 21, 16], [22, 9, 23, 10], [24, 7, 1, 8], [2, 6, 3, 5], [4, 14, 5, 13], [6, 18, 7, 17], [8, 23, 9, 24], [10, 19, 11, 20], [12, 4, 13, 3]]"
12a_0606_6,"[[12, 4, 13, 3], [14, 12, 15, 11], [16, 21, 17, 22], [18, 2, 19, 1], [20, 15, 21, 16], [22, 9, 23, 10], [24, 7, 1, 8], [2, 6, 3, 5], [4, 14, 5, 13], [6, 18, 7, 17], [8, 23, 9, 24], [10, 19, 11, 20]]"
12a_0606_7,"[[10, 19, 11, 20], [12, 4, 13, 3], [14, 12, 15, 11], [16, 21, 17, 22], [18, 2, 19, 1], [20, 15, 21, 16], [22, 9, 23, 10], [24, 7, 1, 8], [2, 6, 3, 5], [4, 14, 5, 13], [6, 18, 7, 17], [8, 23, 9, 24]]"
12a_0606_8,"[[8, 23, 9, 24], [10, 19, 11, 20], [12, 4, 13, 3], [14, 12, 15, 11], [16, 21, 17, 22], [18, 2, 19, 1], [20, 15, 21, 16], [22, 9, 23, 10], [24, 7, 1, 8], [2, 6, 3, 5], [4, 14, 5, 13], [6, 18, 7, 17]]"
12a_0606_9,"[[6, 18, 7, 17], [8, 23, 9, 24], [10, 19, 11, 20], [12, 4, 13, 3], [14, 12, 15, 11], [16, 21, 17, 22], [18, 2, 19, 1], [20, 15, 21, 16], [22, 9, 23, 10], [24, 7, 1, 8], [2, 6, 3, 5], [4, 14, 5, 13]]"
12a_0606_10,"[[4, 14, 5, 13], [6, 18, 7, 17], [8, 23, 9, 24], [10, 19, 11, 20], [12, 4, 13, 3], [14, 12, 15, 11], [16, 21, 17, 22], [18, 2, 19, 1], [20, 15, 21, 16], [22, 9, 23, 10], [24, 7, 1, 8], [2, 6, 3, 5]]"
12a_0606_11,"[[2, 6, 3, 5], [4, 14, 5, 13], [6, 18, 7, 17], [8, 23, 9, 24], [10, 19, 11, 20], [12, 4, 13, 3], [14, 12, 15, 11], [16, 21, 17, 22], [18, 2, 19, 1], [20, 15, 21, 16], [22, 9, 23, 10], [24, 7, 1, 8]]"
12a_0606_12,"[[1, 8, 2, 9], [3, 7, 4, 6], [5, 15, 6, 14], [7, 19, 8, 18], [9, 24, 10, 1], [11, 20, 12, 21], [13, 5, 14, 4], [15, 13, 16, 12], [17, 22, 18, 23], [19, 3, 20, 2], [21, 16, 22, 17], [23, 10, 24, 11]]"
12a_0606_13,"[[23, 10, 24, 11], [1, 8, 2, 9], [3, 7, 4, 6], [5, 15, 6, 14], [7, 19, 8, 18], [9, 24, 10, 1], [11, 20, 12, 21], [13, 5, 14, 4], [15, 13, 16, 12], [17, 22, 18, 23], [19, 3, 20, 2], [21, 16, 22, 17]]"
12a_0606_14,"[[21, 16, 22, 17], [23, 10, 24, 11], [1, 8, 2, 9], [3, 7, 4, 6], [5, 15, 6, 14], [7, 19, 8, 18], [9, 24, 10, 1], [11, 20, 12, 21], [13, 5, 14, 4], [15, 13, 16, 12], [17, 22, 18, 23], [19, 3, 20, 2]]"
12a_0606_15,"[[19, 3, 20, 2], [21, 16, 22, 17], [23, 10, 24, 11], [1, 8, 2, 9], [3, 7, 4, 6], [5, 15, 6, 14], [7, 19, 8, 18], [9, 24, 10, 1], [11, 20, 12, 21], [13, 5, 14, 4], [15, 13, 16, 12], [17, 22, 18, 23]]"
12a_0606_16,"[[17, 22, 18, 23], [19, 3, 20, 2], [21, 16, 22, 17], [23, 10, 24, 11], [1, 8, 2, 9], [3, 7, 4, 6], [5, 15, 6, 14], [7, 19, 8, 18], [9, 24, 10, 1], [11, 20, 12, 21], [13, 5, 14, 4], [15, 13, 16, 12]]"
12a_0606_17,"[[15, 13, 16, 12], [17, 22, 18, 23], [19, 3, 20, 2], [21, 16, 22, 17], [23, 10, 24, 11], [1, 8, 2, 9], [3, 7, 4, 6], [5, 15, 6, 14], [7, 19, 8, 18], [9, 24, 10, 1], [11, 20, 12, 21], [13, 5, 14, 4]]"
12a_0606_18,"[[13, 5, 14, 4], [15, 13, 16, 12], [17, 22, 18, 23], [19, 3, 20, 2], [21, 16, 22, 17], [23, 10, 24, 11], [1, 8, 2, 9], [3, 7, 4, 6], [5, 15, 6, 14], [7, 19, 8, 18], [9, 24, 10, 1], [11, 20, 12, 21]]"
12a_0606_19,"[[11, 20, 12, 21], [13, 5, 14, 4], [15, 13, 16, 12], [17, 22, 18, 23], [19, 3, 20, 2], [21, 16, 22, 17], [23, 10, 24, 11], [1, 8, 2, 9], [3, 7, 4, 6], [5, 15, 6, 14], [7, 19, 8, 18], [9, 24, 10, 1]]"
12a_0606_20,"[[9, 24, 10, 1], [11, 20, 12, 21], [13, 5, 14, 4], [15, 13, 16, 12], [17, 22, 18, 23], [19, 3, 20, 2], [21, 16, 22, 17], [23, 10, 24, 11], [1, 8, 2, 9], [3, 7, 4, 6], [5, 15, 6, 14], [7, 19, 8, 18]]"
12a_0606_21,"[[7, 19, 8, 18], [9, 24, 10, 1], [11, 20, 12, 21], [13, 5, 14, 4], [15, 13, 16, 12], [17, 22, 18, 23], [19, 3, 20, 2], [21, 16, 22, 17], [23, 10, 24, 11], [1, 8, 2, 9], [3, 7, 4, 6], [5, 15, 6, 14]]"
12a_0606_22,"[[5, 15, 6, 14], [7, 19, 8, 18], [9, 24, 10, 1], [11, 20, 12, 21], [13, 5, 14, 4], [15, 13, 16, 12], [17, 22, 18, 23], [19, 3, 20, 2], [21, 16, 22, 17], [23, 10, 24, 11], [1, 8, 2, 9], [3, 7, 4, 6]]"
12a_0606_23,"[[3, 7, 4, 6], [5, 15, 6, 14], [7, 19, 8, 18], [9, 24, 10, 1], [11, 20, 12, 21], [13, 5, 14, 4], [15, 13, 16, 12], [17, 22, 18, 23], [19, 3, 20, 2], [21, 16, 22, 17], [23, 10, 24, 11], [1, 8, 2, 9]]"
12a_0606_24,"[[2, 9, 3, 10], [4, 8, 5, 7], [6, 16, 7, 15], [8, 20, 9, 19], [10, 1, 11, 2], [12, 21, 13, 22], [14, 6, 15, 5], [16, 14, 17, 13], [18, 23, 19, 24], [20, 4, 21, 3], [22, 17, 23, 18], [24, 11, 1, 12]]"
12a_0606_25,"[[24, 11, 1, 12], [2, 9, 3, 10], [4, 8, 5, 7], [6, 16, 7, 15], [8, 20, 9, 19], [10, 1, 11, 2], [12, 21, 13, 22], [14, 6, 15, 5], [16, 14, 17, 13], [18, 23, 19, 24], [20, 4, 21, 3], [22, 17, 23, 18]]"
12a_0606_26,"[[22, 17, 23, 18], [24, 11, 1, 12], [2, 9, 3, 10], [4, 8, 5, 7], [6, 16, 7, 15], [8, 20, 9, 19], [10, 1, 11, 2], [12, 21, 13, 22], [14, 6, 15, 5], [16, 14, 17, 13], [18, 23, 19, 24], [20, 4, 21, 3]]"
12a_0606_27,"[[20, 4, 21, 3], [22, 17, 23, 18], [24, 11, 1, 12], [2, 9, 3, 10], [4, 8, 5, 7], [6, 16, 7, 15], [8, 20, 9, 19], [10, 1, 11, 2], [12, 21, 13, 22], [14, 6, 15, 5], [16, 14, 17, 13], [18, 23, 19, 24]]"
12a_0606_28,"[[18, 23, 19, 24], [20, 4, 21, 3], [22, 17, 23, 18], [24, 11, 1, 12], [2, 9, 3, 10], [4, 8, 5, 7], [6, 16, 7, 15], [8, 20, 9, 19], [10, 1, 11, 2], [12, 21, 13, 22], [14, 6, 15, 5], [16, 14, 17, 13]]"
12a_0606_29,"[[16, 14, 17, 13], [18, 23, 19, 24], [20, 4, 21, 3], [22, 17, 23, 18], [24, 11, 1, 12], [2, 9, 3, 10], [4, 8, 5, 7], [6, 16, 7, 15], [8, 20, 9, 19], [10, 1, 11, 2], [12, 21, 13, 22], [14, 6, 15, 5]]"
12a_0606_30,"[[14, 6, 15, 5], [16, 14, 17, 13], [18, 23, 19, 24], [20, 4, 21, 3], [22, 17, 23, 18], [24, 11, 1, 12], [2, 9, 3, 10], [4, 8, 5, 7], [6, 16, 7, 15], [8, 20, 9, 19], [10, 1, 11, 2], [12, 21, 13, 22]]"
12a_0606_31,"[[12, 21, 13, 22], [14, 6, 15, 5], [16, 14, 17, 13], [18, 23, 19, 24], [20, 4, 21, 3], [22, 17, 23, 18], [24, 11, 1, 12], [2, 9, 3, 10], [4, 8, 5, 7], [6, 16, 7, 15], [8, 20, 9, 19], [10, 1, 11, 2]]"
12a_0606_32,"[[10, 1, 11, 2], [12, 21, 13, 22], [14, 6, 15, 5], [16, 14, 17, 13], [18, 23, 19, 24], [20, 4, 21, 3], [22, 17, 23, 18], [24, 11, 1, 12], [2, 9, 3, 10], [4, 8, 5, 7], [6, 16, 7, 15], [8, 20, 9, 19]]"
12a_0606_33,"[[8, 20, 9, 19], [10, 1, 11, 2], [12, 21, 13, 22], [14, 6, 15, 5], [16, 14, 17, 13], [18, 23, 19, 24], [20, 4, 21, 3], [22, 17, 23, 18], [24, 11, 1, 12], [2, 9, 3, 10], [4, 8, 5, 7], [6, 16, 7, 15]]"
12a_0606_34,"[[6, 16, 7, 15], [8, 20, 9, 19], [10, 1, 11, 2], [12, 21, 13, 22], [14, 6, 15, 5], [16, 14, 17, 13], [18, 23, 19, 24], [20, 4, 21, 3], [22, 17, 23, 18], [24, 11, 1, 12], [2, 9, 3, 10], [4, 8, 5, 7]]"
12a_0606_35,"[[4, 8, 5, 7], [6, 16, 7, 15], [8, 20, 9, 19], [10, 1, 11, 2], [12, 21, 13, 22], [14, 6, 15, 5], [16, 14, 17, 13], [18, 23, 19, 24], [20, 4, 21, 3], [22, 17, 23, 18], [24, 11, 1, 12], [2, 9, 3, 10]]"
12a_0606_36,"[[3, 10, 4, 11], [5, 9, 6, 8], [7, 17, 8, 16], [9, 21, 10, 20], [11, 2, 12, 3], [13, 22, 14, 23], [15, 7, 16, 6], [17, 15, 18, 14], [19, 24, 20, 1], [21, 5, 22, 4], [23, 18, 24, 19], [1, 12, 2, 13]]"
12a_0606_37,"[[1, 12, 2, 13], [3, 10, 4, 11], [5, 9, 6, 8], [7, 17, 8, 16], [9, 21, 10, 20], [11, 2, 12, 3], [13, 22, 14, 23], [15, 7, 16, 6], [17, 15, 18, 14], [19, 24, 20, 1], [21, 5, 22, 4], [23, 18, 24, 19]]"
12a_0606_38,"[[23, 18, 24, 19], [1, 12, 2, 13], [3, 10, 4, 11], [5, 9, 6, 8], [7, 17, 8, 16], [9, 21, 10, 20], [11, 2, 12, 3], [13, 22, 14, 23], [15, 7, 16, 6], [17, 15, 18, 14], [19, 24, 20, 1], [21, 5, 22, 4]]"
12a_0606_39,"[[21, 5, 22, 4], [23, 18, 24, 19], [1, 12, 2, 13], [3, 10, 4, 11], [5, 9, 6, 8], [7, 17, 8, 16], [9, 21, 10, 20], [11, 2, 12, 3], [13, 22, 14, 23], [15, 7, 16, 6], [17, 15, 18, 14], [19, 24, 20, 1]]"
12a_0606_40,"[[19, 24, 20, 1], [21, 5, 22, 4], [23, 18, 24, 19], [1, 12, 2, 13], [3, 10, 4, 11], [5, 9, 6, 8], [7, 17, 8, 16], [9, 21, 10, 20], [11, 2, 12, 3], [13, 22, 14, 23], [15, 7, 16, 6], [17, 15, 18, 14]]"
12a_0606_41,"[[17, 15, 18, 14], [19, 24, 20, 1], [21, 5, 22, 4], [23, 18, 24, 19], [1, 12, 2, 13], [3, 10, 4, 11], [5, 9, 6, 8], [7, 17, 8, 16], [9, 21, 10, 20], [11, 2, 12, 3], [13, 22, 14, 23], [15, 7, 16, 6]]"
12a_0606_42,"[[15, 7, 16, 6], [17, 15, 18, 14], [19, 24, 20, 1], [21, 5, 22, 4], [23, 18, 24, 19], [1, 12, 2, 13], [3, 10, 4, 11], [5, 9, 6, 8], [7, 17, 8, 16], [9, 21, 10, 20], [11, 2, 12, 3], [13, 22, 14, 23]]"
12a_0606_43,"[[13, 22, 14, 23], [15, 7, 16, 6], [17, 15, 18, 14], [19, 24, 20, 1], [21, 5, 22, 4], [23, 18, 24, 19], [1, 12, 2, 13], [3, 10, 4, 11], [5, 9, 6, 8], [7, 17, 8, 16], [9, 21, 10, 20], [11, 2, 12, 3]]"
12a_0606_44,"[[11, 2, 12, 3], [13, 22, 14, 23], [15, 7, 16, 6], [17, 15, 18, 14], [19, 24, 20, 1], [21, 5, 22, 4], [23, 18, 24, 19], [1, 12, 2, 13], [3, 10, 4, 11], [5, 9, 6, 8], [7, 17, 8, 16], [9, 21, 10, 20]]"
12a_0606_45,"[[9, 21, 10, 20], [11, 2, 12, 3], [13, 22, 14, 23], [15, 7, 16, 6], [17, 15, 18, 14], [19, 24, 20, 1], [21, 5, 22, 4], [23, 18, 24, 19], [1, 12, 2, 13], [3, 10, 4, 11], [5, 9, 6, 8], [7, 17, 8, 16]]"
12a_0606_46,"[[7, 17, 8, 16], [9, 21, 10, 20], [11, 2, 12, 3], [13, 22, 14, 23], [15, 7, 16, 6], [17, 15, 18, 14], [19, 24, 20, 1], [21, 5, 22, 4], [23, 18, 24, 19], [1, 12, 2, 13], [3, 10, 4, 11], [5, 9, 6, 8]]"
12a_0606_47,"[[5, 9, 6, 8], [7, 17, 8, 16], [9, 21, 10, 20], [11, 2, 12, 3], [13, 22, 14, 23], [15, 7, 16, 6], [17, 15, 18, 14], [19, 24, 20, 1], [21, 5, 22, 4], [23, 18, 24, 19], [1, 12, 2, 13], [3, 10, 4, 11]]"
12a_0606_48,"[[4, 11, 5, 12], [6, 10, 7, 9], [8, 18, 9, 17], [10, 22, 11, 21], [12, 3, 13, 4], [14, 23, 15, 24], [16, 8, 17, 7], [18, 16, 19, 15], [20, 1, 21, 2], [22, 6, 23, 5], [24, 19, 1, 20], [2, 13, 3, 14]]"
12a_0606_49,"[[2, 13, 3, 14], [4, 11, 5, 12], [6, 10, 7, 9], [8, 18, 9, 17], [10, 22, 11, 21], [12, 3, 13, 4], [14, 23, 15, 24], [16, 8, 17, 7], [18, 16, 19, 15], [20, 1, 21, 2], [22, 6, 23, 5], [24, 19, 1, 20]]"
12a_0606_50,"[[24, 19, 1, 20], [2, 13, 3, 14], [4, 11, 5, 12], [6, 10, 7, 9], [8, 18, 9, 17], [10, 22, 11, 21], [12, 3, 13, 4], [14, 23, 15, 24], [16, 8, 17, 7], [18, 16, 19, 15], [20, 1, 21, 2], [22, 6, 23, 5]]"
12a_0606_51,"[[22, 6, 23, 5], [24, 19, 1, 20], [2, 13, 3, 14], [4, 11, 5, 12], [6, 10, 7, 9], [8, 18, 9, 17], [10, 22, 11, 21], [12, 3, 13, 4], [14, 23, 15, 24], [16, 8, 17, 7], [18, 16, 19, 15], [20, 1, 21, 2]]"
12a_0606_52,"[[20, 1, 21, 2], [22, 6, 23, 5], [24, 19, 1, 20], [2, 13, 3, 14], [4, 11, 5, 12], [6, 10, 7, 9], [8, 18, 9, 17], [10, 22, 11, 21], [12, 3, 13, 4], [14, 23, 15, 24], [16, 8, 17, 7], [18, 16, 19, 15]]"
12a_0606_53,"[[18, 16, 19, 15], [20, 1, 21, 2], [22, 6, 23, 5], [24, 19, 1, 20], [2, 13, 3, 14], [4, 11, 5, 12], [6, 10, 7, 9], [8, 18, 9, 17], [10, 22, 11, 21], [12, 3, 13, 4], [14, 23, 15, 24], [16, 8, 17, 7]]"
12a_0606_54,"[[16, 8, 17, 7], [18, 16, 19, 15], [20, 1, 21, 2], [22, 6, 23, 5], [24, 19, 1, 20], [2, 13, 3, 14], [4, 11, 5, 12], [6, 10, 7, 9], [8, 18, 9, 17], [10, 22, 11, 21], [12, 3, 13, 4], [14, 23, 15, 24]]"
12a_0606_55,"[[14, 23, 15, 24], [16, 8, 17, 7], [18, 16, 19, 15], [20, 1, 21, 2], [22, 6, 23, 5], [24, 19, 1, 20], [2, 13, 3, 14], [4, 11, 5, 12], [6, 10, 7, 9], [8, 18, 9, 17], [10, 22, 11, 21], [12, 3, 13, 4]]"
12a_0606_56,"[[12, 3, 13, 4], [14, 23, 15, 24], [16, 8, 17, 7], [18, 16, 19, 15], [20, 1, 21, 2], [22, 6, 23, 5], [24, 19, 1, 20], [2, 13, 3, 14], [4, 11, 5, 12], [6, 10, 7, 9], [8, 18, 9, 17], [10, 22, 11, 21]]"
12a_0606_57,"[[10, 22, 11, 21], [12, 3, 13, 4], [14, 23, 15, 24], [16, 8, 17, 7], [18, 16, 19, 15], [20, 1, 21, 2], [22, 6, 23, 5], [24, 19, 1, 20], [2, 13, 3, 14], [4, 11, 5, 12], [6, 10, 7, 9], [8, 18, 9, 17]]"
12a_0606_58,"[[8, 18, 9, 17], [10, 22, 11, 21], [12, 3, 13, 4], [14, 23, 15, 24], [16, 8, 17, 7], [18, 16, 19, 15], [20, 1, 21, 2], [22, 6, 23, 5], [24, 19, 1, 20], [2, 13, 3, 14], [4, 11, 5, 12], [6, 10, 7, 9]]"
12a_0606_59,"[[6, 10, 7, 9], [8, 18, 9, 17], [10, 22, 11, 21], [12, 3, 13, 4], [14, 23, 15, 24], [16, 8, 17, 7], [18, 16, 19, 15], [20, 1, 21, 2], [22, 6, 23, 5], [24, 19, 1, 20], [2, 13, 3, 14], [4, 11, 5, 12]]"
12a_0606_60,"[[5, 12, 6, 13], [7, 11, 8, 10], [9, 19, 10, 18], [11, 23, 12, 22], [13, 4, 14, 5], [15, 24, 16, 1], [17, 9, 18, 8], [19, 17, 20, 16], [21, 2, 22, 3], [23, 7, 24, 6], [1, 20, 2, 21], [3, 14, 4, 15]]"
12a_0606_61,"[[3, 14, 4, 15], [5, 12, 6, 13], [7, 11, 8, 10], [9, 19, 10, 18], [11, 23, 12, 22], [13, 4, 14, 5], [15, 24, 16, 1], [17, 9, 18, 8], [19, 17, 20, 16], [21, 2, 22, 3], [23, 7, 24, 6], [1, 20, 2, 21]]"
12a_0606_62,"[[1, 20, 2, 21], [3, 14, 4, 15], [5, 12, 6, 13], [7, 11, 8, 10], [9, 19, 10, 18], [11, 23, 12, 22], [13, 4, 14, 5], [15, 24, 16, 1], [17, 9, 18, 8], [19, 17, 20, 16], [21, 2, 22, 3], [23, 7, 24, 6]]"
12a_0606_63,"[[23, 7, 24, 6], [1, 20, 2, 21], [3, 14, 4, 15], [5, 12, 6, 13], [7, 11, 8, 10], [9, 19, 10, 18], [11, 23, 12, 22], [13, 4, 14, 5], [15, 24, 16, 1], [17, 9, 18, 8], [19, 17, 20, 16], [21, 2, 22, 3]]"
12a_0606_64,"[[21, 2, 22, 3], [23, 7, 24, 6], [1, 20, 2, 21], [3, 14, 4, 15], [5, 12, 6, 13], [7, 11, 8, 10], [9, 19, 10, 18], [11, 23, 12, 22], [13, 4, 14, 5], [15, 24, 16, 1], [17, 9, 18, 8], [19, 17, 20, 16]]"
12a_0606_65,"[[19, 17, 20, 16], [21, 2, 22, 3], [23, 7, 24, 6], [1, 20, 2, 21], [3, 14, 4, 15], [5, 12, 6, 13], [7, 11, 8, 10], [9, 19, 10, 18], [11, 23, 12, 22], [13, 4, 14, 5], [15, 24, 16, 1], [17, 9, 18, 8]]"
12a_0606_66,"[[17, 9, 18, 8], [19, 17, 20, 16], [21, 2, 22, 3], [23, 7, 24, 6], [1, 20, 2, 21], [3, 14, 4, 15], [5, 12, 6, 13], [7, 11, 8, 10], [9, 19, 10, 18], [11, 23, 12, 22], [13, 4, 14, 5], [15, 24, 16, 1]]"
12a_0606_67,"[[15, 24, 16, 1], [17, 9, 18, 8], [19, 17, 20, 16], [21, 2, 22, 3], [23, 7, 24, 6], [1, 20, 2, 21], [3, 14, 4, 15], [5, 12, 6, 13], [7, 11, 8, 10], [9, 19, 10, 18], [11, 23, 12, 22], [13, 4, 14, 5]]"
12a_0606_68,"[[13, 4, 14, 5], [15, 24, 16, 1], [17, 9, 18, 8], [19, 17, 20, 16], [21, 2, 22, 3], [23, 7, 24, 6], [1, 20, 2, 21], [3, 14, 4, 15], [5, 12, 6, 13], [7, 11, 8, 10], [9, 19, 10, 18], [11, 23, 12, 22]]"
12a_0606_69,"[[11, 23, 12, 22], [13, 4, 14, 5], [15, 24, 16, 1], [17, 9, 18, 8], [19, 17, 20, 16], [21, 2, 22, 3], [23, 7, 24, 6], [1, 20, 2, 21], [3, 14, 4, 15], [5, 12, 6, 13], [7, 11, 8, 10], [9, 19, 10, 18]]"
12a_0606_70,"[[9, 19, 10, 18], [11, 23, 12, 22], [13, 4, 14, 5], [15, 24, 16, 1], [17, 9, 18, 8], [19, 17, 20, 16], [21, 2, 22, 3], [23, 7, 24, 6], [1, 20, 2, 21], [3, 14, 4, 15], [5, 12, 6, 13], [7, 11, 8, 10]]"
12a_0606_71,"[[7, 11, 8, 10], [9, 19, 10, 18], [11, 23, 12, 22], [13, 4, 14, 5], [15, 24, 16, 1], [17, 9, 18, 8], [19, 17, 20, 16], [21, 2, 22, 3], [23, 7, 24, 6], [1, 20, 2, 21], [3, 14, 4, 15], [5, 12, 6, 13]]"
12a_0606_72,"[[6, 13, 7, 14], [8, 12, 9, 11], [10, 20, 11, 19], [12, 24, 13, 23], [14, 5, 15, 6], [16, 1, 17, 2], [18, 10, 19, 9], [20, 18, 21, 17], [22, 3, 23, 4], [24, 8, 1, 7], [2, 21, 3, 22], [4, 15, 5, 16]]"
12a_0606_73,"[[4, 15, 5, 16], [6, 13, 7, 14], [8, 12, 9, 11], [10, 20, 11, 19], [12, 24, 13, 23], [14, 5, 15, 6], [16, 1, 17, 2], [18, 10, 19, 9], [20, 18, 21, 17], [22, 3, 23, 4], [24, 8, 1, 7], [2, 21, 3, 22]]"
12a_0606_74,"[[2, 21, 3, 22], [4, 15, 5, 16], [6, 13, 7, 14], [8, 12, 9, 11], [10, 20, 11, 19], [12, 24, 13, 23], [14, 5, 15, 6], [16, 1, 17, 2], [18, 10, 19, 9], [20, 18, 21, 17], [22, 3, 23, 4], [24, 8, 1, 7]]"
12a_0606_75,"[[24, 8, 1, 7], [2, 21, 3, 22], [4, 15, 5, 16], [6, 13, 7, 14], [8, 12, 9, 11], [10, 20, 11, 19], [12, 24, 13, 23], [14, 5, 15, 6], [16, 1, 17, 2], [18, 10, 19, 9], [20, 18, 21, 17], [22, 3, 23, 4]]"
12a_0606_76,"[[22, 3, 23, 4], [24, 8, 1, 7], [2, 21, 3, 22], [4, 15, 5, 16], [6, 13, 7, 14], [8, 12, 9, 11], [10, 20, 11, 19], [12, 24, 13, 23], [14, 5, 15, 6], [16, 1, 17, 2], [18, 10, 19, 9], [20, 18, 21, 17]]"
12a_0606_77,"[[20, 18, 21, 17], [22, 3, 23, 4], [24, 8, 1, 7], [2, 21, 3, 22], [4, 15, 5, 16], [6, 13, 7, 14], [8, 12, 9, 11], [10, 20, 11, 19], [12, 24, 13, 23], [14, 5, 15, 6], [16, 1, 17, 2], [18, 10, 19, 9]]"
12a_0606_78,"[[18, 10, 19, 9], [20, 18, 21, 17], [22, 3, 23, 4], [24, 8, 1, 7], [2, 21, 3, 22], [4, 15, 5, 16], [6, 13, 7, 14], [8, 12, 9, 11], [10, 20, 11, 19], [12, 24, 13, 23], [14, 5, 15, 6], [16, 1, 17, 2]]"
12a_0606_79,"[[16, 1, 17, 2], [18, 10, 19, 9], [20, 18, 21, 17], [22, 3, 23, 4], [24, 8, 1, 7], [2, 21, 3, 22], [4, 15, 5, 16], [6, 13, 7, 14], [8, 12, 9, 11], [10, 20, 11, 19], [12, 24, 13, 23], [14, 5, 15, 6]]"
12a_0606_80,"[[14, 5, 15, 6], [16, 1, 17, 2], [18, 10, 19, 9], [20, 18, 21, 17], [22, 3, 23, 4], [24, 8, 1, 7], [2, 21, 3, 22], [4, 15, 5, 16], [6, 13, 7, 14], [8, 12, 9, 11], [10, 20, 11, 19], [12, 24, 13, 23]]"
12a_0606_81,"[[12, 24, 13, 23], [14, 5, 15, 6], [16, 1, 17, 2], [18, 10, 19, 9], [20, 18, 21, 17], [22, 3, 23, 4], [24, 8, 1, 7], [2, 21, 3, 22], [4, 15, 5, 16], [6, 13, 7, 14], [8, 12, 9, 11], [10, 20, 11, 19]]"
12a_0606_82,"[[10, 20, 11, 19], [12, 24, 13, 23], [14, 5, 15, 6], [16, 1, 17, 2], [18, 10, 19, 9], [20, 18, 21, 17], [22, 3, 23, 4], [24, 8, 1, 7], [2, 21, 3, 22], [4, 15, 5, 16], [6, 13, 7, 14], [8, 12, 9, 11]]"
12a_0606_83,"[[8, 12, 9, 11], [10, 20, 11, 19], [12, 24, 13, 23], [14, 5, 15, 6], [16, 1, 17, 2], [18, 10, 19, 9], [20, 18, 21, 17], [22, 3, 23, 4], [24, 8, 1, 7], [2, 21, 3, 22], [4, 15, 5, 16], [6, 13, 7, 14]]"
12a_0606_84,"[[7, 14, 8, 15], [9, 13, 10, 12], [11, 21, 12, 20], [13, 1, 14, 24], [15, 6, 16, 7], [17, 2, 18, 3], [19, 11, 20, 10], [21, 19, 22, 18], [23, 4, 24, 5], [1, 9, 2, 8], [3, 22, 4, 23], [5, 16, 6, 17]]"
12a_0606_85,"[[5, 16, 6, 17], [7, 14, 8, 15], [9, 13, 10, 12], [11, 21, 12, 20], [13, 1, 14, 24], [15, 6, 16, 7], [17, 2, 18, 3], [19, 11, 20, 10], [21, 19, 22, 18], [23, 4, 24, 5], [1, 9, 2, 8], [3, 22, 4, 23]]"
12a_0606_86,"[[3, 22, 4, 23], [5, 16, 6, 17], [7, 14, 8, 15], [9, 13, 10, 12], [11, 21, 12, 20], [13, 1, 14, 24], [15, 6, 16, 7], [17, 2, 18, 3], [19, 11, 20, 10], [21, 19, 22, 18], [23, 4, 24, 5], [1, 9, 2, 8]]"
12a_0606_87,"[[1, 9, 2, 8], [3, 22, 4, 23], [5, 16, 6, 17], [7, 14, 8, 15], [9, 13, 10, 12], [11, 21, 12, 20], [13, 1, 14, 24], [15, 6, 16, 7], [17, 2, 18, 3], [19, 11, 20, 10], [21, 19, 22, 18], [23, 4, 24, 5]]"
12a_0606_88,"[[23, 4, 24, 5], [1, 9, 2, 8], [3, 22, 4, 23], [5, 16, 6, 17], [7, 14, 8, 15], [9, 13, 10, 12], [11, 21, 12, 20], [13, 1, 14, 24], [15, 6, 16, 7], [17, 2, 18, 3], [19, 11, 20, 10], [21, 19, 22, 18]]"
12a_0606_89,"[[21, 19, 22, 18], [23, 4, 24, 5], [1, 9, 2, 8], [3, 22, 4, 23], [5, 16, 6, 17], [7, 14, 8, 15], [9, 13, 10, 12], [11, 21, 12, 20], [13, 1, 14, 24], [15, 6, 16, 7], [17, 2, 18, 3], [19, 11, 20, 10]]"
12a_0606_90,"[[19, 11, 20, 10], [21, 19, 22, 18], [23, 4, 24, 5], [1, 9, 2, 8], [3, 22, 4, 23], [5, 16, 6, 17], [7, 14, 8, 15], [9, 13, 10, 12], [11, 21, 12, 20], [13, 1, 14, 24], [15, 6, 16, 7], [17, 2, 18, 3]]"
12a_0606_91,"[[17, 2, 18, 3], [19, 11, 20, 10], [21, 19, 22, 18], [23, 4, 24, 5], [1, 9, 2, 8], [3, 22, 4, 23], [5, 16, 6, 17], [7, 14, 8, 15], [9, 13, 10, 12], [11, 21, 12, 20], [13, 1, 14, 24], [15, 6, 16, 7]]"
12a_0606_92,"[[15, 6, 16, 7], [17, 2, 18, 3], [19, 11, 20, 10], [21, 19, 22, 18], [23, 4, 24, 5], [1, 9, 2, 8], [3, 22, 4, 23], [5, 16, 6, 17], [7, 14, 8, 15], [9, 13, 10, 12], [11, 21, 12, 20], [13, 1, 14, 24]]"
12a_0606_93,"[[13, 1, 14, 24], [15, 6, 16, 7], [17, 2, 18, 3], [19, 11, 20, 10], [21, 19, 22, 18], [23, 4, 24, 5], [1, 9, 2, 8], [3, 22, 4, 23], [5, 16, 6, 17], [7, 14, 8, 15], [9, 13, 10, 12], [11, 21, 12, 20]]"
12a_0606_94,"[[11, 21, 12, 20], [13, 1, 14, 24], [15, 6, 16, 7], [17, 2, 18, 3], [19, 11, 20, 10], [21, 19, 22, 18], [23, 4, 24, 5], [1, 9, 2, 8], [3, 22, 4, 23], [5, 16, 6, 17], [7, 14, 8, 15], [9, 13, 10, 12]]"
12a_0606_95,"[[9, 13, 10, 12], [11, 21, 12, 20], [13, 1, 14, 24], [15, 6, 16, 7], [17, 2, 18, 3], [19, 11, 20, 10], [21, 19, 22, 18], [23, 4, 24, 5], [1, 9, 2, 8], [3, 22, 4, 23], [5, 16, 6, 17], [7, 14, 8, 15]]"
12a_0606_96,"[[8, 15, 9, 16], [10, 14, 11, 13], [12, 22, 13, 21], [14, 2, 15, 1], [16, 7, 17, 8], [18, 3, 19, 4], [20, 12, 21, 11], [22, 20, 23, 19], [24, 5, 1, 6], [2, 10, 3, 9], [4, 23, 5, 24], [6, 17, 7, 18]]"
12a_0606_97,"[[6, 17, 7, 18], [8, 15, 9, 16], [10, 14, 11, 13], [12, 22, 13, 21], [14, 2, 15, 1], [16, 7, 17, 8], [18, 3, 19, 4], [20, 12, 21, 11], [22, 20, 23, 19], [24, 5, 1, 6], [2, 10, 3, 9], [4, 23, 5, 24]]"
12a_0606_98,"[[4, 23, 5, 24], [6, 17, 7, 18], [8, 15, 9, 16], [10, 14, 11, 13], [12, 22, 13, 21], [14, 2, 15, 1], [16, 7, 17, 8], [18, 3, 19, 4], [20, 12, 21, 11], [22, 20, 23, 19], [24, 5, 1, 6], [2, 10, 3, 9]]"
12a_0606_99,"[[2, 10, 3, 9], [4, 23, 5, 24], [6, 17, 7, 18], [8, 15, 9, 16], [10, 14, 11, 13], [12, 22, 13, 21], [14, 2, 15, 1], [16, 7, 17, 8], [18, 3, 19, 4], [20, 12, 21, 11], [22, 20, 23, 19], [24, 5, 1, 6]]"
12a_0606_100,"[[24, 5, 1, 6], [2, 10, 3, 9], [4, 23, 5, 24], [6, 17, 7, 18], [8, 15, 9, 16], [10, 14, 11, 13], [12, 22, 13, 21], [14, 2, 15, 1], [16, 7, 17, 8], [18, 3, 19, 4], [20, 12, 21, 11], [22, 20, 23, 19]]"
12a_0606_101,"[[22, 20, 23, 19], [24, 5, 1, 6], [2, 10, 3, 9], [4, 23, 5, 24], [6, 17, 7, 18], [8, 15, 9, 16], [10, 14, 11, 13], [12, 22, 13, 21], [14, 2, 15, 1], [16, 7, 17, 8], [18, 3, 19, 4], [20, 12, 21, 11]]"
12a_0606_102,"[[20, 12, 21, 11], [22, 20, 23, 19], [24, 5, 1, 6], [2, 10, 3, 9], [4, 23, 5, 24], [6, 17, 7, 18], [8, 15, 9, 16], [10, 14, 11, 13], [12, 22, 13, 21], [14, 2, 15, 1], [16, 7, 17, 8], [18, 3, 19, 4]]"
12a_0606_103,"[[18, 3, 19, 4], [20, 12, 21, 11], [22, 20, 23, 19], [24, 5, 1, 6], [2, 10, 3, 9], [4, 23, 5, 24], [6, 17, 7, 18], [8, 15, 9, 16], [10, 14, 11, 13], [12, 22, 13, 21], [14, 2, 15, 1], [16, 7, 17, 8]]"
12a_0606_104,"[[16, 7, 17, 8], [18, 3, 19, 4], [20, 12, 21, 11], [22, 20, 23, 19], [24, 5, 1, 6], [2, 10, 3, 9], [4, 23, 5, 24], [6, 17, 7, 18], [8, 15, 9, 16], [10, 14, 11, 13], [12, 22, 13, 21], [14, 2, 15, 1]]"
12a_0606_105,"[[14, 2, 15, 1], [16, 7, 17, 8], [18, 3, 19, 4], [20, 12, 21, 11], [22, 20, 23, 19], [24, 5, 1, 6], [2, 10, 3, 9], [4, 23, 5, 24], [6, 17, 7, 18], [8, 15, 9, 16], [10, 14, 11, 13], [12, 22, 13, 21]]"
12a_0606_106,"[[12, 22, 13, 21], [14, 2, 15, 1], [16, 7, 17, 8], [18, 3, 19, 4], [20, 12, 21, 11], [22, 20, 23, 19], [24, 5, 1, 6], [2, 10, 3, 9], [4, 23, 5, 24], [6, 17, 7, 18], [8, 15, 9, 16], [10, 14, 11, 13]]"
12a_0606_107,"[[10, 14, 11, 13], [12, 22, 13, 21], [14, 2, 15, 1], [16, 7, 17, 8], [18, 3, 19, 4], [20, 12, 21, 11], [22, 20, 23, 19], [24, 5, 1, 6], [2, 10, 3, 9], [4, 23, 5, 24], [6, 17, 7, 18], [8, 15, 9, 16]]"
12a_0606_108,"[[9, 16, 10, 17], [11, 15, 12, 14], [13, 23, 14, 22], [15, 3, 16, 2], [17, 8, 18, 9], [19, 4, 20, 5], [21, 13, 22, 12], [23, 21, 24, 20], [1, 6, 2, 7], [3, 11, 4, 10], [5, 24, 6, 1], [7, 18, 8, 19]]"
12a_0606_109,"[[7, 18, 8, 19], [9, 16, 10, 17], [11, 15, 12, 14], [13, 23, 14, 22], [15, 3, 16, 2], [17, 8, 18, 9], [19, 4, 20, 5], [21, 13, 22, 12], [23, 21, 24, 20], [1, 6, 2, 7], [3, 11, 4, 10], [5, 24, 6, 1]]"
12a_0606_110,"[[5, 24, 6, 1], [7, 18, 8, 19], [9, 16, 10, 17], [11, 15, 12, 14], [13, 23, 14, 22], [15, 3, 16, 2], [17, 8, 18, 9], [19, 4, 20, 5], [21, 13, 22, 12], [23, 21, 24, 20], [1, 6, 2, 7], [3, 11, 4, 10]]"
12a_0606_111,"[[3, 11, 4, 10], [5, 24, 6, 1], [7, 18, 8, 19], [9, 16, 10, 17], [11, 15, 12, 14], [13, 23, 14, 22], [15, 3, 16, 2], [17, 8, 18, 9], [19, 4, 20, 5], [21, 13, 22, 12], [23, 21, 24, 20], [1, 6, 2, 7]]"
12a_0606_112,"[[1, 6, 2, 7], [3, 11, 4, 10], [5, 24, 6, 1], [7, 18, 8, 19], [9, 16, 10, 17], [11, 15, 12, 14], [13, 23, 14, 22], [15, 3, 16, 2], [17, 8, 18, 9], [19, 4, 20, 5], [21, 13, 22, 12], [23, 21, 24, 20]]"
12a_0606_113,"[[23, 21, 24, 20], [1, 6, 2, 7], [3, 11, 4, 10], [5, 24, 6, 1], [7, 18, 8, 19], [9, 16, 10, 17], [11, 15, 12, 14], [13, 23, 14, 22], [15, 3, 16, 2], [17, 8, 18, 9], [19, 4, 20, 5], [21, 13, 22, 12]]"
12a_0606_114,"[[21, 13, 22, 12], [23, 21, 24, 20], [1, 6, 2, 7], [3, 11, 4, 10], [5, 24, 6, 1], [7, 18, 8, 19], [9, 16, 10, 17], [11, 15, 12, 14], [13, 23, 14, 22], [15, 3, 16, 2], [17, 8, 18, 9], [19, 4, 20, 5]]"
12a_0606_115,"[[19, 4, 20, 5], [21, 13, 22, 12], [23, 21, 24, 20], [1, 6, 2, 7], [3, 11, 4, 10], [5, 24, 6, 1], [7, 18, 8, 19], [9, 16, 10, 17], [11, 15, 12, 14], [13, 23, 14, 22], [15, 3, 16, 2], [17, 8, 18, 9]]"
12a_0606_116,"[[17, 8, 18, 9], [19, 4, 20, 5], [21, 13, 22, 12], [23, 21, 24, 20], [1, 6, 2, 7], [3, 11, 4, 10], [5, 24, 6, 1], [7, 18, 8, 19], [9, 16, 10, 17], [11, 15, 12, 14], [13, 23, 14, 22], [15, 3, 16, 2]]"
12a_0606_117,"[[15, 3, 16, 2], [17, 8, 18, 9], [19, 4, 20, 5], [21, 13, 22, 12], [23, 21, 24, 20], [1, 6, 2, 7], [3, 11, 4, 10], [5, 24, 6, 1], [7, 18, 8, 19], [9, 16, 10, 17], [11, 15, 12, 14], [13, 23, 14, 22]]"
12a_0606_118,"[[13, 23, 14, 22], [15, 3, 16, 2], [17, 8, 18, 9], [19, 4, 20, 5], [21, 13, 22, 12], [23, 21, 24, 20], [1, 6, 2, 7], [3, 11, 4, 10], [5, 24, 6, 1], [7, 18, 8, 19], [9, 16, 10, 17], [11, 15, 12, 14]]"
12a_0606_119,"[[11, 15, 12, 14], [13, 23, 14, 22], [15, 3, 16, 2], [17, 8, 18, 9], [19, 4, 20, 5], [21, 13, 22, 12], [23, 21, 24, 20], [1, 6, 2, 7], [3, 11, 4, 10], [5, 24, 6, 1], [7, 18, 8, 19], [9, 16, 10, 17]]"
12a_0606_120,"[[10, 17, 11, 18], [12, 16, 13, 15], [14, 24, 15, 23], [16, 4, 17, 3], [18, 9, 19, 10], [20, 5, 21, 6], [22, 14, 23, 13], [24, 22, 1, 21], [2, 7, 3, 8], [4, 12, 5, 11], [6, 1, 7, 2], [8, 19, 9, 20]]"
12a_0606_121,"[[8, 19, 9, 20], [10, 17, 11, 18], [12, 16, 13, 15], [14, 24, 15, 23], [16, 4, 17, 3], [18, 9, 19, 10], [20, 5, 21, 6], [22, 14, 23, 13], [24, 22, 1, 21], [2, 7, 3, 8], [4, 12, 5, 11], [6, 1, 7, 2]]"
12a_0606_122,"[[6, 1, 7, 2], [8, 19, 9, 20], [10, 17, 11, 18], [12, 16, 13, 15], [14, 24, 15, 23], [16, 4, 17, 3], [18, 9, 19, 10], [20, 5, 21, 6], [22, 14, 23, 13], [24, 22, 1, 21], [2, 7, 3, 8], [4, 12, 5, 11]]"
12a_0606_123,"[[4, 12, 5, 11], [6, 1, 7, 2], [8, 19, 9, 20], [10, 17, 11, 18], [12, 16, 13, 15], [14, 24, 15, 23], [16, 4, 17, 3], [18, 9, 19, 10], [20, 5, 21, 6], [22, 14, 23, 13], [24, 22, 1, 21], [2, 7, 3, 8]]"
12a_0606_124,"[[2, 7, 3, 8], [4, 12, 5, 11], [6, 1, 7, 2], [8, 19, 9, 20], [10, 17, 11, 18], [12, 16, 13, 15], [14, 24, 15, 23], [16, 4, 17, 3], [18, 9, 19, 10], [20, 5, 21, 6], [22, 14, 23, 13], [24, 22, 1, 21]]"
12a_0606_125,"[[24, 22, 1, 21], [2, 7, 3, 8], [4, 12, 5, 11], [6, 1, 7, 2], [8, 19, 9, 20], [10, 17, 11, 18], [12, 16, 13, 15], [14, 24, 15, 23], [16, 4, 17, 3], [18, 9, 19, 10], [20, 5, 21, 6], [22, 14, 23, 13]]"
12a_0606_126,"[[22, 14, 23, 13], [24, 22, 1, 21], [2, 7, 3, 8], [4, 12, 5, 11], [6, 1, 7, 2], [8, 19, 9, 20], [10, 17, 11, 18], [12, 16, 13, 15], [14, 24, 15, 23], [16, 4, 17, 3], [18, 9, 19, 10], [20, 5, 21, 6]]"
12a_0606_127,"[[20, 5, 21, 6], [22, 14, 23, 13], [24, 22, 1, 21], [2, 7, 3, 8], [4, 12, 5, 11], [6, 1, 7, 2], [8, 19, 9, 20], [10, 17, 11, 18], [12, 16, 13, 15], [14, 24, 15, 23], [16, 4, 17, 3], [18, 9, 19, 10]]"
12a_0606_128,"[[18, 9, 19, 10], [20, 5, 21, 6], [22, 14, 23, 13], [24, 22, 1, 21], [2, 7, 3, 8], [4, 12, 5, 11], [6, 1, 7, 2], [8, 19, 9, 20], [10, 17, 11, 18], [12, 16, 13, 15], [14, 24, 15, 23], [16, 4, 17, 3]]"
12a_0606_129,"[[16, 4, 17, 3], [18, 9, 19, 10], [20, 5, 21, 6], [22, 14, 23, 13], [24, 22, 1, 21], [2, 7, 3, 8], [4, 12, 5, 11], [6, 1, 7, 2], [8, 19, 9, 20], [10, 17, 11, 18], [12, 16, 13, 15], [14, 24, 15, 23]]"
12a_0606_130,"[[14, 24, 15, 23], [16, 4, 17, 3], [18, 9, 19, 10], [20, 5, 21, 6], [22, 14, 23, 13], [24, 22, 1, 21], [2, 7, 3, 8], [4, 12, 5, 11], [6, 1, 7, 2], [8, 19, 9, 20], [10, 17, 11, 18], [12, 16, 13, 15]]"
12a_0606_131,"[[12, 16, 13, 15], [14, 24, 15, 23], [16, 4, 17, 3], [18, 9, 19, 10], [20, 5, 21, 6], [22, 14, 23, 13], [24, 22, 1, 21], [2, 7, 3, 8], [4, 12, 5, 11], [6, 1, 7, 2], [8, 19, 9, 20], [10, 17, 11, 18]]"
12a_0606_132,"[[11, 18, 12, 19], [13, 17, 14, 16], [15, 1, 16, 24], [17, 5, 18, 4], [19, 10, 20, 11], [21, 6, 22, 7], [23, 15, 24, 14], [1, 23, 2, 22], [3, 8, 4, 9], [5, 13, 6, 12], [7, 2, 8, 3], [9, 20, 10, 21]]"
12a_0606_133,"[[9, 20, 10, 21], [11, 18, 12, 19], [13, 17, 14, 16], [15, 1, 16, 24], [17, 5, 18, 4], [19, 10, 20, 11], [21, 6, 22, 7], [23, 15, 24, 14], [1, 23, 2, 22], [3, 8, 4, 9], [5, 13, 6, 12], [7, 2, 8, 3]]"
12a_0606_134,"[[7, 2, 8, 3], [9, 20, 10, 21], [11, 18, 12, 19], [13, 17, 14, 16], [15, 1, 16, 24], [17, 5, 18, 4], [19, 10, 20, 11], [21, 6, 22, 7], [23, 15, 24, 14], [1, 23, 2, 22], [3, 8, 4, 9], [5, 13, 6, 12]]"
12a_0606_135,"[[5, 13, 6, 12], [7, 2, 8, 3], [9, 20, 10, 21], [11, 18, 12, 19], [13, 17, 14, 16], [15, 1, 16, 24], [17, 5, 18, 4], [19, 10, 20, 11], [21, 6, 22, 7], [23, 15, 24, 14], [1, 23, 2, 22], [3, 8, 4, 9]]"
12a_0606_136,"[[3, 8, 4, 9], [5, 13, 6, 12], [7, 2, 8, 3], [9, 20, 10, 21], [11, 18, 12, 19], [13, 17, 14, 16], [15, 1, 16, 24], [17, 5, 18, 4], [19, 10, 20, 11], [21, 6, 22, 7], [23, 15, 24, 14], [1, 23, 2, 22]]"
12a_0606_137,"[[1, 23, 2, 22], [3, 8, 4, 9], [5, 13, 6, 12], [7, 2, 8, 3], [9, 20, 10, 21], [11, 18, 12, 19], [13, 17, 14, 16], [15, 1, 16, 24], [17, 5, 18, 4], [19, 10, 20, 11], [21, 6, 22, 7], [23, 15, 24, 14]]"
12a_0606_138,"[[23, 15, 24, 14], [1, 23, 2, 22], [3, 8, 4, 9], [5, 13, 6, 12], [7, 2, 8, 3], [9, 20, 10, 21], [11, 18, 12, 19], [13, 17, 14, 16], [15, 1, 16, 24], [17, 5, 18, 4], [19, 10, 20, 11], [21, 6, 22, 7]]"
12a_0606_139,"[[21, 6, 22, 7], [23, 15, 24, 14], [1, 23, 2, 22], [3, 8, 4, 9], [5, 13, 6, 12], [7, 2, 8, 3], [9, 20, 10, 21], [11, 18, 12, 19], [13, 17, 14, 16], [15, 1, 16, 24], [17, 5, 18, 4], [19, 10, 20, 11]]"
12a_0606_140,"[[19, 10, 20, 11], [21, 6, 22, 7], [23, 15, 24, 14], [1, 23, 2, 22], [3, 8, 4, 9], [5, 13, 6, 12], [7, 2, 8, 3], [9, 20, 10, 21], [11, 18, 12, 19], [13, 17, 14, 16], [15, 1, 16, 24], [17, 5, 18, 4]]"
12a_0606_141,"[[17, 5, 18, 4], [19, 10, 20, 11], [21, 6, 22, 7], [23, 15, 24, 14], [1, 23, 2, 22], [3, 8, 4, 9], [5, 13, 6, 12], [7, 2, 8, 3], [9, 20, 10, 21], [11, 18, 12, 19], [13, 17, 14, 16], [15, 1, 16, 24]]"
12a_0606_142,"[[15, 1, 16, 24], [17, 5, 18, 4], [19, 10, 20, 11], [21, 6, 22, 7], [23, 15, 24, 14], [1, 23, 2, 22], [3, 8, 4, 9], [5, 13, 6, 12], [7, 2, 8, 3], [9, 20, 10, 21], [11, 18, 12, 19], [13, 17, 14, 16]]"
12a_0606_143,"[[13, 17, 14, 16], [15, 1, 16, 24], [17, 5, 18, 4], [19, 10, 20, 11], [21, 6, 22, 7], [23, 15, 24, 14], [1, 23, 2, 22], [3, 8, 4, 9], [5, 13, 6, 12], [7, 2, 8, 3], [9, 20, 10, 21], [11, 18, 12, 19]]"
12a_0606_144,"[[12, 19, 13, 20], [14, 18, 15, 17], [16, 2, 17, 1], [18, 6, 19, 5], [20, 11, 21, 12], [22, 7, 23, 8], [24, 16, 1, 15], [2, 24, 3, 23], [4, 9, 5, 10], [6, 14, 7, 13], [8, 3, 9, 4], [10, 21, 11, 22]]"
12a_0606_145,"[[10, 21, 11, 22], [12, 19, 13, 20], [14, 18, 15, 17], [16, 2, 17, 1], [18, 6, 19, 5], [20, 11, 21, 12], [22, 7, 23, 8], [24, 16, 1, 15], [2, 24, 3, 23], [4, 9, 5, 10], [6, 14, 7, 13], [8, 3, 9, 4]]"
12a_0606_146,"[[8, 3, 9, 4], [10, 21, 11, 22], [12, 19, 13, 20], [14, 18, 15, 17], [16, 2, 17, 1], [18, 6, 19, 5], [20, 11, 21, 12], [22, 7, 23, 8], [24, 16, 1, 15], [2, 24, 3, 23], [4, 9, 5, 10], [6, 14, 7, 13]]"
12a_0606_147,"[[6, 14, 7, 13], [8, 3, 9, 4], [10, 21, 11, 22], [12, 19, 13, 20], [14, 18, 15, 17], [16, 2, 17, 1], [18, 6, 19, 5], [20, 11, 21, 12], [22, 7, 23, 8], [24, 16, 1, 15], [2, 24, 3, 23], [4, 9, 5, 10]]"
12a_0606_148,"[[4, 9, 5, 10], [6, 14, 7, 13], [8, 3, 9, 4], [10, 21, 11, 22], [12, 19, 13, 20], [14, 18, 15, 17], [16, 2, 17, 1], [18, 6, 19, 5], [20, 11, 21, 12], [22, 7, 23, 8], [24, 16, 1, 15], [2, 24, 3, 23]]"
12a_0606_149,"[[2, 24, 3, 23], [4, 9, 5, 10], [6, 14, 7, 13], [8, 3, 9, 4], [10, 21, 11, 22], [12, 19, 13, 20], [14, 18, 15, 17], [16, 2, 17, 1], [18, 6, 19, 5], [20, 11, 21, 12], [22, 7, 23, 8], [24, 16, 1, 15]]"
12a_0606_150,"[[24, 16, 1, 15], [2, 24, 3, 23], [4, 9, 5, 10], [6, 14, 7, 13], [8, 3, 9, 4], [10, 21, 11, 22], [12, 19, 13, 20], [14, 18, 15, 17], [16, 2, 17, 1], [18, 6, 19, 5], [20, 11, 21, 12], [22, 7, 23, 8]]"
12a_0606_151,"[[22, 7, 23, 8], [24, 16, 1, 15], [2, 24, 3, 23], [4, 9, 5, 10], [6, 14, 7, 13], [8, 3, 9, 4], [10, 21, 11, 22], [12, 19, 13, 20], [14, 18, 15, 17], [16, 2, 17, 1], [18, 6, 19, 5], [20, 11, 21, 12]]"
12a_0606_152,"[[20, 11, 21, 12], [22, 7, 23, 8], [24, 16, 1, 15], [2, 24, 3, 23], [4, 9, 5, 10], [6, 14, 7, 13], [8, 3, 9, 4], [10, 21, 11, 22], [12, 19, 13, 20], [14, 18, 15, 17], [16, 2, 17, 1], [18, 6, 19, 5]]"
12a_0606_153,"[[18, 6, 19, 5], [20, 11, 21, 12], [22, 7, 23, 8], [24, 16, 1, 15], [2, 24, 3, 23], [4, 9, 5, 10], [6, 14, 7, 13], [8, 3, 9, 4], [10, 21, 11, 22], [12, 19, 13, 20], [14, 18, 15, 17], [16, 2, 17, 1]]"
12a_0606_154,"[[16, 2, 17, 1], [18, 6, 19, 5], [20, 11, 21, 12], [22, 7, 23, 8], [24, 16, 1, 15], [2, 24, 3, 23], [4, 9, 5, 10], [6, 14, 7, 13], [8, 3, 9, 4], [10, 21, 11, 22], [12, 19, 13, 20], [14, 18, 15, 17]]"
12a_0606_155,"[[14, 18, 15, 17], [16, 2, 17, 1], [18, 6, 19, 5], [20, 11, 21, 12], [22, 7, 23, 8], [24, 16, 1, 15], [2, 24, 3, 23], [4, 9, 5, 10], [6, 14, 7, 13], [8, 3, 9, 4], [10, 21, 11, 22], [12, 19, 13, 20]]"
12a_0606_156,"[[13, 20, 14, 21], [15, 19, 16, 18], [17, 3, 18, 2], [19, 7, 20, 6], [21, 12, 22, 13], [23, 8, 24, 9], [1, 17, 2, 16], [3, 1, 4, 24], [5, 10, 6, 11], [7, 15, 8, 14], [9, 4, 10, 5], [11, 22, 12, 23]]"
12a_0606_157,"[[11, 22, 12, 23], [13, 20, 14, 21], [15, 19, 16, 18], [17, 3, 18, 2], [19, 7, 20, 6], [21, 12, 22, 13], [23, 8, 24, 9], [1, 17, 2, 16], [3, 1, 4, 24], [5, 10, 6, 11], [7, 15, 8, 14], [9, 4, 10, 5]]"
12a_0606_158,"[[9, 4, 10, 5], [11, 22, 12, 23], [13, 20, 14, 21], [15, 19, 16, 18], [17, 3, 18, 2], [19, 7, 20, 6], [21, 12, 22, 13], [23, 8, 24, 9], [1, 17, 2, 16], [3, 1, 4, 24], [5, 10, 6, 11], [7, 15, 8, 14]]"
12a_0606_159,"[[7, 15, 8, 14], [9, 4, 10, 5], [11, 22, 12, 23], [13, 20, 14, 21], [15, 19, 16, 18], [17, 3, 18, 2], [19, 7, 20, 6], [21, 12, 22, 13], [23, 8, 24, 9], [1, 17, 2, 16], [3, 1, 4, 24], [5, 10, 6, 11]]"
12a_0606_160,"[[5, 10, 6, 11], [7, 15, 8, 14], [9, 4, 10, 5], [11, 22, 12, 23], [13, 20, 14, 21], [15, 19, 16, 18], [17, 3, 18, 2], [19, 7, 20, 6], [21, 12, 22, 13], [23, 8, 24, 9], [1, 17, 2, 16], [3, 1, 4, 24]]"
12a_0606_161,"[[3, 1, 4, 24], [5, 10, 6, 11], [7, 15, 8, 14], [9, 4, 10, 5], [11, 22, 12, 23], [13, 20, 14, 21], [15, 19, 16, 18], [17, 3, 18, 2], [19, 7, 20, 6], [21, 12, 22, 13], [23, 8, 24, 9], [1, 17, 2, 16]]"
12a_0606_162,"[[1, 17, 2, 16], [3, 1, 4, 24], [5, 10, 6, 11], [7, 15, 8, 14], [9, 4, 10, 5], [11, 22, 12, 23], [13, 20, 14, 21], [15, 19, 16, 18], [17, 3, 18, 2], [19, 7, 20, 6], [21, 12, 22, 13], [23, 8, 24, 9]]"
12a_0606_163,"[[23, 8, 24, 9], [1, 17, 2, 16], [3, 1, 4, 24], [5, 10, 6, 11], [7, 15, 8, 14], [9, 4, 10, 5], [11, 22, 12, 23], [13, 20, 14, 21], [15, 19, 16, 18], [17, 3, 18, 2], [19, 7, 20, 6], [21, 12, 22, 13]]"
12a_0606_164,"[[21, 12, 22, 13], [23, 8, 24, 9], [1, 17, 2, 16], [3, 1, 4, 24], [5, 10, 6, 11], [7, 15, 8, 14], [9, 4, 10, 5], [11, 22, 12, 23], [13, 20, 14, 21], [15, 19, 16, 18], [17, 3, 18, 2], [19, 7, 20, 6]]"
12a_0606_165,"[[19, 7, 20, 6], [21, 12, 22, 13], [23, 8, 24, 9], [1, 17, 2, 16], [3, 1, 4, 24], [5, 10, 6, 11], [7, 15, 8, 14], [9, 4, 10, 5], [11, 22, 12, 23], [13, 20, 14, 21], [15, 19, 16, 18], [17, 3, 18, 2]]"
12a_0606_166,"[[17, 3, 18, 2], [19, 7, 20, 6], [21, 12, 22, 13], [23, 8, 24, 9], [1, 17, 2, 16], [3, 1, 4, 24], [5, 10, 6, 11], [7, 15, 8, 14], [9, 4, 10, 5], [11, 22, 12, 23], [13, 20, 14, 21], [15, 19, 16, 18]]"
12a_0606_167,"[[15, 19, 16, 18], [17, 3, 18, 2], [19, 7, 20, 6], [21, 12, 22, 13], [23, 8, 24, 9], [1, 17, 2, 16], [3, 1, 4, 24], [5, 10, 6, 11], [7, 15, 8, 14], [9, 4, 10, 5], [11, 22, 12, 23], [13, 20, 14, 21]]"
12a_0606_168,"[[14, 21, 15, 22], [16, 20, 17, 19], [18, 4, 19, 3], [20, 8, 21, 7], [22, 13, 23, 14], [24, 9, 1, 10], [2, 18, 3, 17], [4, 2, 5, 1], [6, 11, 7, 12], [8, 16, 9, 15], [10, 5, 11, 6], [12, 23, 13, 24]]"
12a_0606_169,"[[12, 23, 13, 24], [14, 21, 15, 22], [16, 20, 17, 19], [18, 4, 19, 3], [20, 8, 21, 7], [22, 13, 23, 14], [24, 9, 1, 10], [2, 18, 3, 17], [4, 2, 5, 1], [6, 11, 7, 12], [8, 16, 9, 15], [10, 5, 11, 6]]"
12a_0606_170,"[[10, 5, 11, 6], [12, 23, 13, 24], [14, 21, 15, 22], [16, 20, 17, 19], [18, 4, 19, 3], [20, 8, 21, 7], [22, 13, 23, 14], [24, 9, 1, 10], [2, 18, 3, 17], [4, 2, 5, 1], [6, 11, 7, 12], [8, 16, 9, 15]]"
12a_0606_171,"[[8, 16, 9, 15], [10, 5, 11, 6], [12, 23, 13, 24], [14, 21, 15, 22], [16, 20, 17, 19], [18, 4, 19, 3], [20, 8, 21, 7], [22, 13, 23, 14], [24, 9, 1, 10], [2, 18, 3, 17], [4, 2, 5, 1], [6, 11, 7, 12]]"
12a_0606_172,"[[6, 11, 7, 12], [8, 16, 9, 15], [10, 5, 11, 6], [12, 23, 13, 24], [14, 21, 15, 22], [16, 20, 17, 19], [18, 4, 19, 3], [20, 8, 21, 7], [22, 13, 23, 14], [24, 9, 1, 10], [2, 18, 3, 17], [4, 2, 5, 1]]"
12a_0606_173,"[[4, 2, 5, 1], [6, 11, 7, 12], [8, 16, 9, 15], [10, 5, 11, 6], [12, 23, 13, 24], [14, 21, 15, 22], [16, 20, 17, 19], [18, 4, 19, 3], [20, 8, 21, 7], [22, 13, 23, 14], [24, 9, 1, 10], [2, 18, 3, 17]]"
12a_0606_174,"[[2, 18, 3, 17], [4, 2, 5, 1], [6, 11, 7, 12], [8, 16, 9, 15], [10, 5, 11, 6], [12, 23, 13, 24], [14, 21, 15, 22], [16, 20, 17, 19], [18, 4, 19, 3], [20, 8, 21, 7], [22, 13, 23, 14], [24, 9, 1, 10]]"
12a_0606_175,"[[24, 9, 1, 10], [2, 18, 3, 17], [4, 2, 5, 1], [6, 11, 7, 12], [8, 16, 9, 15], [10, 5, 11, 6], [12, 23, 13, 24], [14, 21, 15, 22], [16, 20, 17, 19], [18, 4, 19, 3], [20, 8, 21, 7], [22, 13, 23, 14]]"
12a_0606_176,"[[22, 13, 23, 14], [24, 9, 1, 10], [2, 18, 3, 17], [4, 2, 5, 1], [6, 11, 7, 12], [8, 16, 9, 15], [10, 5, 11, 6], [12, 23, 13, 24], [14, 21, 15, 22], [16, 20, 17, 19], [18, 4, 19, 3], [20, 8, 21, 7]]"
12a_0606_177,"[[20, 8, 21, 7], [22, 13, 23, 14], [24, 9, 1, 10], [2, 18, 3, 17], [4, 2, 5, 1], [6, 11, 7, 12], [8, 16, 9, 15], [10, 5, 11, 6], [12, 23, 13, 24], [14, 21, 15, 22], [16, 20, 17, 19], [18, 4, 19, 3]]"
12a_0606_178,"[[18, 4, 19, 3], [20, 8, 21, 7], [22, 13, 23, 14], [24, 9, 1, 10], [2, 18, 3, 17], [4, 2, 5, 1], [6, 11, 7, 12], [8, 16, 9, 15], [10, 5, 11, 6], [12, 23, 13, 24], [14, 21, 15, 22], [16, 20, 17, 19]]"
12a_0606_179,"[[16, 20, 17, 19], [18, 4, 19, 3], [20, 8, 21, 7], [22, 13, 23, 14], [24, 9, 1, 10], [2, 18, 3, 17], [4, 2, 5, 1], [6, 11, 7, 12], [8, 16, 9, 15], [10, 5, 11, 6], [12, 23, 13, 24], [14, 21, 15, 22]]"
12a_0606_180,"[[15, 22, 16, 23], [17, 21, 18, 20], [19, 5, 20, 4], [21, 9, 22, 8], [23, 14, 24, 15], [1, 10, 2, 11], [3, 19, 4, 18], [5, 3, 6, 2], [7, 12, 8, 13], [9, 17, 10, 16], [11, 6, 12, 7], [13, 24, 14, 1]]"
12a_0606_181,"[[13, 24, 14, 1], [15, 22, 16, 23], [17, 21, 18, 20], [19, 5, 20, 4], [21, 9, 22, 8], [23, 14, 24, 15], [1, 10, 2, 11], [3, 19, 4, 18], [5, 3, 6, 2], [7, 12, 8, 13], [9, 17, 10, 16], [11, 6, 12, 7]]"
12a_0606_182,"[[11, 6, 12, 7], [13, 24, 14, 1], [15, 22, 16, 23], [17, 21, 18, 20], [19, 5, 20, 4], [21, 9, 22, 8], [23, 14, 24, 15], [1, 10, 2, 11], [3, 19, 4, 18], [5, 3, 6, 2], [7, 12, 8, 13], [9, 17, 10, 16]]"
12a_0606_183,"[[9, 17, 10, 16], [11, 6, 12, 7], [13, 24, 14, 1], [15, 22, 16, 23], [17, 21, 18, 20], [19, 5, 20, 4], [21, 9, 22, 8], [23, 14, 24, 15], [1, 10, 2, 11], [3, 19, 4, 18], [5, 3, 6, 2], [7, 12, 8, 13]]"
12a_0606_184,"[[7, 12, 8, 13], [9, 17, 10, 16], [11, 6, 12, 7], [13, 24, 14, 1], [15, 22, 16, 23], [17, 21, 18, 20], [19, 5, 20, 4], [21, 9, 22, 8], [23, 14, 24, 15], [1, 10, 2, 11], [3, 19, 4, 18], [5, 3, 6, 2]]"
12a_0606_185,"[[5, 3, 6, 2], [7, 12, 8, 13], [9, 17, 10, 16], [11, 6, 12, 7], [13, 24, 14, 1], [15, 22, 16, 23], [17, 21, 18, 20], [19, 5, 20, 4], [21, 9, 22, 8], [23, 14, 24, 15], [1, 10, 2, 11], [3, 19, 4, 18]]"
