name,pd_notation
12a_1136_0,"[[24, 10, 1, 9], [2, 8, 3, 7], [4, 15, 5, 16], [6, 17, 7, 18], [8, 20, 9, 19], [10, 22, 11, 21], [12, 24, 13, 23], [14, 2, 15, 1], [16, 5, 17, 6], [18, 3, 19, 4], [20, 14, 21, 13], [22, 12, 23, 11]]"
12a_1136_1,"[[22, 12, 23, 11], [24, 10, 1, 9], [2, 8, 3, 7], [4, 15, 5, 16], [6, 17, 7, 18], [8, 20, 9, 19], [10, 22, 11, 21], [12, 24, 13, 23], [14, 2, 15, 1], [16, 5, 17, 6], [18, 3, 19, 4], [20, 14, 21, 13]]"
12a_1136_2,"[[20, 14, 21, 13], [22, 12, 23, 11], [24, 10, 1, 9], [2, 8, 3, 7], [4, 15, 5, 16], [6, 17, 7, 18], [8, 20, 9, 19], [10, 22, 11, 21], [12, 24, 13, 23], [14, 2, 15, 1], [16, 5, 17, 6], [18, 3, 19, 4]]"
12a_1136_3,"[[18, 3, 19, 4], [20, 14, 21, 13], [22, 12, 23, 11], [24, 10, 1, 9], [2, 8, 3, 7], [4, 15, 5, 16], [6, 17, 7, 18], [8, 20, 9, 19], [10, 22, 11, 21], [12, 24, 13, 23], [14, 2, 15, 1], [16, 5, 17, 6]]"
12a_1136_4,"[[16, 5, 17, 6], [18, 3, 19, 4], [20, 14, 21, 13], [22, 12, 23, 11], [24, 10, 1, 9], [2, 8, 3, 7], [4, 15, 5, 16], [6, 17, 7, 18], [8, 20, 9, 19], [10, 22, 11, 21], [12, 24, 13, 23], [14, 2, 15, 1]]"
12a_1136_5,"[[14, 2, 15, 1], [16, 5, 17, 6], [18, 3, 19, 4], [20, 14, 21, 13], [22, 12, 23, 11], [24, 10, 1, 9], [2, 8, 3, 7], [4, 15, 5, 16], [6, 17, 7, 18], [8, 20, 9, 19], [10, 22, 11, 21], [12, 24, 13, 23]]"
12a_1136_6,"[[12, 24, 13, 23], [14, 2, 15, 1], [16, 5, 17, 6], [18, 3, 19, 4], [20, 14, 21, 13], [22, 12, 23, 11], [24, 10, 1, 9], [2, 8, 3, 7], [4, 15, 5, 16], [6, 17, 7, 18], [8, 20, 9, 19], [10, 22, 11, 21]]"
12a_1136_7,"[[10, 22, 11, 21], [12, 24, 13, 23], [14, 2, 15, 1], [16, 5, 17, 6], [18, 3, 19, 4], [20, 14, 21, 13], [22, 12, 23, 11], [24, 10, 1, 9], [2, 8, 3, 7], [4, 15, 5, 16], [6, 17, 7, 18], [8, 20, 9, 19]]"
12a_1136_8,"[[8, 20, 9, 19], [10, 22, 11, 21], [12, 24, 13, 23], [14, 2, 15, 1], [16, 5, 17, 6], [18, 3, 19, 4], [20, 14, 21, 13], [22, 12, 23, 11], [24, 10, 1, 9], [2, 8, 3, 7], [4, 15, 5, 16], [6, 17, 7, 18]]"
12a_1136_9,"[[6, 17, 7, 18], [8, 20, 9, 19], [10, 22, 11, 21], [12, 24, 13, 23], [14, 2, 15, 1], [16, 5, 17, 6], [18, 3, 19, 4], [20, 14, 21, 13], [22, 12, 23, 11], [24, 10, 1, 9], [2, 8, 3, 7], [4, 15, 5, 16]]"
12a_1136_10,"[[4, 15, 5, 16], [6, 17, 7, 18], [8, 20, 9, 19], [10, 22, 11, 21], [12, 24, 13, 23], [14, 2, 15, 1], [16, 5, 17, 6], [18, 3, 19, 4], [20, 14, 21, 13], [22, 12, 23, 11], [24, 10, 1, 9], [2, 8, 3, 7]]"
12a_1136_11,"[[2, 8, 3, 7], [4, 15, 5, 16], [6, 17, 7, 18], [8, 20, 9, 19], [10, 22, 11, 21], [12, 24, 13, 23], [14, 2, 15, 1], [16, 5, 17, 6], [18, 3, 19, 4], [20, 14, 21, 13], [22, 12, 23, 11], [24, 10, 1, 9]]"
12a_1136_12,"[[1, 11, 2, 10], [3, 9, 4, 8], [5, 16, 6, 17], [7, 18, 8, 19], [9, 21, 10, 20], [11, 23, 12, 22], [13, 1, 14, 24], [15, 3, 16, 2], [17, 6, 18, 7], [19, 4, 20, 5], [21, 15, 22, 14], [23, 13, 24, 12]]"
12a_1136_13,"[[23, 13, 24, 12], [1, 11, 2, 10], [3, 9, 4, 8], [5, 16, 6, 17], [7, 18, 8, 19], [9, 21, 10, 20], [11, 23, 12, 22], [13, 1, 14, 24], [15, 3, 16, 2], [17, 6, 18, 7], [19, 4, 20, 5], [21, 15, 22, 14]]"
12a_1136_14,"[[21, 15, 22, 14], [23, 13, 24, 12], [1, 11, 2, 10], [3, 9, 4, 8], [5, 16, 6, 17], [7, 18, 8, 19], [9, 21, 10, 20], [11, 23, 12, 22], [13, 1, 14, 24], [15, 3, 16, 2], [17, 6, 18, 7], [19, 4, 20, 5]]"
12a_1136_15,"[[19, 4, 20, 5], [21, 15, 22, 14], [23, 13, 24, 12], [1, 11, 2, 10], [3, 9, 4, 8], [5, 16, 6, 17], [7, 18, 8, 19], [9, 21, 10, 20], [11, 23, 12, 22], [13, 1, 14, 24], [15, 3, 16, 2], [17, 6, 18, 7]]"
12a_1136_16,"[[17, 6, 18, 7], [19, 4, 20, 5], [21, 15, 22, 14], [23, 13, 24, 12], [1, 11, 2, 10], [3, 9, 4, 8], [5, 16, 6, 17], [7, 18, 8, 19], [9, 21, 10, 20], [11, 23, 12, 22], [13, 1, 14, 24], [15, 3, 16, 2]]"
12a_1136_17,"[[15, 3, 16, 2], [17, 6, 18, 7], [19, 4, 20, 5], [21, 15, 22, 14], [23, 13, 24, 12], [1, 11, 2, 10], [3, 9, 4, 8], [5, 16, 6, 17], [7, 18, 8, 19], [9, 21, 10, 20], [11, 23, 12, 22], [13, 1, 14, 24]]"
12a_1136_18,"[[13, 1, 14, 24], [15, 3, 16, 2], [17, 6, 18, 7], [19, 4, 20, 5], [21, 15, 22, 14], [23, 13, 24, 12], [1, 11, 2, 10], [3, 9, 4, 8], [5, 16, 6, 17], [7, 18, 8, 19], [9, 21, 10, 20], [11, 23, 12, 22]]"
12a_1136_19,"[[11, 23, 12, 22], [13, 1, 14, 24], [15, 3, 16, 2], [17, 6, 18, 7], [19, 4, 20, 5], [21, 15, 22, 14], [23, 13, 24, 12], [1, 11, 2, 10], [3, 9, 4, 8], [5, 16, 6, 17], [7, 18, 8, 19], [9, 21, 10, 20]]"
12a_1136_20,"[[9, 21, 10, 20], [11, 23, 12, 22], [13, 1, 14, 24], [15, 3, 16, 2], [17, 6, 18, 7], [19, 4, 20, 5], [21, 15, 22, 14], [23, 13, 24, 12], [1, 11, 2, 10], [3, 9, 4, 8], [5, 16, 6, 17], [7, 18, 8, 19]]"
12a_1136_21,"[[7, 18, 8, 19], [9, 21, 10, 20], [11, 23, 12, 22], [13, 1, 14, 24], [15, 3, 16, 2], [17, 6, 18, 7], [19, 4, 20, 5], [21, 15, 22, 14], [23, 13, 24, 12], [1, 11, 2, 10], [3, 9, 4, 8], [5, 16, 6, 17]]"
12a_1136_22,"[[5, 16, 6, 17], [7, 18, 8, 19], [9, 21, 10, 20], [11, 23, 12, 22], [13, 1, 14, 24], [15, 3, 16, 2], [17, 6, 18, 7], [19, 4, 20, 5], [21, 15, 22, 14], [23, 13, 24, 12], [1, 11, 2, 10], [3, 9, 4, 8]]"
12a_1136_23,"[[3, 9, 4, 8], [5, 16, 6, 17], [7, 18, 8, 19], [9, 21, 10, 20], [11, 23, 12, 22], [13, 1, 14, 24], [15, 3, 16, 2], [17, 6, 18, 7], [19, 4, 20, 5], [21, 15, 22, 14], [23, 13, 24, 12], [1, 11, 2, 10]]"
12a_1136_24,"[[2, 12, 3, 11], [4, 10, 5, 9], [6, 17, 7, 18], [8, 19, 9, 20], [10, 22, 11, 21], [12, 24, 13, 23], [14, 2, 15, 1], [16, 4, 17, 3], [18, 7, 19, 8], [20, 5, 21, 6], [22, 16, 23, 15], [24, 14, 1, 13]]"
12a_1136_25,"[[24, 14, 1, 13], [2, 12, 3, 11], [4, 10, 5, 9], [6, 17, 7, 18], [8, 19, 9, 20], [10, 22, 11, 21], [12, 24, 13, 23], [14, 2, 15, 1], [16, 4, 17, 3], [18, 7, 19, 8], [20, 5, 21, 6], [22, 16, 23, 15]]"
12a_1136_26,"[[22, 16, 23, 15], [24, 14, 1, 13], [2, 12, 3, 11], [4, 10, 5, 9], [6, 17, 7, 18], [8, 19, 9, 20], [10, 22, 11, 21], [12, 24, 13, 23], [14, 2, 15, 1], [16, 4, 17, 3], [18, 7, 19, 8], [20, 5, 21, 6]]"
12a_1136_27,"[[20, 5, 21, 6], [22, 16, 23, 15], [24, 14, 1, 13], [2, 12, 3, 11], [4, 10, 5, 9], [6, 17, 7, 18], [8, 19, 9, 20], [10, 22, 11, 21], [12, 24, 13, 23], [14, 2, 15, 1], [16, 4, 17, 3], [18, 7, 19, 8]]"
12a_1136_28,"[[18, 7, 19, 8], [20, 5, 21, 6], [22, 16, 23, 15], [24, 14, 1, 13], [2, 12, 3, 11], [4, 10, 5, 9], [6, 17, 7, 18], [8, 19, 9, 20], [10, 22, 11, 21], [12, 24, 13, 23], [14, 2, 15, 1], [16, 4, 17, 3]]"
12a_1136_29,"[[16, 4, 17, 3], [18, 7, 19, 8], [20, 5, 21, 6], [22, 16, 23, 15], [24, 14, 1, 13], [2, 12, 3, 11], [4, 10, 5, 9], [6, 17, 7, 18], [8, 19, 9, 20], [10, 22, 11, 21], [12, 24, 13, 23], [14, 2, 15, 1]]"
12a_1136_30,"[[14, 2, 15, 1], [16, 4, 17, 3], [18, 7, 19, 8], [20, 5, 21, 6], [22, 16, 23, 15], [24, 14, 1, 13], [2, 12, 3, 11], [4, 10, 5, 9], [6, 17, 7, 18], [8, 19, 9, 20], [10, 22, 11, 21], [12, 24, 13, 23]]"
12a_1136_31,"[[12, 24, 13, 23], [14, 2, 15, 1], [16, 4, 17, 3], [18, 7, 19, 8], [20, 5, 21, 6], [22, 16, 23, 15], [24, 14, 1, 13], [2, 12, 3, 11], [4, 10, 5, 9], [6, 17, 7, 18], [8, 19, 9, 20], [10, 22, 11, 21]]"
12a_1136_32,"[[10, 22, 11, 21], [12, 24, 13, 23], [14, 2, 15, 1], [16, 4, 17, 3], [18, 7, 19, 8], [20, 5, 21, 6], [22, 16, 23, 15], [24, 14, 1, 13], [2, 12, 3, 11], [4, 10, 5, 9], [6, 17, 7, 18], [8, 19, 9, 20]]"
12a_1136_33,"[[8, 19, 9, 20], [10, 22, 11, 21], [12, 24, 13, 23], [14, 2, 15, 1], [16, 4, 17, 3], [18, 7, 19, 8], [20, 5, 21, 6], [22, 16, 23, 15], [24, 14, 1, 13], [2, 12, 3, 11], [4, 10, 5, 9], [6, 17, 7, 18]]"
12a_1136_34,"[[6, 17, 7, 18], [8, 19, 9, 20], [10, 22, 11, 21], [12, 24, 13, 23], [14, 2, 15, 1], [16, 4, 17, 3], [18, 7, 19, 8], [20, 5, 21, 6], [22, 16, 23, 15], [24, 14, 1, 13], [2, 12, 3, 11], [4, 10, 5, 9]]"
12a_1136_35,"[[4, 10, 5, 9], [6, 17, 7, 18], [8, 19, 9, 20], [10, 22, 11, 21], [12, 24, 13, 23], [14, 2, 15, 1], [16, 4, 17, 3], [18, 7, 19, 8], [20, 5, 21, 6], [22, 16, 23, 15], [24, 14, 1, 13], [2, 12, 3, 11]]"
12a_1136_36,"[[3, 13, 4, 12], [5, 11, 6, 10], [7, 18, 8, 19], [9, 20, 10, 21], [11, 23, 12, 22], [13, 1, 14, 24], [15, 3, 16, 2], [17, 5, 18, 4], [19, 8, 20, 9], [21, 6, 22, 7], [23, 17, 24, 16], [1, 15, 2, 14]]"
12a_1136_37,"[[1, 15, 2, 14], [3, 13, 4, 12], [5, 11, 6, 10], [7, 18, 8, 19], [9, 20, 10, 21], [11, 23, 12, 22], [13, 1, 14, 24], [15, 3, 16, 2], [17, 5, 18, 4], [19, 8, 20, 9], [21, 6, 22, 7], [23, 17, 24, 16]]"
12a_1136_38,"[[23, 17, 24, 16], [1, 15, 2, 14], [3, 13, 4, 12], [5, 11, 6, 10], [7, 18, 8, 19], [9, 20, 10, 21], [11, 23, 12, 22], [13, 1, 14, 24], [15, 3, 16, 2], [17, 5, 18, 4], [19, 8, 20, 9], [21, 6, 22, 7]]"
12a_1136_39,"[[21, 6, 22, 7], [23, 17, 24, 16], [1, 15, 2, 14], [3, 13, 4, 12], [5, 11, 6, 10], [7, 18, 8, 19], [9, 20, 10, 21], [11, 23, 12, 22], [13, 1, 14, 24], [15, 3, 16, 2], [17, 5, 18, 4], [19, 8, 20, 9]]"
12a_1136_40,"[[19, 8, 20, 9], [21, 6, 22, 7], [23, 17, 24, 16], [1, 15, 2, 14], [3, 13, 4, 12], [5, 11, 6, 10], [7, 18, 8, 19], [9, 20, 10, 21], [11, 23, 12, 22], [13, 1, 14, 24], [15, 3, 16, 2], [17, 5, 18, 4]]"
12a_1136_41,"[[17, 5, 18, 4], [19, 8, 20, 9], [21, 6, 22, 7], [23, 17, 24, 16], [1, 15, 2, 14], [3, 13, 4, 12], [5, 11, 6, 10], [7, 18, 8, 19], [9, 20, 10, 21], [11, 23, 12, 22], [13, 1, 14, 24], [15, 3, 16, 2]]"
12a_1136_42,"[[15, 3, 16, 2], [17, 5, 18, 4], [19, 8, 20, 9], [21, 6, 22, 7], [23, 17, 24, 16], [1, 15, 2, 14], [3, 13, 4, 12], [5, 11, 6, 10], [7, 18, 8, 19], [9, 20, 10, 21], [11, 23, 12, 22], [13, 1, 14, 24]]"
12a_1136_43,"[[13, 1, 14, 24], [15, 3, 16, 2], [17, 5, 18, 4], [19, 8, 20, 9], [21, 6, 22, 7], [23, 17, 24, 16], [1, 15, 2, 14], [3, 13, 4, 12], [5, 11, 6, 10], [7, 18, 8, 19], [9, 20, 10, 21], [11, 23, 12, 22]]"
12a_1136_44,"[[11, 23, 12, 22], [13, 1, 14, 24], [15, 3, 16, 2], [17, 5, 18, 4], [19, 8, 20, 9], [21, 6, 22, 7], [23, 17, 24, 16], [1, 15, 2, 14], [3, 13, 4, 12], [5, 11, 6, 10], [7, 18, 8, 19], [9, 20, 10, 21]]"
12a_1136_45,"[[9, 20, 10, 21], [11, 23, 12, 22], [13, 1, 14, 24], [15, 3, 16, 2], [17, 5, 18, 4], [19, 8, 20, 9], [21, 6, 22, 7], [23, 17, 24, 16], [1, 15, 2, 14], [3, 13, 4, 12], [5, 11, 6, 10], [7, 18, 8, 19]]"
12a_1136_46,"[[7, 18, 8, 19], [9, 20, 10, 21], [11, 23, 12, 22], [13, 1, 14, 24], [15, 3, 16, 2], [17, 5, 18, 4], [19, 8, 20, 9], [21, 6, 22, 7], [23, 17, 24, 16], [1, 15, 2, 14], [3, 13, 4, 12], [5, 11, 6, 10]]"
12a_1136_47,"[[5, 11, 6, 10], [7, 18, 8, 19], [9, 20, 10, 21], [11, 23, 12, 22], [13, 1, 14, 24], [15, 3, 16, 2], [17, 5, 18, 4], [19, 8, 20, 9], [21, 6, 22, 7], [23, 17, 24, 16], [1, 15, 2, 14], [3, 13, 4, 12]]"
12a_1136_48,"[[4, 14, 5, 13], [6, 12, 7, 11], [8, 19, 9, 20], [10, 21, 11, 22], [12, 24, 13, 23], [14, 2, 15, 1], [16, 4, 17, 3], [18, 6, 19, 5], [20, 9, 21, 10], [22, 7, 23, 8], [24, 18, 1, 17], [2, 16, 3, 15]]"
12a_1136_49,"[[2, 16, 3, 15], [4, 14, 5, 13], [6, 12, 7, 11], [8, 19, 9, 20], [10, 21, 11, 22], [12, 24, 13, 23], [14, 2, 15, 1], [16, 4, 17, 3], [18, 6, 19, 5], [20, 9, 21, 10], [22, 7, 23, 8], [24, 18, 1, 17]]"
12a_1136_50,"[[24, 18, 1, 17], [2, 16, 3, 15], [4, 14, 5, 13], [6, 12, 7, 11], [8, 19, 9, 20], [10, 21, 11, 22], [12, 24, 13, 23], [14, 2, 15, 1], [16, 4, 17, 3], [18, 6, 19, 5], [20, 9, 21, 10], [22, 7, 23, 8]]"
12a_1136_51,"[[22, 7, 23, 8], [24, 18, 1, 17], [2, 16, 3, 15], [4, 14, 5, 13], [6, 12, 7, 11], [8, 19, 9, 20], [10, 21, 11, 22], [12, 24, 13, 23], [14, 2, 15, 1], [16, 4, 17, 3], [18, 6, 19, 5], [20, 9, 21, 10]]"
12a_1136_52,"[[20, 9, 21, 10], [22, 7, 23, 8], [24, 18, 1, 17], [2, 16, 3, 15], [4, 14, 5, 13], [6, 12, 7, 11], [8, 19, 9, 20], [10, 21, 11, 22], [12, 24, 13, 23], [14, 2, 15, 1], [16, 4, 17, 3], [18, 6, 19, 5]]"
12a_1136_53,"[[18, 6, 19, 5], [20, 9, 21, 10], [22, 7, 23, 8], [24, 18, 1, 17], [2, 16, 3, 15], [4, 14, 5, 13], [6, 12, 7, 11], [8, 19, 9, 20], [10, 21, 11, 22], [12, 24, 13, 23], [14, 2, 15, 1], [16, 4, 17, 3]]"
12a_1136_54,"[[16, 4, 17, 3], [18, 6, 19, 5], [20, 9, 21, 10], [22, 7, 23, 8], [24, 18, 1, 17], [2, 16, 3, 15], [4, 14, 5, 13], [6, 12, 7, 11], [8, 19, 9, 20], [10, 21, 11, 22], [12, 24, 13, 23], [14, 2, 15, 1]]"
12a_1136_55,"[[14, 2, 15, 1], [16, 4, 17, 3], [18, 6, 19, 5], [20, 9, 21, 10], [22, 7, 23, 8], [24, 18, 1, 17], [2, 16, 3, 15], [4, 14, 5, 13], [6, 12, 7, 11], [8, 19, 9, 20], [10, 21, 11, 22], [12, 24, 13, 23]]"
12a_1136_56,"[[12, 24, 13, 23], [14, 2, 15, 1], [16, 4, 17, 3], [18, 6, 19, 5], [20, 9, 21, 10], [22, 7, 23, 8], [24, 18, 1, 17], [2, 16, 3, 15], [4, 14, 5, 13], [6, 12, 7, 11], [8, 19, 9, 20], [10, 21, 11, 22]]"
12a_1136_57,"[[10, 21, 11, 22], [12, 24, 13, 23], [14, 2, 15, 1], [16, 4, 17, 3], [18, 6, 19, 5], [20, 9, 21, 10], [22, 7, 23, 8], [24, 18, 1, 17], [2, 16, 3, 15], [4, 14, 5, 13], [6, 12, 7, 11], [8, 19, 9, 20]]"
12a_1136_58,"[[8, 19, 9, 20], [10, 21, 11, 22], [12, 24, 13, 23], [14, 2, 15, 1], [16, 4, 17, 3], [18, 6, 19, 5], [20, 9, 21, 10], [22, 7, 23, 8], [24, 18, 1, 17], [2, 16, 3, 15], [4, 14, 5, 13], [6, 12, 7, 11]]"
12a_1136_59,"[[6, 12, 7, 11], [8, 19, 9, 20], [10, 21, 11, 22], [12, 24, 13, 23], [14, 2, 15, 1], [16, 4, 17, 3], [18, 6, 19, 5], [20, 9, 21, 10], [22, 7, 23, 8], [24, 18, 1, 17], [2, 16, 3, 15], [4, 14, 5, 13]]"
12a_1136_60,"[[5, 15, 6, 14], [7, 13, 8, 12], [9, 20, 10, 21], [11, 22, 12, 23], [13, 1, 14, 24], [15, 3, 16, 2], [17, 5, 18, 4], [19, 7, 20, 6], [21, 10, 22, 11], [23, 8, 24, 9], [1, 19, 2, 18], [3, 17, 4, 16]]"
12a_1136_61,"[[3, 17, 4, 16], [5, 15, 6, 14], [7, 13, 8, 12], [9, 20, 10, 21], [11, 22, 12, 23], [13, 1, 14, 24], [15, 3, 16, 2], [17, 5, 18, 4], [19, 7, 20, 6], [21, 10, 22, 11], [23, 8, 24, 9], [1, 19, 2, 18]]"
12a_1136_62,"[[1, 19, 2, 18], [3, 17, 4, 16], [5, 15, 6, 14], [7, 13, 8, 12], [9, 20, 10, 21], [11, 22, 12, 23], [13, 1, 14, 24], [15, 3, 16, 2], [17, 5, 18, 4], [19, 7, 20, 6], [21, 10, 22, 11], [23, 8, 24, 9]]"
12a_1136_63,"[[23, 8, 24, 9], [1, 19, 2, 18], [3, 17, 4, 16], [5, 15, 6, 14], [7, 13, 8, 12], [9, 20, 10, 21], [11, 22, 12, 23], [13, 1, 14, 24], [15, 3, 16, 2], [17, 5, 18, 4], [19, 7, 20, 6], [21, 10, 22, 11]]"
12a_1136_64,"[[21, 10, 22, 11], [23, 8, 24, 9], [1, 19, 2, 18], [3, 17, 4, 16], [5, 15, 6, 14], [7, 13, 8, 12], [9, 20, 10, 21], [11, 22, 12, 23], [13, 1, 14, 24], [15, 3, 16, 2], [17, 5, 18, 4], [19, 7, 20, 6]]"
12a_1136_65,"[[19, 7, 20, 6], [21, 10, 22, 11], [23, 8, 24, 9], [1, 19, 2, 18], [3, 17, 4, 16], [5, 15, 6, 14], [7, 13, 8, 12], [9, 20, 10, 21], [11, 22, 12, 23], [13, 1, 14, 24], [15, 3, 16, 2], [17, 5, 18, 4]]"
12a_1136_66,"[[17, 5, 18, 4], [19, 7, 20, 6], [21, 10, 22, 11], [23, 8, 24, 9], [1, 19, 2, 18], [3, 17, 4, 16], [5, 15, 6, 14], [7, 13, 8, 12], [9, 20, 10, 21], [11, 22, 12, 23], [13, 1, 14, 24], [15, 3, 16, 2]]"
12a_1136_67,"[[15, 3, 16, 2], [17, 5, 18, 4], [19, 7, 20, 6], [21, 10, 22, 11], [23, 8, 24, 9], [1, 19, 2, 18], [3, 17, 4, 16], [5, 15, 6, 14], [7, 13, 8, 12], [9, 20, 10, 21], [11, 22, 12, 23], [13, 1, 14, 24]]"
12a_1136_68,"[[13, 1, 14, 24], [15, 3, 16, 2], [17, 5, 18, 4], [19, 7, 20, 6], [21, 10, 22, 11], [23, 8, 24, 9], [1, 19, 2, 18], [3, 17, 4, 16], [5, 15, 6, 14], [7, 13, 8, 12], [9, 20, 10, 21], [11, 22, 12, 23]]"
12a_1136_69,"[[11, 22, 12, 23], [13, 1, 14, 24], [15, 3, 16, 2], [17, 5, 18, 4], [19, 7, 20, 6], [21, 10, 22, 11], [23, 8, 24, 9], [1, 19, 2, 18], [3, 17, 4, 16], [5, 15, 6, 14], [7, 13, 8, 12], [9, 20, 10, 21]]"
12a_1136_70,"[[9, 20, 10, 21], [11, 22, 12, 23], [13, 1, 14, 24], [15, 3, 16, 2], [17, 5, 18, 4], [19, 7, 20, 6], [21, 10, 22, 11], [23, 8, 24, 9], [1, 19, 2, 18], [3, 17, 4, 16], [5, 15, 6, 14], [7, 13, 8, 12]]"
12a_1136_71,"[[7, 13, 8, 12], [9, 20, 10, 21], [11, 22, 12, 23], [13, 1, 14, 24], [15, 3, 16, 2], [17, 5, 18, 4], [19, 7, 20, 6], [21, 10, 22, 11], [23, 8, 24, 9], [1, 19, 2, 18], [3, 17, 4, 16], [5, 15, 6, 14]]"
12a_1136_72,"[[6, 16, 7, 15], [8, 14, 9, 13], [10, 21, 11, 22], [12, 23, 13, 24], [14, 2, 15, 1], [16, 4, 17, 3], [18, 6, 19, 5], [20, 8, 21, 7], [22, 11, 23, 12], [24, 9, 1, 10], [2, 20, 3, 19], [4, 18, 5, 17]]"
12a_1136_73,"[[4, 18, 5, 17], [6, 16, 7, 15], [8, 14, 9, 13], [10, 21, 11, 22], [12, 23, 13, 24], [14, 2, 15, 1], [16, 4, 17, 3], [18, 6, 19, 5], [20, 8, 21, 7], [22, 11, 23, 12], [24, 9, 1, 10], [2, 20, 3, 19]]"
12a_1136_74,"[[2, 20, 3, 19], [4, 18, 5, 17], [6, 16, 7, 15], [8, 14, 9, 13], [10, 21, 11, 22], [12, 23, 13, 24], [14, 2, 15, 1], [16, 4, 17, 3], [18, 6, 19, 5], [20, 8, 21, 7], [22, 11, 23, 12], [24, 9, 1, 10]]"
12a_1136_75,"[[24, 9, 1, 10], [2, 20, 3, 19], [4, 18, 5, 17], [6, 16, 7, 15], [8, 14, 9, 13], [10, 21, 11, 22], [12, 23, 13, 24], [14, 2, 15, 1], [16, 4, 17, 3], [18, 6, 19, 5], [20, 8, 21, 7], [22, 11, 23, 12]]"
12a_1136_76,"[[22, 11, 23, 12], [24, 9, 1, 10], [2, 20, 3, 19], [4, 18, 5, 17], [6, 16, 7, 15], [8, 14, 9, 13], [10, 21, 11, 22], [12, 23, 13, 24], [14, 2, 15, 1], [16, 4, 17, 3], [18, 6, 19, 5], [20, 8, 21, 7]]"
12a_1136_77,"[[20, 8, 21, 7], [22, 11, 23, 12], [24, 9, 1, 10], [2, 20, 3, 19], [4, 18, 5, 17], [6, 16, 7, 15], [8, 14, 9, 13], [10, 21, 11, 22], [12, 23, 13, 24], [14, 2, 15, 1], [16, 4, 17, 3], [18, 6, 19, 5]]"
12a_1136_78,"[[18, 6, 19, 5], [20, 8, 21, 7], [22, 11, 23, 12], [24, 9, 1, 10], [2, 20, 3, 19], [4, 18, 5, 17], [6, 16, 7, 15], [8, 14, 9, 13], [10, 21, 11, 22], [12, 23, 13, 24], [14, 2, 15, 1], [16, 4, 17, 3]]"
12a_1136_79,"[[16, 4, 17, 3], [18, 6, 19, 5], [20, 8, 21, 7], [22, 11, 23, 12], [24, 9, 1, 10], [2, 20, 3, 19], [4, 18, 5, 17], [6, 16, 7, 15], [8, 14, 9, 13], [10, 21, 11, 22], [12, 23, 13, 24], [14, 2, 15, 1]]"
12a_1136_80,"[[14, 2, 15, 1], [16, 4, 17, 3], [18, 6, 19, 5], [20, 8, 21, 7], [22, 11, 23, 12], [24, 9, 1, 10], [2, 20, 3, 19], [4, 18, 5, 17], [6, 16, 7, 15], [8, 14, 9, 13], [10, 21, 11, 22], [12, 23, 13, 24]]"
12a_1136_81,"[[12, 23, 13, 24], [14, 2, 15, 1], [16, 4, 17, 3], [18, 6, 19, 5], [20, 8, 21, 7], [22, 11, 23, 12], [24, 9, 1, 10], [2, 20, 3, 19], [4, 18, 5, 17], [6, 16, 7, 15], [8, 14, 9, 13], [10, 21, 11, 22]]"
12a_1136_82,"[[10, 21, 11, 22], [12, 23, 13, 24], [14, 2, 15, 1], [16, 4, 17, 3], [18, 6, 19, 5], [20, 8, 21, 7], [22, 11, 23, 12], [24, 9, 1, 10], [2, 20, 3, 19], [4, 18, 5, 17], [6, 16, 7, 15], [8, 14, 9, 13]]"
12a_1136_83,"[[8, 14, 9, 13], [10, 21, 11, 22], [12, 23, 13, 24], [14, 2, 15, 1], [16, 4, 17, 3], [18, 6, 19, 5], [20, 8, 21, 7], [22, 11, 23, 12], [24, 9, 1, 10], [2, 20, 3, 19], [4, 18, 5, 17], [6, 16, 7, 15]]"
12a_1136_84,"[[7, 17, 8, 16], [9, 15, 10, 14], [11, 22, 12, 23], [13, 24, 14, 1], [15, 3, 16, 2], [17, 5, 18, 4], [19, 7, 20, 6], [21, 9, 22, 8], [23, 12, 24, 13], [1, 10, 2, 11], [3, 21, 4, 20], [5, 19, 6, 18]]"
12a_1136_85,"[[5, 19, 6, 18], [7, 17, 8, 16], [9, 15, 10, 14], [11, 22, 12, 23], [13, 24, 14, 1], [15, 3, 16, 2], [17, 5, 18, 4], [19, 7, 20, 6], [21, 9, 22, 8], [23, 12, 24, 13], [1, 10, 2, 11], [3, 21, 4, 20]]"
12a_1136_86,"[[3, 21, 4, 20], [5, 19, 6, 18], [7, 17, 8, 16], [9, 15, 10, 14], [11, 22, 12, 23], [13, 24, 14, 1], [15, 3, 16, 2], [17, 5, 18, 4], [19, 7, 20, 6], [21, 9, 22, 8], [23, 12, 24, 13], [1, 10, 2, 11]]"
12a_1136_87,"[[1, 10, 2, 11], [3, 21, 4, 20], [5, 19, 6, 18], [7, 17, 8, 16], [9, 15, 10, 14], [11, 22, 12, 23], [13, 24, 14, 1], [15, 3, 16, 2], [17, 5, 18, 4], [19, 7, 20, 6], [21, 9, 22, 8], [23, 12, 24, 13]]"
12a_1136_88,"[[23, 12, 24, 13], [1, 10, 2, 11], [3, 21, 4, 20], [5, 19, 6, 18], [7, 17, 8, 16], [9, 15, 10, 14], [11, 22, 12, 23], [13, 24, 14, 1], [15, 3, 16, 2], [17, 5, 18, 4], [19, 7, 20, 6], [21, 9, 22, 8]]"
12a_1136_89,"[[21, 9, 22, 8], [23, 12, 24, 13], [1, 10, 2, 11], [3, 21, 4, 20], [5, 19, 6, 18], [7, 17, 8, 16], [9, 15, 10, 14], [11, 22, 12, 23], [13, 24, 14, 1], [15, 3, 16, 2], [17, 5, 18, 4], [19, 7, 20, 6]]"
12a_1136_90,"[[19, 7, 20, 6], [21, 9, 22, 8], [23, 12, 24, 13], [1, 10, 2, 11], [3, 21, 4, 20], [5, 19, 6, 18], [7, 17, 8, 16], [9, 15, 10, 14], [11, 22, 12, 23], [13, 24, 14, 1], [15, 3, 16, 2], [17, 5, 18, 4]]"
12a_1136_91,"[[17, 5, 18, 4], [19, 7, 20, 6], [21, 9, 22, 8], [23, 12, 24, 13], [1, 10, 2, 11], [3, 21, 4, 20], [5, 19, 6, 18], [7, 17, 8, 16], [9, 15, 10, 14], [11, 22, 12, 23], [13, 24, 14, 1], [15, 3, 16, 2]]"
12a_1136_92,"[[15, 3, 16, 2], [17, 5, 18, 4], [19, 7, 20, 6], [21, 9, 22, 8], [23, 12, 24, 13], [1, 10, 2, 11], [3, 21, 4, 20], [5, 19, 6, 18], [7, 17, 8, 16], [9, 15, 10, 14], [11, 22, 12, 23], [13, 24, 14, 1]]"
12a_1136_93,"[[13, 24, 14, 1], [15, 3, 16, 2], [17, 5, 18, 4], [19, 7, 20, 6], [21, 9, 22, 8], [23, 12, 24, 13], [1, 10, 2, 11], [3, 21, 4, 20], [5, 19, 6, 18], [7, 17, 8, 16], [9, 15, 10, 14], [11, 22, 12, 23]]"
12a_1136_94,"[[11, 22, 12, 23], [13, 24, 14, 1], [15, 3, 16, 2], [17, 5, 18, 4], [19, 7, 20, 6], [21, 9, 22, 8], [23, 12, 24, 13], [1, 10, 2, 11], [3, 21, 4, 20], [5, 19, 6, 18], [7, 17, 8, 16], [9, 15, 10, 14]]"
12a_1136_95,"[[9, 15, 10, 14], [11, 22, 12, 23], [13, 24, 14, 1], [15, 3, 16, 2], [17, 5, 18, 4], [19, 7, 20, 6], [21, 9, 22, 8], [23, 12, 24, 13], [1, 10, 2, 11], [3, 21, 4, 20], [5, 19, 6, 18], [7, 17, 8, 16]]"
12a_1136_96,"[[8, 18, 9, 17], [10, 16, 11, 15], [12, 23, 13, 24], [14, 1, 15, 2], [16, 4, 17, 3], [18, 6, 19, 5], [20, 8, 21, 7], [22, 10, 23, 9], [24, 13, 1, 14], [2, 11, 3, 12], [4, 22, 5, 21], [6, 20, 7, 19]]"
12a_1136_97,"[[6, 20, 7, 19], [8, 18, 9, 17], [10, 16, 11, 15], [12, 23, 13, 24], [14, 1, 15, 2], [16, 4, 17, 3], [18, 6, 19, 5], [20, 8, 21, 7], [22, 10, 23, 9], [24, 13, 1, 14], [2, 11, 3, 12], [4, 22, 5, 21]]"
12a_1136_98,"[[4, 22, 5, 21], [6, 20, 7, 19], [8, 18, 9, 17], [10, 16, 11, 15], [12, 23, 13, 24], [14, 1, 15, 2], [16, 4, 17, 3], [18, 6, 19, 5], [20, 8, 21, 7], [22, 10, 23, 9], [24, 13, 1, 14], [2, 11, 3, 12]]"
12a_1136_99,"[[2, 11, 3, 12], [4, 22, 5, 21], [6, 20, 7, 19], [8, 18, 9, 17], [10, 16, 11, 15], [12, 23, 13, 24], [14, 1, 15, 2], [16, 4, 17, 3], [18, 6, 19, 5], [20, 8, 21, 7], [22, 10, 23, 9], [24, 13, 1, 14]]"
12a_1136_100,"[[24, 13, 1, 14], [2, 11, 3, 12], [4, 22, 5, 21], [6, 20, 7, 19], [8, 18, 9, 17], [10, 16, 11, 15], [12, 23, 13, 24], [14, 1, 15, 2], [16, 4, 17, 3], [18, 6, 19, 5], [20, 8, 21, 7], [22, 10, 23, 9]]"
12a_1136_101,"[[22, 10, 23, 9], [24, 13, 1, 14], [2, 11, 3, 12], [4, 22, 5, 21], [6, 20, 7, 19], [8, 18, 9, 17], [10, 16, 11, 15], [12, 23, 13, 24], [14, 1, 15, 2], [16, 4, 17, 3], [18, 6, 19, 5], [20, 8, 21, 7]]"
12a_1136_102,"[[20, 8, 21, 7], [22, 10, 23, 9], [24, 13, 1, 14], [2, 11, 3, 12], [4, 22, 5, 21], [6, 20, 7, 19], [8, 18, 9, 17], [10, 16, 11, 15], [12, 23, 13, 24], [14, 1, 15, 2], [16, 4, 17, 3], [18, 6, 19, 5]]"
12a_1136_103,"[[18, 6, 19, 5], [20, 8, 21, 7], [22, 10, 23, 9], [24, 13, 1, 14], [2, 11, 3, 12], [4, 22, 5, 21], [6, 20, 7, 19], [8, 18, 9, 17], [10, 16, 11, 15], [12, 23, 13, 24], [14, 1, 15, 2], [16, 4, 17, 3]]"
12a_1136_104,"[[16, 4, 17, 3], [18, 6, 19, 5], [20, 8, 21, 7], [22, 10, 23, 9], [24, 13, 1, 14], [2, 11, 3, 12], [4, 22, 5, 21], [6, 20, 7, 19], [8, 18, 9, 17], [10, 16, 11, 15], [12, 23, 13, 24], [14, 1, 15, 2]]"
12a_1136_105,"[[14, 1, 15, 2], [16, 4, 17, 3], [18, 6, 19, 5], [20, 8, 21, 7], [22, 10, 23, 9], [24, 13, 1, 14], [2, 11, 3, 12], [4, 22, 5, 21], [6, 20, 7, 19], [8, 18, 9, 17], [10, 16, 11, 15], [12, 23, 13, 24]]"
12a_1136_106,"[[12, 23, 13, 24], [14, 1, 15, 2], [16, 4, 17, 3], [18, 6, 19, 5], [20, 8, 21, 7], [22, 10, 23, 9], [24, 13, 1, 14], [2, 11, 3, 12], [4, 22, 5, 21], [6, 20, 7, 19], [8, 18, 9, 17], [10, 16, 11, 15]]"
12a_1136_107,"[[10, 16, 11, 15], [12, 23, 13, 24], [14, 1, 15, 2], [16, 4, 17, 3], [18, 6, 19, 5], [20, 8, 21, 7], [22, 10, 23, 9], [24, 13, 1, 14], [2, 11, 3, 12], [4, 22, 5, 21], [6, 20, 7, 19], [8, 18, 9, 17]]"
12a_1136_108,"[[9, 19, 10, 18], [11, 17, 12, 16], [13, 24, 14, 1], [15, 2, 16, 3], [17, 5, 18, 4], [19, 7, 20, 6], [21, 9, 22, 8], [23, 11, 24, 10], [1, 14, 2, 15], [3, 12, 4, 13], [5, 23, 6, 22], [7, 21, 8, 20]]"
12a_1136_109,"[[7, 21, 8, 20], [9, 19, 10, 18], [11, 17, 12, 16], [13, 24, 14, 1], [15, 2, 16, 3], [17, 5, 18, 4], [19, 7, 20, 6], [21, 9, 22, 8], [23, 11, 24, 10], [1, 14, 2, 15], [3, 12, 4, 13], [5, 23, 6, 22]]"
12a_1136_110,"[[5, 23, 6, 22], [7, 21, 8, 20], [9, 19, 10, 18], [11, 17, 12, 16], [13, 24, 14, 1], [15, 2, 16, 3], [17, 5, 18, 4], [19, 7, 20, 6], [21, 9, 22, 8], [23, 11, 24, 10], [1, 14, 2, 15], [3, 12, 4, 13]]"
12a_1136_111,"[[3, 12, 4, 13], [5, 23, 6, 22], [7, 21, 8, 20], [9, 19, 10, 18], [11, 17, 12, 16], [13, 24, 14, 1], [15, 2, 16, 3], [17, 5, 18, 4], [19, 7, 20, 6], [21, 9, 22, 8], [23, 11, 24, 10], [1, 14, 2, 15]]"
12a_1136_112,"[[1, 14, 2, 15], [3, 12, 4, 13], [5, 23, 6, 22], [7, 21, 8, 20], [9, 19, 10, 18], [11, 17, 12, 16], [13, 24, 14, 1], [15, 2, 16, 3], [17, 5, 18, 4], [19, 7, 20, 6], [21, 9, 22, 8], [23, 11, 24, 10]]"
12a_1136_113,"[[23, 11, 24, 10], [1, 14, 2, 15], [3, 12, 4, 13], [5, 23, 6, 22], [7, 21, 8, 20], [9, 19, 10, 18], [11, 17, 12, 16], [13, 24, 14, 1], [15, 2, 16, 3], [17, 5, 18, 4], [19, 7, 20, 6], [21, 9, 22, 8]]"
12a_1136_114,"[[21, 9, 22, 8], [23, 11, 24, 10], [1, 14, 2, 15], [3, 12, 4, 13], [5, 23, 6, 22], [7, 21, 8, 20], [9, 19, 10, 18], [11, 17, 12, 16], [13, 24, 14, 1], [15, 2, 16, 3], [17, 5, 18, 4], [19, 7, 20, 6]]"
12a_1136_115,"[[19, 7, 20, 6], [21, 9, 22, 8], [23, 11, 24, 10], [1, 14, 2, 15], [3, 12, 4, 13], [5, 23, 6, 22], [7, 21, 8, 20], [9, 19, 10, 18], [11, 17, 12, 16], [13, 24, 14, 1], [15, 2, 16, 3], [17, 5, 18, 4]]"
12a_1136_116,"[[17, 5, 18, 4], [19, 7, 20, 6], [21, 9, 22, 8], [23, 11, 24, 10], [1, 14, 2, 15], [3, 12, 4, 13], [5, 23, 6, 22], [7, 21, 8, 20], [9, 19, 10, 18], [11, 17, 12, 16], [13, 24, 14, 1], [15, 2, 16, 3]]"
12a_1136_117,"[[15, 2, 16, 3], [17, 5, 18, 4], [19, 7, 20, 6], [21, 9, 22, 8], [23, 11, 24, 10], [1, 14, 2, 15], [3, 12, 4, 13], [5, 23, 6, 22], [7, 21, 8, 20], [9, 19, 10, 18], [11, 17, 12, 16], [13, 24, 14, 1]]"
12a_1136_118,"[[13, 24, 14, 1], [15, 2, 16, 3], [17, 5, 18, 4], [19, 7, 20, 6], [21, 9, 22, 8], [23, 11, 24, 10], [1, 14, 2, 15], [3, 12, 4, 13], [5, 23, 6, 22], [7, 21, 8, 20], [9, 19, 10, 18], [11, 17, 12, 16]]"
12a_1136_119,"[[11, 17, 12, 16], [13, 24, 14, 1], [15, 2, 16, 3], [17, 5, 18, 4], [19, 7, 20, 6], [21, 9, 22, 8], [23, 11, 24, 10], [1, 14, 2, 15], [3, 12, 4, 13], [5, 23, 6, 22], [7, 21, 8, 20], [9, 19, 10, 18]]"
12a_1136_120,"[[10, 20, 11, 19], [12, 18, 13, 17], [14, 1, 15, 2], [16, 3, 17, 4], [18, 6, 19, 5], [20, 8, 21, 7], [22, 10, 23, 9], [24, 12, 1, 11], [2, 15, 3, 16], [4, 13, 5, 14], [6, 24, 7, 23], [8, 22, 9, 21]]"
12a_1136_121,"[[8, 22, 9, 21], [10, 20, 11, 19], [12, 18, 13, 17], [14, 1, 15, 2], [16, 3, 17, 4], [18, 6, 19, 5], [20, 8, 21, 7], [22, 10, 23, 9], [24, 12, 1, 11], [2, 15, 3, 16], [4, 13, 5, 14], [6, 24, 7, 23]]"
12a_1136_122,"[[6, 24, 7, 23], [8, 22, 9, 21], [10, 20, 11, 19], [12, 18, 13, 17], [14, 1, 15, 2], [16, 3, 17, 4], [18, 6, 19, 5], [20, 8, 21, 7], [22, 10, 23, 9], [24, 12, 1, 11], [2, 15, 3, 16], [4, 13, 5, 14]]"
12a_1136_123,"[[4, 13, 5, 14], [6, 24, 7, 23], [8, 22, 9, 21], [10, 20, 11, 19], [12, 18, 13, 17], [14, 1, 15, 2], [16, 3, 17, 4], [18, 6, 19, 5], [20, 8, 21, 7], [22, 10, 23, 9], [24, 12, 1, 11], [2, 15, 3, 16]]"
12a_1136_124,"[[2, 15, 3, 16], [4, 13, 5, 14], [6, 24, 7, 23], [8, 22, 9, 21], [10, 20, 11, 19], [12, 18, 13, 17], [14, 1, 15, 2], [16, 3, 17, 4], [18, 6, 19, 5], [20, 8, 21, 7], [22, 10, 23, 9], [24, 12, 1, 11]]"
12a_1136_125,"[[24, 12, 1, 11], [2, 15, 3, 16], [4, 13, 5, 14], [6, 24, 7, 23], [8, 22, 9, 21], [10, 20, 11, 19], [12, 18, 13, 17], [14, 1, 15, 2], [16, 3, 17, 4], [18, 6, 19, 5], [20, 8, 21, 7], [22, 10, 23, 9]]"
12a_1136_126,"[[22, 10, 23, 9], [24, 12, 1, 11], [2, 15, 3, 16], [4, 13, 5, 14], [6, 24, 7, 23], [8, 22, 9, 21], [10, 20, 11, 19], [12, 18, 13, 17], [14, 1, 15, 2], [16, 3, 17, 4], [18, 6, 19, 5], [20, 8, 21, 7]]"
12a_1136_127,"[[20, 8, 21, 7], [22, 10, 23, 9], [24, 12, 1, 11], [2, 15, 3, 16], [4, 13, 5, 14], [6, 24, 7, 23], [8, 22, 9, 21], [10, 20, 11, 19], [12, 18, 13, 17], [14, 1, 15, 2], [16, 3, 17, 4], [18, 6, 19, 5]]"
12a_1136_128,"[[18, 6, 19, 5], [20, 8, 21, 7], [22, 10, 23, 9], [24, 12, 1, 11], [2, 15, 3, 16], [4, 13, 5, 14], [6, 24, 7, 23], [8, 22, 9, 21], [10, 20, 11, 19], [12, 18, 13, 17], [14, 1, 15, 2], [16, 3, 17, 4]]"
12a_1136_129,"[[16, 3, 17, 4], [18, 6, 19, 5], [20, 8, 21, 7], [22, 10, 23, 9], [24, 12, 1, 11], [2, 15, 3, 16], [4, 13, 5, 14], [6, 24, 7, 23], [8, 22, 9, 21], [10, 20, 11, 19], [12, 18, 13, 17], [14, 1, 15, 2]]"
12a_1136_130,"[[14, 1, 15, 2], [16, 3, 17, 4], [18, 6, 19, 5], [20, 8, 21, 7], [22, 10, 23, 9], [24, 12, 1, 11], [2, 15, 3, 16], [4, 13, 5, 14], [6, 24, 7, 23], [8, 22, 9, 21], [10, 20, 11, 19], [12, 18, 13, 17]]"
12a_1136_131,"[[12, 18, 13, 17], [14, 1, 15, 2], [16, 3, 17, 4], [18, 6, 19, 5], [20, 8, 21, 7], [22, 10, 23, 9], [24, 12, 1, 11], [2, 15, 3, 16], [4, 13, 5, 14], [6, 24, 7, 23], [8, 22, 9, 21], [10, 20, 11, 19]]"
12a_1136_132,"[[11, 21, 12, 20], [13, 19, 14, 18], [15, 2, 16, 3], [17, 4, 18, 5], [19, 7, 20, 6], [21, 9, 22, 8], [23, 11, 24, 10], [1, 13, 2, 12], [3, 16, 4, 17], [5, 14, 6, 15], [7, 1, 8, 24], [9, 23, 10, 22]]"
12a_1136_133,"[[9, 23, 10, 22], [11, 21, 12, 20], [13, 19, 14, 18], [15, 2, 16, 3], [17, 4, 18, 5], [19, 7, 20, 6], [21, 9, 22, 8], [23, 11, 24, 10], [1, 13, 2, 12], [3, 16, 4, 17], [5, 14, 6, 15], [7, 1, 8, 24]]"
12a_1136_134,"[[7, 1, 8, 24], [9, 23, 10, 22], [11, 21, 12, 20], [13, 19, 14, 18], [15, 2, 16, 3], [17, 4, 18, 5], [19, 7, 20, 6], [21, 9, 22, 8], [23, 11, 24, 10], [1, 13, 2, 12], [3, 16, 4, 17], [5, 14, 6, 15]]"
12a_1136_135,"[[5, 14, 6, 15], [7, 1, 8, 24], [9, 23, 10, 22], [11, 21, 12, 20], [13, 19, 14, 18], [15, 2, 16, 3], [17, 4, 18, 5], [19, 7, 20, 6], [21, 9, 22, 8], [23, 11, 24, 10], [1, 13, 2, 12], [3, 16, 4, 17]]"
12a_1136_136,"[[3, 16, 4, 17], [5, 14, 6, 15], [7, 1, 8, 24], [9, 23, 10, 22], [11, 21, 12, 20], [13, 19, 14, 18], [15, 2, 16, 3], [17, 4, 18, 5], [19, 7, 20, 6], [21, 9, 22, 8], [23, 11, 24, 10], [1, 13, 2, 12]]"
12a_1136_137,"[[1, 13, 2, 12], [3, 16, 4, 17], [5, 14, 6, 15], [7, 1, 8, 24], [9, 23, 10, 22], [11, 21, 12, 20], [13, 19, 14, 18], [15, 2, 16, 3], [17, 4, 18, 5], [19, 7, 20, 6], [21, 9, 22, 8], [23, 11, 24, 10]]"
12a_1136_138,"[[23, 11, 24, 10], [1, 13, 2, 12], [3, 16, 4, 17], [5, 14, 6, 15], [7, 1, 8, 24], [9, 23, 10, 22], [11, 21, 12, 20], [13, 19, 14, 18], [15, 2, 16, 3], [17, 4, 18, 5], [19, 7, 20, 6], [21, 9, 22, 8]]"
12a_1136_139,"[[21, 9, 22, 8], [23, 11, 24, 10], [1, 13, 2, 12], [3, 16, 4, 17], [5, 14, 6, 15], [7, 1, 8, 24], [9, 23, 10, 22], [11, 21, 12, 20], [13, 19, 14, 18], [15, 2, 16, 3], [17, 4, 18, 5], [19, 7, 20, 6]]"
12a_1136_140,"[[19, 7, 20, 6], [21, 9, 22, 8], [23, 11, 24, 10], [1, 13, 2, 12], [3, 16, 4, 17], [5, 14, 6, 15], [7, 1, 8, 24], [9, 23, 10, 22], [11, 21, 12, 20], [13, 19, 14, 18], [15, 2, 16, 3], [17, 4, 18, 5]]"
12a_1136_141,"[[17, 4, 18, 5], [19, 7, 20, 6], [21, 9, 22, 8], [23, 11, 24, 10], [1, 13, 2, 12], [3, 16, 4, 17], [5, 14, 6, 15], [7, 1, 8, 24], [9, 23, 10, 22], [11, 21, 12, 20], [13, 19, 14, 18], [15, 2, 16, 3]]"
12a_1136_142,"[[15, 2, 16, 3], [17, 4, 18, 5], [19, 7, 20, 6], [21, 9, 22, 8], [23, 11, 24, 10], [1, 13, 2, 12], [3, 16, 4, 17], [5, 14, 6, 15], [7, 1, 8, 24], [9, 23, 10, 22], [11, 21, 12, 20], [13, 19, 14, 18]]"
12a_1136_143,"[[13, 19, 14, 18], [15, 2, 16, 3], [17, 4, 18, 5], [19, 7, 20, 6], [21, 9, 22, 8], [23, 11, 24, 10], [1, 13, 2, 12], [3, 16, 4, 17], [5, 14, 6, 15], [7, 1, 8, 24], [9, 23, 10, 22], [11, 21, 12, 20]]"
12a_1136_144,"[[12, 22, 13, 21], [14, 20, 15, 19], [16, 3, 17, 4], [18, 5, 19, 6], [20, 8, 21, 7], [22, 10, 23, 9], [24, 12, 1, 11], [2, 14, 3, 13], [4, 17, 5, 18], [6, 15, 7, 16], [8, 2, 9, 1], [10, 24, 11, 23]]"
12a_1136_145,"[[10, 24, 11, 23], [12, 22, 13, 21], [14, 20, 15, 19], [16, 3, 17, 4], [18, 5, 19, 6], [20, 8, 21, 7], [22, 10, 23, 9], [24, 12, 1, 11], [2, 14, 3, 13], [4, 17, 5, 18], [6, 15, 7, 16], [8, 2, 9, 1]]"
12a_1136_146,"[[8, 2, 9, 1], [10, 24, 11, 23], [12, 22, 13, 21], [14, 20, 15, 19], [16, 3, 17, 4], [18, 5, 19, 6], [20, 8, 21, 7], [22, 10, 23, 9], [24, 12, 1, 11], [2, 14, 3, 13], [4, 17, 5, 18], [6, 15, 7, 16]]"
12a_1136_147,"[[6, 15, 7, 16], [8, 2, 9, 1], [10, 24, 11, 23], [12, 22, 13, 21], [14, 20, 15, 19], [16, 3, 17, 4], [18, 5, 19, 6], [20, 8, 21, 7], [22, 10, 23, 9], [24, 12, 1, 11], [2, 14, 3, 13], [4, 17, 5, 18]]"
12a_1136_148,"[[4, 17, 5, 18], [6, 15, 7, 16], [8, 2, 9, 1], [10, 24, 11, 23], [12, 22, 13, 21], [14, 20, 15, 19], [16, 3, 17, 4], [18, 5, 19, 6], [20, 8, 21, 7], [22, 10, 23, 9], [24, 12, 1, 11], [2, 14, 3, 13]]"
12a_1136_149,"[[2, 14, 3, 13], [4, 17, 5, 18], [6, 15, 7, 16], [8, 2, 9, 1], [10, 24, 11, 23], [12, 22, 13, 21], [14, 20, 15, 19], [16, 3, 17, 4], [18, 5, 19, 6], [20, 8, 21, 7], [22, 10, 23, 9], [24, 12, 1, 11]]"
12a_1136_150,"[[24, 12, 1, 11], [2, 14, 3, 13], [4, 17, 5, 18], [6, 15, 7, 16], [8, 2, 9, 1], [10, 24, 11, 23], [12, 22, 13, 21], [14, 20, 15, 19], [16, 3, 17, 4], [18, 5, 19, 6], [20, 8, 21, 7], [22, 10, 23, 9]]"
12a_1136_151,"[[22, 10, 23, 9], [24, 12, 1, 11], [2, 14, 3, 13], [4, 17, 5, 18], [6, 15, 7, 16], [8, 2, 9, 1], [10, 24, 11, 23], [12, 22, 13, 21], [14, 20, 15, 19], [16, 3, 17, 4], [18, 5, 19, 6], [20, 8, 21, 7]]"
12a_1136_152,"[[20, 8, 21, 7], [22, 10, 23, 9], [24, 12, 1, 11], [2, 14, 3, 13], [4, 17, 5, 18], [6, 15, 7, 16], [8, 2, 9, 1], [10, 24, 11, 23], [12, 22, 13, 21], [14, 20, 15, 19], [16, 3, 17, 4], [18, 5, 19, 6]]"
12a_1136_153,"[[18, 5, 19, 6], [20, 8, 21, 7], [22, 10, 23, 9], [24, 12, 1, 11], [2, 14, 3, 13], [4, 17, 5, 18], [6, 15, 7, 16], [8, 2, 9, 1], [10, 24, 11, 23], [12, 22, 13, 21], [14, 20, 15, 19], [16, 3, 17, 4]]"
12a_1136_154,"[[16, 3, 17, 4], [18, 5, 19, 6], [20, 8, 21, 7], [22, 10, 23, 9], [24, 12, 1, 11], [2, 14, 3, 13], [4, 17, 5, 18], [6, 15, 7, 16], [8, 2, 9, 1], [10, 24, 11, 23], [12, 22, 13, 21], [14, 20, 15, 19]]"
12a_1136_155,"[[14, 20, 15, 19], [16, 3, 17, 4], [18, 5, 19, 6], [20, 8, 21, 7], [22, 10, 23, 9], [24, 12, 1, 11], [2, 14, 3, 13], [4, 17, 5, 18], [6, 15, 7, 16], [8, 2, 9, 1], [10, 24, 11, 23], [12, 22, 13, 21]]"
12a_1136_156,"[[13, 23, 14, 22], [15, 21, 16, 20], [17, 4, 18, 5], [19, 6, 20, 7], [21, 9, 22, 8], [23, 11, 24, 10], [1, 13, 2, 12], [3, 15, 4, 14], [5, 18, 6, 19], [7, 16, 8, 17], [9, 3, 10, 2], [11, 1, 12, 24]]"
12a_1136_157,"[[11, 1, 12, 24], [13, 23, 14, 22], [15, 21, 16, 20], [17, 4, 18, 5], [19, 6, 20, 7], [21, 9, 22, 8], [23, 11, 24, 10], [1, 13, 2, 12], [3, 15, 4, 14], [5, 18, 6, 19], [7, 16, 8, 17], [9, 3, 10, 2]]"
12a_1136_158,"[[9, 3, 10, 2], [11, 1, 12, 24], [13, 23, 14, 22], [15, 21, 16, 20], [17, 4, 18, 5], [19, 6, 20, 7], [21, 9, 22, 8], [23, 11, 24, 10], [1, 13, 2, 12], [3, 15, 4, 14], [5, 18, 6, 19], [7, 16, 8, 17]]"
12a_1136_159,"[[7, 16, 8, 17], [9, 3, 10, 2], [11, 1, 12, 24], [13, 23, 14, 22], [15, 21, 16, 20], [17, 4, 18, 5], [19, 6, 20, 7], [21, 9, 22, 8], [23, 11, 24, 10], [1, 13, 2, 12], [3, 15, 4, 14], [5, 18, 6, 19]]"
12a_1136_160,"[[5, 18, 6, 19], [7, 16, 8, 17], [9, 3, 10, 2], [11, 1, 12, 24], [13, 23, 14, 22], [15, 21, 16, 20], [17, 4, 18, 5], [19, 6, 20, 7], [21, 9, 22, 8], [23, 11, 24, 10], [1, 13, 2, 12], [3, 15, 4, 14]]"
12a_1136_161,"[[3, 15, 4, 14], [5, 18, 6, 19], [7, 16, 8, 17], [9, 3, 10, 2], [11, 1, 12, 24], [13, 23, 14, 22], [15, 21, 16, 20], [17, 4, 18, 5], [19, 6, 20, 7], [21, 9, 22, 8], [23, 11, 24, 10], [1, 13, 2, 12]]"
12a_1136_162,"[[1, 13, 2, 12], [3, 15, 4, 14], [5, 18, 6, 19], [7, 16, 8, 17], [9, 3, 10, 2], [11, 1, 12, 24], [13, 23, 14, 22], [15, 21, 16, 20], [17, 4, 18, 5], [19, 6, 20, 7], [21, 9, 22, 8], [23, 11, 24, 10]]"
12a_1136_163,"[[23, 11, 24, 10], [1, 13, 2, 12], [3, 15, 4, 14], [5, 18, 6, 19], [7, 16, 8, 17], [9, 3, 10, 2], [11, 1, 12, 24], [13, 23, 14, 22], [15, 21, 16, 20], [17, 4, 18, 5], [19, 6, 20, 7], [21, 9, 22, 8]]"
12a_1136_164,"[[21, 9, 22, 8], [23, 11, 24, 10], [1, 13, 2, 12], [3, 15, 4, 14], [5, 18, 6, 19], [7, 16, 8, 17], [9, 3, 10, 2], [11, 1, 12, 24], [13, 23, 14, 22], [15, 21, 16, 20], [17, 4, 18, 5], [19, 6, 20, 7]]"
12a_1136_165,"[[19, 6, 20, 7], [21, 9, 22, 8], [23, 11, 24, 10], [1, 13, 2, 12], [3, 15, 4, 14], [5, 18, 6, 19], [7, 16, 8, 17], [9, 3, 10, 2], [11, 1, 12, 24], [13, 23, 14, 22], [15, 21, 16, 20], [17, 4, 18, 5]]"
12a_1136_166,"[[17, 4, 18, 5], [19, 6, 20, 7], [21, 9, 22, 8], [23, 11, 24, 10], [1, 13, 2, 12], [3, 15, 4, 14], [5, 18, 6, 19], [7, 16, 8, 17], [9, 3, 10, 2], [11, 1, 12, 24], [13, 23, 14, 22], [15, 21, 16, 20]]"
12a_1136_167,"[[15, 21, 16, 20], [17, 4, 18, 5], [19, 6, 20, 7], [21, 9, 22, 8], [23, 11, 24, 10], [1, 13, 2, 12], [3, 15, 4, 14], [5, 18, 6, 19], [7, 16, 8, 17], [9, 3, 10, 2], [11, 1, 12, 24], [13, 23, 14, 22]]"
12a_1136_168,"[[14, 24, 15, 23], [16, 22, 17, 21], [18, 5, 19, 6], [20, 7, 21, 8], [22, 10, 23, 9], [24, 12, 1, 11], [2, 14, 3, 13], [4, 16, 5, 15], [6, 19, 7, 20], [8, 17, 9, 18], [10, 4, 11, 3], [12, 2, 13, 1]]"
12a_1136_169,"[[12, 2, 13, 1], [14, 24, 15, 23], [16, 22, 17, 21], [18, 5, 19, 6], [20, 7, 21, 8], [22, 10, 23, 9], [24, 12, 1, 11], [2, 14, 3, 13], [4, 16, 5, 15], [6, 19, 7, 20], [8, 17, 9, 18], [10, 4, 11, 3]]"
12a_1136_170,"[[10, 4, 11, 3], [12, 2, 13, 1], [14, 24, 15, 23], [16, 22, 17, 21], [18, 5, 19, 6], [20, 7, 21, 8], [22, 10, 23, 9], [24, 12, 1, 11], [2, 14, 3, 13], [4, 16, 5, 15], [6, 19, 7, 20], [8, 17, 9, 18]]"
12a_1136_171,"[[8, 17, 9, 18], [10, 4, 11, 3], [12, 2, 13, 1], [14, 24, 15, 23], [16, 22, 17, 21], [18, 5, 19, 6], [20, 7, 21, 8], [22, 10, 23, 9], [24, 12, 1, 11], [2, 14, 3, 13], [4, 16, 5, 15], [6, 19, 7, 20]]"
12a_1136_172,"[[6, 19, 7, 20], [8, 17, 9, 18], [10, 4, 11, 3], [12, 2, 13, 1], [14, 24, 15, 23], [16, 22, 17, 21], [18, 5, 19, 6], [20, 7, 21, 8], [22, 10, 23, 9], [24, 12, 1, 11], [2, 14, 3, 13], [4, 16, 5, 15]]"
12a_1136_173,"[[4, 16, 5, 15], [6, 19, 7, 20], [8, 17, 9, 18], [10, 4, 11, 3], [12, 2, 13, 1], [14, 24, 15, 23], [16, 22, 17, 21], [18, 5, 19, 6], [20, 7, 21, 8], [22, 10, 23, 9], [24, 12, 1, 11], [2, 14, 3, 13]]"
12a_1136_174,"[[2, 14, 3, 13], [4, 16, 5, 15], [6, 19, 7, 20], [8, 17, 9, 18], [10, 4, 11, 3], [12, 2, 13, 1], [14, 24, 15, 23], [16, 22, 17, 21], [18, 5, 19, 6], [20, 7, 21, 8], [22, 10, 23, 9], [24, 12, 1, 11]]"
12a_1136_175,"[[24, 12, 1, 11], [2, 14, 3, 13], [4, 16, 5, 15], [6, 19, 7, 20], [8, 17, 9, 18], [10, 4, 11, 3], [12, 2, 13, 1], [14, 24, 15, 23], [16, 22, 17, 21], [18, 5, 19, 6], [20, 7, 21, 8], [22, 10, 23, 9]]"
12a_1136_176,"[[22, 10, 23, 9], [24, 12, 1, 11], [2, 14, 3, 13], [4, 16, 5, 15], [6, 19, 7, 20], [8, 17, 9, 18], [10, 4, 11, 3], [12, 2, 13, 1], [14, 24, 15, 23], [16, 22, 17, 21], [18, 5, 19, 6], [20, 7, 21, 8]]"
12a_1136_177,"[[20, 7, 21, 8], [22, 10, 23, 9], [24, 12, 1, 11], [2, 14, 3, 13], [4, 16, 5, 15], [6, 19, 7, 20], [8, 17, 9, 18], [10, 4, 11, 3], [12, 2, 13, 1], [14, 24, 15, 23], [16, 22, 17, 21], [18, 5, 19, 6]]"
12a_1136_178,"[[18, 5, 19, 6], [20, 7, 21, 8], [22, 10, 23, 9], [24, 12, 1, 11], [2, 14, 3, 13], [4, 16, 5, 15], [6, 19, 7, 20], [8, 17, 9, 18], [10, 4, 11, 3], [12, 2, 13, 1], [14, 24, 15, 23], [16, 22, 17, 21]]"
12a_1136_179,"[[16, 22, 17, 21], [18, 5, 19, 6], [20, 7, 21, 8], [22, 10, 23, 9], [24, 12, 1, 11], [2, 14, 3, 13], [4, 16, 5, 15], [6, 19, 7, 20], [8, 17, 9, 18], [10, 4, 11, 3], [12, 2, 13, 1], [14, 24, 15, 23]]"
12a_1136_180,"[[15, 1, 16, 24], [17, 23, 18, 22], [19, 6, 20, 7], [21, 8, 22, 9], [23, 11, 24, 10], [1, 13, 2, 12], [3, 15, 4, 14], [5, 17, 6, 16], [7, 20, 8, 21], [9, 18, 10, 19], [11, 5, 12, 4], [13, 3, 14, 2]]"
12a_1136_181,"[[13, 3, 14, 2], [15, 1, 16, 24], [17, 23, 18, 22], [19, 6, 20, 7], [21, 8, 22, 9], [23, 11, 24, 10], [1, 13, 2, 12], [3, 15, 4, 14], [5, 17, 6, 16], [7, 20, 8, 21], [9, 18, 10, 19], [11, 5, 12, 4]]"
12a_1136_182,"[[11, 5, 12, 4], [13, 3, 14, 2], [15, 1, 16, 24], [17, 23, 18, 22], [19, 6, 20, 7], [21, 8, 22, 9], [23, 11, 24, 10], [1, 13, 2, 12], [3, 15, 4, 14], [5, 17, 6, 16], [7, 20, 8, 21], [9, 18, 10, 19]]"
12a_1136_183,"[[9, 18, 10, 19], [11, 5, 12, 4], [13, 3, 14, 2], [15, 1, 16, 24], [17, 23, 18, 22], [19, 6, 20, 7], [21, 8, 22, 9], [23, 11, 24, 10], [1, 13, 2, 12], [3, 15, 4, 14], [5, 17, 6, 16], [7, 20, 8, 21]]"
12a_1136_184,"[[7, 20, 8, 21], [9, 18, 10, 19], [11, 5, 12, 4], [13, 3, 14, 2], [15, 1, 16, 24], [17, 23, 18, 22], [19, 6, 20, 7], [21, 8, 22, 9], [23, 11, 24, 10], [1, 13, 2, 12], [3, 15, 4, 14], [5, 17, 6, 16]]"
12a_1136_185,"[[5, 17, 6, 16], [7, 20, 8, 21], [9, 18, 10, 19], [11, 5, 12, 4], [13, 3, 14, 2], [15, 1, 16, 24], [17, 23, 18, 22], [19, 6, 20, 7], [21, 8, 22, 9], [23, 11, 24, 10], [1, 13, 2, 12], [3, 15, 4, 14]]"
