name,pd_notation
12a_0083_0,"[[24, 19, 1, 20], [2, 6, 3, 5], [4, 10, 5, 9], [6, 16, 7, 15], [8, 4, 9, 3], [10, 18, 11, 17], [12, 22, 13, 21], [14, 8, 15, 7], [16, 2, 17, 1], [18, 14, 19, 13], [20, 23, 21, 24], [22, 12, 23, 11]]"
12a_0083_1,"[[22, 12, 23, 11], [24, 19, 1, 20], [2, 6, 3, 5], [4, 10, 5, 9], [6, 16, 7, 15], [8, 4, 9, 3], [10, 18, 11, 17], [12, 22, 13, 21], [14, 8, 15, 7], [16, 2, 17, 1], [18, 14, 19, 13], [20, 23, 21, 24]]"
12a_0083_2,"[[20, 23, 21, 24], [22, 12, 23, 11], [24, 19, 1, 20], [2, 6, 3, 5], [4, 10, 5, 9], [6, 16, 7, 15], [8, 4, 9, 3], [10, 18, 11, 17], [12, 22, 13, 21], [14, 8, 15, 7], [16, 2, 17, 1], [18, 14, 19, 13]]"
12a_0083_3,"[[18, 14, 19, 13], [20, 23, 21, 24], [22, 12, 23, 11], [24, 19, 1, 20], [2, 6, 3, 5], [4, 10, 5, 9], [6, 16, 7, 15], [8, 4, 9, 3], [10, 18, 11, 17], [12, 22, 13, 21], [14, 8, 15, 7], [16, 2, 17, 1]]"
12a_0083_4,"[[16, 2, 17, 1], [18, 14, 19, 13], [20, 23, 21, 24], [22, 12, 23, 11], [24, 19, 1, 20], [2, 6, 3, 5], [4, 10, 5, 9], [6, 16, 7, 15], [8, 4, 9, 3], [10, 18, 11, 17], [12, 22, 13, 21], [14, 8, 15, 7]]"
12a_0083_5,"[[14, 8, 15, 7], [16, 2, 17, 1], [18, 14, 19, 13], [20, 23, 21, 24], [22, 12, 23, 11], [24, 19, 1, 20], [2, 6, 3, 5], [4, 10, 5, 9], [6, 16, 7, 15], [8, 4, 9, 3], [10, 18, 11, 17], [12, 22, 13, 21]]"
12a_0083_6,"[[12, 22, 13, 21], [14, 8, 15, 7], [16, 2, 17, 1], [18, 14, 19, 13], [20, 23, 21, 24], [22, 12, 23, 11], [24, 19, 1, 20], [2, 6, 3, 5], [4, 10, 5, 9], [6, 16, 7, 15], [8, 4, 9, 3], [10, 18, 11, 17]]"
12a_0083_7,"[[10, 18, 11, 17], [12, 22, 13, 21], [14, 8, 15, 7], [16, 2, 17, 1], [18, 14, 19, 13], [20, 23, 21, 24], [22, 12, 23, 11], [24, 19, 1, 20], [2, 6, 3, 5], [4, 10, 5, 9], [6, 16, 7, 15], [8, 4, 9, 3]]"
12a_0083_8,"[[8, 4, 9, 3], [10, 18, 11, 17], [12, 22, 13, 21], [14, 8, 15, 7], [16, 2, 17, 1], [18, 14, 19, 13], [20, 23, 21, 24], [22, 12, 23, 11], [24, 19, 1, 20], [2, 6, 3, 5], [4, 10, 5, 9], [6, 16, 7, 15]]"
12a_0083_9,"[[6, 16, 7, 15], [8, 4, 9, 3], [10, 18, 11, 17], [12, 22, 13, 21], [14, 8, 15, 7], [16, 2, 17, 1], [18, 14, 19, 13], [20, 23, 21, 24], [22, 12, 23, 11], [24, 19, 1, 20], [2, 6, 3, 5], [4, 10, 5, 9]]"
12a_0083_10,"[[4, 10, 5, 9], [6, 16, 7, 15], [8, 4, 9, 3], [10, 18, 11, 17], [12, 22, 13, 21], [14, 8, 15, 7], [16, 2, 17, 1], [18, 14, 19, 13], [20, 23, 21, 24], [22, 12, 23, 11], [24, 19, 1, 20], [2, 6, 3, 5]]"
12a_0083_11,"[[2, 6, 3, 5], [4, 10, 5, 9], [6, 16, 7, 15], [8, 4, 9, 3], [10, 18, 11, 17], [12, 22, 13, 21], [14, 8, 15, 7], [16, 2, 17, 1], [18, 14, 19, 13], [20, 23, 21, 24], [22, 12, 23, 11], [24, 19, 1, 20]]"
12a_0083_12,"[[1, 20, 2, 21], [3, 7, 4, 6], [5, 11, 6, 10], [7, 17, 8, 16], [9, 5, 10, 4], [11, 19, 12, 18], [13, 23, 14, 22], [15, 9, 16, 8], [17, 3, 18, 2], [19, 15, 20, 14], [21, 24, 22, 1], [23, 13, 24, 12]]"
12a_0083_13,"[[23, 13, 24, 12], [1, 20, 2, 21], [3, 7, 4, 6], [5, 11, 6, 10], [7, 17, 8, 16], [9, 5, 10, 4], [11, 19, 12, 18], [13, 23, 14, 22], [15, 9, 16, 8], [17, 3, 18, 2], [19, 15, 20, 14], [21, 24, 22, 1]]"
12a_0083_14,"[[21, 24, 22, 1], [23, 13, 24, 12], [1, 20, 2, 21], [3, 7, 4, 6], [5, 11, 6, 10], [7, 17, 8, 16], [9, 5, 10, 4], [11, 19, 12, 18], [13, 23, 14, 22], [15, 9, 16, 8], [17, 3, 18, 2], [19, 15, 20, 14]]"
12a_0083_15,"[[19, 15, 20, 14], [21, 24, 22, 1], [23, 13, 24, 12], [1, 20, 2, 21], [3, 7, 4, 6], [5, 11, 6, 10], [7, 17, 8, 16], [9, 5, 10, 4], [11, 19, 12, 18], [13, 23, 14, 22], [15, 9, 16, 8], [17, 3, 18, 2]]"
12a_0083_16,"[[17, 3, 18, 2], [19, 15, 20, 14], [21, 24, 22, 1], [23, 13, 24, 12], [1, 20, 2, 21], [3, 7, 4, 6], [5, 11, 6, 10], [7, 17, 8, 16], [9, 5, 10, 4], [11, 19, 12, 18], [13, 23, 14, 22], [15, 9, 16, 8]]"
12a_0083_17,"[[15, 9, 16, 8], [17, 3, 18, 2], [19, 15, 20, 14], [21, 24, 22, 1], [23, 13, 24, 12], [1, 20, 2, 21], [3, 7, 4, 6], [5, 11, 6, 10], [7, 17, 8, 16], [9, 5, 10, 4], [11, 19, 12, 18], [13, 23, 14, 22]]"
12a_0083_18,"[[13, 23, 14, 22], [15, 9, 16, 8], [17, 3, 18, 2], [19, 15, 20, 14], [21, 24, 22, 1], [23, 13, 24, 12], [1, 20, 2, 21], [3, 7, 4, 6], [5, 11, 6, 10], [7, 17, 8, 16], [9, 5, 10, 4], [11, 19, 12, 18]]"
12a_0083_19,"[[11, 19, 12, 18], [13, 23, 14, 22], [15, 9, 16, 8], [17, 3, 18, 2], [19, 15, 20, 14], [21, 24, 22, 1], [23, 13, 24, 12], [1, 20, 2, 21], [3, 7, 4, 6], [5, 11, 6, 10], [7, 17, 8, 16], [9, 5, 10, 4]]"
12a_0083_20,"[[9, 5, 10, 4], [11, 19, 12, 18], [13, 23, 14, 22], [15, 9, 16, 8], [17, 3, 18, 2], [19, 15, 20, 14], [21, 24, 22, 1], [23, 13, 24, 12], [1, 20, 2, 21], [3, 7, 4, 6], [5, 11, 6, 10], [7, 17, 8, 16]]"
12a_0083_21,"[[7, 17, 8, 16], [9, 5, 10, 4], [11, 19, 12, 18], [13, 23, 14, 22], [15, 9, 16, 8], [17, 3, 18, 2], [19, 15, 20, 14], [21, 24, 22, 1], [23, 13, 24, 12], [1, 20, 2, 21], [3, 7, 4, 6], [5, 11, 6, 10]]"
12a_0083_22,"[[5, 11, 6, 10], [7, 17, 8, 16], [9, 5, 10, 4], [11, 19, 12, 18], [13, 23, 14, 22], [15, 9, 16, 8], [17, 3, 18, 2], [19, 15, 20, 14], [21, 24, 22, 1], [23, 13, 24, 12], [1, 20, 2, 21], [3, 7, 4, 6]]"
12a_0083_23,"[[3, 7, 4, 6], [5, 11, 6, 10], [7, 17, 8, 16], [9, 5, 10, 4], [11, 19, 12, 18], [13, 23, 14, 22], [15, 9, 16, 8], [17, 3, 18, 2], [19, 15, 20, 14], [21, 24, 22, 1], [23, 13, 24, 12], [1, 20, 2, 21]]"
12a_0083_24,"[[2, 21, 3, 22], [4, 8, 5, 7], [6, 12, 7, 11], [8, 18, 9, 17], [10, 6, 11, 5], [12, 20, 13, 19], [14, 24, 15, 23], [16, 10, 17, 9], [18, 4, 19, 3], [20, 16, 21, 15], [22, 1, 23, 2], [24, 14, 1, 13]]"
12a_0083_25,"[[24, 14, 1, 13], [2, 21, 3, 22], [4, 8, 5, 7], [6, 12, 7, 11], [8, 18, 9, 17], [10, 6, 11, 5], [12, 20, 13, 19], [14, 24, 15, 23], [16, 10, 17, 9], [18, 4, 19, 3], [20, 16, 21, 15], [22, 1, 23, 2]]"
12a_0083_26,"[[22, 1, 23, 2], [24, 14, 1, 13], [2, 21, 3, 22], [4, 8, 5, 7], [6, 12, 7, 11], [8, 18, 9, 17], [10, 6, 11, 5], [12, 20, 13, 19], [14, 24, 15, 23], [16, 10, 17, 9], [18, 4, 19, 3], [20, 16, 21, 15]]"
12a_0083_27,"[[20, 16, 21, 15], [22, 1, 23, 2], [24, 14, 1, 13], [2, 21, 3, 22], [4, 8, 5, 7], [6, 12, 7, 11], [8, 18, 9, 17], [10, 6, 11, 5], [12, 20, 13, 19], [14, 24, 15, 23], [16, 10, 17, 9], [18, 4, 19, 3]]"
12a_0083_28,"[[18, 4, 19, 3], [20, 16, 21, 15], [22, 1, 23, 2], [24, 14, 1, 13], [2, 21, 3, 22], [4, 8, 5, 7], [6, 12, 7, 11], [8, 18, 9, 17], [10, 6, 11, 5], [12, 20, 13, 19], [14, 24, 15, 23], [16, 10, 17, 9]]"
12a_0083_29,"[[16, 10, 17, 9], [18, 4, 19, 3], [20, 16, 21, 15], [22, 1, 23, 2], [24, 14, 1, 13], [2, 21, 3, 22], [4, 8, 5, 7], [6, 12, 7, 11], [8, 18, 9, 17], [10, 6, 11, 5], [12, 20, 13, 19], [14, 24, 15, 23]]"
12a_0083_30,"[[14, 24, 15, 23], [16, 10, 17, 9], [18, 4, 19, 3], [20, 16, 21, 15], [22, 1, 23, 2], [24, 14, 1, 13], [2, 21, 3, 22], [4, 8, 5, 7], [6, 12, 7, 11], [8, 18, 9, 17], [10, 6, 11, 5], [12, 20, 13, 19]]"
12a_0083_31,"[[12, 20, 13, 19], [14, 24, 15, 23], [16, 10, 17, 9], [18, 4, 19, 3], [20, 16, 21, 15], [22, 1, 23, 2], [24, 14, 1, 13], [2, 21, 3, 22], [4, 8, 5, 7], [6, 12, 7, 11], [8, 18, 9, 17], [10, 6, 11, 5]]"
12a_0083_32,"[[10, 6, 11, 5], [12, 20, 13, 19], [14, 24, 15, 23], [16, 10, 17, 9], [18, 4, 19, 3], [20, 16, 21, 15], [22, 1, 23, 2], [24, 14, 1, 13], [2, 21, 3, 22], [4, 8, 5, 7], [6, 12, 7, 11], [8, 18, 9, 17]]"
12a_0083_33,"[[8, 18, 9, 17], [10, 6, 11, 5], [12, 20, 13, 19], [14, 24, 15, 23], [16, 10, 17, 9], [18, 4, 19, 3], [20, 16, 21, 15], [22, 1, 23, 2], [24, 14, 1, 13], [2, 21, 3, 22], [4, 8, 5, 7], [6, 12, 7, 11]]"
12a_0083_34,"[[6, 12, 7, 11], [8, 18, 9, 17], [10, 6, 11, 5], [12, 20, 13, 19], [14, 24, 15, 23], [16, 10, 17, 9], [18, 4, 19, 3], [20, 16, 21, 15], [22, 1, 23, 2], [24, 14, 1, 13], [2, 21, 3, 22], [4, 8, 5, 7]]"
12a_0083_35,"[[4, 8, 5, 7], [6, 12, 7, 11], [8, 18, 9, 17], [10, 6, 11, 5], [12, 20, 13, 19], [14, 24, 15, 23], [16, 10, 17, 9], [18, 4, 19, 3], [20, 16, 21, 15], [22, 1, 23, 2], [24, 14, 1, 13], [2, 21, 3, 22]]"
12a_0083_36,"[[3, 22, 4, 23], [5, 9, 6, 8], [7, 13, 8, 12], [9, 19, 10, 18], [11, 7, 12, 6], [13, 21, 14, 20], [15, 1, 16, 24], [17, 11, 18, 10], [19, 5, 20, 4], [21, 17, 22, 16], [23, 2, 24, 3], [1, 15, 2, 14]]"
12a_0083_37,"[[1, 15, 2, 14], [3, 22, 4, 23], [5, 9, 6, 8], [7, 13, 8, 12], [9, 19, 10, 18], [11, 7, 12, 6], [13, 21, 14, 20], [15, 1, 16, 24], [17, 11, 18, 10], [19, 5, 20, 4], [21, 17, 22, 16], [23, 2, 24, 3]]"
12a_0083_38,"[[23, 2, 24, 3], [1, 15, 2, 14], [3, 22, 4, 23], [5, 9, 6, 8], [7, 13, 8, 12], [9, 19, 10, 18], [11, 7, 12, 6], [13, 21, 14, 20], [15, 1, 16, 24], [17, 11, 18, 10], [19, 5, 20, 4], [21, 17, 22, 16]]"
12a_0083_39,"[[21, 17, 22, 16], [23, 2, 24, 3], [1, 15, 2, 14], [3, 22, 4, 23], [5, 9, 6, 8], [7, 13, 8, 12], [9, 19, 10, 18], [11, 7, 12, 6], [13, 21, 14, 20], [15, 1, 16, 24], [17, 11, 18, 10], [19, 5, 20, 4]]"
12a_0083_40,"[[19, 5, 20, 4], [21, 17, 22, 16], [23, 2, 24, 3], [1, 15, 2, 14], [3, 22, 4, 23], [5, 9, 6, 8], [7, 13, 8, 12], [9, 19, 10, 18], [11, 7, 12, 6], [13, 21, 14, 20], [15, 1, 16, 24], [17, 11, 18, 10]]"
12a_0083_41,"[[17, 11, 18, 10], [19, 5, 20, 4], [21, 17, 22, 16], [23, 2, 24, 3], [1, 15, 2, 14], [3, 22, 4, 23], [5, 9, 6, 8], [7, 13, 8, 12], [9, 19, 10, 18], [11, 7, 12, 6], [13, 21, 14, 20], [15, 1, 16, 24]]"
12a_0083_42,"[[15, 1, 16, 24], [17, 11, 18, 10], [19, 5, 20, 4], [21, 17, 22, 16], [23, 2, 24, 3], [1, 15, 2, 14], [3, 22, 4, 23], [5, 9, 6, 8], [7, 13, 8, 12], [9, 19, 10, 18], [11, 7, 12, 6], [13, 21, 14, 20]]"
12a_0083_43,"[[13, 21, 14, 20], [15, 1, 16, 24], [17, 11, 18, 10], [19, 5, 20, 4], [21, 17, 22, 16], [23, 2, 24, 3], [1, 15, 2, 14], [3, 22, 4, 23], [5, 9, 6, 8], [7, 13, 8, 12], [9, 19, 10, 18], [11, 7, 12, 6]]"
12a_0083_44,"[[11, 7, 12, 6], [13, 21, 14, 20], [15, 1, 16, 24], [17, 11, 18, 10], [19, 5, 20, 4], [21, 17, 22, 16], [23, 2, 24, 3], [1, 15, 2, 14], [3, 22, 4, 23], [5, 9, 6, 8], [7, 13, 8, 12], [9, 19, 10, 18]]"
12a_0083_45,"[[9, 19, 10, 18], [11, 7, 12, 6], [13, 21, 14, 20], [15, 1, 16, 24], [17, 11, 18, 10], [19, 5, 20, 4], [21, 17, 22, 16], [23, 2, 24, 3], [1, 15, 2, 14], [3, 22, 4, 23], [5, 9, 6, 8], [7, 13, 8, 12]]"
12a_0083_46,"[[7, 13, 8, 12], [9, 19, 10, 18], [11, 7, 12, 6], [13, 21, 14, 20], [15, 1, 16, 24], [17, 11, 18, 10], [19, 5, 20, 4], [21, 17, 22, 16], [23, 2, 24, 3], [1, 15, 2, 14], [3, 22, 4, 23], [5, 9, 6, 8]]"
12a_0083_47,"[[5, 9, 6, 8], [7, 13, 8, 12], [9, 19, 10, 18], [11, 7, 12, 6], [13, 21, 14, 20], [15, 1, 16, 24], [17, 11, 18, 10], [19, 5, 20, 4], [21, 17, 22, 16], [23, 2, 24, 3], [1, 15, 2, 14], [3, 22, 4, 23]]"
12a_0083_48,"[[4, 23, 5, 24], [6, 10, 7, 9], [8, 14, 9, 13], [10, 20, 11, 19], [12, 8, 13, 7], [14, 22, 15, 21], [16, 2, 17, 1], [18, 12, 19, 11], [20, 6, 21, 5], [22, 18, 23, 17], [24, 3, 1, 4], [2, 16, 3, 15]]"
12a_0083_49,"[[2, 16, 3, 15], [4, 23, 5, 24], [6, 10, 7, 9], [8, 14, 9, 13], [10, 20, 11, 19], [12, 8, 13, 7], [14, 22, 15, 21], [16, 2, 17, 1], [18, 12, 19, 11], [20, 6, 21, 5], [22, 18, 23, 17], [24, 3, 1, 4]]"
12a_0083_50,"[[24, 3, 1, 4], [2, 16, 3, 15], [4, 23, 5, 24], [6, 10, 7, 9], [8, 14, 9, 13], [10, 20, 11, 19], [12, 8, 13, 7], [14, 22, 15, 21], [16, 2, 17, 1], [18, 12, 19, 11], [20, 6, 21, 5], [22, 18, 23, 17]]"
12a_0083_51,"[[22, 18, 23, 17], [24, 3, 1, 4], [2, 16, 3, 15], [4, 23, 5, 24], [6, 10, 7, 9], [8, 14, 9, 13], [10, 20, 11, 19], [12, 8, 13, 7], [14, 22, 15, 21], [16, 2, 17, 1], [18, 12, 19, 11], [20, 6, 21, 5]]"
12a_0083_52,"[[20, 6, 21, 5], [22, 18, 23, 17], [24, 3, 1, 4], [2, 16, 3, 15], [4, 23, 5, 24], [6, 10, 7, 9], [8, 14, 9, 13], [10, 20, 11, 19], [12, 8, 13, 7], [14, 22, 15, 21], [16, 2, 17, 1], [18, 12, 19, 11]]"
12a_0083_53,"[[18, 12, 19, 11], [20, 6, 21, 5], [22, 18, 23, 17], [24, 3, 1, 4], [2, 16, 3, 15], [4, 23, 5, 24], [6, 10, 7, 9], [8, 14, 9, 13], [10, 20, 11, 19], [12, 8, 13, 7], [14, 22, 15, 21], [16, 2, 17, 1]]"
12a_0083_54,"[[16, 2, 17, 1], [18, 12, 19, 11], [20, 6, 21, 5], [22, 18, 23, 17], [24, 3, 1, 4], [2, 16, 3, 15], [4, 23, 5, 24], [6, 10, 7, 9], [8, 14, 9, 13], [10, 20, 11, 19], [12, 8, 13, 7], [14, 22, 15, 21]]"
12a_0083_55,"[[14, 22, 15, 21], [16, 2, 17, 1], [18, 12, 19, 11], [20, 6, 21, 5], [22, 18, 23, 17], [24, 3, 1, 4], [2, 16, 3, 15], [4, 23, 5, 24], [6, 10, 7, 9], [8, 14, 9, 13], [10, 20, 11, 19], [12, 8, 13, 7]]"
12a_0083_56,"[[12, 8, 13, 7], [14, 22, 15, 21], [16, 2, 17, 1], [18, 12, 19, 11], [20, 6, 21, 5], [22, 18, 23, 17], [24, 3, 1, 4], [2, 16, 3, 15], [4, 23, 5, 24], [6, 10, 7, 9], [8, 14, 9, 13], [10, 20, 11, 19]]"
12a_0083_57,"[[10, 20, 11, 19], [12, 8, 13, 7], [14, 22, 15, 21], [16, 2, 17, 1], [18, 12, 19, 11], [20, 6, 21, 5], [22, 18, 23, 17], [24, 3, 1, 4], [2, 16, 3, 15], [4, 23, 5, 24], [6, 10, 7, 9], [8, 14, 9, 13]]"
12a_0083_58,"[[8, 14, 9, 13], [10, 20, 11, 19], [12, 8, 13, 7], [14, 22, 15, 21], [16, 2, 17, 1], [18, 12, 19, 11], [20, 6, 21, 5], [22, 18, 23, 17], [24, 3, 1, 4], [2, 16, 3, 15], [4, 23, 5, 24], [6, 10, 7, 9]]"
12a_0083_59,"[[6, 10, 7, 9], [8, 14, 9, 13], [10, 20, 11, 19], [12, 8, 13, 7], [14, 22, 15, 21], [16, 2, 17, 1], [18, 12, 19, 11], [20, 6, 21, 5], [22, 18, 23, 17], [24, 3, 1, 4], [2, 16, 3, 15], [4, 23, 5, 24]]"
12a_0083_60,"[[5, 24, 6, 1], [7, 11, 8, 10], [9, 15, 10, 14], [11, 21, 12, 20], [13, 9, 14, 8], [15, 23, 16, 22], [17, 3, 18, 2], [19, 13, 20, 12], [21, 7, 22, 6], [23, 19, 24, 18], [1, 4, 2, 5], [3, 17, 4, 16]]"
12a_0083_61,"[[3, 17, 4, 16], [5, 24, 6, 1], [7, 11, 8, 10], [9, 15, 10, 14], [11, 21, 12, 20], [13, 9, 14, 8], [15, 23, 16, 22], [17, 3, 18, 2], [19, 13, 20, 12], [21, 7, 22, 6], [23, 19, 24, 18], [1, 4, 2, 5]]"
12a_0083_62,"[[1, 4, 2, 5], [3, 17, 4, 16], [5, 24, 6, 1], [7, 11, 8, 10], [9, 15, 10, 14], [11, 21, 12, 20], [13, 9, 14, 8], [15, 23, 16, 22], [17, 3, 18, 2], [19, 13, 20, 12], [21, 7, 22, 6], [23, 19, 24, 18]]"
12a_0083_63,"[[23, 19, 24, 18], [1, 4, 2, 5], [3, 17, 4, 16], [5, 24, 6, 1], [7, 11, 8, 10], [9, 15, 10, 14], [11, 21, 12, 20], [13, 9, 14, 8], [15, 23, 16, 22], [17, 3, 18, 2], [19, 13, 20, 12], [21, 7, 22, 6]]"
12a_0083_64,"[[21, 7, 22, 6], [23, 19, 24, 18], [1, 4, 2, 5], [3, 17, 4, 16], [5, 24, 6, 1], [7, 11, 8, 10], [9, 15, 10, 14], [11, 21, 12, 20], [13, 9, 14, 8], [15, 23, 16, 22], [17, 3, 18, 2], [19, 13, 20, 12]]"
12a_0083_65,"[[19, 13, 20, 12], [21, 7, 22, 6], [23, 19, 24, 18], [1, 4, 2, 5], [3, 17, 4, 16], [5, 24, 6, 1], [7, 11, 8, 10], [9, 15, 10, 14], [11, 21, 12, 20], [13, 9, 14, 8], [15, 23, 16, 22], [17, 3, 18, 2]]"
12a_0083_66,"[[17, 3, 18, 2], [19, 13, 20, 12], [21, 7, 22, 6], [23, 19, 24, 18], [1, 4, 2, 5], [3, 17, 4, 16], [5, 24, 6, 1], [7, 11, 8, 10], [9, 15, 10, 14], [11, 21, 12, 20], [13, 9, 14, 8], [15, 23, 16, 22]]"
12a_0083_67,"[[15, 23, 16, 22], [17, 3, 18, 2], [19, 13, 20, 12], [21, 7, 22, 6], [23, 19, 24, 18], [1, 4, 2, 5], [3, 17, 4, 16], [5, 24, 6, 1], [7, 11, 8, 10], [9, 15, 10, 14], [11, 21, 12, 20], [13, 9, 14, 8]]"
12a_0083_68,"[[13, 9, 14, 8], [15, 23, 16, 22], [17, 3, 18, 2], [19, 13, 20, 12], [21, 7, 22, 6], [23, 19, 24, 18], [1, 4, 2, 5], [3, 17, 4, 16], [5, 24, 6, 1], [7, 11, 8, 10], [9, 15, 10, 14], [11, 21, 12, 20]]"
12a_0083_69,"[[11, 21, 12, 20], [13, 9, 14, 8], [15, 23, 16, 22], [17, 3, 18, 2], [19, 13, 20, 12], [21, 7, 22, 6], [23, 19, 24, 18], [1, 4, 2, 5], [3, 17, 4, 16], [5, 24, 6, 1], [7, 11, 8, 10], [9, 15, 10, 14]]"
12a_0083_70,"[[9, 15, 10, 14], [11, 21, 12, 20], [13, 9, 14, 8], [15, 23, 16, 22], [17, 3, 18, 2], [19, 13, 20, 12], [21, 7, 22, 6], [23, 19, 24, 18], [1, 4, 2, 5], [3, 17, 4, 16], [5, 24, 6, 1], [7, 11, 8, 10]]"
12a_0083_71,"[[7, 11, 8, 10], [9, 15, 10, 14], [11, 21, 12, 20], [13, 9, 14, 8], [15, 23, 16, 22], [17, 3, 18, 2], [19, 13, 20, 12], [21, 7, 22, 6], [23, 19, 24, 18], [1, 4, 2, 5], [3, 17, 4, 16], [5, 24, 6, 1]]"
12a_0083_72,"[[6, 1, 7, 2], [8, 12, 9, 11], [10, 16, 11, 15], [12, 22, 13, 21], [14, 10, 15, 9], [16, 24, 17, 23], [18, 4, 19, 3], [20, 14, 21, 13], [22, 8, 23, 7], [24, 20, 1, 19], [2, 5, 3, 6], [4, 18, 5, 17]]"
12a_0083_73,"[[4, 18, 5, 17], [6, 1, 7, 2], [8, 12, 9, 11], [10, 16, 11, 15], [12, 22, 13, 21], [14, 10, 15, 9], [16, 24, 17, 23], [18, 4, 19, 3], [20, 14, 21, 13], [22, 8, 23, 7], [24, 20, 1, 19], [2, 5, 3, 6]]"
12a_0083_74,"[[2, 5, 3, 6], [4, 18, 5, 17], [6, 1, 7, 2], [8, 12, 9, 11], [10, 16, 11, 15], [12, 22, 13, 21], [14, 10, 15, 9], [16, 24, 17, 23], [18, 4, 19, 3], [20, 14, 21, 13], [22, 8, 23, 7], [24, 20, 1, 19]]"
12a_0083_75,"[[24, 20, 1, 19], [2, 5, 3, 6], [4, 18, 5, 17], [6, 1, 7, 2], [8, 12, 9, 11], [10, 16, 11, 15], [12, 22, 13, 21], [14, 10, 15, 9], [16, 24, 17, 23], [18, 4, 19, 3], [20, 14, 21, 13], [22, 8, 23, 7]]"
12a_0083_76,"[[22, 8, 23, 7], [24, 20, 1, 19], [2, 5, 3, 6], [4, 18, 5, 17], [6, 1, 7, 2], [8, 12, 9, 11], [10, 16, 11, 15], [12, 22, 13, 21], [14, 10, 15, 9], [16, 24, 17, 23], [18, 4, 19, 3], [20, 14, 21, 13]]"
12a_0083_77,"[[20, 14, 21, 13], [22, 8, 23, 7], [24, 20, 1, 19], [2, 5, 3, 6], [4, 18, 5, 17], [6, 1, 7, 2], [8, 12, 9, 11], [10, 16, 11, 15], [12, 22, 13, 21], [14, 10, 15, 9], [16, 24, 17, 23], [18, 4, 19, 3]]"
12a_0083_78,"[[18, 4, 19, 3], [20, 14, 21, 13], [22, 8, 23, 7], [24, 20, 1, 19], [2, 5, 3, 6], [4, 18, 5, 17], [6, 1, 7, 2], [8, 12, 9, 11], [10, 16, 11, 15], [12, 22, 13, 21], [14, 10, 15, 9], [16, 24, 17, 23]]"
12a_0083_79,"[[16, 24, 17, 23], [18, 4, 19, 3], [20, 14, 21, 13], [22, 8, 23, 7], [24, 20, 1, 19], [2, 5, 3, 6], [4, 18, 5, 17], [6, 1, 7, 2], [8, 12, 9, 11], [10, 16, 11, 15], [12, 22, 13, 21], [14, 10, 15, 9]]"
12a_0083_80,"[[14, 10, 15, 9], [16, 24, 17, 23], [18, 4, 19, 3], [20, 14, 21, 13], [22, 8, 23, 7], [24, 20, 1, 19], [2, 5, 3, 6], [4, 18, 5, 17], [6, 1, 7, 2], [8, 12, 9, 11], [10, 16, 11, 15], [12, 22, 13, 21]]"
12a_0083_81,"[[12, 22, 13, 21], [14, 10, 15, 9], [16, 24, 17, 23], [18, 4, 19, 3], [20, 14, 21, 13], [22, 8, 23, 7], [24, 20, 1, 19], [2, 5, 3, 6], [4, 18, 5, 17], [6, 1, 7, 2], [8, 12, 9, 11], [10, 16, 11, 15]]"
12a_0083_82,"[[10, 16, 11, 15], [12, 22, 13, 21], [14, 10, 15, 9], [16, 24, 17, 23], [18, 4, 19, 3], [20, 14, 21, 13], [22, 8, 23, 7], [24, 20, 1, 19], [2, 5, 3, 6], [4, 18, 5, 17], [6, 1, 7, 2], [8, 12, 9, 11]]"
12a_0083_83,"[[8, 12, 9, 11], [10, 16, 11, 15], [12, 22, 13, 21], [14, 10, 15, 9], [16, 24, 17, 23], [18, 4, 19, 3], [20, 14, 21, 13], [22, 8, 23, 7], [24, 20, 1, 19], [2, 5, 3, 6], [4, 18, 5, 17], [6, 1, 7, 2]]"
12a_0083_84,"[[7, 2, 8, 3], [9, 13, 10, 12], [11, 17, 12, 16], [13, 23, 14, 22], [15, 11, 16, 10], [17, 1, 18, 24], [19, 5, 20, 4], [21, 15, 22, 14], [23, 9, 24, 8], [1, 21, 2, 20], [3, 6, 4, 7], [5, 19, 6, 18]]"
12a_0083_85,"[[5, 19, 6, 18], [7, 2, 8, 3], [9, 13, 10, 12], [11, 17, 12, 16], [13, 23, 14, 22], [15, 11, 16, 10], [17, 1, 18, 24], [19, 5, 20, 4], [21, 15, 22, 14], [23, 9, 24, 8], [1, 21, 2, 20], [3, 6, 4, 7]]"
12a_0083_86,"[[3, 6, 4, 7], [5, 19, 6, 18], [7, 2, 8, 3], [9, 13, 10, 12], [11, 17, 12, 16], [13, 23, 14, 22], [15, 11, 16, 10], [17, 1, 18, 24], [19, 5, 20, 4], [21, 15, 22, 14], [23, 9, 24, 8], [1, 21, 2, 20]]"
12a_0083_87,"[[1, 21, 2, 20], [3, 6, 4, 7], [5, 19, 6, 18], [7, 2, 8, 3], [9, 13, 10, 12], [11, 17, 12, 16], [13, 23, 14, 22], [15, 11, 16, 10], [17, 1, 18, 24], [19, 5, 20, 4], [21, 15, 22, 14], [23, 9, 24, 8]]"
12a_0083_88,"[[23, 9, 24, 8], [1, 21, 2, 20], [3, 6, 4, 7], [5, 19, 6, 18], [7, 2, 8, 3], [9, 13, 10, 12], [11, 17, 12, 16], [13, 23, 14, 22], [15, 11, 16, 10], [17, 1, 18, 24], [19, 5, 20, 4], [21, 15, 22, 14]]"
12a_0083_89,"[[21, 15, 22, 14], [23, 9, 24, 8], [1, 21, 2, 20], [3, 6, 4, 7], [5, 19, 6, 18], [7, 2, 8, 3], [9, 13, 10, 12], [11, 17, 12, 16], [13, 23, 14, 22], [15, 11, 16, 10], [17, 1, 18, 24], [19, 5, 20, 4]]"
12a_0083_90,"[[19, 5, 20, 4], [21, 15, 22, 14], [23, 9, 24, 8], [1, 21, 2, 20], [3, 6, 4, 7], [5, 19, 6, 18], [7, 2, 8, 3], [9, 13, 10, 12], [11, 17, 12, 16], [13, 23, 14, 22], [15, 11, 16, 10], [17, 1, 18, 24]]"
12a_0083_91,"[[17, 1, 18, 24], [19, 5, 20, 4], [21, 15, 22, 14], [23, 9, 24, 8], [1, 21, 2, 20], [3, 6, 4, 7], [5, 19, 6, 18], [7, 2, 8, 3], [9, 13, 10, 12], [11, 17, 12, 16], [13, 23, 14, 22], [15, 11, 16, 10]]"
12a_0083_92,"[[15, 11, 16, 10], [17, 1, 18, 24], [19, 5, 20, 4], [21, 15, 22, 14], [23, 9, 24, 8], [1, 21, 2, 20], [3, 6, 4, 7], [5, 19, 6, 18], [7, 2, 8, 3], [9, 13, 10, 12], [11, 17, 12, 16], [13, 23, 14, 22]]"
12a_0083_93,"[[13, 23, 14, 22], [15, 11, 16, 10], [17, 1, 18, 24], [19, 5, 20, 4], [21, 15, 22, 14], [23, 9, 24, 8], [1, 21, 2, 20], [3, 6, 4, 7], [5, 19, 6, 18], [7, 2, 8, 3], [9, 13, 10, 12], [11, 17, 12, 16]]"
12a_0083_94,"[[11, 17, 12, 16], [13, 23, 14, 22], [15, 11, 16, 10], [17, 1, 18, 24], [19, 5, 20, 4], [21, 15, 22, 14], [23, 9, 24, 8], [1, 21, 2, 20], [3, 6, 4, 7], [5, 19, 6, 18], [7, 2, 8, 3], [9, 13, 10, 12]]"
12a_0083_95,"[[9, 13, 10, 12], [11, 17, 12, 16], [13, 23, 14, 22], [15, 11, 16, 10], [17, 1, 18, 24], [19, 5, 20, 4], [21, 15, 22, 14], [23, 9, 24, 8], [1, 21, 2, 20], [3, 6, 4, 7], [5, 19, 6, 18], [7, 2, 8, 3]]"
12a_0083_96,"[[8, 3, 9, 4], [10, 14, 11, 13], [12, 18, 13, 17], [14, 24, 15, 23], [16, 12, 17, 11], [18, 2, 19, 1], [20, 6, 21, 5], [22, 16, 23, 15], [24, 10, 1, 9], [2, 22, 3, 21], [4, 7, 5, 8], [6, 20, 7, 19]]"
12a_0083_97,"[[6, 20, 7, 19], [8, 3, 9, 4], [10, 14, 11, 13], [12, 18, 13, 17], [14, 24, 15, 23], [16, 12, 17, 11], [18, 2, 19, 1], [20, 6, 21, 5], [22, 16, 23, 15], [24, 10, 1, 9], [2, 22, 3, 21], [4, 7, 5, 8]]"
12a_0083_98,"[[4, 7, 5, 8], [6, 20, 7, 19], [8, 3, 9, 4], [10, 14, 11, 13], [12, 18, 13, 17], [14, 24, 15, 23], [16, 12, 17, 11], [18, 2, 19, 1], [20, 6, 21, 5], [22, 16, 23, 15], [24, 10, 1, 9], [2, 22, 3, 21]]"
12a_0083_99,"[[2, 22, 3, 21], [4, 7, 5, 8], [6, 20, 7, 19], [8, 3, 9, 4], [10, 14, 11, 13], [12, 18, 13, 17], [14, 24, 15, 23], [16, 12, 17, 11], [18, 2, 19, 1], [20, 6, 21, 5], [22, 16, 23, 15], [24, 10, 1, 9]]"
12a_0083_100,"[[24, 10, 1, 9], [2, 22, 3, 21], [4, 7, 5, 8], [6, 20, 7, 19], [8, 3, 9, 4], [10, 14, 11, 13], [12, 18, 13, 17], [14, 24, 15, 23], [16, 12, 17, 11], [18, 2, 19, 1], [20, 6, 21, 5], [22, 16, 23, 15]]"
12a_0083_101,"[[22, 16, 23, 15], [24, 10, 1, 9], [2, 22, 3, 21], [4, 7, 5, 8], [6, 20, 7, 19], [8, 3, 9, 4], [10, 14, 11, 13], [12, 18, 13, 17], [14, 24, 15, 23], [16, 12, 17, 11], [18, 2, 19, 1], [20, 6, 21, 5]]"
12a_0083_102,"[[20, 6, 21, 5], [22, 16, 23, 15], [24, 10, 1, 9], [2, 22, 3, 21], [4, 7, 5, 8], [6, 20, 7, 19], [8, 3, 9, 4], [10, 14, 11, 13], [12, 18, 13, 17], [14, 24, 15, 23], [16, 12, 17, 11], [18, 2, 19, 1]]"
12a_0083_103,"[[18, 2, 19, 1], [20, 6, 21, 5], [22, 16, 23, 15], [24, 10, 1, 9], [2, 22, 3, 21], [4, 7, 5, 8], [6, 20, 7, 19], [8, 3, 9, 4], [10, 14, 11, 13], [12, 18, 13, 17], [14, 24, 15, 23], [16, 12, 17, 11]]"
12a_0083_104,"[[16, 12, 17, 11], [18, 2, 19, 1], [20, 6, 21, 5], [22, 16, 23, 15], [24, 10, 1, 9], [2, 22, 3, 21], [4, 7, 5, 8], [6, 20, 7, 19], [8, 3, 9, 4], [10, 14, 11, 13], [12, 18, 13, 17], [14, 24, 15, 23]]"
12a_0083_105,"[[14, 24, 15, 23], [16, 12, 17, 11], [18, 2, 19, 1], [20, 6, 21, 5], [22, 16, 23, 15], [24, 10, 1, 9], [2, 22, 3, 21], [4, 7, 5, 8], [6, 20, 7, 19], [8, 3, 9, 4], [10, 14, 11, 13], [12, 18, 13, 17]]"
12a_0083_106,"[[12, 18, 13, 17], [14, 24, 15, 23], [16, 12, 17, 11], [18, 2, 19, 1], [20, 6, 21, 5], [22, 16, 23, 15], [24, 10, 1, 9], [2, 22, 3, 21], [4, 7, 5, 8], [6, 20, 7, 19], [8, 3, 9, 4], [10, 14, 11, 13]]"
12a_0083_107,"[[10, 14, 11, 13], [12, 18, 13, 17], [14, 24, 15, 23], [16, 12, 17, 11], [18, 2, 19, 1], [20, 6, 21, 5], [22, 16, 23, 15], [24, 10, 1, 9], [2, 22, 3, 21], [4, 7, 5, 8], [6, 20, 7, 19], [8, 3, 9, 4]]"
12a_0083_108,"[[9, 4, 10, 5], [11, 15, 12, 14], [13, 19, 14, 18], [15, 1, 16, 24], [17, 13, 18, 12], [19, 3, 20, 2], [21, 7, 22, 6], [23, 17, 24, 16], [1, 11, 2, 10], [3, 23, 4, 22], [5, 8, 6, 9], [7, 21, 8, 20]]"
12a_0083_109,"[[7, 21, 8, 20], [9, 4, 10, 5], [11, 15, 12, 14], [13, 19, 14, 18], [15, 1, 16, 24], [17, 13, 18, 12], [19, 3, 20, 2], [21, 7, 22, 6], [23, 17, 24, 16], [1, 11, 2, 10], [3, 23, 4, 22], [5, 8, 6, 9]]"
12a_0083_110,"[[5, 8, 6, 9], [7, 21, 8, 20], [9, 4, 10, 5], [11, 15, 12, 14], [13, 19, 14, 18], [15, 1, 16, 24], [17, 13, 18, 12], [19, 3, 20, 2], [21, 7, 22, 6], [23, 17, 24, 16], [1, 11, 2, 10], [3, 23, 4, 22]]"
12a_0083_111,"[[3, 23, 4, 22], [5, 8, 6, 9], [7, 21, 8, 20], [9, 4, 10, 5], [11, 15, 12, 14], [13, 19, 14, 18], [15, 1, 16, 24], [17, 13, 18, 12], [19, 3, 20, 2], [21, 7, 22, 6], [23, 17, 24, 16], [1, 11, 2, 10]]"
12a_0083_112,"[[1, 11, 2, 10], [3, 23, 4, 22], [5, 8, 6, 9], [7, 21, 8, 20], [9, 4, 10, 5], [11, 15, 12, 14], [13, 19, 14, 18], [15, 1, 16, 24], [17, 13, 18, 12], [19, 3, 20, 2], [21, 7, 22, 6], [23, 17, 24, 16]]"
12a_0083_113,"[[23, 17, 24, 16], [1, 11, 2, 10], [3, 23, 4, 22], [5, 8, 6, 9], [7, 21, 8, 20], [9, 4, 10, 5], [11, 15, 12, 14], [13, 19, 14, 18], [15, 1, 16, 24], [17, 13, 18, 12], [19, 3, 20, 2], [21, 7, 22, 6]]"
12a_0083_114,"[[21, 7, 22, 6], [23, 17, 24, 16], [1, 11, 2, 10], [3, 23, 4, 22], [5, 8, 6, 9], [7, 21, 8, 20], [9, 4, 10, 5], [11, 15, 12, 14], [13, 19, 14, 18], [15, 1, 16, 24], [17, 13, 18, 12], [19, 3, 20, 2]]"
12a_0083_115,"[[19, 3, 20, 2], [21, 7, 22, 6], [23, 17, 24, 16], [1, 11, 2, 10], [3, 23, 4, 22], [5, 8, 6, 9], [7, 21, 8, 20], [9, 4, 10, 5], [11, 15, 12, 14], [13, 19, 14, 18], [15, 1, 16, 24], [17, 13, 18, 12]]"
12a_0083_116,"[[17, 13, 18, 12], [19, 3, 20, 2], [21, 7, 22, 6], [23, 17, 24, 16], [1, 11, 2, 10], [3, 23, 4, 22], [5, 8, 6, 9], [7, 21, 8, 20], [9, 4, 10, 5], [11, 15, 12, 14], [13, 19, 14, 18], [15, 1, 16, 24]]"
12a_0083_117,"[[15, 1, 16, 24], [17, 13, 18, 12], [19, 3, 20, 2], [21, 7, 22, 6], [23, 17, 24, 16], [1, 11, 2, 10], [3, 23, 4, 22], [5, 8, 6, 9], [7, 21, 8, 20], [9, 4, 10, 5], [11, 15, 12, 14], [13, 19, 14, 18]]"
12a_0083_118,"[[13, 19, 14, 18], [15, 1, 16, 24], [17, 13, 18, 12], [19, 3, 20, 2], [21, 7, 22, 6], [23, 17, 24, 16], [1, 11, 2, 10], [3, 23, 4, 22], [5, 8, 6, 9], [7, 21, 8, 20], [9, 4, 10, 5], [11, 15, 12, 14]]"
12a_0083_119,"[[11, 15, 12, 14], [13, 19, 14, 18], [15, 1, 16, 24], [17, 13, 18, 12], [19, 3, 20, 2], [21, 7, 22, 6], [23, 17, 24, 16], [1, 11, 2, 10], [3, 23, 4, 22], [5, 8, 6, 9], [7, 21, 8, 20], [9, 4, 10, 5]]"
12a_0083_120,"[[10, 5, 11, 6], [12, 16, 13, 15], [14, 20, 15, 19], [16, 2, 17, 1], [18, 14, 19, 13], [20, 4, 21, 3], [22, 8, 23, 7], [24, 18, 1, 17], [2, 12, 3, 11], [4, 24, 5, 23], [6, 9, 7, 10], [8, 22, 9, 21]]"
12a_0083_121,"[[8, 22, 9, 21], [10, 5, 11, 6], [12, 16, 13, 15], [14, 20, 15, 19], [16, 2, 17, 1], [18, 14, 19, 13], [20, 4, 21, 3], [22, 8, 23, 7], [24, 18, 1, 17], [2, 12, 3, 11], [4, 24, 5, 23], [6, 9, 7, 10]]"
12a_0083_122,"[[6, 9, 7, 10], [8, 22, 9, 21], [10, 5, 11, 6], [12, 16, 13, 15], [14, 20, 15, 19], [16, 2, 17, 1], [18, 14, 19, 13], [20, 4, 21, 3], [22, 8, 23, 7], [24, 18, 1, 17], [2, 12, 3, 11], [4, 24, 5, 23]]"
12a_0083_123,"[[4, 24, 5, 23], [6, 9, 7, 10], [8, 22, 9, 21], [10, 5, 11, 6], [12, 16, 13, 15], [14, 20, 15, 19], [16, 2, 17, 1], [18, 14, 19, 13], [20, 4, 21, 3], [22, 8, 23, 7], [24, 18, 1, 17], [2, 12, 3, 11]]"
12a_0083_124,"[[2, 12, 3, 11], [4, 24, 5, 23], [6, 9, 7, 10], [8, 22, 9, 21], [10, 5, 11, 6], [12, 16, 13, 15], [14, 20, 15, 19], [16, 2, 17, 1], [18, 14, 19, 13], [20, 4, 21, 3], [22, 8, 23, 7], [24, 18, 1, 17]]"
12a_0083_125,"[[24, 18, 1, 17], [2, 12, 3, 11], [4, 24, 5, 23], [6, 9, 7, 10], [8, 22, 9, 21], [10, 5, 11, 6], [12, 16, 13, 15], [14, 20, 15, 19], [16, 2, 17, 1], [18, 14, 19, 13], [20, 4, 21, 3], [22, 8, 23, 7]]"
12a_0083_126,"[[22, 8, 23, 7], [24, 18, 1, 17], [2, 12, 3, 11], [4, 24, 5, 23], [6, 9, 7, 10], [8, 22, 9, 21], [10, 5, 11, 6], [12, 16, 13, 15], [14, 20, 15, 19], [16, 2, 17, 1], [18, 14, 19, 13], [20, 4, 21, 3]]"
12a_0083_127,"[[20, 4, 21, 3], [22, 8, 23, 7], [24, 18, 1, 17], [2, 12, 3, 11], [4, 24, 5, 23], [6, 9, 7, 10], [8, 22, 9, 21], [10, 5, 11, 6], [12, 16, 13, 15], [14, 20, 15, 19], [16, 2, 17, 1], [18, 14, 19, 13]]"
12a_0083_128,"[[18, 14, 19, 13], [20, 4, 21, 3], [22, 8, 23, 7], [24, 18, 1, 17], [2, 12, 3, 11], [4, 24, 5, 23], [6, 9, 7, 10], [8, 22, 9, 21], [10, 5, 11, 6], [12, 16, 13, 15], [14, 20, 15, 19], [16, 2, 17, 1]]"
12a_0083_129,"[[16, 2, 17, 1], [18, 14, 19, 13], [20, 4, 21, 3], [22, 8, 23, 7], [24, 18, 1, 17], [2, 12, 3, 11], [4, 24, 5, 23], [6, 9, 7, 10], [8, 22, 9, 21], [10, 5, 11, 6], [12, 16, 13, 15], [14, 20, 15, 19]]"
12a_0083_130,"[[14, 20, 15, 19], [16, 2, 17, 1], [18, 14, 19, 13], [20, 4, 21, 3], [22, 8, 23, 7], [24, 18, 1, 17], [2, 12, 3, 11], [4, 24, 5, 23], [6, 9, 7, 10], [8, 22, 9, 21], [10, 5, 11, 6], [12, 16, 13, 15]]"
12a_0083_131,"[[12, 16, 13, 15], [14, 20, 15, 19], [16, 2, 17, 1], [18, 14, 19, 13], [20, 4, 21, 3], [22, 8, 23, 7], [24, 18, 1, 17], [2, 12, 3, 11], [4, 24, 5, 23], [6, 9, 7, 10], [8, 22, 9, 21], [10, 5, 11, 6]]"
12a_0083_132,"[[11, 6, 12, 7], [13, 17, 14, 16], [15, 21, 16, 20], [17, 3, 18, 2], [19, 15, 20, 14], [21, 5, 22, 4], [23, 9, 24, 8], [1, 19, 2, 18], [3, 13, 4, 12], [5, 1, 6, 24], [7, 10, 8, 11], [9, 23, 10, 22]]"
12a_0083_133,"[[9, 23, 10, 22], [11, 6, 12, 7], [13, 17, 14, 16], [15, 21, 16, 20], [17, 3, 18, 2], [19, 15, 20, 14], [21, 5, 22, 4], [23, 9, 24, 8], [1, 19, 2, 18], [3, 13, 4, 12], [5, 1, 6, 24], [7, 10, 8, 11]]"
12a_0083_134,"[[7, 10, 8, 11], [9, 23, 10, 22], [11, 6, 12, 7], [13, 17, 14, 16], [15, 21, 16, 20], [17, 3, 18, 2], [19, 15, 20, 14], [21, 5, 22, 4], [23, 9, 24, 8], [1, 19, 2, 18], [3, 13, 4, 12], [5, 1, 6, 24]]"
12a_0083_135,"[[5, 1, 6, 24], [7, 10, 8, 11], [9, 23, 10, 22], [11, 6, 12, 7], [13, 17, 14, 16], [15, 21, 16, 20], [17, 3, 18, 2], [19, 15, 20, 14], [21, 5, 22, 4], [23, 9, 24, 8], [1, 19, 2, 18], [3, 13, 4, 12]]"
12a_0083_136,"[[3, 13, 4, 12], [5, 1, 6, 24], [7, 10, 8, 11], [9, 23, 10, 22], [11, 6, 12, 7], [13, 17, 14, 16], [15, 21, 16, 20], [17, 3, 18, 2], [19, 15, 20, 14], [21, 5, 22, 4], [23, 9, 24, 8], [1, 19, 2, 18]]"
12a_0083_137,"[[1, 19, 2, 18], [3, 13, 4, 12], [5, 1, 6, 24], [7, 10, 8, 11], [9, 23, 10, 22], [11, 6, 12, 7], [13, 17, 14, 16], [15, 21, 16, 20], [17, 3, 18, 2], [19, 15, 20, 14], [21, 5, 22, 4], [23, 9, 24, 8]]"
12a_0083_138,"[[23, 9, 24, 8], [1, 19, 2, 18], [3, 13, 4, 12], [5, 1, 6, 24], [7, 10, 8, 11], [9, 23, 10, 22], [11, 6, 12, 7], [13, 17, 14, 16], [15, 21, 16, 20], [17, 3, 18, 2], [19, 15, 20, 14], [21, 5, 22, 4]]"
12a_0083_139,"[[21, 5, 22, 4], [23, 9, 24, 8], [1, 19, 2, 18], [3, 13, 4, 12], [5, 1, 6, 24], [7, 10, 8, 11], [9, 23, 10, 22], [11, 6, 12, 7], [13, 17, 14, 16], [15, 21, 16, 20], [17, 3, 18, 2], [19, 15, 20, 14]]"
12a_0083_140,"[[19, 15, 20, 14], [21, 5, 22, 4], [23, 9, 24, 8], [1, 19, 2, 18], [3, 13, 4, 12], [5, 1, 6, 24], [7, 10, 8, 11], [9, 23, 10, 22], [11, 6, 12, 7], [13, 17, 14, 16], [15, 21, 16, 20], [17, 3, 18, 2]]"
12a_0083_141,"[[17, 3, 18, 2], [19, 15, 20, 14], [21, 5, 22, 4], [23, 9, 24, 8], [1, 19, 2, 18], [3, 13, 4, 12], [5, 1, 6, 24], [7, 10, 8, 11], [9, 23, 10, 22], [11, 6, 12, 7], [13, 17, 14, 16], [15, 21, 16, 20]]"
12a_0083_142,"[[15, 21, 16, 20], [17, 3, 18, 2], [19, 15, 20, 14], [21, 5, 22, 4], [23, 9, 24, 8], [1, 19, 2, 18], [3, 13, 4, 12], [5, 1, 6, 24], [7, 10, 8, 11], [9, 23, 10, 22], [11, 6, 12, 7], [13, 17, 14, 16]]"
12a_0083_143,"[[13, 17, 14, 16], [15, 21, 16, 20], [17, 3, 18, 2], [19, 15, 20, 14], [21, 5, 22, 4], [23, 9, 24, 8], [1, 19, 2, 18], [3, 13, 4, 12], [5, 1, 6, 24], [7, 10, 8, 11], [9, 23, 10, 22], [11, 6, 12, 7]]"
12a_0083_144,"[[12, 7, 13, 8], [14, 18, 15, 17], [16, 22, 17, 21], [18, 4, 19, 3], [20, 16, 21, 15], [22, 6, 23, 5], [24, 10, 1, 9], [2, 20, 3, 19], [4, 14, 5, 13], [6, 2, 7, 1], [8, 11, 9, 12], [10, 24, 11, 23]]"
12a_0083_145,"[[10, 24, 11, 23], [12, 7, 13, 8], [14, 18, 15, 17], [16, 22, 17, 21], [18, 4, 19, 3], [20, 16, 21, 15], [22, 6, 23, 5], [24, 10, 1, 9], [2, 20, 3, 19], [4, 14, 5, 13], [6, 2, 7, 1], [8, 11, 9, 12]]"
12a_0083_146,"[[8, 11, 9, 12], [10, 24, 11, 23], [12, 7, 13, 8], [14, 18, 15, 17], [16, 22, 17, 21], [18, 4, 19, 3], [20, 16, 21, 15], [22, 6, 23, 5], [24, 10, 1, 9], [2, 20, 3, 19], [4, 14, 5, 13], [6, 2, 7, 1]]"
12a_0083_147,"[[6, 2, 7, 1], [8, 11, 9, 12], [10, 24, 11, 23], [12, 7, 13, 8], [14, 18, 15, 17], [16, 22, 17, 21], [18, 4, 19, 3], [20, 16, 21, 15], [22, 6, 23, 5], [24, 10, 1, 9], [2, 20, 3, 19], [4, 14, 5, 13]]"
12a_0083_148,"[[4, 14, 5, 13], [6, 2, 7, 1], [8, 11, 9, 12], [10, 24, 11, 23], [12, 7, 13, 8], [14, 18, 15, 17], [16, 22, 17, 21], [18, 4, 19, 3], [20, 16, 21, 15], [22, 6, 23, 5], [24, 10, 1, 9], [2, 20, 3, 19]]"
12a_0083_149,"[[2, 20, 3, 19], [4, 14, 5, 13], [6, 2, 7, 1], [8, 11, 9, 12], [10, 24, 11, 23], [12, 7, 13, 8], [14, 18, 15, 17], [16, 22, 17, 21], [18, 4, 19, 3], [20, 16, 21, 15], [22, 6, 23, 5], [24, 10, 1, 9]]"
12a_0083_150,"[[24, 10, 1, 9], [2, 20, 3, 19], [4, 14, 5, 13], [6, 2, 7, 1], [8, 11, 9, 12], [10, 24, 11, 23], [12, 7, 13, 8], [14, 18, 15, 17], [16, 22, 17, 21], [18, 4, 19, 3], [20, 16, 21, 15], [22, 6, 23, 5]]"
12a_0083_151,"[[22, 6, 23, 5], [24, 10, 1, 9], [2, 20, 3, 19], [4, 14, 5, 13], [6, 2, 7, 1], [8, 11, 9, 12], [10, 24, 11, 23], [12, 7, 13, 8], [14, 18, 15, 17], [16, 22, 17, 21], [18, 4, 19, 3], [20, 16, 21, 15]]"
12a_0083_152,"[[20, 16, 21, 15], [22, 6, 23, 5], [24, 10, 1, 9], [2, 20, 3, 19], [4, 14, 5, 13], [6, 2, 7, 1], [8, 11, 9, 12], [10, 24, 11, 23], [12, 7, 13, 8], [14, 18, 15, 17], [16, 22, 17, 21], [18, 4, 19, 3]]"
12a_0083_153,"[[18, 4, 19, 3], [20, 16, 21, 15], [22, 6, 23, 5], [24, 10, 1, 9], [2, 20, 3, 19], [4, 14, 5, 13], [6, 2, 7, 1], [8, 11, 9, 12], [10, 24, 11, 23], [12, 7, 13, 8], [14, 18, 15, 17], [16, 22, 17, 21]]"
12a_0083_154,"[[16, 22, 17, 21], [18, 4, 19, 3], [20, 16, 21, 15], [22, 6, 23, 5], [24, 10, 1, 9], [2, 20, 3, 19], [4, 14, 5, 13], [6, 2, 7, 1], [8, 11, 9, 12], [10, 24, 11, 23], [12, 7, 13, 8], [14, 18, 15, 17]]"
12a_0083_155,"[[14, 18, 15, 17], [16, 22, 17, 21], [18, 4, 19, 3], [20, 16, 21, 15], [22, 6, 23, 5], [24, 10, 1, 9], [2, 20, 3, 19], [4, 14, 5, 13], [6, 2, 7, 1], [8, 11, 9, 12], [10, 24, 11, 23], [12, 7, 13, 8]]"
12a_0083_156,"[[13, 8, 14, 9], [15, 19, 16, 18], [17, 23, 18, 22], [19, 5, 20, 4], [21, 17, 22, 16], [23, 7, 24, 6], [1, 11, 2, 10], [3, 21, 4, 20], [5, 15, 6, 14], [7, 3, 8, 2], [9, 12, 10, 13], [11, 1, 12, 24]]"
12a_0083_157,"[[11, 1, 12, 24], [13, 8, 14, 9], [15, 19, 16, 18], [17, 23, 18, 22], [19, 5, 20, 4], [21, 17, 22, 16], [23, 7, 24, 6], [1, 11, 2, 10], [3, 21, 4, 20], [5, 15, 6, 14], [7, 3, 8, 2], [9, 12, 10, 13]]"
12a_0083_158,"[[9, 12, 10, 13], [11, 1, 12, 24], [13, 8, 14, 9], [15, 19, 16, 18], [17, 23, 18, 22], [19, 5, 20, 4], [21, 17, 22, 16], [23, 7, 24, 6], [1, 11, 2, 10], [3, 21, 4, 20], [5, 15, 6, 14], [7, 3, 8, 2]]"
12a_0083_159,"[[7, 3, 8, 2], [9, 12, 10, 13], [11, 1, 12, 24], [13, 8, 14, 9], [15, 19, 16, 18], [17, 23, 18, 22], [19, 5, 20, 4], [21, 17, 22, 16], [23, 7, 24, 6], [1, 11, 2, 10], [3, 21, 4, 20], [5, 15, 6, 14]]"
12a_0083_160,"[[5, 15, 6, 14], [7, 3, 8, 2], [9, 12, 10, 13], [11, 1, 12, 24], [13, 8, 14, 9], [15, 19, 16, 18], [17, 23, 18, 22], [19, 5, 20, 4], [21, 17, 22, 16], [23, 7, 24, 6], [1, 11, 2, 10], [3, 21, 4, 20]]"
12a_0083_161,"[[3, 21, 4, 20], [5, 15, 6, 14], [7, 3, 8, 2], [9, 12, 10, 13], [11, 1, 12, 24], [13, 8, 14, 9], [15, 19, 16, 18], [17, 23, 18, 22], [19, 5, 20, 4], [21, 17, 22, 16], [23, 7, 24, 6], [1, 11, 2, 10]]"
12a_0083_162,"[[1, 11, 2, 10], [3, 21, 4, 20], [5, 15, 6, 14], [7, 3, 8, 2], [9, 12, 10, 13], [11, 1, 12, 24], [13, 8, 14, 9], [15, 19, 16, 18], [17, 23, 18, 22], [19, 5, 20, 4], [21, 17, 22, 16], [23, 7, 24, 6]]"
12a_0083_163,"[[23, 7, 24, 6], [1, 11, 2, 10], [3, 21, 4, 20], [5, 15, 6, 14], [7, 3, 8, 2], [9, 12, 10, 13], [11, 1, 12, 24], [13, 8, 14, 9], [15, 19, 16, 18], [17, 23, 18, 22], [19, 5, 20, 4], [21, 17, 22, 16]]"
12a_0083_164,"[[21, 17, 22, 16], [23, 7, 24, 6], [1, 11, 2, 10], [3, 21, 4, 20], [5, 15, 6, 14], [7, 3, 8, 2], [9, 12, 10, 13], [11, 1, 12, 24], [13, 8, 14, 9], [15, 19, 16, 18], [17, 23, 18, 22], [19, 5, 20, 4]]"
12a_0083_165,"[[19, 5, 20, 4], [21, 17, 22, 16], [23, 7, 24, 6], [1, 11, 2, 10], [3, 21, 4, 20], [5, 15, 6, 14], [7, 3, 8, 2], [9, 12, 10, 13], [11, 1, 12, 24], [13, 8, 14, 9], [15, 19, 16, 18], [17, 23, 18, 22]]"
12a_0083_166,"[[17, 23, 18, 22], [19, 5, 20, 4], [21, 17, 22, 16], [23, 7, 24, 6], [1, 11, 2, 10], [3, 21, 4, 20], [5, 15, 6, 14], [7, 3, 8, 2], [9, 12, 10, 13], [11, 1, 12, 24], [13, 8, 14, 9], [15, 19, 16, 18]]"
12a_0083_167,"[[15, 19, 16, 18], [17, 23, 18, 22], [19, 5, 20, 4], [21, 17, 22, 16], [23, 7, 24, 6], [1, 11, 2, 10], [3, 21, 4, 20], [5, 15, 6, 14], [7, 3, 8, 2], [9, 12, 10, 13], [11, 1, 12, 24], [13, 8, 14, 9]]"
12a_0083_168,"[[14, 9, 15, 10], [16, 20, 17, 19], [18, 24, 19, 23], [20, 6, 21, 5], [22, 18, 23, 17], [24, 8, 1, 7], [2, 12, 3, 11], [4, 22, 5, 21], [6, 16, 7, 15], [8, 4, 9, 3], [10, 13, 11, 14], [12, 2, 13, 1]]"
12a_0083_169,"[[12, 2, 13, 1], [14, 9, 15, 10], [16, 20, 17, 19], [18, 24, 19, 23], [20, 6, 21, 5], [22, 18, 23, 17], [24, 8, 1, 7], [2, 12, 3, 11], [4, 22, 5, 21], [6, 16, 7, 15], [8, 4, 9, 3], [10, 13, 11, 14]]"
12a_0083_170,"[[10, 13, 11, 14], [12, 2, 13, 1], [14, 9, 15, 10], [16, 20, 17, 19], [18, 24, 19, 23], [20, 6, 21, 5], [22, 18, 23, 17], [24, 8, 1, 7], [2, 12, 3, 11], [4, 22, 5, 21], [6, 16, 7, 15], [8, 4, 9, 3]]"
12a_0083_171,"[[8, 4, 9, 3], [10, 13, 11, 14], [12, 2, 13, 1], [14, 9, 15, 10], [16, 20, 17, 19], [18, 24, 19, 23], [20, 6, 21, 5], [22, 18, 23, 17], [24, 8, 1, 7], [2, 12, 3, 11], [4, 22, 5, 21], [6, 16, 7, 15]]"
12a_0083_172,"[[6, 16, 7, 15], [8, 4, 9, 3], [10, 13, 11, 14], [12, 2, 13, 1], [14, 9, 15, 10], [16, 20, 17, 19], [18, 24, 19, 23], [20, 6, 21, 5], [22, 18, 23, 17], [24, 8, 1, 7], [2, 12, 3, 11], [4, 22, 5, 21]]"
12a_0083_173,"[[4, 22, 5, 21], [6, 16, 7, 15], [8, 4, 9, 3], [10, 13, 11, 14], [12, 2, 13, 1], [14, 9, 15, 10], [16, 20, 17, 19], [18, 24, 19, 23], [20, 6, 21, 5], [22, 18, 23, 17], [24, 8, 1, 7], [2, 12, 3, 11]]"
12a_0083_174,"[[2, 12, 3, 11], [4, 22, 5, 21], [6, 16, 7, 15], [8, 4, 9, 3], [10, 13, 11, 14], [12, 2, 13, 1], [14, 9, 15, 10], [16, 20, 17, 19], [18, 24, 19, 23], [20, 6, 21, 5], [22, 18, 23, 17], [24, 8, 1, 7]]"
12a_0083_175,"[[24, 8, 1, 7], [2, 12, 3, 11], [4, 22, 5, 21], [6, 16, 7, 15], [8, 4, 9, 3], [10, 13, 11, 14], [12, 2, 13, 1], [14, 9, 15, 10], [16, 20, 17, 19], [18, 24, 19, 23], [20, 6, 21, 5], [22, 18, 23, 17]]"
12a_0083_176,"[[22, 18, 23, 17], [24, 8, 1, 7], [2, 12, 3, 11], [4, 22, 5, 21], [6, 16, 7, 15], [8, 4, 9, 3], [10, 13, 11, 14], [12, 2, 13, 1], [14, 9, 15, 10], [16, 20, 17, 19], [18, 24, 19, 23], [20, 6, 21, 5]]"
12a_0083_177,"[[20, 6, 21, 5], [22, 18, 23, 17], [24, 8, 1, 7], [2, 12, 3, 11], [4, 22, 5, 21], [6, 16, 7, 15], [8, 4, 9, 3], [10, 13, 11, 14], [12, 2, 13, 1], [14, 9, 15, 10], [16, 20, 17, 19], [18, 24, 19, 23]]"
12a_0083_178,"[[18, 24, 19, 23], [20, 6, 21, 5], [22, 18, 23, 17], [24, 8, 1, 7], [2, 12, 3, 11], [4, 22, 5, 21], [6, 16, 7, 15], [8, 4, 9, 3], [10, 13, 11, 14], [12, 2, 13, 1], [14, 9, 15, 10], [16, 20, 17, 19]]"
12a_0083_179,"[[16, 20, 17, 19], [18, 24, 19, 23], [20, 6, 21, 5], [22, 18, 23, 17], [24, 8, 1, 7], [2, 12, 3, 11], [4, 22, 5, 21], [6, 16, 7, 15], [8, 4, 9, 3], [10, 13, 11, 14], [12, 2, 13, 1], [14, 9, 15, 10]]"
12a_0083_180,"[[15, 10, 16, 11], [17, 21, 18, 20], [19, 1, 20, 24], [21, 7, 22, 6], [23, 19, 24, 18], [1, 9, 2, 8], [3, 13, 4, 12], [5, 23, 6, 22], [7, 17, 8, 16], [9, 5, 10, 4], [11, 14, 12, 15], [13, 3, 14, 2]]"
12a_0083_181,"[[13, 3, 14, 2], [15, 10, 16, 11], [17, 21, 18, 20], [19, 1, 20, 24], [21, 7, 22, 6], [23, 19, 24, 18], [1, 9, 2, 8], [3, 13, 4, 12], [5, 23, 6, 22], [7, 17, 8, 16], [9, 5, 10, 4], [11, 14, 12, 15]]"
12a_0083_182,"[[11, 14, 12, 15], [13, 3, 14, 2], [15, 10, 16, 11], [17, 21, 18, 20], [19, 1, 20, 24], [21, 7, 22, 6], [23, 19, 24, 18], [1, 9, 2, 8], [3, 13, 4, 12], [5, 23, 6, 22], [7, 17, 8, 16], [9, 5, 10, 4]]"
12a_0083_183,"[[9, 5, 10, 4], [11, 14, 12, 15], [13, 3, 14, 2], [15, 10, 16, 11], [17, 21, 18, 20], [19, 1, 20, 24], [21, 7, 22, 6], [23, 19, 24, 18], [1, 9, 2, 8], [3, 13, 4, 12], [5, 23, 6, 22], [7, 17, 8, 16]]"
12a_0083_184,"[[7, 17, 8, 16], [9, 5, 10, 4], [11, 14, 12, 15], [13, 3, 14, 2], [15, 10, 16, 11], [17, 21, 18, 20], [19, 1, 20, 24], [21, 7, 22, 6], [23, 19, 24, 18], [1, 9, 2, 8], [3, 13, 4, 12], [5, 23, 6, 22]]"
12a_0083_185,"[[5, 23, 6, 22], [7, 17, 8, 16], [9, 5, 10, 4], [11, 14, 12, 15], [13, 3, 14, 2], [15, 10, 16, 11], [17, 21, 18, 20], [19, 1, 20, 24], [21, 7, 22, 6], [23, 19, 24, 18], [1, 9, 2, 8], [3, 13, 4, 12]]"
