name,pd_notation
12a_1240_0,"[[24, 16, 1, 15], [2, 10, 3, 9], [4, 11, 5, 12], [6, 17, 7, 18], [8, 2, 9, 1], [10, 19, 11, 20], [12, 22, 13, 21], [14, 24, 15, 23], [16, 7, 17, 8], [18, 5, 19, 6], [20, 4, 21, 3], [22, 14, 23, 13]]"
12a_1240_1,"[[22, 14, 23, 13], [24, 16, 1, 15], [2, 10, 3, 9], [4, 11, 5, 12], [6, 17, 7, 18], [8, 2, 9, 1], [10, 19, 11, 20], [12, 22, 13, 21], [14, 24, 15, 23], [16, 7, 17, 8], [18, 5, 19, 6], [20, 4, 21, 3]]"
12a_1240_2,"[[20, 4, 21, 3], [22, 14, 23, 13], [24, 16, 1, 15], [2, 10, 3, 9], [4, 11, 5, 12], [6, 17, 7, 18], [8, 2, 9, 1], [10, 19, 11, 20], [12, 22, 13, 21], [14, 24, 15, 23], [16, 7, 17, 8], [18, 5, 19, 6]]"
12a_1240_3,"[[18, 5, 19, 6], [20, 4, 21, 3], [22, 14, 23, 13], [24, 16, 1, 15], [2, 10, 3, 9], [4, 11, 5, 12], [6, 17, 7, 18], [8, 2, 9, 1], [10, 19, 11, 20], [12, 22, 13, 21], [14, 24, 15, 23], [16, 7, 17, 8]]"
12a_1240_4,"[[16, 7, 17, 8], [18, 5, 19, 6], [20, 4, 21, 3], [22, 14, 23, 13], [24, 16, 1, 15], [2, 10, 3, 9], [4, 11, 5, 12], [6, 17, 7, 18], [8, 2, 9, 1], [10, 19, 11, 20], [12, 22, 13, 21], [14, 24, 15, 23]]"
12a_1240_5,"[[14, 24, 15, 23], [16, 7, 17, 8], [18, 5, 19, 6], [20, 4, 21, 3], [22, 14, 23, 13], [24, 16, 1, 15], [2, 10, 3, 9], [4, 11, 5, 12], [6, 17, 7, 18], [8, 2, 9, 1], [10, 19, 11, 20], [12, 22, 13, 21]]"
12a_1240_6,"[[12, 22, 13, 21], [14, 24, 15, 23], [16, 7, 17, 8], [18, 5, 19, 6], [20, 4, 21, 3], [22, 14, 23, 13], [24, 16, 1, 15], [2, 10, 3, 9], [4, 11, 5, 12], [6, 17, 7, 18], [8, 2, 9, 1], [10, 19, 11, 20]]"
12a_1240_7,"[[10, 19, 11, 20], [12, 22, 13, 21], [14, 24, 15, 23], [16, 7, 17, 8], [18, 5, 19, 6], [20, 4, 21, 3], [22, 14, 23, 13], [24, 16, 1, 15], [2, 10, 3, 9], [4, 11, 5, 12], [6, 17, 7, 18], [8, 2, 9, 1]]"
12a_1240_8,"[[8, 2, 9, 1], [10, 19, 11, 20], [12, 22, 13, 21], [14, 24, 15, 23], [16, 7, 17, 8], [18, 5, 19, 6], [20, 4, 21, 3], [22, 14, 23, 13], [24, 16, 1, 15], [2, 10, 3, 9], [4, 11, 5, 12], [6, 17, 7, 18]]"
12a_1240_9,"[[6, 17, 7, 18], [8, 2, 9, 1], [10, 19, 11, 20], [12, 22, 13, 21], [14, 24, 15, 23], [16, 7, 17, 8], [18, 5, 19, 6], [20, 4, 21, 3], [22, 14, 23, 13], [24, 16, 1, 15], [2, 10, 3, 9], [4, 11, 5, 12]]"
12a_1240_10,"[[4, 11, 5, 12], [6, 17, 7, 18], [8, 2, 9, 1], [10, 19, 11, 20], [12, 22, 13, 21], [14, 24, 15, 23], [16, 7, 17, 8], [18, 5, 19, 6], [20, 4, 21, 3], [22, 14, 23, 13], [24, 16, 1, 15], [2, 10, 3, 9]]"
12a_1240_11,"[[2, 10, 3, 9], [4, 11, 5, 12], [6, 17, 7, 18], [8, 2, 9, 1], [10, 19, 11, 20], [12, 22, 13, 21], [14, 24, 15, 23], [16, 7, 17, 8], [18, 5, 19, 6], [20, 4, 21, 3], [22, 14, 23, 13], [24, 16, 1, 15]]"
12a_1240_12,"[[1, 17, 2, 16], [3, 11, 4, 10], [5, 12, 6, 13], [7, 18, 8, 19], [9, 3, 10, 2], [11, 20, 12, 21], [13, 23, 14, 22], [15, 1, 16, 24], [17, 8, 18, 9], [19, 6, 20, 7], [21, 5, 22, 4], [23, 15, 24, 14]]"
12a_1240_13,"[[23, 15, 24, 14], [1, 17, 2, 16], [3, 11, 4, 10], [5, 12, 6, 13], [7, 18, 8, 19], [9, 3, 10, 2], [11, 20, 12, 21], [13, 23, 14, 22], [15, 1, 16, 24], [17, 8, 18, 9], [19, 6, 20, 7], [21, 5, 22, 4]]"
12a_1240_14,"[[21, 5, 22, 4], [23, 15, 24, 14], [1, 17, 2, 16], [3, 11, 4, 10], [5, 12, 6, 13], [7, 18, 8, 19], [9, 3, 10, 2], [11, 20, 12, 21], [13, 23, 14, 22], [15, 1, 16, 24], [17, 8, 18, 9], [19, 6, 20, 7]]"
12a_1240_15,"[[19, 6, 20, 7], [21, 5, 22, 4], [23, 15, 24, 14], [1, 17, 2, 16], [3, 11, 4, 10], [5, 12, 6, 13], [7, 18, 8, 19], [9, 3, 10, 2], [11, 20, 12, 21], [13, 23, 14, 22], [15, 1, 16, 24], [17, 8, 18, 9]]"
12a_1240_16,"[[17, 8, 18, 9], [19, 6, 20, 7], [21, 5, 22, 4], [23, 15, 24, 14], [1, 17, 2, 16], [3, 11, 4, 10], [5, 12, 6, 13], [7, 18, 8, 19], [9, 3, 10, 2], [11, 20, 12, 21], [13, 23, 14, 22], [15, 1, 16, 24]]"
12a_1240_17,"[[15, 1, 16, 24], [17, 8, 18, 9], [19, 6, 20, 7], [21, 5, 22, 4], [23, 15, 24, 14], [1, 17, 2, 16], [3, 11, 4, 10], [5, 12, 6, 13], [7, 18, 8, 19], [9, 3, 10, 2], [11, 20, 12, 21], [13, 23, 14, 22]]"
12a_1240_18,"[[13, 23, 14, 22], [15, 1, 16, 24], [17, 8, 18, 9], [19, 6, 20, 7], [21, 5, 22, 4], [23, 15, 24, 14], [1, 17, 2, 16], [3, 11, 4, 10], [5, 12, 6, 13], [7, 18, 8, 19], [9, 3, 10, 2], [11, 20, 12, 21]]"
12a_1240_19,"[[11, 20, 12, 21], [13, 23, 14, 22], [15, 1, 16, 24], [17, 8, 18, 9], [19, 6, 20, 7], [21, 5, 22, 4], [23, 15, 24, 14], [1, 17, 2, 16], [3, 11, 4, 10], [5, 12, 6, 13], [7, 18, 8, 19], [9, 3, 10, 2]]"
12a_1240_20,"[[9, 3, 10, 2], [11, 20, 12, 21], [13, 23, 14, 22], [15, 1, 16, 24], [17, 8, 18, 9], [19, 6, 20, 7], [21, 5, 22, 4], [23, 15, 24, 14], [1, 17, 2, 16], [3, 11, 4, 10], [5, 12, 6, 13], [7, 18, 8, 19]]"
12a_1240_21,"[[7, 18, 8, 19], [9, 3, 10, 2], [11, 20, 12, 21], [13, 23, 14, 22], [15, 1, 16, 24], [17, 8, 18, 9], [19, 6, 20, 7], [21, 5, 22, 4], [23, 15, 24, 14], [1, 17, 2, 16], [3, 11, 4, 10], [5, 12, 6, 13]]"
12a_1240_22,"[[5, 12, 6, 13], [7, 18, 8, 19], [9, 3, 10, 2], [11, 20, 12, 21], [13, 23, 14, 22], [15, 1, 16, 24], [17, 8, 18, 9], [19, 6, 20, 7], [21, 5, 22, 4], [23, 15, 24, 14], [1, 17, 2, 16], [3, 11, 4, 10]]"
12a_1240_23,"[[3, 11, 4, 10], [5, 12, 6, 13], [7, 18, 8, 19], [9, 3, 10, 2], [11, 20, 12, 21], [13, 23, 14, 22], [15, 1, 16, 24], [17, 8, 18, 9], [19, 6, 20, 7], [21, 5, 22, 4], [23, 15, 24, 14], [1, 17, 2, 16]]"
12a_1240_24,"[[2, 18, 3, 17], [4, 12, 5, 11], [6, 13, 7, 14], [8, 19, 9, 20], [10, 4, 11, 3], [12, 21, 13, 22], [14, 24, 15, 23], [16, 2, 17, 1], [18, 9, 19, 10], [20, 7, 21, 8], [22, 6, 23, 5], [24, 16, 1, 15]]"
12a_1240_25,"[[24, 16, 1, 15], [2, 18, 3, 17], [4, 12, 5, 11], [6, 13, 7, 14], [8, 19, 9, 20], [10, 4, 11, 3], [12, 21, 13, 22], [14, 24, 15, 23], [16, 2, 17, 1], [18, 9, 19, 10], [20, 7, 21, 8], [22, 6, 23, 5]]"
12a_1240_26,"[[22, 6, 23, 5], [24, 16, 1, 15], [2, 18, 3, 17], [4, 12, 5, 11], [6, 13, 7, 14], [8, 19, 9, 20], [10, 4, 11, 3], [12, 21, 13, 22], [14, 24, 15, 23], [16, 2, 17, 1], [18, 9, 19, 10], [20, 7, 21, 8]]"
12a_1240_27,"[[20, 7, 21, 8], [22, 6, 23, 5], [24, 16, 1, 15], [2, 18, 3, 17], [4, 12, 5, 11], [6, 13, 7, 14], [8, 19, 9, 20], [10, 4, 11, 3], [12, 21, 13, 22], [14, 24, 15, 23], [16, 2, 17, 1], [18, 9, 19, 10]]"
12a_1240_28,"[[18, 9, 19, 10], [20, 7, 21, 8], [22, 6, 23, 5], [24, 16, 1, 15], [2, 18, 3, 17], [4, 12, 5, 11], [6, 13, 7, 14], [8, 19, 9, 20], [10, 4, 11, 3], [12, 21, 13, 22], [14, 24, 15, 23], [16, 2, 17, 1]]"
12a_1240_29,"[[16, 2, 17, 1], [18, 9, 19, 10], [20, 7, 21, 8], [22, 6, 23, 5], [24, 16, 1, 15], [2, 18, 3, 17], [4, 12, 5, 11], [6, 13, 7, 14], [8, 19, 9, 20], [10, 4, 11, 3], [12, 21, 13, 22], [14, 24, 15, 23]]"
12a_1240_30,"[[14, 24, 15, 23], [16, 2, 17, 1], [18, 9, 19, 10], [20, 7, 21, 8], [22, 6, 23, 5], [24, 16, 1, 15], [2, 18, 3, 17], [4, 12, 5, 11], [6, 13, 7, 14], [8, 19, 9, 20], [10, 4, 11, 3], [12, 21, 13, 22]]"
12a_1240_31,"[[12, 21, 13, 22], [14, 24, 15, 23], [16, 2, 17, 1], [18, 9, 19, 10], [20, 7, 21, 8], [22, 6, 23, 5], [24, 16, 1, 15], [2, 18, 3, 17], [4, 12, 5, 11], [6, 13, 7, 14], [8, 19, 9, 20], [10, 4, 11, 3]]"
12a_1240_32,"[[10, 4, 11, 3], [12, 21, 13, 22], [14, 24, 15, 23], [16, 2, 17, 1], [18, 9, 19, 10], [20, 7, 21, 8], [22, 6, 23, 5], [24, 16, 1, 15], [2, 18, 3, 17], [4, 12, 5, 11], [6, 13, 7, 14], [8, 19, 9, 20]]"
12a_1240_33,"[[8, 19, 9, 20], [10, 4, 11, 3], [12, 21, 13, 22], [14, 24, 15, 23], [16, 2, 17, 1], [18, 9, 19, 10], [20, 7, 21, 8], [22, 6, 23, 5], [24, 16, 1, 15], [2, 18, 3, 17], [4, 12, 5, 11], [6, 13, 7, 14]]"
12a_1240_34,"[[6, 13, 7, 14], [8, 19, 9, 20], [10, 4, 11, 3], [12, 21, 13, 22], [14, 24, 15, 23], [16, 2, 17, 1], [18, 9, 19, 10], [20, 7, 21, 8], [22, 6, 23, 5], [24, 16, 1, 15], [2, 18, 3, 17], [4, 12, 5, 11]]"
12a_1240_35,"[[4, 12, 5, 11], [6, 13, 7, 14], [8, 19, 9, 20], [10, 4, 11, 3], [12, 21, 13, 22], [14, 24, 15, 23], [16, 2, 17, 1], [18, 9, 19, 10], [20, 7, 21, 8], [22, 6, 23, 5], [24, 16, 1, 15], [2, 18, 3, 17]]"
12a_1240_36,"[[3, 19, 4, 18], [5, 13, 6, 12], [7, 14, 8, 15], [9, 20, 10, 21], [11, 5, 12, 4], [13, 22, 14, 23], [15, 1, 16, 24], [17, 3, 18, 2], [19, 10, 20, 11], [21, 8, 22, 9], [23, 7, 24, 6], [1, 17, 2, 16]]"
12a_1240_37,"[[1, 17, 2, 16], [3, 19, 4, 18], [5, 13, 6, 12], [7, 14, 8, 15], [9, 20, 10, 21], [11, 5, 12, 4], [13, 22, 14, 23], [15, 1, 16, 24], [17, 3, 18, 2], [19, 10, 20, 11], [21, 8, 22, 9], [23, 7, 24, 6]]"
12a_1240_38,"[[23, 7, 24, 6], [1, 17, 2, 16], [3, 19, 4, 18], [5, 13, 6, 12], [7, 14, 8, 15], [9, 20, 10, 21], [11, 5, 12, 4], [13, 22, 14, 23], [15, 1, 16, 24], [17, 3, 18, 2], [19, 10, 20, 11], [21, 8, 22, 9]]"
12a_1240_39,"[[21, 8, 22, 9], [23, 7, 24, 6], [1, 17, 2, 16], [3, 19, 4, 18], [5, 13, 6, 12], [7, 14, 8, 15], [9, 20, 10, 21], [11, 5, 12, 4], [13, 22, 14, 23], [15, 1, 16, 24], [17, 3, 18, 2], [19, 10, 20, 11]]"
12a_1240_40,"[[19, 10, 20, 11], [21, 8, 22, 9], [23, 7, 24, 6], [1, 17, 2, 16], [3, 19, 4, 18], [5, 13, 6, 12], [7, 14, 8, 15], [9, 20, 10, 21], [11, 5, 12, 4], [13, 22, 14, 23], [15, 1, 16, 24], [17, 3, 18, 2]]"
12a_1240_41,"[[17, 3, 18, 2], [19, 10, 20, 11], [21, 8, 22, 9], [23, 7, 24, 6], [1, 17, 2, 16], [3, 19, 4, 18], [5, 13, 6, 12], [7, 14, 8, 15], [9, 20, 10, 21], [11, 5, 12, 4], [13, 22, 14, 23], [15, 1, 16, 24]]"
12a_1240_42,"[[15, 1, 16, 24], [17, 3, 18, 2], [19, 10, 20, 11], [21, 8, 22, 9], [23, 7, 24, 6], [1, 17, 2, 16], [3, 19, 4, 18], [5, 13, 6, 12], [7, 14, 8, 15], [9, 20, 10, 21], [11, 5, 12, 4], [13, 22, 14, 23]]"
12a_1240_43,"[[13, 22, 14, 23], [15, 1, 16, 24], [17, 3, 18, 2], [19, 10, 20, 11], [21, 8, 22, 9], [23, 7, 24, 6], [1, 17, 2, 16], [3, 19, 4, 18], [5, 13, 6, 12], [7, 14, 8, 15], [9, 20, 10, 21], [11, 5, 12, 4]]"
12a_1240_44,"[[11, 5, 12, 4], [13, 22, 14, 23], [15, 1, 16, 24], [17, 3, 18, 2], [19, 10, 20, 11], [21, 8, 22, 9], [23, 7, 24, 6], [1, 17, 2, 16], [3, 19, 4, 18], [5, 13, 6, 12], [7, 14, 8, 15], [9, 20, 10, 21]]"
12a_1240_45,"[[9, 20, 10, 21], [11, 5, 12, 4], [13, 22, 14, 23], [15, 1, 16, 24], [17, 3, 18, 2], [19, 10, 20, 11], [21, 8, 22, 9], [23, 7, 24, 6], [1, 17, 2, 16], [3, 19, 4, 18], [5, 13, 6, 12], [7, 14, 8, 15]]"
12a_1240_46,"[[7, 14, 8, 15], [9, 20, 10, 21], [11, 5, 12, 4], [13, 22, 14, 23], [15, 1, 16, 24], [17, 3, 18, 2], [19, 10, 20, 11], [21, 8, 22, 9], [23, 7, 24, 6], [1, 17, 2, 16], [3, 19, 4, 18], [5, 13, 6, 12]]"
12a_1240_47,"[[5, 13, 6, 12], [7, 14, 8, 15], [9, 20, 10, 21], [11, 5, 12, 4], [13, 22, 14, 23], [15, 1, 16, 24], [17, 3, 18, 2], [19, 10, 20, 11], [21, 8, 22, 9], [23, 7, 24, 6], [1, 17, 2, 16], [3, 19, 4, 18]]"
12a_1240_48,"[[4, 20, 5, 19], [6, 14, 7, 13], [8, 15, 9, 16], [10, 21, 11, 22], [12, 6, 13, 5], [14, 23, 15, 24], [16, 2, 17, 1], [18, 4, 19, 3], [20, 11, 21, 12], [22, 9, 23, 10], [24, 8, 1, 7], [2, 18, 3, 17]]"
12a_1240_49,"[[2, 18, 3, 17], [4, 20, 5, 19], [6, 14, 7, 13], [8, 15, 9, 16], [10, 21, 11, 22], [12, 6, 13, 5], [14, 23, 15, 24], [16, 2, 17, 1], [18, 4, 19, 3], [20, 11, 21, 12], [22, 9, 23, 10], [24, 8, 1, 7]]"
12a_1240_50,"[[24, 8, 1, 7], [2, 18, 3, 17], [4, 20, 5, 19], [6, 14, 7, 13], [8, 15, 9, 16], [10, 21, 11, 22], [12, 6, 13, 5], [14, 23, 15, 24], [16, 2, 17, 1], [18, 4, 19, 3], [20, 11, 21, 12], [22, 9, 23, 10]]"
12a_1240_51,"[[22, 9, 23, 10], [24, 8, 1, 7], [2, 18, 3, 17], [4, 20, 5, 19], [6, 14, 7, 13], [8, 15, 9, 16], [10, 21, 11, 22], [12, 6, 13, 5], [14, 23, 15, 24], [16, 2, 17, 1], [18, 4, 19, 3], [20, 11, 21, 12]]"
12a_1240_52,"[[20, 11, 21, 12], [22, 9, 23, 10], [24, 8, 1, 7], [2, 18, 3, 17], [4, 20, 5, 19], [6, 14, 7, 13], [8, 15, 9, 16], [10, 21, 11, 22], [12, 6, 13, 5], [14, 23, 15, 24], [16, 2, 17, 1], [18, 4, 19, 3]]"
12a_1240_53,"[[18, 4, 19, 3], [20, 11, 21, 12], [22, 9, 23, 10], [24, 8, 1, 7], [2, 18, 3, 17], [4, 20, 5, 19], [6, 14, 7, 13], [8, 15, 9, 16], [10, 21, 11, 22], [12, 6, 13, 5], [14, 23, 15, 24], [16, 2, 17, 1]]"
12a_1240_54,"[[16, 2, 17, 1], [18, 4, 19, 3], [20, 11, 21, 12], [22, 9, 23, 10], [24, 8, 1, 7], [2, 18, 3, 17], [4, 20, 5, 19], [6, 14, 7, 13], [8, 15, 9, 16], [10, 21, 11, 22], [12, 6, 13, 5], [14, 23, 15, 24]]"
12a_1240_55,"[[14, 23, 15, 24], [16, 2, 17, 1], [18, 4, 19, 3], [20, 11, 21, 12], [22, 9, 23, 10], [24, 8, 1, 7], [2, 18, 3, 17], [4, 20, 5, 19], [6, 14, 7, 13], [8, 15, 9, 16], [10, 21, 11, 22], [12, 6, 13, 5]]"
12a_1240_56,"[[12, 6, 13, 5], [14, 23, 15, 24], [16, 2, 17, 1], [18, 4, 19, 3], [20, 11, 21, 12], [22, 9, 23, 10], [24, 8, 1, 7], [2, 18, 3, 17], [4, 20, 5, 19], [6, 14, 7, 13], [8, 15, 9, 16], [10, 21, 11, 22]]"
12a_1240_57,"[[10, 21, 11, 22], [12, 6, 13, 5], [14, 23, 15, 24], [16, 2, 17, 1], [18, 4, 19, 3], [20, 11, 21, 12], [22, 9, 23, 10], [24, 8, 1, 7], [2, 18, 3, 17], [4, 20, 5, 19], [6, 14, 7, 13], [8, 15, 9, 16]]"
12a_1240_58,"[[8, 15, 9, 16], [10, 21, 11, 22], [12, 6, 13, 5], [14, 23, 15, 24], [16, 2, 17, 1], [18, 4, 19, 3], [20, 11, 21, 12], [22, 9, 23, 10], [24, 8, 1, 7], [2, 18, 3, 17], [4, 20, 5, 19], [6, 14, 7, 13]]"
12a_1240_59,"[[6, 14, 7, 13], [8, 15, 9, 16], [10, 21, 11, 22], [12, 6, 13, 5], [14, 23, 15, 24], [16, 2, 17, 1], [18, 4, 19, 3], [20, 11, 21, 12], [22, 9, 23, 10], [24, 8, 1, 7], [2, 18, 3, 17], [4, 20, 5, 19]]"
12a_1240_60,"[[5, 21, 6, 20], [7, 15, 8, 14], [9, 16, 10, 17], [11, 22, 12, 23], [13, 7, 14, 6], [15, 24, 16, 1], [17, 3, 18, 2], [19, 5, 20, 4], [21, 12, 22, 13], [23, 10, 24, 11], [1, 9, 2, 8], [3, 19, 4, 18]]"
12a_1240_61,"[[3, 19, 4, 18], [5, 21, 6, 20], [7, 15, 8, 14], [9, 16, 10, 17], [11, 22, 12, 23], [13, 7, 14, 6], [15, 24, 16, 1], [17, 3, 18, 2], [19, 5, 20, 4], [21, 12, 22, 13], [23, 10, 24, 11], [1, 9, 2, 8]]"
12a_1240_62,"[[1, 9, 2, 8], [3, 19, 4, 18], [5, 21, 6, 20], [7, 15, 8, 14], [9, 16, 10, 17], [11, 22, 12, 23], [13, 7, 14, 6], [15, 24, 16, 1], [17, 3, 18, 2], [19, 5, 20, 4], [21, 12, 22, 13], [23, 10, 24, 11]]"
12a_1240_63,"[[23, 10, 24, 11], [1, 9, 2, 8], [3, 19, 4, 18], [5, 21, 6, 20], [7, 15, 8, 14], [9, 16, 10, 17], [11, 22, 12, 23], [13, 7, 14, 6], [15, 24, 16, 1], [17, 3, 18, 2], [19, 5, 20, 4], [21, 12, 22, 13]]"
12a_1240_64,"[[21, 12, 22, 13], [23, 10, 24, 11], [1, 9, 2, 8], [3, 19, 4, 18], [5, 21, 6, 20], [7, 15, 8, 14], [9, 16, 10, 17], [11, 22, 12, 23], [13, 7, 14, 6], [15, 24, 16, 1], [17, 3, 18, 2], [19, 5, 20, 4]]"
12a_1240_65,"[[19, 5, 20, 4], [21, 12, 22, 13], [23, 10, 24, 11], [1, 9, 2, 8], [3, 19, 4, 18], [5, 21, 6, 20], [7, 15, 8, 14], [9, 16, 10, 17], [11, 22, 12, 23], [13, 7, 14, 6], [15, 24, 16, 1], [17, 3, 18, 2]]"
12a_1240_66,"[[17, 3, 18, 2], [19, 5, 20, 4], [21, 12, 22, 13], [23, 10, 24, 11], [1, 9, 2, 8], [3, 19, 4, 18], [5, 21, 6, 20], [7, 15, 8, 14], [9, 16, 10, 17], [11, 22, 12, 23], [13, 7, 14, 6], [15, 24, 16, 1]]"
12a_1240_67,"[[15, 24, 16, 1], [17, 3, 18, 2], [19, 5, 20, 4], [21, 12, 22, 13], [23, 10, 24, 11], [1, 9, 2, 8], [3, 19, 4, 18], [5, 21, 6, 20], [7, 15, 8, 14], [9, 16, 10, 17], [11, 22, 12, 23], [13, 7, 14, 6]]"
12a_1240_68,"[[13, 7, 14, 6], [15, 24, 16, 1], [17, 3, 18, 2], [19, 5, 20, 4], [21, 12, 22, 13], [23, 10, 24, 11], [1, 9, 2, 8], [3, 19, 4, 18], [5, 21, 6, 20], [7, 15, 8, 14], [9, 16, 10, 17], [11, 22, 12, 23]]"
12a_1240_69,"[[11, 22, 12, 23], [13, 7, 14, 6], [15, 24, 16, 1], [17, 3, 18, 2], [19, 5, 20, 4], [21, 12, 22, 13], [23, 10, 24, 11], [1, 9, 2, 8], [3, 19, 4, 18], [5, 21, 6, 20], [7, 15, 8, 14], [9, 16, 10, 17]]"
12a_1240_70,"[[9, 16, 10, 17], [11, 22, 12, 23], [13, 7, 14, 6], [15, 24, 16, 1], [17, 3, 18, 2], [19, 5, 20, 4], [21, 12, 22, 13], [23, 10, 24, 11], [1, 9, 2, 8], [3, 19, 4, 18], [5, 21, 6, 20], [7, 15, 8, 14]]"
12a_1240_71,"[[7, 15, 8, 14], [9, 16, 10, 17], [11, 22, 12, 23], [13, 7, 14, 6], [15, 24, 16, 1], [17, 3, 18, 2], [19, 5, 20, 4], [21, 12, 22, 13], [23, 10, 24, 11], [1, 9, 2, 8], [3, 19, 4, 18], [5, 21, 6, 20]]"
12a_1240_72,"[[6, 22, 7, 21], [8, 16, 9, 15], [10, 17, 11, 18], [12, 23, 13, 24], [14, 8, 15, 7], [16, 1, 17, 2], [18, 4, 19, 3], [20, 6, 21, 5], [22, 13, 23, 14], [24, 11, 1, 12], [2, 10, 3, 9], [4, 20, 5, 19]]"
12a_1240_73,"[[4, 20, 5, 19], [6, 22, 7, 21], [8, 16, 9, 15], [10, 17, 11, 18], [12, 23, 13, 24], [14, 8, 15, 7], [16, 1, 17, 2], [18, 4, 19, 3], [20, 6, 21, 5], [22, 13, 23, 14], [24, 11, 1, 12], [2, 10, 3, 9]]"
12a_1240_74,"[[2, 10, 3, 9], [4, 20, 5, 19], [6, 22, 7, 21], [8, 16, 9, 15], [10, 17, 11, 18], [12, 23, 13, 24], [14, 8, 15, 7], [16, 1, 17, 2], [18, 4, 19, 3], [20, 6, 21, 5], [22, 13, 23, 14], [24, 11, 1, 12]]"
12a_1240_75,"[[24, 11, 1, 12], [2, 10, 3, 9], [4, 20, 5, 19], [6, 22, 7, 21], [8, 16, 9, 15], [10, 17, 11, 18], [12, 23, 13, 24], [14, 8, 15, 7], [16, 1, 17, 2], [18, 4, 19, 3], [20, 6, 21, 5], [22, 13, 23, 14]]"
12a_1240_76,"[[22, 13, 23, 14], [24, 11, 1, 12], [2, 10, 3, 9], [4, 20, 5, 19], [6, 22, 7, 21], [8, 16, 9, 15], [10, 17, 11, 18], [12, 23, 13, 24], [14, 8, 15, 7], [16, 1, 17, 2], [18, 4, 19, 3], [20, 6, 21, 5]]"
12a_1240_77,"[[20, 6, 21, 5], [22, 13, 23, 14], [24, 11, 1, 12], [2, 10, 3, 9], [4, 20, 5, 19], [6, 22, 7, 21], [8, 16, 9, 15], [10, 17, 11, 18], [12, 23, 13, 24], [14, 8, 15, 7], [16, 1, 17, 2], [18, 4, 19, 3]]"
12a_1240_78,"[[18, 4, 19, 3], [20, 6, 21, 5], [22, 13, 23, 14], [24, 11, 1, 12], [2, 10, 3, 9], [4, 20, 5, 19], [6, 22, 7, 21], [8, 16, 9, 15], [10, 17, 11, 18], [12, 23, 13, 24], [14, 8, 15, 7], [16, 1, 17, 2]]"
12a_1240_79,"[[16, 1, 17, 2], [18, 4, 19, 3], [20, 6, 21, 5], [22, 13, 23, 14], [24, 11, 1, 12], [2, 10, 3, 9], [4, 20, 5, 19], [6, 22, 7, 21], [8, 16, 9, 15], [10, 17, 11, 18], [12, 23, 13, 24], [14, 8, 15, 7]]"
12a_1240_80,"[[14, 8, 15, 7], [16, 1, 17, 2], [18, 4, 19, 3], [20, 6, 21, 5], [22, 13, 23, 14], [24, 11, 1, 12], [2, 10, 3, 9], [4, 20, 5, 19], [6, 22, 7, 21], [8, 16, 9, 15], [10, 17, 11, 18], [12, 23, 13, 24]]"
12a_1240_81,"[[12, 23, 13, 24], [14, 8, 15, 7], [16, 1, 17, 2], [18, 4, 19, 3], [20, 6, 21, 5], [22, 13, 23, 14], [24, 11, 1, 12], [2, 10, 3, 9], [4, 20, 5, 19], [6, 22, 7, 21], [8, 16, 9, 15], [10, 17, 11, 18]]"
12a_1240_82,"[[10, 17, 11, 18], [12, 23, 13, 24], [14, 8, 15, 7], [16, 1, 17, 2], [18, 4, 19, 3], [20, 6, 21, 5], [22, 13, 23, 14], [24, 11, 1, 12], [2, 10, 3, 9], [4, 20, 5, 19], [6, 22, 7, 21], [8, 16, 9, 15]]"
12a_1240_83,"[[8, 16, 9, 15], [10, 17, 11, 18], [12, 23, 13, 24], [14, 8, 15, 7], [16, 1, 17, 2], [18, 4, 19, 3], [20, 6, 21, 5], [22, 13, 23, 14], [24, 11, 1, 12], [2, 10, 3, 9], [4, 20, 5, 19], [6, 22, 7, 21]]"
12a_1240_84,"[[7, 23, 8, 22], [9, 17, 10, 16], [11, 18, 12, 19], [13, 24, 14, 1], [15, 9, 16, 8], [17, 2, 18, 3], [19, 5, 20, 4], [21, 7, 22, 6], [23, 14, 24, 15], [1, 12, 2, 13], [3, 11, 4, 10], [5, 21, 6, 20]]"
12a_1240_85,"[[5, 21, 6, 20], [7, 23, 8, 22], [9, 17, 10, 16], [11, 18, 12, 19], [13, 24, 14, 1], [15, 9, 16, 8], [17, 2, 18, 3], [19, 5, 20, 4], [21, 7, 22, 6], [23, 14, 24, 15], [1, 12, 2, 13], [3, 11, 4, 10]]"
12a_1240_86,"[[3, 11, 4, 10], [5, 21, 6, 20], [7, 23, 8, 22], [9, 17, 10, 16], [11, 18, 12, 19], [13, 24, 14, 1], [15, 9, 16, 8], [17, 2, 18, 3], [19, 5, 20, 4], [21, 7, 22, 6], [23, 14, 24, 15], [1, 12, 2, 13]]"
12a_1240_87,"[[1, 12, 2, 13], [3, 11, 4, 10], [5, 21, 6, 20], [7, 23, 8, 22], [9, 17, 10, 16], [11, 18, 12, 19], [13, 24, 14, 1], [15, 9, 16, 8], [17, 2, 18, 3], [19, 5, 20, 4], [21, 7, 22, 6], [23, 14, 24, 15]]"
12a_1240_88,"[[23, 14, 24, 15], [1, 12, 2, 13], [3, 11, 4, 10], [5, 21, 6, 20], [7, 23, 8, 22], [9, 17, 10, 16], [11, 18, 12, 19], [13, 24, 14, 1], [15, 9, 16, 8], [17, 2, 18, 3], [19, 5, 20, 4], [21, 7, 22, 6]]"
12a_1240_89,"[[21, 7, 22, 6], [23, 14, 24, 15], [1, 12, 2, 13], [3, 11, 4, 10], [5, 21, 6, 20], [7, 23, 8, 22], [9, 17, 10, 16], [11, 18, 12, 19], [13, 24, 14, 1], [15, 9, 16, 8], [17, 2, 18, 3], [19, 5, 20, 4]]"
12a_1240_90,"[[19, 5, 20, 4], [21, 7, 22, 6], [23, 14, 24, 15], [1, 12, 2, 13], [3, 11, 4, 10], [5, 21, 6, 20], [7, 23, 8, 22], [9, 17, 10, 16], [11, 18, 12, 19], [13, 24, 14, 1], [15, 9, 16, 8], [17, 2, 18, 3]]"
12a_1240_91,"[[17, 2, 18, 3], [19, 5, 20, 4], [21, 7, 22, 6], [23, 14, 24, 15], [1, 12, 2, 13], [3, 11, 4, 10], [5, 21, 6, 20], [7, 23, 8, 22], [9, 17, 10, 16], [11, 18, 12, 19], [13, 24, 14, 1], [15, 9, 16, 8]]"
12a_1240_92,"[[15, 9, 16, 8], [17, 2, 18, 3], [19, 5, 20, 4], [21, 7, 22, 6], [23, 14, 24, 15], [1, 12, 2, 13], [3, 11, 4, 10], [5, 21, 6, 20], [7, 23, 8, 22], [9, 17, 10, 16], [11, 18, 12, 19], [13, 24, 14, 1]]"
12a_1240_93,"[[13, 24, 14, 1], [15, 9, 16, 8], [17, 2, 18, 3], [19, 5, 20, 4], [21, 7, 22, 6], [23, 14, 24, 15], [1, 12, 2, 13], [3, 11, 4, 10], [5, 21, 6, 20], [7, 23, 8, 22], [9, 17, 10, 16], [11, 18, 12, 19]]"
12a_1240_94,"[[11, 18, 12, 19], [13, 24, 14, 1], [15, 9, 16, 8], [17, 2, 18, 3], [19, 5, 20, 4], [21, 7, 22, 6], [23, 14, 24, 15], [1, 12, 2, 13], [3, 11, 4, 10], [5, 21, 6, 20], [7, 23, 8, 22], [9, 17, 10, 16]]"
12a_1240_95,"[[9, 17, 10, 16], [11, 18, 12, 19], [13, 24, 14, 1], [15, 9, 16, 8], [17, 2, 18, 3], [19, 5, 20, 4], [21, 7, 22, 6], [23, 14, 24, 15], [1, 12, 2, 13], [3, 11, 4, 10], [5, 21, 6, 20], [7, 23, 8, 22]]"
12a_1240_96,"[[8, 24, 9, 23], [10, 18, 11, 17], [12, 19, 13, 20], [14, 1, 15, 2], [16, 10, 17, 9], [18, 3, 19, 4], [20, 6, 21, 5], [22, 8, 23, 7], [24, 15, 1, 16], [2, 13, 3, 14], [4, 12, 5, 11], [6, 22, 7, 21]]"
12a_1240_97,"[[6, 22, 7, 21], [8, 24, 9, 23], [10, 18, 11, 17], [12, 19, 13, 20], [14, 1, 15, 2], [16, 10, 17, 9], [18, 3, 19, 4], [20, 6, 21, 5], [22, 8, 23, 7], [24, 15, 1, 16], [2, 13, 3, 14], [4, 12, 5, 11]]"
12a_1240_98,"[[4, 12, 5, 11], [6, 22, 7, 21], [8, 24, 9, 23], [10, 18, 11, 17], [12, 19, 13, 20], [14, 1, 15, 2], [16, 10, 17, 9], [18, 3, 19, 4], [20, 6, 21, 5], [22, 8, 23, 7], [24, 15, 1, 16], [2, 13, 3, 14]]"
12a_1240_99,"[[2, 13, 3, 14], [4, 12, 5, 11], [6, 22, 7, 21], [8, 24, 9, 23], [10, 18, 11, 17], [12, 19, 13, 20], [14, 1, 15, 2], [16, 10, 17, 9], [18, 3, 19, 4], [20, 6, 21, 5], [22, 8, 23, 7], [24, 15, 1, 16]]"
12a_1240_100,"[[24, 15, 1, 16], [2, 13, 3, 14], [4, 12, 5, 11], [6, 22, 7, 21], [8, 24, 9, 23], [10, 18, 11, 17], [12, 19, 13, 20], [14, 1, 15, 2], [16, 10, 17, 9], [18, 3, 19, 4], [20, 6, 21, 5], [22, 8, 23, 7]]"
12a_1240_101,"[[22, 8, 23, 7], [24, 15, 1, 16], [2, 13, 3, 14], [4, 12, 5, 11], [6, 22, 7, 21], [8, 24, 9, 23], [10, 18, 11, 17], [12, 19, 13, 20], [14, 1, 15, 2], [16, 10, 17, 9], [18, 3, 19, 4], [20, 6, 21, 5]]"
12a_1240_102,"[[20, 6, 21, 5], [22, 8, 23, 7], [24, 15, 1, 16], [2, 13, 3, 14], [4, 12, 5, 11], [6, 22, 7, 21], [8, 24, 9, 23], [10, 18, 11, 17], [12, 19, 13, 20], [14, 1, 15, 2], [16, 10, 17, 9], [18, 3, 19, 4]]"
12a_1240_103,"[[18, 3, 19, 4], [20, 6, 21, 5], [22, 8, 23, 7], [24, 15, 1, 16], [2, 13, 3, 14], [4, 12, 5, 11], [6, 22, 7, 21], [8, 24, 9, 23], [10, 18, 11, 17], [12, 19, 13, 20], [14, 1, 15, 2], [16, 10, 17, 9]]"
12a_1240_104,"[[16, 10, 17, 9], [18, 3, 19, 4], [20, 6, 21, 5], [22, 8, 23, 7], [24, 15, 1, 16], [2, 13, 3, 14], [4, 12, 5, 11], [6, 22, 7, 21], [8, 24, 9, 23], [10, 18, 11, 17], [12, 19, 13, 20], [14, 1, 15, 2]]"
12a_1240_105,"[[14, 1, 15, 2], [16, 10, 17, 9], [18, 3, 19, 4], [20, 6, 21, 5], [22, 8, 23, 7], [24, 15, 1, 16], [2, 13, 3, 14], [4, 12, 5, 11], [6, 22, 7, 21], [8, 24, 9, 23], [10, 18, 11, 17], [12, 19, 13, 20]]"
12a_1240_106,"[[12, 19, 13, 20], [14, 1, 15, 2], [16, 10, 17, 9], [18, 3, 19, 4], [20, 6, 21, 5], [22, 8, 23, 7], [24, 15, 1, 16], [2, 13, 3, 14], [4, 12, 5, 11], [6, 22, 7, 21], [8, 24, 9, 23], [10, 18, 11, 17]]"
12a_1240_107,"[[10, 18, 11, 17], [12, 19, 13, 20], [14, 1, 15, 2], [16, 10, 17, 9], [18, 3, 19, 4], [20, 6, 21, 5], [22, 8, 23, 7], [24, 15, 1, 16], [2, 13, 3, 14], [4, 12, 5, 11], [6, 22, 7, 21], [8, 24, 9, 23]]"
12a_1240_108,"[[9, 1, 10, 24], [11, 19, 12, 18], [13, 20, 14, 21], [15, 2, 16, 3], [17, 11, 18, 10], [19, 4, 20, 5], [21, 7, 22, 6], [23, 9, 24, 8], [1, 16, 2, 17], [3, 14, 4, 15], [5, 13, 6, 12], [7, 23, 8, 22]]"
12a_1240_109,"[[7, 23, 8, 22], [9, 1, 10, 24], [11, 19, 12, 18], [13, 20, 14, 21], [15, 2, 16, 3], [17, 11, 18, 10], [19, 4, 20, 5], [21, 7, 22, 6], [23, 9, 24, 8], [1, 16, 2, 17], [3, 14, 4, 15], [5, 13, 6, 12]]"
12a_1240_110,"[[5, 13, 6, 12], [7, 23, 8, 22], [9, 1, 10, 24], [11, 19, 12, 18], [13, 20, 14, 21], [15, 2, 16, 3], [17, 11, 18, 10], [19, 4, 20, 5], [21, 7, 22, 6], [23, 9, 24, 8], [1, 16, 2, 17], [3, 14, 4, 15]]"
12a_1240_111,"[[3, 14, 4, 15], [5, 13, 6, 12], [7, 23, 8, 22], [9, 1, 10, 24], [11, 19, 12, 18], [13, 20, 14, 21], [15, 2, 16, 3], [17, 11, 18, 10], [19, 4, 20, 5], [21, 7, 22, 6], [23, 9, 24, 8], [1, 16, 2, 17]]"
12a_1240_112,"[[1, 16, 2, 17], [3, 14, 4, 15], [5, 13, 6, 12], [7, 23, 8, 22], [9, 1, 10, 24], [11, 19, 12, 18], [13, 20, 14, 21], [15, 2, 16, 3], [17, 11, 18, 10], [19, 4, 20, 5], [21, 7, 22, 6], [23, 9, 24, 8]]"
12a_1240_113,"[[23, 9, 24, 8], [1, 16, 2, 17], [3, 14, 4, 15], [5, 13, 6, 12], [7, 23, 8, 22], [9, 1, 10, 24], [11, 19, 12, 18], [13, 20, 14, 21], [15, 2, 16, 3], [17, 11, 18, 10], [19, 4, 20, 5], [21, 7, 22, 6]]"
12a_1240_114,"[[21, 7, 22, 6], [23, 9, 24, 8], [1, 16, 2, 17], [3, 14, 4, 15], [5, 13, 6, 12], [7, 23, 8, 22], [9, 1, 10, 24], [11, 19, 12, 18], [13, 20, 14, 21], [15, 2, 16, 3], [17, 11, 18, 10], [19, 4, 20, 5]]"
12a_1240_115,"[[19, 4, 20, 5], [21, 7, 22, 6], [23, 9, 24, 8], [1, 16, 2, 17], [3, 14, 4, 15], [5, 13, 6, 12], [7, 23, 8, 22], [9, 1, 10, 24], [11, 19, 12, 18], [13, 20, 14, 21], [15, 2, 16, 3], [17, 11, 18, 10]]"
12a_1240_116,"[[17, 11, 18, 10], [19, 4, 20, 5], [21, 7, 22, 6], [23, 9, 24, 8], [1, 16, 2, 17], [3, 14, 4, 15], [5, 13, 6, 12], [7, 23, 8, 22], [9, 1, 10, 24], [11, 19, 12, 18], [13, 20, 14, 21], [15, 2, 16, 3]]"
12a_1240_117,"[[15, 2, 16, 3], [17, 11, 18, 10], [19, 4, 20, 5], [21, 7, 22, 6], [23, 9, 24, 8], [1, 16, 2, 17], [3, 14, 4, 15], [5, 13, 6, 12], [7, 23, 8, 22], [9, 1, 10, 24], [11, 19, 12, 18], [13, 20, 14, 21]]"
12a_1240_118,"[[13, 20, 14, 21], [15, 2, 16, 3], [17, 11, 18, 10], [19, 4, 20, 5], [21, 7, 22, 6], [23, 9, 24, 8], [1, 16, 2, 17], [3, 14, 4, 15], [5, 13, 6, 12], [7, 23, 8, 22], [9, 1, 10, 24], [11, 19, 12, 18]]"
12a_1240_119,"[[11, 19, 12, 18], [13, 20, 14, 21], [15, 2, 16, 3], [17, 11, 18, 10], [19, 4, 20, 5], [21, 7, 22, 6], [23, 9, 24, 8], [1, 16, 2, 17], [3, 14, 4, 15], [5, 13, 6, 12], [7, 23, 8, 22], [9, 1, 10, 24]]"
12a_1240_120,"[[10, 2, 11, 1], [12, 20, 13, 19], [14, 21, 15, 22], [16, 3, 17, 4], [18, 12, 19, 11], [20, 5, 21, 6], [22, 8, 23, 7], [24, 10, 1, 9], [2, 17, 3, 18], [4, 15, 5, 16], [6, 14, 7, 13], [8, 24, 9, 23]]"
12a_1240_121,"[[8, 24, 9, 23], [10, 2, 11, 1], [12, 20, 13, 19], [14, 21, 15, 22], [16, 3, 17, 4], [18, 12, 19, 11], [20, 5, 21, 6], [22, 8, 23, 7], [24, 10, 1, 9], [2, 17, 3, 18], [4, 15, 5, 16], [6, 14, 7, 13]]"
12a_1240_122,"[[6, 14, 7, 13], [8, 24, 9, 23], [10, 2, 11, 1], [12, 20, 13, 19], [14, 21, 15, 22], [16, 3, 17, 4], [18, 12, 19, 11], [20, 5, 21, 6], [22, 8, 23, 7], [24, 10, 1, 9], [2, 17, 3, 18], [4, 15, 5, 16]]"
12a_1240_123,"[[4, 15, 5, 16], [6, 14, 7, 13], [8, 24, 9, 23], [10, 2, 11, 1], [12, 20, 13, 19], [14, 21, 15, 22], [16, 3, 17, 4], [18, 12, 19, 11], [20, 5, 21, 6], [22, 8, 23, 7], [24, 10, 1, 9], [2, 17, 3, 18]]"
12a_1240_124,"[[2, 17, 3, 18], [4, 15, 5, 16], [6, 14, 7, 13], [8, 24, 9, 23], [10, 2, 11, 1], [12, 20, 13, 19], [14, 21, 15, 22], [16, 3, 17, 4], [18, 12, 19, 11], [20, 5, 21, 6], [22, 8, 23, 7], [24, 10, 1, 9]]"
12a_1240_125,"[[24, 10, 1, 9], [2, 17, 3, 18], [4, 15, 5, 16], [6, 14, 7, 13], [8, 24, 9, 23], [10, 2, 11, 1], [12, 20, 13, 19], [14, 21, 15, 22], [16, 3, 17, 4], [18, 12, 19, 11], [20, 5, 21, 6], [22, 8, 23, 7]]"
12a_1240_126,"[[22, 8, 23, 7], [24, 10, 1, 9], [2, 17, 3, 18], [4, 15, 5, 16], [6, 14, 7, 13], [8, 24, 9, 23], [10, 2, 11, 1], [12, 20, 13, 19], [14, 21, 15, 22], [16, 3, 17, 4], [18, 12, 19, 11], [20, 5, 21, 6]]"
12a_1240_127,"[[20, 5, 21, 6], [22, 8, 23, 7], [24, 10, 1, 9], [2, 17, 3, 18], [4, 15, 5, 16], [6, 14, 7, 13], [8, 24, 9, 23], [10, 2, 11, 1], [12, 20, 13, 19], [14, 21, 15, 22], [16, 3, 17, 4], [18, 12, 19, 11]]"
12a_1240_128,"[[18, 12, 19, 11], [20, 5, 21, 6], [22, 8, 23, 7], [24, 10, 1, 9], [2, 17, 3, 18], [4, 15, 5, 16], [6, 14, 7, 13], [8, 24, 9, 23], [10, 2, 11, 1], [12, 20, 13, 19], [14, 21, 15, 22], [16, 3, 17, 4]]"
12a_1240_129,"[[16, 3, 17, 4], [18, 12, 19, 11], [20, 5, 21, 6], [22, 8, 23, 7], [24, 10, 1, 9], [2, 17, 3, 18], [4, 15, 5, 16], [6, 14, 7, 13], [8, 24, 9, 23], [10, 2, 11, 1], [12, 20, 13, 19], [14, 21, 15, 22]]"
12a_1240_130,"[[14, 21, 15, 22], [16, 3, 17, 4], [18, 12, 19, 11], [20, 5, 21, 6], [22, 8, 23, 7], [24, 10, 1, 9], [2, 17, 3, 18], [4, 15, 5, 16], [6, 14, 7, 13], [8, 24, 9, 23], [10, 2, 11, 1], [12, 20, 13, 19]]"
12a_1240_131,"[[12, 20, 13, 19], [14, 21, 15, 22], [16, 3, 17, 4], [18, 12, 19, 11], [20, 5, 21, 6], [22, 8, 23, 7], [24, 10, 1, 9], [2, 17, 3, 18], [4, 15, 5, 16], [6, 14, 7, 13], [8, 24, 9, 23], [10, 2, 11, 1]]"
12a_1240_132,"[[11, 3, 12, 2], [13, 21, 14, 20], [15, 22, 16, 23], [17, 4, 18, 5], [19, 13, 20, 12], [21, 6, 22, 7], [23, 9, 24, 8], [1, 11, 2, 10], [3, 18, 4, 19], [5, 16, 6, 17], [7, 15, 8, 14], [9, 1, 10, 24]]"
12a_1240_133,"[[9, 1, 10, 24], [11, 3, 12, 2], [13, 21, 14, 20], [15, 22, 16, 23], [17, 4, 18, 5], [19, 13, 20, 12], [21, 6, 22, 7], [23, 9, 24, 8], [1, 11, 2, 10], [3, 18, 4, 19], [5, 16, 6, 17], [7, 15, 8, 14]]"
12a_1240_134,"[[7, 15, 8, 14], [9, 1, 10, 24], [11, 3, 12, 2], [13, 21, 14, 20], [15, 22, 16, 23], [17, 4, 18, 5], [19, 13, 20, 12], [21, 6, 22, 7], [23, 9, 24, 8], [1, 11, 2, 10], [3, 18, 4, 19], [5, 16, 6, 17]]"
12a_1240_135,"[[5, 16, 6, 17], [7, 15, 8, 14], [9, 1, 10, 24], [11, 3, 12, 2], [13, 21, 14, 20], [15, 22, 16, 23], [17, 4, 18, 5], [19, 13, 20, 12], [21, 6, 22, 7], [23, 9, 24, 8], [1, 11, 2, 10], [3, 18, 4, 19]]"
12a_1240_136,"[[3, 18, 4, 19], [5, 16, 6, 17], [7, 15, 8, 14], [9, 1, 10, 24], [11, 3, 12, 2], [13, 21, 14, 20], [15, 22, 16, 23], [17, 4, 18, 5], [19, 13, 20, 12], [21, 6, 22, 7], [23, 9, 24, 8], [1, 11, 2, 10]]"
12a_1240_137,"[[1, 11, 2, 10], [3, 18, 4, 19], [5, 16, 6, 17], [7, 15, 8, 14], [9, 1, 10, 24], [11, 3, 12, 2], [13, 21, 14, 20], [15, 22, 16, 23], [17, 4, 18, 5], [19, 13, 20, 12], [21, 6, 22, 7], [23, 9, 24, 8]]"
12a_1240_138,"[[23, 9, 24, 8], [1, 11, 2, 10], [3, 18, 4, 19], [5, 16, 6, 17], [7, 15, 8, 14], [9, 1, 10, 24], [11, 3, 12, 2], [13, 21, 14, 20], [15, 22, 16, 23], [17, 4, 18, 5], [19, 13, 20, 12], [21, 6, 22, 7]]"
12a_1240_139,"[[21, 6, 22, 7], [23, 9, 24, 8], [1, 11, 2, 10], [3, 18, 4, 19], [5, 16, 6, 17], [7, 15, 8, 14], [9, 1, 10, 24], [11, 3, 12, 2], [13, 21, 14, 20], [15, 22, 16, 23], [17, 4, 18, 5], [19, 13, 20, 12]]"
12a_1240_140,"[[19, 13, 20, 12], [21, 6, 22, 7], [23, 9, 24, 8], [1, 11, 2, 10], [3, 18, 4, 19], [5, 16, 6, 17], [7, 15, 8, 14], [9, 1, 10, 24], [11, 3, 12, 2], [13, 21, 14, 20], [15, 22, 16, 23], [17, 4, 18, 5]]"
12a_1240_141,"[[17, 4, 18, 5], [19, 13, 20, 12], [21, 6, 22, 7], [23, 9, 24, 8], [1, 11, 2, 10], [3, 18, 4, 19], [5, 16, 6, 17], [7, 15, 8, 14], [9, 1, 10, 24], [11, 3, 12, 2], [13, 21, 14, 20], [15, 22, 16, 23]]"
12a_1240_142,"[[15, 22, 16, 23], [17, 4, 18, 5], [19, 13, 20, 12], [21, 6, 22, 7], [23, 9, 24, 8], [1, 11, 2, 10], [3, 18, 4, 19], [5, 16, 6, 17], [7, 15, 8, 14], [9, 1, 10, 24], [11, 3, 12, 2], [13, 21, 14, 20]]"
12a_1240_143,"[[13, 21, 14, 20], [15, 22, 16, 23], [17, 4, 18, 5], [19, 13, 20, 12], [21, 6, 22, 7], [23, 9, 24, 8], [1, 11, 2, 10], [3, 18, 4, 19], [5, 16, 6, 17], [7, 15, 8, 14], [9, 1, 10, 24], [11, 3, 12, 2]]"
12a_1240_144,"[[12, 4, 13, 3], [14, 22, 15, 21], [16, 23, 17, 24], [18, 5, 19, 6], [20, 14, 21, 13], [22, 7, 23, 8], [24, 10, 1, 9], [2, 12, 3, 11], [4, 19, 5, 20], [6, 17, 7, 18], [8, 16, 9, 15], [10, 2, 11, 1]]"
12a_1240_145,"[[10, 2, 11, 1], [12, 4, 13, 3], [14, 22, 15, 21], [16, 23, 17, 24], [18, 5, 19, 6], [20, 14, 21, 13], [22, 7, 23, 8], [24, 10, 1, 9], [2, 12, 3, 11], [4, 19, 5, 20], [6, 17, 7, 18], [8, 16, 9, 15]]"
12a_1240_146,"[[8, 16, 9, 15], [10, 2, 11, 1], [12, 4, 13, 3], [14, 22, 15, 21], [16, 23, 17, 24], [18, 5, 19, 6], [20, 14, 21, 13], [22, 7, 23, 8], [24, 10, 1, 9], [2, 12, 3, 11], [4, 19, 5, 20], [6, 17, 7, 18]]"
12a_1240_147,"[[6, 17, 7, 18], [8, 16, 9, 15], [10, 2, 11, 1], [12, 4, 13, 3], [14, 22, 15, 21], [16, 23, 17, 24], [18, 5, 19, 6], [20, 14, 21, 13], [22, 7, 23, 8], [24, 10, 1, 9], [2, 12, 3, 11], [4, 19, 5, 20]]"
12a_1240_148,"[[4, 19, 5, 20], [6, 17, 7, 18], [8, 16, 9, 15], [10, 2, 11, 1], [12, 4, 13, 3], [14, 22, 15, 21], [16, 23, 17, 24], [18, 5, 19, 6], [20, 14, 21, 13], [22, 7, 23, 8], [24, 10, 1, 9], [2, 12, 3, 11]]"
12a_1240_149,"[[2, 12, 3, 11], [4, 19, 5, 20], [6, 17, 7, 18], [8, 16, 9, 15], [10, 2, 11, 1], [12, 4, 13, 3], [14, 22, 15, 21], [16, 23, 17, 24], [18, 5, 19, 6], [20, 14, 21, 13], [22, 7, 23, 8], [24, 10, 1, 9]]"
12a_1240_150,"[[24, 10, 1, 9], [2, 12, 3, 11], [4, 19, 5, 20], [6, 17, 7, 18], [8, 16, 9, 15], [10, 2, 11, 1], [12, 4, 13, 3], [14, 22, 15, 21], [16, 23, 17, 24], [18, 5, 19, 6], [20, 14, 21, 13], [22, 7, 23, 8]]"
12a_1240_151,"[[22, 7, 23, 8], [24, 10, 1, 9], [2, 12, 3, 11], [4, 19, 5, 20], [6, 17, 7, 18], [8, 16, 9, 15], [10, 2, 11, 1], [12, 4, 13, 3], [14, 22, 15, 21], [16, 23, 17, 24], [18, 5, 19, 6], [20, 14, 21, 13]]"
12a_1240_152,"[[20, 14, 21, 13], [22, 7, 23, 8], [24, 10, 1, 9], [2, 12, 3, 11], [4, 19, 5, 20], [6, 17, 7, 18], [8, 16, 9, 15], [10, 2, 11, 1], [12, 4, 13, 3], [14, 22, 15, 21], [16, 23, 17, 24], [18, 5, 19, 6]]"
12a_1240_153,"[[18, 5, 19, 6], [20, 14, 21, 13], [22, 7, 23, 8], [24, 10, 1, 9], [2, 12, 3, 11], [4, 19, 5, 20], [6, 17, 7, 18], [8, 16, 9, 15], [10, 2, 11, 1], [12, 4, 13, 3], [14, 22, 15, 21], [16, 23, 17, 24]]"
12a_1240_154,"[[16, 23, 17, 24], [18, 5, 19, 6], [20, 14, 21, 13], [22, 7, 23, 8], [24, 10, 1, 9], [2, 12, 3, 11], [4, 19, 5, 20], [6, 17, 7, 18], [8, 16, 9, 15], [10, 2, 11, 1], [12, 4, 13, 3], [14, 22, 15, 21]]"
12a_1240_155,"[[14, 22, 15, 21], [16, 23, 17, 24], [18, 5, 19, 6], [20, 14, 21, 13], [22, 7, 23, 8], [24, 10, 1, 9], [2, 12, 3, 11], [4, 19, 5, 20], [6, 17, 7, 18], [8, 16, 9, 15], [10, 2, 11, 1], [12, 4, 13, 3]]"
12a_1240_156,"[[13, 5, 14, 4], [15, 23, 16, 22], [17, 24, 18, 1], [19, 6, 20, 7], [21, 15, 22, 14], [23, 8, 24, 9], [1, 11, 2, 10], [3, 13, 4, 12], [5, 20, 6, 21], [7, 18, 8, 19], [9, 17, 10, 16], [11, 3, 12, 2]]"
12a_1240_157,"[[11, 3, 12, 2], [13, 5, 14, 4], [15, 23, 16, 22], [17, 24, 18, 1], [19, 6, 20, 7], [21, 15, 22, 14], [23, 8, 24, 9], [1, 11, 2, 10], [3, 13, 4, 12], [5, 20, 6, 21], [7, 18, 8, 19], [9, 17, 10, 16]]"
12a_1240_158,"[[9, 17, 10, 16], [11, 3, 12, 2], [13, 5, 14, 4], [15, 23, 16, 22], [17, 24, 18, 1], [19, 6, 20, 7], [21, 15, 22, 14], [23, 8, 24, 9], [1, 11, 2, 10], [3, 13, 4, 12], [5, 20, 6, 21], [7, 18, 8, 19]]"
12a_1240_159,"[[7, 18, 8, 19], [9, 17, 10, 16], [11, 3, 12, 2], [13, 5, 14, 4], [15, 23, 16, 22], [17, 24, 18, 1], [19, 6, 20, 7], [21, 15, 22, 14], [23, 8, 24, 9], [1, 11, 2, 10], [3, 13, 4, 12], [5, 20, 6, 21]]"
12a_1240_160,"[[5, 20, 6, 21], [7, 18, 8, 19], [9, 17, 10, 16], [11, 3, 12, 2], [13, 5, 14, 4], [15, 23, 16, 22], [17, 24, 18, 1], [19, 6, 20, 7], [21, 15, 22, 14], [23, 8, 24, 9], [1, 11, 2, 10], [3, 13, 4, 12]]"
12a_1240_161,"[[3, 13, 4, 12], [5, 20, 6, 21], [7, 18, 8, 19], [9, 17, 10, 16], [11, 3, 12, 2], [13, 5, 14, 4], [15, 23, 16, 22], [17, 24, 18, 1], [19, 6, 20, 7], [21, 15, 22, 14], [23, 8, 24, 9], [1, 11, 2, 10]]"
12a_1240_162,"[[1, 11, 2, 10], [3, 13, 4, 12], [5, 20, 6, 21], [7, 18, 8, 19], [9, 17, 10, 16], [11, 3, 12, 2], [13, 5, 14, 4], [15, 23, 16, 22], [17, 24, 18, 1], [19, 6, 20, 7], [21, 15, 22, 14], [23, 8, 24, 9]]"
12a_1240_163,"[[23, 8, 24, 9], [1, 11, 2, 10], [3, 13, 4, 12], [5, 20, 6, 21], [7, 18, 8, 19], [9, 17, 10, 16], [11, 3, 12, 2], [13, 5, 14, 4], [15, 23, 16, 22], [17, 24, 18, 1], [19, 6, 20, 7], [21, 15, 22, 14]]"
12a_1240_164,"[[21, 15, 22, 14], [23, 8, 24, 9], [1, 11, 2, 10], [3, 13, 4, 12], [5, 20, 6, 21], [7, 18, 8, 19], [9, 17, 10, 16], [11, 3, 12, 2], [13, 5, 14, 4], [15, 23, 16, 22], [17, 24, 18, 1], [19, 6, 20, 7]]"
12a_1240_165,"[[19, 6, 20, 7], [21, 15, 22, 14], [23, 8, 24, 9], [1, 11, 2, 10], [3, 13, 4, 12], [5, 20, 6, 21], [7, 18, 8, 19], [9, 17, 10, 16], [11, 3, 12, 2], [13, 5, 14, 4], [15, 23, 16, 22], [17, 24, 18, 1]]"
12a_1240_166,"[[17, 24, 18, 1], [19, 6, 20, 7], [21, 15, 22, 14], [23, 8, 24, 9], [1, 11, 2, 10], [3, 13, 4, 12], [5, 20, 6, 21], [7, 18, 8, 19], [9, 17, 10, 16], [11, 3, 12, 2], [13, 5, 14, 4], [15, 23, 16, 22]]"
12a_1240_167,"[[15, 23, 16, 22], [17, 24, 18, 1], [19, 6, 20, 7], [21, 15, 22, 14], [23, 8, 24, 9], [1, 11, 2, 10], [3, 13, 4, 12], [5, 20, 6, 21], [7, 18, 8, 19], [9, 17, 10, 16], [11, 3, 12, 2], [13, 5, 14, 4]]"
12a_1240_168,"[[14, 6, 15, 5], [16, 24, 17, 23], [18, 1, 19, 2], [20, 7, 21, 8], [22, 16, 23, 15], [24, 9, 1, 10], [2, 12, 3, 11], [4, 14, 5, 13], [6, 21, 7, 22], [8, 19, 9, 20], [10, 18, 11, 17], [12, 4, 13, 3]]"
12a_1240_169,"[[12, 4, 13, 3], [14, 6, 15, 5], [16, 24, 17, 23], [18, 1, 19, 2], [20, 7, 21, 8], [22, 16, 23, 15], [24, 9, 1, 10], [2, 12, 3, 11], [4, 14, 5, 13], [6, 21, 7, 22], [8, 19, 9, 20], [10, 18, 11, 17]]"
12a_1240_170,"[[10, 18, 11, 17], [12, 4, 13, 3], [14, 6, 15, 5], [16, 24, 17, 23], [18, 1, 19, 2], [20, 7, 21, 8], [22, 16, 23, 15], [24, 9, 1, 10], [2, 12, 3, 11], [4, 14, 5, 13], [6, 21, 7, 22], [8, 19, 9, 20]]"
12a_1240_171,"[[8, 19, 9, 20], [10, 18, 11, 17], [12, 4, 13, 3], [14, 6, 15, 5], [16, 24, 17, 23], [18, 1, 19, 2], [20, 7, 21, 8], [22, 16, 23, 15], [24, 9, 1, 10], [2, 12, 3, 11], [4, 14, 5, 13], [6, 21, 7, 22]]"
12a_1240_172,"[[6, 21, 7, 22], [8, 19, 9, 20], [10, 18, 11, 17], [12, 4, 13, 3], [14, 6, 15, 5], [16, 24, 17, 23], [18, 1, 19, 2], [20, 7, 21, 8], [22, 16, 23, 15], [24, 9, 1, 10], [2, 12, 3, 11], [4, 14, 5, 13]]"
12a_1240_173,"[[4, 14, 5, 13], [6, 21, 7, 22], [8, 19, 9, 20], [10, 18, 11, 17], [12, 4, 13, 3], [14, 6, 15, 5], [16, 24, 17, 23], [18, 1, 19, 2], [20, 7, 21, 8], [22, 16, 23, 15], [24, 9, 1, 10], [2, 12, 3, 11]]"
12a_1240_174,"[[2, 12, 3, 11], [4, 14, 5, 13], [6, 21, 7, 22], [8, 19, 9, 20], [10, 18, 11, 17], [12, 4, 13, 3], [14, 6, 15, 5], [16, 24, 17, 23], [18, 1, 19, 2], [20, 7, 21, 8], [22, 16, 23, 15], [24, 9, 1, 10]]"
12a_1240_175,"[[24, 9, 1, 10], [2, 12, 3, 11], [4, 14, 5, 13], [6, 21, 7, 22], [8, 19, 9, 20], [10, 18, 11, 17], [12, 4, 13, 3], [14, 6, 15, 5], [16, 24, 17, 23], [18, 1, 19, 2], [20, 7, 21, 8], [22, 16, 23, 15]]"
12a_1240_176,"[[22, 16, 23, 15], [24, 9, 1, 10], [2, 12, 3, 11], [4, 14, 5, 13], [6, 21, 7, 22], [8, 19, 9, 20], [10, 18, 11, 17], [12, 4, 13, 3], [14, 6, 15, 5], [16, 24, 17, 23], [18, 1, 19, 2], [20, 7, 21, 8]]"
12a_1240_177,"[[20, 7, 21, 8], [22, 16, 23, 15], [24, 9, 1, 10], [2, 12, 3, 11], [4, 14, 5, 13], [6, 21, 7, 22], [8, 19, 9, 20], [10, 18, 11, 17], [12, 4, 13, 3], [14, 6, 15, 5], [16, 24, 17, 23], [18, 1, 19, 2]]"
12a_1240_178,"[[18, 1, 19, 2], [20, 7, 21, 8], [22, 16, 23, 15], [24, 9, 1, 10], [2, 12, 3, 11], [4, 14, 5, 13], [6, 21, 7, 22], [8, 19, 9, 20], [10, 18, 11, 17], [12, 4, 13, 3], [14, 6, 15, 5], [16, 24, 17, 23]]"
12a_1240_179,"[[16, 24, 17, 23], [18, 1, 19, 2], [20, 7, 21, 8], [22, 16, 23, 15], [24, 9, 1, 10], [2, 12, 3, 11], [4, 14, 5, 13], [6, 21, 7, 22], [8, 19, 9, 20], [10, 18, 11, 17], [12, 4, 13, 3], [14, 6, 15, 5]]"
12a_1240_180,"[[15, 7, 16, 6], [17, 1, 18, 24], [19, 2, 20, 3], [21, 8, 22, 9], [23, 17, 24, 16], [1, 10, 2, 11], [3, 13, 4, 12], [5, 15, 6, 14], [7, 22, 8, 23], [9, 20, 10, 21], [11, 19, 12, 18], [13, 5, 14, 4]]"
12a_1240_181,"[[13, 5, 14, 4], [15, 7, 16, 6], [17, 1, 18, 24], [19, 2, 20, 3], [21, 8, 22, 9], [23, 17, 24, 16], [1, 10, 2, 11], [3, 13, 4, 12], [5, 15, 6, 14], [7, 22, 8, 23], [9, 20, 10, 21], [11, 19, 12, 18]]"
12a_1240_182,"[[11, 19, 12, 18], [13, 5, 14, 4], [15, 7, 16, 6], [17, 1, 18, 24], [19, 2, 20, 3], [21, 8, 22, 9], [23, 17, 24, 16], [1, 10, 2, 11], [3, 13, 4, 12], [5, 15, 6, 14], [7, 22, 8, 23], [9, 20, 10, 21]]"
12a_1240_183,"[[9, 20, 10, 21], [11, 19, 12, 18], [13, 5, 14, 4], [15, 7, 16, 6], [17, 1, 18, 24], [19, 2, 20, 3], [21, 8, 22, 9], [23, 17, 24, 16], [1, 10, 2, 11], [3, 13, 4, 12], [5, 15, 6, 14], [7, 22, 8, 23]]"
12a_1240_184,"[[7, 22, 8, 23], [9, 20, 10, 21], [11, 19, 12, 18], [13, 5, 14, 4], [15, 7, 16, 6], [17, 1, 18, 24], [19, 2, 20, 3], [21, 8, 22, 9], [23, 17, 24, 16], [1, 10, 2, 11], [3, 13, 4, 12], [5, 15, 6, 14]]"
12a_1240_185,"[[5, 15, 6, 14], [7, 22, 8, 23], [9, 20, 10, 21], [11, 19, 12, 18], [13, 5, 14, 4], [15, 7, 16, 6], [17, 1, 18, 24], [19, 2, 20, 3], [21, 8, 22, 9], [23, 17, 24, 16], [1, 10, 2, 11], [3, 13, 4, 12]]"
