name,pd_notation
12a_1078_0,"[[24, 15, 1, 16], [2, 8, 3, 7], [4, 14, 5, 13], [6, 20, 7, 19], [8, 21, 9, 22], [10, 4, 11, 3], [12, 18, 13, 17], [14, 23, 15, 24], [16, 6, 17, 5], [18, 12, 19, 11], [20, 1, 21, 2], [22, 9, 23, 10]]"
12a_1078_1,"[[22, 9, 23, 10], [24, 15, 1, 16], [2, 8, 3, 7], [4, 14, 5, 13], [6, 20, 7, 19], [8, 21, 9, 22], [10, 4, 11, 3], [12, 18, 13, 17], [14, 23, 15, 24], [16, 6, 17, 5], [18, 12, 19, 11], [20, 1, 21, 2]]"
12a_1078_2,"[[20, 1, 21, 2], [22, 9, 23, 10], [24, 15, 1, 16], [2, 8, 3, 7], [4, 14, 5, 13], [6, 20, 7, 19], [8, 21, 9, 22], [10, 4, 11, 3], [12, 18, 13, 17], [14, 23, 15, 24], [16, 6, 17, 5], [18, 12, 19, 11]]"
12a_1078_3,"[[18, 12, 19, 11], [20, 1, 21, 2], [22, 9, 23, 10], [24, 15, 1, 16], [2, 8, 3, 7], [4, 14, 5, 13], [6, 20, 7, 19], [8, 21, 9, 22], [10, 4, 11, 3], [12, 18, 13, 17], [14, 23, 15, 24], [16, 6, 17, 5]]"
12a_1078_4,"[[16, 6, 17, 5], [18, 12, 19, 11], [20, 1, 21, 2], [22, 9, 23, 10], [24, 15, 1, 16], [2, 8, 3, 7], [4, 14, 5, 13], [6, 20, 7, 19], [8, 21, 9, 22], [10, 4, 11, 3], [12, 18, 13, 17], [14, 23, 15, 24]]"
12a_1078_5,"[[14, 23, 15, 24], [16, 6, 17, 5], [18, 12, 19, 11], [20, 1, 21, 2], [22, 9, 23, 10], [24, 15, 1, 16], [2, 8, 3, 7], [4, 14, 5, 13], [6, 20, 7, 19], [8, 21, 9, 22], [10, 4, 11, 3], [12, 18, 13, 17]]"
12a_1078_6,"[[12, 18, 13, 17], [14, 23, 15, 24], [16, 6, 17, 5], [18, 12, 19, 11], [20, 1, 21, 2], [22, 9, 23, 10], [24, 15, 1, 16], [2, 8, 3, 7], [4, 14, 5, 13], [6, 20, 7, 19], [8, 21, 9, 22], [10, 4, 11, 3]]"
12a_1078_7,"[[10, 4, 11, 3], [12, 18, 13, 17], [14, 23, 15, 24], [16, 6, 17, 5], [18, 12, 19, 11], [20, 1, 21, 2], [22, 9, 23, 10], [24, 15, 1, 16], [2, 8, 3, 7], [4, 14, 5, 13], [6, 20, 7, 19], [8, 21, 9, 22]]"
12a_1078_8,"[[8, 21, 9, 22], [10, 4, 11, 3], [12, 18, 13, 17], [14, 23, 15, 24], [16, 6, 17, 5], [18, 12, 19, 11], [20, 1, 21, 2], [22, 9, 23, 10], [24, 15, 1, 16], [2, 8, 3, 7], [4, 14, 5, 13], [6, 20, 7, 19]]"
12a_1078_9,"[[6, 20, 7, 19], [8, 21, 9, 22], [10, 4, 11, 3], [12, 18, 13, 17], [14, 23, 15, 24], [16, 6, 17, 5], [18, 12, 19, 11], [20, 1, 21, 2], [22, 9, 23, 10], [24, 15, 1, 16], [2, 8, 3, 7], [4, 14, 5, 13]]"
12a_1078_10,"[[4, 14, 5, 13], [6, 20, 7, 19], [8, 21, 9, 22], [10, 4, 11, 3], [12, 18, 13, 17], [14, 23, 15, 24], [16, 6, 17, 5], [18, 12, 19, 11], [20, 1, 21, 2], [22, 9, 23, 10], [24, 15, 1, 16], [2, 8, 3, 7]]"
12a_1078_11,"[[2, 8, 3, 7], [4, 14, 5, 13], [6, 20, 7, 19], [8, 21, 9, 22], [10, 4, 11, 3], [12, 18, 13, 17], [14, 23, 15, 24], [16, 6, 17, 5], [18, 12, 19, 11], [20, 1, 21, 2], [22, 9, 23, 10], [24, 15, 1, 16]]"
12a_1078_12,"[[1, 16, 2, 17], [3, 9, 4, 8], [5, 15, 6, 14], [7, 21, 8, 20], [9, 22, 10, 23], [11, 5, 12, 4], [13, 19, 14, 18], [15, 24, 16, 1], [17, 7, 18, 6], [19, 13, 20, 12], [21, 2, 22, 3], [23, 10, 24, 11]]"
12a_1078_13,"[[23, 10, 24, 11], [1, 16, 2, 17], [3, 9, 4, 8], [5, 15, 6, 14], [7, 21, 8, 20], [9, 22, 10, 23], [11, 5, 12, 4], [13, 19, 14, 18], [15, 24, 16, 1], [17, 7, 18, 6], [19, 13, 20, 12], [21, 2, 22, 3]]"
12a_1078_14,"[[21, 2, 22, 3], [23, 10, 24, 11], [1, 16, 2, 17], [3, 9, 4, 8], [5, 15, 6, 14], [7, 21, 8, 20], [9, 22, 10, 23], [11, 5, 12, 4], [13, 19, 14, 18], [15, 24, 16, 1], [17, 7, 18, 6], [19, 13, 20, 12]]"
12a_1078_15,"[[19, 13, 20, 12], [21, 2, 22, 3], [23, 10, 24, 11], [1, 16, 2, 17], [3, 9, 4, 8], [5, 15, 6, 14], [7, 21, 8, 20], [9, 22, 10, 23], [11, 5, 12, 4], [13, 19, 14, 18], [15, 24, 16, 1], [17, 7, 18, 6]]"
12a_1078_16,"[[17, 7, 18, 6], [19, 13, 20, 12], [21, 2, 22, 3], [23, 10, 24, 11], [1, 16, 2, 17], [3, 9, 4, 8], [5, 15, 6, 14], [7, 21, 8, 20], [9, 22, 10, 23], [11, 5, 12, 4], [13, 19, 14, 18], [15, 24, 16, 1]]"
12a_1078_17,"[[15, 24, 16, 1], [17, 7, 18, 6], [19, 13, 20, 12], [21, 2, 22, 3], [23, 10, 24, 11], [1, 16, 2, 17], [3, 9, 4, 8], [5, 15, 6, 14], [7, 21, 8, 20], [9, 22, 10, 23], [11, 5, 12, 4], [13, 19, 14, 18]]"
12a_1078_18,"[[13, 19, 14, 18], [15, 24, 16, 1], [17, 7, 18, 6], [19, 13, 20, 12], [21, 2, 22, 3], [23, 10, 24, 11], [1, 16, 2, 17], [3, 9, 4, 8], [5, 15, 6, 14], [7, 21, 8, 20], [9, 22, 10, 23], [11, 5, 12, 4]]"
12a_1078_19,"[[11, 5, 12, 4], [13, 19, 14, 18], [15, 24, 16, 1], [17, 7, 18, 6], [19, 13, 20, 12], [21, 2, 22, 3], [23, 10, 24, 11], [1, 16, 2, 17], [3, 9, 4, 8], [5, 15, 6, 14], [7, 21, 8, 20], [9, 22, 10, 23]]"
12a_1078_20,"[[9, 22, 10, 23], [11, 5, 12, 4], [13, 19, 14, 18], [15, 24, 16, 1], [17, 7, 18, 6], [19, 13, 20, 12], [21, 2, 22, 3], [23, 10, 24, 11], [1, 16, 2, 17], [3, 9, 4, 8], [5, 15, 6, 14], [7, 21, 8, 20]]"
12a_1078_21,"[[7, 21, 8, 20], [9, 22, 10, 23], [11, 5, 12, 4], [13, 19, 14, 18], [15, 24, 16, 1], [17, 7, 18, 6], [19, 13, 20, 12], [21, 2, 22, 3], [23, 10, 24, 11], [1, 16, 2, 17], [3, 9, 4, 8], [5, 15, 6, 14]]"
12a_1078_22,"[[5, 15, 6, 14], [7, 21, 8, 20], [9, 22, 10, 23], [11, 5, 12, 4], [13, 19, 14, 18], [15, 24, 16, 1], [17, 7, 18, 6], [19, 13, 20, 12], [21, 2, 22, 3], [23, 10, 24, 11], [1, 16, 2, 17], [3, 9, 4, 8]]"
12a_1078_23,"[[3, 9, 4, 8], [5, 15, 6, 14], [7, 21, 8, 20], [9, 22, 10, 23], [11, 5, 12, 4], [13, 19, 14, 18], [15, 24, 16, 1], [17, 7, 18, 6], [19, 13, 20, 12], [21, 2, 22, 3], [23, 10, 24, 11], [1, 16, 2, 17]]"
12a_1078_24,"[[2, 17, 3, 18], [4, 10, 5, 9], [6, 16, 7, 15], [8, 22, 9, 21], [10, 23, 11, 24], [12, 6, 13, 5], [14, 20, 15, 19], [16, 1, 17, 2], [18, 8, 19, 7], [20, 14, 21, 13], [22, 3, 23, 4], [24, 11, 1, 12]]"
12a_1078_25,"[[24, 11, 1, 12], [2, 17, 3, 18], [4, 10, 5, 9], [6, 16, 7, 15], [8, 22, 9, 21], [10, 23, 11, 24], [12, 6, 13, 5], [14, 20, 15, 19], [16, 1, 17, 2], [18, 8, 19, 7], [20, 14, 21, 13], [22, 3, 23, 4]]"
12a_1078_26,"[[22, 3, 23, 4], [24, 11, 1, 12], [2, 17, 3, 18], [4, 10, 5, 9], [6, 16, 7, 15], [8, 22, 9, 21], [10, 23, 11, 24], [12, 6, 13, 5], [14, 20, 15, 19], [16, 1, 17, 2], [18, 8, 19, 7], [20, 14, 21, 13]]"
12a_1078_27,"[[20, 14, 21, 13], [22, 3, 23, 4], [24, 11, 1, 12], [2, 17, 3, 18], [4, 10, 5, 9], [6, 16, 7, 15], [8, 22, 9, 21], [10, 23, 11, 24], [12, 6, 13, 5], [14, 20, 15, 19], [16, 1, 17, 2], [18, 8, 19, 7]]"
12a_1078_28,"[[18, 8, 19, 7], [20, 14, 21, 13], [22, 3, 23, 4], [24, 11, 1, 12], [2, 17, 3, 18], [4, 10, 5, 9], [6, 16, 7, 15], [8, 22, 9, 21], [10, 23, 11, 24], [12, 6, 13, 5], [14, 20, 15, 19], [16, 1, 17, 2]]"
12a_1078_29,"[[16, 1, 17, 2], [18, 8, 19, 7], [20, 14, 21, 13], [22, 3, 23, 4], [24, 11, 1, 12], [2, 17, 3, 18], [4, 10, 5, 9], [6, 16, 7, 15], [8, 22, 9, 21], [10, 23, 11, 24], [12, 6, 13, 5], [14, 20, 15, 19]]"
12a_1078_30,"[[14, 20, 15, 19], [16, 1, 17, 2], [18, 8, 19, 7], [20, 14, 21, 13], [22, 3, 23, 4], [24, 11, 1, 12], [2, 17, 3, 18], [4, 10, 5, 9], [6, 16, 7, 15], [8, 22, 9, 21], [10, 23, 11, 24], [12, 6, 13, 5]]"
12a_1078_31,"[[12, 6, 13, 5], [14, 20, 15, 19], [16, 1, 17, 2], [18, 8, 19, 7], [20, 14, 21, 13], [22, 3, 23, 4], [24, 11, 1, 12], [2, 17, 3, 18], [4, 10, 5, 9], [6, 16, 7, 15], [8, 22, 9, 21], [10, 23, 11, 24]]"
12a_1078_32,"[[10, 23, 11, 24], [12, 6, 13, 5], [14, 20, 15, 19], [16, 1, 17, 2], [18, 8, 19, 7], [20, 14, 21, 13], [22, 3, 23, 4], [24, 11, 1, 12], [2, 17, 3, 18], [4, 10, 5, 9], [6, 16, 7, 15], [8, 22, 9, 21]]"
12a_1078_33,"[[8, 22, 9, 21], [10, 23, 11, 24], [12, 6, 13, 5], [14, 20, 15, 19], [16, 1, 17, 2], [18, 8, 19, 7], [20, 14, 21, 13], [22, 3, 23, 4], [24, 11, 1, 12], [2, 17, 3, 18], [4, 10, 5, 9], [6, 16, 7, 15]]"
12a_1078_34,"[[6, 16, 7, 15], [8, 22, 9, 21], [10, 23, 11, 24], [12, 6, 13, 5], [14, 20, 15, 19], [16, 1, 17, 2], [18, 8, 19, 7], [20, 14, 21, 13], [22, 3, 23, 4], [24, 11, 1, 12], [2, 17, 3, 18], [4, 10, 5, 9]]"
12a_1078_35,"[[4, 10, 5, 9], [6, 16, 7, 15], [8, 22, 9, 21], [10, 23, 11, 24], [12, 6, 13, 5], [14, 20, 15, 19], [16, 1, 17, 2], [18, 8, 19, 7], [20, 14, 21, 13], [22, 3, 23, 4], [24, 11, 1, 12], [2, 17, 3, 18]]"
12a_1078_36,"[[3, 18, 4, 19], [5, 11, 6, 10], [7, 17, 8, 16], [9, 23, 10, 22], [11, 24, 12, 1], [13, 7, 14, 6], [15, 21, 16, 20], [17, 2, 18, 3], [19, 9, 20, 8], [21, 15, 22, 14], [23, 4, 24, 5], [1, 12, 2, 13]]"
12a_1078_37,"[[1, 12, 2, 13], [3, 18, 4, 19], [5, 11, 6, 10], [7, 17, 8, 16], [9, 23, 10, 22], [11, 24, 12, 1], [13, 7, 14, 6], [15, 21, 16, 20], [17, 2, 18, 3], [19, 9, 20, 8], [21, 15, 22, 14], [23, 4, 24, 5]]"
12a_1078_38,"[[23, 4, 24, 5], [1, 12, 2, 13], [3, 18, 4, 19], [5, 11, 6, 10], [7, 17, 8, 16], [9, 23, 10, 22], [11, 24, 12, 1], [13, 7, 14, 6], [15, 21, 16, 20], [17, 2, 18, 3], [19, 9, 20, 8], [21, 15, 22, 14]]"
12a_1078_39,"[[21, 15, 22, 14], [23, 4, 24, 5], [1, 12, 2, 13], [3, 18, 4, 19], [5, 11, 6, 10], [7, 17, 8, 16], [9, 23, 10, 22], [11, 24, 12, 1], [13, 7, 14, 6], [15, 21, 16, 20], [17, 2, 18, 3], [19, 9, 20, 8]]"
12a_1078_40,"[[19, 9, 20, 8], [21, 15, 22, 14], [23, 4, 24, 5], [1, 12, 2, 13], [3, 18, 4, 19], [5, 11, 6, 10], [7, 17, 8, 16], [9, 23, 10, 22], [11, 24, 12, 1], [13, 7, 14, 6], [15, 21, 16, 20], [17, 2, 18, 3]]"
12a_1078_41,"[[17, 2, 18, 3], [19, 9, 20, 8], [21, 15, 22, 14], [23, 4, 24, 5], [1, 12, 2, 13], [3, 18, 4, 19], [5, 11, 6, 10], [7, 17, 8, 16], [9, 23, 10, 22], [11, 24, 12, 1], [13, 7, 14, 6], [15, 21, 16, 20]]"
12a_1078_42,"[[15, 21, 16, 20], [17, 2, 18, 3], [19, 9, 20, 8], [21, 15, 22, 14], [23, 4, 24, 5], [1, 12, 2, 13], [3, 18, 4, 19], [5, 11, 6, 10], [7, 17, 8, 16], [9, 23, 10, 22], [11, 24, 12, 1], [13, 7, 14, 6]]"
12a_1078_43,"[[13, 7, 14, 6], [15, 21, 16, 20], [17, 2, 18, 3], [19, 9, 20, 8], [21, 15, 22, 14], [23, 4, 24, 5], [1, 12, 2, 13], [3, 18, 4, 19], [5, 11, 6, 10], [7, 17, 8, 16], [9, 23, 10, 22], [11, 24, 12, 1]]"
12a_1078_44,"[[11, 24, 12, 1], [13, 7, 14, 6], [15, 21, 16, 20], [17, 2, 18, 3], [19, 9, 20, 8], [21, 15, 22, 14], [23, 4, 24, 5], [1, 12, 2, 13], [3, 18, 4, 19], [5, 11, 6, 10], [7, 17, 8, 16], [9, 23, 10, 22]]"
12a_1078_45,"[[9, 23, 10, 22], [11, 24, 12, 1], [13, 7, 14, 6], [15, 21, 16, 20], [17, 2, 18, 3], [19, 9, 20, 8], [21, 15, 22, 14], [23, 4, 24, 5], [1, 12, 2, 13], [3, 18, 4, 19], [5, 11, 6, 10], [7, 17, 8, 16]]"
12a_1078_46,"[[7, 17, 8, 16], [9, 23, 10, 22], [11, 24, 12, 1], [13, 7, 14, 6], [15, 21, 16, 20], [17, 2, 18, 3], [19, 9, 20, 8], [21, 15, 22, 14], [23, 4, 24, 5], [1, 12, 2, 13], [3, 18, 4, 19], [5, 11, 6, 10]]"
12a_1078_47,"[[5, 11, 6, 10], [7, 17, 8, 16], [9, 23, 10, 22], [11, 24, 12, 1], [13, 7, 14, 6], [15, 21, 16, 20], [17, 2, 18, 3], [19, 9, 20, 8], [21, 15, 22, 14], [23, 4, 24, 5], [1, 12, 2, 13], [3, 18, 4, 19]]"
12a_1078_48,"[[4, 19, 5, 20], [6, 12, 7, 11], [8, 18, 9, 17], [10, 24, 11, 23], [12, 1, 13, 2], [14, 8, 15, 7], [16, 22, 17, 21], [18, 3, 19, 4], [20, 10, 21, 9], [22, 16, 23, 15], [24, 5, 1, 6], [2, 13, 3, 14]]"
12a_1078_49,"[[2, 13, 3, 14], [4, 19, 5, 20], [6, 12, 7, 11], [8, 18, 9, 17], [10, 24, 11, 23], [12, 1, 13, 2], [14, 8, 15, 7], [16, 22, 17, 21], [18, 3, 19, 4], [20, 10, 21, 9], [22, 16, 23, 15], [24, 5, 1, 6]]"
12a_1078_50,"[[24, 5, 1, 6], [2, 13, 3, 14], [4, 19, 5, 20], [6, 12, 7, 11], [8, 18, 9, 17], [10, 24, 11, 23], [12, 1, 13, 2], [14, 8, 15, 7], [16, 22, 17, 21], [18, 3, 19, 4], [20, 10, 21, 9], [22, 16, 23, 15]]"
12a_1078_51,"[[22, 16, 23, 15], [24, 5, 1, 6], [2, 13, 3, 14], [4, 19, 5, 20], [6, 12, 7, 11], [8, 18, 9, 17], [10, 24, 11, 23], [12, 1, 13, 2], [14, 8, 15, 7], [16, 22, 17, 21], [18, 3, 19, 4], [20, 10, 21, 9]]"
12a_1078_52,"[[20, 10, 21, 9], [22, 16, 23, 15], [24, 5, 1, 6], [2, 13, 3, 14], [4, 19, 5, 20], [6, 12, 7, 11], [8, 18, 9, 17], [10, 24, 11, 23], [12, 1, 13, 2], [14, 8, 15, 7], [16, 22, 17, 21], [18, 3, 19, 4]]"
12a_1078_53,"[[18, 3, 19, 4], [20, 10, 21, 9], [22, 16, 23, 15], [24, 5, 1, 6], [2, 13, 3, 14], [4, 19, 5, 20], [6, 12, 7, 11], [8, 18, 9, 17], [10, 24, 11, 23], [12, 1, 13, 2], [14, 8, 15, 7], [16, 22, 17, 21]]"
12a_1078_54,"[[16, 22, 17, 21], [18, 3, 19, 4], [20, 10, 21, 9], [22, 16, 23, 15], [24, 5, 1, 6], [2, 13, 3, 14], [4, 19, 5, 20], [6, 12, 7, 11], [8, 18, 9, 17], [10, 24, 11, 23], [12, 1, 13, 2], [14, 8, 15, 7]]"
12a_1078_55,"[[14, 8, 15, 7], [16, 22, 17, 21], [18, 3, 19, 4], [20, 10, 21, 9], [22, 16, 23, 15], [24, 5, 1, 6], [2, 13, 3, 14], [4, 19, 5, 20], [6, 12, 7, 11], [8, 18, 9, 17], [10, 24, 11, 23], [12, 1, 13, 2]]"
12a_1078_56,"[[12, 1, 13, 2], [14, 8, 15, 7], [16, 22, 17, 21], [18, 3, 19, 4], [20, 10, 21, 9], [22, 16, 23, 15], [24, 5, 1, 6], [2, 13, 3, 14], [4, 19, 5, 20], [6, 12, 7, 11], [8, 18, 9, 17], [10, 24, 11, 23]]"
12a_1078_57,"[[10, 24, 11, 23], [12, 1, 13, 2], [14, 8, 15, 7], [16, 22, 17, 21], [18, 3, 19, 4], [20, 10, 21, 9], [22, 16, 23, 15], [24, 5, 1, 6], [2, 13, 3, 14], [4, 19, 5, 20], [6, 12, 7, 11], [8, 18, 9, 17]]"
12a_1078_58,"[[8, 18, 9, 17], [10, 24, 11, 23], [12, 1, 13, 2], [14, 8, 15, 7], [16, 22, 17, 21], [18, 3, 19, 4], [20, 10, 21, 9], [22, 16, 23, 15], [24, 5, 1, 6], [2, 13, 3, 14], [4, 19, 5, 20], [6, 12, 7, 11]]"
12a_1078_59,"[[6, 12, 7, 11], [8, 18, 9, 17], [10, 24, 11, 23], [12, 1, 13, 2], [14, 8, 15, 7], [16, 22, 17, 21], [18, 3, 19, 4], [20, 10, 21, 9], [22, 16, 23, 15], [24, 5, 1, 6], [2, 13, 3, 14], [4, 19, 5, 20]]"
12a_1078_60,"[[5, 20, 6, 21], [7, 13, 8, 12], [9, 19, 10, 18], [11, 1, 12, 24], [13, 2, 14, 3], [15, 9, 16, 8], [17, 23, 18, 22], [19, 4, 20, 5], [21, 11, 22, 10], [23, 17, 24, 16], [1, 6, 2, 7], [3, 14, 4, 15]]"
12a_1078_61,"[[3, 14, 4, 15], [5, 20, 6, 21], [7, 13, 8, 12], [9, 19, 10, 18], [11, 1, 12, 24], [13, 2, 14, 3], [15, 9, 16, 8], [17, 23, 18, 22], [19, 4, 20, 5], [21, 11, 22, 10], [23, 17, 24, 16], [1, 6, 2, 7]]"
12a_1078_62,"[[1, 6, 2, 7], [3, 14, 4, 15], [5, 20, 6, 21], [7, 13, 8, 12], [9, 19, 10, 18], [11, 1, 12, 24], [13, 2, 14, 3], [15, 9, 16, 8], [17, 23, 18, 22], [19, 4, 20, 5], [21, 11, 22, 10], [23, 17, 24, 16]]"
12a_1078_63,"[[23, 17, 24, 16], [1, 6, 2, 7], [3, 14, 4, 15], [5, 20, 6, 21], [7, 13, 8, 12], [9, 19, 10, 18], [11, 1, 12, 24], [13, 2, 14, 3], [15, 9, 16, 8], [17, 23, 18, 22], [19, 4, 20, 5], [21, 11, 22, 10]]"
12a_1078_64,"[[21, 11, 22, 10], [23, 17, 24, 16], [1, 6, 2, 7], [3, 14, 4, 15], [5, 20, 6, 21], [7, 13, 8, 12], [9, 19, 10, 18], [11, 1, 12, 24], [13, 2, 14, 3], [15, 9, 16, 8], [17, 23, 18, 22], [19, 4, 20, 5]]"
12a_1078_65,"[[19, 4, 20, 5], [21, 11, 22, 10], [23, 17, 24, 16], [1, 6, 2, 7], [3, 14, 4, 15], [5, 20, 6, 21], [7, 13, 8, 12], [9, 19, 10, 18], [11, 1, 12, 24], [13, 2, 14, 3], [15, 9, 16, 8], [17, 23, 18, 22]]"
12a_1078_66,"[[17, 23, 18, 22], [19, 4, 20, 5], [21, 11, 22, 10], [23, 17, 24, 16], [1, 6, 2, 7], [3, 14, 4, 15], [5, 20, 6, 21], [7, 13, 8, 12], [9, 19, 10, 18], [11, 1, 12, 24], [13, 2, 14, 3], [15, 9, 16, 8]]"
12a_1078_67,"[[15, 9, 16, 8], [17, 23, 18, 22], [19, 4, 20, 5], [21, 11, 22, 10], [23, 17, 24, 16], [1, 6, 2, 7], [3, 14, 4, 15], [5, 20, 6, 21], [7, 13, 8, 12], [9, 19, 10, 18], [11, 1, 12, 24], [13, 2, 14, 3]]"
12a_1078_68,"[[13, 2, 14, 3], [15, 9, 16, 8], [17, 23, 18, 22], [19, 4, 20, 5], [21, 11, 22, 10], [23, 17, 24, 16], [1, 6, 2, 7], [3, 14, 4, 15], [5, 20, 6, 21], [7, 13, 8, 12], [9, 19, 10, 18], [11, 1, 12, 24]]"
12a_1078_69,"[[11, 1, 12, 24], [13, 2, 14, 3], [15, 9, 16, 8], [17, 23, 18, 22], [19, 4, 20, 5], [21, 11, 22, 10], [23, 17, 24, 16], [1, 6, 2, 7], [3, 14, 4, 15], [5, 20, 6, 21], [7, 13, 8, 12], [9, 19, 10, 18]]"
12a_1078_70,"[[9, 19, 10, 18], [11, 1, 12, 24], [13, 2, 14, 3], [15, 9, 16, 8], [17, 23, 18, 22], [19, 4, 20, 5], [21, 11, 22, 10], [23, 17, 24, 16], [1, 6, 2, 7], [3, 14, 4, 15], [5, 20, 6, 21], [7, 13, 8, 12]]"
12a_1078_71,"[[7, 13, 8, 12], [9, 19, 10, 18], [11, 1, 12, 24], [13, 2, 14, 3], [15, 9, 16, 8], [17, 23, 18, 22], [19, 4, 20, 5], [21, 11, 22, 10], [23, 17, 24, 16], [1, 6, 2, 7], [3, 14, 4, 15], [5, 20, 6, 21]]"
12a_1078_72,"[[6, 21, 7, 22], [8, 14, 9, 13], [10, 20, 11, 19], [12, 2, 13, 1], [14, 3, 15, 4], [16, 10, 17, 9], [18, 24, 19, 23], [20, 5, 21, 6], [22, 12, 23, 11], [24, 18, 1, 17], [2, 7, 3, 8], [4, 15, 5, 16]]"
12a_1078_73,"[[4, 15, 5, 16], [6, 21, 7, 22], [8, 14, 9, 13], [10, 20, 11, 19], [12, 2, 13, 1], [14, 3, 15, 4], [16, 10, 17, 9], [18, 24, 19, 23], [20, 5, 21, 6], [22, 12, 23, 11], [24, 18, 1, 17], [2, 7, 3, 8]]"
12a_1078_74,"[[2, 7, 3, 8], [4, 15, 5, 16], [6, 21, 7, 22], [8, 14, 9, 13], [10, 20, 11, 19], [12, 2, 13, 1], [14, 3, 15, 4], [16, 10, 17, 9], [18, 24, 19, 23], [20, 5, 21, 6], [22, 12, 23, 11], [24, 18, 1, 17]]"
12a_1078_75,"[[24, 18, 1, 17], [2, 7, 3, 8], [4, 15, 5, 16], [6, 21, 7, 22], [8, 14, 9, 13], [10, 20, 11, 19], [12, 2, 13, 1], [14, 3, 15, 4], [16, 10, 17, 9], [18, 24, 19, 23], [20, 5, 21, 6], [22, 12, 23, 11]]"
12a_1078_76,"[[22, 12, 23, 11], [24, 18, 1, 17], [2, 7, 3, 8], [4, 15, 5, 16], [6, 21, 7, 22], [8, 14, 9, 13], [10, 20, 11, 19], [12, 2, 13, 1], [14, 3, 15, 4], [16, 10, 17, 9], [18, 24, 19, 23], [20, 5, 21, 6]]"
12a_1078_77,"[[20, 5, 21, 6], [22, 12, 23, 11], [24, 18, 1, 17], [2, 7, 3, 8], [4, 15, 5, 16], [6, 21, 7, 22], [8, 14, 9, 13], [10, 20, 11, 19], [12, 2, 13, 1], [14, 3, 15, 4], [16, 10, 17, 9], [18, 24, 19, 23]]"
12a_1078_78,"[[18, 24, 19, 23], [20, 5, 21, 6], [22, 12, 23, 11], [24, 18, 1, 17], [2, 7, 3, 8], [4, 15, 5, 16], [6, 21, 7, 22], [8, 14, 9, 13], [10, 20, 11, 19], [12, 2, 13, 1], [14, 3, 15, 4], [16, 10, 17, 9]]"
12a_1078_79,"[[16, 10, 17, 9], [18, 24, 19, 23], [20, 5, 21, 6], [22, 12, 23, 11], [24, 18, 1, 17], [2, 7, 3, 8], [4, 15, 5, 16], [6, 21, 7, 22], [8, 14, 9, 13], [10, 20, 11, 19], [12, 2, 13, 1], [14, 3, 15, 4]]"
12a_1078_80,"[[14, 3, 15, 4], [16, 10, 17, 9], [18, 24, 19, 23], [20, 5, 21, 6], [22, 12, 23, 11], [24, 18, 1, 17], [2, 7, 3, 8], [4, 15, 5, 16], [6, 21, 7, 22], [8, 14, 9, 13], [10, 20, 11, 19], [12, 2, 13, 1]]"
12a_1078_81,"[[12, 2, 13, 1], [14, 3, 15, 4], [16, 10, 17, 9], [18, 24, 19, 23], [20, 5, 21, 6], [22, 12, 23, 11], [24, 18, 1, 17], [2, 7, 3, 8], [4, 15, 5, 16], [6, 21, 7, 22], [8, 14, 9, 13], [10, 20, 11, 19]]"
12a_1078_82,"[[10, 20, 11, 19], [12, 2, 13, 1], [14, 3, 15, 4], [16, 10, 17, 9], [18, 24, 19, 23], [20, 5, 21, 6], [22, 12, 23, 11], [24, 18, 1, 17], [2, 7, 3, 8], [4, 15, 5, 16], [6, 21, 7, 22], [8, 14, 9, 13]]"
12a_1078_83,"[[8, 14, 9, 13], [10, 20, 11, 19], [12, 2, 13, 1], [14, 3, 15, 4], [16, 10, 17, 9], [18, 24, 19, 23], [20, 5, 21, 6], [22, 12, 23, 11], [24, 18, 1, 17], [2, 7, 3, 8], [4, 15, 5, 16], [6, 21, 7, 22]]"
12a_1078_84,"[[7, 22, 8, 23], [9, 15, 10, 14], [11, 21, 12, 20], [13, 3, 14, 2], [15, 4, 16, 5], [17, 11, 18, 10], [19, 1, 20, 24], [21, 6, 22, 7], [23, 13, 24, 12], [1, 19, 2, 18], [3, 8, 4, 9], [5, 16, 6, 17]]"
12a_1078_85,"[[5, 16, 6, 17], [7, 22, 8, 23], [9, 15, 10, 14], [11, 21, 12, 20], [13, 3, 14, 2], [15, 4, 16, 5], [17, 11, 18, 10], [19, 1, 20, 24], [21, 6, 22, 7], [23, 13, 24, 12], [1, 19, 2, 18], [3, 8, 4, 9]]"
12a_1078_86,"[[3, 8, 4, 9], [5, 16, 6, 17], [7, 22, 8, 23], [9, 15, 10, 14], [11, 21, 12, 20], [13, 3, 14, 2], [15, 4, 16, 5], [17, 11, 18, 10], [19, 1, 20, 24], [21, 6, 22, 7], [23, 13, 24, 12], [1, 19, 2, 18]]"
12a_1078_87,"[[1, 19, 2, 18], [3, 8, 4, 9], [5, 16, 6, 17], [7, 22, 8, 23], [9, 15, 10, 14], [11, 21, 12, 20], [13, 3, 14, 2], [15, 4, 16, 5], [17, 11, 18, 10], [19, 1, 20, 24], [21, 6, 22, 7], [23, 13, 24, 12]]"
12a_1078_88,"[[23, 13, 24, 12], [1, 19, 2, 18], [3, 8, 4, 9], [5, 16, 6, 17], [7, 22, 8, 23], [9, 15, 10, 14], [11, 21, 12, 20], [13, 3, 14, 2], [15, 4, 16, 5], [17, 11, 18, 10], [19, 1, 20, 24], [21, 6, 22, 7]]"
12a_1078_89,"[[21, 6, 22, 7], [23, 13, 24, 12], [1, 19, 2, 18], [3, 8, 4, 9], [5, 16, 6, 17], [7, 22, 8, 23], [9, 15, 10, 14], [11, 21, 12, 20], [13, 3, 14, 2], [15, 4, 16, 5], [17, 11, 18, 10], [19, 1, 20, 24]]"
12a_1078_90,"[[19, 1, 20, 24], [21, 6, 22, 7], [23, 13, 24, 12], [1, 19, 2, 18], [3, 8, 4, 9], [5, 16, 6, 17], [7, 22, 8, 23], [9, 15, 10, 14], [11, 21, 12, 20], [13, 3, 14, 2], [15, 4, 16, 5], [17, 11, 18, 10]]"
12a_1078_91,"[[17, 11, 18, 10], [19, 1, 20, 24], [21, 6, 22, 7], [23, 13, 24, 12], [1, 19, 2, 18], [3, 8, 4, 9], [5, 16, 6, 17], [7, 22, 8, 23], [9, 15, 10, 14], [11, 21, 12, 20], [13, 3, 14, 2], [15, 4, 16, 5]]"
12a_1078_92,"[[15, 4, 16, 5], [17, 11, 18, 10], [19, 1, 20, 24], [21, 6, 22, 7], [23, 13, 24, 12], [1, 19, 2, 18], [3, 8, 4, 9], [5, 16, 6, 17], [7, 22, 8, 23], [9, 15, 10, 14], [11, 21, 12, 20], [13, 3, 14, 2]]"
12a_1078_93,"[[13, 3, 14, 2], [15, 4, 16, 5], [17, 11, 18, 10], [19, 1, 20, 24], [21, 6, 22, 7], [23, 13, 24, 12], [1, 19, 2, 18], [3, 8, 4, 9], [5, 16, 6, 17], [7, 22, 8, 23], [9, 15, 10, 14], [11, 21, 12, 20]]"
12a_1078_94,"[[11, 21, 12, 20], [13, 3, 14, 2], [15, 4, 16, 5], [17, 11, 18, 10], [19, 1, 20, 24], [21, 6, 22, 7], [23, 13, 24, 12], [1, 19, 2, 18], [3, 8, 4, 9], [5, 16, 6, 17], [7, 22, 8, 23], [9, 15, 10, 14]]"
12a_1078_95,"[[9, 15, 10, 14], [11, 21, 12, 20], [13, 3, 14, 2], [15, 4, 16, 5], [17, 11, 18, 10], [19, 1, 20, 24], [21, 6, 22, 7], [23, 13, 24, 12], [1, 19, 2, 18], [3, 8, 4, 9], [5, 16, 6, 17], [7, 22, 8, 23]]"
12a_1078_96,"[[8, 23, 9, 24], [10, 16, 11, 15], [12, 22, 13, 21], [14, 4, 15, 3], [16, 5, 17, 6], [18, 12, 19, 11], [20, 2, 21, 1], [22, 7, 23, 8], [24, 14, 1, 13], [2, 20, 3, 19], [4, 9, 5, 10], [6, 17, 7, 18]]"
12a_1078_97,"[[6, 17, 7, 18], [8, 23, 9, 24], [10, 16, 11, 15], [12, 22, 13, 21], [14, 4, 15, 3], [16, 5, 17, 6], [18, 12, 19, 11], [20, 2, 21, 1], [22, 7, 23, 8], [24, 14, 1, 13], [2, 20, 3, 19], [4, 9, 5, 10]]"
12a_1078_98,"[[4, 9, 5, 10], [6, 17, 7, 18], [8, 23, 9, 24], [10, 16, 11, 15], [12, 22, 13, 21], [14, 4, 15, 3], [16, 5, 17, 6], [18, 12, 19, 11], [20, 2, 21, 1], [22, 7, 23, 8], [24, 14, 1, 13], [2, 20, 3, 19]]"
12a_1078_99,"[[2, 20, 3, 19], [4, 9, 5, 10], [6, 17, 7, 18], [8, 23, 9, 24], [10, 16, 11, 15], [12, 22, 13, 21], [14, 4, 15, 3], [16, 5, 17, 6], [18, 12, 19, 11], [20, 2, 21, 1], [22, 7, 23, 8], [24, 14, 1, 13]]"
12a_1078_100,"[[24, 14, 1, 13], [2, 20, 3, 19], [4, 9, 5, 10], [6, 17, 7, 18], [8, 23, 9, 24], [10, 16, 11, 15], [12, 22, 13, 21], [14, 4, 15, 3], [16, 5, 17, 6], [18, 12, 19, 11], [20, 2, 21, 1], [22, 7, 23, 8]]"
12a_1078_101,"[[22, 7, 23, 8], [24, 14, 1, 13], [2, 20, 3, 19], [4, 9, 5, 10], [6, 17, 7, 18], [8, 23, 9, 24], [10, 16, 11, 15], [12, 22, 13, 21], [14, 4, 15, 3], [16, 5, 17, 6], [18, 12, 19, 11], [20, 2, 21, 1]]"
12a_1078_102,"[[20, 2, 21, 1], [22, 7, 23, 8], [24, 14, 1, 13], [2, 20, 3, 19], [4, 9, 5, 10], [6, 17, 7, 18], [8, 23, 9, 24], [10, 16, 11, 15], [12, 22, 13, 21], [14, 4, 15, 3], [16, 5, 17, 6], [18, 12, 19, 11]]"
12a_1078_103,"[[18, 12, 19, 11], [20, 2, 21, 1], [22, 7, 23, 8], [24, 14, 1, 13], [2, 20, 3, 19], [4, 9, 5, 10], [6, 17, 7, 18], [8, 23, 9, 24], [10, 16, 11, 15], [12, 22, 13, 21], [14, 4, 15, 3], [16, 5, 17, 6]]"
12a_1078_104,"[[16, 5, 17, 6], [18, 12, 19, 11], [20, 2, 21, 1], [22, 7, 23, 8], [24, 14, 1, 13], [2, 20, 3, 19], [4, 9, 5, 10], [6, 17, 7, 18], [8, 23, 9, 24], [10, 16, 11, 15], [12, 22, 13, 21], [14, 4, 15, 3]]"
12a_1078_105,"[[14, 4, 15, 3], [16, 5, 17, 6], [18, 12, 19, 11], [20, 2, 21, 1], [22, 7, 23, 8], [24, 14, 1, 13], [2, 20, 3, 19], [4, 9, 5, 10], [6, 17, 7, 18], [8, 23, 9, 24], [10, 16, 11, 15], [12, 22, 13, 21]]"
12a_1078_106,"[[12, 22, 13, 21], [14, 4, 15, 3], [16, 5, 17, 6], [18, 12, 19, 11], [20, 2, 21, 1], [22, 7, 23, 8], [24, 14, 1, 13], [2, 20, 3, 19], [4, 9, 5, 10], [6, 17, 7, 18], [8, 23, 9, 24], [10, 16, 11, 15]]"
12a_1078_107,"[[10, 16, 11, 15], [12, 22, 13, 21], [14, 4, 15, 3], [16, 5, 17, 6], [18, 12, 19, 11], [20, 2, 21, 1], [22, 7, 23, 8], [24, 14, 1, 13], [2, 20, 3, 19], [4, 9, 5, 10], [6, 17, 7, 18], [8, 23, 9, 24]]"
12a_1078_108,"[[9, 24, 10, 1], [11, 17, 12, 16], [13, 23, 14, 22], [15, 5, 16, 4], [17, 6, 18, 7], [19, 13, 20, 12], [21, 3, 22, 2], [23, 8, 24, 9], [1, 15, 2, 14], [3, 21, 4, 20], [5, 10, 6, 11], [7, 18, 8, 19]]"
12a_1078_109,"[[7, 18, 8, 19], [9, 24, 10, 1], [11, 17, 12, 16], [13, 23, 14, 22], [15, 5, 16, 4], [17, 6, 18, 7], [19, 13, 20, 12], [21, 3, 22, 2], [23, 8, 24, 9], [1, 15, 2, 14], [3, 21, 4, 20], [5, 10, 6, 11]]"
12a_1078_110,"[[5, 10, 6, 11], [7, 18, 8, 19], [9, 24, 10, 1], [11, 17, 12, 16], [13, 23, 14, 22], [15, 5, 16, 4], [17, 6, 18, 7], [19, 13, 20, 12], [21, 3, 22, 2], [23, 8, 24, 9], [1, 15, 2, 14], [3, 21, 4, 20]]"
12a_1078_111,"[[3, 21, 4, 20], [5, 10, 6, 11], [7, 18, 8, 19], [9, 24, 10, 1], [11, 17, 12, 16], [13, 23, 14, 22], [15, 5, 16, 4], [17, 6, 18, 7], [19, 13, 20, 12], [21, 3, 22, 2], [23, 8, 24, 9], [1, 15, 2, 14]]"
12a_1078_112,"[[1, 15, 2, 14], [3, 21, 4, 20], [5, 10, 6, 11], [7, 18, 8, 19], [9, 24, 10, 1], [11, 17, 12, 16], [13, 23, 14, 22], [15, 5, 16, 4], [17, 6, 18, 7], [19, 13, 20, 12], [21, 3, 22, 2], [23, 8, 24, 9]]"
12a_1078_113,"[[23, 8, 24, 9], [1, 15, 2, 14], [3, 21, 4, 20], [5, 10, 6, 11], [7, 18, 8, 19], [9, 24, 10, 1], [11, 17, 12, 16], [13, 23, 14, 22], [15, 5, 16, 4], [17, 6, 18, 7], [19, 13, 20, 12], [21, 3, 22, 2]]"
12a_1078_114,"[[21, 3, 22, 2], [23, 8, 24, 9], [1, 15, 2, 14], [3, 21, 4, 20], [5, 10, 6, 11], [7, 18, 8, 19], [9, 24, 10, 1], [11, 17, 12, 16], [13, 23, 14, 22], [15, 5, 16, 4], [17, 6, 18, 7], [19, 13, 20, 12]]"
12a_1078_115,"[[19, 13, 20, 12], [21, 3, 22, 2], [23, 8, 24, 9], [1, 15, 2, 14], [3, 21, 4, 20], [5, 10, 6, 11], [7, 18, 8, 19], [9, 24, 10, 1], [11, 17, 12, 16], [13, 23, 14, 22], [15, 5, 16, 4], [17, 6, 18, 7]]"
12a_1078_116,"[[17, 6, 18, 7], [19, 13, 20, 12], [21, 3, 22, 2], [23, 8, 24, 9], [1, 15, 2, 14], [3, 21, 4, 20], [5, 10, 6, 11], [7, 18, 8, 19], [9, 24, 10, 1], [11, 17, 12, 16], [13, 23, 14, 22], [15, 5, 16, 4]]"
12a_1078_117,"[[15, 5, 16, 4], [17, 6, 18, 7], [19, 13, 20, 12], [21, 3, 22, 2], [23, 8, 24, 9], [1, 15, 2, 14], [3, 21, 4, 20], [5, 10, 6, 11], [7, 18, 8, 19], [9, 24, 10, 1], [11, 17, 12, 16], [13, 23, 14, 22]]"
12a_1078_118,"[[13, 23, 14, 22], [15, 5, 16, 4], [17, 6, 18, 7], [19, 13, 20, 12], [21, 3, 22, 2], [23, 8, 24, 9], [1, 15, 2, 14], [3, 21, 4, 20], [5, 10, 6, 11], [7, 18, 8, 19], [9, 24, 10, 1], [11, 17, 12, 16]]"
12a_1078_119,"[[11, 17, 12, 16], [13, 23, 14, 22], [15, 5, 16, 4], [17, 6, 18, 7], [19, 13, 20, 12], [21, 3, 22, 2], [23, 8, 24, 9], [1, 15, 2, 14], [3, 21, 4, 20], [5, 10, 6, 11], [7, 18, 8, 19], [9, 24, 10, 1]]"
12a_1078_120,"[[10, 1, 11, 2], [12, 18, 13, 17], [14, 24, 15, 23], [16, 6, 17, 5], [18, 7, 19, 8], [20, 14, 21, 13], [22, 4, 23, 3], [24, 9, 1, 10], [2, 16, 3, 15], [4, 22, 5, 21], [6, 11, 7, 12], [8, 19, 9, 20]]"
12a_1078_121,"[[8, 19, 9, 20], [10, 1, 11, 2], [12, 18, 13, 17], [14, 24, 15, 23], [16, 6, 17, 5], [18, 7, 19, 8], [20, 14, 21, 13], [22, 4, 23, 3], [24, 9, 1, 10], [2, 16, 3, 15], [4, 22, 5, 21], [6, 11, 7, 12]]"
12a_1078_122,"[[6, 11, 7, 12], [8, 19, 9, 20], [10, 1, 11, 2], [12, 18, 13, 17], [14, 24, 15, 23], [16, 6, 17, 5], [18, 7, 19, 8], [20, 14, 21, 13], [22, 4, 23, 3], [24, 9, 1, 10], [2, 16, 3, 15], [4, 22, 5, 21]]"
12a_1078_123,"[[4, 22, 5, 21], [6, 11, 7, 12], [8, 19, 9, 20], [10, 1, 11, 2], [12, 18, 13, 17], [14, 24, 15, 23], [16, 6, 17, 5], [18, 7, 19, 8], [20, 14, 21, 13], [22, 4, 23, 3], [24, 9, 1, 10], [2, 16, 3, 15]]"
12a_1078_124,"[[2, 16, 3, 15], [4, 22, 5, 21], [6, 11, 7, 12], [8, 19, 9, 20], [10, 1, 11, 2], [12, 18, 13, 17], [14, 24, 15, 23], [16, 6, 17, 5], [18, 7, 19, 8], [20, 14, 21, 13], [22, 4, 23, 3], [24, 9, 1, 10]]"
12a_1078_125,"[[24, 9, 1, 10], [2, 16, 3, 15], [4, 22, 5, 21], [6, 11, 7, 12], [8, 19, 9, 20], [10, 1, 11, 2], [12, 18, 13, 17], [14, 24, 15, 23], [16, 6, 17, 5], [18, 7, 19, 8], [20, 14, 21, 13], [22, 4, 23, 3]]"
12a_1078_126,"[[22, 4, 23, 3], [24, 9, 1, 10], [2, 16, 3, 15], [4, 22, 5, 21], [6, 11, 7, 12], [8, 19, 9, 20], [10, 1, 11, 2], [12, 18, 13, 17], [14, 24, 15, 23], [16, 6, 17, 5], [18, 7, 19, 8], [20, 14, 21, 13]]"
12a_1078_127,"[[20, 14, 21, 13], [22, 4, 23, 3], [24, 9, 1, 10], [2, 16, 3, 15], [4, 22, 5, 21], [6, 11, 7, 12], [8, 19, 9, 20], [10, 1, 11, 2], [12, 18, 13, 17], [14, 24, 15, 23], [16, 6, 17, 5], [18, 7, 19, 8]]"
12a_1078_128,"[[18, 7, 19, 8], [20, 14, 21, 13], [22, 4, 23, 3], [24, 9, 1, 10], [2, 16, 3, 15], [4, 22, 5, 21], [6, 11, 7, 12], [8, 19, 9, 20], [10, 1, 11, 2], [12, 18, 13, 17], [14, 24, 15, 23], [16, 6, 17, 5]]"
12a_1078_129,"[[16, 6, 17, 5], [18, 7, 19, 8], [20, 14, 21, 13], [22, 4, 23, 3], [24, 9, 1, 10], [2, 16, 3, 15], [4, 22, 5, 21], [6, 11, 7, 12], [8, 19, 9, 20], [10, 1, 11, 2], [12, 18, 13, 17], [14, 24, 15, 23]]"
12a_1078_130,"[[14, 24, 15, 23], [16, 6, 17, 5], [18, 7, 19, 8], [20, 14, 21, 13], [22, 4, 23, 3], [24, 9, 1, 10], [2, 16, 3, 15], [4, 22, 5, 21], [6, 11, 7, 12], [8, 19, 9, 20], [10, 1, 11, 2], [12, 18, 13, 17]]"
12a_1078_131,"[[12, 18, 13, 17], [14, 24, 15, 23], [16, 6, 17, 5], [18, 7, 19, 8], [20, 14, 21, 13], [22, 4, 23, 3], [24, 9, 1, 10], [2, 16, 3, 15], [4, 22, 5, 21], [6, 11, 7, 12], [8, 19, 9, 20], [10, 1, 11, 2]]"
12a_1078_132,"[[11, 2, 12, 3], [13, 19, 14, 18], [15, 1, 16, 24], [17, 7, 18, 6], [19, 8, 20, 9], [21, 15, 22, 14], [23, 5, 24, 4], [1, 10, 2, 11], [3, 17, 4, 16], [5, 23, 6, 22], [7, 12, 8, 13], [9, 20, 10, 21]]"
12a_1078_133,"[[9, 20, 10, 21], [11, 2, 12, 3], [13, 19, 14, 18], [15, 1, 16, 24], [17, 7, 18, 6], [19, 8, 20, 9], [21, 15, 22, 14], [23, 5, 24, 4], [1, 10, 2, 11], [3, 17, 4, 16], [5, 23, 6, 22], [7, 12, 8, 13]]"
12a_1078_134,"[[7, 12, 8, 13], [9, 20, 10, 21], [11, 2, 12, 3], [13, 19, 14, 18], [15, 1, 16, 24], [17, 7, 18, 6], [19, 8, 20, 9], [21, 15, 22, 14], [23, 5, 24, 4], [1, 10, 2, 11], [3, 17, 4, 16], [5, 23, 6, 22]]"
12a_1078_135,"[[5, 23, 6, 22], [7, 12, 8, 13], [9, 20, 10, 21], [11, 2, 12, 3], [13, 19, 14, 18], [15, 1, 16, 24], [17, 7, 18, 6], [19, 8, 20, 9], [21, 15, 22, 14], [23, 5, 24, 4], [1, 10, 2, 11], [3, 17, 4, 16]]"
12a_1078_136,"[[3, 17, 4, 16], [5, 23, 6, 22], [7, 12, 8, 13], [9, 20, 10, 21], [11, 2, 12, 3], [13, 19, 14, 18], [15, 1, 16, 24], [17, 7, 18, 6], [19, 8, 20, 9], [21, 15, 22, 14], [23, 5, 24, 4], [1, 10, 2, 11]]"
12a_1078_137,"[[1, 10, 2, 11], [3, 17, 4, 16], [5, 23, 6, 22], [7, 12, 8, 13], [9, 20, 10, 21], [11, 2, 12, 3], [13, 19, 14, 18], [15, 1, 16, 24], [17, 7, 18, 6], [19, 8, 20, 9], [21, 15, 22, 14], [23, 5, 24, 4]]"
12a_1078_138,"[[23, 5, 24, 4], [1, 10, 2, 11], [3, 17, 4, 16], [5, 23, 6, 22], [7, 12, 8, 13], [9, 20, 10, 21], [11, 2, 12, 3], [13, 19, 14, 18], [15, 1, 16, 24], [17, 7, 18, 6], [19, 8, 20, 9], [21, 15, 22, 14]]"
12a_1078_139,"[[21, 15, 22, 14], [23, 5, 24, 4], [1, 10, 2, 11], [3, 17, 4, 16], [5, 23, 6, 22], [7, 12, 8, 13], [9, 20, 10, 21], [11, 2, 12, 3], [13, 19, 14, 18], [15, 1, 16, 24], [17, 7, 18, 6], [19, 8, 20, 9]]"
12a_1078_140,"[[19, 8, 20, 9], [21, 15, 22, 14], [23, 5, 24, 4], [1, 10, 2, 11], [3, 17, 4, 16], [5, 23, 6, 22], [7, 12, 8, 13], [9, 20, 10, 21], [11, 2, 12, 3], [13, 19, 14, 18], [15, 1, 16, 24], [17, 7, 18, 6]]"
12a_1078_141,"[[17, 7, 18, 6], [19, 8, 20, 9], [21, 15, 22, 14], [23, 5, 24, 4], [1, 10, 2, 11], [3, 17, 4, 16], [5, 23, 6, 22], [7, 12, 8, 13], [9, 20, 10, 21], [11, 2, 12, 3], [13, 19, 14, 18], [15, 1, 16, 24]]"
12a_1078_142,"[[15, 1, 16, 24], [17, 7, 18, 6], [19, 8, 20, 9], [21, 15, 22, 14], [23, 5, 24, 4], [1, 10, 2, 11], [3, 17, 4, 16], [5, 23, 6, 22], [7, 12, 8, 13], [9, 20, 10, 21], [11, 2, 12, 3], [13, 19, 14, 18]]"
12a_1078_143,"[[13, 19, 14, 18], [15, 1, 16, 24], [17, 7, 18, 6], [19, 8, 20, 9], [21, 15, 22, 14], [23, 5, 24, 4], [1, 10, 2, 11], [3, 17, 4, 16], [5, 23, 6, 22], [7, 12, 8, 13], [9, 20, 10, 21], [11, 2, 12, 3]]"
12a_1078_144,"[[12, 3, 13, 4], [14, 20, 15, 19], [16, 2, 17, 1], [18, 8, 19, 7], [20, 9, 21, 10], [22, 16, 23, 15], [24, 6, 1, 5], [2, 11, 3, 12], [4, 18, 5, 17], [6, 24, 7, 23], [8, 13, 9, 14], [10, 21, 11, 22]]"
12a_1078_145,"[[10, 21, 11, 22], [12, 3, 13, 4], [14, 20, 15, 19], [16, 2, 17, 1], [18, 8, 19, 7], [20, 9, 21, 10], [22, 16, 23, 15], [24, 6, 1, 5], [2, 11, 3, 12], [4, 18, 5, 17], [6, 24, 7, 23], [8, 13, 9, 14]]"
12a_1078_146,"[[8, 13, 9, 14], [10, 21, 11, 22], [12, 3, 13, 4], [14, 20, 15, 19], [16, 2, 17, 1], [18, 8, 19, 7], [20, 9, 21, 10], [22, 16, 23, 15], [24, 6, 1, 5], [2, 11, 3, 12], [4, 18, 5, 17], [6, 24, 7, 23]]"
12a_1078_147,"[[6, 24, 7, 23], [8, 13, 9, 14], [10, 21, 11, 22], [12, 3, 13, 4], [14, 20, 15, 19], [16, 2, 17, 1], [18, 8, 19, 7], [20, 9, 21, 10], [22, 16, 23, 15], [24, 6, 1, 5], [2, 11, 3, 12], [4, 18, 5, 17]]"
12a_1078_148,"[[4, 18, 5, 17], [6, 24, 7, 23], [8, 13, 9, 14], [10, 21, 11, 22], [12, 3, 13, 4], [14, 20, 15, 19], [16, 2, 17, 1], [18, 8, 19, 7], [20, 9, 21, 10], [22, 16, 23, 15], [24, 6, 1, 5], [2, 11, 3, 12]]"
12a_1078_149,"[[2, 11, 3, 12], [4, 18, 5, 17], [6, 24, 7, 23], [8, 13, 9, 14], [10, 21, 11, 22], [12, 3, 13, 4], [14, 20, 15, 19], [16, 2, 17, 1], [18, 8, 19, 7], [20, 9, 21, 10], [22, 16, 23, 15], [24, 6, 1, 5]]"
12a_1078_150,"[[24, 6, 1, 5], [2, 11, 3, 12], [4, 18, 5, 17], [6, 24, 7, 23], [8, 13, 9, 14], [10, 21, 11, 22], [12, 3, 13, 4], [14, 20, 15, 19], [16, 2, 17, 1], [18, 8, 19, 7], [20, 9, 21, 10], [22, 16, 23, 15]]"
12a_1078_151,"[[22, 16, 23, 15], [24, 6, 1, 5], [2, 11, 3, 12], [4, 18, 5, 17], [6, 24, 7, 23], [8, 13, 9, 14], [10, 21, 11, 22], [12, 3, 13, 4], [14, 20, 15, 19], [16, 2, 17, 1], [18, 8, 19, 7], [20, 9, 21, 10]]"
12a_1078_152,"[[20, 9, 21, 10], [22, 16, 23, 15], [24, 6, 1, 5], [2, 11, 3, 12], [4, 18, 5, 17], [6, 24, 7, 23], [8, 13, 9, 14], [10, 21, 11, 22], [12, 3, 13, 4], [14, 20, 15, 19], [16, 2, 17, 1], [18, 8, 19, 7]]"
12a_1078_153,"[[18, 8, 19, 7], [20, 9, 21, 10], [22, 16, 23, 15], [24, 6, 1, 5], [2, 11, 3, 12], [4, 18, 5, 17], [6, 24, 7, 23], [8, 13, 9, 14], [10, 21, 11, 22], [12, 3, 13, 4], [14, 20, 15, 19], [16, 2, 17, 1]]"
12a_1078_154,"[[16, 2, 17, 1], [18, 8, 19, 7], [20, 9, 21, 10], [22, 16, 23, 15], [24, 6, 1, 5], [2, 11, 3, 12], [4, 18, 5, 17], [6, 24, 7, 23], [8, 13, 9, 14], [10, 21, 11, 22], [12, 3, 13, 4], [14, 20, 15, 19]]"
12a_1078_155,"[[14, 20, 15, 19], [16, 2, 17, 1], [18, 8, 19, 7], [20, 9, 21, 10], [22, 16, 23, 15], [24, 6, 1, 5], [2, 11, 3, 12], [4, 18, 5, 17], [6, 24, 7, 23], [8, 13, 9, 14], [10, 21, 11, 22], [12, 3, 13, 4]]"
12a_1078_156,"[[13, 4, 14, 5], [15, 21, 16, 20], [17, 3, 18, 2], [19, 9, 20, 8], [21, 10, 22, 11], [23, 17, 24, 16], [1, 7, 2, 6], [3, 12, 4, 13], [5, 19, 6, 18], [7, 1, 8, 24], [9, 14, 10, 15], [11, 22, 12, 23]]"
12a_1078_157,"[[11, 22, 12, 23], [13, 4, 14, 5], [15, 21, 16, 20], [17, 3, 18, 2], [19, 9, 20, 8], [21, 10, 22, 11], [23, 17, 24, 16], [1, 7, 2, 6], [3, 12, 4, 13], [5, 19, 6, 18], [7, 1, 8, 24], [9, 14, 10, 15]]"
12a_1078_158,"[[9, 14, 10, 15], [11, 22, 12, 23], [13, 4, 14, 5], [15, 21, 16, 20], [17, 3, 18, 2], [19, 9, 20, 8], [21, 10, 22, 11], [23, 17, 24, 16], [1, 7, 2, 6], [3, 12, 4, 13], [5, 19, 6, 18], [7, 1, 8, 24]]"
12a_1078_159,"[[7, 1, 8, 24], [9, 14, 10, 15], [11, 22, 12, 23], [13, 4, 14, 5], [15, 21, 16, 20], [17, 3, 18, 2], [19, 9, 20, 8], [21, 10, 22, 11], [23, 17, 24, 16], [1, 7, 2, 6], [3, 12, 4, 13], [5, 19, 6, 18]]"
12a_1078_160,"[[5, 19, 6, 18], [7, 1, 8, 24], [9, 14, 10, 15], [11, 22, 12, 23], [13, 4, 14, 5], [15, 21, 16, 20], [17, 3, 18, 2], [19, 9, 20, 8], [21, 10, 22, 11], [23, 17, 24, 16], [1, 7, 2, 6], [3, 12, 4, 13]]"
12a_1078_161,"[[3, 12, 4, 13], [5, 19, 6, 18], [7, 1, 8, 24], [9, 14, 10, 15], [11, 22, 12, 23], [13, 4, 14, 5], [15, 21, 16, 20], [17, 3, 18, 2], [19, 9, 20, 8], [21, 10, 22, 11], [23, 17, 24, 16], [1, 7, 2, 6]]"
12a_1078_162,"[[1, 7, 2, 6], [3, 12, 4, 13], [5, 19, 6, 18], [7, 1, 8, 24], [9, 14, 10, 15], [11, 22, 12, 23], [13, 4, 14, 5], [15, 21, 16, 20], [17, 3, 18, 2], [19, 9, 20, 8], [21, 10, 22, 11], [23, 17, 24, 16]]"
12a_1078_163,"[[23, 17, 24, 16], [1, 7, 2, 6], [3, 12, 4, 13], [5, 19, 6, 18], [7, 1, 8, 24], [9, 14, 10, 15], [11, 22, 12, 23], [13, 4, 14, 5], [15, 21, 16, 20], [17, 3, 18, 2], [19, 9, 20, 8], [21, 10, 22, 11]]"
12a_1078_164,"[[21, 10, 22, 11], [23, 17, 24, 16], [1, 7, 2, 6], [3, 12, 4, 13], [5, 19, 6, 18], [7, 1, 8, 24], [9, 14, 10, 15], [11, 22, 12, 23], [13, 4, 14, 5], [15, 21, 16, 20], [17, 3, 18, 2], [19, 9, 20, 8]]"
12a_1078_165,"[[19, 9, 20, 8], [21, 10, 22, 11], [23, 17, 24, 16], [1, 7, 2, 6], [3, 12, 4, 13], [5, 19, 6, 18], [7, 1, 8, 24], [9, 14, 10, 15], [11, 22, 12, 23], [13, 4, 14, 5], [15, 21, 16, 20], [17, 3, 18, 2]]"
12a_1078_166,"[[17, 3, 18, 2], [19, 9, 20, 8], [21, 10, 22, 11], [23, 17, 24, 16], [1, 7, 2, 6], [3, 12, 4, 13], [5, 19, 6, 18], [7, 1, 8, 24], [9, 14, 10, 15], [11, 22, 12, 23], [13, 4, 14, 5], [15, 21, 16, 20]]"
12a_1078_167,"[[15, 21, 16, 20], [17, 3, 18, 2], [19, 9, 20, 8], [21, 10, 22, 11], [23, 17, 24, 16], [1, 7, 2, 6], [3, 12, 4, 13], [5, 19, 6, 18], [7, 1, 8, 24], [9, 14, 10, 15], [11, 22, 12, 23], [13, 4, 14, 5]]"
12a_1078_168,"[[14, 5, 15, 6], [16, 22, 17, 21], [18, 4, 19, 3], [20, 10, 21, 9], [22, 11, 23, 12], [24, 18, 1, 17], [2, 8, 3, 7], [4, 13, 5, 14], [6, 20, 7, 19], [8, 2, 9, 1], [10, 15, 11, 16], [12, 23, 13, 24]]"
12a_1078_169,"[[12, 23, 13, 24], [14, 5, 15, 6], [16, 22, 17, 21], [18, 4, 19, 3], [20, 10, 21, 9], [22, 11, 23, 12], [24, 18, 1, 17], [2, 8, 3, 7], [4, 13, 5, 14], [6, 20, 7, 19], [8, 2, 9, 1], [10, 15, 11, 16]]"
12a_1078_170,"[[10, 15, 11, 16], [12, 23, 13, 24], [14, 5, 15, 6], [16, 22, 17, 21], [18, 4, 19, 3], [20, 10, 21, 9], [22, 11, 23, 12], [24, 18, 1, 17], [2, 8, 3, 7], [4, 13, 5, 14], [6, 20, 7, 19], [8, 2, 9, 1]]"
12a_1078_171,"[[8, 2, 9, 1], [10, 15, 11, 16], [12, 23, 13, 24], [14, 5, 15, 6], [16, 22, 17, 21], [18, 4, 19, 3], [20, 10, 21, 9], [22, 11, 23, 12], [24, 18, 1, 17], [2, 8, 3, 7], [4, 13, 5, 14], [6, 20, 7, 19]]"
12a_1078_172,"[[6, 20, 7, 19], [8, 2, 9, 1], [10, 15, 11, 16], [12, 23, 13, 24], [14, 5, 15, 6], [16, 22, 17, 21], [18, 4, 19, 3], [20, 10, 21, 9], [22, 11, 23, 12], [24, 18, 1, 17], [2, 8, 3, 7], [4, 13, 5, 14]]"
12a_1078_173,"[[4, 13, 5, 14], [6, 20, 7, 19], [8, 2, 9, 1], [10, 15, 11, 16], [12, 23, 13, 24], [14, 5, 15, 6], [16, 22, 17, 21], [18, 4, 19, 3], [20, 10, 21, 9], [22, 11, 23, 12], [24, 18, 1, 17], [2, 8, 3, 7]]"
12a_1078_174,"[[2, 8, 3, 7], [4, 13, 5, 14], [6, 20, 7, 19], [8, 2, 9, 1], [10, 15, 11, 16], [12, 23, 13, 24], [14, 5, 15, 6], [16, 22, 17, 21], [18, 4, 19, 3], [20, 10, 21, 9], [22, 11, 23, 12], [24, 18, 1, 17]]"
12a_1078_175,"[[24, 18, 1, 17], [2, 8, 3, 7], [4, 13, 5, 14], [6, 20, 7, 19], [8, 2, 9, 1], [10, 15, 11, 16], [12, 23, 13, 24], [14, 5, 15, 6], [16, 22, 17, 21], [18, 4, 19, 3], [20, 10, 21, 9], [22, 11, 23, 12]]"
12a_1078_176,"[[22, 11, 23, 12], [24, 18, 1, 17], [2, 8, 3, 7], [4, 13, 5, 14], [6, 20, 7, 19], [8, 2, 9, 1], [10, 15, 11, 16], [12, 23, 13, 24], [14, 5, 15, 6], [16, 22, 17, 21], [18, 4, 19, 3], [20, 10, 21, 9]]"
12a_1078_177,"[[20, 10, 21, 9], [22, 11, 23, 12], [24, 18, 1, 17], [2, 8, 3, 7], [4, 13, 5, 14], [6, 20, 7, 19], [8, 2, 9, 1], [10, 15, 11, 16], [12, 23, 13, 24], [14, 5, 15, 6], [16, 22, 17, 21], [18, 4, 19, 3]]"
12a_1078_178,"[[18, 4, 19, 3], [20, 10, 21, 9], [22, 11, 23, 12], [24, 18, 1, 17], [2, 8, 3, 7], [4, 13, 5, 14], [6, 20, 7, 19], [8, 2, 9, 1], [10, 15, 11, 16], [12, 23, 13, 24], [14, 5, 15, 6], [16, 22, 17, 21]]"
12a_1078_179,"[[16, 22, 17, 21], [18, 4, 19, 3], [20, 10, 21, 9], [22, 11, 23, 12], [24, 18, 1, 17], [2, 8, 3, 7], [4, 13, 5, 14], [6, 20, 7, 19], [8, 2, 9, 1], [10, 15, 11, 16], [12, 23, 13, 24], [14, 5, 15, 6]]"
12a_1078_180,"[[15, 6, 16, 7], [17, 23, 18, 22], [19, 5, 20, 4], [21, 11, 22, 10], [23, 12, 24, 13], [1, 19, 2, 18], [3, 9, 4, 8], [5, 14, 6, 15], [7, 21, 8, 20], [9, 3, 10, 2], [11, 16, 12, 17], [13, 24, 14, 1]]"
12a_1078_181,"[[13, 24, 14, 1], [15, 6, 16, 7], [17, 23, 18, 22], [19, 5, 20, 4], [21, 11, 22, 10], [23, 12, 24, 13], [1, 19, 2, 18], [3, 9, 4, 8], [5, 14, 6, 15], [7, 21, 8, 20], [9, 3, 10, 2], [11, 16, 12, 17]]"
12a_1078_182,"[[11, 16, 12, 17], [13, 24, 14, 1], [15, 6, 16, 7], [17, 23, 18, 22], [19, 5, 20, 4], [21, 11, 22, 10], [23, 12, 24, 13], [1, 19, 2, 18], [3, 9, 4, 8], [5, 14, 6, 15], [7, 21, 8, 20], [9, 3, 10, 2]]"
12a_1078_183,"[[9, 3, 10, 2], [11, 16, 12, 17], [13, 24, 14, 1], [15, 6, 16, 7], [17, 23, 18, 22], [19, 5, 20, 4], [21, 11, 22, 10], [23, 12, 24, 13], [1, 19, 2, 18], [3, 9, 4, 8], [5, 14, 6, 15], [7, 21, 8, 20]]"
12a_1078_184,"[[7, 21, 8, 20], [9, 3, 10, 2], [11, 16, 12, 17], [13, 24, 14, 1], [15, 6, 16, 7], [17, 23, 18, 22], [19, 5, 20, 4], [21, 11, 22, 10], [23, 12, 24, 13], [1, 19, 2, 18], [3, 9, 4, 8], [5, 14, 6, 15]]"
12a_1078_185,"[[5, 14, 6, 15], [7, 21, 8, 20], [9, 3, 10, 2], [11, 16, 12, 17], [13, 24, 14, 1], [15, 6, 16, 7], [17, 23, 18, 22], [19, 5, 20, 4], [21, 11, 22, 10], [23, 12, 24, 13], [1, 19, 2, 18], [3, 9, 4, 8]]"
