name,pd_notation
12a_0452_0,"[[24, 17, 1, 18], [2, 6, 3, 5], [4, 12, 5, 11], [6, 19, 7, 20], [8, 22, 9, 21], [10, 4, 11, 3], [12, 23, 13, 24], [14, 10, 15, 9], [16, 7, 17, 8], [18, 1, 19, 2], [20, 16, 21, 15], [22, 13, 23, 14]]"
12a_0452_1,"[[22, 13, 23, 14], [24, 17, 1, 18], [2, 6, 3, 5], [4, 12, 5, 11], [6, 19, 7, 20], [8, 22, 9, 21], [10, 4, 11, 3], [12, 23, 13, 24], [14, 10, 15, 9], [16, 7, 17, 8], [18, 1, 19, 2], [20, 16, 21, 15]]"
12a_0452_2,"[[20, 16, 21, 15], [22, 13, 23, 14], [24, 17, 1, 18], [2, 6, 3, 5], [4, 12, 5, 11], [6, 19, 7, 20], [8, 22, 9, 21], [10, 4, 11, 3], [12, 23, 13, 24], [14, 10, 15, 9], [16, 7, 17, 8], [18, 1, 19, 2]]"
12a_0452_3,"[[18, 1, 19, 2], [20, 16, 21, 15], [22, 13, 23, 14], [24, 17, 1, 18], [2, 6, 3, 5], [4, 12, 5, 11], [6, 19, 7, 20], [8, 22, 9, 21], [10, 4, 11, 3], [12, 23, 13, 24], [14, 10, 15, 9], [16, 7, 17, 8]]"
12a_0452_4,"[[16, 7, 17, 8], [18, 1, 19, 2], [20, 16, 21, 15], [22, 13, 23, 14], [24, 17, 1, 18], [2, 6, 3, 5], [4, 12, 5, 11], [6, 19, 7, 20], [8, 22, 9, 21], [10, 4, 11, 3], [12, 23, 13, 24], [14, 10, 15, 9]]"
12a_0452_5,"[[14, 10, 15, 9], [16, 7, 17, 8], [18, 1, 19, 2], [20, 16, 21, 15], [22, 13, 23, 14], [24, 17, 1, 18], [2, 6, 3, 5], [4, 12, 5, 11], [6, 19, 7, 20], [8, 22, 9, 21], [10, 4, 11, 3], [12, 23, 13, 24]]"
12a_0452_6,"[[12, 23, 13, 24], [14, 10, 15, 9], [16, 7, 17, 8], [18, 1, 19, 2], [20, 16, 21, 15], [22, 13, 23, 14], [24, 17, 1, 18], [2, 6, 3, 5], [4, 12, 5, 11], [6, 19, 7, 20], [8, 22, 9, 21], [10, 4, 11, 3]]"
12a_0452_7,"[[10, 4, 11, 3], [12, 23, 13, 24], [14, 10, 15, 9], [16, 7, 17, 8], [18, 1, 19, 2], [20, 16, 21, 15], [22, 13, 23, 14], [24, 17, 1, 18], [2, 6, 3, 5], [4, 12, 5, 11], [6, 19, 7, 20], [8, 22, 9, 21]]"
12a_0452_8,"[[8, 22, 9, 21], [10, 4, 11, 3], [12, 23, 13, 24], [14, 10, 15, 9], [16, 7, 17, 8], [18, 1, 19, 2], [20, 16, 21, 15], [22, 13, 23, 14], [24, 17, 1, 18], [2, 6, 3, 5], [4, 12, 5, 11], [6, 19, 7, 20]]"
12a_0452_9,"[[6, 19, 7, 20], [8, 22, 9, 21], [10, 4, 11, 3], [12, 23, 13, 24], [14, 10, 15, 9], [16, 7, 17, 8], [18, 1, 19, 2], [20, 16, 21, 15], [22, 13, 23, 14], [24, 17, 1, 18], [2, 6, 3, 5], [4, 12, 5, 11]]"
12a_0452_10,"[[4, 12, 5, 11], [6, 19, 7, 20], [8, 22, 9, 21], [10, 4, 11, 3], [12, 23, 13, 24], [14, 10, 15, 9], [16, 7, 17, 8], [18, 1, 19, 2], [20, 16, 21, 15], [22, 13, 23, 14], [24, 17, 1, 18], [2, 6, 3, 5]]"
12a_0452_11,"[[2, 6, 3, 5], [4, 12, 5, 11], [6, 19, 7, 20], [8, 22, 9, 21], [10, 4, 11, 3], [12, 23, 13, 24], [14, 10, 15, 9], [16, 7, 17, 8], [18, 1, 19, 2], [20, 16, 21, 15], [22, 13, 23, 14], [24, 17, 1, 18]]"
12a_0452_12,"[[1, 18, 2, 19], [3, 7, 4, 6], [5, 13, 6, 12], [7, 20, 8, 21], [9, 23, 10, 22], [11, 5, 12, 4], [13, 24, 14, 1], [15, 11, 16, 10], [17, 8, 18, 9], [19, 2, 20, 3], [21, 17, 22, 16], [23, 14, 24, 15]]"
12a_0452_13,"[[23, 14, 24, 15], [1, 18, 2, 19], [3, 7, 4, 6], [5, 13, 6, 12], [7, 20, 8, 21], [9, 23, 10, 22], [11, 5, 12, 4], [13, 24, 14, 1], [15, 11, 16, 10], [17, 8, 18, 9], [19, 2, 20, 3], [21, 17, 22, 16]]"
12a_0452_14,"[[21, 17, 22, 16], [23, 14, 24, 15], [1, 18, 2, 19], [3, 7, 4, 6], [5, 13, 6, 12], [7, 20, 8, 21], [9, 23, 10, 22], [11, 5, 12, 4], [13, 24, 14, 1], [15, 11, 16, 10], [17, 8, 18, 9], [19, 2, 20, 3]]"
12a_0452_15,"[[19, 2, 20, 3], [21, 17, 22, 16], [23, 14, 24, 15], [1, 18, 2, 19], [3, 7, 4, 6], [5, 13, 6, 12], [7, 20, 8, 21], [9, 23, 10, 22], [11, 5, 12, 4], [13, 24, 14, 1], [15, 11, 16, 10], [17, 8, 18, 9]]"
12a_0452_16,"[[17, 8, 18, 9], [19, 2, 20, 3], [21, 17, 22, 16], [23, 14, 24, 15], [1, 18, 2, 19], [3, 7, 4, 6], [5, 13, 6, 12], [7, 20, 8, 21], [9, 23, 10, 22], [11, 5, 12, 4], [13, 24, 14, 1], [15, 11, 16, 10]]"
12a_0452_17,"[[15, 11, 16, 10], [17, 8, 18, 9], [19, 2, 20, 3], [21, 17, 22, 16], [23, 14, 24, 15], [1, 18, 2, 19], [3, 7, 4, 6], [5, 13, 6, 12], [7, 20, 8, 21], [9, 23, 10, 22], [11, 5, 12, 4], [13, 24, 14, 1]]"
12a_0452_18,"[[13, 24, 14, 1], [15, 11, 16, 10], [17, 8, 18, 9], [19, 2, 20, 3], [21, 17, 22, 16], [23, 14, 24, 15], [1, 18, 2, 19], [3, 7, 4, 6], [5, 13, 6, 12], [7, 20, 8, 21], [9, 23, 10, 22], [11, 5, 12, 4]]"
12a_0452_19,"[[11, 5, 12, 4], [13, 24, 14, 1], [15, 11, 16, 10], [17, 8, 18, 9], [19, 2, 20, 3], [21, 17, 22, 16], [23, 14, 24, 15], [1, 18, 2, 19], [3, 7, 4, 6], [5, 13, 6, 12], [7, 20, 8, 21], [9, 23, 10, 22]]"
12a_0452_20,"[[9, 23, 10, 22], [11, 5, 12, 4], [13, 24, 14, 1], [15, 11, 16, 10], [17, 8, 18, 9], [19, 2, 20, 3], [21, 17, 22, 16], [23, 14, 24, 15], [1, 18, 2, 19], [3, 7, 4, 6], [5, 13, 6, 12], [7, 20, 8, 21]]"
12a_0452_21,"[[7, 20, 8, 21], [9, 23, 10, 22], [11, 5, 12, 4], [13, 24, 14, 1], [15, 11, 16, 10], [17, 8, 18, 9], [19, 2, 20, 3], [21, 17, 22, 16], [23, 14, 24, 15], [1, 18, 2, 19], [3, 7, 4, 6], [5, 13, 6, 12]]"
12a_0452_22,"[[5, 13, 6, 12], [7, 20, 8, 21], [9, 23, 10, 22], [11, 5, 12, 4], [13, 24, 14, 1], [15, 11, 16, 10], [17, 8, 18, 9], [19, 2, 20, 3], [21, 17, 22, 16], [23, 14, 24, 15], [1, 18, 2, 19], [3, 7, 4, 6]]"
12a_0452_23,"[[3, 7, 4, 6], [5, 13, 6, 12], [7, 20, 8, 21], [9, 23, 10, 22], [11, 5, 12, 4], [13, 24, 14, 1], [15, 11, 16, 10], [17, 8, 18, 9], [19, 2, 20, 3], [21, 17, 22, 16], [23, 14, 24, 15], [1, 18, 2, 19]]"
12a_0452_24,"[[2, 19, 3, 20], [4, 8, 5, 7], [6, 14, 7, 13], [8, 21, 9, 22], [10, 24, 11, 23], [12, 6, 13, 5], [14, 1, 15, 2], [16, 12, 17, 11], [18, 9, 19, 10], [20, 3, 21, 4], [22, 18, 23, 17], [24, 15, 1, 16]]"
12a_0452_25,"[[24, 15, 1, 16], [2, 19, 3, 20], [4, 8, 5, 7], [6, 14, 7, 13], [8, 21, 9, 22], [10, 24, 11, 23], [12, 6, 13, 5], [14, 1, 15, 2], [16, 12, 17, 11], [18, 9, 19, 10], [20, 3, 21, 4], [22, 18, 23, 17]]"
12a_0452_26,"[[22, 18, 23, 17], [24, 15, 1, 16], [2, 19, 3, 20], [4, 8, 5, 7], [6, 14, 7, 13], [8, 21, 9, 22], [10, 24, 11, 23], [12, 6, 13, 5], [14, 1, 15, 2], [16, 12, 17, 11], [18, 9, 19, 10], [20, 3, 21, 4]]"
12a_0452_27,"[[20, 3, 21, 4], [22, 18, 23, 17], [24, 15, 1, 16], [2, 19, 3, 20], [4, 8, 5, 7], [6, 14, 7, 13], [8, 21, 9, 22], [10, 24, 11, 23], [12, 6, 13, 5], [14, 1, 15, 2], [16, 12, 17, 11], [18, 9, 19, 10]]"
12a_0452_28,"[[18, 9, 19, 10], [20, 3, 21, 4], [22, 18, 23, 17], [24, 15, 1, 16], [2, 19, 3, 20], [4, 8, 5, 7], [6, 14, 7, 13], [8, 21, 9, 22], [10, 24, 11, 23], [12, 6, 13, 5], [14, 1, 15, 2], [16, 12, 17, 11]]"
12a_0452_29,"[[16, 12, 17, 11], [18, 9, 19, 10], [20, 3, 21, 4], [22, 18, 23, 17], [24, 15, 1, 16], [2, 19, 3, 20], [4, 8, 5, 7], [6, 14, 7, 13], [8, 21, 9, 22], [10, 24, 11, 23], [12, 6, 13, 5], [14, 1, 15, 2]]"
12a_0452_30,"[[14, 1, 15, 2], [16, 12, 17, 11], [18, 9, 19, 10], [20, 3, 21, 4], [22, 18, 23, 17], [24, 15, 1, 16], [2, 19, 3, 20], [4, 8, 5, 7], [6, 14, 7, 13], [8, 21, 9, 22], [10, 24, 11, 23], [12, 6, 13, 5]]"
12a_0452_31,"[[12, 6, 13, 5], [14, 1, 15, 2], [16, 12, 17, 11], [18, 9, 19, 10], [20, 3, 21, 4], [22, 18, 23, 17], [24, 15, 1, 16], [2, 19, 3, 20], [4, 8, 5, 7], [6, 14, 7, 13], [8, 21, 9, 22], [10, 24, 11, 23]]"
12a_0452_32,"[[10, 24, 11, 23], [12, 6, 13, 5], [14, 1, 15, 2], [16, 12, 17, 11], [18, 9, 19, 10], [20, 3, 21, 4], [22, 18, 23, 17], [24, 15, 1, 16], [2, 19, 3, 20], [4, 8, 5, 7], [6, 14, 7, 13], [8, 21, 9, 22]]"
12a_0452_33,"[[8, 21, 9, 22], [10, 24, 11, 23], [12, 6, 13, 5], [14, 1, 15, 2], [16, 12, 17, 11], [18, 9, 19, 10], [20, 3, 21, 4], [22, 18, 23, 17], [24, 15, 1, 16], [2, 19, 3, 20], [4, 8, 5, 7], [6, 14, 7, 13]]"
12a_0452_34,"[[6, 14, 7, 13], [8, 21, 9, 22], [10, 24, 11, 23], [12, 6, 13, 5], [14, 1, 15, 2], [16, 12, 17, 11], [18, 9, 19, 10], [20, 3, 21, 4], [22, 18, 23, 17], [24, 15, 1, 16], [2, 19, 3, 20], [4, 8, 5, 7]]"
12a_0452_35,"[[4, 8, 5, 7], [6, 14, 7, 13], [8, 21, 9, 22], [10, 24, 11, 23], [12, 6, 13, 5], [14, 1, 15, 2], [16, 12, 17, 11], [18, 9, 19, 10], [20, 3, 21, 4], [22, 18, 23, 17], [24, 15, 1, 16], [2, 19, 3, 20]]"
12a_0452_36,"[[3, 20, 4, 21], [5, 9, 6, 8], [7, 15, 8, 14], [9, 22, 10, 23], [11, 1, 12, 24], [13, 7, 14, 6], [15, 2, 16, 3], [17, 13, 18, 12], [19, 10, 20, 11], [21, 4, 22, 5], [23, 19, 24, 18], [1, 16, 2, 17]]"
12a_0452_37,"[[1, 16, 2, 17], [3, 20, 4, 21], [5, 9, 6, 8], [7, 15, 8, 14], [9, 22, 10, 23], [11, 1, 12, 24], [13, 7, 14, 6], [15, 2, 16, 3], [17, 13, 18, 12], [19, 10, 20, 11], [21, 4, 22, 5], [23, 19, 24, 18]]"
12a_0452_38,"[[23, 19, 24, 18], [1, 16, 2, 17], [3, 20, 4, 21], [5, 9, 6, 8], [7, 15, 8, 14], [9, 22, 10, 23], [11, 1, 12, 24], [13, 7, 14, 6], [15, 2, 16, 3], [17, 13, 18, 12], [19, 10, 20, 11], [21, 4, 22, 5]]"
12a_0452_39,"[[21, 4, 22, 5], [23, 19, 24, 18], [1, 16, 2, 17], [3, 20, 4, 21], [5, 9, 6, 8], [7, 15, 8, 14], [9, 22, 10, 23], [11, 1, 12, 24], [13, 7, 14, 6], [15, 2, 16, 3], [17, 13, 18, 12], [19, 10, 20, 11]]"
12a_0452_40,"[[19, 10, 20, 11], [21, 4, 22, 5], [23, 19, 24, 18], [1, 16, 2, 17], [3, 20, 4, 21], [5, 9, 6, 8], [7, 15, 8, 14], [9, 22, 10, 23], [11, 1, 12, 24], [13, 7, 14, 6], [15, 2, 16, 3], [17, 13, 18, 12]]"
12a_0452_41,"[[17, 13, 18, 12], [19, 10, 20, 11], [21, 4, 22, 5], [23, 19, 24, 18], [1, 16, 2, 17], [3, 20, 4, 21], [5, 9, 6, 8], [7, 15, 8, 14], [9, 22, 10, 23], [11, 1, 12, 24], [13, 7, 14, 6], [15, 2, 16, 3]]"
12a_0452_42,"[[15, 2, 16, 3], [17, 13, 18, 12], [19, 10, 20, 11], [21, 4, 22, 5], [23, 19, 24, 18], [1, 16, 2, 17], [3, 20, 4, 21], [5, 9, 6, 8], [7, 15, 8, 14], [9, 22, 10, 23], [11, 1, 12, 24], [13, 7, 14, 6]]"
12a_0452_43,"[[13, 7, 14, 6], [15, 2, 16, 3], [17, 13, 18, 12], [19, 10, 20, 11], [21, 4, 22, 5], [23, 19, 24, 18], [1, 16, 2, 17], [3, 20, 4, 21], [5, 9, 6, 8], [7, 15, 8, 14], [9, 22, 10, 23], [11, 1, 12, 24]]"
12a_0452_44,"[[11, 1, 12, 24], [13, 7, 14, 6], [15, 2, 16, 3], [17, 13, 18, 12], [19, 10, 20, 11], [21, 4, 22, 5], [23, 19, 24, 18], [1, 16, 2, 17], [3, 20, 4, 21], [5, 9, 6, 8], [7, 15, 8, 14], [9, 22, 10, 23]]"
12a_0452_45,"[[9, 22, 10, 23], [11, 1, 12, 24], [13, 7, 14, 6], [15, 2, 16, 3], [17, 13, 18, 12], [19, 10, 20, 11], [21, 4, 22, 5], [23, 19, 24, 18], [1, 16, 2, 17], [3, 20, 4, 21], [5, 9, 6, 8], [7, 15, 8, 14]]"
12a_0452_46,"[[7, 15, 8, 14], [9, 22, 10, 23], [11, 1, 12, 24], [13, 7, 14, 6], [15, 2, 16, 3], [17, 13, 18, 12], [19, 10, 20, 11], [21, 4, 22, 5], [23, 19, 24, 18], [1, 16, 2, 17], [3, 20, 4, 21], [5, 9, 6, 8]]"
12a_0452_47,"[[5, 9, 6, 8], [7, 15, 8, 14], [9, 22, 10, 23], [11, 1, 12, 24], [13, 7, 14, 6], [15, 2, 16, 3], [17, 13, 18, 12], [19, 10, 20, 11], [21, 4, 22, 5], [23, 19, 24, 18], [1, 16, 2, 17], [3, 20, 4, 21]]"
12a_0452_48,"[[4, 21, 5, 22], [6, 10, 7, 9], [8, 16, 9, 15], [10, 23, 11, 24], [12, 2, 13, 1], [14, 8, 15, 7], [16, 3, 17, 4], [18, 14, 19, 13], [20, 11, 21, 12], [22, 5, 23, 6], [24, 20, 1, 19], [2, 17, 3, 18]]"
12a_0452_49,"[[2, 17, 3, 18], [4, 21, 5, 22], [6, 10, 7, 9], [8, 16, 9, 15], [10, 23, 11, 24], [12, 2, 13, 1], [14, 8, 15, 7], [16, 3, 17, 4], [18, 14, 19, 13], [20, 11, 21, 12], [22, 5, 23, 6], [24, 20, 1, 19]]"
12a_0452_50,"[[24, 20, 1, 19], [2, 17, 3, 18], [4, 21, 5, 22], [6, 10, 7, 9], [8, 16, 9, 15], [10, 23, 11, 24], [12, 2, 13, 1], [14, 8, 15, 7], [16, 3, 17, 4], [18, 14, 19, 13], [20, 11, 21, 12], [22, 5, 23, 6]]"
12a_0452_51,"[[22, 5, 23, 6], [24, 20, 1, 19], [2, 17, 3, 18], [4, 21, 5, 22], [6, 10, 7, 9], [8, 16, 9, 15], [10, 23, 11, 24], [12, 2, 13, 1], [14, 8, 15, 7], [16, 3, 17, 4], [18, 14, 19, 13], [20, 11, 21, 12]]"
12a_0452_52,"[[20, 11, 21, 12], [22, 5, 23, 6], [24, 20, 1, 19], [2, 17, 3, 18], [4, 21, 5, 22], [6, 10, 7, 9], [8, 16, 9, 15], [10, 23, 11, 24], [12, 2, 13, 1], [14, 8, 15, 7], [16, 3, 17, 4], [18, 14, 19, 13]]"
12a_0452_53,"[[18, 14, 19, 13], [20, 11, 21, 12], [22, 5, 23, 6], [24, 20, 1, 19], [2, 17, 3, 18], [4, 21, 5, 22], [6, 10, 7, 9], [8, 16, 9, 15], [10, 23, 11, 24], [12, 2, 13, 1], [14, 8, 15, 7], [16, 3, 17, 4]]"
12a_0452_54,"[[16, 3, 17, 4], [18, 14, 19, 13], [20, 11, 21, 12], [22, 5, 23, 6], [24, 20, 1, 19], [2, 17, 3, 18], [4, 21, 5, 22], [6, 10, 7, 9], [8, 16, 9, 15], [10, 23, 11, 24], [12, 2, 13, 1], [14, 8, 15, 7]]"
12a_0452_55,"[[14, 8, 15, 7], [16, 3, 17, 4], [18, 14, 19, 13], [20, 11, 21, 12], [22, 5, 23, 6], [24, 20, 1, 19], [2, 17, 3, 18], [4, 21, 5, 22], [6, 10, 7, 9], [8, 16, 9, 15], [10, 23, 11, 24], [12, 2, 13, 1]]"
12a_0452_56,"[[12, 2, 13, 1], [14, 8, 15, 7], [16, 3, 17, 4], [18, 14, 19, 13], [20, 11, 21, 12], [22, 5, 23, 6], [24, 20, 1, 19], [2, 17, 3, 18], [4, 21, 5, 22], [6, 10, 7, 9], [8, 16, 9, 15], [10, 23, 11, 24]]"
12a_0452_57,"[[10, 23, 11, 24], [12, 2, 13, 1], [14, 8, 15, 7], [16, 3, 17, 4], [18, 14, 19, 13], [20, 11, 21, 12], [22, 5, 23, 6], [24, 20, 1, 19], [2, 17, 3, 18], [4, 21, 5, 22], [6, 10, 7, 9], [8, 16, 9, 15]]"
12a_0452_58,"[[8, 16, 9, 15], [10, 23, 11, 24], [12, 2, 13, 1], [14, 8, 15, 7], [16, 3, 17, 4], [18, 14, 19, 13], [20, 11, 21, 12], [22, 5, 23, 6], [24, 20, 1, 19], [2, 17, 3, 18], [4, 21, 5, 22], [6, 10, 7, 9]]"
12a_0452_59,"[[6, 10, 7, 9], [8, 16, 9, 15], [10, 23, 11, 24], [12, 2, 13, 1], [14, 8, 15, 7], [16, 3, 17, 4], [18, 14, 19, 13], [20, 11, 21, 12], [22, 5, 23, 6], [24, 20, 1, 19], [2, 17, 3, 18], [4, 21, 5, 22]]"
12a_0452_60,"[[5, 22, 6, 23], [7, 11, 8, 10], [9, 17, 10, 16], [11, 24, 12, 1], [13, 3, 14, 2], [15, 9, 16, 8], [17, 4, 18, 5], [19, 15, 20, 14], [21, 12, 22, 13], [23, 6, 24, 7], [1, 21, 2, 20], [3, 18, 4, 19]]"
12a_0452_61,"[[3, 18, 4, 19], [5, 22, 6, 23], [7, 11, 8, 10], [9, 17, 10, 16], [11, 24, 12, 1], [13, 3, 14, 2], [15, 9, 16, 8], [17, 4, 18, 5], [19, 15, 20, 14], [21, 12, 22, 13], [23, 6, 24, 7], [1, 21, 2, 20]]"
12a_0452_62,"[[1, 21, 2, 20], [3, 18, 4, 19], [5, 22, 6, 23], [7, 11, 8, 10], [9, 17, 10, 16], [11, 24, 12, 1], [13, 3, 14, 2], [15, 9, 16, 8], [17, 4, 18, 5], [19, 15, 20, 14], [21, 12, 22, 13], [23, 6, 24, 7]]"
12a_0452_63,"[[23, 6, 24, 7], [1, 21, 2, 20], [3, 18, 4, 19], [5, 22, 6, 23], [7, 11, 8, 10], [9, 17, 10, 16], [11, 24, 12, 1], [13, 3, 14, 2], [15, 9, 16, 8], [17, 4, 18, 5], [19, 15, 20, 14], [21, 12, 22, 13]]"
12a_0452_64,"[[21, 12, 22, 13], [23, 6, 24, 7], [1, 21, 2, 20], [3, 18, 4, 19], [5, 22, 6, 23], [7, 11, 8, 10], [9, 17, 10, 16], [11, 24, 12, 1], [13, 3, 14, 2], [15, 9, 16, 8], [17, 4, 18, 5], [19, 15, 20, 14]]"
12a_0452_65,"[[19, 15, 20, 14], [21, 12, 22, 13], [23, 6, 24, 7], [1, 21, 2, 20], [3, 18, 4, 19], [5, 22, 6, 23], [7, 11, 8, 10], [9, 17, 10, 16], [11, 24, 12, 1], [13, 3, 14, 2], [15, 9, 16, 8], [17, 4, 18, 5]]"
12a_0452_66,"[[17, 4, 18, 5], [19, 15, 20, 14], [21, 12, 22, 13], [23, 6, 24, 7], [1, 21, 2, 20], [3, 18, 4, 19], [5, 22, 6, 23], [7, 11, 8, 10], [9, 17, 10, 16], [11, 24, 12, 1], [13, 3, 14, 2], [15, 9, 16, 8]]"
12a_0452_67,"[[15, 9, 16, 8], [17, 4, 18, 5], [19, 15, 20, 14], [21, 12, 22, 13], [23, 6, 24, 7], [1, 21, 2, 20], [3, 18, 4, 19], [5, 22, 6, 23], [7, 11, 8, 10], [9, 17, 10, 16], [11, 24, 12, 1], [13, 3, 14, 2]]"
12a_0452_68,"[[13, 3, 14, 2], [15, 9, 16, 8], [17, 4, 18, 5], [19, 15, 20, 14], [21, 12, 22, 13], [23, 6, 24, 7], [1, 21, 2, 20], [3, 18, 4, 19], [5, 22, 6, 23], [7, 11, 8, 10], [9, 17, 10, 16], [11, 24, 12, 1]]"
12a_0452_69,"[[11, 24, 12, 1], [13, 3, 14, 2], [15, 9, 16, 8], [17, 4, 18, 5], [19, 15, 20, 14], [21, 12, 22, 13], [23, 6, 24, 7], [1, 21, 2, 20], [3, 18, 4, 19], [5, 22, 6, 23], [7, 11, 8, 10], [9, 17, 10, 16]]"
12a_0452_70,"[[9, 17, 10, 16], [11, 24, 12, 1], [13, 3, 14, 2], [15, 9, 16, 8], [17, 4, 18, 5], [19, 15, 20, 14], [21, 12, 22, 13], [23, 6, 24, 7], [1, 21, 2, 20], [3, 18, 4, 19], [5, 22, 6, 23], [7, 11, 8, 10]]"
12a_0452_71,"[[7, 11, 8, 10], [9, 17, 10, 16], [11, 24, 12, 1], [13, 3, 14, 2], [15, 9, 16, 8], [17, 4, 18, 5], [19, 15, 20, 14], [21, 12, 22, 13], [23, 6, 24, 7], [1, 21, 2, 20], [3, 18, 4, 19], [5, 22, 6, 23]]"
12a_0452_72,"[[6, 23, 7, 24], [8, 12, 9, 11], [10, 18, 11, 17], [12, 1, 13, 2], [14, 4, 15, 3], [16, 10, 17, 9], [18, 5, 19, 6], [20, 16, 21, 15], [22, 13, 23, 14], [24, 7, 1, 8], [2, 22, 3, 21], [4, 19, 5, 20]]"
12a_0452_73,"[[4, 19, 5, 20], [6, 23, 7, 24], [8, 12, 9, 11], [10, 18, 11, 17], [12, 1, 13, 2], [14, 4, 15, 3], [16, 10, 17, 9], [18, 5, 19, 6], [20, 16, 21, 15], [22, 13, 23, 14], [24, 7, 1, 8], [2, 22, 3, 21]]"
12a_0452_74,"[[2, 22, 3, 21], [4, 19, 5, 20], [6, 23, 7, 24], [8, 12, 9, 11], [10, 18, 11, 17], [12, 1, 13, 2], [14, 4, 15, 3], [16, 10, 17, 9], [18, 5, 19, 6], [20, 16, 21, 15], [22, 13, 23, 14], [24, 7, 1, 8]]"
12a_0452_75,"[[24, 7, 1, 8], [2, 22, 3, 21], [4, 19, 5, 20], [6, 23, 7, 24], [8, 12, 9, 11], [10, 18, 11, 17], [12, 1, 13, 2], [14, 4, 15, 3], [16, 10, 17, 9], [18, 5, 19, 6], [20, 16, 21, 15], [22, 13, 23, 14]]"
12a_0452_76,"[[22, 13, 23, 14], [24, 7, 1, 8], [2, 22, 3, 21], [4, 19, 5, 20], [6, 23, 7, 24], [8, 12, 9, 11], [10, 18, 11, 17], [12, 1, 13, 2], [14, 4, 15, 3], [16, 10, 17, 9], [18, 5, 19, 6], [20, 16, 21, 15]]"
12a_0452_77,"[[20, 16, 21, 15], [22, 13, 23, 14], [24, 7, 1, 8], [2, 22, 3, 21], [4, 19, 5, 20], [6, 23, 7, 24], [8, 12, 9, 11], [10, 18, 11, 17], [12, 1, 13, 2], [14, 4, 15, 3], [16, 10, 17, 9], [18, 5, 19, 6]]"
12a_0452_78,"[[18, 5, 19, 6], [20, 16, 21, 15], [22, 13, 23, 14], [24, 7, 1, 8], [2, 22, 3, 21], [4, 19, 5, 20], [6, 23, 7, 24], [8, 12, 9, 11], [10, 18, 11, 17], [12, 1, 13, 2], [14, 4, 15, 3], [16, 10, 17, 9]]"
12a_0452_79,"[[16, 10, 17, 9], [18, 5, 19, 6], [20, 16, 21, 15], [22, 13, 23, 14], [24, 7, 1, 8], [2, 22, 3, 21], [4, 19, 5, 20], [6, 23, 7, 24], [8, 12, 9, 11], [10, 18, 11, 17], [12, 1, 13, 2], [14, 4, 15, 3]]"
12a_0452_80,"[[14, 4, 15, 3], [16, 10, 17, 9], [18, 5, 19, 6], [20, 16, 21, 15], [22, 13, 23, 14], [24, 7, 1, 8], [2, 22, 3, 21], [4, 19, 5, 20], [6, 23, 7, 24], [8, 12, 9, 11], [10, 18, 11, 17], [12, 1, 13, 2]]"
12a_0452_81,"[[12, 1, 13, 2], [14, 4, 15, 3], [16, 10, 17, 9], [18, 5, 19, 6], [20, 16, 21, 15], [22, 13, 23, 14], [24, 7, 1, 8], [2, 22, 3, 21], [4, 19, 5, 20], [6, 23, 7, 24], [8, 12, 9, 11], [10, 18, 11, 17]]"
12a_0452_82,"[[10, 18, 11, 17], [12, 1, 13, 2], [14, 4, 15, 3], [16, 10, 17, 9], [18, 5, 19, 6], [20, 16, 21, 15], [22, 13, 23, 14], [24, 7, 1, 8], [2, 22, 3, 21], [4, 19, 5, 20], [6, 23, 7, 24], [8, 12, 9, 11]]"
12a_0452_83,"[[8, 12, 9, 11], [10, 18, 11, 17], [12, 1, 13, 2], [14, 4, 15, 3], [16, 10, 17, 9], [18, 5, 19, 6], [20, 16, 21, 15], [22, 13, 23, 14], [24, 7, 1, 8], [2, 22, 3, 21], [4, 19, 5, 20], [6, 23, 7, 24]]"
12a_0452_84,"[[7, 24, 8, 1], [9, 13, 10, 12], [11, 19, 12, 18], [13, 2, 14, 3], [15, 5, 16, 4], [17, 11, 18, 10], [19, 6, 20, 7], [21, 17, 22, 16], [23, 14, 24, 15], [1, 8, 2, 9], [3, 23, 4, 22], [5, 20, 6, 21]]"
12a_0452_85,"[[5, 20, 6, 21], [7, 24, 8, 1], [9, 13, 10, 12], [11, 19, 12, 18], [13, 2, 14, 3], [15, 5, 16, 4], [17, 11, 18, 10], [19, 6, 20, 7], [21, 17, 22, 16], [23, 14, 24, 15], [1, 8, 2, 9], [3, 23, 4, 22]]"
12a_0452_86,"[[3, 23, 4, 22], [5, 20, 6, 21], [7, 24, 8, 1], [9, 13, 10, 12], [11, 19, 12, 18], [13, 2, 14, 3], [15, 5, 16, 4], [17, 11, 18, 10], [19, 6, 20, 7], [21, 17, 22, 16], [23, 14, 24, 15], [1, 8, 2, 9]]"
12a_0452_87,"[[1, 8, 2, 9], [3, 23, 4, 22], [5, 20, 6, 21], [7, 24, 8, 1], [9, 13, 10, 12], [11, 19, 12, 18], [13, 2, 14, 3], [15, 5, 16, 4], [17, 11, 18, 10], [19, 6, 20, 7], [21, 17, 22, 16], [23, 14, 24, 15]]"
12a_0452_88,"[[23, 14, 24, 15], [1, 8, 2, 9], [3, 23, 4, 22], [5, 20, 6, 21], [7, 24, 8, 1], [9, 13, 10, 12], [11, 19, 12, 18], [13, 2, 14, 3], [15, 5, 16, 4], [17, 11, 18, 10], [19, 6, 20, 7], [21, 17, 22, 16]]"
12a_0452_89,"[[21, 17, 22, 16], [23, 14, 24, 15], [1, 8, 2, 9], [3, 23, 4, 22], [5, 20, 6, 21], [7, 24, 8, 1], [9, 13, 10, 12], [11, 19, 12, 18], [13, 2, 14, 3], [15, 5, 16, 4], [17, 11, 18, 10], [19, 6, 20, 7]]"
12a_0452_90,"[[19, 6, 20, 7], [21, 17, 22, 16], [23, 14, 24, 15], [1, 8, 2, 9], [3, 23, 4, 22], [5, 20, 6, 21], [7, 24, 8, 1], [9, 13, 10, 12], [11, 19, 12, 18], [13, 2, 14, 3], [15, 5, 16, 4], [17, 11, 18, 10]]"
12a_0452_91,"[[17, 11, 18, 10], [19, 6, 20, 7], [21, 17, 22, 16], [23, 14, 24, 15], [1, 8, 2, 9], [3, 23, 4, 22], [5, 20, 6, 21], [7, 24, 8, 1], [9, 13, 10, 12], [11, 19, 12, 18], [13, 2, 14, 3], [15, 5, 16, 4]]"
12a_0452_92,"[[15, 5, 16, 4], [17, 11, 18, 10], [19, 6, 20, 7], [21, 17, 22, 16], [23, 14, 24, 15], [1, 8, 2, 9], [3, 23, 4, 22], [5, 20, 6, 21], [7, 24, 8, 1], [9, 13, 10, 12], [11, 19, 12, 18], [13, 2, 14, 3]]"
12a_0452_93,"[[13, 2, 14, 3], [15, 5, 16, 4], [17, 11, 18, 10], [19, 6, 20, 7], [21, 17, 22, 16], [23, 14, 24, 15], [1, 8, 2, 9], [3, 23, 4, 22], [5, 20, 6, 21], [7, 24, 8, 1], [9, 13, 10, 12], [11, 19, 12, 18]]"
12a_0452_94,"[[11, 19, 12, 18], [13, 2, 14, 3], [15, 5, 16, 4], [17, 11, 18, 10], [19, 6, 20, 7], [21, 17, 22, 16], [23, 14, 24, 15], [1, 8, 2, 9], [3, 23, 4, 22], [5, 20, 6, 21], [7, 24, 8, 1], [9, 13, 10, 12]]"
12a_0452_95,"[[9, 13, 10, 12], [11, 19, 12, 18], [13, 2, 14, 3], [15, 5, 16, 4], [17, 11, 18, 10], [19, 6, 20, 7], [21, 17, 22, 16], [23, 14, 24, 15], [1, 8, 2, 9], [3, 23, 4, 22], [5, 20, 6, 21], [7, 24, 8, 1]]"
12a_0452_96,"[[8, 1, 9, 2], [10, 14, 11, 13], [12, 20, 13, 19], [14, 3, 15, 4], [16, 6, 17, 5], [18, 12, 19, 11], [20, 7, 21, 8], [22, 18, 23, 17], [24, 15, 1, 16], [2, 9, 3, 10], [4, 24, 5, 23], [6, 21, 7, 22]]"
12a_0452_97,"[[6, 21, 7, 22], [8, 1, 9, 2], [10, 14, 11, 13], [12, 20, 13, 19], [14, 3, 15, 4], [16, 6, 17, 5], [18, 12, 19, 11], [20, 7, 21, 8], [22, 18, 23, 17], [24, 15, 1, 16], [2, 9, 3, 10], [4, 24, 5, 23]]"
12a_0452_98,"[[4, 24, 5, 23], [6, 21, 7, 22], [8, 1, 9, 2], [10, 14, 11, 13], [12, 20, 13, 19], [14, 3, 15, 4], [16, 6, 17, 5], [18, 12, 19, 11], [20, 7, 21, 8], [22, 18, 23, 17], [24, 15, 1, 16], [2, 9, 3, 10]]"
12a_0452_99,"[[2, 9, 3, 10], [4, 24, 5, 23], [6, 21, 7, 22], [8, 1, 9, 2], [10, 14, 11, 13], [12, 20, 13, 19], [14, 3, 15, 4], [16, 6, 17, 5], [18, 12, 19, 11], [20, 7, 21, 8], [22, 18, 23, 17], [24, 15, 1, 16]]"
12a_0452_100,"[[24, 15, 1, 16], [2, 9, 3, 10], [4, 24, 5, 23], [6, 21, 7, 22], [8, 1, 9, 2], [10, 14, 11, 13], [12, 20, 13, 19], [14, 3, 15, 4], [16, 6, 17, 5], [18, 12, 19, 11], [20, 7, 21, 8], [22, 18, 23, 17]]"
12a_0452_101,"[[22, 18, 23, 17], [24, 15, 1, 16], [2, 9, 3, 10], [4, 24, 5, 23], [6, 21, 7, 22], [8, 1, 9, 2], [10, 14, 11, 13], [12, 20, 13, 19], [14, 3, 15, 4], [16, 6, 17, 5], [18, 12, 19, 11], [20, 7, 21, 8]]"
12a_0452_102,"[[20, 7, 21, 8], [22, 18, 23, 17], [24, 15, 1, 16], [2, 9, 3, 10], [4, 24, 5, 23], [6, 21, 7, 22], [8, 1, 9, 2], [10, 14, 11, 13], [12, 20, 13, 19], [14, 3, 15, 4], [16, 6, 17, 5], [18, 12, 19, 11]]"
12a_0452_103,"[[18, 12, 19, 11], [20, 7, 21, 8], [22, 18, 23, 17], [24, 15, 1, 16], [2, 9, 3, 10], [4, 24, 5, 23], [6, 21, 7, 22], [8, 1, 9, 2], [10, 14, 11, 13], [12, 20, 13, 19], [14, 3, 15, 4], [16, 6, 17, 5]]"
12a_0452_104,"[[16, 6, 17, 5], [18, 12, 19, 11], [20, 7, 21, 8], [22, 18, 23, 17], [24, 15, 1, 16], [2, 9, 3, 10], [4, 24, 5, 23], [6, 21, 7, 22], [8, 1, 9, 2], [10, 14, 11, 13], [12, 20, 13, 19], [14, 3, 15, 4]]"
12a_0452_105,"[[14, 3, 15, 4], [16, 6, 17, 5], [18, 12, 19, 11], [20, 7, 21, 8], [22, 18, 23, 17], [24, 15, 1, 16], [2, 9, 3, 10], [4, 24, 5, 23], [6, 21, 7, 22], [8, 1, 9, 2], [10, 14, 11, 13], [12, 20, 13, 19]]"
12a_0452_106,"[[12, 20, 13, 19], [14, 3, 15, 4], [16, 6, 17, 5], [18, 12, 19, 11], [20, 7, 21, 8], [22, 18, 23, 17], [24, 15, 1, 16], [2, 9, 3, 10], [4, 24, 5, 23], [6, 21, 7, 22], [8, 1, 9, 2], [10, 14, 11, 13]]"
12a_0452_107,"[[10, 14, 11, 13], [12, 20, 13, 19], [14, 3, 15, 4], [16, 6, 17, 5], [18, 12, 19, 11], [20, 7, 21, 8], [22, 18, 23, 17], [24, 15, 1, 16], [2, 9, 3, 10], [4, 24, 5, 23], [6, 21, 7, 22], [8, 1, 9, 2]]"
12a_0452_108,"[[9, 2, 10, 3], [11, 15, 12, 14], [13, 21, 14, 20], [15, 4, 16, 5], [17, 7, 18, 6], [19, 13, 20, 12], [21, 8, 22, 9], [23, 19, 24, 18], [1, 16, 2, 17], [3, 10, 4, 11], [5, 1, 6, 24], [7, 22, 8, 23]]"
12a_0452_109,"[[7, 22, 8, 23], [9, 2, 10, 3], [11, 15, 12, 14], [13, 21, 14, 20], [15, 4, 16, 5], [17, 7, 18, 6], [19, 13, 20, 12], [21, 8, 22, 9], [23, 19, 24, 18], [1, 16, 2, 17], [3, 10, 4, 11], [5, 1, 6, 24]]"
12a_0452_110,"[[5, 1, 6, 24], [7, 22, 8, 23], [9, 2, 10, 3], [11, 15, 12, 14], [13, 21, 14, 20], [15, 4, 16, 5], [17, 7, 18, 6], [19, 13, 20, 12], [21, 8, 22, 9], [23, 19, 24, 18], [1, 16, 2, 17], [3, 10, 4, 11]]"
12a_0452_111,"[[3, 10, 4, 11], [5, 1, 6, 24], [7, 22, 8, 23], [9, 2, 10, 3], [11, 15, 12, 14], [13, 21, 14, 20], [15, 4, 16, 5], [17, 7, 18, 6], [19, 13, 20, 12], [21, 8, 22, 9], [23, 19, 24, 18], [1, 16, 2, 17]]"
12a_0452_112,"[[1, 16, 2, 17], [3, 10, 4, 11], [5, 1, 6, 24], [7, 22, 8, 23], [9, 2, 10, 3], [11, 15, 12, 14], [13, 21, 14, 20], [15, 4, 16, 5], [17, 7, 18, 6], [19, 13, 20, 12], [21, 8, 22, 9], [23, 19, 24, 18]]"
12a_0452_113,"[[23, 19, 24, 18], [1, 16, 2, 17], [3, 10, 4, 11], [5, 1, 6, 24], [7, 22, 8, 23], [9, 2, 10, 3], [11, 15, 12, 14], [13, 21, 14, 20], [15, 4, 16, 5], [17, 7, 18, 6], [19, 13, 20, 12], [21, 8, 22, 9]]"
12a_0452_114,"[[21, 8, 22, 9], [23, 19, 24, 18], [1, 16, 2, 17], [3, 10, 4, 11], [5, 1, 6, 24], [7, 22, 8, 23], [9, 2, 10, 3], [11, 15, 12, 14], [13, 21, 14, 20], [15, 4, 16, 5], [17, 7, 18, 6], [19, 13, 20, 12]]"
12a_0452_115,"[[19, 13, 20, 12], [21, 8, 22, 9], [23, 19, 24, 18], [1, 16, 2, 17], [3, 10, 4, 11], [5, 1, 6, 24], [7, 22, 8, 23], [9, 2, 10, 3], [11, 15, 12, 14], [13, 21, 14, 20], [15, 4, 16, 5], [17, 7, 18, 6]]"
12a_0452_116,"[[17, 7, 18, 6], [19, 13, 20, 12], [21, 8, 22, 9], [23, 19, 24, 18], [1, 16, 2, 17], [3, 10, 4, 11], [5, 1, 6, 24], [7, 22, 8, 23], [9, 2, 10, 3], [11, 15, 12, 14], [13, 21, 14, 20], [15, 4, 16, 5]]"
12a_0452_117,"[[15, 4, 16, 5], [17, 7, 18, 6], [19, 13, 20, 12], [21, 8, 22, 9], [23, 19, 24, 18], [1, 16, 2, 17], [3, 10, 4, 11], [5, 1, 6, 24], [7, 22, 8, 23], [9, 2, 10, 3], [11, 15, 12, 14], [13, 21, 14, 20]]"
12a_0452_118,"[[13, 21, 14, 20], [15, 4, 16, 5], [17, 7, 18, 6], [19, 13, 20, 12], [21, 8, 22, 9], [23, 19, 24, 18], [1, 16, 2, 17], [3, 10, 4, 11], [5, 1, 6, 24], [7, 22, 8, 23], [9, 2, 10, 3], [11, 15, 12, 14]]"
12a_0452_119,"[[11, 15, 12, 14], [13, 21, 14, 20], [15, 4, 16, 5], [17, 7, 18, 6], [19, 13, 20, 12], [21, 8, 22, 9], [23, 19, 24, 18], [1, 16, 2, 17], [3, 10, 4, 11], [5, 1, 6, 24], [7, 22, 8, 23], [9, 2, 10, 3]]"
12a_0452_120,"[[10, 3, 11, 4], [12, 16, 13, 15], [14, 22, 15, 21], [16, 5, 17, 6], [18, 8, 19, 7], [20, 14, 21, 13], [22, 9, 23, 10], [24, 20, 1, 19], [2, 17, 3, 18], [4, 11, 5, 12], [6, 2, 7, 1], [8, 23, 9, 24]]"
12a_0452_121,"[[8, 23, 9, 24], [10, 3, 11, 4], [12, 16, 13, 15], [14, 22, 15, 21], [16, 5, 17, 6], [18, 8, 19, 7], [20, 14, 21, 13], [22, 9, 23, 10], [24, 20, 1, 19], [2, 17, 3, 18], [4, 11, 5, 12], [6, 2, 7, 1]]"
12a_0452_122,"[[6, 2, 7, 1], [8, 23, 9, 24], [10, 3, 11, 4], [12, 16, 13, 15], [14, 22, 15, 21], [16, 5, 17, 6], [18, 8, 19, 7], [20, 14, 21, 13], [22, 9, 23, 10], [24, 20, 1, 19], [2, 17, 3, 18], [4, 11, 5, 12]]"
12a_0452_123,"[[4, 11, 5, 12], [6, 2, 7, 1], [8, 23, 9, 24], [10, 3, 11, 4], [12, 16, 13, 15], [14, 22, 15, 21], [16, 5, 17, 6], [18, 8, 19, 7], [20, 14, 21, 13], [22, 9, 23, 10], [24, 20, 1, 19], [2, 17, 3, 18]]"
12a_0452_124,"[[2, 17, 3, 18], [4, 11, 5, 12], [6, 2, 7, 1], [8, 23, 9, 24], [10, 3, 11, 4], [12, 16, 13, 15], [14, 22, 15, 21], [16, 5, 17, 6], [18, 8, 19, 7], [20, 14, 21, 13], [22, 9, 23, 10], [24, 20, 1, 19]]"
12a_0452_125,"[[24, 20, 1, 19], [2, 17, 3, 18], [4, 11, 5, 12], [6, 2, 7, 1], [8, 23, 9, 24], [10, 3, 11, 4], [12, 16, 13, 15], [14, 22, 15, 21], [16, 5, 17, 6], [18, 8, 19, 7], [20, 14, 21, 13], [22, 9, 23, 10]]"
12a_0452_126,"[[22, 9, 23, 10], [24, 20, 1, 19], [2, 17, 3, 18], [4, 11, 5, 12], [6, 2, 7, 1], [8, 23, 9, 24], [10, 3, 11, 4], [12, 16, 13, 15], [14, 22, 15, 21], [16, 5, 17, 6], [18, 8, 19, 7], [20, 14, 21, 13]]"
12a_0452_127,"[[20, 14, 21, 13], [22, 9, 23, 10], [24, 20, 1, 19], [2, 17, 3, 18], [4, 11, 5, 12], [6, 2, 7, 1], [8, 23, 9, 24], [10, 3, 11, 4], [12, 16, 13, 15], [14, 22, 15, 21], [16, 5, 17, 6], [18, 8, 19, 7]]"
12a_0452_128,"[[18, 8, 19, 7], [20, 14, 21, 13], [22, 9, 23, 10], [24, 20, 1, 19], [2, 17, 3, 18], [4, 11, 5, 12], [6, 2, 7, 1], [8, 23, 9, 24], [10, 3, 11, 4], [12, 16, 13, 15], [14, 22, 15, 21], [16, 5, 17, 6]]"
12a_0452_129,"[[16, 5, 17, 6], [18, 8, 19, 7], [20, 14, 21, 13], [22, 9, 23, 10], [24, 20, 1, 19], [2, 17, 3, 18], [4, 11, 5, 12], [6, 2, 7, 1], [8, 23, 9, 24], [10, 3, 11, 4], [12, 16, 13, 15], [14, 22, 15, 21]]"
12a_0452_130,"[[14, 22, 15, 21], [16, 5, 17, 6], [18, 8, 19, 7], [20, 14, 21, 13], [22, 9, 23, 10], [24, 20, 1, 19], [2, 17, 3, 18], [4, 11, 5, 12], [6, 2, 7, 1], [8, 23, 9, 24], [10, 3, 11, 4], [12, 16, 13, 15]]"
12a_0452_131,"[[12, 16, 13, 15], [14, 22, 15, 21], [16, 5, 17, 6], [18, 8, 19, 7], [20, 14, 21, 13], [22, 9, 23, 10], [24, 20, 1, 19], [2, 17, 3, 18], [4, 11, 5, 12], [6, 2, 7, 1], [8, 23, 9, 24], [10, 3, 11, 4]]"
12a_0452_132,"[[11, 4, 12, 5], [13, 17, 14, 16], [15, 23, 16, 22], [17, 6, 18, 7], [19, 9, 20, 8], [21, 15, 22, 14], [23, 10, 24, 11], [1, 21, 2, 20], [3, 18, 4, 19], [5, 12, 6, 13], [7, 3, 8, 2], [9, 24, 10, 1]]"
12a_0452_133,"[[9, 24, 10, 1], [11, 4, 12, 5], [13, 17, 14, 16], [15, 23, 16, 22], [17, 6, 18, 7], [19, 9, 20, 8], [21, 15, 22, 14], [23, 10, 24, 11], [1, 21, 2, 20], [3, 18, 4, 19], [5, 12, 6, 13], [7, 3, 8, 2]]"
12a_0452_134,"[[7, 3, 8, 2], [9, 24, 10, 1], [11, 4, 12, 5], [13, 17, 14, 16], [15, 23, 16, 22], [17, 6, 18, 7], [19, 9, 20, 8], [21, 15, 22, 14], [23, 10, 24, 11], [1, 21, 2, 20], [3, 18, 4, 19], [5, 12, 6, 13]]"
12a_0452_135,"[[5, 12, 6, 13], [7, 3, 8, 2], [9, 24, 10, 1], [11, 4, 12, 5], [13, 17, 14, 16], [15, 23, 16, 22], [17, 6, 18, 7], [19, 9, 20, 8], [21, 15, 22, 14], [23, 10, 24, 11], [1, 21, 2, 20], [3, 18, 4, 19]]"
12a_0452_136,"[[3, 18, 4, 19], [5, 12, 6, 13], [7, 3, 8, 2], [9, 24, 10, 1], [11, 4, 12, 5], [13, 17, 14, 16], [15, 23, 16, 22], [17, 6, 18, 7], [19, 9, 20, 8], [21, 15, 22, 14], [23, 10, 24, 11], [1, 21, 2, 20]]"
12a_0452_137,"[[1, 21, 2, 20], [3, 18, 4, 19], [5, 12, 6, 13], [7, 3, 8, 2], [9, 24, 10, 1], [11, 4, 12, 5], [13, 17, 14, 16], [15, 23, 16, 22], [17, 6, 18, 7], [19, 9, 20, 8], [21, 15, 22, 14], [23, 10, 24, 11]]"
12a_0452_138,"[[23, 10, 24, 11], [1, 21, 2, 20], [3, 18, 4, 19], [5, 12, 6, 13], [7, 3, 8, 2], [9, 24, 10, 1], [11, 4, 12, 5], [13, 17, 14, 16], [15, 23, 16, 22], [17, 6, 18, 7], [19, 9, 20, 8], [21, 15, 22, 14]]"
12a_0452_139,"[[21, 15, 22, 14], [23, 10, 24, 11], [1, 21, 2, 20], [3, 18, 4, 19], [5, 12, 6, 13], [7, 3, 8, 2], [9, 24, 10, 1], [11, 4, 12, 5], [13, 17, 14, 16], [15, 23, 16, 22], [17, 6, 18, 7], [19, 9, 20, 8]]"
12a_0452_140,"[[19, 9, 20, 8], [21, 15, 22, 14], [23, 10, 24, 11], [1, 21, 2, 20], [3, 18, 4, 19], [5, 12, 6, 13], [7, 3, 8, 2], [9, 24, 10, 1], [11, 4, 12, 5], [13, 17, 14, 16], [15, 23, 16, 22], [17, 6, 18, 7]]"
12a_0452_141,"[[17, 6, 18, 7], [19, 9, 20, 8], [21, 15, 22, 14], [23, 10, 24, 11], [1, 21, 2, 20], [3, 18, 4, 19], [5, 12, 6, 13], [7, 3, 8, 2], [9, 24, 10, 1], [11, 4, 12, 5], [13, 17, 14, 16], [15, 23, 16, 22]]"
12a_0452_142,"[[15, 23, 16, 22], [17, 6, 18, 7], [19, 9, 20, 8], [21, 15, 22, 14], [23, 10, 24, 11], [1, 21, 2, 20], [3, 18, 4, 19], [5, 12, 6, 13], [7, 3, 8, 2], [9, 24, 10, 1], [11, 4, 12, 5], [13, 17, 14, 16]]"
12a_0452_143,"[[13, 17, 14, 16], [15, 23, 16, 22], [17, 6, 18, 7], [19, 9, 20, 8], [21, 15, 22, 14], [23, 10, 24, 11], [1, 21, 2, 20], [3, 18, 4, 19], [5, 12, 6, 13], [7, 3, 8, 2], [9, 24, 10, 1], [11, 4, 12, 5]]"
12a_0452_144,"[[12, 5, 13, 6], [14, 18, 15, 17], [16, 24, 17, 23], [18, 7, 19, 8], [20, 10, 21, 9], [22, 16, 23, 15], [24, 11, 1, 12], [2, 22, 3, 21], [4, 19, 5, 20], [6, 13, 7, 14], [8, 4, 9, 3], [10, 1, 11, 2]]"
12a_0452_145,"[[10, 1, 11, 2], [12, 5, 13, 6], [14, 18, 15, 17], [16, 24, 17, 23], [18, 7, 19, 8], [20, 10, 21, 9], [22, 16, 23, 15], [24, 11, 1, 12], [2, 22, 3, 21], [4, 19, 5, 20], [6, 13, 7, 14], [8, 4, 9, 3]]"
12a_0452_146,"[[8, 4, 9, 3], [10, 1, 11, 2], [12, 5, 13, 6], [14, 18, 15, 17], [16, 24, 17, 23], [18, 7, 19, 8], [20, 10, 21, 9], [22, 16, 23, 15], [24, 11, 1, 12], [2, 22, 3, 21], [4, 19, 5, 20], [6, 13, 7, 14]]"
12a_0452_147,"[[6, 13, 7, 14], [8, 4, 9, 3], [10, 1, 11, 2], [12, 5, 13, 6], [14, 18, 15, 17], [16, 24, 17, 23], [18, 7, 19, 8], [20, 10, 21, 9], [22, 16, 23, 15], [24, 11, 1, 12], [2, 22, 3, 21], [4, 19, 5, 20]]"
12a_0452_148,"[[4, 19, 5, 20], [6, 13, 7, 14], [8, 4, 9, 3], [10, 1, 11, 2], [12, 5, 13, 6], [14, 18, 15, 17], [16, 24, 17, 23], [18, 7, 19, 8], [20, 10, 21, 9], [22, 16, 23, 15], [24, 11, 1, 12], [2, 22, 3, 21]]"
12a_0452_149,"[[2, 22, 3, 21], [4, 19, 5, 20], [6, 13, 7, 14], [8, 4, 9, 3], [10, 1, 11, 2], [12, 5, 13, 6], [14, 18, 15, 17], [16, 24, 17, 23], [18, 7, 19, 8], [20, 10, 21, 9], [22, 16, 23, 15], [24, 11, 1, 12]]"
12a_0452_150,"[[24, 11, 1, 12], [2, 22, 3, 21], [4, 19, 5, 20], [6, 13, 7, 14], [8, 4, 9, 3], [10, 1, 11, 2], [12, 5, 13, 6], [14, 18, 15, 17], [16, 24, 17, 23], [18, 7, 19, 8], [20, 10, 21, 9], [22, 16, 23, 15]]"
12a_0452_151,"[[22, 16, 23, 15], [24, 11, 1, 12], [2, 22, 3, 21], [4, 19, 5, 20], [6, 13, 7, 14], [8, 4, 9, 3], [10, 1, 11, 2], [12, 5, 13, 6], [14, 18, 15, 17], [16, 24, 17, 23], [18, 7, 19, 8], [20, 10, 21, 9]]"
12a_0452_152,"[[20, 10, 21, 9], [22, 16, 23, 15], [24, 11, 1, 12], [2, 22, 3, 21], [4, 19, 5, 20], [6, 13, 7, 14], [8, 4, 9, 3], [10, 1, 11, 2], [12, 5, 13, 6], [14, 18, 15, 17], [16, 24, 17, 23], [18, 7, 19, 8]]"
12a_0452_153,"[[18, 7, 19, 8], [20, 10, 21, 9], [22, 16, 23, 15], [24, 11, 1, 12], [2, 22, 3, 21], [4, 19, 5, 20], [6, 13, 7, 14], [8, 4, 9, 3], [10, 1, 11, 2], [12, 5, 13, 6], [14, 18, 15, 17], [16, 24, 17, 23]]"
12a_0452_154,"[[16, 24, 17, 23], [18, 7, 19, 8], [20, 10, 21, 9], [22, 16, 23, 15], [24, 11, 1, 12], [2, 22, 3, 21], [4, 19, 5, 20], [6, 13, 7, 14], [8, 4, 9, 3], [10, 1, 11, 2], [12, 5, 13, 6], [14, 18, 15, 17]]"
12a_0452_155,"[[14, 18, 15, 17], [16, 24, 17, 23], [18, 7, 19, 8], [20, 10, 21, 9], [22, 16, 23, 15], [24, 11, 1, 12], [2, 22, 3, 21], [4, 19, 5, 20], [6, 13, 7, 14], [8, 4, 9, 3], [10, 1, 11, 2], [12, 5, 13, 6]]"
12a_0452_156,"[[13, 6, 14, 7], [15, 19, 16, 18], [17, 1, 18, 24], [19, 8, 20, 9], [21, 11, 22, 10], [23, 17, 24, 16], [1, 12, 2, 13], [3, 23, 4, 22], [5, 20, 6, 21], [7, 14, 8, 15], [9, 5, 10, 4], [11, 2, 12, 3]]"
12a_0452_157,"[[11, 2, 12, 3], [13, 6, 14, 7], [15, 19, 16, 18], [17, 1, 18, 24], [19, 8, 20, 9], [21, 11, 22, 10], [23, 17, 24, 16], [1, 12, 2, 13], [3, 23, 4, 22], [5, 20, 6, 21], [7, 14, 8, 15], [9, 5, 10, 4]]"
12a_0452_158,"[[9, 5, 10, 4], [11, 2, 12, 3], [13, 6, 14, 7], [15, 19, 16, 18], [17, 1, 18, 24], [19, 8, 20, 9], [21, 11, 22, 10], [23, 17, 24, 16], [1, 12, 2, 13], [3, 23, 4, 22], [5, 20, 6, 21], [7, 14, 8, 15]]"
12a_0452_159,"[[7, 14, 8, 15], [9, 5, 10, 4], [11, 2, 12, 3], [13, 6, 14, 7], [15, 19, 16, 18], [17, 1, 18, 24], [19, 8, 20, 9], [21, 11, 22, 10], [23, 17, 24, 16], [1, 12, 2, 13], [3, 23, 4, 22], [5, 20, 6, 21]]"
12a_0452_160,"[[5, 20, 6, 21], [7, 14, 8, 15], [9, 5, 10, 4], [11, 2, 12, 3], [13, 6, 14, 7], [15, 19, 16, 18], [17, 1, 18, 24], [19, 8, 20, 9], [21, 11, 22, 10], [23, 17, 24, 16], [1, 12, 2, 13], [3, 23, 4, 22]]"
12a_0452_161,"[[3, 23, 4, 22], [5, 20, 6, 21], [7, 14, 8, 15], [9, 5, 10, 4], [11, 2, 12, 3], [13, 6, 14, 7], [15, 19, 16, 18], [17, 1, 18, 24], [19, 8, 20, 9], [21, 11, 22, 10], [23, 17, 24, 16], [1, 12, 2, 13]]"
12a_0452_162,"[[1, 12, 2, 13], [3, 23, 4, 22], [5, 20, 6, 21], [7, 14, 8, 15], [9, 5, 10, 4], [11, 2, 12, 3], [13, 6, 14, 7], [15, 19, 16, 18], [17, 1, 18, 24], [19, 8, 20, 9], [21, 11, 22, 10], [23, 17, 24, 16]]"
12a_0452_163,"[[23, 17, 24, 16], [1, 12, 2, 13], [3, 23, 4, 22], [5, 20, 6, 21], [7, 14, 8, 15], [9, 5, 10, 4], [11, 2, 12, 3], [13, 6, 14, 7], [15, 19, 16, 18], [17, 1, 18, 24], [19, 8, 20, 9], [21, 11, 22, 10]]"
12a_0452_164,"[[21, 11, 22, 10], [23, 17, 24, 16], [1, 12, 2, 13], [3, 23, 4, 22], [5, 20, 6, 21], [7, 14, 8, 15], [9, 5, 10, 4], [11, 2, 12, 3], [13, 6, 14, 7], [15, 19, 16, 18], [17, 1, 18, 24], [19, 8, 20, 9]]"
12a_0452_165,"[[19, 8, 20, 9], [21, 11, 22, 10], [23, 17, 24, 16], [1, 12, 2, 13], [3, 23, 4, 22], [5, 20, 6, 21], [7, 14, 8, 15], [9, 5, 10, 4], [11, 2, 12, 3], [13, 6, 14, 7], [15, 19, 16, 18], [17, 1, 18, 24]]"
12a_0452_166,"[[17, 1, 18, 24], [19, 8, 20, 9], [21, 11, 22, 10], [23, 17, 24, 16], [1, 12, 2, 13], [3, 23, 4, 22], [5, 20, 6, 21], [7, 14, 8, 15], [9, 5, 10, 4], [11, 2, 12, 3], [13, 6, 14, 7], [15, 19, 16, 18]]"
12a_0452_167,"[[15, 19, 16, 18], [17, 1, 18, 24], [19, 8, 20, 9], [21, 11, 22, 10], [23, 17, 24, 16], [1, 12, 2, 13], [3, 23, 4, 22], [5, 20, 6, 21], [7, 14, 8, 15], [9, 5, 10, 4], [11, 2, 12, 3], [13, 6, 14, 7]]"
12a_0452_168,"[[14, 7, 15, 8], [16, 20, 17, 19], [18, 2, 19, 1], [20, 9, 21, 10], [22, 12, 23, 11], [24, 18, 1, 17], [2, 13, 3, 14], [4, 24, 5, 23], [6, 21, 7, 22], [8, 15, 9, 16], [10, 6, 11, 5], [12, 3, 13, 4]]"
12a_0452_169,"[[12, 3, 13, 4], [14, 7, 15, 8], [16, 20, 17, 19], [18, 2, 19, 1], [20, 9, 21, 10], [22, 12, 23, 11], [24, 18, 1, 17], [2, 13, 3, 14], [4, 24, 5, 23], [6, 21, 7, 22], [8, 15, 9, 16], [10, 6, 11, 5]]"
12a_0452_170,"[[10, 6, 11, 5], [12, 3, 13, 4], [14, 7, 15, 8], [16, 20, 17, 19], [18, 2, 19, 1], [20, 9, 21, 10], [22, 12, 23, 11], [24, 18, 1, 17], [2, 13, 3, 14], [4, 24, 5, 23], [6, 21, 7, 22], [8, 15, 9, 16]]"
12a_0452_171,"[[8, 15, 9, 16], [10, 6, 11, 5], [12, 3, 13, 4], [14, 7, 15, 8], [16, 20, 17, 19], [18, 2, 19, 1], [20, 9, 21, 10], [22, 12, 23, 11], [24, 18, 1, 17], [2, 13, 3, 14], [4, 24, 5, 23], [6, 21, 7, 22]]"
12a_0452_172,"[[6, 21, 7, 22], [8, 15, 9, 16], [10, 6, 11, 5], [12, 3, 13, 4], [14, 7, 15, 8], [16, 20, 17, 19], [18, 2, 19, 1], [20, 9, 21, 10], [22, 12, 23, 11], [24, 18, 1, 17], [2, 13, 3, 14], [4, 24, 5, 23]]"
12a_0452_173,"[[4, 24, 5, 23], [6, 21, 7, 22], [8, 15, 9, 16], [10, 6, 11, 5], [12, 3, 13, 4], [14, 7, 15, 8], [16, 20, 17, 19], [18, 2, 19, 1], [20, 9, 21, 10], [22, 12, 23, 11], [24, 18, 1, 17], [2, 13, 3, 14]]"
12a_0452_174,"[[2, 13, 3, 14], [4, 24, 5, 23], [6, 21, 7, 22], [8, 15, 9, 16], [10, 6, 11, 5], [12, 3, 13, 4], [14, 7, 15, 8], [16, 20, 17, 19], [18, 2, 19, 1], [20, 9, 21, 10], [22, 12, 23, 11], [24, 18, 1, 17]]"
12a_0452_175,"[[24, 18, 1, 17], [2, 13, 3, 14], [4, 24, 5, 23], [6, 21, 7, 22], [8, 15, 9, 16], [10, 6, 11, 5], [12, 3, 13, 4], [14, 7, 15, 8], [16, 20, 17, 19], [18, 2, 19, 1], [20, 9, 21, 10], [22, 12, 23, 11]]"
12a_0452_176,"[[22, 12, 23, 11], [24, 18, 1, 17], [2, 13, 3, 14], [4, 24, 5, 23], [6, 21, 7, 22], [8, 15, 9, 16], [10, 6, 11, 5], [12, 3, 13, 4], [14, 7, 15, 8], [16, 20, 17, 19], [18, 2, 19, 1], [20, 9, 21, 10]]"
12a_0452_177,"[[20, 9, 21, 10], [22, 12, 23, 11], [24, 18, 1, 17], [2, 13, 3, 14], [4, 24, 5, 23], [6, 21, 7, 22], [8, 15, 9, 16], [10, 6, 11, 5], [12, 3, 13, 4], [14, 7, 15, 8], [16, 20, 17, 19], [18, 2, 19, 1]]"
12a_0452_178,"[[18, 2, 19, 1], [20, 9, 21, 10], [22, 12, 23, 11], [24, 18, 1, 17], [2, 13, 3, 14], [4, 24, 5, 23], [6, 21, 7, 22], [8, 15, 9, 16], [10, 6, 11, 5], [12, 3, 13, 4], [14, 7, 15, 8], [16, 20, 17, 19]]"
12a_0452_179,"[[16, 20, 17, 19], [18, 2, 19, 1], [20, 9, 21, 10], [22, 12, 23, 11], [24, 18, 1, 17], [2, 13, 3, 14], [4, 24, 5, 23], [6, 21, 7, 22], [8, 15, 9, 16], [10, 6, 11, 5], [12, 3, 13, 4], [14, 7, 15, 8]]"
12a_0452_180,"[[15, 8, 16, 9], [17, 21, 18, 20], [19, 3, 20, 2], [21, 10, 22, 11], [23, 13, 24, 12], [1, 19, 2, 18], [3, 14, 4, 15], [5, 1, 6, 24], [7, 22, 8, 23], [9, 16, 10, 17], [11, 7, 12, 6], [13, 4, 14, 5]]"
12a_0452_181,"[[13, 4, 14, 5], [15, 8, 16, 9], [17, 21, 18, 20], [19, 3, 20, 2], [21, 10, 22, 11], [23, 13, 24, 12], [1, 19, 2, 18], [3, 14, 4, 15], [5, 1, 6, 24], [7, 22, 8, 23], [9, 16, 10, 17], [11, 7, 12, 6]]"
12a_0452_182,"[[11, 7, 12, 6], [13, 4, 14, 5], [15, 8, 16, 9], [17, 21, 18, 20], [19, 3, 20, 2], [21, 10, 22, 11], [23, 13, 24, 12], [1, 19, 2, 18], [3, 14, 4, 15], [5, 1, 6, 24], [7, 22, 8, 23], [9, 16, 10, 17]]"
12a_0452_183,"[[9, 16, 10, 17], [11, 7, 12, 6], [13, 4, 14, 5], [15, 8, 16, 9], [17, 21, 18, 20], [19, 3, 20, 2], [21, 10, 22, 11], [23, 13, 24, 12], [1, 19, 2, 18], [3, 14, 4, 15], [5, 1, 6, 24], [7, 22, 8, 23]]"
12a_0452_184,"[[7, 22, 8, 23], [9, 16, 10, 17], [11, 7, 12, 6], [13, 4, 14, 5], [15, 8, 16, 9], [17, 21, 18, 20], [19, 3, 20, 2], [21, 10, 22, 11], [23, 13, 24, 12], [1, 19, 2, 18], [3, 14, 4, 15], [5, 1, 6, 24]]"
12a_0452_185,"[[5, 1, 6, 24], [7, 22, 8, 23], [9, 16, 10, 17], [11, 7, 12, 6], [13, 4, 14, 5], [15, 8, 16, 9], [17, 21, 18, 20], [19, 3, 20, 2], [21, 10, 22, 11], [23, 13, 24, 12], [1, 19, 2, 18], [3, 14, 4, 15]]"
