name,pd_notation
12a_0286_0,"[[24, 7, 1, 8], [2, 6, 3, 5], [4, 11, 5, 12], [6, 16, 7, 15], [8, 17, 9, 18], [10, 22, 11, 21], [12, 3, 13, 4], [14, 20, 15, 19], [16, 2, 17, 1], [18, 23, 19, 24], [20, 14, 21, 13], [22, 10, 23, 9]]"
12a_0286_1,"[[22, 10, 23, 9], [24, 7, 1, 8], [2, 6, 3, 5], [4, 11, 5, 12], [6, 16, 7, 15], [8, 17, 9, 18], [10, 22, 11, 21], [12, 3, 13, 4], [14, 20, 15, 19], [16, 2, 17, 1], [18, 23, 19, 24], [20, 14, 21, 13]]"
12a_0286_2,"[[20, 14, 21, 13], [22, 10, 23, 9], [24, 7, 1, 8], [2, 6, 3, 5], [4, 11, 5, 12], [6, 16, 7, 15], [8, 17, 9, 18], [10, 22, 11, 21], [12, 3, 13, 4], [14, 20, 15, 19], [16, 2, 17, 1], [18, 23, 19, 24]]"
12a_0286_3,"[[18, 23, 19, 24], [20, 14, 21, 13], [22, 10, 23, 9], [24, 7, 1, 8], [2, 6, 3, 5], [4, 11, 5, 12], [6, 16, 7, 15], [8, 17, 9, 18], [10, 22, 11, 21], [12, 3, 13, 4], [14, 20, 15, 19], [16, 2, 17, 1]]"
12a_0286_4,"[[16, 2, 17, 1], [18, 23, 19, 24], [20, 14, 21, 13], [22, 10, 23, 9], [24, 7, 1, 8], [2, 6, 3, 5], [4, 11, 5, 12], [6, 16, 7, 15], [8, 17, 9, 18], [10, 22, 11, 21], [12, 3, 13, 4], [14, 20, 15, 19]]"
12a_0286_5,"[[14, 20, 15, 19], [16, 2, 17, 1], [18, 23, 19, 24], [20, 14, 21, 13], [22, 10, 23, 9], [24, 7, 1, 8], [2, 6, 3, 5], [4, 11, 5, 12], [6, 16, 7, 15], [8, 17, 9, 18], [10, 22, 11, 21], [12, 3, 13, 4]]"
12a_0286_6,"[[12, 3, 13, 4], [14, 20, 15, 19], [16, 2, 17, 1], [18, 23, 19, 24], [20, 14, 21, 13], [22, 10, 23, 9], [24, 7, 1, 8], [2, 6, 3, 5], [4, 11, 5, 12], [6, 16, 7, 15], [8, 17, 9, 18], [10, 22, 11, 21]]"
12a_0286_7,"[[10, 22, 11, 21], [12, 3, 13, 4], [14, 20, 15, 19], [16, 2, 17, 1], [18, 23, 19, 24], [20, 14, 21, 13], [22, 10, 23, 9], [24, 7, 1, 8], [2, 6, 3, 5], [4, 11, 5, 12], [6, 16, 7, 15], [8, 17, 9, 18]]"
12a_0286_8,"[[8, 17, 9, 18], [10, 22, 11, 21], [12, 3, 13, 4], [14, 20, 15, 19], [16, 2, 17, 1], [18, 23, 19, 24], [20, 14, 21, 13], [22, 10, 23, 9], [24, 7, 1, 8], [2, 6, 3, 5], [4, 11, 5, 12], [6, 16, 7, 15]]"
12a_0286_9,"[[6, 16, 7, 15], [8, 17, 9, 18], [10, 22, 11, 21], [12, 3, 13, 4], [14, 20, 15, 19], [16, 2, 17, 1], [18, 23, 19, 24], [20, 14, 21, 13], [22, 10, 23, 9], [24, 7, 1, 8], [2, 6, 3, 5], [4, 11, 5, 12]]"
12a_0286_10,"[[4, 11, 5, 12], [6, 16, 7, 15], [8, 17, 9, 18], [10, 22, 11, 21], [12, 3, 13, 4], [14, 20, 15, 19], [16, 2, 17, 1], [18, 23, 19, 24], [20, 14, 21, 13], [22, 10, 23, 9], [24, 7, 1, 8], [2, 6, 3, 5]]"
12a_0286_11,"[[2, 6, 3, 5], [4, 11, 5, 12], [6, 16, 7, 15], [8, 17, 9, 18], [10, 22, 11, 21], [12, 3, 13, 4], [14, 20, 15, 19], [16, 2, 17, 1], [18, 23, 19, 24], [20, 14, 21, 13], [22, 10, 23, 9], [24, 7, 1, 8]]"
12a_0286_12,"[[1, 8, 2, 9], [3, 7, 4, 6], [5, 12, 6, 13], [7, 17, 8, 16], [9, 18, 10, 19], [11, 23, 12, 22], [13, 4, 14, 5], [15, 21, 16, 20], [17, 3, 18, 2], [19, 24, 20, 1], [21, 15, 22, 14], [23, 11, 24, 10]]"
12a_0286_13,"[[23, 11, 24, 10], [1, 8, 2, 9], [3, 7, 4, 6], [5, 12, 6, 13], [7, 17, 8, 16], [9, 18, 10, 19], [11, 23, 12, 22], [13, 4, 14, 5], [15, 21, 16, 20], [17, 3, 18, 2], [19, 24, 20, 1], [21, 15, 22, 14]]"
12a_0286_14,"[[21, 15, 22, 14], [23, 11, 24, 10], [1, 8, 2, 9], [3, 7, 4, 6], [5, 12, 6, 13], [7, 17, 8, 16], [9, 18, 10, 19], [11, 23, 12, 22], [13, 4, 14, 5], [15, 21, 16, 20], [17, 3, 18, 2], [19, 24, 20, 1]]"
12a_0286_15,"[[19, 24, 20, 1], [21, 15, 22, 14], [23, 11, 24, 10], [1, 8, 2, 9], [3, 7, 4, 6], [5, 12, 6, 13], [7, 17, 8, 16], [9, 18, 10, 19], [11, 23, 12, 22], [13, 4, 14, 5], [15, 21, 16, 20], [17, 3, 18, 2]]"
12a_0286_16,"[[17, 3, 18, 2], [19, 24, 20, 1], [21, 15, 22, 14], [23, 11, 24, 10], [1, 8, 2, 9], [3, 7, 4, 6], [5, 12, 6, 13], [7, 17, 8, 16], [9, 18, 10, 19], [11, 23, 12, 22], [13, 4, 14, 5], [15, 21, 16, 20]]"
12a_0286_17,"[[15, 21, 16, 20], [17, 3, 18, 2], [19, 24, 20, 1], [21, 15, 22, 14], [23, 11, 24, 10], [1, 8, 2, 9], [3, 7, 4, 6], [5, 12, 6, 13], [7, 17, 8, 16], [9, 18, 10, 19], [11, 23, 12, 22], [13, 4, 14, 5]]"
12a_0286_18,"[[13, 4, 14, 5], [15, 21, 16, 20], [17, 3, 18, 2], [19, 24, 20, 1], [21, 15, 22, 14], [23, 11, 24, 10], [1, 8, 2, 9], [3, 7, 4, 6], [5, 12, 6, 13], [7, 17, 8, 16], [9, 18, 10, 19], [11, 23, 12, 22]]"
12a_0286_19,"[[11, 23, 12, 22], [13, 4, 14, 5], [15, 21, 16, 20], [17, 3, 18, 2], [19, 24, 20, 1], [21, 15, 22, 14], [23, 11, 24, 10], [1, 8, 2, 9], [3, 7, 4, 6], [5, 12, 6, 13], [7, 17, 8, 16], [9, 18, 10, 19]]"
12a_0286_20,"[[9, 18, 10, 19], [11, 23, 12, 22], [13, 4, 14, 5], [15, 21, 16, 20], [17, 3, 18, 2], [19, 24, 20, 1], [21, 15, 22, 14], [23, 11, 24, 10], [1, 8, 2, 9], [3, 7, 4, 6], [5, 12, 6, 13], [7, 17, 8, 16]]"
12a_0286_21,"[[7, 17, 8, 16], [9, 18, 10, 19], [11, 23, 12, 22], [13, 4, 14, 5], [15, 21, 16, 20], [17, 3, 18, 2], [19, 24, 20, 1], [21, 15, 22, 14], [23, 11, 24, 10], [1, 8, 2, 9], [3, 7, 4, 6], [5, 12, 6, 13]]"
12a_0286_22,"[[5, 12, 6, 13], [7, 17, 8, 16], [9, 18, 10, 19], [11, 23, 12, 22], [13, 4, 14, 5], [15, 21, 16, 20], [17, 3, 18, 2], [19, 24, 20, 1], [21, 15, 22, 14], [23, 11, 24, 10], [1, 8, 2, 9], [3, 7, 4, 6]]"
12a_0286_23,"[[3, 7, 4, 6], [5, 12, 6, 13], [7, 17, 8, 16], [9, 18, 10, 19], [11, 23, 12, 22], [13, 4, 14, 5], [15, 21, 16, 20], [17, 3, 18, 2], [19, 24, 20, 1], [21, 15, 22, 14], [23, 11, 24, 10], [1, 8, 2, 9]]"
12a_0286_24,"[[2, 9, 3, 10], [4, 8, 5, 7], [6, 13, 7, 14], [8, 18, 9, 17], [10, 19, 11, 20], [12, 24, 13, 23], [14, 5, 15, 6], [16, 22, 17, 21], [18, 4, 19, 3], [20, 1, 21, 2], [22, 16, 23, 15], [24, 12, 1, 11]]"
12a_0286_25,"[[24, 12, 1, 11], [2, 9, 3, 10], [4, 8, 5, 7], [6, 13, 7, 14], [8, 18, 9, 17], [10, 19, 11, 20], [12, 24, 13, 23], [14, 5, 15, 6], [16, 22, 17, 21], [18, 4, 19, 3], [20, 1, 21, 2], [22, 16, 23, 15]]"
12a_0286_26,"[[22, 16, 23, 15], [24, 12, 1, 11], [2, 9, 3, 10], [4, 8, 5, 7], [6, 13, 7, 14], [8, 18, 9, 17], [10, 19, 11, 20], [12, 24, 13, 23], [14, 5, 15, 6], [16, 22, 17, 21], [18, 4, 19, 3], [20, 1, 21, 2]]"
12a_0286_27,"[[20, 1, 21, 2], [22, 16, 23, 15], [24, 12, 1, 11], [2, 9, 3, 10], [4, 8, 5, 7], [6, 13, 7, 14], [8, 18, 9, 17], [10, 19, 11, 20], [12, 24, 13, 23], [14, 5, 15, 6], [16, 22, 17, 21], [18, 4, 19, 3]]"
12a_0286_28,"[[18, 4, 19, 3], [20, 1, 21, 2], [22, 16, 23, 15], [24, 12, 1, 11], [2, 9, 3, 10], [4, 8, 5, 7], [6, 13, 7, 14], [8, 18, 9, 17], [10, 19, 11, 20], [12, 24, 13, 23], [14, 5, 15, 6], [16, 22, 17, 21]]"
12a_0286_29,"[[16, 22, 17, 21], [18, 4, 19, 3], [20, 1, 21, 2], [22, 16, 23, 15], [24, 12, 1, 11], [2, 9, 3, 10], [4, 8, 5, 7], [6, 13, 7, 14], [8, 18, 9, 17], [10, 19, 11, 20], [12, 24, 13, 23], [14, 5, 15, 6]]"
12a_0286_30,"[[14, 5, 15, 6], [16, 22, 17, 21], [18, 4, 19, 3], [20, 1, 21, 2], [22, 16, 23, 15], [24, 12, 1, 11], [2, 9, 3, 10], [4, 8, 5, 7], [6, 13, 7, 14], [8, 18, 9, 17], [10, 19, 11, 20], [12, 24, 13, 23]]"
12a_0286_31,"[[12, 24, 13, 23], [14, 5, 15, 6], [16, 22, 17, 21], [18, 4, 19, 3], [20, 1, 21, 2], [22, 16, 23, 15], [24, 12, 1, 11], [2, 9, 3, 10], [4, 8, 5, 7], [6, 13, 7, 14], [8, 18, 9, 17], [10, 19, 11, 20]]"
12a_0286_32,"[[10, 19, 11, 20], [12, 24, 13, 23], [14, 5, 15, 6], [16, 22, 17, 21], [18, 4, 19, 3], [20, 1, 21, 2], [22, 16, 23, 15], [24, 12, 1, 11], [2, 9, 3, 10], [4, 8, 5, 7], [6, 13, 7, 14], [8, 18, 9, 17]]"
12a_0286_33,"[[8, 18, 9, 17], [10, 19, 11, 20], [12, 24, 13, 23], [14, 5, 15, 6], [16, 22, 17, 21], [18, 4, 19, 3], [20, 1, 21, 2], [22, 16, 23, 15], [24, 12, 1, 11], [2, 9, 3, 10], [4, 8, 5, 7], [6, 13, 7, 14]]"
12a_0286_34,"[[6, 13, 7, 14], [8, 18, 9, 17], [10, 19, 11, 20], [12, 24, 13, 23], [14, 5, 15, 6], [16, 22, 17, 21], [18, 4, 19, 3], [20, 1, 21, 2], [22, 16, 23, 15], [24, 12, 1, 11], [2, 9, 3, 10], [4, 8, 5, 7]]"
12a_0286_35,"[[4, 8, 5, 7], [6, 13, 7, 14], [8, 18, 9, 17], [10, 19, 11, 20], [12, 24, 13, 23], [14, 5, 15, 6], [16, 22, 17, 21], [18, 4, 19, 3], [20, 1, 21, 2], [22, 16, 23, 15], [24, 12, 1, 11], [2, 9, 3, 10]]"
12a_0286_36,"[[3, 10, 4, 11], [5, 9, 6, 8], [7, 14, 8, 15], [9, 19, 10, 18], [11, 20, 12, 21], [13, 1, 14, 24], [15, 6, 16, 7], [17, 23, 18, 22], [19, 5, 20, 4], [21, 2, 22, 3], [23, 17, 24, 16], [1, 13, 2, 12]]"
12a_0286_37,"[[1, 13, 2, 12], [3, 10, 4, 11], [5, 9, 6, 8], [7, 14, 8, 15], [9, 19, 10, 18], [11, 20, 12, 21], [13, 1, 14, 24], [15, 6, 16, 7], [17, 23, 18, 22], [19, 5, 20, 4], [21, 2, 22, 3], [23, 17, 24, 16]]"
12a_0286_38,"[[23, 17, 24, 16], [1, 13, 2, 12], [3, 10, 4, 11], [5, 9, 6, 8], [7, 14, 8, 15], [9, 19, 10, 18], [11, 20, 12, 21], [13, 1, 14, 24], [15, 6, 16, 7], [17, 23, 18, 22], [19, 5, 20, 4], [21, 2, 22, 3]]"
12a_0286_39,"[[21, 2, 22, 3], [23, 17, 24, 16], [1, 13, 2, 12], [3, 10, 4, 11], [5, 9, 6, 8], [7, 14, 8, 15], [9, 19, 10, 18], [11, 20, 12, 21], [13, 1, 14, 24], [15, 6, 16, 7], [17, 23, 18, 22], [19, 5, 20, 4]]"
12a_0286_40,"[[19, 5, 20, 4], [21, 2, 22, 3], [23, 17, 24, 16], [1, 13, 2, 12], [3, 10, 4, 11], [5, 9, 6, 8], [7, 14, 8, 15], [9, 19, 10, 18], [11, 20, 12, 21], [13, 1, 14, 24], [15, 6, 16, 7], [17, 23, 18, 22]]"
12a_0286_41,"[[17, 23, 18, 22], [19, 5, 20, 4], [21, 2, 22, 3], [23, 17, 24, 16], [1, 13, 2, 12], [3, 10, 4, 11], [5, 9, 6, 8], [7, 14, 8, 15], [9, 19, 10, 18], [11, 20, 12, 21], [13, 1, 14, 24], [15, 6, 16, 7]]"
12a_0286_42,"[[15, 6, 16, 7], [17, 23, 18, 22], [19, 5, 20, 4], [21, 2, 22, 3], [23, 17, 24, 16], [1, 13, 2, 12], [3, 10, 4, 11], [5, 9, 6, 8], [7, 14, 8, 15], [9, 19, 10, 18], [11, 20, 12, 21], [13, 1, 14, 24]]"
12a_0286_43,"[[13, 1, 14, 24], [15, 6, 16, 7], [17, 23, 18, 22], [19, 5, 20, 4], [21, 2, 22, 3], [23, 17, 24, 16], [1, 13, 2, 12], [3, 10, 4, 11], [5, 9, 6, 8], [7, 14, 8, 15], [9, 19, 10, 18], [11, 20, 12, 21]]"
12a_0286_44,"[[11, 20, 12, 21], [13, 1, 14, 24], [15, 6, 16, 7], [17, 23, 18, 22], [19, 5, 20, 4], [21, 2, 22, 3], [23, 17, 24, 16], [1, 13, 2, 12], [3, 10, 4, 11], [5, 9, 6, 8], [7, 14, 8, 15], [9, 19, 10, 18]]"
12a_0286_45,"[[9, 19, 10, 18], [11, 20, 12, 21], [13, 1, 14, 24], [15, 6, 16, 7], [17, 23, 18, 22], [19, 5, 20, 4], [21, 2, 22, 3], [23, 17, 24, 16], [1, 13, 2, 12], [3, 10, 4, 11], [5, 9, 6, 8], [7, 14, 8, 15]]"
12a_0286_46,"[[7, 14, 8, 15], [9, 19, 10, 18], [11, 20, 12, 21], [13, 1, 14, 24], [15, 6, 16, 7], [17, 23, 18, 22], [19, 5, 20, 4], [21, 2, 22, 3], [23, 17, 24, 16], [1, 13, 2, 12], [3, 10, 4, 11], [5, 9, 6, 8]]"
12a_0286_47,"[[5, 9, 6, 8], [7, 14, 8, 15], [9, 19, 10, 18], [11, 20, 12, 21], [13, 1, 14, 24], [15, 6, 16, 7], [17, 23, 18, 22], [19, 5, 20, 4], [21, 2, 22, 3], [23, 17, 24, 16], [1, 13, 2, 12], [3, 10, 4, 11]]"
12a_0286_48,"[[4, 11, 5, 12], [6, 10, 7, 9], [8, 15, 9, 16], [10, 20, 11, 19], [12, 21, 13, 22], [14, 2, 15, 1], [16, 7, 17, 8], [18, 24, 19, 23], [20, 6, 21, 5], [22, 3, 23, 4], [24, 18, 1, 17], [2, 14, 3, 13]]"
12a_0286_49,"[[2, 14, 3, 13], [4, 11, 5, 12], [6, 10, 7, 9], [8, 15, 9, 16], [10, 20, 11, 19], [12, 21, 13, 22], [14, 2, 15, 1], [16, 7, 17, 8], [18, 24, 19, 23], [20, 6, 21, 5], [22, 3, 23, 4], [24, 18, 1, 17]]"
12a_0286_50,"[[24, 18, 1, 17], [2, 14, 3, 13], [4, 11, 5, 12], [6, 10, 7, 9], [8, 15, 9, 16], [10, 20, 11, 19], [12, 21, 13, 22], [14, 2, 15, 1], [16, 7, 17, 8], [18, 24, 19, 23], [20, 6, 21, 5], [22, 3, 23, 4]]"
12a_0286_51,"[[22, 3, 23, 4], [24, 18, 1, 17], [2, 14, 3, 13], [4, 11, 5, 12], [6, 10, 7, 9], [8, 15, 9, 16], [10, 20, 11, 19], [12, 21, 13, 22], [14, 2, 15, 1], [16, 7, 17, 8], [18, 24, 19, 23], [20, 6, 21, 5]]"
12a_0286_52,"[[20, 6, 21, 5], [22, 3, 23, 4], [24, 18, 1, 17], [2, 14, 3, 13], [4, 11, 5, 12], [6, 10, 7, 9], [8, 15, 9, 16], [10, 20, 11, 19], [12, 21, 13, 22], [14, 2, 15, 1], [16, 7, 17, 8], [18, 24, 19, 23]]"
12a_0286_53,"[[18, 24, 19, 23], [20, 6, 21, 5], [22, 3, 23, 4], [24, 18, 1, 17], [2, 14, 3, 13], [4, 11, 5, 12], [6, 10, 7, 9], [8, 15, 9, 16], [10, 20, 11, 19], [12, 21, 13, 22], [14, 2, 15, 1], [16, 7, 17, 8]]"
12a_0286_54,"[[16, 7, 17, 8], [18, 24, 19, 23], [20, 6, 21, 5], [22, 3, 23, 4], [24, 18, 1, 17], [2, 14, 3, 13], [4, 11, 5, 12], [6, 10, 7, 9], [8, 15, 9, 16], [10, 20, 11, 19], [12, 21, 13, 22], [14, 2, 15, 1]]"
12a_0286_55,"[[14, 2, 15, 1], [16, 7, 17, 8], [18, 24, 19, 23], [20, 6, 21, 5], [22, 3, 23, 4], [24, 18, 1, 17], [2, 14, 3, 13], [4, 11, 5, 12], [6, 10, 7, 9], [8, 15, 9, 16], [10, 20, 11, 19], [12, 21, 13, 22]]"
12a_0286_56,"[[12, 21, 13, 22], [14, 2, 15, 1], [16, 7, 17, 8], [18, 24, 19, 23], [20, 6, 21, 5], [22, 3, 23, 4], [24, 18, 1, 17], [2, 14, 3, 13], [4, 11, 5, 12], [6, 10, 7, 9], [8, 15, 9, 16], [10, 20, 11, 19]]"
12a_0286_57,"[[10, 20, 11, 19], [12, 21, 13, 22], [14, 2, 15, 1], [16, 7, 17, 8], [18, 24, 19, 23], [20, 6, 21, 5], [22, 3, 23, 4], [24, 18, 1, 17], [2, 14, 3, 13], [4, 11, 5, 12], [6, 10, 7, 9], [8, 15, 9, 16]]"
12a_0286_58,"[[8, 15, 9, 16], [10, 20, 11, 19], [12, 21, 13, 22], [14, 2, 15, 1], [16, 7, 17, 8], [18, 24, 19, 23], [20, 6, 21, 5], [22, 3, 23, 4], [24, 18, 1, 17], [2, 14, 3, 13], [4, 11, 5, 12], [6, 10, 7, 9]]"
12a_0286_59,"[[6, 10, 7, 9], [8, 15, 9, 16], [10, 20, 11, 19], [12, 21, 13, 22], [14, 2, 15, 1], [16, 7, 17, 8], [18, 24, 19, 23], [20, 6, 21, 5], [22, 3, 23, 4], [24, 18, 1, 17], [2, 14, 3, 13], [4, 11, 5, 12]]"
12a_0286_60,"[[5, 12, 6, 13], [7, 11, 8, 10], [9, 16, 10, 17], [11, 21, 12, 20], [13, 22, 14, 23], [15, 3, 16, 2], [17, 8, 18, 9], [19, 1, 20, 24], [21, 7, 22, 6], [23, 4, 24, 5], [1, 19, 2, 18], [3, 15, 4, 14]]"
12a_0286_61,"[[3, 15, 4, 14], [5, 12, 6, 13], [7, 11, 8, 10], [9, 16, 10, 17], [11, 21, 12, 20], [13, 22, 14, 23], [15, 3, 16, 2], [17, 8, 18, 9], [19, 1, 20, 24], [21, 7, 22, 6], [23, 4, 24, 5], [1, 19, 2, 18]]"
12a_0286_62,"[[1, 19, 2, 18], [3, 15, 4, 14], [5, 12, 6, 13], [7, 11, 8, 10], [9, 16, 10, 17], [11, 21, 12, 20], [13, 22, 14, 23], [15, 3, 16, 2], [17, 8, 18, 9], [19, 1, 20, 24], [21, 7, 22, 6], [23, 4, 24, 5]]"
12a_0286_63,"[[23, 4, 24, 5], [1, 19, 2, 18], [3, 15, 4, 14], [5, 12, 6, 13], [7, 11, 8, 10], [9, 16, 10, 17], [11, 21, 12, 20], [13, 22, 14, 23], [15, 3, 16, 2], [17, 8, 18, 9], [19, 1, 20, 24], [21, 7, 22, 6]]"
12a_0286_64,"[[21, 7, 22, 6], [23, 4, 24, 5], [1, 19, 2, 18], [3, 15, 4, 14], [5, 12, 6, 13], [7, 11, 8, 10], [9, 16, 10, 17], [11, 21, 12, 20], [13, 22, 14, 23], [15, 3, 16, 2], [17, 8, 18, 9], [19, 1, 20, 24]]"
12a_0286_65,"[[19, 1, 20, 24], [21, 7, 22, 6], [23, 4, 24, 5], [1, 19, 2, 18], [3, 15, 4, 14], [5, 12, 6, 13], [7, 11, 8, 10], [9, 16, 10, 17], [11, 21, 12, 20], [13, 22, 14, 23], [15, 3, 16, 2], [17, 8, 18, 9]]"
12a_0286_66,"[[17, 8, 18, 9], [19, 1, 20, 24], [21, 7, 22, 6], [23, 4, 24, 5], [1, 19, 2, 18], [3, 15, 4, 14], [5, 12, 6, 13], [7, 11, 8, 10], [9, 16, 10, 17], [11, 21, 12, 20], [13, 22, 14, 23], [15, 3, 16, 2]]"
12a_0286_67,"[[15, 3, 16, 2], [17, 8, 18, 9], [19, 1, 20, 24], [21, 7, 22, 6], [23, 4, 24, 5], [1, 19, 2, 18], [3, 15, 4, 14], [5, 12, 6, 13], [7, 11, 8, 10], [9, 16, 10, 17], [11, 21, 12, 20], [13, 22, 14, 23]]"
12a_0286_68,"[[13, 22, 14, 23], [15, 3, 16, 2], [17, 8, 18, 9], [19, 1, 20, 24], [21, 7, 22, 6], [23, 4, 24, 5], [1, 19, 2, 18], [3, 15, 4, 14], [5, 12, 6, 13], [7, 11, 8, 10], [9, 16, 10, 17], [11, 21, 12, 20]]"
12a_0286_69,"[[11, 21, 12, 20], [13, 22, 14, 23], [15, 3, 16, 2], [17, 8, 18, 9], [19, 1, 20, 24], [21, 7, 22, 6], [23, 4, 24, 5], [1, 19, 2, 18], [3, 15, 4, 14], [5, 12, 6, 13], [7, 11, 8, 10], [9, 16, 10, 17]]"
12a_0286_70,"[[9, 16, 10, 17], [11, 21, 12, 20], [13, 22, 14, 23], [15, 3, 16, 2], [17, 8, 18, 9], [19, 1, 20, 24], [21, 7, 22, 6], [23, 4, 24, 5], [1, 19, 2, 18], [3, 15, 4, 14], [5, 12, 6, 13], [7, 11, 8, 10]]"
12a_0286_71,"[[7, 11, 8, 10], [9, 16, 10, 17], [11, 21, 12, 20], [13, 22, 14, 23], [15, 3, 16, 2], [17, 8, 18, 9], [19, 1, 20, 24], [21, 7, 22, 6], [23, 4, 24, 5], [1, 19, 2, 18], [3, 15, 4, 14], [5, 12, 6, 13]]"
12a_0286_72,"[[6, 13, 7, 14], [8, 12, 9, 11], [10, 17, 11, 18], [12, 22, 13, 21], [14, 23, 15, 24], [16, 4, 17, 3], [18, 9, 19, 10], [20, 2, 21, 1], [22, 8, 23, 7], [24, 5, 1, 6], [2, 20, 3, 19], [4, 16, 5, 15]]"
12a_0286_73,"[[4, 16, 5, 15], [6, 13, 7, 14], [8, 12, 9, 11], [10, 17, 11, 18], [12, 22, 13, 21], [14, 23, 15, 24], [16, 4, 17, 3], [18, 9, 19, 10], [20, 2, 21, 1], [22, 8, 23, 7], [24, 5, 1, 6], [2, 20, 3, 19]]"
12a_0286_74,"[[2, 20, 3, 19], [4, 16, 5, 15], [6, 13, 7, 14], [8, 12, 9, 11], [10, 17, 11, 18], [12, 22, 13, 21], [14, 23, 15, 24], [16, 4, 17, 3], [18, 9, 19, 10], [20, 2, 21, 1], [22, 8, 23, 7], [24, 5, 1, 6]]"
12a_0286_75,"[[24, 5, 1, 6], [2, 20, 3, 19], [4, 16, 5, 15], [6, 13, 7, 14], [8, 12, 9, 11], [10, 17, 11, 18], [12, 22, 13, 21], [14, 23, 15, 24], [16, 4, 17, 3], [18, 9, 19, 10], [20, 2, 21, 1], [22, 8, 23, 7]]"
12a_0286_76,"[[22, 8, 23, 7], [24, 5, 1, 6], [2, 20, 3, 19], [4, 16, 5, 15], [6, 13, 7, 14], [8, 12, 9, 11], [10, 17, 11, 18], [12, 22, 13, 21], [14, 23, 15, 24], [16, 4, 17, 3], [18, 9, 19, 10], [20, 2, 21, 1]]"
12a_0286_77,"[[20, 2, 21, 1], [22, 8, 23, 7], [24, 5, 1, 6], [2, 20, 3, 19], [4, 16, 5, 15], [6, 13, 7, 14], [8, 12, 9, 11], [10, 17, 11, 18], [12, 22, 13, 21], [14, 23, 15, 24], [16, 4, 17, 3], [18, 9, 19, 10]]"
12a_0286_78,"[[18, 9, 19, 10], [20, 2, 21, 1], [22, 8, 23, 7], [24, 5, 1, 6], [2, 20, 3, 19], [4, 16, 5, 15], [6, 13, 7, 14], [8, 12, 9, 11], [10, 17, 11, 18], [12, 22, 13, 21], [14, 23, 15, 24], [16, 4, 17, 3]]"
12a_0286_79,"[[16, 4, 17, 3], [18, 9, 19, 10], [20, 2, 21, 1], [22, 8, 23, 7], [24, 5, 1, 6], [2, 20, 3, 19], [4, 16, 5, 15], [6, 13, 7, 14], [8, 12, 9, 11], [10, 17, 11, 18], [12, 22, 13, 21], [14, 23, 15, 24]]"
12a_0286_80,"[[14, 23, 15, 24], [16, 4, 17, 3], [18, 9, 19, 10], [20, 2, 21, 1], [22, 8, 23, 7], [24, 5, 1, 6], [2, 20, 3, 19], [4, 16, 5, 15], [6, 13, 7, 14], [8, 12, 9, 11], [10, 17, 11, 18], [12, 22, 13, 21]]"
12a_0286_81,"[[12, 22, 13, 21], [14, 23, 15, 24], [16, 4, 17, 3], [18, 9, 19, 10], [20, 2, 21, 1], [22, 8, 23, 7], [24, 5, 1, 6], [2, 20, 3, 19], [4, 16, 5, 15], [6, 13, 7, 14], [8, 12, 9, 11], [10, 17, 11, 18]]"
12a_0286_82,"[[10, 17, 11, 18], [12, 22, 13, 21], [14, 23, 15, 24], [16, 4, 17, 3], [18, 9, 19, 10], [20, 2, 21, 1], [22, 8, 23, 7], [24, 5, 1, 6], [2, 20, 3, 19], [4, 16, 5, 15], [6, 13, 7, 14], [8, 12, 9, 11]]"
12a_0286_83,"[[8, 12, 9, 11], [10, 17, 11, 18], [12, 22, 13, 21], [14, 23, 15, 24], [16, 4, 17, 3], [18, 9, 19, 10], [20, 2, 21, 1], [22, 8, 23, 7], [24, 5, 1, 6], [2, 20, 3, 19], [4, 16, 5, 15], [6, 13, 7, 14]]"
12a_0286_84,"[[7, 14, 8, 15], [9, 13, 10, 12], [11, 18, 12, 19], [13, 23, 14, 22], [15, 24, 16, 1], [17, 5, 18, 4], [19, 10, 20, 11], [21, 3, 22, 2], [23, 9, 24, 8], [1, 6, 2, 7], [3, 21, 4, 20], [5, 17, 6, 16]]"
12a_0286_85,"[[5, 17, 6, 16], [7, 14, 8, 15], [9, 13, 10, 12], [11, 18, 12, 19], [13, 23, 14, 22], [15, 24, 16, 1], [17, 5, 18, 4], [19, 10, 20, 11], [21, 3, 22, 2], [23, 9, 24, 8], [1, 6, 2, 7], [3, 21, 4, 20]]"
12a_0286_86,"[[3, 21, 4, 20], [5, 17, 6, 16], [7, 14, 8, 15], [9, 13, 10, 12], [11, 18, 12, 19], [13, 23, 14, 22], [15, 24, 16, 1], [17, 5, 18, 4], [19, 10, 20, 11], [21, 3, 22, 2], [23, 9, 24, 8], [1, 6, 2, 7]]"
12a_0286_87,"[[1, 6, 2, 7], [3, 21, 4, 20], [5, 17, 6, 16], [7, 14, 8, 15], [9, 13, 10, 12], [11, 18, 12, 19], [13, 23, 14, 22], [15, 24, 16, 1], [17, 5, 18, 4], [19, 10, 20, 11], [21, 3, 22, 2], [23, 9, 24, 8]]"
12a_0286_88,"[[23, 9, 24, 8], [1, 6, 2, 7], [3, 21, 4, 20], [5, 17, 6, 16], [7, 14, 8, 15], [9, 13, 10, 12], [11, 18, 12, 19], [13, 23, 14, 22], [15, 24, 16, 1], [17, 5, 18, 4], [19, 10, 20, 11], [21, 3, 22, 2]]"
12a_0286_89,"[[21, 3, 22, 2], [23, 9, 24, 8], [1, 6, 2, 7], [3, 21, 4, 20], [5, 17, 6, 16], [7, 14, 8, 15], [9, 13, 10, 12], [11, 18, 12, 19], [13, 23, 14, 22], [15, 24, 16, 1], [17, 5, 18, 4], [19, 10, 20, 11]]"
12a_0286_90,"[[19, 10, 20, 11], [21, 3, 22, 2], [23, 9, 24, 8], [1, 6, 2, 7], [3, 21, 4, 20], [5, 17, 6, 16], [7, 14, 8, 15], [9, 13, 10, 12], [11, 18, 12, 19], [13, 23, 14, 22], [15, 24, 16, 1], [17, 5, 18, 4]]"
12a_0286_91,"[[17, 5, 18, 4], [19, 10, 20, 11], [21, 3, 22, 2], [23, 9, 24, 8], [1, 6, 2, 7], [3, 21, 4, 20], [5, 17, 6, 16], [7, 14, 8, 15], [9, 13, 10, 12], [11, 18, 12, 19], [13, 23, 14, 22], [15, 24, 16, 1]]"
12a_0286_92,"[[15, 24, 16, 1], [17, 5, 18, 4], [19, 10, 20, 11], [21, 3, 22, 2], [23, 9, 24, 8], [1, 6, 2, 7], [3, 21, 4, 20], [5, 17, 6, 16], [7, 14, 8, 15], [9, 13, 10, 12], [11, 18, 12, 19], [13, 23, 14, 22]]"
12a_0286_93,"[[13, 23, 14, 22], [15, 24, 16, 1], [17, 5, 18, 4], [19, 10, 20, 11], [21, 3, 22, 2], [23, 9, 24, 8], [1, 6, 2, 7], [3, 21, 4, 20], [5, 17, 6, 16], [7, 14, 8, 15], [9, 13, 10, 12], [11, 18, 12, 19]]"
12a_0286_94,"[[11, 18, 12, 19], [13, 23, 14, 22], [15, 24, 16, 1], [17, 5, 18, 4], [19, 10, 20, 11], [21, 3, 22, 2], [23, 9, 24, 8], [1, 6, 2, 7], [3, 21, 4, 20], [5, 17, 6, 16], [7, 14, 8, 15], [9, 13, 10, 12]]"
12a_0286_95,"[[9, 13, 10, 12], [11, 18, 12, 19], [13, 23, 14, 22], [15, 24, 16, 1], [17, 5, 18, 4], [19, 10, 20, 11], [21, 3, 22, 2], [23, 9, 24, 8], [1, 6, 2, 7], [3, 21, 4, 20], [5, 17, 6, 16], [7, 14, 8, 15]]"
12a_0286_96,"[[8, 15, 9, 16], [10, 14, 11, 13], [12, 19, 13, 20], [14, 24, 15, 23], [16, 1, 17, 2], [18, 6, 19, 5], [20, 11, 21, 12], [22, 4, 23, 3], [24, 10, 1, 9], [2, 7, 3, 8], [4, 22, 5, 21], [6, 18, 7, 17]]"
12a_0286_97,"[[6, 18, 7, 17], [8, 15, 9, 16], [10, 14, 11, 13], [12, 19, 13, 20], [14, 24, 15, 23], [16, 1, 17, 2], [18, 6, 19, 5], [20, 11, 21, 12], [22, 4, 23, 3], [24, 10, 1, 9], [2, 7, 3, 8], [4, 22, 5, 21]]"
12a_0286_98,"[[4, 22, 5, 21], [6, 18, 7, 17], [8, 15, 9, 16], [10, 14, 11, 13], [12, 19, 13, 20], [14, 24, 15, 23], [16, 1, 17, 2], [18, 6, 19, 5], [20, 11, 21, 12], [22, 4, 23, 3], [24, 10, 1, 9], [2, 7, 3, 8]]"
12a_0286_99,"[[2, 7, 3, 8], [4, 22, 5, 21], [6, 18, 7, 17], [8, 15, 9, 16], [10, 14, 11, 13], [12, 19, 13, 20], [14, 24, 15, 23], [16, 1, 17, 2], [18, 6, 19, 5], [20, 11, 21, 12], [22, 4, 23, 3], [24, 10, 1, 9]]"
12a_0286_100,"[[24, 10, 1, 9], [2, 7, 3, 8], [4, 22, 5, 21], [6, 18, 7, 17], [8, 15, 9, 16], [10, 14, 11, 13], [12, 19, 13, 20], [14, 24, 15, 23], [16, 1, 17, 2], [18, 6, 19, 5], [20, 11, 21, 12], [22, 4, 23, 3]]"
12a_0286_101,"[[22, 4, 23, 3], [24, 10, 1, 9], [2, 7, 3, 8], [4, 22, 5, 21], [6, 18, 7, 17], [8, 15, 9, 16], [10, 14, 11, 13], [12, 19, 13, 20], [14, 24, 15, 23], [16, 1, 17, 2], [18, 6, 19, 5], [20, 11, 21, 12]]"
12a_0286_102,"[[20, 11, 21, 12], [22, 4, 23, 3], [24, 10, 1, 9], [2, 7, 3, 8], [4, 22, 5, 21], [6, 18, 7, 17], [8, 15, 9, 16], [10, 14, 11, 13], [12, 19, 13, 20], [14, 24, 15, 23], [16, 1, 17, 2], [18, 6, 19, 5]]"
12a_0286_103,"[[18, 6, 19, 5], [20, 11, 21, 12], [22, 4, 23, 3], [24, 10, 1, 9], [2, 7, 3, 8], [4, 22, 5, 21], [6, 18, 7, 17], [8, 15, 9, 16], [10, 14, 11, 13], [12, 19, 13, 20], [14, 24, 15, 23], [16, 1, 17, 2]]"
12a_0286_104,"[[16, 1, 17, 2], [18, 6, 19, 5], [20, 11, 21, 12], [22, 4, 23, 3], [24, 10, 1, 9], [2, 7, 3, 8], [4, 22, 5, 21], [6, 18, 7, 17], [8, 15, 9, 16], [10, 14, 11, 13], [12, 19, 13, 20], [14, 24, 15, 23]]"
12a_0286_105,"[[14, 24, 15, 23], [16, 1, 17, 2], [18, 6, 19, 5], [20, 11, 21, 12], [22, 4, 23, 3], [24, 10, 1, 9], [2, 7, 3, 8], [4, 22, 5, 21], [6, 18, 7, 17], [8, 15, 9, 16], [10, 14, 11, 13], [12, 19, 13, 20]]"
12a_0286_106,"[[12, 19, 13, 20], [14, 24, 15, 23], [16, 1, 17, 2], [18, 6, 19, 5], [20, 11, 21, 12], [22, 4, 23, 3], [24, 10, 1, 9], [2, 7, 3, 8], [4, 22, 5, 21], [6, 18, 7, 17], [8, 15, 9, 16], [10, 14, 11, 13]]"
12a_0286_107,"[[10, 14, 11, 13], [12, 19, 13, 20], [14, 24, 15, 23], [16, 1, 17, 2], [18, 6, 19, 5], [20, 11, 21, 12], [22, 4, 23, 3], [24, 10, 1, 9], [2, 7, 3, 8], [4, 22, 5, 21], [6, 18, 7, 17], [8, 15, 9, 16]]"
12a_0286_108,"[[9, 16, 10, 17], [11, 15, 12, 14], [13, 20, 14, 21], [15, 1, 16, 24], [17, 2, 18, 3], [19, 7, 20, 6], [21, 12, 22, 13], [23, 5, 24, 4], [1, 11, 2, 10], [3, 8, 4, 9], [5, 23, 6, 22], [7, 19, 8, 18]]"
12a_0286_109,"[[7, 19, 8, 18], [9, 16, 10, 17], [11, 15, 12, 14], [13, 20, 14, 21], [15, 1, 16, 24], [17, 2, 18, 3], [19, 7, 20, 6], [21, 12, 22, 13], [23, 5, 24, 4], [1, 11, 2, 10], [3, 8, 4, 9], [5, 23, 6, 22]]"
12a_0286_110,"[[5, 23, 6, 22], [7, 19, 8, 18], [9, 16, 10, 17], [11, 15, 12, 14], [13, 20, 14, 21], [15, 1, 16, 24], [17, 2, 18, 3], [19, 7, 20, 6], [21, 12, 22, 13], [23, 5, 24, 4], [1, 11, 2, 10], [3, 8, 4, 9]]"
12a_0286_111,"[[3, 8, 4, 9], [5, 23, 6, 22], [7, 19, 8, 18], [9, 16, 10, 17], [11, 15, 12, 14], [13, 20, 14, 21], [15, 1, 16, 24], [17, 2, 18, 3], [19, 7, 20, 6], [21, 12, 22, 13], [23, 5, 24, 4], [1, 11, 2, 10]]"
12a_0286_112,"[[1, 11, 2, 10], [3, 8, 4, 9], [5, 23, 6, 22], [7, 19, 8, 18], [9, 16, 10, 17], [11, 15, 12, 14], [13, 20, 14, 21], [15, 1, 16, 24], [17, 2, 18, 3], [19, 7, 20, 6], [21, 12, 22, 13], [23, 5, 24, 4]]"
12a_0286_113,"[[23, 5, 24, 4], [1, 11, 2, 10], [3, 8, 4, 9], [5, 23, 6, 22], [7, 19, 8, 18], [9, 16, 10, 17], [11, 15, 12, 14], [13, 20, 14, 21], [15, 1, 16, 24], [17, 2, 18, 3], [19, 7, 20, 6], [21, 12, 22, 13]]"
12a_0286_114,"[[21, 12, 22, 13], [23, 5, 24, 4], [1, 11, 2, 10], [3, 8, 4, 9], [5, 23, 6, 22], [7, 19, 8, 18], [9, 16, 10, 17], [11, 15, 12, 14], [13, 20, 14, 21], [15, 1, 16, 24], [17, 2, 18, 3], [19, 7, 20, 6]]"
12a_0286_115,"[[19, 7, 20, 6], [21, 12, 22, 13], [23, 5, 24, 4], [1, 11, 2, 10], [3, 8, 4, 9], [5, 23, 6, 22], [7, 19, 8, 18], [9, 16, 10, 17], [11, 15, 12, 14], [13, 20, 14, 21], [15, 1, 16, 24], [17, 2, 18, 3]]"
12a_0286_116,"[[17, 2, 18, 3], [19, 7, 20, 6], [21, 12, 22, 13], [23, 5, 24, 4], [1, 11, 2, 10], [3, 8, 4, 9], [5, 23, 6, 22], [7, 19, 8, 18], [9, 16, 10, 17], [11, 15, 12, 14], [13, 20, 14, 21], [15, 1, 16, 24]]"
12a_0286_117,"[[15, 1, 16, 24], [17, 2, 18, 3], [19, 7, 20, 6], [21, 12, 22, 13], [23, 5, 24, 4], [1, 11, 2, 10], [3, 8, 4, 9], [5, 23, 6, 22], [7, 19, 8, 18], [9, 16, 10, 17], [11, 15, 12, 14], [13, 20, 14, 21]]"
12a_0286_118,"[[13, 20, 14, 21], [15, 1, 16, 24], [17, 2, 18, 3], [19, 7, 20, 6], [21, 12, 22, 13], [23, 5, 24, 4], [1, 11, 2, 10], [3, 8, 4, 9], [5, 23, 6, 22], [7, 19, 8, 18], [9, 16, 10, 17], [11, 15, 12, 14]]"
12a_0286_119,"[[11, 15, 12, 14], [13, 20, 14, 21], [15, 1, 16, 24], [17, 2, 18, 3], [19, 7, 20, 6], [21, 12, 22, 13], [23, 5, 24, 4], [1, 11, 2, 10], [3, 8, 4, 9], [5, 23, 6, 22], [7, 19, 8, 18], [9, 16, 10, 17]]"
12a_0286_120,"[[10, 17, 11, 18], [12, 16, 13, 15], [14, 21, 15, 22], [16, 2, 17, 1], [18, 3, 19, 4], [20, 8, 21, 7], [22, 13, 23, 14], [24, 6, 1, 5], [2, 12, 3, 11], [4, 9, 5, 10], [6, 24, 7, 23], [8, 20, 9, 19]]"
12a_0286_121,"[[8, 20, 9, 19], [10, 17, 11, 18], [12, 16, 13, 15], [14, 21, 15, 22], [16, 2, 17, 1], [18, 3, 19, 4], [20, 8, 21, 7], [22, 13, 23, 14], [24, 6, 1, 5], [2, 12, 3, 11], [4, 9, 5, 10], [6, 24, 7, 23]]"
12a_0286_122,"[[6, 24, 7, 23], [8, 20, 9, 19], [10, 17, 11, 18], [12, 16, 13, 15], [14, 21, 15, 22], [16, 2, 17, 1], [18, 3, 19, 4], [20, 8, 21, 7], [22, 13, 23, 14], [24, 6, 1, 5], [2, 12, 3, 11], [4, 9, 5, 10]]"
12a_0286_123,"[[4, 9, 5, 10], [6, 24, 7, 23], [8, 20, 9, 19], [10, 17, 11, 18], [12, 16, 13, 15], [14, 21, 15, 22], [16, 2, 17, 1], [18, 3, 19, 4], [20, 8, 21, 7], [22, 13, 23, 14], [24, 6, 1, 5], [2, 12, 3, 11]]"
12a_0286_124,"[[2, 12, 3, 11], [4, 9, 5, 10], [6, 24, 7, 23], [8, 20, 9, 19], [10, 17, 11, 18], [12, 16, 13, 15], [14, 21, 15, 22], [16, 2, 17, 1], [18, 3, 19, 4], [20, 8, 21, 7], [22, 13, 23, 14], [24, 6, 1, 5]]"
12a_0286_125,"[[24, 6, 1, 5], [2, 12, 3, 11], [4, 9, 5, 10], [6, 24, 7, 23], [8, 20, 9, 19], [10, 17, 11, 18], [12, 16, 13, 15], [14, 21, 15, 22], [16, 2, 17, 1], [18, 3, 19, 4], [20, 8, 21, 7], [22, 13, 23, 14]]"
12a_0286_126,"[[22, 13, 23, 14], [24, 6, 1, 5], [2, 12, 3, 11], [4, 9, 5, 10], [6, 24, 7, 23], [8, 20, 9, 19], [10, 17, 11, 18], [12, 16, 13, 15], [14, 21, 15, 22], [16, 2, 17, 1], [18, 3, 19, 4], [20, 8, 21, 7]]"
12a_0286_127,"[[20, 8, 21, 7], [22, 13, 23, 14], [24, 6, 1, 5], [2, 12, 3, 11], [4, 9, 5, 10], [6, 24, 7, 23], [8, 20, 9, 19], [10, 17, 11, 18], [12, 16, 13, 15], [14, 21, 15, 22], [16, 2, 17, 1], [18, 3, 19, 4]]"
12a_0286_128,"[[18, 3, 19, 4], [20, 8, 21, 7], [22, 13, 23, 14], [24, 6, 1, 5], [2, 12, 3, 11], [4, 9, 5, 10], [6, 24, 7, 23], [8, 20, 9, 19], [10, 17, 11, 18], [12, 16, 13, 15], [14, 21, 15, 22], [16, 2, 17, 1]]"
12a_0286_129,"[[16, 2, 17, 1], [18, 3, 19, 4], [20, 8, 21, 7], [22, 13, 23, 14], [24, 6, 1, 5], [2, 12, 3, 11], [4, 9, 5, 10], [6, 24, 7, 23], [8, 20, 9, 19], [10, 17, 11, 18], [12, 16, 13, 15], [14, 21, 15, 22]]"
12a_0286_130,"[[14, 21, 15, 22], [16, 2, 17, 1], [18, 3, 19, 4], [20, 8, 21, 7], [22, 13, 23, 14], [24, 6, 1, 5], [2, 12, 3, 11], [4, 9, 5, 10], [6, 24, 7, 23], [8, 20, 9, 19], [10, 17, 11, 18], [12, 16, 13, 15]]"
12a_0286_131,"[[12, 16, 13, 15], [14, 21, 15, 22], [16, 2, 17, 1], [18, 3, 19, 4], [20, 8, 21, 7], [22, 13, 23, 14], [24, 6, 1, 5], [2, 12, 3, 11], [4, 9, 5, 10], [6, 24, 7, 23], [8, 20, 9, 19], [10, 17, 11, 18]]"
12a_0286_132,"[[11, 18, 12, 19], [13, 17, 14, 16], [15, 22, 16, 23], [17, 3, 18, 2], [19, 4, 20, 5], [21, 9, 22, 8], [23, 14, 24, 15], [1, 7, 2, 6], [3, 13, 4, 12], [5, 10, 6, 11], [7, 1, 8, 24], [9, 21, 10, 20]]"
12a_0286_133,"[[9, 21, 10, 20], [11, 18, 12, 19], [13, 17, 14, 16], [15, 22, 16, 23], [17, 3, 18, 2], [19, 4, 20, 5], [21, 9, 22, 8], [23, 14, 24, 15], [1, 7, 2, 6], [3, 13, 4, 12], [5, 10, 6, 11], [7, 1, 8, 24]]"
12a_0286_134,"[[7, 1, 8, 24], [9, 21, 10, 20], [11, 18, 12, 19], [13, 17, 14, 16], [15, 22, 16, 23], [17, 3, 18, 2], [19, 4, 20, 5], [21, 9, 22, 8], [23, 14, 24, 15], [1, 7, 2, 6], [3, 13, 4, 12], [5, 10, 6, 11]]"
12a_0286_135,"[[5, 10, 6, 11], [7, 1, 8, 24], [9, 21, 10, 20], [11, 18, 12, 19], [13, 17, 14, 16], [15, 22, 16, 23], [17, 3, 18, 2], [19, 4, 20, 5], [21, 9, 22, 8], [23, 14, 24, 15], [1, 7, 2, 6], [3, 13, 4, 12]]"
12a_0286_136,"[[3, 13, 4, 12], [5, 10, 6, 11], [7, 1, 8, 24], [9, 21, 10, 20], [11, 18, 12, 19], [13, 17, 14, 16], [15, 22, 16, 23], [17, 3, 18, 2], [19, 4, 20, 5], [21, 9, 22, 8], [23, 14, 24, 15], [1, 7, 2, 6]]"
12a_0286_137,"[[1, 7, 2, 6], [3, 13, 4, 12], [5, 10, 6, 11], [7, 1, 8, 24], [9, 21, 10, 20], [11, 18, 12, 19], [13, 17, 14, 16], [15, 22, 16, 23], [17, 3, 18, 2], [19, 4, 20, 5], [21, 9, 22, 8], [23, 14, 24, 15]]"
12a_0286_138,"[[23, 14, 24, 15], [1, 7, 2, 6], [3, 13, 4, 12], [5, 10, 6, 11], [7, 1, 8, 24], [9, 21, 10, 20], [11, 18, 12, 19], [13, 17, 14, 16], [15, 22, 16, 23], [17, 3, 18, 2], [19, 4, 20, 5], [21, 9, 22, 8]]"
12a_0286_139,"[[21, 9, 22, 8], [23, 14, 24, 15], [1, 7, 2, 6], [3, 13, 4, 12], [5, 10, 6, 11], [7, 1, 8, 24], [9, 21, 10, 20], [11, 18, 12, 19], [13, 17, 14, 16], [15, 22, 16, 23], [17, 3, 18, 2], [19, 4, 20, 5]]"
12a_0286_140,"[[19, 4, 20, 5], [21, 9, 22, 8], [23, 14, 24, 15], [1, 7, 2, 6], [3, 13, 4, 12], [5, 10, 6, 11], [7, 1, 8, 24], [9, 21, 10, 20], [11, 18, 12, 19], [13, 17, 14, 16], [15, 22, 16, 23], [17, 3, 18, 2]]"
12a_0286_141,"[[17, 3, 18, 2], [19, 4, 20, 5], [21, 9, 22, 8], [23, 14, 24, 15], [1, 7, 2, 6], [3, 13, 4, 12], [5, 10, 6, 11], [7, 1, 8, 24], [9, 21, 10, 20], [11, 18, 12, 19], [13, 17, 14, 16], [15, 22, 16, 23]]"
12a_0286_142,"[[15, 22, 16, 23], [17, 3, 18, 2], [19, 4, 20, 5], [21, 9, 22, 8], [23, 14, 24, 15], [1, 7, 2, 6], [3, 13, 4, 12], [5, 10, 6, 11], [7, 1, 8, 24], [9, 21, 10, 20], [11, 18, 12, 19], [13, 17, 14, 16]]"
12a_0286_143,"[[13, 17, 14, 16], [15, 22, 16, 23], [17, 3, 18, 2], [19, 4, 20, 5], [21, 9, 22, 8], [23, 14, 24, 15], [1, 7, 2, 6], [3, 13, 4, 12], [5, 10, 6, 11], [7, 1, 8, 24], [9, 21, 10, 20], [11, 18, 12, 19]]"
12a_0286_144,"[[12, 19, 13, 20], [14, 18, 15, 17], [16, 23, 17, 24], [18, 4, 19, 3], [20, 5, 21, 6], [22, 10, 23, 9], [24, 15, 1, 16], [2, 8, 3, 7], [4, 14, 5, 13], [6, 11, 7, 12], [8, 2, 9, 1], [10, 22, 11, 21]]"
12a_0286_145,"[[10, 22, 11, 21], [12, 19, 13, 20], [14, 18, 15, 17], [16, 23, 17, 24], [18, 4, 19, 3], [20, 5, 21, 6], [22, 10, 23, 9], [24, 15, 1, 16], [2, 8, 3, 7], [4, 14, 5, 13], [6, 11, 7, 12], [8, 2, 9, 1]]"
12a_0286_146,"[[8, 2, 9, 1], [10, 22, 11, 21], [12, 19, 13, 20], [14, 18, 15, 17], [16, 23, 17, 24], [18, 4, 19, 3], [20, 5, 21, 6], [22, 10, 23, 9], [24, 15, 1, 16], [2, 8, 3, 7], [4, 14, 5, 13], [6, 11, 7, 12]]"
12a_0286_147,"[[6, 11, 7, 12], [8, 2, 9, 1], [10, 22, 11, 21], [12, 19, 13, 20], [14, 18, 15, 17], [16, 23, 17, 24], [18, 4, 19, 3], [20, 5, 21, 6], [22, 10, 23, 9], [24, 15, 1, 16], [2, 8, 3, 7], [4, 14, 5, 13]]"
12a_0286_148,"[[4, 14, 5, 13], [6, 11, 7, 12], [8, 2, 9, 1], [10, 22, 11, 21], [12, 19, 13, 20], [14, 18, 15, 17], [16, 23, 17, 24], [18, 4, 19, 3], [20, 5, 21, 6], [22, 10, 23, 9], [24, 15, 1, 16], [2, 8, 3, 7]]"
12a_0286_149,"[[2, 8, 3, 7], [4, 14, 5, 13], [6, 11, 7, 12], [8, 2, 9, 1], [10, 22, 11, 21], [12, 19, 13, 20], [14, 18, 15, 17], [16, 23, 17, 24], [18, 4, 19, 3], [20, 5, 21, 6], [22, 10, 23, 9], [24, 15, 1, 16]]"
12a_0286_150,"[[24, 15, 1, 16], [2, 8, 3, 7], [4, 14, 5, 13], [6, 11, 7, 12], [8, 2, 9, 1], [10, 22, 11, 21], [12, 19, 13, 20], [14, 18, 15, 17], [16, 23, 17, 24], [18, 4, 19, 3], [20, 5, 21, 6], [22, 10, 23, 9]]"
12a_0286_151,"[[22, 10, 23, 9], [24, 15, 1, 16], [2, 8, 3, 7], [4, 14, 5, 13], [6, 11, 7, 12], [8, 2, 9, 1], [10, 22, 11, 21], [12, 19, 13, 20], [14, 18, 15, 17], [16, 23, 17, 24], [18, 4, 19, 3], [20, 5, 21, 6]]"
12a_0286_152,"[[20, 5, 21, 6], [22, 10, 23, 9], [24, 15, 1, 16], [2, 8, 3, 7], [4, 14, 5, 13], [6, 11, 7, 12], [8, 2, 9, 1], [10, 22, 11, 21], [12, 19, 13, 20], [14, 18, 15, 17], [16, 23, 17, 24], [18, 4, 19, 3]]"
12a_0286_153,"[[18, 4, 19, 3], [20, 5, 21, 6], [22, 10, 23, 9], [24, 15, 1, 16], [2, 8, 3, 7], [4, 14, 5, 13], [6, 11, 7, 12], [8, 2, 9, 1], [10, 22, 11, 21], [12, 19, 13, 20], [14, 18, 15, 17], [16, 23, 17, 24]]"
12a_0286_154,"[[16, 23, 17, 24], [18, 4, 19, 3], [20, 5, 21, 6], [22, 10, 23, 9], [24, 15, 1, 16], [2, 8, 3, 7], [4, 14, 5, 13], [6, 11, 7, 12], [8, 2, 9, 1], [10, 22, 11, 21], [12, 19, 13, 20], [14, 18, 15, 17]]"
12a_0286_155,"[[14, 18, 15, 17], [16, 23, 17, 24], [18, 4, 19, 3], [20, 5, 21, 6], [22, 10, 23, 9], [24, 15, 1, 16], [2, 8, 3, 7], [4, 14, 5, 13], [6, 11, 7, 12], [8, 2, 9, 1], [10, 22, 11, 21], [12, 19, 13, 20]]"
12a_0286_156,"[[13, 20, 14, 21], [15, 19, 16, 18], [17, 24, 18, 1], [19, 5, 20, 4], [21, 6, 22, 7], [23, 11, 24, 10], [1, 16, 2, 17], [3, 9, 4, 8], [5, 15, 6, 14], [7, 12, 8, 13], [9, 3, 10, 2], [11, 23, 12, 22]]"
12a_0286_157,"[[11, 23, 12, 22], [13, 20, 14, 21], [15, 19, 16, 18], [17, 24, 18, 1], [19, 5, 20, 4], [21, 6, 22, 7], [23, 11, 24, 10], [1, 16, 2, 17], [3, 9, 4, 8], [5, 15, 6, 14], [7, 12, 8, 13], [9, 3, 10, 2]]"
12a_0286_158,"[[9, 3, 10, 2], [11, 23, 12, 22], [13, 20, 14, 21], [15, 19, 16, 18], [17, 24, 18, 1], [19, 5, 20, 4], [21, 6, 22, 7], [23, 11, 24, 10], [1, 16, 2, 17], [3, 9, 4, 8], [5, 15, 6, 14], [7, 12, 8, 13]]"
12a_0286_159,"[[7, 12, 8, 13], [9, 3, 10, 2], [11, 23, 12, 22], [13, 20, 14, 21], [15, 19, 16, 18], [17, 24, 18, 1], [19, 5, 20, 4], [21, 6, 22, 7], [23, 11, 24, 10], [1, 16, 2, 17], [3, 9, 4, 8], [5, 15, 6, 14]]"
12a_0286_160,"[[5, 15, 6, 14], [7, 12, 8, 13], [9, 3, 10, 2], [11, 23, 12, 22], [13, 20, 14, 21], [15, 19, 16, 18], [17, 24, 18, 1], [19, 5, 20, 4], [21, 6, 22, 7], [23, 11, 24, 10], [1, 16, 2, 17], [3, 9, 4, 8]]"
12a_0286_161,"[[3, 9, 4, 8], [5, 15, 6, 14], [7, 12, 8, 13], [9, 3, 10, 2], [11, 23, 12, 22], [13, 20, 14, 21], [15, 19, 16, 18], [17, 24, 18, 1], [19, 5, 20, 4], [21, 6, 22, 7], [23, 11, 24, 10], [1, 16, 2, 17]]"
12a_0286_162,"[[1, 16, 2, 17], [3, 9, 4, 8], [5, 15, 6, 14], [7, 12, 8, 13], [9, 3, 10, 2], [11, 23, 12, 22], [13, 20, 14, 21], [15, 19, 16, 18], [17, 24, 18, 1], [19, 5, 20, 4], [21, 6, 22, 7], [23, 11, 24, 10]]"
12a_0286_163,"[[23, 11, 24, 10], [1, 16, 2, 17], [3, 9, 4, 8], [5, 15, 6, 14], [7, 12, 8, 13], [9, 3, 10, 2], [11, 23, 12, 22], [13, 20, 14, 21], [15, 19, 16, 18], [17, 24, 18, 1], [19, 5, 20, 4], [21, 6, 22, 7]]"
12a_0286_164,"[[21, 6, 22, 7], [23, 11, 24, 10], [1, 16, 2, 17], [3, 9, 4, 8], [5, 15, 6, 14], [7, 12, 8, 13], [9, 3, 10, 2], [11, 23, 12, 22], [13, 20, 14, 21], [15, 19, 16, 18], [17, 24, 18, 1], [19, 5, 20, 4]]"
12a_0286_165,"[[19, 5, 20, 4], [21, 6, 22, 7], [23, 11, 24, 10], [1, 16, 2, 17], [3, 9, 4, 8], [5, 15, 6, 14], [7, 12, 8, 13], [9, 3, 10, 2], [11, 23, 12, 22], [13, 20, 14, 21], [15, 19, 16, 18], [17, 24, 18, 1]]"
12a_0286_166,"[[17, 24, 18, 1], [19, 5, 20, 4], [21, 6, 22, 7], [23, 11, 24, 10], [1, 16, 2, 17], [3, 9, 4, 8], [5, 15, 6, 14], [7, 12, 8, 13], [9, 3, 10, 2], [11, 23, 12, 22], [13, 20, 14, 21], [15, 19, 16, 18]]"
12a_0286_167,"[[15, 19, 16, 18], [17, 24, 18, 1], [19, 5, 20, 4], [21, 6, 22, 7], [23, 11, 24, 10], [1, 16, 2, 17], [3, 9, 4, 8], [5, 15, 6, 14], [7, 12, 8, 13], [9, 3, 10, 2], [11, 23, 12, 22], [13, 20, 14, 21]]"
12a_0286_168,"[[14, 21, 15, 22], [16, 20, 17, 19], [18, 1, 19, 2], [20, 6, 21, 5], [22, 7, 23, 8], [24, 12, 1, 11], [2, 17, 3, 18], [4, 10, 5, 9], [6, 16, 7, 15], [8, 13, 9, 14], [10, 4, 11, 3], [12, 24, 13, 23]]"
12a_0286_169,"[[12, 24, 13, 23], [14, 21, 15, 22], [16, 20, 17, 19], [18, 1, 19, 2], [20, 6, 21, 5], [22, 7, 23, 8], [24, 12, 1, 11], [2, 17, 3, 18], [4, 10, 5, 9], [6, 16, 7, 15], [8, 13, 9, 14], [10, 4, 11, 3]]"
12a_0286_170,"[[10, 4, 11, 3], [12, 24, 13, 23], [14, 21, 15, 22], [16, 20, 17, 19], [18, 1, 19, 2], [20, 6, 21, 5], [22, 7, 23, 8], [24, 12, 1, 11], [2, 17, 3, 18], [4, 10, 5, 9], [6, 16, 7, 15], [8, 13, 9, 14]]"
12a_0286_171,"[[8, 13, 9, 14], [10, 4, 11, 3], [12, 24, 13, 23], [14, 21, 15, 22], [16, 20, 17, 19], [18, 1, 19, 2], [20, 6, 21, 5], [22, 7, 23, 8], [24, 12, 1, 11], [2, 17, 3, 18], [4, 10, 5, 9], [6, 16, 7, 15]]"
12a_0286_172,"[[6, 16, 7, 15], [8, 13, 9, 14], [10, 4, 11, 3], [12, 24, 13, 23], [14, 21, 15, 22], [16, 20, 17, 19], [18, 1, 19, 2], [20, 6, 21, 5], [22, 7, 23, 8], [24, 12, 1, 11], [2, 17, 3, 18], [4, 10, 5, 9]]"
12a_0286_173,"[[4, 10, 5, 9], [6, 16, 7, 15], [8, 13, 9, 14], [10, 4, 11, 3], [12, 24, 13, 23], [14, 21, 15, 22], [16, 20, 17, 19], [18, 1, 19, 2], [20, 6, 21, 5], [22, 7, 23, 8], [24, 12, 1, 11], [2, 17, 3, 18]]"
12a_0286_174,"[[2, 17, 3, 18], [4, 10, 5, 9], [6, 16, 7, 15], [8, 13, 9, 14], [10, 4, 11, 3], [12, 24, 13, 23], [14, 21, 15, 22], [16, 20, 17, 19], [18, 1, 19, 2], [20, 6, 21, 5], [22, 7, 23, 8], [24, 12, 1, 11]]"
12a_0286_175,"[[24, 12, 1, 11], [2, 17, 3, 18], [4, 10, 5, 9], [6, 16, 7, 15], [8, 13, 9, 14], [10, 4, 11, 3], [12, 24, 13, 23], [14, 21, 15, 22], [16, 20, 17, 19], [18, 1, 19, 2], [20, 6, 21, 5], [22, 7, 23, 8]]"
12a_0286_176,"[[22, 7, 23, 8], [24, 12, 1, 11], [2, 17, 3, 18], [4, 10, 5, 9], [6, 16, 7, 15], [8, 13, 9, 14], [10, 4, 11, 3], [12, 24, 13, 23], [14, 21, 15, 22], [16, 20, 17, 19], [18, 1, 19, 2], [20, 6, 21, 5]]"
12a_0286_177,"[[20, 6, 21, 5], [22, 7, 23, 8], [24, 12, 1, 11], [2, 17, 3, 18], [4, 10, 5, 9], [6, 16, 7, 15], [8, 13, 9, 14], [10, 4, 11, 3], [12, 24, 13, 23], [14, 21, 15, 22], [16, 20, 17, 19], [18, 1, 19, 2]]"
12a_0286_178,"[[18, 1, 19, 2], [20, 6, 21, 5], [22, 7, 23, 8], [24, 12, 1, 11], [2, 17, 3, 18], [4, 10, 5, 9], [6, 16, 7, 15], [8, 13, 9, 14], [10, 4, 11, 3], [12, 24, 13, 23], [14, 21, 15, 22], [16, 20, 17, 19]]"
12a_0286_179,"[[16, 20, 17, 19], [18, 1, 19, 2], [20, 6, 21, 5], [22, 7, 23, 8], [24, 12, 1, 11], [2, 17, 3, 18], [4, 10, 5, 9], [6, 16, 7, 15], [8, 13, 9, 14], [10, 4, 11, 3], [12, 24, 13, 23], [14, 21, 15, 22]]"
12a_0286_180,"[[15, 22, 16, 23], [17, 21, 18, 20], [19, 2, 20, 3], [21, 7, 22, 6], [23, 8, 24, 9], [1, 13, 2, 12], [3, 18, 4, 19], [5, 11, 6, 10], [7, 17, 8, 16], [9, 14, 10, 15], [11, 5, 12, 4], [13, 1, 14, 24]]"
12a_0286_181,"[[13, 1, 14, 24], [15, 22, 16, 23], [17, 21, 18, 20], [19, 2, 20, 3], [21, 7, 22, 6], [23, 8, 24, 9], [1, 13, 2, 12], [3, 18, 4, 19], [5, 11, 6, 10], [7, 17, 8, 16], [9, 14, 10, 15], [11, 5, 12, 4]]"
12a_0286_182,"[[11, 5, 12, 4], [13, 1, 14, 24], [15, 22, 16, 23], [17, 21, 18, 20], [19, 2, 20, 3], [21, 7, 22, 6], [23, 8, 24, 9], [1, 13, 2, 12], [3, 18, 4, 19], [5, 11, 6, 10], [7, 17, 8, 16], [9, 14, 10, 15]]"
12a_0286_183,"[[9, 14, 10, 15], [11, 5, 12, 4], [13, 1, 14, 24], [15, 22, 16, 23], [17, 21, 18, 20], [19, 2, 20, 3], [21, 7, 22, 6], [23, 8, 24, 9], [1, 13, 2, 12], [3, 18, 4, 19], [5, 11, 6, 10], [7, 17, 8, 16]]"
12a_0286_184,"[[7, 17, 8, 16], [9, 14, 10, 15], [11, 5, 12, 4], [13, 1, 14, 24], [15, 22, 16, 23], [17, 21, 18, 20], [19, 2, 20, 3], [21, 7, 22, 6], [23, 8, 24, 9], [1, 13, 2, 12], [3, 18, 4, 19], [5, 11, 6, 10]]"
12a_0286_185,"[[5, 11, 6, 10], [7, 17, 8, 16], [9, 14, 10, 15], [11, 5, 12, 4], [13, 1, 14, 24], [15, 22, 16, 23], [17, 21, 18, 20], [19, 2, 20, 3], [21, 7, 22, 6], [23, 8, 24, 9], [1, 13, 2, 12], [3, 18, 4, 19]]"
