name,pd_notation
12a_0301_0,"[[24, 18, 1, 17], [2, 6, 3, 5], [4, 12, 5, 11], [6, 15, 7, 16], [8, 19, 9, 20], [10, 4, 11, 3], [12, 1, 13, 2], [14, 21, 15, 22], [16, 9, 17, 10], [18, 24, 19, 23], [20, 7, 21, 8], [22, 13, 23, 14]]"
12a_0301_1,"[[22, 13, 23, 14], [24, 18, 1, 17], [2, 6, 3, 5], [4, 12, 5, 11], [6, 15, 7, 16], [8, 19, 9, 20], [10, 4, 11, 3], [12, 1, 13, 2], [14, 21, 15, 22], [16, 9, 17, 10], [18, 24, 19, 23], [20, 7, 21, 8]]"
12a_0301_2,"[[20, 7, 21, 8], [22, 13, 23, 14], [24, 18, 1, 17], [2, 6, 3, 5], [4, 12, 5, 11], [6, 15, 7, 16], [8, 19, 9, 20], [10, 4, 11, 3], [12, 1, 13, 2], [14, 21, 15, 22], [16, 9, 17, 10], [18, 24, 19, 23]]"
12a_0301_3,"[[18, 24, 19, 23], [20, 7, 21, 8], [22, 13, 23, 14], [24, 18, 1, 17], [2, 6, 3, 5], [4, 12, 5, 11], [6, 15, 7, 16], [8, 19, 9, 20], [10, 4, 11, 3], [12, 1, 13, 2], [14, 21, 15, 22], [16, 9, 17, 10]]"
12a_0301_4,"[[16, 9, 17, 10], [18, 24, 19, 23], [20, 7, 21, 8], [22, 13, 23, 14], [24, 18, 1, 17], [2, 6, 3, 5], [4, 12, 5, 11], [6, 15, 7, 16], [8, 19, 9, 20], [10, 4, 11, 3], [12, 1, 13, 2], [14, 21, 15, 22]]"
12a_0301_5,"[[14, 21, 15, 22], [16, 9, 17, 10], [18, 24, 19, 23], [20, 7, 21, 8], [22, 13, 23, 14], [24, 18, 1, 17], [2, 6, 3, 5], [4, 12, 5, 11], [6, 15, 7, 16], [8, 19, 9, 20], [10, 4, 11, 3], [12, 1, 13, 2]]"
12a_0301_6,"[[12, 1, 13, 2], [14, 21, 15, 22], [16, 9, 17, 10], [18, 24, 19, 23], [20, 7, 21, 8], [22, 13, 23, 14], [24, 18, 1, 17], [2, 6, 3, 5], [4, 12, 5, 11], [6, 15, 7, 16], [8, 19, 9, 20], [10, 4, 11, 3]]"
12a_0301_7,"[[10, 4, 11, 3], [12, 1, 13, 2], [14, 21, 15, 22], [16, 9, 17, 10], [18, 24, 19, 23], [20, 7, 21, 8], [22, 13, 23, 14], [24, 18, 1, 17], [2, 6, 3, 5], [4, 12, 5, 11], [6, 15, 7, 16], [8, 19, 9, 20]]"
12a_0301_8,"[[8, 19, 9, 20], [10, 4, 11, 3], [12, 1, 13, 2], [14, 21, 15, 22], [16, 9, 17, 10], [18, 24, 19, 23], [20, 7, 21, 8], [22, 13, 23, 14], [24, 18, 1, 17], [2, 6, 3, 5], [4, 12, 5, 11], [6, 15, 7, 16]]"
12a_0301_9,"[[6, 15, 7, 16], [8, 19, 9, 20], [10, 4, 11, 3], [12, 1, 13, 2], [14, 21, 15, 22], [16, 9, 17, 10], [18, 24, 19, 23], [20, 7, 21, 8], [22, 13, 23, 14], [24, 18, 1, 17], [2, 6, 3, 5], [4, 12, 5, 11]]"
12a_0301_10,"[[4, 12, 5, 11], [6, 15, 7, 16], [8, 19, 9, 20], [10, 4, 11, 3], [12, 1, 13, 2], [14, 21, 15, 22], [16, 9, 17, 10], [18, 24, 19, 23], [20, 7, 21, 8], [22, 13, 23, 14], [24, 18, 1, 17], [2, 6, 3, 5]]"
12a_0301_11,"[[2, 6, 3, 5], [4, 12, 5, 11], [6, 15, 7, 16], [8, 19, 9, 20], [10, 4, 11, 3], [12, 1, 13, 2], [14, 21, 15, 22], [16, 9, 17, 10], [18, 24, 19, 23], [20, 7, 21, 8], [22, 13, 23, 14], [24, 18, 1, 17]]"
12a_0301_12,"[[1, 19, 2, 18], [3, 7, 4, 6], [5, 13, 6, 12], [7, 16, 8, 17], [9, 20, 10, 21], [11, 5, 12, 4], [13, 2, 14, 3], [15, 22, 16, 23], [17, 10, 18, 11], [19, 1, 20, 24], [21, 8, 22, 9], [23, 14, 24, 15]]"
12a_0301_13,"[[23, 14, 24, 15], [1, 19, 2, 18], [3, 7, 4, 6], [5, 13, 6, 12], [7, 16, 8, 17], [9, 20, 10, 21], [11, 5, 12, 4], [13, 2, 14, 3], [15, 22, 16, 23], [17, 10, 18, 11], [19, 1, 20, 24], [21, 8, 22, 9]]"
12a_0301_14,"[[21, 8, 22, 9], [23, 14, 24, 15], [1, 19, 2, 18], [3, 7, 4, 6], [5, 13, 6, 12], [7, 16, 8, 17], [9, 20, 10, 21], [11, 5, 12, 4], [13, 2, 14, 3], [15, 22, 16, 23], [17, 10, 18, 11], [19, 1, 20, 24]]"
12a_0301_15,"[[19, 1, 20, 24], [21, 8, 22, 9], [23, 14, 24, 15], [1, 19, 2, 18], [3, 7, 4, 6], [5, 13, 6, 12], [7, 16, 8, 17], [9, 20, 10, 21], [11, 5, 12, 4], [13, 2, 14, 3], [15, 22, 16, 23], [17, 10, 18, 11]]"
12a_0301_16,"[[17, 10, 18, 11], [19, 1, 20, 24], [21, 8, 22, 9], [23, 14, 24, 15], [1, 19, 2, 18], [3, 7, 4, 6], [5, 13, 6, 12], [7, 16, 8, 17], [9, 20, 10, 21], [11, 5, 12, 4], [13, 2, 14, 3], [15, 22, 16, 23]]"
12a_0301_17,"[[15, 22, 16, 23], [17, 10, 18, 11], [19, 1, 20, 24], [21, 8, 22, 9], [23, 14, 24, 15], [1, 19, 2, 18], [3, 7, 4, 6], [5, 13, 6, 12], [7, 16, 8, 17], [9, 20, 10, 21], [11, 5, 12, 4], [13, 2, 14, 3]]"
12a_0301_18,"[[13, 2, 14, 3], [15, 22, 16, 23], [17, 10, 18, 11], [19, 1, 20, 24], [21, 8, 22, 9], [23, 14, 24, 15], [1, 19, 2, 18], [3, 7, 4, 6], [5, 13, 6, 12], [7, 16, 8, 17], [9, 20, 10, 21], [11, 5, 12, 4]]"
12a_0301_19,"[[11, 5, 12, 4], [13, 2, 14, 3], [15, 22, 16, 23], [17, 10, 18, 11], [19, 1, 20, 24], [21, 8, 22, 9], [23, 14, 24, 15], [1, 19, 2, 18], [3, 7, 4, 6], [5, 13, 6, 12], [7, 16, 8, 17], [9, 20, 10, 21]]"
12a_0301_20,"[[9, 20, 10, 21], [11, 5, 12, 4], [13, 2, 14, 3], [15, 22, 16, 23], [17, 10, 18, 11], [19, 1, 20, 24], [21, 8, 22, 9], [23, 14, 24, 15], [1, 19, 2, 18], [3, 7, 4, 6], [5, 13, 6, 12], [7, 16, 8, 17]]"
12a_0301_21,"[[7, 16, 8, 17], [9, 20, 10, 21], [11, 5, 12, 4], [13, 2, 14, 3], [15, 22, 16, 23], [17, 10, 18, 11], [19, 1, 20, 24], [21, 8, 22, 9], [23, 14, 24, 15], [1, 19, 2, 18], [3, 7, 4, 6], [5, 13, 6, 12]]"
12a_0301_22,"[[5, 13, 6, 12], [7, 16, 8, 17], [9, 20, 10, 21], [11, 5, 12, 4], [13, 2, 14, 3], [15, 22, 16, 23], [17, 10, 18, 11], [19, 1, 20, 24], [21, 8, 22, 9], [23, 14, 24, 15], [1, 19, 2, 18], [3, 7, 4, 6]]"
12a_0301_23,"[[3, 7, 4, 6], [5, 13, 6, 12], [7, 16, 8, 17], [9, 20, 10, 21], [11, 5, 12, 4], [13, 2, 14, 3], [15, 22, 16, 23], [17, 10, 18, 11], [19, 1, 20, 24], [21, 8, 22, 9], [23, 14, 24, 15], [1, 19, 2, 18]]"
12a_0301_24,"[[2, 20, 3, 19], [4, 8, 5, 7], [6, 14, 7, 13], [8, 17, 9, 18], [10, 21, 11, 22], [12, 6, 13, 5], [14, 3, 15, 4], [16, 23, 17, 24], [18, 11, 19, 12], [20, 2, 21, 1], [22, 9, 23, 10], [24, 15, 1, 16]]"
12a_0301_25,"[[24, 15, 1, 16], [2, 20, 3, 19], [4, 8, 5, 7], [6, 14, 7, 13], [8, 17, 9, 18], [10, 21, 11, 22], [12, 6, 13, 5], [14, 3, 15, 4], [16, 23, 17, 24], [18, 11, 19, 12], [20, 2, 21, 1], [22, 9, 23, 10]]"
12a_0301_26,"[[22, 9, 23, 10], [24, 15, 1, 16], [2, 20, 3, 19], [4, 8, 5, 7], [6, 14, 7, 13], [8, 17, 9, 18], [10, 21, 11, 22], [12, 6, 13, 5], [14, 3, 15, 4], [16, 23, 17, 24], [18, 11, 19, 12], [20, 2, 21, 1]]"
12a_0301_27,"[[20, 2, 21, 1], [22, 9, 23, 10], [24, 15, 1, 16], [2, 20, 3, 19], [4, 8, 5, 7], [6, 14, 7, 13], [8, 17, 9, 18], [10, 21, 11, 22], [12, 6, 13, 5], [14, 3, 15, 4], [16, 23, 17, 24], [18, 11, 19, 12]]"
12a_0301_28,"[[18, 11, 19, 12], [20, 2, 21, 1], [22, 9, 23, 10], [24, 15, 1, 16], [2, 20, 3, 19], [4, 8, 5, 7], [6, 14, 7, 13], [8, 17, 9, 18], [10, 21, 11, 22], [12, 6, 13, 5], [14, 3, 15, 4], [16, 23, 17, 24]]"
12a_0301_29,"[[16, 23, 17, 24], [18, 11, 19, 12], [20, 2, 21, 1], [22, 9, 23, 10], [24, 15, 1, 16], [2, 20, 3, 19], [4, 8, 5, 7], [6, 14, 7, 13], [8, 17, 9, 18], [10, 21, 11, 22], [12, 6, 13, 5], [14, 3, 15, 4]]"
12a_0301_30,"[[14, 3, 15, 4], [16, 23, 17, 24], [18, 11, 19, 12], [20, 2, 21, 1], [22, 9, 23, 10], [24, 15, 1, 16], [2, 20, 3, 19], [4, 8, 5, 7], [6, 14, 7, 13], [8, 17, 9, 18], [10, 21, 11, 22], [12, 6, 13, 5]]"
12a_0301_31,"[[12, 6, 13, 5], [14, 3, 15, 4], [16, 23, 17, 24], [18, 11, 19, 12], [20, 2, 21, 1], [22, 9, 23, 10], [24, 15, 1, 16], [2, 20, 3, 19], [4, 8, 5, 7], [6, 14, 7, 13], [8, 17, 9, 18], [10, 21, 11, 22]]"
12a_0301_32,"[[10, 21, 11, 22], [12, 6, 13, 5], [14, 3, 15, 4], [16, 23, 17, 24], [18, 11, 19, 12], [20, 2, 21, 1], [22, 9, 23, 10], [24, 15, 1, 16], [2, 20, 3, 19], [4, 8, 5, 7], [6, 14, 7, 13], [8, 17, 9, 18]]"
12a_0301_33,"[[8, 17, 9, 18], [10, 21, 11, 22], [12, 6, 13, 5], [14, 3, 15, 4], [16, 23, 17, 24], [18, 11, 19, 12], [20, 2, 21, 1], [22, 9, 23, 10], [24, 15, 1, 16], [2, 20, 3, 19], [4, 8, 5, 7], [6, 14, 7, 13]]"
12a_0301_34,"[[6, 14, 7, 13], [8, 17, 9, 18], [10, 21, 11, 22], [12, 6, 13, 5], [14, 3, 15, 4], [16, 23, 17, 24], [18, 11, 19, 12], [20, 2, 21, 1], [22, 9, 23, 10], [24, 15, 1, 16], [2, 20, 3, 19], [4, 8, 5, 7]]"
12a_0301_35,"[[4, 8, 5, 7], [6, 14, 7, 13], [8, 17, 9, 18], [10, 21, 11, 22], [12, 6, 13, 5], [14, 3, 15, 4], [16, 23, 17, 24], [18, 11, 19, 12], [20, 2, 21, 1], [22, 9, 23, 10], [24, 15, 1, 16], [2, 20, 3, 19]]"
12a_0301_36,"[[3, 21, 4, 20], [5, 9, 6, 8], [7, 15, 8, 14], [9, 18, 10, 19], [11, 22, 12, 23], [13, 7, 14, 6], [15, 4, 16, 5], [17, 24, 18, 1], [19, 12, 20, 13], [21, 3, 22, 2], [23, 10, 24, 11], [1, 16, 2, 17]]"
12a_0301_37,"[[1, 16, 2, 17], [3, 21, 4, 20], [5, 9, 6, 8], [7, 15, 8, 14], [9, 18, 10, 19], [11, 22, 12, 23], [13, 7, 14, 6], [15, 4, 16, 5], [17, 24, 18, 1], [19, 12, 20, 13], [21, 3, 22, 2], [23, 10, 24, 11]]"
12a_0301_38,"[[23, 10, 24, 11], [1, 16, 2, 17], [3, 21, 4, 20], [5, 9, 6, 8], [7, 15, 8, 14], [9, 18, 10, 19], [11, 22, 12, 23], [13, 7, 14, 6], [15, 4, 16, 5], [17, 24, 18, 1], [19, 12, 20, 13], [21, 3, 22, 2]]"
12a_0301_39,"[[21, 3, 22, 2], [23, 10, 24, 11], [1, 16, 2, 17], [3, 21, 4, 20], [5, 9, 6, 8], [7, 15, 8, 14], [9, 18, 10, 19], [11, 22, 12, 23], [13, 7, 14, 6], [15, 4, 16, 5], [17, 24, 18, 1], [19, 12, 20, 13]]"
12a_0301_40,"[[19, 12, 20, 13], [21, 3, 22, 2], [23, 10, 24, 11], [1, 16, 2, 17], [3, 21, 4, 20], [5, 9, 6, 8], [7, 15, 8, 14], [9, 18, 10, 19], [11, 22, 12, 23], [13, 7, 14, 6], [15, 4, 16, 5], [17, 24, 18, 1]]"
12a_0301_41,"[[17, 24, 18, 1], [19, 12, 20, 13], [21, 3, 22, 2], [23, 10, 24, 11], [1, 16, 2, 17], [3, 21, 4, 20], [5, 9, 6, 8], [7, 15, 8, 14], [9, 18, 10, 19], [11, 22, 12, 23], [13, 7, 14, 6], [15, 4, 16, 5]]"
12a_0301_42,"[[15, 4, 16, 5], [17, 24, 18, 1], [19, 12, 20, 13], [21, 3, 22, 2], [23, 10, 24, 11], [1, 16, 2, 17], [3, 21, 4, 20], [5, 9, 6, 8], [7, 15, 8, 14], [9, 18, 10, 19], [11, 22, 12, 23], [13, 7, 14, 6]]"
12a_0301_43,"[[13, 7, 14, 6], [15, 4, 16, 5], [17, 24, 18, 1], [19, 12, 20, 13], [21, 3, 22, 2], [23, 10, 24, 11], [1, 16, 2, 17], [3, 21, 4, 20], [5, 9, 6, 8], [7, 15, 8, 14], [9, 18, 10, 19], [11, 22, 12, 23]]"
12a_0301_44,"[[11, 22, 12, 23], [13, 7, 14, 6], [15, 4, 16, 5], [17, 24, 18, 1], [19, 12, 20, 13], [21, 3, 22, 2], [23, 10, 24, 11], [1, 16, 2, 17], [3, 21, 4, 20], [5, 9, 6, 8], [7, 15, 8, 14], [9, 18, 10, 19]]"
12a_0301_45,"[[9, 18, 10, 19], [11, 22, 12, 23], [13, 7, 14, 6], [15, 4, 16, 5], [17, 24, 18, 1], [19, 12, 20, 13], [21, 3, 22, 2], [23, 10, 24, 11], [1, 16, 2, 17], [3, 21, 4, 20], [5, 9, 6, 8], [7, 15, 8, 14]]"
12a_0301_46,"[[7, 15, 8, 14], [9, 18, 10, 19], [11, 22, 12, 23], [13, 7, 14, 6], [15, 4, 16, 5], [17, 24, 18, 1], [19, 12, 20, 13], [21, 3, 22, 2], [23, 10, 24, 11], [1, 16, 2, 17], [3, 21, 4, 20], [5, 9, 6, 8]]"
12a_0301_47,"[[5, 9, 6, 8], [7, 15, 8, 14], [9, 18, 10, 19], [11, 22, 12, 23], [13, 7, 14, 6], [15, 4, 16, 5], [17, 24, 18, 1], [19, 12, 20, 13], [21, 3, 22, 2], [23, 10, 24, 11], [1, 16, 2, 17], [3, 21, 4, 20]]"
12a_0301_48,"[[4, 22, 5, 21], [6, 10, 7, 9], [8, 16, 9, 15], [10, 19, 11, 20], [12, 23, 13, 24], [14, 8, 15, 7], [16, 5, 17, 6], [18, 1, 19, 2], [20, 13, 21, 14], [22, 4, 23, 3], [24, 11, 1, 12], [2, 17, 3, 18]]"
12a_0301_49,"[[2, 17, 3, 18], [4, 22, 5, 21], [6, 10, 7, 9], [8, 16, 9, 15], [10, 19, 11, 20], [12, 23, 13, 24], [14, 8, 15, 7], [16, 5, 17, 6], [18, 1, 19, 2], [20, 13, 21, 14], [22, 4, 23, 3], [24, 11, 1, 12]]"
12a_0301_50,"[[24, 11, 1, 12], [2, 17, 3, 18], [4, 22, 5, 21], [6, 10, 7, 9], [8, 16, 9, 15], [10, 19, 11, 20], [12, 23, 13, 24], [14, 8, 15, 7], [16, 5, 17, 6], [18, 1, 19, 2], [20, 13, 21, 14], [22, 4, 23, 3]]"
12a_0301_51,"[[22, 4, 23, 3], [24, 11, 1, 12], [2, 17, 3, 18], [4, 22, 5, 21], [6, 10, 7, 9], [8, 16, 9, 15], [10, 19, 11, 20], [12, 23, 13, 24], [14, 8, 15, 7], [16, 5, 17, 6], [18, 1, 19, 2], [20, 13, 21, 14]]"
12a_0301_52,"[[20, 13, 21, 14], [22, 4, 23, 3], [24, 11, 1, 12], [2, 17, 3, 18], [4, 22, 5, 21], [6, 10, 7, 9], [8, 16, 9, 15], [10, 19, 11, 20], [12, 23, 13, 24], [14, 8, 15, 7], [16, 5, 17, 6], [18, 1, 19, 2]]"
12a_0301_53,"[[18, 1, 19, 2], [20, 13, 21, 14], [22, 4, 23, 3], [24, 11, 1, 12], [2, 17, 3, 18], [4, 22, 5, 21], [6, 10, 7, 9], [8, 16, 9, 15], [10, 19, 11, 20], [12, 23, 13, 24], [14, 8, 15, 7], [16, 5, 17, 6]]"
12a_0301_54,"[[16, 5, 17, 6], [18, 1, 19, 2], [20, 13, 21, 14], [22, 4, 23, 3], [24, 11, 1, 12], [2, 17, 3, 18], [4, 22, 5, 21], [6, 10, 7, 9], [8, 16, 9, 15], [10, 19, 11, 20], [12, 23, 13, 24], [14, 8, 15, 7]]"
12a_0301_55,"[[14, 8, 15, 7], [16, 5, 17, 6], [18, 1, 19, 2], [20, 13, 21, 14], [22, 4, 23, 3], [24, 11, 1, 12], [2, 17, 3, 18], [4, 22, 5, 21], [6, 10, 7, 9], [8, 16, 9, 15], [10, 19, 11, 20], [12, 23, 13, 24]]"
12a_0301_56,"[[12, 23, 13, 24], [14, 8, 15, 7], [16, 5, 17, 6], [18, 1, 19, 2], [20, 13, 21, 14], [22, 4, 23, 3], [24, 11, 1, 12], [2, 17, 3, 18], [4, 22, 5, 21], [6, 10, 7, 9], [8, 16, 9, 15], [10, 19, 11, 20]]"
12a_0301_57,"[[10, 19, 11, 20], [12, 23, 13, 24], [14, 8, 15, 7], [16, 5, 17, 6], [18, 1, 19, 2], [20, 13, 21, 14], [22, 4, 23, 3], [24, 11, 1, 12], [2, 17, 3, 18], [4, 22, 5, 21], [6, 10, 7, 9], [8, 16, 9, 15]]"
12a_0301_58,"[[8, 16, 9, 15], [10, 19, 11, 20], [12, 23, 13, 24], [14, 8, 15, 7], [16, 5, 17, 6], [18, 1, 19, 2], [20, 13, 21, 14], [22, 4, 23, 3], [24, 11, 1, 12], [2, 17, 3, 18], [4, 22, 5, 21], [6, 10, 7, 9]]"
12a_0301_59,"[[6, 10, 7, 9], [8, 16, 9, 15], [10, 19, 11, 20], [12, 23, 13, 24], [14, 8, 15, 7], [16, 5, 17, 6], [18, 1, 19, 2], [20, 13, 21, 14], [22, 4, 23, 3], [24, 11, 1, 12], [2, 17, 3, 18], [4, 22, 5, 21]]"
12a_0301_60,"[[5, 23, 6, 22], [7, 11, 8, 10], [9, 17, 10, 16], [11, 20, 12, 21], [13, 24, 14, 1], [15, 9, 16, 8], [17, 6, 18, 7], [19, 2, 20, 3], [21, 14, 22, 15], [23, 5, 24, 4], [1, 12, 2, 13], [3, 18, 4, 19]]"
12a_0301_61,"[[3, 18, 4, 19], [5, 23, 6, 22], [7, 11, 8, 10], [9, 17, 10, 16], [11, 20, 12, 21], [13, 24, 14, 1], [15, 9, 16, 8], [17, 6, 18, 7], [19, 2, 20, 3], [21, 14, 22, 15], [23, 5, 24, 4], [1, 12, 2, 13]]"
12a_0301_62,"[[1, 12, 2, 13], [3, 18, 4, 19], [5, 23, 6, 22], [7, 11, 8, 10], [9, 17, 10, 16], [11, 20, 12, 21], [13, 24, 14, 1], [15, 9, 16, 8], [17, 6, 18, 7], [19, 2, 20, 3], [21, 14, 22, 15], [23, 5, 24, 4]]"
12a_0301_63,"[[23, 5, 24, 4], [1, 12, 2, 13], [3, 18, 4, 19], [5, 23, 6, 22], [7, 11, 8, 10], [9, 17, 10, 16], [11, 20, 12, 21], [13, 24, 14, 1], [15, 9, 16, 8], [17, 6, 18, 7], [19, 2, 20, 3], [21, 14, 22, 15]]"
12a_0301_64,"[[21, 14, 22, 15], [23, 5, 24, 4], [1, 12, 2, 13], [3, 18, 4, 19], [5, 23, 6, 22], [7, 11, 8, 10], [9, 17, 10, 16], [11, 20, 12, 21], [13, 24, 14, 1], [15, 9, 16, 8], [17, 6, 18, 7], [19, 2, 20, 3]]"
12a_0301_65,"[[19, 2, 20, 3], [21, 14, 22, 15], [23, 5, 24, 4], [1, 12, 2, 13], [3, 18, 4, 19], [5, 23, 6, 22], [7, 11, 8, 10], [9, 17, 10, 16], [11, 20, 12, 21], [13, 24, 14, 1], [15, 9, 16, 8], [17, 6, 18, 7]]"
12a_0301_66,"[[17, 6, 18, 7], [19, 2, 20, 3], [21, 14, 22, 15], [23, 5, 24, 4], [1, 12, 2, 13], [3, 18, 4, 19], [5, 23, 6, 22], [7, 11, 8, 10], [9, 17, 10, 16], [11, 20, 12, 21], [13, 24, 14, 1], [15, 9, 16, 8]]"
12a_0301_67,"[[15, 9, 16, 8], [17, 6, 18, 7], [19, 2, 20, 3], [21, 14, 22, 15], [23, 5, 24, 4], [1, 12, 2, 13], [3, 18, 4, 19], [5, 23, 6, 22], [7, 11, 8, 10], [9, 17, 10, 16], [11, 20, 12, 21], [13, 24, 14, 1]]"
12a_0301_68,"[[13, 24, 14, 1], [15, 9, 16, 8], [17, 6, 18, 7], [19, 2, 20, 3], [21, 14, 22, 15], [23, 5, 24, 4], [1, 12, 2, 13], [3, 18, 4, 19], [5, 23, 6, 22], [7, 11, 8, 10], [9, 17, 10, 16], [11, 20, 12, 21]]"
12a_0301_69,"[[11, 20, 12, 21], [13, 24, 14, 1], [15, 9, 16, 8], [17, 6, 18, 7], [19, 2, 20, 3], [21, 14, 22, 15], [23, 5, 24, 4], [1, 12, 2, 13], [3, 18, 4, 19], [5, 23, 6, 22], [7, 11, 8, 10], [9, 17, 10, 16]]"
12a_0301_70,"[[9, 17, 10, 16], [11, 20, 12, 21], [13, 24, 14, 1], [15, 9, 16, 8], [17, 6, 18, 7], [19, 2, 20, 3], [21, 14, 22, 15], [23, 5, 24, 4], [1, 12, 2, 13], [3, 18, 4, 19], [5, 23, 6, 22], [7, 11, 8, 10]]"
12a_0301_71,"[[7, 11, 8, 10], [9, 17, 10, 16], [11, 20, 12, 21], [13, 24, 14, 1], [15, 9, 16, 8], [17, 6, 18, 7], [19, 2, 20, 3], [21, 14, 22, 15], [23, 5, 24, 4], [1, 12, 2, 13], [3, 18, 4, 19], [5, 23, 6, 22]]"
12a_0301_72,"[[6, 24, 7, 23], [8, 12, 9, 11], [10, 18, 11, 17], [12, 21, 13, 22], [14, 1, 15, 2], [16, 10, 17, 9], [18, 7, 19, 8], [20, 3, 21, 4], [22, 15, 23, 16], [24, 6, 1, 5], [2, 13, 3, 14], [4, 19, 5, 20]]"
12a_0301_73,"[[4, 19, 5, 20], [6, 24, 7, 23], [8, 12, 9, 11], [10, 18, 11, 17], [12, 21, 13, 22], [14, 1, 15, 2], [16, 10, 17, 9], [18, 7, 19, 8], [20, 3, 21, 4], [22, 15, 23, 16], [24, 6, 1, 5], [2, 13, 3, 14]]"
12a_0301_74,"[[2, 13, 3, 14], [4, 19, 5, 20], [6, 24, 7, 23], [8, 12, 9, 11], [10, 18, 11, 17], [12, 21, 13, 22], [14, 1, 15, 2], [16, 10, 17, 9], [18, 7, 19, 8], [20, 3, 21, 4], [22, 15, 23, 16], [24, 6, 1, 5]]"
12a_0301_75,"[[24, 6, 1, 5], [2, 13, 3, 14], [4, 19, 5, 20], [6, 24, 7, 23], [8, 12, 9, 11], [10, 18, 11, 17], [12, 21, 13, 22], [14, 1, 15, 2], [16, 10, 17, 9], [18, 7, 19, 8], [20, 3, 21, 4], [22, 15, 23, 16]]"
12a_0301_76,"[[22, 15, 23, 16], [24, 6, 1, 5], [2, 13, 3, 14], [4, 19, 5, 20], [6, 24, 7, 23], [8, 12, 9, 11], [10, 18, 11, 17], [12, 21, 13, 22], [14, 1, 15, 2], [16, 10, 17, 9], [18, 7, 19, 8], [20, 3, 21, 4]]"
12a_0301_77,"[[20, 3, 21, 4], [22, 15, 23, 16], [24, 6, 1, 5], [2, 13, 3, 14], [4, 19, 5, 20], [6, 24, 7, 23], [8, 12, 9, 11], [10, 18, 11, 17], [12, 21, 13, 22], [14, 1, 15, 2], [16, 10, 17, 9], [18, 7, 19, 8]]"
12a_0301_78,"[[18, 7, 19, 8], [20, 3, 21, 4], [22, 15, 23, 16], [24, 6, 1, 5], [2, 13, 3, 14], [4, 19, 5, 20], [6, 24, 7, 23], [8, 12, 9, 11], [10, 18, 11, 17], [12, 21, 13, 22], [14, 1, 15, 2], [16, 10, 17, 9]]"
12a_0301_79,"[[16, 10, 17, 9], [18, 7, 19, 8], [20, 3, 21, 4], [22, 15, 23, 16], [24, 6, 1, 5], [2, 13, 3, 14], [4, 19, 5, 20], [6, 24, 7, 23], [8, 12, 9, 11], [10, 18, 11, 17], [12, 21, 13, 22], [14, 1, 15, 2]]"
12a_0301_80,"[[14, 1, 15, 2], [16, 10, 17, 9], [18, 7, 19, 8], [20, 3, 21, 4], [22, 15, 23, 16], [24, 6, 1, 5], [2, 13, 3, 14], [4, 19, 5, 20], [6, 24, 7, 23], [8, 12, 9, 11], [10, 18, 11, 17], [12, 21, 13, 22]]"
12a_0301_81,"[[12, 21, 13, 22], [14, 1, 15, 2], [16, 10, 17, 9], [18, 7, 19, 8], [20, 3, 21, 4], [22, 15, 23, 16], [24, 6, 1, 5], [2, 13, 3, 14], [4, 19, 5, 20], [6, 24, 7, 23], [8, 12, 9, 11], [10, 18, 11, 17]]"
12a_0301_82,"[[10, 18, 11, 17], [12, 21, 13, 22], [14, 1, 15, 2], [16, 10, 17, 9], [18, 7, 19, 8], [20, 3, 21, 4], [22, 15, 23, 16], [24, 6, 1, 5], [2, 13, 3, 14], [4, 19, 5, 20], [6, 24, 7, 23], [8, 12, 9, 11]]"
12a_0301_83,"[[8, 12, 9, 11], [10, 18, 11, 17], [12, 21, 13, 22], [14, 1, 15, 2], [16, 10, 17, 9], [18, 7, 19, 8], [20, 3, 21, 4], [22, 15, 23, 16], [24, 6, 1, 5], [2, 13, 3, 14], [4, 19, 5, 20], [6, 24, 7, 23]]"
12a_0301_84,"[[7, 1, 8, 24], [9, 13, 10, 12], [11, 19, 12, 18], [13, 22, 14, 23], [15, 2, 16, 3], [17, 11, 18, 10], [19, 8, 20, 9], [21, 4, 22, 5], [23, 16, 24, 17], [1, 7, 2, 6], [3, 14, 4, 15], [5, 20, 6, 21]]"
12a_0301_85,"[[5, 20, 6, 21], [7, 1, 8, 24], [9, 13, 10, 12], [11, 19, 12, 18], [13, 22, 14, 23], [15, 2, 16, 3], [17, 11, 18, 10], [19, 8, 20, 9], [21, 4, 22, 5], [23, 16, 24, 17], [1, 7, 2, 6], [3, 14, 4, 15]]"
12a_0301_86,"[[3, 14, 4, 15], [5, 20, 6, 21], [7, 1, 8, 24], [9, 13, 10, 12], [11, 19, 12, 18], [13, 22, 14, 23], [15, 2, 16, 3], [17, 11, 18, 10], [19, 8, 20, 9], [21, 4, 22, 5], [23, 16, 24, 17], [1, 7, 2, 6]]"
12a_0301_87,"[[1, 7, 2, 6], [3, 14, 4, 15], [5, 20, 6, 21], [7, 1, 8, 24], [9, 13, 10, 12], [11, 19, 12, 18], [13, 22, 14, 23], [15, 2, 16, 3], [17, 11, 18, 10], [19, 8, 20, 9], [21, 4, 22, 5], [23, 16, 24, 17]]"
12a_0301_88,"[[23, 16, 24, 17], [1, 7, 2, 6], [3, 14, 4, 15], [5, 20, 6, 21], [7, 1, 8, 24], [9, 13, 10, 12], [11, 19, 12, 18], [13, 22, 14, 23], [15, 2, 16, 3], [17, 11, 18, 10], [19, 8, 20, 9], [21, 4, 22, 5]]"
12a_0301_89,"[[21, 4, 22, 5], [23, 16, 24, 17], [1, 7, 2, 6], [3, 14, 4, 15], [5, 20, 6, 21], [7, 1, 8, 24], [9, 13, 10, 12], [11, 19, 12, 18], [13, 22, 14, 23], [15, 2, 16, 3], [17, 11, 18, 10], [19, 8, 20, 9]]"
12a_0301_90,"[[19, 8, 20, 9], [21, 4, 22, 5], [23, 16, 24, 17], [1, 7, 2, 6], [3, 14, 4, 15], [5, 20, 6, 21], [7, 1, 8, 24], [9, 13, 10, 12], [11, 19, 12, 18], [13, 22, 14, 23], [15, 2, 16, 3], [17, 11, 18, 10]]"
12a_0301_91,"[[17, 11, 18, 10], [19, 8, 20, 9], [21, 4, 22, 5], [23, 16, 24, 17], [1, 7, 2, 6], [3, 14, 4, 15], [5, 20, 6, 21], [7, 1, 8, 24], [9, 13, 10, 12], [11, 19, 12, 18], [13, 22, 14, 23], [15, 2, 16, 3]]"
12a_0301_92,"[[15, 2, 16, 3], [17, 11, 18, 10], [19, 8, 20, 9], [21, 4, 22, 5], [23, 16, 24, 17], [1, 7, 2, 6], [3, 14, 4, 15], [5, 20, 6, 21], [7, 1, 8, 24], [9, 13, 10, 12], [11, 19, 12, 18], [13, 22, 14, 23]]"
12a_0301_93,"[[13, 22, 14, 23], [15, 2, 16, 3], [17, 11, 18, 10], [19, 8, 20, 9], [21, 4, 22, 5], [23, 16, 24, 17], [1, 7, 2, 6], [3, 14, 4, 15], [5, 20, 6, 21], [7, 1, 8, 24], [9, 13, 10, 12], [11, 19, 12, 18]]"
12a_0301_94,"[[11, 19, 12, 18], [13, 22, 14, 23], [15, 2, 16, 3], [17, 11, 18, 10], [19, 8, 20, 9], [21, 4, 22, 5], [23, 16, 24, 17], [1, 7, 2, 6], [3, 14, 4, 15], [5, 20, 6, 21], [7, 1, 8, 24], [9, 13, 10, 12]]"
12a_0301_95,"[[9, 13, 10, 12], [11, 19, 12, 18], [13, 22, 14, 23], [15, 2, 16, 3], [17, 11, 18, 10], [19, 8, 20, 9], [21, 4, 22, 5], [23, 16, 24, 17], [1, 7, 2, 6], [3, 14, 4, 15], [5, 20, 6, 21], [7, 1, 8, 24]]"
12a_0301_96,"[[8, 2, 9, 1], [10, 14, 11, 13], [12, 20, 13, 19], [14, 23, 15, 24], [16, 3, 17, 4], [18, 12, 19, 11], [20, 9, 21, 10], [22, 5, 23, 6], [24, 17, 1, 18], [2, 8, 3, 7], [4, 15, 5, 16], [6, 21, 7, 22]]"
12a_0301_97,"[[6, 21, 7, 22], [8, 2, 9, 1], [10, 14, 11, 13], [12, 20, 13, 19], [14, 23, 15, 24], [16, 3, 17, 4], [18, 12, 19, 11], [20, 9, 21, 10], [22, 5, 23, 6], [24, 17, 1, 18], [2, 8, 3, 7], [4, 15, 5, 16]]"
12a_0301_98,"[[4, 15, 5, 16], [6, 21, 7, 22], [8, 2, 9, 1], [10, 14, 11, 13], [12, 20, 13, 19], [14, 23, 15, 24], [16, 3, 17, 4], [18, 12, 19, 11], [20, 9, 21, 10], [22, 5, 23, 6], [24, 17, 1, 18], [2, 8, 3, 7]]"
12a_0301_99,"[[2, 8, 3, 7], [4, 15, 5, 16], [6, 21, 7, 22], [8, 2, 9, 1], [10, 14, 11, 13], [12, 20, 13, 19], [14, 23, 15, 24], [16, 3, 17, 4], [18, 12, 19, 11], [20, 9, 21, 10], [22, 5, 23, 6], [24, 17, 1, 18]]"
12a_0301_100,"[[24, 17, 1, 18], [2, 8, 3, 7], [4, 15, 5, 16], [6, 21, 7, 22], [8, 2, 9, 1], [10, 14, 11, 13], [12, 20, 13, 19], [14, 23, 15, 24], [16, 3, 17, 4], [18, 12, 19, 11], [20, 9, 21, 10], [22, 5, 23, 6]]"
12a_0301_101,"[[22, 5, 23, 6], [24, 17, 1, 18], [2, 8, 3, 7], [4, 15, 5, 16], [6, 21, 7, 22], [8, 2, 9, 1], [10, 14, 11, 13], [12, 20, 13, 19], [14, 23, 15, 24], [16, 3, 17, 4], [18, 12, 19, 11], [20, 9, 21, 10]]"
12a_0301_102,"[[20, 9, 21, 10], [22, 5, 23, 6], [24, 17, 1, 18], [2, 8, 3, 7], [4, 15, 5, 16], [6, 21, 7, 22], [8, 2, 9, 1], [10, 14, 11, 13], [12, 20, 13, 19], [14, 23, 15, 24], [16, 3, 17, 4], [18, 12, 19, 11]]"
12a_0301_103,"[[18, 12, 19, 11], [20, 9, 21, 10], [22, 5, 23, 6], [24, 17, 1, 18], [2, 8, 3, 7], [4, 15, 5, 16], [6, 21, 7, 22], [8, 2, 9, 1], [10, 14, 11, 13], [12, 20, 13, 19], [14, 23, 15, 24], [16, 3, 17, 4]]"
12a_0301_104,"[[16, 3, 17, 4], [18, 12, 19, 11], [20, 9, 21, 10], [22, 5, 23, 6], [24, 17, 1, 18], [2, 8, 3, 7], [4, 15, 5, 16], [6, 21, 7, 22], [8, 2, 9, 1], [10, 14, 11, 13], [12, 20, 13, 19], [14, 23, 15, 24]]"
12a_0301_105,"[[14, 23, 15, 24], [16, 3, 17, 4], [18, 12, 19, 11], [20, 9, 21, 10], [22, 5, 23, 6], [24, 17, 1, 18], [2, 8, 3, 7], [4, 15, 5, 16], [6, 21, 7, 22], [8, 2, 9, 1], [10, 14, 11, 13], [12, 20, 13, 19]]"
12a_0301_106,"[[12, 20, 13, 19], [14, 23, 15, 24], [16, 3, 17, 4], [18, 12, 19, 11], [20, 9, 21, 10], [22, 5, 23, 6], [24, 17, 1, 18], [2, 8, 3, 7], [4, 15, 5, 16], [6, 21, 7, 22], [8, 2, 9, 1], [10, 14, 11, 13]]"
12a_0301_107,"[[10, 14, 11, 13], [12, 20, 13, 19], [14, 23, 15, 24], [16, 3, 17, 4], [18, 12, 19, 11], [20, 9, 21, 10], [22, 5, 23, 6], [24, 17, 1, 18], [2, 8, 3, 7], [4, 15, 5, 16], [6, 21, 7, 22], [8, 2, 9, 1]]"
12a_0301_108,"[[9, 3, 10, 2], [11, 15, 12, 14], [13, 21, 14, 20], [15, 24, 16, 1], [17, 4, 18, 5], [19, 13, 20, 12], [21, 10, 22, 11], [23, 6, 24, 7], [1, 18, 2, 19], [3, 9, 4, 8], [5, 16, 6, 17], [7, 22, 8, 23]]"
12a_0301_109,"[[7, 22, 8, 23], [9, 3, 10, 2], [11, 15, 12, 14], [13, 21, 14, 20], [15, 24, 16, 1], [17, 4, 18, 5], [19, 13, 20, 12], [21, 10, 22, 11], [23, 6, 24, 7], [1, 18, 2, 19], [3, 9, 4, 8], [5, 16, 6, 17]]"
12a_0301_110,"[[5, 16, 6, 17], [7, 22, 8, 23], [9, 3, 10, 2], [11, 15, 12, 14], [13, 21, 14, 20], [15, 24, 16, 1], [17, 4, 18, 5], [19, 13, 20, 12], [21, 10, 22, 11], [23, 6, 24, 7], [1, 18, 2, 19], [3, 9, 4, 8]]"
12a_0301_111,"[[3, 9, 4, 8], [5, 16, 6, 17], [7, 22, 8, 23], [9, 3, 10, 2], [11, 15, 12, 14], [13, 21, 14, 20], [15, 24, 16, 1], [17, 4, 18, 5], [19, 13, 20, 12], [21, 10, 22, 11], [23, 6, 24, 7], [1, 18, 2, 19]]"
12a_0301_112,"[[1, 18, 2, 19], [3, 9, 4, 8], [5, 16, 6, 17], [7, 22, 8, 23], [9, 3, 10, 2], [11, 15, 12, 14], [13, 21, 14, 20], [15, 24, 16, 1], [17, 4, 18, 5], [19, 13, 20, 12], [21, 10, 22, 11], [23, 6, 24, 7]]"
12a_0301_113,"[[23, 6, 24, 7], [1, 18, 2, 19], [3, 9, 4, 8], [5, 16, 6, 17], [7, 22, 8, 23], [9, 3, 10, 2], [11, 15, 12, 14], [13, 21, 14, 20], [15, 24, 16, 1], [17, 4, 18, 5], [19, 13, 20, 12], [21, 10, 22, 11]]"
12a_0301_114,"[[21, 10, 22, 11], [23, 6, 24, 7], [1, 18, 2, 19], [3, 9, 4, 8], [5, 16, 6, 17], [7, 22, 8, 23], [9, 3, 10, 2], [11, 15, 12, 14], [13, 21, 14, 20], [15, 24, 16, 1], [17, 4, 18, 5], [19, 13, 20, 12]]"
12a_0301_115,"[[19, 13, 20, 12], [21, 10, 22, 11], [23, 6, 24, 7], [1, 18, 2, 19], [3, 9, 4, 8], [5, 16, 6, 17], [7, 22, 8, 23], [9, 3, 10, 2], [11, 15, 12, 14], [13, 21, 14, 20], [15, 24, 16, 1], [17, 4, 18, 5]]"
12a_0301_116,"[[17, 4, 18, 5], [19, 13, 20, 12], [21, 10, 22, 11], [23, 6, 24, 7], [1, 18, 2, 19], [3, 9, 4, 8], [5, 16, 6, 17], [7, 22, 8, 23], [9, 3, 10, 2], [11, 15, 12, 14], [13, 21, 14, 20], [15, 24, 16, 1]]"
12a_0301_117,"[[15, 24, 16, 1], [17, 4, 18, 5], [19, 13, 20, 12], [21, 10, 22, 11], [23, 6, 24, 7], [1, 18, 2, 19], [3, 9, 4, 8], [5, 16, 6, 17], [7, 22, 8, 23], [9, 3, 10, 2], [11, 15, 12, 14], [13, 21, 14, 20]]"
12a_0301_118,"[[13, 21, 14, 20], [15, 24, 16, 1], [17, 4, 18, 5], [19, 13, 20, 12], [21, 10, 22, 11], [23, 6, 24, 7], [1, 18, 2, 19], [3, 9, 4, 8], [5, 16, 6, 17], [7, 22, 8, 23], [9, 3, 10, 2], [11, 15, 12, 14]]"
12a_0301_119,"[[11, 15, 12, 14], [13, 21, 14, 20], [15, 24, 16, 1], [17, 4, 18, 5], [19, 13, 20, 12], [21, 10, 22, 11], [23, 6, 24, 7], [1, 18, 2, 19], [3, 9, 4, 8], [5, 16, 6, 17], [7, 22, 8, 23], [9, 3, 10, 2]]"
12a_0301_120,"[[10, 4, 11, 3], [12, 16, 13, 15], [14, 22, 15, 21], [16, 1, 17, 2], [18, 5, 19, 6], [20, 14, 21, 13], [22, 11, 23, 12], [24, 7, 1, 8], [2, 19, 3, 20], [4, 10, 5, 9], [6, 17, 7, 18], [8, 23, 9, 24]]"
12a_0301_121,"[[8, 23, 9, 24], [10, 4, 11, 3], [12, 16, 13, 15], [14, 22, 15, 21], [16, 1, 17, 2], [18, 5, 19, 6], [20, 14, 21, 13], [22, 11, 23, 12], [24, 7, 1, 8], [2, 19, 3, 20], [4, 10, 5, 9], [6, 17, 7, 18]]"
12a_0301_122,"[[6, 17, 7, 18], [8, 23, 9, 24], [10, 4, 11, 3], [12, 16, 13, 15], [14, 22, 15, 21], [16, 1, 17, 2], [18, 5, 19, 6], [20, 14, 21, 13], [22, 11, 23, 12], [24, 7, 1, 8], [2, 19, 3, 20], [4, 10, 5, 9]]"
12a_0301_123,"[[4, 10, 5, 9], [6, 17, 7, 18], [8, 23, 9, 24], [10, 4, 11, 3], [12, 16, 13, 15], [14, 22, 15, 21], [16, 1, 17, 2], [18, 5, 19, 6], [20, 14, 21, 13], [22, 11, 23, 12], [24, 7, 1, 8], [2, 19, 3, 20]]"
12a_0301_124,"[[2, 19, 3, 20], [4, 10, 5, 9], [6, 17, 7, 18], [8, 23, 9, 24], [10, 4, 11, 3], [12, 16, 13, 15], [14, 22, 15, 21], [16, 1, 17, 2], [18, 5, 19, 6], [20, 14, 21, 13], [22, 11, 23, 12], [24, 7, 1, 8]]"
12a_0301_125,"[[24, 7, 1, 8], [2, 19, 3, 20], [4, 10, 5, 9], [6, 17, 7, 18], [8, 23, 9, 24], [10, 4, 11, 3], [12, 16, 13, 15], [14, 22, 15, 21], [16, 1, 17, 2], [18, 5, 19, 6], [20, 14, 21, 13], [22, 11, 23, 12]]"
12a_0301_126,"[[22, 11, 23, 12], [24, 7, 1, 8], [2, 19, 3, 20], [4, 10, 5, 9], [6, 17, 7, 18], [8, 23, 9, 24], [10, 4, 11, 3], [12, 16, 13, 15], [14, 22, 15, 21], [16, 1, 17, 2], [18, 5, 19, 6], [20, 14, 21, 13]]"
12a_0301_127,"[[20, 14, 21, 13], [22, 11, 23, 12], [24, 7, 1, 8], [2, 19, 3, 20], [4, 10, 5, 9], [6, 17, 7, 18], [8, 23, 9, 24], [10, 4, 11, 3], [12, 16, 13, 15], [14, 22, 15, 21], [16, 1, 17, 2], [18, 5, 19, 6]]"
12a_0301_128,"[[18, 5, 19, 6], [20, 14, 21, 13], [22, 11, 23, 12], [24, 7, 1, 8], [2, 19, 3, 20], [4, 10, 5, 9], [6, 17, 7, 18], [8, 23, 9, 24], [10, 4, 11, 3], [12, 16, 13, 15], [14, 22, 15, 21], [16, 1, 17, 2]]"
12a_0301_129,"[[16, 1, 17, 2], [18, 5, 19, 6], [20, 14, 21, 13], [22, 11, 23, 12], [24, 7, 1, 8], [2, 19, 3, 20], [4, 10, 5, 9], [6, 17, 7, 18], [8, 23, 9, 24], [10, 4, 11, 3], [12, 16, 13, 15], [14, 22, 15, 21]]"
12a_0301_130,"[[14, 22, 15, 21], [16, 1, 17, 2], [18, 5, 19, 6], [20, 14, 21, 13], [22, 11, 23, 12], [24, 7, 1, 8], [2, 19, 3, 20], [4, 10, 5, 9], [6, 17, 7, 18], [8, 23, 9, 24], [10, 4, 11, 3], [12, 16, 13, 15]]"
12a_0301_131,"[[12, 16, 13, 15], [14, 22, 15, 21], [16, 1, 17, 2], [18, 5, 19, 6], [20, 14, 21, 13], [22, 11, 23, 12], [24, 7, 1, 8], [2, 19, 3, 20], [4, 10, 5, 9], [6, 17, 7, 18], [8, 23, 9, 24], [10, 4, 11, 3]]"
12a_0301_132,"[[11, 5, 12, 4], [13, 17, 14, 16], [15, 23, 16, 22], [17, 2, 18, 3], [19, 6, 20, 7], [21, 15, 22, 14], [23, 12, 24, 13], [1, 8, 2, 9], [3, 20, 4, 21], [5, 11, 6, 10], [7, 18, 8, 19], [9, 24, 10, 1]]"
12a_0301_133,"[[9, 24, 10, 1], [11, 5, 12, 4], [13, 17, 14, 16], [15, 23, 16, 22], [17, 2, 18, 3], [19, 6, 20, 7], [21, 15, 22, 14], [23, 12, 24, 13], [1, 8, 2, 9], [3, 20, 4, 21], [5, 11, 6, 10], [7, 18, 8, 19]]"
12a_0301_134,"[[7, 18, 8, 19], [9, 24, 10, 1], [11, 5, 12, 4], [13, 17, 14, 16], [15, 23, 16, 22], [17, 2, 18, 3], [19, 6, 20, 7], [21, 15, 22, 14], [23, 12, 24, 13], [1, 8, 2, 9], [3, 20, 4, 21], [5, 11, 6, 10]]"
12a_0301_135,"[[5, 11, 6, 10], [7, 18, 8, 19], [9, 24, 10, 1], [11, 5, 12, 4], [13, 17, 14, 16], [15, 23, 16, 22], [17, 2, 18, 3], [19, 6, 20, 7], [21, 15, 22, 14], [23, 12, 24, 13], [1, 8, 2, 9], [3, 20, 4, 21]]"
12a_0301_136,"[[3, 20, 4, 21], [5, 11, 6, 10], [7, 18, 8, 19], [9, 24, 10, 1], [11, 5, 12, 4], [13, 17, 14, 16], [15, 23, 16, 22], [17, 2, 18, 3], [19, 6, 20, 7], [21, 15, 22, 14], [23, 12, 24, 13], [1, 8, 2, 9]]"
12a_0301_137,"[[1, 8, 2, 9], [3, 20, 4, 21], [5, 11, 6, 10], [7, 18, 8, 19], [9, 24, 10, 1], [11, 5, 12, 4], [13, 17, 14, 16], [15, 23, 16, 22], [17, 2, 18, 3], [19, 6, 20, 7], [21, 15, 22, 14], [23, 12, 24, 13]]"
12a_0301_138,"[[23, 12, 24, 13], [1, 8, 2, 9], [3, 20, 4, 21], [5, 11, 6, 10], [7, 18, 8, 19], [9, 24, 10, 1], [11, 5, 12, 4], [13, 17, 14, 16], [15, 23, 16, 22], [17, 2, 18, 3], [19, 6, 20, 7], [21, 15, 22, 14]]"
12a_0301_139,"[[21, 15, 22, 14], [23, 12, 24, 13], [1, 8, 2, 9], [3, 20, 4, 21], [5, 11, 6, 10], [7, 18, 8, 19], [9, 24, 10, 1], [11, 5, 12, 4], [13, 17, 14, 16], [15, 23, 16, 22], [17, 2, 18, 3], [19, 6, 20, 7]]"
12a_0301_140,"[[19, 6, 20, 7], [21, 15, 22, 14], [23, 12, 24, 13], [1, 8, 2, 9], [3, 20, 4, 21], [5, 11, 6, 10], [7, 18, 8, 19], [9, 24, 10, 1], [11, 5, 12, 4], [13, 17, 14, 16], [15, 23, 16, 22], [17, 2, 18, 3]]"
12a_0301_141,"[[17, 2, 18, 3], [19, 6, 20, 7], [21, 15, 22, 14], [23, 12, 24, 13], [1, 8, 2, 9], [3, 20, 4, 21], [5, 11, 6, 10], [7, 18, 8, 19], [9, 24, 10, 1], [11, 5, 12, 4], [13, 17, 14, 16], [15, 23, 16, 22]]"
12a_0301_142,"[[15, 23, 16, 22], [17, 2, 18, 3], [19, 6, 20, 7], [21, 15, 22, 14], [23, 12, 24, 13], [1, 8, 2, 9], [3, 20, 4, 21], [5, 11, 6, 10], [7, 18, 8, 19], [9, 24, 10, 1], [11, 5, 12, 4], [13, 17, 14, 16]]"
12a_0301_143,"[[13, 17, 14, 16], [15, 23, 16, 22], [17, 2, 18, 3], [19, 6, 20, 7], [21, 15, 22, 14], [23, 12, 24, 13], [1, 8, 2, 9], [3, 20, 4, 21], [5, 11, 6, 10], [7, 18, 8, 19], [9, 24, 10, 1], [11, 5, 12, 4]]"
12a_0301_144,"[[12, 6, 13, 5], [14, 18, 15, 17], [16, 24, 17, 23], [18, 3, 19, 4], [20, 7, 21, 8], [22, 16, 23, 15], [24, 13, 1, 14], [2, 9, 3, 10], [4, 21, 5, 22], [6, 12, 7, 11], [8, 19, 9, 20], [10, 1, 11, 2]]"
12a_0301_145,"[[10, 1, 11, 2], [12, 6, 13, 5], [14, 18, 15, 17], [16, 24, 17, 23], [18, 3, 19, 4], [20, 7, 21, 8], [22, 16, 23, 15], [24, 13, 1, 14], [2, 9, 3, 10], [4, 21, 5, 22], [6, 12, 7, 11], [8, 19, 9, 20]]"
12a_0301_146,"[[8, 19, 9, 20], [10, 1, 11, 2], [12, 6, 13, 5], [14, 18, 15, 17], [16, 24, 17, 23], [18, 3, 19, 4], [20, 7, 21, 8], [22, 16, 23, 15], [24, 13, 1, 14], [2, 9, 3, 10], [4, 21, 5, 22], [6, 12, 7, 11]]"
12a_0301_147,"[[6, 12, 7, 11], [8, 19, 9, 20], [10, 1, 11, 2], [12, 6, 13, 5], [14, 18, 15, 17], [16, 24, 17, 23], [18, 3, 19, 4], [20, 7, 21, 8], [22, 16, 23, 15], [24, 13, 1, 14], [2, 9, 3, 10], [4, 21, 5, 22]]"
12a_0301_148,"[[4, 21, 5, 22], [6, 12, 7, 11], [8, 19, 9, 20], [10, 1, 11, 2], [12, 6, 13, 5], [14, 18, 15, 17], [16, 24, 17, 23], [18, 3, 19, 4], [20, 7, 21, 8], [22, 16, 23, 15], [24, 13, 1, 14], [2, 9, 3, 10]]"
12a_0301_149,"[[2, 9, 3, 10], [4, 21, 5, 22], [6, 12, 7, 11], [8, 19, 9, 20], [10, 1, 11, 2], [12, 6, 13, 5], [14, 18, 15, 17], [16, 24, 17, 23], [18, 3, 19, 4], [20, 7, 21, 8], [22, 16, 23, 15], [24, 13, 1, 14]]"
12a_0301_150,"[[24, 13, 1, 14], [2, 9, 3, 10], [4, 21, 5, 22], [6, 12, 7, 11], [8, 19, 9, 20], [10, 1, 11, 2], [12, 6, 13, 5], [14, 18, 15, 17], [16, 24, 17, 23], [18, 3, 19, 4], [20, 7, 21, 8], [22, 16, 23, 15]]"
12a_0301_151,"[[22, 16, 23, 15], [24, 13, 1, 14], [2, 9, 3, 10], [4, 21, 5, 22], [6, 12, 7, 11], [8, 19, 9, 20], [10, 1, 11, 2], [12, 6, 13, 5], [14, 18, 15, 17], [16, 24, 17, 23], [18, 3, 19, 4], [20, 7, 21, 8]]"
12a_0301_152,"[[20, 7, 21, 8], [22, 16, 23, 15], [24, 13, 1, 14], [2, 9, 3, 10], [4, 21, 5, 22], [6, 12, 7, 11], [8, 19, 9, 20], [10, 1, 11, 2], [12, 6, 13, 5], [14, 18, 15, 17], [16, 24, 17, 23], [18, 3, 19, 4]]"
12a_0301_153,"[[18, 3, 19, 4], [20, 7, 21, 8], [22, 16, 23, 15], [24, 13, 1, 14], [2, 9, 3, 10], [4, 21, 5, 22], [6, 12, 7, 11], [8, 19, 9, 20], [10, 1, 11, 2], [12, 6, 13, 5], [14, 18, 15, 17], [16, 24, 17, 23]]"
12a_0301_154,"[[16, 24, 17, 23], [18, 3, 19, 4], [20, 7, 21, 8], [22, 16, 23, 15], [24, 13, 1, 14], [2, 9, 3, 10], [4, 21, 5, 22], [6, 12, 7, 11], [8, 19, 9, 20], [10, 1, 11, 2], [12, 6, 13, 5], [14, 18, 15, 17]]"
12a_0301_155,"[[14, 18, 15, 17], [16, 24, 17, 23], [18, 3, 19, 4], [20, 7, 21, 8], [22, 16, 23, 15], [24, 13, 1, 14], [2, 9, 3, 10], [4, 21, 5, 22], [6, 12, 7, 11], [8, 19, 9, 20], [10, 1, 11, 2], [12, 6, 13, 5]]"
12a_0301_156,"[[13, 7, 14, 6], [15, 19, 16, 18], [17, 1, 18, 24], [19, 4, 20, 5], [21, 8, 22, 9], [23, 17, 24, 16], [1, 14, 2, 15], [3, 10, 4, 11], [5, 22, 6, 23], [7, 13, 8, 12], [9, 20, 10, 21], [11, 2, 12, 3]]"
12a_0301_157,"[[11, 2, 12, 3], [13, 7, 14, 6], [15, 19, 16, 18], [17, 1, 18, 24], [19, 4, 20, 5], [21, 8, 22, 9], [23, 17, 24, 16], [1, 14, 2, 15], [3, 10, 4, 11], [5, 22, 6, 23], [7, 13, 8, 12], [9, 20, 10, 21]]"
12a_0301_158,"[[9, 20, 10, 21], [11, 2, 12, 3], [13, 7, 14, 6], [15, 19, 16, 18], [17, 1, 18, 24], [19, 4, 20, 5], [21, 8, 22, 9], [23, 17, 24, 16], [1, 14, 2, 15], [3, 10, 4, 11], [5, 22, 6, 23], [7, 13, 8, 12]]"
12a_0301_159,"[[7, 13, 8, 12], [9, 20, 10, 21], [11, 2, 12, 3], [13, 7, 14, 6], [15, 19, 16, 18], [17, 1, 18, 24], [19, 4, 20, 5], [21, 8, 22, 9], [23, 17, 24, 16], [1, 14, 2, 15], [3, 10, 4, 11], [5, 22, 6, 23]]"
12a_0301_160,"[[5, 22, 6, 23], [7, 13, 8, 12], [9, 20, 10, 21], [11, 2, 12, 3], [13, 7, 14, 6], [15, 19, 16, 18], [17, 1, 18, 24], [19, 4, 20, 5], [21, 8, 22, 9], [23, 17, 24, 16], [1, 14, 2, 15], [3, 10, 4, 11]]"
12a_0301_161,"[[3, 10, 4, 11], [5, 22, 6, 23], [7, 13, 8, 12], [9, 20, 10, 21], [11, 2, 12, 3], [13, 7, 14, 6], [15, 19, 16, 18], [17, 1, 18, 24], [19, 4, 20, 5], [21, 8, 22, 9], [23, 17, 24, 16], [1, 14, 2, 15]]"
12a_0301_162,"[[1, 14, 2, 15], [3, 10, 4, 11], [5, 22, 6, 23], [7, 13, 8, 12], [9, 20, 10, 21], [11, 2, 12, 3], [13, 7, 14, 6], [15, 19, 16, 18], [17, 1, 18, 24], [19, 4, 20, 5], [21, 8, 22, 9], [23, 17, 24, 16]]"
12a_0301_163,"[[23, 17, 24, 16], [1, 14, 2, 15], [3, 10, 4, 11], [5, 22, 6, 23], [7, 13, 8, 12], [9, 20, 10, 21], [11, 2, 12, 3], [13, 7, 14, 6], [15, 19, 16, 18], [17, 1, 18, 24], [19, 4, 20, 5], [21, 8, 22, 9]]"
12a_0301_164,"[[21, 8, 22, 9], [23, 17, 24, 16], [1, 14, 2, 15], [3, 10, 4, 11], [5, 22, 6, 23], [7, 13, 8, 12], [9, 20, 10, 21], [11, 2, 12, 3], [13, 7, 14, 6], [15, 19, 16, 18], [17, 1, 18, 24], [19, 4, 20, 5]]"
12a_0301_165,"[[19, 4, 20, 5], [21, 8, 22, 9], [23, 17, 24, 16], [1, 14, 2, 15], [3, 10, 4, 11], [5, 22, 6, 23], [7, 13, 8, 12], [9, 20, 10, 21], [11, 2, 12, 3], [13, 7, 14, 6], [15, 19, 16, 18], [17, 1, 18, 24]]"
12a_0301_166,"[[17, 1, 18, 24], [19, 4, 20, 5], [21, 8, 22, 9], [23, 17, 24, 16], [1, 14, 2, 15], [3, 10, 4, 11], [5, 22, 6, 23], [7, 13, 8, 12], [9, 20, 10, 21], [11, 2, 12, 3], [13, 7, 14, 6], [15, 19, 16, 18]]"
12a_0301_167,"[[15, 19, 16, 18], [17, 1, 18, 24], [19, 4, 20, 5], [21, 8, 22, 9], [23, 17, 24, 16], [1, 14, 2, 15], [3, 10, 4, 11], [5, 22, 6, 23], [7, 13, 8, 12], [9, 20, 10, 21], [11, 2, 12, 3], [13, 7, 14, 6]]"
12a_0301_168,"[[14, 8, 15, 7], [16, 20, 17, 19], [18, 2, 19, 1], [20, 5, 21, 6], [22, 9, 23, 10], [24, 18, 1, 17], [2, 15, 3, 16], [4, 11, 5, 12], [6, 23, 7, 24], [8, 14, 9, 13], [10, 21, 11, 22], [12, 3, 13, 4]]"
12a_0301_169,"[[12, 3, 13, 4], [14, 8, 15, 7], [16, 20, 17, 19], [18, 2, 19, 1], [20, 5, 21, 6], [22, 9, 23, 10], [24, 18, 1, 17], [2, 15, 3, 16], [4, 11, 5, 12], [6, 23, 7, 24], [8, 14, 9, 13], [10, 21, 11, 22]]"
12a_0301_170,"[[10, 21, 11, 22], [12, 3, 13, 4], [14, 8, 15, 7], [16, 20, 17, 19], [18, 2, 19, 1], [20, 5, 21, 6], [22, 9, 23, 10], [24, 18, 1, 17], [2, 15, 3, 16], [4, 11, 5, 12], [6, 23, 7, 24], [8, 14, 9, 13]]"
12a_0301_171,"[[8, 14, 9, 13], [10, 21, 11, 22], [12, 3, 13, 4], [14, 8, 15, 7], [16, 20, 17, 19], [18, 2, 19, 1], [20, 5, 21, 6], [22, 9, 23, 10], [24, 18, 1, 17], [2, 15, 3, 16], [4, 11, 5, 12], [6, 23, 7, 24]]"
12a_0301_172,"[[6, 23, 7, 24], [8, 14, 9, 13], [10, 21, 11, 22], [12, 3, 13, 4], [14, 8, 15, 7], [16, 20, 17, 19], [18, 2, 19, 1], [20, 5, 21, 6], [22, 9, 23, 10], [24, 18, 1, 17], [2, 15, 3, 16], [4, 11, 5, 12]]"
12a_0301_173,"[[4, 11, 5, 12], [6, 23, 7, 24], [8, 14, 9, 13], [10, 21, 11, 22], [12, 3, 13, 4], [14, 8, 15, 7], [16, 20, 17, 19], [18, 2, 19, 1], [20, 5, 21, 6], [22, 9, 23, 10], [24, 18, 1, 17], [2, 15, 3, 16]]"
12a_0301_174,"[[2, 15, 3, 16], [4, 11, 5, 12], [6, 23, 7, 24], [8, 14, 9, 13], [10, 21, 11, 22], [12, 3, 13, 4], [14, 8, 15, 7], [16, 20, 17, 19], [18, 2, 19, 1], [20, 5, 21, 6], [22, 9, 23, 10], [24, 18, 1, 17]]"
12a_0301_175,"[[24, 18, 1, 17], [2, 15, 3, 16], [4, 11, 5, 12], [6, 23, 7, 24], [8, 14, 9, 13], [10, 21, 11, 22], [12, 3, 13, 4], [14, 8, 15, 7], [16, 20, 17, 19], [18, 2, 19, 1], [20, 5, 21, 6], [22, 9, 23, 10]]"
12a_0301_176,"[[22, 9, 23, 10], [24, 18, 1, 17], [2, 15, 3, 16], [4, 11, 5, 12], [6, 23, 7, 24], [8, 14, 9, 13], [10, 21, 11, 22], [12, 3, 13, 4], [14, 8, 15, 7], [16, 20, 17, 19], [18, 2, 19, 1], [20, 5, 21, 6]]"
12a_0301_177,"[[20, 5, 21, 6], [22, 9, 23, 10], [24, 18, 1, 17], [2, 15, 3, 16], [4, 11, 5, 12], [6, 23, 7, 24], [8, 14, 9, 13], [10, 21, 11, 22], [12, 3, 13, 4], [14, 8, 15, 7], [16, 20, 17, 19], [18, 2, 19, 1]]"
12a_0301_178,"[[18, 2, 19, 1], [20, 5, 21, 6], [22, 9, 23, 10], [24, 18, 1, 17], [2, 15, 3, 16], [4, 11, 5, 12], [6, 23, 7, 24], [8, 14, 9, 13], [10, 21, 11, 22], [12, 3, 13, 4], [14, 8, 15, 7], [16, 20, 17, 19]]"
12a_0301_179,"[[16, 20, 17, 19], [18, 2, 19, 1], [20, 5, 21, 6], [22, 9, 23, 10], [24, 18, 1, 17], [2, 15, 3, 16], [4, 11, 5, 12], [6, 23, 7, 24], [8, 14, 9, 13], [10, 21, 11, 22], [12, 3, 13, 4], [14, 8, 15, 7]]"
12a_0301_180,"[[15, 9, 16, 8], [17, 21, 18, 20], [19, 3, 20, 2], [21, 6, 22, 7], [23, 10, 24, 11], [1, 19, 2, 18], [3, 16, 4, 17], [5, 12, 6, 13], [7, 24, 8, 1], [9, 15, 10, 14], [11, 22, 12, 23], [13, 4, 14, 5]]"
12a_0301_181,"[[13, 4, 14, 5], [15, 9, 16, 8], [17, 21, 18, 20], [19, 3, 20, 2], [21, 6, 22, 7], [23, 10, 24, 11], [1, 19, 2, 18], [3, 16, 4, 17], [5, 12, 6, 13], [7, 24, 8, 1], [9, 15, 10, 14], [11, 22, 12, 23]]"
12a_0301_182,"[[11, 22, 12, 23], [13, 4, 14, 5], [15, 9, 16, 8], [17, 21, 18, 20], [19, 3, 20, 2], [21, 6, 22, 7], [23, 10, 24, 11], [1, 19, 2, 18], [3, 16, 4, 17], [5, 12, 6, 13], [7, 24, 8, 1], [9, 15, 10, 14]]"
12a_0301_183,"[[9, 15, 10, 14], [11, 22, 12, 23], [13, 4, 14, 5], [15, 9, 16, 8], [17, 21, 18, 20], [19, 3, 20, 2], [21, 6, 22, 7], [23, 10, 24, 11], [1, 19, 2, 18], [3, 16, 4, 17], [5, 12, 6, 13], [7, 24, 8, 1]]"
12a_0301_184,"[[7, 24, 8, 1], [9, 15, 10, 14], [11, 22, 12, 23], [13, 4, 14, 5], [15, 9, 16, 8], [17, 21, 18, 20], [19, 3, 20, 2], [21, 6, 22, 7], [23, 10, 24, 11], [1, 19, 2, 18], [3, 16, 4, 17], [5, 12, 6, 13]]"
12a_0301_185,"[[5, 12, 6, 13], [7, 24, 8, 1], [9, 15, 10, 14], [11, 22, 12, 23], [13, 4, 14, 5], [15, 9, 16, 8], [17, 21, 18, 20], [19, 3, 20, 2], [21, 6, 22, 7], [23, 10, 24, 11], [1, 19, 2, 18], [3, 16, 4, 17]]"
