name,pd_notation
12a_1074_0,"[[24, 9, 1, 10], [2, 8, 3, 7], [4, 14, 5, 13], [6, 19, 7, 20], [8, 18, 9, 17], [10, 23, 11, 24], [12, 4, 13, 3], [14, 22, 15, 21], [16, 12, 17, 11], [18, 2, 19, 1], [20, 5, 21, 6], [22, 16, 23, 15]]"
12a_1074_1,"[[22, 16, 23, 15], [24, 9, 1, 10], [2, 8, 3, 7], [4, 14, 5, 13], [6, 19, 7, 20], [8, 18, 9, 17], [10, 23, 11, 24], [12, 4, 13, 3], [14, 22, 15, 21], [16, 12, 17, 11], [18, 2, 19, 1], [20, 5, 21, 6]]"
12a_1074_2,"[[20, 5, 21, 6], [22, 16, 23, 15], [24, 9, 1, 10], [2, 8, 3, 7], [4, 14, 5, 13], [6, 19, 7, 20], [8, 18, 9, 17], [10, 23, 11, 24], [12, 4, 13, 3], [14, 22, 15, 21], [16, 12, 17, 11], [18, 2, 19, 1]]"
12a_1074_3,"[[18, 2, 19, 1], [20, 5, 21, 6], [22, 16, 23, 15], [24, 9, 1, 10], [2, 8, 3, 7], [4, 14, 5, 13], [6, 19, 7, 20], [8, 18, 9, 17], [10, 23, 11, 24], [12, 4, 13, 3], [14, 22, 15, 21], [16, 12, 17, 11]]"
12a_1074_4,"[[16, 12, 17, 11], [18, 2, 19, 1], [20, 5, 21, 6], [22, 16, 23, 15], [24, 9, 1, 10], [2, 8, 3, 7], [4, 14, 5, 13], [6, 19, 7, 20], [8, 18, 9, 17], [10, 23, 11, 24], [12, 4, 13, 3], [14, 22, 15, 21]]"
12a_1074_5,"[[14, 22, 15, 21], [16, 12, 17, 11], [18, 2, 19, 1], [20, 5, 21, 6], [22, 16, 23, 15], [24, 9, 1, 10], [2, 8, 3, 7], [4, 14, 5, 13], [6, 19, 7, 20], [8, 18, 9, 17], [10, 23, 11, 24], [12, 4, 13, 3]]"
12a_1074_6,"[[12, 4, 13, 3], [14, 22, 15, 21], [16, 12, 17, 11], [18, 2, 19, 1], [20, 5, 21, 6], [22, 16, 23, 15], [24, 9, 1, 10], [2, 8, 3, 7], [4, 14, 5, 13], [6, 19, 7, 20], [8, 18, 9, 17], [10, 23, 11, 24]]"
12a_1074_7,"[[10, 23, 11, 24], [12, 4, 13, 3], [14, 22, 15, 21], [16, 12, 17, 11], [18, 2, 19, 1], [20, 5, 21, 6], [22, 16, 23, 15], [24, 9, 1, 10], [2, 8, 3, 7], [4, 14, 5, 13], [6, 19, 7, 20], [8, 18, 9, 17]]"
12a_1074_8,"[[8, 18, 9, 17], [10, 23, 11, 24], [12, 4, 13, 3], [14, 22, 15, 21], [16, 12, 17, 11], [18, 2, 19, 1], [20, 5, 21, 6], [22, 16, 23, 15], [24, 9, 1, 10], [2, 8, 3, 7], [4, 14, 5, 13], [6, 19, 7, 20]]"
12a_1074_9,"[[6, 19, 7, 20], [8, 18, 9, 17], [10, 23, 11, 24], [12, 4, 13, 3], [14, 22, 15, 21], [16, 12, 17, 11], [18, 2, 19, 1], [20, 5, 21, 6], [22, 16, 23, 15], [24, 9, 1, 10], [2, 8, 3, 7], [4, 14, 5, 13]]"
12a_1074_10,"[[4, 14, 5, 13], [6, 19, 7, 20], [8, 18, 9, 17], [10, 23, 11, 24], [12, 4, 13, 3], [14, 22, 15, 21], [16, 12, 17, 11], [18, 2, 19, 1], [20, 5, 21, 6], [22, 16, 23, 15], [24, 9, 1, 10], [2, 8, 3, 7]]"
12a_1074_11,"[[2, 8, 3, 7], [4, 14, 5, 13], [6, 19, 7, 20], [8, 18, 9, 17], [10, 23, 11, 24], [12, 4, 13, 3], [14, 22, 15, 21], [16, 12, 17, 11], [18, 2, 19, 1], [20, 5, 21, 6], [22, 16, 23, 15], [24, 9, 1, 10]]"
12a_1074_12,"[[1, 10, 2, 11], [3, 9, 4, 8], [5, 15, 6, 14], [7, 20, 8, 21], [9, 19, 10, 18], [11, 24, 12, 1], [13, 5, 14, 4], [15, 23, 16, 22], [17, 13, 18, 12], [19, 3, 20, 2], [21, 6, 22, 7], [23, 17, 24, 16]]"
12a_1074_13,"[[23, 17, 24, 16], [1, 10, 2, 11], [3, 9, 4, 8], [5, 15, 6, 14], [7, 20, 8, 21], [9, 19, 10, 18], [11, 24, 12, 1], [13, 5, 14, 4], [15, 23, 16, 22], [17, 13, 18, 12], [19, 3, 20, 2], [21, 6, 22, 7]]"
12a_1074_14,"[[21, 6, 22, 7], [23, 17, 24, 16], [1, 10, 2, 11], [3, 9, 4, 8], [5, 15, 6, 14], [7, 20, 8, 21], [9, 19, 10, 18], [11, 24, 12, 1], [13, 5, 14, 4], [15, 23, 16, 22], [17, 13, 18, 12], [19, 3, 20, 2]]"
12a_1074_15,"[[19, 3, 20, 2], [21, 6, 22, 7], [23, 17, 24, 16], [1, 10, 2, 11], [3, 9, 4, 8], [5, 15, 6, 14], [7, 20, 8, 21], [9, 19, 10, 18], [11, 24, 12, 1], [13, 5, 14, 4], [15, 23, 16, 22], [17, 13, 18, 12]]"
12a_1074_16,"[[17, 13, 18, 12], [19, 3, 20, 2], [21, 6, 22, 7], [23, 17, 24, 16], [1, 10, 2, 11], [3, 9, 4, 8], [5, 15, 6, 14], [7, 20, 8, 21], [9, 19, 10, 18], [11, 24, 12, 1], [13, 5, 14, 4], [15, 23, 16, 22]]"
12a_1074_17,"[[15, 23, 16, 22], [17, 13, 18, 12], [19, 3, 20, 2], [21, 6, 22, 7], [23, 17, 24, 16], [1, 10, 2, 11], [3, 9, 4, 8], [5, 15, 6, 14], [7, 20, 8, 21], [9, 19, 10, 18], [11, 24, 12, 1], [13, 5, 14, 4]]"
12a_1074_18,"[[13, 5, 14, 4], [15, 23, 16, 22], [17, 13, 18, 12], [19, 3, 20, 2], [21, 6, 22, 7], [23, 17, 24, 16], [1, 10, 2, 11], [3, 9, 4, 8], [5, 15, 6, 14], [7, 20, 8, 21], [9, 19, 10, 18], [11, 24, 12, 1]]"
12a_1074_19,"[[11, 24, 12, 1], [13, 5, 14, 4], [15, 23, 16, 22], [17, 13, 18, 12], [19, 3, 20, 2], [21, 6, 22, 7], [23, 17, 24, 16], [1, 10, 2, 11], [3, 9, 4, 8], [5, 15, 6, 14], [7, 20, 8, 21], [9, 19, 10, 18]]"
12a_1074_20,"[[9, 19, 10, 18], [11, 24, 12, 1], [13, 5, 14, 4], [15, 23, 16, 22], [17, 13, 18, 12], [19, 3, 20, 2], [21, 6, 22, 7], [23, 17, 24, 16], [1, 10, 2, 11], [3, 9, 4, 8], [5, 15, 6, 14], [7, 20, 8, 21]]"
12a_1074_21,"[[7, 20, 8, 21], [9, 19, 10, 18], [11, 24, 12, 1], [13, 5, 14, 4], [15, 23, 16, 22], [17, 13, 18, 12], [19, 3, 20, 2], [21, 6, 22, 7], [23, 17, 24, 16], [1, 10, 2, 11], [3, 9, 4, 8], [5, 15, 6, 14]]"
12a_1074_22,"[[5, 15, 6, 14], [7, 20, 8, 21], [9, 19, 10, 18], [11, 24, 12, 1], [13, 5, 14, 4], [15, 23, 16, 22], [17, 13, 18, 12], [19, 3, 20, 2], [21, 6, 22, 7], [23, 17, 24, 16], [1, 10, 2, 11], [3, 9, 4, 8]]"
12a_1074_23,"[[3, 9, 4, 8], [5, 15, 6, 14], [7, 20, 8, 21], [9, 19, 10, 18], [11, 24, 12, 1], [13, 5, 14, 4], [15, 23, 16, 22], [17, 13, 18, 12], [19, 3, 20, 2], [21, 6, 22, 7], [23, 17, 24, 16], [1, 10, 2, 11]]"
12a_1074_24,"[[2, 11, 3, 12], [4, 10, 5, 9], [6, 16, 7, 15], [8, 21, 9, 22], [10, 20, 11, 19], [12, 1, 13, 2], [14, 6, 15, 5], [16, 24, 17, 23], [18, 14, 19, 13], [20, 4, 21, 3], [22, 7, 23, 8], [24, 18, 1, 17]]"
12a_1074_25,"[[24, 18, 1, 17], [2, 11, 3, 12], [4, 10, 5, 9], [6, 16, 7, 15], [8, 21, 9, 22], [10, 20, 11, 19], [12, 1, 13, 2], [14, 6, 15, 5], [16, 24, 17, 23], [18, 14, 19, 13], [20, 4, 21, 3], [22, 7, 23, 8]]"
12a_1074_26,"[[22, 7, 23, 8], [24, 18, 1, 17], [2, 11, 3, 12], [4, 10, 5, 9], [6, 16, 7, 15], [8, 21, 9, 22], [10, 20, 11, 19], [12, 1, 13, 2], [14, 6, 15, 5], [16, 24, 17, 23], [18, 14, 19, 13], [20, 4, 21, 3]]"
12a_1074_27,"[[20, 4, 21, 3], [22, 7, 23, 8], [24, 18, 1, 17], [2, 11, 3, 12], [4, 10, 5, 9], [6, 16, 7, 15], [8, 21, 9, 22], [10, 20, 11, 19], [12, 1, 13, 2], [14, 6, 15, 5], [16, 24, 17, 23], [18, 14, 19, 13]]"
12a_1074_28,"[[18, 14, 19, 13], [20, 4, 21, 3], [22, 7, 23, 8], [24, 18, 1, 17], [2, 11, 3, 12], [4, 10, 5, 9], [6, 16, 7, 15], [8, 21, 9, 22], [10, 20, 11, 19], [12, 1, 13, 2], [14, 6, 15, 5], [16, 24, 17, 23]]"
12a_1074_29,"[[16, 24, 17, 23], [18, 14, 19, 13], [20, 4, 21, 3], [22, 7, 23, 8], [24, 18, 1, 17], [2, 11, 3, 12], [4, 10, 5, 9], [6, 16, 7, 15], [8, 21, 9, 22], [10, 20, 11, 19], [12, 1, 13, 2], [14, 6, 15, 5]]"
12a_1074_30,"[[14, 6, 15, 5], [16, 24, 17, 23], [18, 14, 19, 13], [20, 4, 21, 3], [22, 7, 23, 8], [24, 18, 1, 17], [2, 11, 3, 12], [4, 10, 5, 9], [6, 16, 7, 15], [8, 21, 9, 22], [10, 20, 11, 19], [12, 1, 13, 2]]"
12a_1074_31,"[[12, 1, 13, 2], [14, 6, 15, 5], [16, 24, 17, 23], [18, 14, 19, 13], [20, 4, 21, 3], [22, 7, 23, 8], [24, 18, 1, 17], [2, 11, 3, 12], [4, 10, 5, 9], [6, 16, 7, 15], [8, 21, 9, 22], [10, 20, 11, 19]]"
12a_1074_32,"[[10, 20, 11, 19], [12, 1, 13, 2], [14, 6, 15, 5], [16, 24, 17, 23], [18, 14, 19, 13], [20, 4, 21, 3], [22, 7, 23, 8], [24, 18, 1, 17], [2, 11, 3, 12], [4, 10, 5, 9], [6, 16, 7, 15], [8, 21, 9, 22]]"
12a_1074_33,"[[8, 21, 9, 22], [10, 20, 11, 19], [12, 1, 13, 2], [14, 6, 15, 5], [16, 24, 17, 23], [18, 14, 19, 13], [20, 4, 21, 3], [22, 7, 23, 8], [24, 18, 1, 17], [2, 11, 3, 12], [4, 10, 5, 9], [6, 16, 7, 15]]"
12a_1074_34,"[[6, 16, 7, 15], [8, 21, 9, 22], [10, 20, 11, 19], [12, 1, 13, 2], [14, 6, 15, 5], [16, 24, 17, 23], [18, 14, 19, 13], [20, 4, 21, 3], [22, 7, 23, 8], [24, 18, 1, 17], [2, 11, 3, 12], [4, 10, 5, 9]]"
12a_1074_35,"[[4, 10, 5, 9], [6, 16, 7, 15], [8, 21, 9, 22], [10, 20, 11, 19], [12, 1, 13, 2], [14, 6, 15, 5], [16, 24, 17, 23], [18, 14, 19, 13], [20, 4, 21, 3], [22, 7, 23, 8], [24, 18, 1, 17], [2, 11, 3, 12]]"
12a_1074_36,"[[3, 12, 4, 13], [5, 11, 6, 10], [7, 17, 8, 16], [9, 22, 10, 23], [11, 21, 12, 20], [13, 2, 14, 3], [15, 7, 16, 6], [17, 1, 18, 24], [19, 15, 20, 14], [21, 5, 22, 4], [23, 8, 24, 9], [1, 19, 2, 18]]"
12a_1074_37,"[[1, 19, 2, 18], [3, 12, 4, 13], [5, 11, 6, 10], [7, 17, 8, 16], [9, 22, 10, 23], [11, 21, 12, 20], [13, 2, 14, 3], [15, 7, 16, 6], [17, 1, 18, 24], [19, 15, 20, 14], [21, 5, 22, 4], [23, 8, 24, 9]]"
12a_1074_38,"[[23, 8, 24, 9], [1, 19, 2, 18], [3, 12, 4, 13], [5, 11, 6, 10], [7, 17, 8, 16], [9, 22, 10, 23], [11, 21, 12, 20], [13, 2, 14, 3], [15, 7, 16, 6], [17, 1, 18, 24], [19, 15, 20, 14], [21, 5, 22, 4]]"
12a_1074_39,"[[21, 5, 22, 4], [23, 8, 24, 9], [1, 19, 2, 18], [3, 12, 4, 13], [5, 11, 6, 10], [7, 17, 8, 16], [9, 22, 10, 23], [11, 21, 12, 20], [13, 2, 14, 3], [15, 7, 16, 6], [17, 1, 18, 24], [19, 15, 20, 14]]"
12a_1074_40,"[[19, 15, 20, 14], [21, 5, 22, 4], [23, 8, 24, 9], [1, 19, 2, 18], [3, 12, 4, 13], [5, 11, 6, 10], [7, 17, 8, 16], [9, 22, 10, 23], [11, 21, 12, 20], [13, 2, 14, 3], [15, 7, 16, 6], [17, 1, 18, 24]]"
12a_1074_41,"[[17, 1, 18, 24], [19, 15, 20, 14], [21, 5, 22, 4], [23, 8, 24, 9], [1, 19, 2, 18], [3, 12, 4, 13], [5, 11, 6, 10], [7, 17, 8, 16], [9, 22, 10, 23], [11, 21, 12, 20], [13, 2, 14, 3], [15, 7, 16, 6]]"
12a_1074_42,"[[15, 7, 16, 6], [17, 1, 18, 24], [19, 15, 20, 14], [21, 5, 22, 4], [23, 8, 24, 9], [1, 19, 2, 18], [3, 12, 4, 13], [5, 11, 6, 10], [7, 17, 8, 16], [9, 22, 10, 23], [11, 21, 12, 20], [13, 2, 14, 3]]"
12a_1074_43,"[[13, 2, 14, 3], [15, 7, 16, 6], [17, 1, 18, 24], [19, 15, 20, 14], [21, 5, 22, 4], [23, 8, 24, 9], [1, 19, 2, 18], [3, 12, 4, 13], [5, 11, 6, 10], [7, 17, 8, 16], [9, 22, 10, 23], [11, 21, 12, 20]]"
12a_1074_44,"[[11, 21, 12, 20], [13, 2, 14, 3], [15, 7, 16, 6], [17, 1, 18, 24], [19, 15, 20, 14], [21, 5, 22, 4], [23, 8, 24, 9], [1, 19, 2, 18], [3, 12, 4, 13], [5, 11, 6, 10], [7, 17, 8, 16], [9, 22, 10, 23]]"
12a_1074_45,"[[9, 22, 10, 23], [11, 21, 12, 20], [13, 2, 14, 3], [15, 7, 16, 6], [17, 1, 18, 24], [19, 15, 20, 14], [21, 5, 22, 4], [23, 8, 24, 9], [1, 19, 2, 18], [3, 12, 4, 13], [5, 11, 6, 10], [7, 17, 8, 16]]"
12a_1074_46,"[[7, 17, 8, 16], [9, 22, 10, 23], [11, 21, 12, 20], [13, 2, 14, 3], [15, 7, 16, 6], [17, 1, 18, 24], [19, 15, 20, 14], [21, 5, 22, 4], [23, 8, 24, 9], [1, 19, 2, 18], [3, 12, 4, 13], [5, 11, 6, 10]]"
12a_1074_47,"[[5, 11, 6, 10], [7, 17, 8, 16], [9, 22, 10, 23], [11, 21, 12, 20], [13, 2, 14, 3], [15, 7, 16, 6], [17, 1, 18, 24], [19, 15, 20, 14], [21, 5, 22, 4], [23, 8, 24, 9], [1, 19, 2, 18], [3, 12, 4, 13]]"
12a_1074_48,"[[4, 13, 5, 14], [6, 12, 7, 11], [8, 18, 9, 17], [10, 23, 11, 24], [12, 22, 13, 21], [14, 3, 15, 4], [16, 8, 17, 7], [18, 2, 19, 1], [20, 16, 21, 15], [22, 6, 23, 5], [24, 9, 1, 10], [2, 20, 3, 19]]"
12a_1074_49,"[[2, 20, 3, 19], [4, 13, 5, 14], [6, 12, 7, 11], [8, 18, 9, 17], [10, 23, 11, 24], [12, 22, 13, 21], [14, 3, 15, 4], [16, 8, 17, 7], [18, 2, 19, 1], [20, 16, 21, 15], [22, 6, 23, 5], [24, 9, 1, 10]]"
12a_1074_50,"[[24, 9, 1, 10], [2, 20, 3, 19], [4, 13, 5, 14], [6, 12, 7, 11], [8, 18, 9, 17], [10, 23, 11, 24], [12, 22, 13, 21], [14, 3, 15, 4], [16, 8, 17, 7], [18, 2, 19, 1], [20, 16, 21, 15], [22, 6, 23, 5]]"
12a_1074_51,"[[22, 6, 23, 5], [24, 9, 1, 10], [2, 20, 3, 19], [4, 13, 5, 14], [6, 12, 7, 11], [8, 18, 9, 17], [10, 23, 11, 24], [12, 22, 13, 21], [14, 3, 15, 4], [16, 8, 17, 7], [18, 2, 19, 1], [20, 16, 21, 15]]"
12a_1074_52,"[[20, 16, 21, 15], [22, 6, 23, 5], [24, 9, 1, 10], [2, 20, 3, 19], [4, 13, 5, 14], [6, 12, 7, 11], [8, 18, 9, 17], [10, 23, 11, 24], [12, 22, 13, 21], [14, 3, 15, 4], [16, 8, 17, 7], [18, 2, 19, 1]]"
12a_1074_53,"[[18, 2, 19, 1], [20, 16, 21, 15], [22, 6, 23, 5], [24, 9, 1, 10], [2, 20, 3, 19], [4, 13, 5, 14], [6, 12, 7, 11], [8, 18, 9, 17], [10, 23, 11, 24], [12, 22, 13, 21], [14, 3, 15, 4], [16, 8, 17, 7]]"
12a_1074_54,"[[16, 8, 17, 7], [18, 2, 19, 1], [20, 16, 21, 15], [22, 6, 23, 5], [24, 9, 1, 10], [2, 20, 3, 19], [4, 13, 5, 14], [6, 12, 7, 11], [8, 18, 9, 17], [10, 23, 11, 24], [12, 22, 13, 21], [14, 3, 15, 4]]"
12a_1074_55,"[[14, 3, 15, 4], [16, 8, 17, 7], [18, 2, 19, 1], [20, 16, 21, 15], [22, 6, 23, 5], [24, 9, 1, 10], [2, 20, 3, 19], [4, 13, 5, 14], [6, 12, 7, 11], [8, 18, 9, 17], [10, 23, 11, 24], [12, 22, 13, 21]]"
12a_1074_56,"[[12, 22, 13, 21], [14, 3, 15, 4], [16, 8, 17, 7], [18, 2, 19, 1], [20, 16, 21, 15], [22, 6, 23, 5], [24, 9, 1, 10], [2, 20, 3, 19], [4, 13, 5, 14], [6, 12, 7, 11], [8, 18, 9, 17], [10, 23, 11, 24]]"
12a_1074_57,"[[10, 23, 11, 24], [12, 22, 13, 21], [14, 3, 15, 4], [16, 8, 17, 7], [18, 2, 19, 1], [20, 16, 21, 15], [22, 6, 23, 5], [24, 9, 1, 10], [2, 20, 3, 19], [4, 13, 5, 14], [6, 12, 7, 11], [8, 18, 9, 17]]"
12a_1074_58,"[[8, 18, 9, 17], [10, 23, 11, 24], [12, 22, 13, 21], [14, 3, 15, 4], [16, 8, 17, 7], [18, 2, 19, 1], [20, 16, 21, 15], [22, 6, 23, 5], [24, 9, 1, 10], [2, 20, 3, 19], [4, 13, 5, 14], [6, 12, 7, 11]]"
12a_1074_59,"[[6, 12, 7, 11], [8, 18, 9, 17], [10, 23, 11, 24], [12, 22, 13, 21], [14, 3, 15, 4], [16, 8, 17, 7], [18, 2, 19, 1], [20, 16, 21, 15], [22, 6, 23, 5], [24, 9, 1, 10], [2, 20, 3, 19], [4, 13, 5, 14]]"
12a_1074_60,"[[5, 14, 6, 15], [7, 13, 8, 12], [9, 19, 10, 18], [11, 24, 12, 1], [13, 23, 14, 22], [15, 4, 16, 5], [17, 9, 18, 8], [19, 3, 20, 2], [21, 17, 22, 16], [23, 7, 24, 6], [1, 10, 2, 11], [3, 21, 4, 20]]"
12a_1074_61,"[[3, 21, 4, 20], [5, 14, 6, 15], [7, 13, 8, 12], [9, 19, 10, 18], [11, 24, 12, 1], [13, 23, 14, 22], [15, 4, 16, 5], [17, 9, 18, 8], [19, 3, 20, 2], [21, 17, 22, 16], [23, 7, 24, 6], [1, 10, 2, 11]]"
12a_1074_62,"[[1, 10, 2, 11], [3, 21, 4, 20], [5, 14, 6, 15], [7, 13, 8, 12], [9, 19, 10, 18], [11, 24, 12, 1], [13, 23, 14, 22], [15, 4, 16, 5], [17, 9, 18, 8], [19, 3, 20, 2], [21, 17, 22, 16], [23, 7, 24, 6]]"
12a_1074_63,"[[23, 7, 24, 6], [1, 10, 2, 11], [3, 21, 4, 20], [5, 14, 6, 15], [7, 13, 8, 12], [9, 19, 10, 18], [11, 24, 12, 1], [13, 23, 14, 22], [15, 4, 16, 5], [17, 9, 18, 8], [19, 3, 20, 2], [21, 17, 22, 16]]"
12a_1074_64,"[[21, 17, 22, 16], [23, 7, 24, 6], [1, 10, 2, 11], [3, 21, 4, 20], [5, 14, 6, 15], [7, 13, 8, 12], [9, 19, 10, 18], [11, 24, 12, 1], [13, 23, 14, 22], [15, 4, 16, 5], [17, 9, 18, 8], [19, 3, 20, 2]]"
12a_1074_65,"[[19, 3, 20, 2], [21, 17, 22, 16], [23, 7, 24, 6], [1, 10, 2, 11], [3, 21, 4, 20], [5, 14, 6, 15], [7, 13, 8, 12], [9, 19, 10, 18], [11, 24, 12, 1], [13, 23, 14, 22], [15, 4, 16, 5], [17, 9, 18, 8]]"
12a_1074_66,"[[17, 9, 18, 8], [19, 3, 20, 2], [21, 17, 22, 16], [23, 7, 24, 6], [1, 10, 2, 11], [3, 21, 4, 20], [5, 14, 6, 15], [7, 13, 8, 12], [9, 19, 10, 18], [11, 24, 12, 1], [13, 23, 14, 22], [15, 4, 16, 5]]"
12a_1074_67,"[[15, 4, 16, 5], [17, 9, 18, 8], [19, 3, 20, 2], [21, 17, 22, 16], [23, 7, 24, 6], [1, 10, 2, 11], [3, 21, 4, 20], [5, 14, 6, 15], [7, 13, 8, 12], [9, 19, 10, 18], [11, 24, 12, 1], [13, 23, 14, 22]]"
12a_1074_68,"[[13, 23, 14, 22], [15, 4, 16, 5], [17, 9, 18, 8], [19, 3, 20, 2], [21, 17, 22, 16], [23, 7, 24, 6], [1, 10, 2, 11], [3, 21, 4, 20], [5, 14, 6, 15], [7, 13, 8, 12], [9, 19, 10, 18], [11, 24, 12, 1]]"
12a_1074_69,"[[11, 24, 12, 1], [13, 23, 14, 22], [15, 4, 16, 5], [17, 9, 18, 8], [19, 3, 20, 2], [21, 17, 22, 16], [23, 7, 24, 6], [1, 10, 2, 11], [3, 21, 4, 20], [5, 14, 6, 15], [7, 13, 8, 12], [9, 19, 10, 18]]"
12a_1074_70,"[[9, 19, 10, 18], [11, 24, 12, 1], [13, 23, 14, 22], [15, 4, 16, 5], [17, 9, 18, 8], [19, 3, 20, 2], [21, 17, 22, 16], [23, 7, 24, 6], [1, 10, 2, 11], [3, 21, 4, 20], [5, 14, 6, 15], [7, 13, 8, 12]]"
12a_1074_71,"[[7, 13, 8, 12], [9, 19, 10, 18], [11, 24, 12, 1], [13, 23, 14, 22], [15, 4, 16, 5], [17, 9, 18, 8], [19, 3, 20, 2], [21, 17, 22, 16], [23, 7, 24, 6], [1, 10, 2, 11], [3, 21, 4, 20], [5, 14, 6, 15]]"
12a_1074_72,"[[6, 15, 7, 16], [8, 14, 9, 13], [10, 20, 11, 19], [12, 1, 13, 2], [14, 24, 15, 23], [16, 5, 17, 6], [18, 10, 19, 9], [20, 4, 21, 3], [22, 18, 23, 17], [24, 8, 1, 7], [2, 11, 3, 12], [4, 22, 5, 21]]"
12a_1074_73,"[[4, 22, 5, 21], [6, 15, 7, 16], [8, 14, 9, 13], [10, 20, 11, 19], [12, 1, 13, 2], [14, 24, 15, 23], [16, 5, 17, 6], [18, 10, 19, 9], [20, 4, 21, 3], [22, 18, 23, 17], [24, 8, 1, 7], [2, 11, 3, 12]]"
12a_1074_74,"[[2, 11, 3, 12], [4, 22, 5, 21], [6, 15, 7, 16], [8, 14, 9, 13], [10, 20, 11, 19], [12, 1, 13, 2], [14, 24, 15, 23], [16, 5, 17, 6], [18, 10, 19, 9], [20, 4, 21, 3], [22, 18, 23, 17], [24, 8, 1, 7]]"
12a_1074_75,"[[24, 8, 1, 7], [2, 11, 3, 12], [4, 22, 5, 21], [6, 15, 7, 16], [8, 14, 9, 13], [10, 20, 11, 19], [12, 1, 13, 2], [14, 24, 15, 23], [16, 5, 17, 6], [18, 10, 19, 9], [20, 4, 21, 3], [22, 18, 23, 17]]"
12a_1074_76,"[[22, 18, 23, 17], [24, 8, 1, 7], [2, 11, 3, 12], [4, 22, 5, 21], [6, 15, 7, 16], [8, 14, 9, 13], [10, 20, 11, 19], [12, 1, 13, 2], [14, 24, 15, 23], [16, 5, 17, 6], [18, 10, 19, 9], [20, 4, 21, 3]]"
12a_1074_77,"[[20, 4, 21, 3], [22, 18, 23, 17], [24, 8, 1, 7], [2, 11, 3, 12], [4, 22, 5, 21], [6, 15, 7, 16], [8, 14, 9, 13], [10, 20, 11, 19], [12, 1, 13, 2], [14, 24, 15, 23], [16, 5, 17, 6], [18, 10, 19, 9]]"
12a_1074_78,"[[18, 10, 19, 9], [20, 4, 21, 3], [22, 18, 23, 17], [24, 8, 1, 7], [2, 11, 3, 12], [4, 22, 5, 21], [6, 15, 7, 16], [8, 14, 9, 13], [10, 20, 11, 19], [12, 1, 13, 2], [14, 24, 15, 23], [16, 5, 17, 6]]"
12a_1074_79,"[[16, 5, 17, 6], [18, 10, 19, 9], [20, 4, 21, 3], [22, 18, 23, 17], [24, 8, 1, 7], [2, 11, 3, 12], [4, 22, 5, 21], [6, 15, 7, 16], [8, 14, 9, 13], [10, 20, 11, 19], [12, 1, 13, 2], [14, 24, 15, 23]]"
12a_1074_80,"[[14, 24, 15, 23], [16, 5, 17, 6], [18, 10, 19, 9], [20, 4, 21, 3], [22, 18, 23, 17], [24, 8, 1, 7], [2, 11, 3, 12], [4, 22, 5, 21], [6, 15, 7, 16], [8, 14, 9, 13], [10, 20, 11, 19], [12, 1, 13, 2]]"
12a_1074_81,"[[12, 1, 13, 2], [14, 24, 15, 23], [16, 5, 17, 6], [18, 10, 19, 9], [20, 4, 21, 3], [22, 18, 23, 17], [24, 8, 1, 7], [2, 11, 3, 12], [4, 22, 5, 21], [6, 15, 7, 16], [8, 14, 9, 13], [10, 20, 11, 19]]"
12a_1074_82,"[[10, 20, 11, 19], [12, 1, 13, 2], [14, 24, 15, 23], [16, 5, 17, 6], [18, 10, 19, 9], [20, 4, 21, 3], [22, 18, 23, 17], [24, 8, 1, 7], [2, 11, 3, 12], [4, 22, 5, 21], [6, 15, 7, 16], [8, 14, 9, 13]]"
12a_1074_83,"[[8, 14, 9, 13], [10, 20, 11, 19], [12, 1, 13, 2], [14, 24, 15, 23], [16, 5, 17, 6], [18, 10, 19, 9], [20, 4, 21, 3], [22, 18, 23, 17], [24, 8, 1, 7], [2, 11, 3, 12], [4, 22, 5, 21], [6, 15, 7, 16]]"
12a_1074_84,"[[7, 16, 8, 17], [9, 15, 10, 14], [11, 21, 12, 20], [13, 2, 14, 3], [15, 1, 16, 24], [17, 6, 18, 7], [19, 11, 20, 10], [21, 5, 22, 4], [23, 19, 24, 18], [1, 9, 2, 8], [3, 12, 4, 13], [5, 23, 6, 22]]"
12a_1074_85,"[[5, 23, 6, 22], [7, 16, 8, 17], [9, 15, 10, 14], [11, 21, 12, 20], [13, 2, 14, 3], [15, 1, 16, 24], [17, 6, 18, 7], [19, 11, 20, 10], [21, 5, 22, 4], [23, 19, 24, 18], [1, 9, 2, 8], [3, 12, 4, 13]]"
12a_1074_86,"[[3, 12, 4, 13], [5, 23, 6, 22], [7, 16, 8, 17], [9, 15, 10, 14], [11, 21, 12, 20], [13, 2, 14, 3], [15, 1, 16, 24], [17, 6, 18, 7], [19, 11, 20, 10], [21, 5, 22, 4], [23, 19, 24, 18], [1, 9, 2, 8]]"
12a_1074_87,"[[1, 9, 2, 8], [3, 12, 4, 13], [5, 23, 6, 22], [7, 16, 8, 17], [9, 15, 10, 14], [11, 21, 12, 20], [13, 2, 14, 3], [15, 1, 16, 24], [17, 6, 18, 7], [19, 11, 20, 10], [21, 5, 22, 4], [23, 19, 24, 18]]"
12a_1074_88,"[[23, 19, 24, 18], [1, 9, 2, 8], [3, 12, 4, 13], [5, 23, 6, 22], [7, 16, 8, 17], [9, 15, 10, 14], [11, 21, 12, 20], [13, 2, 14, 3], [15, 1, 16, 24], [17, 6, 18, 7], [19, 11, 20, 10], [21, 5, 22, 4]]"
12a_1074_89,"[[21, 5, 22, 4], [23, 19, 24, 18], [1, 9, 2, 8], [3, 12, 4, 13], [5, 23, 6, 22], [7, 16, 8, 17], [9, 15, 10, 14], [11, 21, 12, 20], [13, 2, 14, 3], [15, 1, 16, 24], [17, 6, 18, 7], [19, 11, 20, 10]]"
12a_1074_90,"[[19, 11, 20, 10], [21, 5, 22, 4], [23, 19, 24, 18], [1, 9, 2, 8], [3, 12, 4, 13], [5, 23, 6, 22], [7, 16, 8, 17], [9, 15, 10, 14], [11, 21, 12, 20], [13, 2, 14, 3], [15, 1, 16, 24], [17, 6, 18, 7]]"
12a_1074_91,"[[17, 6, 18, 7], [19, 11, 20, 10], [21, 5, 22, 4], [23, 19, 24, 18], [1, 9, 2, 8], [3, 12, 4, 13], [5, 23, 6, 22], [7, 16, 8, 17], [9, 15, 10, 14], [11, 21, 12, 20], [13, 2, 14, 3], [15, 1, 16, 24]]"
12a_1074_92,"[[15, 1, 16, 24], [17, 6, 18, 7], [19, 11, 20, 10], [21, 5, 22, 4], [23, 19, 24, 18], [1, 9, 2, 8], [3, 12, 4, 13], [5, 23, 6, 22], [7, 16, 8, 17], [9, 15, 10, 14], [11, 21, 12, 20], [13, 2, 14, 3]]"
12a_1074_93,"[[13, 2, 14, 3], [15, 1, 16, 24], [17, 6, 18, 7], [19, 11, 20, 10], [21, 5, 22, 4], [23, 19, 24, 18], [1, 9, 2, 8], [3, 12, 4, 13], [5, 23, 6, 22], [7, 16, 8, 17], [9, 15, 10, 14], [11, 21, 12, 20]]"
12a_1074_94,"[[11, 21, 12, 20], [13, 2, 14, 3], [15, 1, 16, 24], [17, 6, 18, 7], [19, 11, 20, 10], [21, 5, 22, 4], [23, 19, 24, 18], [1, 9, 2, 8], [3, 12, 4, 13], [5, 23, 6, 22], [7, 16, 8, 17], [9, 15, 10, 14]]"
12a_1074_95,"[[9, 15, 10, 14], [11, 21, 12, 20], [13, 2, 14, 3], [15, 1, 16, 24], [17, 6, 18, 7], [19, 11, 20, 10], [21, 5, 22, 4], [23, 19, 24, 18], [1, 9, 2, 8], [3, 12, 4, 13], [5, 23, 6, 22], [7, 16, 8, 17]]"
12a_1074_96,"[[8, 17, 9, 18], [10, 16, 11, 15], [12, 22, 13, 21], [14, 3, 15, 4], [16, 2, 17, 1], [18, 7, 19, 8], [20, 12, 21, 11], [22, 6, 23, 5], [24, 20, 1, 19], [2, 10, 3, 9], [4, 13, 5, 14], [6, 24, 7, 23]]"
12a_1074_97,"[[6, 24, 7, 23], [8, 17, 9, 18], [10, 16, 11, 15], [12, 22, 13, 21], [14, 3, 15, 4], [16, 2, 17, 1], [18, 7, 19, 8], [20, 12, 21, 11], [22, 6, 23, 5], [24, 20, 1, 19], [2, 10, 3, 9], [4, 13, 5, 14]]"
12a_1074_98,"[[4, 13, 5, 14], [6, 24, 7, 23], [8, 17, 9, 18], [10, 16, 11, 15], [12, 22, 13, 21], [14, 3, 15, 4], [16, 2, 17, 1], [18, 7, 19, 8], [20, 12, 21, 11], [22, 6, 23, 5], [24, 20, 1, 19], [2, 10, 3, 9]]"
12a_1074_99,"[[2, 10, 3, 9], [4, 13, 5, 14], [6, 24, 7, 23], [8, 17, 9, 18], [10, 16, 11, 15], [12, 22, 13, 21], [14, 3, 15, 4], [16, 2, 17, 1], [18, 7, 19, 8], [20, 12, 21, 11], [22, 6, 23, 5], [24, 20, 1, 19]]"
12a_1074_100,"[[24, 20, 1, 19], [2, 10, 3, 9], [4, 13, 5, 14], [6, 24, 7, 23], [8, 17, 9, 18], [10, 16, 11, 15], [12, 22, 13, 21], [14, 3, 15, 4], [16, 2, 17, 1], [18, 7, 19, 8], [20, 12, 21, 11], [22, 6, 23, 5]]"
12a_1074_101,"[[22, 6, 23, 5], [24, 20, 1, 19], [2, 10, 3, 9], [4, 13, 5, 14], [6, 24, 7, 23], [8, 17, 9, 18], [10, 16, 11, 15], [12, 22, 13, 21], [14, 3, 15, 4], [16, 2, 17, 1], [18, 7, 19, 8], [20, 12, 21, 11]]"
12a_1074_102,"[[20, 12, 21, 11], [22, 6, 23, 5], [24, 20, 1, 19], [2, 10, 3, 9], [4, 13, 5, 14], [6, 24, 7, 23], [8, 17, 9, 18], [10, 16, 11, 15], [12, 22, 13, 21], [14, 3, 15, 4], [16, 2, 17, 1], [18, 7, 19, 8]]"
12a_1074_103,"[[18, 7, 19, 8], [20, 12, 21, 11], [22, 6, 23, 5], [24, 20, 1, 19], [2, 10, 3, 9], [4, 13, 5, 14], [6, 24, 7, 23], [8, 17, 9, 18], [10, 16, 11, 15], [12, 22, 13, 21], [14, 3, 15, 4], [16, 2, 17, 1]]"
12a_1074_104,"[[16, 2, 17, 1], [18, 7, 19, 8], [20, 12, 21, 11], [22, 6, 23, 5], [24, 20, 1, 19], [2, 10, 3, 9], [4, 13, 5, 14], [6, 24, 7, 23], [8, 17, 9, 18], [10, 16, 11, 15], [12, 22, 13, 21], [14, 3, 15, 4]]"
12a_1074_105,"[[14, 3, 15, 4], [16, 2, 17, 1], [18, 7, 19, 8], [20, 12, 21, 11], [22, 6, 23, 5], [24, 20, 1, 19], [2, 10, 3, 9], [4, 13, 5, 14], [6, 24, 7, 23], [8, 17, 9, 18], [10, 16, 11, 15], [12, 22, 13, 21]]"
12a_1074_106,"[[12, 22, 13, 21], [14, 3, 15, 4], [16, 2, 17, 1], [18, 7, 19, 8], [20, 12, 21, 11], [22, 6, 23, 5], [24, 20, 1, 19], [2, 10, 3, 9], [4, 13, 5, 14], [6, 24, 7, 23], [8, 17, 9, 18], [10, 16, 11, 15]]"
12a_1074_107,"[[10, 16, 11, 15], [12, 22, 13, 21], [14, 3, 15, 4], [16, 2, 17, 1], [18, 7, 19, 8], [20, 12, 21, 11], [22, 6, 23, 5], [24, 20, 1, 19], [2, 10, 3, 9], [4, 13, 5, 14], [6, 24, 7, 23], [8, 17, 9, 18]]"
12a_1074_108,"[[9, 18, 10, 19], [11, 17, 12, 16], [13, 23, 14, 22], [15, 4, 16, 5], [17, 3, 18, 2], [19, 8, 20, 9], [21, 13, 22, 12], [23, 7, 24, 6], [1, 21, 2, 20], [3, 11, 4, 10], [5, 14, 6, 15], [7, 1, 8, 24]]"
12a_1074_109,"[[7, 1, 8, 24], [9, 18, 10, 19], [11, 17, 12, 16], [13, 23, 14, 22], [15, 4, 16, 5], [17, 3, 18, 2], [19, 8, 20, 9], [21, 13, 22, 12], [23, 7, 24, 6], [1, 21, 2, 20], [3, 11, 4, 10], [5, 14, 6, 15]]"
12a_1074_110,"[[5, 14, 6, 15], [7, 1, 8, 24], [9, 18, 10, 19], [11, 17, 12, 16], [13, 23, 14, 22], [15, 4, 16, 5], [17, 3, 18, 2], [19, 8, 20, 9], [21, 13, 22, 12], [23, 7, 24, 6], [1, 21, 2, 20], [3, 11, 4, 10]]"
12a_1074_111,"[[3, 11, 4, 10], [5, 14, 6, 15], [7, 1, 8, 24], [9, 18, 10, 19], [11, 17, 12, 16], [13, 23, 14, 22], [15, 4, 16, 5], [17, 3, 18, 2], [19, 8, 20, 9], [21, 13, 22, 12], [23, 7, 24, 6], [1, 21, 2, 20]]"
12a_1074_112,"[[1, 21, 2, 20], [3, 11, 4, 10], [5, 14, 6, 15], [7, 1, 8, 24], [9, 18, 10, 19], [11, 17, 12, 16], [13, 23, 14, 22], [15, 4, 16, 5], [17, 3, 18, 2], [19, 8, 20, 9], [21, 13, 22, 12], [23, 7, 24, 6]]"
12a_1074_113,"[[23, 7, 24, 6], [1, 21, 2, 20], [3, 11, 4, 10], [5, 14, 6, 15], [7, 1, 8, 24], [9, 18, 10, 19], [11, 17, 12, 16], [13, 23, 14, 22], [15, 4, 16, 5], [17, 3, 18, 2], [19, 8, 20, 9], [21, 13, 22, 12]]"
12a_1074_114,"[[21, 13, 22, 12], [23, 7, 24, 6], [1, 21, 2, 20], [3, 11, 4, 10], [5, 14, 6, 15], [7, 1, 8, 24], [9, 18, 10, 19], [11, 17, 12, 16], [13, 23, 14, 22], [15, 4, 16, 5], [17, 3, 18, 2], [19, 8, 20, 9]]"
12a_1074_115,"[[19, 8, 20, 9], [21, 13, 22, 12], [23, 7, 24, 6], [1, 21, 2, 20], [3, 11, 4, 10], [5, 14, 6, 15], [7, 1, 8, 24], [9, 18, 10, 19], [11, 17, 12, 16], [13, 23, 14, 22], [15, 4, 16, 5], [17, 3, 18, 2]]"
12a_1074_116,"[[17, 3, 18, 2], [19, 8, 20, 9], [21, 13, 22, 12], [23, 7, 24, 6], [1, 21, 2, 20], [3, 11, 4, 10], [5, 14, 6, 15], [7, 1, 8, 24], [9, 18, 10, 19], [11, 17, 12, 16], [13, 23, 14, 22], [15, 4, 16, 5]]"
12a_1074_117,"[[15, 4, 16, 5], [17, 3, 18, 2], [19, 8, 20, 9], [21, 13, 22, 12], [23, 7, 24, 6], [1, 21, 2, 20], [3, 11, 4, 10], [5, 14, 6, 15], [7, 1, 8, 24], [9, 18, 10, 19], [11, 17, 12, 16], [13, 23, 14, 22]]"
12a_1074_118,"[[13, 23, 14, 22], [15, 4, 16, 5], [17, 3, 18, 2], [19, 8, 20, 9], [21, 13, 22, 12], [23, 7, 24, 6], [1, 21, 2, 20], [3, 11, 4, 10], [5, 14, 6, 15], [7, 1, 8, 24], [9, 18, 10, 19], [11, 17, 12, 16]]"
12a_1074_119,"[[11, 17, 12, 16], [13, 23, 14, 22], [15, 4, 16, 5], [17, 3, 18, 2], [19, 8, 20, 9], [21, 13, 22, 12], [23, 7, 24, 6], [1, 21, 2, 20], [3, 11, 4, 10], [5, 14, 6, 15], [7, 1, 8, 24], [9, 18, 10, 19]]"
12a_1074_120,"[[10, 19, 11, 20], [12, 18, 13, 17], [14, 24, 15, 23], [16, 5, 17, 6], [18, 4, 19, 3], [20, 9, 21, 10], [22, 14, 23, 13], [24, 8, 1, 7], [2, 22, 3, 21], [4, 12, 5, 11], [6, 15, 7, 16], [8, 2, 9, 1]]"
12a_1074_121,"[[8, 2, 9, 1], [10, 19, 11, 20], [12, 18, 13, 17], [14, 24, 15, 23], [16, 5, 17, 6], [18, 4, 19, 3], [20, 9, 21, 10], [22, 14, 23, 13], [24, 8, 1, 7], [2, 22, 3, 21], [4, 12, 5, 11], [6, 15, 7, 16]]"
12a_1074_122,"[[6, 15, 7, 16], [8, 2, 9, 1], [10, 19, 11, 20], [12, 18, 13, 17], [14, 24, 15, 23], [16, 5, 17, 6], [18, 4, 19, 3], [20, 9, 21, 10], [22, 14, 23, 13], [24, 8, 1, 7], [2, 22, 3, 21], [4, 12, 5, 11]]"
12a_1074_123,"[[4, 12, 5, 11], [6, 15, 7, 16], [8, 2, 9, 1], [10, 19, 11, 20], [12, 18, 13, 17], [14, 24, 15, 23], [16, 5, 17, 6], [18, 4, 19, 3], [20, 9, 21, 10], [22, 14, 23, 13], [24, 8, 1, 7], [2, 22, 3, 21]]"
12a_1074_124,"[[2, 22, 3, 21], [4, 12, 5, 11], [6, 15, 7, 16], [8, 2, 9, 1], [10, 19, 11, 20], [12, 18, 13, 17], [14, 24, 15, 23], [16, 5, 17, 6], [18, 4, 19, 3], [20, 9, 21, 10], [22, 14, 23, 13], [24, 8, 1, 7]]"
12a_1074_125,"[[24, 8, 1, 7], [2, 22, 3, 21], [4, 12, 5, 11], [6, 15, 7, 16], [8, 2, 9, 1], [10, 19, 11, 20], [12, 18, 13, 17], [14, 24, 15, 23], [16, 5, 17, 6], [18, 4, 19, 3], [20, 9, 21, 10], [22, 14, 23, 13]]"
12a_1074_126,"[[22, 14, 23, 13], [24, 8, 1, 7], [2, 22, 3, 21], [4, 12, 5, 11], [6, 15, 7, 16], [8, 2, 9, 1], [10, 19, 11, 20], [12, 18, 13, 17], [14, 24, 15, 23], [16, 5, 17, 6], [18, 4, 19, 3], [20, 9, 21, 10]]"
12a_1074_127,"[[20, 9, 21, 10], [22, 14, 23, 13], [24, 8, 1, 7], [2, 22, 3, 21], [4, 12, 5, 11], [6, 15, 7, 16], [8, 2, 9, 1], [10, 19, 11, 20], [12, 18, 13, 17], [14, 24, 15, 23], [16, 5, 17, 6], [18, 4, 19, 3]]"
12a_1074_128,"[[18, 4, 19, 3], [20, 9, 21, 10], [22, 14, 23, 13], [24, 8, 1, 7], [2, 22, 3, 21], [4, 12, 5, 11], [6, 15, 7, 16], [8, 2, 9, 1], [10, 19, 11, 20], [12, 18, 13, 17], [14, 24, 15, 23], [16, 5, 17, 6]]"
12a_1074_129,"[[16, 5, 17, 6], [18, 4, 19, 3], [20, 9, 21, 10], [22, 14, 23, 13], [24, 8, 1, 7], [2, 22, 3, 21], [4, 12, 5, 11], [6, 15, 7, 16], [8, 2, 9, 1], [10, 19, 11, 20], [12, 18, 13, 17], [14, 24, 15, 23]]"
12a_1074_130,"[[14, 24, 15, 23], [16, 5, 17, 6], [18, 4, 19, 3], [20, 9, 21, 10], [22, 14, 23, 13], [24, 8, 1, 7], [2, 22, 3, 21], [4, 12, 5, 11], [6, 15, 7, 16], [8, 2, 9, 1], [10, 19, 11, 20], [12, 18, 13, 17]]"
12a_1074_131,"[[12, 18, 13, 17], [14, 24, 15, 23], [16, 5, 17, 6], [18, 4, 19, 3], [20, 9, 21, 10], [22, 14, 23, 13], [24, 8, 1, 7], [2, 22, 3, 21], [4, 12, 5, 11], [6, 15, 7, 16], [8, 2, 9, 1], [10, 19, 11, 20]]"
12a_1074_132,"[[11, 20, 12, 21], [13, 19, 14, 18], [15, 1, 16, 24], [17, 6, 18, 7], [19, 5, 20, 4], [21, 10, 22, 11], [23, 15, 24, 14], [1, 9, 2, 8], [3, 23, 4, 22], [5, 13, 6, 12], [7, 16, 8, 17], [9, 3, 10, 2]]"
12a_1074_133,"[[9, 3, 10, 2], [11, 20, 12, 21], [13, 19, 14, 18], [15, 1, 16, 24], [17, 6, 18, 7], [19, 5, 20, 4], [21, 10, 22, 11], [23, 15, 24, 14], [1, 9, 2, 8], [3, 23, 4, 22], [5, 13, 6, 12], [7, 16, 8, 17]]"
12a_1074_134,"[[7, 16, 8, 17], [9, 3, 10, 2], [11, 20, 12, 21], [13, 19, 14, 18], [15, 1, 16, 24], [17, 6, 18, 7], [19, 5, 20, 4], [21, 10, 22, 11], [23, 15, 24, 14], [1, 9, 2, 8], [3, 23, 4, 22], [5, 13, 6, 12]]"
12a_1074_135,"[[5, 13, 6, 12], [7, 16, 8, 17], [9, 3, 10, 2], [11, 20, 12, 21], [13, 19, 14, 18], [15, 1, 16, 24], [17, 6, 18, 7], [19, 5, 20, 4], [21, 10, 22, 11], [23, 15, 24, 14], [1, 9, 2, 8], [3, 23, 4, 22]]"
12a_1074_136,"[[3, 23, 4, 22], [5, 13, 6, 12], [7, 16, 8, 17], [9, 3, 10, 2], [11, 20, 12, 21], [13, 19, 14, 18], [15, 1, 16, 24], [17, 6, 18, 7], [19, 5, 20, 4], [21, 10, 22, 11], [23, 15, 24, 14], [1, 9, 2, 8]]"
12a_1074_137,"[[1, 9, 2, 8], [3, 23, 4, 22], [5, 13, 6, 12], [7, 16, 8, 17], [9, 3, 10, 2], [11, 20, 12, 21], [13, 19, 14, 18], [15, 1, 16, 24], [17, 6, 18, 7], [19, 5, 20, 4], [21, 10, 22, 11], [23, 15, 24, 14]]"
12a_1074_138,"[[23, 15, 24, 14], [1, 9, 2, 8], [3, 23, 4, 22], [5, 13, 6, 12], [7, 16, 8, 17], [9, 3, 10, 2], [11, 20, 12, 21], [13, 19, 14, 18], [15, 1, 16, 24], [17, 6, 18, 7], [19, 5, 20, 4], [21, 10, 22, 11]]"
12a_1074_139,"[[21, 10, 22, 11], [23, 15, 24, 14], [1, 9, 2, 8], [3, 23, 4, 22], [5, 13, 6, 12], [7, 16, 8, 17], [9, 3, 10, 2], [11, 20, 12, 21], [13, 19, 14, 18], [15, 1, 16, 24], [17, 6, 18, 7], [19, 5, 20, 4]]"
12a_1074_140,"[[19, 5, 20, 4], [21, 10, 22, 11], [23, 15, 24, 14], [1, 9, 2, 8], [3, 23, 4, 22], [5, 13, 6, 12], [7, 16, 8, 17], [9, 3, 10, 2], [11, 20, 12, 21], [13, 19, 14, 18], [15, 1, 16, 24], [17, 6, 18, 7]]"
12a_1074_141,"[[17, 6, 18, 7], [19, 5, 20, 4], [21, 10, 22, 11], [23, 15, 24, 14], [1, 9, 2, 8], [3, 23, 4, 22], [5, 13, 6, 12], [7, 16, 8, 17], [9, 3, 10, 2], [11, 20, 12, 21], [13, 19, 14, 18], [15, 1, 16, 24]]"
12a_1074_142,"[[15, 1, 16, 24], [17, 6, 18, 7], [19, 5, 20, 4], [21, 10, 22, 11], [23, 15, 24, 14], [1, 9, 2, 8], [3, 23, 4, 22], [5, 13, 6, 12], [7, 16, 8, 17], [9, 3, 10, 2], [11, 20, 12, 21], [13, 19, 14, 18]]"
12a_1074_143,"[[13, 19, 14, 18], [15, 1, 16, 24], [17, 6, 18, 7], [19, 5, 20, 4], [21, 10, 22, 11], [23, 15, 24, 14], [1, 9, 2, 8], [3, 23, 4, 22], [5, 13, 6, 12], [7, 16, 8, 17], [9, 3, 10, 2], [11, 20, 12, 21]]"
12a_1074_144,"[[12, 21, 13, 22], [14, 20, 15, 19], [16, 2, 17, 1], [18, 7, 19, 8], [20, 6, 21, 5], [22, 11, 23, 12], [24, 16, 1, 15], [2, 10, 3, 9], [4, 24, 5, 23], [6, 14, 7, 13], [8, 17, 9, 18], [10, 4, 11, 3]]"
12a_1074_145,"[[10, 4, 11, 3], [12, 21, 13, 22], [14, 20, 15, 19], [16, 2, 17, 1], [18, 7, 19, 8], [20, 6, 21, 5], [22, 11, 23, 12], [24, 16, 1, 15], [2, 10, 3, 9], [4, 24, 5, 23], [6, 14, 7, 13], [8, 17, 9, 18]]"
12a_1074_146,"[[8, 17, 9, 18], [10, 4, 11, 3], [12, 21, 13, 22], [14, 20, 15, 19], [16, 2, 17, 1], [18, 7, 19, 8], [20, 6, 21, 5], [22, 11, 23, 12], [24, 16, 1, 15], [2, 10, 3, 9], [4, 24, 5, 23], [6, 14, 7, 13]]"
12a_1074_147,"[[6, 14, 7, 13], [8, 17, 9, 18], [10, 4, 11, 3], [12, 21, 13, 22], [14, 20, 15, 19], [16, 2, 17, 1], [18, 7, 19, 8], [20, 6, 21, 5], [22, 11, 23, 12], [24, 16, 1, 15], [2, 10, 3, 9], [4, 24, 5, 23]]"
12a_1074_148,"[[4, 24, 5, 23], [6, 14, 7, 13], [8, 17, 9, 18], [10, 4, 11, 3], [12, 21, 13, 22], [14, 20, 15, 19], [16, 2, 17, 1], [18, 7, 19, 8], [20, 6, 21, 5], [22, 11, 23, 12], [24, 16, 1, 15], [2, 10, 3, 9]]"
12a_1074_149,"[[2, 10, 3, 9], [4, 24, 5, 23], [6, 14, 7, 13], [8, 17, 9, 18], [10, 4, 11, 3], [12, 21, 13, 22], [14, 20, 15, 19], [16, 2, 17, 1], [18, 7, 19, 8], [20, 6, 21, 5], [22, 11, 23, 12], [24, 16, 1, 15]]"
12a_1074_150,"[[24, 16, 1, 15], [2, 10, 3, 9], [4, 24, 5, 23], [6, 14, 7, 13], [8, 17, 9, 18], [10, 4, 11, 3], [12, 21, 13, 22], [14, 20, 15, 19], [16, 2, 17, 1], [18, 7, 19, 8], [20, 6, 21, 5], [22, 11, 23, 12]]"
12a_1074_151,"[[22, 11, 23, 12], [24, 16, 1, 15], [2, 10, 3, 9], [4, 24, 5, 23], [6, 14, 7, 13], [8, 17, 9, 18], [10, 4, 11, 3], [12, 21, 13, 22], [14, 20, 15, 19], [16, 2, 17, 1], [18, 7, 19, 8], [20, 6, 21, 5]]"
12a_1074_152,"[[20, 6, 21, 5], [22, 11, 23, 12], [24, 16, 1, 15], [2, 10, 3, 9], [4, 24, 5, 23], [6, 14, 7, 13], [8, 17, 9, 18], [10, 4, 11, 3], [12, 21, 13, 22], [14, 20, 15, 19], [16, 2, 17, 1], [18, 7, 19, 8]]"
12a_1074_153,"[[18, 7, 19, 8], [20, 6, 21, 5], [22, 11, 23, 12], [24, 16, 1, 15], [2, 10, 3, 9], [4, 24, 5, 23], [6, 14, 7, 13], [8, 17, 9, 18], [10, 4, 11, 3], [12, 21, 13, 22], [14, 20, 15, 19], [16, 2, 17, 1]]"
12a_1074_154,"[[16, 2, 17, 1], [18, 7, 19, 8], [20, 6, 21, 5], [22, 11, 23, 12], [24, 16, 1, 15], [2, 10, 3, 9], [4, 24, 5, 23], [6, 14, 7, 13], [8, 17, 9, 18], [10, 4, 11, 3], [12, 21, 13, 22], [14, 20, 15, 19]]"
12a_1074_155,"[[14, 20, 15, 19], [16, 2, 17, 1], [18, 7, 19, 8], [20, 6, 21, 5], [22, 11, 23, 12], [24, 16, 1, 15], [2, 10, 3, 9], [4, 24, 5, 23], [6, 14, 7, 13], [8, 17, 9, 18], [10, 4, 11, 3], [12, 21, 13, 22]]"
12a_1074_156,"[[13, 22, 14, 23], [15, 21, 16, 20], [17, 3, 18, 2], [19, 8, 20, 9], [21, 7, 22, 6], [23, 12, 24, 13], [1, 17, 2, 16], [3, 11, 4, 10], [5, 1, 6, 24], [7, 15, 8, 14], [9, 18, 10, 19], [11, 5, 12, 4]]"
12a_1074_157,"[[11, 5, 12, 4], [13, 22, 14, 23], [15, 21, 16, 20], [17, 3, 18, 2], [19, 8, 20, 9], [21, 7, 22, 6], [23, 12, 24, 13], [1, 17, 2, 16], [3, 11, 4, 10], [5, 1, 6, 24], [7, 15, 8, 14], [9, 18, 10, 19]]"
12a_1074_158,"[[9, 18, 10, 19], [11, 5, 12, 4], [13, 22, 14, 23], [15, 21, 16, 20], [17, 3, 18, 2], [19, 8, 20, 9], [21, 7, 22, 6], [23, 12, 24, 13], [1, 17, 2, 16], [3, 11, 4, 10], [5, 1, 6, 24], [7, 15, 8, 14]]"
12a_1074_159,"[[7, 15, 8, 14], [9, 18, 10, 19], [11, 5, 12, 4], [13, 22, 14, 23], [15, 21, 16, 20], [17, 3, 18, 2], [19, 8, 20, 9], [21, 7, 22, 6], [23, 12, 24, 13], [1, 17, 2, 16], [3, 11, 4, 10], [5, 1, 6, 24]]"
12a_1074_160,"[[5, 1, 6, 24], [7, 15, 8, 14], [9, 18, 10, 19], [11, 5, 12, 4], [13, 22, 14, 23], [15, 21, 16, 20], [17, 3, 18, 2], [19, 8, 20, 9], [21, 7, 22, 6], [23, 12, 24, 13], [1, 17, 2, 16], [3, 11, 4, 10]]"
12a_1074_161,"[[3, 11, 4, 10], [5, 1, 6, 24], [7, 15, 8, 14], [9, 18, 10, 19], [11, 5, 12, 4], [13, 22, 14, 23], [15, 21, 16, 20], [17, 3, 18, 2], [19, 8, 20, 9], [21, 7, 22, 6], [23, 12, 24, 13], [1, 17, 2, 16]]"
12a_1074_162,"[[1, 17, 2, 16], [3, 11, 4, 10], [5, 1, 6, 24], [7, 15, 8, 14], [9, 18, 10, 19], [11, 5, 12, 4], [13, 22, 14, 23], [15, 21, 16, 20], [17, 3, 18, 2], [19, 8, 20, 9], [21, 7, 22, 6], [23, 12, 24, 13]]"
12a_1074_163,"[[23, 12, 24, 13], [1, 17, 2, 16], [3, 11, 4, 10], [5, 1, 6, 24], [7, 15, 8, 14], [9, 18, 10, 19], [11, 5, 12, 4], [13, 22, 14, 23], [15, 21, 16, 20], [17, 3, 18, 2], [19, 8, 20, 9], [21, 7, 22, 6]]"
12a_1074_164,"[[21, 7, 22, 6], [23, 12, 24, 13], [1, 17, 2, 16], [3, 11, 4, 10], [5, 1, 6, 24], [7, 15, 8, 14], [9, 18, 10, 19], [11, 5, 12, 4], [13, 22, 14, 23], [15, 21, 16, 20], [17, 3, 18, 2], [19, 8, 20, 9]]"
12a_1074_165,"[[19, 8, 20, 9], [21, 7, 22, 6], [23, 12, 24, 13], [1, 17, 2, 16], [3, 11, 4, 10], [5, 1, 6, 24], [7, 15, 8, 14], [9, 18, 10, 19], [11, 5, 12, 4], [13, 22, 14, 23], [15, 21, 16, 20], [17, 3, 18, 2]]"
12a_1074_166,"[[17, 3, 18, 2], [19, 8, 20, 9], [21, 7, 22, 6], [23, 12, 24, 13], [1, 17, 2, 16], [3, 11, 4, 10], [5, 1, 6, 24], [7, 15, 8, 14], [9, 18, 10, 19], [11, 5, 12, 4], [13, 22, 14, 23], [15, 21, 16, 20]]"
12a_1074_167,"[[15, 21, 16, 20], [17, 3, 18, 2], [19, 8, 20, 9], [21, 7, 22, 6], [23, 12, 24, 13], [1, 17, 2, 16], [3, 11, 4, 10], [5, 1, 6, 24], [7, 15, 8, 14], [9, 18, 10, 19], [11, 5, 12, 4], [13, 22, 14, 23]]"
12a_1074_168,"[[14, 23, 15, 24], [16, 22, 17, 21], [18, 4, 19, 3], [20, 9, 21, 10], [22, 8, 23, 7], [24, 13, 1, 14], [2, 18, 3, 17], [4, 12, 5, 11], [6, 2, 7, 1], [8, 16, 9, 15], [10, 19, 11, 20], [12, 6, 13, 5]]"
12a_1074_169,"[[12, 6, 13, 5], [14, 23, 15, 24], [16, 22, 17, 21], [18, 4, 19, 3], [20, 9, 21, 10], [22, 8, 23, 7], [24, 13, 1, 14], [2, 18, 3, 17], [4, 12, 5, 11], [6, 2, 7, 1], [8, 16, 9, 15], [10, 19, 11, 20]]"
12a_1074_170,"[[10, 19, 11, 20], [12, 6, 13, 5], [14, 23, 15, 24], [16, 22, 17, 21], [18, 4, 19, 3], [20, 9, 21, 10], [22, 8, 23, 7], [24, 13, 1, 14], [2, 18, 3, 17], [4, 12, 5, 11], [6, 2, 7, 1], [8, 16, 9, 15]]"
12a_1074_171,"[[8, 16, 9, 15], [10, 19, 11, 20], [12, 6, 13, 5], [14, 23, 15, 24], [16, 22, 17, 21], [18, 4, 19, 3], [20, 9, 21, 10], [22, 8, 23, 7], [24, 13, 1, 14], [2, 18, 3, 17], [4, 12, 5, 11], [6, 2, 7, 1]]"
12a_1074_172,"[[6, 2, 7, 1], [8, 16, 9, 15], [10, 19, 11, 20], [12, 6, 13, 5], [14, 23, 15, 24], [16, 22, 17, 21], [18, 4, 19, 3], [20, 9, 21, 10], [22, 8, 23, 7], [24, 13, 1, 14], [2, 18, 3, 17], [4, 12, 5, 11]]"
12a_1074_173,"[[4, 12, 5, 11], [6, 2, 7, 1], [8, 16, 9, 15], [10, 19, 11, 20], [12, 6, 13, 5], [14, 23, 15, 24], [16, 22, 17, 21], [18, 4, 19, 3], [20, 9, 21, 10], [22, 8, 23, 7], [24, 13, 1, 14], [2, 18, 3, 17]]"
12a_1074_174,"[[2, 18, 3, 17], [4, 12, 5, 11], [6, 2, 7, 1], [8, 16, 9, 15], [10, 19, 11, 20], [12, 6, 13, 5], [14, 23, 15, 24], [16, 22, 17, 21], [18, 4, 19, 3], [20, 9, 21, 10], [22, 8, 23, 7], [24, 13, 1, 14]]"
12a_1074_175,"[[24, 13, 1, 14], [2, 18, 3, 17], [4, 12, 5, 11], [6, 2, 7, 1], [8, 16, 9, 15], [10, 19, 11, 20], [12, 6, 13, 5], [14, 23, 15, 24], [16, 22, 17, 21], [18, 4, 19, 3], [20, 9, 21, 10], [22, 8, 23, 7]]"
12a_1074_176,"[[22, 8, 23, 7], [24, 13, 1, 14], [2, 18, 3, 17], [4, 12, 5, 11], [6, 2, 7, 1], [8, 16, 9, 15], [10, 19, 11, 20], [12, 6, 13, 5], [14, 23, 15, 24], [16, 22, 17, 21], [18, 4, 19, 3], [20, 9, 21, 10]]"
12a_1074_177,"[[20, 9, 21, 10], [22, 8, 23, 7], [24, 13, 1, 14], [2, 18, 3, 17], [4, 12, 5, 11], [6, 2, 7, 1], [8, 16, 9, 15], [10, 19, 11, 20], [12, 6, 13, 5], [14, 23, 15, 24], [16, 22, 17, 21], [18, 4, 19, 3]]"
12a_1074_178,"[[18, 4, 19, 3], [20, 9, 21, 10], [22, 8, 23, 7], [24, 13, 1, 14], [2, 18, 3, 17], [4, 12, 5, 11], [6, 2, 7, 1], [8, 16, 9, 15], [10, 19, 11, 20], [12, 6, 13, 5], [14, 23, 15, 24], [16, 22, 17, 21]]"
12a_1074_179,"[[16, 22, 17, 21], [18, 4, 19, 3], [20, 9, 21, 10], [22, 8, 23, 7], [24, 13, 1, 14], [2, 18, 3, 17], [4, 12, 5, 11], [6, 2, 7, 1], [8, 16, 9, 15], [10, 19, 11, 20], [12, 6, 13, 5], [14, 23, 15, 24]]"
12a_1074_180,"[[15, 24, 16, 1], [17, 23, 18, 22], [19, 5, 20, 4], [21, 10, 22, 11], [23, 9, 24, 8], [1, 14, 2, 15], [3, 19, 4, 18], [5, 13, 6, 12], [7, 3, 8, 2], [9, 17, 10, 16], [11, 20, 12, 21], [13, 7, 14, 6]]"
12a_1074_181,"[[13, 7, 14, 6], [15, 24, 16, 1], [17, 23, 18, 22], [19, 5, 20, 4], [21, 10, 22, 11], [23, 9, 24, 8], [1, 14, 2, 15], [3, 19, 4, 18], [5, 13, 6, 12], [7, 3, 8, 2], [9, 17, 10, 16], [11, 20, 12, 21]]"
12a_1074_182,"[[11, 20, 12, 21], [13, 7, 14, 6], [15, 24, 16, 1], [17, 23, 18, 22], [19, 5, 20, 4], [21, 10, 22, 11], [23, 9, 24, 8], [1, 14, 2, 15], [3, 19, 4, 18], [5, 13, 6, 12], [7, 3, 8, 2], [9, 17, 10, 16]]"
12a_1074_183,"[[9, 17, 10, 16], [11, 20, 12, 21], [13, 7, 14, 6], [15, 24, 16, 1], [17, 23, 18, 22], [19, 5, 20, 4], [21, 10, 22, 11], [23, 9, 24, 8], [1, 14, 2, 15], [3, 19, 4, 18], [5, 13, 6, 12], [7, 3, 8, 2]]"
12a_1074_184,"[[7, 3, 8, 2], [9, 17, 10, 16], [11, 20, 12, 21], [13, 7, 14, 6], [15, 24, 16, 1], [17, 23, 18, 22], [19, 5, 20, 4], [21, 10, 22, 11], [23, 9, 24, 8], [1, 14, 2, 15], [3, 19, 4, 18], [5, 13, 6, 12]]"
12a_1074_185,"[[5, 13, 6, 12], [7, 3, 8, 2], [9, 17, 10, 16], [11, 20, 12, 21], [13, 7, 14, 6], [15, 24, 16, 1], [17, 23, 18, 22], [19, 5, 20, 4], [21, 10, 22, 11], [23, 9, 24, 8], [1, 14, 2, 15], [3, 19, 4, 18]]"
