name,pd_notation
12a_0398_0,"[[24, 13, 1, 14], [2, 6, 3, 5], [4, 12, 5, 11], [6, 18, 7, 17], [8, 21, 9, 22], [10, 4, 11, 3], [12, 1, 13, 2], [14, 20, 15, 19], [16, 10, 17, 9], [18, 24, 19, 23], [20, 16, 21, 15], [22, 7, 23, 8]]"
12a_0398_1,"[[22, 7, 23, 8], [24, 13, 1, 14], [2, 6, 3, 5], [4, 12, 5, 11], [6, 18, 7, 17], [8, 21, 9, 22], [10, 4, 11, 3], [12, 1, 13, 2], [14, 20, 15, 19], [16, 10, 17, 9], [18, 24, 19, 23], [20, 16, 21, 15]]"
12a_0398_2,"[[20, 16, 21, 15], [22, 7, 23, 8], [24, 13, 1, 14], [2, 6, 3, 5], [4, 12, 5, 11], [6, 18, 7, 17], [8, 21, 9, 22], [10, 4, 11, 3], [12, 1, 13, 2], [14, 20, 15, 19], [16, 10, 17, 9], [18, 24, 19, 23]]"
12a_0398_3,"[[18, 24, 19, 23], [20, 16, 21, 15], [22, 7, 23, 8], [24, 13, 1, 14], [2, 6, 3, 5], [4, 12, 5, 11], [6, 18, 7, 17], [8, 21, 9, 22], [10, 4, 11, 3], [12, 1, 13, 2], [14, 20, 15, 19], [16, 10, 17, 9]]"
12a_0398_4,"[[16, 10, 17, 9], [18, 24, 19, 23], [20, 16, 21, 15], [22, 7, 23, 8], [24, 13, 1, 14], [2, 6, 3, 5], [4, 12, 5, 11], [6, 18, 7, 17], [8, 21, 9, 22], [10, 4, 11, 3], [12, 1, 13, 2], [14, 20, 15, 19]]"
12a_0398_5,"[[14, 20, 15, 19], [16, 10, 17, 9], [18, 24, 19, 23], [20, 16, 21, 15], [22, 7, 23, 8], [24, 13, 1, 14], [2, 6, 3, 5], [4, 12, 5, 11], [6, 18, 7, 17], [8, 21, 9, 22], [10, 4, 11, 3], [12, 1, 13, 2]]"
12a_0398_6,"[[12, 1, 13, 2], [14, 20, 15, 19], [16, 10, 17, 9], [18, 24, 19, 23], [20, 16, 21, 15], [22, 7, 23, 8], [24, 13, 1, 14], [2, 6, 3, 5], [4, 12, 5, 11], [6, 18, 7, 17], [8, 21, 9, 22], [10, 4, 11, 3]]"
12a_0398_7,"[[10, 4, 11, 3], [12, 1, 13, 2], [14, 20, 15, 19], [16, 10, 17, 9], [18, 24, 19, 23], [20, 16, 21, 15], [22, 7, 23, 8], [24, 13, 1, 14], [2, 6, 3, 5], [4, 12, 5, 11], [6, 18, 7, 17], [8, 21, 9, 22]]"
12a_0398_8,"[[8, 21, 9, 22], [10, 4, 11, 3], [12, 1, 13, 2], [14, 20, 15, 19], [16, 10, 17, 9], [18, 24, 19, 23], [20, 16, 21, 15], [22, 7, 23, 8], [24, 13, 1, 14], [2, 6, 3, 5], [4, 12, 5, 11], [6, 18, 7, 17]]"
12a_0398_9,"[[6, 18, 7, 17], [8, 21, 9, 22], [10, 4, 11, 3], [12, 1, 13, 2], [14, 20, 15, 19], [16, 10, 17, 9], [18, 24, 19, 23], [20, 16, 21, 15], [22, 7, 23, 8], [24, 13, 1, 14], [2, 6, 3, 5], [4, 12, 5, 11]]"
12a_0398_10,"[[4, 12, 5, 11], [6, 18, 7, 17], [8, 21, 9, 22], [10, 4, 11, 3], [12, 1, 13, 2], [14, 20, 15, 19], [16, 10, 17, 9], [18, 24, 19, 23], [20, 16, 21, 15], [22, 7, 23, 8], [24, 13, 1, 14], [2, 6, 3, 5]]"
12a_0398_11,"[[2, 6, 3, 5], [4, 12, 5, 11], [6, 18, 7, 17], [8, 21, 9, 22], [10, 4, 11, 3], [12, 1, 13, 2], [14, 20, 15, 19], [16, 10, 17, 9], [18, 24, 19, 23], [20, 16, 21, 15], [22, 7, 23, 8], [24, 13, 1, 14]]"
12a_0398_12,"[[1, 14, 2, 15], [3, 7, 4, 6], [5, 13, 6, 12], [7, 19, 8, 18], [9, 22, 10, 23], [11, 5, 12, 4], [13, 2, 14, 3], [15, 21, 16, 20], [17, 11, 18, 10], [19, 1, 20, 24], [21, 17, 22, 16], [23, 8, 24, 9]]"
12a_0398_13,"[[23, 8, 24, 9], [1, 14, 2, 15], [3, 7, 4, 6], [5, 13, 6, 12], [7, 19, 8, 18], [9, 22, 10, 23], [11, 5, 12, 4], [13, 2, 14, 3], [15, 21, 16, 20], [17, 11, 18, 10], [19, 1, 20, 24], [21, 17, 22, 16]]"
12a_0398_14,"[[21, 17, 22, 16], [23, 8, 24, 9], [1, 14, 2, 15], [3, 7, 4, 6], [5, 13, 6, 12], [7, 19, 8, 18], [9, 22, 10, 23], [11, 5, 12, 4], [13, 2, 14, 3], [15, 21, 16, 20], [17, 11, 18, 10], [19, 1, 20, 24]]"
12a_0398_15,"[[19, 1, 20, 24], [21, 17, 22, 16], [23, 8, 24, 9], [1, 14, 2, 15], [3, 7, 4, 6], [5, 13, 6, 12], [7, 19, 8, 18], [9, 22, 10, 23], [11, 5, 12, 4], [13, 2, 14, 3], [15, 21, 16, 20], [17, 11, 18, 10]]"
12a_0398_16,"[[17, 11, 18, 10], [19, 1, 20, 24], [21, 17, 22, 16], [23, 8, 24, 9], [1, 14, 2, 15], [3, 7, 4, 6], [5, 13, 6, 12], [7, 19, 8, 18], [9, 22, 10, 23], [11, 5, 12, 4], [13, 2, 14, 3], [15, 21, 16, 20]]"
12a_0398_17,"[[15, 21, 16, 20], [17, 11, 18, 10], [19, 1, 20, 24], [21, 17, 22, 16], [23, 8, 24, 9], [1, 14, 2, 15], [3, 7, 4, 6], [5, 13, 6, 12], [7, 19, 8, 18], [9, 22, 10, 23], [11, 5, 12, 4], [13, 2, 14, 3]]"
12a_0398_18,"[[13, 2, 14, 3], [15, 21, 16, 20], [17, 11, 18, 10], [19, 1, 20, 24], [21, 17, 22, 16], [23, 8, 24, 9], [1, 14, 2, 15], [3, 7, 4, 6], [5, 13, 6, 12], [7, 19, 8, 18], [9, 22, 10, 23], [11, 5, 12, 4]]"
12a_0398_19,"[[11, 5, 12, 4], [13, 2, 14, 3], [15, 21, 16, 20], [17, 11, 18, 10], [19, 1, 20, 24], [21, 17, 22, 16], [23, 8, 24, 9], [1, 14, 2, 15], [3, 7, 4, 6], [5, 13, 6, 12], [7, 19, 8, 18], [9, 22, 10, 23]]"
12a_0398_20,"[[9, 22, 10, 23], [11, 5, 12, 4], [13, 2, 14, 3], [15, 21, 16, 20], [17, 11, 18, 10], [19, 1, 20, 24], [21, 17, 22, 16], [23, 8, 24, 9], [1, 14, 2, 15], [3, 7, 4, 6], [5, 13, 6, 12], [7, 19, 8, 18]]"
12a_0398_21,"[[7, 19, 8, 18], [9, 22, 10, 23], [11, 5, 12, 4], [13, 2, 14, 3], [15, 21, 16, 20], [17, 11, 18, 10], [19, 1, 20, 24], [21, 17, 22, 16], [23, 8, 24, 9], [1, 14, 2, 15], [3, 7, 4, 6], [5, 13, 6, 12]]"
12a_0398_22,"[[5, 13, 6, 12], [7, 19, 8, 18], [9, 22, 10, 23], [11, 5, 12, 4], [13, 2, 14, 3], [15, 21, 16, 20], [17, 11, 18, 10], [19, 1, 20, 24], [21, 17, 22, 16], [23, 8, 24, 9], [1, 14, 2, 15], [3, 7, 4, 6]]"
12a_0398_23,"[[3, 7, 4, 6], [5, 13, 6, 12], [7, 19, 8, 18], [9, 22, 10, 23], [11, 5, 12, 4], [13, 2, 14, 3], [15, 21, 16, 20], [17, 11, 18, 10], [19, 1, 20, 24], [21, 17, 22, 16], [23, 8, 24, 9], [1, 14, 2, 15]]"
12a_0398_24,"[[2, 15, 3, 16], [4, 8, 5, 7], [6, 14, 7, 13], [8, 20, 9, 19], [10, 23, 11, 24], [12, 6, 13, 5], [14, 3, 15, 4], [16, 22, 17, 21], [18, 12, 19, 11], [20, 2, 21, 1], [22, 18, 23, 17], [24, 9, 1, 10]]"
12a_0398_25,"[[24, 9, 1, 10], [2, 15, 3, 16], [4, 8, 5, 7], [6, 14, 7, 13], [8, 20, 9, 19], [10, 23, 11, 24], [12, 6, 13, 5], [14, 3, 15, 4], [16, 22, 17, 21], [18, 12, 19, 11], [20, 2, 21, 1], [22, 18, 23, 17]]"
12a_0398_26,"[[22, 18, 23, 17], [24, 9, 1, 10], [2, 15, 3, 16], [4, 8, 5, 7], [6, 14, 7, 13], [8, 20, 9, 19], [10, 23, 11, 24], [12, 6, 13, 5], [14, 3, 15, 4], [16, 22, 17, 21], [18, 12, 19, 11], [20, 2, 21, 1]]"
12a_0398_27,"[[20, 2, 21, 1], [22, 18, 23, 17], [24, 9, 1, 10], [2, 15, 3, 16], [4, 8, 5, 7], [6, 14, 7, 13], [8, 20, 9, 19], [10, 23, 11, 24], [12, 6, 13, 5], [14, 3, 15, 4], [16, 22, 17, 21], [18, 12, 19, 11]]"
12a_0398_28,"[[18, 12, 19, 11], [20, 2, 21, 1], [22, 18, 23, 17], [24, 9, 1, 10], [2, 15, 3, 16], [4, 8, 5, 7], [6, 14, 7, 13], [8, 20, 9, 19], [10, 23, 11, 24], [12, 6, 13, 5], [14, 3, 15, 4], [16, 22, 17, 21]]"
12a_0398_29,"[[16, 22, 17, 21], [18, 12, 19, 11], [20, 2, 21, 1], [22, 18, 23, 17], [24, 9, 1, 10], [2, 15, 3, 16], [4, 8, 5, 7], [6, 14, 7, 13], [8, 20, 9, 19], [10, 23, 11, 24], [12, 6, 13, 5], [14, 3, 15, 4]]"
12a_0398_30,"[[14, 3, 15, 4], [16, 22, 17, 21], [18, 12, 19, 11], [20, 2, 21, 1], [22, 18, 23, 17], [24, 9, 1, 10], [2, 15, 3, 16], [4, 8, 5, 7], [6, 14, 7, 13], [8, 20, 9, 19], [10, 23, 11, 24], [12, 6, 13, 5]]"
12a_0398_31,"[[12, 6, 13, 5], [14, 3, 15, 4], [16, 22, 17, 21], [18, 12, 19, 11], [20, 2, 21, 1], [22, 18, 23, 17], [24, 9, 1, 10], [2, 15, 3, 16], [4, 8, 5, 7], [6, 14, 7, 13], [8, 20, 9, 19], [10, 23, 11, 24]]"
12a_0398_32,"[[10, 23, 11, 24], [12, 6, 13, 5], [14, 3, 15, 4], [16, 22, 17, 21], [18, 12, 19, 11], [20, 2, 21, 1], [22, 18, 23, 17], [24, 9, 1, 10], [2, 15, 3, 16], [4, 8, 5, 7], [6, 14, 7, 13], [8, 20, 9, 19]]"
12a_0398_33,"[[8, 20, 9, 19], [10, 23, 11, 24], [12, 6, 13, 5], [14, 3, 15, 4], [16, 22, 17, 21], [18, 12, 19, 11], [20, 2, 21, 1], [22, 18, 23, 17], [24, 9, 1, 10], [2, 15, 3, 16], [4, 8, 5, 7], [6, 14, 7, 13]]"
12a_0398_34,"[[6, 14, 7, 13], [8, 20, 9, 19], [10, 23, 11, 24], [12, 6, 13, 5], [14, 3, 15, 4], [16, 22, 17, 21], [18, 12, 19, 11], [20, 2, 21, 1], [22, 18, 23, 17], [24, 9, 1, 10], [2, 15, 3, 16], [4, 8, 5, 7]]"
12a_0398_35,"[[4, 8, 5, 7], [6, 14, 7, 13], [8, 20, 9, 19], [10, 23, 11, 24], [12, 6, 13, 5], [14, 3, 15, 4], [16, 22, 17, 21], [18, 12, 19, 11], [20, 2, 21, 1], [22, 18, 23, 17], [24, 9, 1, 10], [2, 15, 3, 16]]"
12a_0398_36,"[[3, 16, 4, 17], [5, 9, 6, 8], [7, 15, 8, 14], [9, 21, 10, 20], [11, 24, 12, 1], [13, 7, 14, 6], [15, 4, 16, 5], [17, 23, 18, 22], [19, 13, 20, 12], [21, 3, 22, 2], [23, 19, 24, 18], [1, 10, 2, 11]]"
12a_0398_37,"[[1, 10, 2, 11], [3, 16, 4, 17], [5, 9, 6, 8], [7, 15, 8, 14], [9, 21, 10, 20], [11, 24, 12, 1], [13, 7, 14, 6], [15, 4, 16, 5], [17, 23, 18, 22], [19, 13, 20, 12], [21, 3, 22, 2], [23, 19, 24, 18]]"
12a_0398_38,"[[23, 19, 24, 18], [1, 10, 2, 11], [3, 16, 4, 17], [5, 9, 6, 8], [7, 15, 8, 14], [9, 21, 10, 20], [11, 24, 12, 1], [13, 7, 14, 6], [15, 4, 16, 5], [17, 23, 18, 22], [19, 13, 20, 12], [21, 3, 22, 2]]"
12a_0398_39,"[[21, 3, 22, 2], [23, 19, 24, 18], [1, 10, 2, 11], [3, 16, 4, 17], [5, 9, 6, 8], [7, 15, 8, 14], [9, 21, 10, 20], [11, 24, 12, 1], [13, 7, 14, 6], [15, 4, 16, 5], [17, 23, 18, 22], [19, 13, 20, 12]]"
12a_0398_40,"[[19, 13, 20, 12], [21, 3, 22, 2], [23, 19, 24, 18], [1, 10, 2, 11], [3, 16, 4, 17], [5, 9, 6, 8], [7, 15, 8, 14], [9, 21, 10, 20], [11, 24, 12, 1], [13, 7, 14, 6], [15, 4, 16, 5], [17, 23, 18, 22]]"
12a_0398_41,"[[17, 23, 18, 22], [19, 13, 20, 12], [21, 3, 22, 2], [23, 19, 24, 18], [1, 10, 2, 11], [3, 16, 4, 17], [5, 9, 6, 8], [7, 15, 8, 14], [9, 21, 10, 20], [11, 24, 12, 1], [13, 7, 14, 6], [15, 4, 16, 5]]"
12a_0398_42,"[[15, 4, 16, 5], [17, 23, 18, 22], [19, 13, 20, 12], [21, 3, 22, 2], [23, 19, 24, 18], [1, 10, 2, 11], [3, 16, 4, 17], [5, 9, 6, 8], [7, 15, 8, 14], [9, 21, 10, 20], [11, 24, 12, 1], [13, 7, 14, 6]]"
12a_0398_43,"[[13, 7, 14, 6], [15, 4, 16, 5], [17, 23, 18, 22], [19, 13, 20, 12], [21, 3, 22, 2], [23, 19, 24, 18], [1, 10, 2, 11], [3, 16, 4, 17], [5, 9, 6, 8], [7, 15, 8, 14], [9, 21, 10, 20], [11, 24, 12, 1]]"
12a_0398_44,"[[11, 24, 12, 1], [13, 7, 14, 6], [15, 4, 16, 5], [17, 23, 18, 22], [19, 13, 20, 12], [21, 3, 22, 2], [23, 19, 24, 18], [1, 10, 2, 11], [3, 16, 4, 17], [5, 9, 6, 8], [7, 15, 8, 14], [9, 21, 10, 20]]"
12a_0398_45,"[[9, 21, 10, 20], [11, 24, 12, 1], [13, 7, 14, 6], [15, 4, 16, 5], [17, 23, 18, 22], [19, 13, 20, 12], [21, 3, 22, 2], [23, 19, 24, 18], [1, 10, 2, 11], [3, 16, 4, 17], [5, 9, 6, 8], [7, 15, 8, 14]]"
12a_0398_46,"[[7, 15, 8, 14], [9, 21, 10, 20], [11, 24, 12, 1], [13, 7, 14, 6], [15, 4, 16, 5], [17, 23, 18, 22], [19, 13, 20, 12], [21, 3, 22, 2], [23, 19, 24, 18], [1, 10, 2, 11], [3, 16, 4, 17], [5, 9, 6, 8]]"
12a_0398_47,"[[5, 9, 6, 8], [7, 15, 8, 14], [9, 21, 10, 20], [11, 24, 12, 1], [13, 7, 14, 6], [15, 4, 16, 5], [17, 23, 18, 22], [19, 13, 20, 12], [21, 3, 22, 2], [23, 19, 24, 18], [1, 10, 2, 11], [3, 16, 4, 17]]"
12a_0398_48,"[[4, 17, 5, 18], [6, 10, 7, 9], [8, 16, 9, 15], [10, 22, 11, 21], [12, 1, 13, 2], [14, 8, 15, 7], [16, 5, 17, 6], [18, 24, 19, 23], [20, 14, 21, 13], [22, 4, 23, 3], [24, 20, 1, 19], [2, 11, 3, 12]]"
12a_0398_49,"[[2, 11, 3, 12], [4, 17, 5, 18], [6, 10, 7, 9], [8, 16, 9, 15], [10, 22, 11, 21], [12, 1, 13, 2], [14, 8, 15, 7], [16, 5, 17, 6], [18, 24, 19, 23], [20, 14, 21, 13], [22, 4, 23, 3], [24, 20, 1, 19]]"
12a_0398_50,"[[24, 20, 1, 19], [2, 11, 3, 12], [4, 17, 5, 18], [6, 10, 7, 9], [8, 16, 9, 15], [10, 22, 11, 21], [12, 1, 13, 2], [14, 8, 15, 7], [16, 5, 17, 6], [18, 24, 19, 23], [20, 14, 21, 13], [22, 4, 23, 3]]"
12a_0398_51,"[[22, 4, 23, 3], [24, 20, 1, 19], [2, 11, 3, 12], [4, 17, 5, 18], [6, 10, 7, 9], [8, 16, 9, 15], [10, 22, 11, 21], [12, 1, 13, 2], [14, 8, 15, 7], [16, 5, 17, 6], [18, 24, 19, 23], [20, 14, 21, 13]]"
12a_0398_52,"[[20, 14, 21, 13], [22, 4, 23, 3], [24, 20, 1, 19], [2, 11, 3, 12], [4, 17, 5, 18], [6, 10, 7, 9], [8, 16, 9, 15], [10, 22, 11, 21], [12, 1, 13, 2], [14, 8, 15, 7], [16, 5, 17, 6], [18, 24, 19, 23]]"
12a_0398_53,"[[18, 24, 19, 23], [20, 14, 21, 13], [22, 4, 23, 3], [24, 20, 1, 19], [2, 11, 3, 12], [4, 17, 5, 18], [6, 10, 7, 9], [8, 16, 9, 15], [10, 22, 11, 21], [12, 1, 13, 2], [14, 8, 15, 7], [16, 5, 17, 6]]"
12a_0398_54,"[[16, 5, 17, 6], [18, 24, 19, 23], [20, 14, 21, 13], [22, 4, 23, 3], [24, 20, 1, 19], [2, 11, 3, 12], [4, 17, 5, 18], [6, 10, 7, 9], [8, 16, 9, 15], [10, 22, 11, 21], [12, 1, 13, 2], [14, 8, 15, 7]]"
12a_0398_55,"[[14, 8, 15, 7], [16, 5, 17, 6], [18, 24, 19, 23], [20, 14, 21, 13], [22, 4, 23, 3], [24, 20, 1, 19], [2, 11, 3, 12], [4, 17, 5, 18], [6, 10, 7, 9], [8, 16, 9, 15], [10, 22, 11, 21], [12, 1, 13, 2]]"
12a_0398_56,"[[12, 1, 13, 2], [14, 8, 15, 7], [16, 5, 17, 6], [18, 24, 19, 23], [20, 14, 21, 13], [22, 4, 23, 3], [24, 20, 1, 19], [2, 11, 3, 12], [4, 17, 5, 18], [6, 10, 7, 9], [8, 16, 9, 15], [10, 22, 11, 21]]"
12a_0398_57,"[[10, 22, 11, 21], [12, 1, 13, 2], [14, 8, 15, 7], [16, 5, 17, 6], [18, 24, 19, 23], [20, 14, 21, 13], [22, 4, 23, 3], [24, 20, 1, 19], [2, 11, 3, 12], [4, 17, 5, 18], [6, 10, 7, 9], [8, 16, 9, 15]]"
12a_0398_58,"[[8, 16, 9, 15], [10, 22, 11, 21], [12, 1, 13, 2], [14, 8, 15, 7], [16, 5, 17, 6], [18, 24, 19, 23], [20, 14, 21, 13], [22, 4, 23, 3], [24, 20, 1, 19], [2, 11, 3, 12], [4, 17, 5, 18], [6, 10, 7, 9]]"
12a_0398_59,"[[6, 10, 7, 9], [8, 16, 9, 15], [10, 22, 11, 21], [12, 1, 13, 2], [14, 8, 15, 7], [16, 5, 17, 6], [18, 24, 19, 23], [20, 14, 21, 13], [22, 4, 23, 3], [24, 20, 1, 19], [2, 11, 3, 12], [4, 17, 5, 18]]"
12a_0398_60,"[[5, 18, 6, 19], [7, 11, 8, 10], [9, 17, 10, 16], [11, 23, 12, 22], [13, 2, 14, 3], [15, 9, 16, 8], [17, 6, 18, 7], [19, 1, 20, 24], [21, 15, 22, 14], [23, 5, 24, 4], [1, 21, 2, 20], [3, 12, 4, 13]]"
12a_0398_61,"[[3, 12, 4, 13], [5, 18, 6, 19], [7, 11, 8, 10], [9, 17, 10, 16], [11, 23, 12, 22], [13, 2, 14, 3], [15, 9, 16, 8], [17, 6, 18, 7], [19, 1, 20, 24], [21, 15, 22, 14], [23, 5, 24, 4], [1, 21, 2, 20]]"
12a_0398_62,"[[1, 21, 2, 20], [3, 12, 4, 13], [5, 18, 6, 19], [7, 11, 8, 10], [9, 17, 10, 16], [11, 23, 12, 22], [13, 2, 14, 3], [15, 9, 16, 8], [17, 6, 18, 7], [19, 1, 20, 24], [21, 15, 22, 14], [23, 5, 24, 4]]"
12a_0398_63,"[[23, 5, 24, 4], [1, 21, 2, 20], [3, 12, 4, 13], [5, 18, 6, 19], [7, 11, 8, 10], [9, 17, 10, 16], [11, 23, 12, 22], [13, 2, 14, 3], [15, 9, 16, 8], [17, 6, 18, 7], [19, 1, 20, 24], [21, 15, 22, 14]]"
12a_0398_64,"[[21, 15, 22, 14], [23, 5, 24, 4], [1, 21, 2, 20], [3, 12, 4, 13], [5, 18, 6, 19], [7, 11, 8, 10], [9, 17, 10, 16], [11, 23, 12, 22], [13, 2, 14, 3], [15, 9, 16, 8], [17, 6, 18, 7], [19, 1, 20, 24]]"
12a_0398_65,"[[19, 1, 20, 24], [21, 15, 22, 14], [23, 5, 24, 4], [1, 21, 2, 20], [3, 12, 4, 13], [5, 18, 6, 19], [7, 11, 8, 10], [9, 17, 10, 16], [11, 23, 12, 22], [13, 2, 14, 3], [15, 9, 16, 8], [17, 6, 18, 7]]"
12a_0398_66,"[[17, 6, 18, 7], [19, 1, 20, 24], [21, 15, 22, 14], [23, 5, 24, 4], [1, 21, 2, 20], [3, 12, 4, 13], [5, 18, 6, 19], [7, 11, 8, 10], [9, 17, 10, 16], [11, 23, 12, 22], [13, 2, 14, 3], [15, 9, 16, 8]]"
12a_0398_67,"[[15, 9, 16, 8], [17, 6, 18, 7], [19, 1, 20, 24], [21, 15, 22, 14], [23, 5, 24, 4], [1, 21, 2, 20], [3, 12, 4, 13], [5, 18, 6, 19], [7, 11, 8, 10], [9, 17, 10, 16], [11, 23, 12, 22], [13, 2, 14, 3]]"
12a_0398_68,"[[13, 2, 14, 3], [15, 9, 16, 8], [17, 6, 18, 7], [19, 1, 20, 24], [21, 15, 22, 14], [23, 5, 24, 4], [1, 21, 2, 20], [3, 12, 4, 13], [5, 18, 6, 19], [7, 11, 8, 10], [9, 17, 10, 16], [11, 23, 12, 22]]"
12a_0398_69,"[[11, 23, 12, 22], [13, 2, 14, 3], [15, 9, 16, 8], [17, 6, 18, 7], [19, 1, 20, 24], [21, 15, 22, 14], [23, 5, 24, 4], [1, 21, 2, 20], [3, 12, 4, 13], [5, 18, 6, 19], [7, 11, 8, 10], [9, 17, 10, 16]]"
12a_0398_70,"[[9, 17, 10, 16], [11, 23, 12, 22], [13, 2, 14, 3], [15, 9, 16, 8], [17, 6, 18, 7], [19, 1, 20, 24], [21, 15, 22, 14], [23, 5, 24, 4], [1, 21, 2, 20], [3, 12, 4, 13], [5, 18, 6, 19], [7, 11, 8, 10]]"
12a_0398_71,"[[7, 11, 8, 10], [9, 17, 10, 16], [11, 23, 12, 22], [13, 2, 14, 3], [15, 9, 16, 8], [17, 6, 18, 7], [19, 1, 20, 24], [21, 15, 22, 14], [23, 5, 24, 4], [1, 21, 2, 20], [3, 12, 4, 13], [5, 18, 6, 19]]"
12a_0398_72,"[[6, 19, 7, 20], [8, 12, 9, 11], [10, 18, 11, 17], [12, 24, 13, 23], [14, 3, 15, 4], [16, 10, 17, 9], [18, 7, 19, 8], [20, 2, 21, 1], [22, 16, 23, 15], [24, 6, 1, 5], [2, 22, 3, 21], [4, 13, 5, 14]]"
12a_0398_73,"[[4, 13, 5, 14], [6, 19, 7, 20], [8, 12, 9, 11], [10, 18, 11, 17], [12, 24, 13, 23], [14, 3, 15, 4], [16, 10, 17, 9], [18, 7, 19, 8], [20, 2, 21, 1], [22, 16, 23, 15], [24, 6, 1, 5], [2, 22, 3, 21]]"
12a_0398_74,"[[2, 22, 3, 21], [4, 13, 5, 14], [6, 19, 7, 20], [8, 12, 9, 11], [10, 18, 11, 17], [12, 24, 13, 23], [14, 3, 15, 4], [16, 10, 17, 9], [18, 7, 19, 8], [20, 2, 21, 1], [22, 16, 23, 15], [24, 6, 1, 5]]"
12a_0398_75,"[[24, 6, 1, 5], [2, 22, 3, 21], [4, 13, 5, 14], [6, 19, 7, 20], [8, 12, 9, 11], [10, 18, 11, 17], [12, 24, 13, 23], [14, 3, 15, 4], [16, 10, 17, 9], [18, 7, 19, 8], [20, 2, 21, 1], [22, 16, 23, 15]]"
12a_0398_76,"[[22, 16, 23, 15], [24, 6, 1, 5], [2, 22, 3, 21], [4, 13, 5, 14], [6, 19, 7, 20], [8, 12, 9, 11], [10, 18, 11, 17], [12, 24, 13, 23], [14, 3, 15, 4], [16, 10, 17, 9], [18, 7, 19, 8], [20, 2, 21, 1]]"
12a_0398_77,"[[20, 2, 21, 1], [22, 16, 23, 15], [24, 6, 1, 5], [2, 22, 3, 21], [4, 13, 5, 14], [6, 19, 7, 20], [8, 12, 9, 11], [10, 18, 11, 17], [12, 24, 13, 23], [14, 3, 15, 4], [16, 10, 17, 9], [18, 7, 19, 8]]"
12a_0398_78,"[[18, 7, 19, 8], [20, 2, 21, 1], [22, 16, 23, 15], [24, 6, 1, 5], [2, 22, 3, 21], [4, 13, 5, 14], [6, 19, 7, 20], [8, 12, 9, 11], [10, 18, 11, 17], [12, 24, 13, 23], [14, 3, 15, 4], [16, 10, 17, 9]]"
12a_0398_79,"[[16, 10, 17, 9], [18, 7, 19, 8], [20, 2, 21, 1], [22, 16, 23, 15], [24, 6, 1, 5], [2, 22, 3, 21], [4, 13, 5, 14], [6, 19, 7, 20], [8, 12, 9, 11], [10, 18, 11, 17], [12, 24, 13, 23], [14, 3, 15, 4]]"
12a_0398_80,"[[14, 3, 15, 4], [16, 10, 17, 9], [18, 7, 19, 8], [20, 2, 21, 1], [22, 16, 23, 15], [24, 6, 1, 5], [2, 22, 3, 21], [4, 13, 5, 14], [6, 19, 7, 20], [8, 12, 9, 11], [10, 18, 11, 17], [12, 24, 13, 23]]"
12a_0398_81,"[[12, 24, 13, 23], [14, 3, 15, 4], [16, 10, 17, 9], [18, 7, 19, 8], [20, 2, 21, 1], [22, 16, 23, 15], [24, 6, 1, 5], [2, 22, 3, 21], [4, 13, 5, 14], [6, 19, 7, 20], [8, 12, 9, 11], [10, 18, 11, 17]]"
12a_0398_82,"[[10, 18, 11, 17], [12, 24, 13, 23], [14, 3, 15, 4], [16, 10, 17, 9], [18, 7, 19, 8], [20, 2, 21, 1], [22, 16, 23, 15], [24, 6, 1, 5], [2, 22, 3, 21], [4, 13, 5, 14], [6, 19, 7, 20], [8, 12, 9, 11]]"
12a_0398_83,"[[8, 12, 9, 11], [10, 18, 11, 17], [12, 24, 13, 23], [14, 3, 15, 4], [16, 10, 17, 9], [18, 7, 19, 8], [20, 2, 21, 1], [22, 16, 23, 15], [24, 6, 1, 5], [2, 22, 3, 21], [4, 13, 5, 14], [6, 19, 7, 20]]"
12a_0398_84,"[[7, 20, 8, 21], [9, 13, 10, 12], [11, 19, 12, 18], [13, 1, 14, 24], [15, 4, 16, 5], [17, 11, 18, 10], [19, 8, 20, 9], [21, 3, 22, 2], [23, 17, 24, 16], [1, 7, 2, 6], [3, 23, 4, 22], [5, 14, 6, 15]]"
12a_0398_85,"[[5, 14, 6, 15], [7, 20, 8, 21], [9, 13, 10, 12], [11, 19, 12, 18], [13, 1, 14, 24], [15, 4, 16, 5], [17, 11, 18, 10], [19, 8, 20, 9], [21, 3, 22, 2], [23, 17, 24, 16], [1, 7, 2, 6], [3, 23, 4, 22]]"
12a_0398_86,"[[3, 23, 4, 22], [5, 14, 6, 15], [7, 20, 8, 21], [9, 13, 10, 12], [11, 19, 12, 18], [13, 1, 14, 24], [15, 4, 16, 5], [17, 11, 18, 10], [19, 8, 20, 9], [21, 3, 22, 2], [23, 17, 24, 16], [1, 7, 2, 6]]"
12a_0398_87,"[[1, 7, 2, 6], [3, 23, 4, 22], [5, 14, 6, 15], [7, 20, 8, 21], [9, 13, 10, 12], [11, 19, 12, 18], [13, 1, 14, 24], [15, 4, 16, 5], [17, 11, 18, 10], [19, 8, 20, 9], [21, 3, 22, 2], [23, 17, 24, 16]]"
12a_0398_88,"[[23, 17, 24, 16], [1, 7, 2, 6], [3, 23, 4, 22], [5, 14, 6, 15], [7, 20, 8, 21], [9, 13, 10, 12], [11, 19, 12, 18], [13, 1, 14, 24], [15, 4, 16, 5], [17, 11, 18, 10], [19, 8, 20, 9], [21, 3, 22, 2]]"
12a_0398_89,"[[21, 3, 22, 2], [23, 17, 24, 16], [1, 7, 2, 6], [3, 23, 4, 22], [5, 14, 6, 15], [7, 20, 8, 21], [9, 13, 10, 12], [11, 19, 12, 18], [13, 1, 14, 24], [15, 4, 16, 5], [17, 11, 18, 10], [19, 8, 20, 9]]"
12a_0398_90,"[[19, 8, 20, 9], [21, 3, 22, 2], [23, 17, 24, 16], [1, 7, 2, 6], [3, 23, 4, 22], [5, 14, 6, 15], [7, 20, 8, 21], [9, 13, 10, 12], [11, 19, 12, 18], [13, 1, 14, 24], [15, 4, 16, 5], [17, 11, 18, 10]]"
12a_0398_91,"[[17, 11, 18, 10], [19, 8, 20, 9], [21, 3, 22, 2], [23, 17, 24, 16], [1, 7, 2, 6], [3, 23, 4, 22], [5, 14, 6, 15], [7, 20, 8, 21], [9, 13, 10, 12], [11, 19, 12, 18], [13, 1, 14, 24], [15, 4, 16, 5]]"
12a_0398_92,"[[15, 4, 16, 5], [17, 11, 18, 10], [19, 8, 20, 9], [21, 3, 22, 2], [23, 17, 24, 16], [1, 7, 2, 6], [3, 23, 4, 22], [5, 14, 6, 15], [7, 20, 8, 21], [9, 13, 10, 12], [11, 19, 12, 18], [13, 1, 14, 24]]"
12a_0398_93,"[[13, 1, 14, 24], [15, 4, 16, 5], [17, 11, 18, 10], [19, 8, 20, 9], [21, 3, 22, 2], [23, 17, 24, 16], [1, 7, 2, 6], [3, 23, 4, 22], [5, 14, 6, 15], [7, 20, 8, 21], [9, 13, 10, 12], [11, 19, 12, 18]]"
12a_0398_94,"[[11, 19, 12, 18], [13, 1, 14, 24], [15, 4, 16, 5], [17, 11, 18, 10], [19, 8, 20, 9], [21, 3, 22, 2], [23, 17, 24, 16], [1, 7, 2, 6], [3, 23, 4, 22], [5, 14, 6, 15], [7, 20, 8, 21], [9, 13, 10, 12]]"
12a_0398_95,"[[9, 13, 10, 12], [11, 19, 12, 18], [13, 1, 14, 24], [15, 4, 16, 5], [17, 11, 18, 10], [19, 8, 20, 9], [21, 3, 22, 2], [23, 17, 24, 16], [1, 7, 2, 6], [3, 23, 4, 22], [5, 14, 6, 15], [7, 20, 8, 21]]"
12a_0398_96,"[[8, 21, 9, 22], [10, 14, 11, 13], [12, 20, 13, 19], [14, 2, 15, 1], [16, 5, 17, 6], [18, 12, 19, 11], [20, 9, 21, 10], [22, 4, 23, 3], [24, 18, 1, 17], [2, 8, 3, 7], [4, 24, 5, 23], [6, 15, 7, 16]]"
12a_0398_97,"[[6, 15, 7, 16], [8, 21, 9, 22], [10, 14, 11, 13], [12, 20, 13, 19], [14, 2, 15, 1], [16, 5, 17, 6], [18, 12, 19, 11], [20, 9, 21, 10], [22, 4, 23, 3], [24, 18, 1, 17], [2, 8, 3, 7], [4, 24, 5, 23]]"
12a_0398_98,"[[4, 24, 5, 23], [6, 15, 7, 16], [8, 21, 9, 22], [10, 14, 11, 13], [12, 20, 13, 19], [14, 2, 15, 1], [16, 5, 17, 6], [18, 12, 19, 11], [20, 9, 21, 10], [22, 4, 23, 3], [24, 18, 1, 17], [2, 8, 3, 7]]"
12a_0398_99,"[[2, 8, 3, 7], [4, 24, 5, 23], [6, 15, 7, 16], [8, 21, 9, 22], [10, 14, 11, 13], [12, 20, 13, 19], [14, 2, 15, 1], [16, 5, 17, 6], [18, 12, 19, 11], [20, 9, 21, 10], [22, 4, 23, 3], [24, 18, 1, 17]]"
12a_0398_100,"[[24, 18, 1, 17], [2, 8, 3, 7], [4, 24, 5, 23], [6, 15, 7, 16], [8, 21, 9, 22], [10, 14, 11, 13], [12, 20, 13, 19], [14, 2, 15, 1], [16, 5, 17, 6], [18, 12, 19, 11], [20, 9, 21, 10], [22, 4, 23, 3]]"
12a_0398_101,"[[22, 4, 23, 3], [24, 18, 1, 17], [2, 8, 3, 7], [4, 24, 5, 23], [6, 15, 7, 16], [8, 21, 9, 22], [10, 14, 11, 13], [12, 20, 13, 19], [14, 2, 15, 1], [16, 5, 17, 6], [18, 12, 19, 11], [20, 9, 21, 10]]"
12a_0398_102,"[[20, 9, 21, 10], [22, 4, 23, 3], [24, 18, 1, 17], [2, 8, 3, 7], [4, 24, 5, 23], [6, 15, 7, 16], [8, 21, 9, 22], [10, 14, 11, 13], [12, 20, 13, 19], [14, 2, 15, 1], [16, 5, 17, 6], [18, 12, 19, 11]]"
12a_0398_103,"[[18, 12, 19, 11], [20, 9, 21, 10], [22, 4, 23, 3], [24, 18, 1, 17], [2, 8, 3, 7], [4, 24, 5, 23], [6, 15, 7, 16], [8, 21, 9, 22], [10, 14, 11, 13], [12, 20, 13, 19], [14, 2, 15, 1], [16, 5, 17, 6]]"
12a_0398_104,"[[16, 5, 17, 6], [18, 12, 19, 11], [20, 9, 21, 10], [22, 4, 23, 3], [24, 18, 1, 17], [2, 8, 3, 7], [4, 24, 5, 23], [6, 15, 7, 16], [8, 21, 9, 22], [10, 14, 11, 13], [12, 20, 13, 19], [14, 2, 15, 1]]"
12a_0398_105,"[[14, 2, 15, 1], [16, 5, 17, 6], [18, 12, 19, 11], [20, 9, 21, 10], [22, 4, 23, 3], [24, 18, 1, 17], [2, 8, 3, 7], [4, 24, 5, 23], [6, 15, 7, 16], [8, 21, 9, 22], [10, 14, 11, 13], [12, 20, 13, 19]]"
12a_0398_106,"[[12, 20, 13, 19], [14, 2, 15, 1], [16, 5, 17, 6], [18, 12, 19, 11], [20, 9, 21, 10], [22, 4, 23, 3], [24, 18, 1, 17], [2, 8, 3, 7], [4, 24, 5, 23], [6, 15, 7, 16], [8, 21, 9, 22], [10, 14, 11, 13]]"
12a_0398_107,"[[10, 14, 11, 13], [12, 20, 13, 19], [14, 2, 15, 1], [16, 5, 17, 6], [18, 12, 19, 11], [20, 9, 21, 10], [22, 4, 23, 3], [24, 18, 1, 17], [2, 8, 3, 7], [4, 24, 5, 23], [6, 15, 7, 16], [8, 21, 9, 22]]"
12a_0398_108,"[[9, 22, 10, 23], [11, 15, 12, 14], [13, 21, 14, 20], [15, 3, 16, 2], [17, 6, 18, 7], [19, 13, 20, 12], [21, 10, 22, 11], [23, 5, 24, 4], [1, 19, 2, 18], [3, 9, 4, 8], [5, 1, 6, 24], [7, 16, 8, 17]]"
12a_0398_109,"[[7, 16, 8, 17], [9, 22, 10, 23], [11, 15, 12, 14], [13, 21, 14, 20], [15, 3, 16, 2], [17, 6, 18, 7], [19, 13, 20, 12], [21, 10, 22, 11], [23, 5, 24, 4], [1, 19, 2, 18], [3, 9, 4, 8], [5, 1, 6, 24]]"
12a_0398_110,"[[5, 1, 6, 24], [7, 16, 8, 17], [9, 22, 10, 23], [11, 15, 12, 14], [13, 21, 14, 20], [15, 3, 16, 2], [17, 6, 18, 7], [19, 13, 20, 12], [21, 10, 22, 11], [23, 5, 24, 4], [1, 19, 2, 18], [3, 9, 4, 8]]"
12a_0398_111,"[[3, 9, 4, 8], [5, 1, 6, 24], [7, 16, 8, 17], [9, 22, 10, 23], [11, 15, 12, 14], [13, 21, 14, 20], [15, 3, 16, 2], [17, 6, 18, 7], [19, 13, 20, 12], [21, 10, 22, 11], [23, 5, 24, 4], [1, 19, 2, 18]]"
12a_0398_112,"[[1, 19, 2, 18], [3, 9, 4, 8], [5, 1, 6, 24], [7, 16, 8, 17], [9, 22, 10, 23], [11, 15, 12, 14], [13, 21, 14, 20], [15, 3, 16, 2], [17, 6, 18, 7], [19, 13, 20, 12], [21, 10, 22, 11], [23, 5, 24, 4]]"
12a_0398_113,"[[23, 5, 24, 4], [1, 19, 2, 18], [3, 9, 4, 8], [5, 1, 6, 24], [7, 16, 8, 17], [9, 22, 10, 23], [11, 15, 12, 14], [13, 21, 14, 20], [15, 3, 16, 2], [17, 6, 18, 7], [19, 13, 20, 12], [21, 10, 22, 11]]"
12a_0398_114,"[[21, 10, 22, 11], [23, 5, 24, 4], [1, 19, 2, 18], [3, 9, 4, 8], [5, 1, 6, 24], [7, 16, 8, 17], [9, 22, 10, 23], [11, 15, 12, 14], [13, 21, 14, 20], [15, 3, 16, 2], [17, 6, 18, 7], [19, 13, 20, 12]]"
12a_0398_115,"[[19, 13, 20, 12], [21, 10, 22, 11], [23, 5, 24, 4], [1, 19, 2, 18], [3, 9, 4, 8], [5, 1, 6, 24], [7, 16, 8, 17], [9, 22, 10, 23], [11, 15, 12, 14], [13, 21, 14, 20], [15, 3, 16, 2], [17, 6, 18, 7]]"
12a_0398_116,"[[17, 6, 18, 7], [19, 13, 20, 12], [21, 10, 22, 11], [23, 5, 24, 4], [1, 19, 2, 18], [3, 9, 4, 8], [5, 1, 6, 24], [7, 16, 8, 17], [9, 22, 10, 23], [11, 15, 12, 14], [13, 21, 14, 20], [15, 3, 16, 2]]"
12a_0398_117,"[[15, 3, 16, 2], [17, 6, 18, 7], [19, 13, 20, 12], [21, 10, 22, 11], [23, 5, 24, 4], [1, 19, 2, 18], [3, 9, 4, 8], [5, 1, 6, 24], [7, 16, 8, 17], [9, 22, 10, 23], [11, 15, 12, 14], [13, 21, 14, 20]]"
12a_0398_118,"[[13, 21, 14, 20], [15, 3, 16, 2], [17, 6, 18, 7], [19, 13, 20, 12], [21, 10, 22, 11], [23, 5, 24, 4], [1, 19, 2, 18], [3, 9, 4, 8], [5, 1, 6, 24], [7, 16, 8, 17], [9, 22, 10, 23], [11, 15, 12, 14]]"
12a_0398_119,"[[11, 15, 12, 14], [13, 21, 14, 20], [15, 3, 16, 2], [17, 6, 18, 7], [19, 13, 20, 12], [21, 10, 22, 11], [23, 5, 24, 4], [1, 19, 2, 18], [3, 9, 4, 8], [5, 1, 6, 24], [7, 16, 8, 17], [9, 22, 10, 23]]"
12a_0398_120,"[[10, 23, 11, 24], [12, 16, 13, 15], [14, 22, 15, 21], [16, 4, 17, 3], [18, 7, 19, 8], [20, 14, 21, 13], [22, 11, 23, 12], [24, 6, 1, 5], [2, 20, 3, 19], [4, 10, 5, 9], [6, 2, 7, 1], [8, 17, 9, 18]]"
12a_0398_121,"[[8, 17, 9, 18], [10, 23, 11, 24], [12, 16, 13, 15], [14, 22, 15, 21], [16, 4, 17, 3], [18, 7, 19, 8], [20, 14, 21, 13], [22, 11, 23, 12], [24, 6, 1, 5], [2, 20, 3, 19], [4, 10, 5, 9], [6, 2, 7, 1]]"
12a_0398_122,"[[6, 2, 7, 1], [8, 17, 9, 18], [10, 23, 11, 24], [12, 16, 13, 15], [14, 22, 15, 21], [16, 4, 17, 3], [18, 7, 19, 8], [20, 14, 21, 13], [22, 11, 23, 12], [24, 6, 1, 5], [2, 20, 3, 19], [4, 10, 5, 9]]"
12a_0398_123,"[[4, 10, 5, 9], [6, 2, 7, 1], [8, 17, 9, 18], [10, 23, 11, 24], [12, 16, 13, 15], [14, 22, 15, 21], [16, 4, 17, 3], [18, 7, 19, 8], [20, 14, 21, 13], [22, 11, 23, 12], [24, 6, 1, 5], [2, 20, 3, 19]]"
12a_0398_124,"[[2, 20, 3, 19], [4, 10, 5, 9], [6, 2, 7, 1], [8, 17, 9, 18], [10, 23, 11, 24], [12, 16, 13, 15], [14, 22, 15, 21], [16, 4, 17, 3], [18, 7, 19, 8], [20, 14, 21, 13], [22, 11, 23, 12], [24, 6, 1, 5]]"
12a_0398_125,"[[24, 6, 1, 5], [2, 20, 3, 19], [4, 10, 5, 9], [6, 2, 7, 1], [8, 17, 9, 18], [10, 23, 11, 24], [12, 16, 13, 15], [14, 22, 15, 21], [16, 4, 17, 3], [18, 7, 19, 8], [20, 14, 21, 13], [22, 11, 23, 12]]"
12a_0398_126,"[[22, 11, 23, 12], [24, 6, 1, 5], [2, 20, 3, 19], [4, 10, 5, 9], [6, 2, 7, 1], [8, 17, 9, 18], [10, 23, 11, 24], [12, 16, 13, 15], [14, 22, 15, 21], [16, 4, 17, 3], [18, 7, 19, 8], [20, 14, 21, 13]]"
12a_0398_127,"[[20, 14, 21, 13], [22, 11, 23, 12], [24, 6, 1, 5], [2, 20, 3, 19], [4, 10, 5, 9], [6, 2, 7, 1], [8, 17, 9, 18], [10, 23, 11, 24], [12, 16, 13, 15], [14, 22, 15, 21], [16, 4, 17, 3], [18, 7, 19, 8]]"
12a_0398_128,"[[18, 7, 19, 8], [20, 14, 21, 13], [22, 11, 23, 12], [24, 6, 1, 5], [2, 20, 3, 19], [4, 10, 5, 9], [6, 2, 7, 1], [8, 17, 9, 18], [10, 23, 11, 24], [12, 16, 13, 15], [14, 22, 15, 21], [16, 4, 17, 3]]"
12a_0398_129,"[[16, 4, 17, 3], [18, 7, 19, 8], [20, 14, 21, 13], [22, 11, 23, 12], [24, 6, 1, 5], [2, 20, 3, 19], [4, 10, 5, 9], [6, 2, 7, 1], [8, 17, 9, 18], [10, 23, 11, 24], [12, 16, 13, 15], [14, 22, 15, 21]]"
12a_0398_130,"[[14, 22, 15, 21], [16, 4, 17, 3], [18, 7, 19, 8], [20, 14, 21, 13], [22, 11, 23, 12], [24, 6, 1, 5], [2, 20, 3, 19], [4, 10, 5, 9], [6, 2, 7, 1], [8, 17, 9, 18], [10, 23, 11, 24], [12, 16, 13, 15]]"
12a_0398_131,"[[12, 16, 13, 15], [14, 22, 15, 21], [16, 4, 17, 3], [18, 7, 19, 8], [20, 14, 21, 13], [22, 11, 23, 12], [24, 6, 1, 5], [2, 20, 3, 19], [4, 10, 5, 9], [6, 2, 7, 1], [8, 17, 9, 18], [10, 23, 11, 24]]"
12a_0398_132,"[[11, 24, 12, 1], [13, 17, 14, 16], [15, 23, 16, 22], [17, 5, 18, 4], [19, 8, 20, 9], [21, 15, 22, 14], [23, 12, 24, 13], [1, 7, 2, 6], [3, 21, 4, 20], [5, 11, 6, 10], [7, 3, 8, 2], [9, 18, 10, 19]]"
12a_0398_133,"[[9, 18, 10, 19], [11, 24, 12, 1], [13, 17, 14, 16], [15, 23, 16, 22], [17, 5, 18, 4], [19, 8, 20, 9], [21, 15, 22, 14], [23, 12, 24, 13], [1, 7, 2, 6], [3, 21, 4, 20], [5, 11, 6, 10], [7, 3, 8, 2]]"
12a_0398_134,"[[7, 3, 8, 2], [9, 18, 10, 19], [11, 24, 12, 1], [13, 17, 14, 16], [15, 23, 16, 22], [17, 5, 18, 4], [19, 8, 20, 9], [21, 15, 22, 14], [23, 12, 24, 13], [1, 7, 2, 6], [3, 21, 4, 20], [5, 11, 6, 10]]"
12a_0398_135,"[[5, 11, 6, 10], [7, 3, 8, 2], [9, 18, 10, 19], [11, 24, 12, 1], [13, 17, 14, 16], [15, 23, 16, 22], [17, 5, 18, 4], [19, 8, 20, 9], [21, 15, 22, 14], [23, 12, 24, 13], [1, 7, 2, 6], [3, 21, 4, 20]]"
12a_0398_136,"[[3, 21, 4, 20], [5, 11, 6, 10], [7, 3, 8, 2], [9, 18, 10, 19], [11, 24, 12, 1], [13, 17, 14, 16], [15, 23, 16, 22], [17, 5, 18, 4], [19, 8, 20, 9], [21, 15, 22, 14], [23, 12, 24, 13], [1, 7, 2, 6]]"
12a_0398_137,"[[1, 7, 2, 6], [3, 21, 4, 20], [5, 11, 6, 10], [7, 3, 8, 2], [9, 18, 10, 19], [11, 24, 12, 1], [13, 17, 14, 16], [15, 23, 16, 22], [17, 5, 18, 4], [19, 8, 20, 9], [21, 15, 22, 14], [23, 12, 24, 13]]"
12a_0398_138,"[[23, 12, 24, 13], [1, 7, 2, 6], [3, 21, 4, 20], [5, 11, 6, 10], [7, 3, 8, 2], [9, 18, 10, 19], [11, 24, 12, 1], [13, 17, 14, 16], [15, 23, 16, 22], [17, 5, 18, 4], [19, 8, 20, 9], [21, 15, 22, 14]]"
12a_0398_139,"[[21, 15, 22, 14], [23, 12, 24, 13], [1, 7, 2, 6], [3, 21, 4, 20], [5, 11, 6, 10], [7, 3, 8, 2], [9, 18, 10, 19], [11, 24, 12, 1], [13, 17, 14, 16], [15, 23, 16, 22], [17, 5, 18, 4], [19, 8, 20, 9]]"
12a_0398_140,"[[19, 8, 20, 9], [21, 15, 22, 14], [23, 12, 24, 13], [1, 7, 2, 6], [3, 21, 4, 20], [5, 11, 6, 10], [7, 3, 8, 2], [9, 18, 10, 19], [11, 24, 12, 1], [13, 17, 14, 16], [15, 23, 16, 22], [17, 5, 18, 4]]"
12a_0398_141,"[[17, 5, 18, 4], [19, 8, 20, 9], [21, 15, 22, 14], [23, 12, 24, 13], [1, 7, 2, 6], [3, 21, 4, 20], [5, 11, 6, 10], [7, 3, 8, 2], [9, 18, 10, 19], [11, 24, 12, 1], [13, 17, 14, 16], [15, 23, 16, 22]]"
12a_0398_142,"[[15, 23, 16, 22], [17, 5, 18, 4], [19, 8, 20, 9], [21, 15, 22, 14], [23, 12, 24, 13], [1, 7, 2, 6], [3, 21, 4, 20], [5, 11, 6, 10], [7, 3, 8, 2], [9, 18, 10, 19], [11, 24, 12, 1], [13, 17, 14, 16]]"
12a_0398_143,"[[13, 17, 14, 16], [15, 23, 16, 22], [17, 5, 18, 4], [19, 8, 20, 9], [21, 15, 22, 14], [23, 12, 24, 13], [1, 7, 2, 6], [3, 21, 4, 20], [5, 11, 6, 10], [7, 3, 8, 2], [9, 18, 10, 19], [11, 24, 12, 1]]"
12a_0398_144,"[[12, 1, 13, 2], [14, 18, 15, 17], [16, 24, 17, 23], [18, 6, 19, 5], [20, 9, 21, 10], [22, 16, 23, 15], [24, 13, 1, 14], [2, 8, 3, 7], [4, 22, 5, 21], [6, 12, 7, 11], [8, 4, 9, 3], [10, 19, 11, 20]]"
12a_0398_145,"[[10, 19, 11, 20], [12, 1, 13, 2], [14, 18, 15, 17], [16, 24, 17, 23], [18, 6, 19, 5], [20, 9, 21, 10], [22, 16, 23, 15], [24, 13, 1, 14], [2, 8, 3, 7], [4, 22, 5, 21], [6, 12, 7, 11], [8, 4, 9, 3]]"
12a_0398_146,"[[8, 4, 9, 3], [10, 19, 11, 20], [12, 1, 13, 2], [14, 18, 15, 17], [16, 24, 17, 23], [18, 6, 19, 5], [20, 9, 21, 10], [22, 16, 23, 15], [24, 13, 1, 14], [2, 8, 3, 7], [4, 22, 5, 21], [6, 12, 7, 11]]"
12a_0398_147,"[[6, 12, 7, 11], [8, 4, 9, 3], [10, 19, 11, 20], [12, 1, 13, 2], [14, 18, 15, 17], [16, 24, 17, 23], [18, 6, 19, 5], [20, 9, 21, 10], [22, 16, 23, 15], [24, 13, 1, 14], [2, 8, 3, 7], [4, 22, 5, 21]]"
12a_0398_148,"[[4, 22, 5, 21], [6, 12, 7, 11], [8, 4, 9, 3], [10, 19, 11, 20], [12, 1, 13, 2], [14, 18, 15, 17], [16, 24, 17, 23], [18, 6, 19, 5], [20, 9, 21, 10], [22, 16, 23, 15], [24, 13, 1, 14], [2, 8, 3, 7]]"
12a_0398_149,"[[2, 8, 3, 7], [4, 22, 5, 21], [6, 12, 7, 11], [8, 4, 9, 3], [10, 19, 11, 20], [12, 1, 13, 2], [14, 18, 15, 17], [16, 24, 17, 23], [18, 6, 19, 5], [20, 9, 21, 10], [22, 16, 23, 15], [24, 13, 1, 14]]"
12a_0398_150,"[[24, 13, 1, 14], [2, 8, 3, 7], [4, 22, 5, 21], [6, 12, 7, 11], [8, 4, 9, 3], [10, 19, 11, 20], [12, 1, 13, 2], [14, 18, 15, 17], [16, 24, 17, 23], [18, 6, 19, 5], [20, 9, 21, 10], [22, 16, 23, 15]]"
12a_0398_151,"[[22, 16, 23, 15], [24, 13, 1, 14], [2, 8, 3, 7], [4, 22, 5, 21], [6, 12, 7, 11], [8, 4, 9, 3], [10, 19, 11, 20], [12, 1, 13, 2], [14, 18, 15, 17], [16, 24, 17, 23], [18, 6, 19, 5], [20, 9, 21, 10]]"
12a_0398_152,"[[20, 9, 21, 10], [22, 16, 23, 15], [24, 13, 1, 14], [2, 8, 3, 7], [4, 22, 5, 21], [6, 12, 7, 11], [8, 4, 9, 3], [10, 19, 11, 20], [12, 1, 13, 2], [14, 18, 15, 17], [16, 24, 17, 23], [18, 6, 19, 5]]"
12a_0398_153,"[[18, 6, 19, 5], [20, 9, 21, 10], [22, 16, 23, 15], [24, 13, 1, 14], [2, 8, 3, 7], [4, 22, 5, 21], [6, 12, 7, 11], [8, 4, 9, 3], [10, 19, 11, 20], [12, 1, 13, 2], [14, 18, 15, 17], [16, 24, 17, 23]]"
12a_0398_154,"[[16, 24, 17, 23], [18, 6, 19, 5], [20, 9, 21, 10], [22, 16, 23, 15], [24, 13, 1, 14], [2, 8, 3, 7], [4, 22, 5, 21], [6, 12, 7, 11], [8, 4, 9, 3], [10, 19, 11, 20], [12, 1, 13, 2], [14, 18, 15, 17]]"
12a_0398_155,"[[14, 18, 15, 17], [16, 24, 17, 23], [18, 6, 19, 5], [20, 9, 21, 10], [22, 16, 23, 15], [24, 13, 1, 14], [2, 8, 3, 7], [4, 22, 5, 21], [6, 12, 7, 11], [8, 4, 9, 3], [10, 19, 11, 20], [12, 1, 13, 2]]"
12a_0398_156,"[[13, 2, 14, 3], [15, 19, 16, 18], [17, 1, 18, 24], [19, 7, 20, 6], [21, 10, 22, 11], [23, 17, 24, 16], [1, 14, 2, 15], [3, 9, 4, 8], [5, 23, 6, 22], [7, 13, 8, 12], [9, 5, 10, 4], [11, 20, 12, 21]]"
12a_0398_157,"[[11, 20, 12, 21], [13, 2, 14, 3], [15, 19, 16, 18], [17, 1, 18, 24], [19, 7, 20, 6], [21, 10, 22, 11], [23, 17, 24, 16], [1, 14, 2, 15], [3, 9, 4, 8], [5, 23, 6, 22], [7, 13, 8, 12], [9, 5, 10, 4]]"
12a_0398_158,"[[9, 5, 10, 4], [11, 20, 12, 21], [13, 2, 14, 3], [15, 19, 16, 18], [17, 1, 18, 24], [19, 7, 20, 6], [21, 10, 22, 11], [23, 17, 24, 16], [1, 14, 2, 15], [3, 9, 4, 8], [5, 23, 6, 22], [7, 13, 8, 12]]"
12a_0398_159,"[[7, 13, 8, 12], [9, 5, 10, 4], [11, 20, 12, 21], [13, 2, 14, 3], [15, 19, 16, 18], [17, 1, 18, 24], [19, 7, 20, 6], [21, 10, 22, 11], [23, 17, 24, 16], [1, 14, 2, 15], [3, 9, 4, 8], [5, 23, 6, 22]]"
12a_0398_160,"[[5, 23, 6, 22], [7, 13, 8, 12], [9, 5, 10, 4], [11, 20, 12, 21], [13, 2, 14, 3], [15, 19, 16, 18], [17, 1, 18, 24], [19, 7, 20, 6], [21, 10, 22, 11], [23, 17, 24, 16], [1, 14, 2, 15], [3, 9, 4, 8]]"
12a_0398_161,"[[3, 9, 4, 8], [5, 23, 6, 22], [7, 13, 8, 12], [9, 5, 10, 4], [11, 20, 12, 21], [13, 2, 14, 3], [15, 19, 16, 18], [17, 1, 18, 24], [19, 7, 20, 6], [21, 10, 22, 11], [23, 17, 24, 16], [1, 14, 2, 15]]"
12a_0398_162,"[[1, 14, 2, 15], [3, 9, 4, 8], [5, 23, 6, 22], [7, 13, 8, 12], [9, 5, 10, 4], [11, 20, 12, 21], [13, 2, 14, 3], [15, 19, 16, 18], [17, 1, 18, 24], [19, 7, 20, 6], [21, 10, 22, 11], [23, 17, 24, 16]]"
12a_0398_163,"[[23, 17, 24, 16], [1, 14, 2, 15], [3, 9, 4, 8], [5, 23, 6, 22], [7, 13, 8, 12], [9, 5, 10, 4], [11, 20, 12, 21], [13, 2, 14, 3], [15, 19, 16, 18], [17, 1, 18, 24], [19, 7, 20, 6], [21, 10, 22, 11]]"
12a_0398_164,"[[21, 10, 22, 11], [23, 17, 24, 16], [1, 14, 2, 15], [3, 9, 4, 8], [5, 23, 6, 22], [7, 13, 8, 12], [9, 5, 10, 4], [11, 20, 12, 21], [13, 2, 14, 3], [15, 19, 16, 18], [17, 1, 18, 24], [19, 7, 20, 6]]"
12a_0398_165,"[[19, 7, 20, 6], [21, 10, 22, 11], [23, 17, 24, 16], [1, 14, 2, 15], [3, 9, 4, 8], [5, 23, 6, 22], [7, 13, 8, 12], [9, 5, 10, 4], [11, 20, 12, 21], [13, 2, 14, 3], [15, 19, 16, 18], [17, 1, 18, 24]]"
12a_0398_166,"[[17, 1, 18, 24], [19, 7, 20, 6], [21, 10, 22, 11], [23, 17, 24, 16], [1, 14, 2, 15], [3, 9, 4, 8], [5, 23, 6, 22], [7, 13, 8, 12], [9, 5, 10, 4], [11, 20, 12, 21], [13, 2, 14, 3], [15, 19, 16, 18]]"
12a_0398_167,"[[15, 19, 16, 18], [17, 1, 18, 24], [19, 7, 20, 6], [21, 10, 22, 11], [23, 17, 24, 16], [1, 14, 2, 15], [3, 9, 4, 8], [5, 23, 6, 22], [7, 13, 8, 12], [9, 5, 10, 4], [11, 20, 12, 21], [13, 2, 14, 3]]"
12a_0398_168,"[[14, 3, 15, 4], [16, 20, 17, 19], [18, 2, 19, 1], [20, 8, 21, 7], [22, 11, 23, 12], [24, 18, 1, 17], [2, 15, 3, 16], [4, 10, 5, 9], [6, 24, 7, 23], [8, 14, 9, 13], [10, 6, 11, 5], [12, 21, 13, 22]]"
12a_0398_169,"[[12, 21, 13, 22], [14, 3, 15, 4], [16, 20, 17, 19], [18, 2, 19, 1], [20, 8, 21, 7], [22, 11, 23, 12], [24, 18, 1, 17], [2, 15, 3, 16], [4, 10, 5, 9], [6, 24, 7, 23], [8, 14, 9, 13], [10, 6, 11, 5]]"
12a_0398_170,"[[10, 6, 11, 5], [12, 21, 13, 22], [14, 3, 15, 4], [16, 20, 17, 19], [18, 2, 19, 1], [20, 8, 21, 7], [22, 11, 23, 12], [24, 18, 1, 17], [2, 15, 3, 16], [4, 10, 5, 9], [6, 24, 7, 23], [8, 14, 9, 13]]"
12a_0398_171,"[[8, 14, 9, 13], [10, 6, 11, 5], [12, 21, 13, 22], [14, 3, 15, 4], [16, 20, 17, 19], [18, 2, 19, 1], [20, 8, 21, 7], [22, 11, 23, 12], [24, 18, 1, 17], [2, 15, 3, 16], [4, 10, 5, 9], [6, 24, 7, 23]]"
12a_0398_172,"[[6, 24, 7, 23], [8, 14, 9, 13], [10, 6, 11, 5], [12, 21, 13, 22], [14, 3, 15, 4], [16, 20, 17, 19], [18, 2, 19, 1], [20, 8, 21, 7], [22, 11, 23, 12], [24, 18, 1, 17], [2, 15, 3, 16], [4, 10, 5, 9]]"
12a_0398_173,"[[4, 10, 5, 9], [6, 24, 7, 23], [8, 14, 9, 13], [10, 6, 11, 5], [12, 21, 13, 22], [14, 3, 15, 4], [16, 20, 17, 19], [18, 2, 19, 1], [20, 8, 21, 7], [22, 11, 23, 12], [24, 18, 1, 17], [2, 15, 3, 16]]"
12a_0398_174,"[[2, 15, 3, 16], [4, 10, 5, 9], [6, 24, 7, 23], [8, 14, 9, 13], [10, 6, 11, 5], [12, 21, 13, 22], [14, 3, 15, 4], [16, 20, 17, 19], [18, 2, 19, 1], [20, 8, 21, 7], [22, 11, 23, 12], [24, 18, 1, 17]]"
12a_0398_175,"[[24, 18, 1, 17], [2, 15, 3, 16], [4, 10, 5, 9], [6, 24, 7, 23], [8, 14, 9, 13], [10, 6, 11, 5], [12, 21, 13, 22], [14, 3, 15, 4], [16, 20, 17, 19], [18, 2, 19, 1], [20, 8, 21, 7], [22, 11, 23, 12]]"
12a_0398_176,"[[22, 11, 23, 12], [24, 18, 1, 17], [2, 15, 3, 16], [4, 10, 5, 9], [6, 24, 7, 23], [8, 14, 9, 13], [10, 6, 11, 5], [12, 21, 13, 22], [14, 3, 15, 4], [16, 20, 17, 19], [18, 2, 19, 1], [20, 8, 21, 7]]"
12a_0398_177,"[[20, 8, 21, 7], [22, 11, 23, 12], [24, 18, 1, 17], [2, 15, 3, 16], [4, 10, 5, 9], [6, 24, 7, 23], [8, 14, 9, 13], [10, 6, 11, 5], [12, 21, 13, 22], [14, 3, 15, 4], [16, 20, 17, 19], [18, 2, 19, 1]]"
12a_0398_178,"[[18, 2, 19, 1], [20, 8, 21, 7], [22, 11, 23, 12], [24, 18, 1, 17], [2, 15, 3, 16], [4, 10, 5, 9], [6, 24, 7, 23], [8, 14, 9, 13], [10, 6, 11, 5], [12, 21, 13, 22], [14, 3, 15, 4], [16, 20, 17, 19]]"
12a_0398_179,"[[16, 20, 17, 19], [18, 2, 19, 1], [20, 8, 21, 7], [22, 11, 23, 12], [24, 18, 1, 17], [2, 15, 3, 16], [4, 10, 5, 9], [6, 24, 7, 23], [8, 14, 9, 13], [10, 6, 11, 5], [12, 21, 13, 22], [14, 3, 15, 4]]"
12a_0398_180,"[[15, 4, 16, 5], [17, 21, 18, 20], [19, 3, 20, 2], [21, 9, 22, 8], [23, 12, 24, 13], [1, 19, 2, 18], [3, 16, 4, 17], [5, 11, 6, 10], [7, 1, 8, 24], [9, 15, 10, 14], [11, 7, 12, 6], [13, 22, 14, 23]]"
12a_0398_181,"[[13, 22, 14, 23], [15, 4, 16, 5], [17, 21, 18, 20], [19, 3, 20, 2], [21, 9, 22, 8], [23, 12, 24, 13], [1, 19, 2, 18], [3, 16, 4, 17], [5, 11, 6, 10], [7, 1, 8, 24], [9, 15, 10, 14], [11, 7, 12, 6]]"
12a_0398_182,"[[11, 7, 12, 6], [13, 22, 14, 23], [15, 4, 16, 5], [17, 21, 18, 20], [19, 3, 20, 2], [21, 9, 22, 8], [23, 12, 24, 13], [1, 19, 2, 18], [3, 16, 4, 17], [5, 11, 6, 10], [7, 1, 8, 24], [9, 15, 10, 14]]"
12a_0398_183,"[[9, 15, 10, 14], [11, 7, 12, 6], [13, 22, 14, 23], [15, 4, 16, 5], [17, 21, 18, 20], [19, 3, 20, 2], [21, 9, 22, 8], [23, 12, 24, 13], [1, 19, 2, 18], [3, 16, 4, 17], [5, 11, 6, 10], [7, 1, 8, 24]]"
12a_0398_184,"[[7, 1, 8, 24], [9, 15, 10, 14], [11, 7, 12, 6], [13, 22, 14, 23], [15, 4, 16, 5], [17, 21, 18, 20], [19, 3, 20, 2], [21, 9, 22, 8], [23, 12, 24, 13], [1, 19, 2, 18], [3, 16, 4, 17], [5, 11, 6, 10]]"
12a_0398_185,"[[5, 11, 6, 10], [7, 1, 8, 24], [9, 15, 10, 14], [11, 7, 12, 6], [13, 22, 14, 23], [15, 4, 16, 5], [17, 21, 18, 20], [19, 3, 20, 2], [21, 9, 22, 8], [23, 12, 24, 13], [1, 19, 2, 18], [3, 16, 4, 17]]"
