name,pd_notation
12a_0561_0,"[[24, 9, 1, 10], [2, 6, 3, 5], [4, 14, 5, 13], [6, 18, 7, 17], [8, 15, 9, 16], [10, 22, 11, 21], [12, 4, 13, 3], [14, 1, 15, 2], [16, 20, 17, 19], [18, 8, 19, 7], [20, 24, 21, 23], [22, 12, 23, 11]]"
12a_0561_1,"[[22, 12, 23, 11], [24, 9, 1, 10], [2, 6, 3, 5], [4, 14, 5, 13], [6, 18, 7, 17], [8, 15, 9, 16], [10, 22, 11, 21], [12, 4, 13, 3], [14, 1, 15, 2], [16, 20, 17, 19], [18, 8, 19, 7], [20, 24, 21, 23]]"
12a_0561_2,"[[20, 24, 21, 23], [22, 12, 23, 11], [24, 9, 1, 10], [2, 6, 3, 5], [4, 14, 5, 13], [6, 18, 7, 17], [8, 15, 9, 16], [10, 22, 11, 21], [12, 4, 13, 3], [14, 1, 15, 2], [16, 20, 17, 19], [18, 8, 19, 7]]"
12a_0561_3,"[[18, 8, 19, 7], [20, 24, 21, 23], [22, 12, 23, 11], [24, 9, 1, 10], [2, 6, 3, 5], [4, 14, 5, 13], [6, 18, 7, 17], [8, 15, 9, 16], [10, 22, 11, 21], [12, 4, 13, 3], [14, 1, 15, 2], [16, 20, 17, 19]]"
12a_0561_4,"[[16, 20, 17, 19], [18, 8, 19, 7], [20, 24, 21, 23], [22, 12, 23, 11], [24, 9, 1, 10], [2, 6, 3, 5], [4, 14, 5, 13], [6, 18, 7, 17], [8, 15, 9, 16], [10, 22, 11, 21], [12, 4, 13, 3], [14, 1, 15, 2]]"
12a_0561_5,"[[14, 1, 15, 2], [16, 20, 17, 19], [18, 8, 19, 7], [20, 24, 21, 23], [22, 12, 23, 11], [24, 9, 1, 10], [2, 6, 3, 5], [4, 14, 5, 13], [6, 18, 7, 17], [8, 15, 9, 16], [10, 22, 11, 21], [12, 4, 13, 3]]"
12a_0561_6,"[[12, 4, 13, 3], [14, 1, 15, 2], [16, 20, 17, 19], [18, 8, 19, 7], [20, 24, 21, 23], [22, 12, 23, 11], [24, 9, 1, 10], [2, 6, 3, 5], [4, 14, 5, 13], [6, 18, 7, 17], [8, 15, 9, 16], [10, 22, 11, 21]]"
12a_0561_7,"[[10, 22, 11, 21], [12, 4, 13, 3], [14, 1, 15, 2], [16, 20, 17, 19], [18, 8, 19, 7], [20, 24, 21, 23], [22, 12, 23, 11], [24, 9, 1, 10], [2, 6, 3, 5], [4, 14, 5, 13], [6, 18, 7, 17], [8, 15, 9, 16]]"
12a_0561_8,"[[8, 15, 9, 16], [10, 22, 11, 21], [12, 4, 13, 3], [14, 1, 15, 2], [16, 20, 17, 19], [18, 8, 19, 7], [20, 24, 21, 23], [22, 12, 23, 11], [24, 9, 1, 10], [2, 6, 3, 5], [4, 14, 5, 13], [6, 18, 7, 17]]"
12a_0561_9,"[[6, 18, 7, 17], [8, 15, 9, 16], [10, 22, 11, 21], [12, 4, 13, 3], [14, 1, 15, 2], [16, 20, 17, 19], [18, 8, 19, 7], [20, 24, 21, 23], [22, 12, 23, 11], [24, 9, 1, 10], [2, 6, 3, 5], [4, 14, 5, 13]]"
12a_0561_10,"[[4, 14, 5, 13], [6, 18, 7, 17], [8, 15, 9, 16], [10, 22, 11, 21], [12, 4, 13, 3], [14, 1, 15, 2], [16, 20, 17, 19], [18, 8, 19, 7], [20, 24, 21, 23], [22, 12, 23, 11], [24, 9, 1, 10], [2, 6, 3, 5]]"
12a_0561_11,"[[2, 6, 3, 5], [4, 14, 5, 13], [6, 18, 7, 17], [8, 15, 9, 16], [10, 22, 11, 21], [12, 4, 13, 3], [14, 1, 15, 2], [16, 20, 17, 19], [18, 8, 19, 7], [20, 24, 21, 23], [22, 12, 23, 11], [24, 9, 1, 10]]"
12a_0561_12,"[[1, 10, 2, 11], [3, 7, 4, 6], [5, 15, 6, 14], [7, 19, 8, 18], [9, 16, 10, 17], [11, 23, 12, 22], [13, 5, 14, 4], [15, 2, 16, 3], [17, 21, 18, 20], [19, 9, 20, 8], [21, 1, 22, 24], [23, 13, 24, 12]]"
12a_0561_13,"[[23, 13, 24, 12], [1, 10, 2, 11], [3, 7, 4, 6], [5, 15, 6, 14], [7, 19, 8, 18], [9, 16, 10, 17], [11, 23, 12, 22], [13, 5, 14, 4], [15, 2, 16, 3], [17, 21, 18, 20], [19, 9, 20, 8], [21, 1, 22, 24]]"
12a_0561_14,"[[21, 1, 22, 24], [23, 13, 24, 12], [1, 10, 2, 11], [3, 7, 4, 6], [5, 15, 6, 14], [7, 19, 8, 18], [9, 16, 10, 17], [11, 23, 12, 22], [13, 5, 14, 4], [15, 2, 16, 3], [17, 21, 18, 20], [19, 9, 20, 8]]"
12a_0561_15,"[[19, 9, 20, 8], [21, 1, 22, 24], [23, 13, 24, 12], [1, 10, 2, 11], [3, 7, 4, 6], [5, 15, 6, 14], [7, 19, 8, 18], [9, 16, 10, 17], [11, 23, 12, 22], [13, 5, 14, 4], [15, 2, 16, 3], [17, 21, 18, 20]]"
12a_0561_16,"[[17, 21, 18, 20], [19, 9, 20, 8], [21, 1, 22, 24], [23, 13, 24, 12], [1, 10, 2, 11], [3, 7, 4, 6], [5, 15, 6, 14], [7, 19, 8, 18], [9, 16, 10, 17], [11, 23, 12, 22], [13, 5, 14, 4], [15, 2, 16, 3]]"
12a_0561_17,"[[15, 2, 16, 3], [17, 21, 18, 20], [19, 9, 20, 8], [21, 1, 22, 24], [23, 13, 24, 12], [1, 10, 2, 11], [3, 7, 4, 6], [5, 15, 6, 14], [7, 19, 8, 18], [9, 16, 10, 17], [11, 23, 12, 22], [13, 5, 14, 4]]"
12a_0561_18,"[[13, 5, 14, 4], [15, 2, 16, 3], [17, 21, 18, 20], [19, 9, 20, 8], [21, 1, 22, 24], [23, 13, 24, 12], [1, 10, 2, 11], [3, 7, 4, 6], [5, 15, 6, 14], [7, 19, 8, 18], [9, 16, 10, 17], [11, 23, 12, 22]]"
12a_0561_19,"[[11, 23, 12, 22], [13, 5, 14, 4], [15, 2, 16, 3], [17, 21, 18, 20], [19, 9, 20, 8], [21, 1, 22, 24], [23, 13, 24, 12], [1, 10, 2, 11], [3, 7, 4, 6], [5, 15, 6, 14], [7, 19, 8, 18], [9, 16, 10, 17]]"
12a_0561_20,"[[9, 16, 10, 17], [11, 23, 12, 22], [13, 5, 14, 4], [15, 2, 16, 3], [17, 21, 18, 20], [19, 9, 20, 8], [21, 1, 22, 24], [23, 13, 24, 12], [1, 10, 2, 11], [3, 7, 4, 6], [5, 15, 6, 14], [7, 19, 8, 18]]"
12a_0561_21,"[[7, 19, 8, 18], [9, 16, 10, 17], [11, 23, 12, 22], [13, 5, 14, 4], [15, 2, 16, 3], [17, 21, 18, 20], [19, 9, 20, 8], [21, 1, 22, 24], [23, 13, 24, 12], [1, 10, 2, 11], [3, 7, 4, 6], [5, 15, 6, 14]]"
12a_0561_22,"[[5, 15, 6, 14], [7, 19, 8, 18], [9, 16, 10, 17], [11, 23, 12, 22], [13, 5, 14, 4], [15, 2, 16, 3], [17, 21, 18, 20], [19, 9, 20, 8], [21, 1, 22, 24], [23, 13, 24, 12], [1, 10, 2, 11], [3, 7, 4, 6]]"
12a_0561_23,"[[3, 7, 4, 6], [5, 15, 6, 14], [7, 19, 8, 18], [9, 16, 10, 17], [11, 23, 12, 22], [13, 5, 14, 4], [15, 2, 16, 3], [17, 21, 18, 20], [19, 9, 20, 8], [21, 1, 22, 24], [23, 13, 24, 12], [1, 10, 2, 11]]"
12a_0561_24,"[[2, 11, 3, 12], [4, 8, 5, 7], [6, 16, 7, 15], [8, 20, 9, 19], [10, 17, 11, 18], [12, 24, 13, 23], [14, 6, 15, 5], [16, 3, 17, 4], [18, 22, 19, 21], [20, 10, 21, 9], [22, 2, 23, 1], [24, 14, 1, 13]]"
12a_0561_25,"[[24, 14, 1, 13], [2, 11, 3, 12], [4, 8, 5, 7], [6, 16, 7, 15], [8, 20, 9, 19], [10, 17, 11, 18], [12, 24, 13, 23], [14, 6, 15, 5], [16, 3, 17, 4], [18, 22, 19, 21], [20, 10, 21, 9], [22, 2, 23, 1]]"
12a_0561_26,"[[22, 2, 23, 1], [24, 14, 1, 13], [2, 11, 3, 12], [4, 8, 5, 7], [6, 16, 7, 15], [8, 20, 9, 19], [10, 17, 11, 18], [12, 24, 13, 23], [14, 6, 15, 5], [16, 3, 17, 4], [18, 22, 19, 21], [20, 10, 21, 9]]"
12a_0561_27,"[[20, 10, 21, 9], [22, 2, 23, 1], [24, 14, 1, 13], [2, 11, 3, 12], [4, 8, 5, 7], [6, 16, 7, 15], [8, 20, 9, 19], [10, 17, 11, 18], [12, 24, 13, 23], [14, 6, 15, 5], [16, 3, 17, 4], [18, 22, 19, 21]]"
12a_0561_28,"[[18, 22, 19, 21], [20, 10, 21, 9], [22, 2, 23, 1], [24, 14, 1, 13], [2, 11, 3, 12], [4, 8, 5, 7], [6, 16, 7, 15], [8, 20, 9, 19], [10, 17, 11, 18], [12, 24, 13, 23], [14, 6, 15, 5], [16, 3, 17, 4]]"
12a_0561_29,"[[16, 3, 17, 4], [18, 22, 19, 21], [20, 10, 21, 9], [22, 2, 23, 1], [24, 14, 1, 13], [2, 11, 3, 12], [4, 8, 5, 7], [6, 16, 7, 15], [8, 20, 9, 19], [10, 17, 11, 18], [12, 24, 13, 23], [14, 6, 15, 5]]"
12a_0561_30,"[[14, 6, 15, 5], [16, 3, 17, 4], [18, 22, 19, 21], [20, 10, 21, 9], [22, 2, 23, 1], [24, 14, 1, 13], [2, 11, 3, 12], [4, 8, 5, 7], [6, 16, 7, 15], [8, 20, 9, 19], [10, 17, 11, 18], [12, 24, 13, 23]]"
12a_0561_31,"[[12, 24, 13, 23], [14, 6, 15, 5], [16, 3, 17, 4], [18, 22, 19, 21], [20, 10, 21, 9], [22, 2, 23, 1], [24, 14, 1, 13], [2, 11, 3, 12], [4, 8, 5, 7], [6, 16, 7, 15], [8, 20, 9, 19], [10, 17, 11, 18]]"
12a_0561_32,"[[10, 17, 11, 18], [12, 24, 13, 23], [14, 6, 15, 5], [16, 3, 17, 4], [18, 22, 19, 21], [20, 10, 21, 9], [22, 2, 23, 1], [24, 14, 1, 13], [2, 11, 3, 12], [4, 8, 5, 7], [6, 16, 7, 15], [8, 20, 9, 19]]"
12a_0561_33,"[[8, 20, 9, 19], [10, 17, 11, 18], [12, 24, 13, 23], [14, 6, 15, 5], [16, 3, 17, 4], [18, 22, 19, 21], [20, 10, 21, 9], [22, 2, 23, 1], [24, 14, 1, 13], [2, 11, 3, 12], [4, 8, 5, 7], [6, 16, 7, 15]]"
12a_0561_34,"[[6, 16, 7, 15], [8, 20, 9, 19], [10, 17, 11, 18], [12, 24, 13, 23], [14, 6, 15, 5], [16, 3, 17, 4], [18, 22, 19, 21], [20, 10, 21, 9], [22, 2, 23, 1], [24, 14, 1, 13], [2, 11, 3, 12], [4, 8, 5, 7]]"
12a_0561_35,"[[4, 8, 5, 7], [6, 16, 7, 15], [8, 20, 9, 19], [10, 17, 11, 18], [12, 24, 13, 23], [14, 6, 15, 5], [16, 3, 17, 4], [18, 22, 19, 21], [20, 10, 21, 9], [22, 2, 23, 1], [24, 14, 1, 13], [2, 11, 3, 12]]"
12a_0561_36,"[[3, 12, 4, 13], [5, 9, 6, 8], [7, 17, 8, 16], [9, 21, 10, 20], [11, 18, 12, 19], [13, 1, 14, 24], [15, 7, 16, 6], [17, 4, 18, 5], [19, 23, 20, 22], [21, 11, 22, 10], [23, 3, 24, 2], [1, 15, 2, 14]]"
12a_0561_37,"[[1, 15, 2, 14], [3, 12, 4, 13], [5, 9, 6, 8], [7, 17, 8, 16], [9, 21, 10, 20], [11, 18, 12, 19], [13, 1, 14, 24], [15, 7, 16, 6], [17, 4, 18, 5], [19, 23, 20, 22], [21, 11, 22, 10], [23, 3, 24, 2]]"
12a_0561_38,"[[23, 3, 24, 2], [1, 15, 2, 14], [3, 12, 4, 13], [5, 9, 6, 8], [7, 17, 8, 16], [9, 21, 10, 20], [11, 18, 12, 19], [13, 1, 14, 24], [15, 7, 16, 6], [17, 4, 18, 5], [19, 23, 20, 22], [21, 11, 22, 10]]"
12a_0561_39,"[[21, 11, 22, 10], [23, 3, 24, 2], [1, 15, 2, 14], [3, 12, 4, 13], [5, 9, 6, 8], [7, 17, 8, 16], [9, 21, 10, 20], [11, 18, 12, 19], [13, 1, 14, 24], [15, 7, 16, 6], [17, 4, 18, 5], [19, 23, 20, 22]]"
12a_0561_40,"[[19, 23, 20, 22], [21, 11, 22, 10], [23, 3, 24, 2], [1, 15, 2, 14], [3, 12, 4, 13], [5, 9, 6, 8], [7, 17, 8, 16], [9, 21, 10, 20], [11, 18, 12, 19], [13, 1, 14, 24], [15, 7, 16, 6], [17, 4, 18, 5]]"
12a_0561_41,"[[17, 4, 18, 5], [19, 23, 20, 22], [21, 11, 22, 10], [23, 3, 24, 2], [1, 15, 2, 14], [3, 12, 4, 13], [5, 9, 6, 8], [7, 17, 8, 16], [9, 21, 10, 20], [11, 18, 12, 19], [13, 1, 14, 24], [15, 7, 16, 6]]"
12a_0561_42,"[[15, 7, 16, 6], [17, 4, 18, 5], [19, 23, 20, 22], [21, 11, 22, 10], [23, 3, 24, 2], [1, 15, 2, 14], [3, 12, 4, 13], [5, 9, 6, 8], [7, 17, 8, 16], [9, 21, 10, 20], [11, 18, 12, 19], [13, 1, 14, 24]]"
12a_0561_43,"[[13, 1, 14, 24], [15, 7, 16, 6], [17, 4, 18, 5], [19, 23, 20, 22], [21, 11, 22, 10], [23, 3, 24, 2], [1, 15, 2, 14], [3, 12, 4, 13], [5, 9, 6, 8], [7, 17, 8, 16], [9, 21, 10, 20], [11, 18, 12, 19]]"
12a_0561_44,"[[11, 18, 12, 19], [13, 1, 14, 24], [15, 7, 16, 6], [17, 4, 18, 5], [19, 23, 20, 22], [21, 11, 22, 10], [23, 3, 24, 2], [1, 15, 2, 14], [3, 12, 4, 13], [5, 9, 6, 8], [7, 17, 8, 16], [9, 21, 10, 20]]"
12a_0561_45,"[[9, 21, 10, 20], [11, 18, 12, 19], [13, 1, 14, 24], [15, 7, 16, 6], [17, 4, 18, 5], [19, 23, 20, 22], [21, 11, 22, 10], [23, 3, 24, 2], [1, 15, 2, 14], [3, 12, 4, 13], [5, 9, 6, 8], [7, 17, 8, 16]]"
12a_0561_46,"[[7, 17, 8, 16], [9, 21, 10, 20], [11, 18, 12, 19], [13, 1, 14, 24], [15, 7, 16, 6], [17, 4, 18, 5], [19, 23, 20, 22], [21, 11, 22, 10], [23, 3, 24, 2], [1, 15, 2, 14], [3, 12, 4, 13], [5, 9, 6, 8]]"
12a_0561_47,"[[5, 9, 6, 8], [7, 17, 8, 16], [9, 21, 10, 20], [11, 18, 12, 19], [13, 1, 14, 24], [15, 7, 16, 6], [17, 4, 18, 5], [19, 23, 20, 22], [21, 11, 22, 10], [23, 3, 24, 2], [1, 15, 2, 14], [3, 12, 4, 13]]"
12a_0561_48,"[[4, 13, 5, 14], [6, 10, 7, 9], [8, 18, 9, 17], [10, 22, 11, 21], [12, 19, 13, 20], [14, 2, 15, 1], [16, 8, 17, 7], [18, 5, 19, 6], [20, 24, 21, 23], [22, 12, 23, 11], [24, 4, 1, 3], [2, 16, 3, 15]]"
12a_0561_49,"[[2, 16, 3, 15], [4, 13, 5, 14], [6, 10, 7, 9], [8, 18, 9, 17], [10, 22, 11, 21], [12, 19, 13, 20], [14, 2, 15, 1], [16, 8, 17, 7], [18, 5, 19, 6], [20, 24, 21, 23], [22, 12, 23, 11], [24, 4, 1, 3]]"
12a_0561_50,"[[24, 4, 1, 3], [2, 16, 3, 15], [4, 13, 5, 14], [6, 10, 7, 9], [8, 18, 9, 17], [10, 22, 11, 21], [12, 19, 13, 20], [14, 2, 15, 1], [16, 8, 17, 7], [18, 5, 19, 6], [20, 24, 21, 23], [22, 12, 23, 11]]"
12a_0561_51,"[[22, 12, 23, 11], [24, 4, 1, 3], [2, 16, 3, 15], [4, 13, 5, 14], [6, 10, 7, 9], [8, 18, 9, 17], [10, 22, 11, 21], [12, 19, 13, 20], [14, 2, 15, 1], [16, 8, 17, 7], [18, 5, 19, 6], [20, 24, 21, 23]]"
12a_0561_52,"[[20, 24, 21, 23], [22, 12, 23, 11], [24, 4, 1, 3], [2, 16, 3, 15], [4, 13, 5, 14], [6, 10, 7, 9], [8, 18, 9, 17], [10, 22, 11, 21], [12, 19, 13, 20], [14, 2, 15, 1], [16, 8, 17, 7], [18, 5, 19, 6]]"
12a_0561_53,"[[18, 5, 19, 6], [20, 24, 21, 23], [22, 12, 23, 11], [24, 4, 1, 3], [2, 16, 3, 15], [4, 13, 5, 14], [6, 10, 7, 9], [8, 18, 9, 17], [10, 22, 11, 21], [12, 19, 13, 20], [14, 2, 15, 1], [16, 8, 17, 7]]"
12a_0561_54,"[[16, 8, 17, 7], [18, 5, 19, 6], [20, 24, 21, 23], [22, 12, 23, 11], [24, 4, 1, 3], [2, 16, 3, 15], [4, 13, 5, 14], [6, 10, 7, 9], [8, 18, 9, 17], [10, 22, 11, 21], [12, 19, 13, 20], [14, 2, 15, 1]]"
12a_0561_55,"[[14, 2, 15, 1], [16, 8, 17, 7], [18, 5, 19, 6], [20, 24, 21, 23], [22, 12, 23, 11], [24, 4, 1, 3], [2, 16, 3, 15], [4, 13, 5, 14], [6, 10, 7, 9], [8, 18, 9, 17], [10, 22, 11, 21], [12, 19, 13, 20]]"
12a_0561_56,"[[12, 19, 13, 20], [14, 2, 15, 1], [16, 8, 17, 7], [18, 5, 19, 6], [20, 24, 21, 23], [22, 12, 23, 11], [24, 4, 1, 3], [2, 16, 3, 15], [4, 13, 5, 14], [6, 10, 7, 9], [8, 18, 9, 17], [10, 22, 11, 21]]"
12a_0561_57,"[[10, 22, 11, 21], [12, 19, 13, 20], [14, 2, 15, 1], [16, 8, 17, 7], [18, 5, 19, 6], [20, 24, 21, 23], [22, 12, 23, 11], [24, 4, 1, 3], [2, 16, 3, 15], [4, 13, 5, 14], [6, 10, 7, 9], [8, 18, 9, 17]]"
12a_0561_58,"[[8, 18, 9, 17], [10, 22, 11, 21], [12, 19, 13, 20], [14, 2, 15, 1], [16, 8, 17, 7], [18, 5, 19, 6], [20, 24, 21, 23], [22, 12, 23, 11], [24, 4, 1, 3], [2, 16, 3, 15], [4, 13, 5, 14], [6, 10, 7, 9]]"
12a_0561_59,"[[6, 10, 7, 9], [8, 18, 9, 17], [10, 22, 11, 21], [12, 19, 13, 20], [14, 2, 15, 1], [16, 8, 17, 7], [18, 5, 19, 6], [20, 24, 21, 23], [22, 12, 23, 11], [24, 4, 1, 3], [2, 16, 3, 15], [4, 13, 5, 14]]"
12a_0561_60,"[[5, 14, 6, 15], [7, 11, 8, 10], [9, 19, 10, 18], [11, 23, 12, 22], [13, 20, 14, 21], [15, 3, 16, 2], [17, 9, 18, 8], [19, 6, 20, 7], [21, 1, 22, 24], [23, 13, 24, 12], [1, 5, 2, 4], [3, 17, 4, 16]]"
12a_0561_61,"[[3, 17, 4, 16], [5, 14, 6, 15], [7, 11, 8, 10], [9, 19, 10, 18], [11, 23, 12, 22], [13, 20, 14, 21], [15, 3, 16, 2], [17, 9, 18, 8], [19, 6, 20, 7], [21, 1, 22, 24], [23, 13, 24, 12], [1, 5, 2, 4]]"
12a_0561_62,"[[1, 5, 2, 4], [3, 17, 4, 16], [5, 14, 6, 15], [7, 11, 8, 10], [9, 19, 10, 18], [11, 23, 12, 22], [13, 20, 14, 21], [15, 3, 16, 2], [17, 9, 18, 8], [19, 6, 20, 7], [21, 1, 22, 24], [23, 13, 24, 12]]"
12a_0561_63,"[[23, 13, 24, 12], [1, 5, 2, 4], [3, 17, 4, 16], [5, 14, 6, 15], [7, 11, 8, 10], [9, 19, 10, 18], [11, 23, 12, 22], [13, 20, 14, 21], [15, 3, 16, 2], [17, 9, 18, 8], [19, 6, 20, 7], [21, 1, 22, 24]]"
12a_0561_64,"[[21, 1, 22, 24], [23, 13, 24, 12], [1, 5, 2, 4], [3, 17, 4, 16], [5, 14, 6, 15], [7, 11, 8, 10], [9, 19, 10, 18], [11, 23, 12, 22], [13, 20, 14, 21], [15, 3, 16, 2], [17, 9, 18, 8], [19, 6, 20, 7]]"
12a_0561_65,"[[19, 6, 20, 7], [21, 1, 22, 24], [23, 13, 24, 12], [1, 5, 2, 4], [3, 17, 4, 16], [5, 14, 6, 15], [7, 11, 8, 10], [9, 19, 10, 18], [11, 23, 12, 22], [13, 20, 14, 21], [15, 3, 16, 2], [17, 9, 18, 8]]"
12a_0561_66,"[[17, 9, 18, 8], [19, 6, 20, 7], [21, 1, 22, 24], [23, 13, 24, 12], [1, 5, 2, 4], [3, 17, 4, 16], [5, 14, 6, 15], [7, 11, 8, 10], [9, 19, 10, 18], [11, 23, 12, 22], [13, 20, 14, 21], [15, 3, 16, 2]]"
12a_0561_67,"[[15, 3, 16, 2], [17, 9, 18, 8], [19, 6, 20, 7], [21, 1, 22, 24], [23, 13, 24, 12], [1, 5, 2, 4], [3, 17, 4, 16], [5, 14, 6, 15], [7, 11, 8, 10], [9, 19, 10, 18], [11, 23, 12, 22], [13, 20, 14, 21]]"
12a_0561_68,"[[13, 20, 14, 21], [15, 3, 16, 2], [17, 9, 18, 8], [19, 6, 20, 7], [21, 1, 22, 24], [23, 13, 24, 12], [1, 5, 2, 4], [3, 17, 4, 16], [5, 14, 6, 15], [7, 11, 8, 10], [9, 19, 10, 18], [11, 23, 12, 22]]"
12a_0561_69,"[[11, 23, 12, 22], [13, 20, 14, 21], [15, 3, 16, 2], [17, 9, 18, 8], [19, 6, 20, 7], [21, 1, 22, 24], [23, 13, 24, 12], [1, 5, 2, 4], [3, 17, 4, 16], [5, 14, 6, 15], [7, 11, 8, 10], [9, 19, 10, 18]]"
12a_0561_70,"[[9, 19, 10, 18], [11, 23, 12, 22], [13, 20, 14, 21], [15, 3, 16, 2], [17, 9, 18, 8], [19, 6, 20, 7], [21, 1, 22, 24], [23, 13, 24, 12], [1, 5, 2, 4], [3, 17, 4, 16], [5, 14, 6, 15], [7, 11, 8, 10]]"
12a_0561_71,"[[7, 11, 8, 10], [9, 19, 10, 18], [11, 23, 12, 22], [13, 20, 14, 21], [15, 3, 16, 2], [17, 9, 18, 8], [19, 6, 20, 7], [21, 1, 22, 24], [23, 13, 24, 12], [1, 5, 2, 4], [3, 17, 4, 16], [5, 14, 6, 15]]"
12a_0561_72,"[[6, 15, 7, 16], [8, 12, 9, 11], [10, 20, 11, 19], [12, 24, 13, 23], [14, 21, 15, 22], [16, 4, 17, 3], [18, 10, 19, 9], [20, 7, 21, 8], [22, 2, 23, 1], [24, 14, 1, 13], [2, 6, 3, 5], [4, 18, 5, 17]]"
12a_0561_73,"[[4, 18, 5, 17], [6, 15, 7, 16], [8, 12, 9, 11], [10, 20, 11, 19], [12, 24, 13, 23], [14, 21, 15, 22], [16, 4, 17, 3], [18, 10, 19, 9], [20, 7, 21, 8], [22, 2, 23, 1], [24, 14, 1, 13], [2, 6, 3, 5]]"
12a_0561_74,"[[2, 6, 3, 5], [4, 18, 5, 17], [6, 15, 7, 16], [8, 12, 9, 11], [10, 20, 11, 19], [12, 24, 13, 23], [14, 21, 15, 22], [16, 4, 17, 3], [18, 10, 19, 9], [20, 7, 21, 8], [22, 2, 23, 1], [24, 14, 1, 13]]"
12a_0561_75,"[[24, 14, 1, 13], [2, 6, 3, 5], [4, 18, 5, 17], [6, 15, 7, 16], [8, 12, 9, 11], [10, 20, 11, 19], [12, 24, 13, 23], [14, 21, 15, 22], [16, 4, 17, 3], [18, 10, 19, 9], [20, 7, 21, 8], [22, 2, 23, 1]]"
12a_0561_76,"[[22, 2, 23, 1], [24, 14, 1, 13], [2, 6, 3, 5], [4, 18, 5, 17], [6, 15, 7, 16], [8, 12, 9, 11], [10, 20, 11, 19], [12, 24, 13, 23], [14, 21, 15, 22], [16, 4, 17, 3], [18, 10, 19, 9], [20, 7, 21, 8]]"
12a_0561_77,"[[20, 7, 21, 8], [22, 2, 23, 1], [24, 14, 1, 13], [2, 6, 3, 5], [4, 18, 5, 17], [6, 15, 7, 16], [8, 12, 9, 11], [10, 20, 11, 19], [12, 24, 13, 23], [14, 21, 15, 22], [16, 4, 17, 3], [18, 10, 19, 9]]"
12a_0561_78,"[[18, 10, 19, 9], [20, 7, 21, 8], [22, 2, 23, 1], [24, 14, 1, 13], [2, 6, 3, 5], [4, 18, 5, 17], [6, 15, 7, 16], [8, 12, 9, 11], [10, 20, 11, 19], [12, 24, 13, 23], [14, 21, 15, 22], [16, 4, 17, 3]]"
12a_0561_79,"[[16, 4, 17, 3], [18, 10, 19, 9], [20, 7, 21, 8], [22, 2, 23, 1], [24, 14, 1, 13], [2, 6, 3, 5], [4, 18, 5, 17], [6, 15, 7, 16], [8, 12, 9, 11], [10, 20, 11, 19], [12, 24, 13, 23], [14, 21, 15, 22]]"
12a_0561_80,"[[14, 21, 15, 22], [16, 4, 17, 3], [18, 10, 19, 9], [20, 7, 21, 8], [22, 2, 23, 1], [24, 14, 1, 13], [2, 6, 3, 5], [4, 18, 5, 17], [6, 15, 7, 16], [8, 12, 9, 11], [10, 20, 11, 19], [12, 24, 13, 23]]"
12a_0561_81,"[[12, 24, 13, 23], [14, 21, 15, 22], [16, 4, 17, 3], [18, 10, 19, 9], [20, 7, 21, 8], [22, 2, 23, 1], [24, 14, 1, 13], [2, 6, 3, 5], [4, 18, 5, 17], [6, 15, 7, 16], [8, 12, 9, 11], [10, 20, 11, 19]]"
12a_0561_82,"[[10, 20, 11, 19], [12, 24, 13, 23], [14, 21, 15, 22], [16, 4, 17, 3], [18, 10, 19, 9], [20, 7, 21, 8], [22, 2, 23, 1], [24, 14, 1, 13], [2, 6, 3, 5], [4, 18, 5, 17], [6, 15, 7, 16], [8, 12, 9, 11]]"
12a_0561_83,"[[8, 12, 9, 11], [10, 20, 11, 19], [12, 24, 13, 23], [14, 21, 15, 22], [16, 4, 17, 3], [18, 10, 19, 9], [20, 7, 21, 8], [22, 2, 23, 1], [24, 14, 1, 13], [2, 6, 3, 5], [4, 18, 5, 17], [6, 15, 7, 16]]"
12a_0561_84,"[[7, 16, 8, 17], [9, 13, 10, 12], [11, 21, 12, 20], [13, 1, 14, 24], [15, 22, 16, 23], [17, 5, 18, 4], [19, 11, 20, 10], [21, 8, 22, 9], [23, 3, 24, 2], [1, 15, 2, 14], [3, 7, 4, 6], [5, 19, 6, 18]]"
12a_0561_85,"[[5, 19, 6, 18], [7, 16, 8, 17], [9, 13, 10, 12], [11, 21, 12, 20], [13, 1, 14, 24], [15, 22, 16, 23], [17, 5, 18, 4], [19, 11, 20, 10], [21, 8, 22, 9], [23, 3, 24, 2], [1, 15, 2, 14], [3, 7, 4, 6]]"
12a_0561_86,"[[3, 7, 4, 6], [5, 19, 6, 18], [7, 16, 8, 17], [9, 13, 10, 12], [11, 21, 12, 20], [13, 1, 14, 24], [15, 22, 16, 23], [17, 5, 18, 4], [19, 11, 20, 10], [21, 8, 22, 9], [23, 3, 24, 2], [1, 15, 2, 14]]"
12a_0561_87,"[[1, 15, 2, 14], [3, 7, 4, 6], [5, 19, 6, 18], [7, 16, 8, 17], [9, 13, 10, 12], [11, 21, 12, 20], [13, 1, 14, 24], [15, 22, 16, 23], [17, 5, 18, 4], [19, 11, 20, 10], [21, 8, 22, 9], [23, 3, 24, 2]]"
12a_0561_88,"[[23, 3, 24, 2], [1, 15, 2, 14], [3, 7, 4, 6], [5, 19, 6, 18], [7, 16, 8, 17], [9, 13, 10, 12], [11, 21, 12, 20], [13, 1, 14, 24], [15, 22, 16, 23], [17, 5, 18, 4], [19, 11, 20, 10], [21, 8, 22, 9]]"
12a_0561_89,"[[21, 8, 22, 9], [23, 3, 24, 2], [1, 15, 2, 14], [3, 7, 4, 6], [5, 19, 6, 18], [7, 16, 8, 17], [9, 13, 10, 12], [11, 21, 12, 20], [13, 1, 14, 24], [15, 22, 16, 23], [17, 5, 18, 4], [19, 11, 20, 10]]"
12a_0561_90,"[[19, 11, 20, 10], [21, 8, 22, 9], [23, 3, 24, 2], [1, 15, 2, 14], [3, 7, 4, 6], [5, 19, 6, 18], [7, 16, 8, 17], [9, 13, 10, 12], [11, 21, 12, 20], [13, 1, 14, 24], [15, 22, 16, 23], [17, 5, 18, 4]]"
12a_0561_91,"[[17, 5, 18, 4], [19, 11, 20, 10], [21, 8, 22, 9], [23, 3, 24, 2], [1, 15, 2, 14], [3, 7, 4, 6], [5, 19, 6, 18], [7, 16, 8, 17], [9, 13, 10, 12], [11, 21, 12, 20], [13, 1, 14, 24], [15, 22, 16, 23]]"
12a_0561_92,"[[15, 22, 16, 23], [17, 5, 18, 4], [19, 11, 20, 10], [21, 8, 22, 9], [23, 3, 24, 2], [1, 15, 2, 14], [3, 7, 4, 6], [5, 19, 6, 18], [7, 16, 8, 17], [9, 13, 10, 12], [11, 21, 12, 20], [13, 1, 14, 24]]"
12a_0561_93,"[[13, 1, 14, 24], [15, 22, 16, 23], [17, 5, 18, 4], [19, 11, 20, 10], [21, 8, 22, 9], [23, 3, 24, 2], [1, 15, 2, 14], [3, 7, 4, 6], [5, 19, 6, 18], [7, 16, 8, 17], [9, 13, 10, 12], [11, 21, 12, 20]]"
12a_0561_94,"[[11, 21, 12, 20], [13, 1, 14, 24], [15, 22, 16, 23], [17, 5, 18, 4], [19, 11, 20, 10], [21, 8, 22, 9], [23, 3, 24, 2], [1, 15, 2, 14], [3, 7, 4, 6], [5, 19, 6, 18], [7, 16, 8, 17], [9, 13, 10, 12]]"
12a_0561_95,"[[9, 13, 10, 12], [11, 21, 12, 20], [13, 1, 14, 24], [15, 22, 16, 23], [17, 5, 18, 4], [19, 11, 20, 10], [21, 8, 22, 9], [23, 3, 24, 2], [1, 15, 2, 14], [3, 7, 4, 6], [5, 19, 6, 18], [7, 16, 8, 17]]"
12a_0561_96,"[[8, 17, 9, 18], [10, 14, 11, 13], [12, 22, 13, 21], [14, 2, 15, 1], [16, 23, 17, 24], [18, 6, 19, 5], [20, 12, 21, 11], [22, 9, 23, 10], [24, 4, 1, 3], [2, 16, 3, 15], [4, 8, 5, 7], [6, 20, 7, 19]]"
12a_0561_97,"[[6, 20, 7, 19], [8, 17, 9, 18], [10, 14, 11, 13], [12, 22, 13, 21], [14, 2, 15, 1], [16, 23, 17, 24], [18, 6, 19, 5], [20, 12, 21, 11], [22, 9, 23, 10], [24, 4, 1, 3], [2, 16, 3, 15], [4, 8, 5, 7]]"
12a_0561_98,"[[4, 8, 5, 7], [6, 20, 7, 19], [8, 17, 9, 18], [10, 14, 11, 13], [12, 22, 13, 21], [14, 2, 15, 1], [16, 23, 17, 24], [18, 6, 19, 5], [20, 12, 21, 11], [22, 9, 23, 10], [24, 4, 1, 3], [2, 16, 3, 15]]"
12a_0561_99,"[[2, 16, 3, 15], [4, 8, 5, 7], [6, 20, 7, 19], [8, 17, 9, 18], [10, 14, 11, 13], [12, 22, 13, 21], [14, 2, 15, 1], [16, 23, 17, 24], [18, 6, 19, 5], [20, 12, 21, 11], [22, 9, 23, 10], [24, 4, 1, 3]]"
12a_0561_100,"[[24, 4, 1, 3], [2, 16, 3, 15], [4, 8, 5, 7], [6, 20, 7, 19], [8, 17, 9, 18], [10, 14, 11, 13], [12, 22, 13, 21], [14, 2, 15, 1], [16, 23, 17, 24], [18, 6, 19, 5], [20, 12, 21, 11], [22, 9, 23, 10]]"
12a_0561_101,"[[22, 9, 23, 10], [24, 4, 1, 3], [2, 16, 3, 15], [4, 8, 5, 7], [6, 20, 7, 19], [8, 17, 9, 18], [10, 14, 11, 13], [12, 22, 13, 21], [14, 2, 15, 1], [16, 23, 17, 24], [18, 6, 19, 5], [20, 12, 21, 11]]"
12a_0561_102,"[[20, 12, 21, 11], [22, 9, 23, 10], [24, 4, 1, 3], [2, 16, 3, 15], [4, 8, 5, 7], [6, 20, 7, 19], [8, 17, 9, 18], [10, 14, 11, 13], [12, 22, 13, 21], [14, 2, 15, 1], [16, 23, 17, 24], [18, 6, 19, 5]]"
12a_0561_103,"[[18, 6, 19, 5], [20, 12, 21, 11], [22, 9, 23, 10], [24, 4, 1, 3], [2, 16, 3, 15], [4, 8, 5, 7], [6, 20, 7, 19], [8, 17, 9, 18], [10, 14, 11, 13], [12, 22, 13, 21], [14, 2, 15, 1], [16, 23, 17, 24]]"
12a_0561_104,"[[16, 23, 17, 24], [18, 6, 19, 5], [20, 12, 21, 11], [22, 9, 23, 10], [24, 4, 1, 3], [2, 16, 3, 15], [4, 8, 5, 7], [6, 20, 7, 19], [8, 17, 9, 18], [10, 14, 11, 13], [12, 22, 13, 21], [14, 2, 15, 1]]"
12a_0561_105,"[[14, 2, 15, 1], [16, 23, 17, 24], [18, 6, 19, 5], [20, 12, 21, 11], [22, 9, 23, 10], [24, 4, 1, 3], [2, 16, 3, 15], [4, 8, 5, 7], [6, 20, 7, 19], [8, 17, 9, 18], [10, 14, 11, 13], [12, 22, 13, 21]]"
12a_0561_106,"[[12, 22, 13, 21], [14, 2, 15, 1], [16, 23, 17, 24], [18, 6, 19, 5], [20, 12, 21, 11], [22, 9, 23, 10], [24, 4, 1, 3], [2, 16, 3, 15], [4, 8, 5, 7], [6, 20, 7, 19], [8, 17, 9, 18], [10, 14, 11, 13]]"
12a_0561_107,"[[10, 14, 11, 13], [12, 22, 13, 21], [14, 2, 15, 1], [16, 23, 17, 24], [18, 6, 19, 5], [20, 12, 21, 11], [22, 9, 23, 10], [24, 4, 1, 3], [2, 16, 3, 15], [4, 8, 5, 7], [6, 20, 7, 19], [8, 17, 9, 18]]"
12a_0561_108,"[[9, 18, 10, 19], [11, 15, 12, 14], [13, 23, 14, 22], [15, 3, 16, 2], [17, 24, 18, 1], [19, 7, 20, 6], [21, 13, 22, 12], [23, 10, 24, 11], [1, 5, 2, 4], [3, 17, 4, 16], [5, 9, 6, 8], [7, 21, 8, 20]]"
12a_0561_109,"[[7, 21, 8, 20], [9, 18, 10, 19], [11, 15, 12, 14], [13, 23, 14, 22], [15, 3, 16, 2], [17, 24, 18, 1], [19, 7, 20, 6], [21, 13, 22, 12], [23, 10, 24, 11], [1, 5, 2, 4], [3, 17, 4, 16], [5, 9, 6, 8]]"
12a_0561_110,"[[5, 9, 6, 8], [7, 21, 8, 20], [9, 18, 10, 19], [11, 15, 12, 14], [13, 23, 14, 22], [15, 3, 16, 2], [17, 24, 18, 1], [19, 7, 20, 6], [21, 13, 22, 12], [23, 10, 24, 11], [1, 5, 2, 4], [3, 17, 4, 16]]"
12a_0561_111,"[[3, 17, 4, 16], [5, 9, 6, 8], [7, 21, 8, 20], [9, 18, 10, 19], [11, 15, 12, 14], [13, 23, 14, 22], [15, 3, 16, 2], [17, 24, 18, 1], [19, 7, 20, 6], [21, 13, 22, 12], [23, 10, 24, 11], [1, 5, 2, 4]]"
12a_0561_112,"[[1, 5, 2, 4], [3, 17, 4, 16], [5, 9, 6, 8], [7, 21, 8, 20], [9, 18, 10, 19], [11, 15, 12, 14], [13, 23, 14, 22], [15, 3, 16, 2], [17, 24, 18, 1], [19, 7, 20, 6], [21, 13, 22, 12], [23, 10, 24, 11]]"
12a_0561_113,"[[23, 10, 24, 11], [1, 5, 2, 4], [3, 17, 4, 16], [5, 9, 6, 8], [7, 21, 8, 20], [9, 18, 10, 19], [11, 15, 12, 14], [13, 23, 14, 22], [15, 3, 16, 2], [17, 24, 18, 1], [19, 7, 20, 6], [21, 13, 22, 12]]"
12a_0561_114,"[[21, 13, 22, 12], [23, 10, 24, 11], [1, 5, 2, 4], [3, 17, 4, 16], [5, 9, 6, 8], [7, 21, 8, 20], [9, 18, 10, 19], [11, 15, 12, 14], [13, 23, 14, 22], [15, 3, 16, 2], [17, 24, 18, 1], [19, 7, 20, 6]]"
12a_0561_115,"[[19, 7, 20, 6], [21, 13, 22, 12], [23, 10, 24, 11], [1, 5, 2, 4], [3, 17, 4, 16], [5, 9, 6, 8], [7, 21, 8, 20], [9, 18, 10, 19], [11, 15, 12, 14], [13, 23, 14, 22], [15, 3, 16, 2], [17, 24, 18, 1]]"
12a_0561_116,"[[17, 24, 18, 1], [19, 7, 20, 6], [21, 13, 22, 12], [23, 10, 24, 11], [1, 5, 2, 4], [3, 17, 4, 16], [5, 9, 6, 8], [7, 21, 8, 20], [9, 18, 10, 19], [11, 15, 12, 14], [13, 23, 14, 22], [15, 3, 16, 2]]"
12a_0561_117,"[[15, 3, 16, 2], [17, 24, 18, 1], [19, 7, 20, 6], [21, 13, 22, 12], [23, 10, 24, 11], [1, 5, 2, 4], [3, 17, 4, 16], [5, 9, 6, 8], [7, 21, 8, 20], [9, 18, 10, 19], [11, 15, 12, 14], [13, 23, 14, 22]]"
12a_0561_118,"[[13, 23, 14, 22], [15, 3, 16, 2], [17, 24, 18, 1], [19, 7, 20, 6], [21, 13, 22, 12], [23, 10, 24, 11], [1, 5, 2, 4], [3, 17, 4, 16], [5, 9, 6, 8], [7, 21, 8, 20], [9, 18, 10, 19], [11, 15, 12, 14]]"
12a_0561_119,"[[11, 15, 12, 14], [13, 23, 14, 22], [15, 3, 16, 2], [17, 24, 18, 1], [19, 7, 20, 6], [21, 13, 22, 12], [23, 10, 24, 11], [1, 5, 2, 4], [3, 17, 4, 16], [5, 9, 6, 8], [7, 21, 8, 20], [9, 18, 10, 19]]"
12a_0561_120,"[[10, 19, 11, 20], [12, 16, 13, 15], [14, 24, 15, 23], [16, 4, 17, 3], [18, 1, 19, 2], [20, 8, 21, 7], [22, 14, 23, 13], [24, 11, 1, 12], [2, 6, 3, 5], [4, 18, 5, 17], [6, 10, 7, 9], [8, 22, 9, 21]]"
12a_0561_121,"[[8, 22, 9, 21], [10, 19, 11, 20], [12, 16, 13, 15], [14, 24, 15, 23], [16, 4, 17, 3], [18, 1, 19, 2], [20, 8, 21, 7], [22, 14, 23, 13], [24, 11, 1, 12], [2, 6, 3, 5], [4, 18, 5, 17], [6, 10, 7, 9]]"
12a_0561_122,"[[6, 10, 7, 9], [8, 22, 9, 21], [10, 19, 11, 20], [12, 16, 13, 15], [14, 24, 15, 23], [16, 4, 17, 3], [18, 1, 19, 2], [20, 8, 21, 7], [22, 14, 23, 13], [24, 11, 1, 12], [2, 6, 3, 5], [4, 18, 5, 17]]"
12a_0561_123,"[[4, 18, 5, 17], [6, 10, 7, 9], [8, 22, 9, 21], [10, 19, 11, 20], [12, 16, 13, 15], [14, 24, 15, 23], [16, 4, 17, 3], [18, 1, 19, 2], [20, 8, 21, 7], [22, 14, 23, 13], [24, 11, 1, 12], [2, 6, 3, 5]]"
12a_0561_124,"[[2, 6, 3, 5], [4, 18, 5, 17], [6, 10, 7, 9], [8, 22, 9, 21], [10, 19, 11, 20], [12, 16, 13, 15], [14, 24, 15, 23], [16, 4, 17, 3], [18, 1, 19, 2], [20, 8, 21, 7], [22, 14, 23, 13], [24, 11, 1, 12]]"
12a_0561_125,"[[24, 11, 1, 12], [2, 6, 3, 5], [4, 18, 5, 17], [6, 10, 7, 9], [8, 22, 9, 21], [10, 19, 11, 20], [12, 16, 13, 15], [14, 24, 15, 23], [16, 4, 17, 3], [18, 1, 19, 2], [20, 8, 21, 7], [22, 14, 23, 13]]"
12a_0561_126,"[[22, 14, 23, 13], [24, 11, 1, 12], [2, 6, 3, 5], [4, 18, 5, 17], [6, 10, 7, 9], [8, 22, 9, 21], [10, 19, 11, 20], [12, 16, 13, 15], [14, 24, 15, 23], [16, 4, 17, 3], [18, 1, 19, 2], [20, 8, 21, 7]]"
12a_0561_127,"[[20, 8, 21, 7], [22, 14, 23, 13], [24, 11, 1, 12], [2, 6, 3, 5], [4, 18, 5, 17], [6, 10, 7, 9], [8, 22, 9, 21], [10, 19, 11, 20], [12, 16, 13, 15], [14, 24, 15, 23], [16, 4, 17, 3], [18, 1, 19, 2]]"
12a_0561_128,"[[18, 1, 19, 2], [20, 8, 21, 7], [22, 14, 23, 13], [24, 11, 1, 12], [2, 6, 3, 5], [4, 18, 5, 17], [6, 10, 7, 9], [8, 22, 9, 21], [10, 19, 11, 20], [12, 16, 13, 15], [14, 24, 15, 23], [16, 4, 17, 3]]"
12a_0561_129,"[[16, 4, 17, 3], [18, 1, 19, 2], [20, 8, 21, 7], [22, 14, 23, 13], [24, 11, 1, 12], [2, 6, 3, 5], [4, 18, 5, 17], [6, 10, 7, 9], [8, 22, 9, 21], [10, 19, 11, 20], [12, 16, 13, 15], [14, 24, 15, 23]]"
12a_0561_130,"[[14, 24, 15, 23], [16, 4, 17, 3], [18, 1, 19, 2], [20, 8, 21, 7], [22, 14, 23, 13], [24, 11, 1, 12], [2, 6, 3, 5], [4, 18, 5, 17], [6, 10, 7, 9], [8, 22, 9, 21], [10, 19, 11, 20], [12, 16, 13, 15]]"
12a_0561_131,"[[12, 16, 13, 15], [14, 24, 15, 23], [16, 4, 17, 3], [18, 1, 19, 2], [20, 8, 21, 7], [22, 14, 23, 13], [24, 11, 1, 12], [2, 6, 3, 5], [4, 18, 5, 17], [6, 10, 7, 9], [8, 22, 9, 21], [10, 19, 11, 20]]"
12a_0561_132,"[[11, 20, 12, 21], [13, 17, 14, 16], [15, 1, 16, 24], [17, 5, 18, 4], [19, 2, 20, 3], [21, 9, 22, 8], [23, 15, 24, 14], [1, 12, 2, 13], [3, 7, 4, 6], [5, 19, 6, 18], [7, 11, 8, 10], [9, 23, 10, 22]]"
12a_0561_133,"[[9, 23, 10, 22], [11, 20, 12, 21], [13, 17, 14, 16], [15, 1, 16, 24], [17, 5, 18, 4], [19, 2, 20, 3], [21, 9, 22, 8], [23, 15, 24, 14], [1, 12, 2, 13], [3, 7, 4, 6], [5, 19, 6, 18], [7, 11, 8, 10]]"
12a_0561_134,"[[7, 11, 8, 10], [9, 23, 10, 22], [11, 20, 12, 21], [13, 17, 14, 16], [15, 1, 16, 24], [17, 5, 18, 4], [19, 2, 20, 3], [21, 9, 22, 8], [23, 15, 24, 14], [1, 12, 2, 13], [3, 7, 4, 6], [5, 19, 6, 18]]"
12a_0561_135,"[[5, 19, 6, 18], [7, 11, 8, 10], [9, 23, 10, 22], [11, 20, 12, 21], [13, 17, 14, 16], [15, 1, 16, 24], [17, 5, 18, 4], [19, 2, 20, 3], [21, 9, 22, 8], [23, 15, 24, 14], [1, 12, 2, 13], [3, 7, 4, 6]]"
12a_0561_136,"[[3, 7, 4, 6], [5, 19, 6, 18], [7, 11, 8, 10], [9, 23, 10, 22], [11, 20, 12, 21], [13, 17, 14, 16], [15, 1, 16, 24], [17, 5, 18, 4], [19, 2, 20, 3], [21, 9, 22, 8], [23, 15, 24, 14], [1, 12, 2, 13]]"
12a_0561_137,"[[1, 12, 2, 13], [3, 7, 4, 6], [5, 19, 6, 18], [7, 11, 8, 10], [9, 23, 10, 22], [11, 20, 12, 21], [13, 17, 14, 16], [15, 1, 16, 24], [17, 5, 18, 4], [19, 2, 20, 3], [21, 9, 22, 8], [23, 15, 24, 14]]"
12a_0561_138,"[[23, 15, 24, 14], [1, 12, 2, 13], [3, 7, 4, 6], [5, 19, 6, 18], [7, 11, 8, 10], [9, 23, 10, 22], [11, 20, 12, 21], [13, 17, 14, 16], [15, 1, 16, 24], [17, 5, 18, 4], [19, 2, 20, 3], [21, 9, 22, 8]]"
12a_0561_139,"[[21, 9, 22, 8], [23, 15, 24, 14], [1, 12, 2, 13], [3, 7, 4, 6], [5, 19, 6, 18], [7, 11, 8, 10], [9, 23, 10, 22], [11, 20, 12, 21], [13, 17, 14, 16], [15, 1, 16, 24], [17, 5, 18, 4], [19, 2, 20, 3]]"
12a_0561_140,"[[19, 2, 20, 3], [21, 9, 22, 8], [23, 15, 24, 14], [1, 12, 2, 13], [3, 7, 4, 6], [5, 19, 6, 18], [7, 11, 8, 10], [9, 23, 10, 22], [11, 20, 12, 21], [13, 17, 14, 16], [15, 1, 16, 24], [17, 5, 18, 4]]"
12a_0561_141,"[[17, 5, 18, 4], [19, 2, 20, 3], [21, 9, 22, 8], [23, 15, 24, 14], [1, 12, 2, 13], [3, 7, 4, 6], [5, 19, 6, 18], [7, 11, 8, 10], [9, 23, 10, 22], [11, 20, 12, 21], [13, 17, 14, 16], [15, 1, 16, 24]]"
12a_0561_142,"[[15, 1, 16, 24], [17, 5, 18, 4], [19, 2, 20, 3], [21, 9, 22, 8], [23, 15, 24, 14], [1, 12, 2, 13], [3, 7, 4, 6], [5, 19, 6, 18], [7, 11, 8, 10], [9, 23, 10, 22], [11, 20, 12, 21], [13, 17, 14, 16]]"
12a_0561_143,"[[13, 17, 14, 16], [15, 1, 16, 24], [17, 5, 18, 4], [19, 2, 20, 3], [21, 9, 22, 8], [23, 15, 24, 14], [1, 12, 2, 13], [3, 7, 4, 6], [5, 19, 6, 18], [7, 11, 8, 10], [9, 23, 10, 22], [11, 20, 12, 21]]"
12a_0561_144,"[[12, 21, 13, 22], [14, 18, 15, 17], [16, 2, 17, 1], [18, 6, 19, 5], [20, 3, 21, 4], [22, 10, 23, 9], [24, 16, 1, 15], [2, 13, 3, 14], [4, 8, 5, 7], [6, 20, 7, 19], [8, 12, 9, 11], [10, 24, 11, 23]]"
12a_0561_145,"[[10, 24, 11, 23], [12, 21, 13, 22], [14, 18, 15, 17], [16, 2, 17, 1], [18, 6, 19, 5], [20, 3, 21, 4], [22, 10, 23, 9], [24, 16, 1, 15], [2, 13, 3, 14], [4, 8, 5, 7], [6, 20, 7, 19], [8, 12, 9, 11]]"
12a_0561_146,"[[8, 12, 9, 11], [10, 24, 11, 23], [12, 21, 13, 22], [14, 18, 15, 17], [16, 2, 17, 1], [18, 6, 19, 5], [20, 3, 21, 4], [22, 10, 23, 9], [24, 16, 1, 15], [2, 13, 3, 14], [4, 8, 5, 7], [6, 20, 7, 19]]"
12a_0561_147,"[[6, 20, 7, 19], [8, 12, 9, 11], [10, 24, 11, 23], [12, 21, 13, 22], [14, 18, 15, 17], [16, 2, 17, 1], [18, 6, 19, 5], [20, 3, 21, 4], [22, 10, 23, 9], [24, 16, 1, 15], [2, 13, 3, 14], [4, 8, 5, 7]]"
12a_0561_148,"[[4, 8, 5, 7], [6, 20, 7, 19], [8, 12, 9, 11], [10, 24, 11, 23], [12, 21, 13, 22], [14, 18, 15, 17], [16, 2, 17, 1], [18, 6, 19, 5], [20, 3, 21, 4], [22, 10, 23, 9], [24, 16, 1, 15], [2, 13, 3, 14]]"
12a_0561_149,"[[2, 13, 3, 14], [4, 8, 5, 7], [6, 20, 7, 19], [8, 12, 9, 11], [10, 24, 11, 23], [12, 21, 13, 22], [14, 18, 15, 17], [16, 2, 17, 1], [18, 6, 19, 5], [20, 3, 21, 4], [22, 10, 23, 9], [24, 16, 1, 15]]"
12a_0561_150,"[[24, 16, 1, 15], [2, 13, 3, 14], [4, 8, 5, 7], [6, 20, 7, 19], [8, 12, 9, 11], [10, 24, 11, 23], [12, 21, 13, 22], [14, 18, 15, 17], [16, 2, 17, 1], [18, 6, 19, 5], [20, 3, 21, 4], [22, 10, 23, 9]]"
12a_0561_151,"[[22, 10, 23, 9], [24, 16, 1, 15], [2, 13, 3, 14], [4, 8, 5, 7], [6, 20, 7, 19], [8, 12, 9, 11], [10, 24, 11, 23], [12, 21, 13, 22], [14, 18, 15, 17], [16, 2, 17, 1], [18, 6, 19, 5], [20, 3, 21, 4]]"
12a_0561_152,"[[20, 3, 21, 4], [22, 10, 23, 9], [24, 16, 1, 15], [2, 13, 3, 14], [4, 8, 5, 7], [6, 20, 7, 19], [8, 12, 9, 11], [10, 24, 11, 23], [12, 21, 13, 22], [14, 18, 15, 17], [16, 2, 17, 1], [18, 6, 19, 5]]"
12a_0561_153,"[[18, 6, 19, 5], [20, 3, 21, 4], [22, 10, 23, 9], [24, 16, 1, 15], [2, 13, 3, 14], [4, 8, 5, 7], [6, 20, 7, 19], [8, 12, 9, 11], [10, 24, 11, 23], [12, 21, 13, 22], [14, 18, 15, 17], [16, 2, 17, 1]]"
12a_0561_154,"[[16, 2, 17, 1], [18, 6, 19, 5], [20, 3, 21, 4], [22, 10, 23, 9], [24, 16, 1, 15], [2, 13, 3, 14], [4, 8, 5, 7], [6, 20, 7, 19], [8, 12, 9, 11], [10, 24, 11, 23], [12, 21, 13, 22], [14, 18, 15, 17]]"
12a_0561_155,"[[14, 18, 15, 17], [16, 2, 17, 1], [18, 6, 19, 5], [20, 3, 21, 4], [22, 10, 23, 9], [24, 16, 1, 15], [2, 13, 3, 14], [4, 8, 5, 7], [6, 20, 7, 19], [8, 12, 9, 11], [10, 24, 11, 23], [12, 21, 13, 22]]"
12a_0561_156,"[[13, 22, 14, 23], [15, 19, 16, 18], [17, 3, 18, 2], [19, 7, 20, 6], [21, 4, 22, 5], [23, 11, 24, 10], [1, 17, 2, 16], [3, 14, 4, 15], [5, 9, 6, 8], [7, 21, 8, 20], [9, 13, 10, 12], [11, 1, 12, 24]]"
12a_0561_157,"[[11, 1, 12, 24], [13, 22, 14, 23], [15, 19, 16, 18], [17, 3, 18, 2], [19, 7, 20, 6], [21, 4, 22, 5], [23, 11, 24, 10], [1, 17, 2, 16], [3, 14, 4, 15], [5, 9, 6, 8], [7, 21, 8, 20], [9, 13, 10, 12]]"
12a_0561_158,"[[9, 13, 10, 12], [11, 1, 12, 24], [13, 22, 14, 23], [15, 19, 16, 18], [17, 3, 18, 2], [19, 7, 20, 6], [21, 4, 22, 5], [23, 11, 24, 10], [1, 17, 2, 16], [3, 14, 4, 15], [5, 9, 6, 8], [7, 21, 8, 20]]"
12a_0561_159,"[[7, 21, 8, 20], [9, 13, 10, 12], [11, 1, 12, 24], [13, 22, 14, 23], [15, 19, 16, 18], [17, 3, 18, 2], [19, 7, 20, 6], [21, 4, 22, 5], [23, 11, 24, 10], [1, 17, 2, 16], [3, 14, 4, 15], [5, 9, 6, 8]]"
12a_0561_160,"[[5, 9, 6, 8], [7, 21, 8, 20], [9, 13, 10, 12], [11, 1, 12, 24], [13, 22, 14, 23], [15, 19, 16, 18], [17, 3, 18, 2], [19, 7, 20, 6], [21, 4, 22, 5], [23, 11, 24, 10], [1, 17, 2, 16], [3, 14, 4, 15]]"
12a_0561_161,"[[3, 14, 4, 15], [5, 9, 6, 8], [7, 21, 8, 20], [9, 13, 10, 12], [11, 1, 12, 24], [13, 22, 14, 23], [15, 19, 16, 18], [17, 3, 18, 2], [19, 7, 20, 6], [21, 4, 22, 5], [23, 11, 24, 10], [1, 17, 2, 16]]"
12a_0561_162,"[[1, 17, 2, 16], [3, 14, 4, 15], [5, 9, 6, 8], [7, 21, 8, 20], [9, 13, 10, 12], [11, 1, 12, 24], [13, 22, 14, 23], [15, 19, 16, 18], [17, 3, 18, 2], [19, 7, 20, 6], [21, 4, 22, 5], [23, 11, 24, 10]]"
12a_0561_163,"[[23, 11, 24, 10], [1, 17, 2, 16], [3, 14, 4, 15], [5, 9, 6, 8], [7, 21, 8, 20], [9, 13, 10, 12], [11, 1, 12, 24], [13, 22, 14, 23], [15, 19, 16, 18], [17, 3, 18, 2], [19, 7, 20, 6], [21, 4, 22, 5]]"
12a_0561_164,"[[21, 4, 22, 5], [23, 11, 24, 10], [1, 17, 2, 16], [3, 14, 4, 15], [5, 9, 6, 8], [7, 21, 8, 20], [9, 13, 10, 12], [11, 1, 12, 24], [13, 22, 14, 23], [15, 19, 16, 18], [17, 3, 18, 2], [19, 7, 20, 6]]"
12a_0561_165,"[[19, 7, 20, 6], [21, 4, 22, 5], [23, 11, 24, 10], [1, 17, 2, 16], [3, 14, 4, 15], [5, 9, 6, 8], [7, 21, 8, 20], [9, 13, 10, 12], [11, 1, 12, 24], [13, 22, 14, 23], [15, 19, 16, 18], [17, 3, 18, 2]]"
12a_0561_166,"[[17, 3, 18, 2], [19, 7, 20, 6], [21, 4, 22, 5], [23, 11, 24, 10], [1, 17, 2, 16], [3, 14, 4, 15], [5, 9, 6, 8], [7, 21, 8, 20], [9, 13, 10, 12], [11, 1, 12, 24], [13, 22, 14, 23], [15, 19, 16, 18]]"
12a_0561_167,"[[15, 19, 16, 18], [17, 3, 18, 2], [19, 7, 20, 6], [21, 4, 22, 5], [23, 11, 24, 10], [1, 17, 2, 16], [3, 14, 4, 15], [5, 9, 6, 8], [7, 21, 8, 20], [9, 13, 10, 12], [11, 1, 12, 24], [13, 22, 14, 23]]"
12a_0561_168,"[[14, 23, 15, 24], [16, 20, 17, 19], [18, 4, 19, 3], [20, 8, 21, 7], [22, 5, 23, 6], [24, 12, 1, 11], [2, 18, 3, 17], [4, 15, 5, 16], [6, 10, 7, 9], [8, 22, 9, 21], [10, 14, 11, 13], [12, 2, 13, 1]]"
12a_0561_169,"[[12, 2, 13, 1], [14, 23, 15, 24], [16, 20, 17, 19], [18, 4, 19, 3], [20, 8, 21, 7], [22, 5, 23, 6], [24, 12, 1, 11], [2, 18, 3, 17], [4, 15, 5, 16], [6, 10, 7, 9], [8, 22, 9, 21], [10, 14, 11, 13]]"
12a_0561_170,"[[10, 14, 11, 13], [12, 2, 13, 1], [14, 23, 15, 24], [16, 20, 17, 19], [18, 4, 19, 3], [20, 8, 21, 7], [22, 5, 23, 6], [24, 12, 1, 11], [2, 18, 3, 17], [4, 15, 5, 16], [6, 10, 7, 9], [8, 22, 9, 21]]"
12a_0561_171,"[[8, 22, 9, 21], [10, 14, 11, 13], [12, 2, 13, 1], [14, 23, 15, 24], [16, 20, 17, 19], [18, 4, 19, 3], [20, 8, 21, 7], [22, 5, 23, 6], [24, 12, 1, 11], [2, 18, 3, 17], [4, 15, 5, 16], [6, 10, 7, 9]]"
12a_0561_172,"[[6, 10, 7, 9], [8, 22, 9, 21], [10, 14, 11, 13], [12, 2, 13, 1], [14, 23, 15, 24], [16, 20, 17, 19], [18, 4, 19, 3], [20, 8, 21, 7], [22, 5, 23, 6], [24, 12, 1, 11], [2, 18, 3, 17], [4, 15, 5, 16]]"
12a_0561_173,"[[4, 15, 5, 16], [6, 10, 7, 9], [8, 22, 9, 21], [10, 14, 11, 13], [12, 2, 13, 1], [14, 23, 15, 24], [16, 20, 17, 19], [18, 4, 19, 3], [20, 8, 21, 7], [22, 5, 23, 6], [24, 12, 1, 11], [2, 18, 3, 17]]"
12a_0561_174,"[[2, 18, 3, 17], [4, 15, 5, 16], [6, 10, 7, 9], [8, 22, 9, 21], [10, 14, 11, 13], [12, 2, 13, 1], [14, 23, 15, 24], [16, 20, 17, 19], [18, 4, 19, 3], [20, 8, 21, 7], [22, 5, 23, 6], [24, 12, 1, 11]]"
12a_0561_175,"[[24, 12, 1, 11], [2, 18, 3, 17], [4, 15, 5, 16], [6, 10, 7, 9], [8, 22, 9, 21], [10, 14, 11, 13], [12, 2, 13, 1], [14, 23, 15, 24], [16, 20, 17, 19], [18, 4, 19, 3], [20, 8, 21, 7], [22, 5, 23, 6]]"
12a_0561_176,"[[22, 5, 23, 6], [24, 12, 1, 11], [2, 18, 3, 17], [4, 15, 5, 16], [6, 10, 7, 9], [8, 22, 9, 21], [10, 14, 11, 13], [12, 2, 13, 1], [14, 23, 15, 24], [16, 20, 17, 19], [18, 4, 19, 3], [20, 8, 21, 7]]"
12a_0561_177,"[[20, 8, 21, 7], [22, 5, 23, 6], [24, 12, 1, 11], [2, 18, 3, 17], [4, 15, 5, 16], [6, 10, 7, 9], [8, 22, 9, 21], [10, 14, 11, 13], [12, 2, 13, 1], [14, 23, 15, 24], [16, 20, 17, 19], [18, 4, 19, 3]]"
12a_0561_178,"[[18, 4, 19, 3], [20, 8, 21, 7], [22, 5, 23, 6], [24, 12, 1, 11], [2, 18, 3, 17], [4, 15, 5, 16], [6, 10, 7, 9], [8, 22, 9, 21], [10, 14, 11, 13], [12, 2, 13, 1], [14, 23, 15, 24], [16, 20, 17, 19]]"
12a_0561_179,"[[16, 20, 17, 19], [18, 4, 19, 3], [20, 8, 21, 7], [22, 5, 23, 6], [24, 12, 1, 11], [2, 18, 3, 17], [4, 15, 5, 16], [6, 10, 7, 9], [8, 22, 9, 21], [10, 14, 11, 13], [12, 2, 13, 1], [14, 23, 15, 24]]"
12a_0561_180,"[[15, 24, 16, 1], [17, 21, 18, 20], [19, 5, 20, 4], [21, 9, 22, 8], [23, 6, 24, 7], [1, 13, 2, 12], [3, 19, 4, 18], [5, 16, 6, 17], [7, 11, 8, 10], [9, 23, 10, 22], [11, 15, 12, 14], [13, 3, 14, 2]]"
12a_0561_181,"[[13, 3, 14, 2], [15, 24, 16, 1], [17, 21, 18, 20], [19, 5, 20, 4], [21, 9, 22, 8], [23, 6, 24, 7], [1, 13, 2, 12], [3, 19, 4, 18], [5, 16, 6, 17], [7, 11, 8, 10], [9, 23, 10, 22], [11, 15, 12, 14]]"
12a_0561_182,"[[11, 15, 12, 14], [13, 3, 14, 2], [15, 24, 16, 1], [17, 21, 18, 20], [19, 5, 20, 4], [21, 9, 22, 8], [23, 6, 24, 7], [1, 13, 2, 12], [3, 19, 4, 18], [5, 16, 6, 17], [7, 11, 8, 10], [9, 23, 10, 22]]"
12a_0561_183,"[[9, 23, 10, 22], [11, 15, 12, 14], [13, 3, 14, 2], [15, 24, 16, 1], [17, 21, 18, 20], [19, 5, 20, 4], [21, 9, 22, 8], [23, 6, 24, 7], [1, 13, 2, 12], [3, 19, 4, 18], [5, 16, 6, 17], [7, 11, 8, 10]]"
12a_0561_184,"[[7, 11, 8, 10], [9, 23, 10, 22], [11, 15, 12, 14], [13, 3, 14, 2], [15, 24, 16, 1], [17, 21, 18, 20], [19, 5, 20, 4], [21, 9, 22, 8], [23, 6, 24, 7], [1, 13, 2, 12], [3, 19, 4, 18], [5, 16, 6, 17]]"
12a_0561_185,"[[5, 16, 6, 17], [7, 11, 8, 10], [9, 23, 10, 22], [11, 15, 12, 14], [13, 3, 14, 2], [15, 24, 16, 1], [17, 21, 18, 20], [19, 5, 20, 4], [21, 9, 22, 8], [23, 6, 24, 7], [1, 13, 2, 12], [3, 19, 4, 18]]"
