name,pd_notation
12a_0645_0,"[[24, 7, 1, 8], [2, 6, 3, 5], [4, 14, 5, 13], [6, 20, 7, 19], [8, 21, 9, 22], [10, 18, 11, 17], [12, 4, 13, 3], [14, 10, 15, 9], [16, 23, 17, 24], [18, 12, 19, 11], [20, 2, 21, 1], [22, 15, 23, 16]]"
12a_0645_1,"[[22, 15, 23, 16], [24, 7, 1, 8], [2, 6, 3, 5], [4, 14, 5, 13], [6, 20, 7, 19], [8, 21, 9, 22], [10, 18, 11, 17], [12, 4, 13, 3], [14, 10, 15, 9], [16, 23, 17, 24], [18, 12, 19, 11], [20, 2, 21, 1]]"
12a_0645_2,"[[20, 2, 21, 1], [22, 15, 23, 16], [24, 7, 1, 8], [2, 6, 3, 5], [4, 14, 5, 13], [6, 20, 7, 19], [8, 21, 9, 22], [10, 18, 11, 17], [12, 4, 13, 3], [14, 10, 15, 9], [16, 23, 17, 24], [18, 12, 19, 11]]"
12a_0645_3,"[[18, 12, 19, 11], [20, 2, 21, 1], [22, 15, 23, 16], [24, 7, 1, 8], [2, 6, 3, 5], [4, 14, 5, 13], [6, 20, 7, 19], [8, 21, 9, 22], [10, 18, 11, 17], [12, 4, 13, 3], [14, 10, 15, 9], [16, 23, 17, 24]]"
12a_0645_4,"[[16, 23, 17, 24], [18, 12, 19, 11], [20, 2, 21, 1], [22, 15, 23, 16], [24, 7, 1, 8], [2, 6, 3, 5], [4, 14, 5, 13], [6, 20, 7, 19], [8, 21, 9, 22], [10, 18, 11, 17], [12, 4, 13, 3], [14, 10, 15, 9]]"
12a_0645_5,"[[14, 10, 15, 9], [16, 23, 17, 24], [18, 12, 19, 11], [20, 2, 21, 1], [22, 15, 23, 16], [24, 7, 1, 8], [2, 6, 3, 5], [4, 14, 5, 13], [6, 20, 7, 19], [8, 21, 9, 22], [10, 18, 11, 17], [12, 4, 13, 3]]"
12a_0645_6,"[[12, 4, 13, 3], [14, 10, 15, 9], [16, 23, 17, 24], [18, 12, 19, 11], [20, 2, 21, 1], [22, 15, 23, 16], [24, 7, 1, 8], [2, 6, 3, 5], [4, 14, 5, 13], [6, 20, 7, 19], [8, 21, 9, 22], [10, 18, 11, 17]]"
12a_0645_7,"[[10, 18, 11, 17], [12, 4, 13, 3], [14, 10, 15, 9], [16, 23, 17, 24], [18, 12, 19, 11], [20, 2, 21, 1], [22, 15, 23, 16], [24, 7, 1, 8], [2, 6, 3, 5], [4, 14, 5, 13], [6, 20, 7, 19], [8, 21, 9, 22]]"
12a_0645_8,"[[8, 21, 9, 22], [10, 18, 11, 17], [12, 4, 13, 3], [14, 10, 15, 9], [16, 23, 17, 24], [18, 12, 19, 11], [20, 2, 21, 1], [22, 15, 23, 16], [24, 7, 1, 8], [2, 6, 3, 5], [4, 14, 5, 13], [6, 20, 7, 19]]"
12a_0645_9,"[[6, 20, 7, 19], [8, 21, 9, 22], [10, 18, 11, 17], [12, 4, 13, 3], [14, 10, 15, 9], [16, 23, 17, 24], [18, 12, 19, 11], [20, 2, 21, 1], [22, 15, 23, 16], [24, 7, 1, 8], [2, 6, 3, 5], [4, 14, 5, 13]]"
12a_0645_10,"[[4, 14, 5, 13], [6, 20, 7, 19], [8, 21, 9, 22], [10, 18, 11, 17], [12, 4, 13, 3], [14, 10, 15, 9], [16, 23, 17, 24], [18, 12, 19, 11], [20, 2, 21, 1], [22, 15, 23, 16], [24, 7, 1, 8], [2, 6, 3, 5]]"
12a_0645_11,"[[2, 6, 3, 5], [4, 14, 5, 13], [6, 20, 7, 19], [8, 21, 9, 22], [10, 18, 11, 17], [12, 4, 13, 3], [14, 10, 15, 9], [16, 23, 17, 24], [18, 12, 19, 11], [20, 2, 21, 1], [22, 15, 23, 16], [24, 7, 1, 8]]"
12a_0645_12,"[[1, 8, 2, 9], [3, 7, 4, 6], [5, 15, 6, 14], [7, 21, 8, 20], [9, 22, 10, 23], [11, 19, 12, 18], [13, 5, 14, 4], [15, 11, 16, 10], [17, 24, 18, 1], [19, 13, 20, 12], [21, 3, 22, 2], [23, 16, 24, 17]]"
12a_0645_13,"[[23, 16, 24, 17], [1, 8, 2, 9], [3, 7, 4, 6], [5, 15, 6, 14], [7, 21, 8, 20], [9, 22, 10, 23], [11, 19, 12, 18], [13, 5, 14, 4], [15, 11, 16, 10], [17, 24, 18, 1], [19, 13, 20, 12], [21, 3, 22, 2]]"
12a_0645_14,"[[21, 3, 22, 2], [23, 16, 24, 17], [1, 8, 2, 9], [3, 7, 4, 6], [5, 15, 6, 14], [7, 21, 8, 20], [9, 22, 10, 23], [11, 19, 12, 18], [13, 5, 14, 4], [15, 11, 16, 10], [17, 24, 18, 1], [19, 13, 20, 12]]"
12a_0645_15,"[[19, 13, 20, 12], [21, 3, 22, 2], [23, 16, 24, 17], [1, 8, 2, 9], [3, 7, 4, 6], [5, 15, 6, 14], [7, 21, 8, 20], [9, 22, 10, 23], [11, 19, 12, 18], [13, 5, 14, 4], [15, 11, 16, 10], [17, 24, 18, 1]]"
12a_0645_16,"[[17, 24, 18, 1], [19, 13, 20, 12], [21, 3, 22, 2], [23, 16, 24, 17], [1, 8, 2, 9], [3, 7, 4, 6], [5, 15, 6, 14], [7, 21, 8, 20], [9, 22, 10, 23], [11, 19, 12, 18], [13, 5, 14, 4], [15, 11, 16, 10]]"
12a_0645_17,"[[15, 11, 16, 10], [17, 24, 18, 1], [19, 13, 20, 12], [21, 3, 22, 2], [23, 16, 24, 17], [1, 8, 2, 9], [3, 7, 4, 6], [5, 15, 6, 14], [7, 21, 8, 20], [9, 22, 10, 23], [11, 19, 12, 18], [13, 5, 14, 4]]"
12a_0645_18,"[[13, 5, 14, 4], [15, 11, 16, 10], [17, 24, 18, 1], [19, 13, 20, 12], [21, 3, 22, 2], [23, 16, 24, 17], [1, 8, 2, 9], [3, 7, 4, 6], [5, 15, 6, 14], [7, 21, 8, 20], [9, 22, 10, 23], [11, 19, 12, 18]]"
12a_0645_19,"[[11, 19, 12, 18], [13, 5, 14, 4], [15, 11, 16, 10], [17, 24, 18, 1], [19, 13, 20, 12], [21, 3, 22, 2], [23, 16, 24, 17], [1, 8, 2, 9], [3, 7, 4, 6], [5, 15, 6, 14], [7, 21, 8, 20], [9, 22, 10, 23]]"
12a_0645_20,"[[9, 22, 10, 23], [11, 19, 12, 18], [13, 5, 14, 4], [15, 11, 16, 10], [17, 24, 18, 1], [19, 13, 20, 12], [21, 3, 22, 2], [23, 16, 24, 17], [1, 8, 2, 9], [3, 7, 4, 6], [5, 15, 6, 14], [7, 21, 8, 20]]"
12a_0645_21,"[[7, 21, 8, 20], [9, 22, 10, 23], [11, 19, 12, 18], [13, 5, 14, 4], [15, 11, 16, 10], [17, 24, 18, 1], [19, 13, 20, 12], [21, 3, 22, 2], [23, 16, 24, 17], [1, 8, 2, 9], [3, 7, 4, 6], [5, 15, 6, 14]]"
12a_0645_22,"[[5, 15, 6, 14], [7, 21, 8, 20], [9, 22, 10, 23], [11, 19, 12, 18], [13, 5, 14, 4], [15, 11, 16, 10], [17, 24, 18, 1], [19, 13, 20, 12], [21, 3, 22, 2], [23, 16, 24, 17], [1, 8, 2, 9], [3, 7, 4, 6]]"
12a_0645_23,"[[3, 7, 4, 6], [5, 15, 6, 14], [7, 21, 8, 20], [9, 22, 10, 23], [11, 19, 12, 18], [13, 5, 14, 4], [15, 11, 16, 10], [17, 24, 18, 1], [19, 13, 20, 12], [21, 3, 22, 2], [23, 16, 24, 17], [1, 8, 2, 9]]"
12a_0645_24,"[[2, 9, 3, 10], [4, 8, 5, 7], [6, 16, 7, 15], [8, 22, 9, 21], [10, 23, 11, 24], [12, 20, 13, 19], [14, 6, 15, 5], [16, 12, 17, 11], [18, 1, 19, 2], [20, 14, 21, 13], [22, 4, 23, 3], [24, 17, 1, 18]]"
12a_0645_25,"[[24, 17, 1, 18], [2, 9, 3, 10], [4, 8, 5, 7], [6, 16, 7, 15], [8, 22, 9, 21], [10, 23, 11, 24], [12, 20, 13, 19], [14, 6, 15, 5], [16, 12, 17, 11], [18, 1, 19, 2], [20, 14, 21, 13], [22, 4, 23, 3]]"
12a_0645_26,"[[22, 4, 23, 3], [24, 17, 1, 18], [2, 9, 3, 10], [4, 8, 5, 7], [6, 16, 7, 15], [8, 22, 9, 21], [10, 23, 11, 24], [12, 20, 13, 19], [14, 6, 15, 5], [16, 12, 17, 11], [18, 1, 19, 2], [20, 14, 21, 13]]"
12a_0645_27,"[[20, 14, 21, 13], [22, 4, 23, 3], [24, 17, 1, 18], [2, 9, 3, 10], [4, 8, 5, 7], [6, 16, 7, 15], [8, 22, 9, 21], [10, 23, 11, 24], [12, 20, 13, 19], [14, 6, 15, 5], [16, 12, 17, 11], [18, 1, 19, 2]]"
12a_0645_28,"[[18, 1, 19, 2], [20, 14, 21, 13], [22, 4, 23, 3], [24, 17, 1, 18], [2, 9, 3, 10], [4, 8, 5, 7], [6, 16, 7, 15], [8, 22, 9, 21], [10, 23, 11, 24], [12, 20, 13, 19], [14, 6, 15, 5], [16, 12, 17, 11]]"
12a_0645_29,"[[16, 12, 17, 11], [18, 1, 19, 2], [20, 14, 21, 13], [22, 4, 23, 3], [24, 17, 1, 18], [2, 9, 3, 10], [4, 8, 5, 7], [6, 16, 7, 15], [8, 22, 9, 21], [10, 23, 11, 24], [12, 20, 13, 19], [14, 6, 15, 5]]"
12a_0645_30,"[[14, 6, 15, 5], [16, 12, 17, 11], [18, 1, 19, 2], [20, 14, 21, 13], [22, 4, 23, 3], [24, 17, 1, 18], [2, 9, 3, 10], [4, 8, 5, 7], [6, 16, 7, 15], [8, 22, 9, 21], [10, 23, 11, 24], [12, 20, 13, 19]]"
12a_0645_31,"[[12, 20, 13, 19], [14, 6, 15, 5], [16, 12, 17, 11], [18, 1, 19, 2], [20, 14, 21, 13], [22, 4, 23, 3], [24, 17, 1, 18], [2, 9, 3, 10], [4, 8, 5, 7], [6, 16, 7, 15], [8, 22, 9, 21], [10, 23, 11, 24]]"
12a_0645_32,"[[10, 23, 11, 24], [12, 20, 13, 19], [14, 6, 15, 5], [16, 12, 17, 11], [18, 1, 19, 2], [20, 14, 21, 13], [22, 4, 23, 3], [24, 17, 1, 18], [2, 9, 3, 10], [4, 8, 5, 7], [6, 16, 7, 15], [8, 22, 9, 21]]"
12a_0645_33,"[[8, 22, 9, 21], [10, 23, 11, 24], [12, 20, 13, 19], [14, 6, 15, 5], [16, 12, 17, 11], [18, 1, 19, 2], [20, 14, 21, 13], [22, 4, 23, 3], [24, 17, 1, 18], [2, 9, 3, 10], [4, 8, 5, 7], [6, 16, 7, 15]]"
12a_0645_34,"[[6, 16, 7, 15], [8, 22, 9, 21], [10, 23, 11, 24], [12, 20, 13, 19], [14, 6, 15, 5], [16, 12, 17, 11], [18, 1, 19, 2], [20, 14, 21, 13], [22, 4, 23, 3], [24, 17, 1, 18], [2, 9, 3, 10], [4, 8, 5, 7]]"
12a_0645_35,"[[4, 8, 5, 7], [6, 16, 7, 15], [8, 22, 9, 21], [10, 23, 11, 24], [12, 20, 13, 19], [14, 6, 15, 5], [16, 12, 17, 11], [18, 1, 19, 2], [20, 14, 21, 13], [22, 4, 23, 3], [24, 17, 1, 18], [2, 9, 3, 10]]"
12a_0645_36,"[[3, 10, 4, 11], [5, 9, 6, 8], [7, 17, 8, 16], [9, 23, 10, 22], [11, 24, 12, 1], [13, 21, 14, 20], [15, 7, 16, 6], [17, 13, 18, 12], [19, 2, 20, 3], [21, 15, 22, 14], [23, 5, 24, 4], [1, 18, 2, 19]]"
12a_0645_37,"[[1, 18, 2, 19], [3, 10, 4, 11], [5, 9, 6, 8], [7, 17, 8, 16], [9, 23, 10, 22], [11, 24, 12, 1], [13, 21, 14, 20], [15, 7, 16, 6], [17, 13, 18, 12], [19, 2, 20, 3], [21, 15, 22, 14], [23, 5, 24, 4]]"
12a_0645_38,"[[23, 5, 24, 4], [1, 18, 2, 19], [3, 10, 4, 11], [5, 9, 6, 8], [7, 17, 8, 16], [9, 23, 10, 22], [11, 24, 12, 1], [13, 21, 14, 20], [15, 7, 16, 6], [17, 13, 18, 12], [19, 2, 20, 3], [21, 15, 22, 14]]"
12a_0645_39,"[[21, 15, 22, 14], [23, 5, 24, 4], [1, 18, 2, 19], [3, 10, 4, 11], [5, 9, 6, 8], [7, 17, 8, 16], [9, 23, 10, 22], [11, 24, 12, 1], [13, 21, 14, 20], [15, 7, 16, 6], [17, 13, 18, 12], [19, 2, 20, 3]]"
12a_0645_40,"[[19, 2, 20, 3], [21, 15, 22, 14], [23, 5, 24, 4], [1, 18, 2, 19], [3, 10, 4, 11], [5, 9, 6, 8], [7, 17, 8, 16], [9, 23, 10, 22], [11, 24, 12, 1], [13, 21, 14, 20], [15, 7, 16, 6], [17, 13, 18, 12]]"
12a_0645_41,"[[17, 13, 18, 12], [19, 2, 20, 3], [21, 15, 22, 14], [23, 5, 24, 4], [1, 18, 2, 19], [3, 10, 4, 11], [5, 9, 6, 8], [7, 17, 8, 16], [9, 23, 10, 22], [11, 24, 12, 1], [13, 21, 14, 20], [15, 7, 16, 6]]"
12a_0645_42,"[[15, 7, 16, 6], [17, 13, 18, 12], [19, 2, 20, 3], [21, 15, 22, 14], [23, 5, 24, 4], [1, 18, 2, 19], [3, 10, 4, 11], [5, 9, 6, 8], [7, 17, 8, 16], [9, 23, 10, 22], [11, 24, 12, 1], [13, 21, 14, 20]]"
12a_0645_43,"[[13, 21, 14, 20], [15, 7, 16, 6], [17, 13, 18, 12], [19, 2, 20, 3], [21, 15, 22, 14], [23, 5, 24, 4], [1, 18, 2, 19], [3, 10, 4, 11], [5, 9, 6, 8], [7, 17, 8, 16], [9, 23, 10, 22], [11, 24, 12, 1]]"
12a_0645_44,"[[11, 24, 12, 1], [13, 21, 14, 20], [15, 7, 16, 6], [17, 13, 18, 12], [19, 2, 20, 3], [21, 15, 22, 14], [23, 5, 24, 4], [1, 18, 2, 19], [3, 10, 4, 11], [5, 9, 6, 8], [7, 17, 8, 16], [9, 23, 10, 22]]"
12a_0645_45,"[[9, 23, 10, 22], [11, 24, 12, 1], [13, 21, 14, 20], [15, 7, 16, 6], [17, 13, 18, 12], [19, 2, 20, 3], [21, 15, 22, 14], [23, 5, 24, 4], [1, 18, 2, 19], [3, 10, 4, 11], [5, 9, 6, 8], [7, 17, 8, 16]]"
12a_0645_46,"[[7, 17, 8, 16], [9, 23, 10, 22], [11, 24, 12, 1], [13, 21, 14, 20], [15, 7, 16, 6], [17, 13, 18, 12], [19, 2, 20, 3], [21, 15, 22, 14], [23, 5, 24, 4], [1, 18, 2, 19], [3, 10, 4, 11], [5, 9, 6, 8]]"
12a_0645_47,"[[5, 9, 6, 8], [7, 17, 8, 16], [9, 23, 10, 22], [11, 24, 12, 1], [13, 21, 14, 20], [15, 7, 16, 6], [17, 13, 18, 12], [19, 2, 20, 3], [21, 15, 22, 14], [23, 5, 24, 4], [1, 18, 2, 19], [3, 10, 4, 11]]"
12a_0645_48,"[[4, 11, 5, 12], [6, 10, 7, 9], [8, 18, 9, 17], [10, 24, 11, 23], [12, 1, 13, 2], [14, 22, 15, 21], [16, 8, 17, 7], [18, 14, 19, 13], [20, 3, 21, 4], [22, 16, 23, 15], [24, 6, 1, 5], [2, 19, 3, 20]]"
12a_0645_49,"[[2, 19, 3, 20], [4, 11, 5, 12], [6, 10, 7, 9], [8, 18, 9, 17], [10, 24, 11, 23], [12, 1, 13, 2], [14, 22, 15, 21], [16, 8, 17, 7], [18, 14, 19, 13], [20, 3, 21, 4], [22, 16, 23, 15], [24, 6, 1, 5]]"
12a_0645_50,"[[24, 6, 1, 5], [2, 19, 3, 20], [4, 11, 5, 12], [6, 10, 7, 9], [8, 18, 9, 17], [10, 24, 11, 23], [12, 1, 13, 2], [14, 22, 15, 21], [16, 8, 17, 7], [18, 14, 19, 13], [20, 3, 21, 4], [22, 16, 23, 15]]"
12a_0645_51,"[[22, 16, 23, 15], [24, 6, 1, 5], [2, 19, 3, 20], [4, 11, 5, 12], [6, 10, 7, 9], [8, 18, 9, 17], [10, 24, 11, 23], [12, 1, 13, 2], [14, 22, 15, 21], [16, 8, 17, 7], [18, 14, 19, 13], [20, 3, 21, 4]]"
12a_0645_52,"[[20, 3, 21, 4], [22, 16, 23, 15], [24, 6, 1, 5], [2, 19, 3, 20], [4, 11, 5, 12], [6, 10, 7, 9], [8, 18, 9, 17], [10, 24, 11, 23], [12, 1, 13, 2], [14, 22, 15, 21], [16, 8, 17, 7], [18, 14, 19, 13]]"
12a_0645_53,"[[18, 14, 19, 13], [20, 3, 21, 4], [22, 16, 23, 15], [24, 6, 1, 5], [2, 19, 3, 20], [4, 11, 5, 12], [6, 10, 7, 9], [8, 18, 9, 17], [10, 24, 11, 23], [12, 1, 13, 2], [14, 22, 15, 21], [16, 8, 17, 7]]"
12a_0645_54,"[[16, 8, 17, 7], [18, 14, 19, 13], [20, 3, 21, 4], [22, 16, 23, 15], [24, 6, 1, 5], [2, 19, 3, 20], [4, 11, 5, 12], [6, 10, 7, 9], [8, 18, 9, 17], [10, 24, 11, 23], [12, 1, 13, 2], [14, 22, 15, 21]]"
12a_0645_55,"[[14, 22, 15, 21], [16, 8, 17, 7], [18, 14, 19, 13], [20, 3, 21, 4], [22, 16, 23, 15], [24, 6, 1, 5], [2, 19, 3, 20], [4, 11, 5, 12], [6, 10, 7, 9], [8, 18, 9, 17], [10, 24, 11, 23], [12, 1, 13, 2]]"
12a_0645_56,"[[12, 1, 13, 2], [14, 22, 15, 21], [16, 8, 17, 7], [18, 14, 19, 13], [20, 3, 21, 4], [22, 16, 23, 15], [24, 6, 1, 5], [2, 19, 3, 20], [4, 11, 5, 12], [6, 10, 7, 9], [8, 18, 9, 17], [10, 24, 11, 23]]"
12a_0645_57,"[[10, 24, 11, 23], [12, 1, 13, 2], [14, 22, 15, 21], [16, 8, 17, 7], [18, 14, 19, 13], [20, 3, 21, 4], [22, 16, 23, 15], [24, 6, 1, 5], [2, 19, 3, 20], [4, 11, 5, 12], [6, 10, 7, 9], [8, 18, 9, 17]]"
12a_0645_58,"[[8, 18, 9, 17], [10, 24, 11, 23], [12, 1, 13, 2], [14, 22, 15, 21], [16, 8, 17, 7], [18, 14, 19, 13], [20, 3, 21, 4], [22, 16, 23, 15], [24, 6, 1, 5], [2, 19, 3, 20], [4, 11, 5, 12], [6, 10, 7, 9]]"
12a_0645_59,"[[6, 10, 7, 9], [8, 18, 9, 17], [10, 24, 11, 23], [12, 1, 13, 2], [14, 22, 15, 21], [16, 8, 17, 7], [18, 14, 19, 13], [20, 3, 21, 4], [22, 16, 23, 15], [24, 6, 1, 5], [2, 19, 3, 20], [4, 11, 5, 12]]"
12a_0645_60,"[[5, 12, 6, 13], [7, 11, 8, 10], [9, 19, 10, 18], [11, 1, 12, 24], [13, 2, 14, 3], [15, 23, 16, 22], [17, 9, 18, 8], [19, 15, 20, 14], [21, 4, 22, 5], [23, 17, 24, 16], [1, 7, 2, 6], [3, 20, 4, 21]]"
12a_0645_61,"[[3, 20, 4, 21], [5, 12, 6, 13], [7, 11, 8, 10], [9, 19, 10, 18], [11, 1, 12, 24], [13, 2, 14, 3], [15, 23, 16, 22], [17, 9, 18, 8], [19, 15, 20, 14], [21, 4, 22, 5], [23, 17, 24, 16], [1, 7, 2, 6]]"
12a_0645_62,"[[1, 7, 2, 6], [3, 20, 4, 21], [5, 12, 6, 13], [7, 11, 8, 10], [9, 19, 10, 18], [11, 1, 12, 24], [13, 2, 14, 3], [15, 23, 16, 22], [17, 9, 18, 8], [19, 15, 20, 14], [21, 4, 22, 5], [23, 17, 24, 16]]"
12a_0645_63,"[[23, 17, 24, 16], [1, 7, 2, 6], [3, 20, 4, 21], [5, 12, 6, 13], [7, 11, 8, 10], [9, 19, 10, 18], [11, 1, 12, 24], [13, 2, 14, 3], [15, 23, 16, 22], [17, 9, 18, 8], [19, 15, 20, 14], [21, 4, 22, 5]]"
12a_0645_64,"[[21, 4, 22, 5], [23, 17, 24, 16], [1, 7, 2, 6], [3, 20, 4, 21], [5, 12, 6, 13], [7, 11, 8, 10], [9, 19, 10, 18], [11, 1, 12, 24], [13, 2, 14, 3], [15, 23, 16, 22], [17, 9, 18, 8], [19, 15, 20, 14]]"
12a_0645_65,"[[19, 15, 20, 14], [21, 4, 22, 5], [23, 17, 24, 16], [1, 7, 2, 6], [3, 20, 4, 21], [5, 12, 6, 13], [7, 11, 8, 10], [9, 19, 10, 18], [11, 1, 12, 24], [13, 2, 14, 3], [15, 23, 16, 22], [17, 9, 18, 8]]"
12a_0645_66,"[[17, 9, 18, 8], [19, 15, 20, 14], [21, 4, 22, 5], [23, 17, 24, 16], [1, 7, 2, 6], [3, 20, 4, 21], [5, 12, 6, 13], [7, 11, 8, 10], [9, 19, 10, 18], [11, 1, 12, 24], [13, 2, 14, 3], [15, 23, 16, 22]]"
12a_0645_67,"[[15, 23, 16, 22], [17, 9, 18, 8], [19, 15, 20, 14], [21, 4, 22, 5], [23, 17, 24, 16], [1, 7, 2, 6], [3, 20, 4, 21], [5, 12, 6, 13], [7, 11, 8, 10], [9, 19, 10, 18], [11, 1, 12, 24], [13, 2, 14, 3]]"
12a_0645_68,"[[13, 2, 14, 3], [15, 23, 16, 22], [17, 9, 18, 8], [19, 15, 20, 14], [21, 4, 22, 5], [23, 17, 24, 16], [1, 7, 2, 6], [3, 20, 4, 21], [5, 12, 6, 13], [7, 11, 8, 10], [9, 19, 10, 18], [11, 1, 12, 24]]"
12a_0645_69,"[[11, 1, 12, 24], [13, 2, 14, 3], [15, 23, 16, 22], [17, 9, 18, 8], [19, 15, 20, 14], [21, 4, 22, 5], [23, 17, 24, 16], [1, 7, 2, 6], [3, 20, 4, 21], [5, 12, 6, 13], [7, 11, 8, 10], [9, 19, 10, 18]]"
12a_0645_70,"[[9, 19, 10, 18], [11, 1, 12, 24], [13, 2, 14, 3], [15, 23, 16, 22], [17, 9, 18, 8], [19, 15, 20, 14], [21, 4, 22, 5], [23, 17, 24, 16], [1, 7, 2, 6], [3, 20, 4, 21], [5, 12, 6, 13], [7, 11, 8, 10]]"
12a_0645_71,"[[7, 11, 8, 10], [9, 19, 10, 18], [11, 1, 12, 24], [13, 2, 14, 3], [15, 23, 16, 22], [17, 9, 18, 8], [19, 15, 20, 14], [21, 4, 22, 5], [23, 17, 24, 16], [1, 7, 2, 6], [3, 20, 4, 21], [5, 12, 6, 13]]"
12a_0645_72,"[[6, 13, 7, 14], [8, 12, 9, 11], [10, 20, 11, 19], [12, 2, 13, 1], [14, 3, 15, 4], [16, 24, 17, 23], [18, 10, 19, 9], [20, 16, 21, 15], [22, 5, 23, 6], [24, 18, 1, 17], [2, 8, 3, 7], [4, 21, 5, 22]]"
12a_0645_73,"[[4, 21, 5, 22], [6, 13, 7, 14], [8, 12, 9, 11], [10, 20, 11, 19], [12, 2, 13, 1], [14, 3, 15, 4], [16, 24, 17, 23], [18, 10, 19, 9], [20, 16, 21, 15], [22, 5, 23, 6], [24, 18, 1, 17], [2, 8, 3, 7]]"
12a_0645_74,"[[2, 8, 3, 7], [4, 21, 5, 22], [6, 13, 7, 14], [8, 12, 9, 11], [10, 20, 11, 19], [12, 2, 13, 1], [14, 3, 15, 4], [16, 24, 17, 23], [18, 10, 19, 9], [20, 16, 21, 15], [22, 5, 23, 6], [24, 18, 1, 17]]"
12a_0645_75,"[[24, 18, 1, 17], [2, 8, 3, 7], [4, 21, 5, 22], [6, 13, 7, 14], [8, 12, 9, 11], [10, 20, 11, 19], [12, 2, 13, 1], [14, 3, 15, 4], [16, 24, 17, 23], [18, 10, 19, 9], [20, 16, 21, 15], [22, 5, 23, 6]]"
12a_0645_76,"[[22, 5, 23, 6], [24, 18, 1, 17], [2, 8, 3, 7], [4, 21, 5, 22], [6, 13, 7, 14], [8, 12, 9, 11], [10, 20, 11, 19], [12, 2, 13, 1], [14, 3, 15, 4], [16, 24, 17, 23], [18, 10, 19, 9], [20, 16, 21, 15]]"
12a_0645_77,"[[20, 16, 21, 15], [22, 5, 23, 6], [24, 18, 1, 17], [2, 8, 3, 7], [4, 21, 5, 22], [6, 13, 7, 14], [8, 12, 9, 11], [10, 20, 11, 19], [12, 2, 13, 1], [14, 3, 15, 4], [16, 24, 17, 23], [18, 10, 19, 9]]"
12a_0645_78,"[[18, 10, 19, 9], [20, 16, 21, 15], [22, 5, 23, 6], [24, 18, 1, 17], [2, 8, 3, 7], [4, 21, 5, 22], [6, 13, 7, 14], [8, 12, 9, 11], [10, 20, 11, 19], [12, 2, 13, 1], [14, 3, 15, 4], [16, 24, 17, 23]]"
12a_0645_79,"[[16, 24, 17, 23], [18, 10, 19, 9], [20, 16, 21, 15], [22, 5, 23, 6], [24, 18, 1, 17], [2, 8, 3, 7], [4, 21, 5, 22], [6, 13, 7, 14], [8, 12, 9, 11], [10, 20, 11, 19], [12, 2, 13, 1], [14, 3, 15, 4]]"
12a_0645_80,"[[14, 3, 15, 4], [16, 24, 17, 23], [18, 10, 19, 9], [20, 16, 21, 15], [22, 5, 23, 6], [24, 18, 1, 17], [2, 8, 3, 7], [4, 21, 5, 22], [6, 13, 7, 14], [8, 12, 9, 11], [10, 20, 11, 19], [12, 2, 13, 1]]"
12a_0645_81,"[[12, 2, 13, 1], [14, 3, 15, 4], [16, 24, 17, 23], [18, 10, 19, 9], [20, 16, 21, 15], [22, 5, 23, 6], [24, 18, 1, 17], [2, 8, 3, 7], [4, 21, 5, 22], [6, 13, 7, 14], [8, 12, 9, 11], [10, 20, 11, 19]]"
12a_0645_82,"[[10, 20, 11, 19], [12, 2, 13, 1], [14, 3, 15, 4], [16, 24, 17, 23], [18, 10, 19, 9], [20, 16, 21, 15], [22, 5, 23, 6], [24, 18, 1, 17], [2, 8, 3, 7], [4, 21, 5, 22], [6, 13, 7, 14], [8, 12, 9, 11]]"
12a_0645_83,"[[8, 12, 9, 11], [10, 20, 11, 19], [12, 2, 13, 1], [14, 3, 15, 4], [16, 24, 17, 23], [18, 10, 19, 9], [20, 16, 21, 15], [22, 5, 23, 6], [24, 18, 1, 17], [2, 8, 3, 7], [4, 21, 5, 22], [6, 13, 7, 14]]"
12a_0645_84,"[[7, 14, 8, 15], [9, 13, 10, 12], [11, 21, 12, 20], [13, 3, 14, 2], [15, 4, 16, 5], [17, 1, 18, 24], [19, 11, 20, 10], [21, 17, 22, 16], [23, 6, 24, 7], [1, 19, 2, 18], [3, 9, 4, 8], [5, 22, 6, 23]]"
12a_0645_85,"[[5, 22, 6, 23], [7, 14, 8, 15], [9, 13, 10, 12], [11, 21, 12, 20], [13, 3, 14, 2], [15, 4, 16, 5], [17, 1, 18, 24], [19, 11, 20, 10], [21, 17, 22, 16], [23, 6, 24, 7], [1, 19, 2, 18], [3, 9, 4, 8]]"
12a_0645_86,"[[3, 9, 4, 8], [5, 22, 6, 23], [7, 14, 8, 15], [9, 13, 10, 12], [11, 21, 12, 20], [13, 3, 14, 2], [15, 4, 16, 5], [17, 1, 18, 24], [19, 11, 20, 10], [21, 17, 22, 16], [23, 6, 24, 7], [1, 19, 2, 18]]"
12a_0645_87,"[[1, 19, 2, 18], [3, 9, 4, 8], [5, 22, 6, 23], [7, 14, 8, 15], [9, 13, 10, 12], [11, 21, 12, 20], [13, 3, 14, 2], [15, 4, 16, 5], [17, 1, 18, 24], [19, 11, 20, 10], [21, 17, 22, 16], [23, 6, 24, 7]]"
12a_0645_88,"[[23, 6, 24, 7], [1, 19, 2, 18], [3, 9, 4, 8], [5, 22, 6, 23], [7, 14, 8, 15], [9, 13, 10, 12], [11, 21, 12, 20], [13, 3, 14, 2], [15, 4, 16, 5], [17, 1, 18, 24], [19, 11, 20, 10], [21, 17, 22, 16]]"
12a_0645_89,"[[21, 17, 22, 16], [23, 6, 24, 7], [1, 19, 2, 18], [3, 9, 4, 8], [5, 22, 6, 23], [7, 14, 8, 15], [9, 13, 10, 12], [11, 21, 12, 20], [13, 3, 14, 2], [15, 4, 16, 5], [17, 1, 18, 24], [19, 11, 20, 10]]"
12a_0645_90,"[[19, 11, 20, 10], [21, 17, 22, 16], [23, 6, 24, 7], [1, 19, 2, 18], [3, 9, 4, 8], [5, 22, 6, 23], [7, 14, 8, 15], [9, 13, 10, 12], [11, 21, 12, 20], [13, 3, 14, 2], [15, 4, 16, 5], [17, 1, 18, 24]]"
12a_0645_91,"[[17, 1, 18, 24], [19, 11, 20, 10], [21, 17, 22, 16], [23, 6, 24, 7], [1, 19, 2, 18], [3, 9, 4, 8], [5, 22, 6, 23], [7, 14, 8, 15], [9, 13, 10, 12], [11, 21, 12, 20], [13, 3, 14, 2], [15, 4, 16, 5]]"
12a_0645_92,"[[15, 4, 16, 5], [17, 1, 18, 24], [19, 11, 20, 10], [21, 17, 22, 16], [23, 6, 24, 7], [1, 19, 2, 18], [3, 9, 4, 8], [5, 22, 6, 23], [7, 14, 8, 15], [9, 13, 10, 12], [11, 21, 12, 20], [13, 3, 14, 2]]"
12a_0645_93,"[[13, 3, 14, 2], [15, 4, 16, 5], [17, 1, 18, 24], [19, 11, 20, 10], [21, 17, 22, 16], [23, 6, 24, 7], [1, 19, 2, 18], [3, 9, 4, 8], [5, 22, 6, 23], [7, 14, 8, 15], [9, 13, 10, 12], [11, 21, 12, 20]]"
12a_0645_94,"[[11, 21, 12, 20], [13, 3, 14, 2], [15, 4, 16, 5], [17, 1, 18, 24], [19, 11, 20, 10], [21, 17, 22, 16], [23, 6, 24, 7], [1, 19, 2, 18], [3, 9, 4, 8], [5, 22, 6, 23], [7, 14, 8, 15], [9, 13, 10, 12]]"
12a_0645_95,"[[9, 13, 10, 12], [11, 21, 12, 20], [13, 3, 14, 2], [15, 4, 16, 5], [17, 1, 18, 24], [19, 11, 20, 10], [21, 17, 22, 16], [23, 6, 24, 7], [1, 19, 2, 18], [3, 9, 4, 8], [5, 22, 6, 23], [7, 14, 8, 15]]"
12a_0645_96,"[[8, 15, 9, 16], [10, 14, 11, 13], [12, 22, 13, 21], [14, 4, 15, 3], [16, 5, 17, 6], [18, 2, 19, 1], [20, 12, 21, 11], [22, 18, 23, 17], [24, 7, 1, 8], [2, 20, 3, 19], [4, 10, 5, 9], [6, 23, 7, 24]]"
12a_0645_97,"[[6, 23, 7, 24], [8, 15, 9, 16], [10, 14, 11, 13], [12, 22, 13, 21], [14, 4, 15, 3], [16, 5, 17, 6], [18, 2, 19, 1], [20, 12, 21, 11], [22, 18, 23, 17], [24, 7, 1, 8], [2, 20, 3, 19], [4, 10, 5, 9]]"
12a_0645_98,"[[4, 10, 5, 9], [6, 23, 7, 24], [8, 15, 9, 16], [10, 14, 11, 13], [12, 22, 13, 21], [14, 4, 15, 3], [16, 5, 17, 6], [18, 2, 19, 1], [20, 12, 21, 11], [22, 18, 23, 17], [24, 7, 1, 8], [2, 20, 3, 19]]"
12a_0645_99,"[[2, 20, 3, 19], [4, 10, 5, 9], [6, 23, 7, 24], [8, 15, 9, 16], [10, 14, 11, 13], [12, 22, 13, 21], [14, 4, 15, 3], [16, 5, 17, 6], [18, 2, 19, 1], [20, 12, 21, 11], [22, 18, 23, 17], [24, 7, 1, 8]]"
12a_0645_100,"[[24, 7, 1, 8], [2, 20, 3, 19], [4, 10, 5, 9], [6, 23, 7, 24], [8, 15, 9, 16], [10, 14, 11, 13], [12, 22, 13, 21], [14, 4, 15, 3], [16, 5, 17, 6], [18, 2, 19, 1], [20, 12, 21, 11], [22, 18, 23, 17]]"
12a_0645_101,"[[22, 18, 23, 17], [24, 7, 1, 8], [2, 20, 3, 19], [4, 10, 5, 9], [6, 23, 7, 24], [8, 15, 9, 16], [10, 14, 11, 13], [12, 22, 13, 21], [14, 4, 15, 3], [16, 5, 17, 6], [18, 2, 19, 1], [20, 12, 21, 11]]"
12a_0645_102,"[[20, 12, 21, 11], [22, 18, 23, 17], [24, 7, 1, 8], [2, 20, 3, 19], [4, 10, 5, 9], [6, 23, 7, 24], [8, 15, 9, 16], [10, 14, 11, 13], [12, 22, 13, 21], [14, 4, 15, 3], [16, 5, 17, 6], [18, 2, 19, 1]]"
12a_0645_103,"[[18, 2, 19, 1], [20, 12, 21, 11], [22, 18, 23, 17], [24, 7, 1, 8], [2, 20, 3, 19], [4, 10, 5, 9], [6, 23, 7, 24], [8, 15, 9, 16], [10, 14, 11, 13], [12, 22, 13, 21], [14, 4, 15, 3], [16, 5, 17, 6]]"
12a_0645_104,"[[16, 5, 17, 6], [18, 2, 19, 1], [20, 12, 21, 11], [22, 18, 23, 17], [24, 7, 1, 8], [2, 20, 3, 19], [4, 10, 5, 9], [6, 23, 7, 24], [8, 15, 9, 16], [10, 14, 11, 13], [12, 22, 13, 21], [14, 4, 15, 3]]"
12a_0645_105,"[[14, 4, 15, 3], [16, 5, 17, 6], [18, 2, 19, 1], [20, 12, 21, 11], [22, 18, 23, 17], [24, 7, 1, 8], [2, 20, 3, 19], [4, 10, 5, 9], [6, 23, 7, 24], [8, 15, 9, 16], [10, 14, 11, 13], [12, 22, 13, 21]]"
12a_0645_106,"[[12, 22, 13, 21], [14, 4, 15, 3], [16, 5, 17, 6], [18, 2, 19, 1], [20, 12, 21, 11], [22, 18, 23, 17], [24, 7, 1, 8], [2, 20, 3, 19], [4, 10, 5, 9], [6, 23, 7, 24], [8, 15, 9, 16], [10, 14, 11, 13]]"
12a_0645_107,"[[10, 14, 11, 13], [12, 22, 13, 21], [14, 4, 15, 3], [16, 5, 17, 6], [18, 2, 19, 1], [20, 12, 21, 11], [22, 18, 23, 17], [24, 7, 1, 8], [2, 20, 3, 19], [4, 10, 5, 9], [6, 23, 7, 24], [8, 15, 9, 16]]"
12a_0645_108,"[[9, 16, 10, 17], [11, 15, 12, 14], [13, 23, 14, 22], [15, 5, 16, 4], [17, 6, 18, 7], [19, 3, 20, 2], [21, 13, 22, 12], [23, 19, 24, 18], [1, 8, 2, 9], [3, 21, 4, 20], [5, 11, 6, 10], [7, 24, 8, 1]]"
12a_0645_109,"[[7, 24, 8, 1], [9, 16, 10, 17], [11, 15, 12, 14], [13, 23, 14, 22], [15, 5, 16, 4], [17, 6, 18, 7], [19, 3, 20, 2], [21, 13, 22, 12], [23, 19, 24, 18], [1, 8, 2, 9], [3, 21, 4, 20], [5, 11, 6, 10]]"
12a_0645_110,"[[5, 11, 6, 10], [7, 24, 8, 1], [9, 16, 10, 17], [11, 15, 12, 14], [13, 23, 14, 22], [15, 5, 16, 4], [17, 6, 18, 7], [19, 3, 20, 2], [21, 13, 22, 12], [23, 19, 24, 18], [1, 8, 2, 9], [3, 21, 4, 20]]"
12a_0645_111,"[[3, 21, 4, 20], [5, 11, 6, 10], [7, 24, 8, 1], [9, 16, 10, 17], [11, 15, 12, 14], [13, 23, 14, 22], [15, 5, 16, 4], [17, 6, 18, 7], [19, 3, 20, 2], [21, 13, 22, 12], [23, 19, 24, 18], [1, 8, 2, 9]]"
12a_0645_112,"[[1, 8, 2, 9], [3, 21, 4, 20], [5, 11, 6, 10], [7, 24, 8, 1], [9, 16, 10, 17], [11, 15, 12, 14], [13, 23, 14, 22], [15, 5, 16, 4], [17, 6, 18, 7], [19, 3, 20, 2], [21, 13, 22, 12], [23, 19, 24, 18]]"
12a_0645_113,"[[23, 19, 24, 18], [1, 8, 2, 9], [3, 21, 4, 20], [5, 11, 6, 10], [7, 24, 8, 1], [9, 16, 10, 17], [11, 15, 12, 14], [13, 23, 14, 22], [15, 5, 16, 4], [17, 6, 18, 7], [19, 3, 20, 2], [21, 13, 22, 12]]"
12a_0645_114,"[[21, 13, 22, 12], [23, 19, 24, 18], [1, 8, 2, 9], [3, 21, 4, 20], [5, 11, 6, 10], [7, 24, 8, 1], [9, 16, 10, 17], [11, 15, 12, 14], [13, 23, 14, 22], [15, 5, 16, 4], [17, 6, 18, 7], [19, 3, 20, 2]]"
12a_0645_115,"[[19, 3, 20, 2], [21, 13, 22, 12], [23, 19, 24, 18], [1, 8, 2, 9], [3, 21, 4, 20], [5, 11, 6, 10], [7, 24, 8, 1], [9, 16, 10, 17], [11, 15, 12, 14], [13, 23, 14, 22], [15, 5, 16, 4], [17, 6, 18, 7]]"
12a_0645_116,"[[17, 6, 18, 7], [19, 3, 20, 2], [21, 13, 22, 12], [23, 19, 24, 18], [1, 8, 2, 9], [3, 21, 4, 20], [5, 11, 6, 10], [7, 24, 8, 1], [9, 16, 10, 17], [11, 15, 12, 14], [13, 23, 14, 22], [15, 5, 16, 4]]"
12a_0645_117,"[[15, 5, 16, 4], [17, 6, 18, 7], [19, 3, 20, 2], [21, 13, 22, 12], [23, 19, 24, 18], [1, 8, 2, 9], [3, 21, 4, 20], [5, 11, 6, 10], [7, 24, 8, 1], [9, 16, 10, 17], [11, 15, 12, 14], [13, 23, 14, 22]]"
12a_0645_118,"[[13, 23, 14, 22], [15, 5, 16, 4], [17, 6, 18, 7], [19, 3, 20, 2], [21, 13, 22, 12], [23, 19, 24, 18], [1, 8, 2, 9], [3, 21, 4, 20], [5, 11, 6, 10], [7, 24, 8, 1], [9, 16, 10, 17], [11, 15, 12, 14]]"
12a_0645_119,"[[11, 15, 12, 14], [13, 23, 14, 22], [15, 5, 16, 4], [17, 6, 18, 7], [19, 3, 20, 2], [21, 13, 22, 12], [23, 19, 24, 18], [1, 8, 2, 9], [3, 21, 4, 20], [5, 11, 6, 10], [7, 24, 8, 1], [9, 16, 10, 17]]"
12a_0645_120,"[[10, 17, 11, 18], [12, 16, 13, 15], [14, 24, 15, 23], [16, 6, 17, 5], [18, 7, 19, 8], [20, 4, 21, 3], [22, 14, 23, 13], [24, 20, 1, 19], [2, 9, 3, 10], [4, 22, 5, 21], [6, 12, 7, 11], [8, 1, 9, 2]]"
12a_0645_121,"[[8, 1, 9, 2], [10, 17, 11, 18], [12, 16, 13, 15], [14, 24, 15, 23], [16, 6, 17, 5], [18, 7, 19, 8], [20, 4, 21, 3], [22, 14, 23, 13], [24, 20, 1, 19], [2, 9, 3, 10], [4, 22, 5, 21], [6, 12, 7, 11]]"
12a_0645_122,"[[6, 12, 7, 11], [8, 1, 9, 2], [10, 17, 11, 18], [12, 16, 13, 15], [14, 24, 15, 23], [16, 6, 17, 5], [18, 7, 19, 8], [20, 4, 21, 3], [22, 14, 23, 13], [24, 20, 1, 19], [2, 9, 3, 10], [4, 22, 5, 21]]"
12a_0645_123,"[[4, 22, 5, 21], [6, 12, 7, 11], [8, 1, 9, 2], [10, 17, 11, 18], [12, 16, 13, 15], [14, 24, 15, 23], [16, 6, 17, 5], [18, 7, 19, 8], [20, 4, 21, 3], [22, 14, 23, 13], [24, 20, 1, 19], [2, 9, 3, 10]]"
12a_0645_124,"[[2, 9, 3, 10], [4, 22, 5, 21], [6, 12, 7, 11], [8, 1, 9, 2], [10, 17, 11, 18], [12, 16, 13, 15], [14, 24, 15, 23], [16, 6, 17, 5], [18, 7, 19, 8], [20, 4, 21, 3], [22, 14, 23, 13], [24, 20, 1, 19]]"
12a_0645_125,"[[24, 20, 1, 19], [2, 9, 3, 10], [4, 22, 5, 21], [6, 12, 7, 11], [8, 1, 9, 2], [10, 17, 11, 18], [12, 16, 13, 15], [14, 24, 15, 23], [16, 6, 17, 5], [18, 7, 19, 8], [20, 4, 21, 3], [22, 14, 23, 13]]"
12a_0645_126,"[[22, 14, 23, 13], [24, 20, 1, 19], [2, 9, 3, 10], [4, 22, 5, 21], [6, 12, 7, 11], [8, 1, 9, 2], [10, 17, 11, 18], [12, 16, 13, 15], [14, 24, 15, 23], [16, 6, 17, 5], [18, 7, 19, 8], [20, 4, 21, 3]]"
12a_0645_127,"[[20, 4, 21, 3], [22, 14, 23, 13], [24, 20, 1, 19], [2, 9, 3, 10], [4, 22, 5, 21], [6, 12, 7, 11], [8, 1, 9, 2], [10, 17, 11, 18], [12, 16, 13, 15], [14, 24, 15, 23], [16, 6, 17, 5], [18, 7, 19, 8]]"
12a_0645_128,"[[18, 7, 19, 8], [20, 4, 21, 3], [22, 14, 23, 13], [24, 20, 1, 19], [2, 9, 3, 10], [4, 22, 5, 21], [6, 12, 7, 11], [8, 1, 9, 2], [10, 17, 11, 18], [12, 16, 13, 15], [14, 24, 15, 23], [16, 6, 17, 5]]"
12a_0645_129,"[[16, 6, 17, 5], [18, 7, 19, 8], [20, 4, 21, 3], [22, 14, 23, 13], [24, 20, 1, 19], [2, 9, 3, 10], [4, 22, 5, 21], [6, 12, 7, 11], [8, 1, 9, 2], [10, 17, 11, 18], [12, 16, 13, 15], [14, 24, 15, 23]]"
12a_0645_130,"[[14, 24, 15, 23], [16, 6, 17, 5], [18, 7, 19, 8], [20, 4, 21, 3], [22, 14, 23, 13], [24, 20, 1, 19], [2, 9, 3, 10], [4, 22, 5, 21], [6, 12, 7, 11], [8, 1, 9, 2], [10, 17, 11, 18], [12, 16, 13, 15]]"
12a_0645_131,"[[12, 16, 13, 15], [14, 24, 15, 23], [16, 6, 17, 5], [18, 7, 19, 8], [20, 4, 21, 3], [22, 14, 23, 13], [24, 20, 1, 19], [2, 9, 3, 10], [4, 22, 5, 21], [6, 12, 7, 11], [8, 1, 9, 2], [10, 17, 11, 18]]"
12a_0645_132,"[[11, 18, 12, 19], [13, 17, 14, 16], [15, 1, 16, 24], [17, 7, 18, 6], [19, 8, 20, 9], [21, 5, 22, 4], [23, 15, 24, 14], [1, 21, 2, 20], [3, 10, 4, 11], [5, 23, 6, 22], [7, 13, 8, 12], [9, 2, 10, 3]]"
12a_0645_133,"[[9, 2, 10, 3], [11, 18, 12, 19], [13, 17, 14, 16], [15, 1, 16, 24], [17, 7, 18, 6], [19, 8, 20, 9], [21, 5, 22, 4], [23, 15, 24, 14], [1, 21, 2, 20], [3, 10, 4, 11], [5, 23, 6, 22], [7, 13, 8, 12]]"
12a_0645_134,"[[7, 13, 8, 12], [9, 2, 10, 3], [11, 18, 12, 19], [13, 17, 14, 16], [15, 1, 16, 24], [17, 7, 18, 6], [19, 8, 20, 9], [21, 5, 22, 4], [23, 15, 24, 14], [1, 21, 2, 20], [3, 10, 4, 11], [5, 23, 6, 22]]"
12a_0645_135,"[[5, 23, 6, 22], [7, 13, 8, 12], [9, 2, 10, 3], [11, 18, 12, 19], [13, 17, 14, 16], [15, 1, 16, 24], [17, 7, 18, 6], [19, 8, 20, 9], [21, 5, 22, 4], [23, 15, 24, 14], [1, 21, 2, 20], [3, 10, 4, 11]]"
12a_0645_136,"[[3, 10, 4, 11], [5, 23, 6, 22], [7, 13, 8, 12], [9, 2, 10, 3], [11, 18, 12, 19], [13, 17, 14, 16], [15, 1, 16, 24], [17, 7, 18, 6], [19, 8, 20, 9], [21, 5, 22, 4], [23, 15, 24, 14], [1, 21, 2, 20]]"
12a_0645_137,"[[1, 21, 2, 20], [3, 10, 4, 11], [5, 23, 6, 22], [7, 13, 8, 12], [9, 2, 10, 3], [11, 18, 12, 19], [13, 17, 14, 16], [15, 1, 16, 24], [17, 7, 18, 6], [19, 8, 20, 9], [21, 5, 22, 4], [23, 15, 24, 14]]"
12a_0645_138,"[[23, 15, 24, 14], [1, 21, 2, 20], [3, 10, 4, 11], [5, 23, 6, 22], [7, 13, 8, 12], [9, 2, 10, 3], [11, 18, 12, 19], [13, 17, 14, 16], [15, 1, 16, 24], [17, 7, 18, 6], [19, 8, 20, 9], [21, 5, 22, 4]]"
12a_0645_139,"[[21, 5, 22, 4], [23, 15, 24, 14], [1, 21, 2, 20], [3, 10, 4, 11], [5, 23, 6, 22], [7, 13, 8, 12], [9, 2, 10, 3], [11, 18, 12, 19], [13, 17, 14, 16], [15, 1, 16, 24], [17, 7, 18, 6], [19, 8, 20, 9]]"
12a_0645_140,"[[19, 8, 20, 9], [21, 5, 22, 4], [23, 15, 24, 14], [1, 21, 2, 20], [3, 10, 4, 11], [5, 23, 6, 22], [7, 13, 8, 12], [9, 2, 10, 3], [11, 18, 12, 19], [13, 17, 14, 16], [15, 1, 16, 24], [17, 7, 18, 6]]"
12a_0645_141,"[[17, 7, 18, 6], [19, 8, 20, 9], [21, 5, 22, 4], [23, 15, 24, 14], [1, 21, 2, 20], [3, 10, 4, 11], [5, 23, 6, 22], [7, 13, 8, 12], [9, 2, 10, 3], [11, 18, 12, 19], [13, 17, 14, 16], [15, 1, 16, 24]]"
12a_0645_142,"[[15, 1, 16, 24], [17, 7, 18, 6], [19, 8, 20, 9], [21, 5, 22, 4], [23, 15, 24, 14], [1, 21, 2, 20], [3, 10, 4, 11], [5, 23, 6, 22], [7, 13, 8, 12], [9, 2, 10, 3], [11, 18, 12, 19], [13, 17, 14, 16]]"
12a_0645_143,"[[13, 17, 14, 16], [15, 1, 16, 24], [17, 7, 18, 6], [19, 8, 20, 9], [21, 5, 22, 4], [23, 15, 24, 14], [1, 21, 2, 20], [3, 10, 4, 11], [5, 23, 6, 22], [7, 13, 8, 12], [9, 2, 10, 3], [11, 18, 12, 19]]"
12a_0645_144,"[[12, 19, 13, 20], [14, 18, 15, 17], [16, 2, 17, 1], [18, 8, 19, 7], [20, 9, 21, 10], [22, 6, 23, 5], [24, 16, 1, 15], [2, 22, 3, 21], [4, 11, 5, 12], [6, 24, 7, 23], [8, 14, 9, 13], [10, 3, 11, 4]]"
12a_0645_145,"[[10, 3, 11, 4], [12, 19, 13, 20], [14, 18, 15, 17], [16, 2, 17, 1], [18, 8, 19, 7], [20, 9, 21, 10], [22, 6, 23, 5], [24, 16, 1, 15], [2, 22, 3, 21], [4, 11, 5, 12], [6, 24, 7, 23], [8, 14, 9, 13]]"
12a_0645_146,"[[8, 14, 9, 13], [10, 3, 11, 4], [12, 19, 13, 20], [14, 18, 15, 17], [16, 2, 17, 1], [18, 8, 19, 7], [20, 9, 21, 10], [22, 6, 23, 5], [24, 16, 1, 15], [2, 22, 3, 21], [4, 11, 5, 12], [6, 24, 7, 23]]"
12a_0645_147,"[[6, 24, 7, 23], [8, 14, 9, 13], [10, 3, 11, 4], [12, 19, 13, 20], [14, 18, 15, 17], [16, 2, 17, 1], [18, 8, 19, 7], [20, 9, 21, 10], [22, 6, 23, 5], [24, 16, 1, 15], [2, 22, 3, 21], [4, 11, 5, 12]]"
12a_0645_148,"[[4, 11, 5, 12], [6, 24, 7, 23], [8, 14, 9, 13], [10, 3, 11, 4], [12, 19, 13, 20], [14, 18, 15, 17], [16, 2, 17, 1], [18, 8, 19, 7], [20, 9, 21, 10], [22, 6, 23, 5], [24, 16, 1, 15], [2, 22, 3, 21]]"
12a_0645_149,"[[2, 22, 3, 21], [4, 11, 5, 12], [6, 24, 7, 23], [8, 14, 9, 13], [10, 3, 11, 4], [12, 19, 13, 20], [14, 18, 15, 17], [16, 2, 17, 1], [18, 8, 19, 7], [20, 9, 21, 10], [22, 6, 23, 5], [24, 16, 1, 15]]"
12a_0645_150,"[[24, 16, 1, 15], [2, 22, 3, 21], [4, 11, 5, 12], [6, 24, 7, 23], [8, 14, 9, 13], [10, 3, 11, 4], [12, 19, 13, 20], [14, 18, 15, 17], [16, 2, 17, 1], [18, 8, 19, 7], [20, 9, 21, 10], [22, 6, 23, 5]]"
12a_0645_151,"[[22, 6, 23, 5], [24, 16, 1, 15], [2, 22, 3, 21], [4, 11, 5, 12], [6, 24, 7, 23], [8, 14, 9, 13], [10, 3, 11, 4], [12, 19, 13, 20], [14, 18, 15, 17], [16, 2, 17, 1], [18, 8, 19, 7], [20, 9, 21, 10]]"
12a_0645_152,"[[20, 9, 21, 10], [22, 6, 23, 5], [24, 16, 1, 15], [2, 22, 3, 21], [4, 11, 5, 12], [6, 24, 7, 23], [8, 14, 9, 13], [10, 3, 11, 4], [12, 19, 13, 20], [14, 18, 15, 17], [16, 2, 17, 1], [18, 8, 19, 7]]"
12a_0645_153,"[[18, 8, 19, 7], [20, 9, 21, 10], [22, 6, 23, 5], [24, 16, 1, 15], [2, 22, 3, 21], [4, 11, 5, 12], [6, 24, 7, 23], [8, 14, 9, 13], [10, 3, 11, 4], [12, 19, 13, 20], [14, 18, 15, 17], [16, 2, 17, 1]]"
12a_0645_154,"[[16, 2, 17, 1], [18, 8, 19, 7], [20, 9, 21, 10], [22, 6, 23, 5], [24, 16, 1, 15], [2, 22, 3, 21], [4, 11, 5, 12], [6, 24, 7, 23], [8, 14, 9, 13], [10, 3, 11, 4], [12, 19, 13, 20], [14, 18, 15, 17]]"
12a_0645_155,"[[14, 18, 15, 17], [16, 2, 17, 1], [18, 8, 19, 7], [20, 9, 21, 10], [22, 6, 23, 5], [24, 16, 1, 15], [2, 22, 3, 21], [4, 11, 5, 12], [6, 24, 7, 23], [8, 14, 9, 13], [10, 3, 11, 4], [12, 19, 13, 20]]"
12a_0645_156,"[[13, 20, 14, 21], [15, 19, 16, 18], [17, 3, 18, 2], [19, 9, 20, 8], [21, 10, 22, 11], [23, 7, 24, 6], [1, 17, 2, 16], [3, 23, 4, 22], [5, 12, 6, 13], [7, 1, 8, 24], [9, 15, 10, 14], [11, 4, 12, 5]]"
12a_0645_157,"[[11, 4, 12, 5], [13, 20, 14, 21], [15, 19, 16, 18], [17, 3, 18, 2], [19, 9, 20, 8], [21, 10, 22, 11], [23, 7, 24, 6], [1, 17, 2, 16], [3, 23, 4, 22], [5, 12, 6, 13], [7, 1, 8, 24], [9, 15, 10, 14]]"
12a_0645_158,"[[9, 15, 10, 14], [11, 4, 12, 5], [13, 20, 14, 21], [15, 19, 16, 18], [17, 3, 18, 2], [19, 9, 20, 8], [21, 10, 22, 11], [23, 7, 24, 6], [1, 17, 2, 16], [3, 23, 4, 22], [5, 12, 6, 13], [7, 1, 8, 24]]"
12a_0645_159,"[[7, 1, 8, 24], [9, 15, 10, 14], [11, 4, 12, 5], [13, 20, 14, 21], [15, 19, 16, 18], [17, 3, 18, 2], [19, 9, 20, 8], [21, 10, 22, 11], [23, 7, 24, 6], [1, 17, 2, 16], [3, 23, 4, 22], [5, 12, 6, 13]]"
12a_0645_160,"[[5, 12, 6, 13], [7, 1, 8, 24], [9, 15, 10, 14], [11, 4, 12, 5], [13, 20, 14, 21], [15, 19, 16, 18], [17, 3, 18, 2], [19, 9, 20, 8], [21, 10, 22, 11], [23, 7, 24, 6], [1, 17, 2, 16], [3, 23, 4, 22]]"
12a_0645_161,"[[3, 23, 4, 22], [5, 12, 6, 13], [7, 1, 8, 24], [9, 15, 10, 14], [11, 4, 12, 5], [13, 20, 14, 21], [15, 19, 16, 18], [17, 3, 18, 2], [19, 9, 20, 8], [21, 10, 22, 11], [23, 7, 24, 6], [1, 17, 2, 16]]"
12a_0645_162,"[[1, 17, 2, 16], [3, 23, 4, 22], [5, 12, 6, 13], [7, 1, 8, 24], [9, 15, 10, 14], [11, 4, 12, 5], [13, 20, 14, 21], [15, 19, 16, 18], [17, 3, 18, 2], [19, 9, 20, 8], [21, 10, 22, 11], [23, 7, 24, 6]]"
12a_0645_163,"[[23, 7, 24, 6], [1, 17, 2, 16], [3, 23, 4, 22], [5, 12, 6, 13], [7, 1, 8, 24], [9, 15, 10, 14], [11, 4, 12, 5], [13, 20, 14, 21], [15, 19, 16, 18], [17, 3, 18, 2], [19, 9, 20, 8], [21, 10, 22, 11]]"
12a_0645_164,"[[21, 10, 22, 11], [23, 7, 24, 6], [1, 17, 2, 16], [3, 23, 4, 22], [5, 12, 6, 13], [7, 1, 8, 24], [9, 15, 10, 14], [11, 4, 12, 5], [13, 20, 14, 21], [15, 19, 16, 18], [17, 3, 18, 2], [19, 9, 20, 8]]"
12a_0645_165,"[[19, 9, 20, 8], [21, 10, 22, 11], [23, 7, 24, 6], [1, 17, 2, 16], [3, 23, 4, 22], [5, 12, 6, 13], [7, 1, 8, 24], [9, 15, 10, 14], [11, 4, 12, 5], [13, 20, 14, 21], [15, 19, 16, 18], [17, 3, 18, 2]]"
12a_0645_166,"[[17, 3, 18, 2], [19, 9, 20, 8], [21, 10, 22, 11], [23, 7, 24, 6], [1, 17, 2, 16], [3, 23, 4, 22], [5, 12, 6, 13], [7, 1, 8, 24], [9, 15, 10, 14], [11, 4, 12, 5], [13, 20, 14, 21], [15, 19, 16, 18]]"
12a_0645_167,"[[15, 19, 16, 18], [17, 3, 18, 2], [19, 9, 20, 8], [21, 10, 22, 11], [23, 7, 24, 6], [1, 17, 2, 16], [3, 23, 4, 22], [5, 12, 6, 13], [7, 1, 8, 24], [9, 15, 10, 14], [11, 4, 12, 5], [13, 20, 14, 21]]"
12a_0645_168,"[[14, 21, 15, 22], [16, 20, 17, 19], [18, 4, 19, 3], [20, 10, 21, 9], [22, 11, 23, 12], [24, 8, 1, 7], [2, 18, 3, 17], [4, 24, 5, 23], [6, 13, 7, 14], [8, 2, 9, 1], [10, 16, 11, 15], [12, 5, 13, 6]]"
12a_0645_169,"[[12, 5, 13, 6], [14, 21, 15, 22], [16, 20, 17, 19], [18, 4, 19, 3], [20, 10, 21, 9], [22, 11, 23, 12], [24, 8, 1, 7], [2, 18, 3, 17], [4, 24, 5, 23], [6, 13, 7, 14], [8, 2, 9, 1], [10, 16, 11, 15]]"
12a_0645_170,"[[10, 16, 11, 15], [12, 5, 13, 6], [14, 21, 15, 22], [16, 20, 17, 19], [18, 4, 19, 3], [20, 10, 21, 9], [22, 11, 23, 12], [24, 8, 1, 7], [2, 18, 3, 17], [4, 24, 5, 23], [6, 13, 7, 14], [8, 2, 9, 1]]"
12a_0645_171,"[[8, 2, 9, 1], [10, 16, 11, 15], [12, 5, 13, 6], [14, 21, 15, 22], [16, 20, 17, 19], [18, 4, 19, 3], [20, 10, 21, 9], [22, 11, 23, 12], [24, 8, 1, 7], [2, 18, 3, 17], [4, 24, 5, 23], [6, 13, 7, 14]]"
12a_0645_172,"[[6, 13, 7, 14], [8, 2, 9, 1], [10, 16, 11, 15], [12, 5, 13, 6], [14, 21, 15, 22], [16, 20, 17, 19], [18, 4, 19, 3], [20, 10, 21, 9], [22, 11, 23, 12], [24, 8, 1, 7], [2, 18, 3, 17], [4, 24, 5, 23]]"
12a_0645_173,"[[4, 24, 5, 23], [6, 13, 7, 14], [8, 2, 9, 1], [10, 16, 11, 15], [12, 5, 13, 6], [14, 21, 15, 22], [16, 20, 17, 19], [18, 4, 19, 3], [20, 10, 21, 9], [22, 11, 23, 12], [24, 8, 1, 7], [2, 18, 3, 17]]"
12a_0645_174,"[[2, 18, 3, 17], [4, 24, 5, 23], [6, 13, 7, 14], [8, 2, 9, 1], [10, 16, 11, 15], [12, 5, 13, 6], [14, 21, 15, 22], [16, 20, 17, 19], [18, 4, 19, 3], [20, 10, 21, 9], [22, 11, 23, 12], [24, 8, 1, 7]]"
12a_0645_175,"[[24, 8, 1, 7], [2, 18, 3, 17], [4, 24, 5, 23], [6, 13, 7, 14], [8, 2, 9, 1], [10, 16, 11, 15], [12, 5, 13, 6], [14, 21, 15, 22], [16, 20, 17, 19], [18, 4, 19, 3], [20, 10, 21, 9], [22, 11, 23, 12]]"
12a_0645_176,"[[22, 11, 23, 12], [24, 8, 1, 7], [2, 18, 3, 17], [4, 24, 5, 23], [6, 13, 7, 14], [8, 2, 9, 1], [10, 16, 11, 15], [12, 5, 13, 6], [14, 21, 15, 22], [16, 20, 17, 19], [18, 4, 19, 3], [20, 10, 21, 9]]"
12a_0645_177,"[[20, 10, 21, 9], [22, 11, 23, 12], [24, 8, 1, 7], [2, 18, 3, 17], [4, 24, 5, 23], [6, 13, 7, 14], [8, 2, 9, 1], [10, 16, 11, 15], [12, 5, 13, 6], [14, 21, 15, 22], [16, 20, 17, 19], [18, 4, 19, 3]]"
12a_0645_178,"[[18, 4, 19, 3], [20, 10, 21, 9], [22, 11, 23, 12], [24, 8, 1, 7], [2, 18, 3, 17], [4, 24, 5, 23], [6, 13, 7, 14], [8, 2, 9, 1], [10, 16, 11, 15], [12, 5, 13, 6], [14, 21, 15, 22], [16, 20, 17, 19]]"
12a_0645_179,"[[16, 20, 17, 19], [18, 4, 19, 3], [20, 10, 21, 9], [22, 11, 23, 12], [24, 8, 1, 7], [2, 18, 3, 17], [4, 24, 5, 23], [6, 13, 7, 14], [8, 2, 9, 1], [10, 16, 11, 15], [12, 5, 13, 6], [14, 21, 15, 22]]"
12a_0645_180,"[[15, 22, 16, 23], [17, 21, 18, 20], [19, 5, 20, 4], [21, 11, 22, 10], [23, 12, 24, 13], [1, 9, 2, 8], [3, 19, 4, 18], [5, 1, 6, 24], [7, 14, 8, 15], [9, 3, 10, 2], [11, 17, 12, 16], [13, 6, 14, 7]]"
12a_0645_181,"[[13, 6, 14, 7], [15, 22, 16, 23], [17, 21, 18, 20], [19, 5, 20, 4], [21, 11, 22, 10], [23, 12, 24, 13], [1, 9, 2, 8], [3, 19, 4, 18], [5, 1, 6, 24], [7, 14, 8, 15], [9, 3, 10, 2], [11, 17, 12, 16]]"
12a_0645_182,"[[11, 17, 12, 16], [13, 6, 14, 7], [15, 22, 16, 23], [17, 21, 18, 20], [19, 5, 20, 4], [21, 11, 22, 10], [23, 12, 24, 13], [1, 9, 2, 8], [3, 19, 4, 18], [5, 1, 6, 24], [7, 14, 8, 15], [9, 3, 10, 2]]"
12a_0645_183,"[[9, 3, 10, 2], [11, 17, 12, 16], [13, 6, 14, 7], [15, 22, 16, 23], [17, 21, 18, 20], [19, 5, 20, 4], [21, 11, 22, 10], [23, 12, 24, 13], [1, 9, 2, 8], [3, 19, 4, 18], [5, 1, 6, 24], [7, 14, 8, 15]]"
12a_0645_184,"[[7, 14, 8, 15], [9, 3, 10, 2], [11, 17, 12, 16], [13, 6, 14, 7], [15, 22, 16, 23], [17, 21, 18, 20], [19, 5, 20, 4], [21, 11, 22, 10], [23, 12, 24, 13], [1, 9, 2, 8], [3, 19, 4, 18], [5, 1, 6, 24]]"
12a_0645_185,"[[5, 1, 6, 24], [7, 14, 8, 15], [9, 3, 10, 2], [11, 17, 12, 16], [13, 6, 14, 7], [15, 22, 16, 23], [17, 21, 18, 20], [19, 5, 20, 4], [21, 11, 22, 10], [23, 12, 24, 13], [1, 9, 2, 8], [3, 19, 4, 18]]"
