name,pd_notation
12a_0996_0,"[[24, 18, 1, 17], [2, 8, 3, 7], [4, 12, 5, 11], [6, 24, 7, 23], [8, 16, 9, 15], [10, 6, 11, 5], [12, 22, 13, 21], [14, 20, 15, 19], [16, 2, 17, 1], [18, 10, 19, 9], [20, 14, 21, 13], [22, 4, 23, 3]]"
12a_0996_1,"[[22, 4, 23, 3], [24, 18, 1, 17], [2, 8, 3, 7], [4, 12, 5, 11], [6, 24, 7, 23], [8, 16, 9, 15], [10, 6, 11, 5], [12, 22, 13, 21], [14, 20, 15, 19], [16, 2, 17, 1], [18, 10, 19, 9], [20, 14, 21, 13]]"
12a_0996_2,"[[20, 14, 21, 13], [22, 4, 23, 3], [24, 18, 1, 17], [2, 8, 3, 7], [4, 12, 5, 11], [6, 24, 7, 23], [8, 16, 9, 15], [10, 6, 11, 5], [12, 22, 13, 21], [14, 20, 15, 19], [16, 2, 17, 1], [18, 10, 19, 9]]"
12a_0996_3,"[[18, 10, 19, 9], [20, 14, 21, 13], [22, 4, 23, 3], [24, 18, 1, 17], [2, 8, 3, 7], [4, 12, 5, 11], [6, 24, 7, 23], [8, 16, 9, 15], [10, 6, 11, 5], [12, 22, 13, 21], [14, 20, 15, 19], [16, 2, 17, 1]]"
12a_0996_4,"[[16, 2, 17, 1], [18, 10, 19, 9], [20, 14, 21, 13], [22, 4, 23, 3], [24, 18, 1, 17], [2, 8, 3, 7], [4, 12, 5, 11], [6, 24, 7, 23], [8, 16, 9, 15], [10, 6, 11, 5], [12, 22, 13, 21], [14, 20, 15, 19]]"
12a_0996_5,"[[14, 20, 15, 19], [16, 2, 17, 1], [18, 10, 19, 9], [20, 14, 21, 13], [22, 4, 23, 3], [24, 18, 1, 17], [2, 8, 3, 7], [4, 12, 5, 11], [6, 24, 7, 23], [8, 16, 9, 15], [10, 6, 11, 5], [12, 22, 13, 21]]"
12a_0996_6,"[[12, 22, 13, 21], [14, 20, 15, 19], [16, 2, 17, 1], [18, 10, 19, 9], [20, 14, 21, 13], [22, 4, 23, 3], [24, 18, 1, 17], [2, 8, 3, 7], [4, 12, 5, 11], [6, 24, 7, 23], [8, 16, 9, 15], [10, 6, 11, 5]]"
12a_0996_7,"[[10, 6, 11, 5], [12, 22, 13, 21], [14, 20, 15, 19], [16, 2, 17, 1], [18, 10, 19, 9], [20, 14, 21, 13], [22, 4, 23, 3], [24, 18, 1, 17], [2, 8, 3, 7], [4, 12, 5, 11], [6, 24, 7, 23], [8, 16, 9, 15]]"
12a_0996_8,"[[8, 16, 9, 15], [10, 6, 11, 5], [12, 22, 13, 21], [14, 20, 15, 19], [16, 2, 17, 1], [18, 10, 19, 9], [20, 14, 21, 13], [22, 4, 23, 3], [24, 18, 1, 17], [2, 8, 3, 7], [4, 12, 5, 11], [6, 24, 7, 23]]"
12a_0996_9,"[[6, 24, 7, 23], [8, 16, 9, 15], [10, 6, 11, 5], [12, 22, 13, 21], [14, 20, 15, 19], [16, 2, 17, 1], [18, 10, 19, 9], [20, 14, 21, 13], [22, 4, 23, 3], [24, 18, 1, 17], [2, 8, 3, 7], [4, 12, 5, 11]]"
12a_0996_10,"[[4, 12, 5, 11], [6, 24, 7, 23], [8, 16, 9, 15], [10, 6, 11, 5], [12, 22, 13, 21], [14, 20, 15, 19], [16, 2, 17, 1], [18, 10, 19, 9], [20, 14, 21, 13], [22, 4, 23, 3], [24, 18, 1, 17], [2, 8, 3, 7]]"
12a_0996_11,"[[2, 8, 3, 7], [4, 12, 5, 11], [6, 24, 7, 23], [8, 16, 9, 15], [10, 6, 11, 5], [12, 22, 13, 21], [14, 20, 15, 19], [16, 2, 17, 1], [18, 10, 19, 9], [20, 14, 21, 13], [22, 4, 23, 3], [24, 18, 1, 17]]"
12a_0996_12,"[[1, 19, 2, 18], [3, 9, 4, 8], [5, 13, 6, 12], [7, 1, 8, 24], [9, 17, 10, 16], [11, 7, 12, 6], [13, 23, 14, 22], [15, 21, 16, 20], [17, 3, 18, 2], [19, 11, 20, 10], [21, 15, 22, 14], [23, 5, 24, 4]]"
12a_0996_13,"[[23, 5, 24, 4], [1, 19, 2, 18], [3, 9, 4, 8], [5, 13, 6, 12], [7, 1, 8, 24], [9, 17, 10, 16], [11, 7, 12, 6], [13, 23, 14, 22], [15, 21, 16, 20], [17, 3, 18, 2], [19, 11, 20, 10], [21, 15, 22, 14]]"
12a_0996_14,"[[21, 15, 22, 14], [23, 5, 24, 4], [1, 19, 2, 18], [3, 9, 4, 8], [5, 13, 6, 12], [7, 1, 8, 24], [9, 17, 10, 16], [11, 7, 12, 6], [13, 23, 14, 22], [15, 21, 16, 20], [17, 3, 18, 2], [19, 11, 20, 10]]"
12a_0996_15,"[[19, 11, 20, 10], [21, 15, 22, 14], [23, 5, 24, 4], [1, 19, 2, 18], [3, 9, 4, 8], [5, 13, 6, 12], [7, 1, 8, 24], [9, 17, 10, 16], [11, 7, 12, 6], [13, 23, 14, 22], [15, 21, 16, 20], [17, 3, 18, 2]]"
12a_0996_16,"[[17, 3, 18, 2], [19, 11, 20, 10], [21, 15, 22, 14], [23, 5, 24, 4], [1, 19, 2, 18], [3, 9, 4, 8], [5, 13, 6, 12], [7, 1, 8, 24], [9, 17, 10, 16], [11, 7, 12, 6], [13, 23, 14, 22], [15, 21, 16, 20]]"
12a_0996_17,"[[15, 21, 16, 20], [17, 3, 18, 2], [19, 11, 20, 10], [21, 15, 22, 14], [23, 5, 24, 4], [1, 19, 2, 18], [3, 9, 4, 8], [5, 13, 6, 12], [7, 1, 8, 24], [9, 17, 10, 16], [11, 7, 12, 6], [13, 23, 14, 22]]"
12a_0996_18,"[[13, 23, 14, 22], [15, 21, 16, 20], [17, 3, 18, 2], [19, 11, 20, 10], [21, 15, 22, 14], [23, 5, 24, 4], [1, 19, 2, 18], [3, 9, 4, 8], [5, 13, 6, 12], [7, 1, 8, 24], [9, 17, 10, 16], [11, 7, 12, 6]]"
12a_0996_19,"[[11, 7, 12, 6], [13, 23, 14, 22], [15, 21, 16, 20], [17, 3, 18, 2], [19, 11, 20, 10], [21, 15, 22, 14], [23, 5, 24, 4], [1, 19, 2, 18], [3, 9, 4, 8], [5, 13, 6, 12], [7, 1, 8, 24], [9, 17, 10, 16]]"
12a_0996_20,"[[9, 17, 10, 16], [11, 7, 12, 6], [13, 23, 14, 22], [15, 21, 16, 20], [17, 3, 18, 2], [19, 11, 20, 10], [21, 15, 22, 14], [23, 5, 24, 4], [1, 19, 2, 18], [3, 9, 4, 8], [5, 13, 6, 12], [7, 1, 8, 24]]"
12a_0996_21,"[[7, 1, 8, 24], [9, 17, 10, 16], [11, 7, 12, 6], [13, 23, 14, 22], [15, 21, 16, 20], [17, 3, 18, 2], [19, 11, 20, 10], [21, 15, 22, 14], [23, 5, 24, 4], [1, 19, 2, 18], [3, 9, 4, 8], [5, 13, 6, 12]]"
12a_0996_22,"[[5, 13, 6, 12], [7, 1, 8, 24], [9, 17, 10, 16], [11, 7, 12, 6], [13, 23, 14, 22], [15, 21, 16, 20], [17, 3, 18, 2], [19, 11, 20, 10], [21, 15, 22, 14], [23, 5, 24, 4], [1, 19, 2, 18], [3, 9, 4, 8]]"
12a_0996_23,"[[3, 9, 4, 8], [5, 13, 6, 12], [7, 1, 8, 24], [9, 17, 10, 16], [11, 7, 12, 6], [13, 23, 14, 22], [15, 21, 16, 20], [17, 3, 18, 2], [19, 11, 20, 10], [21, 15, 22, 14], [23, 5, 24, 4], [1, 19, 2, 18]]"
12a_0996_24,"[[2, 20, 3, 19], [4, 10, 5, 9], [6, 14, 7, 13], [8, 2, 9, 1], [10, 18, 11, 17], [12, 8, 13, 7], [14, 24, 15, 23], [16, 22, 17, 21], [18, 4, 19, 3], [20, 12, 21, 11], [22, 16, 23, 15], [24, 6, 1, 5]]"
12a_0996_25,"[[24, 6, 1, 5], [2, 20, 3, 19], [4, 10, 5, 9], [6, 14, 7, 13], [8, 2, 9, 1], [10, 18, 11, 17], [12, 8, 13, 7], [14, 24, 15, 23], [16, 22, 17, 21], [18, 4, 19, 3], [20, 12, 21, 11], [22, 16, 23, 15]]"
12a_0996_26,"[[22, 16, 23, 15], [24, 6, 1, 5], [2, 20, 3, 19], [4, 10, 5, 9], [6, 14, 7, 13], [8, 2, 9, 1], [10, 18, 11, 17], [12, 8, 13, 7], [14, 24, 15, 23], [16, 22, 17, 21], [18, 4, 19, 3], [20, 12, 21, 11]]"
12a_0996_27,"[[20, 12, 21, 11], [22, 16, 23, 15], [24, 6, 1, 5], [2, 20, 3, 19], [4, 10, 5, 9], [6, 14, 7, 13], [8, 2, 9, 1], [10, 18, 11, 17], [12, 8, 13, 7], [14, 24, 15, 23], [16, 22, 17, 21], [18, 4, 19, 3]]"
12a_0996_28,"[[18, 4, 19, 3], [20, 12, 21, 11], [22, 16, 23, 15], [24, 6, 1, 5], [2, 20, 3, 19], [4, 10, 5, 9], [6, 14, 7, 13], [8, 2, 9, 1], [10, 18, 11, 17], [12, 8, 13, 7], [14, 24, 15, 23], [16, 22, 17, 21]]"
12a_0996_29,"[[16, 22, 17, 21], [18, 4, 19, 3], [20, 12, 21, 11], [22, 16, 23, 15], [24, 6, 1, 5], [2, 20, 3, 19], [4, 10, 5, 9], [6, 14, 7, 13], [8, 2, 9, 1], [10, 18, 11, 17], [12, 8, 13, 7], [14, 24, 15, 23]]"
12a_0996_30,"[[14, 24, 15, 23], [16, 22, 17, 21], [18, 4, 19, 3], [20, 12, 21, 11], [22, 16, 23, 15], [24, 6, 1, 5], [2, 20, 3, 19], [4, 10, 5, 9], [6, 14, 7, 13], [8, 2, 9, 1], [10, 18, 11, 17], [12, 8, 13, 7]]"
12a_0996_31,"[[12, 8, 13, 7], [14, 24, 15, 23], [16, 22, 17, 21], [18, 4, 19, 3], [20, 12, 21, 11], [22, 16, 23, 15], [24, 6, 1, 5], [2, 20, 3, 19], [4, 10, 5, 9], [6, 14, 7, 13], [8, 2, 9, 1], [10, 18, 11, 17]]"
12a_0996_32,"[[10, 18, 11, 17], [12, 8, 13, 7], [14, 24, 15, 23], [16, 22, 17, 21], [18, 4, 19, 3], [20, 12, 21, 11], [22, 16, 23, 15], [24, 6, 1, 5], [2, 20, 3, 19], [4, 10, 5, 9], [6, 14, 7, 13], [8, 2, 9, 1]]"
12a_0996_33,"[[8, 2, 9, 1], [10, 18, 11, 17], [12, 8, 13, 7], [14, 24, 15, 23], [16, 22, 17, 21], [18, 4, 19, 3], [20, 12, 21, 11], [22, 16, 23, 15], [24, 6, 1, 5], [2, 20, 3, 19], [4, 10, 5, 9], [6, 14, 7, 13]]"
12a_0996_34,"[[6, 14, 7, 13], [8, 2, 9, 1], [10, 18, 11, 17], [12, 8, 13, 7], [14, 24, 15, 23], [16, 22, 17, 21], [18, 4, 19, 3], [20, 12, 21, 11], [22, 16, 23, 15], [24, 6, 1, 5], [2, 20, 3, 19], [4, 10, 5, 9]]"
12a_0996_35,"[[4, 10, 5, 9], [6, 14, 7, 13], [8, 2, 9, 1], [10, 18, 11, 17], [12, 8, 13, 7], [14, 24, 15, 23], [16, 22, 17, 21], [18, 4, 19, 3], [20, 12, 21, 11], [22, 16, 23, 15], [24, 6, 1, 5], [2, 20, 3, 19]]"
12a_0996_36,"[[3, 21, 4, 20], [5, 11, 6, 10], [7, 15, 8, 14], [9, 3, 10, 2], [11, 19, 12, 18], [13, 9, 14, 8], [15, 1, 16, 24], [17, 23, 18, 22], [19, 5, 20, 4], [21, 13, 22, 12], [23, 17, 24, 16], [1, 7, 2, 6]]"
12a_0996_37,"[[1, 7, 2, 6], [3, 21, 4, 20], [5, 11, 6, 10], [7, 15, 8, 14], [9, 3, 10, 2], [11, 19, 12, 18], [13, 9, 14, 8], [15, 1, 16, 24], [17, 23, 18, 22], [19, 5, 20, 4], [21, 13, 22, 12], [23, 17, 24, 16]]"
12a_0996_38,"[[23, 17, 24, 16], [1, 7, 2, 6], [3, 21, 4, 20], [5, 11, 6, 10], [7, 15, 8, 14], [9, 3, 10, 2], [11, 19, 12, 18], [13, 9, 14, 8], [15, 1, 16, 24], [17, 23, 18, 22], [19, 5, 20, 4], [21, 13, 22, 12]]"
12a_0996_39,"[[21, 13, 22, 12], [23, 17, 24, 16], [1, 7, 2, 6], [3, 21, 4, 20], [5, 11, 6, 10], [7, 15, 8, 14], [9, 3, 10, 2], [11, 19, 12, 18], [13, 9, 14, 8], [15, 1, 16, 24], [17, 23, 18, 22], [19, 5, 20, 4]]"
12a_0996_40,"[[19, 5, 20, 4], [21, 13, 22, 12], [23, 17, 24, 16], [1, 7, 2, 6], [3, 21, 4, 20], [5, 11, 6, 10], [7, 15, 8, 14], [9, 3, 10, 2], [11, 19, 12, 18], [13, 9, 14, 8], [15, 1, 16, 24], [17, 23, 18, 22]]"
12a_0996_41,"[[17, 23, 18, 22], [19, 5, 20, 4], [21, 13, 22, 12], [23, 17, 24, 16], [1, 7, 2, 6], [3, 21, 4, 20], [5, 11, 6, 10], [7, 15, 8, 14], [9, 3, 10, 2], [11, 19, 12, 18], [13, 9, 14, 8], [15, 1, 16, 24]]"
12a_0996_42,"[[15, 1, 16, 24], [17, 23, 18, 22], [19, 5, 20, 4], [21, 13, 22, 12], [23, 17, 24, 16], [1, 7, 2, 6], [3, 21, 4, 20], [5, 11, 6, 10], [7, 15, 8, 14], [9, 3, 10, 2], [11, 19, 12, 18], [13, 9, 14, 8]]"
12a_0996_43,"[[13, 9, 14, 8], [15, 1, 16, 24], [17, 23, 18, 22], [19, 5, 20, 4], [21, 13, 22, 12], [23, 17, 24, 16], [1, 7, 2, 6], [3, 21, 4, 20], [5, 11, 6, 10], [7, 15, 8, 14], [9, 3, 10, 2], [11, 19, 12, 18]]"
12a_0996_44,"[[11, 19, 12, 18], [13, 9, 14, 8], [15, 1, 16, 24], [17, 23, 18, 22], [19, 5, 20, 4], [21, 13, 22, 12], [23, 17, 24, 16], [1, 7, 2, 6], [3, 21, 4, 20], [5, 11, 6, 10], [7, 15, 8, 14], [9, 3, 10, 2]]"
12a_0996_45,"[[9, 3, 10, 2], [11, 19, 12, 18], [13, 9, 14, 8], [15, 1, 16, 24], [17, 23, 18, 22], [19, 5, 20, 4], [21, 13, 22, 12], [23, 17, 24, 16], [1, 7, 2, 6], [3, 21, 4, 20], [5, 11, 6, 10], [7, 15, 8, 14]]"
12a_0996_46,"[[7, 15, 8, 14], [9, 3, 10, 2], [11, 19, 12, 18], [13, 9, 14, 8], [15, 1, 16, 24], [17, 23, 18, 22], [19, 5, 20, 4], [21, 13, 22, 12], [23, 17, 24, 16], [1, 7, 2, 6], [3, 21, 4, 20], [5, 11, 6, 10]]"
12a_0996_47,"[[5, 11, 6, 10], [7, 15, 8, 14], [9, 3, 10, 2], [11, 19, 12, 18], [13, 9, 14, 8], [15, 1, 16, 24], [17, 23, 18, 22], [19, 5, 20, 4], [21, 13, 22, 12], [23, 17, 24, 16], [1, 7, 2, 6], [3, 21, 4, 20]]"
12a_0996_48,"[[4, 22, 5, 21], [6, 12, 7, 11], [8, 16, 9, 15], [10, 4, 11, 3], [12, 20, 13, 19], [14, 10, 15, 9], [16, 2, 17, 1], [18, 24, 19, 23], [20, 6, 21, 5], [22, 14, 23, 13], [24, 18, 1, 17], [2, 8, 3, 7]]"
12a_0996_49,"[[2, 8, 3, 7], [4, 22, 5, 21], [6, 12, 7, 11], [8, 16, 9, 15], [10, 4, 11, 3], [12, 20, 13, 19], [14, 10, 15, 9], [16, 2, 17, 1], [18, 24, 19, 23], [20, 6, 21, 5], [22, 14, 23, 13], [24, 18, 1, 17]]"
12a_0996_50,"[[24, 18, 1, 17], [2, 8, 3, 7], [4, 22, 5, 21], [6, 12, 7, 11], [8, 16, 9, 15], [10, 4, 11, 3], [12, 20, 13, 19], [14, 10, 15, 9], [16, 2, 17, 1], [18, 24, 19, 23], [20, 6, 21, 5], [22, 14, 23, 13]]"
12a_0996_51,"[[22, 14, 23, 13], [24, 18, 1, 17], [2, 8, 3, 7], [4, 22, 5, 21], [6, 12, 7, 11], [8, 16, 9, 15], [10, 4, 11, 3], [12, 20, 13, 19], [14, 10, 15, 9], [16, 2, 17, 1], [18, 24, 19, 23], [20, 6, 21, 5]]"
12a_0996_52,"[[20, 6, 21, 5], [22, 14, 23, 13], [24, 18, 1, 17], [2, 8, 3, 7], [4, 22, 5, 21], [6, 12, 7, 11], [8, 16, 9, 15], [10, 4, 11, 3], [12, 20, 13, 19], [14, 10, 15, 9], [16, 2, 17, 1], [18, 24, 19, 23]]"
12a_0996_53,"[[18, 24, 19, 23], [20, 6, 21, 5], [22, 14, 23, 13], [24, 18, 1, 17], [2, 8, 3, 7], [4, 22, 5, 21], [6, 12, 7, 11], [8, 16, 9, 15], [10, 4, 11, 3], [12, 20, 13, 19], [14, 10, 15, 9], [16, 2, 17, 1]]"
12a_0996_54,"[[16, 2, 17, 1], [18, 24, 19, 23], [20, 6, 21, 5], [22, 14, 23, 13], [24, 18, 1, 17], [2, 8, 3, 7], [4, 22, 5, 21], [6, 12, 7, 11], [8, 16, 9, 15], [10, 4, 11, 3], [12, 20, 13, 19], [14, 10, 15, 9]]"
12a_0996_55,"[[14, 10, 15, 9], [16, 2, 17, 1], [18, 24, 19, 23], [20, 6, 21, 5], [22, 14, 23, 13], [24, 18, 1, 17], [2, 8, 3, 7], [4, 22, 5, 21], [6, 12, 7, 11], [8, 16, 9, 15], [10, 4, 11, 3], [12, 20, 13, 19]]"
12a_0996_56,"[[12, 20, 13, 19], [14, 10, 15, 9], [16, 2, 17, 1], [18, 24, 19, 23], [20, 6, 21, 5], [22, 14, 23, 13], [24, 18, 1, 17], [2, 8, 3, 7], [4, 22, 5, 21], [6, 12, 7, 11], [8, 16, 9, 15], [10, 4, 11, 3]]"
12a_0996_57,"[[10, 4, 11, 3], [12, 20, 13, 19], [14, 10, 15, 9], [16, 2, 17, 1], [18, 24, 19, 23], [20, 6, 21, 5], [22, 14, 23, 13], [24, 18, 1, 17], [2, 8, 3, 7], [4, 22, 5, 21], [6, 12, 7, 11], [8, 16, 9, 15]]"
12a_0996_58,"[[8, 16, 9, 15], [10, 4, 11, 3], [12, 20, 13, 19], [14, 10, 15, 9], [16, 2, 17, 1], [18, 24, 19, 23], [20, 6, 21, 5], [22, 14, 23, 13], [24, 18, 1, 17], [2, 8, 3, 7], [4, 22, 5, 21], [6, 12, 7, 11]]"
12a_0996_59,"[[6, 12, 7, 11], [8, 16, 9, 15], [10, 4, 11, 3], [12, 20, 13, 19], [14, 10, 15, 9], [16, 2, 17, 1], [18, 24, 19, 23], [20, 6, 21, 5], [22, 14, 23, 13], [24, 18, 1, 17], [2, 8, 3, 7], [4, 22, 5, 21]]"
12a_0996_60,"[[5, 23, 6, 22], [7, 13, 8, 12], [9, 17, 10, 16], [11, 5, 12, 4], [13, 21, 14, 20], [15, 11, 16, 10], [17, 3, 18, 2], [19, 1, 20, 24], [21, 7, 22, 6], [23, 15, 24, 14], [1, 19, 2, 18], [3, 9, 4, 8]]"
12a_0996_61,"[[3, 9, 4, 8], [5, 23, 6, 22], [7, 13, 8, 12], [9, 17, 10, 16], [11, 5, 12, 4], [13, 21, 14, 20], [15, 11, 16, 10], [17, 3, 18, 2], [19, 1, 20, 24], [21, 7, 22, 6], [23, 15, 24, 14], [1, 19, 2, 18]]"
12a_0996_62,"[[1, 19, 2, 18], [3, 9, 4, 8], [5, 23, 6, 22], [7, 13, 8, 12], [9, 17, 10, 16], [11, 5, 12, 4], [13, 21, 14, 20], [15, 11, 16, 10], [17, 3, 18, 2], [19, 1, 20, 24], [21, 7, 22, 6], [23, 15, 24, 14]]"
12a_0996_63,"[[23, 15, 24, 14], [1, 19, 2, 18], [3, 9, 4, 8], [5, 23, 6, 22], [7, 13, 8, 12], [9, 17, 10, 16], [11, 5, 12, 4], [13, 21, 14, 20], [15, 11, 16, 10], [17, 3, 18, 2], [19, 1, 20, 24], [21, 7, 22, 6]]"
12a_0996_64,"[[21, 7, 22, 6], [23, 15, 24, 14], [1, 19, 2, 18], [3, 9, 4, 8], [5, 23, 6, 22], [7, 13, 8, 12], [9, 17, 10, 16], [11, 5, 12, 4], [13, 21, 14, 20], [15, 11, 16, 10], [17, 3, 18, 2], [19, 1, 20, 24]]"
12a_0996_65,"[[19, 1, 20, 24], [21, 7, 22, 6], [23, 15, 24, 14], [1, 19, 2, 18], [3, 9, 4, 8], [5, 23, 6, 22], [7, 13, 8, 12], [9, 17, 10, 16], [11, 5, 12, 4], [13, 21, 14, 20], [15, 11, 16, 10], [17, 3, 18, 2]]"
12a_0996_66,"[[17, 3, 18, 2], [19, 1, 20, 24], [21, 7, 22, 6], [23, 15, 24, 14], [1, 19, 2, 18], [3, 9, 4, 8], [5, 23, 6, 22], [7, 13, 8, 12], [9, 17, 10, 16], [11, 5, 12, 4], [13, 21, 14, 20], [15, 11, 16, 10]]"
12a_0996_67,"[[15, 11, 16, 10], [17, 3, 18, 2], [19, 1, 20, 24], [21, 7, 22, 6], [23, 15, 24, 14], [1, 19, 2, 18], [3, 9, 4, 8], [5, 23, 6, 22], [7, 13, 8, 12], [9, 17, 10, 16], [11, 5, 12, 4], [13, 21, 14, 20]]"
12a_0996_68,"[[13, 21, 14, 20], [15, 11, 16, 10], [17, 3, 18, 2], [19, 1, 20, 24], [21, 7, 22, 6], [23, 15, 24, 14], [1, 19, 2, 18], [3, 9, 4, 8], [5, 23, 6, 22], [7, 13, 8, 12], [9, 17, 10, 16], [11, 5, 12, 4]]"
12a_0996_69,"[[11, 5, 12, 4], [13, 21, 14, 20], [15, 11, 16, 10], [17, 3, 18, 2], [19, 1, 20, 24], [21, 7, 22, 6], [23, 15, 24, 14], [1, 19, 2, 18], [3, 9, 4, 8], [5, 23, 6, 22], [7, 13, 8, 12], [9, 17, 10, 16]]"
12a_0996_70,"[[9, 17, 10, 16], [11, 5, 12, 4], [13, 21, 14, 20], [15, 11, 16, 10], [17, 3, 18, 2], [19, 1, 20, 24], [21, 7, 22, 6], [23, 15, 24, 14], [1, 19, 2, 18], [3, 9, 4, 8], [5, 23, 6, 22], [7, 13, 8, 12]]"
12a_0996_71,"[[7, 13, 8, 12], [9, 17, 10, 16], [11, 5, 12, 4], [13, 21, 14, 20], [15, 11, 16, 10], [17, 3, 18, 2], [19, 1, 20, 24], [21, 7, 22, 6], [23, 15, 24, 14], [1, 19, 2, 18], [3, 9, 4, 8], [5, 23, 6, 22]]"
12a_0996_72,"[[6, 24, 7, 23], [8, 14, 9, 13], [10, 18, 11, 17], [12, 6, 13, 5], [14, 22, 15, 21], [16, 12, 17, 11], [18, 4, 19, 3], [20, 2, 21, 1], [22, 8, 23, 7], [24, 16, 1, 15], [2, 20, 3, 19], [4, 10, 5, 9]]"
12a_0996_73,"[[4, 10, 5, 9], [6, 24, 7, 23], [8, 14, 9, 13], [10, 18, 11, 17], [12, 6, 13, 5], [14, 22, 15, 21], [16, 12, 17, 11], [18, 4, 19, 3], [20, 2, 21, 1], [22, 8, 23, 7], [24, 16, 1, 15], [2, 20, 3, 19]]"
12a_0996_74,"[[2, 20, 3, 19], [4, 10, 5, 9], [6, 24, 7, 23], [8, 14, 9, 13], [10, 18, 11, 17], [12, 6, 13, 5], [14, 22, 15, 21], [16, 12, 17, 11], [18, 4, 19, 3], [20, 2, 21, 1], [22, 8, 23, 7], [24, 16, 1, 15]]"
12a_0996_75,"[[24, 16, 1, 15], [2, 20, 3, 19], [4, 10, 5, 9], [6, 24, 7, 23], [8, 14, 9, 13], [10, 18, 11, 17], [12, 6, 13, 5], [14, 22, 15, 21], [16, 12, 17, 11], [18, 4, 19, 3], [20, 2, 21, 1], [22, 8, 23, 7]]"
12a_0996_76,"[[22, 8, 23, 7], [24, 16, 1, 15], [2, 20, 3, 19], [4, 10, 5, 9], [6, 24, 7, 23], [8, 14, 9, 13], [10, 18, 11, 17], [12, 6, 13, 5], [14, 22, 15, 21], [16, 12, 17, 11], [18, 4, 19, 3], [20, 2, 21, 1]]"
12a_0996_77,"[[20, 2, 21, 1], [22, 8, 23, 7], [24, 16, 1, 15], [2, 20, 3, 19], [4, 10, 5, 9], [6, 24, 7, 23], [8, 14, 9, 13], [10, 18, 11, 17], [12, 6, 13, 5], [14, 22, 15, 21], [16, 12, 17, 11], [18, 4, 19, 3]]"
12a_0996_78,"[[18, 4, 19, 3], [20, 2, 21, 1], [22, 8, 23, 7], [24, 16, 1, 15], [2, 20, 3, 19], [4, 10, 5, 9], [6, 24, 7, 23], [8, 14, 9, 13], [10, 18, 11, 17], [12, 6, 13, 5], [14, 22, 15, 21], [16, 12, 17, 11]]"
12a_0996_79,"[[16, 12, 17, 11], [18, 4, 19, 3], [20, 2, 21, 1], [22, 8, 23, 7], [24, 16, 1, 15], [2, 20, 3, 19], [4, 10, 5, 9], [6, 24, 7, 23], [8, 14, 9, 13], [10, 18, 11, 17], [12, 6, 13, 5], [14, 22, 15, 21]]"
12a_0996_80,"[[14, 22, 15, 21], [16, 12, 17, 11], [18, 4, 19, 3], [20, 2, 21, 1], [22, 8, 23, 7], [24, 16, 1, 15], [2, 20, 3, 19], [4, 10, 5, 9], [6, 24, 7, 23], [8, 14, 9, 13], [10, 18, 11, 17], [12, 6, 13, 5]]"
12a_0996_81,"[[12, 6, 13, 5], [14, 22, 15, 21], [16, 12, 17, 11], [18, 4, 19, 3], [20, 2, 21, 1], [22, 8, 23, 7], [24, 16, 1, 15], [2, 20, 3, 19], [4, 10, 5, 9], [6, 24, 7, 23], [8, 14, 9, 13], [10, 18, 11, 17]]"
12a_0996_82,"[[10, 18, 11, 17], [12, 6, 13, 5], [14, 22, 15, 21], [16, 12, 17, 11], [18, 4, 19, 3], [20, 2, 21, 1], [22, 8, 23, 7], [24, 16, 1, 15], [2, 20, 3, 19], [4, 10, 5, 9], [6, 24, 7, 23], [8, 14, 9, 13]]"
12a_0996_83,"[[8, 14, 9, 13], [10, 18, 11, 17], [12, 6, 13, 5], [14, 22, 15, 21], [16, 12, 17, 11], [18, 4, 19, 3], [20, 2, 21, 1], [22, 8, 23, 7], [24, 16, 1, 15], [2, 20, 3, 19], [4, 10, 5, 9], [6, 24, 7, 23]]"
12a_0996_84,"[[7, 1, 8, 24], [9, 15, 10, 14], [11, 19, 12, 18], [13, 7, 14, 6], [15, 23, 16, 22], [17, 13, 18, 12], [19, 5, 20, 4], [21, 3, 22, 2], [23, 9, 24, 8], [1, 17, 2, 16], [3, 21, 4, 20], [5, 11, 6, 10]]"
12a_0996_85,"[[5, 11, 6, 10], [7, 1, 8, 24], [9, 15, 10, 14], [11, 19, 12, 18], [13, 7, 14, 6], [15, 23, 16, 22], [17, 13, 18, 12], [19, 5, 20, 4], [21, 3, 22, 2], [23, 9, 24, 8], [1, 17, 2, 16], [3, 21, 4, 20]]"
12a_0996_86,"[[3, 21, 4, 20], [5, 11, 6, 10], [7, 1, 8, 24], [9, 15, 10, 14], [11, 19, 12, 18], [13, 7, 14, 6], [15, 23, 16, 22], [17, 13, 18, 12], [19, 5, 20, 4], [21, 3, 22, 2], [23, 9, 24, 8], [1, 17, 2, 16]]"
12a_0996_87,"[[1, 17, 2, 16], [3, 21, 4, 20], [5, 11, 6, 10], [7, 1, 8, 24], [9, 15, 10, 14], [11, 19, 12, 18], [13, 7, 14, 6], [15, 23, 16, 22], [17, 13, 18, 12], [19, 5, 20, 4], [21, 3, 22, 2], [23, 9, 24, 8]]"
12a_0996_88,"[[23, 9, 24, 8], [1, 17, 2, 16], [3, 21, 4, 20], [5, 11, 6, 10], [7, 1, 8, 24], [9, 15, 10, 14], [11, 19, 12, 18], [13, 7, 14, 6], [15, 23, 16, 22], [17, 13, 18, 12], [19, 5, 20, 4], [21, 3, 22, 2]]"
12a_0996_89,"[[21, 3, 22, 2], [23, 9, 24, 8], [1, 17, 2, 16], [3, 21, 4, 20], [5, 11, 6, 10], [7, 1, 8, 24], [9, 15, 10, 14], [11, 19, 12, 18], [13, 7, 14, 6], [15, 23, 16, 22], [17, 13, 18, 12], [19, 5, 20, 4]]"
12a_0996_90,"[[19, 5, 20, 4], [21, 3, 22, 2], [23, 9, 24, 8], [1, 17, 2, 16], [3, 21, 4, 20], [5, 11, 6, 10], [7, 1, 8, 24], [9, 15, 10, 14], [11, 19, 12, 18], [13, 7, 14, 6], [15, 23, 16, 22], [17, 13, 18, 12]]"
12a_0996_91,"[[17, 13, 18, 12], [19, 5, 20, 4], [21, 3, 22, 2], [23, 9, 24, 8], [1, 17, 2, 16], [3, 21, 4, 20], [5, 11, 6, 10], [7, 1, 8, 24], [9, 15, 10, 14], [11, 19, 12, 18], [13, 7, 14, 6], [15, 23, 16, 22]]"
12a_0996_92,"[[15, 23, 16, 22], [17, 13, 18, 12], [19, 5, 20, 4], [21, 3, 22, 2], [23, 9, 24, 8], [1, 17, 2, 16], [3, 21, 4, 20], [5, 11, 6, 10], [7, 1, 8, 24], [9, 15, 10, 14], [11, 19, 12, 18], [13, 7, 14, 6]]"
12a_0996_93,"[[13, 7, 14, 6], [15, 23, 16, 22], [17, 13, 18, 12], [19, 5, 20, 4], [21, 3, 22, 2], [23, 9, 24, 8], [1, 17, 2, 16], [3, 21, 4, 20], [5, 11, 6, 10], [7, 1, 8, 24], [9, 15, 10, 14], [11, 19, 12, 18]]"
12a_0996_94,"[[11, 19, 12, 18], [13, 7, 14, 6], [15, 23, 16, 22], [17, 13, 18, 12], [19, 5, 20, 4], [21, 3, 22, 2], [23, 9, 24, 8], [1, 17, 2, 16], [3, 21, 4, 20], [5, 11, 6, 10], [7, 1, 8, 24], [9, 15, 10, 14]]"
12a_0996_95,"[[9, 15, 10, 14], [11, 19, 12, 18], [13, 7, 14, 6], [15, 23, 16, 22], [17, 13, 18, 12], [19, 5, 20, 4], [21, 3, 22, 2], [23, 9, 24, 8], [1, 17, 2, 16], [3, 21, 4, 20], [5, 11, 6, 10], [7, 1, 8, 24]]"
12a_0996_96,"[[8, 2, 9, 1], [10, 16, 11, 15], [12, 20, 13, 19], [14, 8, 15, 7], [16, 24, 17, 23], [18, 14, 19, 13], [20, 6, 21, 5], [22, 4, 23, 3], [24, 10, 1, 9], [2, 18, 3, 17], [4, 22, 5, 21], [6, 12, 7, 11]]"
12a_0996_97,"[[6, 12, 7, 11], [8, 2, 9, 1], [10, 16, 11, 15], [12, 20, 13, 19], [14, 8, 15, 7], [16, 24, 17, 23], [18, 14, 19, 13], [20, 6, 21, 5], [22, 4, 23, 3], [24, 10, 1, 9], [2, 18, 3, 17], [4, 22, 5, 21]]"
12a_0996_98,"[[4, 22, 5, 21], [6, 12, 7, 11], [8, 2, 9, 1], [10, 16, 11, 15], [12, 20, 13, 19], [14, 8, 15, 7], [16, 24, 17, 23], [18, 14, 19, 13], [20, 6, 21, 5], [22, 4, 23, 3], [24, 10, 1, 9], [2, 18, 3, 17]]"
12a_0996_99,"[[2, 18, 3, 17], [4, 22, 5, 21], [6, 12, 7, 11], [8, 2, 9, 1], [10, 16, 11, 15], [12, 20, 13, 19], [14, 8, 15, 7], [16, 24, 17, 23], [18, 14, 19, 13], [20, 6, 21, 5], [22, 4, 23, 3], [24, 10, 1, 9]]"
12a_0996_100,"[[24, 10, 1, 9], [2, 18, 3, 17], [4, 22, 5, 21], [6, 12, 7, 11], [8, 2, 9, 1], [10, 16, 11, 15], [12, 20, 13, 19], [14, 8, 15, 7], [16, 24, 17, 23], [18, 14, 19, 13], [20, 6, 21, 5], [22, 4, 23, 3]]"
12a_0996_101,"[[22, 4, 23, 3], [24, 10, 1, 9], [2, 18, 3, 17], [4, 22, 5, 21], [6, 12, 7, 11], [8, 2, 9, 1], [10, 16, 11, 15], [12, 20, 13, 19], [14, 8, 15, 7], [16, 24, 17, 23], [18, 14, 19, 13], [20, 6, 21, 5]]"
12a_0996_102,"[[20, 6, 21, 5], [22, 4, 23, 3], [24, 10, 1, 9], [2, 18, 3, 17], [4, 22, 5, 21], [6, 12, 7, 11], [8, 2, 9, 1], [10, 16, 11, 15], [12, 20, 13, 19], [14, 8, 15, 7], [16, 24, 17, 23], [18, 14, 19, 13]]"
12a_0996_103,"[[18, 14, 19, 13], [20, 6, 21, 5], [22, 4, 23, 3], [24, 10, 1, 9], [2, 18, 3, 17], [4, 22, 5, 21], [6, 12, 7, 11], [8, 2, 9, 1], [10, 16, 11, 15], [12, 20, 13, 19], [14, 8, 15, 7], [16, 24, 17, 23]]"
12a_0996_104,"[[16, 24, 17, 23], [18, 14, 19, 13], [20, 6, 21, 5], [22, 4, 23, 3], [24, 10, 1, 9], [2, 18, 3, 17], [4, 22, 5, 21], [6, 12, 7, 11], [8, 2, 9, 1], [10, 16, 11, 15], [12, 20, 13, 19], [14, 8, 15, 7]]"
12a_0996_105,"[[14, 8, 15, 7], [16, 24, 17, 23], [18, 14, 19, 13], [20, 6, 21, 5], [22, 4, 23, 3], [24, 10, 1, 9], [2, 18, 3, 17], [4, 22, 5, 21], [6, 12, 7, 11], [8, 2, 9, 1], [10, 16, 11, 15], [12, 20, 13, 19]]"
12a_0996_106,"[[12, 20, 13, 19], [14, 8, 15, 7], [16, 24, 17, 23], [18, 14, 19, 13], [20, 6, 21, 5], [22, 4, 23, 3], [24, 10, 1, 9], [2, 18, 3, 17], [4, 22, 5, 21], [6, 12, 7, 11], [8, 2, 9, 1], [10, 16, 11, 15]]"
12a_0996_107,"[[10, 16, 11, 15], [12, 20, 13, 19], [14, 8, 15, 7], [16, 24, 17, 23], [18, 14, 19, 13], [20, 6, 21, 5], [22, 4, 23, 3], [24, 10, 1, 9], [2, 18, 3, 17], [4, 22, 5, 21], [6, 12, 7, 11], [8, 2, 9, 1]]"
12a_0996_108,"[[9, 3, 10, 2], [11, 17, 12, 16], [13, 21, 14, 20], [15, 9, 16, 8], [17, 1, 18, 24], [19, 15, 20, 14], [21, 7, 22, 6], [23, 5, 24, 4], [1, 11, 2, 10], [3, 19, 4, 18], [5, 23, 6, 22], [7, 13, 8, 12]]"
12a_0996_109,"[[7, 13, 8, 12], [9, 3, 10, 2], [11, 17, 12, 16], [13, 21, 14, 20], [15, 9, 16, 8], [17, 1, 18, 24], [19, 15, 20, 14], [21, 7, 22, 6], [23, 5, 24, 4], [1, 11, 2, 10], [3, 19, 4, 18], [5, 23, 6, 22]]"
12a_0996_110,"[[5, 23, 6, 22], [7, 13, 8, 12], [9, 3, 10, 2], [11, 17, 12, 16], [13, 21, 14, 20], [15, 9, 16, 8], [17, 1, 18, 24], [19, 15, 20, 14], [21, 7, 22, 6], [23, 5, 24, 4], [1, 11, 2, 10], [3, 19, 4, 18]]"
12a_0996_111,"[[3, 19, 4, 18], [5, 23, 6, 22], [7, 13, 8, 12], [9, 3, 10, 2], [11, 17, 12, 16], [13, 21, 14, 20], [15, 9, 16, 8], [17, 1, 18, 24], [19, 15, 20, 14], [21, 7, 22, 6], [23, 5, 24, 4], [1, 11, 2, 10]]"
12a_0996_112,"[[1, 11, 2, 10], [3, 19, 4, 18], [5, 23, 6, 22], [7, 13, 8, 12], [9, 3, 10, 2], [11, 17, 12, 16], [13, 21, 14, 20], [15, 9, 16, 8], [17, 1, 18, 24], [19, 15, 20, 14], [21, 7, 22, 6], [23, 5, 24, 4]]"
12a_0996_113,"[[23, 5, 24, 4], [1, 11, 2, 10], [3, 19, 4, 18], [5, 23, 6, 22], [7, 13, 8, 12], [9, 3, 10, 2], [11, 17, 12, 16], [13, 21, 14, 20], [15, 9, 16, 8], [17, 1, 18, 24], [19, 15, 20, 14], [21, 7, 22, 6]]"
12a_0996_114,"[[21, 7, 22, 6], [23, 5, 24, 4], [1, 11, 2, 10], [3, 19, 4, 18], [5, 23, 6, 22], [7, 13, 8, 12], [9, 3, 10, 2], [11, 17, 12, 16], [13, 21, 14, 20], [15, 9, 16, 8], [17, 1, 18, 24], [19, 15, 20, 14]]"
12a_0996_115,"[[19, 15, 20, 14], [21, 7, 22, 6], [23, 5, 24, 4], [1, 11, 2, 10], [3, 19, 4, 18], [5, 23, 6, 22], [7, 13, 8, 12], [9, 3, 10, 2], [11, 17, 12, 16], [13, 21, 14, 20], [15, 9, 16, 8], [17, 1, 18, 24]]"
12a_0996_116,"[[17, 1, 18, 24], [19, 15, 20, 14], [21, 7, 22, 6], [23, 5, 24, 4], [1, 11, 2, 10], [3, 19, 4, 18], [5, 23, 6, 22], [7, 13, 8, 12], [9, 3, 10, 2], [11, 17, 12, 16], [13, 21, 14, 20], [15, 9, 16, 8]]"
12a_0996_117,"[[15, 9, 16, 8], [17, 1, 18, 24], [19, 15, 20, 14], [21, 7, 22, 6], [23, 5, 24, 4], [1, 11, 2, 10], [3, 19, 4, 18], [5, 23, 6, 22], [7, 13, 8, 12], [9, 3, 10, 2], [11, 17, 12, 16], [13, 21, 14, 20]]"
12a_0996_118,"[[13, 21, 14, 20], [15, 9, 16, 8], [17, 1, 18, 24], [19, 15, 20, 14], [21, 7, 22, 6], [23, 5, 24, 4], [1, 11, 2, 10], [3, 19, 4, 18], [5, 23, 6, 22], [7, 13, 8, 12], [9, 3, 10, 2], [11, 17, 12, 16]]"
12a_0996_119,"[[11, 17, 12, 16], [13, 21, 14, 20], [15, 9, 16, 8], [17, 1, 18, 24], [19, 15, 20, 14], [21, 7, 22, 6], [23, 5, 24, 4], [1, 11, 2, 10], [3, 19, 4, 18], [5, 23, 6, 22], [7, 13, 8, 12], [9, 3, 10, 2]]"
12a_0996_120,"[[10, 4, 11, 3], [12, 18, 13, 17], [14, 22, 15, 21], [16, 10, 17, 9], [18, 2, 19, 1], [20, 16, 21, 15], [22, 8, 23, 7], [24, 6, 1, 5], [2, 12, 3, 11], [4, 20, 5, 19], [6, 24, 7, 23], [8, 14, 9, 13]]"
12a_0996_121,"[[8, 14, 9, 13], [10, 4, 11, 3], [12, 18, 13, 17], [14, 22, 15, 21], [16, 10, 17, 9], [18, 2, 19, 1], [20, 16, 21, 15], [22, 8, 23, 7], [24, 6, 1, 5], [2, 12, 3, 11], [4, 20, 5, 19], [6, 24, 7, 23]]"
12a_0996_122,"[[6, 24, 7, 23], [8, 14, 9, 13], [10, 4, 11, 3], [12, 18, 13, 17], [14, 22, 15, 21], [16, 10, 17, 9], [18, 2, 19, 1], [20, 16, 21, 15], [22, 8, 23, 7], [24, 6, 1, 5], [2, 12, 3, 11], [4, 20, 5, 19]]"
12a_0996_123,"[[4, 20, 5, 19], [6, 24, 7, 23], [8, 14, 9, 13], [10, 4, 11, 3], [12, 18, 13, 17], [14, 22, 15, 21], [16, 10, 17, 9], [18, 2, 19, 1], [20, 16, 21, 15], [22, 8, 23, 7], [24, 6, 1, 5], [2, 12, 3, 11]]"
12a_0996_124,"[[2, 12, 3, 11], [4, 20, 5, 19], [6, 24, 7, 23], [8, 14, 9, 13], [10, 4, 11, 3], [12, 18, 13, 17], [14, 22, 15, 21], [16, 10, 17, 9], [18, 2, 19, 1], [20, 16, 21, 15], [22, 8, 23, 7], [24, 6, 1, 5]]"
12a_0996_125,"[[24, 6, 1, 5], [2, 12, 3, 11], [4, 20, 5, 19], [6, 24, 7, 23], [8, 14, 9, 13], [10, 4, 11, 3], [12, 18, 13, 17], [14, 22, 15, 21], [16, 10, 17, 9], [18, 2, 19, 1], [20, 16, 21, 15], [22, 8, 23, 7]]"
12a_0996_126,"[[22, 8, 23, 7], [24, 6, 1, 5], [2, 12, 3, 11], [4, 20, 5, 19], [6, 24, 7, 23], [8, 14, 9, 13], [10, 4, 11, 3], [12, 18, 13, 17], [14, 22, 15, 21], [16, 10, 17, 9], [18, 2, 19, 1], [20, 16, 21, 15]]"
12a_0996_127,"[[20, 16, 21, 15], [22, 8, 23, 7], [24, 6, 1, 5], [2, 12, 3, 11], [4, 20, 5, 19], [6, 24, 7, 23], [8, 14, 9, 13], [10, 4, 11, 3], [12, 18, 13, 17], [14, 22, 15, 21], [16, 10, 17, 9], [18, 2, 19, 1]]"
12a_0996_128,"[[18, 2, 19, 1], [20, 16, 21, 15], [22, 8, 23, 7], [24, 6, 1, 5], [2, 12, 3, 11], [4, 20, 5, 19], [6, 24, 7, 23], [8, 14, 9, 13], [10, 4, 11, 3], [12, 18, 13, 17], [14, 22, 15, 21], [16, 10, 17, 9]]"
12a_0996_129,"[[16, 10, 17, 9], [18, 2, 19, 1], [20, 16, 21, 15], [22, 8, 23, 7], [24, 6, 1, 5], [2, 12, 3, 11], [4, 20, 5, 19], [6, 24, 7, 23], [8, 14, 9, 13], [10, 4, 11, 3], [12, 18, 13, 17], [14, 22, 15, 21]]"
12a_0996_130,"[[14, 22, 15, 21], [16, 10, 17, 9], [18, 2, 19, 1], [20, 16, 21, 15], [22, 8, 23, 7], [24, 6, 1, 5], [2, 12, 3, 11], [4, 20, 5, 19], [6, 24, 7, 23], [8, 14, 9, 13], [10, 4, 11, 3], [12, 18, 13, 17]]"
12a_0996_131,"[[12, 18, 13, 17], [14, 22, 15, 21], [16, 10, 17, 9], [18, 2, 19, 1], [20, 16, 21, 15], [22, 8, 23, 7], [24, 6, 1, 5], [2, 12, 3, 11], [4, 20, 5, 19], [6, 24, 7, 23], [8, 14, 9, 13], [10, 4, 11, 3]]"
12a_0996_132,"[[11, 5, 12, 4], [13, 19, 14, 18], [15, 23, 16, 22], [17, 11, 18, 10], [19, 3, 20, 2], [21, 17, 22, 16], [23, 9, 24, 8], [1, 7, 2, 6], [3, 13, 4, 12], [5, 21, 6, 20], [7, 1, 8, 24], [9, 15, 10, 14]]"
12a_0996_133,"[[9, 15, 10, 14], [11, 5, 12, 4], [13, 19, 14, 18], [15, 23, 16, 22], [17, 11, 18, 10], [19, 3, 20, 2], [21, 17, 22, 16], [23, 9, 24, 8], [1, 7, 2, 6], [3, 13, 4, 12], [5, 21, 6, 20], [7, 1, 8, 24]]"
12a_0996_134,"[[7, 1, 8, 24], [9, 15, 10, 14], [11, 5, 12, 4], [13, 19, 14, 18], [15, 23, 16, 22], [17, 11, 18, 10], [19, 3, 20, 2], [21, 17, 22, 16], [23, 9, 24, 8], [1, 7, 2, 6], [3, 13, 4, 12], [5, 21, 6, 20]]"
12a_0996_135,"[[5, 21, 6, 20], [7, 1, 8, 24], [9, 15, 10, 14], [11, 5, 12, 4], [13, 19, 14, 18], [15, 23, 16, 22], [17, 11, 18, 10], [19, 3, 20, 2], [21, 17, 22, 16], [23, 9, 24, 8], [1, 7, 2, 6], [3, 13, 4, 12]]"
12a_0996_136,"[[3, 13, 4, 12], [5, 21, 6, 20], [7, 1, 8, 24], [9, 15, 10, 14], [11, 5, 12, 4], [13, 19, 14, 18], [15, 23, 16, 22], [17, 11, 18, 10], [19, 3, 20, 2], [21, 17, 22, 16], [23, 9, 24, 8], [1, 7, 2, 6]]"
12a_0996_137,"[[1, 7, 2, 6], [3, 13, 4, 12], [5, 21, 6, 20], [7, 1, 8, 24], [9, 15, 10, 14], [11, 5, 12, 4], [13, 19, 14, 18], [15, 23, 16, 22], [17, 11, 18, 10], [19, 3, 20, 2], [21, 17, 22, 16], [23, 9, 24, 8]]"
12a_0996_138,"[[23, 9, 24, 8], [1, 7, 2, 6], [3, 13, 4, 12], [5, 21, 6, 20], [7, 1, 8, 24], [9, 15, 10, 14], [11, 5, 12, 4], [13, 19, 14, 18], [15, 23, 16, 22], [17, 11, 18, 10], [19, 3, 20, 2], [21, 17, 22, 16]]"
12a_0996_139,"[[21, 17, 22, 16], [23, 9, 24, 8], [1, 7, 2, 6], [3, 13, 4, 12], [5, 21, 6, 20], [7, 1, 8, 24], [9, 15, 10, 14], [11, 5, 12, 4], [13, 19, 14, 18], [15, 23, 16, 22], [17, 11, 18, 10], [19, 3, 20, 2]]"
12a_0996_140,"[[19, 3, 20, 2], [21, 17, 22, 16], [23, 9, 24, 8], [1, 7, 2, 6], [3, 13, 4, 12], [5, 21, 6, 20], [7, 1, 8, 24], [9, 15, 10, 14], [11, 5, 12, 4], [13, 19, 14, 18], [15, 23, 16, 22], [17, 11, 18, 10]]"
12a_0996_141,"[[17, 11, 18, 10], [19, 3, 20, 2], [21, 17, 22, 16], [23, 9, 24, 8], [1, 7, 2, 6], [3, 13, 4, 12], [5, 21, 6, 20], [7, 1, 8, 24], [9, 15, 10, 14], [11, 5, 12, 4], [13, 19, 14, 18], [15, 23, 16, 22]]"
12a_0996_142,"[[15, 23, 16, 22], [17, 11, 18, 10], [19, 3, 20, 2], [21, 17, 22, 16], [23, 9, 24, 8], [1, 7, 2, 6], [3, 13, 4, 12], [5, 21, 6, 20], [7, 1, 8, 24], [9, 15, 10, 14], [11, 5, 12, 4], [13, 19, 14, 18]]"
12a_0996_143,"[[13, 19, 14, 18], [15, 23, 16, 22], [17, 11, 18, 10], [19, 3, 20, 2], [21, 17, 22, 16], [23, 9, 24, 8], [1, 7, 2, 6], [3, 13, 4, 12], [5, 21, 6, 20], [7, 1, 8, 24], [9, 15, 10, 14], [11, 5, 12, 4]]"
12a_0996_144,"[[12, 6, 13, 5], [14, 20, 15, 19], [16, 24, 17, 23], [18, 12, 19, 11], [20, 4, 21, 3], [22, 18, 23, 17], [24, 10, 1, 9], [2, 8, 3, 7], [4, 14, 5, 13], [6, 22, 7, 21], [8, 2, 9, 1], [10, 16, 11, 15]]"
12a_0996_145,"[[10, 16, 11, 15], [12, 6, 13, 5], [14, 20, 15, 19], [16, 24, 17, 23], [18, 12, 19, 11], [20, 4, 21, 3], [22, 18, 23, 17], [24, 10, 1, 9], [2, 8, 3, 7], [4, 14, 5, 13], [6, 22, 7, 21], [8, 2, 9, 1]]"
12a_0996_146,"[[8, 2, 9, 1], [10, 16, 11, 15], [12, 6, 13, 5], [14, 20, 15, 19], [16, 24, 17, 23], [18, 12, 19, 11], [20, 4, 21, 3], [22, 18, 23, 17], [24, 10, 1, 9], [2, 8, 3, 7], [4, 14, 5, 13], [6, 22, 7, 21]]"
12a_0996_147,"[[6, 22, 7, 21], [8, 2, 9, 1], [10, 16, 11, 15], [12, 6, 13, 5], [14, 20, 15, 19], [16, 24, 17, 23], [18, 12, 19, 11], [20, 4, 21, 3], [22, 18, 23, 17], [24, 10, 1, 9], [2, 8, 3, 7], [4, 14, 5, 13]]"
12a_0996_148,"[[4, 14, 5, 13], [6, 22, 7, 21], [8, 2, 9, 1], [10, 16, 11, 15], [12, 6, 13, 5], [14, 20, 15, 19], [16, 24, 17, 23], [18, 12, 19, 11], [20, 4, 21, 3], [22, 18, 23, 17], [24, 10, 1, 9], [2, 8, 3, 7]]"
12a_0996_149,"[[2, 8, 3, 7], [4, 14, 5, 13], [6, 22, 7, 21], [8, 2, 9, 1], [10, 16, 11, 15], [12, 6, 13, 5], [14, 20, 15, 19], [16, 24, 17, 23], [18, 12, 19, 11], [20, 4, 21, 3], [22, 18, 23, 17], [24, 10, 1, 9]]"
12a_0996_150,"[[24, 10, 1, 9], [2, 8, 3, 7], [4, 14, 5, 13], [6, 22, 7, 21], [8, 2, 9, 1], [10, 16, 11, 15], [12, 6, 13, 5], [14, 20, 15, 19], [16, 24, 17, 23], [18, 12, 19, 11], [20, 4, 21, 3], [22, 18, 23, 17]]"
12a_0996_151,"[[22, 18, 23, 17], [24, 10, 1, 9], [2, 8, 3, 7], [4, 14, 5, 13], [6, 22, 7, 21], [8, 2, 9, 1], [10, 16, 11, 15], [12, 6, 13, 5], [14, 20, 15, 19], [16, 24, 17, 23], [18, 12, 19, 11], [20, 4, 21, 3]]"
12a_0996_152,"[[20, 4, 21, 3], [22, 18, 23, 17], [24, 10, 1, 9], [2, 8, 3, 7], [4, 14, 5, 13], [6, 22, 7, 21], [8, 2, 9, 1], [10, 16, 11, 15], [12, 6, 13, 5], [14, 20, 15, 19], [16, 24, 17, 23], [18, 12, 19, 11]]"
12a_0996_153,"[[18, 12, 19, 11], [20, 4, 21, 3], [22, 18, 23, 17], [24, 10, 1, 9], [2, 8, 3, 7], [4, 14, 5, 13], [6, 22, 7, 21], [8, 2, 9, 1], [10, 16, 11, 15], [12, 6, 13, 5], [14, 20, 15, 19], [16, 24, 17, 23]]"
12a_0996_154,"[[16, 24, 17, 23], [18, 12, 19, 11], [20, 4, 21, 3], [22, 18, 23, 17], [24, 10, 1, 9], [2, 8, 3, 7], [4, 14, 5, 13], [6, 22, 7, 21], [8, 2, 9, 1], [10, 16, 11, 15], [12, 6, 13, 5], [14, 20, 15, 19]]"
12a_0996_155,"[[14, 20, 15, 19], [16, 24, 17, 23], [18, 12, 19, 11], [20, 4, 21, 3], [22, 18, 23, 17], [24, 10, 1, 9], [2, 8, 3, 7], [4, 14, 5, 13], [6, 22, 7, 21], [8, 2, 9, 1], [10, 16, 11, 15], [12, 6, 13, 5]]"
12a_0996_156,"[[13, 7, 14, 6], [15, 21, 16, 20], [17, 1, 18, 24], [19, 13, 20, 12], [21, 5, 22, 4], [23, 19, 24, 18], [1, 11, 2, 10], [3, 9, 4, 8], [5, 15, 6, 14], [7, 23, 8, 22], [9, 3, 10, 2], [11, 17, 12, 16]]"
12a_0996_157,"[[11, 17, 12, 16], [13, 7, 14, 6], [15, 21, 16, 20], [17, 1, 18, 24], [19, 13, 20, 12], [21, 5, 22, 4], [23, 19, 24, 18], [1, 11, 2, 10], [3, 9, 4, 8], [5, 15, 6, 14], [7, 23, 8, 22], [9, 3, 10, 2]]"
12a_0996_158,"[[9, 3, 10, 2], [11, 17, 12, 16], [13, 7, 14, 6], [15, 21, 16, 20], [17, 1, 18, 24], [19, 13, 20, 12], [21, 5, 22, 4], [23, 19, 24, 18], [1, 11, 2, 10], [3, 9, 4, 8], [5, 15, 6, 14], [7, 23, 8, 22]]"
12a_0996_159,"[[7, 23, 8, 22], [9, 3, 10, 2], [11, 17, 12, 16], [13, 7, 14, 6], [15, 21, 16, 20], [17, 1, 18, 24], [19, 13, 20, 12], [21, 5, 22, 4], [23, 19, 24, 18], [1, 11, 2, 10], [3, 9, 4, 8], [5, 15, 6, 14]]"
12a_0996_160,"[[5, 15, 6, 14], [7, 23, 8, 22], [9, 3, 10, 2], [11, 17, 12, 16], [13, 7, 14, 6], [15, 21, 16, 20], [17, 1, 18, 24], [19, 13, 20, 12], [21, 5, 22, 4], [23, 19, 24, 18], [1, 11, 2, 10], [3, 9, 4, 8]]"
12a_0996_161,"[[3, 9, 4, 8], [5, 15, 6, 14], [7, 23, 8, 22], [9, 3, 10, 2], [11, 17, 12, 16], [13, 7, 14, 6], [15, 21, 16, 20], [17, 1, 18, 24], [19, 13, 20, 12], [21, 5, 22, 4], [23, 19, 24, 18], [1, 11, 2, 10]]"
12a_0996_162,"[[1, 11, 2, 10], [3, 9, 4, 8], [5, 15, 6, 14], [7, 23, 8, 22], [9, 3, 10, 2], [11, 17, 12, 16], [13, 7, 14, 6], [15, 21, 16, 20], [17, 1, 18, 24], [19, 13, 20, 12], [21, 5, 22, 4], [23, 19, 24, 18]]"
12a_0996_163,"[[23, 19, 24, 18], [1, 11, 2, 10], [3, 9, 4, 8], [5, 15, 6, 14], [7, 23, 8, 22], [9, 3, 10, 2], [11, 17, 12, 16], [13, 7, 14, 6], [15, 21, 16, 20], [17, 1, 18, 24], [19, 13, 20, 12], [21, 5, 22, 4]]"
12a_0996_164,"[[21, 5, 22, 4], [23, 19, 24, 18], [1, 11, 2, 10], [3, 9, 4, 8], [5, 15, 6, 14], [7, 23, 8, 22], [9, 3, 10, 2], [11, 17, 12, 16], [13, 7, 14, 6], [15, 21, 16, 20], [17, 1, 18, 24], [19, 13, 20, 12]]"
12a_0996_165,"[[19, 13, 20, 12], [21, 5, 22, 4], [23, 19, 24, 18], [1, 11, 2, 10], [3, 9, 4, 8], [5, 15, 6, 14], [7, 23, 8, 22], [9, 3, 10, 2], [11, 17, 12, 16], [13, 7, 14, 6], [15, 21, 16, 20], [17, 1, 18, 24]]"
12a_0996_166,"[[17, 1, 18, 24], [19, 13, 20, 12], [21, 5, 22, 4], [23, 19, 24, 18], [1, 11, 2, 10], [3, 9, 4, 8], [5, 15, 6, 14], [7, 23, 8, 22], [9, 3, 10, 2], [11, 17, 12, 16], [13, 7, 14, 6], [15, 21, 16, 20]]"
12a_0996_167,"[[15, 21, 16, 20], [17, 1, 18, 24], [19, 13, 20, 12], [21, 5, 22, 4], [23, 19, 24, 18], [1, 11, 2, 10], [3, 9, 4, 8], [5, 15, 6, 14], [7, 23, 8, 22], [9, 3, 10, 2], [11, 17, 12, 16], [13, 7, 14, 6]]"
12a_0996_168,"[[14, 8, 15, 7], [16, 22, 17, 21], [18, 2, 19, 1], [20, 14, 21, 13], [22, 6, 23, 5], [24, 20, 1, 19], [2, 12, 3, 11], [4, 10, 5, 9], [6, 16, 7, 15], [8, 24, 9, 23], [10, 4, 11, 3], [12, 18, 13, 17]]"
12a_0996_169,"[[12, 18, 13, 17], [14, 8, 15, 7], [16, 22, 17, 21], [18, 2, 19, 1], [20, 14, 21, 13], [22, 6, 23, 5], [24, 20, 1, 19], [2, 12, 3, 11], [4, 10, 5, 9], [6, 16, 7, 15], [8, 24, 9, 23], [10, 4, 11, 3]]"
12a_0996_170,"[[10, 4, 11, 3], [12, 18, 13, 17], [14, 8, 15, 7], [16, 22, 17, 21], [18, 2, 19, 1], [20, 14, 21, 13], [22, 6, 23, 5], [24, 20, 1, 19], [2, 12, 3, 11], [4, 10, 5, 9], [6, 16, 7, 15], [8, 24, 9, 23]]"
12a_0996_171,"[[8, 24, 9, 23], [10, 4, 11, 3], [12, 18, 13, 17], [14, 8, 15, 7], [16, 22, 17, 21], [18, 2, 19, 1], [20, 14, 21, 13], [22, 6, 23, 5], [24, 20, 1, 19], [2, 12, 3, 11], [4, 10, 5, 9], [6, 16, 7, 15]]"
12a_0996_172,"[[6, 16, 7, 15], [8, 24, 9, 23], [10, 4, 11, 3], [12, 18, 13, 17], [14, 8, 15, 7], [16, 22, 17, 21], [18, 2, 19, 1], [20, 14, 21, 13], [22, 6, 23, 5], [24, 20, 1, 19], [2, 12, 3, 11], [4, 10, 5, 9]]"
12a_0996_173,"[[4, 10, 5, 9], [6, 16, 7, 15], [8, 24, 9, 23], [10, 4, 11, 3], [12, 18, 13, 17], [14, 8, 15, 7], [16, 22, 17, 21], [18, 2, 19, 1], [20, 14, 21, 13], [22, 6, 23, 5], [24, 20, 1, 19], [2, 12, 3, 11]]"
12a_0996_174,"[[2, 12, 3, 11], [4, 10, 5, 9], [6, 16, 7, 15], [8, 24, 9, 23], [10, 4, 11, 3], [12, 18, 13, 17], [14, 8, 15, 7], [16, 22, 17, 21], [18, 2, 19, 1], [20, 14, 21, 13], [22, 6, 23, 5], [24, 20, 1, 19]]"
12a_0996_175,"[[24, 20, 1, 19], [2, 12, 3, 11], [4, 10, 5, 9], [6, 16, 7, 15], [8, 24, 9, 23], [10, 4, 11, 3], [12, 18, 13, 17], [14, 8, 15, 7], [16, 22, 17, 21], [18, 2, 19, 1], [20, 14, 21, 13], [22, 6, 23, 5]]"
12a_0996_176,"[[22, 6, 23, 5], [24, 20, 1, 19], [2, 12, 3, 11], [4, 10, 5, 9], [6, 16, 7, 15], [8, 24, 9, 23], [10, 4, 11, 3], [12, 18, 13, 17], [14, 8, 15, 7], [16, 22, 17, 21], [18, 2, 19, 1], [20, 14, 21, 13]]"
12a_0996_177,"[[20, 14, 21, 13], [22, 6, 23, 5], [24, 20, 1, 19], [2, 12, 3, 11], [4, 10, 5, 9], [6, 16, 7, 15], [8, 24, 9, 23], [10, 4, 11, 3], [12, 18, 13, 17], [14, 8, 15, 7], [16, 22, 17, 21], [18, 2, 19, 1]]"
12a_0996_178,"[[18, 2, 19, 1], [20, 14, 21, 13], [22, 6, 23, 5], [24, 20, 1, 19], [2, 12, 3, 11], [4, 10, 5, 9], [6, 16, 7, 15], [8, 24, 9, 23], [10, 4, 11, 3], [12, 18, 13, 17], [14, 8, 15, 7], [16, 22, 17, 21]]"
12a_0996_179,"[[16, 22, 17, 21], [18, 2, 19, 1], [20, 14, 21, 13], [22, 6, 23, 5], [24, 20, 1, 19], [2, 12, 3, 11], [4, 10, 5, 9], [6, 16, 7, 15], [8, 24, 9, 23], [10, 4, 11, 3], [12, 18, 13, 17], [14, 8, 15, 7]]"
12a_0996_180,"[[15, 9, 16, 8], [17, 23, 18, 22], [19, 3, 20, 2], [21, 15, 22, 14], [23, 7, 24, 6], [1, 21, 2, 20], [3, 13, 4, 12], [5, 11, 6, 10], [7, 17, 8, 16], [9, 1, 10, 24], [11, 5, 12, 4], [13, 19, 14, 18]]"
12a_0996_181,"[[13, 19, 14, 18], [15, 9, 16, 8], [17, 23, 18, 22], [19, 3, 20, 2], [21, 15, 22, 14], [23, 7, 24, 6], [1, 21, 2, 20], [3, 13, 4, 12], [5, 11, 6, 10], [7, 17, 8, 16], [9, 1, 10, 24], [11, 5, 12, 4]]"
12a_0996_182,"[[11, 5, 12, 4], [13, 19, 14, 18], [15, 9, 16, 8], [17, 23, 18, 22], [19, 3, 20, 2], [21, 15, 22, 14], [23, 7, 24, 6], [1, 21, 2, 20], [3, 13, 4, 12], [5, 11, 6, 10], [7, 17, 8, 16], [9, 1, 10, 24]]"
12a_0996_183,"[[9, 1, 10, 24], [11, 5, 12, 4], [13, 19, 14, 18], [15, 9, 16, 8], [17, 23, 18, 22], [19, 3, 20, 2], [21, 15, 22, 14], [23, 7, 24, 6], [1, 21, 2, 20], [3, 13, 4, 12], [5, 11, 6, 10], [7, 17, 8, 16]]"
12a_0996_184,"[[7, 17, 8, 16], [9, 1, 10, 24], [11, 5, 12, 4], [13, 19, 14, 18], [15, 9, 16, 8], [17, 23, 18, 22], [19, 3, 20, 2], [21, 15, 22, 14], [23, 7, 24, 6], [1, 21, 2, 20], [3, 13, 4, 12], [5, 11, 6, 10]]"
12a_0996_185,"[[5, 11, 6, 10], [7, 17, 8, 16], [9, 1, 10, 24], [11, 5, 12, 4], [13, 19, 14, 18], [15, 9, 16, 8], [17, 23, 18, 22], [19, 3, 20, 2], [21, 15, 22, 14], [23, 7, 24, 6], [1, 21, 2, 20], [3, 13, 4, 12]]"
