name,pd_notation
12a_0574_0,"[[24, 16, 1, 15], [2, 6, 3, 5], [4, 14, 5, 13], [6, 18, 7, 17], [8, 20, 9, 19], [10, 22, 11, 21], [12, 4, 13, 3], [14, 24, 15, 23], [16, 12, 17, 11], [18, 8, 19, 7], [20, 10, 21, 9], [22, 2, 23, 1]]"
12a_0574_1,"[[22, 2, 23, 1], [24, 16, 1, 15], [2, 6, 3, 5], [4, 14, 5, 13], [6, 18, 7, 17], [8, 20, 9, 19], [10, 22, 11, 21], [12, 4, 13, 3], [14, 24, 15, 23], [16, 12, 17, 11], [18, 8, 19, 7], [20, 10, 21, 9]]"
12a_0574_2,"[[20, 10, 21, 9], [22, 2, 23, 1], [24, 16, 1, 15], [2, 6, 3, 5], [4, 14, 5, 13], [6, 18, 7, 17], [8, 20, 9, 19], [10, 22, 11, 21], [12, 4, 13, 3], [14, 24, 15, 23], [16, 12, 17, 11], [18, 8, 19, 7]]"
12a_0574_3,"[[18, 8, 19, 7], [20, 10, 21, 9], [22, 2, 23, 1], [24, 16, 1, 15], [2, 6, 3, 5], [4, 14, 5, 13], [6, 18, 7, 17], [8, 20, 9, 19], [10, 22, 11, 21], [12, 4, 13, 3], [14, 24, 15, 23], [16, 12, 17, 11]]"
12a_0574_4,"[[16, 12, 17, 11], [18, 8, 19, 7], [20, 10, 21, 9], [22, 2, 23, 1], [24, 16, 1, 15], [2, 6, 3, 5], [4, 14, 5, 13], [6, 18, 7, 17], [8, 20, 9, 19], [10, 22, 11, 21], [12, 4, 13, 3], [14, 24, 15, 23]]"
12a_0574_5,"[[14, 24, 15, 23], [16, 12, 17, 11], [18, 8, 19, 7], [20, 10, 21, 9], [22, 2, 23, 1], [24, 16, 1, 15], [2, 6, 3, 5], [4, 14, 5, 13], [6, 18, 7, 17], [8, 20, 9, 19], [10, 22, 11, 21], [12, 4, 13, 3]]"
12a_0574_6,"[[12, 4, 13, 3], [14, 24, 15, 23], [16, 12, 17, 11], [18, 8, 19, 7], [20, 10, 21, 9], [22, 2, 23, 1], [24, 16, 1, 15], [2, 6, 3, 5], [4, 14, 5, 13], [6, 18, 7, 17], [8, 20, 9, 19], [10, 22, 11, 21]]"
12a_0574_7,"[[10, 22, 11, 21], [12, 4, 13, 3], [14, 24, 15, 23], [16, 12, 17, 11], [18, 8, 19, 7], [20, 10, 21, 9], [22, 2, 23, 1], [24, 16, 1, 15], [2, 6, 3, 5], [4, 14, 5, 13], [6, 18, 7, 17], [8, 20, 9, 19]]"
12a_0574_8,"[[8, 20, 9, 19], [10, 22, 11, 21], [12, 4, 13, 3], [14, 24, 15, 23], [16, 12, 17, 11], [18, 8, 19, 7], [20, 10, 21, 9], [22, 2, 23, 1], [24, 16, 1, 15], [2, 6, 3, 5], [4, 14, 5, 13], [6, 18, 7, 17]]"
12a_0574_9,"[[6, 18, 7, 17], [8, 20, 9, 19], [10, 22, 11, 21], [12, 4, 13, 3], [14, 24, 15, 23], [16, 12, 17, 11], [18, 8, 19, 7], [20, 10, 21, 9], [22, 2, 23, 1], [24, 16, 1, 15], [2, 6, 3, 5], [4, 14, 5, 13]]"
12a_0574_10,"[[4, 14, 5, 13], [6, 18, 7, 17], [8, 20, 9, 19], [10, 22, 11, 21], [12, 4, 13, 3], [14, 24, 15, 23], [16, 12, 17, 11], [18, 8, 19, 7], [20, 10, 21, 9], [22, 2, 23, 1], [24, 16, 1, 15], [2, 6, 3, 5]]"
12a_0574_11,"[[2, 6, 3, 5], [4, 14, 5, 13], [6, 18, 7, 17], [8, 20, 9, 19], [10, 22, 11, 21], [12, 4, 13, 3], [14, 24, 15, 23], [16, 12, 17, 11], [18, 8, 19, 7], [20, 10, 21, 9], [22, 2, 23, 1], [24, 16, 1, 15]]"
12a_0574_12,"[[1, 17, 2, 16], [3, 7, 4, 6], [5, 15, 6, 14], [7, 19, 8, 18], [9, 21, 10, 20], [11, 23, 12, 22], [13, 5, 14, 4], [15, 1, 16, 24], [17, 13, 18, 12], [19, 9, 20, 8], [21, 11, 22, 10], [23, 3, 24, 2]]"
12a_0574_13,"[[23, 3, 24, 2], [1, 17, 2, 16], [3, 7, 4, 6], [5, 15, 6, 14], [7, 19, 8, 18], [9, 21, 10, 20], [11, 23, 12, 22], [13, 5, 14, 4], [15, 1, 16, 24], [17, 13, 18, 12], [19, 9, 20, 8], [21, 11, 22, 10]]"
12a_0574_14,"[[21, 11, 22, 10], [23, 3, 24, 2], [1, 17, 2, 16], [3, 7, 4, 6], [5, 15, 6, 14], [7, 19, 8, 18], [9, 21, 10, 20], [11, 23, 12, 22], [13, 5, 14, 4], [15, 1, 16, 24], [17, 13, 18, 12], [19, 9, 20, 8]]"
12a_0574_15,"[[19, 9, 20, 8], [21, 11, 22, 10], [23, 3, 24, 2], [1, 17, 2, 16], [3, 7, 4, 6], [5, 15, 6, 14], [7, 19, 8, 18], [9, 21, 10, 20], [11, 23, 12, 22], [13, 5, 14, 4], [15, 1, 16, 24], [17, 13, 18, 12]]"
12a_0574_16,"[[17, 13, 18, 12], [19, 9, 20, 8], [21, 11, 22, 10], [23, 3, 24, 2], [1, 17, 2, 16], [3, 7, 4, 6], [5, 15, 6, 14], [7, 19, 8, 18], [9, 21, 10, 20], [11, 23, 12, 22], [13, 5, 14, 4], [15, 1, 16, 24]]"
12a_0574_17,"[[15, 1, 16, 24], [17, 13, 18, 12], [19, 9, 20, 8], [21, 11, 22, 10], [23, 3, 24, 2], [1, 17, 2, 16], [3, 7, 4, 6], [5, 15, 6, 14], [7, 19, 8, 18], [9, 21, 10, 20], [11, 23, 12, 22], [13, 5, 14, 4]]"
12a_0574_18,"[[13, 5, 14, 4], [15, 1, 16, 24], [17, 13, 18, 12], [19, 9, 20, 8], [21, 11, 22, 10], [23, 3, 24, 2], [1, 17, 2, 16], [3, 7, 4, 6], [5, 15, 6, 14], [7, 19, 8, 18], [9, 21, 10, 20], [11, 23, 12, 22]]"
12a_0574_19,"[[11, 23, 12, 22], [13, 5, 14, 4], [15, 1, 16, 24], [17, 13, 18, 12], [19, 9, 20, 8], [21, 11, 22, 10], [23, 3, 24, 2], [1, 17, 2, 16], [3, 7, 4, 6], [5, 15, 6, 14], [7, 19, 8, 18], [9, 21, 10, 20]]"
12a_0574_20,"[[9, 21, 10, 20], [11, 23, 12, 22], [13, 5, 14, 4], [15, 1, 16, 24], [17, 13, 18, 12], [19, 9, 20, 8], [21, 11, 22, 10], [23, 3, 24, 2], [1, 17, 2, 16], [3, 7, 4, 6], [5, 15, 6, 14], [7, 19, 8, 18]]"
12a_0574_21,"[[7, 19, 8, 18], [9, 21, 10, 20], [11, 23, 12, 22], [13, 5, 14, 4], [15, 1, 16, 24], [17, 13, 18, 12], [19, 9, 20, 8], [21, 11, 22, 10], [23, 3, 24, 2], [1, 17, 2, 16], [3, 7, 4, 6], [5, 15, 6, 14]]"
12a_0574_22,"[[5, 15, 6, 14], [7, 19, 8, 18], [9, 21, 10, 20], [11, 23, 12, 22], [13, 5, 14, 4], [15, 1, 16, 24], [17, 13, 18, 12], [19, 9, 20, 8], [21, 11, 22, 10], [23, 3, 24, 2], [1, 17, 2, 16], [3, 7, 4, 6]]"
12a_0574_23,"[[3, 7, 4, 6], [5, 15, 6, 14], [7, 19, 8, 18], [9, 21, 10, 20], [11, 23, 12, 22], [13, 5, 14, 4], [15, 1, 16, 24], [17, 13, 18, 12], [19, 9, 20, 8], [21, 11, 22, 10], [23, 3, 24, 2], [1, 17, 2, 16]]"
12a_0574_24,"[[2, 18, 3, 17], [4, 8, 5, 7], [6, 16, 7, 15], [8, 20, 9, 19], [10, 22, 11, 21], [12, 24, 13, 23], [14, 6, 15, 5], [16, 2, 17, 1], [18, 14, 19, 13], [20, 10, 21, 9], [22, 12, 23, 11], [24, 4, 1, 3]]"
12a_0574_25,"[[24, 4, 1, 3], [2, 18, 3, 17], [4, 8, 5, 7], [6, 16, 7, 15], [8, 20, 9, 19], [10, 22, 11, 21], [12, 24, 13, 23], [14, 6, 15, 5], [16, 2, 17, 1], [18, 14, 19, 13], [20, 10, 21, 9], [22, 12, 23, 11]]"
12a_0574_26,"[[22, 12, 23, 11], [24, 4, 1, 3], [2, 18, 3, 17], [4, 8, 5, 7], [6, 16, 7, 15], [8, 20, 9, 19], [10, 22, 11, 21], [12, 24, 13, 23], [14, 6, 15, 5], [16, 2, 17, 1], [18, 14, 19, 13], [20, 10, 21, 9]]"
12a_0574_27,"[[20, 10, 21, 9], [22, 12, 23, 11], [24, 4, 1, 3], [2, 18, 3, 17], [4, 8, 5, 7], [6, 16, 7, 15], [8, 20, 9, 19], [10, 22, 11, 21], [12, 24, 13, 23], [14, 6, 15, 5], [16, 2, 17, 1], [18, 14, 19, 13]]"
12a_0574_28,"[[18, 14, 19, 13], [20, 10, 21, 9], [22, 12, 23, 11], [24, 4, 1, 3], [2, 18, 3, 17], [4, 8, 5, 7], [6, 16, 7, 15], [8, 20, 9, 19], [10, 22, 11, 21], [12, 24, 13, 23], [14, 6, 15, 5], [16, 2, 17, 1]]"
12a_0574_29,"[[16, 2, 17, 1], [18, 14, 19, 13], [20, 10, 21, 9], [22, 12, 23, 11], [24, 4, 1, 3], [2, 18, 3, 17], [4, 8, 5, 7], [6, 16, 7, 15], [8, 20, 9, 19], [10, 22, 11, 21], [12, 24, 13, 23], [14, 6, 15, 5]]"
12a_0574_30,"[[14, 6, 15, 5], [16, 2, 17, 1], [18, 14, 19, 13], [20, 10, 21, 9], [22, 12, 23, 11], [24, 4, 1, 3], [2, 18, 3, 17], [4, 8, 5, 7], [6, 16, 7, 15], [8, 20, 9, 19], [10, 22, 11, 21], [12, 24, 13, 23]]"
12a_0574_31,"[[12, 24, 13, 23], [14, 6, 15, 5], [16, 2, 17, 1], [18, 14, 19, 13], [20, 10, 21, 9], [22, 12, 23, 11], [24, 4, 1, 3], [2, 18, 3, 17], [4, 8, 5, 7], [6, 16, 7, 15], [8, 20, 9, 19], [10, 22, 11, 21]]"
12a_0574_32,"[[10, 22, 11, 21], [12, 24, 13, 23], [14, 6, 15, 5], [16, 2, 17, 1], [18, 14, 19, 13], [20, 10, 21, 9], [22, 12, 23, 11], [24, 4, 1, 3], [2, 18, 3, 17], [4, 8, 5, 7], [6, 16, 7, 15], [8, 20, 9, 19]]"
12a_0574_33,"[[8, 20, 9, 19], [10, 22, 11, 21], [12, 24, 13, 23], [14, 6, 15, 5], [16, 2, 17, 1], [18, 14, 19, 13], [20, 10, 21, 9], [22, 12, 23, 11], [24, 4, 1, 3], [2, 18, 3, 17], [4, 8, 5, 7], [6, 16, 7, 15]]"
12a_0574_34,"[[6, 16, 7, 15], [8, 20, 9, 19], [10, 22, 11, 21], [12, 24, 13, 23], [14, 6, 15, 5], [16, 2, 17, 1], [18, 14, 19, 13], [20, 10, 21, 9], [22, 12, 23, 11], [24, 4, 1, 3], [2, 18, 3, 17], [4, 8, 5, 7]]"
12a_0574_35,"[[4, 8, 5, 7], [6, 16, 7, 15], [8, 20, 9, 19], [10, 22, 11, 21], [12, 24, 13, 23], [14, 6, 15, 5], [16, 2, 17, 1], [18, 14, 19, 13], [20, 10, 21, 9], [22, 12, 23, 11], [24, 4, 1, 3], [2, 18, 3, 17]]"
12a_0574_36,"[[3, 19, 4, 18], [5, 9, 6, 8], [7, 17, 8, 16], [9, 21, 10, 20], [11, 23, 12, 22], [13, 1, 14, 24], [15, 7, 16, 6], [17, 3, 18, 2], [19, 15, 20, 14], [21, 11, 22, 10], [23, 13, 24, 12], [1, 5, 2, 4]]"
12a_0574_37,"[[1, 5, 2, 4], [3, 19, 4, 18], [5, 9, 6, 8], [7, 17, 8, 16], [9, 21, 10, 20], [11, 23, 12, 22], [13, 1, 14, 24], [15, 7, 16, 6], [17, 3, 18, 2], [19, 15, 20, 14], [21, 11, 22, 10], [23, 13, 24, 12]]"
12a_0574_38,"[[23, 13, 24, 12], [1, 5, 2, 4], [3, 19, 4, 18], [5, 9, 6, 8], [7, 17, 8, 16], [9, 21, 10, 20], [11, 23, 12, 22], [13, 1, 14, 24], [15, 7, 16, 6], [17, 3, 18, 2], [19, 15, 20, 14], [21, 11, 22, 10]]"
12a_0574_39,"[[21, 11, 22, 10], [23, 13, 24, 12], [1, 5, 2, 4], [3, 19, 4, 18], [5, 9, 6, 8], [7, 17, 8, 16], [9, 21, 10, 20], [11, 23, 12, 22], [13, 1, 14, 24], [15, 7, 16, 6], [17, 3, 18, 2], [19, 15, 20, 14]]"
12a_0574_40,"[[19, 15, 20, 14], [21, 11, 22, 10], [23, 13, 24, 12], [1, 5, 2, 4], [3, 19, 4, 18], [5, 9, 6, 8], [7, 17, 8, 16], [9, 21, 10, 20], [11, 23, 12, 22], [13, 1, 14, 24], [15, 7, 16, 6], [17, 3, 18, 2]]"
12a_0574_41,"[[17, 3, 18, 2], [19, 15, 20, 14], [21, 11, 22, 10], [23, 13, 24, 12], [1, 5, 2, 4], [3, 19, 4, 18], [5, 9, 6, 8], [7, 17, 8, 16], [9, 21, 10, 20], [11, 23, 12, 22], [13, 1, 14, 24], [15, 7, 16, 6]]"
12a_0574_42,"[[15, 7, 16, 6], [17, 3, 18, 2], [19, 15, 20, 14], [21, 11, 22, 10], [23, 13, 24, 12], [1, 5, 2, 4], [3, 19, 4, 18], [5, 9, 6, 8], [7, 17, 8, 16], [9, 21, 10, 20], [11, 23, 12, 22], [13, 1, 14, 24]]"
12a_0574_43,"[[13, 1, 14, 24], [15, 7, 16, 6], [17, 3, 18, 2], [19, 15, 20, 14], [21, 11, 22, 10], [23, 13, 24, 12], [1, 5, 2, 4], [3, 19, 4, 18], [5, 9, 6, 8], [7, 17, 8, 16], [9, 21, 10, 20], [11, 23, 12, 22]]"
12a_0574_44,"[[11, 23, 12, 22], [13, 1, 14, 24], [15, 7, 16, 6], [17, 3, 18, 2], [19, 15, 20, 14], [21, 11, 22, 10], [23, 13, 24, 12], [1, 5, 2, 4], [3, 19, 4, 18], [5, 9, 6, 8], [7, 17, 8, 16], [9, 21, 10, 20]]"
12a_0574_45,"[[9, 21, 10, 20], [11, 23, 12, 22], [13, 1, 14, 24], [15, 7, 16, 6], [17, 3, 18, 2], [19, 15, 20, 14], [21, 11, 22, 10], [23, 13, 24, 12], [1, 5, 2, 4], [3, 19, 4, 18], [5, 9, 6, 8], [7, 17, 8, 16]]"
12a_0574_46,"[[7, 17, 8, 16], [9, 21, 10, 20], [11, 23, 12, 22], [13, 1, 14, 24], [15, 7, 16, 6], [17, 3, 18, 2], [19, 15, 20, 14], [21, 11, 22, 10], [23, 13, 24, 12], [1, 5, 2, 4], [3, 19, 4, 18], [5, 9, 6, 8]]"
12a_0574_47,"[[5, 9, 6, 8], [7, 17, 8, 16], [9, 21, 10, 20], [11, 23, 12, 22], [13, 1, 14, 24], [15, 7, 16, 6], [17, 3, 18, 2], [19, 15, 20, 14], [21, 11, 22, 10], [23, 13, 24, 12], [1, 5, 2, 4], [3, 19, 4, 18]]"
12a_0574_48,"[[4, 20, 5, 19], [6, 10, 7, 9], [8, 18, 9, 17], [10, 22, 11, 21], [12, 24, 13, 23], [14, 2, 15, 1], [16, 8, 17, 7], [18, 4, 19, 3], [20, 16, 21, 15], [22, 12, 23, 11], [24, 14, 1, 13], [2, 6, 3, 5]]"
12a_0574_49,"[[2, 6, 3, 5], [4, 20, 5, 19], [6, 10, 7, 9], [8, 18, 9, 17], [10, 22, 11, 21], [12, 24, 13, 23], [14, 2, 15, 1], [16, 8, 17, 7], [18, 4, 19, 3], [20, 16, 21, 15], [22, 12, 23, 11], [24, 14, 1, 13]]"
12a_0574_50,"[[24, 14, 1, 13], [2, 6, 3, 5], [4, 20, 5, 19], [6, 10, 7, 9], [8, 18, 9, 17], [10, 22, 11, 21], [12, 24, 13, 23], [14, 2, 15, 1], [16, 8, 17, 7], [18, 4, 19, 3], [20, 16, 21, 15], [22, 12, 23, 11]]"
12a_0574_51,"[[22, 12, 23, 11], [24, 14, 1, 13], [2, 6, 3, 5], [4, 20, 5, 19], [6, 10, 7, 9], [8, 18, 9, 17], [10, 22, 11, 21], [12, 24, 13, 23], [14, 2, 15, 1], [16, 8, 17, 7], [18, 4, 19, 3], [20, 16, 21, 15]]"
12a_0574_52,"[[20, 16, 21, 15], [22, 12, 23, 11], [24, 14, 1, 13], [2, 6, 3, 5], [4, 20, 5, 19], [6, 10, 7, 9], [8, 18, 9, 17], [10, 22, 11, 21], [12, 24, 13, 23], [14, 2, 15, 1], [16, 8, 17, 7], [18, 4, 19, 3]]"
12a_0574_53,"[[18, 4, 19, 3], [20, 16, 21, 15], [22, 12, 23, 11], [24, 14, 1, 13], [2, 6, 3, 5], [4, 20, 5, 19], [6, 10, 7, 9], [8, 18, 9, 17], [10, 22, 11, 21], [12, 24, 13, 23], [14, 2, 15, 1], [16, 8, 17, 7]]"
12a_0574_54,"[[16, 8, 17, 7], [18, 4, 19, 3], [20, 16, 21, 15], [22, 12, 23, 11], [24, 14, 1, 13], [2, 6, 3, 5], [4, 20, 5, 19], [6, 10, 7, 9], [8, 18, 9, 17], [10, 22, 11, 21], [12, 24, 13, 23], [14, 2, 15, 1]]"
12a_0574_55,"[[14, 2, 15, 1], [16, 8, 17, 7], [18, 4, 19, 3], [20, 16, 21, 15], [22, 12, 23, 11], [24, 14, 1, 13], [2, 6, 3, 5], [4, 20, 5, 19], [6, 10, 7, 9], [8, 18, 9, 17], [10, 22, 11, 21], [12, 24, 13, 23]]"
12a_0574_56,"[[12, 24, 13, 23], [14, 2, 15, 1], [16, 8, 17, 7], [18, 4, 19, 3], [20, 16, 21, 15], [22, 12, 23, 11], [24, 14, 1, 13], [2, 6, 3, 5], [4, 20, 5, 19], [6, 10, 7, 9], [8, 18, 9, 17], [10, 22, 11, 21]]"
12a_0574_57,"[[10, 22, 11, 21], [12, 24, 13, 23], [14, 2, 15, 1], [16, 8, 17, 7], [18, 4, 19, 3], [20, 16, 21, 15], [22, 12, 23, 11], [24, 14, 1, 13], [2, 6, 3, 5], [4, 20, 5, 19], [6, 10, 7, 9], [8, 18, 9, 17]]"
12a_0574_58,"[[8, 18, 9, 17], [10, 22, 11, 21], [12, 24, 13, 23], [14, 2, 15, 1], [16, 8, 17, 7], [18, 4, 19, 3], [20, 16, 21, 15], [22, 12, 23, 11], [24, 14, 1, 13], [2, 6, 3, 5], [4, 20, 5, 19], [6, 10, 7, 9]]"
12a_0574_59,"[[6, 10, 7, 9], [8, 18, 9, 17], [10, 22, 11, 21], [12, 24, 13, 23], [14, 2, 15, 1], [16, 8, 17, 7], [18, 4, 19, 3], [20, 16, 21, 15], [22, 12, 23, 11], [24, 14, 1, 13], [2, 6, 3, 5], [4, 20, 5, 19]]"
12a_0574_60,"[[5, 21, 6, 20], [7, 11, 8, 10], [9, 19, 10, 18], [11, 23, 12, 22], [13, 1, 14, 24], [15, 3, 16, 2], [17, 9, 18, 8], [19, 5, 20, 4], [21, 17, 22, 16], [23, 13, 24, 12], [1, 15, 2, 14], [3, 7, 4, 6]]"
12a_0574_61,"[[3, 7, 4, 6], [5, 21, 6, 20], [7, 11, 8, 10], [9, 19, 10, 18], [11, 23, 12, 22], [13, 1, 14, 24], [15, 3, 16, 2], [17, 9, 18, 8], [19, 5, 20, 4], [21, 17, 22, 16], [23, 13, 24, 12], [1, 15, 2, 14]]"
12a_0574_62,"[[1, 15, 2, 14], [3, 7, 4, 6], [5, 21, 6, 20], [7, 11, 8, 10], [9, 19, 10, 18], [11, 23, 12, 22], [13, 1, 14, 24], [15, 3, 16, 2], [17, 9, 18, 8], [19, 5, 20, 4], [21, 17, 22, 16], [23, 13, 24, 12]]"
12a_0574_63,"[[23, 13, 24, 12], [1, 15, 2, 14], [3, 7, 4, 6], [5, 21, 6, 20], [7, 11, 8, 10], [9, 19, 10, 18], [11, 23, 12, 22], [13, 1, 14, 24], [15, 3, 16, 2], [17, 9, 18, 8], [19, 5, 20, 4], [21, 17, 22, 16]]"
12a_0574_64,"[[21, 17, 22, 16], [23, 13, 24, 12], [1, 15, 2, 14], [3, 7, 4, 6], [5, 21, 6, 20], [7, 11, 8, 10], [9, 19, 10, 18], [11, 23, 12, 22], [13, 1, 14, 24], [15, 3, 16, 2], [17, 9, 18, 8], [19, 5, 20, 4]]"
12a_0574_65,"[[19, 5, 20, 4], [21, 17, 22, 16], [23, 13, 24, 12], [1, 15, 2, 14], [3, 7, 4, 6], [5, 21, 6, 20], [7, 11, 8, 10], [9, 19, 10, 18], [11, 23, 12, 22], [13, 1, 14, 24], [15, 3, 16, 2], [17, 9, 18, 8]]"
12a_0574_66,"[[17, 9, 18, 8], [19, 5, 20, 4], [21, 17, 22, 16], [23, 13, 24, 12], [1, 15, 2, 14], [3, 7, 4, 6], [5, 21, 6, 20], [7, 11, 8, 10], [9, 19, 10, 18], [11, 23, 12, 22], [13, 1, 14, 24], [15, 3, 16, 2]]"
12a_0574_67,"[[15, 3, 16, 2], [17, 9, 18, 8], [19, 5, 20, 4], [21, 17, 22, 16], [23, 13, 24, 12], [1, 15, 2, 14], [3, 7, 4, 6], [5, 21, 6, 20], [7, 11, 8, 10], [9, 19, 10, 18], [11, 23, 12, 22], [13, 1, 14, 24]]"
12a_0574_68,"[[13, 1, 14, 24], [15, 3, 16, 2], [17, 9, 18, 8], [19, 5, 20, 4], [21, 17, 22, 16], [23, 13, 24, 12], [1, 15, 2, 14], [3, 7, 4, 6], [5, 21, 6, 20], [7, 11, 8, 10], [9, 19, 10, 18], [11, 23, 12, 22]]"
12a_0574_69,"[[11, 23, 12, 22], [13, 1, 14, 24], [15, 3, 16, 2], [17, 9, 18, 8], [19, 5, 20, 4], [21, 17, 22, 16], [23, 13, 24, 12], [1, 15, 2, 14], [3, 7, 4, 6], [5, 21, 6, 20], [7, 11, 8, 10], [9, 19, 10, 18]]"
12a_0574_70,"[[9, 19, 10, 18], [11, 23, 12, 22], [13, 1, 14, 24], [15, 3, 16, 2], [17, 9, 18, 8], [19, 5, 20, 4], [21, 17, 22, 16], [23, 13, 24, 12], [1, 15, 2, 14], [3, 7, 4, 6], [5, 21, 6, 20], [7, 11, 8, 10]]"
12a_0574_71,"[[7, 11, 8, 10], [9, 19, 10, 18], [11, 23, 12, 22], [13, 1, 14, 24], [15, 3, 16, 2], [17, 9, 18, 8], [19, 5, 20, 4], [21, 17, 22, 16], [23, 13, 24, 12], [1, 15, 2, 14], [3, 7, 4, 6], [5, 21, 6, 20]]"
12a_0574_72,"[[6, 22, 7, 21], [8, 12, 9, 11], [10, 20, 11, 19], [12, 24, 13, 23], [14, 2, 15, 1], [16, 4, 17, 3], [18, 10, 19, 9], [20, 6, 21, 5], [22, 18, 23, 17], [24, 14, 1, 13], [2, 16, 3, 15], [4, 8, 5, 7]]"
12a_0574_73,"[[4, 8, 5, 7], [6, 22, 7, 21], [8, 12, 9, 11], [10, 20, 11, 19], [12, 24, 13, 23], [14, 2, 15, 1], [16, 4, 17, 3], [18, 10, 19, 9], [20, 6, 21, 5], [22, 18, 23, 17], [24, 14, 1, 13], [2, 16, 3, 15]]"
12a_0574_74,"[[2, 16, 3, 15], [4, 8, 5, 7], [6, 22, 7, 21], [8, 12, 9, 11], [10, 20, 11, 19], [12, 24, 13, 23], [14, 2, 15, 1], [16, 4, 17, 3], [18, 10, 19, 9], [20, 6, 21, 5], [22, 18, 23, 17], [24, 14, 1, 13]]"
12a_0574_75,"[[24, 14, 1, 13], [2, 16, 3, 15], [4, 8, 5, 7], [6, 22, 7, 21], [8, 12, 9, 11], [10, 20, 11, 19], [12, 24, 13, 23], [14, 2, 15, 1], [16, 4, 17, 3], [18, 10, 19, 9], [20, 6, 21, 5], [22, 18, 23, 17]]"
12a_0574_76,"[[22, 18, 23, 17], [24, 14, 1, 13], [2, 16, 3, 15], [4, 8, 5, 7], [6, 22, 7, 21], [8, 12, 9, 11], [10, 20, 11, 19], [12, 24, 13, 23], [14, 2, 15, 1], [16, 4, 17, 3], [18, 10, 19, 9], [20, 6, 21, 5]]"
12a_0574_77,"[[20, 6, 21, 5], [22, 18, 23, 17], [24, 14, 1, 13], [2, 16, 3, 15], [4, 8, 5, 7], [6, 22, 7, 21], [8, 12, 9, 11], [10, 20, 11, 19], [12, 24, 13, 23], [14, 2, 15, 1], [16, 4, 17, 3], [18, 10, 19, 9]]"
12a_0574_78,"[[18, 10, 19, 9], [20, 6, 21, 5], [22, 18, 23, 17], [24, 14, 1, 13], [2, 16, 3, 15], [4, 8, 5, 7], [6, 22, 7, 21], [8, 12, 9, 11], [10, 20, 11, 19], [12, 24, 13, 23], [14, 2, 15, 1], [16, 4, 17, 3]]"
12a_0574_79,"[[16, 4, 17, 3], [18, 10, 19, 9], [20, 6, 21, 5], [22, 18, 23, 17], [24, 14, 1, 13], [2, 16, 3, 15], [4, 8, 5, 7], [6, 22, 7, 21], [8, 12, 9, 11], [10, 20, 11, 19], [12, 24, 13, 23], [14, 2, 15, 1]]"
12a_0574_80,"[[14, 2, 15, 1], [16, 4, 17, 3], [18, 10, 19, 9], [20, 6, 21, 5], [22, 18, 23, 17], [24, 14, 1, 13], [2, 16, 3, 15], [4, 8, 5, 7], [6, 22, 7, 21], [8, 12, 9, 11], [10, 20, 11, 19], [12, 24, 13, 23]]"
12a_0574_81,"[[12, 24, 13, 23], [14, 2, 15, 1], [16, 4, 17, 3], [18, 10, 19, 9], [20, 6, 21, 5], [22, 18, 23, 17], [24, 14, 1, 13], [2, 16, 3, 15], [4, 8, 5, 7], [6, 22, 7, 21], [8, 12, 9, 11], [10, 20, 11, 19]]"
12a_0574_82,"[[10, 20, 11, 19], [12, 24, 13, 23], [14, 2, 15, 1], [16, 4, 17, 3], [18, 10, 19, 9], [20, 6, 21, 5], [22, 18, 23, 17], [24, 14, 1, 13], [2, 16, 3, 15], [4, 8, 5, 7], [6, 22, 7, 21], [8, 12, 9, 11]]"
12a_0574_83,"[[8, 12, 9, 11], [10, 20, 11, 19], [12, 24, 13, 23], [14, 2, 15, 1], [16, 4, 17, 3], [18, 10, 19, 9], [20, 6, 21, 5], [22, 18, 23, 17], [24, 14, 1, 13], [2, 16, 3, 15], [4, 8, 5, 7], [6, 22, 7, 21]]"
12a_0574_84,"[[7, 23, 8, 22], [9, 13, 10, 12], [11, 21, 12, 20], [13, 1, 14, 24], [15, 3, 16, 2], [17, 5, 18, 4], [19, 11, 20, 10], [21, 7, 22, 6], [23, 19, 24, 18], [1, 15, 2, 14], [3, 17, 4, 16], [5, 9, 6, 8]]"
12a_0574_85,"[[5, 9, 6, 8], [7, 23, 8, 22], [9, 13, 10, 12], [11, 21, 12, 20], [13, 1, 14, 24], [15, 3, 16, 2], [17, 5, 18, 4], [19, 11, 20, 10], [21, 7, 22, 6], [23, 19, 24, 18], [1, 15, 2, 14], [3, 17, 4, 16]]"
12a_0574_86,"[[3, 17, 4, 16], [5, 9, 6, 8], [7, 23, 8, 22], [9, 13, 10, 12], [11, 21, 12, 20], [13, 1, 14, 24], [15, 3, 16, 2], [17, 5, 18, 4], [19, 11, 20, 10], [21, 7, 22, 6], [23, 19, 24, 18], [1, 15, 2, 14]]"
12a_0574_87,"[[1, 15, 2, 14], [3, 17, 4, 16], [5, 9, 6, 8], [7, 23, 8, 22], [9, 13, 10, 12], [11, 21, 12, 20], [13, 1, 14, 24], [15, 3, 16, 2], [17, 5, 18, 4], [19, 11, 20, 10], [21, 7, 22, 6], [23, 19, 24, 18]]"
12a_0574_88,"[[23, 19, 24, 18], [1, 15, 2, 14], [3, 17, 4, 16], [5, 9, 6, 8], [7, 23, 8, 22], [9, 13, 10, 12], [11, 21, 12, 20], [13, 1, 14, 24], [15, 3, 16, 2], [17, 5, 18, 4], [19, 11, 20, 10], [21, 7, 22, 6]]"
12a_0574_89,"[[21, 7, 22, 6], [23, 19, 24, 18], [1, 15, 2, 14], [3, 17, 4, 16], [5, 9, 6, 8], [7, 23, 8, 22], [9, 13, 10, 12], [11, 21, 12, 20], [13, 1, 14, 24], [15, 3, 16, 2], [17, 5, 18, 4], [19, 11, 20, 10]]"
12a_0574_90,"[[19, 11, 20, 10], [21, 7, 22, 6], [23, 19, 24, 18], [1, 15, 2, 14], [3, 17, 4, 16], [5, 9, 6, 8], [7, 23, 8, 22], [9, 13, 10, 12], [11, 21, 12, 20], [13, 1, 14, 24], [15, 3, 16, 2], [17, 5, 18, 4]]"
12a_0574_91,"[[17, 5, 18, 4], [19, 11, 20, 10], [21, 7, 22, 6], [23, 19, 24, 18], [1, 15, 2, 14], [3, 17, 4, 16], [5, 9, 6, 8], [7, 23, 8, 22], [9, 13, 10, 12], [11, 21, 12, 20], [13, 1, 14, 24], [15, 3, 16, 2]]"
12a_0574_92,"[[15, 3, 16, 2], [17, 5, 18, 4], [19, 11, 20, 10], [21, 7, 22, 6], [23, 19, 24, 18], [1, 15, 2, 14], [3, 17, 4, 16], [5, 9, 6, 8], [7, 23, 8, 22], [9, 13, 10, 12], [11, 21, 12, 20], [13, 1, 14, 24]]"
12a_0574_93,"[[13, 1, 14, 24], [15, 3, 16, 2], [17, 5, 18, 4], [19, 11, 20, 10], [21, 7, 22, 6], [23, 19, 24, 18], [1, 15, 2, 14], [3, 17, 4, 16], [5, 9, 6, 8], [7, 23, 8, 22], [9, 13, 10, 12], [11, 21, 12, 20]]"
12a_0574_94,"[[11, 21, 12, 20], [13, 1, 14, 24], [15, 3, 16, 2], [17, 5, 18, 4], [19, 11, 20, 10], [21, 7, 22, 6], [23, 19, 24, 18], [1, 15, 2, 14], [3, 17, 4, 16], [5, 9, 6, 8], [7, 23, 8, 22], [9, 13, 10, 12]]"
12a_0574_95,"[[9, 13, 10, 12], [11, 21, 12, 20], [13, 1, 14, 24], [15, 3, 16, 2], [17, 5, 18, 4], [19, 11, 20, 10], [21, 7, 22, 6], [23, 19, 24, 18], [1, 15, 2, 14], [3, 17, 4, 16], [5, 9, 6, 8], [7, 23, 8, 22]]"
12a_0574_96,"[[8, 24, 9, 23], [10, 14, 11, 13], [12, 22, 13, 21], [14, 2, 15, 1], [16, 4, 17, 3], [18, 6, 19, 5], [20, 12, 21, 11], [22, 8, 23, 7], [24, 20, 1, 19], [2, 16, 3, 15], [4, 18, 5, 17], [6, 10, 7, 9]]"
12a_0574_97,"[[6, 10, 7, 9], [8, 24, 9, 23], [10, 14, 11, 13], [12, 22, 13, 21], [14, 2, 15, 1], [16, 4, 17, 3], [18, 6, 19, 5], [20, 12, 21, 11], [22, 8, 23, 7], [24, 20, 1, 19], [2, 16, 3, 15], [4, 18, 5, 17]]"
12a_0574_98,"[[4, 18, 5, 17], [6, 10, 7, 9], [8, 24, 9, 23], [10, 14, 11, 13], [12, 22, 13, 21], [14, 2, 15, 1], [16, 4, 17, 3], [18, 6, 19, 5], [20, 12, 21, 11], [22, 8, 23, 7], [24, 20, 1, 19], [2, 16, 3, 15]]"
12a_0574_99,"[[2, 16, 3, 15], [4, 18, 5, 17], [6, 10, 7, 9], [8, 24, 9, 23], [10, 14, 11, 13], [12, 22, 13, 21], [14, 2, 15, 1], [16, 4, 17, 3], [18, 6, 19, 5], [20, 12, 21, 11], [22, 8, 23, 7], [24, 20, 1, 19]]"
12a_0574_100,"[[24, 20, 1, 19], [2, 16, 3, 15], [4, 18, 5, 17], [6, 10, 7, 9], [8, 24, 9, 23], [10, 14, 11, 13], [12, 22, 13, 21], [14, 2, 15, 1], [16, 4, 17, 3], [18, 6, 19, 5], [20, 12, 21, 11], [22, 8, 23, 7]]"
12a_0574_101,"[[22, 8, 23, 7], [24, 20, 1, 19], [2, 16, 3, 15], [4, 18, 5, 17], [6, 10, 7, 9], [8, 24, 9, 23], [10, 14, 11, 13], [12, 22, 13, 21], [14, 2, 15, 1], [16, 4, 17, 3], [18, 6, 19, 5], [20, 12, 21, 11]]"
12a_0574_102,"[[20, 12, 21, 11], [22, 8, 23, 7], [24, 20, 1, 19], [2, 16, 3, 15], [4, 18, 5, 17], [6, 10, 7, 9], [8, 24, 9, 23], [10, 14, 11, 13], [12, 22, 13, 21], [14, 2, 15, 1], [16, 4, 17, 3], [18, 6, 19, 5]]"
12a_0574_103,"[[18, 6, 19, 5], [20, 12, 21, 11], [22, 8, 23, 7], [24, 20, 1, 19], [2, 16, 3, 15], [4, 18, 5, 17], [6, 10, 7, 9], [8, 24, 9, 23], [10, 14, 11, 13], [12, 22, 13, 21], [14, 2, 15, 1], [16, 4, 17, 3]]"
12a_0574_104,"[[16, 4, 17, 3], [18, 6, 19, 5], [20, 12, 21, 11], [22, 8, 23, 7], [24, 20, 1, 19], [2, 16, 3, 15], [4, 18, 5, 17], [6, 10, 7, 9], [8, 24, 9, 23], [10, 14, 11, 13], [12, 22, 13, 21], [14, 2, 15, 1]]"
12a_0574_105,"[[14, 2, 15, 1], [16, 4, 17, 3], [18, 6, 19, 5], [20, 12, 21, 11], [22, 8, 23, 7], [24, 20, 1, 19], [2, 16, 3, 15], [4, 18, 5, 17], [6, 10, 7, 9], [8, 24, 9, 23], [10, 14, 11, 13], [12, 22, 13, 21]]"
12a_0574_106,"[[12, 22, 13, 21], [14, 2, 15, 1], [16, 4, 17, 3], [18, 6, 19, 5], [20, 12, 21, 11], [22, 8, 23, 7], [24, 20, 1, 19], [2, 16, 3, 15], [4, 18, 5, 17], [6, 10, 7, 9], [8, 24, 9, 23], [10, 14, 11, 13]]"
12a_0574_107,"[[10, 14, 11, 13], [12, 22, 13, 21], [14, 2, 15, 1], [16, 4, 17, 3], [18, 6, 19, 5], [20, 12, 21, 11], [22, 8, 23, 7], [24, 20, 1, 19], [2, 16, 3, 15], [4, 18, 5, 17], [6, 10, 7, 9], [8, 24, 9, 23]]"
12a_0574_108,"[[9, 1, 10, 24], [11, 15, 12, 14], [13, 23, 14, 22], [15, 3, 16, 2], [17, 5, 18, 4], [19, 7, 20, 6], [21, 13, 22, 12], [23, 9, 24, 8], [1, 21, 2, 20], [3, 17, 4, 16], [5, 19, 6, 18], [7, 11, 8, 10]]"
12a_0574_109,"[[7, 11, 8, 10], [9, 1, 10, 24], [11, 15, 12, 14], [13, 23, 14, 22], [15, 3, 16, 2], [17, 5, 18, 4], [19, 7, 20, 6], [21, 13, 22, 12], [23, 9, 24, 8], [1, 21, 2, 20], [3, 17, 4, 16], [5, 19, 6, 18]]"
12a_0574_110,"[[5, 19, 6, 18], [7, 11, 8, 10], [9, 1, 10, 24], [11, 15, 12, 14], [13, 23, 14, 22], [15, 3, 16, 2], [17, 5, 18, 4], [19, 7, 20, 6], [21, 13, 22, 12], [23, 9, 24, 8], [1, 21, 2, 20], [3, 17, 4, 16]]"
12a_0574_111,"[[3, 17, 4, 16], [5, 19, 6, 18], [7, 11, 8, 10], [9, 1, 10, 24], [11, 15, 12, 14], [13, 23, 14, 22], [15, 3, 16, 2], [17, 5, 18, 4], [19, 7, 20, 6], [21, 13, 22, 12], [23, 9, 24, 8], [1, 21, 2, 20]]"
12a_0574_112,"[[1, 21, 2, 20], [3, 17, 4, 16], [5, 19, 6, 18], [7, 11, 8, 10], [9, 1, 10, 24], [11, 15, 12, 14], [13, 23, 14, 22], [15, 3, 16, 2], [17, 5, 18, 4], [19, 7, 20, 6], [21, 13, 22, 12], [23, 9, 24, 8]]"
12a_0574_113,"[[23, 9, 24, 8], [1, 21, 2, 20], [3, 17, 4, 16], [5, 19, 6, 18], [7, 11, 8, 10], [9, 1, 10, 24], [11, 15, 12, 14], [13, 23, 14, 22], [15, 3, 16, 2], [17, 5, 18, 4], [19, 7, 20, 6], [21, 13, 22, 12]]"
12a_0574_114,"[[21, 13, 22, 12], [23, 9, 24, 8], [1, 21, 2, 20], [3, 17, 4, 16], [5, 19, 6, 18], [7, 11, 8, 10], [9, 1, 10, 24], [11, 15, 12, 14], [13, 23, 14, 22], [15, 3, 16, 2], [17, 5, 18, 4], [19, 7, 20, 6]]"
12a_0574_115,"[[19, 7, 20, 6], [21, 13, 22, 12], [23, 9, 24, 8], [1, 21, 2, 20], [3, 17, 4, 16], [5, 19, 6, 18], [7, 11, 8, 10], [9, 1, 10, 24], [11, 15, 12, 14], [13, 23, 14, 22], [15, 3, 16, 2], [17, 5, 18, 4]]"
12a_0574_116,"[[17, 5, 18, 4], [19, 7, 20, 6], [21, 13, 22, 12], [23, 9, 24, 8], [1, 21, 2, 20], [3, 17, 4, 16], [5, 19, 6, 18], [7, 11, 8, 10], [9, 1, 10, 24], [11, 15, 12, 14], [13, 23, 14, 22], [15, 3, 16, 2]]"
12a_0574_117,"[[15, 3, 16, 2], [17, 5, 18, 4], [19, 7, 20, 6], [21, 13, 22, 12], [23, 9, 24, 8], [1, 21, 2, 20], [3, 17, 4, 16], [5, 19, 6, 18], [7, 11, 8, 10], [9, 1, 10, 24], [11, 15, 12, 14], [13, 23, 14, 22]]"
12a_0574_118,"[[13, 23, 14, 22], [15, 3, 16, 2], [17, 5, 18, 4], [19, 7, 20, 6], [21, 13, 22, 12], [23, 9, 24, 8], [1, 21, 2, 20], [3, 17, 4, 16], [5, 19, 6, 18], [7, 11, 8, 10], [9, 1, 10, 24], [11, 15, 12, 14]]"
12a_0574_119,"[[11, 15, 12, 14], [13, 23, 14, 22], [15, 3, 16, 2], [17, 5, 18, 4], [19, 7, 20, 6], [21, 13, 22, 12], [23, 9, 24, 8], [1, 21, 2, 20], [3, 17, 4, 16], [5, 19, 6, 18], [7, 11, 8, 10], [9, 1, 10, 24]]"
12a_0574_120,"[[10, 2, 11, 1], [12, 16, 13, 15], [14, 24, 15, 23], [16, 4, 17, 3], [18, 6, 19, 5], [20, 8, 21, 7], [22, 14, 23, 13], [24, 10, 1, 9], [2, 22, 3, 21], [4, 18, 5, 17], [6, 20, 7, 19], [8, 12, 9, 11]]"
12a_0574_121,"[[8, 12, 9, 11], [10, 2, 11, 1], [12, 16, 13, 15], [14, 24, 15, 23], [16, 4, 17, 3], [18, 6, 19, 5], [20, 8, 21, 7], [22, 14, 23, 13], [24, 10, 1, 9], [2, 22, 3, 21], [4, 18, 5, 17], [6, 20, 7, 19]]"
12a_0574_122,"[[6, 20, 7, 19], [8, 12, 9, 11], [10, 2, 11, 1], [12, 16, 13, 15], [14, 24, 15, 23], [16, 4, 17, 3], [18, 6, 19, 5], [20, 8, 21, 7], [22, 14, 23, 13], [24, 10, 1, 9], [2, 22, 3, 21], [4, 18, 5, 17]]"
12a_0574_123,"[[4, 18, 5, 17], [6, 20, 7, 19], [8, 12, 9, 11], [10, 2, 11, 1], [12, 16, 13, 15], [14, 24, 15, 23], [16, 4, 17, 3], [18, 6, 19, 5], [20, 8, 21, 7], [22, 14, 23, 13], [24, 10, 1, 9], [2, 22, 3, 21]]"
12a_0574_124,"[[2, 22, 3, 21], [4, 18, 5, 17], [6, 20, 7, 19], [8, 12, 9, 11], [10, 2, 11, 1], [12, 16, 13, 15], [14, 24, 15, 23], [16, 4, 17, 3], [18, 6, 19, 5], [20, 8, 21, 7], [22, 14, 23, 13], [24, 10, 1, 9]]"
12a_0574_125,"[[24, 10, 1, 9], [2, 22, 3, 21], [4, 18, 5, 17], [6, 20, 7, 19], [8, 12, 9, 11], [10, 2, 11, 1], [12, 16, 13, 15], [14, 24, 15, 23], [16, 4, 17, 3], [18, 6, 19, 5], [20, 8, 21, 7], [22, 14, 23, 13]]"
12a_0574_126,"[[22, 14, 23, 13], [24, 10, 1, 9], [2, 22, 3, 21], [4, 18, 5, 17], [6, 20, 7, 19], [8, 12, 9, 11], [10, 2, 11, 1], [12, 16, 13, 15], [14, 24, 15, 23], [16, 4, 17, 3], [18, 6, 19, 5], [20, 8, 21, 7]]"
12a_0574_127,"[[20, 8, 21, 7], [22, 14, 23, 13], [24, 10, 1, 9], [2, 22, 3, 21], [4, 18, 5, 17], [6, 20, 7, 19], [8, 12, 9, 11], [10, 2, 11, 1], [12, 16, 13, 15], [14, 24, 15, 23], [16, 4, 17, 3], [18, 6, 19, 5]]"
12a_0574_128,"[[18, 6, 19, 5], [20, 8, 21, 7], [22, 14, 23, 13], [24, 10, 1, 9], [2, 22, 3, 21], [4, 18, 5, 17], [6, 20, 7, 19], [8, 12, 9, 11], [10, 2, 11, 1], [12, 16, 13, 15], [14, 24, 15, 23], [16, 4, 17, 3]]"
12a_0574_129,"[[16, 4, 17, 3], [18, 6, 19, 5], [20, 8, 21, 7], [22, 14, 23, 13], [24, 10, 1, 9], [2, 22, 3, 21], [4, 18, 5, 17], [6, 20, 7, 19], [8, 12, 9, 11], [10, 2, 11, 1], [12, 16, 13, 15], [14, 24, 15, 23]]"
12a_0574_130,"[[14, 24, 15, 23], [16, 4, 17, 3], [18, 6, 19, 5], [20, 8, 21, 7], [22, 14, 23, 13], [24, 10, 1, 9], [2, 22, 3, 21], [4, 18, 5, 17], [6, 20, 7, 19], [8, 12, 9, 11], [10, 2, 11, 1], [12, 16, 13, 15]]"
12a_0574_131,"[[12, 16, 13, 15], [14, 24, 15, 23], [16, 4, 17, 3], [18, 6, 19, 5], [20, 8, 21, 7], [22, 14, 23, 13], [24, 10, 1, 9], [2, 22, 3, 21], [4, 18, 5, 17], [6, 20, 7, 19], [8, 12, 9, 11], [10, 2, 11, 1]]"
12a_0574_132,"[[11, 3, 12, 2], [13, 17, 14, 16], [15, 1, 16, 24], [17, 5, 18, 4], [19, 7, 20, 6], [21, 9, 22, 8], [23, 15, 24, 14], [1, 11, 2, 10], [3, 23, 4, 22], [5, 19, 6, 18], [7, 21, 8, 20], [9, 13, 10, 12]]"
12a_0574_133,"[[9, 13, 10, 12], [11, 3, 12, 2], [13, 17, 14, 16], [15, 1, 16, 24], [17, 5, 18, 4], [19, 7, 20, 6], [21, 9, 22, 8], [23, 15, 24, 14], [1, 11, 2, 10], [3, 23, 4, 22], [5, 19, 6, 18], [7, 21, 8, 20]]"
12a_0574_134,"[[7, 21, 8, 20], [9, 13, 10, 12], [11, 3, 12, 2], [13, 17, 14, 16], [15, 1, 16, 24], [17, 5, 18, 4], [19, 7, 20, 6], [21, 9, 22, 8], [23, 15, 24, 14], [1, 11, 2, 10], [3, 23, 4, 22], [5, 19, 6, 18]]"
12a_0574_135,"[[5, 19, 6, 18], [7, 21, 8, 20], [9, 13, 10, 12], [11, 3, 12, 2], [13, 17, 14, 16], [15, 1, 16, 24], [17, 5, 18, 4], [19, 7, 20, 6], [21, 9, 22, 8], [23, 15, 24, 14], [1, 11, 2, 10], [3, 23, 4, 22]]"
12a_0574_136,"[[3, 23, 4, 22], [5, 19, 6, 18], [7, 21, 8, 20], [9, 13, 10, 12], [11, 3, 12, 2], [13, 17, 14, 16], [15, 1, 16, 24], [17, 5, 18, 4], [19, 7, 20, 6], [21, 9, 22, 8], [23, 15, 24, 14], [1, 11, 2, 10]]"
12a_0574_137,"[[1, 11, 2, 10], [3, 23, 4, 22], [5, 19, 6, 18], [7, 21, 8, 20], [9, 13, 10, 12], [11, 3, 12, 2], [13, 17, 14, 16], [15, 1, 16, 24], [17, 5, 18, 4], [19, 7, 20, 6], [21, 9, 22, 8], [23, 15, 24, 14]]"
12a_0574_138,"[[23, 15, 24, 14], [1, 11, 2, 10], [3, 23, 4, 22], [5, 19, 6, 18], [7, 21, 8, 20], [9, 13, 10, 12], [11, 3, 12, 2], [13, 17, 14, 16], [15, 1, 16, 24], [17, 5, 18, 4], [19, 7, 20, 6], [21, 9, 22, 8]]"
12a_0574_139,"[[21, 9, 22, 8], [23, 15, 24, 14], [1, 11, 2, 10], [3, 23, 4, 22], [5, 19, 6, 18], [7, 21, 8, 20], [9, 13, 10, 12], [11, 3, 12, 2], [13, 17, 14, 16], [15, 1, 16, 24], [17, 5, 18, 4], [19, 7, 20, 6]]"
12a_0574_140,"[[19, 7, 20, 6], [21, 9, 22, 8], [23, 15, 24, 14], [1, 11, 2, 10], [3, 23, 4, 22], [5, 19, 6, 18], [7, 21, 8, 20], [9, 13, 10, 12], [11, 3, 12, 2], [13, 17, 14, 16], [15, 1, 16, 24], [17, 5, 18, 4]]"
12a_0574_141,"[[17, 5, 18, 4], [19, 7, 20, 6], [21, 9, 22, 8], [23, 15, 24, 14], [1, 11, 2, 10], [3, 23, 4, 22], [5, 19, 6, 18], [7, 21, 8, 20], [9, 13, 10, 12], [11, 3, 12, 2], [13, 17, 14, 16], [15, 1, 16, 24]]"
12a_0574_142,"[[15, 1, 16, 24], [17, 5, 18, 4], [19, 7, 20, 6], [21, 9, 22, 8], [23, 15, 24, 14], [1, 11, 2, 10], [3, 23, 4, 22], [5, 19, 6, 18], [7, 21, 8, 20], [9, 13, 10, 12], [11, 3, 12, 2], [13, 17, 14, 16]]"
12a_0574_143,"[[13, 17, 14, 16], [15, 1, 16, 24], [17, 5, 18, 4], [19, 7, 20, 6], [21, 9, 22, 8], [23, 15, 24, 14], [1, 11, 2, 10], [3, 23, 4, 22], [5, 19, 6, 18], [7, 21, 8, 20], [9, 13, 10, 12], [11, 3, 12, 2]]"
12a_0574_144,"[[12, 4, 13, 3], [14, 18, 15, 17], [16, 2, 17, 1], [18, 6, 19, 5], [20, 8, 21, 7], [22, 10, 23, 9], [24, 16, 1, 15], [2, 12, 3, 11], [4, 24, 5, 23], [6, 20, 7, 19], [8, 22, 9, 21], [10, 14, 11, 13]]"
12a_0574_145,"[[10, 14, 11, 13], [12, 4, 13, 3], [14, 18, 15, 17], [16, 2, 17, 1], [18, 6, 19, 5], [20, 8, 21, 7], [22, 10, 23, 9], [24, 16, 1, 15], [2, 12, 3, 11], [4, 24, 5, 23], [6, 20, 7, 19], [8, 22, 9, 21]]"
12a_0574_146,"[[8, 22, 9, 21], [10, 14, 11, 13], [12, 4, 13, 3], [14, 18, 15, 17], [16, 2, 17, 1], [18, 6, 19, 5], [20, 8, 21, 7], [22, 10, 23, 9], [24, 16, 1, 15], [2, 12, 3, 11], [4, 24, 5, 23], [6, 20, 7, 19]]"
12a_0574_147,"[[6, 20, 7, 19], [8, 22, 9, 21], [10, 14, 11, 13], [12, 4, 13, 3], [14, 18, 15, 17], [16, 2, 17, 1], [18, 6, 19, 5], [20, 8, 21, 7], [22, 10, 23, 9], [24, 16, 1, 15], [2, 12, 3, 11], [4, 24, 5, 23]]"
12a_0574_148,"[[4, 24, 5, 23], [6, 20, 7, 19], [8, 22, 9, 21], [10, 14, 11, 13], [12, 4, 13, 3], [14, 18, 15, 17], [16, 2, 17, 1], [18, 6, 19, 5], [20, 8, 21, 7], [22, 10, 23, 9], [24, 16, 1, 15], [2, 12, 3, 11]]"
12a_0574_149,"[[2, 12, 3, 11], [4, 24, 5, 23], [6, 20, 7, 19], [8, 22, 9, 21], [10, 14, 11, 13], [12, 4, 13, 3], [14, 18, 15, 17], [16, 2, 17, 1], [18, 6, 19, 5], [20, 8, 21, 7], [22, 10, 23, 9], [24, 16, 1, 15]]"
12a_0574_150,"[[24, 16, 1, 15], [2, 12, 3, 11], [4, 24, 5, 23], [6, 20, 7, 19], [8, 22, 9, 21], [10, 14, 11, 13], [12, 4, 13, 3], [14, 18, 15, 17], [16, 2, 17, 1], [18, 6, 19, 5], [20, 8, 21, 7], [22, 10, 23, 9]]"
12a_0574_151,"[[22, 10, 23, 9], [24, 16, 1, 15], [2, 12, 3, 11], [4, 24, 5, 23], [6, 20, 7, 19], [8, 22, 9, 21], [10, 14, 11, 13], [12, 4, 13, 3], [14, 18, 15, 17], [16, 2, 17, 1], [18, 6, 19, 5], [20, 8, 21, 7]]"
12a_0574_152,"[[20, 8, 21, 7], [22, 10, 23, 9], [24, 16, 1, 15], [2, 12, 3, 11], [4, 24, 5, 23], [6, 20, 7, 19], [8, 22, 9, 21], [10, 14, 11, 13], [12, 4, 13, 3], [14, 18, 15, 17], [16, 2, 17, 1], [18, 6, 19, 5]]"
12a_0574_153,"[[18, 6, 19, 5], [20, 8, 21, 7], [22, 10, 23, 9], [24, 16, 1, 15], [2, 12, 3, 11], [4, 24, 5, 23], [6, 20, 7, 19], [8, 22, 9, 21], [10, 14, 11, 13], [12, 4, 13, 3], [14, 18, 15, 17], [16, 2, 17, 1]]"
12a_0574_154,"[[16, 2, 17, 1], [18, 6, 19, 5], [20, 8, 21, 7], [22, 10, 23, 9], [24, 16, 1, 15], [2, 12, 3, 11], [4, 24, 5, 23], [6, 20, 7, 19], [8, 22, 9, 21], [10, 14, 11, 13], [12, 4, 13, 3], [14, 18, 15, 17]]"
12a_0574_155,"[[14, 18, 15, 17], [16, 2, 17, 1], [18, 6, 19, 5], [20, 8, 21, 7], [22, 10, 23, 9], [24, 16, 1, 15], [2, 12, 3, 11], [4, 24, 5, 23], [6, 20, 7, 19], [8, 22, 9, 21], [10, 14, 11, 13], [12, 4, 13, 3]]"
12a_0574_156,"[[13, 5, 14, 4], [15, 19, 16, 18], [17, 3, 18, 2], [19, 7, 20, 6], [21, 9, 22, 8], [23, 11, 24, 10], [1, 17, 2, 16], [3, 13, 4, 12], [5, 1, 6, 24], [7, 21, 8, 20], [9, 23, 10, 22], [11, 15, 12, 14]]"
12a_0574_157,"[[11, 15, 12, 14], [13, 5, 14, 4], [15, 19, 16, 18], [17, 3, 18, 2], [19, 7, 20, 6], [21, 9, 22, 8], [23, 11, 24, 10], [1, 17, 2, 16], [3, 13, 4, 12], [5, 1, 6, 24], [7, 21, 8, 20], [9, 23, 10, 22]]"
12a_0574_158,"[[9, 23, 10, 22], [11, 15, 12, 14], [13, 5, 14, 4], [15, 19, 16, 18], [17, 3, 18, 2], [19, 7, 20, 6], [21, 9, 22, 8], [23, 11, 24, 10], [1, 17, 2, 16], [3, 13, 4, 12], [5, 1, 6, 24], [7, 21, 8, 20]]"
12a_0574_159,"[[7, 21, 8, 20], [9, 23, 10, 22], [11, 15, 12, 14], [13, 5, 14, 4], [15, 19, 16, 18], [17, 3, 18, 2], [19, 7, 20, 6], [21, 9, 22, 8], [23, 11, 24, 10], [1, 17, 2, 16], [3, 13, 4, 12], [5, 1, 6, 24]]"
12a_0574_160,"[[5, 1, 6, 24], [7, 21, 8, 20], [9, 23, 10, 22], [11, 15, 12, 14], [13, 5, 14, 4], [15, 19, 16, 18], [17, 3, 18, 2], [19, 7, 20, 6], [21, 9, 22, 8], [23, 11, 24, 10], [1, 17, 2, 16], [3, 13, 4, 12]]"
12a_0574_161,"[[3, 13, 4, 12], [5, 1, 6, 24], [7, 21, 8, 20], [9, 23, 10, 22], [11, 15, 12, 14], [13, 5, 14, 4], [15, 19, 16, 18], [17, 3, 18, 2], [19, 7, 20, 6], [21, 9, 22, 8], [23, 11, 24, 10], [1, 17, 2, 16]]"
12a_0574_162,"[[1, 17, 2, 16], [3, 13, 4, 12], [5, 1, 6, 24], [7, 21, 8, 20], [9, 23, 10, 22], [11, 15, 12, 14], [13, 5, 14, 4], [15, 19, 16, 18], [17, 3, 18, 2], [19, 7, 20, 6], [21, 9, 22, 8], [23, 11, 24, 10]]"
12a_0574_163,"[[23, 11, 24, 10], [1, 17, 2, 16], [3, 13, 4, 12], [5, 1, 6, 24], [7, 21, 8, 20], [9, 23, 10, 22], [11, 15, 12, 14], [13, 5, 14, 4], [15, 19, 16, 18], [17, 3, 18, 2], [19, 7, 20, 6], [21, 9, 22, 8]]"
12a_0574_164,"[[21, 9, 22, 8], [23, 11, 24, 10], [1, 17, 2, 16], [3, 13, 4, 12], [5, 1, 6, 24], [7, 21, 8, 20], [9, 23, 10, 22], [11, 15, 12, 14], [13, 5, 14, 4], [15, 19, 16, 18], [17, 3, 18, 2], [19, 7, 20, 6]]"
12a_0574_165,"[[19, 7, 20, 6], [21, 9, 22, 8], [23, 11, 24, 10], [1, 17, 2, 16], [3, 13, 4, 12], [5, 1, 6, 24], [7, 21, 8, 20], [9, 23, 10, 22], [11, 15, 12, 14], [13, 5, 14, 4], [15, 19, 16, 18], [17, 3, 18, 2]]"
12a_0574_166,"[[17, 3, 18, 2], [19, 7, 20, 6], [21, 9, 22, 8], [23, 11, 24, 10], [1, 17, 2, 16], [3, 13, 4, 12], [5, 1, 6, 24], [7, 21, 8, 20], [9, 23, 10, 22], [11, 15, 12, 14], [13, 5, 14, 4], [15, 19, 16, 18]]"
12a_0574_167,"[[15, 19, 16, 18], [17, 3, 18, 2], [19, 7, 20, 6], [21, 9, 22, 8], [23, 11, 24, 10], [1, 17, 2, 16], [3, 13, 4, 12], [5, 1, 6, 24], [7, 21, 8, 20], [9, 23, 10, 22], [11, 15, 12, 14], [13, 5, 14, 4]]"
12a_0574_168,"[[14, 6, 15, 5], [16, 20, 17, 19], [18, 4, 19, 3], [20, 8, 21, 7], [22, 10, 23, 9], [24, 12, 1, 11], [2, 18, 3, 17], [4, 14, 5, 13], [6, 2, 7, 1], [8, 22, 9, 21], [10, 24, 11, 23], [12, 16, 13, 15]]"
12a_0574_169,"[[12, 16, 13, 15], [14, 6, 15, 5], [16, 20, 17, 19], [18, 4, 19, 3], [20, 8, 21, 7], [22, 10, 23, 9], [24, 12, 1, 11], [2, 18, 3, 17], [4, 14, 5, 13], [6, 2, 7, 1], [8, 22, 9, 21], [10, 24, 11, 23]]"
12a_0574_170,"[[10, 24, 11, 23], [12, 16, 13, 15], [14, 6, 15, 5], [16, 20, 17, 19], [18, 4, 19, 3], [20, 8, 21, 7], [22, 10, 23, 9], [24, 12, 1, 11], [2, 18, 3, 17], [4, 14, 5, 13], [6, 2, 7, 1], [8, 22, 9, 21]]"
12a_0574_171,"[[8, 22, 9, 21], [10, 24, 11, 23], [12, 16, 13, 15], [14, 6, 15, 5], [16, 20, 17, 19], [18, 4, 19, 3], [20, 8, 21, 7], [22, 10, 23, 9], [24, 12, 1, 11], [2, 18, 3, 17], [4, 14, 5, 13], [6, 2, 7, 1]]"
12a_0574_172,"[[6, 2, 7, 1], [8, 22, 9, 21], [10, 24, 11, 23], [12, 16, 13, 15], [14, 6, 15, 5], [16, 20, 17, 19], [18, 4, 19, 3], [20, 8, 21, 7], [22, 10, 23, 9], [24, 12, 1, 11], [2, 18, 3, 17], [4, 14, 5, 13]]"
12a_0574_173,"[[4, 14, 5, 13], [6, 2, 7, 1], [8, 22, 9, 21], [10, 24, 11, 23], [12, 16, 13, 15], [14, 6, 15, 5], [16, 20, 17, 19], [18, 4, 19, 3], [20, 8, 21, 7], [22, 10, 23, 9], [24, 12, 1, 11], [2, 18, 3, 17]]"
12a_0574_174,"[[2, 18, 3, 17], [4, 14, 5, 13], [6, 2, 7, 1], [8, 22, 9, 21], [10, 24, 11, 23], [12, 16, 13, 15], [14, 6, 15, 5], [16, 20, 17, 19], [18, 4, 19, 3], [20, 8, 21, 7], [22, 10, 23, 9], [24, 12, 1, 11]]"
12a_0574_175,"[[24, 12, 1, 11], [2, 18, 3, 17], [4, 14, 5, 13], [6, 2, 7, 1], [8, 22, 9, 21], [10, 24, 11, 23], [12, 16, 13, 15], [14, 6, 15, 5], [16, 20, 17, 19], [18, 4, 19, 3], [20, 8, 21, 7], [22, 10, 23, 9]]"
12a_0574_176,"[[22, 10, 23, 9], [24, 12, 1, 11], [2, 18, 3, 17], [4, 14, 5, 13], [6, 2, 7, 1], [8, 22, 9, 21], [10, 24, 11, 23], [12, 16, 13, 15], [14, 6, 15, 5], [16, 20, 17, 19], [18, 4, 19, 3], [20, 8, 21, 7]]"
12a_0574_177,"[[20, 8, 21, 7], [22, 10, 23, 9], [24, 12, 1, 11], [2, 18, 3, 17], [4, 14, 5, 13], [6, 2, 7, 1], [8, 22, 9, 21], [10, 24, 11, 23], [12, 16, 13, 15], [14, 6, 15, 5], [16, 20, 17, 19], [18, 4, 19, 3]]"
12a_0574_178,"[[18, 4, 19, 3], [20, 8, 21, 7], [22, 10, 23, 9], [24, 12, 1, 11], [2, 18, 3, 17], [4, 14, 5, 13], [6, 2, 7, 1], [8, 22, 9, 21], [10, 24, 11, 23], [12, 16, 13, 15], [14, 6, 15, 5], [16, 20, 17, 19]]"
12a_0574_179,"[[16, 20, 17, 19], [18, 4, 19, 3], [20, 8, 21, 7], [22, 10, 23, 9], [24, 12, 1, 11], [2, 18, 3, 17], [4, 14, 5, 13], [6, 2, 7, 1], [8, 22, 9, 21], [10, 24, 11, 23], [12, 16, 13, 15], [14, 6, 15, 5]]"
12a_0574_180,"[[15, 7, 16, 6], [17, 21, 18, 20], [19, 5, 20, 4], [21, 9, 22, 8], [23, 11, 24, 10], [1, 13, 2, 12], [3, 19, 4, 18], [5, 15, 6, 14], [7, 3, 8, 2], [9, 23, 10, 22], [11, 1, 12, 24], [13, 17, 14, 16]]"
12a_0574_181,"[[13, 17, 14, 16], [15, 7, 16, 6], [17, 21, 18, 20], [19, 5, 20, 4], [21, 9, 22, 8], [23, 11, 24, 10], [1, 13, 2, 12], [3, 19, 4, 18], [5, 15, 6, 14], [7, 3, 8, 2], [9, 23, 10, 22], [11, 1, 12, 24]]"
12a_0574_182,"[[11, 1, 12, 24], [13, 17, 14, 16], [15, 7, 16, 6], [17, 21, 18, 20], [19, 5, 20, 4], [21, 9, 22, 8], [23, 11, 24, 10], [1, 13, 2, 12], [3, 19, 4, 18], [5, 15, 6, 14], [7, 3, 8, 2], [9, 23, 10, 22]]"
12a_0574_183,"[[9, 23, 10, 22], [11, 1, 12, 24], [13, 17, 14, 16], [15, 7, 16, 6], [17, 21, 18, 20], [19, 5, 20, 4], [21, 9, 22, 8], [23, 11, 24, 10], [1, 13, 2, 12], [3, 19, 4, 18], [5, 15, 6, 14], [7, 3, 8, 2]]"
12a_0574_184,"[[7, 3, 8, 2], [9, 23, 10, 22], [11, 1, 12, 24], [13, 17, 14, 16], [15, 7, 16, 6], [17, 21, 18, 20], [19, 5, 20, 4], [21, 9, 22, 8], [23, 11, 24, 10], [1, 13, 2, 12], [3, 19, 4, 18], [5, 15, 6, 14]]"
12a_0574_185,"[[5, 15, 6, 14], [7, 3, 8, 2], [9, 23, 10, 22], [11, 1, 12, 24], [13, 17, 14, 16], [15, 7, 16, 6], [17, 21, 18, 20], [19, 5, 20, 4], [21, 9, 22, 8], [23, 11, 24, 10], [1, 13, 2, 12], [3, 19, 4, 18]]"
