name,pd_notation
12a_1285_0,"[[24, 12, 1, 11], [2, 10, 3, 9], [4, 19, 5, 20], [6, 15, 7, 16], [8, 17, 9, 18], [10, 24, 11, 23], [12, 2, 13, 1], [14, 22, 15, 21], [16, 7, 17, 8], [18, 3, 19, 4], [20, 5, 21, 6], [22, 14, 23, 13]]"
12a_1285_1,"[[22, 14, 23, 13], [24, 12, 1, 11], [2, 10, 3, 9], [4, 19, 5, 20], [6, 15, 7, 16], [8, 17, 9, 18], [10, 24, 11, 23], [12, 2, 13, 1], [14, 22, 15, 21], [16, 7, 17, 8], [18, 3, 19, 4], [20, 5, 21, 6]]"
12a_1285_2,"[[20, 5, 21, 6], [22, 14, 23, 13], [24, 12, 1, 11], [2, 10, 3, 9], [4, 19, 5, 20], [6, 15, 7, 16], [8, 17, 9, 18], [10, 24, 11, 23], [12, 2, 13, 1], [14, 22, 15, 21], [16, 7, 17, 8], [18, 3, 19, 4]]"
12a_1285_3,"[[18, 3, 19, 4], [20, 5, 21, 6], [22, 14, 23, 13], [24, 12, 1, 11], [2, 10, 3, 9], [4, 19, 5, 20], [6, 15, 7, 16], [8, 17, 9, 18], [10, 24, 11, 23], [12, 2, 13, 1], [14, 22, 15, 21], [16, 7, 17, 8]]"
12a_1285_4,"[[16, 7, 17, 8], [18, 3, 19, 4], [20, 5, 21, 6], [22, 14, 23, 13], [24, 12, 1, 11], [2, 10, 3, 9], [4, 19, 5, 20], [6, 15, 7, 16], [8, 17, 9, 18], [10, 24, 11, 23], [12, 2, 13, 1], [14, 22, 15, 21]]"
12a_1285_5,"[[14, 22, 15, 21], [16, 7, 17, 8], [18, 3, 19, 4], [20, 5, 21, 6], [22, 14, 23, 13], [24, 12, 1, 11], [2, 10, 3, 9], [4, 19, 5, 20], [6, 15, 7, 16], [8, 17, 9, 18], [10, 24, 11, 23], [12, 2, 13, 1]]"
12a_1285_6,"[[12, 2, 13, 1], [14, 22, 15, 21], [16, 7, 17, 8], [18, 3, 19, 4], [20, 5, 21, 6], [22, 14, 23, 13], [24, 12, 1, 11], [2, 10, 3, 9], [4, 19, 5, 20], [6, 15, 7, 16], [8, 17, 9, 18], [10, 24, 11, 23]]"
12a_1285_7,"[[10, 24, 11, 23], [12, 2, 13, 1], [14, 22, 15, 21], [16, 7, 17, 8], [18, 3, 19, 4], [20, 5, 21, 6], [22, 14, 23, 13], [24, 12, 1, 11], [2, 10, 3, 9], [4, 19, 5, 20], [6, 15, 7, 16], [8, 17, 9, 18]]"
12a_1285_8,"[[8, 17, 9, 18], [10, 24, 11, 23], [12, 2, 13, 1], [14, 22, 15, 21], [16, 7, 17, 8], [18, 3, 19, 4], [20, 5, 21, 6], [22, 14, 23, 13], [24, 12, 1, 11], [2, 10, 3, 9], [4, 19, 5, 20], [6, 15, 7, 16]]"
12a_1285_9,"[[6, 15, 7, 16], [8, 17, 9, 18], [10, 24, 11, 23], [12, 2, 13, 1], [14, 22, 15, 21], [16, 7, 17, 8], [18, 3, 19, 4], [20, 5, 21, 6], [22, 14, 23, 13], [24, 12, 1, 11], [2, 10, 3, 9], [4, 19, 5, 20]]"
12a_1285_10,"[[4, 19, 5, 20], [6, 15, 7, 16], [8, 17, 9, 18], [10, 24, 11, 23], [12, 2, 13, 1], [14, 22, 15, 21], [16, 7, 17, 8], [18, 3, 19, 4], [20, 5, 21, 6], [22, 14, 23, 13], [24, 12, 1, 11], [2, 10, 3, 9]]"
12a_1285_11,"[[2, 10, 3, 9], [4, 19, 5, 20], [6, 15, 7, 16], [8, 17, 9, 18], [10, 24, 11, 23], [12, 2, 13, 1], [14, 22, 15, 21], [16, 7, 17, 8], [18, 3, 19, 4], [20, 5, 21, 6], [22, 14, 23, 13], [24, 12, 1, 11]]"
12a_1285_12,"[[1, 13, 2, 12], [3, 11, 4, 10], [5, 20, 6, 21], [7, 16, 8, 17], [9, 18, 10, 19], [11, 1, 12, 24], [13, 3, 14, 2], [15, 23, 16, 22], [17, 8, 18, 9], [19, 4, 20, 5], [21, 6, 22, 7], [23, 15, 24, 14]]"
12a_1285_13,"[[23, 15, 24, 14], [1, 13, 2, 12], [3, 11, 4, 10], [5, 20, 6, 21], [7, 16, 8, 17], [9, 18, 10, 19], [11, 1, 12, 24], [13, 3, 14, 2], [15, 23, 16, 22], [17, 8, 18, 9], [19, 4, 20, 5], [21, 6, 22, 7]]"
12a_1285_14,"[[21, 6, 22, 7], [23, 15, 24, 14], [1, 13, 2, 12], [3, 11, 4, 10], [5, 20, 6, 21], [7, 16, 8, 17], [9, 18, 10, 19], [11, 1, 12, 24], [13, 3, 14, 2], [15, 23, 16, 22], [17, 8, 18, 9], [19, 4, 20, 5]]"
12a_1285_15,"[[19, 4, 20, 5], [21, 6, 22, 7], [23, 15, 24, 14], [1, 13, 2, 12], [3, 11, 4, 10], [5, 20, 6, 21], [7, 16, 8, 17], [9, 18, 10, 19], [11, 1, 12, 24], [13, 3, 14, 2], [15, 23, 16, 22], [17, 8, 18, 9]]"
12a_1285_16,"[[17, 8, 18, 9], [19, 4, 20, 5], [21, 6, 22, 7], [23, 15, 24, 14], [1, 13, 2, 12], [3, 11, 4, 10], [5, 20, 6, 21], [7, 16, 8, 17], [9, 18, 10, 19], [11, 1, 12, 24], [13, 3, 14, 2], [15, 23, 16, 22]]"
12a_1285_17,"[[15, 23, 16, 22], [17, 8, 18, 9], [19, 4, 20, 5], [21, 6, 22, 7], [23, 15, 24, 14], [1, 13, 2, 12], [3, 11, 4, 10], [5, 20, 6, 21], [7, 16, 8, 17], [9, 18, 10, 19], [11, 1, 12, 24], [13, 3, 14, 2]]"
12a_1285_18,"[[13, 3, 14, 2], [15, 23, 16, 22], [17, 8, 18, 9], [19, 4, 20, 5], [21, 6, 22, 7], [23, 15, 24, 14], [1, 13, 2, 12], [3, 11, 4, 10], [5, 20, 6, 21], [7, 16, 8, 17], [9, 18, 10, 19], [11, 1, 12, 24]]"
12a_1285_19,"[[11, 1, 12, 24], [13, 3, 14, 2], [15, 23, 16, 22], [17, 8, 18, 9], [19, 4, 20, 5], [21, 6, 22, 7], [23, 15, 24, 14], [1, 13, 2, 12], [3, 11, 4, 10], [5, 20, 6, 21], [7, 16, 8, 17], [9, 18, 10, 19]]"
12a_1285_20,"[[9, 18, 10, 19], [11, 1, 12, 24], [13, 3, 14, 2], [15, 23, 16, 22], [17, 8, 18, 9], [19, 4, 20, 5], [21, 6, 22, 7], [23, 15, 24, 14], [1, 13, 2, 12], [3, 11, 4, 10], [5, 20, 6, 21], [7, 16, 8, 17]]"
12a_1285_21,"[[7, 16, 8, 17], [9, 18, 10, 19], [11, 1, 12, 24], [13, 3, 14, 2], [15, 23, 16, 22], [17, 8, 18, 9], [19, 4, 20, 5], [21, 6, 22, 7], [23, 15, 24, 14], [1, 13, 2, 12], [3, 11, 4, 10], [5, 20, 6, 21]]"
12a_1285_22,"[[5, 20, 6, 21], [7, 16, 8, 17], [9, 18, 10, 19], [11, 1, 12, 24], [13, 3, 14, 2], [15, 23, 16, 22], [17, 8, 18, 9], [19, 4, 20, 5], [21, 6, 22, 7], [23, 15, 24, 14], [1, 13, 2, 12], [3, 11, 4, 10]]"
12a_1285_23,"[[3, 11, 4, 10], [5, 20, 6, 21], [7, 16, 8, 17], [9, 18, 10, 19], [11, 1, 12, 24], [13, 3, 14, 2], [15, 23, 16, 22], [17, 8, 18, 9], [19, 4, 20, 5], [21, 6, 22, 7], [23, 15, 24, 14], [1, 13, 2, 12]]"
12a_1285_24,"[[2, 14, 3, 13], [4, 12, 5, 11], [6, 21, 7, 22], [8, 17, 9, 18], [10, 19, 11, 20], [12, 2, 13, 1], [14, 4, 15, 3], [16, 24, 17, 23], [18, 9, 19, 10], [20, 5, 21, 6], [22, 7, 23, 8], [24, 16, 1, 15]]"
12a_1285_25,"[[24, 16, 1, 15], [2, 14, 3, 13], [4, 12, 5, 11], [6, 21, 7, 22], [8, 17, 9, 18], [10, 19, 11, 20], [12, 2, 13, 1], [14, 4, 15, 3], [16, 24, 17, 23], [18, 9, 19, 10], [20, 5, 21, 6], [22, 7, 23, 8]]"
12a_1285_26,"[[22, 7, 23, 8], [24, 16, 1, 15], [2, 14, 3, 13], [4, 12, 5, 11], [6, 21, 7, 22], [8, 17, 9, 18], [10, 19, 11, 20], [12, 2, 13, 1], [14, 4, 15, 3], [16, 24, 17, 23], [18, 9, 19, 10], [20, 5, 21, 6]]"
12a_1285_27,"[[20, 5, 21, 6], [22, 7, 23, 8], [24, 16, 1, 15], [2, 14, 3, 13], [4, 12, 5, 11], [6, 21, 7, 22], [8, 17, 9, 18], [10, 19, 11, 20], [12, 2, 13, 1], [14, 4, 15, 3], [16, 24, 17, 23], [18, 9, 19, 10]]"
12a_1285_28,"[[18, 9, 19, 10], [20, 5, 21, 6], [22, 7, 23, 8], [24, 16, 1, 15], [2, 14, 3, 13], [4, 12, 5, 11], [6, 21, 7, 22], [8, 17, 9, 18], [10, 19, 11, 20], [12, 2, 13, 1], [14, 4, 15, 3], [16, 24, 17, 23]]"
12a_1285_29,"[[16, 24, 17, 23], [18, 9, 19, 10], [20, 5, 21, 6], [22, 7, 23, 8], [24, 16, 1, 15], [2, 14, 3, 13], [4, 12, 5, 11], [6, 21, 7, 22], [8, 17, 9, 18], [10, 19, 11, 20], [12, 2, 13, 1], [14, 4, 15, 3]]"
12a_1285_30,"[[14, 4, 15, 3], [16, 24, 17, 23], [18, 9, 19, 10], [20, 5, 21, 6], [22, 7, 23, 8], [24, 16, 1, 15], [2, 14, 3, 13], [4, 12, 5, 11], [6, 21, 7, 22], [8, 17, 9, 18], [10, 19, 11, 20], [12, 2, 13, 1]]"
12a_1285_31,"[[12, 2, 13, 1], [14, 4, 15, 3], [16, 24, 17, 23], [18, 9, 19, 10], [20, 5, 21, 6], [22, 7, 23, 8], [24, 16, 1, 15], [2, 14, 3, 13], [4, 12, 5, 11], [6, 21, 7, 22], [8, 17, 9, 18], [10, 19, 11, 20]]"
12a_1285_32,"[[10, 19, 11, 20], [12, 2, 13, 1], [14, 4, 15, 3], [16, 24, 17, 23], [18, 9, 19, 10], [20, 5, 21, 6], [22, 7, 23, 8], [24, 16, 1, 15], [2, 14, 3, 13], [4, 12, 5, 11], [6, 21, 7, 22], [8, 17, 9, 18]]"
12a_1285_33,"[[8, 17, 9, 18], [10, 19, 11, 20], [12, 2, 13, 1], [14, 4, 15, 3], [16, 24, 17, 23], [18, 9, 19, 10], [20, 5, 21, 6], [22, 7, 23, 8], [24, 16, 1, 15], [2, 14, 3, 13], [4, 12, 5, 11], [6, 21, 7, 22]]"
12a_1285_34,"[[6, 21, 7, 22], [8, 17, 9, 18], [10, 19, 11, 20], [12, 2, 13, 1], [14, 4, 15, 3], [16, 24, 17, 23], [18, 9, 19, 10], [20, 5, 21, 6], [22, 7, 23, 8], [24, 16, 1, 15], [2, 14, 3, 13], [4, 12, 5, 11]]"
12a_1285_35,"[[4, 12, 5, 11], [6, 21, 7, 22], [8, 17, 9, 18], [10, 19, 11, 20], [12, 2, 13, 1], [14, 4, 15, 3], [16, 24, 17, 23], [18, 9, 19, 10], [20, 5, 21, 6], [22, 7, 23, 8], [24, 16, 1, 15], [2, 14, 3, 13]]"
12a_1285_36,"[[3, 15, 4, 14], [5, 13, 6, 12], [7, 22, 8, 23], [9, 18, 10, 19], [11, 20, 12, 21], [13, 3, 14, 2], [15, 5, 16, 4], [17, 1, 18, 24], [19, 10, 20, 11], [21, 6, 22, 7], [23, 8, 24, 9], [1, 17, 2, 16]]"
12a_1285_37,"[[1, 17, 2, 16], [3, 15, 4, 14], [5, 13, 6, 12], [7, 22, 8, 23], [9, 18, 10, 19], [11, 20, 12, 21], [13, 3, 14, 2], [15, 5, 16, 4], [17, 1, 18, 24], [19, 10, 20, 11], [21, 6, 22, 7], [23, 8, 24, 9]]"
12a_1285_38,"[[23, 8, 24, 9], [1, 17, 2, 16], [3, 15, 4, 14], [5, 13, 6, 12], [7, 22, 8, 23], [9, 18, 10, 19], [11, 20, 12, 21], [13, 3, 14, 2], [15, 5, 16, 4], [17, 1, 18, 24], [19, 10, 20, 11], [21, 6, 22, 7]]"
12a_1285_39,"[[21, 6, 22, 7], [23, 8, 24, 9], [1, 17, 2, 16], [3, 15, 4, 14], [5, 13, 6, 12], [7, 22, 8, 23], [9, 18, 10, 19], [11, 20, 12, 21], [13, 3, 14, 2], [15, 5, 16, 4], [17, 1, 18, 24], [19, 10, 20, 11]]"
12a_1285_40,"[[19, 10, 20, 11], [21, 6, 22, 7], [23, 8, 24, 9], [1, 17, 2, 16], [3, 15, 4, 14], [5, 13, 6, 12], [7, 22, 8, 23], [9, 18, 10, 19], [11, 20, 12, 21], [13, 3, 14, 2], [15, 5, 16, 4], [17, 1, 18, 24]]"
12a_1285_41,"[[17, 1, 18, 24], [19, 10, 20, 11], [21, 6, 22, 7], [23, 8, 24, 9], [1, 17, 2, 16], [3, 15, 4, 14], [5, 13, 6, 12], [7, 22, 8, 23], [9, 18, 10, 19], [11, 20, 12, 21], [13, 3, 14, 2], [15, 5, 16, 4]]"
12a_1285_42,"[[15, 5, 16, 4], [17, 1, 18, 24], [19, 10, 20, 11], [21, 6, 22, 7], [23, 8, 24, 9], [1, 17, 2, 16], [3, 15, 4, 14], [5, 13, 6, 12], [7, 22, 8, 23], [9, 18, 10, 19], [11, 20, 12, 21], [13, 3, 14, 2]]"
12a_1285_43,"[[13, 3, 14, 2], [15, 5, 16, 4], [17, 1, 18, 24], [19, 10, 20, 11], [21, 6, 22, 7], [23, 8, 24, 9], [1, 17, 2, 16], [3, 15, 4, 14], [5, 13, 6, 12], [7, 22, 8, 23], [9, 18, 10, 19], [11, 20, 12, 21]]"
12a_1285_44,"[[11, 20, 12, 21], [13, 3, 14, 2], [15, 5, 16, 4], [17, 1, 18, 24], [19, 10, 20, 11], [21, 6, 22, 7], [23, 8, 24, 9], [1, 17, 2, 16], [3, 15, 4, 14], [5, 13, 6, 12], [7, 22, 8, 23], [9, 18, 10, 19]]"
12a_1285_45,"[[9, 18, 10, 19], [11, 20, 12, 21], [13, 3, 14, 2], [15, 5, 16, 4], [17, 1, 18, 24], [19, 10, 20, 11], [21, 6, 22, 7], [23, 8, 24, 9], [1, 17, 2, 16], [3, 15, 4, 14], [5, 13, 6, 12], [7, 22, 8, 23]]"
12a_1285_46,"[[7, 22, 8, 23], [9, 18, 10, 19], [11, 20, 12, 21], [13, 3, 14, 2], [15, 5, 16, 4], [17, 1, 18, 24], [19, 10, 20, 11], [21, 6, 22, 7], [23, 8, 24, 9], [1, 17, 2, 16], [3, 15, 4, 14], [5, 13, 6, 12]]"
12a_1285_47,"[[5, 13, 6, 12], [7, 22, 8, 23], [9, 18, 10, 19], [11, 20, 12, 21], [13, 3, 14, 2], [15, 5, 16, 4], [17, 1, 18, 24], [19, 10, 20, 11], [21, 6, 22, 7], [23, 8, 24, 9], [1, 17, 2, 16], [3, 15, 4, 14]]"
12a_1285_48,"[[4, 16, 5, 15], [6, 14, 7, 13], [8, 23, 9, 24], [10, 19, 11, 20], [12, 21, 13, 22], [14, 4, 15, 3], [16, 6, 17, 5], [18, 2, 19, 1], [20, 11, 21, 12], [22, 7, 23, 8], [24, 9, 1, 10], [2, 18, 3, 17]]"
12a_1285_49,"[[2, 18, 3, 17], [4, 16, 5, 15], [6, 14, 7, 13], [8, 23, 9, 24], [10, 19, 11, 20], [12, 21, 13, 22], [14, 4, 15, 3], [16, 6, 17, 5], [18, 2, 19, 1], [20, 11, 21, 12], [22, 7, 23, 8], [24, 9, 1, 10]]"
12a_1285_50,"[[24, 9, 1, 10], [2, 18, 3, 17], [4, 16, 5, 15], [6, 14, 7, 13], [8, 23, 9, 24], [10, 19, 11, 20], [12, 21, 13, 22], [14, 4, 15, 3], [16, 6, 17, 5], [18, 2, 19, 1], [20, 11, 21, 12], [22, 7, 23, 8]]"
12a_1285_51,"[[22, 7, 23, 8], [24, 9, 1, 10], [2, 18, 3, 17], [4, 16, 5, 15], [6, 14, 7, 13], [8, 23, 9, 24], [10, 19, 11, 20], [12, 21, 13, 22], [14, 4, 15, 3], [16, 6, 17, 5], [18, 2, 19, 1], [20, 11, 21, 12]]"
12a_1285_52,"[[20, 11, 21, 12], [22, 7, 23, 8], [24, 9, 1, 10], [2, 18, 3, 17], [4, 16, 5, 15], [6, 14, 7, 13], [8, 23, 9, 24], [10, 19, 11, 20], [12, 21, 13, 22], [14, 4, 15, 3], [16, 6, 17, 5], [18, 2, 19, 1]]"
12a_1285_53,"[[18, 2, 19, 1], [20, 11, 21, 12], [22, 7, 23, 8], [24, 9, 1, 10], [2, 18, 3, 17], [4, 16, 5, 15], [6, 14, 7, 13], [8, 23, 9, 24], [10, 19, 11, 20], [12, 21, 13, 22], [14, 4, 15, 3], [16, 6, 17, 5]]"
12a_1285_54,"[[16, 6, 17, 5], [18, 2, 19, 1], [20, 11, 21, 12], [22, 7, 23, 8], [24, 9, 1, 10], [2, 18, 3, 17], [4, 16, 5, 15], [6, 14, 7, 13], [8, 23, 9, 24], [10, 19, 11, 20], [12, 21, 13, 22], [14, 4, 15, 3]]"
12a_1285_55,"[[14, 4, 15, 3], [16, 6, 17, 5], [18, 2, 19, 1], [20, 11, 21, 12], [22, 7, 23, 8], [24, 9, 1, 10], [2, 18, 3, 17], [4, 16, 5, 15], [6, 14, 7, 13], [8, 23, 9, 24], [10, 19, 11, 20], [12, 21, 13, 22]]"
12a_1285_56,"[[12, 21, 13, 22], [14, 4, 15, 3], [16, 6, 17, 5], [18, 2, 19, 1], [20, 11, 21, 12], [22, 7, 23, 8], [24, 9, 1, 10], [2, 18, 3, 17], [4, 16, 5, 15], [6, 14, 7, 13], [8, 23, 9, 24], [10, 19, 11, 20]]"
12a_1285_57,"[[10, 19, 11, 20], [12, 21, 13, 22], [14, 4, 15, 3], [16, 6, 17, 5], [18, 2, 19, 1], [20, 11, 21, 12], [22, 7, 23, 8], [24, 9, 1, 10], [2, 18, 3, 17], [4, 16, 5, 15], [6, 14, 7, 13], [8, 23, 9, 24]]"
12a_1285_58,"[[8, 23, 9, 24], [10, 19, 11, 20], [12, 21, 13, 22], [14, 4, 15, 3], [16, 6, 17, 5], [18, 2, 19, 1], [20, 11, 21, 12], [22, 7, 23, 8], [24, 9, 1, 10], [2, 18, 3, 17], [4, 16, 5, 15], [6, 14, 7, 13]]"
12a_1285_59,"[[6, 14, 7, 13], [8, 23, 9, 24], [10, 19, 11, 20], [12, 21, 13, 22], [14, 4, 15, 3], [16, 6, 17, 5], [18, 2, 19, 1], [20, 11, 21, 12], [22, 7, 23, 8], [24, 9, 1, 10], [2, 18, 3, 17], [4, 16, 5, 15]]"
12a_1285_60,"[[5, 17, 6, 16], [7, 15, 8, 14], [9, 24, 10, 1], [11, 20, 12, 21], [13, 22, 14, 23], [15, 5, 16, 4], [17, 7, 18, 6], [19, 3, 20, 2], [21, 12, 22, 13], [23, 8, 24, 9], [1, 10, 2, 11], [3, 19, 4, 18]]"
12a_1285_61,"[[3, 19, 4, 18], [5, 17, 6, 16], [7, 15, 8, 14], [9, 24, 10, 1], [11, 20, 12, 21], [13, 22, 14, 23], [15, 5, 16, 4], [17, 7, 18, 6], [19, 3, 20, 2], [21, 12, 22, 13], [23, 8, 24, 9], [1, 10, 2, 11]]"
12a_1285_62,"[[1, 10, 2, 11], [3, 19, 4, 18], [5, 17, 6, 16], [7, 15, 8, 14], [9, 24, 10, 1], [11, 20, 12, 21], [13, 22, 14, 23], [15, 5, 16, 4], [17, 7, 18, 6], [19, 3, 20, 2], [21, 12, 22, 13], [23, 8, 24, 9]]"
12a_1285_63,"[[23, 8, 24, 9], [1, 10, 2, 11], [3, 19, 4, 18], [5, 17, 6, 16], [7, 15, 8, 14], [9, 24, 10, 1], [11, 20, 12, 21], [13, 22, 14, 23], [15, 5, 16, 4], [17, 7, 18, 6], [19, 3, 20, 2], [21, 12, 22, 13]]"
12a_1285_64,"[[21, 12, 22, 13], [23, 8, 24, 9], [1, 10, 2, 11], [3, 19, 4, 18], [5, 17, 6, 16], [7, 15, 8, 14], [9, 24, 10, 1], [11, 20, 12, 21], [13, 22, 14, 23], [15, 5, 16, 4], [17, 7, 18, 6], [19, 3, 20, 2]]"
12a_1285_65,"[[19, 3, 20, 2], [21, 12, 22, 13], [23, 8, 24, 9], [1, 10, 2, 11], [3, 19, 4, 18], [5, 17, 6, 16], [7, 15, 8, 14], [9, 24, 10, 1], [11, 20, 12, 21], [13, 22, 14, 23], [15, 5, 16, 4], [17, 7, 18, 6]]"
12a_1285_66,"[[17, 7, 18, 6], [19, 3, 20, 2], [21, 12, 22, 13], [23, 8, 24, 9], [1, 10, 2, 11], [3, 19, 4, 18], [5, 17, 6, 16], [7, 15, 8, 14], [9, 24, 10, 1], [11, 20, 12, 21], [13, 22, 14, 23], [15, 5, 16, 4]]"
12a_1285_67,"[[15, 5, 16, 4], [17, 7, 18, 6], [19, 3, 20, 2], [21, 12, 22, 13], [23, 8, 24, 9], [1, 10, 2, 11], [3, 19, 4, 18], [5, 17, 6, 16], [7, 15, 8, 14], [9, 24, 10, 1], [11, 20, 12, 21], [13, 22, 14, 23]]"
12a_1285_68,"[[13, 22, 14, 23], [15, 5, 16, 4], [17, 7, 18, 6], [19, 3, 20, 2], [21, 12, 22, 13], [23, 8, 24, 9], [1, 10, 2, 11], [3, 19, 4, 18], [5, 17, 6, 16], [7, 15, 8, 14], [9, 24, 10, 1], [11, 20, 12, 21]]"
12a_1285_69,"[[11, 20, 12, 21], [13, 22, 14, 23], [15, 5, 16, 4], [17, 7, 18, 6], [19, 3, 20, 2], [21, 12, 22, 13], [23, 8, 24, 9], [1, 10, 2, 11], [3, 19, 4, 18], [5, 17, 6, 16], [7, 15, 8, 14], [9, 24, 10, 1]]"
12a_1285_70,"[[9, 24, 10, 1], [11, 20, 12, 21], [13, 22, 14, 23], [15, 5, 16, 4], [17, 7, 18, 6], [19, 3, 20, 2], [21, 12, 22, 13], [23, 8, 24, 9], [1, 10, 2, 11], [3, 19, 4, 18], [5, 17, 6, 16], [7, 15, 8, 14]]"
12a_1285_71,"[[7, 15, 8, 14], [9, 24, 10, 1], [11, 20, 12, 21], [13, 22, 14, 23], [15, 5, 16, 4], [17, 7, 18, 6], [19, 3, 20, 2], [21, 12, 22, 13], [23, 8, 24, 9], [1, 10, 2, 11], [3, 19, 4, 18], [5, 17, 6, 16]]"
12a_1285_72,"[[6, 18, 7, 17], [8, 16, 9, 15], [10, 1, 11, 2], [12, 21, 13, 22], [14, 23, 15, 24], [16, 6, 17, 5], [18, 8, 19, 7], [20, 4, 21, 3], [22, 13, 23, 14], [24, 9, 1, 10], [2, 11, 3, 12], [4, 20, 5, 19]]"
12a_1285_73,"[[4, 20, 5, 19], [6, 18, 7, 17], [8, 16, 9, 15], [10, 1, 11, 2], [12, 21, 13, 22], [14, 23, 15, 24], [16, 6, 17, 5], [18, 8, 19, 7], [20, 4, 21, 3], [22, 13, 23, 14], [24, 9, 1, 10], [2, 11, 3, 12]]"
12a_1285_74,"[[2, 11, 3, 12], [4, 20, 5, 19], [6, 18, 7, 17], [8, 16, 9, 15], [10, 1, 11, 2], [12, 21, 13, 22], [14, 23, 15, 24], [16, 6, 17, 5], [18, 8, 19, 7], [20, 4, 21, 3], [22, 13, 23, 14], [24, 9, 1, 10]]"
12a_1285_75,"[[24, 9, 1, 10], [2, 11, 3, 12], [4, 20, 5, 19], [6, 18, 7, 17], [8, 16, 9, 15], [10, 1, 11, 2], [12, 21, 13, 22], [14, 23, 15, 24], [16, 6, 17, 5], [18, 8, 19, 7], [20, 4, 21, 3], [22, 13, 23, 14]]"
12a_1285_76,"[[22, 13, 23, 14], [24, 9, 1, 10], [2, 11, 3, 12], [4, 20, 5, 19], [6, 18, 7, 17], [8, 16, 9, 15], [10, 1, 11, 2], [12, 21, 13, 22], [14, 23, 15, 24], [16, 6, 17, 5], [18, 8, 19, 7], [20, 4, 21, 3]]"
12a_1285_77,"[[20, 4, 21, 3], [22, 13, 23, 14], [24, 9, 1, 10], [2, 11, 3, 12], [4, 20, 5, 19], [6, 18, 7, 17], [8, 16, 9, 15], [10, 1, 11, 2], [12, 21, 13, 22], [14, 23, 15, 24], [16, 6, 17, 5], [18, 8, 19, 7]]"
12a_1285_78,"[[18, 8, 19, 7], [20, 4, 21, 3], [22, 13, 23, 14], [24, 9, 1, 10], [2, 11, 3, 12], [4, 20, 5, 19], [6, 18, 7, 17], [8, 16, 9, 15], [10, 1, 11, 2], [12, 21, 13, 22], [14, 23, 15, 24], [16, 6, 17, 5]]"
12a_1285_79,"[[16, 6, 17, 5], [18, 8, 19, 7], [20, 4, 21, 3], [22, 13, 23, 14], [24, 9, 1, 10], [2, 11, 3, 12], [4, 20, 5, 19], [6, 18, 7, 17], [8, 16, 9, 15], [10, 1, 11, 2], [12, 21, 13, 22], [14, 23, 15, 24]]"
12a_1285_80,"[[14, 23, 15, 24], [16, 6, 17, 5], [18, 8, 19, 7], [20, 4, 21, 3], [22, 13, 23, 14], [24, 9, 1, 10], [2, 11, 3, 12], [4, 20, 5, 19], [6, 18, 7, 17], [8, 16, 9, 15], [10, 1, 11, 2], [12, 21, 13, 22]]"
12a_1285_81,"[[12, 21, 13, 22], [14, 23, 15, 24], [16, 6, 17, 5], [18, 8, 19, 7], [20, 4, 21, 3], [22, 13, 23, 14], [24, 9, 1, 10], [2, 11, 3, 12], [4, 20, 5, 19], [6, 18, 7, 17], [8, 16, 9, 15], [10, 1, 11, 2]]"
12a_1285_82,"[[10, 1, 11, 2], [12, 21, 13, 22], [14, 23, 15, 24], [16, 6, 17, 5], [18, 8, 19, 7], [20, 4, 21, 3], [22, 13, 23, 14], [24, 9, 1, 10], [2, 11, 3, 12], [4, 20, 5, 19], [6, 18, 7, 17], [8, 16, 9, 15]]"
12a_1285_83,"[[8, 16, 9, 15], [10, 1, 11, 2], [12, 21, 13, 22], [14, 23, 15, 24], [16, 6, 17, 5], [18, 8, 19, 7], [20, 4, 21, 3], [22, 13, 23, 14], [24, 9, 1, 10], [2, 11, 3, 12], [4, 20, 5, 19], [6, 18, 7, 17]]"
12a_1285_84,"[[7, 19, 8, 18], [9, 17, 10, 16], [11, 2, 12, 3], [13, 22, 14, 23], [15, 24, 16, 1], [17, 7, 18, 6], [19, 9, 20, 8], [21, 5, 22, 4], [23, 14, 24, 15], [1, 10, 2, 11], [3, 12, 4, 13], [5, 21, 6, 20]]"
12a_1285_85,"[[5, 21, 6, 20], [7, 19, 8, 18], [9, 17, 10, 16], [11, 2, 12, 3], [13, 22, 14, 23], [15, 24, 16, 1], [17, 7, 18, 6], [19, 9, 20, 8], [21, 5, 22, 4], [23, 14, 24, 15], [1, 10, 2, 11], [3, 12, 4, 13]]"
12a_1285_86,"[[3, 12, 4, 13], [5, 21, 6, 20], [7, 19, 8, 18], [9, 17, 10, 16], [11, 2, 12, 3], [13, 22, 14, 23], [15, 24, 16, 1], [17, 7, 18, 6], [19, 9, 20, 8], [21, 5, 22, 4], [23, 14, 24, 15], [1, 10, 2, 11]]"
12a_1285_87,"[[1, 10, 2, 11], [3, 12, 4, 13], [5, 21, 6, 20], [7, 19, 8, 18], [9, 17, 10, 16], [11, 2, 12, 3], [13, 22, 14, 23], [15, 24, 16, 1], [17, 7, 18, 6], [19, 9, 20, 8], [21, 5, 22, 4], [23, 14, 24, 15]]"
12a_1285_88,"[[23, 14, 24, 15], [1, 10, 2, 11], [3, 12, 4, 13], [5, 21, 6, 20], [7, 19, 8, 18], [9, 17, 10, 16], [11, 2, 12, 3], [13, 22, 14, 23], [15, 24, 16, 1], [17, 7, 18, 6], [19, 9, 20, 8], [21, 5, 22, 4]]"
12a_1285_89,"[[21, 5, 22, 4], [23, 14, 24, 15], [1, 10, 2, 11], [3, 12, 4, 13], [5, 21, 6, 20], [7, 19, 8, 18], [9, 17, 10, 16], [11, 2, 12, 3], [13, 22, 14, 23], [15, 24, 16, 1], [17, 7, 18, 6], [19, 9, 20, 8]]"
12a_1285_90,"[[19, 9, 20, 8], [21, 5, 22, 4], [23, 14, 24, 15], [1, 10, 2, 11], [3, 12, 4, 13], [5, 21, 6, 20], [7, 19, 8, 18], [9, 17, 10, 16], [11, 2, 12, 3], [13, 22, 14, 23], [15, 24, 16, 1], [17, 7, 18, 6]]"
12a_1285_91,"[[17, 7, 18, 6], [19, 9, 20, 8], [21, 5, 22, 4], [23, 14, 24, 15], [1, 10, 2, 11], [3, 12, 4, 13], [5, 21, 6, 20], [7, 19, 8, 18], [9, 17, 10, 16], [11, 2, 12, 3], [13, 22, 14, 23], [15, 24, 16, 1]]"
12a_1285_92,"[[15, 24, 16, 1], [17, 7, 18, 6], [19, 9, 20, 8], [21, 5, 22, 4], [23, 14, 24, 15], [1, 10, 2, 11], [3, 12, 4, 13], [5, 21, 6, 20], [7, 19, 8, 18], [9, 17, 10, 16], [11, 2, 12, 3], [13, 22, 14, 23]]"
12a_1285_93,"[[13, 22, 14, 23], [15, 24, 16, 1], [17, 7, 18, 6], [19, 9, 20, 8], [21, 5, 22, 4], [23, 14, 24, 15], [1, 10, 2, 11], [3, 12, 4, 13], [5, 21, 6, 20], [7, 19, 8, 18], [9, 17, 10, 16], [11, 2, 12, 3]]"
12a_1285_94,"[[11, 2, 12, 3], [13, 22, 14, 23], [15, 24, 16, 1], [17, 7, 18, 6], [19, 9, 20, 8], [21, 5, 22, 4], [23, 14, 24, 15], [1, 10, 2, 11], [3, 12, 4, 13], [5, 21, 6, 20], [7, 19, 8, 18], [9, 17, 10, 16]]"
12a_1285_95,"[[9, 17, 10, 16], [11, 2, 12, 3], [13, 22, 14, 23], [15, 24, 16, 1], [17, 7, 18, 6], [19, 9, 20, 8], [21, 5, 22, 4], [23, 14, 24, 15], [1, 10, 2, 11], [3, 12, 4, 13], [5, 21, 6, 20], [7, 19, 8, 18]]"
12a_1285_96,"[[8, 20, 9, 19], [10, 18, 11, 17], [12, 3, 13, 4], [14, 23, 15, 24], [16, 1, 17, 2], [18, 8, 19, 7], [20, 10, 21, 9], [22, 6, 23, 5], [24, 15, 1, 16], [2, 11, 3, 12], [4, 13, 5, 14], [6, 22, 7, 21]]"
12a_1285_97,"[[6, 22, 7, 21], [8, 20, 9, 19], [10, 18, 11, 17], [12, 3, 13, 4], [14, 23, 15, 24], [16, 1, 17, 2], [18, 8, 19, 7], [20, 10, 21, 9], [22, 6, 23, 5], [24, 15, 1, 16], [2, 11, 3, 12], [4, 13, 5, 14]]"
12a_1285_98,"[[4, 13, 5, 14], [6, 22, 7, 21], [8, 20, 9, 19], [10, 18, 11, 17], [12, 3, 13, 4], [14, 23, 15, 24], [16, 1, 17, 2], [18, 8, 19, 7], [20, 10, 21, 9], [22, 6, 23, 5], [24, 15, 1, 16], [2, 11, 3, 12]]"
12a_1285_99,"[[2, 11, 3, 12], [4, 13, 5, 14], [6, 22, 7, 21], [8, 20, 9, 19], [10, 18, 11, 17], [12, 3, 13, 4], [14, 23, 15, 24], [16, 1, 17, 2], [18, 8, 19, 7], [20, 10, 21, 9], [22, 6, 23, 5], [24, 15, 1, 16]]"
12a_1285_100,"[[24, 15, 1, 16], [2, 11, 3, 12], [4, 13, 5, 14], [6, 22, 7, 21], [8, 20, 9, 19], [10, 18, 11, 17], [12, 3, 13, 4], [14, 23, 15, 24], [16, 1, 17, 2], [18, 8, 19, 7], [20, 10, 21, 9], [22, 6, 23, 5]]"
12a_1285_101,"[[22, 6, 23, 5], [24, 15, 1, 16], [2, 11, 3, 12], [4, 13, 5, 14], [6, 22, 7, 21], [8, 20, 9, 19], [10, 18, 11, 17], [12, 3, 13, 4], [14, 23, 15, 24], [16, 1, 17, 2], [18, 8, 19, 7], [20, 10, 21, 9]]"
12a_1285_102,"[[20, 10, 21, 9], [22, 6, 23, 5], [24, 15, 1, 16], [2, 11, 3, 12], [4, 13, 5, 14], [6, 22, 7, 21], [8, 20, 9, 19], [10, 18, 11, 17], [12, 3, 13, 4], [14, 23, 15, 24], [16, 1, 17, 2], [18, 8, 19, 7]]"
12a_1285_103,"[[18, 8, 19, 7], [20, 10, 21, 9], [22, 6, 23, 5], [24, 15, 1, 16], [2, 11, 3, 12], [4, 13, 5, 14], [6, 22, 7, 21], [8, 20, 9, 19], [10, 18, 11, 17], [12, 3, 13, 4], [14, 23, 15, 24], [16, 1, 17, 2]]"
12a_1285_104,"[[16, 1, 17, 2], [18, 8, 19, 7], [20, 10, 21, 9], [22, 6, 23, 5], [24, 15, 1, 16], [2, 11, 3, 12], [4, 13, 5, 14], [6, 22, 7, 21], [8, 20, 9, 19], [10, 18, 11, 17], [12, 3, 13, 4], [14, 23, 15, 24]]"
12a_1285_105,"[[14, 23, 15, 24], [16, 1, 17, 2], [18, 8, 19, 7], [20, 10, 21, 9], [22, 6, 23, 5], [24, 15, 1, 16], [2, 11, 3, 12], [4, 13, 5, 14], [6, 22, 7, 21], [8, 20, 9, 19], [10, 18, 11, 17], [12, 3, 13, 4]]"
12a_1285_106,"[[12, 3, 13, 4], [14, 23, 15, 24], [16, 1, 17, 2], [18, 8, 19, 7], [20, 10, 21, 9], [22, 6, 23, 5], [24, 15, 1, 16], [2, 11, 3, 12], [4, 13, 5, 14], [6, 22, 7, 21], [8, 20, 9, 19], [10, 18, 11, 17]]"
12a_1285_107,"[[10, 18, 11, 17], [12, 3, 13, 4], [14, 23, 15, 24], [16, 1, 17, 2], [18, 8, 19, 7], [20, 10, 21, 9], [22, 6, 23, 5], [24, 15, 1, 16], [2, 11, 3, 12], [4, 13, 5, 14], [6, 22, 7, 21], [8, 20, 9, 19]]"
12a_1285_108,"[[9, 21, 10, 20], [11, 19, 12, 18], [13, 4, 14, 5], [15, 24, 16, 1], [17, 2, 18, 3], [19, 9, 20, 8], [21, 11, 22, 10], [23, 7, 24, 6], [1, 16, 2, 17], [3, 12, 4, 13], [5, 14, 6, 15], [7, 23, 8, 22]]"
12a_1285_109,"[[7, 23, 8, 22], [9, 21, 10, 20], [11, 19, 12, 18], [13, 4, 14, 5], [15, 24, 16, 1], [17, 2, 18, 3], [19, 9, 20, 8], [21, 11, 22, 10], [23, 7, 24, 6], [1, 16, 2, 17], [3, 12, 4, 13], [5, 14, 6, 15]]"
12a_1285_110,"[[5, 14, 6, 15], [7, 23, 8, 22], [9, 21, 10, 20], [11, 19, 12, 18], [13, 4, 14, 5], [15, 24, 16, 1], [17, 2, 18, 3], [19, 9, 20, 8], [21, 11, 22, 10], [23, 7, 24, 6], [1, 16, 2, 17], [3, 12, 4, 13]]"
12a_1285_111,"[[3, 12, 4, 13], [5, 14, 6, 15], [7, 23, 8, 22], [9, 21, 10, 20], [11, 19, 12, 18], [13, 4, 14, 5], [15, 24, 16, 1], [17, 2, 18, 3], [19, 9, 20, 8], [21, 11, 22, 10], [23, 7, 24, 6], [1, 16, 2, 17]]"
12a_1285_112,"[[1, 16, 2, 17], [3, 12, 4, 13], [5, 14, 6, 15], [7, 23, 8, 22], [9, 21, 10, 20], [11, 19, 12, 18], [13, 4, 14, 5], [15, 24, 16, 1], [17, 2, 18, 3], [19, 9, 20, 8], [21, 11, 22, 10], [23, 7, 24, 6]]"
12a_1285_113,"[[23, 7, 24, 6], [1, 16, 2, 17], [3, 12, 4, 13], [5, 14, 6, 15], [7, 23, 8, 22], [9, 21, 10, 20], [11, 19, 12, 18], [13, 4, 14, 5], [15, 24, 16, 1], [17, 2, 18, 3], [19, 9, 20, 8], [21, 11, 22, 10]]"
12a_1285_114,"[[21, 11, 22, 10], [23, 7, 24, 6], [1, 16, 2, 17], [3, 12, 4, 13], [5, 14, 6, 15], [7, 23, 8, 22], [9, 21, 10, 20], [11, 19, 12, 18], [13, 4, 14, 5], [15, 24, 16, 1], [17, 2, 18, 3], [19, 9, 20, 8]]"
12a_1285_115,"[[19, 9, 20, 8], [21, 11, 22, 10], [23, 7, 24, 6], [1, 16, 2, 17], [3, 12, 4, 13], [5, 14, 6, 15], [7, 23, 8, 22], [9, 21, 10, 20], [11, 19, 12, 18], [13, 4, 14, 5], [15, 24, 16, 1], [17, 2, 18, 3]]"
12a_1285_116,"[[17, 2, 18, 3], [19, 9, 20, 8], [21, 11, 22, 10], [23, 7, 24, 6], [1, 16, 2, 17], [3, 12, 4, 13], [5, 14, 6, 15], [7, 23, 8, 22], [9, 21, 10, 20], [11, 19, 12, 18], [13, 4, 14, 5], [15, 24, 16, 1]]"
12a_1285_117,"[[15, 24, 16, 1], [17, 2, 18, 3], [19, 9, 20, 8], [21, 11, 22, 10], [23, 7, 24, 6], [1, 16, 2, 17], [3, 12, 4, 13], [5, 14, 6, 15], [7, 23, 8, 22], [9, 21, 10, 20], [11, 19, 12, 18], [13, 4, 14, 5]]"
12a_1285_118,"[[13, 4, 14, 5], [15, 24, 16, 1], [17, 2, 18, 3], [19, 9, 20, 8], [21, 11, 22, 10], [23, 7, 24, 6], [1, 16, 2, 17], [3, 12, 4, 13], [5, 14, 6, 15], [7, 23, 8, 22], [9, 21, 10, 20], [11, 19, 12, 18]]"
12a_1285_119,"[[11, 19, 12, 18], [13, 4, 14, 5], [15, 24, 16, 1], [17, 2, 18, 3], [19, 9, 20, 8], [21, 11, 22, 10], [23, 7, 24, 6], [1, 16, 2, 17], [3, 12, 4, 13], [5, 14, 6, 15], [7, 23, 8, 22], [9, 21, 10, 20]]"
12a_1285_120,"[[10, 22, 11, 21], [12, 20, 13, 19], [14, 5, 15, 6], [16, 1, 17, 2], [18, 3, 19, 4], [20, 10, 21, 9], [22, 12, 23, 11], [24, 8, 1, 7], [2, 17, 3, 18], [4, 13, 5, 14], [6, 15, 7, 16], [8, 24, 9, 23]]"
12a_1285_121,"[[8, 24, 9, 23], [10, 22, 11, 21], [12, 20, 13, 19], [14, 5, 15, 6], [16, 1, 17, 2], [18, 3, 19, 4], [20, 10, 21, 9], [22, 12, 23, 11], [24, 8, 1, 7], [2, 17, 3, 18], [4, 13, 5, 14], [6, 15, 7, 16]]"
12a_1285_122,"[[6, 15, 7, 16], [8, 24, 9, 23], [10, 22, 11, 21], [12, 20, 13, 19], [14, 5, 15, 6], [16, 1, 17, 2], [18, 3, 19, 4], [20, 10, 21, 9], [22, 12, 23, 11], [24, 8, 1, 7], [2, 17, 3, 18], [4, 13, 5, 14]]"
12a_1285_123,"[[4, 13, 5, 14], [6, 15, 7, 16], [8, 24, 9, 23], [10, 22, 11, 21], [12, 20, 13, 19], [14, 5, 15, 6], [16, 1, 17, 2], [18, 3, 19, 4], [20, 10, 21, 9], [22, 12, 23, 11], [24, 8, 1, 7], [2, 17, 3, 18]]"
12a_1285_124,"[[2, 17, 3, 18], [4, 13, 5, 14], [6, 15, 7, 16], [8, 24, 9, 23], [10, 22, 11, 21], [12, 20, 13, 19], [14, 5, 15, 6], [16, 1, 17, 2], [18, 3, 19, 4], [20, 10, 21, 9], [22, 12, 23, 11], [24, 8, 1, 7]]"
12a_1285_125,"[[24, 8, 1, 7], [2, 17, 3, 18], [4, 13, 5, 14], [6, 15, 7, 16], [8, 24, 9, 23], [10, 22, 11, 21], [12, 20, 13, 19], [14, 5, 15, 6], [16, 1, 17, 2], [18, 3, 19, 4], [20, 10, 21, 9], [22, 12, 23, 11]]"
12a_1285_126,"[[22, 12, 23, 11], [24, 8, 1, 7], [2, 17, 3, 18], [4, 13, 5, 14], [6, 15, 7, 16], [8, 24, 9, 23], [10, 22, 11, 21], [12, 20, 13, 19], [14, 5, 15, 6], [16, 1, 17, 2], [18, 3, 19, 4], [20, 10, 21, 9]]"
12a_1285_127,"[[20, 10, 21, 9], [22, 12, 23, 11], [24, 8, 1, 7], [2, 17, 3, 18], [4, 13, 5, 14], [6, 15, 7, 16], [8, 24, 9, 23], [10, 22, 11, 21], [12, 20, 13, 19], [14, 5, 15, 6], [16, 1, 17, 2], [18, 3, 19, 4]]"
12a_1285_128,"[[18, 3, 19, 4], [20, 10, 21, 9], [22, 12, 23, 11], [24, 8, 1, 7], [2, 17, 3, 18], [4, 13, 5, 14], [6, 15, 7, 16], [8, 24, 9, 23], [10, 22, 11, 21], [12, 20, 13, 19], [14, 5, 15, 6], [16, 1, 17, 2]]"
12a_1285_129,"[[16, 1, 17, 2], [18, 3, 19, 4], [20, 10, 21, 9], [22, 12, 23, 11], [24, 8, 1, 7], [2, 17, 3, 18], [4, 13, 5, 14], [6, 15, 7, 16], [8, 24, 9, 23], [10, 22, 11, 21], [12, 20, 13, 19], [14, 5, 15, 6]]"
12a_1285_130,"[[14, 5, 15, 6], [16, 1, 17, 2], [18, 3, 19, 4], [20, 10, 21, 9], [22, 12, 23, 11], [24, 8, 1, 7], [2, 17, 3, 18], [4, 13, 5, 14], [6, 15, 7, 16], [8, 24, 9, 23], [10, 22, 11, 21], [12, 20, 13, 19]]"
12a_1285_131,"[[12, 20, 13, 19], [14, 5, 15, 6], [16, 1, 17, 2], [18, 3, 19, 4], [20, 10, 21, 9], [22, 12, 23, 11], [24, 8, 1, 7], [2, 17, 3, 18], [4, 13, 5, 14], [6, 15, 7, 16], [8, 24, 9, 23], [10, 22, 11, 21]]"
12a_1285_132,"[[11, 23, 12, 22], [13, 21, 14, 20], [15, 6, 16, 7], [17, 2, 18, 3], [19, 4, 20, 5], [21, 11, 22, 10], [23, 13, 24, 12], [1, 9, 2, 8], [3, 18, 4, 19], [5, 14, 6, 15], [7, 16, 8, 17], [9, 1, 10, 24]]"
12a_1285_133,"[[9, 1, 10, 24], [11, 23, 12, 22], [13, 21, 14, 20], [15, 6, 16, 7], [17, 2, 18, 3], [19, 4, 20, 5], [21, 11, 22, 10], [23, 13, 24, 12], [1, 9, 2, 8], [3, 18, 4, 19], [5, 14, 6, 15], [7, 16, 8, 17]]"
12a_1285_134,"[[7, 16, 8, 17], [9, 1, 10, 24], [11, 23, 12, 22], [13, 21, 14, 20], [15, 6, 16, 7], [17, 2, 18, 3], [19, 4, 20, 5], [21, 11, 22, 10], [23, 13, 24, 12], [1, 9, 2, 8], [3, 18, 4, 19], [5, 14, 6, 15]]"
12a_1285_135,"[[5, 14, 6, 15], [7, 16, 8, 17], [9, 1, 10, 24], [11, 23, 12, 22], [13, 21, 14, 20], [15, 6, 16, 7], [17, 2, 18, 3], [19, 4, 20, 5], [21, 11, 22, 10], [23, 13, 24, 12], [1, 9, 2, 8], [3, 18, 4, 19]]"
12a_1285_136,"[[3, 18, 4, 19], [5, 14, 6, 15], [7, 16, 8, 17], [9, 1, 10, 24], [11, 23, 12, 22], [13, 21, 14, 20], [15, 6, 16, 7], [17, 2, 18, 3], [19, 4, 20, 5], [21, 11, 22, 10], [23, 13, 24, 12], [1, 9, 2, 8]]"
12a_1285_137,"[[1, 9, 2, 8], [3, 18, 4, 19], [5, 14, 6, 15], [7, 16, 8, 17], [9, 1, 10, 24], [11, 23, 12, 22], [13, 21, 14, 20], [15, 6, 16, 7], [17, 2, 18, 3], [19, 4, 20, 5], [21, 11, 22, 10], [23, 13, 24, 12]]"
12a_1285_138,"[[23, 13, 24, 12], [1, 9, 2, 8], [3, 18, 4, 19], [5, 14, 6, 15], [7, 16, 8, 17], [9, 1, 10, 24], [11, 23, 12, 22], [13, 21, 14, 20], [15, 6, 16, 7], [17, 2, 18, 3], [19, 4, 20, 5], [21, 11, 22, 10]]"
12a_1285_139,"[[21, 11, 22, 10], [23, 13, 24, 12], [1, 9, 2, 8], [3, 18, 4, 19], [5, 14, 6, 15], [7, 16, 8, 17], [9, 1, 10, 24], [11, 23, 12, 22], [13, 21, 14, 20], [15, 6, 16, 7], [17, 2, 18, 3], [19, 4, 20, 5]]"
12a_1285_140,"[[19, 4, 20, 5], [21, 11, 22, 10], [23, 13, 24, 12], [1, 9, 2, 8], [3, 18, 4, 19], [5, 14, 6, 15], [7, 16, 8, 17], [9, 1, 10, 24], [11, 23, 12, 22], [13, 21, 14, 20], [15, 6, 16, 7], [17, 2, 18, 3]]"
12a_1285_141,"[[17, 2, 18, 3], [19, 4, 20, 5], [21, 11, 22, 10], [23, 13, 24, 12], [1, 9, 2, 8], [3, 18, 4, 19], [5, 14, 6, 15], [7, 16, 8, 17], [9, 1, 10, 24], [11, 23, 12, 22], [13, 21, 14, 20], [15, 6, 16, 7]]"
12a_1285_142,"[[15, 6, 16, 7], [17, 2, 18, 3], [19, 4, 20, 5], [21, 11, 22, 10], [23, 13, 24, 12], [1, 9, 2, 8], [3, 18, 4, 19], [5, 14, 6, 15], [7, 16, 8, 17], [9, 1, 10, 24], [11, 23, 12, 22], [13, 21, 14, 20]]"
12a_1285_143,"[[13, 21, 14, 20], [15, 6, 16, 7], [17, 2, 18, 3], [19, 4, 20, 5], [21, 11, 22, 10], [23, 13, 24, 12], [1, 9, 2, 8], [3, 18, 4, 19], [5, 14, 6, 15], [7, 16, 8, 17], [9, 1, 10, 24], [11, 23, 12, 22]]"
12a_1285_144,"[[12, 24, 13, 23], [14, 22, 15, 21], [16, 7, 17, 8], [18, 3, 19, 4], [20, 5, 21, 6], [22, 12, 23, 11], [24, 14, 1, 13], [2, 10, 3, 9], [4, 19, 5, 20], [6, 15, 7, 16], [8, 17, 9, 18], [10, 2, 11, 1]]"
12a_1285_145,"[[10, 2, 11, 1], [12, 24, 13, 23], [14, 22, 15, 21], [16, 7, 17, 8], [18, 3, 19, 4], [20, 5, 21, 6], [22, 12, 23, 11], [24, 14, 1, 13], [2, 10, 3, 9], [4, 19, 5, 20], [6, 15, 7, 16], [8, 17, 9, 18]]"
12a_1285_146,"[[8, 17, 9, 18], [10, 2, 11, 1], [12, 24, 13, 23], [14, 22, 15, 21], [16, 7, 17, 8], [18, 3, 19, 4], [20, 5, 21, 6], [22, 12, 23, 11], [24, 14, 1, 13], [2, 10, 3, 9], [4, 19, 5, 20], [6, 15, 7, 16]]"
12a_1285_147,"[[6, 15, 7, 16], [8, 17, 9, 18], [10, 2, 11, 1], [12, 24, 13, 23], [14, 22, 15, 21], [16, 7, 17, 8], [18, 3, 19, 4], [20, 5, 21, 6], [22, 12, 23, 11], [24, 14, 1, 13], [2, 10, 3, 9], [4, 19, 5, 20]]"
12a_1285_148,"[[4, 19, 5, 20], [6, 15, 7, 16], [8, 17, 9, 18], [10, 2, 11, 1], [12, 24, 13, 23], [14, 22, 15, 21], [16, 7, 17, 8], [18, 3, 19, 4], [20, 5, 21, 6], [22, 12, 23, 11], [24, 14, 1, 13], [2, 10, 3, 9]]"
12a_1285_149,"[[2, 10, 3, 9], [4, 19, 5, 20], [6, 15, 7, 16], [8, 17, 9, 18], [10, 2, 11, 1], [12, 24, 13, 23], [14, 22, 15, 21], [16, 7, 17, 8], [18, 3, 19, 4], [20, 5, 21, 6], [22, 12, 23, 11], [24, 14, 1, 13]]"
12a_1285_150,"[[24, 14, 1, 13], [2, 10, 3, 9], [4, 19, 5, 20], [6, 15, 7, 16], [8, 17, 9, 18], [10, 2, 11, 1], [12, 24, 13, 23], [14, 22, 15, 21], [16, 7, 17, 8], [18, 3, 19, 4], [20, 5, 21, 6], [22, 12, 23, 11]]"
12a_1285_151,"[[22, 12, 23, 11], [24, 14, 1, 13], [2, 10, 3, 9], [4, 19, 5, 20], [6, 15, 7, 16], [8, 17, 9, 18], [10, 2, 11, 1], [12, 24, 13, 23], [14, 22, 15, 21], [16, 7, 17, 8], [18, 3, 19, 4], [20, 5, 21, 6]]"
12a_1285_152,"[[20, 5, 21, 6], [22, 12, 23, 11], [24, 14, 1, 13], [2, 10, 3, 9], [4, 19, 5, 20], [6, 15, 7, 16], [8, 17, 9, 18], [10, 2, 11, 1], [12, 24, 13, 23], [14, 22, 15, 21], [16, 7, 17, 8], [18, 3, 19, 4]]"
12a_1285_153,"[[18, 3, 19, 4], [20, 5, 21, 6], [22, 12, 23, 11], [24, 14, 1, 13], [2, 10, 3, 9], [4, 19, 5, 20], [6, 15, 7, 16], [8, 17, 9, 18], [10, 2, 11, 1], [12, 24, 13, 23], [14, 22, 15, 21], [16, 7, 17, 8]]"
12a_1285_154,"[[16, 7, 17, 8], [18, 3, 19, 4], [20, 5, 21, 6], [22, 12, 23, 11], [24, 14, 1, 13], [2, 10, 3, 9], [4, 19, 5, 20], [6, 15, 7, 16], [8, 17, 9, 18], [10, 2, 11, 1], [12, 24, 13, 23], [14, 22, 15, 21]]"
12a_1285_155,"[[14, 22, 15, 21], [16, 7, 17, 8], [18, 3, 19, 4], [20, 5, 21, 6], [22, 12, 23, 11], [24, 14, 1, 13], [2, 10, 3, 9], [4, 19, 5, 20], [6, 15, 7, 16], [8, 17, 9, 18], [10, 2, 11, 1], [12, 24, 13, 23]]"
12a_1285_156,"[[13, 1, 14, 24], [15, 23, 16, 22], [17, 8, 18, 9], [19, 4, 20, 5], [21, 6, 22, 7], [23, 13, 24, 12], [1, 15, 2, 14], [3, 11, 4, 10], [5, 20, 6, 21], [7, 16, 8, 17], [9, 18, 10, 19], [11, 3, 12, 2]]"
12a_1285_157,"[[11, 3, 12, 2], [13, 1, 14, 24], [15, 23, 16, 22], [17, 8, 18, 9], [19, 4, 20, 5], [21, 6, 22, 7], [23, 13, 24, 12], [1, 15, 2, 14], [3, 11, 4, 10], [5, 20, 6, 21], [7, 16, 8, 17], [9, 18, 10, 19]]"
12a_1285_158,"[[9, 18, 10, 19], [11, 3, 12, 2], [13, 1, 14, 24], [15, 23, 16, 22], [17, 8, 18, 9], [19, 4, 20, 5], [21, 6, 22, 7], [23, 13, 24, 12], [1, 15, 2, 14], [3, 11, 4, 10], [5, 20, 6, 21], [7, 16, 8, 17]]"
12a_1285_159,"[[7, 16, 8, 17], [9, 18, 10, 19], [11, 3, 12, 2], [13, 1, 14, 24], [15, 23, 16, 22], [17, 8, 18, 9], [19, 4, 20, 5], [21, 6, 22, 7], [23, 13, 24, 12], [1, 15, 2, 14], [3, 11, 4, 10], [5, 20, 6, 21]]"
12a_1285_160,"[[5, 20, 6, 21], [7, 16, 8, 17], [9, 18, 10, 19], [11, 3, 12, 2], [13, 1, 14, 24], [15, 23, 16, 22], [17, 8, 18, 9], [19, 4, 20, 5], [21, 6, 22, 7], [23, 13, 24, 12], [1, 15, 2, 14], [3, 11, 4, 10]]"
12a_1285_161,"[[3, 11, 4, 10], [5, 20, 6, 21], [7, 16, 8, 17], [9, 18, 10, 19], [11, 3, 12, 2], [13, 1, 14, 24], [15, 23, 16, 22], [17, 8, 18, 9], [19, 4, 20, 5], [21, 6, 22, 7], [23, 13, 24, 12], [1, 15, 2, 14]]"
12a_1285_162,"[[1, 15, 2, 14], [3, 11, 4, 10], [5, 20, 6, 21], [7, 16, 8, 17], [9, 18, 10, 19], [11, 3, 12, 2], [13, 1, 14, 24], [15, 23, 16, 22], [17, 8, 18, 9], [19, 4, 20, 5], [21, 6, 22, 7], [23, 13, 24, 12]]"
12a_1285_163,"[[23, 13, 24, 12], [1, 15, 2, 14], [3, 11, 4, 10], [5, 20, 6, 21], [7, 16, 8, 17], [9, 18, 10, 19], [11, 3, 12, 2], [13, 1, 14, 24], [15, 23, 16, 22], [17, 8, 18, 9], [19, 4, 20, 5], [21, 6, 22, 7]]"
12a_1285_164,"[[21, 6, 22, 7], [23, 13, 24, 12], [1, 15, 2, 14], [3, 11, 4, 10], [5, 20, 6, 21], [7, 16, 8, 17], [9, 18, 10, 19], [11, 3, 12, 2], [13, 1, 14, 24], [15, 23, 16, 22], [17, 8, 18, 9], [19, 4, 20, 5]]"
12a_1285_165,"[[19, 4, 20, 5], [21, 6, 22, 7], [23, 13, 24, 12], [1, 15, 2, 14], [3, 11, 4, 10], [5, 20, 6, 21], [7, 16, 8, 17], [9, 18, 10, 19], [11, 3, 12, 2], [13, 1, 14, 24], [15, 23, 16, 22], [17, 8, 18, 9]]"
12a_1285_166,"[[17, 8, 18, 9], [19, 4, 20, 5], [21, 6, 22, 7], [23, 13, 24, 12], [1, 15, 2, 14], [3, 11, 4, 10], [5, 20, 6, 21], [7, 16, 8, 17], [9, 18, 10, 19], [11, 3, 12, 2], [13, 1, 14, 24], [15, 23, 16, 22]]"
12a_1285_167,"[[15, 23, 16, 22], [17, 8, 18, 9], [19, 4, 20, 5], [21, 6, 22, 7], [23, 13, 24, 12], [1, 15, 2, 14], [3, 11, 4, 10], [5, 20, 6, 21], [7, 16, 8, 17], [9, 18, 10, 19], [11, 3, 12, 2], [13, 1, 14, 24]]"
12a_1285_168,"[[14, 2, 15, 1], [16, 24, 17, 23], [18, 9, 19, 10], [20, 5, 21, 6], [22, 7, 23, 8], [24, 14, 1, 13], [2, 16, 3, 15], [4, 12, 5, 11], [6, 21, 7, 22], [8, 17, 9, 18], [10, 19, 11, 20], [12, 4, 13, 3]]"
12a_1285_169,"[[12, 4, 13, 3], [14, 2, 15, 1], [16, 24, 17, 23], [18, 9, 19, 10], [20, 5, 21, 6], [22, 7, 23, 8], [24, 14, 1, 13], [2, 16, 3, 15], [4, 12, 5, 11], [6, 21, 7, 22], [8, 17, 9, 18], [10, 19, 11, 20]]"
12a_1285_170,"[[10, 19, 11, 20], [12, 4, 13, 3], [14, 2, 15, 1], [16, 24, 17, 23], [18, 9, 19, 10], [20, 5, 21, 6], [22, 7, 23, 8], [24, 14, 1, 13], [2, 16, 3, 15], [4, 12, 5, 11], [6, 21, 7, 22], [8, 17, 9, 18]]"
12a_1285_171,"[[8, 17, 9, 18], [10, 19, 11, 20], [12, 4, 13, 3], [14, 2, 15, 1], [16, 24, 17, 23], [18, 9, 19, 10], [20, 5, 21, 6], [22, 7, 23, 8], [24, 14, 1, 13], [2, 16, 3, 15], [4, 12, 5, 11], [6, 21, 7, 22]]"
12a_1285_172,"[[6, 21, 7, 22], [8, 17, 9, 18], [10, 19, 11, 20], [12, 4, 13, 3], [14, 2, 15, 1], [16, 24, 17, 23], [18, 9, 19, 10], [20, 5, 21, 6], [22, 7, 23, 8], [24, 14, 1, 13], [2, 16, 3, 15], [4, 12, 5, 11]]"
12a_1285_173,"[[4, 12, 5, 11], [6, 21, 7, 22], [8, 17, 9, 18], [10, 19, 11, 20], [12, 4, 13, 3], [14, 2, 15, 1], [16, 24, 17, 23], [18, 9, 19, 10], [20, 5, 21, 6], [22, 7, 23, 8], [24, 14, 1, 13], [2, 16, 3, 15]]"
12a_1285_174,"[[2, 16, 3, 15], [4, 12, 5, 11], [6, 21, 7, 22], [8, 17, 9, 18], [10, 19, 11, 20], [12, 4, 13, 3], [14, 2, 15, 1], [16, 24, 17, 23], [18, 9, 19, 10], [20, 5, 21, 6], [22, 7, 23, 8], [24, 14, 1, 13]]"
12a_1285_175,"[[24, 14, 1, 13], [2, 16, 3, 15], [4, 12, 5, 11], [6, 21, 7, 22], [8, 17, 9, 18], [10, 19, 11, 20], [12, 4, 13, 3], [14, 2, 15, 1], [16, 24, 17, 23], [18, 9, 19, 10], [20, 5, 21, 6], [22, 7, 23, 8]]"
12a_1285_176,"[[22, 7, 23, 8], [24, 14, 1, 13], [2, 16, 3, 15], [4, 12, 5, 11], [6, 21, 7, 22], [8, 17, 9, 18], [10, 19, 11, 20], [12, 4, 13, 3], [14, 2, 15, 1], [16, 24, 17, 23], [18, 9, 19, 10], [20, 5, 21, 6]]"
12a_1285_177,"[[20, 5, 21, 6], [22, 7, 23, 8], [24, 14, 1, 13], [2, 16, 3, 15], [4, 12, 5, 11], [6, 21, 7, 22], [8, 17, 9, 18], [10, 19, 11, 20], [12, 4, 13, 3], [14, 2, 15, 1], [16, 24, 17, 23], [18, 9, 19, 10]]"
12a_1285_178,"[[18, 9, 19, 10], [20, 5, 21, 6], [22, 7, 23, 8], [24, 14, 1, 13], [2, 16, 3, 15], [4, 12, 5, 11], [6, 21, 7, 22], [8, 17, 9, 18], [10, 19, 11, 20], [12, 4, 13, 3], [14, 2, 15, 1], [16, 24, 17, 23]]"
12a_1285_179,"[[16, 24, 17, 23], [18, 9, 19, 10], [20, 5, 21, 6], [22, 7, 23, 8], [24, 14, 1, 13], [2, 16, 3, 15], [4, 12, 5, 11], [6, 21, 7, 22], [8, 17, 9, 18], [10, 19, 11, 20], [12, 4, 13, 3], [14, 2, 15, 1]]"
12a_1285_180,"[[15, 3, 16, 2], [17, 1, 18, 24], [19, 10, 20, 11], [21, 6, 22, 7], [23, 8, 24, 9], [1, 15, 2, 14], [3, 17, 4, 16], [5, 13, 6, 12], [7, 22, 8, 23], [9, 18, 10, 19], [11, 20, 12, 21], [13, 5, 14, 4]]"
12a_1285_181,"[[13, 5, 14, 4], [15, 3, 16, 2], [17, 1, 18, 24], [19, 10, 20, 11], [21, 6, 22, 7], [23, 8, 24, 9], [1, 15, 2, 14], [3, 17, 4, 16], [5, 13, 6, 12], [7, 22, 8, 23], [9, 18, 10, 19], [11, 20, 12, 21]]"
12a_1285_182,"[[11, 20, 12, 21], [13, 5, 14, 4], [15, 3, 16, 2], [17, 1, 18, 24], [19, 10, 20, 11], [21, 6, 22, 7], [23, 8, 24, 9], [1, 15, 2, 14], [3, 17, 4, 16], [5, 13, 6, 12], [7, 22, 8, 23], [9, 18, 10, 19]]"
12a_1285_183,"[[9, 18, 10, 19], [11, 20, 12, 21], [13, 5, 14, 4], [15, 3, 16, 2], [17, 1, 18, 24], [19, 10, 20, 11], [21, 6, 22, 7], [23, 8, 24, 9], [1, 15, 2, 14], [3, 17, 4, 16], [5, 13, 6, 12], [7, 22, 8, 23]]"
12a_1285_184,"[[7, 22, 8, 23], [9, 18, 10, 19], [11, 20, 12, 21], [13, 5, 14, 4], [15, 3, 16, 2], [17, 1, 18, 24], [19, 10, 20, 11], [21, 6, 22, 7], [23, 8, 24, 9], [1, 15, 2, 14], [3, 17, 4, 16], [5, 13, 6, 12]]"
12a_1285_185,"[[5, 13, 6, 12], [7, 22, 8, 23], [9, 18, 10, 19], [11, 20, 12, 21], [13, 5, 14, 4], [15, 3, 16, 2], [17, 1, 18, 24], [19, 10, 20, 11], [21, 6, 22, 7], [23, 8, 24, 9], [1, 15, 2, 14], [3, 17, 4, 16]]"
