name,pd_notation
12a_0132_0,"[[24, 20, 1, 19], [2, 6, 3, 5], [4, 9, 5, 10], [6, 15, 7, 16], [8, 12, 9, 11], [10, 3, 11, 4], [12, 22, 13, 21], [14, 23, 15, 24], [16, 7, 17, 8], [18, 14, 19, 13], [20, 2, 21, 1], [22, 17, 23, 18]]"
12a_0132_1,"[[22, 17, 23, 18], [24, 20, 1, 19], [2, 6, 3, 5], [4, 9, 5, 10], [6, 15, 7, 16], [8, 12, 9, 11], [10, 3, 11, 4], [12, 22, 13, 21], [14, 23, 15, 24], [16, 7, 17, 8], [18, 14, 19, 13], [20, 2, 21, 1]]"
12a_0132_2,"[[20, 2, 21, 1], [22, 17, 23, 18], [24, 20, 1, 19], [2, 6, 3, 5], [4, 9, 5, 10], [6, 15, 7, 16], [8, 12, 9, 11], [10, 3, 11, 4], [12, 22, 13, 21], [14, 23, 15, 24], [16, 7, 17, 8], [18, 14, 19, 13]]"
12a_0132_3,"[[18, 14, 19, 13], [20, 2, 21, 1], [22, 17, 23, 18], [24, 20, 1, 19], [2, 6, 3, 5], [4, 9, 5, 10], [6, 15, 7, 16], [8, 12, 9, 11], [10, 3, 11, 4], [12, 22, 13, 21], [14, 23, 15, 24], [16, 7, 17, 8]]"
12a_0132_4,"[[16, 7, 17, 8], [18, 14, 19, 13], [20, 2, 21, 1], [22, 17, 23, 18], [24, 20, 1, 19], [2, 6, 3, 5], [4, 9, 5, 10], [6, 15, 7, 16], [8, 12, 9, 11], [10, 3, 11, 4], [12, 22, 13, 21], [14, 23, 15, 24]]"
12a_0132_5,"[[14, 23, 15, 24], [16, 7, 17, 8], [18, 14, 19, 13], [20, 2, 21, 1], [22, 17, 23, 18], [24, 20, 1, 19], [2, 6, 3, 5], [4, 9, 5, 10], [6, 15, 7, 16], [8, 12, 9, 11], [10, 3, 11, 4], [12, 22, 13, 21]]"
12a_0132_6,"[[12, 22, 13, 21], [14, 23, 15, 24], [16, 7, 17, 8], [18, 14, 19, 13], [20, 2, 21, 1], [22, 17, 23, 18], [24, 20, 1, 19], [2, 6, 3, 5], [4, 9, 5, 10], [6, 15, 7, 16], [8, 12, 9, 11], [10, 3, 11, 4]]"
12a_0132_7,"[[10, 3, 11, 4], [12, 22, 13, 21], [14, 23, 15, 24], [16, 7, 17, 8], [18, 14, 19, 13], [20, 2, 21, 1], [22, 17, 23, 18], [24, 20, 1, 19], [2, 6, 3, 5], [4, 9, 5, 10], [6, 15, 7, 16], [8, 12, 9, 11]]"
12a_0132_8,"[[8, 12, 9, 11], [10, 3, 11, 4], [12, 22, 13, 21], [14, 23, 15, 24], [16, 7, 17, 8], [18, 14, 19, 13], [20, 2, 21, 1], [22, 17, 23, 18], [24, 20, 1, 19], [2, 6, 3, 5], [4, 9, 5, 10], [6, 15, 7, 16]]"
12a_0132_9,"[[6, 15, 7, 16], [8, 12, 9, 11], [10, 3, 11, 4], [12, 22, 13, 21], [14, 23, 15, 24], [16, 7, 17, 8], [18, 14, 19, 13], [20, 2, 21, 1], [22, 17, 23, 18], [24, 20, 1, 19], [2, 6, 3, 5], [4, 9, 5, 10]]"
12a_0132_10,"[[4, 9, 5, 10], [6, 15, 7, 16], [8, 12, 9, 11], [10, 3, 11, 4], [12, 22, 13, 21], [14, 23, 15, 24], [16, 7, 17, 8], [18, 14, 19, 13], [20, 2, 21, 1], [22, 17, 23, 18], [24, 20, 1, 19], [2, 6, 3, 5]]"
12a_0132_11,"[[2, 6, 3, 5], [4, 9, 5, 10], [6, 15, 7, 16], [8, 12, 9, 11], [10, 3, 11, 4], [12, 22, 13, 21], [14, 23, 15, 24], [16, 7, 17, 8], [18, 14, 19, 13], [20, 2, 21, 1], [22, 17, 23, 18], [24, 20, 1, 19]]"
12a_0132_12,"[[1, 21, 2, 20], [3, 7, 4, 6], [5, 10, 6, 11], [7, 16, 8, 17], [9, 13, 10, 12], [11, 4, 12, 5], [13, 23, 14, 22], [15, 24, 16, 1], [17, 8, 18, 9], [19, 15, 20, 14], [21, 3, 22, 2], [23, 18, 24, 19]]"
12a_0132_13,"[[23, 18, 24, 19], [1, 21, 2, 20], [3, 7, 4, 6], [5, 10, 6, 11], [7, 16, 8, 17], [9, 13, 10, 12], [11, 4, 12, 5], [13, 23, 14, 22], [15, 24, 16, 1], [17, 8, 18, 9], [19, 15, 20, 14], [21, 3, 22, 2]]"
12a_0132_14,"[[21, 3, 22, 2], [23, 18, 24, 19], [1, 21, 2, 20], [3, 7, 4, 6], [5, 10, 6, 11], [7, 16, 8, 17], [9, 13, 10, 12], [11, 4, 12, 5], [13, 23, 14, 22], [15, 24, 16, 1], [17, 8, 18, 9], [19, 15, 20, 14]]"
12a_0132_15,"[[19, 15, 20, 14], [21, 3, 22, 2], [23, 18, 24, 19], [1, 21, 2, 20], [3, 7, 4, 6], [5, 10, 6, 11], [7, 16, 8, 17], [9, 13, 10, 12], [11, 4, 12, 5], [13, 23, 14, 22], [15, 24, 16, 1], [17, 8, 18, 9]]"
12a_0132_16,"[[17, 8, 18, 9], [19, 15, 20, 14], [21, 3, 22, 2], [23, 18, 24, 19], [1, 21, 2, 20], [3, 7, 4, 6], [5, 10, 6, 11], [7, 16, 8, 17], [9, 13, 10, 12], [11, 4, 12, 5], [13, 23, 14, 22], [15, 24, 16, 1]]"
12a_0132_17,"[[15, 24, 16, 1], [17, 8, 18, 9], [19, 15, 20, 14], [21, 3, 22, 2], [23, 18, 24, 19], [1, 21, 2, 20], [3, 7, 4, 6], [5, 10, 6, 11], [7, 16, 8, 17], [9, 13, 10, 12], [11, 4, 12, 5], [13, 23, 14, 22]]"
12a_0132_18,"[[13, 23, 14, 22], [15, 24, 16, 1], [17, 8, 18, 9], [19, 15, 20, 14], [21, 3, 22, 2], [23, 18, 24, 19], [1, 21, 2, 20], [3, 7, 4, 6], [5, 10, 6, 11], [7, 16, 8, 17], [9, 13, 10, 12], [11, 4, 12, 5]]"
12a_0132_19,"[[11, 4, 12, 5], [13, 23, 14, 22], [15, 24, 16, 1], [17, 8, 18, 9], [19, 15, 20, 14], [21, 3, 22, 2], [23, 18, 24, 19], [1, 21, 2, 20], [3, 7, 4, 6], [5, 10, 6, 11], [7, 16, 8, 17], [9, 13, 10, 12]]"
12a_0132_20,"[[9, 13, 10, 12], [11, 4, 12, 5], [13, 23, 14, 22], [15, 24, 16, 1], [17, 8, 18, 9], [19, 15, 20, 14], [21, 3, 22, 2], [23, 18, 24, 19], [1, 21, 2, 20], [3, 7, 4, 6], [5, 10, 6, 11], [7, 16, 8, 17]]"
12a_0132_21,"[[7, 16, 8, 17], [9, 13, 10, 12], [11, 4, 12, 5], [13, 23, 14, 22], [15, 24, 16, 1], [17, 8, 18, 9], [19, 15, 20, 14], [21, 3, 22, 2], [23, 18, 24, 19], [1, 21, 2, 20], [3, 7, 4, 6], [5, 10, 6, 11]]"
12a_0132_22,"[[5, 10, 6, 11], [7, 16, 8, 17], [9, 13, 10, 12], [11, 4, 12, 5], [13, 23, 14, 22], [15, 24, 16, 1], [17, 8, 18, 9], [19, 15, 20, 14], [21, 3, 22, 2], [23, 18, 24, 19], [1, 21, 2, 20], [3, 7, 4, 6]]"
12a_0132_23,"[[3, 7, 4, 6], [5, 10, 6, 11], [7, 16, 8, 17], [9, 13, 10, 12], [11, 4, 12, 5], [13, 23, 14, 22], [15, 24, 16, 1], [17, 8, 18, 9], [19, 15, 20, 14], [21, 3, 22, 2], [23, 18, 24, 19], [1, 21, 2, 20]]"
12a_0132_24,"[[2, 22, 3, 21], [4, 8, 5, 7], [6, 11, 7, 12], [8, 17, 9, 18], [10, 14, 11, 13], [12, 5, 13, 6], [14, 24, 15, 23], [16, 1, 17, 2], [18, 9, 19, 10], [20, 16, 21, 15], [22, 4, 23, 3], [24, 19, 1, 20]]"
12a_0132_25,"[[24, 19, 1, 20], [2, 22, 3, 21], [4, 8, 5, 7], [6, 11, 7, 12], [8, 17, 9, 18], [10, 14, 11, 13], [12, 5, 13, 6], [14, 24, 15, 23], [16, 1, 17, 2], [18, 9, 19, 10], [20, 16, 21, 15], [22, 4, 23, 3]]"
12a_0132_26,"[[22, 4, 23, 3], [24, 19, 1, 20], [2, 22, 3, 21], [4, 8, 5, 7], [6, 11, 7, 12], [8, 17, 9, 18], [10, 14, 11, 13], [12, 5, 13, 6], [14, 24, 15, 23], [16, 1, 17, 2], [18, 9, 19, 10], [20, 16, 21, 15]]"
12a_0132_27,"[[20, 16, 21, 15], [22, 4, 23, 3], [24, 19, 1, 20], [2, 22, 3, 21], [4, 8, 5, 7], [6, 11, 7, 12], [8, 17, 9, 18], [10, 14, 11, 13], [12, 5, 13, 6], [14, 24, 15, 23], [16, 1, 17, 2], [18, 9, 19, 10]]"
12a_0132_28,"[[18, 9, 19, 10], [20, 16, 21, 15], [22, 4, 23, 3], [24, 19, 1, 20], [2, 22, 3, 21], [4, 8, 5, 7], [6, 11, 7, 12], [8, 17, 9, 18], [10, 14, 11, 13], [12, 5, 13, 6], [14, 24, 15, 23], [16, 1, 17, 2]]"
12a_0132_29,"[[16, 1, 17, 2], [18, 9, 19, 10], [20, 16, 21, 15], [22, 4, 23, 3], [24, 19, 1, 20], [2, 22, 3, 21], [4, 8, 5, 7], [6, 11, 7, 12], [8, 17, 9, 18], [10, 14, 11, 13], [12, 5, 13, 6], [14, 24, 15, 23]]"
12a_0132_30,"[[14, 24, 15, 23], [16, 1, 17, 2], [18, 9, 19, 10], [20, 16, 21, 15], [22, 4, 23, 3], [24, 19, 1, 20], [2, 22, 3, 21], [4, 8, 5, 7], [6, 11, 7, 12], [8, 17, 9, 18], [10, 14, 11, 13], [12, 5, 13, 6]]"
12a_0132_31,"[[12, 5, 13, 6], [14, 24, 15, 23], [16, 1, 17, 2], [18, 9, 19, 10], [20, 16, 21, 15], [22, 4, 23, 3], [24, 19, 1, 20], [2, 22, 3, 21], [4, 8, 5, 7], [6, 11, 7, 12], [8, 17, 9, 18], [10, 14, 11, 13]]"
12a_0132_32,"[[10, 14, 11, 13], [12, 5, 13, 6], [14, 24, 15, 23], [16, 1, 17, 2], [18, 9, 19, 10], [20, 16, 21, 15], [22, 4, 23, 3], [24, 19, 1, 20], [2, 22, 3, 21], [4, 8, 5, 7], [6, 11, 7, 12], [8, 17, 9, 18]]"
12a_0132_33,"[[8, 17, 9, 18], [10, 14, 11, 13], [12, 5, 13, 6], [14, 24, 15, 23], [16, 1, 17, 2], [18, 9, 19, 10], [20, 16, 21, 15], [22, 4, 23, 3], [24, 19, 1, 20], [2, 22, 3, 21], [4, 8, 5, 7], [6, 11, 7, 12]]"
12a_0132_34,"[[6, 11, 7, 12], [8, 17, 9, 18], [10, 14, 11, 13], [12, 5, 13, 6], [14, 24, 15, 23], [16, 1, 17, 2], [18, 9, 19, 10], [20, 16, 21, 15], [22, 4, 23, 3], [24, 19, 1, 20], [2, 22, 3, 21], [4, 8, 5, 7]]"
12a_0132_35,"[[4, 8, 5, 7], [6, 11, 7, 12], [8, 17, 9, 18], [10, 14, 11, 13], [12, 5, 13, 6], [14, 24, 15, 23], [16, 1, 17, 2], [18, 9, 19, 10], [20, 16, 21, 15], [22, 4, 23, 3], [24, 19, 1, 20], [2, 22, 3, 21]]"
12a_0132_36,"[[3, 23, 4, 22], [5, 9, 6, 8], [7, 12, 8, 13], [9, 18, 10, 19], [11, 15, 12, 14], [13, 6, 14, 7], [15, 1, 16, 24], [17, 2, 18, 3], [19, 10, 20, 11], [21, 17, 22, 16], [23, 5, 24, 4], [1, 20, 2, 21]]"
12a_0132_37,"[[1, 20, 2, 21], [3, 23, 4, 22], [5, 9, 6, 8], [7, 12, 8, 13], [9, 18, 10, 19], [11, 15, 12, 14], [13, 6, 14, 7], [15, 1, 16, 24], [17, 2, 18, 3], [19, 10, 20, 11], [21, 17, 22, 16], [23, 5, 24, 4]]"
12a_0132_38,"[[23, 5, 24, 4], [1, 20, 2, 21], [3, 23, 4, 22], [5, 9, 6, 8], [7, 12, 8, 13], [9, 18, 10, 19], [11, 15, 12, 14], [13, 6, 14, 7], [15, 1, 16, 24], [17, 2, 18, 3], [19, 10, 20, 11], [21, 17, 22, 16]]"
12a_0132_39,"[[21, 17, 22, 16], [23, 5, 24, 4], [1, 20, 2, 21], [3, 23, 4, 22], [5, 9, 6, 8], [7, 12, 8, 13], [9, 18, 10, 19], [11, 15, 12, 14], [13, 6, 14, 7], [15, 1, 16, 24], [17, 2, 18, 3], [19, 10, 20, 11]]"
12a_0132_40,"[[19, 10, 20, 11], [21, 17, 22, 16], [23, 5, 24, 4], [1, 20, 2, 21], [3, 23, 4, 22], [5, 9, 6, 8], [7, 12, 8, 13], [9, 18, 10, 19], [11, 15, 12, 14], [13, 6, 14, 7], [15, 1, 16, 24], [17, 2, 18, 3]]"
12a_0132_41,"[[17, 2, 18, 3], [19, 10, 20, 11], [21, 17, 22, 16], [23, 5, 24, 4], [1, 20, 2, 21], [3, 23, 4, 22], [5, 9, 6, 8], [7, 12, 8, 13], [9, 18, 10, 19], [11, 15, 12, 14], [13, 6, 14, 7], [15, 1, 16, 24]]"
12a_0132_42,"[[15, 1, 16, 24], [17, 2, 18, 3], [19, 10, 20, 11], [21, 17, 22, 16], [23, 5, 24, 4], [1, 20, 2, 21], [3, 23, 4, 22], [5, 9, 6, 8], [7, 12, 8, 13], [9, 18, 10, 19], [11, 15, 12, 14], [13, 6, 14, 7]]"
12a_0132_43,"[[13, 6, 14, 7], [15, 1, 16, 24], [17, 2, 18, 3], [19, 10, 20, 11], [21, 17, 22, 16], [23, 5, 24, 4], [1, 20, 2, 21], [3, 23, 4, 22], [5, 9, 6, 8], [7, 12, 8, 13], [9, 18, 10, 19], [11, 15, 12, 14]]"
12a_0132_44,"[[11, 15, 12, 14], [13, 6, 14, 7], [15, 1, 16, 24], [17, 2, 18, 3], [19, 10, 20, 11], [21, 17, 22, 16], [23, 5, 24, 4], [1, 20, 2, 21], [3, 23, 4, 22], [5, 9, 6, 8], [7, 12, 8, 13], [9, 18, 10, 19]]"
12a_0132_45,"[[9, 18, 10, 19], [11, 15, 12, 14], [13, 6, 14, 7], [15, 1, 16, 24], [17, 2, 18, 3], [19, 10, 20, 11], [21, 17, 22, 16], [23, 5, 24, 4], [1, 20, 2, 21], [3, 23, 4, 22], [5, 9, 6, 8], [7, 12, 8, 13]]"
12a_0132_46,"[[7, 12, 8, 13], [9, 18, 10, 19], [11, 15, 12, 14], [13, 6, 14, 7], [15, 1, 16, 24], [17, 2, 18, 3], [19, 10, 20, 11], [21, 17, 22, 16], [23, 5, 24, 4], [1, 20, 2, 21], [3, 23, 4, 22], [5, 9, 6, 8]]"
12a_0132_47,"[[5, 9, 6, 8], [7, 12, 8, 13], [9, 18, 10, 19], [11, 15, 12, 14], [13, 6, 14, 7], [15, 1, 16, 24], [17, 2, 18, 3], [19, 10, 20, 11], [21, 17, 22, 16], [23, 5, 24, 4], [1, 20, 2, 21], [3, 23, 4, 22]]"
12a_0132_48,"[[4, 24, 5, 23], [6, 10, 7, 9], [8, 13, 9, 14], [10, 19, 11, 20], [12, 16, 13, 15], [14, 7, 15, 8], [16, 2, 17, 1], [18, 3, 19, 4], [20, 11, 21, 12], [22, 18, 23, 17], [24, 6, 1, 5], [2, 21, 3, 22]]"
12a_0132_49,"[[2, 21, 3, 22], [4, 24, 5, 23], [6, 10, 7, 9], [8, 13, 9, 14], [10, 19, 11, 20], [12, 16, 13, 15], [14, 7, 15, 8], [16, 2, 17, 1], [18, 3, 19, 4], [20, 11, 21, 12], [22, 18, 23, 17], [24, 6, 1, 5]]"
12a_0132_50,"[[24, 6, 1, 5], [2, 21, 3, 22], [4, 24, 5, 23], [6, 10, 7, 9], [8, 13, 9, 14], [10, 19, 11, 20], [12, 16, 13, 15], [14, 7, 15, 8], [16, 2, 17, 1], [18, 3, 19, 4], [20, 11, 21, 12], [22, 18, 23, 17]]"
12a_0132_51,"[[22, 18, 23, 17], [24, 6, 1, 5], [2, 21, 3, 22], [4, 24, 5, 23], [6, 10, 7, 9], [8, 13, 9, 14], [10, 19, 11, 20], [12, 16, 13, 15], [14, 7, 15, 8], [16, 2, 17, 1], [18, 3, 19, 4], [20, 11, 21, 12]]"
12a_0132_52,"[[20, 11, 21, 12], [22, 18, 23, 17], [24, 6, 1, 5], [2, 21, 3, 22], [4, 24, 5, 23], [6, 10, 7, 9], [8, 13, 9, 14], [10, 19, 11, 20], [12, 16, 13, 15], [14, 7, 15, 8], [16, 2, 17, 1], [18, 3, 19, 4]]"
12a_0132_53,"[[18, 3, 19, 4], [20, 11, 21, 12], [22, 18, 23, 17], [24, 6, 1, 5], [2, 21, 3, 22], [4, 24, 5, 23], [6, 10, 7, 9], [8, 13, 9, 14], [10, 19, 11, 20], [12, 16, 13, 15], [14, 7, 15, 8], [16, 2, 17, 1]]"
12a_0132_54,"[[16, 2, 17, 1], [18, 3, 19, 4], [20, 11, 21, 12], [22, 18, 23, 17], [24, 6, 1, 5], [2, 21, 3, 22], [4, 24, 5, 23], [6, 10, 7, 9], [8, 13, 9, 14], [10, 19, 11, 20], [12, 16, 13, 15], [14, 7, 15, 8]]"
12a_0132_55,"[[14, 7, 15, 8], [16, 2, 17, 1], [18, 3, 19, 4], [20, 11, 21, 12], [22, 18, 23, 17], [24, 6, 1, 5], [2, 21, 3, 22], [4, 24, 5, 23], [6, 10, 7, 9], [8, 13, 9, 14], [10, 19, 11, 20], [12, 16, 13, 15]]"
12a_0132_56,"[[12, 16, 13, 15], [14, 7, 15, 8], [16, 2, 17, 1], [18, 3, 19, 4], [20, 11, 21, 12], [22, 18, 23, 17], [24, 6, 1, 5], [2, 21, 3, 22], [4, 24, 5, 23], [6, 10, 7, 9], [8, 13, 9, 14], [10, 19, 11, 20]]"
12a_0132_57,"[[10, 19, 11, 20], [12, 16, 13, 15], [14, 7, 15, 8], [16, 2, 17, 1], [18, 3, 19, 4], [20, 11, 21, 12], [22, 18, 23, 17], [24, 6, 1, 5], [2, 21, 3, 22], [4, 24, 5, 23], [6, 10, 7, 9], [8, 13, 9, 14]]"
12a_0132_58,"[[8, 13, 9, 14], [10, 19, 11, 20], [12, 16, 13, 15], [14, 7, 15, 8], [16, 2, 17, 1], [18, 3, 19, 4], [20, 11, 21, 12], [22, 18, 23, 17], [24, 6, 1, 5], [2, 21, 3, 22], [4, 24, 5, 23], [6, 10, 7, 9]]"
12a_0132_59,"[[6, 10, 7, 9], [8, 13, 9, 14], [10, 19, 11, 20], [12, 16, 13, 15], [14, 7, 15, 8], [16, 2, 17, 1], [18, 3, 19, 4], [20, 11, 21, 12], [22, 18, 23, 17], [24, 6, 1, 5], [2, 21, 3, 22], [4, 24, 5, 23]]"
12a_0132_60,"[[5, 1, 6, 24], [7, 11, 8, 10], [9, 14, 10, 15], [11, 20, 12, 21], [13, 17, 14, 16], [15, 8, 16, 9], [17, 3, 18, 2], [19, 4, 20, 5], [21, 12, 22, 13], [23, 19, 24, 18], [1, 7, 2, 6], [3, 22, 4, 23]]"
12a_0132_61,"[[3, 22, 4, 23], [5, 1, 6, 24], [7, 11, 8, 10], [9, 14, 10, 15], [11, 20, 12, 21], [13, 17, 14, 16], [15, 8, 16, 9], [17, 3, 18, 2], [19, 4, 20, 5], [21, 12, 22, 13], [23, 19, 24, 18], [1, 7, 2, 6]]"
12a_0132_62,"[[1, 7, 2, 6], [3, 22, 4, 23], [5, 1, 6, 24], [7, 11, 8, 10], [9, 14, 10, 15], [11, 20, 12, 21], [13, 17, 14, 16], [15, 8, 16, 9], [17, 3, 18, 2], [19, 4, 20, 5], [21, 12, 22, 13], [23, 19, 24, 18]]"
12a_0132_63,"[[23, 19, 24, 18], [1, 7, 2, 6], [3, 22, 4, 23], [5, 1, 6, 24], [7, 11, 8, 10], [9, 14, 10, 15], [11, 20, 12, 21], [13, 17, 14, 16], [15, 8, 16, 9], [17, 3, 18, 2], [19, 4, 20, 5], [21, 12, 22, 13]]"
12a_0132_64,"[[21, 12, 22, 13], [23, 19, 24, 18], [1, 7, 2, 6], [3, 22, 4, 23], [5, 1, 6, 24], [7, 11, 8, 10], [9, 14, 10, 15], [11, 20, 12, 21], [13, 17, 14, 16], [15, 8, 16, 9], [17, 3, 18, 2], [19, 4, 20, 5]]"
12a_0132_65,"[[19, 4, 20, 5], [21, 12, 22, 13], [23, 19, 24, 18], [1, 7, 2, 6], [3, 22, 4, 23], [5, 1, 6, 24], [7, 11, 8, 10], [9, 14, 10, 15], [11, 20, 12, 21], [13, 17, 14, 16], [15, 8, 16, 9], [17, 3, 18, 2]]"
12a_0132_66,"[[17, 3, 18, 2], [19, 4, 20, 5], [21, 12, 22, 13], [23, 19, 24, 18], [1, 7, 2, 6], [3, 22, 4, 23], [5, 1, 6, 24], [7, 11, 8, 10], [9, 14, 10, 15], [11, 20, 12, 21], [13, 17, 14, 16], [15, 8, 16, 9]]"
12a_0132_67,"[[15, 8, 16, 9], [17, 3, 18, 2], [19, 4, 20, 5], [21, 12, 22, 13], [23, 19, 24, 18], [1, 7, 2, 6], [3, 22, 4, 23], [5, 1, 6, 24], [7, 11, 8, 10], [9, 14, 10, 15], [11, 20, 12, 21], [13, 17, 14, 16]]"
12a_0132_68,"[[13, 17, 14, 16], [15, 8, 16, 9], [17, 3, 18, 2], [19, 4, 20, 5], [21, 12, 22, 13], [23, 19, 24, 18], [1, 7, 2, 6], [3, 22, 4, 23], [5, 1, 6, 24], [7, 11, 8, 10], [9, 14, 10, 15], [11, 20, 12, 21]]"
12a_0132_69,"[[11, 20, 12, 21], [13, 17, 14, 16], [15, 8, 16, 9], [17, 3, 18, 2], [19, 4, 20, 5], [21, 12, 22, 13], [23, 19, 24, 18], [1, 7, 2, 6], [3, 22, 4, 23], [5, 1, 6, 24], [7, 11, 8, 10], [9, 14, 10, 15]]"
12a_0132_70,"[[9, 14, 10, 15], [11, 20, 12, 21], [13, 17, 14, 16], [15, 8, 16, 9], [17, 3, 18, 2], [19, 4, 20, 5], [21, 12, 22, 13], [23, 19, 24, 18], [1, 7, 2, 6], [3, 22, 4, 23], [5, 1, 6, 24], [7, 11, 8, 10]]"
12a_0132_71,"[[7, 11, 8, 10], [9, 14, 10, 15], [11, 20, 12, 21], [13, 17, 14, 16], [15, 8, 16, 9], [17, 3, 18, 2], [19, 4, 20, 5], [21, 12, 22, 13], [23, 19, 24, 18], [1, 7, 2, 6], [3, 22, 4, 23], [5, 1, 6, 24]]"
12a_0132_72,"[[6, 2, 7, 1], [8, 12, 9, 11], [10, 15, 11, 16], [12, 21, 13, 22], [14, 18, 15, 17], [16, 9, 17, 10], [18, 4, 19, 3], [20, 5, 21, 6], [22, 13, 23, 14], [24, 20, 1, 19], [2, 8, 3, 7], [4, 23, 5, 24]]"
12a_0132_73,"[[4, 23, 5, 24], [6, 2, 7, 1], [8, 12, 9, 11], [10, 15, 11, 16], [12, 21, 13, 22], [14, 18, 15, 17], [16, 9, 17, 10], [18, 4, 19, 3], [20, 5, 21, 6], [22, 13, 23, 14], [24, 20, 1, 19], [2, 8, 3, 7]]"
12a_0132_74,"[[2, 8, 3, 7], [4, 23, 5, 24], [6, 2, 7, 1], [8, 12, 9, 11], [10, 15, 11, 16], [12, 21, 13, 22], [14, 18, 15, 17], [16, 9, 17, 10], [18, 4, 19, 3], [20, 5, 21, 6], [22, 13, 23, 14], [24, 20, 1, 19]]"
12a_0132_75,"[[24, 20, 1, 19], [2, 8, 3, 7], [4, 23, 5, 24], [6, 2, 7, 1], [8, 12, 9, 11], [10, 15, 11, 16], [12, 21, 13, 22], [14, 18, 15, 17], [16, 9, 17, 10], [18, 4, 19, 3], [20, 5, 21, 6], [22, 13, 23, 14]]"
12a_0132_76,"[[22, 13, 23, 14], [24, 20, 1, 19], [2, 8, 3, 7], [4, 23, 5, 24], [6, 2, 7, 1], [8, 12, 9, 11], [10, 15, 11, 16], [12, 21, 13, 22], [14, 18, 15, 17], [16, 9, 17, 10], [18, 4, 19, 3], [20, 5, 21, 6]]"
12a_0132_77,"[[20, 5, 21, 6], [22, 13, 23, 14], [24, 20, 1, 19], [2, 8, 3, 7], [4, 23, 5, 24], [6, 2, 7, 1], [8, 12, 9, 11], [10, 15, 11, 16], [12, 21, 13, 22], [14, 18, 15, 17], [16, 9, 17, 10], [18, 4, 19, 3]]"
12a_0132_78,"[[18, 4, 19, 3], [20, 5, 21, 6], [22, 13, 23, 14], [24, 20, 1, 19], [2, 8, 3, 7], [4, 23, 5, 24], [6, 2, 7, 1], [8, 12, 9, 11], [10, 15, 11, 16], [12, 21, 13, 22], [14, 18, 15, 17], [16, 9, 17, 10]]"
12a_0132_79,"[[16, 9, 17, 10], [18, 4, 19, 3], [20, 5, 21, 6], [22, 13, 23, 14], [24, 20, 1, 19], [2, 8, 3, 7], [4, 23, 5, 24], [6, 2, 7, 1], [8, 12, 9, 11], [10, 15, 11, 16], [12, 21, 13, 22], [14, 18, 15, 17]]"
12a_0132_80,"[[14, 18, 15, 17], [16, 9, 17, 10], [18, 4, 19, 3], [20, 5, 21, 6], [22, 13, 23, 14], [24, 20, 1, 19], [2, 8, 3, 7], [4, 23, 5, 24], [6, 2, 7, 1], [8, 12, 9, 11], [10, 15, 11, 16], [12, 21, 13, 22]]"
12a_0132_81,"[[12, 21, 13, 22], [14, 18, 15, 17], [16, 9, 17, 10], [18, 4, 19, 3], [20, 5, 21, 6], [22, 13, 23, 14], [24, 20, 1, 19], [2, 8, 3, 7], [4, 23, 5, 24], [6, 2, 7, 1], [8, 12, 9, 11], [10, 15, 11, 16]]"
12a_0132_82,"[[10, 15, 11, 16], [12, 21, 13, 22], [14, 18, 15, 17], [16, 9, 17, 10], [18, 4, 19, 3], [20, 5, 21, 6], [22, 13, 23, 14], [24, 20, 1, 19], [2, 8, 3, 7], [4, 23, 5, 24], [6, 2, 7, 1], [8, 12, 9, 11]]"
12a_0132_83,"[[8, 12, 9, 11], [10, 15, 11, 16], [12, 21, 13, 22], [14, 18, 15, 17], [16, 9, 17, 10], [18, 4, 19, 3], [20, 5, 21, 6], [22, 13, 23, 14], [24, 20, 1, 19], [2, 8, 3, 7], [4, 23, 5, 24], [6, 2, 7, 1]]"
12a_0132_84,"[[7, 3, 8, 2], [9, 13, 10, 12], [11, 16, 12, 17], [13, 22, 14, 23], [15, 19, 16, 18], [17, 10, 18, 11], [19, 5, 20, 4], [21, 6, 22, 7], [23, 14, 24, 15], [1, 21, 2, 20], [3, 9, 4, 8], [5, 24, 6, 1]]"
12a_0132_85,"[[5, 24, 6, 1], [7, 3, 8, 2], [9, 13, 10, 12], [11, 16, 12, 17], [13, 22, 14, 23], [15, 19, 16, 18], [17, 10, 18, 11], [19, 5, 20, 4], [21, 6, 22, 7], [23, 14, 24, 15], [1, 21, 2, 20], [3, 9, 4, 8]]"
12a_0132_86,"[[3, 9, 4, 8], [5, 24, 6, 1], [7, 3, 8, 2], [9, 13, 10, 12], [11, 16, 12, 17], [13, 22, 14, 23], [15, 19, 16, 18], [17, 10, 18, 11], [19, 5, 20, 4], [21, 6, 22, 7], [23, 14, 24, 15], [1, 21, 2, 20]]"
12a_0132_87,"[[1, 21, 2, 20], [3, 9, 4, 8], [5, 24, 6, 1], [7, 3, 8, 2], [9, 13, 10, 12], [11, 16, 12, 17], [13, 22, 14, 23], [15, 19, 16, 18], [17, 10, 18, 11], [19, 5, 20, 4], [21, 6, 22, 7], [23, 14, 24, 15]]"
12a_0132_88,"[[23, 14, 24, 15], [1, 21, 2, 20], [3, 9, 4, 8], [5, 24, 6, 1], [7, 3, 8, 2], [9, 13, 10, 12], [11, 16, 12, 17], [13, 22, 14, 23], [15, 19, 16, 18], [17, 10, 18, 11], [19, 5, 20, 4], [21, 6, 22, 7]]"
12a_0132_89,"[[21, 6, 22, 7], [23, 14, 24, 15], [1, 21, 2, 20], [3, 9, 4, 8], [5, 24, 6, 1], [7, 3, 8, 2], [9, 13, 10, 12], [11, 16, 12, 17], [13, 22, 14, 23], [15, 19, 16, 18], [17, 10, 18, 11], [19, 5, 20, 4]]"
12a_0132_90,"[[19, 5, 20, 4], [21, 6, 22, 7], [23, 14, 24, 15], [1, 21, 2, 20], [3, 9, 4, 8], [5, 24, 6, 1], [7, 3, 8, 2], [9, 13, 10, 12], [11, 16, 12, 17], [13, 22, 14, 23], [15, 19, 16, 18], [17, 10, 18, 11]]"
12a_0132_91,"[[17, 10, 18, 11], [19, 5, 20, 4], [21, 6, 22, 7], [23, 14, 24, 15], [1, 21, 2, 20], [3, 9, 4, 8], [5, 24, 6, 1], [7, 3, 8, 2], [9, 13, 10, 12], [11, 16, 12, 17], [13, 22, 14, 23], [15, 19, 16, 18]]"
12a_0132_92,"[[15, 19, 16, 18], [17, 10, 18, 11], [19, 5, 20, 4], [21, 6, 22, 7], [23, 14, 24, 15], [1, 21, 2, 20], [3, 9, 4, 8], [5, 24, 6, 1], [7, 3, 8, 2], [9, 13, 10, 12], [11, 16, 12, 17], [13, 22, 14, 23]]"
12a_0132_93,"[[13, 22, 14, 23], [15, 19, 16, 18], [17, 10, 18, 11], [19, 5, 20, 4], [21, 6, 22, 7], [23, 14, 24, 15], [1, 21, 2, 20], [3, 9, 4, 8], [5, 24, 6, 1], [7, 3, 8, 2], [9, 13, 10, 12], [11, 16, 12, 17]]"
12a_0132_94,"[[11, 16, 12, 17], [13, 22, 14, 23], [15, 19, 16, 18], [17, 10, 18, 11], [19, 5, 20, 4], [21, 6, 22, 7], [23, 14, 24, 15], [1, 21, 2, 20], [3, 9, 4, 8], [5, 24, 6, 1], [7, 3, 8, 2], [9, 13, 10, 12]]"
12a_0132_95,"[[9, 13, 10, 12], [11, 16, 12, 17], [13, 22, 14, 23], [15, 19, 16, 18], [17, 10, 18, 11], [19, 5, 20, 4], [21, 6, 22, 7], [23, 14, 24, 15], [1, 21, 2, 20], [3, 9, 4, 8], [5, 24, 6, 1], [7, 3, 8, 2]]"
12a_0132_96,"[[8, 4, 9, 3], [10, 14, 11, 13], [12, 17, 13, 18], [14, 23, 15, 24], [16, 20, 17, 19], [18, 11, 19, 12], [20, 6, 21, 5], [22, 7, 23, 8], [24, 15, 1, 16], [2, 22, 3, 21], [4, 10, 5, 9], [6, 1, 7, 2]]"
12a_0132_97,"[[6, 1, 7, 2], [8, 4, 9, 3], [10, 14, 11, 13], [12, 17, 13, 18], [14, 23, 15, 24], [16, 20, 17, 19], [18, 11, 19, 12], [20, 6, 21, 5], [22, 7, 23, 8], [24, 15, 1, 16], [2, 22, 3, 21], [4, 10, 5, 9]]"
12a_0132_98,"[[4, 10, 5, 9], [6, 1, 7, 2], [8, 4, 9, 3], [10, 14, 11, 13], [12, 17, 13, 18], [14, 23, 15, 24], [16, 20, 17, 19], [18, 11, 19, 12], [20, 6, 21, 5], [22, 7, 23, 8], [24, 15, 1, 16], [2, 22, 3, 21]]"
12a_0132_99,"[[2, 22, 3, 21], [4, 10, 5, 9], [6, 1, 7, 2], [8, 4, 9, 3], [10, 14, 11, 13], [12, 17, 13, 18], [14, 23, 15, 24], [16, 20, 17, 19], [18, 11, 19, 12], [20, 6, 21, 5], [22, 7, 23, 8], [24, 15, 1, 16]]"
12a_0132_100,"[[24, 15, 1, 16], [2, 22, 3, 21], [4, 10, 5, 9], [6, 1, 7, 2], [8, 4, 9, 3], [10, 14, 11, 13], [12, 17, 13, 18], [14, 23, 15, 24], [16, 20, 17, 19], [18, 11, 19, 12], [20, 6, 21, 5], [22, 7, 23, 8]]"
12a_0132_101,"[[22, 7, 23, 8], [24, 15, 1, 16], [2, 22, 3, 21], [4, 10, 5, 9], [6, 1, 7, 2], [8, 4, 9, 3], [10, 14, 11, 13], [12, 17, 13, 18], [14, 23, 15, 24], [16, 20, 17, 19], [18, 11, 19, 12], [20, 6, 21, 5]]"
12a_0132_102,"[[20, 6, 21, 5], [22, 7, 23, 8], [24, 15, 1, 16], [2, 22, 3, 21], [4, 10, 5, 9], [6, 1, 7, 2], [8, 4, 9, 3], [10, 14, 11, 13], [12, 17, 13, 18], [14, 23, 15, 24], [16, 20, 17, 19], [18, 11, 19, 12]]"
12a_0132_103,"[[18, 11, 19, 12], [20, 6, 21, 5], [22, 7, 23, 8], [24, 15, 1, 16], [2, 22, 3, 21], [4, 10, 5, 9], [6, 1, 7, 2], [8, 4, 9, 3], [10, 14, 11, 13], [12, 17, 13, 18], [14, 23, 15, 24], [16, 20, 17, 19]]"
12a_0132_104,"[[16, 20, 17, 19], [18, 11, 19, 12], [20, 6, 21, 5], [22, 7, 23, 8], [24, 15, 1, 16], [2, 22, 3, 21], [4, 10, 5, 9], [6, 1, 7, 2], [8, 4, 9, 3], [10, 14, 11, 13], [12, 17, 13, 18], [14, 23, 15, 24]]"
12a_0132_105,"[[14, 23, 15, 24], [16, 20, 17, 19], [18, 11, 19, 12], [20, 6, 21, 5], [22, 7, 23, 8], [24, 15, 1, 16], [2, 22, 3, 21], [4, 10, 5, 9], [6, 1, 7, 2], [8, 4, 9, 3], [10, 14, 11, 13], [12, 17, 13, 18]]"
12a_0132_106,"[[12, 17, 13, 18], [14, 23, 15, 24], [16, 20, 17, 19], [18, 11, 19, 12], [20, 6, 21, 5], [22, 7, 23, 8], [24, 15, 1, 16], [2, 22, 3, 21], [4, 10, 5, 9], [6, 1, 7, 2], [8, 4, 9, 3], [10, 14, 11, 13]]"
12a_0132_107,"[[10, 14, 11, 13], [12, 17, 13, 18], [14, 23, 15, 24], [16, 20, 17, 19], [18, 11, 19, 12], [20, 6, 21, 5], [22, 7, 23, 8], [24, 15, 1, 16], [2, 22, 3, 21], [4, 10, 5, 9], [6, 1, 7, 2], [8, 4, 9, 3]]"
12a_0132_108,"[[9, 5, 10, 4], [11, 15, 12, 14], [13, 18, 14, 19], [15, 24, 16, 1], [17, 21, 18, 20], [19, 12, 20, 13], [21, 7, 22, 6], [23, 8, 24, 9], [1, 16, 2, 17], [3, 23, 4, 22], [5, 11, 6, 10], [7, 2, 8, 3]]"
12a_0132_109,"[[7, 2, 8, 3], [9, 5, 10, 4], [11, 15, 12, 14], [13, 18, 14, 19], [15, 24, 16, 1], [17, 21, 18, 20], [19, 12, 20, 13], [21, 7, 22, 6], [23, 8, 24, 9], [1, 16, 2, 17], [3, 23, 4, 22], [5, 11, 6, 10]]"
12a_0132_110,"[[5, 11, 6, 10], [7, 2, 8, 3], [9, 5, 10, 4], [11, 15, 12, 14], [13, 18, 14, 19], [15, 24, 16, 1], [17, 21, 18, 20], [19, 12, 20, 13], [21, 7, 22, 6], [23, 8, 24, 9], [1, 16, 2, 17], [3, 23, 4, 22]]"
12a_0132_111,"[[3, 23, 4, 22], [5, 11, 6, 10], [7, 2, 8, 3], [9, 5, 10, 4], [11, 15, 12, 14], [13, 18, 14, 19], [15, 24, 16, 1], [17, 21, 18, 20], [19, 12, 20, 13], [21, 7, 22, 6], [23, 8, 24, 9], [1, 16, 2, 17]]"
12a_0132_112,"[[1, 16, 2, 17], [3, 23, 4, 22], [5, 11, 6, 10], [7, 2, 8, 3], [9, 5, 10, 4], [11, 15, 12, 14], [13, 18, 14, 19], [15, 24, 16, 1], [17, 21, 18, 20], [19, 12, 20, 13], [21, 7, 22, 6], [23, 8, 24, 9]]"
12a_0132_113,"[[23, 8, 24, 9], [1, 16, 2, 17], [3, 23, 4, 22], [5, 11, 6, 10], [7, 2, 8, 3], [9, 5, 10, 4], [11, 15, 12, 14], [13, 18, 14, 19], [15, 24, 16, 1], [17, 21, 18, 20], [19, 12, 20, 13], [21, 7, 22, 6]]"
12a_0132_114,"[[21, 7, 22, 6], [23, 8, 24, 9], [1, 16, 2, 17], [3, 23, 4, 22], [5, 11, 6, 10], [7, 2, 8, 3], [9, 5, 10, 4], [11, 15, 12, 14], [13, 18, 14, 19], [15, 24, 16, 1], [17, 21, 18, 20], [19, 12, 20, 13]]"
12a_0132_115,"[[19, 12, 20, 13], [21, 7, 22, 6], [23, 8, 24, 9], [1, 16, 2, 17], [3, 23, 4, 22], [5, 11, 6, 10], [7, 2, 8, 3], [9, 5, 10, 4], [11, 15, 12, 14], [13, 18, 14, 19], [15, 24, 16, 1], [17, 21, 18, 20]]"
12a_0132_116,"[[17, 21, 18, 20], [19, 12, 20, 13], [21, 7, 22, 6], [23, 8, 24, 9], [1, 16, 2, 17], [3, 23, 4, 22], [5, 11, 6, 10], [7, 2, 8, 3], [9, 5, 10, 4], [11, 15, 12, 14], [13, 18, 14, 19], [15, 24, 16, 1]]"
12a_0132_117,"[[15, 24, 16, 1], [17, 21, 18, 20], [19, 12, 20, 13], [21, 7, 22, 6], [23, 8, 24, 9], [1, 16, 2, 17], [3, 23, 4, 22], [5, 11, 6, 10], [7, 2, 8, 3], [9, 5, 10, 4], [11, 15, 12, 14], [13, 18, 14, 19]]"
12a_0132_118,"[[13, 18, 14, 19], [15, 24, 16, 1], [17, 21, 18, 20], [19, 12, 20, 13], [21, 7, 22, 6], [23, 8, 24, 9], [1, 16, 2, 17], [3, 23, 4, 22], [5, 11, 6, 10], [7, 2, 8, 3], [9, 5, 10, 4], [11, 15, 12, 14]]"
12a_0132_119,"[[11, 15, 12, 14], [13, 18, 14, 19], [15, 24, 16, 1], [17, 21, 18, 20], [19, 12, 20, 13], [21, 7, 22, 6], [23, 8, 24, 9], [1, 16, 2, 17], [3, 23, 4, 22], [5, 11, 6, 10], [7, 2, 8, 3], [9, 5, 10, 4]]"
12a_0132_120,"[[10, 6, 11, 5], [12, 16, 13, 15], [14, 19, 15, 20], [16, 1, 17, 2], [18, 22, 19, 21], [20, 13, 21, 14], [22, 8, 23, 7], [24, 9, 1, 10], [2, 17, 3, 18], [4, 24, 5, 23], [6, 12, 7, 11], [8, 3, 9, 4]]"
12a_0132_121,"[[8, 3, 9, 4], [10, 6, 11, 5], [12, 16, 13, 15], [14, 19, 15, 20], [16, 1, 17, 2], [18, 22, 19, 21], [20, 13, 21, 14], [22, 8, 23, 7], [24, 9, 1, 10], [2, 17, 3, 18], [4, 24, 5, 23], [6, 12, 7, 11]]"
12a_0132_122,"[[6, 12, 7, 11], [8, 3, 9, 4], [10, 6, 11, 5], [12, 16, 13, 15], [14, 19, 15, 20], [16, 1, 17, 2], [18, 22, 19, 21], [20, 13, 21, 14], [22, 8, 23, 7], [24, 9, 1, 10], [2, 17, 3, 18], [4, 24, 5, 23]]"
12a_0132_123,"[[4, 24, 5, 23], [6, 12, 7, 11], [8, 3, 9, 4], [10, 6, 11, 5], [12, 16, 13, 15], [14, 19, 15, 20], [16, 1, 17, 2], [18, 22, 19, 21], [20, 13, 21, 14], [22, 8, 23, 7], [24, 9, 1, 10], [2, 17, 3, 18]]"
12a_0132_124,"[[2, 17, 3, 18], [4, 24, 5, 23], [6, 12, 7, 11], [8, 3, 9, 4], [10, 6, 11, 5], [12, 16, 13, 15], [14, 19, 15, 20], [16, 1, 17, 2], [18, 22, 19, 21], [20, 13, 21, 14], [22, 8, 23, 7], [24, 9, 1, 10]]"
12a_0132_125,"[[24, 9, 1, 10], [2, 17, 3, 18], [4, 24, 5, 23], [6, 12, 7, 11], [8, 3, 9, 4], [10, 6, 11, 5], [12, 16, 13, 15], [14, 19, 15, 20], [16, 1, 17, 2], [18, 22, 19, 21], [20, 13, 21, 14], [22, 8, 23, 7]]"
12a_0132_126,"[[22, 8, 23, 7], [24, 9, 1, 10], [2, 17, 3, 18], [4, 24, 5, 23], [6, 12, 7, 11], [8, 3, 9, 4], [10, 6, 11, 5], [12, 16, 13, 15], [14, 19, 15, 20], [16, 1, 17, 2], [18, 22, 19, 21], [20, 13, 21, 14]]"
12a_0132_127,"[[20, 13, 21, 14], [22, 8, 23, 7], [24, 9, 1, 10], [2, 17, 3, 18], [4, 24, 5, 23], [6, 12, 7, 11], [8, 3, 9, 4], [10, 6, 11, 5], [12, 16, 13, 15], [14, 19, 15, 20], [16, 1, 17, 2], [18, 22, 19, 21]]"
12a_0132_128,"[[18, 22, 19, 21], [20, 13, 21, 14], [22, 8, 23, 7], [24, 9, 1, 10], [2, 17, 3, 18], [4, 24, 5, 23], [6, 12, 7, 11], [8, 3, 9, 4], [10, 6, 11, 5], [12, 16, 13, 15], [14, 19, 15, 20], [16, 1, 17, 2]]"
12a_0132_129,"[[16, 1, 17, 2], [18, 22, 19, 21], [20, 13, 21, 14], [22, 8, 23, 7], [24, 9, 1, 10], [2, 17, 3, 18], [4, 24, 5, 23], [6, 12, 7, 11], [8, 3, 9, 4], [10, 6, 11, 5], [12, 16, 13, 15], [14, 19, 15, 20]]"
12a_0132_130,"[[14, 19, 15, 20], [16, 1, 17, 2], [18, 22, 19, 21], [20, 13, 21, 14], [22, 8, 23, 7], [24, 9, 1, 10], [2, 17, 3, 18], [4, 24, 5, 23], [6, 12, 7, 11], [8, 3, 9, 4], [10, 6, 11, 5], [12, 16, 13, 15]]"
12a_0132_131,"[[12, 16, 13, 15], [14, 19, 15, 20], [16, 1, 17, 2], [18, 22, 19, 21], [20, 13, 21, 14], [22, 8, 23, 7], [24, 9, 1, 10], [2, 17, 3, 18], [4, 24, 5, 23], [6, 12, 7, 11], [8, 3, 9, 4], [10, 6, 11, 5]]"
12a_0132_132,"[[11, 7, 12, 6], [13, 17, 14, 16], [15, 20, 16, 21], [17, 2, 18, 3], [19, 23, 20, 22], [21, 14, 22, 15], [23, 9, 24, 8], [1, 10, 2, 11], [3, 18, 4, 19], [5, 1, 6, 24], [7, 13, 8, 12], [9, 4, 10, 5]]"
12a_0132_133,"[[9, 4, 10, 5], [11, 7, 12, 6], [13, 17, 14, 16], [15, 20, 16, 21], [17, 2, 18, 3], [19, 23, 20, 22], [21, 14, 22, 15], [23, 9, 24, 8], [1, 10, 2, 11], [3, 18, 4, 19], [5, 1, 6, 24], [7, 13, 8, 12]]"
12a_0132_134,"[[7, 13, 8, 12], [9, 4, 10, 5], [11, 7, 12, 6], [13, 17, 14, 16], [15, 20, 16, 21], [17, 2, 18, 3], [19, 23, 20, 22], [21, 14, 22, 15], [23, 9, 24, 8], [1, 10, 2, 11], [3, 18, 4, 19], [5, 1, 6, 24]]"
12a_0132_135,"[[5, 1, 6, 24], [7, 13, 8, 12], [9, 4, 10, 5], [11, 7, 12, 6], [13, 17, 14, 16], [15, 20, 16, 21], [17, 2, 18, 3], [19, 23, 20, 22], [21, 14, 22, 15], [23, 9, 24, 8], [1, 10, 2, 11], [3, 18, 4, 19]]"
12a_0132_136,"[[3, 18, 4, 19], [5, 1, 6, 24], [7, 13, 8, 12], [9, 4, 10, 5], [11, 7, 12, 6], [13, 17, 14, 16], [15, 20, 16, 21], [17, 2, 18, 3], [19, 23, 20, 22], [21, 14, 22, 15], [23, 9, 24, 8], [1, 10, 2, 11]]"
12a_0132_137,"[[1, 10, 2, 11], [3, 18, 4, 19], [5, 1, 6, 24], [7, 13, 8, 12], [9, 4, 10, 5], [11, 7, 12, 6], [13, 17, 14, 16], [15, 20, 16, 21], [17, 2, 18, 3], [19, 23, 20, 22], [21, 14, 22, 15], [23, 9, 24, 8]]"
12a_0132_138,"[[23, 9, 24, 8], [1, 10, 2, 11], [3, 18, 4, 19], [5, 1, 6, 24], [7, 13, 8, 12], [9, 4, 10, 5], [11, 7, 12, 6], [13, 17, 14, 16], [15, 20, 16, 21], [17, 2, 18, 3], [19, 23, 20, 22], [21, 14, 22, 15]]"
12a_0132_139,"[[21, 14, 22, 15], [23, 9, 24, 8], [1, 10, 2, 11], [3, 18, 4, 19], [5, 1, 6, 24], [7, 13, 8, 12], [9, 4, 10, 5], [11, 7, 12, 6], [13, 17, 14, 16], [15, 20, 16, 21], [17, 2, 18, 3], [19, 23, 20, 22]]"
12a_0132_140,"[[19, 23, 20, 22], [21, 14, 22, 15], [23, 9, 24, 8], [1, 10, 2, 11], [3, 18, 4, 19], [5, 1, 6, 24], [7, 13, 8, 12], [9, 4, 10, 5], [11, 7, 12, 6], [13, 17, 14, 16], [15, 20, 16, 21], [17, 2, 18, 3]]"
12a_0132_141,"[[17, 2, 18, 3], [19, 23, 20, 22], [21, 14, 22, 15], [23, 9, 24, 8], [1, 10, 2, 11], [3, 18, 4, 19], [5, 1, 6, 24], [7, 13, 8, 12], [9, 4, 10, 5], [11, 7, 12, 6], [13, 17, 14, 16], [15, 20, 16, 21]]"
12a_0132_142,"[[15, 20, 16, 21], [17, 2, 18, 3], [19, 23, 20, 22], [21, 14, 22, 15], [23, 9, 24, 8], [1, 10, 2, 11], [3, 18, 4, 19], [5, 1, 6, 24], [7, 13, 8, 12], [9, 4, 10, 5], [11, 7, 12, 6], [13, 17, 14, 16]]"
12a_0132_143,"[[13, 17, 14, 16], [15, 20, 16, 21], [17, 2, 18, 3], [19, 23, 20, 22], [21, 14, 22, 15], [23, 9, 24, 8], [1, 10, 2, 11], [3, 18, 4, 19], [5, 1, 6, 24], [7, 13, 8, 12], [9, 4, 10, 5], [11, 7, 12, 6]]"
12a_0132_144,"[[12, 8, 13, 7], [14, 18, 15, 17], [16, 21, 17, 22], [18, 3, 19, 4], [20, 24, 21, 23], [22, 15, 23, 16], [24, 10, 1, 9], [2, 11, 3, 12], [4, 19, 5, 20], [6, 2, 7, 1], [8, 14, 9, 13], [10, 5, 11, 6]]"
12a_0132_145,"[[10, 5, 11, 6], [12, 8, 13, 7], [14, 18, 15, 17], [16, 21, 17, 22], [18, 3, 19, 4], [20, 24, 21, 23], [22, 15, 23, 16], [24, 10, 1, 9], [2, 11, 3, 12], [4, 19, 5, 20], [6, 2, 7, 1], [8, 14, 9, 13]]"
12a_0132_146,"[[8, 14, 9, 13], [10, 5, 11, 6], [12, 8, 13, 7], [14, 18, 15, 17], [16, 21, 17, 22], [18, 3, 19, 4], [20, 24, 21, 23], [22, 15, 23, 16], [24, 10, 1, 9], [2, 11, 3, 12], [4, 19, 5, 20], [6, 2, 7, 1]]"
12a_0132_147,"[[6, 2, 7, 1], [8, 14, 9, 13], [10, 5, 11, 6], [12, 8, 13, 7], [14, 18, 15, 17], [16, 21, 17, 22], [18, 3, 19, 4], [20, 24, 21, 23], [22, 15, 23, 16], [24, 10, 1, 9], [2, 11, 3, 12], [4, 19, 5, 20]]"
12a_0132_148,"[[4, 19, 5, 20], [6, 2, 7, 1], [8, 14, 9, 13], [10, 5, 11, 6], [12, 8, 13, 7], [14, 18, 15, 17], [16, 21, 17, 22], [18, 3, 19, 4], [20, 24, 21, 23], [22, 15, 23, 16], [24, 10, 1, 9], [2, 11, 3, 12]]"
12a_0132_149,"[[2, 11, 3, 12], [4, 19, 5, 20], [6, 2, 7, 1], [8, 14, 9, 13], [10, 5, 11, 6], [12, 8, 13, 7], [14, 18, 15, 17], [16, 21, 17, 22], [18, 3, 19, 4], [20, 24, 21, 23], [22, 15, 23, 16], [24, 10, 1, 9]]"
12a_0132_150,"[[24, 10, 1, 9], [2, 11, 3, 12], [4, 19, 5, 20], [6, 2, 7, 1], [8, 14, 9, 13], [10, 5, 11, 6], [12, 8, 13, 7], [14, 18, 15, 17], [16, 21, 17, 22], [18, 3, 19, 4], [20, 24, 21, 23], [22, 15, 23, 16]]"
12a_0132_151,"[[22, 15, 23, 16], [24, 10, 1, 9], [2, 11, 3, 12], [4, 19, 5, 20], [6, 2, 7, 1], [8, 14, 9, 13], [10, 5, 11, 6], [12, 8, 13, 7], [14, 18, 15, 17], [16, 21, 17, 22], [18, 3, 19, 4], [20, 24, 21, 23]]"
12a_0132_152,"[[20, 24, 21, 23], [22, 15, 23, 16], [24, 10, 1, 9], [2, 11, 3, 12], [4, 19, 5, 20], [6, 2, 7, 1], [8, 14, 9, 13], [10, 5, 11, 6], [12, 8, 13, 7], [14, 18, 15, 17], [16, 21, 17, 22], [18, 3, 19, 4]]"
12a_0132_153,"[[18, 3, 19, 4], [20, 24, 21, 23], [22, 15, 23, 16], [24, 10, 1, 9], [2, 11, 3, 12], [4, 19, 5, 20], [6, 2, 7, 1], [8, 14, 9, 13], [10, 5, 11, 6], [12, 8, 13, 7], [14, 18, 15, 17], [16, 21, 17, 22]]"
12a_0132_154,"[[16, 21, 17, 22], [18, 3, 19, 4], [20, 24, 21, 23], [22, 15, 23, 16], [24, 10, 1, 9], [2, 11, 3, 12], [4, 19, 5, 20], [6, 2, 7, 1], [8, 14, 9, 13], [10, 5, 11, 6], [12, 8, 13, 7], [14, 18, 15, 17]]"
12a_0132_155,"[[14, 18, 15, 17], [16, 21, 17, 22], [18, 3, 19, 4], [20, 24, 21, 23], [22, 15, 23, 16], [24, 10, 1, 9], [2, 11, 3, 12], [4, 19, 5, 20], [6, 2, 7, 1], [8, 14, 9, 13], [10, 5, 11, 6], [12, 8, 13, 7]]"
12a_0132_156,"[[13, 9, 14, 8], [15, 19, 16, 18], [17, 22, 18, 23], [19, 4, 20, 5], [21, 1, 22, 24], [23, 16, 24, 17], [1, 11, 2, 10], [3, 12, 4, 13], [5, 20, 6, 21], [7, 3, 8, 2], [9, 15, 10, 14], [11, 6, 12, 7]]"
12a_0132_157,"[[11, 6, 12, 7], [13, 9, 14, 8], [15, 19, 16, 18], [17, 22, 18, 23], [19, 4, 20, 5], [21, 1, 22, 24], [23, 16, 24, 17], [1, 11, 2, 10], [3, 12, 4, 13], [5, 20, 6, 21], [7, 3, 8, 2], [9, 15, 10, 14]]"
12a_0132_158,"[[9, 15, 10, 14], [11, 6, 12, 7], [13, 9, 14, 8], [15, 19, 16, 18], [17, 22, 18, 23], [19, 4, 20, 5], [21, 1, 22, 24], [23, 16, 24, 17], [1, 11, 2, 10], [3, 12, 4, 13], [5, 20, 6, 21], [7, 3, 8, 2]]"
12a_0132_159,"[[7, 3, 8, 2], [9, 15, 10, 14], [11, 6, 12, 7], [13, 9, 14, 8], [15, 19, 16, 18], [17, 22, 18, 23], [19, 4, 20, 5], [21, 1, 22, 24], [23, 16, 24, 17], [1, 11, 2, 10], [3, 12, 4, 13], [5, 20, 6, 21]]"
12a_0132_160,"[[5, 20, 6, 21], [7, 3, 8, 2], [9, 15, 10, 14], [11, 6, 12, 7], [13, 9, 14, 8], [15, 19, 16, 18], [17, 22, 18, 23], [19, 4, 20, 5], [21, 1, 22, 24], [23, 16, 24, 17], [1, 11, 2, 10], [3, 12, 4, 13]]"
12a_0132_161,"[[3, 12, 4, 13], [5, 20, 6, 21], [7, 3, 8, 2], [9, 15, 10, 14], [11, 6, 12, 7], [13, 9, 14, 8], [15, 19, 16, 18], [17, 22, 18, 23], [19, 4, 20, 5], [21, 1, 22, 24], [23, 16, 24, 17], [1, 11, 2, 10]]"
12a_0132_162,"[[1, 11, 2, 10], [3, 12, 4, 13], [5, 20, 6, 21], [7, 3, 8, 2], [9, 15, 10, 14], [11, 6, 12, 7], [13, 9, 14, 8], [15, 19, 16, 18], [17, 22, 18, 23], [19, 4, 20, 5], [21, 1, 22, 24], [23, 16, 24, 17]]"
12a_0132_163,"[[23, 16, 24, 17], [1, 11, 2, 10], [3, 12, 4, 13], [5, 20, 6, 21], [7, 3, 8, 2], [9, 15, 10, 14], [11, 6, 12, 7], [13, 9, 14, 8], [15, 19, 16, 18], [17, 22, 18, 23], [19, 4, 20, 5], [21, 1, 22, 24]]"
12a_0132_164,"[[21, 1, 22, 24], [23, 16, 24, 17], [1, 11, 2, 10], [3, 12, 4, 13], [5, 20, 6, 21], [7, 3, 8, 2], [9, 15, 10, 14], [11, 6, 12, 7], [13, 9, 14, 8], [15, 19, 16, 18], [17, 22, 18, 23], [19, 4, 20, 5]]"
12a_0132_165,"[[19, 4, 20, 5], [21, 1, 22, 24], [23, 16, 24, 17], [1, 11, 2, 10], [3, 12, 4, 13], [5, 20, 6, 21], [7, 3, 8, 2], [9, 15, 10, 14], [11, 6, 12, 7], [13, 9, 14, 8], [15, 19, 16, 18], [17, 22, 18, 23]]"
12a_0132_166,"[[17, 22, 18, 23], [19, 4, 20, 5], [21, 1, 22, 24], [23, 16, 24, 17], [1, 11, 2, 10], [3, 12, 4, 13], [5, 20, 6, 21], [7, 3, 8, 2], [9, 15, 10, 14], [11, 6, 12, 7], [13, 9, 14, 8], [15, 19, 16, 18]]"
12a_0132_167,"[[15, 19, 16, 18], [17, 22, 18, 23], [19, 4, 20, 5], [21, 1, 22, 24], [23, 16, 24, 17], [1, 11, 2, 10], [3, 12, 4, 13], [5, 20, 6, 21], [7, 3, 8, 2], [9, 15, 10, 14], [11, 6, 12, 7], [13, 9, 14, 8]]"
12a_0132_168,"[[14, 10, 15, 9], [16, 20, 17, 19], [18, 23, 19, 24], [20, 5, 21, 6], [22, 2, 23, 1], [24, 17, 1, 18], [2, 12, 3, 11], [4, 13, 5, 14], [6, 21, 7, 22], [8, 4, 9, 3], [10, 16, 11, 15], [12, 7, 13, 8]]"
12a_0132_169,"[[12, 7, 13, 8], [14, 10, 15, 9], [16, 20, 17, 19], [18, 23, 19, 24], [20, 5, 21, 6], [22, 2, 23, 1], [24, 17, 1, 18], [2, 12, 3, 11], [4, 13, 5, 14], [6, 21, 7, 22], [8, 4, 9, 3], [10, 16, 11, 15]]"
12a_0132_170,"[[10, 16, 11, 15], [12, 7, 13, 8], [14, 10, 15, 9], [16, 20, 17, 19], [18, 23, 19, 24], [20, 5, 21, 6], [22, 2, 23, 1], [24, 17, 1, 18], [2, 12, 3, 11], [4, 13, 5, 14], [6, 21, 7, 22], [8, 4, 9, 3]]"
12a_0132_171,"[[8, 4, 9, 3], [10, 16, 11, 15], [12, 7, 13, 8], [14, 10, 15, 9], [16, 20, 17, 19], [18, 23, 19, 24], [20, 5, 21, 6], [22, 2, 23, 1], [24, 17, 1, 18], [2, 12, 3, 11], [4, 13, 5, 14], [6, 21, 7, 22]]"
12a_0132_172,"[[6, 21, 7, 22], [8, 4, 9, 3], [10, 16, 11, 15], [12, 7, 13, 8], [14, 10, 15, 9], [16, 20, 17, 19], [18, 23, 19, 24], [20, 5, 21, 6], [22, 2, 23, 1], [24, 17, 1, 18], [2, 12, 3, 11], [4, 13, 5, 14]]"
12a_0132_173,"[[4, 13, 5, 14], [6, 21, 7, 22], [8, 4, 9, 3], [10, 16, 11, 15], [12, 7, 13, 8], [14, 10, 15, 9], [16, 20, 17, 19], [18, 23, 19, 24], [20, 5, 21, 6], [22, 2, 23, 1], [24, 17, 1, 18], [2, 12, 3, 11]]"
12a_0132_174,"[[2, 12, 3, 11], [4, 13, 5, 14], [6, 21, 7, 22], [8, 4, 9, 3], [10, 16, 11, 15], [12, 7, 13, 8], [14, 10, 15, 9], [16, 20, 17, 19], [18, 23, 19, 24], [20, 5, 21, 6], [22, 2, 23, 1], [24, 17, 1, 18]]"
12a_0132_175,"[[24, 17, 1, 18], [2, 12, 3, 11], [4, 13, 5, 14], [6, 21, 7, 22], [8, 4, 9, 3], [10, 16, 11, 15], [12, 7, 13, 8], [14, 10, 15, 9], [16, 20, 17, 19], [18, 23, 19, 24], [20, 5, 21, 6], [22, 2, 23, 1]]"
12a_0132_176,"[[22, 2, 23, 1], [24, 17, 1, 18], [2, 12, 3, 11], [4, 13, 5, 14], [6, 21, 7, 22], [8, 4, 9, 3], [10, 16, 11, 15], [12, 7, 13, 8], [14, 10, 15, 9], [16, 20, 17, 19], [18, 23, 19, 24], [20, 5, 21, 6]]"
12a_0132_177,"[[20, 5, 21, 6], [22, 2, 23, 1], [24, 17, 1, 18], [2, 12, 3, 11], [4, 13, 5, 14], [6, 21, 7, 22], [8, 4, 9, 3], [10, 16, 11, 15], [12, 7, 13, 8], [14, 10, 15, 9], [16, 20, 17, 19], [18, 23, 19, 24]]"
12a_0132_178,"[[18, 23, 19, 24], [20, 5, 21, 6], [22, 2, 23, 1], [24, 17, 1, 18], [2, 12, 3, 11], [4, 13, 5, 14], [6, 21, 7, 22], [8, 4, 9, 3], [10, 16, 11, 15], [12, 7, 13, 8], [14, 10, 15, 9], [16, 20, 17, 19]]"
12a_0132_179,"[[16, 20, 17, 19], [18, 23, 19, 24], [20, 5, 21, 6], [22, 2, 23, 1], [24, 17, 1, 18], [2, 12, 3, 11], [4, 13, 5, 14], [6, 21, 7, 22], [8, 4, 9, 3], [10, 16, 11, 15], [12, 7, 13, 8], [14, 10, 15, 9]]"
12a_0132_180,"[[15, 11, 16, 10], [17, 21, 18, 20], [19, 24, 20, 1], [21, 6, 22, 7], [23, 3, 24, 2], [1, 18, 2, 19], [3, 13, 4, 12], [5, 14, 6, 15], [7, 22, 8, 23], [9, 5, 10, 4], [11, 17, 12, 16], [13, 8, 14, 9]]"
12a_0132_181,"[[13, 8, 14, 9], [15, 11, 16, 10], [17, 21, 18, 20], [19, 24, 20, 1], [21, 6, 22, 7], [23, 3, 24, 2], [1, 18, 2, 19], [3, 13, 4, 12], [5, 14, 6, 15], [7, 22, 8, 23], [9, 5, 10, 4], [11, 17, 12, 16]]"
12a_0132_182,"[[11, 17, 12, 16], [13, 8, 14, 9], [15, 11, 16, 10], [17, 21, 18, 20], [19, 24, 20, 1], [21, 6, 22, 7], [23, 3, 24, 2], [1, 18, 2, 19], [3, 13, 4, 12], [5, 14, 6, 15], [7, 22, 8, 23], [9, 5, 10, 4]]"
12a_0132_183,"[[9, 5, 10, 4], [11, 17, 12, 16], [13, 8, 14, 9], [15, 11, 16, 10], [17, 21, 18, 20], [19, 24, 20, 1], [21, 6, 22, 7], [23, 3, 24, 2], [1, 18, 2, 19], [3, 13, 4, 12], [5, 14, 6, 15], [7, 22, 8, 23]]"
12a_0132_184,"[[7, 22, 8, 23], [9, 5, 10, 4], [11, 17, 12, 16], [13, 8, 14, 9], [15, 11, 16, 10], [17, 21, 18, 20], [19, 24, 20, 1], [21, 6, 22, 7], [23, 3, 24, 2], [1, 18, 2, 19], [3, 13, 4, 12], [5, 14, 6, 15]]"
12a_0132_185,"[[5, 14, 6, 15], [7, 22, 8, 23], [9, 5, 10, 4], [11, 17, 12, 16], [13, 8, 14, 9], [15, 11, 16, 10], [17, 21, 18, 20], [19, 24, 20, 1], [21, 6, 22, 7], [23, 3, 24, 2], [1, 18, 2, 19], [3, 13, 4, 12]]"
