name,pd_notation
12a_0410_0,"[[24, 7, 1, 8], [2, 6, 3, 5], [4, 12, 5, 11], [6, 18, 7, 17], [8, 23, 9, 24], [10, 4, 11, 3], [12, 20, 13, 19], [14, 22, 15, 21], [16, 10, 17, 9], [18, 2, 19, 1], [20, 16, 21, 15], [22, 14, 23, 13]]"
12a_0410_1,"[[22, 14, 23, 13], [24, 7, 1, 8], [2, 6, 3, 5], [4, 12, 5, 11], [6, 18, 7, 17], [8, 23, 9, 24], [10, 4, 11, 3], [12, 20, 13, 19], [14, 22, 15, 21], [16, 10, 17, 9], [18, 2, 19, 1], [20, 16, 21, 15]]"
12a_0410_2,"[[20, 16, 21, 15], [22, 14, 23, 13], [24, 7, 1, 8], [2, 6, 3, 5], [4, 12, 5, 11], [6, 18, 7, 17], [8, 23, 9, 24], [10, 4, 11, 3], [12, 20, 13, 19], [14, 22, 15, 21], [16, 10, 17, 9], [18, 2, 19, 1]]"
12a_0410_3,"[[18, 2, 19, 1], [20, 16, 21, 15], [22, 14, 23, 13], [24, 7, 1, 8], [2, 6, 3, 5], [4, 12, 5, 11], [6, 18, 7, 17], [8, 23, 9, 24], [10, 4, 11, 3], [12, 20, 13, 19], [14, 22, 15, 21], [16, 10, 17, 9]]"
12a_0410_4,"[[16, 10, 17, 9], [18, 2, 19, 1], [20, 16, 21, 15], [22, 14, 23, 13], [24, 7, 1, 8], [2, 6, 3, 5], [4, 12, 5, 11], [6, 18, 7, 17], [8, 23, 9, 24], [10, 4, 11, 3], [12, 20, 13, 19], [14, 22, 15, 21]]"
12a_0410_5,"[[14, 22, 15, 21], [16, 10, 17, 9], [18, 2, 19, 1], [20, 16, 21, 15], [22, 14, 23, 13], [24, 7, 1, 8], [2, 6, 3, 5], [4, 12, 5, 11], [6, 18, 7, 17], [8, 23, 9, 24], [10, 4, 11, 3], [12, 20, 13, 19]]"
12a_0410_6,"[[12, 20, 13, 19], [14, 22, 15, 21], [16, 10, 17, 9], [18, 2, 19, 1], [20, 16, 21, 15], [22, 14, 23, 13], [24, 7, 1, 8], [2, 6, 3, 5], [4, 12, 5, 11], [6, 18, 7, 17], [8, 23, 9, 24], [10, 4, 11, 3]]"
12a_0410_7,"[[10, 4, 11, 3], [12, 20, 13, 19], [14, 22, 15, 21], [16, 10, 17, 9], [18, 2, 19, 1], [20, 16, 21, 15], [22, 14, 23, 13], [24, 7, 1, 8], [2, 6, 3, 5], [4, 12, 5, 11], [6, 18, 7, 17], [8, 23, 9, 24]]"
12a_0410_8,"[[8, 23, 9, 24], [10, 4, 11, 3], [12, 20, 13, 19], [14, 22, 15, 21], [16, 10, 17, 9], [18, 2, 19, 1], [20, 16, 21, 15], [22, 14, 23, 13], [24, 7, 1, 8], [2, 6, 3, 5], [4, 12, 5, 11], [6, 18, 7, 17]]"
12a_0410_9,"[[6, 18, 7, 17], [8, 23, 9, 24], [10, 4, 11, 3], [12, 20, 13, 19], [14, 22, 15, 21], [16, 10, 17, 9], [18, 2, 19, 1], [20, 16, 21, 15], [22, 14, 23, 13], [24, 7, 1, 8], [2, 6, 3, 5], [4, 12, 5, 11]]"
12a_0410_10,"[[4, 12, 5, 11], [6, 18, 7, 17], [8, 23, 9, 24], [10, 4, 11, 3], [12, 20, 13, 19], [14, 22, 15, 21], [16, 10, 17, 9], [18, 2, 19, 1], [20, 16, 21, 15], [22, 14, 23, 13], [24, 7, 1, 8], [2, 6, 3, 5]]"
12a_0410_11,"[[2, 6, 3, 5], [4, 12, 5, 11], [6, 18, 7, 17], [8, 23, 9, 24], [10, 4, 11, 3], [12, 20, 13, 19], [14, 22, 15, 21], [16, 10, 17, 9], [18, 2, 19, 1], [20, 16, 21, 15], [22, 14, 23, 13], [24, 7, 1, 8]]"
12a_0410_12,"[[1, 8, 2, 9], [3, 7, 4, 6], [5, 13, 6, 12], [7, 19, 8, 18], [9, 24, 10, 1], [11, 5, 12, 4], [13, 21, 14, 20], [15, 23, 16, 22], [17, 11, 18, 10], [19, 3, 20, 2], [21, 17, 22, 16], [23, 15, 24, 14]]"
12a_0410_13,"[[23, 15, 24, 14], [1, 8, 2, 9], [3, 7, 4, 6], [5, 13, 6, 12], [7, 19, 8, 18], [9, 24, 10, 1], [11, 5, 12, 4], [13, 21, 14, 20], [15, 23, 16, 22], [17, 11, 18, 10], [19, 3, 20, 2], [21, 17, 22, 16]]"
12a_0410_14,"[[21, 17, 22, 16], [23, 15, 24, 14], [1, 8, 2, 9], [3, 7, 4, 6], [5, 13, 6, 12], [7, 19, 8, 18], [9, 24, 10, 1], [11, 5, 12, 4], [13, 21, 14, 20], [15, 23, 16, 22], [17, 11, 18, 10], [19, 3, 20, 2]]"
12a_0410_15,"[[19, 3, 20, 2], [21, 17, 22, 16], [23, 15, 24, 14], [1, 8, 2, 9], [3, 7, 4, 6], [5, 13, 6, 12], [7, 19, 8, 18], [9, 24, 10, 1], [11, 5, 12, 4], [13, 21, 14, 20], [15, 23, 16, 22], [17, 11, 18, 10]]"
12a_0410_16,"[[17, 11, 18, 10], [19, 3, 20, 2], [21, 17, 22, 16], [23, 15, 24, 14], [1, 8, 2, 9], [3, 7, 4, 6], [5, 13, 6, 12], [7, 19, 8, 18], [9, 24, 10, 1], [11, 5, 12, 4], [13, 21, 14, 20], [15, 23, 16, 22]]"
12a_0410_17,"[[15, 23, 16, 22], [17, 11, 18, 10], [19, 3, 20, 2], [21, 17, 22, 16], [23, 15, 24, 14], [1, 8, 2, 9], [3, 7, 4, 6], [5, 13, 6, 12], [7, 19, 8, 18], [9, 24, 10, 1], [11, 5, 12, 4], [13, 21, 14, 20]]"
12a_0410_18,"[[13, 21, 14, 20], [15, 23, 16, 22], [17, 11, 18, 10], [19, 3, 20, 2], [21, 17, 22, 16], [23, 15, 24, 14], [1, 8, 2, 9], [3, 7, 4, 6], [5, 13, 6, 12], [7, 19, 8, 18], [9, 24, 10, 1], [11, 5, 12, 4]]"
12a_0410_19,"[[11, 5, 12, 4], [13, 21, 14, 20], [15, 23, 16, 22], [17, 11, 18, 10], [19, 3, 20, 2], [21, 17, 22, 16], [23, 15, 24, 14], [1, 8, 2, 9], [3, 7, 4, 6], [5, 13, 6, 12], [7, 19, 8, 18], [9, 24, 10, 1]]"
12a_0410_20,"[[9, 24, 10, 1], [11, 5, 12, 4], [13, 21, 14, 20], [15, 23, 16, 22], [17, 11, 18, 10], [19, 3, 20, 2], [21, 17, 22, 16], [23, 15, 24, 14], [1, 8, 2, 9], [3, 7, 4, 6], [5, 13, 6, 12], [7, 19, 8, 18]]"
12a_0410_21,"[[7, 19, 8, 18], [9, 24, 10, 1], [11, 5, 12, 4], [13, 21, 14, 20], [15, 23, 16, 22], [17, 11, 18, 10], [19, 3, 20, 2], [21, 17, 22, 16], [23, 15, 24, 14], [1, 8, 2, 9], [3, 7, 4, 6], [5, 13, 6, 12]]"
12a_0410_22,"[[5, 13, 6, 12], [7, 19, 8, 18], [9, 24, 10, 1], [11, 5, 12, 4], [13, 21, 14, 20], [15, 23, 16, 22], [17, 11, 18, 10], [19, 3, 20, 2], [21, 17, 22, 16], [23, 15, 24, 14], [1, 8, 2, 9], [3, 7, 4, 6]]"
12a_0410_23,"[[3, 7, 4, 6], [5, 13, 6, 12], [7, 19, 8, 18], [9, 24, 10, 1], [11, 5, 12, 4], [13, 21, 14, 20], [15, 23, 16, 22], [17, 11, 18, 10], [19, 3, 20, 2], [21, 17, 22, 16], [23, 15, 24, 14], [1, 8, 2, 9]]"
12a_0410_24,"[[2, 9, 3, 10], [4, 8, 5, 7], [6, 14, 7, 13], [8, 20, 9, 19], [10, 1, 11, 2], [12, 6, 13, 5], [14, 22, 15, 21], [16, 24, 17, 23], [18, 12, 19, 11], [20, 4, 21, 3], [22, 18, 23, 17], [24, 16, 1, 15]]"
12a_0410_25,"[[24, 16, 1, 15], [2, 9, 3, 10], [4, 8, 5, 7], [6, 14, 7, 13], [8, 20, 9, 19], [10, 1, 11, 2], [12, 6, 13, 5], [14, 22, 15, 21], [16, 24, 17, 23], [18, 12, 19, 11], [20, 4, 21, 3], [22, 18, 23, 17]]"
12a_0410_26,"[[22, 18, 23, 17], [24, 16, 1, 15], [2, 9, 3, 10], [4, 8, 5, 7], [6, 14, 7, 13], [8, 20, 9, 19], [10, 1, 11, 2], [12, 6, 13, 5], [14, 22, 15, 21], [16, 24, 17, 23], [18, 12, 19, 11], [20, 4, 21, 3]]"
12a_0410_27,"[[20, 4, 21, 3], [22, 18, 23, 17], [24, 16, 1, 15], [2, 9, 3, 10], [4, 8, 5, 7], [6, 14, 7, 13], [8, 20, 9, 19], [10, 1, 11, 2], [12, 6, 13, 5], [14, 22, 15, 21], [16, 24, 17, 23], [18, 12, 19, 11]]"
12a_0410_28,"[[18, 12, 19, 11], [20, 4, 21, 3], [22, 18, 23, 17], [24, 16, 1, 15], [2, 9, 3, 10], [4, 8, 5, 7], [6, 14, 7, 13], [8, 20, 9, 19], [10, 1, 11, 2], [12, 6, 13, 5], [14, 22, 15, 21], [16, 24, 17, 23]]"
12a_0410_29,"[[16, 24, 17, 23], [18, 12, 19, 11], [20, 4, 21, 3], [22, 18, 23, 17], [24, 16, 1, 15], [2, 9, 3, 10], [4, 8, 5, 7], [6, 14, 7, 13], [8, 20, 9, 19], [10, 1, 11, 2], [12, 6, 13, 5], [14, 22, 15, 21]]"
12a_0410_30,"[[14, 22, 15, 21], [16, 24, 17, 23], [18, 12, 19, 11], [20, 4, 21, 3], [22, 18, 23, 17], [24, 16, 1, 15], [2, 9, 3, 10], [4, 8, 5, 7], [6, 14, 7, 13], [8, 20, 9, 19], [10, 1, 11, 2], [12, 6, 13, 5]]"
12a_0410_31,"[[12, 6, 13, 5], [14, 22, 15, 21], [16, 24, 17, 23], [18, 12, 19, 11], [20, 4, 21, 3], [22, 18, 23, 17], [24, 16, 1, 15], [2, 9, 3, 10], [4, 8, 5, 7], [6, 14, 7, 13], [8, 20, 9, 19], [10, 1, 11, 2]]"
12a_0410_32,"[[10, 1, 11, 2], [12, 6, 13, 5], [14, 22, 15, 21], [16, 24, 17, 23], [18, 12, 19, 11], [20, 4, 21, 3], [22, 18, 23, 17], [24, 16, 1, 15], [2, 9, 3, 10], [4, 8, 5, 7], [6, 14, 7, 13], [8, 20, 9, 19]]"
12a_0410_33,"[[8, 20, 9, 19], [10, 1, 11, 2], [12, 6, 13, 5], [14, 22, 15, 21], [16, 24, 17, 23], [18, 12, 19, 11], [20, 4, 21, 3], [22, 18, 23, 17], [24, 16, 1, 15], [2, 9, 3, 10], [4, 8, 5, 7], [6, 14, 7, 13]]"
12a_0410_34,"[[6, 14, 7, 13], [8, 20, 9, 19], [10, 1, 11, 2], [12, 6, 13, 5], [14, 22, 15, 21], [16, 24, 17, 23], [18, 12, 19, 11], [20, 4, 21, 3], [22, 18, 23, 17], [24, 16, 1, 15], [2, 9, 3, 10], [4, 8, 5, 7]]"
12a_0410_35,"[[4, 8, 5, 7], [6, 14, 7, 13], [8, 20, 9, 19], [10, 1, 11, 2], [12, 6, 13, 5], [14, 22, 15, 21], [16, 24, 17, 23], [18, 12, 19, 11], [20, 4, 21, 3], [22, 18, 23, 17], [24, 16, 1, 15], [2, 9, 3, 10]]"
12a_0410_36,"[[3, 10, 4, 11], [5, 9, 6, 8], [7, 15, 8, 14], [9, 21, 10, 20], [11, 2, 12, 3], [13, 7, 14, 6], [15, 23, 16, 22], [17, 1, 18, 24], [19, 13, 20, 12], [21, 5, 22, 4], [23, 19, 24, 18], [1, 17, 2, 16]]"
12a_0410_37,"[[1, 17, 2, 16], [3, 10, 4, 11], [5, 9, 6, 8], [7, 15, 8, 14], [9, 21, 10, 20], [11, 2, 12, 3], [13, 7, 14, 6], [15, 23, 16, 22], [17, 1, 18, 24], [19, 13, 20, 12], [21, 5, 22, 4], [23, 19, 24, 18]]"
12a_0410_38,"[[23, 19, 24, 18], [1, 17, 2, 16], [3, 10, 4, 11], [5, 9, 6, 8], [7, 15, 8, 14], [9, 21, 10, 20], [11, 2, 12, 3], [13, 7, 14, 6], [15, 23, 16, 22], [17, 1, 18, 24], [19, 13, 20, 12], [21, 5, 22, 4]]"
12a_0410_39,"[[21, 5, 22, 4], [23, 19, 24, 18], [1, 17, 2, 16], [3, 10, 4, 11], [5, 9, 6, 8], [7, 15, 8, 14], [9, 21, 10, 20], [11, 2, 12, 3], [13, 7, 14, 6], [15, 23, 16, 22], [17, 1, 18, 24], [19, 13, 20, 12]]"
12a_0410_40,"[[19, 13, 20, 12], [21, 5, 22, 4], [23, 19, 24, 18], [1, 17, 2, 16], [3, 10, 4, 11], [5, 9, 6, 8], [7, 15, 8, 14], [9, 21, 10, 20], [11, 2, 12, 3], [13, 7, 14, 6], [15, 23, 16, 22], [17, 1, 18, 24]]"
12a_0410_41,"[[17, 1, 18, 24], [19, 13, 20, 12], [21, 5, 22, 4], [23, 19, 24, 18], [1, 17, 2, 16], [3, 10, 4, 11], [5, 9, 6, 8], [7, 15, 8, 14], [9, 21, 10, 20], [11, 2, 12, 3], [13, 7, 14, 6], [15, 23, 16, 22]]"
12a_0410_42,"[[15, 23, 16, 22], [17, 1, 18, 24], [19, 13, 20, 12], [21, 5, 22, 4], [23, 19, 24, 18], [1, 17, 2, 16], [3, 10, 4, 11], [5, 9, 6, 8], [7, 15, 8, 14], [9, 21, 10, 20], [11, 2, 12, 3], [13, 7, 14, 6]]"
12a_0410_43,"[[13, 7, 14, 6], [15, 23, 16, 22], [17, 1, 18, 24], [19, 13, 20, 12], [21, 5, 22, 4], [23, 19, 24, 18], [1, 17, 2, 16], [3, 10, 4, 11], [5, 9, 6, 8], [7, 15, 8, 14], [9, 21, 10, 20], [11, 2, 12, 3]]"
12a_0410_44,"[[11, 2, 12, 3], [13, 7, 14, 6], [15, 23, 16, 22], [17, 1, 18, 24], [19, 13, 20, 12], [21, 5, 22, 4], [23, 19, 24, 18], [1, 17, 2, 16], [3, 10, 4, 11], [5, 9, 6, 8], [7, 15, 8, 14], [9, 21, 10, 20]]"
12a_0410_45,"[[9, 21, 10, 20], [11, 2, 12, 3], [13, 7, 14, 6], [15, 23, 16, 22], [17, 1, 18, 24], [19, 13, 20, 12], [21, 5, 22, 4], [23, 19, 24, 18], [1, 17, 2, 16], [3, 10, 4, 11], [5, 9, 6, 8], [7, 15, 8, 14]]"
12a_0410_46,"[[7, 15, 8, 14], [9, 21, 10, 20], [11, 2, 12, 3], [13, 7, 14, 6], [15, 23, 16, 22], [17, 1, 18, 24], [19, 13, 20, 12], [21, 5, 22, 4], [23, 19, 24, 18], [1, 17, 2, 16], [3, 10, 4, 11], [5, 9, 6, 8]]"
12a_0410_47,"[[5, 9, 6, 8], [7, 15, 8, 14], [9, 21, 10, 20], [11, 2, 12, 3], [13, 7, 14, 6], [15, 23, 16, 22], [17, 1, 18, 24], [19, 13, 20, 12], [21, 5, 22, 4], [23, 19, 24, 18], [1, 17, 2, 16], [3, 10, 4, 11]]"
12a_0410_48,"[[4, 11, 5, 12], [6, 10, 7, 9], [8, 16, 9, 15], [10, 22, 11, 21], [12, 3, 13, 4], [14, 8, 15, 7], [16, 24, 17, 23], [18, 2, 19, 1], [20, 14, 21, 13], [22, 6, 23, 5], [24, 20, 1, 19], [2, 18, 3, 17]]"
12a_0410_49,"[[2, 18, 3, 17], [4, 11, 5, 12], [6, 10, 7, 9], [8, 16, 9, 15], [10, 22, 11, 21], [12, 3, 13, 4], [14, 8, 15, 7], [16, 24, 17, 23], [18, 2, 19, 1], [20, 14, 21, 13], [22, 6, 23, 5], [24, 20, 1, 19]]"
12a_0410_50,"[[24, 20, 1, 19], [2, 18, 3, 17], [4, 11, 5, 12], [6, 10, 7, 9], [8, 16, 9, 15], [10, 22, 11, 21], [12, 3, 13, 4], [14, 8, 15, 7], [16, 24, 17, 23], [18, 2, 19, 1], [20, 14, 21, 13], [22, 6, 23, 5]]"
12a_0410_51,"[[22, 6, 23, 5], [24, 20, 1, 19], [2, 18, 3, 17], [4, 11, 5, 12], [6, 10, 7, 9], [8, 16, 9, 15], [10, 22, 11, 21], [12, 3, 13, 4], [14, 8, 15, 7], [16, 24, 17, 23], [18, 2, 19, 1], [20, 14, 21, 13]]"
12a_0410_52,"[[20, 14, 21, 13], [22, 6, 23, 5], [24, 20, 1, 19], [2, 18, 3, 17], [4, 11, 5, 12], [6, 10, 7, 9], [8, 16, 9, 15], [10, 22, 11, 21], [12, 3, 13, 4], [14, 8, 15, 7], [16, 24, 17, 23], [18, 2, 19, 1]]"
12a_0410_53,"[[18, 2, 19, 1], [20, 14, 21, 13], [22, 6, 23, 5], [24, 20, 1, 19], [2, 18, 3, 17], [4, 11, 5, 12], [6, 10, 7, 9], [8, 16, 9, 15], [10, 22, 11, 21], [12, 3, 13, 4], [14, 8, 15, 7], [16, 24, 17, 23]]"
12a_0410_54,"[[16, 24, 17, 23], [18, 2, 19, 1], [20, 14, 21, 13], [22, 6, 23, 5], [24, 20, 1, 19], [2, 18, 3, 17], [4, 11, 5, 12], [6, 10, 7, 9], [8, 16, 9, 15], [10, 22, 11, 21], [12, 3, 13, 4], [14, 8, 15, 7]]"
12a_0410_55,"[[14, 8, 15, 7], [16, 24, 17, 23], [18, 2, 19, 1], [20, 14, 21, 13], [22, 6, 23, 5], [24, 20, 1, 19], [2, 18, 3, 17], [4, 11, 5, 12], [6, 10, 7, 9], [8, 16, 9, 15], [10, 22, 11, 21], [12, 3, 13, 4]]"
12a_0410_56,"[[12, 3, 13, 4], [14, 8, 15, 7], [16, 24, 17, 23], [18, 2, 19, 1], [20, 14, 21, 13], [22, 6, 23, 5], [24, 20, 1, 19], [2, 18, 3, 17], [4, 11, 5, 12], [6, 10, 7, 9], [8, 16, 9, 15], [10, 22, 11, 21]]"
12a_0410_57,"[[10, 22, 11, 21], [12, 3, 13, 4], [14, 8, 15, 7], [16, 24, 17, 23], [18, 2, 19, 1], [20, 14, 21, 13], [22, 6, 23, 5], [24, 20, 1, 19], [2, 18, 3, 17], [4, 11, 5, 12], [6, 10, 7, 9], [8, 16, 9, 15]]"
12a_0410_58,"[[8, 16, 9, 15], [10, 22, 11, 21], [12, 3, 13, 4], [14, 8, 15, 7], [16, 24, 17, 23], [18, 2, 19, 1], [20, 14, 21, 13], [22, 6, 23, 5], [24, 20, 1, 19], [2, 18, 3, 17], [4, 11, 5, 12], [6, 10, 7, 9]]"
12a_0410_59,"[[6, 10, 7, 9], [8, 16, 9, 15], [10, 22, 11, 21], [12, 3, 13, 4], [14, 8, 15, 7], [16, 24, 17, 23], [18, 2, 19, 1], [20, 14, 21, 13], [22, 6, 23, 5], [24, 20, 1, 19], [2, 18, 3, 17], [4, 11, 5, 12]]"
12a_0410_60,"[[5, 12, 6, 13], [7, 11, 8, 10], [9, 17, 10, 16], [11, 23, 12, 22], [13, 4, 14, 5], [15, 9, 16, 8], [17, 1, 18, 24], [19, 3, 20, 2], [21, 15, 22, 14], [23, 7, 24, 6], [1, 21, 2, 20], [3, 19, 4, 18]]"
12a_0410_61,"[[3, 19, 4, 18], [5, 12, 6, 13], [7, 11, 8, 10], [9, 17, 10, 16], [11, 23, 12, 22], [13, 4, 14, 5], [15, 9, 16, 8], [17, 1, 18, 24], [19, 3, 20, 2], [21, 15, 22, 14], [23, 7, 24, 6], [1, 21, 2, 20]]"
12a_0410_62,"[[1, 21, 2, 20], [3, 19, 4, 18], [5, 12, 6, 13], [7, 11, 8, 10], [9, 17, 10, 16], [11, 23, 12, 22], [13, 4, 14, 5], [15, 9, 16, 8], [17, 1, 18, 24], [19, 3, 20, 2], [21, 15, 22, 14], [23, 7, 24, 6]]"
12a_0410_63,"[[23, 7, 24, 6], [1, 21, 2, 20], [3, 19, 4, 18], [5, 12, 6, 13], [7, 11, 8, 10], [9, 17, 10, 16], [11, 23, 12, 22], [13, 4, 14, 5], [15, 9, 16, 8], [17, 1, 18, 24], [19, 3, 20, 2], [21, 15, 22, 14]]"
12a_0410_64,"[[21, 15, 22, 14], [23, 7, 24, 6], [1, 21, 2, 20], [3, 19, 4, 18], [5, 12, 6, 13], [7, 11, 8, 10], [9, 17, 10, 16], [11, 23, 12, 22], [13, 4, 14, 5], [15, 9, 16, 8], [17, 1, 18, 24], [19, 3, 20, 2]]"
12a_0410_65,"[[19, 3, 20, 2], [21, 15, 22, 14], [23, 7, 24, 6], [1, 21, 2, 20], [3, 19, 4, 18], [5, 12, 6, 13], [7, 11, 8, 10], [9, 17, 10, 16], [11, 23, 12, 22], [13, 4, 14, 5], [15, 9, 16, 8], [17, 1, 18, 24]]"
12a_0410_66,"[[17, 1, 18, 24], [19, 3, 20, 2], [21, 15, 22, 14], [23, 7, 24, 6], [1, 21, 2, 20], [3, 19, 4, 18], [5, 12, 6, 13], [7, 11, 8, 10], [9, 17, 10, 16], [11, 23, 12, 22], [13, 4, 14, 5], [15, 9, 16, 8]]"
12a_0410_67,"[[15, 9, 16, 8], [17, 1, 18, 24], [19, 3, 20, 2], [21, 15, 22, 14], [23, 7, 24, 6], [1, 21, 2, 20], [3, 19, 4, 18], [5, 12, 6, 13], [7, 11, 8, 10], [9, 17, 10, 16], [11, 23, 12, 22], [13, 4, 14, 5]]"
12a_0410_68,"[[13, 4, 14, 5], [15, 9, 16, 8], [17, 1, 18, 24], [19, 3, 20, 2], [21, 15, 22, 14], [23, 7, 24, 6], [1, 21, 2, 20], [3, 19, 4, 18], [5, 12, 6, 13], [7, 11, 8, 10], [9, 17, 10, 16], [11, 23, 12, 22]]"
12a_0410_69,"[[11, 23, 12, 22], [13, 4, 14, 5], [15, 9, 16, 8], [17, 1, 18, 24], [19, 3, 20, 2], [21, 15, 22, 14], [23, 7, 24, 6], [1, 21, 2, 20], [3, 19, 4, 18], [5, 12, 6, 13], [7, 11, 8, 10], [9, 17, 10, 16]]"
12a_0410_70,"[[9, 17, 10, 16], [11, 23, 12, 22], [13, 4, 14, 5], [15, 9, 16, 8], [17, 1, 18, 24], [19, 3, 20, 2], [21, 15, 22, 14], [23, 7, 24, 6], [1, 21, 2, 20], [3, 19, 4, 18], [5, 12, 6, 13], [7, 11, 8, 10]]"
12a_0410_71,"[[7, 11, 8, 10], [9, 17, 10, 16], [11, 23, 12, 22], [13, 4, 14, 5], [15, 9, 16, 8], [17, 1, 18, 24], [19, 3, 20, 2], [21, 15, 22, 14], [23, 7, 24, 6], [1, 21, 2, 20], [3, 19, 4, 18], [5, 12, 6, 13]]"
12a_0410_72,"[[6, 13, 7, 14], [8, 12, 9, 11], [10, 18, 11, 17], [12, 24, 13, 23], [14, 5, 15, 6], [16, 10, 17, 9], [18, 2, 19, 1], [20, 4, 21, 3], [22, 16, 23, 15], [24, 8, 1, 7], [2, 22, 3, 21], [4, 20, 5, 19]]"
12a_0410_73,"[[4, 20, 5, 19], [6, 13, 7, 14], [8, 12, 9, 11], [10, 18, 11, 17], [12, 24, 13, 23], [14, 5, 15, 6], [16, 10, 17, 9], [18, 2, 19, 1], [20, 4, 21, 3], [22, 16, 23, 15], [24, 8, 1, 7], [2, 22, 3, 21]]"
12a_0410_74,"[[2, 22, 3, 21], [4, 20, 5, 19], [6, 13, 7, 14], [8, 12, 9, 11], [10, 18, 11, 17], [12, 24, 13, 23], [14, 5, 15, 6], [16, 10, 17, 9], [18, 2, 19, 1], [20, 4, 21, 3], [22, 16, 23, 15], [24, 8, 1, 7]]"
12a_0410_75,"[[24, 8, 1, 7], [2, 22, 3, 21], [4, 20, 5, 19], [6, 13, 7, 14], [8, 12, 9, 11], [10, 18, 11, 17], [12, 24, 13, 23], [14, 5, 15, 6], [16, 10, 17, 9], [18, 2, 19, 1], [20, 4, 21, 3], [22, 16, 23, 15]]"
12a_0410_76,"[[22, 16, 23, 15], [24, 8, 1, 7], [2, 22, 3, 21], [4, 20, 5, 19], [6, 13, 7, 14], [8, 12, 9, 11], [10, 18, 11, 17], [12, 24, 13, 23], [14, 5, 15, 6], [16, 10, 17, 9], [18, 2, 19, 1], [20, 4, 21, 3]]"
12a_0410_77,"[[20, 4, 21, 3], [22, 16, 23, 15], [24, 8, 1, 7], [2, 22, 3, 21], [4, 20, 5, 19], [6, 13, 7, 14], [8, 12, 9, 11], [10, 18, 11, 17], [12, 24, 13, 23], [14, 5, 15, 6], [16, 10, 17, 9], [18, 2, 19, 1]]"
12a_0410_78,"[[18, 2, 19, 1], [20, 4, 21, 3], [22, 16, 23, 15], [24, 8, 1, 7], [2, 22, 3, 21], [4, 20, 5, 19], [6, 13, 7, 14], [8, 12, 9, 11], [10, 18, 11, 17], [12, 24, 13, 23], [14, 5, 15, 6], [16, 10, 17, 9]]"
12a_0410_79,"[[16, 10, 17, 9], [18, 2, 19, 1], [20, 4, 21, 3], [22, 16, 23, 15], [24, 8, 1, 7], [2, 22, 3, 21], [4, 20, 5, 19], [6, 13, 7, 14], [8, 12, 9, 11], [10, 18, 11, 17], [12, 24, 13, 23], [14, 5, 15, 6]]"
12a_0410_80,"[[14, 5, 15, 6], [16, 10, 17, 9], [18, 2, 19, 1], [20, 4, 21, 3], [22, 16, 23, 15], [24, 8, 1, 7], [2, 22, 3, 21], [4, 20, 5, 19], [6, 13, 7, 14], [8, 12, 9, 11], [10, 18, 11, 17], [12, 24, 13, 23]]"
12a_0410_81,"[[12, 24, 13, 23], [14, 5, 15, 6], [16, 10, 17, 9], [18, 2, 19, 1], [20, 4, 21, 3], [22, 16, 23, 15], [24, 8, 1, 7], [2, 22, 3, 21], [4, 20, 5, 19], [6, 13, 7, 14], [8, 12, 9, 11], [10, 18, 11, 17]]"
12a_0410_82,"[[10, 18, 11, 17], [12, 24, 13, 23], [14, 5, 15, 6], [16, 10, 17, 9], [18, 2, 19, 1], [20, 4, 21, 3], [22, 16, 23, 15], [24, 8, 1, 7], [2, 22, 3, 21], [4, 20, 5, 19], [6, 13, 7, 14], [8, 12, 9, 11]]"
12a_0410_83,"[[8, 12, 9, 11], [10, 18, 11, 17], [12, 24, 13, 23], [14, 5, 15, 6], [16, 10, 17, 9], [18, 2, 19, 1], [20, 4, 21, 3], [22, 16, 23, 15], [24, 8, 1, 7], [2, 22, 3, 21], [4, 20, 5, 19], [6, 13, 7, 14]]"
12a_0410_84,"[[7, 14, 8, 15], [9, 13, 10, 12], [11, 19, 12, 18], [13, 1, 14, 24], [15, 6, 16, 7], [17, 11, 18, 10], [19, 3, 20, 2], [21, 5, 22, 4], [23, 17, 24, 16], [1, 9, 2, 8], [3, 23, 4, 22], [5, 21, 6, 20]]"
12a_0410_85,"[[5, 21, 6, 20], [7, 14, 8, 15], [9, 13, 10, 12], [11, 19, 12, 18], [13, 1, 14, 24], [15, 6, 16, 7], [17, 11, 18, 10], [19, 3, 20, 2], [21, 5, 22, 4], [23, 17, 24, 16], [1, 9, 2, 8], [3, 23, 4, 22]]"
12a_0410_86,"[[3, 23, 4, 22], [5, 21, 6, 20], [7, 14, 8, 15], [9, 13, 10, 12], [11, 19, 12, 18], [13, 1, 14, 24], [15, 6, 16, 7], [17, 11, 18, 10], [19, 3, 20, 2], [21, 5, 22, 4], [23, 17, 24, 16], [1, 9, 2, 8]]"
12a_0410_87,"[[1, 9, 2, 8], [3, 23, 4, 22], [5, 21, 6, 20], [7, 14, 8, 15], [9, 13, 10, 12], [11, 19, 12, 18], [13, 1, 14, 24], [15, 6, 16, 7], [17, 11, 18, 10], [19, 3, 20, 2], [21, 5, 22, 4], [23, 17, 24, 16]]"
12a_0410_88,"[[23, 17, 24, 16], [1, 9, 2, 8], [3, 23, 4, 22], [5, 21, 6, 20], [7, 14, 8, 15], [9, 13, 10, 12], [11, 19, 12, 18], [13, 1, 14, 24], [15, 6, 16, 7], [17, 11, 18, 10], [19, 3, 20, 2], [21, 5, 22, 4]]"
12a_0410_89,"[[21, 5, 22, 4], [23, 17, 24, 16], [1, 9, 2, 8], [3, 23, 4, 22], [5, 21, 6, 20], [7, 14, 8, 15], [9, 13, 10, 12], [11, 19, 12, 18], [13, 1, 14, 24], [15, 6, 16, 7], [17, 11, 18, 10], [19, 3, 20, 2]]"
12a_0410_90,"[[19, 3, 20, 2], [21, 5, 22, 4], [23, 17, 24, 16], [1, 9, 2, 8], [3, 23, 4, 22], [5, 21, 6, 20], [7, 14, 8, 15], [9, 13, 10, 12], [11, 19, 12, 18], [13, 1, 14, 24], [15, 6, 16, 7], [17, 11, 18, 10]]"
12a_0410_91,"[[17, 11, 18, 10], [19, 3, 20, 2], [21, 5, 22, 4], [23, 17, 24, 16], [1, 9, 2, 8], [3, 23, 4, 22], [5, 21, 6, 20], [7, 14, 8, 15], [9, 13, 10, 12], [11, 19, 12, 18], [13, 1, 14, 24], [15, 6, 16, 7]]"
12a_0410_92,"[[15, 6, 16, 7], [17, 11, 18, 10], [19, 3, 20, 2], [21, 5, 22, 4], [23, 17, 24, 16], [1, 9, 2, 8], [3, 23, 4, 22], [5, 21, 6, 20], [7, 14, 8, 15], [9, 13, 10, 12], [11, 19, 12, 18], [13, 1, 14, 24]]"
12a_0410_93,"[[13, 1, 14, 24], [15, 6, 16, 7], [17, 11, 18, 10], [19, 3, 20, 2], [21, 5, 22, 4], [23, 17, 24, 16], [1, 9, 2, 8], [3, 23, 4, 22], [5, 21, 6, 20], [7, 14, 8, 15], [9, 13, 10, 12], [11, 19, 12, 18]]"
12a_0410_94,"[[11, 19, 12, 18], [13, 1, 14, 24], [15, 6, 16, 7], [17, 11, 18, 10], [19, 3, 20, 2], [21, 5, 22, 4], [23, 17, 24, 16], [1, 9, 2, 8], [3, 23, 4, 22], [5, 21, 6, 20], [7, 14, 8, 15], [9, 13, 10, 12]]"
12a_0410_95,"[[9, 13, 10, 12], [11, 19, 12, 18], [13, 1, 14, 24], [15, 6, 16, 7], [17, 11, 18, 10], [19, 3, 20, 2], [21, 5, 22, 4], [23, 17, 24, 16], [1, 9, 2, 8], [3, 23, 4, 22], [5, 21, 6, 20], [7, 14, 8, 15]]"
12a_0410_96,"[[8, 15, 9, 16], [10, 14, 11, 13], [12, 20, 13, 19], [14, 2, 15, 1], [16, 7, 17, 8], [18, 12, 19, 11], [20, 4, 21, 3], [22, 6, 23, 5], [24, 18, 1, 17], [2, 10, 3, 9], [4, 24, 5, 23], [6, 22, 7, 21]]"
12a_0410_97,"[[6, 22, 7, 21], [8, 15, 9, 16], [10, 14, 11, 13], [12, 20, 13, 19], [14, 2, 15, 1], [16, 7, 17, 8], [18, 12, 19, 11], [20, 4, 21, 3], [22, 6, 23, 5], [24, 18, 1, 17], [2, 10, 3, 9], [4, 24, 5, 23]]"
12a_0410_98,"[[4, 24, 5, 23], [6, 22, 7, 21], [8, 15, 9, 16], [10, 14, 11, 13], [12, 20, 13, 19], [14, 2, 15, 1], [16, 7, 17, 8], [18, 12, 19, 11], [20, 4, 21, 3], [22, 6, 23, 5], [24, 18, 1, 17], [2, 10, 3, 9]]"
12a_0410_99,"[[2, 10, 3, 9], [4, 24, 5, 23], [6, 22, 7, 21], [8, 15, 9, 16], [10, 14, 11, 13], [12, 20, 13, 19], [14, 2, 15, 1], [16, 7, 17, 8], [18, 12, 19, 11], [20, 4, 21, 3], [22, 6, 23, 5], [24, 18, 1, 17]]"
12a_0410_100,"[[24, 18, 1, 17], [2, 10, 3, 9], [4, 24, 5, 23], [6, 22, 7, 21], [8, 15, 9, 16], [10, 14, 11, 13], [12, 20, 13, 19], [14, 2, 15, 1], [16, 7, 17, 8], [18, 12, 19, 11], [20, 4, 21, 3], [22, 6, 23, 5]]"
12a_0410_101,"[[22, 6, 23, 5], [24, 18, 1, 17], [2, 10, 3, 9], [4, 24, 5, 23], [6, 22, 7, 21], [8, 15, 9, 16], [10, 14, 11, 13], [12, 20, 13, 19], [14, 2, 15, 1], [16, 7, 17, 8], [18, 12, 19, 11], [20, 4, 21, 3]]"
12a_0410_102,"[[20, 4, 21, 3], [22, 6, 23, 5], [24, 18, 1, 17], [2, 10, 3, 9], [4, 24, 5, 23], [6, 22, 7, 21], [8, 15, 9, 16], [10, 14, 11, 13], [12, 20, 13, 19], [14, 2, 15, 1], [16, 7, 17, 8], [18, 12, 19, 11]]"
12a_0410_103,"[[18, 12, 19, 11], [20, 4, 21, 3], [22, 6, 23, 5], [24, 18, 1, 17], [2, 10, 3, 9], [4, 24, 5, 23], [6, 22, 7, 21], [8, 15, 9, 16], [10, 14, 11, 13], [12, 20, 13, 19], [14, 2, 15, 1], [16, 7, 17, 8]]"
12a_0410_104,"[[16, 7, 17, 8], [18, 12, 19, 11], [20, 4, 21, 3], [22, 6, 23, 5], [24, 18, 1, 17], [2, 10, 3, 9], [4, 24, 5, 23], [6, 22, 7, 21], [8, 15, 9, 16], [10, 14, 11, 13], [12, 20, 13, 19], [14, 2, 15, 1]]"
12a_0410_105,"[[14, 2, 15, 1], [16, 7, 17, 8], [18, 12, 19, 11], [20, 4, 21, 3], [22, 6, 23, 5], [24, 18, 1, 17], [2, 10, 3, 9], [4, 24, 5, 23], [6, 22, 7, 21], [8, 15, 9, 16], [10, 14, 11, 13], [12, 20, 13, 19]]"
12a_0410_106,"[[12, 20, 13, 19], [14, 2, 15, 1], [16, 7, 17, 8], [18, 12, 19, 11], [20, 4, 21, 3], [22, 6, 23, 5], [24, 18, 1, 17], [2, 10, 3, 9], [4, 24, 5, 23], [6, 22, 7, 21], [8, 15, 9, 16], [10, 14, 11, 13]]"
12a_0410_107,"[[10, 14, 11, 13], [12, 20, 13, 19], [14, 2, 15, 1], [16, 7, 17, 8], [18, 12, 19, 11], [20, 4, 21, 3], [22, 6, 23, 5], [24, 18, 1, 17], [2, 10, 3, 9], [4, 24, 5, 23], [6, 22, 7, 21], [8, 15, 9, 16]]"
12a_0410_108,"[[9, 16, 10, 17], [11, 15, 12, 14], [13, 21, 14, 20], [15, 3, 16, 2], [17, 8, 18, 9], [19, 13, 20, 12], [21, 5, 22, 4], [23, 7, 24, 6], [1, 19, 2, 18], [3, 11, 4, 10], [5, 1, 6, 24], [7, 23, 8, 22]]"
12a_0410_109,"[[7, 23, 8, 22], [9, 16, 10, 17], [11, 15, 12, 14], [13, 21, 14, 20], [15, 3, 16, 2], [17, 8, 18, 9], [19, 13, 20, 12], [21, 5, 22, 4], [23, 7, 24, 6], [1, 19, 2, 18], [3, 11, 4, 10], [5, 1, 6, 24]]"
12a_0410_110,"[[5, 1, 6, 24], [7, 23, 8, 22], [9, 16, 10, 17], [11, 15, 12, 14], [13, 21, 14, 20], [15, 3, 16, 2], [17, 8, 18, 9], [19, 13, 20, 12], [21, 5, 22, 4], [23, 7, 24, 6], [1, 19, 2, 18], [3, 11, 4, 10]]"
12a_0410_111,"[[3, 11, 4, 10], [5, 1, 6, 24], [7, 23, 8, 22], [9, 16, 10, 17], [11, 15, 12, 14], [13, 21, 14, 20], [15, 3, 16, 2], [17, 8, 18, 9], [19, 13, 20, 12], [21, 5, 22, 4], [23, 7, 24, 6], [1, 19, 2, 18]]"
12a_0410_112,"[[1, 19, 2, 18], [3, 11, 4, 10], [5, 1, 6, 24], [7, 23, 8, 22], [9, 16, 10, 17], [11, 15, 12, 14], [13, 21, 14, 20], [15, 3, 16, 2], [17, 8, 18, 9], [19, 13, 20, 12], [21, 5, 22, 4], [23, 7, 24, 6]]"
12a_0410_113,"[[23, 7, 24, 6], [1, 19, 2, 18], [3, 11, 4, 10], [5, 1, 6, 24], [7, 23, 8, 22], [9, 16, 10, 17], [11, 15, 12, 14], [13, 21, 14, 20], [15, 3, 16, 2], [17, 8, 18, 9], [19, 13, 20, 12], [21, 5, 22, 4]]"
12a_0410_114,"[[21, 5, 22, 4], [23, 7, 24, 6], [1, 19, 2, 18], [3, 11, 4, 10], [5, 1, 6, 24], [7, 23, 8, 22], [9, 16, 10, 17], [11, 15, 12, 14], [13, 21, 14, 20], [15, 3, 16, 2], [17, 8, 18, 9], [19, 13, 20, 12]]"
12a_0410_115,"[[19, 13, 20, 12], [21, 5, 22, 4], [23, 7, 24, 6], [1, 19, 2, 18], [3, 11, 4, 10], [5, 1, 6, 24], [7, 23, 8, 22], [9, 16, 10, 17], [11, 15, 12, 14], [13, 21, 14, 20], [15, 3, 16, 2], [17, 8, 18, 9]]"
12a_0410_116,"[[17, 8, 18, 9], [19, 13, 20, 12], [21, 5, 22, 4], [23, 7, 24, 6], [1, 19, 2, 18], [3, 11, 4, 10], [5, 1, 6, 24], [7, 23, 8, 22], [9, 16, 10, 17], [11, 15, 12, 14], [13, 21, 14, 20], [15, 3, 16, 2]]"
12a_0410_117,"[[15, 3, 16, 2], [17, 8, 18, 9], [19, 13, 20, 12], [21, 5, 22, 4], [23, 7, 24, 6], [1, 19, 2, 18], [3, 11, 4, 10], [5, 1, 6, 24], [7, 23, 8, 22], [9, 16, 10, 17], [11, 15, 12, 14], [13, 21, 14, 20]]"
12a_0410_118,"[[13, 21, 14, 20], [15, 3, 16, 2], [17, 8, 18, 9], [19, 13, 20, 12], [21, 5, 22, 4], [23, 7, 24, 6], [1, 19, 2, 18], [3, 11, 4, 10], [5, 1, 6, 24], [7, 23, 8, 22], [9, 16, 10, 17], [11, 15, 12, 14]]"
12a_0410_119,"[[11, 15, 12, 14], [13, 21, 14, 20], [15, 3, 16, 2], [17, 8, 18, 9], [19, 13, 20, 12], [21, 5, 22, 4], [23, 7, 24, 6], [1, 19, 2, 18], [3, 11, 4, 10], [5, 1, 6, 24], [7, 23, 8, 22], [9, 16, 10, 17]]"
12a_0410_120,"[[10, 17, 11, 18], [12, 16, 13, 15], [14, 22, 15, 21], [16, 4, 17, 3], [18, 9, 19, 10], [20, 14, 21, 13], [22, 6, 23, 5], [24, 8, 1, 7], [2, 20, 3, 19], [4, 12, 5, 11], [6, 2, 7, 1], [8, 24, 9, 23]]"
12a_0410_121,"[[8, 24, 9, 23], [10, 17, 11, 18], [12, 16, 13, 15], [14, 22, 15, 21], [16, 4, 17, 3], [18, 9, 19, 10], [20, 14, 21, 13], [22, 6, 23, 5], [24, 8, 1, 7], [2, 20, 3, 19], [4, 12, 5, 11], [6, 2, 7, 1]]"
12a_0410_122,"[[6, 2, 7, 1], [8, 24, 9, 23], [10, 17, 11, 18], [12, 16, 13, 15], [14, 22, 15, 21], [16, 4, 17, 3], [18, 9, 19, 10], [20, 14, 21, 13], [22, 6, 23, 5], [24, 8, 1, 7], [2, 20, 3, 19], [4, 12, 5, 11]]"
12a_0410_123,"[[4, 12, 5, 11], [6, 2, 7, 1], [8, 24, 9, 23], [10, 17, 11, 18], [12, 16, 13, 15], [14, 22, 15, 21], [16, 4, 17, 3], [18, 9, 19, 10], [20, 14, 21, 13], [22, 6, 23, 5], [24, 8, 1, 7], [2, 20, 3, 19]]"
12a_0410_124,"[[2, 20, 3, 19], [4, 12, 5, 11], [6, 2, 7, 1], [8, 24, 9, 23], [10, 17, 11, 18], [12, 16, 13, 15], [14, 22, 15, 21], [16, 4, 17, 3], [18, 9, 19, 10], [20, 14, 21, 13], [22, 6, 23, 5], [24, 8, 1, 7]]"
12a_0410_125,"[[24, 8, 1, 7], [2, 20, 3, 19], [4, 12, 5, 11], [6, 2, 7, 1], [8, 24, 9, 23], [10, 17, 11, 18], [12, 16, 13, 15], [14, 22, 15, 21], [16, 4, 17, 3], [18, 9, 19, 10], [20, 14, 21, 13], [22, 6, 23, 5]]"
12a_0410_126,"[[22, 6, 23, 5], [24, 8, 1, 7], [2, 20, 3, 19], [4, 12, 5, 11], [6, 2, 7, 1], [8, 24, 9, 23], [10, 17, 11, 18], [12, 16, 13, 15], [14, 22, 15, 21], [16, 4, 17, 3], [18, 9, 19, 10], [20, 14, 21, 13]]"
12a_0410_127,"[[20, 14, 21, 13], [22, 6, 23, 5], [24, 8, 1, 7], [2, 20, 3, 19], [4, 12, 5, 11], [6, 2, 7, 1], [8, 24, 9, 23], [10, 17, 11, 18], [12, 16, 13, 15], [14, 22, 15, 21], [16, 4, 17, 3], [18, 9, 19, 10]]"
12a_0410_128,"[[18, 9, 19, 10], [20, 14, 21, 13], [22, 6, 23, 5], [24, 8, 1, 7], [2, 20, 3, 19], [4, 12, 5, 11], [6, 2, 7, 1], [8, 24, 9, 23], [10, 17, 11, 18], [12, 16, 13, 15], [14, 22, 15, 21], [16, 4, 17, 3]]"
12a_0410_129,"[[16, 4, 17, 3], [18, 9, 19, 10], [20, 14, 21, 13], [22, 6, 23, 5], [24, 8, 1, 7], [2, 20, 3, 19], [4, 12, 5, 11], [6, 2, 7, 1], [8, 24, 9, 23], [10, 17, 11, 18], [12, 16, 13, 15], [14, 22, 15, 21]]"
12a_0410_130,"[[14, 22, 15, 21], [16, 4, 17, 3], [18, 9, 19, 10], [20, 14, 21, 13], [22, 6, 23, 5], [24, 8, 1, 7], [2, 20, 3, 19], [4, 12, 5, 11], [6, 2, 7, 1], [8, 24, 9, 23], [10, 17, 11, 18], [12, 16, 13, 15]]"
12a_0410_131,"[[12, 16, 13, 15], [14, 22, 15, 21], [16, 4, 17, 3], [18, 9, 19, 10], [20, 14, 21, 13], [22, 6, 23, 5], [24, 8, 1, 7], [2, 20, 3, 19], [4, 12, 5, 11], [6, 2, 7, 1], [8, 24, 9, 23], [10, 17, 11, 18]]"
12a_0410_132,"[[11, 18, 12, 19], [13, 17, 14, 16], [15, 23, 16, 22], [17, 5, 18, 4], [19, 10, 20, 11], [21, 15, 22, 14], [23, 7, 24, 6], [1, 9, 2, 8], [3, 21, 4, 20], [5, 13, 6, 12], [7, 3, 8, 2], [9, 1, 10, 24]]"
12a_0410_133,"[[9, 1, 10, 24], [11, 18, 12, 19], [13, 17, 14, 16], [15, 23, 16, 22], [17, 5, 18, 4], [19, 10, 20, 11], [21, 15, 22, 14], [23, 7, 24, 6], [1, 9, 2, 8], [3, 21, 4, 20], [5, 13, 6, 12], [7, 3, 8, 2]]"
12a_0410_134,"[[7, 3, 8, 2], [9, 1, 10, 24], [11, 18, 12, 19], [13, 17, 14, 16], [15, 23, 16, 22], [17, 5, 18, 4], [19, 10, 20, 11], [21, 15, 22, 14], [23, 7, 24, 6], [1, 9, 2, 8], [3, 21, 4, 20], [5, 13, 6, 12]]"
12a_0410_135,"[[5, 13, 6, 12], [7, 3, 8, 2], [9, 1, 10, 24], [11, 18, 12, 19], [13, 17, 14, 16], [15, 23, 16, 22], [17, 5, 18, 4], [19, 10, 20, 11], [21, 15, 22, 14], [23, 7, 24, 6], [1, 9, 2, 8], [3, 21, 4, 20]]"
12a_0410_136,"[[3, 21, 4, 20], [5, 13, 6, 12], [7, 3, 8, 2], [9, 1, 10, 24], [11, 18, 12, 19], [13, 17, 14, 16], [15, 23, 16, 22], [17, 5, 18, 4], [19, 10, 20, 11], [21, 15, 22, 14], [23, 7, 24, 6], [1, 9, 2, 8]]"
12a_0410_137,"[[1, 9, 2, 8], [3, 21, 4, 20], [5, 13, 6, 12], [7, 3, 8, 2], [9, 1, 10, 24], [11, 18, 12, 19], [13, 17, 14, 16], [15, 23, 16, 22], [17, 5, 18, 4], [19, 10, 20, 11], [21, 15, 22, 14], [23, 7, 24, 6]]"
12a_0410_138,"[[23, 7, 24, 6], [1, 9, 2, 8], [3, 21, 4, 20], [5, 13, 6, 12], [7, 3, 8, 2], [9, 1, 10, 24], [11, 18, 12, 19], [13, 17, 14, 16], [15, 23, 16, 22], [17, 5, 18, 4], [19, 10, 20, 11], [21, 15, 22, 14]]"
12a_0410_139,"[[21, 15, 22, 14], [23, 7, 24, 6], [1, 9, 2, 8], [3, 21, 4, 20], [5, 13, 6, 12], [7, 3, 8, 2], [9, 1, 10, 24], [11, 18, 12, 19], [13, 17, 14, 16], [15, 23, 16, 22], [17, 5, 18, 4], [19, 10, 20, 11]]"
12a_0410_140,"[[19, 10, 20, 11], [21, 15, 22, 14], [23, 7, 24, 6], [1, 9, 2, 8], [3, 21, 4, 20], [5, 13, 6, 12], [7, 3, 8, 2], [9, 1, 10, 24], [11, 18, 12, 19], [13, 17, 14, 16], [15, 23, 16, 22], [17, 5, 18, 4]]"
12a_0410_141,"[[17, 5, 18, 4], [19, 10, 20, 11], [21, 15, 22, 14], [23, 7, 24, 6], [1, 9, 2, 8], [3, 21, 4, 20], [5, 13, 6, 12], [7, 3, 8, 2], [9, 1, 10, 24], [11, 18, 12, 19], [13, 17, 14, 16], [15, 23, 16, 22]]"
12a_0410_142,"[[15, 23, 16, 22], [17, 5, 18, 4], [19, 10, 20, 11], [21, 15, 22, 14], [23, 7, 24, 6], [1, 9, 2, 8], [3, 21, 4, 20], [5, 13, 6, 12], [7, 3, 8, 2], [9, 1, 10, 24], [11, 18, 12, 19], [13, 17, 14, 16]]"
12a_0410_143,"[[13, 17, 14, 16], [15, 23, 16, 22], [17, 5, 18, 4], [19, 10, 20, 11], [21, 15, 22, 14], [23, 7, 24, 6], [1, 9, 2, 8], [3, 21, 4, 20], [5, 13, 6, 12], [7, 3, 8, 2], [9, 1, 10, 24], [11, 18, 12, 19]]"
12a_0410_144,"[[12, 19, 13, 20], [14, 18, 15, 17], [16, 24, 17, 23], [18, 6, 19, 5], [20, 11, 21, 12], [22, 16, 23, 15], [24, 8, 1, 7], [2, 10, 3, 9], [4, 22, 5, 21], [6, 14, 7, 13], [8, 4, 9, 3], [10, 2, 11, 1]]"
12a_0410_145,"[[10, 2, 11, 1], [12, 19, 13, 20], [14, 18, 15, 17], [16, 24, 17, 23], [18, 6, 19, 5], [20, 11, 21, 12], [22, 16, 23, 15], [24, 8, 1, 7], [2, 10, 3, 9], [4, 22, 5, 21], [6, 14, 7, 13], [8, 4, 9, 3]]"
12a_0410_146,"[[8, 4, 9, 3], [10, 2, 11, 1], [12, 19, 13, 20], [14, 18, 15, 17], [16, 24, 17, 23], [18, 6, 19, 5], [20, 11, 21, 12], [22, 16, 23, 15], [24, 8, 1, 7], [2, 10, 3, 9], [4, 22, 5, 21], [6, 14, 7, 13]]"
12a_0410_147,"[[6, 14, 7, 13], [8, 4, 9, 3], [10, 2, 11, 1], [12, 19, 13, 20], [14, 18, 15, 17], [16, 24, 17, 23], [18, 6, 19, 5], [20, 11, 21, 12], [22, 16, 23, 15], [24, 8, 1, 7], [2, 10, 3, 9], [4, 22, 5, 21]]"
12a_0410_148,"[[4, 22, 5, 21], [6, 14, 7, 13], [8, 4, 9, 3], [10, 2, 11, 1], [12, 19, 13, 20], [14, 18, 15, 17], [16, 24, 17, 23], [18, 6, 19, 5], [20, 11, 21, 12], [22, 16, 23, 15], [24, 8, 1, 7], [2, 10, 3, 9]]"
12a_0410_149,"[[2, 10, 3, 9], [4, 22, 5, 21], [6, 14, 7, 13], [8, 4, 9, 3], [10, 2, 11, 1], [12, 19, 13, 20], [14, 18, 15, 17], [16, 24, 17, 23], [18, 6, 19, 5], [20, 11, 21, 12], [22, 16, 23, 15], [24, 8, 1, 7]]"
12a_0410_150,"[[24, 8, 1, 7], [2, 10, 3, 9], [4, 22, 5, 21], [6, 14, 7, 13], [8, 4, 9, 3], [10, 2, 11, 1], [12, 19, 13, 20], [14, 18, 15, 17], [16, 24, 17, 23], [18, 6, 19, 5], [20, 11, 21, 12], [22, 16, 23, 15]]"
12a_0410_151,"[[22, 16, 23, 15], [24, 8, 1, 7], [2, 10, 3, 9], [4, 22, 5, 21], [6, 14, 7, 13], [8, 4, 9, 3], [10, 2, 11, 1], [12, 19, 13, 20], [14, 18, 15, 17], [16, 24, 17, 23], [18, 6, 19, 5], [20, 11, 21, 12]]"
12a_0410_152,"[[20, 11, 21, 12], [22, 16, 23, 15], [24, 8, 1, 7], [2, 10, 3, 9], [4, 22, 5, 21], [6, 14, 7, 13], [8, 4, 9, 3], [10, 2, 11, 1], [12, 19, 13, 20], [14, 18, 15, 17], [16, 24, 17, 23], [18, 6, 19, 5]]"
12a_0410_153,"[[18, 6, 19, 5], [20, 11, 21, 12], [22, 16, 23, 15], [24, 8, 1, 7], [2, 10, 3, 9], [4, 22, 5, 21], [6, 14, 7, 13], [8, 4, 9, 3], [10, 2, 11, 1], [12, 19, 13, 20], [14, 18, 15, 17], [16, 24, 17, 23]]"
12a_0410_154,"[[16, 24, 17, 23], [18, 6, 19, 5], [20, 11, 21, 12], [22, 16, 23, 15], [24, 8, 1, 7], [2, 10, 3, 9], [4, 22, 5, 21], [6, 14, 7, 13], [8, 4, 9, 3], [10, 2, 11, 1], [12, 19, 13, 20], [14, 18, 15, 17]]"
12a_0410_155,"[[14, 18, 15, 17], [16, 24, 17, 23], [18, 6, 19, 5], [20, 11, 21, 12], [22, 16, 23, 15], [24, 8, 1, 7], [2, 10, 3, 9], [4, 22, 5, 21], [6, 14, 7, 13], [8, 4, 9, 3], [10, 2, 11, 1], [12, 19, 13, 20]]"
12a_0410_156,"[[13, 20, 14, 21], [15, 19, 16, 18], [17, 1, 18, 24], [19, 7, 20, 6], [21, 12, 22, 13], [23, 17, 24, 16], [1, 9, 2, 8], [3, 11, 4, 10], [5, 23, 6, 22], [7, 15, 8, 14], [9, 5, 10, 4], [11, 3, 12, 2]]"
12a_0410_157,"[[11, 3, 12, 2], [13, 20, 14, 21], [15, 19, 16, 18], [17, 1, 18, 24], [19, 7, 20, 6], [21, 12, 22, 13], [23, 17, 24, 16], [1, 9, 2, 8], [3, 11, 4, 10], [5, 23, 6, 22], [7, 15, 8, 14], [9, 5, 10, 4]]"
12a_0410_158,"[[9, 5, 10, 4], [11, 3, 12, 2], [13, 20, 14, 21], [15, 19, 16, 18], [17, 1, 18, 24], [19, 7, 20, 6], [21, 12, 22, 13], [23, 17, 24, 16], [1, 9, 2, 8], [3, 11, 4, 10], [5, 23, 6, 22], [7, 15, 8, 14]]"
12a_0410_159,"[[7, 15, 8, 14], [9, 5, 10, 4], [11, 3, 12, 2], [13, 20, 14, 21], [15, 19, 16, 18], [17, 1, 18, 24], [19, 7, 20, 6], [21, 12, 22, 13], [23, 17, 24, 16], [1, 9, 2, 8], [3, 11, 4, 10], [5, 23, 6, 22]]"
12a_0410_160,"[[5, 23, 6, 22], [7, 15, 8, 14], [9, 5, 10, 4], [11, 3, 12, 2], [13, 20, 14, 21], [15, 19, 16, 18], [17, 1, 18, 24], [19, 7, 20, 6], [21, 12, 22, 13], [23, 17, 24, 16], [1, 9, 2, 8], [3, 11, 4, 10]]"
12a_0410_161,"[[3, 11, 4, 10], [5, 23, 6, 22], [7, 15, 8, 14], [9, 5, 10, 4], [11, 3, 12, 2], [13, 20, 14, 21], [15, 19, 16, 18], [17, 1, 18, 24], [19, 7, 20, 6], [21, 12, 22, 13], [23, 17, 24, 16], [1, 9, 2, 8]]"
12a_0410_162,"[[1, 9, 2, 8], [3, 11, 4, 10], [5, 23, 6, 22], [7, 15, 8, 14], [9, 5, 10, 4], [11, 3, 12, 2], [13, 20, 14, 21], [15, 19, 16, 18], [17, 1, 18, 24], [19, 7, 20, 6], [21, 12, 22, 13], [23, 17, 24, 16]]"
12a_0410_163,"[[23, 17, 24, 16], [1, 9, 2, 8], [3, 11, 4, 10], [5, 23, 6, 22], [7, 15, 8, 14], [9, 5, 10, 4], [11, 3, 12, 2], [13, 20, 14, 21], [15, 19, 16, 18], [17, 1, 18, 24], [19, 7, 20, 6], [21, 12, 22, 13]]"
12a_0410_164,"[[21, 12, 22, 13], [23, 17, 24, 16], [1, 9, 2, 8], [3, 11, 4, 10], [5, 23, 6, 22], [7, 15, 8, 14], [9, 5, 10, 4], [11, 3, 12, 2], [13, 20, 14, 21], [15, 19, 16, 18], [17, 1, 18, 24], [19, 7, 20, 6]]"
12a_0410_165,"[[19, 7, 20, 6], [21, 12, 22, 13], [23, 17, 24, 16], [1, 9, 2, 8], [3, 11, 4, 10], [5, 23, 6, 22], [7, 15, 8, 14], [9, 5, 10, 4], [11, 3, 12, 2], [13, 20, 14, 21], [15, 19, 16, 18], [17, 1, 18, 24]]"
12a_0410_166,"[[17, 1, 18, 24], [19, 7, 20, 6], [21, 12, 22, 13], [23, 17, 24, 16], [1, 9, 2, 8], [3, 11, 4, 10], [5, 23, 6, 22], [7, 15, 8, 14], [9, 5, 10, 4], [11, 3, 12, 2], [13, 20, 14, 21], [15, 19, 16, 18]]"
12a_0410_167,"[[15, 19, 16, 18], [17, 1, 18, 24], [19, 7, 20, 6], [21, 12, 22, 13], [23, 17, 24, 16], [1, 9, 2, 8], [3, 11, 4, 10], [5, 23, 6, 22], [7, 15, 8, 14], [9, 5, 10, 4], [11, 3, 12, 2], [13, 20, 14, 21]]"
12a_0410_168,"[[14, 21, 15, 22], [16, 20, 17, 19], [18, 2, 19, 1], [20, 8, 21, 7], [22, 13, 23, 14], [24, 18, 1, 17], [2, 10, 3, 9], [4, 12, 5, 11], [6, 24, 7, 23], [8, 16, 9, 15], [10, 6, 11, 5], [12, 4, 13, 3]]"
12a_0410_169,"[[12, 4, 13, 3], [14, 21, 15, 22], [16, 20, 17, 19], [18, 2, 19, 1], [20, 8, 21, 7], [22, 13, 23, 14], [24, 18, 1, 17], [2, 10, 3, 9], [4, 12, 5, 11], [6, 24, 7, 23], [8, 16, 9, 15], [10, 6, 11, 5]]"
12a_0410_170,"[[10, 6, 11, 5], [12, 4, 13, 3], [14, 21, 15, 22], [16, 20, 17, 19], [18, 2, 19, 1], [20, 8, 21, 7], [22, 13, 23, 14], [24, 18, 1, 17], [2, 10, 3, 9], [4, 12, 5, 11], [6, 24, 7, 23], [8, 16, 9, 15]]"
12a_0410_171,"[[8, 16, 9, 15], [10, 6, 11, 5], [12, 4, 13, 3], [14, 21, 15, 22], [16, 20, 17, 19], [18, 2, 19, 1], [20, 8, 21, 7], [22, 13, 23, 14], [24, 18, 1, 17], [2, 10, 3, 9], [4, 12, 5, 11], [6, 24, 7, 23]]"
12a_0410_172,"[[6, 24, 7, 23], [8, 16, 9, 15], [10, 6, 11, 5], [12, 4, 13, 3], [14, 21, 15, 22], [16, 20, 17, 19], [18, 2, 19, 1], [20, 8, 21, 7], [22, 13, 23, 14], [24, 18, 1, 17], [2, 10, 3, 9], [4, 12, 5, 11]]"
12a_0410_173,"[[4, 12, 5, 11], [6, 24, 7, 23], [8, 16, 9, 15], [10, 6, 11, 5], [12, 4, 13, 3], [14, 21, 15, 22], [16, 20, 17, 19], [18, 2, 19, 1], [20, 8, 21, 7], [22, 13, 23, 14], [24, 18, 1, 17], [2, 10, 3, 9]]"
12a_0410_174,"[[2, 10, 3, 9], [4, 12, 5, 11], [6, 24, 7, 23], [8, 16, 9, 15], [10, 6, 11, 5], [12, 4, 13, 3], [14, 21, 15, 22], [16, 20, 17, 19], [18, 2, 19, 1], [20, 8, 21, 7], [22, 13, 23, 14], [24, 18, 1, 17]]"
12a_0410_175,"[[24, 18, 1, 17], [2, 10, 3, 9], [4, 12, 5, 11], [6, 24, 7, 23], [8, 16, 9, 15], [10, 6, 11, 5], [12, 4, 13, 3], [14, 21, 15, 22], [16, 20, 17, 19], [18, 2, 19, 1], [20, 8, 21, 7], [22, 13, 23, 14]]"
12a_0410_176,"[[22, 13, 23, 14], [24, 18, 1, 17], [2, 10, 3, 9], [4, 12, 5, 11], [6, 24, 7, 23], [8, 16, 9, 15], [10, 6, 11, 5], [12, 4, 13, 3], [14, 21, 15, 22], [16, 20, 17, 19], [18, 2, 19, 1], [20, 8, 21, 7]]"
12a_0410_177,"[[20, 8, 21, 7], [22, 13, 23, 14], [24, 18, 1, 17], [2, 10, 3, 9], [4, 12, 5, 11], [6, 24, 7, 23], [8, 16, 9, 15], [10, 6, 11, 5], [12, 4, 13, 3], [14, 21, 15, 22], [16, 20, 17, 19], [18, 2, 19, 1]]"
12a_0410_178,"[[18, 2, 19, 1], [20, 8, 21, 7], [22, 13, 23, 14], [24, 18, 1, 17], [2, 10, 3, 9], [4, 12, 5, 11], [6, 24, 7, 23], [8, 16, 9, 15], [10, 6, 11, 5], [12, 4, 13, 3], [14, 21, 15, 22], [16, 20, 17, 19]]"
12a_0410_179,"[[16, 20, 17, 19], [18, 2, 19, 1], [20, 8, 21, 7], [22, 13, 23, 14], [24, 18, 1, 17], [2, 10, 3, 9], [4, 12, 5, 11], [6, 24, 7, 23], [8, 16, 9, 15], [10, 6, 11, 5], [12, 4, 13, 3], [14, 21, 15, 22]]"
12a_0410_180,"[[15, 22, 16, 23], [17, 21, 18, 20], [19, 3, 20, 2], [21, 9, 22, 8], [23, 14, 24, 15], [1, 19, 2, 18], [3, 11, 4, 10], [5, 13, 6, 12], [7, 1, 8, 24], [9, 17, 10, 16], [11, 7, 12, 6], [13, 5, 14, 4]]"
12a_0410_181,"[[13, 5, 14, 4], [15, 22, 16, 23], [17, 21, 18, 20], [19, 3, 20, 2], [21, 9, 22, 8], [23, 14, 24, 15], [1, 19, 2, 18], [3, 11, 4, 10], [5, 13, 6, 12], [7, 1, 8, 24], [9, 17, 10, 16], [11, 7, 12, 6]]"
12a_0410_182,"[[11, 7, 12, 6], [13, 5, 14, 4], [15, 22, 16, 23], [17, 21, 18, 20], [19, 3, 20, 2], [21, 9, 22, 8], [23, 14, 24, 15], [1, 19, 2, 18], [3, 11, 4, 10], [5, 13, 6, 12], [7, 1, 8, 24], [9, 17, 10, 16]]"
12a_0410_183,"[[9, 17, 10, 16], [11, 7, 12, 6], [13, 5, 14, 4], [15, 22, 16, 23], [17, 21, 18, 20], [19, 3, 20, 2], [21, 9, 22, 8], [23, 14, 24, 15], [1, 19, 2, 18], [3, 11, 4, 10], [5, 13, 6, 12], [7, 1, 8, 24]]"
12a_0410_184,"[[7, 1, 8, 24], [9, 17, 10, 16], [11, 7, 12, 6], [13, 5, 14, 4], [15, 22, 16, 23], [17, 21, 18, 20], [19, 3, 20, 2], [21, 9, 22, 8], [23, 14, 24, 15], [1, 19, 2, 18], [3, 11, 4, 10], [5, 13, 6, 12]]"
12a_0410_185,"[[5, 13, 6, 12], [7, 1, 8, 24], [9, 17, 10, 16], [11, 7, 12, 6], [13, 5, 14, 4], [15, 22, 16, 23], [17, 21, 18, 20], [19, 3, 20, 2], [21, 9, 22, 8], [23, 14, 24, 15], [1, 19, 2, 18], [3, 11, 4, 10]]"
