name,pd_notation
12a_0713_0,"[[24, 9, 1, 10], [2, 6, 3, 5], [4, 16, 5, 15], [6, 18, 7, 17], [8, 20, 9, 19], [10, 21, 11, 22], [12, 23, 13, 24], [14, 4, 15, 3], [16, 14, 17, 13], [18, 8, 19, 7], [20, 2, 21, 1], [22, 11, 23, 12]]"
12a_0713_1,"[[22, 11, 23, 12], [24, 9, 1, 10], [2, 6, 3, 5], [4, 16, 5, 15], [6, 18, 7, 17], [8, 20, 9, 19], [10, 21, 11, 22], [12, 23, 13, 24], [14, 4, 15, 3], [16, 14, 17, 13], [18, 8, 19, 7], [20, 2, 21, 1]]"
12a_0713_2,"[[20, 2, 21, 1], [22, 11, 23, 12], [24, 9, 1, 10], [2, 6, 3, 5], [4, 16, 5, 15], [6, 18, 7, 17], [8, 20, 9, 19], [10, 21, 11, 22], [12, 23, 13, 24], [14, 4, 15, 3], [16, 14, 17, 13], [18, 8, 19, 7]]"
12a_0713_3,"[[18, 8, 19, 7], [20, 2, 21, 1], [22, 11, 23, 12], [24, 9, 1, 10], [2, 6, 3, 5], [4, 16, 5, 15], [6, 18, 7, 17], [8, 20, 9, 19], [10, 21, 11, 22], [12, 23, 13, 24], [14, 4, 15, 3], [16, 14, 17, 13]]"
12a_0713_4,"[[16, 14, 17, 13], [18, 8, 19, 7], [20, 2, 21, 1], [22, 11, 23, 12], [24, 9, 1, 10], [2, 6, 3, 5], [4, 16, 5, 15], [6, 18, 7, 17], [8, 20, 9, 19], [10, 21, 11, 22], [12, 23, 13, 24], [14, 4, 15, 3]]"
12a_0713_5,"[[14, 4, 15, 3], [16, 14, 17, 13], [18, 8, 19, 7], [20, 2, 21, 1], [22, 11, 23, 12], [24, 9, 1, 10], [2, 6, 3, 5], [4, 16, 5, 15], [6, 18, 7, 17], [8, 20, 9, 19], [10, 21, 11, 22], [12, 23, 13, 24]]"
12a_0713_6,"[[12, 23, 13, 24], [14, 4, 15, 3], [16, 14, 17, 13], [18, 8, 19, 7], [20, 2, 21, 1], [22, 11, 23, 12], [24, 9, 1, 10], [2, 6, 3, 5], [4, 16, 5, 15], [6, 18, 7, 17], [8, 20, 9, 19], [10, 21, 11, 22]]"
12a_0713_7,"[[10, 21, 11, 22], [12, 23, 13, 24], [14, 4, 15, 3], [16, 14, 17, 13], [18, 8, 19, 7], [20, 2, 21, 1], [22, 11, 23, 12], [24, 9, 1, 10], [2, 6, 3, 5], [4, 16, 5, 15], [6, 18, 7, 17], [8, 20, 9, 19]]"
12a_0713_8,"[[8, 20, 9, 19], [10, 21, 11, 22], [12, 23, 13, 24], [14, 4, 15, 3], [16, 14, 17, 13], [18, 8, 19, 7], [20, 2, 21, 1], [22, 11, 23, 12], [24, 9, 1, 10], [2, 6, 3, 5], [4, 16, 5, 15], [6, 18, 7, 17]]"
12a_0713_9,"[[6, 18, 7, 17], [8, 20, 9, 19], [10, 21, 11, 22], [12, 23, 13, 24], [14, 4, 15, 3], [16, 14, 17, 13], [18, 8, 19, 7], [20, 2, 21, 1], [22, 11, 23, 12], [24, 9, 1, 10], [2, 6, 3, 5], [4, 16, 5, 15]]"
12a_0713_10,"[[4, 16, 5, 15], [6, 18, 7, 17], [8, 20, 9, 19], [10, 21, 11, 22], [12, 23, 13, 24], [14, 4, 15, 3], [16, 14, 17, 13], [18, 8, 19, 7], [20, 2, 21, 1], [22, 11, 23, 12], [24, 9, 1, 10], [2, 6, 3, 5]]"
12a_0713_11,"[[2, 6, 3, 5], [4, 16, 5, 15], [6, 18, 7, 17], [8, 20, 9, 19], [10, 21, 11, 22], [12, 23, 13, 24], [14, 4, 15, 3], [16, 14, 17, 13], [18, 8, 19, 7], [20, 2, 21, 1], [22, 11, 23, 12], [24, 9, 1, 10]]"
12a_0713_12,"[[1, 10, 2, 11], [3, 7, 4, 6], [5, 17, 6, 16], [7, 19, 8, 18], [9, 21, 10, 20], [11, 22, 12, 23], [13, 24, 14, 1], [15, 5, 16, 4], [17, 15, 18, 14], [19, 9, 20, 8], [21, 3, 22, 2], [23, 12, 24, 13]]"
12a_0713_13,"[[23, 12, 24, 13], [1, 10, 2, 11], [3, 7, 4, 6], [5, 17, 6, 16], [7, 19, 8, 18], [9, 21, 10, 20], [11, 22, 12, 23], [13, 24, 14, 1], [15, 5, 16, 4], [17, 15, 18, 14], [19, 9, 20, 8], [21, 3, 22, 2]]"
12a_0713_14,"[[21, 3, 22, 2], [23, 12, 24, 13], [1, 10, 2, 11], [3, 7, 4, 6], [5, 17, 6, 16], [7, 19, 8, 18], [9, 21, 10, 20], [11, 22, 12, 23], [13, 24, 14, 1], [15, 5, 16, 4], [17, 15, 18, 14], [19, 9, 20, 8]]"
12a_0713_15,"[[19, 9, 20, 8], [21, 3, 22, 2], [23, 12, 24, 13], [1, 10, 2, 11], [3, 7, 4, 6], [5, 17, 6, 16], [7, 19, 8, 18], [9, 21, 10, 20], [11, 22, 12, 23], [13, 24, 14, 1], [15, 5, 16, 4], [17, 15, 18, 14]]"
12a_0713_16,"[[17, 15, 18, 14], [19, 9, 20, 8], [21, 3, 22, 2], [23, 12, 24, 13], [1, 10, 2, 11], [3, 7, 4, 6], [5, 17, 6, 16], [7, 19, 8, 18], [9, 21, 10, 20], [11, 22, 12, 23], [13, 24, 14, 1], [15, 5, 16, 4]]"
12a_0713_17,"[[15, 5, 16, 4], [17, 15, 18, 14], [19, 9, 20, 8], [21, 3, 22, 2], [23, 12, 24, 13], [1, 10, 2, 11], [3, 7, 4, 6], [5, 17, 6, 16], [7, 19, 8, 18], [9, 21, 10, 20], [11, 22, 12, 23], [13, 24, 14, 1]]"
12a_0713_18,"[[13, 24, 14, 1], [15, 5, 16, 4], [17, 15, 18, 14], [19, 9, 20, 8], [21, 3, 22, 2], [23, 12, 24, 13], [1, 10, 2, 11], [3, 7, 4, 6], [5, 17, 6, 16], [7, 19, 8, 18], [9, 21, 10, 20], [11, 22, 12, 23]]"
12a_0713_19,"[[11, 22, 12, 23], [13, 24, 14, 1], [15, 5, 16, 4], [17, 15, 18, 14], [19, 9, 20, 8], [21, 3, 22, 2], [23, 12, 24, 13], [1, 10, 2, 11], [3, 7, 4, 6], [5, 17, 6, 16], [7, 19, 8, 18], [9, 21, 10, 20]]"
12a_0713_20,"[[9, 21, 10, 20], [11, 22, 12, 23], [13, 24, 14, 1], [15, 5, 16, 4], [17, 15, 18, 14], [19, 9, 20, 8], [21, 3, 22, 2], [23, 12, 24, 13], [1, 10, 2, 11], [3, 7, 4, 6], [5, 17, 6, 16], [7, 19, 8, 18]]"
12a_0713_21,"[[7, 19, 8, 18], [9, 21, 10, 20], [11, 22, 12, 23], [13, 24, 14, 1], [15, 5, 16, 4], [17, 15, 18, 14], [19, 9, 20, 8], [21, 3, 22, 2], [23, 12, 24, 13], [1, 10, 2, 11], [3, 7, 4, 6], [5, 17, 6, 16]]"
12a_0713_22,"[[5, 17, 6, 16], [7, 19, 8, 18], [9, 21, 10, 20], [11, 22, 12, 23], [13, 24, 14, 1], [15, 5, 16, 4], [17, 15, 18, 14], [19, 9, 20, 8], [21, 3, 22, 2], [23, 12, 24, 13], [1, 10, 2, 11], [3, 7, 4, 6]]"
12a_0713_23,"[[3, 7, 4, 6], [5, 17, 6, 16], [7, 19, 8, 18], [9, 21, 10, 20], [11, 22, 12, 23], [13, 24, 14, 1], [15, 5, 16, 4], [17, 15, 18, 14], [19, 9, 20, 8], [21, 3, 22, 2], [23, 12, 24, 13], [1, 10, 2, 11]]"
12a_0713_24,"[[2, 11, 3, 12], [4, 8, 5, 7], [6, 18, 7, 17], [8, 20, 9, 19], [10, 22, 11, 21], [12, 23, 13, 24], [14, 1, 15, 2], [16, 6, 17, 5], [18, 16, 19, 15], [20, 10, 21, 9], [22, 4, 23, 3], [24, 13, 1, 14]]"
12a_0713_25,"[[24, 13, 1, 14], [2, 11, 3, 12], [4, 8, 5, 7], [6, 18, 7, 17], [8, 20, 9, 19], [10, 22, 11, 21], [12, 23, 13, 24], [14, 1, 15, 2], [16, 6, 17, 5], [18, 16, 19, 15], [20, 10, 21, 9], [22, 4, 23, 3]]"
12a_0713_26,"[[22, 4, 23, 3], [24, 13, 1, 14], [2, 11, 3, 12], [4, 8, 5, 7], [6, 18, 7, 17], [8, 20, 9, 19], [10, 22, 11, 21], [12, 23, 13, 24], [14, 1, 15, 2], [16, 6, 17, 5], [18, 16, 19, 15], [20, 10, 21, 9]]"
12a_0713_27,"[[20, 10, 21, 9], [22, 4, 23, 3], [24, 13, 1, 14], [2, 11, 3, 12], [4, 8, 5, 7], [6, 18, 7, 17], [8, 20, 9, 19], [10, 22, 11, 21], [12, 23, 13, 24], [14, 1, 15, 2], [16, 6, 17, 5], [18, 16, 19, 15]]"
12a_0713_28,"[[18, 16, 19, 15], [20, 10, 21, 9], [22, 4, 23, 3], [24, 13, 1, 14], [2, 11, 3, 12], [4, 8, 5, 7], [6, 18, 7, 17], [8, 20, 9, 19], [10, 22, 11, 21], [12, 23, 13, 24], [14, 1, 15, 2], [16, 6, 17, 5]]"
12a_0713_29,"[[16, 6, 17, 5], [18, 16, 19, 15], [20, 10, 21, 9], [22, 4, 23, 3], [24, 13, 1, 14], [2, 11, 3, 12], [4, 8, 5, 7], [6, 18, 7, 17], [8, 20, 9, 19], [10, 22, 11, 21], [12, 23, 13, 24], [14, 1, 15, 2]]"
12a_0713_30,"[[14, 1, 15, 2], [16, 6, 17, 5], [18, 16, 19, 15], [20, 10, 21, 9], [22, 4, 23, 3], [24, 13, 1, 14], [2, 11, 3, 12], [4, 8, 5, 7], [6, 18, 7, 17], [8, 20, 9, 19], [10, 22, 11, 21], [12, 23, 13, 24]]"
12a_0713_31,"[[12, 23, 13, 24], [14, 1, 15, 2], [16, 6, 17, 5], [18, 16, 19, 15], [20, 10, 21, 9], [22, 4, 23, 3], [24, 13, 1, 14], [2, 11, 3, 12], [4, 8, 5, 7], [6, 18, 7, 17], [8, 20, 9, 19], [10, 22, 11, 21]]"
12a_0713_32,"[[10, 22, 11, 21], [12, 23, 13, 24], [14, 1, 15, 2], [16, 6, 17, 5], [18, 16, 19, 15], [20, 10, 21, 9], [22, 4, 23, 3], [24, 13, 1, 14], [2, 11, 3, 12], [4, 8, 5, 7], [6, 18, 7, 17], [8, 20, 9, 19]]"
12a_0713_33,"[[8, 20, 9, 19], [10, 22, 11, 21], [12, 23, 13, 24], [14, 1, 15, 2], [16, 6, 17, 5], [18, 16, 19, 15], [20, 10, 21, 9], [22, 4, 23, 3], [24, 13, 1, 14], [2, 11, 3, 12], [4, 8, 5, 7], [6, 18, 7, 17]]"
12a_0713_34,"[[6, 18, 7, 17], [8, 20, 9, 19], [10, 22, 11, 21], [12, 23, 13, 24], [14, 1, 15, 2], [16, 6, 17, 5], [18, 16, 19, 15], [20, 10, 21, 9], [22, 4, 23, 3], [24, 13, 1, 14], [2, 11, 3, 12], [4, 8, 5, 7]]"
12a_0713_35,"[[4, 8, 5, 7], [6, 18, 7, 17], [8, 20, 9, 19], [10, 22, 11, 21], [12, 23, 13, 24], [14, 1, 15, 2], [16, 6, 17, 5], [18, 16, 19, 15], [20, 10, 21, 9], [22, 4, 23, 3], [24, 13, 1, 14], [2, 11, 3, 12]]"
12a_0713_36,"[[3, 12, 4, 13], [5, 9, 6, 8], [7, 19, 8, 18], [9, 21, 10, 20], [11, 23, 12, 22], [13, 24, 14, 1], [15, 2, 16, 3], [17, 7, 18, 6], [19, 17, 20, 16], [21, 11, 22, 10], [23, 5, 24, 4], [1, 14, 2, 15]]"
12a_0713_37,"[[1, 14, 2, 15], [3, 12, 4, 13], [5, 9, 6, 8], [7, 19, 8, 18], [9, 21, 10, 20], [11, 23, 12, 22], [13, 24, 14, 1], [15, 2, 16, 3], [17, 7, 18, 6], [19, 17, 20, 16], [21, 11, 22, 10], [23, 5, 24, 4]]"
12a_0713_38,"[[23, 5, 24, 4], [1, 14, 2, 15], [3, 12, 4, 13], [5, 9, 6, 8], [7, 19, 8, 18], [9, 21, 10, 20], [11, 23, 12, 22], [13, 24, 14, 1], [15, 2, 16, 3], [17, 7, 18, 6], [19, 17, 20, 16], [21, 11, 22, 10]]"
12a_0713_39,"[[21, 11, 22, 10], [23, 5, 24, 4], [1, 14, 2, 15], [3, 12, 4, 13], [5, 9, 6, 8], [7, 19, 8, 18], [9, 21, 10, 20], [11, 23, 12, 22], [13, 24, 14, 1], [15, 2, 16, 3], [17, 7, 18, 6], [19, 17, 20, 16]]"
12a_0713_40,"[[19, 17, 20, 16], [21, 11, 22, 10], [23, 5, 24, 4], [1, 14, 2, 15], [3, 12, 4, 13], [5, 9, 6, 8], [7, 19, 8, 18], [9, 21, 10, 20], [11, 23, 12, 22], [13, 24, 14, 1], [15, 2, 16, 3], [17, 7, 18, 6]]"
12a_0713_41,"[[17, 7, 18, 6], [19, 17, 20, 16], [21, 11, 22, 10], [23, 5, 24, 4], [1, 14, 2, 15], [3, 12, 4, 13], [5, 9, 6, 8], [7, 19, 8, 18], [9, 21, 10, 20], [11, 23, 12, 22], [13, 24, 14, 1], [15, 2, 16, 3]]"
12a_0713_42,"[[15, 2, 16, 3], [17, 7, 18, 6], [19, 17, 20, 16], [21, 11, 22, 10], [23, 5, 24, 4], [1, 14, 2, 15], [3, 12, 4, 13], [5, 9, 6, 8], [7, 19, 8, 18], [9, 21, 10, 20], [11, 23, 12, 22], [13, 24, 14, 1]]"
12a_0713_43,"[[13, 24, 14, 1], [15, 2, 16, 3], [17, 7, 18, 6], [19, 17, 20, 16], [21, 11, 22, 10], [23, 5, 24, 4], [1, 14, 2, 15], [3, 12, 4, 13], [5, 9, 6, 8], [7, 19, 8, 18], [9, 21, 10, 20], [11, 23, 12, 22]]"
12a_0713_44,"[[11, 23, 12, 22], [13, 24, 14, 1], [15, 2, 16, 3], [17, 7, 18, 6], [19, 17, 20, 16], [21, 11, 22, 10], [23, 5, 24, 4], [1, 14, 2, 15], [3, 12, 4, 13], [5, 9, 6, 8], [7, 19, 8, 18], [9, 21, 10, 20]]"
12a_0713_45,"[[9, 21, 10, 20], [11, 23, 12, 22], [13, 24, 14, 1], [15, 2, 16, 3], [17, 7, 18, 6], [19, 17, 20, 16], [21, 11, 22, 10], [23, 5, 24, 4], [1, 14, 2, 15], [3, 12, 4, 13], [5, 9, 6, 8], [7, 19, 8, 18]]"
12a_0713_46,"[[7, 19, 8, 18], [9, 21, 10, 20], [11, 23, 12, 22], [13, 24, 14, 1], [15, 2, 16, 3], [17, 7, 18, 6], [19, 17, 20, 16], [21, 11, 22, 10], [23, 5, 24, 4], [1, 14, 2, 15], [3, 12, 4, 13], [5, 9, 6, 8]]"
12a_0713_47,"[[5, 9, 6, 8], [7, 19, 8, 18], [9, 21, 10, 20], [11, 23, 12, 22], [13, 24, 14, 1], [15, 2, 16, 3], [17, 7, 18, 6], [19, 17, 20, 16], [21, 11, 22, 10], [23, 5, 24, 4], [1, 14, 2, 15], [3, 12, 4, 13]]"
12a_0713_48,"[[4, 13, 5, 14], [6, 10, 7, 9], [8, 20, 9, 19], [10, 22, 11, 21], [12, 24, 13, 23], [14, 1, 15, 2], [16, 3, 17, 4], [18, 8, 19, 7], [20, 18, 21, 17], [22, 12, 23, 11], [24, 6, 1, 5], [2, 15, 3, 16]]"
12a_0713_49,"[[2, 15, 3, 16], [4, 13, 5, 14], [6, 10, 7, 9], [8, 20, 9, 19], [10, 22, 11, 21], [12, 24, 13, 23], [14, 1, 15, 2], [16, 3, 17, 4], [18, 8, 19, 7], [20, 18, 21, 17], [22, 12, 23, 11], [24, 6, 1, 5]]"
12a_0713_50,"[[24, 6, 1, 5], [2, 15, 3, 16], [4, 13, 5, 14], [6, 10, 7, 9], [8, 20, 9, 19], [10, 22, 11, 21], [12, 24, 13, 23], [14, 1, 15, 2], [16, 3, 17, 4], [18, 8, 19, 7], [20, 18, 21, 17], [22, 12, 23, 11]]"
12a_0713_51,"[[22, 12, 23, 11], [24, 6, 1, 5], [2, 15, 3, 16], [4, 13, 5, 14], [6, 10, 7, 9], [8, 20, 9, 19], [10, 22, 11, 21], [12, 24, 13, 23], [14, 1, 15, 2], [16, 3, 17, 4], [18, 8, 19, 7], [20, 18, 21, 17]]"
12a_0713_52,"[[20, 18, 21, 17], [22, 12, 23, 11], [24, 6, 1, 5], [2, 15, 3, 16], [4, 13, 5, 14], [6, 10, 7, 9], [8, 20, 9, 19], [10, 22, 11, 21], [12, 24, 13, 23], [14, 1, 15, 2], [16, 3, 17, 4], [18, 8, 19, 7]]"
12a_0713_53,"[[18, 8, 19, 7], [20, 18, 21, 17], [22, 12, 23, 11], [24, 6, 1, 5], [2, 15, 3, 16], [4, 13, 5, 14], [6, 10, 7, 9], [8, 20, 9, 19], [10, 22, 11, 21], [12, 24, 13, 23], [14, 1, 15, 2], [16, 3, 17, 4]]"
12a_0713_54,"[[16, 3, 17, 4], [18, 8, 19, 7], [20, 18, 21, 17], [22, 12, 23, 11], [24, 6, 1, 5], [2, 15, 3, 16], [4, 13, 5, 14], [6, 10, 7, 9], [8, 20, 9, 19], [10, 22, 11, 21], [12, 24, 13, 23], [14, 1, 15, 2]]"
12a_0713_55,"[[14, 1, 15, 2], [16, 3, 17, 4], [18, 8, 19, 7], [20, 18, 21, 17], [22, 12, 23, 11], [24, 6, 1, 5], [2, 15, 3, 16], [4, 13, 5, 14], [6, 10, 7, 9], [8, 20, 9, 19], [10, 22, 11, 21], [12, 24, 13, 23]]"
12a_0713_56,"[[12, 24, 13, 23], [14, 1, 15, 2], [16, 3, 17, 4], [18, 8, 19, 7], [20, 18, 21, 17], [22, 12, 23, 11], [24, 6, 1, 5], [2, 15, 3, 16], [4, 13, 5, 14], [6, 10, 7, 9], [8, 20, 9, 19], [10, 22, 11, 21]]"
12a_0713_57,"[[10, 22, 11, 21], [12, 24, 13, 23], [14, 1, 15, 2], [16, 3, 17, 4], [18, 8, 19, 7], [20, 18, 21, 17], [22, 12, 23, 11], [24, 6, 1, 5], [2, 15, 3, 16], [4, 13, 5, 14], [6, 10, 7, 9], [8, 20, 9, 19]]"
12a_0713_58,"[[8, 20, 9, 19], [10, 22, 11, 21], [12, 24, 13, 23], [14, 1, 15, 2], [16, 3, 17, 4], [18, 8, 19, 7], [20, 18, 21, 17], [22, 12, 23, 11], [24, 6, 1, 5], [2, 15, 3, 16], [4, 13, 5, 14], [6, 10, 7, 9]]"
12a_0713_59,"[[6, 10, 7, 9], [8, 20, 9, 19], [10, 22, 11, 21], [12, 24, 13, 23], [14, 1, 15, 2], [16, 3, 17, 4], [18, 8, 19, 7], [20, 18, 21, 17], [22, 12, 23, 11], [24, 6, 1, 5], [2, 15, 3, 16], [4, 13, 5, 14]]"
12a_0713_60,"[[5, 14, 6, 15], [7, 11, 8, 10], [9, 21, 10, 20], [11, 23, 12, 22], [13, 1, 14, 24], [15, 2, 16, 3], [17, 4, 18, 5], [19, 9, 20, 8], [21, 19, 22, 18], [23, 13, 24, 12], [1, 7, 2, 6], [3, 16, 4, 17]]"
12a_0713_61,"[[3, 16, 4, 17], [5, 14, 6, 15], [7, 11, 8, 10], [9, 21, 10, 20], [11, 23, 12, 22], [13, 1, 14, 24], [15, 2, 16, 3], [17, 4, 18, 5], [19, 9, 20, 8], [21, 19, 22, 18], [23, 13, 24, 12], [1, 7, 2, 6]]"
12a_0713_62,"[[1, 7, 2, 6], [3, 16, 4, 17], [5, 14, 6, 15], [7, 11, 8, 10], [9, 21, 10, 20], [11, 23, 12, 22], [13, 1, 14, 24], [15, 2, 16, 3], [17, 4, 18, 5], [19, 9, 20, 8], [21, 19, 22, 18], [23, 13, 24, 12]]"
12a_0713_63,"[[23, 13, 24, 12], [1, 7, 2, 6], [3, 16, 4, 17], [5, 14, 6, 15], [7, 11, 8, 10], [9, 21, 10, 20], [11, 23, 12, 22], [13, 1, 14, 24], [15, 2, 16, 3], [17, 4, 18, 5], [19, 9, 20, 8], [21, 19, 22, 18]]"
12a_0713_64,"[[21, 19, 22, 18], [23, 13, 24, 12], [1, 7, 2, 6], [3, 16, 4, 17], [5, 14, 6, 15], [7, 11, 8, 10], [9, 21, 10, 20], [11, 23, 12, 22], [13, 1, 14, 24], [15, 2, 16, 3], [17, 4, 18, 5], [19, 9, 20, 8]]"
12a_0713_65,"[[19, 9, 20, 8], [21, 19, 22, 18], [23, 13, 24, 12], [1, 7, 2, 6], [3, 16, 4, 17], [5, 14, 6, 15], [7, 11, 8, 10], [9, 21, 10, 20], [11, 23, 12, 22], [13, 1, 14, 24], [15, 2, 16, 3], [17, 4, 18, 5]]"
12a_0713_66,"[[17, 4, 18, 5], [19, 9, 20, 8], [21, 19, 22, 18], [23, 13, 24, 12], [1, 7, 2, 6], [3, 16, 4, 17], [5, 14, 6, 15], [7, 11, 8, 10], [9, 21, 10, 20], [11, 23, 12, 22], [13, 1, 14, 24], [15, 2, 16, 3]]"
12a_0713_67,"[[15, 2, 16, 3], [17, 4, 18, 5], [19, 9, 20, 8], [21, 19, 22, 18], [23, 13, 24, 12], [1, 7, 2, 6], [3, 16, 4, 17], [5, 14, 6, 15], [7, 11, 8, 10], [9, 21, 10, 20], [11, 23, 12, 22], [13, 1, 14, 24]]"
12a_0713_68,"[[13, 1, 14, 24], [15, 2, 16, 3], [17, 4, 18, 5], [19, 9, 20, 8], [21, 19, 22, 18], [23, 13, 24, 12], [1, 7, 2, 6], [3, 16, 4, 17], [5, 14, 6, 15], [7, 11, 8, 10], [9, 21, 10, 20], [11, 23, 12, 22]]"
12a_0713_69,"[[11, 23, 12, 22], [13, 1, 14, 24], [15, 2, 16, 3], [17, 4, 18, 5], [19, 9, 20, 8], [21, 19, 22, 18], [23, 13, 24, 12], [1, 7, 2, 6], [3, 16, 4, 17], [5, 14, 6, 15], [7, 11, 8, 10], [9, 21, 10, 20]]"
12a_0713_70,"[[9, 21, 10, 20], [11, 23, 12, 22], [13, 1, 14, 24], [15, 2, 16, 3], [17, 4, 18, 5], [19, 9, 20, 8], [21, 19, 22, 18], [23, 13, 24, 12], [1, 7, 2, 6], [3, 16, 4, 17], [5, 14, 6, 15], [7, 11, 8, 10]]"
12a_0713_71,"[[7, 11, 8, 10], [9, 21, 10, 20], [11, 23, 12, 22], [13, 1, 14, 24], [15, 2, 16, 3], [17, 4, 18, 5], [19, 9, 20, 8], [21, 19, 22, 18], [23, 13, 24, 12], [1, 7, 2, 6], [3, 16, 4, 17], [5, 14, 6, 15]]"
12a_0713_72,"[[6, 15, 7, 16], [8, 12, 9, 11], [10, 22, 11, 21], [12, 24, 13, 23], [14, 2, 15, 1], [16, 3, 17, 4], [18, 5, 19, 6], [20, 10, 21, 9], [22, 20, 23, 19], [24, 14, 1, 13], [2, 8, 3, 7], [4, 17, 5, 18]]"
12a_0713_73,"[[4, 17, 5, 18], [6, 15, 7, 16], [8, 12, 9, 11], [10, 22, 11, 21], [12, 24, 13, 23], [14, 2, 15, 1], [16, 3, 17, 4], [18, 5, 19, 6], [20, 10, 21, 9], [22, 20, 23, 19], [24, 14, 1, 13], [2, 8, 3, 7]]"
12a_0713_74,"[[2, 8, 3, 7], [4, 17, 5, 18], [6, 15, 7, 16], [8, 12, 9, 11], [10, 22, 11, 21], [12, 24, 13, 23], [14, 2, 15, 1], [16, 3, 17, 4], [18, 5, 19, 6], [20, 10, 21, 9], [22, 20, 23, 19], [24, 14, 1, 13]]"
12a_0713_75,"[[24, 14, 1, 13], [2, 8, 3, 7], [4, 17, 5, 18], [6, 15, 7, 16], [8, 12, 9, 11], [10, 22, 11, 21], [12, 24, 13, 23], [14, 2, 15, 1], [16, 3, 17, 4], [18, 5, 19, 6], [20, 10, 21, 9], [22, 20, 23, 19]]"
12a_0713_76,"[[22, 20, 23, 19], [24, 14, 1, 13], [2, 8, 3, 7], [4, 17, 5, 18], [6, 15, 7, 16], [8, 12, 9, 11], [10, 22, 11, 21], [12, 24, 13, 23], [14, 2, 15, 1], [16, 3, 17, 4], [18, 5, 19, 6], [20, 10, 21, 9]]"
12a_0713_77,"[[20, 10, 21, 9], [22, 20, 23, 19], [24, 14, 1, 13], [2, 8, 3, 7], [4, 17, 5, 18], [6, 15, 7, 16], [8, 12, 9, 11], [10, 22, 11, 21], [12, 24, 13, 23], [14, 2, 15, 1], [16, 3, 17, 4], [18, 5, 19, 6]]"
12a_0713_78,"[[18, 5, 19, 6], [20, 10, 21, 9], [22, 20, 23, 19], [24, 14, 1, 13], [2, 8, 3, 7], [4, 17, 5, 18], [6, 15, 7, 16], [8, 12, 9, 11], [10, 22, 11, 21], [12, 24, 13, 23], [14, 2, 15, 1], [16, 3, 17, 4]]"
12a_0713_79,"[[16, 3, 17, 4], [18, 5, 19, 6], [20, 10, 21, 9], [22, 20, 23, 19], [24, 14, 1, 13], [2, 8, 3, 7], [4, 17, 5, 18], [6, 15, 7, 16], [8, 12, 9, 11], [10, 22, 11, 21], [12, 24, 13, 23], [14, 2, 15, 1]]"
12a_0713_80,"[[14, 2, 15, 1], [16, 3, 17, 4], [18, 5, 19, 6], [20, 10, 21, 9], [22, 20, 23, 19], [24, 14, 1, 13], [2, 8, 3, 7], [4, 17, 5, 18], [6, 15, 7, 16], [8, 12, 9, 11], [10, 22, 11, 21], [12, 24, 13, 23]]"
12a_0713_81,"[[12, 24, 13, 23], [14, 2, 15, 1], [16, 3, 17, 4], [18, 5, 19, 6], [20, 10, 21, 9], [22, 20, 23, 19], [24, 14, 1, 13], [2, 8, 3, 7], [4, 17, 5, 18], [6, 15, 7, 16], [8, 12, 9, 11], [10, 22, 11, 21]]"
12a_0713_82,"[[10, 22, 11, 21], [12, 24, 13, 23], [14, 2, 15, 1], [16, 3, 17, 4], [18, 5, 19, 6], [20, 10, 21, 9], [22, 20, 23, 19], [24, 14, 1, 13], [2, 8, 3, 7], [4, 17, 5, 18], [6, 15, 7, 16], [8, 12, 9, 11]]"
12a_0713_83,"[[8, 12, 9, 11], [10, 22, 11, 21], [12, 24, 13, 23], [14, 2, 15, 1], [16, 3, 17, 4], [18, 5, 19, 6], [20, 10, 21, 9], [22, 20, 23, 19], [24, 14, 1, 13], [2, 8, 3, 7], [4, 17, 5, 18], [6, 15, 7, 16]]"
12a_0713_84,"[[7, 16, 8, 17], [9, 13, 10, 12], [11, 23, 12, 22], [13, 1, 14, 24], [15, 3, 16, 2], [17, 4, 18, 5], [19, 6, 20, 7], [21, 11, 22, 10], [23, 21, 24, 20], [1, 15, 2, 14], [3, 9, 4, 8], [5, 18, 6, 19]]"
12a_0713_85,"[[5, 18, 6, 19], [7, 16, 8, 17], [9, 13, 10, 12], [11, 23, 12, 22], [13, 1, 14, 24], [15, 3, 16, 2], [17, 4, 18, 5], [19, 6, 20, 7], [21, 11, 22, 10], [23, 21, 24, 20], [1, 15, 2, 14], [3, 9, 4, 8]]"
12a_0713_86,"[[3, 9, 4, 8], [5, 18, 6, 19], [7, 16, 8, 17], [9, 13, 10, 12], [11, 23, 12, 22], [13, 1, 14, 24], [15, 3, 16, 2], [17, 4, 18, 5], [19, 6, 20, 7], [21, 11, 22, 10], [23, 21, 24, 20], [1, 15, 2, 14]]"
12a_0713_87,"[[1, 15, 2, 14], [3, 9, 4, 8], [5, 18, 6, 19], [7, 16, 8, 17], [9, 13, 10, 12], [11, 23, 12, 22], [13, 1, 14, 24], [15, 3, 16, 2], [17, 4, 18, 5], [19, 6, 20, 7], [21, 11, 22, 10], [23, 21, 24, 20]]"
12a_0713_88,"[[23, 21, 24, 20], [1, 15, 2, 14], [3, 9, 4, 8], [5, 18, 6, 19], [7, 16, 8, 17], [9, 13, 10, 12], [11, 23, 12, 22], [13, 1, 14, 24], [15, 3, 16, 2], [17, 4, 18, 5], [19, 6, 20, 7], [21, 11, 22, 10]]"
12a_0713_89,"[[21, 11, 22, 10], [23, 21, 24, 20], [1, 15, 2, 14], [3, 9, 4, 8], [5, 18, 6, 19], [7, 16, 8, 17], [9, 13, 10, 12], [11, 23, 12, 22], [13, 1, 14, 24], [15, 3, 16, 2], [17, 4, 18, 5], [19, 6, 20, 7]]"
12a_0713_90,"[[19, 6, 20, 7], [21, 11, 22, 10], [23, 21, 24, 20], [1, 15, 2, 14], [3, 9, 4, 8], [5, 18, 6, 19], [7, 16, 8, 17], [9, 13, 10, 12], [11, 23, 12, 22], [13, 1, 14, 24], [15, 3, 16, 2], [17, 4, 18, 5]]"
12a_0713_91,"[[17, 4, 18, 5], [19, 6, 20, 7], [21, 11, 22, 10], [23, 21, 24, 20], [1, 15, 2, 14], [3, 9, 4, 8], [5, 18, 6, 19], [7, 16, 8, 17], [9, 13, 10, 12], [11, 23, 12, 22], [13, 1, 14, 24], [15, 3, 16, 2]]"
12a_0713_92,"[[15, 3, 16, 2], [17, 4, 18, 5], [19, 6, 20, 7], [21, 11, 22, 10], [23, 21, 24, 20], [1, 15, 2, 14], [3, 9, 4, 8], [5, 18, 6, 19], [7, 16, 8, 17], [9, 13, 10, 12], [11, 23, 12, 22], [13, 1, 14, 24]]"
12a_0713_93,"[[13, 1, 14, 24], [15, 3, 16, 2], [17, 4, 18, 5], [19, 6, 20, 7], [21, 11, 22, 10], [23, 21, 24, 20], [1, 15, 2, 14], [3, 9, 4, 8], [5, 18, 6, 19], [7, 16, 8, 17], [9, 13, 10, 12], [11, 23, 12, 22]]"
12a_0713_94,"[[11, 23, 12, 22], [13, 1, 14, 24], [15, 3, 16, 2], [17, 4, 18, 5], [19, 6, 20, 7], [21, 11, 22, 10], [23, 21, 24, 20], [1, 15, 2, 14], [3, 9, 4, 8], [5, 18, 6, 19], [7, 16, 8, 17], [9, 13, 10, 12]]"
12a_0713_95,"[[9, 13, 10, 12], [11, 23, 12, 22], [13, 1, 14, 24], [15, 3, 16, 2], [17, 4, 18, 5], [19, 6, 20, 7], [21, 11, 22, 10], [23, 21, 24, 20], [1, 15, 2, 14], [3, 9, 4, 8], [5, 18, 6, 19], [7, 16, 8, 17]]"
12a_0713_96,"[[8, 17, 9, 18], [10, 14, 11, 13], [12, 24, 13, 23], [14, 2, 15, 1], [16, 4, 17, 3], [18, 5, 19, 6], [20, 7, 21, 8], [22, 12, 23, 11], [24, 22, 1, 21], [2, 16, 3, 15], [4, 10, 5, 9], [6, 19, 7, 20]]"
12a_0713_97,"[[6, 19, 7, 20], [8, 17, 9, 18], [10, 14, 11, 13], [12, 24, 13, 23], [14, 2, 15, 1], [16, 4, 17, 3], [18, 5, 19, 6], [20, 7, 21, 8], [22, 12, 23, 11], [24, 22, 1, 21], [2, 16, 3, 15], [4, 10, 5, 9]]"
12a_0713_98,"[[4, 10, 5, 9], [6, 19, 7, 20], [8, 17, 9, 18], [10, 14, 11, 13], [12, 24, 13, 23], [14, 2, 15, 1], [16, 4, 17, 3], [18, 5, 19, 6], [20, 7, 21, 8], [22, 12, 23, 11], [24, 22, 1, 21], [2, 16, 3, 15]]"
12a_0713_99,"[[2, 16, 3, 15], [4, 10, 5, 9], [6, 19, 7, 20], [8, 17, 9, 18], [10, 14, 11, 13], [12, 24, 13, 23], [14, 2, 15, 1], [16, 4, 17, 3], [18, 5, 19, 6], [20, 7, 21, 8], [22, 12, 23, 11], [24, 22, 1, 21]]"
12a_0713_100,"[[24, 22, 1, 21], [2, 16, 3, 15], [4, 10, 5, 9], [6, 19, 7, 20], [8, 17, 9, 18], [10, 14, 11, 13], [12, 24, 13, 23], [14, 2, 15, 1], [16, 4, 17, 3], [18, 5, 19, 6], [20, 7, 21, 8], [22, 12, 23, 11]]"
12a_0713_101,"[[22, 12, 23, 11], [24, 22, 1, 21], [2, 16, 3, 15], [4, 10, 5, 9], [6, 19, 7, 20], [8, 17, 9, 18], [10, 14, 11, 13], [12, 24, 13, 23], [14, 2, 15, 1], [16, 4, 17, 3], [18, 5, 19, 6], [20, 7, 21, 8]]"
12a_0713_102,"[[20, 7, 21, 8], [22, 12, 23, 11], [24, 22, 1, 21], [2, 16, 3, 15], [4, 10, 5, 9], [6, 19, 7, 20], [8, 17, 9, 18], [10, 14, 11, 13], [12, 24, 13, 23], [14, 2, 15, 1], [16, 4, 17, 3], [18, 5, 19, 6]]"
12a_0713_103,"[[18, 5, 19, 6], [20, 7, 21, 8], [22, 12, 23, 11], [24, 22, 1, 21], [2, 16, 3, 15], [4, 10, 5, 9], [6, 19, 7, 20], [8, 17, 9, 18], [10, 14, 11, 13], [12, 24, 13, 23], [14, 2, 15, 1], [16, 4, 17, 3]]"
12a_0713_104,"[[16, 4, 17, 3], [18, 5, 19, 6], [20, 7, 21, 8], [22, 12, 23, 11], [24, 22, 1, 21], [2, 16, 3, 15], [4, 10, 5, 9], [6, 19, 7, 20], [8, 17, 9, 18], [10, 14, 11, 13], [12, 24, 13, 23], [14, 2, 15, 1]]"
12a_0713_105,"[[14, 2, 15, 1], [16, 4, 17, 3], [18, 5, 19, 6], [20, 7, 21, 8], [22, 12, 23, 11], [24, 22, 1, 21], [2, 16, 3, 15], [4, 10, 5, 9], [6, 19, 7, 20], [8, 17, 9, 18], [10, 14, 11, 13], [12, 24, 13, 23]]"
12a_0713_106,"[[12, 24, 13, 23], [14, 2, 15, 1], [16, 4, 17, 3], [18, 5, 19, 6], [20, 7, 21, 8], [22, 12, 23, 11], [24, 22, 1, 21], [2, 16, 3, 15], [4, 10, 5, 9], [6, 19, 7, 20], [8, 17, 9, 18], [10, 14, 11, 13]]"
12a_0713_107,"[[10, 14, 11, 13], [12, 24, 13, 23], [14, 2, 15, 1], [16, 4, 17, 3], [18, 5, 19, 6], [20, 7, 21, 8], [22, 12, 23, 11], [24, 22, 1, 21], [2, 16, 3, 15], [4, 10, 5, 9], [6, 19, 7, 20], [8, 17, 9, 18]]"
12a_0713_108,"[[9, 18, 10, 19], [11, 15, 12, 14], [13, 1, 14, 24], [15, 3, 16, 2], [17, 5, 18, 4], [19, 6, 20, 7], [21, 8, 22, 9], [23, 13, 24, 12], [1, 23, 2, 22], [3, 17, 4, 16], [5, 11, 6, 10], [7, 20, 8, 21]]"
12a_0713_109,"[[7, 20, 8, 21], [9, 18, 10, 19], [11, 15, 12, 14], [13, 1, 14, 24], [15, 3, 16, 2], [17, 5, 18, 4], [19, 6, 20, 7], [21, 8, 22, 9], [23, 13, 24, 12], [1, 23, 2, 22], [3, 17, 4, 16], [5, 11, 6, 10]]"
12a_0713_110,"[[5, 11, 6, 10], [7, 20, 8, 21], [9, 18, 10, 19], [11, 15, 12, 14], [13, 1, 14, 24], [15, 3, 16, 2], [17, 5, 18, 4], [19, 6, 20, 7], [21, 8, 22, 9], [23, 13, 24, 12], [1, 23, 2, 22], [3, 17, 4, 16]]"
12a_0713_111,"[[3, 17, 4, 16], [5, 11, 6, 10], [7, 20, 8, 21], [9, 18, 10, 19], [11, 15, 12, 14], [13, 1, 14, 24], [15, 3, 16, 2], [17, 5, 18, 4], [19, 6, 20, 7], [21, 8, 22, 9], [23, 13, 24, 12], [1, 23, 2, 22]]"
12a_0713_112,"[[1, 23, 2, 22], [3, 17, 4, 16], [5, 11, 6, 10], [7, 20, 8, 21], [9, 18, 10, 19], [11, 15, 12, 14], [13, 1, 14, 24], [15, 3, 16, 2], [17, 5, 18, 4], [19, 6, 20, 7], [21, 8, 22, 9], [23, 13, 24, 12]]"
12a_0713_113,"[[23, 13, 24, 12], [1, 23, 2, 22], [3, 17, 4, 16], [5, 11, 6, 10], [7, 20, 8, 21], [9, 18, 10, 19], [11, 15, 12, 14], [13, 1, 14, 24], [15, 3, 16, 2], [17, 5, 18, 4], [19, 6, 20, 7], [21, 8, 22, 9]]"
12a_0713_114,"[[21, 8, 22, 9], [23, 13, 24, 12], [1, 23, 2, 22], [3, 17, 4, 16], [5, 11, 6, 10], [7, 20, 8, 21], [9, 18, 10, 19], [11, 15, 12, 14], [13, 1, 14, 24], [15, 3, 16, 2], [17, 5, 18, 4], [19, 6, 20, 7]]"
12a_0713_115,"[[19, 6, 20, 7], [21, 8, 22, 9], [23, 13, 24, 12], [1, 23, 2, 22], [3, 17, 4, 16], [5, 11, 6, 10], [7, 20, 8, 21], [9, 18, 10, 19], [11, 15, 12, 14], [13, 1, 14, 24], [15, 3, 16, 2], [17, 5, 18, 4]]"
12a_0713_116,"[[17, 5, 18, 4], [19, 6, 20, 7], [21, 8, 22, 9], [23, 13, 24, 12], [1, 23, 2, 22], [3, 17, 4, 16], [5, 11, 6, 10], [7, 20, 8, 21], [9, 18, 10, 19], [11, 15, 12, 14], [13, 1, 14, 24], [15, 3, 16, 2]]"
12a_0713_117,"[[15, 3, 16, 2], [17, 5, 18, 4], [19, 6, 20, 7], [21, 8, 22, 9], [23, 13, 24, 12], [1, 23, 2, 22], [3, 17, 4, 16], [5, 11, 6, 10], [7, 20, 8, 21], [9, 18, 10, 19], [11, 15, 12, 14], [13, 1, 14, 24]]"
12a_0713_118,"[[13, 1, 14, 24], [15, 3, 16, 2], [17, 5, 18, 4], [19, 6, 20, 7], [21, 8, 22, 9], [23, 13, 24, 12], [1, 23, 2, 22], [3, 17, 4, 16], [5, 11, 6, 10], [7, 20, 8, 21], [9, 18, 10, 19], [11, 15, 12, 14]]"
12a_0713_119,"[[11, 15, 12, 14], [13, 1, 14, 24], [15, 3, 16, 2], [17, 5, 18, 4], [19, 6, 20, 7], [21, 8, 22, 9], [23, 13, 24, 12], [1, 23, 2, 22], [3, 17, 4, 16], [5, 11, 6, 10], [7, 20, 8, 21], [9, 18, 10, 19]]"
12a_0713_120,"[[10, 19, 11, 20], [12, 16, 13, 15], [14, 2, 15, 1], [16, 4, 17, 3], [18, 6, 19, 5], [20, 7, 21, 8], [22, 9, 23, 10], [24, 14, 1, 13], [2, 24, 3, 23], [4, 18, 5, 17], [6, 12, 7, 11], [8, 21, 9, 22]]"
12a_0713_121,"[[8, 21, 9, 22], [10, 19, 11, 20], [12, 16, 13, 15], [14, 2, 15, 1], [16, 4, 17, 3], [18, 6, 19, 5], [20, 7, 21, 8], [22, 9, 23, 10], [24, 14, 1, 13], [2, 24, 3, 23], [4, 18, 5, 17], [6, 12, 7, 11]]"
12a_0713_122,"[[6, 12, 7, 11], [8, 21, 9, 22], [10, 19, 11, 20], [12, 16, 13, 15], [14, 2, 15, 1], [16, 4, 17, 3], [18, 6, 19, 5], [20, 7, 21, 8], [22, 9, 23, 10], [24, 14, 1, 13], [2, 24, 3, 23], [4, 18, 5, 17]]"
12a_0713_123,"[[4, 18, 5, 17], [6, 12, 7, 11], [8, 21, 9, 22], [10, 19, 11, 20], [12, 16, 13, 15], [14, 2, 15, 1], [16, 4, 17, 3], [18, 6, 19, 5], [20, 7, 21, 8], [22, 9, 23, 10], [24, 14, 1, 13], [2, 24, 3, 23]]"
12a_0713_124,"[[2, 24, 3, 23], [4, 18, 5, 17], [6, 12, 7, 11], [8, 21, 9, 22], [10, 19, 11, 20], [12, 16, 13, 15], [14, 2, 15, 1], [16, 4, 17, 3], [18, 6, 19, 5], [20, 7, 21, 8], [22, 9, 23, 10], [24, 14, 1, 13]]"
12a_0713_125,"[[24, 14, 1, 13], [2, 24, 3, 23], [4, 18, 5, 17], [6, 12, 7, 11], [8, 21, 9, 22], [10, 19, 11, 20], [12, 16, 13, 15], [14, 2, 15, 1], [16, 4, 17, 3], [18, 6, 19, 5], [20, 7, 21, 8], [22, 9, 23, 10]]"
12a_0713_126,"[[22, 9, 23, 10], [24, 14, 1, 13], [2, 24, 3, 23], [4, 18, 5, 17], [6, 12, 7, 11], [8, 21, 9, 22], [10, 19, 11, 20], [12, 16, 13, 15], [14, 2, 15, 1], [16, 4, 17, 3], [18, 6, 19, 5], [20, 7, 21, 8]]"
12a_0713_127,"[[20, 7, 21, 8], [22, 9, 23, 10], [24, 14, 1, 13], [2, 24, 3, 23], [4, 18, 5, 17], [6, 12, 7, 11], [8, 21, 9, 22], [10, 19, 11, 20], [12, 16, 13, 15], [14, 2, 15, 1], [16, 4, 17, 3], [18, 6, 19, 5]]"
12a_0713_128,"[[18, 6, 19, 5], [20, 7, 21, 8], [22, 9, 23, 10], [24, 14, 1, 13], [2, 24, 3, 23], [4, 18, 5, 17], [6, 12, 7, 11], [8, 21, 9, 22], [10, 19, 11, 20], [12, 16, 13, 15], [14, 2, 15, 1], [16, 4, 17, 3]]"
12a_0713_129,"[[16, 4, 17, 3], [18, 6, 19, 5], [20, 7, 21, 8], [22, 9, 23, 10], [24, 14, 1, 13], [2, 24, 3, 23], [4, 18, 5, 17], [6, 12, 7, 11], [8, 21, 9, 22], [10, 19, 11, 20], [12, 16, 13, 15], [14, 2, 15, 1]]"
12a_0713_130,"[[14, 2, 15, 1], [16, 4, 17, 3], [18, 6, 19, 5], [20, 7, 21, 8], [22, 9, 23, 10], [24, 14, 1, 13], [2, 24, 3, 23], [4, 18, 5, 17], [6, 12, 7, 11], [8, 21, 9, 22], [10, 19, 11, 20], [12, 16, 13, 15]]"
12a_0713_131,"[[12, 16, 13, 15], [14, 2, 15, 1], [16, 4, 17, 3], [18, 6, 19, 5], [20, 7, 21, 8], [22, 9, 23, 10], [24, 14, 1, 13], [2, 24, 3, 23], [4, 18, 5, 17], [6, 12, 7, 11], [8, 21, 9, 22], [10, 19, 11, 20]]"
12a_0713_132,"[[11, 20, 12, 21], [13, 17, 14, 16], [15, 3, 16, 2], [17, 5, 18, 4], [19, 7, 20, 6], [21, 8, 22, 9], [23, 10, 24, 11], [1, 15, 2, 14], [3, 1, 4, 24], [5, 19, 6, 18], [7, 13, 8, 12], [9, 22, 10, 23]]"
12a_0713_133,"[[9, 22, 10, 23], [11, 20, 12, 21], [13, 17, 14, 16], [15, 3, 16, 2], [17, 5, 18, 4], [19, 7, 20, 6], [21, 8, 22, 9], [23, 10, 24, 11], [1, 15, 2, 14], [3, 1, 4, 24], [5, 19, 6, 18], [7, 13, 8, 12]]"
12a_0713_134,"[[7, 13, 8, 12], [9, 22, 10, 23], [11, 20, 12, 21], [13, 17, 14, 16], [15, 3, 16, 2], [17, 5, 18, 4], [19, 7, 20, 6], [21, 8, 22, 9], [23, 10, 24, 11], [1, 15, 2, 14], [3, 1, 4, 24], [5, 19, 6, 18]]"
12a_0713_135,"[[5, 19, 6, 18], [7, 13, 8, 12], [9, 22, 10, 23], [11, 20, 12, 21], [13, 17, 14, 16], [15, 3, 16, 2], [17, 5, 18, 4], [19, 7, 20, 6], [21, 8, 22, 9], [23, 10, 24, 11], [1, 15, 2, 14], [3, 1, 4, 24]]"
12a_0713_136,"[[3, 1, 4, 24], [5, 19, 6, 18], [7, 13, 8, 12], [9, 22, 10, 23], [11, 20, 12, 21], [13, 17, 14, 16], [15, 3, 16, 2], [17, 5, 18, 4], [19, 7, 20, 6], [21, 8, 22, 9], [23, 10, 24, 11], [1, 15, 2, 14]]"
12a_0713_137,"[[1, 15, 2, 14], [3, 1, 4, 24], [5, 19, 6, 18], [7, 13, 8, 12], [9, 22, 10, 23], [11, 20, 12, 21], [13, 17, 14, 16], [15, 3, 16, 2], [17, 5, 18, 4], [19, 7, 20, 6], [21, 8, 22, 9], [23, 10, 24, 11]]"
12a_0713_138,"[[23, 10, 24, 11], [1, 15, 2, 14], [3, 1, 4, 24], [5, 19, 6, 18], [7, 13, 8, 12], [9, 22, 10, 23], [11, 20, 12, 21], [13, 17, 14, 16], [15, 3, 16, 2], [17, 5, 18, 4], [19, 7, 20, 6], [21, 8, 22, 9]]"
12a_0713_139,"[[21, 8, 22, 9], [23, 10, 24, 11], [1, 15, 2, 14], [3, 1, 4, 24], [5, 19, 6, 18], [7, 13, 8, 12], [9, 22, 10, 23], [11, 20, 12, 21], [13, 17, 14, 16], [15, 3, 16, 2], [17, 5, 18, 4], [19, 7, 20, 6]]"
12a_0713_140,"[[19, 7, 20, 6], [21, 8, 22, 9], [23, 10, 24, 11], [1, 15, 2, 14], [3, 1, 4, 24], [5, 19, 6, 18], [7, 13, 8, 12], [9, 22, 10, 23], [11, 20, 12, 21], [13, 17, 14, 16], [15, 3, 16, 2], [17, 5, 18, 4]]"
12a_0713_141,"[[17, 5, 18, 4], [19, 7, 20, 6], [21, 8, 22, 9], [23, 10, 24, 11], [1, 15, 2, 14], [3, 1, 4, 24], [5, 19, 6, 18], [7, 13, 8, 12], [9, 22, 10, 23], [11, 20, 12, 21], [13, 17, 14, 16], [15, 3, 16, 2]]"
12a_0713_142,"[[15, 3, 16, 2], [17, 5, 18, 4], [19, 7, 20, 6], [21, 8, 22, 9], [23, 10, 24, 11], [1, 15, 2, 14], [3, 1, 4, 24], [5, 19, 6, 18], [7, 13, 8, 12], [9, 22, 10, 23], [11, 20, 12, 21], [13, 17, 14, 16]]"
12a_0713_143,"[[13, 17, 14, 16], [15, 3, 16, 2], [17, 5, 18, 4], [19, 7, 20, 6], [21, 8, 22, 9], [23, 10, 24, 11], [1, 15, 2, 14], [3, 1, 4, 24], [5, 19, 6, 18], [7, 13, 8, 12], [9, 22, 10, 23], [11, 20, 12, 21]]"
12a_0713_144,"[[12, 21, 13, 22], [14, 18, 15, 17], [16, 4, 17, 3], [18, 6, 19, 5], [20, 8, 21, 7], [22, 9, 23, 10], [24, 11, 1, 12], [2, 16, 3, 15], [4, 2, 5, 1], [6, 20, 7, 19], [8, 14, 9, 13], [10, 23, 11, 24]]"
12a_0713_145,"[[10, 23, 11, 24], [12, 21, 13, 22], [14, 18, 15, 17], [16, 4, 17, 3], [18, 6, 19, 5], [20, 8, 21, 7], [22, 9, 23, 10], [24, 11, 1, 12], [2, 16, 3, 15], [4, 2, 5, 1], [6, 20, 7, 19], [8, 14, 9, 13]]"
12a_0713_146,"[[8, 14, 9, 13], [10, 23, 11, 24], [12, 21, 13, 22], [14, 18, 15, 17], [16, 4, 17, 3], [18, 6, 19, 5], [20, 8, 21, 7], [22, 9, 23, 10], [24, 11, 1, 12], [2, 16, 3, 15], [4, 2, 5, 1], [6, 20, 7, 19]]"
12a_0713_147,"[[6, 20, 7, 19], [8, 14, 9, 13], [10, 23, 11, 24], [12, 21, 13, 22], [14, 18, 15, 17], [16, 4, 17, 3], [18, 6, 19, 5], [20, 8, 21, 7], [22, 9, 23, 10], [24, 11, 1, 12], [2, 16, 3, 15], [4, 2, 5, 1]]"
12a_0713_148,"[[4, 2, 5, 1], [6, 20, 7, 19], [8, 14, 9, 13], [10, 23, 11, 24], [12, 21, 13, 22], [14, 18, 15, 17], [16, 4, 17, 3], [18, 6, 19, 5], [20, 8, 21, 7], [22, 9, 23, 10], [24, 11, 1, 12], [2, 16, 3, 15]]"
12a_0713_149,"[[2, 16, 3, 15], [4, 2, 5, 1], [6, 20, 7, 19], [8, 14, 9, 13], [10, 23, 11, 24], [12, 21, 13, 22], [14, 18, 15, 17], [16, 4, 17, 3], [18, 6, 19, 5], [20, 8, 21, 7], [22, 9, 23, 10], [24, 11, 1, 12]]"
12a_0713_150,"[[24, 11, 1, 12], [2, 16, 3, 15], [4, 2, 5, 1], [6, 20, 7, 19], [8, 14, 9, 13], [10, 23, 11, 24], [12, 21, 13, 22], [14, 18, 15, 17], [16, 4, 17, 3], [18, 6, 19, 5], [20, 8, 21, 7], [22, 9, 23, 10]]"
12a_0713_151,"[[22, 9, 23, 10], [24, 11, 1, 12], [2, 16, 3, 15], [4, 2, 5, 1], [6, 20, 7, 19], [8, 14, 9, 13], [10, 23, 11, 24], [12, 21, 13, 22], [14, 18, 15, 17], [16, 4, 17, 3], [18, 6, 19, 5], [20, 8, 21, 7]]"
12a_0713_152,"[[20, 8, 21, 7], [22, 9, 23, 10], [24, 11, 1, 12], [2, 16, 3, 15], [4, 2, 5, 1], [6, 20, 7, 19], [8, 14, 9, 13], [10, 23, 11, 24], [12, 21, 13, 22], [14, 18, 15, 17], [16, 4, 17, 3], [18, 6, 19, 5]]"
12a_0713_153,"[[18, 6, 19, 5], [20, 8, 21, 7], [22, 9, 23, 10], [24, 11, 1, 12], [2, 16, 3, 15], [4, 2, 5, 1], [6, 20, 7, 19], [8, 14, 9, 13], [10, 23, 11, 24], [12, 21, 13, 22], [14, 18, 15, 17], [16, 4, 17, 3]]"
12a_0713_154,"[[16, 4, 17, 3], [18, 6, 19, 5], [20, 8, 21, 7], [22, 9, 23, 10], [24, 11, 1, 12], [2, 16, 3, 15], [4, 2, 5, 1], [6, 20, 7, 19], [8, 14, 9, 13], [10, 23, 11, 24], [12, 21, 13, 22], [14, 18, 15, 17]]"
12a_0713_155,"[[14, 18, 15, 17], [16, 4, 17, 3], [18, 6, 19, 5], [20, 8, 21, 7], [22, 9, 23, 10], [24, 11, 1, 12], [2, 16, 3, 15], [4, 2, 5, 1], [6, 20, 7, 19], [8, 14, 9, 13], [10, 23, 11, 24], [12, 21, 13, 22]]"
12a_0713_156,"[[13, 22, 14, 23], [15, 19, 16, 18], [17, 5, 18, 4], [19, 7, 20, 6], [21, 9, 22, 8], [23, 10, 24, 11], [1, 12, 2, 13], [3, 17, 4, 16], [5, 3, 6, 2], [7, 21, 8, 20], [9, 15, 10, 14], [11, 24, 12, 1]]"
12a_0713_157,"[[11, 24, 12, 1], [13, 22, 14, 23], [15, 19, 16, 18], [17, 5, 18, 4], [19, 7, 20, 6], [21, 9, 22, 8], [23, 10, 24, 11], [1, 12, 2, 13], [3, 17, 4, 16], [5, 3, 6, 2], [7, 21, 8, 20], [9, 15, 10, 14]]"
12a_0713_158,"[[9, 15, 10, 14], [11, 24, 12, 1], [13, 22, 14, 23], [15, 19, 16, 18], [17, 5, 18, 4], [19, 7, 20, 6], [21, 9, 22, 8], [23, 10, 24, 11], [1, 12, 2, 13], [3, 17, 4, 16], [5, 3, 6, 2], [7, 21, 8, 20]]"
12a_0713_159,"[[7, 21, 8, 20], [9, 15, 10, 14], [11, 24, 12, 1], [13, 22, 14, 23], [15, 19, 16, 18], [17, 5, 18, 4], [19, 7, 20, 6], [21, 9, 22, 8], [23, 10, 24, 11], [1, 12, 2, 13], [3, 17, 4, 16], [5, 3, 6, 2]]"
12a_0713_160,"[[5, 3, 6, 2], [7, 21, 8, 20], [9, 15, 10, 14], [11, 24, 12, 1], [13, 22, 14, 23], [15, 19, 16, 18], [17, 5, 18, 4], [19, 7, 20, 6], [21, 9, 22, 8], [23, 10, 24, 11], [1, 12, 2, 13], [3, 17, 4, 16]]"
12a_0713_161,"[[3, 17, 4, 16], [5, 3, 6, 2], [7, 21, 8, 20], [9, 15, 10, 14], [11, 24, 12, 1], [13, 22, 14, 23], [15, 19, 16, 18], [17, 5, 18, 4], [19, 7, 20, 6], [21, 9, 22, 8], [23, 10, 24, 11], [1, 12, 2, 13]]"
12a_0713_162,"[[1, 12, 2, 13], [3, 17, 4, 16], [5, 3, 6, 2], [7, 21, 8, 20], [9, 15, 10, 14], [11, 24, 12, 1], [13, 22, 14, 23], [15, 19, 16, 18], [17, 5, 18, 4], [19, 7, 20, 6], [21, 9, 22, 8], [23, 10, 24, 11]]"
12a_0713_163,"[[23, 10, 24, 11], [1, 12, 2, 13], [3, 17, 4, 16], [5, 3, 6, 2], [7, 21, 8, 20], [9, 15, 10, 14], [11, 24, 12, 1], [13, 22, 14, 23], [15, 19, 16, 18], [17, 5, 18, 4], [19, 7, 20, 6], [21, 9, 22, 8]]"
12a_0713_164,"[[21, 9, 22, 8], [23, 10, 24, 11], [1, 12, 2, 13], [3, 17, 4, 16], [5, 3, 6, 2], [7, 21, 8, 20], [9, 15, 10, 14], [11, 24, 12, 1], [13, 22, 14, 23], [15, 19, 16, 18], [17, 5, 18, 4], [19, 7, 20, 6]]"
12a_0713_165,"[[19, 7, 20, 6], [21, 9, 22, 8], [23, 10, 24, 11], [1, 12, 2, 13], [3, 17, 4, 16], [5, 3, 6, 2], [7, 21, 8, 20], [9, 15, 10, 14], [11, 24, 12, 1], [13, 22, 14, 23], [15, 19, 16, 18], [17, 5, 18, 4]]"
12a_0713_166,"[[17, 5, 18, 4], [19, 7, 20, 6], [21, 9, 22, 8], [23, 10, 24, 11], [1, 12, 2, 13], [3, 17, 4, 16], [5, 3, 6, 2], [7, 21, 8, 20], [9, 15, 10, 14], [11, 24, 12, 1], [13, 22, 14, 23], [15, 19, 16, 18]]"
12a_0713_167,"[[15, 19, 16, 18], [17, 5, 18, 4], [19, 7, 20, 6], [21, 9, 22, 8], [23, 10, 24, 11], [1, 12, 2, 13], [3, 17, 4, 16], [5, 3, 6, 2], [7, 21, 8, 20], [9, 15, 10, 14], [11, 24, 12, 1], [13, 22, 14, 23]]"
12a_0713_168,"[[14, 23, 15, 24], [16, 20, 17, 19], [18, 6, 19, 5], [20, 8, 21, 7], [22, 10, 23, 9], [24, 11, 1, 12], [2, 13, 3, 14], [4, 18, 5, 17], [6, 4, 7, 3], [8, 22, 9, 21], [10, 16, 11, 15], [12, 1, 13, 2]]"
12a_0713_169,"[[12, 1, 13, 2], [14, 23, 15, 24], [16, 20, 17, 19], [18, 6, 19, 5], [20, 8, 21, 7], [22, 10, 23, 9], [24, 11, 1, 12], [2, 13, 3, 14], [4, 18, 5, 17], [6, 4, 7, 3], [8, 22, 9, 21], [10, 16, 11, 15]]"
12a_0713_170,"[[10, 16, 11, 15], [12, 1, 13, 2], [14, 23, 15, 24], [16, 20, 17, 19], [18, 6, 19, 5], [20, 8, 21, 7], [22, 10, 23, 9], [24, 11, 1, 12], [2, 13, 3, 14], [4, 18, 5, 17], [6, 4, 7, 3], [8, 22, 9, 21]]"
12a_0713_171,"[[8, 22, 9, 21], [10, 16, 11, 15], [12, 1, 13, 2], [14, 23, 15, 24], [16, 20, 17, 19], [18, 6, 19, 5], [20, 8, 21, 7], [22, 10, 23, 9], [24, 11, 1, 12], [2, 13, 3, 14], [4, 18, 5, 17], [6, 4, 7, 3]]"
12a_0713_172,"[[6, 4, 7, 3], [8, 22, 9, 21], [10, 16, 11, 15], [12, 1, 13, 2], [14, 23, 15, 24], [16, 20, 17, 19], [18, 6, 19, 5], [20, 8, 21, 7], [22, 10, 23, 9], [24, 11, 1, 12], [2, 13, 3, 14], [4, 18, 5, 17]]"
12a_0713_173,"[[4, 18, 5, 17], [6, 4, 7, 3], [8, 22, 9, 21], [10, 16, 11, 15], [12, 1, 13, 2], [14, 23, 15, 24], [16, 20, 17, 19], [18, 6, 19, 5], [20, 8, 21, 7], [22, 10, 23, 9], [24, 11, 1, 12], [2, 13, 3, 14]]"
12a_0713_174,"[[2, 13, 3, 14], [4, 18, 5, 17], [6, 4, 7, 3], [8, 22, 9, 21], [10, 16, 11, 15], [12, 1, 13, 2], [14, 23, 15, 24], [16, 20, 17, 19], [18, 6, 19, 5], [20, 8, 21, 7], [22, 10, 23, 9], [24, 11, 1, 12]]"
12a_0713_175,"[[24, 11, 1, 12], [2, 13, 3, 14], [4, 18, 5, 17], [6, 4, 7, 3], [8, 22, 9, 21], [10, 16, 11, 15], [12, 1, 13, 2], [14, 23, 15, 24], [16, 20, 17, 19], [18, 6, 19, 5], [20, 8, 21, 7], [22, 10, 23, 9]]"
12a_0713_176,"[[22, 10, 23, 9], [24, 11, 1, 12], [2, 13, 3, 14], [4, 18, 5, 17], [6, 4, 7, 3], [8, 22, 9, 21], [10, 16, 11, 15], [12, 1, 13, 2], [14, 23, 15, 24], [16, 20, 17, 19], [18, 6, 19, 5], [20, 8, 21, 7]]"
12a_0713_177,"[[20, 8, 21, 7], [22, 10, 23, 9], [24, 11, 1, 12], [2, 13, 3, 14], [4, 18, 5, 17], [6, 4, 7, 3], [8, 22, 9, 21], [10, 16, 11, 15], [12, 1, 13, 2], [14, 23, 15, 24], [16, 20, 17, 19], [18, 6, 19, 5]]"
12a_0713_178,"[[18, 6, 19, 5], [20, 8, 21, 7], [22, 10, 23, 9], [24, 11, 1, 12], [2, 13, 3, 14], [4, 18, 5, 17], [6, 4, 7, 3], [8, 22, 9, 21], [10, 16, 11, 15], [12, 1, 13, 2], [14, 23, 15, 24], [16, 20, 17, 19]]"
12a_0713_179,"[[16, 20, 17, 19], [18, 6, 19, 5], [20, 8, 21, 7], [22, 10, 23, 9], [24, 11, 1, 12], [2, 13, 3, 14], [4, 18, 5, 17], [6, 4, 7, 3], [8, 22, 9, 21], [10, 16, 11, 15], [12, 1, 13, 2], [14, 23, 15, 24]]"
12a_0713_180,"[[15, 24, 16, 1], [17, 21, 18, 20], [19, 7, 20, 6], [21, 9, 22, 8], [23, 11, 24, 10], [1, 12, 2, 13], [3, 14, 4, 15], [5, 19, 6, 18], [7, 5, 8, 4], [9, 23, 10, 22], [11, 17, 12, 16], [13, 2, 14, 3]]"
12a_0713_181,"[[13, 2, 14, 3], [15, 24, 16, 1], [17, 21, 18, 20], [19, 7, 20, 6], [21, 9, 22, 8], [23, 11, 24, 10], [1, 12, 2, 13], [3, 14, 4, 15], [5, 19, 6, 18], [7, 5, 8, 4], [9, 23, 10, 22], [11, 17, 12, 16]]"
12a_0713_182,"[[11, 17, 12, 16], [13, 2, 14, 3], [15, 24, 16, 1], [17, 21, 18, 20], [19, 7, 20, 6], [21, 9, 22, 8], [23, 11, 24, 10], [1, 12, 2, 13], [3, 14, 4, 15], [5, 19, 6, 18], [7, 5, 8, 4], [9, 23, 10, 22]]"
12a_0713_183,"[[9, 23, 10, 22], [11, 17, 12, 16], [13, 2, 14, 3], [15, 24, 16, 1], [17, 21, 18, 20], [19, 7, 20, 6], [21, 9, 22, 8], [23, 11, 24, 10], [1, 12, 2, 13], [3, 14, 4, 15], [5, 19, 6, 18], [7, 5, 8, 4]]"
12a_0713_184,"[[7, 5, 8, 4], [9, 23, 10, 22], [11, 17, 12, 16], [13, 2, 14, 3], [15, 24, 16, 1], [17, 21, 18, 20], [19, 7, 20, 6], [21, 9, 22, 8], [23, 11, 24, 10], [1, 12, 2, 13], [3, 14, 4, 15], [5, 19, 6, 18]]"
12a_0713_185,"[[5, 19, 6, 18], [7, 5, 8, 4], [9, 23, 10, 22], [11, 17, 12, 16], [13, 2, 14, 3], [15, 24, 16, 1], [17, 21, 18, 20], [19, 7, 20, 6], [21, 9, 22, 8], [23, 11, 24, 10], [1, 12, 2, 13], [3, 14, 4, 15]]"
