name,pd_notation
12a_0216_0,"[[24, 21, 1, 22], [2, 6, 3, 5], [4, 11, 5, 12], [6, 14, 7, 13], [8, 18, 9, 17], [10, 20, 11, 19], [12, 3, 13, 4], [14, 24, 15, 23], [16, 8, 17, 7], [18, 10, 19, 9], [20, 1, 21, 2], [22, 16, 23, 15]]"
12a_0216_1,"[[22, 16, 23, 15], [24, 21, 1, 22], [2, 6, 3, 5], [4, 11, 5, 12], [6, 14, 7, 13], [8, 18, 9, 17], [10, 20, 11, 19], [12, 3, 13, 4], [14, 24, 15, 23], [16, 8, 17, 7], [18, 10, 19, 9], [20, 1, 21, 2]]"
12a_0216_2,"[[20, 1, 21, 2], [22, 16, 23, 15], [24, 21, 1, 22], [2, 6, 3, 5], [4, 11, 5, 12], [6, 14, 7, 13], [8, 18, 9, 17], [10, 20, 11, 19], [12, 3, 13, 4], [14, 24, 15, 23], [16, 8, 17, 7], [18, 10, 19, 9]]"
12a_0216_3,"[[18, 10, 19, 9], [20, 1, 21, 2], [22, 16, 23, 15], [24, 21, 1, 22], [2, 6, 3, 5], [4, 11, 5, 12], [6, 14, 7, 13], [8, 18, 9, 17], [10, 20, 11, 19], [12, 3, 13, 4], [14, 24, 15, 23], [16, 8, 17, 7]]"
12a_0216_4,"[[16, 8, 17, 7], [18, 10, 19, 9], [20, 1, 21, 2], [22, 16, 23, 15], [24, 21, 1, 22], [2, 6, 3, 5], [4, 11, 5, 12], [6, 14, 7, 13], [8, 18, 9, 17], [10, 20, 11, 19], [12, 3, 13, 4], [14, 24, 15, 23]]"
12a_0216_5,"[[14, 24, 15, 23], [16, 8, 17, 7], [18, 10, 19, 9], [20, 1, 21, 2], [22, 16, 23, 15], [24, 21, 1, 22], [2, 6, 3, 5], [4, 11, 5, 12], [6, 14, 7, 13], [8, 18, 9, 17], [10, 20, 11, 19], [12, 3, 13, 4]]"
12a_0216_6,"[[12, 3, 13, 4], [14, 24, 15, 23], [16, 8, 17, 7], [18, 10, 19, 9], [20, 1, 21, 2], [22, 16, 23, 15], [24, 21, 1, 22], [2, 6, 3, 5], [4, 11, 5, 12], [6, 14, 7, 13], [8, 18, 9, 17], [10, 20, 11, 19]]"
12a_0216_7,"[[10, 20, 11, 19], [12, 3, 13, 4], [14, 24, 15, 23], [16, 8, 17, 7], [18, 10, 19, 9], [20, 1, 21, 2], [22, 16, 23, 15], [24, 21, 1, 22], [2, 6, 3, 5], [4, 11, 5, 12], [6, 14, 7, 13], [8, 18, 9, 17]]"
12a_0216_8,"[[8, 18, 9, 17], [10, 20, 11, 19], [12, 3, 13, 4], [14, 24, 15, 23], [16, 8, 17, 7], [18, 10, 19, 9], [20, 1, 21, 2], [22, 16, 23, 15], [24, 21, 1, 22], [2, 6, 3, 5], [4, 11, 5, 12], [6, 14, 7, 13]]"
12a_0216_9,"[[6, 14, 7, 13], [8, 18, 9, 17], [10, 20, 11, 19], [12, 3, 13, 4], [14, 24, 15, 23], [16, 8, 17, 7], [18, 10, 19, 9], [20, 1, 21, 2], [22, 16, 23, 15], [24, 21, 1, 22], [2, 6, 3, 5], [4, 11, 5, 12]]"
12a_0216_10,"[[4, 11, 5, 12], [6, 14, 7, 13], [8, 18, 9, 17], [10, 20, 11, 19], [12, 3, 13, 4], [14, 24, 15, 23], [16, 8, 17, 7], [18, 10, 19, 9], [20, 1, 21, 2], [22, 16, 23, 15], [24, 21, 1, 22], [2, 6, 3, 5]]"
12a_0216_11,"[[2, 6, 3, 5], [4, 11, 5, 12], [6, 14, 7, 13], [8, 18, 9, 17], [10, 20, 11, 19], [12, 3, 13, 4], [14, 24, 15, 23], [16, 8, 17, 7], [18, 10, 19, 9], [20, 1, 21, 2], [22, 16, 23, 15], [24, 21, 1, 22]]"
12a_0216_12,"[[1, 22, 2, 23], [3, 7, 4, 6], [5, 12, 6, 13], [7, 15, 8, 14], [9, 19, 10, 18], [11, 21, 12, 20], [13, 4, 14, 5], [15, 1, 16, 24], [17, 9, 18, 8], [19, 11, 20, 10], [21, 2, 22, 3], [23, 17, 24, 16]]"
12a_0216_13,"[[23, 17, 24, 16], [1, 22, 2, 23], [3, 7, 4, 6], [5, 12, 6, 13], [7, 15, 8, 14], [9, 19, 10, 18], [11, 21, 12, 20], [13, 4, 14, 5], [15, 1, 16, 24], [17, 9, 18, 8], [19, 11, 20, 10], [21, 2, 22, 3]]"
12a_0216_14,"[[21, 2, 22, 3], [23, 17, 24, 16], [1, 22, 2, 23], [3, 7, 4, 6], [5, 12, 6, 13], [7, 15, 8, 14], [9, 19, 10, 18], [11, 21, 12, 20], [13, 4, 14, 5], [15, 1, 16, 24], [17, 9, 18, 8], [19, 11, 20, 10]]"
12a_0216_15,"[[19, 11, 20, 10], [21, 2, 22, 3], [23, 17, 24, 16], [1, 22, 2, 23], [3, 7, 4, 6], [5, 12, 6, 13], [7, 15, 8, 14], [9, 19, 10, 18], [11, 21, 12, 20], [13, 4, 14, 5], [15, 1, 16, 24], [17, 9, 18, 8]]"
12a_0216_16,"[[17, 9, 18, 8], [19, 11, 20, 10], [21, 2, 22, 3], [23, 17, 24, 16], [1, 22, 2, 23], [3, 7, 4, 6], [5, 12, 6, 13], [7, 15, 8, 14], [9, 19, 10, 18], [11, 21, 12, 20], [13, 4, 14, 5], [15, 1, 16, 24]]"
12a_0216_17,"[[15, 1, 16, 24], [17, 9, 18, 8], [19, 11, 20, 10], [21, 2, 22, 3], [23, 17, 24, 16], [1, 22, 2, 23], [3, 7, 4, 6], [5, 12, 6, 13], [7, 15, 8, 14], [9, 19, 10, 18], [11, 21, 12, 20], [13, 4, 14, 5]]"
12a_0216_18,"[[13, 4, 14, 5], [15, 1, 16, 24], [17, 9, 18, 8], [19, 11, 20, 10], [21, 2, 22, 3], [23, 17, 24, 16], [1, 22, 2, 23], [3, 7, 4, 6], [5, 12, 6, 13], [7, 15, 8, 14], [9, 19, 10, 18], [11, 21, 12, 20]]"
12a_0216_19,"[[11, 21, 12, 20], [13, 4, 14, 5], [15, 1, 16, 24], [17, 9, 18, 8], [19, 11, 20, 10], [21, 2, 22, 3], [23, 17, 24, 16], [1, 22, 2, 23], [3, 7, 4, 6], [5, 12, 6, 13], [7, 15, 8, 14], [9, 19, 10, 18]]"
12a_0216_20,"[[9, 19, 10, 18], [11, 21, 12, 20], [13, 4, 14, 5], [15, 1, 16, 24], [17, 9, 18, 8], [19, 11, 20, 10], [21, 2, 22, 3], [23, 17, 24, 16], [1, 22, 2, 23], [3, 7, 4, 6], [5, 12, 6, 13], [7, 15, 8, 14]]"
12a_0216_21,"[[7, 15, 8, 14], [9, 19, 10, 18], [11, 21, 12, 20], [13, 4, 14, 5], [15, 1, 16, 24], [17, 9, 18, 8], [19, 11, 20, 10], [21, 2, 22, 3], [23, 17, 24, 16], [1, 22, 2, 23], [3, 7, 4, 6], [5, 12, 6, 13]]"
12a_0216_22,"[[5, 12, 6, 13], [7, 15, 8, 14], [9, 19, 10, 18], [11, 21, 12, 20], [13, 4, 14, 5], [15, 1, 16, 24], [17, 9, 18, 8], [19, 11, 20, 10], [21, 2, 22, 3], [23, 17, 24, 16], [1, 22, 2, 23], [3, 7, 4, 6]]"
12a_0216_23,"[[3, 7, 4, 6], [5, 12, 6, 13], [7, 15, 8, 14], [9, 19, 10, 18], [11, 21, 12, 20], [13, 4, 14, 5], [15, 1, 16, 24], [17, 9, 18, 8], [19, 11, 20, 10], [21, 2, 22, 3], [23, 17, 24, 16], [1, 22, 2, 23]]"
12a_0216_24,"[[2, 23, 3, 24], [4, 8, 5, 7], [6, 13, 7, 14], [8, 16, 9, 15], [10, 20, 11, 19], [12, 22, 13, 21], [14, 5, 15, 6], [16, 2, 17, 1], [18, 10, 19, 9], [20, 12, 21, 11], [22, 3, 23, 4], [24, 18, 1, 17]]"
12a_0216_25,"[[24, 18, 1, 17], [2, 23, 3, 24], [4, 8, 5, 7], [6, 13, 7, 14], [8, 16, 9, 15], [10, 20, 11, 19], [12, 22, 13, 21], [14, 5, 15, 6], [16, 2, 17, 1], [18, 10, 19, 9], [20, 12, 21, 11], [22, 3, 23, 4]]"
12a_0216_26,"[[22, 3, 23, 4], [24, 18, 1, 17], [2, 23, 3, 24], [4, 8, 5, 7], [6, 13, 7, 14], [8, 16, 9, 15], [10, 20, 11, 19], [12, 22, 13, 21], [14, 5, 15, 6], [16, 2, 17, 1], [18, 10, 19, 9], [20, 12, 21, 11]]"
12a_0216_27,"[[20, 12, 21, 11], [22, 3, 23, 4], [24, 18, 1, 17], [2, 23, 3, 24], [4, 8, 5, 7], [6, 13, 7, 14], [8, 16, 9, 15], [10, 20, 11, 19], [12, 22, 13, 21], [14, 5, 15, 6], [16, 2, 17, 1], [18, 10, 19, 9]]"
12a_0216_28,"[[18, 10, 19, 9], [20, 12, 21, 11], [22, 3, 23, 4], [24, 18, 1, 17], [2, 23, 3, 24], [4, 8, 5, 7], [6, 13, 7, 14], [8, 16, 9, 15], [10, 20, 11, 19], [12, 22, 13, 21], [14, 5, 15, 6], [16, 2, 17, 1]]"
12a_0216_29,"[[16, 2, 17, 1], [18, 10, 19, 9], [20, 12, 21, 11], [22, 3, 23, 4], [24, 18, 1, 17], [2, 23, 3, 24], [4, 8, 5, 7], [6, 13, 7, 14], [8, 16, 9, 15], [10, 20, 11, 19], [12, 22, 13, 21], [14, 5, 15, 6]]"
12a_0216_30,"[[14, 5, 15, 6], [16, 2, 17, 1], [18, 10, 19, 9], [20, 12, 21, 11], [22, 3, 23, 4], [24, 18, 1, 17], [2, 23, 3, 24], [4, 8, 5, 7], [6, 13, 7, 14], [8, 16, 9, 15], [10, 20, 11, 19], [12, 22, 13, 21]]"
12a_0216_31,"[[12, 22, 13, 21], [14, 5, 15, 6], [16, 2, 17, 1], [18, 10, 19, 9], [20, 12, 21, 11], [22, 3, 23, 4], [24, 18, 1, 17], [2, 23, 3, 24], [4, 8, 5, 7], [6, 13, 7, 14], [8, 16, 9, 15], [10, 20, 11, 19]]"
12a_0216_32,"[[10, 20, 11, 19], [12, 22, 13, 21], [14, 5, 15, 6], [16, 2, 17, 1], [18, 10, 19, 9], [20, 12, 21, 11], [22, 3, 23, 4], [24, 18, 1, 17], [2, 23, 3, 24], [4, 8, 5, 7], [6, 13, 7, 14], [8, 16, 9, 15]]"
12a_0216_33,"[[8, 16, 9, 15], [10, 20, 11, 19], [12, 22, 13, 21], [14, 5, 15, 6], [16, 2, 17, 1], [18, 10, 19, 9], [20, 12, 21, 11], [22, 3, 23, 4], [24, 18, 1, 17], [2, 23, 3, 24], [4, 8, 5, 7], [6, 13, 7, 14]]"
12a_0216_34,"[[6, 13, 7, 14], [8, 16, 9, 15], [10, 20, 11, 19], [12, 22, 13, 21], [14, 5, 15, 6], [16, 2, 17, 1], [18, 10, 19, 9], [20, 12, 21, 11], [22, 3, 23, 4], [24, 18, 1, 17], [2, 23, 3, 24], [4, 8, 5, 7]]"
12a_0216_35,"[[4, 8, 5, 7], [6, 13, 7, 14], [8, 16, 9, 15], [10, 20, 11, 19], [12, 22, 13, 21], [14, 5, 15, 6], [16, 2, 17, 1], [18, 10, 19, 9], [20, 12, 21, 11], [22, 3, 23, 4], [24, 18, 1, 17], [2, 23, 3, 24]]"
12a_0216_36,"[[3, 24, 4, 1], [5, 9, 6, 8], [7, 14, 8, 15], [9, 17, 10, 16], [11, 21, 12, 20], [13, 23, 14, 22], [15, 6, 16, 7], [17, 3, 18, 2], [19, 11, 20, 10], [21, 13, 22, 12], [23, 4, 24, 5], [1, 19, 2, 18]]"
12a_0216_37,"[[1, 19, 2, 18], [3, 24, 4, 1], [5, 9, 6, 8], [7, 14, 8, 15], [9, 17, 10, 16], [11, 21, 12, 20], [13, 23, 14, 22], [15, 6, 16, 7], [17, 3, 18, 2], [19, 11, 20, 10], [21, 13, 22, 12], [23, 4, 24, 5]]"
12a_0216_38,"[[23, 4, 24, 5], [1, 19, 2, 18], [3, 24, 4, 1], [5, 9, 6, 8], [7, 14, 8, 15], [9, 17, 10, 16], [11, 21, 12, 20], [13, 23, 14, 22], [15, 6, 16, 7], [17, 3, 18, 2], [19, 11, 20, 10], [21, 13, 22, 12]]"
12a_0216_39,"[[21, 13, 22, 12], [23, 4, 24, 5], [1, 19, 2, 18], [3, 24, 4, 1], [5, 9, 6, 8], [7, 14, 8, 15], [9, 17, 10, 16], [11, 21, 12, 20], [13, 23, 14, 22], [15, 6, 16, 7], [17, 3, 18, 2], [19, 11, 20, 10]]"
12a_0216_40,"[[19, 11, 20, 10], [21, 13, 22, 12], [23, 4, 24, 5], [1, 19, 2, 18], [3, 24, 4, 1], [5, 9, 6, 8], [7, 14, 8, 15], [9, 17, 10, 16], [11, 21, 12, 20], [13, 23, 14, 22], [15, 6, 16, 7], [17, 3, 18, 2]]"
12a_0216_41,"[[17, 3, 18, 2], [19, 11, 20, 10], [21, 13, 22, 12], [23, 4, 24, 5], [1, 19, 2, 18], [3, 24, 4, 1], [5, 9, 6, 8], [7, 14, 8, 15], [9, 17, 10, 16], [11, 21, 12, 20], [13, 23, 14, 22], [15, 6, 16, 7]]"
12a_0216_42,"[[15, 6, 16, 7], [17, 3, 18, 2], [19, 11, 20, 10], [21, 13, 22, 12], [23, 4, 24, 5], [1, 19, 2, 18], [3, 24, 4, 1], [5, 9, 6, 8], [7, 14, 8, 15], [9, 17, 10, 16], [11, 21, 12, 20], [13, 23, 14, 22]]"
12a_0216_43,"[[13, 23, 14, 22], [15, 6, 16, 7], [17, 3, 18, 2], [19, 11, 20, 10], [21, 13, 22, 12], [23, 4, 24, 5], [1, 19, 2, 18], [3, 24, 4, 1], [5, 9, 6, 8], [7, 14, 8, 15], [9, 17, 10, 16], [11, 21, 12, 20]]"
12a_0216_44,"[[11, 21, 12, 20], [13, 23, 14, 22], [15, 6, 16, 7], [17, 3, 18, 2], [19, 11, 20, 10], [21, 13, 22, 12], [23, 4, 24, 5], [1, 19, 2, 18], [3, 24, 4, 1], [5, 9, 6, 8], [7, 14, 8, 15], [9, 17, 10, 16]]"
12a_0216_45,"[[9, 17, 10, 16], [11, 21, 12, 20], [13, 23, 14, 22], [15, 6, 16, 7], [17, 3, 18, 2], [19, 11, 20, 10], [21, 13, 22, 12], [23, 4, 24, 5], [1, 19, 2, 18], [3, 24, 4, 1], [5, 9, 6, 8], [7, 14, 8, 15]]"
12a_0216_46,"[[7, 14, 8, 15], [9, 17, 10, 16], [11, 21, 12, 20], [13, 23, 14, 22], [15, 6, 16, 7], [17, 3, 18, 2], [19, 11, 20, 10], [21, 13, 22, 12], [23, 4, 24, 5], [1, 19, 2, 18], [3, 24, 4, 1], [5, 9, 6, 8]]"
12a_0216_47,"[[5, 9, 6, 8], [7, 14, 8, 15], [9, 17, 10, 16], [11, 21, 12, 20], [13, 23, 14, 22], [15, 6, 16, 7], [17, 3, 18, 2], [19, 11, 20, 10], [21, 13, 22, 12], [23, 4, 24, 5], [1, 19, 2, 18], [3, 24, 4, 1]]"
12a_0216_48,"[[4, 1, 5, 2], [6, 10, 7, 9], [8, 15, 9, 16], [10, 18, 11, 17], [12, 22, 13, 21], [14, 24, 15, 23], [16, 7, 17, 8], [18, 4, 19, 3], [20, 12, 21, 11], [22, 14, 23, 13], [24, 5, 1, 6], [2, 20, 3, 19]]"
12a_0216_49,"[[2, 20, 3, 19], [4, 1, 5, 2], [6, 10, 7, 9], [8, 15, 9, 16], [10, 18, 11, 17], [12, 22, 13, 21], [14, 24, 15, 23], [16, 7, 17, 8], [18, 4, 19, 3], [20, 12, 21, 11], [22, 14, 23, 13], [24, 5, 1, 6]]"
12a_0216_50,"[[24, 5, 1, 6], [2, 20, 3, 19], [4, 1, 5, 2], [6, 10, 7, 9], [8, 15, 9, 16], [10, 18, 11, 17], [12, 22, 13, 21], [14, 24, 15, 23], [16, 7, 17, 8], [18, 4, 19, 3], [20, 12, 21, 11], [22, 14, 23, 13]]"
12a_0216_51,"[[22, 14, 23, 13], [24, 5, 1, 6], [2, 20, 3, 19], [4, 1, 5, 2], [6, 10, 7, 9], [8, 15, 9, 16], [10, 18, 11, 17], [12, 22, 13, 21], [14, 24, 15, 23], [16, 7, 17, 8], [18, 4, 19, 3], [20, 12, 21, 11]]"
12a_0216_52,"[[20, 12, 21, 11], [22, 14, 23, 13], [24, 5, 1, 6], [2, 20, 3, 19], [4, 1, 5, 2], [6, 10, 7, 9], [8, 15, 9, 16], [10, 18, 11, 17], [12, 22, 13, 21], [14, 24, 15, 23], [16, 7, 17, 8], [18, 4, 19, 3]]"
12a_0216_53,"[[18, 4, 19, 3], [20, 12, 21, 11], [22, 14, 23, 13], [24, 5, 1, 6], [2, 20, 3, 19], [4, 1, 5, 2], [6, 10, 7, 9], [8, 15, 9, 16], [10, 18, 11, 17], [12, 22, 13, 21], [14, 24, 15, 23], [16, 7, 17, 8]]"
12a_0216_54,"[[16, 7, 17, 8], [18, 4, 19, 3], [20, 12, 21, 11], [22, 14, 23, 13], [24, 5, 1, 6], [2, 20, 3, 19], [4, 1, 5, 2], [6, 10, 7, 9], [8, 15, 9, 16], [10, 18, 11, 17], [12, 22, 13, 21], [14, 24, 15, 23]]"
12a_0216_55,"[[14, 24, 15, 23], [16, 7, 17, 8], [18, 4, 19, 3], [20, 12, 21, 11], [22, 14, 23, 13], [24, 5, 1, 6], [2, 20, 3, 19], [4, 1, 5, 2], [6, 10, 7, 9], [8, 15, 9, 16], [10, 18, 11, 17], [12, 22, 13, 21]]"
12a_0216_56,"[[12, 22, 13, 21], [14, 24, 15, 23], [16, 7, 17, 8], [18, 4, 19, 3], [20, 12, 21, 11], [22, 14, 23, 13], [24, 5, 1, 6], [2, 20, 3, 19], [4, 1, 5, 2], [6, 10, 7, 9], [8, 15, 9, 16], [10, 18, 11, 17]]"
12a_0216_57,"[[10, 18, 11, 17], [12, 22, 13, 21], [14, 24, 15, 23], [16, 7, 17, 8], [18, 4, 19, 3], [20, 12, 21, 11], [22, 14, 23, 13], [24, 5, 1, 6], [2, 20, 3, 19], [4, 1, 5, 2], [6, 10, 7, 9], [8, 15, 9, 16]]"
12a_0216_58,"[[8, 15, 9, 16], [10, 18, 11, 17], [12, 22, 13, 21], [14, 24, 15, 23], [16, 7, 17, 8], [18, 4, 19, 3], [20, 12, 21, 11], [22, 14, 23, 13], [24, 5, 1, 6], [2, 20, 3, 19], [4, 1, 5, 2], [6, 10, 7, 9]]"
12a_0216_59,"[[6, 10, 7, 9], [8, 15, 9, 16], [10, 18, 11, 17], [12, 22, 13, 21], [14, 24, 15, 23], [16, 7, 17, 8], [18, 4, 19, 3], [20, 12, 21, 11], [22, 14, 23, 13], [24, 5, 1, 6], [2, 20, 3, 19], [4, 1, 5, 2]]"
12a_0216_60,"[[5, 2, 6, 3], [7, 11, 8, 10], [9, 16, 10, 17], [11, 19, 12, 18], [13, 23, 14, 22], [15, 1, 16, 24], [17, 8, 18, 9], [19, 5, 20, 4], [21, 13, 22, 12], [23, 15, 24, 14], [1, 6, 2, 7], [3, 21, 4, 20]]"
12a_0216_61,"[[3, 21, 4, 20], [5, 2, 6, 3], [7, 11, 8, 10], [9, 16, 10, 17], [11, 19, 12, 18], [13, 23, 14, 22], [15, 1, 16, 24], [17, 8, 18, 9], [19, 5, 20, 4], [21, 13, 22, 12], [23, 15, 24, 14], [1, 6, 2, 7]]"
12a_0216_62,"[[1, 6, 2, 7], [3, 21, 4, 20], [5, 2, 6, 3], [7, 11, 8, 10], [9, 16, 10, 17], [11, 19, 12, 18], [13, 23, 14, 22], [15, 1, 16, 24], [17, 8, 18, 9], [19, 5, 20, 4], [21, 13, 22, 12], [23, 15, 24, 14]]"
12a_0216_63,"[[23, 15, 24, 14], [1, 6, 2, 7], [3, 21, 4, 20], [5, 2, 6, 3], [7, 11, 8, 10], [9, 16, 10, 17], [11, 19, 12, 18], [13, 23, 14, 22], [15, 1, 16, 24], [17, 8, 18, 9], [19, 5, 20, 4], [21, 13, 22, 12]]"
12a_0216_64,"[[21, 13, 22, 12], [23, 15, 24, 14], [1, 6, 2, 7], [3, 21, 4, 20], [5, 2, 6, 3], [7, 11, 8, 10], [9, 16, 10, 17], [11, 19, 12, 18], [13, 23, 14, 22], [15, 1, 16, 24], [17, 8, 18, 9], [19, 5, 20, 4]]"
12a_0216_65,"[[19, 5, 20, 4], [21, 13, 22, 12], [23, 15, 24, 14], [1, 6, 2, 7], [3, 21, 4, 20], [5, 2, 6, 3], [7, 11, 8, 10], [9, 16, 10, 17], [11, 19, 12, 18], [13, 23, 14, 22], [15, 1, 16, 24], [17, 8, 18, 9]]"
12a_0216_66,"[[17, 8, 18, 9], [19, 5, 20, 4], [21, 13, 22, 12], [23, 15, 24, 14], [1, 6, 2, 7], [3, 21, 4, 20], [5, 2, 6, 3], [7, 11, 8, 10], [9, 16, 10, 17], [11, 19, 12, 18], [13, 23, 14, 22], [15, 1, 16, 24]]"
12a_0216_67,"[[15, 1, 16, 24], [17, 8, 18, 9], [19, 5, 20, 4], [21, 13, 22, 12], [23, 15, 24, 14], [1, 6, 2, 7], [3, 21, 4, 20], [5, 2, 6, 3], [7, 11, 8, 10], [9, 16, 10, 17], [11, 19, 12, 18], [13, 23, 14, 22]]"
12a_0216_68,"[[13, 23, 14, 22], [15, 1, 16, 24], [17, 8, 18, 9], [19, 5, 20, 4], [21, 13, 22, 12], [23, 15, 24, 14], [1, 6, 2, 7], [3, 21, 4, 20], [5, 2, 6, 3], [7, 11, 8, 10], [9, 16, 10, 17], [11, 19, 12, 18]]"
12a_0216_69,"[[11, 19, 12, 18], [13, 23, 14, 22], [15, 1, 16, 24], [17, 8, 18, 9], [19, 5, 20, 4], [21, 13, 22, 12], [23, 15, 24, 14], [1, 6, 2, 7], [3, 21, 4, 20], [5, 2, 6, 3], [7, 11, 8, 10], [9, 16, 10, 17]]"
12a_0216_70,"[[9, 16, 10, 17], [11, 19, 12, 18], [13, 23, 14, 22], [15, 1, 16, 24], [17, 8, 18, 9], [19, 5, 20, 4], [21, 13, 22, 12], [23, 15, 24, 14], [1, 6, 2, 7], [3, 21, 4, 20], [5, 2, 6, 3], [7, 11, 8, 10]]"
12a_0216_71,"[[7, 11, 8, 10], [9, 16, 10, 17], [11, 19, 12, 18], [13, 23, 14, 22], [15, 1, 16, 24], [17, 8, 18, 9], [19, 5, 20, 4], [21, 13, 22, 12], [23, 15, 24, 14], [1, 6, 2, 7], [3, 21, 4, 20], [5, 2, 6, 3]]"
12a_0216_72,"[[6, 3, 7, 4], [8, 12, 9, 11], [10, 17, 11, 18], [12, 20, 13, 19], [14, 24, 15, 23], [16, 2, 17, 1], [18, 9, 19, 10], [20, 6, 21, 5], [22, 14, 23, 13], [24, 16, 1, 15], [2, 7, 3, 8], [4, 22, 5, 21]]"
12a_0216_73,"[[4, 22, 5, 21], [6, 3, 7, 4], [8, 12, 9, 11], [10, 17, 11, 18], [12, 20, 13, 19], [14, 24, 15, 23], [16, 2, 17, 1], [18, 9, 19, 10], [20, 6, 21, 5], [22, 14, 23, 13], [24, 16, 1, 15], [2, 7, 3, 8]]"
12a_0216_74,"[[2, 7, 3, 8], [4, 22, 5, 21], [6, 3, 7, 4], [8, 12, 9, 11], [10, 17, 11, 18], [12, 20, 13, 19], [14, 24, 15, 23], [16, 2, 17, 1], [18, 9, 19, 10], [20, 6, 21, 5], [22, 14, 23, 13], [24, 16, 1, 15]]"
12a_0216_75,"[[24, 16, 1, 15], [2, 7, 3, 8], [4, 22, 5, 21], [6, 3, 7, 4], [8, 12, 9, 11], [10, 17, 11, 18], [12, 20, 13, 19], [14, 24, 15, 23], [16, 2, 17, 1], [18, 9, 19, 10], [20, 6, 21, 5], [22, 14, 23, 13]]"
12a_0216_76,"[[22, 14, 23, 13], [24, 16, 1, 15], [2, 7, 3, 8], [4, 22, 5, 21], [6, 3, 7, 4], [8, 12, 9, 11], [10, 17, 11, 18], [12, 20, 13, 19], [14, 24, 15, 23], [16, 2, 17, 1], [18, 9, 19, 10], [20, 6, 21, 5]]"
12a_0216_77,"[[20, 6, 21, 5], [22, 14, 23, 13], [24, 16, 1, 15], [2, 7, 3, 8], [4, 22, 5, 21], [6, 3, 7, 4], [8, 12, 9, 11], [10, 17, 11, 18], [12, 20, 13, 19], [14, 24, 15, 23], [16, 2, 17, 1], [18, 9, 19, 10]]"
12a_0216_78,"[[18, 9, 19, 10], [20, 6, 21, 5], [22, 14, 23, 13], [24, 16, 1, 15], [2, 7, 3, 8], [4, 22, 5, 21], [6, 3, 7, 4], [8, 12, 9, 11], [10, 17, 11, 18], [12, 20, 13, 19], [14, 24, 15, 23], [16, 2, 17, 1]]"
12a_0216_79,"[[16, 2, 17, 1], [18, 9, 19, 10], [20, 6, 21, 5], [22, 14, 23, 13], [24, 16, 1, 15], [2, 7, 3, 8], [4, 22, 5, 21], [6, 3, 7, 4], [8, 12, 9, 11], [10, 17, 11, 18], [12, 20, 13, 19], [14, 24, 15, 23]]"
12a_0216_80,"[[14, 24, 15, 23], [16, 2, 17, 1], [18, 9, 19, 10], [20, 6, 21, 5], [22, 14, 23, 13], [24, 16, 1, 15], [2, 7, 3, 8], [4, 22, 5, 21], [6, 3, 7, 4], [8, 12, 9, 11], [10, 17, 11, 18], [12, 20, 13, 19]]"
12a_0216_81,"[[12, 20, 13, 19], [14, 24, 15, 23], [16, 2, 17, 1], [18, 9, 19, 10], [20, 6, 21, 5], [22, 14, 23, 13], [24, 16, 1, 15], [2, 7, 3, 8], [4, 22, 5, 21], [6, 3, 7, 4], [8, 12, 9, 11], [10, 17, 11, 18]]"
12a_0216_82,"[[10, 17, 11, 18], [12, 20, 13, 19], [14, 24, 15, 23], [16, 2, 17, 1], [18, 9, 19, 10], [20, 6, 21, 5], [22, 14, 23, 13], [24, 16, 1, 15], [2, 7, 3, 8], [4, 22, 5, 21], [6, 3, 7, 4], [8, 12, 9, 11]]"
12a_0216_83,"[[8, 12, 9, 11], [10, 17, 11, 18], [12, 20, 13, 19], [14, 24, 15, 23], [16, 2, 17, 1], [18, 9, 19, 10], [20, 6, 21, 5], [22, 14, 23, 13], [24, 16, 1, 15], [2, 7, 3, 8], [4, 22, 5, 21], [6, 3, 7, 4]]"
12a_0216_84,"[[7, 4, 8, 5], [9, 13, 10, 12], [11, 18, 12, 19], [13, 21, 14, 20], [15, 1, 16, 24], [17, 3, 18, 2], [19, 10, 20, 11], [21, 7, 22, 6], [23, 15, 24, 14], [1, 17, 2, 16], [3, 8, 4, 9], [5, 23, 6, 22]]"
12a_0216_85,"[[5, 23, 6, 22], [7, 4, 8, 5], [9, 13, 10, 12], [11, 18, 12, 19], [13, 21, 14, 20], [15, 1, 16, 24], [17, 3, 18, 2], [19, 10, 20, 11], [21, 7, 22, 6], [23, 15, 24, 14], [1, 17, 2, 16], [3, 8, 4, 9]]"
12a_0216_86,"[[3, 8, 4, 9], [5, 23, 6, 22], [7, 4, 8, 5], [9, 13, 10, 12], [11, 18, 12, 19], [13, 21, 14, 20], [15, 1, 16, 24], [17, 3, 18, 2], [19, 10, 20, 11], [21, 7, 22, 6], [23, 15, 24, 14], [1, 17, 2, 16]]"
12a_0216_87,"[[1, 17, 2, 16], [3, 8, 4, 9], [5, 23, 6, 22], [7, 4, 8, 5], [9, 13, 10, 12], [11, 18, 12, 19], [13, 21, 14, 20], [15, 1, 16, 24], [17, 3, 18, 2], [19, 10, 20, 11], [21, 7, 22, 6], [23, 15, 24, 14]]"
12a_0216_88,"[[23, 15, 24, 14], [1, 17, 2, 16], [3, 8, 4, 9], [5, 23, 6, 22], [7, 4, 8, 5], [9, 13, 10, 12], [11, 18, 12, 19], [13, 21, 14, 20], [15, 1, 16, 24], [17, 3, 18, 2], [19, 10, 20, 11], [21, 7, 22, 6]]"
12a_0216_89,"[[21, 7, 22, 6], [23, 15, 24, 14], [1, 17, 2, 16], [3, 8, 4, 9], [5, 23, 6, 22], [7, 4, 8, 5], [9, 13, 10, 12], [11, 18, 12, 19], [13, 21, 14, 20], [15, 1, 16, 24], [17, 3, 18, 2], [19, 10, 20, 11]]"
12a_0216_90,"[[19, 10, 20, 11], [21, 7, 22, 6], [23, 15, 24, 14], [1, 17, 2, 16], [3, 8, 4, 9], [5, 23, 6, 22], [7, 4, 8, 5], [9, 13, 10, 12], [11, 18, 12, 19], [13, 21, 14, 20], [15, 1, 16, 24], [17, 3, 18, 2]]"
12a_0216_91,"[[17, 3, 18, 2], [19, 10, 20, 11], [21, 7, 22, 6], [23, 15, 24, 14], [1, 17, 2, 16], [3, 8, 4, 9], [5, 23, 6, 22], [7, 4, 8, 5], [9, 13, 10, 12], [11, 18, 12, 19], [13, 21, 14, 20], [15, 1, 16, 24]]"
12a_0216_92,"[[15, 1, 16, 24], [17, 3, 18, 2], [19, 10, 20, 11], [21, 7, 22, 6], [23, 15, 24, 14], [1, 17, 2, 16], [3, 8, 4, 9], [5, 23, 6, 22], [7, 4, 8, 5], [9, 13, 10, 12], [11, 18, 12, 19], [13, 21, 14, 20]]"
12a_0216_93,"[[13, 21, 14, 20], [15, 1, 16, 24], [17, 3, 18, 2], [19, 10, 20, 11], [21, 7, 22, 6], [23, 15, 24, 14], [1, 17, 2, 16], [3, 8, 4, 9], [5, 23, 6, 22], [7, 4, 8, 5], [9, 13, 10, 12], [11, 18, 12, 19]]"
12a_0216_94,"[[11, 18, 12, 19], [13, 21, 14, 20], [15, 1, 16, 24], [17, 3, 18, 2], [19, 10, 20, 11], [21, 7, 22, 6], [23, 15, 24, 14], [1, 17, 2, 16], [3, 8, 4, 9], [5, 23, 6, 22], [7, 4, 8, 5], [9, 13, 10, 12]]"
12a_0216_95,"[[9, 13, 10, 12], [11, 18, 12, 19], [13, 21, 14, 20], [15, 1, 16, 24], [17, 3, 18, 2], [19, 10, 20, 11], [21, 7, 22, 6], [23, 15, 24, 14], [1, 17, 2, 16], [3, 8, 4, 9], [5, 23, 6, 22], [7, 4, 8, 5]]"
12a_0216_96,"[[8, 5, 9, 6], [10, 14, 11, 13], [12, 19, 13, 20], [14, 22, 15, 21], [16, 2, 17, 1], [18, 4, 19, 3], [20, 11, 21, 12], [22, 8, 23, 7], [24, 16, 1, 15], [2, 18, 3, 17], [4, 9, 5, 10], [6, 24, 7, 23]]"
12a_0216_97,"[[6, 24, 7, 23], [8, 5, 9, 6], [10, 14, 11, 13], [12, 19, 13, 20], [14, 22, 15, 21], [16, 2, 17, 1], [18, 4, 19, 3], [20, 11, 21, 12], [22, 8, 23, 7], [24, 16, 1, 15], [2, 18, 3, 17], [4, 9, 5, 10]]"
12a_0216_98,"[[4, 9, 5, 10], [6, 24, 7, 23], [8, 5, 9, 6], [10, 14, 11, 13], [12, 19, 13, 20], [14, 22, 15, 21], [16, 2, 17, 1], [18, 4, 19, 3], [20, 11, 21, 12], [22, 8, 23, 7], [24, 16, 1, 15], [2, 18, 3, 17]]"
12a_0216_99,"[[2, 18, 3, 17], [4, 9, 5, 10], [6, 24, 7, 23], [8, 5, 9, 6], [10, 14, 11, 13], [12, 19, 13, 20], [14, 22, 15, 21], [16, 2, 17, 1], [18, 4, 19, 3], [20, 11, 21, 12], [22, 8, 23, 7], [24, 16, 1, 15]]"
12a_0216_100,"[[24, 16, 1, 15], [2, 18, 3, 17], [4, 9, 5, 10], [6, 24, 7, 23], [8, 5, 9, 6], [10, 14, 11, 13], [12, 19, 13, 20], [14, 22, 15, 21], [16, 2, 17, 1], [18, 4, 19, 3], [20, 11, 21, 12], [22, 8, 23, 7]]"
12a_0216_101,"[[22, 8, 23, 7], [24, 16, 1, 15], [2, 18, 3, 17], [4, 9, 5, 10], [6, 24, 7, 23], [8, 5, 9, 6], [10, 14, 11, 13], [12, 19, 13, 20], [14, 22, 15, 21], [16, 2, 17, 1], [18, 4, 19, 3], [20, 11, 21, 12]]"
12a_0216_102,"[[20, 11, 21, 12], [22, 8, 23, 7], [24, 16, 1, 15], [2, 18, 3, 17], [4, 9, 5, 10], [6, 24, 7, 23], [8, 5, 9, 6], [10, 14, 11, 13], [12, 19, 13, 20], [14, 22, 15, 21], [16, 2, 17, 1], [18, 4, 19, 3]]"
12a_0216_103,"[[18, 4, 19, 3], [20, 11, 21, 12], [22, 8, 23, 7], [24, 16, 1, 15], [2, 18, 3, 17], [4, 9, 5, 10], [6, 24, 7, 23], [8, 5, 9, 6], [10, 14, 11, 13], [12, 19, 13, 20], [14, 22, 15, 21], [16, 2, 17, 1]]"
12a_0216_104,"[[16, 2, 17, 1], [18, 4, 19, 3], [20, 11, 21, 12], [22, 8, 23, 7], [24, 16, 1, 15], [2, 18, 3, 17], [4, 9, 5, 10], [6, 24, 7, 23], [8, 5, 9, 6], [10, 14, 11, 13], [12, 19, 13, 20], [14, 22, 15, 21]]"
12a_0216_105,"[[14, 22, 15, 21], [16, 2, 17, 1], [18, 4, 19, 3], [20, 11, 21, 12], [22, 8, 23, 7], [24, 16, 1, 15], [2, 18, 3, 17], [4, 9, 5, 10], [6, 24, 7, 23], [8, 5, 9, 6], [10, 14, 11, 13], [12, 19, 13, 20]]"
12a_0216_106,"[[12, 19, 13, 20], [14, 22, 15, 21], [16, 2, 17, 1], [18, 4, 19, 3], [20, 11, 21, 12], [22, 8, 23, 7], [24, 16, 1, 15], [2, 18, 3, 17], [4, 9, 5, 10], [6, 24, 7, 23], [8, 5, 9, 6], [10, 14, 11, 13]]"
12a_0216_107,"[[10, 14, 11, 13], [12, 19, 13, 20], [14, 22, 15, 21], [16, 2, 17, 1], [18, 4, 19, 3], [20, 11, 21, 12], [22, 8, 23, 7], [24, 16, 1, 15], [2, 18, 3, 17], [4, 9, 5, 10], [6, 24, 7, 23], [8, 5, 9, 6]]"
12a_0216_108,"[[9, 6, 10, 7], [11, 15, 12, 14], [13, 20, 14, 21], [15, 23, 16, 22], [17, 3, 18, 2], [19, 5, 20, 4], [21, 12, 22, 13], [23, 9, 24, 8], [1, 17, 2, 16], [3, 19, 4, 18], [5, 10, 6, 11], [7, 1, 8, 24]]"
12a_0216_109,"[[7, 1, 8, 24], [9, 6, 10, 7], [11, 15, 12, 14], [13, 20, 14, 21], [15, 23, 16, 22], [17, 3, 18, 2], [19, 5, 20, 4], [21, 12, 22, 13], [23, 9, 24, 8], [1, 17, 2, 16], [3, 19, 4, 18], [5, 10, 6, 11]]"
12a_0216_110,"[[5, 10, 6, 11], [7, 1, 8, 24], [9, 6, 10, 7], [11, 15, 12, 14], [13, 20, 14, 21], [15, 23, 16, 22], [17, 3, 18, 2], [19, 5, 20, 4], [21, 12, 22, 13], [23, 9, 24, 8], [1, 17, 2, 16], [3, 19, 4, 18]]"
12a_0216_111,"[[3, 19, 4, 18], [5, 10, 6, 11], [7, 1, 8, 24], [9, 6, 10, 7], [11, 15, 12, 14], [13, 20, 14, 21], [15, 23, 16, 22], [17, 3, 18, 2], [19, 5, 20, 4], [21, 12, 22, 13], [23, 9, 24, 8], [1, 17, 2, 16]]"
12a_0216_112,"[[1, 17, 2, 16], [3, 19, 4, 18], [5, 10, 6, 11], [7, 1, 8, 24], [9, 6, 10, 7], [11, 15, 12, 14], [13, 20, 14, 21], [15, 23, 16, 22], [17, 3, 18, 2], [19, 5, 20, 4], [21, 12, 22, 13], [23, 9, 24, 8]]"
12a_0216_113,"[[23, 9, 24, 8], [1, 17, 2, 16], [3, 19, 4, 18], [5, 10, 6, 11], [7, 1, 8, 24], [9, 6, 10, 7], [11, 15, 12, 14], [13, 20, 14, 21], [15, 23, 16, 22], [17, 3, 18, 2], [19, 5, 20, 4], [21, 12, 22, 13]]"
12a_0216_114,"[[21, 12, 22, 13], [23, 9, 24, 8], [1, 17, 2, 16], [3, 19, 4, 18], [5, 10, 6, 11], [7, 1, 8, 24], [9, 6, 10, 7], [11, 15, 12, 14], [13, 20, 14, 21], [15, 23, 16, 22], [17, 3, 18, 2], [19, 5, 20, 4]]"
12a_0216_115,"[[19, 5, 20, 4], [21, 12, 22, 13], [23, 9, 24, 8], [1, 17, 2, 16], [3, 19, 4, 18], [5, 10, 6, 11], [7, 1, 8, 24], [9, 6, 10, 7], [11, 15, 12, 14], [13, 20, 14, 21], [15, 23, 16, 22], [17, 3, 18, 2]]"
12a_0216_116,"[[17, 3, 18, 2], [19, 5, 20, 4], [21, 12, 22, 13], [23, 9, 24, 8], [1, 17, 2, 16], [3, 19, 4, 18], [5, 10, 6, 11], [7, 1, 8, 24], [9, 6, 10, 7], [11, 15, 12, 14], [13, 20, 14, 21], [15, 23, 16, 22]]"
12a_0216_117,"[[15, 23, 16, 22], [17, 3, 18, 2], [19, 5, 20, 4], [21, 12, 22, 13], [23, 9, 24, 8], [1, 17, 2, 16], [3, 19, 4, 18], [5, 10, 6, 11], [7, 1, 8, 24], [9, 6, 10, 7], [11, 15, 12, 14], [13, 20, 14, 21]]"
12a_0216_118,"[[13, 20, 14, 21], [15, 23, 16, 22], [17, 3, 18, 2], [19, 5, 20, 4], [21, 12, 22, 13], [23, 9, 24, 8], [1, 17, 2, 16], [3, 19, 4, 18], [5, 10, 6, 11], [7, 1, 8, 24], [9, 6, 10, 7], [11, 15, 12, 14]]"
12a_0216_119,"[[11, 15, 12, 14], [13, 20, 14, 21], [15, 23, 16, 22], [17, 3, 18, 2], [19, 5, 20, 4], [21, 12, 22, 13], [23, 9, 24, 8], [1, 17, 2, 16], [3, 19, 4, 18], [5, 10, 6, 11], [7, 1, 8, 24], [9, 6, 10, 7]]"
12a_0216_120,"[[10, 7, 11, 8], [12, 16, 13, 15], [14, 21, 15, 22], [16, 24, 17, 23], [18, 4, 19, 3], [20, 6, 21, 5], [22, 13, 23, 14], [24, 10, 1, 9], [2, 18, 3, 17], [4, 20, 5, 19], [6, 11, 7, 12], [8, 2, 9, 1]]"
12a_0216_121,"[[8, 2, 9, 1], [10, 7, 11, 8], [12, 16, 13, 15], [14, 21, 15, 22], [16, 24, 17, 23], [18, 4, 19, 3], [20, 6, 21, 5], [22, 13, 23, 14], [24, 10, 1, 9], [2, 18, 3, 17], [4, 20, 5, 19], [6, 11, 7, 12]]"
12a_0216_122,"[[6, 11, 7, 12], [8, 2, 9, 1], [10, 7, 11, 8], [12, 16, 13, 15], [14, 21, 15, 22], [16, 24, 17, 23], [18, 4, 19, 3], [20, 6, 21, 5], [22, 13, 23, 14], [24, 10, 1, 9], [2, 18, 3, 17], [4, 20, 5, 19]]"
12a_0216_123,"[[4, 20, 5, 19], [6, 11, 7, 12], [8, 2, 9, 1], [10, 7, 11, 8], [12, 16, 13, 15], [14, 21, 15, 22], [16, 24, 17, 23], [18, 4, 19, 3], [20, 6, 21, 5], [22, 13, 23, 14], [24, 10, 1, 9], [2, 18, 3, 17]]"
12a_0216_124,"[[2, 18, 3, 17], [4, 20, 5, 19], [6, 11, 7, 12], [8, 2, 9, 1], [10, 7, 11, 8], [12, 16, 13, 15], [14, 21, 15, 22], [16, 24, 17, 23], [18, 4, 19, 3], [20, 6, 21, 5], [22, 13, 23, 14], [24, 10, 1, 9]]"
12a_0216_125,"[[24, 10, 1, 9], [2, 18, 3, 17], [4, 20, 5, 19], [6, 11, 7, 12], [8, 2, 9, 1], [10, 7, 11, 8], [12, 16, 13, 15], [14, 21, 15, 22], [16, 24, 17, 23], [18, 4, 19, 3], [20, 6, 21, 5], [22, 13, 23, 14]]"
12a_0216_126,"[[22, 13, 23, 14], [24, 10, 1, 9], [2, 18, 3, 17], [4, 20, 5, 19], [6, 11, 7, 12], [8, 2, 9, 1], [10, 7, 11, 8], [12, 16, 13, 15], [14, 21, 15, 22], [16, 24, 17, 23], [18, 4, 19, 3], [20, 6, 21, 5]]"
12a_0216_127,"[[20, 6, 21, 5], [22, 13, 23, 14], [24, 10, 1, 9], [2, 18, 3, 17], [4, 20, 5, 19], [6, 11, 7, 12], [8, 2, 9, 1], [10, 7, 11, 8], [12, 16, 13, 15], [14, 21, 15, 22], [16, 24, 17, 23], [18, 4, 19, 3]]"
12a_0216_128,"[[18, 4, 19, 3], [20, 6, 21, 5], [22, 13, 23, 14], [24, 10, 1, 9], [2, 18, 3, 17], [4, 20, 5, 19], [6, 11, 7, 12], [8, 2, 9, 1], [10, 7, 11, 8], [12, 16, 13, 15], [14, 21, 15, 22], [16, 24, 17, 23]]"
12a_0216_129,"[[16, 24, 17, 23], [18, 4, 19, 3], [20, 6, 21, 5], [22, 13, 23, 14], [24, 10, 1, 9], [2, 18, 3, 17], [4, 20, 5, 19], [6, 11, 7, 12], [8, 2, 9, 1], [10, 7, 11, 8], [12, 16, 13, 15], [14, 21, 15, 22]]"
12a_0216_130,"[[14, 21, 15, 22], [16, 24, 17, 23], [18, 4, 19, 3], [20, 6, 21, 5], [22, 13, 23, 14], [24, 10, 1, 9], [2, 18, 3, 17], [4, 20, 5, 19], [6, 11, 7, 12], [8, 2, 9, 1], [10, 7, 11, 8], [12, 16, 13, 15]]"
12a_0216_131,"[[12, 16, 13, 15], [14, 21, 15, 22], [16, 24, 17, 23], [18, 4, 19, 3], [20, 6, 21, 5], [22, 13, 23, 14], [24, 10, 1, 9], [2, 18, 3, 17], [4, 20, 5, 19], [6, 11, 7, 12], [8, 2, 9, 1], [10, 7, 11, 8]]"
12a_0216_132,"[[11, 8, 12, 9], [13, 17, 14, 16], [15, 22, 16, 23], [17, 1, 18, 24], [19, 5, 20, 4], [21, 7, 22, 6], [23, 14, 24, 15], [1, 11, 2, 10], [3, 19, 4, 18], [5, 21, 6, 20], [7, 12, 8, 13], [9, 3, 10, 2]]"
12a_0216_133,"[[9, 3, 10, 2], [11, 8, 12, 9], [13, 17, 14, 16], [15, 22, 16, 23], [17, 1, 18, 24], [19, 5, 20, 4], [21, 7, 22, 6], [23, 14, 24, 15], [1, 11, 2, 10], [3, 19, 4, 18], [5, 21, 6, 20], [7, 12, 8, 13]]"
12a_0216_134,"[[7, 12, 8, 13], [9, 3, 10, 2], [11, 8, 12, 9], [13, 17, 14, 16], [15, 22, 16, 23], [17, 1, 18, 24], [19, 5, 20, 4], [21, 7, 22, 6], [23, 14, 24, 15], [1, 11, 2, 10], [3, 19, 4, 18], [5, 21, 6, 20]]"
12a_0216_135,"[[5, 21, 6, 20], [7, 12, 8, 13], [9, 3, 10, 2], [11, 8, 12, 9], [13, 17, 14, 16], [15, 22, 16, 23], [17, 1, 18, 24], [19, 5, 20, 4], [21, 7, 22, 6], [23, 14, 24, 15], [1, 11, 2, 10], [3, 19, 4, 18]]"
12a_0216_136,"[[3, 19, 4, 18], [5, 21, 6, 20], [7, 12, 8, 13], [9, 3, 10, 2], [11, 8, 12, 9], [13, 17, 14, 16], [15, 22, 16, 23], [17, 1, 18, 24], [19, 5, 20, 4], [21, 7, 22, 6], [23, 14, 24, 15], [1, 11, 2, 10]]"
12a_0216_137,"[[1, 11, 2, 10], [3, 19, 4, 18], [5, 21, 6, 20], [7, 12, 8, 13], [9, 3, 10, 2], [11, 8, 12, 9], [13, 17, 14, 16], [15, 22, 16, 23], [17, 1, 18, 24], [19, 5, 20, 4], [21, 7, 22, 6], [23, 14, 24, 15]]"
12a_0216_138,"[[23, 14, 24, 15], [1, 11, 2, 10], [3, 19, 4, 18], [5, 21, 6, 20], [7, 12, 8, 13], [9, 3, 10, 2], [11, 8, 12, 9], [13, 17, 14, 16], [15, 22, 16, 23], [17, 1, 18, 24], [19, 5, 20, 4], [21, 7, 22, 6]]"
12a_0216_139,"[[21, 7, 22, 6], [23, 14, 24, 15], [1, 11, 2, 10], [3, 19, 4, 18], [5, 21, 6, 20], [7, 12, 8, 13], [9, 3, 10, 2], [11, 8, 12, 9], [13, 17, 14, 16], [15, 22, 16, 23], [17, 1, 18, 24], [19, 5, 20, 4]]"
12a_0216_140,"[[19, 5, 20, 4], [21, 7, 22, 6], [23, 14, 24, 15], [1, 11, 2, 10], [3, 19, 4, 18], [5, 21, 6, 20], [7, 12, 8, 13], [9, 3, 10, 2], [11, 8, 12, 9], [13, 17, 14, 16], [15, 22, 16, 23], [17, 1, 18, 24]]"
12a_0216_141,"[[17, 1, 18, 24], [19, 5, 20, 4], [21, 7, 22, 6], [23, 14, 24, 15], [1, 11, 2, 10], [3, 19, 4, 18], [5, 21, 6, 20], [7, 12, 8, 13], [9, 3, 10, 2], [11, 8, 12, 9], [13, 17, 14, 16], [15, 22, 16, 23]]"
12a_0216_142,"[[15, 22, 16, 23], [17, 1, 18, 24], [19, 5, 20, 4], [21, 7, 22, 6], [23, 14, 24, 15], [1, 11, 2, 10], [3, 19, 4, 18], [5, 21, 6, 20], [7, 12, 8, 13], [9, 3, 10, 2], [11, 8, 12, 9], [13, 17, 14, 16]]"
12a_0216_143,"[[13, 17, 14, 16], [15, 22, 16, 23], [17, 1, 18, 24], [19, 5, 20, 4], [21, 7, 22, 6], [23, 14, 24, 15], [1, 11, 2, 10], [3, 19, 4, 18], [5, 21, 6, 20], [7, 12, 8, 13], [9, 3, 10, 2], [11, 8, 12, 9]]"
12a_0216_144,"[[12, 9, 13, 10], [14, 18, 15, 17], [16, 23, 17, 24], [18, 2, 19, 1], [20, 6, 21, 5], [22, 8, 23, 7], [24, 15, 1, 16], [2, 12, 3, 11], [4, 20, 5, 19], [6, 22, 7, 21], [8, 13, 9, 14], [10, 4, 11, 3]]"
12a_0216_145,"[[10, 4, 11, 3], [12, 9, 13, 10], [14, 18, 15, 17], [16, 23, 17, 24], [18, 2, 19, 1], [20, 6, 21, 5], [22, 8, 23, 7], [24, 15, 1, 16], [2, 12, 3, 11], [4, 20, 5, 19], [6, 22, 7, 21], [8, 13, 9, 14]]"
12a_0216_146,"[[8, 13, 9, 14], [10, 4, 11, 3], [12, 9, 13, 10], [14, 18, 15, 17], [16, 23, 17, 24], [18, 2, 19, 1], [20, 6, 21, 5], [22, 8, 23, 7], [24, 15, 1, 16], [2, 12, 3, 11], [4, 20, 5, 19], [6, 22, 7, 21]]"
12a_0216_147,"[[6, 22, 7, 21], [8, 13, 9, 14], [10, 4, 11, 3], [12, 9, 13, 10], [14, 18, 15, 17], [16, 23, 17, 24], [18, 2, 19, 1], [20, 6, 21, 5], [22, 8, 23, 7], [24, 15, 1, 16], [2, 12, 3, 11], [4, 20, 5, 19]]"
12a_0216_148,"[[4, 20, 5, 19], [6, 22, 7, 21], [8, 13, 9, 14], [10, 4, 11, 3], [12, 9, 13, 10], [14, 18, 15, 17], [16, 23, 17, 24], [18, 2, 19, 1], [20, 6, 21, 5], [22, 8, 23, 7], [24, 15, 1, 16], [2, 12, 3, 11]]"
12a_0216_149,"[[2, 12, 3, 11], [4, 20, 5, 19], [6, 22, 7, 21], [8, 13, 9, 14], [10, 4, 11, 3], [12, 9, 13, 10], [14, 18, 15, 17], [16, 23, 17, 24], [18, 2, 19, 1], [20, 6, 21, 5], [22, 8, 23, 7], [24, 15, 1, 16]]"
12a_0216_150,"[[24, 15, 1, 16], [2, 12, 3, 11], [4, 20, 5, 19], [6, 22, 7, 21], [8, 13, 9, 14], [10, 4, 11, 3], [12, 9, 13, 10], [14, 18, 15, 17], [16, 23, 17, 24], [18, 2, 19, 1], [20, 6, 21, 5], [22, 8, 23, 7]]"
12a_0216_151,"[[22, 8, 23, 7], [24, 15, 1, 16], [2, 12, 3, 11], [4, 20, 5, 19], [6, 22, 7, 21], [8, 13, 9, 14], [10, 4, 11, 3], [12, 9, 13, 10], [14, 18, 15, 17], [16, 23, 17, 24], [18, 2, 19, 1], [20, 6, 21, 5]]"
12a_0216_152,"[[20, 6, 21, 5], [22, 8, 23, 7], [24, 15, 1, 16], [2, 12, 3, 11], [4, 20, 5, 19], [6, 22, 7, 21], [8, 13, 9, 14], [10, 4, 11, 3], [12, 9, 13, 10], [14, 18, 15, 17], [16, 23, 17, 24], [18, 2, 19, 1]]"
12a_0216_153,"[[18, 2, 19, 1], [20, 6, 21, 5], [22, 8, 23, 7], [24, 15, 1, 16], [2, 12, 3, 11], [4, 20, 5, 19], [6, 22, 7, 21], [8, 13, 9, 14], [10, 4, 11, 3], [12, 9, 13, 10], [14, 18, 15, 17], [16, 23, 17, 24]]"
12a_0216_154,"[[16, 23, 17, 24], [18, 2, 19, 1], [20, 6, 21, 5], [22, 8, 23, 7], [24, 15, 1, 16], [2, 12, 3, 11], [4, 20, 5, 19], [6, 22, 7, 21], [8, 13, 9, 14], [10, 4, 11, 3], [12, 9, 13, 10], [14, 18, 15, 17]]"
12a_0216_155,"[[14, 18, 15, 17], [16, 23, 17, 24], [18, 2, 19, 1], [20, 6, 21, 5], [22, 8, 23, 7], [24, 15, 1, 16], [2, 12, 3, 11], [4, 20, 5, 19], [6, 22, 7, 21], [8, 13, 9, 14], [10, 4, 11, 3], [12, 9, 13, 10]]"
12a_0216_156,"[[13, 10, 14, 11], [15, 19, 16, 18], [17, 24, 18, 1], [19, 3, 20, 2], [21, 7, 22, 6], [23, 9, 24, 8], [1, 16, 2, 17], [3, 13, 4, 12], [5, 21, 6, 20], [7, 23, 8, 22], [9, 14, 10, 15], [11, 5, 12, 4]]"
12a_0216_157,"[[11, 5, 12, 4], [13, 10, 14, 11], [15, 19, 16, 18], [17, 24, 18, 1], [19, 3, 20, 2], [21, 7, 22, 6], [23, 9, 24, 8], [1, 16, 2, 17], [3, 13, 4, 12], [5, 21, 6, 20], [7, 23, 8, 22], [9, 14, 10, 15]]"
12a_0216_158,"[[9, 14, 10, 15], [11, 5, 12, 4], [13, 10, 14, 11], [15, 19, 16, 18], [17, 24, 18, 1], [19, 3, 20, 2], [21, 7, 22, 6], [23, 9, 24, 8], [1, 16, 2, 17], [3, 13, 4, 12], [5, 21, 6, 20], [7, 23, 8, 22]]"
12a_0216_159,"[[7, 23, 8, 22], [9, 14, 10, 15], [11, 5, 12, 4], [13, 10, 14, 11], [15, 19, 16, 18], [17, 24, 18, 1], [19, 3, 20, 2], [21, 7, 22, 6], [23, 9, 24, 8], [1, 16, 2, 17], [3, 13, 4, 12], [5, 21, 6, 20]]"
12a_0216_160,"[[5, 21, 6, 20], [7, 23, 8, 22], [9, 14, 10, 15], [11, 5, 12, 4], [13, 10, 14, 11], [15, 19, 16, 18], [17, 24, 18, 1], [19, 3, 20, 2], [21, 7, 22, 6], [23, 9, 24, 8], [1, 16, 2, 17], [3, 13, 4, 12]]"
12a_0216_161,"[[3, 13, 4, 12], [5, 21, 6, 20], [7, 23, 8, 22], [9, 14, 10, 15], [11, 5, 12, 4], [13, 10, 14, 11], [15, 19, 16, 18], [17, 24, 18, 1], [19, 3, 20, 2], [21, 7, 22, 6], [23, 9, 24, 8], [1, 16, 2, 17]]"
12a_0216_162,"[[1, 16, 2, 17], [3, 13, 4, 12], [5, 21, 6, 20], [7, 23, 8, 22], [9, 14, 10, 15], [11, 5, 12, 4], [13, 10, 14, 11], [15, 19, 16, 18], [17, 24, 18, 1], [19, 3, 20, 2], [21, 7, 22, 6], [23, 9, 24, 8]]"
12a_0216_163,"[[23, 9, 24, 8], [1, 16, 2, 17], [3, 13, 4, 12], [5, 21, 6, 20], [7, 23, 8, 22], [9, 14, 10, 15], [11, 5, 12, 4], [13, 10, 14, 11], [15, 19, 16, 18], [17, 24, 18, 1], [19, 3, 20, 2], [21, 7, 22, 6]]"
12a_0216_164,"[[21, 7, 22, 6], [23, 9, 24, 8], [1, 16, 2, 17], [3, 13, 4, 12], [5, 21, 6, 20], [7, 23, 8, 22], [9, 14, 10, 15], [11, 5, 12, 4], [13, 10, 14, 11], [15, 19, 16, 18], [17, 24, 18, 1], [19, 3, 20, 2]]"
12a_0216_165,"[[19, 3, 20, 2], [21, 7, 22, 6], [23, 9, 24, 8], [1, 16, 2, 17], [3, 13, 4, 12], [5, 21, 6, 20], [7, 23, 8, 22], [9, 14, 10, 15], [11, 5, 12, 4], [13, 10, 14, 11], [15, 19, 16, 18], [17, 24, 18, 1]]"
12a_0216_166,"[[17, 24, 18, 1], [19, 3, 20, 2], [21, 7, 22, 6], [23, 9, 24, 8], [1, 16, 2, 17], [3, 13, 4, 12], [5, 21, 6, 20], [7, 23, 8, 22], [9, 14, 10, 15], [11, 5, 12, 4], [13, 10, 14, 11], [15, 19, 16, 18]]"
12a_0216_167,"[[15, 19, 16, 18], [17, 24, 18, 1], [19, 3, 20, 2], [21, 7, 22, 6], [23, 9, 24, 8], [1, 16, 2, 17], [3, 13, 4, 12], [5, 21, 6, 20], [7, 23, 8, 22], [9, 14, 10, 15], [11, 5, 12, 4], [13, 10, 14, 11]]"
12a_0216_168,"[[14, 11, 15, 12], [16, 20, 17, 19], [18, 1, 19, 2], [20, 4, 21, 3], [22, 8, 23, 7], [24, 10, 1, 9], [2, 17, 3, 18], [4, 14, 5, 13], [6, 22, 7, 21], [8, 24, 9, 23], [10, 15, 11, 16], [12, 6, 13, 5]]"
12a_0216_169,"[[12, 6, 13, 5], [14, 11, 15, 12], [16, 20, 17, 19], [18, 1, 19, 2], [20, 4, 21, 3], [22, 8, 23, 7], [24, 10, 1, 9], [2, 17, 3, 18], [4, 14, 5, 13], [6, 22, 7, 21], [8, 24, 9, 23], [10, 15, 11, 16]]"
12a_0216_170,"[[10, 15, 11, 16], [12, 6, 13, 5], [14, 11, 15, 12], [16, 20, 17, 19], [18, 1, 19, 2], [20, 4, 21, 3], [22, 8, 23, 7], [24, 10, 1, 9], [2, 17, 3, 18], [4, 14, 5, 13], [6, 22, 7, 21], [8, 24, 9, 23]]"
12a_0216_171,"[[8, 24, 9, 23], [10, 15, 11, 16], [12, 6, 13, 5], [14, 11, 15, 12], [16, 20, 17, 19], [18, 1, 19, 2], [20, 4, 21, 3], [22, 8, 23, 7], [24, 10, 1, 9], [2, 17, 3, 18], [4, 14, 5, 13], [6, 22, 7, 21]]"
12a_0216_172,"[[6, 22, 7, 21], [8, 24, 9, 23], [10, 15, 11, 16], [12, 6, 13, 5], [14, 11, 15, 12], [16, 20, 17, 19], [18, 1, 19, 2], [20, 4, 21, 3], [22, 8, 23, 7], [24, 10, 1, 9], [2, 17, 3, 18], [4, 14, 5, 13]]"
12a_0216_173,"[[4, 14, 5, 13], [6, 22, 7, 21], [8, 24, 9, 23], [10, 15, 11, 16], [12, 6, 13, 5], [14, 11, 15, 12], [16, 20, 17, 19], [18, 1, 19, 2], [20, 4, 21, 3], [22, 8, 23, 7], [24, 10, 1, 9], [2, 17, 3, 18]]"
12a_0216_174,"[[2, 17, 3, 18], [4, 14, 5, 13], [6, 22, 7, 21], [8, 24, 9, 23], [10, 15, 11, 16], [12, 6, 13, 5], [14, 11, 15, 12], [16, 20, 17, 19], [18, 1, 19, 2], [20, 4, 21, 3], [22, 8, 23, 7], [24, 10, 1, 9]]"
12a_0216_175,"[[24, 10, 1, 9], [2, 17, 3, 18], [4, 14, 5, 13], [6, 22, 7, 21], [8, 24, 9, 23], [10, 15, 11, 16], [12, 6, 13, 5], [14, 11, 15, 12], [16, 20, 17, 19], [18, 1, 19, 2], [20, 4, 21, 3], [22, 8, 23, 7]]"
12a_0216_176,"[[22, 8, 23, 7], [24, 10, 1, 9], [2, 17, 3, 18], [4, 14, 5, 13], [6, 22, 7, 21], [8, 24, 9, 23], [10, 15, 11, 16], [12, 6, 13, 5], [14, 11, 15, 12], [16, 20, 17, 19], [18, 1, 19, 2], [20, 4, 21, 3]]"
12a_0216_177,"[[20, 4, 21, 3], [22, 8, 23, 7], [24, 10, 1, 9], [2, 17, 3, 18], [4, 14, 5, 13], [6, 22, 7, 21], [8, 24, 9, 23], [10, 15, 11, 16], [12, 6, 13, 5], [14, 11, 15, 12], [16, 20, 17, 19], [18, 1, 19, 2]]"
12a_0216_178,"[[18, 1, 19, 2], [20, 4, 21, 3], [22, 8, 23, 7], [24, 10, 1, 9], [2, 17, 3, 18], [4, 14, 5, 13], [6, 22, 7, 21], [8, 24, 9, 23], [10, 15, 11, 16], [12, 6, 13, 5], [14, 11, 15, 12], [16, 20, 17, 19]]"
12a_0216_179,"[[16, 20, 17, 19], [18, 1, 19, 2], [20, 4, 21, 3], [22, 8, 23, 7], [24, 10, 1, 9], [2, 17, 3, 18], [4, 14, 5, 13], [6, 22, 7, 21], [8, 24, 9, 23], [10, 15, 11, 16], [12, 6, 13, 5], [14, 11, 15, 12]]"
12a_0216_180,"[[15, 12, 16, 13], [17, 21, 18, 20], [19, 2, 20, 3], [21, 5, 22, 4], [23, 9, 24, 8], [1, 11, 2, 10], [3, 18, 4, 19], [5, 15, 6, 14], [7, 23, 8, 22], [9, 1, 10, 24], [11, 16, 12, 17], [13, 7, 14, 6]]"
12a_0216_181,"[[13, 7, 14, 6], [15, 12, 16, 13], [17, 21, 18, 20], [19, 2, 20, 3], [21, 5, 22, 4], [23, 9, 24, 8], [1, 11, 2, 10], [3, 18, 4, 19], [5, 15, 6, 14], [7, 23, 8, 22], [9, 1, 10, 24], [11, 16, 12, 17]]"
12a_0216_182,"[[11, 16, 12, 17], [13, 7, 14, 6], [15, 12, 16, 13], [17, 21, 18, 20], [19, 2, 20, 3], [21, 5, 22, 4], [23, 9, 24, 8], [1, 11, 2, 10], [3, 18, 4, 19], [5, 15, 6, 14], [7, 23, 8, 22], [9, 1, 10, 24]]"
12a_0216_183,"[[9, 1, 10, 24], [11, 16, 12, 17], [13, 7, 14, 6], [15, 12, 16, 13], [17, 21, 18, 20], [19, 2, 20, 3], [21, 5, 22, 4], [23, 9, 24, 8], [1, 11, 2, 10], [3, 18, 4, 19], [5, 15, 6, 14], [7, 23, 8, 22]]"
12a_0216_184,"[[7, 23, 8, 22], [9, 1, 10, 24], [11, 16, 12, 17], [13, 7, 14, 6], [15, 12, 16, 13], [17, 21, 18, 20], [19, 2, 20, 3], [21, 5, 22, 4], [23, 9, 24, 8], [1, 11, 2, 10], [3, 18, 4, 19], [5, 15, 6, 14]]"
12a_0216_185,"[[5, 15, 6, 14], [7, 23, 8, 22], [9, 1, 10, 24], [11, 16, 12, 17], [13, 7, 14, 6], [15, 12, 16, 13], [17, 21, 18, 20], [19, 2, 20, 3], [21, 5, 22, 4], [23, 9, 24, 8], [1, 11, 2, 10], [3, 18, 4, 19]]"
