name,pd_notation
12a_0064_0,"[[24, 20, 1, 19], [2, 6, 3, 5], [4, 10, 5, 9], [6, 14, 7, 13], [8, 4, 9, 3], [10, 23, 11, 24], [12, 8, 13, 7], [14, 18, 15, 17], [16, 22, 17, 21], [18, 2, 19, 1], [20, 16, 21, 15], [22, 11, 23, 12]]"
12a_0064_1,"[[22, 11, 23, 12], [24, 20, 1, 19], [2, 6, 3, 5], [4, 10, 5, 9], [6, 14, 7, 13], [8, 4, 9, 3], [10, 23, 11, 24], [12, 8, 13, 7], [14, 18, 15, 17], [16, 22, 17, 21], [18, 2, 19, 1], [20, 16, 21, 15]]"
12a_0064_2,"[[20, 16, 21, 15], [22, 11, 23, 12], [24, 20, 1, 19], [2, 6, 3, 5], [4, 10, 5, 9], [6, 14, 7, 13], [8, 4, 9, 3], [10, 23, 11, 24], [12, 8, 13, 7], [14, 18, 15, 17], [16, 22, 17, 21], [18, 2, 19, 1]]"
12a_0064_3,"[[18, 2, 19, 1], [20, 16, 21, 15], [22, 11, 23, 12], [24, 20, 1, 19], [2, 6, 3, 5], [4, 10, 5, 9], [6, 14, 7, 13], [8, 4, 9, 3], [10, 23, 11, 24], [12, 8, 13, 7], [14, 18, 15, 17], [16, 22, 17, 21]]"
12a_0064_4,"[[16, 22, 17, 21], [18, 2, 19, 1], [20, 16, 21, 15], [22, 11, 23, 12], [24, 20, 1, 19], [2, 6, 3, 5], [4, 10, 5, 9], [6, 14, 7, 13], [8, 4, 9, 3], [10, 23, 11, 24], [12, 8, 13, 7], [14, 18, 15, 17]]"
12a_0064_5,"[[14, 18, 15, 17], [16, 22, 17, 21], [18, 2, 19, 1], [20, 16, 21, 15], [22, 11, 23, 12], [24, 20, 1, 19], [2, 6, 3, 5], [4, 10, 5, 9], [6, 14, 7, 13], [8, 4, 9, 3], [10, 23, 11, 24], [12, 8, 13, 7]]"
12a_0064_6,"[[12, 8, 13, 7], [14, 18, 15, 17], [16, 22, 17, 21], [18, 2, 19, 1], [20, 16, 21, 15], [22, 11, 23, 12], [24, 20, 1, 19], [2, 6, 3, 5], [4, 10, 5, 9], [6, 14, 7, 13], [8, 4, 9, 3], [10, 23, 11, 24]]"
12a_0064_7,"[[10, 23, 11, 24], [12, 8, 13, 7], [14, 18, 15, 17], [16, 22, 17, 21], [18, 2, 19, 1], [20, 16, 21, 15], [22, 11, 23, 12], [24, 20, 1, 19], [2, 6, 3, 5], [4, 10, 5, 9], [6, 14, 7, 13], [8, 4, 9, 3]]"
12a_0064_8,"[[8, 4, 9, 3], [10, 23, 11, 24], [12, 8, 13, 7], [14, 18, 15, 17], [16, 22, 17, 21], [18, 2, 19, 1], [20, 16, 21, 15], [22, 11, 23, 12], [24, 20, 1, 19], [2, 6, 3, 5], [4, 10, 5, 9], [6, 14, 7, 13]]"
12a_0064_9,"[[6, 14, 7, 13], [8, 4, 9, 3], [10, 23, 11, 24], [12, 8, 13, 7], [14, 18, 15, 17], [16, 22, 17, 21], [18, 2, 19, 1], [20, 16, 21, 15], [22, 11, 23, 12], [24, 20, 1, 19], [2, 6, 3, 5], [4, 10, 5, 9]]"
12a_0064_10,"[[4, 10, 5, 9], [6, 14, 7, 13], [8, 4, 9, 3], [10, 23, 11, 24], [12, 8, 13, 7], [14, 18, 15, 17], [16, 22, 17, 21], [18, 2, 19, 1], [20, 16, 21, 15], [22, 11, 23, 12], [24, 20, 1, 19], [2, 6, 3, 5]]"
12a_0064_11,"[[2, 6, 3, 5], [4, 10, 5, 9], [6, 14, 7, 13], [8, 4, 9, 3], [10, 23, 11, 24], [12, 8, 13, 7], [14, 18, 15, 17], [16, 22, 17, 21], [18, 2, 19, 1], [20, 16, 21, 15], [22, 11, 23, 12], [24, 20, 1, 19]]"
12a_0064_12,"[[1, 21, 2, 20], [3, 7, 4, 6], [5, 11, 6, 10], [7, 15, 8, 14], [9, 5, 10, 4], [11, 24, 12, 1], [13, 9, 14, 8], [15, 19, 16, 18], [17, 23, 18, 22], [19, 3, 20, 2], [21, 17, 22, 16], [23, 12, 24, 13]]"
12a_0064_13,"[[23, 12, 24, 13], [1, 21, 2, 20], [3, 7, 4, 6], [5, 11, 6, 10], [7, 15, 8, 14], [9, 5, 10, 4], [11, 24, 12, 1], [13, 9, 14, 8], [15, 19, 16, 18], [17, 23, 18, 22], [19, 3, 20, 2], [21, 17, 22, 16]]"
12a_0064_14,"[[21, 17, 22, 16], [23, 12, 24, 13], [1, 21, 2, 20], [3, 7, 4, 6], [5, 11, 6, 10], [7, 15, 8, 14], [9, 5, 10, 4], [11, 24, 12, 1], [13, 9, 14, 8], [15, 19, 16, 18], [17, 23, 18, 22], [19, 3, 20, 2]]"
12a_0064_15,"[[19, 3, 20, 2], [21, 17, 22, 16], [23, 12, 24, 13], [1, 21, 2, 20], [3, 7, 4, 6], [5, 11, 6, 10], [7, 15, 8, 14], [9, 5, 10, 4], [11, 24, 12, 1], [13, 9, 14, 8], [15, 19, 16, 18], [17, 23, 18, 22]]"
12a_0064_16,"[[17, 23, 18, 22], [19, 3, 20, 2], [21, 17, 22, 16], [23, 12, 24, 13], [1, 21, 2, 20], [3, 7, 4, 6], [5, 11, 6, 10], [7, 15, 8, 14], [9, 5, 10, 4], [11, 24, 12, 1], [13, 9, 14, 8], [15, 19, 16, 18]]"
12a_0064_17,"[[15, 19, 16, 18], [17, 23, 18, 22], [19, 3, 20, 2], [21, 17, 22, 16], [23, 12, 24, 13], [1, 21, 2, 20], [3, 7, 4, 6], [5, 11, 6, 10], [7, 15, 8, 14], [9, 5, 10, 4], [11, 24, 12, 1], [13, 9, 14, 8]]"
12a_0064_18,"[[13, 9, 14, 8], [15, 19, 16, 18], [17, 23, 18, 22], [19, 3, 20, 2], [21, 17, 22, 16], [23, 12, 24, 13], [1, 21, 2, 20], [3, 7, 4, 6], [5, 11, 6, 10], [7, 15, 8, 14], [9, 5, 10, 4], [11, 24, 12, 1]]"
12a_0064_19,"[[11, 24, 12, 1], [13, 9, 14, 8], [15, 19, 16, 18], [17, 23, 18, 22], [19, 3, 20, 2], [21, 17, 22, 16], [23, 12, 24, 13], [1, 21, 2, 20], [3, 7, 4, 6], [5, 11, 6, 10], [7, 15, 8, 14], [9, 5, 10, 4]]"
12a_0064_20,"[[9, 5, 10, 4], [11, 24, 12, 1], [13, 9, 14, 8], [15, 19, 16, 18], [17, 23, 18, 22], [19, 3, 20, 2], [21, 17, 22, 16], [23, 12, 24, 13], [1, 21, 2, 20], [3, 7, 4, 6], [5, 11, 6, 10], [7, 15, 8, 14]]"
12a_0064_21,"[[7, 15, 8, 14], [9, 5, 10, 4], [11, 24, 12, 1], [13, 9, 14, 8], [15, 19, 16, 18], [17, 23, 18, 22], [19, 3, 20, 2], [21, 17, 22, 16], [23, 12, 24, 13], [1, 21, 2, 20], [3, 7, 4, 6], [5, 11, 6, 10]]"
12a_0064_22,"[[5, 11, 6, 10], [7, 15, 8, 14], [9, 5, 10, 4], [11, 24, 12, 1], [13, 9, 14, 8], [15, 19, 16, 18], [17, 23, 18, 22], [19, 3, 20, 2], [21, 17, 22, 16], [23, 12, 24, 13], [1, 21, 2, 20], [3, 7, 4, 6]]"
12a_0064_23,"[[3, 7, 4, 6], [5, 11, 6, 10], [7, 15, 8, 14], [9, 5, 10, 4], [11, 24, 12, 1], [13, 9, 14, 8], [15, 19, 16, 18], [17, 23, 18, 22], [19, 3, 20, 2], [21, 17, 22, 16], [23, 12, 24, 13], [1, 21, 2, 20]]"
12a_0064_24,"[[2, 22, 3, 21], [4, 8, 5, 7], [6, 12, 7, 11], [8, 16, 9, 15], [10, 6, 11, 5], [12, 1, 13, 2], [14, 10, 15, 9], [16, 20, 17, 19], [18, 24, 19, 23], [20, 4, 21, 3], [22, 18, 23, 17], [24, 13, 1, 14]]"
12a_0064_25,"[[24, 13, 1, 14], [2, 22, 3, 21], [4, 8, 5, 7], [6, 12, 7, 11], [8, 16, 9, 15], [10, 6, 11, 5], [12, 1, 13, 2], [14, 10, 15, 9], [16, 20, 17, 19], [18, 24, 19, 23], [20, 4, 21, 3], [22, 18, 23, 17]]"
12a_0064_26,"[[22, 18, 23, 17], [24, 13, 1, 14], [2, 22, 3, 21], [4, 8, 5, 7], [6, 12, 7, 11], [8, 16, 9, 15], [10, 6, 11, 5], [12, 1, 13, 2], [14, 10, 15, 9], [16, 20, 17, 19], [18, 24, 19, 23], [20, 4, 21, 3]]"
12a_0064_27,"[[20, 4, 21, 3], [22, 18, 23, 17], [24, 13, 1, 14], [2, 22, 3, 21], [4, 8, 5, 7], [6, 12, 7, 11], [8, 16, 9, 15], [10, 6, 11, 5], [12, 1, 13, 2], [14, 10, 15, 9], [16, 20, 17, 19], [18, 24, 19, 23]]"
12a_0064_28,"[[18, 24, 19, 23], [20, 4, 21, 3], [22, 18, 23, 17], [24, 13, 1, 14], [2, 22, 3, 21], [4, 8, 5, 7], [6, 12, 7, 11], [8, 16, 9, 15], [10, 6, 11, 5], [12, 1, 13, 2], [14, 10, 15, 9], [16, 20, 17, 19]]"
12a_0064_29,"[[16, 20, 17, 19], [18, 24, 19, 23], [20, 4, 21, 3], [22, 18, 23, 17], [24, 13, 1, 14], [2, 22, 3, 21], [4, 8, 5, 7], [6, 12, 7, 11], [8, 16, 9, 15], [10, 6, 11, 5], [12, 1, 13, 2], [14, 10, 15, 9]]"
12a_0064_30,"[[14, 10, 15, 9], [16, 20, 17, 19], [18, 24, 19, 23], [20, 4, 21, 3], [22, 18, 23, 17], [24, 13, 1, 14], [2, 22, 3, 21], [4, 8, 5, 7], [6, 12, 7, 11], [8, 16, 9, 15], [10, 6, 11, 5], [12, 1, 13, 2]]"
12a_0064_31,"[[12, 1, 13, 2], [14, 10, 15, 9], [16, 20, 17, 19], [18, 24, 19, 23], [20, 4, 21, 3], [22, 18, 23, 17], [24, 13, 1, 14], [2, 22, 3, 21], [4, 8, 5, 7], [6, 12, 7, 11], [8, 16, 9, 15], [10, 6, 11, 5]]"
12a_0064_32,"[[10, 6, 11, 5], [12, 1, 13, 2], [14, 10, 15, 9], [16, 20, 17, 19], [18, 24, 19, 23], [20, 4, 21, 3], [22, 18, 23, 17], [24, 13, 1, 14], [2, 22, 3, 21], [4, 8, 5, 7], [6, 12, 7, 11], [8, 16, 9, 15]]"
12a_0064_33,"[[8, 16, 9, 15], [10, 6, 11, 5], [12, 1, 13, 2], [14, 10, 15, 9], [16, 20, 17, 19], [18, 24, 19, 23], [20, 4, 21, 3], [22, 18, 23, 17], [24, 13, 1, 14], [2, 22, 3, 21], [4, 8, 5, 7], [6, 12, 7, 11]]"
12a_0064_34,"[[6, 12, 7, 11], [8, 16, 9, 15], [10, 6, 11, 5], [12, 1, 13, 2], [14, 10, 15, 9], [16, 20, 17, 19], [18, 24, 19, 23], [20, 4, 21, 3], [22, 18, 23, 17], [24, 13, 1, 14], [2, 22, 3, 21], [4, 8, 5, 7]]"
12a_0064_35,"[[4, 8, 5, 7], [6, 12, 7, 11], [8, 16, 9, 15], [10, 6, 11, 5], [12, 1, 13, 2], [14, 10, 15, 9], [16, 20, 17, 19], [18, 24, 19, 23], [20, 4, 21, 3], [22, 18, 23, 17], [24, 13, 1, 14], [2, 22, 3, 21]]"
12a_0064_36,"[[3, 23, 4, 22], [5, 9, 6, 8], [7, 13, 8, 12], [9, 17, 10, 16], [11, 7, 12, 6], [13, 2, 14, 3], [15, 11, 16, 10], [17, 21, 18, 20], [19, 1, 20, 24], [21, 5, 22, 4], [23, 19, 24, 18], [1, 14, 2, 15]]"
12a_0064_37,"[[1, 14, 2, 15], [3, 23, 4, 22], [5, 9, 6, 8], [7, 13, 8, 12], [9, 17, 10, 16], [11, 7, 12, 6], [13, 2, 14, 3], [15, 11, 16, 10], [17, 21, 18, 20], [19, 1, 20, 24], [21, 5, 22, 4], [23, 19, 24, 18]]"
12a_0064_38,"[[23, 19, 24, 18], [1, 14, 2, 15], [3, 23, 4, 22], [5, 9, 6, 8], [7, 13, 8, 12], [9, 17, 10, 16], [11, 7, 12, 6], [13, 2, 14, 3], [15, 11, 16, 10], [17, 21, 18, 20], [19, 1, 20, 24], [21, 5, 22, 4]]"
12a_0064_39,"[[21, 5, 22, 4], [23, 19, 24, 18], [1, 14, 2, 15], [3, 23, 4, 22], [5, 9, 6, 8], [7, 13, 8, 12], [9, 17, 10, 16], [11, 7, 12, 6], [13, 2, 14, 3], [15, 11, 16, 10], [17, 21, 18, 20], [19, 1, 20, 24]]"
12a_0064_40,"[[19, 1, 20, 24], [21, 5, 22, 4], [23, 19, 24, 18], [1, 14, 2, 15], [3, 23, 4, 22], [5, 9, 6, 8], [7, 13, 8, 12], [9, 17, 10, 16], [11, 7, 12, 6], [13, 2, 14, 3], [15, 11, 16, 10], [17, 21, 18, 20]]"
12a_0064_41,"[[17, 21, 18, 20], [19, 1, 20, 24], [21, 5, 22, 4], [23, 19, 24, 18], [1, 14, 2, 15], [3, 23, 4, 22], [5, 9, 6, 8], [7, 13, 8, 12], [9, 17, 10, 16], [11, 7, 12, 6], [13, 2, 14, 3], [15, 11, 16, 10]]"
12a_0064_42,"[[15, 11, 16, 10], [17, 21, 18, 20], [19, 1, 20, 24], [21, 5, 22, 4], [23, 19, 24, 18], [1, 14, 2, 15], [3, 23, 4, 22], [5, 9, 6, 8], [7, 13, 8, 12], [9, 17, 10, 16], [11, 7, 12, 6], [13, 2, 14, 3]]"
12a_0064_43,"[[13, 2, 14, 3], [15, 11, 16, 10], [17, 21, 18, 20], [19, 1, 20, 24], [21, 5, 22, 4], [23, 19, 24, 18], [1, 14, 2, 15], [3, 23, 4, 22], [5, 9, 6, 8], [7, 13, 8, 12], [9, 17, 10, 16], [11, 7, 12, 6]]"
12a_0064_44,"[[11, 7, 12, 6], [13, 2, 14, 3], [15, 11, 16, 10], [17, 21, 18, 20], [19, 1, 20, 24], [21, 5, 22, 4], [23, 19, 24, 18], [1, 14, 2, 15], [3, 23, 4, 22], [5, 9, 6, 8], [7, 13, 8, 12], [9, 17, 10, 16]]"
12a_0064_45,"[[9, 17, 10, 16], [11, 7, 12, 6], [13, 2, 14, 3], [15, 11, 16, 10], [17, 21, 18, 20], [19, 1, 20, 24], [21, 5, 22, 4], [23, 19, 24, 18], [1, 14, 2, 15], [3, 23, 4, 22], [5, 9, 6, 8], [7, 13, 8, 12]]"
12a_0064_46,"[[7, 13, 8, 12], [9, 17, 10, 16], [11, 7, 12, 6], [13, 2, 14, 3], [15, 11, 16, 10], [17, 21, 18, 20], [19, 1, 20, 24], [21, 5, 22, 4], [23, 19, 24, 18], [1, 14, 2, 15], [3, 23, 4, 22], [5, 9, 6, 8]]"
12a_0064_47,"[[5, 9, 6, 8], [7, 13, 8, 12], [9, 17, 10, 16], [11, 7, 12, 6], [13, 2, 14, 3], [15, 11, 16, 10], [17, 21, 18, 20], [19, 1, 20, 24], [21, 5, 22, 4], [23, 19, 24, 18], [1, 14, 2, 15], [3, 23, 4, 22]]"
12a_0064_48,"[[4, 24, 5, 23], [6, 10, 7, 9], [8, 14, 9, 13], [10, 18, 11, 17], [12, 8, 13, 7], [14, 3, 15, 4], [16, 12, 17, 11], [18, 22, 19, 21], [20, 2, 21, 1], [22, 6, 23, 5], [24, 20, 1, 19], [2, 15, 3, 16]]"
12a_0064_49,"[[2, 15, 3, 16], [4, 24, 5, 23], [6, 10, 7, 9], [8, 14, 9, 13], [10, 18, 11, 17], [12, 8, 13, 7], [14, 3, 15, 4], [16, 12, 17, 11], [18, 22, 19, 21], [20, 2, 21, 1], [22, 6, 23, 5], [24, 20, 1, 19]]"
12a_0064_50,"[[24, 20, 1, 19], [2, 15, 3, 16], [4, 24, 5, 23], [6, 10, 7, 9], [8, 14, 9, 13], [10, 18, 11, 17], [12, 8, 13, 7], [14, 3, 15, 4], [16, 12, 17, 11], [18, 22, 19, 21], [20, 2, 21, 1], [22, 6, 23, 5]]"
12a_0064_51,"[[22, 6, 23, 5], [24, 20, 1, 19], [2, 15, 3, 16], [4, 24, 5, 23], [6, 10, 7, 9], [8, 14, 9, 13], [10, 18, 11, 17], [12, 8, 13, 7], [14, 3, 15, 4], [16, 12, 17, 11], [18, 22, 19, 21], [20, 2, 21, 1]]"
12a_0064_52,"[[20, 2, 21, 1], [22, 6, 23, 5], [24, 20, 1, 19], [2, 15, 3, 16], [4, 24, 5, 23], [6, 10, 7, 9], [8, 14, 9, 13], [10, 18, 11, 17], [12, 8, 13, 7], [14, 3, 15, 4], [16, 12, 17, 11], [18, 22, 19, 21]]"
12a_0064_53,"[[18, 22, 19, 21], [20, 2, 21, 1], [22, 6, 23, 5], [24, 20, 1, 19], [2, 15, 3, 16], [4, 24, 5, 23], [6, 10, 7, 9], [8, 14, 9, 13], [10, 18, 11, 17], [12, 8, 13, 7], [14, 3, 15, 4], [16, 12, 17, 11]]"
12a_0064_54,"[[16, 12, 17, 11], [18, 22, 19, 21], [20, 2, 21, 1], [22, 6, 23, 5], [24, 20, 1, 19], [2, 15, 3, 16], [4, 24, 5, 23], [6, 10, 7, 9], [8, 14, 9, 13], [10, 18, 11, 17], [12, 8, 13, 7], [14, 3, 15, 4]]"
12a_0064_55,"[[14, 3, 15, 4], [16, 12, 17, 11], [18, 22, 19, 21], [20, 2, 21, 1], [22, 6, 23, 5], [24, 20, 1, 19], [2, 15, 3, 16], [4, 24, 5, 23], [6, 10, 7, 9], [8, 14, 9, 13], [10, 18, 11, 17], [12, 8, 13, 7]]"
12a_0064_56,"[[12, 8, 13, 7], [14, 3, 15, 4], [16, 12, 17, 11], [18, 22, 19, 21], [20, 2, 21, 1], [22, 6, 23, 5], [24, 20, 1, 19], [2, 15, 3, 16], [4, 24, 5, 23], [6, 10, 7, 9], [8, 14, 9, 13], [10, 18, 11, 17]]"
12a_0064_57,"[[10, 18, 11, 17], [12, 8, 13, 7], [14, 3, 15, 4], [16, 12, 17, 11], [18, 22, 19, 21], [20, 2, 21, 1], [22, 6, 23, 5], [24, 20, 1, 19], [2, 15, 3, 16], [4, 24, 5, 23], [6, 10, 7, 9], [8, 14, 9, 13]]"
12a_0064_58,"[[8, 14, 9, 13], [10, 18, 11, 17], [12, 8, 13, 7], [14, 3, 15, 4], [16, 12, 17, 11], [18, 22, 19, 21], [20, 2, 21, 1], [22, 6, 23, 5], [24, 20, 1, 19], [2, 15, 3, 16], [4, 24, 5, 23], [6, 10, 7, 9]]"
12a_0064_59,"[[6, 10, 7, 9], [8, 14, 9, 13], [10, 18, 11, 17], [12, 8, 13, 7], [14, 3, 15, 4], [16, 12, 17, 11], [18, 22, 19, 21], [20, 2, 21, 1], [22, 6, 23, 5], [24, 20, 1, 19], [2, 15, 3, 16], [4, 24, 5, 23]]"
12a_0064_60,"[[5, 1, 6, 24], [7, 11, 8, 10], [9, 15, 10, 14], [11, 19, 12, 18], [13, 9, 14, 8], [15, 4, 16, 5], [17, 13, 18, 12], [19, 23, 20, 22], [21, 3, 22, 2], [23, 7, 24, 6], [1, 21, 2, 20], [3, 16, 4, 17]]"
12a_0064_61,"[[3, 16, 4, 17], [5, 1, 6, 24], [7, 11, 8, 10], [9, 15, 10, 14], [11, 19, 12, 18], [13, 9, 14, 8], [15, 4, 16, 5], [17, 13, 18, 12], [19, 23, 20, 22], [21, 3, 22, 2], [23, 7, 24, 6], [1, 21, 2, 20]]"
12a_0064_62,"[[1, 21, 2, 20], [3, 16, 4, 17], [5, 1, 6, 24], [7, 11, 8, 10], [9, 15, 10, 14], [11, 19, 12, 18], [13, 9, 14, 8], [15, 4, 16, 5], [17, 13, 18, 12], [19, 23, 20, 22], [21, 3, 22, 2], [23, 7, 24, 6]]"
12a_0064_63,"[[23, 7, 24, 6], [1, 21, 2, 20], [3, 16, 4, 17], [5, 1, 6, 24], [7, 11, 8, 10], [9, 15, 10, 14], [11, 19, 12, 18], [13, 9, 14, 8], [15, 4, 16, 5], [17, 13, 18, 12], [19, 23, 20, 22], [21, 3, 22, 2]]"
12a_0064_64,"[[21, 3, 22, 2], [23, 7, 24, 6], [1, 21, 2, 20], [3, 16, 4, 17], [5, 1, 6, 24], [7, 11, 8, 10], [9, 15, 10, 14], [11, 19, 12, 18], [13, 9, 14, 8], [15, 4, 16, 5], [17, 13, 18, 12], [19, 23, 20, 22]]"
12a_0064_65,"[[19, 23, 20, 22], [21, 3, 22, 2], [23, 7, 24, 6], [1, 21, 2, 20], [3, 16, 4, 17], [5, 1, 6, 24], [7, 11, 8, 10], [9, 15, 10, 14], [11, 19, 12, 18], [13, 9, 14, 8], [15, 4, 16, 5], [17, 13, 18, 12]]"
12a_0064_66,"[[17, 13, 18, 12], [19, 23, 20, 22], [21, 3, 22, 2], [23, 7, 24, 6], [1, 21, 2, 20], [3, 16, 4, 17], [5, 1, 6, 24], [7, 11, 8, 10], [9, 15, 10, 14], [11, 19, 12, 18], [13, 9, 14, 8], [15, 4, 16, 5]]"
12a_0064_67,"[[15, 4, 16, 5], [17, 13, 18, 12], [19, 23, 20, 22], [21, 3, 22, 2], [23, 7, 24, 6], [1, 21, 2, 20], [3, 16, 4, 17], [5, 1, 6, 24], [7, 11, 8, 10], [9, 15, 10, 14], [11, 19, 12, 18], [13, 9, 14, 8]]"
12a_0064_68,"[[13, 9, 14, 8], [15, 4, 16, 5], [17, 13, 18, 12], [19, 23, 20, 22], [21, 3, 22, 2], [23, 7, 24, 6], [1, 21, 2, 20], [3, 16, 4, 17], [5, 1, 6, 24], [7, 11, 8, 10], [9, 15, 10, 14], [11, 19, 12, 18]]"
12a_0064_69,"[[11, 19, 12, 18], [13, 9, 14, 8], [15, 4, 16, 5], [17, 13, 18, 12], [19, 23, 20, 22], [21, 3, 22, 2], [23, 7, 24, 6], [1, 21, 2, 20], [3, 16, 4, 17], [5, 1, 6, 24], [7, 11, 8, 10], [9, 15, 10, 14]]"
12a_0064_70,"[[9, 15, 10, 14], [11, 19, 12, 18], [13, 9, 14, 8], [15, 4, 16, 5], [17, 13, 18, 12], [19, 23, 20, 22], [21, 3, 22, 2], [23, 7, 24, 6], [1, 21, 2, 20], [3, 16, 4, 17], [5, 1, 6, 24], [7, 11, 8, 10]]"
12a_0064_71,"[[7, 11, 8, 10], [9, 15, 10, 14], [11, 19, 12, 18], [13, 9, 14, 8], [15, 4, 16, 5], [17, 13, 18, 12], [19, 23, 20, 22], [21, 3, 22, 2], [23, 7, 24, 6], [1, 21, 2, 20], [3, 16, 4, 17], [5, 1, 6, 24]]"
12a_0064_72,"[[6, 2, 7, 1], [8, 12, 9, 11], [10, 16, 11, 15], [12, 20, 13, 19], [14, 10, 15, 9], [16, 5, 17, 6], [18, 14, 19, 13], [20, 24, 21, 23], [22, 4, 23, 3], [24, 8, 1, 7], [2, 22, 3, 21], [4, 17, 5, 18]]"
12a_0064_73,"[[4, 17, 5, 18], [6, 2, 7, 1], [8, 12, 9, 11], [10, 16, 11, 15], [12, 20, 13, 19], [14, 10, 15, 9], [16, 5, 17, 6], [18, 14, 19, 13], [20, 24, 21, 23], [22, 4, 23, 3], [24, 8, 1, 7], [2, 22, 3, 21]]"
12a_0064_74,"[[2, 22, 3, 21], [4, 17, 5, 18], [6, 2, 7, 1], [8, 12, 9, 11], [10, 16, 11, 15], [12, 20, 13, 19], [14, 10, 15, 9], [16, 5, 17, 6], [18, 14, 19, 13], [20, 24, 21, 23], [22, 4, 23, 3], [24, 8, 1, 7]]"
12a_0064_75,"[[24, 8, 1, 7], [2, 22, 3, 21], [4, 17, 5, 18], [6, 2, 7, 1], [8, 12, 9, 11], [10, 16, 11, 15], [12, 20, 13, 19], [14, 10, 15, 9], [16, 5, 17, 6], [18, 14, 19, 13], [20, 24, 21, 23], [22, 4, 23, 3]]"
12a_0064_76,"[[22, 4, 23, 3], [24, 8, 1, 7], [2, 22, 3, 21], [4, 17, 5, 18], [6, 2, 7, 1], [8, 12, 9, 11], [10, 16, 11, 15], [12, 20, 13, 19], [14, 10, 15, 9], [16, 5, 17, 6], [18, 14, 19, 13], [20, 24, 21, 23]]"
12a_0064_77,"[[20, 24, 21, 23], [22, 4, 23, 3], [24, 8, 1, 7], [2, 22, 3, 21], [4, 17, 5, 18], [6, 2, 7, 1], [8, 12, 9, 11], [10, 16, 11, 15], [12, 20, 13, 19], [14, 10, 15, 9], [16, 5, 17, 6], [18, 14, 19, 13]]"
12a_0064_78,"[[18, 14, 19, 13], [20, 24, 21, 23], [22, 4, 23, 3], [24, 8, 1, 7], [2, 22, 3, 21], [4, 17, 5, 18], [6, 2, 7, 1], [8, 12, 9, 11], [10, 16, 11, 15], [12, 20, 13, 19], [14, 10, 15, 9], [16, 5, 17, 6]]"
12a_0064_79,"[[16, 5, 17, 6], [18, 14, 19, 13], [20, 24, 21, 23], [22, 4, 23, 3], [24, 8, 1, 7], [2, 22, 3, 21], [4, 17, 5, 18], [6, 2, 7, 1], [8, 12, 9, 11], [10, 16, 11, 15], [12, 20, 13, 19], [14, 10, 15, 9]]"
12a_0064_80,"[[14, 10, 15, 9], [16, 5, 17, 6], [18, 14, 19, 13], [20, 24, 21, 23], [22, 4, 23, 3], [24, 8, 1, 7], [2, 22, 3, 21], [4, 17, 5, 18], [6, 2, 7, 1], [8, 12, 9, 11], [10, 16, 11, 15], [12, 20, 13, 19]]"
12a_0064_81,"[[12, 20, 13, 19], [14, 10, 15, 9], [16, 5, 17, 6], [18, 14, 19, 13], [20, 24, 21, 23], [22, 4, 23, 3], [24, 8, 1, 7], [2, 22, 3, 21], [4, 17, 5, 18], [6, 2, 7, 1], [8, 12, 9, 11], [10, 16, 11, 15]]"
12a_0064_82,"[[10, 16, 11, 15], [12, 20, 13, 19], [14, 10, 15, 9], [16, 5, 17, 6], [18, 14, 19, 13], [20, 24, 21, 23], [22, 4, 23, 3], [24, 8, 1, 7], [2, 22, 3, 21], [4, 17, 5, 18], [6, 2, 7, 1], [8, 12, 9, 11]]"
12a_0064_83,"[[8, 12, 9, 11], [10, 16, 11, 15], [12, 20, 13, 19], [14, 10, 15, 9], [16, 5, 17, 6], [18, 14, 19, 13], [20, 24, 21, 23], [22, 4, 23, 3], [24, 8, 1, 7], [2, 22, 3, 21], [4, 17, 5, 18], [6, 2, 7, 1]]"
12a_0064_84,"[[7, 3, 8, 2], [9, 13, 10, 12], [11, 17, 12, 16], [13, 21, 14, 20], [15, 11, 16, 10], [17, 6, 18, 7], [19, 15, 20, 14], [21, 1, 22, 24], [23, 5, 24, 4], [1, 9, 2, 8], [3, 23, 4, 22], [5, 18, 6, 19]]"
12a_0064_85,"[[5, 18, 6, 19], [7, 3, 8, 2], [9, 13, 10, 12], [11, 17, 12, 16], [13, 21, 14, 20], [15, 11, 16, 10], [17, 6, 18, 7], [19, 15, 20, 14], [21, 1, 22, 24], [23, 5, 24, 4], [1, 9, 2, 8], [3, 23, 4, 22]]"
12a_0064_86,"[[3, 23, 4, 22], [5, 18, 6, 19], [7, 3, 8, 2], [9, 13, 10, 12], [11, 17, 12, 16], [13, 21, 14, 20], [15, 11, 16, 10], [17, 6, 18, 7], [19, 15, 20, 14], [21, 1, 22, 24], [23, 5, 24, 4], [1, 9, 2, 8]]"
12a_0064_87,"[[1, 9, 2, 8], [3, 23, 4, 22], [5, 18, 6, 19], [7, 3, 8, 2], [9, 13, 10, 12], [11, 17, 12, 16], [13, 21, 14, 20], [15, 11, 16, 10], [17, 6, 18, 7], [19, 15, 20, 14], [21, 1, 22, 24], [23, 5, 24, 4]]"
12a_0064_88,"[[23, 5, 24, 4], [1, 9, 2, 8], [3, 23, 4, 22], [5, 18, 6, 19], [7, 3, 8, 2], [9, 13, 10, 12], [11, 17, 12, 16], [13, 21, 14, 20], [15, 11, 16, 10], [17, 6, 18, 7], [19, 15, 20, 14], [21, 1, 22, 24]]"
12a_0064_89,"[[21, 1, 22, 24], [23, 5, 24, 4], [1, 9, 2, 8], [3, 23, 4, 22], [5, 18, 6, 19], [7, 3, 8, 2], [9, 13, 10, 12], [11, 17, 12, 16], [13, 21, 14, 20], [15, 11, 16, 10], [17, 6, 18, 7], [19, 15, 20, 14]]"
12a_0064_90,"[[19, 15, 20, 14], [21, 1, 22, 24], [23, 5, 24, 4], [1, 9, 2, 8], [3, 23, 4, 22], [5, 18, 6, 19], [7, 3, 8, 2], [9, 13, 10, 12], [11, 17, 12, 16], [13, 21, 14, 20], [15, 11, 16, 10], [17, 6, 18, 7]]"
12a_0064_91,"[[17, 6, 18, 7], [19, 15, 20, 14], [21, 1, 22, 24], [23, 5, 24, 4], [1, 9, 2, 8], [3, 23, 4, 22], [5, 18, 6, 19], [7, 3, 8, 2], [9, 13, 10, 12], [11, 17, 12, 16], [13, 21, 14, 20], [15, 11, 16, 10]]"
12a_0064_92,"[[15, 11, 16, 10], [17, 6, 18, 7], [19, 15, 20, 14], [21, 1, 22, 24], [23, 5, 24, 4], [1, 9, 2, 8], [3, 23, 4, 22], [5, 18, 6, 19], [7, 3, 8, 2], [9, 13, 10, 12], [11, 17, 12, 16], [13, 21, 14, 20]]"
12a_0064_93,"[[13, 21, 14, 20], [15, 11, 16, 10], [17, 6, 18, 7], [19, 15, 20, 14], [21, 1, 22, 24], [23, 5, 24, 4], [1, 9, 2, 8], [3, 23, 4, 22], [5, 18, 6, 19], [7, 3, 8, 2], [9, 13, 10, 12], [11, 17, 12, 16]]"
12a_0064_94,"[[11, 17, 12, 16], [13, 21, 14, 20], [15, 11, 16, 10], [17, 6, 18, 7], [19, 15, 20, 14], [21, 1, 22, 24], [23, 5, 24, 4], [1, 9, 2, 8], [3, 23, 4, 22], [5, 18, 6, 19], [7, 3, 8, 2], [9, 13, 10, 12]]"
12a_0064_95,"[[9, 13, 10, 12], [11, 17, 12, 16], [13, 21, 14, 20], [15, 11, 16, 10], [17, 6, 18, 7], [19, 15, 20, 14], [21, 1, 22, 24], [23, 5, 24, 4], [1, 9, 2, 8], [3, 23, 4, 22], [5, 18, 6, 19], [7, 3, 8, 2]]"
12a_0064_96,"[[8, 4, 9, 3], [10, 14, 11, 13], [12, 18, 13, 17], [14, 22, 15, 21], [16, 12, 17, 11], [18, 7, 19, 8], [20, 16, 21, 15], [22, 2, 23, 1], [24, 6, 1, 5], [2, 10, 3, 9], [4, 24, 5, 23], [6, 19, 7, 20]]"
12a_0064_97,"[[6, 19, 7, 20], [8, 4, 9, 3], [10, 14, 11, 13], [12, 18, 13, 17], [14, 22, 15, 21], [16, 12, 17, 11], [18, 7, 19, 8], [20, 16, 21, 15], [22, 2, 23, 1], [24, 6, 1, 5], [2, 10, 3, 9], [4, 24, 5, 23]]"
12a_0064_98,"[[4, 24, 5, 23], [6, 19, 7, 20], [8, 4, 9, 3], [10, 14, 11, 13], [12, 18, 13, 17], [14, 22, 15, 21], [16, 12, 17, 11], [18, 7, 19, 8], [20, 16, 21, 15], [22, 2, 23, 1], [24, 6, 1, 5], [2, 10, 3, 9]]"
12a_0064_99,"[[2, 10, 3, 9], [4, 24, 5, 23], [6, 19, 7, 20], [8, 4, 9, 3], [10, 14, 11, 13], [12, 18, 13, 17], [14, 22, 15, 21], [16, 12, 17, 11], [18, 7, 19, 8], [20, 16, 21, 15], [22, 2, 23, 1], [24, 6, 1, 5]]"
12a_0064_100,"[[24, 6, 1, 5], [2, 10, 3, 9], [4, 24, 5, 23], [6, 19, 7, 20], [8, 4, 9, 3], [10, 14, 11, 13], [12, 18, 13, 17], [14, 22, 15, 21], [16, 12, 17, 11], [18, 7, 19, 8], [20, 16, 21, 15], [22, 2, 23, 1]]"
12a_0064_101,"[[22, 2, 23, 1], [24, 6, 1, 5], [2, 10, 3, 9], [4, 24, 5, 23], [6, 19, 7, 20], [8, 4, 9, 3], [10, 14, 11, 13], [12, 18, 13, 17], [14, 22, 15, 21], [16, 12, 17, 11], [18, 7, 19, 8], [20, 16, 21, 15]]"
12a_0064_102,"[[20, 16, 21, 15], [22, 2, 23, 1], [24, 6, 1, 5], [2, 10, 3, 9], [4, 24, 5, 23], [6, 19, 7, 20], [8, 4, 9, 3], [10, 14, 11, 13], [12, 18, 13, 17], [14, 22, 15, 21], [16, 12, 17, 11], [18, 7, 19, 8]]"
12a_0064_103,"[[18, 7, 19, 8], [20, 16, 21, 15], [22, 2, 23, 1], [24, 6, 1, 5], [2, 10, 3, 9], [4, 24, 5, 23], [6, 19, 7, 20], [8, 4, 9, 3], [10, 14, 11, 13], [12, 18, 13, 17], [14, 22, 15, 21], [16, 12, 17, 11]]"
12a_0064_104,"[[16, 12, 17, 11], [18, 7, 19, 8], [20, 16, 21, 15], [22, 2, 23, 1], [24, 6, 1, 5], [2, 10, 3, 9], [4, 24, 5, 23], [6, 19, 7, 20], [8, 4, 9, 3], [10, 14, 11, 13], [12, 18, 13, 17], [14, 22, 15, 21]]"
12a_0064_105,"[[14, 22, 15, 21], [16, 12, 17, 11], [18, 7, 19, 8], [20, 16, 21, 15], [22, 2, 23, 1], [24, 6, 1, 5], [2, 10, 3, 9], [4, 24, 5, 23], [6, 19, 7, 20], [8, 4, 9, 3], [10, 14, 11, 13], [12, 18, 13, 17]]"
12a_0064_106,"[[12, 18, 13, 17], [14, 22, 15, 21], [16, 12, 17, 11], [18, 7, 19, 8], [20, 16, 21, 15], [22, 2, 23, 1], [24, 6, 1, 5], [2, 10, 3, 9], [4, 24, 5, 23], [6, 19, 7, 20], [8, 4, 9, 3], [10, 14, 11, 13]]"
12a_0064_107,"[[10, 14, 11, 13], [12, 18, 13, 17], [14, 22, 15, 21], [16, 12, 17, 11], [18, 7, 19, 8], [20, 16, 21, 15], [22, 2, 23, 1], [24, 6, 1, 5], [2, 10, 3, 9], [4, 24, 5, 23], [6, 19, 7, 20], [8, 4, 9, 3]]"
12a_0064_108,"[[9, 5, 10, 4], [11, 15, 12, 14], [13, 19, 14, 18], [15, 23, 16, 22], [17, 13, 18, 12], [19, 8, 20, 9], [21, 17, 22, 16], [23, 3, 24, 2], [1, 7, 2, 6], [3, 11, 4, 10], [5, 1, 6, 24], [7, 20, 8, 21]]"
12a_0064_109,"[[7, 20, 8, 21], [9, 5, 10, 4], [11, 15, 12, 14], [13, 19, 14, 18], [15, 23, 16, 22], [17, 13, 18, 12], [19, 8, 20, 9], [21, 17, 22, 16], [23, 3, 24, 2], [1, 7, 2, 6], [3, 11, 4, 10], [5, 1, 6, 24]]"
12a_0064_110,"[[5, 1, 6, 24], [7, 20, 8, 21], [9, 5, 10, 4], [11, 15, 12, 14], [13, 19, 14, 18], [15, 23, 16, 22], [17, 13, 18, 12], [19, 8, 20, 9], [21, 17, 22, 16], [23, 3, 24, 2], [1, 7, 2, 6], [3, 11, 4, 10]]"
12a_0064_111,"[[3, 11, 4, 10], [5, 1, 6, 24], [7, 20, 8, 21], [9, 5, 10, 4], [11, 15, 12, 14], [13, 19, 14, 18], [15, 23, 16, 22], [17, 13, 18, 12], [19, 8, 20, 9], [21, 17, 22, 16], [23, 3, 24, 2], [1, 7, 2, 6]]"
12a_0064_112,"[[1, 7, 2, 6], [3, 11, 4, 10], [5, 1, 6, 24], [7, 20, 8, 21], [9, 5, 10, 4], [11, 15, 12, 14], [13, 19, 14, 18], [15, 23, 16, 22], [17, 13, 18, 12], [19, 8, 20, 9], [21, 17, 22, 16], [23, 3, 24, 2]]"
12a_0064_113,"[[23, 3, 24, 2], [1, 7, 2, 6], [3, 11, 4, 10], [5, 1, 6, 24], [7, 20, 8, 21], [9, 5, 10, 4], [11, 15, 12, 14], [13, 19, 14, 18], [15, 23, 16, 22], [17, 13, 18, 12], [19, 8, 20, 9], [21, 17, 22, 16]]"
12a_0064_114,"[[21, 17, 22, 16], [23, 3, 24, 2], [1, 7, 2, 6], [3, 11, 4, 10], [5, 1, 6, 24], [7, 20, 8, 21], [9, 5, 10, 4], [11, 15, 12, 14], [13, 19, 14, 18], [15, 23, 16, 22], [17, 13, 18, 12], [19, 8, 20, 9]]"
12a_0064_115,"[[19, 8, 20, 9], [21, 17, 22, 16], [23, 3, 24, 2], [1, 7, 2, 6], [3, 11, 4, 10], [5, 1, 6, 24], [7, 20, 8, 21], [9, 5, 10, 4], [11, 15, 12, 14], [13, 19, 14, 18], [15, 23, 16, 22], [17, 13, 18, 12]]"
12a_0064_116,"[[17, 13, 18, 12], [19, 8, 20, 9], [21, 17, 22, 16], [23, 3, 24, 2], [1, 7, 2, 6], [3, 11, 4, 10], [5, 1, 6, 24], [7, 20, 8, 21], [9, 5, 10, 4], [11, 15, 12, 14], [13, 19, 14, 18], [15, 23, 16, 22]]"
12a_0064_117,"[[15, 23, 16, 22], [17, 13, 18, 12], [19, 8, 20, 9], [21, 17, 22, 16], [23, 3, 24, 2], [1, 7, 2, 6], [3, 11, 4, 10], [5, 1, 6, 24], [7, 20, 8, 21], [9, 5, 10, 4], [11, 15, 12, 14], [13, 19, 14, 18]]"
12a_0064_118,"[[13, 19, 14, 18], [15, 23, 16, 22], [17, 13, 18, 12], [19, 8, 20, 9], [21, 17, 22, 16], [23, 3, 24, 2], [1, 7, 2, 6], [3, 11, 4, 10], [5, 1, 6, 24], [7, 20, 8, 21], [9, 5, 10, 4], [11, 15, 12, 14]]"
12a_0064_119,"[[11, 15, 12, 14], [13, 19, 14, 18], [15, 23, 16, 22], [17, 13, 18, 12], [19, 8, 20, 9], [21, 17, 22, 16], [23, 3, 24, 2], [1, 7, 2, 6], [3, 11, 4, 10], [5, 1, 6, 24], [7, 20, 8, 21], [9, 5, 10, 4]]"
12a_0064_120,"[[10, 6, 11, 5], [12, 16, 13, 15], [14, 20, 15, 19], [16, 24, 17, 23], [18, 14, 19, 13], [20, 9, 21, 10], [22, 18, 23, 17], [24, 4, 1, 3], [2, 8, 3, 7], [4, 12, 5, 11], [6, 2, 7, 1], [8, 21, 9, 22]]"
12a_0064_121,"[[8, 21, 9, 22], [10, 6, 11, 5], [12, 16, 13, 15], [14, 20, 15, 19], [16, 24, 17, 23], [18, 14, 19, 13], [20, 9, 21, 10], [22, 18, 23, 17], [24, 4, 1, 3], [2, 8, 3, 7], [4, 12, 5, 11], [6, 2, 7, 1]]"
12a_0064_122,"[[6, 2, 7, 1], [8, 21, 9, 22], [10, 6, 11, 5], [12, 16, 13, 15], [14, 20, 15, 19], [16, 24, 17, 23], [18, 14, 19, 13], [20, 9, 21, 10], [22, 18, 23, 17], [24, 4, 1, 3], [2, 8, 3, 7], [4, 12, 5, 11]]"
12a_0064_123,"[[4, 12, 5, 11], [6, 2, 7, 1], [8, 21, 9, 22], [10, 6, 11, 5], [12, 16, 13, 15], [14, 20, 15, 19], [16, 24, 17, 23], [18, 14, 19, 13], [20, 9, 21, 10], [22, 18, 23, 17], [24, 4, 1, 3], [2, 8, 3, 7]]"
12a_0064_124,"[[2, 8, 3, 7], [4, 12, 5, 11], [6, 2, 7, 1], [8, 21, 9, 22], [10, 6, 11, 5], [12, 16, 13, 15], [14, 20, 15, 19], [16, 24, 17, 23], [18, 14, 19, 13], [20, 9, 21, 10], [22, 18, 23, 17], [24, 4, 1, 3]]"
12a_0064_125,"[[24, 4, 1, 3], [2, 8, 3, 7], [4, 12, 5, 11], [6, 2, 7, 1], [8, 21, 9, 22], [10, 6, 11, 5], [12, 16, 13, 15], [14, 20, 15, 19], [16, 24, 17, 23], [18, 14, 19, 13], [20, 9, 21, 10], [22, 18, 23, 17]]"
12a_0064_126,"[[22, 18, 23, 17], [24, 4, 1, 3], [2, 8, 3, 7], [4, 12, 5, 11], [6, 2, 7, 1], [8, 21, 9, 22], [10, 6, 11, 5], [12, 16, 13, 15], [14, 20, 15, 19], [16, 24, 17, 23], [18, 14, 19, 13], [20, 9, 21, 10]]"
12a_0064_127,"[[20, 9, 21, 10], [22, 18, 23, 17], [24, 4, 1, 3], [2, 8, 3, 7], [4, 12, 5, 11], [6, 2, 7, 1], [8, 21, 9, 22], [10, 6, 11, 5], [12, 16, 13, 15], [14, 20, 15, 19], [16, 24, 17, 23], [18, 14, 19, 13]]"
12a_0064_128,"[[18, 14, 19, 13], [20, 9, 21, 10], [22, 18, 23, 17], [24, 4, 1, 3], [2, 8, 3, 7], [4, 12, 5, 11], [6, 2, 7, 1], [8, 21, 9, 22], [10, 6, 11, 5], [12, 16, 13, 15], [14, 20, 15, 19], [16, 24, 17, 23]]"
12a_0064_129,"[[16, 24, 17, 23], [18, 14, 19, 13], [20, 9, 21, 10], [22, 18, 23, 17], [24, 4, 1, 3], [2, 8, 3, 7], [4, 12, 5, 11], [6, 2, 7, 1], [8, 21, 9, 22], [10, 6, 11, 5], [12, 16, 13, 15], [14, 20, 15, 19]]"
12a_0064_130,"[[14, 20, 15, 19], [16, 24, 17, 23], [18, 14, 19, 13], [20, 9, 21, 10], [22, 18, 23, 17], [24, 4, 1, 3], [2, 8, 3, 7], [4, 12, 5, 11], [6, 2, 7, 1], [8, 21, 9, 22], [10, 6, 11, 5], [12, 16, 13, 15]]"
12a_0064_131,"[[12, 16, 13, 15], [14, 20, 15, 19], [16, 24, 17, 23], [18, 14, 19, 13], [20, 9, 21, 10], [22, 18, 23, 17], [24, 4, 1, 3], [2, 8, 3, 7], [4, 12, 5, 11], [6, 2, 7, 1], [8, 21, 9, 22], [10, 6, 11, 5]]"
12a_0064_132,"[[11, 7, 12, 6], [13, 17, 14, 16], [15, 21, 16, 20], [17, 1, 18, 24], [19, 15, 20, 14], [21, 10, 22, 11], [23, 19, 24, 18], [1, 5, 2, 4], [3, 9, 4, 8], [5, 13, 6, 12], [7, 3, 8, 2], [9, 22, 10, 23]]"
12a_0064_133,"[[9, 22, 10, 23], [11, 7, 12, 6], [13, 17, 14, 16], [15, 21, 16, 20], [17, 1, 18, 24], [19, 15, 20, 14], [21, 10, 22, 11], [23, 19, 24, 18], [1, 5, 2, 4], [3, 9, 4, 8], [5, 13, 6, 12], [7, 3, 8, 2]]"
12a_0064_134,"[[7, 3, 8, 2], [9, 22, 10, 23], [11, 7, 12, 6], [13, 17, 14, 16], [15, 21, 16, 20], [17, 1, 18, 24], [19, 15, 20, 14], [21, 10, 22, 11], [23, 19, 24, 18], [1, 5, 2, 4], [3, 9, 4, 8], [5, 13, 6, 12]]"
12a_0064_135,"[[5, 13, 6, 12], [7, 3, 8, 2], [9, 22, 10, 23], [11, 7, 12, 6], [13, 17, 14, 16], [15, 21, 16, 20], [17, 1, 18, 24], [19, 15, 20, 14], [21, 10, 22, 11], [23, 19, 24, 18], [1, 5, 2, 4], [3, 9, 4, 8]]"
12a_0064_136,"[[3, 9, 4, 8], [5, 13, 6, 12], [7, 3, 8, 2], [9, 22, 10, 23], [11, 7, 12, 6], [13, 17, 14, 16], [15, 21, 16, 20], [17, 1, 18, 24], [19, 15, 20, 14], [21, 10, 22, 11], [23, 19, 24, 18], [1, 5, 2, 4]]"
12a_0064_137,"[[1, 5, 2, 4], [3, 9, 4, 8], [5, 13, 6, 12], [7, 3, 8, 2], [9, 22, 10, 23], [11, 7, 12, 6], [13, 17, 14, 16], [15, 21, 16, 20], [17, 1, 18, 24], [19, 15, 20, 14], [21, 10, 22, 11], [23, 19, 24, 18]]"
12a_0064_138,"[[23, 19, 24, 18], [1, 5, 2, 4], [3, 9, 4, 8], [5, 13, 6, 12], [7, 3, 8, 2], [9, 22, 10, 23], [11, 7, 12, 6], [13, 17, 14, 16], [15, 21, 16, 20], [17, 1, 18, 24], [19, 15, 20, 14], [21, 10, 22, 11]]"
12a_0064_139,"[[21, 10, 22, 11], [23, 19, 24, 18], [1, 5, 2, 4], [3, 9, 4, 8], [5, 13, 6, 12], [7, 3, 8, 2], [9, 22, 10, 23], [11, 7, 12, 6], [13, 17, 14, 16], [15, 21, 16, 20], [17, 1, 18, 24], [19, 15, 20, 14]]"
12a_0064_140,"[[19, 15, 20, 14], [21, 10, 22, 11], [23, 19, 24, 18], [1, 5, 2, 4], [3, 9, 4, 8], [5, 13, 6, 12], [7, 3, 8, 2], [9, 22, 10, 23], [11, 7, 12, 6], [13, 17, 14, 16], [15, 21, 16, 20], [17, 1, 18, 24]]"
12a_0064_141,"[[17, 1, 18, 24], [19, 15, 20, 14], [21, 10, 22, 11], [23, 19, 24, 18], [1, 5, 2, 4], [3, 9, 4, 8], [5, 13, 6, 12], [7, 3, 8, 2], [9, 22, 10, 23], [11, 7, 12, 6], [13, 17, 14, 16], [15, 21, 16, 20]]"
12a_0064_142,"[[15, 21, 16, 20], [17, 1, 18, 24], [19, 15, 20, 14], [21, 10, 22, 11], [23, 19, 24, 18], [1, 5, 2, 4], [3, 9, 4, 8], [5, 13, 6, 12], [7, 3, 8, 2], [9, 22, 10, 23], [11, 7, 12, 6], [13, 17, 14, 16]]"
12a_0064_143,"[[13, 17, 14, 16], [15, 21, 16, 20], [17, 1, 18, 24], [19, 15, 20, 14], [21, 10, 22, 11], [23, 19, 24, 18], [1, 5, 2, 4], [3, 9, 4, 8], [5, 13, 6, 12], [7, 3, 8, 2], [9, 22, 10, 23], [11, 7, 12, 6]]"
12a_0064_144,"[[12, 8, 13, 7], [14, 18, 15, 17], [16, 22, 17, 21], [18, 2, 19, 1], [20, 16, 21, 15], [22, 11, 23, 12], [24, 20, 1, 19], [2, 6, 3, 5], [4, 10, 5, 9], [6, 14, 7, 13], [8, 4, 9, 3], [10, 23, 11, 24]]"
12a_0064_145,"[[10, 23, 11, 24], [12, 8, 13, 7], [14, 18, 15, 17], [16, 22, 17, 21], [18, 2, 19, 1], [20, 16, 21, 15], [22, 11, 23, 12], [24, 20, 1, 19], [2, 6, 3, 5], [4, 10, 5, 9], [6, 14, 7, 13], [8, 4, 9, 3]]"
12a_0064_146,"[[8, 4, 9, 3], [10, 23, 11, 24], [12, 8, 13, 7], [14, 18, 15, 17], [16, 22, 17, 21], [18, 2, 19, 1], [20, 16, 21, 15], [22, 11, 23, 12], [24, 20, 1, 19], [2, 6, 3, 5], [4, 10, 5, 9], [6, 14, 7, 13]]"
12a_0064_147,"[[6, 14, 7, 13], [8, 4, 9, 3], [10, 23, 11, 24], [12, 8, 13, 7], [14, 18, 15, 17], [16, 22, 17, 21], [18, 2, 19, 1], [20, 16, 21, 15], [22, 11, 23, 12], [24, 20, 1, 19], [2, 6, 3, 5], [4, 10, 5, 9]]"
12a_0064_148,"[[4, 10, 5, 9], [6, 14, 7, 13], [8, 4, 9, 3], [10, 23, 11, 24], [12, 8, 13, 7], [14, 18, 15, 17], [16, 22, 17, 21], [18, 2, 19, 1], [20, 16, 21, 15], [22, 11, 23, 12], [24, 20, 1, 19], [2, 6, 3, 5]]"
12a_0064_149,"[[2, 6, 3, 5], [4, 10, 5, 9], [6, 14, 7, 13], [8, 4, 9, 3], [10, 23, 11, 24], [12, 8, 13, 7], [14, 18, 15, 17], [16, 22, 17, 21], [18, 2, 19, 1], [20, 16, 21, 15], [22, 11, 23, 12], [24, 20, 1, 19]]"
12a_0064_150,"[[24, 20, 1, 19], [2, 6, 3, 5], [4, 10, 5, 9], [6, 14, 7, 13], [8, 4, 9, 3], [10, 23, 11, 24], [12, 8, 13, 7], [14, 18, 15, 17], [16, 22, 17, 21], [18, 2, 19, 1], [20, 16, 21, 15], [22, 11, 23, 12]]"
12a_0064_151,"[[22, 11, 23, 12], [24, 20, 1, 19], [2, 6, 3, 5], [4, 10, 5, 9], [6, 14, 7, 13], [8, 4, 9, 3], [10, 23, 11, 24], [12, 8, 13, 7], [14, 18, 15, 17], [16, 22, 17, 21], [18, 2, 19, 1], [20, 16, 21, 15]]"
12a_0064_152,"[[20, 16, 21, 15], [22, 11, 23, 12], [24, 20, 1, 19], [2, 6, 3, 5], [4, 10, 5, 9], [6, 14, 7, 13], [8, 4, 9, 3], [10, 23, 11, 24], [12, 8, 13, 7], [14, 18, 15, 17], [16, 22, 17, 21], [18, 2, 19, 1]]"
12a_0064_153,"[[18, 2, 19, 1], [20, 16, 21, 15], [22, 11, 23, 12], [24, 20, 1, 19], [2, 6, 3, 5], [4, 10, 5, 9], [6, 14, 7, 13], [8, 4, 9, 3], [10, 23, 11, 24], [12, 8, 13, 7], [14, 18, 15, 17], [16, 22, 17, 21]]"
12a_0064_154,"[[16, 22, 17, 21], [18, 2, 19, 1], [20, 16, 21, 15], [22, 11, 23, 12], [24, 20, 1, 19], [2, 6, 3, 5], [4, 10, 5, 9], [6, 14, 7, 13], [8, 4, 9, 3], [10, 23, 11, 24], [12, 8, 13, 7], [14, 18, 15, 17]]"
12a_0064_155,"[[14, 18, 15, 17], [16, 22, 17, 21], [18, 2, 19, 1], [20, 16, 21, 15], [22, 11, 23, 12], [24, 20, 1, 19], [2, 6, 3, 5], [4, 10, 5, 9], [6, 14, 7, 13], [8, 4, 9, 3], [10, 23, 11, 24], [12, 8, 13, 7]]"
12a_0064_156,"[[13, 9, 14, 8], [15, 19, 16, 18], [17, 23, 18, 22], [19, 3, 20, 2], [21, 17, 22, 16], [23, 12, 24, 13], [1, 21, 2, 20], [3, 7, 4, 6], [5, 11, 6, 10], [7, 15, 8, 14], [9, 5, 10, 4], [11, 24, 12, 1]]"
12a_0064_157,"[[11, 24, 12, 1], [13, 9, 14, 8], [15, 19, 16, 18], [17, 23, 18, 22], [19, 3, 20, 2], [21, 17, 22, 16], [23, 12, 24, 13], [1, 21, 2, 20], [3, 7, 4, 6], [5, 11, 6, 10], [7, 15, 8, 14], [9, 5, 10, 4]]"
12a_0064_158,"[[9, 5, 10, 4], [11, 24, 12, 1], [13, 9, 14, 8], [15, 19, 16, 18], [17, 23, 18, 22], [19, 3, 20, 2], [21, 17, 22, 16], [23, 12, 24, 13], [1, 21, 2, 20], [3, 7, 4, 6], [5, 11, 6, 10], [7, 15, 8, 14]]"
12a_0064_159,"[[7, 15, 8, 14], [9, 5, 10, 4], [11, 24, 12, 1], [13, 9, 14, 8], [15, 19, 16, 18], [17, 23, 18, 22], [19, 3, 20, 2], [21, 17, 22, 16], [23, 12, 24, 13], [1, 21, 2, 20], [3, 7, 4, 6], [5, 11, 6, 10]]"
12a_0064_160,"[[5, 11, 6, 10], [7, 15, 8, 14], [9, 5, 10, 4], [11, 24, 12, 1], [13, 9, 14, 8], [15, 19, 16, 18], [17, 23, 18, 22], [19, 3, 20, 2], [21, 17, 22, 16], [23, 12, 24, 13], [1, 21, 2, 20], [3, 7, 4, 6]]"
12a_0064_161,"[[3, 7, 4, 6], [5, 11, 6, 10], [7, 15, 8, 14], [9, 5, 10, 4], [11, 24, 12, 1], [13, 9, 14, 8], [15, 19, 16, 18], [17, 23, 18, 22], [19, 3, 20, 2], [21, 17, 22, 16], [23, 12, 24, 13], [1, 21, 2, 20]]"
12a_0064_162,"[[1, 21, 2, 20], [3, 7, 4, 6], [5, 11, 6, 10], [7, 15, 8, 14], [9, 5, 10, 4], [11, 24, 12, 1], [13, 9, 14, 8], [15, 19, 16, 18], [17, 23, 18, 22], [19, 3, 20, 2], [21, 17, 22, 16], [23, 12, 24, 13]]"
12a_0064_163,"[[23, 12, 24, 13], [1, 21, 2, 20], [3, 7, 4, 6], [5, 11, 6, 10], [7, 15, 8, 14], [9, 5, 10, 4], [11, 24, 12, 1], [13, 9, 14, 8], [15, 19, 16, 18], [17, 23, 18, 22], [19, 3, 20, 2], [21, 17, 22, 16]]"
12a_0064_164,"[[21, 17, 22, 16], [23, 12, 24, 13], [1, 21, 2, 20], [3, 7, 4, 6], [5, 11, 6, 10], [7, 15, 8, 14], [9, 5, 10, 4], [11, 24, 12, 1], [13, 9, 14, 8], [15, 19, 16, 18], [17, 23, 18, 22], [19, 3, 20, 2]]"
12a_0064_165,"[[19, 3, 20, 2], [21, 17, 22, 16], [23, 12, 24, 13], [1, 21, 2, 20], [3, 7, 4, 6], [5, 11, 6, 10], [7, 15, 8, 14], [9, 5, 10, 4], [11, 24, 12, 1], [13, 9, 14, 8], [15, 19, 16, 18], [17, 23, 18, 22]]"
12a_0064_166,"[[17, 23, 18, 22], [19, 3, 20, 2], [21, 17, 22, 16], [23, 12, 24, 13], [1, 21, 2, 20], [3, 7, 4, 6], [5, 11, 6, 10], [7, 15, 8, 14], [9, 5, 10, 4], [11, 24, 12, 1], [13, 9, 14, 8], [15, 19, 16, 18]]"
12a_0064_167,"[[15, 19, 16, 18], [17, 23, 18, 22], [19, 3, 20, 2], [21, 17, 22, 16], [23, 12, 24, 13], [1, 21, 2, 20], [3, 7, 4, 6], [5, 11, 6, 10], [7, 15, 8, 14], [9, 5, 10, 4], [11, 24, 12, 1], [13, 9, 14, 8]]"
12a_0064_168,"[[14, 10, 15, 9], [16, 20, 17, 19], [18, 24, 19, 23], [20, 4, 21, 3], [22, 18, 23, 17], [24, 13, 1, 14], [2, 22, 3, 21], [4, 8, 5, 7], [6, 12, 7, 11], [8, 16, 9, 15], [10, 6, 11, 5], [12, 1, 13, 2]]"
12a_0064_169,"[[12, 1, 13, 2], [14, 10, 15, 9], [16, 20, 17, 19], [18, 24, 19, 23], [20, 4, 21, 3], [22, 18, 23, 17], [24, 13, 1, 14], [2, 22, 3, 21], [4, 8, 5, 7], [6, 12, 7, 11], [8, 16, 9, 15], [10, 6, 11, 5]]"
12a_0064_170,"[[10, 6, 11, 5], [12, 1, 13, 2], [14, 10, 15, 9], [16, 20, 17, 19], [18, 24, 19, 23], [20, 4, 21, 3], [22, 18, 23, 17], [24, 13, 1, 14], [2, 22, 3, 21], [4, 8, 5, 7], [6, 12, 7, 11], [8, 16, 9, 15]]"
12a_0064_171,"[[8, 16, 9, 15], [10, 6, 11, 5], [12, 1, 13, 2], [14, 10, 15, 9], [16, 20, 17, 19], [18, 24, 19, 23], [20, 4, 21, 3], [22, 18, 23, 17], [24, 13, 1, 14], [2, 22, 3, 21], [4, 8, 5, 7], [6, 12, 7, 11]]"
12a_0064_172,"[[6, 12, 7, 11], [8, 16, 9, 15], [10, 6, 11, 5], [12, 1, 13, 2], [14, 10, 15, 9], [16, 20, 17, 19], [18, 24, 19, 23], [20, 4, 21, 3], [22, 18, 23, 17], [24, 13, 1, 14], [2, 22, 3, 21], [4, 8, 5, 7]]"
12a_0064_173,"[[4, 8, 5, 7], [6, 12, 7, 11], [8, 16, 9, 15], [10, 6, 11, 5], [12, 1, 13, 2], [14, 10, 15, 9], [16, 20, 17, 19], [18, 24, 19, 23], [20, 4, 21, 3], [22, 18, 23, 17], [24, 13, 1, 14], [2, 22, 3, 21]]"
12a_0064_174,"[[2, 22, 3, 21], [4, 8, 5, 7], [6, 12, 7, 11], [8, 16, 9, 15], [10, 6, 11, 5], [12, 1, 13, 2], [14, 10, 15, 9], [16, 20, 17, 19], [18, 24, 19, 23], [20, 4, 21, 3], [22, 18, 23, 17], [24, 13, 1, 14]]"
12a_0064_175,"[[24, 13, 1, 14], [2, 22, 3, 21], [4, 8, 5, 7], [6, 12, 7, 11], [8, 16, 9, 15], [10, 6, 11, 5], [12, 1, 13, 2], [14, 10, 15, 9], [16, 20, 17, 19], [18, 24, 19, 23], [20, 4, 21, 3], [22, 18, 23, 17]]"
12a_0064_176,"[[22, 18, 23, 17], [24, 13, 1, 14], [2, 22, 3, 21], [4, 8, 5, 7], [6, 12, 7, 11], [8, 16, 9, 15], [10, 6, 11, 5], [12, 1, 13, 2], [14, 10, 15, 9], [16, 20, 17, 19], [18, 24, 19, 23], [20, 4, 21, 3]]"
12a_0064_177,"[[20, 4, 21, 3], [22, 18, 23, 17], [24, 13, 1, 14], [2, 22, 3, 21], [4, 8, 5, 7], [6, 12, 7, 11], [8, 16, 9, 15], [10, 6, 11, 5], [12, 1, 13, 2], [14, 10, 15, 9], [16, 20, 17, 19], [18, 24, 19, 23]]"
12a_0064_178,"[[18, 24, 19, 23], [20, 4, 21, 3], [22, 18, 23, 17], [24, 13, 1, 14], [2, 22, 3, 21], [4, 8, 5, 7], [6, 12, 7, 11], [8, 16, 9, 15], [10, 6, 11, 5], [12, 1, 13, 2], [14, 10, 15, 9], [16, 20, 17, 19]]"
12a_0064_179,"[[16, 20, 17, 19], [18, 24, 19, 23], [20, 4, 21, 3], [22, 18, 23, 17], [24, 13, 1, 14], [2, 22, 3, 21], [4, 8, 5, 7], [6, 12, 7, 11], [8, 16, 9, 15], [10, 6, 11, 5], [12, 1, 13, 2], [14, 10, 15, 9]]"
12a_0064_180,"[[15, 11, 16, 10], [17, 21, 18, 20], [19, 1, 20, 24], [21, 5, 22, 4], [23, 19, 24, 18], [1, 14, 2, 15], [3, 23, 4, 22], [5, 9, 6, 8], [7, 13, 8, 12], [9, 17, 10, 16], [11, 7, 12, 6], [13, 2, 14, 3]]"
12a_0064_181,"[[13, 2, 14, 3], [15, 11, 16, 10], [17, 21, 18, 20], [19, 1, 20, 24], [21, 5, 22, 4], [23, 19, 24, 18], [1, 14, 2, 15], [3, 23, 4, 22], [5, 9, 6, 8], [7, 13, 8, 12], [9, 17, 10, 16], [11, 7, 12, 6]]"
12a_0064_182,"[[11, 7, 12, 6], [13, 2, 14, 3], [15, 11, 16, 10], [17, 21, 18, 20], [19, 1, 20, 24], [21, 5, 22, 4], [23, 19, 24, 18], [1, 14, 2, 15], [3, 23, 4, 22], [5, 9, 6, 8], [7, 13, 8, 12], [9, 17, 10, 16]]"
12a_0064_183,"[[9, 17, 10, 16], [11, 7, 12, 6], [13, 2, 14, 3], [15, 11, 16, 10], [17, 21, 18, 20], [19, 1, 20, 24], [21, 5, 22, 4], [23, 19, 24, 18], [1, 14, 2, 15], [3, 23, 4, 22], [5, 9, 6, 8], [7, 13, 8, 12]]"
12a_0064_184,"[[7, 13, 8, 12], [9, 17, 10, 16], [11, 7, 12, 6], [13, 2, 14, 3], [15, 11, 16, 10], [17, 21, 18, 20], [19, 1, 20, 24], [21, 5, 22, 4], [23, 19, 24, 18], [1, 14, 2, 15], [3, 23, 4, 22], [5, 9, 6, 8]]"
12a_0064_185,"[[5, 9, 6, 8], [7, 13, 8, 12], [9, 17, 10, 16], [11, 7, 12, 6], [13, 2, 14, 3], [15, 11, 16, 10], [17, 21, 18, 20], [19, 1, 20, 24], [21, 5, 22, 4], [23, 19, 24, 18], [1, 14, 2, 15], [3, 23, 4, 22]]"
