name,pd_notation
12a_0891_0,"[[24, 18, 1, 17], [2, 8, 3, 7], [4, 11, 5, 12], [6, 14, 7, 13], [8, 2, 9, 1], [10, 21, 11, 22], [12, 20, 13, 19], [14, 10, 15, 9], [16, 24, 17, 23], [18, 4, 19, 3], [20, 5, 21, 6], [22, 16, 23, 15]]"
12a_0891_1,"[[22, 16, 23, 15], [24, 18, 1, 17], [2, 8, 3, 7], [4, 11, 5, 12], [6, 14, 7, 13], [8, 2, 9, 1], [10, 21, 11, 22], [12, 20, 13, 19], [14, 10, 15, 9], [16, 24, 17, 23], [18, 4, 19, 3], [20, 5, 21, 6]]"
12a_0891_2,"[[20, 5, 21, 6], [22, 16, 23, 15], [24, 18, 1, 17], [2, 8, 3, 7], [4, 11, 5, 12], [6, 14, 7, 13], [8, 2, 9, 1], [10, 21, 11, 22], [12, 20, 13, 19], [14, 10, 15, 9], [16, 24, 17, 23], [18, 4, 19, 3]]"
12a_0891_3,"[[18, 4, 19, 3], [20, 5, 21, 6], [22, 16, 23, 15], [24, 18, 1, 17], [2, 8, 3, 7], [4, 11, 5, 12], [6, 14, 7, 13], [8, 2, 9, 1], [10, 21, 11, 22], [12, 20, 13, 19], [14, 10, 15, 9], [16, 24, 17, 23]]"
12a_0891_4,"[[16, 24, 17, 23], [18, 4, 19, 3], [20, 5, 21, 6], [22, 16, 23, 15], [24, 18, 1, 17], [2, 8, 3, 7], [4, 11, 5, 12], [6, 14, 7, 13], [8, 2, 9, 1], [10, 21, 11, 22], [12, 20, 13, 19], [14, 10, 15, 9]]"
12a_0891_5,"[[14, 10, 15, 9], [16, 24, 17, 23], [18, 4, 19, 3], [20, 5, 21, 6], [22, 16, 23, 15], [24, 18, 1, 17], [2, 8, 3, 7], [4, 11, 5, 12], [6, 14, 7, 13], [8, 2, 9, 1], [10, 21, 11, 22], [12, 20, 13, 19]]"
12a_0891_6,"[[12, 20, 13, 19], [14, 10, 15, 9], [16, 24, 17, 23], [18, 4, 19, 3], [20, 5, 21, 6], [22, 16, 23, 15], [24, 18, 1, 17], [2, 8, 3, 7], [4, 11, 5, 12], [6, 14, 7, 13], [8, 2, 9, 1], [10, 21, 11, 22]]"
12a_0891_7,"[[10, 21, 11, 22], [12, 20, 13, 19], [14, 10, 15, 9], [16, 24, 17, 23], [18, 4, 19, 3], [20, 5, 21, 6], [22, 16, 23, 15], [24, 18, 1, 17], [2, 8, 3, 7], [4, 11, 5, 12], [6, 14, 7, 13], [8, 2, 9, 1]]"
12a_0891_8,"[[8, 2, 9, 1], [10, 21, 11, 22], [12, 20, 13, 19], [14, 10, 15, 9], [16, 24, 17, 23], [18, 4, 19, 3], [20, 5, 21, 6], [22, 16, 23, 15], [24, 18, 1, 17], [2, 8, 3, 7], [4, 11, 5, 12], [6, 14, 7, 13]]"
12a_0891_9,"[[6, 14, 7, 13], [8, 2, 9, 1], [10, 21, 11, 22], [12, 20, 13, 19], [14, 10, 15, 9], [16, 24, 17, 23], [18, 4, 19, 3], [20, 5, 21, 6], [22, 16, 23, 15], [24, 18, 1, 17], [2, 8, 3, 7], [4, 11, 5, 12]]"
12a_0891_10,"[[4, 11, 5, 12], [6, 14, 7, 13], [8, 2, 9, 1], [10, 21, 11, 22], [12, 20, 13, 19], [14, 10, 15, 9], [16, 24, 17, 23], [18, 4, 19, 3], [20, 5, 21, 6], [22, 16, 23, 15], [24, 18, 1, 17], [2, 8, 3, 7]]"
12a_0891_11,"[[2, 8, 3, 7], [4, 11, 5, 12], [6, 14, 7, 13], [8, 2, 9, 1], [10, 21, 11, 22], [12, 20, 13, 19], [14, 10, 15, 9], [16, 24, 17, 23], [18, 4, 19, 3], [20, 5, 21, 6], [22, 16, 23, 15], [24, 18, 1, 17]]"
12a_0891_12,"[[1, 19, 2, 18], [3, 9, 4, 8], [5, 12, 6, 13], [7, 15, 8, 14], [9, 3, 10, 2], [11, 22, 12, 23], [13, 21, 14, 20], [15, 11, 16, 10], [17, 1, 18, 24], [19, 5, 20, 4], [21, 6, 22, 7], [23, 17, 24, 16]]"
12a_0891_13,"[[23, 17, 24, 16], [1, 19, 2, 18], [3, 9, 4, 8], [5, 12, 6, 13], [7, 15, 8, 14], [9, 3, 10, 2], [11, 22, 12, 23], [13, 21, 14, 20], [15, 11, 16, 10], [17, 1, 18, 24], [19, 5, 20, 4], [21, 6, 22, 7]]"
12a_0891_14,"[[21, 6, 22, 7], [23, 17, 24, 16], [1, 19, 2, 18], [3, 9, 4, 8], [5, 12, 6, 13], [7, 15, 8, 14], [9, 3, 10, 2], [11, 22, 12, 23], [13, 21, 14, 20], [15, 11, 16, 10], [17, 1, 18, 24], [19, 5, 20, 4]]"
12a_0891_15,"[[19, 5, 20, 4], [21, 6, 22, 7], [23, 17, 24, 16], [1, 19, 2, 18], [3, 9, 4, 8], [5, 12, 6, 13], [7, 15, 8, 14], [9, 3, 10, 2], [11, 22, 12, 23], [13, 21, 14, 20], [15, 11, 16, 10], [17, 1, 18, 24]]"
12a_0891_16,"[[17, 1, 18, 24], [19, 5, 20, 4], [21, 6, 22, 7], [23, 17, 24, 16], [1, 19, 2, 18], [3, 9, 4, 8], [5, 12, 6, 13], [7, 15, 8, 14], [9, 3, 10, 2], [11, 22, 12, 23], [13, 21, 14, 20], [15, 11, 16, 10]]"
12a_0891_17,"[[15, 11, 16, 10], [17, 1, 18, 24], [19, 5, 20, 4], [21, 6, 22, 7], [23, 17, 24, 16], [1, 19, 2, 18], [3, 9, 4, 8], [5, 12, 6, 13], [7, 15, 8, 14], [9, 3, 10, 2], [11, 22, 12, 23], [13, 21, 14, 20]]"
12a_0891_18,"[[13, 21, 14, 20], [15, 11, 16, 10], [17, 1, 18, 24], [19, 5, 20, 4], [21, 6, 22, 7], [23, 17, 24, 16], [1, 19, 2, 18], [3, 9, 4, 8], [5, 12, 6, 13], [7, 15, 8, 14], [9, 3, 10, 2], [11, 22, 12, 23]]"
12a_0891_19,"[[11, 22, 12, 23], [13, 21, 14, 20], [15, 11, 16, 10], [17, 1, 18, 24], [19, 5, 20, 4], [21, 6, 22, 7], [23, 17, 24, 16], [1, 19, 2, 18], [3, 9, 4, 8], [5, 12, 6, 13], [7, 15, 8, 14], [9, 3, 10, 2]]"
12a_0891_20,"[[9, 3, 10, 2], [11, 22, 12, 23], [13, 21, 14, 20], [15, 11, 16, 10], [17, 1, 18, 24], [19, 5, 20, 4], [21, 6, 22, 7], [23, 17, 24, 16], [1, 19, 2, 18], [3, 9, 4, 8], [5, 12, 6, 13], [7, 15, 8, 14]]"
12a_0891_21,"[[7, 15, 8, 14], [9, 3, 10, 2], [11, 22, 12, 23], [13, 21, 14, 20], [15, 11, 16, 10], [17, 1, 18, 24], [19, 5, 20, 4], [21, 6, 22, 7], [23, 17, 24, 16], [1, 19, 2, 18], [3, 9, 4, 8], [5, 12, 6, 13]]"
12a_0891_22,"[[5, 12, 6, 13], [7, 15, 8, 14], [9, 3, 10, 2], [11, 22, 12, 23], [13, 21, 14, 20], [15, 11, 16, 10], [17, 1, 18, 24], [19, 5, 20, 4], [21, 6, 22, 7], [23, 17, 24, 16], [1, 19, 2, 18], [3, 9, 4, 8]]"
12a_0891_23,"[[3, 9, 4, 8], [5, 12, 6, 13], [7, 15, 8, 14], [9, 3, 10, 2], [11, 22, 12, 23], [13, 21, 14, 20], [15, 11, 16, 10], [17, 1, 18, 24], [19, 5, 20, 4], [21, 6, 22, 7], [23, 17, 24, 16], [1, 19, 2, 18]]"
12a_0891_24,"[[2, 20, 3, 19], [4, 10, 5, 9], [6, 13, 7, 14], [8, 16, 9, 15], [10, 4, 11, 3], [12, 23, 13, 24], [14, 22, 15, 21], [16, 12, 17, 11], [18, 2, 19, 1], [20, 6, 21, 5], [22, 7, 23, 8], [24, 18, 1, 17]]"
12a_0891_25,"[[24, 18, 1, 17], [2, 20, 3, 19], [4, 10, 5, 9], [6, 13, 7, 14], [8, 16, 9, 15], [10, 4, 11, 3], [12, 23, 13, 24], [14, 22, 15, 21], [16, 12, 17, 11], [18, 2, 19, 1], [20, 6, 21, 5], [22, 7, 23, 8]]"
12a_0891_26,"[[22, 7, 23, 8], [24, 18, 1, 17], [2, 20, 3, 19], [4, 10, 5, 9], [6, 13, 7, 14], [8, 16, 9, 15], [10, 4, 11, 3], [12, 23, 13, 24], [14, 22, 15, 21], [16, 12, 17, 11], [18, 2, 19, 1], [20, 6, 21, 5]]"
12a_0891_27,"[[20, 6, 21, 5], [22, 7, 23, 8], [24, 18, 1, 17], [2, 20, 3, 19], [4, 10, 5, 9], [6, 13, 7, 14], [8, 16, 9, 15], [10, 4, 11, 3], [12, 23, 13, 24], [14, 22, 15, 21], [16, 12, 17, 11], [18, 2, 19, 1]]"
12a_0891_28,"[[18, 2, 19, 1], [20, 6, 21, 5], [22, 7, 23, 8], [24, 18, 1, 17], [2, 20, 3, 19], [4, 10, 5, 9], [6, 13, 7, 14], [8, 16, 9, 15], [10, 4, 11, 3], [12, 23, 13, 24], [14, 22, 15, 21], [16, 12, 17, 11]]"
12a_0891_29,"[[16, 12, 17, 11], [18, 2, 19, 1], [20, 6, 21, 5], [22, 7, 23, 8], [24, 18, 1, 17], [2, 20, 3, 19], [4, 10, 5, 9], [6, 13, 7, 14], [8, 16, 9, 15], [10, 4, 11, 3], [12, 23, 13, 24], [14, 22, 15, 21]]"
12a_0891_30,"[[14, 22, 15, 21], [16, 12, 17, 11], [18, 2, 19, 1], [20, 6, 21, 5], [22, 7, 23, 8], [24, 18, 1, 17], [2, 20, 3, 19], [4, 10, 5, 9], [6, 13, 7, 14], [8, 16, 9, 15], [10, 4, 11, 3], [12, 23, 13, 24]]"
12a_0891_31,"[[12, 23, 13, 24], [14, 22, 15, 21], [16, 12, 17, 11], [18, 2, 19, 1], [20, 6, 21, 5], [22, 7, 23, 8], [24, 18, 1, 17], [2, 20, 3, 19], [4, 10, 5, 9], [6, 13, 7, 14], [8, 16, 9, 15], [10, 4, 11, 3]]"
12a_0891_32,"[[10, 4, 11, 3], [12, 23, 13, 24], [14, 22, 15, 21], [16, 12, 17, 11], [18, 2, 19, 1], [20, 6, 21, 5], [22, 7, 23, 8], [24, 18, 1, 17], [2, 20, 3, 19], [4, 10, 5, 9], [6, 13, 7, 14], [8, 16, 9, 15]]"
12a_0891_33,"[[8, 16, 9, 15], [10, 4, 11, 3], [12, 23, 13, 24], [14, 22, 15, 21], [16, 12, 17, 11], [18, 2, 19, 1], [20, 6, 21, 5], [22, 7, 23, 8], [24, 18, 1, 17], [2, 20, 3, 19], [4, 10, 5, 9], [6, 13, 7, 14]]"
12a_0891_34,"[[6, 13, 7, 14], [8, 16, 9, 15], [10, 4, 11, 3], [12, 23, 13, 24], [14, 22, 15, 21], [16, 12, 17, 11], [18, 2, 19, 1], [20, 6, 21, 5], [22, 7, 23, 8], [24, 18, 1, 17], [2, 20, 3, 19], [4, 10, 5, 9]]"
12a_0891_35,"[[4, 10, 5, 9], [6, 13, 7, 14], [8, 16, 9, 15], [10, 4, 11, 3], [12, 23, 13, 24], [14, 22, 15, 21], [16, 12, 17, 11], [18, 2, 19, 1], [20, 6, 21, 5], [22, 7, 23, 8], [24, 18, 1, 17], [2, 20, 3, 19]]"
12a_0891_36,"[[3, 21, 4, 20], [5, 11, 6, 10], [7, 14, 8, 15], [9, 17, 10, 16], [11, 5, 12, 4], [13, 24, 14, 1], [15, 23, 16, 22], [17, 13, 18, 12], [19, 3, 20, 2], [21, 7, 22, 6], [23, 8, 24, 9], [1, 19, 2, 18]]"
12a_0891_37,"[[1, 19, 2, 18], [3, 21, 4, 20], [5, 11, 6, 10], [7, 14, 8, 15], [9, 17, 10, 16], [11, 5, 12, 4], [13, 24, 14, 1], [15, 23, 16, 22], [17, 13, 18, 12], [19, 3, 20, 2], [21, 7, 22, 6], [23, 8, 24, 9]]"
12a_0891_38,"[[23, 8, 24, 9], [1, 19, 2, 18], [3, 21, 4, 20], [5, 11, 6, 10], [7, 14, 8, 15], [9, 17, 10, 16], [11, 5, 12, 4], [13, 24, 14, 1], [15, 23, 16, 22], [17, 13, 18, 12], [19, 3, 20, 2], [21, 7, 22, 6]]"
12a_0891_39,"[[21, 7, 22, 6], [23, 8, 24, 9], [1, 19, 2, 18], [3, 21, 4, 20], [5, 11, 6, 10], [7, 14, 8, 15], [9, 17, 10, 16], [11, 5, 12, 4], [13, 24, 14, 1], [15, 23, 16, 22], [17, 13, 18, 12], [19, 3, 20, 2]]"
12a_0891_40,"[[19, 3, 20, 2], [21, 7, 22, 6], [23, 8, 24, 9], [1, 19, 2, 18], [3, 21, 4, 20], [5, 11, 6, 10], [7, 14, 8, 15], [9, 17, 10, 16], [11, 5, 12, 4], [13, 24, 14, 1], [15, 23, 16, 22], [17, 13, 18, 12]]"
12a_0891_41,"[[17, 13, 18, 12], [19, 3, 20, 2], [21, 7, 22, 6], [23, 8, 24, 9], [1, 19, 2, 18], [3, 21, 4, 20], [5, 11, 6, 10], [7, 14, 8, 15], [9, 17, 10, 16], [11, 5, 12, 4], [13, 24, 14, 1], [15, 23, 16, 22]]"
12a_0891_42,"[[15, 23, 16, 22], [17, 13, 18, 12], [19, 3, 20, 2], [21, 7, 22, 6], [23, 8, 24, 9], [1, 19, 2, 18], [3, 21, 4, 20], [5, 11, 6, 10], [7, 14, 8, 15], [9, 17, 10, 16], [11, 5, 12, 4], [13, 24, 14, 1]]"
12a_0891_43,"[[13, 24, 14, 1], [15, 23, 16, 22], [17, 13, 18, 12], [19, 3, 20, 2], [21, 7, 22, 6], [23, 8, 24, 9], [1, 19, 2, 18], [3, 21, 4, 20], [5, 11, 6, 10], [7, 14, 8, 15], [9, 17, 10, 16], [11, 5, 12, 4]]"
12a_0891_44,"[[11, 5, 12, 4], [13, 24, 14, 1], [15, 23, 16, 22], [17, 13, 18, 12], [19, 3, 20, 2], [21, 7, 22, 6], [23, 8, 24, 9], [1, 19, 2, 18], [3, 21, 4, 20], [5, 11, 6, 10], [7, 14, 8, 15], [9, 17, 10, 16]]"
12a_0891_45,"[[9, 17, 10, 16], [11, 5, 12, 4], [13, 24, 14, 1], [15, 23, 16, 22], [17, 13, 18, 12], [19, 3, 20, 2], [21, 7, 22, 6], [23, 8, 24, 9], [1, 19, 2, 18], [3, 21, 4, 20], [5, 11, 6, 10], [7, 14, 8, 15]]"
12a_0891_46,"[[7, 14, 8, 15], [9, 17, 10, 16], [11, 5, 12, 4], [13, 24, 14, 1], [15, 23, 16, 22], [17, 13, 18, 12], [19, 3, 20, 2], [21, 7, 22, 6], [23, 8, 24, 9], [1, 19, 2, 18], [3, 21, 4, 20], [5, 11, 6, 10]]"
12a_0891_47,"[[5, 11, 6, 10], [7, 14, 8, 15], [9, 17, 10, 16], [11, 5, 12, 4], [13, 24, 14, 1], [15, 23, 16, 22], [17, 13, 18, 12], [19, 3, 20, 2], [21, 7, 22, 6], [23, 8, 24, 9], [1, 19, 2, 18], [3, 21, 4, 20]]"
12a_0891_48,"[[4, 22, 5, 21], [6, 12, 7, 11], [8, 15, 9, 16], [10, 18, 11, 17], [12, 6, 13, 5], [14, 1, 15, 2], [16, 24, 17, 23], [18, 14, 19, 13], [20, 4, 21, 3], [22, 8, 23, 7], [24, 9, 1, 10], [2, 20, 3, 19]]"
12a_0891_49,"[[2, 20, 3, 19], [4, 22, 5, 21], [6, 12, 7, 11], [8, 15, 9, 16], [10, 18, 11, 17], [12, 6, 13, 5], [14, 1, 15, 2], [16, 24, 17, 23], [18, 14, 19, 13], [20, 4, 21, 3], [22, 8, 23, 7], [24, 9, 1, 10]]"
12a_0891_50,"[[24, 9, 1, 10], [2, 20, 3, 19], [4, 22, 5, 21], [6, 12, 7, 11], [8, 15, 9, 16], [10, 18, 11, 17], [12, 6, 13, 5], [14, 1, 15, 2], [16, 24, 17, 23], [18, 14, 19, 13], [20, 4, 21, 3], [22, 8, 23, 7]]"
12a_0891_51,"[[22, 8, 23, 7], [24, 9, 1, 10], [2, 20, 3, 19], [4, 22, 5, 21], [6, 12, 7, 11], [8, 15, 9, 16], [10, 18, 11, 17], [12, 6, 13, 5], [14, 1, 15, 2], [16, 24, 17, 23], [18, 14, 19, 13], [20, 4, 21, 3]]"
12a_0891_52,"[[20, 4, 21, 3], [22, 8, 23, 7], [24, 9, 1, 10], [2, 20, 3, 19], [4, 22, 5, 21], [6, 12, 7, 11], [8, 15, 9, 16], [10, 18, 11, 17], [12, 6, 13, 5], [14, 1, 15, 2], [16, 24, 17, 23], [18, 14, 19, 13]]"
12a_0891_53,"[[18, 14, 19, 13], [20, 4, 21, 3], [22, 8, 23, 7], [24, 9, 1, 10], [2, 20, 3, 19], [4, 22, 5, 21], [6, 12, 7, 11], [8, 15, 9, 16], [10, 18, 11, 17], [12, 6, 13, 5], [14, 1, 15, 2], [16, 24, 17, 23]]"
12a_0891_54,"[[16, 24, 17, 23], [18, 14, 19, 13], [20, 4, 21, 3], [22, 8, 23, 7], [24, 9, 1, 10], [2, 20, 3, 19], [4, 22, 5, 21], [6, 12, 7, 11], [8, 15, 9, 16], [10, 18, 11, 17], [12, 6, 13, 5], [14, 1, 15, 2]]"
12a_0891_55,"[[14, 1, 15, 2], [16, 24, 17, 23], [18, 14, 19, 13], [20, 4, 21, 3], [22, 8, 23, 7], [24, 9, 1, 10], [2, 20, 3, 19], [4, 22, 5, 21], [6, 12, 7, 11], [8, 15, 9, 16], [10, 18, 11, 17], [12, 6, 13, 5]]"
12a_0891_56,"[[12, 6, 13, 5], [14, 1, 15, 2], [16, 24, 17, 23], [18, 14, 19, 13], [20, 4, 21, 3], [22, 8, 23, 7], [24, 9, 1, 10], [2, 20, 3, 19], [4, 22, 5, 21], [6, 12, 7, 11], [8, 15, 9, 16], [10, 18, 11, 17]]"
12a_0891_57,"[[10, 18, 11, 17], [12, 6, 13, 5], [14, 1, 15, 2], [16, 24, 17, 23], [18, 14, 19, 13], [20, 4, 21, 3], [22, 8, 23, 7], [24, 9, 1, 10], [2, 20, 3, 19], [4, 22, 5, 21], [6, 12, 7, 11], [8, 15, 9, 16]]"
12a_0891_58,"[[8, 15, 9, 16], [10, 18, 11, 17], [12, 6, 13, 5], [14, 1, 15, 2], [16, 24, 17, 23], [18, 14, 19, 13], [20, 4, 21, 3], [22, 8, 23, 7], [24, 9, 1, 10], [2, 20, 3, 19], [4, 22, 5, 21], [6, 12, 7, 11]]"
12a_0891_59,"[[6, 12, 7, 11], [8, 15, 9, 16], [10, 18, 11, 17], [12, 6, 13, 5], [14, 1, 15, 2], [16, 24, 17, 23], [18, 14, 19, 13], [20, 4, 21, 3], [22, 8, 23, 7], [24, 9, 1, 10], [2, 20, 3, 19], [4, 22, 5, 21]]"
12a_0891_60,"[[5, 23, 6, 22], [7, 13, 8, 12], [9, 16, 10, 17], [11, 19, 12, 18], [13, 7, 14, 6], [15, 2, 16, 3], [17, 1, 18, 24], [19, 15, 20, 14], [21, 5, 22, 4], [23, 9, 24, 8], [1, 10, 2, 11], [3, 21, 4, 20]]"
12a_0891_61,"[[3, 21, 4, 20], [5, 23, 6, 22], [7, 13, 8, 12], [9, 16, 10, 17], [11, 19, 12, 18], [13, 7, 14, 6], [15, 2, 16, 3], [17, 1, 18, 24], [19, 15, 20, 14], [21, 5, 22, 4], [23, 9, 24, 8], [1, 10, 2, 11]]"
12a_0891_62,"[[1, 10, 2, 11], [3, 21, 4, 20], [5, 23, 6, 22], [7, 13, 8, 12], [9, 16, 10, 17], [11, 19, 12, 18], [13, 7, 14, 6], [15, 2, 16, 3], [17, 1, 18, 24], [19, 15, 20, 14], [21, 5, 22, 4], [23, 9, 24, 8]]"
12a_0891_63,"[[23, 9, 24, 8], [1, 10, 2, 11], [3, 21, 4, 20], [5, 23, 6, 22], [7, 13, 8, 12], [9, 16, 10, 17], [11, 19, 12, 18], [13, 7, 14, 6], [15, 2, 16, 3], [17, 1, 18, 24], [19, 15, 20, 14], [21, 5, 22, 4]]"
12a_0891_64,"[[21, 5, 22, 4], [23, 9, 24, 8], [1, 10, 2, 11], [3, 21, 4, 20], [5, 23, 6, 22], [7, 13, 8, 12], [9, 16, 10, 17], [11, 19, 12, 18], [13, 7, 14, 6], [15, 2, 16, 3], [17, 1, 18, 24], [19, 15, 20, 14]]"
12a_0891_65,"[[19, 15, 20, 14], [21, 5, 22, 4], [23, 9, 24, 8], [1, 10, 2, 11], [3, 21, 4, 20], [5, 23, 6, 22], [7, 13, 8, 12], [9, 16, 10, 17], [11, 19, 12, 18], [13, 7, 14, 6], [15, 2, 16, 3], [17, 1, 18, 24]]"
12a_0891_66,"[[17, 1, 18, 24], [19, 15, 20, 14], [21, 5, 22, 4], [23, 9, 24, 8], [1, 10, 2, 11], [3, 21, 4, 20], [5, 23, 6, 22], [7, 13, 8, 12], [9, 16, 10, 17], [11, 19, 12, 18], [13, 7, 14, 6], [15, 2, 16, 3]]"
12a_0891_67,"[[15, 2, 16, 3], [17, 1, 18, 24], [19, 15, 20, 14], [21, 5, 22, 4], [23, 9, 24, 8], [1, 10, 2, 11], [3, 21, 4, 20], [5, 23, 6, 22], [7, 13, 8, 12], [9, 16, 10, 17], [11, 19, 12, 18], [13, 7, 14, 6]]"
12a_0891_68,"[[13, 7, 14, 6], [15, 2, 16, 3], [17, 1, 18, 24], [19, 15, 20, 14], [21, 5, 22, 4], [23, 9, 24, 8], [1, 10, 2, 11], [3, 21, 4, 20], [5, 23, 6, 22], [7, 13, 8, 12], [9, 16, 10, 17], [11, 19, 12, 18]]"
12a_0891_69,"[[11, 19, 12, 18], [13, 7, 14, 6], [15, 2, 16, 3], [17, 1, 18, 24], [19, 15, 20, 14], [21, 5, 22, 4], [23, 9, 24, 8], [1, 10, 2, 11], [3, 21, 4, 20], [5, 23, 6, 22], [7, 13, 8, 12], [9, 16, 10, 17]]"
12a_0891_70,"[[9, 16, 10, 17], [11, 19, 12, 18], [13, 7, 14, 6], [15, 2, 16, 3], [17, 1, 18, 24], [19, 15, 20, 14], [21, 5, 22, 4], [23, 9, 24, 8], [1, 10, 2, 11], [3, 21, 4, 20], [5, 23, 6, 22], [7, 13, 8, 12]]"
12a_0891_71,"[[7, 13, 8, 12], [9, 16, 10, 17], [11, 19, 12, 18], [13, 7, 14, 6], [15, 2, 16, 3], [17, 1, 18, 24], [19, 15, 20, 14], [21, 5, 22, 4], [23, 9, 24, 8], [1, 10, 2, 11], [3, 21, 4, 20], [5, 23, 6, 22]]"
12a_0891_72,"[[6, 24, 7, 23], [8, 14, 9, 13], [10, 17, 11, 18], [12, 20, 13, 19], [14, 8, 15, 7], [16, 3, 17, 4], [18, 2, 19, 1], [20, 16, 21, 15], [22, 6, 23, 5], [24, 10, 1, 9], [2, 11, 3, 12], [4, 22, 5, 21]]"
12a_0891_73,"[[4, 22, 5, 21], [6, 24, 7, 23], [8, 14, 9, 13], [10, 17, 11, 18], [12, 20, 13, 19], [14, 8, 15, 7], [16, 3, 17, 4], [18, 2, 19, 1], [20, 16, 21, 15], [22, 6, 23, 5], [24, 10, 1, 9], [2, 11, 3, 12]]"
12a_0891_74,"[[2, 11, 3, 12], [4, 22, 5, 21], [6, 24, 7, 23], [8, 14, 9, 13], [10, 17, 11, 18], [12, 20, 13, 19], [14, 8, 15, 7], [16, 3, 17, 4], [18, 2, 19, 1], [20, 16, 21, 15], [22, 6, 23, 5], [24, 10, 1, 9]]"
12a_0891_75,"[[24, 10, 1, 9], [2, 11, 3, 12], [4, 22, 5, 21], [6, 24, 7, 23], [8, 14, 9, 13], [10, 17, 11, 18], [12, 20, 13, 19], [14, 8, 15, 7], [16, 3, 17, 4], [18, 2, 19, 1], [20, 16, 21, 15], [22, 6, 23, 5]]"
12a_0891_76,"[[22, 6, 23, 5], [24, 10, 1, 9], [2, 11, 3, 12], [4, 22, 5, 21], [6, 24, 7, 23], [8, 14, 9, 13], [10, 17, 11, 18], [12, 20, 13, 19], [14, 8, 15, 7], [16, 3, 17, 4], [18, 2, 19, 1], [20, 16, 21, 15]]"
12a_0891_77,"[[20, 16, 21, 15], [22, 6, 23, 5], [24, 10, 1, 9], [2, 11, 3, 12], [4, 22, 5, 21], [6, 24, 7, 23], [8, 14, 9, 13], [10, 17, 11, 18], [12, 20, 13, 19], [14, 8, 15, 7], [16, 3, 17, 4], [18, 2, 19, 1]]"
12a_0891_78,"[[18, 2, 19, 1], [20, 16, 21, 15], [22, 6, 23, 5], [24, 10, 1, 9], [2, 11, 3, 12], [4, 22, 5, 21], [6, 24, 7, 23], [8, 14, 9, 13], [10, 17, 11, 18], [12, 20, 13, 19], [14, 8, 15, 7], [16, 3, 17, 4]]"
12a_0891_79,"[[16, 3, 17, 4], [18, 2, 19, 1], [20, 16, 21, 15], [22, 6, 23, 5], [24, 10, 1, 9], [2, 11, 3, 12], [4, 22, 5, 21], [6, 24, 7, 23], [8, 14, 9, 13], [10, 17, 11, 18], [12, 20, 13, 19], [14, 8, 15, 7]]"
12a_0891_80,"[[14, 8, 15, 7], [16, 3, 17, 4], [18, 2, 19, 1], [20, 16, 21, 15], [22, 6, 23, 5], [24, 10, 1, 9], [2, 11, 3, 12], [4, 22, 5, 21], [6, 24, 7, 23], [8, 14, 9, 13], [10, 17, 11, 18], [12, 20, 13, 19]]"
12a_0891_81,"[[12, 20, 13, 19], [14, 8, 15, 7], [16, 3, 17, 4], [18, 2, 19, 1], [20, 16, 21, 15], [22, 6, 23, 5], [24, 10, 1, 9], [2, 11, 3, 12], [4, 22, 5, 21], [6, 24, 7, 23], [8, 14, 9, 13], [10, 17, 11, 18]]"
12a_0891_82,"[[10, 17, 11, 18], [12, 20, 13, 19], [14, 8, 15, 7], [16, 3, 17, 4], [18, 2, 19, 1], [20, 16, 21, 15], [22, 6, 23, 5], [24, 10, 1, 9], [2, 11, 3, 12], [4, 22, 5, 21], [6, 24, 7, 23], [8, 14, 9, 13]]"
12a_0891_83,"[[8, 14, 9, 13], [10, 17, 11, 18], [12, 20, 13, 19], [14, 8, 15, 7], [16, 3, 17, 4], [18, 2, 19, 1], [20, 16, 21, 15], [22, 6, 23, 5], [24, 10, 1, 9], [2, 11, 3, 12], [4, 22, 5, 21], [6, 24, 7, 23]]"
12a_0891_84,"[[7, 1, 8, 24], [9, 15, 10, 14], [11, 18, 12, 19], [13, 21, 14, 20], [15, 9, 16, 8], [17, 4, 18, 5], [19, 3, 20, 2], [21, 17, 22, 16], [23, 7, 24, 6], [1, 11, 2, 10], [3, 12, 4, 13], [5, 23, 6, 22]]"
12a_0891_85,"[[5, 23, 6, 22], [7, 1, 8, 24], [9, 15, 10, 14], [11, 18, 12, 19], [13, 21, 14, 20], [15, 9, 16, 8], [17, 4, 18, 5], [19, 3, 20, 2], [21, 17, 22, 16], [23, 7, 24, 6], [1, 11, 2, 10], [3, 12, 4, 13]]"
12a_0891_86,"[[3, 12, 4, 13], [5, 23, 6, 22], [7, 1, 8, 24], [9, 15, 10, 14], [11, 18, 12, 19], [13, 21, 14, 20], [15, 9, 16, 8], [17, 4, 18, 5], [19, 3, 20, 2], [21, 17, 22, 16], [23, 7, 24, 6], [1, 11, 2, 10]]"
12a_0891_87,"[[1, 11, 2, 10], [3, 12, 4, 13], [5, 23, 6, 22], [7, 1, 8, 24], [9, 15, 10, 14], [11, 18, 12, 19], [13, 21, 14, 20], [15, 9, 16, 8], [17, 4, 18, 5], [19, 3, 20, 2], [21, 17, 22, 16], [23, 7, 24, 6]]"
12a_0891_88,"[[23, 7, 24, 6], [1, 11, 2, 10], [3, 12, 4, 13], [5, 23, 6, 22], [7, 1, 8, 24], [9, 15, 10, 14], [11, 18, 12, 19], [13, 21, 14, 20], [15, 9, 16, 8], [17, 4, 18, 5], [19, 3, 20, 2], [21, 17, 22, 16]]"
12a_0891_89,"[[21, 17, 22, 16], [23, 7, 24, 6], [1, 11, 2, 10], [3, 12, 4, 13], [5, 23, 6, 22], [7, 1, 8, 24], [9, 15, 10, 14], [11, 18, 12, 19], [13, 21, 14, 20], [15, 9, 16, 8], [17, 4, 18, 5], [19, 3, 20, 2]]"
12a_0891_90,"[[19, 3, 20, 2], [21, 17, 22, 16], [23, 7, 24, 6], [1, 11, 2, 10], [3, 12, 4, 13], [5, 23, 6, 22], [7, 1, 8, 24], [9, 15, 10, 14], [11, 18, 12, 19], [13, 21, 14, 20], [15, 9, 16, 8], [17, 4, 18, 5]]"
12a_0891_91,"[[17, 4, 18, 5], [19, 3, 20, 2], [21, 17, 22, 16], [23, 7, 24, 6], [1, 11, 2, 10], [3, 12, 4, 13], [5, 23, 6, 22], [7, 1, 8, 24], [9, 15, 10, 14], [11, 18, 12, 19], [13, 21, 14, 20], [15, 9, 16, 8]]"
12a_0891_92,"[[15, 9, 16, 8], [17, 4, 18, 5], [19, 3, 20, 2], [21, 17, 22, 16], [23, 7, 24, 6], [1, 11, 2, 10], [3, 12, 4, 13], [5, 23, 6, 22], [7, 1, 8, 24], [9, 15, 10, 14], [11, 18, 12, 19], [13, 21, 14, 20]]"
12a_0891_93,"[[13, 21, 14, 20], [15, 9, 16, 8], [17, 4, 18, 5], [19, 3, 20, 2], [21, 17, 22, 16], [23, 7, 24, 6], [1, 11, 2, 10], [3, 12, 4, 13], [5, 23, 6, 22], [7, 1, 8, 24], [9, 15, 10, 14], [11, 18, 12, 19]]"
12a_0891_94,"[[11, 18, 12, 19], [13, 21, 14, 20], [15, 9, 16, 8], [17, 4, 18, 5], [19, 3, 20, 2], [21, 17, 22, 16], [23, 7, 24, 6], [1, 11, 2, 10], [3, 12, 4, 13], [5, 23, 6, 22], [7, 1, 8, 24], [9, 15, 10, 14]]"
12a_0891_95,"[[9, 15, 10, 14], [11, 18, 12, 19], [13, 21, 14, 20], [15, 9, 16, 8], [17, 4, 18, 5], [19, 3, 20, 2], [21, 17, 22, 16], [23, 7, 24, 6], [1, 11, 2, 10], [3, 12, 4, 13], [5, 23, 6, 22], [7, 1, 8, 24]]"
12a_0891_96,"[[8, 2, 9, 1], [10, 16, 11, 15], [12, 19, 13, 20], [14, 22, 15, 21], [16, 10, 17, 9], [18, 5, 19, 6], [20, 4, 21, 3], [22, 18, 23, 17], [24, 8, 1, 7], [2, 12, 3, 11], [4, 13, 5, 14], [6, 24, 7, 23]]"
12a_0891_97,"[[6, 24, 7, 23], [8, 2, 9, 1], [10, 16, 11, 15], [12, 19, 13, 20], [14, 22, 15, 21], [16, 10, 17, 9], [18, 5, 19, 6], [20, 4, 21, 3], [22, 18, 23, 17], [24, 8, 1, 7], [2, 12, 3, 11], [4, 13, 5, 14]]"
12a_0891_98,"[[4, 13, 5, 14], [6, 24, 7, 23], [8, 2, 9, 1], [10, 16, 11, 15], [12, 19, 13, 20], [14, 22, 15, 21], [16, 10, 17, 9], [18, 5, 19, 6], [20, 4, 21, 3], [22, 18, 23, 17], [24, 8, 1, 7], [2, 12, 3, 11]]"
12a_0891_99,"[[2, 12, 3, 11], [4, 13, 5, 14], [6, 24, 7, 23], [8, 2, 9, 1], [10, 16, 11, 15], [12, 19, 13, 20], [14, 22, 15, 21], [16, 10, 17, 9], [18, 5, 19, 6], [20, 4, 21, 3], [22, 18, 23, 17], [24, 8, 1, 7]]"
12a_0891_100,"[[24, 8, 1, 7], [2, 12, 3, 11], [4, 13, 5, 14], [6, 24, 7, 23], [8, 2, 9, 1], [10, 16, 11, 15], [12, 19, 13, 20], [14, 22, 15, 21], [16, 10, 17, 9], [18, 5, 19, 6], [20, 4, 21, 3], [22, 18, 23, 17]]"
12a_0891_101,"[[22, 18, 23, 17], [24, 8, 1, 7], [2, 12, 3, 11], [4, 13, 5, 14], [6, 24, 7, 23], [8, 2, 9, 1], [10, 16, 11, 15], [12, 19, 13, 20], [14, 22, 15, 21], [16, 10, 17, 9], [18, 5, 19, 6], [20, 4, 21, 3]]"
12a_0891_102,"[[20, 4, 21, 3], [22, 18, 23, 17], [24, 8, 1, 7], [2, 12, 3, 11], [4, 13, 5, 14], [6, 24, 7, 23], [8, 2, 9, 1], [10, 16, 11, 15], [12, 19, 13, 20], [14, 22, 15, 21], [16, 10, 17, 9], [18, 5, 19, 6]]"
12a_0891_103,"[[18, 5, 19, 6], [20, 4, 21, 3], [22, 18, 23, 17], [24, 8, 1, 7], [2, 12, 3, 11], [4, 13, 5, 14], [6, 24, 7, 23], [8, 2, 9, 1], [10, 16, 11, 15], [12, 19, 13, 20], [14, 22, 15, 21], [16, 10, 17, 9]]"
12a_0891_104,"[[16, 10, 17, 9], [18, 5, 19, 6], [20, 4, 21, 3], [22, 18, 23, 17], [24, 8, 1, 7], [2, 12, 3, 11], [4, 13, 5, 14], [6, 24, 7, 23], [8, 2, 9, 1], [10, 16, 11, 15], [12, 19, 13, 20], [14, 22, 15, 21]]"
12a_0891_105,"[[14, 22, 15, 21], [16, 10, 17, 9], [18, 5, 19, 6], [20, 4, 21, 3], [22, 18, 23, 17], [24, 8, 1, 7], [2, 12, 3, 11], [4, 13, 5, 14], [6, 24, 7, 23], [8, 2, 9, 1], [10, 16, 11, 15], [12, 19, 13, 20]]"
12a_0891_106,"[[12, 19, 13, 20], [14, 22, 15, 21], [16, 10, 17, 9], [18, 5, 19, 6], [20, 4, 21, 3], [22, 18, 23, 17], [24, 8, 1, 7], [2, 12, 3, 11], [4, 13, 5, 14], [6, 24, 7, 23], [8, 2, 9, 1], [10, 16, 11, 15]]"
12a_0891_107,"[[10, 16, 11, 15], [12, 19, 13, 20], [14, 22, 15, 21], [16, 10, 17, 9], [18, 5, 19, 6], [20, 4, 21, 3], [22, 18, 23, 17], [24, 8, 1, 7], [2, 12, 3, 11], [4, 13, 5, 14], [6, 24, 7, 23], [8, 2, 9, 1]]"
12a_0891_108,"[[9, 3, 10, 2], [11, 17, 12, 16], [13, 20, 14, 21], [15, 23, 16, 22], [17, 11, 18, 10], [19, 6, 20, 7], [21, 5, 22, 4], [23, 19, 24, 18], [1, 9, 2, 8], [3, 13, 4, 12], [5, 14, 6, 15], [7, 1, 8, 24]]"
12a_0891_109,"[[7, 1, 8, 24], [9, 3, 10, 2], [11, 17, 12, 16], [13, 20, 14, 21], [15, 23, 16, 22], [17, 11, 18, 10], [19, 6, 20, 7], [21, 5, 22, 4], [23, 19, 24, 18], [1, 9, 2, 8], [3, 13, 4, 12], [5, 14, 6, 15]]"
12a_0891_110,"[[5, 14, 6, 15], [7, 1, 8, 24], [9, 3, 10, 2], [11, 17, 12, 16], [13, 20, 14, 21], [15, 23, 16, 22], [17, 11, 18, 10], [19, 6, 20, 7], [21, 5, 22, 4], [23, 19, 24, 18], [1, 9, 2, 8], [3, 13, 4, 12]]"
12a_0891_111,"[[3, 13, 4, 12], [5, 14, 6, 15], [7, 1, 8, 24], [9, 3, 10, 2], [11, 17, 12, 16], [13, 20, 14, 21], [15, 23, 16, 22], [17, 11, 18, 10], [19, 6, 20, 7], [21, 5, 22, 4], [23, 19, 24, 18], [1, 9, 2, 8]]"
12a_0891_112,"[[1, 9, 2, 8], [3, 13, 4, 12], [5, 14, 6, 15], [7, 1, 8, 24], [9, 3, 10, 2], [11, 17, 12, 16], [13, 20, 14, 21], [15, 23, 16, 22], [17, 11, 18, 10], [19, 6, 20, 7], [21, 5, 22, 4], [23, 19, 24, 18]]"
12a_0891_113,"[[23, 19, 24, 18], [1, 9, 2, 8], [3, 13, 4, 12], [5, 14, 6, 15], [7, 1, 8, 24], [9, 3, 10, 2], [11, 17, 12, 16], [13, 20, 14, 21], [15, 23, 16, 22], [17, 11, 18, 10], [19, 6, 20, 7], [21, 5, 22, 4]]"
12a_0891_114,"[[21, 5, 22, 4], [23, 19, 24, 18], [1, 9, 2, 8], [3, 13, 4, 12], [5, 14, 6, 15], [7, 1, 8, 24], [9, 3, 10, 2], [11, 17, 12, 16], [13, 20, 14, 21], [15, 23, 16, 22], [17, 11, 18, 10], [19, 6, 20, 7]]"
12a_0891_115,"[[19, 6, 20, 7], [21, 5, 22, 4], [23, 19, 24, 18], [1, 9, 2, 8], [3, 13, 4, 12], [5, 14, 6, 15], [7, 1, 8, 24], [9, 3, 10, 2], [11, 17, 12, 16], [13, 20, 14, 21], [15, 23, 16, 22], [17, 11, 18, 10]]"
12a_0891_116,"[[17, 11, 18, 10], [19, 6, 20, 7], [21, 5, 22, 4], [23, 19, 24, 18], [1, 9, 2, 8], [3, 13, 4, 12], [5, 14, 6, 15], [7, 1, 8, 24], [9, 3, 10, 2], [11, 17, 12, 16], [13, 20, 14, 21], [15, 23, 16, 22]]"
12a_0891_117,"[[15, 23, 16, 22], [17, 11, 18, 10], [19, 6, 20, 7], [21, 5, 22, 4], [23, 19, 24, 18], [1, 9, 2, 8], [3, 13, 4, 12], [5, 14, 6, 15], [7, 1, 8, 24], [9, 3, 10, 2], [11, 17, 12, 16], [13, 20, 14, 21]]"
12a_0891_118,"[[13, 20, 14, 21], [15, 23, 16, 22], [17, 11, 18, 10], [19, 6, 20, 7], [21, 5, 22, 4], [23, 19, 24, 18], [1, 9, 2, 8], [3, 13, 4, 12], [5, 14, 6, 15], [7, 1, 8, 24], [9, 3, 10, 2], [11, 17, 12, 16]]"
12a_0891_119,"[[11, 17, 12, 16], [13, 20, 14, 21], [15, 23, 16, 22], [17, 11, 18, 10], [19, 6, 20, 7], [21, 5, 22, 4], [23, 19, 24, 18], [1, 9, 2, 8], [3, 13, 4, 12], [5, 14, 6, 15], [7, 1, 8, 24], [9, 3, 10, 2]]"
12a_0891_120,"[[10, 4, 11, 3], [12, 18, 13, 17], [14, 21, 15, 22], [16, 24, 17, 23], [18, 12, 19, 11], [20, 7, 21, 8], [22, 6, 23, 5], [24, 20, 1, 19], [2, 10, 3, 9], [4, 14, 5, 13], [6, 15, 7, 16], [8, 2, 9, 1]]"
12a_0891_121,"[[8, 2, 9, 1], [10, 4, 11, 3], [12, 18, 13, 17], [14, 21, 15, 22], [16, 24, 17, 23], [18, 12, 19, 11], [20, 7, 21, 8], [22, 6, 23, 5], [24, 20, 1, 19], [2, 10, 3, 9], [4, 14, 5, 13], [6, 15, 7, 16]]"
12a_0891_122,"[[6, 15, 7, 16], [8, 2, 9, 1], [10, 4, 11, 3], [12, 18, 13, 17], [14, 21, 15, 22], [16, 24, 17, 23], [18, 12, 19, 11], [20, 7, 21, 8], [22, 6, 23, 5], [24, 20, 1, 19], [2, 10, 3, 9], [4, 14, 5, 13]]"
12a_0891_123,"[[4, 14, 5, 13], [6, 15, 7, 16], [8, 2, 9, 1], [10, 4, 11, 3], [12, 18, 13, 17], [14, 21, 15, 22], [16, 24, 17, 23], [18, 12, 19, 11], [20, 7, 21, 8], [22, 6, 23, 5], [24, 20, 1, 19], [2, 10, 3, 9]]"
12a_0891_124,"[[2, 10, 3, 9], [4, 14, 5, 13], [6, 15, 7, 16], [8, 2, 9, 1], [10, 4, 11, 3], [12, 18, 13, 17], [14, 21, 15, 22], [16, 24, 17, 23], [18, 12, 19, 11], [20, 7, 21, 8], [22, 6, 23, 5], [24, 20, 1, 19]]"
12a_0891_125,"[[24, 20, 1, 19], [2, 10, 3, 9], [4, 14, 5, 13], [6, 15, 7, 16], [8, 2, 9, 1], [10, 4, 11, 3], [12, 18, 13, 17], [14, 21, 15, 22], [16, 24, 17, 23], [18, 12, 19, 11], [20, 7, 21, 8], [22, 6, 23, 5]]"
12a_0891_126,"[[22, 6, 23, 5], [24, 20, 1, 19], [2, 10, 3, 9], [4, 14, 5, 13], [6, 15, 7, 16], [8, 2, 9, 1], [10, 4, 11, 3], [12, 18, 13, 17], [14, 21, 15, 22], [16, 24, 17, 23], [18, 12, 19, 11], [20, 7, 21, 8]]"
12a_0891_127,"[[20, 7, 21, 8], [22, 6, 23, 5], [24, 20, 1, 19], [2, 10, 3, 9], [4, 14, 5, 13], [6, 15, 7, 16], [8, 2, 9, 1], [10, 4, 11, 3], [12, 18, 13, 17], [14, 21, 15, 22], [16, 24, 17, 23], [18, 12, 19, 11]]"
12a_0891_128,"[[18, 12, 19, 11], [20, 7, 21, 8], [22, 6, 23, 5], [24, 20, 1, 19], [2, 10, 3, 9], [4, 14, 5, 13], [6, 15, 7, 16], [8, 2, 9, 1], [10, 4, 11, 3], [12, 18, 13, 17], [14, 21, 15, 22], [16, 24, 17, 23]]"
12a_0891_129,"[[16, 24, 17, 23], [18, 12, 19, 11], [20, 7, 21, 8], [22, 6, 23, 5], [24, 20, 1, 19], [2, 10, 3, 9], [4, 14, 5, 13], [6, 15, 7, 16], [8, 2, 9, 1], [10, 4, 11, 3], [12, 18, 13, 17], [14, 21, 15, 22]]"
12a_0891_130,"[[14, 21, 15, 22], [16, 24, 17, 23], [18, 12, 19, 11], [20, 7, 21, 8], [22, 6, 23, 5], [24, 20, 1, 19], [2, 10, 3, 9], [4, 14, 5, 13], [6, 15, 7, 16], [8, 2, 9, 1], [10, 4, 11, 3], [12, 18, 13, 17]]"
12a_0891_131,"[[12, 18, 13, 17], [14, 21, 15, 22], [16, 24, 17, 23], [18, 12, 19, 11], [20, 7, 21, 8], [22, 6, 23, 5], [24, 20, 1, 19], [2, 10, 3, 9], [4, 14, 5, 13], [6, 15, 7, 16], [8, 2, 9, 1], [10, 4, 11, 3]]"
12a_0891_132,"[[11, 5, 12, 4], [13, 19, 14, 18], [15, 22, 16, 23], [17, 1, 18, 24], [19, 13, 20, 12], [21, 8, 22, 9], [23, 7, 24, 6], [1, 21, 2, 20], [3, 11, 4, 10], [5, 15, 6, 14], [7, 16, 8, 17], [9, 3, 10, 2]]"
12a_0891_133,"[[9, 3, 10, 2], [11, 5, 12, 4], [13, 19, 14, 18], [15, 22, 16, 23], [17, 1, 18, 24], [19, 13, 20, 12], [21, 8, 22, 9], [23, 7, 24, 6], [1, 21, 2, 20], [3, 11, 4, 10], [5, 15, 6, 14], [7, 16, 8, 17]]"
12a_0891_134,"[[7, 16, 8, 17], [9, 3, 10, 2], [11, 5, 12, 4], [13, 19, 14, 18], [15, 22, 16, 23], [17, 1, 18, 24], [19, 13, 20, 12], [21, 8, 22, 9], [23, 7, 24, 6], [1, 21, 2, 20], [3, 11, 4, 10], [5, 15, 6, 14]]"
12a_0891_135,"[[5, 15, 6, 14], [7, 16, 8, 17], [9, 3, 10, 2], [11, 5, 12, 4], [13, 19, 14, 18], [15, 22, 16, 23], [17, 1, 18, 24], [19, 13, 20, 12], [21, 8, 22, 9], [23, 7, 24, 6], [1, 21, 2, 20], [3, 11, 4, 10]]"
12a_0891_136,"[[3, 11, 4, 10], [5, 15, 6, 14], [7, 16, 8, 17], [9, 3, 10, 2], [11, 5, 12, 4], [13, 19, 14, 18], [15, 22, 16, 23], [17, 1, 18, 24], [19, 13, 20, 12], [21, 8, 22, 9], [23, 7, 24, 6], [1, 21, 2, 20]]"
12a_0891_137,"[[1, 21, 2, 20], [3, 11, 4, 10], [5, 15, 6, 14], [7, 16, 8, 17], [9, 3, 10, 2], [11, 5, 12, 4], [13, 19, 14, 18], [15, 22, 16, 23], [17, 1, 18, 24], [19, 13, 20, 12], [21, 8, 22, 9], [23, 7, 24, 6]]"
12a_0891_138,"[[23, 7, 24, 6], [1, 21, 2, 20], [3, 11, 4, 10], [5, 15, 6, 14], [7, 16, 8, 17], [9, 3, 10, 2], [11, 5, 12, 4], [13, 19, 14, 18], [15, 22, 16, 23], [17, 1, 18, 24], [19, 13, 20, 12], [21, 8, 22, 9]]"
12a_0891_139,"[[21, 8, 22, 9], [23, 7, 24, 6], [1, 21, 2, 20], [3, 11, 4, 10], [5, 15, 6, 14], [7, 16, 8, 17], [9, 3, 10, 2], [11, 5, 12, 4], [13, 19, 14, 18], [15, 22, 16, 23], [17, 1, 18, 24], [19, 13, 20, 12]]"
12a_0891_140,"[[19, 13, 20, 12], [21, 8, 22, 9], [23, 7, 24, 6], [1, 21, 2, 20], [3, 11, 4, 10], [5, 15, 6, 14], [7, 16, 8, 17], [9, 3, 10, 2], [11, 5, 12, 4], [13, 19, 14, 18], [15, 22, 16, 23], [17, 1, 18, 24]]"
12a_0891_141,"[[17, 1, 18, 24], [19, 13, 20, 12], [21, 8, 22, 9], [23, 7, 24, 6], [1, 21, 2, 20], [3, 11, 4, 10], [5, 15, 6, 14], [7, 16, 8, 17], [9, 3, 10, 2], [11, 5, 12, 4], [13, 19, 14, 18], [15, 22, 16, 23]]"
12a_0891_142,"[[15, 22, 16, 23], [17, 1, 18, 24], [19, 13, 20, 12], [21, 8, 22, 9], [23, 7, 24, 6], [1, 21, 2, 20], [3, 11, 4, 10], [5, 15, 6, 14], [7, 16, 8, 17], [9, 3, 10, 2], [11, 5, 12, 4], [13, 19, 14, 18]]"
12a_0891_143,"[[13, 19, 14, 18], [15, 22, 16, 23], [17, 1, 18, 24], [19, 13, 20, 12], [21, 8, 22, 9], [23, 7, 24, 6], [1, 21, 2, 20], [3, 11, 4, 10], [5, 15, 6, 14], [7, 16, 8, 17], [9, 3, 10, 2], [11, 5, 12, 4]]"
12a_0891_144,"[[12, 6, 13, 5], [14, 20, 15, 19], [16, 23, 17, 24], [18, 2, 19, 1], [20, 14, 21, 13], [22, 9, 23, 10], [24, 8, 1, 7], [2, 22, 3, 21], [4, 12, 5, 11], [6, 16, 7, 15], [8, 17, 9, 18], [10, 4, 11, 3]]"
12a_0891_145,"[[10, 4, 11, 3], [12, 6, 13, 5], [14, 20, 15, 19], [16, 23, 17, 24], [18, 2, 19, 1], [20, 14, 21, 13], [22, 9, 23, 10], [24, 8, 1, 7], [2, 22, 3, 21], [4, 12, 5, 11], [6, 16, 7, 15], [8, 17, 9, 18]]"
12a_0891_146,"[[8, 17, 9, 18], [10, 4, 11, 3], [12, 6, 13, 5], [14, 20, 15, 19], [16, 23, 17, 24], [18, 2, 19, 1], [20, 14, 21, 13], [22, 9, 23, 10], [24, 8, 1, 7], [2, 22, 3, 21], [4, 12, 5, 11], [6, 16, 7, 15]]"
12a_0891_147,"[[6, 16, 7, 15], [8, 17, 9, 18], [10, 4, 11, 3], [12, 6, 13, 5], [14, 20, 15, 19], [16, 23, 17, 24], [18, 2, 19, 1], [20, 14, 21, 13], [22, 9, 23, 10], [24, 8, 1, 7], [2, 22, 3, 21], [4, 12, 5, 11]]"
12a_0891_148,"[[4, 12, 5, 11], [6, 16, 7, 15], [8, 17, 9, 18], [10, 4, 11, 3], [12, 6, 13, 5], [14, 20, 15, 19], [16, 23, 17, 24], [18, 2, 19, 1], [20, 14, 21, 13], [22, 9, 23, 10], [24, 8, 1, 7], [2, 22, 3, 21]]"
12a_0891_149,"[[2, 22, 3, 21], [4, 12, 5, 11], [6, 16, 7, 15], [8, 17, 9, 18], [10, 4, 11, 3], [12, 6, 13, 5], [14, 20, 15, 19], [16, 23, 17, 24], [18, 2, 19, 1], [20, 14, 21, 13], [22, 9, 23, 10], [24, 8, 1, 7]]"
12a_0891_150,"[[24, 8, 1, 7], [2, 22, 3, 21], [4, 12, 5, 11], [6, 16, 7, 15], [8, 17, 9, 18], [10, 4, 11, 3], [12, 6, 13, 5], [14, 20, 15, 19], [16, 23, 17, 24], [18, 2, 19, 1], [20, 14, 21, 13], [22, 9, 23, 10]]"
12a_0891_151,"[[22, 9, 23, 10], [24, 8, 1, 7], [2, 22, 3, 21], [4, 12, 5, 11], [6, 16, 7, 15], [8, 17, 9, 18], [10, 4, 11, 3], [12, 6, 13, 5], [14, 20, 15, 19], [16, 23, 17, 24], [18, 2, 19, 1], [20, 14, 21, 13]]"
12a_0891_152,"[[20, 14, 21, 13], [22, 9, 23, 10], [24, 8, 1, 7], [2, 22, 3, 21], [4, 12, 5, 11], [6, 16, 7, 15], [8, 17, 9, 18], [10, 4, 11, 3], [12, 6, 13, 5], [14, 20, 15, 19], [16, 23, 17, 24], [18, 2, 19, 1]]"
12a_0891_153,"[[18, 2, 19, 1], [20, 14, 21, 13], [22, 9, 23, 10], [24, 8, 1, 7], [2, 22, 3, 21], [4, 12, 5, 11], [6, 16, 7, 15], [8, 17, 9, 18], [10, 4, 11, 3], [12, 6, 13, 5], [14, 20, 15, 19], [16, 23, 17, 24]]"
12a_0891_154,"[[16, 23, 17, 24], [18, 2, 19, 1], [20, 14, 21, 13], [22, 9, 23, 10], [24, 8, 1, 7], [2, 22, 3, 21], [4, 12, 5, 11], [6, 16, 7, 15], [8, 17, 9, 18], [10, 4, 11, 3], [12, 6, 13, 5], [14, 20, 15, 19]]"
12a_0891_155,"[[14, 20, 15, 19], [16, 23, 17, 24], [18, 2, 19, 1], [20, 14, 21, 13], [22, 9, 23, 10], [24, 8, 1, 7], [2, 22, 3, 21], [4, 12, 5, 11], [6, 16, 7, 15], [8, 17, 9, 18], [10, 4, 11, 3], [12, 6, 13, 5]]"
12a_0891_156,"[[13, 7, 14, 6], [15, 21, 16, 20], [17, 24, 18, 1], [19, 3, 20, 2], [21, 15, 22, 14], [23, 10, 24, 11], [1, 9, 2, 8], [3, 23, 4, 22], [5, 13, 6, 12], [7, 17, 8, 16], [9, 18, 10, 19], [11, 5, 12, 4]]"
12a_0891_157,"[[11, 5, 12, 4], [13, 7, 14, 6], [15, 21, 16, 20], [17, 24, 18, 1], [19, 3, 20, 2], [21, 15, 22, 14], [23, 10, 24, 11], [1, 9, 2, 8], [3, 23, 4, 22], [5, 13, 6, 12], [7, 17, 8, 16], [9, 18, 10, 19]]"
12a_0891_158,"[[9, 18, 10, 19], [11, 5, 12, 4], [13, 7, 14, 6], [15, 21, 16, 20], [17, 24, 18, 1], [19, 3, 20, 2], [21, 15, 22, 14], [23, 10, 24, 11], [1, 9, 2, 8], [3, 23, 4, 22], [5, 13, 6, 12], [7, 17, 8, 16]]"
12a_0891_159,"[[7, 17, 8, 16], [9, 18, 10, 19], [11, 5, 12, 4], [13, 7, 14, 6], [15, 21, 16, 20], [17, 24, 18, 1], [19, 3, 20, 2], [21, 15, 22, 14], [23, 10, 24, 11], [1, 9, 2, 8], [3, 23, 4, 22], [5, 13, 6, 12]]"
12a_0891_160,"[[5, 13, 6, 12], [7, 17, 8, 16], [9, 18, 10, 19], [11, 5, 12, 4], [13, 7, 14, 6], [15, 21, 16, 20], [17, 24, 18, 1], [19, 3, 20, 2], [21, 15, 22, 14], [23, 10, 24, 11], [1, 9, 2, 8], [3, 23, 4, 22]]"
12a_0891_161,"[[3, 23, 4, 22], [5, 13, 6, 12], [7, 17, 8, 16], [9, 18, 10, 19], [11, 5, 12, 4], [13, 7, 14, 6], [15, 21, 16, 20], [17, 24, 18, 1], [19, 3, 20, 2], [21, 15, 22, 14], [23, 10, 24, 11], [1, 9, 2, 8]]"
12a_0891_162,"[[1, 9, 2, 8], [3, 23, 4, 22], [5, 13, 6, 12], [7, 17, 8, 16], [9, 18, 10, 19], [11, 5, 12, 4], [13, 7, 14, 6], [15, 21, 16, 20], [17, 24, 18, 1], [19, 3, 20, 2], [21, 15, 22, 14], [23, 10, 24, 11]]"
12a_0891_163,"[[23, 10, 24, 11], [1, 9, 2, 8], [3, 23, 4, 22], [5, 13, 6, 12], [7, 17, 8, 16], [9, 18, 10, 19], [11, 5, 12, 4], [13, 7, 14, 6], [15, 21, 16, 20], [17, 24, 18, 1], [19, 3, 20, 2], [21, 15, 22, 14]]"
12a_0891_164,"[[21, 15, 22, 14], [23, 10, 24, 11], [1, 9, 2, 8], [3, 23, 4, 22], [5, 13, 6, 12], [7, 17, 8, 16], [9, 18, 10, 19], [11, 5, 12, 4], [13, 7, 14, 6], [15, 21, 16, 20], [17, 24, 18, 1], [19, 3, 20, 2]]"
12a_0891_165,"[[19, 3, 20, 2], [21, 15, 22, 14], [23, 10, 24, 11], [1, 9, 2, 8], [3, 23, 4, 22], [5, 13, 6, 12], [7, 17, 8, 16], [9, 18, 10, 19], [11, 5, 12, 4], [13, 7, 14, 6], [15, 21, 16, 20], [17, 24, 18, 1]]"
12a_0891_166,"[[17, 24, 18, 1], [19, 3, 20, 2], [21, 15, 22, 14], [23, 10, 24, 11], [1, 9, 2, 8], [3, 23, 4, 22], [5, 13, 6, 12], [7, 17, 8, 16], [9, 18, 10, 19], [11, 5, 12, 4], [13, 7, 14, 6], [15, 21, 16, 20]]"
12a_0891_167,"[[15, 21, 16, 20], [17, 24, 18, 1], [19, 3, 20, 2], [21, 15, 22, 14], [23, 10, 24, 11], [1, 9, 2, 8], [3, 23, 4, 22], [5, 13, 6, 12], [7, 17, 8, 16], [9, 18, 10, 19], [11, 5, 12, 4], [13, 7, 14, 6]]"
12a_0891_168,"[[14, 8, 15, 7], [16, 22, 17, 21], [18, 1, 19, 2], [20, 4, 21, 3], [22, 16, 23, 15], [24, 11, 1, 12], [2, 10, 3, 9], [4, 24, 5, 23], [6, 14, 7, 13], [8, 18, 9, 17], [10, 19, 11, 20], [12, 6, 13, 5]]"
12a_0891_169,"[[12, 6, 13, 5], [14, 8, 15, 7], [16, 22, 17, 21], [18, 1, 19, 2], [20, 4, 21, 3], [22, 16, 23, 15], [24, 11, 1, 12], [2, 10, 3, 9], [4, 24, 5, 23], [6, 14, 7, 13], [8, 18, 9, 17], [10, 19, 11, 20]]"
12a_0891_170,"[[10, 19, 11, 20], [12, 6, 13, 5], [14, 8, 15, 7], [16, 22, 17, 21], [18, 1, 19, 2], [20, 4, 21, 3], [22, 16, 23, 15], [24, 11, 1, 12], [2, 10, 3, 9], [4, 24, 5, 23], [6, 14, 7, 13], [8, 18, 9, 17]]"
12a_0891_171,"[[8, 18, 9, 17], [10, 19, 11, 20], [12, 6, 13, 5], [14, 8, 15, 7], [16, 22, 17, 21], [18, 1, 19, 2], [20, 4, 21, 3], [22, 16, 23, 15], [24, 11, 1, 12], [2, 10, 3, 9], [4, 24, 5, 23], [6, 14, 7, 13]]"
12a_0891_172,"[[6, 14, 7, 13], [8, 18, 9, 17], [10, 19, 11, 20], [12, 6, 13, 5], [14, 8, 15, 7], [16, 22, 17, 21], [18, 1, 19, 2], [20, 4, 21, 3], [22, 16, 23, 15], [24, 11, 1, 12], [2, 10, 3, 9], [4, 24, 5, 23]]"
12a_0891_173,"[[4, 24, 5, 23], [6, 14, 7, 13], [8, 18, 9, 17], [10, 19, 11, 20], [12, 6, 13, 5], [14, 8, 15, 7], [16, 22, 17, 21], [18, 1, 19, 2], [20, 4, 21, 3], [22, 16, 23, 15], [24, 11, 1, 12], [2, 10, 3, 9]]"
12a_0891_174,"[[2, 10, 3, 9], [4, 24, 5, 23], [6, 14, 7, 13], [8, 18, 9, 17], [10, 19, 11, 20], [12, 6, 13, 5], [14, 8, 15, 7], [16, 22, 17, 21], [18, 1, 19, 2], [20, 4, 21, 3], [22, 16, 23, 15], [24, 11, 1, 12]]"
12a_0891_175,"[[24, 11, 1, 12], [2, 10, 3, 9], [4, 24, 5, 23], [6, 14, 7, 13], [8, 18, 9, 17], [10, 19, 11, 20], [12, 6, 13, 5], [14, 8, 15, 7], [16, 22, 17, 21], [18, 1, 19, 2], [20, 4, 21, 3], [22, 16, 23, 15]]"
12a_0891_176,"[[22, 16, 23, 15], [24, 11, 1, 12], [2, 10, 3, 9], [4, 24, 5, 23], [6, 14, 7, 13], [8, 18, 9, 17], [10, 19, 11, 20], [12, 6, 13, 5], [14, 8, 15, 7], [16, 22, 17, 21], [18, 1, 19, 2], [20, 4, 21, 3]]"
12a_0891_177,"[[20, 4, 21, 3], [22, 16, 23, 15], [24, 11, 1, 12], [2, 10, 3, 9], [4, 24, 5, 23], [6, 14, 7, 13], [8, 18, 9, 17], [10, 19, 11, 20], [12, 6, 13, 5], [14, 8, 15, 7], [16, 22, 17, 21], [18, 1, 19, 2]]"
12a_0891_178,"[[18, 1, 19, 2], [20, 4, 21, 3], [22, 16, 23, 15], [24, 11, 1, 12], [2, 10, 3, 9], [4, 24, 5, 23], [6, 14, 7, 13], [8, 18, 9, 17], [10, 19, 11, 20], [12, 6, 13, 5], [14, 8, 15, 7], [16, 22, 17, 21]]"
12a_0891_179,"[[16, 22, 17, 21], [18, 1, 19, 2], [20, 4, 21, 3], [22, 16, 23, 15], [24, 11, 1, 12], [2, 10, 3, 9], [4, 24, 5, 23], [6, 14, 7, 13], [8, 18, 9, 17], [10, 19, 11, 20], [12, 6, 13, 5], [14, 8, 15, 7]]"
12a_0891_180,"[[15, 9, 16, 8], [17, 23, 18, 22], [19, 2, 20, 3], [21, 5, 22, 4], [23, 17, 24, 16], [1, 12, 2, 13], [3, 11, 4, 10], [5, 1, 6, 24], [7, 15, 8, 14], [9, 19, 10, 18], [11, 20, 12, 21], [13, 7, 14, 6]]"
12a_0891_181,"[[13, 7, 14, 6], [15, 9, 16, 8], [17, 23, 18, 22], [19, 2, 20, 3], [21, 5, 22, 4], [23, 17, 24, 16], [1, 12, 2, 13], [3, 11, 4, 10], [5, 1, 6, 24], [7, 15, 8, 14], [9, 19, 10, 18], [11, 20, 12, 21]]"
12a_0891_182,"[[11, 20, 12, 21], [13, 7, 14, 6], [15, 9, 16, 8], [17, 23, 18, 22], [19, 2, 20, 3], [21, 5, 22, 4], [23, 17, 24, 16], [1, 12, 2, 13], [3, 11, 4, 10], [5, 1, 6, 24], [7, 15, 8, 14], [9, 19, 10, 18]]"
12a_0891_183,"[[9, 19, 10, 18], [11, 20, 12, 21], [13, 7, 14, 6], [15, 9, 16, 8], [17, 23, 18, 22], [19, 2, 20, 3], [21, 5, 22, 4], [23, 17, 24, 16], [1, 12, 2, 13], [3, 11, 4, 10], [5, 1, 6, 24], [7, 15, 8, 14]]"
12a_0891_184,"[[7, 15, 8, 14], [9, 19, 10, 18], [11, 20, 12, 21], [13, 7, 14, 6], [15, 9, 16, 8], [17, 23, 18, 22], [19, 2, 20, 3], [21, 5, 22, 4], [23, 17, 24, 16], [1, 12, 2, 13], [3, 11, 4, 10], [5, 1, 6, 24]]"
12a_0891_185,"[[5, 1, 6, 24], [7, 15, 8, 14], [9, 19, 10, 18], [11, 20, 12, 21], [13, 7, 14, 6], [15, 9, 16, 8], [17, 23, 18, 22], [19, 2, 20, 3], [21, 5, 22, 4], [23, 17, 24, 16], [1, 12, 2, 13], [3, 11, 4, 10]]"
