name,pd_notation
12a_1134_0,"[[24, 14, 1, 13], [2, 8, 3, 7], [4, 15, 5, 16], [6, 17, 7, 18], [8, 20, 9, 19], [10, 22, 11, 21], [12, 24, 13, 23], [14, 2, 15, 1], [16, 5, 17, 6], [18, 3, 19, 4], [20, 10, 21, 9], [22, 12, 23, 11]]"
12a_1134_1,"[[22, 12, 23, 11], [24, 14, 1, 13], [2, 8, 3, 7], [4, 15, 5, 16], [6, 17, 7, 18], [8, 20, 9, 19], [10, 22, 11, 21], [12, 24, 13, 23], [14, 2, 15, 1], [16, 5, 17, 6], [18, 3, 19, 4], [20, 10, 21, 9]]"
12a_1134_2,"[[20, 10, 21, 9], [22, 12, 23, 11], [24, 14, 1, 13], [2, 8, 3, 7], [4, 15, 5, 16], [6, 17, 7, 18], [8, 20, 9, 19], [10, 22, 11, 21], [12, 24, 13, 23], [14, 2, 15, 1], [16, 5, 17, 6], [18, 3, 19, 4]]"
12a_1134_3,"[[18, 3, 19, 4], [20, 10, 21, 9], [22, 12, 23, 11], [24, 14, 1, 13], [2, 8, 3, 7], [4, 15, 5, 16], [6, 17, 7, 18], [8, 20, 9, 19], [10, 22, 11, 21], [12, 24, 13, 23], [14, 2, 15, 1], [16, 5, 17, 6]]"
12a_1134_4,"[[16, 5, 17, 6], [18, 3, 19, 4], [20, 10, 21, 9], [22, 12, 23, 11], [24, 14, 1, 13], [2, 8, 3, 7], [4, 15, 5, 16], [6, 17, 7, 18], [8, 20, 9, 19], [10, 22, 11, 21], [12, 24, 13, 23], [14, 2, 15, 1]]"
12a_1134_5,"[[14, 2, 15, 1], [16, 5, 17, 6], [18, 3, 19, 4], [20, 10, 21, 9], [22, 12, 23, 11], [24, 14, 1, 13], [2, 8, 3, 7], [4, 15, 5, 16], [6, 17, 7, 18], [8, 20, 9, 19], [10, 22, 11, 21], [12, 24, 13, 23]]"
12a_1134_6,"[[12, 24, 13, 23], [14, 2, 15, 1], [16, 5, 17, 6], [18, 3, 19, 4], [20, 10, 21, 9], [22, 12, 23, 11], [24, 14, 1, 13], [2, 8, 3, 7], [4, 15, 5, 16], [6, 17, 7, 18], [8, 20, 9, 19], [10, 22, 11, 21]]"
12a_1134_7,"[[10, 22, 11, 21], [12, 24, 13, 23], [14, 2, 15, 1], [16, 5, 17, 6], [18, 3, 19, 4], [20, 10, 21, 9], [22, 12, 23, 11], [24, 14, 1, 13], [2, 8, 3, 7], [4, 15, 5, 16], [6, 17, 7, 18], [8, 20, 9, 19]]"
12a_1134_8,"[[8, 20, 9, 19], [10, 22, 11, 21], [12, 24, 13, 23], [14, 2, 15, 1], [16, 5, 17, 6], [18, 3, 19, 4], [20, 10, 21, 9], [22, 12, 23, 11], [24, 14, 1, 13], [2, 8, 3, 7], [4, 15, 5, 16], [6, 17, 7, 18]]"
12a_1134_9,"[[6, 17, 7, 18], [8, 20, 9, 19], [10, 22, 11, 21], [12, 24, 13, 23], [14, 2, 15, 1], [16, 5, 17, 6], [18, 3, 19, 4], [20, 10, 21, 9], [22, 12, 23, 11], [24, 14, 1, 13], [2, 8, 3, 7], [4, 15, 5, 16]]"
12a_1134_10,"[[4, 15, 5, 16], [6, 17, 7, 18], [8, 20, 9, 19], [10, 22, 11, 21], [12, 24, 13, 23], [14, 2, 15, 1], [16, 5, 17, 6], [18, 3, 19, 4], [20, 10, 21, 9], [22, 12, 23, 11], [24, 14, 1, 13], [2, 8, 3, 7]]"
12a_1134_11,"[[2, 8, 3, 7], [4, 15, 5, 16], [6, 17, 7, 18], [8, 20, 9, 19], [10, 22, 11, 21], [12, 24, 13, 23], [14, 2, 15, 1], [16, 5, 17, 6], [18, 3, 19, 4], [20, 10, 21, 9], [22, 12, 23, 11], [24, 14, 1, 13]]"
12a_1134_12,"[[1, 15, 2, 14], [3, 9, 4, 8], [5, 16, 6, 17], [7, 18, 8, 19], [9, 21, 10, 20], [11, 23, 12, 22], [13, 1, 14, 24], [15, 3, 16, 2], [17, 6, 18, 7], [19, 4, 20, 5], [21, 11, 22, 10], [23, 13, 24, 12]]"
12a_1134_13,"[[23, 13, 24, 12], [1, 15, 2, 14], [3, 9, 4, 8], [5, 16, 6, 17], [7, 18, 8, 19], [9, 21, 10, 20], [11, 23, 12, 22], [13, 1, 14, 24], [15, 3, 16, 2], [17, 6, 18, 7], [19, 4, 20, 5], [21, 11, 22, 10]]"
12a_1134_14,"[[21, 11, 22, 10], [23, 13, 24, 12], [1, 15, 2, 14], [3, 9, 4, 8], [5, 16, 6, 17], [7, 18, 8, 19], [9, 21, 10, 20], [11, 23, 12, 22], [13, 1, 14, 24], [15, 3, 16, 2], [17, 6, 18, 7], [19, 4, 20, 5]]"
12a_1134_15,"[[19, 4, 20, 5], [21, 11, 22, 10], [23, 13, 24, 12], [1, 15, 2, 14], [3, 9, 4, 8], [5, 16, 6, 17], [7, 18, 8, 19], [9, 21, 10, 20], [11, 23, 12, 22], [13, 1, 14, 24], [15, 3, 16, 2], [17, 6, 18, 7]]"
12a_1134_16,"[[17, 6, 18, 7], [19, 4, 20, 5], [21, 11, 22, 10], [23, 13, 24, 12], [1, 15, 2, 14], [3, 9, 4, 8], [5, 16, 6, 17], [7, 18, 8, 19], [9, 21, 10, 20], [11, 23, 12, 22], [13, 1, 14, 24], [15, 3, 16, 2]]"
12a_1134_17,"[[15, 3, 16, 2], [17, 6, 18, 7], [19, 4, 20, 5], [21, 11, 22, 10], [23, 13, 24, 12], [1, 15, 2, 14], [3, 9, 4, 8], [5, 16, 6, 17], [7, 18, 8, 19], [9, 21, 10, 20], [11, 23, 12, 22], [13, 1, 14, 24]]"
12a_1134_18,"[[13, 1, 14, 24], [15, 3, 16, 2], [17, 6, 18, 7], [19, 4, 20, 5], [21, 11, 22, 10], [23, 13, 24, 12], [1, 15, 2, 14], [3, 9, 4, 8], [5, 16, 6, 17], [7, 18, 8, 19], [9, 21, 10, 20], [11, 23, 12, 22]]"
12a_1134_19,"[[11, 23, 12, 22], [13, 1, 14, 24], [15, 3, 16, 2], [17, 6, 18, 7], [19, 4, 20, 5], [21, 11, 22, 10], [23, 13, 24, 12], [1, 15, 2, 14], [3, 9, 4, 8], [5, 16, 6, 17], [7, 18, 8, 19], [9, 21, 10, 20]]"
12a_1134_20,"[[9, 21, 10, 20], [11, 23, 12, 22], [13, 1, 14, 24], [15, 3, 16, 2], [17, 6, 18, 7], [19, 4, 20, 5], [21, 11, 22, 10], [23, 13, 24, 12], [1, 15, 2, 14], [3, 9, 4, 8], [5, 16, 6, 17], [7, 18, 8, 19]]"
12a_1134_21,"[[7, 18, 8, 19], [9, 21, 10, 20], [11, 23, 12, 22], [13, 1, 14, 24], [15, 3, 16, 2], [17, 6, 18, 7], [19, 4, 20, 5], [21, 11, 22, 10], [23, 13, 24, 12], [1, 15, 2, 14], [3, 9, 4, 8], [5, 16, 6, 17]]"
12a_1134_22,"[[5, 16, 6, 17], [7, 18, 8, 19], [9, 21, 10, 20], [11, 23, 12, 22], [13, 1, 14, 24], [15, 3, 16, 2], [17, 6, 18, 7], [19, 4, 20, 5], [21, 11, 22, 10], [23, 13, 24, 12], [1, 15, 2, 14], [3, 9, 4, 8]]"
12a_1134_23,"[[3, 9, 4, 8], [5, 16, 6, 17], [7, 18, 8, 19], [9, 21, 10, 20], [11, 23, 12, 22], [13, 1, 14, 24], [15, 3, 16, 2], [17, 6, 18, 7], [19, 4, 20, 5], [21, 11, 22, 10], [23, 13, 24, 12], [1, 15, 2, 14]]"
12a_1134_24,"[[2, 16, 3, 15], [4, 10, 5, 9], [6, 17, 7, 18], [8, 19, 9, 20], [10, 22, 11, 21], [12, 24, 13, 23], [14, 2, 15, 1], [16, 4, 17, 3], [18, 7, 19, 8], [20, 5, 21, 6], [22, 12, 23, 11], [24, 14, 1, 13]]"
12a_1134_25,"[[24, 14, 1, 13], [2, 16, 3, 15], [4, 10, 5, 9], [6, 17, 7, 18], [8, 19, 9, 20], [10, 22, 11, 21], [12, 24, 13, 23], [14, 2, 15, 1], [16, 4, 17, 3], [18, 7, 19, 8], [20, 5, 21, 6], [22, 12, 23, 11]]"
12a_1134_26,"[[22, 12, 23, 11], [24, 14, 1, 13], [2, 16, 3, 15], [4, 10, 5, 9], [6, 17, 7, 18], [8, 19, 9, 20], [10, 22, 11, 21], [12, 24, 13, 23], [14, 2, 15, 1], [16, 4, 17, 3], [18, 7, 19, 8], [20, 5, 21, 6]]"
12a_1134_27,"[[20, 5, 21, 6], [22, 12, 23, 11], [24, 14, 1, 13], [2, 16, 3, 15], [4, 10, 5, 9], [6, 17, 7, 18], [8, 19, 9, 20], [10, 22, 11, 21], [12, 24, 13, 23], [14, 2, 15, 1], [16, 4, 17, 3], [18, 7, 19, 8]]"
12a_1134_28,"[[18, 7, 19, 8], [20, 5, 21, 6], [22, 12, 23, 11], [24, 14, 1, 13], [2, 16, 3, 15], [4, 10, 5, 9], [6, 17, 7, 18], [8, 19, 9, 20], [10, 22, 11, 21], [12, 24, 13, 23], [14, 2, 15, 1], [16, 4, 17, 3]]"
12a_1134_29,"[[16, 4, 17, 3], [18, 7, 19, 8], [20, 5, 21, 6], [22, 12, 23, 11], [24, 14, 1, 13], [2, 16, 3, 15], [4, 10, 5, 9], [6, 17, 7, 18], [8, 19, 9, 20], [10, 22, 11, 21], [12, 24, 13, 23], [14, 2, 15, 1]]"
12a_1134_30,"[[14, 2, 15, 1], [16, 4, 17, 3], [18, 7, 19, 8], [20, 5, 21, 6], [22, 12, 23, 11], [24, 14, 1, 13], [2, 16, 3, 15], [4, 10, 5, 9], [6, 17, 7, 18], [8, 19, 9, 20], [10, 22, 11, 21], [12, 24, 13, 23]]"
12a_1134_31,"[[12, 24, 13, 23], [14, 2, 15, 1], [16, 4, 17, 3], [18, 7, 19, 8], [20, 5, 21, 6], [22, 12, 23, 11], [24, 14, 1, 13], [2, 16, 3, 15], [4, 10, 5, 9], [6, 17, 7, 18], [8, 19, 9, 20], [10, 22, 11, 21]]"
12a_1134_32,"[[10, 22, 11, 21], [12, 24, 13, 23], [14, 2, 15, 1], [16, 4, 17, 3], [18, 7, 19, 8], [20, 5, 21, 6], [22, 12, 23, 11], [24, 14, 1, 13], [2, 16, 3, 15], [4, 10, 5, 9], [6, 17, 7, 18], [8, 19, 9, 20]]"
12a_1134_33,"[[8, 19, 9, 20], [10, 22, 11, 21], [12, 24, 13, 23], [14, 2, 15, 1], [16, 4, 17, 3], [18, 7, 19, 8], [20, 5, 21, 6], [22, 12, 23, 11], [24, 14, 1, 13], [2, 16, 3, 15], [4, 10, 5, 9], [6, 17, 7, 18]]"
12a_1134_34,"[[6, 17, 7, 18], [8, 19, 9, 20], [10, 22, 11, 21], [12, 24, 13, 23], [14, 2, 15, 1], [16, 4, 17, 3], [18, 7, 19, 8], [20, 5, 21, 6], [22, 12, 23, 11], [24, 14, 1, 13], [2, 16, 3, 15], [4, 10, 5, 9]]"
12a_1134_35,"[[4, 10, 5, 9], [6, 17, 7, 18], [8, 19, 9, 20], [10, 22, 11, 21], [12, 24, 13, 23], [14, 2, 15, 1], [16, 4, 17, 3], [18, 7, 19, 8], [20, 5, 21, 6], [22, 12, 23, 11], [24, 14, 1, 13], [2, 16, 3, 15]]"
12a_1134_36,"[[3, 17, 4, 16], [5, 11, 6, 10], [7, 18, 8, 19], [9, 20, 10, 21], [11, 23, 12, 22], [13, 1, 14, 24], [15, 3, 16, 2], [17, 5, 18, 4], [19, 8, 20, 9], [21, 6, 22, 7], [23, 13, 24, 12], [1, 15, 2, 14]]"
12a_1134_37,"[[1, 15, 2, 14], [3, 17, 4, 16], [5, 11, 6, 10], [7, 18, 8, 19], [9, 20, 10, 21], [11, 23, 12, 22], [13, 1, 14, 24], [15, 3, 16, 2], [17, 5, 18, 4], [19, 8, 20, 9], [21, 6, 22, 7], [23, 13, 24, 12]]"
12a_1134_38,"[[23, 13, 24, 12], [1, 15, 2, 14], [3, 17, 4, 16], [5, 11, 6, 10], [7, 18, 8, 19], [9, 20, 10, 21], [11, 23, 12, 22], [13, 1, 14, 24], [15, 3, 16, 2], [17, 5, 18, 4], [19, 8, 20, 9], [21, 6, 22, 7]]"
12a_1134_39,"[[21, 6, 22, 7], [23, 13, 24, 12], [1, 15, 2, 14], [3, 17, 4, 16], [5, 11, 6, 10], [7, 18, 8, 19], [9, 20, 10, 21], [11, 23, 12, 22], [13, 1, 14, 24], [15, 3, 16, 2], [17, 5, 18, 4], [19, 8, 20, 9]]"
12a_1134_40,"[[19, 8, 20, 9], [21, 6, 22, 7], [23, 13, 24, 12], [1, 15, 2, 14], [3, 17, 4, 16], [5, 11, 6, 10], [7, 18, 8, 19], [9, 20, 10, 21], [11, 23, 12, 22], [13, 1, 14, 24], [15, 3, 16, 2], [17, 5, 18, 4]]"
12a_1134_41,"[[17, 5, 18, 4], [19, 8, 20, 9], [21, 6, 22, 7], [23, 13, 24, 12], [1, 15, 2, 14], [3, 17, 4, 16], [5, 11, 6, 10], [7, 18, 8, 19], [9, 20, 10, 21], [11, 23, 12, 22], [13, 1, 14, 24], [15, 3, 16, 2]]"
12a_1134_42,"[[15, 3, 16, 2], [17, 5, 18, 4], [19, 8, 20, 9], [21, 6, 22, 7], [23, 13, 24, 12], [1, 15, 2, 14], [3, 17, 4, 16], [5, 11, 6, 10], [7, 18, 8, 19], [9, 20, 10, 21], [11, 23, 12, 22], [13, 1, 14, 24]]"
12a_1134_43,"[[13, 1, 14, 24], [15, 3, 16, 2], [17, 5, 18, 4], [19, 8, 20, 9], [21, 6, 22, 7], [23, 13, 24, 12], [1, 15, 2, 14], [3, 17, 4, 16], [5, 11, 6, 10], [7, 18, 8, 19], [9, 20, 10, 21], [11, 23, 12, 22]]"
12a_1134_44,"[[11, 23, 12, 22], [13, 1, 14, 24], [15, 3, 16, 2], [17, 5, 18, 4], [19, 8, 20, 9], [21, 6, 22, 7], [23, 13, 24, 12], [1, 15, 2, 14], [3, 17, 4, 16], [5, 11, 6, 10], [7, 18, 8, 19], [9, 20, 10, 21]]"
12a_1134_45,"[[9, 20, 10, 21], [11, 23, 12, 22], [13, 1, 14, 24], [15, 3, 16, 2], [17, 5, 18, 4], [19, 8, 20, 9], [21, 6, 22, 7], [23, 13, 24, 12], [1, 15, 2, 14], [3, 17, 4, 16], [5, 11, 6, 10], [7, 18, 8, 19]]"
12a_1134_46,"[[7, 18, 8, 19], [9, 20, 10, 21], [11, 23, 12, 22], [13, 1, 14, 24], [15, 3, 16, 2], [17, 5, 18, 4], [19, 8, 20, 9], [21, 6, 22, 7], [23, 13, 24, 12], [1, 15, 2, 14], [3, 17, 4, 16], [5, 11, 6, 10]]"
12a_1134_47,"[[5, 11, 6, 10], [7, 18, 8, 19], [9, 20, 10, 21], [11, 23, 12, 22], [13, 1, 14, 24], [15, 3, 16, 2], [17, 5, 18, 4], [19, 8, 20, 9], [21, 6, 22, 7], [23, 13, 24, 12], [1, 15, 2, 14], [3, 17, 4, 16]]"
12a_1134_48,"[[4, 18, 5, 17], [6, 12, 7, 11], [8, 19, 9, 20], [10, 21, 11, 22], [12, 24, 13, 23], [14, 2, 15, 1], [16, 4, 17, 3], [18, 6, 19, 5], [20, 9, 21, 10], [22, 7, 23, 8], [24, 14, 1, 13], [2, 16, 3, 15]]"
12a_1134_49,"[[2, 16, 3, 15], [4, 18, 5, 17], [6, 12, 7, 11], [8, 19, 9, 20], [10, 21, 11, 22], [12, 24, 13, 23], [14, 2, 15, 1], [16, 4, 17, 3], [18, 6, 19, 5], [20, 9, 21, 10], [22, 7, 23, 8], [24, 14, 1, 13]]"
12a_1134_50,"[[24, 14, 1, 13], [2, 16, 3, 15], [4, 18, 5, 17], [6, 12, 7, 11], [8, 19, 9, 20], [10, 21, 11, 22], [12, 24, 13, 23], [14, 2, 15, 1], [16, 4, 17, 3], [18, 6, 19, 5], [20, 9, 21, 10], [22, 7, 23, 8]]"
12a_1134_51,"[[22, 7, 23, 8], [24, 14, 1, 13], [2, 16, 3, 15], [4, 18, 5, 17], [6, 12, 7, 11], [8, 19, 9, 20], [10, 21, 11, 22], [12, 24, 13, 23], [14, 2, 15, 1], [16, 4, 17, 3], [18, 6, 19, 5], [20, 9, 21, 10]]"
12a_1134_52,"[[20, 9, 21, 10], [22, 7, 23, 8], [24, 14, 1, 13], [2, 16, 3, 15], [4, 18, 5, 17], [6, 12, 7, 11], [8, 19, 9, 20], [10, 21, 11, 22], [12, 24, 13, 23], [14, 2, 15, 1], [16, 4, 17, 3], [18, 6, 19, 5]]"
12a_1134_53,"[[18, 6, 19, 5], [20, 9, 21, 10], [22, 7, 23, 8], [24, 14, 1, 13], [2, 16, 3, 15], [4, 18, 5, 17], [6, 12, 7, 11], [8, 19, 9, 20], [10, 21, 11, 22], [12, 24, 13, 23], [14, 2, 15, 1], [16, 4, 17, 3]]"
12a_1134_54,"[[16, 4, 17, 3], [18, 6, 19, 5], [20, 9, 21, 10], [22, 7, 23, 8], [24, 14, 1, 13], [2, 16, 3, 15], [4, 18, 5, 17], [6, 12, 7, 11], [8, 19, 9, 20], [10, 21, 11, 22], [12, 24, 13, 23], [14, 2, 15, 1]]"
12a_1134_55,"[[14, 2, 15, 1], [16, 4, 17, 3], [18, 6, 19, 5], [20, 9, 21, 10], [22, 7, 23, 8], [24, 14, 1, 13], [2, 16, 3, 15], [4, 18, 5, 17], [6, 12, 7, 11], [8, 19, 9, 20], [10, 21, 11, 22], [12, 24, 13, 23]]"
12a_1134_56,"[[12, 24, 13, 23], [14, 2, 15, 1], [16, 4, 17, 3], [18, 6, 19, 5], [20, 9, 21, 10], [22, 7, 23, 8], [24, 14, 1, 13], [2, 16, 3, 15], [4, 18, 5, 17], [6, 12, 7, 11], [8, 19, 9, 20], [10, 21, 11, 22]]"
12a_1134_57,"[[10, 21, 11, 22], [12, 24, 13, 23], [14, 2, 15, 1], [16, 4, 17, 3], [18, 6, 19, 5], [20, 9, 21, 10], [22, 7, 23, 8], [24, 14, 1, 13], [2, 16, 3, 15], [4, 18, 5, 17], [6, 12, 7, 11], [8, 19, 9, 20]]"
12a_1134_58,"[[8, 19, 9, 20], [10, 21, 11, 22], [12, 24, 13, 23], [14, 2, 15, 1], [16, 4, 17, 3], [18, 6, 19, 5], [20, 9, 21, 10], [22, 7, 23, 8], [24, 14, 1, 13], [2, 16, 3, 15], [4, 18, 5, 17], [6, 12, 7, 11]]"
12a_1134_59,"[[6, 12, 7, 11], [8, 19, 9, 20], [10, 21, 11, 22], [12, 24, 13, 23], [14, 2, 15, 1], [16, 4, 17, 3], [18, 6, 19, 5], [20, 9, 21, 10], [22, 7, 23, 8], [24, 14, 1, 13], [2, 16, 3, 15], [4, 18, 5, 17]]"
12a_1134_60,"[[5, 19, 6, 18], [7, 13, 8, 12], [9, 20, 10, 21], [11, 22, 12, 23], [13, 1, 14, 24], [15, 3, 16, 2], [17, 5, 18, 4], [19, 7, 20, 6], [21, 10, 22, 11], [23, 8, 24, 9], [1, 15, 2, 14], [3, 17, 4, 16]]"
12a_1134_61,"[[3, 17, 4, 16], [5, 19, 6, 18], [7, 13, 8, 12], [9, 20, 10, 21], [11, 22, 12, 23], [13, 1, 14, 24], [15, 3, 16, 2], [17, 5, 18, 4], [19, 7, 20, 6], [21, 10, 22, 11], [23, 8, 24, 9], [1, 15, 2, 14]]"
12a_1134_62,"[[1, 15, 2, 14], [3, 17, 4, 16], [5, 19, 6, 18], [7, 13, 8, 12], [9, 20, 10, 21], [11, 22, 12, 23], [13, 1, 14, 24], [15, 3, 16, 2], [17, 5, 18, 4], [19, 7, 20, 6], [21, 10, 22, 11], [23, 8, 24, 9]]"
12a_1134_63,"[[23, 8, 24, 9], [1, 15, 2, 14], [3, 17, 4, 16], [5, 19, 6, 18], [7, 13, 8, 12], [9, 20, 10, 21], [11, 22, 12, 23], [13, 1, 14, 24], [15, 3, 16, 2], [17, 5, 18, 4], [19, 7, 20, 6], [21, 10, 22, 11]]"
12a_1134_64,"[[21, 10, 22, 11], [23, 8, 24, 9], [1, 15, 2, 14], [3, 17, 4, 16], [5, 19, 6, 18], [7, 13, 8, 12], [9, 20, 10, 21], [11, 22, 12, 23], [13, 1, 14, 24], [15, 3, 16, 2], [17, 5, 18, 4], [19, 7, 20, 6]]"
12a_1134_65,"[[19, 7, 20, 6], [21, 10, 22, 11], [23, 8, 24, 9], [1, 15, 2, 14], [3, 17, 4, 16], [5, 19, 6, 18], [7, 13, 8, 12], [9, 20, 10, 21], [11, 22, 12, 23], [13, 1, 14, 24], [15, 3, 16, 2], [17, 5, 18, 4]]"
12a_1134_66,"[[17, 5, 18, 4], [19, 7, 20, 6], [21, 10, 22, 11], [23, 8, 24, 9], [1, 15, 2, 14], [3, 17, 4, 16], [5, 19, 6, 18], [7, 13, 8, 12], [9, 20, 10, 21], [11, 22, 12, 23], [13, 1, 14, 24], [15, 3, 16, 2]]"
12a_1134_67,"[[15, 3, 16, 2], [17, 5, 18, 4], [19, 7, 20, 6], [21, 10, 22, 11], [23, 8, 24, 9], [1, 15, 2, 14], [3, 17, 4, 16], [5, 19, 6, 18], [7, 13, 8, 12], [9, 20, 10, 21], [11, 22, 12, 23], [13, 1, 14, 24]]"
12a_1134_68,"[[13, 1, 14, 24], [15, 3, 16, 2], [17, 5, 18, 4], [19, 7, 20, 6], [21, 10, 22, 11], [23, 8, 24, 9], [1, 15, 2, 14], [3, 17, 4, 16], [5, 19, 6, 18], [7, 13, 8, 12], [9, 20, 10, 21], [11, 22, 12, 23]]"
12a_1134_69,"[[11, 22, 12, 23], [13, 1, 14, 24], [15, 3, 16, 2], [17, 5, 18, 4], [19, 7, 20, 6], [21, 10, 22, 11], [23, 8, 24, 9], [1, 15, 2, 14], [3, 17, 4, 16], [5, 19, 6, 18], [7, 13, 8, 12], [9, 20, 10, 21]]"
12a_1134_70,"[[9, 20, 10, 21], [11, 22, 12, 23], [13, 1, 14, 24], [15, 3, 16, 2], [17, 5, 18, 4], [19, 7, 20, 6], [21, 10, 22, 11], [23, 8, 24, 9], [1, 15, 2, 14], [3, 17, 4, 16], [5, 19, 6, 18], [7, 13, 8, 12]]"
12a_1134_71,"[[7, 13, 8, 12], [9, 20, 10, 21], [11, 22, 12, 23], [13, 1, 14, 24], [15, 3, 16, 2], [17, 5, 18, 4], [19, 7, 20, 6], [21, 10, 22, 11], [23, 8, 24, 9], [1, 15, 2, 14], [3, 17, 4, 16], [5, 19, 6, 18]]"
12a_1134_72,"[[6, 20, 7, 19], [8, 14, 9, 13], [10, 21, 11, 22], [12, 23, 13, 24], [14, 2, 15, 1], [16, 4, 17, 3], [18, 6, 19, 5], [20, 8, 21, 7], [22, 11, 23, 12], [24, 9, 1, 10], [2, 16, 3, 15], [4, 18, 5, 17]]"
12a_1134_73,"[[4, 18, 5, 17], [6, 20, 7, 19], [8, 14, 9, 13], [10, 21, 11, 22], [12, 23, 13, 24], [14, 2, 15, 1], [16, 4, 17, 3], [18, 6, 19, 5], [20, 8, 21, 7], [22, 11, 23, 12], [24, 9, 1, 10], [2, 16, 3, 15]]"
12a_1134_74,"[[2, 16, 3, 15], [4, 18, 5, 17], [6, 20, 7, 19], [8, 14, 9, 13], [10, 21, 11, 22], [12, 23, 13, 24], [14, 2, 15, 1], [16, 4, 17, 3], [18, 6, 19, 5], [20, 8, 21, 7], [22, 11, 23, 12], [24, 9, 1, 10]]"
12a_1134_75,"[[24, 9, 1, 10], [2, 16, 3, 15], [4, 18, 5, 17], [6, 20, 7, 19], [8, 14, 9, 13], [10, 21, 11, 22], [12, 23, 13, 24], [14, 2, 15, 1], [16, 4, 17, 3], [18, 6, 19, 5], [20, 8, 21, 7], [22, 11, 23, 12]]"
12a_1134_76,"[[22, 11, 23, 12], [24, 9, 1, 10], [2, 16, 3, 15], [4, 18, 5, 17], [6, 20, 7, 19], [8, 14, 9, 13], [10, 21, 11, 22], [12, 23, 13, 24], [14, 2, 15, 1], [16, 4, 17, 3], [18, 6, 19, 5], [20, 8, 21, 7]]"
12a_1134_77,"[[20, 8, 21, 7], [22, 11, 23, 12], [24, 9, 1, 10], [2, 16, 3, 15], [4, 18, 5, 17], [6, 20, 7, 19], [8, 14, 9, 13], [10, 21, 11, 22], [12, 23, 13, 24], [14, 2, 15, 1], [16, 4, 17, 3], [18, 6, 19, 5]]"
12a_1134_78,"[[18, 6, 19, 5], [20, 8, 21, 7], [22, 11, 23, 12], [24, 9, 1, 10], [2, 16, 3, 15], [4, 18, 5, 17], [6, 20, 7, 19], [8, 14, 9, 13], [10, 21, 11, 22], [12, 23, 13, 24], [14, 2, 15, 1], [16, 4, 17, 3]]"
12a_1134_79,"[[16, 4, 17, 3], [18, 6, 19, 5], [20, 8, 21, 7], [22, 11, 23, 12], [24, 9, 1, 10], [2, 16, 3, 15], [4, 18, 5, 17], [6, 20, 7, 19], [8, 14, 9, 13], [10, 21, 11, 22], [12, 23, 13, 24], [14, 2, 15, 1]]"
12a_1134_80,"[[14, 2, 15, 1], [16, 4, 17, 3], [18, 6, 19, 5], [20, 8, 21, 7], [22, 11, 23, 12], [24, 9, 1, 10], [2, 16, 3, 15], [4, 18, 5, 17], [6, 20, 7, 19], [8, 14, 9, 13], [10, 21, 11, 22], [12, 23, 13, 24]]"
12a_1134_81,"[[12, 23, 13, 24], [14, 2, 15, 1], [16, 4, 17, 3], [18, 6, 19, 5], [20, 8, 21, 7], [22, 11, 23, 12], [24, 9, 1, 10], [2, 16, 3, 15], [4, 18, 5, 17], [6, 20, 7, 19], [8, 14, 9, 13], [10, 21, 11, 22]]"
12a_1134_82,"[[10, 21, 11, 22], [12, 23, 13, 24], [14, 2, 15, 1], [16, 4, 17, 3], [18, 6, 19, 5], [20, 8, 21, 7], [22, 11, 23, 12], [24, 9, 1, 10], [2, 16, 3, 15], [4, 18, 5, 17], [6, 20, 7, 19], [8, 14, 9, 13]]"
12a_1134_83,"[[8, 14, 9, 13], [10, 21, 11, 22], [12, 23, 13, 24], [14, 2, 15, 1], [16, 4, 17, 3], [18, 6, 19, 5], [20, 8, 21, 7], [22, 11, 23, 12], [24, 9, 1, 10], [2, 16, 3, 15], [4, 18, 5, 17], [6, 20, 7, 19]]"
12a_1134_84,"[[7, 21, 8, 20], [9, 15, 10, 14], [11, 22, 12, 23], [13, 24, 14, 1], [15, 3, 16, 2], [17, 5, 18, 4], [19, 7, 20, 6], [21, 9, 22, 8], [23, 12, 24, 13], [1, 10, 2, 11], [3, 17, 4, 16], [5, 19, 6, 18]]"
12a_1134_85,"[[5, 19, 6, 18], [7, 21, 8, 20], [9, 15, 10, 14], [11, 22, 12, 23], [13, 24, 14, 1], [15, 3, 16, 2], [17, 5, 18, 4], [19, 7, 20, 6], [21, 9, 22, 8], [23, 12, 24, 13], [1, 10, 2, 11], [3, 17, 4, 16]]"
12a_1134_86,"[[3, 17, 4, 16], [5, 19, 6, 18], [7, 21, 8, 20], [9, 15, 10, 14], [11, 22, 12, 23], [13, 24, 14, 1], [15, 3, 16, 2], [17, 5, 18, 4], [19, 7, 20, 6], [21, 9, 22, 8], [23, 12, 24, 13], [1, 10, 2, 11]]"
12a_1134_87,"[[1, 10, 2, 11], [3, 17, 4, 16], [5, 19, 6, 18], [7, 21, 8, 20], [9, 15, 10, 14], [11, 22, 12, 23], [13, 24, 14, 1], [15, 3, 16, 2], [17, 5, 18, 4], [19, 7, 20, 6], [21, 9, 22, 8], [23, 12, 24, 13]]"
12a_1134_88,"[[23, 12, 24, 13], [1, 10, 2, 11], [3, 17, 4, 16], [5, 19, 6, 18], [7, 21, 8, 20], [9, 15, 10, 14], [11, 22, 12, 23], [13, 24, 14, 1], [15, 3, 16, 2], [17, 5, 18, 4], [19, 7, 20, 6], [21, 9, 22, 8]]"
12a_1134_89,"[[21, 9, 22, 8], [23, 12, 24, 13], [1, 10, 2, 11], [3, 17, 4, 16], [5, 19, 6, 18], [7, 21, 8, 20], [9, 15, 10, 14], [11, 22, 12, 23], [13, 24, 14, 1], [15, 3, 16, 2], [17, 5, 18, 4], [19, 7, 20, 6]]"
12a_1134_90,"[[19, 7, 20, 6], [21, 9, 22, 8], [23, 12, 24, 13], [1, 10, 2, 11], [3, 17, 4, 16], [5, 19, 6, 18], [7, 21, 8, 20], [9, 15, 10, 14], [11, 22, 12, 23], [13, 24, 14, 1], [15, 3, 16, 2], [17, 5, 18, 4]]"
12a_1134_91,"[[17, 5, 18, 4], [19, 7, 20, 6], [21, 9, 22, 8], [23, 12, 24, 13], [1, 10, 2, 11], [3, 17, 4, 16], [5, 19, 6, 18], [7, 21, 8, 20], [9, 15, 10, 14], [11, 22, 12, 23], [13, 24, 14, 1], [15, 3, 16, 2]]"
12a_1134_92,"[[15, 3, 16, 2], [17, 5, 18, 4], [19, 7, 20, 6], [21, 9, 22, 8], [23, 12, 24, 13], [1, 10, 2, 11], [3, 17, 4, 16], [5, 19, 6, 18], [7, 21, 8, 20], [9, 15, 10, 14], [11, 22, 12, 23], [13, 24, 14, 1]]"
12a_1134_93,"[[13, 24, 14, 1], [15, 3, 16, 2], [17, 5, 18, 4], [19, 7, 20, 6], [21, 9, 22, 8], [23, 12, 24, 13], [1, 10, 2, 11], [3, 17, 4, 16], [5, 19, 6, 18], [7, 21, 8, 20], [9, 15, 10, 14], [11, 22, 12, 23]]"
12a_1134_94,"[[11, 22, 12, 23], [13, 24, 14, 1], [15, 3, 16, 2], [17, 5, 18, 4], [19, 7, 20, 6], [21, 9, 22, 8], [23, 12, 24, 13], [1, 10, 2, 11], [3, 17, 4, 16], [5, 19, 6, 18], [7, 21, 8, 20], [9, 15, 10, 14]]"
12a_1134_95,"[[9, 15, 10, 14], [11, 22, 12, 23], [13, 24, 14, 1], [15, 3, 16, 2], [17, 5, 18, 4], [19, 7, 20, 6], [21, 9, 22, 8], [23, 12, 24, 13], [1, 10, 2, 11], [3, 17, 4, 16], [5, 19, 6, 18], [7, 21, 8, 20]]"
12a_1134_96,"[[8, 22, 9, 21], [10, 16, 11, 15], [12, 23, 13, 24], [14, 1, 15, 2], [16, 4, 17, 3], [18, 6, 19, 5], [20, 8, 21, 7], [22, 10, 23, 9], [24, 13, 1, 14], [2, 11, 3, 12], [4, 18, 5, 17], [6, 20, 7, 19]]"
12a_1134_97,"[[6, 20, 7, 19], [8, 22, 9, 21], [10, 16, 11, 15], [12, 23, 13, 24], [14, 1, 15, 2], [16, 4, 17, 3], [18, 6, 19, 5], [20, 8, 21, 7], [22, 10, 23, 9], [24, 13, 1, 14], [2, 11, 3, 12], [4, 18, 5, 17]]"
12a_1134_98,"[[4, 18, 5, 17], [6, 20, 7, 19], [8, 22, 9, 21], [10, 16, 11, 15], [12, 23, 13, 24], [14, 1, 15, 2], [16, 4, 17, 3], [18, 6, 19, 5], [20, 8, 21, 7], [22, 10, 23, 9], [24, 13, 1, 14], [2, 11, 3, 12]]"
12a_1134_99,"[[2, 11, 3, 12], [4, 18, 5, 17], [6, 20, 7, 19], [8, 22, 9, 21], [10, 16, 11, 15], [12, 23, 13, 24], [14, 1, 15, 2], [16, 4, 17, 3], [18, 6, 19, 5], [20, 8, 21, 7], [22, 10, 23, 9], [24, 13, 1, 14]]"
12a_1134_100,"[[24, 13, 1, 14], [2, 11, 3, 12], [4, 18, 5, 17], [6, 20, 7, 19], [8, 22, 9, 21], [10, 16, 11, 15], [12, 23, 13, 24], [14, 1, 15, 2], [16, 4, 17, 3], [18, 6, 19, 5], [20, 8, 21, 7], [22, 10, 23, 9]]"
12a_1134_101,"[[22, 10, 23, 9], [24, 13, 1, 14], [2, 11, 3, 12], [4, 18, 5, 17], [6, 20, 7, 19], [8, 22, 9, 21], [10, 16, 11, 15], [12, 23, 13, 24], [14, 1, 15, 2], [16, 4, 17, 3], [18, 6, 19, 5], [20, 8, 21, 7]]"
12a_1134_102,"[[20, 8, 21, 7], [22, 10, 23, 9], [24, 13, 1, 14], [2, 11, 3, 12], [4, 18, 5, 17], [6, 20, 7, 19], [8, 22, 9, 21], [10, 16, 11, 15], [12, 23, 13, 24], [14, 1, 15, 2], [16, 4, 17, 3], [18, 6, 19, 5]]"
12a_1134_103,"[[18, 6, 19, 5], [20, 8, 21, 7], [22, 10, 23, 9], [24, 13, 1, 14], [2, 11, 3, 12], [4, 18, 5, 17], [6, 20, 7, 19], [8, 22, 9, 21], [10, 16, 11, 15], [12, 23, 13, 24], [14, 1, 15, 2], [16, 4, 17, 3]]"
12a_1134_104,"[[16, 4, 17, 3], [18, 6, 19, 5], [20, 8, 21, 7], [22, 10, 23, 9], [24, 13, 1, 14], [2, 11, 3, 12], [4, 18, 5, 17], [6, 20, 7, 19], [8, 22, 9, 21], [10, 16, 11, 15], [12, 23, 13, 24], [14, 1, 15, 2]]"
12a_1134_105,"[[14, 1, 15, 2], [16, 4, 17, 3], [18, 6, 19, 5], [20, 8, 21, 7], [22, 10, 23, 9], [24, 13, 1, 14], [2, 11, 3, 12], [4, 18, 5, 17], [6, 20, 7, 19], [8, 22, 9, 21], [10, 16, 11, 15], [12, 23, 13, 24]]"
12a_1134_106,"[[12, 23, 13, 24], [14, 1, 15, 2], [16, 4, 17, 3], [18, 6, 19, 5], [20, 8, 21, 7], [22, 10, 23, 9], [24, 13, 1, 14], [2, 11, 3, 12], [4, 18, 5, 17], [6, 20, 7, 19], [8, 22, 9, 21], [10, 16, 11, 15]]"
12a_1134_107,"[[10, 16, 11, 15], [12, 23, 13, 24], [14, 1, 15, 2], [16, 4, 17, 3], [18, 6, 19, 5], [20, 8, 21, 7], [22, 10, 23, 9], [24, 13, 1, 14], [2, 11, 3, 12], [4, 18, 5, 17], [6, 20, 7, 19], [8, 22, 9, 21]]"
12a_1134_108,"[[9, 23, 10, 22], [11, 17, 12, 16], [13, 24, 14, 1], [15, 2, 16, 3], [17, 5, 18, 4], [19, 7, 20, 6], [21, 9, 22, 8], [23, 11, 24, 10], [1, 14, 2, 15], [3, 12, 4, 13], [5, 19, 6, 18], [7, 21, 8, 20]]"
12a_1134_109,"[[7, 21, 8, 20], [9, 23, 10, 22], [11, 17, 12, 16], [13, 24, 14, 1], [15, 2, 16, 3], [17, 5, 18, 4], [19, 7, 20, 6], [21, 9, 22, 8], [23, 11, 24, 10], [1, 14, 2, 15], [3, 12, 4, 13], [5, 19, 6, 18]]"
12a_1134_110,"[[5, 19, 6, 18], [7, 21, 8, 20], [9, 23, 10, 22], [11, 17, 12, 16], [13, 24, 14, 1], [15, 2, 16, 3], [17, 5, 18, 4], [19, 7, 20, 6], [21, 9, 22, 8], [23, 11, 24, 10], [1, 14, 2, 15], [3, 12, 4, 13]]"
12a_1134_111,"[[3, 12, 4, 13], [5, 19, 6, 18], [7, 21, 8, 20], [9, 23, 10, 22], [11, 17, 12, 16], [13, 24, 14, 1], [15, 2, 16, 3], [17, 5, 18, 4], [19, 7, 20, 6], [21, 9, 22, 8], [23, 11, 24, 10], [1, 14, 2, 15]]"
12a_1134_112,"[[1, 14, 2, 15], [3, 12, 4, 13], [5, 19, 6, 18], [7, 21, 8, 20], [9, 23, 10, 22], [11, 17, 12, 16], [13, 24, 14, 1], [15, 2, 16, 3], [17, 5, 18, 4], [19, 7, 20, 6], [21, 9, 22, 8], [23, 11, 24, 10]]"
12a_1134_113,"[[23, 11, 24, 10], [1, 14, 2, 15], [3, 12, 4, 13], [5, 19, 6, 18], [7, 21, 8, 20], [9, 23, 10, 22], [11, 17, 12, 16], [13, 24, 14, 1], [15, 2, 16, 3], [17, 5, 18, 4], [19, 7, 20, 6], [21, 9, 22, 8]]"
12a_1134_114,"[[21, 9, 22, 8], [23, 11, 24, 10], [1, 14, 2, 15], [3, 12, 4, 13], [5, 19, 6, 18], [7, 21, 8, 20], [9, 23, 10, 22], [11, 17, 12, 16], [13, 24, 14, 1], [15, 2, 16, 3], [17, 5, 18, 4], [19, 7, 20, 6]]"
12a_1134_115,"[[19, 7, 20, 6], [21, 9, 22, 8], [23, 11, 24, 10], [1, 14, 2, 15], [3, 12, 4, 13], [5, 19, 6, 18], [7, 21, 8, 20], [9, 23, 10, 22], [11, 17, 12, 16], [13, 24, 14, 1], [15, 2, 16, 3], [17, 5, 18, 4]]"
12a_1134_116,"[[17, 5, 18, 4], [19, 7, 20, 6], [21, 9, 22, 8], [23, 11, 24, 10], [1, 14, 2, 15], [3, 12, 4, 13], [5, 19, 6, 18], [7, 21, 8, 20], [9, 23, 10, 22], [11, 17, 12, 16], [13, 24, 14, 1], [15, 2, 16, 3]]"
12a_1134_117,"[[15, 2, 16, 3], [17, 5, 18, 4], [19, 7, 20, 6], [21, 9, 22, 8], [23, 11, 24, 10], [1, 14, 2, 15], [3, 12, 4, 13], [5, 19, 6, 18], [7, 21, 8, 20], [9, 23, 10, 22], [11, 17, 12, 16], [13, 24, 14, 1]]"
12a_1134_118,"[[13, 24, 14, 1], [15, 2, 16, 3], [17, 5, 18, 4], [19, 7, 20, 6], [21, 9, 22, 8], [23, 11, 24, 10], [1, 14, 2, 15], [3, 12, 4, 13], [5, 19, 6, 18], [7, 21, 8, 20], [9, 23, 10, 22], [11, 17, 12, 16]]"
12a_1134_119,"[[11, 17, 12, 16], [13, 24, 14, 1], [15, 2, 16, 3], [17, 5, 18, 4], [19, 7, 20, 6], [21, 9, 22, 8], [23, 11, 24, 10], [1, 14, 2, 15], [3, 12, 4, 13], [5, 19, 6, 18], [7, 21, 8, 20], [9, 23, 10, 22]]"
12a_1134_120,"[[10, 24, 11, 23], [12, 18, 13, 17], [14, 1, 15, 2], [16, 3, 17, 4], [18, 6, 19, 5], [20, 8, 21, 7], [22, 10, 23, 9], [24, 12, 1, 11], [2, 15, 3, 16], [4, 13, 5, 14], [6, 20, 7, 19], [8, 22, 9, 21]]"
12a_1134_121,"[[8, 22, 9, 21], [10, 24, 11, 23], [12, 18, 13, 17], [14, 1, 15, 2], [16, 3, 17, 4], [18, 6, 19, 5], [20, 8, 21, 7], [22, 10, 23, 9], [24, 12, 1, 11], [2, 15, 3, 16], [4, 13, 5, 14], [6, 20, 7, 19]]"
12a_1134_122,"[[6, 20, 7, 19], [8, 22, 9, 21], [10, 24, 11, 23], [12, 18, 13, 17], [14, 1, 15, 2], [16, 3, 17, 4], [18, 6, 19, 5], [20, 8, 21, 7], [22, 10, 23, 9], [24, 12, 1, 11], [2, 15, 3, 16], [4, 13, 5, 14]]"
12a_1134_123,"[[4, 13, 5, 14], [6, 20, 7, 19], [8, 22, 9, 21], [10, 24, 11, 23], [12, 18, 13, 17], [14, 1, 15, 2], [16, 3, 17, 4], [18, 6, 19, 5], [20, 8, 21, 7], [22, 10, 23, 9], [24, 12, 1, 11], [2, 15, 3, 16]]"
12a_1134_124,"[[2, 15, 3, 16], [4, 13, 5, 14], [6, 20, 7, 19], [8, 22, 9, 21], [10, 24, 11, 23], [12, 18, 13, 17], [14, 1, 15, 2], [16, 3, 17, 4], [18, 6, 19, 5], [20, 8, 21, 7], [22, 10, 23, 9], [24, 12, 1, 11]]"
12a_1134_125,"[[24, 12, 1, 11], [2, 15, 3, 16], [4, 13, 5, 14], [6, 20, 7, 19], [8, 22, 9, 21], [10, 24, 11, 23], [12, 18, 13, 17], [14, 1, 15, 2], [16, 3, 17, 4], [18, 6, 19, 5], [20, 8, 21, 7], [22, 10, 23, 9]]"
12a_1134_126,"[[22, 10, 23, 9], [24, 12, 1, 11], [2, 15, 3, 16], [4, 13, 5, 14], [6, 20, 7, 19], [8, 22, 9, 21], [10, 24, 11, 23], [12, 18, 13, 17], [14, 1, 15, 2], [16, 3, 17, 4], [18, 6, 19, 5], [20, 8, 21, 7]]"
12a_1134_127,"[[20, 8, 21, 7], [22, 10, 23, 9], [24, 12, 1, 11], [2, 15, 3, 16], [4, 13, 5, 14], [6, 20, 7, 19], [8, 22, 9, 21], [10, 24, 11, 23], [12, 18, 13, 17], [14, 1, 15, 2], [16, 3, 17, 4], [18, 6, 19, 5]]"
12a_1134_128,"[[18, 6, 19, 5], [20, 8, 21, 7], [22, 10, 23, 9], [24, 12, 1, 11], [2, 15, 3, 16], [4, 13, 5, 14], [6, 20, 7, 19], [8, 22, 9, 21], [10, 24, 11, 23], [12, 18, 13, 17], [14, 1, 15, 2], [16, 3, 17, 4]]"
12a_1134_129,"[[16, 3, 17, 4], [18, 6, 19, 5], [20, 8, 21, 7], [22, 10, 23, 9], [24, 12, 1, 11], [2, 15, 3, 16], [4, 13, 5, 14], [6, 20, 7, 19], [8, 22, 9, 21], [10, 24, 11, 23], [12, 18, 13, 17], [14, 1, 15, 2]]"
12a_1134_130,"[[14, 1, 15, 2], [16, 3, 17, 4], [18, 6, 19, 5], [20, 8, 21, 7], [22, 10, 23, 9], [24, 12, 1, 11], [2, 15, 3, 16], [4, 13, 5, 14], [6, 20, 7, 19], [8, 22, 9, 21], [10, 24, 11, 23], [12, 18, 13, 17]]"
12a_1134_131,"[[12, 18, 13, 17], [14, 1, 15, 2], [16, 3, 17, 4], [18, 6, 19, 5], [20, 8, 21, 7], [22, 10, 23, 9], [24, 12, 1, 11], [2, 15, 3, 16], [4, 13, 5, 14], [6, 20, 7, 19], [8, 22, 9, 21], [10, 24, 11, 23]]"
12a_1134_132,"[[11, 1, 12, 24], [13, 19, 14, 18], [15, 2, 16, 3], [17, 4, 18, 5], [19, 7, 20, 6], [21, 9, 22, 8], [23, 11, 24, 10], [1, 13, 2, 12], [3, 16, 4, 17], [5, 14, 6, 15], [7, 21, 8, 20], [9, 23, 10, 22]]"
12a_1134_133,"[[9, 23, 10, 22], [11, 1, 12, 24], [13, 19, 14, 18], [15, 2, 16, 3], [17, 4, 18, 5], [19, 7, 20, 6], [21, 9, 22, 8], [23, 11, 24, 10], [1, 13, 2, 12], [3, 16, 4, 17], [5, 14, 6, 15], [7, 21, 8, 20]]"
12a_1134_134,"[[7, 21, 8, 20], [9, 23, 10, 22], [11, 1, 12, 24], [13, 19, 14, 18], [15, 2, 16, 3], [17, 4, 18, 5], [19, 7, 20, 6], [21, 9, 22, 8], [23, 11, 24, 10], [1, 13, 2, 12], [3, 16, 4, 17], [5, 14, 6, 15]]"
12a_1134_135,"[[5, 14, 6, 15], [7, 21, 8, 20], [9, 23, 10, 22], [11, 1, 12, 24], [13, 19, 14, 18], [15, 2, 16, 3], [17, 4, 18, 5], [19, 7, 20, 6], [21, 9, 22, 8], [23, 11, 24, 10], [1, 13, 2, 12], [3, 16, 4, 17]]"
12a_1134_136,"[[3, 16, 4, 17], [5, 14, 6, 15], [7, 21, 8, 20], [9, 23, 10, 22], [11, 1, 12, 24], [13, 19, 14, 18], [15, 2, 16, 3], [17, 4, 18, 5], [19, 7, 20, 6], [21, 9, 22, 8], [23, 11, 24, 10], [1, 13, 2, 12]]"
12a_1134_137,"[[1, 13, 2, 12], [3, 16, 4, 17], [5, 14, 6, 15], [7, 21, 8, 20], [9, 23, 10, 22], [11, 1, 12, 24], [13, 19, 14, 18], [15, 2, 16, 3], [17, 4, 18, 5], [19, 7, 20, 6], [21, 9, 22, 8], [23, 11, 24, 10]]"
12a_1134_138,"[[23, 11, 24, 10], [1, 13, 2, 12], [3, 16, 4, 17], [5, 14, 6, 15], [7, 21, 8, 20], [9, 23, 10, 22], [11, 1, 12, 24], [13, 19, 14, 18], [15, 2, 16, 3], [17, 4, 18, 5], [19, 7, 20, 6], [21, 9, 22, 8]]"
12a_1134_139,"[[21, 9, 22, 8], [23, 11, 24, 10], [1, 13, 2, 12], [3, 16, 4, 17], [5, 14, 6, 15], [7, 21, 8, 20], [9, 23, 10, 22], [11, 1, 12, 24], [13, 19, 14, 18], [15, 2, 16, 3], [17, 4, 18, 5], [19, 7, 20, 6]]"
12a_1134_140,"[[19, 7, 20, 6], [21, 9, 22, 8], [23, 11, 24, 10], [1, 13, 2, 12], [3, 16, 4, 17], [5, 14, 6, 15], [7, 21, 8, 20], [9, 23, 10, 22], [11, 1, 12, 24], [13, 19, 14, 18], [15, 2, 16, 3], [17, 4, 18, 5]]"
12a_1134_141,"[[17, 4, 18, 5], [19, 7, 20, 6], [21, 9, 22, 8], [23, 11, 24, 10], [1, 13, 2, 12], [3, 16, 4, 17], [5, 14, 6, 15], [7, 21, 8, 20], [9, 23, 10, 22], [11, 1, 12, 24], [13, 19, 14, 18], [15, 2, 16, 3]]"
12a_1134_142,"[[15, 2, 16, 3], [17, 4, 18, 5], [19, 7, 20, 6], [21, 9, 22, 8], [23, 11, 24, 10], [1, 13, 2, 12], [3, 16, 4, 17], [5, 14, 6, 15], [7, 21, 8, 20], [9, 23, 10, 22], [11, 1, 12, 24], [13, 19, 14, 18]]"
12a_1134_143,"[[13, 19, 14, 18], [15, 2, 16, 3], [17, 4, 18, 5], [19, 7, 20, 6], [21, 9, 22, 8], [23, 11, 24, 10], [1, 13, 2, 12], [3, 16, 4, 17], [5, 14, 6, 15], [7, 21, 8, 20], [9, 23, 10, 22], [11, 1, 12, 24]]"
12a_1134_144,"[[12, 2, 13, 1], [14, 20, 15, 19], [16, 3, 17, 4], [18, 5, 19, 6], [20, 8, 21, 7], [22, 10, 23, 9], [24, 12, 1, 11], [2, 14, 3, 13], [4, 17, 5, 18], [6, 15, 7, 16], [8, 22, 9, 21], [10, 24, 11, 23]]"
12a_1134_145,"[[10, 24, 11, 23], [12, 2, 13, 1], [14, 20, 15, 19], [16, 3, 17, 4], [18, 5, 19, 6], [20, 8, 21, 7], [22, 10, 23, 9], [24, 12, 1, 11], [2, 14, 3, 13], [4, 17, 5, 18], [6, 15, 7, 16], [8, 22, 9, 21]]"
12a_1134_146,"[[8, 22, 9, 21], [10, 24, 11, 23], [12, 2, 13, 1], [14, 20, 15, 19], [16, 3, 17, 4], [18, 5, 19, 6], [20, 8, 21, 7], [22, 10, 23, 9], [24, 12, 1, 11], [2, 14, 3, 13], [4, 17, 5, 18], [6, 15, 7, 16]]"
12a_1134_147,"[[6, 15, 7, 16], [8, 22, 9, 21], [10, 24, 11, 23], [12, 2, 13, 1], [14, 20, 15, 19], [16, 3, 17, 4], [18, 5, 19, 6], [20, 8, 21, 7], [22, 10, 23, 9], [24, 12, 1, 11], [2, 14, 3, 13], [4, 17, 5, 18]]"
12a_1134_148,"[[4, 17, 5, 18], [6, 15, 7, 16], [8, 22, 9, 21], [10, 24, 11, 23], [12, 2, 13, 1], [14, 20, 15, 19], [16, 3, 17, 4], [18, 5, 19, 6], [20, 8, 21, 7], [22, 10, 23, 9], [24, 12, 1, 11], [2, 14, 3, 13]]"
12a_1134_149,"[[2, 14, 3, 13], [4, 17, 5, 18], [6, 15, 7, 16], [8, 22, 9, 21], [10, 24, 11, 23], [12, 2, 13, 1], [14, 20, 15, 19], [16, 3, 17, 4], [18, 5, 19, 6], [20, 8, 21, 7], [22, 10, 23, 9], [24, 12, 1, 11]]"
12a_1134_150,"[[24, 12, 1, 11], [2, 14, 3, 13], [4, 17, 5, 18], [6, 15, 7, 16], [8, 22, 9, 21], [10, 24, 11, 23], [12, 2, 13, 1], [14, 20, 15, 19], [16, 3, 17, 4], [18, 5, 19, 6], [20, 8, 21, 7], [22, 10, 23, 9]]"
12a_1134_151,"[[22, 10, 23, 9], [24, 12, 1, 11], [2, 14, 3, 13], [4, 17, 5, 18], [6, 15, 7, 16], [8, 22, 9, 21], [10, 24, 11, 23], [12, 2, 13, 1], [14, 20, 15, 19], [16, 3, 17, 4], [18, 5, 19, 6], [20, 8, 21, 7]]"
12a_1134_152,"[[20, 8, 21, 7], [22, 10, 23, 9], [24, 12, 1, 11], [2, 14, 3, 13], [4, 17, 5, 18], [6, 15, 7, 16], [8, 22, 9, 21], [10, 24, 11, 23], [12, 2, 13, 1], [14, 20, 15, 19], [16, 3, 17, 4], [18, 5, 19, 6]]"
12a_1134_153,"[[18, 5, 19, 6], [20, 8, 21, 7], [22, 10, 23, 9], [24, 12, 1, 11], [2, 14, 3, 13], [4, 17, 5, 18], [6, 15, 7, 16], [8, 22, 9, 21], [10, 24, 11, 23], [12, 2, 13, 1], [14, 20, 15, 19], [16, 3, 17, 4]]"
12a_1134_154,"[[16, 3, 17, 4], [18, 5, 19, 6], [20, 8, 21, 7], [22, 10, 23, 9], [24, 12, 1, 11], [2, 14, 3, 13], [4, 17, 5, 18], [6, 15, 7, 16], [8, 22, 9, 21], [10, 24, 11, 23], [12, 2, 13, 1], [14, 20, 15, 19]]"
12a_1134_155,"[[14, 20, 15, 19], [16, 3, 17, 4], [18, 5, 19, 6], [20, 8, 21, 7], [22, 10, 23, 9], [24, 12, 1, 11], [2, 14, 3, 13], [4, 17, 5, 18], [6, 15, 7, 16], [8, 22, 9, 21], [10, 24, 11, 23], [12, 2, 13, 1]]"
12a_1134_156,"[[13, 3, 14, 2], [15, 21, 16, 20], [17, 4, 18, 5], [19, 6, 20, 7], [21, 9, 22, 8], [23, 11, 24, 10], [1, 13, 2, 12], [3, 15, 4, 14], [5, 18, 6, 19], [7, 16, 8, 17], [9, 23, 10, 22], [11, 1, 12, 24]]"
12a_1134_157,"[[11, 1, 12, 24], [13, 3, 14, 2], [15, 21, 16, 20], [17, 4, 18, 5], [19, 6, 20, 7], [21, 9, 22, 8], [23, 11, 24, 10], [1, 13, 2, 12], [3, 15, 4, 14], [5, 18, 6, 19], [7, 16, 8, 17], [9, 23, 10, 22]]"
12a_1134_158,"[[9, 23, 10, 22], [11, 1, 12, 24], [13, 3, 14, 2], [15, 21, 16, 20], [17, 4, 18, 5], [19, 6, 20, 7], [21, 9, 22, 8], [23, 11, 24, 10], [1, 13, 2, 12], [3, 15, 4, 14], [5, 18, 6, 19], [7, 16, 8, 17]]"
12a_1134_159,"[[7, 16, 8, 17], [9, 23, 10, 22], [11, 1, 12, 24], [13, 3, 14, 2], [15, 21, 16, 20], [17, 4, 18, 5], [19, 6, 20, 7], [21, 9, 22, 8], [23, 11, 24, 10], [1, 13, 2, 12], [3, 15, 4, 14], [5, 18, 6, 19]]"
12a_1134_160,"[[5, 18, 6, 19], [7, 16, 8, 17], [9, 23, 10, 22], [11, 1, 12, 24], [13, 3, 14, 2], [15, 21, 16, 20], [17, 4, 18, 5], [19, 6, 20, 7], [21, 9, 22, 8], [23, 11, 24, 10], [1, 13, 2, 12], [3, 15, 4, 14]]"
12a_1134_161,"[[3, 15, 4, 14], [5, 18, 6, 19], [7, 16, 8, 17], [9, 23, 10, 22], [11, 1, 12, 24], [13, 3, 14, 2], [15, 21, 16, 20], [17, 4, 18, 5], [19, 6, 20, 7], [21, 9, 22, 8], [23, 11, 24, 10], [1, 13, 2, 12]]"
12a_1134_162,"[[1, 13, 2, 12], [3, 15, 4, 14], [5, 18, 6, 19], [7, 16, 8, 17], [9, 23, 10, 22], [11, 1, 12, 24], [13, 3, 14, 2], [15, 21, 16, 20], [17, 4, 18, 5], [19, 6, 20, 7], [21, 9, 22, 8], [23, 11, 24, 10]]"
12a_1134_163,"[[23, 11, 24, 10], [1, 13, 2, 12], [3, 15, 4, 14], [5, 18, 6, 19], [7, 16, 8, 17], [9, 23, 10, 22], [11, 1, 12, 24], [13, 3, 14, 2], [15, 21, 16, 20], [17, 4, 18, 5], [19, 6, 20, 7], [21, 9, 22, 8]]"
12a_1134_164,"[[21, 9, 22, 8], [23, 11, 24, 10], [1, 13, 2, 12], [3, 15, 4, 14], [5, 18, 6, 19], [7, 16, 8, 17], [9, 23, 10, 22], [11, 1, 12, 24], [13, 3, 14, 2], [15, 21, 16, 20], [17, 4, 18, 5], [19, 6, 20, 7]]"
12a_1134_165,"[[19, 6, 20, 7], [21, 9, 22, 8], [23, 11, 24, 10], [1, 13, 2, 12], [3, 15, 4, 14], [5, 18, 6, 19], [7, 16, 8, 17], [9, 23, 10, 22], [11, 1, 12, 24], [13, 3, 14, 2], [15, 21, 16, 20], [17, 4, 18, 5]]"
12a_1134_166,"[[17, 4, 18, 5], [19, 6, 20, 7], [21, 9, 22, 8], [23, 11, 24, 10], [1, 13, 2, 12], [3, 15, 4, 14], [5, 18, 6, 19], [7, 16, 8, 17], [9, 23, 10, 22], [11, 1, 12, 24], [13, 3, 14, 2], [15, 21, 16, 20]]"
12a_1134_167,"[[15, 21, 16, 20], [17, 4, 18, 5], [19, 6, 20, 7], [21, 9, 22, 8], [23, 11, 24, 10], [1, 13, 2, 12], [3, 15, 4, 14], [5, 18, 6, 19], [7, 16, 8, 17], [9, 23, 10, 22], [11, 1, 12, 24], [13, 3, 14, 2]]"
12a_1134_168,"[[14, 4, 15, 3], [16, 22, 17, 21], [18, 5, 19, 6], [20, 7, 21, 8], [22, 10, 23, 9], [24, 12, 1, 11], [2, 14, 3, 13], [4, 16, 5, 15], [6, 19, 7, 20], [8, 17, 9, 18], [10, 24, 11, 23], [12, 2, 13, 1]]"
12a_1134_169,"[[12, 2, 13, 1], [14, 4, 15, 3], [16, 22, 17, 21], [18, 5, 19, 6], [20, 7, 21, 8], [22, 10, 23, 9], [24, 12, 1, 11], [2, 14, 3, 13], [4, 16, 5, 15], [6, 19, 7, 20], [8, 17, 9, 18], [10, 24, 11, 23]]"
12a_1134_170,"[[10, 24, 11, 23], [12, 2, 13, 1], [14, 4, 15, 3], [16, 22, 17, 21], [18, 5, 19, 6], [20, 7, 21, 8], [22, 10, 23, 9], [24, 12, 1, 11], [2, 14, 3, 13], [4, 16, 5, 15], [6, 19, 7, 20], [8, 17, 9, 18]]"
12a_1134_171,"[[8, 17, 9, 18], [10, 24, 11, 23], [12, 2, 13, 1], [14, 4, 15, 3], [16, 22, 17, 21], [18, 5, 19, 6], [20, 7, 21, 8], [22, 10, 23, 9], [24, 12, 1, 11], [2, 14, 3, 13], [4, 16, 5, 15], [6, 19, 7, 20]]"
12a_1134_172,"[[6, 19, 7, 20], [8, 17, 9, 18], [10, 24, 11, 23], [12, 2, 13, 1], [14, 4, 15, 3], [16, 22, 17, 21], [18, 5, 19, 6], [20, 7, 21, 8], [22, 10, 23, 9], [24, 12, 1, 11], [2, 14, 3, 13], [4, 16, 5, 15]]"
12a_1134_173,"[[4, 16, 5, 15], [6, 19, 7, 20], [8, 17, 9, 18], [10, 24, 11, 23], [12, 2, 13, 1], [14, 4, 15, 3], [16, 22, 17, 21], [18, 5, 19, 6], [20, 7, 21, 8], [22, 10, 23, 9], [24, 12, 1, 11], [2, 14, 3, 13]]"
12a_1134_174,"[[2, 14, 3, 13], [4, 16, 5, 15], [6, 19, 7, 20], [8, 17, 9, 18], [10, 24, 11, 23], [12, 2, 13, 1], [14, 4, 15, 3], [16, 22, 17, 21], [18, 5, 19, 6], [20, 7, 21, 8], [22, 10, 23, 9], [24, 12, 1, 11]]"
12a_1134_175,"[[24, 12, 1, 11], [2, 14, 3, 13], [4, 16, 5, 15], [6, 19, 7, 20], [8, 17, 9, 18], [10, 24, 11, 23], [12, 2, 13, 1], [14, 4, 15, 3], [16, 22, 17, 21], [18, 5, 19, 6], [20, 7, 21, 8], [22, 10, 23, 9]]"
12a_1134_176,"[[22, 10, 23, 9], [24, 12, 1, 11], [2, 14, 3, 13], [4, 16, 5, 15], [6, 19, 7, 20], [8, 17, 9, 18], [10, 24, 11, 23], [12, 2, 13, 1], [14, 4, 15, 3], [16, 22, 17, 21], [18, 5, 19, 6], [20, 7, 21, 8]]"
12a_1134_177,"[[20, 7, 21, 8], [22, 10, 23, 9], [24, 12, 1, 11], [2, 14, 3, 13], [4, 16, 5, 15], [6, 19, 7, 20], [8, 17, 9, 18], [10, 24, 11, 23], [12, 2, 13, 1], [14, 4, 15, 3], [16, 22, 17, 21], [18, 5, 19, 6]]"
12a_1134_178,"[[18, 5, 19, 6], [20, 7, 21, 8], [22, 10, 23, 9], [24, 12, 1, 11], [2, 14, 3, 13], [4, 16, 5, 15], [6, 19, 7, 20], [8, 17, 9, 18], [10, 24, 11, 23], [12, 2, 13, 1], [14, 4, 15, 3], [16, 22, 17, 21]]"
12a_1134_179,"[[16, 22, 17, 21], [18, 5, 19, 6], [20, 7, 21, 8], [22, 10, 23, 9], [24, 12, 1, 11], [2, 14, 3, 13], [4, 16, 5, 15], [6, 19, 7, 20], [8, 17, 9, 18], [10, 24, 11, 23], [12, 2, 13, 1], [14, 4, 15, 3]]"
12a_1134_180,"[[15, 5, 16, 4], [17, 23, 18, 22], [19, 6, 20, 7], [21, 8, 22, 9], [23, 11, 24, 10], [1, 13, 2, 12], [3, 15, 4, 14], [5, 17, 6, 16], [7, 20, 8, 21], [9, 18, 10, 19], [11, 1, 12, 24], [13, 3, 14, 2]]"
12a_1134_181,"[[13, 3, 14, 2], [15, 5, 16, 4], [17, 23, 18, 22], [19, 6, 20, 7], [21, 8, 22, 9], [23, 11, 24, 10], [1, 13, 2, 12], [3, 15, 4, 14], [5, 17, 6, 16], [7, 20, 8, 21], [9, 18, 10, 19], [11, 1, 12, 24]]"
12a_1134_182,"[[11, 1, 12, 24], [13, 3, 14, 2], [15, 5, 16, 4], [17, 23, 18, 22], [19, 6, 20, 7], [21, 8, 22, 9], [23, 11, 24, 10], [1, 13, 2, 12], [3, 15, 4, 14], [5, 17, 6, 16], [7, 20, 8, 21], [9, 18, 10, 19]]"
12a_1134_183,"[[9, 18, 10, 19], [11, 1, 12, 24], [13, 3, 14, 2], [15, 5, 16, 4], [17, 23, 18, 22], [19, 6, 20, 7], [21, 8, 22, 9], [23, 11, 24, 10], [1, 13, 2, 12], [3, 15, 4, 14], [5, 17, 6, 16], [7, 20, 8, 21]]"
12a_1134_184,"[[7, 20, 8, 21], [9, 18, 10, 19], [11, 1, 12, 24], [13, 3, 14, 2], [15, 5, 16, 4], [17, 23, 18, 22], [19, 6, 20, 7], [21, 8, 22, 9], [23, 11, 24, 10], [1, 13, 2, 12], [3, 15, 4, 14], [5, 17, 6, 16]]"
12a_1134_185,"[[5, 17, 6, 16], [7, 20, 8, 21], [9, 18, 10, 19], [11, 1, 12, 24], [13, 3, 14, 2], [15, 5, 16, 4], [17, 23, 18, 22], [19, 6, 20, 7], [21, 8, 22, 9], [23, 11, 24, 10], [1, 13, 2, 12], [3, 15, 4, 14]]"
