name,pd_notation
12a_0601_0,"[[24, 20, 1, 19], [2, 6, 3, 5], [4, 13, 5, 14], [6, 18, 7, 17], [8, 22, 9, 21], [10, 24, 11, 23], [12, 16, 13, 15], [14, 3, 15, 4], [16, 12, 17, 11], [18, 2, 19, 1], [20, 10, 21, 9], [22, 8, 23, 7]]"
12a_0601_1,"[[22, 8, 23, 7], [24, 20, 1, 19], [2, 6, 3, 5], [4, 13, 5, 14], [6, 18, 7, 17], [8, 22, 9, 21], [10, 24, 11, 23], [12, 16, 13, 15], [14, 3, 15, 4], [16, 12, 17, 11], [18, 2, 19, 1], [20, 10, 21, 9]]"
12a_0601_2,"[[20, 10, 21, 9], [22, 8, 23, 7], [24, 20, 1, 19], [2, 6, 3, 5], [4, 13, 5, 14], [6, 18, 7, 17], [8, 22, 9, 21], [10, 24, 11, 23], [12, 16, 13, 15], [14, 3, 15, 4], [16, 12, 17, 11], [18, 2, 19, 1]]"
12a_0601_3,"[[18, 2, 19, 1], [20, 10, 21, 9], [22, 8, 23, 7], [24, 20, 1, 19], [2, 6, 3, 5], [4, 13, 5, 14], [6, 18, 7, 17], [8, 22, 9, 21], [10, 24, 11, 23], [12, 16, 13, 15], [14, 3, 15, 4], [16, 12, 17, 11]]"
12a_0601_4,"[[16, 12, 17, 11], [18, 2, 19, 1], [20, 10, 21, 9], [22, 8, 23, 7], [24, 20, 1, 19], [2, 6, 3, 5], [4, 13, 5, 14], [6, 18, 7, 17], [8, 22, 9, 21], [10, 24, 11, 23], [12, 16, 13, 15], [14, 3, 15, 4]]"
12a_0601_5,"[[14, 3, 15, 4], [16, 12, 17, 11], [18, 2, 19, 1], [20, 10, 21, 9], [22, 8, 23, 7], [24, 20, 1, 19], [2, 6, 3, 5], [4, 13, 5, 14], [6, 18, 7, 17], [8, 22, 9, 21], [10, 24, 11, 23], [12, 16, 13, 15]]"
12a_0601_6,"[[12, 16, 13, 15], [14, 3, 15, 4], [16, 12, 17, 11], [18, 2, 19, 1], [20, 10, 21, 9], [22, 8, 23, 7], [24, 20, 1, 19], [2, 6, 3, 5], [4, 13, 5, 14], [6, 18, 7, 17], [8, 22, 9, 21], [10, 24, 11, 23]]"
12a_0601_7,"[[10, 24, 11, 23], [12, 16, 13, 15], [14, 3, 15, 4], [16, 12, 17, 11], [18, 2, 19, 1], [20, 10, 21, 9], [22, 8, 23, 7], [24, 20, 1, 19], [2, 6, 3, 5], [4, 13, 5, 14], [6, 18, 7, 17], [8, 22, 9, 21]]"
12a_0601_8,"[[8, 22, 9, 21], [10, 24, 11, 23], [12, 16, 13, 15], [14, 3, 15, 4], [16, 12, 17, 11], [18, 2, 19, 1], [20, 10, 21, 9], [22, 8, 23, 7], [24, 20, 1, 19], [2, 6, 3, 5], [4, 13, 5, 14], [6, 18, 7, 17]]"
12a_0601_9,"[[6, 18, 7, 17], [8, 22, 9, 21], [10, 24, 11, 23], [12, 16, 13, 15], [14, 3, 15, 4], [16, 12, 17, 11], [18, 2, 19, 1], [20, 10, 21, 9], [22, 8, 23, 7], [24, 20, 1, 19], [2, 6, 3, 5], [4, 13, 5, 14]]"
12a_0601_10,"[[4, 13, 5, 14], [6, 18, 7, 17], [8, 22, 9, 21], [10, 24, 11, 23], [12, 16, 13, 15], [14, 3, 15, 4], [16, 12, 17, 11], [18, 2, 19, 1], [20, 10, 21, 9], [22, 8, 23, 7], [24, 20, 1, 19], [2, 6, 3, 5]]"
12a_0601_11,"[[2, 6, 3, 5], [4, 13, 5, 14], [6, 18, 7, 17], [8, 22, 9, 21], [10, 24, 11, 23], [12, 16, 13, 15], [14, 3, 15, 4], [16, 12, 17, 11], [18, 2, 19, 1], [20, 10, 21, 9], [22, 8, 23, 7], [24, 20, 1, 19]]"
12a_0601_12,"[[1, 21, 2, 20], [3, 7, 4, 6], [5, 14, 6, 15], [7, 19, 8, 18], [9, 23, 10, 22], [11, 1, 12, 24], [13, 17, 14, 16], [15, 4, 16, 5], [17, 13, 18, 12], [19, 3, 20, 2], [21, 11, 22, 10], [23, 9, 24, 8]]"
12a_0601_13,"[[23, 9, 24, 8], [1, 21, 2, 20], [3, 7, 4, 6], [5, 14, 6, 15], [7, 19, 8, 18], [9, 23, 10, 22], [11, 1, 12, 24], [13, 17, 14, 16], [15, 4, 16, 5], [17, 13, 18, 12], [19, 3, 20, 2], [21, 11, 22, 10]]"
12a_0601_14,"[[21, 11, 22, 10], [23, 9, 24, 8], [1, 21, 2, 20], [3, 7, 4, 6], [5, 14, 6, 15], [7, 19, 8, 18], [9, 23, 10, 22], [11, 1, 12, 24], [13, 17, 14, 16], [15, 4, 16, 5], [17, 13, 18, 12], [19, 3, 20, 2]]"
12a_0601_15,"[[19, 3, 20, 2], [21, 11, 22, 10], [23, 9, 24, 8], [1, 21, 2, 20], [3, 7, 4, 6], [5, 14, 6, 15], [7, 19, 8, 18], [9, 23, 10, 22], [11, 1, 12, 24], [13, 17, 14, 16], [15, 4, 16, 5], [17, 13, 18, 12]]"
12a_0601_16,"[[17, 13, 18, 12], [19, 3, 20, 2], [21, 11, 22, 10], [23, 9, 24, 8], [1, 21, 2, 20], [3, 7, 4, 6], [5, 14, 6, 15], [7, 19, 8, 18], [9, 23, 10, 22], [11, 1, 12, 24], [13, 17, 14, 16], [15, 4, 16, 5]]"
12a_0601_17,"[[15, 4, 16, 5], [17, 13, 18, 12], [19, 3, 20, 2], [21, 11, 22, 10], [23, 9, 24, 8], [1, 21, 2, 20], [3, 7, 4, 6], [5, 14, 6, 15], [7, 19, 8, 18], [9, 23, 10, 22], [11, 1, 12, 24], [13, 17, 14, 16]]"
12a_0601_18,"[[13, 17, 14, 16], [15, 4, 16, 5], [17, 13, 18, 12], [19, 3, 20, 2], [21, 11, 22, 10], [23, 9, 24, 8], [1, 21, 2, 20], [3, 7, 4, 6], [5, 14, 6, 15], [7, 19, 8, 18], [9, 23, 10, 22], [11, 1, 12, 24]]"
12a_0601_19,"[[11, 1, 12, 24], [13, 17, 14, 16], [15, 4, 16, 5], [17, 13, 18, 12], [19, 3, 20, 2], [21, 11, 22, 10], [23, 9, 24, 8], [1, 21, 2, 20], [3, 7, 4, 6], [5, 14, 6, 15], [7, 19, 8, 18], [9, 23, 10, 22]]"
12a_0601_20,"[[9, 23, 10, 22], [11, 1, 12, 24], [13, 17, 14, 16], [15, 4, 16, 5], [17, 13, 18, 12], [19, 3, 20, 2], [21, 11, 22, 10], [23, 9, 24, 8], [1, 21, 2, 20], [3, 7, 4, 6], [5, 14, 6, 15], [7, 19, 8, 18]]"
12a_0601_21,"[[7, 19, 8, 18], [9, 23, 10, 22], [11, 1, 12, 24], [13, 17, 14, 16], [15, 4, 16, 5], [17, 13, 18, 12], [19, 3, 20, 2], [21, 11, 22, 10], [23, 9, 24, 8], [1, 21, 2, 20], [3, 7, 4, 6], [5, 14, 6, 15]]"
12a_0601_22,"[[5, 14, 6, 15], [7, 19, 8, 18], [9, 23, 10, 22], [11, 1, 12, 24], [13, 17, 14, 16], [15, 4, 16, 5], [17, 13, 18, 12], [19, 3, 20, 2], [21, 11, 22, 10], [23, 9, 24, 8], [1, 21, 2, 20], [3, 7, 4, 6]]"
12a_0601_23,"[[3, 7, 4, 6], [5, 14, 6, 15], [7, 19, 8, 18], [9, 23, 10, 22], [11, 1, 12, 24], [13, 17, 14, 16], [15, 4, 16, 5], [17, 13, 18, 12], [19, 3, 20, 2], [21, 11, 22, 10], [23, 9, 24, 8], [1, 21, 2, 20]]"
12a_0601_24,"[[2, 22, 3, 21], [4, 8, 5, 7], [6, 15, 7, 16], [8, 20, 9, 19], [10, 24, 11, 23], [12, 2, 13, 1], [14, 18, 15, 17], [16, 5, 17, 6], [18, 14, 19, 13], [20, 4, 21, 3], [22, 12, 23, 11], [24, 10, 1, 9]]"
12a_0601_25,"[[24, 10, 1, 9], [2, 22, 3, 21], [4, 8, 5, 7], [6, 15, 7, 16], [8, 20, 9, 19], [10, 24, 11, 23], [12, 2, 13, 1], [14, 18, 15, 17], [16, 5, 17, 6], [18, 14, 19, 13], [20, 4, 21, 3], [22, 12, 23, 11]]"
12a_0601_26,"[[22, 12, 23, 11], [24, 10, 1, 9], [2, 22, 3, 21], [4, 8, 5, 7], [6, 15, 7, 16], [8, 20, 9, 19], [10, 24, 11, 23], [12, 2, 13, 1], [14, 18, 15, 17], [16, 5, 17, 6], [18, 14, 19, 13], [20, 4, 21, 3]]"
12a_0601_27,"[[20, 4, 21, 3], [22, 12, 23, 11], [24, 10, 1, 9], [2, 22, 3, 21], [4, 8, 5, 7], [6, 15, 7, 16], [8, 20, 9, 19], [10, 24, 11, 23], [12, 2, 13, 1], [14, 18, 15, 17], [16, 5, 17, 6], [18, 14, 19, 13]]"
12a_0601_28,"[[18, 14, 19, 13], [20, 4, 21, 3], [22, 12, 23, 11], [24, 10, 1, 9], [2, 22, 3, 21], [4, 8, 5, 7], [6, 15, 7, 16], [8, 20, 9, 19], [10, 24, 11, 23], [12, 2, 13, 1], [14, 18, 15, 17], [16, 5, 17, 6]]"
12a_0601_29,"[[16, 5, 17, 6], [18, 14, 19, 13], [20, 4, 21, 3], [22, 12, 23, 11], [24, 10, 1, 9], [2, 22, 3, 21], [4, 8, 5, 7], [6, 15, 7, 16], [8, 20, 9, 19], [10, 24, 11, 23], [12, 2, 13, 1], [14, 18, 15, 17]]"
12a_0601_30,"[[14, 18, 15, 17], [16, 5, 17, 6], [18, 14, 19, 13], [20, 4, 21, 3], [22, 12, 23, 11], [24, 10, 1, 9], [2, 22, 3, 21], [4, 8, 5, 7], [6, 15, 7, 16], [8, 20, 9, 19], [10, 24, 11, 23], [12, 2, 13, 1]]"
12a_0601_31,"[[12, 2, 13, 1], [14, 18, 15, 17], [16, 5, 17, 6], [18, 14, 19, 13], [20, 4, 21, 3], [22, 12, 23, 11], [24, 10, 1, 9], [2, 22, 3, 21], [4, 8, 5, 7], [6, 15, 7, 16], [8, 20, 9, 19], [10, 24, 11, 23]]"
12a_0601_32,"[[10, 24, 11, 23], [12, 2, 13, 1], [14, 18, 15, 17], [16, 5, 17, 6], [18, 14, 19, 13], [20, 4, 21, 3], [22, 12, 23, 11], [24, 10, 1, 9], [2, 22, 3, 21], [4, 8, 5, 7], [6, 15, 7, 16], [8, 20, 9, 19]]"
12a_0601_33,"[[8, 20, 9, 19], [10, 24, 11, 23], [12, 2, 13, 1], [14, 18, 15, 17], [16, 5, 17, 6], [18, 14, 19, 13], [20, 4, 21, 3], [22, 12, 23, 11], [24, 10, 1, 9], [2, 22, 3, 21], [4, 8, 5, 7], [6, 15, 7, 16]]"
12a_0601_34,"[[6, 15, 7, 16], [8, 20, 9, 19], [10, 24, 11, 23], [12, 2, 13, 1], [14, 18, 15, 17], [16, 5, 17, 6], [18, 14, 19, 13], [20, 4, 21, 3], [22, 12, 23, 11], [24, 10, 1, 9], [2, 22, 3, 21], [4, 8, 5, 7]]"
12a_0601_35,"[[4, 8, 5, 7], [6, 15, 7, 16], [8, 20, 9, 19], [10, 24, 11, 23], [12, 2, 13, 1], [14, 18, 15, 17], [16, 5, 17, 6], [18, 14, 19, 13], [20, 4, 21, 3], [22, 12, 23, 11], [24, 10, 1, 9], [2, 22, 3, 21]]"
12a_0601_36,"[[3, 23, 4, 22], [5, 9, 6, 8], [7, 16, 8, 17], [9, 21, 10, 20], [11, 1, 12, 24], [13, 3, 14, 2], [15, 19, 16, 18], [17, 6, 18, 7], [19, 15, 20, 14], [21, 5, 22, 4], [23, 13, 24, 12], [1, 11, 2, 10]]"
12a_0601_37,"[[1, 11, 2, 10], [3, 23, 4, 22], [5, 9, 6, 8], [7, 16, 8, 17], [9, 21, 10, 20], [11, 1, 12, 24], [13, 3, 14, 2], [15, 19, 16, 18], [17, 6, 18, 7], [19, 15, 20, 14], [21, 5, 22, 4], [23, 13, 24, 12]]"
12a_0601_38,"[[23, 13, 24, 12], [1, 11, 2, 10], [3, 23, 4, 22], [5, 9, 6, 8], [7, 16, 8, 17], [9, 21, 10, 20], [11, 1, 12, 24], [13, 3, 14, 2], [15, 19, 16, 18], [17, 6, 18, 7], [19, 15, 20, 14], [21, 5, 22, 4]]"
12a_0601_39,"[[21, 5, 22, 4], [23, 13, 24, 12], [1, 11, 2, 10], [3, 23, 4, 22], [5, 9, 6, 8], [7, 16, 8, 17], [9, 21, 10, 20], [11, 1, 12, 24], [13, 3, 14, 2], [15, 19, 16, 18], [17, 6, 18, 7], [19, 15, 20, 14]]"
12a_0601_40,"[[19, 15, 20, 14], [21, 5, 22, 4], [23, 13, 24, 12], [1, 11, 2, 10], [3, 23, 4, 22], [5, 9, 6, 8], [7, 16, 8, 17], [9, 21, 10, 20], [11, 1, 12, 24], [13, 3, 14, 2], [15, 19, 16, 18], [17, 6, 18, 7]]"
12a_0601_41,"[[17, 6, 18, 7], [19, 15, 20, 14], [21, 5, 22, 4], [23, 13, 24, 12], [1, 11, 2, 10], [3, 23, 4, 22], [5, 9, 6, 8], [7, 16, 8, 17], [9, 21, 10, 20], [11, 1, 12, 24], [13, 3, 14, 2], [15, 19, 16, 18]]"
12a_0601_42,"[[15, 19, 16, 18], [17, 6, 18, 7], [19, 15, 20, 14], [21, 5, 22, 4], [23, 13, 24, 12], [1, 11, 2, 10], [3, 23, 4, 22], [5, 9, 6, 8], [7, 16, 8, 17], [9, 21, 10, 20], [11, 1, 12, 24], [13, 3, 14, 2]]"
12a_0601_43,"[[13, 3, 14, 2], [15, 19, 16, 18], [17, 6, 18, 7], [19, 15, 20, 14], [21, 5, 22, 4], [23, 13, 24, 12], [1, 11, 2, 10], [3, 23, 4, 22], [5, 9, 6, 8], [7, 16, 8, 17], [9, 21, 10, 20], [11, 1, 12, 24]]"
12a_0601_44,"[[11, 1, 12, 24], [13, 3, 14, 2], [15, 19, 16, 18], [17, 6, 18, 7], [19, 15, 20, 14], [21, 5, 22, 4], [23, 13, 24, 12], [1, 11, 2, 10], [3, 23, 4, 22], [5, 9, 6, 8], [7, 16, 8, 17], [9, 21, 10, 20]]"
12a_0601_45,"[[9, 21, 10, 20], [11, 1, 12, 24], [13, 3, 14, 2], [15, 19, 16, 18], [17, 6, 18, 7], [19, 15, 20, 14], [21, 5, 22, 4], [23, 13, 24, 12], [1, 11, 2, 10], [3, 23, 4, 22], [5, 9, 6, 8], [7, 16, 8, 17]]"
12a_0601_46,"[[7, 16, 8, 17], [9, 21, 10, 20], [11, 1, 12, 24], [13, 3, 14, 2], [15, 19, 16, 18], [17, 6, 18, 7], [19, 15, 20, 14], [21, 5, 22, 4], [23, 13, 24, 12], [1, 11, 2, 10], [3, 23, 4, 22], [5, 9, 6, 8]]"
12a_0601_47,"[[5, 9, 6, 8], [7, 16, 8, 17], [9, 21, 10, 20], [11, 1, 12, 24], [13, 3, 14, 2], [15, 19, 16, 18], [17, 6, 18, 7], [19, 15, 20, 14], [21, 5, 22, 4], [23, 13, 24, 12], [1, 11, 2, 10], [3, 23, 4, 22]]"
12a_0601_48,"[[4, 24, 5, 23], [6, 10, 7, 9], [8, 17, 9, 18], [10, 22, 11, 21], [12, 2, 13, 1], [14, 4, 15, 3], [16, 20, 17, 19], [18, 7, 19, 8], [20, 16, 21, 15], [22, 6, 23, 5], [24, 14, 1, 13], [2, 12, 3, 11]]"
12a_0601_49,"[[2, 12, 3, 11], [4, 24, 5, 23], [6, 10, 7, 9], [8, 17, 9, 18], [10, 22, 11, 21], [12, 2, 13, 1], [14, 4, 15, 3], [16, 20, 17, 19], [18, 7, 19, 8], [20, 16, 21, 15], [22, 6, 23, 5], [24, 14, 1, 13]]"
12a_0601_50,"[[24, 14, 1, 13], [2, 12, 3, 11], [4, 24, 5, 23], [6, 10, 7, 9], [8, 17, 9, 18], [10, 22, 11, 21], [12, 2, 13, 1], [14, 4, 15, 3], [16, 20, 17, 19], [18, 7, 19, 8], [20, 16, 21, 15], [22, 6, 23, 5]]"
12a_0601_51,"[[22, 6, 23, 5], [24, 14, 1, 13], [2, 12, 3, 11], [4, 24, 5, 23], [6, 10, 7, 9], [8, 17, 9, 18], [10, 22, 11, 21], [12, 2, 13, 1], [14, 4, 15, 3], [16, 20, 17, 19], [18, 7, 19, 8], [20, 16, 21, 15]]"
12a_0601_52,"[[20, 16, 21, 15], [22, 6, 23, 5], [24, 14, 1, 13], [2, 12, 3, 11], [4, 24, 5, 23], [6, 10, 7, 9], [8, 17, 9, 18], [10, 22, 11, 21], [12, 2, 13, 1], [14, 4, 15, 3], [16, 20, 17, 19], [18, 7, 19, 8]]"
12a_0601_53,"[[18, 7, 19, 8], [20, 16, 21, 15], [22, 6, 23, 5], [24, 14, 1, 13], [2, 12, 3, 11], [4, 24, 5, 23], [6, 10, 7, 9], [8, 17, 9, 18], [10, 22, 11, 21], [12, 2, 13, 1], [14, 4, 15, 3], [16, 20, 17, 19]]"
12a_0601_54,"[[16, 20, 17, 19], [18, 7, 19, 8], [20, 16, 21, 15], [22, 6, 23, 5], [24, 14, 1, 13], [2, 12, 3, 11], [4, 24, 5, 23], [6, 10, 7, 9], [8, 17, 9, 18], [10, 22, 11, 21], [12, 2, 13, 1], [14, 4, 15, 3]]"
12a_0601_55,"[[14, 4, 15, 3], [16, 20, 17, 19], [18, 7, 19, 8], [20, 16, 21, 15], [22, 6, 23, 5], [24, 14, 1, 13], [2, 12, 3, 11], [4, 24, 5, 23], [6, 10, 7, 9], [8, 17, 9, 18], [10, 22, 11, 21], [12, 2, 13, 1]]"
12a_0601_56,"[[12, 2, 13, 1], [14, 4, 15, 3], [16, 20, 17, 19], [18, 7, 19, 8], [20, 16, 21, 15], [22, 6, 23, 5], [24, 14, 1, 13], [2, 12, 3, 11], [4, 24, 5, 23], [6, 10, 7, 9], [8, 17, 9, 18], [10, 22, 11, 21]]"
12a_0601_57,"[[10, 22, 11, 21], [12, 2, 13, 1], [14, 4, 15, 3], [16, 20, 17, 19], [18, 7, 19, 8], [20, 16, 21, 15], [22, 6, 23, 5], [24, 14, 1, 13], [2, 12, 3, 11], [4, 24, 5, 23], [6, 10, 7, 9], [8, 17, 9, 18]]"
12a_0601_58,"[[8, 17, 9, 18], [10, 22, 11, 21], [12, 2, 13, 1], [14, 4, 15, 3], [16, 20, 17, 19], [18, 7, 19, 8], [20, 16, 21, 15], [22, 6, 23, 5], [24, 14, 1, 13], [2, 12, 3, 11], [4, 24, 5, 23], [6, 10, 7, 9]]"
12a_0601_59,"[[6, 10, 7, 9], [8, 17, 9, 18], [10, 22, 11, 21], [12, 2, 13, 1], [14, 4, 15, 3], [16, 20, 17, 19], [18, 7, 19, 8], [20, 16, 21, 15], [22, 6, 23, 5], [24, 14, 1, 13], [2, 12, 3, 11], [4, 24, 5, 23]]"
12a_0601_60,"[[5, 1, 6, 24], [7, 11, 8, 10], [9, 18, 10, 19], [11, 23, 12, 22], [13, 3, 14, 2], [15, 5, 16, 4], [17, 21, 18, 20], [19, 8, 20, 9], [21, 17, 22, 16], [23, 7, 24, 6], [1, 15, 2, 14], [3, 13, 4, 12]]"
12a_0601_61,"[[3, 13, 4, 12], [5, 1, 6, 24], [7, 11, 8, 10], [9, 18, 10, 19], [11, 23, 12, 22], [13, 3, 14, 2], [15, 5, 16, 4], [17, 21, 18, 20], [19, 8, 20, 9], [21, 17, 22, 16], [23, 7, 24, 6], [1, 15, 2, 14]]"
12a_0601_62,"[[1, 15, 2, 14], [3, 13, 4, 12], [5, 1, 6, 24], [7, 11, 8, 10], [9, 18, 10, 19], [11, 23, 12, 22], [13, 3, 14, 2], [15, 5, 16, 4], [17, 21, 18, 20], [19, 8, 20, 9], [21, 17, 22, 16], [23, 7, 24, 6]]"
12a_0601_63,"[[23, 7, 24, 6], [1, 15, 2, 14], [3, 13, 4, 12], [5, 1, 6, 24], [7, 11, 8, 10], [9, 18, 10, 19], [11, 23, 12, 22], [13, 3, 14, 2], [15, 5, 16, 4], [17, 21, 18, 20], [19, 8, 20, 9], [21, 17, 22, 16]]"
12a_0601_64,"[[21, 17, 22, 16], [23, 7, 24, 6], [1, 15, 2, 14], [3, 13, 4, 12], [5, 1, 6, 24], [7, 11, 8, 10], [9, 18, 10, 19], [11, 23, 12, 22], [13, 3, 14, 2], [15, 5, 16, 4], [17, 21, 18, 20], [19, 8, 20, 9]]"
12a_0601_65,"[[19, 8, 20, 9], [21, 17, 22, 16], [23, 7, 24, 6], [1, 15, 2, 14], [3, 13, 4, 12], [5, 1, 6, 24], [7, 11, 8, 10], [9, 18, 10, 19], [11, 23, 12, 22], [13, 3, 14, 2], [15, 5, 16, 4], [17, 21, 18, 20]]"
12a_0601_66,"[[17, 21, 18, 20], [19, 8, 20, 9], [21, 17, 22, 16], [23, 7, 24, 6], [1, 15, 2, 14], [3, 13, 4, 12], [5, 1, 6, 24], [7, 11, 8, 10], [9, 18, 10, 19], [11, 23, 12, 22], [13, 3, 14, 2], [15, 5, 16, 4]]"
12a_0601_67,"[[15, 5, 16, 4], [17, 21, 18, 20], [19, 8, 20, 9], [21, 17, 22, 16], [23, 7, 24, 6], [1, 15, 2, 14], [3, 13, 4, 12], [5, 1, 6, 24], [7, 11, 8, 10], [9, 18, 10, 19], [11, 23, 12, 22], [13, 3, 14, 2]]"
12a_0601_68,"[[13, 3, 14, 2], [15, 5, 16, 4], [17, 21, 18, 20], [19, 8, 20, 9], [21, 17, 22, 16], [23, 7, 24, 6], [1, 15, 2, 14], [3, 13, 4, 12], [5, 1, 6, 24], [7, 11, 8, 10], [9, 18, 10, 19], [11, 23, 12, 22]]"
12a_0601_69,"[[11, 23, 12, 22], [13, 3, 14, 2], [15, 5, 16, 4], [17, 21, 18, 20], [19, 8, 20, 9], [21, 17, 22, 16], [23, 7, 24, 6], [1, 15, 2, 14], [3, 13, 4, 12], [5, 1, 6, 24], [7, 11, 8, 10], [9, 18, 10, 19]]"
12a_0601_70,"[[9, 18, 10, 19], [11, 23, 12, 22], [13, 3, 14, 2], [15, 5, 16, 4], [17, 21, 18, 20], [19, 8, 20, 9], [21, 17, 22, 16], [23, 7, 24, 6], [1, 15, 2, 14], [3, 13, 4, 12], [5, 1, 6, 24], [7, 11, 8, 10]]"
12a_0601_71,"[[7, 11, 8, 10], [9, 18, 10, 19], [11, 23, 12, 22], [13, 3, 14, 2], [15, 5, 16, 4], [17, 21, 18, 20], [19, 8, 20, 9], [21, 17, 22, 16], [23, 7, 24, 6], [1, 15, 2, 14], [3, 13, 4, 12], [5, 1, 6, 24]]"
12a_0601_72,"[[6, 2, 7, 1], [8, 12, 9, 11], [10, 19, 11, 20], [12, 24, 13, 23], [14, 4, 15, 3], [16, 6, 17, 5], [18, 22, 19, 21], [20, 9, 21, 10], [22, 18, 23, 17], [24, 8, 1, 7], [2, 16, 3, 15], [4, 14, 5, 13]]"
12a_0601_73,"[[4, 14, 5, 13], [6, 2, 7, 1], [8, 12, 9, 11], [10, 19, 11, 20], [12, 24, 13, 23], [14, 4, 15, 3], [16, 6, 17, 5], [18, 22, 19, 21], [20, 9, 21, 10], [22, 18, 23, 17], [24, 8, 1, 7], [2, 16, 3, 15]]"
12a_0601_74,"[[2, 16, 3, 15], [4, 14, 5, 13], [6, 2, 7, 1], [8, 12, 9, 11], [10, 19, 11, 20], [12, 24, 13, 23], [14, 4, 15, 3], [16, 6, 17, 5], [18, 22, 19, 21], [20, 9, 21, 10], [22, 18, 23, 17], [24, 8, 1, 7]]"
12a_0601_75,"[[24, 8, 1, 7], [2, 16, 3, 15], [4, 14, 5, 13], [6, 2, 7, 1], [8, 12, 9, 11], [10, 19, 11, 20], [12, 24, 13, 23], [14, 4, 15, 3], [16, 6, 17, 5], [18, 22, 19, 21], [20, 9, 21, 10], [22, 18, 23, 17]]"
12a_0601_76,"[[22, 18, 23, 17], [24, 8, 1, 7], [2, 16, 3, 15], [4, 14, 5, 13], [6, 2, 7, 1], [8, 12, 9, 11], [10, 19, 11, 20], [12, 24, 13, 23], [14, 4, 15, 3], [16, 6, 17, 5], [18, 22, 19, 21], [20, 9, 21, 10]]"
12a_0601_77,"[[20, 9, 21, 10], [22, 18, 23, 17], [24, 8, 1, 7], [2, 16, 3, 15], [4, 14, 5, 13], [6, 2, 7, 1], [8, 12, 9, 11], [10, 19, 11, 20], [12, 24, 13, 23], [14, 4, 15, 3], [16, 6, 17, 5], [18, 22, 19, 21]]"
12a_0601_78,"[[18, 22, 19, 21], [20, 9, 21, 10], [22, 18, 23, 17], [24, 8, 1, 7], [2, 16, 3, 15], [4, 14, 5, 13], [6, 2, 7, 1], [8, 12, 9, 11], [10, 19, 11, 20], [12, 24, 13, 23], [14, 4, 15, 3], [16, 6, 17, 5]]"
12a_0601_79,"[[16, 6, 17, 5], [18, 22, 19, 21], [20, 9, 21, 10], [22, 18, 23, 17], [24, 8, 1, 7], [2, 16, 3, 15], [4, 14, 5, 13], [6, 2, 7, 1], [8, 12, 9, 11], [10, 19, 11, 20], [12, 24, 13, 23], [14, 4, 15, 3]]"
12a_0601_80,"[[14, 4, 15, 3], [16, 6, 17, 5], [18, 22, 19, 21], [20, 9, 21, 10], [22, 18, 23, 17], [24, 8, 1, 7], [2, 16, 3, 15], [4, 14, 5, 13], [6, 2, 7, 1], [8, 12, 9, 11], [10, 19, 11, 20], [12, 24, 13, 23]]"
12a_0601_81,"[[12, 24, 13, 23], [14, 4, 15, 3], [16, 6, 17, 5], [18, 22, 19, 21], [20, 9, 21, 10], [22, 18, 23, 17], [24, 8, 1, 7], [2, 16, 3, 15], [4, 14, 5, 13], [6, 2, 7, 1], [8, 12, 9, 11], [10, 19, 11, 20]]"
12a_0601_82,"[[10, 19, 11, 20], [12, 24, 13, 23], [14, 4, 15, 3], [16, 6, 17, 5], [18, 22, 19, 21], [20, 9, 21, 10], [22, 18, 23, 17], [24, 8, 1, 7], [2, 16, 3, 15], [4, 14, 5, 13], [6, 2, 7, 1], [8, 12, 9, 11]]"
12a_0601_83,"[[8, 12, 9, 11], [10, 19, 11, 20], [12, 24, 13, 23], [14, 4, 15, 3], [16, 6, 17, 5], [18, 22, 19, 21], [20, 9, 21, 10], [22, 18, 23, 17], [24, 8, 1, 7], [2, 16, 3, 15], [4, 14, 5, 13], [6, 2, 7, 1]]"
12a_0601_84,"[[7, 3, 8, 2], [9, 13, 10, 12], [11, 20, 12, 21], [13, 1, 14, 24], [15, 5, 16, 4], [17, 7, 18, 6], [19, 23, 20, 22], [21, 10, 22, 11], [23, 19, 24, 18], [1, 9, 2, 8], [3, 17, 4, 16], [5, 15, 6, 14]]"
12a_0601_85,"[[5, 15, 6, 14], [7, 3, 8, 2], [9, 13, 10, 12], [11, 20, 12, 21], [13, 1, 14, 24], [15, 5, 16, 4], [17, 7, 18, 6], [19, 23, 20, 22], [21, 10, 22, 11], [23, 19, 24, 18], [1, 9, 2, 8], [3, 17, 4, 16]]"
12a_0601_86,"[[3, 17, 4, 16], [5, 15, 6, 14], [7, 3, 8, 2], [9, 13, 10, 12], [11, 20, 12, 21], [13, 1, 14, 24], [15, 5, 16, 4], [17, 7, 18, 6], [19, 23, 20, 22], [21, 10, 22, 11], [23, 19, 24, 18], [1, 9, 2, 8]]"
12a_0601_87,"[[1, 9, 2, 8], [3, 17, 4, 16], [5, 15, 6, 14], [7, 3, 8, 2], [9, 13, 10, 12], [11, 20, 12, 21], [13, 1, 14, 24], [15, 5, 16, 4], [17, 7, 18, 6], [19, 23, 20, 22], [21, 10, 22, 11], [23, 19, 24, 18]]"
12a_0601_88,"[[23, 19, 24, 18], [1, 9, 2, 8], [3, 17, 4, 16], [5, 15, 6, 14], [7, 3, 8, 2], [9, 13, 10, 12], [11, 20, 12, 21], [13, 1, 14, 24], [15, 5, 16, 4], [17, 7, 18, 6], [19, 23, 20, 22], [21, 10, 22, 11]]"
12a_0601_89,"[[21, 10, 22, 11], [23, 19, 24, 18], [1, 9, 2, 8], [3, 17, 4, 16], [5, 15, 6, 14], [7, 3, 8, 2], [9, 13, 10, 12], [11, 20, 12, 21], [13, 1, 14, 24], [15, 5, 16, 4], [17, 7, 18, 6], [19, 23, 20, 22]]"
12a_0601_90,"[[19, 23, 20, 22], [21, 10, 22, 11], [23, 19, 24, 18], [1, 9, 2, 8], [3, 17, 4, 16], [5, 15, 6, 14], [7, 3, 8, 2], [9, 13, 10, 12], [11, 20, 12, 21], [13, 1, 14, 24], [15, 5, 16, 4], [17, 7, 18, 6]]"
12a_0601_91,"[[17, 7, 18, 6], [19, 23, 20, 22], [21, 10, 22, 11], [23, 19, 24, 18], [1, 9, 2, 8], [3, 17, 4, 16], [5, 15, 6, 14], [7, 3, 8, 2], [9, 13, 10, 12], [11, 20, 12, 21], [13, 1, 14, 24], [15, 5, 16, 4]]"
12a_0601_92,"[[15, 5, 16, 4], [17, 7, 18, 6], [19, 23, 20, 22], [21, 10, 22, 11], [23, 19, 24, 18], [1, 9, 2, 8], [3, 17, 4, 16], [5, 15, 6, 14], [7, 3, 8, 2], [9, 13, 10, 12], [11, 20, 12, 21], [13, 1, 14, 24]]"
12a_0601_93,"[[13, 1, 14, 24], [15, 5, 16, 4], [17, 7, 18, 6], [19, 23, 20, 22], [21, 10, 22, 11], [23, 19, 24, 18], [1, 9, 2, 8], [3, 17, 4, 16], [5, 15, 6, 14], [7, 3, 8, 2], [9, 13, 10, 12], [11, 20, 12, 21]]"
12a_0601_94,"[[11, 20, 12, 21], [13, 1, 14, 24], [15, 5, 16, 4], [17, 7, 18, 6], [19, 23, 20, 22], [21, 10, 22, 11], [23, 19, 24, 18], [1, 9, 2, 8], [3, 17, 4, 16], [5, 15, 6, 14], [7, 3, 8, 2], [9, 13, 10, 12]]"
12a_0601_95,"[[9, 13, 10, 12], [11, 20, 12, 21], [13, 1, 14, 24], [15, 5, 16, 4], [17, 7, 18, 6], [19, 23, 20, 22], [21, 10, 22, 11], [23, 19, 24, 18], [1, 9, 2, 8], [3, 17, 4, 16], [5, 15, 6, 14], [7, 3, 8, 2]]"
12a_0601_96,"[[8, 4, 9, 3], [10, 14, 11, 13], [12, 21, 13, 22], [14, 2, 15, 1], [16, 6, 17, 5], [18, 8, 19, 7], [20, 24, 21, 23], [22, 11, 23, 12], [24, 20, 1, 19], [2, 10, 3, 9], [4, 18, 5, 17], [6, 16, 7, 15]]"
12a_0601_97,"[[6, 16, 7, 15], [8, 4, 9, 3], [10, 14, 11, 13], [12, 21, 13, 22], [14, 2, 15, 1], [16, 6, 17, 5], [18, 8, 19, 7], [20, 24, 21, 23], [22, 11, 23, 12], [24, 20, 1, 19], [2, 10, 3, 9], [4, 18, 5, 17]]"
12a_0601_98,"[[4, 18, 5, 17], [6, 16, 7, 15], [8, 4, 9, 3], [10, 14, 11, 13], [12, 21, 13, 22], [14, 2, 15, 1], [16, 6, 17, 5], [18, 8, 19, 7], [20, 24, 21, 23], [22, 11, 23, 12], [24, 20, 1, 19], [2, 10, 3, 9]]"
12a_0601_99,"[[2, 10, 3, 9], [4, 18, 5, 17], [6, 16, 7, 15], [8, 4, 9, 3], [10, 14, 11, 13], [12, 21, 13, 22], [14, 2, 15, 1], [16, 6, 17, 5], [18, 8, 19, 7], [20, 24, 21, 23], [22, 11, 23, 12], [24, 20, 1, 19]]"
12a_0601_100,"[[24, 20, 1, 19], [2, 10, 3, 9], [4, 18, 5, 17], [6, 16, 7, 15], [8, 4, 9, 3], [10, 14, 11, 13], [12, 21, 13, 22], [14, 2, 15, 1], [16, 6, 17, 5], [18, 8, 19, 7], [20, 24, 21, 23], [22, 11, 23, 12]]"
12a_0601_101,"[[22, 11, 23, 12], [24, 20, 1, 19], [2, 10, 3, 9], [4, 18, 5, 17], [6, 16, 7, 15], [8, 4, 9, 3], [10, 14, 11, 13], [12, 21, 13, 22], [14, 2, 15, 1], [16, 6, 17, 5], [18, 8, 19, 7], [20, 24, 21, 23]]"
12a_0601_102,"[[20, 24, 21, 23], [22, 11, 23, 12], [24, 20, 1, 19], [2, 10, 3, 9], [4, 18, 5, 17], [6, 16, 7, 15], [8, 4, 9, 3], [10, 14, 11, 13], [12, 21, 13, 22], [14, 2, 15, 1], [16, 6, 17, 5], [18, 8, 19, 7]]"
12a_0601_103,"[[18, 8, 19, 7], [20, 24, 21, 23], [22, 11, 23, 12], [24, 20, 1, 19], [2, 10, 3, 9], [4, 18, 5, 17], [6, 16, 7, 15], [8, 4, 9, 3], [10, 14, 11, 13], [12, 21, 13, 22], [14, 2, 15, 1], [16, 6, 17, 5]]"
12a_0601_104,"[[16, 6, 17, 5], [18, 8, 19, 7], [20, 24, 21, 23], [22, 11, 23, 12], [24, 20, 1, 19], [2, 10, 3, 9], [4, 18, 5, 17], [6, 16, 7, 15], [8, 4, 9, 3], [10, 14, 11, 13], [12, 21, 13, 22], [14, 2, 15, 1]]"
12a_0601_105,"[[14, 2, 15, 1], [16, 6, 17, 5], [18, 8, 19, 7], [20, 24, 21, 23], [22, 11, 23, 12], [24, 20, 1, 19], [2, 10, 3, 9], [4, 18, 5, 17], [6, 16, 7, 15], [8, 4, 9, 3], [10, 14, 11, 13], [12, 21, 13, 22]]"
12a_0601_106,"[[12, 21, 13, 22], [14, 2, 15, 1], [16, 6, 17, 5], [18, 8, 19, 7], [20, 24, 21, 23], [22, 11, 23, 12], [24, 20, 1, 19], [2, 10, 3, 9], [4, 18, 5, 17], [6, 16, 7, 15], [8, 4, 9, 3], [10, 14, 11, 13]]"
12a_0601_107,"[[10, 14, 11, 13], [12, 21, 13, 22], [14, 2, 15, 1], [16, 6, 17, 5], [18, 8, 19, 7], [20, 24, 21, 23], [22, 11, 23, 12], [24, 20, 1, 19], [2, 10, 3, 9], [4, 18, 5, 17], [6, 16, 7, 15], [8, 4, 9, 3]]"
12a_0601_108,"[[9, 5, 10, 4], [11, 15, 12, 14], [13, 22, 14, 23], [15, 3, 16, 2], [17, 7, 18, 6], [19, 9, 20, 8], [21, 1, 22, 24], [23, 12, 24, 13], [1, 21, 2, 20], [3, 11, 4, 10], [5, 19, 6, 18], [7, 17, 8, 16]]"
12a_0601_109,"[[7, 17, 8, 16], [9, 5, 10, 4], [11, 15, 12, 14], [13, 22, 14, 23], [15, 3, 16, 2], [17, 7, 18, 6], [19, 9, 20, 8], [21, 1, 22, 24], [23, 12, 24, 13], [1, 21, 2, 20], [3, 11, 4, 10], [5, 19, 6, 18]]"
12a_0601_110,"[[5, 19, 6, 18], [7, 17, 8, 16], [9, 5, 10, 4], [11, 15, 12, 14], [13, 22, 14, 23], [15, 3, 16, 2], [17, 7, 18, 6], [19, 9, 20, 8], [21, 1, 22, 24], [23, 12, 24, 13], [1, 21, 2, 20], [3, 11, 4, 10]]"
12a_0601_111,"[[3, 11, 4, 10], [5, 19, 6, 18], [7, 17, 8, 16], [9, 5, 10, 4], [11, 15, 12, 14], [13, 22, 14, 23], [15, 3, 16, 2], [17, 7, 18, 6], [19, 9, 20, 8], [21, 1, 22, 24], [23, 12, 24, 13], [1, 21, 2, 20]]"
12a_0601_112,"[[1, 21, 2, 20], [3, 11, 4, 10], [5, 19, 6, 18], [7, 17, 8, 16], [9, 5, 10, 4], [11, 15, 12, 14], [13, 22, 14, 23], [15, 3, 16, 2], [17, 7, 18, 6], [19, 9, 20, 8], [21, 1, 22, 24], [23, 12, 24, 13]]"
12a_0601_113,"[[23, 12, 24, 13], [1, 21, 2, 20], [3, 11, 4, 10], [5, 19, 6, 18], [7, 17, 8, 16], [9, 5, 10, 4], [11, 15, 12, 14], [13, 22, 14, 23], [15, 3, 16, 2], [17, 7, 18, 6], [19, 9, 20, 8], [21, 1, 22, 24]]"
12a_0601_114,"[[21, 1, 22, 24], [23, 12, 24, 13], [1, 21, 2, 20], [3, 11, 4, 10], [5, 19, 6, 18], [7, 17, 8, 16], [9, 5, 10, 4], [11, 15, 12, 14], [13, 22, 14, 23], [15, 3, 16, 2], [17, 7, 18, 6], [19, 9, 20, 8]]"
12a_0601_115,"[[19, 9, 20, 8], [21, 1, 22, 24], [23, 12, 24, 13], [1, 21, 2, 20], [3, 11, 4, 10], [5, 19, 6, 18], [7, 17, 8, 16], [9, 5, 10, 4], [11, 15, 12, 14], [13, 22, 14, 23], [15, 3, 16, 2], [17, 7, 18, 6]]"
12a_0601_116,"[[17, 7, 18, 6], [19, 9, 20, 8], [21, 1, 22, 24], [23, 12, 24, 13], [1, 21, 2, 20], [3, 11, 4, 10], [5, 19, 6, 18], [7, 17, 8, 16], [9, 5, 10, 4], [11, 15, 12, 14], [13, 22, 14, 23], [15, 3, 16, 2]]"
12a_0601_117,"[[15, 3, 16, 2], [17, 7, 18, 6], [19, 9, 20, 8], [21, 1, 22, 24], [23, 12, 24, 13], [1, 21, 2, 20], [3, 11, 4, 10], [5, 19, 6, 18], [7, 17, 8, 16], [9, 5, 10, 4], [11, 15, 12, 14], [13, 22, 14, 23]]"
12a_0601_118,"[[13, 22, 14, 23], [15, 3, 16, 2], [17, 7, 18, 6], [19, 9, 20, 8], [21, 1, 22, 24], [23, 12, 24, 13], [1, 21, 2, 20], [3, 11, 4, 10], [5, 19, 6, 18], [7, 17, 8, 16], [9, 5, 10, 4], [11, 15, 12, 14]]"
12a_0601_119,"[[11, 15, 12, 14], [13, 22, 14, 23], [15, 3, 16, 2], [17, 7, 18, 6], [19, 9, 20, 8], [21, 1, 22, 24], [23, 12, 24, 13], [1, 21, 2, 20], [3, 11, 4, 10], [5, 19, 6, 18], [7, 17, 8, 16], [9, 5, 10, 4]]"
12a_0601_120,"[[10, 6, 11, 5], [12, 16, 13, 15], [14, 23, 15, 24], [16, 4, 17, 3], [18, 8, 19, 7], [20, 10, 21, 9], [22, 2, 23, 1], [24, 13, 1, 14], [2, 22, 3, 21], [4, 12, 5, 11], [6, 20, 7, 19], [8, 18, 9, 17]]"
12a_0601_121,"[[8, 18, 9, 17], [10, 6, 11, 5], [12, 16, 13, 15], [14, 23, 15, 24], [16, 4, 17, 3], [18, 8, 19, 7], [20, 10, 21, 9], [22, 2, 23, 1], [24, 13, 1, 14], [2, 22, 3, 21], [4, 12, 5, 11], [6, 20, 7, 19]]"
12a_0601_122,"[[6, 20, 7, 19], [8, 18, 9, 17], [10, 6, 11, 5], [12, 16, 13, 15], [14, 23, 15, 24], [16, 4, 17, 3], [18, 8, 19, 7], [20, 10, 21, 9], [22, 2, 23, 1], [24, 13, 1, 14], [2, 22, 3, 21], [4, 12, 5, 11]]"
12a_0601_123,"[[4, 12, 5, 11], [6, 20, 7, 19], [8, 18, 9, 17], [10, 6, 11, 5], [12, 16, 13, 15], [14, 23, 15, 24], [16, 4, 17, 3], [18, 8, 19, 7], [20, 10, 21, 9], [22, 2, 23, 1], [24, 13, 1, 14], [2, 22, 3, 21]]"
12a_0601_124,"[[2, 22, 3, 21], [4, 12, 5, 11], [6, 20, 7, 19], [8, 18, 9, 17], [10, 6, 11, 5], [12, 16, 13, 15], [14, 23, 15, 24], [16, 4, 17, 3], [18, 8, 19, 7], [20, 10, 21, 9], [22, 2, 23, 1], [24, 13, 1, 14]]"
12a_0601_125,"[[24, 13, 1, 14], [2, 22, 3, 21], [4, 12, 5, 11], [6, 20, 7, 19], [8, 18, 9, 17], [10, 6, 11, 5], [12, 16, 13, 15], [14, 23, 15, 24], [16, 4, 17, 3], [18, 8, 19, 7], [20, 10, 21, 9], [22, 2, 23, 1]]"
12a_0601_126,"[[22, 2, 23, 1], [24, 13, 1, 14], [2, 22, 3, 21], [4, 12, 5, 11], [6, 20, 7, 19], [8, 18, 9, 17], [10, 6, 11, 5], [12, 16, 13, 15], [14, 23, 15, 24], [16, 4, 17, 3], [18, 8, 19, 7], [20, 10, 21, 9]]"
12a_0601_127,"[[20, 10, 21, 9], [22, 2, 23, 1], [24, 13, 1, 14], [2, 22, 3, 21], [4, 12, 5, 11], [6, 20, 7, 19], [8, 18, 9, 17], [10, 6, 11, 5], [12, 16, 13, 15], [14, 23, 15, 24], [16, 4, 17, 3], [18, 8, 19, 7]]"
12a_0601_128,"[[18, 8, 19, 7], [20, 10, 21, 9], [22, 2, 23, 1], [24, 13, 1, 14], [2, 22, 3, 21], [4, 12, 5, 11], [6, 20, 7, 19], [8, 18, 9, 17], [10, 6, 11, 5], [12, 16, 13, 15], [14, 23, 15, 24], [16, 4, 17, 3]]"
12a_0601_129,"[[16, 4, 17, 3], [18, 8, 19, 7], [20, 10, 21, 9], [22, 2, 23, 1], [24, 13, 1, 14], [2, 22, 3, 21], [4, 12, 5, 11], [6, 20, 7, 19], [8, 18, 9, 17], [10, 6, 11, 5], [12, 16, 13, 15], [14, 23, 15, 24]]"
12a_0601_130,"[[14, 23, 15, 24], [16, 4, 17, 3], [18, 8, 19, 7], [20, 10, 21, 9], [22, 2, 23, 1], [24, 13, 1, 14], [2, 22, 3, 21], [4, 12, 5, 11], [6, 20, 7, 19], [8, 18, 9, 17], [10, 6, 11, 5], [12, 16, 13, 15]]"
12a_0601_131,"[[12, 16, 13, 15], [14, 23, 15, 24], [16, 4, 17, 3], [18, 8, 19, 7], [20, 10, 21, 9], [22, 2, 23, 1], [24, 13, 1, 14], [2, 22, 3, 21], [4, 12, 5, 11], [6, 20, 7, 19], [8, 18, 9, 17], [10, 6, 11, 5]]"
12a_0601_132,"[[11, 7, 12, 6], [13, 17, 14, 16], [15, 24, 16, 1], [17, 5, 18, 4], [19, 9, 20, 8], [21, 11, 22, 10], [23, 3, 24, 2], [1, 14, 2, 15], [3, 23, 4, 22], [5, 13, 6, 12], [7, 21, 8, 20], [9, 19, 10, 18]]"
12a_0601_133,"[[9, 19, 10, 18], [11, 7, 12, 6], [13, 17, 14, 16], [15, 24, 16, 1], [17, 5, 18, 4], [19, 9, 20, 8], [21, 11, 22, 10], [23, 3, 24, 2], [1, 14, 2, 15], [3, 23, 4, 22], [5, 13, 6, 12], [7, 21, 8, 20]]"
12a_0601_134,"[[7, 21, 8, 20], [9, 19, 10, 18], [11, 7, 12, 6], [13, 17, 14, 16], [15, 24, 16, 1], [17, 5, 18, 4], [19, 9, 20, 8], [21, 11, 22, 10], [23, 3, 24, 2], [1, 14, 2, 15], [3, 23, 4, 22], [5, 13, 6, 12]]"
12a_0601_135,"[[5, 13, 6, 12], [7, 21, 8, 20], [9, 19, 10, 18], [11, 7, 12, 6], [13, 17, 14, 16], [15, 24, 16, 1], [17, 5, 18, 4], [19, 9, 20, 8], [21, 11, 22, 10], [23, 3, 24, 2], [1, 14, 2, 15], [3, 23, 4, 22]]"
12a_0601_136,"[[3, 23, 4, 22], [5, 13, 6, 12], [7, 21, 8, 20], [9, 19, 10, 18], [11, 7, 12, 6], [13, 17, 14, 16], [15, 24, 16, 1], [17, 5, 18, 4], [19, 9, 20, 8], [21, 11, 22, 10], [23, 3, 24, 2], [1, 14, 2, 15]]"
12a_0601_137,"[[1, 14, 2, 15], [3, 23, 4, 22], [5, 13, 6, 12], [7, 21, 8, 20], [9, 19, 10, 18], [11, 7, 12, 6], [13, 17, 14, 16], [15, 24, 16, 1], [17, 5, 18, 4], [19, 9, 20, 8], [21, 11, 22, 10], [23, 3, 24, 2]]"
12a_0601_138,"[[23, 3, 24, 2], [1, 14, 2, 15], [3, 23, 4, 22], [5, 13, 6, 12], [7, 21, 8, 20], [9, 19, 10, 18], [11, 7, 12, 6], [13, 17, 14, 16], [15, 24, 16, 1], [17, 5, 18, 4], [19, 9, 20, 8], [21, 11, 22, 10]]"
12a_0601_139,"[[21, 11, 22, 10], [23, 3, 24, 2], [1, 14, 2, 15], [3, 23, 4, 22], [5, 13, 6, 12], [7, 21, 8, 20], [9, 19, 10, 18], [11, 7, 12, 6], [13, 17, 14, 16], [15, 24, 16, 1], [17, 5, 18, 4], [19, 9, 20, 8]]"
12a_0601_140,"[[19, 9, 20, 8], [21, 11, 22, 10], [23, 3, 24, 2], [1, 14, 2, 15], [3, 23, 4, 22], [5, 13, 6, 12], [7, 21, 8, 20], [9, 19, 10, 18], [11, 7, 12, 6], [13, 17, 14, 16], [15, 24, 16, 1], [17, 5, 18, 4]]"
12a_0601_141,"[[17, 5, 18, 4], [19, 9, 20, 8], [21, 11, 22, 10], [23, 3, 24, 2], [1, 14, 2, 15], [3, 23, 4, 22], [5, 13, 6, 12], [7, 21, 8, 20], [9, 19, 10, 18], [11, 7, 12, 6], [13, 17, 14, 16], [15, 24, 16, 1]]"
12a_0601_142,"[[15, 24, 16, 1], [17, 5, 18, 4], [19, 9, 20, 8], [21, 11, 22, 10], [23, 3, 24, 2], [1, 14, 2, 15], [3, 23, 4, 22], [5, 13, 6, 12], [7, 21, 8, 20], [9, 19, 10, 18], [11, 7, 12, 6], [13, 17, 14, 16]]"
12a_0601_143,"[[13, 17, 14, 16], [15, 24, 16, 1], [17, 5, 18, 4], [19, 9, 20, 8], [21, 11, 22, 10], [23, 3, 24, 2], [1, 14, 2, 15], [3, 23, 4, 22], [5, 13, 6, 12], [7, 21, 8, 20], [9, 19, 10, 18], [11, 7, 12, 6]]"
12a_0601_144,"[[12, 8, 13, 7], [14, 18, 15, 17], [16, 1, 17, 2], [18, 6, 19, 5], [20, 10, 21, 9], [22, 12, 23, 11], [24, 4, 1, 3], [2, 15, 3, 16], [4, 24, 5, 23], [6, 14, 7, 13], [8, 22, 9, 21], [10, 20, 11, 19]]"
12a_0601_145,"[[10, 20, 11, 19], [12, 8, 13, 7], [14, 18, 15, 17], [16, 1, 17, 2], [18, 6, 19, 5], [20, 10, 21, 9], [22, 12, 23, 11], [24, 4, 1, 3], [2, 15, 3, 16], [4, 24, 5, 23], [6, 14, 7, 13], [8, 22, 9, 21]]"
12a_0601_146,"[[8, 22, 9, 21], [10, 20, 11, 19], [12, 8, 13, 7], [14, 18, 15, 17], [16, 1, 17, 2], [18, 6, 19, 5], [20, 10, 21, 9], [22, 12, 23, 11], [24, 4, 1, 3], [2, 15, 3, 16], [4, 24, 5, 23], [6, 14, 7, 13]]"
12a_0601_147,"[[6, 14, 7, 13], [8, 22, 9, 21], [10, 20, 11, 19], [12, 8, 13, 7], [14, 18, 15, 17], [16, 1, 17, 2], [18, 6, 19, 5], [20, 10, 21, 9], [22, 12, 23, 11], [24, 4, 1, 3], [2, 15, 3, 16], [4, 24, 5, 23]]"
12a_0601_148,"[[4, 24, 5, 23], [6, 14, 7, 13], [8, 22, 9, 21], [10, 20, 11, 19], [12, 8, 13, 7], [14, 18, 15, 17], [16, 1, 17, 2], [18, 6, 19, 5], [20, 10, 21, 9], [22, 12, 23, 11], [24, 4, 1, 3], [2, 15, 3, 16]]"
12a_0601_149,"[[2, 15, 3, 16], [4, 24, 5, 23], [6, 14, 7, 13], [8, 22, 9, 21], [10, 20, 11, 19], [12, 8, 13, 7], [14, 18, 15, 17], [16, 1, 17, 2], [18, 6, 19, 5], [20, 10, 21, 9], [22, 12, 23, 11], [24, 4, 1, 3]]"
12a_0601_150,"[[24, 4, 1, 3], [2, 15, 3, 16], [4, 24, 5, 23], [6, 14, 7, 13], [8, 22, 9, 21], [10, 20, 11, 19], [12, 8, 13, 7], [14, 18, 15, 17], [16, 1, 17, 2], [18, 6, 19, 5], [20, 10, 21, 9], [22, 12, 23, 11]]"
12a_0601_151,"[[22, 12, 23, 11], [24, 4, 1, 3], [2, 15, 3, 16], [4, 24, 5, 23], [6, 14, 7, 13], [8, 22, 9, 21], [10, 20, 11, 19], [12, 8, 13, 7], [14, 18, 15, 17], [16, 1, 17, 2], [18, 6, 19, 5], [20, 10, 21, 9]]"
12a_0601_152,"[[20, 10, 21, 9], [22, 12, 23, 11], [24, 4, 1, 3], [2, 15, 3, 16], [4, 24, 5, 23], [6, 14, 7, 13], [8, 22, 9, 21], [10, 20, 11, 19], [12, 8, 13, 7], [14, 18, 15, 17], [16, 1, 17, 2], [18, 6, 19, 5]]"
12a_0601_153,"[[18, 6, 19, 5], [20, 10, 21, 9], [22, 12, 23, 11], [24, 4, 1, 3], [2, 15, 3, 16], [4, 24, 5, 23], [6, 14, 7, 13], [8, 22, 9, 21], [10, 20, 11, 19], [12, 8, 13, 7], [14, 18, 15, 17], [16, 1, 17, 2]]"
12a_0601_154,"[[16, 1, 17, 2], [18, 6, 19, 5], [20, 10, 21, 9], [22, 12, 23, 11], [24, 4, 1, 3], [2, 15, 3, 16], [4, 24, 5, 23], [6, 14, 7, 13], [8, 22, 9, 21], [10, 20, 11, 19], [12, 8, 13, 7], [14, 18, 15, 17]]"
12a_0601_155,"[[14, 18, 15, 17], [16, 1, 17, 2], [18, 6, 19, 5], [20, 10, 21, 9], [22, 12, 23, 11], [24, 4, 1, 3], [2, 15, 3, 16], [4, 24, 5, 23], [6, 14, 7, 13], [8, 22, 9, 21], [10, 20, 11, 19], [12, 8, 13, 7]]"
12a_0601_156,"[[13, 9, 14, 8], [15, 19, 16, 18], [17, 2, 18, 3], [19, 7, 20, 6], [21, 11, 22, 10], [23, 13, 24, 12], [1, 5, 2, 4], [3, 16, 4, 17], [5, 1, 6, 24], [7, 15, 8, 14], [9, 23, 10, 22], [11, 21, 12, 20]]"
12a_0601_157,"[[11, 21, 12, 20], [13, 9, 14, 8], [15, 19, 16, 18], [17, 2, 18, 3], [19, 7, 20, 6], [21, 11, 22, 10], [23, 13, 24, 12], [1, 5, 2, 4], [3, 16, 4, 17], [5, 1, 6, 24], [7, 15, 8, 14], [9, 23, 10, 22]]"
12a_0601_158,"[[9, 23, 10, 22], [11, 21, 12, 20], [13, 9, 14, 8], [15, 19, 16, 18], [17, 2, 18, 3], [19, 7, 20, 6], [21, 11, 22, 10], [23, 13, 24, 12], [1, 5, 2, 4], [3, 16, 4, 17], [5, 1, 6, 24], [7, 15, 8, 14]]"
12a_0601_159,"[[7, 15, 8, 14], [9, 23, 10, 22], [11, 21, 12, 20], [13, 9, 14, 8], [15, 19, 16, 18], [17, 2, 18, 3], [19, 7, 20, 6], [21, 11, 22, 10], [23, 13, 24, 12], [1, 5, 2, 4], [3, 16, 4, 17], [5, 1, 6, 24]]"
12a_0601_160,"[[5, 1, 6, 24], [7, 15, 8, 14], [9, 23, 10, 22], [11, 21, 12, 20], [13, 9, 14, 8], [15, 19, 16, 18], [17, 2, 18, 3], [19, 7, 20, 6], [21, 11, 22, 10], [23, 13, 24, 12], [1, 5, 2, 4], [3, 16, 4, 17]]"
12a_0601_161,"[[3, 16, 4, 17], [5, 1, 6, 24], [7, 15, 8, 14], [9, 23, 10, 22], [11, 21, 12, 20], [13, 9, 14, 8], [15, 19, 16, 18], [17, 2, 18, 3], [19, 7, 20, 6], [21, 11, 22, 10], [23, 13, 24, 12], [1, 5, 2, 4]]"
12a_0601_162,"[[1, 5, 2, 4], [3, 16, 4, 17], [5, 1, 6, 24], [7, 15, 8, 14], [9, 23, 10, 22], [11, 21, 12, 20], [13, 9, 14, 8], [15, 19, 16, 18], [17, 2, 18, 3], [19, 7, 20, 6], [21, 11, 22, 10], [23, 13, 24, 12]]"
12a_0601_163,"[[23, 13, 24, 12], [1, 5, 2, 4], [3, 16, 4, 17], [5, 1, 6, 24], [7, 15, 8, 14], [9, 23, 10, 22], [11, 21, 12, 20], [13, 9, 14, 8], [15, 19, 16, 18], [17, 2, 18, 3], [19, 7, 20, 6], [21, 11, 22, 10]]"
12a_0601_164,"[[21, 11, 22, 10], [23, 13, 24, 12], [1, 5, 2, 4], [3, 16, 4, 17], [5, 1, 6, 24], [7, 15, 8, 14], [9, 23, 10, 22], [11, 21, 12, 20], [13, 9, 14, 8], [15, 19, 16, 18], [17, 2, 18, 3], [19, 7, 20, 6]]"
12a_0601_165,"[[19, 7, 20, 6], [21, 11, 22, 10], [23, 13, 24, 12], [1, 5, 2, 4], [3, 16, 4, 17], [5, 1, 6, 24], [7, 15, 8, 14], [9, 23, 10, 22], [11, 21, 12, 20], [13, 9, 14, 8], [15, 19, 16, 18], [17, 2, 18, 3]]"
12a_0601_166,"[[17, 2, 18, 3], [19, 7, 20, 6], [21, 11, 22, 10], [23, 13, 24, 12], [1, 5, 2, 4], [3, 16, 4, 17], [5, 1, 6, 24], [7, 15, 8, 14], [9, 23, 10, 22], [11, 21, 12, 20], [13, 9, 14, 8], [15, 19, 16, 18]]"
12a_0601_167,"[[15, 19, 16, 18], [17, 2, 18, 3], [19, 7, 20, 6], [21, 11, 22, 10], [23, 13, 24, 12], [1, 5, 2, 4], [3, 16, 4, 17], [5, 1, 6, 24], [7, 15, 8, 14], [9, 23, 10, 22], [11, 21, 12, 20], [13, 9, 14, 8]]"
12a_0601_168,"[[14, 10, 15, 9], [16, 20, 17, 19], [18, 3, 19, 4], [20, 8, 21, 7], [22, 12, 23, 11], [24, 14, 1, 13], [2, 6, 3, 5], [4, 17, 5, 18], [6, 2, 7, 1], [8, 16, 9, 15], [10, 24, 11, 23], [12, 22, 13, 21]]"
12a_0601_169,"[[12, 22, 13, 21], [14, 10, 15, 9], [16, 20, 17, 19], [18, 3, 19, 4], [20, 8, 21, 7], [22, 12, 23, 11], [24, 14, 1, 13], [2, 6, 3, 5], [4, 17, 5, 18], [6, 2, 7, 1], [8, 16, 9, 15], [10, 24, 11, 23]]"
12a_0601_170,"[[10, 24, 11, 23], [12, 22, 13, 21], [14, 10, 15, 9], [16, 20, 17, 19], [18, 3, 19, 4], [20, 8, 21, 7], [22, 12, 23, 11], [24, 14, 1, 13], [2, 6, 3, 5], [4, 17, 5, 18], [6, 2, 7, 1], [8, 16, 9, 15]]"
12a_0601_171,"[[8, 16, 9, 15], [10, 24, 11, 23], [12, 22, 13, 21], [14, 10, 15, 9], [16, 20, 17, 19], [18, 3, 19, 4], [20, 8, 21, 7], [22, 12, 23, 11], [24, 14, 1, 13], [2, 6, 3, 5], [4, 17, 5, 18], [6, 2, 7, 1]]"
12a_0601_172,"[[6, 2, 7, 1], [8, 16, 9, 15], [10, 24, 11, 23], [12, 22, 13, 21], [14, 10, 15, 9], [16, 20, 17, 19], [18, 3, 19, 4], [20, 8, 21, 7], [22, 12, 23, 11], [24, 14, 1, 13], [2, 6, 3, 5], [4, 17, 5, 18]]"
12a_0601_173,"[[4, 17, 5, 18], [6, 2, 7, 1], [8, 16, 9, 15], [10, 24, 11, 23], [12, 22, 13, 21], [14, 10, 15, 9], [16, 20, 17, 19], [18, 3, 19, 4], [20, 8, 21, 7], [22, 12, 23, 11], [24, 14, 1, 13], [2, 6, 3, 5]]"
12a_0601_174,"[[2, 6, 3, 5], [4, 17, 5, 18], [6, 2, 7, 1], [8, 16, 9, 15], [10, 24, 11, 23], [12, 22, 13, 21], [14, 10, 15, 9], [16, 20, 17, 19], [18, 3, 19, 4], [20, 8, 21, 7], [22, 12, 23, 11], [24, 14, 1, 13]]"
12a_0601_175,"[[24, 14, 1, 13], [2, 6, 3, 5], [4, 17, 5, 18], [6, 2, 7, 1], [8, 16, 9, 15], [10, 24, 11, 23], [12, 22, 13, 21], [14, 10, 15, 9], [16, 20, 17, 19], [18, 3, 19, 4], [20, 8, 21, 7], [22, 12, 23, 11]]"
12a_0601_176,"[[22, 12, 23, 11], [24, 14, 1, 13], [2, 6, 3, 5], [4, 17, 5, 18], [6, 2, 7, 1], [8, 16, 9, 15], [10, 24, 11, 23], [12, 22, 13, 21], [14, 10, 15, 9], [16, 20, 17, 19], [18, 3, 19, 4], [20, 8, 21, 7]]"
12a_0601_177,"[[20, 8, 21, 7], [22, 12, 23, 11], [24, 14, 1, 13], [2, 6, 3, 5], [4, 17, 5, 18], [6, 2, 7, 1], [8, 16, 9, 15], [10, 24, 11, 23], [12, 22, 13, 21], [14, 10, 15, 9], [16, 20, 17, 19], [18, 3, 19, 4]]"
12a_0601_178,"[[18, 3, 19, 4], [20, 8, 21, 7], [22, 12, 23, 11], [24, 14, 1, 13], [2, 6, 3, 5], [4, 17, 5, 18], [6, 2, 7, 1], [8, 16, 9, 15], [10, 24, 11, 23], [12, 22, 13, 21], [14, 10, 15, 9], [16, 20, 17, 19]]"
12a_0601_179,"[[16, 20, 17, 19], [18, 3, 19, 4], [20, 8, 21, 7], [22, 12, 23, 11], [24, 14, 1, 13], [2, 6, 3, 5], [4, 17, 5, 18], [6, 2, 7, 1], [8, 16, 9, 15], [10, 24, 11, 23], [12, 22, 13, 21], [14, 10, 15, 9]]"
12a_0601_180,"[[15, 11, 16, 10], [17, 21, 18, 20], [19, 4, 20, 5], [21, 9, 22, 8], [23, 13, 24, 12], [1, 15, 2, 14], [3, 7, 4, 6], [5, 18, 6, 19], [7, 3, 8, 2], [9, 17, 10, 16], [11, 1, 12, 24], [13, 23, 14, 22]]"
12a_0601_181,"[[13, 23, 14, 22], [15, 11, 16, 10], [17, 21, 18, 20], [19, 4, 20, 5], [21, 9, 22, 8], [23, 13, 24, 12], [1, 15, 2, 14], [3, 7, 4, 6], [5, 18, 6, 19], [7, 3, 8, 2], [9, 17, 10, 16], [11, 1, 12, 24]]"
12a_0601_182,"[[11, 1, 12, 24], [13, 23, 14, 22], [15, 11, 16, 10], [17, 21, 18, 20], [19, 4, 20, 5], [21, 9, 22, 8], [23, 13, 24, 12], [1, 15, 2, 14], [3, 7, 4, 6], [5, 18, 6, 19], [7, 3, 8, 2], [9, 17, 10, 16]]"
12a_0601_183,"[[9, 17, 10, 16], [11, 1, 12, 24], [13, 23, 14, 22], [15, 11, 16, 10], [17, 21, 18, 20], [19, 4, 20, 5], [21, 9, 22, 8], [23, 13, 24, 12], [1, 15, 2, 14], [3, 7, 4, 6], [5, 18, 6, 19], [7, 3, 8, 2]]"
12a_0601_184,"[[7, 3, 8, 2], [9, 17, 10, 16], [11, 1, 12, 24], [13, 23, 14, 22], [15, 11, 16, 10], [17, 21, 18, 20], [19, 4, 20, 5], [21, 9, 22, 8], [23, 13, 24, 12], [1, 15, 2, 14], [3, 7, 4, 6], [5, 18, 6, 19]]"
12a_0601_185,"[[5, 18, 6, 19], [7, 3, 8, 2], [9, 17, 10, 16], [11, 1, 12, 24], [13, 23, 14, 22], [15, 11, 16, 10], [17, 21, 18, 20], [19, 4, 20, 5], [21, 9, 22, 8], [23, 13, 24, 12], [1, 15, 2, 14], [3, 7, 4, 6]]"
