name,pd_notation
12a_0941_0,"[[24, 10, 1, 9], [2, 8, 3, 7], [4, 11, 5, 12], [6, 17, 7, 18], [8, 2, 9, 1], [10, 20, 11, 19], [12, 5, 13, 6], [14, 22, 15, 21], [16, 24, 17, 23], [18, 3, 19, 4], [20, 14, 21, 13], [22, 16, 23, 15]]"
12a_0941_1,"[[22, 16, 23, 15], [24, 10, 1, 9], [2, 8, 3, 7], [4, 11, 5, 12], [6, 17, 7, 18], [8, 2, 9, 1], [10, 20, 11, 19], [12, 5, 13, 6], [14, 22, 15, 21], [16, 24, 17, 23], [18, 3, 19, 4], [20, 14, 21, 13]]"
12a_0941_2,"[[20, 14, 21, 13], [22, 16, 23, 15], [24, 10, 1, 9], [2, 8, 3, 7], [4, 11, 5, 12], [6, 17, 7, 18], [8, 2, 9, 1], [10, 20, 11, 19], [12, 5, 13, 6], [14, 22, 15, 21], [16, 24, 17, 23], [18, 3, 19, 4]]"
12a_0941_3,"[[18, 3, 19, 4], [20, 14, 21, 13], [22, 16, 23, 15], [24, 10, 1, 9], [2, 8, 3, 7], [4, 11, 5, 12], [6, 17, 7, 18], [8, 2, 9, 1], [10, 20, 11, 19], [12, 5, 13, 6], [14, 22, 15, 21], [16, 24, 17, 23]]"
12a_0941_4,"[[16, 24, 17, 23], [18, 3, 19, 4], [20, 14, 21, 13], [22, 16, 23, 15], [24, 10, 1, 9], [2, 8, 3, 7], [4, 11, 5, 12], [6, 17, 7, 18], [8, 2, 9, 1], [10, 20, 11, 19], [12, 5, 13, 6], [14, 22, 15, 21]]"
12a_0941_5,"[[14, 22, 15, 21], [16, 24, 17, 23], [18, 3, 19, 4], [20, 14, 21, 13], [22, 16, 23, 15], [24, 10, 1, 9], [2, 8, 3, 7], [4, 11, 5, 12], [6, 17, 7, 18], [8, 2, 9, 1], [10, 20, 11, 19], [12, 5, 13, 6]]"
12a_0941_6,"[[12, 5, 13, 6], [14, 22, 15, 21], [16, 24, 17, 23], [18, 3, 19, 4], [20, 14, 21, 13], [22, 16, 23, 15], [24, 10, 1, 9], [2, 8, 3, 7], [4, 11, 5, 12], [6, 17, 7, 18], [8, 2, 9, 1], [10, 20, 11, 19]]"
12a_0941_7,"[[10, 20, 11, 19], [12, 5, 13, 6], [14, 22, 15, 21], [16, 24, 17, 23], [18, 3, 19, 4], [20, 14, 21, 13], [22, 16, 23, 15], [24, 10, 1, 9], [2, 8, 3, 7], [4, 11, 5, 12], [6, 17, 7, 18], [8, 2, 9, 1]]"
12a_0941_8,"[[8, 2, 9, 1], [10, 20, 11, 19], [12, 5, 13, 6], [14, 22, 15, 21], [16, 24, 17, 23], [18, 3, 19, 4], [20, 14, 21, 13], [22, 16, 23, 15], [24, 10, 1, 9], [2, 8, 3, 7], [4, 11, 5, 12], [6, 17, 7, 18]]"
12a_0941_9,"[[6, 17, 7, 18], [8, 2, 9, 1], [10, 20, 11, 19], [12, 5, 13, 6], [14, 22, 15, 21], [16, 24, 17, 23], [18, 3, 19, 4], [20, 14, 21, 13], [22, 16, 23, 15], [24, 10, 1, 9], [2, 8, 3, 7], [4, 11, 5, 12]]"
12a_0941_10,"[[4, 11, 5, 12], [6, 17, 7, 18], [8, 2, 9, 1], [10, 20, 11, 19], [12, 5, 13, 6], [14, 22, 15, 21], [16, 24, 17, 23], [18, 3, 19, 4], [20, 14, 21, 13], [22, 16, 23, 15], [24, 10, 1, 9], [2, 8, 3, 7]]"
12a_0941_11,"[[2, 8, 3, 7], [4, 11, 5, 12], [6, 17, 7, 18], [8, 2, 9, 1], [10, 20, 11, 19], [12, 5, 13, 6], [14, 22, 15, 21], [16, 24, 17, 23], [18, 3, 19, 4], [20, 14, 21, 13], [22, 16, 23, 15], [24, 10, 1, 9]]"
12a_0941_12,"[[1, 11, 2, 10], [3, 9, 4, 8], [5, 12, 6, 13], [7, 18, 8, 19], [9, 3, 10, 2], [11, 21, 12, 20], [13, 6, 14, 7], [15, 23, 16, 22], [17, 1, 18, 24], [19, 4, 20, 5], [21, 15, 22, 14], [23, 17, 24, 16]]"
12a_0941_13,"[[23, 17, 24, 16], [1, 11, 2, 10], [3, 9, 4, 8], [5, 12, 6, 13], [7, 18, 8, 19], [9, 3, 10, 2], [11, 21, 12, 20], [13, 6, 14, 7], [15, 23, 16, 22], [17, 1, 18, 24], [19, 4, 20, 5], [21, 15, 22, 14]]"
12a_0941_14,"[[21, 15, 22, 14], [23, 17, 24, 16], [1, 11, 2, 10], [3, 9, 4, 8], [5, 12, 6, 13], [7, 18, 8, 19], [9, 3, 10, 2], [11, 21, 12, 20], [13, 6, 14, 7], [15, 23, 16, 22], [17, 1, 18, 24], [19, 4, 20, 5]]"
12a_0941_15,"[[19, 4, 20, 5], [21, 15, 22, 14], [23, 17, 24, 16], [1, 11, 2, 10], [3, 9, 4, 8], [5, 12, 6, 13], [7, 18, 8, 19], [9, 3, 10, 2], [11, 21, 12, 20], [13, 6, 14, 7], [15, 23, 16, 22], [17, 1, 18, 24]]"
12a_0941_16,"[[17, 1, 18, 24], [19, 4, 20, 5], [21, 15, 22, 14], [23, 17, 24, 16], [1, 11, 2, 10], [3, 9, 4, 8], [5, 12, 6, 13], [7, 18, 8, 19], [9, 3, 10, 2], [11, 21, 12, 20], [13, 6, 14, 7], [15, 23, 16, 22]]"
12a_0941_17,"[[15, 23, 16, 22], [17, 1, 18, 24], [19, 4, 20, 5], [21, 15, 22, 14], [23, 17, 24, 16], [1, 11, 2, 10], [3, 9, 4, 8], [5, 12, 6, 13], [7, 18, 8, 19], [9, 3, 10, 2], [11, 21, 12, 20], [13, 6, 14, 7]]"
12a_0941_18,"[[13, 6, 14, 7], [15, 23, 16, 22], [17, 1, 18, 24], [19, 4, 20, 5], [21, 15, 22, 14], [23, 17, 24, 16], [1, 11, 2, 10], [3, 9, 4, 8], [5, 12, 6, 13], [7, 18, 8, 19], [9, 3, 10, 2], [11, 21, 12, 20]]"
12a_0941_19,"[[11, 21, 12, 20], [13, 6, 14, 7], [15, 23, 16, 22], [17, 1, 18, 24], [19, 4, 20, 5], [21, 15, 22, 14], [23, 17, 24, 16], [1, 11, 2, 10], [3, 9, 4, 8], [5, 12, 6, 13], [7, 18, 8, 19], [9, 3, 10, 2]]"
12a_0941_20,"[[9, 3, 10, 2], [11, 21, 12, 20], [13, 6, 14, 7], [15, 23, 16, 22], [17, 1, 18, 24], [19, 4, 20, 5], [21, 15, 22, 14], [23, 17, 24, 16], [1, 11, 2, 10], [3, 9, 4, 8], [5, 12, 6, 13], [7, 18, 8, 19]]"
12a_0941_21,"[[7, 18, 8, 19], [9, 3, 10, 2], [11, 21, 12, 20], [13, 6, 14, 7], [15, 23, 16, 22], [17, 1, 18, 24], [19, 4, 20, 5], [21, 15, 22, 14], [23, 17, 24, 16], [1, 11, 2, 10], [3, 9, 4, 8], [5, 12, 6, 13]]"
12a_0941_22,"[[5, 12, 6, 13], [7, 18, 8, 19], [9, 3, 10, 2], [11, 21, 12, 20], [13, 6, 14, 7], [15, 23, 16, 22], [17, 1, 18, 24], [19, 4, 20, 5], [21, 15, 22, 14], [23, 17, 24, 16], [1, 11, 2, 10], [3, 9, 4, 8]]"
12a_0941_23,"[[3, 9, 4, 8], [5, 12, 6, 13], [7, 18, 8, 19], [9, 3, 10, 2], [11, 21, 12, 20], [13, 6, 14, 7], [15, 23, 16, 22], [17, 1, 18, 24], [19, 4, 20, 5], [21, 15, 22, 14], [23, 17, 24, 16], [1, 11, 2, 10]]"
12a_0941_24,"[[2, 12, 3, 11], [4, 10, 5, 9], [6, 13, 7, 14], [8, 19, 9, 20], [10, 4, 11, 3], [12, 22, 13, 21], [14, 7, 15, 8], [16, 24, 17, 23], [18, 2, 19, 1], [20, 5, 21, 6], [22, 16, 23, 15], [24, 18, 1, 17]]"
12a_0941_25,"[[24, 18, 1, 17], [2, 12, 3, 11], [4, 10, 5, 9], [6, 13, 7, 14], [8, 19, 9, 20], [10, 4, 11, 3], [12, 22, 13, 21], [14, 7, 15, 8], [16, 24, 17, 23], [18, 2, 19, 1], [20, 5, 21, 6], [22, 16, 23, 15]]"
12a_0941_26,"[[22, 16, 23, 15], [24, 18, 1, 17], [2, 12, 3, 11], [4, 10, 5, 9], [6, 13, 7, 14], [8, 19, 9, 20], [10, 4, 11, 3], [12, 22, 13, 21], [14, 7, 15, 8], [16, 24, 17, 23], [18, 2, 19, 1], [20, 5, 21, 6]]"
12a_0941_27,"[[20, 5, 21, 6], [22, 16, 23, 15], [24, 18, 1, 17], [2, 12, 3, 11], [4, 10, 5, 9], [6, 13, 7, 14], [8, 19, 9, 20], [10, 4, 11, 3], [12, 22, 13, 21], [14, 7, 15, 8], [16, 24, 17, 23], [18, 2, 19, 1]]"
12a_0941_28,"[[18, 2, 19, 1], [20, 5, 21, 6], [22, 16, 23, 15], [24, 18, 1, 17], [2, 12, 3, 11], [4, 10, 5, 9], [6, 13, 7, 14], [8, 19, 9, 20], [10, 4, 11, 3], [12, 22, 13, 21], [14, 7, 15, 8], [16, 24, 17, 23]]"
12a_0941_29,"[[16, 24, 17, 23], [18, 2, 19, 1], [20, 5, 21, 6], [22, 16, 23, 15], [24, 18, 1, 17], [2, 12, 3, 11], [4, 10, 5, 9], [6, 13, 7, 14], [8, 19, 9, 20], [10, 4, 11, 3], [12, 22, 13, 21], [14, 7, 15, 8]]"
12a_0941_30,"[[14, 7, 15, 8], [16, 24, 17, 23], [18, 2, 19, 1], [20, 5, 21, 6], [22, 16, 23, 15], [24, 18, 1, 17], [2, 12, 3, 11], [4, 10, 5, 9], [6, 13, 7, 14], [8, 19, 9, 20], [10, 4, 11, 3], [12, 22, 13, 21]]"
12a_0941_31,"[[12, 22, 13, 21], [14, 7, 15, 8], [16, 24, 17, 23], [18, 2, 19, 1], [20, 5, 21, 6], [22, 16, 23, 15], [24, 18, 1, 17], [2, 12, 3, 11], [4, 10, 5, 9], [6, 13, 7, 14], [8, 19, 9, 20], [10, 4, 11, 3]]"
12a_0941_32,"[[10, 4, 11, 3], [12, 22, 13, 21], [14, 7, 15, 8], [16, 24, 17, 23], [18, 2, 19, 1], [20, 5, 21, 6], [22, 16, 23, 15], [24, 18, 1, 17], [2, 12, 3, 11], [4, 10, 5, 9], [6, 13, 7, 14], [8, 19, 9, 20]]"
12a_0941_33,"[[8, 19, 9, 20], [10, 4, 11, 3], [12, 22, 13, 21], [14, 7, 15, 8], [16, 24, 17, 23], [18, 2, 19, 1], [20, 5, 21, 6], [22, 16, 23, 15], [24, 18, 1, 17], [2, 12, 3, 11], [4, 10, 5, 9], [6, 13, 7, 14]]"
12a_0941_34,"[[6, 13, 7, 14], [8, 19, 9, 20], [10, 4, 11, 3], [12, 22, 13, 21], [14, 7, 15, 8], [16, 24, 17, 23], [18, 2, 19, 1], [20, 5, 21, 6], [22, 16, 23, 15], [24, 18, 1, 17], [2, 12, 3, 11], [4, 10, 5, 9]]"
12a_0941_35,"[[4, 10, 5, 9], [6, 13, 7, 14], [8, 19, 9, 20], [10, 4, 11, 3], [12, 22, 13, 21], [14, 7, 15, 8], [16, 24, 17, 23], [18, 2, 19, 1], [20, 5, 21, 6], [22, 16, 23, 15], [24, 18, 1, 17], [2, 12, 3, 11]]"
12a_0941_36,"[[3, 13, 4, 12], [5, 11, 6, 10], [7, 14, 8, 15], [9, 20, 10, 21], [11, 5, 12, 4], [13, 23, 14, 22], [15, 8, 16, 9], [17, 1, 18, 24], [19, 3, 20, 2], [21, 6, 22, 7], [23, 17, 24, 16], [1, 19, 2, 18]]"
12a_0941_37,"[[1, 19, 2, 18], [3, 13, 4, 12], [5, 11, 6, 10], [7, 14, 8, 15], [9, 20, 10, 21], [11, 5, 12, 4], [13, 23, 14, 22], [15, 8, 16, 9], [17, 1, 18, 24], [19, 3, 20, 2], [21, 6, 22, 7], [23, 17, 24, 16]]"
12a_0941_38,"[[23, 17, 24, 16], [1, 19, 2, 18], [3, 13, 4, 12], [5, 11, 6, 10], [7, 14, 8, 15], [9, 20, 10, 21], [11, 5, 12, 4], [13, 23, 14, 22], [15, 8, 16, 9], [17, 1, 18, 24], [19, 3, 20, 2], [21, 6, 22, 7]]"
12a_0941_39,"[[21, 6, 22, 7], [23, 17, 24, 16], [1, 19, 2, 18], [3, 13, 4, 12], [5, 11, 6, 10], [7, 14, 8, 15], [9, 20, 10, 21], [11, 5, 12, 4], [13, 23, 14, 22], [15, 8, 16, 9], [17, 1, 18, 24], [19, 3, 20, 2]]"
12a_0941_40,"[[19, 3, 20, 2], [21, 6, 22, 7], [23, 17, 24, 16], [1, 19, 2, 18], [3, 13, 4, 12], [5, 11, 6, 10], [7, 14, 8, 15], [9, 20, 10, 21], [11, 5, 12, 4], [13, 23, 14, 22], [15, 8, 16, 9], [17, 1, 18, 24]]"
12a_0941_41,"[[17, 1, 18, 24], [19, 3, 20, 2], [21, 6, 22, 7], [23, 17, 24, 16], [1, 19, 2, 18], [3, 13, 4, 12], [5, 11, 6, 10], [7, 14, 8, 15], [9, 20, 10, 21], [11, 5, 12, 4], [13, 23, 14, 22], [15, 8, 16, 9]]"
12a_0941_42,"[[15, 8, 16, 9], [17, 1, 18, 24], [19, 3, 20, 2], [21, 6, 22, 7], [23, 17, 24, 16], [1, 19, 2, 18], [3, 13, 4, 12], [5, 11, 6, 10], [7, 14, 8, 15], [9, 20, 10, 21], [11, 5, 12, 4], [13, 23, 14, 22]]"
12a_0941_43,"[[13, 23, 14, 22], [15, 8, 16, 9], [17, 1, 18, 24], [19, 3, 20, 2], [21, 6, 22, 7], [23, 17, 24, 16], [1, 19, 2, 18], [3, 13, 4, 12], [5, 11, 6, 10], [7, 14, 8, 15], [9, 20, 10, 21], [11, 5, 12, 4]]"
12a_0941_44,"[[11, 5, 12, 4], [13, 23, 14, 22], [15, 8, 16, 9], [17, 1, 18, 24], [19, 3, 20, 2], [21, 6, 22, 7], [23, 17, 24, 16], [1, 19, 2, 18], [3, 13, 4, 12], [5, 11, 6, 10], [7, 14, 8, 15], [9, 20, 10, 21]]"
12a_0941_45,"[[9, 20, 10, 21], [11, 5, 12, 4], [13, 23, 14, 22], [15, 8, 16, 9], [17, 1, 18, 24], [19, 3, 20, 2], [21, 6, 22, 7], [23, 17, 24, 16], [1, 19, 2, 18], [3, 13, 4, 12], [5, 11, 6, 10], [7, 14, 8, 15]]"
12a_0941_46,"[[7, 14, 8, 15], [9, 20, 10, 21], [11, 5, 12, 4], [13, 23, 14, 22], [15, 8, 16, 9], [17, 1, 18, 24], [19, 3, 20, 2], [21, 6, 22, 7], [23, 17, 24, 16], [1, 19, 2, 18], [3, 13, 4, 12], [5, 11, 6, 10]]"
12a_0941_47,"[[5, 11, 6, 10], [7, 14, 8, 15], [9, 20, 10, 21], [11, 5, 12, 4], [13, 23, 14, 22], [15, 8, 16, 9], [17, 1, 18, 24], [19, 3, 20, 2], [21, 6, 22, 7], [23, 17, 24, 16], [1, 19, 2, 18], [3, 13, 4, 12]]"
12a_0941_48,"[[4, 14, 5, 13], [6, 12, 7, 11], [8, 15, 9, 16], [10, 21, 11, 22], [12, 6, 13, 5], [14, 24, 15, 23], [16, 9, 17, 10], [18, 2, 19, 1], [20, 4, 21, 3], [22, 7, 23, 8], [24, 18, 1, 17], [2, 20, 3, 19]]"
12a_0941_49,"[[2, 20, 3, 19], [4, 14, 5, 13], [6, 12, 7, 11], [8, 15, 9, 16], [10, 21, 11, 22], [12, 6, 13, 5], [14, 24, 15, 23], [16, 9, 17, 10], [18, 2, 19, 1], [20, 4, 21, 3], [22, 7, 23, 8], [24, 18, 1, 17]]"
12a_0941_50,"[[24, 18, 1, 17], [2, 20, 3, 19], [4, 14, 5, 13], [6, 12, 7, 11], [8, 15, 9, 16], [10, 21, 11, 22], [12, 6, 13, 5], [14, 24, 15, 23], [16, 9, 17, 10], [18, 2, 19, 1], [20, 4, 21, 3], [22, 7, 23, 8]]"
12a_0941_51,"[[22, 7, 23, 8], [24, 18, 1, 17], [2, 20, 3, 19], [4, 14, 5, 13], [6, 12, 7, 11], [8, 15, 9, 16], [10, 21, 11, 22], [12, 6, 13, 5], [14, 24, 15, 23], [16, 9, 17, 10], [18, 2, 19, 1], [20, 4, 21, 3]]"
12a_0941_52,"[[20, 4, 21, 3], [22, 7, 23, 8], [24, 18, 1, 17], [2, 20, 3, 19], [4, 14, 5, 13], [6, 12, 7, 11], [8, 15, 9, 16], [10, 21, 11, 22], [12, 6, 13, 5], [14, 24, 15, 23], [16, 9, 17, 10], [18, 2, 19, 1]]"
12a_0941_53,"[[18, 2, 19, 1], [20, 4, 21, 3], [22, 7, 23, 8], [24, 18, 1, 17], [2, 20, 3, 19], [4, 14, 5, 13], [6, 12, 7, 11], [8, 15, 9, 16], [10, 21, 11, 22], [12, 6, 13, 5], [14, 24, 15, 23], [16, 9, 17, 10]]"
12a_0941_54,"[[16, 9, 17, 10], [18, 2, 19, 1], [20, 4, 21, 3], [22, 7, 23, 8], [24, 18, 1, 17], [2, 20, 3, 19], [4, 14, 5, 13], [6, 12, 7, 11], [8, 15, 9, 16], [10, 21, 11, 22], [12, 6, 13, 5], [14, 24, 15, 23]]"
12a_0941_55,"[[14, 24, 15, 23], [16, 9, 17, 10], [18, 2, 19, 1], [20, 4, 21, 3], [22, 7, 23, 8], [24, 18, 1, 17], [2, 20, 3, 19], [4, 14, 5, 13], [6, 12, 7, 11], [8, 15, 9, 16], [10, 21, 11, 22], [12, 6, 13, 5]]"
12a_0941_56,"[[12, 6, 13, 5], [14, 24, 15, 23], [16, 9, 17, 10], [18, 2, 19, 1], [20, 4, 21, 3], [22, 7, 23, 8], [24, 18, 1, 17], [2, 20, 3, 19], [4, 14, 5, 13], [6, 12, 7, 11], [8, 15, 9, 16], [10, 21, 11, 22]]"
12a_0941_57,"[[10, 21, 11, 22], [12, 6, 13, 5], [14, 24, 15, 23], [16, 9, 17, 10], [18, 2, 19, 1], [20, 4, 21, 3], [22, 7, 23, 8], [24, 18, 1, 17], [2, 20, 3, 19], [4, 14, 5, 13], [6, 12, 7, 11], [8, 15, 9, 16]]"
12a_0941_58,"[[8, 15, 9, 16], [10, 21, 11, 22], [12, 6, 13, 5], [14, 24, 15, 23], [16, 9, 17, 10], [18, 2, 19, 1], [20, 4, 21, 3], [22, 7, 23, 8], [24, 18, 1, 17], [2, 20, 3, 19], [4, 14, 5, 13], [6, 12, 7, 11]]"
12a_0941_59,"[[6, 12, 7, 11], [8, 15, 9, 16], [10, 21, 11, 22], [12, 6, 13, 5], [14, 24, 15, 23], [16, 9, 17, 10], [18, 2, 19, 1], [20, 4, 21, 3], [22, 7, 23, 8], [24, 18, 1, 17], [2, 20, 3, 19], [4, 14, 5, 13]]"
12a_0941_60,"[[5, 15, 6, 14], [7, 13, 8, 12], [9, 16, 10, 17], [11, 22, 12, 23], [13, 7, 14, 6], [15, 1, 16, 24], [17, 10, 18, 11], [19, 3, 20, 2], [21, 5, 22, 4], [23, 8, 24, 9], [1, 19, 2, 18], [3, 21, 4, 20]]"
12a_0941_61,"[[3, 21, 4, 20], [5, 15, 6, 14], [7, 13, 8, 12], [9, 16, 10, 17], [11, 22, 12, 23], [13, 7, 14, 6], [15, 1, 16, 24], [17, 10, 18, 11], [19, 3, 20, 2], [21, 5, 22, 4], [23, 8, 24, 9], [1, 19, 2, 18]]"
12a_0941_62,"[[1, 19, 2, 18], [3, 21, 4, 20], [5, 15, 6, 14], [7, 13, 8, 12], [9, 16, 10, 17], [11, 22, 12, 23], [13, 7, 14, 6], [15, 1, 16, 24], [17, 10, 18, 11], [19, 3, 20, 2], [21, 5, 22, 4], [23, 8, 24, 9]]"
12a_0941_63,"[[23, 8, 24, 9], [1, 19, 2, 18], [3, 21, 4, 20], [5, 15, 6, 14], [7, 13, 8, 12], [9, 16, 10, 17], [11, 22, 12, 23], [13, 7, 14, 6], [15, 1, 16, 24], [17, 10, 18, 11], [19, 3, 20, 2], [21, 5, 22, 4]]"
12a_0941_64,"[[21, 5, 22, 4], [23, 8, 24, 9], [1, 19, 2, 18], [3, 21, 4, 20], [5, 15, 6, 14], [7, 13, 8, 12], [9, 16, 10, 17], [11, 22, 12, 23], [13, 7, 14, 6], [15, 1, 16, 24], [17, 10, 18, 11], [19, 3, 20, 2]]"
12a_0941_65,"[[19, 3, 20, 2], [21, 5, 22, 4], [23, 8, 24, 9], [1, 19, 2, 18], [3, 21, 4, 20], [5, 15, 6, 14], [7, 13, 8, 12], [9, 16, 10, 17], [11, 22, 12, 23], [13, 7, 14, 6], [15, 1, 16, 24], [17, 10, 18, 11]]"
12a_0941_66,"[[17, 10, 18, 11], [19, 3, 20, 2], [21, 5, 22, 4], [23, 8, 24, 9], [1, 19, 2, 18], [3, 21, 4, 20], [5, 15, 6, 14], [7, 13, 8, 12], [9, 16, 10, 17], [11, 22, 12, 23], [13, 7, 14, 6], [15, 1, 16, 24]]"
12a_0941_67,"[[15, 1, 16, 24], [17, 10, 18, 11], [19, 3, 20, 2], [21, 5, 22, 4], [23, 8, 24, 9], [1, 19, 2, 18], [3, 21, 4, 20], [5, 15, 6, 14], [7, 13, 8, 12], [9, 16, 10, 17], [11, 22, 12, 23], [13, 7, 14, 6]]"
12a_0941_68,"[[13, 7, 14, 6], [15, 1, 16, 24], [17, 10, 18, 11], [19, 3, 20, 2], [21, 5, 22, 4], [23, 8, 24, 9], [1, 19, 2, 18], [3, 21, 4, 20], [5, 15, 6, 14], [7, 13, 8, 12], [9, 16, 10, 17], [11, 22, 12, 23]]"
12a_0941_69,"[[11, 22, 12, 23], [13, 7, 14, 6], [15, 1, 16, 24], [17, 10, 18, 11], [19, 3, 20, 2], [21, 5, 22, 4], [23, 8, 24, 9], [1, 19, 2, 18], [3, 21, 4, 20], [5, 15, 6, 14], [7, 13, 8, 12], [9, 16, 10, 17]]"
12a_0941_70,"[[9, 16, 10, 17], [11, 22, 12, 23], [13, 7, 14, 6], [15, 1, 16, 24], [17, 10, 18, 11], [19, 3, 20, 2], [21, 5, 22, 4], [23, 8, 24, 9], [1, 19, 2, 18], [3, 21, 4, 20], [5, 15, 6, 14], [7, 13, 8, 12]]"
12a_0941_71,"[[7, 13, 8, 12], [9, 16, 10, 17], [11, 22, 12, 23], [13, 7, 14, 6], [15, 1, 16, 24], [17, 10, 18, 11], [19, 3, 20, 2], [21, 5, 22, 4], [23, 8, 24, 9], [1, 19, 2, 18], [3, 21, 4, 20], [5, 15, 6, 14]]"
12a_0941_72,"[[6, 16, 7, 15], [8, 14, 9, 13], [10, 17, 11, 18], [12, 23, 13, 24], [14, 8, 15, 7], [16, 2, 17, 1], [18, 11, 19, 12], [20, 4, 21, 3], [22, 6, 23, 5], [24, 9, 1, 10], [2, 20, 3, 19], [4, 22, 5, 21]]"
12a_0941_73,"[[4, 22, 5, 21], [6, 16, 7, 15], [8, 14, 9, 13], [10, 17, 11, 18], [12, 23, 13, 24], [14, 8, 15, 7], [16, 2, 17, 1], [18, 11, 19, 12], [20, 4, 21, 3], [22, 6, 23, 5], [24, 9, 1, 10], [2, 20, 3, 19]]"
12a_0941_74,"[[2, 20, 3, 19], [4, 22, 5, 21], [6, 16, 7, 15], [8, 14, 9, 13], [10, 17, 11, 18], [12, 23, 13, 24], [14, 8, 15, 7], [16, 2, 17, 1], [18, 11, 19, 12], [20, 4, 21, 3], [22, 6, 23, 5], [24, 9, 1, 10]]"
12a_0941_75,"[[24, 9, 1, 10], [2, 20, 3, 19], [4, 22, 5, 21], [6, 16, 7, 15], [8, 14, 9, 13], [10, 17, 11, 18], [12, 23, 13, 24], [14, 8, 15, 7], [16, 2, 17, 1], [18, 11, 19, 12], [20, 4, 21, 3], [22, 6, 23, 5]]"
12a_0941_76,"[[22, 6, 23, 5], [24, 9, 1, 10], [2, 20, 3, 19], [4, 22, 5, 21], [6, 16, 7, 15], [8, 14, 9, 13], [10, 17, 11, 18], [12, 23, 13, 24], [14, 8, 15, 7], [16, 2, 17, 1], [18, 11, 19, 12], [20, 4, 21, 3]]"
12a_0941_77,"[[20, 4, 21, 3], [22, 6, 23, 5], [24, 9, 1, 10], [2, 20, 3, 19], [4, 22, 5, 21], [6, 16, 7, 15], [8, 14, 9, 13], [10, 17, 11, 18], [12, 23, 13, 24], [14, 8, 15, 7], [16, 2, 17, 1], [18, 11, 19, 12]]"
12a_0941_78,"[[18, 11, 19, 12], [20, 4, 21, 3], [22, 6, 23, 5], [24, 9, 1, 10], [2, 20, 3, 19], [4, 22, 5, 21], [6, 16, 7, 15], [8, 14, 9, 13], [10, 17, 11, 18], [12, 23, 13, 24], [14, 8, 15, 7], [16, 2, 17, 1]]"
12a_0941_79,"[[16, 2, 17, 1], [18, 11, 19, 12], [20, 4, 21, 3], [22, 6, 23, 5], [24, 9, 1, 10], [2, 20, 3, 19], [4, 22, 5, 21], [6, 16, 7, 15], [8, 14, 9, 13], [10, 17, 11, 18], [12, 23, 13, 24], [14, 8, 15, 7]]"
12a_0941_80,"[[14, 8, 15, 7], [16, 2, 17, 1], [18, 11, 19, 12], [20, 4, 21, 3], [22, 6, 23, 5], [24, 9, 1, 10], [2, 20, 3, 19], [4, 22, 5, 21], [6, 16, 7, 15], [8, 14, 9, 13], [10, 17, 11, 18], [12, 23, 13, 24]]"
12a_0941_81,"[[12, 23, 13, 24], [14, 8, 15, 7], [16, 2, 17, 1], [18, 11, 19, 12], [20, 4, 21, 3], [22, 6, 23, 5], [24, 9, 1, 10], [2, 20, 3, 19], [4, 22, 5, 21], [6, 16, 7, 15], [8, 14, 9, 13], [10, 17, 11, 18]]"
12a_0941_82,"[[10, 17, 11, 18], [12, 23, 13, 24], [14, 8, 15, 7], [16, 2, 17, 1], [18, 11, 19, 12], [20, 4, 21, 3], [22, 6, 23, 5], [24, 9, 1, 10], [2, 20, 3, 19], [4, 22, 5, 21], [6, 16, 7, 15], [8, 14, 9, 13]]"
12a_0941_83,"[[8, 14, 9, 13], [10, 17, 11, 18], [12, 23, 13, 24], [14, 8, 15, 7], [16, 2, 17, 1], [18, 11, 19, 12], [20, 4, 21, 3], [22, 6, 23, 5], [24, 9, 1, 10], [2, 20, 3, 19], [4, 22, 5, 21], [6, 16, 7, 15]]"
12a_0941_84,"[[7, 17, 8, 16], [9, 15, 10, 14], [11, 18, 12, 19], [13, 24, 14, 1], [15, 9, 16, 8], [17, 3, 18, 2], [19, 12, 20, 13], [21, 5, 22, 4], [23, 7, 24, 6], [1, 10, 2, 11], [3, 21, 4, 20], [5, 23, 6, 22]]"
12a_0941_85,"[[5, 23, 6, 22], [7, 17, 8, 16], [9, 15, 10, 14], [11, 18, 12, 19], [13, 24, 14, 1], [15, 9, 16, 8], [17, 3, 18, 2], [19, 12, 20, 13], [21, 5, 22, 4], [23, 7, 24, 6], [1, 10, 2, 11], [3, 21, 4, 20]]"
12a_0941_86,"[[3, 21, 4, 20], [5, 23, 6, 22], [7, 17, 8, 16], [9, 15, 10, 14], [11, 18, 12, 19], [13, 24, 14, 1], [15, 9, 16, 8], [17, 3, 18, 2], [19, 12, 20, 13], [21, 5, 22, 4], [23, 7, 24, 6], [1, 10, 2, 11]]"
12a_0941_87,"[[1, 10, 2, 11], [3, 21, 4, 20], [5, 23, 6, 22], [7, 17, 8, 16], [9, 15, 10, 14], [11, 18, 12, 19], [13, 24, 14, 1], [15, 9, 16, 8], [17, 3, 18, 2], [19, 12, 20, 13], [21, 5, 22, 4], [23, 7, 24, 6]]"
12a_0941_88,"[[23, 7, 24, 6], [1, 10, 2, 11], [3, 21, 4, 20], [5, 23, 6, 22], [7, 17, 8, 16], [9, 15, 10, 14], [11, 18, 12, 19], [13, 24, 14, 1], [15, 9, 16, 8], [17, 3, 18, 2], [19, 12, 20, 13], [21, 5, 22, 4]]"
12a_0941_89,"[[21, 5, 22, 4], [23, 7, 24, 6], [1, 10, 2, 11], [3, 21, 4, 20], [5, 23, 6, 22], [7, 17, 8, 16], [9, 15, 10, 14], [11, 18, 12, 19], [13, 24, 14, 1], [15, 9, 16, 8], [17, 3, 18, 2], [19, 12, 20, 13]]"
12a_0941_90,"[[19, 12, 20, 13], [21, 5, 22, 4], [23, 7, 24, 6], [1, 10, 2, 11], [3, 21, 4, 20], [5, 23, 6, 22], [7, 17, 8, 16], [9, 15, 10, 14], [11, 18, 12, 19], [13, 24, 14, 1], [15, 9, 16, 8], [17, 3, 18, 2]]"
12a_0941_91,"[[17, 3, 18, 2], [19, 12, 20, 13], [21, 5, 22, 4], [23, 7, 24, 6], [1, 10, 2, 11], [3, 21, 4, 20], [5, 23, 6, 22], [7, 17, 8, 16], [9, 15, 10, 14], [11, 18, 12, 19], [13, 24, 14, 1], [15, 9, 16, 8]]"
12a_0941_92,"[[15, 9, 16, 8], [17, 3, 18, 2], [19, 12, 20, 13], [21, 5, 22, 4], [23, 7, 24, 6], [1, 10, 2, 11], [3, 21, 4, 20], [5, 23, 6, 22], [7, 17, 8, 16], [9, 15, 10, 14], [11, 18, 12, 19], [13, 24, 14, 1]]"
12a_0941_93,"[[13, 24, 14, 1], [15, 9, 16, 8], [17, 3, 18, 2], [19, 12, 20, 13], [21, 5, 22, 4], [23, 7, 24, 6], [1, 10, 2, 11], [3, 21, 4, 20], [5, 23, 6, 22], [7, 17, 8, 16], [9, 15, 10, 14], [11, 18, 12, 19]]"
12a_0941_94,"[[11, 18, 12, 19], [13, 24, 14, 1], [15, 9, 16, 8], [17, 3, 18, 2], [19, 12, 20, 13], [21, 5, 22, 4], [23, 7, 24, 6], [1, 10, 2, 11], [3, 21, 4, 20], [5, 23, 6, 22], [7, 17, 8, 16], [9, 15, 10, 14]]"
12a_0941_95,"[[9, 15, 10, 14], [11, 18, 12, 19], [13, 24, 14, 1], [15, 9, 16, 8], [17, 3, 18, 2], [19, 12, 20, 13], [21, 5, 22, 4], [23, 7, 24, 6], [1, 10, 2, 11], [3, 21, 4, 20], [5, 23, 6, 22], [7, 17, 8, 16]]"
12a_0941_96,"[[8, 18, 9, 17], [10, 16, 11, 15], [12, 19, 13, 20], [14, 1, 15, 2], [16, 10, 17, 9], [18, 4, 19, 3], [20, 13, 21, 14], [22, 6, 23, 5], [24, 8, 1, 7], [2, 11, 3, 12], [4, 22, 5, 21], [6, 24, 7, 23]]"
12a_0941_97,"[[6, 24, 7, 23], [8, 18, 9, 17], [10, 16, 11, 15], [12, 19, 13, 20], [14, 1, 15, 2], [16, 10, 17, 9], [18, 4, 19, 3], [20, 13, 21, 14], [22, 6, 23, 5], [24, 8, 1, 7], [2, 11, 3, 12], [4, 22, 5, 21]]"
12a_0941_98,"[[4, 22, 5, 21], [6, 24, 7, 23], [8, 18, 9, 17], [10, 16, 11, 15], [12, 19, 13, 20], [14, 1, 15, 2], [16, 10, 17, 9], [18, 4, 19, 3], [20, 13, 21, 14], [22, 6, 23, 5], [24, 8, 1, 7], [2, 11, 3, 12]]"
12a_0941_99,"[[2, 11, 3, 12], [4, 22, 5, 21], [6, 24, 7, 23], [8, 18, 9, 17], [10, 16, 11, 15], [12, 19, 13, 20], [14, 1, 15, 2], [16, 10, 17, 9], [18, 4, 19, 3], [20, 13, 21, 14], [22, 6, 23, 5], [24, 8, 1, 7]]"
12a_0941_100,"[[24, 8, 1, 7], [2, 11, 3, 12], [4, 22, 5, 21], [6, 24, 7, 23], [8, 18, 9, 17], [10, 16, 11, 15], [12, 19, 13, 20], [14, 1, 15, 2], [16, 10, 17, 9], [18, 4, 19, 3], [20, 13, 21, 14], [22, 6, 23, 5]]"
12a_0941_101,"[[22, 6, 23, 5], [24, 8, 1, 7], [2, 11, 3, 12], [4, 22, 5, 21], [6, 24, 7, 23], [8, 18, 9, 17], [10, 16, 11, 15], [12, 19, 13, 20], [14, 1, 15, 2], [16, 10, 17, 9], [18, 4, 19, 3], [20, 13, 21, 14]]"
12a_0941_102,"[[20, 13, 21, 14], [22, 6, 23, 5], [24, 8, 1, 7], [2, 11, 3, 12], [4, 22, 5, 21], [6, 24, 7, 23], [8, 18, 9, 17], [10, 16, 11, 15], [12, 19, 13, 20], [14, 1, 15, 2], [16, 10, 17, 9], [18, 4, 19, 3]]"
12a_0941_103,"[[18, 4, 19, 3], [20, 13, 21, 14], [22, 6, 23, 5], [24, 8, 1, 7], [2, 11, 3, 12], [4, 22, 5, 21], [6, 24, 7, 23], [8, 18, 9, 17], [10, 16, 11, 15], [12, 19, 13, 20], [14, 1, 15, 2], [16, 10, 17, 9]]"
12a_0941_104,"[[16, 10, 17, 9], [18, 4, 19, 3], [20, 13, 21, 14], [22, 6, 23, 5], [24, 8, 1, 7], [2, 11, 3, 12], [4, 22, 5, 21], [6, 24, 7, 23], [8, 18, 9, 17], [10, 16, 11, 15], [12, 19, 13, 20], [14, 1, 15, 2]]"
12a_0941_105,"[[14, 1, 15, 2], [16, 10, 17, 9], [18, 4, 19, 3], [20, 13, 21, 14], [22, 6, 23, 5], [24, 8, 1, 7], [2, 11, 3, 12], [4, 22, 5, 21], [6, 24, 7, 23], [8, 18, 9, 17], [10, 16, 11, 15], [12, 19, 13, 20]]"
12a_0941_106,"[[12, 19, 13, 20], [14, 1, 15, 2], [16, 10, 17, 9], [18, 4, 19, 3], [20, 13, 21, 14], [22, 6, 23, 5], [24, 8, 1, 7], [2, 11, 3, 12], [4, 22, 5, 21], [6, 24, 7, 23], [8, 18, 9, 17], [10, 16, 11, 15]]"
12a_0941_107,"[[10, 16, 11, 15], [12, 19, 13, 20], [14, 1, 15, 2], [16, 10, 17, 9], [18, 4, 19, 3], [20, 13, 21, 14], [22, 6, 23, 5], [24, 8, 1, 7], [2, 11, 3, 12], [4, 22, 5, 21], [6, 24, 7, 23], [8, 18, 9, 17]]"
12a_0941_108,"[[9, 19, 10, 18], [11, 17, 12, 16], [13, 20, 14, 21], [15, 2, 16, 3], [17, 11, 18, 10], [19, 5, 20, 4], [21, 14, 22, 15], [23, 7, 24, 6], [1, 9, 2, 8], [3, 12, 4, 13], [5, 23, 6, 22], [7, 1, 8, 24]]"
12a_0941_109,"[[7, 1, 8, 24], [9, 19, 10, 18], [11, 17, 12, 16], [13, 20, 14, 21], [15, 2, 16, 3], [17, 11, 18, 10], [19, 5, 20, 4], [21, 14, 22, 15], [23, 7, 24, 6], [1, 9, 2, 8], [3, 12, 4, 13], [5, 23, 6, 22]]"
12a_0941_110,"[[5, 23, 6, 22], [7, 1, 8, 24], [9, 19, 10, 18], [11, 17, 12, 16], [13, 20, 14, 21], [15, 2, 16, 3], [17, 11, 18, 10], [19, 5, 20, 4], [21, 14, 22, 15], [23, 7, 24, 6], [1, 9, 2, 8], [3, 12, 4, 13]]"
12a_0941_111,"[[3, 12, 4, 13], [5, 23, 6, 22], [7, 1, 8, 24], [9, 19, 10, 18], [11, 17, 12, 16], [13, 20, 14, 21], [15, 2, 16, 3], [17, 11, 18, 10], [19, 5, 20, 4], [21, 14, 22, 15], [23, 7, 24, 6], [1, 9, 2, 8]]"
12a_0941_112,"[[1, 9, 2, 8], [3, 12, 4, 13], [5, 23, 6, 22], [7, 1, 8, 24], [9, 19, 10, 18], [11, 17, 12, 16], [13, 20, 14, 21], [15, 2, 16, 3], [17, 11, 18, 10], [19, 5, 20, 4], [21, 14, 22, 15], [23, 7, 24, 6]]"
12a_0941_113,"[[23, 7, 24, 6], [1, 9, 2, 8], [3, 12, 4, 13], [5, 23, 6, 22], [7, 1, 8, 24], [9, 19, 10, 18], [11, 17, 12, 16], [13, 20, 14, 21], [15, 2, 16, 3], [17, 11, 18, 10], [19, 5, 20, 4], [21, 14, 22, 15]]"
12a_0941_114,"[[21, 14, 22, 15], [23, 7, 24, 6], [1, 9, 2, 8], [3, 12, 4, 13], [5, 23, 6, 22], [7, 1, 8, 24], [9, 19, 10, 18], [11, 17, 12, 16], [13, 20, 14, 21], [15, 2, 16, 3], [17, 11, 18, 10], [19, 5, 20, 4]]"
12a_0941_115,"[[19, 5, 20, 4], [21, 14, 22, 15], [23, 7, 24, 6], [1, 9, 2, 8], [3, 12, 4, 13], [5, 23, 6, 22], [7, 1, 8, 24], [9, 19, 10, 18], [11, 17, 12, 16], [13, 20, 14, 21], [15, 2, 16, 3], [17, 11, 18, 10]]"
12a_0941_116,"[[17, 11, 18, 10], [19, 5, 20, 4], [21, 14, 22, 15], [23, 7, 24, 6], [1, 9, 2, 8], [3, 12, 4, 13], [5, 23, 6, 22], [7, 1, 8, 24], [9, 19, 10, 18], [11, 17, 12, 16], [13, 20, 14, 21], [15, 2, 16, 3]]"
12a_0941_117,"[[15, 2, 16, 3], [17, 11, 18, 10], [19, 5, 20, 4], [21, 14, 22, 15], [23, 7, 24, 6], [1, 9, 2, 8], [3, 12, 4, 13], [5, 23, 6, 22], [7, 1, 8, 24], [9, 19, 10, 18], [11, 17, 12, 16], [13, 20, 14, 21]]"
12a_0941_118,"[[13, 20, 14, 21], [15, 2, 16, 3], [17, 11, 18, 10], [19, 5, 20, 4], [21, 14, 22, 15], [23, 7, 24, 6], [1, 9, 2, 8], [3, 12, 4, 13], [5, 23, 6, 22], [7, 1, 8, 24], [9, 19, 10, 18], [11, 17, 12, 16]]"
12a_0941_119,"[[11, 17, 12, 16], [13, 20, 14, 21], [15, 2, 16, 3], [17, 11, 18, 10], [19, 5, 20, 4], [21, 14, 22, 15], [23, 7, 24, 6], [1, 9, 2, 8], [3, 12, 4, 13], [5, 23, 6, 22], [7, 1, 8, 24], [9, 19, 10, 18]]"
12a_0941_120,"[[10, 20, 11, 19], [12, 18, 13, 17], [14, 21, 15, 22], [16, 3, 17, 4], [18, 12, 19, 11], [20, 6, 21, 5], [22, 15, 23, 16], [24, 8, 1, 7], [2, 10, 3, 9], [4, 13, 5, 14], [6, 24, 7, 23], [8, 2, 9, 1]]"
12a_0941_121,"[[8, 2, 9, 1], [10, 20, 11, 19], [12, 18, 13, 17], [14, 21, 15, 22], [16, 3, 17, 4], [18, 12, 19, 11], [20, 6, 21, 5], [22, 15, 23, 16], [24, 8, 1, 7], [2, 10, 3, 9], [4, 13, 5, 14], [6, 24, 7, 23]]"
12a_0941_122,"[[6, 24, 7, 23], [8, 2, 9, 1], [10, 20, 11, 19], [12, 18, 13, 17], [14, 21, 15, 22], [16, 3, 17, 4], [18, 12, 19, 11], [20, 6, 21, 5], [22, 15, 23, 16], [24, 8, 1, 7], [2, 10, 3, 9], [4, 13, 5, 14]]"
12a_0941_123,"[[4, 13, 5, 14], [6, 24, 7, 23], [8, 2, 9, 1], [10, 20, 11, 19], [12, 18, 13, 17], [14, 21, 15, 22], [16, 3, 17, 4], [18, 12, 19, 11], [20, 6, 21, 5], [22, 15, 23, 16], [24, 8, 1, 7], [2, 10, 3, 9]]"
12a_0941_124,"[[2, 10, 3, 9], [4, 13, 5, 14], [6, 24, 7, 23], [8, 2, 9, 1], [10, 20, 11, 19], [12, 18, 13, 17], [14, 21, 15, 22], [16, 3, 17, 4], [18, 12, 19, 11], [20, 6, 21, 5], [22, 15, 23, 16], [24, 8, 1, 7]]"
12a_0941_125,"[[24, 8, 1, 7], [2, 10, 3, 9], [4, 13, 5, 14], [6, 24, 7, 23], [8, 2, 9, 1], [10, 20, 11, 19], [12, 18, 13, 17], [14, 21, 15, 22], [16, 3, 17, 4], [18, 12, 19, 11], [20, 6, 21, 5], [22, 15, 23, 16]]"
12a_0941_126,"[[22, 15, 23, 16], [24, 8, 1, 7], [2, 10, 3, 9], [4, 13, 5, 14], [6, 24, 7, 23], [8, 2, 9, 1], [10, 20, 11, 19], [12, 18, 13, 17], [14, 21, 15, 22], [16, 3, 17, 4], [18, 12, 19, 11], [20, 6, 21, 5]]"
12a_0941_127,"[[20, 6, 21, 5], [22, 15, 23, 16], [24, 8, 1, 7], [2, 10, 3, 9], [4, 13, 5, 14], [6, 24, 7, 23], [8, 2, 9, 1], [10, 20, 11, 19], [12, 18, 13, 17], [14, 21, 15, 22], [16, 3, 17, 4], [18, 12, 19, 11]]"
12a_0941_128,"[[18, 12, 19, 11], [20, 6, 21, 5], [22, 15, 23, 16], [24, 8, 1, 7], [2, 10, 3, 9], [4, 13, 5, 14], [6, 24, 7, 23], [8, 2, 9, 1], [10, 20, 11, 19], [12, 18, 13, 17], [14, 21, 15, 22], [16, 3, 17, 4]]"
12a_0941_129,"[[16, 3, 17, 4], [18, 12, 19, 11], [20, 6, 21, 5], [22, 15, 23, 16], [24, 8, 1, 7], [2, 10, 3, 9], [4, 13, 5, 14], [6, 24, 7, 23], [8, 2, 9, 1], [10, 20, 11, 19], [12, 18, 13, 17], [14, 21, 15, 22]]"
12a_0941_130,"[[14, 21, 15, 22], [16, 3, 17, 4], [18, 12, 19, 11], [20, 6, 21, 5], [22, 15, 23, 16], [24, 8, 1, 7], [2, 10, 3, 9], [4, 13, 5, 14], [6, 24, 7, 23], [8, 2, 9, 1], [10, 20, 11, 19], [12, 18, 13, 17]]"
12a_0941_131,"[[12, 18, 13, 17], [14, 21, 15, 22], [16, 3, 17, 4], [18, 12, 19, 11], [20, 6, 21, 5], [22, 15, 23, 16], [24, 8, 1, 7], [2, 10, 3, 9], [4, 13, 5, 14], [6, 24, 7, 23], [8, 2, 9, 1], [10, 20, 11, 19]]"
12a_0941_132,"[[11, 21, 12, 20], [13, 19, 14, 18], [15, 22, 16, 23], [17, 4, 18, 5], [19, 13, 20, 12], [21, 7, 22, 6], [23, 16, 24, 17], [1, 9, 2, 8], [3, 11, 4, 10], [5, 14, 6, 15], [7, 1, 8, 24], [9, 3, 10, 2]]"
12a_0941_133,"[[9, 3, 10, 2], [11, 21, 12, 20], [13, 19, 14, 18], [15, 22, 16, 23], [17, 4, 18, 5], [19, 13, 20, 12], [21, 7, 22, 6], [23, 16, 24, 17], [1, 9, 2, 8], [3, 11, 4, 10], [5, 14, 6, 15], [7, 1, 8, 24]]"
12a_0941_134,"[[7, 1, 8, 24], [9, 3, 10, 2], [11, 21, 12, 20], [13, 19, 14, 18], [15, 22, 16, 23], [17, 4, 18, 5], [19, 13, 20, 12], [21, 7, 22, 6], [23, 16, 24, 17], [1, 9, 2, 8], [3, 11, 4, 10], [5, 14, 6, 15]]"
12a_0941_135,"[[5, 14, 6, 15], [7, 1, 8, 24], [9, 3, 10, 2], [11, 21, 12, 20], [13, 19, 14, 18], [15, 22, 16, 23], [17, 4, 18, 5], [19, 13, 20, 12], [21, 7, 22, 6], [23, 16, 24, 17], [1, 9, 2, 8], [3, 11, 4, 10]]"
12a_0941_136,"[[3, 11, 4, 10], [5, 14, 6, 15], [7, 1, 8, 24], [9, 3, 10, 2], [11, 21, 12, 20], [13, 19, 14, 18], [15, 22, 16, 23], [17, 4, 18, 5], [19, 13, 20, 12], [21, 7, 22, 6], [23, 16, 24, 17], [1, 9, 2, 8]]"
12a_0941_137,"[[1, 9, 2, 8], [3, 11, 4, 10], [5, 14, 6, 15], [7, 1, 8, 24], [9, 3, 10, 2], [11, 21, 12, 20], [13, 19, 14, 18], [15, 22, 16, 23], [17, 4, 18, 5], [19, 13, 20, 12], [21, 7, 22, 6], [23, 16, 24, 17]]"
12a_0941_138,"[[23, 16, 24, 17], [1, 9, 2, 8], [3, 11, 4, 10], [5, 14, 6, 15], [7, 1, 8, 24], [9, 3, 10, 2], [11, 21, 12, 20], [13, 19, 14, 18], [15, 22, 16, 23], [17, 4, 18, 5], [19, 13, 20, 12], [21, 7, 22, 6]]"
12a_0941_139,"[[21, 7, 22, 6], [23, 16, 24, 17], [1, 9, 2, 8], [3, 11, 4, 10], [5, 14, 6, 15], [7, 1, 8, 24], [9, 3, 10, 2], [11, 21, 12, 20], [13, 19, 14, 18], [15, 22, 16, 23], [17, 4, 18, 5], [19, 13, 20, 12]]"
12a_0941_140,"[[19, 13, 20, 12], [21, 7, 22, 6], [23, 16, 24, 17], [1, 9, 2, 8], [3, 11, 4, 10], [5, 14, 6, 15], [7, 1, 8, 24], [9, 3, 10, 2], [11, 21, 12, 20], [13, 19, 14, 18], [15, 22, 16, 23], [17, 4, 18, 5]]"
12a_0941_141,"[[17, 4, 18, 5], [19, 13, 20, 12], [21, 7, 22, 6], [23, 16, 24, 17], [1, 9, 2, 8], [3, 11, 4, 10], [5, 14, 6, 15], [7, 1, 8, 24], [9, 3, 10, 2], [11, 21, 12, 20], [13, 19, 14, 18], [15, 22, 16, 23]]"
12a_0941_142,"[[15, 22, 16, 23], [17, 4, 18, 5], [19, 13, 20, 12], [21, 7, 22, 6], [23, 16, 24, 17], [1, 9, 2, 8], [3, 11, 4, 10], [5, 14, 6, 15], [7, 1, 8, 24], [9, 3, 10, 2], [11, 21, 12, 20], [13, 19, 14, 18]]"
12a_0941_143,"[[13, 19, 14, 18], [15, 22, 16, 23], [17, 4, 18, 5], [19, 13, 20, 12], [21, 7, 22, 6], [23, 16, 24, 17], [1, 9, 2, 8], [3, 11, 4, 10], [5, 14, 6, 15], [7, 1, 8, 24], [9, 3, 10, 2], [11, 21, 12, 20]]"
12a_0941_144,"[[12, 22, 13, 21], [14, 20, 15, 19], [16, 23, 17, 24], [18, 5, 19, 6], [20, 14, 21, 13], [22, 8, 23, 7], [24, 17, 1, 18], [2, 10, 3, 9], [4, 12, 5, 11], [6, 15, 7, 16], [8, 2, 9, 1], [10, 4, 11, 3]]"
12a_0941_145,"[[10, 4, 11, 3], [12, 22, 13, 21], [14, 20, 15, 19], [16, 23, 17, 24], [18, 5, 19, 6], [20, 14, 21, 13], [22, 8, 23, 7], [24, 17, 1, 18], [2, 10, 3, 9], [4, 12, 5, 11], [6, 15, 7, 16], [8, 2, 9, 1]]"
12a_0941_146,"[[8, 2, 9, 1], [10, 4, 11, 3], [12, 22, 13, 21], [14, 20, 15, 19], [16, 23, 17, 24], [18, 5, 19, 6], [20, 14, 21, 13], [22, 8, 23, 7], [24, 17, 1, 18], [2, 10, 3, 9], [4, 12, 5, 11], [6, 15, 7, 16]]"
12a_0941_147,"[[6, 15, 7, 16], [8, 2, 9, 1], [10, 4, 11, 3], [12, 22, 13, 21], [14, 20, 15, 19], [16, 23, 17, 24], [18, 5, 19, 6], [20, 14, 21, 13], [22, 8, 23, 7], [24, 17, 1, 18], [2, 10, 3, 9], [4, 12, 5, 11]]"
12a_0941_148,"[[4, 12, 5, 11], [6, 15, 7, 16], [8, 2, 9, 1], [10, 4, 11, 3], [12, 22, 13, 21], [14, 20, 15, 19], [16, 23, 17, 24], [18, 5, 19, 6], [20, 14, 21, 13], [22, 8, 23, 7], [24, 17, 1, 18], [2, 10, 3, 9]]"
12a_0941_149,"[[2, 10, 3, 9], [4, 12, 5, 11], [6, 15, 7, 16], [8, 2, 9, 1], [10, 4, 11, 3], [12, 22, 13, 21], [14, 20, 15, 19], [16, 23, 17, 24], [18, 5, 19, 6], [20, 14, 21, 13], [22, 8, 23, 7], [24, 17, 1, 18]]"
12a_0941_150,"[[24, 17, 1, 18], [2, 10, 3, 9], [4, 12, 5, 11], [6, 15, 7, 16], [8, 2, 9, 1], [10, 4, 11, 3], [12, 22, 13, 21], [14, 20, 15, 19], [16, 23, 17, 24], [18, 5, 19, 6], [20, 14, 21, 13], [22, 8, 23, 7]]"
12a_0941_151,"[[22, 8, 23, 7], [24, 17, 1, 18], [2, 10, 3, 9], [4, 12, 5, 11], [6, 15, 7, 16], [8, 2, 9, 1], [10, 4, 11, 3], [12, 22, 13, 21], [14, 20, 15, 19], [16, 23, 17, 24], [18, 5, 19, 6], [20, 14, 21, 13]]"
12a_0941_152,"[[20, 14, 21, 13], [22, 8, 23, 7], [24, 17, 1, 18], [2, 10, 3, 9], [4, 12, 5, 11], [6, 15, 7, 16], [8, 2, 9, 1], [10, 4, 11, 3], [12, 22, 13, 21], [14, 20, 15, 19], [16, 23, 17, 24], [18, 5, 19, 6]]"
12a_0941_153,"[[18, 5, 19, 6], [20, 14, 21, 13], [22, 8, 23, 7], [24, 17, 1, 18], [2, 10, 3, 9], [4, 12, 5, 11], [6, 15, 7, 16], [8, 2, 9, 1], [10, 4, 11, 3], [12, 22, 13, 21], [14, 20, 15, 19], [16, 23, 17, 24]]"
12a_0941_154,"[[16, 23, 17, 24], [18, 5, 19, 6], [20, 14, 21, 13], [22, 8, 23, 7], [24, 17, 1, 18], [2, 10, 3, 9], [4, 12, 5, 11], [6, 15, 7, 16], [8, 2, 9, 1], [10, 4, 11, 3], [12, 22, 13, 21], [14, 20, 15, 19]]"
12a_0941_155,"[[14, 20, 15, 19], [16, 23, 17, 24], [18, 5, 19, 6], [20, 14, 21, 13], [22, 8, 23, 7], [24, 17, 1, 18], [2, 10, 3, 9], [4, 12, 5, 11], [6, 15, 7, 16], [8, 2, 9, 1], [10, 4, 11, 3], [12, 22, 13, 21]]"
12a_0941_156,"[[13, 23, 14, 22], [15, 21, 16, 20], [17, 24, 18, 1], [19, 6, 20, 7], [21, 15, 22, 14], [23, 9, 24, 8], [1, 18, 2, 19], [3, 11, 4, 10], [5, 13, 6, 12], [7, 16, 8, 17], [9, 3, 10, 2], [11, 5, 12, 4]]"
12a_0941_157,"[[11, 5, 12, 4], [13, 23, 14, 22], [15, 21, 16, 20], [17, 24, 18, 1], [19, 6, 20, 7], [21, 15, 22, 14], [23, 9, 24, 8], [1, 18, 2, 19], [3, 11, 4, 10], [5, 13, 6, 12], [7, 16, 8, 17], [9, 3, 10, 2]]"
12a_0941_158,"[[9, 3, 10, 2], [11, 5, 12, 4], [13, 23, 14, 22], [15, 21, 16, 20], [17, 24, 18, 1], [19, 6, 20, 7], [21, 15, 22, 14], [23, 9, 24, 8], [1, 18, 2, 19], [3, 11, 4, 10], [5, 13, 6, 12], [7, 16, 8, 17]]"
12a_0941_159,"[[7, 16, 8, 17], [9, 3, 10, 2], [11, 5, 12, 4], [13, 23, 14, 22], [15, 21, 16, 20], [17, 24, 18, 1], [19, 6, 20, 7], [21, 15, 22, 14], [23, 9, 24, 8], [1, 18, 2, 19], [3, 11, 4, 10], [5, 13, 6, 12]]"
12a_0941_160,"[[5, 13, 6, 12], [7, 16, 8, 17], [9, 3, 10, 2], [11, 5, 12, 4], [13, 23, 14, 22], [15, 21, 16, 20], [17, 24, 18, 1], [19, 6, 20, 7], [21, 15, 22, 14], [23, 9, 24, 8], [1, 18, 2, 19], [3, 11, 4, 10]]"
12a_0941_161,"[[3, 11, 4, 10], [5, 13, 6, 12], [7, 16, 8, 17], [9, 3, 10, 2], [11, 5, 12, 4], [13, 23, 14, 22], [15, 21, 16, 20], [17, 24, 18, 1], [19, 6, 20, 7], [21, 15, 22, 14], [23, 9, 24, 8], [1, 18, 2, 19]]"
12a_0941_162,"[[1, 18, 2, 19], [3, 11, 4, 10], [5, 13, 6, 12], [7, 16, 8, 17], [9, 3, 10, 2], [11, 5, 12, 4], [13, 23, 14, 22], [15, 21, 16, 20], [17, 24, 18, 1], [19, 6, 20, 7], [21, 15, 22, 14], [23, 9, 24, 8]]"
12a_0941_163,"[[23, 9, 24, 8], [1, 18, 2, 19], [3, 11, 4, 10], [5, 13, 6, 12], [7, 16, 8, 17], [9, 3, 10, 2], [11, 5, 12, 4], [13, 23, 14, 22], [15, 21, 16, 20], [17, 24, 18, 1], [19, 6, 20, 7], [21, 15, 22, 14]]"
12a_0941_164,"[[21, 15, 22, 14], [23, 9, 24, 8], [1, 18, 2, 19], [3, 11, 4, 10], [5, 13, 6, 12], [7, 16, 8, 17], [9, 3, 10, 2], [11, 5, 12, 4], [13, 23, 14, 22], [15, 21, 16, 20], [17, 24, 18, 1], [19, 6, 20, 7]]"
12a_0941_165,"[[19, 6, 20, 7], [21, 15, 22, 14], [23, 9, 24, 8], [1, 18, 2, 19], [3, 11, 4, 10], [5, 13, 6, 12], [7, 16, 8, 17], [9, 3, 10, 2], [11, 5, 12, 4], [13, 23, 14, 22], [15, 21, 16, 20], [17, 24, 18, 1]]"
12a_0941_166,"[[17, 24, 18, 1], [19, 6, 20, 7], [21, 15, 22, 14], [23, 9, 24, 8], [1, 18, 2, 19], [3, 11, 4, 10], [5, 13, 6, 12], [7, 16, 8, 17], [9, 3, 10, 2], [11, 5, 12, 4], [13, 23, 14, 22], [15, 21, 16, 20]]"
12a_0941_167,"[[15, 21, 16, 20], [17, 24, 18, 1], [19, 6, 20, 7], [21, 15, 22, 14], [23, 9, 24, 8], [1, 18, 2, 19], [3, 11, 4, 10], [5, 13, 6, 12], [7, 16, 8, 17], [9, 3, 10, 2], [11, 5, 12, 4], [13, 23, 14, 22]]"
12a_0941_168,"[[14, 24, 15, 23], [16, 22, 17, 21], [18, 1, 19, 2], [20, 7, 21, 8], [22, 16, 23, 15], [24, 10, 1, 9], [2, 19, 3, 20], [4, 12, 5, 11], [6, 14, 7, 13], [8, 17, 9, 18], [10, 4, 11, 3], [12, 6, 13, 5]]"
12a_0941_169,"[[12, 6, 13, 5], [14, 24, 15, 23], [16, 22, 17, 21], [18, 1, 19, 2], [20, 7, 21, 8], [22, 16, 23, 15], [24, 10, 1, 9], [2, 19, 3, 20], [4, 12, 5, 11], [6, 14, 7, 13], [8, 17, 9, 18], [10, 4, 11, 3]]"
12a_0941_170,"[[10, 4, 11, 3], [12, 6, 13, 5], [14, 24, 15, 23], [16, 22, 17, 21], [18, 1, 19, 2], [20, 7, 21, 8], [22, 16, 23, 15], [24, 10, 1, 9], [2, 19, 3, 20], [4, 12, 5, 11], [6, 14, 7, 13], [8, 17, 9, 18]]"
12a_0941_171,"[[8, 17, 9, 18], [10, 4, 11, 3], [12, 6, 13, 5], [14, 24, 15, 23], [16, 22, 17, 21], [18, 1, 19, 2], [20, 7, 21, 8], [22, 16, 23, 15], [24, 10, 1, 9], [2, 19, 3, 20], [4, 12, 5, 11], [6, 14, 7, 13]]"
12a_0941_172,"[[6, 14, 7, 13], [8, 17, 9, 18], [10, 4, 11, 3], [12, 6, 13, 5], [14, 24, 15, 23], [16, 22, 17, 21], [18, 1, 19, 2], [20, 7, 21, 8], [22, 16, 23, 15], [24, 10, 1, 9], [2, 19, 3, 20], [4, 12, 5, 11]]"
12a_0941_173,"[[4, 12, 5, 11], [6, 14, 7, 13], [8, 17, 9, 18], [10, 4, 11, 3], [12, 6, 13, 5], [14, 24, 15, 23], [16, 22, 17, 21], [18, 1, 19, 2], [20, 7, 21, 8], [22, 16, 23, 15], [24, 10, 1, 9], [2, 19, 3, 20]]"
12a_0941_174,"[[2, 19, 3, 20], [4, 12, 5, 11], [6, 14, 7, 13], [8, 17, 9, 18], [10, 4, 11, 3], [12, 6, 13, 5], [14, 24, 15, 23], [16, 22, 17, 21], [18, 1, 19, 2], [20, 7, 21, 8], [22, 16, 23, 15], [24, 10, 1, 9]]"
12a_0941_175,"[[24, 10, 1, 9], [2, 19, 3, 20], [4, 12, 5, 11], [6, 14, 7, 13], [8, 17, 9, 18], [10, 4, 11, 3], [12, 6, 13, 5], [14, 24, 15, 23], [16, 22, 17, 21], [18, 1, 19, 2], [20, 7, 21, 8], [22, 16, 23, 15]]"
12a_0941_176,"[[22, 16, 23, 15], [24, 10, 1, 9], [2, 19, 3, 20], [4, 12, 5, 11], [6, 14, 7, 13], [8, 17, 9, 18], [10, 4, 11, 3], [12, 6, 13, 5], [14, 24, 15, 23], [16, 22, 17, 21], [18, 1, 19, 2], [20, 7, 21, 8]]"
12a_0941_177,"[[20, 7, 21, 8], [22, 16, 23, 15], [24, 10, 1, 9], [2, 19, 3, 20], [4, 12, 5, 11], [6, 14, 7, 13], [8, 17, 9, 18], [10, 4, 11, 3], [12, 6, 13, 5], [14, 24, 15, 23], [16, 22, 17, 21], [18, 1, 19, 2]]"
12a_0941_178,"[[18, 1, 19, 2], [20, 7, 21, 8], [22, 16, 23, 15], [24, 10, 1, 9], [2, 19, 3, 20], [4, 12, 5, 11], [6, 14, 7, 13], [8, 17, 9, 18], [10, 4, 11, 3], [12, 6, 13, 5], [14, 24, 15, 23], [16, 22, 17, 21]]"
12a_0941_179,"[[16, 22, 17, 21], [18, 1, 19, 2], [20, 7, 21, 8], [22, 16, 23, 15], [24, 10, 1, 9], [2, 19, 3, 20], [4, 12, 5, 11], [6, 14, 7, 13], [8, 17, 9, 18], [10, 4, 11, 3], [12, 6, 13, 5], [14, 24, 15, 23]]"
12a_0941_180,"[[15, 1, 16, 24], [17, 23, 18, 22], [19, 2, 20, 3], [21, 8, 22, 9], [23, 17, 24, 16], [1, 11, 2, 10], [3, 20, 4, 21], [5, 13, 6, 12], [7, 15, 8, 14], [9, 18, 10, 19], [11, 5, 12, 4], [13, 7, 14, 6]]"
12a_0941_181,"[[13, 7, 14, 6], [15, 1, 16, 24], [17, 23, 18, 22], [19, 2, 20, 3], [21, 8, 22, 9], [23, 17, 24, 16], [1, 11, 2, 10], [3, 20, 4, 21], [5, 13, 6, 12], [7, 15, 8, 14], [9, 18, 10, 19], [11, 5, 12, 4]]"
12a_0941_182,"[[11, 5, 12, 4], [13, 7, 14, 6], [15, 1, 16, 24], [17, 23, 18, 22], [19, 2, 20, 3], [21, 8, 22, 9], [23, 17, 24, 16], [1, 11, 2, 10], [3, 20, 4, 21], [5, 13, 6, 12], [7, 15, 8, 14], [9, 18, 10, 19]]"
12a_0941_183,"[[9, 18, 10, 19], [11, 5, 12, 4], [13, 7, 14, 6], [15, 1, 16, 24], [17, 23, 18, 22], [19, 2, 20, 3], [21, 8, 22, 9], [23, 17, 24, 16], [1, 11, 2, 10], [3, 20, 4, 21], [5, 13, 6, 12], [7, 15, 8, 14]]"
12a_0941_184,"[[7, 15, 8, 14], [9, 18, 10, 19], [11, 5, 12, 4], [13, 7, 14, 6], [15, 1, 16, 24], [17, 23, 18, 22], [19, 2, 20, 3], [21, 8, 22, 9], [23, 17, 24, 16], [1, 11, 2, 10], [3, 20, 4, 21], [5, 13, 6, 12]]"
12a_0941_185,"[[5, 13, 6, 12], [7, 15, 8, 14], [9, 18, 10, 19], [11, 5, 12, 4], [13, 7, 14, 6], [15, 1, 16, 24], [17, 23, 18, 22], [19, 2, 20, 3], [21, 8, 22, 9], [23, 17, 24, 16], [1, 11, 2, 10], [3, 20, 4, 21]]"
