name,pd_notation
12a_1096_0,"[[24, 17, 1, 18], [2, 8, 3, 7], [4, 13, 5, 14], [6, 19, 7, 20], [8, 2, 9, 1], [10, 23, 11, 24], [12, 22, 13, 21], [14, 5, 15, 6], [16, 12, 17, 11], [18, 9, 19, 10], [20, 3, 21, 4], [22, 16, 23, 15]]"
12a_1096_1,"[[22, 16, 23, 15], [24, 17, 1, 18], [2, 8, 3, 7], [4, 13, 5, 14], [6, 19, 7, 20], [8, 2, 9, 1], [10, 23, 11, 24], [12, 22, 13, 21], [14, 5, 15, 6], [16, 12, 17, 11], [18, 9, 19, 10], [20, 3, 21, 4]]"
12a_1096_2,"[[20, 3, 21, 4], [22, 16, 23, 15], [24, 17, 1, 18], [2, 8, 3, 7], [4, 13, 5, 14], [6, 19, 7, 20], [8, 2, 9, 1], [10, 23, 11, 24], [12, 22, 13, 21], [14, 5, 15, 6], [16, 12, 17, 11], [18, 9, 19, 10]]"
12a_1096_3,"[[18, 9, 19, 10], [20, 3, 21, 4], [22, 16, 23, 15], [24, 17, 1, 18], [2, 8, 3, 7], [4, 13, 5, 14], [6, 19, 7, 20], [8, 2, 9, 1], [10, 23, 11, 24], [12, 22, 13, 21], [14, 5, 15, 6], [16, 12, 17, 11]]"
12a_1096_4,"[[16, 12, 17, 11], [18, 9, 19, 10], [20, 3, 21, 4], [22, 16, 23, 15], [24, 17, 1, 18], [2, 8, 3, 7], [4, 13, 5, 14], [6, 19, 7, 20], [8, 2, 9, 1], [10, 23, 11, 24], [12, 22, 13, 21], [14, 5, 15, 6]]"
12a_1096_5,"[[14, 5, 15, 6], [16, 12, 17, 11], [18, 9, 19, 10], [20, 3, 21, 4], [22, 16, 23, 15], [24, 17, 1, 18], [2, 8, 3, 7], [4, 13, 5, 14], [6, 19, 7, 20], [8, 2, 9, 1], [10, 23, 11, 24], [12, 22, 13, 21]]"
12a_1096_6,"[[12, 22, 13, 21], [14, 5, 15, 6], [16, 12, 17, 11], [18, 9, 19, 10], [20, 3, 21, 4], [22, 16, 23, 15], [24, 17, 1, 18], [2, 8, 3, 7], [4, 13, 5, 14], [6, 19, 7, 20], [8, 2, 9, 1], [10, 23, 11, 24]]"
12a_1096_7,"[[10, 23, 11, 24], [12, 22, 13, 21], [14, 5, 15, 6], [16, 12, 17, 11], [18, 9, 19, 10], [20, 3, 21, 4], [22, 16, 23, 15], [24, 17, 1, 18], [2, 8, 3, 7], [4, 13, 5, 14], [6, 19, 7, 20], [8, 2, 9, 1]]"
12a_1096_8,"[[8, 2, 9, 1], [10, 23, 11, 24], [12, 22, 13, 21], [14, 5, 15, 6], [16, 12, 17, 11], [18, 9, 19, 10], [20, 3, 21, 4], [22, 16, 23, 15], [24, 17, 1, 18], [2, 8, 3, 7], [4, 13, 5, 14], [6, 19, 7, 20]]"
12a_1096_9,"[[6, 19, 7, 20], [8, 2, 9, 1], [10, 23, 11, 24], [12, 22, 13, 21], [14, 5, 15, 6], [16, 12, 17, 11], [18, 9, 19, 10], [20, 3, 21, 4], [22, 16, 23, 15], [24, 17, 1, 18], [2, 8, 3, 7], [4, 13, 5, 14]]"
12a_1096_10,"[[4, 13, 5, 14], [6, 19, 7, 20], [8, 2, 9, 1], [10, 23, 11, 24], [12, 22, 13, 21], [14, 5, 15, 6], [16, 12, 17, 11], [18, 9, 19, 10], [20, 3, 21, 4], [22, 16, 23, 15], [24, 17, 1, 18], [2, 8, 3, 7]]"
12a_1096_11,"[[2, 8, 3, 7], [4, 13, 5, 14], [6, 19, 7, 20], [8, 2, 9, 1], [10, 23, 11, 24], [12, 22, 13, 21], [14, 5, 15, 6], [16, 12, 17, 11], [18, 9, 19, 10], [20, 3, 21, 4], [22, 16, 23, 15], [24, 17, 1, 18]]"
12a_1096_12,"[[1, 18, 2, 19], [3, 9, 4, 8], [5, 14, 6, 15], [7, 20, 8, 21], [9, 3, 10, 2], [11, 24, 12, 1], [13, 23, 14, 22], [15, 6, 16, 7], [17, 13, 18, 12], [19, 10, 20, 11], [21, 4, 22, 5], [23, 17, 24, 16]]"
12a_1096_13,"[[23, 17, 24, 16], [1, 18, 2, 19], [3, 9, 4, 8], [5, 14, 6, 15], [7, 20, 8, 21], [9, 3, 10, 2], [11, 24, 12, 1], [13, 23, 14, 22], [15, 6, 16, 7], [17, 13, 18, 12], [19, 10, 20, 11], [21, 4, 22, 5]]"
12a_1096_14,"[[21, 4, 22, 5], [23, 17, 24, 16], [1, 18, 2, 19], [3, 9, 4, 8], [5, 14, 6, 15], [7, 20, 8, 21], [9, 3, 10, 2], [11, 24, 12, 1], [13, 23, 14, 22], [15, 6, 16, 7], [17, 13, 18, 12], [19, 10, 20, 11]]"
12a_1096_15,"[[19, 10, 20, 11], [21, 4, 22, 5], [23, 17, 24, 16], [1, 18, 2, 19], [3, 9, 4, 8], [5, 14, 6, 15], [7, 20, 8, 21], [9, 3, 10, 2], [11, 24, 12, 1], [13, 23, 14, 22], [15, 6, 16, 7], [17, 13, 18, 12]]"
12a_1096_16,"[[17, 13, 18, 12], [19, 10, 20, 11], [21, 4, 22, 5], [23, 17, 24, 16], [1, 18, 2, 19], [3, 9, 4, 8], [5, 14, 6, 15], [7, 20, 8, 21], [9, 3, 10, 2], [11, 24, 12, 1], [13, 23, 14, 22], [15, 6, 16, 7]]"
12a_1096_17,"[[15, 6, 16, 7], [17, 13, 18, 12], [19, 10, 20, 11], [21, 4, 22, 5], [23, 17, 24, 16], [1, 18, 2, 19], [3, 9, 4, 8], [5, 14, 6, 15], [7, 20, 8, 21], [9, 3, 10, 2], [11, 24, 12, 1], [13, 23, 14, 22]]"
12a_1096_18,"[[13, 23, 14, 22], [15, 6, 16, 7], [17, 13, 18, 12], [19, 10, 20, 11], [21, 4, 22, 5], [23, 17, 24, 16], [1, 18, 2, 19], [3, 9, 4, 8], [5, 14, 6, 15], [7, 20, 8, 21], [9, 3, 10, 2], [11, 24, 12, 1]]"
12a_1096_19,"[[11, 24, 12, 1], [13, 23, 14, 22], [15, 6, 16, 7], [17, 13, 18, 12], [19, 10, 20, 11], [21, 4, 22, 5], [23, 17, 24, 16], [1, 18, 2, 19], [3, 9, 4, 8], [5, 14, 6, 15], [7, 20, 8, 21], [9, 3, 10, 2]]"
12a_1096_20,"[[9, 3, 10, 2], [11, 24, 12, 1], [13, 23, 14, 22], [15, 6, 16, 7], [17, 13, 18, 12], [19, 10, 20, 11], [21, 4, 22, 5], [23, 17, 24, 16], [1, 18, 2, 19], [3, 9, 4, 8], [5, 14, 6, 15], [7, 20, 8, 21]]"
12a_1096_21,"[[7, 20, 8, 21], [9, 3, 10, 2], [11, 24, 12, 1], [13, 23, 14, 22], [15, 6, 16, 7], [17, 13, 18, 12], [19, 10, 20, 11], [21, 4, 22, 5], [23, 17, 24, 16], [1, 18, 2, 19], [3, 9, 4, 8], [5, 14, 6, 15]]"
12a_1096_22,"[[5, 14, 6, 15], [7, 20, 8, 21], [9, 3, 10, 2], [11, 24, 12, 1], [13, 23, 14, 22], [15, 6, 16, 7], [17, 13, 18, 12], [19, 10, 20, 11], [21, 4, 22, 5], [23, 17, 24, 16], [1, 18, 2, 19], [3, 9, 4, 8]]"
12a_1096_23,"[[3, 9, 4, 8], [5, 14, 6, 15], [7, 20, 8, 21], [9, 3, 10, 2], [11, 24, 12, 1], [13, 23, 14, 22], [15, 6, 16, 7], [17, 13, 18, 12], [19, 10, 20, 11], [21, 4, 22, 5], [23, 17, 24, 16], [1, 18, 2, 19]]"
12a_1096_24,"[[2, 19, 3, 20], [4, 10, 5, 9], [6, 15, 7, 16], [8, 21, 9, 22], [10, 4, 11, 3], [12, 1, 13, 2], [14, 24, 15, 23], [16, 7, 17, 8], [18, 14, 19, 13], [20, 11, 21, 12], [22, 5, 23, 6], [24, 18, 1, 17]]"
12a_1096_25,"[[24, 18, 1, 17], [2, 19, 3, 20], [4, 10, 5, 9], [6, 15, 7, 16], [8, 21, 9, 22], [10, 4, 11, 3], [12, 1, 13, 2], [14, 24, 15, 23], [16, 7, 17, 8], [18, 14, 19, 13], [20, 11, 21, 12], [22, 5, 23, 6]]"
12a_1096_26,"[[22, 5, 23, 6], [24, 18, 1, 17], [2, 19, 3, 20], [4, 10, 5, 9], [6, 15, 7, 16], [8, 21, 9, 22], [10, 4, 11, 3], [12, 1, 13, 2], [14, 24, 15, 23], [16, 7, 17, 8], [18, 14, 19, 13], [20, 11, 21, 12]]"
12a_1096_27,"[[20, 11, 21, 12], [22, 5, 23, 6], [24, 18, 1, 17], [2, 19, 3, 20], [4, 10, 5, 9], [6, 15, 7, 16], [8, 21, 9, 22], [10, 4, 11, 3], [12, 1, 13, 2], [14, 24, 15, 23], [16, 7, 17, 8], [18, 14, 19, 13]]"
12a_1096_28,"[[18, 14, 19, 13], [20, 11, 21, 12], [22, 5, 23, 6], [24, 18, 1, 17], [2, 19, 3, 20], [4, 10, 5, 9], [6, 15, 7, 16], [8, 21, 9, 22], [10, 4, 11, 3], [12, 1, 13, 2], [14, 24, 15, 23], [16, 7, 17, 8]]"
12a_1096_29,"[[16, 7, 17, 8], [18, 14, 19, 13], [20, 11, 21, 12], [22, 5, 23, 6], [24, 18, 1, 17], [2, 19, 3, 20], [4, 10, 5, 9], [6, 15, 7, 16], [8, 21, 9, 22], [10, 4, 11, 3], [12, 1, 13, 2], [14, 24, 15, 23]]"
12a_1096_30,"[[14, 24, 15, 23], [16, 7, 17, 8], [18, 14, 19, 13], [20, 11, 21, 12], [22, 5, 23, 6], [24, 18, 1, 17], [2, 19, 3, 20], [4, 10, 5, 9], [6, 15, 7, 16], [8, 21, 9, 22], [10, 4, 11, 3], [12, 1, 13, 2]]"
12a_1096_31,"[[12, 1, 13, 2], [14, 24, 15, 23], [16, 7, 17, 8], [18, 14, 19, 13], [20, 11, 21, 12], [22, 5, 23, 6], [24, 18, 1, 17], [2, 19, 3, 20], [4, 10, 5, 9], [6, 15, 7, 16], [8, 21, 9, 22], [10, 4, 11, 3]]"
12a_1096_32,"[[10, 4, 11, 3], [12, 1, 13, 2], [14, 24, 15, 23], [16, 7, 17, 8], [18, 14, 19, 13], [20, 11, 21, 12], [22, 5, 23, 6], [24, 18, 1, 17], [2, 19, 3, 20], [4, 10, 5, 9], [6, 15, 7, 16], [8, 21, 9, 22]]"
12a_1096_33,"[[8, 21, 9, 22], [10, 4, 11, 3], [12, 1, 13, 2], [14, 24, 15, 23], [16, 7, 17, 8], [18, 14, 19, 13], [20, 11, 21, 12], [22, 5, 23, 6], [24, 18, 1, 17], [2, 19, 3, 20], [4, 10, 5, 9], [6, 15, 7, 16]]"
12a_1096_34,"[[6, 15, 7, 16], [8, 21, 9, 22], [10, 4, 11, 3], [12, 1, 13, 2], [14, 24, 15, 23], [16, 7, 17, 8], [18, 14, 19, 13], [20, 11, 21, 12], [22, 5, 23, 6], [24, 18, 1, 17], [2, 19, 3, 20], [4, 10, 5, 9]]"
12a_1096_35,"[[4, 10, 5, 9], [6, 15, 7, 16], [8, 21, 9, 22], [10, 4, 11, 3], [12, 1, 13, 2], [14, 24, 15, 23], [16, 7, 17, 8], [18, 14, 19, 13], [20, 11, 21, 12], [22, 5, 23, 6], [24, 18, 1, 17], [2, 19, 3, 20]]"
12a_1096_36,"[[3, 20, 4, 21], [5, 11, 6, 10], [7, 16, 8, 17], [9, 22, 10, 23], [11, 5, 12, 4], [13, 2, 14, 3], [15, 1, 16, 24], [17, 8, 18, 9], [19, 15, 20, 14], [21, 12, 22, 13], [23, 6, 24, 7], [1, 19, 2, 18]]"
12a_1096_37,"[[1, 19, 2, 18], [3, 20, 4, 21], [5, 11, 6, 10], [7, 16, 8, 17], [9, 22, 10, 23], [11, 5, 12, 4], [13, 2, 14, 3], [15, 1, 16, 24], [17, 8, 18, 9], [19, 15, 20, 14], [21, 12, 22, 13], [23, 6, 24, 7]]"
12a_1096_38,"[[23, 6, 24, 7], [1, 19, 2, 18], [3, 20, 4, 21], [5, 11, 6, 10], [7, 16, 8, 17], [9, 22, 10, 23], [11, 5, 12, 4], [13, 2, 14, 3], [15, 1, 16, 24], [17, 8, 18, 9], [19, 15, 20, 14], [21, 12, 22, 13]]"
12a_1096_39,"[[21, 12, 22, 13], [23, 6, 24, 7], [1, 19, 2, 18], [3, 20, 4, 21], [5, 11, 6, 10], [7, 16, 8, 17], [9, 22, 10, 23], [11, 5, 12, 4], [13, 2, 14, 3], [15, 1, 16, 24], [17, 8, 18, 9], [19, 15, 20, 14]]"
12a_1096_40,"[[19, 15, 20, 14], [21, 12, 22, 13], [23, 6, 24, 7], [1, 19, 2, 18], [3, 20, 4, 21], [5, 11, 6, 10], [7, 16, 8, 17], [9, 22, 10, 23], [11, 5, 12, 4], [13, 2, 14, 3], [15, 1, 16, 24], [17, 8, 18, 9]]"
12a_1096_41,"[[17, 8, 18, 9], [19, 15, 20, 14], [21, 12, 22, 13], [23, 6, 24, 7], [1, 19, 2, 18], [3, 20, 4, 21], [5, 11, 6, 10], [7, 16, 8, 17], [9, 22, 10, 23], [11, 5, 12, 4], [13, 2, 14, 3], [15, 1, 16, 24]]"
12a_1096_42,"[[15, 1, 16, 24], [17, 8, 18, 9], [19, 15, 20, 14], [21, 12, 22, 13], [23, 6, 24, 7], [1, 19, 2, 18], [3, 20, 4, 21], [5, 11, 6, 10], [7, 16, 8, 17], [9, 22, 10, 23], [11, 5, 12, 4], [13, 2, 14, 3]]"
12a_1096_43,"[[13, 2, 14, 3], [15, 1, 16, 24], [17, 8, 18, 9], [19, 15, 20, 14], [21, 12, 22, 13], [23, 6, 24, 7], [1, 19, 2, 18], [3, 20, 4, 21], [5, 11, 6, 10], [7, 16, 8, 17], [9, 22, 10, 23], [11, 5, 12, 4]]"
12a_1096_44,"[[11, 5, 12, 4], [13, 2, 14, 3], [15, 1, 16, 24], [17, 8, 18, 9], [19, 15, 20, 14], [21, 12, 22, 13], [23, 6, 24, 7], [1, 19, 2, 18], [3, 20, 4, 21], [5, 11, 6, 10], [7, 16, 8, 17], [9, 22, 10, 23]]"
12a_1096_45,"[[9, 22, 10, 23], [11, 5, 12, 4], [13, 2, 14, 3], [15, 1, 16, 24], [17, 8, 18, 9], [19, 15, 20, 14], [21, 12, 22, 13], [23, 6, 24, 7], [1, 19, 2, 18], [3, 20, 4, 21], [5, 11, 6, 10], [7, 16, 8, 17]]"
12a_1096_46,"[[7, 16, 8, 17], [9, 22, 10, 23], [11, 5, 12, 4], [13, 2, 14, 3], [15, 1, 16, 24], [17, 8, 18, 9], [19, 15, 20, 14], [21, 12, 22, 13], [23, 6, 24, 7], [1, 19, 2, 18], [3, 20, 4, 21], [5, 11, 6, 10]]"
12a_1096_47,"[[5, 11, 6, 10], [7, 16, 8, 17], [9, 22, 10, 23], [11, 5, 12, 4], [13, 2, 14, 3], [15, 1, 16, 24], [17, 8, 18, 9], [19, 15, 20, 14], [21, 12, 22, 13], [23, 6, 24, 7], [1, 19, 2, 18], [3, 20, 4, 21]]"
12a_1096_48,"[[4, 21, 5, 22], [6, 12, 7, 11], [8, 17, 9, 18], [10, 23, 11, 24], [12, 6, 13, 5], [14, 3, 15, 4], [16, 2, 17, 1], [18, 9, 19, 10], [20, 16, 21, 15], [22, 13, 23, 14], [24, 7, 1, 8], [2, 20, 3, 19]]"
12a_1096_49,"[[2, 20, 3, 19], [4, 21, 5, 22], [6, 12, 7, 11], [8, 17, 9, 18], [10, 23, 11, 24], [12, 6, 13, 5], [14, 3, 15, 4], [16, 2, 17, 1], [18, 9, 19, 10], [20, 16, 21, 15], [22, 13, 23, 14], [24, 7, 1, 8]]"
12a_1096_50,"[[24, 7, 1, 8], [2, 20, 3, 19], [4, 21, 5, 22], [6, 12, 7, 11], [8, 17, 9, 18], [10, 23, 11, 24], [12, 6, 13, 5], [14, 3, 15, 4], [16, 2, 17, 1], [18, 9, 19, 10], [20, 16, 21, 15], [22, 13, 23, 14]]"
12a_1096_51,"[[22, 13, 23, 14], [24, 7, 1, 8], [2, 20, 3, 19], [4, 21, 5, 22], [6, 12, 7, 11], [8, 17, 9, 18], [10, 23, 11, 24], [12, 6, 13, 5], [14, 3, 15, 4], [16, 2, 17, 1], [18, 9, 19, 10], [20, 16, 21, 15]]"
12a_1096_52,"[[20, 16, 21, 15], [22, 13, 23, 14], [24, 7, 1, 8], [2, 20, 3, 19], [4, 21, 5, 22], [6, 12, 7, 11], [8, 17, 9, 18], [10, 23, 11, 24], [12, 6, 13, 5], [14, 3, 15, 4], [16, 2, 17, 1], [18, 9, 19, 10]]"
12a_1096_53,"[[18, 9, 19, 10], [20, 16, 21, 15], [22, 13, 23, 14], [24, 7, 1, 8], [2, 20, 3, 19], [4, 21, 5, 22], [6, 12, 7, 11], [8, 17, 9, 18], [10, 23, 11, 24], [12, 6, 13, 5], [14, 3, 15, 4], [16, 2, 17, 1]]"
12a_1096_54,"[[16, 2, 17, 1], [18, 9, 19, 10], [20, 16, 21, 15], [22, 13, 23, 14], [24, 7, 1, 8], [2, 20, 3, 19], [4, 21, 5, 22], [6, 12, 7, 11], [8, 17, 9, 18], [10, 23, 11, 24], [12, 6, 13, 5], [14, 3, 15, 4]]"
12a_1096_55,"[[14, 3, 15, 4], [16, 2, 17, 1], [18, 9, 19, 10], [20, 16, 21, 15], [22, 13, 23, 14], [24, 7, 1, 8], [2, 20, 3, 19], [4, 21, 5, 22], [6, 12, 7, 11], [8, 17, 9, 18], [10, 23, 11, 24], [12, 6, 13, 5]]"
12a_1096_56,"[[12, 6, 13, 5], [14, 3, 15, 4], [16, 2, 17, 1], [18, 9, 19, 10], [20, 16, 21, 15], [22, 13, 23, 14], [24, 7, 1, 8], [2, 20, 3, 19], [4, 21, 5, 22], [6, 12, 7, 11], [8, 17, 9, 18], [10, 23, 11, 24]]"
12a_1096_57,"[[10, 23, 11, 24], [12, 6, 13, 5], [14, 3, 15, 4], [16, 2, 17, 1], [18, 9, 19, 10], [20, 16, 21, 15], [22, 13, 23, 14], [24, 7, 1, 8], [2, 20, 3, 19], [4, 21, 5, 22], [6, 12, 7, 11], [8, 17, 9, 18]]"
12a_1096_58,"[[8, 17, 9, 18], [10, 23, 11, 24], [12, 6, 13, 5], [14, 3, 15, 4], [16, 2, 17, 1], [18, 9, 19, 10], [20, 16, 21, 15], [22, 13, 23, 14], [24, 7, 1, 8], [2, 20, 3, 19], [4, 21, 5, 22], [6, 12, 7, 11]]"
12a_1096_59,"[[6, 12, 7, 11], [8, 17, 9, 18], [10, 23, 11, 24], [12, 6, 13, 5], [14, 3, 15, 4], [16, 2, 17, 1], [18, 9, 19, 10], [20, 16, 21, 15], [22, 13, 23, 14], [24, 7, 1, 8], [2, 20, 3, 19], [4, 21, 5, 22]]"
12a_1096_60,"[[5, 22, 6, 23], [7, 13, 8, 12], [9, 18, 10, 19], [11, 24, 12, 1], [13, 7, 14, 6], [15, 4, 16, 5], [17, 3, 18, 2], [19, 10, 20, 11], [21, 17, 22, 16], [23, 14, 24, 15], [1, 8, 2, 9], [3, 21, 4, 20]]"
12a_1096_61,"[[3, 21, 4, 20], [5, 22, 6, 23], [7, 13, 8, 12], [9, 18, 10, 19], [11, 24, 12, 1], [13, 7, 14, 6], [15, 4, 16, 5], [17, 3, 18, 2], [19, 10, 20, 11], [21, 17, 22, 16], [23, 14, 24, 15], [1, 8, 2, 9]]"
12a_1096_62,"[[1, 8, 2, 9], [3, 21, 4, 20], [5, 22, 6, 23], [7, 13, 8, 12], [9, 18, 10, 19], [11, 24, 12, 1], [13, 7, 14, 6], [15, 4, 16, 5], [17, 3, 18, 2], [19, 10, 20, 11], [21, 17, 22, 16], [23, 14, 24, 15]]"
12a_1096_63,"[[23, 14, 24, 15], [1, 8, 2, 9], [3, 21, 4, 20], [5, 22, 6, 23], [7, 13, 8, 12], [9, 18, 10, 19], [11, 24, 12, 1], [13, 7, 14, 6], [15, 4, 16, 5], [17, 3, 18, 2], [19, 10, 20, 11], [21, 17, 22, 16]]"
12a_1096_64,"[[21, 17, 22, 16], [23, 14, 24, 15], [1, 8, 2, 9], [3, 21, 4, 20], [5, 22, 6, 23], [7, 13, 8, 12], [9, 18, 10, 19], [11, 24, 12, 1], [13, 7, 14, 6], [15, 4, 16, 5], [17, 3, 18, 2], [19, 10, 20, 11]]"
12a_1096_65,"[[19, 10, 20, 11], [21, 17, 22, 16], [23, 14, 24, 15], [1, 8, 2, 9], [3, 21, 4, 20], [5, 22, 6, 23], [7, 13, 8, 12], [9, 18, 10, 19], [11, 24, 12, 1], [13, 7, 14, 6], [15, 4, 16, 5], [17, 3, 18, 2]]"
12a_1096_66,"[[17, 3, 18, 2], [19, 10, 20, 11], [21, 17, 22, 16], [23, 14, 24, 15], [1, 8, 2, 9], [3, 21, 4, 20], [5, 22, 6, 23], [7, 13, 8, 12], [9, 18, 10, 19], [11, 24, 12, 1], [13, 7, 14, 6], [15, 4, 16, 5]]"
12a_1096_67,"[[15, 4, 16, 5], [17, 3, 18, 2], [19, 10, 20, 11], [21, 17, 22, 16], [23, 14, 24, 15], [1, 8, 2, 9], [3, 21, 4, 20], [5, 22, 6, 23], [7, 13, 8, 12], [9, 18, 10, 19], [11, 24, 12, 1], [13, 7, 14, 6]]"
12a_1096_68,"[[13, 7, 14, 6], [15, 4, 16, 5], [17, 3, 18, 2], [19, 10, 20, 11], [21, 17, 22, 16], [23, 14, 24, 15], [1, 8, 2, 9], [3, 21, 4, 20], [5, 22, 6, 23], [7, 13, 8, 12], [9, 18, 10, 19], [11, 24, 12, 1]]"
12a_1096_69,"[[11, 24, 12, 1], [13, 7, 14, 6], [15, 4, 16, 5], [17, 3, 18, 2], [19, 10, 20, 11], [21, 17, 22, 16], [23, 14, 24, 15], [1, 8, 2, 9], [3, 21, 4, 20], [5, 22, 6, 23], [7, 13, 8, 12], [9, 18, 10, 19]]"
12a_1096_70,"[[9, 18, 10, 19], [11, 24, 12, 1], [13, 7, 14, 6], [15, 4, 16, 5], [17, 3, 18, 2], [19, 10, 20, 11], [21, 17, 22, 16], [23, 14, 24, 15], [1, 8, 2, 9], [3, 21, 4, 20], [5, 22, 6, 23], [7, 13, 8, 12]]"
12a_1096_71,"[[7, 13, 8, 12], [9, 18, 10, 19], [11, 24, 12, 1], [13, 7, 14, 6], [15, 4, 16, 5], [17, 3, 18, 2], [19, 10, 20, 11], [21, 17, 22, 16], [23, 14, 24, 15], [1, 8, 2, 9], [3, 21, 4, 20], [5, 22, 6, 23]]"
12a_1096_72,"[[6, 23, 7, 24], [8, 14, 9, 13], [10, 19, 11, 20], [12, 1, 13, 2], [14, 8, 15, 7], [16, 5, 17, 6], [18, 4, 19, 3], [20, 11, 21, 12], [22, 18, 23, 17], [24, 15, 1, 16], [2, 9, 3, 10], [4, 22, 5, 21]]"
12a_1096_73,"[[4, 22, 5, 21], [6, 23, 7, 24], [8, 14, 9, 13], [10, 19, 11, 20], [12, 1, 13, 2], [14, 8, 15, 7], [16, 5, 17, 6], [18, 4, 19, 3], [20, 11, 21, 12], [22, 18, 23, 17], [24, 15, 1, 16], [2, 9, 3, 10]]"
12a_1096_74,"[[2, 9, 3, 10], [4, 22, 5, 21], [6, 23, 7, 24], [8, 14, 9, 13], [10, 19, 11, 20], [12, 1, 13, 2], [14, 8, 15, 7], [16, 5, 17, 6], [18, 4, 19, 3], [20, 11, 21, 12], [22, 18, 23, 17], [24, 15, 1, 16]]"
12a_1096_75,"[[24, 15, 1, 16], [2, 9, 3, 10], [4, 22, 5, 21], [6, 23, 7, 24], [8, 14, 9, 13], [10, 19, 11, 20], [12, 1, 13, 2], [14, 8, 15, 7], [16, 5, 17, 6], [18, 4, 19, 3], [20, 11, 21, 12], [22, 18, 23, 17]]"
12a_1096_76,"[[22, 18, 23, 17], [24, 15, 1, 16], [2, 9, 3, 10], [4, 22, 5, 21], [6, 23, 7, 24], [8, 14, 9, 13], [10, 19, 11, 20], [12, 1, 13, 2], [14, 8, 15, 7], [16, 5, 17, 6], [18, 4, 19, 3], [20, 11, 21, 12]]"
12a_1096_77,"[[20, 11, 21, 12], [22, 18, 23, 17], [24, 15, 1, 16], [2, 9, 3, 10], [4, 22, 5, 21], [6, 23, 7, 24], [8, 14, 9, 13], [10, 19, 11, 20], [12, 1, 13, 2], [14, 8, 15, 7], [16, 5, 17, 6], [18, 4, 19, 3]]"
12a_1096_78,"[[18, 4, 19, 3], [20, 11, 21, 12], [22, 18, 23, 17], [24, 15, 1, 16], [2, 9, 3, 10], [4, 22, 5, 21], [6, 23, 7, 24], [8, 14, 9, 13], [10, 19, 11, 20], [12, 1, 13, 2], [14, 8, 15, 7], [16, 5, 17, 6]]"
12a_1096_79,"[[16, 5, 17, 6], [18, 4, 19, 3], [20, 11, 21, 12], [22, 18, 23, 17], [24, 15, 1, 16], [2, 9, 3, 10], [4, 22, 5, 21], [6, 23, 7, 24], [8, 14, 9, 13], [10, 19, 11, 20], [12, 1, 13, 2], [14, 8, 15, 7]]"
12a_1096_80,"[[14, 8, 15, 7], [16, 5, 17, 6], [18, 4, 19, 3], [20, 11, 21, 12], [22, 18, 23, 17], [24, 15, 1, 16], [2, 9, 3, 10], [4, 22, 5, 21], [6, 23, 7, 24], [8, 14, 9, 13], [10, 19, 11, 20], [12, 1, 13, 2]]"
12a_1096_81,"[[12, 1, 13, 2], [14, 8, 15, 7], [16, 5, 17, 6], [18, 4, 19, 3], [20, 11, 21, 12], [22, 18, 23, 17], [24, 15, 1, 16], [2, 9, 3, 10], [4, 22, 5, 21], [6, 23, 7, 24], [8, 14, 9, 13], [10, 19, 11, 20]]"
12a_1096_82,"[[10, 19, 11, 20], [12, 1, 13, 2], [14, 8, 15, 7], [16, 5, 17, 6], [18, 4, 19, 3], [20, 11, 21, 12], [22, 18, 23, 17], [24, 15, 1, 16], [2, 9, 3, 10], [4, 22, 5, 21], [6, 23, 7, 24], [8, 14, 9, 13]]"
12a_1096_83,"[[8, 14, 9, 13], [10, 19, 11, 20], [12, 1, 13, 2], [14, 8, 15, 7], [16, 5, 17, 6], [18, 4, 19, 3], [20, 11, 21, 12], [22, 18, 23, 17], [24, 15, 1, 16], [2, 9, 3, 10], [4, 22, 5, 21], [6, 23, 7, 24]]"
12a_1096_84,"[[7, 24, 8, 1], [9, 15, 10, 14], [11, 20, 12, 21], [13, 2, 14, 3], [15, 9, 16, 8], [17, 6, 18, 7], [19, 5, 20, 4], [21, 12, 22, 13], [23, 19, 24, 18], [1, 16, 2, 17], [3, 10, 4, 11], [5, 23, 6, 22]]"
12a_1096_85,"[[5, 23, 6, 22], [7, 24, 8, 1], [9, 15, 10, 14], [11, 20, 12, 21], [13, 2, 14, 3], [15, 9, 16, 8], [17, 6, 18, 7], [19, 5, 20, 4], [21, 12, 22, 13], [23, 19, 24, 18], [1, 16, 2, 17], [3, 10, 4, 11]]"
12a_1096_86,"[[3, 10, 4, 11], [5, 23, 6, 22], [7, 24, 8, 1], [9, 15, 10, 14], [11, 20, 12, 21], [13, 2, 14, 3], [15, 9, 16, 8], [17, 6, 18, 7], [19, 5, 20, 4], [21, 12, 22, 13], [23, 19, 24, 18], [1, 16, 2, 17]]"
12a_1096_87,"[[1, 16, 2, 17], [3, 10, 4, 11], [5, 23, 6, 22], [7, 24, 8, 1], [9, 15, 10, 14], [11, 20, 12, 21], [13, 2, 14, 3], [15, 9, 16, 8], [17, 6, 18, 7], [19, 5, 20, 4], [21, 12, 22, 13], [23, 19, 24, 18]]"
12a_1096_88,"[[23, 19, 24, 18], [1, 16, 2, 17], [3, 10, 4, 11], [5, 23, 6, 22], [7, 24, 8, 1], [9, 15, 10, 14], [11, 20, 12, 21], [13, 2, 14, 3], [15, 9, 16, 8], [17, 6, 18, 7], [19, 5, 20, 4], [21, 12, 22, 13]]"
12a_1096_89,"[[21, 12, 22, 13], [23, 19, 24, 18], [1, 16, 2, 17], [3, 10, 4, 11], [5, 23, 6, 22], [7, 24, 8, 1], [9, 15, 10, 14], [11, 20, 12, 21], [13, 2, 14, 3], [15, 9, 16, 8], [17, 6, 18, 7], [19, 5, 20, 4]]"
12a_1096_90,"[[19, 5, 20, 4], [21, 12, 22, 13], [23, 19, 24, 18], [1, 16, 2, 17], [3, 10, 4, 11], [5, 23, 6, 22], [7, 24, 8, 1], [9, 15, 10, 14], [11, 20, 12, 21], [13, 2, 14, 3], [15, 9, 16, 8], [17, 6, 18, 7]]"
12a_1096_91,"[[17, 6, 18, 7], [19, 5, 20, 4], [21, 12, 22, 13], [23, 19, 24, 18], [1, 16, 2, 17], [3, 10, 4, 11], [5, 23, 6, 22], [7, 24, 8, 1], [9, 15, 10, 14], [11, 20, 12, 21], [13, 2, 14, 3], [15, 9, 16, 8]]"
12a_1096_92,"[[15, 9, 16, 8], [17, 6, 18, 7], [19, 5, 20, 4], [21, 12, 22, 13], [23, 19, 24, 18], [1, 16, 2, 17], [3, 10, 4, 11], [5, 23, 6, 22], [7, 24, 8, 1], [9, 15, 10, 14], [11, 20, 12, 21], [13, 2, 14, 3]]"
12a_1096_93,"[[13, 2, 14, 3], [15, 9, 16, 8], [17, 6, 18, 7], [19, 5, 20, 4], [21, 12, 22, 13], [23, 19, 24, 18], [1, 16, 2, 17], [3, 10, 4, 11], [5, 23, 6, 22], [7, 24, 8, 1], [9, 15, 10, 14], [11, 20, 12, 21]]"
12a_1096_94,"[[11, 20, 12, 21], [13, 2, 14, 3], [15, 9, 16, 8], [17, 6, 18, 7], [19, 5, 20, 4], [21, 12, 22, 13], [23, 19, 24, 18], [1, 16, 2, 17], [3, 10, 4, 11], [5, 23, 6, 22], [7, 24, 8, 1], [9, 15, 10, 14]]"
12a_1096_95,"[[9, 15, 10, 14], [11, 20, 12, 21], [13, 2, 14, 3], [15, 9, 16, 8], [17, 6, 18, 7], [19, 5, 20, 4], [21, 12, 22, 13], [23, 19, 24, 18], [1, 16, 2, 17], [3, 10, 4, 11], [5, 23, 6, 22], [7, 24, 8, 1]]"
12a_1096_96,"[[8, 1, 9, 2], [10, 16, 11, 15], [12, 21, 13, 22], [14, 3, 15, 4], [16, 10, 17, 9], [18, 7, 19, 8], [20, 6, 21, 5], [22, 13, 23, 14], [24, 20, 1, 19], [2, 17, 3, 18], [4, 11, 5, 12], [6, 24, 7, 23]]"
12a_1096_97,"[[6, 24, 7, 23], [8, 1, 9, 2], [10, 16, 11, 15], [12, 21, 13, 22], [14, 3, 15, 4], [16, 10, 17, 9], [18, 7, 19, 8], [20, 6, 21, 5], [22, 13, 23, 14], [24, 20, 1, 19], [2, 17, 3, 18], [4, 11, 5, 12]]"
12a_1096_98,"[[4, 11, 5, 12], [6, 24, 7, 23], [8, 1, 9, 2], [10, 16, 11, 15], [12, 21, 13, 22], [14, 3, 15, 4], [16, 10, 17, 9], [18, 7, 19, 8], [20, 6, 21, 5], [22, 13, 23, 14], [24, 20, 1, 19], [2, 17, 3, 18]]"
12a_1096_99,"[[2, 17, 3, 18], [4, 11, 5, 12], [6, 24, 7, 23], [8, 1, 9, 2], [10, 16, 11, 15], [12, 21, 13, 22], [14, 3, 15, 4], [16, 10, 17, 9], [18, 7, 19, 8], [20, 6, 21, 5], [22, 13, 23, 14], [24, 20, 1, 19]]"
12a_1096_100,"[[24, 20, 1, 19], [2, 17, 3, 18], [4, 11, 5, 12], [6, 24, 7, 23], [8, 1, 9, 2], [10, 16, 11, 15], [12, 21, 13, 22], [14, 3, 15, 4], [16, 10, 17, 9], [18, 7, 19, 8], [20, 6, 21, 5], [22, 13, 23, 14]]"
12a_1096_101,"[[22, 13, 23, 14], [24, 20, 1, 19], [2, 17, 3, 18], [4, 11, 5, 12], [6, 24, 7, 23], [8, 1, 9, 2], [10, 16, 11, 15], [12, 21, 13, 22], [14, 3, 15, 4], [16, 10, 17, 9], [18, 7, 19, 8], [20, 6, 21, 5]]"
12a_1096_102,"[[20, 6, 21, 5], [22, 13, 23, 14], [24, 20, 1, 19], [2, 17, 3, 18], [4, 11, 5, 12], [6, 24, 7, 23], [8, 1, 9, 2], [10, 16, 11, 15], [12, 21, 13, 22], [14, 3, 15, 4], [16, 10, 17, 9], [18, 7, 19, 8]]"
12a_1096_103,"[[18, 7, 19, 8], [20, 6, 21, 5], [22, 13, 23, 14], [24, 20, 1, 19], [2, 17, 3, 18], [4, 11, 5, 12], [6, 24, 7, 23], [8, 1, 9, 2], [10, 16, 11, 15], [12, 21, 13, 22], [14, 3, 15, 4], [16, 10, 17, 9]]"
12a_1096_104,"[[16, 10, 17, 9], [18, 7, 19, 8], [20, 6, 21, 5], [22, 13, 23, 14], [24, 20, 1, 19], [2, 17, 3, 18], [4, 11, 5, 12], [6, 24, 7, 23], [8, 1, 9, 2], [10, 16, 11, 15], [12, 21, 13, 22], [14, 3, 15, 4]]"
12a_1096_105,"[[14, 3, 15, 4], [16, 10, 17, 9], [18, 7, 19, 8], [20, 6, 21, 5], [22, 13, 23, 14], [24, 20, 1, 19], [2, 17, 3, 18], [4, 11, 5, 12], [6, 24, 7, 23], [8, 1, 9, 2], [10, 16, 11, 15], [12, 21, 13, 22]]"
12a_1096_106,"[[12, 21, 13, 22], [14, 3, 15, 4], [16, 10, 17, 9], [18, 7, 19, 8], [20, 6, 21, 5], [22, 13, 23, 14], [24, 20, 1, 19], [2, 17, 3, 18], [4, 11, 5, 12], [6, 24, 7, 23], [8, 1, 9, 2], [10, 16, 11, 15]]"
12a_1096_107,"[[10, 16, 11, 15], [12, 21, 13, 22], [14, 3, 15, 4], [16, 10, 17, 9], [18, 7, 19, 8], [20, 6, 21, 5], [22, 13, 23, 14], [24, 20, 1, 19], [2, 17, 3, 18], [4, 11, 5, 12], [6, 24, 7, 23], [8, 1, 9, 2]]"
12a_1096_108,"[[9, 2, 10, 3], [11, 17, 12, 16], [13, 22, 14, 23], [15, 4, 16, 5], [17, 11, 18, 10], [19, 8, 20, 9], [21, 7, 22, 6], [23, 14, 24, 15], [1, 21, 2, 20], [3, 18, 4, 19], [5, 12, 6, 13], [7, 1, 8, 24]]"
12a_1096_109,"[[7, 1, 8, 24], [9, 2, 10, 3], [11, 17, 12, 16], [13, 22, 14, 23], [15, 4, 16, 5], [17, 11, 18, 10], [19, 8, 20, 9], [21, 7, 22, 6], [23, 14, 24, 15], [1, 21, 2, 20], [3, 18, 4, 19], [5, 12, 6, 13]]"
12a_1096_110,"[[5, 12, 6, 13], [7, 1, 8, 24], [9, 2, 10, 3], [11, 17, 12, 16], [13, 22, 14, 23], [15, 4, 16, 5], [17, 11, 18, 10], [19, 8, 20, 9], [21, 7, 22, 6], [23, 14, 24, 15], [1, 21, 2, 20], [3, 18, 4, 19]]"
12a_1096_111,"[[3, 18, 4, 19], [5, 12, 6, 13], [7, 1, 8, 24], [9, 2, 10, 3], [11, 17, 12, 16], [13, 22, 14, 23], [15, 4, 16, 5], [17, 11, 18, 10], [19, 8, 20, 9], [21, 7, 22, 6], [23, 14, 24, 15], [1, 21, 2, 20]]"
12a_1096_112,"[[1, 21, 2, 20], [3, 18, 4, 19], [5, 12, 6, 13], [7, 1, 8, 24], [9, 2, 10, 3], [11, 17, 12, 16], [13, 22, 14, 23], [15, 4, 16, 5], [17, 11, 18, 10], [19, 8, 20, 9], [21, 7, 22, 6], [23, 14, 24, 15]]"
12a_1096_113,"[[23, 14, 24, 15], [1, 21, 2, 20], [3, 18, 4, 19], [5, 12, 6, 13], [7, 1, 8, 24], [9, 2, 10, 3], [11, 17, 12, 16], [13, 22, 14, 23], [15, 4, 16, 5], [17, 11, 18, 10], [19, 8, 20, 9], [21, 7, 22, 6]]"
12a_1096_114,"[[21, 7, 22, 6], [23, 14, 24, 15], [1, 21, 2, 20], [3, 18, 4, 19], [5, 12, 6, 13], [7, 1, 8, 24], [9, 2, 10, 3], [11, 17, 12, 16], [13, 22, 14, 23], [15, 4, 16, 5], [17, 11, 18, 10], [19, 8, 20, 9]]"
12a_1096_115,"[[19, 8, 20, 9], [21, 7, 22, 6], [23, 14, 24, 15], [1, 21, 2, 20], [3, 18, 4, 19], [5, 12, 6, 13], [7, 1, 8, 24], [9, 2, 10, 3], [11, 17, 12, 16], [13, 22, 14, 23], [15, 4, 16, 5], [17, 11, 18, 10]]"
12a_1096_116,"[[17, 11, 18, 10], [19, 8, 20, 9], [21, 7, 22, 6], [23, 14, 24, 15], [1, 21, 2, 20], [3, 18, 4, 19], [5, 12, 6, 13], [7, 1, 8, 24], [9, 2, 10, 3], [11, 17, 12, 16], [13, 22, 14, 23], [15, 4, 16, 5]]"
12a_1096_117,"[[15, 4, 16, 5], [17, 11, 18, 10], [19, 8, 20, 9], [21, 7, 22, 6], [23, 14, 24, 15], [1, 21, 2, 20], [3, 18, 4, 19], [5, 12, 6, 13], [7, 1, 8, 24], [9, 2, 10, 3], [11, 17, 12, 16], [13, 22, 14, 23]]"
12a_1096_118,"[[13, 22, 14, 23], [15, 4, 16, 5], [17, 11, 18, 10], [19, 8, 20, 9], [21, 7, 22, 6], [23, 14, 24, 15], [1, 21, 2, 20], [3, 18, 4, 19], [5, 12, 6, 13], [7, 1, 8, 24], [9, 2, 10, 3], [11, 17, 12, 16]]"
12a_1096_119,"[[11, 17, 12, 16], [13, 22, 14, 23], [15, 4, 16, 5], [17, 11, 18, 10], [19, 8, 20, 9], [21, 7, 22, 6], [23, 14, 24, 15], [1, 21, 2, 20], [3, 18, 4, 19], [5, 12, 6, 13], [7, 1, 8, 24], [9, 2, 10, 3]]"
12a_1096_120,"[[10, 3, 11, 4], [12, 18, 13, 17], [14, 23, 15, 24], [16, 5, 17, 6], [18, 12, 19, 11], [20, 9, 21, 10], [22, 8, 23, 7], [24, 15, 1, 16], [2, 22, 3, 21], [4, 19, 5, 20], [6, 13, 7, 14], [8, 2, 9, 1]]"
12a_1096_121,"[[8, 2, 9, 1], [10, 3, 11, 4], [12, 18, 13, 17], [14, 23, 15, 24], [16, 5, 17, 6], [18, 12, 19, 11], [20, 9, 21, 10], [22, 8, 23, 7], [24, 15, 1, 16], [2, 22, 3, 21], [4, 19, 5, 20], [6, 13, 7, 14]]"
12a_1096_122,"[[6, 13, 7, 14], [8, 2, 9, 1], [10, 3, 11, 4], [12, 18, 13, 17], [14, 23, 15, 24], [16, 5, 17, 6], [18, 12, 19, 11], [20, 9, 21, 10], [22, 8, 23, 7], [24, 15, 1, 16], [2, 22, 3, 21], [4, 19, 5, 20]]"
12a_1096_123,"[[4, 19, 5, 20], [6, 13, 7, 14], [8, 2, 9, 1], [10, 3, 11, 4], [12, 18, 13, 17], [14, 23, 15, 24], [16, 5, 17, 6], [18, 12, 19, 11], [20, 9, 21, 10], [22, 8, 23, 7], [24, 15, 1, 16], [2, 22, 3, 21]]"
12a_1096_124,"[[2, 22, 3, 21], [4, 19, 5, 20], [6, 13, 7, 14], [8, 2, 9, 1], [10, 3, 11, 4], [12, 18, 13, 17], [14, 23, 15, 24], [16, 5, 17, 6], [18, 12, 19, 11], [20, 9, 21, 10], [22, 8, 23, 7], [24, 15, 1, 16]]"
12a_1096_125,"[[24, 15, 1, 16], [2, 22, 3, 21], [4, 19, 5, 20], [6, 13, 7, 14], [8, 2, 9, 1], [10, 3, 11, 4], [12, 18, 13, 17], [14, 23, 15, 24], [16, 5, 17, 6], [18, 12, 19, 11], [20, 9, 21, 10], [22, 8, 23, 7]]"
12a_1096_126,"[[22, 8, 23, 7], [24, 15, 1, 16], [2, 22, 3, 21], [4, 19, 5, 20], [6, 13, 7, 14], [8, 2, 9, 1], [10, 3, 11, 4], [12, 18, 13, 17], [14, 23, 15, 24], [16, 5, 17, 6], [18, 12, 19, 11], [20, 9, 21, 10]]"
12a_1096_127,"[[20, 9, 21, 10], [22, 8, 23, 7], [24, 15, 1, 16], [2, 22, 3, 21], [4, 19, 5, 20], [6, 13, 7, 14], [8, 2, 9, 1], [10, 3, 11, 4], [12, 18, 13, 17], [14, 23, 15, 24], [16, 5, 17, 6], [18, 12, 19, 11]]"
12a_1096_128,"[[18, 12, 19, 11], [20, 9, 21, 10], [22, 8, 23, 7], [24, 15, 1, 16], [2, 22, 3, 21], [4, 19, 5, 20], [6, 13, 7, 14], [8, 2, 9, 1], [10, 3, 11, 4], [12, 18, 13, 17], [14, 23, 15, 24], [16, 5, 17, 6]]"
12a_1096_129,"[[16, 5, 17, 6], [18, 12, 19, 11], [20, 9, 21, 10], [22, 8, 23, 7], [24, 15, 1, 16], [2, 22, 3, 21], [4, 19, 5, 20], [6, 13, 7, 14], [8, 2, 9, 1], [10, 3, 11, 4], [12, 18, 13, 17], [14, 23, 15, 24]]"
12a_1096_130,"[[14, 23, 15, 24], [16, 5, 17, 6], [18, 12, 19, 11], [20, 9, 21, 10], [22, 8, 23, 7], [24, 15, 1, 16], [2, 22, 3, 21], [4, 19, 5, 20], [6, 13, 7, 14], [8, 2, 9, 1], [10, 3, 11, 4], [12, 18, 13, 17]]"
12a_1096_131,"[[12, 18, 13, 17], [14, 23, 15, 24], [16, 5, 17, 6], [18, 12, 19, 11], [20, 9, 21, 10], [22, 8, 23, 7], [24, 15, 1, 16], [2, 22, 3, 21], [4, 19, 5, 20], [6, 13, 7, 14], [8, 2, 9, 1], [10, 3, 11, 4]]"
12a_1096_132,"[[11, 4, 12, 5], [13, 19, 14, 18], [15, 24, 16, 1], [17, 6, 18, 7], [19, 13, 20, 12], [21, 10, 22, 11], [23, 9, 24, 8], [1, 16, 2, 17], [3, 23, 4, 22], [5, 20, 6, 21], [7, 14, 8, 15], [9, 3, 10, 2]]"
12a_1096_133,"[[9, 3, 10, 2], [11, 4, 12, 5], [13, 19, 14, 18], [15, 24, 16, 1], [17, 6, 18, 7], [19, 13, 20, 12], [21, 10, 22, 11], [23, 9, 24, 8], [1, 16, 2, 17], [3, 23, 4, 22], [5, 20, 6, 21], [7, 14, 8, 15]]"
12a_1096_134,"[[7, 14, 8, 15], [9, 3, 10, 2], [11, 4, 12, 5], [13, 19, 14, 18], [15, 24, 16, 1], [17, 6, 18, 7], [19, 13, 20, 12], [21, 10, 22, 11], [23, 9, 24, 8], [1, 16, 2, 17], [3, 23, 4, 22], [5, 20, 6, 21]]"
12a_1096_135,"[[5, 20, 6, 21], [7, 14, 8, 15], [9, 3, 10, 2], [11, 4, 12, 5], [13, 19, 14, 18], [15, 24, 16, 1], [17, 6, 18, 7], [19, 13, 20, 12], [21, 10, 22, 11], [23, 9, 24, 8], [1, 16, 2, 17], [3, 23, 4, 22]]"
12a_1096_136,"[[3, 23, 4, 22], [5, 20, 6, 21], [7, 14, 8, 15], [9, 3, 10, 2], [11, 4, 12, 5], [13, 19, 14, 18], [15, 24, 16, 1], [17, 6, 18, 7], [19, 13, 20, 12], [21, 10, 22, 11], [23, 9, 24, 8], [1, 16, 2, 17]]"
12a_1096_137,"[[1, 16, 2, 17], [3, 23, 4, 22], [5, 20, 6, 21], [7, 14, 8, 15], [9, 3, 10, 2], [11, 4, 12, 5], [13, 19, 14, 18], [15, 24, 16, 1], [17, 6, 18, 7], [19, 13, 20, 12], [21, 10, 22, 11], [23, 9, 24, 8]]"
12a_1096_138,"[[23, 9, 24, 8], [1, 16, 2, 17], [3, 23, 4, 22], [5, 20, 6, 21], [7, 14, 8, 15], [9, 3, 10, 2], [11, 4, 12, 5], [13, 19, 14, 18], [15, 24, 16, 1], [17, 6, 18, 7], [19, 13, 20, 12], [21, 10, 22, 11]]"
12a_1096_139,"[[21, 10, 22, 11], [23, 9, 24, 8], [1, 16, 2, 17], [3, 23, 4, 22], [5, 20, 6, 21], [7, 14, 8, 15], [9, 3, 10, 2], [11, 4, 12, 5], [13, 19, 14, 18], [15, 24, 16, 1], [17, 6, 18, 7], [19, 13, 20, 12]]"
12a_1096_140,"[[19, 13, 20, 12], [21, 10, 22, 11], [23, 9, 24, 8], [1, 16, 2, 17], [3, 23, 4, 22], [5, 20, 6, 21], [7, 14, 8, 15], [9, 3, 10, 2], [11, 4, 12, 5], [13, 19, 14, 18], [15, 24, 16, 1], [17, 6, 18, 7]]"
12a_1096_141,"[[17, 6, 18, 7], [19, 13, 20, 12], [21, 10, 22, 11], [23, 9, 24, 8], [1, 16, 2, 17], [3, 23, 4, 22], [5, 20, 6, 21], [7, 14, 8, 15], [9, 3, 10, 2], [11, 4, 12, 5], [13, 19, 14, 18], [15, 24, 16, 1]]"
12a_1096_142,"[[15, 24, 16, 1], [17, 6, 18, 7], [19, 13, 20, 12], [21, 10, 22, 11], [23, 9, 24, 8], [1, 16, 2, 17], [3, 23, 4, 22], [5, 20, 6, 21], [7, 14, 8, 15], [9, 3, 10, 2], [11, 4, 12, 5], [13, 19, 14, 18]]"
12a_1096_143,"[[13, 19, 14, 18], [15, 24, 16, 1], [17, 6, 18, 7], [19, 13, 20, 12], [21, 10, 22, 11], [23, 9, 24, 8], [1, 16, 2, 17], [3, 23, 4, 22], [5, 20, 6, 21], [7, 14, 8, 15], [9, 3, 10, 2], [11, 4, 12, 5]]"
12a_1096_144,"[[12, 5, 13, 6], [14, 20, 15, 19], [16, 1, 17, 2], [18, 7, 19, 8], [20, 14, 21, 13], [22, 11, 23, 12], [24, 10, 1, 9], [2, 17, 3, 18], [4, 24, 5, 23], [6, 21, 7, 22], [8, 15, 9, 16], [10, 4, 11, 3]]"
12a_1096_145,"[[10, 4, 11, 3], [12, 5, 13, 6], [14, 20, 15, 19], [16, 1, 17, 2], [18, 7, 19, 8], [20, 14, 21, 13], [22, 11, 23, 12], [24, 10, 1, 9], [2, 17, 3, 18], [4, 24, 5, 23], [6, 21, 7, 22], [8, 15, 9, 16]]"
12a_1096_146,"[[8, 15, 9, 16], [10, 4, 11, 3], [12, 5, 13, 6], [14, 20, 15, 19], [16, 1, 17, 2], [18, 7, 19, 8], [20, 14, 21, 13], [22, 11, 23, 12], [24, 10, 1, 9], [2, 17, 3, 18], [4, 24, 5, 23], [6, 21, 7, 22]]"
12a_1096_147,"[[6, 21, 7, 22], [8, 15, 9, 16], [10, 4, 11, 3], [12, 5, 13, 6], [14, 20, 15, 19], [16, 1, 17, 2], [18, 7, 19, 8], [20, 14, 21, 13], [22, 11, 23, 12], [24, 10, 1, 9], [2, 17, 3, 18], [4, 24, 5, 23]]"
12a_1096_148,"[[4, 24, 5, 23], [6, 21, 7, 22], [8, 15, 9, 16], [10, 4, 11, 3], [12, 5, 13, 6], [14, 20, 15, 19], [16, 1, 17, 2], [18, 7, 19, 8], [20, 14, 21, 13], [22, 11, 23, 12], [24, 10, 1, 9], [2, 17, 3, 18]]"
12a_1096_149,"[[2, 17, 3, 18], [4, 24, 5, 23], [6, 21, 7, 22], [8, 15, 9, 16], [10, 4, 11, 3], [12, 5, 13, 6], [14, 20, 15, 19], [16, 1, 17, 2], [18, 7, 19, 8], [20, 14, 21, 13], [22, 11, 23, 12], [24, 10, 1, 9]]"
12a_1096_150,"[[24, 10, 1, 9], [2, 17, 3, 18], [4, 24, 5, 23], [6, 21, 7, 22], [8, 15, 9, 16], [10, 4, 11, 3], [12, 5, 13, 6], [14, 20, 15, 19], [16, 1, 17, 2], [18, 7, 19, 8], [20, 14, 21, 13], [22, 11, 23, 12]]"
12a_1096_151,"[[22, 11, 23, 12], [24, 10, 1, 9], [2, 17, 3, 18], [4, 24, 5, 23], [6, 21, 7, 22], [8, 15, 9, 16], [10, 4, 11, 3], [12, 5, 13, 6], [14, 20, 15, 19], [16, 1, 17, 2], [18, 7, 19, 8], [20, 14, 21, 13]]"
12a_1096_152,"[[20, 14, 21, 13], [22, 11, 23, 12], [24, 10, 1, 9], [2, 17, 3, 18], [4, 24, 5, 23], [6, 21, 7, 22], [8, 15, 9, 16], [10, 4, 11, 3], [12, 5, 13, 6], [14, 20, 15, 19], [16, 1, 17, 2], [18, 7, 19, 8]]"
12a_1096_153,"[[18, 7, 19, 8], [20, 14, 21, 13], [22, 11, 23, 12], [24, 10, 1, 9], [2, 17, 3, 18], [4, 24, 5, 23], [6, 21, 7, 22], [8, 15, 9, 16], [10, 4, 11, 3], [12, 5, 13, 6], [14, 20, 15, 19], [16, 1, 17, 2]]"
12a_1096_154,"[[16, 1, 17, 2], [18, 7, 19, 8], [20, 14, 21, 13], [22, 11, 23, 12], [24, 10, 1, 9], [2, 17, 3, 18], [4, 24, 5, 23], [6, 21, 7, 22], [8, 15, 9, 16], [10, 4, 11, 3], [12, 5, 13, 6], [14, 20, 15, 19]]"
12a_1096_155,"[[14, 20, 15, 19], [16, 1, 17, 2], [18, 7, 19, 8], [20, 14, 21, 13], [22, 11, 23, 12], [24, 10, 1, 9], [2, 17, 3, 18], [4, 24, 5, 23], [6, 21, 7, 22], [8, 15, 9, 16], [10, 4, 11, 3], [12, 5, 13, 6]]"
12a_1096_156,"[[13, 6, 14, 7], [15, 21, 16, 20], [17, 2, 18, 3], [19, 8, 20, 9], [21, 15, 22, 14], [23, 12, 24, 13], [1, 11, 2, 10], [3, 18, 4, 19], [5, 1, 6, 24], [7, 22, 8, 23], [9, 16, 10, 17], [11, 5, 12, 4]]"
12a_1096_157,"[[11, 5, 12, 4], [13, 6, 14, 7], [15, 21, 16, 20], [17, 2, 18, 3], [19, 8, 20, 9], [21, 15, 22, 14], [23, 12, 24, 13], [1, 11, 2, 10], [3, 18, 4, 19], [5, 1, 6, 24], [7, 22, 8, 23], [9, 16, 10, 17]]"
12a_1096_158,"[[9, 16, 10, 17], [11, 5, 12, 4], [13, 6, 14, 7], [15, 21, 16, 20], [17, 2, 18, 3], [19, 8, 20, 9], [21, 15, 22, 14], [23, 12, 24, 13], [1, 11, 2, 10], [3, 18, 4, 19], [5, 1, 6, 24], [7, 22, 8, 23]]"
12a_1096_159,"[[7, 22, 8, 23], [9, 16, 10, 17], [11, 5, 12, 4], [13, 6, 14, 7], [15, 21, 16, 20], [17, 2, 18, 3], [19, 8, 20, 9], [21, 15, 22, 14], [23, 12, 24, 13], [1, 11, 2, 10], [3, 18, 4, 19], [5, 1, 6, 24]]"
12a_1096_160,"[[5, 1, 6, 24], [7, 22, 8, 23], [9, 16, 10, 17], [11, 5, 12, 4], [13, 6, 14, 7], [15, 21, 16, 20], [17, 2, 18, 3], [19, 8, 20, 9], [21, 15, 22, 14], [23, 12, 24, 13], [1, 11, 2, 10], [3, 18, 4, 19]]"
12a_1096_161,"[[3, 18, 4, 19], [5, 1, 6, 24], [7, 22, 8, 23], [9, 16, 10, 17], [11, 5, 12, 4], [13, 6, 14, 7], [15, 21, 16, 20], [17, 2, 18, 3], [19, 8, 20, 9], [21, 15, 22, 14], [23, 12, 24, 13], [1, 11, 2, 10]]"
12a_1096_162,"[[1, 11, 2, 10], [3, 18, 4, 19], [5, 1, 6, 24], [7, 22, 8, 23], [9, 16, 10, 17], [11, 5, 12, 4], [13, 6, 14, 7], [15, 21, 16, 20], [17, 2, 18, 3], [19, 8, 20, 9], [21, 15, 22, 14], [23, 12, 24, 13]]"
12a_1096_163,"[[23, 12, 24, 13], [1, 11, 2, 10], [3, 18, 4, 19], [5, 1, 6, 24], [7, 22, 8, 23], [9, 16, 10, 17], [11, 5, 12, 4], [13, 6, 14, 7], [15, 21, 16, 20], [17, 2, 18, 3], [19, 8, 20, 9], [21, 15, 22, 14]]"
12a_1096_164,"[[21, 15, 22, 14], [23, 12, 24, 13], [1, 11, 2, 10], [3, 18, 4, 19], [5, 1, 6, 24], [7, 22, 8, 23], [9, 16, 10, 17], [11, 5, 12, 4], [13, 6, 14, 7], [15, 21, 16, 20], [17, 2, 18, 3], [19, 8, 20, 9]]"
12a_1096_165,"[[19, 8, 20, 9], [21, 15, 22, 14], [23, 12, 24, 13], [1, 11, 2, 10], [3, 18, 4, 19], [5, 1, 6, 24], [7, 22, 8, 23], [9, 16, 10, 17], [11, 5, 12, 4], [13, 6, 14, 7], [15, 21, 16, 20], [17, 2, 18, 3]]"
12a_1096_166,"[[17, 2, 18, 3], [19, 8, 20, 9], [21, 15, 22, 14], [23, 12, 24, 13], [1, 11, 2, 10], [3, 18, 4, 19], [5, 1, 6, 24], [7, 22, 8, 23], [9, 16, 10, 17], [11, 5, 12, 4], [13, 6, 14, 7], [15, 21, 16, 20]]"
12a_1096_167,"[[15, 21, 16, 20], [17, 2, 18, 3], [19, 8, 20, 9], [21, 15, 22, 14], [23, 12, 24, 13], [1, 11, 2, 10], [3, 18, 4, 19], [5, 1, 6, 24], [7, 22, 8, 23], [9, 16, 10, 17], [11, 5, 12, 4], [13, 6, 14, 7]]"
12a_1096_168,"[[14, 7, 15, 8], [16, 22, 17, 21], [18, 3, 19, 4], [20, 9, 21, 10], [22, 16, 23, 15], [24, 13, 1, 14], [2, 12, 3, 11], [4, 19, 5, 20], [6, 2, 7, 1], [8, 23, 9, 24], [10, 17, 11, 18], [12, 6, 13, 5]]"
12a_1096_169,"[[12, 6, 13, 5], [14, 7, 15, 8], [16, 22, 17, 21], [18, 3, 19, 4], [20, 9, 21, 10], [22, 16, 23, 15], [24, 13, 1, 14], [2, 12, 3, 11], [4, 19, 5, 20], [6, 2, 7, 1], [8, 23, 9, 24], [10, 17, 11, 18]]"
12a_1096_170,"[[10, 17, 11, 18], [12, 6, 13, 5], [14, 7, 15, 8], [16, 22, 17, 21], [18, 3, 19, 4], [20, 9, 21, 10], [22, 16, 23, 15], [24, 13, 1, 14], [2, 12, 3, 11], [4, 19, 5, 20], [6, 2, 7, 1], [8, 23, 9, 24]]"
12a_1096_171,"[[8, 23, 9, 24], [10, 17, 11, 18], [12, 6, 13, 5], [14, 7, 15, 8], [16, 22, 17, 21], [18, 3, 19, 4], [20, 9, 21, 10], [22, 16, 23, 15], [24, 13, 1, 14], [2, 12, 3, 11], [4, 19, 5, 20], [6, 2, 7, 1]]"
12a_1096_172,"[[6, 2, 7, 1], [8, 23, 9, 24], [10, 17, 11, 18], [12, 6, 13, 5], [14, 7, 15, 8], [16, 22, 17, 21], [18, 3, 19, 4], [20, 9, 21, 10], [22, 16, 23, 15], [24, 13, 1, 14], [2, 12, 3, 11], [4, 19, 5, 20]]"
12a_1096_173,"[[4, 19, 5, 20], [6, 2, 7, 1], [8, 23, 9, 24], [10, 17, 11, 18], [12, 6, 13, 5], [14, 7, 15, 8], [16, 22, 17, 21], [18, 3, 19, 4], [20, 9, 21, 10], [22, 16, 23, 15], [24, 13, 1, 14], [2, 12, 3, 11]]"
12a_1096_174,"[[2, 12, 3, 11], [4, 19, 5, 20], [6, 2, 7, 1], [8, 23, 9, 24], [10, 17, 11, 18], [12, 6, 13, 5], [14, 7, 15, 8], [16, 22, 17, 21], [18, 3, 19, 4], [20, 9, 21, 10], [22, 16, 23, 15], [24, 13, 1, 14]]"
12a_1096_175,"[[24, 13, 1, 14], [2, 12, 3, 11], [4, 19, 5, 20], [6, 2, 7, 1], [8, 23, 9, 24], [10, 17, 11, 18], [12, 6, 13, 5], [14, 7, 15, 8], [16, 22, 17, 21], [18, 3, 19, 4], [20, 9, 21, 10], [22, 16, 23, 15]]"
12a_1096_176,"[[22, 16, 23, 15], [24, 13, 1, 14], [2, 12, 3, 11], [4, 19, 5, 20], [6, 2, 7, 1], [8, 23, 9, 24], [10, 17, 11, 18], [12, 6, 13, 5], [14, 7, 15, 8], [16, 22, 17, 21], [18, 3, 19, 4], [20, 9, 21, 10]]"
12a_1096_177,"[[20, 9, 21, 10], [22, 16, 23, 15], [24, 13, 1, 14], [2, 12, 3, 11], [4, 19, 5, 20], [6, 2, 7, 1], [8, 23, 9, 24], [10, 17, 11, 18], [12, 6, 13, 5], [14, 7, 15, 8], [16, 22, 17, 21], [18, 3, 19, 4]]"
12a_1096_178,"[[18, 3, 19, 4], [20, 9, 21, 10], [22, 16, 23, 15], [24, 13, 1, 14], [2, 12, 3, 11], [4, 19, 5, 20], [6, 2, 7, 1], [8, 23, 9, 24], [10, 17, 11, 18], [12, 6, 13, 5], [14, 7, 15, 8], [16, 22, 17, 21]]"
12a_1096_179,"[[16, 22, 17, 21], [18, 3, 19, 4], [20, 9, 21, 10], [22, 16, 23, 15], [24, 13, 1, 14], [2, 12, 3, 11], [4, 19, 5, 20], [6, 2, 7, 1], [8, 23, 9, 24], [10, 17, 11, 18], [12, 6, 13, 5], [14, 7, 15, 8]]"
12a_1096_180,"[[15, 8, 16, 9], [17, 23, 18, 22], [19, 4, 20, 5], [21, 10, 22, 11], [23, 17, 24, 16], [1, 14, 2, 15], [3, 13, 4, 12], [5, 20, 6, 21], [7, 3, 8, 2], [9, 24, 10, 1], [11, 18, 12, 19], [13, 7, 14, 6]]"
12a_1096_181,"[[13, 7, 14, 6], [15, 8, 16, 9], [17, 23, 18, 22], [19, 4, 20, 5], [21, 10, 22, 11], [23, 17, 24, 16], [1, 14, 2, 15], [3, 13, 4, 12], [5, 20, 6, 21], [7, 3, 8, 2], [9, 24, 10, 1], [11, 18, 12, 19]]"
12a_1096_182,"[[11, 18, 12, 19], [13, 7, 14, 6], [15, 8, 16, 9], [17, 23, 18, 22], [19, 4, 20, 5], [21, 10, 22, 11], [23, 17, 24, 16], [1, 14, 2, 15], [3, 13, 4, 12], [5, 20, 6, 21], [7, 3, 8, 2], [9, 24, 10, 1]]"
12a_1096_183,"[[9, 24, 10, 1], [11, 18, 12, 19], [13, 7, 14, 6], [15, 8, 16, 9], [17, 23, 18, 22], [19, 4, 20, 5], [21, 10, 22, 11], [23, 17, 24, 16], [1, 14, 2, 15], [3, 13, 4, 12], [5, 20, 6, 21], [7, 3, 8, 2]]"
12a_1096_184,"[[7, 3, 8, 2], [9, 24, 10, 1], [11, 18, 12, 19], [13, 7, 14, 6], [15, 8, 16, 9], [17, 23, 18, 22], [19, 4, 20, 5], [21, 10, 22, 11], [23, 17, 24, 16], [1, 14, 2, 15], [3, 13, 4, 12], [5, 20, 6, 21]]"
12a_1096_185,"[[5, 20, 6, 21], [7, 3, 8, 2], [9, 24, 10, 1], [11, 18, 12, 19], [13, 7, 14, 6], [15, 8, 16, 9], [17, 23, 18, 22], [19, 4, 20, 5], [21, 10, 22, 11], [23, 17, 24, 16], [1, 14, 2, 15], [3, 13, 4, 12]]"
