name,pd_notation
12a_0946_0,"[[24, 18, 1, 17], [2, 8, 3, 7], [4, 12, 5, 11], [6, 19, 7, 20], [8, 16, 9, 15], [10, 4, 11, 3], [12, 22, 13, 21], [14, 10, 15, 9], [16, 24, 17, 23], [18, 2, 19, 1], [20, 5, 21, 6], [22, 14, 23, 13]]"
12a_0946_1,"[[22, 14, 23, 13], [24, 18, 1, 17], [2, 8, 3, 7], [4, 12, 5, 11], [6, 19, 7, 20], [8, 16, 9, 15], [10, 4, 11, 3], [12, 22, 13, 21], [14, 10, 15, 9], [16, 24, 17, 23], [18, 2, 19, 1], [20, 5, 21, 6]]"
12a_0946_2,"[[20, 5, 21, 6], [22, 14, 23, 13], [24, 18, 1, 17], [2, 8, 3, 7], [4, 12, 5, 11], [6, 19, 7, 20], [8, 16, 9, 15], [10, 4, 11, 3], [12, 22, 13, 21], [14, 10, 15, 9], [16, 24, 17, 23], [18, 2, 19, 1]]"
12a_0946_3,"[[18, 2, 19, 1], [20, 5, 21, 6], [22, 14, 23, 13], [24, 18, 1, 17], [2, 8, 3, 7], [4, 12, 5, 11], [6, 19, 7, 20], [8, 16, 9, 15], [10, 4, 11, 3], [12, 22, 13, 21], [14, 10, 15, 9], [16, 24, 17, 23]]"
12a_0946_4,"[[16, 24, 17, 23], [18, 2, 19, 1], [20, 5, 21, 6], [22, 14, 23, 13], [24, 18, 1, 17], [2, 8, 3, 7], [4, 12, 5, 11], [6, 19, 7, 20], [8, 16, 9, 15], [10, 4, 11, 3], [12, 22, 13, 21], [14, 10, 15, 9]]"
12a_0946_5,"[[14, 10, 15, 9], [16, 24, 17, 23], [18, 2, 19, 1], [20, 5, 21, 6], [22, 14, 23, 13], [24, 18, 1, 17], [2, 8, 3, 7], [4, 12, 5, 11], [6, 19, 7, 20], [8, 16, 9, 15], [10, 4, 11, 3], [12, 22, 13, 21]]"
12a_0946_6,"[[12, 22, 13, 21], [14, 10, 15, 9], [16, 24, 17, 23], [18, 2, 19, 1], [20, 5, 21, 6], [22, 14, 23, 13], [24, 18, 1, 17], [2, 8, 3, 7], [4, 12, 5, 11], [6, 19, 7, 20], [8, 16, 9, 15], [10, 4, 11, 3]]"
12a_0946_7,"[[10, 4, 11, 3], [12, 22, 13, 21], [14, 10, 15, 9], [16, 24, 17, 23], [18, 2, 19, 1], [20, 5, 21, 6], [22, 14, 23, 13], [24, 18, 1, 17], [2, 8, 3, 7], [4, 12, 5, 11], [6, 19, 7, 20], [8, 16, 9, 15]]"
12a_0946_8,"[[8, 16, 9, 15], [10, 4, 11, 3], [12, 22, 13, 21], [14, 10, 15, 9], [16, 24, 17, 23], [18, 2, 19, 1], [20, 5, 21, 6], [22, 14, 23, 13], [24, 18, 1, 17], [2, 8, 3, 7], [4, 12, 5, 11], [6, 19, 7, 20]]"
12a_0946_9,"[[6, 19, 7, 20], [8, 16, 9, 15], [10, 4, 11, 3], [12, 22, 13, 21], [14, 10, 15, 9], [16, 24, 17, 23], [18, 2, 19, 1], [20, 5, 21, 6], [22, 14, 23, 13], [24, 18, 1, 17], [2, 8, 3, 7], [4, 12, 5, 11]]"
12a_0946_10,"[[4, 12, 5, 11], [6, 19, 7, 20], [8, 16, 9, 15], [10, 4, 11, 3], [12, 22, 13, 21], [14, 10, 15, 9], [16, 24, 17, 23], [18, 2, 19, 1], [20, 5, 21, 6], [22, 14, 23, 13], [24, 18, 1, 17], [2, 8, 3, 7]]"
12a_0946_11,"[[2, 8, 3, 7], [4, 12, 5, 11], [6, 19, 7, 20], [8, 16, 9, 15], [10, 4, 11, 3], [12, 22, 13, 21], [14, 10, 15, 9], [16, 24, 17, 23], [18, 2, 19, 1], [20, 5, 21, 6], [22, 14, 23, 13], [24, 18, 1, 17]]"
12a_0946_12,"[[1, 19, 2, 18], [3, 9, 4, 8], [5, 13, 6, 12], [7, 20, 8, 21], [9, 17, 10, 16], [11, 5, 12, 4], [13, 23, 14, 22], [15, 11, 16, 10], [17, 1, 18, 24], [19, 3, 20, 2], [21, 6, 22, 7], [23, 15, 24, 14]]"
12a_0946_13,"[[23, 15, 24, 14], [1, 19, 2, 18], [3, 9, 4, 8], [5, 13, 6, 12], [7, 20, 8, 21], [9, 17, 10, 16], [11, 5, 12, 4], [13, 23, 14, 22], [15, 11, 16, 10], [17, 1, 18, 24], [19, 3, 20, 2], [21, 6, 22, 7]]"
12a_0946_14,"[[21, 6, 22, 7], [23, 15, 24, 14], [1, 19, 2, 18], [3, 9, 4, 8], [5, 13, 6, 12], [7, 20, 8, 21], [9, 17, 10, 16], [11, 5, 12, 4], [13, 23, 14, 22], [15, 11, 16, 10], [17, 1, 18, 24], [19, 3, 20, 2]]"
12a_0946_15,"[[19, 3, 20, 2], [21, 6, 22, 7], [23, 15, 24, 14], [1, 19, 2, 18], [3, 9, 4, 8], [5, 13, 6, 12], [7, 20, 8, 21], [9, 17, 10, 16], [11, 5, 12, 4], [13, 23, 14, 22], [15, 11, 16, 10], [17, 1, 18, 24]]"
12a_0946_16,"[[17, 1, 18, 24], [19, 3, 20, 2], [21, 6, 22, 7], [23, 15, 24, 14], [1, 19, 2, 18], [3, 9, 4, 8], [5, 13, 6, 12], [7, 20, 8, 21], [9, 17, 10, 16], [11, 5, 12, 4], [13, 23, 14, 22], [15, 11, 16, 10]]"
12a_0946_17,"[[15, 11, 16, 10], [17, 1, 18, 24], [19, 3, 20, 2], [21, 6, 22, 7], [23, 15, 24, 14], [1, 19, 2, 18], [3, 9, 4, 8], [5, 13, 6, 12], [7, 20, 8, 21], [9, 17, 10, 16], [11, 5, 12, 4], [13, 23, 14, 22]]"
12a_0946_18,"[[13, 23, 14, 22], [15, 11, 16, 10], [17, 1, 18, 24], [19, 3, 20, 2], [21, 6, 22, 7], [23, 15, 24, 14], [1, 19, 2, 18], [3, 9, 4, 8], [5, 13, 6, 12], [7, 20, 8, 21], [9, 17, 10, 16], [11, 5, 12, 4]]"
12a_0946_19,"[[11, 5, 12, 4], [13, 23, 14, 22], [15, 11, 16, 10], [17, 1, 18, 24], [19, 3, 20, 2], [21, 6, 22, 7], [23, 15, 24, 14], [1, 19, 2, 18], [3, 9, 4, 8], [5, 13, 6, 12], [7, 20, 8, 21], [9, 17, 10, 16]]"
12a_0946_20,"[[9, 17, 10, 16], [11, 5, 12, 4], [13, 23, 14, 22], [15, 11, 16, 10], [17, 1, 18, 24], [19, 3, 20, 2], [21, 6, 22, 7], [23, 15, 24, 14], [1, 19, 2, 18], [3, 9, 4, 8], [5, 13, 6, 12], [7, 20, 8, 21]]"
12a_0946_21,"[[7, 20, 8, 21], [9, 17, 10, 16], [11, 5, 12, 4], [13, 23, 14, 22], [15, 11, 16, 10], [17, 1, 18, 24], [19, 3, 20, 2], [21, 6, 22, 7], [23, 15, 24, 14], [1, 19, 2, 18], [3, 9, 4, 8], [5, 13, 6, 12]]"
12a_0946_22,"[[5, 13, 6, 12], [7, 20, 8, 21], [9, 17, 10, 16], [11, 5, 12, 4], [13, 23, 14, 22], [15, 11, 16, 10], [17, 1, 18, 24], [19, 3, 20, 2], [21, 6, 22, 7], [23, 15, 24, 14], [1, 19, 2, 18], [3, 9, 4, 8]]"
12a_0946_23,"[[3, 9, 4, 8], [5, 13, 6, 12], [7, 20, 8, 21], [9, 17, 10, 16], [11, 5, 12, 4], [13, 23, 14, 22], [15, 11, 16, 10], [17, 1, 18, 24], [19, 3, 20, 2], [21, 6, 22, 7], [23, 15, 24, 14], [1, 19, 2, 18]]"
12a_0946_24,"[[2, 20, 3, 19], [4, 10, 5, 9], [6, 14, 7, 13], [8, 21, 9, 22], [10, 18, 11, 17], [12, 6, 13, 5], [14, 24, 15, 23], [16, 12, 17, 11], [18, 2, 19, 1], [20, 4, 21, 3], [22, 7, 23, 8], [24, 16, 1, 15]]"
12a_0946_25,"[[24, 16, 1, 15], [2, 20, 3, 19], [4, 10, 5, 9], [6, 14, 7, 13], [8, 21, 9, 22], [10, 18, 11, 17], [12, 6, 13, 5], [14, 24, 15, 23], [16, 12, 17, 11], [18, 2, 19, 1], [20, 4, 21, 3], [22, 7, 23, 8]]"
12a_0946_26,"[[22, 7, 23, 8], [24, 16, 1, 15], [2, 20, 3, 19], [4, 10, 5, 9], [6, 14, 7, 13], [8, 21, 9, 22], [10, 18, 11, 17], [12, 6, 13, 5], [14, 24, 15, 23], [16, 12, 17, 11], [18, 2, 19, 1], [20, 4, 21, 3]]"
12a_0946_27,"[[20, 4, 21, 3], [22, 7, 23, 8], [24, 16, 1, 15], [2, 20, 3, 19], [4, 10, 5, 9], [6, 14, 7, 13], [8, 21, 9, 22], [10, 18, 11, 17], [12, 6, 13, 5], [14, 24, 15, 23], [16, 12, 17, 11], [18, 2, 19, 1]]"
12a_0946_28,"[[18, 2, 19, 1], [20, 4, 21, 3], [22, 7, 23, 8], [24, 16, 1, 15], [2, 20, 3, 19], [4, 10, 5, 9], [6, 14, 7, 13], [8, 21, 9, 22], [10, 18, 11, 17], [12, 6, 13, 5], [14, 24, 15, 23], [16, 12, 17, 11]]"
12a_0946_29,"[[16, 12, 17, 11], [18, 2, 19, 1], [20, 4, 21, 3], [22, 7, 23, 8], [24, 16, 1, 15], [2, 20, 3, 19], [4, 10, 5, 9], [6, 14, 7, 13], [8, 21, 9, 22], [10, 18, 11, 17], [12, 6, 13, 5], [14, 24, 15, 23]]"
12a_0946_30,"[[14, 24, 15, 23], [16, 12, 17, 11], [18, 2, 19, 1], [20, 4, 21, 3], [22, 7, 23, 8], [24, 16, 1, 15], [2, 20, 3, 19], [4, 10, 5, 9], [6, 14, 7, 13], [8, 21, 9, 22], [10, 18, 11, 17], [12, 6, 13, 5]]"
12a_0946_31,"[[12, 6, 13, 5], [14, 24, 15, 23], [16, 12, 17, 11], [18, 2, 19, 1], [20, 4, 21, 3], [22, 7, 23, 8], [24, 16, 1, 15], [2, 20, 3, 19], [4, 10, 5, 9], [6, 14, 7, 13], [8, 21, 9, 22], [10, 18, 11, 17]]"
12a_0946_32,"[[10, 18, 11, 17], [12, 6, 13, 5], [14, 24, 15, 23], [16, 12, 17, 11], [18, 2, 19, 1], [20, 4, 21, 3], [22, 7, 23, 8], [24, 16, 1, 15], [2, 20, 3, 19], [4, 10, 5, 9], [6, 14, 7, 13], [8, 21, 9, 22]]"
12a_0946_33,"[[8, 21, 9, 22], [10, 18, 11, 17], [12, 6, 13, 5], [14, 24, 15, 23], [16, 12, 17, 11], [18, 2, 19, 1], [20, 4, 21, 3], [22, 7, 23, 8], [24, 16, 1, 15], [2, 20, 3, 19], [4, 10, 5, 9], [6, 14, 7, 13]]"
12a_0946_34,"[[6, 14, 7, 13], [8, 21, 9, 22], [10, 18, 11, 17], [12, 6, 13, 5], [14, 24, 15, 23], [16, 12, 17, 11], [18, 2, 19, 1], [20, 4, 21, 3], [22, 7, 23, 8], [24, 16, 1, 15], [2, 20, 3, 19], [4, 10, 5, 9]]"
12a_0946_35,"[[4, 10, 5, 9], [6, 14, 7, 13], [8, 21, 9, 22], [10, 18, 11, 17], [12, 6, 13, 5], [14, 24, 15, 23], [16, 12, 17, 11], [18, 2, 19, 1], [20, 4, 21, 3], [22, 7, 23, 8], [24, 16, 1, 15], [2, 20, 3, 19]]"
12a_0946_36,"[[3, 21, 4, 20], [5, 11, 6, 10], [7, 15, 8, 14], [9, 22, 10, 23], [11, 19, 12, 18], [13, 7, 14, 6], [15, 1, 16, 24], [17, 13, 18, 12], [19, 3, 20, 2], [21, 5, 22, 4], [23, 8, 24, 9], [1, 17, 2, 16]]"
12a_0946_37,"[[1, 17, 2, 16], [3, 21, 4, 20], [5, 11, 6, 10], [7, 15, 8, 14], [9, 22, 10, 23], [11, 19, 12, 18], [13, 7, 14, 6], [15, 1, 16, 24], [17, 13, 18, 12], [19, 3, 20, 2], [21, 5, 22, 4], [23, 8, 24, 9]]"
12a_0946_38,"[[23, 8, 24, 9], [1, 17, 2, 16], [3, 21, 4, 20], [5, 11, 6, 10], [7, 15, 8, 14], [9, 22, 10, 23], [11, 19, 12, 18], [13, 7, 14, 6], [15, 1, 16, 24], [17, 13, 18, 12], [19, 3, 20, 2], [21, 5, 22, 4]]"
12a_0946_39,"[[21, 5, 22, 4], [23, 8, 24, 9], [1, 17, 2, 16], [3, 21, 4, 20], [5, 11, 6, 10], [7, 15, 8, 14], [9, 22, 10, 23], [11, 19, 12, 18], [13, 7, 14, 6], [15, 1, 16, 24], [17, 13, 18, 12], [19, 3, 20, 2]]"
12a_0946_40,"[[19, 3, 20, 2], [21, 5, 22, 4], [23, 8, 24, 9], [1, 17, 2, 16], [3, 21, 4, 20], [5, 11, 6, 10], [7, 15, 8, 14], [9, 22, 10, 23], [11, 19, 12, 18], [13, 7, 14, 6], [15, 1, 16, 24], [17, 13, 18, 12]]"
12a_0946_41,"[[17, 13, 18, 12], [19, 3, 20, 2], [21, 5, 22, 4], [23, 8, 24, 9], [1, 17, 2, 16], [3, 21, 4, 20], [5, 11, 6, 10], [7, 15, 8, 14], [9, 22, 10, 23], [11, 19, 12, 18], [13, 7, 14, 6], [15, 1, 16, 24]]"
12a_0946_42,"[[15, 1, 16, 24], [17, 13, 18, 12], [19, 3, 20, 2], [21, 5, 22, 4], [23, 8, 24, 9], [1, 17, 2, 16], [3, 21, 4, 20], [5, 11, 6, 10], [7, 15, 8, 14], [9, 22, 10, 23], [11, 19, 12, 18], [13, 7, 14, 6]]"
12a_0946_43,"[[13, 7, 14, 6], [15, 1, 16, 24], [17, 13, 18, 12], [19, 3, 20, 2], [21, 5, 22, 4], [23, 8, 24, 9], [1, 17, 2, 16], [3, 21, 4, 20], [5, 11, 6, 10], [7, 15, 8, 14], [9, 22, 10, 23], [11, 19, 12, 18]]"
12a_0946_44,"[[11, 19, 12, 18], [13, 7, 14, 6], [15, 1, 16, 24], [17, 13, 18, 12], [19, 3, 20, 2], [21, 5, 22, 4], [23, 8, 24, 9], [1, 17, 2, 16], [3, 21, 4, 20], [5, 11, 6, 10], [7, 15, 8, 14], [9, 22, 10, 23]]"
12a_0946_45,"[[9, 22, 10, 23], [11, 19, 12, 18], [13, 7, 14, 6], [15, 1, 16, 24], [17, 13, 18, 12], [19, 3, 20, 2], [21, 5, 22, 4], [23, 8, 24, 9], [1, 17, 2, 16], [3, 21, 4, 20], [5, 11, 6, 10], [7, 15, 8, 14]]"
12a_0946_46,"[[7, 15, 8, 14], [9, 22, 10, 23], [11, 19, 12, 18], [13, 7, 14, 6], [15, 1, 16, 24], [17, 13, 18, 12], [19, 3, 20, 2], [21, 5, 22, 4], [23, 8, 24, 9], [1, 17, 2, 16], [3, 21, 4, 20], [5, 11, 6, 10]]"
12a_0946_47,"[[5, 11, 6, 10], [7, 15, 8, 14], [9, 22, 10, 23], [11, 19, 12, 18], [13, 7, 14, 6], [15, 1, 16, 24], [17, 13, 18, 12], [19, 3, 20, 2], [21, 5, 22, 4], [23, 8, 24, 9], [1, 17, 2, 16], [3, 21, 4, 20]]"
12a_0946_48,"[[4, 22, 5, 21], [6, 12, 7, 11], [8, 16, 9, 15], [10, 23, 11, 24], [12, 20, 13, 19], [14, 8, 15, 7], [16, 2, 17, 1], [18, 14, 19, 13], [20, 4, 21, 3], [22, 6, 23, 5], [24, 9, 1, 10], [2, 18, 3, 17]]"
12a_0946_49,"[[2, 18, 3, 17], [4, 22, 5, 21], [6, 12, 7, 11], [8, 16, 9, 15], [10, 23, 11, 24], [12, 20, 13, 19], [14, 8, 15, 7], [16, 2, 17, 1], [18, 14, 19, 13], [20, 4, 21, 3], [22, 6, 23, 5], [24, 9, 1, 10]]"
12a_0946_50,"[[24, 9, 1, 10], [2, 18, 3, 17], [4, 22, 5, 21], [6, 12, 7, 11], [8, 16, 9, 15], [10, 23, 11, 24], [12, 20, 13, 19], [14, 8, 15, 7], [16, 2, 17, 1], [18, 14, 19, 13], [20, 4, 21, 3], [22, 6, 23, 5]]"
12a_0946_51,"[[22, 6, 23, 5], [24, 9, 1, 10], [2, 18, 3, 17], [4, 22, 5, 21], [6, 12, 7, 11], [8, 16, 9, 15], [10, 23, 11, 24], [12, 20, 13, 19], [14, 8, 15, 7], [16, 2, 17, 1], [18, 14, 19, 13], [20, 4, 21, 3]]"
12a_0946_52,"[[20, 4, 21, 3], [22, 6, 23, 5], [24, 9, 1, 10], [2, 18, 3, 17], [4, 22, 5, 21], [6, 12, 7, 11], [8, 16, 9, 15], [10, 23, 11, 24], [12, 20, 13, 19], [14, 8, 15, 7], [16, 2, 17, 1], [18, 14, 19, 13]]"
12a_0946_53,"[[18, 14, 19, 13], [20, 4, 21, 3], [22, 6, 23, 5], [24, 9, 1, 10], [2, 18, 3, 17], [4, 22, 5, 21], [6, 12, 7, 11], [8, 16, 9, 15], [10, 23, 11, 24], [12, 20, 13, 19], [14, 8, 15, 7], [16, 2, 17, 1]]"
12a_0946_54,"[[16, 2, 17, 1], [18, 14, 19, 13], [20, 4, 21, 3], [22, 6, 23, 5], [24, 9, 1, 10], [2, 18, 3, 17], [4, 22, 5, 21], [6, 12, 7, 11], [8, 16, 9, 15], [10, 23, 11, 24], [12, 20, 13, 19], [14, 8, 15, 7]]"
12a_0946_55,"[[14, 8, 15, 7], [16, 2, 17, 1], [18, 14, 19, 13], [20, 4, 21, 3], [22, 6, 23, 5], [24, 9, 1, 10], [2, 18, 3, 17], [4, 22, 5, 21], [6, 12, 7, 11], [8, 16, 9, 15], [10, 23, 11, 24], [12, 20, 13, 19]]"
12a_0946_56,"[[12, 20, 13, 19], [14, 8, 15, 7], [16, 2, 17, 1], [18, 14, 19, 13], [20, 4, 21, 3], [22, 6, 23, 5], [24, 9, 1, 10], [2, 18, 3, 17], [4, 22, 5, 21], [6, 12, 7, 11], [8, 16, 9, 15], [10, 23, 11, 24]]"
12a_0946_57,"[[10, 23, 11, 24], [12, 20, 13, 19], [14, 8, 15, 7], [16, 2, 17, 1], [18, 14, 19, 13], [20, 4, 21, 3], [22, 6, 23, 5], [24, 9, 1, 10], [2, 18, 3, 17], [4, 22, 5, 21], [6, 12, 7, 11], [8, 16, 9, 15]]"
12a_0946_58,"[[8, 16, 9, 15], [10, 23, 11, 24], [12, 20, 13, 19], [14, 8, 15, 7], [16, 2, 17, 1], [18, 14, 19, 13], [20, 4, 21, 3], [22, 6, 23, 5], [24, 9, 1, 10], [2, 18, 3, 17], [4, 22, 5, 21], [6, 12, 7, 11]]"
12a_0946_59,"[[6, 12, 7, 11], [8, 16, 9, 15], [10, 23, 11, 24], [12, 20, 13, 19], [14, 8, 15, 7], [16, 2, 17, 1], [18, 14, 19, 13], [20, 4, 21, 3], [22, 6, 23, 5], [24, 9, 1, 10], [2, 18, 3, 17], [4, 22, 5, 21]]"
12a_0946_60,"[[5, 23, 6, 22], [7, 13, 8, 12], [9, 17, 10, 16], [11, 24, 12, 1], [13, 21, 14, 20], [15, 9, 16, 8], [17, 3, 18, 2], [19, 15, 20, 14], [21, 5, 22, 4], [23, 7, 24, 6], [1, 10, 2, 11], [3, 19, 4, 18]]"
12a_0946_61,"[[3, 19, 4, 18], [5, 23, 6, 22], [7, 13, 8, 12], [9, 17, 10, 16], [11, 24, 12, 1], [13, 21, 14, 20], [15, 9, 16, 8], [17, 3, 18, 2], [19, 15, 20, 14], [21, 5, 22, 4], [23, 7, 24, 6], [1, 10, 2, 11]]"
12a_0946_62,"[[1, 10, 2, 11], [3, 19, 4, 18], [5, 23, 6, 22], [7, 13, 8, 12], [9, 17, 10, 16], [11, 24, 12, 1], [13, 21, 14, 20], [15, 9, 16, 8], [17, 3, 18, 2], [19, 15, 20, 14], [21, 5, 22, 4], [23, 7, 24, 6]]"
12a_0946_63,"[[23, 7, 24, 6], [1, 10, 2, 11], [3, 19, 4, 18], [5, 23, 6, 22], [7, 13, 8, 12], [9, 17, 10, 16], [11, 24, 12, 1], [13, 21, 14, 20], [15, 9, 16, 8], [17, 3, 18, 2], [19, 15, 20, 14], [21, 5, 22, 4]]"
12a_0946_64,"[[21, 5, 22, 4], [23, 7, 24, 6], [1, 10, 2, 11], [3, 19, 4, 18], [5, 23, 6, 22], [7, 13, 8, 12], [9, 17, 10, 16], [11, 24, 12, 1], [13, 21, 14, 20], [15, 9, 16, 8], [17, 3, 18, 2], [19, 15, 20, 14]]"
12a_0946_65,"[[19, 15, 20, 14], [21, 5, 22, 4], [23, 7, 24, 6], [1, 10, 2, 11], [3, 19, 4, 18], [5, 23, 6, 22], [7, 13, 8, 12], [9, 17, 10, 16], [11, 24, 12, 1], [13, 21, 14, 20], [15, 9, 16, 8], [17, 3, 18, 2]]"
12a_0946_66,"[[17, 3, 18, 2], [19, 15, 20, 14], [21, 5, 22, 4], [23, 7, 24, 6], [1, 10, 2, 11], [3, 19, 4, 18], [5, 23, 6, 22], [7, 13, 8, 12], [9, 17, 10, 16], [11, 24, 12, 1], [13, 21, 14, 20], [15, 9, 16, 8]]"
12a_0946_67,"[[15, 9, 16, 8], [17, 3, 18, 2], [19, 15, 20, 14], [21, 5, 22, 4], [23, 7, 24, 6], [1, 10, 2, 11], [3, 19, 4, 18], [5, 23, 6, 22], [7, 13, 8, 12], [9, 17, 10, 16], [11, 24, 12, 1], [13, 21, 14, 20]]"
12a_0946_68,"[[13, 21, 14, 20], [15, 9, 16, 8], [17, 3, 18, 2], [19, 15, 20, 14], [21, 5, 22, 4], [23, 7, 24, 6], [1, 10, 2, 11], [3, 19, 4, 18], [5, 23, 6, 22], [7, 13, 8, 12], [9, 17, 10, 16], [11, 24, 12, 1]]"
12a_0946_69,"[[11, 24, 12, 1], [13, 21, 14, 20], [15, 9, 16, 8], [17, 3, 18, 2], [19, 15, 20, 14], [21, 5, 22, 4], [23, 7, 24, 6], [1, 10, 2, 11], [3, 19, 4, 18], [5, 23, 6, 22], [7, 13, 8, 12], [9, 17, 10, 16]]"
12a_0946_70,"[[9, 17, 10, 16], [11, 24, 12, 1], [13, 21, 14, 20], [15, 9, 16, 8], [17, 3, 18, 2], [19, 15, 20, 14], [21, 5, 22, 4], [23, 7, 24, 6], [1, 10, 2, 11], [3, 19, 4, 18], [5, 23, 6, 22], [7, 13, 8, 12]]"
12a_0946_71,"[[7, 13, 8, 12], [9, 17, 10, 16], [11, 24, 12, 1], [13, 21, 14, 20], [15, 9, 16, 8], [17, 3, 18, 2], [19, 15, 20, 14], [21, 5, 22, 4], [23, 7, 24, 6], [1, 10, 2, 11], [3, 19, 4, 18], [5, 23, 6, 22]]"
12a_0946_72,"[[6, 24, 7, 23], [8, 14, 9, 13], [10, 18, 11, 17], [12, 1, 13, 2], [14, 22, 15, 21], [16, 10, 17, 9], [18, 4, 19, 3], [20, 16, 21, 15], [22, 6, 23, 5], [24, 8, 1, 7], [2, 11, 3, 12], [4, 20, 5, 19]]"
12a_0946_73,"[[4, 20, 5, 19], [6, 24, 7, 23], [8, 14, 9, 13], [10, 18, 11, 17], [12, 1, 13, 2], [14, 22, 15, 21], [16, 10, 17, 9], [18, 4, 19, 3], [20, 16, 21, 15], [22, 6, 23, 5], [24, 8, 1, 7], [2, 11, 3, 12]]"
12a_0946_74,"[[2, 11, 3, 12], [4, 20, 5, 19], [6, 24, 7, 23], [8, 14, 9, 13], [10, 18, 11, 17], [12, 1, 13, 2], [14, 22, 15, 21], [16, 10, 17, 9], [18, 4, 19, 3], [20, 16, 21, 15], [22, 6, 23, 5], [24, 8, 1, 7]]"
12a_0946_75,"[[24, 8, 1, 7], [2, 11, 3, 12], [4, 20, 5, 19], [6, 24, 7, 23], [8, 14, 9, 13], [10, 18, 11, 17], [12, 1, 13, 2], [14, 22, 15, 21], [16, 10, 17, 9], [18, 4, 19, 3], [20, 16, 21, 15], [22, 6, 23, 5]]"
12a_0946_76,"[[22, 6, 23, 5], [24, 8, 1, 7], [2, 11, 3, 12], [4, 20, 5, 19], [6, 24, 7, 23], [8, 14, 9, 13], [10, 18, 11, 17], [12, 1, 13, 2], [14, 22, 15, 21], [16, 10, 17, 9], [18, 4, 19, 3], [20, 16, 21, 15]]"
12a_0946_77,"[[20, 16, 21, 15], [22, 6, 23, 5], [24, 8, 1, 7], [2, 11, 3, 12], [4, 20, 5, 19], [6, 24, 7, 23], [8, 14, 9, 13], [10, 18, 11, 17], [12, 1, 13, 2], [14, 22, 15, 21], [16, 10, 17, 9], [18, 4, 19, 3]]"
12a_0946_78,"[[18, 4, 19, 3], [20, 16, 21, 15], [22, 6, 23, 5], [24, 8, 1, 7], [2, 11, 3, 12], [4, 20, 5, 19], [6, 24, 7, 23], [8, 14, 9, 13], [10, 18, 11, 17], [12, 1, 13, 2], [14, 22, 15, 21], [16, 10, 17, 9]]"
12a_0946_79,"[[16, 10, 17, 9], [18, 4, 19, 3], [20, 16, 21, 15], [22, 6, 23, 5], [24, 8, 1, 7], [2, 11, 3, 12], [4, 20, 5, 19], [6, 24, 7, 23], [8, 14, 9, 13], [10, 18, 11, 17], [12, 1, 13, 2], [14, 22, 15, 21]]"
12a_0946_80,"[[14, 22, 15, 21], [16, 10, 17, 9], [18, 4, 19, 3], [20, 16, 21, 15], [22, 6, 23, 5], [24, 8, 1, 7], [2, 11, 3, 12], [4, 20, 5, 19], [6, 24, 7, 23], [8, 14, 9, 13], [10, 18, 11, 17], [12, 1, 13, 2]]"
12a_0946_81,"[[12, 1, 13, 2], [14, 22, 15, 21], [16, 10, 17, 9], [18, 4, 19, 3], [20, 16, 21, 15], [22, 6, 23, 5], [24, 8, 1, 7], [2, 11, 3, 12], [4, 20, 5, 19], [6, 24, 7, 23], [8, 14, 9, 13], [10, 18, 11, 17]]"
12a_0946_82,"[[10, 18, 11, 17], [12, 1, 13, 2], [14, 22, 15, 21], [16, 10, 17, 9], [18, 4, 19, 3], [20, 16, 21, 15], [22, 6, 23, 5], [24, 8, 1, 7], [2, 11, 3, 12], [4, 20, 5, 19], [6, 24, 7, 23], [8, 14, 9, 13]]"
12a_0946_83,"[[8, 14, 9, 13], [10, 18, 11, 17], [12, 1, 13, 2], [14, 22, 15, 21], [16, 10, 17, 9], [18, 4, 19, 3], [20, 16, 21, 15], [22, 6, 23, 5], [24, 8, 1, 7], [2, 11, 3, 12], [4, 20, 5, 19], [6, 24, 7, 23]]"
12a_0946_84,"[[7, 1, 8, 24], [9, 15, 10, 14], [11, 19, 12, 18], [13, 2, 14, 3], [15, 23, 16, 22], [17, 11, 18, 10], [19, 5, 20, 4], [21, 17, 22, 16], [23, 7, 24, 6], [1, 9, 2, 8], [3, 12, 4, 13], [5, 21, 6, 20]]"
12a_0946_85,"[[5, 21, 6, 20], [7, 1, 8, 24], [9, 15, 10, 14], [11, 19, 12, 18], [13, 2, 14, 3], [15, 23, 16, 22], [17, 11, 18, 10], [19, 5, 20, 4], [21, 17, 22, 16], [23, 7, 24, 6], [1, 9, 2, 8], [3, 12, 4, 13]]"
12a_0946_86,"[[3, 12, 4, 13], [5, 21, 6, 20], [7, 1, 8, 24], [9, 15, 10, 14], [11, 19, 12, 18], [13, 2, 14, 3], [15, 23, 16, 22], [17, 11, 18, 10], [19, 5, 20, 4], [21, 17, 22, 16], [23, 7, 24, 6], [1, 9, 2, 8]]"
12a_0946_87,"[[1, 9, 2, 8], [3, 12, 4, 13], [5, 21, 6, 20], [7, 1, 8, 24], [9, 15, 10, 14], [11, 19, 12, 18], [13, 2, 14, 3], [15, 23, 16, 22], [17, 11, 18, 10], [19, 5, 20, 4], [21, 17, 22, 16], [23, 7, 24, 6]]"
12a_0946_88,"[[23, 7, 24, 6], [1, 9, 2, 8], [3, 12, 4, 13], [5, 21, 6, 20], [7, 1, 8, 24], [9, 15, 10, 14], [11, 19, 12, 18], [13, 2, 14, 3], [15, 23, 16, 22], [17, 11, 18, 10], [19, 5, 20, 4], [21, 17, 22, 16]]"
12a_0946_89,"[[21, 17, 22, 16], [23, 7, 24, 6], [1, 9, 2, 8], [3, 12, 4, 13], [5, 21, 6, 20], [7, 1, 8, 24], [9, 15, 10, 14], [11, 19, 12, 18], [13, 2, 14, 3], [15, 23, 16, 22], [17, 11, 18, 10], [19, 5, 20, 4]]"
12a_0946_90,"[[19, 5, 20, 4], [21, 17, 22, 16], [23, 7, 24, 6], [1, 9, 2, 8], [3, 12, 4, 13], [5, 21, 6, 20], [7, 1, 8, 24], [9, 15, 10, 14], [11, 19, 12, 18], [13, 2, 14, 3], [15, 23, 16, 22], [17, 11, 18, 10]]"
12a_0946_91,"[[17, 11, 18, 10], [19, 5, 20, 4], [21, 17, 22, 16], [23, 7, 24, 6], [1, 9, 2, 8], [3, 12, 4, 13], [5, 21, 6, 20], [7, 1, 8, 24], [9, 15, 10, 14], [11, 19, 12, 18], [13, 2, 14, 3], [15, 23, 16, 22]]"
12a_0946_92,"[[15, 23, 16, 22], [17, 11, 18, 10], [19, 5, 20, 4], [21, 17, 22, 16], [23, 7, 24, 6], [1, 9, 2, 8], [3, 12, 4, 13], [5, 21, 6, 20], [7, 1, 8, 24], [9, 15, 10, 14], [11, 19, 12, 18], [13, 2, 14, 3]]"
12a_0946_93,"[[13, 2, 14, 3], [15, 23, 16, 22], [17, 11, 18, 10], [19, 5, 20, 4], [21, 17, 22, 16], [23, 7, 24, 6], [1, 9, 2, 8], [3, 12, 4, 13], [5, 21, 6, 20], [7, 1, 8, 24], [9, 15, 10, 14], [11, 19, 12, 18]]"
12a_0946_94,"[[11, 19, 12, 18], [13, 2, 14, 3], [15, 23, 16, 22], [17, 11, 18, 10], [19, 5, 20, 4], [21, 17, 22, 16], [23, 7, 24, 6], [1, 9, 2, 8], [3, 12, 4, 13], [5, 21, 6, 20], [7, 1, 8, 24], [9, 15, 10, 14]]"
12a_0946_95,"[[9, 15, 10, 14], [11, 19, 12, 18], [13, 2, 14, 3], [15, 23, 16, 22], [17, 11, 18, 10], [19, 5, 20, 4], [21, 17, 22, 16], [23, 7, 24, 6], [1, 9, 2, 8], [3, 12, 4, 13], [5, 21, 6, 20], [7, 1, 8, 24]]"
12a_0946_96,"[[8, 2, 9, 1], [10, 16, 11, 15], [12, 20, 13, 19], [14, 3, 15, 4], [16, 24, 17, 23], [18, 12, 19, 11], [20, 6, 21, 5], [22, 18, 23, 17], [24, 8, 1, 7], [2, 10, 3, 9], [4, 13, 5, 14], [6, 22, 7, 21]]"
12a_0946_97,"[[6, 22, 7, 21], [8, 2, 9, 1], [10, 16, 11, 15], [12, 20, 13, 19], [14, 3, 15, 4], [16, 24, 17, 23], [18, 12, 19, 11], [20, 6, 21, 5], [22, 18, 23, 17], [24, 8, 1, 7], [2, 10, 3, 9], [4, 13, 5, 14]]"
12a_0946_98,"[[4, 13, 5, 14], [6, 22, 7, 21], [8, 2, 9, 1], [10, 16, 11, 15], [12, 20, 13, 19], [14, 3, 15, 4], [16, 24, 17, 23], [18, 12, 19, 11], [20, 6, 21, 5], [22, 18, 23, 17], [24, 8, 1, 7], [2, 10, 3, 9]]"
12a_0946_99,"[[2, 10, 3, 9], [4, 13, 5, 14], [6, 22, 7, 21], [8, 2, 9, 1], [10, 16, 11, 15], [12, 20, 13, 19], [14, 3, 15, 4], [16, 24, 17, 23], [18, 12, 19, 11], [20, 6, 21, 5], [22, 18, 23, 17], [24, 8, 1, 7]]"
12a_0946_100,"[[24, 8, 1, 7], [2, 10, 3, 9], [4, 13, 5, 14], [6, 22, 7, 21], [8, 2, 9, 1], [10, 16, 11, 15], [12, 20, 13, 19], [14, 3, 15, 4], [16, 24, 17, 23], [18, 12, 19, 11], [20, 6, 21, 5], [22, 18, 23, 17]]"
12a_0946_101,"[[22, 18, 23, 17], [24, 8, 1, 7], [2, 10, 3, 9], [4, 13, 5, 14], [6, 22, 7, 21], [8, 2, 9, 1], [10, 16, 11, 15], [12, 20, 13, 19], [14, 3, 15, 4], [16, 24, 17, 23], [18, 12, 19, 11], [20, 6, 21, 5]]"
12a_0946_102,"[[20, 6, 21, 5], [22, 18, 23, 17], [24, 8, 1, 7], [2, 10, 3, 9], [4, 13, 5, 14], [6, 22, 7, 21], [8, 2, 9, 1], [10, 16, 11, 15], [12, 20, 13, 19], [14, 3, 15, 4], [16, 24, 17, 23], [18, 12, 19, 11]]"
12a_0946_103,"[[18, 12, 19, 11], [20, 6, 21, 5], [22, 18, 23, 17], [24, 8, 1, 7], [2, 10, 3, 9], [4, 13, 5, 14], [6, 22, 7, 21], [8, 2, 9, 1], [10, 16, 11, 15], [12, 20, 13, 19], [14, 3, 15, 4], [16, 24, 17, 23]]"
12a_0946_104,"[[16, 24, 17, 23], [18, 12, 19, 11], [20, 6, 21, 5], [22, 18, 23, 17], [24, 8, 1, 7], [2, 10, 3, 9], [4, 13, 5, 14], [6, 22, 7, 21], [8, 2, 9, 1], [10, 16, 11, 15], [12, 20, 13, 19], [14, 3, 15, 4]]"
12a_0946_105,"[[14, 3, 15, 4], [16, 24, 17, 23], [18, 12, 19, 11], [20, 6, 21, 5], [22, 18, 23, 17], [24, 8, 1, 7], [2, 10, 3, 9], [4, 13, 5, 14], [6, 22, 7, 21], [8, 2, 9, 1], [10, 16, 11, 15], [12, 20, 13, 19]]"
12a_0946_106,"[[12, 20, 13, 19], [14, 3, 15, 4], [16, 24, 17, 23], [18, 12, 19, 11], [20, 6, 21, 5], [22, 18, 23, 17], [24, 8, 1, 7], [2, 10, 3, 9], [4, 13, 5, 14], [6, 22, 7, 21], [8, 2, 9, 1], [10, 16, 11, 15]]"
12a_0946_107,"[[10, 16, 11, 15], [12, 20, 13, 19], [14, 3, 15, 4], [16, 24, 17, 23], [18, 12, 19, 11], [20, 6, 21, 5], [22, 18, 23, 17], [24, 8, 1, 7], [2, 10, 3, 9], [4, 13, 5, 14], [6, 22, 7, 21], [8, 2, 9, 1]]"
12a_0946_108,"[[9, 3, 10, 2], [11, 17, 12, 16], [13, 21, 14, 20], [15, 4, 16, 5], [17, 1, 18, 24], [19, 13, 20, 12], [21, 7, 22, 6], [23, 19, 24, 18], [1, 9, 2, 8], [3, 11, 4, 10], [5, 14, 6, 15], [7, 23, 8, 22]]"
12a_0946_109,"[[7, 23, 8, 22], [9, 3, 10, 2], [11, 17, 12, 16], [13, 21, 14, 20], [15, 4, 16, 5], [17, 1, 18, 24], [19, 13, 20, 12], [21, 7, 22, 6], [23, 19, 24, 18], [1, 9, 2, 8], [3, 11, 4, 10], [5, 14, 6, 15]]"
12a_0946_110,"[[5, 14, 6, 15], [7, 23, 8, 22], [9, 3, 10, 2], [11, 17, 12, 16], [13, 21, 14, 20], [15, 4, 16, 5], [17, 1, 18, 24], [19, 13, 20, 12], [21, 7, 22, 6], [23, 19, 24, 18], [1, 9, 2, 8], [3, 11, 4, 10]]"
12a_0946_111,"[[3, 11, 4, 10], [5, 14, 6, 15], [7, 23, 8, 22], [9, 3, 10, 2], [11, 17, 12, 16], [13, 21, 14, 20], [15, 4, 16, 5], [17, 1, 18, 24], [19, 13, 20, 12], [21, 7, 22, 6], [23, 19, 24, 18], [1, 9, 2, 8]]"
12a_0946_112,"[[1, 9, 2, 8], [3, 11, 4, 10], [5, 14, 6, 15], [7, 23, 8, 22], [9, 3, 10, 2], [11, 17, 12, 16], [13, 21, 14, 20], [15, 4, 16, 5], [17, 1, 18, 24], [19, 13, 20, 12], [21, 7, 22, 6], [23, 19, 24, 18]]"
12a_0946_113,"[[23, 19, 24, 18], [1, 9, 2, 8], [3, 11, 4, 10], [5, 14, 6, 15], [7, 23, 8, 22], [9, 3, 10, 2], [11, 17, 12, 16], [13, 21, 14, 20], [15, 4, 16, 5], [17, 1, 18, 24], [19, 13, 20, 12], [21, 7, 22, 6]]"
12a_0946_114,"[[21, 7, 22, 6], [23, 19, 24, 18], [1, 9, 2, 8], [3, 11, 4, 10], [5, 14, 6, 15], [7, 23, 8, 22], [9, 3, 10, 2], [11, 17, 12, 16], [13, 21, 14, 20], [15, 4, 16, 5], [17, 1, 18, 24], [19, 13, 20, 12]]"
12a_0946_115,"[[19, 13, 20, 12], [21, 7, 22, 6], [23, 19, 24, 18], [1, 9, 2, 8], [3, 11, 4, 10], [5, 14, 6, 15], [7, 23, 8, 22], [9, 3, 10, 2], [11, 17, 12, 16], [13, 21, 14, 20], [15, 4, 16, 5], [17, 1, 18, 24]]"
12a_0946_116,"[[17, 1, 18, 24], [19, 13, 20, 12], [21, 7, 22, 6], [23, 19, 24, 18], [1, 9, 2, 8], [3, 11, 4, 10], [5, 14, 6, 15], [7, 23, 8, 22], [9, 3, 10, 2], [11, 17, 12, 16], [13, 21, 14, 20], [15, 4, 16, 5]]"
12a_0946_117,"[[15, 4, 16, 5], [17, 1, 18, 24], [19, 13, 20, 12], [21, 7, 22, 6], [23, 19, 24, 18], [1, 9, 2, 8], [3, 11, 4, 10], [5, 14, 6, 15], [7, 23, 8, 22], [9, 3, 10, 2], [11, 17, 12, 16], [13, 21, 14, 20]]"
12a_0946_118,"[[13, 21, 14, 20], [15, 4, 16, 5], [17, 1, 18, 24], [19, 13, 20, 12], [21, 7, 22, 6], [23, 19, 24, 18], [1, 9, 2, 8], [3, 11, 4, 10], [5, 14, 6, 15], [7, 23, 8, 22], [9, 3, 10, 2], [11, 17, 12, 16]]"
12a_0946_119,"[[11, 17, 12, 16], [13, 21, 14, 20], [15, 4, 16, 5], [17, 1, 18, 24], [19, 13, 20, 12], [21, 7, 22, 6], [23, 19, 24, 18], [1, 9, 2, 8], [3, 11, 4, 10], [5, 14, 6, 15], [7, 23, 8, 22], [9, 3, 10, 2]]"
12a_0946_120,"[[10, 4, 11, 3], [12, 18, 13, 17], [14, 22, 15, 21], [16, 5, 17, 6], [18, 2, 19, 1], [20, 14, 21, 13], [22, 8, 23, 7], [24, 20, 1, 19], [2, 10, 3, 9], [4, 12, 5, 11], [6, 15, 7, 16], [8, 24, 9, 23]]"
12a_0946_121,"[[8, 24, 9, 23], [10, 4, 11, 3], [12, 18, 13, 17], [14, 22, 15, 21], [16, 5, 17, 6], [18, 2, 19, 1], [20, 14, 21, 13], [22, 8, 23, 7], [24, 20, 1, 19], [2, 10, 3, 9], [4, 12, 5, 11], [6, 15, 7, 16]]"
12a_0946_122,"[[6, 15, 7, 16], [8, 24, 9, 23], [10, 4, 11, 3], [12, 18, 13, 17], [14, 22, 15, 21], [16, 5, 17, 6], [18, 2, 19, 1], [20, 14, 21, 13], [22, 8, 23, 7], [24, 20, 1, 19], [2, 10, 3, 9], [4, 12, 5, 11]]"
12a_0946_123,"[[4, 12, 5, 11], [6, 15, 7, 16], [8, 24, 9, 23], [10, 4, 11, 3], [12, 18, 13, 17], [14, 22, 15, 21], [16, 5, 17, 6], [18, 2, 19, 1], [20, 14, 21, 13], [22, 8, 23, 7], [24, 20, 1, 19], [2, 10, 3, 9]]"
12a_0946_124,"[[2, 10, 3, 9], [4, 12, 5, 11], [6, 15, 7, 16], [8, 24, 9, 23], [10, 4, 11, 3], [12, 18, 13, 17], [14, 22, 15, 21], [16, 5, 17, 6], [18, 2, 19, 1], [20, 14, 21, 13], [22, 8, 23, 7], [24, 20, 1, 19]]"
12a_0946_125,"[[24, 20, 1, 19], [2, 10, 3, 9], [4, 12, 5, 11], [6, 15, 7, 16], [8, 24, 9, 23], [10, 4, 11, 3], [12, 18, 13, 17], [14, 22, 15, 21], [16, 5, 17, 6], [18, 2, 19, 1], [20, 14, 21, 13], [22, 8, 23, 7]]"
12a_0946_126,"[[22, 8, 23, 7], [24, 20, 1, 19], [2, 10, 3, 9], [4, 12, 5, 11], [6, 15, 7, 16], [8, 24, 9, 23], [10, 4, 11, 3], [12, 18, 13, 17], [14, 22, 15, 21], [16, 5, 17, 6], [18, 2, 19, 1], [20, 14, 21, 13]]"
12a_0946_127,"[[20, 14, 21, 13], [22, 8, 23, 7], [24, 20, 1, 19], [2, 10, 3, 9], [4, 12, 5, 11], [6, 15, 7, 16], [8, 24, 9, 23], [10, 4, 11, 3], [12, 18, 13, 17], [14, 22, 15, 21], [16, 5, 17, 6], [18, 2, 19, 1]]"
12a_0946_128,"[[18, 2, 19, 1], [20, 14, 21, 13], [22, 8, 23, 7], [24, 20, 1, 19], [2, 10, 3, 9], [4, 12, 5, 11], [6, 15, 7, 16], [8, 24, 9, 23], [10, 4, 11, 3], [12, 18, 13, 17], [14, 22, 15, 21], [16, 5, 17, 6]]"
12a_0946_129,"[[16, 5, 17, 6], [18, 2, 19, 1], [20, 14, 21, 13], [22, 8, 23, 7], [24, 20, 1, 19], [2, 10, 3, 9], [4, 12, 5, 11], [6, 15, 7, 16], [8, 24, 9, 23], [10, 4, 11, 3], [12, 18, 13, 17], [14, 22, 15, 21]]"
12a_0946_130,"[[14, 22, 15, 21], [16, 5, 17, 6], [18, 2, 19, 1], [20, 14, 21, 13], [22, 8, 23, 7], [24, 20, 1, 19], [2, 10, 3, 9], [4, 12, 5, 11], [6, 15, 7, 16], [8, 24, 9, 23], [10, 4, 11, 3], [12, 18, 13, 17]]"
12a_0946_131,"[[12, 18, 13, 17], [14, 22, 15, 21], [16, 5, 17, 6], [18, 2, 19, 1], [20, 14, 21, 13], [22, 8, 23, 7], [24, 20, 1, 19], [2, 10, 3, 9], [4, 12, 5, 11], [6, 15, 7, 16], [8, 24, 9, 23], [10, 4, 11, 3]]"
12a_0946_132,"[[11, 5, 12, 4], [13, 19, 14, 18], [15, 23, 16, 22], [17, 6, 18, 7], [19, 3, 20, 2], [21, 15, 22, 14], [23, 9, 24, 8], [1, 21, 2, 20], [3, 11, 4, 10], [5, 13, 6, 12], [7, 16, 8, 17], [9, 1, 10, 24]]"
12a_0946_133,"[[9, 1, 10, 24], [11, 5, 12, 4], [13, 19, 14, 18], [15, 23, 16, 22], [17, 6, 18, 7], [19, 3, 20, 2], [21, 15, 22, 14], [23, 9, 24, 8], [1, 21, 2, 20], [3, 11, 4, 10], [5, 13, 6, 12], [7, 16, 8, 17]]"
12a_0946_134,"[[7, 16, 8, 17], [9, 1, 10, 24], [11, 5, 12, 4], [13, 19, 14, 18], [15, 23, 16, 22], [17, 6, 18, 7], [19, 3, 20, 2], [21, 15, 22, 14], [23, 9, 24, 8], [1, 21, 2, 20], [3, 11, 4, 10], [5, 13, 6, 12]]"
12a_0946_135,"[[5, 13, 6, 12], [7, 16, 8, 17], [9, 1, 10, 24], [11, 5, 12, 4], [13, 19, 14, 18], [15, 23, 16, 22], [17, 6, 18, 7], [19, 3, 20, 2], [21, 15, 22, 14], [23, 9, 24, 8], [1, 21, 2, 20], [3, 11, 4, 10]]"
12a_0946_136,"[[3, 11, 4, 10], [5, 13, 6, 12], [7, 16, 8, 17], [9, 1, 10, 24], [11, 5, 12, 4], [13, 19, 14, 18], [15, 23, 16, 22], [17, 6, 18, 7], [19, 3, 20, 2], [21, 15, 22, 14], [23, 9, 24, 8], [1, 21, 2, 20]]"
12a_0946_137,"[[1, 21, 2, 20], [3, 11, 4, 10], [5, 13, 6, 12], [7, 16, 8, 17], [9, 1, 10, 24], [11, 5, 12, 4], [13, 19, 14, 18], [15, 23, 16, 22], [17, 6, 18, 7], [19, 3, 20, 2], [21, 15, 22, 14], [23, 9, 24, 8]]"
12a_0946_138,"[[23, 9, 24, 8], [1, 21, 2, 20], [3, 11, 4, 10], [5, 13, 6, 12], [7, 16, 8, 17], [9, 1, 10, 24], [11, 5, 12, 4], [13, 19, 14, 18], [15, 23, 16, 22], [17, 6, 18, 7], [19, 3, 20, 2], [21, 15, 22, 14]]"
12a_0946_139,"[[21, 15, 22, 14], [23, 9, 24, 8], [1, 21, 2, 20], [3, 11, 4, 10], [5, 13, 6, 12], [7, 16, 8, 17], [9, 1, 10, 24], [11, 5, 12, 4], [13, 19, 14, 18], [15, 23, 16, 22], [17, 6, 18, 7], [19, 3, 20, 2]]"
12a_0946_140,"[[19, 3, 20, 2], [21, 15, 22, 14], [23, 9, 24, 8], [1, 21, 2, 20], [3, 11, 4, 10], [5, 13, 6, 12], [7, 16, 8, 17], [9, 1, 10, 24], [11, 5, 12, 4], [13, 19, 14, 18], [15, 23, 16, 22], [17, 6, 18, 7]]"
12a_0946_141,"[[17, 6, 18, 7], [19, 3, 20, 2], [21, 15, 22, 14], [23, 9, 24, 8], [1, 21, 2, 20], [3, 11, 4, 10], [5, 13, 6, 12], [7, 16, 8, 17], [9, 1, 10, 24], [11, 5, 12, 4], [13, 19, 14, 18], [15, 23, 16, 22]]"
12a_0946_142,"[[15, 23, 16, 22], [17, 6, 18, 7], [19, 3, 20, 2], [21, 15, 22, 14], [23, 9, 24, 8], [1, 21, 2, 20], [3, 11, 4, 10], [5, 13, 6, 12], [7, 16, 8, 17], [9, 1, 10, 24], [11, 5, 12, 4], [13, 19, 14, 18]]"
12a_0946_143,"[[13, 19, 14, 18], [15, 23, 16, 22], [17, 6, 18, 7], [19, 3, 20, 2], [21, 15, 22, 14], [23, 9, 24, 8], [1, 21, 2, 20], [3, 11, 4, 10], [5, 13, 6, 12], [7, 16, 8, 17], [9, 1, 10, 24], [11, 5, 12, 4]]"
12a_0946_144,"[[12, 6, 13, 5], [14, 20, 15, 19], [16, 24, 17, 23], [18, 7, 19, 8], [20, 4, 21, 3], [22, 16, 23, 15], [24, 10, 1, 9], [2, 22, 3, 21], [4, 12, 5, 11], [6, 14, 7, 13], [8, 17, 9, 18], [10, 2, 11, 1]]"
12a_0946_145,"[[10, 2, 11, 1], [12, 6, 13, 5], [14, 20, 15, 19], [16, 24, 17, 23], [18, 7, 19, 8], [20, 4, 21, 3], [22, 16, 23, 15], [24, 10, 1, 9], [2, 22, 3, 21], [4, 12, 5, 11], [6, 14, 7, 13], [8, 17, 9, 18]]"
12a_0946_146,"[[8, 17, 9, 18], [10, 2, 11, 1], [12, 6, 13, 5], [14, 20, 15, 19], [16, 24, 17, 23], [18, 7, 19, 8], [20, 4, 21, 3], [22, 16, 23, 15], [24, 10, 1, 9], [2, 22, 3, 21], [4, 12, 5, 11], [6, 14, 7, 13]]"
12a_0946_147,"[[6, 14, 7, 13], [8, 17, 9, 18], [10, 2, 11, 1], [12, 6, 13, 5], [14, 20, 15, 19], [16, 24, 17, 23], [18, 7, 19, 8], [20, 4, 21, 3], [22, 16, 23, 15], [24, 10, 1, 9], [2, 22, 3, 21], [4, 12, 5, 11]]"
12a_0946_148,"[[4, 12, 5, 11], [6, 14, 7, 13], [8, 17, 9, 18], [10, 2, 11, 1], [12, 6, 13, 5], [14, 20, 15, 19], [16, 24, 17, 23], [18, 7, 19, 8], [20, 4, 21, 3], [22, 16, 23, 15], [24, 10, 1, 9], [2, 22, 3, 21]]"
12a_0946_149,"[[2, 22, 3, 21], [4, 12, 5, 11], [6, 14, 7, 13], [8, 17, 9, 18], [10, 2, 11, 1], [12, 6, 13, 5], [14, 20, 15, 19], [16, 24, 17, 23], [18, 7, 19, 8], [20, 4, 21, 3], [22, 16, 23, 15], [24, 10, 1, 9]]"
12a_0946_150,"[[24, 10, 1, 9], [2, 22, 3, 21], [4, 12, 5, 11], [6, 14, 7, 13], [8, 17, 9, 18], [10, 2, 11, 1], [12, 6, 13, 5], [14, 20, 15, 19], [16, 24, 17, 23], [18, 7, 19, 8], [20, 4, 21, 3], [22, 16, 23, 15]]"
12a_0946_151,"[[22, 16, 23, 15], [24, 10, 1, 9], [2, 22, 3, 21], [4, 12, 5, 11], [6, 14, 7, 13], [8, 17, 9, 18], [10, 2, 11, 1], [12, 6, 13, 5], [14, 20, 15, 19], [16, 24, 17, 23], [18, 7, 19, 8], [20, 4, 21, 3]]"
12a_0946_152,"[[20, 4, 21, 3], [22, 16, 23, 15], [24, 10, 1, 9], [2, 22, 3, 21], [4, 12, 5, 11], [6, 14, 7, 13], [8, 17, 9, 18], [10, 2, 11, 1], [12, 6, 13, 5], [14, 20, 15, 19], [16, 24, 17, 23], [18, 7, 19, 8]]"
12a_0946_153,"[[18, 7, 19, 8], [20, 4, 21, 3], [22, 16, 23, 15], [24, 10, 1, 9], [2, 22, 3, 21], [4, 12, 5, 11], [6, 14, 7, 13], [8, 17, 9, 18], [10, 2, 11, 1], [12, 6, 13, 5], [14, 20, 15, 19], [16, 24, 17, 23]]"
12a_0946_154,"[[16, 24, 17, 23], [18, 7, 19, 8], [20, 4, 21, 3], [22, 16, 23, 15], [24, 10, 1, 9], [2, 22, 3, 21], [4, 12, 5, 11], [6, 14, 7, 13], [8, 17, 9, 18], [10, 2, 11, 1], [12, 6, 13, 5], [14, 20, 15, 19]]"
12a_0946_155,"[[14, 20, 15, 19], [16, 24, 17, 23], [18, 7, 19, 8], [20, 4, 21, 3], [22, 16, 23, 15], [24, 10, 1, 9], [2, 22, 3, 21], [4, 12, 5, 11], [6, 14, 7, 13], [8, 17, 9, 18], [10, 2, 11, 1], [12, 6, 13, 5]]"
12a_0946_156,"[[13, 7, 14, 6], [15, 21, 16, 20], [17, 1, 18, 24], [19, 8, 20, 9], [21, 5, 22, 4], [23, 17, 24, 16], [1, 11, 2, 10], [3, 23, 4, 22], [5, 13, 6, 12], [7, 15, 8, 14], [9, 18, 10, 19], [11, 3, 12, 2]]"
12a_0946_157,"[[11, 3, 12, 2], [13, 7, 14, 6], [15, 21, 16, 20], [17, 1, 18, 24], [19, 8, 20, 9], [21, 5, 22, 4], [23, 17, 24, 16], [1, 11, 2, 10], [3, 23, 4, 22], [5, 13, 6, 12], [7, 15, 8, 14], [9, 18, 10, 19]]"
12a_0946_158,"[[9, 18, 10, 19], [11, 3, 12, 2], [13, 7, 14, 6], [15, 21, 16, 20], [17, 1, 18, 24], [19, 8, 20, 9], [21, 5, 22, 4], [23, 17, 24, 16], [1, 11, 2, 10], [3, 23, 4, 22], [5, 13, 6, 12], [7, 15, 8, 14]]"
12a_0946_159,"[[7, 15, 8, 14], [9, 18, 10, 19], [11, 3, 12, 2], [13, 7, 14, 6], [15, 21, 16, 20], [17, 1, 18, 24], [19, 8, 20, 9], [21, 5, 22, 4], [23, 17, 24, 16], [1, 11, 2, 10], [3, 23, 4, 22], [5, 13, 6, 12]]"
12a_0946_160,"[[5, 13, 6, 12], [7, 15, 8, 14], [9, 18, 10, 19], [11, 3, 12, 2], [13, 7, 14, 6], [15, 21, 16, 20], [17, 1, 18, 24], [19, 8, 20, 9], [21, 5, 22, 4], [23, 17, 24, 16], [1, 11, 2, 10], [3, 23, 4, 22]]"
12a_0946_161,"[[3, 23, 4, 22], [5, 13, 6, 12], [7, 15, 8, 14], [9, 18, 10, 19], [11, 3, 12, 2], [13, 7, 14, 6], [15, 21, 16, 20], [17, 1, 18, 24], [19, 8, 20, 9], [21, 5, 22, 4], [23, 17, 24, 16], [1, 11, 2, 10]]"
12a_0946_162,"[[1, 11, 2, 10], [3, 23, 4, 22], [5, 13, 6, 12], [7, 15, 8, 14], [9, 18, 10, 19], [11, 3, 12, 2], [13, 7, 14, 6], [15, 21, 16, 20], [17, 1, 18, 24], [19, 8, 20, 9], [21, 5, 22, 4], [23, 17, 24, 16]]"
12a_0946_163,"[[23, 17, 24, 16], [1, 11, 2, 10], [3, 23, 4, 22], [5, 13, 6, 12], [7, 15, 8, 14], [9, 18, 10, 19], [11, 3, 12, 2], [13, 7, 14, 6], [15, 21, 16, 20], [17, 1, 18, 24], [19, 8, 20, 9], [21, 5, 22, 4]]"
12a_0946_164,"[[21, 5, 22, 4], [23, 17, 24, 16], [1, 11, 2, 10], [3, 23, 4, 22], [5, 13, 6, 12], [7, 15, 8, 14], [9, 18, 10, 19], [11, 3, 12, 2], [13, 7, 14, 6], [15, 21, 16, 20], [17, 1, 18, 24], [19, 8, 20, 9]]"
12a_0946_165,"[[19, 8, 20, 9], [21, 5, 22, 4], [23, 17, 24, 16], [1, 11, 2, 10], [3, 23, 4, 22], [5, 13, 6, 12], [7, 15, 8, 14], [9, 18, 10, 19], [11, 3, 12, 2], [13, 7, 14, 6], [15, 21, 16, 20], [17, 1, 18, 24]]"
12a_0946_166,"[[17, 1, 18, 24], [19, 8, 20, 9], [21, 5, 22, 4], [23, 17, 24, 16], [1, 11, 2, 10], [3, 23, 4, 22], [5, 13, 6, 12], [7, 15, 8, 14], [9, 18, 10, 19], [11, 3, 12, 2], [13, 7, 14, 6], [15, 21, 16, 20]]"
12a_0946_167,"[[15, 21, 16, 20], [17, 1, 18, 24], [19, 8, 20, 9], [21, 5, 22, 4], [23, 17, 24, 16], [1, 11, 2, 10], [3, 23, 4, 22], [5, 13, 6, 12], [7, 15, 8, 14], [9, 18, 10, 19], [11, 3, 12, 2], [13, 7, 14, 6]]"
12a_0946_168,"[[14, 8, 15, 7], [16, 22, 17, 21], [18, 2, 19, 1], [20, 9, 21, 10], [22, 6, 23, 5], [24, 18, 1, 17], [2, 12, 3, 11], [4, 24, 5, 23], [6, 14, 7, 13], [8, 16, 9, 15], [10, 19, 11, 20], [12, 4, 13, 3]]"
12a_0946_169,"[[12, 4, 13, 3], [14, 8, 15, 7], [16, 22, 17, 21], [18, 2, 19, 1], [20, 9, 21, 10], [22, 6, 23, 5], [24, 18, 1, 17], [2, 12, 3, 11], [4, 24, 5, 23], [6, 14, 7, 13], [8, 16, 9, 15], [10, 19, 11, 20]]"
12a_0946_170,"[[10, 19, 11, 20], [12, 4, 13, 3], [14, 8, 15, 7], [16, 22, 17, 21], [18, 2, 19, 1], [20, 9, 21, 10], [22, 6, 23, 5], [24, 18, 1, 17], [2, 12, 3, 11], [4, 24, 5, 23], [6, 14, 7, 13], [8, 16, 9, 15]]"
12a_0946_171,"[[8, 16, 9, 15], [10, 19, 11, 20], [12, 4, 13, 3], [14, 8, 15, 7], [16, 22, 17, 21], [18, 2, 19, 1], [20, 9, 21, 10], [22, 6, 23, 5], [24, 18, 1, 17], [2, 12, 3, 11], [4, 24, 5, 23], [6, 14, 7, 13]]"
12a_0946_172,"[[6, 14, 7, 13], [8, 16, 9, 15], [10, 19, 11, 20], [12, 4, 13, 3], [14, 8, 15, 7], [16, 22, 17, 21], [18, 2, 19, 1], [20, 9, 21, 10], [22, 6, 23, 5], [24, 18, 1, 17], [2, 12, 3, 11], [4, 24, 5, 23]]"
12a_0946_173,"[[4, 24, 5, 23], [6, 14, 7, 13], [8, 16, 9, 15], [10, 19, 11, 20], [12, 4, 13, 3], [14, 8, 15, 7], [16, 22, 17, 21], [18, 2, 19, 1], [20, 9, 21, 10], [22, 6, 23, 5], [24, 18, 1, 17], [2, 12, 3, 11]]"
12a_0946_174,"[[2, 12, 3, 11], [4, 24, 5, 23], [6, 14, 7, 13], [8, 16, 9, 15], [10, 19, 11, 20], [12, 4, 13, 3], [14, 8, 15, 7], [16, 22, 17, 21], [18, 2, 19, 1], [20, 9, 21, 10], [22, 6, 23, 5], [24, 18, 1, 17]]"
12a_0946_175,"[[24, 18, 1, 17], [2, 12, 3, 11], [4, 24, 5, 23], [6, 14, 7, 13], [8, 16, 9, 15], [10, 19, 11, 20], [12, 4, 13, 3], [14, 8, 15, 7], [16, 22, 17, 21], [18, 2, 19, 1], [20, 9, 21, 10], [22, 6, 23, 5]]"
12a_0946_176,"[[22, 6, 23, 5], [24, 18, 1, 17], [2, 12, 3, 11], [4, 24, 5, 23], [6, 14, 7, 13], [8, 16, 9, 15], [10, 19, 11, 20], [12, 4, 13, 3], [14, 8, 15, 7], [16, 22, 17, 21], [18, 2, 19, 1], [20, 9, 21, 10]]"
12a_0946_177,"[[20, 9, 21, 10], [22, 6, 23, 5], [24, 18, 1, 17], [2, 12, 3, 11], [4, 24, 5, 23], [6, 14, 7, 13], [8, 16, 9, 15], [10, 19, 11, 20], [12, 4, 13, 3], [14, 8, 15, 7], [16, 22, 17, 21], [18, 2, 19, 1]]"
12a_0946_178,"[[18, 2, 19, 1], [20, 9, 21, 10], [22, 6, 23, 5], [24, 18, 1, 17], [2, 12, 3, 11], [4, 24, 5, 23], [6, 14, 7, 13], [8, 16, 9, 15], [10, 19, 11, 20], [12, 4, 13, 3], [14, 8, 15, 7], [16, 22, 17, 21]]"
12a_0946_179,"[[16, 22, 17, 21], [18, 2, 19, 1], [20, 9, 21, 10], [22, 6, 23, 5], [24, 18, 1, 17], [2, 12, 3, 11], [4, 24, 5, 23], [6, 14, 7, 13], [8, 16, 9, 15], [10, 19, 11, 20], [12, 4, 13, 3], [14, 8, 15, 7]]"
12a_0946_180,"[[15, 9, 16, 8], [17, 23, 18, 22], [19, 3, 20, 2], [21, 10, 22, 11], [23, 7, 24, 6], [1, 19, 2, 18], [3, 13, 4, 12], [5, 1, 6, 24], [7, 15, 8, 14], [9, 17, 10, 16], [11, 20, 12, 21], [13, 5, 14, 4]]"
12a_0946_181,"[[13, 5, 14, 4], [15, 9, 16, 8], [17, 23, 18, 22], [19, 3, 20, 2], [21, 10, 22, 11], [23, 7, 24, 6], [1, 19, 2, 18], [3, 13, 4, 12], [5, 1, 6, 24], [7, 15, 8, 14], [9, 17, 10, 16], [11, 20, 12, 21]]"
12a_0946_182,"[[11, 20, 12, 21], [13, 5, 14, 4], [15, 9, 16, 8], [17, 23, 18, 22], [19, 3, 20, 2], [21, 10, 22, 11], [23, 7, 24, 6], [1, 19, 2, 18], [3, 13, 4, 12], [5, 1, 6, 24], [7, 15, 8, 14], [9, 17, 10, 16]]"
12a_0946_183,"[[9, 17, 10, 16], [11, 20, 12, 21], [13, 5, 14, 4], [15, 9, 16, 8], [17, 23, 18, 22], [19, 3, 20, 2], [21, 10, 22, 11], [23, 7, 24, 6], [1, 19, 2, 18], [3, 13, 4, 12], [5, 1, 6, 24], [7, 15, 8, 14]]"
12a_0946_184,"[[7, 15, 8, 14], [9, 17, 10, 16], [11, 20, 12, 21], [13, 5, 14, 4], [15, 9, 16, 8], [17, 23, 18, 22], [19, 3, 20, 2], [21, 10, 22, 11], [23, 7, 24, 6], [1, 19, 2, 18], [3, 13, 4, 12], [5, 1, 6, 24]]"
12a_0946_185,"[[5, 1, 6, 24], [7, 15, 8, 14], [9, 17, 10, 16], [11, 20, 12, 21], [13, 5, 14, 4], [15, 9, 16, 8], [17, 23, 18, 22], [19, 3, 20, 2], [21, 10, 22, 11], [23, 7, 24, 6], [1, 19, 2, 18], [3, 13, 4, 12]]"
