name,pd_notation
12a_1127_0,"[[24, 19, 1, 20], [2, 8, 3, 7], [4, 15, 5, 16], [6, 13, 7, 14], [8, 24, 9, 23], [10, 22, 11, 21], [12, 18, 13, 17], [14, 5, 15, 6], [16, 3, 17, 4], [18, 1, 19, 2], [20, 12, 21, 11], [22, 10, 23, 9]]"
12a_1127_1,"[[22, 10, 23, 9], [24, 19, 1, 20], [2, 8, 3, 7], [4, 15, 5, 16], [6, 13, 7, 14], [8, 24, 9, 23], [10, 22, 11, 21], [12, 18, 13, 17], [14, 5, 15, 6], [16, 3, 17, 4], [18, 1, 19, 2], [20, 12, 21, 11]]"
12a_1127_2,"[[20, 12, 21, 11], [22, 10, 23, 9], [24, 19, 1, 20], [2, 8, 3, 7], [4, 15, 5, 16], [6, 13, 7, 14], [8, 24, 9, 23], [10, 22, 11, 21], [12, 18, 13, 17], [14, 5, 15, 6], [16, 3, 17, 4], [18, 1, 19, 2]]"
12a_1127_3,"[[18, 1, 19, 2], [20, 12, 21, 11], [22, 10, 23, 9], [24, 19, 1, 20], [2, 8, 3, 7], [4, 15, 5, 16], [6, 13, 7, 14], [8, 24, 9, 23], [10, 22, 11, 21], [12, 18, 13, 17], [14, 5, 15, 6], [16, 3, 17, 4]]"
12a_1127_4,"[[16, 3, 17, 4], [18, 1, 19, 2], [20, 12, 21, 11], [22, 10, 23, 9], [24, 19, 1, 20], [2, 8, 3, 7], [4, 15, 5, 16], [6, 13, 7, 14], [8, 24, 9, 23], [10, 22, 11, 21], [12, 18, 13, 17], [14, 5, 15, 6]]"
12a_1127_5,"[[14, 5, 15, 6], [16, 3, 17, 4], [18, 1, 19, 2], [20, 12, 21, 11], [22, 10, 23, 9], [24, 19, 1, 20], [2, 8, 3, 7], [4, 15, 5, 16], [6, 13, 7, 14], [8, 24, 9, 23], [10, 22, 11, 21], [12, 18, 13, 17]]"
12a_1127_6,"[[12, 18, 13, 17], [14, 5, 15, 6], [16, 3, 17, 4], [18, 1, 19, 2], [20, 12, 21, 11], [22, 10, 23, 9], [24, 19, 1, 20], [2, 8, 3, 7], [4, 15, 5, 16], [6, 13, 7, 14], [8, 24, 9, 23], [10, 22, 11, 21]]"
12a_1127_7,"[[10, 22, 11, 21], [12, 18, 13, 17], [14, 5, 15, 6], [16, 3, 17, 4], [18, 1, 19, 2], [20, 12, 21, 11], [22, 10, 23, 9], [24, 19, 1, 20], [2, 8, 3, 7], [4, 15, 5, 16], [6, 13, 7, 14], [8, 24, 9, 23]]"
12a_1127_8,"[[8, 24, 9, 23], [10, 22, 11, 21], [12, 18, 13, 17], [14, 5, 15, 6], [16, 3, 17, 4], [18, 1, 19, 2], [20, 12, 21, 11], [22, 10, 23, 9], [24, 19, 1, 20], [2, 8, 3, 7], [4, 15, 5, 16], [6, 13, 7, 14]]"
12a_1127_9,"[[6, 13, 7, 14], [8, 24, 9, 23], [10, 22, 11, 21], [12, 18, 13, 17], [14, 5, 15, 6], [16, 3, 17, 4], [18, 1, 19, 2], [20, 12, 21, 11], [22, 10, 23, 9], [24, 19, 1, 20], [2, 8, 3, 7], [4, 15, 5, 16]]"
12a_1127_10,"[[4, 15, 5, 16], [6, 13, 7, 14], [8, 24, 9, 23], [10, 22, 11, 21], [12, 18, 13, 17], [14, 5, 15, 6], [16, 3, 17, 4], [18, 1, 19, 2], [20, 12, 21, 11], [22, 10, 23, 9], [24, 19, 1, 20], [2, 8, 3, 7]]"
12a_1127_11,"[[2, 8, 3, 7], [4, 15, 5, 16], [6, 13, 7, 14], [8, 24, 9, 23], [10, 22, 11, 21], [12, 18, 13, 17], [14, 5, 15, 6], [16, 3, 17, 4], [18, 1, 19, 2], [20, 12, 21, 11], [22, 10, 23, 9], [24, 19, 1, 20]]"
12a_1127_12,"[[1, 20, 2, 21], [3, 9, 4, 8], [5, 16, 6, 17], [7, 14, 8, 15], [9, 1, 10, 24], [11, 23, 12, 22], [13, 19, 14, 18], [15, 6, 16, 7], [17, 4, 18, 5], [19, 2, 20, 3], [21, 13, 22, 12], [23, 11, 24, 10]]"
12a_1127_13,"[[23, 11, 24, 10], [1, 20, 2, 21], [3, 9, 4, 8], [5, 16, 6, 17], [7, 14, 8, 15], [9, 1, 10, 24], [11, 23, 12, 22], [13, 19, 14, 18], [15, 6, 16, 7], [17, 4, 18, 5], [19, 2, 20, 3], [21, 13, 22, 12]]"
12a_1127_14,"[[21, 13, 22, 12], [23, 11, 24, 10], [1, 20, 2, 21], [3, 9, 4, 8], [5, 16, 6, 17], [7, 14, 8, 15], [9, 1, 10, 24], [11, 23, 12, 22], [13, 19, 14, 18], [15, 6, 16, 7], [17, 4, 18, 5], [19, 2, 20, 3]]"
12a_1127_15,"[[19, 2, 20, 3], [21, 13, 22, 12], [23, 11, 24, 10], [1, 20, 2, 21], [3, 9, 4, 8], [5, 16, 6, 17], [7, 14, 8, 15], [9, 1, 10, 24], [11, 23, 12, 22], [13, 19, 14, 18], [15, 6, 16, 7], [17, 4, 18, 5]]"
12a_1127_16,"[[17, 4, 18, 5], [19, 2, 20, 3], [21, 13, 22, 12], [23, 11, 24, 10], [1, 20, 2, 21], [3, 9, 4, 8], [5, 16, 6, 17], [7, 14, 8, 15], [9, 1, 10, 24], [11, 23, 12, 22], [13, 19, 14, 18], [15, 6, 16, 7]]"
12a_1127_17,"[[15, 6, 16, 7], [17, 4, 18, 5], [19, 2, 20, 3], [21, 13, 22, 12], [23, 11, 24, 10], [1, 20, 2, 21], [3, 9, 4, 8], [5, 16, 6, 17], [7, 14, 8, 15], [9, 1, 10, 24], [11, 23, 12, 22], [13, 19, 14, 18]]"
12a_1127_18,"[[13, 19, 14, 18], [15, 6, 16, 7], [17, 4, 18, 5], [19, 2, 20, 3], [21, 13, 22, 12], [23, 11, 24, 10], [1, 20, 2, 21], [3, 9, 4, 8], [5, 16, 6, 17], [7, 14, 8, 15], [9, 1, 10, 24], [11, 23, 12, 22]]"
12a_1127_19,"[[11, 23, 12, 22], [13, 19, 14, 18], [15, 6, 16, 7], [17, 4, 18, 5], [19, 2, 20, 3], [21, 13, 22, 12], [23, 11, 24, 10], [1, 20, 2, 21], [3, 9, 4, 8], [5, 16, 6, 17], [7, 14, 8, 15], [9, 1, 10, 24]]"
12a_1127_20,"[[9, 1, 10, 24], [11, 23, 12, 22], [13, 19, 14, 18], [15, 6, 16, 7], [17, 4, 18, 5], [19, 2, 20, 3], [21, 13, 22, 12], [23, 11, 24, 10], [1, 20, 2, 21], [3, 9, 4, 8], [5, 16, 6, 17], [7, 14, 8, 15]]"
12a_1127_21,"[[7, 14, 8, 15], [9, 1, 10, 24], [11, 23, 12, 22], [13, 19, 14, 18], [15, 6, 16, 7], [17, 4, 18, 5], [19, 2, 20, 3], [21, 13, 22, 12], [23, 11, 24, 10], [1, 20, 2, 21], [3, 9, 4, 8], [5, 16, 6, 17]]"
12a_1127_22,"[[5, 16, 6, 17], [7, 14, 8, 15], [9, 1, 10, 24], [11, 23, 12, 22], [13, 19, 14, 18], [15, 6, 16, 7], [17, 4, 18, 5], [19, 2, 20, 3], [21, 13, 22, 12], [23, 11, 24, 10], [1, 20, 2, 21], [3, 9, 4, 8]]"
12a_1127_23,"[[3, 9, 4, 8], [5, 16, 6, 17], [7, 14, 8, 15], [9, 1, 10, 24], [11, 23, 12, 22], [13, 19, 14, 18], [15, 6, 16, 7], [17, 4, 18, 5], [19, 2, 20, 3], [21, 13, 22, 12], [23, 11, 24, 10], [1, 20, 2, 21]]"
12a_1127_24,"[[2, 21, 3, 22], [4, 10, 5, 9], [6, 17, 7, 18], [8, 15, 9, 16], [10, 2, 11, 1], [12, 24, 13, 23], [14, 20, 15, 19], [16, 7, 17, 8], [18, 5, 19, 6], [20, 3, 21, 4], [22, 14, 23, 13], [24, 12, 1, 11]]"
12a_1127_25,"[[24, 12, 1, 11], [2, 21, 3, 22], [4, 10, 5, 9], [6, 17, 7, 18], [8, 15, 9, 16], [10, 2, 11, 1], [12, 24, 13, 23], [14, 20, 15, 19], [16, 7, 17, 8], [18, 5, 19, 6], [20, 3, 21, 4], [22, 14, 23, 13]]"
12a_1127_26,"[[22, 14, 23, 13], [24, 12, 1, 11], [2, 21, 3, 22], [4, 10, 5, 9], [6, 17, 7, 18], [8, 15, 9, 16], [10, 2, 11, 1], [12, 24, 13, 23], [14, 20, 15, 19], [16, 7, 17, 8], [18, 5, 19, 6], [20, 3, 21, 4]]"
12a_1127_27,"[[20, 3, 21, 4], [22, 14, 23, 13], [24, 12, 1, 11], [2, 21, 3, 22], [4, 10, 5, 9], [6, 17, 7, 18], [8, 15, 9, 16], [10, 2, 11, 1], [12, 24, 13, 23], [14, 20, 15, 19], [16, 7, 17, 8], [18, 5, 19, 6]]"
12a_1127_28,"[[18, 5, 19, 6], [20, 3, 21, 4], [22, 14, 23, 13], [24, 12, 1, 11], [2, 21, 3, 22], [4, 10, 5, 9], [6, 17, 7, 18], [8, 15, 9, 16], [10, 2, 11, 1], [12, 24, 13, 23], [14, 20, 15, 19], [16, 7, 17, 8]]"
12a_1127_29,"[[16, 7, 17, 8], [18, 5, 19, 6], [20, 3, 21, 4], [22, 14, 23, 13], [24, 12, 1, 11], [2, 21, 3, 22], [4, 10, 5, 9], [6, 17, 7, 18], [8, 15, 9, 16], [10, 2, 11, 1], [12, 24, 13, 23], [14, 20, 15, 19]]"
12a_1127_30,"[[14, 20, 15, 19], [16, 7, 17, 8], [18, 5, 19, 6], [20, 3, 21, 4], [22, 14, 23, 13], [24, 12, 1, 11], [2, 21, 3, 22], [4, 10, 5, 9], [6, 17, 7, 18], [8, 15, 9, 16], [10, 2, 11, 1], [12, 24, 13, 23]]"
12a_1127_31,"[[12, 24, 13, 23], [14, 20, 15, 19], [16, 7, 17, 8], [18, 5, 19, 6], [20, 3, 21, 4], [22, 14, 23, 13], [24, 12, 1, 11], [2, 21, 3, 22], [4, 10, 5, 9], [6, 17, 7, 18], [8, 15, 9, 16], [10, 2, 11, 1]]"
12a_1127_32,"[[10, 2, 11, 1], [12, 24, 13, 23], [14, 20, 15, 19], [16, 7, 17, 8], [18, 5, 19, 6], [20, 3, 21, 4], [22, 14, 23, 13], [24, 12, 1, 11], [2, 21, 3, 22], [4, 10, 5, 9], [6, 17, 7, 18], [8, 15, 9, 16]]"
12a_1127_33,"[[8, 15, 9, 16], [10, 2, 11, 1], [12, 24, 13, 23], [14, 20, 15, 19], [16, 7, 17, 8], [18, 5, 19, 6], [20, 3, 21, 4], [22, 14, 23, 13], [24, 12, 1, 11], [2, 21, 3, 22], [4, 10, 5, 9], [6, 17, 7, 18]]"
12a_1127_34,"[[6, 17, 7, 18], [8, 15, 9, 16], [10, 2, 11, 1], [12, 24, 13, 23], [14, 20, 15, 19], [16, 7, 17, 8], [18, 5, 19, 6], [20, 3, 21, 4], [22, 14, 23, 13], [24, 12, 1, 11], [2, 21, 3, 22], [4, 10, 5, 9]]"
12a_1127_35,"[[4, 10, 5, 9], [6, 17, 7, 18], [8, 15, 9, 16], [10, 2, 11, 1], [12, 24, 13, 23], [14, 20, 15, 19], [16, 7, 17, 8], [18, 5, 19, 6], [20, 3, 21, 4], [22, 14, 23, 13], [24, 12, 1, 11], [2, 21, 3, 22]]"
12a_1127_36,"[[3, 22, 4, 23], [5, 11, 6, 10], [7, 18, 8, 19], [9, 16, 10, 17], [11, 3, 12, 2], [13, 1, 14, 24], [15, 21, 16, 20], [17, 8, 18, 9], [19, 6, 20, 7], [21, 4, 22, 5], [23, 15, 24, 14], [1, 13, 2, 12]]"
12a_1127_37,"[[1, 13, 2, 12], [3, 22, 4, 23], [5, 11, 6, 10], [7, 18, 8, 19], [9, 16, 10, 17], [11, 3, 12, 2], [13, 1, 14, 24], [15, 21, 16, 20], [17, 8, 18, 9], [19, 6, 20, 7], [21, 4, 22, 5], [23, 15, 24, 14]]"
12a_1127_38,"[[23, 15, 24, 14], [1, 13, 2, 12], [3, 22, 4, 23], [5, 11, 6, 10], [7, 18, 8, 19], [9, 16, 10, 17], [11, 3, 12, 2], [13, 1, 14, 24], [15, 21, 16, 20], [17, 8, 18, 9], [19, 6, 20, 7], [21, 4, 22, 5]]"
12a_1127_39,"[[21, 4, 22, 5], [23, 15, 24, 14], [1, 13, 2, 12], [3, 22, 4, 23], [5, 11, 6, 10], [7, 18, 8, 19], [9, 16, 10, 17], [11, 3, 12, 2], [13, 1, 14, 24], [15, 21, 16, 20], [17, 8, 18, 9], [19, 6, 20, 7]]"
12a_1127_40,"[[19, 6, 20, 7], [21, 4, 22, 5], [23, 15, 24, 14], [1, 13, 2, 12], [3, 22, 4, 23], [5, 11, 6, 10], [7, 18, 8, 19], [9, 16, 10, 17], [11, 3, 12, 2], [13, 1, 14, 24], [15, 21, 16, 20], [17, 8, 18, 9]]"
12a_1127_41,"[[17, 8, 18, 9], [19, 6, 20, 7], [21, 4, 22, 5], [23, 15, 24, 14], [1, 13, 2, 12], [3, 22, 4, 23], [5, 11, 6, 10], [7, 18, 8, 19], [9, 16, 10, 17], [11, 3, 12, 2], [13, 1, 14, 24], [15, 21, 16, 20]]"
12a_1127_42,"[[15, 21, 16, 20], [17, 8, 18, 9], [19, 6, 20, 7], [21, 4, 22, 5], [23, 15, 24, 14], [1, 13, 2, 12], [3, 22, 4, 23], [5, 11, 6, 10], [7, 18, 8, 19], [9, 16, 10, 17], [11, 3, 12, 2], [13, 1, 14, 24]]"
12a_1127_43,"[[13, 1, 14, 24], [15, 21, 16, 20], [17, 8, 18, 9], [19, 6, 20, 7], [21, 4, 22, 5], [23, 15, 24, 14], [1, 13, 2, 12], [3, 22, 4, 23], [5, 11, 6, 10], [7, 18, 8, 19], [9, 16, 10, 17], [11, 3, 12, 2]]"
12a_1127_44,"[[11, 3, 12, 2], [13, 1, 14, 24], [15, 21, 16, 20], [17, 8, 18, 9], [19, 6, 20, 7], [21, 4, 22, 5], [23, 15, 24, 14], [1, 13, 2, 12], [3, 22, 4, 23], [5, 11, 6, 10], [7, 18, 8, 19], [9, 16, 10, 17]]"
12a_1127_45,"[[9, 16, 10, 17], [11, 3, 12, 2], [13, 1, 14, 24], [15, 21, 16, 20], [17, 8, 18, 9], [19, 6, 20, 7], [21, 4, 22, 5], [23, 15, 24, 14], [1, 13, 2, 12], [3, 22, 4, 23], [5, 11, 6, 10], [7, 18, 8, 19]]"
12a_1127_46,"[[7, 18, 8, 19], [9, 16, 10, 17], [11, 3, 12, 2], [13, 1, 14, 24], [15, 21, 16, 20], [17, 8, 18, 9], [19, 6, 20, 7], [21, 4, 22, 5], [23, 15, 24, 14], [1, 13, 2, 12], [3, 22, 4, 23], [5, 11, 6, 10]]"
12a_1127_47,"[[5, 11, 6, 10], [7, 18, 8, 19], [9, 16, 10, 17], [11, 3, 12, 2], [13, 1, 14, 24], [15, 21, 16, 20], [17, 8, 18, 9], [19, 6, 20, 7], [21, 4, 22, 5], [23, 15, 24, 14], [1, 13, 2, 12], [3, 22, 4, 23]]"
12a_1127_48,"[[4, 23, 5, 24], [6, 12, 7, 11], [8, 19, 9, 20], [10, 17, 11, 18], [12, 4, 13, 3], [14, 2, 15, 1], [16, 22, 17, 21], [18, 9, 19, 10], [20, 7, 21, 8], [22, 5, 23, 6], [24, 16, 1, 15], [2, 14, 3, 13]]"
12a_1127_49,"[[2, 14, 3, 13], [4, 23, 5, 24], [6, 12, 7, 11], [8, 19, 9, 20], [10, 17, 11, 18], [12, 4, 13, 3], [14, 2, 15, 1], [16, 22, 17, 21], [18, 9, 19, 10], [20, 7, 21, 8], [22, 5, 23, 6], [24, 16, 1, 15]]"
12a_1127_50,"[[24, 16, 1, 15], [2, 14, 3, 13], [4, 23, 5, 24], [6, 12, 7, 11], [8, 19, 9, 20], [10, 17, 11, 18], [12, 4, 13, 3], [14, 2, 15, 1], [16, 22, 17, 21], [18, 9, 19, 10], [20, 7, 21, 8], [22, 5, 23, 6]]"
12a_1127_51,"[[22, 5, 23, 6], [24, 16, 1, 15], [2, 14, 3, 13], [4, 23, 5, 24], [6, 12, 7, 11], [8, 19, 9, 20], [10, 17, 11, 18], [12, 4, 13, 3], [14, 2, 15, 1], [16, 22, 17, 21], [18, 9, 19, 10], [20, 7, 21, 8]]"
12a_1127_52,"[[20, 7, 21, 8], [22, 5, 23, 6], [24, 16, 1, 15], [2, 14, 3, 13], [4, 23, 5, 24], [6, 12, 7, 11], [8, 19, 9, 20], [10, 17, 11, 18], [12, 4, 13, 3], [14, 2, 15, 1], [16, 22, 17, 21], [18, 9, 19, 10]]"
12a_1127_53,"[[18, 9, 19, 10], [20, 7, 21, 8], [22, 5, 23, 6], [24, 16, 1, 15], [2, 14, 3, 13], [4, 23, 5, 24], [6, 12, 7, 11], [8, 19, 9, 20], [10, 17, 11, 18], [12, 4, 13, 3], [14, 2, 15, 1], [16, 22, 17, 21]]"
12a_1127_54,"[[16, 22, 17, 21], [18, 9, 19, 10], [20, 7, 21, 8], [22, 5, 23, 6], [24, 16, 1, 15], [2, 14, 3, 13], [4, 23, 5, 24], [6, 12, 7, 11], [8, 19, 9, 20], [10, 17, 11, 18], [12, 4, 13, 3], [14, 2, 15, 1]]"
12a_1127_55,"[[14, 2, 15, 1], [16, 22, 17, 21], [18, 9, 19, 10], [20, 7, 21, 8], [22, 5, 23, 6], [24, 16, 1, 15], [2, 14, 3, 13], [4, 23, 5, 24], [6, 12, 7, 11], [8, 19, 9, 20], [10, 17, 11, 18], [12, 4, 13, 3]]"
12a_1127_56,"[[12, 4, 13, 3], [14, 2, 15, 1], [16, 22, 17, 21], [18, 9, 19, 10], [20, 7, 21, 8], [22, 5, 23, 6], [24, 16, 1, 15], [2, 14, 3, 13], [4, 23, 5, 24], [6, 12, 7, 11], [8, 19, 9, 20], [10, 17, 11, 18]]"
12a_1127_57,"[[10, 17, 11, 18], [12, 4, 13, 3], [14, 2, 15, 1], [16, 22, 17, 21], [18, 9, 19, 10], [20, 7, 21, 8], [22, 5, 23, 6], [24, 16, 1, 15], [2, 14, 3, 13], [4, 23, 5, 24], [6, 12, 7, 11], [8, 19, 9, 20]]"
12a_1127_58,"[[8, 19, 9, 20], [10, 17, 11, 18], [12, 4, 13, 3], [14, 2, 15, 1], [16, 22, 17, 21], [18, 9, 19, 10], [20, 7, 21, 8], [22, 5, 23, 6], [24, 16, 1, 15], [2, 14, 3, 13], [4, 23, 5, 24], [6, 12, 7, 11]]"
12a_1127_59,"[[6, 12, 7, 11], [8, 19, 9, 20], [10, 17, 11, 18], [12, 4, 13, 3], [14, 2, 15, 1], [16, 22, 17, 21], [18, 9, 19, 10], [20, 7, 21, 8], [22, 5, 23, 6], [24, 16, 1, 15], [2, 14, 3, 13], [4, 23, 5, 24]]"
12a_1127_60,"[[5, 24, 6, 1], [7, 13, 8, 12], [9, 20, 10, 21], [11, 18, 12, 19], [13, 5, 14, 4], [15, 3, 16, 2], [17, 23, 18, 22], [19, 10, 20, 11], [21, 8, 22, 9], [23, 6, 24, 7], [1, 17, 2, 16], [3, 15, 4, 14]]"
12a_1127_61,"[[3, 15, 4, 14], [5, 24, 6, 1], [7, 13, 8, 12], [9, 20, 10, 21], [11, 18, 12, 19], [13, 5, 14, 4], [15, 3, 16, 2], [17, 23, 18, 22], [19, 10, 20, 11], [21, 8, 22, 9], [23, 6, 24, 7], [1, 17, 2, 16]]"
12a_1127_62,"[[1, 17, 2, 16], [3, 15, 4, 14], [5, 24, 6, 1], [7, 13, 8, 12], [9, 20, 10, 21], [11, 18, 12, 19], [13, 5, 14, 4], [15, 3, 16, 2], [17, 23, 18, 22], [19, 10, 20, 11], [21, 8, 22, 9], [23, 6, 24, 7]]"
12a_1127_63,"[[23, 6, 24, 7], [1, 17, 2, 16], [3, 15, 4, 14], [5, 24, 6, 1], [7, 13, 8, 12], [9, 20, 10, 21], [11, 18, 12, 19], [13, 5, 14, 4], [15, 3, 16, 2], [17, 23, 18, 22], [19, 10, 20, 11], [21, 8, 22, 9]]"
12a_1127_64,"[[21, 8, 22, 9], [23, 6, 24, 7], [1, 17, 2, 16], [3, 15, 4, 14], [5, 24, 6, 1], [7, 13, 8, 12], [9, 20, 10, 21], [11, 18, 12, 19], [13, 5, 14, 4], [15, 3, 16, 2], [17, 23, 18, 22], [19, 10, 20, 11]]"
12a_1127_65,"[[19, 10, 20, 11], [21, 8, 22, 9], [23, 6, 24, 7], [1, 17, 2, 16], [3, 15, 4, 14], [5, 24, 6, 1], [7, 13, 8, 12], [9, 20, 10, 21], [11, 18, 12, 19], [13, 5, 14, 4], [15, 3, 16, 2], [17, 23, 18, 22]]"
12a_1127_66,"[[17, 23, 18, 22], [19, 10, 20, 11], [21, 8, 22, 9], [23, 6, 24, 7], [1, 17, 2, 16], [3, 15, 4, 14], [5, 24, 6, 1], [7, 13, 8, 12], [9, 20, 10, 21], [11, 18, 12, 19], [13, 5, 14, 4], [15, 3, 16, 2]]"
12a_1127_67,"[[15, 3, 16, 2], [17, 23, 18, 22], [19, 10, 20, 11], [21, 8, 22, 9], [23, 6, 24, 7], [1, 17, 2, 16], [3, 15, 4, 14], [5, 24, 6, 1], [7, 13, 8, 12], [9, 20, 10, 21], [11, 18, 12, 19], [13, 5, 14, 4]]"
12a_1127_68,"[[13, 5, 14, 4], [15, 3, 16, 2], [17, 23, 18, 22], [19, 10, 20, 11], [21, 8, 22, 9], [23, 6, 24, 7], [1, 17, 2, 16], [3, 15, 4, 14], [5, 24, 6, 1], [7, 13, 8, 12], [9, 20, 10, 21], [11, 18, 12, 19]]"
12a_1127_69,"[[11, 18, 12, 19], [13, 5, 14, 4], [15, 3, 16, 2], [17, 23, 18, 22], [19, 10, 20, 11], [21, 8, 22, 9], [23, 6, 24, 7], [1, 17, 2, 16], [3, 15, 4, 14], [5, 24, 6, 1], [7, 13, 8, 12], [9, 20, 10, 21]]"
12a_1127_70,"[[9, 20, 10, 21], [11, 18, 12, 19], [13, 5, 14, 4], [15, 3, 16, 2], [17, 23, 18, 22], [19, 10, 20, 11], [21, 8, 22, 9], [23, 6, 24, 7], [1, 17, 2, 16], [3, 15, 4, 14], [5, 24, 6, 1], [7, 13, 8, 12]]"
12a_1127_71,"[[7, 13, 8, 12], [9, 20, 10, 21], [11, 18, 12, 19], [13, 5, 14, 4], [15, 3, 16, 2], [17, 23, 18, 22], [19, 10, 20, 11], [21, 8, 22, 9], [23, 6, 24, 7], [1, 17, 2, 16], [3, 15, 4, 14], [5, 24, 6, 1]]"
12a_1127_72,"[[6, 1, 7, 2], [8, 14, 9, 13], [10, 21, 11, 22], [12, 19, 13, 20], [14, 6, 15, 5], [16, 4, 17, 3], [18, 24, 19, 23], [20, 11, 21, 12], [22, 9, 23, 10], [24, 7, 1, 8], [2, 18, 3, 17], [4, 16, 5, 15]]"
12a_1127_73,"[[4, 16, 5, 15], [6, 1, 7, 2], [8, 14, 9, 13], [10, 21, 11, 22], [12, 19, 13, 20], [14, 6, 15, 5], [16, 4, 17, 3], [18, 24, 19, 23], [20, 11, 21, 12], [22, 9, 23, 10], [24, 7, 1, 8], [2, 18, 3, 17]]"
12a_1127_74,"[[2, 18, 3, 17], [4, 16, 5, 15], [6, 1, 7, 2], [8, 14, 9, 13], [10, 21, 11, 22], [12, 19, 13, 20], [14, 6, 15, 5], [16, 4, 17, 3], [18, 24, 19, 23], [20, 11, 21, 12], [22, 9, 23, 10], [24, 7, 1, 8]]"
12a_1127_75,"[[24, 7, 1, 8], [2, 18, 3, 17], [4, 16, 5, 15], [6, 1, 7, 2], [8, 14, 9, 13], [10, 21, 11, 22], [12, 19, 13, 20], [14, 6, 15, 5], [16, 4, 17, 3], [18, 24, 19, 23], [20, 11, 21, 12], [22, 9, 23, 10]]"
12a_1127_76,"[[22, 9, 23, 10], [24, 7, 1, 8], [2, 18, 3, 17], [4, 16, 5, 15], [6, 1, 7, 2], [8, 14, 9, 13], [10, 21, 11, 22], [12, 19, 13, 20], [14, 6, 15, 5], [16, 4, 17, 3], [18, 24, 19, 23], [20, 11, 21, 12]]"
12a_1127_77,"[[20, 11, 21, 12], [22, 9, 23, 10], [24, 7, 1, 8], [2, 18, 3, 17], [4, 16, 5, 15], [6, 1, 7, 2], [8, 14, 9, 13], [10, 21, 11, 22], [12, 19, 13, 20], [14, 6, 15, 5], [16, 4, 17, 3], [18, 24, 19, 23]]"
12a_1127_78,"[[18, 24, 19, 23], [20, 11, 21, 12], [22, 9, 23, 10], [24, 7, 1, 8], [2, 18, 3, 17], [4, 16, 5, 15], [6, 1, 7, 2], [8, 14, 9, 13], [10, 21, 11, 22], [12, 19, 13, 20], [14, 6, 15, 5], [16, 4, 17, 3]]"
12a_1127_79,"[[16, 4, 17, 3], [18, 24, 19, 23], [20, 11, 21, 12], [22, 9, 23, 10], [24, 7, 1, 8], [2, 18, 3, 17], [4, 16, 5, 15], [6, 1, 7, 2], [8, 14, 9, 13], [10, 21, 11, 22], [12, 19, 13, 20], [14, 6, 15, 5]]"
12a_1127_80,"[[14, 6, 15, 5], [16, 4, 17, 3], [18, 24, 19, 23], [20, 11, 21, 12], [22, 9, 23, 10], [24, 7, 1, 8], [2, 18, 3, 17], [4, 16, 5, 15], [6, 1, 7, 2], [8, 14, 9, 13], [10, 21, 11, 22], [12, 19, 13, 20]]"
12a_1127_81,"[[12, 19, 13, 20], [14, 6, 15, 5], [16, 4, 17, 3], [18, 24, 19, 23], [20, 11, 21, 12], [22, 9, 23, 10], [24, 7, 1, 8], [2, 18, 3, 17], [4, 16, 5, 15], [6, 1, 7, 2], [8, 14, 9, 13], [10, 21, 11, 22]]"
12a_1127_82,"[[10, 21, 11, 22], [12, 19, 13, 20], [14, 6, 15, 5], [16, 4, 17, 3], [18, 24, 19, 23], [20, 11, 21, 12], [22, 9, 23, 10], [24, 7, 1, 8], [2, 18, 3, 17], [4, 16, 5, 15], [6, 1, 7, 2], [8, 14, 9, 13]]"
12a_1127_83,"[[8, 14, 9, 13], [10, 21, 11, 22], [12, 19, 13, 20], [14, 6, 15, 5], [16, 4, 17, 3], [18, 24, 19, 23], [20, 11, 21, 12], [22, 9, 23, 10], [24, 7, 1, 8], [2, 18, 3, 17], [4, 16, 5, 15], [6, 1, 7, 2]]"
12a_1127_84,"[[7, 2, 8, 3], [9, 15, 10, 14], [11, 22, 12, 23], [13, 20, 14, 21], [15, 7, 16, 6], [17, 5, 18, 4], [19, 1, 20, 24], [21, 12, 22, 13], [23, 10, 24, 11], [1, 8, 2, 9], [3, 19, 4, 18], [5, 17, 6, 16]]"
12a_1127_85,"[[5, 17, 6, 16], [7, 2, 8, 3], [9, 15, 10, 14], [11, 22, 12, 23], [13, 20, 14, 21], [15, 7, 16, 6], [17, 5, 18, 4], [19, 1, 20, 24], [21, 12, 22, 13], [23, 10, 24, 11], [1, 8, 2, 9], [3, 19, 4, 18]]"
12a_1127_86,"[[3, 19, 4, 18], [5, 17, 6, 16], [7, 2, 8, 3], [9, 15, 10, 14], [11, 22, 12, 23], [13, 20, 14, 21], [15, 7, 16, 6], [17, 5, 18, 4], [19, 1, 20, 24], [21, 12, 22, 13], [23, 10, 24, 11], [1, 8, 2, 9]]"
12a_1127_87,"[[1, 8, 2, 9], [3, 19, 4, 18], [5, 17, 6, 16], [7, 2, 8, 3], [9, 15, 10, 14], [11, 22, 12, 23], [13, 20, 14, 21], [15, 7, 16, 6], [17, 5, 18, 4], [19, 1, 20, 24], [21, 12, 22, 13], [23, 10, 24, 11]]"
12a_1127_88,"[[23, 10, 24, 11], [1, 8, 2, 9], [3, 19, 4, 18], [5, 17, 6, 16], [7, 2, 8, 3], [9, 15, 10, 14], [11, 22, 12, 23], [13, 20, 14, 21], [15, 7, 16, 6], [17, 5, 18, 4], [19, 1, 20, 24], [21, 12, 22, 13]]"
12a_1127_89,"[[21, 12, 22, 13], [23, 10, 24, 11], [1, 8, 2, 9], [3, 19, 4, 18], [5, 17, 6, 16], [7, 2, 8, 3], [9, 15, 10, 14], [11, 22, 12, 23], [13, 20, 14, 21], [15, 7, 16, 6], [17, 5, 18, 4], [19, 1, 20, 24]]"
12a_1127_90,"[[19, 1, 20, 24], [21, 12, 22, 13], [23, 10, 24, 11], [1, 8, 2, 9], [3, 19, 4, 18], [5, 17, 6, 16], [7, 2, 8, 3], [9, 15, 10, 14], [11, 22, 12, 23], [13, 20, 14, 21], [15, 7, 16, 6], [17, 5, 18, 4]]"
12a_1127_91,"[[17, 5, 18, 4], [19, 1, 20, 24], [21, 12, 22, 13], [23, 10, 24, 11], [1, 8, 2, 9], [3, 19, 4, 18], [5, 17, 6, 16], [7, 2, 8, 3], [9, 15, 10, 14], [11, 22, 12, 23], [13, 20, 14, 21], [15, 7, 16, 6]]"
12a_1127_92,"[[15, 7, 16, 6], [17, 5, 18, 4], [19, 1, 20, 24], [21, 12, 22, 13], [23, 10, 24, 11], [1, 8, 2, 9], [3, 19, 4, 18], [5, 17, 6, 16], [7, 2, 8, 3], [9, 15, 10, 14], [11, 22, 12, 23], [13, 20, 14, 21]]"
12a_1127_93,"[[13, 20, 14, 21], [15, 7, 16, 6], [17, 5, 18, 4], [19, 1, 20, 24], [21, 12, 22, 13], [23, 10, 24, 11], [1, 8, 2, 9], [3, 19, 4, 18], [5, 17, 6, 16], [7, 2, 8, 3], [9, 15, 10, 14], [11, 22, 12, 23]]"
12a_1127_94,"[[11, 22, 12, 23], [13, 20, 14, 21], [15, 7, 16, 6], [17, 5, 18, 4], [19, 1, 20, 24], [21, 12, 22, 13], [23, 10, 24, 11], [1, 8, 2, 9], [3, 19, 4, 18], [5, 17, 6, 16], [7, 2, 8, 3], [9, 15, 10, 14]]"
12a_1127_95,"[[9, 15, 10, 14], [11, 22, 12, 23], [13, 20, 14, 21], [15, 7, 16, 6], [17, 5, 18, 4], [19, 1, 20, 24], [21, 12, 22, 13], [23, 10, 24, 11], [1, 8, 2, 9], [3, 19, 4, 18], [5, 17, 6, 16], [7, 2, 8, 3]]"
12a_1127_96,"[[8, 3, 9, 4], [10, 16, 11, 15], [12, 23, 13, 24], [14, 21, 15, 22], [16, 8, 17, 7], [18, 6, 19, 5], [20, 2, 21, 1], [22, 13, 23, 14], [24, 11, 1, 12], [2, 9, 3, 10], [4, 20, 5, 19], [6, 18, 7, 17]]"
12a_1127_97,"[[6, 18, 7, 17], [8, 3, 9, 4], [10, 16, 11, 15], [12, 23, 13, 24], [14, 21, 15, 22], [16, 8, 17, 7], [18, 6, 19, 5], [20, 2, 21, 1], [22, 13, 23, 14], [24, 11, 1, 12], [2, 9, 3, 10], [4, 20, 5, 19]]"
12a_1127_98,"[[4, 20, 5, 19], [6, 18, 7, 17], [8, 3, 9, 4], [10, 16, 11, 15], [12, 23, 13, 24], [14, 21, 15, 22], [16, 8, 17, 7], [18, 6, 19, 5], [20, 2, 21, 1], [22, 13, 23, 14], [24, 11, 1, 12], [2, 9, 3, 10]]"
12a_1127_99,"[[2, 9, 3, 10], [4, 20, 5, 19], [6, 18, 7, 17], [8, 3, 9, 4], [10, 16, 11, 15], [12, 23, 13, 24], [14, 21, 15, 22], [16, 8, 17, 7], [18, 6, 19, 5], [20, 2, 21, 1], [22, 13, 23, 14], [24, 11, 1, 12]]"
12a_1127_100,"[[24, 11, 1, 12], [2, 9, 3, 10], [4, 20, 5, 19], [6, 18, 7, 17], [8, 3, 9, 4], [10, 16, 11, 15], [12, 23, 13, 24], [14, 21, 15, 22], [16, 8, 17, 7], [18, 6, 19, 5], [20, 2, 21, 1], [22, 13, 23, 14]]"
12a_1127_101,"[[22, 13, 23, 14], [24, 11, 1, 12], [2, 9, 3, 10], [4, 20, 5, 19], [6, 18, 7, 17], [8, 3, 9, 4], [10, 16, 11, 15], [12, 23, 13, 24], [14, 21, 15, 22], [16, 8, 17, 7], [18, 6, 19, 5], [20, 2, 21, 1]]"
12a_1127_102,"[[20, 2, 21, 1], [22, 13, 23, 14], [24, 11, 1, 12], [2, 9, 3, 10], [4, 20, 5, 19], [6, 18, 7, 17], [8, 3, 9, 4], [10, 16, 11, 15], [12, 23, 13, 24], [14, 21, 15, 22], [16, 8, 17, 7], [18, 6, 19, 5]]"
12a_1127_103,"[[18, 6, 19, 5], [20, 2, 21, 1], [22, 13, 23, 14], [24, 11, 1, 12], [2, 9, 3, 10], [4, 20, 5, 19], [6, 18, 7, 17], [8, 3, 9, 4], [10, 16, 11, 15], [12, 23, 13, 24], [14, 21, 15, 22], [16, 8, 17, 7]]"
12a_1127_104,"[[16, 8, 17, 7], [18, 6, 19, 5], [20, 2, 21, 1], [22, 13, 23, 14], [24, 11, 1, 12], [2, 9, 3, 10], [4, 20, 5, 19], [6, 18, 7, 17], [8, 3, 9, 4], [10, 16, 11, 15], [12, 23, 13, 24], [14, 21, 15, 22]]"
12a_1127_105,"[[14, 21, 15, 22], [16, 8, 17, 7], [18, 6, 19, 5], [20, 2, 21, 1], [22, 13, 23, 14], [24, 11, 1, 12], [2, 9, 3, 10], [4, 20, 5, 19], [6, 18, 7, 17], [8, 3, 9, 4], [10, 16, 11, 15], [12, 23, 13, 24]]"
12a_1127_106,"[[12, 23, 13, 24], [14, 21, 15, 22], [16, 8, 17, 7], [18, 6, 19, 5], [20, 2, 21, 1], [22, 13, 23, 14], [24, 11, 1, 12], [2, 9, 3, 10], [4, 20, 5, 19], [6, 18, 7, 17], [8, 3, 9, 4], [10, 16, 11, 15]]"
12a_1127_107,"[[10, 16, 11, 15], [12, 23, 13, 24], [14, 21, 15, 22], [16, 8, 17, 7], [18, 6, 19, 5], [20, 2, 21, 1], [22, 13, 23, 14], [24, 11, 1, 12], [2, 9, 3, 10], [4, 20, 5, 19], [6, 18, 7, 17], [8, 3, 9, 4]]"
12a_1127_108,"[[9, 4, 10, 5], [11, 17, 12, 16], [13, 24, 14, 1], [15, 22, 16, 23], [17, 9, 18, 8], [19, 7, 20, 6], [21, 3, 22, 2], [23, 14, 24, 15], [1, 12, 2, 13], [3, 10, 4, 11], [5, 21, 6, 20], [7, 19, 8, 18]]"
12a_1127_109,"[[7, 19, 8, 18], [9, 4, 10, 5], [11, 17, 12, 16], [13, 24, 14, 1], [15, 22, 16, 23], [17, 9, 18, 8], [19, 7, 20, 6], [21, 3, 22, 2], [23, 14, 24, 15], [1, 12, 2, 13], [3, 10, 4, 11], [5, 21, 6, 20]]"
12a_1127_110,"[[5, 21, 6, 20], [7, 19, 8, 18], [9, 4, 10, 5], [11, 17, 12, 16], [13, 24, 14, 1], [15, 22, 16, 23], [17, 9, 18, 8], [19, 7, 20, 6], [21, 3, 22, 2], [23, 14, 24, 15], [1, 12, 2, 13], [3, 10, 4, 11]]"
12a_1127_111,"[[3, 10, 4, 11], [5, 21, 6, 20], [7, 19, 8, 18], [9, 4, 10, 5], [11, 17, 12, 16], [13, 24, 14, 1], [15, 22, 16, 23], [17, 9, 18, 8], [19, 7, 20, 6], [21, 3, 22, 2], [23, 14, 24, 15], [1, 12, 2, 13]]"
12a_1127_112,"[[1, 12, 2, 13], [3, 10, 4, 11], [5, 21, 6, 20], [7, 19, 8, 18], [9, 4, 10, 5], [11, 17, 12, 16], [13, 24, 14, 1], [15, 22, 16, 23], [17, 9, 18, 8], [19, 7, 20, 6], [21, 3, 22, 2], [23, 14, 24, 15]]"
12a_1127_113,"[[23, 14, 24, 15], [1, 12, 2, 13], [3, 10, 4, 11], [5, 21, 6, 20], [7, 19, 8, 18], [9, 4, 10, 5], [11, 17, 12, 16], [13, 24, 14, 1], [15, 22, 16, 23], [17, 9, 18, 8], [19, 7, 20, 6], [21, 3, 22, 2]]"
12a_1127_114,"[[21, 3, 22, 2], [23, 14, 24, 15], [1, 12, 2, 13], [3, 10, 4, 11], [5, 21, 6, 20], [7, 19, 8, 18], [9, 4, 10, 5], [11, 17, 12, 16], [13, 24, 14, 1], [15, 22, 16, 23], [17, 9, 18, 8], [19, 7, 20, 6]]"
12a_1127_115,"[[19, 7, 20, 6], [21, 3, 22, 2], [23, 14, 24, 15], [1, 12, 2, 13], [3, 10, 4, 11], [5, 21, 6, 20], [7, 19, 8, 18], [9, 4, 10, 5], [11, 17, 12, 16], [13, 24, 14, 1], [15, 22, 16, 23], [17, 9, 18, 8]]"
12a_1127_116,"[[17, 9, 18, 8], [19, 7, 20, 6], [21, 3, 22, 2], [23, 14, 24, 15], [1, 12, 2, 13], [3, 10, 4, 11], [5, 21, 6, 20], [7, 19, 8, 18], [9, 4, 10, 5], [11, 17, 12, 16], [13, 24, 14, 1], [15, 22, 16, 23]]"
12a_1127_117,"[[15, 22, 16, 23], [17, 9, 18, 8], [19, 7, 20, 6], [21, 3, 22, 2], [23, 14, 24, 15], [1, 12, 2, 13], [3, 10, 4, 11], [5, 21, 6, 20], [7, 19, 8, 18], [9, 4, 10, 5], [11, 17, 12, 16], [13, 24, 14, 1]]"
12a_1127_118,"[[13, 24, 14, 1], [15, 22, 16, 23], [17, 9, 18, 8], [19, 7, 20, 6], [21, 3, 22, 2], [23, 14, 24, 15], [1, 12, 2, 13], [3, 10, 4, 11], [5, 21, 6, 20], [7, 19, 8, 18], [9, 4, 10, 5], [11, 17, 12, 16]]"
12a_1127_119,"[[11, 17, 12, 16], [13, 24, 14, 1], [15, 22, 16, 23], [17, 9, 18, 8], [19, 7, 20, 6], [21, 3, 22, 2], [23, 14, 24, 15], [1, 12, 2, 13], [3, 10, 4, 11], [5, 21, 6, 20], [7, 19, 8, 18], [9, 4, 10, 5]]"
12a_1127_120,"[[10, 5, 11, 6], [12, 18, 13, 17], [14, 1, 15, 2], [16, 23, 17, 24], [18, 10, 19, 9], [20, 8, 21, 7], [22, 4, 23, 3], [24, 15, 1, 16], [2, 13, 3, 14], [4, 11, 5, 12], [6, 22, 7, 21], [8, 20, 9, 19]]"
12a_1127_121,"[[8, 20, 9, 19], [10, 5, 11, 6], [12, 18, 13, 17], [14, 1, 15, 2], [16, 23, 17, 24], [18, 10, 19, 9], [20, 8, 21, 7], [22, 4, 23, 3], [24, 15, 1, 16], [2, 13, 3, 14], [4, 11, 5, 12], [6, 22, 7, 21]]"
12a_1127_122,"[[6, 22, 7, 21], [8, 20, 9, 19], [10, 5, 11, 6], [12, 18, 13, 17], [14, 1, 15, 2], [16, 23, 17, 24], [18, 10, 19, 9], [20, 8, 21, 7], [22, 4, 23, 3], [24, 15, 1, 16], [2, 13, 3, 14], [4, 11, 5, 12]]"
12a_1127_123,"[[4, 11, 5, 12], [6, 22, 7, 21], [8, 20, 9, 19], [10, 5, 11, 6], [12, 18, 13, 17], [14, 1, 15, 2], [16, 23, 17, 24], [18, 10, 19, 9], [20, 8, 21, 7], [22, 4, 23, 3], [24, 15, 1, 16], [2, 13, 3, 14]]"
12a_1127_124,"[[2, 13, 3, 14], [4, 11, 5, 12], [6, 22, 7, 21], [8, 20, 9, 19], [10, 5, 11, 6], [12, 18, 13, 17], [14, 1, 15, 2], [16, 23, 17, 24], [18, 10, 19, 9], [20, 8, 21, 7], [22, 4, 23, 3], [24, 15, 1, 16]]"
12a_1127_125,"[[24, 15, 1, 16], [2, 13, 3, 14], [4, 11, 5, 12], [6, 22, 7, 21], [8, 20, 9, 19], [10, 5, 11, 6], [12, 18, 13, 17], [14, 1, 15, 2], [16, 23, 17, 24], [18, 10, 19, 9], [20, 8, 21, 7], [22, 4, 23, 3]]"
12a_1127_126,"[[22, 4, 23, 3], [24, 15, 1, 16], [2, 13, 3, 14], [4, 11, 5, 12], [6, 22, 7, 21], [8, 20, 9, 19], [10, 5, 11, 6], [12, 18, 13, 17], [14, 1, 15, 2], [16, 23, 17, 24], [18, 10, 19, 9], [20, 8, 21, 7]]"
12a_1127_127,"[[20, 8, 21, 7], [22, 4, 23, 3], [24, 15, 1, 16], [2, 13, 3, 14], [4, 11, 5, 12], [6, 22, 7, 21], [8, 20, 9, 19], [10, 5, 11, 6], [12, 18, 13, 17], [14, 1, 15, 2], [16, 23, 17, 24], [18, 10, 19, 9]]"
12a_1127_128,"[[18, 10, 19, 9], [20, 8, 21, 7], [22, 4, 23, 3], [24, 15, 1, 16], [2, 13, 3, 14], [4, 11, 5, 12], [6, 22, 7, 21], [8, 20, 9, 19], [10, 5, 11, 6], [12, 18, 13, 17], [14, 1, 15, 2], [16, 23, 17, 24]]"
12a_1127_129,"[[16, 23, 17, 24], [18, 10, 19, 9], [20, 8, 21, 7], [22, 4, 23, 3], [24, 15, 1, 16], [2, 13, 3, 14], [4, 11, 5, 12], [6, 22, 7, 21], [8, 20, 9, 19], [10, 5, 11, 6], [12, 18, 13, 17], [14, 1, 15, 2]]"
12a_1127_130,"[[14, 1, 15, 2], [16, 23, 17, 24], [18, 10, 19, 9], [20, 8, 21, 7], [22, 4, 23, 3], [24, 15, 1, 16], [2, 13, 3, 14], [4, 11, 5, 12], [6, 22, 7, 21], [8, 20, 9, 19], [10, 5, 11, 6], [12, 18, 13, 17]]"
12a_1127_131,"[[12, 18, 13, 17], [14, 1, 15, 2], [16, 23, 17, 24], [18, 10, 19, 9], [20, 8, 21, 7], [22, 4, 23, 3], [24, 15, 1, 16], [2, 13, 3, 14], [4, 11, 5, 12], [6, 22, 7, 21], [8, 20, 9, 19], [10, 5, 11, 6]]"
12a_1127_132,"[[11, 6, 12, 7], [13, 19, 14, 18], [15, 2, 16, 3], [17, 24, 18, 1], [19, 11, 20, 10], [21, 9, 22, 8], [23, 5, 24, 4], [1, 16, 2, 17], [3, 14, 4, 15], [5, 12, 6, 13], [7, 23, 8, 22], [9, 21, 10, 20]]"
12a_1127_133,"[[9, 21, 10, 20], [11, 6, 12, 7], [13, 19, 14, 18], [15, 2, 16, 3], [17, 24, 18, 1], [19, 11, 20, 10], [21, 9, 22, 8], [23, 5, 24, 4], [1, 16, 2, 17], [3, 14, 4, 15], [5, 12, 6, 13], [7, 23, 8, 22]]"
12a_1127_134,"[[7, 23, 8, 22], [9, 21, 10, 20], [11, 6, 12, 7], [13, 19, 14, 18], [15, 2, 16, 3], [17, 24, 18, 1], [19, 11, 20, 10], [21, 9, 22, 8], [23, 5, 24, 4], [1, 16, 2, 17], [3, 14, 4, 15], [5, 12, 6, 13]]"
12a_1127_135,"[[5, 12, 6, 13], [7, 23, 8, 22], [9, 21, 10, 20], [11, 6, 12, 7], [13, 19, 14, 18], [15, 2, 16, 3], [17, 24, 18, 1], [19, 11, 20, 10], [21, 9, 22, 8], [23, 5, 24, 4], [1, 16, 2, 17], [3, 14, 4, 15]]"
12a_1127_136,"[[3, 14, 4, 15], [5, 12, 6, 13], [7, 23, 8, 22], [9, 21, 10, 20], [11, 6, 12, 7], [13, 19, 14, 18], [15, 2, 16, 3], [17, 24, 18, 1], [19, 11, 20, 10], [21, 9, 22, 8], [23, 5, 24, 4], [1, 16, 2, 17]]"
12a_1127_137,"[[1, 16, 2, 17], [3, 14, 4, 15], [5, 12, 6, 13], [7, 23, 8, 22], [9, 21, 10, 20], [11, 6, 12, 7], [13, 19, 14, 18], [15, 2, 16, 3], [17, 24, 18, 1], [19, 11, 20, 10], [21, 9, 22, 8], [23, 5, 24, 4]]"
12a_1127_138,"[[23, 5, 24, 4], [1, 16, 2, 17], [3, 14, 4, 15], [5, 12, 6, 13], [7, 23, 8, 22], [9, 21, 10, 20], [11, 6, 12, 7], [13, 19, 14, 18], [15, 2, 16, 3], [17, 24, 18, 1], [19, 11, 20, 10], [21, 9, 22, 8]]"
12a_1127_139,"[[21, 9, 22, 8], [23, 5, 24, 4], [1, 16, 2, 17], [3, 14, 4, 15], [5, 12, 6, 13], [7, 23, 8, 22], [9, 21, 10, 20], [11, 6, 12, 7], [13, 19, 14, 18], [15, 2, 16, 3], [17, 24, 18, 1], [19, 11, 20, 10]]"
12a_1127_140,"[[19, 11, 20, 10], [21, 9, 22, 8], [23, 5, 24, 4], [1, 16, 2, 17], [3, 14, 4, 15], [5, 12, 6, 13], [7, 23, 8, 22], [9, 21, 10, 20], [11, 6, 12, 7], [13, 19, 14, 18], [15, 2, 16, 3], [17, 24, 18, 1]]"
12a_1127_141,"[[17, 24, 18, 1], [19, 11, 20, 10], [21, 9, 22, 8], [23, 5, 24, 4], [1, 16, 2, 17], [3, 14, 4, 15], [5, 12, 6, 13], [7, 23, 8, 22], [9, 21, 10, 20], [11, 6, 12, 7], [13, 19, 14, 18], [15, 2, 16, 3]]"
12a_1127_142,"[[15, 2, 16, 3], [17, 24, 18, 1], [19, 11, 20, 10], [21, 9, 22, 8], [23, 5, 24, 4], [1, 16, 2, 17], [3, 14, 4, 15], [5, 12, 6, 13], [7, 23, 8, 22], [9, 21, 10, 20], [11, 6, 12, 7], [13, 19, 14, 18]]"
12a_1127_143,"[[13, 19, 14, 18], [15, 2, 16, 3], [17, 24, 18, 1], [19, 11, 20, 10], [21, 9, 22, 8], [23, 5, 24, 4], [1, 16, 2, 17], [3, 14, 4, 15], [5, 12, 6, 13], [7, 23, 8, 22], [9, 21, 10, 20], [11, 6, 12, 7]]"
12a_1127_144,"[[12, 7, 13, 8], [14, 20, 15, 19], [16, 3, 17, 4], [18, 1, 19, 2], [20, 12, 21, 11], [22, 10, 23, 9], [24, 6, 1, 5], [2, 17, 3, 18], [4, 15, 5, 16], [6, 13, 7, 14], [8, 24, 9, 23], [10, 22, 11, 21]]"
12a_1127_145,"[[10, 22, 11, 21], [12, 7, 13, 8], [14, 20, 15, 19], [16, 3, 17, 4], [18, 1, 19, 2], [20, 12, 21, 11], [22, 10, 23, 9], [24, 6, 1, 5], [2, 17, 3, 18], [4, 15, 5, 16], [6, 13, 7, 14], [8, 24, 9, 23]]"
12a_1127_146,"[[8, 24, 9, 23], [10, 22, 11, 21], [12, 7, 13, 8], [14, 20, 15, 19], [16, 3, 17, 4], [18, 1, 19, 2], [20, 12, 21, 11], [22, 10, 23, 9], [24, 6, 1, 5], [2, 17, 3, 18], [4, 15, 5, 16], [6, 13, 7, 14]]"
12a_1127_147,"[[6, 13, 7, 14], [8, 24, 9, 23], [10, 22, 11, 21], [12, 7, 13, 8], [14, 20, 15, 19], [16, 3, 17, 4], [18, 1, 19, 2], [20, 12, 21, 11], [22, 10, 23, 9], [24, 6, 1, 5], [2, 17, 3, 18], [4, 15, 5, 16]]"
12a_1127_148,"[[4, 15, 5, 16], [6, 13, 7, 14], [8, 24, 9, 23], [10, 22, 11, 21], [12, 7, 13, 8], [14, 20, 15, 19], [16, 3, 17, 4], [18, 1, 19, 2], [20, 12, 21, 11], [22, 10, 23, 9], [24, 6, 1, 5], [2, 17, 3, 18]]"
12a_1127_149,"[[2, 17, 3, 18], [4, 15, 5, 16], [6, 13, 7, 14], [8, 24, 9, 23], [10, 22, 11, 21], [12, 7, 13, 8], [14, 20, 15, 19], [16, 3, 17, 4], [18, 1, 19, 2], [20, 12, 21, 11], [22, 10, 23, 9], [24, 6, 1, 5]]"
12a_1127_150,"[[24, 6, 1, 5], [2, 17, 3, 18], [4, 15, 5, 16], [6, 13, 7, 14], [8, 24, 9, 23], [10, 22, 11, 21], [12, 7, 13, 8], [14, 20, 15, 19], [16, 3, 17, 4], [18, 1, 19, 2], [20, 12, 21, 11], [22, 10, 23, 9]]"
12a_1127_151,"[[22, 10, 23, 9], [24, 6, 1, 5], [2, 17, 3, 18], [4, 15, 5, 16], [6, 13, 7, 14], [8, 24, 9, 23], [10, 22, 11, 21], [12, 7, 13, 8], [14, 20, 15, 19], [16, 3, 17, 4], [18, 1, 19, 2], [20, 12, 21, 11]]"
12a_1127_152,"[[20, 12, 21, 11], [22, 10, 23, 9], [24, 6, 1, 5], [2, 17, 3, 18], [4, 15, 5, 16], [6, 13, 7, 14], [8, 24, 9, 23], [10, 22, 11, 21], [12, 7, 13, 8], [14, 20, 15, 19], [16, 3, 17, 4], [18, 1, 19, 2]]"
12a_1127_153,"[[18, 1, 19, 2], [20, 12, 21, 11], [22, 10, 23, 9], [24, 6, 1, 5], [2, 17, 3, 18], [4, 15, 5, 16], [6, 13, 7, 14], [8, 24, 9, 23], [10, 22, 11, 21], [12, 7, 13, 8], [14, 20, 15, 19], [16, 3, 17, 4]]"
12a_1127_154,"[[16, 3, 17, 4], [18, 1, 19, 2], [20, 12, 21, 11], [22, 10, 23, 9], [24, 6, 1, 5], [2, 17, 3, 18], [4, 15, 5, 16], [6, 13, 7, 14], [8, 24, 9, 23], [10, 22, 11, 21], [12, 7, 13, 8], [14, 20, 15, 19]]"
12a_1127_155,"[[14, 20, 15, 19], [16, 3, 17, 4], [18, 1, 19, 2], [20, 12, 21, 11], [22, 10, 23, 9], [24, 6, 1, 5], [2, 17, 3, 18], [4, 15, 5, 16], [6, 13, 7, 14], [8, 24, 9, 23], [10, 22, 11, 21], [12, 7, 13, 8]]"
12a_1127_156,"[[13, 8, 14, 9], [15, 21, 16, 20], [17, 4, 18, 5], [19, 2, 20, 3], [21, 13, 22, 12], [23, 11, 24, 10], [1, 7, 2, 6], [3, 18, 4, 19], [5, 16, 6, 17], [7, 14, 8, 15], [9, 1, 10, 24], [11, 23, 12, 22]]"
12a_1127_157,"[[11, 23, 12, 22], [13, 8, 14, 9], [15, 21, 16, 20], [17, 4, 18, 5], [19, 2, 20, 3], [21, 13, 22, 12], [23, 11, 24, 10], [1, 7, 2, 6], [3, 18, 4, 19], [5, 16, 6, 17], [7, 14, 8, 15], [9, 1, 10, 24]]"
12a_1127_158,"[[9, 1, 10, 24], [11, 23, 12, 22], [13, 8, 14, 9], [15, 21, 16, 20], [17, 4, 18, 5], [19, 2, 20, 3], [21, 13, 22, 12], [23, 11, 24, 10], [1, 7, 2, 6], [3, 18, 4, 19], [5, 16, 6, 17], [7, 14, 8, 15]]"
12a_1127_159,"[[7, 14, 8, 15], [9, 1, 10, 24], [11, 23, 12, 22], [13, 8, 14, 9], [15, 21, 16, 20], [17, 4, 18, 5], [19, 2, 20, 3], [21, 13, 22, 12], [23, 11, 24, 10], [1, 7, 2, 6], [3, 18, 4, 19], [5, 16, 6, 17]]"
12a_1127_160,"[[5, 16, 6, 17], [7, 14, 8, 15], [9, 1, 10, 24], [11, 23, 12, 22], [13, 8, 14, 9], [15, 21, 16, 20], [17, 4, 18, 5], [19, 2, 20, 3], [21, 13, 22, 12], [23, 11, 24, 10], [1, 7, 2, 6], [3, 18, 4, 19]]"
12a_1127_161,"[[3, 18, 4, 19], [5, 16, 6, 17], [7, 14, 8, 15], [9, 1, 10, 24], [11, 23, 12, 22], [13, 8, 14, 9], [15, 21, 16, 20], [17, 4, 18, 5], [19, 2, 20, 3], [21, 13, 22, 12], [23, 11, 24, 10], [1, 7, 2, 6]]"
12a_1127_162,"[[1, 7, 2, 6], [3, 18, 4, 19], [5, 16, 6, 17], [7, 14, 8, 15], [9, 1, 10, 24], [11, 23, 12, 22], [13, 8, 14, 9], [15, 21, 16, 20], [17, 4, 18, 5], [19, 2, 20, 3], [21, 13, 22, 12], [23, 11, 24, 10]]"
12a_1127_163,"[[23, 11, 24, 10], [1, 7, 2, 6], [3, 18, 4, 19], [5, 16, 6, 17], [7, 14, 8, 15], [9, 1, 10, 24], [11, 23, 12, 22], [13, 8, 14, 9], [15, 21, 16, 20], [17, 4, 18, 5], [19, 2, 20, 3], [21, 13, 22, 12]]"
12a_1127_164,"[[21, 13, 22, 12], [23, 11, 24, 10], [1, 7, 2, 6], [3, 18, 4, 19], [5, 16, 6, 17], [7, 14, 8, 15], [9, 1, 10, 24], [11, 23, 12, 22], [13, 8, 14, 9], [15, 21, 16, 20], [17, 4, 18, 5], [19, 2, 20, 3]]"
12a_1127_165,"[[19, 2, 20, 3], [21, 13, 22, 12], [23, 11, 24, 10], [1, 7, 2, 6], [3, 18, 4, 19], [5, 16, 6, 17], [7, 14, 8, 15], [9, 1, 10, 24], [11, 23, 12, 22], [13, 8, 14, 9], [15, 21, 16, 20], [17, 4, 18, 5]]"
12a_1127_166,"[[17, 4, 18, 5], [19, 2, 20, 3], [21, 13, 22, 12], [23, 11, 24, 10], [1, 7, 2, 6], [3, 18, 4, 19], [5, 16, 6, 17], [7, 14, 8, 15], [9, 1, 10, 24], [11, 23, 12, 22], [13, 8, 14, 9], [15, 21, 16, 20]]"
12a_1127_167,"[[15, 21, 16, 20], [17, 4, 18, 5], [19, 2, 20, 3], [21, 13, 22, 12], [23, 11, 24, 10], [1, 7, 2, 6], [3, 18, 4, 19], [5, 16, 6, 17], [7, 14, 8, 15], [9, 1, 10, 24], [11, 23, 12, 22], [13, 8, 14, 9]]"
12a_1127_168,"[[14, 9, 15, 10], [16, 22, 17, 21], [18, 5, 19, 6], [20, 3, 21, 4], [22, 14, 23, 13], [24, 12, 1, 11], [2, 8, 3, 7], [4, 19, 5, 20], [6, 17, 7, 18], [8, 15, 9, 16], [10, 2, 11, 1], [12, 24, 13, 23]]"
12a_1127_169,"[[12, 24, 13, 23], [14, 9, 15, 10], [16, 22, 17, 21], [18, 5, 19, 6], [20, 3, 21, 4], [22, 14, 23, 13], [24, 12, 1, 11], [2, 8, 3, 7], [4, 19, 5, 20], [6, 17, 7, 18], [8, 15, 9, 16], [10, 2, 11, 1]]"
12a_1127_170,"[[10, 2, 11, 1], [12, 24, 13, 23], [14, 9, 15, 10], [16, 22, 17, 21], [18, 5, 19, 6], [20, 3, 21, 4], [22, 14, 23, 13], [24, 12, 1, 11], [2, 8, 3, 7], [4, 19, 5, 20], [6, 17, 7, 18], [8, 15, 9, 16]]"
12a_1127_171,"[[8, 15, 9, 16], [10, 2, 11, 1], [12, 24, 13, 23], [14, 9, 15, 10], [16, 22, 17, 21], [18, 5, 19, 6], [20, 3, 21, 4], [22, 14, 23, 13], [24, 12, 1, 11], [2, 8, 3, 7], [4, 19, 5, 20], [6, 17, 7, 18]]"
12a_1127_172,"[[6, 17, 7, 18], [8, 15, 9, 16], [10, 2, 11, 1], [12, 24, 13, 23], [14, 9, 15, 10], [16, 22, 17, 21], [18, 5, 19, 6], [20, 3, 21, 4], [22, 14, 23, 13], [24, 12, 1, 11], [2, 8, 3, 7], [4, 19, 5, 20]]"
12a_1127_173,"[[4, 19, 5, 20], [6, 17, 7, 18], [8, 15, 9, 16], [10, 2, 11, 1], [12, 24, 13, 23], [14, 9, 15, 10], [16, 22, 17, 21], [18, 5, 19, 6], [20, 3, 21, 4], [22, 14, 23, 13], [24, 12, 1, 11], [2, 8, 3, 7]]"
12a_1127_174,"[[2, 8, 3, 7], [4, 19, 5, 20], [6, 17, 7, 18], [8, 15, 9, 16], [10, 2, 11, 1], [12, 24, 13, 23], [14, 9, 15, 10], [16, 22, 17, 21], [18, 5, 19, 6], [20, 3, 21, 4], [22, 14, 23, 13], [24, 12, 1, 11]]"
12a_1127_175,"[[24, 12, 1, 11], [2, 8, 3, 7], [4, 19, 5, 20], [6, 17, 7, 18], [8, 15, 9, 16], [10, 2, 11, 1], [12, 24, 13, 23], [14, 9, 15, 10], [16, 22, 17, 21], [18, 5, 19, 6], [20, 3, 21, 4], [22, 14, 23, 13]]"
12a_1127_176,"[[22, 14, 23, 13], [24, 12, 1, 11], [2, 8, 3, 7], [4, 19, 5, 20], [6, 17, 7, 18], [8, 15, 9, 16], [10, 2, 11, 1], [12, 24, 13, 23], [14, 9, 15, 10], [16, 22, 17, 21], [18, 5, 19, 6], [20, 3, 21, 4]]"
12a_1127_177,"[[20, 3, 21, 4], [22, 14, 23, 13], [24, 12, 1, 11], [2, 8, 3, 7], [4, 19, 5, 20], [6, 17, 7, 18], [8, 15, 9, 16], [10, 2, 11, 1], [12, 24, 13, 23], [14, 9, 15, 10], [16, 22, 17, 21], [18, 5, 19, 6]]"
12a_1127_178,"[[18, 5, 19, 6], [20, 3, 21, 4], [22, 14, 23, 13], [24, 12, 1, 11], [2, 8, 3, 7], [4, 19, 5, 20], [6, 17, 7, 18], [8, 15, 9, 16], [10, 2, 11, 1], [12, 24, 13, 23], [14, 9, 15, 10], [16, 22, 17, 21]]"
12a_1127_179,"[[16, 22, 17, 21], [18, 5, 19, 6], [20, 3, 21, 4], [22, 14, 23, 13], [24, 12, 1, 11], [2, 8, 3, 7], [4, 19, 5, 20], [6, 17, 7, 18], [8, 15, 9, 16], [10, 2, 11, 1], [12, 24, 13, 23], [14, 9, 15, 10]]"
12a_1127_180,"[[15, 10, 16, 11], [17, 23, 18, 22], [19, 6, 20, 7], [21, 4, 22, 5], [23, 15, 24, 14], [1, 13, 2, 12], [3, 9, 4, 8], [5, 20, 6, 21], [7, 18, 8, 19], [9, 16, 10, 17], [11, 3, 12, 2], [13, 1, 14, 24]]"
12a_1127_181,"[[13, 1, 14, 24], [15, 10, 16, 11], [17, 23, 18, 22], [19, 6, 20, 7], [21, 4, 22, 5], [23, 15, 24, 14], [1, 13, 2, 12], [3, 9, 4, 8], [5, 20, 6, 21], [7, 18, 8, 19], [9, 16, 10, 17], [11, 3, 12, 2]]"
12a_1127_182,"[[11, 3, 12, 2], [13, 1, 14, 24], [15, 10, 16, 11], [17, 23, 18, 22], [19, 6, 20, 7], [21, 4, 22, 5], [23, 15, 24, 14], [1, 13, 2, 12], [3, 9, 4, 8], [5, 20, 6, 21], [7, 18, 8, 19], [9, 16, 10, 17]]"
12a_1127_183,"[[9, 16, 10, 17], [11, 3, 12, 2], [13, 1, 14, 24], [15, 10, 16, 11], [17, 23, 18, 22], [19, 6, 20, 7], [21, 4, 22, 5], [23, 15, 24, 14], [1, 13, 2, 12], [3, 9, 4, 8], [5, 20, 6, 21], [7, 18, 8, 19]]"
12a_1127_184,"[[7, 18, 8, 19], [9, 16, 10, 17], [11, 3, 12, 2], [13, 1, 14, 24], [15, 10, 16, 11], [17, 23, 18, 22], [19, 6, 20, 7], [21, 4, 22, 5], [23, 15, 24, 14], [1, 13, 2, 12], [3, 9, 4, 8], [5, 20, 6, 21]]"
12a_1127_185,"[[5, 20, 6, 21], [7, 18, 8, 19], [9, 16, 10, 17], [11, 3, 12, 2], [13, 1, 14, 24], [15, 10, 16, 11], [17, 23, 18, 22], [19, 6, 20, 7], [21, 4, 22, 5], [23, 15, 24, 14], [1, 13, 2, 12], [3, 9, 4, 8]]"
