name,pd_notation
12a_0437_0,"[[24, 13, 1, 14], [2, 6, 3, 5], [4, 12, 5, 11], [6, 19, 7, 20], [8, 16, 9, 15], [10, 4, 11, 3], [12, 1, 13, 2], [14, 10, 15, 9], [16, 23, 17, 24], [18, 21, 19, 22], [20, 7, 21, 8], [22, 17, 23, 18]]"
12a_0437_1,"[[22, 17, 23, 18], [24, 13, 1, 14], [2, 6, 3, 5], [4, 12, 5, 11], [6, 19, 7, 20], [8, 16, 9, 15], [10, 4, 11, 3], [12, 1, 13, 2], [14, 10, 15, 9], [16, 23, 17, 24], [18, 21, 19, 22], [20, 7, 21, 8]]"
12a_0437_2,"[[20, 7, 21, 8], [22, 17, 23, 18], [24, 13, 1, 14], [2, 6, 3, 5], [4, 12, 5, 11], [6, 19, 7, 20], [8, 16, 9, 15], [10, 4, 11, 3], [12, 1, 13, 2], [14, 10, 15, 9], [16, 23, 17, 24], [18, 21, 19, 22]]"
12a_0437_3,"[[18, 21, 19, 22], [20, 7, 21, 8], [22, 17, 23, 18], [24, 13, 1, 14], [2, 6, 3, 5], [4, 12, 5, 11], [6, 19, 7, 20], [8, 16, 9, 15], [10, 4, 11, 3], [12, 1, 13, 2], [14, 10, 15, 9], [16, 23, 17, 24]]"
12a_0437_4,"[[16, 23, 17, 24], [18, 21, 19, 22], [20, 7, 21, 8], [22, 17, 23, 18], [24, 13, 1, 14], [2, 6, 3, 5], [4, 12, 5, 11], [6, 19, 7, 20], [8, 16, 9, 15], [10, 4, 11, 3], [12, 1, 13, 2], [14, 10, 15, 9]]"
12a_0437_5,"[[14, 10, 15, 9], [16, 23, 17, 24], [18, 21, 19, 22], [20, 7, 21, 8], [22, 17, 23, 18], [24, 13, 1, 14], [2, 6, 3, 5], [4, 12, 5, 11], [6, 19, 7, 20], [8, 16, 9, 15], [10, 4, 11, 3], [12, 1, 13, 2]]"
12a_0437_6,"[[12, 1, 13, 2], [14, 10, 15, 9], [16, 23, 17, 24], [18, 21, 19, 22], [20, 7, 21, 8], [22, 17, 23, 18], [24, 13, 1, 14], [2, 6, 3, 5], [4, 12, 5, 11], [6, 19, 7, 20], [8, 16, 9, 15], [10, 4, 11, 3]]"
12a_0437_7,"[[10, 4, 11, 3], [12, 1, 13, 2], [14, 10, 15, 9], [16, 23, 17, 24], [18, 21, 19, 22], [20, 7, 21, 8], [22, 17, 23, 18], [24, 13, 1, 14], [2, 6, 3, 5], [4, 12, 5, 11], [6, 19, 7, 20], [8, 16, 9, 15]]"
12a_0437_8,"[[8, 16, 9, 15], [10, 4, 11, 3], [12, 1, 13, 2], [14, 10, 15, 9], [16, 23, 17, 24], [18, 21, 19, 22], [20, 7, 21, 8], [22, 17, 23, 18], [24, 13, 1, 14], [2, 6, 3, 5], [4, 12, 5, 11], [6, 19, 7, 20]]"
12a_0437_9,"[[6, 19, 7, 20], [8, 16, 9, 15], [10, 4, 11, 3], [12, 1, 13, 2], [14, 10, 15, 9], [16, 23, 17, 24], [18, 21, 19, 22], [20, 7, 21, 8], [22, 17, 23, 18], [24, 13, 1, 14], [2, 6, 3, 5], [4, 12, 5, 11]]"
12a_0437_10,"[[4, 12, 5, 11], [6, 19, 7, 20], [8, 16, 9, 15], [10, 4, 11, 3], [12, 1, 13, 2], [14, 10, 15, 9], [16, 23, 17, 24], [18, 21, 19, 22], [20, 7, 21, 8], [22, 17, 23, 18], [24, 13, 1, 14], [2, 6, 3, 5]]"
12a_0437_11,"[[2, 6, 3, 5], [4, 12, 5, 11], [6, 19, 7, 20], [8, 16, 9, 15], [10, 4, 11, 3], [12, 1, 13, 2], [14, 10, 15, 9], [16, 23, 17, 24], [18, 21, 19, 22], [20, 7, 21, 8], [22, 17, 23, 18], [24, 13, 1, 14]]"
12a_0437_12,"[[1, 14, 2, 15], [3, 7, 4, 6], [5, 13, 6, 12], [7, 20, 8, 21], [9, 17, 10, 16], [11, 5, 12, 4], [13, 2, 14, 3], [15, 11, 16, 10], [17, 24, 18, 1], [19, 22, 20, 23], [21, 8, 22, 9], [23, 18, 24, 19]]"
12a_0437_13,"[[23, 18, 24, 19], [1, 14, 2, 15], [3, 7, 4, 6], [5, 13, 6, 12], [7, 20, 8, 21], [9, 17, 10, 16], [11, 5, 12, 4], [13, 2, 14, 3], [15, 11, 16, 10], [17, 24, 18, 1], [19, 22, 20, 23], [21, 8, 22, 9]]"
12a_0437_14,"[[21, 8, 22, 9], [23, 18, 24, 19], [1, 14, 2, 15], [3, 7, 4, 6], [5, 13, 6, 12], [7, 20, 8, 21], [9, 17, 10, 16], [11, 5, 12, 4], [13, 2, 14, 3], [15, 11, 16, 10], [17, 24, 18, 1], [19, 22, 20, 23]]"
12a_0437_15,"[[19, 22, 20, 23], [21, 8, 22, 9], [23, 18, 24, 19], [1, 14, 2, 15], [3, 7, 4, 6], [5, 13, 6, 12], [7, 20, 8, 21], [9, 17, 10, 16], [11, 5, 12, 4], [13, 2, 14, 3], [15, 11, 16, 10], [17, 24, 18, 1]]"
12a_0437_16,"[[17, 24, 18, 1], [19, 22, 20, 23], [21, 8, 22, 9], [23, 18, 24, 19], [1, 14, 2, 15], [3, 7, 4, 6], [5, 13, 6, 12], [7, 20, 8, 21], [9, 17, 10, 16], [11, 5, 12, 4], [13, 2, 14, 3], [15, 11, 16, 10]]"
12a_0437_17,"[[15, 11, 16, 10], [17, 24, 18, 1], [19, 22, 20, 23], [21, 8, 22, 9], [23, 18, 24, 19], [1, 14, 2, 15], [3, 7, 4, 6], [5, 13, 6, 12], [7, 20, 8, 21], [9, 17, 10, 16], [11, 5, 12, 4], [13, 2, 14, 3]]"
12a_0437_18,"[[13, 2, 14, 3], [15, 11, 16, 10], [17, 24, 18, 1], [19, 22, 20, 23], [21, 8, 22, 9], [23, 18, 24, 19], [1, 14, 2, 15], [3, 7, 4, 6], [5, 13, 6, 12], [7, 20, 8, 21], [9, 17, 10, 16], [11, 5, 12, 4]]"
12a_0437_19,"[[11, 5, 12, 4], [13, 2, 14, 3], [15, 11, 16, 10], [17, 24, 18, 1], [19, 22, 20, 23], [21, 8, 22, 9], [23, 18, 24, 19], [1, 14, 2, 15], [3, 7, 4, 6], [5, 13, 6, 12], [7, 20, 8, 21], [9, 17, 10, 16]]"
12a_0437_20,"[[9, 17, 10, 16], [11, 5, 12, 4], [13, 2, 14, 3], [15, 11, 16, 10], [17, 24, 18, 1], [19, 22, 20, 23], [21, 8, 22, 9], [23, 18, 24, 19], [1, 14, 2, 15], [3, 7, 4, 6], [5, 13, 6, 12], [7, 20, 8, 21]]"
12a_0437_21,"[[7, 20, 8, 21], [9, 17, 10, 16], [11, 5, 12, 4], [13, 2, 14, 3], [15, 11, 16, 10], [17, 24, 18, 1], [19, 22, 20, 23], [21, 8, 22, 9], [23, 18, 24, 19], [1, 14, 2, 15], [3, 7, 4, 6], [5, 13, 6, 12]]"
12a_0437_22,"[[5, 13, 6, 12], [7, 20, 8, 21], [9, 17, 10, 16], [11, 5, 12, 4], [13, 2, 14, 3], [15, 11, 16, 10], [17, 24, 18, 1], [19, 22, 20, 23], [21, 8, 22, 9], [23, 18, 24, 19], [1, 14, 2, 15], [3, 7, 4, 6]]"
12a_0437_23,"[[3, 7, 4, 6], [5, 13, 6, 12], [7, 20, 8, 21], [9, 17, 10, 16], [11, 5, 12, 4], [13, 2, 14, 3], [15, 11, 16, 10], [17, 24, 18, 1], [19, 22, 20, 23], [21, 8, 22, 9], [23, 18, 24, 19], [1, 14, 2, 15]]"
12a_0437_24,"[[2, 15, 3, 16], [4, 8, 5, 7], [6, 14, 7, 13], [8, 21, 9, 22], [10, 18, 11, 17], [12, 6, 13, 5], [14, 3, 15, 4], [16, 12, 17, 11], [18, 1, 19, 2], [20, 23, 21, 24], [22, 9, 23, 10], [24, 19, 1, 20]]"
12a_0437_25,"[[24, 19, 1, 20], [2, 15, 3, 16], [4, 8, 5, 7], [6, 14, 7, 13], [8, 21, 9, 22], [10, 18, 11, 17], [12, 6, 13, 5], [14, 3, 15, 4], [16, 12, 17, 11], [18, 1, 19, 2], [20, 23, 21, 24], [22, 9, 23, 10]]"
12a_0437_26,"[[22, 9, 23, 10], [24, 19, 1, 20], [2, 15, 3, 16], [4, 8, 5, 7], [6, 14, 7, 13], [8, 21, 9, 22], [10, 18, 11, 17], [12, 6, 13, 5], [14, 3, 15, 4], [16, 12, 17, 11], [18, 1, 19, 2], [20, 23, 21, 24]]"
12a_0437_27,"[[20, 23, 21, 24], [22, 9, 23, 10], [24, 19, 1, 20], [2, 15, 3, 16], [4, 8, 5, 7], [6, 14, 7, 13], [8, 21, 9, 22], [10, 18, 11, 17], [12, 6, 13, 5], [14, 3, 15, 4], [16, 12, 17, 11], [18, 1, 19, 2]]"
12a_0437_28,"[[18, 1, 19, 2], [20, 23, 21, 24], [22, 9, 23, 10], [24, 19, 1, 20], [2, 15, 3, 16], [4, 8, 5, 7], [6, 14, 7, 13], [8, 21, 9, 22], [10, 18, 11, 17], [12, 6, 13, 5], [14, 3, 15, 4], [16, 12, 17, 11]]"
12a_0437_29,"[[16, 12, 17, 11], [18, 1, 19, 2], [20, 23, 21, 24], [22, 9, 23, 10], [24, 19, 1, 20], [2, 15, 3, 16], [4, 8, 5, 7], [6, 14, 7, 13], [8, 21, 9, 22], [10, 18, 11, 17], [12, 6, 13, 5], [14, 3, 15, 4]]"
12a_0437_30,"[[14, 3, 15, 4], [16, 12, 17, 11], [18, 1, 19, 2], [20, 23, 21, 24], [22, 9, 23, 10], [24, 19, 1, 20], [2, 15, 3, 16], [4, 8, 5, 7], [6, 14, 7, 13], [8, 21, 9, 22], [10, 18, 11, 17], [12, 6, 13, 5]]"
12a_0437_31,"[[12, 6, 13, 5], [14, 3, 15, 4], [16, 12, 17, 11], [18, 1, 19, 2], [20, 23, 21, 24], [22, 9, 23, 10], [24, 19, 1, 20], [2, 15, 3, 16], [4, 8, 5, 7], [6, 14, 7, 13], [8, 21, 9, 22], [10, 18, 11, 17]]"
12a_0437_32,"[[10, 18, 11, 17], [12, 6, 13, 5], [14, 3, 15, 4], [16, 12, 17, 11], [18, 1, 19, 2], [20, 23, 21, 24], [22, 9, 23, 10], [24, 19, 1, 20], [2, 15, 3, 16], [4, 8, 5, 7], [6, 14, 7, 13], [8, 21, 9, 22]]"
12a_0437_33,"[[8, 21, 9, 22], [10, 18, 11, 17], [12, 6, 13, 5], [14, 3, 15, 4], [16, 12, 17, 11], [18, 1, 19, 2], [20, 23, 21, 24], [22, 9, 23, 10], [24, 19, 1, 20], [2, 15, 3, 16], [4, 8, 5, 7], [6, 14, 7, 13]]"
12a_0437_34,"[[6, 14, 7, 13], [8, 21, 9, 22], [10, 18, 11, 17], [12, 6, 13, 5], [14, 3, 15, 4], [16, 12, 17, 11], [18, 1, 19, 2], [20, 23, 21, 24], [22, 9, 23, 10], [24, 19, 1, 20], [2, 15, 3, 16], [4, 8, 5, 7]]"
12a_0437_35,"[[4, 8, 5, 7], [6, 14, 7, 13], [8, 21, 9, 22], [10, 18, 11, 17], [12, 6, 13, 5], [14, 3, 15, 4], [16, 12, 17, 11], [18, 1, 19, 2], [20, 23, 21, 24], [22, 9, 23, 10], [24, 19, 1, 20], [2, 15, 3, 16]]"
12a_0437_36,"[[3, 16, 4, 17], [5, 9, 6, 8], [7, 15, 8, 14], [9, 22, 10, 23], [11, 19, 12, 18], [13, 7, 14, 6], [15, 4, 16, 5], [17, 13, 18, 12], [19, 2, 20, 3], [21, 24, 22, 1], [23, 10, 24, 11], [1, 20, 2, 21]]"
12a_0437_37,"[[1, 20, 2, 21], [3, 16, 4, 17], [5, 9, 6, 8], [7, 15, 8, 14], [9, 22, 10, 23], [11, 19, 12, 18], [13, 7, 14, 6], [15, 4, 16, 5], [17, 13, 18, 12], [19, 2, 20, 3], [21, 24, 22, 1], [23, 10, 24, 11]]"
12a_0437_38,"[[23, 10, 24, 11], [1, 20, 2, 21], [3, 16, 4, 17], [5, 9, 6, 8], [7, 15, 8, 14], [9, 22, 10, 23], [11, 19, 12, 18], [13, 7, 14, 6], [15, 4, 16, 5], [17, 13, 18, 12], [19, 2, 20, 3], [21, 24, 22, 1]]"
12a_0437_39,"[[21, 24, 22, 1], [23, 10, 24, 11], [1, 20, 2, 21], [3, 16, 4, 17], [5, 9, 6, 8], [7, 15, 8, 14], [9, 22, 10, 23], [11, 19, 12, 18], [13, 7, 14, 6], [15, 4, 16, 5], [17, 13, 18, 12], [19, 2, 20, 3]]"
12a_0437_40,"[[19, 2, 20, 3], [21, 24, 22, 1], [23, 10, 24, 11], [1, 20, 2, 21], [3, 16, 4, 17], [5, 9, 6, 8], [7, 15, 8, 14], [9, 22, 10, 23], [11, 19, 12, 18], [13, 7, 14, 6], [15, 4, 16, 5], [17, 13, 18, 12]]"
12a_0437_41,"[[17, 13, 18, 12], [19, 2, 20, 3], [21, 24, 22, 1], [23, 10, 24, 11], [1, 20, 2, 21], [3, 16, 4, 17], [5, 9, 6, 8], [7, 15, 8, 14], [9, 22, 10, 23], [11, 19, 12, 18], [13, 7, 14, 6], [15, 4, 16, 5]]"
12a_0437_42,"[[15, 4, 16, 5], [17, 13, 18, 12], [19, 2, 20, 3], [21, 24, 22, 1], [23, 10, 24, 11], [1, 20, 2, 21], [3, 16, 4, 17], [5, 9, 6, 8], [7, 15, 8, 14], [9, 22, 10, 23], [11, 19, 12, 18], [13, 7, 14, 6]]"
12a_0437_43,"[[13, 7, 14, 6], [15, 4, 16, 5], [17, 13, 18, 12], [19, 2, 20, 3], [21, 24, 22, 1], [23, 10, 24, 11], [1, 20, 2, 21], [3, 16, 4, 17], [5, 9, 6, 8], [7, 15, 8, 14], [9, 22, 10, 23], [11, 19, 12, 18]]"
12a_0437_44,"[[11, 19, 12, 18], [13, 7, 14, 6], [15, 4, 16, 5], [17, 13, 18, 12], [19, 2, 20, 3], [21, 24, 22, 1], [23, 10, 24, 11], [1, 20, 2, 21], [3, 16, 4, 17], [5, 9, 6, 8], [7, 15, 8, 14], [9, 22, 10, 23]]"
12a_0437_45,"[[9, 22, 10, 23], [11, 19, 12, 18], [13, 7, 14, 6], [15, 4, 16, 5], [17, 13, 18, 12], [19, 2, 20, 3], [21, 24, 22, 1], [23, 10, 24, 11], [1, 20, 2, 21], [3, 16, 4, 17], [5, 9, 6, 8], [7, 15, 8, 14]]"
12a_0437_46,"[[7, 15, 8, 14], [9, 22, 10, 23], [11, 19, 12, 18], [13, 7, 14, 6], [15, 4, 16, 5], [17, 13, 18, 12], [19, 2, 20, 3], [21, 24, 22, 1], [23, 10, 24, 11], [1, 20, 2, 21], [3, 16, 4, 17], [5, 9, 6, 8]]"
12a_0437_47,"[[5, 9, 6, 8], [7, 15, 8, 14], [9, 22, 10, 23], [11, 19, 12, 18], [13, 7, 14, 6], [15, 4, 16, 5], [17, 13, 18, 12], [19, 2, 20, 3], [21, 24, 22, 1], [23, 10, 24, 11], [1, 20, 2, 21], [3, 16, 4, 17]]"
12a_0437_48,"[[4, 17, 5, 18], [6, 10, 7, 9], [8, 16, 9, 15], [10, 23, 11, 24], [12, 20, 13, 19], [14, 8, 15, 7], [16, 5, 17, 6], [18, 14, 19, 13], [20, 3, 21, 4], [22, 1, 23, 2], [24, 11, 1, 12], [2, 21, 3, 22]]"
12a_0437_49,"[[2, 21, 3, 22], [4, 17, 5, 18], [6, 10, 7, 9], [8, 16, 9, 15], [10, 23, 11, 24], [12, 20, 13, 19], [14, 8, 15, 7], [16, 5, 17, 6], [18, 14, 19, 13], [20, 3, 21, 4], [22, 1, 23, 2], [24, 11, 1, 12]]"
12a_0437_50,"[[24, 11, 1, 12], [2, 21, 3, 22], [4, 17, 5, 18], [6, 10, 7, 9], [8, 16, 9, 15], [10, 23, 11, 24], [12, 20, 13, 19], [14, 8, 15, 7], [16, 5, 17, 6], [18, 14, 19, 13], [20, 3, 21, 4], [22, 1, 23, 2]]"
12a_0437_51,"[[22, 1, 23, 2], [24, 11, 1, 12], [2, 21, 3, 22], [4, 17, 5, 18], [6, 10, 7, 9], [8, 16, 9, 15], [10, 23, 11, 24], [12, 20, 13, 19], [14, 8, 15, 7], [16, 5, 17, 6], [18, 14, 19, 13], [20, 3, 21, 4]]"
12a_0437_52,"[[20, 3, 21, 4], [22, 1, 23, 2], [24, 11, 1, 12], [2, 21, 3, 22], [4, 17, 5, 18], [6, 10, 7, 9], [8, 16, 9, 15], [10, 23, 11, 24], [12, 20, 13, 19], [14, 8, 15, 7], [16, 5, 17, 6], [18, 14, 19, 13]]"
12a_0437_53,"[[18, 14, 19, 13], [20, 3, 21, 4], [22, 1, 23, 2], [24, 11, 1, 12], [2, 21, 3, 22], [4, 17, 5, 18], [6, 10, 7, 9], [8, 16, 9, 15], [10, 23, 11, 24], [12, 20, 13, 19], [14, 8, 15, 7], [16, 5, 17, 6]]"
12a_0437_54,"[[16, 5, 17, 6], [18, 14, 19, 13], [20, 3, 21, 4], [22, 1, 23, 2], [24, 11, 1, 12], [2, 21, 3, 22], [4, 17, 5, 18], [6, 10, 7, 9], [8, 16, 9, 15], [10, 23, 11, 24], [12, 20, 13, 19], [14, 8, 15, 7]]"
12a_0437_55,"[[14, 8, 15, 7], [16, 5, 17, 6], [18, 14, 19, 13], [20, 3, 21, 4], [22, 1, 23, 2], [24, 11, 1, 12], [2, 21, 3, 22], [4, 17, 5, 18], [6, 10, 7, 9], [8, 16, 9, 15], [10, 23, 11, 24], [12, 20, 13, 19]]"
12a_0437_56,"[[12, 20, 13, 19], [14, 8, 15, 7], [16, 5, 17, 6], [18, 14, 19, 13], [20, 3, 21, 4], [22, 1, 23, 2], [24, 11, 1, 12], [2, 21, 3, 22], [4, 17, 5, 18], [6, 10, 7, 9], [8, 16, 9, 15], [10, 23, 11, 24]]"
12a_0437_57,"[[10, 23, 11, 24], [12, 20, 13, 19], [14, 8, 15, 7], [16, 5, 17, 6], [18, 14, 19, 13], [20, 3, 21, 4], [22, 1, 23, 2], [24, 11, 1, 12], [2, 21, 3, 22], [4, 17, 5, 18], [6, 10, 7, 9], [8, 16, 9, 15]]"
12a_0437_58,"[[8, 16, 9, 15], [10, 23, 11, 24], [12, 20, 13, 19], [14, 8, 15, 7], [16, 5, 17, 6], [18, 14, 19, 13], [20, 3, 21, 4], [22, 1, 23, 2], [24, 11, 1, 12], [2, 21, 3, 22], [4, 17, 5, 18], [6, 10, 7, 9]]"
12a_0437_59,"[[6, 10, 7, 9], [8, 16, 9, 15], [10, 23, 11, 24], [12, 20, 13, 19], [14, 8, 15, 7], [16, 5, 17, 6], [18, 14, 19, 13], [20, 3, 21, 4], [22, 1, 23, 2], [24, 11, 1, 12], [2, 21, 3, 22], [4, 17, 5, 18]]"
12a_0437_60,"[[5, 18, 6, 19], [7, 11, 8, 10], [9, 17, 10, 16], [11, 24, 12, 1], [13, 21, 14, 20], [15, 9, 16, 8], [17, 6, 18, 7], [19, 15, 20, 14], [21, 4, 22, 5], [23, 2, 24, 3], [1, 12, 2, 13], [3, 22, 4, 23]]"
12a_0437_61,"[[3, 22, 4, 23], [5, 18, 6, 19], [7, 11, 8, 10], [9, 17, 10, 16], [11, 24, 12, 1], [13, 21, 14, 20], [15, 9, 16, 8], [17, 6, 18, 7], [19, 15, 20, 14], [21, 4, 22, 5], [23, 2, 24, 3], [1, 12, 2, 13]]"
12a_0437_62,"[[1, 12, 2, 13], [3, 22, 4, 23], [5, 18, 6, 19], [7, 11, 8, 10], [9, 17, 10, 16], [11, 24, 12, 1], [13, 21, 14, 20], [15, 9, 16, 8], [17, 6, 18, 7], [19, 15, 20, 14], [21, 4, 22, 5], [23, 2, 24, 3]]"
12a_0437_63,"[[23, 2, 24, 3], [1, 12, 2, 13], [3, 22, 4, 23], [5, 18, 6, 19], [7, 11, 8, 10], [9, 17, 10, 16], [11, 24, 12, 1], [13, 21, 14, 20], [15, 9, 16, 8], [17, 6, 18, 7], [19, 15, 20, 14], [21, 4, 22, 5]]"
12a_0437_64,"[[21, 4, 22, 5], [23, 2, 24, 3], [1, 12, 2, 13], [3, 22, 4, 23], [5, 18, 6, 19], [7, 11, 8, 10], [9, 17, 10, 16], [11, 24, 12, 1], [13, 21, 14, 20], [15, 9, 16, 8], [17, 6, 18, 7], [19, 15, 20, 14]]"
12a_0437_65,"[[19, 15, 20, 14], [21, 4, 22, 5], [23, 2, 24, 3], [1, 12, 2, 13], [3, 22, 4, 23], [5, 18, 6, 19], [7, 11, 8, 10], [9, 17, 10, 16], [11, 24, 12, 1], [13, 21, 14, 20], [15, 9, 16, 8], [17, 6, 18, 7]]"
12a_0437_66,"[[17, 6, 18, 7], [19, 15, 20, 14], [21, 4, 22, 5], [23, 2, 24, 3], [1, 12, 2, 13], [3, 22, 4, 23], [5, 18, 6, 19], [7, 11, 8, 10], [9, 17, 10, 16], [11, 24, 12, 1], [13, 21, 14, 20], [15, 9, 16, 8]]"
12a_0437_67,"[[15, 9, 16, 8], [17, 6, 18, 7], [19, 15, 20, 14], [21, 4, 22, 5], [23, 2, 24, 3], [1, 12, 2, 13], [3, 22, 4, 23], [5, 18, 6, 19], [7, 11, 8, 10], [9, 17, 10, 16], [11, 24, 12, 1], [13, 21, 14, 20]]"
12a_0437_68,"[[13, 21, 14, 20], [15, 9, 16, 8], [17, 6, 18, 7], [19, 15, 20, 14], [21, 4, 22, 5], [23, 2, 24, 3], [1, 12, 2, 13], [3, 22, 4, 23], [5, 18, 6, 19], [7, 11, 8, 10], [9, 17, 10, 16], [11, 24, 12, 1]]"
12a_0437_69,"[[11, 24, 12, 1], [13, 21, 14, 20], [15, 9, 16, 8], [17, 6, 18, 7], [19, 15, 20, 14], [21, 4, 22, 5], [23, 2, 24, 3], [1, 12, 2, 13], [3, 22, 4, 23], [5, 18, 6, 19], [7, 11, 8, 10], [9, 17, 10, 16]]"
12a_0437_70,"[[9, 17, 10, 16], [11, 24, 12, 1], [13, 21, 14, 20], [15, 9, 16, 8], [17, 6, 18, 7], [19, 15, 20, 14], [21, 4, 22, 5], [23, 2, 24, 3], [1, 12, 2, 13], [3, 22, 4, 23], [5, 18, 6, 19], [7, 11, 8, 10]]"
12a_0437_71,"[[7, 11, 8, 10], [9, 17, 10, 16], [11, 24, 12, 1], [13, 21, 14, 20], [15, 9, 16, 8], [17, 6, 18, 7], [19, 15, 20, 14], [21, 4, 22, 5], [23, 2, 24, 3], [1, 12, 2, 13], [3, 22, 4, 23], [5, 18, 6, 19]]"
12a_0437_72,"[[6, 19, 7, 20], [8, 12, 9, 11], [10, 18, 11, 17], [12, 1, 13, 2], [14, 22, 15, 21], [16, 10, 17, 9], [18, 7, 19, 8], [20, 16, 21, 15], [22, 5, 23, 6], [24, 3, 1, 4], [2, 13, 3, 14], [4, 23, 5, 24]]"
12a_0437_73,"[[4, 23, 5, 24], [6, 19, 7, 20], [8, 12, 9, 11], [10, 18, 11, 17], [12, 1, 13, 2], [14, 22, 15, 21], [16, 10, 17, 9], [18, 7, 19, 8], [20, 16, 21, 15], [22, 5, 23, 6], [24, 3, 1, 4], [2, 13, 3, 14]]"
12a_0437_74,"[[2, 13, 3, 14], [4, 23, 5, 24], [6, 19, 7, 20], [8, 12, 9, 11], [10, 18, 11, 17], [12, 1, 13, 2], [14, 22, 15, 21], [16, 10, 17, 9], [18, 7, 19, 8], [20, 16, 21, 15], [22, 5, 23, 6], [24, 3, 1, 4]]"
12a_0437_75,"[[24, 3, 1, 4], [2, 13, 3, 14], [4, 23, 5, 24], [6, 19, 7, 20], [8, 12, 9, 11], [10, 18, 11, 17], [12, 1, 13, 2], [14, 22, 15, 21], [16, 10, 17, 9], [18, 7, 19, 8], [20, 16, 21, 15], [22, 5, 23, 6]]"
12a_0437_76,"[[22, 5, 23, 6], [24, 3, 1, 4], [2, 13, 3, 14], [4, 23, 5, 24], [6, 19, 7, 20], [8, 12, 9, 11], [10, 18, 11, 17], [12, 1, 13, 2], [14, 22, 15, 21], [16, 10, 17, 9], [18, 7, 19, 8], [20, 16, 21, 15]]"
12a_0437_77,"[[20, 16, 21, 15], [22, 5, 23, 6], [24, 3, 1, 4], [2, 13, 3, 14], [4, 23, 5, 24], [6, 19, 7, 20], [8, 12, 9, 11], [10, 18, 11, 17], [12, 1, 13, 2], [14, 22, 15, 21], [16, 10, 17, 9], [18, 7, 19, 8]]"
12a_0437_78,"[[18, 7, 19, 8], [20, 16, 21, 15], [22, 5, 23, 6], [24, 3, 1, 4], [2, 13, 3, 14], [4, 23, 5, 24], [6, 19, 7, 20], [8, 12, 9, 11], [10, 18, 11, 17], [12, 1, 13, 2], [14, 22, 15, 21], [16, 10, 17, 9]]"
12a_0437_79,"[[16, 10, 17, 9], [18, 7, 19, 8], [20, 16, 21, 15], [22, 5, 23, 6], [24, 3, 1, 4], [2, 13, 3, 14], [4, 23, 5, 24], [6, 19, 7, 20], [8, 12, 9, 11], [10, 18, 11, 17], [12, 1, 13, 2], [14, 22, 15, 21]]"
12a_0437_80,"[[14, 22, 15, 21], [16, 10, 17, 9], [18, 7, 19, 8], [20, 16, 21, 15], [22, 5, 23, 6], [24, 3, 1, 4], [2, 13, 3, 14], [4, 23, 5, 24], [6, 19, 7, 20], [8, 12, 9, 11], [10, 18, 11, 17], [12, 1, 13, 2]]"
12a_0437_81,"[[12, 1, 13, 2], [14, 22, 15, 21], [16, 10, 17, 9], [18, 7, 19, 8], [20, 16, 21, 15], [22, 5, 23, 6], [24, 3, 1, 4], [2, 13, 3, 14], [4, 23, 5, 24], [6, 19, 7, 20], [8, 12, 9, 11], [10, 18, 11, 17]]"
12a_0437_82,"[[10, 18, 11, 17], [12, 1, 13, 2], [14, 22, 15, 21], [16, 10, 17, 9], [18, 7, 19, 8], [20, 16, 21, 15], [22, 5, 23, 6], [24, 3, 1, 4], [2, 13, 3, 14], [4, 23, 5, 24], [6, 19, 7, 20], [8, 12, 9, 11]]"
12a_0437_83,"[[8, 12, 9, 11], [10, 18, 11, 17], [12, 1, 13, 2], [14, 22, 15, 21], [16, 10, 17, 9], [18, 7, 19, 8], [20, 16, 21, 15], [22, 5, 23, 6], [24, 3, 1, 4], [2, 13, 3, 14], [4, 23, 5, 24], [6, 19, 7, 20]]"
12a_0437_84,"[[7, 20, 8, 21], [9, 13, 10, 12], [11, 19, 12, 18], [13, 2, 14, 3], [15, 23, 16, 22], [17, 11, 18, 10], [19, 8, 20, 9], [21, 17, 22, 16], [23, 6, 24, 7], [1, 4, 2, 5], [3, 14, 4, 15], [5, 24, 6, 1]]"
12a_0437_85,"[[5, 24, 6, 1], [7, 20, 8, 21], [9, 13, 10, 12], [11, 19, 12, 18], [13, 2, 14, 3], [15, 23, 16, 22], [17, 11, 18, 10], [19, 8, 20, 9], [21, 17, 22, 16], [23, 6, 24, 7], [1, 4, 2, 5], [3, 14, 4, 15]]"
12a_0437_86,"[[3, 14, 4, 15], [5, 24, 6, 1], [7, 20, 8, 21], [9, 13, 10, 12], [11, 19, 12, 18], [13, 2, 14, 3], [15, 23, 16, 22], [17, 11, 18, 10], [19, 8, 20, 9], [21, 17, 22, 16], [23, 6, 24, 7], [1, 4, 2, 5]]"
12a_0437_87,"[[1, 4, 2, 5], [3, 14, 4, 15], [5, 24, 6, 1], [7, 20, 8, 21], [9, 13, 10, 12], [11, 19, 12, 18], [13, 2, 14, 3], [15, 23, 16, 22], [17, 11, 18, 10], [19, 8, 20, 9], [21, 17, 22, 16], [23, 6, 24, 7]]"
12a_0437_88,"[[23, 6, 24, 7], [1, 4, 2, 5], [3, 14, 4, 15], [5, 24, 6, 1], [7, 20, 8, 21], [9, 13, 10, 12], [11, 19, 12, 18], [13, 2, 14, 3], [15, 23, 16, 22], [17, 11, 18, 10], [19, 8, 20, 9], [21, 17, 22, 16]]"
12a_0437_89,"[[21, 17, 22, 16], [23, 6, 24, 7], [1, 4, 2, 5], [3, 14, 4, 15], [5, 24, 6, 1], [7, 20, 8, 21], [9, 13, 10, 12], [11, 19, 12, 18], [13, 2, 14, 3], [15, 23, 16, 22], [17, 11, 18, 10], [19, 8, 20, 9]]"
12a_0437_90,"[[19, 8, 20, 9], [21, 17, 22, 16], [23, 6, 24, 7], [1, 4, 2, 5], [3, 14, 4, 15], [5, 24, 6, 1], [7, 20, 8, 21], [9, 13, 10, 12], [11, 19, 12, 18], [13, 2, 14, 3], [15, 23, 16, 22], [17, 11, 18, 10]]"
12a_0437_91,"[[17, 11, 18, 10], [19, 8, 20, 9], [21, 17, 22, 16], [23, 6, 24, 7], [1, 4, 2, 5], [3, 14, 4, 15], [5, 24, 6, 1], [7, 20, 8, 21], [9, 13, 10, 12], [11, 19, 12, 18], [13, 2, 14, 3], [15, 23, 16, 22]]"
12a_0437_92,"[[15, 23, 16, 22], [17, 11, 18, 10], [19, 8, 20, 9], [21, 17, 22, 16], [23, 6, 24, 7], [1, 4, 2, 5], [3, 14, 4, 15], [5, 24, 6, 1], [7, 20, 8, 21], [9, 13, 10, 12], [11, 19, 12, 18], [13, 2, 14, 3]]"
12a_0437_93,"[[13, 2, 14, 3], [15, 23, 16, 22], [17, 11, 18, 10], [19, 8, 20, 9], [21, 17, 22, 16], [23, 6, 24, 7], [1, 4, 2, 5], [3, 14, 4, 15], [5, 24, 6, 1], [7, 20, 8, 21], [9, 13, 10, 12], [11, 19, 12, 18]]"
12a_0437_94,"[[11, 19, 12, 18], [13, 2, 14, 3], [15, 23, 16, 22], [17, 11, 18, 10], [19, 8, 20, 9], [21, 17, 22, 16], [23, 6, 24, 7], [1, 4, 2, 5], [3, 14, 4, 15], [5, 24, 6, 1], [7, 20, 8, 21], [9, 13, 10, 12]]"
12a_0437_95,"[[9, 13, 10, 12], [11, 19, 12, 18], [13, 2, 14, 3], [15, 23, 16, 22], [17, 11, 18, 10], [19, 8, 20, 9], [21, 17, 22, 16], [23, 6, 24, 7], [1, 4, 2, 5], [3, 14, 4, 15], [5, 24, 6, 1], [7, 20, 8, 21]]"
12a_0437_96,"[[8, 21, 9, 22], [10, 14, 11, 13], [12, 20, 13, 19], [14, 3, 15, 4], [16, 24, 17, 23], [18, 12, 19, 11], [20, 9, 21, 10], [22, 18, 23, 17], [24, 7, 1, 8], [2, 5, 3, 6], [4, 15, 5, 16], [6, 1, 7, 2]]"
12a_0437_97,"[[6, 1, 7, 2], [8, 21, 9, 22], [10, 14, 11, 13], [12, 20, 13, 19], [14, 3, 15, 4], [16, 24, 17, 23], [18, 12, 19, 11], [20, 9, 21, 10], [22, 18, 23, 17], [24, 7, 1, 8], [2, 5, 3, 6], [4, 15, 5, 16]]"
12a_0437_98,"[[4, 15, 5, 16], [6, 1, 7, 2], [8, 21, 9, 22], [10, 14, 11, 13], [12, 20, 13, 19], [14, 3, 15, 4], [16, 24, 17, 23], [18, 12, 19, 11], [20, 9, 21, 10], [22, 18, 23, 17], [24, 7, 1, 8], [2, 5, 3, 6]]"
12a_0437_99,"[[2, 5, 3, 6], [4, 15, 5, 16], [6, 1, 7, 2], [8, 21, 9, 22], [10, 14, 11, 13], [12, 20, 13, 19], [14, 3, 15, 4], [16, 24, 17, 23], [18, 12, 19, 11], [20, 9, 21, 10], [22, 18, 23, 17], [24, 7, 1, 8]]"
12a_0437_100,"[[24, 7, 1, 8], [2, 5, 3, 6], [4, 15, 5, 16], [6, 1, 7, 2], [8, 21, 9, 22], [10, 14, 11, 13], [12, 20, 13, 19], [14, 3, 15, 4], [16, 24, 17, 23], [18, 12, 19, 11], [20, 9, 21, 10], [22, 18, 23, 17]]"
12a_0437_101,"[[22, 18, 23, 17], [24, 7, 1, 8], [2, 5, 3, 6], [4, 15, 5, 16], [6, 1, 7, 2], [8, 21, 9, 22], [10, 14, 11, 13], [12, 20, 13, 19], [14, 3, 15, 4], [16, 24, 17, 23], [18, 12, 19, 11], [20, 9, 21, 10]]"
12a_0437_102,"[[20, 9, 21, 10], [22, 18, 23, 17], [24, 7, 1, 8], [2, 5, 3, 6], [4, 15, 5, 16], [6, 1, 7, 2], [8, 21, 9, 22], [10, 14, 11, 13], [12, 20, 13, 19], [14, 3, 15, 4], [16, 24, 17, 23], [18, 12, 19, 11]]"
12a_0437_103,"[[18, 12, 19, 11], [20, 9, 21, 10], [22, 18, 23, 17], [24, 7, 1, 8], [2, 5, 3, 6], [4, 15, 5, 16], [6, 1, 7, 2], [8, 21, 9, 22], [10, 14, 11, 13], [12, 20, 13, 19], [14, 3, 15, 4], [16, 24, 17, 23]]"
12a_0437_104,"[[16, 24, 17, 23], [18, 12, 19, 11], [20, 9, 21, 10], [22, 18, 23, 17], [24, 7, 1, 8], [2, 5, 3, 6], [4, 15, 5, 16], [6, 1, 7, 2], [8, 21, 9, 22], [10, 14, 11, 13], [12, 20, 13, 19], [14, 3, 15, 4]]"
12a_0437_105,"[[14, 3, 15, 4], [16, 24, 17, 23], [18, 12, 19, 11], [20, 9, 21, 10], [22, 18, 23, 17], [24, 7, 1, 8], [2, 5, 3, 6], [4, 15, 5, 16], [6, 1, 7, 2], [8, 21, 9, 22], [10, 14, 11, 13], [12, 20, 13, 19]]"
12a_0437_106,"[[12, 20, 13, 19], [14, 3, 15, 4], [16, 24, 17, 23], [18, 12, 19, 11], [20, 9, 21, 10], [22, 18, 23, 17], [24, 7, 1, 8], [2, 5, 3, 6], [4, 15, 5, 16], [6, 1, 7, 2], [8, 21, 9, 22], [10, 14, 11, 13]]"
12a_0437_107,"[[10, 14, 11, 13], [12, 20, 13, 19], [14, 3, 15, 4], [16, 24, 17, 23], [18, 12, 19, 11], [20, 9, 21, 10], [22, 18, 23, 17], [24, 7, 1, 8], [2, 5, 3, 6], [4, 15, 5, 16], [6, 1, 7, 2], [8, 21, 9, 22]]"
12a_0437_108,"[[9, 22, 10, 23], [11, 15, 12, 14], [13, 21, 14, 20], [15, 4, 16, 5], [17, 1, 18, 24], [19, 13, 20, 12], [21, 10, 22, 11], [23, 19, 24, 18], [1, 8, 2, 9], [3, 6, 4, 7], [5, 16, 6, 17], [7, 2, 8, 3]]"
12a_0437_109,"[[7, 2, 8, 3], [9, 22, 10, 23], [11, 15, 12, 14], [13, 21, 14, 20], [15, 4, 16, 5], [17, 1, 18, 24], [19, 13, 20, 12], [21, 10, 22, 11], [23, 19, 24, 18], [1, 8, 2, 9], [3, 6, 4, 7], [5, 16, 6, 17]]"
12a_0437_110,"[[5, 16, 6, 17], [7, 2, 8, 3], [9, 22, 10, 23], [11, 15, 12, 14], [13, 21, 14, 20], [15, 4, 16, 5], [17, 1, 18, 24], [19, 13, 20, 12], [21, 10, 22, 11], [23, 19, 24, 18], [1, 8, 2, 9], [3, 6, 4, 7]]"
12a_0437_111,"[[3, 6, 4, 7], [5, 16, 6, 17], [7, 2, 8, 3], [9, 22, 10, 23], [11, 15, 12, 14], [13, 21, 14, 20], [15, 4, 16, 5], [17, 1, 18, 24], [19, 13, 20, 12], [21, 10, 22, 11], [23, 19, 24, 18], [1, 8, 2, 9]]"
12a_0437_112,"[[1, 8, 2, 9], [3, 6, 4, 7], [5, 16, 6, 17], [7, 2, 8, 3], [9, 22, 10, 23], [11, 15, 12, 14], [13, 21, 14, 20], [15, 4, 16, 5], [17, 1, 18, 24], [19, 13, 20, 12], [21, 10, 22, 11], [23, 19, 24, 18]]"
12a_0437_113,"[[23, 19, 24, 18], [1, 8, 2, 9], [3, 6, 4, 7], [5, 16, 6, 17], [7, 2, 8, 3], [9, 22, 10, 23], [11, 15, 12, 14], [13, 21, 14, 20], [15, 4, 16, 5], [17, 1, 18, 24], [19, 13, 20, 12], [21, 10, 22, 11]]"
12a_0437_114,"[[21, 10, 22, 11], [23, 19, 24, 18], [1, 8, 2, 9], [3, 6, 4, 7], [5, 16, 6, 17], [7, 2, 8, 3], [9, 22, 10, 23], [11, 15, 12, 14], [13, 21, 14, 20], [15, 4, 16, 5], [17, 1, 18, 24], [19, 13, 20, 12]]"
12a_0437_115,"[[19, 13, 20, 12], [21, 10, 22, 11], [23, 19, 24, 18], [1, 8, 2, 9], [3, 6, 4, 7], [5, 16, 6, 17], [7, 2, 8, 3], [9, 22, 10, 23], [11, 15, 12, 14], [13, 21, 14, 20], [15, 4, 16, 5], [17, 1, 18, 24]]"
12a_0437_116,"[[17, 1, 18, 24], [19, 13, 20, 12], [21, 10, 22, 11], [23, 19, 24, 18], [1, 8, 2, 9], [3, 6, 4, 7], [5, 16, 6, 17], [7, 2, 8, 3], [9, 22, 10, 23], [11, 15, 12, 14], [13, 21, 14, 20], [15, 4, 16, 5]]"
12a_0437_117,"[[15, 4, 16, 5], [17, 1, 18, 24], [19, 13, 20, 12], [21, 10, 22, 11], [23, 19, 24, 18], [1, 8, 2, 9], [3, 6, 4, 7], [5, 16, 6, 17], [7, 2, 8, 3], [9, 22, 10, 23], [11, 15, 12, 14], [13, 21, 14, 20]]"
12a_0437_118,"[[13, 21, 14, 20], [15, 4, 16, 5], [17, 1, 18, 24], [19, 13, 20, 12], [21, 10, 22, 11], [23, 19, 24, 18], [1, 8, 2, 9], [3, 6, 4, 7], [5, 16, 6, 17], [7, 2, 8, 3], [9, 22, 10, 23], [11, 15, 12, 14]]"
12a_0437_119,"[[11, 15, 12, 14], [13, 21, 14, 20], [15, 4, 16, 5], [17, 1, 18, 24], [19, 13, 20, 12], [21, 10, 22, 11], [23, 19, 24, 18], [1, 8, 2, 9], [3, 6, 4, 7], [5, 16, 6, 17], [7, 2, 8, 3], [9, 22, 10, 23]]"
12a_0437_120,"[[10, 23, 11, 24], [12, 16, 13, 15], [14, 22, 15, 21], [16, 5, 17, 6], [18, 2, 19, 1], [20, 14, 21, 13], [22, 11, 23, 12], [24, 20, 1, 19], [2, 9, 3, 10], [4, 7, 5, 8], [6, 17, 7, 18], [8, 3, 9, 4]]"
12a_0437_121,"[[8, 3, 9, 4], [10, 23, 11, 24], [12, 16, 13, 15], [14, 22, 15, 21], [16, 5, 17, 6], [18, 2, 19, 1], [20, 14, 21, 13], [22, 11, 23, 12], [24, 20, 1, 19], [2, 9, 3, 10], [4, 7, 5, 8], [6, 17, 7, 18]]"
12a_0437_122,"[[6, 17, 7, 18], [8, 3, 9, 4], [10, 23, 11, 24], [12, 16, 13, 15], [14, 22, 15, 21], [16, 5, 17, 6], [18, 2, 19, 1], [20, 14, 21, 13], [22, 11, 23, 12], [24, 20, 1, 19], [2, 9, 3, 10], [4, 7, 5, 8]]"
12a_0437_123,"[[4, 7, 5, 8], [6, 17, 7, 18], [8, 3, 9, 4], [10, 23, 11, 24], [12, 16, 13, 15], [14, 22, 15, 21], [16, 5, 17, 6], [18, 2, 19, 1], [20, 14, 21, 13], [22, 11, 23, 12], [24, 20, 1, 19], [2, 9, 3, 10]]"
12a_0437_124,"[[2, 9, 3, 10], [4, 7, 5, 8], [6, 17, 7, 18], [8, 3, 9, 4], [10, 23, 11, 24], [12, 16, 13, 15], [14, 22, 15, 21], [16, 5, 17, 6], [18, 2, 19, 1], [20, 14, 21, 13], [22, 11, 23, 12], [24, 20, 1, 19]]"
12a_0437_125,"[[24, 20, 1, 19], [2, 9, 3, 10], [4, 7, 5, 8], [6, 17, 7, 18], [8, 3, 9, 4], [10, 23, 11, 24], [12, 16, 13, 15], [14, 22, 15, 21], [16, 5, 17, 6], [18, 2, 19, 1], [20, 14, 21, 13], [22, 11, 23, 12]]"
12a_0437_126,"[[22, 11, 23, 12], [24, 20, 1, 19], [2, 9, 3, 10], [4, 7, 5, 8], [6, 17, 7, 18], [8, 3, 9, 4], [10, 23, 11, 24], [12, 16, 13, 15], [14, 22, 15, 21], [16, 5, 17, 6], [18, 2, 19, 1], [20, 14, 21, 13]]"
12a_0437_127,"[[20, 14, 21, 13], [22, 11, 23, 12], [24, 20, 1, 19], [2, 9, 3, 10], [4, 7, 5, 8], [6, 17, 7, 18], [8, 3, 9, 4], [10, 23, 11, 24], [12, 16, 13, 15], [14, 22, 15, 21], [16, 5, 17, 6], [18, 2, 19, 1]]"
12a_0437_128,"[[18, 2, 19, 1], [20, 14, 21, 13], [22, 11, 23, 12], [24, 20, 1, 19], [2, 9, 3, 10], [4, 7, 5, 8], [6, 17, 7, 18], [8, 3, 9, 4], [10, 23, 11, 24], [12, 16, 13, 15], [14, 22, 15, 21], [16, 5, 17, 6]]"
12a_0437_129,"[[16, 5, 17, 6], [18, 2, 19, 1], [20, 14, 21, 13], [22, 11, 23, 12], [24, 20, 1, 19], [2, 9, 3, 10], [4, 7, 5, 8], [6, 17, 7, 18], [8, 3, 9, 4], [10, 23, 11, 24], [12, 16, 13, 15], [14, 22, 15, 21]]"
12a_0437_130,"[[14, 22, 15, 21], [16, 5, 17, 6], [18, 2, 19, 1], [20, 14, 21, 13], [22, 11, 23, 12], [24, 20, 1, 19], [2, 9, 3, 10], [4, 7, 5, 8], [6, 17, 7, 18], [8, 3, 9, 4], [10, 23, 11, 24], [12, 16, 13, 15]]"
12a_0437_131,"[[12, 16, 13, 15], [14, 22, 15, 21], [16, 5, 17, 6], [18, 2, 19, 1], [20, 14, 21, 13], [22, 11, 23, 12], [24, 20, 1, 19], [2, 9, 3, 10], [4, 7, 5, 8], [6, 17, 7, 18], [8, 3, 9, 4], [10, 23, 11, 24]]"
12a_0437_132,"[[11, 24, 12, 1], [13, 17, 14, 16], [15, 23, 16, 22], [17, 6, 18, 7], [19, 3, 20, 2], [21, 15, 22, 14], [23, 12, 24, 13], [1, 21, 2, 20], [3, 10, 4, 11], [5, 8, 6, 9], [7, 18, 8, 19], [9, 4, 10, 5]]"
12a_0437_133,"[[9, 4, 10, 5], [11, 24, 12, 1], [13, 17, 14, 16], [15, 23, 16, 22], [17, 6, 18, 7], [19, 3, 20, 2], [21, 15, 22, 14], [23, 12, 24, 13], [1, 21, 2, 20], [3, 10, 4, 11], [5, 8, 6, 9], [7, 18, 8, 19]]"
12a_0437_134,"[[7, 18, 8, 19], [9, 4, 10, 5], [11, 24, 12, 1], [13, 17, 14, 16], [15, 23, 16, 22], [17, 6, 18, 7], [19, 3, 20, 2], [21, 15, 22, 14], [23, 12, 24, 13], [1, 21, 2, 20], [3, 10, 4, 11], [5, 8, 6, 9]]"
12a_0437_135,"[[5, 8, 6, 9], [7, 18, 8, 19], [9, 4, 10, 5], [11, 24, 12, 1], [13, 17, 14, 16], [15, 23, 16, 22], [17, 6, 18, 7], [19, 3, 20, 2], [21, 15, 22, 14], [23, 12, 24, 13], [1, 21, 2, 20], [3, 10, 4, 11]]"
12a_0437_136,"[[3, 10, 4, 11], [5, 8, 6, 9], [7, 18, 8, 19], [9, 4, 10, 5], [11, 24, 12, 1], [13, 17, 14, 16], [15, 23, 16, 22], [17, 6, 18, 7], [19, 3, 20, 2], [21, 15, 22, 14], [23, 12, 24, 13], [1, 21, 2, 20]]"
12a_0437_137,"[[1, 21, 2, 20], [3, 10, 4, 11], [5, 8, 6, 9], [7, 18, 8, 19], [9, 4, 10, 5], [11, 24, 12, 1], [13, 17, 14, 16], [15, 23, 16, 22], [17, 6, 18, 7], [19, 3, 20, 2], [21, 15, 22, 14], [23, 12, 24, 13]]"
12a_0437_138,"[[23, 12, 24, 13], [1, 21, 2, 20], [3, 10, 4, 11], [5, 8, 6, 9], [7, 18, 8, 19], [9, 4, 10, 5], [11, 24, 12, 1], [13, 17, 14, 16], [15, 23, 16, 22], [17, 6, 18, 7], [19, 3, 20, 2], [21, 15, 22, 14]]"
12a_0437_139,"[[21, 15, 22, 14], [23, 12, 24, 13], [1, 21, 2, 20], [3, 10, 4, 11], [5, 8, 6, 9], [7, 18, 8, 19], [9, 4, 10, 5], [11, 24, 12, 1], [13, 17, 14, 16], [15, 23, 16, 22], [17, 6, 18, 7], [19, 3, 20, 2]]"
12a_0437_140,"[[19, 3, 20, 2], [21, 15, 22, 14], [23, 12, 24, 13], [1, 21, 2, 20], [3, 10, 4, 11], [5, 8, 6, 9], [7, 18, 8, 19], [9, 4, 10, 5], [11, 24, 12, 1], [13, 17, 14, 16], [15, 23, 16, 22], [17, 6, 18, 7]]"
12a_0437_141,"[[17, 6, 18, 7], [19, 3, 20, 2], [21, 15, 22, 14], [23, 12, 24, 13], [1, 21, 2, 20], [3, 10, 4, 11], [5, 8, 6, 9], [7, 18, 8, 19], [9, 4, 10, 5], [11, 24, 12, 1], [13, 17, 14, 16], [15, 23, 16, 22]]"
12a_0437_142,"[[15, 23, 16, 22], [17, 6, 18, 7], [19, 3, 20, 2], [21, 15, 22, 14], [23, 12, 24, 13], [1, 21, 2, 20], [3, 10, 4, 11], [5, 8, 6, 9], [7, 18, 8, 19], [9, 4, 10, 5], [11, 24, 12, 1], [13, 17, 14, 16]]"
12a_0437_143,"[[13, 17, 14, 16], [15, 23, 16, 22], [17, 6, 18, 7], [19, 3, 20, 2], [21, 15, 22, 14], [23, 12, 24, 13], [1, 21, 2, 20], [3, 10, 4, 11], [5, 8, 6, 9], [7, 18, 8, 19], [9, 4, 10, 5], [11, 24, 12, 1]]"
12a_0437_144,"[[12, 1, 13, 2], [14, 18, 15, 17], [16, 24, 17, 23], [18, 7, 19, 8], [20, 4, 21, 3], [22, 16, 23, 15], [24, 13, 1, 14], [2, 22, 3, 21], [4, 11, 5, 12], [6, 9, 7, 10], [8, 19, 9, 20], [10, 5, 11, 6]]"
12a_0437_145,"[[10, 5, 11, 6], [12, 1, 13, 2], [14, 18, 15, 17], [16, 24, 17, 23], [18, 7, 19, 8], [20, 4, 21, 3], [22, 16, 23, 15], [24, 13, 1, 14], [2, 22, 3, 21], [4, 11, 5, 12], [6, 9, 7, 10], [8, 19, 9, 20]]"
12a_0437_146,"[[8, 19, 9, 20], [10, 5, 11, 6], [12, 1, 13, 2], [14, 18, 15, 17], [16, 24, 17, 23], [18, 7, 19, 8], [20, 4, 21, 3], [22, 16, 23, 15], [24, 13, 1, 14], [2, 22, 3, 21], [4, 11, 5, 12], [6, 9, 7, 10]]"
12a_0437_147,"[[6, 9, 7, 10], [8, 19, 9, 20], [10, 5, 11, 6], [12, 1, 13, 2], [14, 18, 15, 17], [16, 24, 17, 23], [18, 7, 19, 8], [20, 4, 21, 3], [22, 16, 23, 15], [24, 13, 1, 14], [2, 22, 3, 21], [4, 11, 5, 12]]"
12a_0437_148,"[[4, 11, 5, 12], [6, 9, 7, 10], [8, 19, 9, 20], [10, 5, 11, 6], [12, 1, 13, 2], [14, 18, 15, 17], [16, 24, 17, 23], [18, 7, 19, 8], [20, 4, 21, 3], [22, 16, 23, 15], [24, 13, 1, 14], [2, 22, 3, 21]]"
12a_0437_149,"[[2, 22, 3, 21], [4, 11, 5, 12], [6, 9, 7, 10], [8, 19, 9, 20], [10, 5, 11, 6], [12, 1, 13, 2], [14, 18, 15, 17], [16, 24, 17, 23], [18, 7, 19, 8], [20, 4, 21, 3], [22, 16, 23, 15], [24, 13, 1, 14]]"
12a_0437_150,"[[24, 13, 1, 14], [2, 22, 3, 21], [4, 11, 5, 12], [6, 9, 7, 10], [8, 19, 9, 20], [10, 5, 11, 6], [12, 1, 13, 2], [14, 18, 15, 17], [16, 24, 17, 23], [18, 7, 19, 8], [20, 4, 21, 3], [22, 16, 23, 15]]"
12a_0437_151,"[[22, 16, 23, 15], [24, 13, 1, 14], [2, 22, 3, 21], [4, 11, 5, 12], [6, 9, 7, 10], [8, 19, 9, 20], [10, 5, 11, 6], [12, 1, 13, 2], [14, 18, 15, 17], [16, 24, 17, 23], [18, 7, 19, 8], [20, 4, 21, 3]]"
12a_0437_152,"[[20, 4, 21, 3], [22, 16, 23, 15], [24, 13, 1, 14], [2, 22, 3, 21], [4, 11, 5, 12], [6, 9, 7, 10], [8, 19, 9, 20], [10, 5, 11, 6], [12, 1, 13, 2], [14, 18, 15, 17], [16, 24, 17, 23], [18, 7, 19, 8]]"
12a_0437_153,"[[18, 7, 19, 8], [20, 4, 21, 3], [22, 16, 23, 15], [24, 13, 1, 14], [2, 22, 3, 21], [4, 11, 5, 12], [6, 9, 7, 10], [8, 19, 9, 20], [10, 5, 11, 6], [12, 1, 13, 2], [14, 18, 15, 17], [16, 24, 17, 23]]"
12a_0437_154,"[[16, 24, 17, 23], [18, 7, 19, 8], [20, 4, 21, 3], [22, 16, 23, 15], [24, 13, 1, 14], [2, 22, 3, 21], [4, 11, 5, 12], [6, 9, 7, 10], [8, 19, 9, 20], [10, 5, 11, 6], [12, 1, 13, 2], [14, 18, 15, 17]]"
12a_0437_155,"[[14, 18, 15, 17], [16, 24, 17, 23], [18, 7, 19, 8], [20, 4, 21, 3], [22, 16, 23, 15], [24, 13, 1, 14], [2, 22, 3, 21], [4, 11, 5, 12], [6, 9, 7, 10], [8, 19, 9, 20], [10, 5, 11, 6], [12, 1, 13, 2]]"
12a_0437_156,"[[13, 2, 14, 3], [15, 19, 16, 18], [17, 1, 18, 24], [19, 8, 20, 9], [21, 5, 22, 4], [23, 17, 24, 16], [1, 14, 2, 15], [3, 23, 4, 22], [5, 12, 6, 13], [7, 10, 8, 11], [9, 20, 10, 21], [11, 6, 12, 7]]"
12a_0437_157,"[[11, 6, 12, 7], [13, 2, 14, 3], [15, 19, 16, 18], [17, 1, 18, 24], [19, 8, 20, 9], [21, 5, 22, 4], [23, 17, 24, 16], [1, 14, 2, 15], [3, 23, 4, 22], [5, 12, 6, 13], [7, 10, 8, 11], [9, 20, 10, 21]]"
12a_0437_158,"[[9, 20, 10, 21], [11, 6, 12, 7], [13, 2, 14, 3], [15, 19, 16, 18], [17, 1, 18, 24], [19, 8, 20, 9], [21, 5, 22, 4], [23, 17, 24, 16], [1, 14, 2, 15], [3, 23, 4, 22], [5, 12, 6, 13], [7, 10, 8, 11]]"
12a_0437_159,"[[7, 10, 8, 11], [9, 20, 10, 21], [11, 6, 12, 7], [13, 2, 14, 3], [15, 19, 16, 18], [17, 1, 18, 24], [19, 8, 20, 9], [21, 5, 22, 4], [23, 17, 24, 16], [1, 14, 2, 15], [3, 23, 4, 22], [5, 12, 6, 13]]"
12a_0437_160,"[[5, 12, 6, 13], [7, 10, 8, 11], [9, 20, 10, 21], [11, 6, 12, 7], [13, 2, 14, 3], [15, 19, 16, 18], [17, 1, 18, 24], [19, 8, 20, 9], [21, 5, 22, 4], [23, 17, 24, 16], [1, 14, 2, 15], [3, 23, 4, 22]]"
12a_0437_161,"[[3, 23, 4, 22], [5, 12, 6, 13], [7, 10, 8, 11], [9, 20, 10, 21], [11, 6, 12, 7], [13, 2, 14, 3], [15, 19, 16, 18], [17, 1, 18, 24], [19, 8, 20, 9], [21, 5, 22, 4], [23, 17, 24, 16], [1, 14, 2, 15]]"
12a_0437_162,"[[1, 14, 2, 15], [3, 23, 4, 22], [5, 12, 6, 13], [7, 10, 8, 11], [9, 20, 10, 21], [11, 6, 12, 7], [13, 2, 14, 3], [15, 19, 16, 18], [17, 1, 18, 24], [19, 8, 20, 9], [21, 5, 22, 4], [23, 17, 24, 16]]"
12a_0437_163,"[[23, 17, 24, 16], [1, 14, 2, 15], [3, 23, 4, 22], [5, 12, 6, 13], [7, 10, 8, 11], [9, 20, 10, 21], [11, 6, 12, 7], [13, 2, 14, 3], [15, 19, 16, 18], [17, 1, 18, 24], [19, 8, 20, 9], [21, 5, 22, 4]]"
12a_0437_164,"[[21, 5, 22, 4], [23, 17, 24, 16], [1, 14, 2, 15], [3, 23, 4, 22], [5, 12, 6, 13], [7, 10, 8, 11], [9, 20, 10, 21], [11, 6, 12, 7], [13, 2, 14, 3], [15, 19, 16, 18], [17, 1, 18, 24], [19, 8, 20, 9]]"
12a_0437_165,"[[19, 8, 20, 9], [21, 5, 22, 4], [23, 17, 24, 16], [1, 14, 2, 15], [3, 23, 4, 22], [5, 12, 6, 13], [7, 10, 8, 11], [9, 20, 10, 21], [11, 6, 12, 7], [13, 2, 14, 3], [15, 19, 16, 18], [17, 1, 18, 24]]"
12a_0437_166,"[[17, 1, 18, 24], [19, 8, 20, 9], [21, 5, 22, 4], [23, 17, 24, 16], [1, 14, 2, 15], [3, 23, 4, 22], [5, 12, 6, 13], [7, 10, 8, 11], [9, 20, 10, 21], [11, 6, 12, 7], [13, 2, 14, 3], [15, 19, 16, 18]]"
12a_0437_167,"[[15, 19, 16, 18], [17, 1, 18, 24], [19, 8, 20, 9], [21, 5, 22, 4], [23, 17, 24, 16], [1, 14, 2, 15], [3, 23, 4, 22], [5, 12, 6, 13], [7, 10, 8, 11], [9, 20, 10, 21], [11, 6, 12, 7], [13, 2, 14, 3]]"
12a_0437_168,"[[14, 3, 15, 4], [16, 20, 17, 19], [18, 2, 19, 1], [20, 9, 21, 10], [22, 6, 23, 5], [24, 18, 1, 17], [2, 15, 3, 16], [4, 24, 5, 23], [6, 13, 7, 14], [8, 11, 9, 12], [10, 21, 11, 22], [12, 7, 13, 8]]"
12a_0437_169,"[[12, 7, 13, 8], [14, 3, 15, 4], [16, 20, 17, 19], [18, 2, 19, 1], [20, 9, 21, 10], [22, 6, 23, 5], [24, 18, 1, 17], [2, 15, 3, 16], [4, 24, 5, 23], [6, 13, 7, 14], [8, 11, 9, 12], [10, 21, 11, 22]]"
12a_0437_170,"[[10, 21, 11, 22], [12, 7, 13, 8], [14, 3, 15, 4], [16, 20, 17, 19], [18, 2, 19, 1], [20, 9, 21, 10], [22, 6, 23, 5], [24, 18, 1, 17], [2, 15, 3, 16], [4, 24, 5, 23], [6, 13, 7, 14], [8, 11, 9, 12]]"
12a_0437_171,"[[8, 11, 9, 12], [10, 21, 11, 22], [12, 7, 13, 8], [14, 3, 15, 4], [16, 20, 17, 19], [18, 2, 19, 1], [20, 9, 21, 10], [22, 6, 23, 5], [24, 18, 1, 17], [2, 15, 3, 16], [4, 24, 5, 23], [6, 13, 7, 14]]"
12a_0437_172,"[[6, 13, 7, 14], [8, 11, 9, 12], [10, 21, 11, 22], [12, 7, 13, 8], [14, 3, 15, 4], [16, 20, 17, 19], [18, 2, 19, 1], [20, 9, 21, 10], [22, 6, 23, 5], [24, 18, 1, 17], [2, 15, 3, 16], [4, 24, 5, 23]]"
12a_0437_173,"[[4, 24, 5, 23], [6, 13, 7, 14], [8, 11, 9, 12], [10, 21, 11, 22], [12, 7, 13, 8], [14, 3, 15, 4], [16, 20, 17, 19], [18, 2, 19, 1], [20, 9, 21, 10], [22, 6, 23, 5], [24, 18, 1, 17], [2, 15, 3, 16]]"
12a_0437_174,"[[2, 15, 3, 16], [4, 24, 5, 23], [6, 13, 7, 14], [8, 11, 9, 12], [10, 21, 11, 22], [12, 7, 13, 8], [14, 3, 15, 4], [16, 20, 17, 19], [18, 2, 19, 1], [20, 9, 21, 10], [22, 6, 23, 5], [24, 18, 1, 17]]"
12a_0437_175,"[[24, 18, 1, 17], [2, 15, 3, 16], [4, 24, 5, 23], [6, 13, 7, 14], [8, 11, 9, 12], [10, 21, 11, 22], [12, 7, 13, 8], [14, 3, 15, 4], [16, 20, 17, 19], [18, 2, 19, 1], [20, 9, 21, 10], [22, 6, 23, 5]]"
12a_0437_176,"[[22, 6, 23, 5], [24, 18, 1, 17], [2, 15, 3, 16], [4, 24, 5, 23], [6, 13, 7, 14], [8, 11, 9, 12], [10, 21, 11, 22], [12, 7, 13, 8], [14, 3, 15, 4], [16, 20, 17, 19], [18, 2, 19, 1], [20, 9, 21, 10]]"
12a_0437_177,"[[20, 9, 21, 10], [22, 6, 23, 5], [24, 18, 1, 17], [2, 15, 3, 16], [4, 24, 5, 23], [6, 13, 7, 14], [8, 11, 9, 12], [10, 21, 11, 22], [12, 7, 13, 8], [14, 3, 15, 4], [16, 20, 17, 19], [18, 2, 19, 1]]"
12a_0437_178,"[[18, 2, 19, 1], [20, 9, 21, 10], [22, 6, 23, 5], [24, 18, 1, 17], [2, 15, 3, 16], [4, 24, 5, 23], [6, 13, 7, 14], [8, 11, 9, 12], [10, 21, 11, 22], [12, 7, 13, 8], [14, 3, 15, 4], [16, 20, 17, 19]]"
12a_0437_179,"[[16, 20, 17, 19], [18, 2, 19, 1], [20, 9, 21, 10], [22, 6, 23, 5], [24, 18, 1, 17], [2, 15, 3, 16], [4, 24, 5, 23], [6, 13, 7, 14], [8, 11, 9, 12], [10, 21, 11, 22], [12, 7, 13, 8], [14, 3, 15, 4]]"
12a_0437_180,"[[15, 4, 16, 5], [17, 21, 18, 20], [19, 3, 20, 2], [21, 10, 22, 11], [23, 7, 24, 6], [1, 19, 2, 18], [3, 16, 4, 17], [5, 1, 6, 24], [7, 14, 8, 15], [9, 12, 10, 13], [11, 22, 12, 23], [13, 8, 14, 9]]"
12a_0437_181,"[[13, 8, 14, 9], [15, 4, 16, 5], [17, 21, 18, 20], [19, 3, 20, 2], [21, 10, 22, 11], [23, 7, 24, 6], [1, 19, 2, 18], [3, 16, 4, 17], [5, 1, 6, 24], [7, 14, 8, 15], [9, 12, 10, 13], [11, 22, 12, 23]]"
12a_0437_182,"[[11, 22, 12, 23], [13, 8, 14, 9], [15, 4, 16, 5], [17, 21, 18, 20], [19, 3, 20, 2], [21, 10, 22, 11], [23, 7, 24, 6], [1, 19, 2, 18], [3, 16, 4, 17], [5, 1, 6, 24], [7, 14, 8, 15], [9, 12, 10, 13]]"
12a_0437_183,"[[9, 12, 10, 13], [11, 22, 12, 23], [13, 8, 14, 9], [15, 4, 16, 5], [17, 21, 18, 20], [19, 3, 20, 2], [21, 10, 22, 11], [23, 7, 24, 6], [1, 19, 2, 18], [3, 16, 4, 17], [5, 1, 6, 24], [7, 14, 8, 15]]"
12a_0437_184,"[[7, 14, 8, 15], [9, 12, 10, 13], [11, 22, 12, 23], [13, 8, 14, 9], [15, 4, 16, 5], [17, 21, 18, 20], [19, 3, 20, 2], [21, 10, 22, 11], [23, 7, 24, 6], [1, 19, 2, 18], [3, 16, 4, 17], [5, 1, 6, 24]]"
12a_0437_185,"[[5, 1, 6, 24], [7, 14, 8, 15], [9, 12, 10, 13], [11, 22, 12, 23], [13, 8, 14, 9], [15, 4, 16, 5], [17, 21, 18, 20], [19, 3, 20, 2], [21, 10, 22, 11], [23, 7, 24, 6], [1, 19, 2, 18], [3, 16, 4, 17]]"
