name,pd_notation
12a_1030_0,"[[24, 17, 1, 18], [2, 8, 3, 7], [4, 14, 5, 13], [6, 16, 7, 15], [8, 19, 9, 20], [10, 21, 11, 22], [12, 4, 13, 3], [14, 6, 15, 5], [16, 1, 17, 2], [18, 23, 19, 24], [20, 11, 21, 12], [22, 9, 23, 10]]"
12a_1030_1,"[[22, 9, 23, 10], [24, 17, 1, 18], [2, 8, 3, 7], [4, 14, 5, 13], [6, 16, 7, 15], [8, 19, 9, 20], [10, 21, 11, 22], [12, 4, 13, 3], [14, 6, 15, 5], [16, 1, 17, 2], [18, 23, 19, 24], [20, 11, 21, 12]]"
12a_1030_2,"[[20, 11, 21, 12], [22, 9, 23, 10], [24, 17, 1, 18], [2, 8, 3, 7], [4, 14, 5, 13], [6, 16, 7, 15], [8, 19, 9, 20], [10, 21, 11, 22], [12, 4, 13, 3], [14, 6, 15, 5], [16, 1, 17, 2], [18, 23, 19, 24]]"
12a_1030_3,"[[18, 23, 19, 24], [20, 11, 21, 12], [22, 9, 23, 10], [24, 17, 1, 18], [2, 8, 3, 7], [4, 14, 5, 13], [6, 16, 7, 15], [8, 19, 9, 20], [10, 21, 11, 22], [12, 4, 13, 3], [14, 6, 15, 5], [16, 1, 17, 2]]"
12a_1030_4,"[[16, 1, 17, 2], [18, 23, 19, 24], [20, 11, 21, 12], [22, 9, 23, 10], [24, 17, 1, 18], [2, 8, 3, 7], [4, 14, 5, 13], [6, 16, 7, 15], [8, 19, 9, 20], [10, 21, 11, 22], [12, 4, 13, 3], [14, 6, 15, 5]]"
12a_1030_5,"[[14, 6, 15, 5], [16, 1, 17, 2], [18, 23, 19, 24], [20, 11, 21, 12], [22, 9, 23, 10], [24, 17, 1, 18], [2, 8, 3, 7], [4, 14, 5, 13], [6, 16, 7, 15], [8, 19, 9, 20], [10, 21, 11, 22], [12, 4, 13, 3]]"
12a_1030_6,"[[12, 4, 13, 3], [14, 6, 15, 5], [16, 1, 17, 2], [18, 23, 19, 24], [20, 11, 21, 12], [22, 9, 23, 10], [24, 17, 1, 18], [2, 8, 3, 7], [4, 14, 5, 13], [6, 16, 7, 15], [8, 19, 9, 20], [10, 21, 11, 22]]"
12a_1030_7,"[[10, 21, 11, 22], [12, 4, 13, 3], [14, 6, 15, 5], [16, 1, 17, 2], [18, 23, 19, 24], [20, 11, 21, 12], [22, 9, 23, 10], [24, 17, 1, 18], [2, 8, 3, 7], [4, 14, 5, 13], [6, 16, 7, 15], [8, 19, 9, 20]]"
12a_1030_8,"[[8, 19, 9, 20], [10, 21, 11, 22], [12, 4, 13, 3], [14, 6, 15, 5], [16, 1, 17, 2], [18, 23, 19, 24], [20, 11, 21, 12], [22, 9, 23, 10], [24, 17, 1, 18], [2, 8, 3, 7], [4, 14, 5, 13], [6, 16, 7, 15]]"
12a_1030_9,"[[6, 16, 7, 15], [8, 19, 9, 20], [10, 21, 11, 22], [12, 4, 13, 3], [14, 6, 15, 5], [16, 1, 17, 2], [18, 23, 19, 24], [20, 11, 21, 12], [22, 9, 23, 10], [24, 17, 1, 18], [2, 8, 3, 7], [4, 14, 5, 13]]"
12a_1030_10,"[[4, 14, 5, 13], [6, 16, 7, 15], [8, 19, 9, 20], [10, 21, 11, 22], [12, 4, 13, 3], [14, 6, 15, 5], [16, 1, 17, 2], [18, 23, 19, 24], [20, 11, 21, 12], [22, 9, 23, 10], [24, 17, 1, 18], [2, 8, 3, 7]]"
12a_1030_11,"[[2, 8, 3, 7], [4, 14, 5, 13], [6, 16, 7, 15], [8, 19, 9, 20], [10, 21, 11, 22], [12, 4, 13, 3], [14, 6, 15, 5], [16, 1, 17, 2], [18, 23, 19, 24], [20, 11, 21, 12], [22, 9, 23, 10], [24, 17, 1, 18]]"
12a_1030_12,"[[1, 18, 2, 19], [3, 9, 4, 8], [5, 15, 6, 14], [7, 17, 8, 16], [9, 20, 10, 21], [11, 22, 12, 23], [13, 5, 14, 4], [15, 7, 16, 6], [17, 2, 18, 3], [19, 24, 20, 1], [21, 12, 22, 13], [23, 10, 24, 11]]"
12a_1030_13,"[[23, 10, 24, 11], [1, 18, 2, 19], [3, 9, 4, 8], [5, 15, 6, 14], [7, 17, 8, 16], [9, 20, 10, 21], [11, 22, 12, 23], [13, 5, 14, 4], [15, 7, 16, 6], [17, 2, 18, 3], [19, 24, 20, 1], [21, 12, 22, 13]]"
12a_1030_14,"[[21, 12, 22, 13], [23, 10, 24, 11], [1, 18, 2, 19], [3, 9, 4, 8], [5, 15, 6, 14], [7, 17, 8, 16], [9, 20, 10, 21], [11, 22, 12, 23], [13, 5, 14, 4], [15, 7, 16, 6], [17, 2, 18, 3], [19, 24, 20, 1]]"
12a_1030_15,"[[19, 24, 20, 1], [21, 12, 22, 13], [23, 10, 24, 11], [1, 18, 2, 19], [3, 9, 4, 8], [5, 15, 6, 14], [7, 17, 8, 16], [9, 20, 10, 21], [11, 22, 12, 23], [13, 5, 14, 4], [15, 7, 16, 6], [17, 2, 18, 3]]"
12a_1030_16,"[[17, 2, 18, 3], [19, 24, 20, 1], [21, 12, 22, 13], [23, 10, 24, 11], [1, 18, 2, 19], [3, 9, 4, 8], [5, 15, 6, 14], [7, 17, 8, 16], [9, 20, 10, 21], [11, 22, 12, 23], [13, 5, 14, 4], [15, 7, 16, 6]]"
12a_1030_17,"[[15, 7, 16, 6], [17, 2, 18, 3], [19, 24, 20, 1], [21, 12, 22, 13], [23, 10, 24, 11], [1, 18, 2, 19], [3, 9, 4, 8], [5, 15, 6, 14], [7, 17, 8, 16], [9, 20, 10, 21], [11, 22, 12, 23], [13, 5, 14, 4]]"
12a_1030_18,"[[13, 5, 14, 4], [15, 7, 16, 6], [17, 2, 18, 3], [19, 24, 20, 1], [21, 12, 22, 13], [23, 10, 24, 11], [1, 18, 2, 19], [3, 9, 4, 8], [5, 15, 6, 14], [7, 17, 8, 16], [9, 20, 10, 21], [11, 22, 12, 23]]"
12a_1030_19,"[[11, 22, 12, 23], [13, 5, 14, 4], [15, 7, 16, 6], [17, 2, 18, 3], [19, 24, 20, 1], [21, 12, 22, 13], [23, 10, 24, 11], [1, 18, 2, 19], [3, 9, 4, 8], [5, 15, 6, 14], [7, 17, 8, 16], [9, 20, 10, 21]]"
12a_1030_20,"[[9, 20, 10, 21], [11, 22, 12, 23], [13, 5, 14, 4], [15, 7, 16, 6], [17, 2, 18, 3], [19, 24, 20, 1], [21, 12, 22, 13], [23, 10, 24, 11], [1, 18, 2, 19], [3, 9, 4, 8], [5, 15, 6, 14], [7, 17, 8, 16]]"
12a_1030_21,"[[7, 17, 8, 16], [9, 20, 10, 21], [11, 22, 12, 23], [13, 5, 14, 4], [15, 7, 16, 6], [17, 2, 18, 3], [19, 24, 20, 1], [21, 12, 22, 13], [23, 10, 24, 11], [1, 18, 2, 19], [3, 9, 4, 8], [5, 15, 6, 14]]"
12a_1030_22,"[[5, 15, 6, 14], [7, 17, 8, 16], [9, 20, 10, 21], [11, 22, 12, 23], [13, 5, 14, 4], [15, 7, 16, 6], [17, 2, 18, 3], [19, 24, 20, 1], [21, 12, 22, 13], [23, 10, 24, 11], [1, 18, 2, 19], [3, 9, 4, 8]]"
12a_1030_23,"[[3, 9, 4, 8], [5, 15, 6, 14], [7, 17, 8, 16], [9, 20, 10, 21], [11, 22, 12, 23], [13, 5, 14, 4], [15, 7, 16, 6], [17, 2, 18, 3], [19, 24, 20, 1], [21, 12, 22, 13], [23, 10, 24, 11], [1, 18, 2, 19]]"
12a_1030_24,"[[2, 19, 3, 20], [4, 10, 5, 9], [6, 16, 7, 15], [8, 18, 9, 17], [10, 21, 11, 22], [12, 23, 13, 24], [14, 6, 15, 5], [16, 8, 17, 7], [18, 3, 19, 4], [20, 1, 21, 2], [22, 13, 23, 14], [24, 11, 1, 12]]"
12a_1030_25,"[[24, 11, 1, 12], [2, 19, 3, 20], [4, 10, 5, 9], [6, 16, 7, 15], [8, 18, 9, 17], [10, 21, 11, 22], [12, 23, 13, 24], [14, 6, 15, 5], [16, 8, 17, 7], [18, 3, 19, 4], [20, 1, 21, 2], [22, 13, 23, 14]]"
12a_1030_26,"[[22, 13, 23, 14], [24, 11, 1, 12], [2, 19, 3, 20], [4, 10, 5, 9], [6, 16, 7, 15], [8, 18, 9, 17], [10, 21, 11, 22], [12, 23, 13, 24], [14, 6, 15, 5], [16, 8, 17, 7], [18, 3, 19, 4], [20, 1, 21, 2]]"
12a_1030_27,"[[20, 1, 21, 2], [22, 13, 23, 14], [24, 11, 1, 12], [2, 19, 3, 20], [4, 10, 5, 9], [6, 16, 7, 15], [8, 18, 9, 17], [10, 21, 11, 22], [12, 23, 13, 24], [14, 6, 15, 5], [16, 8, 17, 7], [18, 3, 19, 4]]"
12a_1030_28,"[[18, 3, 19, 4], [20, 1, 21, 2], [22, 13, 23, 14], [24, 11, 1, 12], [2, 19, 3, 20], [4, 10, 5, 9], [6, 16, 7, 15], [8, 18, 9, 17], [10, 21, 11, 22], [12, 23, 13, 24], [14, 6, 15, 5], [16, 8, 17, 7]]"
12a_1030_29,"[[16, 8, 17, 7], [18, 3, 19, 4], [20, 1, 21, 2], [22, 13, 23, 14], [24, 11, 1, 12], [2, 19, 3, 20], [4, 10, 5, 9], [6, 16, 7, 15], [8, 18, 9, 17], [10, 21, 11, 22], [12, 23, 13, 24], [14, 6, 15, 5]]"
12a_1030_30,"[[14, 6, 15, 5], [16, 8, 17, 7], [18, 3, 19, 4], [20, 1, 21, 2], [22, 13, 23, 14], [24, 11, 1, 12], [2, 19, 3, 20], [4, 10, 5, 9], [6, 16, 7, 15], [8, 18, 9, 17], [10, 21, 11, 22], [12, 23, 13, 24]]"
12a_1030_31,"[[12, 23, 13, 24], [14, 6, 15, 5], [16, 8, 17, 7], [18, 3, 19, 4], [20, 1, 21, 2], [22, 13, 23, 14], [24, 11, 1, 12], [2, 19, 3, 20], [4, 10, 5, 9], [6, 16, 7, 15], [8, 18, 9, 17], [10, 21, 11, 22]]"
12a_1030_32,"[[10, 21, 11, 22], [12, 23, 13, 24], [14, 6, 15, 5], [16, 8, 17, 7], [18, 3, 19, 4], [20, 1, 21, 2], [22, 13, 23, 14], [24, 11, 1, 12], [2, 19, 3, 20], [4, 10, 5, 9], [6, 16, 7, 15], [8, 18, 9, 17]]"
12a_1030_33,"[[8, 18, 9, 17], [10, 21, 11, 22], [12, 23, 13, 24], [14, 6, 15, 5], [16, 8, 17, 7], [18, 3, 19, 4], [20, 1, 21, 2], [22, 13, 23, 14], [24, 11, 1, 12], [2, 19, 3, 20], [4, 10, 5, 9], [6, 16, 7, 15]]"
12a_1030_34,"[[6, 16, 7, 15], [8, 18, 9, 17], [10, 21, 11, 22], [12, 23, 13, 24], [14, 6, 15, 5], [16, 8, 17, 7], [18, 3, 19, 4], [20, 1, 21, 2], [22, 13, 23, 14], [24, 11, 1, 12], [2, 19, 3, 20], [4, 10, 5, 9]]"
12a_1030_35,"[[4, 10, 5, 9], [6, 16, 7, 15], [8, 18, 9, 17], [10, 21, 11, 22], [12, 23, 13, 24], [14, 6, 15, 5], [16, 8, 17, 7], [18, 3, 19, 4], [20, 1, 21, 2], [22, 13, 23, 14], [24, 11, 1, 12], [2, 19, 3, 20]]"
12a_1030_36,"[[3, 20, 4, 21], [5, 11, 6, 10], [7, 17, 8, 16], [9, 19, 10, 18], [11, 22, 12, 23], [13, 24, 14, 1], [15, 7, 16, 6], [17, 9, 18, 8], [19, 4, 20, 5], [21, 2, 22, 3], [23, 14, 24, 15], [1, 12, 2, 13]]"
12a_1030_37,"[[1, 12, 2, 13], [3, 20, 4, 21], [5, 11, 6, 10], [7, 17, 8, 16], [9, 19, 10, 18], [11, 22, 12, 23], [13, 24, 14, 1], [15, 7, 16, 6], [17, 9, 18, 8], [19, 4, 20, 5], [21, 2, 22, 3], [23, 14, 24, 15]]"
12a_1030_38,"[[23, 14, 24, 15], [1, 12, 2, 13], [3, 20, 4, 21], [5, 11, 6, 10], [7, 17, 8, 16], [9, 19, 10, 18], [11, 22, 12, 23], [13, 24, 14, 1], [15, 7, 16, 6], [17, 9, 18, 8], [19, 4, 20, 5], [21, 2, 22, 3]]"
12a_1030_39,"[[21, 2, 22, 3], [23, 14, 24, 15], [1, 12, 2, 13], [3, 20, 4, 21], [5, 11, 6, 10], [7, 17, 8, 16], [9, 19, 10, 18], [11, 22, 12, 23], [13, 24, 14, 1], [15, 7, 16, 6], [17, 9, 18, 8], [19, 4, 20, 5]]"
12a_1030_40,"[[19, 4, 20, 5], [21, 2, 22, 3], [23, 14, 24, 15], [1, 12, 2, 13], [3, 20, 4, 21], [5, 11, 6, 10], [7, 17, 8, 16], [9, 19, 10, 18], [11, 22, 12, 23], [13, 24, 14, 1], [15, 7, 16, 6], [17, 9, 18, 8]]"
12a_1030_41,"[[17, 9, 18, 8], [19, 4, 20, 5], [21, 2, 22, 3], [23, 14, 24, 15], [1, 12, 2, 13], [3, 20, 4, 21], [5, 11, 6, 10], [7, 17, 8, 16], [9, 19, 10, 18], [11, 22, 12, 23], [13, 24, 14, 1], [15, 7, 16, 6]]"
12a_1030_42,"[[15, 7, 16, 6], [17, 9, 18, 8], [19, 4, 20, 5], [21, 2, 22, 3], [23, 14, 24, 15], [1, 12, 2, 13], [3, 20, 4, 21], [5, 11, 6, 10], [7, 17, 8, 16], [9, 19, 10, 18], [11, 22, 12, 23], [13, 24, 14, 1]]"
12a_1030_43,"[[13, 24, 14, 1], [15, 7, 16, 6], [17, 9, 18, 8], [19, 4, 20, 5], [21, 2, 22, 3], [23, 14, 24, 15], [1, 12, 2, 13], [3, 20, 4, 21], [5, 11, 6, 10], [7, 17, 8, 16], [9, 19, 10, 18], [11, 22, 12, 23]]"
12a_1030_44,"[[11, 22, 12, 23], [13, 24, 14, 1], [15, 7, 16, 6], [17, 9, 18, 8], [19, 4, 20, 5], [21, 2, 22, 3], [23, 14, 24, 15], [1, 12, 2, 13], [3, 20, 4, 21], [5, 11, 6, 10], [7, 17, 8, 16], [9, 19, 10, 18]]"
12a_1030_45,"[[9, 19, 10, 18], [11, 22, 12, 23], [13, 24, 14, 1], [15, 7, 16, 6], [17, 9, 18, 8], [19, 4, 20, 5], [21, 2, 22, 3], [23, 14, 24, 15], [1, 12, 2, 13], [3, 20, 4, 21], [5, 11, 6, 10], [7, 17, 8, 16]]"
12a_1030_46,"[[7, 17, 8, 16], [9, 19, 10, 18], [11, 22, 12, 23], [13, 24, 14, 1], [15, 7, 16, 6], [17, 9, 18, 8], [19, 4, 20, 5], [21, 2, 22, 3], [23, 14, 24, 15], [1, 12, 2, 13], [3, 20, 4, 21], [5, 11, 6, 10]]"
12a_1030_47,"[[5, 11, 6, 10], [7, 17, 8, 16], [9, 19, 10, 18], [11, 22, 12, 23], [13, 24, 14, 1], [15, 7, 16, 6], [17, 9, 18, 8], [19, 4, 20, 5], [21, 2, 22, 3], [23, 14, 24, 15], [1, 12, 2, 13], [3, 20, 4, 21]]"
12a_1030_48,"[[4, 21, 5, 22], [6, 12, 7, 11], [8, 18, 9, 17], [10, 20, 11, 19], [12, 23, 13, 24], [14, 1, 15, 2], [16, 8, 17, 7], [18, 10, 19, 9], [20, 5, 21, 6], [22, 3, 23, 4], [24, 15, 1, 16], [2, 13, 3, 14]]"
12a_1030_49,"[[2, 13, 3, 14], [4, 21, 5, 22], [6, 12, 7, 11], [8, 18, 9, 17], [10, 20, 11, 19], [12, 23, 13, 24], [14, 1, 15, 2], [16, 8, 17, 7], [18, 10, 19, 9], [20, 5, 21, 6], [22, 3, 23, 4], [24, 15, 1, 16]]"
12a_1030_50,"[[24, 15, 1, 16], [2, 13, 3, 14], [4, 21, 5, 22], [6, 12, 7, 11], [8, 18, 9, 17], [10, 20, 11, 19], [12, 23, 13, 24], [14, 1, 15, 2], [16, 8, 17, 7], [18, 10, 19, 9], [20, 5, 21, 6], [22, 3, 23, 4]]"
12a_1030_51,"[[22, 3, 23, 4], [24, 15, 1, 16], [2, 13, 3, 14], [4, 21, 5, 22], [6, 12, 7, 11], [8, 18, 9, 17], [10, 20, 11, 19], [12, 23, 13, 24], [14, 1, 15, 2], [16, 8, 17, 7], [18, 10, 19, 9], [20, 5, 21, 6]]"
12a_1030_52,"[[20, 5, 21, 6], [22, 3, 23, 4], [24, 15, 1, 16], [2, 13, 3, 14], [4, 21, 5, 22], [6, 12, 7, 11], [8, 18, 9, 17], [10, 20, 11, 19], [12, 23, 13, 24], [14, 1, 15, 2], [16, 8, 17, 7], [18, 10, 19, 9]]"
12a_1030_53,"[[18, 10, 19, 9], [20, 5, 21, 6], [22, 3, 23, 4], [24, 15, 1, 16], [2, 13, 3, 14], [4, 21, 5, 22], [6, 12, 7, 11], [8, 18, 9, 17], [10, 20, 11, 19], [12, 23, 13, 24], [14, 1, 15, 2], [16, 8, 17, 7]]"
12a_1030_54,"[[16, 8, 17, 7], [18, 10, 19, 9], [20, 5, 21, 6], [22, 3, 23, 4], [24, 15, 1, 16], [2, 13, 3, 14], [4, 21, 5, 22], [6, 12, 7, 11], [8, 18, 9, 17], [10, 20, 11, 19], [12, 23, 13, 24], [14, 1, 15, 2]]"
12a_1030_55,"[[14, 1, 15, 2], [16, 8, 17, 7], [18, 10, 19, 9], [20, 5, 21, 6], [22, 3, 23, 4], [24, 15, 1, 16], [2, 13, 3, 14], [4, 21, 5, 22], [6, 12, 7, 11], [8, 18, 9, 17], [10, 20, 11, 19], [12, 23, 13, 24]]"
12a_1030_56,"[[12, 23, 13, 24], [14, 1, 15, 2], [16, 8, 17, 7], [18, 10, 19, 9], [20, 5, 21, 6], [22, 3, 23, 4], [24, 15, 1, 16], [2, 13, 3, 14], [4, 21, 5, 22], [6, 12, 7, 11], [8, 18, 9, 17], [10, 20, 11, 19]]"
12a_1030_57,"[[10, 20, 11, 19], [12, 23, 13, 24], [14, 1, 15, 2], [16, 8, 17, 7], [18, 10, 19, 9], [20, 5, 21, 6], [22, 3, 23, 4], [24, 15, 1, 16], [2, 13, 3, 14], [4, 21, 5, 22], [6, 12, 7, 11], [8, 18, 9, 17]]"
12a_1030_58,"[[8, 18, 9, 17], [10, 20, 11, 19], [12, 23, 13, 24], [14, 1, 15, 2], [16, 8, 17, 7], [18, 10, 19, 9], [20, 5, 21, 6], [22, 3, 23, 4], [24, 15, 1, 16], [2, 13, 3, 14], [4, 21, 5, 22], [6, 12, 7, 11]]"
12a_1030_59,"[[6, 12, 7, 11], [8, 18, 9, 17], [10, 20, 11, 19], [12, 23, 13, 24], [14, 1, 15, 2], [16, 8, 17, 7], [18, 10, 19, 9], [20, 5, 21, 6], [22, 3, 23, 4], [24, 15, 1, 16], [2, 13, 3, 14], [4, 21, 5, 22]]"
12a_1030_60,"[[5, 22, 6, 23], [7, 13, 8, 12], [9, 19, 10, 18], [11, 21, 12, 20], [13, 24, 14, 1], [15, 2, 16, 3], [17, 9, 18, 8], [19, 11, 20, 10], [21, 6, 22, 7], [23, 4, 24, 5], [1, 16, 2, 17], [3, 14, 4, 15]]"
12a_1030_61,"[[3, 14, 4, 15], [5, 22, 6, 23], [7, 13, 8, 12], [9, 19, 10, 18], [11, 21, 12, 20], [13, 24, 14, 1], [15, 2, 16, 3], [17, 9, 18, 8], [19, 11, 20, 10], [21, 6, 22, 7], [23, 4, 24, 5], [1, 16, 2, 17]]"
12a_1030_62,"[[1, 16, 2, 17], [3, 14, 4, 15], [5, 22, 6, 23], [7, 13, 8, 12], [9, 19, 10, 18], [11, 21, 12, 20], [13, 24, 14, 1], [15, 2, 16, 3], [17, 9, 18, 8], [19, 11, 20, 10], [21, 6, 22, 7], [23, 4, 24, 5]]"
12a_1030_63,"[[23, 4, 24, 5], [1, 16, 2, 17], [3, 14, 4, 15], [5, 22, 6, 23], [7, 13, 8, 12], [9, 19, 10, 18], [11, 21, 12, 20], [13, 24, 14, 1], [15, 2, 16, 3], [17, 9, 18, 8], [19, 11, 20, 10], [21, 6, 22, 7]]"
12a_1030_64,"[[21, 6, 22, 7], [23, 4, 24, 5], [1, 16, 2, 17], [3, 14, 4, 15], [5, 22, 6, 23], [7, 13, 8, 12], [9, 19, 10, 18], [11, 21, 12, 20], [13, 24, 14, 1], [15, 2, 16, 3], [17, 9, 18, 8], [19, 11, 20, 10]]"
12a_1030_65,"[[19, 11, 20, 10], [21, 6, 22, 7], [23, 4, 24, 5], [1, 16, 2, 17], [3, 14, 4, 15], [5, 22, 6, 23], [7, 13, 8, 12], [9, 19, 10, 18], [11, 21, 12, 20], [13, 24, 14, 1], [15, 2, 16, 3], [17, 9, 18, 8]]"
12a_1030_66,"[[17, 9, 18, 8], [19, 11, 20, 10], [21, 6, 22, 7], [23, 4, 24, 5], [1, 16, 2, 17], [3, 14, 4, 15], [5, 22, 6, 23], [7, 13, 8, 12], [9, 19, 10, 18], [11, 21, 12, 20], [13, 24, 14, 1], [15, 2, 16, 3]]"
12a_1030_67,"[[15, 2, 16, 3], [17, 9, 18, 8], [19, 11, 20, 10], [21, 6, 22, 7], [23, 4, 24, 5], [1, 16, 2, 17], [3, 14, 4, 15], [5, 22, 6, 23], [7, 13, 8, 12], [9, 19, 10, 18], [11, 21, 12, 20], [13, 24, 14, 1]]"
12a_1030_68,"[[13, 24, 14, 1], [15, 2, 16, 3], [17, 9, 18, 8], [19, 11, 20, 10], [21, 6, 22, 7], [23, 4, 24, 5], [1, 16, 2, 17], [3, 14, 4, 15], [5, 22, 6, 23], [7, 13, 8, 12], [9, 19, 10, 18], [11, 21, 12, 20]]"
12a_1030_69,"[[11, 21, 12, 20], [13, 24, 14, 1], [15, 2, 16, 3], [17, 9, 18, 8], [19, 11, 20, 10], [21, 6, 22, 7], [23, 4, 24, 5], [1, 16, 2, 17], [3, 14, 4, 15], [5, 22, 6, 23], [7, 13, 8, 12], [9, 19, 10, 18]]"
12a_1030_70,"[[9, 19, 10, 18], [11, 21, 12, 20], [13, 24, 14, 1], [15, 2, 16, 3], [17, 9, 18, 8], [19, 11, 20, 10], [21, 6, 22, 7], [23, 4, 24, 5], [1, 16, 2, 17], [3, 14, 4, 15], [5, 22, 6, 23], [7, 13, 8, 12]]"
12a_1030_71,"[[7, 13, 8, 12], [9, 19, 10, 18], [11, 21, 12, 20], [13, 24, 14, 1], [15, 2, 16, 3], [17, 9, 18, 8], [19, 11, 20, 10], [21, 6, 22, 7], [23, 4, 24, 5], [1, 16, 2, 17], [3, 14, 4, 15], [5, 22, 6, 23]]"
12a_1030_72,"[[6, 23, 7, 24], [8, 14, 9, 13], [10, 20, 11, 19], [12, 22, 13, 21], [14, 1, 15, 2], [16, 3, 17, 4], [18, 10, 19, 9], [20, 12, 21, 11], [22, 7, 23, 8], [24, 5, 1, 6], [2, 17, 3, 18], [4, 15, 5, 16]]"
12a_1030_73,"[[4, 15, 5, 16], [6, 23, 7, 24], [8, 14, 9, 13], [10, 20, 11, 19], [12, 22, 13, 21], [14, 1, 15, 2], [16, 3, 17, 4], [18, 10, 19, 9], [20, 12, 21, 11], [22, 7, 23, 8], [24, 5, 1, 6], [2, 17, 3, 18]]"
12a_1030_74,"[[2, 17, 3, 18], [4, 15, 5, 16], [6, 23, 7, 24], [8, 14, 9, 13], [10, 20, 11, 19], [12, 22, 13, 21], [14, 1, 15, 2], [16, 3, 17, 4], [18, 10, 19, 9], [20, 12, 21, 11], [22, 7, 23, 8], [24, 5, 1, 6]]"
12a_1030_75,"[[24, 5, 1, 6], [2, 17, 3, 18], [4, 15, 5, 16], [6, 23, 7, 24], [8, 14, 9, 13], [10, 20, 11, 19], [12, 22, 13, 21], [14, 1, 15, 2], [16, 3, 17, 4], [18, 10, 19, 9], [20, 12, 21, 11], [22, 7, 23, 8]]"
12a_1030_76,"[[22, 7, 23, 8], [24, 5, 1, 6], [2, 17, 3, 18], [4, 15, 5, 16], [6, 23, 7, 24], [8, 14, 9, 13], [10, 20, 11, 19], [12, 22, 13, 21], [14, 1, 15, 2], [16, 3, 17, 4], [18, 10, 19, 9], [20, 12, 21, 11]]"
12a_1030_77,"[[20, 12, 21, 11], [22, 7, 23, 8], [24, 5, 1, 6], [2, 17, 3, 18], [4, 15, 5, 16], [6, 23, 7, 24], [8, 14, 9, 13], [10, 20, 11, 19], [12, 22, 13, 21], [14, 1, 15, 2], [16, 3, 17, 4], [18, 10, 19, 9]]"
12a_1030_78,"[[18, 10, 19, 9], [20, 12, 21, 11], [22, 7, 23, 8], [24, 5, 1, 6], [2, 17, 3, 18], [4, 15, 5, 16], [6, 23, 7, 24], [8, 14, 9, 13], [10, 20, 11, 19], [12, 22, 13, 21], [14, 1, 15, 2], [16, 3, 17, 4]]"
12a_1030_79,"[[16, 3, 17, 4], [18, 10, 19, 9], [20, 12, 21, 11], [22, 7, 23, 8], [24, 5, 1, 6], [2, 17, 3, 18], [4, 15, 5, 16], [6, 23, 7, 24], [8, 14, 9, 13], [10, 20, 11, 19], [12, 22, 13, 21], [14, 1, 15, 2]]"
12a_1030_80,"[[14, 1, 15, 2], [16, 3, 17, 4], [18, 10, 19, 9], [20, 12, 21, 11], [22, 7, 23, 8], [24, 5, 1, 6], [2, 17, 3, 18], [4, 15, 5, 16], [6, 23, 7, 24], [8, 14, 9, 13], [10, 20, 11, 19], [12, 22, 13, 21]]"
12a_1030_81,"[[12, 22, 13, 21], [14, 1, 15, 2], [16, 3, 17, 4], [18, 10, 19, 9], [20, 12, 21, 11], [22, 7, 23, 8], [24, 5, 1, 6], [2, 17, 3, 18], [4, 15, 5, 16], [6, 23, 7, 24], [8, 14, 9, 13], [10, 20, 11, 19]]"
12a_1030_82,"[[10, 20, 11, 19], [12, 22, 13, 21], [14, 1, 15, 2], [16, 3, 17, 4], [18, 10, 19, 9], [20, 12, 21, 11], [22, 7, 23, 8], [24, 5, 1, 6], [2, 17, 3, 18], [4, 15, 5, 16], [6, 23, 7, 24], [8, 14, 9, 13]]"
12a_1030_83,"[[8, 14, 9, 13], [10, 20, 11, 19], [12, 22, 13, 21], [14, 1, 15, 2], [16, 3, 17, 4], [18, 10, 19, 9], [20, 12, 21, 11], [22, 7, 23, 8], [24, 5, 1, 6], [2, 17, 3, 18], [4, 15, 5, 16], [6, 23, 7, 24]]"
12a_1030_84,"[[7, 24, 8, 1], [9, 15, 10, 14], [11, 21, 12, 20], [13, 23, 14, 22], [15, 2, 16, 3], [17, 4, 18, 5], [19, 11, 20, 10], [21, 13, 22, 12], [23, 8, 24, 9], [1, 6, 2, 7], [3, 18, 4, 19], [5, 16, 6, 17]]"
12a_1030_85,"[[5, 16, 6, 17], [7, 24, 8, 1], [9, 15, 10, 14], [11, 21, 12, 20], [13, 23, 14, 22], [15, 2, 16, 3], [17, 4, 18, 5], [19, 11, 20, 10], [21, 13, 22, 12], [23, 8, 24, 9], [1, 6, 2, 7], [3, 18, 4, 19]]"
12a_1030_86,"[[3, 18, 4, 19], [5, 16, 6, 17], [7, 24, 8, 1], [9, 15, 10, 14], [11, 21, 12, 20], [13, 23, 14, 22], [15, 2, 16, 3], [17, 4, 18, 5], [19, 11, 20, 10], [21, 13, 22, 12], [23, 8, 24, 9], [1, 6, 2, 7]]"
12a_1030_87,"[[1, 6, 2, 7], [3, 18, 4, 19], [5, 16, 6, 17], [7, 24, 8, 1], [9, 15, 10, 14], [11, 21, 12, 20], [13, 23, 14, 22], [15, 2, 16, 3], [17, 4, 18, 5], [19, 11, 20, 10], [21, 13, 22, 12], [23, 8, 24, 9]]"
12a_1030_88,"[[23, 8, 24, 9], [1, 6, 2, 7], [3, 18, 4, 19], [5, 16, 6, 17], [7, 24, 8, 1], [9, 15, 10, 14], [11, 21, 12, 20], [13, 23, 14, 22], [15, 2, 16, 3], [17, 4, 18, 5], [19, 11, 20, 10], [21, 13, 22, 12]]"
12a_1030_89,"[[21, 13, 22, 12], [23, 8, 24, 9], [1, 6, 2, 7], [3, 18, 4, 19], [5, 16, 6, 17], [7, 24, 8, 1], [9, 15, 10, 14], [11, 21, 12, 20], [13, 23, 14, 22], [15, 2, 16, 3], [17, 4, 18, 5], [19, 11, 20, 10]]"
12a_1030_90,"[[19, 11, 20, 10], [21, 13, 22, 12], [23, 8, 24, 9], [1, 6, 2, 7], [3, 18, 4, 19], [5, 16, 6, 17], [7, 24, 8, 1], [9, 15, 10, 14], [11, 21, 12, 20], [13, 23, 14, 22], [15, 2, 16, 3], [17, 4, 18, 5]]"
12a_1030_91,"[[17, 4, 18, 5], [19, 11, 20, 10], [21, 13, 22, 12], [23, 8, 24, 9], [1, 6, 2, 7], [3, 18, 4, 19], [5, 16, 6, 17], [7, 24, 8, 1], [9, 15, 10, 14], [11, 21, 12, 20], [13, 23, 14, 22], [15, 2, 16, 3]]"
12a_1030_92,"[[15, 2, 16, 3], [17, 4, 18, 5], [19, 11, 20, 10], [21, 13, 22, 12], [23, 8, 24, 9], [1, 6, 2, 7], [3, 18, 4, 19], [5, 16, 6, 17], [7, 24, 8, 1], [9, 15, 10, 14], [11, 21, 12, 20], [13, 23, 14, 22]]"
12a_1030_93,"[[13, 23, 14, 22], [15, 2, 16, 3], [17, 4, 18, 5], [19, 11, 20, 10], [21, 13, 22, 12], [23, 8, 24, 9], [1, 6, 2, 7], [3, 18, 4, 19], [5, 16, 6, 17], [7, 24, 8, 1], [9, 15, 10, 14], [11, 21, 12, 20]]"
12a_1030_94,"[[11, 21, 12, 20], [13, 23, 14, 22], [15, 2, 16, 3], [17, 4, 18, 5], [19, 11, 20, 10], [21, 13, 22, 12], [23, 8, 24, 9], [1, 6, 2, 7], [3, 18, 4, 19], [5, 16, 6, 17], [7, 24, 8, 1], [9, 15, 10, 14]]"
12a_1030_95,"[[9, 15, 10, 14], [11, 21, 12, 20], [13, 23, 14, 22], [15, 2, 16, 3], [17, 4, 18, 5], [19, 11, 20, 10], [21, 13, 22, 12], [23, 8, 24, 9], [1, 6, 2, 7], [3, 18, 4, 19], [5, 16, 6, 17], [7, 24, 8, 1]]"
12a_1030_96,"[[8, 1, 9, 2], [10, 16, 11, 15], [12, 22, 13, 21], [14, 24, 15, 23], [16, 3, 17, 4], [18, 5, 19, 6], [20, 12, 21, 11], [22, 14, 23, 13], [24, 9, 1, 10], [2, 7, 3, 8], [4, 19, 5, 20], [6, 17, 7, 18]]"
12a_1030_97,"[[6, 17, 7, 18], [8, 1, 9, 2], [10, 16, 11, 15], [12, 22, 13, 21], [14, 24, 15, 23], [16, 3, 17, 4], [18, 5, 19, 6], [20, 12, 21, 11], [22, 14, 23, 13], [24, 9, 1, 10], [2, 7, 3, 8], [4, 19, 5, 20]]"
12a_1030_98,"[[4, 19, 5, 20], [6, 17, 7, 18], [8, 1, 9, 2], [10, 16, 11, 15], [12, 22, 13, 21], [14, 24, 15, 23], [16, 3, 17, 4], [18, 5, 19, 6], [20, 12, 21, 11], [22, 14, 23, 13], [24, 9, 1, 10], [2, 7, 3, 8]]"
12a_1030_99,"[[2, 7, 3, 8], [4, 19, 5, 20], [6, 17, 7, 18], [8, 1, 9, 2], [10, 16, 11, 15], [12, 22, 13, 21], [14, 24, 15, 23], [16, 3, 17, 4], [18, 5, 19, 6], [20, 12, 21, 11], [22, 14, 23, 13], [24, 9, 1, 10]]"
12a_1030_100,"[[24, 9, 1, 10], [2, 7, 3, 8], [4, 19, 5, 20], [6, 17, 7, 18], [8, 1, 9, 2], [10, 16, 11, 15], [12, 22, 13, 21], [14, 24, 15, 23], [16, 3, 17, 4], [18, 5, 19, 6], [20, 12, 21, 11], [22, 14, 23, 13]]"
12a_1030_101,"[[22, 14, 23, 13], [24, 9, 1, 10], [2, 7, 3, 8], [4, 19, 5, 20], [6, 17, 7, 18], [8, 1, 9, 2], [10, 16, 11, 15], [12, 22, 13, 21], [14, 24, 15, 23], [16, 3, 17, 4], [18, 5, 19, 6], [20, 12, 21, 11]]"
12a_1030_102,"[[20, 12, 21, 11], [22, 14, 23, 13], [24, 9, 1, 10], [2, 7, 3, 8], [4, 19, 5, 20], [6, 17, 7, 18], [8, 1, 9, 2], [10, 16, 11, 15], [12, 22, 13, 21], [14, 24, 15, 23], [16, 3, 17, 4], [18, 5, 19, 6]]"
12a_1030_103,"[[18, 5, 19, 6], [20, 12, 21, 11], [22, 14, 23, 13], [24, 9, 1, 10], [2, 7, 3, 8], [4, 19, 5, 20], [6, 17, 7, 18], [8, 1, 9, 2], [10, 16, 11, 15], [12, 22, 13, 21], [14, 24, 15, 23], [16, 3, 17, 4]]"
12a_1030_104,"[[16, 3, 17, 4], [18, 5, 19, 6], [20, 12, 21, 11], [22, 14, 23, 13], [24, 9, 1, 10], [2, 7, 3, 8], [4, 19, 5, 20], [6, 17, 7, 18], [8, 1, 9, 2], [10, 16, 11, 15], [12, 22, 13, 21], [14, 24, 15, 23]]"
12a_1030_105,"[[14, 24, 15, 23], [16, 3, 17, 4], [18, 5, 19, 6], [20, 12, 21, 11], [22, 14, 23, 13], [24, 9, 1, 10], [2, 7, 3, 8], [4, 19, 5, 20], [6, 17, 7, 18], [8, 1, 9, 2], [10, 16, 11, 15], [12, 22, 13, 21]]"
12a_1030_106,"[[12, 22, 13, 21], [14, 24, 15, 23], [16, 3, 17, 4], [18, 5, 19, 6], [20, 12, 21, 11], [22, 14, 23, 13], [24, 9, 1, 10], [2, 7, 3, 8], [4, 19, 5, 20], [6, 17, 7, 18], [8, 1, 9, 2], [10, 16, 11, 15]]"
12a_1030_107,"[[10, 16, 11, 15], [12, 22, 13, 21], [14, 24, 15, 23], [16, 3, 17, 4], [18, 5, 19, 6], [20, 12, 21, 11], [22, 14, 23, 13], [24, 9, 1, 10], [2, 7, 3, 8], [4, 19, 5, 20], [6, 17, 7, 18], [8, 1, 9, 2]]"
12a_1030_108,"[[9, 2, 10, 3], [11, 17, 12, 16], [13, 23, 14, 22], [15, 1, 16, 24], [17, 4, 18, 5], [19, 6, 20, 7], [21, 13, 22, 12], [23, 15, 24, 14], [1, 10, 2, 11], [3, 8, 4, 9], [5, 20, 6, 21], [7, 18, 8, 19]]"
12a_1030_109,"[[7, 18, 8, 19], [9, 2, 10, 3], [11, 17, 12, 16], [13, 23, 14, 22], [15, 1, 16, 24], [17, 4, 18, 5], [19, 6, 20, 7], [21, 13, 22, 12], [23, 15, 24, 14], [1, 10, 2, 11], [3, 8, 4, 9], [5, 20, 6, 21]]"
12a_1030_110,"[[5, 20, 6, 21], [7, 18, 8, 19], [9, 2, 10, 3], [11, 17, 12, 16], [13, 23, 14, 22], [15, 1, 16, 24], [17, 4, 18, 5], [19, 6, 20, 7], [21, 13, 22, 12], [23, 15, 24, 14], [1, 10, 2, 11], [3, 8, 4, 9]]"
12a_1030_111,"[[3, 8, 4, 9], [5, 20, 6, 21], [7, 18, 8, 19], [9, 2, 10, 3], [11, 17, 12, 16], [13, 23, 14, 22], [15, 1, 16, 24], [17, 4, 18, 5], [19, 6, 20, 7], [21, 13, 22, 12], [23, 15, 24, 14], [1, 10, 2, 11]]"
12a_1030_112,"[[1, 10, 2, 11], [3, 8, 4, 9], [5, 20, 6, 21], [7, 18, 8, 19], [9, 2, 10, 3], [11, 17, 12, 16], [13, 23, 14, 22], [15, 1, 16, 24], [17, 4, 18, 5], [19, 6, 20, 7], [21, 13, 22, 12], [23, 15, 24, 14]]"
12a_1030_113,"[[23, 15, 24, 14], [1, 10, 2, 11], [3, 8, 4, 9], [5, 20, 6, 21], [7, 18, 8, 19], [9, 2, 10, 3], [11, 17, 12, 16], [13, 23, 14, 22], [15, 1, 16, 24], [17, 4, 18, 5], [19, 6, 20, 7], [21, 13, 22, 12]]"
12a_1030_114,"[[21, 13, 22, 12], [23, 15, 24, 14], [1, 10, 2, 11], [3, 8, 4, 9], [5, 20, 6, 21], [7, 18, 8, 19], [9, 2, 10, 3], [11, 17, 12, 16], [13, 23, 14, 22], [15, 1, 16, 24], [17, 4, 18, 5], [19, 6, 20, 7]]"
12a_1030_115,"[[19, 6, 20, 7], [21, 13, 22, 12], [23, 15, 24, 14], [1, 10, 2, 11], [3, 8, 4, 9], [5, 20, 6, 21], [7, 18, 8, 19], [9, 2, 10, 3], [11, 17, 12, 16], [13, 23, 14, 22], [15, 1, 16, 24], [17, 4, 18, 5]]"
12a_1030_116,"[[17, 4, 18, 5], [19, 6, 20, 7], [21, 13, 22, 12], [23, 15, 24, 14], [1, 10, 2, 11], [3, 8, 4, 9], [5, 20, 6, 21], [7, 18, 8, 19], [9, 2, 10, 3], [11, 17, 12, 16], [13, 23, 14, 22], [15, 1, 16, 24]]"
12a_1030_117,"[[15, 1, 16, 24], [17, 4, 18, 5], [19, 6, 20, 7], [21, 13, 22, 12], [23, 15, 24, 14], [1, 10, 2, 11], [3, 8, 4, 9], [5, 20, 6, 21], [7, 18, 8, 19], [9, 2, 10, 3], [11, 17, 12, 16], [13, 23, 14, 22]]"
12a_1030_118,"[[13, 23, 14, 22], [15, 1, 16, 24], [17, 4, 18, 5], [19, 6, 20, 7], [21, 13, 22, 12], [23, 15, 24, 14], [1, 10, 2, 11], [3, 8, 4, 9], [5, 20, 6, 21], [7, 18, 8, 19], [9, 2, 10, 3], [11, 17, 12, 16]]"
12a_1030_119,"[[11, 17, 12, 16], [13, 23, 14, 22], [15, 1, 16, 24], [17, 4, 18, 5], [19, 6, 20, 7], [21, 13, 22, 12], [23, 15, 24, 14], [1, 10, 2, 11], [3, 8, 4, 9], [5, 20, 6, 21], [7, 18, 8, 19], [9, 2, 10, 3]]"
12a_1030_120,"[[10, 3, 11, 4], [12, 18, 13, 17], [14, 24, 15, 23], [16, 2, 17, 1], [18, 5, 19, 6], [20, 7, 21, 8], [22, 14, 23, 13], [24, 16, 1, 15], [2, 11, 3, 12], [4, 9, 5, 10], [6, 21, 7, 22], [8, 19, 9, 20]]"
12a_1030_121,"[[8, 19, 9, 20], [10, 3, 11, 4], [12, 18, 13, 17], [14, 24, 15, 23], [16, 2, 17, 1], [18, 5, 19, 6], [20, 7, 21, 8], [22, 14, 23, 13], [24, 16, 1, 15], [2, 11, 3, 12], [4, 9, 5, 10], [6, 21, 7, 22]]"
12a_1030_122,"[[6, 21, 7, 22], [8, 19, 9, 20], [10, 3, 11, 4], [12, 18, 13, 17], [14, 24, 15, 23], [16, 2, 17, 1], [18, 5, 19, 6], [20, 7, 21, 8], [22, 14, 23, 13], [24, 16, 1, 15], [2, 11, 3, 12], [4, 9, 5, 10]]"
12a_1030_123,"[[4, 9, 5, 10], [6, 21, 7, 22], [8, 19, 9, 20], [10, 3, 11, 4], [12, 18, 13, 17], [14, 24, 15, 23], [16, 2, 17, 1], [18, 5, 19, 6], [20, 7, 21, 8], [22, 14, 23, 13], [24, 16, 1, 15], [2, 11, 3, 12]]"
12a_1030_124,"[[2, 11, 3, 12], [4, 9, 5, 10], [6, 21, 7, 22], [8, 19, 9, 20], [10, 3, 11, 4], [12, 18, 13, 17], [14, 24, 15, 23], [16, 2, 17, 1], [18, 5, 19, 6], [20, 7, 21, 8], [22, 14, 23, 13], [24, 16, 1, 15]]"
12a_1030_125,"[[24, 16, 1, 15], [2, 11, 3, 12], [4, 9, 5, 10], [6, 21, 7, 22], [8, 19, 9, 20], [10, 3, 11, 4], [12, 18, 13, 17], [14, 24, 15, 23], [16, 2, 17, 1], [18, 5, 19, 6], [20, 7, 21, 8], [22, 14, 23, 13]]"
12a_1030_126,"[[22, 14, 23, 13], [24, 16, 1, 15], [2, 11, 3, 12], [4, 9, 5, 10], [6, 21, 7, 22], [8, 19, 9, 20], [10, 3, 11, 4], [12, 18, 13, 17], [14, 24, 15, 23], [16, 2, 17, 1], [18, 5, 19, 6], [20, 7, 21, 8]]"
12a_1030_127,"[[20, 7, 21, 8], [22, 14, 23, 13], [24, 16, 1, 15], [2, 11, 3, 12], [4, 9, 5, 10], [6, 21, 7, 22], [8, 19, 9, 20], [10, 3, 11, 4], [12, 18, 13, 17], [14, 24, 15, 23], [16, 2, 17, 1], [18, 5, 19, 6]]"
12a_1030_128,"[[18, 5, 19, 6], [20, 7, 21, 8], [22, 14, 23, 13], [24, 16, 1, 15], [2, 11, 3, 12], [4, 9, 5, 10], [6, 21, 7, 22], [8, 19, 9, 20], [10, 3, 11, 4], [12, 18, 13, 17], [14, 24, 15, 23], [16, 2, 17, 1]]"
12a_1030_129,"[[16, 2, 17, 1], [18, 5, 19, 6], [20, 7, 21, 8], [22, 14, 23, 13], [24, 16, 1, 15], [2, 11, 3, 12], [4, 9, 5, 10], [6, 21, 7, 22], [8, 19, 9, 20], [10, 3, 11, 4], [12, 18, 13, 17], [14, 24, 15, 23]]"
12a_1030_130,"[[14, 24, 15, 23], [16, 2, 17, 1], [18, 5, 19, 6], [20, 7, 21, 8], [22, 14, 23, 13], [24, 16, 1, 15], [2, 11, 3, 12], [4, 9, 5, 10], [6, 21, 7, 22], [8, 19, 9, 20], [10, 3, 11, 4], [12, 18, 13, 17]]"
12a_1030_131,"[[12, 18, 13, 17], [14, 24, 15, 23], [16, 2, 17, 1], [18, 5, 19, 6], [20, 7, 21, 8], [22, 14, 23, 13], [24, 16, 1, 15], [2, 11, 3, 12], [4, 9, 5, 10], [6, 21, 7, 22], [8, 19, 9, 20], [10, 3, 11, 4]]"
12a_1030_132,"[[11, 4, 12, 5], [13, 19, 14, 18], [15, 1, 16, 24], [17, 3, 18, 2], [19, 6, 20, 7], [21, 8, 22, 9], [23, 15, 24, 14], [1, 17, 2, 16], [3, 12, 4, 13], [5, 10, 6, 11], [7, 22, 8, 23], [9, 20, 10, 21]]"
12a_1030_133,"[[9, 20, 10, 21], [11, 4, 12, 5], [13, 19, 14, 18], [15, 1, 16, 24], [17, 3, 18, 2], [19, 6, 20, 7], [21, 8, 22, 9], [23, 15, 24, 14], [1, 17, 2, 16], [3, 12, 4, 13], [5, 10, 6, 11], [7, 22, 8, 23]]"
12a_1030_134,"[[7, 22, 8, 23], [9, 20, 10, 21], [11, 4, 12, 5], [13, 19, 14, 18], [15, 1, 16, 24], [17, 3, 18, 2], [19, 6, 20, 7], [21, 8, 22, 9], [23, 15, 24, 14], [1, 17, 2, 16], [3, 12, 4, 13], [5, 10, 6, 11]]"
12a_1030_135,"[[5, 10, 6, 11], [7, 22, 8, 23], [9, 20, 10, 21], [11, 4, 12, 5], [13, 19, 14, 18], [15, 1, 16, 24], [17, 3, 18, 2], [19, 6, 20, 7], [21, 8, 22, 9], [23, 15, 24, 14], [1, 17, 2, 16], [3, 12, 4, 13]]"
12a_1030_136,"[[3, 12, 4, 13], [5, 10, 6, 11], [7, 22, 8, 23], [9, 20, 10, 21], [11, 4, 12, 5], [13, 19, 14, 18], [15, 1, 16, 24], [17, 3, 18, 2], [19, 6, 20, 7], [21, 8, 22, 9], [23, 15, 24, 14], [1, 17, 2, 16]]"
12a_1030_137,"[[1, 17, 2, 16], [3, 12, 4, 13], [5, 10, 6, 11], [7, 22, 8, 23], [9, 20, 10, 21], [11, 4, 12, 5], [13, 19, 14, 18], [15, 1, 16, 24], [17, 3, 18, 2], [19, 6, 20, 7], [21, 8, 22, 9], [23, 15, 24, 14]]"
12a_1030_138,"[[23, 15, 24, 14], [1, 17, 2, 16], [3, 12, 4, 13], [5, 10, 6, 11], [7, 22, 8, 23], [9, 20, 10, 21], [11, 4, 12, 5], [13, 19, 14, 18], [15, 1, 16, 24], [17, 3, 18, 2], [19, 6, 20, 7], [21, 8, 22, 9]]"
12a_1030_139,"[[21, 8, 22, 9], [23, 15, 24, 14], [1, 17, 2, 16], [3, 12, 4, 13], [5, 10, 6, 11], [7, 22, 8, 23], [9, 20, 10, 21], [11, 4, 12, 5], [13, 19, 14, 18], [15, 1, 16, 24], [17, 3, 18, 2], [19, 6, 20, 7]]"
12a_1030_140,"[[19, 6, 20, 7], [21, 8, 22, 9], [23, 15, 24, 14], [1, 17, 2, 16], [3, 12, 4, 13], [5, 10, 6, 11], [7, 22, 8, 23], [9, 20, 10, 21], [11, 4, 12, 5], [13, 19, 14, 18], [15, 1, 16, 24], [17, 3, 18, 2]]"
12a_1030_141,"[[17, 3, 18, 2], [19, 6, 20, 7], [21, 8, 22, 9], [23, 15, 24, 14], [1, 17, 2, 16], [3, 12, 4, 13], [5, 10, 6, 11], [7, 22, 8, 23], [9, 20, 10, 21], [11, 4, 12, 5], [13, 19, 14, 18], [15, 1, 16, 24]]"
12a_1030_142,"[[15, 1, 16, 24], [17, 3, 18, 2], [19, 6, 20, 7], [21, 8, 22, 9], [23, 15, 24, 14], [1, 17, 2, 16], [3, 12, 4, 13], [5, 10, 6, 11], [7, 22, 8, 23], [9, 20, 10, 21], [11, 4, 12, 5], [13, 19, 14, 18]]"
12a_1030_143,"[[13, 19, 14, 18], [15, 1, 16, 24], [17, 3, 18, 2], [19, 6, 20, 7], [21, 8, 22, 9], [23, 15, 24, 14], [1, 17, 2, 16], [3, 12, 4, 13], [5, 10, 6, 11], [7, 22, 8, 23], [9, 20, 10, 21], [11, 4, 12, 5]]"
12a_1030_144,"[[12, 5, 13, 6], [14, 20, 15, 19], [16, 2, 17, 1], [18, 4, 19, 3], [20, 7, 21, 8], [22, 9, 23, 10], [24, 16, 1, 15], [2, 18, 3, 17], [4, 13, 5, 14], [6, 11, 7, 12], [8, 23, 9, 24], [10, 21, 11, 22]]"
12a_1030_145,"[[10, 21, 11, 22], [12, 5, 13, 6], [14, 20, 15, 19], [16, 2, 17, 1], [18, 4, 19, 3], [20, 7, 21, 8], [22, 9, 23, 10], [24, 16, 1, 15], [2, 18, 3, 17], [4, 13, 5, 14], [6, 11, 7, 12], [8, 23, 9, 24]]"
12a_1030_146,"[[8, 23, 9, 24], [10, 21, 11, 22], [12, 5, 13, 6], [14, 20, 15, 19], [16, 2, 17, 1], [18, 4, 19, 3], [20, 7, 21, 8], [22, 9, 23, 10], [24, 16, 1, 15], [2, 18, 3, 17], [4, 13, 5, 14], [6, 11, 7, 12]]"
12a_1030_147,"[[6, 11, 7, 12], [8, 23, 9, 24], [10, 21, 11, 22], [12, 5, 13, 6], [14, 20, 15, 19], [16, 2, 17, 1], [18, 4, 19, 3], [20, 7, 21, 8], [22, 9, 23, 10], [24, 16, 1, 15], [2, 18, 3, 17], [4, 13, 5, 14]]"
12a_1030_148,"[[4, 13, 5, 14], [6, 11, 7, 12], [8, 23, 9, 24], [10, 21, 11, 22], [12, 5, 13, 6], [14, 20, 15, 19], [16, 2, 17, 1], [18, 4, 19, 3], [20, 7, 21, 8], [22, 9, 23, 10], [24, 16, 1, 15], [2, 18, 3, 17]]"
12a_1030_149,"[[2, 18, 3, 17], [4, 13, 5, 14], [6, 11, 7, 12], [8, 23, 9, 24], [10, 21, 11, 22], [12, 5, 13, 6], [14, 20, 15, 19], [16, 2, 17, 1], [18, 4, 19, 3], [20, 7, 21, 8], [22, 9, 23, 10], [24, 16, 1, 15]]"
12a_1030_150,"[[24, 16, 1, 15], [2, 18, 3, 17], [4, 13, 5, 14], [6, 11, 7, 12], [8, 23, 9, 24], [10, 21, 11, 22], [12, 5, 13, 6], [14, 20, 15, 19], [16, 2, 17, 1], [18, 4, 19, 3], [20, 7, 21, 8], [22, 9, 23, 10]]"
12a_1030_151,"[[22, 9, 23, 10], [24, 16, 1, 15], [2, 18, 3, 17], [4, 13, 5, 14], [6, 11, 7, 12], [8, 23, 9, 24], [10, 21, 11, 22], [12, 5, 13, 6], [14, 20, 15, 19], [16, 2, 17, 1], [18, 4, 19, 3], [20, 7, 21, 8]]"
12a_1030_152,"[[20, 7, 21, 8], [22, 9, 23, 10], [24, 16, 1, 15], [2, 18, 3, 17], [4, 13, 5, 14], [6, 11, 7, 12], [8, 23, 9, 24], [10, 21, 11, 22], [12, 5, 13, 6], [14, 20, 15, 19], [16, 2, 17, 1], [18, 4, 19, 3]]"
12a_1030_153,"[[18, 4, 19, 3], [20, 7, 21, 8], [22, 9, 23, 10], [24, 16, 1, 15], [2, 18, 3, 17], [4, 13, 5, 14], [6, 11, 7, 12], [8, 23, 9, 24], [10, 21, 11, 22], [12, 5, 13, 6], [14, 20, 15, 19], [16, 2, 17, 1]]"
12a_1030_154,"[[16, 2, 17, 1], [18, 4, 19, 3], [20, 7, 21, 8], [22, 9, 23, 10], [24, 16, 1, 15], [2, 18, 3, 17], [4, 13, 5, 14], [6, 11, 7, 12], [8, 23, 9, 24], [10, 21, 11, 22], [12, 5, 13, 6], [14, 20, 15, 19]]"
12a_1030_155,"[[14, 20, 15, 19], [16, 2, 17, 1], [18, 4, 19, 3], [20, 7, 21, 8], [22, 9, 23, 10], [24, 16, 1, 15], [2, 18, 3, 17], [4, 13, 5, 14], [6, 11, 7, 12], [8, 23, 9, 24], [10, 21, 11, 22], [12, 5, 13, 6]]"
12a_1030_156,"[[13, 6, 14, 7], [15, 21, 16, 20], [17, 3, 18, 2], [19, 5, 20, 4], [21, 8, 22, 9], [23, 10, 24, 11], [1, 17, 2, 16], [3, 19, 4, 18], [5, 14, 6, 15], [7, 12, 8, 13], [9, 24, 10, 1], [11, 22, 12, 23]]"
12a_1030_157,"[[11, 22, 12, 23], [13, 6, 14, 7], [15, 21, 16, 20], [17, 3, 18, 2], [19, 5, 20, 4], [21, 8, 22, 9], [23, 10, 24, 11], [1, 17, 2, 16], [3, 19, 4, 18], [5, 14, 6, 15], [7, 12, 8, 13], [9, 24, 10, 1]]"
12a_1030_158,"[[9, 24, 10, 1], [11, 22, 12, 23], [13, 6, 14, 7], [15, 21, 16, 20], [17, 3, 18, 2], [19, 5, 20, 4], [21, 8, 22, 9], [23, 10, 24, 11], [1, 17, 2, 16], [3, 19, 4, 18], [5, 14, 6, 15], [7, 12, 8, 13]]"
12a_1030_159,"[[7, 12, 8, 13], [9, 24, 10, 1], [11, 22, 12, 23], [13, 6, 14, 7], [15, 21, 16, 20], [17, 3, 18, 2], [19, 5, 20, 4], [21, 8, 22, 9], [23, 10, 24, 11], [1, 17, 2, 16], [3, 19, 4, 18], [5, 14, 6, 15]]"
12a_1030_160,"[[5, 14, 6, 15], [7, 12, 8, 13], [9, 24, 10, 1], [11, 22, 12, 23], [13, 6, 14, 7], [15, 21, 16, 20], [17, 3, 18, 2], [19, 5, 20, 4], [21, 8, 22, 9], [23, 10, 24, 11], [1, 17, 2, 16], [3, 19, 4, 18]]"
12a_1030_161,"[[3, 19, 4, 18], [5, 14, 6, 15], [7, 12, 8, 13], [9, 24, 10, 1], [11, 22, 12, 23], [13, 6, 14, 7], [15, 21, 16, 20], [17, 3, 18, 2], [19, 5, 20, 4], [21, 8, 22, 9], [23, 10, 24, 11], [1, 17, 2, 16]]"
12a_1030_162,"[[1, 17, 2, 16], [3, 19, 4, 18], [5, 14, 6, 15], [7, 12, 8, 13], [9, 24, 10, 1], [11, 22, 12, 23], [13, 6, 14, 7], [15, 21, 16, 20], [17, 3, 18, 2], [19, 5, 20, 4], [21, 8, 22, 9], [23, 10, 24, 11]]"
12a_1030_163,"[[23, 10, 24, 11], [1, 17, 2, 16], [3, 19, 4, 18], [5, 14, 6, 15], [7, 12, 8, 13], [9, 24, 10, 1], [11, 22, 12, 23], [13, 6, 14, 7], [15, 21, 16, 20], [17, 3, 18, 2], [19, 5, 20, 4], [21, 8, 22, 9]]"
12a_1030_164,"[[21, 8, 22, 9], [23, 10, 24, 11], [1, 17, 2, 16], [3, 19, 4, 18], [5, 14, 6, 15], [7, 12, 8, 13], [9, 24, 10, 1], [11, 22, 12, 23], [13, 6, 14, 7], [15, 21, 16, 20], [17, 3, 18, 2], [19, 5, 20, 4]]"
12a_1030_165,"[[19, 5, 20, 4], [21, 8, 22, 9], [23, 10, 24, 11], [1, 17, 2, 16], [3, 19, 4, 18], [5, 14, 6, 15], [7, 12, 8, 13], [9, 24, 10, 1], [11, 22, 12, 23], [13, 6, 14, 7], [15, 21, 16, 20], [17, 3, 18, 2]]"
12a_1030_166,"[[17, 3, 18, 2], [19, 5, 20, 4], [21, 8, 22, 9], [23, 10, 24, 11], [1, 17, 2, 16], [3, 19, 4, 18], [5, 14, 6, 15], [7, 12, 8, 13], [9, 24, 10, 1], [11, 22, 12, 23], [13, 6, 14, 7], [15, 21, 16, 20]]"
12a_1030_167,"[[15, 21, 16, 20], [17, 3, 18, 2], [19, 5, 20, 4], [21, 8, 22, 9], [23, 10, 24, 11], [1, 17, 2, 16], [3, 19, 4, 18], [5, 14, 6, 15], [7, 12, 8, 13], [9, 24, 10, 1], [11, 22, 12, 23], [13, 6, 14, 7]]"
12a_1030_168,"[[14, 7, 15, 8], [16, 22, 17, 21], [18, 4, 19, 3], [20, 6, 21, 5], [22, 9, 23, 10], [24, 11, 1, 12], [2, 18, 3, 17], [4, 20, 5, 19], [6, 15, 7, 16], [8, 13, 9, 14], [10, 1, 11, 2], [12, 23, 13, 24]]"
12a_1030_169,"[[12, 23, 13, 24], [14, 7, 15, 8], [16, 22, 17, 21], [18, 4, 19, 3], [20, 6, 21, 5], [22, 9, 23, 10], [24, 11, 1, 12], [2, 18, 3, 17], [4, 20, 5, 19], [6, 15, 7, 16], [8, 13, 9, 14], [10, 1, 11, 2]]"
12a_1030_170,"[[10, 1, 11, 2], [12, 23, 13, 24], [14, 7, 15, 8], [16, 22, 17, 21], [18, 4, 19, 3], [20, 6, 21, 5], [22, 9, 23, 10], [24, 11, 1, 12], [2, 18, 3, 17], [4, 20, 5, 19], [6, 15, 7, 16], [8, 13, 9, 14]]"
12a_1030_171,"[[8, 13, 9, 14], [10, 1, 11, 2], [12, 23, 13, 24], [14, 7, 15, 8], [16, 22, 17, 21], [18, 4, 19, 3], [20, 6, 21, 5], [22, 9, 23, 10], [24, 11, 1, 12], [2, 18, 3, 17], [4, 20, 5, 19], [6, 15, 7, 16]]"
12a_1030_172,"[[6, 15, 7, 16], [8, 13, 9, 14], [10, 1, 11, 2], [12, 23, 13, 24], [14, 7, 15, 8], [16, 22, 17, 21], [18, 4, 19, 3], [20, 6, 21, 5], [22, 9, 23, 10], [24, 11, 1, 12], [2, 18, 3, 17], [4, 20, 5, 19]]"
12a_1030_173,"[[4, 20, 5, 19], [6, 15, 7, 16], [8, 13, 9, 14], [10, 1, 11, 2], [12, 23, 13, 24], [14, 7, 15, 8], [16, 22, 17, 21], [18, 4, 19, 3], [20, 6, 21, 5], [22, 9, 23, 10], [24, 11, 1, 12], [2, 18, 3, 17]]"
12a_1030_174,"[[2, 18, 3, 17], [4, 20, 5, 19], [6, 15, 7, 16], [8, 13, 9, 14], [10, 1, 11, 2], [12, 23, 13, 24], [14, 7, 15, 8], [16, 22, 17, 21], [18, 4, 19, 3], [20, 6, 21, 5], [22, 9, 23, 10], [24, 11, 1, 12]]"
12a_1030_175,"[[24, 11, 1, 12], [2, 18, 3, 17], [4, 20, 5, 19], [6, 15, 7, 16], [8, 13, 9, 14], [10, 1, 11, 2], [12, 23, 13, 24], [14, 7, 15, 8], [16, 22, 17, 21], [18, 4, 19, 3], [20, 6, 21, 5], [22, 9, 23, 10]]"
12a_1030_176,"[[22, 9, 23, 10], [24, 11, 1, 12], [2, 18, 3, 17], [4, 20, 5, 19], [6, 15, 7, 16], [8, 13, 9, 14], [10, 1, 11, 2], [12, 23, 13, 24], [14, 7, 15, 8], [16, 22, 17, 21], [18, 4, 19, 3], [20, 6, 21, 5]]"
12a_1030_177,"[[20, 6, 21, 5], [22, 9, 23, 10], [24, 11, 1, 12], [2, 18, 3, 17], [4, 20, 5, 19], [6, 15, 7, 16], [8, 13, 9, 14], [10, 1, 11, 2], [12, 23, 13, 24], [14, 7, 15, 8], [16, 22, 17, 21], [18, 4, 19, 3]]"
12a_1030_178,"[[18, 4, 19, 3], [20, 6, 21, 5], [22, 9, 23, 10], [24, 11, 1, 12], [2, 18, 3, 17], [4, 20, 5, 19], [6, 15, 7, 16], [8, 13, 9, 14], [10, 1, 11, 2], [12, 23, 13, 24], [14, 7, 15, 8], [16, 22, 17, 21]]"
12a_1030_179,"[[16, 22, 17, 21], [18, 4, 19, 3], [20, 6, 21, 5], [22, 9, 23, 10], [24, 11, 1, 12], [2, 18, 3, 17], [4, 20, 5, 19], [6, 15, 7, 16], [8, 13, 9, 14], [10, 1, 11, 2], [12, 23, 13, 24], [14, 7, 15, 8]]"
12a_1030_180,"[[15, 8, 16, 9], [17, 23, 18, 22], [19, 5, 20, 4], [21, 7, 22, 6], [23, 10, 24, 11], [1, 12, 2, 13], [3, 19, 4, 18], [5, 21, 6, 20], [7, 16, 8, 17], [9, 14, 10, 15], [11, 2, 12, 3], [13, 24, 14, 1]]"
12a_1030_181,"[[13, 24, 14, 1], [15, 8, 16, 9], [17, 23, 18, 22], [19, 5, 20, 4], [21, 7, 22, 6], [23, 10, 24, 11], [1, 12, 2, 13], [3, 19, 4, 18], [5, 21, 6, 20], [7, 16, 8, 17], [9, 14, 10, 15], [11, 2, 12, 3]]"
12a_1030_182,"[[11, 2, 12, 3], [13, 24, 14, 1], [15, 8, 16, 9], [17, 23, 18, 22], [19, 5, 20, 4], [21, 7, 22, 6], [23, 10, 24, 11], [1, 12, 2, 13], [3, 19, 4, 18], [5, 21, 6, 20], [7, 16, 8, 17], [9, 14, 10, 15]]"
12a_1030_183,"[[9, 14, 10, 15], [11, 2, 12, 3], [13, 24, 14, 1], [15, 8, 16, 9], [17, 23, 18, 22], [19, 5, 20, 4], [21, 7, 22, 6], [23, 10, 24, 11], [1, 12, 2, 13], [3, 19, 4, 18], [5, 21, 6, 20], [7, 16, 8, 17]]"
12a_1030_184,"[[7, 16, 8, 17], [9, 14, 10, 15], [11, 2, 12, 3], [13, 24, 14, 1], [15, 8, 16, 9], [17, 23, 18, 22], [19, 5, 20, 4], [21, 7, 22, 6], [23, 10, 24, 11], [1, 12, 2, 13], [3, 19, 4, 18], [5, 21, 6, 20]]"
12a_1030_185,"[[5, 21, 6, 20], [7, 16, 8, 17], [9, 14, 10, 15], [11, 2, 12, 3], [13, 24, 14, 1], [15, 8, 16, 9], [17, 23, 18, 22], [19, 5, 20, 4], [21, 7, 22, 6], [23, 10, 24, 11], [1, 12, 2, 13], [3, 19, 4, 18]]"
