name,pd_notation
12a_0592_0,"[[24, 20, 1, 19], [2, 6, 3, 5], [4, 13, 5, 14], [6, 18, 7, 17], [8, 22, 9, 21], [10, 16, 11, 15], [12, 24, 13, 23], [14, 3, 15, 4], [16, 10, 17, 9], [18, 2, 19, 1], [20, 8, 21, 7], [22, 12, 23, 11]]"
12a_0592_1,"[[22, 12, 23, 11], [24, 20, 1, 19], [2, 6, 3, 5], [4, 13, 5, 14], [6, 18, 7, 17], [8, 22, 9, 21], [10, 16, 11, 15], [12, 24, 13, 23], [14, 3, 15, 4], [16, 10, 17, 9], [18, 2, 19, 1], [20, 8, 21, 7]]"
12a_0592_2,"[[20, 8, 21, 7], [22, 12, 23, 11], [24, 20, 1, 19], [2, 6, 3, 5], [4, 13, 5, 14], [6, 18, 7, 17], [8, 22, 9, 21], [10, 16, 11, 15], [12, 24, 13, 23], [14, 3, 15, 4], [16, 10, 17, 9], [18, 2, 19, 1]]"
12a_0592_3,"[[18, 2, 19, 1], [20, 8, 21, 7], [22, 12, 23, 11], [24, 20, 1, 19], [2, 6, 3, 5], [4, 13, 5, 14], [6, 18, 7, 17], [8, 22, 9, 21], [10, 16, 11, 15], [12, 24, 13, 23], [14, 3, 15, 4], [16, 10, 17, 9]]"
12a_0592_4,"[[16, 10, 17, 9], [18, 2, 19, 1], [20, 8, 21, 7], [22, 12, 23, 11], [24, 20, 1, 19], [2, 6, 3, 5], [4, 13, 5, 14], [6, 18, 7, 17], [8, 22, 9, 21], [10, 16, 11, 15], [12, 24, 13, 23], [14, 3, 15, 4]]"
12a_0592_5,"[[14, 3, 15, 4], [16, 10, 17, 9], [18, 2, 19, 1], [20, 8, 21, 7], [22, 12, 23, 11], [24, 20, 1, 19], [2, 6, 3, 5], [4, 13, 5, 14], [6, 18, 7, 17], [8, 22, 9, 21], [10, 16, 11, 15], [12, 24, 13, 23]]"
12a_0592_6,"[[12, 24, 13, 23], [14, 3, 15, 4], [16, 10, 17, 9], [18, 2, 19, 1], [20, 8, 21, 7], [22, 12, 23, 11], [24, 20, 1, 19], [2, 6, 3, 5], [4, 13, 5, 14], [6, 18, 7, 17], [8, 22, 9, 21], [10, 16, 11, 15]]"
12a_0592_7,"[[10, 16, 11, 15], [12, 24, 13, 23], [14, 3, 15, 4], [16, 10, 17, 9], [18, 2, 19, 1], [20, 8, 21, 7], [22, 12, 23, 11], [24, 20, 1, 19], [2, 6, 3, 5], [4, 13, 5, 14], [6, 18, 7, 17], [8, 22, 9, 21]]"
12a_0592_8,"[[8, 22, 9, 21], [10, 16, 11, 15], [12, 24, 13, 23], [14, 3, 15, 4], [16, 10, 17, 9], [18, 2, 19, 1], [20, 8, 21, 7], [22, 12, 23, 11], [24, 20, 1, 19], [2, 6, 3, 5], [4, 13, 5, 14], [6, 18, 7, 17]]"
12a_0592_9,"[[6, 18, 7, 17], [8, 22, 9, 21], [10, 16, 11, 15], [12, 24, 13, 23], [14, 3, 15, 4], [16, 10, 17, 9], [18, 2, 19, 1], [20, 8, 21, 7], [22, 12, 23, 11], [24, 20, 1, 19], [2, 6, 3, 5], [4, 13, 5, 14]]"
12a_0592_10,"[[4, 13, 5, 14], [6, 18, 7, 17], [8, 22, 9, 21], [10, 16, 11, 15], [12, 24, 13, 23], [14, 3, 15, 4], [16, 10, 17, 9], [18, 2, 19, 1], [20, 8, 21, 7], [22, 12, 23, 11], [24, 20, 1, 19], [2, 6, 3, 5]]"
12a_0592_11,"[[2, 6, 3, 5], [4, 13, 5, 14], [6, 18, 7, 17], [8, 22, 9, 21], [10, 16, 11, 15], [12, 24, 13, 23], [14, 3, 15, 4], [16, 10, 17, 9], [18, 2, 19, 1], [20, 8, 21, 7], [22, 12, 23, 11], [24, 20, 1, 19]]"
12a_0592_12,"[[1, 21, 2, 20], [3, 7, 4, 6], [5, 14, 6, 15], [7, 19, 8, 18], [9, 23, 10, 22], [11, 17, 12, 16], [13, 1, 14, 24], [15, 4, 16, 5], [17, 11, 18, 10], [19, 3, 20, 2], [21, 9, 22, 8], [23, 13, 24, 12]]"
12a_0592_13,"[[23, 13, 24, 12], [1, 21, 2, 20], [3, 7, 4, 6], [5, 14, 6, 15], [7, 19, 8, 18], [9, 23, 10, 22], [11, 17, 12, 16], [13, 1, 14, 24], [15, 4, 16, 5], [17, 11, 18, 10], [19, 3, 20, 2], [21, 9, 22, 8]]"
12a_0592_14,"[[21, 9, 22, 8], [23, 13, 24, 12], [1, 21, 2, 20], [3, 7, 4, 6], [5, 14, 6, 15], [7, 19, 8, 18], [9, 23, 10, 22], [11, 17, 12, 16], [13, 1, 14, 24], [15, 4, 16, 5], [17, 11, 18, 10], [19, 3, 20, 2]]"
12a_0592_15,"[[19, 3, 20, 2], [21, 9, 22, 8], [23, 13, 24, 12], [1, 21, 2, 20], [3, 7, 4, 6], [5, 14, 6, 15], [7, 19, 8, 18], [9, 23, 10, 22], [11, 17, 12, 16], [13, 1, 14, 24], [15, 4, 16, 5], [17, 11, 18, 10]]"
12a_0592_16,"[[17, 11, 18, 10], [19, 3, 20, 2], [21, 9, 22, 8], [23, 13, 24, 12], [1, 21, 2, 20], [3, 7, 4, 6], [5, 14, 6, 15], [7, 19, 8, 18], [9, 23, 10, 22], [11, 17, 12, 16], [13, 1, 14, 24], [15, 4, 16, 5]]"
12a_0592_17,"[[15, 4, 16, 5], [17, 11, 18, 10], [19, 3, 20, 2], [21, 9, 22, 8], [23, 13, 24, 12], [1, 21, 2, 20], [3, 7, 4, 6], [5, 14, 6, 15], [7, 19, 8, 18], [9, 23, 10, 22], [11, 17, 12, 16], [13, 1, 14, 24]]"
12a_0592_18,"[[13, 1, 14, 24], [15, 4, 16, 5], [17, 11, 18, 10], [19, 3, 20, 2], [21, 9, 22, 8], [23, 13, 24, 12], [1, 21, 2, 20], [3, 7, 4, 6], [5, 14, 6, 15], [7, 19, 8, 18], [9, 23, 10, 22], [11, 17, 12, 16]]"
12a_0592_19,"[[11, 17, 12, 16], [13, 1, 14, 24], [15, 4, 16, 5], [17, 11, 18, 10], [19, 3, 20, 2], [21, 9, 22, 8], [23, 13, 24, 12], [1, 21, 2, 20], [3, 7, 4, 6], [5, 14, 6, 15], [7, 19, 8, 18], [9, 23, 10, 22]]"
12a_0592_20,"[[9, 23, 10, 22], [11, 17, 12, 16], [13, 1, 14, 24], [15, 4, 16, 5], [17, 11, 18, 10], [19, 3, 20, 2], [21, 9, 22, 8], [23, 13, 24, 12], [1, 21, 2, 20], [3, 7, 4, 6], [5, 14, 6, 15], [7, 19, 8, 18]]"
12a_0592_21,"[[7, 19, 8, 18], [9, 23, 10, 22], [11, 17, 12, 16], [13, 1, 14, 24], [15, 4, 16, 5], [17, 11, 18, 10], [19, 3, 20, 2], [21, 9, 22, 8], [23, 13, 24, 12], [1, 21, 2, 20], [3, 7, 4, 6], [5, 14, 6, 15]]"
12a_0592_22,"[[5, 14, 6, 15], [7, 19, 8, 18], [9, 23, 10, 22], [11, 17, 12, 16], [13, 1, 14, 24], [15, 4, 16, 5], [17, 11, 18, 10], [19, 3, 20, 2], [21, 9, 22, 8], [23, 13, 24, 12], [1, 21, 2, 20], [3, 7, 4, 6]]"
12a_0592_23,"[[3, 7, 4, 6], [5, 14, 6, 15], [7, 19, 8, 18], [9, 23, 10, 22], [11, 17, 12, 16], [13, 1, 14, 24], [15, 4, 16, 5], [17, 11, 18, 10], [19, 3, 20, 2], [21, 9, 22, 8], [23, 13, 24, 12], [1, 21, 2, 20]]"
12a_0592_24,"[[2, 22, 3, 21], [4, 8, 5, 7], [6, 15, 7, 16], [8, 20, 9, 19], [10, 24, 11, 23], [12, 18, 13, 17], [14, 2, 15, 1], [16, 5, 17, 6], [18, 12, 19, 11], [20, 4, 21, 3], [22, 10, 23, 9], [24, 14, 1, 13]]"
12a_0592_25,"[[24, 14, 1, 13], [2, 22, 3, 21], [4, 8, 5, 7], [6, 15, 7, 16], [8, 20, 9, 19], [10, 24, 11, 23], [12, 18, 13, 17], [14, 2, 15, 1], [16, 5, 17, 6], [18, 12, 19, 11], [20, 4, 21, 3], [22, 10, 23, 9]]"
12a_0592_26,"[[22, 10, 23, 9], [24, 14, 1, 13], [2, 22, 3, 21], [4, 8, 5, 7], [6, 15, 7, 16], [8, 20, 9, 19], [10, 24, 11, 23], [12, 18, 13, 17], [14, 2, 15, 1], [16, 5, 17, 6], [18, 12, 19, 11], [20, 4, 21, 3]]"
12a_0592_27,"[[20, 4, 21, 3], [22, 10, 23, 9], [24, 14, 1, 13], [2, 22, 3, 21], [4, 8, 5, 7], [6, 15, 7, 16], [8, 20, 9, 19], [10, 24, 11, 23], [12, 18, 13, 17], [14, 2, 15, 1], [16, 5, 17, 6], [18, 12, 19, 11]]"
12a_0592_28,"[[18, 12, 19, 11], [20, 4, 21, 3], [22, 10, 23, 9], [24, 14, 1, 13], [2, 22, 3, 21], [4, 8, 5, 7], [6, 15, 7, 16], [8, 20, 9, 19], [10, 24, 11, 23], [12, 18, 13, 17], [14, 2, 15, 1], [16, 5, 17, 6]]"
12a_0592_29,"[[16, 5, 17, 6], [18, 12, 19, 11], [20, 4, 21, 3], [22, 10, 23, 9], [24, 14, 1, 13], [2, 22, 3, 21], [4, 8, 5, 7], [6, 15, 7, 16], [8, 20, 9, 19], [10, 24, 11, 23], [12, 18, 13, 17], [14, 2, 15, 1]]"
12a_0592_30,"[[14, 2, 15, 1], [16, 5, 17, 6], [18, 12, 19, 11], [20, 4, 21, 3], [22, 10, 23, 9], [24, 14, 1, 13], [2, 22, 3, 21], [4, 8, 5, 7], [6, 15, 7, 16], [8, 20, 9, 19], [10, 24, 11, 23], [12, 18, 13, 17]]"
12a_0592_31,"[[12, 18, 13, 17], [14, 2, 15, 1], [16, 5, 17, 6], [18, 12, 19, 11], [20, 4, 21, 3], [22, 10, 23, 9], [24, 14, 1, 13], [2, 22, 3, 21], [4, 8, 5, 7], [6, 15, 7, 16], [8, 20, 9, 19], [10, 24, 11, 23]]"
12a_0592_32,"[[10, 24, 11, 23], [12, 18, 13, 17], [14, 2, 15, 1], [16, 5, 17, 6], [18, 12, 19, 11], [20, 4, 21, 3], [22, 10, 23, 9], [24, 14, 1, 13], [2, 22, 3, 21], [4, 8, 5, 7], [6, 15, 7, 16], [8, 20, 9, 19]]"
12a_0592_33,"[[8, 20, 9, 19], [10, 24, 11, 23], [12, 18, 13, 17], [14, 2, 15, 1], [16, 5, 17, 6], [18, 12, 19, 11], [20, 4, 21, 3], [22, 10, 23, 9], [24, 14, 1, 13], [2, 22, 3, 21], [4, 8, 5, 7], [6, 15, 7, 16]]"
12a_0592_34,"[[6, 15, 7, 16], [8, 20, 9, 19], [10, 24, 11, 23], [12, 18, 13, 17], [14, 2, 15, 1], [16, 5, 17, 6], [18, 12, 19, 11], [20, 4, 21, 3], [22, 10, 23, 9], [24, 14, 1, 13], [2, 22, 3, 21], [4, 8, 5, 7]]"
12a_0592_35,"[[4, 8, 5, 7], [6, 15, 7, 16], [8, 20, 9, 19], [10, 24, 11, 23], [12, 18, 13, 17], [14, 2, 15, 1], [16, 5, 17, 6], [18, 12, 19, 11], [20, 4, 21, 3], [22, 10, 23, 9], [24, 14, 1, 13], [2, 22, 3, 21]]"
12a_0592_36,"[[3, 23, 4, 22], [5, 9, 6, 8], [7, 16, 8, 17], [9, 21, 10, 20], [11, 1, 12, 24], [13, 19, 14, 18], [15, 3, 16, 2], [17, 6, 18, 7], [19, 13, 20, 12], [21, 5, 22, 4], [23, 11, 24, 10], [1, 15, 2, 14]]"
12a_0592_37,"[[1, 15, 2, 14], [3, 23, 4, 22], [5, 9, 6, 8], [7, 16, 8, 17], [9, 21, 10, 20], [11, 1, 12, 24], [13, 19, 14, 18], [15, 3, 16, 2], [17, 6, 18, 7], [19, 13, 20, 12], [21, 5, 22, 4], [23, 11, 24, 10]]"
12a_0592_38,"[[23, 11, 24, 10], [1, 15, 2, 14], [3, 23, 4, 22], [5, 9, 6, 8], [7, 16, 8, 17], [9, 21, 10, 20], [11, 1, 12, 24], [13, 19, 14, 18], [15, 3, 16, 2], [17, 6, 18, 7], [19, 13, 20, 12], [21, 5, 22, 4]]"
12a_0592_39,"[[21, 5, 22, 4], [23, 11, 24, 10], [1, 15, 2, 14], [3, 23, 4, 22], [5, 9, 6, 8], [7, 16, 8, 17], [9, 21, 10, 20], [11, 1, 12, 24], [13, 19, 14, 18], [15, 3, 16, 2], [17, 6, 18, 7], [19, 13, 20, 12]]"
12a_0592_40,"[[19, 13, 20, 12], [21, 5, 22, 4], [23, 11, 24, 10], [1, 15, 2, 14], [3, 23, 4, 22], [5, 9, 6, 8], [7, 16, 8, 17], [9, 21, 10, 20], [11, 1, 12, 24], [13, 19, 14, 18], [15, 3, 16, 2], [17, 6, 18, 7]]"
12a_0592_41,"[[17, 6, 18, 7], [19, 13, 20, 12], [21, 5, 22, 4], [23, 11, 24, 10], [1, 15, 2, 14], [3, 23, 4, 22], [5, 9, 6, 8], [7, 16, 8, 17], [9, 21, 10, 20], [11, 1, 12, 24], [13, 19, 14, 18], [15, 3, 16, 2]]"
12a_0592_42,"[[15, 3, 16, 2], [17, 6, 18, 7], [19, 13, 20, 12], [21, 5, 22, 4], [23, 11, 24, 10], [1, 15, 2, 14], [3, 23, 4, 22], [5, 9, 6, 8], [7, 16, 8, 17], [9, 21, 10, 20], [11, 1, 12, 24], [13, 19, 14, 18]]"
12a_0592_43,"[[13, 19, 14, 18], [15, 3, 16, 2], [17, 6, 18, 7], [19, 13, 20, 12], [21, 5, 22, 4], [23, 11, 24, 10], [1, 15, 2, 14], [3, 23, 4, 22], [5, 9, 6, 8], [7, 16, 8, 17], [9, 21, 10, 20], [11, 1, 12, 24]]"
12a_0592_44,"[[11, 1, 12, 24], [13, 19, 14, 18], [15, 3, 16, 2], [17, 6, 18, 7], [19, 13, 20, 12], [21, 5, 22, 4], [23, 11, 24, 10], [1, 15, 2, 14], [3, 23, 4, 22], [5, 9, 6, 8], [7, 16, 8, 17], [9, 21, 10, 20]]"
12a_0592_45,"[[9, 21, 10, 20], [11, 1, 12, 24], [13, 19, 14, 18], [15, 3, 16, 2], [17, 6, 18, 7], [19, 13, 20, 12], [21, 5, 22, 4], [23, 11, 24, 10], [1, 15, 2, 14], [3, 23, 4, 22], [5, 9, 6, 8], [7, 16, 8, 17]]"
12a_0592_46,"[[7, 16, 8, 17], [9, 21, 10, 20], [11, 1, 12, 24], [13, 19, 14, 18], [15, 3, 16, 2], [17, 6, 18, 7], [19, 13, 20, 12], [21, 5, 22, 4], [23, 11, 24, 10], [1, 15, 2, 14], [3, 23, 4, 22], [5, 9, 6, 8]]"
12a_0592_47,"[[5, 9, 6, 8], [7, 16, 8, 17], [9, 21, 10, 20], [11, 1, 12, 24], [13, 19, 14, 18], [15, 3, 16, 2], [17, 6, 18, 7], [19, 13, 20, 12], [21, 5, 22, 4], [23, 11, 24, 10], [1, 15, 2, 14], [3, 23, 4, 22]]"
12a_0592_48,"[[4, 24, 5, 23], [6, 10, 7, 9], [8, 17, 9, 18], [10, 22, 11, 21], [12, 2, 13, 1], [14, 20, 15, 19], [16, 4, 17, 3], [18, 7, 19, 8], [20, 14, 21, 13], [22, 6, 23, 5], [24, 12, 1, 11], [2, 16, 3, 15]]"
12a_0592_49,"[[2, 16, 3, 15], [4, 24, 5, 23], [6, 10, 7, 9], [8, 17, 9, 18], [10, 22, 11, 21], [12, 2, 13, 1], [14, 20, 15, 19], [16, 4, 17, 3], [18, 7, 19, 8], [20, 14, 21, 13], [22, 6, 23, 5], [24, 12, 1, 11]]"
12a_0592_50,"[[24, 12, 1, 11], [2, 16, 3, 15], [4, 24, 5, 23], [6, 10, 7, 9], [8, 17, 9, 18], [10, 22, 11, 21], [12, 2, 13, 1], [14, 20, 15, 19], [16, 4, 17, 3], [18, 7, 19, 8], [20, 14, 21, 13], [22, 6, 23, 5]]"
12a_0592_51,"[[22, 6, 23, 5], [24, 12, 1, 11], [2, 16, 3, 15], [4, 24, 5, 23], [6, 10, 7, 9], [8, 17, 9, 18], [10, 22, 11, 21], [12, 2, 13, 1], [14, 20, 15, 19], [16, 4, 17, 3], [18, 7, 19, 8], [20, 14, 21, 13]]"
12a_0592_52,"[[20, 14, 21, 13], [22, 6, 23, 5], [24, 12, 1, 11], [2, 16, 3, 15], [4, 24, 5, 23], [6, 10, 7, 9], [8, 17, 9, 18], [10, 22, 11, 21], [12, 2, 13, 1], [14, 20, 15, 19], [16, 4, 17, 3], [18, 7, 19, 8]]"
12a_0592_53,"[[18, 7, 19, 8], [20, 14, 21, 13], [22, 6, 23, 5], [24, 12, 1, 11], [2, 16, 3, 15], [4, 24, 5, 23], [6, 10, 7, 9], [8, 17, 9, 18], [10, 22, 11, 21], [12, 2, 13, 1], [14, 20, 15, 19], [16, 4, 17, 3]]"
12a_0592_54,"[[16, 4, 17, 3], [18, 7, 19, 8], [20, 14, 21, 13], [22, 6, 23, 5], [24, 12, 1, 11], [2, 16, 3, 15], [4, 24, 5, 23], [6, 10, 7, 9], [8, 17, 9, 18], [10, 22, 11, 21], [12, 2, 13, 1], [14, 20, 15, 19]]"
12a_0592_55,"[[14, 20, 15, 19], [16, 4, 17, 3], [18, 7, 19, 8], [20, 14, 21, 13], [22, 6, 23, 5], [24, 12, 1, 11], [2, 16, 3, 15], [4, 24, 5, 23], [6, 10, 7, 9], [8, 17, 9, 18], [10, 22, 11, 21], [12, 2, 13, 1]]"
12a_0592_56,"[[12, 2, 13, 1], [14, 20, 15, 19], [16, 4, 17, 3], [18, 7, 19, 8], [20, 14, 21, 13], [22, 6, 23, 5], [24, 12, 1, 11], [2, 16, 3, 15], [4, 24, 5, 23], [6, 10, 7, 9], [8, 17, 9, 18], [10, 22, 11, 21]]"
12a_0592_57,"[[10, 22, 11, 21], [12, 2, 13, 1], [14, 20, 15, 19], [16, 4, 17, 3], [18, 7, 19, 8], [20, 14, 21, 13], [22, 6, 23, 5], [24, 12, 1, 11], [2, 16, 3, 15], [4, 24, 5, 23], [6, 10, 7, 9], [8, 17, 9, 18]]"
12a_0592_58,"[[8, 17, 9, 18], [10, 22, 11, 21], [12, 2, 13, 1], [14, 20, 15, 19], [16, 4, 17, 3], [18, 7, 19, 8], [20, 14, 21, 13], [22, 6, 23, 5], [24, 12, 1, 11], [2, 16, 3, 15], [4, 24, 5, 23], [6, 10, 7, 9]]"
12a_0592_59,"[[6, 10, 7, 9], [8, 17, 9, 18], [10, 22, 11, 21], [12, 2, 13, 1], [14, 20, 15, 19], [16, 4, 17, 3], [18, 7, 19, 8], [20, 14, 21, 13], [22, 6, 23, 5], [24, 12, 1, 11], [2, 16, 3, 15], [4, 24, 5, 23]]"
12a_0592_60,"[[5, 1, 6, 24], [7, 11, 8, 10], [9, 18, 10, 19], [11, 23, 12, 22], [13, 3, 14, 2], [15, 21, 16, 20], [17, 5, 18, 4], [19, 8, 20, 9], [21, 15, 22, 14], [23, 7, 24, 6], [1, 13, 2, 12], [3, 17, 4, 16]]"
12a_0592_61,"[[3, 17, 4, 16], [5, 1, 6, 24], [7, 11, 8, 10], [9, 18, 10, 19], [11, 23, 12, 22], [13, 3, 14, 2], [15, 21, 16, 20], [17, 5, 18, 4], [19, 8, 20, 9], [21, 15, 22, 14], [23, 7, 24, 6], [1, 13, 2, 12]]"
12a_0592_62,"[[1, 13, 2, 12], [3, 17, 4, 16], [5, 1, 6, 24], [7, 11, 8, 10], [9, 18, 10, 19], [11, 23, 12, 22], [13, 3, 14, 2], [15, 21, 16, 20], [17, 5, 18, 4], [19, 8, 20, 9], [21, 15, 22, 14], [23, 7, 24, 6]]"
12a_0592_63,"[[23, 7, 24, 6], [1, 13, 2, 12], [3, 17, 4, 16], [5, 1, 6, 24], [7, 11, 8, 10], [9, 18, 10, 19], [11, 23, 12, 22], [13, 3, 14, 2], [15, 21, 16, 20], [17, 5, 18, 4], [19, 8, 20, 9], [21, 15, 22, 14]]"
12a_0592_64,"[[21, 15, 22, 14], [23, 7, 24, 6], [1, 13, 2, 12], [3, 17, 4, 16], [5, 1, 6, 24], [7, 11, 8, 10], [9, 18, 10, 19], [11, 23, 12, 22], [13, 3, 14, 2], [15, 21, 16, 20], [17, 5, 18, 4], [19, 8, 20, 9]]"
12a_0592_65,"[[19, 8, 20, 9], [21, 15, 22, 14], [23, 7, 24, 6], [1, 13, 2, 12], [3, 17, 4, 16], [5, 1, 6, 24], [7, 11, 8, 10], [9, 18, 10, 19], [11, 23, 12, 22], [13, 3, 14, 2], [15, 21, 16, 20], [17, 5, 18, 4]]"
12a_0592_66,"[[17, 5, 18, 4], [19, 8, 20, 9], [21, 15, 22, 14], [23, 7, 24, 6], [1, 13, 2, 12], [3, 17, 4, 16], [5, 1, 6, 24], [7, 11, 8, 10], [9, 18, 10, 19], [11, 23, 12, 22], [13, 3, 14, 2], [15, 21, 16, 20]]"
12a_0592_67,"[[15, 21, 16, 20], [17, 5, 18, 4], [19, 8, 20, 9], [21, 15, 22, 14], [23, 7, 24, 6], [1, 13, 2, 12], [3, 17, 4, 16], [5, 1, 6, 24], [7, 11, 8, 10], [9, 18, 10, 19], [11, 23, 12, 22], [13, 3, 14, 2]]"
12a_0592_68,"[[13, 3, 14, 2], [15, 21, 16, 20], [17, 5, 18, 4], [19, 8, 20, 9], [21, 15, 22, 14], [23, 7, 24, 6], [1, 13, 2, 12], [3, 17, 4, 16], [5, 1, 6, 24], [7, 11, 8, 10], [9, 18, 10, 19], [11, 23, 12, 22]]"
12a_0592_69,"[[11, 23, 12, 22], [13, 3, 14, 2], [15, 21, 16, 20], [17, 5, 18, 4], [19, 8, 20, 9], [21, 15, 22, 14], [23, 7, 24, 6], [1, 13, 2, 12], [3, 17, 4, 16], [5, 1, 6, 24], [7, 11, 8, 10], [9, 18, 10, 19]]"
12a_0592_70,"[[9, 18, 10, 19], [11, 23, 12, 22], [13, 3, 14, 2], [15, 21, 16, 20], [17, 5, 18, 4], [19, 8, 20, 9], [21, 15, 22, 14], [23, 7, 24, 6], [1, 13, 2, 12], [3, 17, 4, 16], [5, 1, 6, 24], [7, 11, 8, 10]]"
12a_0592_71,"[[7, 11, 8, 10], [9, 18, 10, 19], [11, 23, 12, 22], [13, 3, 14, 2], [15, 21, 16, 20], [17, 5, 18, 4], [19, 8, 20, 9], [21, 15, 22, 14], [23, 7, 24, 6], [1, 13, 2, 12], [3, 17, 4, 16], [5, 1, 6, 24]]"
12a_0592_72,"[[6, 2, 7, 1], [8, 12, 9, 11], [10, 19, 11, 20], [12, 24, 13, 23], [14, 4, 15, 3], [16, 22, 17, 21], [18, 6, 19, 5], [20, 9, 21, 10], [22, 16, 23, 15], [24, 8, 1, 7], [2, 14, 3, 13], [4, 18, 5, 17]]"
12a_0592_73,"[[4, 18, 5, 17], [6, 2, 7, 1], [8, 12, 9, 11], [10, 19, 11, 20], [12, 24, 13, 23], [14, 4, 15, 3], [16, 22, 17, 21], [18, 6, 19, 5], [20, 9, 21, 10], [22, 16, 23, 15], [24, 8, 1, 7], [2, 14, 3, 13]]"
12a_0592_74,"[[2, 14, 3, 13], [4, 18, 5, 17], [6, 2, 7, 1], [8, 12, 9, 11], [10, 19, 11, 20], [12, 24, 13, 23], [14, 4, 15, 3], [16, 22, 17, 21], [18, 6, 19, 5], [20, 9, 21, 10], [22, 16, 23, 15], [24, 8, 1, 7]]"
12a_0592_75,"[[24, 8, 1, 7], [2, 14, 3, 13], [4, 18, 5, 17], [6, 2, 7, 1], [8, 12, 9, 11], [10, 19, 11, 20], [12, 24, 13, 23], [14, 4, 15, 3], [16, 22, 17, 21], [18, 6, 19, 5], [20, 9, 21, 10], [22, 16, 23, 15]]"
12a_0592_76,"[[22, 16, 23, 15], [24, 8, 1, 7], [2, 14, 3, 13], [4, 18, 5, 17], [6, 2, 7, 1], [8, 12, 9, 11], [10, 19, 11, 20], [12, 24, 13, 23], [14, 4, 15, 3], [16, 22, 17, 21], [18, 6, 19, 5], [20, 9, 21, 10]]"
12a_0592_77,"[[20, 9, 21, 10], [22, 16, 23, 15], [24, 8, 1, 7], [2, 14, 3, 13], [4, 18, 5, 17], [6, 2, 7, 1], [8, 12, 9, 11], [10, 19, 11, 20], [12, 24, 13, 23], [14, 4, 15, 3], [16, 22, 17, 21], [18, 6, 19, 5]]"
12a_0592_78,"[[18, 6, 19, 5], [20, 9, 21, 10], [22, 16, 23, 15], [24, 8, 1, 7], [2, 14, 3, 13], [4, 18, 5, 17], [6, 2, 7, 1], [8, 12, 9, 11], [10, 19, 11, 20], [12, 24, 13, 23], [14, 4, 15, 3], [16, 22, 17, 21]]"
12a_0592_79,"[[16, 22, 17, 21], [18, 6, 19, 5], [20, 9, 21, 10], [22, 16, 23, 15], [24, 8, 1, 7], [2, 14, 3, 13], [4, 18, 5, 17], [6, 2, 7, 1], [8, 12, 9, 11], [10, 19, 11, 20], [12, 24, 13, 23], [14, 4, 15, 3]]"
12a_0592_80,"[[14, 4, 15, 3], [16, 22, 17, 21], [18, 6, 19, 5], [20, 9, 21, 10], [22, 16, 23, 15], [24, 8, 1, 7], [2, 14, 3, 13], [4, 18, 5, 17], [6, 2, 7, 1], [8, 12, 9, 11], [10, 19, 11, 20], [12, 24, 13, 23]]"
12a_0592_81,"[[12, 24, 13, 23], [14, 4, 15, 3], [16, 22, 17, 21], [18, 6, 19, 5], [20, 9, 21, 10], [22, 16, 23, 15], [24, 8, 1, 7], [2, 14, 3, 13], [4, 18, 5, 17], [6, 2, 7, 1], [8, 12, 9, 11], [10, 19, 11, 20]]"
12a_0592_82,"[[10, 19, 11, 20], [12, 24, 13, 23], [14, 4, 15, 3], [16, 22, 17, 21], [18, 6, 19, 5], [20, 9, 21, 10], [22, 16, 23, 15], [24, 8, 1, 7], [2, 14, 3, 13], [4, 18, 5, 17], [6, 2, 7, 1], [8, 12, 9, 11]]"
12a_0592_83,"[[8, 12, 9, 11], [10, 19, 11, 20], [12, 24, 13, 23], [14, 4, 15, 3], [16, 22, 17, 21], [18, 6, 19, 5], [20, 9, 21, 10], [22, 16, 23, 15], [24, 8, 1, 7], [2, 14, 3, 13], [4, 18, 5, 17], [6, 2, 7, 1]]"
12a_0592_84,"[[7, 3, 8, 2], [9, 13, 10, 12], [11, 20, 12, 21], [13, 1, 14, 24], [15, 5, 16, 4], [17, 23, 18, 22], [19, 7, 20, 6], [21, 10, 22, 11], [23, 17, 24, 16], [1, 9, 2, 8], [3, 15, 4, 14], [5, 19, 6, 18]]"
12a_0592_85,"[[5, 19, 6, 18], [7, 3, 8, 2], [9, 13, 10, 12], [11, 20, 12, 21], [13, 1, 14, 24], [15, 5, 16, 4], [17, 23, 18, 22], [19, 7, 20, 6], [21, 10, 22, 11], [23, 17, 24, 16], [1, 9, 2, 8], [3, 15, 4, 14]]"
12a_0592_86,"[[3, 15, 4, 14], [5, 19, 6, 18], [7, 3, 8, 2], [9, 13, 10, 12], [11, 20, 12, 21], [13, 1, 14, 24], [15, 5, 16, 4], [17, 23, 18, 22], [19, 7, 20, 6], [21, 10, 22, 11], [23, 17, 24, 16], [1, 9, 2, 8]]"
12a_0592_87,"[[1, 9, 2, 8], [3, 15, 4, 14], [5, 19, 6, 18], [7, 3, 8, 2], [9, 13, 10, 12], [11, 20, 12, 21], [13, 1, 14, 24], [15, 5, 16, 4], [17, 23, 18, 22], [19, 7, 20, 6], [21, 10, 22, 11], [23, 17, 24, 16]]"
12a_0592_88,"[[23, 17, 24, 16], [1, 9, 2, 8], [3, 15, 4, 14], [5, 19, 6, 18], [7, 3, 8, 2], [9, 13, 10, 12], [11, 20, 12, 21], [13, 1, 14, 24], [15, 5, 16, 4], [17, 23, 18, 22], [19, 7, 20, 6], [21, 10, 22, 11]]"
12a_0592_89,"[[21, 10, 22, 11], [23, 17, 24, 16], [1, 9, 2, 8], [3, 15, 4, 14], [5, 19, 6, 18], [7, 3, 8, 2], [9, 13, 10, 12], [11, 20, 12, 21], [13, 1, 14, 24], [15, 5, 16, 4], [17, 23, 18, 22], [19, 7, 20, 6]]"
12a_0592_90,"[[19, 7, 20, 6], [21, 10, 22, 11], [23, 17, 24, 16], [1, 9, 2, 8], [3, 15, 4, 14], [5, 19, 6, 18], [7, 3, 8, 2], [9, 13, 10, 12], [11, 20, 12, 21], [13, 1, 14, 24], [15, 5, 16, 4], [17, 23, 18, 22]]"
12a_0592_91,"[[17, 23, 18, 22], [19, 7, 20, 6], [21, 10, 22, 11], [23, 17, 24, 16], [1, 9, 2, 8], [3, 15, 4, 14], [5, 19, 6, 18], [7, 3, 8, 2], [9, 13, 10, 12], [11, 20, 12, 21], [13, 1, 14, 24], [15, 5, 16, 4]]"
12a_0592_92,"[[15, 5, 16, 4], [17, 23, 18, 22], [19, 7, 20, 6], [21, 10, 22, 11], [23, 17, 24, 16], [1, 9, 2, 8], [3, 15, 4, 14], [5, 19, 6, 18], [7, 3, 8, 2], [9, 13, 10, 12], [11, 20, 12, 21], [13, 1, 14, 24]]"
12a_0592_93,"[[13, 1, 14, 24], [15, 5, 16, 4], [17, 23, 18, 22], [19, 7, 20, 6], [21, 10, 22, 11], [23, 17, 24, 16], [1, 9, 2, 8], [3, 15, 4, 14], [5, 19, 6, 18], [7, 3, 8, 2], [9, 13, 10, 12], [11, 20, 12, 21]]"
12a_0592_94,"[[11, 20, 12, 21], [13, 1, 14, 24], [15, 5, 16, 4], [17, 23, 18, 22], [19, 7, 20, 6], [21, 10, 22, 11], [23, 17, 24, 16], [1, 9, 2, 8], [3, 15, 4, 14], [5, 19, 6, 18], [7, 3, 8, 2], [9, 13, 10, 12]]"
12a_0592_95,"[[9, 13, 10, 12], [11, 20, 12, 21], [13, 1, 14, 24], [15, 5, 16, 4], [17, 23, 18, 22], [19, 7, 20, 6], [21, 10, 22, 11], [23, 17, 24, 16], [1, 9, 2, 8], [3, 15, 4, 14], [5, 19, 6, 18], [7, 3, 8, 2]]"
12a_0592_96,"[[8, 4, 9, 3], [10, 14, 11, 13], [12, 21, 13, 22], [14, 2, 15, 1], [16, 6, 17, 5], [18, 24, 19, 23], [20, 8, 21, 7], [22, 11, 23, 12], [24, 18, 1, 17], [2, 10, 3, 9], [4, 16, 5, 15], [6, 20, 7, 19]]"
12a_0592_97,"[[6, 20, 7, 19], [8, 4, 9, 3], [10, 14, 11, 13], [12, 21, 13, 22], [14, 2, 15, 1], [16, 6, 17, 5], [18, 24, 19, 23], [20, 8, 21, 7], [22, 11, 23, 12], [24, 18, 1, 17], [2, 10, 3, 9], [4, 16, 5, 15]]"
12a_0592_98,"[[4, 16, 5, 15], [6, 20, 7, 19], [8, 4, 9, 3], [10, 14, 11, 13], [12, 21, 13, 22], [14, 2, 15, 1], [16, 6, 17, 5], [18, 24, 19, 23], [20, 8, 21, 7], [22, 11, 23, 12], [24, 18, 1, 17], [2, 10, 3, 9]]"
12a_0592_99,"[[2, 10, 3, 9], [4, 16, 5, 15], [6, 20, 7, 19], [8, 4, 9, 3], [10, 14, 11, 13], [12, 21, 13, 22], [14, 2, 15, 1], [16, 6, 17, 5], [18, 24, 19, 23], [20, 8, 21, 7], [22, 11, 23, 12], [24, 18, 1, 17]]"
12a_0592_100,"[[24, 18, 1, 17], [2, 10, 3, 9], [4, 16, 5, 15], [6, 20, 7, 19], [8, 4, 9, 3], [10, 14, 11, 13], [12, 21, 13, 22], [14, 2, 15, 1], [16, 6, 17, 5], [18, 24, 19, 23], [20, 8, 21, 7], [22, 11, 23, 12]]"
12a_0592_101,"[[22, 11, 23, 12], [24, 18, 1, 17], [2, 10, 3, 9], [4, 16, 5, 15], [6, 20, 7, 19], [8, 4, 9, 3], [10, 14, 11, 13], [12, 21, 13, 22], [14, 2, 15, 1], [16, 6, 17, 5], [18, 24, 19, 23], [20, 8, 21, 7]]"
12a_0592_102,"[[20, 8, 21, 7], [22, 11, 23, 12], [24, 18, 1, 17], [2, 10, 3, 9], [4, 16, 5, 15], [6, 20, 7, 19], [8, 4, 9, 3], [10, 14, 11, 13], [12, 21, 13, 22], [14, 2, 15, 1], [16, 6, 17, 5], [18, 24, 19, 23]]"
12a_0592_103,"[[18, 24, 19, 23], [20, 8, 21, 7], [22, 11, 23, 12], [24, 18, 1, 17], [2, 10, 3, 9], [4, 16, 5, 15], [6, 20, 7, 19], [8, 4, 9, 3], [10, 14, 11, 13], [12, 21, 13, 22], [14, 2, 15, 1], [16, 6, 17, 5]]"
12a_0592_104,"[[16, 6, 17, 5], [18, 24, 19, 23], [20, 8, 21, 7], [22, 11, 23, 12], [24, 18, 1, 17], [2, 10, 3, 9], [4, 16, 5, 15], [6, 20, 7, 19], [8, 4, 9, 3], [10, 14, 11, 13], [12, 21, 13, 22], [14, 2, 15, 1]]"
12a_0592_105,"[[14, 2, 15, 1], [16, 6, 17, 5], [18, 24, 19, 23], [20, 8, 21, 7], [22, 11, 23, 12], [24, 18, 1, 17], [2, 10, 3, 9], [4, 16, 5, 15], [6, 20, 7, 19], [8, 4, 9, 3], [10, 14, 11, 13], [12, 21, 13, 22]]"
12a_0592_106,"[[12, 21, 13, 22], [14, 2, 15, 1], [16, 6, 17, 5], [18, 24, 19, 23], [20, 8, 21, 7], [22, 11, 23, 12], [24, 18, 1, 17], [2, 10, 3, 9], [4, 16, 5, 15], [6, 20, 7, 19], [8, 4, 9, 3], [10, 14, 11, 13]]"
12a_0592_107,"[[10, 14, 11, 13], [12, 21, 13, 22], [14, 2, 15, 1], [16, 6, 17, 5], [18, 24, 19, 23], [20, 8, 21, 7], [22, 11, 23, 12], [24, 18, 1, 17], [2, 10, 3, 9], [4, 16, 5, 15], [6, 20, 7, 19], [8, 4, 9, 3]]"
12a_0592_108,"[[9, 5, 10, 4], [11, 15, 12, 14], [13, 22, 14, 23], [15, 3, 16, 2], [17, 7, 18, 6], [19, 1, 20, 24], [21, 9, 22, 8], [23, 12, 24, 13], [1, 19, 2, 18], [3, 11, 4, 10], [5, 17, 6, 16], [7, 21, 8, 20]]"
12a_0592_109,"[[7, 21, 8, 20], [9, 5, 10, 4], [11, 15, 12, 14], [13, 22, 14, 23], [15, 3, 16, 2], [17, 7, 18, 6], [19, 1, 20, 24], [21, 9, 22, 8], [23, 12, 24, 13], [1, 19, 2, 18], [3, 11, 4, 10], [5, 17, 6, 16]]"
12a_0592_110,"[[5, 17, 6, 16], [7, 21, 8, 20], [9, 5, 10, 4], [11, 15, 12, 14], [13, 22, 14, 23], [15, 3, 16, 2], [17, 7, 18, 6], [19, 1, 20, 24], [21, 9, 22, 8], [23, 12, 24, 13], [1, 19, 2, 18], [3, 11, 4, 10]]"
12a_0592_111,"[[3, 11, 4, 10], [5, 17, 6, 16], [7, 21, 8, 20], [9, 5, 10, 4], [11, 15, 12, 14], [13, 22, 14, 23], [15, 3, 16, 2], [17, 7, 18, 6], [19, 1, 20, 24], [21, 9, 22, 8], [23, 12, 24, 13], [1, 19, 2, 18]]"
12a_0592_112,"[[1, 19, 2, 18], [3, 11, 4, 10], [5, 17, 6, 16], [7, 21, 8, 20], [9, 5, 10, 4], [11, 15, 12, 14], [13, 22, 14, 23], [15, 3, 16, 2], [17, 7, 18, 6], [19, 1, 20, 24], [21, 9, 22, 8], [23, 12, 24, 13]]"
12a_0592_113,"[[23, 12, 24, 13], [1, 19, 2, 18], [3, 11, 4, 10], [5, 17, 6, 16], [7, 21, 8, 20], [9, 5, 10, 4], [11, 15, 12, 14], [13, 22, 14, 23], [15, 3, 16, 2], [17, 7, 18, 6], [19, 1, 20, 24], [21, 9, 22, 8]]"
12a_0592_114,"[[21, 9, 22, 8], [23, 12, 24, 13], [1, 19, 2, 18], [3, 11, 4, 10], [5, 17, 6, 16], [7, 21, 8, 20], [9, 5, 10, 4], [11, 15, 12, 14], [13, 22, 14, 23], [15, 3, 16, 2], [17, 7, 18, 6], [19, 1, 20, 24]]"
12a_0592_115,"[[19, 1, 20, 24], [21, 9, 22, 8], [23, 12, 24, 13], [1, 19, 2, 18], [3, 11, 4, 10], [5, 17, 6, 16], [7, 21, 8, 20], [9, 5, 10, 4], [11, 15, 12, 14], [13, 22, 14, 23], [15, 3, 16, 2], [17, 7, 18, 6]]"
12a_0592_116,"[[17, 7, 18, 6], [19, 1, 20, 24], [21, 9, 22, 8], [23, 12, 24, 13], [1, 19, 2, 18], [3, 11, 4, 10], [5, 17, 6, 16], [7, 21, 8, 20], [9, 5, 10, 4], [11, 15, 12, 14], [13, 22, 14, 23], [15, 3, 16, 2]]"
12a_0592_117,"[[15, 3, 16, 2], [17, 7, 18, 6], [19, 1, 20, 24], [21, 9, 22, 8], [23, 12, 24, 13], [1, 19, 2, 18], [3, 11, 4, 10], [5, 17, 6, 16], [7, 21, 8, 20], [9, 5, 10, 4], [11, 15, 12, 14], [13, 22, 14, 23]]"
12a_0592_118,"[[13, 22, 14, 23], [15, 3, 16, 2], [17, 7, 18, 6], [19, 1, 20, 24], [21, 9, 22, 8], [23, 12, 24, 13], [1, 19, 2, 18], [3, 11, 4, 10], [5, 17, 6, 16], [7, 21, 8, 20], [9, 5, 10, 4], [11, 15, 12, 14]]"
12a_0592_119,"[[11, 15, 12, 14], [13, 22, 14, 23], [15, 3, 16, 2], [17, 7, 18, 6], [19, 1, 20, 24], [21, 9, 22, 8], [23, 12, 24, 13], [1, 19, 2, 18], [3, 11, 4, 10], [5, 17, 6, 16], [7, 21, 8, 20], [9, 5, 10, 4]]"
12a_0592_120,"[[10, 6, 11, 5], [12, 16, 13, 15], [14, 23, 15, 24], [16, 4, 17, 3], [18, 8, 19, 7], [20, 2, 21, 1], [22, 10, 23, 9], [24, 13, 1, 14], [2, 20, 3, 19], [4, 12, 5, 11], [6, 18, 7, 17], [8, 22, 9, 21]]"
12a_0592_121,"[[8, 22, 9, 21], [10, 6, 11, 5], [12, 16, 13, 15], [14, 23, 15, 24], [16, 4, 17, 3], [18, 8, 19, 7], [20, 2, 21, 1], [22, 10, 23, 9], [24, 13, 1, 14], [2, 20, 3, 19], [4, 12, 5, 11], [6, 18, 7, 17]]"
12a_0592_122,"[[6, 18, 7, 17], [8, 22, 9, 21], [10, 6, 11, 5], [12, 16, 13, 15], [14, 23, 15, 24], [16, 4, 17, 3], [18, 8, 19, 7], [20, 2, 21, 1], [22, 10, 23, 9], [24, 13, 1, 14], [2, 20, 3, 19], [4, 12, 5, 11]]"
12a_0592_123,"[[4, 12, 5, 11], [6, 18, 7, 17], [8, 22, 9, 21], [10, 6, 11, 5], [12, 16, 13, 15], [14, 23, 15, 24], [16, 4, 17, 3], [18, 8, 19, 7], [20, 2, 21, 1], [22, 10, 23, 9], [24, 13, 1, 14], [2, 20, 3, 19]]"
12a_0592_124,"[[2, 20, 3, 19], [4, 12, 5, 11], [6, 18, 7, 17], [8, 22, 9, 21], [10, 6, 11, 5], [12, 16, 13, 15], [14, 23, 15, 24], [16, 4, 17, 3], [18, 8, 19, 7], [20, 2, 21, 1], [22, 10, 23, 9], [24, 13, 1, 14]]"
12a_0592_125,"[[24, 13, 1, 14], [2, 20, 3, 19], [4, 12, 5, 11], [6, 18, 7, 17], [8, 22, 9, 21], [10, 6, 11, 5], [12, 16, 13, 15], [14, 23, 15, 24], [16, 4, 17, 3], [18, 8, 19, 7], [20, 2, 21, 1], [22, 10, 23, 9]]"
12a_0592_126,"[[22, 10, 23, 9], [24, 13, 1, 14], [2, 20, 3, 19], [4, 12, 5, 11], [6, 18, 7, 17], [8, 22, 9, 21], [10, 6, 11, 5], [12, 16, 13, 15], [14, 23, 15, 24], [16, 4, 17, 3], [18, 8, 19, 7], [20, 2, 21, 1]]"
12a_0592_127,"[[20, 2, 21, 1], [22, 10, 23, 9], [24, 13, 1, 14], [2, 20, 3, 19], [4, 12, 5, 11], [6, 18, 7, 17], [8, 22, 9, 21], [10, 6, 11, 5], [12, 16, 13, 15], [14, 23, 15, 24], [16, 4, 17, 3], [18, 8, 19, 7]]"
12a_0592_128,"[[18, 8, 19, 7], [20, 2, 21, 1], [22, 10, 23, 9], [24, 13, 1, 14], [2, 20, 3, 19], [4, 12, 5, 11], [6, 18, 7, 17], [8, 22, 9, 21], [10, 6, 11, 5], [12, 16, 13, 15], [14, 23, 15, 24], [16, 4, 17, 3]]"
12a_0592_129,"[[16, 4, 17, 3], [18, 8, 19, 7], [20, 2, 21, 1], [22, 10, 23, 9], [24, 13, 1, 14], [2, 20, 3, 19], [4, 12, 5, 11], [6, 18, 7, 17], [8, 22, 9, 21], [10, 6, 11, 5], [12, 16, 13, 15], [14, 23, 15, 24]]"
12a_0592_130,"[[14, 23, 15, 24], [16, 4, 17, 3], [18, 8, 19, 7], [20, 2, 21, 1], [22, 10, 23, 9], [24, 13, 1, 14], [2, 20, 3, 19], [4, 12, 5, 11], [6, 18, 7, 17], [8, 22, 9, 21], [10, 6, 11, 5], [12, 16, 13, 15]]"
12a_0592_131,"[[12, 16, 13, 15], [14, 23, 15, 24], [16, 4, 17, 3], [18, 8, 19, 7], [20, 2, 21, 1], [22, 10, 23, 9], [24, 13, 1, 14], [2, 20, 3, 19], [4, 12, 5, 11], [6, 18, 7, 17], [8, 22, 9, 21], [10, 6, 11, 5]]"
12a_0592_132,"[[11, 7, 12, 6], [13, 17, 14, 16], [15, 24, 16, 1], [17, 5, 18, 4], [19, 9, 20, 8], [21, 3, 22, 2], [23, 11, 24, 10], [1, 14, 2, 15], [3, 21, 4, 20], [5, 13, 6, 12], [7, 19, 8, 18], [9, 23, 10, 22]]"
12a_0592_133,"[[9, 23, 10, 22], [11, 7, 12, 6], [13, 17, 14, 16], [15, 24, 16, 1], [17, 5, 18, 4], [19, 9, 20, 8], [21, 3, 22, 2], [23, 11, 24, 10], [1, 14, 2, 15], [3, 21, 4, 20], [5, 13, 6, 12], [7, 19, 8, 18]]"
12a_0592_134,"[[7, 19, 8, 18], [9, 23, 10, 22], [11, 7, 12, 6], [13, 17, 14, 16], [15, 24, 16, 1], [17, 5, 18, 4], [19, 9, 20, 8], [21, 3, 22, 2], [23, 11, 24, 10], [1, 14, 2, 15], [3, 21, 4, 20], [5, 13, 6, 12]]"
12a_0592_135,"[[5, 13, 6, 12], [7, 19, 8, 18], [9, 23, 10, 22], [11, 7, 12, 6], [13, 17, 14, 16], [15, 24, 16, 1], [17, 5, 18, 4], [19, 9, 20, 8], [21, 3, 22, 2], [23, 11, 24, 10], [1, 14, 2, 15], [3, 21, 4, 20]]"
12a_0592_136,"[[3, 21, 4, 20], [5, 13, 6, 12], [7, 19, 8, 18], [9, 23, 10, 22], [11, 7, 12, 6], [13, 17, 14, 16], [15, 24, 16, 1], [17, 5, 18, 4], [19, 9, 20, 8], [21, 3, 22, 2], [23, 11, 24, 10], [1, 14, 2, 15]]"
12a_0592_137,"[[1, 14, 2, 15], [3, 21, 4, 20], [5, 13, 6, 12], [7, 19, 8, 18], [9, 23, 10, 22], [11, 7, 12, 6], [13, 17, 14, 16], [15, 24, 16, 1], [17, 5, 18, 4], [19, 9, 20, 8], [21, 3, 22, 2], [23, 11, 24, 10]]"
12a_0592_138,"[[23, 11, 24, 10], [1, 14, 2, 15], [3, 21, 4, 20], [5, 13, 6, 12], [7, 19, 8, 18], [9, 23, 10, 22], [11, 7, 12, 6], [13, 17, 14, 16], [15, 24, 16, 1], [17, 5, 18, 4], [19, 9, 20, 8], [21, 3, 22, 2]]"
12a_0592_139,"[[21, 3, 22, 2], [23, 11, 24, 10], [1, 14, 2, 15], [3, 21, 4, 20], [5, 13, 6, 12], [7, 19, 8, 18], [9, 23, 10, 22], [11, 7, 12, 6], [13, 17, 14, 16], [15, 24, 16, 1], [17, 5, 18, 4], [19, 9, 20, 8]]"
12a_0592_140,"[[19, 9, 20, 8], [21, 3, 22, 2], [23, 11, 24, 10], [1, 14, 2, 15], [3, 21, 4, 20], [5, 13, 6, 12], [7, 19, 8, 18], [9, 23, 10, 22], [11, 7, 12, 6], [13, 17, 14, 16], [15, 24, 16, 1], [17, 5, 18, 4]]"
12a_0592_141,"[[17, 5, 18, 4], [19, 9, 20, 8], [21, 3, 22, 2], [23, 11, 24, 10], [1, 14, 2, 15], [3, 21, 4, 20], [5, 13, 6, 12], [7, 19, 8, 18], [9, 23, 10, 22], [11, 7, 12, 6], [13, 17, 14, 16], [15, 24, 16, 1]]"
12a_0592_142,"[[15, 24, 16, 1], [17, 5, 18, 4], [19, 9, 20, 8], [21, 3, 22, 2], [23, 11, 24, 10], [1, 14, 2, 15], [3, 21, 4, 20], [5, 13, 6, 12], [7, 19, 8, 18], [9, 23, 10, 22], [11, 7, 12, 6], [13, 17, 14, 16]]"
12a_0592_143,"[[13, 17, 14, 16], [15, 24, 16, 1], [17, 5, 18, 4], [19, 9, 20, 8], [21, 3, 22, 2], [23, 11, 24, 10], [1, 14, 2, 15], [3, 21, 4, 20], [5, 13, 6, 12], [7, 19, 8, 18], [9, 23, 10, 22], [11, 7, 12, 6]]"
12a_0592_144,"[[12, 8, 13, 7], [14, 18, 15, 17], [16, 1, 17, 2], [18, 6, 19, 5], [20, 10, 21, 9], [22, 4, 23, 3], [24, 12, 1, 11], [2, 15, 3, 16], [4, 22, 5, 21], [6, 14, 7, 13], [8, 20, 9, 19], [10, 24, 11, 23]]"
12a_0592_145,"[[10, 24, 11, 23], [12, 8, 13, 7], [14, 18, 15, 17], [16, 1, 17, 2], [18, 6, 19, 5], [20, 10, 21, 9], [22, 4, 23, 3], [24, 12, 1, 11], [2, 15, 3, 16], [4, 22, 5, 21], [6, 14, 7, 13], [8, 20, 9, 19]]"
12a_0592_146,"[[8, 20, 9, 19], [10, 24, 11, 23], [12, 8, 13, 7], [14, 18, 15, 17], [16, 1, 17, 2], [18, 6, 19, 5], [20, 10, 21, 9], [22, 4, 23, 3], [24, 12, 1, 11], [2, 15, 3, 16], [4, 22, 5, 21], [6, 14, 7, 13]]"
12a_0592_147,"[[6, 14, 7, 13], [8, 20, 9, 19], [10, 24, 11, 23], [12, 8, 13, 7], [14, 18, 15, 17], [16, 1, 17, 2], [18, 6, 19, 5], [20, 10, 21, 9], [22, 4, 23, 3], [24, 12, 1, 11], [2, 15, 3, 16], [4, 22, 5, 21]]"
12a_0592_148,"[[4, 22, 5, 21], [6, 14, 7, 13], [8, 20, 9, 19], [10, 24, 11, 23], [12, 8, 13, 7], [14, 18, 15, 17], [16, 1, 17, 2], [18, 6, 19, 5], [20, 10, 21, 9], [22, 4, 23, 3], [24, 12, 1, 11], [2, 15, 3, 16]]"
12a_0592_149,"[[2, 15, 3, 16], [4, 22, 5, 21], [6, 14, 7, 13], [8, 20, 9, 19], [10, 24, 11, 23], [12, 8, 13, 7], [14, 18, 15, 17], [16, 1, 17, 2], [18, 6, 19, 5], [20, 10, 21, 9], [22, 4, 23, 3], [24, 12, 1, 11]]"
12a_0592_150,"[[24, 12, 1, 11], [2, 15, 3, 16], [4, 22, 5, 21], [6, 14, 7, 13], [8, 20, 9, 19], [10, 24, 11, 23], [12, 8, 13, 7], [14, 18, 15, 17], [16, 1, 17, 2], [18, 6, 19, 5], [20, 10, 21, 9], [22, 4, 23, 3]]"
12a_0592_151,"[[22, 4, 23, 3], [24, 12, 1, 11], [2, 15, 3, 16], [4, 22, 5, 21], [6, 14, 7, 13], [8, 20, 9, 19], [10, 24, 11, 23], [12, 8, 13, 7], [14, 18, 15, 17], [16, 1, 17, 2], [18, 6, 19, 5], [20, 10, 21, 9]]"
12a_0592_152,"[[20, 10, 21, 9], [22, 4, 23, 3], [24, 12, 1, 11], [2, 15, 3, 16], [4, 22, 5, 21], [6, 14, 7, 13], [8, 20, 9, 19], [10, 24, 11, 23], [12, 8, 13, 7], [14, 18, 15, 17], [16, 1, 17, 2], [18, 6, 19, 5]]"
12a_0592_153,"[[18, 6, 19, 5], [20, 10, 21, 9], [22, 4, 23, 3], [24, 12, 1, 11], [2, 15, 3, 16], [4, 22, 5, 21], [6, 14, 7, 13], [8, 20, 9, 19], [10, 24, 11, 23], [12, 8, 13, 7], [14, 18, 15, 17], [16, 1, 17, 2]]"
12a_0592_154,"[[16, 1, 17, 2], [18, 6, 19, 5], [20, 10, 21, 9], [22, 4, 23, 3], [24, 12, 1, 11], [2, 15, 3, 16], [4, 22, 5, 21], [6, 14, 7, 13], [8, 20, 9, 19], [10, 24, 11, 23], [12, 8, 13, 7], [14, 18, 15, 17]]"
12a_0592_155,"[[14, 18, 15, 17], [16, 1, 17, 2], [18, 6, 19, 5], [20, 10, 21, 9], [22, 4, 23, 3], [24, 12, 1, 11], [2, 15, 3, 16], [4, 22, 5, 21], [6, 14, 7, 13], [8, 20, 9, 19], [10, 24, 11, 23], [12, 8, 13, 7]]"
12a_0592_156,"[[13, 9, 14, 8], [15, 19, 16, 18], [17, 2, 18, 3], [19, 7, 20, 6], [21, 11, 22, 10], [23, 5, 24, 4], [1, 13, 2, 12], [3, 16, 4, 17], [5, 23, 6, 22], [7, 15, 8, 14], [9, 21, 10, 20], [11, 1, 12, 24]]"
12a_0592_157,"[[11, 1, 12, 24], [13, 9, 14, 8], [15, 19, 16, 18], [17, 2, 18, 3], [19, 7, 20, 6], [21, 11, 22, 10], [23, 5, 24, 4], [1, 13, 2, 12], [3, 16, 4, 17], [5, 23, 6, 22], [7, 15, 8, 14], [9, 21, 10, 20]]"
12a_0592_158,"[[9, 21, 10, 20], [11, 1, 12, 24], [13, 9, 14, 8], [15, 19, 16, 18], [17, 2, 18, 3], [19, 7, 20, 6], [21, 11, 22, 10], [23, 5, 24, 4], [1, 13, 2, 12], [3, 16, 4, 17], [5, 23, 6, 22], [7, 15, 8, 14]]"
12a_0592_159,"[[7, 15, 8, 14], [9, 21, 10, 20], [11, 1, 12, 24], [13, 9, 14, 8], [15, 19, 16, 18], [17, 2, 18, 3], [19, 7, 20, 6], [21, 11, 22, 10], [23, 5, 24, 4], [1, 13, 2, 12], [3, 16, 4, 17], [5, 23, 6, 22]]"
12a_0592_160,"[[5, 23, 6, 22], [7, 15, 8, 14], [9, 21, 10, 20], [11, 1, 12, 24], [13, 9, 14, 8], [15, 19, 16, 18], [17, 2, 18, 3], [19, 7, 20, 6], [21, 11, 22, 10], [23, 5, 24, 4], [1, 13, 2, 12], [3, 16, 4, 17]]"
12a_0592_161,"[[3, 16, 4, 17], [5, 23, 6, 22], [7, 15, 8, 14], [9, 21, 10, 20], [11, 1, 12, 24], [13, 9, 14, 8], [15, 19, 16, 18], [17, 2, 18, 3], [19, 7, 20, 6], [21, 11, 22, 10], [23, 5, 24, 4], [1, 13, 2, 12]]"
12a_0592_162,"[[1, 13, 2, 12], [3, 16, 4, 17], [5, 23, 6, 22], [7, 15, 8, 14], [9, 21, 10, 20], [11, 1, 12, 24], [13, 9, 14, 8], [15, 19, 16, 18], [17, 2, 18, 3], [19, 7, 20, 6], [21, 11, 22, 10], [23, 5, 24, 4]]"
12a_0592_163,"[[23, 5, 24, 4], [1, 13, 2, 12], [3, 16, 4, 17], [5, 23, 6, 22], [7, 15, 8, 14], [9, 21, 10, 20], [11, 1, 12, 24], [13, 9, 14, 8], [15, 19, 16, 18], [17, 2, 18, 3], [19, 7, 20, 6], [21, 11, 22, 10]]"
12a_0592_164,"[[21, 11, 22, 10], [23, 5, 24, 4], [1, 13, 2, 12], [3, 16, 4, 17], [5, 23, 6, 22], [7, 15, 8, 14], [9, 21, 10, 20], [11, 1, 12, 24], [13, 9, 14, 8], [15, 19, 16, 18], [17, 2, 18, 3], [19, 7, 20, 6]]"
12a_0592_165,"[[19, 7, 20, 6], [21, 11, 22, 10], [23, 5, 24, 4], [1, 13, 2, 12], [3, 16, 4, 17], [5, 23, 6, 22], [7, 15, 8, 14], [9, 21, 10, 20], [11, 1, 12, 24], [13, 9, 14, 8], [15, 19, 16, 18], [17, 2, 18, 3]]"
12a_0592_166,"[[17, 2, 18, 3], [19, 7, 20, 6], [21, 11, 22, 10], [23, 5, 24, 4], [1, 13, 2, 12], [3, 16, 4, 17], [5, 23, 6, 22], [7, 15, 8, 14], [9, 21, 10, 20], [11, 1, 12, 24], [13, 9, 14, 8], [15, 19, 16, 18]]"
12a_0592_167,"[[15, 19, 16, 18], [17, 2, 18, 3], [19, 7, 20, 6], [21, 11, 22, 10], [23, 5, 24, 4], [1, 13, 2, 12], [3, 16, 4, 17], [5, 23, 6, 22], [7, 15, 8, 14], [9, 21, 10, 20], [11, 1, 12, 24], [13, 9, 14, 8]]"
12a_0592_168,"[[14, 10, 15, 9], [16, 20, 17, 19], [18, 3, 19, 4], [20, 8, 21, 7], [22, 12, 23, 11], [24, 6, 1, 5], [2, 14, 3, 13], [4, 17, 5, 18], [6, 24, 7, 23], [8, 16, 9, 15], [10, 22, 11, 21], [12, 2, 13, 1]]"
12a_0592_169,"[[12, 2, 13, 1], [14, 10, 15, 9], [16, 20, 17, 19], [18, 3, 19, 4], [20, 8, 21, 7], [22, 12, 23, 11], [24, 6, 1, 5], [2, 14, 3, 13], [4, 17, 5, 18], [6, 24, 7, 23], [8, 16, 9, 15], [10, 22, 11, 21]]"
12a_0592_170,"[[10, 22, 11, 21], [12, 2, 13, 1], [14, 10, 15, 9], [16, 20, 17, 19], [18, 3, 19, 4], [20, 8, 21, 7], [22, 12, 23, 11], [24, 6, 1, 5], [2, 14, 3, 13], [4, 17, 5, 18], [6, 24, 7, 23], [8, 16, 9, 15]]"
12a_0592_171,"[[8, 16, 9, 15], [10, 22, 11, 21], [12, 2, 13, 1], [14, 10, 15, 9], [16, 20, 17, 19], [18, 3, 19, 4], [20, 8, 21, 7], [22, 12, 23, 11], [24, 6, 1, 5], [2, 14, 3, 13], [4, 17, 5, 18], [6, 24, 7, 23]]"
12a_0592_172,"[[6, 24, 7, 23], [8, 16, 9, 15], [10, 22, 11, 21], [12, 2, 13, 1], [14, 10, 15, 9], [16, 20, 17, 19], [18, 3, 19, 4], [20, 8, 21, 7], [22, 12, 23, 11], [24, 6, 1, 5], [2, 14, 3, 13], [4, 17, 5, 18]]"
12a_0592_173,"[[4, 17, 5, 18], [6, 24, 7, 23], [8, 16, 9, 15], [10, 22, 11, 21], [12, 2, 13, 1], [14, 10, 15, 9], [16, 20, 17, 19], [18, 3, 19, 4], [20, 8, 21, 7], [22, 12, 23, 11], [24, 6, 1, 5], [2, 14, 3, 13]]"
12a_0592_174,"[[2, 14, 3, 13], [4, 17, 5, 18], [6, 24, 7, 23], [8, 16, 9, 15], [10, 22, 11, 21], [12, 2, 13, 1], [14, 10, 15, 9], [16, 20, 17, 19], [18, 3, 19, 4], [20, 8, 21, 7], [22, 12, 23, 11], [24, 6, 1, 5]]"
12a_0592_175,"[[24, 6, 1, 5], [2, 14, 3, 13], [4, 17, 5, 18], [6, 24, 7, 23], [8, 16, 9, 15], [10, 22, 11, 21], [12, 2, 13, 1], [14, 10, 15, 9], [16, 20, 17, 19], [18, 3, 19, 4], [20, 8, 21, 7], [22, 12, 23, 11]]"
12a_0592_176,"[[22, 12, 23, 11], [24, 6, 1, 5], [2, 14, 3, 13], [4, 17, 5, 18], [6, 24, 7, 23], [8, 16, 9, 15], [10, 22, 11, 21], [12, 2, 13, 1], [14, 10, 15, 9], [16, 20, 17, 19], [18, 3, 19, 4], [20, 8, 21, 7]]"
12a_0592_177,"[[20, 8, 21, 7], [22, 12, 23, 11], [24, 6, 1, 5], [2, 14, 3, 13], [4, 17, 5, 18], [6, 24, 7, 23], [8, 16, 9, 15], [10, 22, 11, 21], [12, 2, 13, 1], [14, 10, 15, 9], [16, 20, 17, 19], [18, 3, 19, 4]]"
12a_0592_178,"[[18, 3, 19, 4], [20, 8, 21, 7], [22, 12, 23, 11], [24, 6, 1, 5], [2, 14, 3, 13], [4, 17, 5, 18], [6, 24, 7, 23], [8, 16, 9, 15], [10, 22, 11, 21], [12, 2, 13, 1], [14, 10, 15, 9], [16, 20, 17, 19]]"
12a_0592_179,"[[16, 20, 17, 19], [18, 3, 19, 4], [20, 8, 21, 7], [22, 12, 23, 11], [24, 6, 1, 5], [2, 14, 3, 13], [4, 17, 5, 18], [6, 24, 7, 23], [8, 16, 9, 15], [10, 22, 11, 21], [12, 2, 13, 1], [14, 10, 15, 9]]"
12a_0592_180,"[[15, 11, 16, 10], [17, 21, 18, 20], [19, 4, 20, 5], [21, 9, 22, 8], [23, 13, 24, 12], [1, 7, 2, 6], [3, 15, 4, 14], [5, 18, 6, 19], [7, 1, 8, 24], [9, 17, 10, 16], [11, 23, 12, 22], [13, 3, 14, 2]]"
12a_0592_181,"[[13, 3, 14, 2], [15, 11, 16, 10], [17, 21, 18, 20], [19, 4, 20, 5], [21, 9, 22, 8], [23, 13, 24, 12], [1, 7, 2, 6], [3, 15, 4, 14], [5, 18, 6, 19], [7, 1, 8, 24], [9, 17, 10, 16], [11, 23, 12, 22]]"
12a_0592_182,"[[11, 23, 12, 22], [13, 3, 14, 2], [15, 11, 16, 10], [17, 21, 18, 20], [19, 4, 20, 5], [21, 9, 22, 8], [23, 13, 24, 12], [1, 7, 2, 6], [3, 15, 4, 14], [5, 18, 6, 19], [7, 1, 8, 24], [9, 17, 10, 16]]"
12a_0592_183,"[[9, 17, 10, 16], [11, 23, 12, 22], [13, 3, 14, 2], [15, 11, 16, 10], [17, 21, 18, 20], [19, 4, 20, 5], [21, 9, 22, 8], [23, 13, 24, 12], [1, 7, 2, 6], [3, 15, 4, 14], [5, 18, 6, 19], [7, 1, 8, 24]]"
12a_0592_184,"[[7, 1, 8, 24], [9, 17, 10, 16], [11, 23, 12, 22], [13, 3, 14, 2], [15, 11, 16, 10], [17, 21, 18, 20], [19, 4, 20, 5], [21, 9, 22, 8], [23, 13, 24, 12], [1, 7, 2, 6], [3, 15, 4, 14], [5, 18, 6, 19]]"
12a_0592_185,"[[5, 18, 6, 19], [7, 1, 8, 24], [9, 17, 10, 16], [11, 23, 12, 22], [13, 3, 14, 2], [15, 11, 16, 10], [17, 21, 18, 20], [19, 4, 20, 5], [21, 9, 22, 8], [23, 13, 24, 12], [1, 7, 2, 6], [3, 15, 4, 14]]"
