name,pd_notation
12a_0359_0,"[[24, 19, 1, 20], [2, 6, 3, 5], [4, 12, 5, 11], [6, 18, 7, 17], [8, 15, 9, 16], [10, 4, 11, 3], [12, 1, 13, 2], [14, 24, 15, 23], [16, 21, 17, 22], [18, 13, 19, 14], [20, 10, 21, 9], [22, 7, 23, 8]]"
12a_0359_1,"[[22, 7, 23, 8], [24, 19, 1, 20], [2, 6, 3, 5], [4, 12, 5, 11], [6, 18, 7, 17], [8, 15, 9, 16], [10, 4, 11, 3], [12, 1, 13, 2], [14, 24, 15, 23], [16, 21, 17, 22], [18, 13, 19, 14], [20, 10, 21, 9]]"
12a_0359_2,"[[20, 10, 21, 9], [22, 7, 23, 8], [24, 19, 1, 20], [2, 6, 3, 5], [4, 12, 5, 11], [6, 18, 7, 17], [8, 15, 9, 16], [10, 4, 11, 3], [12, 1, 13, 2], [14, 24, 15, 23], [16, 21, 17, 22], [18, 13, 19, 14]]"
12a_0359_3,"[[18, 13, 19, 14], [20, 10, 21, 9], [22, 7, 23, 8], [24, 19, 1, 20], [2, 6, 3, 5], [4, 12, 5, 11], [6, 18, 7, 17], [8, 15, 9, 16], [10, 4, 11, 3], [12, 1, 13, 2], [14, 24, 15, 23], [16, 21, 17, 22]]"
12a_0359_4,"[[16, 21, 17, 22], [18, 13, 19, 14], [20, 10, 21, 9], [22, 7, 23, 8], [24, 19, 1, 20], [2, 6, 3, 5], [4, 12, 5, 11], [6, 18, 7, 17], [8, 15, 9, 16], [10, 4, 11, 3], [12, 1, 13, 2], [14, 24, 15, 23]]"
12a_0359_5,"[[14, 24, 15, 23], [16, 21, 17, 22], [18, 13, 19, 14], [20, 10, 21, 9], [22, 7, 23, 8], [24, 19, 1, 20], [2, 6, 3, 5], [4, 12, 5, 11], [6, 18, 7, 17], [8, 15, 9, 16], [10, 4, 11, 3], [12, 1, 13, 2]]"
12a_0359_6,"[[12, 1, 13, 2], [14, 24, 15, 23], [16, 21, 17, 22], [18, 13, 19, 14], [20, 10, 21, 9], [22, 7, 23, 8], [24, 19, 1, 20], [2, 6, 3, 5], [4, 12, 5, 11], [6, 18, 7, 17], [8, 15, 9, 16], [10, 4, 11, 3]]"
12a_0359_7,"[[10, 4, 11, 3], [12, 1, 13, 2], [14, 24, 15, 23], [16, 21, 17, 22], [18, 13, 19, 14], [20, 10, 21, 9], [22, 7, 23, 8], [24, 19, 1, 20], [2, 6, 3, 5], [4, 12, 5, 11], [6, 18, 7, 17], [8, 15, 9, 16]]"
12a_0359_8,"[[8, 15, 9, 16], [10, 4, 11, 3], [12, 1, 13, 2], [14, 24, 15, 23], [16, 21, 17, 22], [18, 13, 19, 14], [20, 10, 21, 9], [22, 7, 23, 8], [24, 19, 1, 20], [2, 6, 3, 5], [4, 12, 5, 11], [6, 18, 7, 17]]"
12a_0359_9,"[[6, 18, 7, 17], [8, 15, 9, 16], [10, 4, 11, 3], [12, 1, 13, 2], [14, 24, 15, 23], [16, 21, 17, 22], [18, 13, 19, 14], [20, 10, 21, 9], [22, 7, 23, 8], [24, 19, 1, 20], [2, 6, 3, 5], [4, 12, 5, 11]]"
12a_0359_10,"[[4, 12, 5, 11], [6, 18, 7, 17], [8, 15, 9, 16], [10, 4, 11, 3], [12, 1, 13, 2], [14, 24, 15, 23], [16, 21, 17, 22], [18, 13, 19, 14], [20, 10, 21, 9], [22, 7, 23, 8], [24, 19, 1, 20], [2, 6, 3, 5]]"
12a_0359_11,"[[2, 6, 3, 5], [4, 12, 5, 11], [6, 18, 7, 17], [8, 15, 9, 16], [10, 4, 11, 3], [12, 1, 13, 2], [14, 24, 15, 23], [16, 21, 17, 22], [18, 13, 19, 14], [20, 10, 21, 9], [22, 7, 23, 8], [24, 19, 1, 20]]"
12a_0359_12,"[[1, 20, 2, 21], [3, 7, 4, 6], [5, 13, 6, 12], [7, 19, 8, 18], [9, 16, 10, 17], [11, 5, 12, 4], [13, 2, 14, 3], [15, 1, 16, 24], [17, 22, 18, 23], [19, 14, 20, 15], [21, 11, 22, 10], [23, 8, 24, 9]]"
12a_0359_13,"[[23, 8, 24, 9], [1, 20, 2, 21], [3, 7, 4, 6], [5, 13, 6, 12], [7, 19, 8, 18], [9, 16, 10, 17], [11, 5, 12, 4], [13, 2, 14, 3], [15, 1, 16, 24], [17, 22, 18, 23], [19, 14, 20, 15], [21, 11, 22, 10]]"
12a_0359_14,"[[21, 11, 22, 10], [23, 8, 24, 9], [1, 20, 2, 21], [3, 7, 4, 6], [5, 13, 6, 12], [7, 19, 8, 18], [9, 16, 10, 17], [11, 5, 12, 4], [13, 2, 14, 3], [15, 1, 16, 24], [17, 22, 18, 23], [19, 14, 20, 15]]"
12a_0359_15,"[[19, 14, 20, 15], [21, 11, 22, 10], [23, 8, 24, 9], [1, 20, 2, 21], [3, 7, 4, 6], [5, 13, 6, 12], [7, 19, 8, 18], [9, 16, 10, 17], [11, 5, 12, 4], [13, 2, 14, 3], [15, 1, 16, 24], [17, 22, 18, 23]]"
12a_0359_16,"[[17, 22, 18, 23], [19, 14, 20, 15], [21, 11, 22, 10], [23, 8, 24, 9], [1, 20, 2, 21], [3, 7, 4, 6], [5, 13, 6, 12], [7, 19, 8, 18], [9, 16, 10, 17], [11, 5, 12, 4], [13, 2, 14, 3], [15, 1, 16, 24]]"
12a_0359_17,"[[15, 1, 16, 24], [17, 22, 18, 23], [19, 14, 20, 15], [21, 11, 22, 10], [23, 8, 24, 9], [1, 20, 2, 21], [3, 7, 4, 6], [5, 13, 6, 12], [7, 19, 8, 18], [9, 16, 10, 17], [11, 5, 12, 4], [13, 2, 14, 3]]"
12a_0359_18,"[[13, 2, 14, 3], [15, 1, 16, 24], [17, 22, 18, 23], [19, 14, 20, 15], [21, 11, 22, 10], [23, 8, 24, 9], [1, 20, 2, 21], [3, 7, 4, 6], [5, 13, 6, 12], [7, 19, 8, 18], [9, 16, 10, 17], [11, 5, 12, 4]]"
12a_0359_19,"[[11, 5, 12, 4], [13, 2, 14, 3], [15, 1, 16, 24], [17, 22, 18, 23], [19, 14, 20, 15], [21, 11, 22, 10], [23, 8, 24, 9], [1, 20, 2, 21], [3, 7, 4, 6], [5, 13, 6, 12], [7, 19, 8, 18], [9, 16, 10, 17]]"
12a_0359_20,"[[9, 16, 10, 17], [11, 5, 12, 4], [13, 2, 14, 3], [15, 1, 16, 24], [17, 22, 18, 23], [19, 14, 20, 15], [21, 11, 22, 10], [23, 8, 24, 9], [1, 20, 2, 21], [3, 7, 4, 6], [5, 13, 6, 12], [7, 19, 8, 18]]"
12a_0359_21,"[[7, 19, 8, 18], [9, 16, 10, 17], [11, 5, 12, 4], [13, 2, 14, 3], [15, 1, 16, 24], [17, 22, 18, 23], [19, 14, 20, 15], [21, 11, 22, 10], [23, 8, 24, 9], [1, 20, 2, 21], [3, 7, 4, 6], [5, 13, 6, 12]]"
12a_0359_22,"[[5, 13, 6, 12], [7, 19, 8, 18], [9, 16, 10, 17], [11, 5, 12, 4], [13, 2, 14, 3], [15, 1, 16, 24], [17, 22, 18, 23], [19, 14, 20, 15], [21, 11, 22, 10], [23, 8, 24, 9], [1, 20, 2, 21], [3, 7, 4, 6]]"
12a_0359_23,"[[3, 7, 4, 6], [5, 13, 6, 12], [7, 19, 8, 18], [9, 16, 10, 17], [11, 5, 12, 4], [13, 2, 14, 3], [15, 1, 16, 24], [17, 22, 18, 23], [19, 14, 20, 15], [21, 11, 22, 10], [23, 8, 24, 9], [1, 20, 2, 21]]"
12a_0359_24,"[[2, 21, 3, 22], [4, 8, 5, 7], [6, 14, 7, 13], [8, 20, 9, 19], [10, 17, 11, 18], [12, 6, 13, 5], [14, 3, 15, 4], [16, 2, 17, 1], [18, 23, 19, 24], [20, 15, 21, 16], [22, 12, 23, 11], [24, 9, 1, 10]]"
12a_0359_25,"[[24, 9, 1, 10], [2, 21, 3, 22], [4, 8, 5, 7], [6, 14, 7, 13], [8, 20, 9, 19], [10, 17, 11, 18], [12, 6, 13, 5], [14, 3, 15, 4], [16, 2, 17, 1], [18, 23, 19, 24], [20, 15, 21, 16], [22, 12, 23, 11]]"
12a_0359_26,"[[22, 12, 23, 11], [24, 9, 1, 10], [2, 21, 3, 22], [4, 8, 5, 7], [6, 14, 7, 13], [8, 20, 9, 19], [10, 17, 11, 18], [12, 6, 13, 5], [14, 3, 15, 4], [16, 2, 17, 1], [18, 23, 19, 24], [20, 15, 21, 16]]"
12a_0359_27,"[[20, 15, 21, 16], [22, 12, 23, 11], [24, 9, 1, 10], [2, 21, 3, 22], [4, 8, 5, 7], [6, 14, 7, 13], [8, 20, 9, 19], [10, 17, 11, 18], [12, 6, 13, 5], [14, 3, 15, 4], [16, 2, 17, 1], [18, 23, 19, 24]]"
12a_0359_28,"[[18, 23, 19, 24], [20, 15, 21, 16], [22, 12, 23, 11], [24, 9, 1, 10], [2, 21, 3, 22], [4, 8, 5, 7], [6, 14, 7, 13], [8, 20, 9, 19], [10, 17, 11, 18], [12, 6, 13, 5], [14, 3, 15, 4], [16, 2, 17, 1]]"
12a_0359_29,"[[16, 2, 17, 1], [18, 23, 19, 24], [20, 15, 21, 16], [22, 12, 23, 11], [24, 9, 1, 10], [2, 21, 3, 22], [4, 8, 5, 7], [6, 14, 7, 13], [8, 20, 9, 19], [10, 17, 11, 18], [12, 6, 13, 5], [14, 3, 15, 4]]"
12a_0359_30,"[[14, 3, 15, 4], [16, 2, 17, 1], [18, 23, 19, 24], [20, 15, 21, 16], [22, 12, 23, 11], [24, 9, 1, 10], [2, 21, 3, 22], [4, 8, 5, 7], [6, 14, 7, 13], [8, 20, 9, 19], [10, 17, 11, 18], [12, 6, 13, 5]]"
12a_0359_31,"[[12, 6, 13, 5], [14, 3, 15, 4], [16, 2, 17, 1], [18, 23, 19, 24], [20, 15, 21, 16], [22, 12, 23, 11], [24, 9, 1, 10], [2, 21, 3, 22], [4, 8, 5, 7], [6, 14, 7, 13], [8, 20, 9, 19], [10, 17, 11, 18]]"
12a_0359_32,"[[10, 17, 11, 18], [12, 6, 13, 5], [14, 3, 15, 4], [16, 2, 17, 1], [18, 23, 19, 24], [20, 15, 21, 16], [22, 12, 23, 11], [24, 9, 1, 10], [2, 21, 3, 22], [4, 8, 5, 7], [6, 14, 7, 13], [8, 20, 9, 19]]"
12a_0359_33,"[[8, 20, 9, 19], [10, 17, 11, 18], [12, 6, 13, 5], [14, 3, 15, 4], [16, 2, 17, 1], [18, 23, 19, 24], [20, 15, 21, 16], [22, 12, 23, 11], [24, 9, 1, 10], [2, 21, 3, 22], [4, 8, 5, 7], [6, 14, 7, 13]]"
12a_0359_34,"[[6, 14, 7, 13], [8, 20, 9, 19], [10, 17, 11, 18], [12, 6, 13, 5], [14, 3, 15, 4], [16, 2, 17, 1], [18, 23, 19, 24], [20, 15, 21, 16], [22, 12, 23, 11], [24, 9, 1, 10], [2, 21, 3, 22], [4, 8, 5, 7]]"
12a_0359_35,"[[4, 8, 5, 7], [6, 14, 7, 13], [8, 20, 9, 19], [10, 17, 11, 18], [12, 6, 13, 5], [14, 3, 15, 4], [16, 2, 17, 1], [18, 23, 19, 24], [20, 15, 21, 16], [22, 12, 23, 11], [24, 9, 1, 10], [2, 21, 3, 22]]"
12a_0359_36,"[[3, 22, 4, 23], [5, 9, 6, 8], [7, 15, 8, 14], [9, 21, 10, 20], [11, 18, 12, 19], [13, 7, 14, 6], [15, 4, 16, 5], [17, 3, 18, 2], [19, 24, 20, 1], [21, 16, 22, 17], [23, 13, 24, 12], [1, 10, 2, 11]]"
12a_0359_37,"[[1, 10, 2, 11], [3, 22, 4, 23], [5, 9, 6, 8], [7, 15, 8, 14], [9, 21, 10, 20], [11, 18, 12, 19], [13, 7, 14, 6], [15, 4, 16, 5], [17, 3, 18, 2], [19, 24, 20, 1], [21, 16, 22, 17], [23, 13, 24, 12]]"
12a_0359_38,"[[23, 13, 24, 12], [1, 10, 2, 11], [3, 22, 4, 23], [5, 9, 6, 8], [7, 15, 8, 14], [9, 21, 10, 20], [11, 18, 12, 19], [13, 7, 14, 6], [15, 4, 16, 5], [17, 3, 18, 2], [19, 24, 20, 1], [21, 16, 22, 17]]"
12a_0359_39,"[[21, 16, 22, 17], [23, 13, 24, 12], [1, 10, 2, 11], [3, 22, 4, 23], [5, 9, 6, 8], [7, 15, 8, 14], [9, 21, 10, 20], [11, 18, 12, 19], [13, 7, 14, 6], [15, 4, 16, 5], [17, 3, 18, 2], [19, 24, 20, 1]]"
12a_0359_40,"[[19, 24, 20, 1], [21, 16, 22, 17], [23, 13, 24, 12], [1, 10, 2, 11], [3, 22, 4, 23], [5, 9, 6, 8], [7, 15, 8, 14], [9, 21, 10, 20], [11, 18, 12, 19], [13, 7, 14, 6], [15, 4, 16, 5], [17, 3, 18, 2]]"
12a_0359_41,"[[17, 3, 18, 2], [19, 24, 20, 1], [21, 16, 22, 17], [23, 13, 24, 12], [1, 10, 2, 11], [3, 22, 4, 23], [5, 9, 6, 8], [7, 15, 8, 14], [9, 21, 10, 20], [11, 18, 12, 19], [13, 7, 14, 6], [15, 4, 16, 5]]"
12a_0359_42,"[[15, 4, 16, 5], [17, 3, 18, 2], [19, 24, 20, 1], [21, 16, 22, 17], [23, 13, 24, 12], [1, 10, 2, 11], [3, 22, 4, 23], [5, 9, 6, 8], [7, 15, 8, 14], [9, 21, 10, 20], [11, 18, 12, 19], [13, 7, 14, 6]]"
12a_0359_43,"[[13, 7, 14, 6], [15, 4, 16, 5], [17, 3, 18, 2], [19, 24, 20, 1], [21, 16, 22, 17], [23, 13, 24, 12], [1, 10, 2, 11], [3, 22, 4, 23], [5, 9, 6, 8], [7, 15, 8, 14], [9, 21, 10, 20], [11, 18, 12, 19]]"
12a_0359_44,"[[11, 18, 12, 19], [13, 7, 14, 6], [15, 4, 16, 5], [17, 3, 18, 2], [19, 24, 20, 1], [21, 16, 22, 17], [23, 13, 24, 12], [1, 10, 2, 11], [3, 22, 4, 23], [5, 9, 6, 8], [7, 15, 8, 14], [9, 21, 10, 20]]"
12a_0359_45,"[[9, 21, 10, 20], [11, 18, 12, 19], [13, 7, 14, 6], [15, 4, 16, 5], [17, 3, 18, 2], [19, 24, 20, 1], [21, 16, 22, 17], [23, 13, 24, 12], [1, 10, 2, 11], [3, 22, 4, 23], [5, 9, 6, 8], [7, 15, 8, 14]]"
12a_0359_46,"[[7, 15, 8, 14], [9, 21, 10, 20], [11, 18, 12, 19], [13, 7, 14, 6], [15, 4, 16, 5], [17, 3, 18, 2], [19, 24, 20, 1], [21, 16, 22, 17], [23, 13, 24, 12], [1, 10, 2, 11], [3, 22, 4, 23], [5, 9, 6, 8]]"
12a_0359_47,"[[5, 9, 6, 8], [7, 15, 8, 14], [9, 21, 10, 20], [11, 18, 12, 19], [13, 7, 14, 6], [15, 4, 16, 5], [17, 3, 18, 2], [19, 24, 20, 1], [21, 16, 22, 17], [23, 13, 24, 12], [1, 10, 2, 11], [3, 22, 4, 23]]"
12a_0359_48,"[[4, 23, 5, 24], [6, 10, 7, 9], [8, 16, 9, 15], [10, 22, 11, 21], [12, 19, 13, 20], [14, 8, 15, 7], [16, 5, 17, 6], [18, 4, 19, 3], [20, 1, 21, 2], [22, 17, 23, 18], [24, 14, 1, 13], [2, 11, 3, 12]]"
12a_0359_49,"[[2, 11, 3, 12], [4, 23, 5, 24], [6, 10, 7, 9], [8, 16, 9, 15], [10, 22, 11, 21], [12, 19, 13, 20], [14, 8, 15, 7], [16, 5, 17, 6], [18, 4, 19, 3], [20, 1, 21, 2], [22, 17, 23, 18], [24, 14, 1, 13]]"
12a_0359_50,"[[24, 14, 1, 13], [2, 11, 3, 12], [4, 23, 5, 24], [6, 10, 7, 9], [8, 16, 9, 15], [10, 22, 11, 21], [12, 19, 13, 20], [14, 8, 15, 7], [16, 5, 17, 6], [18, 4, 19, 3], [20, 1, 21, 2], [22, 17, 23, 18]]"
12a_0359_51,"[[22, 17, 23, 18], [24, 14, 1, 13], [2, 11, 3, 12], [4, 23, 5, 24], [6, 10, 7, 9], [8, 16, 9, 15], [10, 22, 11, 21], [12, 19, 13, 20], [14, 8, 15, 7], [16, 5, 17, 6], [18, 4, 19, 3], [20, 1, 21, 2]]"
12a_0359_52,"[[20, 1, 21, 2], [22, 17, 23, 18], [24, 14, 1, 13], [2, 11, 3, 12], [4, 23, 5, 24], [6, 10, 7, 9], [8, 16, 9, 15], [10, 22, 11, 21], [12, 19, 13, 20], [14, 8, 15, 7], [16, 5, 17, 6], [18, 4, 19, 3]]"
12a_0359_53,"[[18, 4, 19, 3], [20, 1, 21, 2], [22, 17, 23, 18], [24, 14, 1, 13], [2, 11, 3, 12], [4, 23, 5, 24], [6, 10, 7, 9], [8, 16, 9, 15], [10, 22, 11, 21], [12, 19, 13, 20], [14, 8, 15, 7], [16, 5, 17, 6]]"
12a_0359_54,"[[16, 5, 17, 6], [18, 4, 19, 3], [20, 1, 21, 2], [22, 17, 23, 18], [24, 14, 1, 13], [2, 11, 3, 12], [4, 23, 5, 24], [6, 10, 7, 9], [8, 16, 9, 15], [10, 22, 11, 21], [12, 19, 13, 20], [14, 8, 15, 7]]"
12a_0359_55,"[[14, 8, 15, 7], [16, 5, 17, 6], [18, 4, 19, 3], [20, 1, 21, 2], [22, 17, 23, 18], [24, 14, 1, 13], [2, 11, 3, 12], [4, 23, 5, 24], [6, 10, 7, 9], [8, 16, 9, 15], [10, 22, 11, 21], [12, 19, 13, 20]]"
12a_0359_56,"[[12, 19, 13, 20], [14, 8, 15, 7], [16, 5, 17, 6], [18, 4, 19, 3], [20, 1, 21, 2], [22, 17, 23, 18], [24, 14, 1, 13], [2, 11, 3, 12], [4, 23, 5, 24], [6, 10, 7, 9], [8, 16, 9, 15], [10, 22, 11, 21]]"
12a_0359_57,"[[10, 22, 11, 21], [12, 19, 13, 20], [14, 8, 15, 7], [16, 5, 17, 6], [18, 4, 19, 3], [20, 1, 21, 2], [22, 17, 23, 18], [24, 14, 1, 13], [2, 11, 3, 12], [4, 23, 5, 24], [6, 10, 7, 9], [8, 16, 9, 15]]"
12a_0359_58,"[[8, 16, 9, 15], [10, 22, 11, 21], [12, 19, 13, 20], [14, 8, 15, 7], [16, 5, 17, 6], [18, 4, 19, 3], [20, 1, 21, 2], [22, 17, 23, 18], [24, 14, 1, 13], [2, 11, 3, 12], [4, 23, 5, 24], [6, 10, 7, 9]]"
12a_0359_59,"[[6, 10, 7, 9], [8, 16, 9, 15], [10, 22, 11, 21], [12, 19, 13, 20], [14, 8, 15, 7], [16, 5, 17, 6], [18, 4, 19, 3], [20, 1, 21, 2], [22, 17, 23, 18], [24, 14, 1, 13], [2, 11, 3, 12], [4, 23, 5, 24]]"
12a_0359_60,"[[5, 24, 6, 1], [7, 11, 8, 10], [9, 17, 10, 16], [11, 23, 12, 22], [13, 20, 14, 21], [15, 9, 16, 8], [17, 6, 18, 7], [19, 5, 20, 4], [21, 2, 22, 3], [23, 18, 24, 19], [1, 15, 2, 14], [3, 12, 4, 13]]"
12a_0359_61,"[[3, 12, 4, 13], [5, 24, 6, 1], [7, 11, 8, 10], [9, 17, 10, 16], [11, 23, 12, 22], [13, 20, 14, 21], [15, 9, 16, 8], [17, 6, 18, 7], [19, 5, 20, 4], [21, 2, 22, 3], [23, 18, 24, 19], [1, 15, 2, 14]]"
12a_0359_62,"[[1, 15, 2, 14], [3, 12, 4, 13], [5, 24, 6, 1], [7, 11, 8, 10], [9, 17, 10, 16], [11, 23, 12, 22], [13, 20, 14, 21], [15, 9, 16, 8], [17, 6, 18, 7], [19, 5, 20, 4], [21, 2, 22, 3], [23, 18, 24, 19]]"
12a_0359_63,"[[23, 18, 24, 19], [1, 15, 2, 14], [3, 12, 4, 13], [5, 24, 6, 1], [7, 11, 8, 10], [9, 17, 10, 16], [11, 23, 12, 22], [13, 20, 14, 21], [15, 9, 16, 8], [17, 6, 18, 7], [19, 5, 20, 4], [21, 2, 22, 3]]"
12a_0359_64,"[[21, 2, 22, 3], [23, 18, 24, 19], [1, 15, 2, 14], [3, 12, 4, 13], [5, 24, 6, 1], [7, 11, 8, 10], [9, 17, 10, 16], [11, 23, 12, 22], [13, 20, 14, 21], [15, 9, 16, 8], [17, 6, 18, 7], [19, 5, 20, 4]]"
12a_0359_65,"[[19, 5, 20, 4], [21, 2, 22, 3], [23, 18, 24, 19], [1, 15, 2, 14], [3, 12, 4, 13], [5, 24, 6, 1], [7, 11, 8, 10], [9, 17, 10, 16], [11, 23, 12, 22], [13, 20, 14, 21], [15, 9, 16, 8], [17, 6, 18, 7]]"
12a_0359_66,"[[17, 6, 18, 7], [19, 5, 20, 4], [21, 2, 22, 3], [23, 18, 24, 19], [1, 15, 2, 14], [3, 12, 4, 13], [5, 24, 6, 1], [7, 11, 8, 10], [9, 17, 10, 16], [11, 23, 12, 22], [13, 20, 14, 21], [15, 9, 16, 8]]"
12a_0359_67,"[[15, 9, 16, 8], [17, 6, 18, 7], [19, 5, 20, 4], [21, 2, 22, 3], [23, 18, 24, 19], [1, 15, 2, 14], [3, 12, 4, 13], [5, 24, 6, 1], [7, 11, 8, 10], [9, 17, 10, 16], [11, 23, 12, 22], [13, 20, 14, 21]]"
12a_0359_68,"[[13, 20, 14, 21], [15, 9, 16, 8], [17, 6, 18, 7], [19, 5, 20, 4], [21, 2, 22, 3], [23, 18, 24, 19], [1, 15, 2, 14], [3, 12, 4, 13], [5, 24, 6, 1], [7, 11, 8, 10], [9, 17, 10, 16], [11, 23, 12, 22]]"
12a_0359_69,"[[11, 23, 12, 22], [13, 20, 14, 21], [15, 9, 16, 8], [17, 6, 18, 7], [19, 5, 20, 4], [21, 2, 22, 3], [23, 18, 24, 19], [1, 15, 2, 14], [3, 12, 4, 13], [5, 24, 6, 1], [7, 11, 8, 10], [9, 17, 10, 16]]"
12a_0359_70,"[[9, 17, 10, 16], [11, 23, 12, 22], [13, 20, 14, 21], [15, 9, 16, 8], [17, 6, 18, 7], [19, 5, 20, 4], [21, 2, 22, 3], [23, 18, 24, 19], [1, 15, 2, 14], [3, 12, 4, 13], [5, 24, 6, 1], [7, 11, 8, 10]]"
12a_0359_71,"[[7, 11, 8, 10], [9, 17, 10, 16], [11, 23, 12, 22], [13, 20, 14, 21], [15, 9, 16, 8], [17, 6, 18, 7], [19, 5, 20, 4], [21, 2, 22, 3], [23, 18, 24, 19], [1, 15, 2, 14], [3, 12, 4, 13], [5, 24, 6, 1]]"
12a_0359_72,"[[6, 1, 7, 2], [8, 12, 9, 11], [10, 18, 11, 17], [12, 24, 13, 23], [14, 21, 15, 22], [16, 10, 17, 9], [18, 7, 19, 8], [20, 6, 21, 5], [22, 3, 23, 4], [24, 19, 1, 20], [2, 16, 3, 15], [4, 13, 5, 14]]"
12a_0359_73,"[[4, 13, 5, 14], [6, 1, 7, 2], [8, 12, 9, 11], [10, 18, 11, 17], [12, 24, 13, 23], [14, 21, 15, 22], [16, 10, 17, 9], [18, 7, 19, 8], [20, 6, 21, 5], [22, 3, 23, 4], [24, 19, 1, 20], [2, 16, 3, 15]]"
12a_0359_74,"[[2, 16, 3, 15], [4, 13, 5, 14], [6, 1, 7, 2], [8, 12, 9, 11], [10, 18, 11, 17], [12, 24, 13, 23], [14, 21, 15, 22], [16, 10, 17, 9], [18, 7, 19, 8], [20, 6, 21, 5], [22, 3, 23, 4], [24, 19, 1, 20]]"
12a_0359_75,"[[24, 19, 1, 20], [2, 16, 3, 15], [4, 13, 5, 14], [6, 1, 7, 2], [8, 12, 9, 11], [10, 18, 11, 17], [12, 24, 13, 23], [14, 21, 15, 22], [16, 10, 17, 9], [18, 7, 19, 8], [20, 6, 21, 5], [22, 3, 23, 4]]"
12a_0359_76,"[[22, 3, 23, 4], [24, 19, 1, 20], [2, 16, 3, 15], [4, 13, 5, 14], [6, 1, 7, 2], [8, 12, 9, 11], [10, 18, 11, 17], [12, 24, 13, 23], [14, 21, 15, 22], [16, 10, 17, 9], [18, 7, 19, 8], [20, 6, 21, 5]]"
12a_0359_77,"[[20, 6, 21, 5], [22, 3, 23, 4], [24, 19, 1, 20], [2, 16, 3, 15], [4, 13, 5, 14], [6, 1, 7, 2], [8, 12, 9, 11], [10, 18, 11, 17], [12, 24, 13, 23], [14, 21, 15, 22], [16, 10, 17, 9], [18, 7, 19, 8]]"
12a_0359_78,"[[18, 7, 19, 8], [20, 6, 21, 5], [22, 3, 23, 4], [24, 19, 1, 20], [2, 16, 3, 15], [4, 13, 5, 14], [6, 1, 7, 2], [8, 12, 9, 11], [10, 18, 11, 17], [12, 24, 13, 23], [14, 21, 15, 22], [16, 10, 17, 9]]"
12a_0359_79,"[[16, 10, 17, 9], [18, 7, 19, 8], [20, 6, 21, 5], [22, 3, 23, 4], [24, 19, 1, 20], [2, 16, 3, 15], [4, 13, 5, 14], [6, 1, 7, 2], [8, 12, 9, 11], [10, 18, 11, 17], [12, 24, 13, 23], [14, 21, 15, 22]]"
12a_0359_80,"[[14, 21, 15, 22], [16, 10, 17, 9], [18, 7, 19, 8], [20, 6, 21, 5], [22, 3, 23, 4], [24, 19, 1, 20], [2, 16, 3, 15], [4, 13, 5, 14], [6, 1, 7, 2], [8, 12, 9, 11], [10, 18, 11, 17], [12, 24, 13, 23]]"
12a_0359_81,"[[12, 24, 13, 23], [14, 21, 15, 22], [16, 10, 17, 9], [18, 7, 19, 8], [20, 6, 21, 5], [22, 3, 23, 4], [24, 19, 1, 20], [2, 16, 3, 15], [4, 13, 5, 14], [6, 1, 7, 2], [8, 12, 9, 11], [10, 18, 11, 17]]"
12a_0359_82,"[[10, 18, 11, 17], [12, 24, 13, 23], [14, 21, 15, 22], [16, 10, 17, 9], [18, 7, 19, 8], [20, 6, 21, 5], [22, 3, 23, 4], [24, 19, 1, 20], [2, 16, 3, 15], [4, 13, 5, 14], [6, 1, 7, 2], [8, 12, 9, 11]]"
12a_0359_83,"[[8, 12, 9, 11], [10, 18, 11, 17], [12, 24, 13, 23], [14, 21, 15, 22], [16, 10, 17, 9], [18, 7, 19, 8], [20, 6, 21, 5], [22, 3, 23, 4], [24, 19, 1, 20], [2, 16, 3, 15], [4, 13, 5, 14], [6, 1, 7, 2]]"
12a_0359_84,"[[7, 2, 8, 3], [9, 13, 10, 12], [11, 19, 12, 18], [13, 1, 14, 24], [15, 22, 16, 23], [17, 11, 18, 10], [19, 8, 20, 9], [21, 7, 22, 6], [23, 4, 24, 5], [1, 20, 2, 21], [3, 17, 4, 16], [5, 14, 6, 15]]"
12a_0359_85,"[[5, 14, 6, 15], [7, 2, 8, 3], [9, 13, 10, 12], [11, 19, 12, 18], [13, 1, 14, 24], [15, 22, 16, 23], [17, 11, 18, 10], [19, 8, 20, 9], [21, 7, 22, 6], [23, 4, 24, 5], [1, 20, 2, 21], [3, 17, 4, 16]]"
12a_0359_86,"[[3, 17, 4, 16], [5, 14, 6, 15], [7, 2, 8, 3], [9, 13, 10, 12], [11, 19, 12, 18], [13, 1, 14, 24], [15, 22, 16, 23], [17, 11, 18, 10], [19, 8, 20, 9], [21, 7, 22, 6], [23, 4, 24, 5], [1, 20, 2, 21]]"
12a_0359_87,"[[1, 20, 2, 21], [3, 17, 4, 16], [5, 14, 6, 15], [7, 2, 8, 3], [9, 13, 10, 12], [11, 19, 12, 18], [13, 1, 14, 24], [15, 22, 16, 23], [17, 11, 18, 10], [19, 8, 20, 9], [21, 7, 22, 6], [23, 4, 24, 5]]"
12a_0359_88,"[[23, 4, 24, 5], [1, 20, 2, 21], [3, 17, 4, 16], [5, 14, 6, 15], [7, 2, 8, 3], [9, 13, 10, 12], [11, 19, 12, 18], [13, 1, 14, 24], [15, 22, 16, 23], [17, 11, 18, 10], [19, 8, 20, 9], [21, 7, 22, 6]]"
12a_0359_89,"[[21, 7, 22, 6], [23, 4, 24, 5], [1, 20, 2, 21], [3, 17, 4, 16], [5, 14, 6, 15], [7, 2, 8, 3], [9, 13, 10, 12], [11, 19, 12, 18], [13, 1, 14, 24], [15, 22, 16, 23], [17, 11, 18, 10], [19, 8, 20, 9]]"
12a_0359_90,"[[19, 8, 20, 9], [21, 7, 22, 6], [23, 4, 24, 5], [1, 20, 2, 21], [3, 17, 4, 16], [5, 14, 6, 15], [7, 2, 8, 3], [9, 13, 10, 12], [11, 19, 12, 18], [13, 1, 14, 24], [15, 22, 16, 23], [17, 11, 18, 10]]"
12a_0359_91,"[[17, 11, 18, 10], [19, 8, 20, 9], [21, 7, 22, 6], [23, 4, 24, 5], [1, 20, 2, 21], [3, 17, 4, 16], [5, 14, 6, 15], [7, 2, 8, 3], [9, 13, 10, 12], [11, 19, 12, 18], [13, 1, 14, 24], [15, 22, 16, 23]]"
12a_0359_92,"[[15, 22, 16, 23], [17, 11, 18, 10], [19, 8, 20, 9], [21, 7, 22, 6], [23, 4, 24, 5], [1, 20, 2, 21], [3, 17, 4, 16], [5, 14, 6, 15], [7, 2, 8, 3], [9, 13, 10, 12], [11, 19, 12, 18], [13, 1, 14, 24]]"
12a_0359_93,"[[13, 1, 14, 24], [15, 22, 16, 23], [17, 11, 18, 10], [19, 8, 20, 9], [21, 7, 22, 6], [23, 4, 24, 5], [1, 20, 2, 21], [3, 17, 4, 16], [5, 14, 6, 15], [7, 2, 8, 3], [9, 13, 10, 12], [11, 19, 12, 18]]"
12a_0359_94,"[[11, 19, 12, 18], [13, 1, 14, 24], [15, 22, 16, 23], [17, 11, 18, 10], [19, 8, 20, 9], [21, 7, 22, 6], [23, 4, 24, 5], [1, 20, 2, 21], [3, 17, 4, 16], [5, 14, 6, 15], [7, 2, 8, 3], [9, 13, 10, 12]]"
12a_0359_95,"[[9, 13, 10, 12], [11, 19, 12, 18], [13, 1, 14, 24], [15, 22, 16, 23], [17, 11, 18, 10], [19, 8, 20, 9], [21, 7, 22, 6], [23, 4, 24, 5], [1, 20, 2, 21], [3, 17, 4, 16], [5, 14, 6, 15], [7, 2, 8, 3]]"
12a_0359_96,"[[8, 3, 9, 4], [10, 14, 11, 13], [12, 20, 13, 19], [14, 2, 15, 1], [16, 23, 17, 24], [18, 12, 19, 11], [20, 9, 21, 10], [22, 8, 23, 7], [24, 5, 1, 6], [2, 21, 3, 22], [4, 18, 5, 17], [6, 15, 7, 16]]"
12a_0359_97,"[[6, 15, 7, 16], [8, 3, 9, 4], [10, 14, 11, 13], [12, 20, 13, 19], [14, 2, 15, 1], [16, 23, 17, 24], [18, 12, 19, 11], [20, 9, 21, 10], [22, 8, 23, 7], [24, 5, 1, 6], [2, 21, 3, 22], [4, 18, 5, 17]]"
12a_0359_98,"[[4, 18, 5, 17], [6, 15, 7, 16], [8, 3, 9, 4], [10, 14, 11, 13], [12, 20, 13, 19], [14, 2, 15, 1], [16, 23, 17, 24], [18, 12, 19, 11], [20, 9, 21, 10], [22, 8, 23, 7], [24, 5, 1, 6], [2, 21, 3, 22]]"
12a_0359_99,"[[2, 21, 3, 22], [4, 18, 5, 17], [6, 15, 7, 16], [8, 3, 9, 4], [10, 14, 11, 13], [12, 20, 13, 19], [14, 2, 15, 1], [16, 23, 17, 24], [18, 12, 19, 11], [20, 9, 21, 10], [22, 8, 23, 7], [24, 5, 1, 6]]"
12a_0359_100,"[[24, 5, 1, 6], [2, 21, 3, 22], [4, 18, 5, 17], [6, 15, 7, 16], [8, 3, 9, 4], [10, 14, 11, 13], [12, 20, 13, 19], [14, 2, 15, 1], [16, 23, 17, 24], [18, 12, 19, 11], [20, 9, 21, 10], [22, 8, 23, 7]]"
12a_0359_101,"[[22, 8, 23, 7], [24, 5, 1, 6], [2, 21, 3, 22], [4, 18, 5, 17], [6, 15, 7, 16], [8, 3, 9, 4], [10, 14, 11, 13], [12, 20, 13, 19], [14, 2, 15, 1], [16, 23, 17, 24], [18, 12, 19, 11], [20, 9, 21, 10]]"
12a_0359_102,"[[20, 9, 21, 10], [22, 8, 23, 7], [24, 5, 1, 6], [2, 21, 3, 22], [4, 18, 5, 17], [6, 15, 7, 16], [8, 3, 9, 4], [10, 14, 11, 13], [12, 20, 13, 19], [14, 2, 15, 1], [16, 23, 17, 24], [18, 12, 19, 11]]"
12a_0359_103,"[[18, 12, 19, 11], [20, 9, 21, 10], [22, 8, 23, 7], [24, 5, 1, 6], [2, 21, 3, 22], [4, 18, 5, 17], [6, 15, 7, 16], [8, 3, 9, 4], [10, 14, 11, 13], [12, 20, 13, 19], [14, 2, 15, 1], [16, 23, 17, 24]]"
12a_0359_104,"[[16, 23, 17, 24], [18, 12, 19, 11], [20, 9, 21, 10], [22, 8, 23, 7], [24, 5, 1, 6], [2, 21, 3, 22], [4, 18, 5, 17], [6, 15, 7, 16], [8, 3, 9, 4], [10, 14, 11, 13], [12, 20, 13, 19], [14, 2, 15, 1]]"
12a_0359_105,"[[14, 2, 15, 1], [16, 23, 17, 24], [18, 12, 19, 11], [20, 9, 21, 10], [22, 8, 23, 7], [24, 5, 1, 6], [2, 21, 3, 22], [4, 18, 5, 17], [6, 15, 7, 16], [8, 3, 9, 4], [10, 14, 11, 13], [12, 20, 13, 19]]"
12a_0359_106,"[[12, 20, 13, 19], [14, 2, 15, 1], [16, 23, 17, 24], [18, 12, 19, 11], [20, 9, 21, 10], [22, 8, 23, 7], [24, 5, 1, 6], [2, 21, 3, 22], [4, 18, 5, 17], [6, 15, 7, 16], [8, 3, 9, 4], [10, 14, 11, 13]]"
12a_0359_107,"[[10, 14, 11, 13], [12, 20, 13, 19], [14, 2, 15, 1], [16, 23, 17, 24], [18, 12, 19, 11], [20, 9, 21, 10], [22, 8, 23, 7], [24, 5, 1, 6], [2, 21, 3, 22], [4, 18, 5, 17], [6, 15, 7, 16], [8, 3, 9, 4]]"
12a_0359_108,"[[9, 4, 10, 5], [11, 15, 12, 14], [13, 21, 14, 20], [15, 3, 16, 2], [17, 24, 18, 1], [19, 13, 20, 12], [21, 10, 22, 11], [23, 9, 24, 8], [1, 6, 2, 7], [3, 22, 4, 23], [5, 19, 6, 18], [7, 16, 8, 17]]"
12a_0359_109,"[[7, 16, 8, 17], [9, 4, 10, 5], [11, 15, 12, 14], [13, 21, 14, 20], [15, 3, 16, 2], [17, 24, 18, 1], [19, 13, 20, 12], [21, 10, 22, 11], [23, 9, 24, 8], [1, 6, 2, 7], [3, 22, 4, 23], [5, 19, 6, 18]]"
12a_0359_110,"[[5, 19, 6, 18], [7, 16, 8, 17], [9, 4, 10, 5], [11, 15, 12, 14], [13, 21, 14, 20], [15, 3, 16, 2], [17, 24, 18, 1], [19, 13, 20, 12], [21, 10, 22, 11], [23, 9, 24, 8], [1, 6, 2, 7], [3, 22, 4, 23]]"
12a_0359_111,"[[3, 22, 4, 23], [5, 19, 6, 18], [7, 16, 8, 17], [9, 4, 10, 5], [11, 15, 12, 14], [13, 21, 14, 20], [15, 3, 16, 2], [17, 24, 18, 1], [19, 13, 20, 12], [21, 10, 22, 11], [23, 9, 24, 8], [1, 6, 2, 7]]"
12a_0359_112,"[[1, 6, 2, 7], [3, 22, 4, 23], [5, 19, 6, 18], [7, 16, 8, 17], [9, 4, 10, 5], [11, 15, 12, 14], [13, 21, 14, 20], [15, 3, 16, 2], [17, 24, 18, 1], [19, 13, 20, 12], [21, 10, 22, 11], [23, 9, 24, 8]]"
12a_0359_113,"[[23, 9, 24, 8], [1, 6, 2, 7], [3, 22, 4, 23], [5, 19, 6, 18], [7, 16, 8, 17], [9, 4, 10, 5], [11, 15, 12, 14], [13, 21, 14, 20], [15, 3, 16, 2], [17, 24, 18, 1], [19, 13, 20, 12], [21, 10, 22, 11]]"
12a_0359_114,"[[21, 10, 22, 11], [23, 9, 24, 8], [1, 6, 2, 7], [3, 22, 4, 23], [5, 19, 6, 18], [7, 16, 8, 17], [9, 4, 10, 5], [11, 15, 12, 14], [13, 21, 14, 20], [15, 3, 16, 2], [17, 24, 18, 1], [19, 13, 20, 12]]"
12a_0359_115,"[[19, 13, 20, 12], [21, 10, 22, 11], [23, 9, 24, 8], [1, 6, 2, 7], [3, 22, 4, 23], [5, 19, 6, 18], [7, 16, 8, 17], [9, 4, 10, 5], [11, 15, 12, 14], [13, 21, 14, 20], [15, 3, 16, 2], [17, 24, 18, 1]]"
12a_0359_116,"[[17, 24, 18, 1], [19, 13, 20, 12], [21, 10, 22, 11], [23, 9, 24, 8], [1, 6, 2, 7], [3, 22, 4, 23], [5, 19, 6, 18], [7, 16, 8, 17], [9, 4, 10, 5], [11, 15, 12, 14], [13, 21, 14, 20], [15, 3, 16, 2]]"
12a_0359_117,"[[15, 3, 16, 2], [17, 24, 18, 1], [19, 13, 20, 12], [21, 10, 22, 11], [23, 9, 24, 8], [1, 6, 2, 7], [3, 22, 4, 23], [5, 19, 6, 18], [7, 16, 8, 17], [9, 4, 10, 5], [11, 15, 12, 14], [13, 21, 14, 20]]"
12a_0359_118,"[[13, 21, 14, 20], [15, 3, 16, 2], [17, 24, 18, 1], [19, 13, 20, 12], [21, 10, 22, 11], [23, 9, 24, 8], [1, 6, 2, 7], [3, 22, 4, 23], [5, 19, 6, 18], [7, 16, 8, 17], [9, 4, 10, 5], [11, 15, 12, 14]]"
12a_0359_119,"[[11, 15, 12, 14], [13, 21, 14, 20], [15, 3, 16, 2], [17, 24, 18, 1], [19, 13, 20, 12], [21, 10, 22, 11], [23, 9, 24, 8], [1, 6, 2, 7], [3, 22, 4, 23], [5, 19, 6, 18], [7, 16, 8, 17], [9, 4, 10, 5]]"
12a_0359_120,"[[10, 5, 11, 6], [12, 16, 13, 15], [14, 22, 15, 21], [16, 4, 17, 3], [18, 1, 19, 2], [20, 14, 21, 13], [22, 11, 23, 12], [24, 10, 1, 9], [2, 7, 3, 8], [4, 23, 5, 24], [6, 20, 7, 19], [8, 17, 9, 18]]"
12a_0359_121,"[[8, 17, 9, 18], [10, 5, 11, 6], [12, 16, 13, 15], [14, 22, 15, 21], [16, 4, 17, 3], [18, 1, 19, 2], [20, 14, 21, 13], [22, 11, 23, 12], [24, 10, 1, 9], [2, 7, 3, 8], [4, 23, 5, 24], [6, 20, 7, 19]]"
12a_0359_122,"[[6, 20, 7, 19], [8, 17, 9, 18], [10, 5, 11, 6], [12, 16, 13, 15], [14, 22, 15, 21], [16, 4, 17, 3], [18, 1, 19, 2], [20, 14, 21, 13], [22, 11, 23, 12], [24, 10, 1, 9], [2, 7, 3, 8], [4, 23, 5, 24]]"
12a_0359_123,"[[4, 23, 5, 24], [6, 20, 7, 19], [8, 17, 9, 18], [10, 5, 11, 6], [12, 16, 13, 15], [14, 22, 15, 21], [16, 4, 17, 3], [18, 1, 19, 2], [20, 14, 21, 13], [22, 11, 23, 12], [24, 10, 1, 9], [2, 7, 3, 8]]"
12a_0359_124,"[[2, 7, 3, 8], [4, 23, 5, 24], [6, 20, 7, 19], [8, 17, 9, 18], [10, 5, 11, 6], [12, 16, 13, 15], [14, 22, 15, 21], [16, 4, 17, 3], [18, 1, 19, 2], [20, 14, 21, 13], [22, 11, 23, 12], [24, 10, 1, 9]]"
12a_0359_125,"[[24, 10, 1, 9], [2, 7, 3, 8], [4, 23, 5, 24], [6, 20, 7, 19], [8, 17, 9, 18], [10, 5, 11, 6], [12, 16, 13, 15], [14, 22, 15, 21], [16, 4, 17, 3], [18, 1, 19, 2], [20, 14, 21, 13], [22, 11, 23, 12]]"
12a_0359_126,"[[22, 11, 23, 12], [24, 10, 1, 9], [2, 7, 3, 8], [4, 23, 5, 24], [6, 20, 7, 19], [8, 17, 9, 18], [10, 5, 11, 6], [12, 16, 13, 15], [14, 22, 15, 21], [16, 4, 17, 3], [18, 1, 19, 2], [20, 14, 21, 13]]"
12a_0359_127,"[[20, 14, 21, 13], [22, 11, 23, 12], [24, 10, 1, 9], [2, 7, 3, 8], [4, 23, 5, 24], [6, 20, 7, 19], [8, 17, 9, 18], [10, 5, 11, 6], [12, 16, 13, 15], [14, 22, 15, 21], [16, 4, 17, 3], [18, 1, 19, 2]]"
12a_0359_128,"[[18, 1, 19, 2], [20, 14, 21, 13], [22, 11, 23, 12], [24, 10, 1, 9], [2, 7, 3, 8], [4, 23, 5, 24], [6, 20, 7, 19], [8, 17, 9, 18], [10, 5, 11, 6], [12, 16, 13, 15], [14, 22, 15, 21], [16, 4, 17, 3]]"
12a_0359_129,"[[16, 4, 17, 3], [18, 1, 19, 2], [20, 14, 21, 13], [22, 11, 23, 12], [24, 10, 1, 9], [2, 7, 3, 8], [4, 23, 5, 24], [6, 20, 7, 19], [8, 17, 9, 18], [10, 5, 11, 6], [12, 16, 13, 15], [14, 22, 15, 21]]"
12a_0359_130,"[[14, 22, 15, 21], [16, 4, 17, 3], [18, 1, 19, 2], [20, 14, 21, 13], [22, 11, 23, 12], [24, 10, 1, 9], [2, 7, 3, 8], [4, 23, 5, 24], [6, 20, 7, 19], [8, 17, 9, 18], [10, 5, 11, 6], [12, 16, 13, 15]]"
12a_0359_131,"[[12, 16, 13, 15], [14, 22, 15, 21], [16, 4, 17, 3], [18, 1, 19, 2], [20, 14, 21, 13], [22, 11, 23, 12], [24, 10, 1, 9], [2, 7, 3, 8], [4, 23, 5, 24], [6, 20, 7, 19], [8, 17, 9, 18], [10, 5, 11, 6]]"
12a_0359_132,"[[11, 6, 12, 7], [13, 17, 14, 16], [15, 23, 16, 22], [17, 5, 18, 4], [19, 2, 20, 3], [21, 15, 22, 14], [23, 12, 24, 13], [1, 11, 2, 10], [3, 8, 4, 9], [5, 24, 6, 1], [7, 21, 8, 20], [9, 18, 10, 19]]"
12a_0359_133,"[[9, 18, 10, 19], [11, 6, 12, 7], [13, 17, 14, 16], [15, 23, 16, 22], [17, 5, 18, 4], [19, 2, 20, 3], [21, 15, 22, 14], [23, 12, 24, 13], [1, 11, 2, 10], [3, 8, 4, 9], [5, 24, 6, 1], [7, 21, 8, 20]]"
12a_0359_134,"[[7, 21, 8, 20], [9, 18, 10, 19], [11, 6, 12, 7], [13, 17, 14, 16], [15, 23, 16, 22], [17, 5, 18, 4], [19, 2, 20, 3], [21, 15, 22, 14], [23, 12, 24, 13], [1, 11, 2, 10], [3, 8, 4, 9], [5, 24, 6, 1]]"
12a_0359_135,"[[5, 24, 6, 1], [7, 21, 8, 20], [9, 18, 10, 19], [11, 6, 12, 7], [13, 17, 14, 16], [15, 23, 16, 22], [17, 5, 18, 4], [19, 2, 20, 3], [21, 15, 22, 14], [23, 12, 24, 13], [1, 11, 2, 10], [3, 8, 4, 9]]"
12a_0359_136,"[[3, 8, 4, 9], [5, 24, 6, 1], [7, 21, 8, 20], [9, 18, 10, 19], [11, 6, 12, 7], [13, 17, 14, 16], [15, 23, 16, 22], [17, 5, 18, 4], [19, 2, 20, 3], [21, 15, 22, 14], [23, 12, 24, 13], [1, 11, 2, 10]]"
12a_0359_137,"[[1, 11, 2, 10], [3, 8, 4, 9], [5, 24, 6, 1], [7, 21, 8, 20], [9, 18, 10, 19], [11, 6, 12, 7], [13, 17, 14, 16], [15, 23, 16, 22], [17, 5, 18, 4], [19, 2, 20, 3], [21, 15, 22, 14], [23, 12, 24, 13]]"
12a_0359_138,"[[23, 12, 24, 13], [1, 11, 2, 10], [3, 8, 4, 9], [5, 24, 6, 1], [7, 21, 8, 20], [9, 18, 10, 19], [11, 6, 12, 7], [13, 17, 14, 16], [15, 23, 16, 22], [17, 5, 18, 4], [19, 2, 20, 3], [21, 15, 22, 14]]"
12a_0359_139,"[[21, 15, 22, 14], [23, 12, 24, 13], [1, 11, 2, 10], [3, 8, 4, 9], [5, 24, 6, 1], [7, 21, 8, 20], [9, 18, 10, 19], [11, 6, 12, 7], [13, 17, 14, 16], [15, 23, 16, 22], [17, 5, 18, 4], [19, 2, 20, 3]]"
12a_0359_140,"[[19, 2, 20, 3], [21, 15, 22, 14], [23, 12, 24, 13], [1, 11, 2, 10], [3, 8, 4, 9], [5, 24, 6, 1], [7, 21, 8, 20], [9, 18, 10, 19], [11, 6, 12, 7], [13, 17, 14, 16], [15, 23, 16, 22], [17, 5, 18, 4]]"
12a_0359_141,"[[17, 5, 18, 4], [19, 2, 20, 3], [21, 15, 22, 14], [23, 12, 24, 13], [1, 11, 2, 10], [3, 8, 4, 9], [5, 24, 6, 1], [7, 21, 8, 20], [9, 18, 10, 19], [11, 6, 12, 7], [13, 17, 14, 16], [15, 23, 16, 22]]"
12a_0359_142,"[[15, 23, 16, 22], [17, 5, 18, 4], [19, 2, 20, 3], [21, 15, 22, 14], [23, 12, 24, 13], [1, 11, 2, 10], [3, 8, 4, 9], [5, 24, 6, 1], [7, 21, 8, 20], [9, 18, 10, 19], [11, 6, 12, 7], [13, 17, 14, 16]]"
12a_0359_143,"[[13, 17, 14, 16], [15, 23, 16, 22], [17, 5, 18, 4], [19, 2, 20, 3], [21, 15, 22, 14], [23, 12, 24, 13], [1, 11, 2, 10], [3, 8, 4, 9], [5, 24, 6, 1], [7, 21, 8, 20], [9, 18, 10, 19], [11, 6, 12, 7]]"
12a_0359_144,"[[12, 7, 13, 8], [14, 18, 15, 17], [16, 24, 17, 23], [18, 6, 19, 5], [20, 3, 21, 4], [22, 16, 23, 15], [24, 13, 1, 14], [2, 12, 3, 11], [4, 9, 5, 10], [6, 1, 7, 2], [8, 22, 9, 21], [10, 19, 11, 20]]"
12a_0359_145,"[[10, 19, 11, 20], [12, 7, 13, 8], [14, 18, 15, 17], [16, 24, 17, 23], [18, 6, 19, 5], [20, 3, 21, 4], [22, 16, 23, 15], [24, 13, 1, 14], [2, 12, 3, 11], [4, 9, 5, 10], [6, 1, 7, 2], [8, 22, 9, 21]]"
12a_0359_146,"[[8, 22, 9, 21], [10, 19, 11, 20], [12, 7, 13, 8], [14, 18, 15, 17], [16, 24, 17, 23], [18, 6, 19, 5], [20, 3, 21, 4], [22, 16, 23, 15], [24, 13, 1, 14], [2, 12, 3, 11], [4, 9, 5, 10], [6, 1, 7, 2]]"
12a_0359_147,"[[6, 1, 7, 2], [8, 22, 9, 21], [10, 19, 11, 20], [12, 7, 13, 8], [14, 18, 15, 17], [16, 24, 17, 23], [18, 6, 19, 5], [20, 3, 21, 4], [22, 16, 23, 15], [24, 13, 1, 14], [2, 12, 3, 11], [4, 9, 5, 10]]"
12a_0359_148,"[[4, 9, 5, 10], [6, 1, 7, 2], [8, 22, 9, 21], [10, 19, 11, 20], [12, 7, 13, 8], [14, 18, 15, 17], [16, 24, 17, 23], [18, 6, 19, 5], [20, 3, 21, 4], [22, 16, 23, 15], [24, 13, 1, 14], [2, 12, 3, 11]]"
12a_0359_149,"[[2, 12, 3, 11], [4, 9, 5, 10], [6, 1, 7, 2], [8, 22, 9, 21], [10, 19, 11, 20], [12, 7, 13, 8], [14, 18, 15, 17], [16, 24, 17, 23], [18, 6, 19, 5], [20, 3, 21, 4], [22, 16, 23, 15], [24, 13, 1, 14]]"
12a_0359_150,"[[24, 13, 1, 14], [2, 12, 3, 11], [4, 9, 5, 10], [6, 1, 7, 2], [8, 22, 9, 21], [10, 19, 11, 20], [12, 7, 13, 8], [14, 18, 15, 17], [16, 24, 17, 23], [18, 6, 19, 5], [20, 3, 21, 4], [22, 16, 23, 15]]"
12a_0359_151,"[[22, 16, 23, 15], [24, 13, 1, 14], [2, 12, 3, 11], [4, 9, 5, 10], [6, 1, 7, 2], [8, 22, 9, 21], [10, 19, 11, 20], [12, 7, 13, 8], [14, 18, 15, 17], [16, 24, 17, 23], [18, 6, 19, 5], [20, 3, 21, 4]]"
12a_0359_152,"[[20, 3, 21, 4], [22, 16, 23, 15], [24, 13, 1, 14], [2, 12, 3, 11], [4, 9, 5, 10], [6, 1, 7, 2], [8, 22, 9, 21], [10, 19, 11, 20], [12, 7, 13, 8], [14, 18, 15, 17], [16, 24, 17, 23], [18, 6, 19, 5]]"
12a_0359_153,"[[18, 6, 19, 5], [20, 3, 21, 4], [22, 16, 23, 15], [24, 13, 1, 14], [2, 12, 3, 11], [4, 9, 5, 10], [6, 1, 7, 2], [8, 22, 9, 21], [10, 19, 11, 20], [12, 7, 13, 8], [14, 18, 15, 17], [16, 24, 17, 23]]"
12a_0359_154,"[[16, 24, 17, 23], [18, 6, 19, 5], [20, 3, 21, 4], [22, 16, 23, 15], [24, 13, 1, 14], [2, 12, 3, 11], [4, 9, 5, 10], [6, 1, 7, 2], [8, 22, 9, 21], [10, 19, 11, 20], [12, 7, 13, 8], [14, 18, 15, 17]]"
12a_0359_155,"[[14, 18, 15, 17], [16, 24, 17, 23], [18, 6, 19, 5], [20, 3, 21, 4], [22, 16, 23, 15], [24, 13, 1, 14], [2, 12, 3, 11], [4, 9, 5, 10], [6, 1, 7, 2], [8, 22, 9, 21], [10, 19, 11, 20], [12, 7, 13, 8]]"
12a_0359_156,"[[13, 8, 14, 9], [15, 19, 16, 18], [17, 1, 18, 24], [19, 7, 20, 6], [21, 4, 22, 5], [23, 17, 24, 16], [1, 14, 2, 15], [3, 13, 4, 12], [5, 10, 6, 11], [7, 2, 8, 3], [9, 23, 10, 22], [11, 20, 12, 21]]"
12a_0359_157,"[[11, 20, 12, 21], [13, 8, 14, 9], [15, 19, 16, 18], [17, 1, 18, 24], [19, 7, 20, 6], [21, 4, 22, 5], [23, 17, 24, 16], [1, 14, 2, 15], [3, 13, 4, 12], [5, 10, 6, 11], [7, 2, 8, 3], [9, 23, 10, 22]]"
12a_0359_158,"[[9, 23, 10, 22], [11, 20, 12, 21], [13, 8, 14, 9], [15, 19, 16, 18], [17, 1, 18, 24], [19, 7, 20, 6], [21, 4, 22, 5], [23, 17, 24, 16], [1, 14, 2, 15], [3, 13, 4, 12], [5, 10, 6, 11], [7, 2, 8, 3]]"
12a_0359_159,"[[7, 2, 8, 3], [9, 23, 10, 22], [11, 20, 12, 21], [13, 8, 14, 9], [15, 19, 16, 18], [17, 1, 18, 24], [19, 7, 20, 6], [21, 4, 22, 5], [23, 17, 24, 16], [1, 14, 2, 15], [3, 13, 4, 12], [5, 10, 6, 11]]"
12a_0359_160,"[[5, 10, 6, 11], [7, 2, 8, 3], [9, 23, 10, 22], [11, 20, 12, 21], [13, 8, 14, 9], [15, 19, 16, 18], [17, 1, 18, 24], [19, 7, 20, 6], [21, 4, 22, 5], [23, 17, 24, 16], [1, 14, 2, 15], [3, 13, 4, 12]]"
12a_0359_161,"[[3, 13, 4, 12], [5, 10, 6, 11], [7, 2, 8, 3], [9, 23, 10, 22], [11, 20, 12, 21], [13, 8, 14, 9], [15, 19, 16, 18], [17, 1, 18, 24], [19, 7, 20, 6], [21, 4, 22, 5], [23, 17, 24, 16], [1, 14, 2, 15]]"
12a_0359_162,"[[1, 14, 2, 15], [3, 13, 4, 12], [5, 10, 6, 11], [7, 2, 8, 3], [9, 23, 10, 22], [11, 20, 12, 21], [13, 8, 14, 9], [15, 19, 16, 18], [17, 1, 18, 24], [19, 7, 20, 6], [21, 4, 22, 5], [23, 17, 24, 16]]"
12a_0359_163,"[[23, 17, 24, 16], [1, 14, 2, 15], [3, 13, 4, 12], [5, 10, 6, 11], [7, 2, 8, 3], [9, 23, 10, 22], [11, 20, 12, 21], [13, 8, 14, 9], [15, 19, 16, 18], [17, 1, 18, 24], [19, 7, 20, 6], [21, 4, 22, 5]]"
12a_0359_164,"[[21, 4, 22, 5], [23, 17, 24, 16], [1, 14, 2, 15], [3, 13, 4, 12], [5, 10, 6, 11], [7, 2, 8, 3], [9, 23, 10, 22], [11, 20, 12, 21], [13, 8, 14, 9], [15, 19, 16, 18], [17, 1, 18, 24], [19, 7, 20, 6]]"
12a_0359_165,"[[19, 7, 20, 6], [21, 4, 22, 5], [23, 17, 24, 16], [1, 14, 2, 15], [3, 13, 4, 12], [5, 10, 6, 11], [7, 2, 8, 3], [9, 23, 10, 22], [11, 20, 12, 21], [13, 8, 14, 9], [15, 19, 16, 18], [17, 1, 18, 24]]"
12a_0359_166,"[[17, 1, 18, 24], [19, 7, 20, 6], [21, 4, 22, 5], [23, 17, 24, 16], [1, 14, 2, 15], [3, 13, 4, 12], [5, 10, 6, 11], [7, 2, 8, 3], [9, 23, 10, 22], [11, 20, 12, 21], [13, 8, 14, 9], [15, 19, 16, 18]]"
12a_0359_167,"[[15, 19, 16, 18], [17, 1, 18, 24], [19, 7, 20, 6], [21, 4, 22, 5], [23, 17, 24, 16], [1, 14, 2, 15], [3, 13, 4, 12], [5, 10, 6, 11], [7, 2, 8, 3], [9, 23, 10, 22], [11, 20, 12, 21], [13, 8, 14, 9]]"
12a_0359_168,"[[14, 9, 15, 10], [16, 20, 17, 19], [18, 2, 19, 1], [20, 8, 21, 7], [22, 5, 23, 6], [24, 18, 1, 17], [2, 15, 3, 16], [4, 14, 5, 13], [6, 11, 7, 12], [8, 3, 9, 4], [10, 24, 11, 23], [12, 21, 13, 22]]"
12a_0359_169,"[[12, 21, 13, 22], [14, 9, 15, 10], [16, 20, 17, 19], [18, 2, 19, 1], [20, 8, 21, 7], [22, 5, 23, 6], [24, 18, 1, 17], [2, 15, 3, 16], [4, 14, 5, 13], [6, 11, 7, 12], [8, 3, 9, 4], [10, 24, 11, 23]]"
12a_0359_170,"[[10, 24, 11, 23], [12, 21, 13, 22], [14, 9, 15, 10], [16, 20, 17, 19], [18, 2, 19, 1], [20, 8, 21, 7], [22, 5, 23, 6], [24, 18, 1, 17], [2, 15, 3, 16], [4, 14, 5, 13], [6, 11, 7, 12], [8, 3, 9, 4]]"
12a_0359_171,"[[8, 3, 9, 4], [10, 24, 11, 23], [12, 21, 13, 22], [14, 9, 15, 10], [16, 20, 17, 19], [18, 2, 19, 1], [20, 8, 21, 7], [22, 5, 23, 6], [24, 18, 1, 17], [2, 15, 3, 16], [4, 14, 5, 13], [6, 11, 7, 12]]"
12a_0359_172,"[[6, 11, 7, 12], [8, 3, 9, 4], [10, 24, 11, 23], [12, 21, 13, 22], [14, 9, 15, 10], [16, 20, 17, 19], [18, 2, 19, 1], [20, 8, 21, 7], [22, 5, 23, 6], [24, 18, 1, 17], [2, 15, 3, 16], [4, 14, 5, 13]]"
12a_0359_173,"[[4, 14, 5, 13], [6, 11, 7, 12], [8, 3, 9, 4], [10, 24, 11, 23], [12, 21, 13, 22], [14, 9, 15, 10], [16, 20, 17, 19], [18, 2, 19, 1], [20, 8, 21, 7], [22, 5, 23, 6], [24, 18, 1, 17], [2, 15, 3, 16]]"
12a_0359_174,"[[2, 15, 3, 16], [4, 14, 5, 13], [6, 11, 7, 12], [8, 3, 9, 4], [10, 24, 11, 23], [12, 21, 13, 22], [14, 9, 15, 10], [16, 20, 17, 19], [18, 2, 19, 1], [20, 8, 21, 7], [22, 5, 23, 6], [24, 18, 1, 17]]"
12a_0359_175,"[[24, 18, 1, 17], [2, 15, 3, 16], [4, 14, 5, 13], [6, 11, 7, 12], [8, 3, 9, 4], [10, 24, 11, 23], [12, 21, 13, 22], [14, 9, 15, 10], [16, 20, 17, 19], [18, 2, 19, 1], [20, 8, 21, 7], [22, 5, 23, 6]]"
12a_0359_176,"[[22, 5, 23, 6], [24, 18, 1, 17], [2, 15, 3, 16], [4, 14, 5, 13], [6, 11, 7, 12], [8, 3, 9, 4], [10, 24, 11, 23], [12, 21, 13, 22], [14, 9, 15, 10], [16, 20, 17, 19], [18, 2, 19, 1], [20, 8, 21, 7]]"
12a_0359_177,"[[20, 8, 21, 7], [22, 5, 23, 6], [24, 18, 1, 17], [2, 15, 3, 16], [4, 14, 5, 13], [6, 11, 7, 12], [8, 3, 9, 4], [10, 24, 11, 23], [12, 21, 13, 22], [14, 9, 15, 10], [16, 20, 17, 19], [18, 2, 19, 1]]"
12a_0359_178,"[[18, 2, 19, 1], [20, 8, 21, 7], [22, 5, 23, 6], [24, 18, 1, 17], [2, 15, 3, 16], [4, 14, 5, 13], [6, 11, 7, 12], [8, 3, 9, 4], [10, 24, 11, 23], [12, 21, 13, 22], [14, 9, 15, 10], [16, 20, 17, 19]]"
12a_0359_179,"[[16, 20, 17, 19], [18, 2, 19, 1], [20, 8, 21, 7], [22, 5, 23, 6], [24, 18, 1, 17], [2, 15, 3, 16], [4, 14, 5, 13], [6, 11, 7, 12], [8, 3, 9, 4], [10, 24, 11, 23], [12, 21, 13, 22], [14, 9, 15, 10]]"
12a_0359_180,"[[15, 10, 16, 11], [17, 21, 18, 20], [19, 3, 20, 2], [21, 9, 22, 8], [23, 6, 24, 7], [1, 19, 2, 18], [3, 16, 4, 17], [5, 15, 6, 14], [7, 12, 8, 13], [9, 4, 10, 5], [11, 1, 12, 24], [13, 22, 14, 23]]"
12a_0359_181,"[[13, 22, 14, 23], [15, 10, 16, 11], [17, 21, 18, 20], [19, 3, 20, 2], [21, 9, 22, 8], [23, 6, 24, 7], [1, 19, 2, 18], [3, 16, 4, 17], [5, 15, 6, 14], [7, 12, 8, 13], [9, 4, 10, 5], [11, 1, 12, 24]]"
12a_0359_182,"[[11, 1, 12, 24], [13, 22, 14, 23], [15, 10, 16, 11], [17, 21, 18, 20], [19, 3, 20, 2], [21, 9, 22, 8], [23, 6, 24, 7], [1, 19, 2, 18], [3, 16, 4, 17], [5, 15, 6, 14], [7, 12, 8, 13], [9, 4, 10, 5]]"
12a_0359_183,"[[9, 4, 10, 5], [11, 1, 12, 24], [13, 22, 14, 23], [15, 10, 16, 11], [17, 21, 18, 20], [19, 3, 20, 2], [21, 9, 22, 8], [23, 6, 24, 7], [1, 19, 2, 18], [3, 16, 4, 17], [5, 15, 6, 14], [7, 12, 8, 13]]"
12a_0359_184,"[[7, 12, 8, 13], [9, 4, 10, 5], [11, 1, 12, 24], [13, 22, 14, 23], [15, 10, 16, 11], [17, 21, 18, 20], [19, 3, 20, 2], [21, 9, 22, 8], [23, 6, 24, 7], [1, 19, 2, 18], [3, 16, 4, 17], [5, 15, 6, 14]]"
12a_0359_185,"[[5, 15, 6, 14], [7, 12, 8, 13], [9, 4, 10, 5], [11, 1, 12, 24], [13, 22, 14, 23], [15, 10, 16, 11], [17, 21, 18, 20], [19, 3, 20, 2], [21, 9, 22, 8], [23, 6, 24, 7], [1, 19, 2, 18], [3, 16, 4, 17]]"
