name,pd_notation
12a_1083_0,"[[24, 10, 1, 9], [2, 8, 3, 7], [4, 13, 5, 14], [6, 20, 7, 19], [8, 24, 9, 23], [10, 2, 11, 1], [12, 17, 13, 18], [14, 5, 15, 6], [16, 21, 17, 22], [18, 4, 19, 3], [20, 15, 21, 16], [22, 12, 23, 11]]"
12a_1083_1,"[[22, 12, 23, 11], [24, 10, 1, 9], [2, 8, 3, 7], [4, 13, 5, 14], [6, 20, 7, 19], [8, 24, 9, 23], [10, 2, 11, 1], [12, 17, 13, 18], [14, 5, 15, 6], [16, 21, 17, 22], [18, 4, 19, 3], [20, 15, 21, 16]]"
12a_1083_2,"[[20, 15, 21, 16], [22, 12, 23, 11], [24, 10, 1, 9], [2, 8, 3, 7], [4, 13, 5, 14], [6, 20, 7, 19], [8, 24, 9, 23], [10, 2, 11, 1], [12, 17, 13, 18], [14, 5, 15, 6], [16, 21, 17, 22], [18, 4, 19, 3]]"
12a_1083_3,"[[18, 4, 19, 3], [20, 15, 21, 16], [22, 12, 23, 11], [24, 10, 1, 9], [2, 8, 3, 7], [4, 13, 5, 14], [6, 20, 7, 19], [8, 24, 9, 23], [10, 2, 11, 1], [12, 17, 13, 18], [14, 5, 15, 6], [16, 21, 17, 22]]"
12a_1083_4,"[[16, 21, 17, 22], [18, 4, 19, 3], [20, 15, 21, 16], [22, 12, 23, 11], [24, 10, 1, 9], [2, 8, 3, 7], [4, 13, 5, 14], [6, 20, 7, 19], [8, 24, 9, 23], [10, 2, 11, 1], [12, 17, 13, 18], [14, 5, 15, 6]]"
12a_1083_5,"[[14, 5, 15, 6], [16, 21, 17, 22], [18, 4, 19, 3], [20, 15, 21, 16], [22, 12, 23, 11], [24, 10, 1, 9], [2, 8, 3, 7], [4, 13, 5, 14], [6, 20, 7, 19], [8, 24, 9, 23], [10, 2, 11, 1], [12, 17, 13, 18]]"
12a_1083_6,"[[12, 17, 13, 18], [14, 5, 15, 6], [16, 21, 17, 22], [18, 4, 19, 3], [20, 15, 21, 16], [22, 12, 23, 11], [24, 10, 1, 9], [2, 8, 3, 7], [4, 13, 5, 14], [6, 20, 7, 19], [8, 24, 9, 23], [10, 2, 11, 1]]"
12a_1083_7,"[[10, 2, 11, 1], [12, 17, 13, 18], [14, 5, 15, 6], [16, 21, 17, 22], [18, 4, 19, 3], [20, 15, 21, 16], [22, 12, 23, 11], [24, 10, 1, 9], [2, 8, 3, 7], [4, 13, 5, 14], [6, 20, 7, 19], [8, 24, 9, 23]]"
12a_1083_8,"[[8, 24, 9, 23], [10, 2, 11, 1], [12, 17, 13, 18], [14, 5, 15, 6], [16, 21, 17, 22], [18, 4, 19, 3], [20, 15, 21, 16], [22, 12, 23, 11], [24, 10, 1, 9], [2, 8, 3, 7], [4, 13, 5, 14], [6, 20, 7, 19]]"
12a_1083_9,"[[6, 20, 7, 19], [8, 24, 9, 23], [10, 2, 11, 1], [12, 17, 13, 18], [14, 5, 15, 6], [16, 21, 17, 22], [18, 4, 19, 3], [20, 15, 21, 16], [22, 12, 23, 11], [24, 10, 1, 9], [2, 8, 3, 7], [4, 13, 5, 14]]"
12a_1083_10,"[[4, 13, 5, 14], [6, 20, 7, 19], [8, 24, 9, 23], [10, 2, 11, 1], [12, 17, 13, 18], [14, 5, 15, 6], [16, 21, 17, 22], [18, 4, 19, 3], [20, 15, 21, 16], [22, 12, 23, 11], [24, 10, 1, 9], [2, 8, 3, 7]]"
12a_1083_11,"[[2, 8, 3, 7], [4, 13, 5, 14], [6, 20, 7, 19], [8, 24, 9, 23], [10, 2, 11, 1], [12, 17, 13, 18], [14, 5, 15, 6], [16, 21, 17, 22], [18, 4, 19, 3], [20, 15, 21, 16], [22, 12, 23, 11], [24, 10, 1, 9]]"
12a_1083_12,"[[1, 11, 2, 10], [3, 9, 4, 8], [5, 14, 6, 15], [7, 21, 8, 20], [9, 1, 10, 24], [11, 3, 12, 2], [13, 18, 14, 19], [15, 6, 16, 7], [17, 22, 18, 23], [19, 5, 20, 4], [21, 16, 22, 17], [23, 13, 24, 12]]"
12a_1083_13,"[[23, 13, 24, 12], [1, 11, 2, 10], [3, 9, 4, 8], [5, 14, 6, 15], [7, 21, 8, 20], [9, 1, 10, 24], [11, 3, 12, 2], [13, 18, 14, 19], [15, 6, 16, 7], [17, 22, 18, 23], [19, 5, 20, 4], [21, 16, 22, 17]]"
12a_1083_14,"[[21, 16, 22, 17], [23, 13, 24, 12], [1, 11, 2, 10], [3, 9, 4, 8], [5, 14, 6, 15], [7, 21, 8, 20], [9, 1, 10, 24], [11, 3, 12, 2], [13, 18, 14, 19], [15, 6, 16, 7], [17, 22, 18, 23], [19, 5, 20, 4]]"
12a_1083_15,"[[19, 5, 20, 4], [21, 16, 22, 17], [23, 13, 24, 12], [1, 11, 2, 10], [3, 9, 4, 8], [5, 14, 6, 15], [7, 21, 8, 20], [9, 1, 10, 24], [11, 3, 12, 2], [13, 18, 14, 19], [15, 6, 16, 7], [17, 22, 18, 23]]"
12a_1083_16,"[[17, 22, 18, 23], [19, 5, 20, 4], [21, 16, 22, 17], [23, 13, 24, 12], [1, 11, 2, 10], [3, 9, 4, 8], [5, 14, 6, 15], [7, 21, 8, 20], [9, 1, 10, 24], [11, 3, 12, 2], [13, 18, 14, 19], [15, 6, 16, 7]]"
12a_1083_17,"[[15, 6, 16, 7], [17, 22, 18, 23], [19, 5, 20, 4], [21, 16, 22, 17], [23, 13, 24, 12], [1, 11, 2, 10], [3, 9, 4, 8], [5, 14, 6, 15], [7, 21, 8, 20], [9, 1, 10, 24], [11, 3, 12, 2], [13, 18, 14, 19]]"
12a_1083_18,"[[13, 18, 14, 19], [15, 6, 16, 7], [17, 22, 18, 23], [19, 5, 20, 4], [21, 16, 22, 17], [23, 13, 24, 12], [1, 11, 2, 10], [3, 9, 4, 8], [5, 14, 6, 15], [7, 21, 8, 20], [9, 1, 10, 24], [11, 3, 12, 2]]"
12a_1083_19,"[[11, 3, 12, 2], [13, 18, 14, 19], [15, 6, 16, 7], [17, 22, 18, 23], [19, 5, 20, 4], [21, 16, 22, 17], [23, 13, 24, 12], [1, 11, 2, 10], [3, 9, 4, 8], [5, 14, 6, 15], [7, 21, 8, 20], [9, 1, 10, 24]]"
12a_1083_20,"[[9, 1, 10, 24], [11, 3, 12, 2], [13, 18, 14, 19], [15, 6, 16, 7], [17, 22, 18, 23], [19, 5, 20, 4], [21, 16, 22, 17], [23, 13, 24, 12], [1, 11, 2, 10], [3, 9, 4, 8], [5, 14, 6, 15], [7, 21, 8, 20]]"
12a_1083_21,"[[7, 21, 8, 20], [9, 1, 10, 24], [11, 3, 12, 2], [13, 18, 14, 19], [15, 6, 16, 7], [17, 22, 18, 23], [19, 5, 20, 4], [21, 16, 22, 17], [23, 13, 24, 12], [1, 11, 2, 10], [3, 9, 4, 8], [5, 14, 6, 15]]"
12a_1083_22,"[[5, 14, 6, 15], [7, 21, 8, 20], [9, 1, 10, 24], [11, 3, 12, 2], [13, 18, 14, 19], [15, 6, 16, 7], [17, 22, 18, 23], [19, 5, 20, 4], [21, 16, 22, 17], [23, 13, 24, 12], [1, 11, 2, 10], [3, 9, 4, 8]]"
12a_1083_23,"[[3, 9, 4, 8], [5, 14, 6, 15], [7, 21, 8, 20], [9, 1, 10, 24], [11, 3, 12, 2], [13, 18, 14, 19], [15, 6, 16, 7], [17, 22, 18, 23], [19, 5, 20, 4], [21, 16, 22, 17], [23, 13, 24, 12], [1, 11, 2, 10]]"
12a_1083_24,"[[2, 12, 3, 11], [4, 10, 5, 9], [6, 15, 7, 16], [8, 22, 9, 21], [10, 2, 11, 1], [12, 4, 13, 3], [14, 19, 15, 20], [16, 7, 17, 8], [18, 23, 19, 24], [20, 6, 21, 5], [22, 17, 23, 18], [24, 14, 1, 13]]"
12a_1083_25,"[[24, 14, 1, 13], [2, 12, 3, 11], [4, 10, 5, 9], [6, 15, 7, 16], [8, 22, 9, 21], [10, 2, 11, 1], [12, 4, 13, 3], [14, 19, 15, 20], [16, 7, 17, 8], [18, 23, 19, 24], [20, 6, 21, 5], [22, 17, 23, 18]]"
12a_1083_26,"[[22, 17, 23, 18], [24, 14, 1, 13], [2, 12, 3, 11], [4, 10, 5, 9], [6, 15, 7, 16], [8, 22, 9, 21], [10, 2, 11, 1], [12, 4, 13, 3], [14, 19, 15, 20], [16, 7, 17, 8], [18, 23, 19, 24], [20, 6, 21, 5]]"
12a_1083_27,"[[20, 6, 21, 5], [22, 17, 23, 18], [24, 14, 1, 13], [2, 12, 3, 11], [4, 10, 5, 9], [6, 15, 7, 16], [8, 22, 9, 21], [10, 2, 11, 1], [12, 4, 13, 3], [14, 19, 15, 20], [16, 7, 17, 8], [18, 23, 19, 24]]"
12a_1083_28,"[[18, 23, 19, 24], [20, 6, 21, 5], [22, 17, 23, 18], [24, 14, 1, 13], [2, 12, 3, 11], [4, 10, 5, 9], [6, 15, 7, 16], [8, 22, 9, 21], [10, 2, 11, 1], [12, 4, 13, 3], [14, 19, 15, 20], [16, 7, 17, 8]]"
12a_1083_29,"[[16, 7, 17, 8], [18, 23, 19, 24], [20, 6, 21, 5], [22, 17, 23, 18], [24, 14, 1, 13], [2, 12, 3, 11], [4, 10, 5, 9], [6, 15, 7, 16], [8, 22, 9, 21], [10, 2, 11, 1], [12, 4, 13, 3], [14, 19, 15, 20]]"
12a_1083_30,"[[14, 19, 15, 20], [16, 7, 17, 8], [18, 23, 19, 24], [20, 6, 21, 5], [22, 17, 23, 18], [24, 14, 1, 13], [2, 12, 3, 11], [4, 10, 5, 9], [6, 15, 7, 16], [8, 22, 9, 21], [10, 2, 11, 1], [12, 4, 13, 3]]"
12a_1083_31,"[[12, 4, 13, 3], [14, 19, 15, 20], [16, 7, 17, 8], [18, 23, 19, 24], [20, 6, 21, 5], [22, 17, 23, 18], [24, 14, 1, 13], [2, 12, 3, 11], [4, 10, 5, 9], [6, 15, 7, 16], [8, 22, 9, 21], [10, 2, 11, 1]]"
12a_1083_32,"[[10, 2, 11, 1], [12, 4, 13, 3], [14, 19, 15, 20], [16, 7, 17, 8], [18, 23, 19, 24], [20, 6, 21, 5], [22, 17, 23, 18], [24, 14, 1, 13], [2, 12, 3, 11], [4, 10, 5, 9], [6, 15, 7, 16], [8, 22, 9, 21]]"
12a_1083_33,"[[8, 22, 9, 21], [10, 2, 11, 1], [12, 4, 13, 3], [14, 19, 15, 20], [16, 7, 17, 8], [18, 23, 19, 24], [20, 6, 21, 5], [22, 17, 23, 18], [24, 14, 1, 13], [2, 12, 3, 11], [4, 10, 5, 9], [6, 15, 7, 16]]"
12a_1083_34,"[[6, 15, 7, 16], [8, 22, 9, 21], [10, 2, 11, 1], [12, 4, 13, 3], [14, 19, 15, 20], [16, 7, 17, 8], [18, 23, 19, 24], [20, 6, 21, 5], [22, 17, 23, 18], [24, 14, 1, 13], [2, 12, 3, 11], [4, 10, 5, 9]]"
12a_1083_35,"[[4, 10, 5, 9], [6, 15, 7, 16], [8, 22, 9, 21], [10, 2, 11, 1], [12, 4, 13, 3], [14, 19, 15, 20], [16, 7, 17, 8], [18, 23, 19, 24], [20, 6, 21, 5], [22, 17, 23, 18], [24, 14, 1, 13], [2, 12, 3, 11]]"
12a_1083_36,"[[3, 13, 4, 12], [5, 11, 6, 10], [7, 16, 8, 17], [9, 23, 10, 22], [11, 3, 12, 2], [13, 5, 14, 4], [15, 20, 16, 21], [17, 8, 18, 9], [19, 24, 20, 1], [21, 7, 22, 6], [23, 18, 24, 19], [1, 15, 2, 14]]"
12a_1083_37,"[[1, 15, 2, 14], [3, 13, 4, 12], [5, 11, 6, 10], [7, 16, 8, 17], [9, 23, 10, 22], [11, 3, 12, 2], [13, 5, 14, 4], [15, 20, 16, 21], [17, 8, 18, 9], [19, 24, 20, 1], [21, 7, 22, 6], [23, 18, 24, 19]]"
12a_1083_38,"[[23, 18, 24, 19], [1, 15, 2, 14], [3, 13, 4, 12], [5, 11, 6, 10], [7, 16, 8, 17], [9, 23, 10, 22], [11, 3, 12, 2], [13, 5, 14, 4], [15, 20, 16, 21], [17, 8, 18, 9], [19, 24, 20, 1], [21, 7, 22, 6]]"
12a_1083_39,"[[21, 7, 22, 6], [23, 18, 24, 19], [1, 15, 2, 14], [3, 13, 4, 12], [5, 11, 6, 10], [7, 16, 8, 17], [9, 23, 10, 22], [11, 3, 12, 2], [13, 5, 14, 4], [15, 20, 16, 21], [17, 8, 18, 9], [19, 24, 20, 1]]"
12a_1083_40,"[[19, 24, 20, 1], [21, 7, 22, 6], [23, 18, 24, 19], [1, 15, 2, 14], [3, 13, 4, 12], [5, 11, 6, 10], [7, 16, 8, 17], [9, 23, 10, 22], [11, 3, 12, 2], [13, 5, 14, 4], [15, 20, 16, 21], [17, 8, 18, 9]]"
12a_1083_41,"[[17, 8, 18, 9], [19, 24, 20, 1], [21, 7, 22, 6], [23, 18, 24, 19], [1, 15, 2, 14], [3, 13, 4, 12], [5, 11, 6, 10], [7, 16, 8, 17], [9, 23, 10, 22], [11, 3, 12, 2], [13, 5, 14, 4], [15, 20, 16, 21]]"
12a_1083_42,"[[15, 20, 16, 21], [17, 8, 18, 9], [19, 24, 20, 1], [21, 7, 22, 6], [23, 18, 24, 19], [1, 15, 2, 14], [3, 13, 4, 12], [5, 11, 6, 10], [7, 16, 8, 17], [9, 23, 10, 22], [11, 3, 12, 2], [13, 5, 14, 4]]"
12a_1083_43,"[[13, 5, 14, 4], [15, 20, 16, 21], [17, 8, 18, 9], [19, 24, 20, 1], [21, 7, 22, 6], [23, 18, 24, 19], [1, 15, 2, 14], [3, 13, 4, 12], [5, 11, 6, 10], [7, 16, 8, 17], [9, 23, 10, 22], [11, 3, 12, 2]]"
12a_1083_44,"[[11, 3, 12, 2], [13, 5, 14, 4], [15, 20, 16, 21], [17, 8, 18, 9], [19, 24, 20, 1], [21, 7, 22, 6], [23, 18, 24, 19], [1, 15, 2, 14], [3, 13, 4, 12], [5, 11, 6, 10], [7, 16, 8, 17], [9, 23, 10, 22]]"
12a_1083_45,"[[9, 23, 10, 22], [11, 3, 12, 2], [13, 5, 14, 4], [15, 20, 16, 21], [17, 8, 18, 9], [19, 24, 20, 1], [21, 7, 22, 6], [23, 18, 24, 19], [1, 15, 2, 14], [3, 13, 4, 12], [5, 11, 6, 10], [7, 16, 8, 17]]"
12a_1083_46,"[[7, 16, 8, 17], [9, 23, 10, 22], [11, 3, 12, 2], [13, 5, 14, 4], [15, 20, 16, 21], [17, 8, 18, 9], [19, 24, 20, 1], [21, 7, 22, 6], [23, 18, 24, 19], [1, 15, 2, 14], [3, 13, 4, 12], [5, 11, 6, 10]]"
12a_1083_47,"[[5, 11, 6, 10], [7, 16, 8, 17], [9, 23, 10, 22], [11, 3, 12, 2], [13, 5, 14, 4], [15, 20, 16, 21], [17, 8, 18, 9], [19, 24, 20, 1], [21, 7, 22, 6], [23, 18, 24, 19], [1, 15, 2, 14], [3, 13, 4, 12]]"
12a_1083_48,"[[4, 14, 5, 13], [6, 12, 7, 11], [8, 17, 9, 18], [10, 24, 11, 23], [12, 4, 13, 3], [14, 6, 15, 5], [16, 21, 17, 22], [18, 9, 19, 10], [20, 1, 21, 2], [22, 8, 23, 7], [24, 19, 1, 20], [2, 16, 3, 15]]"
12a_1083_49,"[[2, 16, 3, 15], [4, 14, 5, 13], [6, 12, 7, 11], [8, 17, 9, 18], [10, 24, 11, 23], [12, 4, 13, 3], [14, 6, 15, 5], [16, 21, 17, 22], [18, 9, 19, 10], [20, 1, 21, 2], [22, 8, 23, 7], [24, 19, 1, 20]]"
12a_1083_50,"[[24, 19, 1, 20], [2, 16, 3, 15], [4, 14, 5, 13], [6, 12, 7, 11], [8, 17, 9, 18], [10, 24, 11, 23], [12, 4, 13, 3], [14, 6, 15, 5], [16, 21, 17, 22], [18, 9, 19, 10], [20, 1, 21, 2], [22, 8, 23, 7]]"
12a_1083_51,"[[22, 8, 23, 7], [24, 19, 1, 20], [2, 16, 3, 15], [4, 14, 5, 13], [6, 12, 7, 11], [8, 17, 9, 18], [10, 24, 11, 23], [12, 4, 13, 3], [14, 6, 15, 5], [16, 21, 17, 22], [18, 9, 19, 10], [20, 1, 21, 2]]"
12a_1083_52,"[[20, 1, 21, 2], [22, 8, 23, 7], [24, 19, 1, 20], [2, 16, 3, 15], [4, 14, 5, 13], [6, 12, 7, 11], [8, 17, 9, 18], [10, 24, 11, 23], [12, 4, 13, 3], [14, 6, 15, 5], [16, 21, 17, 22], [18, 9, 19, 10]]"
12a_1083_53,"[[18, 9, 19, 10], [20, 1, 21, 2], [22, 8, 23, 7], [24, 19, 1, 20], [2, 16, 3, 15], [4, 14, 5, 13], [6, 12, 7, 11], [8, 17, 9, 18], [10, 24, 11, 23], [12, 4, 13, 3], [14, 6, 15, 5], [16, 21, 17, 22]]"
12a_1083_54,"[[16, 21, 17, 22], [18, 9, 19, 10], [20, 1, 21, 2], [22, 8, 23, 7], [24, 19, 1, 20], [2, 16, 3, 15], [4, 14, 5, 13], [6, 12, 7, 11], [8, 17, 9, 18], [10, 24, 11, 23], [12, 4, 13, 3], [14, 6, 15, 5]]"
12a_1083_55,"[[14, 6, 15, 5], [16, 21, 17, 22], [18, 9, 19, 10], [20, 1, 21, 2], [22, 8, 23, 7], [24, 19, 1, 20], [2, 16, 3, 15], [4, 14, 5, 13], [6, 12, 7, 11], [8, 17, 9, 18], [10, 24, 11, 23], [12, 4, 13, 3]]"
12a_1083_56,"[[12, 4, 13, 3], [14, 6, 15, 5], [16, 21, 17, 22], [18, 9, 19, 10], [20, 1, 21, 2], [22, 8, 23, 7], [24, 19, 1, 20], [2, 16, 3, 15], [4, 14, 5, 13], [6, 12, 7, 11], [8, 17, 9, 18], [10, 24, 11, 23]]"
12a_1083_57,"[[10, 24, 11, 23], [12, 4, 13, 3], [14, 6, 15, 5], [16, 21, 17, 22], [18, 9, 19, 10], [20, 1, 21, 2], [22, 8, 23, 7], [24, 19, 1, 20], [2, 16, 3, 15], [4, 14, 5, 13], [6, 12, 7, 11], [8, 17, 9, 18]]"
12a_1083_58,"[[8, 17, 9, 18], [10, 24, 11, 23], [12, 4, 13, 3], [14, 6, 15, 5], [16, 21, 17, 22], [18, 9, 19, 10], [20, 1, 21, 2], [22, 8, 23, 7], [24, 19, 1, 20], [2, 16, 3, 15], [4, 14, 5, 13], [6, 12, 7, 11]]"
12a_1083_59,"[[6, 12, 7, 11], [8, 17, 9, 18], [10, 24, 11, 23], [12, 4, 13, 3], [14, 6, 15, 5], [16, 21, 17, 22], [18, 9, 19, 10], [20, 1, 21, 2], [22, 8, 23, 7], [24, 19, 1, 20], [2, 16, 3, 15], [4, 14, 5, 13]]"
12a_1083_60,"[[5, 15, 6, 14], [7, 13, 8, 12], [9, 18, 10, 19], [11, 1, 12, 24], [13, 5, 14, 4], [15, 7, 16, 6], [17, 22, 18, 23], [19, 10, 20, 11], [21, 2, 22, 3], [23, 9, 24, 8], [1, 20, 2, 21], [3, 17, 4, 16]]"
12a_1083_61,"[[3, 17, 4, 16], [5, 15, 6, 14], [7, 13, 8, 12], [9, 18, 10, 19], [11, 1, 12, 24], [13, 5, 14, 4], [15, 7, 16, 6], [17, 22, 18, 23], [19, 10, 20, 11], [21, 2, 22, 3], [23, 9, 24, 8], [1, 20, 2, 21]]"
12a_1083_62,"[[1, 20, 2, 21], [3, 17, 4, 16], [5, 15, 6, 14], [7, 13, 8, 12], [9, 18, 10, 19], [11, 1, 12, 24], [13, 5, 14, 4], [15, 7, 16, 6], [17, 22, 18, 23], [19, 10, 20, 11], [21, 2, 22, 3], [23, 9, 24, 8]]"
12a_1083_63,"[[23, 9, 24, 8], [1, 20, 2, 21], [3, 17, 4, 16], [5, 15, 6, 14], [7, 13, 8, 12], [9, 18, 10, 19], [11, 1, 12, 24], [13, 5, 14, 4], [15, 7, 16, 6], [17, 22, 18, 23], [19, 10, 20, 11], [21, 2, 22, 3]]"
12a_1083_64,"[[21, 2, 22, 3], [23, 9, 24, 8], [1, 20, 2, 21], [3, 17, 4, 16], [5, 15, 6, 14], [7, 13, 8, 12], [9, 18, 10, 19], [11, 1, 12, 24], [13, 5, 14, 4], [15, 7, 16, 6], [17, 22, 18, 23], [19, 10, 20, 11]]"
12a_1083_65,"[[19, 10, 20, 11], [21, 2, 22, 3], [23, 9, 24, 8], [1, 20, 2, 21], [3, 17, 4, 16], [5, 15, 6, 14], [7, 13, 8, 12], [9, 18, 10, 19], [11, 1, 12, 24], [13, 5, 14, 4], [15, 7, 16, 6], [17, 22, 18, 23]]"
12a_1083_66,"[[17, 22, 18, 23], [19, 10, 20, 11], [21, 2, 22, 3], [23, 9, 24, 8], [1, 20, 2, 21], [3, 17, 4, 16], [5, 15, 6, 14], [7, 13, 8, 12], [9, 18, 10, 19], [11, 1, 12, 24], [13, 5, 14, 4], [15, 7, 16, 6]]"
12a_1083_67,"[[15, 7, 16, 6], [17, 22, 18, 23], [19, 10, 20, 11], [21, 2, 22, 3], [23, 9, 24, 8], [1, 20, 2, 21], [3, 17, 4, 16], [5, 15, 6, 14], [7, 13, 8, 12], [9, 18, 10, 19], [11, 1, 12, 24], [13, 5, 14, 4]]"
12a_1083_68,"[[13, 5, 14, 4], [15, 7, 16, 6], [17, 22, 18, 23], [19, 10, 20, 11], [21, 2, 22, 3], [23, 9, 24, 8], [1, 20, 2, 21], [3, 17, 4, 16], [5, 15, 6, 14], [7, 13, 8, 12], [9, 18, 10, 19], [11, 1, 12, 24]]"
12a_1083_69,"[[11, 1, 12, 24], [13, 5, 14, 4], [15, 7, 16, 6], [17, 22, 18, 23], [19, 10, 20, 11], [21, 2, 22, 3], [23, 9, 24, 8], [1, 20, 2, 21], [3, 17, 4, 16], [5, 15, 6, 14], [7, 13, 8, 12], [9, 18, 10, 19]]"
12a_1083_70,"[[9, 18, 10, 19], [11, 1, 12, 24], [13, 5, 14, 4], [15, 7, 16, 6], [17, 22, 18, 23], [19, 10, 20, 11], [21, 2, 22, 3], [23, 9, 24, 8], [1, 20, 2, 21], [3, 17, 4, 16], [5, 15, 6, 14], [7, 13, 8, 12]]"
12a_1083_71,"[[7, 13, 8, 12], [9, 18, 10, 19], [11, 1, 12, 24], [13, 5, 14, 4], [15, 7, 16, 6], [17, 22, 18, 23], [19, 10, 20, 11], [21, 2, 22, 3], [23, 9, 24, 8], [1, 20, 2, 21], [3, 17, 4, 16], [5, 15, 6, 14]]"
12a_1083_72,"[[6, 16, 7, 15], [8, 14, 9, 13], [10, 19, 11, 20], [12, 2, 13, 1], [14, 6, 15, 5], [16, 8, 17, 7], [18, 23, 19, 24], [20, 11, 21, 12], [22, 3, 23, 4], [24, 10, 1, 9], [2, 21, 3, 22], [4, 18, 5, 17]]"
12a_1083_73,"[[4, 18, 5, 17], [6, 16, 7, 15], [8, 14, 9, 13], [10, 19, 11, 20], [12, 2, 13, 1], [14, 6, 15, 5], [16, 8, 17, 7], [18, 23, 19, 24], [20, 11, 21, 12], [22, 3, 23, 4], [24, 10, 1, 9], [2, 21, 3, 22]]"
12a_1083_74,"[[2, 21, 3, 22], [4, 18, 5, 17], [6, 16, 7, 15], [8, 14, 9, 13], [10, 19, 11, 20], [12, 2, 13, 1], [14, 6, 15, 5], [16, 8, 17, 7], [18, 23, 19, 24], [20, 11, 21, 12], [22, 3, 23, 4], [24, 10, 1, 9]]"
12a_1083_75,"[[24, 10, 1, 9], [2, 21, 3, 22], [4, 18, 5, 17], [6, 16, 7, 15], [8, 14, 9, 13], [10, 19, 11, 20], [12, 2, 13, 1], [14, 6, 15, 5], [16, 8, 17, 7], [18, 23, 19, 24], [20, 11, 21, 12], [22, 3, 23, 4]]"
12a_1083_76,"[[22, 3, 23, 4], [24, 10, 1, 9], [2, 21, 3, 22], [4, 18, 5, 17], [6, 16, 7, 15], [8, 14, 9, 13], [10, 19, 11, 20], [12, 2, 13, 1], [14, 6, 15, 5], [16, 8, 17, 7], [18, 23, 19, 24], [20, 11, 21, 12]]"
12a_1083_77,"[[20, 11, 21, 12], [22, 3, 23, 4], [24, 10, 1, 9], [2, 21, 3, 22], [4, 18, 5, 17], [6, 16, 7, 15], [8, 14, 9, 13], [10, 19, 11, 20], [12, 2, 13, 1], [14, 6, 15, 5], [16, 8, 17, 7], [18, 23, 19, 24]]"
12a_1083_78,"[[18, 23, 19, 24], [20, 11, 21, 12], [22, 3, 23, 4], [24, 10, 1, 9], [2, 21, 3, 22], [4, 18, 5, 17], [6, 16, 7, 15], [8, 14, 9, 13], [10, 19, 11, 20], [12, 2, 13, 1], [14, 6, 15, 5], [16, 8, 17, 7]]"
12a_1083_79,"[[16, 8, 17, 7], [18, 23, 19, 24], [20, 11, 21, 12], [22, 3, 23, 4], [24, 10, 1, 9], [2, 21, 3, 22], [4, 18, 5, 17], [6, 16, 7, 15], [8, 14, 9, 13], [10, 19, 11, 20], [12, 2, 13, 1], [14, 6, 15, 5]]"
12a_1083_80,"[[14, 6, 15, 5], [16, 8, 17, 7], [18, 23, 19, 24], [20, 11, 21, 12], [22, 3, 23, 4], [24, 10, 1, 9], [2, 21, 3, 22], [4, 18, 5, 17], [6, 16, 7, 15], [8, 14, 9, 13], [10, 19, 11, 20], [12, 2, 13, 1]]"
12a_1083_81,"[[12, 2, 13, 1], [14, 6, 15, 5], [16, 8, 17, 7], [18, 23, 19, 24], [20, 11, 21, 12], [22, 3, 23, 4], [24, 10, 1, 9], [2, 21, 3, 22], [4, 18, 5, 17], [6, 16, 7, 15], [8, 14, 9, 13], [10, 19, 11, 20]]"
12a_1083_82,"[[10, 19, 11, 20], [12, 2, 13, 1], [14, 6, 15, 5], [16, 8, 17, 7], [18, 23, 19, 24], [20, 11, 21, 12], [22, 3, 23, 4], [24, 10, 1, 9], [2, 21, 3, 22], [4, 18, 5, 17], [6, 16, 7, 15], [8, 14, 9, 13]]"
12a_1083_83,"[[8, 14, 9, 13], [10, 19, 11, 20], [12, 2, 13, 1], [14, 6, 15, 5], [16, 8, 17, 7], [18, 23, 19, 24], [20, 11, 21, 12], [22, 3, 23, 4], [24, 10, 1, 9], [2, 21, 3, 22], [4, 18, 5, 17], [6, 16, 7, 15]]"
12a_1083_84,"[[7, 17, 8, 16], [9, 15, 10, 14], [11, 20, 12, 21], [13, 3, 14, 2], [15, 7, 16, 6], [17, 9, 18, 8], [19, 24, 20, 1], [21, 12, 22, 13], [23, 4, 24, 5], [1, 11, 2, 10], [3, 22, 4, 23], [5, 19, 6, 18]]"
12a_1083_85,"[[5, 19, 6, 18], [7, 17, 8, 16], [9, 15, 10, 14], [11, 20, 12, 21], [13, 3, 14, 2], [15, 7, 16, 6], [17, 9, 18, 8], [19, 24, 20, 1], [21, 12, 22, 13], [23, 4, 24, 5], [1, 11, 2, 10], [3, 22, 4, 23]]"
12a_1083_86,"[[3, 22, 4, 23], [5, 19, 6, 18], [7, 17, 8, 16], [9, 15, 10, 14], [11, 20, 12, 21], [13, 3, 14, 2], [15, 7, 16, 6], [17, 9, 18, 8], [19, 24, 20, 1], [21, 12, 22, 13], [23, 4, 24, 5], [1, 11, 2, 10]]"
12a_1083_87,"[[1, 11, 2, 10], [3, 22, 4, 23], [5, 19, 6, 18], [7, 17, 8, 16], [9, 15, 10, 14], [11, 20, 12, 21], [13, 3, 14, 2], [15, 7, 16, 6], [17, 9, 18, 8], [19, 24, 20, 1], [21, 12, 22, 13], [23, 4, 24, 5]]"
12a_1083_88,"[[23, 4, 24, 5], [1, 11, 2, 10], [3, 22, 4, 23], [5, 19, 6, 18], [7, 17, 8, 16], [9, 15, 10, 14], [11, 20, 12, 21], [13, 3, 14, 2], [15, 7, 16, 6], [17, 9, 18, 8], [19, 24, 20, 1], [21, 12, 22, 13]]"
12a_1083_89,"[[21, 12, 22, 13], [23, 4, 24, 5], [1, 11, 2, 10], [3, 22, 4, 23], [5, 19, 6, 18], [7, 17, 8, 16], [9, 15, 10, 14], [11, 20, 12, 21], [13, 3, 14, 2], [15, 7, 16, 6], [17, 9, 18, 8], [19, 24, 20, 1]]"
12a_1083_90,"[[19, 24, 20, 1], [21, 12, 22, 13], [23, 4, 24, 5], [1, 11, 2, 10], [3, 22, 4, 23], [5, 19, 6, 18], [7, 17, 8, 16], [9, 15, 10, 14], [11, 20, 12, 21], [13, 3, 14, 2], [15, 7, 16, 6], [17, 9, 18, 8]]"
12a_1083_91,"[[17, 9, 18, 8], [19, 24, 20, 1], [21, 12, 22, 13], [23, 4, 24, 5], [1, 11, 2, 10], [3, 22, 4, 23], [5, 19, 6, 18], [7, 17, 8, 16], [9, 15, 10, 14], [11, 20, 12, 21], [13, 3, 14, 2], [15, 7, 16, 6]]"
12a_1083_92,"[[15, 7, 16, 6], [17, 9, 18, 8], [19, 24, 20, 1], [21, 12, 22, 13], [23, 4, 24, 5], [1, 11, 2, 10], [3, 22, 4, 23], [5, 19, 6, 18], [7, 17, 8, 16], [9, 15, 10, 14], [11, 20, 12, 21], [13, 3, 14, 2]]"
12a_1083_93,"[[13, 3, 14, 2], [15, 7, 16, 6], [17, 9, 18, 8], [19, 24, 20, 1], [21, 12, 22, 13], [23, 4, 24, 5], [1, 11, 2, 10], [3, 22, 4, 23], [5, 19, 6, 18], [7, 17, 8, 16], [9, 15, 10, 14], [11, 20, 12, 21]]"
12a_1083_94,"[[11, 20, 12, 21], [13, 3, 14, 2], [15, 7, 16, 6], [17, 9, 18, 8], [19, 24, 20, 1], [21, 12, 22, 13], [23, 4, 24, 5], [1, 11, 2, 10], [3, 22, 4, 23], [5, 19, 6, 18], [7, 17, 8, 16], [9, 15, 10, 14]]"
12a_1083_95,"[[9, 15, 10, 14], [11, 20, 12, 21], [13, 3, 14, 2], [15, 7, 16, 6], [17, 9, 18, 8], [19, 24, 20, 1], [21, 12, 22, 13], [23, 4, 24, 5], [1, 11, 2, 10], [3, 22, 4, 23], [5, 19, 6, 18], [7, 17, 8, 16]]"
12a_1083_96,"[[8, 18, 9, 17], [10, 16, 11, 15], [12, 21, 13, 22], [14, 4, 15, 3], [16, 8, 17, 7], [18, 10, 19, 9], [20, 1, 21, 2], [22, 13, 23, 14], [24, 5, 1, 6], [2, 12, 3, 11], [4, 23, 5, 24], [6, 20, 7, 19]]"
12a_1083_97,"[[6, 20, 7, 19], [8, 18, 9, 17], [10, 16, 11, 15], [12, 21, 13, 22], [14, 4, 15, 3], [16, 8, 17, 7], [18, 10, 19, 9], [20, 1, 21, 2], [22, 13, 23, 14], [24, 5, 1, 6], [2, 12, 3, 11], [4, 23, 5, 24]]"
12a_1083_98,"[[4, 23, 5, 24], [6, 20, 7, 19], [8, 18, 9, 17], [10, 16, 11, 15], [12, 21, 13, 22], [14, 4, 15, 3], [16, 8, 17, 7], [18, 10, 19, 9], [20, 1, 21, 2], [22, 13, 23, 14], [24, 5, 1, 6], [2, 12, 3, 11]]"
12a_1083_99,"[[2, 12, 3, 11], [4, 23, 5, 24], [6, 20, 7, 19], [8, 18, 9, 17], [10, 16, 11, 15], [12, 21, 13, 22], [14, 4, 15, 3], [16, 8, 17, 7], [18, 10, 19, 9], [20, 1, 21, 2], [22, 13, 23, 14], [24, 5, 1, 6]]"
12a_1083_100,"[[24, 5, 1, 6], [2, 12, 3, 11], [4, 23, 5, 24], [6, 20, 7, 19], [8, 18, 9, 17], [10, 16, 11, 15], [12, 21, 13, 22], [14, 4, 15, 3], [16, 8, 17, 7], [18, 10, 19, 9], [20, 1, 21, 2], [22, 13, 23, 14]]"
12a_1083_101,"[[22, 13, 23, 14], [24, 5, 1, 6], [2, 12, 3, 11], [4, 23, 5, 24], [6, 20, 7, 19], [8, 18, 9, 17], [10, 16, 11, 15], [12, 21, 13, 22], [14, 4, 15, 3], [16, 8, 17, 7], [18, 10, 19, 9], [20, 1, 21, 2]]"
12a_1083_102,"[[20, 1, 21, 2], [22, 13, 23, 14], [24, 5, 1, 6], [2, 12, 3, 11], [4, 23, 5, 24], [6, 20, 7, 19], [8, 18, 9, 17], [10, 16, 11, 15], [12, 21, 13, 22], [14, 4, 15, 3], [16, 8, 17, 7], [18, 10, 19, 9]]"
12a_1083_103,"[[18, 10, 19, 9], [20, 1, 21, 2], [22, 13, 23, 14], [24, 5, 1, 6], [2, 12, 3, 11], [4, 23, 5, 24], [6, 20, 7, 19], [8, 18, 9, 17], [10, 16, 11, 15], [12, 21, 13, 22], [14, 4, 15, 3], [16, 8, 17, 7]]"
12a_1083_104,"[[16, 8, 17, 7], [18, 10, 19, 9], [20, 1, 21, 2], [22, 13, 23, 14], [24, 5, 1, 6], [2, 12, 3, 11], [4, 23, 5, 24], [6, 20, 7, 19], [8, 18, 9, 17], [10, 16, 11, 15], [12, 21, 13, 22], [14, 4, 15, 3]]"
12a_1083_105,"[[14, 4, 15, 3], [16, 8, 17, 7], [18, 10, 19, 9], [20, 1, 21, 2], [22, 13, 23, 14], [24, 5, 1, 6], [2, 12, 3, 11], [4, 23, 5, 24], [6, 20, 7, 19], [8, 18, 9, 17], [10, 16, 11, 15], [12, 21, 13, 22]]"
12a_1083_106,"[[12, 21, 13, 22], [14, 4, 15, 3], [16, 8, 17, 7], [18, 10, 19, 9], [20, 1, 21, 2], [22, 13, 23, 14], [24, 5, 1, 6], [2, 12, 3, 11], [4, 23, 5, 24], [6, 20, 7, 19], [8, 18, 9, 17], [10, 16, 11, 15]]"
12a_1083_107,"[[10, 16, 11, 15], [12, 21, 13, 22], [14, 4, 15, 3], [16, 8, 17, 7], [18, 10, 19, 9], [20, 1, 21, 2], [22, 13, 23, 14], [24, 5, 1, 6], [2, 12, 3, 11], [4, 23, 5, 24], [6, 20, 7, 19], [8, 18, 9, 17]]"
12a_1083_108,"[[9, 19, 10, 18], [11, 17, 12, 16], [13, 22, 14, 23], [15, 5, 16, 4], [17, 9, 18, 8], [19, 11, 20, 10], [21, 2, 22, 3], [23, 14, 24, 15], [1, 6, 2, 7], [3, 13, 4, 12], [5, 24, 6, 1], [7, 21, 8, 20]]"
12a_1083_109,"[[7, 21, 8, 20], [9, 19, 10, 18], [11, 17, 12, 16], [13, 22, 14, 23], [15, 5, 16, 4], [17, 9, 18, 8], [19, 11, 20, 10], [21, 2, 22, 3], [23, 14, 24, 15], [1, 6, 2, 7], [3, 13, 4, 12], [5, 24, 6, 1]]"
12a_1083_110,"[[5, 24, 6, 1], [7, 21, 8, 20], [9, 19, 10, 18], [11, 17, 12, 16], [13, 22, 14, 23], [15, 5, 16, 4], [17, 9, 18, 8], [19, 11, 20, 10], [21, 2, 22, 3], [23, 14, 24, 15], [1, 6, 2, 7], [3, 13, 4, 12]]"
12a_1083_111,"[[3, 13, 4, 12], [5, 24, 6, 1], [7, 21, 8, 20], [9, 19, 10, 18], [11, 17, 12, 16], [13, 22, 14, 23], [15, 5, 16, 4], [17, 9, 18, 8], [19, 11, 20, 10], [21, 2, 22, 3], [23, 14, 24, 15], [1, 6, 2, 7]]"
12a_1083_112,"[[1, 6, 2, 7], [3, 13, 4, 12], [5, 24, 6, 1], [7, 21, 8, 20], [9, 19, 10, 18], [11, 17, 12, 16], [13, 22, 14, 23], [15, 5, 16, 4], [17, 9, 18, 8], [19, 11, 20, 10], [21, 2, 22, 3], [23, 14, 24, 15]]"
12a_1083_113,"[[23, 14, 24, 15], [1, 6, 2, 7], [3, 13, 4, 12], [5, 24, 6, 1], [7, 21, 8, 20], [9, 19, 10, 18], [11, 17, 12, 16], [13, 22, 14, 23], [15, 5, 16, 4], [17, 9, 18, 8], [19, 11, 20, 10], [21, 2, 22, 3]]"
12a_1083_114,"[[21, 2, 22, 3], [23, 14, 24, 15], [1, 6, 2, 7], [3, 13, 4, 12], [5, 24, 6, 1], [7, 21, 8, 20], [9, 19, 10, 18], [11, 17, 12, 16], [13, 22, 14, 23], [15, 5, 16, 4], [17, 9, 18, 8], [19, 11, 20, 10]]"
12a_1083_115,"[[19, 11, 20, 10], [21, 2, 22, 3], [23, 14, 24, 15], [1, 6, 2, 7], [3, 13, 4, 12], [5, 24, 6, 1], [7, 21, 8, 20], [9, 19, 10, 18], [11, 17, 12, 16], [13, 22, 14, 23], [15, 5, 16, 4], [17, 9, 18, 8]]"
12a_1083_116,"[[17, 9, 18, 8], [19, 11, 20, 10], [21, 2, 22, 3], [23, 14, 24, 15], [1, 6, 2, 7], [3, 13, 4, 12], [5, 24, 6, 1], [7, 21, 8, 20], [9, 19, 10, 18], [11, 17, 12, 16], [13, 22, 14, 23], [15, 5, 16, 4]]"
12a_1083_117,"[[15, 5, 16, 4], [17, 9, 18, 8], [19, 11, 20, 10], [21, 2, 22, 3], [23, 14, 24, 15], [1, 6, 2, 7], [3, 13, 4, 12], [5, 24, 6, 1], [7, 21, 8, 20], [9, 19, 10, 18], [11, 17, 12, 16], [13, 22, 14, 23]]"
12a_1083_118,"[[13, 22, 14, 23], [15, 5, 16, 4], [17, 9, 18, 8], [19, 11, 20, 10], [21, 2, 22, 3], [23, 14, 24, 15], [1, 6, 2, 7], [3, 13, 4, 12], [5, 24, 6, 1], [7, 21, 8, 20], [9, 19, 10, 18], [11, 17, 12, 16]]"
12a_1083_119,"[[11, 17, 12, 16], [13, 22, 14, 23], [15, 5, 16, 4], [17, 9, 18, 8], [19, 11, 20, 10], [21, 2, 22, 3], [23, 14, 24, 15], [1, 6, 2, 7], [3, 13, 4, 12], [5, 24, 6, 1], [7, 21, 8, 20], [9, 19, 10, 18]]"
12a_1083_120,"[[10, 20, 11, 19], [12, 18, 13, 17], [14, 23, 15, 24], [16, 6, 17, 5], [18, 10, 19, 9], [20, 12, 21, 11], [22, 3, 23, 4], [24, 15, 1, 16], [2, 7, 3, 8], [4, 14, 5, 13], [6, 1, 7, 2], [8, 22, 9, 21]]"
12a_1083_121,"[[8, 22, 9, 21], [10, 20, 11, 19], [12, 18, 13, 17], [14, 23, 15, 24], [16, 6, 17, 5], [18, 10, 19, 9], [20, 12, 21, 11], [22, 3, 23, 4], [24, 15, 1, 16], [2, 7, 3, 8], [4, 14, 5, 13], [6, 1, 7, 2]]"
12a_1083_122,"[[6, 1, 7, 2], [8, 22, 9, 21], [10, 20, 11, 19], [12, 18, 13, 17], [14, 23, 15, 24], [16, 6, 17, 5], [18, 10, 19, 9], [20, 12, 21, 11], [22, 3, 23, 4], [24, 15, 1, 16], [2, 7, 3, 8], [4, 14, 5, 13]]"
12a_1083_123,"[[4, 14, 5, 13], [6, 1, 7, 2], [8, 22, 9, 21], [10, 20, 11, 19], [12, 18, 13, 17], [14, 23, 15, 24], [16, 6, 17, 5], [18, 10, 19, 9], [20, 12, 21, 11], [22, 3, 23, 4], [24, 15, 1, 16], [2, 7, 3, 8]]"
12a_1083_124,"[[2, 7, 3, 8], [4, 14, 5, 13], [6, 1, 7, 2], [8, 22, 9, 21], [10, 20, 11, 19], [12, 18, 13, 17], [14, 23, 15, 24], [16, 6, 17, 5], [18, 10, 19, 9], [20, 12, 21, 11], [22, 3, 23, 4], [24, 15, 1, 16]]"
12a_1083_125,"[[24, 15, 1, 16], [2, 7, 3, 8], [4, 14, 5, 13], [6, 1, 7, 2], [8, 22, 9, 21], [10, 20, 11, 19], [12, 18, 13, 17], [14, 23, 15, 24], [16, 6, 17, 5], [18, 10, 19, 9], [20, 12, 21, 11], [22, 3, 23, 4]]"
12a_1083_126,"[[22, 3, 23, 4], [24, 15, 1, 16], [2, 7, 3, 8], [4, 14, 5, 13], [6, 1, 7, 2], [8, 22, 9, 21], [10, 20, 11, 19], [12, 18, 13, 17], [14, 23, 15, 24], [16, 6, 17, 5], [18, 10, 19, 9], [20, 12, 21, 11]]"
12a_1083_127,"[[20, 12, 21, 11], [22, 3, 23, 4], [24, 15, 1, 16], [2, 7, 3, 8], [4, 14, 5, 13], [6, 1, 7, 2], [8, 22, 9, 21], [10, 20, 11, 19], [12, 18, 13, 17], [14, 23, 15, 24], [16, 6, 17, 5], [18, 10, 19, 9]]"
12a_1083_128,"[[18, 10, 19, 9], [20, 12, 21, 11], [22, 3, 23, 4], [24, 15, 1, 16], [2, 7, 3, 8], [4, 14, 5, 13], [6, 1, 7, 2], [8, 22, 9, 21], [10, 20, 11, 19], [12, 18, 13, 17], [14, 23, 15, 24], [16, 6, 17, 5]]"
12a_1083_129,"[[16, 6, 17, 5], [18, 10, 19, 9], [20, 12, 21, 11], [22, 3, 23, 4], [24, 15, 1, 16], [2, 7, 3, 8], [4, 14, 5, 13], [6, 1, 7, 2], [8, 22, 9, 21], [10, 20, 11, 19], [12, 18, 13, 17], [14, 23, 15, 24]]"
12a_1083_130,"[[14, 23, 15, 24], [16, 6, 17, 5], [18, 10, 19, 9], [20, 12, 21, 11], [22, 3, 23, 4], [24, 15, 1, 16], [2, 7, 3, 8], [4, 14, 5, 13], [6, 1, 7, 2], [8, 22, 9, 21], [10, 20, 11, 19], [12, 18, 13, 17]]"
12a_1083_131,"[[12, 18, 13, 17], [14, 23, 15, 24], [16, 6, 17, 5], [18, 10, 19, 9], [20, 12, 21, 11], [22, 3, 23, 4], [24, 15, 1, 16], [2, 7, 3, 8], [4, 14, 5, 13], [6, 1, 7, 2], [8, 22, 9, 21], [10, 20, 11, 19]]"
12a_1083_132,"[[11, 21, 12, 20], [13, 19, 14, 18], [15, 24, 16, 1], [17, 7, 18, 6], [19, 11, 20, 10], [21, 13, 22, 12], [23, 4, 24, 5], [1, 16, 2, 17], [3, 8, 4, 9], [5, 15, 6, 14], [7, 2, 8, 3], [9, 23, 10, 22]]"
12a_1083_133,"[[9, 23, 10, 22], [11, 21, 12, 20], [13, 19, 14, 18], [15, 24, 16, 1], [17, 7, 18, 6], [19, 11, 20, 10], [21, 13, 22, 12], [23, 4, 24, 5], [1, 16, 2, 17], [3, 8, 4, 9], [5, 15, 6, 14], [7, 2, 8, 3]]"
12a_1083_134,"[[7, 2, 8, 3], [9, 23, 10, 22], [11, 21, 12, 20], [13, 19, 14, 18], [15, 24, 16, 1], [17, 7, 18, 6], [19, 11, 20, 10], [21, 13, 22, 12], [23, 4, 24, 5], [1, 16, 2, 17], [3, 8, 4, 9], [5, 15, 6, 14]]"
12a_1083_135,"[[5, 15, 6, 14], [7, 2, 8, 3], [9, 23, 10, 22], [11, 21, 12, 20], [13, 19, 14, 18], [15, 24, 16, 1], [17, 7, 18, 6], [19, 11, 20, 10], [21, 13, 22, 12], [23, 4, 24, 5], [1, 16, 2, 17], [3, 8, 4, 9]]"
12a_1083_136,"[[3, 8, 4, 9], [5, 15, 6, 14], [7, 2, 8, 3], [9, 23, 10, 22], [11, 21, 12, 20], [13, 19, 14, 18], [15, 24, 16, 1], [17, 7, 18, 6], [19, 11, 20, 10], [21, 13, 22, 12], [23, 4, 24, 5], [1, 16, 2, 17]]"
12a_1083_137,"[[1, 16, 2, 17], [3, 8, 4, 9], [5, 15, 6, 14], [7, 2, 8, 3], [9, 23, 10, 22], [11, 21, 12, 20], [13, 19, 14, 18], [15, 24, 16, 1], [17, 7, 18, 6], [19, 11, 20, 10], [21, 13, 22, 12], [23, 4, 24, 5]]"
12a_1083_138,"[[23, 4, 24, 5], [1, 16, 2, 17], [3, 8, 4, 9], [5, 15, 6, 14], [7, 2, 8, 3], [9, 23, 10, 22], [11, 21, 12, 20], [13, 19, 14, 18], [15, 24, 16, 1], [17, 7, 18, 6], [19, 11, 20, 10], [21, 13, 22, 12]]"
12a_1083_139,"[[21, 13, 22, 12], [23, 4, 24, 5], [1, 16, 2, 17], [3, 8, 4, 9], [5, 15, 6, 14], [7, 2, 8, 3], [9, 23, 10, 22], [11, 21, 12, 20], [13, 19, 14, 18], [15, 24, 16, 1], [17, 7, 18, 6], [19, 11, 20, 10]]"
12a_1083_140,"[[19, 11, 20, 10], [21, 13, 22, 12], [23, 4, 24, 5], [1, 16, 2, 17], [3, 8, 4, 9], [5, 15, 6, 14], [7, 2, 8, 3], [9, 23, 10, 22], [11, 21, 12, 20], [13, 19, 14, 18], [15, 24, 16, 1], [17, 7, 18, 6]]"
12a_1083_141,"[[17, 7, 18, 6], [19, 11, 20, 10], [21, 13, 22, 12], [23, 4, 24, 5], [1, 16, 2, 17], [3, 8, 4, 9], [5, 15, 6, 14], [7, 2, 8, 3], [9, 23, 10, 22], [11, 21, 12, 20], [13, 19, 14, 18], [15, 24, 16, 1]]"
12a_1083_142,"[[15, 24, 16, 1], [17, 7, 18, 6], [19, 11, 20, 10], [21, 13, 22, 12], [23, 4, 24, 5], [1, 16, 2, 17], [3, 8, 4, 9], [5, 15, 6, 14], [7, 2, 8, 3], [9, 23, 10, 22], [11, 21, 12, 20], [13, 19, 14, 18]]"
12a_1083_143,"[[13, 19, 14, 18], [15, 24, 16, 1], [17, 7, 18, 6], [19, 11, 20, 10], [21, 13, 22, 12], [23, 4, 24, 5], [1, 16, 2, 17], [3, 8, 4, 9], [5, 15, 6, 14], [7, 2, 8, 3], [9, 23, 10, 22], [11, 21, 12, 20]]"
12a_1083_144,"[[12, 22, 13, 21], [14, 20, 15, 19], [16, 1, 17, 2], [18, 8, 19, 7], [20, 12, 21, 11], [22, 14, 23, 13], [24, 5, 1, 6], [2, 17, 3, 18], [4, 9, 5, 10], [6, 16, 7, 15], [8, 3, 9, 4], [10, 24, 11, 23]]"
12a_1083_145,"[[10, 24, 11, 23], [12, 22, 13, 21], [14, 20, 15, 19], [16, 1, 17, 2], [18, 8, 19, 7], [20, 12, 21, 11], [22, 14, 23, 13], [24, 5, 1, 6], [2, 17, 3, 18], [4, 9, 5, 10], [6, 16, 7, 15], [8, 3, 9, 4]]"
12a_1083_146,"[[8, 3, 9, 4], [10, 24, 11, 23], [12, 22, 13, 21], [14, 20, 15, 19], [16, 1, 17, 2], [18, 8, 19, 7], [20, 12, 21, 11], [22, 14, 23, 13], [24, 5, 1, 6], [2, 17, 3, 18], [4, 9, 5, 10], [6, 16, 7, 15]]"
12a_1083_147,"[[6, 16, 7, 15], [8, 3, 9, 4], [10, 24, 11, 23], [12, 22, 13, 21], [14, 20, 15, 19], [16, 1, 17, 2], [18, 8, 19, 7], [20, 12, 21, 11], [22, 14, 23, 13], [24, 5, 1, 6], [2, 17, 3, 18], [4, 9, 5, 10]]"
12a_1083_148,"[[4, 9, 5, 10], [6, 16, 7, 15], [8, 3, 9, 4], [10, 24, 11, 23], [12, 22, 13, 21], [14, 20, 15, 19], [16, 1, 17, 2], [18, 8, 19, 7], [20, 12, 21, 11], [22, 14, 23, 13], [24, 5, 1, 6], [2, 17, 3, 18]]"
12a_1083_149,"[[2, 17, 3, 18], [4, 9, 5, 10], [6, 16, 7, 15], [8, 3, 9, 4], [10, 24, 11, 23], [12, 22, 13, 21], [14, 20, 15, 19], [16, 1, 17, 2], [18, 8, 19, 7], [20, 12, 21, 11], [22, 14, 23, 13], [24, 5, 1, 6]]"
12a_1083_150,"[[24, 5, 1, 6], [2, 17, 3, 18], [4, 9, 5, 10], [6, 16, 7, 15], [8, 3, 9, 4], [10, 24, 11, 23], [12, 22, 13, 21], [14, 20, 15, 19], [16, 1, 17, 2], [18, 8, 19, 7], [20, 12, 21, 11], [22, 14, 23, 13]]"
12a_1083_151,"[[22, 14, 23, 13], [24, 5, 1, 6], [2, 17, 3, 18], [4, 9, 5, 10], [6, 16, 7, 15], [8, 3, 9, 4], [10, 24, 11, 23], [12, 22, 13, 21], [14, 20, 15, 19], [16, 1, 17, 2], [18, 8, 19, 7], [20, 12, 21, 11]]"
12a_1083_152,"[[20, 12, 21, 11], [22, 14, 23, 13], [24, 5, 1, 6], [2, 17, 3, 18], [4, 9, 5, 10], [6, 16, 7, 15], [8, 3, 9, 4], [10, 24, 11, 23], [12, 22, 13, 21], [14, 20, 15, 19], [16, 1, 17, 2], [18, 8, 19, 7]]"
12a_1083_153,"[[18, 8, 19, 7], [20, 12, 21, 11], [22, 14, 23, 13], [24, 5, 1, 6], [2, 17, 3, 18], [4, 9, 5, 10], [6, 16, 7, 15], [8, 3, 9, 4], [10, 24, 11, 23], [12, 22, 13, 21], [14, 20, 15, 19], [16, 1, 17, 2]]"
12a_1083_154,"[[16, 1, 17, 2], [18, 8, 19, 7], [20, 12, 21, 11], [22, 14, 23, 13], [24, 5, 1, 6], [2, 17, 3, 18], [4, 9, 5, 10], [6, 16, 7, 15], [8, 3, 9, 4], [10, 24, 11, 23], [12, 22, 13, 21], [14, 20, 15, 19]]"
12a_1083_155,"[[14, 20, 15, 19], [16, 1, 17, 2], [18, 8, 19, 7], [20, 12, 21, 11], [22, 14, 23, 13], [24, 5, 1, 6], [2, 17, 3, 18], [4, 9, 5, 10], [6, 16, 7, 15], [8, 3, 9, 4], [10, 24, 11, 23], [12, 22, 13, 21]]"
12a_1083_156,"[[13, 23, 14, 22], [15, 21, 16, 20], [17, 2, 18, 3], [19, 9, 20, 8], [21, 13, 22, 12], [23, 15, 24, 14], [1, 6, 2, 7], [3, 18, 4, 19], [5, 10, 6, 11], [7, 17, 8, 16], [9, 4, 10, 5], [11, 1, 12, 24]]"
12a_1083_157,"[[11, 1, 12, 24], [13, 23, 14, 22], [15, 21, 16, 20], [17, 2, 18, 3], [19, 9, 20, 8], [21, 13, 22, 12], [23, 15, 24, 14], [1, 6, 2, 7], [3, 18, 4, 19], [5, 10, 6, 11], [7, 17, 8, 16], [9, 4, 10, 5]]"
12a_1083_158,"[[9, 4, 10, 5], [11, 1, 12, 24], [13, 23, 14, 22], [15, 21, 16, 20], [17, 2, 18, 3], [19, 9, 20, 8], [21, 13, 22, 12], [23, 15, 24, 14], [1, 6, 2, 7], [3, 18, 4, 19], [5, 10, 6, 11], [7, 17, 8, 16]]"
12a_1083_159,"[[7, 17, 8, 16], [9, 4, 10, 5], [11, 1, 12, 24], [13, 23, 14, 22], [15, 21, 16, 20], [17, 2, 18, 3], [19, 9, 20, 8], [21, 13, 22, 12], [23, 15, 24, 14], [1, 6, 2, 7], [3, 18, 4, 19], [5, 10, 6, 11]]"
12a_1083_160,"[[5, 10, 6, 11], [7, 17, 8, 16], [9, 4, 10, 5], [11, 1, 12, 24], [13, 23, 14, 22], [15, 21, 16, 20], [17, 2, 18, 3], [19, 9, 20, 8], [21, 13, 22, 12], [23, 15, 24, 14], [1, 6, 2, 7], [3, 18, 4, 19]]"
12a_1083_161,"[[3, 18, 4, 19], [5, 10, 6, 11], [7, 17, 8, 16], [9, 4, 10, 5], [11, 1, 12, 24], [13, 23, 14, 22], [15, 21, 16, 20], [17, 2, 18, 3], [19, 9, 20, 8], [21, 13, 22, 12], [23, 15, 24, 14], [1, 6, 2, 7]]"
12a_1083_162,"[[1, 6, 2, 7], [3, 18, 4, 19], [5, 10, 6, 11], [7, 17, 8, 16], [9, 4, 10, 5], [11, 1, 12, 24], [13, 23, 14, 22], [15, 21, 16, 20], [17, 2, 18, 3], [19, 9, 20, 8], [21, 13, 22, 12], [23, 15, 24, 14]]"
12a_1083_163,"[[23, 15, 24, 14], [1, 6, 2, 7], [3, 18, 4, 19], [5, 10, 6, 11], [7, 17, 8, 16], [9, 4, 10, 5], [11, 1, 12, 24], [13, 23, 14, 22], [15, 21, 16, 20], [17, 2, 18, 3], [19, 9, 20, 8], [21, 13, 22, 12]]"
12a_1083_164,"[[21, 13, 22, 12], [23, 15, 24, 14], [1, 6, 2, 7], [3, 18, 4, 19], [5, 10, 6, 11], [7, 17, 8, 16], [9, 4, 10, 5], [11, 1, 12, 24], [13, 23, 14, 22], [15, 21, 16, 20], [17, 2, 18, 3], [19, 9, 20, 8]]"
12a_1083_165,"[[19, 9, 20, 8], [21, 13, 22, 12], [23, 15, 24, 14], [1, 6, 2, 7], [3, 18, 4, 19], [5, 10, 6, 11], [7, 17, 8, 16], [9, 4, 10, 5], [11, 1, 12, 24], [13, 23, 14, 22], [15, 21, 16, 20], [17, 2, 18, 3]]"
12a_1083_166,"[[17, 2, 18, 3], [19, 9, 20, 8], [21, 13, 22, 12], [23, 15, 24, 14], [1, 6, 2, 7], [3, 18, 4, 19], [5, 10, 6, 11], [7, 17, 8, 16], [9, 4, 10, 5], [11, 1, 12, 24], [13, 23, 14, 22], [15, 21, 16, 20]]"
12a_1083_167,"[[15, 21, 16, 20], [17, 2, 18, 3], [19, 9, 20, 8], [21, 13, 22, 12], [23, 15, 24, 14], [1, 6, 2, 7], [3, 18, 4, 19], [5, 10, 6, 11], [7, 17, 8, 16], [9, 4, 10, 5], [11, 1, 12, 24], [13, 23, 14, 22]]"
12a_1083_168,"[[14, 24, 15, 23], [16, 22, 17, 21], [18, 3, 19, 4], [20, 10, 21, 9], [22, 14, 23, 13], [24, 16, 1, 15], [2, 7, 3, 8], [4, 19, 5, 20], [6, 11, 7, 12], [8, 18, 9, 17], [10, 5, 11, 6], [12, 2, 13, 1]]"
12a_1083_169,"[[12, 2, 13, 1], [14, 24, 15, 23], [16, 22, 17, 21], [18, 3, 19, 4], [20, 10, 21, 9], [22, 14, 23, 13], [24, 16, 1, 15], [2, 7, 3, 8], [4, 19, 5, 20], [6, 11, 7, 12], [8, 18, 9, 17], [10, 5, 11, 6]]"
12a_1083_170,"[[10, 5, 11, 6], [12, 2, 13, 1], [14, 24, 15, 23], [16, 22, 17, 21], [18, 3, 19, 4], [20, 10, 21, 9], [22, 14, 23, 13], [24, 16, 1, 15], [2, 7, 3, 8], [4, 19, 5, 20], [6, 11, 7, 12], [8, 18, 9, 17]]"
12a_1083_171,"[[8, 18, 9, 17], [10, 5, 11, 6], [12, 2, 13, 1], [14, 24, 15, 23], [16, 22, 17, 21], [18, 3, 19, 4], [20, 10, 21, 9], [22, 14, 23, 13], [24, 16, 1, 15], [2, 7, 3, 8], [4, 19, 5, 20], [6, 11, 7, 12]]"
12a_1083_172,"[[6, 11, 7, 12], [8, 18, 9, 17], [10, 5, 11, 6], [12, 2, 13, 1], [14, 24, 15, 23], [16, 22, 17, 21], [18, 3, 19, 4], [20, 10, 21, 9], [22, 14, 23, 13], [24, 16, 1, 15], [2, 7, 3, 8], [4, 19, 5, 20]]"
12a_1083_173,"[[4, 19, 5, 20], [6, 11, 7, 12], [8, 18, 9, 17], [10, 5, 11, 6], [12, 2, 13, 1], [14, 24, 15, 23], [16, 22, 17, 21], [18, 3, 19, 4], [20, 10, 21, 9], [22, 14, 23, 13], [24, 16, 1, 15], [2, 7, 3, 8]]"
12a_1083_174,"[[2, 7, 3, 8], [4, 19, 5, 20], [6, 11, 7, 12], [8, 18, 9, 17], [10, 5, 11, 6], [12, 2, 13, 1], [14, 24, 15, 23], [16, 22, 17, 21], [18, 3, 19, 4], [20, 10, 21, 9], [22, 14, 23, 13], [24, 16, 1, 15]]"
12a_1083_175,"[[24, 16, 1, 15], [2, 7, 3, 8], [4, 19, 5, 20], [6, 11, 7, 12], [8, 18, 9, 17], [10, 5, 11, 6], [12, 2, 13, 1], [14, 24, 15, 23], [16, 22, 17, 21], [18, 3, 19, 4], [20, 10, 21, 9], [22, 14, 23, 13]]"
12a_1083_176,"[[22, 14, 23, 13], [24, 16, 1, 15], [2, 7, 3, 8], [4, 19, 5, 20], [6, 11, 7, 12], [8, 18, 9, 17], [10, 5, 11, 6], [12, 2, 13, 1], [14, 24, 15, 23], [16, 22, 17, 21], [18, 3, 19, 4], [20, 10, 21, 9]]"
12a_1083_177,"[[20, 10, 21, 9], [22, 14, 23, 13], [24, 16, 1, 15], [2, 7, 3, 8], [4, 19, 5, 20], [6, 11, 7, 12], [8, 18, 9, 17], [10, 5, 11, 6], [12, 2, 13, 1], [14, 24, 15, 23], [16, 22, 17, 21], [18, 3, 19, 4]]"
12a_1083_178,"[[18, 3, 19, 4], [20, 10, 21, 9], [22, 14, 23, 13], [24, 16, 1, 15], [2, 7, 3, 8], [4, 19, 5, 20], [6, 11, 7, 12], [8, 18, 9, 17], [10, 5, 11, 6], [12, 2, 13, 1], [14, 24, 15, 23], [16, 22, 17, 21]]"
12a_1083_179,"[[16, 22, 17, 21], [18, 3, 19, 4], [20, 10, 21, 9], [22, 14, 23, 13], [24, 16, 1, 15], [2, 7, 3, 8], [4, 19, 5, 20], [6, 11, 7, 12], [8, 18, 9, 17], [10, 5, 11, 6], [12, 2, 13, 1], [14, 24, 15, 23]]"
12a_1083_180,"[[15, 1, 16, 24], [17, 23, 18, 22], [19, 4, 20, 5], [21, 11, 22, 10], [23, 15, 24, 14], [1, 17, 2, 16], [3, 8, 4, 9], [5, 20, 6, 21], [7, 12, 8, 13], [9, 19, 10, 18], [11, 6, 12, 7], [13, 3, 14, 2]]"
12a_1083_181,"[[13, 3, 14, 2], [15, 1, 16, 24], [17, 23, 18, 22], [19, 4, 20, 5], [21, 11, 22, 10], [23, 15, 24, 14], [1, 17, 2, 16], [3, 8, 4, 9], [5, 20, 6, 21], [7, 12, 8, 13], [9, 19, 10, 18], [11, 6, 12, 7]]"
12a_1083_182,"[[11, 6, 12, 7], [13, 3, 14, 2], [15, 1, 16, 24], [17, 23, 18, 22], [19, 4, 20, 5], [21, 11, 22, 10], [23, 15, 24, 14], [1, 17, 2, 16], [3, 8, 4, 9], [5, 20, 6, 21], [7, 12, 8, 13], [9, 19, 10, 18]]"
12a_1083_183,"[[9, 19, 10, 18], [11, 6, 12, 7], [13, 3, 14, 2], [15, 1, 16, 24], [17, 23, 18, 22], [19, 4, 20, 5], [21, 11, 22, 10], [23, 15, 24, 14], [1, 17, 2, 16], [3, 8, 4, 9], [5, 20, 6, 21], [7, 12, 8, 13]]"
12a_1083_184,"[[7, 12, 8, 13], [9, 19, 10, 18], [11, 6, 12, 7], [13, 3, 14, 2], [15, 1, 16, 24], [17, 23, 18, 22], [19, 4, 20, 5], [21, 11, 22, 10], [23, 15, 24, 14], [1, 17, 2, 16], [3, 8, 4, 9], [5, 20, 6, 21]]"
12a_1083_185,"[[5, 20, 6, 21], [7, 12, 8, 13], [9, 19, 10, 18], [11, 6, 12, 7], [13, 3, 14, 2], [15, 1, 16, 24], [17, 23, 18, 22], [19, 4, 20, 5], [21, 11, 22, 10], [23, 15, 24, 14], [1, 17, 2, 16], [3, 8, 4, 9]]"
