name,pd_notation
12a_0472_0,"[[24, 7, 1, 8], [2, 6, 3, 5], [4, 11, 5, 12], [6, 21, 7, 22], [8, 15, 9, 16], [10, 14, 11, 13], [12, 3, 13, 4], [14, 19, 15, 20], [16, 23, 17, 24], [18, 9, 19, 10], [20, 1, 21, 2], [22, 17, 23, 18]]"
12a_0472_1,"[[22, 17, 23, 18], [24, 7, 1, 8], [2, 6, 3, 5], [4, 11, 5, 12], [6, 21, 7, 22], [8, 15, 9, 16], [10, 14, 11, 13], [12, 3, 13, 4], [14, 19, 15, 20], [16, 23, 17, 24], [18, 9, 19, 10], [20, 1, 21, 2]]"
12a_0472_2,"[[20, 1, 21, 2], [22, 17, 23, 18], [24, 7, 1, 8], [2, 6, 3, 5], [4, 11, 5, 12], [6, 21, 7, 22], [8, 15, 9, 16], [10, 14, 11, 13], [12, 3, 13, 4], [14, 19, 15, 20], [16, 23, 17, 24], [18, 9, 19, 10]]"
12a_0472_3,"[[18, 9, 19, 10], [20, 1, 21, 2], [22, 17, 23, 18], [24, 7, 1, 8], [2, 6, 3, 5], [4, 11, 5, 12], [6, 21, 7, 22], [8, 15, 9, 16], [10, 14, 11, 13], [12, 3, 13, 4], [14, 19, 15, 20], [16, 23, 17, 24]]"
12a_0472_4,"[[16, 23, 17, 24], [18, 9, 19, 10], [20, 1, 21, 2], [22, 17, 23, 18], [24, 7, 1, 8], [2, 6, 3, 5], [4, 11, 5, 12], [6, 21, 7, 22], [8, 15, 9, 16], [10, 14, 11, 13], [12, 3, 13, 4], [14, 19, 15, 20]]"
12a_0472_5,"[[14, 19, 15, 20], [16, 23, 17, 24], [18, 9, 19, 10], [20, 1, 21, 2], [22, 17, 23, 18], [24, 7, 1, 8], [2, 6, 3, 5], [4, 11, 5, 12], [6, 21, 7, 22], [8, 15, 9, 16], [10, 14, 11, 13], [12, 3, 13, 4]]"
12a_0472_6,"[[12, 3, 13, 4], [14, 19, 15, 20], [16, 23, 17, 24], [18, 9, 19, 10], [20, 1, 21, 2], [22, 17, 23, 18], [24, 7, 1, 8], [2, 6, 3, 5], [4, 11, 5, 12], [6, 21, 7, 22], [8, 15, 9, 16], [10, 14, 11, 13]]"
12a_0472_7,"[[10, 14, 11, 13], [12, 3, 13, 4], [14, 19, 15, 20], [16, 23, 17, 24], [18, 9, 19, 10], [20, 1, 21, 2], [22, 17, 23, 18], [24, 7, 1, 8], [2, 6, 3, 5], [4, 11, 5, 12], [6, 21, 7, 22], [8, 15, 9, 16]]"
12a_0472_8,"[[8, 15, 9, 16], [10, 14, 11, 13], [12, 3, 13, 4], [14, 19, 15, 20], [16, 23, 17, 24], [18, 9, 19, 10], [20, 1, 21, 2], [22, 17, 23, 18], [24, 7, 1, 8], [2, 6, 3, 5], [4, 11, 5, 12], [6, 21, 7, 22]]"
12a_0472_9,"[[6, 21, 7, 22], [8, 15, 9, 16], [10, 14, 11, 13], [12, 3, 13, 4], [14, 19, 15, 20], [16, 23, 17, 24], [18, 9, 19, 10], [20, 1, 21, 2], [22, 17, 23, 18], [24, 7, 1, 8], [2, 6, 3, 5], [4, 11, 5, 12]]"
12a_0472_10,"[[4, 11, 5, 12], [6, 21, 7, 22], [8, 15, 9, 16], [10, 14, 11, 13], [12, 3, 13, 4], [14, 19, 15, 20], [16, 23, 17, 24], [18, 9, 19, 10], [20, 1, 21, 2], [22, 17, 23, 18], [24, 7, 1, 8], [2, 6, 3, 5]]"
12a_0472_11,"[[2, 6, 3, 5], [4, 11, 5, 12], [6, 21, 7, 22], [8, 15, 9, 16], [10, 14, 11, 13], [12, 3, 13, 4], [14, 19, 15, 20], [16, 23, 17, 24], [18, 9, 19, 10], [20, 1, 21, 2], [22, 17, 23, 18], [24, 7, 1, 8]]"
12a_0472_12,"[[1, 8, 2, 9], [3, 7, 4, 6], [5, 12, 6, 13], [7, 22, 8, 23], [9, 16, 10, 17], [11, 15, 12, 14], [13, 4, 14, 5], [15, 20, 16, 21], [17, 24, 18, 1], [19, 10, 20, 11], [21, 2, 22, 3], [23, 18, 24, 19]]"
12a_0472_13,"[[23, 18, 24, 19], [1, 8, 2, 9], [3, 7, 4, 6], [5, 12, 6, 13], [7, 22, 8, 23], [9, 16, 10, 17], [11, 15, 12, 14], [13, 4, 14, 5], [15, 20, 16, 21], [17, 24, 18, 1], [19, 10, 20, 11], [21, 2, 22, 3]]"
12a_0472_14,"[[21, 2, 22, 3], [23, 18, 24, 19], [1, 8, 2, 9], [3, 7, 4, 6], [5, 12, 6, 13], [7, 22, 8, 23], [9, 16, 10, 17], [11, 15, 12, 14], [13, 4, 14, 5], [15, 20, 16, 21], [17, 24, 18, 1], [19, 10, 20, 11]]"
12a_0472_15,"[[19, 10, 20, 11], [21, 2, 22, 3], [23, 18, 24, 19], [1, 8, 2, 9], [3, 7, 4, 6], [5, 12, 6, 13], [7, 22, 8, 23], [9, 16, 10, 17], [11, 15, 12, 14], [13, 4, 14, 5], [15, 20, 16, 21], [17, 24, 18, 1]]"
12a_0472_16,"[[17, 24, 18, 1], [19, 10, 20, 11], [21, 2, 22, 3], [23, 18, 24, 19], [1, 8, 2, 9], [3, 7, 4, 6], [5, 12, 6, 13], [7, 22, 8, 23], [9, 16, 10, 17], [11, 15, 12, 14], [13, 4, 14, 5], [15, 20, 16, 21]]"
12a_0472_17,"[[15, 20, 16, 21], [17, 24, 18, 1], [19, 10, 20, 11], [21, 2, 22, 3], [23, 18, 24, 19], [1, 8, 2, 9], [3, 7, 4, 6], [5, 12, 6, 13], [7, 22, 8, 23], [9, 16, 10, 17], [11, 15, 12, 14], [13, 4, 14, 5]]"
12a_0472_18,"[[13, 4, 14, 5], [15, 20, 16, 21], [17, 24, 18, 1], [19, 10, 20, 11], [21, 2, 22, 3], [23, 18, 24, 19], [1, 8, 2, 9], [3, 7, 4, 6], [5, 12, 6, 13], [7, 22, 8, 23], [9, 16, 10, 17], [11, 15, 12, 14]]"
12a_0472_19,"[[11, 15, 12, 14], [13, 4, 14, 5], [15, 20, 16, 21], [17, 24, 18, 1], [19, 10, 20, 11], [21, 2, 22, 3], [23, 18, 24, 19], [1, 8, 2, 9], [3, 7, 4, 6], [5, 12, 6, 13], [7, 22, 8, 23], [9, 16, 10, 17]]"
12a_0472_20,"[[9, 16, 10, 17], [11, 15, 12, 14], [13, 4, 14, 5], [15, 20, 16, 21], [17, 24, 18, 1], [19, 10, 20, 11], [21, 2, 22, 3], [23, 18, 24, 19], [1, 8, 2, 9], [3, 7, 4, 6], [5, 12, 6, 13], [7, 22, 8, 23]]"
12a_0472_21,"[[7, 22, 8, 23], [9, 16, 10, 17], [11, 15, 12, 14], [13, 4, 14, 5], [15, 20, 16, 21], [17, 24, 18, 1], [19, 10, 20, 11], [21, 2, 22, 3], [23, 18, 24, 19], [1, 8, 2, 9], [3, 7, 4, 6], [5, 12, 6, 13]]"
12a_0472_22,"[[5, 12, 6, 13], [7, 22, 8, 23], [9, 16, 10, 17], [11, 15, 12, 14], [13, 4, 14, 5], [15, 20, 16, 21], [17, 24, 18, 1], [19, 10, 20, 11], [21, 2, 22, 3], [23, 18, 24, 19], [1, 8, 2, 9], [3, 7, 4, 6]]"
12a_0472_23,"[[3, 7, 4, 6], [5, 12, 6, 13], [7, 22, 8, 23], [9, 16, 10, 17], [11, 15, 12, 14], [13, 4, 14, 5], [15, 20, 16, 21], [17, 24, 18, 1], [19, 10, 20, 11], [21, 2, 22, 3], [23, 18, 24, 19], [1, 8, 2, 9]]"
12a_0472_24,"[[2, 9, 3, 10], [4, 8, 5, 7], [6, 13, 7, 14], [8, 23, 9, 24], [10, 17, 11, 18], [12, 16, 13, 15], [14, 5, 15, 6], [16, 21, 17, 22], [18, 1, 19, 2], [20, 11, 21, 12], [22, 3, 23, 4], [24, 19, 1, 20]]"
12a_0472_25,"[[24, 19, 1, 20], [2, 9, 3, 10], [4, 8, 5, 7], [6, 13, 7, 14], [8, 23, 9, 24], [10, 17, 11, 18], [12, 16, 13, 15], [14, 5, 15, 6], [16, 21, 17, 22], [18, 1, 19, 2], [20, 11, 21, 12], [22, 3, 23, 4]]"
12a_0472_26,"[[22, 3, 23, 4], [24, 19, 1, 20], [2, 9, 3, 10], [4, 8, 5, 7], [6, 13, 7, 14], [8, 23, 9, 24], [10, 17, 11, 18], [12, 16, 13, 15], [14, 5, 15, 6], [16, 21, 17, 22], [18, 1, 19, 2], [20, 11, 21, 12]]"
12a_0472_27,"[[20, 11, 21, 12], [22, 3, 23, 4], [24, 19, 1, 20], [2, 9, 3, 10], [4, 8, 5, 7], [6, 13, 7, 14], [8, 23, 9, 24], [10, 17, 11, 18], [12, 16, 13, 15], [14, 5, 15, 6], [16, 21, 17, 22], [18, 1, 19, 2]]"
12a_0472_28,"[[18, 1, 19, 2], [20, 11, 21, 12], [22, 3, 23, 4], [24, 19, 1, 20], [2, 9, 3, 10], [4, 8, 5, 7], [6, 13, 7, 14], [8, 23, 9, 24], [10, 17, 11, 18], [12, 16, 13, 15], [14, 5, 15, 6], [16, 21, 17, 22]]"
12a_0472_29,"[[16, 21, 17, 22], [18, 1, 19, 2], [20, 11, 21, 12], [22, 3, 23, 4], [24, 19, 1, 20], [2, 9, 3, 10], [4, 8, 5, 7], [6, 13, 7, 14], [8, 23, 9, 24], [10, 17, 11, 18], [12, 16, 13, 15], [14, 5, 15, 6]]"
12a_0472_30,"[[14, 5, 15, 6], [16, 21, 17, 22], [18, 1, 19, 2], [20, 11, 21, 12], [22, 3, 23, 4], [24, 19, 1, 20], [2, 9, 3, 10], [4, 8, 5, 7], [6, 13, 7, 14], [8, 23, 9, 24], [10, 17, 11, 18], [12, 16, 13, 15]]"
12a_0472_31,"[[12, 16, 13, 15], [14, 5, 15, 6], [16, 21, 17, 22], [18, 1, 19, 2], [20, 11, 21, 12], [22, 3, 23, 4], [24, 19, 1, 20], [2, 9, 3, 10], [4, 8, 5, 7], [6, 13, 7, 14], [8, 23, 9, 24], [10, 17, 11, 18]]"
12a_0472_32,"[[10, 17, 11, 18], [12, 16, 13, 15], [14, 5, 15, 6], [16, 21, 17, 22], [18, 1, 19, 2], [20, 11, 21, 12], [22, 3, 23, 4], [24, 19, 1, 20], [2, 9, 3, 10], [4, 8, 5, 7], [6, 13, 7, 14], [8, 23, 9, 24]]"
12a_0472_33,"[[8, 23, 9, 24], [10, 17, 11, 18], [12, 16, 13, 15], [14, 5, 15, 6], [16, 21, 17, 22], [18, 1, 19, 2], [20, 11, 21, 12], [22, 3, 23, 4], [24, 19, 1, 20], [2, 9, 3, 10], [4, 8, 5, 7], [6, 13, 7, 14]]"
12a_0472_34,"[[6, 13, 7, 14], [8, 23, 9, 24], [10, 17, 11, 18], [12, 16, 13, 15], [14, 5, 15, 6], [16, 21, 17, 22], [18, 1, 19, 2], [20, 11, 21, 12], [22, 3, 23, 4], [24, 19, 1, 20], [2, 9, 3, 10], [4, 8, 5, 7]]"
12a_0472_35,"[[4, 8, 5, 7], [6, 13, 7, 14], [8, 23, 9, 24], [10, 17, 11, 18], [12, 16, 13, 15], [14, 5, 15, 6], [16, 21, 17, 22], [18, 1, 19, 2], [20, 11, 21, 12], [22, 3, 23, 4], [24, 19, 1, 20], [2, 9, 3, 10]]"
12a_0472_36,"[[3, 10, 4, 11], [5, 9, 6, 8], [7, 14, 8, 15], [9, 24, 10, 1], [11, 18, 12, 19], [13, 17, 14, 16], [15, 6, 16, 7], [17, 22, 18, 23], [19, 2, 20, 3], [21, 12, 22, 13], [23, 4, 24, 5], [1, 20, 2, 21]]"
12a_0472_37,"[[1, 20, 2, 21], [3, 10, 4, 11], [5, 9, 6, 8], [7, 14, 8, 15], [9, 24, 10, 1], [11, 18, 12, 19], [13, 17, 14, 16], [15, 6, 16, 7], [17, 22, 18, 23], [19, 2, 20, 3], [21, 12, 22, 13], [23, 4, 24, 5]]"
12a_0472_38,"[[23, 4, 24, 5], [1, 20, 2, 21], [3, 10, 4, 11], [5, 9, 6, 8], [7, 14, 8, 15], [9, 24, 10, 1], [11, 18, 12, 19], [13, 17, 14, 16], [15, 6, 16, 7], [17, 22, 18, 23], [19, 2, 20, 3], [21, 12, 22, 13]]"
12a_0472_39,"[[21, 12, 22, 13], [23, 4, 24, 5], [1, 20, 2, 21], [3, 10, 4, 11], [5, 9, 6, 8], [7, 14, 8, 15], [9, 24, 10, 1], [11, 18, 12, 19], [13, 17, 14, 16], [15, 6, 16, 7], [17, 22, 18, 23], [19, 2, 20, 3]]"
12a_0472_40,"[[19, 2, 20, 3], [21, 12, 22, 13], [23, 4, 24, 5], [1, 20, 2, 21], [3, 10, 4, 11], [5, 9, 6, 8], [7, 14, 8, 15], [9, 24, 10, 1], [11, 18, 12, 19], [13, 17, 14, 16], [15, 6, 16, 7], [17, 22, 18, 23]]"
12a_0472_41,"[[17, 22, 18, 23], [19, 2, 20, 3], [21, 12, 22, 13], [23, 4, 24, 5], [1, 20, 2, 21], [3, 10, 4, 11], [5, 9, 6, 8], [7, 14, 8, 15], [9, 24, 10, 1], [11, 18, 12, 19], [13, 17, 14, 16], [15, 6, 16, 7]]"
12a_0472_42,"[[15, 6, 16, 7], [17, 22, 18, 23], [19, 2, 20, 3], [21, 12, 22, 13], [23, 4, 24, 5], [1, 20, 2, 21], [3, 10, 4, 11], [5, 9, 6, 8], [7, 14, 8, 15], [9, 24, 10, 1], [11, 18, 12, 19], [13, 17, 14, 16]]"
12a_0472_43,"[[13, 17, 14, 16], [15, 6, 16, 7], [17, 22, 18, 23], [19, 2, 20, 3], [21, 12, 22, 13], [23, 4, 24, 5], [1, 20, 2, 21], [3, 10, 4, 11], [5, 9, 6, 8], [7, 14, 8, 15], [9, 24, 10, 1], [11, 18, 12, 19]]"
12a_0472_44,"[[11, 18, 12, 19], [13, 17, 14, 16], [15, 6, 16, 7], [17, 22, 18, 23], [19, 2, 20, 3], [21, 12, 22, 13], [23, 4, 24, 5], [1, 20, 2, 21], [3, 10, 4, 11], [5, 9, 6, 8], [7, 14, 8, 15], [9, 24, 10, 1]]"
12a_0472_45,"[[9, 24, 10, 1], [11, 18, 12, 19], [13, 17, 14, 16], [15, 6, 16, 7], [17, 22, 18, 23], [19, 2, 20, 3], [21, 12, 22, 13], [23, 4, 24, 5], [1, 20, 2, 21], [3, 10, 4, 11], [5, 9, 6, 8], [7, 14, 8, 15]]"
12a_0472_46,"[[7, 14, 8, 15], [9, 24, 10, 1], [11, 18, 12, 19], [13, 17, 14, 16], [15, 6, 16, 7], [17, 22, 18, 23], [19, 2, 20, 3], [21, 12, 22, 13], [23, 4, 24, 5], [1, 20, 2, 21], [3, 10, 4, 11], [5, 9, 6, 8]]"
12a_0472_47,"[[5, 9, 6, 8], [7, 14, 8, 15], [9, 24, 10, 1], [11, 18, 12, 19], [13, 17, 14, 16], [15, 6, 16, 7], [17, 22, 18, 23], [19, 2, 20, 3], [21, 12, 22, 13], [23, 4, 24, 5], [1, 20, 2, 21], [3, 10, 4, 11]]"
12a_0472_48,"[[4, 11, 5, 12], [6, 10, 7, 9], [8, 15, 9, 16], [10, 1, 11, 2], [12, 19, 13, 20], [14, 18, 15, 17], [16, 7, 17, 8], [18, 23, 19, 24], [20, 3, 21, 4], [22, 13, 23, 14], [24, 5, 1, 6], [2, 21, 3, 22]]"
12a_0472_49,"[[2, 21, 3, 22], [4, 11, 5, 12], [6, 10, 7, 9], [8, 15, 9, 16], [10, 1, 11, 2], [12, 19, 13, 20], [14, 18, 15, 17], [16, 7, 17, 8], [18, 23, 19, 24], [20, 3, 21, 4], [22, 13, 23, 14], [24, 5, 1, 6]]"
12a_0472_50,"[[24, 5, 1, 6], [2, 21, 3, 22], [4, 11, 5, 12], [6, 10, 7, 9], [8, 15, 9, 16], [10, 1, 11, 2], [12, 19, 13, 20], [14, 18, 15, 17], [16, 7, 17, 8], [18, 23, 19, 24], [20, 3, 21, 4], [22, 13, 23, 14]]"
12a_0472_51,"[[22, 13, 23, 14], [24, 5, 1, 6], [2, 21, 3, 22], [4, 11, 5, 12], [6, 10, 7, 9], [8, 15, 9, 16], [10, 1, 11, 2], [12, 19, 13, 20], [14, 18, 15, 17], [16, 7, 17, 8], [18, 23, 19, 24], [20, 3, 21, 4]]"
12a_0472_52,"[[20, 3, 21, 4], [22, 13, 23, 14], [24, 5, 1, 6], [2, 21, 3, 22], [4, 11, 5, 12], [6, 10, 7, 9], [8, 15, 9, 16], [10, 1, 11, 2], [12, 19, 13, 20], [14, 18, 15, 17], [16, 7, 17, 8], [18, 23, 19, 24]]"
12a_0472_53,"[[18, 23, 19, 24], [20, 3, 21, 4], [22, 13, 23, 14], [24, 5, 1, 6], [2, 21, 3, 22], [4, 11, 5, 12], [6, 10, 7, 9], [8, 15, 9, 16], [10, 1, 11, 2], [12, 19, 13, 20], [14, 18, 15, 17], [16, 7, 17, 8]]"
12a_0472_54,"[[16, 7, 17, 8], [18, 23, 19, 24], [20, 3, 21, 4], [22, 13, 23, 14], [24, 5, 1, 6], [2, 21, 3, 22], [4, 11, 5, 12], [6, 10, 7, 9], [8, 15, 9, 16], [10, 1, 11, 2], [12, 19, 13, 20], [14, 18, 15, 17]]"
12a_0472_55,"[[14, 18, 15, 17], [16, 7, 17, 8], [18, 23, 19, 24], [20, 3, 21, 4], [22, 13, 23, 14], [24, 5, 1, 6], [2, 21, 3, 22], [4, 11, 5, 12], [6, 10, 7, 9], [8, 15, 9, 16], [10, 1, 11, 2], [12, 19, 13, 20]]"
12a_0472_56,"[[12, 19, 13, 20], [14, 18, 15, 17], [16, 7, 17, 8], [18, 23, 19, 24], [20, 3, 21, 4], [22, 13, 23, 14], [24, 5, 1, 6], [2, 21, 3, 22], [4, 11, 5, 12], [6, 10, 7, 9], [8, 15, 9, 16], [10, 1, 11, 2]]"
12a_0472_57,"[[10, 1, 11, 2], [12, 19, 13, 20], [14, 18, 15, 17], [16, 7, 17, 8], [18, 23, 19, 24], [20, 3, 21, 4], [22, 13, 23, 14], [24, 5, 1, 6], [2, 21, 3, 22], [4, 11, 5, 12], [6, 10, 7, 9], [8, 15, 9, 16]]"
12a_0472_58,"[[8, 15, 9, 16], [10, 1, 11, 2], [12, 19, 13, 20], [14, 18, 15, 17], [16, 7, 17, 8], [18, 23, 19, 24], [20, 3, 21, 4], [22, 13, 23, 14], [24, 5, 1, 6], [2, 21, 3, 22], [4, 11, 5, 12], [6, 10, 7, 9]]"
12a_0472_59,"[[6, 10, 7, 9], [8, 15, 9, 16], [10, 1, 11, 2], [12, 19, 13, 20], [14, 18, 15, 17], [16, 7, 17, 8], [18, 23, 19, 24], [20, 3, 21, 4], [22, 13, 23, 14], [24, 5, 1, 6], [2, 21, 3, 22], [4, 11, 5, 12]]"
12a_0472_60,"[[5, 12, 6, 13], [7, 11, 8, 10], [9, 16, 10, 17], [11, 2, 12, 3], [13, 20, 14, 21], [15, 19, 16, 18], [17, 8, 18, 9], [19, 24, 20, 1], [21, 4, 22, 5], [23, 14, 24, 15], [1, 6, 2, 7], [3, 22, 4, 23]]"
12a_0472_61,"[[3, 22, 4, 23], [5, 12, 6, 13], [7, 11, 8, 10], [9, 16, 10, 17], [11, 2, 12, 3], [13, 20, 14, 21], [15, 19, 16, 18], [17, 8, 18, 9], [19, 24, 20, 1], [21, 4, 22, 5], [23, 14, 24, 15], [1, 6, 2, 7]]"
12a_0472_62,"[[1, 6, 2, 7], [3, 22, 4, 23], [5, 12, 6, 13], [7, 11, 8, 10], [9, 16, 10, 17], [11, 2, 12, 3], [13, 20, 14, 21], [15, 19, 16, 18], [17, 8, 18, 9], [19, 24, 20, 1], [21, 4, 22, 5], [23, 14, 24, 15]]"
12a_0472_63,"[[23, 14, 24, 15], [1, 6, 2, 7], [3, 22, 4, 23], [5, 12, 6, 13], [7, 11, 8, 10], [9, 16, 10, 17], [11, 2, 12, 3], [13, 20, 14, 21], [15, 19, 16, 18], [17, 8, 18, 9], [19, 24, 20, 1], [21, 4, 22, 5]]"
12a_0472_64,"[[21, 4, 22, 5], [23, 14, 24, 15], [1, 6, 2, 7], [3, 22, 4, 23], [5, 12, 6, 13], [7, 11, 8, 10], [9, 16, 10, 17], [11, 2, 12, 3], [13, 20, 14, 21], [15, 19, 16, 18], [17, 8, 18, 9], [19, 24, 20, 1]]"
12a_0472_65,"[[19, 24, 20, 1], [21, 4, 22, 5], [23, 14, 24, 15], [1, 6, 2, 7], [3, 22, 4, 23], [5, 12, 6, 13], [7, 11, 8, 10], [9, 16, 10, 17], [11, 2, 12, 3], [13, 20, 14, 21], [15, 19, 16, 18], [17, 8, 18, 9]]"
12a_0472_66,"[[17, 8, 18, 9], [19, 24, 20, 1], [21, 4, 22, 5], [23, 14, 24, 15], [1, 6, 2, 7], [3, 22, 4, 23], [5, 12, 6, 13], [7, 11, 8, 10], [9, 16, 10, 17], [11, 2, 12, 3], [13, 20, 14, 21], [15, 19, 16, 18]]"
12a_0472_67,"[[15, 19, 16, 18], [17, 8, 18, 9], [19, 24, 20, 1], [21, 4, 22, 5], [23, 14, 24, 15], [1, 6, 2, 7], [3, 22, 4, 23], [5, 12, 6, 13], [7, 11, 8, 10], [9, 16, 10, 17], [11, 2, 12, 3], [13, 20, 14, 21]]"
12a_0472_68,"[[13, 20, 14, 21], [15, 19, 16, 18], [17, 8, 18, 9], [19, 24, 20, 1], [21, 4, 22, 5], [23, 14, 24, 15], [1, 6, 2, 7], [3, 22, 4, 23], [5, 12, 6, 13], [7, 11, 8, 10], [9, 16, 10, 17], [11, 2, 12, 3]]"
12a_0472_69,"[[11, 2, 12, 3], [13, 20, 14, 21], [15, 19, 16, 18], [17, 8, 18, 9], [19, 24, 20, 1], [21, 4, 22, 5], [23, 14, 24, 15], [1, 6, 2, 7], [3, 22, 4, 23], [5, 12, 6, 13], [7, 11, 8, 10], [9, 16, 10, 17]]"
12a_0472_70,"[[9, 16, 10, 17], [11, 2, 12, 3], [13, 20, 14, 21], [15, 19, 16, 18], [17, 8, 18, 9], [19, 24, 20, 1], [21, 4, 22, 5], [23, 14, 24, 15], [1, 6, 2, 7], [3, 22, 4, 23], [5, 12, 6, 13], [7, 11, 8, 10]]"
12a_0472_71,"[[7, 11, 8, 10], [9, 16, 10, 17], [11, 2, 12, 3], [13, 20, 14, 21], [15, 19, 16, 18], [17, 8, 18, 9], [19, 24, 20, 1], [21, 4, 22, 5], [23, 14, 24, 15], [1, 6, 2, 7], [3, 22, 4, 23], [5, 12, 6, 13]]"
12a_0472_72,"[[6, 13, 7, 14], [8, 12, 9, 11], [10, 17, 11, 18], [12, 3, 13, 4], [14, 21, 15, 22], [16, 20, 17, 19], [18, 9, 19, 10], [20, 1, 21, 2], [22, 5, 23, 6], [24, 15, 1, 16], [2, 7, 3, 8], [4, 23, 5, 24]]"
12a_0472_73,"[[4, 23, 5, 24], [6, 13, 7, 14], [8, 12, 9, 11], [10, 17, 11, 18], [12, 3, 13, 4], [14, 21, 15, 22], [16, 20, 17, 19], [18, 9, 19, 10], [20, 1, 21, 2], [22, 5, 23, 6], [24, 15, 1, 16], [2, 7, 3, 8]]"
12a_0472_74,"[[2, 7, 3, 8], [4, 23, 5, 24], [6, 13, 7, 14], [8, 12, 9, 11], [10, 17, 11, 18], [12, 3, 13, 4], [14, 21, 15, 22], [16, 20, 17, 19], [18, 9, 19, 10], [20, 1, 21, 2], [22, 5, 23, 6], [24, 15, 1, 16]]"
12a_0472_75,"[[24, 15, 1, 16], [2, 7, 3, 8], [4, 23, 5, 24], [6, 13, 7, 14], [8, 12, 9, 11], [10, 17, 11, 18], [12, 3, 13, 4], [14, 21, 15, 22], [16, 20, 17, 19], [18, 9, 19, 10], [20, 1, 21, 2], [22, 5, 23, 6]]"
12a_0472_76,"[[22, 5, 23, 6], [24, 15, 1, 16], [2, 7, 3, 8], [4, 23, 5, 24], [6, 13, 7, 14], [8, 12, 9, 11], [10, 17, 11, 18], [12, 3, 13, 4], [14, 21, 15, 22], [16, 20, 17, 19], [18, 9, 19, 10], [20, 1, 21, 2]]"
12a_0472_77,"[[20, 1, 21, 2], [22, 5, 23, 6], [24, 15, 1, 16], [2, 7, 3, 8], [4, 23, 5, 24], [6, 13, 7, 14], [8, 12, 9, 11], [10, 17, 11, 18], [12, 3, 13, 4], [14, 21, 15, 22], [16, 20, 17, 19], [18, 9, 19, 10]]"
12a_0472_78,"[[18, 9, 19, 10], [20, 1, 21, 2], [22, 5, 23, 6], [24, 15, 1, 16], [2, 7, 3, 8], [4, 23, 5, 24], [6, 13, 7, 14], [8, 12, 9, 11], [10, 17, 11, 18], [12, 3, 13, 4], [14, 21, 15, 22], [16, 20, 17, 19]]"
12a_0472_79,"[[16, 20, 17, 19], [18, 9, 19, 10], [20, 1, 21, 2], [22, 5, 23, 6], [24, 15, 1, 16], [2, 7, 3, 8], [4, 23, 5, 24], [6, 13, 7, 14], [8, 12, 9, 11], [10, 17, 11, 18], [12, 3, 13, 4], [14, 21, 15, 22]]"
12a_0472_80,"[[14, 21, 15, 22], [16, 20, 17, 19], [18, 9, 19, 10], [20, 1, 21, 2], [22, 5, 23, 6], [24, 15, 1, 16], [2, 7, 3, 8], [4, 23, 5, 24], [6, 13, 7, 14], [8, 12, 9, 11], [10, 17, 11, 18], [12, 3, 13, 4]]"
12a_0472_81,"[[12, 3, 13, 4], [14, 21, 15, 22], [16, 20, 17, 19], [18, 9, 19, 10], [20, 1, 21, 2], [22, 5, 23, 6], [24, 15, 1, 16], [2, 7, 3, 8], [4, 23, 5, 24], [6, 13, 7, 14], [8, 12, 9, 11], [10, 17, 11, 18]]"
12a_0472_82,"[[10, 17, 11, 18], [12, 3, 13, 4], [14, 21, 15, 22], [16, 20, 17, 19], [18, 9, 19, 10], [20, 1, 21, 2], [22, 5, 23, 6], [24, 15, 1, 16], [2, 7, 3, 8], [4, 23, 5, 24], [6, 13, 7, 14], [8, 12, 9, 11]]"
12a_0472_83,"[[8, 12, 9, 11], [10, 17, 11, 18], [12, 3, 13, 4], [14, 21, 15, 22], [16, 20, 17, 19], [18, 9, 19, 10], [20, 1, 21, 2], [22, 5, 23, 6], [24, 15, 1, 16], [2, 7, 3, 8], [4, 23, 5, 24], [6, 13, 7, 14]]"
12a_0472_84,"[[7, 14, 8, 15], [9, 13, 10, 12], [11, 18, 12, 19], [13, 4, 14, 5], [15, 22, 16, 23], [17, 21, 18, 20], [19, 10, 20, 11], [21, 2, 22, 3], [23, 6, 24, 7], [1, 16, 2, 17], [3, 8, 4, 9], [5, 24, 6, 1]]"
12a_0472_85,"[[5, 24, 6, 1], [7, 14, 8, 15], [9, 13, 10, 12], [11, 18, 12, 19], [13, 4, 14, 5], [15, 22, 16, 23], [17, 21, 18, 20], [19, 10, 20, 11], [21, 2, 22, 3], [23, 6, 24, 7], [1, 16, 2, 17], [3, 8, 4, 9]]"
12a_0472_86,"[[3, 8, 4, 9], [5, 24, 6, 1], [7, 14, 8, 15], [9, 13, 10, 12], [11, 18, 12, 19], [13, 4, 14, 5], [15, 22, 16, 23], [17, 21, 18, 20], [19, 10, 20, 11], [21, 2, 22, 3], [23, 6, 24, 7], [1, 16, 2, 17]]"
12a_0472_87,"[[1, 16, 2, 17], [3, 8, 4, 9], [5, 24, 6, 1], [7, 14, 8, 15], [9, 13, 10, 12], [11, 18, 12, 19], [13, 4, 14, 5], [15, 22, 16, 23], [17, 21, 18, 20], [19, 10, 20, 11], [21, 2, 22, 3], [23, 6, 24, 7]]"
12a_0472_88,"[[23, 6, 24, 7], [1, 16, 2, 17], [3, 8, 4, 9], [5, 24, 6, 1], [7, 14, 8, 15], [9, 13, 10, 12], [11, 18, 12, 19], [13, 4, 14, 5], [15, 22, 16, 23], [17, 21, 18, 20], [19, 10, 20, 11], [21, 2, 22, 3]]"
12a_0472_89,"[[21, 2, 22, 3], [23, 6, 24, 7], [1, 16, 2, 17], [3, 8, 4, 9], [5, 24, 6, 1], [7, 14, 8, 15], [9, 13, 10, 12], [11, 18, 12, 19], [13, 4, 14, 5], [15, 22, 16, 23], [17, 21, 18, 20], [19, 10, 20, 11]]"
12a_0472_90,"[[19, 10, 20, 11], [21, 2, 22, 3], [23, 6, 24, 7], [1, 16, 2, 17], [3, 8, 4, 9], [5, 24, 6, 1], [7, 14, 8, 15], [9, 13, 10, 12], [11, 18, 12, 19], [13, 4, 14, 5], [15, 22, 16, 23], [17, 21, 18, 20]]"
12a_0472_91,"[[17, 21, 18, 20], [19, 10, 20, 11], [21, 2, 22, 3], [23, 6, 24, 7], [1, 16, 2, 17], [3, 8, 4, 9], [5, 24, 6, 1], [7, 14, 8, 15], [9, 13, 10, 12], [11, 18, 12, 19], [13, 4, 14, 5], [15, 22, 16, 23]]"
12a_0472_92,"[[15, 22, 16, 23], [17, 21, 18, 20], [19, 10, 20, 11], [21, 2, 22, 3], [23, 6, 24, 7], [1, 16, 2, 17], [3, 8, 4, 9], [5, 24, 6, 1], [7, 14, 8, 15], [9, 13, 10, 12], [11, 18, 12, 19], [13, 4, 14, 5]]"
12a_0472_93,"[[13, 4, 14, 5], [15, 22, 16, 23], [17, 21, 18, 20], [19, 10, 20, 11], [21, 2, 22, 3], [23, 6, 24, 7], [1, 16, 2, 17], [3, 8, 4, 9], [5, 24, 6, 1], [7, 14, 8, 15], [9, 13, 10, 12], [11, 18, 12, 19]]"
12a_0472_94,"[[11, 18, 12, 19], [13, 4, 14, 5], [15, 22, 16, 23], [17, 21, 18, 20], [19, 10, 20, 11], [21, 2, 22, 3], [23, 6, 24, 7], [1, 16, 2, 17], [3, 8, 4, 9], [5, 24, 6, 1], [7, 14, 8, 15], [9, 13, 10, 12]]"
12a_0472_95,"[[9, 13, 10, 12], [11, 18, 12, 19], [13, 4, 14, 5], [15, 22, 16, 23], [17, 21, 18, 20], [19, 10, 20, 11], [21, 2, 22, 3], [23, 6, 24, 7], [1, 16, 2, 17], [3, 8, 4, 9], [5, 24, 6, 1], [7, 14, 8, 15]]"
12a_0472_96,"[[8, 15, 9, 16], [10, 14, 11, 13], [12, 19, 13, 20], [14, 5, 15, 6], [16, 23, 17, 24], [18, 22, 19, 21], [20, 11, 21, 12], [22, 3, 23, 4], [24, 7, 1, 8], [2, 17, 3, 18], [4, 9, 5, 10], [6, 1, 7, 2]]"
12a_0472_97,"[[6, 1, 7, 2], [8, 15, 9, 16], [10, 14, 11, 13], [12, 19, 13, 20], [14, 5, 15, 6], [16, 23, 17, 24], [18, 22, 19, 21], [20, 11, 21, 12], [22, 3, 23, 4], [24, 7, 1, 8], [2, 17, 3, 18], [4, 9, 5, 10]]"
12a_0472_98,"[[4, 9, 5, 10], [6, 1, 7, 2], [8, 15, 9, 16], [10, 14, 11, 13], [12, 19, 13, 20], [14, 5, 15, 6], [16, 23, 17, 24], [18, 22, 19, 21], [20, 11, 21, 12], [22, 3, 23, 4], [24, 7, 1, 8], [2, 17, 3, 18]]"
12a_0472_99,"[[2, 17, 3, 18], [4, 9, 5, 10], [6, 1, 7, 2], [8, 15, 9, 16], [10, 14, 11, 13], [12, 19, 13, 20], [14, 5, 15, 6], [16, 23, 17, 24], [18, 22, 19, 21], [20, 11, 21, 12], [22, 3, 23, 4], [24, 7, 1, 8]]"
12a_0472_100,"[[24, 7, 1, 8], [2, 17, 3, 18], [4, 9, 5, 10], [6, 1, 7, 2], [8, 15, 9, 16], [10, 14, 11, 13], [12, 19, 13, 20], [14, 5, 15, 6], [16, 23, 17, 24], [18, 22, 19, 21], [20, 11, 21, 12], [22, 3, 23, 4]]"
12a_0472_101,"[[22, 3, 23, 4], [24, 7, 1, 8], [2, 17, 3, 18], [4, 9, 5, 10], [6, 1, 7, 2], [8, 15, 9, 16], [10, 14, 11, 13], [12, 19, 13, 20], [14, 5, 15, 6], [16, 23, 17, 24], [18, 22, 19, 21], [20, 11, 21, 12]]"
12a_0472_102,"[[20, 11, 21, 12], [22, 3, 23, 4], [24, 7, 1, 8], [2, 17, 3, 18], [4, 9, 5, 10], [6, 1, 7, 2], [8, 15, 9, 16], [10, 14, 11, 13], [12, 19, 13, 20], [14, 5, 15, 6], [16, 23, 17, 24], [18, 22, 19, 21]]"
12a_0472_103,"[[18, 22, 19, 21], [20, 11, 21, 12], [22, 3, 23, 4], [24, 7, 1, 8], [2, 17, 3, 18], [4, 9, 5, 10], [6, 1, 7, 2], [8, 15, 9, 16], [10, 14, 11, 13], [12, 19, 13, 20], [14, 5, 15, 6], [16, 23, 17, 24]]"
12a_0472_104,"[[16, 23, 17, 24], [18, 22, 19, 21], [20, 11, 21, 12], [22, 3, 23, 4], [24, 7, 1, 8], [2, 17, 3, 18], [4, 9, 5, 10], [6, 1, 7, 2], [8, 15, 9, 16], [10, 14, 11, 13], [12, 19, 13, 20], [14, 5, 15, 6]]"
12a_0472_105,"[[14, 5, 15, 6], [16, 23, 17, 24], [18, 22, 19, 21], [20, 11, 21, 12], [22, 3, 23, 4], [24, 7, 1, 8], [2, 17, 3, 18], [4, 9, 5, 10], [6, 1, 7, 2], [8, 15, 9, 16], [10, 14, 11, 13], [12, 19, 13, 20]]"
12a_0472_106,"[[12, 19, 13, 20], [14, 5, 15, 6], [16, 23, 17, 24], [18, 22, 19, 21], [20, 11, 21, 12], [22, 3, 23, 4], [24, 7, 1, 8], [2, 17, 3, 18], [4, 9, 5, 10], [6, 1, 7, 2], [8, 15, 9, 16], [10, 14, 11, 13]]"
12a_0472_107,"[[10, 14, 11, 13], [12, 19, 13, 20], [14, 5, 15, 6], [16, 23, 17, 24], [18, 22, 19, 21], [20, 11, 21, 12], [22, 3, 23, 4], [24, 7, 1, 8], [2, 17, 3, 18], [4, 9, 5, 10], [6, 1, 7, 2], [8, 15, 9, 16]]"
12a_0472_108,"[[9, 16, 10, 17], [11, 15, 12, 14], [13, 20, 14, 21], [15, 6, 16, 7], [17, 24, 18, 1], [19, 23, 20, 22], [21, 12, 22, 13], [23, 4, 24, 5], [1, 8, 2, 9], [3, 18, 4, 19], [5, 10, 6, 11], [7, 2, 8, 3]]"
12a_0472_109,"[[7, 2, 8, 3], [9, 16, 10, 17], [11, 15, 12, 14], [13, 20, 14, 21], [15, 6, 16, 7], [17, 24, 18, 1], [19, 23, 20, 22], [21, 12, 22, 13], [23, 4, 24, 5], [1, 8, 2, 9], [3, 18, 4, 19], [5, 10, 6, 11]]"
12a_0472_110,"[[5, 10, 6, 11], [7, 2, 8, 3], [9, 16, 10, 17], [11, 15, 12, 14], [13, 20, 14, 21], [15, 6, 16, 7], [17, 24, 18, 1], [19, 23, 20, 22], [21, 12, 22, 13], [23, 4, 24, 5], [1, 8, 2, 9], [3, 18, 4, 19]]"
12a_0472_111,"[[3, 18, 4, 19], [5, 10, 6, 11], [7, 2, 8, 3], [9, 16, 10, 17], [11, 15, 12, 14], [13, 20, 14, 21], [15, 6, 16, 7], [17, 24, 18, 1], [19, 23, 20, 22], [21, 12, 22, 13], [23, 4, 24, 5], [1, 8, 2, 9]]"
12a_0472_112,"[[1, 8, 2, 9], [3, 18, 4, 19], [5, 10, 6, 11], [7, 2, 8, 3], [9, 16, 10, 17], [11, 15, 12, 14], [13, 20, 14, 21], [15, 6, 16, 7], [17, 24, 18, 1], [19, 23, 20, 22], [21, 12, 22, 13], [23, 4, 24, 5]]"
12a_0472_113,"[[23, 4, 24, 5], [1, 8, 2, 9], [3, 18, 4, 19], [5, 10, 6, 11], [7, 2, 8, 3], [9, 16, 10, 17], [11, 15, 12, 14], [13, 20, 14, 21], [15, 6, 16, 7], [17, 24, 18, 1], [19, 23, 20, 22], [21, 12, 22, 13]]"
12a_0472_114,"[[21, 12, 22, 13], [23, 4, 24, 5], [1, 8, 2, 9], [3, 18, 4, 19], [5, 10, 6, 11], [7, 2, 8, 3], [9, 16, 10, 17], [11, 15, 12, 14], [13, 20, 14, 21], [15, 6, 16, 7], [17, 24, 18, 1], [19, 23, 20, 22]]"
12a_0472_115,"[[19, 23, 20, 22], [21, 12, 22, 13], [23, 4, 24, 5], [1, 8, 2, 9], [3, 18, 4, 19], [5, 10, 6, 11], [7, 2, 8, 3], [9, 16, 10, 17], [11, 15, 12, 14], [13, 20, 14, 21], [15, 6, 16, 7], [17, 24, 18, 1]]"
12a_0472_116,"[[17, 24, 18, 1], [19, 23, 20, 22], [21, 12, 22, 13], [23, 4, 24, 5], [1, 8, 2, 9], [3, 18, 4, 19], [5, 10, 6, 11], [7, 2, 8, 3], [9, 16, 10, 17], [11, 15, 12, 14], [13, 20, 14, 21], [15, 6, 16, 7]]"
12a_0472_117,"[[15, 6, 16, 7], [17, 24, 18, 1], [19, 23, 20, 22], [21, 12, 22, 13], [23, 4, 24, 5], [1, 8, 2, 9], [3, 18, 4, 19], [5, 10, 6, 11], [7, 2, 8, 3], [9, 16, 10, 17], [11, 15, 12, 14], [13, 20, 14, 21]]"
12a_0472_118,"[[13, 20, 14, 21], [15, 6, 16, 7], [17, 24, 18, 1], [19, 23, 20, 22], [21, 12, 22, 13], [23, 4, 24, 5], [1, 8, 2, 9], [3, 18, 4, 19], [5, 10, 6, 11], [7, 2, 8, 3], [9, 16, 10, 17], [11, 15, 12, 14]]"
12a_0472_119,"[[11, 15, 12, 14], [13, 20, 14, 21], [15, 6, 16, 7], [17, 24, 18, 1], [19, 23, 20, 22], [21, 12, 22, 13], [23, 4, 24, 5], [1, 8, 2, 9], [3, 18, 4, 19], [5, 10, 6, 11], [7, 2, 8, 3], [9, 16, 10, 17]]"
12a_0472_120,"[[10, 17, 11, 18], [12, 16, 13, 15], [14, 21, 15, 22], [16, 7, 17, 8], [18, 1, 19, 2], [20, 24, 21, 23], [22, 13, 23, 14], [24, 5, 1, 6], [2, 9, 3, 10], [4, 19, 5, 20], [6, 11, 7, 12], [8, 3, 9, 4]]"
12a_0472_121,"[[8, 3, 9, 4], [10, 17, 11, 18], [12, 16, 13, 15], [14, 21, 15, 22], [16, 7, 17, 8], [18, 1, 19, 2], [20, 24, 21, 23], [22, 13, 23, 14], [24, 5, 1, 6], [2, 9, 3, 10], [4, 19, 5, 20], [6, 11, 7, 12]]"
12a_0472_122,"[[6, 11, 7, 12], [8, 3, 9, 4], [10, 17, 11, 18], [12, 16, 13, 15], [14, 21, 15, 22], [16, 7, 17, 8], [18, 1, 19, 2], [20, 24, 21, 23], [22, 13, 23, 14], [24, 5, 1, 6], [2, 9, 3, 10], [4, 19, 5, 20]]"
12a_0472_123,"[[4, 19, 5, 20], [6, 11, 7, 12], [8, 3, 9, 4], [10, 17, 11, 18], [12, 16, 13, 15], [14, 21, 15, 22], [16, 7, 17, 8], [18, 1, 19, 2], [20, 24, 21, 23], [22, 13, 23, 14], [24, 5, 1, 6], [2, 9, 3, 10]]"
12a_0472_124,"[[2, 9, 3, 10], [4, 19, 5, 20], [6, 11, 7, 12], [8, 3, 9, 4], [10, 17, 11, 18], [12, 16, 13, 15], [14, 21, 15, 22], [16, 7, 17, 8], [18, 1, 19, 2], [20, 24, 21, 23], [22, 13, 23, 14], [24, 5, 1, 6]]"
12a_0472_125,"[[24, 5, 1, 6], [2, 9, 3, 10], [4, 19, 5, 20], [6, 11, 7, 12], [8, 3, 9, 4], [10, 17, 11, 18], [12, 16, 13, 15], [14, 21, 15, 22], [16, 7, 17, 8], [18, 1, 19, 2], [20, 24, 21, 23], [22, 13, 23, 14]]"
12a_0472_126,"[[22, 13, 23, 14], [24, 5, 1, 6], [2, 9, 3, 10], [4, 19, 5, 20], [6, 11, 7, 12], [8, 3, 9, 4], [10, 17, 11, 18], [12, 16, 13, 15], [14, 21, 15, 22], [16, 7, 17, 8], [18, 1, 19, 2], [20, 24, 21, 23]]"
12a_0472_127,"[[20, 24, 21, 23], [22, 13, 23, 14], [24, 5, 1, 6], [2, 9, 3, 10], [4, 19, 5, 20], [6, 11, 7, 12], [8, 3, 9, 4], [10, 17, 11, 18], [12, 16, 13, 15], [14, 21, 15, 22], [16, 7, 17, 8], [18, 1, 19, 2]]"
12a_0472_128,"[[18, 1, 19, 2], [20, 24, 21, 23], [22, 13, 23, 14], [24, 5, 1, 6], [2, 9, 3, 10], [4, 19, 5, 20], [6, 11, 7, 12], [8, 3, 9, 4], [10, 17, 11, 18], [12, 16, 13, 15], [14, 21, 15, 22], [16, 7, 17, 8]]"
12a_0472_129,"[[16, 7, 17, 8], [18, 1, 19, 2], [20, 24, 21, 23], [22, 13, 23, 14], [24, 5, 1, 6], [2, 9, 3, 10], [4, 19, 5, 20], [6, 11, 7, 12], [8, 3, 9, 4], [10, 17, 11, 18], [12, 16, 13, 15], [14, 21, 15, 22]]"
12a_0472_130,"[[14, 21, 15, 22], [16, 7, 17, 8], [18, 1, 19, 2], [20, 24, 21, 23], [22, 13, 23, 14], [24, 5, 1, 6], [2, 9, 3, 10], [4, 19, 5, 20], [6, 11, 7, 12], [8, 3, 9, 4], [10, 17, 11, 18], [12, 16, 13, 15]]"
12a_0472_131,"[[12, 16, 13, 15], [14, 21, 15, 22], [16, 7, 17, 8], [18, 1, 19, 2], [20, 24, 21, 23], [22, 13, 23, 14], [24, 5, 1, 6], [2, 9, 3, 10], [4, 19, 5, 20], [6, 11, 7, 12], [8, 3, 9, 4], [10, 17, 11, 18]]"
12a_0472_132,"[[11, 18, 12, 19], [13, 17, 14, 16], [15, 22, 16, 23], [17, 8, 18, 9], [19, 2, 20, 3], [21, 1, 22, 24], [23, 14, 24, 15], [1, 6, 2, 7], [3, 10, 4, 11], [5, 20, 6, 21], [7, 12, 8, 13], [9, 4, 10, 5]]"
12a_0472_133,"[[9, 4, 10, 5], [11, 18, 12, 19], [13, 17, 14, 16], [15, 22, 16, 23], [17, 8, 18, 9], [19, 2, 20, 3], [21, 1, 22, 24], [23, 14, 24, 15], [1, 6, 2, 7], [3, 10, 4, 11], [5, 20, 6, 21], [7, 12, 8, 13]]"
12a_0472_134,"[[7, 12, 8, 13], [9, 4, 10, 5], [11, 18, 12, 19], [13, 17, 14, 16], [15, 22, 16, 23], [17, 8, 18, 9], [19, 2, 20, 3], [21, 1, 22, 24], [23, 14, 24, 15], [1, 6, 2, 7], [3, 10, 4, 11], [5, 20, 6, 21]]"
12a_0472_135,"[[5, 20, 6, 21], [7, 12, 8, 13], [9, 4, 10, 5], [11, 18, 12, 19], [13, 17, 14, 16], [15, 22, 16, 23], [17, 8, 18, 9], [19, 2, 20, 3], [21, 1, 22, 24], [23, 14, 24, 15], [1, 6, 2, 7], [3, 10, 4, 11]]"
12a_0472_136,"[[3, 10, 4, 11], [5, 20, 6, 21], [7, 12, 8, 13], [9, 4, 10, 5], [11, 18, 12, 19], [13, 17, 14, 16], [15, 22, 16, 23], [17, 8, 18, 9], [19, 2, 20, 3], [21, 1, 22, 24], [23, 14, 24, 15], [1, 6, 2, 7]]"
12a_0472_137,"[[1, 6, 2, 7], [3, 10, 4, 11], [5, 20, 6, 21], [7, 12, 8, 13], [9, 4, 10, 5], [11, 18, 12, 19], [13, 17, 14, 16], [15, 22, 16, 23], [17, 8, 18, 9], [19, 2, 20, 3], [21, 1, 22, 24], [23, 14, 24, 15]]"
12a_0472_138,"[[23, 14, 24, 15], [1, 6, 2, 7], [3, 10, 4, 11], [5, 20, 6, 21], [7, 12, 8, 13], [9, 4, 10, 5], [11, 18, 12, 19], [13, 17, 14, 16], [15, 22, 16, 23], [17, 8, 18, 9], [19, 2, 20, 3], [21, 1, 22, 24]]"
12a_0472_139,"[[21, 1, 22, 24], [23, 14, 24, 15], [1, 6, 2, 7], [3, 10, 4, 11], [5, 20, 6, 21], [7, 12, 8, 13], [9, 4, 10, 5], [11, 18, 12, 19], [13, 17, 14, 16], [15, 22, 16, 23], [17, 8, 18, 9], [19, 2, 20, 3]]"
12a_0472_140,"[[19, 2, 20, 3], [21, 1, 22, 24], [23, 14, 24, 15], [1, 6, 2, 7], [3, 10, 4, 11], [5, 20, 6, 21], [7, 12, 8, 13], [9, 4, 10, 5], [11, 18, 12, 19], [13, 17, 14, 16], [15, 22, 16, 23], [17, 8, 18, 9]]"
12a_0472_141,"[[17, 8, 18, 9], [19, 2, 20, 3], [21, 1, 22, 24], [23, 14, 24, 15], [1, 6, 2, 7], [3, 10, 4, 11], [5, 20, 6, 21], [7, 12, 8, 13], [9, 4, 10, 5], [11, 18, 12, 19], [13, 17, 14, 16], [15, 22, 16, 23]]"
12a_0472_142,"[[15, 22, 16, 23], [17, 8, 18, 9], [19, 2, 20, 3], [21, 1, 22, 24], [23, 14, 24, 15], [1, 6, 2, 7], [3, 10, 4, 11], [5, 20, 6, 21], [7, 12, 8, 13], [9, 4, 10, 5], [11, 18, 12, 19], [13, 17, 14, 16]]"
12a_0472_143,"[[13, 17, 14, 16], [15, 22, 16, 23], [17, 8, 18, 9], [19, 2, 20, 3], [21, 1, 22, 24], [23, 14, 24, 15], [1, 6, 2, 7], [3, 10, 4, 11], [5, 20, 6, 21], [7, 12, 8, 13], [9, 4, 10, 5], [11, 18, 12, 19]]"
12a_0472_144,"[[12, 19, 13, 20], [14, 18, 15, 17], [16, 23, 17, 24], [18, 9, 19, 10], [20, 3, 21, 4], [22, 2, 23, 1], [24, 15, 1, 16], [2, 7, 3, 8], [4, 11, 5, 12], [6, 21, 7, 22], [8, 13, 9, 14], [10, 5, 11, 6]]"
12a_0472_145,"[[10, 5, 11, 6], [12, 19, 13, 20], [14, 18, 15, 17], [16, 23, 17, 24], [18, 9, 19, 10], [20, 3, 21, 4], [22, 2, 23, 1], [24, 15, 1, 16], [2, 7, 3, 8], [4, 11, 5, 12], [6, 21, 7, 22], [8, 13, 9, 14]]"
12a_0472_146,"[[8, 13, 9, 14], [10, 5, 11, 6], [12, 19, 13, 20], [14, 18, 15, 17], [16, 23, 17, 24], [18, 9, 19, 10], [20, 3, 21, 4], [22, 2, 23, 1], [24, 15, 1, 16], [2, 7, 3, 8], [4, 11, 5, 12], [6, 21, 7, 22]]"
12a_0472_147,"[[6, 21, 7, 22], [8, 13, 9, 14], [10, 5, 11, 6], [12, 19, 13, 20], [14, 18, 15, 17], [16, 23, 17, 24], [18, 9, 19, 10], [20, 3, 21, 4], [22, 2, 23, 1], [24, 15, 1, 16], [2, 7, 3, 8], [4, 11, 5, 12]]"
12a_0472_148,"[[4, 11, 5, 12], [6, 21, 7, 22], [8, 13, 9, 14], [10, 5, 11, 6], [12, 19, 13, 20], [14, 18, 15, 17], [16, 23, 17, 24], [18, 9, 19, 10], [20, 3, 21, 4], [22, 2, 23, 1], [24, 15, 1, 16], [2, 7, 3, 8]]"
12a_0472_149,"[[2, 7, 3, 8], [4, 11, 5, 12], [6, 21, 7, 22], [8, 13, 9, 14], [10, 5, 11, 6], [12, 19, 13, 20], [14, 18, 15, 17], [16, 23, 17, 24], [18, 9, 19, 10], [20, 3, 21, 4], [22, 2, 23, 1], [24, 15, 1, 16]]"
12a_0472_150,"[[24, 15, 1, 16], [2, 7, 3, 8], [4, 11, 5, 12], [6, 21, 7, 22], [8, 13, 9, 14], [10, 5, 11, 6], [12, 19, 13, 20], [14, 18, 15, 17], [16, 23, 17, 24], [18, 9, 19, 10], [20, 3, 21, 4], [22, 2, 23, 1]]"
12a_0472_151,"[[22, 2, 23, 1], [24, 15, 1, 16], [2, 7, 3, 8], [4, 11, 5, 12], [6, 21, 7, 22], [8, 13, 9, 14], [10, 5, 11, 6], [12, 19, 13, 20], [14, 18, 15, 17], [16, 23, 17, 24], [18, 9, 19, 10], [20, 3, 21, 4]]"
12a_0472_152,"[[20, 3, 21, 4], [22, 2, 23, 1], [24, 15, 1, 16], [2, 7, 3, 8], [4, 11, 5, 12], [6, 21, 7, 22], [8, 13, 9, 14], [10, 5, 11, 6], [12, 19, 13, 20], [14, 18, 15, 17], [16, 23, 17, 24], [18, 9, 19, 10]]"
12a_0472_153,"[[18, 9, 19, 10], [20, 3, 21, 4], [22, 2, 23, 1], [24, 15, 1, 16], [2, 7, 3, 8], [4, 11, 5, 12], [6, 21, 7, 22], [8, 13, 9, 14], [10, 5, 11, 6], [12, 19, 13, 20], [14, 18, 15, 17], [16, 23, 17, 24]]"
12a_0472_154,"[[16, 23, 17, 24], [18, 9, 19, 10], [20, 3, 21, 4], [22, 2, 23, 1], [24, 15, 1, 16], [2, 7, 3, 8], [4, 11, 5, 12], [6, 21, 7, 22], [8, 13, 9, 14], [10, 5, 11, 6], [12, 19, 13, 20], [14, 18, 15, 17]]"
12a_0472_155,"[[14, 18, 15, 17], [16, 23, 17, 24], [18, 9, 19, 10], [20, 3, 21, 4], [22, 2, 23, 1], [24, 15, 1, 16], [2, 7, 3, 8], [4, 11, 5, 12], [6, 21, 7, 22], [8, 13, 9, 14], [10, 5, 11, 6], [12, 19, 13, 20]]"
12a_0472_156,"[[13, 20, 14, 21], [15, 19, 16, 18], [17, 24, 18, 1], [19, 10, 20, 11], [21, 4, 22, 5], [23, 3, 24, 2], [1, 16, 2, 17], [3, 8, 4, 9], [5, 12, 6, 13], [7, 22, 8, 23], [9, 14, 10, 15], [11, 6, 12, 7]]"
12a_0472_157,"[[11, 6, 12, 7], [13, 20, 14, 21], [15, 19, 16, 18], [17, 24, 18, 1], [19, 10, 20, 11], [21, 4, 22, 5], [23, 3, 24, 2], [1, 16, 2, 17], [3, 8, 4, 9], [5, 12, 6, 13], [7, 22, 8, 23], [9, 14, 10, 15]]"
12a_0472_158,"[[9, 14, 10, 15], [11, 6, 12, 7], [13, 20, 14, 21], [15, 19, 16, 18], [17, 24, 18, 1], [19, 10, 20, 11], [21, 4, 22, 5], [23, 3, 24, 2], [1, 16, 2, 17], [3, 8, 4, 9], [5, 12, 6, 13], [7, 22, 8, 23]]"
12a_0472_159,"[[7, 22, 8, 23], [9, 14, 10, 15], [11, 6, 12, 7], [13, 20, 14, 21], [15, 19, 16, 18], [17, 24, 18, 1], [19, 10, 20, 11], [21, 4, 22, 5], [23, 3, 24, 2], [1, 16, 2, 17], [3, 8, 4, 9], [5, 12, 6, 13]]"
12a_0472_160,"[[5, 12, 6, 13], [7, 22, 8, 23], [9, 14, 10, 15], [11, 6, 12, 7], [13, 20, 14, 21], [15, 19, 16, 18], [17, 24, 18, 1], [19, 10, 20, 11], [21, 4, 22, 5], [23, 3, 24, 2], [1, 16, 2, 17], [3, 8, 4, 9]]"
12a_0472_161,"[[3, 8, 4, 9], [5, 12, 6, 13], [7, 22, 8, 23], [9, 14, 10, 15], [11, 6, 12, 7], [13, 20, 14, 21], [15, 19, 16, 18], [17, 24, 18, 1], [19, 10, 20, 11], [21, 4, 22, 5], [23, 3, 24, 2], [1, 16, 2, 17]]"
12a_0472_162,"[[1, 16, 2, 17], [3, 8, 4, 9], [5, 12, 6, 13], [7, 22, 8, 23], [9, 14, 10, 15], [11, 6, 12, 7], [13, 20, 14, 21], [15, 19, 16, 18], [17, 24, 18, 1], [19, 10, 20, 11], [21, 4, 22, 5], [23, 3, 24, 2]]"
12a_0472_163,"[[23, 3, 24, 2], [1, 16, 2, 17], [3, 8, 4, 9], [5, 12, 6, 13], [7, 22, 8, 23], [9, 14, 10, 15], [11, 6, 12, 7], [13, 20, 14, 21], [15, 19, 16, 18], [17, 24, 18, 1], [19, 10, 20, 11], [21, 4, 22, 5]]"
12a_0472_164,"[[21, 4, 22, 5], [23, 3, 24, 2], [1, 16, 2, 17], [3, 8, 4, 9], [5, 12, 6, 13], [7, 22, 8, 23], [9, 14, 10, 15], [11, 6, 12, 7], [13, 20, 14, 21], [15, 19, 16, 18], [17, 24, 18, 1], [19, 10, 20, 11]]"
12a_0472_165,"[[19, 10, 20, 11], [21, 4, 22, 5], [23, 3, 24, 2], [1, 16, 2, 17], [3, 8, 4, 9], [5, 12, 6, 13], [7, 22, 8, 23], [9, 14, 10, 15], [11, 6, 12, 7], [13, 20, 14, 21], [15, 19, 16, 18], [17, 24, 18, 1]]"
12a_0472_166,"[[17, 24, 18, 1], [19, 10, 20, 11], [21, 4, 22, 5], [23, 3, 24, 2], [1, 16, 2, 17], [3, 8, 4, 9], [5, 12, 6, 13], [7, 22, 8, 23], [9, 14, 10, 15], [11, 6, 12, 7], [13, 20, 14, 21], [15, 19, 16, 18]]"
12a_0472_167,"[[15, 19, 16, 18], [17, 24, 18, 1], [19, 10, 20, 11], [21, 4, 22, 5], [23, 3, 24, 2], [1, 16, 2, 17], [3, 8, 4, 9], [5, 12, 6, 13], [7, 22, 8, 23], [9, 14, 10, 15], [11, 6, 12, 7], [13, 20, 14, 21]]"
12a_0472_168,"[[14, 21, 15, 22], [16, 20, 17, 19], [18, 1, 19, 2], [20, 11, 21, 12], [22, 5, 23, 6], [24, 4, 1, 3], [2, 17, 3, 18], [4, 9, 5, 10], [6, 13, 7, 14], [8, 23, 9, 24], [10, 15, 11, 16], [12, 7, 13, 8]]"
12a_0472_169,"[[12, 7, 13, 8], [14, 21, 15, 22], [16, 20, 17, 19], [18, 1, 19, 2], [20, 11, 21, 12], [22, 5, 23, 6], [24, 4, 1, 3], [2, 17, 3, 18], [4, 9, 5, 10], [6, 13, 7, 14], [8, 23, 9, 24], [10, 15, 11, 16]]"
12a_0472_170,"[[10, 15, 11, 16], [12, 7, 13, 8], [14, 21, 15, 22], [16, 20, 17, 19], [18, 1, 19, 2], [20, 11, 21, 12], [22, 5, 23, 6], [24, 4, 1, 3], [2, 17, 3, 18], [4, 9, 5, 10], [6, 13, 7, 14], [8, 23, 9, 24]]"
12a_0472_171,"[[8, 23, 9, 24], [10, 15, 11, 16], [12, 7, 13, 8], [14, 21, 15, 22], [16, 20, 17, 19], [18, 1, 19, 2], [20, 11, 21, 12], [22, 5, 23, 6], [24, 4, 1, 3], [2, 17, 3, 18], [4, 9, 5, 10], [6, 13, 7, 14]]"
12a_0472_172,"[[6, 13, 7, 14], [8, 23, 9, 24], [10, 15, 11, 16], [12, 7, 13, 8], [14, 21, 15, 22], [16, 20, 17, 19], [18, 1, 19, 2], [20, 11, 21, 12], [22, 5, 23, 6], [24, 4, 1, 3], [2, 17, 3, 18], [4, 9, 5, 10]]"
12a_0472_173,"[[4, 9, 5, 10], [6, 13, 7, 14], [8, 23, 9, 24], [10, 15, 11, 16], [12, 7, 13, 8], [14, 21, 15, 22], [16, 20, 17, 19], [18, 1, 19, 2], [20, 11, 21, 12], [22, 5, 23, 6], [24, 4, 1, 3], [2, 17, 3, 18]]"
12a_0472_174,"[[2, 17, 3, 18], [4, 9, 5, 10], [6, 13, 7, 14], [8, 23, 9, 24], [10, 15, 11, 16], [12, 7, 13, 8], [14, 21, 15, 22], [16, 20, 17, 19], [18, 1, 19, 2], [20, 11, 21, 12], [22, 5, 23, 6], [24, 4, 1, 3]]"
12a_0472_175,"[[24, 4, 1, 3], [2, 17, 3, 18], [4, 9, 5, 10], [6, 13, 7, 14], [8, 23, 9, 24], [10, 15, 11, 16], [12, 7, 13, 8], [14, 21, 15, 22], [16, 20, 17, 19], [18, 1, 19, 2], [20, 11, 21, 12], [22, 5, 23, 6]]"
12a_0472_176,"[[22, 5, 23, 6], [24, 4, 1, 3], [2, 17, 3, 18], [4, 9, 5, 10], [6, 13, 7, 14], [8, 23, 9, 24], [10, 15, 11, 16], [12, 7, 13, 8], [14, 21, 15, 22], [16, 20, 17, 19], [18, 1, 19, 2], [20, 11, 21, 12]]"
12a_0472_177,"[[20, 11, 21, 12], [22, 5, 23, 6], [24, 4, 1, 3], [2, 17, 3, 18], [4, 9, 5, 10], [6, 13, 7, 14], [8, 23, 9, 24], [10, 15, 11, 16], [12, 7, 13, 8], [14, 21, 15, 22], [16, 20, 17, 19], [18, 1, 19, 2]]"
12a_0472_178,"[[18, 1, 19, 2], [20, 11, 21, 12], [22, 5, 23, 6], [24, 4, 1, 3], [2, 17, 3, 18], [4, 9, 5, 10], [6, 13, 7, 14], [8, 23, 9, 24], [10, 15, 11, 16], [12, 7, 13, 8], [14, 21, 15, 22], [16, 20, 17, 19]]"
12a_0472_179,"[[16, 20, 17, 19], [18, 1, 19, 2], [20, 11, 21, 12], [22, 5, 23, 6], [24, 4, 1, 3], [2, 17, 3, 18], [4, 9, 5, 10], [6, 13, 7, 14], [8, 23, 9, 24], [10, 15, 11, 16], [12, 7, 13, 8], [14, 21, 15, 22]]"
12a_0472_180,"[[15, 22, 16, 23], [17, 21, 18, 20], [19, 2, 20, 3], [21, 12, 22, 13], [23, 6, 24, 7], [1, 5, 2, 4], [3, 18, 4, 19], [5, 10, 6, 11], [7, 14, 8, 15], [9, 24, 10, 1], [11, 16, 12, 17], [13, 8, 14, 9]]"
12a_0472_181,"[[13, 8, 14, 9], [15, 22, 16, 23], [17, 21, 18, 20], [19, 2, 20, 3], [21, 12, 22, 13], [23, 6, 24, 7], [1, 5, 2, 4], [3, 18, 4, 19], [5, 10, 6, 11], [7, 14, 8, 15], [9, 24, 10, 1], [11, 16, 12, 17]]"
12a_0472_182,"[[11, 16, 12, 17], [13, 8, 14, 9], [15, 22, 16, 23], [17, 21, 18, 20], [19, 2, 20, 3], [21, 12, 22, 13], [23, 6, 24, 7], [1, 5, 2, 4], [3, 18, 4, 19], [5, 10, 6, 11], [7, 14, 8, 15], [9, 24, 10, 1]]"
12a_0472_183,"[[9, 24, 10, 1], [11, 16, 12, 17], [13, 8, 14, 9], [15, 22, 16, 23], [17, 21, 18, 20], [19, 2, 20, 3], [21, 12, 22, 13], [23, 6, 24, 7], [1, 5, 2, 4], [3, 18, 4, 19], [5, 10, 6, 11], [7, 14, 8, 15]]"
12a_0472_184,"[[7, 14, 8, 15], [9, 24, 10, 1], [11, 16, 12, 17], [13, 8, 14, 9], [15, 22, 16, 23], [17, 21, 18, 20], [19, 2, 20, 3], [21, 12, 22, 13], [23, 6, 24, 7], [1, 5, 2, 4], [3, 18, 4, 19], [5, 10, 6, 11]]"
12a_0472_185,"[[5, 10, 6, 11], [7, 14, 8, 15], [9, 24, 10, 1], [11, 16, 12, 17], [13, 8, 14, 9], [15, 22, 16, 23], [17, 21, 18, 20], [19, 2, 20, 3], [21, 12, 22, 13], [23, 6, 24, 7], [1, 5, 2, 4], [3, 18, 4, 19]]"
