name,pd_notation
12a_1118_0,"[[24, 15, 1, 16], [2, 8, 3, 7], [4, 13, 5, 14], [6, 24, 7, 23], [8, 21, 9, 22], [10, 19, 11, 20], [12, 17, 13, 18], [14, 5, 15, 6], [16, 1, 17, 2], [18, 11, 19, 12], [20, 9, 21, 10], [22, 4, 23, 3]]"
12a_1118_1,"[[22, 4, 23, 3], [24, 15, 1, 16], [2, 8, 3, 7], [4, 13, 5, 14], [6, 24, 7, 23], [8, 21, 9, 22], [10, 19, 11, 20], [12, 17, 13, 18], [14, 5, 15, 6], [16, 1, 17, 2], [18, 11, 19, 12], [20, 9, 21, 10]]"
12a_1118_2,"[[20, 9, 21, 10], [22, 4, 23, 3], [24, 15, 1, 16], [2, 8, 3, 7], [4, 13, 5, 14], [6, 24, 7, 23], [8, 21, 9, 22], [10, 19, 11, 20], [12, 17, 13, 18], [14, 5, 15, 6], [16, 1, 17, 2], [18, 11, 19, 12]]"
12a_1118_3,"[[18, 11, 19, 12], [20, 9, 21, 10], [22, 4, 23, 3], [24, 15, 1, 16], [2, 8, 3, 7], [4, 13, 5, 14], [6, 24, 7, 23], [8, 21, 9, 22], [10, 19, 11, 20], [12, 17, 13, 18], [14, 5, 15, 6], [16, 1, 17, 2]]"
12a_1118_4,"[[16, 1, 17, 2], [18, 11, 19, 12], [20, 9, 21, 10], [22, 4, 23, 3], [24, 15, 1, 16], [2, 8, 3, 7], [4, 13, 5, 14], [6, 24, 7, 23], [8, 21, 9, 22], [10, 19, 11, 20], [12, 17, 13, 18], [14, 5, 15, 6]]"
12a_1118_5,"[[14, 5, 15, 6], [16, 1, 17, 2], [18, 11, 19, 12], [20, 9, 21, 10], [22, 4, 23, 3], [24, 15, 1, 16], [2, 8, 3, 7], [4, 13, 5, 14], [6, 24, 7, 23], [8, 21, 9, 22], [10, 19, 11, 20], [12, 17, 13, 18]]"
12a_1118_6,"[[12, 17, 13, 18], [14, 5, 15, 6], [16, 1, 17, 2], [18, 11, 19, 12], [20, 9, 21, 10], [22, 4, 23, 3], [24, 15, 1, 16], [2, 8, 3, 7], [4, 13, 5, 14], [6, 24, 7, 23], [8, 21, 9, 22], [10, 19, 11, 20]]"
12a_1118_7,"[[10, 19, 11, 20], [12, 17, 13, 18], [14, 5, 15, 6], [16, 1, 17, 2], [18, 11, 19, 12], [20, 9, 21, 10], [22, 4, 23, 3], [24, 15, 1, 16], [2, 8, 3, 7], [4, 13, 5, 14], [6, 24, 7, 23], [8, 21, 9, 22]]"
12a_1118_8,"[[8, 21, 9, 22], [10, 19, 11, 20], [12, 17, 13, 18], [14, 5, 15, 6], [16, 1, 17, 2], [18, 11, 19, 12], [20, 9, 21, 10], [22, 4, 23, 3], [24, 15, 1, 16], [2, 8, 3, 7], [4, 13, 5, 14], [6, 24, 7, 23]]"
12a_1118_9,"[[6, 24, 7, 23], [8, 21, 9, 22], [10, 19, 11, 20], [12, 17, 13, 18], [14, 5, 15, 6], [16, 1, 17, 2], [18, 11, 19, 12], [20, 9, 21, 10], [22, 4, 23, 3], [24, 15, 1, 16], [2, 8, 3, 7], [4, 13, 5, 14]]"
12a_1118_10,"[[4, 13, 5, 14], [6, 24, 7, 23], [8, 21, 9, 22], [10, 19, 11, 20], [12, 17, 13, 18], [14, 5, 15, 6], [16, 1, 17, 2], [18, 11, 19, 12], [20, 9, 21, 10], [22, 4, 23, 3], [24, 15, 1, 16], [2, 8, 3, 7]]"
12a_1118_11,"[[2, 8, 3, 7], [4, 13, 5, 14], [6, 24, 7, 23], [8, 21, 9, 22], [10, 19, 11, 20], [12, 17, 13, 18], [14, 5, 15, 6], [16, 1, 17, 2], [18, 11, 19, 12], [20, 9, 21, 10], [22, 4, 23, 3], [24, 15, 1, 16]]"
12a_1118_12,"[[1, 16, 2, 17], [3, 9, 4, 8], [5, 14, 6, 15], [7, 1, 8, 24], [9, 22, 10, 23], [11, 20, 12, 21], [13, 18, 14, 19], [15, 6, 16, 7], [17, 2, 18, 3], [19, 12, 20, 13], [21, 10, 22, 11], [23, 5, 24, 4]]"
12a_1118_13,"[[23, 5, 24, 4], [1, 16, 2, 17], [3, 9, 4, 8], [5, 14, 6, 15], [7, 1, 8, 24], [9, 22, 10, 23], [11, 20, 12, 21], [13, 18, 14, 19], [15, 6, 16, 7], [17, 2, 18, 3], [19, 12, 20, 13], [21, 10, 22, 11]]"
12a_1118_14,"[[21, 10, 22, 11], [23, 5, 24, 4], [1, 16, 2, 17], [3, 9, 4, 8], [5, 14, 6, 15], [7, 1, 8, 24], [9, 22, 10, 23], [11, 20, 12, 21], [13, 18, 14, 19], [15, 6, 16, 7], [17, 2, 18, 3], [19, 12, 20, 13]]"
12a_1118_15,"[[19, 12, 20, 13], [21, 10, 22, 11], [23, 5, 24, 4], [1, 16, 2, 17], [3, 9, 4, 8], [5, 14, 6, 15], [7, 1, 8, 24], [9, 22, 10, 23], [11, 20, 12, 21], [13, 18, 14, 19], [15, 6, 16, 7], [17, 2, 18, 3]]"
12a_1118_16,"[[17, 2, 18, 3], [19, 12, 20, 13], [21, 10, 22, 11], [23, 5, 24, 4], [1, 16, 2, 17], [3, 9, 4, 8], [5, 14, 6, 15], [7, 1, 8, 24], [9, 22, 10, 23], [11, 20, 12, 21], [13, 18, 14, 19], [15, 6, 16, 7]]"
12a_1118_17,"[[15, 6, 16, 7], [17, 2, 18, 3], [19, 12, 20, 13], [21, 10, 22, 11], [23, 5, 24, 4], [1, 16, 2, 17], [3, 9, 4, 8], [5, 14, 6, 15], [7, 1, 8, 24], [9, 22, 10, 23], [11, 20, 12, 21], [13, 18, 14, 19]]"
12a_1118_18,"[[13, 18, 14, 19], [15, 6, 16, 7], [17, 2, 18, 3], [19, 12, 20, 13], [21, 10, 22, 11], [23, 5, 24, 4], [1, 16, 2, 17], [3, 9, 4, 8], [5, 14, 6, 15], [7, 1, 8, 24], [9, 22, 10, 23], [11, 20, 12, 21]]"
12a_1118_19,"[[11, 20, 12, 21], [13, 18, 14, 19], [15, 6, 16, 7], [17, 2, 18, 3], [19, 12, 20, 13], [21, 10, 22, 11], [23, 5, 24, 4], [1, 16, 2, 17], [3, 9, 4, 8], [5, 14, 6, 15], [7, 1, 8, 24], [9, 22, 10, 23]]"
12a_1118_20,"[[9, 22, 10, 23], [11, 20, 12, 21], [13, 18, 14, 19], [15, 6, 16, 7], [17, 2, 18, 3], [19, 12, 20, 13], [21, 10, 22, 11], [23, 5, 24, 4], [1, 16, 2, 17], [3, 9, 4, 8], [5, 14, 6, 15], [7, 1, 8, 24]]"
12a_1118_21,"[[7, 1, 8, 24], [9, 22, 10, 23], [11, 20, 12, 21], [13, 18, 14, 19], [15, 6, 16, 7], [17, 2, 18, 3], [19, 12, 20, 13], [21, 10, 22, 11], [23, 5, 24, 4], [1, 16, 2, 17], [3, 9, 4, 8], [5, 14, 6, 15]]"
12a_1118_22,"[[5, 14, 6, 15], [7, 1, 8, 24], [9, 22, 10, 23], [11, 20, 12, 21], [13, 18, 14, 19], [15, 6, 16, 7], [17, 2, 18, 3], [19, 12, 20, 13], [21, 10, 22, 11], [23, 5, 24, 4], [1, 16, 2, 17], [3, 9, 4, 8]]"
12a_1118_23,"[[3, 9, 4, 8], [5, 14, 6, 15], [7, 1, 8, 24], [9, 22, 10, 23], [11, 20, 12, 21], [13, 18, 14, 19], [15, 6, 16, 7], [17, 2, 18, 3], [19, 12, 20, 13], [21, 10, 22, 11], [23, 5, 24, 4], [1, 16, 2, 17]]"
12a_1118_24,"[[2, 17, 3, 18], [4, 10, 5, 9], [6, 15, 7, 16], [8, 2, 9, 1], [10, 23, 11, 24], [12, 21, 13, 22], [14, 19, 15, 20], [16, 7, 17, 8], [18, 3, 19, 4], [20, 13, 21, 14], [22, 11, 23, 12], [24, 6, 1, 5]]"
12a_1118_25,"[[24, 6, 1, 5], [2, 17, 3, 18], [4, 10, 5, 9], [6, 15, 7, 16], [8, 2, 9, 1], [10, 23, 11, 24], [12, 21, 13, 22], [14, 19, 15, 20], [16, 7, 17, 8], [18, 3, 19, 4], [20, 13, 21, 14], [22, 11, 23, 12]]"
12a_1118_26,"[[22, 11, 23, 12], [24, 6, 1, 5], [2, 17, 3, 18], [4, 10, 5, 9], [6, 15, 7, 16], [8, 2, 9, 1], [10, 23, 11, 24], [12, 21, 13, 22], [14, 19, 15, 20], [16, 7, 17, 8], [18, 3, 19, 4], [20, 13, 21, 14]]"
12a_1118_27,"[[20, 13, 21, 14], [22, 11, 23, 12], [24, 6, 1, 5], [2, 17, 3, 18], [4, 10, 5, 9], [6, 15, 7, 16], [8, 2, 9, 1], [10, 23, 11, 24], [12, 21, 13, 22], [14, 19, 15, 20], [16, 7, 17, 8], [18, 3, 19, 4]]"
12a_1118_28,"[[18, 3, 19, 4], [20, 13, 21, 14], [22, 11, 23, 12], [24, 6, 1, 5], [2, 17, 3, 18], [4, 10, 5, 9], [6, 15, 7, 16], [8, 2, 9, 1], [10, 23, 11, 24], [12, 21, 13, 22], [14, 19, 15, 20], [16, 7, 17, 8]]"
12a_1118_29,"[[16, 7, 17, 8], [18, 3, 19, 4], [20, 13, 21, 14], [22, 11, 23, 12], [24, 6, 1, 5], [2, 17, 3, 18], [4, 10, 5, 9], [6, 15, 7, 16], [8, 2, 9, 1], [10, 23, 11, 24], [12, 21, 13, 22], [14, 19, 15, 20]]"
12a_1118_30,"[[14, 19, 15, 20], [16, 7, 17, 8], [18, 3, 19, 4], [20, 13, 21, 14], [22, 11, 23, 12], [24, 6, 1, 5], [2, 17, 3, 18], [4, 10, 5, 9], [6, 15, 7, 16], [8, 2, 9, 1], [10, 23, 11, 24], [12, 21, 13, 22]]"
12a_1118_31,"[[12, 21, 13, 22], [14, 19, 15, 20], [16, 7, 17, 8], [18, 3, 19, 4], [20, 13, 21, 14], [22, 11, 23, 12], [24, 6, 1, 5], [2, 17, 3, 18], [4, 10, 5, 9], [6, 15, 7, 16], [8, 2, 9, 1], [10, 23, 11, 24]]"
12a_1118_32,"[[10, 23, 11, 24], [12, 21, 13, 22], [14, 19, 15, 20], [16, 7, 17, 8], [18, 3, 19, 4], [20, 13, 21, 14], [22, 11, 23, 12], [24, 6, 1, 5], [2, 17, 3, 18], [4, 10, 5, 9], [6, 15, 7, 16], [8, 2, 9, 1]]"
12a_1118_33,"[[8, 2, 9, 1], [10, 23, 11, 24], [12, 21, 13, 22], [14, 19, 15, 20], [16, 7, 17, 8], [18, 3, 19, 4], [20, 13, 21, 14], [22, 11, 23, 12], [24, 6, 1, 5], [2, 17, 3, 18], [4, 10, 5, 9], [6, 15, 7, 16]]"
12a_1118_34,"[[6, 15, 7, 16], [8, 2, 9, 1], [10, 23, 11, 24], [12, 21, 13, 22], [14, 19, 15, 20], [16, 7, 17, 8], [18, 3, 19, 4], [20, 13, 21, 14], [22, 11, 23, 12], [24, 6, 1, 5], [2, 17, 3, 18], [4, 10, 5, 9]]"
12a_1118_35,"[[4, 10, 5, 9], [6, 15, 7, 16], [8, 2, 9, 1], [10, 23, 11, 24], [12, 21, 13, 22], [14, 19, 15, 20], [16, 7, 17, 8], [18, 3, 19, 4], [20, 13, 21, 14], [22, 11, 23, 12], [24, 6, 1, 5], [2, 17, 3, 18]]"
12a_1118_36,"[[3, 18, 4, 19], [5, 11, 6, 10], [7, 16, 8, 17], [9, 3, 10, 2], [11, 24, 12, 1], [13, 22, 14, 23], [15, 20, 16, 21], [17, 8, 18, 9], [19, 4, 20, 5], [21, 14, 22, 15], [23, 12, 24, 13], [1, 7, 2, 6]]"
12a_1118_37,"[[1, 7, 2, 6], [3, 18, 4, 19], [5, 11, 6, 10], [7, 16, 8, 17], [9, 3, 10, 2], [11, 24, 12, 1], [13, 22, 14, 23], [15, 20, 16, 21], [17, 8, 18, 9], [19, 4, 20, 5], [21, 14, 22, 15], [23, 12, 24, 13]]"
12a_1118_38,"[[23, 12, 24, 13], [1, 7, 2, 6], [3, 18, 4, 19], [5, 11, 6, 10], [7, 16, 8, 17], [9, 3, 10, 2], [11, 24, 12, 1], [13, 22, 14, 23], [15, 20, 16, 21], [17, 8, 18, 9], [19, 4, 20, 5], [21, 14, 22, 15]]"
12a_1118_39,"[[21, 14, 22, 15], [23, 12, 24, 13], [1, 7, 2, 6], [3, 18, 4, 19], [5, 11, 6, 10], [7, 16, 8, 17], [9, 3, 10, 2], [11, 24, 12, 1], [13, 22, 14, 23], [15, 20, 16, 21], [17, 8, 18, 9], [19, 4, 20, 5]]"
12a_1118_40,"[[19, 4, 20, 5], [21, 14, 22, 15], [23, 12, 24, 13], [1, 7, 2, 6], [3, 18, 4, 19], [5, 11, 6, 10], [7, 16, 8, 17], [9, 3, 10, 2], [11, 24, 12, 1], [13, 22, 14, 23], [15, 20, 16, 21], [17, 8, 18, 9]]"
12a_1118_41,"[[17, 8, 18, 9], [19, 4, 20, 5], [21, 14, 22, 15], [23, 12, 24, 13], [1, 7, 2, 6], [3, 18, 4, 19], [5, 11, 6, 10], [7, 16, 8, 17], [9, 3, 10, 2], [11, 24, 12, 1], [13, 22, 14, 23], [15, 20, 16, 21]]"
12a_1118_42,"[[15, 20, 16, 21], [17, 8, 18, 9], [19, 4, 20, 5], [21, 14, 22, 15], [23, 12, 24, 13], [1, 7, 2, 6], [3, 18, 4, 19], [5, 11, 6, 10], [7, 16, 8, 17], [9, 3, 10, 2], [11, 24, 12, 1], [13, 22, 14, 23]]"
12a_1118_43,"[[13, 22, 14, 23], [15, 20, 16, 21], [17, 8, 18, 9], [19, 4, 20, 5], [21, 14, 22, 15], [23, 12, 24, 13], [1, 7, 2, 6], [3, 18, 4, 19], [5, 11, 6, 10], [7, 16, 8, 17], [9, 3, 10, 2], [11, 24, 12, 1]]"
12a_1118_44,"[[11, 24, 12, 1], [13, 22, 14, 23], [15, 20, 16, 21], [17, 8, 18, 9], [19, 4, 20, 5], [21, 14, 22, 15], [23, 12, 24, 13], [1, 7, 2, 6], [3, 18, 4, 19], [5, 11, 6, 10], [7, 16, 8, 17], [9, 3, 10, 2]]"
12a_1118_45,"[[9, 3, 10, 2], [11, 24, 12, 1], [13, 22, 14, 23], [15, 20, 16, 21], [17, 8, 18, 9], [19, 4, 20, 5], [21, 14, 22, 15], [23, 12, 24, 13], [1, 7, 2, 6], [3, 18, 4, 19], [5, 11, 6, 10], [7, 16, 8, 17]]"
12a_1118_46,"[[7, 16, 8, 17], [9, 3, 10, 2], [11, 24, 12, 1], [13, 22, 14, 23], [15, 20, 16, 21], [17, 8, 18, 9], [19, 4, 20, 5], [21, 14, 22, 15], [23, 12, 24, 13], [1, 7, 2, 6], [3, 18, 4, 19], [5, 11, 6, 10]]"
12a_1118_47,"[[5, 11, 6, 10], [7, 16, 8, 17], [9, 3, 10, 2], [11, 24, 12, 1], [13, 22, 14, 23], [15, 20, 16, 21], [17, 8, 18, 9], [19, 4, 20, 5], [21, 14, 22, 15], [23, 12, 24, 13], [1, 7, 2, 6], [3, 18, 4, 19]]"
12a_1118_48,"[[4, 19, 5, 20], [6, 12, 7, 11], [8, 17, 9, 18], [10, 4, 11, 3], [12, 1, 13, 2], [14, 23, 15, 24], [16, 21, 17, 22], [18, 9, 19, 10], [20, 5, 21, 6], [22, 15, 23, 16], [24, 13, 1, 14], [2, 8, 3, 7]]"
12a_1118_49,"[[2, 8, 3, 7], [4, 19, 5, 20], [6, 12, 7, 11], [8, 17, 9, 18], [10, 4, 11, 3], [12, 1, 13, 2], [14, 23, 15, 24], [16, 21, 17, 22], [18, 9, 19, 10], [20, 5, 21, 6], [22, 15, 23, 16], [24, 13, 1, 14]]"
12a_1118_50,"[[24, 13, 1, 14], [2, 8, 3, 7], [4, 19, 5, 20], [6, 12, 7, 11], [8, 17, 9, 18], [10, 4, 11, 3], [12, 1, 13, 2], [14, 23, 15, 24], [16, 21, 17, 22], [18, 9, 19, 10], [20, 5, 21, 6], [22, 15, 23, 16]]"
12a_1118_51,"[[22, 15, 23, 16], [24, 13, 1, 14], [2, 8, 3, 7], [4, 19, 5, 20], [6, 12, 7, 11], [8, 17, 9, 18], [10, 4, 11, 3], [12, 1, 13, 2], [14, 23, 15, 24], [16, 21, 17, 22], [18, 9, 19, 10], [20, 5, 21, 6]]"
12a_1118_52,"[[20, 5, 21, 6], [22, 15, 23, 16], [24, 13, 1, 14], [2, 8, 3, 7], [4, 19, 5, 20], [6, 12, 7, 11], [8, 17, 9, 18], [10, 4, 11, 3], [12, 1, 13, 2], [14, 23, 15, 24], [16, 21, 17, 22], [18, 9, 19, 10]]"
12a_1118_53,"[[18, 9, 19, 10], [20, 5, 21, 6], [22, 15, 23, 16], [24, 13, 1, 14], [2, 8, 3, 7], [4, 19, 5, 20], [6, 12, 7, 11], [8, 17, 9, 18], [10, 4, 11, 3], [12, 1, 13, 2], [14, 23, 15, 24], [16, 21, 17, 22]]"
12a_1118_54,"[[16, 21, 17, 22], [18, 9, 19, 10], [20, 5, 21, 6], [22, 15, 23, 16], [24, 13, 1, 14], [2, 8, 3, 7], [4, 19, 5, 20], [6, 12, 7, 11], [8, 17, 9, 18], [10, 4, 11, 3], [12, 1, 13, 2], [14, 23, 15, 24]]"
12a_1118_55,"[[14, 23, 15, 24], [16, 21, 17, 22], [18, 9, 19, 10], [20, 5, 21, 6], [22, 15, 23, 16], [24, 13, 1, 14], [2, 8, 3, 7], [4, 19, 5, 20], [6, 12, 7, 11], [8, 17, 9, 18], [10, 4, 11, 3], [12, 1, 13, 2]]"
12a_1118_56,"[[12, 1, 13, 2], [14, 23, 15, 24], [16, 21, 17, 22], [18, 9, 19, 10], [20, 5, 21, 6], [22, 15, 23, 16], [24, 13, 1, 14], [2, 8, 3, 7], [4, 19, 5, 20], [6, 12, 7, 11], [8, 17, 9, 18], [10, 4, 11, 3]]"
12a_1118_57,"[[10, 4, 11, 3], [12, 1, 13, 2], [14, 23, 15, 24], [16, 21, 17, 22], [18, 9, 19, 10], [20, 5, 21, 6], [22, 15, 23, 16], [24, 13, 1, 14], [2, 8, 3, 7], [4, 19, 5, 20], [6, 12, 7, 11], [8, 17, 9, 18]]"
12a_1118_58,"[[8, 17, 9, 18], [10, 4, 11, 3], [12, 1, 13, 2], [14, 23, 15, 24], [16, 21, 17, 22], [18, 9, 19, 10], [20, 5, 21, 6], [22, 15, 23, 16], [24, 13, 1, 14], [2, 8, 3, 7], [4, 19, 5, 20], [6, 12, 7, 11]]"
12a_1118_59,"[[6, 12, 7, 11], [8, 17, 9, 18], [10, 4, 11, 3], [12, 1, 13, 2], [14, 23, 15, 24], [16, 21, 17, 22], [18, 9, 19, 10], [20, 5, 21, 6], [22, 15, 23, 16], [24, 13, 1, 14], [2, 8, 3, 7], [4, 19, 5, 20]]"
12a_1118_60,"[[5, 20, 6, 21], [7, 13, 8, 12], [9, 18, 10, 19], [11, 5, 12, 4], [13, 2, 14, 3], [15, 24, 16, 1], [17, 22, 18, 23], [19, 10, 20, 11], [21, 6, 22, 7], [23, 16, 24, 17], [1, 14, 2, 15], [3, 9, 4, 8]]"
12a_1118_61,"[[3, 9, 4, 8], [5, 20, 6, 21], [7, 13, 8, 12], [9, 18, 10, 19], [11, 5, 12, 4], [13, 2, 14, 3], [15, 24, 16, 1], [17, 22, 18, 23], [19, 10, 20, 11], [21, 6, 22, 7], [23, 16, 24, 17], [1, 14, 2, 15]]"
12a_1118_62,"[[1, 14, 2, 15], [3, 9, 4, 8], [5, 20, 6, 21], [7, 13, 8, 12], [9, 18, 10, 19], [11, 5, 12, 4], [13, 2, 14, 3], [15, 24, 16, 1], [17, 22, 18, 23], [19, 10, 20, 11], [21, 6, 22, 7], [23, 16, 24, 17]]"
12a_1118_63,"[[23, 16, 24, 17], [1, 14, 2, 15], [3, 9, 4, 8], [5, 20, 6, 21], [7, 13, 8, 12], [9, 18, 10, 19], [11, 5, 12, 4], [13, 2, 14, 3], [15, 24, 16, 1], [17, 22, 18, 23], [19, 10, 20, 11], [21, 6, 22, 7]]"
12a_1118_64,"[[21, 6, 22, 7], [23, 16, 24, 17], [1, 14, 2, 15], [3, 9, 4, 8], [5, 20, 6, 21], [7, 13, 8, 12], [9, 18, 10, 19], [11, 5, 12, 4], [13, 2, 14, 3], [15, 24, 16, 1], [17, 22, 18, 23], [19, 10, 20, 11]]"
12a_1118_65,"[[19, 10, 20, 11], [21, 6, 22, 7], [23, 16, 24, 17], [1, 14, 2, 15], [3, 9, 4, 8], [5, 20, 6, 21], [7, 13, 8, 12], [9, 18, 10, 19], [11, 5, 12, 4], [13, 2, 14, 3], [15, 24, 16, 1], [17, 22, 18, 23]]"
12a_1118_66,"[[17, 22, 18, 23], [19, 10, 20, 11], [21, 6, 22, 7], [23, 16, 24, 17], [1, 14, 2, 15], [3, 9, 4, 8], [5, 20, 6, 21], [7, 13, 8, 12], [9, 18, 10, 19], [11, 5, 12, 4], [13, 2, 14, 3], [15, 24, 16, 1]]"
12a_1118_67,"[[15, 24, 16, 1], [17, 22, 18, 23], [19, 10, 20, 11], [21, 6, 22, 7], [23, 16, 24, 17], [1, 14, 2, 15], [3, 9, 4, 8], [5, 20, 6, 21], [7, 13, 8, 12], [9, 18, 10, 19], [11, 5, 12, 4], [13, 2, 14, 3]]"
12a_1118_68,"[[13, 2, 14, 3], [15, 24, 16, 1], [17, 22, 18, 23], [19, 10, 20, 11], [21, 6, 22, 7], [23, 16, 24, 17], [1, 14, 2, 15], [3, 9, 4, 8], [5, 20, 6, 21], [7, 13, 8, 12], [9, 18, 10, 19], [11, 5, 12, 4]]"
12a_1118_69,"[[11, 5, 12, 4], [13, 2, 14, 3], [15, 24, 16, 1], [17, 22, 18, 23], [19, 10, 20, 11], [21, 6, 22, 7], [23, 16, 24, 17], [1, 14, 2, 15], [3, 9, 4, 8], [5, 20, 6, 21], [7, 13, 8, 12], [9, 18, 10, 19]]"
12a_1118_70,"[[9, 18, 10, 19], [11, 5, 12, 4], [13, 2, 14, 3], [15, 24, 16, 1], [17, 22, 18, 23], [19, 10, 20, 11], [21, 6, 22, 7], [23, 16, 24, 17], [1, 14, 2, 15], [3, 9, 4, 8], [5, 20, 6, 21], [7, 13, 8, 12]]"
12a_1118_71,"[[7, 13, 8, 12], [9, 18, 10, 19], [11, 5, 12, 4], [13, 2, 14, 3], [15, 24, 16, 1], [17, 22, 18, 23], [19, 10, 20, 11], [21, 6, 22, 7], [23, 16, 24, 17], [1, 14, 2, 15], [3, 9, 4, 8], [5, 20, 6, 21]]"
12a_1118_72,"[[6, 21, 7, 22], [8, 14, 9, 13], [10, 19, 11, 20], [12, 6, 13, 5], [14, 3, 15, 4], [16, 1, 17, 2], [18, 23, 19, 24], [20, 11, 21, 12], [22, 7, 23, 8], [24, 17, 1, 18], [2, 15, 3, 16], [4, 10, 5, 9]]"
12a_1118_73,"[[4, 10, 5, 9], [6, 21, 7, 22], [8, 14, 9, 13], [10, 19, 11, 20], [12, 6, 13, 5], [14, 3, 15, 4], [16, 1, 17, 2], [18, 23, 19, 24], [20, 11, 21, 12], [22, 7, 23, 8], [24, 17, 1, 18], [2, 15, 3, 16]]"
12a_1118_74,"[[2, 15, 3, 16], [4, 10, 5, 9], [6, 21, 7, 22], [8, 14, 9, 13], [10, 19, 11, 20], [12, 6, 13, 5], [14, 3, 15, 4], [16, 1, 17, 2], [18, 23, 19, 24], [20, 11, 21, 12], [22, 7, 23, 8], [24, 17, 1, 18]]"
12a_1118_75,"[[24, 17, 1, 18], [2, 15, 3, 16], [4, 10, 5, 9], [6, 21, 7, 22], [8, 14, 9, 13], [10, 19, 11, 20], [12, 6, 13, 5], [14, 3, 15, 4], [16, 1, 17, 2], [18, 23, 19, 24], [20, 11, 21, 12], [22, 7, 23, 8]]"
12a_1118_76,"[[22, 7, 23, 8], [24, 17, 1, 18], [2, 15, 3, 16], [4, 10, 5, 9], [6, 21, 7, 22], [8, 14, 9, 13], [10, 19, 11, 20], [12, 6, 13, 5], [14, 3, 15, 4], [16, 1, 17, 2], [18, 23, 19, 24], [20, 11, 21, 12]]"
12a_1118_77,"[[20, 11, 21, 12], [22, 7, 23, 8], [24, 17, 1, 18], [2, 15, 3, 16], [4, 10, 5, 9], [6, 21, 7, 22], [8, 14, 9, 13], [10, 19, 11, 20], [12, 6, 13, 5], [14, 3, 15, 4], [16, 1, 17, 2], [18, 23, 19, 24]]"
12a_1118_78,"[[18, 23, 19, 24], [20, 11, 21, 12], [22, 7, 23, 8], [24, 17, 1, 18], [2, 15, 3, 16], [4, 10, 5, 9], [6, 21, 7, 22], [8, 14, 9, 13], [10, 19, 11, 20], [12, 6, 13, 5], [14, 3, 15, 4], [16, 1, 17, 2]]"
12a_1118_79,"[[16, 1, 17, 2], [18, 23, 19, 24], [20, 11, 21, 12], [22, 7, 23, 8], [24, 17, 1, 18], [2, 15, 3, 16], [4, 10, 5, 9], [6, 21, 7, 22], [8, 14, 9, 13], [10, 19, 11, 20], [12, 6, 13, 5], [14, 3, 15, 4]]"
12a_1118_80,"[[14, 3, 15, 4], [16, 1, 17, 2], [18, 23, 19, 24], [20, 11, 21, 12], [22, 7, 23, 8], [24, 17, 1, 18], [2, 15, 3, 16], [4, 10, 5, 9], [6, 21, 7, 22], [8, 14, 9, 13], [10, 19, 11, 20], [12, 6, 13, 5]]"
12a_1118_81,"[[12, 6, 13, 5], [14, 3, 15, 4], [16, 1, 17, 2], [18, 23, 19, 24], [20, 11, 21, 12], [22, 7, 23, 8], [24, 17, 1, 18], [2, 15, 3, 16], [4, 10, 5, 9], [6, 21, 7, 22], [8, 14, 9, 13], [10, 19, 11, 20]]"
12a_1118_82,"[[10, 19, 11, 20], [12, 6, 13, 5], [14, 3, 15, 4], [16, 1, 17, 2], [18, 23, 19, 24], [20, 11, 21, 12], [22, 7, 23, 8], [24, 17, 1, 18], [2, 15, 3, 16], [4, 10, 5, 9], [6, 21, 7, 22], [8, 14, 9, 13]]"
12a_1118_83,"[[8, 14, 9, 13], [10, 19, 11, 20], [12, 6, 13, 5], [14, 3, 15, 4], [16, 1, 17, 2], [18, 23, 19, 24], [20, 11, 21, 12], [22, 7, 23, 8], [24, 17, 1, 18], [2, 15, 3, 16], [4, 10, 5, 9], [6, 21, 7, 22]]"
12a_1118_84,"[[7, 22, 8, 23], [9, 15, 10, 14], [11, 20, 12, 21], [13, 7, 14, 6], [15, 4, 16, 5], [17, 2, 18, 3], [19, 24, 20, 1], [21, 12, 22, 13], [23, 8, 24, 9], [1, 18, 2, 19], [3, 16, 4, 17], [5, 11, 6, 10]]"
12a_1118_85,"[[5, 11, 6, 10], [7, 22, 8, 23], [9, 15, 10, 14], [11, 20, 12, 21], [13, 7, 14, 6], [15, 4, 16, 5], [17, 2, 18, 3], [19, 24, 20, 1], [21, 12, 22, 13], [23, 8, 24, 9], [1, 18, 2, 19], [3, 16, 4, 17]]"
12a_1118_86,"[[3, 16, 4, 17], [5, 11, 6, 10], [7, 22, 8, 23], [9, 15, 10, 14], [11, 20, 12, 21], [13, 7, 14, 6], [15, 4, 16, 5], [17, 2, 18, 3], [19, 24, 20, 1], [21, 12, 22, 13], [23, 8, 24, 9], [1, 18, 2, 19]]"
12a_1118_87,"[[1, 18, 2, 19], [3, 16, 4, 17], [5, 11, 6, 10], [7, 22, 8, 23], [9, 15, 10, 14], [11, 20, 12, 21], [13, 7, 14, 6], [15, 4, 16, 5], [17, 2, 18, 3], [19, 24, 20, 1], [21, 12, 22, 13], [23, 8, 24, 9]]"
12a_1118_88,"[[23, 8, 24, 9], [1, 18, 2, 19], [3, 16, 4, 17], [5, 11, 6, 10], [7, 22, 8, 23], [9, 15, 10, 14], [11, 20, 12, 21], [13, 7, 14, 6], [15, 4, 16, 5], [17, 2, 18, 3], [19, 24, 20, 1], [21, 12, 22, 13]]"
12a_1118_89,"[[21, 12, 22, 13], [23, 8, 24, 9], [1, 18, 2, 19], [3, 16, 4, 17], [5, 11, 6, 10], [7, 22, 8, 23], [9, 15, 10, 14], [11, 20, 12, 21], [13, 7, 14, 6], [15, 4, 16, 5], [17, 2, 18, 3], [19, 24, 20, 1]]"
12a_1118_90,"[[19, 24, 20, 1], [21, 12, 22, 13], [23, 8, 24, 9], [1, 18, 2, 19], [3, 16, 4, 17], [5, 11, 6, 10], [7, 22, 8, 23], [9, 15, 10, 14], [11, 20, 12, 21], [13, 7, 14, 6], [15, 4, 16, 5], [17, 2, 18, 3]]"
12a_1118_91,"[[17, 2, 18, 3], [19, 24, 20, 1], [21, 12, 22, 13], [23, 8, 24, 9], [1, 18, 2, 19], [3, 16, 4, 17], [5, 11, 6, 10], [7, 22, 8, 23], [9, 15, 10, 14], [11, 20, 12, 21], [13, 7, 14, 6], [15, 4, 16, 5]]"
12a_1118_92,"[[15, 4, 16, 5], [17, 2, 18, 3], [19, 24, 20, 1], [21, 12, 22, 13], [23, 8, 24, 9], [1, 18, 2, 19], [3, 16, 4, 17], [5, 11, 6, 10], [7, 22, 8, 23], [9, 15, 10, 14], [11, 20, 12, 21], [13, 7, 14, 6]]"
12a_1118_93,"[[13, 7, 14, 6], [15, 4, 16, 5], [17, 2, 18, 3], [19, 24, 20, 1], [21, 12, 22, 13], [23, 8, 24, 9], [1, 18, 2, 19], [3, 16, 4, 17], [5, 11, 6, 10], [7, 22, 8, 23], [9, 15, 10, 14], [11, 20, 12, 21]]"
12a_1118_94,"[[11, 20, 12, 21], [13, 7, 14, 6], [15, 4, 16, 5], [17, 2, 18, 3], [19, 24, 20, 1], [21, 12, 22, 13], [23, 8, 24, 9], [1, 18, 2, 19], [3, 16, 4, 17], [5, 11, 6, 10], [7, 22, 8, 23], [9, 15, 10, 14]]"
12a_1118_95,"[[9, 15, 10, 14], [11, 20, 12, 21], [13, 7, 14, 6], [15, 4, 16, 5], [17, 2, 18, 3], [19, 24, 20, 1], [21, 12, 22, 13], [23, 8, 24, 9], [1, 18, 2, 19], [3, 16, 4, 17], [5, 11, 6, 10], [7, 22, 8, 23]]"
12a_1118_96,"[[8, 23, 9, 24], [10, 16, 11, 15], [12, 21, 13, 22], [14, 8, 15, 7], [16, 5, 17, 6], [18, 3, 19, 4], [20, 1, 21, 2], [22, 13, 23, 14], [24, 9, 1, 10], [2, 19, 3, 20], [4, 17, 5, 18], [6, 12, 7, 11]]"
12a_1118_97,"[[6, 12, 7, 11], [8, 23, 9, 24], [10, 16, 11, 15], [12, 21, 13, 22], [14, 8, 15, 7], [16, 5, 17, 6], [18, 3, 19, 4], [20, 1, 21, 2], [22, 13, 23, 14], [24, 9, 1, 10], [2, 19, 3, 20], [4, 17, 5, 18]]"
12a_1118_98,"[[4, 17, 5, 18], [6, 12, 7, 11], [8, 23, 9, 24], [10, 16, 11, 15], [12, 21, 13, 22], [14, 8, 15, 7], [16, 5, 17, 6], [18, 3, 19, 4], [20, 1, 21, 2], [22, 13, 23, 14], [24, 9, 1, 10], [2, 19, 3, 20]]"
12a_1118_99,"[[2, 19, 3, 20], [4, 17, 5, 18], [6, 12, 7, 11], [8, 23, 9, 24], [10, 16, 11, 15], [12, 21, 13, 22], [14, 8, 15, 7], [16, 5, 17, 6], [18, 3, 19, 4], [20, 1, 21, 2], [22, 13, 23, 14], [24, 9, 1, 10]]"
12a_1118_100,"[[24, 9, 1, 10], [2, 19, 3, 20], [4, 17, 5, 18], [6, 12, 7, 11], [8, 23, 9, 24], [10, 16, 11, 15], [12, 21, 13, 22], [14, 8, 15, 7], [16, 5, 17, 6], [18, 3, 19, 4], [20, 1, 21, 2], [22, 13, 23, 14]]"
12a_1118_101,"[[22, 13, 23, 14], [24, 9, 1, 10], [2, 19, 3, 20], [4, 17, 5, 18], [6, 12, 7, 11], [8, 23, 9, 24], [10, 16, 11, 15], [12, 21, 13, 22], [14, 8, 15, 7], [16, 5, 17, 6], [18, 3, 19, 4], [20, 1, 21, 2]]"
12a_1118_102,"[[20, 1, 21, 2], [22, 13, 23, 14], [24, 9, 1, 10], [2, 19, 3, 20], [4, 17, 5, 18], [6, 12, 7, 11], [8, 23, 9, 24], [10, 16, 11, 15], [12, 21, 13, 22], [14, 8, 15, 7], [16, 5, 17, 6], [18, 3, 19, 4]]"
12a_1118_103,"[[18, 3, 19, 4], [20, 1, 21, 2], [22, 13, 23, 14], [24, 9, 1, 10], [2, 19, 3, 20], [4, 17, 5, 18], [6, 12, 7, 11], [8, 23, 9, 24], [10, 16, 11, 15], [12, 21, 13, 22], [14, 8, 15, 7], [16, 5, 17, 6]]"
12a_1118_104,"[[16, 5, 17, 6], [18, 3, 19, 4], [20, 1, 21, 2], [22, 13, 23, 14], [24, 9, 1, 10], [2, 19, 3, 20], [4, 17, 5, 18], [6, 12, 7, 11], [8, 23, 9, 24], [10, 16, 11, 15], [12, 21, 13, 22], [14, 8, 15, 7]]"
12a_1118_105,"[[14, 8, 15, 7], [16, 5, 17, 6], [18, 3, 19, 4], [20, 1, 21, 2], [22, 13, 23, 14], [24, 9, 1, 10], [2, 19, 3, 20], [4, 17, 5, 18], [6, 12, 7, 11], [8, 23, 9, 24], [10, 16, 11, 15], [12, 21, 13, 22]]"
12a_1118_106,"[[12, 21, 13, 22], [14, 8, 15, 7], [16, 5, 17, 6], [18, 3, 19, 4], [20, 1, 21, 2], [22, 13, 23, 14], [24, 9, 1, 10], [2, 19, 3, 20], [4, 17, 5, 18], [6, 12, 7, 11], [8, 23, 9, 24], [10, 16, 11, 15]]"
12a_1118_107,"[[10, 16, 11, 15], [12, 21, 13, 22], [14, 8, 15, 7], [16, 5, 17, 6], [18, 3, 19, 4], [20, 1, 21, 2], [22, 13, 23, 14], [24, 9, 1, 10], [2, 19, 3, 20], [4, 17, 5, 18], [6, 12, 7, 11], [8, 23, 9, 24]]"
12a_1118_108,"[[9, 24, 10, 1], [11, 17, 12, 16], [13, 22, 14, 23], [15, 9, 16, 8], [17, 6, 18, 7], [19, 4, 20, 5], [21, 2, 22, 3], [23, 14, 24, 15], [1, 10, 2, 11], [3, 20, 4, 21], [5, 18, 6, 19], [7, 13, 8, 12]]"
12a_1118_109,"[[7, 13, 8, 12], [9, 24, 10, 1], [11, 17, 12, 16], [13, 22, 14, 23], [15, 9, 16, 8], [17, 6, 18, 7], [19, 4, 20, 5], [21, 2, 22, 3], [23, 14, 24, 15], [1, 10, 2, 11], [3, 20, 4, 21], [5, 18, 6, 19]]"
12a_1118_110,"[[5, 18, 6, 19], [7, 13, 8, 12], [9, 24, 10, 1], [11, 17, 12, 16], [13, 22, 14, 23], [15, 9, 16, 8], [17, 6, 18, 7], [19, 4, 20, 5], [21, 2, 22, 3], [23, 14, 24, 15], [1, 10, 2, 11], [3, 20, 4, 21]]"
12a_1118_111,"[[3, 20, 4, 21], [5, 18, 6, 19], [7, 13, 8, 12], [9, 24, 10, 1], [11, 17, 12, 16], [13, 22, 14, 23], [15, 9, 16, 8], [17, 6, 18, 7], [19, 4, 20, 5], [21, 2, 22, 3], [23, 14, 24, 15], [1, 10, 2, 11]]"
12a_1118_112,"[[1, 10, 2, 11], [3, 20, 4, 21], [5, 18, 6, 19], [7, 13, 8, 12], [9, 24, 10, 1], [11, 17, 12, 16], [13, 22, 14, 23], [15, 9, 16, 8], [17, 6, 18, 7], [19, 4, 20, 5], [21, 2, 22, 3], [23, 14, 24, 15]]"
12a_1118_113,"[[23, 14, 24, 15], [1, 10, 2, 11], [3, 20, 4, 21], [5, 18, 6, 19], [7, 13, 8, 12], [9, 24, 10, 1], [11, 17, 12, 16], [13, 22, 14, 23], [15, 9, 16, 8], [17, 6, 18, 7], [19, 4, 20, 5], [21, 2, 22, 3]]"
12a_1118_114,"[[21, 2, 22, 3], [23, 14, 24, 15], [1, 10, 2, 11], [3, 20, 4, 21], [5, 18, 6, 19], [7, 13, 8, 12], [9, 24, 10, 1], [11, 17, 12, 16], [13, 22, 14, 23], [15, 9, 16, 8], [17, 6, 18, 7], [19, 4, 20, 5]]"
12a_1118_115,"[[19, 4, 20, 5], [21, 2, 22, 3], [23, 14, 24, 15], [1, 10, 2, 11], [3, 20, 4, 21], [5, 18, 6, 19], [7, 13, 8, 12], [9, 24, 10, 1], [11, 17, 12, 16], [13, 22, 14, 23], [15, 9, 16, 8], [17, 6, 18, 7]]"
12a_1118_116,"[[17, 6, 18, 7], [19, 4, 20, 5], [21, 2, 22, 3], [23, 14, 24, 15], [1, 10, 2, 11], [3, 20, 4, 21], [5, 18, 6, 19], [7, 13, 8, 12], [9, 24, 10, 1], [11, 17, 12, 16], [13, 22, 14, 23], [15, 9, 16, 8]]"
12a_1118_117,"[[15, 9, 16, 8], [17, 6, 18, 7], [19, 4, 20, 5], [21, 2, 22, 3], [23, 14, 24, 15], [1, 10, 2, 11], [3, 20, 4, 21], [5, 18, 6, 19], [7, 13, 8, 12], [9, 24, 10, 1], [11, 17, 12, 16], [13, 22, 14, 23]]"
12a_1118_118,"[[13, 22, 14, 23], [15, 9, 16, 8], [17, 6, 18, 7], [19, 4, 20, 5], [21, 2, 22, 3], [23, 14, 24, 15], [1, 10, 2, 11], [3, 20, 4, 21], [5, 18, 6, 19], [7, 13, 8, 12], [9, 24, 10, 1], [11, 17, 12, 16]]"
12a_1118_119,"[[11, 17, 12, 16], [13, 22, 14, 23], [15, 9, 16, 8], [17, 6, 18, 7], [19, 4, 20, 5], [21, 2, 22, 3], [23, 14, 24, 15], [1, 10, 2, 11], [3, 20, 4, 21], [5, 18, 6, 19], [7, 13, 8, 12], [9, 24, 10, 1]]"
12a_1118_120,"[[10, 1, 11, 2], [12, 18, 13, 17], [14, 23, 15, 24], [16, 10, 17, 9], [18, 7, 19, 8], [20, 5, 21, 6], [22, 3, 23, 4], [24, 15, 1, 16], [2, 11, 3, 12], [4, 21, 5, 22], [6, 19, 7, 20], [8, 14, 9, 13]]"
12a_1118_121,"[[8, 14, 9, 13], [10, 1, 11, 2], [12, 18, 13, 17], [14, 23, 15, 24], [16, 10, 17, 9], [18, 7, 19, 8], [20, 5, 21, 6], [22, 3, 23, 4], [24, 15, 1, 16], [2, 11, 3, 12], [4, 21, 5, 22], [6, 19, 7, 20]]"
12a_1118_122,"[[6, 19, 7, 20], [8, 14, 9, 13], [10, 1, 11, 2], [12, 18, 13, 17], [14, 23, 15, 24], [16, 10, 17, 9], [18, 7, 19, 8], [20, 5, 21, 6], [22, 3, 23, 4], [24, 15, 1, 16], [2, 11, 3, 12], [4, 21, 5, 22]]"
12a_1118_123,"[[4, 21, 5, 22], [6, 19, 7, 20], [8, 14, 9, 13], [10, 1, 11, 2], [12, 18, 13, 17], [14, 23, 15, 24], [16, 10, 17, 9], [18, 7, 19, 8], [20, 5, 21, 6], [22, 3, 23, 4], [24, 15, 1, 16], [2, 11, 3, 12]]"
12a_1118_124,"[[2, 11, 3, 12], [4, 21, 5, 22], [6, 19, 7, 20], [8, 14, 9, 13], [10, 1, 11, 2], [12, 18, 13, 17], [14, 23, 15, 24], [16, 10, 17, 9], [18, 7, 19, 8], [20, 5, 21, 6], [22, 3, 23, 4], [24, 15, 1, 16]]"
12a_1118_125,"[[24, 15, 1, 16], [2, 11, 3, 12], [4, 21, 5, 22], [6, 19, 7, 20], [8, 14, 9, 13], [10, 1, 11, 2], [12, 18, 13, 17], [14, 23, 15, 24], [16, 10, 17, 9], [18, 7, 19, 8], [20, 5, 21, 6], [22, 3, 23, 4]]"
12a_1118_126,"[[22, 3, 23, 4], [24, 15, 1, 16], [2, 11, 3, 12], [4, 21, 5, 22], [6, 19, 7, 20], [8, 14, 9, 13], [10, 1, 11, 2], [12, 18, 13, 17], [14, 23, 15, 24], [16, 10, 17, 9], [18, 7, 19, 8], [20, 5, 21, 6]]"
12a_1118_127,"[[20, 5, 21, 6], [22, 3, 23, 4], [24, 15, 1, 16], [2, 11, 3, 12], [4, 21, 5, 22], [6, 19, 7, 20], [8, 14, 9, 13], [10, 1, 11, 2], [12, 18, 13, 17], [14, 23, 15, 24], [16, 10, 17, 9], [18, 7, 19, 8]]"
12a_1118_128,"[[18, 7, 19, 8], [20, 5, 21, 6], [22, 3, 23, 4], [24, 15, 1, 16], [2, 11, 3, 12], [4, 21, 5, 22], [6, 19, 7, 20], [8, 14, 9, 13], [10, 1, 11, 2], [12, 18, 13, 17], [14, 23, 15, 24], [16, 10, 17, 9]]"
12a_1118_129,"[[16, 10, 17, 9], [18, 7, 19, 8], [20, 5, 21, 6], [22, 3, 23, 4], [24, 15, 1, 16], [2, 11, 3, 12], [4, 21, 5, 22], [6, 19, 7, 20], [8, 14, 9, 13], [10, 1, 11, 2], [12, 18, 13, 17], [14, 23, 15, 24]]"
12a_1118_130,"[[14, 23, 15, 24], [16, 10, 17, 9], [18, 7, 19, 8], [20, 5, 21, 6], [22, 3, 23, 4], [24, 15, 1, 16], [2, 11, 3, 12], [4, 21, 5, 22], [6, 19, 7, 20], [8, 14, 9, 13], [10, 1, 11, 2], [12, 18, 13, 17]]"
12a_1118_131,"[[12, 18, 13, 17], [14, 23, 15, 24], [16, 10, 17, 9], [18, 7, 19, 8], [20, 5, 21, 6], [22, 3, 23, 4], [24, 15, 1, 16], [2, 11, 3, 12], [4, 21, 5, 22], [6, 19, 7, 20], [8, 14, 9, 13], [10, 1, 11, 2]]"
12a_1118_132,"[[11, 2, 12, 3], [13, 19, 14, 18], [15, 24, 16, 1], [17, 11, 18, 10], [19, 8, 20, 9], [21, 6, 22, 7], [23, 4, 24, 5], [1, 16, 2, 17], [3, 12, 4, 13], [5, 22, 6, 23], [7, 20, 8, 21], [9, 15, 10, 14]]"
12a_1118_133,"[[9, 15, 10, 14], [11, 2, 12, 3], [13, 19, 14, 18], [15, 24, 16, 1], [17, 11, 18, 10], [19, 8, 20, 9], [21, 6, 22, 7], [23, 4, 24, 5], [1, 16, 2, 17], [3, 12, 4, 13], [5, 22, 6, 23], [7, 20, 8, 21]]"
12a_1118_134,"[[7, 20, 8, 21], [9, 15, 10, 14], [11, 2, 12, 3], [13, 19, 14, 18], [15, 24, 16, 1], [17, 11, 18, 10], [19, 8, 20, 9], [21, 6, 22, 7], [23, 4, 24, 5], [1, 16, 2, 17], [3, 12, 4, 13], [5, 22, 6, 23]]"
12a_1118_135,"[[5, 22, 6, 23], [7, 20, 8, 21], [9, 15, 10, 14], [11, 2, 12, 3], [13, 19, 14, 18], [15, 24, 16, 1], [17, 11, 18, 10], [19, 8, 20, 9], [21, 6, 22, 7], [23, 4, 24, 5], [1, 16, 2, 17], [3, 12, 4, 13]]"
12a_1118_136,"[[3, 12, 4, 13], [5, 22, 6, 23], [7, 20, 8, 21], [9, 15, 10, 14], [11, 2, 12, 3], [13, 19, 14, 18], [15, 24, 16, 1], [17, 11, 18, 10], [19, 8, 20, 9], [21, 6, 22, 7], [23, 4, 24, 5], [1, 16, 2, 17]]"
12a_1118_137,"[[1, 16, 2, 17], [3, 12, 4, 13], [5, 22, 6, 23], [7, 20, 8, 21], [9, 15, 10, 14], [11, 2, 12, 3], [13, 19, 14, 18], [15, 24, 16, 1], [17, 11, 18, 10], [19, 8, 20, 9], [21, 6, 22, 7], [23, 4, 24, 5]]"
12a_1118_138,"[[23, 4, 24, 5], [1, 16, 2, 17], [3, 12, 4, 13], [5, 22, 6, 23], [7, 20, 8, 21], [9, 15, 10, 14], [11, 2, 12, 3], [13, 19, 14, 18], [15, 24, 16, 1], [17, 11, 18, 10], [19, 8, 20, 9], [21, 6, 22, 7]]"
12a_1118_139,"[[21, 6, 22, 7], [23, 4, 24, 5], [1, 16, 2, 17], [3, 12, 4, 13], [5, 22, 6, 23], [7, 20, 8, 21], [9, 15, 10, 14], [11, 2, 12, 3], [13, 19, 14, 18], [15, 24, 16, 1], [17, 11, 18, 10], [19, 8, 20, 9]]"
12a_1118_140,"[[19, 8, 20, 9], [21, 6, 22, 7], [23, 4, 24, 5], [1, 16, 2, 17], [3, 12, 4, 13], [5, 22, 6, 23], [7, 20, 8, 21], [9, 15, 10, 14], [11, 2, 12, 3], [13, 19, 14, 18], [15, 24, 16, 1], [17, 11, 18, 10]]"
12a_1118_141,"[[17, 11, 18, 10], [19, 8, 20, 9], [21, 6, 22, 7], [23, 4, 24, 5], [1, 16, 2, 17], [3, 12, 4, 13], [5, 22, 6, 23], [7, 20, 8, 21], [9, 15, 10, 14], [11, 2, 12, 3], [13, 19, 14, 18], [15, 24, 16, 1]]"
12a_1118_142,"[[15, 24, 16, 1], [17, 11, 18, 10], [19, 8, 20, 9], [21, 6, 22, 7], [23, 4, 24, 5], [1, 16, 2, 17], [3, 12, 4, 13], [5, 22, 6, 23], [7, 20, 8, 21], [9, 15, 10, 14], [11, 2, 12, 3], [13, 19, 14, 18]]"
12a_1118_143,"[[13, 19, 14, 18], [15, 24, 16, 1], [17, 11, 18, 10], [19, 8, 20, 9], [21, 6, 22, 7], [23, 4, 24, 5], [1, 16, 2, 17], [3, 12, 4, 13], [5, 22, 6, 23], [7, 20, 8, 21], [9, 15, 10, 14], [11, 2, 12, 3]]"
12a_1118_144,"[[12, 3, 13, 4], [14, 20, 15, 19], [16, 1, 17, 2], [18, 12, 19, 11], [20, 9, 21, 10], [22, 7, 23, 8], [24, 5, 1, 6], [2, 17, 3, 18], [4, 13, 5, 14], [6, 23, 7, 24], [8, 21, 9, 22], [10, 16, 11, 15]]"
12a_1118_145,"[[10, 16, 11, 15], [12, 3, 13, 4], [14, 20, 15, 19], [16, 1, 17, 2], [18, 12, 19, 11], [20, 9, 21, 10], [22, 7, 23, 8], [24, 5, 1, 6], [2, 17, 3, 18], [4, 13, 5, 14], [6, 23, 7, 24], [8, 21, 9, 22]]"
12a_1118_146,"[[8, 21, 9, 22], [10, 16, 11, 15], [12, 3, 13, 4], [14, 20, 15, 19], [16, 1, 17, 2], [18, 12, 19, 11], [20, 9, 21, 10], [22, 7, 23, 8], [24, 5, 1, 6], [2, 17, 3, 18], [4, 13, 5, 14], [6, 23, 7, 24]]"
12a_1118_147,"[[6, 23, 7, 24], [8, 21, 9, 22], [10, 16, 11, 15], [12, 3, 13, 4], [14, 20, 15, 19], [16, 1, 17, 2], [18, 12, 19, 11], [20, 9, 21, 10], [22, 7, 23, 8], [24, 5, 1, 6], [2, 17, 3, 18], [4, 13, 5, 14]]"
12a_1118_148,"[[4, 13, 5, 14], [6, 23, 7, 24], [8, 21, 9, 22], [10, 16, 11, 15], [12, 3, 13, 4], [14, 20, 15, 19], [16, 1, 17, 2], [18, 12, 19, 11], [20, 9, 21, 10], [22, 7, 23, 8], [24, 5, 1, 6], [2, 17, 3, 18]]"
12a_1118_149,"[[2, 17, 3, 18], [4, 13, 5, 14], [6, 23, 7, 24], [8, 21, 9, 22], [10, 16, 11, 15], [12, 3, 13, 4], [14, 20, 15, 19], [16, 1, 17, 2], [18, 12, 19, 11], [20, 9, 21, 10], [22, 7, 23, 8], [24, 5, 1, 6]]"
12a_1118_150,"[[24, 5, 1, 6], [2, 17, 3, 18], [4, 13, 5, 14], [6, 23, 7, 24], [8, 21, 9, 22], [10, 16, 11, 15], [12, 3, 13, 4], [14, 20, 15, 19], [16, 1, 17, 2], [18, 12, 19, 11], [20, 9, 21, 10], [22, 7, 23, 8]]"
12a_1118_151,"[[22, 7, 23, 8], [24, 5, 1, 6], [2, 17, 3, 18], [4, 13, 5, 14], [6, 23, 7, 24], [8, 21, 9, 22], [10, 16, 11, 15], [12, 3, 13, 4], [14, 20, 15, 19], [16, 1, 17, 2], [18, 12, 19, 11], [20, 9, 21, 10]]"
12a_1118_152,"[[20, 9, 21, 10], [22, 7, 23, 8], [24, 5, 1, 6], [2, 17, 3, 18], [4, 13, 5, 14], [6, 23, 7, 24], [8, 21, 9, 22], [10, 16, 11, 15], [12, 3, 13, 4], [14, 20, 15, 19], [16, 1, 17, 2], [18, 12, 19, 11]]"
12a_1118_153,"[[18, 12, 19, 11], [20, 9, 21, 10], [22, 7, 23, 8], [24, 5, 1, 6], [2, 17, 3, 18], [4, 13, 5, 14], [6, 23, 7, 24], [8, 21, 9, 22], [10, 16, 11, 15], [12, 3, 13, 4], [14, 20, 15, 19], [16, 1, 17, 2]]"
12a_1118_154,"[[16, 1, 17, 2], [18, 12, 19, 11], [20, 9, 21, 10], [22, 7, 23, 8], [24, 5, 1, 6], [2, 17, 3, 18], [4, 13, 5, 14], [6, 23, 7, 24], [8, 21, 9, 22], [10, 16, 11, 15], [12, 3, 13, 4], [14, 20, 15, 19]]"
12a_1118_155,"[[14, 20, 15, 19], [16, 1, 17, 2], [18, 12, 19, 11], [20, 9, 21, 10], [22, 7, 23, 8], [24, 5, 1, 6], [2, 17, 3, 18], [4, 13, 5, 14], [6, 23, 7, 24], [8, 21, 9, 22], [10, 16, 11, 15], [12, 3, 13, 4]]"
12a_1118_156,"[[13, 4, 14, 5], [15, 21, 16, 20], [17, 2, 18, 3], [19, 13, 20, 12], [21, 10, 22, 11], [23, 8, 24, 9], [1, 6, 2, 7], [3, 18, 4, 19], [5, 14, 6, 15], [7, 24, 8, 1], [9, 22, 10, 23], [11, 17, 12, 16]]"
12a_1118_157,"[[11, 17, 12, 16], [13, 4, 14, 5], [15, 21, 16, 20], [17, 2, 18, 3], [19, 13, 20, 12], [21, 10, 22, 11], [23, 8, 24, 9], [1, 6, 2, 7], [3, 18, 4, 19], [5, 14, 6, 15], [7, 24, 8, 1], [9, 22, 10, 23]]"
12a_1118_158,"[[9, 22, 10, 23], [11, 17, 12, 16], [13, 4, 14, 5], [15, 21, 16, 20], [17, 2, 18, 3], [19, 13, 20, 12], [21, 10, 22, 11], [23, 8, 24, 9], [1, 6, 2, 7], [3, 18, 4, 19], [5, 14, 6, 15], [7, 24, 8, 1]]"
12a_1118_159,"[[7, 24, 8, 1], [9, 22, 10, 23], [11, 17, 12, 16], [13, 4, 14, 5], [15, 21, 16, 20], [17, 2, 18, 3], [19, 13, 20, 12], [21, 10, 22, 11], [23, 8, 24, 9], [1, 6, 2, 7], [3, 18, 4, 19], [5, 14, 6, 15]]"
12a_1118_160,"[[5, 14, 6, 15], [7, 24, 8, 1], [9, 22, 10, 23], [11, 17, 12, 16], [13, 4, 14, 5], [15, 21, 16, 20], [17, 2, 18, 3], [19, 13, 20, 12], [21, 10, 22, 11], [23, 8, 24, 9], [1, 6, 2, 7], [3, 18, 4, 19]]"
12a_1118_161,"[[3, 18, 4, 19], [5, 14, 6, 15], [7, 24, 8, 1], [9, 22, 10, 23], [11, 17, 12, 16], [13, 4, 14, 5], [15, 21, 16, 20], [17, 2, 18, 3], [19, 13, 20, 12], [21, 10, 22, 11], [23, 8, 24, 9], [1, 6, 2, 7]]"
12a_1118_162,"[[1, 6, 2, 7], [3, 18, 4, 19], [5, 14, 6, 15], [7, 24, 8, 1], [9, 22, 10, 23], [11, 17, 12, 16], [13, 4, 14, 5], [15, 21, 16, 20], [17, 2, 18, 3], [19, 13, 20, 12], [21, 10, 22, 11], [23, 8, 24, 9]]"
12a_1118_163,"[[23, 8, 24, 9], [1, 6, 2, 7], [3, 18, 4, 19], [5, 14, 6, 15], [7, 24, 8, 1], [9, 22, 10, 23], [11, 17, 12, 16], [13, 4, 14, 5], [15, 21, 16, 20], [17, 2, 18, 3], [19, 13, 20, 12], [21, 10, 22, 11]]"
12a_1118_164,"[[21, 10, 22, 11], [23, 8, 24, 9], [1, 6, 2, 7], [3, 18, 4, 19], [5, 14, 6, 15], [7, 24, 8, 1], [9, 22, 10, 23], [11, 17, 12, 16], [13, 4, 14, 5], [15, 21, 16, 20], [17, 2, 18, 3], [19, 13, 20, 12]]"
12a_1118_165,"[[19, 13, 20, 12], [21, 10, 22, 11], [23, 8, 24, 9], [1, 6, 2, 7], [3, 18, 4, 19], [5, 14, 6, 15], [7, 24, 8, 1], [9, 22, 10, 23], [11, 17, 12, 16], [13, 4, 14, 5], [15, 21, 16, 20], [17, 2, 18, 3]]"
12a_1118_166,"[[17, 2, 18, 3], [19, 13, 20, 12], [21, 10, 22, 11], [23, 8, 24, 9], [1, 6, 2, 7], [3, 18, 4, 19], [5, 14, 6, 15], [7, 24, 8, 1], [9, 22, 10, 23], [11, 17, 12, 16], [13, 4, 14, 5], [15, 21, 16, 20]]"
12a_1118_167,"[[15, 21, 16, 20], [17, 2, 18, 3], [19, 13, 20, 12], [21, 10, 22, 11], [23, 8, 24, 9], [1, 6, 2, 7], [3, 18, 4, 19], [5, 14, 6, 15], [7, 24, 8, 1], [9, 22, 10, 23], [11, 17, 12, 16], [13, 4, 14, 5]]"
12a_1118_168,"[[14, 5, 15, 6], [16, 22, 17, 21], [18, 3, 19, 4], [20, 14, 21, 13], [22, 11, 23, 12], [24, 9, 1, 10], [2, 7, 3, 8], [4, 19, 5, 20], [6, 15, 7, 16], [8, 1, 9, 2], [10, 23, 11, 24], [12, 18, 13, 17]]"
12a_1118_169,"[[12, 18, 13, 17], [14, 5, 15, 6], [16, 22, 17, 21], [18, 3, 19, 4], [20, 14, 21, 13], [22, 11, 23, 12], [24, 9, 1, 10], [2, 7, 3, 8], [4, 19, 5, 20], [6, 15, 7, 16], [8, 1, 9, 2], [10, 23, 11, 24]]"
12a_1118_170,"[[10, 23, 11, 24], [12, 18, 13, 17], [14, 5, 15, 6], [16, 22, 17, 21], [18, 3, 19, 4], [20, 14, 21, 13], [22, 11, 23, 12], [24, 9, 1, 10], [2, 7, 3, 8], [4, 19, 5, 20], [6, 15, 7, 16], [8, 1, 9, 2]]"
12a_1118_171,"[[8, 1, 9, 2], [10, 23, 11, 24], [12, 18, 13, 17], [14, 5, 15, 6], [16, 22, 17, 21], [18, 3, 19, 4], [20, 14, 21, 13], [22, 11, 23, 12], [24, 9, 1, 10], [2, 7, 3, 8], [4, 19, 5, 20], [6, 15, 7, 16]]"
12a_1118_172,"[[6, 15, 7, 16], [8, 1, 9, 2], [10, 23, 11, 24], [12, 18, 13, 17], [14, 5, 15, 6], [16, 22, 17, 21], [18, 3, 19, 4], [20, 14, 21, 13], [22, 11, 23, 12], [24, 9, 1, 10], [2, 7, 3, 8], [4, 19, 5, 20]]"
12a_1118_173,"[[4, 19, 5, 20], [6, 15, 7, 16], [8, 1, 9, 2], [10, 23, 11, 24], [12, 18, 13, 17], [14, 5, 15, 6], [16, 22, 17, 21], [18, 3, 19, 4], [20, 14, 21, 13], [22, 11, 23, 12], [24, 9, 1, 10], [2, 7, 3, 8]]"
12a_1118_174,"[[2, 7, 3, 8], [4, 19, 5, 20], [6, 15, 7, 16], [8, 1, 9, 2], [10, 23, 11, 24], [12, 18, 13, 17], [14, 5, 15, 6], [16, 22, 17, 21], [18, 3, 19, 4], [20, 14, 21, 13], [22, 11, 23, 12], [24, 9, 1, 10]]"
12a_1118_175,"[[24, 9, 1, 10], [2, 7, 3, 8], [4, 19, 5, 20], [6, 15, 7, 16], [8, 1, 9, 2], [10, 23, 11, 24], [12, 18, 13, 17], [14, 5, 15, 6], [16, 22, 17, 21], [18, 3, 19, 4], [20, 14, 21, 13], [22, 11, 23, 12]]"
12a_1118_176,"[[22, 11, 23, 12], [24, 9, 1, 10], [2, 7, 3, 8], [4, 19, 5, 20], [6, 15, 7, 16], [8, 1, 9, 2], [10, 23, 11, 24], [12, 18, 13, 17], [14, 5, 15, 6], [16, 22, 17, 21], [18, 3, 19, 4], [20, 14, 21, 13]]"
12a_1118_177,"[[20, 14, 21, 13], [22, 11, 23, 12], [24, 9, 1, 10], [2, 7, 3, 8], [4, 19, 5, 20], [6, 15, 7, 16], [8, 1, 9, 2], [10, 23, 11, 24], [12, 18, 13, 17], [14, 5, 15, 6], [16, 22, 17, 21], [18, 3, 19, 4]]"
12a_1118_178,"[[18, 3, 19, 4], [20, 14, 21, 13], [22, 11, 23, 12], [24, 9, 1, 10], [2, 7, 3, 8], [4, 19, 5, 20], [6, 15, 7, 16], [8, 1, 9, 2], [10, 23, 11, 24], [12, 18, 13, 17], [14, 5, 15, 6], [16, 22, 17, 21]]"
12a_1118_179,"[[16, 22, 17, 21], [18, 3, 19, 4], [20, 14, 21, 13], [22, 11, 23, 12], [24, 9, 1, 10], [2, 7, 3, 8], [4, 19, 5, 20], [6, 15, 7, 16], [8, 1, 9, 2], [10, 23, 11, 24], [12, 18, 13, 17], [14, 5, 15, 6]]"
12a_1118_180,"[[15, 6, 16, 7], [17, 23, 18, 22], [19, 4, 20, 5], [21, 15, 22, 14], [23, 12, 24, 13], [1, 10, 2, 11], [3, 8, 4, 9], [5, 20, 6, 21], [7, 16, 8, 17], [9, 2, 10, 3], [11, 24, 12, 1], [13, 19, 14, 18]]"
12a_1118_181,"[[13, 19, 14, 18], [15, 6, 16, 7], [17, 23, 18, 22], [19, 4, 20, 5], [21, 15, 22, 14], [23, 12, 24, 13], [1, 10, 2, 11], [3, 8, 4, 9], [5, 20, 6, 21], [7, 16, 8, 17], [9, 2, 10, 3], [11, 24, 12, 1]]"
12a_1118_182,"[[11, 24, 12, 1], [13, 19, 14, 18], [15, 6, 16, 7], [17, 23, 18, 22], [19, 4, 20, 5], [21, 15, 22, 14], [23, 12, 24, 13], [1, 10, 2, 11], [3, 8, 4, 9], [5, 20, 6, 21], [7, 16, 8, 17], [9, 2, 10, 3]]"
12a_1118_183,"[[9, 2, 10, 3], [11, 24, 12, 1], [13, 19, 14, 18], [15, 6, 16, 7], [17, 23, 18, 22], [19, 4, 20, 5], [21, 15, 22, 14], [23, 12, 24, 13], [1, 10, 2, 11], [3, 8, 4, 9], [5, 20, 6, 21], [7, 16, 8, 17]]"
12a_1118_184,"[[7, 16, 8, 17], [9, 2, 10, 3], [11, 24, 12, 1], [13, 19, 14, 18], [15, 6, 16, 7], [17, 23, 18, 22], [19, 4, 20, 5], [21, 15, 22, 14], [23, 12, 24, 13], [1, 10, 2, 11], [3, 8, 4, 9], [5, 20, 6, 21]]"
12a_1118_185,"[[5, 20, 6, 21], [7, 16, 8, 17], [9, 2, 10, 3], [11, 24, 12, 1], [13, 19, 14, 18], [15, 6, 16, 7], [17, 23, 18, 22], [19, 4, 20, 5], [21, 15, 22, 14], [23, 12, 24, 13], [1, 10, 2, 11], [3, 8, 4, 9]]"
