name,pd_notation
12a_1110_0,"[[24, 15, 1, 16], [2, 8, 3, 7], [4, 14, 5, 13], [6, 22, 7, 21], [8, 2, 9, 1], [10, 23, 11, 24], [12, 6, 13, 5], [14, 20, 15, 19], [16, 9, 17, 10], [18, 12, 19, 11], [20, 4, 21, 3], [22, 18, 23, 17]]"
12a_1110_1,"[[22, 18, 23, 17], [24, 15, 1, 16], [2, 8, 3, 7], [4, 14, 5, 13], [6, 22, 7, 21], [8, 2, 9, 1], [10, 23, 11, 24], [12, 6, 13, 5], [14, 20, 15, 19], [16, 9, 17, 10], [18, 12, 19, 11], [20, 4, 21, 3]]"
12a_1110_2,"[[20, 4, 21, 3], [22, 18, 23, 17], [24, 15, 1, 16], [2, 8, 3, 7], [4, 14, 5, 13], [6, 22, 7, 21], [8, 2, 9, 1], [10, 23, 11, 24], [12, 6, 13, 5], [14, 20, 15, 19], [16, 9, 17, 10], [18, 12, 19, 11]]"
12a_1110_3,"[[18, 12, 19, 11], [20, 4, 21, 3], [22, 18, 23, 17], [24, 15, 1, 16], [2, 8, 3, 7], [4, 14, 5, 13], [6, 22, 7, 21], [8, 2, 9, 1], [10, 23, 11, 24], [12, 6, 13, 5], [14, 20, 15, 19], [16, 9, 17, 10]]"
12a_1110_4,"[[16, 9, 17, 10], [18, 12, 19, 11], [20, 4, 21, 3], [22, 18, 23, 17], [24, 15, 1, 16], [2, 8, 3, 7], [4, 14, 5, 13], [6, 22, 7, 21], [8, 2, 9, 1], [10, 23, 11, 24], [12, 6, 13, 5], [14, 20, 15, 19]]"
12a_1110_5,"[[14, 20, 15, 19], [16, 9, 17, 10], [18, 12, 19, 11], [20, 4, 21, 3], [22, 18, 23, 17], [24, 15, 1, 16], [2, 8, 3, 7], [4, 14, 5, 13], [6, 22, 7, 21], [8, 2, 9, 1], [10, 23, 11, 24], [12, 6, 13, 5]]"
12a_1110_6,"[[12, 6, 13, 5], [14, 20, 15, 19], [16, 9, 17, 10], [18, 12, 19, 11], [20, 4, 21, 3], [22, 18, 23, 17], [24, 15, 1, 16], [2, 8, 3, 7], [4, 14, 5, 13], [6, 22, 7, 21], [8, 2, 9, 1], [10, 23, 11, 24]]"
12a_1110_7,"[[10, 23, 11, 24], [12, 6, 13, 5], [14, 20, 15, 19], [16, 9, 17, 10], [18, 12, 19, 11], [20, 4, 21, 3], [22, 18, 23, 17], [24, 15, 1, 16], [2, 8, 3, 7], [4, 14, 5, 13], [6, 22, 7, 21], [8, 2, 9, 1]]"
12a_1110_8,"[[8, 2, 9, 1], [10, 23, 11, 24], [12, 6, 13, 5], [14, 20, 15, 19], [16, 9, 17, 10], [18, 12, 19, 11], [20, 4, 21, 3], [22, 18, 23, 17], [24, 15, 1, 16], [2, 8, 3, 7], [4, 14, 5, 13], [6, 22, 7, 21]]"
12a_1110_9,"[[6, 22, 7, 21], [8, 2, 9, 1], [10, 23, 11, 24], [12, 6, 13, 5], [14, 20, 15, 19], [16, 9, 17, 10], [18, 12, 19, 11], [20, 4, 21, 3], [22, 18, 23, 17], [24, 15, 1, 16], [2, 8, 3, 7], [4, 14, 5, 13]]"
12a_1110_10,"[[4, 14, 5, 13], [6, 22, 7, 21], [8, 2, 9, 1], [10, 23, 11, 24], [12, 6, 13, 5], [14, 20, 15, 19], [16, 9, 17, 10], [18, 12, 19, 11], [20, 4, 21, 3], [22, 18, 23, 17], [24, 15, 1, 16], [2, 8, 3, 7]]"
12a_1110_11,"[[2, 8, 3, 7], [4, 14, 5, 13], [6, 22, 7, 21], [8, 2, 9, 1], [10, 23, 11, 24], [12, 6, 13, 5], [14, 20, 15, 19], [16, 9, 17, 10], [18, 12, 19, 11], [20, 4, 21, 3], [22, 18, 23, 17], [24, 15, 1, 16]]"
12a_1110_12,"[[1, 16, 2, 17], [3, 9, 4, 8], [5, 15, 6, 14], [7, 23, 8, 22], [9, 3, 10, 2], [11, 24, 12, 1], [13, 7, 14, 6], [15, 21, 16, 20], [17, 10, 18, 11], [19, 13, 20, 12], [21, 5, 22, 4], [23, 19, 24, 18]]"
12a_1110_13,"[[23, 19, 24, 18], [1, 16, 2, 17], [3, 9, 4, 8], [5, 15, 6, 14], [7, 23, 8, 22], [9, 3, 10, 2], [11, 24, 12, 1], [13, 7, 14, 6], [15, 21, 16, 20], [17, 10, 18, 11], [19, 13, 20, 12], [21, 5, 22, 4]]"
12a_1110_14,"[[21, 5, 22, 4], [23, 19, 24, 18], [1, 16, 2, 17], [3, 9, 4, 8], [5, 15, 6, 14], [7, 23, 8, 22], [9, 3, 10, 2], [11, 24, 12, 1], [13, 7, 14, 6], [15, 21, 16, 20], [17, 10, 18, 11], [19, 13, 20, 12]]"
12a_1110_15,"[[19, 13, 20, 12], [21, 5, 22, 4], [23, 19, 24, 18], [1, 16, 2, 17], [3, 9, 4, 8], [5, 15, 6, 14], [7, 23, 8, 22], [9, 3, 10, 2], [11, 24, 12, 1], [13, 7, 14, 6], [15, 21, 16, 20], [17, 10, 18, 11]]"
12a_1110_16,"[[17, 10, 18, 11], [19, 13, 20, 12], [21, 5, 22, 4], [23, 19, 24, 18], [1, 16, 2, 17], [3, 9, 4, 8], [5, 15, 6, 14], [7, 23, 8, 22], [9, 3, 10, 2], [11, 24, 12, 1], [13, 7, 14, 6], [15, 21, 16, 20]]"
12a_1110_17,"[[15, 21, 16, 20], [17, 10, 18, 11], [19, 13, 20, 12], [21, 5, 22, 4], [23, 19, 24, 18], [1, 16, 2, 17], [3, 9, 4, 8], [5, 15, 6, 14], [7, 23, 8, 22], [9, 3, 10, 2], [11, 24, 12, 1], [13, 7, 14, 6]]"
12a_1110_18,"[[13, 7, 14, 6], [15, 21, 16, 20], [17, 10, 18, 11], [19, 13, 20, 12], [21, 5, 22, 4], [23, 19, 24, 18], [1, 16, 2, 17], [3, 9, 4, 8], [5, 15, 6, 14], [7, 23, 8, 22], [9, 3, 10, 2], [11, 24, 12, 1]]"
12a_1110_19,"[[11, 24, 12, 1], [13, 7, 14, 6], [15, 21, 16, 20], [17, 10, 18, 11], [19, 13, 20, 12], [21, 5, 22, 4], [23, 19, 24, 18], [1, 16, 2, 17], [3, 9, 4, 8], [5, 15, 6, 14], [7, 23, 8, 22], [9, 3, 10, 2]]"
12a_1110_20,"[[9, 3, 10, 2], [11, 24, 12, 1], [13, 7, 14, 6], [15, 21, 16, 20], [17, 10, 18, 11], [19, 13, 20, 12], [21, 5, 22, 4], [23, 19, 24, 18], [1, 16, 2, 17], [3, 9, 4, 8], [5, 15, 6, 14], [7, 23, 8, 22]]"
12a_1110_21,"[[7, 23, 8, 22], [9, 3, 10, 2], [11, 24, 12, 1], [13, 7, 14, 6], [15, 21, 16, 20], [17, 10, 18, 11], [19, 13, 20, 12], [21, 5, 22, 4], [23, 19, 24, 18], [1, 16, 2, 17], [3, 9, 4, 8], [5, 15, 6, 14]]"
12a_1110_22,"[[5, 15, 6, 14], [7, 23, 8, 22], [9, 3, 10, 2], [11, 24, 12, 1], [13, 7, 14, 6], [15, 21, 16, 20], [17, 10, 18, 11], [19, 13, 20, 12], [21, 5, 22, 4], [23, 19, 24, 18], [1, 16, 2, 17], [3, 9, 4, 8]]"
12a_1110_23,"[[3, 9, 4, 8], [5, 15, 6, 14], [7, 23, 8, 22], [9, 3, 10, 2], [11, 24, 12, 1], [13, 7, 14, 6], [15, 21, 16, 20], [17, 10, 18, 11], [19, 13, 20, 12], [21, 5, 22, 4], [23, 19, 24, 18], [1, 16, 2, 17]]"
12a_1110_24,"[[2, 17, 3, 18], [4, 10, 5, 9], [6, 16, 7, 15], [8, 24, 9, 23], [10, 4, 11, 3], [12, 1, 13, 2], [14, 8, 15, 7], [16, 22, 17, 21], [18, 11, 19, 12], [20, 14, 21, 13], [22, 6, 23, 5], [24, 20, 1, 19]]"
12a_1110_25,"[[24, 20, 1, 19], [2, 17, 3, 18], [4, 10, 5, 9], [6, 16, 7, 15], [8, 24, 9, 23], [10, 4, 11, 3], [12, 1, 13, 2], [14, 8, 15, 7], [16, 22, 17, 21], [18, 11, 19, 12], [20, 14, 21, 13], [22, 6, 23, 5]]"
12a_1110_26,"[[22, 6, 23, 5], [24, 20, 1, 19], [2, 17, 3, 18], [4, 10, 5, 9], [6, 16, 7, 15], [8, 24, 9, 23], [10, 4, 11, 3], [12, 1, 13, 2], [14, 8, 15, 7], [16, 22, 17, 21], [18, 11, 19, 12], [20, 14, 21, 13]]"
12a_1110_27,"[[20, 14, 21, 13], [22, 6, 23, 5], [24, 20, 1, 19], [2, 17, 3, 18], [4, 10, 5, 9], [6, 16, 7, 15], [8, 24, 9, 23], [10, 4, 11, 3], [12, 1, 13, 2], [14, 8, 15, 7], [16, 22, 17, 21], [18, 11, 19, 12]]"
12a_1110_28,"[[18, 11, 19, 12], [20, 14, 21, 13], [22, 6, 23, 5], [24, 20, 1, 19], [2, 17, 3, 18], [4, 10, 5, 9], [6, 16, 7, 15], [8, 24, 9, 23], [10, 4, 11, 3], [12, 1, 13, 2], [14, 8, 15, 7], [16, 22, 17, 21]]"
12a_1110_29,"[[16, 22, 17, 21], [18, 11, 19, 12], [20, 14, 21, 13], [22, 6, 23, 5], [24, 20, 1, 19], [2, 17, 3, 18], [4, 10, 5, 9], [6, 16, 7, 15], [8, 24, 9, 23], [10, 4, 11, 3], [12, 1, 13, 2], [14, 8, 15, 7]]"
12a_1110_30,"[[14, 8, 15, 7], [16, 22, 17, 21], [18, 11, 19, 12], [20, 14, 21, 13], [22, 6, 23, 5], [24, 20, 1, 19], [2, 17, 3, 18], [4, 10, 5, 9], [6, 16, 7, 15], [8, 24, 9, 23], [10, 4, 11, 3], [12, 1, 13, 2]]"
12a_1110_31,"[[12, 1, 13, 2], [14, 8, 15, 7], [16, 22, 17, 21], [18, 11, 19, 12], [20, 14, 21, 13], [22, 6, 23, 5], [24, 20, 1, 19], [2, 17, 3, 18], [4, 10, 5, 9], [6, 16, 7, 15], [8, 24, 9, 23], [10, 4, 11, 3]]"
12a_1110_32,"[[10, 4, 11, 3], [12, 1, 13, 2], [14, 8, 15, 7], [16, 22, 17, 21], [18, 11, 19, 12], [20, 14, 21, 13], [22, 6, 23, 5], [24, 20, 1, 19], [2, 17, 3, 18], [4, 10, 5, 9], [6, 16, 7, 15], [8, 24, 9, 23]]"
12a_1110_33,"[[8, 24, 9, 23], [10, 4, 11, 3], [12, 1, 13, 2], [14, 8, 15, 7], [16, 22, 17, 21], [18, 11, 19, 12], [20, 14, 21, 13], [22, 6, 23, 5], [24, 20, 1, 19], [2, 17, 3, 18], [4, 10, 5, 9], [6, 16, 7, 15]]"
12a_1110_34,"[[6, 16, 7, 15], [8, 24, 9, 23], [10, 4, 11, 3], [12, 1, 13, 2], [14, 8, 15, 7], [16, 22, 17, 21], [18, 11, 19, 12], [20, 14, 21, 13], [22, 6, 23, 5], [24, 20, 1, 19], [2, 17, 3, 18], [4, 10, 5, 9]]"
12a_1110_35,"[[4, 10, 5, 9], [6, 16, 7, 15], [8, 24, 9, 23], [10, 4, 11, 3], [12, 1, 13, 2], [14, 8, 15, 7], [16, 22, 17, 21], [18, 11, 19, 12], [20, 14, 21, 13], [22, 6, 23, 5], [24, 20, 1, 19], [2, 17, 3, 18]]"
12a_1110_36,"[[3, 18, 4, 19], [5, 11, 6, 10], [7, 17, 8, 16], [9, 1, 10, 24], [11, 5, 12, 4], [13, 2, 14, 3], [15, 9, 16, 8], [17, 23, 18, 22], [19, 12, 20, 13], [21, 15, 22, 14], [23, 7, 24, 6], [1, 21, 2, 20]]"
12a_1110_37,"[[1, 21, 2, 20], [3, 18, 4, 19], [5, 11, 6, 10], [7, 17, 8, 16], [9, 1, 10, 24], [11, 5, 12, 4], [13, 2, 14, 3], [15, 9, 16, 8], [17, 23, 18, 22], [19, 12, 20, 13], [21, 15, 22, 14], [23, 7, 24, 6]]"
12a_1110_38,"[[23, 7, 24, 6], [1, 21, 2, 20], [3, 18, 4, 19], [5, 11, 6, 10], [7, 17, 8, 16], [9, 1, 10, 24], [11, 5, 12, 4], [13, 2, 14, 3], [15, 9, 16, 8], [17, 23, 18, 22], [19, 12, 20, 13], [21, 15, 22, 14]]"
12a_1110_39,"[[21, 15, 22, 14], [23, 7, 24, 6], [1, 21, 2, 20], [3, 18, 4, 19], [5, 11, 6, 10], [7, 17, 8, 16], [9, 1, 10, 24], [11, 5, 12, 4], [13, 2, 14, 3], [15, 9, 16, 8], [17, 23, 18, 22], [19, 12, 20, 13]]"
12a_1110_40,"[[19, 12, 20, 13], [21, 15, 22, 14], [23, 7, 24, 6], [1, 21, 2, 20], [3, 18, 4, 19], [5, 11, 6, 10], [7, 17, 8, 16], [9, 1, 10, 24], [11, 5, 12, 4], [13, 2, 14, 3], [15, 9, 16, 8], [17, 23, 18, 22]]"
12a_1110_41,"[[17, 23, 18, 22], [19, 12, 20, 13], [21, 15, 22, 14], [23, 7, 24, 6], [1, 21, 2, 20], [3, 18, 4, 19], [5, 11, 6, 10], [7, 17, 8, 16], [9, 1, 10, 24], [11, 5, 12, 4], [13, 2, 14, 3], [15, 9, 16, 8]]"
12a_1110_42,"[[15, 9, 16, 8], [17, 23, 18, 22], [19, 12, 20, 13], [21, 15, 22, 14], [23, 7, 24, 6], [1, 21, 2, 20], [3, 18, 4, 19], [5, 11, 6, 10], [7, 17, 8, 16], [9, 1, 10, 24], [11, 5, 12, 4], [13, 2, 14, 3]]"
12a_1110_43,"[[13, 2, 14, 3], [15, 9, 16, 8], [17, 23, 18, 22], [19, 12, 20, 13], [21, 15, 22, 14], [23, 7, 24, 6], [1, 21, 2, 20], [3, 18, 4, 19], [5, 11, 6, 10], [7, 17, 8, 16], [9, 1, 10, 24], [11, 5, 12, 4]]"
12a_1110_44,"[[11, 5, 12, 4], [13, 2, 14, 3], [15, 9, 16, 8], [17, 23, 18, 22], [19, 12, 20, 13], [21, 15, 22, 14], [23, 7, 24, 6], [1, 21, 2, 20], [3, 18, 4, 19], [5, 11, 6, 10], [7, 17, 8, 16], [9, 1, 10, 24]]"
12a_1110_45,"[[9, 1, 10, 24], [11, 5, 12, 4], [13, 2, 14, 3], [15, 9, 16, 8], [17, 23, 18, 22], [19, 12, 20, 13], [21, 15, 22, 14], [23, 7, 24, 6], [1, 21, 2, 20], [3, 18, 4, 19], [5, 11, 6, 10], [7, 17, 8, 16]]"
12a_1110_46,"[[7, 17, 8, 16], [9, 1, 10, 24], [11, 5, 12, 4], [13, 2, 14, 3], [15, 9, 16, 8], [17, 23, 18, 22], [19, 12, 20, 13], [21, 15, 22, 14], [23, 7, 24, 6], [1, 21, 2, 20], [3, 18, 4, 19], [5, 11, 6, 10]]"
12a_1110_47,"[[5, 11, 6, 10], [7, 17, 8, 16], [9, 1, 10, 24], [11, 5, 12, 4], [13, 2, 14, 3], [15, 9, 16, 8], [17, 23, 18, 22], [19, 12, 20, 13], [21, 15, 22, 14], [23, 7, 24, 6], [1, 21, 2, 20], [3, 18, 4, 19]]"
12a_1110_48,"[[4, 19, 5, 20], [6, 12, 7, 11], [8, 18, 9, 17], [10, 2, 11, 1], [12, 6, 13, 5], [14, 3, 15, 4], [16, 10, 17, 9], [18, 24, 19, 23], [20, 13, 21, 14], [22, 16, 23, 15], [24, 8, 1, 7], [2, 22, 3, 21]]"
12a_1110_49,"[[2, 22, 3, 21], [4, 19, 5, 20], [6, 12, 7, 11], [8, 18, 9, 17], [10, 2, 11, 1], [12, 6, 13, 5], [14, 3, 15, 4], [16, 10, 17, 9], [18, 24, 19, 23], [20, 13, 21, 14], [22, 16, 23, 15], [24, 8, 1, 7]]"
12a_1110_50,"[[24, 8, 1, 7], [2, 22, 3, 21], [4, 19, 5, 20], [6, 12, 7, 11], [8, 18, 9, 17], [10, 2, 11, 1], [12, 6, 13, 5], [14, 3, 15, 4], [16, 10, 17, 9], [18, 24, 19, 23], [20, 13, 21, 14], [22, 16, 23, 15]]"
12a_1110_51,"[[22, 16, 23, 15], [24, 8, 1, 7], [2, 22, 3, 21], [4, 19, 5, 20], [6, 12, 7, 11], [8, 18, 9, 17], [10, 2, 11, 1], [12, 6, 13, 5], [14, 3, 15, 4], [16, 10, 17, 9], [18, 24, 19, 23], [20, 13, 21, 14]]"
12a_1110_52,"[[20, 13, 21, 14], [22, 16, 23, 15], [24, 8, 1, 7], [2, 22, 3, 21], [4, 19, 5, 20], [6, 12, 7, 11], [8, 18, 9, 17], [10, 2, 11, 1], [12, 6, 13, 5], [14, 3, 15, 4], [16, 10, 17, 9], [18, 24, 19, 23]]"
12a_1110_53,"[[18, 24, 19, 23], [20, 13, 21, 14], [22, 16, 23, 15], [24, 8, 1, 7], [2, 22, 3, 21], [4, 19, 5, 20], [6, 12, 7, 11], [8, 18, 9, 17], [10, 2, 11, 1], [12, 6, 13, 5], [14, 3, 15, 4], [16, 10, 17, 9]]"
12a_1110_54,"[[16, 10, 17, 9], [18, 24, 19, 23], [20, 13, 21, 14], [22, 16, 23, 15], [24, 8, 1, 7], [2, 22, 3, 21], [4, 19, 5, 20], [6, 12, 7, 11], [8, 18, 9, 17], [10, 2, 11, 1], [12, 6, 13, 5], [14, 3, 15, 4]]"
12a_1110_55,"[[14, 3, 15, 4], [16, 10, 17, 9], [18, 24, 19, 23], [20, 13, 21, 14], [22, 16, 23, 15], [24, 8, 1, 7], [2, 22, 3, 21], [4, 19, 5, 20], [6, 12, 7, 11], [8, 18, 9, 17], [10, 2, 11, 1], [12, 6, 13, 5]]"
12a_1110_56,"[[12, 6, 13, 5], [14, 3, 15, 4], [16, 10, 17, 9], [18, 24, 19, 23], [20, 13, 21, 14], [22, 16, 23, 15], [24, 8, 1, 7], [2, 22, 3, 21], [4, 19, 5, 20], [6, 12, 7, 11], [8, 18, 9, 17], [10, 2, 11, 1]]"
12a_1110_57,"[[10, 2, 11, 1], [12, 6, 13, 5], [14, 3, 15, 4], [16, 10, 17, 9], [18, 24, 19, 23], [20, 13, 21, 14], [22, 16, 23, 15], [24, 8, 1, 7], [2, 22, 3, 21], [4, 19, 5, 20], [6, 12, 7, 11], [8, 18, 9, 17]]"
12a_1110_58,"[[8, 18, 9, 17], [10, 2, 11, 1], [12, 6, 13, 5], [14, 3, 15, 4], [16, 10, 17, 9], [18, 24, 19, 23], [20, 13, 21, 14], [22, 16, 23, 15], [24, 8, 1, 7], [2, 22, 3, 21], [4, 19, 5, 20], [6, 12, 7, 11]]"
12a_1110_59,"[[6, 12, 7, 11], [8, 18, 9, 17], [10, 2, 11, 1], [12, 6, 13, 5], [14, 3, 15, 4], [16, 10, 17, 9], [18, 24, 19, 23], [20, 13, 21, 14], [22, 16, 23, 15], [24, 8, 1, 7], [2, 22, 3, 21], [4, 19, 5, 20]]"
12a_1110_60,"[[5, 20, 6, 21], [7, 13, 8, 12], [9, 19, 10, 18], [11, 3, 12, 2], [13, 7, 14, 6], [15, 4, 16, 5], [17, 11, 18, 10], [19, 1, 20, 24], [21, 14, 22, 15], [23, 17, 24, 16], [1, 9, 2, 8], [3, 23, 4, 22]]"
12a_1110_61,"[[3, 23, 4, 22], [5, 20, 6, 21], [7, 13, 8, 12], [9, 19, 10, 18], [11, 3, 12, 2], [13, 7, 14, 6], [15, 4, 16, 5], [17, 11, 18, 10], [19, 1, 20, 24], [21, 14, 22, 15], [23, 17, 24, 16], [1, 9, 2, 8]]"
12a_1110_62,"[[1, 9, 2, 8], [3, 23, 4, 22], [5, 20, 6, 21], [7, 13, 8, 12], [9, 19, 10, 18], [11, 3, 12, 2], [13, 7, 14, 6], [15, 4, 16, 5], [17, 11, 18, 10], [19, 1, 20, 24], [21, 14, 22, 15], [23, 17, 24, 16]]"
12a_1110_63,"[[23, 17, 24, 16], [1, 9, 2, 8], [3, 23, 4, 22], [5, 20, 6, 21], [7, 13, 8, 12], [9, 19, 10, 18], [11, 3, 12, 2], [13, 7, 14, 6], [15, 4, 16, 5], [17, 11, 18, 10], [19, 1, 20, 24], [21, 14, 22, 15]]"
12a_1110_64,"[[21, 14, 22, 15], [23, 17, 24, 16], [1, 9, 2, 8], [3, 23, 4, 22], [5, 20, 6, 21], [7, 13, 8, 12], [9, 19, 10, 18], [11, 3, 12, 2], [13, 7, 14, 6], [15, 4, 16, 5], [17, 11, 18, 10], [19, 1, 20, 24]]"
12a_1110_65,"[[19, 1, 20, 24], [21, 14, 22, 15], [23, 17, 24, 16], [1, 9, 2, 8], [3, 23, 4, 22], [5, 20, 6, 21], [7, 13, 8, 12], [9, 19, 10, 18], [11, 3, 12, 2], [13, 7, 14, 6], [15, 4, 16, 5], [17, 11, 18, 10]]"
12a_1110_66,"[[17, 11, 18, 10], [19, 1, 20, 24], [21, 14, 22, 15], [23, 17, 24, 16], [1, 9, 2, 8], [3, 23, 4, 22], [5, 20, 6, 21], [7, 13, 8, 12], [9, 19, 10, 18], [11, 3, 12, 2], [13, 7, 14, 6], [15, 4, 16, 5]]"
12a_1110_67,"[[15, 4, 16, 5], [17, 11, 18, 10], [19, 1, 20, 24], [21, 14, 22, 15], [23, 17, 24, 16], [1, 9, 2, 8], [3, 23, 4, 22], [5, 20, 6, 21], [7, 13, 8, 12], [9, 19, 10, 18], [11, 3, 12, 2], [13, 7, 14, 6]]"
12a_1110_68,"[[13, 7, 14, 6], [15, 4, 16, 5], [17, 11, 18, 10], [19, 1, 20, 24], [21, 14, 22, 15], [23, 17, 24, 16], [1, 9, 2, 8], [3, 23, 4, 22], [5, 20, 6, 21], [7, 13, 8, 12], [9, 19, 10, 18], [11, 3, 12, 2]]"
12a_1110_69,"[[11, 3, 12, 2], [13, 7, 14, 6], [15, 4, 16, 5], [17, 11, 18, 10], [19, 1, 20, 24], [21, 14, 22, 15], [23, 17, 24, 16], [1, 9, 2, 8], [3, 23, 4, 22], [5, 20, 6, 21], [7, 13, 8, 12], [9, 19, 10, 18]]"
12a_1110_70,"[[9, 19, 10, 18], [11, 3, 12, 2], [13, 7, 14, 6], [15, 4, 16, 5], [17, 11, 18, 10], [19, 1, 20, 24], [21, 14, 22, 15], [23, 17, 24, 16], [1, 9, 2, 8], [3, 23, 4, 22], [5, 20, 6, 21], [7, 13, 8, 12]]"
12a_1110_71,"[[7, 13, 8, 12], [9, 19, 10, 18], [11, 3, 12, 2], [13, 7, 14, 6], [15, 4, 16, 5], [17, 11, 18, 10], [19, 1, 20, 24], [21, 14, 22, 15], [23, 17, 24, 16], [1, 9, 2, 8], [3, 23, 4, 22], [5, 20, 6, 21]]"
12a_1110_72,"[[6, 21, 7, 22], [8, 14, 9, 13], [10, 20, 11, 19], [12, 4, 13, 3], [14, 8, 15, 7], [16, 5, 17, 6], [18, 12, 19, 11], [20, 2, 21, 1], [22, 15, 23, 16], [24, 18, 1, 17], [2, 10, 3, 9], [4, 24, 5, 23]]"
12a_1110_73,"[[4, 24, 5, 23], [6, 21, 7, 22], [8, 14, 9, 13], [10, 20, 11, 19], [12, 4, 13, 3], [14, 8, 15, 7], [16, 5, 17, 6], [18, 12, 19, 11], [20, 2, 21, 1], [22, 15, 23, 16], [24, 18, 1, 17], [2, 10, 3, 9]]"
12a_1110_74,"[[2, 10, 3, 9], [4, 24, 5, 23], [6, 21, 7, 22], [8, 14, 9, 13], [10, 20, 11, 19], [12, 4, 13, 3], [14, 8, 15, 7], [16, 5, 17, 6], [18, 12, 19, 11], [20, 2, 21, 1], [22, 15, 23, 16], [24, 18, 1, 17]]"
12a_1110_75,"[[24, 18, 1, 17], [2, 10, 3, 9], [4, 24, 5, 23], [6, 21, 7, 22], [8, 14, 9, 13], [10, 20, 11, 19], [12, 4, 13, 3], [14, 8, 15, 7], [16, 5, 17, 6], [18, 12, 19, 11], [20, 2, 21, 1], [22, 15, 23, 16]]"
12a_1110_76,"[[22, 15, 23, 16], [24, 18, 1, 17], [2, 10, 3, 9], [4, 24, 5, 23], [6, 21, 7, 22], [8, 14, 9, 13], [10, 20, 11, 19], [12, 4, 13, 3], [14, 8, 15, 7], [16, 5, 17, 6], [18, 12, 19, 11], [20, 2, 21, 1]]"
12a_1110_77,"[[20, 2, 21, 1], [22, 15, 23, 16], [24, 18, 1, 17], [2, 10, 3, 9], [4, 24, 5, 23], [6, 21, 7, 22], [8, 14, 9, 13], [10, 20, 11, 19], [12, 4, 13, 3], [14, 8, 15, 7], [16, 5, 17, 6], [18, 12, 19, 11]]"
12a_1110_78,"[[18, 12, 19, 11], [20, 2, 21, 1], [22, 15, 23, 16], [24, 18, 1, 17], [2, 10, 3, 9], [4, 24, 5, 23], [6, 21, 7, 22], [8, 14, 9, 13], [10, 20, 11, 19], [12, 4, 13, 3], [14, 8, 15, 7], [16, 5, 17, 6]]"
12a_1110_79,"[[16, 5, 17, 6], [18, 12, 19, 11], [20, 2, 21, 1], [22, 15, 23, 16], [24, 18, 1, 17], [2, 10, 3, 9], [4, 24, 5, 23], [6, 21, 7, 22], [8, 14, 9, 13], [10, 20, 11, 19], [12, 4, 13, 3], [14, 8, 15, 7]]"
12a_1110_80,"[[14, 8, 15, 7], [16, 5, 17, 6], [18, 12, 19, 11], [20, 2, 21, 1], [22, 15, 23, 16], [24, 18, 1, 17], [2, 10, 3, 9], [4, 24, 5, 23], [6, 21, 7, 22], [8, 14, 9, 13], [10, 20, 11, 19], [12, 4, 13, 3]]"
12a_1110_81,"[[12, 4, 13, 3], [14, 8, 15, 7], [16, 5, 17, 6], [18, 12, 19, 11], [20, 2, 21, 1], [22, 15, 23, 16], [24, 18, 1, 17], [2, 10, 3, 9], [4, 24, 5, 23], [6, 21, 7, 22], [8, 14, 9, 13], [10, 20, 11, 19]]"
12a_1110_82,"[[10, 20, 11, 19], [12, 4, 13, 3], [14, 8, 15, 7], [16, 5, 17, 6], [18, 12, 19, 11], [20, 2, 21, 1], [22, 15, 23, 16], [24, 18, 1, 17], [2, 10, 3, 9], [4, 24, 5, 23], [6, 21, 7, 22], [8, 14, 9, 13]]"
12a_1110_83,"[[8, 14, 9, 13], [10, 20, 11, 19], [12, 4, 13, 3], [14, 8, 15, 7], [16, 5, 17, 6], [18, 12, 19, 11], [20, 2, 21, 1], [22, 15, 23, 16], [24, 18, 1, 17], [2, 10, 3, 9], [4, 24, 5, 23], [6, 21, 7, 22]]"
12a_1110_84,"[[7, 22, 8, 23], [9, 15, 10, 14], [11, 21, 12, 20], [13, 5, 14, 4], [15, 9, 16, 8], [17, 6, 18, 7], [19, 13, 20, 12], [21, 3, 22, 2], [23, 16, 24, 17], [1, 19, 2, 18], [3, 11, 4, 10], [5, 1, 6, 24]]"
12a_1110_85,"[[5, 1, 6, 24], [7, 22, 8, 23], [9, 15, 10, 14], [11, 21, 12, 20], [13, 5, 14, 4], [15, 9, 16, 8], [17, 6, 18, 7], [19, 13, 20, 12], [21, 3, 22, 2], [23, 16, 24, 17], [1, 19, 2, 18], [3, 11, 4, 10]]"
12a_1110_86,"[[3, 11, 4, 10], [5, 1, 6, 24], [7, 22, 8, 23], [9, 15, 10, 14], [11, 21, 12, 20], [13, 5, 14, 4], [15, 9, 16, 8], [17, 6, 18, 7], [19, 13, 20, 12], [21, 3, 22, 2], [23, 16, 24, 17], [1, 19, 2, 18]]"
12a_1110_87,"[[1, 19, 2, 18], [3, 11, 4, 10], [5, 1, 6, 24], [7, 22, 8, 23], [9, 15, 10, 14], [11, 21, 12, 20], [13, 5, 14, 4], [15, 9, 16, 8], [17, 6, 18, 7], [19, 13, 20, 12], [21, 3, 22, 2], [23, 16, 24, 17]]"
12a_1110_88,"[[23, 16, 24, 17], [1, 19, 2, 18], [3, 11, 4, 10], [5, 1, 6, 24], [7, 22, 8, 23], [9, 15, 10, 14], [11, 21, 12, 20], [13, 5, 14, 4], [15, 9, 16, 8], [17, 6, 18, 7], [19, 13, 20, 12], [21, 3, 22, 2]]"
12a_1110_89,"[[21, 3, 22, 2], [23, 16, 24, 17], [1, 19, 2, 18], [3, 11, 4, 10], [5, 1, 6, 24], [7, 22, 8, 23], [9, 15, 10, 14], [11, 21, 12, 20], [13, 5, 14, 4], [15, 9, 16, 8], [17, 6, 18, 7], [19, 13, 20, 12]]"
12a_1110_90,"[[19, 13, 20, 12], [21, 3, 22, 2], [23, 16, 24, 17], [1, 19, 2, 18], [3, 11, 4, 10], [5, 1, 6, 24], [7, 22, 8, 23], [9, 15, 10, 14], [11, 21, 12, 20], [13, 5, 14, 4], [15, 9, 16, 8], [17, 6, 18, 7]]"
12a_1110_91,"[[17, 6, 18, 7], [19, 13, 20, 12], [21, 3, 22, 2], [23, 16, 24, 17], [1, 19, 2, 18], [3, 11, 4, 10], [5, 1, 6, 24], [7, 22, 8, 23], [9, 15, 10, 14], [11, 21, 12, 20], [13, 5, 14, 4], [15, 9, 16, 8]]"
12a_1110_92,"[[15, 9, 16, 8], [17, 6, 18, 7], [19, 13, 20, 12], [21, 3, 22, 2], [23, 16, 24, 17], [1, 19, 2, 18], [3, 11, 4, 10], [5, 1, 6, 24], [7, 22, 8, 23], [9, 15, 10, 14], [11, 21, 12, 20], [13, 5, 14, 4]]"
12a_1110_93,"[[13, 5, 14, 4], [15, 9, 16, 8], [17, 6, 18, 7], [19, 13, 20, 12], [21, 3, 22, 2], [23, 16, 24, 17], [1, 19, 2, 18], [3, 11, 4, 10], [5, 1, 6, 24], [7, 22, 8, 23], [9, 15, 10, 14], [11, 21, 12, 20]]"
12a_1110_94,"[[11, 21, 12, 20], [13, 5, 14, 4], [15, 9, 16, 8], [17, 6, 18, 7], [19, 13, 20, 12], [21, 3, 22, 2], [23, 16, 24, 17], [1, 19, 2, 18], [3, 11, 4, 10], [5, 1, 6, 24], [7, 22, 8, 23], [9, 15, 10, 14]]"
12a_1110_95,"[[9, 15, 10, 14], [11, 21, 12, 20], [13, 5, 14, 4], [15, 9, 16, 8], [17, 6, 18, 7], [19, 13, 20, 12], [21, 3, 22, 2], [23, 16, 24, 17], [1, 19, 2, 18], [3, 11, 4, 10], [5, 1, 6, 24], [7, 22, 8, 23]]"
12a_1110_96,"[[8, 23, 9, 24], [10, 16, 11, 15], [12, 22, 13, 21], [14, 6, 15, 5], [16, 10, 17, 9], [18, 7, 19, 8], [20, 14, 21, 13], [22, 4, 23, 3], [24, 17, 1, 18], [2, 20, 3, 19], [4, 12, 5, 11], [6, 2, 7, 1]]"
12a_1110_97,"[[6, 2, 7, 1], [8, 23, 9, 24], [10, 16, 11, 15], [12, 22, 13, 21], [14, 6, 15, 5], [16, 10, 17, 9], [18, 7, 19, 8], [20, 14, 21, 13], [22, 4, 23, 3], [24, 17, 1, 18], [2, 20, 3, 19], [4, 12, 5, 11]]"
12a_1110_98,"[[4, 12, 5, 11], [6, 2, 7, 1], [8, 23, 9, 24], [10, 16, 11, 15], [12, 22, 13, 21], [14, 6, 15, 5], [16, 10, 17, 9], [18, 7, 19, 8], [20, 14, 21, 13], [22, 4, 23, 3], [24, 17, 1, 18], [2, 20, 3, 19]]"
12a_1110_99,"[[2, 20, 3, 19], [4, 12, 5, 11], [6, 2, 7, 1], [8, 23, 9, 24], [10, 16, 11, 15], [12, 22, 13, 21], [14, 6, 15, 5], [16, 10, 17, 9], [18, 7, 19, 8], [20, 14, 21, 13], [22, 4, 23, 3], [24, 17, 1, 18]]"
12a_1110_100,"[[24, 17, 1, 18], [2, 20, 3, 19], [4, 12, 5, 11], [6, 2, 7, 1], [8, 23, 9, 24], [10, 16, 11, 15], [12, 22, 13, 21], [14, 6, 15, 5], [16, 10, 17, 9], [18, 7, 19, 8], [20, 14, 21, 13], [22, 4, 23, 3]]"
12a_1110_101,"[[22, 4, 23, 3], [24, 17, 1, 18], [2, 20, 3, 19], [4, 12, 5, 11], [6, 2, 7, 1], [8, 23, 9, 24], [10, 16, 11, 15], [12, 22, 13, 21], [14, 6, 15, 5], [16, 10, 17, 9], [18, 7, 19, 8], [20, 14, 21, 13]]"
12a_1110_102,"[[20, 14, 21, 13], [22, 4, 23, 3], [24, 17, 1, 18], [2, 20, 3, 19], [4, 12, 5, 11], [6, 2, 7, 1], [8, 23, 9, 24], [10, 16, 11, 15], [12, 22, 13, 21], [14, 6, 15, 5], [16, 10, 17, 9], [18, 7, 19, 8]]"
12a_1110_103,"[[18, 7, 19, 8], [20, 14, 21, 13], [22, 4, 23, 3], [24, 17, 1, 18], [2, 20, 3, 19], [4, 12, 5, 11], [6, 2, 7, 1], [8, 23, 9, 24], [10, 16, 11, 15], [12, 22, 13, 21], [14, 6, 15, 5], [16, 10, 17, 9]]"
12a_1110_104,"[[16, 10, 17, 9], [18, 7, 19, 8], [20, 14, 21, 13], [22, 4, 23, 3], [24, 17, 1, 18], [2, 20, 3, 19], [4, 12, 5, 11], [6, 2, 7, 1], [8, 23, 9, 24], [10, 16, 11, 15], [12, 22, 13, 21], [14, 6, 15, 5]]"
12a_1110_105,"[[14, 6, 15, 5], [16, 10, 17, 9], [18, 7, 19, 8], [20, 14, 21, 13], [22, 4, 23, 3], [24, 17, 1, 18], [2, 20, 3, 19], [4, 12, 5, 11], [6, 2, 7, 1], [8, 23, 9, 24], [10, 16, 11, 15], [12, 22, 13, 21]]"
12a_1110_106,"[[12, 22, 13, 21], [14, 6, 15, 5], [16, 10, 17, 9], [18, 7, 19, 8], [20, 14, 21, 13], [22, 4, 23, 3], [24, 17, 1, 18], [2, 20, 3, 19], [4, 12, 5, 11], [6, 2, 7, 1], [8, 23, 9, 24], [10, 16, 11, 15]]"
12a_1110_107,"[[10, 16, 11, 15], [12, 22, 13, 21], [14, 6, 15, 5], [16, 10, 17, 9], [18, 7, 19, 8], [20, 14, 21, 13], [22, 4, 23, 3], [24, 17, 1, 18], [2, 20, 3, 19], [4, 12, 5, 11], [6, 2, 7, 1], [8, 23, 9, 24]]"
12a_1110_108,"[[9, 24, 10, 1], [11, 17, 12, 16], [13, 23, 14, 22], [15, 7, 16, 6], [17, 11, 18, 10], [19, 8, 20, 9], [21, 15, 22, 14], [23, 5, 24, 4], [1, 18, 2, 19], [3, 21, 4, 20], [5, 13, 6, 12], [7, 3, 8, 2]]"
12a_1110_109,"[[7, 3, 8, 2], [9, 24, 10, 1], [11, 17, 12, 16], [13, 23, 14, 22], [15, 7, 16, 6], [17, 11, 18, 10], [19, 8, 20, 9], [21, 15, 22, 14], [23, 5, 24, 4], [1, 18, 2, 19], [3, 21, 4, 20], [5, 13, 6, 12]]"
12a_1110_110,"[[5, 13, 6, 12], [7, 3, 8, 2], [9, 24, 10, 1], [11, 17, 12, 16], [13, 23, 14, 22], [15, 7, 16, 6], [17, 11, 18, 10], [19, 8, 20, 9], [21, 15, 22, 14], [23, 5, 24, 4], [1, 18, 2, 19], [3, 21, 4, 20]]"
12a_1110_111,"[[3, 21, 4, 20], [5, 13, 6, 12], [7, 3, 8, 2], [9, 24, 10, 1], [11, 17, 12, 16], [13, 23, 14, 22], [15, 7, 16, 6], [17, 11, 18, 10], [19, 8, 20, 9], [21, 15, 22, 14], [23, 5, 24, 4], [1, 18, 2, 19]]"
12a_1110_112,"[[1, 18, 2, 19], [3, 21, 4, 20], [5, 13, 6, 12], [7, 3, 8, 2], [9, 24, 10, 1], [11, 17, 12, 16], [13, 23, 14, 22], [15, 7, 16, 6], [17, 11, 18, 10], [19, 8, 20, 9], [21, 15, 22, 14], [23, 5, 24, 4]]"
12a_1110_113,"[[23, 5, 24, 4], [1, 18, 2, 19], [3, 21, 4, 20], [5, 13, 6, 12], [7, 3, 8, 2], [9, 24, 10, 1], [11, 17, 12, 16], [13, 23, 14, 22], [15, 7, 16, 6], [17, 11, 18, 10], [19, 8, 20, 9], [21, 15, 22, 14]]"
12a_1110_114,"[[21, 15, 22, 14], [23, 5, 24, 4], [1, 18, 2, 19], [3, 21, 4, 20], [5, 13, 6, 12], [7, 3, 8, 2], [9, 24, 10, 1], [11, 17, 12, 16], [13, 23, 14, 22], [15, 7, 16, 6], [17, 11, 18, 10], [19, 8, 20, 9]]"
12a_1110_115,"[[19, 8, 20, 9], [21, 15, 22, 14], [23, 5, 24, 4], [1, 18, 2, 19], [3, 21, 4, 20], [5, 13, 6, 12], [7, 3, 8, 2], [9, 24, 10, 1], [11, 17, 12, 16], [13, 23, 14, 22], [15, 7, 16, 6], [17, 11, 18, 10]]"
12a_1110_116,"[[17, 11, 18, 10], [19, 8, 20, 9], [21, 15, 22, 14], [23, 5, 24, 4], [1, 18, 2, 19], [3, 21, 4, 20], [5, 13, 6, 12], [7, 3, 8, 2], [9, 24, 10, 1], [11, 17, 12, 16], [13, 23, 14, 22], [15, 7, 16, 6]]"
12a_1110_117,"[[15, 7, 16, 6], [17, 11, 18, 10], [19, 8, 20, 9], [21, 15, 22, 14], [23, 5, 24, 4], [1, 18, 2, 19], [3, 21, 4, 20], [5, 13, 6, 12], [7, 3, 8, 2], [9, 24, 10, 1], [11, 17, 12, 16], [13, 23, 14, 22]]"
12a_1110_118,"[[13, 23, 14, 22], [15, 7, 16, 6], [17, 11, 18, 10], [19, 8, 20, 9], [21, 15, 22, 14], [23, 5, 24, 4], [1, 18, 2, 19], [3, 21, 4, 20], [5, 13, 6, 12], [7, 3, 8, 2], [9, 24, 10, 1], [11, 17, 12, 16]]"
12a_1110_119,"[[11, 17, 12, 16], [13, 23, 14, 22], [15, 7, 16, 6], [17, 11, 18, 10], [19, 8, 20, 9], [21, 15, 22, 14], [23, 5, 24, 4], [1, 18, 2, 19], [3, 21, 4, 20], [5, 13, 6, 12], [7, 3, 8, 2], [9, 24, 10, 1]]"
12a_1110_120,"[[10, 1, 11, 2], [12, 18, 13, 17], [14, 24, 15, 23], [16, 8, 17, 7], [18, 12, 19, 11], [20, 9, 21, 10], [22, 16, 23, 15], [24, 6, 1, 5], [2, 19, 3, 20], [4, 22, 5, 21], [6, 14, 7, 13], [8, 4, 9, 3]]"
12a_1110_121,"[[8, 4, 9, 3], [10, 1, 11, 2], [12, 18, 13, 17], [14, 24, 15, 23], [16, 8, 17, 7], [18, 12, 19, 11], [20, 9, 21, 10], [22, 16, 23, 15], [24, 6, 1, 5], [2, 19, 3, 20], [4, 22, 5, 21], [6, 14, 7, 13]]"
12a_1110_122,"[[6, 14, 7, 13], [8, 4, 9, 3], [10, 1, 11, 2], [12, 18, 13, 17], [14, 24, 15, 23], [16, 8, 17, 7], [18, 12, 19, 11], [20, 9, 21, 10], [22, 16, 23, 15], [24, 6, 1, 5], [2, 19, 3, 20], [4, 22, 5, 21]]"
12a_1110_123,"[[4, 22, 5, 21], [6, 14, 7, 13], [8, 4, 9, 3], [10, 1, 11, 2], [12, 18, 13, 17], [14, 24, 15, 23], [16, 8, 17, 7], [18, 12, 19, 11], [20, 9, 21, 10], [22, 16, 23, 15], [24, 6, 1, 5], [2, 19, 3, 20]]"
12a_1110_124,"[[2, 19, 3, 20], [4, 22, 5, 21], [6, 14, 7, 13], [8, 4, 9, 3], [10, 1, 11, 2], [12, 18, 13, 17], [14, 24, 15, 23], [16, 8, 17, 7], [18, 12, 19, 11], [20, 9, 21, 10], [22, 16, 23, 15], [24, 6, 1, 5]]"
12a_1110_125,"[[24, 6, 1, 5], [2, 19, 3, 20], [4, 22, 5, 21], [6, 14, 7, 13], [8, 4, 9, 3], [10, 1, 11, 2], [12, 18, 13, 17], [14, 24, 15, 23], [16, 8, 17, 7], [18, 12, 19, 11], [20, 9, 21, 10], [22, 16, 23, 15]]"
12a_1110_126,"[[22, 16, 23, 15], [24, 6, 1, 5], [2, 19, 3, 20], [4, 22, 5, 21], [6, 14, 7, 13], [8, 4, 9, 3], [10, 1, 11, 2], [12, 18, 13, 17], [14, 24, 15, 23], [16, 8, 17, 7], [18, 12, 19, 11], [20, 9, 21, 10]]"
12a_1110_127,"[[20, 9, 21, 10], [22, 16, 23, 15], [24, 6, 1, 5], [2, 19, 3, 20], [4, 22, 5, 21], [6, 14, 7, 13], [8, 4, 9, 3], [10, 1, 11, 2], [12, 18, 13, 17], [14, 24, 15, 23], [16, 8, 17, 7], [18, 12, 19, 11]]"
12a_1110_128,"[[18, 12, 19, 11], [20, 9, 21, 10], [22, 16, 23, 15], [24, 6, 1, 5], [2, 19, 3, 20], [4, 22, 5, 21], [6, 14, 7, 13], [8, 4, 9, 3], [10, 1, 11, 2], [12, 18, 13, 17], [14, 24, 15, 23], [16, 8, 17, 7]]"
12a_1110_129,"[[16, 8, 17, 7], [18, 12, 19, 11], [20, 9, 21, 10], [22, 16, 23, 15], [24, 6, 1, 5], [2, 19, 3, 20], [4, 22, 5, 21], [6, 14, 7, 13], [8, 4, 9, 3], [10, 1, 11, 2], [12, 18, 13, 17], [14, 24, 15, 23]]"
12a_1110_130,"[[14, 24, 15, 23], [16, 8, 17, 7], [18, 12, 19, 11], [20, 9, 21, 10], [22, 16, 23, 15], [24, 6, 1, 5], [2, 19, 3, 20], [4, 22, 5, 21], [6, 14, 7, 13], [8, 4, 9, 3], [10, 1, 11, 2], [12, 18, 13, 17]]"
12a_1110_131,"[[12, 18, 13, 17], [14, 24, 15, 23], [16, 8, 17, 7], [18, 12, 19, 11], [20, 9, 21, 10], [22, 16, 23, 15], [24, 6, 1, 5], [2, 19, 3, 20], [4, 22, 5, 21], [6, 14, 7, 13], [8, 4, 9, 3], [10, 1, 11, 2]]"
12a_1110_132,"[[11, 2, 12, 3], [13, 19, 14, 18], [15, 1, 16, 24], [17, 9, 18, 8], [19, 13, 20, 12], [21, 10, 22, 11], [23, 17, 24, 16], [1, 7, 2, 6], [3, 20, 4, 21], [5, 23, 6, 22], [7, 15, 8, 14], [9, 5, 10, 4]]"
12a_1110_133,"[[9, 5, 10, 4], [11, 2, 12, 3], [13, 19, 14, 18], [15, 1, 16, 24], [17, 9, 18, 8], [19, 13, 20, 12], [21, 10, 22, 11], [23, 17, 24, 16], [1, 7, 2, 6], [3, 20, 4, 21], [5, 23, 6, 22], [7, 15, 8, 14]]"
12a_1110_134,"[[7, 15, 8, 14], [9, 5, 10, 4], [11, 2, 12, 3], [13, 19, 14, 18], [15, 1, 16, 24], [17, 9, 18, 8], [19, 13, 20, 12], [21, 10, 22, 11], [23, 17, 24, 16], [1, 7, 2, 6], [3, 20, 4, 21], [5, 23, 6, 22]]"
12a_1110_135,"[[5, 23, 6, 22], [7, 15, 8, 14], [9, 5, 10, 4], [11, 2, 12, 3], [13, 19, 14, 18], [15, 1, 16, 24], [17, 9, 18, 8], [19, 13, 20, 12], [21, 10, 22, 11], [23, 17, 24, 16], [1, 7, 2, 6], [3, 20, 4, 21]]"
12a_1110_136,"[[3, 20, 4, 21], [5, 23, 6, 22], [7, 15, 8, 14], [9, 5, 10, 4], [11, 2, 12, 3], [13, 19, 14, 18], [15, 1, 16, 24], [17, 9, 18, 8], [19, 13, 20, 12], [21, 10, 22, 11], [23, 17, 24, 16], [1, 7, 2, 6]]"
12a_1110_137,"[[1, 7, 2, 6], [3, 20, 4, 21], [5, 23, 6, 22], [7, 15, 8, 14], [9, 5, 10, 4], [11, 2, 12, 3], [13, 19, 14, 18], [15, 1, 16, 24], [17, 9, 18, 8], [19, 13, 20, 12], [21, 10, 22, 11], [23, 17, 24, 16]]"
12a_1110_138,"[[23, 17, 24, 16], [1, 7, 2, 6], [3, 20, 4, 21], [5, 23, 6, 22], [7, 15, 8, 14], [9, 5, 10, 4], [11, 2, 12, 3], [13, 19, 14, 18], [15, 1, 16, 24], [17, 9, 18, 8], [19, 13, 20, 12], [21, 10, 22, 11]]"
12a_1110_139,"[[21, 10, 22, 11], [23, 17, 24, 16], [1, 7, 2, 6], [3, 20, 4, 21], [5, 23, 6, 22], [7, 15, 8, 14], [9, 5, 10, 4], [11, 2, 12, 3], [13, 19, 14, 18], [15, 1, 16, 24], [17, 9, 18, 8], [19, 13, 20, 12]]"
12a_1110_140,"[[19, 13, 20, 12], [21, 10, 22, 11], [23, 17, 24, 16], [1, 7, 2, 6], [3, 20, 4, 21], [5, 23, 6, 22], [7, 15, 8, 14], [9, 5, 10, 4], [11, 2, 12, 3], [13, 19, 14, 18], [15, 1, 16, 24], [17, 9, 18, 8]]"
12a_1110_141,"[[17, 9, 18, 8], [19, 13, 20, 12], [21, 10, 22, 11], [23, 17, 24, 16], [1, 7, 2, 6], [3, 20, 4, 21], [5, 23, 6, 22], [7, 15, 8, 14], [9, 5, 10, 4], [11, 2, 12, 3], [13, 19, 14, 18], [15, 1, 16, 24]]"
12a_1110_142,"[[15, 1, 16, 24], [17, 9, 18, 8], [19, 13, 20, 12], [21, 10, 22, 11], [23, 17, 24, 16], [1, 7, 2, 6], [3, 20, 4, 21], [5, 23, 6, 22], [7, 15, 8, 14], [9, 5, 10, 4], [11, 2, 12, 3], [13, 19, 14, 18]]"
12a_1110_143,"[[13, 19, 14, 18], [15, 1, 16, 24], [17, 9, 18, 8], [19, 13, 20, 12], [21, 10, 22, 11], [23, 17, 24, 16], [1, 7, 2, 6], [3, 20, 4, 21], [5, 23, 6, 22], [7, 15, 8, 14], [9, 5, 10, 4], [11, 2, 12, 3]]"
12a_1110_144,"[[12, 3, 13, 4], [14, 20, 15, 19], [16, 2, 17, 1], [18, 10, 19, 9], [20, 14, 21, 13], [22, 11, 23, 12], [24, 18, 1, 17], [2, 8, 3, 7], [4, 21, 5, 22], [6, 24, 7, 23], [8, 16, 9, 15], [10, 6, 11, 5]]"
12a_1110_145,"[[10, 6, 11, 5], [12, 3, 13, 4], [14, 20, 15, 19], [16, 2, 17, 1], [18, 10, 19, 9], [20, 14, 21, 13], [22, 11, 23, 12], [24, 18, 1, 17], [2, 8, 3, 7], [4, 21, 5, 22], [6, 24, 7, 23], [8, 16, 9, 15]]"
12a_1110_146,"[[8, 16, 9, 15], [10, 6, 11, 5], [12, 3, 13, 4], [14, 20, 15, 19], [16, 2, 17, 1], [18, 10, 19, 9], [20, 14, 21, 13], [22, 11, 23, 12], [24, 18, 1, 17], [2, 8, 3, 7], [4, 21, 5, 22], [6, 24, 7, 23]]"
12a_1110_147,"[[6, 24, 7, 23], [8, 16, 9, 15], [10, 6, 11, 5], [12, 3, 13, 4], [14, 20, 15, 19], [16, 2, 17, 1], [18, 10, 19, 9], [20, 14, 21, 13], [22, 11, 23, 12], [24, 18, 1, 17], [2, 8, 3, 7], [4, 21, 5, 22]]"
12a_1110_148,"[[4, 21, 5, 22], [6, 24, 7, 23], [8, 16, 9, 15], [10, 6, 11, 5], [12, 3, 13, 4], [14, 20, 15, 19], [16, 2, 17, 1], [18, 10, 19, 9], [20, 14, 21, 13], [22, 11, 23, 12], [24, 18, 1, 17], [2, 8, 3, 7]]"
12a_1110_149,"[[2, 8, 3, 7], [4, 21, 5, 22], [6, 24, 7, 23], [8, 16, 9, 15], [10, 6, 11, 5], [12, 3, 13, 4], [14, 20, 15, 19], [16, 2, 17, 1], [18, 10, 19, 9], [20, 14, 21, 13], [22, 11, 23, 12], [24, 18, 1, 17]]"
12a_1110_150,"[[24, 18, 1, 17], [2, 8, 3, 7], [4, 21, 5, 22], [6, 24, 7, 23], [8, 16, 9, 15], [10, 6, 11, 5], [12, 3, 13, 4], [14, 20, 15, 19], [16, 2, 17, 1], [18, 10, 19, 9], [20, 14, 21, 13], [22, 11, 23, 12]]"
12a_1110_151,"[[22, 11, 23, 12], [24, 18, 1, 17], [2, 8, 3, 7], [4, 21, 5, 22], [6, 24, 7, 23], [8, 16, 9, 15], [10, 6, 11, 5], [12, 3, 13, 4], [14, 20, 15, 19], [16, 2, 17, 1], [18, 10, 19, 9], [20, 14, 21, 13]]"
12a_1110_152,"[[20, 14, 21, 13], [22, 11, 23, 12], [24, 18, 1, 17], [2, 8, 3, 7], [4, 21, 5, 22], [6, 24, 7, 23], [8, 16, 9, 15], [10, 6, 11, 5], [12, 3, 13, 4], [14, 20, 15, 19], [16, 2, 17, 1], [18, 10, 19, 9]]"
12a_1110_153,"[[18, 10, 19, 9], [20, 14, 21, 13], [22, 11, 23, 12], [24, 18, 1, 17], [2, 8, 3, 7], [4, 21, 5, 22], [6, 24, 7, 23], [8, 16, 9, 15], [10, 6, 11, 5], [12, 3, 13, 4], [14, 20, 15, 19], [16, 2, 17, 1]]"
12a_1110_154,"[[16, 2, 17, 1], [18, 10, 19, 9], [20, 14, 21, 13], [22, 11, 23, 12], [24, 18, 1, 17], [2, 8, 3, 7], [4, 21, 5, 22], [6, 24, 7, 23], [8, 16, 9, 15], [10, 6, 11, 5], [12, 3, 13, 4], [14, 20, 15, 19]]"
12a_1110_155,"[[14, 20, 15, 19], [16, 2, 17, 1], [18, 10, 19, 9], [20, 14, 21, 13], [22, 11, 23, 12], [24, 18, 1, 17], [2, 8, 3, 7], [4, 21, 5, 22], [6, 24, 7, 23], [8, 16, 9, 15], [10, 6, 11, 5], [12, 3, 13, 4]]"
12a_1110_156,"[[13, 4, 14, 5], [15, 21, 16, 20], [17, 3, 18, 2], [19, 11, 20, 10], [21, 15, 22, 14], [23, 12, 24, 13], [1, 19, 2, 18], [3, 9, 4, 8], [5, 22, 6, 23], [7, 1, 8, 24], [9, 17, 10, 16], [11, 7, 12, 6]]"
12a_1110_157,"[[11, 7, 12, 6], [13, 4, 14, 5], [15, 21, 16, 20], [17, 3, 18, 2], [19, 11, 20, 10], [21, 15, 22, 14], [23, 12, 24, 13], [1, 19, 2, 18], [3, 9, 4, 8], [5, 22, 6, 23], [7, 1, 8, 24], [9, 17, 10, 16]]"
12a_1110_158,"[[9, 17, 10, 16], [11, 7, 12, 6], [13, 4, 14, 5], [15, 21, 16, 20], [17, 3, 18, 2], [19, 11, 20, 10], [21, 15, 22, 14], [23, 12, 24, 13], [1, 19, 2, 18], [3, 9, 4, 8], [5, 22, 6, 23], [7, 1, 8, 24]]"
12a_1110_159,"[[7, 1, 8, 24], [9, 17, 10, 16], [11, 7, 12, 6], [13, 4, 14, 5], [15, 21, 16, 20], [17, 3, 18, 2], [19, 11, 20, 10], [21, 15, 22, 14], [23, 12, 24, 13], [1, 19, 2, 18], [3, 9, 4, 8], [5, 22, 6, 23]]"
12a_1110_160,"[[5, 22, 6, 23], [7, 1, 8, 24], [9, 17, 10, 16], [11, 7, 12, 6], [13, 4, 14, 5], [15, 21, 16, 20], [17, 3, 18, 2], [19, 11, 20, 10], [21, 15, 22, 14], [23, 12, 24, 13], [1, 19, 2, 18], [3, 9, 4, 8]]"
12a_1110_161,"[[3, 9, 4, 8], [5, 22, 6, 23], [7, 1, 8, 24], [9, 17, 10, 16], [11, 7, 12, 6], [13, 4, 14, 5], [15, 21, 16, 20], [17, 3, 18, 2], [19, 11, 20, 10], [21, 15, 22, 14], [23, 12, 24, 13], [1, 19, 2, 18]]"
12a_1110_162,"[[1, 19, 2, 18], [3, 9, 4, 8], [5, 22, 6, 23], [7, 1, 8, 24], [9, 17, 10, 16], [11, 7, 12, 6], [13, 4, 14, 5], [15, 21, 16, 20], [17, 3, 18, 2], [19, 11, 20, 10], [21, 15, 22, 14], [23, 12, 24, 13]]"
12a_1110_163,"[[23, 12, 24, 13], [1, 19, 2, 18], [3, 9, 4, 8], [5, 22, 6, 23], [7, 1, 8, 24], [9, 17, 10, 16], [11, 7, 12, 6], [13, 4, 14, 5], [15, 21, 16, 20], [17, 3, 18, 2], [19, 11, 20, 10], [21, 15, 22, 14]]"
12a_1110_164,"[[21, 15, 22, 14], [23, 12, 24, 13], [1, 19, 2, 18], [3, 9, 4, 8], [5, 22, 6, 23], [7, 1, 8, 24], [9, 17, 10, 16], [11, 7, 12, 6], [13, 4, 14, 5], [15, 21, 16, 20], [17, 3, 18, 2], [19, 11, 20, 10]]"
12a_1110_165,"[[19, 11, 20, 10], [21, 15, 22, 14], [23, 12, 24, 13], [1, 19, 2, 18], [3, 9, 4, 8], [5, 22, 6, 23], [7, 1, 8, 24], [9, 17, 10, 16], [11, 7, 12, 6], [13, 4, 14, 5], [15, 21, 16, 20], [17, 3, 18, 2]]"
12a_1110_166,"[[17, 3, 18, 2], [19, 11, 20, 10], [21, 15, 22, 14], [23, 12, 24, 13], [1, 19, 2, 18], [3, 9, 4, 8], [5, 22, 6, 23], [7, 1, 8, 24], [9, 17, 10, 16], [11, 7, 12, 6], [13, 4, 14, 5], [15, 21, 16, 20]]"
12a_1110_167,"[[15, 21, 16, 20], [17, 3, 18, 2], [19, 11, 20, 10], [21, 15, 22, 14], [23, 12, 24, 13], [1, 19, 2, 18], [3, 9, 4, 8], [5, 22, 6, 23], [7, 1, 8, 24], [9, 17, 10, 16], [11, 7, 12, 6], [13, 4, 14, 5]]"
12a_1110_168,"[[14, 5, 15, 6], [16, 22, 17, 21], [18, 4, 19, 3], [20, 12, 21, 11], [22, 16, 23, 15], [24, 13, 1, 14], [2, 20, 3, 19], [4, 10, 5, 9], [6, 23, 7, 24], [8, 2, 9, 1], [10, 18, 11, 17], [12, 8, 13, 7]]"
12a_1110_169,"[[12, 8, 13, 7], [14, 5, 15, 6], [16, 22, 17, 21], [18, 4, 19, 3], [20, 12, 21, 11], [22, 16, 23, 15], [24, 13, 1, 14], [2, 20, 3, 19], [4, 10, 5, 9], [6, 23, 7, 24], [8, 2, 9, 1], [10, 18, 11, 17]]"
12a_1110_170,"[[10, 18, 11, 17], [12, 8, 13, 7], [14, 5, 15, 6], [16, 22, 17, 21], [18, 4, 19, 3], [20, 12, 21, 11], [22, 16, 23, 15], [24, 13, 1, 14], [2, 20, 3, 19], [4, 10, 5, 9], [6, 23, 7, 24], [8, 2, 9, 1]]"
12a_1110_171,"[[8, 2, 9, 1], [10, 18, 11, 17], [12, 8, 13, 7], [14, 5, 15, 6], [16, 22, 17, 21], [18, 4, 19, 3], [20, 12, 21, 11], [22, 16, 23, 15], [24, 13, 1, 14], [2, 20, 3, 19], [4, 10, 5, 9], [6, 23, 7, 24]]"
12a_1110_172,"[[6, 23, 7, 24], [8, 2, 9, 1], [10, 18, 11, 17], [12, 8, 13, 7], [14, 5, 15, 6], [16, 22, 17, 21], [18, 4, 19, 3], [20, 12, 21, 11], [22, 16, 23, 15], [24, 13, 1, 14], [2, 20, 3, 19], [4, 10, 5, 9]]"
12a_1110_173,"[[4, 10, 5, 9], [6, 23, 7, 24], [8, 2, 9, 1], [10, 18, 11, 17], [12, 8, 13, 7], [14, 5, 15, 6], [16, 22, 17, 21], [18, 4, 19, 3], [20, 12, 21, 11], [22, 16, 23, 15], [24, 13, 1, 14], [2, 20, 3, 19]]"
12a_1110_174,"[[2, 20, 3, 19], [4, 10, 5, 9], [6, 23, 7, 24], [8, 2, 9, 1], [10, 18, 11, 17], [12, 8, 13, 7], [14, 5, 15, 6], [16, 22, 17, 21], [18, 4, 19, 3], [20, 12, 21, 11], [22, 16, 23, 15], [24, 13, 1, 14]]"
12a_1110_175,"[[24, 13, 1, 14], [2, 20, 3, 19], [4, 10, 5, 9], [6, 23, 7, 24], [8, 2, 9, 1], [10, 18, 11, 17], [12, 8, 13, 7], [14, 5, 15, 6], [16, 22, 17, 21], [18, 4, 19, 3], [20, 12, 21, 11], [22, 16, 23, 15]]"
12a_1110_176,"[[22, 16, 23, 15], [24, 13, 1, 14], [2, 20, 3, 19], [4, 10, 5, 9], [6, 23, 7, 24], [8, 2, 9, 1], [10, 18, 11, 17], [12, 8, 13, 7], [14, 5, 15, 6], [16, 22, 17, 21], [18, 4, 19, 3], [20, 12, 21, 11]]"
12a_1110_177,"[[20, 12, 21, 11], [22, 16, 23, 15], [24, 13, 1, 14], [2, 20, 3, 19], [4, 10, 5, 9], [6, 23, 7, 24], [8, 2, 9, 1], [10, 18, 11, 17], [12, 8, 13, 7], [14, 5, 15, 6], [16, 22, 17, 21], [18, 4, 19, 3]]"
12a_1110_178,"[[18, 4, 19, 3], [20, 12, 21, 11], [22, 16, 23, 15], [24, 13, 1, 14], [2, 20, 3, 19], [4, 10, 5, 9], [6, 23, 7, 24], [8, 2, 9, 1], [10, 18, 11, 17], [12, 8, 13, 7], [14, 5, 15, 6], [16, 22, 17, 21]]"
12a_1110_179,"[[16, 22, 17, 21], [18, 4, 19, 3], [20, 12, 21, 11], [22, 16, 23, 15], [24, 13, 1, 14], [2, 20, 3, 19], [4, 10, 5, 9], [6, 23, 7, 24], [8, 2, 9, 1], [10, 18, 11, 17], [12, 8, 13, 7], [14, 5, 15, 6]]"
12a_1110_180,"[[15, 6, 16, 7], [17, 23, 18, 22], [19, 5, 20, 4], [21, 13, 22, 12], [23, 17, 24, 16], [1, 14, 2, 15], [3, 21, 4, 20], [5, 11, 6, 10], [7, 24, 8, 1], [9, 3, 10, 2], [11, 19, 12, 18], [13, 9, 14, 8]]"
12a_1110_181,"[[13, 9, 14, 8], [15, 6, 16, 7], [17, 23, 18, 22], [19, 5, 20, 4], [21, 13, 22, 12], [23, 17, 24, 16], [1, 14, 2, 15], [3, 21, 4, 20], [5, 11, 6, 10], [7, 24, 8, 1], [9, 3, 10, 2], [11, 19, 12, 18]]"
12a_1110_182,"[[11, 19, 12, 18], [13, 9, 14, 8], [15, 6, 16, 7], [17, 23, 18, 22], [19, 5, 20, 4], [21, 13, 22, 12], [23, 17, 24, 16], [1, 14, 2, 15], [3, 21, 4, 20], [5, 11, 6, 10], [7, 24, 8, 1], [9, 3, 10, 2]]"
12a_1110_183,"[[9, 3, 10, 2], [11, 19, 12, 18], [13, 9, 14, 8], [15, 6, 16, 7], [17, 23, 18, 22], [19, 5, 20, 4], [21, 13, 22, 12], [23, 17, 24, 16], [1, 14, 2, 15], [3, 21, 4, 20], [5, 11, 6, 10], [7, 24, 8, 1]]"
12a_1110_184,"[[7, 24, 8, 1], [9, 3, 10, 2], [11, 19, 12, 18], [13, 9, 14, 8], [15, 6, 16, 7], [17, 23, 18, 22], [19, 5, 20, 4], [21, 13, 22, 12], [23, 17, 24, 16], [1, 14, 2, 15], [3, 21, 4, 20], [5, 11, 6, 10]]"
12a_1110_185,"[[5, 11, 6, 10], [7, 24, 8, 1], [9, 3, 10, 2], [11, 19, 12, 18], [13, 9, 14, 8], [15, 6, 16, 7], [17, 23, 18, 22], [19, 5, 20, 4], [21, 13, 22, 12], [23, 17, 24, 16], [1, 14, 2, 15], [3, 21, 4, 20]]"
