name,pd_notation
12a_0075_0,"[[24, 16, 1, 15], [2, 6, 3, 5], [4, 9, 5, 10], [6, 14, 7, 13], [8, 22, 9, 21], [10, 3, 11, 4], [12, 20, 13, 19], [14, 24, 15, 23], [16, 2, 17, 1], [18, 8, 19, 7], [20, 12, 21, 11], [22, 18, 23, 17]]"
12a_0075_1,"[[22, 18, 23, 17], [24, 16, 1, 15], [2, 6, 3, 5], [4, 9, 5, 10], [6, 14, 7, 13], [8, 22, 9, 21], [10, 3, 11, 4], [12, 20, 13, 19], [14, 24, 15, 23], [16, 2, 17, 1], [18, 8, 19, 7], [20, 12, 21, 11]]"
12a_0075_2,"[[20, 12, 21, 11], [22, 18, 23, 17], [24, 16, 1, 15], [2, 6, 3, 5], [4, 9, 5, 10], [6, 14, 7, 13], [8, 22, 9, 21], [10, 3, 11, 4], [12, 20, 13, 19], [14, 24, 15, 23], [16, 2, 17, 1], [18, 8, 19, 7]]"
12a_0075_3,"[[18, 8, 19, 7], [20, 12, 21, 11], [22, 18, 23, 17], [24, 16, 1, 15], [2, 6, 3, 5], [4, 9, 5, 10], [6, 14, 7, 13], [8, 22, 9, 21], [10, 3, 11, 4], [12, 20, 13, 19], [14, 24, 15, 23], [16, 2, 17, 1]]"
12a_0075_4,"[[16, 2, 17, 1], [18, 8, 19, 7], [20, 12, 21, 11], [22, 18, 23, 17], [24, 16, 1, 15], [2, 6, 3, 5], [4, 9, 5, 10], [6, 14, 7, 13], [8, 22, 9, 21], [10, 3, 11, 4], [12, 20, 13, 19], [14, 24, 15, 23]]"
12a_0075_5,"[[14, 24, 15, 23], [16, 2, 17, 1], [18, 8, 19, 7], [20, 12, 21, 11], [22, 18, 23, 17], [24, 16, 1, 15], [2, 6, 3, 5], [4, 9, 5, 10], [6, 14, 7, 13], [8, 22, 9, 21], [10, 3, 11, 4], [12, 20, 13, 19]]"
12a_0075_6,"[[12, 20, 13, 19], [14, 24, 15, 23], [16, 2, 17, 1], [18, 8, 19, 7], [20, 12, 21, 11], [22, 18, 23, 17], [24, 16, 1, 15], [2, 6, 3, 5], [4, 9, 5, 10], [6, 14, 7, 13], [8, 22, 9, 21], [10, 3, 11, 4]]"
12a_0075_7,"[[10, 3, 11, 4], [12, 20, 13, 19], [14, 24, 15, 23], [16, 2, 17, 1], [18, 8, 19, 7], [20, 12, 21, 11], [22, 18, 23, 17], [24, 16, 1, 15], [2, 6, 3, 5], [4, 9, 5, 10], [6, 14, 7, 13], [8, 22, 9, 21]]"
12a_0075_8,"[[8, 22, 9, 21], [10, 3, 11, 4], [12, 20, 13, 19], [14, 24, 15, 23], [16, 2, 17, 1], [18, 8, 19, 7], [20, 12, 21, 11], [22, 18, 23, 17], [24, 16, 1, 15], [2, 6, 3, 5], [4, 9, 5, 10], [6, 14, 7, 13]]"
12a_0075_9,"[[6, 14, 7, 13], [8, 22, 9, 21], [10, 3, 11, 4], [12, 20, 13, 19], [14, 24, 15, 23], [16, 2, 17, 1], [18, 8, 19, 7], [20, 12, 21, 11], [22, 18, 23, 17], [24, 16, 1, 15], [2, 6, 3, 5], [4, 9, 5, 10]]"
12a_0075_10,"[[4, 9, 5, 10], [6, 14, 7, 13], [8, 22, 9, 21], [10, 3, 11, 4], [12, 20, 13, 19], [14, 24, 15, 23], [16, 2, 17, 1], [18, 8, 19, 7], [20, 12, 21, 11], [22, 18, 23, 17], [24, 16, 1, 15], [2, 6, 3, 5]]"
12a_0075_11,"[[2, 6, 3, 5], [4, 9, 5, 10], [6, 14, 7, 13], [8, 22, 9, 21], [10, 3, 11, 4], [12, 20, 13, 19], [14, 24, 15, 23], [16, 2, 17, 1], [18, 8, 19, 7], [20, 12, 21, 11], [22, 18, 23, 17], [24, 16, 1, 15]]"
12a_0075_12,"[[1, 17, 2, 16], [3, 7, 4, 6], [5, 10, 6, 11], [7, 15, 8, 14], [9, 23, 10, 22], [11, 4, 12, 5], [13, 21, 14, 20], [15, 1, 16, 24], [17, 3, 18, 2], [19, 9, 20, 8], [21, 13, 22, 12], [23, 19, 24, 18]]"
12a_0075_13,"[[23, 19, 24, 18], [1, 17, 2, 16], [3, 7, 4, 6], [5, 10, 6, 11], [7, 15, 8, 14], [9, 23, 10, 22], [11, 4, 12, 5], [13, 21, 14, 20], [15, 1, 16, 24], [17, 3, 18, 2], [19, 9, 20, 8], [21, 13, 22, 12]]"
12a_0075_14,"[[21, 13, 22, 12], [23, 19, 24, 18], [1, 17, 2, 16], [3, 7, 4, 6], [5, 10, 6, 11], [7, 15, 8, 14], [9, 23, 10, 22], [11, 4, 12, 5], [13, 21, 14, 20], [15, 1, 16, 24], [17, 3, 18, 2], [19, 9, 20, 8]]"
12a_0075_15,"[[19, 9, 20, 8], [21, 13, 22, 12], [23, 19, 24, 18], [1, 17, 2, 16], [3, 7, 4, 6], [5, 10, 6, 11], [7, 15, 8, 14], [9, 23, 10, 22], [11, 4, 12, 5], [13, 21, 14, 20], [15, 1, 16, 24], [17, 3, 18, 2]]"
12a_0075_16,"[[17, 3, 18, 2], [19, 9, 20, 8], [21, 13, 22, 12], [23, 19, 24, 18], [1, 17, 2, 16], [3, 7, 4, 6], [5, 10, 6, 11], [7, 15, 8, 14], [9, 23, 10, 22], [11, 4, 12, 5], [13, 21, 14, 20], [15, 1, 16, 24]]"
12a_0075_17,"[[15, 1, 16, 24], [17, 3, 18, 2], [19, 9, 20, 8], [21, 13, 22, 12], [23, 19, 24, 18], [1, 17, 2, 16], [3, 7, 4, 6], [5, 10, 6, 11], [7, 15, 8, 14], [9, 23, 10, 22], [11, 4, 12, 5], [13, 21, 14, 20]]"
12a_0075_18,"[[13, 21, 14, 20], [15, 1, 16, 24], [17, 3, 18, 2], [19, 9, 20, 8], [21, 13, 22, 12], [23, 19, 24, 18], [1, 17, 2, 16], [3, 7, 4, 6], [5, 10, 6, 11], [7, 15, 8, 14], [9, 23, 10, 22], [11, 4, 12, 5]]"
12a_0075_19,"[[11, 4, 12, 5], [13, 21, 14, 20], [15, 1, 16, 24], [17, 3, 18, 2], [19, 9, 20, 8], [21, 13, 22, 12], [23, 19, 24, 18], [1, 17, 2, 16], [3, 7, 4, 6], [5, 10, 6, 11], [7, 15, 8, 14], [9, 23, 10, 22]]"
12a_0075_20,"[[9, 23, 10, 22], [11, 4, 12, 5], [13, 21, 14, 20], [15, 1, 16, 24], [17, 3, 18, 2], [19, 9, 20, 8], [21, 13, 22, 12], [23, 19, 24, 18], [1, 17, 2, 16], [3, 7, 4, 6], [5, 10, 6, 11], [7, 15, 8, 14]]"
12a_0075_21,"[[7, 15, 8, 14], [9, 23, 10, 22], [11, 4, 12, 5], [13, 21, 14, 20], [15, 1, 16, 24], [17, 3, 18, 2], [19, 9, 20, 8], [21, 13, 22, 12], [23, 19, 24, 18], [1, 17, 2, 16], [3, 7, 4, 6], [5, 10, 6, 11]]"
12a_0075_22,"[[5, 10, 6, 11], [7, 15, 8, 14], [9, 23, 10, 22], [11, 4, 12, 5], [13, 21, 14, 20], [15, 1, 16, 24], [17, 3, 18, 2], [19, 9, 20, 8], [21, 13, 22, 12], [23, 19, 24, 18], [1, 17, 2, 16], [3, 7, 4, 6]]"
12a_0075_23,"[[3, 7, 4, 6], [5, 10, 6, 11], [7, 15, 8, 14], [9, 23, 10, 22], [11, 4, 12, 5], [13, 21, 14, 20], [15, 1, 16, 24], [17, 3, 18, 2], [19, 9, 20, 8], [21, 13, 22, 12], [23, 19, 24, 18], [1, 17, 2, 16]]"
12a_0075_24,"[[2, 18, 3, 17], [4, 8, 5, 7], [6, 11, 7, 12], [8, 16, 9, 15], [10, 24, 11, 23], [12, 5, 13, 6], [14, 22, 15, 21], [16, 2, 17, 1], [18, 4, 19, 3], [20, 10, 21, 9], [22, 14, 23, 13], [24, 20, 1, 19]]"
12a_0075_25,"[[24, 20, 1, 19], [2, 18, 3, 17], [4, 8, 5, 7], [6, 11, 7, 12], [8, 16, 9, 15], [10, 24, 11, 23], [12, 5, 13, 6], [14, 22, 15, 21], [16, 2, 17, 1], [18, 4, 19, 3], [20, 10, 21, 9], [22, 14, 23, 13]]"
12a_0075_26,"[[22, 14, 23, 13], [24, 20, 1, 19], [2, 18, 3, 17], [4, 8, 5, 7], [6, 11, 7, 12], [8, 16, 9, 15], [10, 24, 11, 23], [12, 5, 13, 6], [14, 22, 15, 21], [16, 2, 17, 1], [18, 4, 19, 3], [20, 10, 21, 9]]"
12a_0075_27,"[[20, 10, 21, 9], [22, 14, 23, 13], [24, 20, 1, 19], [2, 18, 3, 17], [4, 8, 5, 7], [6, 11, 7, 12], [8, 16, 9, 15], [10, 24, 11, 23], [12, 5, 13, 6], [14, 22, 15, 21], [16, 2, 17, 1], [18, 4, 19, 3]]"
12a_0075_28,"[[18, 4, 19, 3], [20, 10, 21, 9], [22, 14, 23, 13], [24, 20, 1, 19], [2, 18, 3, 17], [4, 8, 5, 7], [6, 11, 7, 12], [8, 16, 9, 15], [10, 24, 11, 23], [12, 5, 13, 6], [14, 22, 15, 21], [16, 2, 17, 1]]"
12a_0075_29,"[[16, 2, 17, 1], [18, 4, 19, 3], [20, 10, 21, 9], [22, 14, 23, 13], [24, 20, 1, 19], [2, 18, 3, 17], [4, 8, 5, 7], [6, 11, 7, 12], [8, 16, 9, 15], [10, 24, 11, 23], [12, 5, 13, 6], [14, 22, 15, 21]]"
12a_0075_30,"[[14, 22, 15, 21], [16, 2, 17, 1], [18, 4, 19, 3], [20, 10, 21, 9], [22, 14, 23, 13], [24, 20, 1, 19], [2, 18, 3, 17], [4, 8, 5, 7], [6, 11, 7, 12], [8, 16, 9, 15], [10, 24, 11, 23], [12, 5, 13, 6]]"
12a_0075_31,"[[12, 5, 13, 6], [14, 22, 15, 21], [16, 2, 17, 1], [18, 4, 19, 3], [20, 10, 21, 9], [22, 14, 23, 13], [24, 20, 1, 19], [2, 18, 3, 17], [4, 8, 5, 7], [6, 11, 7, 12], [8, 16, 9, 15], [10, 24, 11, 23]]"
12a_0075_32,"[[10, 24, 11, 23], [12, 5, 13, 6], [14, 22, 15, 21], [16, 2, 17, 1], [18, 4, 19, 3], [20, 10, 21, 9], [22, 14, 23, 13], [24, 20, 1, 19], [2, 18, 3, 17], [4, 8, 5, 7], [6, 11, 7, 12], [8, 16, 9, 15]]"
12a_0075_33,"[[8, 16, 9, 15], [10, 24, 11, 23], [12, 5, 13, 6], [14, 22, 15, 21], [16, 2, 17, 1], [18, 4, 19, 3], [20, 10, 21, 9], [22, 14, 23, 13], [24, 20, 1, 19], [2, 18, 3, 17], [4, 8, 5, 7], [6, 11, 7, 12]]"
12a_0075_34,"[[6, 11, 7, 12], [8, 16, 9, 15], [10, 24, 11, 23], [12, 5, 13, 6], [14, 22, 15, 21], [16, 2, 17, 1], [18, 4, 19, 3], [20, 10, 21, 9], [22, 14, 23, 13], [24, 20, 1, 19], [2, 18, 3, 17], [4, 8, 5, 7]]"
12a_0075_35,"[[4, 8, 5, 7], [6, 11, 7, 12], [8, 16, 9, 15], [10, 24, 11, 23], [12, 5, 13, 6], [14, 22, 15, 21], [16, 2, 17, 1], [18, 4, 19, 3], [20, 10, 21, 9], [22, 14, 23, 13], [24, 20, 1, 19], [2, 18, 3, 17]]"
12a_0075_36,"[[3, 19, 4, 18], [5, 9, 6, 8], [7, 12, 8, 13], [9, 17, 10, 16], [11, 1, 12, 24], [13, 6, 14, 7], [15, 23, 16, 22], [17, 3, 18, 2], [19, 5, 20, 4], [21, 11, 22, 10], [23, 15, 24, 14], [1, 21, 2, 20]]"
12a_0075_37,"[[1, 21, 2, 20], [3, 19, 4, 18], [5, 9, 6, 8], [7, 12, 8, 13], [9, 17, 10, 16], [11, 1, 12, 24], [13, 6, 14, 7], [15, 23, 16, 22], [17, 3, 18, 2], [19, 5, 20, 4], [21, 11, 22, 10], [23, 15, 24, 14]]"
12a_0075_38,"[[23, 15, 24, 14], [1, 21, 2, 20], [3, 19, 4, 18], [5, 9, 6, 8], [7, 12, 8, 13], [9, 17, 10, 16], [11, 1, 12, 24], [13, 6, 14, 7], [15, 23, 16, 22], [17, 3, 18, 2], [19, 5, 20, 4], [21, 11, 22, 10]]"
12a_0075_39,"[[21, 11, 22, 10], [23, 15, 24, 14], [1, 21, 2, 20], [3, 19, 4, 18], [5, 9, 6, 8], [7, 12, 8, 13], [9, 17, 10, 16], [11, 1, 12, 24], [13, 6, 14, 7], [15, 23, 16, 22], [17, 3, 18, 2], [19, 5, 20, 4]]"
12a_0075_40,"[[19, 5, 20, 4], [21, 11, 22, 10], [23, 15, 24, 14], [1, 21, 2, 20], [3, 19, 4, 18], [5, 9, 6, 8], [7, 12, 8, 13], [9, 17, 10, 16], [11, 1, 12, 24], [13, 6, 14, 7], [15, 23, 16, 22], [17, 3, 18, 2]]"
12a_0075_41,"[[17, 3, 18, 2], [19, 5, 20, 4], [21, 11, 22, 10], [23, 15, 24, 14], [1, 21, 2, 20], [3, 19, 4, 18], [5, 9, 6, 8], [7, 12, 8, 13], [9, 17, 10, 16], [11, 1, 12, 24], [13, 6, 14, 7], [15, 23, 16, 22]]"
12a_0075_42,"[[15, 23, 16, 22], [17, 3, 18, 2], [19, 5, 20, 4], [21, 11, 22, 10], [23, 15, 24, 14], [1, 21, 2, 20], [3, 19, 4, 18], [5, 9, 6, 8], [7, 12, 8, 13], [9, 17, 10, 16], [11, 1, 12, 24], [13, 6, 14, 7]]"
12a_0075_43,"[[13, 6, 14, 7], [15, 23, 16, 22], [17, 3, 18, 2], [19, 5, 20, 4], [21, 11, 22, 10], [23, 15, 24, 14], [1, 21, 2, 20], [3, 19, 4, 18], [5, 9, 6, 8], [7, 12, 8, 13], [9, 17, 10, 16], [11, 1, 12, 24]]"
12a_0075_44,"[[11, 1, 12, 24], [13, 6, 14, 7], [15, 23, 16, 22], [17, 3, 18, 2], [19, 5, 20, 4], [21, 11, 22, 10], [23, 15, 24, 14], [1, 21, 2, 20], [3, 19, 4, 18], [5, 9, 6, 8], [7, 12, 8, 13], [9, 17, 10, 16]]"
12a_0075_45,"[[9, 17, 10, 16], [11, 1, 12, 24], [13, 6, 14, 7], [15, 23, 16, 22], [17, 3, 18, 2], [19, 5, 20, 4], [21, 11, 22, 10], [23, 15, 24, 14], [1, 21, 2, 20], [3, 19, 4, 18], [5, 9, 6, 8], [7, 12, 8, 13]]"
12a_0075_46,"[[7, 12, 8, 13], [9, 17, 10, 16], [11, 1, 12, 24], [13, 6, 14, 7], [15, 23, 16, 22], [17, 3, 18, 2], [19, 5, 20, 4], [21, 11, 22, 10], [23, 15, 24, 14], [1, 21, 2, 20], [3, 19, 4, 18], [5, 9, 6, 8]]"
12a_0075_47,"[[5, 9, 6, 8], [7, 12, 8, 13], [9, 17, 10, 16], [11, 1, 12, 24], [13, 6, 14, 7], [15, 23, 16, 22], [17, 3, 18, 2], [19, 5, 20, 4], [21, 11, 22, 10], [23, 15, 24, 14], [1, 21, 2, 20], [3, 19, 4, 18]]"
12a_0075_48,"[[4, 20, 5, 19], [6, 10, 7, 9], [8, 13, 9, 14], [10, 18, 11, 17], [12, 2, 13, 1], [14, 7, 15, 8], [16, 24, 17, 23], [18, 4, 19, 3], [20, 6, 21, 5], [22, 12, 23, 11], [24, 16, 1, 15], [2, 22, 3, 21]]"
12a_0075_49,"[[2, 22, 3, 21], [4, 20, 5, 19], [6, 10, 7, 9], [8, 13, 9, 14], [10, 18, 11, 17], [12, 2, 13, 1], [14, 7, 15, 8], [16, 24, 17, 23], [18, 4, 19, 3], [20, 6, 21, 5], [22, 12, 23, 11], [24, 16, 1, 15]]"
12a_0075_50,"[[24, 16, 1, 15], [2, 22, 3, 21], [4, 20, 5, 19], [6, 10, 7, 9], [8, 13, 9, 14], [10, 18, 11, 17], [12, 2, 13, 1], [14, 7, 15, 8], [16, 24, 17, 23], [18, 4, 19, 3], [20, 6, 21, 5], [22, 12, 23, 11]]"
12a_0075_51,"[[22, 12, 23, 11], [24, 16, 1, 15], [2, 22, 3, 21], [4, 20, 5, 19], [6, 10, 7, 9], [8, 13, 9, 14], [10, 18, 11, 17], [12, 2, 13, 1], [14, 7, 15, 8], [16, 24, 17, 23], [18, 4, 19, 3], [20, 6, 21, 5]]"
12a_0075_52,"[[20, 6, 21, 5], [22, 12, 23, 11], [24, 16, 1, 15], [2, 22, 3, 21], [4, 20, 5, 19], [6, 10, 7, 9], [8, 13, 9, 14], [10, 18, 11, 17], [12, 2, 13, 1], [14, 7, 15, 8], [16, 24, 17, 23], [18, 4, 19, 3]]"
12a_0075_53,"[[18, 4, 19, 3], [20, 6, 21, 5], [22, 12, 23, 11], [24, 16, 1, 15], [2, 22, 3, 21], [4, 20, 5, 19], [6, 10, 7, 9], [8, 13, 9, 14], [10, 18, 11, 17], [12, 2, 13, 1], [14, 7, 15, 8], [16, 24, 17, 23]]"
12a_0075_54,"[[16, 24, 17, 23], [18, 4, 19, 3], [20, 6, 21, 5], [22, 12, 23, 11], [24, 16, 1, 15], [2, 22, 3, 21], [4, 20, 5, 19], [6, 10, 7, 9], [8, 13, 9, 14], [10, 18, 11, 17], [12, 2, 13, 1], [14, 7, 15, 8]]"
12a_0075_55,"[[14, 7, 15, 8], [16, 24, 17, 23], [18, 4, 19, 3], [20, 6, 21, 5], [22, 12, 23, 11], [24, 16, 1, 15], [2, 22, 3, 21], [4, 20, 5, 19], [6, 10, 7, 9], [8, 13, 9, 14], [10, 18, 11, 17], [12, 2, 13, 1]]"
12a_0075_56,"[[12, 2, 13, 1], [14, 7, 15, 8], [16, 24, 17, 23], [18, 4, 19, 3], [20, 6, 21, 5], [22, 12, 23, 11], [24, 16, 1, 15], [2, 22, 3, 21], [4, 20, 5, 19], [6, 10, 7, 9], [8, 13, 9, 14], [10, 18, 11, 17]]"
12a_0075_57,"[[10, 18, 11, 17], [12, 2, 13, 1], [14, 7, 15, 8], [16, 24, 17, 23], [18, 4, 19, 3], [20, 6, 21, 5], [22, 12, 23, 11], [24, 16, 1, 15], [2, 22, 3, 21], [4, 20, 5, 19], [6, 10, 7, 9], [8, 13, 9, 14]]"
12a_0075_58,"[[8, 13, 9, 14], [10, 18, 11, 17], [12, 2, 13, 1], [14, 7, 15, 8], [16, 24, 17, 23], [18, 4, 19, 3], [20, 6, 21, 5], [22, 12, 23, 11], [24, 16, 1, 15], [2, 22, 3, 21], [4, 20, 5, 19], [6, 10, 7, 9]]"
12a_0075_59,"[[6, 10, 7, 9], [8, 13, 9, 14], [10, 18, 11, 17], [12, 2, 13, 1], [14, 7, 15, 8], [16, 24, 17, 23], [18, 4, 19, 3], [20, 6, 21, 5], [22, 12, 23, 11], [24, 16, 1, 15], [2, 22, 3, 21], [4, 20, 5, 19]]"
12a_0075_60,"[[5, 21, 6, 20], [7, 11, 8, 10], [9, 14, 10, 15], [11, 19, 12, 18], [13, 3, 14, 2], [15, 8, 16, 9], [17, 1, 18, 24], [19, 5, 20, 4], [21, 7, 22, 6], [23, 13, 24, 12], [1, 17, 2, 16], [3, 23, 4, 22]]"
12a_0075_61,"[[3, 23, 4, 22], [5, 21, 6, 20], [7, 11, 8, 10], [9, 14, 10, 15], [11, 19, 12, 18], [13, 3, 14, 2], [15, 8, 16, 9], [17, 1, 18, 24], [19, 5, 20, 4], [21, 7, 22, 6], [23, 13, 24, 12], [1, 17, 2, 16]]"
12a_0075_62,"[[1, 17, 2, 16], [3, 23, 4, 22], [5, 21, 6, 20], [7, 11, 8, 10], [9, 14, 10, 15], [11, 19, 12, 18], [13, 3, 14, 2], [15, 8, 16, 9], [17, 1, 18, 24], [19, 5, 20, 4], [21, 7, 22, 6], [23, 13, 24, 12]]"
12a_0075_63,"[[23, 13, 24, 12], [1, 17, 2, 16], [3, 23, 4, 22], [5, 21, 6, 20], [7, 11, 8, 10], [9, 14, 10, 15], [11, 19, 12, 18], [13, 3, 14, 2], [15, 8, 16, 9], [17, 1, 18, 24], [19, 5, 20, 4], [21, 7, 22, 6]]"
12a_0075_64,"[[21, 7, 22, 6], [23, 13, 24, 12], [1, 17, 2, 16], [3, 23, 4, 22], [5, 21, 6, 20], [7, 11, 8, 10], [9, 14, 10, 15], [11, 19, 12, 18], [13, 3, 14, 2], [15, 8, 16, 9], [17, 1, 18, 24], [19, 5, 20, 4]]"
12a_0075_65,"[[19, 5, 20, 4], [21, 7, 22, 6], [23, 13, 24, 12], [1, 17, 2, 16], [3, 23, 4, 22], [5, 21, 6, 20], [7, 11, 8, 10], [9, 14, 10, 15], [11, 19, 12, 18], [13, 3, 14, 2], [15, 8, 16, 9], [17, 1, 18, 24]]"
12a_0075_66,"[[17, 1, 18, 24], [19, 5, 20, 4], [21, 7, 22, 6], [23, 13, 24, 12], [1, 17, 2, 16], [3, 23, 4, 22], [5, 21, 6, 20], [7, 11, 8, 10], [9, 14, 10, 15], [11, 19, 12, 18], [13, 3, 14, 2], [15, 8, 16, 9]]"
12a_0075_67,"[[15, 8, 16, 9], [17, 1, 18, 24], [19, 5, 20, 4], [21, 7, 22, 6], [23, 13, 24, 12], [1, 17, 2, 16], [3, 23, 4, 22], [5, 21, 6, 20], [7, 11, 8, 10], [9, 14, 10, 15], [11, 19, 12, 18], [13, 3, 14, 2]]"
12a_0075_68,"[[13, 3, 14, 2], [15, 8, 16, 9], [17, 1, 18, 24], [19, 5, 20, 4], [21, 7, 22, 6], [23, 13, 24, 12], [1, 17, 2, 16], [3, 23, 4, 22], [5, 21, 6, 20], [7, 11, 8, 10], [9, 14, 10, 15], [11, 19, 12, 18]]"
12a_0075_69,"[[11, 19, 12, 18], [13, 3, 14, 2], [15, 8, 16, 9], [17, 1, 18, 24], [19, 5, 20, 4], [21, 7, 22, 6], [23, 13, 24, 12], [1, 17, 2, 16], [3, 23, 4, 22], [5, 21, 6, 20], [7, 11, 8, 10], [9, 14, 10, 15]]"
12a_0075_70,"[[9, 14, 10, 15], [11, 19, 12, 18], [13, 3, 14, 2], [15, 8, 16, 9], [17, 1, 18, 24], [19, 5, 20, 4], [21, 7, 22, 6], [23, 13, 24, 12], [1, 17, 2, 16], [3, 23, 4, 22], [5, 21, 6, 20], [7, 11, 8, 10]]"
12a_0075_71,"[[7, 11, 8, 10], [9, 14, 10, 15], [11, 19, 12, 18], [13, 3, 14, 2], [15, 8, 16, 9], [17, 1, 18, 24], [19, 5, 20, 4], [21, 7, 22, 6], [23, 13, 24, 12], [1, 17, 2, 16], [3, 23, 4, 22], [5, 21, 6, 20]]"
12a_0075_72,"[[6, 22, 7, 21], [8, 12, 9, 11], [10, 15, 11, 16], [12, 20, 13, 19], [14, 4, 15, 3], [16, 9, 17, 10], [18, 2, 19, 1], [20, 6, 21, 5], [22, 8, 23, 7], [24, 14, 1, 13], [2, 18, 3, 17], [4, 24, 5, 23]]"
12a_0075_73,"[[4, 24, 5, 23], [6, 22, 7, 21], [8, 12, 9, 11], [10, 15, 11, 16], [12, 20, 13, 19], [14, 4, 15, 3], [16, 9, 17, 10], [18, 2, 19, 1], [20, 6, 21, 5], [22, 8, 23, 7], [24, 14, 1, 13], [2, 18, 3, 17]]"
12a_0075_74,"[[2, 18, 3, 17], [4, 24, 5, 23], [6, 22, 7, 21], [8, 12, 9, 11], [10, 15, 11, 16], [12, 20, 13, 19], [14, 4, 15, 3], [16, 9, 17, 10], [18, 2, 19, 1], [20, 6, 21, 5], [22, 8, 23, 7], [24, 14, 1, 13]]"
12a_0075_75,"[[24, 14, 1, 13], [2, 18, 3, 17], [4, 24, 5, 23], [6, 22, 7, 21], [8, 12, 9, 11], [10, 15, 11, 16], [12, 20, 13, 19], [14, 4, 15, 3], [16, 9, 17, 10], [18, 2, 19, 1], [20, 6, 21, 5], [22, 8, 23, 7]]"
12a_0075_76,"[[22, 8, 23, 7], [24, 14, 1, 13], [2, 18, 3, 17], [4, 24, 5, 23], [6, 22, 7, 21], [8, 12, 9, 11], [10, 15, 11, 16], [12, 20, 13, 19], [14, 4, 15, 3], [16, 9, 17, 10], [18, 2, 19, 1], [20, 6, 21, 5]]"
12a_0075_77,"[[20, 6, 21, 5], [22, 8, 23, 7], [24, 14, 1, 13], [2, 18, 3, 17], [4, 24, 5, 23], [6, 22, 7, 21], [8, 12, 9, 11], [10, 15, 11, 16], [12, 20, 13, 19], [14, 4, 15, 3], [16, 9, 17, 10], [18, 2, 19, 1]]"
12a_0075_78,"[[18, 2, 19, 1], [20, 6, 21, 5], [22, 8, 23, 7], [24, 14, 1, 13], [2, 18, 3, 17], [4, 24, 5, 23], [6, 22, 7, 21], [8, 12, 9, 11], [10, 15, 11, 16], [12, 20, 13, 19], [14, 4, 15, 3], [16, 9, 17, 10]]"
12a_0075_79,"[[16, 9, 17, 10], [18, 2, 19, 1], [20, 6, 21, 5], [22, 8, 23, 7], [24, 14, 1, 13], [2, 18, 3, 17], [4, 24, 5, 23], [6, 22, 7, 21], [8, 12, 9, 11], [10, 15, 11, 16], [12, 20, 13, 19], [14, 4, 15, 3]]"
12a_0075_80,"[[14, 4, 15, 3], [16, 9, 17, 10], [18, 2, 19, 1], [20, 6, 21, 5], [22, 8, 23, 7], [24, 14, 1, 13], [2, 18, 3, 17], [4, 24, 5, 23], [6, 22, 7, 21], [8, 12, 9, 11], [10, 15, 11, 16], [12, 20, 13, 19]]"
12a_0075_81,"[[12, 20, 13, 19], [14, 4, 15, 3], [16, 9, 17, 10], [18, 2, 19, 1], [20, 6, 21, 5], [22, 8, 23, 7], [24, 14, 1, 13], [2, 18, 3, 17], [4, 24, 5, 23], [6, 22, 7, 21], [8, 12, 9, 11], [10, 15, 11, 16]]"
12a_0075_82,"[[10, 15, 11, 16], [12, 20, 13, 19], [14, 4, 15, 3], [16, 9, 17, 10], [18, 2, 19, 1], [20, 6, 21, 5], [22, 8, 23, 7], [24, 14, 1, 13], [2, 18, 3, 17], [4, 24, 5, 23], [6, 22, 7, 21], [8, 12, 9, 11]]"
12a_0075_83,"[[8, 12, 9, 11], [10, 15, 11, 16], [12, 20, 13, 19], [14, 4, 15, 3], [16, 9, 17, 10], [18, 2, 19, 1], [20, 6, 21, 5], [22, 8, 23, 7], [24, 14, 1, 13], [2, 18, 3, 17], [4, 24, 5, 23], [6, 22, 7, 21]]"
12a_0075_84,"[[7, 23, 8, 22], [9, 13, 10, 12], [11, 16, 12, 17], [13, 21, 14, 20], [15, 5, 16, 4], [17, 10, 18, 11], [19, 3, 20, 2], [21, 7, 22, 6], [23, 9, 24, 8], [1, 15, 2, 14], [3, 19, 4, 18], [5, 1, 6, 24]]"
12a_0075_85,"[[5, 1, 6, 24], [7, 23, 8, 22], [9, 13, 10, 12], [11, 16, 12, 17], [13, 21, 14, 20], [15, 5, 16, 4], [17, 10, 18, 11], [19, 3, 20, 2], [21, 7, 22, 6], [23, 9, 24, 8], [1, 15, 2, 14], [3, 19, 4, 18]]"
12a_0075_86,"[[3, 19, 4, 18], [5, 1, 6, 24], [7, 23, 8, 22], [9, 13, 10, 12], [11, 16, 12, 17], [13, 21, 14, 20], [15, 5, 16, 4], [17, 10, 18, 11], [19, 3, 20, 2], [21, 7, 22, 6], [23, 9, 24, 8], [1, 15, 2, 14]]"
12a_0075_87,"[[1, 15, 2, 14], [3, 19, 4, 18], [5, 1, 6, 24], [7, 23, 8, 22], [9, 13, 10, 12], [11, 16, 12, 17], [13, 21, 14, 20], [15, 5, 16, 4], [17, 10, 18, 11], [19, 3, 20, 2], [21, 7, 22, 6], [23, 9, 24, 8]]"
12a_0075_88,"[[23, 9, 24, 8], [1, 15, 2, 14], [3, 19, 4, 18], [5, 1, 6, 24], [7, 23, 8, 22], [9, 13, 10, 12], [11, 16, 12, 17], [13, 21, 14, 20], [15, 5, 16, 4], [17, 10, 18, 11], [19, 3, 20, 2], [21, 7, 22, 6]]"
12a_0075_89,"[[21, 7, 22, 6], [23, 9, 24, 8], [1, 15, 2, 14], [3, 19, 4, 18], [5, 1, 6, 24], [7, 23, 8, 22], [9, 13, 10, 12], [11, 16, 12, 17], [13, 21, 14, 20], [15, 5, 16, 4], [17, 10, 18, 11], [19, 3, 20, 2]]"
12a_0075_90,"[[19, 3, 20, 2], [21, 7, 22, 6], [23, 9, 24, 8], [1, 15, 2, 14], [3, 19, 4, 18], [5, 1, 6, 24], [7, 23, 8, 22], [9, 13, 10, 12], [11, 16, 12, 17], [13, 21, 14, 20], [15, 5, 16, 4], [17, 10, 18, 11]]"
12a_0075_91,"[[17, 10, 18, 11], [19, 3, 20, 2], [21, 7, 22, 6], [23, 9, 24, 8], [1, 15, 2, 14], [3, 19, 4, 18], [5, 1, 6, 24], [7, 23, 8, 22], [9, 13, 10, 12], [11, 16, 12, 17], [13, 21, 14, 20], [15, 5, 16, 4]]"
12a_0075_92,"[[15, 5, 16, 4], [17, 10, 18, 11], [19, 3, 20, 2], [21, 7, 22, 6], [23, 9, 24, 8], [1, 15, 2, 14], [3, 19, 4, 18], [5, 1, 6, 24], [7, 23, 8, 22], [9, 13, 10, 12], [11, 16, 12, 17], [13, 21, 14, 20]]"
12a_0075_93,"[[13, 21, 14, 20], [15, 5, 16, 4], [17, 10, 18, 11], [19, 3, 20, 2], [21, 7, 22, 6], [23, 9, 24, 8], [1, 15, 2, 14], [3, 19, 4, 18], [5, 1, 6, 24], [7, 23, 8, 22], [9, 13, 10, 12], [11, 16, 12, 17]]"
12a_0075_94,"[[11, 16, 12, 17], [13, 21, 14, 20], [15, 5, 16, 4], [17, 10, 18, 11], [19, 3, 20, 2], [21, 7, 22, 6], [23, 9, 24, 8], [1, 15, 2, 14], [3, 19, 4, 18], [5, 1, 6, 24], [7, 23, 8, 22], [9, 13, 10, 12]]"
12a_0075_95,"[[9, 13, 10, 12], [11, 16, 12, 17], [13, 21, 14, 20], [15, 5, 16, 4], [17, 10, 18, 11], [19, 3, 20, 2], [21, 7, 22, 6], [23, 9, 24, 8], [1, 15, 2, 14], [3, 19, 4, 18], [5, 1, 6, 24], [7, 23, 8, 22]]"
12a_0075_96,"[[8, 24, 9, 23], [10, 14, 11, 13], [12, 17, 13, 18], [14, 22, 15, 21], [16, 6, 17, 5], [18, 11, 19, 12], [20, 4, 21, 3], [22, 8, 23, 7], [24, 10, 1, 9], [2, 16, 3, 15], [4, 20, 5, 19], [6, 2, 7, 1]]"
12a_0075_97,"[[6, 2, 7, 1], [8, 24, 9, 23], [10, 14, 11, 13], [12, 17, 13, 18], [14, 22, 15, 21], [16, 6, 17, 5], [18, 11, 19, 12], [20, 4, 21, 3], [22, 8, 23, 7], [24, 10, 1, 9], [2, 16, 3, 15], [4, 20, 5, 19]]"
12a_0075_98,"[[4, 20, 5, 19], [6, 2, 7, 1], [8, 24, 9, 23], [10, 14, 11, 13], [12, 17, 13, 18], [14, 22, 15, 21], [16, 6, 17, 5], [18, 11, 19, 12], [20, 4, 21, 3], [22, 8, 23, 7], [24, 10, 1, 9], [2, 16, 3, 15]]"
12a_0075_99,"[[2, 16, 3, 15], [4, 20, 5, 19], [6, 2, 7, 1], [8, 24, 9, 23], [10, 14, 11, 13], [12, 17, 13, 18], [14, 22, 15, 21], [16, 6, 17, 5], [18, 11, 19, 12], [20, 4, 21, 3], [22, 8, 23, 7], [24, 10, 1, 9]]"
12a_0075_100,"[[24, 10, 1, 9], [2, 16, 3, 15], [4, 20, 5, 19], [6, 2, 7, 1], [8, 24, 9, 23], [10, 14, 11, 13], [12, 17, 13, 18], [14, 22, 15, 21], [16, 6, 17, 5], [18, 11, 19, 12], [20, 4, 21, 3], [22, 8, 23, 7]]"
12a_0075_101,"[[22, 8, 23, 7], [24, 10, 1, 9], [2, 16, 3, 15], [4, 20, 5, 19], [6, 2, 7, 1], [8, 24, 9, 23], [10, 14, 11, 13], [12, 17, 13, 18], [14, 22, 15, 21], [16, 6, 17, 5], [18, 11, 19, 12], [20, 4, 21, 3]]"
12a_0075_102,"[[20, 4, 21, 3], [22, 8, 23, 7], [24, 10, 1, 9], [2, 16, 3, 15], [4, 20, 5, 19], [6, 2, 7, 1], [8, 24, 9, 23], [10, 14, 11, 13], [12, 17, 13, 18], [14, 22, 15, 21], [16, 6, 17, 5], [18, 11, 19, 12]]"
12a_0075_103,"[[18, 11, 19, 12], [20, 4, 21, 3], [22, 8, 23, 7], [24, 10, 1, 9], [2, 16, 3, 15], [4, 20, 5, 19], [6, 2, 7, 1], [8, 24, 9, 23], [10, 14, 11, 13], [12, 17, 13, 18], [14, 22, 15, 21], [16, 6, 17, 5]]"
12a_0075_104,"[[16, 6, 17, 5], [18, 11, 19, 12], [20, 4, 21, 3], [22, 8, 23, 7], [24, 10, 1, 9], [2, 16, 3, 15], [4, 20, 5, 19], [6, 2, 7, 1], [8, 24, 9, 23], [10, 14, 11, 13], [12, 17, 13, 18], [14, 22, 15, 21]]"
12a_0075_105,"[[14, 22, 15, 21], [16, 6, 17, 5], [18, 11, 19, 12], [20, 4, 21, 3], [22, 8, 23, 7], [24, 10, 1, 9], [2, 16, 3, 15], [4, 20, 5, 19], [6, 2, 7, 1], [8, 24, 9, 23], [10, 14, 11, 13], [12, 17, 13, 18]]"
12a_0075_106,"[[12, 17, 13, 18], [14, 22, 15, 21], [16, 6, 17, 5], [18, 11, 19, 12], [20, 4, 21, 3], [22, 8, 23, 7], [24, 10, 1, 9], [2, 16, 3, 15], [4, 20, 5, 19], [6, 2, 7, 1], [8, 24, 9, 23], [10, 14, 11, 13]]"
12a_0075_107,"[[10, 14, 11, 13], [12, 17, 13, 18], [14, 22, 15, 21], [16, 6, 17, 5], [18, 11, 19, 12], [20, 4, 21, 3], [22, 8, 23, 7], [24, 10, 1, 9], [2, 16, 3, 15], [4, 20, 5, 19], [6, 2, 7, 1], [8, 24, 9, 23]]"
12a_0075_108,"[[9, 1, 10, 24], [11, 15, 12, 14], [13, 18, 14, 19], [15, 23, 16, 22], [17, 7, 18, 6], [19, 12, 20, 13], [21, 5, 22, 4], [23, 9, 24, 8], [1, 11, 2, 10], [3, 17, 4, 16], [5, 21, 6, 20], [7, 3, 8, 2]]"
12a_0075_109,"[[7, 3, 8, 2], [9, 1, 10, 24], [11, 15, 12, 14], [13, 18, 14, 19], [15, 23, 16, 22], [17, 7, 18, 6], [19, 12, 20, 13], [21, 5, 22, 4], [23, 9, 24, 8], [1, 11, 2, 10], [3, 17, 4, 16], [5, 21, 6, 20]]"
12a_0075_110,"[[5, 21, 6, 20], [7, 3, 8, 2], [9, 1, 10, 24], [11, 15, 12, 14], [13, 18, 14, 19], [15, 23, 16, 22], [17, 7, 18, 6], [19, 12, 20, 13], [21, 5, 22, 4], [23, 9, 24, 8], [1, 11, 2, 10], [3, 17, 4, 16]]"
12a_0075_111,"[[3, 17, 4, 16], [5, 21, 6, 20], [7, 3, 8, 2], [9, 1, 10, 24], [11, 15, 12, 14], [13, 18, 14, 19], [15, 23, 16, 22], [17, 7, 18, 6], [19, 12, 20, 13], [21, 5, 22, 4], [23, 9, 24, 8], [1, 11, 2, 10]]"
12a_0075_112,"[[1, 11, 2, 10], [3, 17, 4, 16], [5, 21, 6, 20], [7, 3, 8, 2], [9, 1, 10, 24], [11, 15, 12, 14], [13, 18, 14, 19], [15, 23, 16, 22], [17, 7, 18, 6], [19, 12, 20, 13], [21, 5, 22, 4], [23, 9, 24, 8]]"
12a_0075_113,"[[23, 9, 24, 8], [1, 11, 2, 10], [3, 17, 4, 16], [5, 21, 6, 20], [7, 3, 8, 2], [9, 1, 10, 24], [11, 15, 12, 14], [13, 18, 14, 19], [15, 23, 16, 22], [17, 7, 18, 6], [19, 12, 20, 13], [21, 5, 22, 4]]"
12a_0075_114,"[[21, 5, 22, 4], [23, 9, 24, 8], [1, 11, 2, 10], [3, 17, 4, 16], [5, 21, 6, 20], [7, 3, 8, 2], [9, 1, 10, 24], [11, 15, 12, 14], [13, 18, 14, 19], [15, 23, 16, 22], [17, 7, 18, 6], [19, 12, 20, 13]]"
12a_0075_115,"[[19, 12, 20, 13], [21, 5, 22, 4], [23, 9, 24, 8], [1, 11, 2, 10], [3, 17, 4, 16], [5, 21, 6, 20], [7, 3, 8, 2], [9, 1, 10, 24], [11, 15, 12, 14], [13, 18, 14, 19], [15, 23, 16, 22], [17, 7, 18, 6]]"
12a_0075_116,"[[17, 7, 18, 6], [19, 12, 20, 13], [21, 5, 22, 4], [23, 9, 24, 8], [1, 11, 2, 10], [3, 17, 4, 16], [5, 21, 6, 20], [7, 3, 8, 2], [9, 1, 10, 24], [11, 15, 12, 14], [13, 18, 14, 19], [15, 23, 16, 22]]"
12a_0075_117,"[[15, 23, 16, 22], [17, 7, 18, 6], [19, 12, 20, 13], [21, 5, 22, 4], [23, 9, 24, 8], [1, 11, 2, 10], [3, 17, 4, 16], [5, 21, 6, 20], [7, 3, 8, 2], [9, 1, 10, 24], [11, 15, 12, 14], [13, 18, 14, 19]]"
12a_0075_118,"[[13, 18, 14, 19], [15, 23, 16, 22], [17, 7, 18, 6], [19, 12, 20, 13], [21, 5, 22, 4], [23, 9, 24, 8], [1, 11, 2, 10], [3, 17, 4, 16], [5, 21, 6, 20], [7, 3, 8, 2], [9, 1, 10, 24], [11, 15, 12, 14]]"
12a_0075_119,"[[11, 15, 12, 14], [13, 18, 14, 19], [15, 23, 16, 22], [17, 7, 18, 6], [19, 12, 20, 13], [21, 5, 22, 4], [23, 9, 24, 8], [1, 11, 2, 10], [3, 17, 4, 16], [5, 21, 6, 20], [7, 3, 8, 2], [9, 1, 10, 24]]"
12a_0075_120,"[[10, 2, 11, 1], [12, 16, 13, 15], [14, 19, 15, 20], [16, 24, 17, 23], [18, 8, 19, 7], [20, 13, 21, 14], [22, 6, 23, 5], [24, 10, 1, 9], [2, 12, 3, 11], [4, 18, 5, 17], [6, 22, 7, 21], [8, 4, 9, 3]]"
12a_0075_121,"[[8, 4, 9, 3], [10, 2, 11, 1], [12, 16, 13, 15], [14, 19, 15, 20], [16, 24, 17, 23], [18, 8, 19, 7], [20, 13, 21, 14], [22, 6, 23, 5], [24, 10, 1, 9], [2, 12, 3, 11], [4, 18, 5, 17], [6, 22, 7, 21]]"
12a_0075_122,"[[6, 22, 7, 21], [8, 4, 9, 3], [10, 2, 11, 1], [12, 16, 13, 15], [14, 19, 15, 20], [16, 24, 17, 23], [18, 8, 19, 7], [20, 13, 21, 14], [22, 6, 23, 5], [24, 10, 1, 9], [2, 12, 3, 11], [4, 18, 5, 17]]"
12a_0075_123,"[[4, 18, 5, 17], [6, 22, 7, 21], [8, 4, 9, 3], [10, 2, 11, 1], [12, 16, 13, 15], [14, 19, 15, 20], [16, 24, 17, 23], [18, 8, 19, 7], [20, 13, 21, 14], [22, 6, 23, 5], [24, 10, 1, 9], [2, 12, 3, 11]]"
12a_0075_124,"[[2, 12, 3, 11], [4, 18, 5, 17], [6, 22, 7, 21], [8, 4, 9, 3], [10, 2, 11, 1], [12, 16, 13, 15], [14, 19, 15, 20], [16, 24, 17, 23], [18, 8, 19, 7], [20, 13, 21, 14], [22, 6, 23, 5], [24, 10, 1, 9]]"
12a_0075_125,"[[24, 10, 1, 9], [2, 12, 3, 11], [4, 18, 5, 17], [6, 22, 7, 21], [8, 4, 9, 3], [10, 2, 11, 1], [12, 16, 13, 15], [14, 19, 15, 20], [16, 24, 17, 23], [18, 8, 19, 7], [20, 13, 21, 14], [22, 6, 23, 5]]"
12a_0075_126,"[[22, 6, 23, 5], [24, 10, 1, 9], [2, 12, 3, 11], [4, 18, 5, 17], [6, 22, 7, 21], [8, 4, 9, 3], [10, 2, 11, 1], [12, 16, 13, 15], [14, 19, 15, 20], [16, 24, 17, 23], [18, 8, 19, 7], [20, 13, 21, 14]]"
12a_0075_127,"[[20, 13, 21, 14], [22, 6, 23, 5], [24, 10, 1, 9], [2, 12, 3, 11], [4, 18, 5, 17], [6, 22, 7, 21], [8, 4, 9, 3], [10, 2, 11, 1], [12, 16, 13, 15], [14, 19, 15, 20], [16, 24, 17, 23], [18, 8, 19, 7]]"
12a_0075_128,"[[18, 8, 19, 7], [20, 13, 21, 14], [22, 6, 23, 5], [24, 10, 1, 9], [2, 12, 3, 11], [4, 18, 5, 17], [6, 22, 7, 21], [8, 4, 9, 3], [10, 2, 11, 1], [12, 16, 13, 15], [14, 19, 15, 20], [16, 24, 17, 23]]"
12a_0075_129,"[[16, 24, 17, 23], [18, 8, 19, 7], [20, 13, 21, 14], [22, 6, 23, 5], [24, 10, 1, 9], [2, 12, 3, 11], [4, 18, 5, 17], [6, 22, 7, 21], [8, 4, 9, 3], [10, 2, 11, 1], [12, 16, 13, 15], [14, 19, 15, 20]]"
12a_0075_130,"[[14, 19, 15, 20], [16, 24, 17, 23], [18, 8, 19, 7], [20, 13, 21, 14], [22, 6, 23, 5], [24, 10, 1, 9], [2, 12, 3, 11], [4, 18, 5, 17], [6, 22, 7, 21], [8, 4, 9, 3], [10, 2, 11, 1], [12, 16, 13, 15]]"
12a_0075_131,"[[12, 16, 13, 15], [14, 19, 15, 20], [16, 24, 17, 23], [18, 8, 19, 7], [20, 13, 21, 14], [22, 6, 23, 5], [24, 10, 1, 9], [2, 12, 3, 11], [4, 18, 5, 17], [6, 22, 7, 21], [8, 4, 9, 3], [10, 2, 11, 1]]"
12a_0075_132,"[[11, 3, 12, 2], [13, 17, 14, 16], [15, 20, 16, 21], [17, 1, 18, 24], [19, 9, 20, 8], [21, 14, 22, 15], [23, 7, 24, 6], [1, 11, 2, 10], [3, 13, 4, 12], [5, 19, 6, 18], [7, 23, 8, 22], [9, 5, 10, 4]]"
12a_0075_133,"[[9, 5, 10, 4], [11, 3, 12, 2], [13, 17, 14, 16], [15, 20, 16, 21], [17, 1, 18, 24], [19, 9, 20, 8], [21, 14, 22, 15], [23, 7, 24, 6], [1, 11, 2, 10], [3, 13, 4, 12], [5, 19, 6, 18], [7, 23, 8, 22]]"
12a_0075_134,"[[7, 23, 8, 22], [9, 5, 10, 4], [11, 3, 12, 2], [13, 17, 14, 16], [15, 20, 16, 21], [17, 1, 18, 24], [19, 9, 20, 8], [21, 14, 22, 15], [23, 7, 24, 6], [1, 11, 2, 10], [3, 13, 4, 12], [5, 19, 6, 18]]"
12a_0075_135,"[[5, 19, 6, 18], [7, 23, 8, 22], [9, 5, 10, 4], [11, 3, 12, 2], [13, 17, 14, 16], [15, 20, 16, 21], [17, 1, 18, 24], [19, 9, 20, 8], [21, 14, 22, 15], [23, 7, 24, 6], [1, 11, 2, 10], [3, 13, 4, 12]]"
12a_0075_136,"[[3, 13, 4, 12], [5, 19, 6, 18], [7, 23, 8, 22], [9, 5, 10, 4], [11, 3, 12, 2], [13, 17, 14, 16], [15, 20, 16, 21], [17, 1, 18, 24], [19, 9, 20, 8], [21, 14, 22, 15], [23, 7, 24, 6], [1, 11, 2, 10]]"
12a_0075_137,"[[1, 11, 2, 10], [3, 13, 4, 12], [5, 19, 6, 18], [7, 23, 8, 22], [9, 5, 10, 4], [11, 3, 12, 2], [13, 17, 14, 16], [15, 20, 16, 21], [17, 1, 18, 24], [19, 9, 20, 8], [21, 14, 22, 15], [23, 7, 24, 6]]"
12a_0075_138,"[[23, 7, 24, 6], [1, 11, 2, 10], [3, 13, 4, 12], [5, 19, 6, 18], [7, 23, 8, 22], [9, 5, 10, 4], [11, 3, 12, 2], [13, 17, 14, 16], [15, 20, 16, 21], [17, 1, 18, 24], [19, 9, 20, 8], [21, 14, 22, 15]]"
12a_0075_139,"[[21, 14, 22, 15], [23, 7, 24, 6], [1, 11, 2, 10], [3, 13, 4, 12], [5, 19, 6, 18], [7, 23, 8, 22], [9, 5, 10, 4], [11, 3, 12, 2], [13, 17, 14, 16], [15, 20, 16, 21], [17, 1, 18, 24], [19, 9, 20, 8]]"
12a_0075_140,"[[19, 9, 20, 8], [21, 14, 22, 15], [23, 7, 24, 6], [1, 11, 2, 10], [3, 13, 4, 12], [5, 19, 6, 18], [7, 23, 8, 22], [9, 5, 10, 4], [11, 3, 12, 2], [13, 17, 14, 16], [15, 20, 16, 21], [17, 1, 18, 24]]"
12a_0075_141,"[[17, 1, 18, 24], [19, 9, 20, 8], [21, 14, 22, 15], [23, 7, 24, 6], [1, 11, 2, 10], [3, 13, 4, 12], [5, 19, 6, 18], [7, 23, 8, 22], [9, 5, 10, 4], [11, 3, 12, 2], [13, 17, 14, 16], [15, 20, 16, 21]]"
12a_0075_142,"[[15, 20, 16, 21], [17, 1, 18, 24], [19, 9, 20, 8], [21, 14, 22, 15], [23, 7, 24, 6], [1, 11, 2, 10], [3, 13, 4, 12], [5, 19, 6, 18], [7, 23, 8, 22], [9, 5, 10, 4], [11, 3, 12, 2], [13, 17, 14, 16]]"
12a_0075_143,"[[13, 17, 14, 16], [15, 20, 16, 21], [17, 1, 18, 24], [19, 9, 20, 8], [21, 14, 22, 15], [23, 7, 24, 6], [1, 11, 2, 10], [3, 13, 4, 12], [5, 19, 6, 18], [7, 23, 8, 22], [9, 5, 10, 4], [11, 3, 12, 2]]"
12a_0075_144,"[[12, 4, 13, 3], [14, 18, 15, 17], [16, 21, 17, 22], [18, 2, 19, 1], [20, 10, 21, 9], [22, 15, 23, 16], [24, 8, 1, 7], [2, 12, 3, 11], [4, 14, 5, 13], [6, 20, 7, 19], [8, 24, 9, 23], [10, 6, 11, 5]]"
12a_0075_145,"[[10, 6, 11, 5], [12, 4, 13, 3], [14, 18, 15, 17], [16, 21, 17, 22], [18, 2, 19, 1], [20, 10, 21, 9], [22, 15, 23, 16], [24, 8, 1, 7], [2, 12, 3, 11], [4, 14, 5, 13], [6, 20, 7, 19], [8, 24, 9, 23]]"
12a_0075_146,"[[8, 24, 9, 23], [10, 6, 11, 5], [12, 4, 13, 3], [14, 18, 15, 17], [16, 21, 17, 22], [18, 2, 19, 1], [20, 10, 21, 9], [22, 15, 23, 16], [24, 8, 1, 7], [2, 12, 3, 11], [4, 14, 5, 13], [6, 20, 7, 19]]"
12a_0075_147,"[[6, 20, 7, 19], [8, 24, 9, 23], [10, 6, 11, 5], [12, 4, 13, 3], [14, 18, 15, 17], [16, 21, 17, 22], [18, 2, 19, 1], [20, 10, 21, 9], [22, 15, 23, 16], [24, 8, 1, 7], [2, 12, 3, 11], [4, 14, 5, 13]]"
12a_0075_148,"[[4, 14, 5, 13], [6, 20, 7, 19], [8, 24, 9, 23], [10, 6, 11, 5], [12, 4, 13, 3], [14, 18, 15, 17], [16, 21, 17, 22], [18, 2, 19, 1], [20, 10, 21, 9], [22, 15, 23, 16], [24, 8, 1, 7], [2, 12, 3, 11]]"
12a_0075_149,"[[2, 12, 3, 11], [4, 14, 5, 13], [6, 20, 7, 19], [8, 24, 9, 23], [10, 6, 11, 5], [12, 4, 13, 3], [14, 18, 15, 17], [16, 21, 17, 22], [18, 2, 19, 1], [20, 10, 21, 9], [22, 15, 23, 16], [24, 8, 1, 7]]"
12a_0075_150,"[[24, 8, 1, 7], [2, 12, 3, 11], [4, 14, 5, 13], [6, 20, 7, 19], [8, 24, 9, 23], [10, 6, 11, 5], [12, 4, 13, 3], [14, 18, 15, 17], [16, 21, 17, 22], [18, 2, 19, 1], [20, 10, 21, 9], [22, 15, 23, 16]]"
12a_0075_151,"[[22, 15, 23, 16], [24, 8, 1, 7], [2, 12, 3, 11], [4, 14, 5, 13], [6, 20, 7, 19], [8, 24, 9, 23], [10, 6, 11, 5], [12, 4, 13, 3], [14, 18, 15, 17], [16, 21, 17, 22], [18, 2, 19, 1], [20, 10, 21, 9]]"
12a_0075_152,"[[20, 10, 21, 9], [22, 15, 23, 16], [24, 8, 1, 7], [2, 12, 3, 11], [4, 14, 5, 13], [6, 20, 7, 19], [8, 24, 9, 23], [10, 6, 11, 5], [12, 4, 13, 3], [14, 18, 15, 17], [16, 21, 17, 22], [18, 2, 19, 1]]"
12a_0075_153,"[[18, 2, 19, 1], [20, 10, 21, 9], [22, 15, 23, 16], [24, 8, 1, 7], [2, 12, 3, 11], [4, 14, 5, 13], [6, 20, 7, 19], [8, 24, 9, 23], [10, 6, 11, 5], [12, 4, 13, 3], [14, 18, 15, 17], [16, 21, 17, 22]]"
12a_0075_154,"[[16, 21, 17, 22], [18, 2, 19, 1], [20, 10, 21, 9], [22, 15, 23, 16], [24, 8, 1, 7], [2, 12, 3, 11], [4, 14, 5, 13], [6, 20, 7, 19], [8, 24, 9, 23], [10, 6, 11, 5], [12, 4, 13, 3], [14, 18, 15, 17]]"
12a_0075_155,"[[14, 18, 15, 17], [16, 21, 17, 22], [18, 2, 19, 1], [20, 10, 21, 9], [22, 15, 23, 16], [24, 8, 1, 7], [2, 12, 3, 11], [4, 14, 5, 13], [6, 20, 7, 19], [8, 24, 9, 23], [10, 6, 11, 5], [12, 4, 13, 3]]"
12a_0075_156,"[[13, 5, 14, 4], [15, 19, 16, 18], [17, 22, 18, 23], [19, 3, 20, 2], [21, 11, 22, 10], [23, 16, 24, 17], [1, 9, 2, 8], [3, 13, 4, 12], [5, 15, 6, 14], [7, 21, 8, 20], [9, 1, 10, 24], [11, 7, 12, 6]]"
12a_0075_157,"[[11, 7, 12, 6], [13, 5, 14, 4], [15, 19, 16, 18], [17, 22, 18, 23], [19, 3, 20, 2], [21, 11, 22, 10], [23, 16, 24, 17], [1, 9, 2, 8], [3, 13, 4, 12], [5, 15, 6, 14], [7, 21, 8, 20], [9, 1, 10, 24]]"
12a_0075_158,"[[9, 1, 10, 24], [11, 7, 12, 6], [13, 5, 14, 4], [15, 19, 16, 18], [17, 22, 18, 23], [19, 3, 20, 2], [21, 11, 22, 10], [23, 16, 24, 17], [1, 9, 2, 8], [3, 13, 4, 12], [5, 15, 6, 14], [7, 21, 8, 20]]"
12a_0075_159,"[[7, 21, 8, 20], [9, 1, 10, 24], [11, 7, 12, 6], [13, 5, 14, 4], [15, 19, 16, 18], [17, 22, 18, 23], [19, 3, 20, 2], [21, 11, 22, 10], [23, 16, 24, 17], [1, 9, 2, 8], [3, 13, 4, 12], [5, 15, 6, 14]]"
12a_0075_160,"[[5, 15, 6, 14], [7, 21, 8, 20], [9, 1, 10, 24], [11, 7, 12, 6], [13, 5, 14, 4], [15, 19, 16, 18], [17, 22, 18, 23], [19, 3, 20, 2], [21, 11, 22, 10], [23, 16, 24, 17], [1, 9, 2, 8], [3, 13, 4, 12]]"
12a_0075_161,"[[3, 13, 4, 12], [5, 15, 6, 14], [7, 21, 8, 20], [9, 1, 10, 24], [11, 7, 12, 6], [13, 5, 14, 4], [15, 19, 16, 18], [17, 22, 18, 23], [19, 3, 20, 2], [21, 11, 22, 10], [23, 16, 24, 17], [1, 9, 2, 8]]"
12a_0075_162,"[[1, 9, 2, 8], [3, 13, 4, 12], [5, 15, 6, 14], [7, 21, 8, 20], [9, 1, 10, 24], [11, 7, 12, 6], [13, 5, 14, 4], [15, 19, 16, 18], [17, 22, 18, 23], [19, 3, 20, 2], [21, 11, 22, 10], [23, 16, 24, 17]]"
12a_0075_163,"[[23, 16, 24, 17], [1, 9, 2, 8], [3, 13, 4, 12], [5, 15, 6, 14], [7, 21, 8, 20], [9, 1, 10, 24], [11, 7, 12, 6], [13, 5, 14, 4], [15, 19, 16, 18], [17, 22, 18, 23], [19, 3, 20, 2], [21, 11, 22, 10]]"
12a_0075_164,"[[21, 11, 22, 10], [23, 16, 24, 17], [1, 9, 2, 8], [3, 13, 4, 12], [5, 15, 6, 14], [7, 21, 8, 20], [9, 1, 10, 24], [11, 7, 12, 6], [13, 5, 14, 4], [15, 19, 16, 18], [17, 22, 18, 23], [19, 3, 20, 2]]"
12a_0075_165,"[[19, 3, 20, 2], [21, 11, 22, 10], [23, 16, 24, 17], [1, 9, 2, 8], [3, 13, 4, 12], [5, 15, 6, 14], [7, 21, 8, 20], [9, 1, 10, 24], [11, 7, 12, 6], [13, 5, 14, 4], [15, 19, 16, 18], [17, 22, 18, 23]]"
12a_0075_166,"[[17, 22, 18, 23], [19, 3, 20, 2], [21, 11, 22, 10], [23, 16, 24, 17], [1, 9, 2, 8], [3, 13, 4, 12], [5, 15, 6, 14], [7, 21, 8, 20], [9, 1, 10, 24], [11, 7, 12, 6], [13, 5, 14, 4], [15, 19, 16, 18]]"
12a_0075_167,"[[15, 19, 16, 18], [17, 22, 18, 23], [19, 3, 20, 2], [21, 11, 22, 10], [23, 16, 24, 17], [1, 9, 2, 8], [3, 13, 4, 12], [5, 15, 6, 14], [7, 21, 8, 20], [9, 1, 10, 24], [11, 7, 12, 6], [13, 5, 14, 4]]"
12a_0075_168,"[[14, 6, 15, 5], [16, 20, 17, 19], [18, 23, 19, 24], [20, 4, 21, 3], [22, 12, 23, 11], [24, 17, 1, 18], [2, 10, 3, 9], [4, 14, 5, 13], [6, 16, 7, 15], [8, 22, 9, 21], [10, 2, 11, 1], [12, 8, 13, 7]]"
12a_0075_169,"[[12, 8, 13, 7], [14, 6, 15, 5], [16, 20, 17, 19], [18, 23, 19, 24], [20, 4, 21, 3], [22, 12, 23, 11], [24, 17, 1, 18], [2, 10, 3, 9], [4, 14, 5, 13], [6, 16, 7, 15], [8, 22, 9, 21], [10, 2, 11, 1]]"
12a_0075_170,"[[10, 2, 11, 1], [12, 8, 13, 7], [14, 6, 15, 5], [16, 20, 17, 19], [18, 23, 19, 24], [20, 4, 21, 3], [22, 12, 23, 11], [24, 17, 1, 18], [2, 10, 3, 9], [4, 14, 5, 13], [6, 16, 7, 15], [8, 22, 9, 21]]"
12a_0075_171,"[[8, 22, 9, 21], [10, 2, 11, 1], [12, 8, 13, 7], [14, 6, 15, 5], [16, 20, 17, 19], [18, 23, 19, 24], [20, 4, 21, 3], [22, 12, 23, 11], [24, 17, 1, 18], [2, 10, 3, 9], [4, 14, 5, 13], [6, 16, 7, 15]]"
12a_0075_172,"[[6, 16, 7, 15], [8, 22, 9, 21], [10, 2, 11, 1], [12, 8, 13, 7], [14, 6, 15, 5], [16, 20, 17, 19], [18, 23, 19, 24], [20, 4, 21, 3], [22, 12, 23, 11], [24, 17, 1, 18], [2, 10, 3, 9], [4, 14, 5, 13]]"
12a_0075_173,"[[4, 14, 5, 13], [6, 16, 7, 15], [8, 22, 9, 21], [10, 2, 11, 1], [12, 8, 13, 7], [14, 6, 15, 5], [16, 20, 17, 19], [18, 23, 19, 24], [20, 4, 21, 3], [22, 12, 23, 11], [24, 17, 1, 18], [2, 10, 3, 9]]"
12a_0075_174,"[[2, 10, 3, 9], [4, 14, 5, 13], [6, 16, 7, 15], [8, 22, 9, 21], [10, 2, 11, 1], [12, 8, 13, 7], [14, 6, 15, 5], [16, 20, 17, 19], [18, 23, 19, 24], [20, 4, 21, 3], [22, 12, 23, 11], [24, 17, 1, 18]]"
12a_0075_175,"[[24, 17, 1, 18], [2, 10, 3, 9], [4, 14, 5, 13], [6, 16, 7, 15], [8, 22, 9, 21], [10, 2, 11, 1], [12, 8, 13, 7], [14, 6, 15, 5], [16, 20, 17, 19], [18, 23, 19, 24], [20, 4, 21, 3], [22, 12, 23, 11]]"
12a_0075_176,"[[22, 12, 23, 11], [24, 17, 1, 18], [2, 10, 3, 9], [4, 14, 5, 13], [6, 16, 7, 15], [8, 22, 9, 21], [10, 2, 11, 1], [12, 8, 13, 7], [14, 6, 15, 5], [16, 20, 17, 19], [18, 23, 19, 24], [20, 4, 21, 3]]"
12a_0075_177,"[[20, 4, 21, 3], [22, 12, 23, 11], [24, 17, 1, 18], [2, 10, 3, 9], [4, 14, 5, 13], [6, 16, 7, 15], [8, 22, 9, 21], [10, 2, 11, 1], [12, 8, 13, 7], [14, 6, 15, 5], [16, 20, 17, 19], [18, 23, 19, 24]]"
12a_0075_178,"[[18, 23, 19, 24], [20, 4, 21, 3], [22, 12, 23, 11], [24, 17, 1, 18], [2, 10, 3, 9], [4, 14, 5, 13], [6, 16, 7, 15], [8, 22, 9, 21], [10, 2, 11, 1], [12, 8, 13, 7], [14, 6, 15, 5], [16, 20, 17, 19]]"
12a_0075_179,"[[16, 20, 17, 19], [18, 23, 19, 24], [20, 4, 21, 3], [22, 12, 23, 11], [24, 17, 1, 18], [2, 10, 3, 9], [4, 14, 5, 13], [6, 16, 7, 15], [8, 22, 9, 21], [10, 2, 11, 1], [12, 8, 13, 7], [14, 6, 15, 5]]"
12a_0075_180,"[[15, 7, 16, 6], [17, 21, 18, 20], [19, 24, 20, 1], [21, 5, 22, 4], [23, 13, 24, 12], [1, 18, 2, 19], [3, 11, 4, 10], [5, 15, 6, 14], [7, 17, 8, 16], [9, 23, 10, 22], [11, 3, 12, 2], [13, 9, 14, 8]]"
12a_0075_181,"[[13, 9, 14, 8], [15, 7, 16, 6], [17, 21, 18, 20], [19, 24, 20, 1], [21, 5, 22, 4], [23, 13, 24, 12], [1, 18, 2, 19], [3, 11, 4, 10], [5, 15, 6, 14], [7, 17, 8, 16], [9, 23, 10, 22], [11, 3, 12, 2]]"
12a_0075_182,"[[11, 3, 12, 2], [13, 9, 14, 8], [15, 7, 16, 6], [17, 21, 18, 20], [19, 24, 20, 1], [21, 5, 22, 4], [23, 13, 24, 12], [1, 18, 2, 19], [3, 11, 4, 10], [5, 15, 6, 14], [7, 17, 8, 16], [9, 23, 10, 22]]"
12a_0075_183,"[[9, 23, 10, 22], [11, 3, 12, 2], [13, 9, 14, 8], [15, 7, 16, 6], [17, 21, 18, 20], [19, 24, 20, 1], [21, 5, 22, 4], [23, 13, 24, 12], [1, 18, 2, 19], [3, 11, 4, 10], [5, 15, 6, 14], [7, 17, 8, 16]]"
12a_0075_184,"[[7, 17, 8, 16], [9, 23, 10, 22], [11, 3, 12, 2], [13, 9, 14, 8], [15, 7, 16, 6], [17, 21, 18, 20], [19, 24, 20, 1], [21, 5, 22, 4], [23, 13, 24, 12], [1, 18, 2, 19], [3, 11, 4, 10], [5, 15, 6, 14]]"
12a_0075_185,"[[5, 15, 6, 14], [7, 17, 8, 16], [9, 23, 10, 22], [11, 3, 12, 2], [13, 9, 14, 8], [15, 7, 16, 6], [17, 21, 18, 20], [19, 24, 20, 1], [21, 5, 22, 4], [23, 13, 24, 12], [1, 18, 2, 19], [3, 11, 4, 10]]"
