name,pd_notation
12a_0032_0,"[[24, 13, 1, 14], [2, 6, 3, 5], [4, 9, 5, 10], [6, 12, 7, 11], [8, 17, 9, 18], [10, 3, 11, 4], [12, 23, 13, 24], [14, 22, 15, 21], [16, 20, 17, 19], [18, 7, 19, 8], [20, 16, 21, 15], [22, 1, 23, 2]]"
12a_0032_1,"[[22, 1, 23, 2], [24, 13, 1, 14], [2, 6, 3, 5], [4, 9, 5, 10], [6, 12, 7, 11], [8, 17, 9, 18], [10, 3, 11, 4], [12, 23, 13, 24], [14, 22, 15, 21], [16, 20, 17, 19], [18, 7, 19, 8], [20, 16, 21, 15]]"
12a_0032_2,"[[20, 16, 21, 15], [22, 1, 23, 2], [24, 13, 1, 14], [2, 6, 3, 5], [4, 9, 5, 10], [6, 12, 7, 11], [8, 17, 9, 18], [10, 3, 11, 4], [12, 23, 13, 24], [14, 22, 15, 21], [16, 20, 17, 19], [18, 7, 19, 8]]"
12a_0032_3,"[[18, 7, 19, 8], [20, 16, 21, 15], [22, 1, 23, 2], [24, 13, 1, 14], [2, 6, 3, 5], [4, 9, 5, 10], [6, 12, 7, 11], [8, 17, 9, 18], [10, 3, 11, 4], [12, 23, 13, 24], [14, 22, 15, 21], [16, 20, 17, 19]]"
12a_0032_4,"[[16, 20, 17, 19], [18, 7, 19, 8], [20, 16, 21, 15], [22, 1, 23, 2], [24, 13, 1, 14], [2, 6, 3, 5], [4, 9, 5, 10], [6, 12, 7, 11], [8, 17, 9, 18], [10, 3, 11, 4], [12, 23, 13, 24], [14, 22, 15, 21]]"
12a_0032_5,"[[14, 22, 15, 21], [16, 20, 17, 19], [18, 7, 19, 8], [20, 16, 21, 15], [22, 1, 23, 2], [24, 13, 1, 14], [2, 6, 3, 5], [4, 9, 5, 10], [6, 12, 7, 11], [8, 17, 9, 18], [10, 3, 11, 4], [12, 23, 13, 24]]"
12a_0032_6,"[[12, 23, 13, 24], [14, 22, 15, 21], [16, 20, 17, 19], [18, 7, 19, 8], [20, 16, 21, 15], [22, 1, 23, 2], [24, 13, 1, 14], [2, 6, 3, 5], [4, 9, 5, 10], [6, 12, 7, 11], [8, 17, 9, 18], [10, 3, 11, 4]]"
12a_0032_7,"[[10, 3, 11, 4], [12, 23, 13, 24], [14, 22, 15, 21], [16, 20, 17, 19], [18, 7, 19, 8], [20, 16, 21, 15], [22, 1, 23, 2], [24, 13, 1, 14], [2, 6, 3, 5], [4, 9, 5, 10], [6, 12, 7, 11], [8, 17, 9, 18]]"
12a_0032_8,"[[8, 17, 9, 18], [10, 3, 11, 4], [12, 23, 13, 24], [14, 22, 15, 21], [16, 20, 17, 19], [18, 7, 19, 8], [20, 16, 21, 15], [22, 1, 23, 2], [24, 13, 1, 14], [2, 6, 3, 5], [4, 9, 5, 10], [6, 12, 7, 11]]"
12a_0032_9,"[[6, 12, 7, 11], [8, 17, 9, 18], [10, 3, 11, 4], [12, 23, 13, 24], [14, 22, 15, 21], [16, 20, 17, 19], [18, 7, 19, 8], [20, 16, 21, 15], [22, 1, 23, 2], [24, 13, 1, 14], [2, 6, 3, 5], [4, 9, 5, 10]]"
12a_0032_10,"[[4, 9, 5, 10], [6, 12, 7, 11], [8, 17, 9, 18], [10, 3, 11, 4], [12, 23, 13, 24], [14, 22, 15, 21], [16, 20, 17, 19], [18, 7, 19, 8], [20, 16, 21, 15], [22, 1, 23, 2], [24, 13, 1, 14], [2, 6, 3, 5]]"
12a_0032_11,"[[2, 6, 3, 5], [4, 9, 5, 10], [6, 12, 7, 11], [8, 17, 9, 18], [10, 3, 11, 4], [12, 23, 13, 24], [14, 22, 15, 21], [16, 20, 17, 19], [18, 7, 19, 8], [20, 16, 21, 15], [22, 1, 23, 2], [24, 13, 1, 14]]"
12a_0032_12,"[[1, 14, 2, 15], [3, 7, 4, 6], [5, 10, 6, 11], [7, 13, 8, 12], [9, 18, 10, 19], [11, 4, 12, 5], [13, 24, 14, 1], [15, 23, 16, 22], [17, 21, 18, 20], [19, 8, 20, 9], [21, 17, 22, 16], [23, 2, 24, 3]]"
12a_0032_13,"[[23, 2, 24, 3], [1, 14, 2, 15], [3, 7, 4, 6], [5, 10, 6, 11], [7, 13, 8, 12], [9, 18, 10, 19], [11, 4, 12, 5], [13, 24, 14, 1], [15, 23, 16, 22], [17, 21, 18, 20], [19, 8, 20, 9], [21, 17, 22, 16]]"
12a_0032_14,"[[21, 17, 22, 16], [23, 2, 24, 3], [1, 14, 2, 15], [3, 7, 4, 6], [5, 10, 6, 11], [7, 13, 8, 12], [9, 18, 10, 19], [11, 4, 12, 5], [13, 24, 14, 1], [15, 23, 16, 22], [17, 21, 18, 20], [19, 8, 20, 9]]"
12a_0032_15,"[[19, 8, 20, 9], [21, 17, 22, 16], [23, 2, 24, 3], [1, 14, 2, 15], [3, 7, 4, 6], [5, 10, 6, 11], [7, 13, 8, 12], [9, 18, 10, 19], [11, 4, 12, 5], [13, 24, 14, 1], [15, 23, 16, 22], [17, 21, 18, 20]]"
12a_0032_16,"[[17, 21, 18, 20], [19, 8, 20, 9], [21, 17, 22, 16], [23, 2, 24, 3], [1, 14, 2, 15], [3, 7, 4, 6], [5, 10, 6, 11], [7, 13, 8, 12], [9, 18, 10, 19], [11, 4, 12, 5], [13, 24, 14, 1], [15, 23, 16, 22]]"
12a_0032_17,"[[15, 23, 16, 22], [17, 21, 18, 20], [19, 8, 20, 9], [21, 17, 22, 16], [23, 2, 24, 3], [1, 14, 2, 15], [3, 7, 4, 6], [5, 10, 6, 11], [7, 13, 8, 12], [9, 18, 10, 19], [11, 4, 12, 5], [13, 24, 14, 1]]"
12a_0032_18,"[[13, 24, 14, 1], [15, 23, 16, 22], [17, 21, 18, 20], [19, 8, 20, 9], [21, 17, 22, 16], [23, 2, 24, 3], [1, 14, 2, 15], [3, 7, 4, 6], [5, 10, 6, 11], [7, 13, 8, 12], [9, 18, 10, 19], [11, 4, 12, 5]]"
12a_0032_19,"[[11, 4, 12, 5], [13, 24, 14, 1], [15, 23, 16, 22], [17, 21, 18, 20], [19, 8, 20, 9], [21, 17, 22, 16], [23, 2, 24, 3], [1, 14, 2, 15], [3, 7, 4, 6], [5, 10, 6, 11], [7, 13, 8, 12], [9, 18, 10, 19]]"
12a_0032_20,"[[9, 18, 10, 19], [11, 4, 12, 5], [13, 24, 14, 1], [15, 23, 16, 22], [17, 21, 18, 20], [19, 8, 20, 9], [21, 17, 22, 16], [23, 2, 24, 3], [1, 14, 2, 15], [3, 7, 4, 6], [5, 10, 6, 11], [7, 13, 8, 12]]"
12a_0032_21,"[[7, 13, 8, 12], [9, 18, 10, 19], [11, 4, 12, 5], [13, 24, 14, 1], [15, 23, 16, 22], [17, 21, 18, 20], [19, 8, 20, 9], [21, 17, 22, 16], [23, 2, 24, 3], [1, 14, 2, 15], [3, 7, 4, 6], [5, 10, 6, 11]]"
12a_0032_22,"[[5, 10, 6, 11], [7, 13, 8, 12], [9, 18, 10, 19], [11, 4, 12, 5], [13, 24, 14, 1], [15, 23, 16, 22], [17, 21, 18, 20], [19, 8, 20, 9], [21, 17, 22, 16], [23, 2, 24, 3], [1, 14, 2, 15], [3, 7, 4, 6]]"
12a_0032_23,"[[3, 7, 4, 6], [5, 10, 6, 11], [7, 13, 8, 12], [9, 18, 10, 19], [11, 4, 12, 5], [13, 24, 14, 1], [15, 23, 16, 22], [17, 21, 18, 20], [19, 8, 20, 9], [21, 17, 22, 16], [23, 2, 24, 3], [1, 14, 2, 15]]"
12a_0032_24,"[[2, 15, 3, 16], [4, 8, 5, 7], [6, 11, 7, 12], [8, 14, 9, 13], [10, 19, 11, 20], [12, 5, 13, 6], [14, 1, 15, 2], [16, 24, 17, 23], [18, 22, 19, 21], [20, 9, 21, 10], [22, 18, 23, 17], [24, 3, 1, 4]]"
12a_0032_25,"[[24, 3, 1, 4], [2, 15, 3, 16], [4, 8, 5, 7], [6, 11, 7, 12], [8, 14, 9, 13], [10, 19, 11, 20], [12, 5, 13, 6], [14, 1, 15, 2], [16, 24, 17, 23], [18, 22, 19, 21], [20, 9, 21, 10], [22, 18, 23, 17]]"
12a_0032_26,"[[22, 18, 23, 17], [24, 3, 1, 4], [2, 15, 3, 16], [4, 8, 5, 7], [6, 11, 7, 12], [8, 14, 9, 13], [10, 19, 11, 20], [12, 5, 13, 6], [14, 1, 15, 2], [16, 24, 17, 23], [18, 22, 19, 21], [20, 9, 21, 10]]"
12a_0032_27,"[[20, 9, 21, 10], [22, 18, 23, 17], [24, 3, 1, 4], [2, 15, 3, 16], [4, 8, 5, 7], [6, 11, 7, 12], [8, 14, 9, 13], [10, 19, 11, 20], [12, 5, 13, 6], [14, 1, 15, 2], [16, 24, 17, 23], [18, 22, 19, 21]]"
12a_0032_28,"[[18, 22, 19, 21], [20, 9, 21, 10], [22, 18, 23, 17], [24, 3, 1, 4], [2, 15, 3, 16], [4, 8, 5, 7], [6, 11, 7, 12], [8, 14, 9, 13], [10, 19, 11, 20], [12, 5, 13, 6], [14, 1, 15, 2], [16, 24, 17, 23]]"
12a_0032_29,"[[16, 24, 17, 23], [18, 22, 19, 21], [20, 9, 21, 10], [22, 18, 23, 17], [24, 3, 1, 4], [2, 15, 3, 16], [4, 8, 5, 7], [6, 11, 7, 12], [8, 14, 9, 13], [10, 19, 11, 20], [12, 5, 13, 6], [14, 1, 15, 2]]"
12a_0032_30,"[[14, 1, 15, 2], [16, 24, 17, 23], [18, 22, 19, 21], [20, 9, 21, 10], [22, 18, 23, 17], [24, 3, 1, 4], [2, 15, 3, 16], [4, 8, 5, 7], [6, 11, 7, 12], [8, 14, 9, 13], [10, 19, 11, 20], [12, 5, 13, 6]]"
12a_0032_31,"[[12, 5, 13, 6], [14, 1, 15, 2], [16, 24, 17, 23], [18, 22, 19, 21], [20, 9, 21, 10], [22, 18, 23, 17], [24, 3, 1, 4], [2, 15, 3, 16], [4, 8, 5, 7], [6, 11, 7, 12], [8, 14, 9, 13], [10, 19, 11, 20]]"
12a_0032_32,"[[10, 19, 11, 20], [12, 5, 13, 6], [14, 1, 15, 2], [16, 24, 17, 23], [18, 22, 19, 21], [20, 9, 21, 10], [22, 18, 23, 17], [24, 3, 1, 4], [2, 15, 3, 16], [4, 8, 5, 7], [6, 11, 7, 12], [8, 14, 9, 13]]"
12a_0032_33,"[[8, 14, 9, 13], [10, 19, 11, 20], [12, 5, 13, 6], [14, 1, 15, 2], [16, 24, 17, 23], [18, 22, 19, 21], [20, 9, 21, 10], [22, 18, 23, 17], [24, 3, 1, 4], [2, 15, 3, 16], [4, 8, 5, 7], [6, 11, 7, 12]]"
12a_0032_34,"[[6, 11, 7, 12], [8, 14, 9, 13], [10, 19, 11, 20], [12, 5, 13, 6], [14, 1, 15, 2], [16, 24, 17, 23], [18, 22, 19, 21], [20, 9, 21, 10], [22, 18, 23, 17], [24, 3, 1, 4], [2, 15, 3, 16], [4, 8, 5, 7]]"
12a_0032_35,"[[4, 8, 5, 7], [6, 11, 7, 12], [8, 14, 9, 13], [10, 19, 11, 20], [12, 5, 13, 6], [14, 1, 15, 2], [16, 24, 17, 23], [18, 22, 19, 21], [20, 9, 21, 10], [22, 18, 23, 17], [24, 3, 1, 4], [2, 15, 3, 16]]"
12a_0032_36,"[[3, 16, 4, 17], [5, 9, 6, 8], [7, 12, 8, 13], [9, 15, 10, 14], [11, 20, 12, 21], [13, 6, 14, 7], [15, 2, 16, 3], [17, 1, 18, 24], [19, 23, 20, 22], [21, 10, 22, 11], [23, 19, 24, 18], [1, 4, 2, 5]]"
12a_0032_37,"[[1, 4, 2, 5], [3, 16, 4, 17], [5, 9, 6, 8], [7, 12, 8, 13], [9, 15, 10, 14], [11, 20, 12, 21], [13, 6, 14, 7], [15, 2, 16, 3], [17, 1, 18, 24], [19, 23, 20, 22], [21, 10, 22, 11], [23, 19, 24, 18]]"
12a_0032_38,"[[23, 19, 24, 18], [1, 4, 2, 5], [3, 16, 4, 17], [5, 9, 6, 8], [7, 12, 8, 13], [9, 15, 10, 14], [11, 20, 12, 21], [13, 6, 14, 7], [15, 2, 16, 3], [17, 1, 18, 24], [19, 23, 20, 22], [21, 10, 22, 11]]"
12a_0032_39,"[[21, 10, 22, 11], [23, 19, 24, 18], [1, 4, 2, 5], [3, 16, 4, 17], [5, 9, 6, 8], [7, 12, 8, 13], [9, 15, 10, 14], [11, 20, 12, 21], [13, 6, 14, 7], [15, 2, 16, 3], [17, 1, 18, 24], [19, 23, 20, 22]]"
12a_0032_40,"[[19, 23, 20, 22], [21, 10, 22, 11], [23, 19, 24, 18], [1, 4, 2, 5], [3, 16, 4, 17], [5, 9, 6, 8], [7, 12, 8, 13], [9, 15, 10, 14], [11, 20, 12, 21], [13, 6, 14, 7], [15, 2, 16, 3], [17, 1, 18, 24]]"
12a_0032_41,"[[17, 1, 18, 24], [19, 23, 20, 22], [21, 10, 22, 11], [23, 19, 24, 18], [1, 4, 2, 5], [3, 16, 4, 17], [5, 9, 6, 8], [7, 12, 8, 13], [9, 15, 10, 14], [11, 20, 12, 21], [13, 6, 14, 7], [15, 2, 16, 3]]"
12a_0032_42,"[[15, 2, 16, 3], [17, 1, 18, 24], [19, 23, 20, 22], [21, 10, 22, 11], [23, 19, 24, 18], [1, 4, 2, 5], [3, 16, 4, 17], [5, 9, 6, 8], [7, 12, 8, 13], [9, 15, 10, 14], [11, 20, 12, 21], [13, 6, 14, 7]]"
12a_0032_43,"[[13, 6, 14, 7], [15, 2, 16, 3], [17, 1, 18, 24], [19, 23, 20, 22], [21, 10, 22, 11], [23, 19, 24, 18], [1, 4, 2, 5], [3, 16, 4, 17], [5, 9, 6, 8], [7, 12, 8, 13], [9, 15, 10, 14], [11, 20, 12, 21]]"
12a_0032_44,"[[11, 20, 12, 21], [13, 6, 14, 7], [15, 2, 16, 3], [17, 1, 18, 24], [19, 23, 20, 22], [21, 10, 22, 11], [23, 19, 24, 18], [1, 4, 2, 5], [3, 16, 4, 17], [5, 9, 6, 8], [7, 12, 8, 13], [9, 15, 10, 14]]"
12a_0032_45,"[[9, 15, 10, 14], [11, 20, 12, 21], [13, 6, 14, 7], [15, 2, 16, 3], [17, 1, 18, 24], [19, 23, 20, 22], [21, 10, 22, 11], [23, 19, 24, 18], [1, 4, 2, 5], [3, 16, 4, 17], [5, 9, 6, 8], [7, 12, 8, 13]]"
12a_0032_46,"[[7, 12, 8, 13], [9, 15, 10, 14], [11, 20, 12, 21], [13, 6, 14, 7], [15, 2, 16, 3], [17, 1, 18, 24], [19, 23, 20, 22], [21, 10, 22, 11], [23, 19, 24, 18], [1, 4, 2, 5], [3, 16, 4, 17], [5, 9, 6, 8]]"
12a_0032_47,"[[5, 9, 6, 8], [7, 12, 8, 13], [9, 15, 10, 14], [11, 20, 12, 21], [13, 6, 14, 7], [15, 2, 16, 3], [17, 1, 18, 24], [19, 23, 20, 22], [21, 10, 22, 11], [23, 19, 24, 18], [1, 4, 2, 5], [3, 16, 4, 17]]"
12a_0032_48,"[[4, 17, 5, 18], [6, 10, 7, 9], [8, 13, 9, 14], [10, 16, 11, 15], [12, 21, 13, 22], [14, 7, 15, 8], [16, 3, 17, 4], [18, 2, 19, 1], [20, 24, 21, 23], [22, 11, 23, 12], [24, 20, 1, 19], [2, 5, 3, 6]]"
12a_0032_49,"[[2, 5, 3, 6], [4, 17, 5, 18], [6, 10, 7, 9], [8, 13, 9, 14], [10, 16, 11, 15], [12, 21, 13, 22], [14, 7, 15, 8], [16, 3, 17, 4], [18, 2, 19, 1], [20, 24, 21, 23], [22, 11, 23, 12], [24, 20, 1, 19]]"
12a_0032_50,"[[24, 20, 1, 19], [2, 5, 3, 6], [4, 17, 5, 18], [6, 10, 7, 9], [8, 13, 9, 14], [10, 16, 11, 15], [12, 21, 13, 22], [14, 7, 15, 8], [16, 3, 17, 4], [18, 2, 19, 1], [20, 24, 21, 23], [22, 11, 23, 12]]"
12a_0032_51,"[[22, 11, 23, 12], [24, 20, 1, 19], [2, 5, 3, 6], [4, 17, 5, 18], [6, 10, 7, 9], [8, 13, 9, 14], [10, 16, 11, 15], [12, 21, 13, 22], [14, 7, 15, 8], [16, 3, 17, 4], [18, 2, 19, 1], [20, 24, 21, 23]]"
12a_0032_52,"[[20, 24, 21, 23], [22, 11, 23, 12], [24, 20, 1, 19], [2, 5, 3, 6], [4, 17, 5, 18], [6, 10, 7, 9], [8, 13, 9, 14], [10, 16, 11, 15], [12, 21, 13, 22], [14, 7, 15, 8], [16, 3, 17, 4], [18, 2, 19, 1]]"
12a_0032_53,"[[18, 2, 19, 1], [20, 24, 21, 23], [22, 11, 23, 12], [24, 20, 1, 19], [2, 5, 3, 6], [4, 17, 5, 18], [6, 10, 7, 9], [8, 13, 9, 14], [10, 16, 11, 15], [12, 21, 13, 22], [14, 7, 15, 8], [16, 3, 17, 4]]"
12a_0032_54,"[[16, 3, 17, 4], [18, 2, 19, 1], [20, 24, 21, 23], [22, 11, 23, 12], [24, 20, 1, 19], [2, 5, 3, 6], [4, 17, 5, 18], [6, 10, 7, 9], [8, 13, 9, 14], [10, 16, 11, 15], [12, 21, 13, 22], [14, 7, 15, 8]]"
12a_0032_55,"[[14, 7, 15, 8], [16, 3, 17, 4], [18, 2, 19, 1], [20, 24, 21, 23], [22, 11, 23, 12], [24, 20, 1, 19], [2, 5, 3, 6], [4, 17, 5, 18], [6, 10, 7, 9], [8, 13, 9, 14], [10, 16, 11, 15], [12, 21, 13, 22]]"
12a_0032_56,"[[12, 21, 13, 22], [14, 7, 15, 8], [16, 3, 17, 4], [18, 2, 19, 1], [20, 24, 21, 23], [22, 11, 23, 12], [24, 20, 1, 19], [2, 5, 3, 6], [4, 17, 5, 18], [6, 10, 7, 9], [8, 13, 9, 14], [10, 16, 11, 15]]"
12a_0032_57,"[[10, 16, 11, 15], [12, 21, 13, 22], [14, 7, 15, 8], [16, 3, 17, 4], [18, 2, 19, 1], [20, 24, 21, 23], [22, 11, 23, 12], [24, 20, 1, 19], [2, 5, 3, 6], [4, 17, 5, 18], [6, 10, 7, 9], [8, 13, 9, 14]]"
12a_0032_58,"[[8, 13, 9, 14], [10, 16, 11, 15], [12, 21, 13, 22], [14, 7, 15, 8], [16, 3, 17, 4], [18, 2, 19, 1], [20, 24, 21, 23], [22, 11, 23, 12], [24, 20, 1, 19], [2, 5, 3, 6], [4, 17, 5, 18], [6, 10, 7, 9]]"
12a_0032_59,"[[6, 10, 7, 9], [8, 13, 9, 14], [10, 16, 11, 15], [12, 21, 13, 22], [14, 7, 15, 8], [16, 3, 17, 4], [18, 2, 19, 1], [20, 24, 21, 23], [22, 11, 23, 12], [24, 20, 1, 19], [2, 5, 3, 6], [4, 17, 5, 18]]"
12a_0032_60,"[[5, 18, 6, 19], [7, 11, 8, 10], [9, 14, 10, 15], [11, 17, 12, 16], [13, 22, 14, 23], [15, 8, 16, 9], [17, 4, 18, 5], [19, 3, 20, 2], [21, 1, 22, 24], [23, 12, 24, 13], [1, 21, 2, 20], [3, 6, 4, 7]]"
12a_0032_61,"[[3, 6, 4, 7], [5, 18, 6, 19], [7, 11, 8, 10], [9, 14, 10, 15], [11, 17, 12, 16], [13, 22, 14, 23], [15, 8, 16, 9], [17, 4, 18, 5], [19, 3, 20, 2], [21, 1, 22, 24], [23, 12, 24, 13], [1, 21, 2, 20]]"
12a_0032_62,"[[1, 21, 2, 20], [3, 6, 4, 7], [5, 18, 6, 19], [7, 11, 8, 10], [9, 14, 10, 15], [11, 17, 12, 16], [13, 22, 14, 23], [15, 8, 16, 9], [17, 4, 18, 5], [19, 3, 20, 2], [21, 1, 22, 24], [23, 12, 24, 13]]"
12a_0032_63,"[[23, 12, 24, 13], [1, 21, 2, 20], [3, 6, 4, 7], [5, 18, 6, 19], [7, 11, 8, 10], [9, 14, 10, 15], [11, 17, 12, 16], [13, 22, 14, 23], [15, 8, 16, 9], [17, 4, 18, 5], [19, 3, 20, 2], [21, 1, 22, 24]]"
12a_0032_64,"[[21, 1, 22, 24], [23, 12, 24, 13], [1, 21, 2, 20], [3, 6, 4, 7], [5, 18, 6, 19], [7, 11, 8, 10], [9, 14, 10, 15], [11, 17, 12, 16], [13, 22, 14, 23], [15, 8, 16, 9], [17, 4, 18, 5], [19, 3, 20, 2]]"
12a_0032_65,"[[19, 3, 20, 2], [21, 1, 22, 24], [23, 12, 24, 13], [1, 21, 2, 20], [3, 6, 4, 7], [5, 18, 6, 19], [7, 11, 8, 10], [9, 14, 10, 15], [11, 17, 12, 16], [13, 22, 14, 23], [15, 8, 16, 9], [17, 4, 18, 5]]"
12a_0032_66,"[[17, 4, 18, 5], [19, 3, 20, 2], [21, 1, 22, 24], [23, 12, 24, 13], [1, 21, 2, 20], [3, 6, 4, 7], [5, 18, 6, 19], [7, 11, 8, 10], [9, 14, 10, 15], [11, 17, 12, 16], [13, 22, 14, 23], [15, 8, 16, 9]]"
12a_0032_67,"[[15, 8, 16, 9], [17, 4, 18, 5], [19, 3, 20, 2], [21, 1, 22, 24], [23, 12, 24, 13], [1, 21, 2, 20], [3, 6, 4, 7], [5, 18, 6, 19], [7, 11, 8, 10], [9, 14, 10, 15], [11, 17, 12, 16], [13, 22, 14, 23]]"
12a_0032_68,"[[13, 22, 14, 23], [15, 8, 16, 9], [17, 4, 18, 5], [19, 3, 20, 2], [21, 1, 22, 24], [23, 12, 24, 13], [1, 21, 2, 20], [3, 6, 4, 7], [5, 18, 6, 19], [7, 11, 8, 10], [9, 14, 10, 15], [11, 17, 12, 16]]"
12a_0032_69,"[[11, 17, 12, 16], [13, 22, 14, 23], [15, 8, 16, 9], [17, 4, 18, 5], [19, 3, 20, 2], [21, 1, 22, 24], [23, 12, 24, 13], [1, 21, 2, 20], [3, 6, 4, 7], [5, 18, 6, 19], [7, 11, 8, 10], [9, 14, 10, 15]]"
12a_0032_70,"[[9, 14, 10, 15], [11, 17, 12, 16], [13, 22, 14, 23], [15, 8, 16, 9], [17, 4, 18, 5], [19, 3, 20, 2], [21, 1, 22, 24], [23, 12, 24, 13], [1, 21, 2, 20], [3, 6, 4, 7], [5, 18, 6, 19], [7, 11, 8, 10]]"
12a_0032_71,"[[7, 11, 8, 10], [9, 14, 10, 15], [11, 17, 12, 16], [13, 22, 14, 23], [15, 8, 16, 9], [17, 4, 18, 5], [19, 3, 20, 2], [21, 1, 22, 24], [23, 12, 24, 13], [1, 21, 2, 20], [3, 6, 4, 7], [5, 18, 6, 19]]"
12a_0032_72,"[[6, 19, 7, 20], [8, 12, 9, 11], [10, 15, 11, 16], [12, 18, 13, 17], [14, 23, 15, 24], [16, 9, 17, 10], [18, 5, 19, 6], [20, 4, 21, 3], [22, 2, 23, 1], [24, 13, 1, 14], [2, 22, 3, 21], [4, 7, 5, 8]]"
12a_0032_73,"[[4, 7, 5, 8], [6, 19, 7, 20], [8, 12, 9, 11], [10, 15, 11, 16], [12, 18, 13, 17], [14, 23, 15, 24], [16, 9, 17, 10], [18, 5, 19, 6], [20, 4, 21, 3], [22, 2, 23, 1], [24, 13, 1, 14], [2, 22, 3, 21]]"
12a_0032_74,"[[2, 22, 3, 21], [4, 7, 5, 8], [6, 19, 7, 20], [8, 12, 9, 11], [10, 15, 11, 16], [12, 18, 13, 17], [14, 23, 15, 24], [16, 9, 17, 10], [18, 5, 19, 6], [20, 4, 21, 3], [22, 2, 23, 1], [24, 13, 1, 14]]"
12a_0032_75,"[[24, 13, 1, 14], [2, 22, 3, 21], [4, 7, 5, 8], [6, 19, 7, 20], [8, 12, 9, 11], [10, 15, 11, 16], [12, 18, 13, 17], [14, 23, 15, 24], [16, 9, 17, 10], [18, 5, 19, 6], [20, 4, 21, 3], [22, 2, 23, 1]]"
12a_0032_76,"[[22, 2, 23, 1], [24, 13, 1, 14], [2, 22, 3, 21], [4, 7, 5, 8], [6, 19, 7, 20], [8, 12, 9, 11], [10, 15, 11, 16], [12, 18, 13, 17], [14, 23, 15, 24], [16, 9, 17, 10], [18, 5, 19, 6], [20, 4, 21, 3]]"
12a_0032_77,"[[20, 4, 21, 3], [22, 2, 23, 1], [24, 13, 1, 14], [2, 22, 3, 21], [4, 7, 5, 8], [6, 19, 7, 20], [8, 12, 9, 11], [10, 15, 11, 16], [12, 18, 13, 17], [14, 23, 15, 24], [16, 9, 17, 10], [18, 5, 19, 6]]"
12a_0032_78,"[[18, 5, 19, 6], [20, 4, 21, 3], [22, 2, 23, 1], [24, 13, 1, 14], [2, 22, 3, 21], [4, 7, 5, 8], [6, 19, 7, 20], [8, 12, 9, 11], [10, 15, 11, 16], [12, 18, 13, 17], [14, 23, 15, 24], [16, 9, 17, 10]]"
12a_0032_79,"[[16, 9, 17, 10], [18, 5, 19, 6], [20, 4, 21, 3], [22, 2, 23, 1], [24, 13, 1, 14], [2, 22, 3, 21], [4, 7, 5, 8], [6, 19, 7, 20], [8, 12, 9, 11], [10, 15, 11, 16], [12, 18, 13, 17], [14, 23, 15, 24]]"
12a_0032_80,"[[14, 23, 15, 24], [16, 9, 17, 10], [18, 5, 19, 6], [20, 4, 21, 3], [22, 2, 23, 1], [24, 13, 1, 14], [2, 22, 3, 21], [4, 7, 5, 8], [6, 19, 7, 20], [8, 12, 9, 11], [10, 15, 11, 16], [12, 18, 13, 17]]"
12a_0032_81,"[[12, 18, 13, 17], [14, 23, 15, 24], [16, 9, 17, 10], [18, 5, 19, 6], [20, 4, 21, 3], [22, 2, 23, 1], [24, 13, 1, 14], [2, 22, 3, 21], [4, 7, 5, 8], [6, 19, 7, 20], [8, 12, 9, 11], [10, 15, 11, 16]]"
12a_0032_82,"[[10, 15, 11, 16], [12, 18, 13, 17], [14, 23, 15, 24], [16, 9, 17, 10], [18, 5, 19, 6], [20, 4, 21, 3], [22, 2, 23, 1], [24, 13, 1, 14], [2, 22, 3, 21], [4, 7, 5, 8], [6, 19, 7, 20], [8, 12, 9, 11]]"
12a_0032_83,"[[8, 12, 9, 11], [10, 15, 11, 16], [12, 18, 13, 17], [14, 23, 15, 24], [16, 9, 17, 10], [18, 5, 19, 6], [20, 4, 21, 3], [22, 2, 23, 1], [24, 13, 1, 14], [2, 22, 3, 21], [4, 7, 5, 8], [6, 19, 7, 20]]"
12a_0032_84,"[[7, 20, 8, 21], [9, 13, 10, 12], [11, 16, 12, 17], [13, 19, 14, 18], [15, 24, 16, 1], [17, 10, 18, 11], [19, 6, 20, 7], [21, 5, 22, 4], [23, 3, 24, 2], [1, 14, 2, 15], [3, 23, 4, 22], [5, 8, 6, 9]]"
12a_0032_85,"[[5, 8, 6, 9], [7, 20, 8, 21], [9, 13, 10, 12], [11, 16, 12, 17], [13, 19, 14, 18], [15, 24, 16, 1], [17, 10, 18, 11], [19, 6, 20, 7], [21, 5, 22, 4], [23, 3, 24, 2], [1, 14, 2, 15], [3, 23, 4, 22]]"
12a_0032_86,"[[3, 23, 4, 22], [5, 8, 6, 9], [7, 20, 8, 21], [9, 13, 10, 12], [11, 16, 12, 17], [13, 19, 14, 18], [15, 24, 16, 1], [17, 10, 18, 11], [19, 6, 20, 7], [21, 5, 22, 4], [23, 3, 24, 2], [1, 14, 2, 15]]"
12a_0032_87,"[[1, 14, 2, 15], [3, 23, 4, 22], [5, 8, 6, 9], [7, 20, 8, 21], [9, 13, 10, 12], [11, 16, 12, 17], [13, 19, 14, 18], [15, 24, 16, 1], [17, 10, 18, 11], [19, 6, 20, 7], [21, 5, 22, 4], [23, 3, 24, 2]]"
12a_0032_88,"[[23, 3, 24, 2], [1, 14, 2, 15], [3, 23, 4, 22], [5, 8, 6, 9], [7, 20, 8, 21], [9, 13, 10, 12], [11, 16, 12, 17], [13, 19, 14, 18], [15, 24, 16, 1], [17, 10, 18, 11], [19, 6, 20, 7], [21, 5, 22, 4]]"
12a_0032_89,"[[21, 5, 22, 4], [23, 3, 24, 2], [1, 14, 2, 15], [3, 23, 4, 22], [5, 8, 6, 9], [7, 20, 8, 21], [9, 13, 10, 12], [11, 16, 12, 17], [13, 19, 14, 18], [15, 24, 16, 1], [17, 10, 18, 11], [19, 6, 20, 7]]"
12a_0032_90,"[[19, 6, 20, 7], [21, 5, 22, 4], [23, 3, 24, 2], [1, 14, 2, 15], [3, 23, 4, 22], [5, 8, 6, 9], [7, 20, 8, 21], [9, 13, 10, 12], [11, 16, 12, 17], [13, 19, 14, 18], [15, 24, 16, 1], [17, 10, 18, 11]]"
12a_0032_91,"[[17, 10, 18, 11], [19, 6, 20, 7], [21, 5, 22, 4], [23, 3, 24, 2], [1, 14, 2, 15], [3, 23, 4, 22], [5, 8, 6, 9], [7, 20, 8, 21], [9, 13, 10, 12], [11, 16, 12, 17], [13, 19, 14, 18], [15, 24, 16, 1]]"
12a_0032_92,"[[15, 24, 16, 1], [17, 10, 18, 11], [19, 6, 20, 7], [21, 5, 22, 4], [23, 3, 24, 2], [1, 14, 2, 15], [3, 23, 4, 22], [5, 8, 6, 9], [7, 20, 8, 21], [9, 13, 10, 12], [11, 16, 12, 17], [13, 19, 14, 18]]"
12a_0032_93,"[[13, 19, 14, 18], [15, 24, 16, 1], [17, 10, 18, 11], [19, 6, 20, 7], [21, 5, 22, 4], [23, 3, 24, 2], [1, 14, 2, 15], [3, 23, 4, 22], [5, 8, 6, 9], [7, 20, 8, 21], [9, 13, 10, 12], [11, 16, 12, 17]]"
12a_0032_94,"[[11, 16, 12, 17], [13, 19, 14, 18], [15, 24, 16, 1], [17, 10, 18, 11], [19, 6, 20, 7], [21, 5, 22, 4], [23, 3, 24, 2], [1, 14, 2, 15], [3, 23, 4, 22], [5, 8, 6, 9], [7, 20, 8, 21], [9, 13, 10, 12]]"
12a_0032_95,"[[9, 13, 10, 12], [11, 16, 12, 17], [13, 19, 14, 18], [15, 24, 16, 1], [17, 10, 18, 11], [19, 6, 20, 7], [21, 5, 22, 4], [23, 3, 24, 2], [1, 14, 2, 15], [3, 23, 4, 22], [5, 8, 6, 9], [7, 20, 8, 21]]"
12a_0032_96,"[[8, 21, 9, 22], [10, 14, 11, 13], [12, 17, 13, 18], [14, 20, 15, 19], [16, 1, 17, 2], [18, 11, 19, 12], [20, 7, 21, 8], [22, 6, 23, 5], [24, 4, 1, 3], [2, 15, 3, 16], [4, 24, 5, 23], [6, 9, 7, 10]]"
12a_0032_97,"[[6, 9, 7, 10], [8, 21, 9, 22], [10, 14, 11, 13], [12, 17, 13, 18], [14, 20, 15, 19], [16, 1, 17, 2], [18, 11, 19, 12], [20, 7, 21, 8], [22, 6, 23, 5], [24, 4, 1, 3], [2, 15, 3, 16], [4, 24, 5, 23]]"
12a_0032_98,"[[4, 24, 5, 23], [6, 9, 7, 10], [8, 21, 9, 22], [10, 14, 11, 13], [12, 17, 13, 18], [14, 20, 15, 19], [16, 1, 17, 2], [18, 11, 19, 12], [20, 7, 21, 8], [22, 6, 23, 5], [24, 4, 1, 3], [2, 15, 3, 16]]"
12a_0032_99,"[[2, 15, 3, 16], [4, 24, 5, 23], [6, 9, 7, 10], [8, 21, 9, 22], [10, 14, 11, 13], [12, 17, 13, 18], [14, 20, 15, 19], [16, 1, 17, 2], [18, 11, 19, 12], [20, 7, 21, 8], [22, 6, 23, 5], [24, 4, 1, 3]]"
12a_0032_100,"[[24, 4, 1, 3], [2, 15, 3, 16], [4, 24, 5, 23], [6, 9, 7, 10], [8, 21, 9, 22], [10, 14, 11, 13], [12, 17, 13, 18], [14, 20, 15, 19], [16, 1, 17, 2], [18, 11, 19, 12], [20, 7, 21, 8], [22, 6, 23, 5]]"
12a_0032_101,"[[22, 6, 23, 5], [24, 4, 1, 3], [2, 15, 3, 16], [4, 24, 5, 23], [6, 9, 7, 10], [8, 21, 9, 22], [10, 14, 11, 13], [12, 17, 13, 18], [14, 20, 15, 19], [16, 1, 17, 2], [18, 11, 19, 12], [20, 7, 21, 8]]"
12a_0032_102,"[[20, 7, 21, 8], [22, 6, 23, 5], [24, 4, 1, 3], [2, 15, 3, 16], [4, 24, 5, 23], [6, 9, 7, 10], [8, 21, 9, 22], [10, 14, 11, 13], [12, 17, 13, 18], [14, 20, 15, 19], [16, 1, 17, 2], [18, 11, 19, 12]]"
12a_0032_103,"[[18, 11, 19, 12], [20, 7, 21, 8], [22, 6, 23, 5], [24, 4, 1, 3], [2, 15, 3, 16], [4, 24, 5, 23], [6, 9, 7, 10], [8, 21, 9, 22], [10, 14, 11, 13], [12, 17, 13, 18], [14, 20, 15, 19], [16, 1, 17, 2]]"
12a_0032_104,"[[16, 1, 17, 2], [18, 11, 19, 12], [20, 7, 21, 8], [22, 6, 23, 5], [24, 4, 1, 3], [2, 15, 3, 16], [4, 24, 5, 23], [6, 9, 7, 10], [8, 21, 9, 22], [10, 14, 11, 13], [12, 17, 13, 18], [14, 20, 15, 19]]"
12a_0032_105,"[[14, 20, 15, 19], [16, 1, 17, 2], [18, 11, 19, 12], [20, 7, 21, 8], [22, 6, 23, 5], [24, 4, 1, 3], [2, 15, 3, 16], [4, 24, 5, 23], [6, 9, 7, 10], [8, 21, 9, 22], [10, 14, 11, 13], [12, 17, 13, 18]]"
12a_0032_106,"[[12, 17, 13, 18], [14, 20, 15, 19], [16, 1, 17, 2], [18, 11, 19, 12], [20, 7, 21, 8], [22, 6, 23, 5], [24, 4, 1, 3], [2, 15, 3, 16], [4, 24, 5, 23], [6, 9, 7, 10], [8, 21, 9, 22], [10, 14, 11, 13]]"
12a_0032_107,"[[10, 14, 11, 13], [12, 17, 13, 18], [14, 20, 15, 19], [16, 1, 17, 2], [18, 11, 19, 12], [20, 7, 21, 8], [22, 6, 23, 5], [24, 4, 1, 3], [2, 15, 3, 16], [4, 24, 5, 23], [6, 9, 7, 10], [8, 21, 9, 22]]"
12a_0032_108,"[[9, 22, 10, 23], [11, 15, 12, 14], [13, 18, 14, 19], [15, 21, 16, 20], [17, 2, 18, 3], [19, 12, 20, 13], [21, 8, 22, 9], [23, 7, 24, 6], [1, 5, 2, 4], [3, 16, 4, 17], [5, 1, 6, 24], [7, 10, 8, 11]]"
12a_0032_109,"[[7, 10, 8, 11], [9, 22, 10, 23], [11, 15, 12, 14], [13, 18, 14, 19], [15, 21, 16, 20], [17, 2, 18, 3], [19, 12, 20, 13], [21, 8, 22, 9], [23, 7, 24, 6], [1, 5, 2, 4], [3, 16, 4, 17], [5, 1, 6, 24]]"
12a_0032_110,"[[5, 1, 6, 24], [7, 10, 8, 11], [9, 22, 10, 23], [11, 15, 12, 14], [13, 18, 14, 19], [15, 21, 16, 20], [17, 2, 18, 3], [19, 12, 20, 13], [21, 8, 22, 9], [23, 7, 24, 6], [1, 5, 2, 4], [3, 16, 4, 17]]"
12a_0032_111,"[[3, 16, 4, 17], [5, 1, 6, 24], [7, 10, 8, 11], [9, 22, 10, 23], [11, 15, 12, 14], [13, 18, 14, 19], [15, 21, 16, 20], [17, 2, 18, 3], [19, 12, 20, 13], [21, 8, 22, 9], [23, 7, 24, 6], [1, 5, 2, 4]]"
12a_0032_112,"[[1, 5, 2, 4], [3, 16, 4, 17], [5, 1, 6, 24], [7, 10, 8, 11], [9, 22, 10, 23], [11, 15, 12, 14], [13, 18, 14, 19], [15, 21, 16, 20], [17, 2, 18, 3], [19, 12, 20, 13], [21, 8, 22, 9], [23, 7, 24, 6]]"
12a_0032_113,"[[23, 7, 24, 6], [1, 5, 2, 4], [3, 16, 4, 17], [5, 1, 6, 24], [7, 10, 8, 11], [9, 22, 10, 23], [11, 15, 12, 14], [13, 18, 14, 19], [15, 21, 16, 20], [17, 2, 18, 3], [19, 12, 20, 13], [21, 8, 22, 9]]"
12a_0032_114,"[[21, 8, 22, 9], [23, 7, 24, 6], [1, 5, 2, 4], [3, 16, 4, 17], [5, 1, 6, 24], [7, 10, 8, 11], [9, 22, 10, 23], [11, 15, 12, 14], [13, 18, 14, 19], [15, 21, 16, 20], [17, 2, 18, 3], [19, 12, 20, 13]]"
12a_0032_115,"[[19, 12, 20, 13], [21, 8, 22, 9], [23, 7, 24, 6], [1, 5, 2, 4], [3, 16, 4, 17], [5, 1, 6, 24], [7, 10, 8, 11], [9, 22, 10, 23], [11, 15, 12, 14], [13, 18, 14, 19], [15, 21, 16, 20], [17, 2, 18, 3]]"
12a_0032_116,"[[17, 2, 18, 3], [19, 12, 20, 13], [21, 8, 22, 9], [23, 7, 24, 6], [1, 5, 2, 4], [3, 16, 4, 17], [5, 1, 6, 24], [7, 10, 8, 11], [9, 22, 10, 23], [11, 15, 12, 14], [13, 18, 14, 19], [15, 21, 16, 20]]"
12a_0032_117,"[[15, 21, 16, 20], [17, 2, 18, 3], [19, 12, 20, 13], [21, 8, 22, 9], [23, 7, 24, 6], [1, 5, 2, 4], [3, 16, 4, 17], [5, 1, 6, 24], [7, 10, 8, 11], [9, 22, 10, 23], [11, 15, 12, 14], [13, 18, 14, 19]]"
12a_0032_118,"[[13, 18, 14, 19], [15, 21, 16, 20], [17, 2, 18, 3], [19, 12, 20, 13], [21, 8, 22, 9], [23, 7, 24, 6], [1, 5, 2, 4], [3, 16, 4, 17], [5, 1, 6, 24], [7, 10, 8, 11], [9, 22, 10, 23], [11, 15, 12, 14]]"
12a_0032_119,"[[11, 15, 12, 14], [13, 18, 14, 19], [15, 21, 16, 20], [17, 2, 18, 3], [19, 12, 20, 13], [21, 8, 22, 9], [23, 7, 24, 6], [1, 5, 2, 4], [3, 16, 4, 17], [5, 1, 6, 24], [7, 10, 8, 11], [9, 22, 10, 23]]"
12a_0032_120,"[[10, 23, 11, 24], [12, 16, 13, 15], [14, 19, 15, 20], [16, 22, 17, 21], [18, 3, 19, 4], [20, 13, 21, 14], [22, 9, 23, 10], [24, 8, 1, 7], [2, 6, 3, 5], [4, 17, 5, 18], [6, 2, 7, 1], [8, 11, 9, 12]]"
12a_0032_121,"[[8, 11, 9, 12], [10, 23, 11, 24], [12, 16, 13, 15], [14, 19, 15, 20], [16, 22, 17, 21], [18, 3, 19, 4], [20, 13, 21, 14], [22, 9, 23, 10], [24, 8, 1, 7], [2, 6, 3, 5], [4, 17, 5, 18], [6, 2, 7, 1]]"
12a_0032_122,"[[6, 2, 7, 1], [8, 11, 9, 12], [10, 23, 11, 24], [12, 16, 13, 15], [14, 19, 15, 20], [16, 22, 17, 21], [18, 3, 19, 4], [20, 13, 21, 14], [22, 9, 23, 10], [24, 8, 1, 7], [2, 6, 3, 5], [4, 17, 5, 18]]"
12a_0032_123,"[[4, 17, 5, 18], [6, 2, 7, 1], [8, 11, 9, 12], [10, 23, 11, 24], [12, 16, 13, 15], [14, 19, 15, 20], [16, 22, 17, 21], [18, 3, 19, 4], [20, 13, 21, 14], [22, 9, 23, 10], [24, 8, 1, 7], [2, 6, 3, 5]]"
12a_0032_124,"[[2, 6, 3, 5], [4, 17, 5, 18], [6, 2, 7, 1], [8, 11, 9, 12], [10, 23, 11, 24], [12, 16, 13, 15], [14, 19, 15, 20], [16, 22, 17, 21], [18, 3, 19, 4], [20, 13, 21, 14], [22, 9, 23, 10], [24, 8, 1, 7]]"
12a_0032_125,"[[24, 8, 1, 7], [2, 6, 3, 5], [4, 17, 5, 18], [6, 2, 7, 1], [8, 11, 9, 12], [10, 23, 11, 24], [12, 16, 13, 15], [14, 19, 15, 20], [16, 22, 17, 21], [18, 3, 19, 4], [20, 13, 21, 14], [22, 9, 23, 10]]"
12a_0032_126,"[[22, 9, 23, 10], [24, 8, 1, 7], [2, 6, 3, 5], [4, 17, 5, 18], [6, 2, 7, 1], [8, 11, 9, 12], [10, 23, 11, 24], [12, 16, 13, 15], [14, 19, 15, 20], [16, 22, 17, 21], [18, 3, 19, 4], [20, 13, 21, 14]]"
12a_0032_127,"[[20, 13, 21, 14], [22, 9, 23, 10], [24, 8, 1, 7], [2, 6, 3, 5], [4, 17, 5, 18], [6, 2, 7, 1], [8, 11, 9, 12], [10, 23, 11, 24], [12, 16, 13, 15], [14, 19, 15, 20], [16, 22, 17, 21], [18, 3, 19, 4]]"
12a_0032_128,"[[18, 3, 19, 4], [20, 13, 21, 14], [22, 9, 23, 10], [24, 8, 1, 7], [2, 6, 3, 5], [4, 17, 5, 18], [6, 2, 7, 1], [8, 11, 9, 12], [10, 23, 11, 24], [12, 16, 13, 15], [14, 19, 15, 20], [16, 22, 17, 21]]"
12a_0032_129,"[[16, 22, 17, 21], [18, 3, 19, 4], [20, 13, 21, 14], [22, 9, 23, 10], [24, 8, 1, 7], [2, 6, 3, 5], [4, 17, 5, 18], [6, 2, 7, 1], [8, 11, 9, 12], [10, 23, 11, 24], [12, 16, 13, 15], [14, 19, 15, 20]]"
12a_0032_130,"[[14, 19, 15, 20], [16, 22, 17, 21], [18, 3, 19, 4], [20, 13, 21, 14], [22, 9, 23, 10], [24, 8, 1, 7], [2, 6, 3, 5], [4, 17, 5, 18], [6, 2, 7, 1], [8, 11, 9, 12], [10, 23, 11, 24], [12, 16, 13, 15]]"
12a_0032_131,"[[12, 16, 13, 15], [14, 19, 15, 20], [16, 22, 17, 21], [18, 3, 19, 4], [20, 13, 21, 14], [22, 9, 23, 10], [24, 8, 1, 7], [2, 6, 3, 5], [4, 17, 5, 18], [6, 2, 7, 1], [8, 11, 9, 12], [10, 23, 11, 24]]"
12a_0032_132,"[[11, 24, 12, 1], [13, 17, 14, 16], [15, 20, 16, 21], [17, 23, 18, 22], [19, 4, 20, 5], [21, 14, 22, 15], [23, 10, 24, 11], [1, 9, 2, 8], [3, 7, 4, 6], [5, 18, 6, 19], [7, 3, 8, 2], [9, 12, 10, 13]]"
12a_0032_133,"[[9, 12, 10, 13], [11, 24, 12, 1], [13, 17, 14, 16], [15, 20, 16, 21], [17, 23, 18, 22], [19, 4, 20, 5], [21, 14, 22, 15], [23, 10, 24, 11], [1, 9, 2, 8], [3, 7, 4, 6], [5, 18, 6, 19], [7, 3, 8, 2]]"
12a_0032_134,"[[7, 3, 8, 2], [9, 12, 10, 13], [11, 24, 12, 1], [13, 17, 14, 16], [15, 20, 16, 21], [17, 23, 18, 22], [19, 4, 20, 5], [21, 14, 22, 15], [23, 10, 24, 11], [1, 9, 2, 8], [3, 7, 4, 6], [5, 18, 6, 19]]"
12a_0032_135,"[[5, 18, 6, 19], [7, 3, 8, 2], [9, 12, 10, 13], [11, 24, 12, 1], [13, 17, 14, 16], [15, 20, 16, 21], [17, 23, 18, 22], [19, 4, 20, 5], [21, 14, 22, 15], [23, 10, 24, 11], [1, 9, 2, 8], [3, 7, 4, 6]]"
12a_0032_136,"[[3, 7, 4, 6], [5, 18, 6, 19], [7, 3, 8, 2], [9, 12, 10, 13], [11, 24, 12, 1], [13, 17, 14, 16], [15, 20, 16, 21], [17, 23, 18, 22], [19, 4, 20, 5], [21, 14, 22, 15], [23, 10, 24, 11], [1, 9, 2, 8]]"
12a_0032_137,"[[1, 9, 2, 8], [3, 7, 4, 6], [5, 18, 6, 19], [7, 3, 8, 2], [9, 12, 10, 13], [11, 24, 12, 1], [13, 17, 14, 16], [15, 20, 16, 21], [17, 23, 18, 22], [19, 4, 20, 5], [21, 14, 22, 15], [23, 10, 24, 11]]"
12a_0032_138,"[[23, 10, 24, 11], [1, 9, 2, 8], [3, 7, 4, 6], [5, 18, 6, 19], [7, 3, 8, 2], [9, 12, 10, 13], [11, 24, 12, 1], [13, 17, 14, 16], [15, 20, 16, 21], [17, 23, 18, 22], [19, 4, 20, 5], [21, 14, 22, 15]]"
12a_0032_139,"[[21, 14, 22, 15], [23, 10, 24, 11], [1, 9, 2, 8], [3, 7, 4, 6], [5, 18, 6, 19], [7, 3, 8, 2], [9, 12, 10, 13], [11, 24, 12, 1], [13, 17, 14, 16], [15, 20, 16, 21], [17, 23, 18, 22], [19, 4, 20, 5]]"
12a_0032_140,"[[19, 4, 20, 5], [21, 14, 22, 15], [23, 10, 24, 11], [1, 9, 2, 8], [3, 7, 4, 6], [5, 18, 6, 19], [7, 3, 8, 2], [9, 12, 10, 13], [11, 24, 12, 1], [13, 17, 14, 16], [15, 20, 16, 21], [17, 23, 18, 22]]"
12a_0032_141,"[[17, 23, 18, 22], [19, 4, 20, 5], [21, 14, 22, 15], [23, 10, 24, 11], [1, 9, 2, 8], [3, 7, 4, 6], [5, 18, 6, 19], [7, 3, 8, 2], [9, 12, 10, 13], [11, 24, 12, 1], [13, 17, 14, 16], [15, 20, 16, 21]]"
12a_0032_142,"[[15, 20, 16, 21], [17, 23, 18, 22], [19, 4, 20, 5], [21, 14, 22, 15], [23, 10, 24, 11], [1, 9, 2, 8], [3, 7, 4, 6], [5, 18, 6, 19], [7, 3, 8, 2], [9, 12, 10, 13], [11, 24, 12, 1], [13, 17, 14, 16]]"
12a_0032_143,"[[13, 17, 14, 16], [15, 20, 16, 21], [17, 23, 18, 22], [19, 4, 20, 5], [21, 14, 22, 15], [23, 10, 24, 11], [1, 9, 2, 8], [3, 7, 4, 6], [5, 18, 6, 19], [7, 3, 8, 2], [9, 12, 10, 13], [11, 24, 12, 1]]"
12a_0032_144,"[[12, 1, 13, 2], [14, 18, 15, 17], [16, 21, 17, 22], [18, 24, 19, 23], [20, 5, 21, 6], [22, 15, 23, 16], [24, 11, 1, 12], [2, 10, 3, 9], [4, 8, 5, 7], [6, 19, 7, 20], [8, 4, 9, 3], [10, 13, 11, 14]]"
12a_0032_145,"[[10, 13, 11, 14], [12, 1, 13, 2], [14, 18, 15, 17], [16, 21, 17, 22], [18, 24, 19, 23], [20, 5, 21, 6], [22, 15, 23, 16], [24, 11, 1, 12], [2, 10, 3, 9], [4, 8, 5, 7], [6, 19, 7, 20], [8, 4, 9, 3]]"
12a_0032_146,"[[8, 4, 9, 3], [10, 13, 11, 14], [12, 1, 13, 2], [14, 18, 15, 17], [16, 21, 17, 22], [18, 24, 19, 23], [20, 5, 21, 6], [22, 15, 23, 16], [24, 11, 1, 12], [2, 10, 3, 9], [4, 8, 5, 7], [6, 19, 7, 20]]"
12a_0032_147,"[[6, 19, 7, 20], [8, 4, 9, 3], [10, 13, 11, 14], [12, 1, 13, 2], [14, 18, 15, 17], [16, 21, 17, 22], [18, 24, 19, 23], [20, 5, 21, 6], [22, 15, 23, 16], [24, 11, 1, 12], [2, 10, 3, 9], [4, 8, 5, 7]]"
12a_0032_148,"[[4, 8, 5, 7], [6, 19, 7, 20], [8, 4, 9, 3], [10, 13, 11, 14], [12, 1, 13, 2], [14, 18, 15, 17], [16, 21, 17, 22], [18, 24, 19, 23], [20, 5, 21, 6], [22, 15, 23, 16], [24, 11, 1, 12], [2, 10, 3, 9]]"
12a_0032_149,"[[2, 10, 3, 9], [4, 8, 5, 7], [6, 19, 7, 20], [8, 4, 9, 3], [10, 13, 11, 14], [12, 1, 13, 2], [14, 18, 15, 17], [16, 21, 17, 22], [18, 24, 19, 23], [20, 5, 21, 6], [22, 15, 23, 16], [24, 11, 1, 12]]"
12a_0032_150,"[[24, 11, 1, 12], [2, 10, 3, 9], [4, 8, 5, 7], [6, 19, 7, 20], [8, 4, 9, 3], [10, 13, 11, 14], [12, 1, 13, 2], [14, 18, 15, 17], [16, 21, 17, 22], [18, 24, 19, 23], [20, 5, 21, 6], [22, 15, 23, 16]]"
12a_0032_151,"[[22, 15, 23, 16], [24, 11, 1, 12], [2, 10, 3, 9], [4, 8, 5, 7], [6, 19, 7, 20], [8, 4, 9, 3], [10, 13, 11, 14], [12, 1, 13, 2], [14, 18, 15, 17], [16, 21, 17, 22], [18, 24, 19, 23], [20, 5, 21, 6]]"
12a_0032_152,"[[20, 5, 21, 6], [22, 15, 23, 16], [24, 11, 1, 12], [2, 10, 3, 9], [4, 8, 5, 7], [6, 19, 7, 20], [8, 4, 9, 3], [10, 13, 11, 14], [12, 1, 13, 2], [14, 18, 15, 17], [16, 21, 17, 22], [18, 24, 19, 23]]"
12a_0032_153,"[[18, 24, 19, 23], [20, 5, 21, 6], [22, 15, 23, 16], [24, 11, 1, 12], [2, 10, 3, 9], [4, 8, 5, 7], [6, 19, 7, 20], [8, 4, 9, 3], [10, 13, 11, 14], [12, 1, 13, 2], [14, 18, 15, 17], [16, 21, 17, 22]]"
12a_0032_154,"[[16, 21, 17, 22], [18, 24, 19, 23], [20, 5, 21, 6], [22, 15, 23, 16], [24, 11, 1, 12], [2, 10, 3, 9], [4, 8, 5, 7], [6, 19, 7, 20], [8, 4, 9, 3], [10, 13, 11, 14], [12, 1, 13, 2], [14, 18, 15, 17]]"
12a_0032_155,"[[14, 18, 15, 17], [16, 21, 17, 22], [18, 24, 19, 23], [20, 5, 21, 6], [22, 15, 23, 16], [24, 11, 1, 12], [2, 10, 3, 9], [4, 8, 5, 7], [6, 19, 7, 20], [8, 4, 9, 3], [10, 13, 11, 14], [12, 1, 13, 2]]"
12a_0032_156,"[[13, 2, 14, 3], [15, 19, 16, 18], [17, 22, 18, 23], [19, 1, 20, 24], [21, 6, 22, 7], [23, 16, 24, 17], [1, 12, 2, 13], [3, 11, 4, 10], [5, 9, 6, 8], [7, 20, 8, 21], [9, 5, 10, 4], [11, 14, 12, 15]]"
12a_0032_157,"[[11, 14, 12, 15], [13, 2, 14, 3], [15, 19, 16, 18], [17, 22, 18, 23], [19, 1, 20, 24], [21, 6, 22, 7], [23, 16, 24, 17], [1, 12, 2, 13], [3, 11, 4, 10], [5, 9, 6, 8], [7, 20, 8, 21], [9, 5, 10, 4]]"
12a_0032_158,"[[9, 5, 10, 4], [11, 14, 12, 15], [13, 2, 14, 3], [15, 19, 16, 18], [17, 22, 18, 23], [19, 1, 20, 24], [21, 6, 22, 7], [23, 16, 24, 17], [1, 12, 2, 13], [3, 11, 4, 10], [5, 9, 6, 8], [7, 20, 8, 21]]"
12a_0032_159,"[[7, 20, 8, 21], [9, 5, 10, 4], [11, 14, 12, 15], [13, 2, 14, 3], [15, 19, 16, 18], [17, 22, 18, 23], [19, 1, 20, 24], [21, 6, 22, 7], [23, 16, 24, 17], [1, 12, 2, 13], [3, 11, 4, 10], [5, 9, 6, 8]]"
12a_0032_160,"[[5, 9, 6, 8], [7, 20, 8, 21], [9, 5, 10, 4], [11, 14, 12, 15], [13, 2, 14, 3], [15, 19, 16, 18], [17, 22, 18, 23], [19, 1, 20, 24], [21, 6, 22, 7], [23, 16, 24, 17], [1, 12, 2, 13], [3, 11, 4, 10]]"
12a_0032_161,"[[3, 11, 4, 10], [5, 9, 6, 8], [7, 20, 8, 21], [9, 5, 10, 4], [11, 14, 12, 15], [13, 2, 14, 3], [15, 19, 16, 18], [17, 22, 18, 23], [19, 1, 20, 24], [21, 6, 22, 7], [23, 16, 24, 17], [1, 12, 2, 13]]"
12a_0032_162,"[[1, 12, 2, 13], [3, 11, 4, 10], [5, 9, 6, 8], [7, 20, 8, 21], [9, 5, 10, 4], [11, 14, 12, 15], [13, 2, 14, 3], [15, 19, 16, 18], [17, 22, 18, 23], [19, 1, 20, 24], [21, 6, 22, 7], [23, 16, 24, 17]]"
12a_0032_163,"[[23, 16, 24, 17], [1, 12, 2, 13], [3, 11, 4, 10], [5, 9, 6, 8], [7, 20, 8, 21], [9, 5, 10, 4], [11, 14, 12, 15], [13, 2, 14, 3], [15, 19, 16, 18], [17, 22, 18, 23], [19, 1, 20, 24], [21, 6, 22, 7]]"
12a_0032_164,"[[21, 6, 22, 7], [23, 16, 24, 17], [1, 12, 2, 13], [3, 11, 4, 10], [5, 9, 6, 8], [7, 20, 8, 21], [9, 5, 10, 4], [11, 14, 12, 15], [13, 2, 14, 3], [15, 19, 16, 18], [17, 22, 18, 23], [19, 1, 20, 24]]"
12a_0032_165,"[[19, 1, 20, 24], [21, 6, 22, 7], [23, 16, 24, 17], [1, 12, 2, 13], [3, 11, 4, 10], [5, 9, 6, 8], [7, 20, 8, 21], [9, 5, 10, 4], [11, 14, 12, 15], [13, 2, 14, 3], [15, 19, 16, 18], [17, 22, 18, 23]]"
12a_0032_166,"[[17, 22, 18, 23], [19, 1, 20, 24], [21, 6, 22, 7], [23, 16, 24, 17], [1, 12, 2, 13], [3, 11, 4, 10], [5, 9, 6, 8], [7, 20, 8, 21], [9, 5, 10, 4], [11, 14, 12, 15], [13, 2, 14, 3], [15, 19, 16, 18]]"
12a_0032_167,"[[15, 19, 16, 18], [17, 22, 18, 23], [19, 1, 20, 24], [21, 6, 22, 7], [23, 16, 24, 17], [1, 12, 2, 13], [3, 11, 4, 10], [5, 9, 6, 8], [7, 20, 8, 21], [9, 5, 10, 4], [11, 14, 12, 15], [13, 2, 14, 3]]"
12a_0032_168,"[[14, 3, 15, 4], [16, 20, 17, 19], [18, 23, 19, 24], [20, 2, 21, 1], [22, 7, 23, 8], [24, 17, 1, 18], [2, 13, 3, 14], [4, 12, 5, 11], [6, 10, 7, 9], [8, 21, 9, 22], [10, 6, 11, 5], [12, 15, 13, 16]]"
12a_0032_169,"[[12, 15, 13, 16], [14, 3, 15, 4], [16, 20, 17, 19], [18, 23, 19, 24], [20, 2, 21, 1], [22, 7, 23, 8], [24, 17, 1, 18], [2, 13, 3, 14], [4, 12, 5, 11], [6, 10, 7, 9], [8, 21, 9, 22], [10, 6, 11, 5]]"
12a_0032_170,"[[10, 6, 11, 5], [12, 15, 13, 16], [14, 3, 15, 4], [16, 20, 17, 19], [18, 23, 19, 24], [20, 2, 21, 1], [22, 7, 23, 8], [24, 17, 1, 18], [2, 13, 3, 14], [4, 12, 5, 11], [6, 10, 7, 9], [8, 21, 9, 22]]"
12a_0032_171,"[[8, 21, 9, 22], [10, 6, 11, 5], [12, 15, 13, 16], [14, 3, 15, 4], [16, 20, 17, 19], [18, 23, 19, 24], [20, 2, 21, 1], [22, 7, 23, 8], [24, 17, 1, 18], [2, 13, 3, 14], [4, 12, 5, 11], [6, 10, 7, 9]]"
12a_0032_172,"[[6, 10, 7, 9], [8, 21, 9, 22], [10, 6, 11, 5], [12, 15, 13, 16], [14, 3, 15, 4], [16, 20, 17, 19], [18, 23, 19, 24], [20, 2, 21, 1], [22, 7, 23, 8], [24, 17, 1, 18], [2, 13, 3, 14], [4, 12, 5, 11]]"
12a_0032_173,"[[4, 12, 5, 11], [6, 10, 7, 9], [8, 21, 9, 22], [10, 6, 11, 5], [12, 15, 13, 16], [14, 3, 15, 4], [16, 20, 17, 19], [18, 23, 19, 24], [20, 2, 21, 1], [22, 7, 23, 8], [24, 17, 1, 18], [2, 13, 3, 14]]"
12a_0032_174,"[[2, 13, 3, 14], [4, 12, 5, 11], [6, 10, 7, 9], [8, 21, 9, 22], [10, 6, 11, 5], [12, 15, 13, 16], [14, 3, 15, 4], [16, 20, 17, 19], [18, 23, 19, 24], [20, 2, 21, 1], [22, 7, 23, 8], [24, 17, 1, 18]]"
12a_0032_175,"[[24, 17, 1, 18], [2, 13, 3, 14], [4, 12, 5, 11], [6, 10, 7, 9], [8, 21, 9, 22], [10, 6, 11, 5], [12, 15, 13, 16], [14, 3, 15, 4], [16, 20, 17, 19], [18, 23, 19, 24], [20, 2, 21, 1], [22, 7, 23, 8]]"
12a_0032_176,"[[22, 7, 23, 8], [24, 17, 1, 18], [2, 13, 3, 14], [4, 12, 5, 11], [6, 10, 7, 9], [8, 21, 9, 22], [10, 6, 11, 5], [12, 15, 13, 16], [14, 3, 15, 4], [16, 20, 17, 19], [18, 23, 19, 24], [20, 2, 21, 1]]"
12a_0032_177,"[[20, 2, 21, 1], [22, 7, 23, 8], [24, 17, 1, 18], [2, 13, 3, 14], [4, 12, 5, 11], [6, 10, 7, 9], [8, 21, 9, 22], [10, 6, 11, 5], [12, 15, 13, 16], [14, 3, 15, 4], [16, 20, 17, 19], [18, 23, 19, 24]]"
12a_0032_178,"[[18, 23, 19, 24], [20, 2, 21, 1], [22, 7, 23, 8], [24, 17, 1, 18], [2, 13, 3, 14], [4, 12, 5, 11], [6, 10, 7, 9], [8, 21, 9, 22], [10, 6, 11, 5], [12, 15, 13, 16], [14, 3, 15, 4], [16, 20, 17, 19]]"
12a_0032_179,"[[16, 20, 17, 19], [18, 23, 19, 24], [20, 2, 21, 1], [22, 7, 23, 8], [24, 17, 1, 18], [2, 13, 3, 14], [4, 12, 5, 11], [6, 10, 7, 9], [8, 21, 9, 22], [10, 6, 11, 5], [12, 15, 13, 16], [14, 3, 15, 4]]"
12a_0032_180,"[[15, 4, 16, 5], [17, 21, 18, 20], [19, 24, 20, 1], [21, 3, 22, 2], [23, 8, 24, 9], [1, 18, 2, 19], [3, 14, 4, 15], [5, 13, 6, 12], [7, 11, 8, 10], [9, 22, 10, 23], [11, 7, 12, 6], [13, 16, 14, 17]]"
12a_0032_181,"[[13, 16, 14, 17], [15, 4, 16, 5], [17, 21, 18, 20], [19, 24, 20, 1], [21, 3, 22, 2], [23, 8, 24, 9], [1, 18, 2, 19], [3, 14, 4, 15], [5, 13, 6, 12], [7, 11, 8, 10], [9, 22, 10, 23], [11, 7, 12, 6]]"
12a_0032_182,"[[11, 7, 12, 6], [13, 16, 14, 17], [15, 4, 16, 5], [17, 21, 18, 20], [19, 24, 20, 1], [21, 3, 22, 2], [23, 8, 24, 9], [1, 18, 2, 19], [3, 14, 4, 15], [5, 13, 6, 12], [7, 11, 8, 10], [9, 22, 10, 23]]"
12a_0032_183,"[[9, 22, 10, 23], [11, 7, 12, 6], [13, 16, 14, 17], [15, 4, 16, 5], [17, 21, 18, 20], [19, 24, 20, 1], [21, 3, 22, 2], [23, 8, 24, 9], [1, 18, 2, 19], [3, 14, 4, 15], [5, 13, 6, 12], [7, 11, 8, 10]]"
12a_0032_184,"[[7, 11, 8, 10], [9, 22, 10, 23], [11, 7, 12, 6], [13, 16, 14, 17], [15, 4, 16, 5], [17, 21, 18, 20], [19, 24, 20, 1], [21, 3, 22, 2], [23, 8, 24, 9], [1, 18, 2, 19], [3, 14, 4, 15], [5, 13, 6, 12]]"
12a_0032_185,"[[5, 13, 6, 12], [7, 11, 8, 10], [9, 22, 10, 23], [11, 7, 12, 6], [13, 16, 14, 17], [15, 4, 16, 5], [17, 21, 18, 20], [19, 24, 20, 1], [21, 3, 22, 2], [23, 8, 24, 9], [1, 18, 2, 19], [3, 14, 4, 15]]"
