name,pd_notation
12a_0332_0,"[[24, 19, 1, 20], [2, 6, 3, 5], [4, 11, 5, 12], [6, 15, 7, 16], [8, 21, 9, 22], [10, 18, 11, 17], [12, 3, 13, 4], [14, 7, 15, 8], [16, 14, 17, 13], [18, 1, 19, 2], [20, 23, 21, 24], [22, 9, 23, 10]]"
12a_0332_1,"[[22, 9, 23, 10], [24, 19, 1, 20], [2, 6, 3, 5], [4, 11, 5, 12], [6, 15, 7, 16], [8, 21, 9, 22], [10, 18, 11, 17], [12, 3, 13, 4], [14, 7, 15, 8], [16, 14, 17, 13], [18, 1, 19, 2], [20, 23, 21, 24]]"
12a_0332_2,"[[20, 23, 21, 24], [22, 9, 23, 10], [24, 19, 1, 20], [2, 6, 3, 5], [4, 11, 5, 12], [6, 15, 7, 16], [8, 21, 9, 22], [10, 18, 11, 17], [12, 3, 13, 4], [14, 7, 15, 8], [16, 14, 17, 13], [18, 1, 19, 2]]"
12a_0332_3,"[[18, 1, 19, 2], [20, 23, 21, 24], [22, 9, 23, 10], [24, 19, 1, 20], [2, 6, 3, 5], [4, 11, 5, 12], [6, 15, 7, 16], [8, 21, 9, 22], [10, 18, 11, 17], [12, 3, 13, 4], [14, 7, 15, 8], [16, 14, 17, 13]]"
12a_0332_4,"[[16, 14, 17, 13], [18, 1, 19, 2], [20, 23, 21, 24], [22, 9, 23, 10], [24, 19, 1, 20], [2, 6, 3, 5], [4, 11, 5, 12], [6, 15, 7, 16], [8, 21, 9, 22], [10, 18, 11, 17], [12, 3, 13, 4], [14, 7, 15, 8]]"
12a_0332_5,"[[14, 7, 15, 8], [16, 14, 17, 13], [18, 1, 19, 2], [20, 23, 21, 24], [22, 9, 23, 10], [24, 19, 1, 20], [2, 6, 3, 5], [4, 11, 5, 12], [6, 15, 7, 16], [8, 21, 9, 22], [10, 18, 11, 17], [12, 3, 13, 4]]"
12a_0332_6,"[[12, 3, 13, 4], [14, 7, 15, 8], [16, 14, 17, 13], [18, 1, 19, 2], [20, 23, 21, 24], [22, 9, 23, 10], [24, 19, 1, 20], [2, 6, 3, 5], [4, 11, 5, 12], [6, 15, 7, 16], [8, 21, 9, 22], [10, 18, 11, 17]]"
12a_0332_7,"[[10, 18, 11, 17], [12, 3, 13, 4], [14, 7, 15, 8], [16, 14, 17, 13], [18, 1, 19, 2], [20, 23, 21, 24], [22, 9, 23, 10], [24, 19, 1, 20], [2, 6, 3, 5], [4, 11, 5, 12], [6, 15, 7, 16], [8, 21, 9, 22]]"
12a_0332_8,"[[8, 21, 9, 22], [10, 18, 11, 17], [12, 3, 13, 4], [14, 7, 15, 8], [16, 14, 17, 13], [18, 1, 19, 2], [20, 23, 21, 24], [22, 9, 23, 10], [24, 19, 1, 20], [2, 6, 3, 5], [4, 11, 5, 12], [6, 15, 7, 16]]"
12a_0332_9,"[[6, 15, 7, 16], [8, 21, 9, 22], [10, 18, 11, 17], [12, 3, 13, 4], [14, 7, 15, 8], [16, 14, 17, 13], [18, 1, 19, 2], [20, 23, 21, 24], [22, 9, 23, 10], [24, 19, 1, 20], [2, 6, 3, 5], [4, 11, 5, 12]]"
12a_0332_10,"[[4, 11, 5, 12], [6, 15, 7, 16], [8, 21, 9, 22], [10, 18, 11, 17], [12, 3, 13, 4], [14, 7, 15, 8], [16, 14, 17, 13], [18, 1, 19, 2], [20, 23, 21, 24], [22, 9, 23, 10], [24, 19, 1, 20], [2, 6, 3, 5]]"
12a_0332_11,"[[2, 6, 3, 5], [4, 11, 5, 12], [6, 15, 7, 16], [8, 21, 9, 22], [10, 18, 11, 17], [12, 3, 13, 4], [14, 7, 15, 8], [16, 14, 17, 13], [18, 1, 19, 2], [20, 23, 21, 24], [22, 9, 23, 10], [24, 19, 1, 20]]"
12a_0332_12,"[[1, 20, 2, 21], [3, 7, 4, 6], [5, 12, 6, 13], [7, 16, 8, 17], [9, 22, 10, 23], [11, 19, 12, 18], [13, 4, 14, 5], [15, 8, 16, 9], [17, 15, 18, 14], [19, 2, 20, 3], [21, 24, 22, 1], [23, 10, 24, 11]]"
12a_0332_13,"[[23, 10, 24, 11], [1, 20, 2, 21], [3, 7, 4, 6], [5, 12, 6, 13], [7, 16, 8, 17], [9, 22, 10, 23], [11, 19, 12, 18], [13, 4, 14, 5], [15, 8, 16, 9], [17, 15, 18, 14], [19, 2, 20, 3], [21, 24, 22, 1]]"
12a_0332_14,"[[21, 24, 22, 1], [23, 10, 24, 11], [1, 20, 2, 21], [3, 7, 4, 6], [5, 12, 6, 13], [7, 16, 8, 17], [9, 22, 10, 23], [11, 19, 12, 18], [13, 4, 14, 5], [15, 8, 16, 9], [17, 15, 18, 14], [19, 2, 20, 3]]"
12a_0332_15,"[[19, 2, 20, 3], [21, 24, 22, 1], [23, 10, 24, 11], [1, 20, 2, 21], [3, 7, 4, 6], [5, 12, 6, 13], [7, 16, 8, 17], [9, 22, 10, 23], [11, 19, 12, 18], [13, 4, 14, 5], [15, 8, 16, 9], [17, 15, 18, 14]]"
12a_0332_16,"[[17, 15, 18, 14], [19, 2, 20, 3], [21, 24, 22, 1], [23, 10, 24, 11], [1, 20, 2, 21], [3, 7, 4, 6], [5, 12, 6, 13], [7, 16, 8, 17], [9, 22, 10, 23], [11, 19, 12, 18], [13, 4, 14, 5], [15, 8, 16, 9]]"
12a_0332_17,"[[15, 8, 16, 9], [17, 15, 18, 14], [19, 2, 20, 3], [21, 24, 22, 1], [23, 10, 24, 11], [1, 20, 2, 21], [3, 7, 4, 6], [5, 12, 6, 13], [7, 16, 8, 17], [9, 22, 10, 23], [11, 19, 12, 18], [13, 4, 14, 5]]"
12a_0332_18,"[[13, 4, 14, 5], [15, 8, 16, 9], [17, 15, 18, 14], [19, 2, 20, 3], [21, 24, 22, 1], [23, 10, 24, 11], [1, 20, 2, 21], [3, 7, 4, 6], [5, 12, 6, 13], [7, 16, 8, 17], [9, 22, 10, 23], [11, 19, 12, 18]]"
12a_0332_19,"[[11, 19, 12, 18], [13, 4, 14, 5], [15, 8, 16, 9], [17, 15, 18, 14], [19, 2, 20, 3], [21, 24, 22, 1], [23, 10, 24, 11], [1, 20, 2, 21], [3, 7, 4, 6], [5, 12, 6, 13], [7, 16, 8, 17], [9, 22, 10, 23]]"
12a_0332_20,"[[9, 22, 10, 23], [11, 19, 12, 18], [13, 4, 14, 5], [15, 8, 16, 9], [17, 15, 18, 14], [19, 2, 20, 3], [21, 24, 22, 1], [23, 10, 24, 11], [1, 20, 2, 21], [3, 7, 4, 6], [5, 12, 6, 13], [7, 16, 8, 17]]"
12a_0332_21,"[[7, 16, 8, 17], [9, 22, 10, 23], [11, 19, 12, 18], [13, 4, 14, 5], [15, 8, 16, 9], [17, 15, 18, 14], [19, 2, 20, 3], [21, 24, 22, 1], [23, 10, 24, 11], [1, 20, 2, 21], [3, 7, 4, 6], [5, 12, 6, 13]]"
12a_0332_22,"[[5, 12, 6, 13], [7, 16, 8, 17], [9, 22, 10, 23], [11, 19, 12, 18], [13, 4, 14, 5], [15, 8, 16, 9], [17, 15, 18, 14], [19, 2, 20, 3], [21, 24, 22, 1], [23, 10, 24, 11], [1, 20, 2, 21], [3, 7, 4, 6]]"
12a_0332_23,"[[3, 7, 4, 6], [5, 12, 6, 13], [7, 16, 8, 17], [9, 22, 10, 23], [11, 19, 12, 18], [13, 4, 14, 5], [15, 8, 16, 9], [17, 15, 18, 14], [19, 2, 20, 3], [21, 24, 22, 1], [23, 10, 24, 11], [1, 20, 2, 21]]"
12a_0332_24,"[[2, 21, 3, 22], [4, 8, 5, 7], [6, 13, 7, 14], [8, 17, 9, 18], [10, 23, 11, 24], [12, 20, 13, 19], [14, 5, 15, 6], [16, 9, 17, 10], [18, 16, 19, 15], [20, 3, 21, 4], [22, 1, 23, 2], [24, 11, 1, 12]]"
12a_0332_25,"[[24, 11, 1, 12], [2, 21, 3, 22], [4, 8, 5, 7], [6, 13, 7, 14], [8, 17, 9, 18], [10, 23, 11, 24], [12, 20, 13, 19], [14, 5, 15, 6], [16, 9, 17, 10], [18, 16, 19, 15], [20, 3, 21, 4], [22, 1, 23, 2]]"
12a_0332_26,"[[22, 1, 23, 2], [24, 11, 1, 12], [2, 21, 3, 22], [4, 8, 5, 7], [6, 13, 7, 14], [8, 17, 9, 18], [10, 23, 11, 24], [12, 20, 13, 19], [14, 5, 15, 6], [16, 9, 17, 10], [18, 16, 19, 15], [20, 3, 21, 4]]"
12a_0332_27,"[[20, 3, 21, 4], [22, 1, 23, 2], [24, 11, 1, 12], [2, 21, 3, 22], [4, 8, 5, 7], [6, 13, 7, 14], [8, 17, 9, 18], [10, 23, 11, 24], [12, 20, 13, 19], [14, 5, 15, 6], [16, 9, 17, 10], [18, 16, 19, 15]]"
12a_0332_28,"[[18, 16, 19, 15], [20, 3, 21, 4], [22, 1, 23, 2], [24, 11, 1, 12], [2, 21, 3, 22], [4, 8, 5, 7], [6, 13, 7, 14], [8, 17, 9, 18], [10, 23, 11, 24], [12, 20, 13, 19], [14, 5, 15, 6], [16, 9, 17, 10]]"
12a_0332_29,"[[16, 9, 17, 10], [18, 16, 19, 15], [20, 3, 21, 4], [22, 1, 23, 2], [24, 11, 1, 12], [2, 21, 3, 22], [4, 8, 5, 7], [6, 13, 7, 14], [8, 17, 9, 18], [10, 23, 11, 24], [12, 20, 13, 19], [14, 5, 15, 6]]"
12a_0332_30,"[[14, 5, 15, 6], [16, 9, 17, 10], [18, 16, 19, 15], [20, 3, 21, 4], [22, 1, 23, 2], [24, 11, 1, 12], [2, 21, 3, 22], [4, 8, 5, 7], [6, 13, 7, 14], [8, 17, 9, 18], [10, 23, 11, 24], [12, 20, 13, 19]]"
12a_0332_31,"[[12, 20, 13, 19], [14, 5, 15, 6], [16, 9, 17, 10], [18, 16, 19, 15], [20, 3, 21, 4], [22, 1, 23, 2], [24, 11, 1, 12], [2, 21, 3, 22], [4, 8, 5, 7], [6, 13, 7, 14], [8, 17, 9, 18], [10, 23, 11, 24]]"
12a_0332_32,"[[10, 23, 11, 24], [12, 20, 13, 19], [14, 5, 15, 6], [16, 9, 17, 10], [18, 16, 19, 15], [20, 3, 21, 4], [22, 1, 23, 2], [24, 11, 1, 12], [2, 21, 3, 22], [4, 8, 5, 7], [6, 13, 7, 14], [8, 17, 9, 18]]"
12a_0332_33,"[[8, 17, 9, 18], [10, 23, 11, 24], [12, 20, 13, 19], [14, 5, 15, 6], [16, 9, 17, 10], [18, 16, 19, 15], [20, 3, 21, 4], [22, 1, 23, 2], [24, 11, 1, 12], [2, 21, 3, 22], [4, 8, 5, 7], [6, 13, 7, 14]]"
12a_0332_34,"[[6, 13, 7, 14], [8, 17, 9, 18], [10, 23, 11, 24], [12, 20, 13, 19], [14, 5, 15, 6], [16, 9, 17, 10], [18, 16, 19, 15], [20, 3, 21, 4], [22, 1, 23, 2], [24, 11, 1, 12], [2, 21, 3, 22], [4, 8, 5, 7]]"
12a_0332_35,"[[4, 8, 5, 7], [6, 13, 7, 14], [8, 17, 9, 18], [10, 23, 11, 24], [12, 20, 13, 19], [14, 5, 15, 6], [16, 9, 17, 10], [18, 16, 19, 15], [20, 3, 21, 4], [22, 1, 23, 2], [24, 11, 1, 12], [2, 21, 3, 22]]"
12a_0332_36,"[[3, 22, 4, 23], [5, 9, 6, 8], [7, 14, 8, 15], [9, 18, 10, 19], [11, 24, 12, 1], [13, 21, 14, 20], [15, 6, 16, 7], [17, 10, 18, 11], [19, 17, 20, 16], [21, 4, 22, 5], [23, 2, 24, 3], [1, 12, 2, 13]]"
12a_0332_37,"[[1, 12, 2, 13], [3, 22, 4, 23], [5, 9, 6, 8], [7, 14, 8, 15], [9, 18, 10, 19], [11, 24, 12, 1], [13, 21, 14, 20], [15, 6, 16, 7], [17, 10, 18, 11], [19, 17, 20, 16], [21, 4, 22, 5], [23, 2, 24, 3]]"
12a_0332_38,"[[23, 2, 24, 3], [1, 12, 2, 13], [3, 22, 4, 23], [5, 9, 6, 8], [7, 14, 8, 15], [9, 18, 10, 19], [11, 24, 12, 1], [13, 21, 14, 20], [15, 6, 16, 7], [17, 10, 18, 11], [19, 17, 20, 16], [21, 4, 22, 5]]"
12a_0332_39,"[[21, 4, 22, 5], [23, 2, 24, 3], [1, 12, 2, 13], [3, 22, 4, 23], [5, 9, 6, 8], [7, 14, 8, 15], [9, 18, 10, 19], [11, 24, 12, 1], [13, 21, 14, 20], [15, 6, 16, 7], [17, 10, 18, 11], [19, 17, 20, 16]]"
12a_0332_40,"[[19, 17, 20, 16], [21, 4, 22, 5], [23, 2, 24, 3], [1, 12, 2, 13], [3, 22, 4, 23], [5, 9, 6, 8], [7, 14, 8, 15], [9, 18, 10, 19], [11, 24, 12, 1], [13, 21, 14, 20], [15, 6, 16, 7], [17, 10, 18, 11]]"
12a_0332_41,"[[17, 10, 18, 11], [19, 17, 20, 16], [21, 4, 22, 5], [23, 2, 24, 3], [1, 12, 2, 13], [3, 22, 4, 23], [5, 9, 6, 8], [7, 14, 8, 15], [9, 18, 10, 19], [11, 24, 12, 1], [13, 21, 14, 20], [15, 6, 16, 7]]"
12a_0332_42,"[[15, 6, 16, 7], [17, 10, 18, 11], [19, 17, 20, 16], [21, 4, 22, 5], [23, 2, 24, 3], [1, 12, 2, 13], [3, 22, 4, 23], [5, 9, 6, 8], [7, 14, 8, 15], [9, 18, 10, 19], [11, 24, 12, 1], [13, 21, 14, 20]]"
12a_0332_43,"[[13, 21, 14, 20], [15, 6, 16, 7], [17, 10, 18, 11], [19, 17, 20, 16], [21, 4, 22, 5], [23, 2, 24, 3], [1, 12, 2, 13], [3, 22, 4, 23], [5, 9, 6, 8], [7, 14, 8, 15], [9, 18, 10, 19], [11, 24, 12, 1]]"
12a_0332_44,"[[11, 24, 12, 1], [13, 21, 14, 20], [15, 6, 16, 7], [17, 10, 18, 11], [19, 17, 20, 16], [21, 4, 22, 5], [23, 2, 24, 3], [1, 12, 2, 13], [3, 22, 4, 23], [5, 9, 6, 8], [7, 14, 8, 15], [9, 18, 10, 19]]"
12a_0332_45,"[[9, 18, 10, 19], [11, 24, 12, 1], [13, 21, 14, 20], [15, 6, 16, 7], [17, 10, 18, 11], [19, 17, 20, 16], [21, 4, 22, 5], [23, 2, 24, 3], [1, 12, 2, 13], [3, 22, 4, 23], [5, 9, 6, 8], [7, 14, 8, 15]]"
12a_0332_46,"[[7, 14, 8, 15], [9, 18, 10, 19], [11, 24, 12, 1], [13, 21, 14, 20], [15, 6, 16, 7], [17, 10, 18, 11], [19, 17, 20, 16], [21, 4, 22, 5], [23, 2, 24, 3], [1, 12, 2, 13], [3, 22, 4, 23], [5, 9, 6, 8]]"
12a_0332_47,"[[5, 9, 6, 8], [7, 14, 8, 15], [9, 18, 10, 19], [11, 24, 12, 1], [13, 21, 14, 20], [15, 6, 16, 7], [17, 10, 18, 11], [19, 17, 20, 16], [21, 4, 22, 5], [23, 2, 24, 3], [1, 12, 2, 13], [3, 22, 4, 23]]"
12a_0332_48,"[[4, 23, 5, 24], [6, 10, 7, 9], [8, 15, 9, 16], [10, 19, 11, 20], [12, 1, 13, 2], [14, 22, 15, 21], [16, 7, 17, 8], [18, 11, 19, 12], [20, 18, 21, 17], [22, 5, 23, 6], [24, 3, 1, 4], [2, 13, 3, 14]]"
12a_0332_49,"[[2, 13, 3, 14], [4, 23, 5, 24], [6, 10, 7, 9], [8, 15, 9, 16], [10, 19, 11, 20], [12, 1, 13, 2], [14, 22, 15, 21], [16, 7, 17, 8], [18, 11, 19, 12], [20, 18, 21, 17], [22, 5, 23, 6], [24, 3, 1, 4]]"
12a_0332_50,"[[24, 3, 1, 4], [2, 13, 3, 14], [4, 23, 5, 24], [6, 10, 7, 9], [8, 15, 9, 16], [10, 19, 11, 20], [12, 1, 13, 2], [14, 22, 15, 21], [16, 7, 17, 8], [18, 11, 19, 12], [20, 18, 21, 17], [22, 5, 23, 6]]"
12a_0332_51,"[[22, 5, 23, 6], [24, 3, 1, 4], [2, 13, 3, 14], [4, 23, 5, 24], [6, 10, 7, 9], [8, 15, 9, 16], [10, 19, 11, 20], [12, 1, 13, 2], [14, 22, 15, 21], [16, 7, 17, 8], [18, 11, 19, 12], [20, 18, 21, 17]]"
12a_0332_52,"[[20, 18, 21, 17], [22, 5, 23, 6], [24, 3, 1, 4], [2, 13, 3, 14], [4, 23, 5, 24], [6, 10, 7, 9], [8, 15, 9, 16], [10, 19, 11, 20], [12, 1, 13, 2], [14, 22, 15, 21], [16, 7, 17, 8], [18, 11, 19, 12]]"
12a_0332_53,"[[18, 11, 19, 12], [20, 18, 21, 17], [22, 5, 23, 6], [24, 3, 1, 4], [2, 13, 3, 14], [4, 23, 5, 24], [6, 10, 7, 9], [8, 15, 9, 16], [10, 19, 11, 20], [12, 1, 13, 2], [14, 22, 15, 21], [16, 7, 17, 8]]"
12a_0332_54,"[[16, 7, 17, 8], [18, 11, 19, 12], [20, 18, 21, 17], [22, 5, 23, 6], [24, 3, 1, 4], [2, 13, 3, 14], [4, 23, 5, 24], [6, 10, 7, 9], [8, 15, 9, 16], [10, 19, 11, 20], [12, 1, 13, 2], [14, 22, 15, 21]]"
12a_0332_55,"[[14, 22, 15, 21], [16, 7, 17, 8], [18, 11, 19, 12], [20, 18, 21, 17], [22, 5, 23, 6], [24, 3, 1, 4], [2, 13, 3, 14], [4, 23, 5, 24], [6, 10, 7, 9], [8, 15, 9, 16], [10, 19, 11, 20], [12, 1, 13, 2]]"
12a_0332_56,"[[12, 1, 13, 2], [14, 22, 15, 21], [16, 7, 17, 8], [18, 11, 19, 12], [20, 18, 21, 17], [22, 5, 23, 6], [24, 3, 1, 4], [2, 13, 3, 14], [4, 23, 5, 24], [6, 10, 7, 9], [8, 15, 9, 16], [10, 19, 11, 20]]"
12a_0332_57,"[[10, 19, 11, 20], [12, 1, 13, 2], [14, 22, 15, 21], [16, 7, 17, 8], [18, 11, 19, 12], [20, 18, 21, 17], [22, 5, 23, 6], [24, 3, 1, 4], [2, 13, 3, 14], [4, 23, 5, 24], [6, 10, 7, 9], [8, 15, 9, 16]]"
12a_0332_58,"[[8, 15, 9, 16], [10, 19, 11, 20], [12, 1, 13, 2], [14, 22, 15, 21], [16, 7, 17, 8], [18, 11, 19, 12], [20, 18, 21, 17], [22, 5, 23, 6], [24, 3, 1, 4], [2, 13, 3, 14], [4, 23, 5, 24], [6, 10, 7, 9]]"
12a_0332_59,"[[6, 10, 7, 9], [8, 15, 9, 16], [10, 19, 11, 20], [12, 1, 13, 2], [14, 22, 15, 21], [16, 7, 17, 8], [18, 11, 19, 12], [20, 18, 21, 17], [22, 5, 23, 6], [24, 3, 1, 4], [2, 13, 3, 14], [4, 23, 5, 24]]"
12a_0332_60,"[[5, 24, 6, 1], [7, 11, 8, 10], [9, 16, 10, 17], [11, 20, 12, 21], [13, 2, 14, 3], [15, 23, 16, 22], [17, 8, 18, 9], [19, 12, 20, 13], [21, 19, 22, 18], [23, 6, 24, 7], [1, 4, 2, 5], [3, 14, 4, 15]]"
12a_0332_61,"[[3, 14, 4, 15], [5, 24, 6, 1], [7, 11, 8, 10], [9, 16, 10, 17], [11, 20, 12, 21], [13, 2, 14, 3], [15, 23, 16, 22], [17, 8, 18, 9], [19, 12, 20, 13], [21, 19, 22, 18], [23, 6, 24, 7], [1, 4, 2, 5]]"
12a_0332_62,"[[1, 4, 2, 5], [3, 14, 4, 15], [5, 24, 6, 1], [7, 11, 8, 10], [9, 16, 10, 17], [11, 20, 12, 21], [13, 2, 14, 3], [15, 23, 16, 22], [17, 8, 18, 9], [19, 12, 20, 13], [21, 19, 22, 18], [23, 6, 24, 7]]"
12a_0332_63,"[[23, 6, 24, 7], [1, 4, 2, 5], [3, 14, 4, 15], [5, 24, 6, 1], [7, 11, 8, 10], [9, 16, 10, 17], [11, 20, 12, 21], [13, 2, 14, 3], [15, 23, 16, 22], [17, 8, 18, 9], [19, 12, 20, 13], [21, 19, 22, 18]]"
12a_0332_64,"[[21, 19, 22, 18], [23, 6, 24, 7], [1, 4, 2, 5], [3, 14, 4, 15], [5, 24, 6, 1], [7, 11, 8, 10], [9, 16, 10, 17], [11, 20, 12, 21], [13, 2, 14, 3], [15, 23, 16, 22], [17, 8, 18, 9], [19, 12, 20, 13]]"
12a_0332_65,"[[19, 12, 20, 13], [21, 19, 22, 18], [23, 6, 24, 7], [1, 4, 2, 5], [3, 14, 4, 15], [5, 24, 6, 1], [7, 11, 8, 10], [9, 16, 10, 17], [11, 20, 12, 21], [13, 2, 14, 3], [15, 23, 16, 22], [17, 8, 18, 9]]"
12a_0332_66,"[[17, 8, 18, 9], [19, 12, 20, 13], [21, 19, 22, 18], [23, 6, 24, 7], [1, 4, 2, 5], [3, 14, 4, 15], [5, 24, 6, 1], [7, 11, 8, 10], [9, 16, 10, 17], [11, 20, 12, 21], [13, 2, 14, 3], [15, 23, 16, 22]]"
12a_0332_67,"[[15, 23, 16, 22], [17, 8, 18, 9], [19, 12, 20, 13], [21, 19, 22, 18], [23, 6, 24, 7], [1, 4, 2, 5], [3, 14, 4, 15], [5, 24, 6, 1], [7, 11, 8, 10], [9, 16, 10, 17], [11, 20, 12, 21], [13, 2, 14, 3]]"
12a_0332_68,"[[13, 2, 14, 3], [15, 23, 16, 22], [17, 8, 18, 9], [19, 12, 20, 13], [21, 19, 22, 18], [23, 6, 24, 7], [1, 4, 2, 5], [3, 14, 4, 15], [5, 24, 6, 1], [7, 11, 8, 10], [9, 16, 10, 17], [11, 20, 12, 21]]"
12a_0332_69,"[[11, 20, 12, 21], [13, 2, 14, 3], [15, 23, 16, 22], [17, 8, 18, 9], [19, 12, 20, 13], [21, 19, 22, 18], [23, 6, 24, 7], [1, 4, 2, 5], [3, 14, 4, 15], [5, 24, 6, 1], [7, 11, 8, 10], [9, 16, 10, 17]]"
12a_0332_70,"[[9, 16, 10, 17], [11, 20, 12, 21], [13, 2, 14, 3], [15, 23, 16, 22], [17, 8, 18, 9], [19, 12, 20, 13], [21, 19, 22, 18], [23, 6, 24, 7], [1, 4, 2, 5], [3, 14, 4, 15], [5, 24, 6, 1], [7, 11, 8, 10]]"
12a_0332_71,"[[7, 11, 8, 10], [9, 16, 10, 17], [11, 20, 12, 21], [13, 2, 14, 3], [15, 23, 16, 22], [17, 8, 18, 9], [19, 12, 20, 13], [21, 19, 22, 18], [23, 6, 24, 7], [1, 4, 2, 5], [3, 14, 4, 15], [5, 24, 6, 1]]"
12a_0332_72,"[[6, 1, 7, 2], [8, 12, 9, 11], [10, 17, 11, 18], [12, 21, 13, 22], [14, 3, 15, 4], [16, 24, 17, 23], [18, 9, 19, 10], [20, 13, 21, 14], [22, 20, 23, 19], [24, 7, 1, 8], [2, 5, 3, 6], [4, 15, 5, 16]]"
12a_0332_73,"[[4, 15, 5, 16], [6, 1, 7, 2], [8, 12, 9, 11], [10, 17, 11, 18], [12, 21, 13, 22], [14, 3, 15, 4], [16, 24, 17, 23], [18, 9, 19, 10], [20, 13, 21, 14], [22, 20, 23, 19], [24, 7, 1, 8], [2, 5, 3, 6]]"
12a_0332_74,"[[2, 5, 3, 6], [4, 15, 5, 16], [6, 1, 7, 2], [8, 12, 9, 11], [10, 17, 11, 18], [12, 21, 13, 22], [14, 3, 15, 4], [16, 24, 17, 23], [18, 9, 19, 10], [20, 13, 21, 14], [22, 20, 23, 19], [24, 7, 1, 8]]"
12a_0332_75,"[[24, 7, 1, 8], [2, 5, 3, 6], [4, 15, 5, 16], [6, 1, 7, 2], [8, 12, 9, 11], [10, 17, 11, 18], [12, 21, 13, 22], [14, 3, 15, 4], [16, 24, 17, 23], [18, 9, 19, 10], [20, 13, 21, 14], [22, 20, 23, 19]]"
12a_0332_76,"[[22, 20, 23, 19], [24, 7, 1, 8], [2, 5, 3, 6], [4, 15, 5, 16], [6, 1, 7, 2], [8, 12, 9, 11], [10, 17, 11, 18], [12, 21, 13, 22], [14, 3, 15, 4], [16, 24, 17, 23], [18, 9, 19, 10], [20, 13, 21, 14]]"
12a_0332_77,"[[20, 13, 21, 14], [22, 20, 23, 19], [24, 7, 1, 8], [2, 5, 3, 6], [4, 15, 5, 16], [6, 1, 7, 2], [8, 12, 9, 11], [10, 17, 11, 18], [12, 21, 13, 22], [14, 3, 15, 4], [16, 24, 17, 23], [18, 9, 19, 10]]"
12a_0332_78,"[[18, 9, 19, 10], [20, 13, 21, 14], [22, 20, 23, 19], [24, 7, 1, 8], [2, 5, 3, 6], [4, 15, 5, 16], [6, 1, 7, 2], [8, 12, 9, 11], [10, 17, 11, 18], [12, 21, 13, 22], [14, 3, 15, 4], [16, 24, 17, 23]]"
12a_0332_79,"[[16, 24, 17, 23], [18, 9, 19, 10], [20, 13, 21, 14], [22, 20, 23, 19], [24, 7, 1, 8], [2, 5, 3, 6], [4, 15, 5, 16], [6, 1, 7, 2], [8, 12, 9, 11], [10, 17, 11, 18], [12, 21, 13, 22], [14, 3, 15, 4]]"
12a_0332_80,"[[14, 3, 15, 4], [16, 24, 17, 23], [18, 9, 19, 10], [20, 13, 21, 14], [22, 20, 23, 19], [24, 7, 1, 8], [2, 5, 3, 6], [4, 15, 5, 16], [6, 1, 7, 2], [8, 12, 9, 11], [10, 17, 11, 18], [12, 21, 13, 22]]"
12a_0332_81,"[[12, 21, 13, 22], [14, 3, 15, 4], [16, 24, 17, 23], [18, 9, 19, 10], [20, 13, 21, 14], [22, 20, 23, 19], [24, 7, 1, 8], [2, 5, 3, 6], [4, 15, 5, 16], [6, 1, 7, 2], [8, 12, 9, 11], [10, 17, 11, 18]]"
12a_0332_82,"[[10, 17, 11, 18], [12, 21, 13, 22], [14, 3, 15, 4], [16, 24, 17, 23], [18, 9, 19, 10], [20, 13, 21, 14], [22, 20, 23, 19], [24, 7, 1, 8], [2, 5, 3, 6], [4, 15, 5, 16], [6, 1, 7, 2], [8, 12, 9, 11]]"
12a_0332_83,"[[8, 12, 9, 11], [10, 17, 11, 18], [12, 21, 13, 22], [14, 3, 15, 4], [16, 24, 17, 23], [18, 9, 19, 10], [20, 13, 21, 14], [22, 20, 23, 19], [24, 7, 1, 8], [2, 5, 3, 6], [4, 15, 5, 16], [6, 1, 7, 2]]"
12a_0332_84,"[[7, 2, 8, 3], [9, 13, 10, 12], [11, 18, 12, 19], [13, 22, 14, 23], [15, 4, 16, 5], [17, 1, 18, 24], [19, 10, 20, 11], [21, 14, 22, 15], [23, 21, 24, 20], [1, 8, 2, 9], [3, 6, 4, 7], [5, 16, 6, 17]]"
12a_0332_85,"[[5, 16, 6, 17], [7, 2, 8, 3], [9, 13, 10, 12], [11, 18, 12, 19], [13, 22, 14, 23], [15, 4, 16, 5], [17, 1, 18, 24], [19, 10, 20, 11], [21, 14, 22, 15], [23, 21, 24, 20], [1, 8, 2, 9], [3, 6, 4, 7]]"
12a_0332_86,"[[3, 6, 4, 7], [5, 16, 6, 17], [7, 2, 8, 3], [9, 13, 10, 12], [11, 18, 12, 19], [13, 22, 14, 23], [15, 4, 16, 5], [17, 1, 18, 24], [19, 10, 20, 11], [21, 14, 22, 15], [23, 21, 24, 20], [1, 8, 2, 9]]"
12a_0332_87,"[[1, 8, 2, 9], [3, 6, 4, 7], [5, 16, 6, 17], [7, 2, 8, 3], [9, 13, 10, 12], [11, 18, 12, 19], [13, 22, 14, 23], [15, 4, 16, 5], [17, 1, 18, 24], [19, 10, 20, 11], [21, 14, 22, 15], [23, 21, 24, 20]]"
12a_0332_88,"[[23, 21, 24, 20], [1, 8, 2, 9], [3, 6, 4, 7], [5, 16, 6, 17], [7, 2, 8, 3], [9, 13, 10, 12], [11, 18, 12, 19], [13, 22, 14, 23], [15, 4, 16, 5], [17, 1, 18, 24], [19, 10, 20, 11], [21, 14, 22, 15]]"
12a_0332_89,"[[21, 14, 22, 15], [23, 21, 24, 20], [1, 8, 2, 9], [3, 6, 4, 7], [5, 16, 6, 17], [7, 2, 8, 3], [9, 13, 10, 12], [11, 18, 12, 19], [13, 22, 14, 23], [15, 4, 16, 5], [17, 1, 18, 24], [19, 10, 20, 11]]"
12a_0332_90,"[[19, 10, 20, 11], [21, 14, 22, 15], [23, 21, 24, 20], [1, 8, 2, 9], [3, 6, 4, 7], [5, 16, 6, 17], [7, 2, 8, 3], [9, 13, 10, 12], [11, 18, 12, 19], [13, 22, 14, 23], [15, 4, 16, 5], [17, 1, 18, 24]]"
12a_0332_91,"[[17, 1, 18, 24], [19, 10, 20, 11], [21, 14, 22, 15], [23, 21, 24, 20], [1, 8, 2, 9], [3, 6, 4, 7], [5, 16, 6, 17], [7, 2, 8, 3], [9, 13, 10, 12], [11, 18, 12, 19], [13, 22, 14, 23], [15, 4, 16, 5]]"
12a_0332_92,"[[15, 4, 16, 5], [17, 1, 18, 24], [19, 10, 20, 11], [21, 14, 22, 15], [23, 21, 24, 20], [1, 8, 2, 9], [3, 6, 4, 7], [5, 16, 6, 17], [7, 2, 8, 3], [9, 13, 10, 12], [11, 18, 12, 19], [13, 22, 14, 23]]"
12a_0332_93,"[[13, 22, 14, 23], [15, 4, 16, 5], [17, 1, 18, 24], [19, 10, 20, 11], [21, 14, 22, 15], [23, 21, 24, 20], [1, 8, 2, 9], [3, 6, 4, 7], [5, 16, 6, 17], [7, 2, 8, 3], [9, 13, 10, 12], [11, 18, 12, 19]]"
12a_0332_94,"[[11, 18, 12, 19], [13, 22, 14, 23], [15, 4, 16, 5], [17, 1, 18, 24], [19, 10, 20, 11], [21, 14, 22, 15], [23, 21, 24, 20], [1, 8, 2, 9], [3, 6, 4, 7], [5, 16, 6, 17], [7, 2, 8, 3], [9, 13, 10, 12]]"
12a_0332_95,"[[9, 13, 10, 12], [11, 18, 12, 19], [13, 22, 14, 23], [15, 4, 16, 5], [17, 1, 18, 24], [19, 10, 20, 11], [21, 14, 22, 15], [23, 21, 24, 20], [1, 8, 2, 9], [3, 6, 4, 7], [5, 16, 6, 17], [7, 2, 8, 3]]"
12a_0332_96,"[[8, 3, 9, 4], [10, 14, 11, 13], [12, 19, 13, 20], [14, 23, 15, 24], [16, 5, 17, 6], [18, 2, 19, 1], [20, 11, 21, 12], [22, 15, 23, 16], [24, 22, 1, 21], [2, 9, 3, 10], [4, 7, 5, 8], [6, 17, 7, 18]]"
12a_0332_97,"[[6, 17, 7, 18], [8, 3, 9, 4], [10, 14, 11, 13], [12, 19, 13, 20], [14, 23, 15, 24], [16, 5, 17, 6], [18, 2, 19, 1], [20, 11, 21, 12], [22, 15, 23, 16], [24, 22, 1, 21], [2, 9, 3, 10], [4, 7, 5, 8]]"
12a_0332_98,"[[4, 7, 5, 8], [6, 17, 7, 18], [8, 3, 9, 4], [10, 14, 11, 13], [12, 19, 13, 20], [14, 23, 15, 24], [16, 5, 17, 6], [18, 2, 19, 1], [20, 11, 21, 12], [22, 15, 23, 16], [24, 22, 1, 21], [2, 9, 3, 10]]"
12a_0332_99,"[[2, 9, 3, 10], [4, 7, 5, 8], [6, 17, 7, 18], [8, 3, 9, 4], [10, 14, 11, 13], [12, 19, 13, 20], [14, 23, 15, 24], [16, 5, 17, 6], [18, 2, 19, 1], [20, 11, 21, 12], [22, 15, 23, 16], [24, 22, 1, 21]]"
12a_0332_100,"[[24, 22, 1, 21], [2, 9, 3, 10], [4, 7, 5, 8], [6, 17, 7, 18], [8, 3, 9, 4], [10, 14, 11, 13], [12, 19, 13, 20], [14, 23, 15, 24], [16, 5, 17, 6], [18, 2, 19, 1], [20, 11, 21, 12], [22, 15, 23, 16]]"
12a_0332_101,"[[22, 15, 23, 16], [24, 22, 1, 21], [2, 9, 3, 10], [4, 7, 5, 8], [6, 17, 7, 18], [8, 3, 9, 4], [10, 14, 11, 13], [12, 19, 13, 20], [14, 23, 15, 24], [16, 5, 17, 6], [18, 2, 19, 1], [20, 11, 21, 12]]"
12a_0332_102,"[[20, 11, 21, 12], [22, 15, 23, 16], [24, 22, 1, 21], [2, 9, 3, 10], [4, 7, 5, 8], [6, 17, 7, 18], [8, 3, 9, 4], [10, 14, 11, 13], [12, 19, 13, 20], [14, 23, 15, 24], [16, 5, 17, 6], [18, 2, 19, 1]]"
12a_0332_103,"[[18, 2, 19, 1], [20, 11, 21, 12], [22, 15, 23, 16], [24, 22, 1, 21], [2, 9, 3, 10], [4, 7, 5, 8], [6, 17, 7, 18], [8, 3, 9, 4], [10, 14, 11, 13], [12, 19, 13, 20], [14, 23, 15, 24], [16, 5, 17, 6]]"
12a_0332_104,"[[16, 5, 17, 6], [18, 2, 19, 1], [20, 11, 21, 12], [22, 15, 23, 16], [24, 22, 1, 21], [2, 9, 3, 10], [4, 7, 5, 8], [6, 17, 7, 18], [8, 3, 9, 4], [10, 14, 11, 13], [12, 19, 13, 20], [14, 23, 15, 24]]"
12a_0332_105,"[[14, 23, 15, 24], [16, 5, 17, 6], [18, 2, 19, 1], [20, 11, 21, 12], [22, 15, 23, 16], [24, 22, 1, 21], [2, 9, 3, 10], [4, 7, 5, 8], [6, 17, 7, 18], [8, 3, 9, 4], [10, 14, 11, 13], [12, 19, 13, 20]]"
12a_0332_106,"[[12, 19, 13, 20], [14, 23, 15, 24], [16, 5, 17, 6], [18, 2, 19, 1], [20, 11, 21, 12], [22, 15, 23, 16], [24, 22, 1, 21], [2, 9, 3, 10], [4, 7, 5, 8], [6, 17, 7, 18], [8, 3, 9, 4], [10, 14, 11, 13]]"
12a_0332_107,"[[10, 14, 11, 13], [12, 19, 13, 20], [14, 23, 15, 24], [16, 5, 17, 6], [18, 2, 19, 1], [20, 11, 21, 12], [22, 15, 23, 16], [24, 22, 1, 21], [2, 9, 3, 10], [4, 7, 5, 8], [6, 17, 7, 18], [8, 3, 9, 4]]"
12a_0332_108,"[[9, 4, 10, 5], [11, 15, 12, 14], [13, 20, 14, 21], [15, 24, 16, 1], [17, 6, 18, 7], [19, 3, 20, 2], [21, 12, 22, 13], [23, 16, 24, 17], [1, 23, 2, 22], [3, 10, 4, 11], [5, 8, 6, 9], [7, 18, 8, 19]]"
12a_0332_109,"[[7, 18, 8, 19], [9, 4, 10, 5], [11, 15, 12, 14], [13, 20, 14, 21], [15, 24, 16, 1], [17, 6, 18, 7], [19, 3, 20, 2], [21, 12, 22, 13], [23, 16, 24, 17], [1, 23, 2, 22], [3, 10, 4, 11], [5, 8, 6, 9]]"
12a_0332_110,"[[5, 8, 6, 9], [7, 18, 8, 19], [9, 4, 10, 5], [11, 15, 12, 14], [13, 20, 14, 21], [15, 24, 16, 1], [17, 6, 18, 7], [19, 3, 20, 2], [21, 12, 22, 13], [23, 16, 24, 17], [1, 23, 2, 22], [3, 10, 4, 11]]"
12a_0332_111,"[[3, 10, 4, 11], [5, 8, 6, 9], [7, 18, 8, 19], [9, 4, 10, 5], [11, 15, 12, 14], [13, 20, 14, 21], [15, 24, 16, 1], [17, 6, 18, 7], [19, 3, 20, 2], [21, 12, 22, 13], [23, 16, 24, 17], [1, 23, 2, 22]]"
12a_0332_112,"[[1, 23, 2, 22], [3, 10, 4, 11], [5, 8, 6, 9], [7, 18, 8, 19], [9, 4, 10, 5], [11, 15, 12, 14], [13, 20, 14, 21], [15, 24, 16, 1], [17, 6, 18, 7], [19, 3, 20, 2], [21, 12, 22, 13], [23, 16, 24, 17]]"
12a_0332_113,"[[23, 16, 24, 17], [1, 23, 2, 22], [3, 10, 4, 11], [5, 8, 6, 9], [7, 18, 8, 19], [9, 4, 10, 5], [11, 15, 12, 14], [13, 20, 14, 21], [15, 24, 16, 1], [17, 6, 18, 7], [19, 3, 20, 2], [21, 12, 22, 13]]"
12a_0332_114,"[[21, 12, 22, 13], [23, 16, 24, 17], [1, 23, 2, 22], [3, 10, 4, 11], [5, 8, 6, 9], [7, 18, 8, 19], [9, 4, 10, 5], [11, 15, 12, 14], [13, 20, 14, 21], [15, 24, 16, 1], [17, 6, 18, 7], [19, 3, 20, 2]]"
12a_0332_115,"[[19, 3, 20, 2], [21, 12, 22, 13], [23, 16, 24, 17], [1, 23, 2, 22], [3, 10, 4, 11], [5, 8, 6, 9], [7, 18, 8, 19], [9, 4, 10, 5], [11, 15, 12, 14], [13, 20, 14, 21], [15, 24, 16, 1], [17, 6, 18, 7]]"
12a_0332_116,"[[17, 6, 18, 7], [19, 3, 20, 2], [21, 12, 22, 13], [23, 16, 24, 17], [1, 23, 2, 22], [3, 10, 4, 11], [5, 8, 6, 9], [7, 18, 8, 19], [9, 4, 10, 5], [11, 15, 12, 14], [13, 20, 14, 21], [15, 24, 16, 1]]"
12a_0332_117,"[[15, 24, 16, 1], [17, 6, 18, 7], [19, 3, 20, 2], [21, 12, 22, 13], [23, 16, 24, 17], [1, 23, 2, 22], [3, 10, 4, 11], [5, 8, 6, 9], [7, 18, 8, 19], [9, 4, 10, 5], [11, 15, 12, 14], [13, 20, 14, 21]]"
12a_0332_118,"[[13, 20, 14, 21], [15, 24, 16, 1], [17, 6, 18, 7], [19, 3, 20, 2], [21, 12, 22, 13], [23, 16, 24, 17], [1, 23, 2, 22], [3, 10, 4, 11], [5, 8, 6, 9], [7, 18, 8, 19], [9, 4, 10, 5], [11, 15, 12, 14]]"
12a_0332_119,"[[11, 15, 12, 14], [13, 20, 14, 21], [15, 24, 16, 1], [17, 6, 18, 7], [19, 3, 20, 2], [21, 12, 22, 13], [23, 16, 24, 17], [1, 23, 2, 22], [3, 10, 4, 11], [5, 8, 6, 9], [7, 18, 8, 19], [9, 4, 10, 5]]"
12a_0332_120,"[[10, 5, 11, 6], [12, 16, 13, 15], [14, 21, 15, 22], [16, 1, 17, 2], [18, 7, 19, 8], [20, 4, 21, 3], [22, 13, 23, 14], [24, 17, 1, 18], [2, 24, 3, 23], [4, 11, 5, 12], [6, 9, 7, 10], [8, 19, 9, 20]]"
12a_0332_121,"[[8, 19, 9, 20], [10, 5, 11, 6], [12, 16, 13, 15], [14, 21, 15, 22], [16, 1, 17, 2], [18, 7, 19, 8], [20, 4, 21, 3], [22, 13, 23, 14], [24, 17, 1, 18], [2, 24, 3, 23], [4, 11, 5, 12], [6, 9, 7, 10]]"
12a_0332_122,"[[6, 9, 7, 10], [8, 19, 9, 20], [10, 5, 11, 6], [12, 16, 13, 15], [14, 21, 15, 22], [16, 1, 17, 2], [18, 7, 19, 8], [20, 4, 21, 3], [22, 13, 23, 14], [24, 17, 1, 18], [2, 24, 3, 23], [4, 11, 5, 12]]"
12a_0332_123,"[[4, 11, 5, 12], [6, 9, 7, 10], [8, 19, 9, 20], [10, 5, 11, 6], [12, 16, 13, 15], [14, 21, 15, 22], [16, 1, 17, 2], [18, 7, 19, 8], [20, 4, 21, 3], [22, 13, 23, 14], [24, 17, 1, 18], [2, 24, 3, 23]]"
12a_0332_124,"[[2, 24, 3, 23], [4, 11, 5, 12], [6, 9, 7, 10], [8, 19, 9, 20], [10, 5, 11, 6], [12, 16, 13, 15], [14, 21, 15, 22], [16, 1, 17, 2], [18, 7, 19, 8], [20, 4, 21, 3], [22, 13, 23, 14], [24, 17, 1, 18]]"
12a_0332_125,"[[24, 17, 1, 18], [2, 24, 3, 23], [4, 11, 5, 12], [6, 9, 7, 10], [8, 19, 9, 20], [10, 5, 11, 6], [12, 16, 13, 15], [14, 21, 15, 22], [16, 1, 17, 2], [18, 7, 19, 8], [20, 4, 21, 3], [22, 13, 23, 14]]"
12a_0332_126,"[[22, 13, 23, 14], [24, 17, 1, 18], [2, 24, 3, 23], [4, 11, 5, 12], [6, 9, 7, 10], [8, 19, 9, 20], [10, 5, 11, 6], [12, 16, 13, 15], [14, 21, 15, 22], [16, 1, 17, 2], [18, 7, 19, 8], [20, 4, 21, 3]]"
12a_0332_127,"[[20, 4, 21, 3], [22, 13, 23, 14], [24, 17, 1, 18], [2, 24, 3, 23], [4, 11, 5, 12], [6, 9, 7, 10], [8, 19, 9, 20], [10, 5, 11, 6], [12, 16, 13, 15], [14, 21, 15, 22], [16, 1, 17, 2], [18, 7, 19, 8]]"
12a_0332_128,"[[18, 7, 19, 8], [20, 4, 21, 3], [22, 13, 23, 14], [24, 17, 1, 18], [2, 24, 3, 23], [4, 11, 5, 12], [6, 9, 7, 10], [8, 19, 9, 20], [10, 5, 11, 6], [12, 16, 13, 15], [14, 21, 15, 22], [16, 1, 17, 2]]"
12a_0332_129,"[[16, 1, 17, 2], [18, 7, 19, 8], [20, 4, 21, 3], [22, 13, 23, 14], [24, 17, 1, 18], [2, 24, 3, 23], [4, 11, 5, 12], [6, 9, 7, 10], [8, 19, 9, 20], [10, 5, 11, 6], [12, 16, 13, 15], [14, 21, 15, 22]]"
12a_0332_130,"[[14, 21, 15, 22], [16, 1, 17, 2], [18, 7, 19, 8], [20, 4, 21, 3], [22, 13, 23, 14], [24, 17, 1, 18], [2, 24, 3, 23], [4, 11, 5, 12], [6, 9, 7, 10], [8, 19, 9, 20], [10, 5, 11, 6], [12, 16, 13, 15]]"
12a_0332_131,"[[12, 16, 13, 15], [14, 21, 15, 22], [16, 1, 17, 2], [18, 7, 19, 8], [20, 4, 21, 3], [22, 13, 23, 14], [24, 17, 1, 18], [2, 24, 3, 23], [4, 11, 5, 12], [6, 9, 7, 10], [8, 19, 9, 20], [10, 5, 11, 6]]"
12a_0332_132,"[[11, 6, 12, 7], [13, 17, 14, 16], [15, 22, 16, 23], [17, 2, 18, 3], [19, 8, 20, 9], [21, 5, 22, 4], [23, 14, 24, 15], [1, 18, 2, 19], [3, 1, 4, 24], [5, 12, 6, 13], [7, 10, 8, 11], [9, 20, 10, 21]]"
12a_0332_133,"[[9, 20, 10, 21], [11, 6, 12, 7], [13, 17, 14, 16], [15, 22, 16, 23], [17, 2, 18, 3], [19, 8, 20, 9], [21, 5, 22, 4], [23, 14, 24, 15], [1, 18, 2, 19], [3, 1, 4, 24], [5, 12, 6, 13], [7, 10, 8, 11]]"
12a_0332_134,"[[7, 10, 8, 11], [9, 20, 10, 21], [11, 6, 12, 7], [13, 17, 14, 16], [15, 22, 16, 23], [17, 2, 18, 3], [19, 8, 20, 9], [21, 5, 22, 4], [23, 14, 24, 15], [1, 18, 2, 19], [3, 1, 4, 24], [5, 12, 6, 13]]"
12a_0332_135,"[[5, 12, 6, 13], [7, 10, 8, 11], [9, 20, 10, 21], [11, 6, 12, 7], [13, 17, 14, 16], [15, 22, 16, 23], [17, 2, 18, 3], [19, 8, 20, 9], [21, 5, 22, 4], [23, 14, 24, 15], [1, 18, 2, 19], [3, 1, 4, 24]]"
12a_0332_136,"[[3, 1, 4, 24], [5, 12, 6, 13], [7, 10, 8, 11], [9, 20, 10, 21], [11, 6, 12, 7], [13, 17, 14, 16], [15, 22, 16, 23], [17, 2, 18, 3], [19, 8, 20, 9], [21, 5, 22, 4], [23, 14, 24, 15], [1, 18, 2, 19]]"
12a_0332_137,"[[1, 18, 2, 19], [3, 1, 4, 24], [5, 12, 6, 13], [7, 10, 8, 11], [9, 20, 10, 21], [11, 6, 12, 7], [13, 17, 14, 16], [15, 22, 16, 23], [17, 2, 18, 3], [19, 8, 20, 9], [21, 5, 22, 4], [23, 14, 24, 15]]"
12a_0332_138,"[[23, 14, 24, 15], [1, 18, 2, 19], [3, 1, 4, 24], [5, 12, 6, 13], [7, 10, 8, 11], [9, 20, 10, 21], [11, 6, 12, 7], [13, 17, 14, 16], [15, 22, 16, 23], [17, 2, 18, 3], [19, 8, 20, 9], [21, 5, 22, 4]]"
12a_0332_139,"[[21, 5, 22, 4], [23, 14, 24, 15], [1, 18, 2, 19], [3, 1, 4, 24], [5, 12, 6, 13], [7, 10, 8, 11], [9, 20, 10, 21], [11, 6, 12, 7], [13, 17, 14, 16], [15, 22, 16, 23], [17, 2, 18, 3], [19, 8, 20, 9]]"
12a_0332_140,"[[19, 8, 20, 9], [21, 5, 22, 4], [23, 14, 24, 15], [1, 18, 2, 19], [3, 1, 4, 24], [5, 12, 6, 13], [7, 10, 8, 11], [9, 20, 10, 21], [11, 6, 12, 7], [13, 17, 14, 16], [15, 22, 16, 23], [17, 2, 18, 3]]"
12a_0332_141,"[[17, 2, 18, 3], [19, 8, 20, 9], [21, 5, 22, 4], [23, 14, 24, 15], [1, 18, 2, 19], [3, 1, 4, 24], [5, 12, 6, 13], [7, 10, 8, 11], [9, 20, 10, 21], [11, 6, 12, 7], [13, 17, 14, 16], [15, 22, 16, 23]]"
12a_0332_142,"[[15, 22, 16, 23], [17, 2, 18, 3], [19, 8, 20, 9], [21, 5, 22, 4], [23, 14, 24, 15], [1, 18, 2, 19], [3, 1, 4, 24], [5, 12, 6, 13], [7, 10, 8, 11], [9, 20, 10, 21], [11, 6, 12, 7], [13, 17, 14, 16]]"
12a_0332_143,"[[13, 17, 14, 16], [15, 22, 16, 23], [17, 2, 18, 3], [19, 8, 20, 9], [21, 5, 22, 4], [23, 14, 24, 15], [1, 18, 2, 19], [3, 1, 4, 24], [5, 12, 6, 13], [7, 10, 8, 11], [9, 20, 10, 21], [11, 6, 12, 7]]"
12a_0332_144,"[[12, 7, 13, 8], [14, 18, 15, 17], [16, 23, 17, 24], [18, 3, 19, 4], [20, 9, 21, 10], [22, 6, 23, 5], [24, 15, 1, 16], [2, 19, 3, 20], [4, 2, 5, 1], [6, 13, 7, 14], [8, 11, 9, 12], [10, 21, 11, 22]]"
12a_0332_145,"[[10, 21, 11, 22], [12, 7, 13, 8], [14, 18, 15, 17], [16, 23, 17, 24], [18, 3, 19, 4], [20, 9, 21, 10], [22, 6, 23, 5], [24, 15, 1, 16], [2, 19, 3, 20], [4, 2, 5, 1], [6, 13, 7, 14], [8, 11, 9, 12]]"
12a_0332_146,"[[8, 11, 9, 12], [10, 21, 11, 22], [12, 7, 13, 8], [14, 18, 15, 17], [16, 23, 17, 24], [18, 3, 19, 4], [20, 9, 21, 10], [22, 6, 23, 5], [24, 15, 1, 16], [2, 19, 3, 20], [4, 2, 5, 1], [6, 13, 7, 14]]"
12a_0332_147,"[[6, 13, 7, 14], [8, 11, 9, 12], [10, 21, 11, 22], [12, 7, 13, 8], [14, 18, 15, 17], [16, 23, 17, 24], [18, 3, 19, 4], [20, 9, 21, 10], [22, 6, 23, 5], [24, 15, 1, 16], [2, 19, 3, 20], [4, 2, 5, 1]]"
12a_0332_148,"[[4, 2, 5, 1], [6, 13, 7, 14], [8, 11, 9, 12], [10, 21, 11, 22], [12, 7, 13, 8], [14, 18, 15, 17], [16, 23, 17, 24], [18, 3, 19, 4], [20, 9, 21, 10], [22, 6, 23, 5], [24, 15, 1, 16], [2, 19, 3, 20]]"
12a_0332_149,"[[2, 19, 3, 20], [4, 2, 5, 1], [6, 13, 7, 14], [8, 11, 9, 12], [10, 21, 11, 22], [12, 7, 13, 8], [14, 18, 15, 17], [16, 23, 17, 24], [18, 3, 19, 4], [20, 9, 21, 10], [22, 6, 23, 5], [24, 15, 1, 16]]"
12a_0332_150,"[[24, 15, 1, 16], [2, 19, 3, 20], [4, 2, 5, 1], [6, 13, 7, 14], [8, 11, 9, 12], [10, 21, 11, 22], [12, 7, 13, 8], [14, 18, 15, 17], [16, 23, 17, 24], [18, 3, 19, 4], [20, 9, 21, 10], [22, 6, 23, 5]]"
12a_0332_151,"[[22, 6, 23, 5], [24, 15, 1, 16], [2, 19, 3, 20], [4, 2, 5, 1], [6, 13, 7, 14], [8, 11, 9, 12], [10, 21, 11, 22], [12, 7, 13, 8], [14, 18, 15, 17], [16, 23, 17, 24], [18, 3, 19, 4], [20, 9, 21, 10]]"
12a_0332_152,"[[20, 9, 21, 10], [22, 6, 23, 5], [24, 15, 1, 16], [2, 19, 3, 20], [4, 2, 5, 1], [6, 13, 7, 14], [8, 11, 9, 12], [10, 21, 11, 22], [12, 7, 13, 8], [14, 18, 15, 17], [16, 23, 17, 24], [18, 3, 19, 4]]"
12a_0332_153,"[[18, 3, 19, 4], [20, 9, 21, 10], [22, 6, 23, 5], [24, 15, 1, 16], [2, 19, 3, 20], [4, 2, 5, 1], [6, 13, 7, 14], [8, 11, 9, 12], [10, 21, 11, 22], [12, 7, 13, 8], [14, 18, 15, 17], [16, 23, 17, 24]]"
12a_0332_154,"[[16, 23, 17, 24], [18, 3, 19, 4], [20, 9, 21, 10], [22, 6, 23, 5], [24, 15, 1, 16], [2, 19, 3, 20], [4, 2, 5, 1], [6, 13, 7, 14], [8, 11, 9, 12], [10, 21, 11, 22], [12, 7, 13, 8], [14, 18, 15, 17]]"
12a_0332_155,"[[14, 18, 15, 17], [16, 23, 17, 24], [18, 3, 19, 4], [20, 9, 21, 10], [22, 6, 23, 5], [24, 15, 1, 16], [2, 19, 3, 20], [4, 2, 5, 1], [6, 13, 7, 14], [8, 11, 9, 12], [10, 21, 11, 22], [12, 7, 13, 8]]"
12a_0332_156,"[[13, 8, 14, 9], [15, 19, 16, 18], [17, 24, 18, 1], [19, 4, 20, 5], [21, 10, 22, 11], [23, 7, 24, 6], [1, 16, 2, 17], [3, 20, 4, 21], [5, 3, 6, 2], [7, 14, 8, 15], [9, 12, 10, 13], [11, 22, 12, 23]]"
12a_0332_157,"[[11, 22, 12, 23], [13, 8, 14, 9], [15, 19, 16, 18], [17, 24, 18, 1], [19, 4, 20, 5], [21, 10, 22, 11], [23, 7, 24, 6], [1, 16, 2, 17], [3, 20, 4, 21], [5, 3, 6, 2], [7, 14, 8, 15], [9, 12, 10, 13]]"
12a_0332_158,"[[9, 12, 10, 13], [11, 22, 12, 23], [13, 8, 14, 9], [15, 19, 16, 18], [17, 24, 18, 1], [19, 4, 20, 5], [21, 10, 22, 11], [23, 7, 24, 6], [1, 16, 2, 17], [3, 20, 4, 21], [5, 3, 6, 2], [7, 14, 8, 15]]"
12a_0332_159,"[[7, 14, 8, 15], [9, 12, 10, 13], [11, 22, 12, 23], [13, 8, 14, 9], [15, 19, 16, 18], [17, 24, 18, 1], [19, 4, 20, 5], [21, 10, 22, 11], [23, 7, 24, 6], [1, 16, 2, 17], [3, 20, 4, 21], [5, 3, 6, 2]]"
12a_0332_160,"[[5, 3, 6, 2], [7, 14, 8, 15], [9, 12, 10, 13], [11, 22, 12, 23], [13, 8, 14, 9], [15, 19, 16, 18], [17, 24, 18, 1], [19, 4, 20, 5], [21, 10, 22, 11], [23, 7, 24, 6], [1, 16, 2, 17], [3, 20, 4, 21]]"
12a_0332_161,"[[3, 20, 4, 21], [5, 3, 6, 2], [7, 14, 8, 15], [9, 12, 10, 13], [11, 22, 12, 23], [13, 8, 14, 9], [15, 19, 16, 18], [17, 24, 18, 1], [19, 4, 20, 5], [21, 10, 22, 11], [23, 7, 24, 6], [1, 16, 2, 17]]"
12a_0332_162,"[[1, 16, 2, 17], [3, 20, 4, 21], [5, 3, 6, 2], [7, 14, 8, 15], [9, 12, 10, 13], [11, 22, 12, 23], [13, 8, 14, 9], [15, 19, 16, 18], [17, 24, 18, 1], [19, 4, 20, 5], [21, 10, 22, 11], [23, 7, 24, 6]]"
12a_0332_163,"[[23, 7, 24, 6], [1, 16, 2, 17], [3, 20, 4, 21], [5, 3, 6, 2], [7, 14, 8, 15], [9, 12, 10, 13], [11, 22, 12, 23], [13, 8, 14, 9], [15, 19, 16, 18], [17, 24, 18, 1], [19, 4, 20, 5], [21, 10, 22, 11]]"
12a_0332_164,"[[21, 10, 22, 11], [23, 7, 24, 6], [1, 16, 2, 17], [3, 20, 4, 21], [5, 3, 6, 2], [7, 14, 8, 15], [9, 12, 10, 13], [11, 22, 12, 23], [13, 8, 14, 9], [15, 19, 16, 18], [17, 24, 18, 1], [19, 4, 20, 5]]"
12a_0332_165,"[[19, 4, 20, 5], [21, 10, 22, 11], [23, 7, 24, 6], [1, 16, 2, 17], [3, 20, 4, 21], [5, 3, 6, 2], [7, 14, 8, 15], [9, 12, 10, 13], [11, 22, 12, 23], [13, 8, 14, 9], [15, 19, 16, 18], [17, 24, 18, 1]]"
12a_0332_166,"[[17, 24, 18, 1], [19, 4, 20, 5], [21, 10, 22, 11], [23, 7, 24, 6], [1, 16, 2, 17], [3, 20, 4, 21], [5, 3, 6, 2], [7, 14, 8, 15], [9, 12, 10, 13], [11, 22, 12, 23], [13, 8, 14, 9], [15, 19, 16, 18]]"
12a_0332_167,"[[15, 19, 16, 18], [17, 24, 18, 1], [19, 4, 20, 5], [21, 10, 22, 11], [23, 7, 24, 6], [1, 16, 2, 17], [3, 20, 4, 21], [5, 3, 6, 2], [7, 14, 8, 15], [9, 12, 10, 13], [11, 22, 12, 23], [13, 8, 14, 9]]"
12a_0332_168,"[[14, 9, 15, 10], [16, 20, 17, 19], [18, 1, 19, 2], [20, 5, 21, 6], [22, 11, 23, 12], [24, 8, 1, 7], [2, 17, 3, 18], [4, 21, 5, 22], [6, 4, 7, 3], [8, 15, 9, 16], [10, 13, 11, 14], [12, 23, 13, 24]]"
12a_0332_169,"[[12, 23, 13, 24], [14, 9, 15, 10], [16, 20, 17, 19], [18, 1, 19, 2], [20, 5, 21, 6], [22, 11, 23, 12], [24, 8, 1, 7], [2, 17, 3, 18], [4, 21, 5, 22], [6, 4, 7, 3], [8, 15, 9, 16], [10, 13, 11, 14]]"
12a_0332_170,"[[10, 13, 11, 14], [12, 23, 13, 24], [14, 9, 15, 10], [16, 20, 17, 19], [18, 1, 19, 2], [20, 5, 21, 6], [22, 11, 23, 12], [24, 8, 1, 7], [2, 17, 3, 18], [4, 21, 5, 22], [6, 4, 7, 3], [8, 15, 9, 16]]"
12a_0332_171,"[[8, 15, 9, 16], [10, 13, 11, 14], [12, 23, 13, 24], [14, 9, 15, 10], [16, 20, 17, 19], [18, 1, 19, 2], [20, 5, 21, 6], [22, 11, 23, 12], [24, 8, 1, 7], [2, 17, 3, 18], [4, 21, 5, 22], [6, 4, 7, 3]]"
12a_0332_172,"[[6, 4, 7, 3], [8, 15, 9, 16], [10, 13, 11, 14], [12, 23, 13, 24], [14, 9, 15, 10], [16, 20, 17, 19], [18, 1, 19, 2], [20, 5, 21, 6], [22, 11, 23, 12], [24, 8, 1, 7], [2, 17, 3, 18], [4, 21, 5, 22]]"
12a_0332_173,"[[4, 21, 5, 22], [6, 4, 7, 3], [8, 15, 9, 16], [10, 13, 11, 14], [12, 23, 13, 24], [14, 9, 15, 10], [16, 20, 17, 19], [18, 1, 19, 2], [20, 5, 21, 6], [22, 11, 23, 12], [24, 8, 1, 7], [2, 17, 3, 18]]"
12a_0332_174,"[[2, 17, 3, 18], [4, 21, 5, 22], [6, 4, 7, 3], [8, 15, 9, 16], [10, 13, 11, 14], [12, 23, 13, 24], [14, 9, 15, 10], [16, 20, 17, 19], [18, 1, 19, 2], [20, 5, 21, 6], [22, 11, 23, 12], [24, 8, 1, 7]]"
12a_0332_175,"[[24, 8, 1, 7], [2, 17, 3, 18], [4, 21, 5, 22], [6, 4, 7, 3], [8, 15, 9, 16], [10, 13, 11, 14], [12, 23, 13, 24], [14, 9, 15, 10], [16, 20, 17, 19], [18, 1, 19, 2], [20, 5, 21, 6], [22, 11, 23, 12]]"
12a_0332_176,"[[22, 11, 23, 12], [24, 8, 1, 7], [2, 17, 3, 18], [4, 21, 5, 22], [6, 4, 7, 3], [8, 15, 9, 16], [10, 13, 11, 14], [12, 23, 13, 24], [14, 9, 15, 10], [16, 20, 17, 19], [18, 1, 19, 2], [20, 5, 21, 6]]"
12a_0332_177,"[[20, 5, 21, 6], [22, 11, 23, 12], [24, 8, 1, 7], [2, 17, 3, 18], [4, 21, 5, 22], [6, 4, 7, 3], [8, 15, 9, 16], [10, 13, 11, 14], [12, 23, 13, 24], [14, 9, 15, 10], [16, 20, 17, 19], [18, 1, 19, 2]]"
12a_0332_178,"[[18, 1, 19, 2], [20, 5, 21, 6], [22, 11, 23, 12], [24, 8, 1, 7], [2, 17, 3, 18], [4, 21, 5, 22], [6, 4, 7, 3], [8, 15, 9, 16], [10, 13, 11, 14], [12, 23, 13, 24], [14, 9, 15, 10], [16, 20, 17, 19]]"
12a_0332_179,"[[16, 20, 17, 19], [18, 1, 19, 2], [20, 5, 21, 6], [22, 11, 23, 12], [24, 8, 1, 7], [2, 17, 3, 18], [4, 21, 5, 22], [6, 4, 7, 3], [8, 15, 9, 16], [10, 13, 11, 14], [12, 23, 13, 24], [14, 9, 15, 10]]"
12a_0332_180,"[[15, 10, 16, 11], [17, 21, 18, 20], [19, 2, 20, 3], [21, 6, 22, 7], [23, 12, 24, 13], [1, 9, 2, 8], [3, 18, 4, 19], [5, 22, 6, 23], [7, 5, 8, 4], [9, 16, 10, 17], [11, 14, 12, 15], [13, 24, 14, 1]]"
12a_0332_181,"[[13, 24, 14, 1], [15, 10, 16, 11], [17, 21, 18, 20], [19, 2, 20, 3], [21, 6, 22, 7], [23, 12, 24, 13], [1, 9, 2, 8], [3, 18, 4, 19], [5, 22, 6, 23], [7, 5, 8, 4], [9, 16, 10, 17], [11, 14, 12, 15]]"
12a_0332_182,"[[11, 14, 12, 15], [13, 24, 14, 1], [15, 10, 16, 11], [17, 21, 18, 20], [19, 2, 20, 3], [21, 6, 22, 7], [23, 12, 24, 13], [1, 9, 2, 8], [3, 18, 4, 19], [5, 22, 6, 23], [7, 5, 8, 4], [9, 16, 10, 17]]"
12a_0332_183,"[[9, 16, 10, 17], [11, 14, 12, 15], [13, 24, 14, 1], [15, 10, 16, 11], [17, 21, 18, 20], [19, 2, 20, 3], [21, 6, 22, 7], [23, 12, 24, 13], [1, 9, 2, 8], [3, 18, 4, 19], [5, 22, 6, 23], [7, 5, 8, 4]]"
12a_0332_184,"[[7, 5, 8, 4], [9, 16, 10, 17], [11, 14, 12, 15], [13, 24, 14, 1], [15, 10, 16, 11], [17, 21, 18, 20], [19, 2, 20, 3], [21, 6, 22, 7], [23, 12, 24, 13], [1, 9, 2, 8], [3, 18, 4, 19], [5, 22, 6, 23]]"
12a_0332_185,"[[5, 22, 6, 23], [7, 5, 8, 4], [9, 16, 10, 17], [11, 14, 12, 15], [13, 24, 14, 1], [15, 10, 16, 11], [17, 21, 18, 20], [19, 2, 20, 3], [21, 6, 22, 7], [23, 12, 24, 13], [1, 9, 2, 8], [3, 18, 4, 19]]"
