name,pd_notation
12a_0938_0,"[[24, 10, 1, 9], [2, 8, 3, 7], [4, 12, 5, 11], [6, 17, 7, 18], [8, 2, 9, 1], [10, 4, 11, 3], [12, 20, 13, 19], [14, 22, 15, 21], [16, 24, 17, 23], [18, 5, 19, 6], [20, 16, 21, 15], [22, 14, 23, 13]]"
12a_0938_1,"[[22, 14, 23, 13], [24, 10, 1, 9], [2, 8, 3, 7], [4, 12, 5, 11], [6, 17, 7, 18], [8, 2, 9, 1], [10, 4, 11, 3], [12, 20, 13, 19], [14, 22, 15, 21], [16, 24, 17, 23], [18, 5, 19, 6], [20, 16, 21, 15]]"
12a_0938_2,"[[20, 16, 21, 15], [22, 14, 23, 13], [24, 10, 1, 9], [2, 8, 3, 7], [4, 12, 5, 11], [6, 17, 7, 18], [8, 2, 9, 1], [10, 4, 11, 3], [12, 20, 13, 19], [14, 22, 15, 21], [16, 24, 17, 23], [18, 5, 19, 6]]"
12a_0938_3,"[[18, 5, 19, 6], [20, 16, 21, 15], [22, 14, 23, 13], [24, 10, 1, 9], [2, 8, 3, 7], [4, 12, 5, 11], [6, 17, 7, 18], [8, 2, 9, 1], [10, 4, 11, 3], [12, 20, 13, 19], [14, 22, 15, 21], [16, 24, 17, 23]]"
12a_0938_4,"[[16, 24, 17, 23], [18, 5, 19, 6], [20, 16, 21, 15], [22, 14, 23, 13], [24, 10, 1, 9], [2, 8, 3, 7], [4, 12, 5, 11], [6, 17, 7, 18], [8, 2, 9, 1], [10, 4, 11, 3], [12, 20, 13, 19], [14, 22, 15, 21]]"
12a_0938_5,"[[14, 22, 15, 21], [16, 24, 17, 23], [18, 5, 19, 6], [20, 16, 21, 15], [22, 14, 23, 13], [24, 10, 1, 9], [2, 8, 3, 7], [4, 12, 5, 11], [6, 17, 7, 18], [8, 2, 9, 1], [10, 4, 11, 3], [12, 20, 13, 19]]"
12a_0938_6,"[[12, 20, 13, 19], [14, 22, 15, 21], [16, 24, 17, 23], [18, 5, 19, 6], [20, 16, 21, 15], [22, 14, 23, 13], [24, 10, 1, 9], [2, 8, 3, 7], [4, 12, 5, 11], [6, 17, 7, 18], [8, 2, 9, 1], [10, 4, 11, 3]]"
12a_0938_7,"[[10, 4, 11, 3], [12, 20, 13, 19], [14, 22, 15, 21], [16, 24, 17, 23], [18, 5, 19, 6], [20, 16, 21, 15], [22, 14, 23, 13], [24, 10, 1, 9], [2, 8, 3, 7], [4, 12, 5, 11], [6, 17, 7, 18], [8, 2, 9, 1]]"
12a_0938_8,"[[8, 2, 9, 1], [10, 4, 11, 3], [12, 20, 13, 19], [14, 22, 15, 21], [16, 24, 17, 23], [18, 5, 19, 6], [20, 16, 21, 15], [22, 14, 23, 13], [24, 10, 1, 9], [2, 8, 3, 7], [4, 12, 5, 11], [6, 17, 7, 18]]"
12a_0938_9,"[[6, 17, 7, 18], [8, 2, 9, 1], [10, 4, 11, 3], [12, 20, 13, 19], [14, 22, 15, 21], [16, 24, 17, 23], [18, 5, 19, 6], [20, 16, 21, 15], [22, 14, 23, 13], [24, 10, 1, 9], [2, 8, 3, 7], [4, 12, 5, 11]]"
12a_0938_10,"[[4, 12, 5, 11], [6, 17, 7, 18], [8, 2, 9, 1], [10, 4, 11, 3], [12, 20, 13, 19], [14, 22, 15, 21], [16, 24, 17, 23], [18, 5, 19, 6], [20, 16, 21, 15], [22, 14, 23, 13], [24, 10, 1, 9], [2, 8, 3, 7]]"
12a_0938_11,"[[2, 8, 3, 7], [4, 12, 5, 11], [6, 17, 7, 18], [8, 2, 9, 1], [10, 4, 11, 3], [12, 20, 13, 19], [14, 22, 15, 21], [16, 24, 17, 23], [18, 5, 19, 6], [20, 16, 21, 15], [22, 14, 23, 13], [24, 10, 1, 9]]"
12a_0938_12,"[[1, 11, 2, 10], [3, 9, 4, 8], [5, 13, 6, 12], [7, 18, 8, 19], [9, 3, 10, 2], [11, 5, 12, 4], [13, 21, 14, 20], [15, 23, 16, 22], [17, 1, 18, 24], [19, 6, 20, 7], [21, 17, 22, 16], [23, 15, 24, 14]]"
12a_0938_13,"[[23, 15, 24, 14], [1, 11, 2, 10], [3, 9, 4, 8], [5, 13, 6, 12], [7, 18, 8, 19], [9, 3, 10, 2], [11, 5, 12, 4], [13, 21, 14, 20], [15, 23, 16, 22], [17, 1, 18, 24], [19, 6, 20, 7], [21, 17, 22, 16]]"
12a_0938_14,"[[21, 17, 22, 16], [23, 15, 24, 14], [1, 11, 2, 10], [3, 9, 4, 8], [5, 13, 6, 12], [7, 18, 8, 19], [9, 3, 10, 2], [11, 5, 12, 4], [13, 21, 14, 20], [15, 23, 16, 22], [17, 1, 18, 24], [19, 6, 20, 7]]"
12a_0938_15,"[[19, 6, 20, 7], [21, 17, 22, 16], [23, 15, 24, 14], [1, 11, 2, 10], [3, 9, 4, 8], [5, 13, 6, 12], [7, 18, 8, 19], [9, 3, 10, 2], [11, 5, 12, 4], [13, 21, 14, 20], [15, 23, 16, 22], [17, 1, 18, 24]]"
12a_0938_16,"[[17, 1, 18, 24], [19, 6, 20, 7], [21, 17, 22, 16], [23, 15, 24, 14], [1, 11, 2, 10], [3, 9, 4, 8], [5, 13, 6, 12], [7, 18, 8, 19], [9, 3, 10, 2], [11, 5, 12, 4], [13, 21, 14, 20], [15, 23, 16, 22]]"
12a_0938_17,"[[15, 23, 16, 22], [17, 1, 18, 24], [19, 6, 20, 7], [21, 17, 22, 16], [23, 15, 24, 14], [1, 11, 2, 10], [3, 9, 4, 8], [5, 13, 6, 12], [7, 18, 8, 19], [9, 3, 10, 2], [11, 5, 12, 4], [13, 21, 14, 20]]"
12a_0938_18,"[[13, 21, 14, 20], [15, 23, 16, 22], [17, 1, 18, 24], [19, 6, 20, 7], [21, 17, 22, 16], [23, 15, 24, 14], [1, 11, 2, 10], [3, 9, 4, 8], [5, 13, 6, 12], [7, 18, 8, 19], [9, 3, 10, 2], [11, 5, 12, 4]]"
12a_0938_19,"[[11, 5, 12, 4], [13, 21, 14, 20], [15, 23, 16, 22], [17, 1, 18, 24], [19, 6, 20, 7], [21, 17, 22, 16], [23, 15, 24, 14], [1, 11, 2, 10], [3, 9, 4, 8], [5, 13, 6, 12], [7, 18, 8, 19], [9, 3, 10, 2]]"
12a_0938_20,"[[9, 3, 10, 2], [11, 5, 12, 4], [13, 21, 14, 20], [15, 23, 16, 22], [17, 1, 18, 24], [19, 6, 20, 7], [21, 17, 22, 16], [23, 15, 24, 14], [1, 11, 2, 10], [3, 9, 4, 8], [5, 13, 6, 12], [7, 18, 8, 19]]"
12a_0938_21,"[[7, 18, 8, 19], [9, 3, 10, 2], [11, 5, 12, 4], [13, 21, 14, 20], [15, 23, 16, 22], [17, 1, 18, 24], [19, 6, 20, 7], [21, 17, 22, 16], [23, 15, 24, 14], [1, 11, 2, 10], [3, 9, 4, 8], [5, 13, 6, 12]]"
12a_0938_22,"[[5, 13, 6, 12], [7, 18, 8, 19], [9, 3, 10, 2], [11, 5, 12, 4], [13, 21, 14, 20], [15, 23, 16, 22], [17, 1, 18, 24], [19, 6, 20, 7], [21, 17, 22, 16], [23, 15, 24, 14], [1, 11, 2, 10], [3, 9, 4, 8]]"
12a_0938_23,"[[3, 9, 4, 8], [5, 13, 6, 12], [7, 18, 8, 19], [9, 3, 10, 2], [11, 5, 12, 4], [13, 21, 14, 20], [15, 23, 16, 22], [17, 1, 18, 24], [19, 6, 20, 7], [21, 17, 22, 16], [23, 15, 24, 14], [1, 11, 2, 10]]"
12a_0938_24,"[[2, 12, 3, 11], [4, 10, 5, 9], [6, 14, 7, 13], [8, 19, 9, 20], [10, 4, 11, 3], [12, 6, 13, 5], [14, 22, 15, 21], [16, 24, 17, 23], [18, 2, 19, 1], [20, 7, 21, 8], [22, 18, 23, 17], [24, 16, 1, 15]]"
12a_0938_25,"[[24, 16, 1, 15], [2, 12, 3, 11], [4, 10, 5, 9], [6, 14, 7, 13], [8, 19, 9, 20], [10, 4, 11, 3], [12, 6, 13, 5], [14, 22, 15, 21], [16, 24, 17, 23], [18, 2, 19, 1], [20, 7, 21, 8], [22, 18, 23, 17]]"
12a_0938_26,"[[22, 18, 23, 17], [24, 16, 1, 15], [2, 12, 3, 11], [4, 10, 5, 9], [6, 14, 7, 13], [8, 19, 9, 20], [10, 4, 11, 3], [12, 6, 13, 5], [14, 22, 15, 21], [16, 24, 17, 23], [18, 2, 19, 1], [20, 7, 21, 8]]"
12a_0938_27,"[[20, 7, 21, 8], [22, 18, 23, 17], [24, 16, 1, 15], [2, 12, 3, 11], [4, 10, 5, 9], [6, 14, 7, 13], [8, 19, 9, 20], [10, 4, 11, 3], [12, 6, 13, 5], [14, 22, 15, 21], [16, 24, 17, 23], [18, 2, 19, 1]]"
12a_0938_28,"[[18, 2, 19, 1], [20, 7, 21, 8], [22, 18, 23, 17], [24, 16, 1, 15], [2, 12, 3, 11], [4, 10, 5, 9], [6, 14, 7, 13], [8, 19, 9, 20], [10, 4, 11, 3], [12, 6, 13, 5], [14, 22, 15, 21], [16, 24, 17, 23]]"
12a_0938_29,"[[16, 24, 17, 23], [18, 2, 19, 1], [20, 7, 21, 8], [22, 18, 23, 17], [24, 16, 1, 15], [2, 12, 3, 11], [4, 10, 5, 9], [6, 14, 7, 13], [8, 19, 9, 20], [10, 4, 11, 3], [12, 6, 13, 5], [14, 22, 15, 21]]"
12a_0938_30,"[[14, 22, 15, 21], [16, 24, 17, 23], [18, 2, 19, 1], [20, 7, 21, 8], [22, 18, 23, 17], [24, 16, 1, 15], [2, 12, 3, 11], [4, 10, 5, 9], [6, 14, 7, 13], [8, 19, 9, 20], [10, 4, 11, 3], [12, 6, 13, 5]]"
12a_0938_31,"[[12, 6, 13, 5], [14, 22, 15, 21], [16, 24, 17, 23], [18, 2, 19, 1], [20, 7, 21, 8], [22, 18, 23, 17], [24, 16, 1, 15], [2, 12, 3, 11], [4, 10, 5, 9], [6, 14, 7, 13], [8, 19, 9, 20], [10, 4, 11, 3]]"
12a_0938_32,"[[10, 4, 11, 3], [12, 6, 13, 5], [14, 22, 15, 21], [16, 24, 17, 23], [18, 2, 19, 1], [20, 7, 21, 8], [22, 18, 23, 17], [24, 16, 1, 15], [2, 12, 3, 11], [4, 10, 5, 9], [6, 14, 7, 13], [8, 19, 9, 20]]"
12a_0938_33,"[[8, 19, 9, 20], [10, 4, 11, 3], [12, 6, 13, 5], [14, 22, 15, 21], [16, 24, 17, 23], [18, 2, 19, 1], [20, 7, 21, 8], [22, 18, 23, 17], [24, 16, 1, 15], [2, 12, 3, 11], [4, 10, 5, 9], [6, 14, 7, 13]]"
12a_0938_34,"[[6, 14, 7, 13], [8, 19, 9, 20], [10, 4, 11, 3], [12, 6, 13, 5], [14, 22, 15, 21], [16, 24, 17, 23], [18, 2, 19, 1], [20, 7, 21, 8], [22, 18, 23, 17], [24, 16, 1, 15], [2, 12, 3, 11], [4, 10, 5, 9]]"
12a_0938_35,"[[4, 10, 5, 9], [6, 14, 7, 13], [8, 19, 9, 20], [10, 4, 11, 3], [12, 6, 13, 5], [14, 22, 15, 21], [16, 24, 17, 23], [18, 2, 19, 1], [20, 7, 21, 8], [22, 18, 23, 17], [24, 16, 1, 15], [2, 12, 3, 11]]"
12a_0938_36,"[[3, 13, 4, 12], [5, 11, 6, 10], [7, 15, 8, 14], [9, 20, 10, 21], [11, 5, 12, 4], [13, 7, 14, 6], [15, 23, 16, 22], [17, 1, 18, 24], [19, 3, 20, 2], [21, 8, 22, 9], [23, 19, 24, 18], [1, 17, 2, 16]]"
12a_0938_37,"[[1, 17, 2, 16], [3, 13, 4, 12], [5, 11, 6, 10], [7, 15, 8, 14], [9, 20, 10, 21], [11, 5, 12, 4], [13, 7, 14, 6], [15, 23, 16, 22], [17, 1, 18, 24], [19, 3, 20, 2], [21, 8, 22, 9], [23, 19, 24, 18]]"
12a_0938_38,"[[23, 19, 24, 18], [1, 17, 2, 16], [3, 13, 4, 12], [5, 11, 6, 10], [7, 15, 8, 14], [9, 20, 10, 21], [11, 5, 12, 4], [13, 7, 14, 6], [15, 23, 16, 22], [17, 1, 18, 24], [19, 3, 20, 2], [21, 8, 22, 9]]"
12a_0938_39,"[[21, 8, 22, 9], [23, 19, 24, 18], [1, 17, 2, 16], [3, 13, 4, 12], [5, 11, 6, 10], [7, 15, 8, 14], [9, 20, 10, 21], [11, 5, 12, 4], [13, 7, 14, 6], [15, 23, 16, 22], [17, 1, 18, 24], [19, 3, 20, 2]]"
12a_0938_40,"[[19, 3, 20, 2], [21, 8, 22, 9], [23, 19, 24, 18], [1, 17, 2, 16], [3, 13, 4, 12], [5, 11, 6, 10], [7, 15, 8, 14], [9, 20, 10, 21], [11, 5, 12, 4], [13, 7, 14, 6], [15, 23, 16, 22], [17, 1, 18, 24]]"
12a_0938_41,"[[17, 1, 18, 24], [19, 3, 20, 2], [21, 8, 22, 9], [23, 19, 24, 18], [1, 17, 2, 16], [3, 13, 4, 12], [5, 11, 6, 10], [7, 15, 8, 14], [9, 20, 10, 21], [11, 5, 12, 4], [13, 7, 14, 6], [15, 23, 16, 22]]"
12a_0938_42,"[[15, 23, 16, 22], [17, 1, 18, 24], [19, 3, 20, 2], [21, 8, 22, 9], [23, 19, 24, 18], [1, 17, 2, 16], [3, 13, 4, 12], [5, 11, 6, 10], [7, 15, 8, 14], [9, 20, 10, 21], [11, 5, 12, 4], [13, 7, 14, 6]]"
12a_0938_43,"[[13, 7, 14, 6], [15, 23, 16, 22], [17, 1, 18, 24], [19, 3, 20, 2], [21, 8, 22, 9], [23, 19, 24, 18], [1, 17, 2, 16], [3, 13, 4, 12], [5, 11, 6, 10], [7, 15, 8, 14], [9, 20, 10, 21], [11, 5, 12, 4]]"
12a_0938_44,"[[11, 5, 12, 4], [13, 7, 14, 6], [15, 23, 16, 22], [17, 1, 18, 24], [19, 3, 20, 2], [21, 8, 22, 9], [23, 19, 24, 18], [1, 17, 2, 16], [3, 13, 4, 12], [5, 11, 6, 10], [7, 15, 8, 14], [9, 20, 10, 21]]"
12a_0938_45,"[[9, 20, 10, 21], [11, 5, 12, 4], [13, 7, 14, 6], [15, 23, 16, 22], [17, 1, 18, 24], [19, 3, 20, 2], [21, 8, 22, 9], [23, 19, 24, 18], [1, 17, 2, 16], [3, 13, 4, 12], [5, 11, 6, 10], [7, 15, 8, 14]]"
12a_0938_46,"[[7, 15, 8, 14], [9, 20, 10, 21], [11, 5, 12, 4], [13, 7, 14, 6], [15, 23, 16, 22], [17, 1, 18, 24], [19, 3, 20, 2], [21, 8, 22, 9], [23, 19, 24, 18], [1, 17, 2, 16], [3, 13, 4, 12], [5, 11, 6, 10]]"
12a_0938_47,"[[5, 11, 6, 10], [7, 15, 8, 14], [9, 20, 10, 21], [11, 5, 12, 4], [13, 7, 14, 6], [15, 23, 16, 22], [17, 1, 18, 24], [19, 3, 20, 2], [21, 8, 22, 9], [23, 19, 24, 18], [1, 17, 2, 16], [3, 13, 4, 12]]"
12a_0938_48,"[[4, 14, 5, 13], [6, 12, 7, 11], [8, 16, 9, 15], [10, 21, 11, 22], [12, 6, 13, 5], [14, 8, 15, 7], [16, 24, 17, 23], [18, 2, 19, 1], [20, 4, 21, 3], [22, 9, 23, 10], [24, 20, 1, 19], [2, 18, 3, 17]]"
12a_0938_49,"[[2, 18, 3, 17], [4, 14, 5, 13], [6, 12, 7, 11], [8, 16, 9, 15], [10, 21, 11, 22], [12, 6, 13, 5], [14, 8, 15, 7], [16, 24, 17, 23], [18, 2, 19, 1], [20, 4, 21, 3], [22, 9, 23, 10], [24, 20, 1, 19]]"
12a_0938_50,"[[24, 20, 1, 19], [2, 18, 3, 17], [4, 14, 5, 13], [6, 12, 7, 11], [8, 16, 9, 15], [10, 21, 11, 22], [12, 6, 13, 5], [14, 8, 15, 7], [16, 24, 17, 23], [18, 2, 19, 1], [20, 4, 21, 3], [22, 9, 23, 10]]"
12a_0938_51,"[[22, 9, 23, 10], [24, 20, 1, 19], [2, 18, 3, 17], [4, 14, 5, 13], [6, 12, 7, 11], [8, 16, 9, 15], [10, 21, 11, 22], [12, 6, 13, 5], [14, 8, 15, 7], [16, 24, 17, 23], [18, 2, 19, 1], [20, 4, 21, 3]]"
12a_0938_52,"[[20, 4, 21, 3], [22, 9, 23, 10], [24, 20, 1, 19], [2, 18, 3, 17], [4, 14, 5, 13], [6, 12, 7, 11], [8, 16, 9, 15], [10, 21, 11, 22], [12, 6, 13, 5], [14, 8, 15, 7], [16, 24, 17, 23], [18, 2, 19, 1]]"
12a_0938_53,"[[18, 2, 19, 1], [20, 4, 21, 3], [22, 9, 23, 10], [24, 20, 1, 19], [2, 18, 3, 17], [4, 14, 5, 13], [6, 12, 7, 11], [8, 16, 9, 15], [10, 21, 11, 22], [12, 6, 13, 5], [14, 8, 15, 7], [16, 24, 17, 23]]"
12a_0938_54,"[[16, 24, 17, 23], [18, 2, 19, 1], [20, 4, 21, 3], [22, 9, 23, 10], [24, 20, 1, 19], [2, 18, 3, 17], [4, 14, 5, 13], [6, 12, 7, 11], [8, 16, 9, 15], [10, 21, 11, 22], [12, 6, 13, 5], [14, 8, 15, 7]]"
12a_0938_55,"[[14, 8, 15, 7], [16, 24, 17, 23], [18, 2, 19, 1], [20, 4, 21, 3], [22, 9, 23, 10], [24, 20, 1, 19], [2, 18, 3, 17], [4, 14, 5, 13], [6, 12, 7, 11], [8, 16, 9, 15], [10, 21, 11, 22], [12, 6, 13, 5]]"
12a_0938_56,"[[12, 6, 13, 5], [14, 8, 15, 7], [16, 24, 17, 23], [18, 2, 19, 1], [20, 4, 21, 3], [22, 9, 23, 10], [24, 20, 1, 19], [2, 18, 3, 17], [4, 14, 5, 13], [6, 12, 7, 11], [8, 16, 9, 15], [10, 21, 11, 22]]"
12a_0938_57,"[[10, 21, 11, 22], [12, 6, 13, 5], [14, 8, 15, 7], [16, 24, 17, 23], [18, 2, 19, 1], [20, 4, 21, 3], [22, 9, 23, 10], [24, 20, 1, 19], [2, 18, 3, 17], [4, 14, 5, 13], [6, 12, 7, 11], [8, 16, 9, 15]]"
12a_0938_58,"[[8, 16, 9, 15], [10, 21, 11, 22], [12, 6, 13, 5], [14, 8, 15, 7], [16, 24, 17, 23], [18, 2, 19, 1], [20, 4, 21, 3], [22, 9, 23, 10], [24, 20, 1, 19], [2, 18, 3, 17], [4, 14, 5, 13], [6, 12, 7, 11]]"
12a_0938_59,"[[6, 12, 7, 11], [8, 16, 9, 15], [10, 21, 11, 22], [12, 6, 13, 5], [14, 8, 15, 7], [16, 24, 17, 23], [18, 2, 19, 1], [20, 4, 21, 3], [22, 9, 23, 10], [24, 20, 1, 19], [2, 18, 3, 17], [4, 14, 5, 13]]"
12a_0938_60,"[[5, 15, 6, 14], [7, 13, 8, 12], [9, 17, 10, 16], [11, 22, 12, 23], [13, 7, 14, 6], [15, 9, 16, 8], [17, 1, 18, 24], [19, 3, 20, 2], [21, 5, 22, 4], [23, 10, 24, 11], [1, 21, 2, 20], [3, 19, 4, 18]]"
12a_0938_61,"[[3, 19, 4, 18], [5, 15, 6, 14], [7, 13, 8, 12], [9, 17, 10, 16], [11, 22, 12, 23], [13, 7, 14, 6], [15, 9, 16, 8], [17, 1, 18, 24], [19, 3, 20, 2], [21, 5, 22, 4], [23, 10, 24, 11], [1, 21, 2, 20]]"
12a_0938_62,"[[1, 21, 2, 20], [3, 19, 4, 18], [5, 15, 6, 14], [7, 13, 8, 12], [9, 17, 10, 16], [11, 22, 12, 23], [13, 7, 14, 6], [15, 9, 16, 8], [17, 1, 18, 24], [19, 3, 20, 2], [21, 5, 22, 4], [23, 10, 24, 11]]"
12a_0938_63,"[[23, 10, 24, 11], [1, 21, 2, 20], [3, 19, 4, 18], [5, 15, 6, 14], [7, 13, 8, 12], [9, 17, 10, 16], [11, 22, 12, 23], [13, 7, 14, 6], [15, 9, 16, 8], [17, 1, 18, 24], [19, 3, 20, 2], [21, 5, 22, 4]]"
12a_0938_64,"[[21, 5, 22, 4], [23, 10, 24, 11], [1, 21, 2, 20], [3, 19, 4, 18], [5, 15, 6, 14], [7, 13, 8, 12], [9, 17, 10, 16], [11, 22, 12, 23], [13, 7, 14, 6], [15, 9, 16, 8], [17, 1, 18, 24], [19, 3, 20, 2]]"
12a_0938_65,"[[19, 3, 20, 2], [21, 5, 22, 4], [23, 10, 24, 11], [1, 21, 2, 20], [3, 19, 4, 18], [5, 15, 6, 14], [7, 13, 8, 12], [9, 17, 10, 16], [11, 22, 12, 23], [13, 7, 14, 6], [15, 9, 16, 8], [17, 1, 18, 24]]"
12a_0938_66,"[[17, 1, 18, 24], [19, 3, 20, 2], [21, 5, 22, 4], [23, 10, 24, 11], [1, 21, 2, 20], [3, 19, 4, 18], [5, 15, 6, 14], [7, 13, 8, 12], [9, 17, 10, 16], [11, 22, 12, 23], [13, 7, 14, 6], [15, 9, 16, 8]]"
12a_0938_67,"[[15, 9, 16, 8], [17, 1, 18, 24], [19, 3, 20, 2], [21, 5, 22, 4], [23, 10, 24, 11], [1, 21, 2, 20], [3, 19, 4, 18], [5, 15, 6, 14], [7, 13, 8, 12], [9, 17, 10, 16], [11, 22, 12, 23], [13, 7, 14, 6]]"
12a_0938_68,"[[13, 7, 14, 6], [15, 9, 16, 8], [17, 1, 18, 24], [19, 3, 20, 2], [21, 5, 22, 4], [23, 10, 24, 11], [1, 21, 2, 20], [3, 19, 4, 18], [5, 15, 6, 14], [7, 13, 8, 12], [9, 17, 10, 16], [11, 22, 12, 23]]"
12a_0938_69,"[[11, 22, 12, 23], [13, 7, 14, 6], [15, 9, 16, 8], [17, 1, 18, 24], [19, 3, 20, 2], [21, 5, 22, 4], [23, 10, 24, 11], [1, 21, 2, 20], [3, 19, 4, 18], [5, 15, 6, 14], [7, 13, 8, 12], [9, 17, 10, 16]]"
12a_0938_70,"[[9, 17, 10, 16], [11, 22, 12, 23], [13, 7, 14, 6], [15, 9, 16, 8], [17, 1, 18, 24], [19, 3, 20, 2], [21, 5, 22, 4], [23, 10, 24, 11], [1, 21, 2, 20], [3, 19, 4, 18], [5, 15, 6, 14], [7, 13, 8, 12]]"
12a_0938_71,"[[7, 13, 8, 12], [9, 17, 10, 16], [11, 22, 12, 23], [13, 7, 14, 6], [15, 9, 16, 8], [17, 1, 18, 24], [19, 3, 20, 2], [21, 5, 22, 4], [23, 10, 24, 11], [1, 21, 2, 20], [3, 19, 4, 18], [5, 15, 6, 14]]"
12a_0938_72,"[[6, 16, 7, 15], [8, 14, 9, 13], [10, 18, 11, 17], [12, 23, 13, 24], [14, 8, 15, 7], [16, 10, 17, 9], [18, 2, 19, 1], [20, 4, 21, 3], [22, 6, 23, 5], [24, 11, 1, 12], [2, 22, 3, 21], [4, 20, 5, 19]]"
12a_0938_73,"[[4, 20, 5, 19], [6, 16, 7, 15], [8, 14, 9, 13], [10, 18, 11, 17], [12, 23, 13, 24], [14, 8, 15, 7], [16, 10, 17, 9], [18, 2, 19, 1], [20, 4, 21, 3], [22, 6, 23, 5], [24, 11, 1, 12], [2, 22, 3, 21]]"
12a_0938_74,"[[2, 22, 3, 21], [4, 20, 5, 19], [6, 16, 7, 15], [8, 14, 9, 13], [10, 18, 11, 17], [12, 23, 13, 24], [14, 8, 15, 7], [16, 10, 17, 9], [18, 2, 19, 1], [20, 4, 21, 3], [22, 6, 23, 5], [24, 11, 1, 12]]"
12a_0938_75,"[[24, 11, 1, 12], [2, 22, 3, 21], [4, 20, 5, 19], [6, 16, 7, 15], [8, 14, 9, 13], [10, 18, 11, 17], [12, 23, 13, 24], [14, 8, 15, 7], [16, 10, 17, 9], [18, 2, 19, 1], [20, 4, 21, 3], [22, 6, 23, 5]]"
12a_0938_76,"[[22, 6, 23, 5], [24, 11, 1, 12], [2, 22, 3, 21], [4, 20, 5, 19], [6, 16, 7, 15], [8, 14, 9, 13], [10, 18, 11, 17], [12, 23, 13, 24], [14, 8, 15, 7], [16, 10, 17, 9], [18, 2, 19, 1], [20, 4, 21, 3]]"
12a_0938_77,"[[20, 4, 21, 3], [22, 6, 23, 5], [24, 11, 1, 12], [2, 22, 3, 21], [4, 20, 5, 19], [6, 16, 7, 15], [8, 14, 9, 13], [10, 18, 11, 17], [12, 23, 13, 24], [14, 8, 15, 7], [16, 10, 17, 9], [18, 2, 19, 1]]"
12a_0938_78,"[[18, 2, 19, 1], [20, 4, 21, 3], [22, 6, 23, 5], [24, 11, 1, 12], [2, 22, 3, 21], [4, 20, 5, 19], [6, 16, 7, 15], [8, 14, 9, 13], [10, 18, 11, 17], [12, 23, 13, 24], [14, 8, 15, 7], [16, 10, 17, 9]]"
12a_0938_79,"[[16, 10, 17, 9], [18, 2, 19, 1], [20, 4, 21, 3], [22, 6, 23, 5], [24, 11, 1, 12], [2, 22, 3, 21], [4, 20, 5, 19], [6, 16, 7, 15], [8, 14, 9, 13], [10, 18, 11, 17], [12, 23, 13, 24], [14, 8, 15, 7]]"
12a_0938_80,"[[14, 8, 15, 7], [16, 10, 17, 9], [18, 2, 19, 1], [20, 4, 21, 3], [22, 6, 23, 5], [24, 11, 1, 12], [2, 22, 3, 21], [4, 20, 5, 19], [6, 16, 7, 15], [8, 14, 9, 13], [10, 18, 11, 17], [12, 23, 13, 24]]"
12a_0938_81,"[[12, 23, 13, 24], [14, 8, 15, 7], [16, 10, 17, 9], [18, 2, 19, 1], [20, 4, 21, 3], [22, 6, 23, 5], [24, 11, 1, 12], [2, 22, 3, 21], [4, 20, 5, 19], [6, 16, 7, 15], [8, 14, 9, 13], [10, 18, 11, 17]]"
12a_0938_82,"[[10, 18, 11, 17], [12, 23, 13, 24], [14, 8, 15, 7], [16, 10, 17, 9], [18, 2, 19, 1], [20, 4, 21, 3], [22, 6, 23, 5], [24, 11, 1, 12], [2, 22, 3, 21], [4, 20, 5, 19], [6, 16, 7, 15], [8, 14, 9, 13]]"
12a_0938_83,"[[8, 14, 9, 13], [10, 18, 11, 17], [12, 23, 13, 24], [14, 8, 15, 7], [16, 10, 17, 9], [18, 2, 19, 1], [20, 4, 21, 3], [22, 6, 23, 5], [24, 11, 1, 12], [2, 22, 3, 21], [4, 20, 5, 19], [6, 16, 7, 15]]"
12a_0938_84,"[[7, 17, 8, 16], [9, 15, 10, 14], [11, 19, 12, 18], [13, 24, 14, 1], [15, 9, 16, 8], [17, 11, 18, 10], [19, 3, 20, 2], [21, 5, 22, 4], [23, 7, 24, 6], [1, 12, 2, 13], [3, 23, 4, 22], [5, 21, 6, 20]]"
12a_0938_85,"[[5, 21, 6, 20], [7, 17, 8, 16], [9, 15, 10, 14], [11, 19, 12, 18], [13, 24, 14, 1], [15, 9, 16, 8], [17, 11, 18, 10], [19, 3, 20, 2], [21, 5, 22, 4], [23, 7, 24, 6], [1, 12, 2, 13], [3, 23, 4, 22]]"
12a_0938_86,"[[3, 23, 4, 22], [5, 21, 6, 20], [7, 17, 8, 16], [9, 15, 10, 14], [11, 19, 12, 18], [13, 24, 14, 1], [15, 9, 16, 8], [17, 11, 18, 10], [19, 3, 20, 2], [21, 5, 22, 4], [23, 7, 24, 6], [1, 12, 2, 13]]"
12a_0938_87,"[[1, 12, 2, 13], [3, 23, 4, 22], [5, 21, 6, 20], [7, 17, 8, 16], [9, 15, 10, 14], [11, 19, 12, 18], [13, 24, 14, 1], [15, 9, 16, 8], [17, 11, 18, 10], [19, 3, 20, 2], [21, 5, 22, 4], [23, 7, 24, 6]]"
12a_0938_88,"[[23, 7, 24, 6], [1, 12, 2, 13], [3, 23, 4, 22], [5, 21, 6, 20], [7, 17, 8, 16], [9, 15, 10, 14], [11, 19, 12, 18], [13, 24, 14, 1], [15, 9, 16, 8], [17, 11, 18, 10], [19, 3, 20, 2], [21, 5, 22, 4]]"
12a_0938_89,"[[21, 5, 22, 4], [23, 7, 24, 6], [1, 12, 2, 13], [3, 23, 4, 22], [5, 21, 6, 20], [7, 17, 8, 16], [9, 15, 10, 14], [11, 19, 12, 18], [13, 24, 14, 1], [15, 9, 16, 8], [17, 11, 18, 10], [19, 3, 20, 2]]"
12a_0938_90,"[[19, 3, 20, 2], [21, 5, 22, 4], [23, 7, 24, 6], [1, 12, 2, 13], [3, 23, 4, 22], [5, 21, 6, 20], [7, 17, 8, 16], [9, 15, 10, 14], [11, 19, 12, 18], [13, 24, 14, 1], [15, 9, 16, 8], [17, 11, 18, 10]]"
12a_0938_91,"[[17, 11, 18, 10], [19, 3, 20, 2], [21, 5, 22, 4], [23, 7, 24, 6], [1, 12, 2, 13], [3, 23, 4, 22], [5, 21, 6, 20], [7, 17, 8, 16], [9, 15, 10, 14], [11, 19, 12, 18], [13, 24, 14, 1], [15, 9, 16, 8]]"
12a_0938_92,"[[15, 9, 16, 8], [17, 11, 18, 10], [19, 3, 20, 2], [21, 5, 22, 4], [23, 7, 24, 6], [1, 12, 2, 13], [3, 23, 4, 22], [5, 21, 6, 20], [7, 17, 8, 16], [9, 15, 10, 14], [11, 19, 12, 18], [13, 24, 14, 1]]"
12a_0938_93,"[[13, 24, 14, 1], [15, 9, 16, 8], [17, 11, 18, 10], [19, 3, 20, 2], [21, 5, 22, 4], [23, 7, 24, 6], [1, 12, 2, 13], [3, 23, 4, 22], [5, 21, 6, 20], [7, 17, 8, 16], [9, 15, 10, 14], [11, 19, 12, 18]]"
12a_0938_94,"[[11, 19, 12, 18], [13, 24, 14, 1], [15, 9, 16, 8], [17, 11, 18, 10], [19, 3, 20, 2], [21, 5, 22, 4], [23, 7, 24, 6], [1, 12, 2, 13], [3, 23, 4, 22], [5, 21, 6, 20], [7, 17, 8, 16], [9, 15, 10, 14]]"
12a_0938_95,"[[9, 15, 10, 14], [11, 19, 12, 18], [13, 24, 14, 1], [15, 9, 16, 8], [17, 11, 18, 10], [19, 3, 20, 2], [21, 5, 22, 4], [23, 7, 24, 6], [1, 12, 2, 13], [3, 23, 4, 22], [5, 21, 6, 20], [7, 17, 8, 16]]"
12a_0938_96,"[[8, 18, 9, 17], [10, 16, 11, 15], [12, 20, 13, 19], [14, 1, 15, 2], [16, 10, 17, 9], [18, 12, 19, 11], [20, 4, 21, 3], [22, 6, 23, 5], [24, 8, 1, 7], [2, 13, 3, 14], [4, 24, 5, 23], [6, 22, 7, 21]]"
12a_0938_97,"[[6, 22, 7, 21], [8, 18, 9, 17], [10, 16, 11, 15], [12, 20, 13, 19], [14, 1, 15, 2], [16, 10, 17, 9], [18, 12, 19, 11], [20, 4, 21, 3], [22, 6, 23, 5], [24, 8, 1, 7], [2, 13, 3, 14], [4, 24, 5, 23]]"
12a_0938_98,"[[4, 24, 5, 23], [6, 22, 7, 21], [8, 18, 9, 17], [10, 16, 11, 15], [12, 20, 13, 19], [14, 1, 15, 2], [16, 10, 17, 9], [18, 12, 19, 11], [20, 4, 21, 3], [22, 6, 23, 5], [24, 8, 1, 7], [2, 13, 3, 14]]"
12a_0938_99,"[[2, 13, 3, 14], [4, 24, 5, 23], [6, 22, 7, 21], [8, 18, 9, 17], [10, 16, 11, 15], [12, 20, 13, 19], [14, 1, 15, 2], [16, 10, 17, 9], [18, 12, 19, 11], [20, 4, 21, 3], [22, 6, 23, 5], [24, 8, 1, 7]]"
12a_0938_100,"[[24, 8, 1, 7], [2, 13, 3, 14], [4, 24, 5, 23], [6, 22, 7, 21], [8, 18, 9, 17], [10, 16, 11, 15], [12, 20, 13, 19], [14, 1, 15, 2], [16, 10, 17, 9], [18, 12, 19, 11], [20, 4, 21, 3], [22, 6, 23, 5]]"
12a_0938_101,"[[22, 6, 23, 5], [24, 8, 1, 7], [2, 13, 3, 14], [4, 24, 5, 23], [6, 22, 7, 21], [8, 18, 9, 17], [10, 16, 11, 15], [12, 20, 13, 19], [14, 1, 15, 2], [16, 10, 17, 9], [18, 12, 19, 11], [20, 4, 21, 3]]"
12a_0938_102,"[[20, 4, 21, 3], [22, 6, 23, 5], [24, 8, 1, 7], [2, 13, 3, 14], [4, 24, 5, 23], [6, 22, 7, 21], [8, 18, 9, 17], [10, 16, 11, 15], [12, 20, 13, 19], [14, 1, 15, 2], [16, 10, 17, 9], [18, 12, 19, 11]]"
12a_0938_103,"[[18, 12, 19, 11], [20, 4, 21, 3], [22, 6, 23, 5], [24, 8, 1, 7], [2, 13, 3, 14], [4, 24, 5, 23], [6, 22, 7, 21], [8, 18, 9, 17], [10, 16, 11, 15], [12, 20, 13, 19], [14, 1, 15, 2], [16, 10, 17, 9]]"
12a_0938_104,"[[16, 10, 17, 9], [18, 12, 19, 11], [20, 4, 21, 3], [22, 6, 23, 5], [24, 8, 1, 7], [2, 13, 3, 14], [4, 24, 5, 23], [6, 22, 7, 21], [8, 18, 9, 17], [10, 16, 11, 15], [12, 20, 13, 19], [14, 1, 15, 2]]"
12a_0938_105,"[[14, 1, 15, 2], [16, 10, 17, 9], [18, 12, 19, 11], [20, 4, 21, 3], [22, 6, 23, 5], [24, 8, 1, 7], [2, 13, 3, 14], [4, 24, 5, 23], [6, 22, 7, 21], [8, 18, 9, 17], [10, 16, 11, 15], [12, 20, 13, 19]]"
12a_0938_106,"[[12, 20, 13, 19], [14, 1, 15, 2], [16, 10, 17, 9], [18, 12, 19, 11], [20, 4, 21, 3], [22, 6, 23, 5], [24, 8, 1, 7], [2, 13, 3, 14], [4, 24, 5, 23], [6, 22, 7, 21], [8, 18, 9, 17], [10, 16, 11, 15]]"
12a_0938_107,"[[10, 16, 11, 15], [12, 20, 13, 19], [14, 1, 15, 2], [16, 10, 17, 9], [18, 12, 19, 11], [20, 4, 21, 3], [22, 6, 23, 5], [24, 8, 1, 7], [2, 13, 3, 14], [4, 24, 5, 23], [6, 22, 7, 21], [8, 18, 9, 17]]"
12a_0938_108,"[[9, 19, 10, 18], [11, 17, 12, 16], [13, 21, 14, 20], [15, 2, 16, 3], [17, 11, 18, 10], [19, 13, 20, 12], [21, 5, 22, 4], [23, 7, 24, 6], [1, 9, 2, 8], [3, 14, 4, 15], [5, 1, 6, 24], [7, 23, 8, 22]]"
12a_0938_109,"[[7, 23, 8, 22], [9, 19, 10, 18], [11, 17, 12, 16], [13, 21, 14, 20], [15, 2, 16, 3], [17, 11, 18, 10], [19, 13, 20, 12], [21, 5, 22, 4], [23, 7, 24, 6], [1, 9, 2, 8], [3, 14, 4, 15], [5, 1, 6, 24]]"
12a_0938_110,"[[5, 1, 6, 24], [7, 23, 8, 22], [9, 19, 10, 18], [11, 17, 12, 16], [13, 21, 14, 20], [15, 2, 16, 3], [17, 11, 18, 10], [19, 13, 20, 12], [21, 5, 22, 4], [23, 7, 24, 6], [1, 9, 2, 8], [3, 14, 4, 15]]"
12a_0938_111,"[[3, 14, 4, 15], [5, 1, 6, 24], [7, 23, 8, 22], [9, 19, 10, 18], [11, 17, 12, 16], [13, 21, 14, 20], [15, 2, 16, 3], [17, 11, 18, 10], [19, 13, 20, 12], [21, 5, 22, 4], [23, 7, 24, 6], [1, 9, 2, 8]]"
12a_0938_112,"[[1, 9, 2, 8], [3, 14, 4, 15], [5, 1, 6, 24], [7, 23, 8, 22], [9, 19, 10, 18], [11, 17, 12, 16], [13, 21, 14, 20], [15, 2, 16, 3], [17, 11, 18, 10], [19, 13, 20, 12], [21, 5, 22, 4], [23, 7, 24, 6]]"
12a_0938_113,"[[23, 7, 24, 6], [1, 9, 2, 8], [3, 14, 4, 15], [5, 1, 6, 24], [7, 23, 8, 22], [9, 19, 10, 18], [11, 17, 12, 16], [13, 21, 14, 20], [15, 2, 16, 3], [17, 11, 18, 10], [19, 13, 20, 12], [21, 5, 22, 4]]"
12a_0938_114,"[[21, 5, 22, 4], [23, 7, 24, 6], [1, 9, 2, 8], [3, 14, 4, 15], [5, 1, 6, 24], [7, 23, 8, 22], [9, 19, 10, 18], [11, 17, 12, 16], [13, 21, 14, 20], [15, 2, 16, 3], [17, 11, 18, 10], [19, 13, 20, 12]]"
12a_0938_115,"[[19, 13, 20, 12], [21, 5, 22, 4], [23, 7, 24, 6], [1, 9, 2, 8], [3, 14, 4, 15], [5, 1, 6, 24], [7, 23, 8, 22], [9, 19, 10, 18], [11, 17, 12, 16], [13, 21, 14, 20], [15, 2, 16, 3], [17, 11, 18, 10]]"
12a_0938_116,"[[17, 11, 18, 10], [19, 13, 20, 12], [21, 5, 22, 4], [23, 7, 24, 6], [1, 9, 2, 8], [3, 14, 4, 15], [5, 1, 6, 24], [7, 23, 8, 22], [9, 19, 10, 18], [11, 17, 12, 16], [13, 21, 14, 20], [15, 2, 16, 3]]"
12a_0938_117,"[[15, 2, 16, 3], [17, 11, 18, 10], [19, 13, 20, 12], [21, 5, 22, 4], [23, 7, 24, 6], [1, 9, 2, 8], [3, 14, 4, 15], [5, 1, 6, 24], [7, 23, 8, 22], [9, 19, 10, 18], [11, 17, 12, 16], [13, 21, 14, 20]]"
12a_0938_118,"[[13, 21, 14, 20], [15, 2, 16, 3], [17, 11, 18, 10], [19, 13, 20, 12], [21, 5, 22, 4], [23, 7, 24, 6], [1, 9, 2, 8], [3, 14, 4, 15], [5, 1, 6, 24], [7, 23, 8, 22], [9, 19, 10, 18], [11, 17, 12, 16]]"
12a_0938_119,"[[11, 17, 12, 16], [13, 21, 14, 20], [15, 2, 16, 3], [17, 11, 18, 10], [19, 13, 20, 12], [21, 5, 22, 4], [23, 7, 24, 6], [1, 9, 2, 8], [3, 14, 4, 15], [5, 1, 6, 24], [7, 23, 8, 22], [9, 19, 10, 18]]"
12a_0938_120,"[[10, 20, 11, 19], [12, 18, 13, 17], [14, 22, 15, 21], [16, 3, 17, 4], [18, 12, 19, 11], [20, 14, 21, 13], [22, 6, 23, 5], [24, 8, 1, 7], [2, 10, 3, 9], [4, 15, 5, 16], [6, 2, 7, 1], [8, 24, 9, 23]]"
12a_0938_121,"[[8, 24, 9, 23], [10, 20, 11, 19], [12, 18, 13, 17], [14, 22, 15, 21], [16, 3, 17, 4], [18, 12, 19, 11], [20, 14, 21, 13], [22, 6, 23, 5], [24, 8, 1, 7], [2, 10, 3, 9], [4, 15, 5, 16], [6, 2, 7, 1]]"
12a_0938_122,"[[6, 2, 7, 1], [8, 24, 9, 23], [10, 20, 11, 19], [12, 18, 13, 17], [14, 22, 15, 21], [16, 3, 17, 4], [18, 12, 19, 11], [20, 14, 21, 13], [22, 6, 23, 5], [24, 8, 1, 7], [2, 10, 3, 9], [4, 15, 5, 16]]"
12a_0938_123,"[[4, 15, 5, 16], [6, 2, 7, 1], [8, 24, 9, 23], [10, 20, 11, 19], [12, 18, 13, 17], [14, 22, 15, 21], [16, 3, 17, 4], [18, 12, 19, 11], [20, 14, 21, 13], [22, 6, 23, 5], [24, 8, 1, 7], [2, 10, 3, 9]]"
12a_0938_124,"[[2, 10, 3, 9], [4, 15, 5, 16], [6, 2, 7, 1], [8, 24, 9, 23], [10, 20, 11, 19], [12, 18, 13, 17], [14, 22, 15, 21], [16, 3, 17, 4], [18, 12, 19, 11], [20, 14, 21, 13], [22, 6, 23, 5], [24, 8, 1, 7]]"
12a_0938_125,"[[24, 8, 1, 7], [2, 10, 3, 9], [4, 15, 5, 16], [6, 2, 7, 1], [8, 24, 9, 23], [10, 20, 11, 19], [12, 18, 13, 17], [14, 22, 15, 21], [16, 3, 17, 4], [18, 12, 19, 11], [20, 14, 21, 13], [22, 6, 23, 5]]"
12a_0938_126,"[[22, 6, 23, 5], [24, 8, 1, 7], [2, 10, 3, 9], [4, 15, 5, 16], [6, 2, 7, 1], [8, 24, 9, 23], [10, 20, 11, 19], [12, 18, 13, 17], [14, 22, 15, 21], [16, 3, 17, 4], [18, 12, 19, 11], [20, 14, 21, 13]]"
12a_0938_127,"[[20, 14, 21, 13], [22, 6, 23, 5], [24, 8, 1, 7], [2, 10, 3, 9], [4, 15, 5, 16], [6, 2, 7, 1], [8, 24, 9, 23], [10, 20, 11, 19], [12, 18, 13, 17], [14, 22, 15, 21], [16, 3, 17, 4], [18, 12, 19, 11]]"
12a_0938_128,"[[18, 12, 19, 11], [20, 14, 21, 13], [22, 6, 23, 5], [24, 8, 1, 7], [2, 10, 3, 9], [4, 15, 5, 16], [6, 2, 7, 1], [8, 24, 9, 23], [10, 20, 11, 19], [12, 18, 13, 17], [14, 22, 15, 21], [16, 3, 17, 4]]"
12a_0938_129,"[[16, 3, 17, 4], [18, 12, 19, 11], [20, 14, 21, 13], [22, 6, 23, 5], [24, 8, 1, 7], [2, 10, 3, 9], [4, 15, 5, 16], [6, 2, 7, 1], [8, 24, 9, 23], [10, 20, 11, 19], [12, 18, 13, 17], [14, 22, 15, 21]]"
12a_0938_130,"[[14, 22, 15, 21], [16, 3, 17, 4], [18, 12, 19, 11], [20, 14, 21, 13], [22, 6, 23, 5], [24, 8, 1, 7], [2, 10, 3, 9], [4, 15, 5, 16], [6, 2, 7, 1], [8, 24, 9, 23], [10, 20, 11, 19], [12, 18, 13, 17]]"
12a_0938_131,"[[12, 18, 13, 17], [14, 22, 15, 21], [16, 3, 17, 4], [18, 12, 19, 11], [20, 14, 21, 13], [22, 6, 23, 5], [24, 8, 1, 7], [2, 10, 3, 9], [4, 15, 5, 16], [6, 2, 7, 1], [8, 24, 9, 23], [10, 20, 11, 19]]"
12a_0938_132,"[[11, 21, 12, 20], [13, 19, 14, 18], [15, 23, 16, 22], [17, 4, 18, 5], [19, 13, 20, 12], [21, 15, 22, 14], [23, 7, 24, 6], [1, 9, 2, 8], [3, 11, 4, 10], [5, 16, 6, 17], [7, 3, 8, 2], [9, 1, 10, 24]]"
12a_0938_133,"[[9, 1, 10, 24], [11, 21, 12, 20], [13, 19, 14, 18], [15, 23, 16, 22], [17, 4, 18, 5], [19, 13, 20, 12], [21, 15, 22, 14], [23, 7, 24, 6], [1, 9, 2, 8], [3, 11, 4, 10], [5, 16, 6, 17], [7, 3, 8, 2]]"
12a_0938_134,"[[7, 3, 8, 2], [9, 1, 10, 24], [11, 21, 12, 20], [13, 19, 14, 18], [15, 23, 16, 22], [17, 4, 18, 5], [19, 13, 20, 12], [21, 15, 22, 14], [23, 7, 24, 6], [1, 9, 2, 8], [3, 11, 4, 10], [5, 16, 6, 17]]"
12a_0938_135,"[[5, 16, 6, 17], [7, 3, 8, 2], [9, 1, 10, 24], [11, 21, 12, 20], [13, 19, 14, 18], [15, 23, 16, 22], [17, 4, 18, 5], [19, 13, 20, 12], [21, 15, 22, 14], [23, 7, 24, 6], [1, 9, 2, 8], [3, 11, 4, 10]]"
12a_0938_136,"[[3, 11, 4, 10], [5, 16, 6, 17], [7, 3, 8, 2], [9, 1, 10, 24], [11, 21, 12, 20], [13, 19, 14, 18], [15, 23, 16, 22], [17, 4, 18, 5], [19, 13, 20, 12], [21, 15, 22, 14], [23, 7, 24, 6], [1, 9, 2, 8]]"
12a_0938_137,"[[1, 9, 2, 8], [3, 11, 4, 10], [5, 16, 6, 17], [7, 3, 8, 2], [9, 1, 10, 24], [11, 21, 12, 20], [13, 19, 14, 18], [15, 23, 16, 22], [17, 4, 18, 5], [19, 13, 20, 12], [21, 15, 22, 14], [23, 7, 24, 6]]"
12a_0938_138,"[[23, 7, 24, 6], [1, 9, 2, 8], [3, 11, 4, 10], [5, 16, 6, 17], [7, 3, 8, 2], [9, 1, 10, 24], [11, 21, 12, 20], [13, 19, 14, 18], [15, 23, 16, 22], [17, 4, 18, 5], [19, 13, 20, 12], [21, 15, 22, 14]]"
12a_0938_139,"[[21, 15, 22, 14], [23, 7, 24, 6], [1, 9, 2, 8], [3, 11, 4, 10], [5, 16, 6, 17], [7, 3, 8, 2], [9, 1, 10, 24], [11, 21, 12, 20], [13, 19, 14, 18], [15, 23, 16, 22], [17, 4, 18, 5], [19, 13, 20, 12]]"
12a_0938_140,"[[19, 13, 20, 12], [21, 15, 22, 14], [23, 7, 24, 6], [1, 9, 2, 8], [3, 11, 4, 10], [5, 16, 6, 17], [7, 3, 8, 2], [9, 1, 10, 24], [11, 21, 12, 20], [13, 19, 14, 18], [15, 23, 16, 22], [17, 4, 18, 5]]"
12a_0938_141,"[[17, 4, 18, 5], [19, 13, 20, 12], [21, 15, 22, 14], [23, 7, 24, 6], [1, 9, 2, 8], [3, 11, 4, 10], [5, 16, 6, 17], [7, 3, 8, 2], [9, 1, 10, 24], [11, 21, 12, 20], [13, 19, 14, 18], [15, 23, 16, 22]]"
12a_0938_142,"[[15, 23, 16, 22], [17, 4, 18, 5], [19, 13, 20, 12], [21, 15, 22, 14], [23, 7, 24, 6], [1, 9, 2, 8], [3, 11, 4, 10], [5, 16, 6, 17], [7, 3, 8, 2], [9, 1, 10, 24], [11, 21, 12, 20], [13, 19, 14, 18]]"
12a_0938_143,"[[13, 19, 14, 18], [15, 23, 16, 22], [17, 4, 18, 5], [19, 13, 20, 12], [21, 15, 22, 14], [23, 7, 24, 6], [1, 9, 2, 8], [3, 11, 4, 10], [5, 16, 6, 17], [7, 3, 8, 2], [9, 1, 10, 24], [11, 21, 12, 20]]"
12a_0938_144,"[[12, 22, 13, 21], [14, 20, 15, 19], [16, 24, 17, 23], [18, 5, 19, 6], [20, 14, 21, 13], [22, 16, 23, 15], [24, 8, 1, 7], [2, 10, 3, 9], [4, 12, 5, 11], [6, 17, 7, 18], [8, 4, 9, 3], [10, 2, 11, 1]]"
12a_0938_145,"[[10, 2, 11, 1], [12, 22, 13, 21], [14, 20, 15, 19], [16, 24, 17, 23], [18, 5, 19, 6], [20, 14, 21, 13], [22, 16, 23, 15], [24, 8, 1, 7], [2, 10, 3, 9], [4, 12, 5, 11], [6, 17, 7, 18], [8, 4, 9, 3]]"
12a_0938_146,"[[8, 4, 9, 3], [10, 2, 11, 1], [12, 22, 13, 21], [14, 20, 15, 19], [16, 24, 17, 23], [18, 5, 19, 6], [20, 14, 21, 13], [22, 16, 23, 15], [24, 8, 1, 7], [2, 10, 3, 9], [4, 12, 5, 11], [6, 17, 7, 18]]"
12a_0938_147,"[[6, 17, 7, 18], [8, 4, 9, 3], [10, 2, 11, 1], [12, 22, 13, 21], [14, 20, 15, 19], [16, 24, 17, 23], [18, 5, 19, 6], [20, 14, 21, 13], [22, 16, 23, 15], [24, 8, 1, 7], [2, 10, 3, 9], [4, 12, 5, 11]]"
12a_0938_148,"[[4, 12, 5, 11], [6, 17, 7, 18], [8, 4, 9, 3], [10, 2, 11, 1], [12, 22, 13, 21], [14, 20, 15, 19], [16, 24, 17, 23], [18, 5, 19, 6], [20, 14, 21, 13], [22, 16, 23, 15], [24, 8, 1, 7], [2, 10, 3, 9]]"
12a_0938_149,"[[2, 10, 3, 9], [4, 12, 5, 11], [6, 17, 7, 18], [8, 4, 9, 3], [10, 2, 11, 1], [12, 22, 13, 21], [14, 20, 15, 19], [16, 24, 17, 23], [18, 5, 19, 6], [20, 14, 21, 13], [22, 16, 23, 15], [24, 8, 1, 7]]"
12a_0938_150,"[[24, 8, 1, 7], [2, 10, 3, 9], [4, 12, 5, 11], [6, 17, 7, 18], [8, 4, 9, 3], [10, 2, 11, 1], [12, 22, 13, 21], [14, 20, 15, 19], [16, 24, 17, 23], [18, 5, 19, 6], [20, 14, 21, 13], [22, 16, 23, 15]]"
12a_0938_151,"[[22, 16, 23, 15], [24, 8, 1, 7], [2, 10, 3, 9], [4, 12, 5, 11], [6, 17, 7, 18], [8, 4, 9, 3], [10, 2, 11, 1], [12, 22, 13, 21], [14, 20, 15, 19], [16, 24, 17, 23], [18, 5, 19, 6], [20, 14, 21, 13]]"
12a_0938_152,"[[20, 14, 21, 13], [22, 16, 23, 15], [24, 8, 1, 7], [2, 10, 3, 9], [4, 12, 5, 11], [6, 17, 7, 18], [8, 4, 9, 3], [10, 2, 11, 1], [12, 22, 13, 21], [14, 20, 15, 19], [16, 24, 17, 23], [18, 5, 19, 6]]"
12a_0938_153,"[[18, 5, 19, 6], [20, 14, 21, 13], [22, 16, 23, 15], [24, 8, 1, 7], [2, 10, 3, 9], [4, 12, 5, 11], [6, 17, 7, 18], [8, 4, 9, 3], [10, 2, 11, 1], [12, 22, 13, 21], [14, 20, 15, 19], [16, 24, 17, 23]]"
12a_0938_154,"[[16, 24, 17, 23], [18, 5, 19, 6], [20, 14, 21, 13], [22, 16, 23, 15], [24, 8, 1, 7], [2, 10, 3, 9], [4, 12, 5, 11], [6, 17, 7, 18], [8, 4, 9, 3], [10, 2, 11, 1], [12, 22, 13, 21], [14, 20, 15, 19]]"
12a_0938_155,"[[14, 20, 15, 19], [16, 24, 17, 23], [18, 5, 19, 6], [20, 14, 21, 13], [22, 16, 23, 15], [24, 8, 1, 7], [2, 10, 3, 9], [4, 12, 5, 11], [6, 17, 7, 18], [8, 4, 9, 3], [10, 2, 11, 1], [12, 22, 13, 21]]"
12a_0938_156,"[[13, 23, 14, 22], [15, 21, 16, 20], [17, 1, 18, 24], [19, 6, 20, 7], [21, 15, 22, 14], [23, 17, 24, 16], [1, 9, 2, 8], [3, 11, 4, 10], [5, 13, 6, 12], [7, 18, 8, 19], [9, 5, 10, 4], [11, 3, 12, 2]]"
12a_0938_157,"[[11, 3, 12, 2], [13, 23, 14, 22], [15, 21, 16, 20], [17, 1, 18, 24], [19, 6, 20, 7], [21, 15, 22, 14], [23, 17, 24, 16], [1, 9, 2, 8], [3, 11, 4, 10], [5, 13, 6, 12], [7, 18, 8, 19], [9, 5, 10, 4]]"
12a_0938_158,"[[9, 5, 10, 4], [11, 3, 12, 2], [13, 23, 14, 22], [15, 21, 16, 20], [17, 1, 18, 24], [19, 6, 20, 7], [21, 15, 22, 14], [23, 17, 24, 16], [1, 9, 2, 8], [3, 11, 4, 10], [5, 13, 6, 12], [7, 18, 8, 19]]"
12a_0938_159,"[[7, 18, 8, 19], [9, 5, 10, 4], [11, 3, 12, 2], [13, 23, 14, 22], [15, 21, 16, 20], [17, 1, 18, 24], [19, 6, 20, 7], [21, 15, 22, 14], [23, 17, 24, 16], [1, 9, 2, 8], [3, 11, 4, 10], [5, 13, 6, 12]]"
12a_0938_160,"[[5, 13, 6, 12], [7, 18, 8, 19], [9, 5, 10, 4], [11, 3, 12, 2], [13, 23, 14, 22], [15, 21, 16, 20], [17, 1, 18, 24], [19, 6, 20, 7], [21, 15, 22, 14], [23, 17, 24, 16], [1, 9, 2, 8], [3, 11, 4, 10]]"
12a_0938_161,"[[3, 11, 4, 10], [5, 13, 6, 12], [7, 18, 8, 19], [9, 5, 10, 4], [11, 3, 12, 2], [13, 23, 14, 22], [15, 21, 16, 20], [17, 1, 18, 24], [19, 6, 20, 7], [21, 15, 22, 14], [23, 17, 24, 16], [1, 9, 2, 8]]"
12a_0938_162,"[[1, 9, 2, 8], [3, 11, 4, 10], [5, 13, 6, 12], [7, 18, 8, 19], [9, 5, 10, 4], [11, 3, 12, 2], [13, 23, 14, 22], [15, 21, 16, 20], [17, 1, 18, 24], [19, 6, 20, 7], [21, 15, 22, 14], [23, 17, 24, 16]]"
12a_0938_163,"[[23, 17, 24, 16], [1, 9, 2, 8], [3, 11, 4, 10], [5, 13, 6, 12], [7, 18, 8, 19], [9, 5, 10, 4], [11, 3, 12, 2], [13, 23, 14, 22], [15, 21, 16, 20], [17, 1, 18, 24], [19, 6, 20, 7], [21, 15, 22, 14]]"
12a_0938_164,"[[21, 15, 22, 14], [23, 17, 24, 16], [1, 9, 2, 8], [3, 11, 4, 10], [5, 13, 6, 12], [7, 18, 8, 19], [9, 5, 10, 4], [11, 3, 12, 2], [13, 23, 14, 22], [15, 21, 16, 20], [17, 1, 18, 24], [19, 6, 20, 7]]"
12a_0938_165,"[[19, 6, 20, 7], [21, 15, 22, 14], [23, 17, 24, 16], [1, 9, 2, 8], [3, 11, 4, 10], [5, 13, 6, 12], [7, 18, 8, 19], [9, 5, 10, 4], [11, 3, 12, 2], [13, 23, 14, 22], [15, 21, 16, 20], [17, 1, 18, 24]]"
12a_0938_166,"[[17, 1, 18, 24], [19, 6, 20, 7], [21, 15, 22, 14], [23, 17, 24, 16], [1, 9, 2, 8], [3, 11, 4, 10], [5, 13, 6, 12], [7, 18, 8, 19], [9, 5, 10, 4], [11, 3, 12, 2], [13, 23, 14, 22], [15, 21, 16, 20]]"
12a_0938_167,"[[15, 21, 16, 20], [17, 1, 18, 24], [19, 6, 20, 7], [21, 15, 22, 14], [23, 17, 24, 16], [1, 9, 2, 8], [3, 11, 4, 10], [5, 13, 6, 12], [7, 18, 8, 19], [9, 5, 10, 4], [11, 3, 12, 2], [13, 23, 14, 22]]"
12a_0938_168,"[[14, 24, 15, 23], [16, 22, 17, 21], [18, 2, 19, 1], [20, 7, 21, 8], [22, 16, 23, 15], [24, 18, 1, 17], [2, 10, 3, 9], [4, 12, 5, 11], [6, 14, 7, 13], [8, 19, 9, 20], [10, 6, 11, 5], [12, 4, 13, 3]]"
12a_0938_169,"[[12, 4, 13, 3], [14, 24, 15, 23], [16, 22, 17, 21], [18, 2, 19, 1], [20, 7, 21, 8], [22, 16, 23, 15], [24, 18, 1, 17], [2, 10, 3, 9], [4, 12, 5, 11], [6, 14, 7, 13], [8, 19, 9, 20], [10, 6, 11, 5]]"
12a_0938_170,"[[10, 6, 11, 5], [12, 4, 13, 3], [14, 24, 15, 23], [16, 22, 17, 21], [18, 2, 19, 1], [20, 7, 21, 8], [22, 16, 23, 15], [24, 18, 1, 17], [2, 10, 3, 9], [4, 12, 5, 11], [6, 14, 7, 13], [8, 19, 9, 20]]"
12a_0938_171,"[[8, 19, 9, 20], [10, 6, 11, 5], [12, 4, 13, 3], [14, 24, 15, 23], [16, 22, 17, 21], [18, 2, 19, 1], [20, 7, 21, 8], [22, 16, 23, 15], [24, 18, 1, 17], [2, 10, 3, 9], [4, 12, 5, 11], [6, 14, 7, 13]]"
12a_0938_172,"[[6, 14, 7, 13], [8, 19, 9, 20], [10, 6, 11, 5], [12, 4, 13, 3], [14, 24, 15, 23], [16, 22, 17, 21], [18, 2, 19, 1], [20, 7, 21, 8], [22, 16, 23, 15], [24, 18, 1, 17], [2, 10, 3, 9], [4, 12, 5, 11]]"
12a_0938_173,"[[4, 12, 5, 11], [6, 14, 7, 13], [8, 19, 9, 20], [10, 6, 11, 5], [12, 4, 13, 3], [14, 24, 15, 23], [16, 22, 17, 21], [18, 2, 19, 1], [20, 7, 21, 8], [22, 16, 23, 15], [24, 18, 1, 17], [2, 10, 3, 9]]"
12a_0938_174,"[[2, 10, 3, 9], [4, 12, 5, 11], [6, 14, 7, 13], [8, 19, 9, 20], [10, 6, 11, 5], [12, 4, 13, 3], [14, 24, 15, 23], [16, 22, 17, 21], [18, 2, 19, 1], [20, 7, 21, 8], [22, 16, 23, 15], [24, 18, 1, 17]]"
12a_0938_175,"[[24, 18, 1, 17], [2, 10, 3, 9], [4, 12, 5, 11], [6, 14, 7, 13], [8, 19, 9, 20], [10, 6, 11, 5], [12, 4, 13, 3], [14, 24, 15, 23], [16, 22, 17, 21], [18, 2, 19, 1], [20, 7, 21, 8], [22, 16, 23, 15]]"
12a_0938_176,"[[22, 16, 23, 15], [24, 18, 1, 17], [2, 10, 3, 9], [4, 12, 5, 11], [6, 14, 7, 13], [8, 19, 9, 20], [10, 6, 11, 5], [12, 4, 13, 3], [14, 24, 15, 23], [16, 22, 17, 21], [18, 2, 19, 1], [20, 7, 21, 8]]"
12a_0938_177,"[[20, 7, 21, 8], [22, 16, 23, 15], [24, 18, 1, 17], [2, 10, 3, 9], [4, 12, 5, 11], [6, 14, 7, 13], [8, 19, 9, 20], [10, 6, 11, 5], [12, 4, 13, 3], [14, 24, 15, 23], [16, 22, 17, 21], [18, 2, 19, 1]]"
12a_0938_178,"[[18, 2, 19, 1], [20, 7, 21, 8], [22, 16, 23, 15], [24, 18, 1, 17], [2, 10, 3, 9], [4, 12, 5, 11], [6, 14, 7, 13], [8, 19, 9, 20], [10, 6, 11, 5], [12, 4, 13, 3], [14, 24, 15, 23], [16, 22, 17, 21]]"
12a_0938_179,"[[16, 22, 17, 21], [18, 2, 19, 1], [20, 7, 21, 8], [22, 16, 23, 15], [24, 18, 1, 17], [2, 10, 3, 9], [4, 12, 5, 11], [6, 14, 7, 13], [8, 19, 9, 20], [10, 6, 11, 5], [12, 4, 13, 3], [14, 24, 15, 23]]"
12a_0938_180,"[[15, 1, 16, 24], [17, 23, 18, 22], [19, 3, 20, 2], [21, 8, 22, 9], [23, 17, 24, 16], [1, 19, 2, 18], [3, 11, 4, 10], [5, 13, 6, 12], [7, 15, 8, 14], [9, 20, 10, 21], [11, 7, 12, 6], [13, 5, 14, 4]]"
12a_0938_181,"[[13, 5, 14, 4], [15, 1, 16, 24], [17, 23, 18, 22], [19, 3, 20, 2], [21, 8, 22, 9], [23, 17, 24, 16], [1, 19, 2, 18], [3, 11, 4, 10], [5, 13, 6, 12], [7, 15, 8, 14], [9, 20, 10, 21], [11, 7, 12, 6]]"
12a_0938_182,"[[11, 7, 12, 6], [13, 5, 14, 4], [15, 1, 16, 24], [17, 23, 18, 22], [19, 3, 20, 2], [21, 8, 22, 9], [23, 17, 24, 16], [1, 19, 2, 18], [3, 11, 4, 10], [5, 13, 6, 12], [7, 15, 8, 14], [9, 20, 10, 21]]"
12a_0938_183,"[[9, 20, 10, 21], [11, 7, 12, 6], [13, 5, 14, 4], [15, 1, 16, 24], [17, 23, 18, 22], [19, 3, 20, 2], [21, 8, 22, 9], [23, 17, 24, 16], [1, 19, 2, 18], [3, 11, 4, 10], [5, 13, 6, 12], [7, 15, 8, 14]]"
12a_0938_184,"[[7, 15, 8, 14], [9, 20, 10, 21], [11, 7, 12, 6], [13, 5, 14, 4], [15, 1, 16, 24], [17, 23, 18, 22], [19, 3, 20, 2], [21, 8, 22, 9], [23, 17, 24, 16], [1, 19, 2, 18], [3, 11, 4, 10], [5, 13, 6, 12]]"
12a_0938_185,"[[5, 13, 6, 12], [7, 15, 8, 14], [9, 20, 10, 21], [11, 7, 12, 6], [13, 5, 14, 4], [15, 1, 16, 24], [17, 23, 18, 22], [19, 3, 20, 2], [21, 8, 22, 9], [23, 17, 24, 16], [1, 19, 2, 18], [3, 11, 4, 10]]"
