name,pd_notation
12a_0086_0,"[[24, 19, 1, 20], [2, 6, 3, 5], [4, 10, 5, 9], [6, 15, 7, 16], [8, 4, 9, 3], [10, 17, 11, 18], [12, 21, 13, 22], [14, 23, 15, 24], [16, 7, 17, 8], [18, 1, 19, 2], [20, 13, 21, 14], [22, 11, 23, 12]]"
12a_0086_1,"[[22, 11, 23, 12], [24, 19, 1, 20], [2, 6, 3, 5], [4, 10, 5, 9], [6, 15, 7, 16], [8, 4, 9, 3], [10, 17, 11, 18], [12, 21, 13, 22], [14, 23, 15, 24], [16, 7, 17, 8], [18, 1, 19, 2], [20, 13, 21, 14]]"
12a_0086_2,"[[20, 13, 21, 14], [22, 11, 23, 12], [24, 19, 1, 20], [2, 6, 3, 5], [4, 10, 5, 9], [6, 15, 7, 16], [8, 4, 9, 3], [10, 17, 11, 18], [12, 21, 13, 22], [14, 23, 15, 24], [16, 7, 17, 8], [18, 1, 19, 2]]"
12a_0086_3,"[[18, 1, 19, 2], [20, 13, 21, 14], [22, 11, 23, 12], [24, 19, 1, 20], [2, 6, 3, 5], [4, 10, 5, 9], [6, 15, 7, 16], [8, 4, 9, 3], [10, 17, 11, 18], [12, 21, 13, 22], [14, 23, 15, 24], [16, 7, 17, 8]]"
12a_0086_4,"[[16, 7, 17, 8], [18, 1, 19, 2], [20, 13, 21, 14], [22, 11, 23, 12], [24, 19, 1, 20], [2, 6, 3, 5], [4, 10, 5, 9], [6, 15, 7, 16], [8, 4, 9, 3], [10, 17, 11, 18], [12, 21, 13, 22], [14, 23, 15, 24]]"
12a_0086_5,"[[14, 23, 15, 24], [16, 7, 17, 8], [18, 1, 19, 2], [20, 13, 21, 14], [22, 11, 23, 12], [24, 19, 1, 20], [2, 6, 3, 5], [4, 10, 5, 9], [6, 15, 7, 16], [8, 4, 9, 3], [10, 17, 11, 18], [12, 21, 13, 22]]"
12a_0086_6,"[[12, 21, 13, 22], [14, 23, 15, 24], [16, 7, 17, 8], [18, 1, 19, 2], [20, 13, 21, 14], [22, 11, 23, 12], [24, 19, 1, 20], [2, 6, 3, 5], [4, 10, 5, 9], [6, 15, 7, 16], [8, 4, 9, 3], [10, 17, 11, 18]]"
12a_0086_7,"[[10, 17, 11, 18], [12, 21, 13, 22], [14, 23, 15, 24], [16, 7, 17, 8], [18, 1, 19, 2], [20, 13, 21, 14], [22, 11, 23, 12], [24, 19, 1, 20], [2, 6, 3, 5], [4, 10, 5, 9], [6, 15, 7, 16], [8, 4, 9, 3]]"
12a_0086_8,"[[8, 4, 9, 3], [10, 17, 11, 18], [12, 21, 13, 22], [14, 23, 15, 24], [16, 7, 17, 8], [18, 1, 19, 2], [20, 13, 21, 14], [22, 11, 23, 12], [24, 19, 1, 20], [2, 6, 3, 5], [4, 10, 5, 9], [6, 15, 7, 16]]"
12a_0086_9,"[[6, 15, 7, 16], [8, 4, 9, 3], [10, 17, 11, 18], [12, 21, 13, 22], [14, 23, 15, 24], [16, 7, 17, 8], [18, 1, 19, 2], [20, 13, 21, 14], [22, 11, 23, 12], [24, 19, 1, 20], [2, 6, 3, 5], [4, 10, 5, 9]]"
12a_0086_10,"[[4, 10, 5, 9], [6, 15, 7, 16], [8, 4, 9, 3], [10, 17, 11, 18], [12, 21, 13, 22], [14, 23, 15, 24], [16, 7, 17, 8], [18, 1, 19, 2], [20, 13, 21, 14], [22, 11, 23, 12], [24, 19, 1, 20], [2, 6, 3, 5]]"
12a_0086_11,"[[2, 6, 3, 5], [4, 10, 5, 9], [6, 15, 7, 16], [8, 4, 9, 3], [10, 17, 11, 18], [12, 21, 13, 22], [14, 23, 15, 24], [16, 7, 17, 8], [18, 1, 19, 2], [20, 13, 21, 14], [22, 11, 23, 12], [24, 19, 1, 20]]"
12a_0086_12,"[[1, 20, 2, 21], [3, 7, 4, 6], [5, 11, 6, 10], [7, 16, 8, 17], [9, 5, 10, 4], [11, 18, 12, 19], [13, 22, 14, 23], [15, 24, 16, 1], [17, 8, 18, 9], [19, 2, 20, 3], [21, 14, 22, 15], [23, 12, 24, 13]]"
12a_0086_13,"[[23, 12, 24, 13], [1, 20, 2, 21], [3, 7, 4, 6], [5, 11, 6, 10], [7, 16, 8, 17], [9, 5, 10, 4], [11, 18, 12, 19], [13, 22, 14, 23], [15, 24, 16, 1], [17, 8, 18, 9], [19, 2, 20, 3], [21, 14, 22, 15]]"
12a_0086_14,"[[21, 14, 22, 15], [23, 12, 24, 13], [1, 20, 2, 21], [3, 7, 4, 6], [5, 11, 6, 10], [7, 16, 8, 17], [9, 5, 10, 4], [11, 18, 12, 19], [13, 22, 14, 23], [15, 24, 16, 1], [17, 8, 18, 9], [19, 2, 20, 3]]"
12a_0086_15,"[[19, 2, 20, 3], [21, 14, 22, 15], [23, 12, 24, 13], [1, 20, 2, 21], [3, 7, 4, 6], [5, 11, 6, 10], [7, 16, 8, 17], [9, 5, 10, 4], [11, 18, 12, 19], [13, 22, 14, 23], [15, 24, 16, 1], [17, 8, 18, 9]]"
12a_0086_16,"[[17, 8, 18, 9], [19, 2, 20, 3], [21, 14, 22, 15], [23, 12, 24, 13], [1, 20, 2, 21], [3, 7, 4, 6], [5, 11, 6, 10], [7, 16, 8, 17], [9, 5, 10, 4], [11, 18, 12, 19], [13, 22, 14, 23], [15, 24, 16, 1]]"
12a_0086_17,"[[15, 24, 16, 1], [17, 8, 18, 9], [19, 2, 20, 3], [21, 14, 22, 15], [23, 12, 24, 13], [1, 20, 2, 21], [3, 7, 4, 6], [5, 11, 6, 10], [7, 16, 8, 17], [9, 5, 10, 4], [11, 18, 12, 19], [13, 22, 14, 23]]"
12a_0086_18,"[[13, 22, 14, 23], [15, 24, 16, 1], [17, 8, 18, 9], [19, 2, 20, 3], [21, 14, 22, 15], [23, 12, 24, 13], [1, 20, 2, 21], [3, 7, 4, 6], [5, 11, 6, 10], [7, 16, 8, 17], [9, 5, 10, 4], [11, 18, 12, 19]]"
12a_0086_19,"[[11, 18, 12, 19], [13, 22, 14, 23], [15, 24, 16, 1], [17, 8, 18, 9], [19, 2, 20, 3], [21, 14, 22, 15], [23, 12, 24, 13], [1, 20, 2, 21], [3, 7, 4, 6], [5, 11, 6, 10], [7, 16, 8, 17], [9, 5, 10, 4]]"
12a_0086_20,"[[9, 5, 10, 4], [11, 18, 12, 19], [13, 22, 14, 23], [15, 24, 16, 1], [17, 8, 18, 9], [19, 2, 20, 3], [21, 14, 22, 15], [23, 12, 24, 13], [1, 20, 2, 21], [3, 7, 4, 6], [5, 11, 6, 10], [7, 16, 8, 17]]"
12a_0086_21,"[[7, 16, 8, 17], [9, 5, 10, 4], [11, 18, 12, 19], [13, 22, 14, 23], [15, 24, 16, 1], [17, 8, 18, 9], [19, 2, 20, 3], [21, 14, 22, 15], [23, 12, 24, 13], [1, 20, 2, 21], [3, 7, 4, 6], [5, 11, 6, 10]]"
12a_0086_22,"[[5, 11, 6, 10], [7, 16, 8, 17], [9, 5, 10, 4], [11, 18, 12, 19], [13, 22, 14, 23], [15, 24, 16, 1], [17, 8, 18, 9], [19, 2, 20, 3], [21, 14, 22, 15], [23, 12, 24, 13], [1, 20, 2, 21], [3, 7, 4, 6]]"
12a_0086_23,"[[3, 7, 4, 6], [5, 11, 6, 10], [7, 16, 8, 17], [9, 5, 10, 4], [11, 18, 12, 19], [13, 22, 14, 23], [15, 24, 16, 1], [17, 8, 18, 9], [19, 2, 20, 3], [21, 14, 22, 15], [23, 12, 24, 13], [1, 20, 2, 21]]"
12a_0086_24,"[[2, 21, 3, 22], [4, 8, 5, 7], [6, 12, 7, 11], [8, 17, 9, 18], [10, 6, 11, 5], [12, 19, 13, 20], [14, 23, 15, 24], [16, 1, 17, 2], [18, 9, 19, 10], [20, 3, 21, 4], [22, 15, 23, 16], [24, 13, 1, 14]]"
12a_0086_25,"[[24, 13, 1, 14], [2, 21, 3, 22], [4, 8, 5, 7], [6, 12, 7, 11], [8, 17, 9, 18], [10, 6, 11, 5], [12, 19, 13, 20], [14, 23, 15, 24], [16, 1, 17, 2], [18, 9, 19, 10], [20, 3, 21, 4], [22, 15, 23, 16]]"
12a_0086_26,"[[22, 15, 23, 16], [24, 13, 1, 14], [2, 21, 3, 22], [4, 8, 5, 7], [6, 12, 7, 11], [8, 17, 9, 18], [10, 6, 11, 5], [12, 19, 13, 20], [14, 23, 15, 24], [16, 1, 17, 2], [18, 9, 19, 10], [20, 3, 21, 4]]"
12a_0086_27,"[[20, 3, 21, 4], [22, 15, 23, 16], [24, 13, 1, 14], [2, 21, 3, 22], [4, 8, 5, 7], [6, 12, 7, 11], [8, 17, 9, 18], [10, 6, 11, 5], [12, 19, 13, 20], [14, 23, 15, 24], [16, 1, 17, 2], [18, 9, 19, 10]]"
12a_0086_28,"[[18, 9, 19, 10], [20, 3, 21, 4], [22, 15, 23, 16], [24, 13, 1, 14], [2, 21, 3, 22], [4, 8, 5, 7], [6, 12, 7, 11], [8, 17, 9, 18], [10, 6, 11, 5], [12, 19, 13, 20], [14, 23, 15, 24], [16, 1, 17, 2]]"
12a_0086_29,"[[16, 1, 17, 2], [18, 9, 19, 10], [20, 3, 21, 4], [22, 15, 23, 16], [24, 13, 1, 14], [2, 21, 3, 22], [4, 8, 5, 7], [6, 12, 7, 11], [8, 17, 9, 18], [10, 6, 11, 5], [12, 19, 13, 20], [14, 23, 15, 24]]"
12a_0086_30,"[[14, 23, 15, 24], [16, 1, 17, 2], [18, 9, 19, 10], [20, 3, 21, 4], [22, 15, 23, 16], [24, 13, 1, 14], [2, 21, 3, 22], [4, 8, 5, 7], [6, 12, 7, 11], [8, 17, 9, 18], [10, 6, 11, 5], [12, 19, 13, 20]]"
12a_0086_31,"[[12, 19, 13, 20], [14, 23, 15, 24], [16, 1, 17, 2], [18, 9, 19, 10], [20, 3, 21, 4], [22, 15, 23, 16], [24, 13, 1, 14], [2, 21, 3, 22], [4, 8, 5, 7], [6, 12, 7, 11], [8, 17, 9, 18], [10, 6, 11, 5]]"
12a_0086_32,"[[10, 6, 11, 5], [12, 19, 13, 20], [14, 23, 15, 24], [16, 1, 17, 2], [18, 9, 19, 10], [20, 3, 21, 4], [22, 15, 23, 16], [24, 13, 1, 14], [2, 21, 3, 22], [4, 8, 5, 7], [6, 12, 7, 11], [8, 17, 9, 18]]"
12a_0086_33,"[[8, 17, 9, 18], [10, 6, 11, 5], [12, 19, 13, 20], [14, 23, 15, 24], [16, 1, 17, 2], [18, 9, 19, 10], [20, 3, 21, 4], [22, 15, 23, 16], [24, 13, 1, 14], [2, 21, 3, 22], [4, 8, 5, 7], [6, 12, 7, 11]]"
12a_0086_34,"[[6, 12, 7, 11], [8, 17, 9, 18], [10, 6, 11, 5], [12, 19, 13, 20], [14, 23, 15, 24], [16, 1, 17, 2], [18, 9, 19, 10], [20, 3, 21, 4], [22, 15, 23, 16], [24, 13, 1, 14], [2, 21, 3, 22], [4, 8, 5, 7]]"
12a_0086_35,"[[4, 8, 5, 7], [6, 12, 7, 11], [8, 17, 9, 18], [10, 6, 11, 5], [12, 19, 13, 20], [14, 23, 15, 24], [16, 1, 17, 2], [18, 9, 19, 10], [20, 3, 21, 4], [22, 15, 23, 16], [24, 13, 1, 14], [2, 21, 3, 22]]"
12a_0086_36,"[[3, 22, 4, 23], [5, 9, 6, 8], [7, 13, 8, 12], [9, 18, 10, 19], [11, 7, 12, 6], [13, 20, 14, 21], [15, 24, 16, 1], [17, 2, 18, 3], [19, 10, 20, 11], [21, 4, 22, 5], [23, 16, 24, 17], [1, 14, 2, 15]]"
12a_0086_37,"[[1, 14, 2, 15], [3, 22, 4, 23], [5, 9, 6, 8], [7, 13, 8, 12], [9, 18, 10, 19], [11, 7, 12, 6], [13, 20, 14, 21], [15, 24, 16, 1], [17, 2, 18, 3], [19, 10, 20, 11], [21, 4, 22, 5], [23, 16, 24, 17]]"
12a_0086_38,"[[23, 16, 24, 17], [1, 14, 2, 15], [3, 22, 4, 23], [5, 9, 6, 8], [7, 13, 8, 12], [9, 18, 10, 19], [11, 7, 12, 6], [13, 20, 14, 21], [15, 24, 16, 1], [17, 2, 18, 3], [19, 10, 20, 11], [21, 4, 22, 5]]"
12a_0086_39,"[[21, 4, 22, 5], [23, 16, 24, 17], [1, 14, 2, 15], [3, 22, 4, 23], [5, 9, 6, 8], [7, 13, 8, 12], [9, 18, 10, 19], [11, 7, 12, 6], [13, 20, 14, 21], [15, 24, 16, 1], [17, 2, 18, 3], [19, 10, 20, 11]]"
12a_0086_40,"[[19, 10, 20, 11], [21, 4, 22, 5], [23, 16, 24, 17], [1, 14, 2, 15], [3, 22, 4, 23], [5, 9, 6, 8], [7, 13, 8, 12], [9, 18, 10, 19], [11, 7, 12, 6], [13, 20, 14, 21], [15, 24, 16, 1], [17, 2, 18, 3]]"
12a_0086_41,"[[17, 2, 18, 3], [19, 10, 20, 11], [21, 4, 22, 5], [23, 16, 24, 17], [1, 14, 2, 15], [3, 22, 4, 23], [5, 9, 6, 8], [7, 13, 8, 12], [9, 18, 10, 19], [11, 7, 12, 6], [13, 20, 14, 21], [15, 24, 16, 1]]"
12a_0086_42,"[[15, 24, 16, 1], [17, 2, 18, 3], [19, 10, 20, 11], [21, 4, 22, 5], [23, 16, 24, 17], [1, 14, 2, 15], [3, 22, 4, 23], [5, 9, 6, 8], [7, 13, 8, 12], [9, 18, 10, 19], [11, 7, 12, 6], [13, 20, 14, 21]]"
12a_0086_43,"[[13, 20, 14, 21], [15, 24, 16, 1], [17, 2, 18, 3], [19, 10, 20, 11], [21, 4, 22, 5], [23, 16, 24, 17], [1, 14, 2, 15], [3, 22, 4, 23], [5, 9, 6, 8], [7, 13, 8, 12], [9, 18, 10, 19], [11, 7, 12, 6]]"
12a_0086_44,"[[11, 7, 12, 6], [13, 20, 14, 21], [15, 24, 16, 1], [17, 2, 18, 3], [19, 10, 20, 11], [21, 4, 22, 5], [23, 16, 24, 17], [1, 14, 2, 15], [3, 22, 4, 23], [5, 9, 6, 8], [7, 13, 8, 12], [9, 18, 10, 19]]"
12a_0086_45,"[[9, 18, 10, 19], [11, 7, 12, 6], [13, 20, 14, 21], [15, 24, 16, 1], [17, 2, 18, 3], [19, 10, 20, 11], [21, 4, 22, 5], [23, 16, 24, 17], [1, 14, 2, 15], [3, 22, 4, 23], [5, 9, 6, 8], [7, 13, 8, 12]]"
12a_0086_46,"[[7, 13, 8, 12], [9, 18, 10, 19], [11, 7, 12, 6], [13, 20, 14, 21], [15, 24, 16, 1], [17, 2, 18, 3], [19, 10, 20, 11], [21, 4, 22, 5], [23, 16, 24, 17], [1, 14, 2, 15], [3, 22, 4, 23], [5, 9, 6, 8]]"
12a_0086_47,"[[5, 9, 6, 8], [7, 13, 8, 12], [9, 18, 10, 19], [11, 7, 12, 6], [13, 20, 14, 21], [15, 24, 16, 1], [17, 2, 18, 3], [19, 10, 20, 11], [21, 4, 22, 5], [23, 16, 24, 17], [1, 14, 2, 15], [3, 22, 4, 23]]"
12a_0086_48,"[[4, 23, 5, 24], [6, 10, 7, 9], [8, 14, 9, 13], [10, 19, 11, 20], [12, 8, 13, 7], [14, 21, 15, 22], [16, 1, 17, 2], [18, 3, 19, 4], [20, 11, 21, 12], [22, 5, 23, 6], [24, 17, 1, 18], [2, 15, 3, 16]]"
12a_0086_49,"[[2, 15, 3, 16], [4, 23, 5, 24], [6, 10, 7, 9], [8, 14, 9, 13], [10, 19, 11, 20], [12, 8, 13, 7], [14, 21, 15, 22], [16, 1, 17, 2], [18, 3, 19, 4], [20, 11, 21, 12], [22, 5, 23, 6], [24, 17, 1, 18]]"
12a_0086_50,"[[24, 17, 1, 18], [2, 15, 3, 16], [4, 23, 5, 24], [6, 10, 7, 9], [8, 14, 9, 13], [10, 19, 11, 20], [12, 8, 13, 7], [14, 21, 15, 22], [16, 1, 17, 2], [18, 3, 19, 4], [20, 11, 21, 12], [22, 5, 23, 6]]"
12a_0086_51,"[[22, 5, 23, 6], [24, 17, 1, 18], [2, 15, 3, 16], [4, 23, 5, 24], [6, 10, 7, 9], [8, 14, 9, 13], [10, 19, 11, 20], [12, 8, 13, 7], [14, 21, 15, 22], [16, 1, 17, 2], [18, 3, 19, 4], [20, 11, 21, 12]]"
12a_0086_52,"[[20, 11, 21, 12], [22, 5, 23, 6], [24, 17, 1, 18], [2, 15, 3, 16], [4, 23, 5, 24], [6, 10, 7, 9], [8, 14, 9, 13], [10, 19, 11, 20], [12, 8, 13, 7], [14, 21, 15, 22], [16, 1, 17, 2], [18, 3, 19, 4]]"
12a_0086_53,"[[18, 3, 19, 4], [20, 11, 21, 12], [22, 5, 23, 6], [24, 17, 1, 18], [2, 15, 3, 16], [4, 23, 5, 24], [6, 10, 7, 9], [8, 14, 9, 13], [10, 19, 11, 20], [12, 8, 13, 7], [14, 21, 15, 22], [16, 1, 17, 2]]"
12a_0086_54,"[[16, 1, 17, 2], [18, 3, 19, 4], [20, 11, 21, 12], [22, 5, 23, 6], [24, 17, 1, 18], [2, 15, 3, 16], [4, 23, 5, 24], [6, 10, 7, 9], [8, 14, 9, 13], [10, 19, 11, 20], [12, 8, 13, 7], [14, 21, 15, 22]]"
12a_0086_55,"[[14, 21, 15, 22], [16, 1, 17, 2], [18, 3, 19, 4], [20, 11, 21, 12], [22, 5, 23, 6], [24, 17, 1, 18], [2, 15, 3, 16], [4, 23, 5, 24], [6, 10, 7, 9], [8, 14, 9, 13], [10, 19, 11, 20], [12, 8, 13, 7]]"
12a_0086_56,"[[12, 8, 13, 7], [14, 21, 15, 22], [16, 1, 17, 2], [18, 3, 19, 4], [20, 11, 21, 12], [22, 5, 23, 6], [24, 17, 1, 18], [2, 15, 3, 16], [4, 23, 5, 24], [6, 10, 7, 9], [8, 14, 9, 13], [10, 19, 11, 20]]"
12a_0086_57,"[[10, 19, 11, 20], [12, 8, 13, 7], [14, 21, 15, 22], [16, 1, 17, 2], [18, 3, 19, 4], [20, 11, 21, 12], [22, 5, 23, 6], [24, 17, 1, 18], [2, 15, 3, 16], [4, 23, 5, 24], [6, 10, 7, 9], [8, 14, 9, 13]]"
12a_0086_58,"[[8, 14, 9, 13], [10, 19, 11, 20], [12, 8, 13, 7], [14, 21, 15, 22], [16, 1, 17, 2], [18, 3, 19, 4], [20, 11, 21, 12], [22, 5, 23, 6], [24, 17, 1, 18], [2, 15, 3, 16], [4, 23, 5, 24], [6, 10, 7, 9]]"
12a_0086_59,"[[6, 10, 7, 9], [8, 14, 9, 13], [10, 19, 11, 20], [12, 8, 13, 7], [14, 21, 15, 22], [16, 1, 17, 2], [18, 3, 19, 4], [20, 11, 21, 12], [22, 5, 23, 6], [24, 17, 1, 18], [2, 15, 3, 16], [4, 23, 5, 24]]"
12a_0086_60,"[[5, 24, 6, 1], [7, 11, 8, 10], [9, 15, 10, 14], [11, 20, 12, 21], [13, 9, 14, 8], [15, 22, 16, 23], [17, 2, 18, 3], [19, 4, 20, 5], [21, 12, 22, 13], [23, 6, 24, 7], [1, 18, 2, 19], [3, 16, 4, 17]]"
12a_0086_61,"[[3, 16, 4, 17], [5, 24, 6, 1], [7, 11, 8, 10], [9, 15, 10, 14], [11, 20, 12, 21], [13, 9, 14, 8], [15, 22, 16, 23], [17, 2, 18, 3], [19, 4, 20, 5], [21, 12, 22, 13], [23, 6, 24, 7], [1, 18, 2, 19]]"
12a_0086_62,"[[1, 18, 2, 19], [3, 16, 4, 17], [5, 24, 6, 1], [7, 11, 8, 10], [9, 15, 10, 14], [11, 20, 12, 21], [13, 9, 14, 8], [15, 22, 16, 23], [17, 2, 18, 3], [19, 4, 20, 5], [21, 12, 22, 13], [23, 6, 24, 7]]"
12a_0086_63,"[[23, 6, 24, 7], [1, 18, 2, 19], [3, 16, 4, 17], [5, 24, 6, 1], [7, 11, 8, 10], [9, 15, 10, 14], [11, 20, 12, 21], [13, 9, 14, 8], [15, 22, 16, 23], [17, 2, 18, 3], [19, 4, 20, 5], [21, 12, 22, 13]]"
12a_0086_64,"[[21, 12, 22, 13], [23, 6, 24, 7], [1, 18, 2, 19], [3, 16, 4, 17], [5, 24, 6, 1], [7, 11, 8, 10], [9, 15, 10, 14], [11, 20, 12, 21], [13, 9, 14, 8], [15, 22, 16, 23], [17, 2, 18, 3], [19, 4, 20, 5]]"
12a_0086_65,"[[19, 4, 20, 5], [21, 12, 22, 13], [23, 6, 24, 7], [1, 18, 2, 19], [3, 16, 4, 17], [5, 24, 6, 1], [7, 11, 8, 10], [9, 15, 10, 14], [11, 20, 12, 21], [13, 9, 14, 8], [15, 22, 16, 23], [17, 2, 18, 3]]"
12a_0086_66,"[[17, 2, 18, 3], [19, 4, 20, 5], [21, 12, 22, 13], [23, 6, 24, 7], [1, 18, 2, 19], [3, 16, 4, 17], [5, 24, 6, 1], [7, 11, 8, 10], [9, 15, 10, 14], [11, 20, 12, 21], [13, 9, 14, 8], [15, 22, 16, 23]]"
12a_0086_67,"[[15, 22, 16, 23], [17, 2, 18, 3], [19, 4, 20, 5], [21, 12, 22, 13], [23, 6, 24, 7], [1, 18, 2, 19], [3, 16, 4, 17], [5, 24, 6, 1], [7, 11, 8, 10], [9, 15, 10, 14], [11, 20, 12, 21], [13, 9, 14, 8]]"
12a_0086_68,"[[13, 9, 14, 8], [15, 22, 16, 23], [17, 2, 18, 3], [19, 4, 20, 5], [21, 12, 22, 13], [23, 6, 24, 7], [1, 18, 2, 19], [3, 16, 4, 17], [5, 24, 6, 1], [7, 11, 8, 10], [9, 15, 10, 14], [11, 20, 12, 21]]"
12a_0086_69,"[[11, 20, 12, 21], [13, 9, 14, 8], [15, 22, 16, 23], [17, 2, 18, 3], [19, 4, 20, 5], [21, 12, 22, 13], [23, 6, 24, 7], [1, 18, 2, 19], [3, 16, 4, 17], [5, 24, 6, 1], [7, 11, 8, 10], [9, 15, 10, 14]]"
12a_0086_70,"[[9, 15, 10, 14], [11, 20, 12, 21], [13, 9, 14, 8], [15, 22, 16, 23], [17, 2, 18, 3], [19, 4, 20, 5], [21, 12, 22, 13], [23, 6, 24, 7], [1, 18, 2, 19], [3, 16, 4, 17], [5, 24, 6, 1], [7, 11, 8, 10]]"
12a_0086_71,"[[7, 11, 8, 10], [9, 15, 10, 14], [11, 20, 12, 21], [13, 9, 14, 8], [15, 22, 16, 23], [17, 2, 18, 3], [19, 4, 20, 5], [21, 12, 22, 13], [23, 6, 24, 7], [1, 18, 2, 19], [3, 16, 4, 17], [5, 24, 6, 1]]"
12a_0086_72,"[[6, 1, 7, 2], [8, 12, 9, 11], [10, 16, 11, 15], [12, 21, 13, 22], [14, 10, 15, 9], [16, 23, 17, 24], [18, 3, 19, 4], [20, 5, 21, 6], [22, 13, 23, 14], [24, 7, 1, 8], [2, 19, 3, 20], [4, 17, 5, 18]]"
12a_0086_73,"[[4, 17, 5, 18], [6, 1, 7, 2], [8, 12, 9, 11], [10, 16, 11, 15], [12, 21, 13, 22], [14, 10, 15, 9], [16, 23, 17, 24], [18, 3, 19, 4], [20, 5, 21, 6], [22, 13, 23, 14], [24, 7, 1, 8], [2, 19, 3, 20]]"
12a_0086_74,"[[2, 19, 3, 20], [4, 17, 5, 18], [6, 1, 7, 2], [8, 12, 9, 11], [10, 16, 11, 15], [12, 21, 13, 22], [14, 10, 15, 9], [16, 23, 17, 24], [18, 3, 19, 4], [20, 5, 21, 6], [22, 13, 23, 14], [24, 7, 1, 8]]"
12a_0086_75,"[[24, 7, 1, 8], [2, 19, 3, 20], [4, 17, 5, 18], [6, 1, 7, 2], [8, 12, 9, 11], [10, 16, 11, 15], [12, 21, 13, 22], [14, 10, 15, 9], [16, 23, 17, 24], [18, 3, 19, 4], [20, 5, 21, 6], [22, 13, 23, 14]]"
12a_0086_76,"[[22, 13, 23, 14], [24, 7, 1, 8], [2, 19, 3, 20], [4, 17, 5, 18], [6, 1, 7, 2], [8, 12, 9, 11], [10, 16, 11, 15], [12, 21, 13, 22], [14, 10, 15, 9], [16, 23, 17, 24], [18, 3, 19, 4], [20, 5, 21, 6]]"
12a_0086_77,"[[20, 5, 21, 6], [22, 13, 23, 14], [24, 7, 1, 8], [2, 19, 3, 20], [4, 17, 5, 18], [6, 1, 7, 2], [8, 12, 9, 11], [10, 16, 11, 15], [12, 21, 13, 22], [14, 10, 15, 9], [16, 23, 17, 24], [18, 3, 19, 4]]"
12a_0086_78,"[[18, 3, 19, 4], [20, 5, 21, 6], [22, 13, 23, 14], [24, 7, 1, 8], [2, 19, 3, 20], [4, 17, 5, 18], [6, 1, 7, 2], [8, 12, 9, 11], [10, 16, 11, 15], [12, 21, 13, 22], [14, 10, 15, 9], [16, 23, 17, 24]]"
12a_0086_79,"[[16, 23, 17, 24], [18, 3, 19, 4], [20, 5, 21, 6], [22, 13, 23, 14], [24, 7, 1, 8], [2, 19, 3, 20], [4, 17, 5, 18], [6, 1, 7, 2], [8, 12, 9, 11], [10, 16, 11, 15], [12, 21, 13, 22], [14, 10, 15, 9]]"
12a_0086_80,"[[14, 10, 15, 9], [16, 23, 17, 24], [18, 3, 19, 4], [20, 5, 21, 6], [22, 13, 23, 14], [24, 7, 1, 8], [2, 19, 3, 20], [4, 17, 5, 18], [6, 1, 7, 2], [8, 12, 9, 11], [10, 16, 11, 15], [12, 21, 13, 22]]"
12a_0086_81,"[[12, 21, 13, 22], [14, 10, 15, 9], [16, 23, 17, 24], [18, 3, 19, 4], [20, 5, 21, 6], [22, 13, 23, 14], [24, 7, 1, 8], [2, 19, 3, 20], [4, 17, 5, 18], [6, 1, 7, 2], [8, 12, 9, 11], [10, 16, 11, 15]]"
12a_0086_82,"[[10, 16, 11, 15], [12, 21, 13, 22], [14, 10, 15, 9], [16, 23, 17, 24], [18, 3, 19, 4], [20, 5, 21, 6], [22, 13, 23, 14], [24, 7, 1, 8], [2, 19, 3, 20], [4, 17, 5, 18], [6, 1, 7, 2], [8, 12, 9, 11]]"
12a_0086_83,"[[8, 12, 9, 11], [10, 16, 11, 15], [12, 21, 13, 22], [14, 10, 15, 9], [16, 23, 17, 24], [18, 3, 19, 4], [20, 5, 21, 6], [22, 13, 23, 14], [24, 7, 1, 8], [2, 19, 3, 20], [4, 17, 5, 18], [6, 1, 7, 2]]"
12a_0086_84,"[[7, 2, 8, 3], [9, 13, 10, 12], [11, 17, 12, 16], [13, 22, 14, 23], [15, 11, 16, 10], [17, 24, 18, 1], [19, 4, 20, 5], [21, 6, 22, 7], [23, 14, 24, 15], [1, 8, 2, 9], [3, 20, 4, 21], [5, 18, 6, 19]]"
12a_0086_85,"[[5, 18, 6, 19], [7, 2, 8, 3], [9, 13, 10, 12], [11, 17, 12, 16], [13, 22, 14, 23], [15, 11, 16, 10], [17, 24, 18, 1], [19, 4, 20, 5], [21, 6, 22, 7], [23, 14, 24, 15], [1, 8, 2, 9], [3, 20, 4, 21]]"
12a_0086_86,"[[3, 20, 4, 21], [5, 18, 6, 19], [7, 2, 8, 3], [9, 13, 10, 12], [11, 17, 12, 16], [13, 22, 14, 23], [15, 11, 16, 10], [17, 24, 18, 1], [19, 4, 20, 5], [21, 6, 22, 7], [23, 14, 24, 15], [1, 8, 2, 9]]"
12a_0086_87,"[[1, 8, 2, 9], [3, 20, 4, 21], [5, 18, 6, 19], [7, 2, 8, 3], [9, 13, 10, 12], [11, 17, 12, 16], [13, 22, 14, 23], [15, 11, 16, 10], [17, 24, 18, 1], [19, 4, 20, 5], [21, 6, 22, 7], [23, 14, 24, 15]]"
12a_0086_88,"[[23, 14, 24, 15], [1, 8, 2, 9], [3, 20, 4, 21], [5, 18, 6, 19], [7, 2, 8, 3], [9, 13, 10, 12], [11, 17, 12, 16], [13, 22, 14, 23], [15, 11, 16, 10], [17, 24, 18, 1], [19, 4, 20, 5], [21, 6, 22, 7]]"
12a_0086_89,"[[21, 6, 22, 7], [23, 14, 24, 15], [1, 8, 2, 9], [3, 20, 4, 21], [5, 18, 6, 19], [7, 2, 8, 3], [9, 13, 10, 12], [11, 17, 12, 16], [13, 22, 14, 23], [15, 11, 16, 10], [17, 24, 18, 1], [19, 4, 20, 5]]"
12a_0086_90,"[[19, 4, 20, 5], [21, 6, 22, 7], [23, 14, 24, 15], [1, 8, 2, 9], [3, 20, 4, 21], [5, 18, 6, 19], [7, 2, 8, 3], [9, 13, 10, 12], [11, 17, 12, 16], [13, 22, 14, 23], [15, 11, 16, 10], [17, 24, 18, 1]]"
12a_0086_91,"[[17, 24, 18, 1], [19, 4, 20, 5], [21, 6, 22, 7], [23, 14, 24, 15], [1, 8, 2, 9], [3, 20, 4, 21], [5, 18, 6, 19], [7, 2, 8, 3], [9, 13, 10, 12], [11, 17, 12, 16], [13, 22, 14, 23], [15, 11, 16, 10]]"
12a_0086_92,"[[15, 11, 16, 10], [17, 24, 18, 1], [19, 4, 20, 5], [21, 6, 22, 7], [23, 14, 24, 15], [1, 8, 2, 9], [3, 20, 4, 21], [5, 18, 6, 19], [7, 2, 8, 3], [9, 13, 10, 12], [11, 17, 12, 16], [13, 22, 14, 23]]"
12a_0086_93,"[[13, 22, 14, 23], [15, 11, 16, 10], [17, 24, 18, 1], [19, 4, 20, 5], [21, 6, 22, 7], [23, 14, 24, 15], [1, 8, 2, 9], [3, 20, 4, 21], [5, 18, 6, 19], [7, 2, 8, 3], [9, 13, 10, 12], [11, 17, 12, 16]]"
12a_0086_94,"[[11, 17, 12, 16], [13, 22, 14, 23], [15, 11, 16, 10], [17, 24, 18, 1], [19, 4, 20, 5], [21, 6, 22, 7], [23, 14, 24, 15], [1, 8, 2, 9], [3, 20, 4, 21], [5, 18, 6, 19], [7, 2, 8, 3], [9, 13, 10, 12]]"
12a_0086_95,"[[9, 13, 10, 12], [11, 17, 12, 16], [13, 22, 14, 23], [15, 11, 16, 10], [17, 24, 18, 1], [19, 4, 20, 5], [21, 6, 22, 7], [23, 14, 24, 15], [1, 8, 2, 9], [3, 20, 4, 21], [5, 18, 6, 19], [7, 2, 8, 3]]"
12a_0086_96,"[[8, 3, 9, 4], [10, 14, 11, 13], [12, 18, 13, 17], [14, 23, 15, 24], [16, 12, 17, 11], [18, 1, 19, 2], [20, 5, 21, 6], [22, 7, 23, 8], [24, 15, 1, 16], [2, 9, 3, 10], [4, 21, 5, 22], [6, 19, 7, 20]]"
12a_0086_97,"[[6, 19, 7, 20], [8, 3, 9, 4], [10, 14, 11, 13], [12, 18, 13, 17], [14, 23, 15, 24], [16, 12, 17, 11], [18, 1, 19, 2], [20, 5, 21, 6], [22, 7, 23, 8], [24, 15, 1, 16], [2, 9, 3, 10], [4, 21, 5, 22]]"
12a_0086_98,"[[4, 21, 5, 22], [6, 19, 7, 20], [8, 3, 9, 4], [10, 14, 11, 13], [12, 18, 13, 17], [14, 23, 15, 24], [16, 12, 17, 11], [18, 1, 19, 2], [20, 5, 21, 6], [22, 7, 23, 8], [24, 15, 1, 16], [2, 9, 3, 10]]"
12a_0086_99,"[[2, 9, 3, 10], [4, 21, 5, 22], [6, 19, 7, 20], [8, 3, 9, 4], [10, 14, 11, 13], [12, 18, 13, 17], [14, 23, 15, 24], [16, 12, 17, 11], [18, 1, 19, 2], [20, 5, 21, 6], [22, 7, 23, 8], [24, 15, 1, 16]]"
12a_0086_100,"[[24, 15, 1, 16], [2, 9, 3, 10], [4, 21, 5, 22], [6, 19, 7, 20], [8, 3, 9, 4], [10, 14, 11, 13], [12, 18, 13, 17], [14, 23, 15, 24], [16, 12, 17, 11], [18, 1, 19, 2], [20, 5, 21, 6], [22, 7, 23, 8]]"
12a_0086_101,"[[22, 7, 23, 8], [24, 15, 1, 16], [2, 9, 3, 10], [4, 21, 5, 22], [6, 19, 7, 20], [8, 3, 9, 4], [10, 14, 11, 13], [12, 18, 13, 17], [14, 23, 15, 24], [16, 12, 17, 11], [18, 1, 19, 2], [20, 5, 21, 6]]"
12a_0086_102,"[[20, 5, 21, 6], [22, 7, 23, 8], [24, 15, 1, 16], [2, 9, 3, 10], [4, 21, 5, 22], [6, 19, 7, 20], [8, 3, 9, 4], [10, 14, 11, 13], [12, 18, 13, 17], [14, 23, 15, 24], [16, 12, 17, 11], [18, 1, 19, 2]]"
12a_0086_103,"[[18, 1, 19, 2], [20, 5, 21, 6], [22, 7, 23, 8], [24, 15, 1, 16], [2, 9, 3, 10], [4, 21, 5, 22], [6, 19, 7, 20], [8, 3, 9, 4], [10, 14, 11, 13], [12, 18, 13, 17], [14, 23, 15, 24], [16, 12, 17, 11]]"
12a_0086_104,"[[16, 12, 17, 11], [18, 1, 19, 2], [20, 5, 21, 6], [22, 7, 23, 8], [24, 15, 1, 16], [2, 9, 3, 10], [4, 21, 5, 22], [6, 19, 7, 20], [8, 3, 9, 4], [10, 14, 11, 13], [12, 18, 13, 17], [14, 23, 15, 24]]"
12a_0086_105,"[[14, 23, 15, 24], [16, 12, 17, 11], [18, 1, 19, 2], [20, 5, 21, 6], [22, 7, 23, 8], [24, 15, 1, 16], [2, 9, 3, 10], [4, 21, 5, 22], [6, 19, 7, 20], [8, 3, 9, 4], [10, 14, 11, 13], [12, 18, 13, 17]]"
12a_0086_106,"[[12, 18, 13, 17], [14, 23, 15, 24], [16, 12, 17, 11], [18, 1, 19, 2], [20, 5, 21, 6], [22, 7, 23, 8], [24, 15, 1, 16], [2, 9, 3, 10], [4, 21, 5, 22], [6, 19, 7, 20], [8, 3, 9, 4], [10, 14, 11, 13]]"
12a_0086_107,"[[10, 14, 11, 13], [12, 18, 13, 17], [14, 23, 15, 24], [16, 12, 17, 11], [18, 1, 19, 2], [20, 5, 21, 6], [22, 7, 23, 8], [24, 15, 1, 16], [2, 9, 3, 10], [4, 21, 5, 22], [6, 19, 7, 20], [8, 3, 9, 4]]"
12a_0086_108,"[[9, 4, 10, 5], [11, 15, 12, 14], [13, 19, 14, 18], [15, 24, 16, 1], [17, 13, 18, 12], [19, 2, 20, 3], [21, 6, 22, 7], [23, 8, 24, 9], [1, 16, 2, 17], [3, 10, 4, 11], [5, 22, 6, 23], [7, 20, 8, 21]]"
12a_0086_109,"[[7, 20, 8, 21], [9, 4, 10, 5], [11, 15, 12, 14], [13, 19, 14, 18], [15, 24, 16, 1], [17, 13, 18, 12], [19, 2, 20, 3], [21, 6, 22, 7], [23, 8, 24, 9], [1, 16, 2, 17], [3, 10, 4, 11], [5, 22, 6, 23]]"
12a_0086_110,"[[5, 22, 6, 23], [7, 20, 8, 21], [9, 4, 10, 5], [11, 15, 12, 14], [13, 19, 14, 18], [15, 24, 16, 1], [17, 13, 18, 12], [19, 2, 20, 3], [21, 6, 22, 7], [23, 8, 24, 9], [1, 16, 2, 17], [3, 10, 4, 11]]"
12a_0086_111,"[[3, 10, 4, 11], [5, 22, 6, 23], [7, 20, 8, 21], [9, 4, 10, 5], [11, 15, 12, 14], [13, 19, 14, 18], [15, 24, 16, 1], [17, 13, 18, 12], [19, 2, 20, 3], [21, 6, 22, 7], [23, 8, 24, 9], [1, 16, 2, 17]]"
12a_0086_112,"[[1, 16, 2, 17], [3, 10, 4, 11], [5, 22, 6, 23], [7, 20, 8, 21], [9, 4, 10, 5], [11, 15, 12, 14], [13, 19, 14, 18], [15, 24, 16, 1], [17, 13, 18, 12], [19, 2, 20, 3], [21, 6, 22, 7], [23, 8, 24, 9]]"
12a_0086_113,"[[23, 8, 24, 9], [1, 16, 2, 17], [3, 10, 4, 11], [5, 22, 6, 23], [7, 20, 8, 21], [9, 4, 10, 5], [11, 15, 12, 14], [13, 19, 14, 18], [15, 24, 16, 1], [17, 13, 18, 12], [19, 2, 20, 3], [21, 6, 22, 7]]"
12a_0086_114,"[[21, 6, 22, 7], [23, 8, 24, 9], [1, 16, 2, 17], [3, 10, 4, 11], [5, 22, 6, 23], [7, 20, 8, 21], [9, 4, 10, 5], [11, 15, 12, 14], [13, 19, 14, 18], [15, 24, 16, 1], [17, 13, 18, 12], [19, 2, 20, 3]]"
12a_0086_115,"[[19, 2, 20, 3], [21, 6, 22, 7], [23, 8, 24, 9], [1, 16, 2, 17], [3, 10, 4, 11], [5, 22, 6, 23], [7, 20, 8, 21], [9, 4, 10, 5], [11, 15, 12, 14], [13, 19, 14, 18], [15, 24, 16, 1], [17, 13, 18, 12]]"
12a_0086_116,"[[17, 13, 18, 12], [19, 2, 20, 3], [21, 6, 22, 7], [23, 8, 24, 9], [1, 16, 2, 17], [3, 10, 4, 11], [5, 22, 6, 23], [7, 20, 8, 21], [9, 4, 10, 5], [11, 15, 12, 14], [13, 19, 14, 18], [15, 24, 16, 1]]"
12a_0086_117,"[[15, 24, 16, 1], [17, 13, 18, 12], [19, 2, 20, 3], [21, 6, 22, 7], [23, 8, 24, 9], [1, 16, 2, 17], [3, 10, 4, 11], [5, 22, 6, 23], [7, 20, 8, 21], [9, 4, 10, 5], [11, 15, 12, 14], [13, 19, 14, 18]]"
12a_0086_118,"[[13, 19, 14, 18], [15, 24, 16, 1], [17, 13, 18, 12], [19, 2, 20, 3], [21, 6, 22, 7], [23, 8, 24, 9], [1, 16, 2, 17], [3, 10, 4, 11], [5, 22, 6, 23], [7, 20, 8, 21], [9, 4, 10, 5], [11, 15, 12, 14]]"
12a_0086_119,"[[11, 15, 12, 14], [13, 19, 14, 18], [15, 24, 16, 1], [17, 13, 18, 12], [19, 2, 20, 3], [21, 6, 22, 7], [23, 8, 24, 9], [1, 16, 2, 17], [3, 10, 4, 11], [5, 22, 6, 23], [7, 20, 8, 21], [9, 4, 10, 5]]"
12a_0086_120,"[[10, 5, 11, 6], [12, 16, 13, 15], [14, 20, 15, 19], [16, 1, 17, 2], [18, 14, 19, 13], [20, 3, 21, 4], [22, 7, 23, 8], [24, 9, 1, 10], [2, 17, 3, 18], [4, 11, 5, 12], [6, 23, 7, 24], [8, 21, 9, 22]]"
12a_0086_121,"[[8, 21, 9, 22], [10, 5, 11, 6], [12, 16, 13, 15], [14, 20, 15, 19], [16, 1, 17, 2], [18, 14, 19, 13], [20, 3, 21, 4], [22, 7, 23, 8], [24, 9, 1, 10], [2, 17, 3, 18], [4, 11, 5, 12], [6, 23, 7, 24]]"
12a_0086_122,"[[6, 23, 7, 24], [8, 21, 9, 22], [10, 5, 11, 6], [12, 16, 13, 15], [14, 20, 15, 19], [16, 1, 17, 2], [18, 14, 19, 13], [20, 3, 21, 4], [22, 7, 23, 8], [24, 9, 1, 10], [2, 17, 3, 18], [4, 11, 5, 12]]"
12a_0086_123,"[[4, 11, 5, 12], [6, 23, 7, 24], [8, 21, 9, 22], [10, 5, 11, 6], [12, 16, 13, 15], [14, 20, 15, 19], [16, 1, 17, 2], [18, 14, 19, 13], [20, 3, 21, 4], [22, 7, 23, 8], [24, 9, 1, 10], [2, 17, 3, 18]]"
12a_0086_124,"[[2, 17, 3, 18], [4, 11, 5, 12], [6, 23, 7, 24], [8, 21, 9, 22], [10, 5, 11, 6], [12, 16, 13, 15], [14, 20, 15, 19], [16, 1, 17, 2], [18, 14, 19, 13], [20, 3, 21, 4], [22, 7, 23, 8], [24, 9, 1, 10]]"
12a_0086_125,"[[24, 9, 1, 10], [2, 17, 3, 18], [4, 11, 5, 12], [6, 23, 7, 24], [8, 21, 9, 22], [10, 5, 11, 6], [12, 16, 13, 15], [14, 20, 15, 19], [16, 1, 17, 2], [18, 14, 19, 13], [20, 3, 21, 4], [22, 7, 23, 8]]"
12a_0086_126,"[[22, 7, 23, 8], [24, 9, 1, 10], [2, 17, 3, 18], [4, 11, 5, 12], [6, 23, 7, 24], [8, 21, 9, 22], [10, 5, 11, 6], [12, 16, 13, 15], [14, 20, 15, 19], [16, 1, 17, 2], [18, 14, 19, 13], [20, 3, 21, 4]]"
12a_0086_127,"[[20, 3, 21, 4], [22, 7, 23, 8], [24, 9, 1, 10], [2, 17, 3, 18], [4, 11, 5, 12], [6, 23, 7, 24], [8, 21, 9, 22], [10, 5, 11, 6], [12, 16, 13, 15], [14, 20, 15, 19], [16, 1, 17, 2], [18, 14, 19, 13]]"
12a_0086_128,"[[18, 14, 19, 13], [20, 3, 21, 4], [22, 7, 23, 8], [24, 9, 1, 10], [2, 17, 3, 18], [4, 11, 5, 12], [6, 23, 7, 24], [8, 21, 9, 22], [10, 5, 11, 6], [12, 16, 13, 15], [14, 20, 15, 19], [16, 1, 17, 2]]"
12a_0086_129,"[[16, 1, 17, 2], [18, 14, 19, 13], [20, 3, 21, 4], [22, 7, 23, 8], [24, 9, 1, 10], [2, 17, 3, 18], [4, 11, 5, 12], [6, 23, 7, 24], [8, 21, 9, 22], [10, 5, 11, 6], [12, 16, 13, 15], [14, 20, 15, 19]]"
12a_0086_130,"[[14, 20, 15, 19], [16, 1, 17, 2], [18, 14, 19, 13], [20, 3, 21, 4], [22, 7, 23, 8], [24, 9, 1, 10], [2, 17, 3, 18], [4, 11, 5, 12], [6, 23, 7, 24], [8, 21, 9, 22], [10, 5, 11, 6], [12, 16, 13, 15]]"
12a_0086_131,"[[12, 16, 13, 15], [14, 20, 15, 19], [16, 1, 17, 2], [18, 14, 19, 13], [20, 3, 21, 4], [22, 7, 23, 8], [24, 9, 1, 10], [2, 17, 3, 18], [4, 11, 5, 12], [6, 23, 7, 24], [8, 21, 9, 22], [10, 5, 11, 6]]"
12a_0086_132,"[[11, 6, 12, 7], [13, 17, 14, 16], [15, 21, 16, 20], [17, 2, 18, 3], [19, 15, 20, 14], [21, 4, 22, 5], [23, 8, 24, 9], [1, 10, 2, 11], [3, 18, 4, 19], [5, 12, 6, 13], [7, 24, 8, 1], [9, 22, 10, 23]]"
12a_0086_133,"[[9, 22, 10, 23], [11, 6, 12, 7], [13, 17, 14, 16], [15, 21, 16, 20], [17, 2, 18, 3], [19, 15, 20, 14], [21, 4, 22, 5], [23, 8, 24, 9], [1, 10, 2, 11], [3, 18, 4, 19], [5, 12, 6, 13], [7, 24, 8, 1]]"
12a_0086_134,"[[7, 24, 8, 1], [9, 22, 10, 23], [11, 6, 12, 7], [13, 17, 14, 16], [15, 21, 16, 20], [17, 2, 18, 3], [19, 15, 20, 14], [21, 4, 22, 5], [23, 8, 24, 9], [1, 10, 2, 11], [3, 18, 4, 19], [5, 12, 6, 13]]"
12a_0086_135,"[[5, 12, 6, 13], [7, 24, 8, 1], [9, 22, 10, 23], [11, 6, 12, 7], [13, 17, 14, 16], [15, 21, 16, 20], [17, 2, 18, 3], [19, 15, 20, 14], [21, 4, 22, 5], [23, 8, 24, 9], [1, 10, 2, 11], [3, 18, 4, 19]]"
12a_0086_136,"[[3, 18, 4, 19], [5, 12, 6, 13], [7, 24, 8, 1], [9, 22, 10, 23], [11, 6, 12, 7], [13, 17, 14, 16], [15, 21, 16, 20], [17, 2, 18, 3], [19, 15, 20, 14], [21, 4, 22, 5], [23, 8, 24, 9], [1, 10, 2, 11]]"
12a_0086_137,"[[1, 10, 2, 11], [3, 18, 4, 19], [5, 12, 6, 13], [7, 24, 8, 1], [9, 22, 10, 23], [11, 6, 12, 7], [13, 17, 14, 16], [15, 21, 16, 20], [17, 2, 18, 3], [19, 15, 20, 14], [21, 4, 22, 5], [23, 8, 24, 9]]"
12a_0086_138,"[[23, 8, 24, 9], [1, 10, 2, 11], [3, 18, 4, 19], [5, 12, 6, 13], [7, 24, 8, 1], [9, 22, 10, 23], [11, 6, 12, 7], [13, 17, 14, 16], [15, 21, 16, 20], [17, 2, 18, 3], [19, 15, 20, 14], [21, 4, 22, 5]]"
12a_0086_139,"[[21, 4, 22, 5], [23, 8, 24, 9], [1, 10, 2, 11], [3, 18, 4, 19], [5, 12, 6, 13], [7, 24, 8, 1], [9, 22, 10, 23], [11, 6, 12, 7], [13, 17, 14, 16], [15, 21, 16, 20], [17, 2, 18, 3], [19, 15, 20, 14]]"
12a_0086_140,"[[19, 15, 20, 14], [21, 4, 22, 5], [23, 8, 24, 9], [1, 10, 2, 11], [3, 18, 4, 19], [5, 12, 6, 13], [7, 24, 8, 1], [9, 22, 10, 23], [11, 6, 12, 7], [13, 17, 14, 16], [15, 21, 16, 20], [17, 2, 18, 3]]"
12a_0086_141,"[[17, 2, 18, 3], [19, 15, 20, 14], [21, 4, 22, 5], [23, 8, 24, 9], [1, 10, 2, 11], [3, 18, 4, 19], [5, 12, 6, 13], [7, 24, 8, 1], [9, 22, 10, 23], [11, 6, 12, 7], [13, 17, 14, 16], [15, 21, 16, 20]]"
12a_0086_142,"[[15, 21, 16, 20], [17, 2, 18, 3], [19, 15, 20, 14], [21, 4, 22, 5], [23, 8, 24, 9], [1, 10, 2, 11], [3, 18, 4, 19], [5, 12, 6, 13], [7, 24, 8, 1], [9, 22, 10, 23], [11, 6, 12, 7], [13, 17, 14, 16]]"
12a_0086_143,"[[13, 17, 14, 16], [15, 21, 16, 20], [17, 2, 18, 3], [19, 15, 20, 14], [21, 4, 22, 5], [23, 8, 24, 9], [1, 10, 2, 11], [3, 18, 4, 19], [5, 12, 6, 13], [7, 24, 8, 1], [9, 22, 10, 23], [11, 6, 12, 7]]"
12a_0086_144,"[[12, 7, 13, 8], [14, 18, 15, 17], [16, 22, 17, 21], [18, 3, 19, 4], [20, 16, 21, 15], [22, 5, 23, 6], [24, 9, 1, 10], [2, 11, 3, 12], [4, 19, 5, 20], [6, 13, 7, 14], [8, 1, 9, 2], [10, 23, 11, 24]]"
12a_0086_145,"[[10, 23, 11, 24], [12, 7, 13, 8], [14, 18, 15, 17], [16, 22, 17, 21], [18, 3, 19, 4], [20, 16, 21, 15], [22, 5, 23, 6], [24, 9, 1, 10], [2, 11, 3, 12], [4, 19, 5, 20], [6, 13, 7, 14], [8, 1, 9, 2]]"
12a_0086_146,"[[8, 1, 9, 2], [10, 23, 11, 24], [12, 7, 13, 8], [14, 18, 15, 17], [16, 22, 17, 21], [18, 3, 19, 4], [20, 16, 21, 15], [22, 5, 23, 6], [24, 9, 1, 10], [2, 11, 3, 12], [4, 19, 5, 20], [6, 13, 7, 14]]"
12a_0086_147,"[[6, 13, 7, 14], [8, 1, 9, 2], [10, 23, 11, 24], [12, 7, 13, 8], [14, 18, 15, 17], [16, 22, 17, 21], [18, 3, 19, 4], [20, 16, 21, 15], [22, 5, 23, 6], [24, 9, 1, 10], [2, 11, 3, 12], [4, 19, 5, 20]]"
12a_0086_148,"[[4, 19, 5, 20], [6, 13, 7, 14], [8, 1, 9, 2], [10, 23, 11, 24], [12, 7, 13, 8], [14, 18, 15, 17], [16, 22, 17, 21], [18, 3, 19, 4], [20, 16, 21, 15], [22, 5, 23, 6], [24, 9, 1, 10], [2, 11, 3, 12]]"
12a_0086_149,"[[2, 11, 3, 12], [4, 19, 5, 20], [6, 13, 7, 14], [8, 1, 9, 2], [10, 23, 11, 24], [12, 7, 13, 8], [14, 18, 15, 17], [16, 22, 17, 21], [18, 3, 19, 4], [20, 16, 21, 15], [22, 5, 23, 6], [24, 9, 1, 10]]"
12a_0086_150,"[[24, 9, 1, 10], [2, 11, 3, 12], [4, 19, 5, 20], [6, 13, 7, 14], [8, 1, 9, 2], [10, 23, 11, 24], [12, 7, 13, 8], [14, 18, 15, 17], [16, 22, 17, 21], [18, 3, 19, 4], [20, 16, 21, 15], [22, 5, 23, 6]]"
12a_0086_151,"[[22, 5, 23, 6], [24, 9, 1, 10], [2, 11, 3, 12], [4, 19, 5, 20], [6, 13, 7, 14], [8, 1, 9, 2], [10, 23, 11, 24], [12, 7, 13, 8], [14, 18, 15, 17], [16, 22, 17, 21], [18, 3, 19, 4], [20, 16, 21, 15]]"
12a_0086_152,"[[20, 16, 21, 15], [22, 5, 23, 6], [24, 9, 1, 10], [2, 11, 3, 12], [4, 19, 5, 20], [6, 13, 7, 14], [8, 1, 9, 2], [10, 23, 11, 24], [12, 7, 13, 8], [14, 18, 15, 17], [16, 22, 17, 21], [18, 3, 19, 4]]"
12a_0086_153,"[[18, 3, 19, 4], [20, 16, 21, 15], [22, 5, 23, 6], [24, 9, 1, 10], [2, 11, 3, 12], [4, 19, 5, 20], [6, 13, 7, 14], [8, 1, 9, 2], [10, 23, 11, 24], [12, 7, 13, 8], [14, 18, 15, 17], [16, 22, 17, 21]]"
12a_0086_154,"[[16, 22, 17, 21], [18, 3, 19, 4], [20, 16, 21, 15], [22, 5, 23, 6], [24, 9, 1, 10], [2, 11, 3, 12], [4, 19, 5, 20], [6, 13, 7, 14], [8, 1, 9, 2], [10, 23, 11, 24], [12, 7, 13, 8], [14, 18, 15, 17]]"
12a_0086_155,"[[14, 18, 15, 17], [16, 22, 17, 21], [18, 3, 19, 4], [20, 16, 21, 15], [22, 5, 23, 6], [24, 9, 1, 10], [2, 11, 3, 12], [4, 19, 5, 20], [6, 13, 7, 14], [8, 1, 9, 2], [10, 23, 11, 24], [12, 7, 13, 8]]"
12a_0086_156,"[[13, 8, 14, 9], [15, 19, 16, 18], [17, 23, 18, 22], [19, 4, 20, 5], [21, 17, 22, 16], [23, 6, 24, 7], [1, 10, 2, 11], [3, 12, 4, 13], [5, 20, 6, 21], [7, 14, 8, 15], [9, 2, 10, 3], [11, 24, 12, 1]]"
12a_0086_157,"[[11, 24, 12, 1], [13, 8, 14, 9], [15, 19, 16, 18], [17, 23, 18, 22], [19, 4, 20, 5], [21, 17, 22, 16], [23, 6, 24, 7], [1, 10, 2, 11], [3, 12, 4, 13], [5, 20, 6, 21], [7, 14, 8, 15], [9, 2, 10, 3]]"
12a_0086_158,"[[9, 2, 10, 3], [11, 24, 12, 1], [13, 8, 14, 9], [15, 19, 16, 18], [17, 23, 18, 22], [19, 4, 20, 5], [21, 17, 22, 16], [23, 6, 24, 7], [1, 10, 2, 11], [3, 12, 4, 13], [5, 20, 6, 21], [7, 14, 8, 15]]"
12a_0086_159,"[[7, 14, 8, 15], [9, 2, 10, 3], [11, 24, 12, 1], [13, 8, 14, 9], [15, 19, 16, 18], [17, 23, 18, 22], [19, 4, 20, 5], [21, 17, 22, 16], [23, 6, 24, 7], [1, 10, 2, 11], [3, 12, 4, 13], [5, 20, 6, 21]]"
12a_0086_160,"[[5, 20, 6, 21], [7, 14, 8, 15], [9, 2, 10, 3], [11, 24, 12, 1], [13, 8, 14, 9], [15, 19, 16, 18], [17, 23, 18, 22], [19, 4, 20, 5], [21, 17, 22, 16], [23, 6, 24, 7], [1, 10, 2, 11], [3, 12, 4, 13]]"
12a_0086_161,"[[3, 12, 4, 13], [5, 20, 6, 21], [7, 14, 8, 15], [9, 2, 10, 3], [11, 24, 12, 1], [13, 8, 14, 9], [15, 19, 16, 18], [17, 23, 18, 22], [19, 4, 20, 5], [21, 17, 22, 16], [23, 6, 24, 7], [1, 10, 2, 11]]"
12a_0086_162,"[[1, 10, 2, 11], [3, 12, 4, 13], [5, 20, 6, 21], [7, 14, 8, 15], [9, 2, 10, 3], [11, 24, 12, 1], [13, 8, 14, 9], [15, 19, 16, 18], [17, 23, 18, 22], [19, 4, 20, 5], [21, 17, 22, 16], [23, 6, 24, 7]]"
12a_0086_163,"[[23, 6, 24, 7], [1, 10, 2, 11], [3, 12, 4, 13], [5, 20, 6, 21], [7, 14, 8, 15], [9, 2, 10, 3], [11, 24, 12, 1], [13, 8, 14, 9], [15, 19, 16, 18], [17, 23, 18, 22], [19, 4, 20, 5], [21, 17, 22, 16]]"
12a_0086_164,"[[21, 17, 22, 16], [23, 6, 24, 7], [1, 10, 2, 11], [3, 12, 4, 13], [5, 20, 6, 21], [7, 14, 8, 15], [9, 2, 10, 3], [11, 24, 12, 1], [13, 8, 14, 9], [15, 19, 16, 18], [17, 23, 18, 22], [19, 4, 20, 5]]"
12a_0086_165,"[[19, 4, 20, 5], [21, 17, 22, 16], [23, 6, 24, 7], [1, 10, 2, 11], [3, 12, 4, 13], [5, 20, 6, 21], [7, 14, 8, 15], [9, 2, 10, 3], [11, 24, 12, 1], [13, 8, 14, 9], [15, 19, 16, 18], [17, 23, 18, 22]]"
12a_0086_166,"[[17, 23, 18, 22], [19, 4, 20, 5], [21, 17, 22, 16], [23, 6, 24, 7], [1, 10, 2, 11], [3, 12, 4, 13], [5, 20, 6, 21], [7, 14, 8, 15], [9, 2, 10, 3], [11, 24, 12, 1], [13, 8, 14, 9], [15, 19, 16, 18]]"
12a_0086_167,"[[15, 19, 16, 18], [17, 23, 18, 22], [19, 4, 20, 5], [21, 17, 22, 16], [23, 6, 24, 7], [1, 10, 2, 11], [3, 12, 4, 13], [5, 20, 6, 21], [7, 14, 8, 15], [9, 2, 10, 3], [11, 24, 12, 1], [13, 8, 14, 9]]"
12a_0086_168,"[[14, 9, 15, 10], [16, 20, 17, 19], [18, 24, 19, 23], [20, 5, 21, 6], [22, 18, 23, 17], [24, 7, 1, 8], [2, 11, 3, 12], [4, 13, 5, 14], [6, 21, 7, 22], [8, 15, 9, 16], [10, 3, 11, 4], [12, 1, 13, 2]]"
12a_0086_169,"[[12, 1, 13, 2], [14, 9, 15, 10], [16, 20, 17, 19], [18, 24, 19, 23], [20, 5, 21, 6], [22, 18, 23, 17], [24, 7, 1, 8], [2, 11, 3, 12], [4, 13, 5, 14], [6, 21, 7, 22], [8, 15, 9, 16], [10, 3, 11, 4]]"
12a_0086_170,"[[10, 3, 11, 4], [12, 1, 13, 2], [14, 9, 15, 10], [16, 20, 17, 19], [18, 24, 19, 23], [20, 5, 21, 6], [22, 18, 23, 17], [24, 7, 1, 8], [2, 11, 3, 12], [4, 13, 5, 14], [6, 21, 7, 22], [8, 15, 9, 16]]"
12a_0086_171,"[[8, 15, 9, 16], [10, 3, 11, 4], [12, 1, 13, 2], [14, 9, 15, 10], [16, 20, 17, 19], [18, 24, 19, 23], [20, 5, 21, 6], [22, 18, 23, 17], [24, 7, 1, 8], [2, 11, 3, 12], [4, 13, 5, 14], [6, 21, 7, 22]]"
12a_0086_172,"[[6, 21, 7, 22], [8, 15, 9, 16], [10, 3, 11, 4], [12, 1, 13, 2], [14, 9, 15, 10], [16, 20, 17, 19], [18, 24, 19, 23], [20, 5, 21, 6], [22, 18, 23, 17], [24, 7, 1, 8], [2, 11, 3, 12], [4, 13, 5, 14]]"
12a_0086_173,"[[4, 13, 5, 14], [6, 21, 7, 22], [8, 15, 9, 16], [10, 3, 11, 4], [12, 1, 13, 2], [14, 9, 15, 10], [16, 20, 17, 19], [18, 24, 19, 23], [20, 5, 21, 6], [22, 18, 23, 17], [24, 7, 1, 8], [2, 11, 3, 12]]"
12a_0086_174,"[[2, 11, 3, 12], [4, 13, 5, 14], [6, 21, 7, 22], [8, 15, 9, 16], [10, 3, 11, 4], [12, 1, 13, 2], [14, 9, 15, 10], [16, 20, 17, 19], [18, 24, 19, 23], [20, 5, 21, 6], [22, 18, 23, 17], [24, 7, 1, 8]]"
12a_0086_175,"[[24, 7, 1, 8], [2, 11, 3, 12], [4, 13, 5, 14], [6, 21, 7, 22], [8, 15, 9, 16], [10, 3, 11, 4], [12, 1, 13, 2], [14, 9, 15, 10], [16, 20, 17, 19], [18, 24, 19, 23], [20, 5, 21, 6], [22, 18, 23, 17]]"
12a_0086_176,"[[22, 18, 23, 17], [24, 7, 1, 8], [2, 11, 3, 12], [4, 13, 5, 14], [6, 21, 7, 22], [8, 15, 9, 16], [10, 3, 11, 4], [12, 1, 13, 2], [14, 9, 15, 10], [16, 20, 17, 19], [18, 24, 19, 23], [20, 5, 21, 6]]"
12a_0086_177,"[[20, 5, 21, 6], [22, 18, 23, 17], [24, 7, 1, 8], [2, 11, 3, 12], [4, 13, 5, 14], [6, 21, 7, 22], [8, 15, 9, 16], [10, 3, 11, 4], [12, 1, 13, 2], [14, 9, 15, 10], [16, 20, 17, 19], [18, 24, 19, 23]]"
12a_0086_178,"[[18, 24, 19, 23], [20, 5, 21, 6], [22, 18, 23, 17], [24, 7, 1, 8], [2, 11, 3, 12], [4, 13, 5, 14], [6, 21, 7, 22], [8, 15, 9, 16], [10, 3, 11, 4], [12, 1, 13, 2], [14, 9, 15, 10], [16, 20, 17, 19]]"
12a_0086_179,"[[16, 20, 17, 19], [18, 24, 19, 23], [20, 5, 21, 6], [22, 18, 23, 17], [24, 7, 1, 8], [2, 11, 3, 12], [4, 13, 5, 14], [6, 21, 7, 22], [8, 15, 9, 16], [10, 3, 11, 4], [12, 1, 13, 2], [14, 9, 15, 10]]"
12a_0086_180,"[[15, 10, 16, 11], [17, 21, 18, 20], [19, 1, 20, 24], [21, 6, 22, 7], [23, 19, 24, 18], [1, 8, 2, 9], [3, 12, 4, 13], [5, 14, 6, 15], [7, 22, 8, 23], [9, 16, 10, 17], [11, 4, 12, 5], [13, 2, 14, 3]]"
12a_0086_181,"[[13, 2, 14, 3], [15, 10, 16, 11], [17, 21, 18, 20], [19, 1, 20, 24], [21, 6, 22, 7], [23, 19, 24, 18], [1, 8, 2, 9], [3, 12, 4, 13], [5, 14, 6, 15], [7, 22, 8, 23], [9, 16, 10, 17], [11, 4, 12, 5]]"
12a_0086_182,"[[11, 4, 12, 5], [13, 2, 14, 3], [15, 10, 16, 11], [17, 21, 18, 20], [19, 1, 20, 24], [21, 6, 22, 7], [23, 19, 24, 18], [1, 8, 2, 9], [3, 12, 4, 13], [5, 14, 6, 15], [7, 22, 8, 23], [9, 16, 10, 17]]"
12a_0086_183,"[[9, 16, 10, 17], [11, 4, 12, 5], [13, 2, 14, 3], [15, 10, 16, 11], [17, 21, 18, 20], [19, 1, 20, 24], [21, 6, 22, 7], [23, 19, 24, 18], [1, 8, 2, 9], [3, 12, 4, 13], [5, 14, 6, 15], [7, 22, 8, 23]]"
12a_0086_184,"[[7, 22, 8, 23], [9, 16, 10, 17], [11, 4, 12, 5], [13, 2, 14, 3], [15, 10, 16, 11], [17, 21, 18, 20], [19, 1, 20, 24], [21, 6, 22, 7], [23, 19, 24, 18], [1, 8, 2, 9], [3, 12, 4, 13], [5, 14, 6, 15]]"
12a_0086_185,"[[5, 14, 6, 15], [7, 22, 8, 23], [9, 16, 10, 17], [11, 4, 12, 5], [13, 2, 14, 3], [15, 10, 16, 11], [17, 21, 18, 20], [19, 1, 20, 24], [21, 6, 22, 7], [23, 19, 24, 18], [1, 8, 2, 9], [3, 12, 4, 13]]"
