name,pd_notation
12a_0862_0,"[[24, 15, 1, 16], [2, 8, 3, 7], [4, 9, 5, 10], [6, 20, 7, 19], [8, 17, 9, 18], [10, 5, 11, 6], [12, 21, 13, 22], [14, 1, 15, 2], [16, 23, 17, 24], [18, 4, 19, 3], [20, 13, 21, 14], [22, 11, 23, 12]]"
12a_0862_1,"[[22, 11, 23, 12], [24, 15, 1, 16], [2, 8, 3, 7], [4, 9, 5, 10], [6, 20, 7, 19], [8, 17, 9, 18], [10, 5, 11, 6], [12, 21, 13, 22], [14, 1, 15, 2], [16, 23, 17, 24], [18, 4, 19, 3], [20, 13, 21, 14]]"
12a_0862_2,"[[20, 13, 21, 14], [22, 11, 23, 12], [24, 15, 1, 16], [2, 8, 3, 7], [4, 9, 5, 10], [6, 20, 7, 19], [8, 17, 9, 18], [10, 5, 11, 6], [12, 21, 13, 22], [14, 1, 15, 2], [16, 23, 17, 24], [18, 4, 19, 3]]"
12a_0862_3,"[[18, 4, 19, 3], [20, 13, 21, 14], [22, 11, 23, 12], [24, 15, 1, 16], [2, 8, 3, 7], [4, 9, 5, 10], [6, 20, 7, 19], [8, 17, 9, 18], [10, 5, 11, 6], [12, 21, 13, 22], [14, 1, 15, 2], [16, 23, 17, 24]]"
12a_0862_4,"[[16, 23, 17, 24], [18, 4, 19, 3], [20, 13, 21, 14], [22, 11, 23, 12], [24, 15, 1, 16], [2, 8, 3, 7], [4, 9, 5, 10], [6, 20, 7, 19], [8, 17, 9, 18], [10, 5, 11, 6], [12, 21, 13, 22], [14, 1, 15, 2]]"
12a_0862_5,"[[14, 1, 15, 2], [16, 23, 17, 24], [18, 4, 19, 3], [20, 13, 21, 14], [22, 11, 23, 12], [24, 15, 1, 16], [2, 8, 3, 7], [4, 9, 5, 10], [6, 20, 7, 19], [8, 17, 9, 18], [10, 5, 11, 6], [12, 21, 13, 22]]"
12a_0862_6,"[[12, 21, 13, 22], [14, 1, 15, 2], [16, 23, 17, 24], [18, 4, 19, 3], [20, 13, 21, 14], [22, 11, 23, 12], [24, 15, 1, 16], [2, 8, 3, 7], [4, 9, 5, 10], [6, 20, 7, 19], [8, 17, 9, 18], [10, 5, 11, 6]]"
12a_0862_7,"[[10, 5, 11, 6], [12, 21, 13, 22], [14, 1, 15, 2], [16, 23, 17, 24], [18, 4, 19, 3], [20, 13, 21, 14], [22, 11, 23, 12], [24, 15, 1, 16], [2, 8, 3, 7], [4, 9, 5, 10], [6, 20, 7, 19], [8, 17, 9, 18]]"
12a_0862_8,"[[8, 17, 9, 18], [10, 5, 11, 6], [12, 21, 13, 22], [14, 1, 15, 2], [16, 23, 17, 24], [18, 4, 19, 3], [20, 13, 21, 14], [22, 11, 23, 12], [24, 15, 1, 16], [2, 8, 3, 7], [4, 9, 5, 10], [6, 20, 7, 19]]"
12a_0862_9,"[[6, 20, 7, 19], [8, 17, 9, 18], [10, 5, 11, 6], [12, 21, 13, 22], [14, 1, 15, 2], [16, 23, 17, 24], [18, 4, 19, 3], [20, 13, 21, 14], [22, 11, 23, 12], [24, 15, 1, 16], [2, 8, 3, 7], [4, 9, 5, 10]]"
12a_0862_10,"[[4, 9, 5, 10], [6, 20, 7, 19], [8, 17, 9, 18], [10, 5, 11, 6], [12, 21, 13, 22], [14, 1, 15, 2], [16, 23, 17, 24], [18, 4, 19, 3], [20, 13, 21, 14], [22, 11, 23, 12], [24, 15, 1, 16], [2, 8, 3, 7]]"
12a_0862_11,"[[2, 8, 3, 7], [4, 9, 5, 10], [6, 20, 7, 19], [8, 17, 9, 18], [10, 5, 11, 6], [12, 21, 13, 22], [14, 1, 15, 2], [16, 23, 17, 24], [18, 4, 19, 3], [20, 13, 21, 14], [22, 11, 23, 12], [24, 15, 1, 16]]"
12a_0862_12,"[[1, 16, 2, 17], [3, 9, 4, 8], [5, 10, 6, 11], [7, 21, 8, 20], [9, 18, 10, 19], [11, 6, 12, 7], [13, 22, 14, 23], [15, 2, 16, 3], [17, 24, 18, 1], [19, 5, 20, 4], [21, 14, 22, 15], [23, 12, 24, 13]]"
12a_0862_13,"[[23, 12, 24, 13], [1, 16, 2, 17], [3, 9, 4, 8], [5, 10, 6, 11], [7, 21, 8, 20], [9, 18, 10, 19], [11, 6, 12, 7], [13, 22, 14, 23], [15, 2, 16, 3], [17, 24, 18, 1], [19, 5, 20, 4], [21, 14, 22, 15]]"
12a_0862_14,"[[21, 14, 22, 15], [23, 12, 24, 13], [1, 16, 2, 17], [3, 9, 4, 8], [5, 10, 6, 11], [7, 21, 8, 20], [9, 18, 10, 19], [11, 6, 12, 7], [13, 22, 14, 23], [15, 2, 16, 3], [17, 24, 18, 1], [19, 5, 20, 4]]"
12a_0862_15,"[[19, 5, 20, 4], [21, 14, 22, 15], [23, 12, 24, 13], [1, 16, 2, 17], [3, 9, 4, 8], [5, 10, 6, 11], [7, 21, 8, 20], [9, 18, 10, 19], [11, 6, 12, 7], [13, 22, 14, 23], [15, 2, 16, 3], [17, 24, 18, 1]]"
12a_0862_16,"[[17, 24, 18, 1], [19, 5, 20, 4], [21, 14, 22, 15], [23, 12, 24, 13], [1, 16, 2, 17], [3, 9, 4, 8], [5, 10, 6, 11], [7, 21, 8, 20], [9, 18, 10, 19], [11, 6, 12, 7], [13, 22, 14, 23], [15, 2, 16, 3]]"
12a_0862_17,"[[15, 2, 16, 3], [17, 24, 18, 1], [19, 5, 20, 4], [21, 14, 22, 15], [23, 12, 24, 13], [1, 16, 2, 17], [3, 9, 4, 8], [5, 10, 6, 11], [7, 21, 8, 20], [9, 18, 10, 19], [11, 6, 12, 7], [13, 22, 14, 23]]"
12a_0862_18,"[[13, 22, 14, 23], [15, 2, 16, 3], [17, 24, 18, 1], [19, 5, 20, 4], [21, 14, 22, 15], [23, 12, 24, 13], [1, 16, 2, 17], [3, 9, 4, 8], [5, 10, 6, 11], [7, 21, 8, 20], [9, 18, 10, 19], [11, 6, 12, 7]]"
12a_0862_19,"[[11, 6, 12, 7], [13, 22, 14, 23], [15, 2, 16, 3], [17, 24, 18, 1], [19, 5, 20, 4], [21, 14, 22, 15], [23, 12, 24, 13], [1, 16, 2, 17], [3, 9, 4, 8], [5, 10, 6, 11], [7, 21, 8, 20], [9, 18, 10, 19]]"
12a_0862_20,"[[9, 18, 10, 19], [11, 6, 12, 7], [13, 22, 14, 23], [15, 2, 16, 3], [17, 24, 18, 1], [19, 5, 20, 4], [21, 14, 22, 15], [23, 12, 24, 13], [1, 16, 2, 17], [3, 9, 4, 8], [5, 10, 6, 11], [7, 21, 8, 20]]"
12a_0862_21,"[[7, 21, 8, 20], [9, 18, 10, 19], [11, 6, 12, 7], [13, 22, 14, 23], [15, 2, 16, 3], [17, 24, 18, 1], [19, 5, 20, 4], [21, 14, 22, 15], [23, 12, 24, 13], [1, 16, 2, 17], [3, 9, 4, 8], [5, 10, 6, 11]]"
12a_0862_22,"[[5, 10, 6, 11], [7, 21, 8, 20], [9, 18, 10, 19], [11, 6, 12, 7], [13, 22, 14, 23], [15, 2, 16, 3], [17, 24, 18, 1], [19, 5, 20, 4], [21, 14, 22, 15], [23, 12, 24, 13], [1, 16, 2, 17], [3, 9, 4, 8]]"
12a_0862_23,"[[3, 9, 4, 8], [5, 10, 6, 11], [7, 21, 8, 20], [9, 18, 10, 19], [11, 6, 12, 7], [13, 22, 14, 23], [15, 2, 16, 3], [17, 24, 18, 1], [19, 5, 20, 4], [21, 14, 22, 15], [23, 12, 24, 13], [1, 16, 2, 17]]"
12a_0862_24,"[[2, 17, 3, 18], [4, 10, 5, 9], [6, 11, 7, 12], [8, 22, 9, 21], [10, 19, 11, 20], [12, 7, 13, 8], [14, 23, 15, 24], [16, 3, 17, 4], [18, 1, 19, 2], [20, 6, 21, 5], [22, 15, 23, 16], [24, 13, 1, 14]]"
12a_0862_25,"[[24, 13, 1, 14], [2, 17, 3, 18], [4, 10, 5, 9], [6, 11, 7, 12], [8, 22, 9, 21], [10, 19, 11, 20], [12, 7, 13, 8], [14, 23, 15, 24], [16, 3, 17, 4], [18, 1, 19, 2], [20, 6, 21, 5], [22, 15, 23, 16]]"
12a_0862_26,"[[22, 15, 23, 16], [24, 13, 1, 14], [2, 17, 3, 18], [4, 10, 5, 9], [6, 11, 7, 12], [8, 22, 9, 21], [10, 19, 11, 20], [12, 7, 13, 8], [14, 23, 15, 24], [16, 3, 17, 4], [18, 1, 19, 2], [20, 6, 21, 5]]"
12a_0862_27,"[[20, 6, 21, 5], [22, 15, 23, 16], [24, 13, 1, 14], [2, 17, 3, 18], [4, 10, 5, 9], [6, 11, 7, 12], [8, 22, 9, 21], [10, 19, 11, 20], [12, 7, 13, 8], [14, 23, 15, 24], [16, 3, 17, 4], [18, 1, 19, 2]]"
12a_0862_28,"[[18, 1, 19, 2], [20, 6, 21, 5], [22, 15, 23, 16], [24, 13, 1, 14], [2, 17, 3, 18], [4, 10, 5, 9], [6, 11, 7, 12], [8, 22, 9, 21], [10, 19, 11, 20], [12, 7, 13, 8], [14, 23, 15, 24], [16, 3, 17, 4]]"
12a_0862_29,"[[16, 3, 17, 4], [18, 1, 19, 2], [20, 6, 21, 5], [22, 15, 23, 16], [24, 13, 1, 14], [2, 17, 3, 18], [4, 10, 5, 9], [6, 11, 7, 12], [8, 22, 9, 21], [10, 19, 11, 20], [12, 7, 13, 8], [14, 23, 15, 24]]"
12a_0862_30,"[[14, 23, 15, 24], [16, 3, 17, 4], [18, 1, 19, 2], [20, 6, 21, 5], [22, 15, 23, 16], [24, 13, 1, 14], [2, 17, 3, 18], [4, 10, 5, 9], [6, 11, 7, 12], [8, 22, 9, 21], [10, 19, 11, 20], [12, 7, 13, 8]]"
12a_0862_31,"[[12, 7, 13, 8], [14, 23, 15, 24], [16, 3, 17, 4], [18, 1, 19, 2], [20, 6, 21, 5], [22, 15, 23, 16], [24, 13, 1, 14], [2, 17, 3, 18], [4, 10, 5, 9], [6, 11, 7, 12], [8, 22, 9, 21], [10, 19, 11, 20]]"
12a_0862_32,"[[10, 19, 11, 20], [12, 7, 13, 8], [14, 23, 15, 24], [16, 3, 17, 4], [18, 1, 19, 2], [20, 6, 21, 5], [22, 15, 23, 16], [24, 13, 1, 14], [2, 17, 3, 18], [4, 10, 5, 9], [6, 11, 7, 12], [8, 22, 9, 21]]"
12a_0862_33,"[[8, 22, 9, 21], [10, 19, 11, 20], [12, 7, 13, 8], [14, 23, 15, 24], [16, 3, 17, 4], [18, 1, 19, 2], [20, 6, 21, 5], [22, 15, 23, 16], [24, 13, 1, 14], [2, 17, 3, 18], [4, 10, 5, 9], [6, 11, 7, 12]]"
12a_0862_34,"[[6, 11, 7, 12], [8, 22, 9, 21], [10, 19, 11, 20], [12, 7, 13, 8], [14, 23, 15, 24], [16, 3, 17, 4], [18, 1, 19, 2], [20, 6, 21, 5], [22, 15, 23, 16], [24, 13, 1, 14], [2, 17, 3, 18], [4, 10, 5, 9]]"
12a_0862_35,"[[4, 10, 5, 9], [6, 11, 7, 12], [8, 22, 9, 21], [10, 19, 11, 20], [12, 7, 13, 8], [14, 23, 15, 24], [16, 3, 17, 4], [18, 1, 19, 2], [20, 6, 21, 5], [22, 15, 23, 16], [24, 13, 1, 14], [2, 17, 3, 18]]"
12a_0862_36,"[[3, 18, 4, 19], [5, 11, 6, 10], [7, 12, 8, 13], [9, 23, 10, 22], [11, 20, 12, 21], [13, 8, 14, 9], [15, 24, 16, 1], [17, 4, 18, 5], [19, 2, 20, 3], [21, 7, 22, 6], [23, 16, 24, 17], [1, 14, 2, 15]]"
12a_0862_37,"[[1, 14, 2, 15], [3, 18, 4, 19], [5, 11, 6, 10], [7, 12, 8, 13], [9, 23, 10, 22], [11, 20, 12, 21], [13, 8, 14, 9], [15, 24, 16, 1], [17, 4, 18, 5], [19, 2, 20, 3], [21, 7, 22, 6], [23, 16, 24, 17]]"
12a_0862_38,"[[23, 16, 24, 17], [1, 14, 2, 15], [3, 18, 4, 19], [5, 11, 6, 10], [7, 12, 8, 13], [9, 23, 10, 22], [11, 20, 12, 21], [13, 8, 14, 9], [15, 24, 16, 1], [17, 4, 18, 5], [19, 2, 20, 3], [21, 7, 22, 6]]"
12a_0862_39,"[[21, 7, 22, 6], [23, 16, 24, 17], [1, 14, 2, 15], [3, 18, 4, 19], [5, 11, 6, 10], [7, 12, 8, 13], [9, 23, 10, 22], [11, 20, 12, 21], [13, 8, 14, 9], [15, 24, 16, 1], [17, 4, 18, 5], [19, 2, 20, 3]]"
12a_0862_40,"[[19, 2, 20, 3], [21, 7, 22, 6], [23, 16, 24, 17], [1, 14, 2, 15], [3, 18, 4, 19], [5, 11, 6, 10], [7, 12, 8, 13], [9, 23, 10, 22], [11, 20, 12, 21], [13, 8, 14, 9], [15, 24, 16, 1], [17, 4, 18, 5]]"
12a_0862_41,"[[17, 4, 18, 5], [19, 2, 20, 3], [21, 7, 22, 6], [23, 16, 24, 17], [1, 14, 2, 15], [3, 18, 4, 19], [5, 11, 6, 10], [7, 12, 8, 13], [9, 23, 10, 22], [11, 20, 12, 21], [13, 8, 14, 9], [15, 24, 16, 1]]"
12a_0862_42,"[[15, 24, 16, 1], [17, 4, 18, 5], [19, 2, 20, 3], [21, 7, 22, 6], [23, 16, 24, 17], [1, 14, 2, 15], [3, 18, 4, 19], [5, 11, 6, 10], [7, 12, 8, 13], [9, 23, 10, 22], [11, 20, 12, 21], [13, 8, 14, 9]]"
12a_0862_43,"[[13, 8, 14, 9], [15, 24, 16, 1], [17, 4, 18, 5], [19, 2, 20, 3], [21, 7, 22, 6], [23, 16, 24, 17], [1, 14, 2, 15], [3, 18, 4, 19], [5, 11, 6, 10], [7, 12, 8, 13], [9, 23, 10, 22], [11, 20, 12, 21]]"
12a_0862_44,"[[11, 20, 12, 21], [13, 8, 14, 9], [15, 24, 16, 1], [17, 4, 18, 5], [19, 2, 20, 3], [21, 7, 22, 6], [23, 16, 24, 17], [1, 14, 2, 15], [3, 18, 4, 19], [5, 11, 6, 10], [7, 12, 8, 13], [9, 23, 10, 22]]"
12a_0862_45,"[[9, 23, 10, 22], [11, 20, 12, 21], [13, 8, 14, 9], [15, 24, 16, 1], [17, 4, 18, 5], [19, 2, 20, 3], [21, 7, 22, 6], [23, 16, 24, 17], [1, 14, 2, 15], [3, 18, 4, 19], [5, 11, 6, 10], [7, 12, 8, 13]]"
12a_0862_46,"[[7, 12, 8, 13], [9, 23, 10, 22], [11, 20, 12, 21], [13, 8, 14, 9], [15, 24, 16, 1], [17, 4, 18, 5], [19, 2, 20, 3], [21, 7, 22, 6], [23, 16, 24, 17], [1, 14, 2, 15], [3, 18, 4, 19], [5, 11, 6, 10]]"
12a_0862_47,"[[5, 11, 6, 10], [7, 12, 8, 13], [9, 23, 10, 22], [11, 20, 12, 21], [13, 8, 14, 9], [15, 24, 16, 1], [17, 4, 18, 5], [19, 2, 20, 3], [21, 7, 22, 6], [23, 16, 24, 17], [1, 14, 2, 15], [3, 18, 4, 19]]"
12a_0862_48,"[[4, 19, 5, 20], [6, 12, 7, 11], [8, 13, 9, 14], [10, 24, 11, 23], [12, 21, 13, 22], [14, 9, 15, 10], [16, 1, 17, 2], [18, 5, 19, 6], [20, 3, 21, 4], [22, 8, 23, 7], [24, 17, 1, 18], [2, 15, 3, 16]]"
12a_0862_49,"[[2, 15, 3, 16], [4, 19, 5, 20], [6, 12, 7, 11], [8, 13, 9, 14], [10, 24, 11, 23], [12, 21, 13, 22], [14, 9, 15, 10], [16, 1, 17, 2], [18, 5, 19, 6], [20, 3, 21, 4], [22, 8, 23, 7], [24, 17, 1, 18]]"
12a_0862_50,"[[24, 17, 1, 18], [2, 15, 3, 16], [4, 19, 5, 20], [6, 12, 7, 11], [8, 13, 9, 14], [10, 24, 11, 23], [12, 21, 13, 22], [14, 9, 15, 10], [16, 1, 17, 2], [18, 5, 19, 6], [20, 3, 21, 4], [22, 8, 23, 7]]"
12a_0862_51,"[[22, 8, 23, 7], [24, 17, 1, 18], [2, 15, 3, 16], [4, 19, 5, 20], [6, 12, 7, 11], [8, 13, 9, 14], [10, 24, 11, 23], [12, 21, 13, 22], [14, 9, 15, 10], [16, 1, 17, 2], [18, 5, 19, 6], [20, 3, 21, 4]]"
12a_0862_52,"[[20, 3, 21, 4], [22, 8, 23, 7], [24, 17, 1, 18], [2, 15, 3, 16], [4, 19, 5, 20], [6, 12, 7, 11], [8, 13, 9, 14], [10, 24, 11, 23], [12, 21, 13, 22], [14, 9, 15, 10], [16, 1, 17, 2], [18, 5, 19, 6]]"
12a_0862_53,"[[18, 5, 19, 6], [20, 3, 21, 4], [22, 8, 23, 7], [24, 17, 1, 18], [2, 15, 3, 16], [4, 19, 5, 20], [6, 12, 7, 11], [8, 13, 9, 14], [10, 24, 11, 23], [12, 21, 13, 22], [14, 9, 15, 10], [16, 1, 17, 2]]"
12a_0862_54,"[[16, 1, 17, 2], [18, 5, 19, 6], [20, 3, 21, 4], [22, 8, 23, 7], [24, 17, 1, 18], [2, 15, 3, 16], [4, 19, 5, 20], [6, 12, 7, 11], [8, 13, 9, 14], [10, 24, 11, 23], [12, 21, 13, 22], [14, 9, 15, 10]]"
12a_0862_55,"[[14, 9, 15, 10], [16, 1, 17, 2], [18, 5, 19, 6], [20, 3, 21, 4], [22, 8, 23, 7], [24, 17, 1, 18], [2, 15, 3, 16], [4, 19, 5, 20], [6, 12, 7, 11], [8, 13, 9, 14], [10, 24, 11, 23], [12, 21, 13, 22]]"
12a_0862_56,"[[12, 21, 13, 22], [14, 9, 15, 10], [16, 1, 17, 2], [18, 5, 19, 6], [20, 3, 21, 4], [22, 8, 23, 7], [24, 17, 1, 18], [2, 15, 3, 16], [4, 19, 5, 20], [6, 12, 7, 11], [8, 13, 9, 14], [10, 24, 11, 23]]"
12a_0862_57,"[[10, 24, 11, 23], [12, 21, 13, 22], [14, 9, 15, 10], [16, 1, 17, 2], [18, 5, 19, 6], [20, 3, 21, 4], [22, 8, 23, 7], [24, 17, 1, 18], [2, 15, 3, 16], [4, 19, 5, 20], [6, 12, 7, 11], [8, 13, 9, 14]]"
12a_0862_58,"[[8, 13, 9, 14], [10, 24, 11, 23], [12, 21, 13, 22], [14, 9, 15, 10], [16, 1, 17, 2], [18, 5, 19, 6], [20, 3, 21, 4], [22, 8, 23, 7], [24, 17, 1, 18], [2, 15, 3, 16], [4, 19, 5, 20], [6, 12, 7, 11]]"
12a_0862_59,"[[6, 12, 7, 11], [8, 13, 9, 14], [10, 24, 11, 23], [12, 21, 13, 22], [14, 9, 15, 10], [16, 1, 17, 2], [18, 5, 19, 6], [20, 3, 21, 4], [22, 8, 23, 7], [24, 17, 1, 18], [2, 15, 3, 16], [4, 19, 5, 20]]"
12a_0862_60,"[[5, 20, 6, 21], [7, 13, 8, 12], [9, 14, 10, 15], [11, 1, 12, 24], [13, 22, 14, 23], [15, 10, 16, 11], [17, 2, 18, 3], [19, 6, 20, 7], [21, 4, 22, 5], [23, 9, 24, 8], [1, 18, 2, 19], [3, 16, 4, 17]]"
12a_0862_61,"[[3, 16, 4, 17], [5, 20, 6, 21], [7, 13, 8, 12], [9, 14, 10, 15], [11, 1, 12, 24], [13, 22, 14, 23], [15, 10, 16, 11], [17, 2, 18, 3], [19, 6, 20, 7], [21, 4, 22, 5], [23, 9, 24, 8], [1, 18, 2, 19]]"
12a_0862_62,"[[1, 18, 2, 19], [3, 16, 4, 17], [5, 20, 6, 21], [7, 13, 8, 12], [9, 14, 10, 15], [11, 1, 12, 24], [13, 22, 14, 23], [15, 10, 16, 11], [17, 2, 18, 3], [19, 6, 20, 7], [21, 4, 22, 5], [23, 9, 24, 8]]"
12a_0862_63,"[[23, 9, 24, 8], [1, 18, 2, 19], [3, 16, 4, 17], [5, 20, 6, 21], [7, 13, 8, 12], [9, 14, 10, 15], [11, 1, 12, 24], [13, 22, 14, 23], [15, 10, 16, 11], [17, 2, 18, 3], [19, 6, 20, 7], [21, 4, 22, 5]]"
12a_0862_64,"[[21, 4, 22, 5], [23, 9, 24, 8], [1, 18, 2, 19], [3, 16, 4, 17], [5, 20, 6, 21], [7, 13, 8, 12], [9, 14, 10, 15], [11, 1, 12, 24], [13, 22, 14, 23], [15, 10, 16, 11], [17, 2, 18, 3], [19, 6, 20, 7]]"
12a_0862_65,"[[19, 6, 20, 7], [21, 4, 22, 5], [23, 9, 24, 8], [1, 18, 2, 19], [3, 16, 4, 17], [5, 20, 6, 21], [7, 13, 8, 12], [9, 14, 10, 15], [11, 1, 12, 24], [13, 22, 14, 23], [15, 10, 16, 11], [17, 2, 18, 3]]"
12a_0862_66,"[[17, 2, 18, 3], [19, 6, 20, 7], [21, 4, 22, 5], [23, 9, 24, 8], [1, 18, 2, 19], [3, 16, 4, 17], [5, 20, 6, 21], [7, 13, 8, 12], [9, 14, 10, 15], [11, 1, 12, 24], [13, 22, 14, 23], [15, 10, 16, 11]]"
12a_0862_67,"[[15, 10, 16, 11], [17, 2, 18, 3], [19, 6, 20, 7], [21, 4, 22, 5], [23, 9, 24, 8], [1, 18, 2, 19], [3, 16, 4, 17], [5, 20, 6, 21], [7, 13, 8, 12], [9, 14, 10, 15], [11, 1, 12, 24], [13, 22, 14, 23]]"
12a_0862_68,"[[13, 22, 14, 23], [15, 10, 16, 11], [17, 2, 18, 3], [19, 6, 20, 7], [21, 4, 22, 5], [23, 9, 24, 8], [1, 18, 2, 19], [3, 16, 4, 17], [5, 20, 6, 21], [7, 13, 8, 12], [9, 14, 10, 15], [11, 1, 12, 24]]"
12a_0862_69,"[[11, 1, 12, 24], [13, 22, 14, 23], [15, 10, 16, 11], [17, 2, 18, 3], [19, 6, 20, 7], [21, 4, 22, 5], [23, 9, 24, 8], [1, 18, 2, 19], [3, 16, 4, 17], [5, 20, 6, 21], [7, 13, 8, 12], [9, 14, 10, 15]]"
12a_0862_70,"[[9, 14, 10, 15], [11, 1, 12, 24], [13, 22, 14, 23], [15, 10, 16, 11], [17, 2, 18, 3], [19, 6, 20, 7], [21, 4, 22, 5], [23, 9, 24, 8], [1, 18, 2, 19], [3, 16, 4, 17], [5, 20, 6, 21], [7, 13, 8, 12]]"
12a_0862_71,"[[7, 13, 8, 12], [9, 14, 10, 15], [11, 1, 12, 24], [13, 22, 14, 23], [15, 10, 16, 11], [17, 2, 18, 3], [19, 6, 20, 7], [21, 4, 22, 5], [23, 9, 24, 8], [1, 18, 2, 19], [3, 16, 4, 17], [5, 20, 6, 21]]"
12a_0862_72,"[[6, 21, 7, 22], [8, 14, 9, 13], [10, 15, 11, 16], [12, 2, 13, 1], [14, 23, 15, 24], [16, 11, 17, 12], [18, 3, 19, 4], [20, 7, 21, 8], [22, 5, 23, 6], [24, 10, 1, 9], [2, 19, 3, 20], [4, 17, 5, 18]]"
12a_0862_73,"[[4, 17, 5, 18], [6, 21, 7, 22], [8, 14, 9, 13], [10, 15, 11, 16], [12, 2, 13, 1], [14, 23, 15, 24], [16, 11, 17, 12], [18, 3, 19, 4], [20, 7, 21, 8], [22, 5, 23, 6], [24, 10, 1, 9], [2, 19, 3, 20]]"
12a_0862_74,"[[2, 19, 3, 20], [4, 17, 5, 18], [6, 21, 7, 22], [8, 14, 9, 13], [10, 15, 11, 16], [12, 2, 13, 1], [14, 23, 15, 24], [16, 11, 17, 12], [18, 3, 19, 4], [20, 7, 21, 8], [22, 5, 23, 6], [24, 10, 1, 9]]"
12a_0862_75,"[[24, 10, 1, 9], [2, 19, 3, 20], [4, 17, 5, 18], [6, 21, 7, 22], [8, 14, 9, 13], [10, 15, 11, 16], [12, 2, 13, 1], [14, 23, 15, 24], [16, 11, 17, 12], [18, 3, 19, 4], [20, 7, 21, 8], [22, 5, 23, 6]]"
12a_0862_76,"[[22, 5, 23, 6], [24, 10, 1, 9], [2, 19, 3, 20], [4, 17, 5, 18], [6, 21, 7, 22], [8, 14, 9, 13], [10, 15, 11, 16], [12, 2, 13, 1], [14, 23, 15, 24], [16, 11, 17, 12], [18, 3, 19, 4], [20, 7, 21, 8]]"
12a_0862_77,"[[20, 7, 21, 8], [22, 5, 23, 6], [24, 10, 1, 9], [2, 19, 3, 20], [4, 17, 5, 18], [6, 21, 7, 22], [8, 14, 9, 13], [10, 15, 11, 16], [12, 2, 13, 1], [14, 23, 15, 24], [16, 11, 17, 12], [18, 3, 19, 4]]"
12a_0862_78,"[[18, 3, 19, 4], [20, 7, 21, 8], [22, 5, 23, 6], [24, 10, 1, 9], [2, 19, 3, 20], [4, 17, 5, 18], [6, 21, 7, 22], [8, 14, 9, 13], [10, 15, 11, 16], [12, 2, 13, 1], [14, 23, 15, 24], [16, 11, 17, 12]]"
12a_0862_79,"[[16, 11, 17, 12], [18, 3, 19, 4], [20, 7, 21, 8], [22, 5, 23, 6], [24, 10, 1, 9], [2, 19, 3, 20], [4, 17, 5, 18], [6, 21, 7, 22], [8, 14, 9, 13], [10, 15, 11, 16], [12, 2, 13, 1], [14, 23, 15, 24]]"
12a_0862_80,"[[14, 23, 15, 24], [16, 11, 17, 12], [18, 3, 19, 4], [20, 7, 21, 8], [22, 5, 23, 6], [24, 10, 1, 9], [2, 19, 3, 20], [4, 17, 5, 18], [6, 21, 7, 22], [8, 14, 9, 13], [10, 15, 11, 16], [12, 2, 13, 1]]"
12a_0862_81,"[[12, 2, 13, 1], [14, 23, 15, 24], [16, 11, 17, 12], [18, 3, 19, 4], [20, 7, 21, 8], [22, 5, 23, 6], [24, 10, 1, 9], [2, 19, 3, 20], [4, 17, 5, 18], [6, 21, 7, 22], [8, 14, 9, 13], [10, 15, 11, 16]]"
12a_0862_82,"[[10, 15, 11, 16], [12, 2, 13, 1], [14, 23, 15, 24], [16, 11, 17, 12], [18, 3, 19, 4], [20, 7, 21, 8], [22, 5, 23, 6], [24, 10, 1, 9], [2, 19, 3, 20], [4, 17, 5, 18], [6, 21, 7, 22], [8, 14, 9, 13]]"
12a_0862_83,"[[8, 14, 9, 13], [10, 15, 11, 16], [12, 2, 13, 1], [14, 23, 15, 24], [16, 11, 17, 12], [18, 3, 19, 4], [20, 7, 21, 8], [22, 5, 23, 6], [24, 10, 1, 9], [2, 19, 3, 20], [4, 17, 5, 18], [6, 21, 7, 22]]"
12a_0862_84,"[[7, 22, 8, 23], [9, 15, 10, 14], [11, 16, 12, 17], [13, 3, 14, 2], [15, 24, 16, 1], [17, 12, 18, 13], [19, 4, 20, 5], [21, 8, 22, 9], [23, 6, 24, 7], [1, 11, 2, 10], [3, 20, 4, 21], [5, 18, 6, 19]]"
12a_0862_85,"[[5, 18, 6, 19], [7, 22, 8, 23], [9, 15, 10, 14], [11, 16, 12, 17], [13, 3, 14, 2], [15, 24, 16, 1], [17, 12, 18, 13], [19, 4, 20, 5], [21, 8, 22, 9], [23, 6, 24, 7], [1, 11, 2, 10], [3, 20, 4, 21]]"
12a_0862_86,"[[3, 20, 4, 21], [5, 18, 6, 19], [7, 22, 8, 23], [9, 15, 10, 14], [11, 16, 12, 17], [13, 3, 14, 2], [15, 24, 16, 1], [17, 12, 18, 13], [19, 4, 20, 5], [21, 8, 22, 9], [23, 6, 24, 7], [1, 11, 2, 10]]"
12a_0862_87,"[[1, 11, 2, 10], [3, 20, 4, 21], [5, 18, 6, 19], [7, 22, 8, 23], [9, 15, 10, 14], [11, 16, 12, 17], [13, 3, 14, 2], [15, 24, 16, 1], [17, 12, 18, 13], [19, 4, 20, 5], [21, 8, 22, 9], [23, 6, 24, 7]]"
12a_0862_88,"[[23, 6, 24, 7], [1, 11, 2, 10], [3, 20, 4, 21], [5, 18, 6, 19], [7, 22, 8, 23], [9, 15, 10, 14], [11, 16, 12, 17], [13, 3, 14, 2], [15, 24, 16, 1], [17, 12, 18, 13], [19, 4, 20, 5], [21, 8, 22, 9]]"
12a_0862_89,"[[21, 8, 22, 9], [23, 6, 24, 7], [1, 11, 2, 10], [3, 20, 4, 21], [5, 18, 6, 19], [7, 22, 8, 23], [9, 15, 10, 14], [11, 16, 12, 17], [13, 3, 14, 2], [15, 24, 16, 1], [17, 12, 18, 13], [19, 4, 20, 5]]"
12a_0862_90,"[[19, 4, 20, 5], [21, 8, 22, 9], [23, 6, 24, 7], [1, 11, 2, 10], [3, 20, 4, 21], [5, 18, 6, 19], [7, 22, 8, 23], [9, 15, 10, 14], [11, 16, 12, 17], [13, 3, 14, 2], [15, 24, 16, 1], [17, 12, 18, 13]]"
12a_0862_91,"[[17, 12, 18, 13], [19, 4, 20, 5], [21, 8, 22, 9], [23, 6, 24, 7], [1, 11, 2, 10], [3, 20, 4, 21], [5, 18, 6, 19], [7, 22, 8, 23], [9, 15, 10, 14], [11, 16, 12, 17], [13, 3, 14, 2], [15, 24, 16, 1]]"
12a_0862_92,"[[15, 24, 16, 1], [17, 12, 18, 13], [19, 4, 20, 5], [21, 8, 22, 9], [23, 6, 24, 7], [1, 11, 2, 10], [3, 20, 4, 21], [5, 18, 6, 19], [7, 22, 8, 23], [9, 15, 10, 14], [11, 16, 12, 17], [13, 3, 14, 2]]"
12a_0862_93,"[[13, 3, 14, 2], [15, 24, 16, 1], [17, 12, 18, 13], [19, 4, 20, 5], [21, 8, 22, 9], [23, 6, 24, 7], [1, 11, 2, 10], [3, 20, 4, 21], [5, 18, 6, 19], [7, 22, 8, 23], [9, 15, 10, 14], [11, 16, 12, 17]]"
12a_0862_94,"[[11, 16, 12, 17], [13, 3, 14, 2], [15, 24, 16, 1], [17, 12, 18, 13], [19, 4, 20, 5], [21, 8, 22, 9], [23, 6, 24, 7], [1, 11, 2, 10], [3, 20, 4, 21], [5, 18, 6, 19], [7, 22, 8, 23], [9, 15, 10, 14]]"
12a_0862_95,"[[9, 15, 10, 14], [11, 16, 12, 17], [13, 3, 14, 2], [15, 24, 16, 1], [17, 12, 18, 13], [19, 4, 20, 5], [21, 8, 22, 9], [23, 6, 24, 7], [1, 11, 2, 10], [3, 20, 4, 21], [5, 18, 6, 19], [7, 22, 8, 23]]"
12a_0862_96,"[[8, 23, 9, 24], [10, 16, 11, 15], [12, 17, 13, 18], [14, 4, 15, 3], [16, 1, 17, 2], [18, 13, 19, 14], [20, 5, 21, 6], [22, 9, 23, 10], [24, 7, 1, 8], [2, 12, 3, 11], [4, 21, 5, 22], [6, 19, 7, 20]]"
12a_0862_97,"[[6, 19, 7, 20], [8, 23, 9, 24], [10, 16, 11, 15], [12, 17, 13, 18], [14, 4, 15, 3], [16, 1, 17, 2], [18, 13, 19, 14], [20, 5, 21, 6], [22, 9, 23, 10], [24, 7, 1, 8], [2, 12, 3, 11], [4, 21, 5, 22]]"
12a_0862_98,"[[4, 21, 5, 22], [6, 19, 7, 20], [8, 23, 9, 24], [10, 16, 11, 15], [12, 17, 13, 18], [14, 4, 15, 3], [16, 1, 17, 2], [18, 13, 19, 14], [20, 5, 21, 6], [22, 9, 23, 10], [24, 7, 1, 8], [2, 12, 3, 11]]"
12a_0862_99,"[[2, 12, 3, 11], [4, 21, 5, 22], [6, 19, 7, 20], [8, 23, 9, 24], [10, 16, 11, 15], [12, 17, 13, 18], [14, 4, 15, 3], [16, 1, 17, 2], [18, 13, 19, 14], [20, 5, 21, 6], [22, 9, 23, 10], [24, 7, 1, 8]]"
12a_0862_100,"[[24, 7, 1, 8], [2, 12, 3, 11], [4, 21, 5, 22], [6, 19, 7, 20], [8, 23, 9, 24], [10, 16, 11, 15], [12, 17, 13, 18], [14, 4, 15, 3], [16, 1, 17, 2], [18, 13, 19, 14], [20, 5, 21, 6], [22, 9, 23, 10]]"
12a_0862_101,"[[22, 9, 23, 10], [24, 7, 1, 8], [2, 12, 3, 11], [4, 21, 5, 22], [6, 19, 7, 20], [8, 23, 9, 24], [10, 16, 11, 15], [12, 17, 13, 18], [14, 4, 15, 3], [16, 1, 17, 2], [18, 13, 19, 14], [20, 5, 21, 6]]"
12a_0862_102,"[[20, 5, 21, 6], [22, 9, 23, 10], [24, 7, 1, 8], [2, 12, 3, 11], [4, 21, 5, 22], [6, 19, 7, 20], [8, 23, 9, 24], [10, 16, 11, 15], [12, 17, 13, 18], [14, 4, 15, 3], [16, 1, 17, 2], [18, 13, 19, 14]]"
12a_0862_103,"[[18, 13, 19, 14], [20, 5, 21, 6], [22, 9, 23, 10], [24, 7, 1, 8], [2, 12, 3, 11], [4, 21, 5, 22], [6, 19, 7, 20], [8, 23, 9, 24], [10, 16, 11, 15], [12, 17, 13, 18], [14, 4, 15, 3], [16, 1, 17, 2]]"
12a_0862_104,"[[16, 1, 17, 2], [18, 13, 19, 14], [20, 5, 21, 6], [22, 9, 23, 10], [24, 7, 1, 8], [2, 12, 3, 11], [4, 21, 5, 22], [6, 19, 7, 20], [8, 23, 9, 24], [10, 16, 11, 15], [12, 17, 13, 18], [14, 4, 15, 3]]"
12a_0862_105,"[[14, 4, 15, 3], [16, 1, 17, 2], [18, 13, 19, 14], [20, 5, 21, 6], [22, 9, 23, 10], [24, 7, 1, 8], [2, 12, 3, 11], [4, 21, 5, 22], [6, 19, 7, 20], [8, 23, 9, 24], [10, 16, 11, 15], [12, 17, 13, 18]]"
12a_0862_106,"[[12, 17, 13, 18], [14, 4, 15, 3], [16, 1, 17, 2], [18, 13, 19, 14], [20, 5, 21, 6], [22, 9, 23, 10], [24, 7, 1, 8], [2, 12, 3, 11], [4, 21, 5, 22], [6, 19, 7, 20], [8, 23, 9, 24], [10, 16, 11, 15]]"
12a_0862_107,"[[10, 16, 11, 15], [12, 17, 13, 18], [14, 4, 15, 3], [16, 1, 17, 2], [18, 13, 19, 14], [20, 5, 21, 6], [22, 9, 23, 10], [24, 7, 1, 8], [2, 12, 3, 11], [4, 21, 5, 22], [6, 19, 7, 20], [8, 23, 9, 24]]"
12a_0862_108,"[[9, 24, 10, 1], [11, 17, 12, 16], [13, 18, 14, 19], [15, 5, 16, 4], [17, 2, 18, 3], [19, 14, 20, 15], [21, 6, 22, 7], [23, 10, 24, 11], [1, 8, 2, 9], [3, 13, 4, 12], [5, 22, 6, 23], [7, 20, 8, 21]]"
12a_0862_109,"[[7, 20, 8, 21], [9, 24, 10, 1], [11, 17, 12, 16], [13, 18, 14, 19], [15, 5, 16, 4], [17, 2, 18, 3], [19, 14, 20, 15], [21, 6, 22, 7], [23, 10, 24, 11], [1, 8, 2, 9], [3, 13, 4, 12], [5, 22, 6, 23]]"
12a_0862_110,"[[5, 22, 6, 23], [7, 20, 8, 21], [9, 24, 10, 1], [11, 17, 12, 16], [13, 18, 14, 19], [15, 5, 16, 4], [17, 2, 18, 3], [19, 14, 20, 15], [21, 6, 22, 7], [23, 10, 24, 11], [1, 8, 2, 9], [3, 13, 4, 12]]"
12a_0862_111,"[[3, 13, 4, 12], [5, 22, 6, 23], [7, 20, 8, 21], [9, 24, 10, 1], [11, 17, 12, 16], [13, 18, 14, 19], [15, 5, 16, 4], [17, 2, 18, 3], [19, 14, 20, 15], [21, 6, 22, 7], [23, 10, 24, 11], [1, 8, 2, 9]]"
12a_0862_112,"[[1, 8, 2, 9], [3, 13, 4, 12], [5, 22, 6, 23], [7, 20, 8, 21], [9, 24, 10, 1], [11, 17, 12, 16], [13, 18, 14, 19], [15, 5, 16, 4], [17, 2, 18, 3], [19, 14, 20, 15], [21, 6, 22, 7], [23, 10, 24, 11]]"
12a_0862_113,"[[23, 10, 24, 11], [1, 8, 2, 9], [3, 13, 4, 12], [5, 22, 6, 23], [7, 20, 8, 21], [9, 24, 10, 1], [11, 17, 12, 16], [13, 18, 14, 19], [15, 5, 16, 4], [17, 2, 18, 3], [19, 14, 20, 15], [21, 6, 22, 7]]"
12a_0862_114,"[[21, 6, 22, 7], [23, 10, 24, 11], [1, 8, 2, 9], [3, 13, 4, 12], [5, 22, 6, 23], [7, 20, 8, 21], [9, 24, 10, 1], [11, 17, 12, 16], [13, 18, 14, 19], [15, 5, 16, 4], [17, 2, 18, 3], [19, 14, 20, 15]]"
12a_0862_115,"[[19, 14, 20, 15], [21, 6, 22, 7], [23, 10, 24, 11], [1, 8, 2, 9], [3, 13, 4, 12], [5, 22, 6, 23], [7, 20, 8, 21], [9, 24, 10, 1], [11, 17, 12, 16], [13, 18, 14, 19], [15, 5, 16, 4], [17, 2, 18, 3]]"
12a_0862_116,"[[17, 2, 18, 3], [19, 14, 20, 15], [21, 6, 22, 7], [23, 10, 24, 11], [1, 8, 2, 9], [3, 13, 4, 12], [5, 22, 6, 23], [7, 20, 8, 21], [9, 24, 10, 1], [11, 17, 12, 16], [13, 18, 14, 19], [15, 5, 16, 4]]"
12a_0862_117,"[[15, 5, 16, 4], [17, 2, 18, 3], [19, 14, 20, 15], [21, 6, 22, 7], [23, 10, 24, 11], [1, 8, 2, 9], [3, 13, 4, 12], [5, 22, 6, 23], [7, 20, 8, 21], [9, 24, 10, 1], [11, 17, 12, 16], [13, 18, 14, 19]]"
12a_0862_118,"[[13, 18, 14, 19], [15, 5, 16, 4], [17, 2, 18, 3], [19, 14, 20, 15], [21, 6, 22, 7], [23, 10, 24, 11], [1, 8, 2, 9], [3, 13, 4, 12], [5, 22, 6, 23], [7, 20, 8, 21], [9, 24, 10, 1], [11, 17, 12, 16]]"
12a_0862_119,"[[11, 17, 12, 16], [13, 18, 14, 19], [15, 5, 16, 4], [17, 2, 18, 3], [19, 14, 20, 15], [21, 6, 22, 7], [23, 10, 24, 11], [1, 8, 2, 9], [3, 13, 4, 12], [5, 22, 6, 23], [7, 20, 8, 21], [9, 24, 10, 1]]"
12a_0862_120,"[[10, 1, 11, 2], [12, 18, 13, 17], [14, 19, 15, 20], [16, 6, 17, 5], [18, 3, 19, 4], [20, 15, 21, 16], [22, 7, 23, 8], [24, 11, 1, 12], [2, 9, 3, 10], [4, 14, 5, 13], [6, 23, 7, 24], [8, 21, 9, 22]]"
12a_0862_121,"[[8, 21, 9, 22], [10, 1, 11, 2], [12, 18, 13, 17], [14, 19, 15, 20], [16, 6, 17, 5], [18, 3, 19, 4], [20, 15, 21, 16], [22, 7, 23, 8], [24, 11, 1, 12], [2, 9, 3, 10], [4, 14, 5, 13], [6, 23, 7, 24]]"
12a_0862_122,"[[6, 23, 7, 24], [8, 21, 9, 22], [10, 1, 11, 2], [12, 18, 13, 17], [14, 19, 15, 20], [16, 6, 17, 5], [18, 3, 19, 4], [20, 15, 21, 16], [22, 7, 23, 8], [24, 11, 1, 12], [2, 9, 3, 10], [4, 14, 5, 13]]"
12a_0862_123,"[[4, 14, 5, 13], [6, 23, 7, 24], [8, 21, 9, 22], [10, 1, 11, 2], [12, 18, 13, 17], [14, 19, 15, 20], [16, 6, 17, 5], [18, 3, 19, 4], [20, 15, 21, 16], [22, 7, 23, 8], [24, 11, 1, 12], [2, 9, 3, 10]]"
12a_0862_124,"[[2, 9, 3, 10], [4, 14, 5, 13], [6, 23, 7, 24], [8, 21, 9, 22], [10, 1, 11, 2], [12, 18, 13, 17], [14, 19, 15, 20], [16, 6, 17, 5], [18, 3, 19, 4], [20, 15, 21, 16], [22, 7, 23, 8], [24, 11, 1, 12]]"
12a_0862_125,"[[24, 11, 1, 12], [2, 9, 3, 10], [4, 14, 5, 13], [6, 23, 7, 24], [8, 21, 9, 22], [10, 1, 11, 2], [12, 18, 13, 17], [14, 19, 15, 20], [16, 6, 17, 5], [18, 3, 19, 4], [20, 15, 21, 16], [22, 7, 23, 8]]"
12a_0862_126,"[[22, 7, 23, 8], [24, 11, 1, 12], [2, 9, 3, 10], [4, 14, 5, 13], [6, 23, 7, 24], [8, 21, 9, 22], [10, 1, 11, 2], [12, 18, 13, 17], [14, 19, 15, 20], [16, 6, 17, 5], [18, 3, 19, 4], [20, 15, 21, 16]]"
12a_0862_127,"[[20, 15, 21, 16], [22, 7, 23, 8], [24, 11, 1, 12], [2, 9, 3, 10], [4, 14, 5, 13], [6, 23, 7, 24], [8, 21, 9, 22], [10, 1, 11, 2], [12, 18, 13, 17], [14, 19, 15, 20], [16, 6, 17, 5], [18, 3, 19, 4]]"
12a_0862_128,"[[18, 3, 19, 4], [20, 15, 21, 16], [22, 7, 23, 8], [24, 11, 1, 12], [2, 9, 3, 10], [4, 14, 5, 13], [6, 23, 7, 24], [8, 21, 9, 22], [10, 1, 11, 2], [12, 18, 13, 17], [14, 19, 15, 20], [16, 6, 17, 5]]"
12a_0862_129,"[[16, 6, 17, 5], [18, 3, 19, 4], [20, 15, 21, 16], [22, 7, 23, 8], [24, 11, 1, 12], [2, 9, 3, 10], [4, 14, 5, 13], [6, 23, 7, 24], [8, 21, 9, 22], [10, 1, 11, 2], [12, 18, 13, 17], [14, 19, 15, 20]]"
12a_0862_130,"[[14, 19, 15, 20], [16, 6, 17, 5], [18, 3, 19, 4], [20, 15, 21, 16], [22, 7, 23, 8], [24, 11, 1, 12], [2, 9, 3, 10], [4, 14, 5, 13], [6, 23, 7, 24], [8, 21, 9, 22], [10, 1, 11, 2], [12, 18, 13, 17]]"
12a_0862_131,"[[12, 18, 13, 17], [14, 19, 15, 20], [16, 6, 17, 5], [18, 3, 19, 4], [20, 15, 21, 16], [22, 7, 23, 8], [24, 11, 1, 12], [2, 9, 3, 10], [4, 14, 5, 13], [6, 23, 7, 24], [8, 21, 9, 22], [10, 1, 11, 2]]"
12a_0862_132,"[[11, 2, 12, 3], [13, 19, 14, 18], [15, 20, 16, 21], [17, 7, 18, 6], [19, 4, 20, 5], [21, 16, 22, 17], [23, 8, 24, 9], [1, 12, 2, 13], [3, 10, 4, 11], [5, 15, 6, 14], [7, 24, 8, 1], [9, 22, 10, 23]]"
12a_0862_133,"[[9, 22, 10, 23], [11, 2, 12, 3], [13, 19, 14, 18], [15, 20, 16, 21], [17, 7, 18, 6], [19, 4, 20, 5], [21, 16, 22, 17], [23, 8, 24, 9], [1, 12, 2, 13], [3, 10, 4, 11], [5, 15, 6, 14], [7, 24, 8, 1]]"
12a_0862_134,"[[7, 24, 8, 1], [9, 22, 10, 23], [11, 2, 12, 3], [13, 19, 14, 18], [15, 20, 16, 21], [17, 7, 18, 6], [19, 4, 20, 5], [21, 16, 22, 17], [23, 8, 24, 9], [1, 12, 2, 13], [3, 10, 4, 11], [5, 15, 6, 14]]"
12a_0862_135,"[[5, 15, 6, 14], [7, 24, 8, 1], [9, 22, 10, 23], [11, 2, 12, 3], [13, 19, 14, 18], [15, 20, 16, 21], [17, 7, 18, 6], [19, 4, 20, 5], [21, 16, 22, 17], [23, 8, 24, 9], [1, 12, 2, 13], [3, 10, 4, 11]]"
12a_0862_136,"[[3, 10, 4, 11], [5, 15, 6, 14], [7, 24, 8, 1], [9, 22, 10, 23], [11, 2, 12, 3], [13, 19, 14, 18], [15, 20, 16, 21], [17, 7, 18, 6], [19, 4, 20, 5], [21, 16, 22, 17], [23, 8, 24, 9], [1, 12, 2, 13]]"
12a_0862_137,"[[1, 12, 2, 13], [3, 10, 4, 11], [5, 15, 6, 14], [7, 24, 8, 1], [9, 22, 10, 23], [11, 2, 12, 3], [13, 19, 14, 18], [15, 20, 16, 21], [17, 7, 18, 6], [19, 4, 20, 5], [21, 16, 22, 17], [23, 8, 24, 9]]"
12a_0862_138,"[[23, 8, 24, 9], [1, 12, 2, 13], [3, 10, 4, 11], [5, 15, 6, 14], [7, 24, 8, 1], [9, 22, 10, 23], [11, 2, 12, 3], [13, 19, 14, 18], [15, 20, 16, 21], [17, 7, 18, 6], [19, 4, 20, 5], [21, 16, 22, 17]]"
12a_0862_139,"[[21, 16, 22, 17], [23, 8, 24, 9], [1, 12, 2, 13], [3, 10, 4, 11], [5, 15, 6, 14], [7, 24, 8, 1], [9, 22, 10, 23], [11, 2, 12, 3], [13, 19, 14, 18], [15, 20, 16, 21], [17, 7, 18, 6], [19, 4, 20, 5]]"
12a_0862_140,"[[19, 4, 20, 5], [21, 16, 22, 17], [23, 8, 24, 9], [1, 12, 2, 13], [3, 10, 4, 11], [5, 15, 6, 14], [7, 24, 8, 1], [9, 22, 10, 23], [11, 2, 12, 3], [13, 19, 14, 18], [15, 20, 16, 21], [17, 7, 18, 6]]"
12a_0862_141,"[[17, 7, 18, 6], [19, 4, 20, 5], [21, 16, 22, 17], [23, 8, 24, 9], [1, 12, 2, 13], [3, 10, 4, 11], [5, 15, 6, 14], [7, 24, 8, 1], [9, 22, 10, 23], [11, 2, 12, 3], [13, 19, 14, 18], [15, 20, 16, 21]]"
12a_0862_142,"[[15, 20, 16, 21], [17, 7, 18, 6], [19, 4, 20, 5], [21, 16, 22, 17], [23, 8, 24, 9], [1, 12, 2, 13], [3, 10, 4, 11], [5, 15, 6, 14], [7, 24, 8, 1], [9, 22, 10, 23], [11, 2, 12, 3], [13, 19, 14, 18]]"
12a_0862_143,"[[13, 19, 14, 18], [15, 20, 16, 21], [17, 7, 18, 6], [19, 4, 20, 5], [21, 16, 22, 17], [23, 8, 24, 9], [1, 12, 2, 13], [3, 10, 4, 11], [5, 15, 6, 14], [7, 24, 8, 1], [9, 22, 10, 23], [11, 2, 12, 3]]"
12a_0862_144,"[[12, 3, 13, 4], [14, 20, 15, 19], [16, 21, 17, 22], [18, 8, 19, 7], [20, 5, 21, 6], [22, 17, 23, 18], [24, 9, 1, 10], [2, 13, 3, 14], [4, 11, 5, 12], [6, 16, 7, 15], [8, 1, 9, 2], [10, 23, 11, 24]]"
12a_0862_145,"[[10, 23, 11, 24], [12, 3, 13, 4], [14, 20, 15, 19], [16, 21, 17, 22], [18, 8, 19, 7], [20, 5, 21, 6], [22, 17, 23, 18], [24, 9, 1, 10], [2, 13, 3, 14], [4, 11, 5, 12], [6, 16, 7, 15], [8, 1, 9, 2]]"
12a_0862_146,"[[8, 1, 9, 2], [10, 23, 11, 24], [12, 3, 13, 4], [14, 20, 15, 19], [16, 21, 17, 22], [18, 8, 19, 7], [20, 5, 21, 6], [22, 17, 23, 18], [24, 9, 1, 10], [2, 13, 3, 14], [4, 11, 5, 12], [6, 16, 7, 15]]"
12a_0862_147,"[[6, 16, 7, 15], [8, 1, 9, 2], [10, 23, 11, 24], [12, 3, 13, 4], [14, 20, 15, 19], [16, 21, 17, 22], [18, 8, 19, 7], [20, 5, 21, 6], [22, 17, 23, 18], [24, 9, 1, 10], [2, 13, 3, 14], [4, 11, 5, 12]]"
12a_0862_148,"[[4, 11, 5, 12], [6, 16, 7, 15], [8, 1, 9, 2], [10, 23, 11, 24], [12, 3, 13, 4], [14, 20, 15, 19], [16, 21, 17, 22], [18, 8, 19, 7], [20, 5, 21, 6], [22, 17, 23, 18], [24, 9, 1, 10], [2, 13, 3, 14]]"
12a_0862_149,"[[2, 13, 3, 14], [4, 11, 5, 12], [6, 16, 7, 15], [8, 1, 9, 2], [10, 23, 11, 24], [12, 3, 13, 4], [14, 20, 15, 19], [16, 21, 17, 22], [18, 8, 19, 7], [20, 5, 21, 6], [22, 17, 23, 18], [24, 9, 1, 10]]"
12a_0862_150,"[[24, 9, 1, 10], [2, 13, 3, 14], [4, 11, 5, 12], [6, 16, 7, 15], [8, 1, 9, 2], [10, 23, 11, 24], [12, 3, 13, 4], [14, 20, 15, 19], [16, 21, 17, 22], [18, 8, 19, 7], [20, 5, 21, 6], [22, 17, 23, 18]]"
12a_0862_151,"[[22, 17, 23, 18], [24, 9, 1, 10], [2, 13, 3, 14], [4, 11, 5, 12], [6, 16, 7, 15], [8, 1, 9, 2], [10, 23, 11, 24], [12, 3, 13, 4], [14, 20, 15, 19], [16, 21, 17, 22], [18, 8, 19, 7], [20, 5, 21, 6]]"
12a_0862_152,"[[20, 5, 21, 6], [22, 17, 23, 18], [24, 9, 1, 10], [2, 13, 3, 14], [4, 11, 5, 12], [6, 16, 7, 15], [8, 1, 9, 2], [10, 23, 11, 24], [12, 3, 13, 4], [14, 20, 15, 19], [16, 21, 17, 22], [18, 8, 19, 7]]"
12a_0862_153,"[[18, 8, 19, 7], [20, 5, 21, 6], [22, 17, 23, 18], [24, 9, 1, 10], [2, 13, 3, 14], [4, 11, 5, 12], [6, 16, 7, 15], [8, 1, 9, 2], [10, 23, 11, 24], [12, 3, 13, 4], [14, 20, 15, 19], [16, 21, 17, 22]]"
12a_0862_154,"[[16, 21, 17, 22], [18, 8, 19, 7], [20, 5, 21, 6], [22, 17, 23, 18], [24, 9, 1, 10], [2, 13, 3, 14], [4, 11, 5, 12], [6, 16, 7, 15], [8, 1, 9, 2], [10, 23, 11, 24], [12, 3, 13, 4], [14, 20, 15, 19]]"
12a_0862_155,"[[14, 20, 15, 19], [16, 21, 17, 22], [18, 8, 19, 7], [20, 5, 21, 6], [22, 17, 23, 18], [24, 9, 1, 10], [2, 13, 3, 14], [4, 11, 5, 12], [6, 16, 7, 15], [8, 1, 9, 2], [10, 23, 11, 24], [12, 3, 13, 4]]"
12a_0862_156,"[[13, 4, 14, 5], [15, 21, 16, 20], [17, 22, 18, 23], [19, 9, 20, 8], [21, 6, 22, 7], [23, 18, 24, 19], [1, 10, 2, 11], [3, 14, 4, 15], [5, 12, 6, 13], [7, 17, 8, 16], [9, 2, 10, 3], [11, 24, 12, 1]]"
12a_0862_157,"[[11, 24, 12, 1], [13, 4, 14, 5], [15, 21, 16, 20], [17, 22, 18, 23], [19, 9, 20, 8], [21, 6, 22, 7], [23, 18, 24, 19], [1, 10, 2, 11], [3, 14, 4, 15], [5, 12, 6, 13], [7, 17, 8, 16], [9, 2, 10, 3]]"
12a_0862_158,"[[9, 2, 10, 3], [11, 24, 12, 1], [13, 4, 14, 5], [15, 21, 16, 20], [17, 22, 18, 23], [19, 9, 20, 8], [21, 6, 22, 7], [23, 18, 24, 19], [1, 10, 2, 11], [3, 14, 4, 15], [5, 12, 6, 13], [7, 17, 8, 16]]"
12a_0862_159,"[[7, 17, 8, 16], [9, 2, 10, 3], [11, 24, 12, 1], [13, 4, 14, 5], [15, 21, 16, 20], [17, 22, 18, 23], [19, 9, 20, 8], [21, 6, 22, 7], [23, 18, 24, 19], [1, 10, 2, 11], [3, 14, 4, 15], [5, 12, 6, 13]]"
12a_0862_160,"[[5, 12, 6, 13], [7, 17, 8, 16], [9, 2, 10, 3], [11, 24, 12, 1], [13, 4, 14, 5], [15, 21, 16, 20], [17, 22, 18, 23], [19, 9, 20, 8], [21, 6, 22, 7], [23, 18, 24, 19], [1, 10, 2, 11], [3, 14, 4, 15]]"
12a_0862_161,"[[3, 14, 4, 15], [5, 12, 6, 13], [7, 17, 8, 16], [9, 2, 10, 3], [11, 24, 12, 1], [13, 4, 14, 5], [15, 21, 16, 20], [17, 22, 18, 23], [19, 9, 20, 8], [21, 6, 22, 7], [23, 18, 24, 19], [1, 10, 2, 11]]"
12a_0862_162,"[[1, 10, 2, 11], [3, 14, 4, 15], [5, 12, 6, 13], [7, 17, 8, 16], [9, 2, 10, 3], [11, 24, 12, 1], [13, 4, 14, 5], [15, 21, 16, 20], [17, 22, 18, 23], [19, 9, 20, 8], [21, 6, 22, 7], [23, 18, 24, 19]]"
12a_0862_163,"[[23, 18, 24, 19], [1, 10, 2, 11], [3, 14, 4, 15], [5, 12, 6, 13], [7, 17, 8, 16], [9, 2, 10, 3], [11, 24, 12, 1], [13, 4, 14, 5], [15, 21, 16, 20], [17, 22, 18, 23], [19, 9, 20, 8], [21, 6, 22, 7]]"
12a_0862_164,"[[21, 6, 22, 7], [23, 18, 24, 19], [1, 10, 2, 11], [3, 14, 4, 15], [5, 12, 6, 13], [7, 17, 8, 16], [9, 2, 10, 3], [11, 24, 12, 1], [13, 4, 14, 5], [15, 21, 16, 20], [17, 22, 18, 23], [19, 9, 20, 8]]"
12a_0862_165,"[[19, 9, 20, 8], [21, 6, 22, 7], [23, 18, 24, 19], [1, 10, 2, 11], [3, 14, 4, 15], [5, 12, 6, 13], [7, 17, 8, 16], [9, 2, 10, 3], [11, 24, 12, 1], [13, 4, 14, 5], [15, 21, 16, 20], [17, 22, 18, 23]]"
12a_0862_166,"[[17, 22, 18, 23], [19, 9, 20, 8], [21, 6, 22, 7], [23, 18, 24, 19], [1, 10, 2, 11], [3, 14, 4, 15], [5, 12, 6, 13], [7, 17, 8, 16], [9, 2, 10, 3], [11, 24, 12, 1], [13, 4, 14, 5], [15, 21, 16, 20]]"
12a_0862_167,"[[15, 21, 16, 20], [17, 22, 18, 23], [19, 9, 20, 8], [21, 6, 22, 7], [23, 18, 24, 19], [1, 10, 2, 11], [3, 14, 4, 15], [5, 12, 6, 13], [7, 17, 8, 16], [9, 2, 10, 3], [11, 24, 12, 1], [13, 4, 14, 5]]"
12a_0862_168,"[[14, 5, 15, 6], [16, 22, 17, 21], [18, 23, 19, 24], [20, 10, 21, 9], [22, 7, 23, 8], [24, 19, 1, 20], [2, 11, 3, 12], [4, 15, 5, 16], [6, 13, 7, 14], [8, 18, 9, 17], [10, 3, 11, 4], [12, 1, 13, 2]]"
12a_0862_169,"[[12, 1, 13, 2], [14, 5, 15, 6], [16, 22, 17, 21], [18, 23, 19, 24], [20, 10, 21, 9], [22, 7, 23, 8], [24, 19, 1, 20], [2, 11, 3, 12], [4, 15, 5, 16], [6, 13, 7, 14], [8, 18, 9, 17], [10, 3, 11, 4]]"
12a_0862_170,"[[10, 3, 11, 4], [12, 1, 13, 2], [14, 5, 15, 6], [16, 22, 17, 21], [18, 23, 19, 24], [20, 10, 21, 9], [22, 7, 23, 8], [24, 19, 1, 20], [2, 11, 3, 12], [4, 15, 5, 16], [6, 13, 7, 14], [8, 18, 9, 17]]"
12a_0862_171,"[[8, 18, 9, 17], [10, 3, 11, 4], [12, 1, 13, 2], [14, 5, 15, 6], [16, 22, 17, 21], [18, 23, 19, 24], [20, 10, 21, 9], [22, 7, 23, 8], [24, 19, 1, 20], [2, 11, 3, 12], [4, 15, 5, 16], [6, 13, 7, 14]]"
12a_0862_172,"[[6, 13, 7, 14], [8, 18, 9, 17], [10, 3, 11, 4], [12, 1, 13, 2], [14, 5, 15, 6], [16, 22, 17, 21], [18, 23, 19, 24], [20, 10, 21, 9], [22, 7, 23, 8], [24, 19, 1, 20], [2, 11, 3, 12], [4, 15, 5, 16]]"
12a_0862_173,"[[4, 15, 5, 16], [6, 13, 7, 14], [8, 18, 9, 17], [10, 3, 11, 4], [12, 1, 13, 2], [14, 5, 15, 6], [16, 22, 17, 21], [18, 23, 19, 24], [20, 10, 21, 9], [22, 7, 23, 8], [24, 19, 1, 20], [2, 11, 3, 12]]"
12a_0862_174,"[[2, 11, 3, 12], [4, 15, 5, 16], [6, 13, 7, 14], [8, 18, 9, 17], [10, 3, 11, 4], [12, 1, 13, 2], [14, 5, 15, 6], [16, 22, 17, 21], [18, 23, 19, 24], [20, 10, 21, 9], [22, 7, 23, 8], [24, 19, 1, 20]]"
12a_0862_175,"[[24, 19, 1, 20], [2, 11, 3, 12], [4, 15, 5, 16], [6, 13, 7, 14], [8, 18, 9, 17], [10, 3, 11, 4], [12, 1, 13, 2], [14, 5, 15, 6], [16, 22, 17, 21], [18, 23, 19, 24], [20, 10, 21, 9], [22, 7, 23, 8]]"
12a_0862_176,"[[22, 7, 23, 8], [24, 19, 1, 20], [2, 11, 3, 12], [4, 15, 5, 16], [6, 13, 7, 14], [8, 18, 9, 17], [10, 3, 11, 4], [12, 1, 13, 2], [14, 5, 15, 6], [16, 22, 17, 21], [18, 23, 19, 24], [20, 10, 21, 9]]"
12a_0862_177,"[[20, 10, 21, 9], [22, 7, 23, 8], [24, 19, 1, 20], [2, 11, 3, 12], [4, 15, 5, 16], [6, 13, 7, 14], [8, 18, 9, 17], [10, 3, 11, 4], [12, 1, 13, 2], [14, 5, 15, 6], [16, 22, 17, 21], [18, 23, 19, 24]]"
12a_0862_178,"[[18, 23, 19, 24], [20, 10, 21, 9], [22, 7, 23, 8], [24, 19, 1, 20], [2, 11, 3, 12], [4, 15, 5, 16], [6, 13, 7, 14], [8, 18, 9, 17], [10, 3, 11, 4], [12, 1, 13, 2], [14, 5, 15, 6], [16, 22, 17, 21]]"
12a_0862_179,"[[16, 22, 17, 21], [18, 23, 19, 24], [20, 10, 21, 9], [22, 7, 23, 8], [24, 19, 1, 20], [2, 11, 3, 12], [4, 15, 5, 16], [6, 13, 7, 14], [8, 18, 9, 17], [10, 3, 11, 4], [12, 1, 13, 2], [14, 5, 15, 6]]"
12a_0862_180,"[[15, 6, 16, 7], [17, 23, 18, 22], [19, 24, 20, 1], [21, 11, 22, 10], [23, 8, 24, 9], [1, 20, 2, 21], [3, 12, 4, 13], [5, 16, 6, 17], [7, 14, 8, 15], [9, 19, 10, 18], [11, 4, 12, 5], [13, 2, 14, 3]]"
12a_0862_181,"[[13, 2, 14, 3], [15, 6, 16, 7], [17, 23, 18, 22], [19, 24, 20, 1], [21, 11, 22, 10], [23, 8, 24, 9], [1, 20, 2, 21], [3, 12, 4, 13], [5, 16, 6, 17], [7, 14, 8, 15], [9, 19, 10, 18], [11, 4, 12, 5]]"
12a_0862_182,"[[11, 4, 12, 5], [13, 2, 14, 3], [15, 6, 16, 7], [17, 23, 18, 22], [19, 24, 20, 1], [21, 11, 22, 10], [23, 8, 24, 9], [1, 20, 2, 21], [3, 12, 4, 13], [5, 16, 6, 17], [7, 14, 8, 15], [9, 19, 10, 18]]"
12a_0862_183,"[[9, 19, 10, 18], [11, 4, 12, 5], [13, 2, 14, 3], [15, 6, 16, 7], [17, 23, 18, 22], [19, 24, 20, 1], [21, 11, 22, 10], [23, 8, 24, 9], [1, 20, 2, 21], [3, 12, 4, 13], [5, 16, 6, 17], [7, 14, 8, 15]]"
12a_0862_184,"[[7, 14, 8, 15], [9, 19, 10, 18], [11, 4, 12, 5], [13, 2, 14, 3], [15, 6, 16, 7], [17, 23, 18, 22], [19, 24, 20, 1], [21, 11, 22, 10], [23, 8, 24, 9], [1, 20, 2, 21], [3, 12, 4, 13], [5, 16, 6, 17]]"
12a_0862_185,"[[5, 16, 6, 17], [7, 14, 8, 15], [9, 19, 10, 18], [11, 4, 12, 5], [13, 2, 14, 3], [15, 6, 16, 7], [17, 23, 18, 22], [19, 24, 20, 1], [21, 11, 22, 10], [23, 8, 24, 9], [1, 20, 2, 21], [3, 12, 4, 13]]"
