name,pd_notation
12a_0233_0,"[[24, 19, 1, 20], [2, 6, 3, 5], [4, 11, 5, 12], [6, 14, 7, 13], [8, 18, 9, 17], [10, 24, 11, 23], [12, 3, 13, 4], [14, 21, 15, 22], [16, 10, 17, 9], [18, 15, 19, 16], [20, 1, 21, 2], [22, 8, 23, 7]]"
12a_0233_1,"[[22, 8, 23, 7], [24, 19, 1, 20], [2, 6, 3, 5], [4, 11, 5, 12], [6, 14, 7, 13], [8, 18, 9, 17], [10, 24, 11, 23], [12, 3, 13, 4], [14, 21, 15, 22], [16, 10, 17, 9], [18, 15, 19, 16], [20, 1, 21, 2]]"
12a_0233_2,"[[20, 1, 21, 2], [22, 8, 23, 7], [24, 19, 1, 20], [2, 6, 3, 5], [4, 11, 5, 12], [6, 14, 7, 13], [8, 18, 9, 17], [10, 24, 11, 23], [12, 3, 13, 4], [14, 21, 15, 22], [16, 10, 17, 9], [18, 15, 19, 16]]"
12a_0233_3,"[[18, 15, 19, 16], [20, 1, 21, 2], [22, 8, 23, 7], [24, 19, 1, 20], [2, 6, 3, 5], [4, 11, 5, 12], [6, 14, 7, 13], [8, 18, 9, 17], [10, 24, 11, 23], [12, 3, 13, 4], [14, 21, 15, 22], [16, 10, 17, 9]]"
12a_0233_4,"[[16, 10, 17, 9], [18, 15, 19, 16], [20, 1, 21, 2], [22, 8, 23, 7], [24, 19, 1, 20], [2, 6, 3, 5], [4, 11, 5, 12], [6, 14, 7, 13], [8, 18, 9, 17], [10, 24, 11, 23], [12, 3, 13, 4], [14, 21, 15, 22]]"
12a_0233_5,"[[14, 21, 15, 22], [16, 10, 17, 9], [18, 15, 19, 16], [20, 1, 21, 2], [22, 8, 23, 7], [24, 19, 1, 20], [2, 6, 3, 5], [4, 11, 5, 12], [6, 14, 7, 13], [8, 18, 9, 17], [10, 24, 11, 23], [12, 3, 13, 4]]"
12a_0233_6,"[[12, 3, 13, 4], [14, 21, 15, 22], [16, 10, 17, 9], [18, 15, 19, 16], [20, 1, 21, 2], [22, 8, 23, 7], [24, 19, 1, 20], [2, 6, 3, 5], [4, 11, 5, 12], [6, 14, 7, 13], [8, 18, 9, 17], [10, 24, 11, 23]]"
12a_0233_7,"[[10, 24, 11, 23], [12, 3, 13, 4], [14, 21, 15, 22], [16, 10, 17, 9], [18, 15, 19, 16], [20, 1, 21, 2], [22, 8, 23, 7], [24, 19, 1, 20], [2, 6, 3, 5], [4, 11, 5, 12], [6, 14, 7, 13], [8, 18, 9, 17]]"
12a_0233_8,"[[8, 18, 9, 17], [10, 24, 11, 23], [12, 3, 13, 4], [14, 21, 15, 22], [16, 10, 17, 9], [18, 15, 19, 16], [20, 1, 21, 2], [22, 8, 23, 7], [24, 19, 1, 20], [2, 6, 3, 5], [4, 11, 5, 12], [6, 14, 7, 13]]"
12a_0233_9,"[[6, 14, 7, 13], [8, 18, 9, 17], [10, 24, 11, 23], [12, 3, 13, 4], [14, 21, 15, 22], [16, 10, 17, 9], [18, 15, 19, 16], [20, 1, 21, 2], [22, 8, 23, 7], [24, 19, 1, 20], [2, 6, 3, 5], [4, 11, 5, 12]]"
12a_0233_10,"[[4, 11, 5, 12], [6, 14, 7, 13], [8, 18, 9, 17], [10, 24, 11, 23], [12, 3, 13, 4], [14, 21, 15, 22], [16, 10, 17, 9], [18, 15, 19, 16], [20, 1, 21, 2], [22, 8, 23, 7], [24, 19, 1, 20], [2, 6, 3, 5]]"
12a_0233_11,"[[2, 6, 3, 5], [4, 11, 5, 12], [6, 14, 7, 13], [8, 18, 9, 17], [10, 24, 11, 23], [12, 3, 13, 4], [14, 21, 15, 22], [16, 10, 17, 9], [18, 15, 19, 16], [20, 1, 21, 2], [22, 8, 23, 7], [24, 19, 1, 20]]"
12a_0233_12,"[[1, 20, 2, 21], [3, 7, 4, 6], [5, 12, 6, 13], [7, 15, 8, 14], [9, 19, 10, 18], [11, 1, 12, 24], [13, 4, 14, 5], [15, 22, 16, 23], [17, 11, 18, 10], [19, 16, 20, 17], [21, 2, 22, 3], [23, 9, 24, 8]]"
12a_0233_13,"[[23, 9, 24, 8], [1, 20, 2, 21], [3, 7, 4, 6], [5, 12, 6, 13], [7, 15, 8, 14], [9, 19, 10, 18], [11, 1, 12, 24], [13, 4, 14, 5], [15, 22, 16, 23], [17, 11, 18, 10], [19, 16, 20, 17], [21, 2, 22, 3]]"
12a_0233_14,"[[21, 2, 22, 3], [23, 9, 24, 8], [1, 20, 2, 21], [3, 7, 4, 6], [5, 12, 6, 13], [7, 15, 8, 14], [9, 19, 10, 18], [11, 1, 12, 24], [13, 4, 14, 5], [15, 22, 16, 23], [17, 11, 18, 10], [19, 16, 20, 17]]"
12a_0233_15,"[[19, 16, 20, 17], [21, 2, 22, 3], [23, 9, 24, 8], [1, 20, 2, 21], [3, 7, 4, 6], [5, 12, 6, 13], [7, 15, 8, 14], [9, 19, 10, 18], [11, 1, 12, 24], [13, 4, 14, 5], [15, 22, 16, 23], [17, 11, 18, 10]]"
12a_0233_16,"[[17, 11, 18, 10], [19, 16, 20, 17], [21, 2, 22, 3], [23, 9, 24, 8], [1, 20, 2, 21], [3, 7, 4, 6], [5, 12, 6, 13], [7, 15, 8, 14], [9, 19, 10, 18], [11, 1, 12, 24], [13, 4, 14, 5], [15, 22, 16, 23]]"
12a_0233_17,"[[15, 22, 16, 23], [17, 11, 18, 10], [19, 16, 20, 17], [21, 2, 22, 3], [23, 9, 24, 8], [1, 20, 2, 21], [3, 7, 4, 6], [5, 12, 6, 13], [7, 15, 8, 14], [9, 19, 10, 18], [11, 1, 12, 24], [13, 4, 14, 5]]"
12a_0233_18,"[[13, 4, 14, 5], [15, 22, 16, 23], [17, 11, 18, 10], [19, 16, 20, 17], [21, 2, 22, 3], [23, 9, 24, 8], [1, 20, 2, 21], [3, 7, 4, 6], [5, 12, 6, 13], [7, 15, 8, 14], [9, 19, 10, 18], [11, 1, 12, 24]]"
12a_0233_19,"[[11, 1, 12, 24], [13, 4, 14, 5], [15, 22, 16, 23], [17, 11, 18, 10], [19, 16, 20, 17], [21, 2, 22, 3], [23, 9, 24, 8], [1, 20, 2, 21], [3, 7, 4, 6], [5, 12, 6, 13], [7, 15, 8, 14], [9, 19, 10, 18]]"
12a_0233_20,"[[9, 19, 10, 18], [11, 1, 12, 24], [13, 4, 14, 5], [15, 22, 16, 23], [17, 11, 18, 10], [19, 16, 20, 17], [21, 2, 22, 3], [23, 9, 24, 8], [1, 20, 2, 21], [3, 7, 4, 6], [5, 12, 6, 13], [7, 15, 8, 14]]"
12a_0233_21,"[[7, 15, 8, 14], [9, 19, 10, 18], [11, 1, 12, 24], [13, 4, 14, 5], [15, 22, 16, 23], [17, 11, 18, 10], [19, 16, 20, 17], [21, 2, 22, 3], [23, 9, 24, 8], [1, 20, 2, 21], [3, 7, 4, 6], [5, 12, 6, 13]]"
12a_0233_22,"[[5, 12, 6, 13], [7, 15, 8, 14], [9, 19, 10, 18], [11, 1, 12, 24], [13, 4, 14, 5], [15, 22, 16, 23], [17, 11, 18, 10], [19, 16, 20, 17], [21, 2, 22, 3], [23, 9, 24, 8], [1, 20, 2, 21], [3, 7, 4, 6]]"
12a_0233_23,"[[3, 7, 4, 6], [5, 12, 6, 13], [7, 15, 8, 14], [9, 19, 10, 18], [11, 1, 12, 24], [13, 4, 14, 5], [15, 22, 16, 23], [17, 11, 18, 10], [19, 16, 20, 17], [21, 2, 22, 3], [23, 9, 24, 8], [1, 20, 2, 21]]"
12a_0233_24,"[[2, 21, 3, 22], [4, 8, 5, 7], [6, 13, 7, 14], [8, 16, 9, 15], [10, 20, 11, 19], [12, 2, 13, 1], [14, 5, 15, 6], [16, 23, 17, 24], [18, 12, 19, 11], [20, 17, 21, 18], [22, 3, 23, 4], [24, 10, 1, 9]]"
12a_0233_25,"[[24, 10, 1, 9], [2, 21, 3, 22], [4, 8, 5, 7], [6, 13, 7, 14], [8, 16, 9, 15], [10, 20, 11, 19], [12, 2, 13, 1], [14, 5, 15, 6], [16, 23, 17, 24], [18, 12, 19, 11], [20, 17, 21, 18], [22, 3, 23, 4]]"
12a_0233_26,"[[22, 3, 23, 4], [24, 10, 1, 9], [2, 21, 3, 22], [4, 8, 5, 7], [6, 13, 7, 14], [8, 16, 9, 15], [10, 20, 11, 19], [12, 2, 13, 1], [14, 5, 15, 6], [16, 23, 17, 24], [18, 12, 19, 11], [20, 17, 21, 18]]"
12a_0233_27,"[[20, 17, 21, 18], [22, 3, 23, 4], [24, 10, 1, 9], [2, 21, 3, 22], [4, 8, 5, 7], [6, 13, 7, 14], [8, 16, 9, 15], [10, 20, 11, 19], [12, 2, 13, 1], [14, 5, 15, 6], [16, 23, 17, 24], [18, 12, 19, 11]]"
12a_0233_28,"[[18, 12, 19, 11], [20, 17, 21, 18], [22, 3, 23, 4], [24, 10, 1, 9], [2, 21, 3, 22], [4, 8, 5, 7], [6, 13, 7, 14], [8, 16, 9, 15], [10, 20, 11, 19], [12, 2, 13, 1], [14, 5, 15, 6], [16, 23, 17, 24]]"
12a_0233_29,"[[16, 23, 17, 24], [18, 12, 19, 11], [20, 17, 21, 18], [22, 3, 23, 4], [24, 10, 1, 9], [2, 21, 3, 22], [4, 8, 5, 7], [6, 13, 7, 14], [8, 16, 9, 15], [10, 20, 11, 19], [12, 2, 13, 1], [14, 5, 15, 6]]"
12a_0233_30,"[[14, 5, 15, 6], [16, 23, 17, 24], [18, 12, 19, 11], [20, 17, 21, 18], [22, 3, 23, 4], [24, 10, 1, 9], [2, 21, 3, 22], [4, 8, 5, 7], [6, 13, 7, 14], [8, 16, 9, 15], [10, 20, 11, 19], [12, 2, 13, 1]]"
12a_0233_31,"[[12, 2, 13, 1], [14, 5, 15, 6], [16, 23, 17, 24], [18, 12, 19, 11], [20, 17, 21, 18], [22, 3, 23, 4], [24, 10, 1, 9], [2, 21, 3, 22], [4, 8, 5, 7], [6, 13, 7, 14], [8, 16, 9, 15], [10, 20, 11, 19]]"
12a_0233_32,"[[10, 20, 11, 19], [12, 2, 13, 1], [14, 5, 15, 6], [16, 23, 17, 24], [18, 12, 19, 11], [20, 17, 21, 18], [22, 3, 23, 4], [24, 10, 1, 9], [2, 21, 3, 22], [4, 8, 5, 7], [6, 13, 7, 14], [8, 16, 9, 15]]"
12a_0233_33,"[[8, 16, 9, 15], [10, 20, 11, 19], [12, 2, 13, 1], [14, 5, 15, 6], [16, 23, 17, 24], [18, 12, 19, 11], [20, 17, 21, 18], [22, 3, 23, 4], [24, 10, 1, 9], [2, 21, 3, 22], [4, 8, 5, 7], [6, 13, 7, 14]]"
12a_0233_34,"[[6, 13, 7, 14], [8, 16, 9, 15], [10, 20, 11, 19], [12, 2, 13, 1], [14, 5, 15, 6], [16, 23, 17, 24], [18, 12, 19, 11], [20, 17, 21, 18], [22, 3, 23, 4], [24, 10, 1, 9], [2, 21, 3, 22], [4, 8, 5, 7]]"
12a_0233_35,"[[4, 8, 5, 7], [6, 13, 7, 14], [8, 16, 9, 15], [10, 20, 11, 19], [12, 2, 13, 1], [14, 5, 15, 6], [16, 23, 17, 24], [18, 12, 19, 11], [20, 17, 21, 18], [22, 3, 23, 4], [24, 10, 1, 9], [2, 21, 3, 22]]"
12a_0233_36,"[[3, 22, 4, 23], [5, 9, 6, 8], [7, 14, 8, 15], [9, 17, 10, 16], [11, 21, 12, 20], [13, 3, 14, 2], [15, 6, 16, 7], [17, 24, 18, 1], [19, 13, 20, 12], [21, 18, 22, 19], [23, 4, 24, 5], [1, 11, 2, 10]]"
12a_0233_37,"[[1, 11, 2, 10], [3, 22, 4, 23], [5, 9, 6, 8], [7, 14, 8, 15], [9, 17, 10, 16], [11, 21, 12, 20], [13, 3, 14, 2], [15, 6, 16, 7], [17, 24, 18, 1], [19, 13, 20, 12], [21, 18, 22, 19], [23, 4, 24, 5]]"
12a_0233_38,"[[23, 4, 24, 5], [1, 11, 2, 10], [3, 22, 4, 23], [5, 9, 6, 8], [7, 14, 8, 15], [9, 17, 10, 16], [11, 21, 12, 20], [13, 3, 14, 2], [15, 6, 16, 7], [17, 24, 18, 1], [19, 13, 20, 12], [21, 18, 22, 19]]"
12a_0233_39,"[[21, 18, 22, 19], [23, 4, 24, 5], [1, 11, 2, 10], [3, 22, 4, 23], [5, 9, 6, 8], [7, 14, 8, 15], [9, 17, 10, 16], [11, 21, 12, 20], [13, 3, 14, 2], [15, 6, 16, 7], [17, 24, 18, 1], [19, 13, 20, 12]]"
12a_0233_40,"[[19, 13, 20, 12], [21, 18, 22, 19], [23, 4, 24, 5], [1, 11, 2, 10], [3, 22, 4, 23], [5, 9, 6, 8], [7, 14, 8, 15], [9, 17, 10, 16], [11, 21, 12, 20], [13, 3, 14, 2], [15, 6, 16, 7], [17, 24, 18, 1]]"
12a_0233_41,"[[17, 24, 18, 1], [19, 13, 20, 12], [21, 18, 22, 19], [23, 4, 24, 5], [1, 11, 2, 10], [3, 22, 4, 23], [5, 9, 6, 8], [7, 14, 8, 15], [9, 17, 10, 16], [11, 21, 12, 20], [13, 3, 14, 2], [15, 6, 16, 7]]"
12a_0233_42,"[[15, 6, 16, 7], [17, 24, 18, 1], [19, 13, 20, 12], [21, 18, 22, 19], [23, 4, 24, 5], [1, 11, 2, 10], [3, 22, 4, 23], [5, 9, 6, 8], [7, 14, 8, 15], [9, 17, 10, 16], [11, 21, 12, 20], [13, 3, 14, 2]]"
12a_0233_43,"[[13, 3, 14, 2], [15, 6, 16, 7], [17, 24, 18, 1], [19, 13, 20, 12], [21, 18, 22, 19], [23, 4, 24, 5], [1, 11, 2, 10], [3, 22, 4, 23], [5, 9, 6, 8], [7, 14, 8, 15], [9, 17, 10, 16], [11, 21, 12, 20]]"
12a_0233_44,"[[11, 21, 12, 20], [13, 3, 14, 2], [15, 6, 16, 7], [17, 24, 18, 1], [19, 13, 20, 12], [21, 18, 22, 19], [23, 4, 24, 5], [1, 11, 2, 10], [3, 22, 4, 23], [5, 9, 6, 8], [7, 14, 8, 15], [9, 17, 10, 16]]"
12a_0233_45,"[[9, 17, 10, 16], [11, 21, 12, 20], [13, 3, 14, 2], [15, 6, 16, 7], [17, 24, 18, 1], [19, 13, 20, 12], [21, 18, 22, 19], [23, 4, 24, 5], [1, 11, 2, 10], [3, 22, 4, 23], [5, 9, 6, 8], [7, 14, 8, 15]]"
12a_0233_46,"[[7, 14, 8, 15], [9, 17, 10, 16], [11, 21, 12, 20], [13, 3, 14, 2], [15, 6, 16, 7], [17, 24, 18, 1], [19, 13, 20, 12], [21, 18, 22, 19], [23, 4, 24, 5], [1, 11, 2, 10], [3, 22, 4, 23], [5, 9, 6, 8]]"
12a_0233_47,"[[5, 9, 6, 8], [7, 14, 8, 15], [9, 17, 10, 16], [11, 21, 12, 20], [13, 3, 14, 2], [15, 6, 16, 7], [17, 24, 18, 1], [19, 13, 20, 12], [21, 18, 22, 19], [23, 4, 24, 5], [1, 11, 2, 10], [3, 22, 4, 23]]"
12a_0233_48,"[[4, 23, 5, 24], [6, 10, 7, 9], [8, 15, 9, 16], [10, 18, 11, 17], [12, 22, 13, 21], [14, 4, 15, 3], [16, 7, 17, 8], [18, 1, 19, 2], [20, 14, 21, 13], [22, 19, 23, 20], [24, 5, 1, 6], [2, 12, 3, 11]]"
12a_0233_49,"[[2, 12, 3, 11], [4, 23, 5, 24], [6, 10, 7, 9], [8, 15, 9, 16], [10, 18, 11, 17], [12, 22, 13, 21], [14, 4, 15, 3], [16, 7, 17, 8], [18, 1, 19, 2], [20, 14, 21, 13], [22, 19, 23, 20], [24, 5, 1, 6]]"
12a_0233_50,"[[24, 5, 1, 6], [2, 12, 3, 11], [4, 23, 5, 24], [6, 10, 7, 9], [8, 15, 9, 16], [10, 18, 11, 17], [12, 22, 13, 21], [14, 4, 15, 3], [16, 7, 17, 8], [18, 1, 19, 2], [20, 14, 21, 13], [22, 19, 23, 20]]"
12a_0233_51,"[[22, 19, 23, 20], [24, 5, 1, 6], [2, 12, 3, 11], [4, 23, 5, 24], [6, 10, 7, 9], [8, 15, 9, 16], [10, 18, 11, 17], [12, 22, 13, 21], [14, 4, 15, 3], [16, 7, 17, 8], [18, 1, 19, 2], [20, 14, 21, 13]]"
12a_0233_52,"[[20, 14, 21, 13], [22, 19, 23, 20], [24, 5, 1, 6], [2, 12, 3, 11], [4, 23, 5, 24], [6, 10, 7, 9], [8, 15, 9, 16], [10, 18, 11, 17], [12, 22, 13, 21], [14, 4, 15, 3], [16, 7, 17, 8], [18, 1, 19, 2]]"
12a_0233_53,"[[18, 1, 19, 2], [20, 14, 21, 13], [22, 19, 23, 20], [24, 5, 1, 6], [2, 12, 3, 11], [4, 23, 5, 24], [6, 10, 7, 9], [8, 15, 9, 16], [10, 18, 11, 17], [12, 22, 13, 21], [14, 4, 15, 3], [16, 7, 17, 8]]"
12a_0233_54,"[[16, 7, 17, 8], [18, 1, 19, 2], [20, 14, 21, 13], [22, 19, 23, 20], [24, 5, 1, 6], [2, 12, 3, 11], [4, 23, 5, 24], [6, 10, 7, 9], [8, 15, 9, 16], [10, 18, 11, 17], [12, 22, 13, 21], [14, 4, 15, 3]]"
12a_0233_55,"[[14, 4, 15, 3], [16, 7, 17, 8], [18, 1, 19, 2], [20, 14, 21, 13], [22, 19, 23, 20], [24, 5, 1, 6], [2, 12, 3, 11], [4, 23, 5, 24], [6, 10, 7, 9], [8, 15, 9, 16], [10, 18, 11, 17], [12, 22, 13, 21]]"
12a_0233_56,"[[12, 22, 13, 21], [14, 4, 15, 3], [16, 7, 17, 8], [18, 1, 19, 2], [20, 14, 21, 13], [22, 19, 23, 20], [24, 5, 1, 6], [2, 12, 3, 11], [4, 23, 5, 24], [6, 10, 7, 9], [8, 15, 9, 16], [10, 18, 11, 17]]"
12a_0233_57,"[[10, 18, 11, 17], [12, 22, 13, 21], [14, 4, 15, 3], [16, 7, 17, 8], [18, 1, 19, 2], [20, 14, 21, 13], [22, 19, 23, 20], [24, 5, 1, 6], [2, 12, 3, 11], [4, 23, 5, 24], [6, 10, 7, 9], [8, 15, 9, 16]]"
12a_0233_58,"[[8, 15, 9, 16], [10, 18, 11, 17], [12, 22, 13, 21], [14, 4, 15, 3], [16, 7, 17, 8], [18, 1, 19, 2], [20, 14, 21, 13], [22, 19, 23, 20], [24, 5, 1, 6], [2, 12, 3, 11], [4, 23, 5, 24], [6, 10, 7, 9]]"
12a_0233_59,"[[6, 10, 7, 9], [8, 15, 9, 16], [10, 18, 11, 17], [12, 22, 13, 21], [14, 4, 15, 3], [16, 7, 17, 8], [18, 1, 19, 2], [20, 14, 21, 13], [22, 19, 23, 20], [24, 5, 1, 6], [2, 12, 3, 11], [4, 23, 5, 24]]"
12a_0233_60,"[[5, 24, 6, 1], [7, 11, 8, 10], [9, 16, 10, 17], [11, 19, 12, 18], [13, 23, 14, 22], [15, 5, 16, 4], [17, 8, 18, 9], [19, 2, 20, 3], [21, 15, 22, 14], [23, 20, 24, 21], [1, 6, 2, 7], [3, 13, 4, 12]]"
12a_0233_61,"[[3, 13, 4, 12], [5, 24, 6, 1], [7, 11, 8, 10], [9, 16, 10, 17], [11, 19, 12, 18], [13, 23, 14, 22], [15, 5, 16, 4], [17, 8, 18, 9], [19, 2, 20, 3], [21, 15, 22, 14], [23, 20, 24, 21], [1, 6, 2, 7]]"
12a_0233_62,"[[1, 6, 2, 7], [3, 13, 4, 12], [5, 24, 6, 1], [7, 11, 8, 10], [9, 16, 10, 17], [11, 19, 12, 18], [13, 23, 14, 22], [15, 5, 16, 4], [17, 8, 18, 9], [19, 2, 20, 3], [21, 15, 22, 14], [23, 20, 24, 21]]"
12a_0233_63,"[[23, 20, 24, 21], [1, 6, 2, 7], [3, 13, 4, 12], [5, 24, 6, 1], [7, 11, 8, 10], [9, 16, 10, 17], [11, 19, 12, 18], [13, 23, 14, 22], [15, 5, 16, 4], [17, 8, 18, 9], [19, 2, 20, 3], [21, 15, 22, 14]]"
12a_0233_64,"[[21, 15, 22, 14], [23, 20, 24, 21], [1, 6, 2, 7], [3, 13, 4, 12], [5, 24, 6, 1], [7, 11, 8, 10], [9, 16, 10, 17], [11, 19, 12, 18], [13, 23, 14, 22], [15, 5, 16, 4], [17, 8, 18, 9], [19, 2, 20, 3]]"
12a_0233_65,"[[19, 2, 20, 3], [21, 15, 22, 14], [23, 20, 24, 21], [1, 6, 2, 7], [3, 13, 4, 12], [5, 24, 6, 1], [7, 11, 8, 10], [9, 16, 10, 17], [11, 19, 12, 18], [13, 23, 14, 22], [15, 5, 16, 4], [17, 8, 18, 9]]"
12a_0233_66,"[[17, 8, 18, 9], [19, 2, 20, 3], [21, 15, 22, 14], [23, 20, 24, 21], [1, 6, 2, 7], [3, 13, 4, 12], [5, 24, 6, 1], [7, 11, 8, 10], [9, 16, 10, 17], [11, 19, 12, 18], [13, 23, 14, 22], [15, 5, 16, 4]]"
12a_0233_67,"[[15, 5, 16, 4], [17, 8, 18, 9], [19, 2, 20, 3], [21, 15, 22, 14], [23, 20, 24, 21], [1, 6, 2, 7], [3, 13, 4, 12], [5, 24, 6, 1], [7, 11, 8, 10], [9, 16, 10, 17], [11, 19, 12, 18], [13, 23, 14, 22]]"
12a_0233_68,"[[13, 23, 14, 22], [15, 5, 16, 4], [17, 8, 18, 9], [19, 2, 20, 3], [21, 15, 22, 14], [23, 20, 24, 21], [1, 6, 2, 7], [3, 13, 4, 12], [5, 24, 6, 1], [7, 11, 8, 10], [9, 16, 10, 17], [11, 19, 12, 18]]"
12a_0233_69,"[[11, 19, 12, 18], [13, 23, 14, 22], [15, 5, 16, 4], [17, 8, 18, 9], [19, 2, 20, 3], [21, 15, 22, 14], [23, 20, 24, 21], [1, 6, 2, 7], [3, 13, 4, 12], [5, 24, 6, 1], [7, 11, 8, 10], [9, 16, 10, 17]]"
12a_0233_70,"[[9, 16, 10, 17], [11, 19, 12, 18], [13, 23, 14, 22], [15, 5, 16, 4], [17, 8, 18, 9], [19, 2, 20, 3], [21, 15, 22, 14], [23, 20, 24, 21], [1, 6, 2, 7], [3, 13, 4, 12], [5, 24, 6, 1], [7, 11, 8, 10]]"
12a_0233_71,"[[7, 11, 8, 10], [9, 16, 10, 17], [11, 19, 12, 18], [13, 23, 14, 22], [15, 5, 16, 4], [17, 8, 18, 9], [19, 2, 20, 3], [21, 15, 22, 14], [23, 20, 24, 21], [1, 6, 2, 7], [3, 13, 4, 12], [5, 24, 6, 1]]"
12a_0233_72,"[[6, 1, 7, 2], [8, 12, 9, 11], [10, 17, 11, 18], [12, 20, 13, 19], [14, 24, 15, 23], [16, 6, 17, 5], [18, 9, 19, 10], [20, 3, 21, 4], [22, 16, 23, 15], [24, 21, 1, 22], [2, 7, 3, 8], [4, 14, 5, 13]]"
12a_0233_73,"[[4, 14, 5, 13], [6, 1, 7, 2], [8, 12, 9, 11], [10, 17, 11, 18], [12, 20, 13, 19], [14, 24, 15, 23], [16, 6, 17, 5], [18, 9, 19, 10], [20, 3, 21, 4], [22, 16, 23, 15], [24, 21, 1, 22], [2, 7, 3, 8]]"
12a_0233_74,"[[2, 7, 3, 8], [4, 14, 5, 13], [6, 1, 7, 2], [8, 12, 9, 11], [10, 17, 11, 18], [12, 20, 13, 19], [14, 24, 15, 23], [16, 6, 17, 5], [18, 9, 19, 10], [20, 3, 21, 4], [22, 16, 23, 15], [24, 21, 1, 22]]"
12a_0233_75,"[[24, 21, 1, 22], [2, 7, 3, 8], [4, 14, 5, 13], [6, 1, 7, 2], [8, 12, 9, 11], [10, 17, 11, 18], [12, 20, 13, 19], [14, 24, 15, 23], [16, 6, 17, 5], [18, 9, 19, 10], [20, 3, 21, 4], [22, 16, 23, 15]]"
12a_0233_76,"[[22, 16, 23, 15], [24, 21, 1, 22], [2, 7, 3, 8], [4, 14, 5, 13], [6, 1, 7, 2], [8, 12, 9, 11], [10, 17, 11, 18], [12, 20, 13, 19], [14, 24, 15, 23], [16, 6, 17, 5], [18, 9, 19, 10], [20, 3, 21, 4]]"
12a_0233_77,"[[20, 3, 21, 4], [22, 16, 23, 15], [24, 21, 1, 22], [2, 7, 3, 8], [4, 14, 5, 13], [6, 1, 7, 2], [8, 12, 9, 11], [10, 17, 11, 18], [12, 20, 13, 19], [14, 24, 15, 23], [16, 6, 17, 5], [18, 9, 19, 10]]"
12a_0233_78,"[[18, 9, 19, 10], [20, 3, 21, 4], [22, 16, 23, 15], [24, 21, 1, 22], [2, 7, 3, 8], [4, 14, 5, 13], [6, 1, 7, 2], [8, 12, 9, 11], [10, 17, 11, 18], [12, 20, 13, 19], [14, 24, 15, 23], [16, 6, 17, 5]]"
12a_0233_79,"[[16, 6, 17, 5], [18, 9, 19, 10], [20, 3, 21, 4], [22, 16, 23, 15], [24, 21, 1, 22], [2, 7, 3, 8], [4, 14, 5, 13], [6, 1, 7, 2], [8, 12, 9, 11], [10, 17, 11, 18], [12, 20, 13, 19], [14, 24, 15, 23]]"
12a_0233_80,"[[14, 24, 15, 23], [16, 6, 17, 5], [18, 9, 19, 10], [20, 3, 21, 4], [22, 16, 23, 15], [24, 21, 1, 22], [2, 7, 3, 8], [4, 14, 5, 13], [6, 1, 7, 2], [8, 12, 9, 11], [10, 17, 11, 18], [12, 20, 13, 19]]"
12a_0233_81,"[[12, 20, 13, 19], [14, 24, 15, 23], [16, 6, 17, 5], [18, 9, 19, 10], [20, 3, 21, 4], [22, 16, 23, 15], [24, 21, 1, 22], [2, 7, 3, 8], [4, 14, 5, 13], [6, 1, 7, 2], [8, 12, 9, 11], [10, 17, 11, 18]]"
12a_0233_82,"[[10, 17, 11, 18], [12, 20, 13, 19], [14, 24, 15, 23], [16, 6, 17, 5], [18, 9, 19, 10], [20, 3, 21, 4], [22, 16, 23, 15], [24, 21, 1, 22], [2, 7, 3, 8], [4, 14, 5, 13], [6, 1, 7, 2], [8, 12, 9, 11]]"
12a_0233_83,"[[8, 12, 9, 11], [10, 17, 11, 18], [12, 20, 13, 19], [14, 24, 15, 23], [16, 6, 17, 5], [18, 9, 19, 10], [20, 3, 21, 4], [22, 16, 23, 15], [24, 21, 1, 22], [2, 7, 3, 8], [4, 14, 5, 13], [6, 1, 7, 2]]"
12a_0233_84,"[[7, 2, 8, 3], [9, 13, 10, 12], [11, 18, 12, 19], [13, 21, 14, 20], [15, 1, 16, 24], [17, 7, 18, 6], [19, 10, 20, 11], [21, 4, 22, 5], [23, 17, 24, 16], [1, 22, 2, 23], [3, 8, 4, 9], [5, 15, 6, 14]]"
12a_0233_85,"[[5, 15, 6, 14], [7, 2, 8, 3], [9, 13, 10, 12], [11, 18, 12, 19], [13, 21, 14, 20], [15, 1, 16, 24], [17, 7, 18, 6], [19, 10, 20, 11], [21, 4, 22, 5], [23, 17, 24, 16], [1, 22, 2, 23], [3, 8, 4, 9]]"
12a_0233_86,"[[3, 8, 4, 9], [5, 15, 6, 14], [7, 2, 8, 3], [9, 13, 10, 12], [11, 18, 12, 19], [13, 21, 14, 20], [15, 1, 16, 24], [17, 7, 18, 6], [19, 10, 20, 11], [21, 4, 22, 5], [23, 17, 24, 16], [1, 22, 2, 23]]"
12a_0233_87,"[[1, 22, 2, 23], [3, 8, 4, 9], [5, 15, 6, 14], [7, 2, 8, 3], [9, 13, 10, 12], [11, 18, 12, 19], [13, 21, 14, 20], [15, 1, 16, 24], [17, 7, 18, 6], [19, 10, 20, 11], [21, 4, 22, 5], [23, 17, 24, 16]]"
12a_0233_88,"[[23, 17, 24, 16], [1, 22, 2, 23], [3, 8, 4, 9], [5, 15, 6, 14], [7, 2, 8, 3], [9, 13, 10, 12], [11, 18, 12, 19], [13, 21, 14, 20], [15, 1, 16, 24], [17, 7, 18, 6], [19, 10, 20, 11], [21, 4, 22, 5]]"
12a_0233_89,"[[21, 4, 22, 5], [23, 17, 24, 16], [1, 22, 2, 23], [3, 8, 4, 9], [5, 15, 6, 14], [7, 2, 8, 3], [9, 13, 10, 12], [11, 18, 12, 19], [13, 21, 14, 20], [15, 1, 16, 24], [17, 7, 18, 6], [19, 10, 20, 11]]"
12a_0233_90,"[[19, 10, 20, 11], [21, 4, 22, 5], [23, 17, 24, 16], [1, 22, 2, 23], [3, 8, 4, 9], [5, 15, 6, 14], [7, 2, 8, 3], [9, 13, 10, 12], [11, 18, 12, 19], [13, 21, 14, 20], [15, 1, 16, 24], [17, 7, 18, 6]]"
12a_0233_91,"[[17, 7, 18, 6], [19, 10, 20, 11], [21, 4, 22, 5], [23, 17, 24, 16], [1, 22, 2, 23], [3, 8, 4, 9], [5, 15, 6, 14], [7, 2, 8, 3], [9, 13, 10, 12], [11, 18, 12, 19], [13, 21, 14, 20], [15, 1, 16, 24]]"
12a_0233_92,"[[15, 1, 16, 24], [17, 7, 18, 6], [19, 10, 20, 11], [21, 4, 22, 5], [23, 17, 24, 16], [1, 22, 2, 23], [3, 8, 4, 9], [5, 15, 6, 14], [7, 2, 8, 3], [9, 13, 10, 12], [11, 18, 12, 19], [13, 21, 14, 20]]"
12a_0233_93,"[[13, 21, 14, 20], [15, 1, 16, 24], [17, 7, 18, 6], [19, 10, 20, 11], [21, 4, 22, 5], [23, 17, 24, 16], [1, 22, 2, 23], [3, 8, 4, 9], [5, 15, 6, 14], [7, 2, 8, 3], [9, 13, 10, 12], [11, 18, 12, 19]]"
12a_0233_94,"[[11, 18, 12, 19], [13, 21, 14, 20], [15, 1, 16, 24], [17, 7, 18, 6], [19, 10, 20, 11], [21, 4, 22, 5], [23, 17, 24, 16], [1, 22, 2, 23], [3, 8, 4, 9], [5, 15, 6, 14], [7, 2, 8, 3], [9, 13, 10, 12]]"
12a_0233_95,"[[9, 13, 10, 12], [11, 18, 12, 19], [13, 21, 14, 20], [15, 1, 16, 24], [17, 7, 18, 6], [19, 10, 20, 11], [21, 4, 22, 5], [23, 17, 24, 16], [1, 22, 2, 23], [3, 8, 4, 9], [5, 15, 6, 14], [7, 2, 8, 3]]"
12a_0233_96,"[[8, 3, 9, 4], [10, 14, 11, 13], [12, 19, 13, 20], [14, 22, 15, 21], [16, 2, 17, 1], [18, 8, 19, 7], [20, 11, 21, 12], [22, 5, 23, 6], [24, 18, 1, 17], [2, 23, 3, 24], [4, 9, 5, 10], [6, 16, 7, 15]]"
12a_0233_97,"[[6, 16, 7, 15], [8, 3, 9, 4], [10, 14, 11, 13], [12, 19, 13, 20], [14, 22, 15, 21], [16, 2, 17, 1], [18, 8, 19, 7], [20, 11, 21, 12], [22, 5, 23, 6], [24, 18, 1, 17], [2, 23, 3, 24], [4, 9, 5, 10]]"
12a_0233_98,"[[4, 9, 5, 10], [6, 16, 7, 15], [8, 3, 9, 4], [10, 14, 11, 13], [12, 19, 13, 20], [14, 22, 15, 21], [16, 2, 17, 1], [18, 8, 19, 7], [20, 11, 21, 12], [22, 5, 23, 6], [24, 18, 1, 17], [2, 23, 3, 24]]"
12a_0233_99,"[[2, 23, 3, 24], [4, 9, 5, 10], [6, 16, 7, 15], [8, 3, 9, 4], [10, 14, 11, 13], [12, 19, 13, 20], [14, 22, 15, 21], [16, 2, 17, 1], [18, 8, 19, 7], [20, 11, 21, 12], [22, 5, 23, 6], [24, 18, 1, 17]]"
12a_0233_100,"[[24, 18, 1, 17], [2, 23, 3, 24], [4, 9, 5, 10], [6, 16, 7, 15], [8, 3, 9, 4], [10, 14, 11, 13], [12, 19, 13, 20], [14, 22, 15, 21], [16, 2, 17, 1], [18, 8, 19, 7], [20, 11, 21, 12], [22, 5, 23, 6]]"
12a_0233_101,"[[22, 5, 23, 6], [24, 18, 1, 17], [2, 23, 3, 24], [4, 9, 5, 10], [6, 16, 7, 15], [8, 3, 9, 4], [10, 14, 11, 13], [12, 19, 13, 20], [14, 22, 15, 21], [16, 2, 17, 1], [18, 8, 19, 7], [20, 11, 21, 12]]"
12a_0233_102,"[[20, 11, 21, 12], [22, 5, 23, 6], [24, 18, 1, 17], [2, 23, 3, 24], [4, 9, 5, 10], [6, 16, 7, 15], [8, 3, 9, 4], [10, 14, 11, 13], [12, 19, 13, 20], [14, 22, 15, 21], [16, 2, 17, 1], [18, 8, 19, 7]]"
12a_0233_103,"[[18, 8, 19, 7], [20, 11, 21, 12], [22, 5, 23, 6], [24, 18, 1, 17], [2, 23, 3, 24], [4, 9, 5, 10], [6, 16, 7, 15], [8, 3, 9, 4], [10, 14, 11, 13], [12, 19, 13, 20], [14, 22, 15, 21], [16, 2, 17, 1]]"
12a_0233_104,"[[16, 2, 17, 1], [18, 8, 19, 7], [20, 11, 21, 12], [22, 5, 23, 6], [24, 18, 1, 17], [2, 23, 3, 24], [4, 9, 5, 10], [6, 16, 7, 15], [8, 3, 9, 4], [10, 14, 11, 13], [12, 19, 13, 20], [14, 22, 15, 21]]"
12a_0233_105,"[[14, 22, 15, 21], [16, 2, 17, 1], [18, 8, 19, 7], [20, 11, 21, 12], [22, 5, 23, 6], [24, 18, 1, 17], [2, 23, 3, 24], [4, 9, 5, 10], [6, 16, 7, 15], [8, 3, 9, 4], [10, 14, 11, 13], [12, 19, 13, 20]]"
12a_0233_106,"[[12, 19, 13, 20], [14, 22, 15, 21], [16, 2, 17, 1], [18, 8, 19, 7], [20, 11, 21, 12], [22, 5, 23, 6], [24, 18, 1, 17], [2, 23, 3, 24], [4, 9, 5, 10], [6, 16, 7, 15], [8, 3, 9, 4], [10, 14, 11, 13]]"
12a_0233_107,"[[10, 14, 11, 13], [12, 19, 13, 20], [14, 22, 15, 21], [16, 2, 17, 1], [18, 8, 19, 7], [20, 11, 21, 12], [22, 5, 23, 6], [24, 18, 1, 17], [2, 23, 3, 24], [4, 9, 5, 10], [6, 16, 7, 15], [8, 3, 9, 4]]"
12a_0233_108,"[[9, 4, 10, 5], [11, 15, 12, 14], [13, 20, 14, 21], [15, 23, 16, 22], [17, 3, 18, 2], [19, 9, 20, 8], [21, 12, 22, 13], [23, 6, 24, 7], [1, 19, 2, 18], [3, 24, 4, 1], [5, 10, 6, 11], [7, 17, 8, 16]]"
12a_0233_109,"[[7, 17, 8, 16], [9, 4, 10, 5], [11, 15, 12, 14], [13, 20, 14, 21], [15, 23, 16, 22], [17, 3, 18, 2], [19, 9, 20, 8], [21, 12, 22, 13], [23, 6, 24, 7], [1, 19, 2, 18], [3, 24, 4, 1], [5, 10, 6, 11]]"
12a_0233_110,"[[5, 10, 6, 11], [7, 17, 8, 16], [9, 4, 10, 5], [11, 15, 12, 14], [13, 20, 14, 21], [15, 23, 16, 22], [17, 3, 18, 2], [19, 9, 20, 8], [21, 12, 22, 13], [23, 6, 24, 7], [1, 19, 2, 18], [3, 24, 4, 1]]"
12a_0233_111,"[[3, 24, 4, 1], [5, 10, 6, 11], [7, 17, 8, 16], [9, 4, 10, 5], [11, 15, 12, 14], [13, 20, 14, 21], [15, 23, 16, 22], [17, 3, 18, 2], [19, 9, 20, 8], [21, 12, 22, 13], [23, 6, 24, 7], [1, 19, 2, 18]]"
12a_0233_112,"[[1, 19, 2, 18], [3, 24, 4, 1], [5, 10, 6, 11], [7, 17, 8, 16], [9, 4, 10, 5], [11, 15, 12, 14], [13, 20, 14, 21], [15, 23, 16, 22], [17, 3, 18, 2], [19, 9, 20, 8], [21, 12, 22, 13], [23, 6, 24, 7]]"
12a_0233_113,"[[23, 6, 24, 7], [1, 19, 2, 18], [3, 24, 4, 1], [5, 10, 6, 11], [7, 17, 8, 16], [9, 4, 10, 5], [11, 15, 12, 14], [13, 20, 14, 21], [15, 23, 16, 22], [17, 3, 18, 2], [19, 9, 20, 8], [21, 12, 22, 13]]"
12a_0233_114,"[[21, 12, 22, 13], [23, 6, 24, 7], [1, 19, 2, 18], [3, 24, 4, 1], [5, 10, 6, 11], [7, 17, 8, 16], [9, 4, 10, 5], [11, 15, 12, 14], [13, 20, 14, 21], [15, 23, 16, 22], [17, 3, 18, 2], [19, 9, 20, 8]]"
12a_0233_115,"[[19, 9, 20, 8], [21, 12, 22, 13], [23, 6, 24, 7], [1, 19, 2, 18], [3, 24, 4, 1], [5, 10, 6, 11], [7, 17, 8, 16], [9, 4, 10, 5], [11, 15, 12, 14], [13, 20, 14, 21], [15, 23, 16, 22], [17, 3, 18, 2]]"
12a_0233_116,"[[17, 3, 18, 2], [19, 9, 20, 8], [21, 12, 22, 13], [23, 6, 24, 7], [1, 19, 2, 18], [3, 24, 4, 1], [5, 10, 6, 11], [7, 17, 8, 16], [9, 4, 10, 5], [11, 15, 12, 14], [13, 20, 14, 21], [15, 23, 16, 22]]"
12a_0233_117,"[[15, 23, 16, 22], [17, 3, 18, 2], [19, 9, 20, 8], [21, 12, 22, 13], [23, 6, 24, 7], [1, 19, 2, 18], [3, 24, 4, 1], [5, 10, 6, 11], [7, 17, 8, 16], [9, 4, 10, 5], [11, 15, 12, 14], [13, 20, 14, 21]]"
12a_0233_118,"[[13, 20, 14, 21], [15, 23, 16, 22], [17, 3, 18, 2], [19, 9, 20, 8], [21, 12, 22, 13], [23, 6, 24, 7], [1, 19, 2, 18], [3, 24, 4, 1], [5, 10, 6, 11], [7, 17, 8, 16], [9, 4, 10, 5], [11, 15, 12, 14]]"
12a_0233_119,"[[11, 15, 12, 14], [13, 20, 14, 21], [15, 23, 16, 22], [17, 3, 18, 2], [19, 9, 20, 8], [21, 12, 22, 13], [23, 6, 24, 7], [1, 19, 2, 18], [3, 24, 4, 1], [5, 10, 6, 11], [7, 17, 8, 16], [9, 4, 10, 5]]"
12a_0233_120,"[[10, 5, 11, 6], [12, 16, 13, 15], [14, 21, 15, 22], [16, 24, 17, 23], [18, 4, 19, 3], [20, 10, 21, 9], [22, 13, 23, 14], [24, 7, 1, 8], [2, 20, 3, 19], [4, 1, 5, 2], [6, 11, 7, 12], [8, 18, 9, 17]]"
12a_0233_121,"[[8, 18, 9, 17], [10, 5, 11, 6], [12, 16, 13, 15], [14, 21, 15, 22], [16, 24, 17, 23], [18, 4, 19, 3], [20, 10, 21, 9], [22, 13, 23, 14], [24, 7, 1, 8], [2, 20, 3, 19], [4, 1, 5, 2], [6, 11, 7, 12]]"
12a_0233_122,"[[6, 11, 7, 12], [8, 18, 9, 17], [10, 5, 11, 6], [12, 16, 13, 15], [14, 21, 15, 22], [16, 24, 17, 23], [18, 4, 19, 3], [20, 10, 21, 9], [22, 13, 23, 14], [24, 7, 1, 8], [2, 20, 3, 19], [4, 1, 5, 2]]"
12a_0233_123,"[[4, 1, 5, 2], [6, 11, 7, 12], [8, 18, 9, 17], [10, 5, 11, 6], [12, 16, 13, 15], [14, 21, 15, 22], [16, 24, 17, 23], [18, 4, 19, 3], [20, 10, 21, 9], [22, 13, 23, 14], [24, 7, 1, 8], [2, 20, 3, 19]]"
12a_0233_124,"[[2, 20, 3, 19], [4, 1, 5, 2], [6, 11, 7, 12], [8, 18, 9, 17], [10, 5, 11, 6], [12, 16, 13, 15], [14, 21, 15, 22], [16, 24, 17, 23], [18, 4, 19, 3], [20, 10, 21, 9], [22, 13, 23, 14], [24, 7, 1, 8]]"
12a_0233_125,"[[24, 7, 1, 8], [2, 20, 3, 19], [4, 1, 5, 2], [6, 11, 7, 12], [8, 18, 9, 17], [10, 5, 11, 6], [12, 16, 13, 15], [14, 21, 15, 22], [16, 24, 17, 23], [18, 4, 19, 3], [20, 10, 21, 9], [22, 13, 23, 14]]"
12a_0233_126,"[[22, 13, 23, 14], [24, 7, 1, 8], [2, 20, 3, 19], [4, 1, 5, 2], [6, 11, 7, 12], [8, 18, 9, 17], [10, 5, 11, 6], [12, 16, 13, 15], [14, 21, 15, 22], [16, 24, 17, 23], [18, 4, 19, 3], [20, 10, 21, 9]]"
12a_0233_127,"[[20, 10, 21, 9], [22, 13, 23, 14], [24, 7, 1, 8], [2, 20, 3, 19], [4, 1, 5, 2], [6, 11, 7, 12], [8, 18, 9, 17], [10, 5, 11, 6], [12, 16, 13, 15], [14, 21, 15, 22], [16, 24, 17, 23], [18, 4, 19, 3]]"
12a_0233_128,"[[18, 4, 19, 3], [20, 10, 21, 9], [22, 13, 23, 14], [24, 7, 1, 8], [2, 20, 3, 19], [4, 1, 5, 2], [6, 11, 7, 12], [8, 18, 9, 17], [10, 5, 11, 6], [12, 16, 13, 15], [14, 21, 15, 22], [16, 24, 17, 23]]"
12a_0233_129,"[[16, 24, 17, 23], [18, 4, 19, 3], [20, 10, 21, 9], [22, 13, 23, 14], [24, 7, 1, 8], [2, 20, 3, 19], [4, 1, 5, 2], [6, 11, 7, 12], [8, 18, 9, 17], [10, 5, 11, 6], [12, 16, 13, 15], [14, 21, 15, 22]]"
12a_0233_130,"[[14, 21, 15, 22], [16, 24, 17, 23], [18, 4, 19, 3], [20, 10, 21, 9], [22, 13, 23, 14], [24, 7, 1, 8], [2, 20, 3, 19], [4, 1, 5, 2], [6, 11, 7, 12], [8, 18, 9, 17], [10, 5, 11, 6], [12, 16, 13, 15]]"
12a_0233_131,"[[12, 16, 13, 15], [14, 21, 15, 22], [16, 24, 17, 23], [18, 4, 19, 3], [20, 10, 21, 9], [22, 13, 23, 14], [24, 7, 1, 8], [2, 20, 3, 19], [4, 1, 5, 2], [6, 11, 7, 12], [8, 18, 9, 17], [10, 5, 11, 6]]"
12a_0233_132,"[[11, 6, 12, 7], [13, 17, 14, 16], [15, 22, 16, 23], [17, 1, 18, 24], [19, 5, 20, 4], [21, 11, 22, 10], [23, 14, 24, 15], [1, 8, 2, 9], [3, 21, 4, 20], [5, 2, 6, 3], [7, 12, 8, 13], [9, 19, 10, 18]]"
12a_0233_133,"[[9, 19, 10, 18], [11, 6, 12, 7], [13, 17, 14, 16], [15, 22, 16, 23], [17, 1, 18, 24], [19, 5, 20, 4], [21, 11, 22, 10], [23, 14, 24, 15], [1, 8, 2, 9], [3, 21, 4, 20], [5, 2, 6, 3], [7, 12, 8, 13]]"
12a_0233_134,"[[7, 12, 8, 13], [9, 19, 10, 18], [11, 6, 12, 7], [13, 17, 14, 16], [15, 22, 16, 23], [17, 1, 18, 24], [19, 5, 20, 4], [21, 11, 22, 10], [23, 14, 24, 15], [1, 8, 2, 9], [3, 21, 4, 20], [5, 2, 6, 3]]"
12a_0233_135,"[[5, 2, 6, 3], [7, 12, 8, 13], [9, 19, 10, 18], [11, 6, 12, 7], [13, 17, 14, 16], [15, 22, 16, 23], [17, 1, 18, 24], [19, 5, 20, 4], [21, 11, 22, 10], [23, 14, 24, 15], [1, 8, 2, 9], [3, 21, 4, 20]]"
12a_0233_136,"[[3, 21, 4, 20], [5, 2, 6, 3], [7, 12, 8, 13], [9, 19, 10, 18], [11, 6, 12, 7], [13, 17, 14, 16], [15, 22, 16, 23], [17, 1, 18, 24], [19, 5, 20, 4], [21, 11, 22, 10], [23, 14, 24, 15], [1, 8, 2, 9]]"
12a_0233_137,"[[1, 8, 2, 9], [3, 21, 4, 20], [5, 2, 6, 3], [7, 12, 8, 13], [9, 19, 10, 18], [11, 6, 12, 7], [13, 17, 14, 16], [15, 22, 16, 23], [17, 1, 18, 24], [19, 5, 20, 4], [21, 11, 22, 10], [23, 14, 24, 15]]"
12a_0233_138,"[[23, 14, 24, 15], [1, 8, 2, 9], [3, 21, 4, 20], [5, 2, 6, 3], [7, 12, 8, 13], [9, 19, 10, 18], [11, 6, 12, 7], [13, 17, 14, 16], [15, 22, 16, 23], [17, 1, 18, 24], [19, 5, 20, 4], [21, 11, 22, 10]]"
12a_0233_139,"[[21, 11, 22, 10], [23, 14, 24, 15], [1, 8, 2, 9], [3, 21, 4, 20], [5, 2, 6, 3], [7, 12, 8, 13], [9, 19, 10, 18], [11, 6, 12, 7], [13, 17, 14, 16], [15, 22, 16, 23], [17, 1, 18, 24], [19, 5, 20, 4]]"
12a_0233_140,"[[19, 5, 20, 4], [21, 11, 22, 10], [23, 14, 24, 15], [1, 8, 2, 9], [3, 21, 4, 20], [5, 2, 6, 3], [7, 12, 8, 13], [9, 19, 10, 18], [11, 6, 12, 7], [13, 17, 14, 16], [15, 22, 16, 23], [17, 1, 18, 24]]"
12a_0233_141,"[[17, 1, 18, 24], [19, 5, 20, 4], [21, 11, 22, 10], [23, 14, 24, 15], [1, 8, 2, 9], [3, 21, 4, 20], [5, 2, 6, 3], [7, 12, 8, 13], [9, 19, 10, 18], [11, 6, 12, 7], [13, 17, 14, 16], [15, 22, 16, 23]]"
12a_0233_142,"[[15, 22, 16, 23], [17, 1, 18, 24], [19, 5, 20, 4], [21, 11, 22, 10], [23, 14, 24, 15], [1, 8, 2, 9], [3, 21, 4, 20], [5, 2, 6, 3], [7, 12, 8, 13], [9, 19, 10, 18], [11, 6, 12, 7], [13, 17, 14, 16]]"
12a_0233_143,"[[13, 17, 14, 16], [15, 22, 16, 23], [17, 1, 18, 24], [19, 5, 20, 4], [21, 11, 22, 10], [23, 14, 24, 15], [1, 8, 2, 9], [3, 21, 4, 20], [5, 2, 6, 3], [7, 12, 8, 13], [9, 19, 10, 18], [11, 6, 12, 7]]"
12a_0233_144,"[[12, 7, 13, 8], [14, 18, 15, 17], [16, 23, 17, 24], [18, 2, 19, 1], [20, 6, 21, 5], [22, 12, 23, 11], [24, 15, 1, 16], [2, 9, 3, 10], [4, 22, 5, 21], [6, 3, 7, 4], [8, 13, 9, 14], [10, 20, 11, 19]]"
12a_0233_145,"[[10, 20, 11, 19], [12, 7, 13, 8], [14, 18, 15, 17], [16, 23, 17, 24], [18, 2, 19, 1], [20, 6, 21, 5], [22, 12, 23, 11], [24, 15, 1, 16], [2, 9, 3, 10], [4, 22, 5, 21], [6, 3, 7, 4], [8, 13, 9, 14]]"
12a_0233_146,"[[8, 13, 9, 14], [10, 20, 11, 19], [12, 7, 13, 8], [14, 18, 15, 17], [16, 23, 17, 24], [18, 2, 19, 1], [20, 6, 21, 5], [22, 12, 23, 11], [24, 15, 1, 16], [2, 9, 3, 10], [4, 22, 5, 21], [6, 3, 7, 4]]"
12a_0233_147,"[[6, 3, 7, 4], [8, 13, 9, 14], [10, 20, 11, 19], [12, 7, 13, 8], [14, 18, 15, 17], [16, 23, 17, 24], [18, 2, 19, 1], [20, 6, 21, 5], [22, 12, 23, 11], [24, 15, 1, 16], [2, 9, 3, 10], [4, 22, 5, 21]]"
12a_0233_148,"[[4, 22, 5, 21], [6, 3, 7, 4], [8, 13, 9, 14], [10, 20, 11, 19], [12, 7, 13, 8], [14, 18, 15, 17], [16, 23, 17, 24], [18, 2, 19, 1], [20, 6, 21, 5], [22, 12, 23, 11], [24, 15, 1, 16], [2, 9, 3, 10]]"
12a_0233_149,"[[2, 9, 3, 10], [4, 22, 5, 21], [6, 3, 7, 4], [8, 13, 9, 14], [10, 20, 11, 19], [12, 7, 13, 8], [14, 18, 15, 17], [16, 23, 17, 24], [18, 2, 19, 1], [20, 6, 21, 5], [22, 12, 23, 11], [24, 15, 1, 16]]"
12a_0233_150,"[[24, 15, 1, 16], [2, 9, 3, 10], [4, 22, 5, 21], [6, 3, 7, 4], [8, 13, 9, 14], [10, 20, 11, 19], [12, 7, 13, 8], [14, 18, 15, 17], [16, 23, 17, 24], [18, 2, 19, 1], [20, 6, 21, 5], [22, 12, 23, 11]]"
12a_0233_151,"[[22, 12, 23, 11], [24, 15, 1, 16], [2, 9, 3, 10], [4, 22, 5, 21], [6, 3, 7, 4], [8, 13, 9, 14], [10, 20, 11, 19], [12, 7, 13, 8], [14, 18, 15, 17], [16, 23, 17, 24], [18, 2, 19, 1], [20, 6, 21, 5]]"
12a_0233_152,"[[20, 6, 21, 5], [22, 12, 23, 11], [24, 15, 1, 16], [2, 9, 3, 10], [4, 22, 5, 21], [6, 3, 7, 4], [8, 13, 9, 14], [10, 20, 11, 19], [12, 7, 13, 8], [14, 18, 15, 17], [16, 23, 17, 24], [18, 2, 19, 1]]"
12a_0233_153,"[[18, 2, 19, 1], [20, 6, 21, 5], [22, 12, 23, 11], [24, 15, 1, 16], [2, 9, 3, 10], [4, 22, 5, 21], [6, 3, 7, 4], [8, 13, 9, 14], [10, 20, 11, 19], [12, 7, 13, 8], [14, 18, 15, 17], [16, 23, 17, 24]]"
12a_0233_154,"[[16, 23, 17, 24], [18, 2, 19, 1], [20, 6, 21, 5], [22, 12, 23, 11], [24, 15, 1, 16], [2, 9, 3, 10], [4, 22, 5, 21], [6, 3, 7, 4], [8, 13, 9, 14], [10, 20, 11, 19], [12, 7, 13, 8], [14, 18, 15, 17]]"
12a_0233_155,"[[14, 18, 15, 17], [16, 23, 17, 24], [18, 2, 19, 1], [20, 6, 21, 5], [22, 12, 23, 11], [24, 15, 1, 16], [2, 9, 3, 10], [4, 22, 5, 21], [6, 3, 7, 4], [8, 13, 9, 14], [10, 20, 11, 19], [12, 7, 13, 8]]"
12a_0233_156,"[[13, 8, 14, 9], [15, 19, 16, 18], [17, 24, 18, 1], [19, 3, 20, 2], [21, 7, 22, 6], [23, 13, 24, 12], [1, 16, 2, 17], [3, 10, 4, 11], [5, 23, 6, 22], [7, 4, 8, 5], [9, 14, 10, 15], [11, 21, 12, 20]]"
12a_0233_157,"[[11, 21, 12, 20], [13, 8, 14, 9], [15, 19, 16, 18], [17, 24, 18, 1], [19, 3, 20, 2], [21, 7, 22, 6], [23, 13, 24, 12], [1, 16, 2, 17], [3, 10, 4, 11], [5, 23, 6, 22], [7, 4, 8, 5], [9, 14, 10, 15]]"
12a_0233_158,"[[9, 14, 10, 15], [11, 21, 12, 20], [13, 8, 14, 9], [15, 19, 16, 18], [17, 24, 18, 1], [19, 3, 20, 2], [21, 7, 22, 6], [23, 13, 24, 12], [1, 16, 2, 17], [3, 10, 4, 11], [5, 23, 6, 22], [7, 4, 8, 5]]"
12a_0233_159,"[[7, 4, 8, 5], [9, 14, 10, 15], [11, 21, 12, 20], [13, 8, 14, 9], [15, 19, 16, 18], [17, 24, 18, 1], [19, 3, 20, 2], [21, 7, 22, 6], [23, 13, 24, 12], [1, 16, 2, 17], [3, 10, 4, 11], [5, 23, 6, 22]]"
12a_0233_160,"[[5, 23, 6, 22], [7, 4, 8, 5], [9, 14, 10, 15], [11, 21, 12, 20], [13, 8, 14, 9], [15, 19, 16, 18], [17, 24, 18, 1], [19, 3, 20, 2], [21, 7, 22, 6], [23, 13, 24, 12], [1, 16, 2, 17], [3, 10, 4, 11]]"
12a_0233_161,"[[3, 10, 4, 11], [5, 23, 6, 22], [7, 4, 8, 5], [9, 14, 10, 15], [11, 21, 12, 20], [13, 8, 14, 9], [15, 19, 16, 18], [17, 24, 18, 1], [19, 3, 20, 2], [21, 7, 22, 6], [23, 13, 24, 12], [1, 16, 2, 17]]"
12a_0233_162,"[[1, 16, 2, 17], [3, 10, 4, 11], [5, 23, 6, 22], [7, 4, 8, 5], [9, 14, 10, 15], [11, 21, 12, 20], [13, 8, 14, 9], [15, 19, 16, 18], [17, 24, 18, 1], [19, 3, 20, 2], [21, 7, 22, 6], [23, 13, 24, 12]]"
12a_0233_163,"[[23, 13, 24, 12], [1, 16, 2, 17], [3, 10, 4, 11], [5, 23, 6, 22], [7, 4, 8, 5], [9, 14, 10, 15], [11, 21, 12, 20], [13, 8, 14, 9], [15, 19, 16, 18], [17, 24, 18, 1], [19, 3, 20, 2], [21, 7, 22, 6]]"
12a_0233_164,"[[21, 7, 22, 6], [23, 13, 24, 12], [1, 16, 2, 17], [3, 10, 4, 11], [5, 23, 6, 22], [7, 4, 8, 5], [9, 14, 10, 15], [11, 21, 12, 20], [13, 8, 14, 9], [15, 19, 16, 18], [17, 24, 18, 1], [19, 3, 20, 2]]"
12a_0233_165,"[[19, 3, 20, 2], [21, 7, 22, 6], [23, 13, 24, 12], [1, 16, 2, 17], [3, 10, 4, 11], [5, 23, 6, 22], [7, 4, 8, 5], [9, 14, 10, 15], [11, 21, 12, 20], [13, 8, 14, 9], [15, 19, 16, 18], [17, 24, 18, 1]]"
12a_0233_166,"[[17, 24, 18, 1], [19, 3, 20, 2], [21, 7, 22, 6], [23, 13, 24, 12], [1, 16, 2, 17], [3, 10, 4, 11], [5, 23, 6, 22], [7, 4, 8, 5], [9, 14, 10, 15], [11, 21, 12, 20], [13, 8, 14, 9], [15, 19, 16, 18]]"
12a_0233_167,"[[15, 19, 16, 18], [17, 24, 18, 1], [19, 3, 20, 2], [21, 7, 22, 6], [23, 13, 24, 12], [1, 16, 2, 17], [3, 10, 4, 11], [5, 23, 6, 22], [7, 4, 8, 5], [9, 14, 10, 15], [11, 21, 12, 20], [13, 8, 14, 9]]"
12a_0233_168,"[[14, 9, 15, 10], [16, 20, 17, 19], [18, 1, 19, 2], [20, 4, 21, 3], [22, 8, 23, 7], [24, 14, 1, 13], [2, 17, 3, 18], [4, 11, 5, 12], [6, 24, 7, 23], [8, 5, 9, 6], [10, 15, 11, 16], [12, 22, 13, 21]]"
12a_0233_169,"[[12, 22, 13, 21], [14, 9, 15, 10], [16, 20, 17, 19], [18, 1, 19, 2], [20, 4, 21, 3], [22, 8, 23, 7], [24, 14, 1, 13], [2, 17, 3, 18], [4, 11, 5, 12], [6, 24, 7, 23], [8, 5, 9, 6], [10, 15, 11, 16]]"
12a_0233_170,"[[10, 15, 11, 16], [12, 22, 13, 21], [14, 9, 15, 10], [16, 20, 17, 19], [18, 1, 19, 2], [20, 4, 21, 3], [22, 8, 23, 7], [24, 14, 1, 13], [2, 17, 3, 18], [4, 11, 5, 12], [6, 24, 7, 23], [8, 5, 9, 6]]"
12a_0233_171,"[[8, 5, 9, 6], [10, 15, 11, 16], [12, 22, 13, 21], [14, 9, 15, 10], [16, 20, 17, 19], [18, 1, 19, 2], [20, 4, 21, 3], [22, 8, 23, 7], [24, 14, 1, 13], [2, 17, 3, 18], [4, 11, 5, 12], [6, 24, 7, 23]]"
12a_0233_172,"[[6, 24, 7, 23], [8, 5, 9, 6], [10, 15, 11, 16], [12, 22, 13, 21], [14, 9, 15, 10], [16, 20, 17, 19], [18, 1, 19, 2], [20, 4, 21, 3], [22, 8, 23, 7], [24, 14, 1, 13], [2, 17, 3, 18], [4, 11, 5, 12]]"
12a_0233_173,"[[4, 11, 5, 12], [6, 24, 7, 23], [8, 5, 9, 6], [10, 15, 11, 16], [12, 22, 13, 21], [14, 9, 15, 10], [16, 20, 17, 19], [18, 1, 19, 2], [20, 4, 21, 3], [22, 8, 23, 7], [24, 14, 1, 13], [2, 17, 3, 18]]"
12a_0233_174,"[[2, 17, 3, 18], [4, 11, 5, 12], [6, 24, 7, 23], [8, 5, 9, 6], [10, 15, 11, 16], [12, 22, 13, 21], [14, 9, 15, 10], [16, 20, 17, 19], [18, 1, 19, 2], [20, 4, 21, 3], [22, 8, 23, 7], [24, 14, 1, 13]]"
12a_0233_175,"[[24, 14, 1, 13], [2, 17, 3, 18], [4, 11, 5, 12], [6, 24, 7, 23], [8, 5, 9, 6], [10, 15, 11, 16], [12, 22, 13, 21], [14, 9, 15, 10], [16, 20, 17, 19], [18, 1, 19, 2], [20, 4, 21, 3], [22, 8, 23, 7]]"
12a_0233_176,"[[22, 8, 23, 7], [24, 14, 1, 13], [2, 17, 3, 18], [4, 11, 5, 12], [6, 24, 7, 23], [8, 5, 9, 6], [10, 15, 11, 16], [12, 22, 13, 21], [14, 9, 15, 10], [16, 20, 17, 19], [18, 1, 19, 2], [20, 4, 21, 3]]"
12a_0233_177,"[[20, 4, 21, 3], [22, 8, 23, 7], [24, 14, 1, 13], [2, 17, 3, 18], [4, 11, 5, 12], [6, 24, 7, 23], [8, 5, 9, 6], [10, 15, 11, 16], [12, 22, 13, 21], [14, 9, 15, 10], [16, 20, 17, 19], [18, 1, 19, 2]]"
12a_0233_178,"[[18, 1, 19, 2], [20, 4, 21, 3], [22, 8, 23, 7], [24, 14, 1, 13], [2, 17, 3, 18], [4, 11, 5, 12], [6, 24, 7, 23], [8, 5, 9, 6], [10, 15, 11, 16], [12, 22, 13, 21], [14, 9, 15, 10], [16, 20, 17, 19]]"
12a_0233_179,"[[16, 20, 17, 19], [18, 1, 19, 2], [20, 4, 21, 3], [22, 8, 23, 7], [24, 14, 1, 13], [2, 17, 3, 18], [4, 11, 5, 12], [6, 24, 7, 23], [8, 5, 9, 6], [10, 15, 11, 16], [12, 22, 13, 21], [14, 9, 15, 10]]"
12a_0233_180,"[[15, 10, 16, 11], [17, 21, 18, 20], [19, 2, 20, 3], [21, 5, 22, 4], [23, 9, 24, 8], [1, 15, 2, 14], [3, 18, 4, 19], [5, 12, 6, 13], [7, 1, 8, 24], [9, 6, 10, 7], [11, 16, 12, 17], [13, 23, 14, 22]]"
12a_0233_181,"[[13, 23, 14, 22], [15, 10, 16, 11], [17, 21, 18, 20], [19, 2, 20, 3], [21, 5, 22, 4], [23, 9, 24, 8], [1, 15, 2, 14], [3, 18, 4, 19], [5, 12, 6, 13], [7, 1, 8, 24], [9, 6, 10, 7], [11, 16, 12, 17]]"
12a_0233_182,"[[11, 16, 12, 17], [13, 23, 14, 22], [15, 10, 16, 11], [17, 21, 18, 20], [19, 2, 20, 3], [21, 5, 22, 4], [23, 9, 24, 8], [1, 15, 2, 14], [3, 18, 4, 19], [5, 12, 6, 13], [7, 1, 8, 24], [9, 6, 10, 7]]"
12a_0233_183,"[[9, 6, 10, 7], [11, 16, 12, 17], [13, 23, 14, 22], [15, 10, 16, 11], [17, 21, 18, 20], [19, 2, 20, 3], [21, 5, 22, 4], [23, 9, 24, 8], [1, 15, 2, 14], [3, 18, 4, 19], [5, 12, 6, 13], [7, 1, 8, 24]]"
12a_0233_184,"[[7, 1, 8, 24], [9, 6, 10, 7], [11, 16, 12, 17], [13, 23, 14, 22], [15, 10, 16, 11], [17, 21, 18, 20], [19, 2, 20, 3], [21, 5, 22, 4], [23, 9, 24, 8], [1, 15, 2, 14], [3, 18, 4, 19], [5, 12, 6, 13]]"
12a_0233_185,"[[5, 12, 6, 13], [7, 1, 8, 24], [9, 6, 10, 7], [11, 16, 12, 17], [13, 23, 14, 22], [15, 10, 16, 11], [17, 21, 18, 20], [19, 2, 20, 3], [21, 5, 22, 4], [23, 9, 24, 8], [1, 15, 2, 14], [3, 18, 4, 19]]"
