name,pd_notation
12a_0211_0,"[[24, 19, 1, 20], [2, 6, 3, 5], [4, 12, 5, 11], [6, 14, 7, 13], [8, 18, 9, 17], [10, 4, 11, 3], [12, 10, 13, 9], [14, 21, 15, 22], [16, 8, 17, 7], [18, 23, 19, 24], [20, 1, 21, 2], [22, 15, 23, 16]]"
12a_0211_1,"[[22, 15, 23, 16], [24, 19, 1, 20], [2, 6, 3, 5], [4, 12, 5, 11], [6, 14, 7, 13], [8, 18, 9, 17], [10, 4, 11, 3], [12, 10, 13, 9], [14, 21, 15, 22], [16, 8, 17, 7], [18, 23, 19, 24], [20, 1, 21, 2]]"
12a_0211_2,"[[20, 1, 21, 2], [22, 15, 23, 16], [24, 19, 1, 20], [2, 6, 3, 5], [4, 12, 5, 11], [6, 14, 7, 13], [8, 18, 9, 17], [10, 4, 11, 3], [12, 10, 13, 9], [14, 21, 15, 22], [16, 8, 17, 7], [18, 23, 19, 24]]"
12a_0211_3,"[[18, 23, 19, 24], [20, 1, 21, 2], [22, 15, 23, 16], [24, 19, 1, 20], [2, 6, 3, 5], [4, 12, 5, 11], [6, 14, 7, 13], [8, 18, 9, 17], [10, 4, 11, 3], [12, 10, 13, 9], [14, 21, 15, 22], [16, 8, 17, 7]]"
12a_0211_4,"[[16, 8, 17, 7], [18, 23, 19, 24], [20, 1, 21, 2], [22, 15, 23, 16], [24, 19, 1, 20], [2, 6, 3, 5], [4, 12, 5, 11], [6, 14, 7, 13], [8, 18, 9, 17], [10, 4, 11, 3], [12, 10, 13, 9], [14, 21, 15, 22]]"
12a_0211_5,"[[14, 21, 15, 22], [16, 8, 17, 7], [18, 23, 19, 24], [20, 1, 21, 2], [22, 15, 23, 16], [24, 19, 1, 20], [2, 6, 3, 5], [4, 12, 5, 11], [6, 14, 7, 13], [8, 18, 9, 17], [10, 4, 11, 3], [12, 10, 13, 9]]"
12a_0211_6,"[[12, 10, 13, 9], [14, 21, 15, 22], [16, 8, 17, 7], [18, 23, 19, 24], [20, 1, 21, 2], [22, 15, 23, 16], [24, 19, 1, 20], [2, 6, 3, 5], [4, 12, 5, 11], [6, 14, 7, 13], [8, 18, 9, 17], [10, 4, 11, 3]]"
12a_0211_7,"[[10, 4, 11, 3], [12, 10, 13, 9], [14, 21, 15, 22], [16, 8, 17, 7], [18, 23, 19, 24], [20, 1, 21, 2], [22, 15, 23, 16], [24, 19, 1, 20], [2, 6, 3, 5], [4, 12, 5, 11], [6, 14, 7, 13], [8, 18, 9, 17]]"
12a_0211_8,"[[8, 18, 9, 17], [10, 4, 11, 3], [12, 10, 13, 9], [14, 21, 15, 22], [16, 8, 17, 7], [18, 23, 19, 24], [20, 1, 21, 2], [22, 15, 23, 16], [24, 19, 1, 20], [2, 6, 3, 5], [4, 12, 5, 11], [6, 14, 7, 13]]"
12a_0211_9,"[[6, 14, 7, 13], [8, 18, 9, 17], [10, 4, 11, 3], [12, 10, 13, 9], [14, 21, 15, 22], [16, 8, 17, 7], [18, 23, 19, 24], [20, 1, 21, 2], [22, 15, 23, 16], [24, 19, 1, 20], [2, 6, 3, 5], [4, 12, 5, 11]]"
12a_0211_10,"[[4, 12, 5, 11], [6, 14, 7, 13], [8, 18, 9, 17], [10, 4, 11, 3], [12, 10, 13, 9], [14, 21, 15, 22], [16, 8, 17, 7], [18, 23, 19, 24], [20, 1, 21, 2], [22, 15, 23, 16], [24, 19, 1, 20], [2, 6, 3, 5]]"
12a_0211_11,"[[2, 6, 3, 5], [4, 12, 5, 11], [6, 14, 7, 13], [8, 18, 9, 17], [10, 4, 11, 3], [12, 10, 13, 9], [14, 21, 15, 22], [16, 8, 17, 7], [18, 23, 19, 24], [20, 1, 21, 2], [22, 15, 23, 16], [24, 19, 1, 20]]"
12a_0211_12,"[[1, 20, 2, 21], [3, 7, 4, 6], [5, 13, 6, 12], [7, 15, 8, 14], [9, 19, 10, 18], [11, 5, 12, 4], [13, 11, 14, 10], [15, 22, 16, 23], [17, 9, 18, 8], [19, 24, 20, 1], [21, 2, 22, 3], [23, 16, 24, 17]]"
12a_0211_13,"[[23, 16, 24, 17], [1, 20, 2, 21], [3, 7, 4, 6], [5, 13, 6, 12], [7, 15, 8, 14], [9, 19, 10, 18], [11, 5, 12, 4], [13, 11, 14, 10], [15, 22, 16, 23], [17, 9, 18, 8], [19, 24, 20, 1], [21, 2, 22, 3]]"
12a_0211_14,"[[21, 2, 22, 3], [23, 16, 24, 17], [1, 20, 2, 21], [3, 7, 4, 6], [5, 13, 6, 12], [7, 15, 8, 14], [9, 19, 10, 18], [11, 5, 12, 4], [13, 11, 14, 10], [15, 22, 16, 23], [17, 9, 18, 8], [19, 24, 20, 1]]"
12a_0211_15,"[[19, 24, 20, 1], [21, 2, 22, 3], [23, 16, 24, 17], [1, 20, 2, 21], [3, 7, 4, 6], [5, 13, 6, 12], [7, 15, 8, 14], [9, 19, 10, 18], [11, 5, 12, 4], [13, 11, 14, 10], [15, 22, 16, 23], [17, 9, 18, 8]]"
12a_0211_16,"[[17, 9, 18, 8], [19, 24, 20, 1], [21, 2, 22, 3], [23, 16, 24, 17], [1, 20, 2, 21], [3, 7, 4, 6], [5, 13, 6, 12], [7, 15, 8, 14], [9, 19, 10, 18], [11, 5, 12, 4], [13, 11, 14, 10], [15, 22, 16, 23]]"
12a_0211_17,"[[15, 22, 16, 23], [17, 9, 18, 8], [19, 24, 20, 1], [21, 2, 22, 3], [23, 16, 24, 17], [1, 20, 2, 21], [3, 7, 4, 6], [5, 13, 6, 12], [7, 15, 8, 14], [9, 19, 10, 18], [11, 5, 12, 4], [13, 11, 14, 10]]"
12a_0211_18,"[[13, 11, 14, 10], [15, 22, 16, 23], [17, 9, 18, 8], [19, 24, 20, 1], [21, 2, 22, 3], [23, 16, 24, 17], [1, 20, 2, 21], [3, 7, 4, 6], [5, 13, 6, 12], [7, 15, 8, 14], [9, 19, 10, 18], [11, 5, 12, 4]]"
12a_0211_19,"[[11, 5, 12, 4], [13, 11, 14, 10], [15, 22, 16, 23], [17, 9, 18, 8], [19, 24, 20, 1], [21, 2, 22, 3], [23, 16, 24, 17], [1, 20, 2, 21], [3, 7, 4, 6], [5, 13, 6, 12], [7, 15, 8, 14], [9, 19, 10, 18]]"
12a_0211_20,"[[9, 19, 10, 18], [11, 5, 12, 4], [13, 11, 14, 10], [15, 22, 16, 23], [17, 9, 18, 8], [19, 24, 20, 1], [21, 2, 22, 3], [23, 16, 24, 17], [1, 20, 2, 21], [3, 7, 4, 6], [5, 13, 6, 12], [7, 15, 8, 14]]"
12a_0211_21,"[[7, 15, 8, 14], [9, 19, 10, 18], [11, 5, 12, 4], [13, 11, 14, 10], [15, 22, 16, 23], [17, 9, 18, 8], [19, 24, 20, 1], [21, 2, 22, 3], [23, 16, 24, 17], [1, 20, 2, 21], [3, 7, 4, 6], [5, 13, 6, 12]]"
12a_0211_22,"[[5, 13, 6, 12], [7, 15, 8, 14], [9, 19, 10, 18], [11, 5, 12, 4], [13, 11, 14, 10], [15, 22, 16, 23], [17, 9, 18, 8], [19, 24, 20, 1], [21, 2, 22, 3], [23, 16, 24, 17], [1, 20, 2, 21], [3, 7, 4, 6]]"
12a_0211_23,"[[3, 7, 4, 6], [5, 13, 6, 12], [7, 15, 8, 14], [9, 19, 10, 18], [11, 5, 12, 4], [13, 11, 14, 10], [15, 22, 16, 23], [17, 9, 18, 8], [19, 24, 20, 1], [21, 2, 22, 3], [23, 16, 24, 17], [1, 20, 2, 21]]"
12a_0211_24,"[[2, 21, 3, 22], [4, 8, 5, 7], [6, 14, 7, 13], [8, 16, 9, 15], [10, 20, 11, 19], [12, 6, 13, 5], [14, 12, 15, 11], [16, 23, 17, 24], [18, 10, 19, 9], [20, 1, 21, 2], [22, 3, 23, 4], [24, 17, 1, 18]]"
12a_0211_25,"[[24, 17, 1, 18], [2, 21, 3, 22], [4, 8, 5, 7], [6, 14, 7, 13], [8, 16, 9, 15], [10, 20, 11, 19], [12, 6, 13, 5], [14, 12, 15, 11], [16, 23, 17, 24], [18, 10, 19, 9], [20, 1, 21, 2], [22, 3, 23, 4]]"
12a_0211_26,"[[22, 3, 23, 4], [24, 17, 1, 18], [2, 21, 3, 22], [4, 8, 5, 7], [6, 14, 7, 13], [8, 16, 9, 15], [10, 20, 11, 19], [12, 6, 13, 5], [14, 12, 15, 11], [16, 23, 17, 24], [18, 10, 19, 9], [20, 1, 21, 2]]"
12a_0211_27,"[[20, 1, 21, 2], [22, 3, 23, 4], [24, 17, 1, 18], [2, 21, 3, 22], [4, 8, 5, 7], [6, 14, 7, 13], [8, 16, 9, 15], [10, 20, 11, 19], [12, 6, 13, 5], [14, 12, 15, 11], [16, 23, 17, 24], [18, 10, 19, 9]]"
12a_0211_28,"[[18, 10, 19, 9], [20, 1, 21, 2], [22, 3, 23, 4], [24, 17, 1, 18], [2, 21, 3, 22], [4, 8, 5, 7], [6, 14, 7, 13], [8, 16, 9, 15], [10, 20, 11, 19], [12, 6, 13, 5], [14, 12, 15, 11], [16, 23, 17, 24]]"
12a_0211_29,"[[16, 23, 17, 24], [18, 10, 19, 9], [20, 1, 21, 2], [22, 3, 23, 4], [24, 17, 1, 18], [2, 21, 3, 22], [4, 8, 5, 7], [6, 14, 7, 13], [8, 16, 9, 15], [10, 20, 11, 19], [12, 6, 13, 5], [14, 12, 15, 11]]"
12a_0211_30,"[[14, 12, 15, 11], [16, 23, 17, 24], [18, 10, 19, 9], [20, 1, 21, 2], [22, 3, 23, 4], [24, 17, 1, 18], [2, 21, 3, 22], [4, 8, 5, 7], [6, 14, 7, 13], [8, 16, 9, 15], [10, 20, 11, 19], [12, 6, 13, 5]]"
12a_0211_31,"[[12, 6, 13, 5], [14, 12, 15, 11], [16, 23, 17, 24], [18, 10, 19, 9], [20, 1, 21, 2], [22, 3, 23, 4], [24, 17, 1, 18], [2, 21, 3, 22], [4, 8, 5, 7], [6, 14, 7, 13], [8, 16, 9, 15], [10, 20, 11, 19]]"
12a_0211_32,"[[10, 20, 11, 19], [12, 6, 13, 5], [14, 12, 15, 11], [16, 23, 17, 24], [18, 10, 19, 9], [20, 1, 21, 2], [22, 3, 23, 4], [24, 17, 1, 18], [2, 21, 3, 22], [4, 8, 5, 7], [6, 14, 7, 13], [8, 16, 9, 15]]"
12a_0211_33,"[[8, 16, 9, 15], [10, 20, 11, 19], [12, 6, 13, 5], [14, 12, 15, 11], [16, 23, 17, 24], [18, 10, 19, 9], [20, 1, 21, 2], [22, 3, 23, 4], [24, 17, 1, 18], [2, 21, 3, 22], [4, 8, 5, 7], [6, 14, 7, 13]]"
12a_0211_34,"[[6, 14, 7, 13], [8, 16, 9, 15], [10, 20, 11, 19], [12, 6, 13, 5], [14, 12, 15, 11], [16, 23, 17, 24], [18, 10, 19, 9], [20, 1, 21, 2], [22, 3, 23, 4], [24, 17, 1, 18], [2, 21, 3, 22], [4, 8, 5, 7]]"
12a_0211_35,"[[4, 8, 5, 7], [6, 14, 7, 13], [8, 16, 9, 15], [10, 20, 11, 19], [12, 6, 13, 5], [14, 12, 15, 11], [16, 23, 17, 24], [18, 10, 19, 9], [20, 1, 21, 2], [22, 3, 23, 4], [24, 17, 1, 18], [2, 21, 3, 22]]"
12a_0211_36,"[[3, 22, 4, 23], [5, 9, 6, 8], [7, 15, 8, 14], [9, 17, 10, 16], [11, 21, 12, 20], [13, 7, 14, 6], [15, 13, 16, 12], [17, 24, 18, 1], [19, 11, 20, 10], [21, 2, 22, 3], [23, 4, 24, 5], [1, 18, 2, 19]]"
12a_0211_37,"[[1, 18, 2, 19], [3, 22, 4, 23], [5, 9, 6, 8], [7, 15, 8, 14], [9, 17, 10, 16], [11, 21, 12, 20], [13, 7, 14, 6], [15, 13, 16, 12], [17, 24, 18, 1], [19, 11, 20, 10], [21, 2, 22, 3], [23, 4, 24, 5]]"
12a_0211_38,"[[23, 4, 24, 5], [1, 18, 2, 19], [3, 22, 4, 23], [5, 9, 6, 8], [7, 15, 8, 14], [9, 17, 10, 16], [11, 21, 12, 20], [13, 7, 14, 6], [15, 13, 16, 12], [17, 24, 18, 1], [19, 11, 20, 10], [21, 2, 22, 3]]"
12a_0211_39,"[[21, 2, 22, 3], [23, 4, 24, 5], [1, 18, 2, 19], [3, 22, 4, 23], [5, 9, 6, 8], [7, 15, 8, 14], [9, 17, 10, 16], [11, 21, 12, 20], [13, 7, 14, 6], [15, 13, 16, 12], [17, 24, 18, 1], [19, 11, 20, 10]]"
12a_0211_40,"[[19, 11, 20, 10], [21, 2, 22, 3], [23, 4, 24, 5], [1, 18, 2, 19], [3, 22, 4, 23], [5, 9, 6, 8], [7, 15, 8, 14], [9, 17, 10, 16], [11, 21, 12, 20], [13, 7, 14, 6], [15, 13, 16, 12], [17, 24, 18, 1]]"
12a_0211_41,"[[17, 24, 18, 1], [19, 11, 20, 10], [21, 2, 22, 3], [23, 4, 24, 5], [1, 18, 2, 19], [3, 22, 4, 23], [5, 9, 6, 8], [7, 15, 8, 14], [9, 17, 10, 16], [11, 21, 12, 20], [13, 7, 14, 6], [15, 13, 16, 12]]"
12a_0211_42,"[[15, 13, 16, 12], [17, 24, 18, 1], [19, 11, 20, 10], [21, 2, 22, 3], [23, 4, 24, 5], [1, 18, 2, 19], [3, 22, 4, 23], [5, 9, 6, 8], [7, 15, 8, 14], [9, 17, 10, 16], [11, 21, 12, 20], [13, 7, 14, 6]]"
12a_0211_43,"[[13, 7, 14, 6], [15, 13, 16, 12], [17, 24, 18, 1], [19, 11, 20, 10], [21, 2, 22, 3], [23, 4, 24, 5], [1, 18, 2, 19], [3, 22, 4, 23], [5, 9, 6, 8], [7, 15, 8, 14], [9, 17, 10, 16], [11, 21, 12, 20]]"
12a_0211_44,"[[11, 21, 12, 20], [13, 7, 14, 6], [15, 13, 16, 12], [17, 24, 18, 1], [19, 11, 20, 10], [21, 2, 22, 3], [23, 4, 24, 5], [1, 18, 2, 19], [3, 22, 4, 23], [5, 9, 6, 8], [7, 15, 8, 14], [9, 17, 10, 16]]"
12a_0211_45,"[[9, 17, 10, 16], [11, 21, 12, 20], [13, 7, 14, 6], [15, 13, 16, 12], [17, 24, 18, 1], [19, 11, 20, 10], [21, 2, 22, 3], [23, 4, 24, 5], [1, 18, 2, 19], [3, 22, 4, 23], [5, 9, 6, 8], [7, 15, 8, 14]]"
12a_0211_46,"[[7, 15, 8, 14], [9, 17, 10, 16], [11, 21, 12, 20], [13, 7, 14, 6], [15, 13, 16, 12], [17, 24, 18, 1], [19, 11, 20, 10], [21, 2, 22, 3], [23, 4, 24, 5], [1, 18, 2, 19], [3, 22, 4, 23], [5, 9, 6, 8]]"
12a_0211_47,"[[5, 9, 6, 8], [7, 15, 8, 14], [9, 17, 10, 16], [11, 21, 12, 20], [13, 7, 14, 6], [15, 13, 16, 12], [17, 24, 18, 1], [19, 11, 20, 10], [21, 2, 22, 3], [23, 4, 24, 5], [1, 18, 2, 19], [3, 22, 4, 23]]"
12a_0211_48,"[[4, 23, 5, 24], [6, 10, 7, 9], [8, 16, 9, 15], [10, 18, 11, 17], [12, 22, 13, 21], [14, 8, 15, 7], [16, 14, 17, 13], [18, 1, 19, 2], [20, 12, 21, 11], [22, 3, 23, 4], [24, 5, 1, 6], [2, 19, 3, 20]]"
12a_0211_49,"[[2, 19, 3, 20], [4, 23, 5, 24], [6, 10, 7, 9], [8, 16, 9, 15], [10, 18, 11, 17], [12, 22, 13, 21], [14, 8, 15, 7], [16, 14, 17, 13], [18, 1, 19, 2], [20, 12, 21, 11], [22, 3, 23, 4], [24, 5, 1, 6]]"
12a_0211_50,"[[24, 5, 1, 6], [2, 19, 3, 20], [4, 23, 5, 24], [6, 10, 7, 9], [8, 16, 9, 15], [10, 18, 11, 17], [12, 22, 13, 21], [14, 8, 15, 7], [16, 14, 17, 13], [18, 1, 19, 2], [20, 12, 21, 11], [22, 3, 23, 4]]"
12a_0211_51,"[[22, 3, 23, 4], [24, 5, 1, 6], [2, 19, 3, 20], [4, 23, 5, 24], [6, 10, 7, 9], [8, 16, 9, 15], [10, 18, 11, 17], [12, 22, 13, 21], [14, 8, 15, 7], [16, 14, 17, 13], [18, 1, 19, 2], [20, 12, 21, 11]]"
12a_0211_52,"[[20, 12, 21, 11], [22, 3, 23, 4], [24, 5, 1, 6], [2, 19, 3, 20], [4, 23, 5, 24], [6, 10, 7, 9], [8, 16, 9, 15], [10, 18, 11, 17], [12, 22, 13, 21], [14, 8, 15, 7], [16, 14, 17, 13], [18, 1, 19, 2]]"
12a_0211_53,"[[18, 1, 19, 2], [20, 12, 21, 11], [22, 3, 23, 4], [24, 5, 1, 6], [2, 19, 3, 20], [4, 23, 5, 24], [6, 10, 7, 9], [8, 16, 9, 15], [10, 18, 11, 17], [12, 22, 13, 21], [14, 8, 15, 7], [16, 14, 17, 13]]"
12a_0211_54,"[[16, 14, 17, 13], [18, 1, 19, 2], [20, 12, 21, 11], [22, 3, 23, 4], [24, 5, 1, 6], [2, 19, 3, 20], [4, 23, 5, 24], [6, 10, 7, 9], [8, 16, 9, 15], [10, 18, 11, 17], [12, 22, 13, 21], [14, 8, 15, 7]]"
12a_0211_55,"[[14, 8, 15, 7], [16, 14, 17, 13], [18, 1, 19, 2], [20, 12, 21, 11], [22, 3, 23, 4], [24, 5, 1, 6], [2, 19, 3, 20], [4, 23, 5, 24], [6, 10, 7, 9], [8, 16, 9, 15], [10, 18, 11, 17], [12, 22, 13, 21]]"
12a_0211_56,"[[12, 22, 13, 21], [14, 8, 15, 7], [16, 14, 17, 13], [18, 1, 19, 2], [20, 12, 21, 11], [22, 3, 23, 4], [24, 5, 1, 6], [2, 19, 3, 20], [4, 23, 5, 24], [6, 10, 7, 9], [8, 16, 9, 15], [10, 18, 11, 17]]"
12a_0211_57,"[[10, 18, 11, 17], [12, 22, 13, 21], [14, 8, 15, 7], [16, 14, 17, 13], [18, 1, 19, 2], [20, 12, 21, 11], [22, 3, 23, 4], [24, 5, 1, 6], [2, 19, 3, 20], [4, 23, 5, 24], [6, 10, 7, 9], [8, 16, 9, 15]]"
12a_0211_58,"[[8, 16, 9, 15], [10, 18, 11, 17], [12, 22, 13, 21], [14, 8, 15, 7], [16, 14, 17, 13], [18, 1, 19, 2], [20, 12, 21, 11], [22, 3, 23, 4], [24, 5, 1, 6], [2, 19, 3, 20], [4, 23, 5, 24], [6, 10, 7, 9]]"
12a_0211_59,"[[6, 10, 7, 9], [8, 16, 9, 15], [10, 18, 11, 17], [12, 22, 13, 21], [14, 8, 15, 7], [16, 14, 17, 13], [18, 1, 19, 2], [20, 12, 21, 11], [22, 3, 23, 4], [24, 5, 1, 6], [2, 19, 3, 20], [4, 23, 5, 24]]"
12a_0211_60,"[[5, 24, 6, 1], [7, 11, 8, 10], [9, 17, 10, 16], [11, 19, 12, 18], [13, 23, 14, 22], [15, 9, 16, 8], [17, 15, 18, 14], [19, 2, 20, 3], [21, 13, 22, 12], [23, 4, 24, 5], [1, 6, 2, 7], [3, 20, 4, 21]]"
12a_0211_61,"[[3, 20, 4, 21], [5, 24, 6, 1], [7, 11, 8, 10], [9, 17, 10, 16], [11, 19, 12, 18], [13, 23, 14, 22], [15, 9, 16, 8], [17, 15, 18, 14], [19, 2, 20, 3], [21, 13, 22, 12], [23, 4, 24, 5], [1, 6, 2, 7]]"
12a_0211_62,"[[1, 6, 2, 7], [3, 20, 4, 21], [5, 24, 6, 1], [7, 11, 8, 10], [9, 17, 10, 16], [11, 19, 12, 18], [13, 23, 14, 22], [15, 9, 16, 8], [17, 15, 18, 14], [19, 2, 20, 3], [21, 13, 22, 12], [23, 4, 24, 5]]"
12a_0211_63,"[[23, 4, 24, 5], [1, 6, 2, 7], [3, 20, 4, 21], [5, 24, 6, 1], [7, 11, 8, 10], [9, 17, 10, 16], [11, 19, 12, 18], [13, 23, 14, 22], [15, 9, 16, 8], [17, 15, 18, 14], [19, 2, 20, 3], [21, 13, 22, 12]]"
12a_0211_64,"[[21, 13, 22, 12], [23, 4, 24, 5], [1, 6, 2, 7], [3, 20, 4, 21], [5, 24, 6, 1], [7, 11, 8, 10], [9, 17, 10, 16], [11, 19, 12, 18], [13, 23, 14, 22], [15, 9, 16, 8], [17, 15, 18, 14], [19, 2, 20, 3]]"
12a_0211_65,"[[19, 2, 20, 3], [21, 13, 22, 12], [23, 4, 24, 5], [1, 6, 2, 7], [3, 20, 4, 21], [5, 24, 6, 1], [7, 11, 8, 10], [9, 17, 10, 16], [11, 19, 12, 18], [13, 23, 14, 22], [15, 9, 16, 8], [17, 15, 18, 14]]"
12a_0211_66,"[[17, 15, 18, 14], [19, 2, 20, 3], [21, 13, 22, 12], [23, 4, 24, 5], [1, 6, 2, 7], [3, 20, 4, 21], [5, 24, 6, 1], [7, 11, 8, 10], [9, 17, 10, 16], [11, 19, 12, 18], [13, 23, 14, 22], [15, 9, 16, 8]]"
12a_0211_67,"[[15, 9, 16, 8], [17, 15, 18, 14], [19, 2, 20, 3], [21, 13, 22, 12], [23, 4, 24, 5], [1, 6, 2, 7], [3, 20, 4, 21], [5, 24, 6, 1], [7, 11, 8, 10], [9, 17, 10, 16], [11, 19, 12, 18], [13, 23, 14, 22]]"
12a_0211_68,"[[13, 23, 14, 22], [15, 9, 16, 8], [17, 15, 18, 14], [19, 2, 20, 3], [21, 13, 22, 12], [23, 4, 24, 5], [1, 6, 2, 7], [3, 20, 4, 21], [5, 24, 6, 1], [7, 11, 8, 10], [9, 17, 10, 16], [11, 19, 12, 18]]"
12a_0211_69,"[[11, 19, 12, 18], [13, 23, 14, 22], [15, 9, 16, 8], [17, 15, 18, 14], [19, 2, 20, 3], [21, 13, 22, 12], [23, 4, 24, 5], [1, 6, 2, 7], [3, 20, 4, 21], [5, 24, 6, 1], [7, 11, 8, 10], [9, 17, 10, 16]]"
12a_0211_70,"[[9, 17, 10, 16], [11, 19, 12, 18], [13, 23, 14, 22], [15, 9, 16, 8], [17, 15, 18, 14], [19, 2, 20, 3], [21, 13, 22, 12], [23, 4, 24, 5], [1, 6, 2, 7], [3, 20, 4, 21], [5, 24, 6, 1], [7, 11, 8, 10]]"
12a_0211_71,"[[7, 11, 8, 10], [9, 17, 10, 16], [11, 19, 12, 18], [13, 23, 14, 22], [15, 9, 16, 8], [17, 15, 18, 14], [19, 2, 20, 3], [21, 13, 22, 12], [23, 4, 24, 5], [1, 6, 2, 7], [3, 20, 4, 21], [5, 24, 6, 1]]"
12a_0211_72,"[[6, 1, 7, 2], [8, 12, 9, 11], [10, 18, 11, 17], [12, 20, 13, 19], [14, 24, 15, 23], [16, 10, 17, 9], [18, 16, 19, 15], [20, 3, 21, 4], [22, 14, 23, 13], [24, 5, 1, 6], [2, 7, 3, 8], [4, 21, 5, 22]]"
12a_0211_73,"[[4, 21, 5, 22], [6, 1, 7, 2], [8, 12, 9, 11], [10, 18, 11, 17], [12, 20, 13, 19], [14, 24, 15, 23], [16, 10, 17, 9], [18, 16, 19, 15], [20, 3, 21, 4], [22, 14, 23, 13], [24, 5, 1, 6], [2, 7, 3, 8]]"
12a_0211_74,"[[2, 7, 3, 8], [4, 21, 5, 22], [6, 1, 7, 2], [8, 12, 9, 11], [10, 18, 11, 17], [12, 20, 13, 19], [14, 24, 15, 23], [16, 10, 17, 9], [18, 16, 19, 15], [20, 3, 21, 4], [22, 14, 23, 13], [24, 5, 1, 6]]"
12a_0211_75,"[[24, 5, 1, 6], [2, 7, 3, 8], [4, 21, 5, 22], [6, 1, 7, 2], [8, 12, 9, 11], [10, 18, 11, 17], [12, 20, 13, 19], [14, 24, 15, 23], [16, 10, 17, 9], [18, 16, 19, 15], [20, 3, 21, 4], [22, 14, 23, 13]]"
12a_0211_76,"[[22, 14, 23, 13], [24, 5, 1, 6], [2, 7, 3, 8], [4, 21, 5, 22], [6, 1, 7, 2], [8, 12, 9, 11], [10, 18, 11, 17], [12, 20, 13, 19], [14, 24, 15, 23], [16, 10, 17, 9], [18, 16, 19, 15], [20, 3, 21, 4]]"
12a_0211_77,"[[20, 3, 21, 4], [22, 14, 23, 13], [24, 5, 1, 6], [2, 7, 3, 8], [4, 21, 5, 22], [6, 1, 7, 2], [8, 12, 9, 11], [10, 18, 11, 17], [12, 20, 13, 19], [14, 24, 15, 23], [16, 10, 17, 9], [18, 16, 19, 15]]"
12a_0211_78,"[[18, 16, 19, 15], [20, 3, 21, 4], [22, 14, 23, 13], [24, 5, 1, 6], [2, 7, 3, 8], [4, 21, 5, 22], [6, 1, 7, 2], [8, 12, 9, 11], [10, 18, 11, 17], [12, 20, 13, 19], [14, 24, 15, 23], [16, 10, 17, 9]]"
12a_0211_79,"[[16, 10, 17, 9], [18, 16, 19, 15], [20, 3, 21, 4], [22, 14, 23, 13], [24, 5, 1, 6], [2, 7, 3, 8], [4, 21, 5, 22], [6, 1, 7, 2], [8, 12, 9, 11], [10, 18, 11, 17], [12, 20, 13, 19], [14, 24, 15, 23]]"
12a_0211_80,"[[14, 24, 15, 23], [16, 10, 17, 9], [18, 16, 19, 15], [20, 3, 21, 4], [22, 14, 23, 13], [24, 5, 1, 6], [2, 7, 3, 8], [4, 21, 5, 22], [6, 1, 7, 2], [8, 12, 9, 11], [10, 18, 11, 17], [12, 20, 13, 19]]"
12a_0211_81,"[[12, 20, 13, 19], [14, 24, 15, 23], [16, 10, 17, 9], [18, 16, 19, 15], [20, 3, 21, 4], [22, 14, 23, 13], [24, 5, 1, 6], [2, 7, 3, 8], [4, 21, 5, 22], [6, 1, 7, 2], [8, 12, 9, 11], [10, 18, 11, 17]]"
12a_0211_82,"[[10, 18, 11, 17], [12, 20, 13, 19], [14, 24, 15, 23], [16, 10, 17, 9], [18, 16, 19, 15], [20, 3, 21, 4], [22, 14, 23, 13], [24, 5, 1, 6], [2, 7, 3, 8], [4, 21, 5, 22], [6, 1, 7, 2], [8, 12, 9, 11]]"
12a_0211_83,"[[8, 12, 9, 11], [10, 18, 11, 17], [12, 20, 13, 19], [14, 24, 15, 23], [16, 10, 17, 9], [18, 16, 19, 15], [20, 3, 21, 4], [22, 14, 23, 13], [24, 5, 1, 6], [2, 7, 3, 8], [4, 21, 5, 22], [6, 1, 7, 2]]"
12a_0211_84,"[[7, 2, 8, 3], [9, 13, 10, 12], [11, 19, 12, 18], [13, 21, 14, 20], [15, 1, 16, 24], [17, 11, 18, 10], [19, 17, 20, 16], [21, 4, 22, 5], [23, 15, 24, 14], [1, 6, 2, 7], [3, 8, 4, 9], [5, 22, 6, 23]]"
12a_0211_85,"[[5, 22, 6, 23], [7, 2, 8, 3], [9, 13, 10, 12], [11, 19, 12, 18], [13, 21, 14, 20], [15, 1, 16, 24], [17, 11, 18, 10], [19, 17, 20, 16], [21, 4, 22, 5], [23, 15, 24, 14], [1, 6, 2, 7], [3, 8, 4, 9]]"
12a_0211_86,"[[3, 8, 4, 9], [5, 22, 6, 23], [7, 2, 8, 3], [9, 13, 10, 12], [11, 19, 12, 18], [13, 21, 14, 20], [15, 1, 16, 24], [17, 11, 18, 10], [19, 17, 20, 16], [21, 4, 22, 5], [23, 15, 24, 14], [1, 6, 2, 7]]"
12a_0211_87,"[[1, 6, 2, 7], [3, 8, 4, 9], [5, 22, 6, 23], [7, 2, 8, 3], [9, 13, 10, 12], [11, 19, 12, 18], [13, 21, 14, 20], [15, 1, 16, 24], [17, 11, 18, 10], [19, 17, 20, 16], [21, 4, 22, 5], [23, 15, 24, 14]]"
12a_0211_88,"[[23, 15, 24, 14], [1, 6, 2, 7], [3, 8, 4, 9], [5, 22, 6, 23], [7, 2, 8, 3], [9, 13, 10, 12], [11, 19, 12, 18], [13, 21, 14, 20], [15, 1, 16, 24], [17, 11, 18, 10], [19, 17, 20, 16], [21, 4, 22, 5]]"
12a_0211_89,"[[21, 4, 22, 5], [23, 15, 24, 14], [1, 6, 2, 7], [3, 8, 4, 9], [5, 22, 6, 23], [7, 2, 8, 3], [9, 13, 10, 12], [11, 19, 12, 18], [13, 21, 14, 20], [15, 1, 16, 24], [17, 11, 18, 10], [19, 17, 20, 16]]"
12a_0211_90,"[[19, 17, 20, 16], [21, 4, 22, 5], [23, 15, 24, 14], [1, 6, 2, 7], [3, 8, 4, 9], [5, 22, 6, 23], [7, 2, 8, 3], [9, 13, 10, 12], [11, 19, 12, 18], [13, 21, 14, 20], [15, 1, 16, 24], [17, 11, 18, 10]]"
12a_0211_91,"[[17, 11, 18, 10], [19, 17, 20, 16], [21, 4, 22, 5], [23, 15, 24, 14], [1, 6, 2, 7], [3, 8, 4, 9], [5, 22, 6, 23], [7, 2, 8, 3], [9, 13, 10, 12], [11, 19, 12, 18], [13, 21, 14, 20], [15, 1, 16, 24]]"
12a_0211_92,"[[15, 1, 16, 24], [17, 11, 18, 10], [19, 17, 20, 16], [21, 4, 22, 5], [23, 15, 24, 14], [1, 6, 2, 7], [3, 8, 4, 9], [5, 22, 6, 23], [7, 2, 8, 3], [9, 13, 10, 12], [11, 19, 12, 18], [13, 21, 14, 20]]"
12a_0211_93,"[[13, 21, 14, 20], [15, 1, 16, 24], [17, 11, 18, 10], [19, 17, 20, 16], [21, 4, 22, 5], [23, 15, 24, 14], [1, 6, 2, 7], [3, 8, 4, 9], [5, 22, 6, 23], [7, 2, 8, 3], [9, 13, 10, 12], [11, 19, 12, 18]]"
12a_0211_94,"[[11, 19, 12, 18], [13, 21, 14, 20], [15, 1, 16, 24], [17, 11, 18, 10], [19, 17, 20, 16], [21, 4, 22, 5], [23, 15, 24, 14], [1, 6, 2, 7], [3, 8, 4, 9], [5, 22, 6, 23], [7, 2, 8, 3], [9, 13, 10, 12]]"
12a_0211_95,"[[9, 13, 10, 12], [11, 19, 12, 18], [13, 21, 14, 20], [15, 1, 16, 24], [17, 11, 18, 10], [19, 17, 20, 16], [21, 4, 22, 5], [23, 15, 24, 14], [1, 6, 2, 7], [3, 8, 4, 9], [5, 22, 6, 23], [7, 2, 8, 3]]"
12a_0211_96,"[[8, 3, 9, 4], [10, 14, 11, 13], [12, 20, 13, 19], [14, 22, 15, 21], [16, 2, 17, 1], [18, 12, 19, 11], [20, 18, 21, 17], [22, 5, 23, 6], [24, 16, 1, 15], [2, 7, 3, 8], [4, 9, 5, 10], [6, 23, 7, 24]]"
12a_0211_97,"[[6, 23, 7, 24], [8, 3, 9, 4], [10, 14, 11, 13], [12, 20, 13, 19], [14, 22, 15, 21], [16, 2, 17, 1], [18, 12, 19, 11], [20, 18, 21, 17], [22, 5, 23, 6], [24, 16, 1, 15], [2, 7, 3, 8], [4, 9, 5, 10]]"
12a_0211_98,"[[4, 9, 5, 10], [6, 23, 7, 24], [8, 3, 9, 4], [10, 14, 11, 13], [12, 20, 13, 19], [14, 22, 15, 21], [16, 2, 17, 1], [18, 12, 19, 11], [20, 18, 21, 17], [22, 5, 23, 6], [24, 16, 1, 15], [2, 7, 3, 8]]"
12a_0211_99,"[[2, 7, 3, 8], [4, 9, 5, 10], [6, 23, 7, 24], [8, 3, 9, 4], [10, 14, 11, 13], [12, 20, 13, 19], [14, 22, 15, 21], [16, 2, 17, 1], [18, 12, 19, 11], [20, 18, 21, 17], [22, 5, 23, 6], [24, 16, 1, 15]]"
12a_0211_100,"[[24, 16, 1, 15], [2, 7, 3, 8], [4, 9, 5, 10], [6, 23, 7, 24], [8, 3, 9, 4], [10, 14, 11, 13], [12, 20, 13, 19], [14, 22, 15, 21], [16, 2, 17, 1], [18, 12, 19, 11], [20, 18, 21, 17], [22, 5, 23, 6]]"
12a_0211_101,"[[22, 5, 23, 6], [24, 16, 1, 15], [2, 7, 3, 8], [4, 9, 5, 10], [6, 23, 7, 24], [8, 3, 9, 4], [10, 14, 11, 13], [12, 20, 13, 19], [14, 22, 15, 21], [16, 2, 17, 1], [18, 12, 19, 11], [20, 18, 21, 17]]"
12a_0211_102,"[[20, 18, 21, 17], [22, 5, 23, 6], [24, 16, 1, 15], [2, 7, 3, 8], [4, 9, 5, 10], [6, 23, 7, 24], [8, 3, 9, 4], [10, 14, 11, 13], [12, 20, 13, 19], [14, 22, 15, 21], [16, 2, 17, 1], [18, 12, 19, 11]]"
12a_0211_103,"[[18, 12, 19, 11], [20, 18, 21, 17], [22, 5, 23, 6], [24, 16, 1, 15], [2, 7, 3, 8], [4, 9, 5, 10], [6, 23, 7, 24], [8, 3, 9, 4], [10, 14, 11, 13], [12, 20, 13, 19], [14, 22, 15, 21], [16, 2, 17, 1]]"
12a_0211_104,"[[16, 2, 17, 1], [18, 12, 19, 11], [20, 18, 21, 17], [22, 5, 23, 6], [24, 16, 1, 15], [2, 7, 3, 8], [4, 9, 5, 10], [6, 23, 7, 24], [8, 3, 9, 4], [10, 14, 11, 13], [12, 20, 13, 19], [14, 22, 15, 21]]"
12a_0211_105,"[[14, 22, 15, 21], [16, 2, 17, 1], [18, 12, 19, 11], [20, 18, 21, 17], [22, 5, 23, 6], [24, 16, 1, 15], [2, 7, 3, 8], [4, 9, 5, 10], [6, 23, 7, 24], [8, 3, 9, 4], [10, 14, 11, 13], [12, 20, 13, 19]]"
12a_0211_106,"[[12, 20, 13, 19], [14, 22, 15, 21], [16, 2, 17, 1], [18, 12, 19, 11], [20, 18, 21, 17], [22, 5, 23, 6], [24, 16, 1, 15], [2, 7, 3, 8], [4, 9, 5, 10], [6, 23, 7, 24], [8, 3, 9, 4], [10, 14, 11, 13]]"
12a_0211_107,"[[10, 14, 11, 13], [12, 20, 13, 19], [14, 22, 15, 21], [16, 2, 17, 1], [18, 12, 19, 11], [20, 18, 21, 17], [22, 5, 23, 6], [24, 16, 1, 15], [2, 7, 3, 8], [4, 9, 5, 10], [6, 23, 7, 24], [8, 3, 9, 4]]"
12a_0211_108,"[[9, 4, 10, 5], [11, 15, 12, 14], [13, 21, 14, 20], [15, 23, 16, 22], [17, 3, 18, 2], [19, 13, 20, 12], [21, 19, 22, 18], [23, 6, 24, 7], [1, 17, 2, 16], [3, 8, 4, 9], [5, 10, 6, 11], [7, 24, 8, 1]]"
12a_0211_109,"[[7, 24, 8, 1], [9, 4, 10, 5], [11, 15, 12, 14], [13, 21, 14, 20], [15, 23, 16, 22], [17, 3, 18, 2], [19, 13, 20, 12], [21, 19, 22, 18], [23, 6, 24, 7], [1, 17, 2, 16], [3, 8, 4, 9], [5, 10, 6, 11]]"
12a_0211_110,"[[5, 10, 6, 11], [7, 24, 8, 1], [9, 4, 10, 5], [11, 15, 12, 14], [13, 21, 14, 20], [15, 23, 16, 22], [17, 3, 18, 2], [19, 13, 20, 12], [21, 19, 22, 18], [23, 6, 24, 7], [1, 17, 2, 16], [3, 8, 4, 9]]"
12a_0211_111,"[[3, 8, 4, 9], [5, 10, 6, 11], [7, 24, 8, 1], [9, 4, 10, 5], [11, 15, 12, 14], [13, 21, 14, 20], [15, 23, 16, 22], [17, 3, 18, 2], [19, 13, 20, 12], [21, 19, 22, 18], [23, 6, 24, 7], [1, 17, 2, 16]]"
12a_0211_112,"[[1, 17, 2, 16], [3, 8, 4, 9], [5, 10, 6, 11], [7, 24, 8, 1], [9, 4, 10, 5], [11, 15, 12, 14], [13, 21, 14, 20], [15, 23, 16, 22], [17, 3, 18, 2], [19, 13, 20, 12], [21, 19, 22, 18], [23, 6, 24, 7]]"
12a_0211_113,"[[23, 6, 24, 7], [1, 17, 2, 16], [3, 8, 4, 9], [5, 10, 6, 11], [7, 24, 8, 1], [9, 4, 10, 5], [11, 15, 12, 14], [13, 21, 14, 20], [15, 23, 16, 22], [17, 3, 18, 2], [19, 13, 20, 12], [21, 19, 22, 18]]"
12a_0211_114,"[[21, 19, 22, 18], [23, 6, 24, 7], [1, 17, 2, 16], [3, 8, 4, 9], [5, 10, 6, 11], [7, 24, 8, 1], [9, 4, 10, 5], [11, 15, 12, 14], [13, 21, 14, 20], [15, 23, 16, 22], [17, 3, 18, 2], [19, 13, 20, 12]]"
12a_0211_115,"[[19, 13, 20, 12], [21, 19, 22, 18], [23, 6, 24, 7], [1, 17, 2, 16], [3, 8, 4, 9], [5, 10, 6, 11], [7, 24, 8, 1], [9, 4, 10, 5], [11, 15, 12, 14], [13, 21, 14, 20], [15, 23, 16, 22], [17, 3, 18, 2]]"
12a_0211_116,"[[17, 3, 18, 2], [19, 13, 20, 12], [21, 19, 22, 18], [23, 6, 24, 7], [1, 17, 2, 16], [3, 8, 4, 9], [5, 10, 6, 11], [7, 24, 8, 1], [9, 4, 10, 5], [11, 15, 12, 14], [13, 21, 14, 20], [15, 23, 16, 22]]"
12a_0211_117,"[[15, 23, 16, 22], [17, 3, 18, 2], [19, 13, 20, 12], [21, 19, 22, 18], [23, 6, 24, 7], [1, 17, 2, 16], [3, 8, 4, 9], [5, 10, 6, 11], [7, 24, 8, 1], [9, 4, 10, 5], [11, 15, 12, 14], [13, 21, 14, 20]]"
12a_0211_118,"[[13, 21, 14, 20], [15, 23, 16, 22], [17, 3, 18, 2], [19, 13, 20, 12], [21, 19, 22, 18], [23, 6, 24, 7], [1, 17, 2, 16], [3, 8, 4, 9], [5, 10, 6, 11], [7, 24, 8, 1], [9, 4, 10, 5], [11, 15, 12, 14]]"
12a_0211_119,"[[11, 15, 12, 14], [13, 21, 14, 20], [15, 23, 16, 22], [17, 3, 18, 2], [19, 13, 20, 12], [21, 19, 22, 18], [23, 6, 24, 7], [1, 17, 2, 16], [3, 8, 4, 9], [5, 10, 6, 11], [7, 24, 8, 1], [9, 4, 10, 5]]"
12a_0211_120,"[[10, 5, 11, 6], [12, 16, 13, 15], [14, 22, 15, 21], [16, 24, 17, 23], [18, 4, 19, 3], [20, 14, 21, 13], [22, 20, 23, 19], [24, 7, 1, 8], [2, 18, 3, 17], [4, 9, 5, 10], [6, 11, 7, 12], [8, 1, 9, 2]]"
12a_0211_121,"[[8, 1, 9, 2], [10, 5, 11, 6], [12, 16, 13, 15], [14, 22, 15, 21], [16, 24, 17, 23], [18, 4, 19, 3], [20, 14, 21, 13], [22, 20, 23, 19], [24, 7, 1, 8], [2, 18, 3, 17], [4, 9, 5, 10], [6, 11, 7, 12]]"
12a_0211_122,"[[6, 11, 7, 12], [8, 1, 9, 2], [10, 5, 11, 6], [12, 16, 13, 15], [14, 22, 15, 21], [16, 24, 17, 23], [18, 4, 19, 3], [20, 14, 21, 13], [22, 20, 23, 19], [24, 7, 1, 8], [2, 18, 3, 17], [4, 9, 5, 10]]"
12a_0211_123,"[[4, 9, 5, 10], [6, 11, 7, 12], [8, 1, 9, 2], [10, 5, 11, 6], [12, 16, 13, 15], [14, 22, 15, 21], [16, 24, 17, 23], [18, 4, 19, 3], [20, 14, 21, 13], [22, 20, 23, 19], [24, 7, 1, 8], [2, 18, 3, 17]]"
12a_0211_124,"[[2, 18, 3, 17], [4, 9, 5, 10], [6, 11, 7, 12], [8, 1, 9, 2], [10, 5, 11, 6], [12, 16, 13, 15], [14, 22, 15, 21], [16, 24, 17, 23], [18, 4, 19, 3], [20, 14, 21, 13], [22, 20, 23, 19], [24, 7, 1, 8]]"
12a_0211_125,"[[24, 7, 1, 8], [2, 18, 3, 17], [4, 9, 5, 10], [6, 11, 7, 12], [8, 1, 9, 2], [10, 5, 11, 6], [12, 16, 13, 15], [14, 22, 15, 21], [16, 24, 17, 23], [18, 4, 19, 3], [20, 14, 21, 13], [22, 20, 23, 19]]"
12a_0211_126,"[[22, 20, 23, 19], [24, 7, 1, 8], [2, 18, 3, 17], [4, 9, 5, 10], [6, 11, 7, 12], [8, 1, 9, 2], [10, 5, 11, 6], [12, 16, 13, 15], [14, 22, 15, 21], [16, 24, 17, 23], [18, 4, 19, 3], [20, 14, 21, 13]]"
12a_0211_127,"[[20, 14, 21, 13], [22, 20, 23, 19], [24, 7, 1, 8], [2, 18, 3, 17], [4, 9, 5, 10], [6, 11, 7, 12], [8, 1, 9, 2], [10, 5, 11, 6], [12, 16, 13, 15], [14, 22, 15, 21], [16, 24, 17, 23], [18, 4, 19, 3]]"
12a_0211_128,"[[18, 4, 19, 3], [20, 14, 21, 13], [22, 20, 23, 19], [24, 7, 1, 8], [2, 18, 3, 17], [4, 9, 5, 10], [6, 11, 7, 12], [8, 1, 9, 2], [10, 5, 11, 6], [12, 16, 13, 15], [14, 22, 15, 21], [16, 24, 17, 23]]"
12a_0211_129,"[[16, 24, 17, 23], [18, 4, 19, 3], [20, 14, 21, 13], [22, 20, 23, 19], [24, 7, 1, 8], [2, 18, 3, 17], [4, 9, 5, 10], [6, 11, 7, 12], [8, 1, 9, 2], [10, 5, 11, 6], [12, 16, 13, 15], [14, 22, 15, 21]]"
12a_0211_130,"[[14, 22, 15, 21], [16, 24, 17, 23], [18, 4, 19, 3], [20, 14, 21, 13], [22, 20, 23, 19], [24, 7, 1, 8], [2, 18, 3, 17], [4, 9, 5, 10], [6, 11, 7, 12], [8, 1, 9, 2], [10, 5, 11, 6], [12, 16, 13, 15]]"
12a_0211_131,"[[12, 16, 13, 15], [14, 22, 15, 21], [16, 24, 17, 23], [18, 4, 19, 3], [20, 14, 21, 13], [22, 20, 23, 19], [24, 7, 1, 8], [2, 18, 3, 17], [4, 9, 5, 10], [6, 11, 7, 12], [8, 1, 9, 2], [10, 5, 11, 6]]"
12a_0211_132,"[[11, 6, 12, 7], [13, 17, 14, 16], [15, 23, 16, 22], [17, 1, 18, 24], [19, 5, 20, 4], [21, 15, 22, 14], [23, 21, 24, 20], [1, 8, 2, 9], [3, 19, 4, 18], [5, 10, 6, 11], [7, 12, 8, 13], [9, 2, 10, 3]]"
12a_0211_133,"[[9, 2, 10, 3], [11, 6, 12, 7], [13, 17, 14, 16], [15, 23, 16, 22], [17, 1, 18, 24], [19, 5, 20, 4], [21, 15, 22, 14], [23, 21, 24, 20], [1, 8, 2, 9], [3, 19, 4, 18], [5, 10, 6, 11], [7, 12, 8, 13]]"
12a_0211_134,"[[7, 12, 8, 13], [9, 2, 10, 3], [11, 6, 12, 7], [13, 17, 14, 16], [15, 23, 16, 22], [17, 1, 18, 24], [19, 5, 20, 4], [21, 15, 22, 14], [23, 21, 24, 20], [1, 8, 2, 9], [3, 19, 4, 18], [5, 10, 6, 11]]"
12a_0211_135,"[[5, 10, 6, 11], [7, 12, 8, 13], [9, 2, 10, 3], [11, 6, 12, 7], [13, 17, 14, 16], [15, 23, 16, 22], [17, 1, 18, 24], [19, 5, 20, 4], [21, 15, 22, 14], [23, 21, 24, 20], [1, 8, 2, 9], [3, 19, 4, 18]]"
12a_0211_136,"[[3, 19, 4, 18], [5, 10, 6, 11], [7, 12, 8, 13], [9, 2, 10, 3], [11, 6, 12, 7], [13, 17, 14, 16], [15, 23, 16, 22], [17, 1, 18, 24], [19, 5, 20, 4], [21, 15, 22, 14], [23, 21, 24, 20], [1, 8, 2, 9]]"
12a_0211_137,"[[1, 8, 2, 9], [3, 19, 4, 18], [5, 10, 6, 11], [7, 12, 8, 13], [9, 2, 10, 3], [11, 6, 12, 7], [13, 17, 14, 16], [15, 23, 16, 22], [17, 1, 18, 24], [19, 5, 20, 4], [21, 15, 22, 14], [23, 21, 24, 20]]"
12a_0211_138,"[[23, 21, 24, 20], [1, 8, 2, 9], [3, 19, 4, 18], [5, 10, 6, 11], [7, 12, 8, 13], [9, 2, 10, 3], [11, 6, 12, 7], [13, 17, 14, 16], [15, 23, 16, 22], [17, 1, 18, 24], [19, 5, 20, 4], [21, 15, 22, 14]]"
12a_0211_139,"[[21, 15, 22, 14], [23, 21, 24, 20], [1, 8, 2, 9], [3, 19, 4, 18], [5, 10, 6, 11], [7, 12, 8, 13], [9, 2, 10, 3], [11, 6, 12, 7], [13, 17, 14, 16], [15, 23, 16, 22], [17, 1, 18, 24], [19, 5, 20, 4]]"
12a_0211_140,"[[19, 5, 20, 4], [21, 15, 22, 14], [23, 21, 24, 20], [1, 8, 2, 9], [3, 19, 4, 18], [5, 10, 6, 11], [7, 12, 8, 13], [9, 2, 10, 3], [11, 6, 12, 7], [13, 17, 14, 16], [15, 23, 16, 22], [17, 1, 18, 24]]"
12a_0211_141,"[[17, 1, 18, 24], [19, 5, 20, 4], [21, 15, 22, 14], [23, 21, 24, 20], [1, 8, 2, 9], [3, 19, 4, 18], [5, 10, 6, 11], [7, 12, 8, 13], [9, 2, 10, 3], [11, 6, 12, 7], [13, 17, 14, 16], [15, 23, 16, 22]]"
12a_0211_142,"[[15, 23, 16, 22], [17, 1, 18, 24], [19, 5, 20, 4], [21, 15, 22, 14], [23, 21, 24, 20], [1, 8, 2, 9], [3, 19, 4, 18], [5, 10, 6, 11], [7, 12, 8, 13], [9, 2, 10, 3], [11, 6, 12, 7], [13, 17, 14, 16]]"
12a_0211_143,"[[13, 17, 14, 16], [15, 23, 16, 22], [17, 1, 18, 24], [19, 5, 20, 4], [21, 15, 22, 14], [23, 21, 24, 20], [1, 8, 2, 9], [3, 19, 4, 18], [5, 10, 6, 11], [7, 12, 8, 13], [9, 2, 10, 3], [11, 6, 12, 7]]"
12a_0211_144,"[[12, 7, 13, 8], [14, 18, 15, 17], [16, 24, 17, 23], [18, 2, 19, 1], [20, 6, 21, 5], [22, 16, 23, 15], [24, 22, 1, 21], [2, 9, 3, 10], [4, 20, 5, 19], [6, 11, 7, 12], [8, 13, 9, 14], [10, 3, 11, 4]]"
12a_0211_145,"[[10, 3, 11, 4], [12, 7, 13, 8], [14, 18, 15, 17], [16, 24, 17, 23], [18, 2, 19, 1], [20, 6, 21, 5], [22, 16, 23, 15], [24, 22, 1, 21], [2, 9, 3, 10], [4, 20, 5, 19], [6, 11, 7, 12], [8, 13, 9, 14]]"
12a_0211_146,"[[8, 13, 9, 14], [10, 3, 11, 4], [12, 7, 13, 8], [14, 18, 15, 17], [16, 24, 17, 23], [18, 2, 19, 1], [20, 6, 21, 5], [22, 16, 23, 15], [24, 22, 1, 21], [2, 9, 3, 10], [4, 20, 5, 19], [6, 11, 7, 12]]"
12a_0211_147,"[[6, 11, 7, 12], [8, 13, 9, 14], [10, 3, 11, 4], [12, 7, 13, 8], [14, 18, 15, 17], [16, 24, 17, 23], [18, 2, 19, 1], [20, 6, 21, 5], [22, 16, 23, 15], [24, 22, 1, 21], [2, 9, 3, 10], [4, 20, 5, 19]]"
12a_0211_148,"[[4, 20, 5, 19], [6, 11, 7, 12], [8, 13, 9, 14], [10, 3, 11, 4], [12, 7, 13, 8], [14, 18, 15, 17], [16, 24, 17, 23], [18, 2, 19, 1], [20, 6, 21, 5], [22, 16, 23, 15], [24, 22, 1, 21], [2, 9, 3, 10]]"
12a_0211_149,"[[2, 9, 3, 10], [4, 20, 5, 19], [6, 11, 7, 12], [8, 13, 9, 14], [10, 3, 11, 4], [12, 7, 13, 8], [14, 18, 15, 17], [16, 24, 17, 23], [18, 2, 19, 1], [20, 6, 21, 5], [22, 16, 23, 15], [24, 22, 1, 21]]"
12a_0211_150,"[[24, 22, 1, 21], [2, 9, 3, 10], [4, 20, 5, 19], [6, 11, 7, 12], [8, 13, 9, 14], [10, 3, 11, 4], [12, 7, 13, 8], [14, 18, 15, 17], [16, 24, 17, 23], [18, 2, 19, 1], [20, 6, 21, 5], [22, 16, 23, 15]]"
12a_0211_151,"[[22, 16, 23, 15], [24, 22, 1, 21], [2, 9, 3, 10], [4, 20, 5, 19], [6, 11, 7, 12], [8, 13, 9, 14], [10, 3, 11, 4], [12, 7, 13, 8], [14, 18, 15, 17], [16, 24, 17, 23], [18, 2, 19, 1], [20, 6, 21, 5]]"
12a_0211_152,"[[20, 6, 21, 5], [22, 16, 23, 15], [24, 22, 1, 21], [2, 9, 3, 10], [4, 20, 5, 19], [6, 11, 7, 12], [8, 13, 9, 14], [10, 3, 11, 4], [12, 7, 13, 8], [14, 18, 15, 17], [16, 24, 17, 23], [18, 2, 19, 1]]"
12a_0211_153,"[[18, 2, 19, 1], [20, 6, 21, 5], [22, 16, 23, 15], [24, 22, 1, 21], [2, 9, 3, 10], [4, 20, 5, 19], [6, 11, 7, 12], [8, 13, 9, 14], [10, 3, 11, 4], [12, 7, 13, 8], [14, 18, 15, 17], [16, 24, 17, 23]]"
12a_0211_154,"[[16, 24, 17, 23], [18, 2, 19, 1], [20, 6, 21, 5], [22, 16, 23, 15], [24, 22, 1, 21], [2, 9, 3, 10], [4, 20, 5, 19], [6, 11, 7, 12], [8, 13, 9, 14], [10, 3, 11, 4], [12, 7, 13, 8], [14, 18, 15, 17]]"
12a_0211_155,"[[14, 18, 15, 17], [16, 24, 17, 23], [18, 2, 19, 1], [20, 6, 21, 5], [22, 16, 23, 15], [24, 22, 1, 21], [2, 9, 3, 10], [4, 20, 5, 19], [6, 11, 7, 12], [8, 13, 9, 14], [10, 3, 11, 4], [12, 7, 13, 8]]"
12a_0211_156,"[[13, 8, 14, 9], [15, 19, 16, 18], [17, 1, 18, 24], [19, 3, 20, 2], [21, 7, 22, 6], [23, 17, 24, 16], [1, 23, 2, 22], [3, 10, 4, 11], [5, 21, 6, 20], [7, 12, 8, 13], [9, 14, 10, 15], [11, 4, 12, 5]]"
12a_0211_157,"[[11, 4, 12, 5], [13, 8, 14, 9], [15, 19, 16, 18], [17, 1, 18, 24], [19, 3, 20, 2], [21, 7, 22, 6], [23, 17, 24, 16], [1, 23, 2, 22], [3, 10, 4, 11], [5, 21, 6, 20], [7, 12, 8, 13], [9, 14, 10, 15]]"
12a_0211_158,"[[9, 14, 10, 15], [11, 4, 12, 5], [13, 8, 14, 9], [15, 19, 16, 18], [17, 1, 18, 24], [19, 3, 20, 2], [21, 7, 22, 6], [23, 17, 24, 16], [1, 23, 2, 22], [3, 10, 4, 11], [5, 21, 6, 20], [7, 12, 8, 13]]"
12a_0211_159,"[[7, 12, 8, 13], [9, 14, 10, 15], [11, 4, 12, 5], [13, 8, 14, 9], [15, 19, 16, 18], [17, 1, 18, 24], [19, 3, 20, 2], [21, 7, 22, 6], [23, 17, 24, 16], [1, 23, 2, 22], [3, 10, 4, 11], [5, 21, 6, 20]]"
12a_0211_160,"[[5, 21, 6, 20], [7, 12, 8, 13], [9, 14, 10, 15], [11, 4, 12, 5], [13, 8, 14, 9], [15, 19, 16, 18], [17, 1, 18, 24], [19, 3, 20, 2], [21, 7, 22, 6], [23, 17, 24, 16], [1, 23, 2, 22], [3, 10, 4, 11]]"
12a_0211_161,"[[3, 10, 4, 11], [5, 21, 6, 20], [7, 12, 8, 13], [9, 14, 10, 15], [11, 4, 12, 5], [13, 8, 14, 9], [15, 19, 16, 18], [17, 1, 18, 24], [19, 3, 20, 2], [21, 7, 22, 6], [23, 17, 24, 16], [1, 23, 2, 22]]"
12a_0211_162,"[[1, 23, 2, 22], [3, 10, 4, 11], [5, 21, 6, 20], [7, 12, 8, 13], [9, 14, 10, 15], [11, 4, 12, 5], [13, 8, 14, 9], [15, 19, 16, 18], [17, 1, 18, 24], [19, 3, 20, 2], [21, 7, 22, 6], [23, 17, 24, 16]]"
12a_0211_163,"[[23, 17, 24, 16], [1, 23, 2, 22], [3, 10, 4, 11], [5, 21, 6, 20], [7, 12, 8, 13], [9, 14, 10, 15], [11, 4, 12, 5], [13, 8, 14, 9], [15, 19, 16, 18], [17, 1, 18, 24], [19, 3, 20, 2], [21, 7, 22, 6]]"
12a_0211_164,"[[21, 7, 22, 6], [23, 17, 24, 16], [1, 23, 2, 22], [3, 10, 4, 11], [5, 21, 6, 20], [7, 12, 8, 13], [9, 14, 10, 15], [11, 4, 12, 5], [13, 8, 14, 9], [15, 19, 16, 18], [17, 1, 18, 24], [19, 3, 20, 2]]"
12a_0211_165,"[[19, 3, 20, 2], [21, 7, 22, 6], [23, 17, 24, 16], [1, 23, 2, 22], [3, 10, 4, 11], [5, 21, 6, 20], [7, 12, 8, 13], [9, 14, 10, 15], [11, 4, 12, 5], [13, 8, 14, 9], [15, 19, 16, 18], [17, 1, 18, 24]]"
12a_0211_166,"[[17, 1, 18, 24], [19, 3, 20, 2], [21, 7, 22, 6], [23, 17, 24, 16], [1, 23, 2, 22], [3, 10, 4, 11], [5, 21, 6, 20], [7, 12, 8, 13], [9, 14, 10, 15], [11, 4, 12, 5], [13, 8, 14, 9], [15, 19, 16, 18]]"
12a_0211_167,"[[15, 19, 16, 18], [17, 1, 18, 24], [19, 3, 20, 2], [21, 7, 22, 6], [23, 17, 24, 16], [1, 23, 2, 22], [3, 10, 4, 11], [5, 21, 6, 20], [7, 12, 8, 13], [9, 14, 10, 15], [11, 4, 12, 5], [13, 8, 14, 9]]"
12a_0211_168,"[[14, 9, 15, 10], [16, 20, 17, 19], [18, 2, 19, 1], [20, 4, 21, 3], [22, 8, 23, 7], [24, 18, 1, 17], [2, 24, 3, 23], [4, 11, 5, 12], [6, 22, 7, 21], [8, 13, 9, 14], [10, 15, 11, 16], [12, 5, 13, 6]]"
12a_0211_169,"[[12, 5, 13, 6], [14, 9, 15, 10], [16, 20, 17, 19], [18, 2, 19, 1], [20, 4, 21, 3], [22, 8, 23, 7], [24, 18, 1, 17], [2, 24, 3, 23], [4, 11, 5, 12], [6, 22, 7, 21], [8, 13, 9, 14], [10, 15, 11, 16]]"
12a_0211_170,"[[10, 15, 11, 16], [12, 5, 13, 6], [14, 9, 15, 10], [16, 20, 17, 19], [18, 2, 19, 1], [20, 4, 21, 3], [22, 8, 23, 7], [24, 18, 1, 17], [2, 24, 3, 23], [4, 11, 5, 12], [6, 22, 7, 21], [8, 13, 9, 14]]"
12a_0211_171,"[[8, 13, 9, 14], [10, 15, 11, 16], [12, 5, 13, 6], [14, 9, 15, 10], [16, 20, 17, 19], [18, 2, 19, 1], [20, 4, 21, 3], [22, 8, 23, 7], [24, 18, 1, 17], [2, 24, 3, 23], [4, 11, 5, 12], [6, 22, 7, 21]]"
12a_0211_172,"[[6, 22, 7, 21], [8, 13, 9, 14], [10, 15, 11, 16], [12, 5, 13, 6], [14, 9, 15, 10], [16, 20, 17, 19], [18, 2, 19, 1], [20, 4, 21, 3], [22, 8, 23, 7], [24, 18, 1, 17], [2, 24, 3, 23], [4, 11, 5, 12]]"
12a_0211_173,"[[4, 11, 5, 12], [6, 22, 7, 21], [8, 13, 9, 14], [10, 15, 11, 16], [12, 5, 13, 6], [14, 9, 15, 10], [16, 20, 17, 19], [18, 2, 19, 1], [20, 4, 21, 3], [22, 8, 23, 7], [24, 18, 1, 17], [2, 24, 3, 23]]"
12a_0211_174,"[[2, 24, 3, 23], [4, 11, 5, 12], [6, 22, 7, 21], [8, 13, 9, 14], [10, 15, 11, 16], [12, 5, 13, 6], [14, 9, 15, 10], [16, 20, 17, 19], [18, 2, 19, 1], [20, 4, 21, 3], [22, 8, 23, 7], [24, 18, 1, 17]]"
12a_0211_175,"[[24, 18, 1, 17], [2, 24, 3, 23], [4, 11, 5, 12], [6, 22, 7, 21], [8, 13, 9, 14], [10, 15, 11, 16], [12, 5, 13, 6], [14, 9, 15, 10], [16, 20, 17, 19], [18, 2, 19, 1], [20, 4, 21, 3], [22, 8, 23, 7]]"
12a_0211_176,"[[22, 8, 23, 7], [24, 18, 1, 17], [2, 24, 3, 23], [4, 11, 5, 12], [6, 22, 7, 21], [8, 13, 9, 14], [10, 15, 11, 16], [12, 5, 13, 6], [14, 9, 15, 10], [16, 20, 17, 19], [18, 2, 19, 1], [20, 4, 21, 3]]"
12a_0211_177,"[[20, 4, 21, 3], [22, 8, 23, 7], [24, 18, 1, 17], [2, 24, 3, 23], [4, 11, 5, 12], [6, 22, 7, 21], [8, 13, 9, 14], [10, 15, 11, 16], [12, 5, 13, 6], [14, 9, 15, 10], [16, 20, 17, 19], [18, 2, 19, 1]]"
12a_0211_178,"[[18, 2, 19, 1], [20, 4, 21, 3], [22, 8, 23, 7], [24, 18, 1, 17], [2, 24, 3, 23], [4, 11, 5, 12], [6, 22, 7, 21], [8, 13, 9, 14], [10, 15, 11, 16], [12, 5, 13, 6], [14, 9, 15, 10], [16, 20, 17, 19]]"
12a_0211_179,"[[16, 20, 17, 19], [18, 2, 19, 1], [20, 4, 21, 3], [22, 8, 23, 7], [24, 18, 1, 17], [2, 24, 3, 23], [4, 11, 5, 12], [6, 22, 7, 21], [8, 13, 9, 14], [10, 15, 11, 16], [12, 5, 13, 6], [14, 9, 15, 10]]"
12a_0211_180,"[[15, 10, 16, 11], [17, 21, 18, 20], [19, 3, 20, 2], [21, 5, 22, 4], [23, 9, 24, 8], [1, 19, 2, 18], [3, 1, 4, 24], [5, 12, 6, 13], [7, 23, 8, 22], [9, 14, 10, 15], [11, 16, 12, 17], [13, 6, 14, 7]]"
12a_0211_181,"[[13, 6, 14, 7], [15, 10, 16, 11], [17, 21, 18, 20], [19, 3, 20, 2], [21, 5, 22, 4], [23, 9, 24, 8], [1, 19, 2, 18], [3, 1, 4, 24], [5, 12, 6, 13], [7, 23, 8, 22], [9, 14, 10, 15], [11, 16, 12, 17]]"
12a_0211_182,"[[11, 16, 12, 17], [13, 6, 14, 7], [15, 10, 16, 11], [17, 21, 18, 20], [19, 3, 20, 2], [21, 5, 22, 4], [23, 9, 24, 8], [1, 19, 2, 18], [3, 1, 4, 24], [5, 12, 6, 13], [7, 23, 8, 22], [9, 14, 10, 15]]"
12a_0211_183,"[[9, 14, 10, 15], [11, 16, 12, 17], [13, 6, 14, 7], [15, 10, 16, 11], [17, 21, 18, 20], [19, 3, 20, 2], [21, 5, 22, 4], [23, 9, 24, 8], [1, 19, 2, 18], [3, 1, 4, 24], [5, 12, 6, 13], [7, 23, 8, 22]]"
12a_0211_184,"[[7, 23, 8, 22], [9, 14, 10, 15], [11, 16, 12, 17], [13, 6, 14, 7], [15, 10, 16, 11], [17, 21, 18, 20], [19, 3, 20, 2], [21, 5, 22, 4], [23, 9, 24, 8], [1, 19, 2, 18], [3, 1, 4, 24], [5, 12, 6, 13]]"
12a_0211_185,"[[5, 12, 6, 13], [7, 23, 8, 22], [9, 14, 10, 15], [11, 16, 12, 17], [13, 6, 14, 7], [15, 10, 16, 11], [17, 21, 18, 20], [19, 3, 20, 2], [21, 5, 22, 4], [23, 9, 24, 8], [1, 19, 2, 18], [3, 1, 4, 24]]"
