name,pd_notation
12a_0641_0,"[[24, 17, 1, 18], [2, 6, 3, 5], [4, 14, 5, 13], [6, 19, 7, 20], [8, 21, 9, 22], [10, 16, 11, 15], [12, 4, 13, 3], [14, 12, 15, 11], [16, 23, 17, 24], [18, 1, 19, 2], [20, 7, 21, 8], [22, 9, 23, 10]]"
12a_0641_1,"[[22, 9, 23, 10], [24, 17, 1, 18], [2, 6, 3, 5], [4, 14, 5, 13], [6, 19, 7, 20], [8, 21, 9, 22], [10, 16, 11, 15], [12, 4, 13, 3], [14, 12, 15, 11], [16, 23, 17, 24], [18, 1, 19, 2], [20, 7, 21, 8]]"
12a_0641_2,"[[20, 7, 21, 8], [22, 9, 23, 10], [24, 17, 1, 18], [2, 6, 3, 5], [4, 14, 5, 13], [6, 19, 7, 20], [8, 21, 9, 22], [10, 16, 11, 15], [12, 4, 13, 3], [14, 12, 15, 11], [16, 23, 17, 24], [18, 1, 19, 2]]"
12a_0641_3,"[[18, 1, 19, 2], [20, 7, 21, 8], [22, 9, 23, 10], [24, 17, 1, 18], [2, 6, 3, 5], [4, 14, 5, 13], [6, 19, 7, 20], [8, 21, 9, 22], [10, 16, 11, 15], [12, 4, 13, 3], [14, 12, 15, 11], [16, 23, 17, 24]]"
12a_0641_4,"[[16, 23, 17, 24], [18, 1, 19, 2], [20, 7, 21, 8], [22, 9, 23, 10], [24, 17, 1, 18], [2, 6, 3, 5], [4, 14, 5, 13], [6, 19, 7, 20], [8, 21, 9, 22], [10, 16, 11, 15], [12, 4, 13, 3], [14, 12, 15, 11]]"
12a_0641_5,"[[14, 12, 15, 11], [16, 23, 17, 24], [18, 1, 19, 2], [20, 7, 21, 8], [22, 9, 23, 10], [24, 17, 1, 18], [2, 6, 3, 5], [4, 14, 5, 13], [6, 19, 7, 20], [8, 21, 9, 22], [10, 16, 11, 15], [12, 4, 13, 3]]"
12a_0641_6,"[[12, 4, 13, 3], [14, 12, 15, 11], [16, 23, 17, 24], [18, 1, 19, 2], [20, 7, 21, 8], [22, 9, 23, 10], [24, 17, 1, 18], [2, 6, 3, 5], [4, 14, 5, 13], [6, 19, 7, 20], [8, 21, 9, 22], [10, 16, 11, 15]]"
12a_0641_7,"[[10, 16, 11, 15], [12, 4, 13, 3], [14, 12, 15, 11], [16, 23, 17, 24], [18, 1, 19, 2], [20, 7, 21, 8], [22, 9, 23, 10], [24, 17, 1, 18], [2, 6, 3, 5], [4, 14, 5, 13], [6, 19, 7, 20], [8, 21, 9, 22]]"
12a_0641_8,"[[8, 21, 9, 22], [10, 16, 11, 15], [12, 4, 13, 3], [14, 12, 15, 11], [16, 23, 17, 24], [18, 1, 19, 2], [20, 7, 21, 8], [22, 9, 23, 10], [24, 17, 1, 18], [2, 6, 3, 5], [4, 14, 5, 13], [6, 19, 7, 20]]"
12a_0641_9,"[[6, 19, 7, 20], [8, 21, 9, 22], [10, 16, 11, 15], [12, 4, 13, 3], [14, 12, 15, 11], [16, 23, 17, 24], [18, 1, 19, 2], [20, 7, 21, 8], [22, 9, 23, 10], [24, 17, 1, 18], [2, 6, 3, 5], [4, 14, 5, 13]]"
12a_0641_10,"[[4, 14, 5, 13], [6, 19, 7, 20], [8, 21, 9, 22], [10, 16, 11, 15], [12, 4, 13, 3], [14, 12, 15, 11], [16, 23, 17, 24], [18, 1, 19, 2], [20, 7, 21, 8], [22, 9, 23, 10], [24, 17, 1, 18], [2, 6, 3, 5]]"
12a_0641_11,"[[2, 6, 3, 5], [4, 14, 5, 13], [6, 19, 7, 20], [8, 21, 9, 22], [10, 16, 11, 15], [12, 4, 13, 3], [14, 12, 15, 11], [16, 23, 17, 24], [18, 1, 19, 2], [20, 7, 21, 8], [22, 9, 23, 10], [24, 17, 1, 18]]"
12a_0641_12,"[[1, 18, 2, 19], [3, 7, 4, 6], [5, 15, 6, 14], [7, 20, 8, 21], [9, 22, 10, 23], [11, 17, 12, 16], [13, 5, 14, 4], [15, 13, 16, 12], [17, 24, 18, 1], [19, 2, 20, 3], [21, 8, 22, 9], [23, 10, 24, 11]]"
12a_0641_13,"[[23, 10, 24, 11], [1, 18, 2, 19], [3, 7, 4, 6], [5, 15, 6, 14], [7, 20, 8, 21], [9, 22, 10, 23], [11, 17, 12, 16], [13, 5, 14, 4], [15, 13, 16, 12], [17, 24, 18, 1], [19, 2, 20, 3], [21, 8, 22, 9]]"
12a_0641_14,"[[21, 8, 22, 9], [23, 10, 24, 11], [1, 18, 2, 19], [3, 7, 4, 6], [5, 15, 6, 14], [7, 20, 8, 21], [9, 22, 10, 23], [11, 17, 12, 16], [13, 5, 14, 4], [15, 13, 16, 12], [17, 24, 18, 1], [19, 2, 20, 3]]"
12a_0641_15,"[[19, 2, 20, 3], [21, 8, 22, 9], [23, 10, 24, 11], [1, 18, 2, 19], [3, 7, 4, 6], [5, 15, 6, 14], [7, 20, 8, 21], [9, 22, 10, 23], [11, 17, 12, 16], [13, 5, 14, 4], [15, 13, 16, 12], [17, 24, 18, 1]]"
12a_0641_16,"[[17, 24, 18, 1], [19, 2, 20, 3], [21, 8, 22, 9], [23, 10, 24, 11], [1, 18, 2, 19], [3, 7, 4, 6], [5, 15, 6, 14], [7, 20, 8, 21], [9, 22, 10, 23], [11, 17, 12, 16], [13, 5, 14, 4], [15, 13, 16, 12]]"
12a_0641_17,"[[15, 13, 16, 12], [17, 24, 18, 1], [19, 2, 20, 3], [21, 8, 22, 9], [23, 10, 24, 11], [1, 18, 2, 19], [3, 7, 4, 6], [5, 15, 6, 14], [7, 20, 8, 21], [9, 22, 10, 23], [11, 17, 12, 16], [13, 5, 14, 4]]"
12a_0641_18,"[[13, 5, 14, 4], [15, 13, 16, 12], [17, 24, 18, 1], [19, 2, 20, 3], [21, 8, 22, 9], [23, 10, 24, 11], [1, 18, 2, 19], [3, 7, 4, 6], [5, 15, 6, 14], [7, 20, 8, 21], [9, 22, 10, 23], [11, 17, 12, 16]]"
12a_0641_19,"[[11, 17, 12, 16], [13, 5, 14, 4], [15, 13, 16, 12], [17, 24, 18, 1], [19, 2, 20, 3], [21, 8, 22, 9], [23, 10, 24, 11], [1, 18, 2, 19], [3, 7, 4, 6], [5, 15, 6, 14], [7, 20, 8, 21], [9, 22, 10, 23]]"
12a_0641_20,"[[9, 22, 10, 23], [11, 17, 12, 16], [13, 5, 14, 4], [15, 13, 16, 12], [17, 24, 18, 1], [19, 2, 20, 3], [21, 8, 22, 9], [23, 10, 24, 11], [1, 18, 2, 19], [3, 7, 4, 6], [5, 15, 6, 14], [7, 20, 8, 21]]"
12a_0641_21,"[[7, 20, 8, 21], [9, 22, 10, 23], [11, 17, 12, 16], [13, 5, 14, 4], [15, 13, 16, 12], [17, 24, 18, 1], [19, 2, 20, 3], [21, 8, 22, 9], [23, 10, 24, 11], [1, 18, 2, 19], [3, 7, 4, 6], [5, 15, 6, 14]]"
12a_0641_22,"[[5, 15, 6, 14], [7, 20, 8, 21], [9, 22, 10, 23], [11, 17, 12, 16], [13, 5, 14, 4], [15, 13, 16, 12], [17, 24, 18, 1], [19, 2, 20, 3], [21, 8, 22, 9], [23, 10, 24, 11], [1, 18, 2, 19], [3, 7, 4, 6]]"
12a_0641_23,"[[3, 7, 4, 6], [5, 15, 6, 14], [7, 20, 8, 21], [9, 22, 10, 23], [11, 17, 12, 16], [13, 5, 14, 4], [15, 13, 16, 12], [17, 24, 18, 1], [19, 2, 20, 3], [21, 8, 22, 9], [23, 10, 24, 11], [1, 18, 2, 19]]"
12a_0641_24,"[[2, 19, 3, 20], [4, 8, 5, 7], [6, 16, 7, 15], [8, 21, 9, 22], [10, 23, 11, 24], [12, 18, 13, 17], [14, 6, 15, 5], [16, 14, 17, 13], [18, 1, 19, 2], [20, 3, 21, 4], [22, 9, 23, 10], [24, 11, 1, 12]]"
12a_0641_25,"[[24, 11, 1, 12], [2, 19, 3, 20], [4, 8, 5, 7], [6, 16, 7, 15], [8, 21, 9, 22], [10, 23, 11, 24], [12, 18, 13, 17], [14, 6, 15, 5], [16, 14, 17, 13], [18, 1, 19, 2], [20, 3, 21, 4], [22, 9, 23, 10]]"
12a_0641_26,"[[22, 9, 23, 10], [24, 11, 1, 12], [2, 19, 3, 20], [4, 8, 5, 7], [6, 16, 7, 15], [8, 21, 9, 22], [10, 23, 11, 24], [12, 18, 13, 17], [14, 6, 15, 5], [16, 14, 17, 13], [18, 1, 19, 2], [20, 3, 21, 4]]"
12a_0641_27,"[[20, 3, 21, 4], [22, 9, 23, 10], [24, 11, 1, 12], [2, 19, 3, 20], [4, 8, 5, 7], [6, 16, 7, 15], [8, 21, 9, 22], [10, 23, 11, 24], [12, 18, 13, 17], [14, 6, 15, 5], [16, 14, 17, 13], [18, 1, 19, 2]]"
12a_0641_28,"[[18, 1, 19, 2], [20, 3, 21, 4], [22, 9, 23, 10], [24, 11, 1, 12], [2, 19, 3, 20], [4, 8, 5, 7], [6, 16, 7, 15], [8, 21, 9, 22], [10, 23, 11, 24], [12, 18, 13, 17], [14, 6, 15, 5], [16, 14, 17, 13]]"
12a_0641_29,"[[16, 14, 17, 13], [18, 1, 19, 2], [20, 3, 21, 4], [22, 9, 23, 10], [24, 11, 1, 12], [2, 19, 3, 20], [4, 8, 5, 7], [6, 16, 7, 15], [8, 21, 9, 22], [10, 23, 11, 24], [12, 18, 13, 17], [14, 6, 15, 5]]"
12a_0641_30,"[[14, 6, 15, 5], [16, 14, 17, 13], [18, 1, 19, 2], [20, 3, 21, 4], [22, 9, 23, 10], [24, 11, 1, 12], [2, 19, 3, 20], [4, 8, 5, 7], [6, 16, 7, 15], [8, 21, 9, 22], [10, 23, 11, 24], [12, 18, 13, 17]]"
12a_0641_31,"[[12, 18, 13, 17], [14, 6, 15, 5], [16, 14, 17, 13], [18, 1, 19, 2], [20, 3, 21, 4], [22, 9, 23, 10], [24, 11, 1, 12], [2, 19, 3, 20], [4, 8, 5, 7], [6, 16, 7, 15], [8, 21, 9, 22], [10, 23, 11, 24]]"
12a_0641_32,"[[10, 23, 11, 24], [12, 18, 13, 17], [14, 6, 15, 5], [16, 14, 17, 13], [18, 1, 19, 2], [20, 3, 21, 4], [22, 9, 23, 10], [24, 11, 1, 12], [2, 19, 3, 20], [4, 8, 5, 7], [6, 16, 7, 15], [8, 21, 9, 22]]"
12a_0641_33,"[[8, 21, 9, 22], [10, 23, 11, 24], [12, 18, 13, 17], [14, 6, 15, 5], [16, 14, 17, 13], [18, 1, 19, 2], [20, 3, 21, 4], [22, 9, 23, 10], [24, 11, 1, 12], [2, 19, 3, 20], [4, 8, 5, 7], [6, 16, 7, 15]]"
12a_0641_34,"[[6, 16, 7, 15], [8, 21, 9, 22], [10, 23, 11, 24], [12, 18, 13, 17], [14, 6, 15, 5], [16, 14, 17, 13], [18, 1, 19, 2], [20, 3, 21, 4], [22, 9, 23, 10], [24, 11, 1, 12], [2, 19, 3, 20], [4, 8, 5, 7]]"
12a_0641_35,"[[4, 8, 5, 7], [6, 16, 7, 15], [8, 21, 9, 22], [10, 23, 11, 24], [12, 18, 13, 17], [14, 6, 15, 5], [16, 14, 17, 13], [18, 1, 19, 2], [20, 3, 21, 4], [22, 9, 23, 10], [24, 11, 1, 12], [2, 19, 3, 20]]"
12a_0641_36,"[[3, 20, 4, 21], [5, 9, 6, 8], [7, 17, 8, 16], [9, 22, 10, 23], [11, 24, 12, 1], [13, 19, 14, 18], [15, 7, 16, 6], [17, 15, 18, 14], [19, 2, 20, 3], [21, 4, 22, 5], [23, 10, 24, 11], [1, 12, 2, 13]]"
12a_0641_37,"[[1, 12, 2, 13], [3, 20, 4, 21], [5, 9, 6, 8], [7, 17, 8, 16], [9, 22, 10, 23], [11, 24, 12, 1], [13, 19, 14, 18], [15, 7, 16, 6], [17, 15, 18, 14], [19, 2, 20, 3], [21, 4, 22, 5], [23, 10, 24, 11]]"
12a_0641_38,"[[23, 10, 24, 11], [1, 12, 2, 13], [3, 20, 4, 21], [5, 9, 6, 8], [7, 17, 8, 16], [9, 22, 10, 23], [11, 24, 12, 1], [13, 19, 14, 18], [15, 7, 16, 6], [17, 15, 18, 14], [19, 2, 20, 3], [21, 4, 22, 5]]"
12a_0641_39,"[[21, 4, 22, 5], [23, 10, 24, 11], [1, 12, 2, 13], [3, 20, 4, 21], [5, 9, 6, 8], [7, 17, 8, 16], [9, 22, 10, 23], [11, 24, 12, 1], [13, 19, 14, 18], [15, 7, 16, 6], [17, 15, 18, 14], [19, 2, 20, 3]]"
12a_0641_40,"[[19, 2, 20, 3], [21, 4, 22, 5], [23, 10, 24, 11], [1, 12, 2, 13], [3, 20, 4, 21], [5, 9, 6, 8], [7, 17, 8, 16], [9, 22, 10, 23], [11, 24, 12, 1], [13, 19, 14, 18], [15, 7, 16, 6], [17, 15, 18, 14]]"
12a_0641_41,"[[17, 15, 18, 14], [19, 2, 20, 3], [21, 4, 22, 5], [23, 10, 24, 11], [1, 12, 2, 13], [3, 20, 4, 21], [5, 9, 6, 8], [7, 17, 8, 16], [9, 22, 10, 23], [11, 24, 12, 1], [13, 19, 14, 18], [15, 7, 16, 6]]"
12a_0641_42,"[[15, 7, 16, 6], [17, 15, 18, 14], [19, 2, 20, 3], [21, 4, 22, 5], [23, 10, 24, 11], [1, 12, 2, 13], [3, 20, 4, 21], [5, 9, 6, 8], [7, 17, 8, 16], [9, 22, 10, 23], [11, 24, 12, 1], [13, 19, 14, 18]]"
12a_0641_43,"[[13, 19, 14, 18], [15, 7, 16, 6], [17, 15, 18, 14], [19, 2, 20, 3], [21, 4, 22, 5], [23, 10, 24, 11], [1, 12, 2, 13], [3, 20, 4, 21], [5, 9, 6, 8], [7, 17, 8, 16], [9, 22, 10, 23], [11, 24, 12, 1]]"
12a_0641_44,"[[11, 24, 12, 1], [13, 19, 14, 18], [15, 7, 16, 6], [17, 15, 18, 14], [19, 2, 20, 3], [21, 4, 22, 5], [23, 10, 24, 11], [1, 12, 2, 13], [3, 20, 4, 21], [5, 9, 6, 8], [7, 17, 8, 16], [9, 22, 10, 23]]"
12a_0641_45,"[[9, 22, 10, 23], [11, 24, 12, 1], [13, 19, 14, 18], [15, 7, 16, 6], [17, 15, 18, 14], [19, 2, 20, 3], [21, 4, 22, 5], [23, 10, 24, 11], [1, 12, 2, 13], [3, 20, 4, 21], [5, 9, 6, 8], [7, 17, 8, 16]]"
12a_0641_46,"[[7, 17, 8, 16], [9, 22, 10, 23], [11, 24, 12, 1], [13, 19, 14, 18], [15, 7, 16, 6], [17, 15, 18, 14], [19, 2, 20, 3], [21, 4, 22, 5], [23, 10, 24, 11], [1, 12, 2, 13], [3, 20, 4, 21], [5, 9, 6, 8]]"
12a_0641_47,"[[5, 9, 6, 8], [7, 17, 8, 16], [9, 22, 10, 23], [11, 24, 12, 1], [13, 19, 14, 18], [15, 7, 16, 6], [17, 15, 18, 14], [19, 2, 20, 3], [21, 4, 22, 5], [23, 10, 24, 11], [1, 12, 2, 13], [3, 20, 4, 21]]"
12a_0641_48,"[[4, 21, 5, 22], [6, 10, 7, 9], [8, 18, 9, 17], [10, 23, 11, 24], [12, 1, 13, 2], [14, 20, 15, 19], [16, 8, 17, 7], [18, 16, 19, 15], [20, 3, 21, 4], [22, 5, 23, 6], [24, 11, 1, 12], [2, 13, 3, 14]]"
12a_0641_49,"[[2, 13, 3, 14], [4, 21, 5, 22], [6, 10, 7, 9], [8, 18, 9, 17], [10, 23, 11, 24], [12, 1, 13, 2], [14, 20, 15, 19], [16, 8, 17, 7], [18, 16, 19, 15], [20, 3, 21, 4], [22, 5, 23, 6], [24, 11, 1, 12]]"
12a_0641_50,"[[24, 11, 1, 12], [2, 13, 3, 14], [4, 21, 5, 22], [6, 10, 7, 9], [8, 18, 9, 17], [10, 23, 11, 24], [12, 1, 13, 2], [14, 20, 15, 19], [16, 8, 17, 7], [18, 16, 19, 15], [20, 3, 21, 4], [22, 5, 23, 6]]"
12a_0641_51,"[[22, 5, 23, 6], [24, 11, 1, 12], [2, 13, 3, 14], [4, 21, 5, 22], [6, 10, 7, 9], [8, 18, 9, 17], [10, 23, 11, 24], [12, 1, 13, 2], [14, 20, 15, 19], [16, 8, 17, 7], [18, 16, 19, 15], [20, 3, 21, 4]]"
12a_0641_52,"[[20, 3, 21, 4], [22, 5, 23, 6], [24, 11, 1, 12], [2, 13, 3, 14], [4, 21, 5, 22], [6, 10, 7, 9], [8, 18, 9, 17], [10, 23, 11, 24], [12, 1, 13, 2], [14, 20, 15, 19], [16, 8, 17, 7], [18, 16, 19, 15]]"
12a_0641_53,"[[18, 16, 19, 15], [20, 3, 21, 4], [22, 5, 23, 6], [24, 11, 1, 12], [2, 13, 3, 14], [4, 21, 5, 22], [6, 10, 7, 9], [8, 18, 9, 17], [10, 23, 11, 24], [12, 1, 13, 2], [14, 20, 15, 19], [16, 8, 17, 7]]"
12a_0641_54,"[[16, 8, 17, 7], [18, 16, 19, 15], [20, 3, 21, 4], [22, 5, 23, 6], [24, 11, 1, 12], [2, 13, 3, 14], [4, 21, 5, 22], [6, 10, 7, 9], [8, 18, 9, 17], [10, 23, 11, 24], [12, 1, 13, 2], [14, 20, 15, 19]]"
12a_0641_55,"[[14, 20, 15, 19], [16, 8, 17, 7], [18, 16, 19, 15], [20, 3, 21, 4], [22, 5, 23, 6], [24, 11, 1, 12], [2, 13, 3, 14], [4, 21, 5, 22], [6, 10, 7, 9], [8, 18, 9, 17], [10, 23, 11, 24], [12, 1, 13, 2]]"
12a_0641_56,"[[12, 1, 13, 2], [14, 20, 15, 19], [16, 8, 17, 7], [18, 16, 19, 15], [20, 3, 21, 4], [22, 5, 23, 6], [24, 11, 1, 12], [2, 13, 3, 14], [4, 21, 5, 22], [6, 10, 7, 9], [8, 18, 9, 17], [10, 23, 11, 24]]"
12a_0641_57,"[[10, 23, 11, 24], [12, 1, 13, 2], [14, 20, 15, 19], [16, 8, 17, 7], [18, 16, 19, 15], [20, 3, 21, 4], [22, 5, 23, 6], [24, 11, 1, 12], [2, 13, 3, 14], [4, 21, 5, 22], [6, 10, 7, 9], [8, 18, 9, 17]]"
12a_0641_58,"[[8, 18, 9, 17], [10, 23, 11, 24], [12, 1, 13, 2], [14, 20, 15, 19], [16, 8, 17, 7], [18, 16, 19, 15], [20, 3, 21, 4], [22, 5, 23, 6], [24, 11, 1, 12], [2, 13, 3, 14], [4, 21, 5, 22], [6, 10, 7, 9]]"
12a_0641_59,"[[6, 10, 7, 9], [8, 18, 9, 17], [10, 23, 11, 24], [12, 1, 13, 2], [14, 20, 15, 19], [16, 8, 17, 7], [18, 16, 19, 15], [20, 3, 21, 4], [22, 5, 23, 6], [24, 11, 1, 12], [2, 13, 3, 14], [4, 21, 5, 22]]"
12a_0641_60,"[[5, 22, 6, 23], [7, 11, 8, 10], [9, 19, 10, 18], [11, 24, 12, 1], [13, 2, 14, 3], [15, 21, 16, 20], [17, 9, 18, 8], [19, 17, 20, 16], [21, 4, 22, 5], [23, 6, 24, 7], [1, 12, 2, 13], [3, 14, 4, 15]]"
12a_0641_61,"[[3, 14, 4, 15], [5, 22, 6, 23], [7, 11, 8, 10], [9, 19, 10, 18], [11, 24, 12, 1], [13, 2, 14, 3], [15, 21, 16, 20], [17, 9, 18, 8], [19, 17, 20, 16], [21, 4, 22, 5], [23, 6, 24, 7], [1, 12, 2, 13]]"
12a_0641_62,"[[1, 12, 2, 13], [3, 14, 4, 15], [5, 22, 6, 23], [7, 11, 8, 10], [9, 19, 10, 18], [11, 24, 12, 1], [13, 2, 14, 3], [15, 21, 16, 20], [17, 9, 18, 8], [19, 17, 20, 16], [21, 4, 22, 5], [23, 6, 24, 7]]"
12a_0641_63,"[[23, 6, 24, 7], [1, 12, 2, 13], [3, 14, 4, 15], [5, 22, 6, 23], [7, 11, 8, 10], [9, 19, 10, 18], [11, 24, 12, 1], [13, 2, 14, 3], [15, 21, 16, 20], [17, 9, 18, 8], [19, 17, 20, 16], [21, 4, 22, 5]]"
12a_0641_64,"[[21, 4, 22, 5], [23, 6, 24, 7], [1, 12, 2, 13], [3, 14, 4, 15], [5, 22, 6, 23], [7, 11, 8, 10], [9, 19, 10, 18], [11, 24, 12, 1], [13, 2, 14, 3], [15, 21, 16, 20], [17, 9, 18, 8], [19, 17, 20, 16]]"
12a_0641_65,"[[19, 17, 20, 16], [21, 4, 22, 5], [23, 6, 24, 7], [1, 12, 2, 13], [3, 14, 4, 15], [5, 22, 6, 23], [7, 11, 8, 10], [9, 19, 10, 18], [11, 24, 12, 1], [13, 2, 14, 3], [15, 21, 16, 20], [17, 9, 18, 8]]"
12a_0641_66,"[[17, 9, 18, 8], [19, 17, 20, 16], [21, 4, 22, 5], [23, 6, 24, 7], [1, 12, 2, 13], [3, 14, 4, 15], [5, 22, 6, 23], [7, 11, 8, 10], [9, 19, 10, 18], [11, 24, 12, 1], [13, 2, 14, 3], [15, 21, 16, 20]]"
12a_0641_67,"[[15, 21, 16, 20], [17, 9, 18, 8], [19, 17, 20, 16], [21, 4, 22, 5], [23, 6, 24, 7], [1, 12, 2, 13], [3, 14, 4, 15], [5, 22, 6, 23], [7, 11, 8, 10], [9, 19, 10, 18], [11, 24, 12, 1], [13, 2, 14, 3]]"
12a_0641_68,"[[13, 2, 14, 3], [15, 21, 16, 20], [17, 9, 18, 8], [19, 17, 20, 16], [21, 4, 22, 5], [23, 6, 24, 7], [1, 12, 2, 13], [3, 14, 4, 15], [5, 22, 6, 23], [7, 11, 8, 10], [9, 19, 10, 18], [11, 24, 12, 1]]"
12a_0641_69,"[[11, 24, 12, 1], [13, 2, 14, 3], [15, 21, 16, 20], [17, 9, 18, 8], [19, 17, 20, 16], [21, 4, 22, 5], [23, 6, 24, 7], [1, 12, 2, 13], [3, 14, 4, 15], [5, 22, 6, 23], [7, 11, 8, 10], [9, 19, 10, 18]]"
12a_0641_70,"[[9, 19, 10, 18], [11, 24, 12, 1], [13, 2, 14, 3], [15, 21, 16, 20], [17, 9, 18, 8], [19, 17, 20, 16], [21, 4, 22, 5], [23, 6, 24, 7], [1, 12, 2, 13], [3, 14, 4, 15], [5, 22, 6, 23], [7, 11, 8, 10]]"
12a_0641_71,"[[7, 11, 8, 10], [9, 19, 10, 18], [11, 24, 12, 1], [13, 2, 14, 3], [15, 21, 16, 20], [17, 9, 18, 8], [19, 17, 20, 16], [21, 4, 22, 5], [23, 6, 24, 7], [1, 12, 2, 13], [3, 14, 4, 15], [5, 22, 6, 23]]"
12a_0641_72,"[[6, 23, 7, 24], [8, 12, 9, 11], [10, 20, 11, 19], [12, 1, 13, 2], [14, 3, 15, 4], [16, 22, 17, 21], [18, 10, 19, 9], [20, 18, 21, 17], [22, 5, 23, 6], [24, 7, 1, 8], [2, 13, 3, 14], [4, 15, 5, 16]]"
12a_0641_73,"[[4, 15, 5, 16], [6, 23, 7, 24], [8, 12, 9, 11], [10, 20, 11, 19], [12, 1, 13, 2], [14, 3, 15, 4], [16, 22, 17, 21], [18, 10, 19, 9], [20, 18, 21, 17], [22, 5, 23, 6], [24, 7, 1, 8], [2, 13, 3, 14]]"
12a_0641_74,"[[2, 13, 3, 14], [4, 15, 5, 16], [6, 23, 7, 24], [8, 12, 9, 11], [10, 20, 11, 19], [12, 1, 13, 2], [14, 3, 15, 4], [16, 22, 17, 21], [18, 10, 19, 9], [20, 18, 21, 17], [22, 5, 23, 6], [24, 7, 1, 8]]"
12a_0641_75,"[[24, 7, 1, 8], [2, 13, 3, 14], [4, 15, 5, 16], [6, 23, 7, 24], [8, 12, 9, 11], [10, 20, 11, 19], [12, 1, 13, 2], [14, 3, 15, 4], [16, 22, 17, 21], [18, 10, 19, 9], [20, 18, 21, 17], [22, 5, 23, 6]]"
12a_0641_76,"[[22, 5, 23, 6], [24, 7, 1, 8], [2, 13, 3, 14], [4, 15, 5, 16], [6, 23, 7, 24], [8, 12, 9, 11], [10, 20, 11, 19], [12, 1, 13, 2], [14, 3, 15, 4], [16, 22, 17, 21], [18, 10, 19, 9], [20, 18, 21, 17]]"
12a_0641_77,"[[20, 18, 21, 17], [22, 5, 23, 6], [24, 7, 1, 8], [2, 13, 3, 14], [4, 15, 5, 16], [6, 23, 7, 24], [8, 12, 9, 11], [10, 20, 11, 19], [12, 1, 13, 2], [14, 3, 15, 4], [16, 22, 17, 21], [18, 10, 19, 9]]"
12a_0641_78,"[[18, 10, 19, 9], [20, 18, 21, 17], [22, 5, 23, 6], [24, 7, 1, 8], [2, 13, 3, 14], [4, 15, 5, 16], [6, 23, 7, 24], [8, 12, 9, 11], [10, 20, 11, 19], [12, 1, 13, 2], [14, 3, 15, 4], [16, 22, 17, 21]]"
12a_0641_79,"[[16, 22, 17, 21], [18, 10, 19, 9], [20, 18, 21, 17], [22, 5, 23, 6], [24, 7, 1, 8], [2, 13, 3, 14], [4, 15, 5, 16], [6, 23, 7, 24], [8, 12, 9, 11], [10, 20, 11, 19], [12, 1, 13, 2], [14, 3, 15, 4]]"
12a_0641_80,"[[14, 3, 15, 4], [16, 22, 17, 21], [18, 10, 19, 9], [20, 18, 21, 17], [22, 5, 23, 6], [24, 7, 1, 8], [2, 13, 3, 14], [4, 15, 5, 16], [6, 23, 7, 24], [8, 12, 9, 11], [10, 20, 11, 19], [12, 1, 13, 2]]"
12a_0641_81,"[[12, 1, 13, 2], [14, 3, 15, 4], [16, 22, 17, 21], [18, 10, 19, 9], [20, 18, 21, 17], [22, 5, 23, 6], [24, 7, 1, 8], [2, 13, 3, 14], [4, 15, 5, 16], [6, 23, 7, 24], [8, 12, 9, 11], [10, 20, 11, 19]]"
12a_0641_82,"[[10, 20, 11, 19], [12, 1, 13, 2], [14, 3, 15, 4], [16, 22, 17, 21], [18, 10, 19, 9], [20, 18, 21, 17], [22, 5, 23, 6], [24, 7, 1, 8], [2, 13, 3, 14], [4, 15, 5, 16], [6, 23, 7, 24], [8, 12, 9, 11]]"
12a_0641_83,"[[8, 12, 9, 11], [10, 20, 11, 19], [12, 1, 13, 2], [14, 3, 15, 4], [16, 22, 17, 21], [18, 10, 19, 9], [20, 18, 21, 17], [22, 5, 23, 6], [24, 7, 1, 8], [2, 13, 3, 14], [4, 15, 5, 16], [6, 23, 7, 24]]"
12a_0641_84,"[[7, 24, 8, 1], [9, 13, 10, 12], [11, 21, 12, 20], [13, 2, 14, 3], [15, 4, 16, 5], [17, 23, 18, 22], [19, 11, 20, 10], [21, 19, 22, 18], [23, 6, 24, 7], [1, 8, 2, 9], [3, 14, 4, 15], [5, 16, 6, 17]]"
12a_0641_85,"[[5, 16, 6, 17], [7, 24, 8, 1], [9, 13, 10, 12], [11, 21, 12, 20], [13, 2, 14, 3], [15, 4, 16, 5], [17, 23, 18, 22], [19, 11, 20, 10], [21, 19, 22, 18], [23, 6, 24, 7], [1, 8, 2, 9], [3, 14, 4, 15]]"
12a_0641_86,"[[3, 14, 4, 15], [5, 16, 6, 17], [7, 24, 8, 1], [9, 13, 10, 12], [11, 21, 12, 20], [13, 2, 14, 3], [15, 4, 16, 5], [17, 23, 18, 22], [19, 11, 20, 10], [21, 19, 22, 18], [23, 6, 24, 7], [1, 8, 2, 9]]"
12a_0641_87,"[[1, 8, 2, 9], [3, 14, 4, 15], [5, 16, 6, 17], [7, 24, 8, 1], [9, 13, 10, 12], [11, 21, 12, 20], [13, 2, 14, 3], [15, 4, 16, 5], [17, 23, 18, 22], [19, 11, 20, 10], [21, 19, 22, 18], [23, 6, 24, 7]]"
12a_0641_88,"[[23, 6, 24, 7], [1, 8, 2, 9], [3, 14, 4, 15], [5, 16, 6, 17], [7, 24, 8, 1], [9, 13, 10, 12], [11, 21, 12, 20], [13, 2, 14, 3], [15, 4, 16, 5], [17, 23, 18, 22], [19, 11, 20, 10], [21, 19, 22, 18]]"
12a_0641_89,"[[21, 19, 22, 18], [23, 6, 24, 7], [1, 8, 2, 9], [3, 14, 4, 15], [5, 16, 6, 17], [7, 24, 8, 1], [9, 13, 10, 12], [11, 21, 12, 20], [13, 2, 14, 3], [15, 4, 16, 5], [17, 23, 18, 22], [19, 11, 20, 10]]"
12a_0641_90,"[[19, 11, 20, 10], [21, 19, 22, 18], [23, 6, 24, 7], [1, 8, 2, 9], [3, 14, 4, 15], [5, 16, 6, 17], [7, 24, 8, 1], [9, 13, 10, 12], [11, 21, 12, 20], [13, 2, 14, 3], [15, 4, 16, 5], [17, 23, 18, 22]]"
12a_0641_91,"[[17, 23, 18, 22], [19, 11, 20, 10], [21, 19, 22, 18], [23, 6, 24, 7], [1, 8, 2, 9], [3, 14, 4, 15], [5, 16, 6, 17], [7, 24, 8, 1], [9, 13, 10, 12], [11, 21, 12, 20], [13, 2, 14, 3], [15, 4, 16, 5]]"
12a_0641_92,"[[15, 4, 16, 5], [17, 23, 18, 22], [19, 11, 20, 10], [21, 19, 22, 18], [23, 6, 24, 7], [1, 8, 2, 9], [3, 14, 4, 15], [5, 16, 6, 17], [7, 24, 8, 1], [9, 13, 10, 12], [11, 21, 12, 20], [13, 2, 14, 3]]"
12a_0641_93,"[[13, 2, 14, 3], [15, 4, 16, 5], [17, 23, 18, 22], [19, 11, 20, 10], [21, 19, 22, 18], [23, 6, 24, 7], [1, 8, 2, 9], [3, 14, 4, 15], [5, 16, 6, 17], [7, 24, 8, 1], [9, 13, 10, 12], [11, 21, 12, 20]]"
12a_0641_94,"[[11, 21, 12, 20], [13, 2, 14, 3], [15, 4, 16, 5], [17, 23, 18, 22], [19, 11, 20, 10], [21, 19, 22, 18], [23, 6, 24, 7], [1, 8, 2, 9], [3, 14, 4, 15], [5, 16, 6, 17], [7, 24, 8, 1], [9, 13, 10, 12]]"
12a_0641_95,"[[9, 13, 10, 12], [11, 21, 12, 20], [13, 2, 14, 3], [15, 4, 16, 5], [17, 23, 18, 22], [19, 11, 20, 10], [21, 19, 22, 18], [23, 6, 24, 7], [1, 8, 2, 9], [3, 14, 4, 15], [5, 16, 6, 17], [7, 24, 8, 1]]"
12a_0641_96,"[[8, 1, 9, 2], [10, 14, 11, 13], [12, 22, 13, 21], [14, 3, 15, 4], [16, 5, 17, 6], [18, 24, 19, 23], [20, 12, 21, 11], [22, 20, 23, 19], [24, 7, 1, 8], [2, 9, 3, 10], [4, 15, 5, 16], [6, 17, 7, 18]]"
12a_0641_97,"[[6, 17, 7, 18], [8, 1, 9, 2], [10, 14, 11, 13], [12, 22, 13, 21], [14, 3, 15, 4], [16, 5, 17, 6], [18, 24, 19, 23], [20, 12, 21, 11], [22, 20, 23, 19], [24, 7, 1, 8], [2, 9, 3, 10], [4, 15, 5, 16]]"
12a_0641_98,"[[4, 15, 5, 16], [6, 17, 7, 18], [8, 1, 9, 2], [10, 14, 11, 13], [12, 22, 13, 21], [14, 3, 15, 4], [16, 5, 17, 6], [18, 24, 19, 23], [20, 12, 21, 11], [22, 20, 23, 19], [24, 7, 1, 8], [2, 9, 3, 10]]"
12a_0641_99,"[[2, 9, 3, 10], [4, 15, 5, 16], [6, 17, 7, 18], [8, 1, 9, 2], [10, 14, 11, 13], [12, 22, 13, 21], [14, 3, 15, 4], [16, 5, 17, 6], [18, 24, 19, 23], [20, 12, 21, 11], [22, 20, 23, 19], [24, 7, 1, 8]]"
12a_0641_100,"[[24, 7, 1, 8], [2, 9, 3, 10], [4, 15, 5, 16], [6, 17, 7, 18], [8, 1, 9, 2], [10, 14, 11, 13], [12, 22, 13, 21], [14, 3, 15, 4], [16, 5, 17, 6], [18, 24, 19, 23], [20, 12, 21, 11], [22, 20, 23, 19]]"
12a_0641_101,"[[22, 20, 23, 19], [24, 7, 1, 8], [2, 9, 3, 10], [4, 15, 5, 16], [6, 17, 7, 18], [8, 1, 9, 2], [10, 14, 11, 13], [12, 22, 13, 21], [14, 3, 15, 4], [16, 5, 17, 6], [18, 24, 19, 23], [20, 12, 21, 11]]"
12a_0641_102,"[[20, 12, 21, 11], [22, 20, 23, 19], [24, 7, 1, 8], [2, 9, 3, 10], [4, 15, 5, 16], [6, 17, 7, 18], [8, 1, 9, 2], [10, 14, 11, 13], [12, 22, 13, 21], [14, 3, 15, 4], [16, 5, 17, 6], [18, 24, 19, 23]]"
12a_0641_103,"[[18, 24, 19, 23], [20, 12, 21, 11], [22, 20, 23, 19], [24, 7, 1, 8], [2, 9, 3, 10], [4, 15, 5, 16], [6, 17, 7, 18], [8, 1, 9, 2], [10, 14, 11, 13], [12, 22, 13, 21], [14, 3, 15, 4], [16, 5, 17, 6]]"
12a_0641_104,"[[16, 5, 17, 6], [18, 24, 19, 23], [20, 12, 21, 11], [22, 20, 23, 19], [24, 7, 1, 8], [2, 9, 3, 10], [4, 15, 5, 16], [6, 17, 7, 18], [8, 1, 9, 2], [10, 14, 11, 13], [12, 22, 13, 21], [14, 3, 15, 4]]"
12a_0641_105,"[[14, 3, 15, 4], [16, 5, 17, 6], [18, 24, 19, 23], [20, 12, 21, 11], [22, 20, 23, 19], [24, 7, 1, 8], [2, 9, 3, 10], [4, 15, 5, 16], [6, 17, 7, 18], [8, 1, 9, 2], [10, 14, 11, 13], [12, 22, 13, 21]]"
12a_0641_106,"[[12, 22, 13, 21], [14, 3, 15, 4], [16, 5, 17, 6], [18, 24, 19, 23], [20, 12, 21, 11], [22, 20, 23, 19], [24, 7, 1, 8], [2, 9, 3, 10], [4, 15, 5, 16], [6, 17, 7, 18], [8, 1, 9, 2], [10, 14, 11, 13]]"
12a_0641_107,"[[10, 14, 11, 13], [12, 22, 13, 21], [14, 3, 15, 4], [16, 5, 17, 6], [18, 24, 19, 23], [20, 12, 21, 11], [22, 20, 23, 19], [24, 7, 1, 8], [2, 9, 3, 10], [4, 15, 5, 16], [6, 17, 7, 18], [8, 1, 9, 2]]"
12a_0641_108,"[[9, 2, 10, 3], [11, 15, 12, 14], [13, 23, 14, 22], [15, 4, 16, 5], [17, 6, 18, 7], [19, 1, 20, 24], [21, 13, 22, 12], [23, 21, 24, 20], [1, 8, 2, 9], [3, 10, 4, 11], [5, 16, 6, 17], [7, 18, 8, 19]]"
12a_0641_109,"[[7, 18, 8, 19], [9, 2, 10, 3], [11, 15, 12, 14], [13, 23, 14, 22], [15, 4, 16, 5], [17, 6, 18, 7], [19, 1, 20, 24], [21, 13, 22, 12], [23, 21, 24, 20], [1, 8, 2, 9], [3, 10, 4, 11], [5, 16, 6, 17]]"
12a_0641_110,"[[5, 16, 6, 17], [7, 18, 8, 19], [9, 2, 10, 3], [11, 15, 12, 14], [13, 23, 14, 22], [15, 4, 16, 5], [17, 6, 18, 7], [19, 1, 20, 24], [21, 13, 22, 12], [23, 21, 24, 20], [1, 8, 2, 9], [3, 10, 4, 11]]"
12a_0641_111,"[[3, 10, 4, 11], [5, 16, 6, 17], [7, 18, 8, 19], [9, 2, 10, 3], [11, 15, 12, 14], [13, 23, 14, 22], [15, 4, 16, 5], [17, 6, 18, 7], [19, 1, 20, 24], [21, 13, 22, 12], [23, 21, 24, 20], [1, 8, 2, 9]]"
12a_0641_112,"[[1, 8, 2, 9], [3, 10, 4, 11], [5, 16, 6, 17], [7, 18, 8, 19], [9, 2, 10, 3], [11, 15, 12, 14], [13, 23, 14, 22], [15, 4, 16, 5], [17, 6, 18, 7], [19, 1, 20, 24], [21, 13, 22, 12], [23, 21, 24, 20]]"
12a_0641_113,"[[23, 21, 24, 20], [1, 8, 2, 9], [3, 10, 4, 11], [5, 16, 6, 17], [7, 18, 8, 19], [9, 2, 10, 3], [11, 15, 12, 14], [13, 23, 14, 22], [15, 4, 16, 5], [17, 6, 18, 7], [19, 1, 20, 24], [21, 13, 22, 12]]"
12a_0641_114,"[[21, 13, 22, 12], [23, 21, 24, 20], [1, 8, 2, 9], [3, 10, 4, 11], [5, 16, 6, 17], [7, 18, 8, 19], [9, 2, 10, 3], [11, 15, 12, 14], [13, 23, 14, 22], [15, 4, 16, 5], [17, 6, 18, 7], [19, 1, 20, 24]]"
12a_0641_115,"[[19, 1, 20, 24], [21, 13, 22, 12], [23, 21, 24, 20], [1, 8, 2, 9], [3, 10, 4, 11], [5, 16, 6, 17], [7, 18, 8, 19], [9, 2, 10, 3], [11, 15, 12, 14], [13, 23, 14, 22], [15, 4, 16, 5], [17, 6, 18, 7]]"
12a_0641_116,"[[17, 6, 18, 7], [19, 1, 20, 24], [21, 13, 22, 12], [23, 21, 24, 20], [1, 8, 2, 9], [3, 10, 4, 11], [5, 16, 6, 17], [7, 18, 8, 19], [9, 2, 10, 3], [11, 15, 12, 14], [13, 23, 14, 22], [15, 4, 16, 5]]"
12a_0641_117,"[[15, 4, 16, 5], [17, 6, 18, 7], [19, 1, 20, 24], [21, 13, 22, 12], [23, 21, 24, 20], [1, 8, 2, 9], [3, 10, 4, 11], [5, 16, 6, 17], [7, 18, 8, 19], [9, 2, 10, 3], [11, 15, 12, 14], [13, 23, 14, 22]]"
12a_0641_118,"[[13, 23, 14, 22], [15, 4, 16, 5], [17, 6, 18, 7], [19, 1, 20, 24], [21, 13, 22, 12], [23, 21, 24, 20], [1, 8, 2, 9], [3, 10, 4, 11], [5, 16, 6, 17], [7, 18, 8, 19], [9, 2, 10, 3], [11, 15, 12, 14]]"
12a_0641_119,"[[11, 15, 12, 14], [13, 23, 14, 22], [15, 4, 16, 5], [17, 6, 18, 7], [19, 1, 20, 24], [21, 13, 22, 12], [23, 21, 24, 20], [1, 8, 2, 9], [3, 10, 4, 11], [5, 16, 6, 17], [7, 18, 8, 19], [9, 2, 10, 3]]"
12a_0641_120,"[[10, 3, 11, 4], [12, 16, 13, 15], [14, 24, 15, 23], [16, 5, 17, 6], [18, 7, 19, 8], [20, 2, 21, 1], [22, 14, 23, 13], [24, 22, 1, 21], [2, 9, 3, 10], [4, 11, 5, 12], [6, 17, 7, 18], [8, 19, 9, 20]]"
12a_0641_121,"[[8, 19, 9, 20], [10, 3, 11, 4], [12, 16, 13, 15], [14, 24, 15, 23], [16, 5, 17, 6], [18, 7, 19, 8], [20, 2, 21, 1], [22, 14, 23, 13], [24, 22, 1, 21], [2, 9, 3, 10], [4, 11, 5, 12], [6, 17, 7, 18]]"
12a_0641_122,"[[6, 17, 7, 18], [8, 19, 9, 20], [10, 3, 11, 4], [12, 16, 13, 15], [14, 24, 15, 23], [16, 5, 17, 6], [18, 7, 19, 8], [20, 2, 21, 1], [22, 14, 23, 13], [24, 22, 1, 21], [2, 9, 3, 10], [4, 11, 5, 12]]"
12a_0641_123,"[[4, 11, 5, 12], [6, 17, 7, 18], [8, 19, 9, 20], [10, 3, 11, 4], [12, 16, 13, 15], [14, 24, 15, 23], [16, 5, 17, 6], [18, 7, 19, 8], [20, 2, 21, 1], [22, 14, 23, 13], [24, 22, 1, 21], [2, 9, 3, 10]]"
12a_0641_124,"[[2, 9, 3, 10], [4, 11, 5, 12], [6, 17, 7, 18], [8, 19, 9, 20], [10, 3, 11, 4], [12, 16, 13, 15], [14, 24, 15, 23], [16, 5, 17, 6], [18, 7, 19, 8], [20, 2, 21, 1], [22, 14, 23, 13], [24, 22, 1, 21]]"
12a_0641_125,"[[24, 22, 1, 21], [2, 9, 3, 10], [4, 11, 5, 12], [6, 17, 7, 18], [8, 19, 9, 20], [10, 3, 11, 4], [12, 16, 13, 15], [14, 24, 15, 23], [16, 5, 17, 6], [18, 7, 19, 8], [20, 2, 21, 1], [22, 14, 23, 13]]"
12a_0641_126,"[[22, 14, 23, 13], [24, 22, 1, 21], [2, 9, 3, 10], [4, 11, 5, 12], [6, 17, 7, 18], [8, 19, 9, 20], [10, 3, 11, 4], [12, 16, 13, 15], [14, 24, 15, 23], [16, 5, 17, 6], [18, 7, 19, 8], [20, 2, 21, 1]]"
12a_0641_127,"[[20, 2, 21, 1], [22, 14, 23, 13], [24, 22, 1, 21], [2, 9, 3, 10], [4, 11, 5, 12], [6, 17, 7, 18], [8, 19, 9, 20], [10, 3, 11, 4], [12, 16, 13, 15], [14, 24, 15, 23], [16, 5, 17, 6], [18, 7, 19, 8]]"
12a_0641_128,"[[18, 7, 19, 8], [20, 2, 21, 1], [22, 14, 23, 13], [24, 22, 1, 21], [2, 9, 3, 10], [4, 11, 5, 12], [6, 17, 7, 18], [8, 19, 9, 20], [10, 3, 11, 4], [12, 16, 13, 15], [14, 24, 15, 23], [16, 5, 17, 6]]"
12a_0641_129,"[[16, 5, 17, 6], [18, 7, 19, 8], [20, 2, 21, 1], [22, 14, 23, 13], [24, 22, 1, 21], [2, 9, 3, 10], [4, 11, 5, 12], [6, 17, 7, 18], [8, 19, 9, 20], [10, 3, 11, 4], [12, 16, 13, 15], [14, 24, 15, 23]]"
12a_0641_130,"[[14, 24, 15, 23], [16, 5, 17, 6], [18, 7, 19, 8], [20, 2, 21, 1], [22, 14, 23, 13], [24, 22, 1, 21], [2, 9, 3, 10], [4, 11, 5, 12], [6, 17, 7, 18], [8, 19, 9, 20], [10, 3, 11, 4], [12, 16, 13, 15]]"
12a_0641_131,"[[12, 16, 13, 15], [14, 24, 15, 23], [16, 5, 17, 6], [18, 7, 19, 8], [20, 2, 21, 1], [22, 14, 23, 13], [24, 22, 1, 21], [2, 9, 3, 10], [4, 11, 5, 12], [6, 17, 7, 18], [8, 19, 9, 20], [10, 3, 11, 4]]"
12a_0641_132,"[[11, 4, 12, 5], [13, 17, 14, 16], [15, 1, 16, 24], [17, 6, 18, 7], [19, 8, 20, 9], [21, 3, 22, 2], [23, 15, 24, 14], [1, 23, 2, 22], [3, 10, 4, 11], [5, 12, 6, 13], [7, 18, 8, 19], [9, 20, 10, 21]]"
12a_0641_133,"[[9, 20, 10, 21], [11, 4, 12, 5], [13, 17, 14, 16], [15, 1, 16, 24], [17, 6, 18, 7], [19, 8, 20, 9], [21, 3, 22, 2], [23, 15, 24, 14], [1, 23, 2, 22], [3, 10, 4, 11], [5, 12, 6, 13], [7, 18, 8, 19]]"
12a_0641_134,"[[7, 18, 8, 19], [9, 20, 10, 21], [11, 4, 12, 5], [13, 17, 14, 16], [15, 1, 16, 24], [17, 6, 18, 7], [19, 8, 20, 9], [21, 3, 22, 2], [23, 15, 24, 14], [1, 23, 2, 22], [3, 10, 4, 11], [5, 12, 6, 13]]"
12a_0641_135,"[[5, 12, 6, 13], [7, 18, 8, 19], [9, 20, 10, 21], [11, 4, 12, 5], [13, 17, 14, 16], [15, 1, 16, 24], [17, 6, 18, 7], [19, 8, 20, 9], [21, 3, 22, 2], [23, 15, 24, 14], [1, 23, 2, 22], [3, 10, 4, 11]]"
12a_0641_136,"[[3, 10, 4, 11], [5, 12, 6, 13], [7, 18, 8, 19], [9, 20, 10, 21], [11, 4, 12, 5], [13, 17, 14, 16], [15, 1, 16, 24], [17, 6, 18, 7], [19, 8, 20, 9], [21, 3, 22, 2], [23, 15, 24, 14], [1, 23, 2, 22]]"
12a_0641_137,"[[1, 23, 2, 22], [3, 10, 4, 11], [5, 12, 6, 13], [7, 18, 8, 19], [9, 20, 10, 21], [11, 4, 12, 5], [13, 17, 14, 16], [15, 1, 16, 24], [17, 6, 18, 7], [19, 8, 20, 9], [21, 3, 22, 2], [23, 15, 24, 14]]"
12a_0641_138,"[[23, 15, 24, 14], [1, 23, 2, 22], [3, 10, 4, 11], [5, 12, 6, 13], [7, 18, 8, 19], [9, 20, 10, 21], [11, 4, 12, 5], [13, 17, 14, 16], [15, 1, 16, 24], [17, 6, 18, 7], [19, 8, 20, 9], [21, 3, 22, 2]]"
12a_0641_139,"[[21, 3, 22, 2], [23, 15, 24, 14], [1, 23, 2, 22], [3, 10, 4, 11], [5, 12, 6, 13], [7, 18, 8, 19], [9, 20, 10, 21], [11, 4, 12, 5], [13, 17, 14, 16], [15, 1, 16, 24], [17, 6, 18, 7], [19, 8, 20, 9]]"
12a_0641_140,"[[19, 8, 20, 9], [21, 3, 22, 2], [23, 15, 24, 14], [1, 23, 2, 22], [3, 10, 4, 11], [5, 12, 6, 13], [7, 18, 8, 19], [9, 20, 10, 21], [11, 4, 12, 5], [13, 17, 14, 16], [15, 1, 16, 24], [17, 6, 18, 7]]"
12a_0641_141,"[[17, 6, 18, 7], [19, 8, 20, 9], [21, 3, 22, 2], [23, 15, 24, 14], [1, 23, 2, 22], [3, 10, 4, 11], [5, 12, 6, 13], [7, 18, 8, 19], [9, 20, 10, 21], [11, 4, 12, 5], [13, 17, 14, 16], [15, 1, 16, 24]]"
12a_0641_142,"[[15, 1, 16, 24], [17, 6, 18, 7], [19, 8, 20, 9], [21, 3, 22, 2], [23, 15, 24, 14], [1, 23, 2, 22], [3, 10, 4, 11], [5, 12, 6, 13], [7, 18, 8, 19], [9, 20, 10, 21], [11, 4, 12, 5], [13, 17, 14, 16]]"
12a_0641_143,"[[13, 17, 14, 16], [15, 1, 16, 24], [17, 6, 18, 7], [19, 8, 20, 9], [21, 3, 22, 2], [23, 15, 24, 14], [1, 23, 2, 22], [3, 10, 4, 11], [5, 12, 6, 13], [7, 18, 8, 19], [9, 20, 10, 21], [11, 4, 12, 5]]"
12a_0641_144,"[[12, 5, 13, 6], [14, 18, 15, 17], [16, 2, 17, 1], [18, 7, 19, 8], [20, 9, 21, 10], [22, 4, 23, 3], [24, 16, 1, 15], [2, 24, 3, 23], [4, 11, 5, 12], [6, 13, 7, 14], [8, 19, 9, 20], [10, 21, 11, 22]]"
12a_0641_145,"[[10, 21, 11, 22], [12, 5, 13, 6], [14, 18, 15, 17], [16, 2, 17, 1], [18, 7, 19, 8], [20, 9, 21, 10], [22, 4, 23, 3], [24, 16, 1, 15], [2, 24, 3, 23], [4, 11, 5, 12], [6, 13, 7, 14], [8, 19, 9, 20]]"
12a_0641_146,"[[8, 19, 9, 20], [10, 21, 11, 22], [12, 5, 13, 6], [14, 18, 15, 17], [16, 2, 17, 1], [18, 7, 19, 8], [20, 9, 21, 10], [22, 4, 23, 3], [24, 16, 1, 15], [2, 24, 3, 23], [4, 11, 5, 12], [6, 13, 7, 14]]"
12a_0641_147,"[[6, 13, 7, 14], [8, 19, 9, 20], [10, 21, 11, 22], [12, 5, 13, 6], [14, 18, 15, 17], [16, 2, 17, 1], [18, 7, 19, 8], [20, 9, 21, 10], [22, 4, 23, 3], [24, 16, 1, 15], [2, 24, 3, 23], [4, 11, 5, 12]]"
12a_0641_148,"[[4, 11, 5, 12], [6, 13, 7, 14], [8, 19, 9, 20], [10, 21, 11, 22], [12, 5, 13, 6], [14, 18, 15, 17], [16, 2, 17, 1], [18, 7, 19, 8], [20, 9, 21, 10], [22, 4, 23, 3], [24, 16, 1, 15], [2, 24, 3, 23]]"
12a_0641_149,"[[2, 24, 3, 23], [4, 11, 5, 12], [6, 13, 7, 14], [8, 19, 9, 20], [10, 21, 11, 22], [12, 5, 13, 6], [14, 18, 15, 17], [16, 2, 17, 1], [18, 7, 19, 8], [20, 9, 21, 10], [22, 4, 23, 3], [24, 16, 1, 15]]"
12a_0641_150,"[[24, 16, 1, 15], [2, 24, 3, 23], [4, 11, 5, 12], [6, 13, 7, 14], [8, 19, 9, 20], [10, 21, 11, 22], [12, 5, 13, 6], [14, 18, 15, 17], [16, 2, 17, 1], [18, 7, 19, 8], [20, 9, 21, 10], [22, 4, 23, 3]]"
12a_0641_151,"[[22, 4, 23, 3], [24, 16, 1, 15], [2, 24, 3, 23], [4, 11, 5, 12], [6, 13, 7, 14], [8, 19, 9, 20], [10, 21, 11, 22], [12, 5, 13, 6], [14, 18, 15, 17], [16, 2, 17, 1], [18, 7, 19, 8], [20, 9, 21, 10]]"
12a_0641_152,"[[20, 9, 21, 10], [22, 4, 23, 3], [24, 16, 1, 15], [2, 24, 3, 23], [4, 11, 5, 12], [6, 13, 7, 14], [8, 19, 9, 20], [10, 21, 11, 22], [12, 5, 13, 6], [14, 18, 15, 17], [16, 2, 17, 1], [18, 7, 19, 8]]"
12a_0641_153,"[[18, 7, 19, 8], [20, 9, 21, 10], [22, 4, 23, 3], [24, 16, 1, 15], [2, 24, 3, 23], [4, 11, 5, 12], [6, 13, 7, 14], [8, 19, 9, 20], [10, 21, 11, 22], [12, 5, 13, 6], [14, 18, 15, 17], [16, 2, 17, 1]]"
12a_0641_154,"[[16, 2, 17, 1], [18, 7, 19, 8], [20, 9, 21, 10], [22, 4, 23, 3], [24, 16, 1, 15], [2, 24, 3, 23], [4, 11, 5, 12], [6, 13, 7, 14], [8, 19, 9, 20], [10, 21, 11, 22], [12, 5, 13, 6], [14, 18, 15, 17]]"
12a_0641_155,"[[14, 18, 15, 17], [16, 2, 17, 1], [18, 7, 19, 8], [20, 9, 21, 10], [22, 4, 23, 3], [24, 16, 1, 15], [2, 24, 3, 23], [4, 11, 5, 12], [6, 13, 7, 14], [8, 19, 9, 20], [10, 21, 11, 22], [12, 5, 13, 6]]"
12a_0641_156,"[[13, 6, 14, 7], [15, 19, 16, 18], [17, 3, 18, 2], [19, 8, 20, 9], [21, 10, 22, 11], [23, 5, 24, 4], [1, 17, 2, 16], [3, 1, 4, 24], [5, 12, 6, 13], [7, 14, 8, 15], [9, 20, 10, 21], [11, 22, 12, 23]]"
12a_0641_157,"[[11, 22, 12, 23], [13, 6, 14, 7], [15, 19, 16, 18], [17, 3, 18, 2], [19, 8, 20, 9], [21, 10, 22, 11], [23, 5, 24, 4], [1, 17, 2, 16], [3, 1, 4, 24], [5, 12, 6, 13], [7, 14, 8, 15], [9, 20, 10, 21]]"
12a_0641_158,"[[9, 20, 10, 21], [11, 22, 12, 23], [13, 6, 14, 7], [15, 19, 16, 18], [17, 3, 18, 2], [19, 8, 20, 9], [21, 10, 22, 11], [23, 5, 24, 4], [1, 17, 2, 16], [3, 1, 4, 24], [5, 12, 6, 13], [7, 14, 8, 15]]"
12a_0641_159,"[[7, 14, 8, 15], [9, 20, 10, 21], [11, 22, 12, 23], [13, 6, 14, 7], [15, 19, 16, 18], [17, 3, 18, 2], [19, 8, 20, 9], [21, 10, 22, 11], [23, 5, 24, 4], [1, 17, 2, 16], [3, 1, 4, 24], [5, 12, 6, 13]]"
12a_0641_160,"[[5, 12, 6, 13], [7, 14, 8, 15], [9, 20, 10, 21], [11, 22, 12, 23], [13, 6, 14, 7], [15, 19, 16, 18], [17, 3, 18, 2], [19, 8, 20, 9], [21, 10, 22, 11], [23, 5, 24, 4], [1, 17, 2, 16], [3, 1, 4, 24]]"
12a_0641_161,"[[3, 1, 4, 24], [5, 12, 6, 13], [7, 14, 8, 15], [9, 20, 10, 21], [11, 22, 12, 23], [13, 6, 14, 7], [15, 19, 16, 18], [17, 3, 18, 2], [19, 8, 20, 9], [21, 10, 22, 11], [23, 5, 24, 4], [1, 17, 2, 16]]"
12a_0641_162,"[[1, 17, 2, 16], [3, 1, 4, 24], [5, 12, 6, 13], [7, 14, 8, 15], [9, 20, 10, 21], [11, 22, 12, 23], [13, 6, 14, 7], [15, 19, 16, 18], [17, 3, 18, 2], [19, 8, 20, 9], [21, 10, 22, 11], [23, 5, 24, 4]]"
12a_0641_163,"[[23, 5, 24, 4], [1, 17, 2, 16], [3, 1, 4, 24], [5, 12, 6, 13], [7, 14, 8, 15], [9, 20, 10, 21], [11, 22, 12, 23], [13, 6, 14, 7], [15, 19, 16, 18], [17, 3, 18, 2], [19, 8, 20, 9], [21, 10, 22, 11]]"
12a_0641_164,"[[21, 10, 22, 11], [23, 5, 24, 4], [1, 17, 2, 16], [3, 1, 4, 24], [5, 12, 6, 13], [7, 14, 8, 15], [9, 20, 10, 21], [11, 22, 12, 23], [13, 6, 14, 7], [15, 19, 16, 18], [17, 3, 18, 2], [19, 8, 20, 9]]"
12a_0641_165,"[[19, 8, 20, 9], [21, 10, 22, 11], [23, 5, 24, 4], [1, 17, 2, 16], [3, 1, 4, 24], [5, 12, 6, 13], [7, 14, 8, 15], [9, 20, 10, 21], [11, 22, 12, 23], [13, 6, 14, 7], [15, 19, 16, 18], [17, 3, 18, 2]]"
12a_0641_166,"[[17, 3, 18, 2], [19, 8, 20, 9], [21, 10, 22, 11], [23, 5, 24, 4], [1, 17, 2, 16], [3, 1, 4, 24], [5, 12, 6, 13], [7, 14, 8, 15], [9, 20, 10, 21], [11, 22, 12, 23], [13, 6, 14, 7], [15, 19, 16, 18]]"
12a_0641_167,"[[15, 19, 16, 18], [17, 3, 18, 2], [19, 8, 20, 9], [21, 10, 22, 11], [23, 5, 24, 4], [1, 17, 2, 16], [3, 1, 4, 24], [5, 12, 6, 13], [7, 14, 8, 15], [9, 20, 10, 21], [11, 22, 12, 23], [13, 6, 14, 7]]"
12a_0641_168,"[[14, 7, 15, 8], [16, 20, 17, 19], [18, 4, 19, 3], [20, 9, 21, 10], [22, 11, 23, 12], [24, 6, 1, 5], [2, 18, 3, 17], [4, 2, 5, 1], [6, 13, 7, 14], [8, 15, 9, 16], [10, 21, 11, 22], [12, 23, 13, 24]]"
12a_0641_169,"[[12, 23, 13, 24], [14, 7, 15, 8], [16, 20, 17, 19], [18, 4, 19, 3], [20, 9, 21, 10], [22, 11, 23, 12], [24, 6, 1, 5], [2, 18, 3, 17], [4, 2, 5, 1], [6, 13, 7, 14], [8, 15, 9, 16], [10, 21, 11, 22]]"
12a_0641_170,"[[10, 21, 11, 22], [12, 23, 13, 24], [14, 7, 15, 8], [16, 20, 17, 19], [18, 4, 19, 3], [20, 9, 21, 10], [22, 11, 23, 12], [24, 6, 1, 5], [2, 18, 3, 17], [4, 2, 5, 1], [6, 13, 7, 14], [8, 15, 9, 16]]"
12a_0641_171,"[[8, 15, 9, 16], [10, 21, 11, 22], [12, 23, 13, 24], [14, 7, 15, 8], [16, 20, 17, 19], [18, 4, 19, 3], [20, 9, 21, 10], [22, 11, 23, 12], [24, 6, 1, 5], [2, 18, 3, 17], [4, 2, 5, 1], [6, 13, 7, 14]]"
12a_0641_172,"[[6, 13, 7, 14], [8, 15, 9, 16], [10, 21, 11, 22], [12, 23, 13, 24], [14, 7, 15, 8], [16, 20, 17, 19], [18, 4, 19, 3], [20, 9, 21, 10], [22, 11, 23, 12], [24, 6, 1, 5], [2, 18, 3, 17], [4, 2, 5, 1]]"
12a_0641_173,"[[4, 2, 5, 1], [6, 13, 7, 14], [8, 15, 9, 16], [10, 21, 11, 22], [12, 23, 13, 24], [14, 7, 15, 8], [16, 20, 17, 19], [18, 4, 19, 3], [20, 9, 21, 10], [22, 11, 23, 12], [24, 6, 1, 5], [2, 18, 3, 17]]"
12a_0641_174,"[[2, 18, 3, 17], [4, 2, 5, 1], [6, 13, 7, 14], [8, 15, 9, 16], [10, 21, 11, 22], [12, 23, 13, 24], [14, 7, 15, 8], [16, 20, 17, 19], [18, 4, 19, 3], [20, 9, 21, 10], [22, 11, 23, 12], [24, 6, 1, 5]]"
12a_0641_175,"[[24, 6, 1, 5], [2, 18, 3, 17], [4, 2, 5, 1], [6, 13, 7, 14], [8, 15, 9, 16], [10, 21, 11, 22], [12, 23, 13, 24], [14, 7, 15, 8], [16, 20, 17, 19], [18, 4, 19, 3], [20, 9, 21, 10], [22, 11, 23, 12]]"
12a_0641_176,"[[22, 11, 23, 12], [24, 6, 1, 5], [2, 18, 3, 17], [4, 2, 5, 1], [6, 13, 7, 14], [8, 15, 9, 16], [10, 21, 11, 22], [12, 23, 13, 24], [14, 7, 15, 8], [16, 20, 17, 19], [18, 4, 19, 3], [20, 9, 21, 10]]"
12a_0641_177,"[[20, 9, 21, 10], [22, 11, 23, 12], [24, 6, 1, 5], [2, 18, 3, 17], [4, 2, 5, 1], [6, 13, 7, 14], [8, 15, 9, 16], [10, 21, 11, 22], [12, 23, 13, 24], [14, 7, 15, 8], [16, 20, 17, 19], [18, 4, 19, 3]]"
12a_0641_178,"[[18, 4, 19, 3], [20, 9, 21, 10], [22, 11, 23, 12], [24, 6, 1, 5], [2, 18, 3, 17], [4, 2, 5, 1], [6, 13, 7, 14], [8, 15, 9, 16], [10, 21, 11, 22], [12, 23, 13, 24], [14, 7, 15, 8], [16, 20, 17, 19]]"
12a_0641_179,"[[16, 20, 17, 19], [18, 4, 19, 3], [20, 9, 21, 10], [22, 11, 23, 12], [24, 6, 1, 5], [2, 18, 3, 17], [4, 2, 5, 1], [6, 13, 7, 14], [8, 15, 9, 16], [10, 21, 11, 22], [12, 23, 13, 24], [14, 7, 15, 8]]"
12a_0641_180,"[[15, 8, 16, 9], [17, 21, 18, 20], [19, 5, 20, 4], [21, 10, 22, 11], [23, 12, 24, 13], [1, 7, 2, 6], [3, 19, 4, 18], [5, 3, 6, 2], [7, 14, 8, 15], [9, 16, 10, 17], [11, 22, 12, 23], [13, 24, 14, 1]]"
12a_0641_181,"[[13, 24, 14, 1], [15, 8, 16, 9], [17, 21, 18, 20], [19, 5, 20, 4], [21, 10, 22, 11], [23, 12, 24, 13], [1, 7, 2, 6], [3, 19, 4, 18], [5, 3, 6, 2], [7, 14, 8, 15], [9, 16, 10, 17], [11, 22, 12, 23]]"
12a_0641_182,"[[11, 22, 12, 23], [13, 24, 14, 1], [15, 8, 16, 9], [17, 21, 18, 20], [19, 5, 20, 4], [21, 10, 22, 11], [23, 12, 24, 13], [1, 7, 2, 6], [3, 19, 4, 18], [5, 3, 6, 2], [7, 14, 8, 15], [9, 16, 10, 17]]"
12a_0641_183,"[[9, 16, 10, 17], [11, 22, 12, 23], [13, 24, 14, 1], [15, 8, 16, 9], [17, 21, 18, 20], [19, 5, 20, 4], [21, 10, 22, 11], [23, 12, 24, 13], [1, 7, 2, 6], [3, 19, 4, 18], [5, 3, 6, 2], [7, 14, 8, 15]]"
12a_0641_184,"[[7, 14, 8, 15], [9, 16, 10, 17], [11, 22, 12, 23], [13, 24, 14, 1], [15, 8, 16, 9], [17, 21, 18, 20], [19, 5, 20, 4], [21, 10, 22, 11], [23, 12, 24, 13], [1, 7, 2, 6], [3, 19, 4, 18], [5, 3, 6, 2]]"
12a_0641_185,"[[5, 3, 6, 2], [7, 14, 8, 15], [9, 16, 10, 17], [11, 22, 12, 23], [13, 24, 14, 1], [15, 8, 16, 9], [17, 21, 18, 20], [19, 5, 20, 4], [21, 10, 22, 11], [23, 12, 24, 13], [1, 7, 2, 6], [3, 19, 4, 18]]"
