name,pd_notation
12a_0519_0,"[[24, 20, 1, 19], [2, 6, 3, 5], [4, 13, 5, 14], [6, 16, 7, 15], [8, 18, 9, 17], [10, 22, 11, 21], [12, 24, 13, 23], [14, 3, 15, 4], [16, 8, 17, 7], [18, 2, 19, 1], [20, 10, 21, 9], [22, 12, 23, 11]]"
12a_0519_1,"[[22, 12, 23, 11], [24, 20, 1, 19], [2, 6, 3, 5], [4, 13, 5, 14], [6, 16, 7, 15], [8, 18, 9, 17], [10, 22, 11, 21], [12, 24, 13, 23], [14, 3, 15, 4], [16, 8, 17, 7], [18, 2, 19, 1], [20, 10, 21, 9]]"
12a_0519_2,"[[20, 10, 21, 9], [22, 12, 23, 11], [24, 20, 1, 19], [2, 6, 3, 5], [4, 13, 5, 14], [6, 16, 7, 15], [8, 18, 9, 17], [10, 22, 11, 21], [12, 24, 13, 23], [14, 3, 15, 4], [16, 8, 17, 7], [18, 2, 19, 1]]"
12a_0519_3,"[[18, 2, 19, 1], [20, 10, 21, 9], [22, 12, 23, 11], [24, 20, 1, 19], [2, 6, 3, 5], [4, 13, 5, 14], [6, 16, 7, 15], [8, 18, 9, 17], [10, 22, 11, 21], [12, 24, 13, 23], [14, 3, 15, 4], [16, 8, 17, 7]]"
12a_0519_4,"[[16, 8, 17, 7], [18, 2, 19, 1], [20, 10, 21, 9], [22, 12, 23, 11], [24, 20, 1, 19], [2, 6, 3, 5], [4, 13, 5, 14], [6, 16, 7, 15], [8, 18, 9, 17], [10, 22, 11, 21], [12, 24, 13, 23], [14, 3, 15, 4]]"
12a_0519_5,"[[14, 3, 15, 4], [16, 8, 17, 7], [18, 2, 19, 1], [20, 10, 21, 9], [22, 12, 23, 11], [24, 20, 1, 19], [2, 6, 3, 5], [4, 13, 5, 14], [6, 16, 7, 15], [8, 18, 9, 17], [10, 22, 11, 21], [12, 24, 13, 23]]"
12a_0519_6,"[[12, 24, 13, 23], [14, 3, 15, 4], [16, 8, 17, 7], [18, 2, 19, 1], [20, 10, 21, 9], [22, 12, 23, 11], [24, 20, 1, 19], [2, 6, 3, 5], [4, 13, 5, 14], [6, 16, 7, 15], [8, 18, 9, 17], [10, 22, 11, 21]]"
12a_0519_7,"[[10, 22, 11, 21], [12, 24, 13, 23], [14, 3, 15, 4], [16, 8, 17, 7], [18, 2, 19, 1], [20, 10, 21, 9], [22, 12, 23, 11], [24, 20, 1, 19], [2, 6, 3, 5], [4, 13, 5, 14], [6, 16, 7, 15], [8, 18, 9, 17]]"
12a_0519_8,"[[8, 18, 9, 17], [10, 22, 11, 21], [12, 24, 13, 23], [14, 3, 15, 4], [16, 8, 17, 7], [18, 2, 19, 1], [20, 10, 21, 9], [22, 12, 23, 11], [24, 20, 1, 19], [2, 6, 3, 5], [4, 13, 5, 14], [6, 16, 7, 15]]"
12a_0519_9,"[[6, 16, 7, 15], [8, 18, 9, 17], [10, 22, 11, 21], [12, 24, 13, 23], [14, 3, 15, 4], [16, 8, 17, 7], [18, 2, 19, 1], [20, 10, 21, 9], [22, 12, 23, 11], [24, 20, 1, 19], [2, 6, 3, 5], [4, 13, 5, 14]]"
12a_0519_10,"[[4, 13, 5, 14], [6, 16, 7, 15], [8, 18, 9, 17], [10, 22, 11, 21], [12, 24, 13, 23], [14, 3, 15, 4], [16, 8, 17, 7], [18, 2, 19, 1], [20, 10, 21, 9], [22, 12, 23, 11], [24, 20, 1, 19], [2, 6, 3, 5]]"
12a_0519_11,"[[2, 6, 3, 5], [4, 13, 5, 14], [6, 16, 7, 15], [8, 18, 9, 17], [10, 22, 11, 21], [12, 24, 13, 23], [14, 3, 15, 4], [16, 8, 17, 7], [18, 2, 19, 1], [20, 10, 21, 9], [22, 12, 23, 11], [24, 20, 1, 19]]"
12a_0519_12,"[[1, 21, 2, 20], [3, 7, 4, 6], [5, 14, 6, 15], [7, 17, 8, 16], [9, 19, 10, 18], [11, 23, 12, 22], [13, 1, 14, 24], [15, 4, 16, 5], [17, 9, 18, 8], [19, 3, 20, 2], [21, 11, 22, 10], [23, 13, 24, 12]]"
12a_0519_13,"[[23, 13, 24, 12], [1, 21, 2, 20], [3, 7, 4, 6], [5, 14, 6, 15], [7, 17, 8, 16], [9, 19, 10, 18], [11, 23, 12, 22], [13, 1, 14, 24], [15, 4, 16, 5], [17, 9, 18, 8], [19, 3, 20, 2], [21, 11, 22, 10]]"
12a_0519_14,"[[21, 11, 22, 10], [23, 13, 24, 12], [1, 21, 2, 20], [3, 7, 4, 6], [5, 14, 6, 15], [7, 17, 8, 16], [9, 19, 10, 18], [11, 23, 12, 22], [13, 1, 14, 24], [15, 4, 16, 5], [17, 9, 18, 8], [19, 3, 20, 2]]"
12a_0519_15,"[[19, 3, 20, 2], [21, 11, 22, 10], [23, 13, 24, 12], [1, 21, 2, 20], [3, 7, 4, 6], [5, 14, 6, 15], [7, 17, 8, 16], [9, 19, 10, 18], [11, 23, 12, 22], [13, 1, 14, 24], [15, 4, 16, 5], [17, 9, 18, 8]]"
12a_0519_16,"[[17, 9, 18, 8], [19, 3, 20, 2], [21, 11, 22, 10], [23, 13, 24, 12], [1, 21, 2, 20], [3, 7, 4, 6], [5, 14, 6, 15], [7, 17, 8, 16], [9, 19, 10, 18], [11, 23, 12, 22], [13, 1, 14, 24], [15, 4, 16, 5]]"
12a_0519_17,"[[15, 4, 16, 5], [17, 9, 18, 8], [19, 3, 20, 2], [21, 11, 22, 10], [23, 13, 24, 12], [1, 21, 2, 20], [3, 7, 4, 6], [5, 14, 6, 15], [7, 17, 8, 16], [9, 19, 10, 18], [11, 23, 12, 22], [13, 1, 14, 24]]"
12a_0519_18,"[[13, 1, 14, 24], [15, 4, 16, 5], [17, 9, 18, 8], [19, 3, 20, 2], [21, 11, 22, 10], [23, 13, 24, 12], [1, 21, 2, 20], [3, 7, 4, 6], [5, 14, 6, 15], [7, 17, 8, 16], [9, 19, 10, 18], [11, 23, 12, 22]]"
12a_0519_19,"[[11, 23, 12, 22], [13, 1, 14, 24], [15, 4, 16, 5], [17, 9, 18, 8], [19, 3, 20, 2], [21, 11, 22, 10], [23, 13, 24, 12], [1, 21, 2, 20], [3, 7, 4, 6], [5, 14, 6, 15], [7, 17, 8, 16], [9, 19, 10, 18]]"
12a_0519_20,"[[9, 19, 10, 18], [11, 23, 12, 22], [13, 1, 14, 24], [15, 4, 16, 5], [17, 9, 18, 8], [19, 3, 20, 2], [21, 11, 22, 10], [23, 13, 24, 12], [1, 21, 2, 20], [3, 7, 4, 6], [5, 14, 6, 15], [7, 17, 8, 16]]"
12a_0519_21,"[[7, 17, 8, 16], [9, 19, 10, 18], [11, 23, 12, 22], [13, 1, 14, 24], [15, 4, 16, 5], [17, 9, 18, 8], [19, 3, 20, 2], [21, 11, 22, 10], [23, 13, 24, 12], [1, 21, 2, 20], [3, 7, 4, 6], [5, 14, 6, 15]]"
12a_0519_22,"[[5, 14, 6, 15], [7, 17, 8, 16], [9, 19, 10, 18], [11, 23, 12, 22], [13, 1, 14, 24], [15, 4, 16, 5], [17, 9, 18, 8], [19, 3, 20, 2], [21, 11, 22, 10], [23, 13, 24, 12], [1, 21, 2, 20], [3, 7, 4, 6]]"
12a_0519_23,"[[3, 7, 4, 6], [5, 14, 6, 15], [7, 17, 8, 16], [9, 19, 10, 18], [11, 23, 12, 22], [13, 1, 14, 24], [15, 4, 16, 5], [17, 9, 18, 8], [19, 3, 20, 2], [21, 11, 22, 10], [23, 13, 24, 12], [1, 21, 2, 20]]"
12a_0519_24,"[[2, 22, 3, 21], [4, 8, 5, 7], [6, 15, 7, 16], [8, 18, 9, 17], [10, 20, 11, 19], [12, 24, 13, 23], [14, 2, 15, 1], [16, 5, 17, 6], [18, 10, 19, 9], [20, 4, 21, 3], [22, 12, 23, 11], [24, 14, 1, 13]]"
12a_0519_25,"[[24, 14, 1, 13], [2, 22, 3, 21], [4, 8, 5, 7], [6, 15, 7, 16], [8, 18, 9, 17], [10, 20, 11, 19], [12, 24, 13, 23], [14, 2, 15, 1], [16, 5, 17, 6], [18, 10, 19, 9], [20, 4, 21, 3], [22, 12, 23, 11]]"
12a_0519_26,"[[22, 12, 23, 11], [24, 14, 1, 13], [2, 22, 3, 21], [4, 8, 5, 7], [6, 15, 7, 16], [8, 18, 9, 17], [10, 20, 11, 19], [12, 24, 13, 23], [14, 2, 15, 1], [16, 5, 17, 6], [18, 10, 19, 9], [20, 4, 21, 3]]"
12a_0519_27,"[[20, 4, 21, 3], [22, 12, 23, 11], [24, 14, 1, 13], [2, 22, 3, 21], [4, 8, 5, 7], [6, 15, 7, 16], [8, 18, 9, 17], [10, 20, 11, 19], [12, 24, 13, 23], [14, 2, 15, 1], [16, 5, 17, 6], [18, 10, 19, 9]]"
12a_0519_28,"[[18, 10, 19, 9], [20, 4, 21, 3], [22, 12, 23, 11], [24, 14, 1, 13], [2, 22, 3, 21], [4, 8, 5, 7], [6, 15, 7, 16], [8, 18, 9, 17], [10, 20, 11, 19], [12, 24, 13, 23], [14, 2, 15, 1], [16, 5, 17, 6]]"
12a_0519_29,"[[16, 5, 17, 6], [18, 10, 19, 9], [20, 4, 21, 3], [22, 12, 23, 11], [24, 14, 1, 13], [2, 22, 3, 21], [4, 8, 5, 7], [6, 15, 7, 16], [8, 18, 9, 17], [10, 20, 11, 19], [12, 24, 13, 23], [14, 2, 15, 1]]"
12a_0519_30,"[[14, 2, 15, 1], [16, 5, 17, 6], [18, 10, 19, 9], [20, 4, 21, 3], [22, 12, 23, 11], [24, 14, 1, 13], [2, 22, 3, 21], [4, 8, 5, 7], [6, 15, 7, 16], [8, 18, 9, 17], [10, 20, 11, 19], [12, 24, 13, 23]]"
12a_0519_31,"[[12, 24, 13, 23], [14, 2, 15, 1], [16, 5, 17, 6], [18, 10, 19, 9], [20, 4, 21, 3], [22, 12, 23, 11], [24, 14, 1, 13], [2, 22, 3, 21], [4, 8, 5, 7], [6, 15, 7, 16], [8, 18, 9, 17], [10, 20, 11, 19]]"
12a_0519_32,"[[10, 20, 11, 19], [12, 24, 13, 23], [14, 2, 15, 1], [16, 5, 17, 6], [18, 10, 19, 9], [20, 4, 21, 3], [22, 12, 23, 11], [24, 14, 1, 13], [2, 22, 3, 21], [4, 8, 5, 7], [6, 15, 7, 16], [8, 18, 9, 17]]"
12a_0519_33,"[[8, 18, 9, 17], [10, 20, 11, 19], [12, 24, 13, 23], [14, 2, 15, 1], [16, 5, 17, 6], [18, 10, 19, 9], [20, 4, 21, 3], [22, 12, 23, 11], [24, 14, 1, 13], [2, 22, 3, 21], [4, 8, 5, 7], [6, 15, 7, 16]]"
12a_0519_34,"[[6, 15, 7, 16], [8, 18, 9, 17], [10, 20, 11, 19], [12, 24, 13, 23], [14, 2, 15, 1], [16, 5, 17, 6], [18, 10, 19, 9], [20, 4, 21, 3], [22, 12, 23, 11], [24, 14, 1, 13], [2, 22, 3, 21], [4, 8, 5, 7]]"
12a_0519_35,"[[4, 8, 5, 7], [6, 15, 7, 16], [8, 18, 9, 17], [10, 20, 11, 19], [12, 24, 13, 23], [14, 2, 15, 1], [16, 5, 17, 6], [18, 10, 19, 9], [20, 4, 21, 3], [22, 12, 23, 11], [24, 14, 1, 13], [2, 22, 3, 21]]"
12a_0519_36,"[[3, 23, 4, 22], [5, 9, 6, 8], [7, 16, 8, 17], [9, 19, 10, 18], [11, 21, 12, 20], [13, 1, 14, 24], [15, 3, 16, 2], [17, 6, 18, 7], [19, 11, 20, 10], [21, 5, 22, 4], [23, 13, 24, 12], [1, 15, 2, 14]]"
12a_0519_37,"[[1, 15, 2, 14], [3, 23, 4, 22], [5, 9, 6, 8], [7, 16, 8, 17], [9, 19, 10, 18], [11, 21, 12, 20], [13, 1, 14, 24], [15, 3, 16, 2], [17, 6, 18, 7], [19, 11, 20, 10], [21, 5, 22, 4], [23, 13, 24, 12]]"
12a_0519_38,"[[23, 13, 24, 12], [1, 15, 2, 14], [3, 23, 4, 22], [5, 9, 6, 8], [7, 16, 8, 17], [9, 19, 10, 18], [11, 21, 12, 20], [13, 1, 14, 24], [15, 3, 16, 2], [17, 6, 18, 7], [19, 11, 20, 10], [21, 5, 22, 4]]"
12a_0519_39,"[[21, 5, 22, 4], [23, 13, 24, 12], [1, 15, 2, 14], [3, 23, 4, 22], [5, 9, 6, 8], [7, 16, 8, 17], [9, 19, 10, 18], [11, 21, 12, 20], [13, 1, 14, 24], [15, 3, 16, 2], [17, 6, 18, 7], [19, 11, 20, 10]]"
12a_0519_40,"[[19, 11, 20, 10], [21, 5, 22, 4], [23, 13, 24, 12], [1, 15, 2, 14], [3, 23, 4, 22], [5, 9, 6, 8], [7, 16, 8, 17], [9, 19, 10, 18], [11, 21, 12, 20], [13, 1, 14, 24], [15, 3, 16, 2], [17, 6, 18, 7]]"
12a_0519_41,"[[17, 6, 18, 7], [19, 11, 20, 10], [21, 5, 22, 4], [23, 13, 24, 12], [1, 15, 2, 14], [3, 23, 4, 22], [5, 9, 6, 8], [7, 16, 8, 17], [9, 19, 10, 18], [11, 21, 12, 20], [13, 1, 14, 24], [15, 3, 16, 2]]"
12a_0519_42,"[[15, 3, 16, 2], [17, 6, 18, 7], [19, 11, 20, 10], [21, 5, 22, 4], [23, 13, 24, 12], [1, 15, 2, 14], [3, 23, 4, 22], [5, 9, 6, 8], [7, 16, 8, 17], [9, 19, 10, 18], [11, 21, 12, 20], [13, 1, 14, 24]]"
12a_0519_43,"[[13, 1, 14, 24], [15, 3, 16, 2], [17, 6, 18, 7], [19, 11, 20, 10], [21, 5, 22, 4], [23, 13, 24, 12], [1, 15, 2, 14], [3, 23, 4, 22], [5, 9, 6, 8], [7, 16, 8, 17], [9, 19, 10, 18], [11, 21, 12, 20]]"
12a_0519_44,"[[11, 21, 12, 20], [13, 1, 14, 24], [15, 3, 16, 2], [17, 6, 18, 7], [19, 11, 20, 10], [21, 5, 22, 4], [23, 13, 24, 12], [1, 15, 2, 14], [3, 23, 4, 22], [5, 9, 6, 8], [7, 16, 8, 17], [9, 19, 10, 18]]"
12a_0519_45,"[[9, 19, 10, 18], [11, 21, 12, 20], [13, 1, 14, 24], [15, 3, 16, 2], [17, 6, 18, 7], [19, 11, 20, 10], [21, 5, 22, 4], [23, 13, 24, 12], [1, 15, 2, 14], [3, 23, 4, 22], [5, 9, 6, 8], [7, 16, 8, 17]]"
12a_0519_46,"[[7, 16, 8, 17], [9, 19, 10, 18], [11, 21, 12, 20], [13, 1, 14, 24], [15, 3, 16, 2], [17, 6, 18, 7], [19, 11, 20, 10], [21, 5, 22, 4], [23, 13, 24, 12], [1, 15, 2, 14], [3, 23, 4, 22], [5, 9, 6, 8]]"
12a_0519_47,"[[5, 9, 6, 8], [7, 16, 8, 17], [9, 19, 10, 18], [11, 21, 12, 20], [13, 1, 14, 24], [15, 3, 16, 2], [17, 6, 18, 7], [19, 11, 20, 10], [21, 5, 22, 4], [23, 13, 24, 12], [1, 15, 2, 14], [3, 23, 4, 22]]"
12a_0519_48,"[[4, 24, 5, 23], [6, 10, 7, 9], [8, 17, 9, 18], [10, 20, 11, 19], [12, 22, 13, 21], [14, 2, 15, 1], [16, 4, 17, 3], [18, 7, 19, 8], [20, 12, 21, 11], [22, 6, 23, 5], [24, 14, 1, 13], [2, 16, 3, 15]]"
12a_0519_49,"[[2, 16, 3, 15], [4, 24, 5, 23], [6, 10, 7, 9], [8, 17, 9, 18], [10, 20, 11, 19], [12, 22, 13, 21], [14, 2, 15, 1], [16, 4, 17, 3], [18, 7, 19, 8], [20, 12, 21, 11], [22, 6, 23, 5], [24, 14, 1, 13]]"
12a_0519_50,"[[24, 14, 1, 13], [2, 16, 3, 15], [4, 24, 5, 23], [6, 10, 7, 9], [8, 17, 9, 18], [10, 20, 11, 19], [12, 22, 13, 21], [14, 2, 15, 1], [16, 4, 17, 3], [18, 7, 19, 8], [20, 12, 21, 11], [22, 6, 23, 5]]"
12a_0519_51,"[[22, 6, 23, 5], [24, 14, 1, 13], [2, 16, 3, 15], [4, 24, 5, 23], [6, 10, 7, 9], [8, 17, 9, 18], [10, 20, 11, 19], [12, 22, 13, 21], [14, 2, 15, 1], [16, 4, 17, 3], [18, 7, 19, 8], [20, 12, 21, 11]]"
12a_0519_52,"[[20, 12, 21, 11], [22, 6, 23, 5], [24, 14, 1, 13], [2, 16, 3, 15], [4, 24, 5, 23], [6, 10, 7, 9], [8, 17, 9, 18], [10, 20, 11, 19], [12, 22, 13, 21], [14, 2, 15, 1], [16, 4, 17, 3], [18, 7, 19, 8]]"
12a_0519_53,"[[18, 7, 19, 8], [20, 12, 21, 11], [22, 6, 23, 5], [24, 14, 1, 13], [2, 16, 3, 15], [4, 24, 5, 23], [6, 10, 7, 9], [8, 17, 9, 18], [10, 20, 11, 19], [12, 22, 13, 21], [14, 2, 15, 1], [16, 4, 17, 3]]"
12a_0519_54,"[[16, 4, 17, 3], [18, 7, 19, 8], [20, 12, 21, 11], [22, 6, 23, 5], [24, 14, 1, 13], [2, 16, 3, 15], [4, 24, 5, 23], [6, 10, 7, 9], [8, 17, 9, 18], [10, 20, 11, 19], [12, 22, 13, 21], [14, 2, 15, 1]]"
12a_0519_55,"[[14, 2, 15, 1], [16, 4, 17, 3], [18, 7, 19, 8], [20, 12, 21, 11], [22, 6, 23, 5], [24, 14, 1, 13], [2, 16, 3, 15], [4, 24, 5, 23], [6, 10, 7, 9], [8, 17, 9, 18], [10, 20, 11, 19], [12, 22, 13, 21]]"
12a_0519_56,"[[12, 22, 13, 21], [14, 2, 15, 1], [16, 4, 17, 3], [18, 7, 19, 8], [20, 12, 21, 11], [22, 6, 23, 5], [24, 14, 1, 13], [2, 16, 3, 15], [4, 24, 5, 23], [6, 10, 7, 9], [8, 17, 9, 18], [10, 20, 11, 19]]"
12a_0519_57,"[[10, 20, 11, 19], [12, 22, 13, 21], [14, 2, 15, 1], [16, 4, 17, 3], [18, 7, 19, 8], [20, 12, 21, 11], [22, 6, 23, 5], [24, 14, 1, 13], [2, 16, 3, 15], [4, 24, 5, 23], [6, 10, 7, 9], [8, 17, 9, 18]]"
12a_0519_58,"[[8, 17, 9, 18], [10, 20, 11, 19], [12, 22, 13, 21], [14, 2, 15, 1], [16, 4, 17, 3], [18, 7, 19, 8], [20, 12, 21, 11], [22, 6, 23, 5], [24, 14, 1, 13], [2, 16, 3, 15], [4, 24, 5, 23], [6, 10, 7, 9]]"
12a_0519_59,"[[6, 10, 7, 9], [8, 17, 9, 18], [10, 20, 11, 19], [12, 22, 13, 21], [14, 2, 15, 1], [16, 4, 17, 3], [18, 7, 19, 8], [20, 12, 21, 11], [22, 6, 23, 5], [24, 14, 1, 13], [2, 16, 3, 15], [4, 24, 5, 23]]"
12a_0519_60,"[[5, 1, 6, 24], [7, 11, 8, 10], [9, 18, 10, 19], [11, 21, 12, 20], [13, 23, 14, 22], [15, 3, 16, 2], [17, 5, 18, 4], [19, 8, 20, 9], [21, 13, 22, 12], [23, 7, 24, 6], [1, 15, 2, 14], [3, 17, 4, 16]]"
12a_0519_61,"[[3, 17, 4, 16], [5, 1, 6, 24], [7, 11, 8, 10], [9, 18, 10, 19], [11, 21, 12, 20], [13, 23, 14, 22], [15, 3, 16, 2], [17, 5, 18, 4], [19, 8, 20, 9], [21, 13, 22, 12], [23, 7, 24, 6], [1, 15, 2, 14]]"
12a_0519_62,"[[1, 15, 2, 14], [3, 17, 4, 16], [5, 1, 6, 24], [7, 11, 8, 10], [9, 18, 10, 19], [11, 21, 12, 20], [13, 23, 14, 22], [15, 3, 16, 2], [17, 5, 18, 4], [19, 8, 20, 9], [21, 13, 22, 12], [23, 7, 24, 6]]"
12a_0519_63,"[[23, 7, 24, 6], [1, 15, 2, 14], [3, 17, 4, 16], [5, 1, 6, 24], [7, 11, 8, 10], [9, 18, 10, 19], [11, 21, 12, 20], [13, 23, 14, 22], [15, 3, 16, 2], [17, 5, 18, 4], [19, 8, 20, 9], [21, 13, 22, 12]]"
12a_0519_64,"[[21, 13, 22, 12], [23, 7, 24, 6], [1, 15, 2, 14], [3, 17, 4, 16], [5, 1, 6, 24], [7, 11, 8, 10], [9, 18, 10, 19], [11, 21, 12, 20], [13, 23, 14, 22], [15, 3, 16, 2], [17, 5, 18, 4], [19, 8, 20, 9]]"
12a_0519_65,"[[19, 8, 20, 9], [21, 13, 22, 12], [23, 7, 24, 6], [1, 15, 2, 14], [3, 17, 4, 16], [5, 1, 6, 24], [7, 11, 8, 10], [9, 18, 10, 19], [11, 21, 12, 20], [13, 23, 14, 22], [15, 3, 16, 2], [17, 5, 18, 4]]"
12a_0519_66,"[[17, 5, 18, 4], [19, 8, 20, 9], [21, 13, 22, 12], [23, 7, 24, 6], [1, 15, 2, 14], [3, 17, 4, 16], [5, 1, 6, 24], [7, 11, 8, 10], [9, 18, 10, 19], [11, 21, 12, 20], [13, 23, 14, 22], [15, 3, 16, 2]]"
12a_0519_67,"[[15, 3, 16, 2], [17, 5, 18, 4], [19, 8, 20, 9], [21, 13, 22, 12], [23, 7, 24, 6], [1, 15, 2, 14], [3, 17, 4, 16], [5, 1, 6, 24], [7, 11, 8, 10], [9, 18, 10, 19], [11, 21, 12, 20], [13, 23, 14, 22]]"
12a_0519_68,"[[13, 23, 14, 22], [15, 3, 16, 2], [17, 5, 18, 4], [19, 8, 20, 9], [21, 13, 22, 12], [23, 7, 24, 6], [1, 15, 2, 14], [3, 17, 4, 16], [5, 1, 6, 24], [7, 11, 8, 10], [9, 18, 10, 19], [11, 21, 12, 20]]"
12a_0519_69,"[[11, 21, 12, 20], [13, 23, 14, 22], [15, 3, 16, 2], [17, 5, 18, 4], [19, 8, 20, 9], [21, 13, 22, 12], [23, 7, 24, 6], [1, 15, 2, 14], [3, 17, 4, 16], [5, 1, 6, 24], [7, 11, 8, 10], [9, 18, 10, 19]]"
12a_0519_70,"[[9, 18, 10, 19], [11, 21, 12, 20], [13, 23, 14, 22], [15, 3, 16, 2], [17, 5, 18, 4], [19, 8, 20, 9], [21, 13, 22, 12], [23, 7, 24, 6], [1, 15, 2, 14], [3, 17, 4, 16], [5, 1, 6, 24], [7, 11, 8, 10]]"
12a_0519_71,"[[7, 11, 8, 10], [9, 18, 10, 19], [11, 21, 12, 20], [13, 23, 14, 22], [15, 3, 16, 2], [17, 5, 18, 4], [19, 8, 20, 9], [21, 13, 22, 12], [23, 7, 24, 6], [1, 15, 2, 14], [3, 17, 4, 16], [5, 1, 6, 24]]"
12a_0519_72,"[[6, 2, 7, 1], [8, 12, 9, 11], [10, 19, 11, 20], [12, 22, 13, 21], [14, 24, 15, 23], [16, 4, 17, 3], [18, 6, 19, 5], [20, 9, 21, 10], [22, 14, 23, 13], [24, 8, 1, 7], [2, 16, 3, 15], [4, 18, 5, 17]]"
12a_0519_73,"[[4, 18, 5, 17], [6, 2, 7, 1], [8, 12, 9, 11], [10, 19, 11, 20], [12, 22, 13, 21], [14, 24, 15, 23], [16, 4, 17, 3], [18, 6, 19, 5], [20, 9, 21, 10], [22, 14, 23, 13], [24, 8, 1, 7], [2, 16, 3, 15]]"
12a_0519_74,"[[2, 16, 3, 15], [4, 18, 5, 17], [6, 2, 7, 1], [8, 12, 9, 11], [10, 19, 11, 20], [12, 22, 13, 21], [14, 24, 15, 23], [16, 4, 17, 3], [18, 6, 19, 5], [20, 9, 21, 10], [22, 14, 23, 13], [24, 8, 1, 7]]"
12a_0519_75,"[[24, 8, 1, 7], [2, 16, 3, 15], [4, 18, 5, 17], [6, 2, 7, 1], [8, 12, 9, 11], [10, 19, 11, 20], [12, 22, 13, 21], [14, 24, 15, 23], [16, 4, 17, 3], [18, 6, 19, 5], [20, 9, 21, 10], [22, 14, 23, 13]]"
12a_0519_76,"[[22, 14, 23, 13], [24, 8, 1, 7], [2, 16, 3, 15], [4, 18, 5, 17], [6, 2, 7, 1], [8, 12, 9, 11], [10, 19, 11, 20], [12, 22, 13, 21], [14, 24, 15, 23], [16, 4, 17, 3], [18, 6, 19, 5], [20, 9, 21, 10]]"
12a_0519_77,"[[20, 9, 21, 10], [22, 14, 23, 13], [24, 8, 1, 7], [2, 16, 3, 15], [4, 18, 5, 17], [6, 2, 7, 1], [8, 12, 9, 11], [10, 19, 11, 20], [12, 22, 13, 21], [14, 24, 15, 23], [16, 4, 17, 3], [18, 6, 19, 5]]"
12a_0519_78,"[[18, 6, 19, 5], [20, 9, 21, 10], [22, 14, 23, 13], [24, 8, 1, 7], [2, 16, 3, 15], [4, 18, 5, 17], [6, 2, 7, 1], [8, 12, 9, 11], [10, 19, 11, 20], [12, 22, 13, 21], [14, 24, 15, 23], [16, 4, 17, 3]]"
12a_0519_79,"[[16, 4, 17, 3], [18, 6, 19, 5], [20, 9, 21, 10], [22, 14, 23, 13], [24, 8, 1, 7], [2, 16, 3, 15], [4, 18, 5, 17], [6, 2, 7, 1], [8, 12, 9, 11], [10, 19, 11, 20], [12, 22, 13, 21], [14, 24, 15, 23]]"
12a_0519_80,"[[14, 24, 15, 23], [16, 4, 17, 3], [18, 6, 19, 5], [20, 9, 21, 10], [22, 14, 23, 13], [24, 8, 1, 7], [2, 16, 3, 15], [4, 18, 5, 17], [6, 2, 7, 1], [8, 12, 9, 11], [10, 19, 11, 20], [12, 22, 13, 21]]"
12a_0519_81,"[[12, 22, 13, 21], [14, 24, 15, 23], [16, 4, 17, 3], [18, 6, 19, 5], [20, 9, 21, 10], [22, 14, 23, 13], [24, 8, 1, 7], [2, 16, 3, 15], [4, 18, 5, 17], [6, 2, 7, 1], [8, 12, 9, 11], [10, 19, 11, 20]]"
12a_0519_82,"[[10, 19, 11, 20], [12, 22, 13, 21], [14, 24, 15, 23], [16, 4, 17, 3], [18, 6, 19, 5], [20, 9, 21, 10], [22, 14, 23, 13], [24, 8, 1, 7], [2, 16, 3, 15], [4, 18, 5, 17], [6, 2, 7, 1], [8, 12, 9, 11]]"
12a_0519_83,"[[8, 12, 9, 11], [10, 19, 11, 20], [12, 22, 13, 21], [14, 24, 15, 23], [16, 4, 17, 3], [18, 6, 19, 5], [20, 9, 21, 10], [22, 14, 23, 13], [24, 8, 1, 7], [2, 16, 3, 15], [4, 18, 5, 17], [6, 2, 7, 1]]"
12a_0519_84,"[[7, 3, 8, 2], [9, 13, 10, 12], [11, 20, 12, 21], [13, 23, 14, 22], [15, 1, 16, 24], [17, 5, 18, 4], [19, 7, 20, 6], [21, 10, 22, 11], [23, 15, 24, 14], [1, 9, 2, 8], [3, 17, 4, 16], [5, 19, 6, 18]]"
12a_0519_85,"[[5, 19, 6, 18], [7, 3, 8, 2], [9, 13, 10, 12], [11, 20, 12, 21], [13, 23, 14, 22], [15, 1, 16, 24], [17, 5, 18, 4], [19, 7, 20, 6], [21, 10, 22, 11], [23, 15, 24, 14], [1, 9, 2, 8], [3, 17, 4, 16]]"
12a_0519_86,"[[3, 17, 4, 16], [5, 19, 6, 18], [7, 3, 8, 2], [9, 13, 10, 12], [11, 20, 12, 21], [13, 23, 14, 22], [15, 1, 16, 24], [17, 5, 18, 4], [19, 7, 20, 6], [21, 10, 22, 11], [23, 15, 24, 14], [1, 9, 2, 8]]"
12a_0519_87,"[[1, 9, 2, 8], [3, 17, 4, 16], [5, 19, 6, 18], [7, 3, 8, 2], [9, 13, 10, 12], [11, 20, 12, 21], [13, 23, 14, 22], [15, 1, 16, 24], [17, 5, 18, 4], [19, 7, 20, 6], [21, 10, 22, 11], [23, 15, 24, 14]]"
12a_0519_88,"[[23, 15, 24, 14], [1, 9, 2, 8], [3, 17, 4, 16], [5, 19, 6, 18], [7, 3, 8, 2], [9, 13, 10, 12], [11, 20, 12, 21], [13, 23, 14, 22], [15, 1, 16, 24], [17, 5, 18, 4], [19, 7, 20, 6], [21, 10, 22, 11]]"
12a_0519_89,"[[21, 10, 22, 11], [23, 15, 24, 14], [1, 9, 2, 8], [3, 17, 4, 16], [5, 19, 6, 18], [7, 3, 8, 2], [9, 13, 10, 12], [11, 20, 12, 21], [13, 23, 14, 22], [15, 1, 16, 24], [17, 5, 18, 4], [19, 7, 20, 6]]"
12a_0519_90,"[[19, 7, 20, 6], [21, 10, 22, 11], [23, 15, 24, 14], [1, 9, 2, 8], [3, 17, 4, 16], [5, 19, 6, 18], [7, 3, 8, 2], [9, 13, 10, 12], [11, 20, 12, 21], [13, 23, 14, 22], [15, 1, 16, 24], [17, 5, 18, 4]]"
12a_0519_91,"[[17, 5, 18, 4], [19, 7, 20, 6], [21, 10, 22, 11], [23, 15, 24, 14], [1, 9, 2, 8], [3, 17, 4, 16], [5, 19, 6, 18], [7, 3, 8, 2], [9, 13, 10, 12], [11, 20, 12, 21], [13, 23, 14, 22], [15, 1, 16, 24]]"
12a_0519_92,"[[15, 1, 16, 24], [17, 5, 18, 4], [19, 7, 20, 6], [21, 10, 22, 11], [23, 15, 24, 14], [1, 9, 2, 8], [3, 17, 4, 16], [5, 19, 6, 18], [7, 3, 8, 2], [9, 13, 10, 12], [11, 20, 12, 21], [13, 23, 14, 22]]"
12a_0519_93,"[[13, 23, 14, 22], [15, 1, 16, 24], [17, 5, 18, 4], [19, 7, 20, 6], [21, 10, 22, 11], [23, 15, 24, 14], [1, 9, 2, 8], [3, 17, 4, 16], [5, 19, 6, 18], [7, 3, 8, 2], [9, 13, 10, 12], [11, 20, 12, 21]]"
12a_0519_94,"[[11, 20, 12, 21], [13, 23, 14, 22], [15, 1, 16, 24], [17, 5, 18, 4], [19, 7, 20, 6], [21, 10, 22, 11], [23, 15, 24, 14], [1, 9, 2, 8], [3, 17, 4, 16], [5, 19, 6, 18], [7, 3, 8, 2], [9, 13, 10, 12]]"
12a_0519_95,"[[9, 13, 10, 12], [11, 20, 12, 21], [13, 23, 14, 22], [15, 1, 16, 24], [17, 5, 18, 4], [19, 7, 20, 6], [21, 10, 22, 11], [23, 15, 24, 14], [1, 9, 2, 8], [3, 17, 4, 16], [5, 19, 6, 18], [7, 3, 8, 2]]"
12a_0519_96,"[[8, 4, 9, 3], [10, 14, 11, 13], [12, 21, 13, 22], [14, 24, 15, 23], [16, 2, 17, 1], [18, 6, 19, 5], [20, 8, 21, 7], [22, 11, 23, 12], [24, 16, 1, 15], [2, 10, 3, 9], [4, 18, 5, 17], [6, 20, 7, 19]]"
12a_0519_97,"[[6, 20, 7, 19], [8, 4, 9, 3], [10, 14, 11, 13], [12, 21, 13, 22], [14, 24, 15, 23], [16, 2, 17, 1], [18, 6, 19, 5], [20, 8, 21, 7], [22, 11, 23, 12], [24, 16, 1, 15], [2, 10, 3, 9], [4, 18, 5, 17]]"
12a_0519_98,"[[4, 18, 5, 17], [6, 20, 7, 19], [8, 4, 9, 3], [10, 14, 11, 13], [12, 21, 13, 22], [14, 24, 15, 23], [16, 2, 17, 1], [18, 6, 19, 5], [20, 8, 21, 7], [22, 11, 23, 12], [24, 16, 1, 15], [2, 10, 3, 9]]"
12a_0519_99,"[[2, 10, 3, 9], [4, 18, 5, 17], [6, 20, 7, 19], [8, 4, 9, 3], [10, 14, 11, 13], [12, 21, 13, 22], [14, 24, 15, 23], [16, 2, 17, 1], [18, 6, 19, 5], [20, 8, 21, 7], [22, 11, 23, 12], [24, 16, 1, 15]]"
12a_0519_100,"[[24, 16, 1, 15], [2, 10, 3, 9], [4, 18, 5, 17], [6, 20, 7, 19], [8, 4, 9, 3], [10, 14, 11, 13], [12, 21, 13, 22], [14, 24, 15, 23], [16, 2, 17, 1], [18, 6, 19, 5], [20, 8, 21, 7], [22, 11, 23, 12]]"
12a_0519_101,"[[22, 11, 23, 12], [24, 16, 1, 15], [2, 10, 3, 9], [4, 18, 5, 17], [6, 20, 7, 19], [8, 4, 9, 3], [10, 14, 11, 13], [12, 21, 13, 22], [14, 24, 15, 23], [16, 2, 17, 1], [18, 6, 19, 5], [20, 8, 21, 7]]"
12a_0519_102,"[[20, 8, 21, 7], [22, 11, 23, 12], [24, 16, 1, 15], [2, 10, 3, 9], [4, 18, 5, 17], [6, 20, 7, 19], [8, 4, 9, 3], [10, 14, 11, 13], [12, 21, 13, 22], [14, 24, 15, 23], [16, 2, 17, 1], [18, 6, 19, 5]]"
12a_0519_103,"[[18, 6, 19, 5], [20, 8, 21, 7], [22, 11, 23, 12], [24, 16, 1, 15], [2, 10, 3, 9], [4, 18, 5, 17], [6, 20, 7, 19], [8, 4, 9, 3], [10, 14, 11, 13], [12, 21, 13, 22], [14, 24, 15, 23], [16, 2, 17, 1]]"
12a_0519_104,"[[16, 2, 17, 1], [18, 6, 19, 5], [20, 8, 21, 7], [22, 11, 23, 12], [24, 16, 1, 15], [2, 10, 3, 9], [4, 18, 5, 17], [6, 20, 7, 19], [8, 4, 9, 3], [10, 14, 11, 13], [12, 21, 13, 22], [14, 24, 15, 23]]"
12a_0519_105,"[[14, 24, 15, 23], [16, 2, 17, 1], [18, 6, 19, 5], [20, 8, 21, 7], [22, 11, 23, 12], [24, 16, 1, 15], [2, 10, 3, 9], [4, 18, 5, 17], [6, 20, 7, 19], [8, 4, 9, 3], [10, 14, 11, 13], [12, 21, 13, 22]]"
12a_0519_106,"[[12, 21, 13, 22], [14, 24, 15, 23], [16, 2, 17, 1], [18, 6, 19, 5], [20, 8, 21, 7], [22, 11, 23, 12], [24, 16, 1, 15], [2, 10, 3, 9], [4, 18, 5, 17], [6, 20, 7, 19], [8, 4, 9, 3], [10, 14, 11, 13]]"
12a_0519_107,"[[10, 14, 11, 13], [12, 21, 13, 22], [14, 24, 15, 23], [16, 2, 17, 1], [18, 6, 19, 5], [20, 8, 21, 7], [22, 11, 23, 12], [24, 16, 1, 15], [2, 10, 3, 9], [4, 18, 5, 17], [6, 20, 7, 19], [8, 4, 9, 3]]"
12a_0519_108,"[[9, 5, 10, 4], [11, 15, 12, 14], [13, 22, 14, 23], [15, 1, 16, 24], [17, 3, 18, 2], [19, 7, 20, 6], [21, 9, 22, 8], [23, 12, 24, 13], [1, 17, 2, 16], [3, 11, 4, 10], [5, 19, 6, 18], [7, 21, 8, 20]]"
12a_0519_109,"[[7, 21, 8, 20], [9, 5, 10, 4], [11, 15, 12, 14], [13, 22, 14, 23], [15, 1, 16, 24], [17, 3, 18, 2], [19, 7, 20, 6], [21, 9, 22, 8], [23, 12, 24, 13], [1, 17, 2, 16], [3, 11, 4, 10], [5, 19, 6, 18]]"
12a_0519_110,"[[5, 19, 6, 18], [7, 21, 8, 20], [9, 5, 10, 4], [11, 15, 12, 14], [13, 22, 14, 23], [15, 1, 16, 24], [17, 3, 18, 2], [19, 7, 20, 6], [21, 9, 22, 8], [23, 12, 24, 13], [1, 17, 2, 16], [3, 11, 4, 10]]"
12a_0519_111,"[[3, 11, 4, 10], [5, 19, 6, 18], [7, 21, 8, 20], [9, 5, 10, 4], [11, 15, 12, 14], [13, 22, 14, 23], [15, 1, 16, 24], [17, 3, 18, 2], [19, 7, 20, 6], [21, 9, 22, 8], [23, 12, 24, 13], [1, 17, 2, 16]]"
12a_0519_112,"[[1, 17, 2, 16], [3, 11, 4, 10], [5, 19, 6, 18], [7, 21, 8, 20], [9, 5, 10, 4], [11, 15, 12, 14], [13, 22, 14, 23], [15, 1, 16, 24], [17, 3, 18, 2], [19, 7, 20, 6], [21, 9, 22, 8], [23, 12, 24, 13]]"
12a_0519_113,"[[23, 12, 24, 13], [1, 17, 2, 16], [3, 11, 4, 10], [5, 19, 6, 18], [7, 21, 8, 20], [9, 5, 10, 4], [11, 15, 12, 14], [13, 22, 14, 23], [15, 1, 16, 24], [17, 3, 18, 2], [19, 7, 20, 6], [21, 9, 22, 8]]"
12a_0519_114,"[[21, 9, 22, 8], [23, 12, 24, 13], [1, 17, 2, 16], [3, 11, 4, 10], [5, 19, 6, 18], [7, 21, 8, 20], [9, 5, 10, 4], [11, 15, 12, 14], [13, 22, 14, 23], [15, 1, 16, 24], [17, 3, 18, 2], [19, 7, 20, 6]]"
12a_0519_115,"[[19, 7, 20, 6], [21, 9, 22, 8], [23, 12, 24, 13], [1, 17, 2, 16], [3, 11, 4, 10], [5, 19, 6, 18], [7, 21, 8, 20], [9, 5, 10, 4], [11, 15, 12, 14], [13, 22, 14, 23], [15, 1, 16, 24], [17, 3, 18, 2]]"
12a_0519_116,"[[17, 3, 18, 2], [19, 7, 20, 6], [21, 9, 22, 8], [23, 12, 24, 13], [1, 17, 2, 16], [3, 11, 4, 10], [5, 19, 6, 18], [7, 21, 8, 20], [9, 5, 10, 4], [11, 15, 12, 14], [13, 22, 14, 23], [15, 1, 16, 24]]"
12a_0519_117,"[[15, 1, 16, 24], [17, 3, 18, 2], [19, 7, 20, 6], [21, 9, 22, 8], [23, 12, 24, 13], [1, 17, 2, 16], [3, 11, 4, 10], [5, 19, 6, 18], [7, 21, 8, 20], [9, 5, 10, 4], [11, 15, 12, 14], [13, 22, 14, 23]]"
12a_0519_118,"[[13, 22, 14, 23], [15, 1, 16, 24], [17, 3, 18, 2], [19, 7, 20, 6], [21, 9, 22, 8], [23, 12, 24, 13], [1, 17, 2, 16], [3, 11, 4, 10], [5, 19, 6, 18], [7, 21, 8, 20], [9, 5, 10, 4], [11, 15, 12, 14]]"
12a_0519_119,"[[11, 15, 12, 14], [13, 22, 14, 23], [15, 1, 16, 24], [17, 3, 18, 2], [19, 7, 20, 6], [21, 9, 22, 8], [23, 12, 24, 13], [1, 17, 2, 16], [3, 11, 4, 10], [5, 19, 6, 18], [7, 21, 8, 20], [9, 5, 10, 4]]"
12a_0519_120,"[[10, 6, 11, 5], [12, 16, 13, 15], [14, 23, 15, 24], [16, 2, 17, 1], [18, 4, 19, 3], [20, 8, 21, 7], [22, 10, 23, 9], [24, 13, 1, 14], [2, 18, 3, 17], [4, 12, 5, 11], [6, 20, 7, 19], [8, 22, 9, 21]]"
12a_0519_121,"[[8, 22, 9, 21], [10, 6, 11, 5], [12, 16, 13, 15], [14, 23, 15, 24], [16, 2, 17, 1], [18, 4, 19, 3], [20, 8, 21, 7], [22, 10, 23, 9], [24, 13, 1, 14], [2, 18, 3, 17], [4, 12, 5, 11], [6, 20, 7, 19]]"
12a_0519_122,"[[6, 20, 7, 19], [8, 22, 9, 21], [10, 6, 11, 5], [12, 16, 13, 15], [14, 23, 15, 24], [16, 2, 17, 1], [18, 4, 19, 3], [20, 8, 21, 7], [22, 10, 23, 9], [24, 13, 1, 14], [2, 18, 3, 17], [4, 12, 5, 11]]"
12a_0519_123,"[[4, 12, 5, 11], [6, 20, 7, 19], [8, 22, 9, 21], [10, 6, 11, 5], [12, 16, 13, 15], [14, 23, 15, 24], [16, 2, 17, 1], [18, 4, 19, 3], [20, 8, 21, 7], [22, 10, 23, 9], [24, 13, 1, 14], [2, 18, 3, 17]]"
12a_0519_124,"[[2, 18, 3, 17], [4, 12, 5, 11], [6, 20, 7, 19], [8, 22, 9, 21], [10, 6, 11, 5], [12, 16, 13, 15], [14, 23, 15, 24], [16, 2, 17, 1], [18, 4, 19, 3], [20, 8, 21, 7], [22, 10, 23, 9], [24, 13, 1, 14]]"
12a_0519_125,"[[24, 13, 1, 14], [2, 18, 3, 17], [4, 12, 5, 11], [6, 20, 7, 19], [8, 22, 9, 21], [10, 6, 11, 5], [12, 16, 13, 15], [14, 23, 15, 24], [16, 2, 17, 1], [18, 4, 19, 3], [20, 8, 21, 7], [22, 10, 23, 9]]"
12a_0519_126,"[[22, 10, 23, 9], [24, 13, 1, 14], [2, 18, 3, 17], [4, 12, 5, 11], [6, 20, 7, 19], [8, 22, 9, 21], [10, 6, 11, 5], [12, 16, 13, 15], [14, 23, 15, 24], [16, 2, 17, 1], [18, 4, 19, 3], [20, 8, 21, 7]]"
12a_0519_127,"[[20, 8, 21, 7], [22, 10, 23, 9], [24, 13, 1, 14], [2, 18, 3, 17], [4, 12, 5, 11], [6, 20, 7, 19], [8, 22, 9, 21], [10, 6, 11, 5], [12, 16, 13, 15], [14, 23, 15, 24], [16, 2, 17, 1], [18, 4, 19, 3]]"
12a_0519_128,"[[18, 4, 19, 3], [20, 8, 21, 7], [22, 10, 23, 9], [24, 13, 1, 14], [2, 18, 3, 17], [4, 12, 5, 11], [6, 20, 7, 19], [8, 22, 9, 21], [10, 6, 11, 5], [12, 16, 13, 15], [14, 23, 15, 24], [16, 2, 17, 1]]"
12a_0519_129,"[[16, 2, 17, 1], [18, 4, 19, 3], [20, 8, 21, 7], [22, 10, 23, 9], [24, 13, 1, 14], [2, 18, 3, 17], [4, 12, 5, 11], [6, 20, 7, 19], [8, 22, 9, 21], [10, 6, 11, 5], [12, 16, 13, 15], [14, 23, 15, 24]]"
12a_0519_130,"[[14, 23, 15, 24], [16, 2, 17, 1], [18, 4, 19, 3], [20, 8, 21, 7], [22, 10, 23, 9], [24, 13, 1, 14], [2, 18, 3, 17], [4, 12, 5, 11], [6, 20, 7, 19], [8, 22, 9, 21], [10, 6, 11, 5], [12, 16, 13, 15]]"
12a_0519_131,"[[12, 16, 13, 15], [14, 23, 15, 24], [16, 2, 17, 1], [18, 4, 19, 3], [20, 8, 21, 7], [22, 10, 23, 9], [24, 13, 1, 14], [2, 18, 3, 17], [4, 12, 5, 11], [6, 20, 7, 19], [8, 22, 9, 21], [10, 6, 11, 5]]"
12a_0519_132,"[[11, 7, 12, 6], [13, 17, 14, 16], [15, 24, 16, 1], [17, 3, 18, 2], [19, 5, 20, 4], [21, 9, 22, 8], [23, 11, 24, 10], [1, 14, 2, 15], [3, 19, 4, 18], [5, 13, 6, 12], [7, 21, 8, 20], [9, 23, 10, 22]]"
12a_0519_133,"[[9, 23, 10, 22], [11, 7, 12, 6], [13, 17, 14, 16], [15, 24, 16, 1], [17, 3, 18, 2], [19, 5, 20, 4], [21, 9, 22, 8], [23, 11, 24, 10], [1, 14, 2, 15], [3, 19, 4, 18], [5, 13, 6, 12], [7, 21, 8, 20]]"
12a_0519_134,"[[7, 21, 8, 20], [9, 23, 10, 22], [11, 7, 12, 6], [13, 17, 14, 16], [15, 24, 16, 1], [17, 3, 18, 2], [19, 5, 20, 4], [21, 9, 22, 8], [23, 11, 24, 10], [1, 14, 2, 15], [3, 19, 4, 18], [5, 13, 6, 12]]"
12a_0519_135,"[[5, 13, 6, 12], [7, 21, 8, 20], [9, 23, 10, 22], [11, 7, 12, 6], [13, 17, 14, 16], [15, 24, 16, 1], [17, 3, 18, 2], [19, 5, 20, 4], [21, 9, 22, 8], [23, 11, 24, 10], [1, 14, 2, 15], [3, 19, 4, 18]]"
12a_0519_136,"[[3, 19, 4, 18], [5, 13, 6, 12], [7, 21, 8, 20], [9, 23, 10, 22], [11, 7, 12, 6], [13, 17, 14, 16], [15, 24, 16, 1], [17, 3, 18, 2], [19, 5, 20, 4], [21, 9, 22, 8], [23, 11, 24, 10], [1, 14, 2, 15]]"
12a_0519_137,"[[1, 14, 2, 15], [3, 19, 4, 18], [5, 13, 6, 12], [7, 21, 8, 20], [9, 23, 10, 22], [11, 7, 12, 6], [13, 17, 14, 16], [15, 24, 16, 1], [17, 3, 18, 2], [19, 5, 20, 4], [21, 9, 22, 8], [23, 11, 24, 10]]"
12a_0519_138,"[[23, 11, 24, 10], [1, 14, 2, 15], [3, 19, 4, 18], [5, 13, 6, 12], [7, 21, 8, 20], [9, 23, 10, 22], [11, 7, 12, 6], [13, 17, 14, 16], [15, 24, 16, 1], [17, 3, 18, 2], [19, 5, 20, 4], [21, 9, 22, 8]]"
12a_0519_139,"[[21, 9, 22, 8], [23, 11, 24, 10], [1, 14, 2, 15], [3, 19, 4, 18], [5, 13, 6, 12], [7, 21, 8, 20], [9, 23, 10, 22], [11, 7, 12, 6], [13, 17, 14, 16], [15, 24, 16, 1], [17, 3, 18, 2], [19, 5, 20, 4]]"
12a_0519_140,"[[19, 5, 20, 4], [21, 9, 22, 8], [23, 11, 24, 10], [1, 14, 2, 15], [3, 19, 4, 18], [5, 13, 6, 12], [7, 21, 8, 20], [9, 23, 10, 22], [11, 7, 12, 6], [13, 17, 14, 16], [15, 24, 16, 1], [17, 3, 18, 2]]"
12a_0519_141,"[[17, 3, 18, 2], [19, 5, 20, 4], [21, 9, 22, 8], [23, 11, 24, 10], [1, 14, 2, 15], [3, 19, 4, 18], [5, 13, 6, 12], [7, 21, 8, 20], [9, 23, 10, 22], [11, 7, 12, 6], [13, 17, 14, 16], [15, 24, 16, 1]]"
12a_0519_142,"[[15, 24, 16, 1], [17, 3, 18, 2], [19, 5, 20, 4], [21, 9, 22, 8], [23, 11, 24, 10], [1, 14, 2, 15], [3, 19, 4, 18], [5, 13, 6, 12], [7, 21, 8, 20], [9, 23, 10, 22], [11, 7, 12, 6], [13, 17, 14, 16]]"
12a_0519_143,"[[13, 17, 14, 16], [15, 24, 16, 1], [17, 3, 18, 2], [19, 5, 20, 4], [21, 9, 22, 8], [23, 11, 24, 10], [1, 14, 2, 15], [3, 19, 4, 18], [5, 13, 6, 12], [7, 21, 8, 20], [9, 23, 10, 22], [11, 7, 12, 6]]"
12a_0519_144,"[[12, 8, 13, 7], [14, 18, 15, 17], [16, 1, 17, 2], [18, 4, 19, 3], [20, 6, 21, 5], [22, 10, 23, 9], [24, 12, 1, 11], [2, 15, 3, 16], [4, 20, 5, 19], [6, 14, 7, 13], [8, 22, 9, 21], [10, 24, 11, 23]]"
12a_0519_145,"[[10, 24, 11, 23], [12, 8, 13, 7], [14, 18, 15, 17], [16, 1, 17, 2], [18, 4, 19, 3], [20, 6, 21, 5], [22, 10, 23, 9], [24, 12, 1, 11], [2, 15, 3, 16], [4, 20, 5, 19], [6, 14, 7, 13], [8, 22, 9, 21]]"
12a_0519_146,"[[8, 22, 9, 21], [10, 24, 11, 23], [12, 8, 13, 7], [14, 18, 15, 17], [16, 1, 17, 2], [18, 4, 19, 3], [20, 6, 21, 5], [22, 10, 23, 9], [24, 12, 1, 11], [2, 15, 3, 16], [4, 20, 5, 19], [6, 14, 7, 13]]"
12a_0519_147,"[[6, 14, 7, 13], [8, 22, 9, 21], [10, 24, 11, 23], [12, 8, 13, 7], [14, 18, 15, 17], [16, 1, 17, 2], [18, 4, 19, 3], [20, 6, 21, 5], [22, 10, 23, 9], [24, 12, 1, 11], [2, 15, 3, 16], [4, 20, 5, 19]]"
12a_0519_148,"[[4, 20, 5, 19], [6, 14, 7, 13], [8, 22, 9, 21], [10, 24, 11, 23], [12, 8, 13, 7], [14, 18, 15, 17], [16, 1, 17, 2], [18, 4, 19, 3], [20, 6, 21, 5], [22, 10, 23, 9], [24, 12, 1, 11], [2, 15, 3, 16]]"
12a_0519_149,"[[2, 15, 3, 16], [4, 20, 5, 19], [6, 14, 7, 13], [8, 22, 9, 21], [10, 24, 11, 23], [12, 8, 13, 7], [14, 18, 15, 17], [16, 1, 17, 2], [18, 4, 19, 3], [20, 6, 21, 5], [22, 10, 23, 9], [24, 12, 1, 11]]"
12a_0519_150,"[[24, 12, 1, 11], [2, 15, 3, 16], [4, 20, 5, 19], [6, 14, 7, 13], [8, 22, 9, 21], [10, 24, 11, 23], [12, 8, 13, 7], [14, 18, 15, 17], [16, 1, 17, 2], [18, 4, 19, 3], [20, 6, 21, 5], [22, 10, 23, 9]]"
12a_0519_151,"[[22, 10, 23, 9], [24, 12, 1, 11], [2, 15, 3, 16], [4, 20, 5, 19], [6, 14, 7, 13], [8, 22, 9, 21], [10, 24, 11, 23], [12, 8, 13, 7], [14, 18, 15, 17], [16, 1, 17, 2], [18, 4, 19, 3], [20, 6, 21, 5]]"
12a_0519_152,"[[20, 6, 21, 5], [22, 10, 23, 9], [24, 12, 1, 11], [2, 15, 3, 16], [4, 20, 5, 19], [6, 14, 7, 13], [8, 22, 9, 21], [10, 24, 11, 23], [12, 8, 13, 7], [14, 18, 15, 17], [16, 1, 17, 2], [18, 4, 19, 3]]"
12a_0519_153,"[[18, 4, 19, 3], [20, 6, 21, 5], [22, 10, 23, 9], [24, 12, 1, 11], [2, 15, 3, 16], [4, 20, 5, 19], [6, 14, 7, 13], [8, 22, 9, 21], [10, 24, 11, 23], [12, 8, 13, 7], [14, 18, 15, 17], [16, 1, 17, 2]]"
12a_0519_154,"[[16, 1, 17, 2], [18, 4, 19, 3], [20, 6, 21, 5], [22, 10, 23, 9], [24, 12, 1, 11], [2, 15, 3, 16], [4, 20, 5, 19], [6, 14, 7, 13], [8, 22, 9, 21], [10, 24, 11, 23], [12, 8, 13, 7], [14, 18, 15, 17]]"
12a_0519_155,"[[14, 18, 15, 17], [16, 1, 17, 2], [18, 4, 19, 3], [20, 6, 21, 5], [22, 10, 23, 9], [24, 12, 1, 11], [2, 15, 3, 16], [4, 20, 5, 19], [6, 14, 7, 13], [8, 22, 9, 21], [10, 24, 11, 23], [12, 8, 13, 7]]"
12a_0519_156,"[[13, 9, 14, 8], [15, 19, 16, 18], [17, 2, 18, 3], [19, 5, 20, 4], [21, 7, 22, 6], [23, 11, 24, 10], [1, 13, 2, 12], [3, 16, 4, 17], [5, 21, 6, 20], [7, 15, 8, 14], [9, 23, 10, 22], [11, 1, 12, 24]]"
12a_0519_157,"[[11, 1, 12, 24], [13, 9, 14, 8], [15, 19, 16, 18], [17, 2, 18, 3], [19, 5, 20, 4], [21, 7, 22, 6], [23, 11, 24, 10], [1, 13, 2, 12], [3, 16, 4, 17], [5, 21, 6, 20], [7, 15, 8, 14], [9, 23, 10, 22]]"
12a_0519_158,"[[9, 23, 10, 22], [11, 1, 12, 24], [13, 9, 14, 8], [15, 19, 16, 18], [17, 2, 18, 3], [19, 5, 20, 4], [21, 7, 22, 6], [23, 11, 24, 10], [1, 13, 2, 12], [3, 16, 4, 17], [5, 21, 6, 20], [7, 15, 8, 14]]"
12a_0519_159,"[[7, 15, 8, 14], [9, 23, 10, 22], [11, 1, 12, 24], [13, 9, 14, 8], [15, 19, 16, 18], [17, 2, 18, 3], [19, 5, 20, 4], [21, 7, 22, 6], [23, 11, 24, 10], [1, 13, 2, 12], [3, 16, 4, 17], [5, 21, 6, 20]]"
12a_0519_160,"[[5, 21, 6, 20], [7, 15, 8, 14], [9, 23, 10, 22], [11, 1, 12, 24], [13, 9, 14, 8], [15, 19, 16, 18], [17, 2, 18, 3], [19, 5, 20, 4], [21, 7, 22, 6], [23, 11, 24, 10], [1, 13, 2, 12], [3, 16, 4, 17]]"
12a_0519_161,"[[3, 16, 4, 17], [5, 21, 6, 20], [7, 15, 8, 14], [9, 23, 10, 22], [11, 1, 12, 24], [13, 9, 14, 8], [15, 19, 16, 18], [17, 2, 18, 3], [19, 5, 20, 4], [21, 7, 22, 6], [23, 11, 24, 10], [1, 13, 2, 12]]"
12a_0519_162,"[[1, 13, 2, 12], [3, 16, 4, 17], [5, 21, 6, 20], [7, 15, 8, 14], [9, 23, 10, 22], [11, 1, 12, 24], [13, 9, 14, 8], [15, 19, 16, 18], [17, 2, 18, 3], [19, 5, 20, 4], [21, 7, 22, 6], [23, 11, 24, 10]]"
12a_0519_163,"[[23, 11, 24, 10], [1, 13, 2, 12], [3, 16, 4, 17], [5, 21, 6, 20], [7, 15, 8, 14], [9, 23, 10, 22], [11, 1, 12, 24], [13, 9, 14, 8], [15, 19, 16, 18], [17, 2, 18, 3], [19, 5, 20, 4], [21, 7, 22, 6]]"
12a_0519_164,"[[21, 7, 22, 6], [23, 11, 24, 10], [1, 13, 2, 12], [3, 16, 4, 17], [5, 21, 6, 20], [7, 15, 8, 14], [9, 23, 10, 22], [11, 1, 12, 24], [13, 9, 14, 8], [15, 19, 16, 18], [17, 2, 18, 3], [19, 5, 20, 4]]"
12a_0519_165,"[[19, 5, 20, 4], [21, 7, 22, 6], [23, 11, 24, 10], [1, 13, 2, 12], [3, 16, 4, 17], [5, 21, 6, 20], [7, 15, 8, 14], [9, 23, 10, 22], [11, 1, 12, 24], [13, 9, 14, 8], [15, 19, 16, 18], [17, 2, 18, 3]]"
12a_0519_166,"[[17, 2, 18, 3], [19, 5, 20, 4], [21, 7, 22, 6], [23, 11, 24, 10], [1, 13, 2, 12], [3, 16, 4, 17], [5, 21, 6, 20], [7, 15, 8, 14], [9, 23, 10, 22], [11, 1, 12, 24], [13, 9, 14, 8], [15, 19, 16, 18]]"
12a_0519_167,"[[15, 19, 16, 18], [17, 2, 18, 3], [19, 5, 20, 4], [21, 7, 22, 6], [23, 11, 24, 10], [1, 13, 2, 12], [3, 16, 4, 17], [5, 21, 6, 20], [7, 15, 8, 14], [9, 23, 10, 22], [11, 1, 12, 24], [13, 9, 14, 8]]"
12a_0519_168,"[[14, 10, 15, 9], [16, 20, 17, 19], [18, 3, 19, 4], [20, 6, 21, 5], [22, 8, 23, 7], [24, 12, 1, 11], [2, 14, 3, 13], [4, 17, 5, 18], [6, 22, 7, 21], [8, 16, 9, 15], [10, 24, 11, 23], [12, 2, 13, 1]]"
12a_0519_169,"[[12, 2, 13, 1], [14, 10, 15, 9], [16, 20, 17, 19], [18, 3, 19, 4], [20, 6, 21, 5], [22, 8, 23, 7], [24, 12, 1, 11], [2, 14, 3, 13], [4, 17, 5, 18], [6, 22, 7, 21], [8, 16, 9, 15], [10, 24, 11, 23]]"
12a_0519_170,"[[10, 24, 11, 23], [12, 2, 13, 1], [14, 10, 15, 9], [16, 20, 17, 19], [18, 3, 19, 4], [20, 6, 21, 5], [22, 8, 23, 7], [24, 12, 1, 11], [2, 14, 3, 13], [4, 17, 5, 18], [6, 22, 7, 21], [8, 16, 9, 15]]"
12a_0519_171,"[[8, 16, 9, 15], [10, 24, 11, 23], [12, 2, 13, 1], [14, 10, 15, 9], [16, 20, 17, 19], [18, 3, 19, 4], [20, 6, 21, 5], [22, 8, 23, 7], [24, 12, 1, 11], [2, 14, 3, 13], [4, 17, 5, 18], [6, 22, 7, 21]]"
12a_0519_172,"[[6, 22, 7, 21], [8, 16, 9, 15], [10, 24, 11, 23], [12, 2, 13, 1], [14, 10, 15, 9], [16, 20, 17, 19], [18, 3, 19, 4], [20, 6, 21, 5], [22, 8, 23, 7], [24, 12, 1, 11], [2, 14, 3, 13], [4, 17, 5, 18]]"
12a_0519_173,"[[4, 17, 5, 18], [6, 22, 7, 21], [8, 16, 9, 15], [10, 24, 11, 23], [12, 2, 13, 1], [14, 10, 15, 9], [16, 20, 17, 19], [18, 3, 19, 4], [20, 6, 21, 5], [22, 8, 23, 7], [24, 12, 1, 11], [2, 14, 3, 13]]"
12a_0519_174,"[[2, 14, 3, 13], [4, 17, 5, 18], [6, 22, 7, 21], [8, 16, 9, 15], [10, 24, 11, 23], [12, 2, 13, 1], [14, 10, 15, 9], [16, 20, 17, 19], [18, 3, 19, 4], [20, 6, 21, 5], [22, 8, 23, 7], [24, 12, 1, 11]]"
12a_0519_175,"[[24, 12, 1, 11], [2, 14, 3, 13], [4, 17, 5, 18], [6, 22, 7, 21], [8, 16, 9, 15], [10, 24, 11, 23], [12, 2, 13, 1], [14, 10, 15, 9], [16, 20, 17, 19], [18, 3, 19, 4], [20, 6, 21, 5], [22, 8, 23, 7]]"
12a_0519_176,"[[22, 8, 23, 7], [24, 12, 1, 11], [2, 14, 3, 13], [4, 17, 5, 18], [6, 22, 7, 21], [8, 16, 9, 15], [10, 24, 11, 23], [12, 2, 13, 1], [14, 10, 15, 9], [16, 20, 17, 19], [18, 3, 19, 4], [20, 6, 21, 5]]"
12a_0519_177,"[[20, 6, 21, 5], [22, 8, 23, 7], [24, 12, 1, 11], [2, 14, 3, 13], [4, 17, 5, 18], [6, 22, 7, 21], [8, 16, 9, 15], [10, 24, 11, 23], [12, 2, 13, 1], [14, 10, 15, 9], [16, 20, 17, 19], [18, 3, 19, 4]]"
12a_0519_178,"[[18, 3, 19, 4], [20, 6, 21, 5], [22, 8, 23, 7], [24, 12, 1, 11], [2, 14, 3, 13], [4, 17, 5, 18], [6, 22, 7, 21], [8, 16, 9, 15], [10, 24, 11, 23], [12, 2, 13, 1], [14, 10, 15, 9], [16, 20, 17, 19]]"
12a_0519_179,"[[16, 20, 17, 19], [18, 3, 19, 4], [20, 6, 21, 5], [22, 8, 23, 7], [24, 12, 1, 11], [2, 14, 3, 13], [4, 17, 5, 18], [6, 22, 7, 21], [8, 16, 9, 15], [10, 24, 11, 23], [12, 2, 13, 1], [14, 10, 15, 9]]"
12a_0519_180,"[[15, 11, 16, 10], [17, 21, 18, 20], [19, 4, 20, 5], [21, 7, 22, 6], [23, 9, 24, 8], [1, 13, 2, 12], [3, 15, 4, 14], [5, 18, 6, 19], [7, 23, 8, 22], [9, 17, 10, 16], [11, 1, 12, 24], [13, 3, 14, 2]]"
12a_0519_181,"[[13, 3, 14, 2], [15, 11, 16, 10], [17, 21, 18, 20], [19, 4, 20, 5], [21, 7, 22, 6], [23, 9, 24, 8], [1, 13, 2, 12], [3, 15, 4, 14], [5, 18, 6, 19], [7, 23, 8, 22], [9, 17, 10, 16], [11, 1, 12, 24]]"
12a_0519_182,"[[11, 1, 12, 24], [13, 3, 14, 2], [15, 11, 16, 10], [17, 21, 18, 20], [19, 4, 20, 5], [21, 7, 22, 6], [23, 9, 24, 8], [1, 13, 2, 12], [3, 15, 4, 14], [5, 18, 6, 19], [7, 23, 8, 22], [9, 17, 10, 16]]"
12a_0519_183,"[[9, 17, 10, 16], [11, 1, 12, 24], [13, 3, 14, 2], [15, 11, 16, 10], [17, 21, 18, 20], [19, 4, 20, 5], [21, 7, 22, 6], [23, 9, 24, 8], [1, 13, 2, 12], [3, 15, 4, 14], [5, 18, 6, 19], [7, 23, 8, 22]]"
12a_0519_184,"[[7, 23, 8, 22], [9, 17, 10, 16], [11, 1, 12, 24], [13, 3, 14, 2], [15, 11, 16, 10], [17, 21, 18, 20], [19, 4, 20, 5], [21, 7, 22, 6], [23, 9, 24, 8], [1, 13, 2, 12], [3, 15, 4, 14], [5, 18, 6, 19]]"
12a_0519_185,"[[5, 18, 6, 19], [7, 23, 8, 22], [9, 17, 10, 16], [11, 1, 12, 24], [13, 3, 14, 2], [15, 11, 16, 10], [17, 21, 18, 20], [19, 4, 20, 5], [21, 7, 22, 6], [23, 9, 24, 8], [1, 13, 2, 12], [3, 15, 4, 14]]"
