name,pd_notation
12a_0261_0,"[[24, 15, 1, 16], [2, 6, 3, 5], [4, 11, 5, 12], [6, 14, 7, 13], [8, 21, 9, 22], [10, 18, 11, 17], [12, 3, 13, 4], [14, 19, 15, 20], [16, 10, 17, 9], [18, 1, 19, 2], [20, 24, 21, 23], [22, 7, 23, 8]]"
12a_0261_1,"[[22, 7, 23, 8], [24, 15, 1, 16], [2, 6, 3, 5], [4, 11, 5, 12], [6, 14, 7, 13], [8, 21, 9, 22], [10, 18, 11, 17], [12, 3, 13, 4], [14, 19, 15, 20], [16, 10, 17, 9], [18, 1, 19, 2], [20, 24, 21, 23]]"
12a_0261_2,"[[20, 24, 21, 23], [22, 7, 23, 8], [24, 15, 1, 16], [2, 6, 3, 5], [4, 11, 5, 12], [6, 14, 7, 13], [8, 21, 9, 22], [10, 18, 11, 17], [12, 3, 13, 4], [14, 19, 15, 20], [16, 10, 17, 9], [18, 1, 19, 2]]"
12a_0261_3,"[[18, 1, 19, 2], [20, 24, 21, 23], [22, 7, 23, 8], [24, 15, 1, 16], [2, 6, 3, 5], [4, 11, 5, 12], [6, 14, 7, 13], [8, 21, 9, 22], [10, 18, 11, 17], [12, 3, 13, 4], [14, 19, 15, 20], [16, 10, 17, 9]]"
12a_0261_4,"[[16, 10, 17, 9], [18, 1, 19, 2], [20, 24, 21, 23], [22, 7, 23, 8], [24, 15, 1, 16], [2, 6, 3, 5], [4, 11, 5, 12], [6, 14, 7, 13], [8, 21, 9, 22], [10, 18, 11, 17], [12, 3, 13, 4], [14, 19, 15, 20]]"
12a_0261_5,"[[14, 19, 15, 20], [16, 10, 17, 9], [18, 1, 19, 2], [20, 24, 21, 23], [22, 7, 23, 8], [24, 15, 1, 16], [2, 6, 3, 5], [4, 11, 5, 12], [6, 14, 7, 13], [8, 21, 9, 22], [10, 18, 11, 17], [12, 3, 13, 4]]"
12a_0261_6,"[[12, 3, 13, 4], [14, 19, 15, 20], [16, 10, 17, 9], [18, 1, 19, 2], [20, 24, 21, 23], [22, 7, 23, 8], [24, 15, 1, 16], [2, 6, 3, 5], [4, 11, 5, 12], [6, 14, 7, 13], [8, 21, 9, 22], [10, 18, 11, 17]]"
12a_0261_7,"[[10, 18, 11, 17], [12, 3, 13, 4], [14, 19, 15, 20], [16, 10, 17, 9], [18, 1, 19, 2], [20, 24, 21, 23], [22, 7, 23, 8], [24, 15, 1, 16], [2, 6, 3, 5], [4, 11, 5, 12], [6, 14, 7, 13], [8, 21, 9, 22]]"
12a_0261_8,"[[8, 21, 9, 22], [10, 18, 11, 17], [12, 3, 13, 4], [14, 19, 15, 20], [16, 10, 17, 9], [18, 1, 19, 2], [20, 24, 21, 23], [22, 7, 23, 8], [24, 15, 1, 16], [2, 6, 3, 5], [4, 11, 5, 12], [6, 14, 7, 13]]"
12a_0261_9,"[[6, 14, 7, 13], [8, 21, 9, 22], [10, 18, 11, 17], [12, 3, 13, 4], [14, 19, 15, 20], [16, 10, 17, 9], [18, 1, 19, 2], [20, 24, 21, 23], [22, 7, 23, 8], [24, 15, 1, 16], [2, 6, 3, 5], [4, 11, 5, 12]]"
12a_0261_10,"[[4, 11, 5, 12], [6, 14, 7, 13], [8, 21, 9, 22], [10, 18, 11, 17], [12, 3, 13, 4], [14, 19, 15, 20], [16, 10, 17, 9], [18, 1, 19, 2], [20, 24, 21, 23], [22, 7, 23, 8], [24, 15, 1, 16], [2, 6, 3, 5]]"
12a_0261_11,"[[2, 6, 3, 5], [4, 11, 5, 12], [6, 14, 7, 13], [8, 21, 9, 22], [10, 18, 11, 17], [12, 3, 13, 4], [14, 19, 15, 20], [16, 10, 17, 9], [18, 1, 19, 2], [20, 24, 21, 23], [22, 7, 23, 8], [24, 15, 1, 16]]"
12a_0261_12,"[[1, 16, 2, 17], [3, 7, 4, 6], [5, 12, 6, 13], [7, 15, 8, 14], [9, 22, 10, 23], [11, 19, 12, 18], [13, 4, 14, 5], [15, 20, 16, 21], [17, 11, 18, 10], [19, 2, 20, 3], [21, 1, 22, 24], [23, 8, 24, 9]]"
12a_0261_13,"[[23, 8, 24, 9], [1, 16, 2, 17], [3, 7, 4, 6], [5, 12, 6, 13], [7, 15, 8, 14], [9, 22, 10, 23], [11, 19, 12, 18], [13, 4, 14, 5], [15, 20, 16, 21], [17, 11, 18, 10], [19, 2, 20, 3], [21, 1, 22, 24]]"
12a_0261_14,"[[21, 1, 22, 24], [23, 8, 24, 9], [1, 16, 2, 17], [3, 7, 4, 6], [5, 12, 6, 13], [7, 15, 8, 14], [9, 22, 10, 23], [11, 19, 12, 18], [13, 4, 14, 5], [15, 20, 16, 21], [17, 11, 18, 10], [19, 2, 20, 3]]"
12a_0261_15,"[[19, 2, 20, 3], [21, 1, 22, 24], [23, 8, 24, 9], [1, 16, 2, 17], [3, 7, 4, 6], [5, 12, 6, 13], [7, 15, 8, 14], [9, 22, 10, 23], [11, 19, 12, 18], [13, 4, 14, 5], [15, 20, 16, 21], [17, 11, 18, 10]]"
12a_0261_16,"[[17, 11, 18, 10], [19, 2, 20, 3], [21, 1, 22, 24], [23, 8, 24, 9], [1, 16, 2, 17], [3, 7, 4, 6], [5, 12, 6, 13], [7, 15, 8, 14], [9, 22, 10, 23], [11, 19, 12, 18], [13, 4, 14, 5], [15, 20, 16, 21]]"
12a_0261_17,"[[15, 20, 16, 21], [17, 11, 18, 10], [19, 2, 20, 3], [21, 1, 22, 24], [23, 8, 24, 9], [1, 16, 2, 17], [3, 7, 4, 6], [5, 12, 6, 13], [7, 15, 8, 14], [9, 22, 10, 23], [11, 19, 12, 18], [13, 4, 14, 5]]"
12a_0261_18,"[[13, 4, 14, 5], [15, 20, 16, 21], [17, 11, 18, 10], [19, 2, 20, 3], [21, 1, 22, 24], [23, 8, 24, 9], [1, 16, 2, 17], [3, 7, 4, 6], [5, 12, 6, 13], [7, 15, 8, 14], [9, 22, 10, 23], [11, 19, 12, 18]]"
12a_0261_19,"[[11, 19, 12, 18], [13, 4, 14, 5], [15, 20, 16, 21], [17, 11, 18, 10], [19, 2, 20, 3], [21, 1, 22, 24], [23, 8, 24, 9], [1, 16, 2, 17], [3, 7, 4, 6], [5, 12, 6, 13], [7, 15, 8, 14], [9, 22, 10, 23]]"
12a_0261_20,"[[9, 22, 10, 23], [11, 19, 12, 18], [13, 4, 14, 5], [15, 20, 16, 21], [17, 11, 18, 10], [19, 2, 20, 3], [21, 1, 22, 24], [23, 8, 24, 9], [1, 16, 2, 17], [3, 7, 4, 6], [5, 12, 6, 13], [7, 15, 8, 14]]"
12a_0261_21,"[[7, 15, 8, 14], [9, 22, 10, 23], [11, 19, 12, 18], [13, 4, 14, 5], [15, 20, 16, 21], [17, 11, 18, 10], [19, 2, 20, 3], [21, 1, 22, 24], [23, 8, 24, 9], [1, 16, 2, 17], [3, 7, 4, 6], [5, 12, 6, 13]]"
12a_0261_22,"[[5, 12, 6, 13], [7, 15, 8, 14], [9, 22, 10, 23], [11, 19, 12, 18], [13, 4, 14, 5], [15, 20, 16, 21], [17, 11, 18, 10], [19, 2, 20, 3], [21, 1, 22, 24], [23, 8, 24, 9], [1, 16, 2, 17], [3, 7, 4, 6]]"
12a_0261_23,"[[3, 7, 4, 6], [5, 12, 6, 13], [7, 15, 8, 14], [9, 22, 10, 23], [11, 19, 12, 18], [13, 4, 14, 5], [15, 20, 16, 21], [17, 11, 18, 10], [19, 2, 20, 3], [21, 1, 22, 24], [23, 8, 24, 9], [1, 16, 2, 17]]"
12a_0261_24,"[[2, 17, 3, 18], [4, 8, 5, 7], [6, 13, 7, 14], [8, 16, 9, 15], [10, 23, 11, 24], [12, 20, 13, 19], [14, 5, 15, 6], [16, 21, 17, 22], [18, 12, 19, 11], [20, 3, 21, 4], [22, 2, 23, 1], [24, 9, 1, 10]]"
12a_0261_25,"[[24, 9, 1, 10], [2, 17, 3, 18], [4, 8, 5, 7], [6, 13, 7, 14], [8, 16, 9, 15], [10, 23, 11, 24], [12, 20, 13, 19], [14, 5, 15, 6], [16, 21, 17, 22], [18, 12, 19, 11], [20, 3, 21, 4], [22, 2, 23, 1]]"
12a_0261_26,"[[22, 2, 23, 1], [24, 9, 1, 10], [2, 17, 3, 18], [4, 8, 5, 7], [6, 13, 7, 14], [8, 16, 9, 15], [10, 23, 11, 24], [12, 20, 13, 19], [14, 5, 15, 6], [16, 21, 17, 22], [18, 12, 19, 11], [20, 3, 21, 4]]"
12a_0261_27,"[[20, 3, 21, 4], [22, 2, 23, 1], [24, 9, 1, 10], [2, 17, 3, 18], [4, 8, 5, 7], [6, 13, 7, 14], [8, 16, 9, 15], [10, 23, 11, 24], [12, 20, 13, 19], [14, 5, 15, 6], [16, 21, 17, 22], [18, 12, 19, 11]]"
12a_0261_28,"[[18, 12, 19, 11], [20, 3, 21, 4], [22, 2, 23, 1], [24, 9, 1, 10], [2, 17, 3, 18], [4, 8, 5, 7], [6, 13, 7, 14], [8, 16, 9, 15], [10, 23, 11, 24], [12, 20, 13, 19], [14, 5, 15, 6], [16, 21, 17, 22]]"
12a_0261_29,"[[16, 21, 17, 22], [18, 12, 19, 11], [20, 3, 21, 4], [22, 2, 23, 1], [24, 9, 1, 10], [2, 17, 3, 18], [4, 8, 5, 7], [6, 13, 7, 14], [8, 16, 9, 15], [10, 23, 11, 24], [12, 20, 13, 19], [14, 5, 15, 6]]"
12a_0261_30,"[[14, 5, 15, 6], [16, 21, 17, 22], [18, 12, 19, 11], [20, 3, 21, 4], [22, 2, 23, 1], [24, 9, 1, 10], [2, 17, 3, 18], [4, 8, 5, 7], [6, 13, 7, 14], [8, 16, 9, 15], [10, 23, 11, 24], [12, 20, 13, 19]]"
12a_0261_31,"[[12, 20, 13, 19], [14, 5, 15, 6], [16, 21, 17, 22], [18, 12, 19, 11], [20, 3, 21, 4], [22, 2, 23, 1], [24, 9, 1, 10], [2, 17, 3, 18], [4, 8, 5, 7], [6, 13, 7, 14], [8, 16, 9, 15], [10, 23, 11, 24]]"
12a_0261_32,"[[10, 23, 11, 24], [12, 20, 13, 19], [14, 5, 15, 6], [16, 21, 17, 22], [18, 12, 19, 11], [20, 3, 21, 4], [22, 2, 23, 1], [24, 9, 1, 10], [2, 17, 3, 18], [4, 8, 5, 7], [6, 13, 7, 14], [8, 16, 9, 15]]"
12a_0261_33,"[[8, 16, 9, 15], [10, 23, 11, 24], [12, 20, 13, 19], [14, 5, 15, 6], [16, 21, 17, 22], [18, 12, 19, 11], [20, 3, 21, 4], [22, 2, 23, 1], [24, 9, 1, 10], [2, 17, 3, 18], [4, 8, 5, 7], [6, 13, 7, 14]]"
12a_0261_34,"[[6, 13, 7, 14], [8, 16, 9, 15], [10, 23, 11, 24], [12, 20, 13, 19], [14, 5, 15, 6], [16, 21, 17, 22], [18, 12, 19, 11], [20, 3, 21, 4], [22, 2, 23, 1], [24, 9, 1, 10], [2, 17, 3, 18], [4, 8, 5, 7]]"
12a_0261_35,"[[4, 8, 5, 7], [6, 13, 7, 14], [8, 16, 9, 15], [10, 23, 11, 24], [12, 20, 13, 19], [14, 5, 15, 6], [16, 21, 17, 22], [18, 12, 19, 11], [20, 3, 21, 4], [22, 2, 23, 1], [24, 9, 1, 10], [2, 17, 3, 18]]"
12a_0261_36,"[[3, 18, 4, 19], [5, 9, 6, 8], [7, 14, 8, 15], [9, 17, 10, 16], [11, 24, 12, 1], [13, 21, 14, 20], [15, 6, 16, 7], [17, 22, 18, 23], [19, 13, 20, 12], [21, 4, 22, 5], [23, 3, 24, 2], [1, 10, 2, 11]]"
12a_0261_37,"[[1, 10, 2, 11], [3, 18, 4, 19], [5, 9, 6, 8], [7, 14, 8, 15], [9, 17, 10, 16], [11, 24, 12, 1], [13, 21, 14, 20], [15, 6, 16, 7], [17, 22, 18, 23], [19, 13, 20, 12], [21, 4, 22, 5], [23, 3, 24, 2]]"
12a_0261_38,"[[23, 3, 24, 2], [1, 10, 2, 11], [3, 18, 4, 19], [5, 9, 6, 8], [7, 14, 8, 15], [9, 17, 10, 16], [11, 24, 12, 1], [13, 21, 14, 20], [15, 6, 16, 7], [17, 22, 18, 23], [19, 13, 20, 12], [21, 4, 22, 5]]"
12a_0261_39,"[[21, 4, 22, 5], [23, 3, 24, 2], [1, 10, 2, 11], [3, 18, 4, 19], [5, 9, 6, 8], [7, 14, 8, 15], [9, 17, 10, 16], [11, 24, 12, 1], [13, 21, 14, 20], [15, 6, 16, 7], [17, 22, 18, 23], [19, 13, 20, 12]]"
12a_0261_40,"[[19, 13, 20, 12], [21, 4, 22, 5], [23, 3, 24, 2], [1, 10, 2, 11], [3, 18, 4, 19], [5, 9, 6, 8], [7, 14, 8, 15], [9, 17, 10, 16], [11, 24, 12, 1], [13, 21, 14, 20], [15, 6, 16, 7], [17, 22, 18, 23]]"
12a_0261_41,"[[17, 22, 18, 23], [19, 13, 20, 12], [21, 4, 22, 5], [23, 3, 24, 2], [1, 10, 2, 11], [3, 18, 4, 19], [5, 9, 6, 8], [7, 14, 8, 15], [9, 17, 10, 16], [11, 24, 12, 1], [13, 21, 14, 20], [15, 6, 16, 7]]"
12a_0261_42,"[[15, 6, 16, 7], [17, 22, 18, 23], [19, 13, 20, 12], [21, 4, 22, 5], [23, 3, 24, 2], [1, 10, 2, 11], [3, 18, 4, 19], [5, 9, 6, 8], [7, 14, 8, 15], [9, 17, 10, 16], [11, 24, 12, 1], [13, 21, 14, 20]]"
12a_0261_43,"[[13, 21, 14, 20], [15, 6, 16, 7], [17, 22, 18, 23], [19, 13, 20, 12], [21, 4, 22, 5], [23, 3, 24, 2], [1, 10, 2, 11], [3, 18, 4, 19], [5, 9, 6, 8], [7, 14, 8, 15], [9, 17, 10, 16], [11, 24, 12, 1]]"
12a_0261_44,"[[11, 24, 12, 1], [13, 21, 14, 20], [15, 6, 16, 7], [17, 22, 18, 23], [19, 13, 20, 12], [21, 4, 22, 5], [23, 3, 24, 2], [1, 10, 2, 11], [3, 18, 4, 19], [5, 9, 6, 8], [7, 14, 8, 15], [9, 17, 10, 16]]"
12a_0261_45,"[[9, 17, 10, 16], [11, 24, 12, 1], [13, 21, 14, 20], [15, 6, 16, 7], [17, 22, 18, 23], [19, 13, 20, 12], [21, 4, 22, 5], [23, 3, 24, 2], [1, 10, 2, 11], [3, 18, 4, 19], [5, 9, 6, 8], [7, 14, 8, 15]]"
12a_0261_46,"[[7, 14, 8, 15], [9, 17, 10, 16], [11, 24, 12, 1], [13, 21, 14, 20], [15, 6, 16, 7], [17, 22, 18, 23], [19, 13, 20, 12], [21, 4, 22, 5], [23, 3, 24, 2], [1, 10, 2, 11], [3, 18, 4, 19], [5, 9, 6, 8]]"
12a_0261_47,"[[5, 9, 6, 8], [7, 14, 8, 15], [9, 17, 10, 16], [11, 24, 12, 1], [13, 21, 14, 20], [15, 6, 16, 7], [17, 22, 18, 23], [19, 13, 20, 12], [21, 4, 22, 5], [23, 3, 24, 2], [1, 10, 2, 11], [3, 18, 4, 19]]"
12a_0261_48,"[[4, 19, 5, 20], [6, 10, 7, 9], [8, 15, 9, 16], [10, 18, 11, 17], [12, 1, 13, 2], [14, 22, 15, 21], [16, 7, 17, 8], [18, 23, 19, 24], [20, 14, 21, 13], [22, 5, 23, 6], [24, 4, 1, 3], [2, 11, 3, 12]]"
12a_0261_49,"[[2, 11, 3, 12], [4, 19, 5, 20], [6, 10, 7, 9], [8, 15, 9, 16], [10, 18, 11, 17], [12, 1, 13, 2], [14, 22, 15, 21], [16, 7, 17, 8], [18, 23, 19, 24], [20, 14, 21, 13], [22, 5, 23, 6], [24, 4, 1, 3]]"
12a_0261_50,"[[24, 4, 1, 3], [2, 11, 3, 12], [4, 19, 5, 20], [6, 10, 7, 9], [8, 15, 9, 16], [10, 18, 11, 17], [12, 1, 13, 2], [14, 22, 15, 21], [16, 7, 17, 8], [18, 23, 19, 24], [20, 14, 21, 13], [22, 5, 23, 6]]"
12a_0261_51,"[[22, 5, 23, 6], [24, 4, 1, 3], [2, 11, 3, 12], [4, 19, 5, 20], [6, 10, 7, 9], [8, 15, 9, 16], [10, 18, 11, 17], [12, 1, 13, 2], [14, 22, 15, 21], [16, 7, 17, 8], [18, 23, 19, 24], [20, 14, 21, 13]]"
12a_0261_52,"[[20, 14, 21, 13], [22, 5, 23, 6], [24, 4, 1, 3], [2, 11, 3, 12], [4, 19, 5, 20], [6, 10, 7, 9], [8, 15, 9, 16], [10, 18, 11, 17], [12, 1, 13, 2], [14, 22, 15, 21], [16, 7, 17, 8], [18, 23, 19, 24]]"
12a_0261_53,"[[18, 23, 19, 24], [20, 14, 21, 13], [22, 5, 23, 6], [24, 4, 1, 3], [2, 11, 3, 12], [4, 19, 5, 20], [6, 10, 7, 9], [8, 15, 9, 16], [10, 18, 11, 17], [12, 1, 13, 2], [14, 22, 15, 21], [16, 7, 17, 8]]"
12a_0261_54,"[[16, 7, 17, 8], [18, 23, 19, 24], [20, 14, 21, 13], [22, 5, 23, 6], [24, 4, 1, 3], [2, 11, 3, 12], [4, 19, 5, 20], [6, 10, 7, 9], [8, 15, 9, 16], [10, 18, 11, 17], [12, 1, 13, 2], [14, 22, 15, 21]]"
12a_0261_55,"[[14, 22, 15, 21], [16, 7, 17, 8], [18, 23, 19, 24], [20, 14, 21, 13], [22, 5, 23, 6], [24, 4, 1, 3], [2, 11, 3, 12], [4, 19, 5, 20], [6, 10, 7, 9], [8, 15, 9, 16], [10, 18, 11, 17], [12, 1, 13, 2]]"
12a_0261_56,"[[12, 1, 13, 2], [14, 22, 15, 21], [16, 7, 17, 8], [18, 23, 19, 24], [20, 14, 21, 13], [22, 5, 23, 6], [24, 4, 1, 3], [2, 11, 3, 12], [4, 19, 5, 20], [6, 10, 7, 9], [8, 15, 9, 16], [10, 18, 11, 17]]"
12a_0261_57,"[[10, 18, 11, 17], [12, 1, 13, 2], [14, 22, 15, 21], [16, 7, 17, 8], [18, 23, 19, 24], [20, 14, 21, 13], [22, 5, 23, 6], [24, 4, 1, 3], [2, 11, 3, 12], [4, 19, 5, 20], [6, 10, 7, 9], [8, 15, 9, 16]]"
12a_0261_58,"[[8, 15, 9, 16], [10, 18, 11, 17], [12, 1, 13, 2], [14, 22, 15, 21], [16, 7, 17, 8], [18, 23, 19, 24], [20, 14, 21, 13], [22, 5, 23, 6], [24, 4, 1, 3], [2, 11, 3, 12], [4, 19, 5, 20], [6, 10, 7, 9]]"
12a_0261_59,"[[6, 10, 7, 9], [8, 15, 9, 16], [10, 18, 11, 17], [12, 1, 13, 2], [14, 22, 15, 21], [16, 7, 17, 8], [18, 23, 19, 24], [20, 14, 21, 13], [22, 5, 23, 6], [24, 4, 1, 3], [2, 11, 3, 12], [4, 19, 5, 20]]"
12a_0261_60,"[[5, 20, 6, 21], [7, 11, 8, 10], [9, 16, 10, 17], [11, 19, 12, 18], [13, 2, 14, 3], [15, 23, 16, 22], [17, 8, 18, 9], [19, 24, 20, 1], [21, 15, 22, 14], [23, 6, 24, 7], [1, 5, 2, 4], [3, 12, 4, 13]]"
12a_0261_61,"[[3, 12, 4, 13], [5, 20, 6, 21], [7, 11, 8, 10], [9, 16, 10, 17], [11, 19, 12, 18], [13, 2, 14, 3], [15, 23, 16, 22], [17, 8, 18, 9], [19, 24, 20, 1], [21, 15, 22, 14], [23, 6, 24, 7], [1, 5, 2, 4]]"
12a_0261_62,"[[1, 5, 2, 4], [3, 12, 4, 13], [5, 20, 6, 21], [7, 11, 8, 10], [9, 16, 10, 17], [11, 19, 12, 18], [13, 2, 14, 3], [15, 23, 16, 22], [17, 8, 18, 9], [19, 24, 20, 1], [21, 15, 22, 14], [23, 6, 24, 7]]"
12a_0261_63,"[[23, 6, 24, 7], [1, 5, 2, 4], [3, 12, 4, 13], [5, 20, 6, 21], [7, 11, 8, 10], [9, 16, 10, 17], [11, 19, 12, 18], [13, 2, 14, 3], [15, 23, 16, 22], [17, 8, 18, 9], [19, 24, 20, 1], [21, 15, 22, 14]]"
12a_0261_64,"[[21, 15, 22, 14], [23, 6, 24, 7], [1, 5, 2, 4], [3, 12, 4, 13], [5, 20, 6, 21], [7, 11, 8, 10], [9, 16, 10, 17], [11, 19, 12, 18], [13, 2, 14, 3], [15, 23, 16, 22], [17, 8, 18, 9], [19, 24, 20, 1]]"
12a_0261_65,"[[19, 24, 20, 1], [21, 15, 22, 14], [23, 6, 24, 7], [1, 5, 2, 4], [3, 12, 4, 13], [5, 20, 6, 21], [7, 11, 8, 10], [9, 16, 10, 17], [11, 19, 12, 18], [13, 2, 14, 3], [15, 23, 16, 22], [17, 8, 18, 9]]"
12a_0261_66,"[[17, 8, 18, 9], [19, 24, 20, 1], [21, 15, 22, 14], [23, 6, 24, 7], [1, 5, 2, 4], [3, 12, 4, 13], [5, 20, 6, 21], [7, 11, 8, 10], [9, 16, 10, 17], [11, 19, 12, 18], [13, 2, 14, 3], [15, 23, 16, 22]]"
12a_0261_67,"[[15, 23, 16, 22], [17, 8, 18, 9], [19, 24, 20, 1], [21, 15, 22, 14], [23, 6, 24, 7], [1, 5, 2, 4], [3, 12, 4, 13], [5, 20, 6, 21], [7, 11, 8, 10], [9, 16, 10, 17], [11, 19, 12, 18], [13, 2, 14, 3]]"
12a_0261_68,"[[13, 2, 14, 3], [15, 23, 16, 22], [17, 8, 18, 9], [19, 24, 20, 1], [21, 15, 22, 14], [23, 6, 24, 7], [1, 5, 2, 4], [3, 12, 4, 13], [5, 20, 6, 21], [7, 11, 8, 10], [9, 16, 10, 17], [11, 19, 12, 18]]"
12a_0261_69,"[[11, 19, 12, 18], [13, 2, 14, 3], [15, 23, 16, 22], [17, 8, 18, 9], [19, 24, 20, 1], [21, 15, 22, 14], [23, 6, 24, 7], [1, 5, 2, 4], [3, 12, 4, 13], [5, 20, 6, 21], [7, 11, 8, 10], [9, 16, 10, 17]]"
12a_0261_70,"[[9, 16, 10, 17], [11, 19, 12, 18], [13, 2, 14, 3], [15, 23, 16, 22], [17, 8, 18, 9], [19, 24, 20, 1], [21, 15, 22, 14], [23, 6, 24, 7], [1, 5, 2, 4], [3, 12, 4, 13], [5, 20, 6, 21], [7, 11, 8, 10]]"
12a_0261_71,"[[7, 11, 8, 10], [9, 16, 10, 17], [11, 19, 12, 18], [13, 2, 14, 3], [15, 23, 16, 22], [17, 8, 18, 9], [19, 24, 20, 1], [21, 15, 22, 14], [23, 6, 24, 7], [1, 5, 2, 4], [3, 12, 4, 13], [5, 20, 6, 21]]"
12a_0261_72,"[[6, 21, 7, 22], [8, 12, 9, 11], [10, 17, 11, 18], [12, 20, 13, 19], [14, 3, 15, 4], [16, 24, 17, 23], [18, 9, 19, 10], [20, 1, 21, 2], [22, 16, 23, 15], [24, 7, 1, 8], [2, 6, 3, 5], [4, 13, 5, 14]]"
12a_0261_73,"[[4, 13, 5, 14], [6, 21, 7, 22], [8, 12, 9, 11], [10, 17, 11, 18], [12, 20, 13, 19], [14, 3, 15, 4], [16, 24, 17, 23], [18, 9, 19, 10], [20, 1, 21, 2], [22, 16, 23, 15], [24, 7, 1, 8], [2, 6, 3, 5]]"
12a_0261_74,"[[2, 6, 3, 5], [4, 13, 5, 14], [6, 21, 7, 22], [8, 12, 9, 11], [10, 17, 11, 18], [12, 20, 13, 19], [14, 3, 15, 4], [16, 24, 17, 23], [18, 9, 19, 10], [20, 1, 21, 2], [22, 16, 23, 15], [24, 7, 1, 8]]"
12a_0261_75,"[[24, 7, 1, 8], [2, 6, 3, 5], [4, 13, 5, 14], [6, 21, 7, 22], [8, 12, 9, 11], [10, 17, 11, 18], [12, 20, 13, 19], [14, 3, 15, 4], [16, 24, 17, 23], [18, 9, 19, 10], [20, 1, 21, 2], [22, 16, 23, 15]]"
12a_0261_76,"[[22, 16, 23, 15], [24, 7, 1, 8], [2, 6, 3, 5], [4, 13, 5, 14], [6, 21, 7, 22], [8, 12, 9, 11], [10, 17, 11, 18], [12, 20, 13, 19], [14, 3, 15, 4], [16, 24, 17, 23], [18, 9, 19, 10], [20, 1, 21, 2]]"
12a_0261_77,"[[20, 1, 21, 2], [22, 16, 23, 15], [24, 7, 1, 8], [2, 6, 3, 5], [4, 13, 5, 14], [6, 21, 7, 22], [8, 12, 9, 11], [10, 17, 11, 18], [12, 20, 13, 19], [14, 3, 15, 4], [16, 24, 17, 23], [18, 9, 19, 10]]"
12a_0261_78,"[[18, 9, 19, 10], [20, 1, 21, 2], [22, 16, 23, 15], [24, 7, 1, 8], [2, 6, 3, 5], [4, 13, 5, 14], [6, 21, 7, 22], [8, 12, 9, 11], [10, 17, 11, 18], [12, 20, 13, 19], [14, 3, 15, 4], [16, 24, 17, 23]]"
12a_0261_79,"[[16, 24, 17, 23], [18, 9, 19, 10], [20, 1, 21, 2], [22, 16, 23, 15], [24, 7, 1, 8], [2, 6, 3, 5], [4, 13, 5, 14], [6, 21, 7, 22], [8, 12, 9, 11], [10, 17, 11, 18], [12, 20, 13, 19], [14, 3, 15, 4]]"
12a_0261_80,"[[14, 3, 15, 4], [16, 24, 17, 23], [18, 9, 19, 10], [20, 1, 21, 2], [22, 16, 23, 15], [24, 7, 1, 8], [2, 6, 3, 5], [4, 13, 5, 14], [6, 21, 7, 22], [8, 12, 9, 11], [10, 17, 11, 18], [12, 20, 13, 19]]"
12a_0261_81,"[[12, 20, 13, 19], [14, 3, 15, 4], [16, 24, 17, 23], [18, 9, 19, 10], [20, 1, 21, 2], [22, 16, 23, 15], [24, 7, 1, 8], [2, 6, 3, 5], [4, 13, 5, 14], [6, 21, 7, 22], [8, 12, 9, 11], [10, 17, 11, 18]]"
12a_0261_82,"[[10, 17, 11, 18], [12, 20, 13, 19], [14, 3, 15, 4], [16, 24, 17, 23], [18, 9, 19, 10], [20, 1, 21, 2], [22, 16, 23, 15], [24, 7, 1, 8], [2, 6, 3, 5], [4, 13, 5, 14], [6, 21, 7, 22], [8, 12, 9, 11]]"
12a_0261_83,"[[8, 12, 9, 11], [10, 17, 11, 18], [12, 20, 13, 19], [14, 3, 15, 4], [16, 24, 17, 23], [18, 9, 19, 10], [20, 1, 21, 2], [22, 16, 23, 15], [24, 7, 1, 8], [2, 6, 3, 5], [4, 13, 5, 14], [6, 21, 7, 22]]"
12a_0261_84,"[[7, 22, 8, 23], [9, 13, 10, 12], [11, 18, 12, 19], [13, 21, 14, 20], [15, 4, 16, 5], [17, 1, 18, 24], [19, 10, 20, 11], [21, 2, 22, 3], [23, 17, 24, 16], [1, 8, 2, 9], [3, 7, 4, 6], [5, 14, 6, 15]]"
12a_0261_85,"[[5, 14, 6, 15], [7, 22, 8, 23], [9, 13, 10, 12], [11, 18, 12, 19], [13, 21, 14, 20], [15, 4, 16, 5], [17, 1, 18, 24], [19, 10, 20, 11], [21, 2, 22, 3], [23, 17, 24, 16], [1, 8, 2, 9], [3, 7, 4, 6]]"
12a_0261_86,"[[3, 7, 4, 6], [5, 14, 6, 15], [7, 22, 8, 23], [9, 13, 10, 12], [11, 18, 12, 19], [13, 21, 14, 20], [15, 4, 16, 5], [17, 1, 18, 24], [19, 10, 20, 11], [21, 2, 22, 3], [23, 17, 24, 16], [1, 8, 2, 9]]"
12a_0261_87,"[[1, 8, 2, 9], [3, 7, 4, 6], [5, 14, 6, 15], [7, 22, 8, 23], [9, 13, 10, 12], [11, 18, 12, 19], [13, 21, 14, 20], [15, 4, 16, 5], [17, 1, 18, 24], [19, 10, 20, 11], [21, 2, 22, 3], [23, 17, 24, 16]]"
12a_0261_88,"[[23, 17, 24, 16], [1, 8, 2, 9], [3, 7, 4, 6], [5, 14, 6, 15], [7, 22, 8, 23], [9, 13, 10, 12], [11, 18, 12, 19], [13, 21, 14, 20], [15, 4, 16, 5], [17, 1, 18, 24], [19, 10, 20, 11], [21, 2, 22, 3]]"
12a_0261_89,"[[21, 2, 22, 3], [23, 17, 24, 16], [1, 8, 2, 9], [3, 7, 4, 6], [5, 14, 6, 15], [7, 22, 8, 23], [9, 13, 10, 12], [11, 18, 12, 19], [13, 21, 14, 20], [15, 4, 16, 5], [17, 1, 18, 24], [19, 10, 20, 11]]"
12a_0261_90,"[[19, 10, 20, 11], [21, 2, 22, 3], [23, 17, 24, 16], [1, 8, 2, 9], [3, 7, 4, 6], [5, 14, 6, 15], [7, 22, 8, 23], [9, 13, 10, 12], [11, 18, 12, 19], [13, 21, 14, 20], [15, 4, 16, 5], [17, 1, 18, 24]]"
12a_0261_91,"[[17, 1, 18, 24], [19, 10, 20, 11], [21, 2, 22, 3], [23, 17, 24, 16], [1, 8, 2, 9], [3, 7, 4, 6], [5, 14, 6, 15], [7, 22, 8, 23], [9, 13, 10, 12], [11, 18, 12, 19], [13, 21, 14, 20], [15, 4, 16, 5]]"
12a_0261_92,"[[15, 4, 16, 5], [17, 1, 18, 24], [19, 10, 20, 11], [21, 2, 22, 3], [23, 17, 24, 16], [1, 8, 2, 9], [3, 7, 4, 6], [5, 14, 6, 15], [7, 22, 8, 23], [9, 13, 10, 12], [11, 18, 12, 19], [13, 21, 14, 20]]"
12a_0261_93,"[[13, 21, 14, 20], [15, 4, 16, 5], [17, 1, 18, 24], [19, 10, 20, 11], [21, 2, 22, 3], [23, 17, 24, 16], [1, 8, 2, 9], [3, 7, 4, 6], [5, 14, 6, 15], [7, 22, 8, 23], [9, 13, 10, 12], [11, 18, 12, 19]]"
12a_0261_94,"[[11, 18, 12, 19], [13, 21, 14, 20], [15, 4, 16, 5], [17, 1, 18, 24], [19, 10, 20, 11], [21, 2, 22, 3], [23, 17, 24, 16], [1, 8, 2, 9], [3, 7, 4, 6], [5, 14, 6, 15], [7, 22, 8, 23], [9, 13, 10, 12]]"
12a_0261_95,"[[9, 13, 10, 12], [11, 18, 12, 19], [13, 21, 14, 20], [15, 4, 16, 5], [17, 1, 18, 24], [19, 10, 20, 11], [21, 2, 22, 3], [23, 17, 24, 16], [1, 8, 2, 9], [3, 7, 4, 6], [5, 14, 6, 15], [7, 22, 8, 23]]"
12a_0261_96,"[[8, 23, 9, 24], [10, 14, 11, 13], [12, 19, 13, 20], [14, 22, 15, 21], [16, 5, 17, 6], [18, 2, 19, 1], [20, 11, 21, 12], [22, 3, 23, 4], [24, 18, 1, 17], [2, 9, 3, 10], [4, 8, 5, 7], [6, 15, 7, 16]]"
12a_0261_97,"[[6, 15, 7, 16], [8, 23, 9, 24], [10, 14, 11, 13], [12, 19, 13, 20], [14, 22, 15, 21], [16, 5, 17, 6], [18, 2, 19, 1], [20, 11, 21, 12], [22, 3, 23, 4], [24, 18, 1, 17], [2, 9, 3, 10], [4, 8, 5, 7]]"
12a_0261_98,"[[4, 8, 5, 7], [6, 15, 7, 16], [8, 23, 9, 24], [10, 14, 11, 13], [12, 19, 13, 20], [14, 22, 15, 21], [16, 5, 17, 6], [18, 2, 19, 1], [20, 11, 21, 12], [22, 3, 23, 4], [24, 18, 1, 17], [2, 9, 3, 10]]"
12a_0261_99,"[[2, 9, 3, 10], [4, 8, 5, 7], [6, 15, 7, 16], [8, 23, 9, 24], [10, 14, 11, 13], [12, 19, 13, 20], [14, 22, 15, 21], [16, 5, 17, 6], [18, 2, 19, 1], [20, 11, 21, 12], [22, 3, 23, 4], [24, 18, 1, 17]]"
12a_0261_100,"[[24, 18, 1, 17], [2, 9, 3, 10], [4, 8, 5, 7], [6, 15, 7, 16], [8, 23, 9, 24], [10, 14, 11, 13], [12, 19, 13, 20], [14, 22, 15, 21], [16, 5, 17, 6], [18, 2, 19, 1], [20, 11, 21, 12], [22, 3, 23, 4]]"
12a_0261_101,"[[22, 3, 23, 4], [24, 18, 1, 17], [2, 9, 3, 10], [4, 8, 5, 7], [6, 15, 7, 16], [8, 23, 9, 24], [10, 14, 11, 13], [12, 19, 13, 20], [14, 22, 15, 21], [16, 5, 17, 6], [18, 2, 19, 1], [20, 11, 21, 12]]"
12a_0261_102,"[[20, 11, 21, 12], [22, 3, 23, 4], [24, 18, 1, 17], [2, 9, 3, 10], [4, 8, 5, 7], [6, 15, 7, 16], [8, 23, 9, 24], [10, 14, 11, 13], [12, 19, 13, 20], [14, 22, 15, 21], [16, 5, 17, 6], [18, 2, 19, 1]]"
12a_0261_103,"[[18, 2, 19, 1], [20, 11, 21, 12], [22, 3, 23, 4], [24, 18, 1, 17], [2, 9, 3, 10], [4, 8, 5, 7], [6, 15, 7, 16], [8, 23, 9, 24], [10, 14, 11, 13], [12, 19, 13, 20], [14, 22, 15, 21], [16, 5, 17, 6]]"
12a_0261_104,"[[16, 5, 17, 6], [18, 2, 19, 1], [20, 11, 21, 12], [22, 3, 23, 4], [24, 18, 1, 17], [2, 9, 3, 10], [4, 8, 5, 7], [6, 15, 7, 16], [8, 23, 9, 24], [10, 14, 11, 13], [12, 19, 13, 20], [14, 22, 15, 21]]"
12a_0261_105,"[[14, 22, 15, 21], [16, 5, 17, 6], [18, 2, 19, 1], [20, 11, 21, 12], [22, 3, 23, 4], [24, 18, 1, 17], [2, 9, 3, 10], [4, 8, 5, 7], [6, 15, 7, 16], [8, 23, 9, 24], [10, 14, 11, 13], [12, 19, 13, 20]]"
12a_0261_106,"[[12, 19, 13, 20], [14, 22, 15, 21], [16, 5, 17, 6], [18, 2, 19, 1], [20, 11, 21, 12], [22, 3, 23, 4], [24, 18, 1, 17], [2, 9, 3, 10], [4, 8, 5, 7], [6, 15, 7, 16], [8, 23, 9, 24], [10, 14, 11, 13]]"
12a_0261_107,"[[10, 14, 11, 13], [12, 19, 13, 20], [14, 22, 15, 21], [16, 5, 17, 6], [18, 2, 19, 1], [20, 11, 21, 12], [22, 3, 23, 4], [24, 18, 1, 17], [2, 9, 3, 10], [4, 8, 5, 7], [6, 15, 7, 16], [8, 23, 9, 24]]"
12a_0261_108,"[[9, 24, 10, 1], [11, 15, 12, 14], [13, 20, 14, 21], [15, 23, 16, 22], [17, 6, 18, 7], [19, 3, 20, 2], [21, 12, 22, 13], [23, 4, 24, 5], [1, 19, 2, 18], [3, 10, 4, 11], [5, 9, 6, 8], [7, 16, 8, 17]]"
12a_0261_109,"[[7, 16, 8, 17], [9, 24, 10, 1], [11, 15, 12, 14], [13, 20, 14, 21], [15, 23, 16, 22], [17, 6, 18, 7], [19, 3, 20, 2], [21, 12, 22, 13], [23, 4, 24, 5], [1, 19, 2, 18], [3, 10, 4, 11], [5, 9, 6, 8]]"
12a_0261_110,"[[5, 9, 6, 8], [7, 16, 8, 17], [9, 24, 10, 1], [11, 15, 12, 14], [13, 20, 14, 21], [15, 23, 16, 22], [17, 6, 18, 7], [19, 3, 20, 2], [21, 12, 22, 13], [23, 4, 24, 5], [1, 19, 2, 18], [3, 10, 4, 11]]"
12a_0261_111,"[[3, 10, 4, 11], [5, 9, 6, 8], [7, 16, 8, 17], [9, 24, 10, 1], [11, 15, 12, 14], [13, 20, 14, 21], [15, 23, 16, 22], [17, 6, 18, 7], [19, 3, 20, 2], [21, 12, 22, 13], [23, 4, 24, 5], [1, 19, 2, 18]]"
12a_0261_112,"[[1, 19, 2, 18], [3, 10, 4, 11], [5, 9, 6, 8], [7, 16, 8, 17], [9, 24, 10, 1], [11, 15, 12, 14], [13, 20, 14, 21], [15, 23, 16, 22], [17, 6, 18, 7], [19, 3, 20, 2], [21, 12, 22, 13], [23, 4, 24, 5]]"
12a_0261_113,"[[23, 4, 24, 5], [1, 19, 2, 18], [3, 10, 4, 11], [5, 9, 6, 8], [7, 16, 8, 17], [9, 24, 10, 1], [11, 15, 12, 14], [13, 20, 14, 21], [15, 23, 16, 22], [17, 6, 18, 7], [19, 3, 20, 2], [21, 12, 22, 13]]"
12a_0261_114,"[[21, 12, 22, 13], [23, 4, 24, 5], [1, 19, 2, 18], [3, 10, 4, 11], [5, 9, 6, 8], [7, 16, 8, 17], [9, 24, 10, 1], [11, 15, 12, 14], [13, 20, 14, 21], [15, 23, 16, 22], [17, 6, 18, 7], [19, 3, 20, 2]]"
12a_0261_115,"[[19, 3, 20, 2], [21, 12, 22, 13], [23, 4, 24, 5], [1, 19, 2, 18], [3, 10, 4, 11], [5, 9, 6, 8], [7, 16, 8, 17], [9, 24, 10, 1], [11, 15, 12, 14], [13, 20, 14, 21], [15, 23, 16, 22], [17, 6, 18, 7]]"
12a_0261_116,"[[17, 6, 18, 7], [19, 3, 20, 2], [21, 12, 22, 13], [23, 4, 24, 5], [1, 19, 2, 18], [3, 10, 4, 11], [5, 9, 6, 8], [7, 16, 8, 17], [9, 24, 10, 1], [11, 15, 12, 14], [13, 20, 14, 21], [15, 23, 16, 22]]"
12a_0261_117,"[[15, 23, 16, 22], [17, 6, 18, 7], [19, 3, 20, 2], [21, 12, 22, 13], [23, 4, 24, 5], [1, 19, 2, 18], [3, 10, 4, 11], [5, 9, 6, 8], [7, 16, 8, 17], [9, 24, 10, 1], [11, 15, 12, 14], [13, 20, 14, 21]]"
12a_0261_118,"[[13, 20, 14, 21], [15, 23, 16, 22], [17, 6, 18, 7], [19, 3, 20, 2], [21, 12, 22, 13], [23, 4, 24, 5], [1, 19, 2, 18], [3, 10, 4, 11], [5, 9, 6, 8], [7, 16, 8, 17], [9, 24, 10, 1], [11, 15, 12, 14]]"
12a_0261_119,"[[11, 15, 12, 14], [13, 20, 14, 21], [15, 23, 16, 22], [17, 6, 18, 7], [19, 3, 20, 2], [21, 12, 22, 13], [23, 4, 24, 5], [1, 19, 2, 18], [3, 10, 4, 11], [5, 9, 6, 8], [7, 16, 8, 17], [9, 24, 10, 1]]"
12a_0261_120,"[[10, 1, 11, 2], [12, 16, 13, 15], [14, 21, 15, 22], [16, 24, 17, 23], [18, 7, 19, 8], [20, 4, 21, 3], [22, 13, 23, 14], [24, 5, 1, 6], [2, 20, 3, 19], [4, 11, 5, 12], [6, 10, 7, 9], [8, 17, 9, 18]]"
12a_0261_121,"[[8, 17, 9, 18], [10, 1, 11, 2], [12, 16, 13, 15], [14, 21, 15, 22], [16, 24, 17, 23], [18, 7, 19, 8], [20, 4, 21, 3], [22, 13, 23, 14], [24, 5, 1, 6], [2, 20, 3, 19], [4, 11, 5, 12], [6, 10, 7, 9]]"
12a_0261_122,"[[6, 10, 7, 9], [8, 17, 9, 18], [10, 1, 11, 2], [12, 16, 13, 15], [14, 21, 15, 22], [16, 24, 17, 23], [18, 7, 19, 8], [20, 4, 21, 3], [22, 13, 23, 14], [24, 5, 1, 6], [2, 20, 3, 19], [4, 11, 5, 12]]"
12a_0261_123,"[[4, 11, 5, 12], [6, 10, 7, 9], [8, 17, 9, 18], [10, 1, 11, 2], [12, 16, 13, 15], [14, 21, 15, 22], [16, 24, 17, 23], [18, 7, 19, 8], [20, 4, 21, 3], [22, 13, 23, 14], [24, 5, 1, 6], [2, 20, 3, 19]]"
12a_0261_124,"[[2, 20, 3, 19], [4, 11, 5, 12], [6, 10, 7, 9], [8, 17, 9, 18], [10, 1, 11, 2], [12, 16, 13, 15], [14, 21, 15, 22], [16, 24, 17, 23], [18, 7, 19, 8], [20, 4, 21, 3], [22, 13, 23, 14], [24, 5, 1, 6]]"
12a_0261_125,"[[24, 5, 1, 6], [2, 20, 3, 19], [4, 11, 5, 12], [6, 10, 7, 9], [8, 17, 9, 18], [10, 1, 11, 2], [12, 16, 13, 15], [14, 21, 15, 22], [16, 24, 17, 23], [18, 7, 19, 8], [20, 4, 21, 3], [22, 13, 23, 14]]"
12a_0261_126,"[[22, 13, 23, 14], [24, 5, 1, 6], [2, 20, 3, 19], [4, 11, 5, 12], [6, 10, 7, 9], [8, 17, 9, 18], [10, 1, 11, 2], [12, 16, 13, 15], [14, 21, 15, 22], [16, 24, 17, 23], [18, 7, 19, 8], [20, 4, 21, 3]]"
12a_0261_127,"[[20, 4, 21, 3], [22, 13, 23, 14], [24, 5, 1, 6], [2, 20, 3, 19], [4, 11, 5, 12], [6, 10, 7, 9], [8, 17, 9, 18], [10, 1, 11, 2], [12, 16, 13, 15], [14, 21, 15, 22], [16, 24, 17, 23], [18, 7, 19, 8]]"
12a_0261_128,"[[18, 7, 19, 8], [20, 4, 21, 3], [22, 13, 23, 14], [24, 5, 1, 6], [2, 20, 3, 19], [4, 11, 5, 12], [6, 10, 7, 9], [8, 17, 9, 18], [10, 1, 11, 2], [12, 16, 13, 15], [14, 21, 15, 22], [16, 24, 17, 23]]"
12a_0261_129,"[[16, 24, 17, 23], [18, 7, 19, 8], [20, 4, 21, 3], [22, 13, 23, 14], [24, 5, 1, 6], [2, 20, 3, 19], [4, 11, 5, 12], [6, 10, 7, 9], [8, 17, 9, 18], [10, 1, 11, 2], [12, 16, 13, 15], [14, 21, 15, 22]]"
12a_0261_130,"[[14, 21, 15, 22], [16, 24, 17, 23], [18, 7, 19, 8], [20, 4, 21, 3], [22, 13, 23, 14], [24, 5, 1, 6], [2, 20, 3, 19], [4, 11, 5, 12], [6, 10, 7, 9], [8, 17, 9, 18], [10, 1, 11, 2], [12, 16, 13, 15]]"
12a_0261_131,"[[12, 16, 13, 15], [14, 21, 15, 22], [16, 24, 17, 23], [18, 7, 19, 8], [20, 4, 21, 3], [22, 13, 23, 14], [24, 5, 1, 6], [2, 20, 3, 19], [4, 11, 5, 12], [6, 10, 7, 9], [8, 17, 9, 18], [10, 1, 11, 2]]"
12a_0261_132,"[[11, 2, 12, 3], [13, 17, 14, 16], [15, 22, 16, 23], [17, 1, 18, 24], [19, 8, 20, 9], [21, 5, 22, 4], [23, 14, 24, 15], [1, 6, 2, 7], [3, 21, 4, 20], [5, 12, 6, 13], [7, 11, 8, 10], [9, 18, 10, 19]]"
12a_0261_133,"[[9, 18, 10, 19], [11, 2, 12, 3], [13, 17, 14, 16], [15, 22, 16, 23], [17, 1, 18, 24], [19, 8, 20, 9], [21, 5, 22, 4], [23, 14, 24, 15], [1, 6, 2, 7], [3, 21, 4, 20], [5, 12, 6, 13], [7, 11, 8, 10]]"
12a_0261_134,"[[7, 11, 8, 10], [9, 18, 10, 19], [11, 2, 12, 3], [13, 17, 14, 16], [15, 22, 16, 23], [17, 1, 18, 24], [19, 8, 20, 9], [21, 5, 22, 4], [23, 14, 24, 15], [1, 6, 2, 7], [3, 21, 4, 20], [5, 12, 6, 13]]"
12a_0261_135,"[[5, 12, 6, 13], [7, 11, 8, 10], [9, 18, 10, 19], [11, 2, 12, 3], [13, 17, 14, 16], [15, 22, 16, 23], [17, 1, 18, 24], [19, 8, 20, 9], [21, 5, 22, 4], [23, 14, 24, 15], [1, 6, 2, 7], [3, 21, 4, 20]]"
12a_0261_136,"[[3, 21, 4, 20], [5, 12, 6, 13], [7, 11, 8, 10], [9, 18, 10, 19], [11, 2, 12, 3], [13, 17, 14, 16], [15, 22, 16, 23], [17, 1, 18, 24], [19, 8, 20, 9], [21, 5, 22, 4], [23, 14, 24, 15], [1, 6, 2, 7]]"
12a_0261_137,"[[1, 6, 2, 7], [3, 21, 4, 20], [5, 12, 6, 13], [7, 11, 8, 10], [9, 18, 10, 19], [11, 2, 12, 3], [13, 17, 14, 16], [15, 22, 16, 23], [17, 1, 18, 24], [19, 8, 20, 9], [21, 5, 22, 4], [23, 14, 24, 15]]"
12a_0261_138,"[[23, 14, 24, 15], [1, 6, 2, 7], [3, 21, 4, 20], [5, 12, 6, 13], [7, 11, 8, 10], [9, 18, 10, 19], [11, 2, 12, 3], [13, 17, 14, 16], [15, 22, 16, 23], [17, 1, 18, 24], [19, 8, 20, 9], [21, 5, 22, 4]]"
12a_0261_139,"[[21, 5, 22, 4], [23, 14, 24, 15], [1, 6, 2, 7], [3, 21, 4, 20], [5, 12, 6, 13], [7, 11, 8, 10], [9, 18, 10, 19], [11, 2, 12, 3], [13, 17, 14, 16], [15, 22, 16, 23], [17, 1, 18, 24], [19, 8, 20, 9]]"
12a_0261_140,"[[19, 8, 20, 9], [21, 5, 22, 4], [23, 14, 24, 15], [1, 6, 2, 7], [3, 21, 4, 20], [5, 12, 6, 13], [7, 11, 8, 10], [9, 18, 10, 19], [11, 2, 12, 3], [13, 17, 14, 16], [15, 22, 16, 23], [17, 1, 18, 24]]"
12a_0261_141,"[[17, 1, 18, 24], [19, 8, 20, 9], [21, 5, 22, 4], [23, 14, 24, 15], [1, 6, 2, 7], [3, 21, 4, 20], [5, 12, 6, 13], [7, 11, 8, 10], [9, 18, 10, 19], [11, 2, 12, 3], [13, 17, 14, 16], [15, 22, 16, 23]]"
12a_0261_142,"[[15, 22, 16, 23], [17, 1, 18, 24], [19, 8, 20, 9], [21, 5, 22, 4], [23, 14, 24, 15], [1, 6, 2, 7], [3, 21, 4, 20], [5, 12, 6, 13], [7, 11, 8, 10], [9, 18, 10, 19], [11, 2, 12, 3], [13, 17, 14, 16]]"
12a_0261_143,"[[13, 17, 14, 16], [15, 22, 16, 23], [17, 1, 18, 24], [19, 8, 20, 9], [21, 5, 22, 4], [23, 14, 24, 15], [1, 6, 2, 7], [3, 21, 4, 20], [5, 12, 6, 13], [7, 11, 8, 10], [9, 18, 10, 19], [11, 2, 12, 3]]"
12a_0261_144,"[[12, 3, 13, 4], [14, 18, 15, 17], [16, 23, 17, 24], [18, 2, 19, 1], [20, 9, 21, 10], [22, 6, 23, 5], [24, 15, 1, 16], [2, 7, 3, 8], [4, 22, 5, 21], [6, 13, 7, 14], [8, 12, 9, 11], [10, 19, 11, 20]]"
12a_0261_145,"[[10, 19, 11, 20], [12, 3, 13, 4], [14, 18, 15, 17], [16, 23, 17, 24], [18, 2, 19, 1], [20, 9, 21, 10], [22, 6, 23, 5], [24, 15, 1, 16], [2, 7, 3, 8], [4, 22, 5, 21], [6, 13, 7, 14], [8, 12, 9, 11]]"
12a_0261_146,"[[8, 12, 9, 11], [10, 19, 11, 20], [12, 3, 13, 4], [14, 18, 15, 17], [16, 23, 17, 24], [18, 2, 19, 1], [20, 9, 21, 10], [22, 6, 23, 5], [24, 15, 1, 16], [2, 7, 3, 8], [4, 22, 5, 21], [6, 13, 7, 14]]"
12a_0261_147,"[[6, 13, 7, 14], [8, 12, 9, 11], [10, 19, 11, 20], [12, 3, 13, 4], [14, 18, 15, 17], [16, 23, 17, 24], [18, 2, 19, 1], [20, 9, 21, 10], [22, 6, 23, 5], [24, 15, 1, 16], [2, 7, 3, 8], [4, 22, 5, 21]]"
12a_0261_148,"[[4, 22, 5, 21], [6, 13, 7, 14], [8, 12, 9, 11], [10, 19, 11, 20], [12, 3, 13, 4], [14, 18, 15, 17], [16, 23, 17, 24], [18, 2, 19, 1], [20, 9, 21, 10], [22, 6, 23, 5], [24, 15, 1, 16], [2, 7, 3, 8]]"
12a_0261_149,"[[2, 7, 3, 8], [4, 22, 5, 21], [6, 13, 7, 14], [8, 12, 9, 11], [10, 19, 11, 20], [12, 3, 13, 4], [14, 18, 15, 17], [16, 23, 17, 24], [18, 2, 19, 1], [20, 9, 21, 10], [22, 6, 23, 5], [24, 15, 1, 16]]"
12a_0261_150,"[[24, 15, 1, 16], [2, 7, 3, 8], [4, 22, 5, 21], [6, 13, 7, 14], [8, 12, 9, 11], [10, 19, 11, 20], [12, 3, 13, 4], [14, 18, 15, 17], [16, 23, 17, 24], [18, 2, 19, 1], [20, 9, 21, 10], [22, 6, 23, 5]]"
12a_0261_151,"[[22, 6, 23, 5], [24, 15, 1, 16], [2, 7, 3, 8], [4, 22, 5, 21], [6, 13, 7, 14], [8, 12, 9, 11], [10, 19, 11, 20], [12, 3, 13, 4], [14, 18, 15, 17], [16, 23, 17, 24], [18, 2, 19, 1], [20, 9, 21, 10]]"
12a_0261_152,"[[20, 9, 21, 10], [22, 6, 23, 5], [24, 15, 1, 16], [2, 7, 3, 8], [4, 22, 5, 21], [6, 13, 7, 14], [8, 12, 9, 11], [10, 19, 11, 20], [12, 3, 13, 4], [14, 18, 15, 17], [16, 23, 17, 24], [18, 2, 19, 1]]"
12a_0261_153,"[[18, 2, 19, 1], [20, 9, 21, 10], [22, 6, 23, 5], [24, 15, 1, 16], [2, 7, 3, 8], [4, 22, 5, 21], [6, 13, 7, 14], [8, 12, 9, 11], [10, 19, 11, 20], [12, 3, 13, 4], [14, 18, 15, 17], [16, 23, 17, 24]]"
12a_0261_154,"[[16, 23, 17, 24], [18, 2, 19, 1], [20, 9, 21, 10], [22, 6, 23, 5], [24, 15, 1, 16], [2, 7, 3, 8], [4, 22, 5, 21], [6, 13, 7, 14], [8, 12, 9, 11], [10, 19, 11, 20], [12, 3, 13, 4], [14, 18, 15, 17]]"
12a_0261_155,"[[14, 18, 15, 17], [16, 23, 17, 24], [18, 2, 19, 1], [20, 9, 21, 10], [22, 6, 23, 5], [24, 15, 1, 16], [2, 7, 3, 8], [4, 22, 5, 21], [6, 13, 7, 14], [8, 12, 9, 11], [10, 19, 11, 20], [12, 3, 13, 4]]"
12a_0261_156,"[[13, 4, 14, 5], [15, 19, 16, 18], [17, 24, 18, 1], [19, 3, 20, 2], [21, 10, 22, 11], [23, 7, 24, 6], [1, 16, 2, 17], [3, 8, 4, 9], [5, 23, 6, 22], [7, 14, 8, 15], [9, 13, 10, 12], [11, 20, 12, 21]]"
12a_0261_157,"[[11, 20, 12, 21], [13, 4, 14, 5], [15, 19, 16, 18], [17, 24, 18, 1], [19, 3, 20, 2], [21, 10, 22, 11], [23, 7, 24, 6], [1, 16, 2, 17], [3, 8, 4, 9], [5, 23, 6, 22], [7, 14, 8, 15], [9, 13, 10, 12]]"
12a_0261_158,"[[9, 13, 10, 12], [11, 20, 12, 21], [13, 4, 14, 5], [15, 19, 16, 18], [17, 24, 18, 1], [19, 3, 20, 2], [21, 10, 22, 11], [23, 7, 24, 6], [1, 16, 2, 17], [3, 8, 4, 9], [5, 23, 6, 22], [7, 14, 8, 15]]"
12a_0261_159,"[[7, 14, 8, 15], [9, 13, 10, 12], [11, 20, 12, 21], [13, 4, 14, 5], [15, 19, 16, 18], [17, 24, 18, 1], [19, 3, 20, 2], [21, 10, 22, 11], [23, 7, 24, 6], [1, 16, 2, 17], [3, 8, 4, 9], [5, 23, 6, 22]]"
12a_0261_160,"[[5, 23, 6, 22], [7, 14, 8, 15], [9, 13, 10, 12], [11, 20, 12, 21], [13, 4, 14, 5], [15, 19, 16, 18], [17, 24, 18, 1], [19, 3, 20, 2], [21, 10, 22, 11], [23, 7, 24, 6], [1, 16, 2, 17], [3, 8, 4, 9]]"
12a_0261_161,"[[3, 8, 4, 9], [5, 23, 6, 22], [7, 14, 8, 15], [9, 13, 10, 12], [11, 20, 12, 21], [13, 4, 14, 5], [15, 19, 16, 18], [17, 24, 18, 1], [19, 3, 20, 2], [21, 10, 22, 11], [23, 7, 24, 6], [1, 16, 2, 17]]"
12a_0261_162,"[[1, 16, 2, 17], [3, 8, 4, 9], [5, 23, 6, 22], [7, 14, 8, 15], [9, 13, 10, 12], [11, 20, 12, 21], [13, 4, 14, 5], [15, 19, 16, 18], [17, 24, 18, 1], [19, 3, 20, 2], [21, 10, 22, 11], [23, 7, 24, 6]]"
12a_0261_163,"[[23, 7, 24, 6], [1, 16, 2, 17], [3, 8, 4, 9], [5, 23, 6, 22], [7, 14, 8, 15], [9, 13, 10, 12], [11, 20, 12, 21], [13, 4, 14, 5], [15, 19, 16, 18], [17, 24, 18, 1], [19, 3, 20, 2], [21, 10, 22, 11]]"
12a_0261_164,"[[21, 10, 22, 11], [23, 7, 24, 6], [1, 16, 2, 17], [3, 8, 4, 9], [5, 23, 6, 22], [7, 14, 8, 15], [9, 13, 10, 12], [11, 20, 12, 21], [13, 4, 14, 5], [15, 19, 16, 18], [17, 24, 18, 1], [19, 3, 20, 2]]"
12a_0261_165,"[[19, 3, 20, 2], [21, 10, 22, 11], [23, 7, 24, 6], [1, 16, 2, 17], [3, 8, 4, 9], [5, 23, 6, 22], [7, 14, 8, 15], [9, 13, 10, 12], [11, 20, 12, 21], [13, 4, 14, 5], [15, 19, 16, 18], [17, 24, 18, 1]]"
12a_0261_166,"[[17, 24, 18, 1], [19, 3, 20, 2], [21, 10, 22, 11], [23, 7, 24, 6], [1, 16, 2, 17], [3, 8, 4, 9], [5, 23, 6, 22], [7, 14, 8, 15], [9, 13, 10, 12], [11, 20, 12, 21], [13, 4, 14, 5], [15, 19, 16, 18]]"
12a_0261_167,"[[15, 19, 16, 18], [17, 24, 18, 1], [19, 3, 20, 2], [21, 10, 22, 11], [23, 7, 24, 6], [1, 16, 2, 17], [3, 8, 4, 9], [5, 23, 6, 22], [7, 14, 8, 15], [9, 13, 10, 12], [11, 20, 12, 21], [13, 4, 14, 5]]"
12a_0261_168,"[[14, 5, 15, 6], [16, 20, 17, 19], [18, 1, 19, 2], [20, 4, 21, 3], [22, 11, 23, 12], [24, 8, 1, 7], [2, 17, 3, 18], [4, 9, 5, 10], [6, 24, 7, 23], [8, 15, 9, 16], [10, 14, 11, 13], [12, 21, 13, 22]]"
12a_0261_169,"[[12, 21, 13, 22], [14, 5, 15, 6], [16, 20, 17, 19], [18, 1, 19, 2], [20, 4, 21, 3], [22, 11, 23, 12], [24, 8, 1, 7], [2, 17, 3, 18], [4, 9, 5, 10], [6, 24, 7, 23], [8, 15, 9, 16], [10, 14, 11, 13]]"
12a_0261_170,"[[10, 14, 11, 13], [12, 21, 13, 22], [14, 5, 15, 6], [16, 20, 17, 19], [18, 1, 19, 2], [20, 4, 21, 3], [22, 11, 23, 12], [24, 8, 1, 7], [2, 17, 3, 18], [4, 9, 5, 10], [6, 24, 7, 23], [8, 15, 9, 16]]"
12a_0261_171,"[[8, 15, 9, 16], [10, 14, 11, 13], [12, 21, 13, 22], [14, 5, 15, 6], [16, 20, 17, 19], [18, 1, 19, 2], [20, 4, 21, 3], [22, 11, 23, 12], [24, 8, 1, 7], [2, 17, 3, 18], [4, 9, 5, 10], [6, 24, 7, 23]]"
12a_0261_172,"[[6, 24, 7, 23], [8, 15, 9, 16], [10, 14, 11, 13], [12, 21, 13, 22], [14, 5, 15, 6], [16, 20, 17, 19], [18, 1, 19, 2], [20, 4, 21, 3], [22, 11, 23, 12], [24, 8, 1, 7], [2, 17, 3, 18], [4, 9, 5, 10]]"
12a_0261_173,"[[4, 9, 5, 10], [6, 24, 7, 23], [8, 15, 9, 16], [10, 14, 11, 13], [12, 21, 13, 22], [14, 5, 15, 6], [16, 20, 17, 19], [18, 1, 19, 2], [20, 4, 21, 3], [22, 11, 23, 12], [24, 8, 1, 7], [2, 17, 3, 18]]"
12a_0261_174,"[[2, 17, 3, 18], [4, 9, 5, 10], [6, 24, 7, 23], [8, 15, 9, 16], [10, 14, 11, 13], [12, 21, 13, 22], [14, 5, 15, 6], [16, 20, 17, 19], [18, 1, 19, 2], [20, 4, 21, 3], [22, 11, 23, 12], [24, 8, 1, 7]]"
12a_0261_175,"[[24, 8, 1, 7], [2, 17, 3, 18], [4, 9, 5, 10], [6, 24, 7, 23], [8, 15, 9, 16], [10, 14, 11, 13], [12, 21, 13, 22], [14, 5, 15, 6], [16, 20, 17, 19], [18, 1, 19, 2], [20, 4, 21, 3], [22, 11, 23, 12]]"
12a_0261_176,"[[22, 11, 23, 12], [24, 8, 1, 7], [2, 17, 3, 18], [4, 9, 5, 10], [6, 24, 7, 23], [8, 15, 9, 16], [10, 14, 11, 13], [12, 21, 13, 22], [14, 5, 15, 6], [16, 20, 17, 19], [18, 1, 19, 2], [20, 4, 21, 3]]"
12a_0261_177,"[[20, 4, 21, 3], [22, 11, 23, 12], [24, 8, 1, 7], [2, 17, 3, 18], [4, 9, 5, 10], [6, 24, 7, 23], [8, 15, 9, 16], [10, 14, 11, 13], [12, 21, 13, 22], [14, 5, 15, 6], [16, 20, 17, 19], [18, 1, 19, 2]]"
12a_0261_178,"[[18, 1, 19, 2], [20, 4, 21, 3], [22, 11, 23, 12], [24, 8, 1, 7], [2, 17, 3, 18], [4, 9, 5, 10], [6, 24, 7, 23], [8, 15, 9, 16], [10, 14, 11, 13], [12, 21, 13, 22], [14, 5, 15, 6], [16, 20, 17, 19]]"
12a_0261_179,"[[16, 20, 17, 19], [18, 1, 19, 2], [20, 4, 21, 3], [22, 11, 23, 12], [24, 8, 1, 7], [2, 17, 3, 18], [4, 9, 5, 10], [6, 24, 7, 23], [8, 15, 9, 16], [10, 14, 11, 13], [12, 21, 13, 22], [14, 5, 15, 6]]"
12a_0261_180,"[[15, 6, 16, 7], [17, 21, 18, 20], [19, 2, 20, 3], [21, 5, 22, 4], [23, 12, 24, 13], [1, 9, 2, 8], [3, 18, 4, 19], [5, 10, 6, 11], [7, 1, 8, 24], [9, 16, 10, 17], [11, 15, 12, 14], [13, 22, 14, 23]]"
12a_0261_181,"[[13, 22, 14, 23], [15, 6, 16, 7], [17, 21, 18, 20], [19, 2, 20, 3], [21, 5, 22, 4], [23, 12, 24, 13], [1, 9, 2, 8], [3, 18, 4, 19], [5, 10, 6, 11], [7, 1, 8, 24], [9, 16, 10, 17], [11, 15, 12, 14]]"
12a_0261_182,"[[11, 15, 12, 14], [13, 22, 14, 23], [15, 6, 16, 7], [17, 21, 18, 20], [19, 2, 20, 3], [21, 5, 22, 4], [23, 12, 24, 13], [1, 9, 2, 8], [3, 18, 4, 19], [5, 10, 6, 11], [7, 1, 8, 24], [9, 16, 10, 17]]"
12a_0261_183,"[[9, 16, 10, 17], [11, 15, 12, 14], [13, 22, 14, 23], [15, 6, 16, 7], [17, 21, 18, 20], [19, 2, 20, 3], [21, 5, 22, 4], [23, 12, 24, 13], [1, 9, 2, 8], [3, 18, 4, 19], [5, 10, 6, 11], [7, 1, 8, 24]]"
12a_0261_184,"[[7, 1, 8, 24], [9, 16, 10, 17], [11, 15, 12, 14], [13, 22, 14, 23], [15, 6, 16, 7], [17, 21, 18, 20], [19, 2, 20, 3], [21, 5, 22, 4], [23, 12, 24, 13], [1, 9, 2, 8], [3, 18, 4, 19], [5, 10, 6, 11]]"
12a_0261_185,"[[5, 10, 6, 11], [7, 1, 8, 24], [9, 16, 10, 17], [11, 15, 12, 14], [13, 22, 14, 23], [15, 6, 16, 7], [17, 21, 18, 20], [19, 2, 20, 3], [21, 5, 22, 4], [23, 12, 24, 13], [1, 9, 2, 8], [3, 18, 4, 19]]"
