name,pd_notation
12a_0193_0,"[[24, 15, 1, 16], [2, 6, 3, 5], [4, 9, 5, 10], [6, 20, 7, 19], [8, 12, 9, 11], [10, 3, 11, 4], [12, 21, 13, 22], [14, 23, 15, 24], [16, 1, 17, 2], [18, 8, 19, 7], [20, 17, 21, 18], [22, 13, 23, 14]]"
12a_0193_1,"[[22, 13, 23, 14], [24, 15, 1, 16], [2, 6, 3, 5], [4, 9, 5, 10], [6, 20, 7, 19], [8, 12, 9, 11], [10, 3, 11, 4], [12, 21, 13, 22], [14, 23, 15, 24], [16, 1, 17, 2], [18, 8, 19, 7], [20, 17, 21, 18]]"
12a_0193_2,"[[20, 17, 21, 18], [22, 13, 23, 14], [24, 15, 1, 16], [2, 6, 3, 5], [4, 9, 5, 10], [6, 20, 7, 19], [8, 12, 9, 11], [10, 3, 11, 4], [12, 21, 13, 22], [14, 23, 15, 24], [16, 1, 17, 2], [18, 8, 19, 7]]"
12a_0193_3,"[[18, 8, 19, 7], [20, 17, 21, 18], [22, 13, 23, 14], [24, 15, 1, 16], [2, 6, 3, 5], [4, 9, 5, 10], [6, 20, 7, 19], [8, 12, 9, 11], [10, 3, 11, 4], [12, 21, 13, 22], [14, 23, 15, 24], [16, 1, 17, 2]]"
12a_0193_4,"[[16, 1, 17, 2], [18, 8, 19, 7], [20, 17, 21, 18], [22, 13, 23, 14], [24, 15, 1, 16], [2, 6, 3, 5], [4, 9, 5, 10], [6, 20, 7, 19], [8, 12, 9, 11], [10, 3, 11, 4], [12, 21, 13, 22], [14, 23, 15, 24]]"
12a_0193_5,"[[14, 23, 15, 24], [16, 1, 17, 2], [18, 8, 19, 7], [20, 17, 21, 18], [22, 13, 23, 14], [24, 15, 1, 16], [2, 6, 3, 5], [4, 9, 5, 10], [6, 20, 7, 19], [8, 12, 9, 11], [10, 3, 11, 4], [12, 21, 13, 22]]"
12a_0193_6,"[[12, 21, 13, 22], [14, 23, 15, 24], [16, 1, 17, 2], [18, 8, 19, 7], [20, 17, 21, 18], [22, 13, 23, 14], [24, 15, 1, 16], [2, 6, 3, 5], [4, 9, 5, 10], [6, 20, 7, 19], [8, 12, 9, 11], [10, 3, 11, 4]]"
12a_0193_7,"[[10, 3, 11, 4], [12, 21, 13, 22], [14, 23, 15, 24], [16, 1, 17, 2], [18, 8, 19, 7], [20, 17, 21, 18], [22, 13, 23, 14], [24, 15, 1, 16], [2, 6, 3, 5], [4, 9, 5, 10], [6, 20, 7, 19], [8, 12, 9, 11]]"
12a_0193_8,"[[8, 12, 9, 11], [10, 3, 11, 4], [12, 21, 13, 22], [14, 23, 15, 24], [16, 1, 17, 2], [18, 8, 19, 7], [20, 17, 21, 18], [22, 13, 23, 14], [24, 15, 1, 16], [2, 6, 3, 5], [4, 9, 5, 10], [6, 20, 7, 19]]"
12a_0193_9,"[[6, 20, 7, 19], [8, 12, 9, 11], [10, 3, 11, 4], [12, 21, 13, 22], [14, 23, 15, 24], [16, 1, 17, 2], [18, 8, 19, 7], [20, 17, 21, 18], [22, 13, 23, 14], [24, 15, 1, 16], [2, 6, 3, 5], [4, 9, 5, 10]]"
12a_0193_10,"[[4, 9, 5, 10], [6, 20, 7, 19], [8, 12, 9, 11], [10, 3, 11, 4], [12, 21, 13, 22], [14, 23, 15, 24], [16, 1, 17, 2], [18, 8, 19, 7], [20, 17, 21, 18], [22, 13, 23, 14], [24, 15, 1, 16], [2, 6, 3, 5]]"
12a_0193_11,"[[2, 6, 3, 5], [4, 9, 5, 10], [6, 20, 7, 19], [8, 12, 9, 11], [10, 3, 11, 4], [12, 21, 13, 22], [14, 23, 15, 24], [16, 1, 17, 2], [18, 8, 19, 7], [20, 17, 21, 18], [22, 13, 23, 14], [24, 15, 1, 16]]"
12a_0193_12,"[[1, 16, 2, 17], [3, 7, 4, 6], [5, 10, 6, 11], [7, 21, 8, 20], [9, 13, 10, 12], [11, 4, 12, 5], [13, 22, 14, 23], [15, 24, 16, 1], [17, 2, 18, 3], [19, 9, 20, 8], [21, 18, 22, 19], [23, 14, 24, 15]]"
12a_0193_13,"[[23, 14, 24, 15], [1, 16, 2, 17], [3, 7, 4, 6], [5, 10, 6, 11], [7, 21, 8, 20], [9, 13, 10, 12], [11, 4, 12, 5], [13, 22, 14, 23], [15, 24, 16, 1], [17, 2, 18, 3], [19, 9, 20, 8], [21, 18, 22, 19]]"
12a_0193_14,"[[21, 18, 22, 19], [23, 14, 24, 15], [1, 16, 2, 17], [3, 7, 4, 6], [5, 10, 6, 11], [7, 21, 8, 20], [9, 13, 10, 12], [11, 4, 12, 5], [13, 22, 14, 23], [15, 24, 16, 1], [17, 2, 18, 3], [19, 9, 20, 8]]"
12a_0193_15,"[[19, 9, 20, 8], [21, 18, 22, 19], [23, 14, 24, 15], [1, 16, 2, 17], [3, 7, 4, 6], [5, 10, 6, 11], [7, 21, 8, 20], [9, 13, 10, 12], [11, 4, 12, 5], [13, 22, 14, 23], [15, 24, 16, 1], [17, 2, 18, 3]]"
12a_0193_16,"[[17, 2, 18, 3], [19, 9, 20, 8], [21, 18, 22, 19], [23, 14, 24, 15], [1, 16, 2, 17], [3, 7, 4, 6], [5, 10, 6, 11], [7, 21, 8, 20], [9, 13, 10, 12], [11, 4, 12, 5], [13, 22, 14, 23], [15, 24, 16, 1]]"
12a_0193_17,"[[15, 24, 16, 1], [17, 2, 18, 3], [19, 9, 20, 8], [21, 18, 22, 19], [23, 14, 24, 15], [1, 16, 2, 17], [3, 7, 4, 6], [5, 10, 6, 11], [7, 21, 8, 20], [9, 13, 10, 12], [11, 4, 12, 5], [13, 22, 14, 23]]"
12a_0193_18,"[[13, 22, 14, 23], [15, 24, 16, 1], [17, 2, 18, 3], [19, 9, 20, 8], [21, 18, 22, 19], [23, 14, 24, 15], [1, 16, 2, 17], [3, 7, 4, 6], [5, 10, 6, 11], [7, 21, 8, 20], [9, 13, 10, 12], [11, 4, 12, 5]]"
12a_0193_19,"[[11, 4, 12, 5], [13, 22, 14, 23], [15, 24, 16, 1], [17, 2, 18, 3], [19, 9, 20, 8], [21, 18, 22, 19], [23, 14, 24, 15], [1, 16, 2, 17], [3, 7, 4, 6], [5, 10, 6, 11], [7, 21, 8, 20], [9, 13, 10, 12]]"
12a_0193_20,"[[9, 13, 10, 12], [11, 4, 12, 5], [13, 22, 14, 23], [15, 24, 16, 1], [17, 2, 18, 3], [19, 9, 20, 8], [21, 18, 22, 19], [23, 14, 24, 15], [1, 16, 2, 17], [3, 7, 4, 6], [5, 10, 6, 11], [7, 21, 8, 20]]"
12a_0193_21,"[[7, 21, 8, 20], [9, 13, 10, 12], [11, 4, 12, 5], [13, 22, 14, 23], [15, 24, 16, 1], [17, 2, 18, 3], [19, 9, 20, 8], [21, 18, 22, 19], [23, 14, 24, 15], [1, 16, 2, 17], [3, 7, 4, 6], [5, 10, 6, 11]]"
12a_0193_22,"[[5, 10, 6, 11], [7, 21, 8, 20], [9, 13, 10, 12], [11, 4, 12, 5], [13, 22, 14, 23], [15, 24, 16, 1], [17, 2, 18, 3], [19, 9, 20, 8], [21, 18, 22, 19], [23, 14, 24, 15], [1, 16, 2, 17], [3, 7, 4, 6]]"
12a_0193_23,"[[3, 7, 4, 6], [5, 10, 6, 11], [7, 21, 8, 20], [9, 13, 10, 12], [11, 4, 12, 5], [13, 22, 14, 23], [15, 24, 16, 1], [17, 2, 18, 3], [19, 9, 20, 8], [21, 18, 22, 19], [23, 14, 24, 15], [1, 16, 2, 17]]"
12a_0193_24,"[[2, 17, 3, 18], [4, 8, 5, 7], [6, 11, 7, 12], [8, 22, 9, 21], [10, 14, 11, 13], [12, 5, 13, 6], [14, 23, 15, 24], [16, 1, 17, 2], [18, 3, 19, 4], [20, 10, 21, 9], [22, 19, 23, 20], [24, 15, 1, 16]]"
12a_0193_25,"[[24, 15, 1, 16], [2, 17, 3, 18], [4, 8, 5, 7], [6, 11, 7, 12], [8, 22, 9, 21], [10, 14, 11, 13], [12, 5, 13, 6], [14, 23, 15, 24], [16, 1, 17, 2], [18, 3, 19, 4], [20, 10, 21, 9], [22, 19, 23, 20]]"
12a_0193_26,"[[22, 19, 23, 20], [24, 15, 1, 16], [2, 17, 3, 18], [4, 8, 5, 7], [6, 11, 7, 12], [8, 22, 9, 21], [10, 14, 11, 13], [12, 5, 13, 6], [14, 23, 15, 24], [16, 1, 17, 2], [18, 3, 19, 4], [20, 10, 21, 9]]"
12a_0193_27,"[[20, 10, 21, 9], [22, 19, 23, 20], [24, 15, 1, 16], [2, 17, 3, 18], [4, 8, 5, 7], [6, 11, 7, 12], [8, 22, 9, 21], [10, 14, 11, 13], [12, 5, 13, 6], [14, 23, 15, 24], [16, 1, 17, 2], [18, 3, 19, 4]]"
12a_0193_28,"[[18, 3, 19, 4], [20, 10, 21, 9], [22, 19, 23, 20], [24, 15, 1, 16], [2, 17, 3, 18], [4, 8, 5, 7], [6, 11, 7, 12], [8, 22, 9, 21], [10, 14, 11, 13], [12, 5, 13, 6], [14, 23, 15, 24], [16, 1, 17, 2]]"
12a_0193_29,"[[16, 1, 17, 2], [18, 3, 19, 4], [20, 10, 21, 9], [22, 19, 23, 20], [24, 15, 1, 16], [2, 17, 3, 18], [4, 8, 5, 7], [6, 11, 7, 12], [8, 22, 9, 21], [10, 14, 11, 13], [12, 5, 13, 6], [14, 23, 15, 24]]"
12a_0193_30,"[[14, 23, 15, 24], [16, 1, 17, 2], [18, 3, 19, 4], [20, 10, 21, 9], [22, 19, 23, 20], [24, 15, 1, 16], [2, 17, 3, 18], [4, 8, 5, 7], [6, 11, 7, 12], [8, 22, 9, 21], [10, 14, 11, 13], [12, 5, 13, 6]]"
12a_0193_31,"[[12, 5, 13, 6], [14, 23, 15, 24], [16, 1, 17, 2], [18, 3, 19, 4], [20, 10, 21, 9], [22, 19, 23, 20], [24, 15, 1, 16], [2, 17, 3, 18], [4, 8, 5, 7], [6, 11, 7, 12], [8, 22, 9, 21], [10, 14, 11, 13]]"
12a_0193_32,"[[10, 14, 11, 13], [12, 5, 13, 6], [14, 23, 15, 24], [16, 1, 17, 2], [18, 3, 19, 4], [20, 10, 21, 9], [22, 19, 23, 20], [24, 15, 1, 16], [2, 17, 3, 18], [4, 8, 5, 7], [6, 11, 7, 12], [8, 22, 9, 21]]"
12a_0193_33,"[[8, 22, 9, 21], [10, 14, 11, 13], [12, 5, 13, 6], [14, 23, 15, 24], [16, 1, 17, 2], [18, 3, 19, 4], [20, 10, 21, 9], [22, 19, 23, 20], [24, 15, 1, 16], [2, 17, 3, 18], [4, 8, 5, 7], [6, 11, 7, 12]]"
12a_0193_34,"[[6, 11, 7, 12], [8, 22, 9, 21], [10, 14, 11, 13], [12, 5, 13, 6], [14, 23, 15, 24], [16, 1, 17, 2], [18, 3, 19, 4], [20, 10, 21, 9], [22, 19, 23, 20], [24, 15, 1, 16], [2, 17, 3, 18], [4, 8, 5, 7]]"
12a_0193_35,"[[4, 8, 5, 7], [6, 11, 7, 12], [8, 22, 9, 21], [10, 14, 11, 13], [12, 5, 13, 6], [14, 23, 15, 24], [16, 1, 17, 2], [18, 3, 19, 4], [20, 10, 21, 9], [22, 19, 23, 20], [24, 15, 1, 16], [2, 17, 3, 18]]"
12a_0193_36,"[[3, 18, 4, 19], [5, 9, 6, 8], [7, 12, 8, 13], [9, 23, 10, 22], [11, 15, 12, 14], [13, 6, 14, 7], [15, 24, 16, 1], [17, 2, 18, 3], [19, 4, 20, 5], [21, 11, 22, 10], [23, 20, 24, 21], [1, 16, 2, 17]]"
12a_0193_37,"[[1, 16, 2, 17], [3, 18, 4, 19], [5, 9, 6, 8], [7, 12, 8, 13], [9, 23, 10, 22], [11, 15, 12, 14], [13, 6, 14, 7], [15, 24, 16, 1], [17, 2, 18, 3], [19, 4, 20, 5], [21, 11, 22, 10], [23, 20, 24, 21]]"
12a_0193_38,"[[23, 20, 24, 21], [1, 16, 2, 17], [3, 18, 4, 19], [5, 9, 6, 8], [7, 12, 8, 13], [9, 23, 10, 22], [11, 15, 12, 14], [13, 6, 14, 7], [15, 24, 16, 1], [17, 2, 18, 3], [19, 4, 20, 5], [21, 11, 22, 10]]"
12a_0193_39,"[[21, 11, 22, 10], [23, 20, 24, 21], [1, 16, 2, 17], [3, 18, 4, 19], [5, 9, 6, 8], [7, 12, 8, 13], [9, 23, 10, 22], [11, 15, 12, 14], [13, 6, 14, 7], [15, 24, 16, 1], [17, 2, 18, 3], [19, 4, 20, 5]]"
12a_0193_40,"[[19, 4, 20, 5], [21, 11, 22, 10], [23, 20, 24, 21], [1, 16, 2, 17], [3, 18, 4, 19], [5, 9, 6, 8], [7, 12, 8, 13], [9, 23, 10, 22], [11, 15, 12, 14], [13, 6, 14, 7], [15, 24, 16, 1], [17, 2, 18, 3]]"
12a_0193_41,"[[17, 2, 18, 3], [19, 4, 20, 5], [21, 11, 22, 10], [23, 20, 24, 21], [1, 16, 2, 17], [3, 18, 4, 19], [5, 9, 6, 8], [7, 12, 8, 13], [9, 23, 10, 22], [11, 15, 12, 14], [13, 6, 14, 7], [15, 24, 16, 1]]"
12a_0193_42,"[[15, 24, 16, 1], [17, 2, 18, 3], [19, 4, 20, 5], [21, 11, 22, 10], [23, 20, 24, 21], [1, 16, 2, 17], [3, 18, 4, 19], [5, 9, 6, 8], [7, 12, 8, 13], [9, 23, 10, 22], [11, 15, 12, 14], [13, 6, 14, 7]]"
12a_0193_43,"[[13, 6, 14, 7], [15, 24, 16, 1], [17, 2, 18, 3], [19, 4, 20, 5], [21, 11, 22, 10], [23, 20, 24, 21], [1, 16, 2, 17], [3, 18, 4, 19], [5, 9, 6, 8], [7, 12, 8, 13], [9, 23, 10, 22], [11, 15, 12, 14]]"
12a_0193_44,"[[11, 15, 12, 14], [13, 6, 14, 7], [15, 24, 16, 1], [17, 2, 18, 3], [19, 4, 20, 5], [21, 11, 22, 10], [23, 20, 24, 21], [1, 16, 2, 17], [3, 18, 4, 19], [5, 9, 6, 8], [7, 12, 8, 13], [9, 23, 10, 22]]"
12a_0193_45,"[[9, 23, 10, 22], [11, 15, 12, 14], [13, 6, 14, 7], [15, 24, 16, 1], [17, 2, 18, 3], [19, 4, 20, 5], [21, 11, 22, 10], [23, 20, 24, 21], [1, 16, 2, 17], [3, 18, 4, 19], [5, 9, 6, 8], [7, 12, 8, 13]]"
12a_0193_46,"[[7, 12, 8, 13], [9, 23, 10, 22], [11, 15, 12, 14], [13, 6, 14, 7], [15, 24, 16, 1], [17, 2, 18, 3], [19, 4, 20, 5], [21, 11, 22, 10], [23, 20, 24, 21], [1, 16, 2, 17], [3, 18, 4, 19], [5, 9, 6, 8]]"
12a_0193_47,"[[5, 9, 6, 8], [7, 12, 8, 13], [9, 23, 10, 22], [11, 15, 12, 14], [13, 6, 14, 7], [15, 24, 16, 1], [17, 2, 18, 3], [19, 4, 20, 5], [21, 11, 22, 10], [23, 20, 24, 21], [1, 16, 2, 17], [3, 18, 4, 19]]"
12a_0193_48,"[[4, 19, 5, 20], [6, 10, 7, 9], [8, 13, 9, 14], [10, 24, 11, 23], [12, 16, 13, 15], [14, 7, 15, 8], [16, 1, 17, 2], [18, 3, 19, 4], [20, 5, 21, 6], [22, 12, 23, 11], [24, 21, 1, 22], [2, 17, 3, 18]]"
12a_0193_49,"[[2, 17, 3, 18], [4, 19, 5, 20], [6, 10, 7, 9], [8, 13, 9, 14], [10, 24, 11, 23], [12, 16, 13, 15], [14, 7, 15, 8], [16, 1, 17, 2], [18, 3, 19, 4], [20, 5, 21, 6], [22, 12, 23, 11], [24, 21, 1, 22]]"
12a_0193_50,"[[24, 21, 1, 22], [2, 17, 3, 18], [4, 19, 5, 20], [6, 10, 7, 9], [8, 13, 9, 14], [10, 24, 11, 23], [12, 16, 13, 15], [14, 7, 15, 8], [16, 1, 17, 2], [18, 3, 19, 4], [20, 5, 21, 6], [22, 12, 23, 11]]"
12a_0193_51,"[[22, 12, 23, 11], [24, 21, 1, 22], [2, 17, 3, 18], [4, 19, 5, 20], [6, 10, 7, 9], [8, 13, 9, 14], [10, 24, 11, 23], [12, 16, 13, 15], [14, 7, 15, 8], [16, 1, 17, 2], [18, 3, 19, 4], [20, 5, 21, 6]]"
12a_0193_52,"[[20, 5, 21, 6], [22, 12, 23, 11], [24, 21, 1, 22], [2, 17, 3, 18], [4, 19, 5, 20], [6, 10, 7, 9], [8, 13, 9, 14], [10, 24, 11, 23], [12, 16, 13, 15], [14, 7, 15, 8], [16, 1, 17, 2], [18, 3, 19, 4]]"
12a_0193_53,"[[18, 3, 19, 4], [20, 5, 21, 6], [22, 12, 23, 11], [24, 21, 1, 22], [2, 17, 3, 18], [4, 19, 5, 20], [6, 10, 7, 9], [8, 13, 9, 14], [10, 24, 11, 23], [12, 16, 13, 15], [14, 7, 15, 8], [16, 1, 17, 2]]"
12a_0193_54,"[[16, 1, 17, 2], [18, 3, 19, 4], [20, 5, 21, 6], [22, 12, 23, 11], [24, 21, 1, 22], [2, 17, 3, 18], [4, 19, 5, 20], [6, 10, 7, 9], [8, 13, 9, 14], [10, 24, 11, 23], [12, 16, 13, 15], [14, 7, 15, 8]]"
12a_0193_55,"[[14, 7, 15, 8], [16, 1, 17, 2], [18, 3, 19, 4], [20, 5, 21, 6], [22, 12, 23, 11], [24, 21, 1, 22], [2, 17, 3, 18], [4, 19, 5, 20], [6, 10, 7, 9], [8, 13, 9, 14], [10, 24, 11, 23], [12, 16, 13, 15]]"
12a_0193_56,"[[12, 16, 13, 15], [14, 7, 15, 8], [16, 1, 17, 2], [18, 3, 19, 4], [20, 5, 21, 6], [22, 12, 23, 11], [24, 21, 1, 22], [2, 17, 3, 18], [4, 19, 5, 20], [6, 10, 7, 9], [8, 13, 9, 14], [10, 24, 11, 23]]"
12a_0193_57,"[[10, 24, 11, 23], [12, 16, 13, 15], [14, 7, 15, 8], [16, 1, 17, 2], [18, 3, 19, 4], [20, 5, 21, 6], [22, 12, 23, 11], [24, 21, 1, 22], [2, 17, 3, 18], [4, 19, 5, 20], [6, 10, 7, 9], [8, 13, 9, 14]]"
12a_0193_58,"[[8, 13, 9, 14], [10, 24, 11, 23], [12, 16, 13, 15], [14, 7, 15, 8], [16, 1, 17, 2], [18, 3, 19, 4], [20, 5, 21, 6], [22, 12, 23, 11], [24, 21, 1, 22], [2, 17, 3, 18], [4, 19, 5, 20], [6, 10, 7, 9]]"
12a_0193_59,"[[6, 10, 7, 9], [8, 13, 9, 14], [10, 24, 11, 23], [12, 16, 13, 15], [14, 7, 15, 8], [16, 1, 17, 2], [18, 3, 19, 4], [20, 5, 21, 6], [22, 12, 23, 11], [24, 21, 1, 22], [2, 17, 3, 18], [4, 19, 5, 20]]"
12a_0193_60,"[[5, 20, 6, 21], [7, 11, 8, 10], [9, 14, 10, 15], [11, 1, 12, 24], [13, 17, 14, 16], [15, 8, 16, 9], [17, 2, 18, 3], [19, 4, 20, 5], [21, 6, 22, 7], [23, 13, 24, 12], [1, 22, 2, 23], [3, 18, 4, 19]]"
12a_0193_61,"[[3, 18, 4, 19], [5, 20, 6, 21], [7, 11, 8, 10], [9, 14, 10, 15], [11, 1, 12, 24], [13, 17, 14, 16], [15, 8, 16, 9], [17, 2, 18, 3], [19, 4, 20, 5], [21, 6, 22, 7], [23, 13, 24, 12], [1, 22, 2, 23]]"
12a_0193_62,"[[1, 22, 2, 23], [3, 18, 4, 19], [5, 20, 6, 21], [7, 11, 8, 10], [9, 14, 10, 15], [11, 1, 12, 24], [13, 17, 14, 16], [15, 8, 16, 9], [17, 2, 18, 3], [19, 4, 20, 5], [21, 6, 22, 7], [23, 13, 24, 12]]"
12a_0193_63,"[[23, 13, 24, 12], [1, 22, 2, 23], [3, 18, 4, 19], [5, 20, 6, 21], [7, 11, 8, 10], [9, 14, 10, 15], [11, 1, 12, 24], [13, 17, 14, 16], [15, 8, 16, 9], [17, 2, 18, 3], [19, 4, 20, 5], [21, 6, 22, 7]]"
12a_0193_64,"[[21, 6, 22, 7], [23, 13, 24, 12], [1, 22, 2, 23], [3, 18, 4, 19], [5, 20, 6, 21], [7, 11, 8, 10], [9, 14, 10, 15], [11, 1, 12, 24], [13, 17, 14, 16], [15, 8, 16, 9], [17, 2, 18, 3], [19, 4, 20, 5]]"
12a_0193_65,"[[19, 4, 20, 5], [21, 6, 22, 7], [23, 13, 24, 12], [1, 22, 2, 23], [3, 18, 4, 19], [5, 20, 6, 21], [7, 11, 8, 10], [9, 14, 10, 15], [11, 1, 12, 24], [13, 17, 14, 16], [15, 8, 16, 9], [17, 2, 18, 3]]"
12a_0193_66,"[[17, 2, 18, 3], [19, 4, 20, 5], [21, 6, 22, 7], [23, 13, 24, 12], [1, 22, 2, 23], [3, 18, 4, 19], [5, 20, 6, 21], [7, 11, 8, 10], [9, 14, 10, 15], [11, 1, 12, 24], [13, 17, 14, 16], [15, 8, 16, 9]]"
12a_0193_67,"[[15, 8, 16, 9], [17, 2, 18, 3], [19, 4, 20, 5], [21, 6, 22, 7], [23, 13, 24, 12], [1, 22, 2, 23], [3, 18, 4, 19], [5, 20, 6, 21], [7, 11, 8, 10], [9, 14, 10, 15], [11, 1, 12, 24], [13, 17, 14, 16]]"
12a_0193_68,"[[13, 17, 14, 16], [15, 8, 16, 9], [17, 2, 18, 3], [19, 4, 20, 5], [21, 6, 22, 7], [23, 13, 24, 12], [1, 22, 2, 23], [3, 18, 4, 19], [5, 20, 6, 21], [7, 11, 8, 10], [9, 14, 10, 15], [11, 1, 12, 24]]"
12a_0193_69,"[[11, 1, 12, 24], [13, 17, 14, 16], [15, 8, 16, 9], [17, 2, 18, 3], [19, 4, 20, 5], [21, 6, 22, 7], [23, 13, 24, 12], [1, 22, 2, 23], [3, 18, 4, 19], [5, 20, 6, 21], [7, 11, 8, 10], [9, 14, 10, 15]]"
12a_0193_70,"[[9, 14, 10, 15], [11, 1, 12, 24], [13, 17, 14, 16], [15, 8, 16, 9], [17, 2, 18, 3], [19, 4, 20, 5], [21, 6, 22, 7], [23, 13, 24, 12], [1, 22, 2, 23], [3, 18, 4, 19], [5, 20, 6, 21], [7, 11, 8, 10]]"
12a_0193_71,"[[7, 11, 8, 10], [9, 14, 10, 15], [11, 1, 12, 24], [13, 17, 14, 16], [15, 8, 16, 9], [17, 2, 18, 3], [19, 4, 20, 5], [21, 6, 22, 7], [23, 13, 24, 12], [1, 22, 2, 23], [3, 18, 4, 19], [5, 20, 6, 21]]"
12a_0193_72,"[[6, 21, 7, 22], [8, 12, 9, 11], [10, 15, 11, 16], [12, 2, 13, 1], [14, 18, 15, 17], [16, 9, 17, 10], [18, 3, 19, 4], [20, 5, 21, 6], [22, 7, 23, 8], [24, 14, 1, 13], [2, 23, 3, 24], [4, 19, 5, 20]]"
12a_0193_73,"[[4, 19, 5, 20], [6, 21, 7, 22], [8, 12, 9, 11], [10, 15, 11, 16], [12, 2, 13, 1], [14, 18, 15, 17], [16, 9, 17, 10], [18, 3, 19, 4], [20, 5, 21, 6], [22, 7, 23, 8], [24, 14, 1, 13], [2, 23, 3, 24]]"
12a_0193_74,"[[2, 23, 3, 24], [4, 19, 5, 20], [6, 21, 7, 22], [8, 12, 9, 11], [10, 15, 11, 16], [12, 2, 13, 1], [14, 18, 15, 17], [16, 9, 17, 10], [18, 3, 19, 4], [20, 5, 21, 6], [22, 7, 23, 8], [24, 14, 1, 13]]"
12a_0193_75,"[[24, 14, 1, 13], [2, 23, 3, 24], [4, 19, 5, 20], [6, 21, 7, 22], [8, 12, 9, 11], [10, 15, 11, 16], [12, 2, 13, 1], [14, 18, 15, 17], [16, 9, 17, 10], [18, 3, 19, 4], [20, 5, 21, 6], [22, 7, 23, 8]]"
12a_0193_76,"[[22, 7, 23, 8], [24, 14, 1, 13], [2, 23, 3, 24], [4, 19, 5, 20], [6, 21, 7, 22], [8, 12, 9, 11], [10, 15, 11, 16], [12, 2, 13, 1], [14, 18, 15, 17], [16, 9, 17, 10], [18, 3, 19, 4], [20, 5, 21, 6]]"
12a_0193_77,"[[20, 5, 21, 6], [22, 7, 23, 8], [24, 14, 1, 13], [2, 23, 3, 24], [4, 19, 5, 20], [6, 21, 7, 22], [8, 12, 9, 11], [10, 15, 11, 16], [12, 2, 13, 1], [14, 18, 15, 17], [16, 9, 17, 10], [18, 3, 19, 4]]"
12a_0193_78,"[[18, 3, 19, 4], [20, 5, 21, 6], [22, 7, 23, 8], [24, 14, 1, 13], [2, 23, 3, 24], [4, 19, 5, 20], [6, 21, 7, 22], [8, 12, 9, 11], [10, 15, 11, 16], [12, 2, 13, 1], [14, 18, 15, 17], [16, 9, 17, 10]]"
12a_0193_79,"[[16, 9, 17, 10], [18, 3, 19, 4], [20, 5, 21, 6], [22, 7, 23, 8], [24, 14, 1, 13], [2, 23, 3, 24], [4, 19, 5, 20], [6, 21, 7, 22], [8, 12, 9, 11], [10, 15, 11, 16], [12, 2, 13, 1], [14, 18, 15, 17]]"
12a_0193_80,"[[14, 18, 15, 17], [16, 9, 17, 10], [18, 3, 19, 4], [20, 5, 21, 6], [22, 7, 23, 8], [24, 14, 1, 13], [2, 23, 3, 24], [4, 19, 5, 20], [6, 21, 7, 22], [8, 12, 9, 11], [10, 15, 11, 16], [12, 2, 13, 1]]"
12a_0193_81,"[[12, 2, 13, 1], [14, 18, 15, 17], [16, 9, 17, 10], [18, 3, 19, 4], [20, 5, 21, 6], [22, 7, 23, 8], [24, 14, 1, 13], [2, 23, 3, 24], [4, 19, 5, 20], [6, 21, 7, 22], [8, 12, 9, 11], [10, 15, 11, 16]]"
12a_0193_82,"[[10, 15, 11, 16], [12, 2, 13, 1], [14, 18, 15, 17], [16, 9, 17, 10], [18, 3, 19, 4], [20, 5, 21, 6], [22, 7, 23, 8], [24, 14, 1, 13], [2, 23, 3, 24], [4, 19, 5, 20], [6, 21, 7, 22], [8, 12, 9, 11]]"
12a_0193_83,"[[8, 12, 9, 11], [10, 15, 11, 16], [12, 2, 13, 1], [14, 18, 15, 17], [16, 9, 17, 10], [18, 3, 19, 4], [20, 5, 21, 6], [22, 7, 23, 8], [24, 14, 1, 13], [2, 23, 3, 24], [4, 19, 5, 20], [6, 21, 7, 22]]"
12a_0193_84,"[[7, 22, 8, 23], [9, 13, 10, 12], [11, 16, 12, 17], [13, 3, 14, 2], [15, 19, 16, 18], [17, 10, 18, 11], [19, 4, 20, 5], [21, 6, 22, 7], [23, 8, 24, 9], [1, 15, 2, 14], [3, 24, 4, 1], [5, 20, 6, 21]]"
12a_0193_85,"[[5, 20, 6, 21], [7, 22, 8, 23], [9, 13, 10, 12], [11, 16, 12, 17], [13, 3, 14, 2], [15, 19, 16, 18], [17, 10, 18, 11], [19, 4, 20, 5], [21, 6, 22, 7], [23, 8, 24, 9], [1, 15, 2, 14], [3, 24, 4, 1]]"
12a_0193_86,"[[3, 24, 4, 1], [5, 20, 6, 21], [7, 22, 8, 23], [9, 13, 10, 12], [11, 16, 12, 17], [13, 3, 14, 2], [15, 19, 16, 18], [17, 10, 18, 11], [19, 4, 20, 5], [21, 6, 22, 7], [23, 8, 24, 9], [1, 15, 2, 14]]"
12a_0193_87,"[[1, 15, 2, 14], [3, 24, 4, 1], [5, 20, 6, 21], [7, 22, 8, 23], [9, 13, 10, 12], [11, 16, 12, 17], [13, 3, 14, 2], [15, 19, 16, 18], [17, 10, 18, 11], [19, 4, 20, 5], [21, 6, 22, 7], [23, 8, 24, 9]]"
12a_0193_88,"[[23, 8, 24, 9], [1, 15, 2, 14], [3, 24, 4, 1], [5, 20, 6, 21], [7, 22, 8, 23], [9, 13, 10, 12], [11, 16, 12, 17], [13, 3, 14, 2], [15, 19, 16, 18], [17, 10, 18, 11], [19, 4, 20, 5], [21, 6, 22, 7]]"
12a_0193_89,"[[21, 6, 22, 7], [23, 8, 24, 9], [1, 15, 2, 14], [3, 24, 4, 1], [5, 20, 6, 21], [7, 22, 8, 23], [9, 13, 10, 12], [11, 16, 12, 17], [13, 3, 14, 2], [15, 19, 16, 18], [17, 10, 18, 11], [19, 4, 20, 5]]"
12a_0193_90,"[[19, 4, 20, 5], [21, 6, 22, 7], [23, 8, 24, 9], [1, 15, 2, 14], [3, 24, 4, 1], [5, 20, 6, 21], [7, 22, 8, 23], [9, 13, 10, 12], [11, 16, 12, 17], [13, 3, 14, 2], [15, 19, 16, 18], [17, 10, 18, 11]]"
12a_0193_91,"[[17, 10, 18, 11], [19, 4, 20, 5], [21, 6, 22, 7], [23, 8, 24, 9], [1, 15, 2, 14], [3, 24, 4, 1], [5, 20, 6, 21], [7, 22, 8, 23], [9, 13, 10, 12], [11, 16, 12, 17], [13, 3, 14, 2], [15, 19, 16, 18]]"
12a_0193_92,"[[15, 19, 16, 18], [17, 10, 18, 11], [19, 4, 20, 5], [21, 6, 22, 7], [23, 8, 24, 9], [1, 15, 2, 14], [3, 24, 4, 1], [5, 20, 6, 21], [7, 22, 8, 23], [9, 13, 10, 12], [11, 16, 12, 17], [13, 3, 14, 2]]"
12a_0193_93,"[[13, 3, 14, 2], [15, 19, 16, 18], [17, 10, 18, 11], [19, 4, 20, 5], [21, 6, 22, 7], [23, 8, 24, 9], [1, 15, 2, 14], [3, 24, 4, 1], [5, 20, 6, 21], [7, 22, 8, 23], [9, 13, 10, 12], [11, 16, 12, 17]]"
12a_0193_94,"[[11, 16, 12, 17], [13, 3, 14, 2], [15, 19, 16, 18], [17, 10, 18, 11], [19, 4, 20, 5], [21, 6, 22, 7], [23, 8, 24, 9], [1, 15, 2, 14], [3, 24, 4, 1], [5, 20, 6, 21], [7, 22, 8, 23], [9, 13, 10, 12]]"
12a_0193_95,"[[9, 13, 10, 12], [11, 16, 12, 17], [13, 3, 14, 2], [15, 19, 16, 18], [17, 10, 18, 11], [19, 4, 20, 5], [21, 6, 22, 7], [23, 8, 24, 9], [1, 15, 2, 14], [3, 24, 4, 1], [5, 20, 6, 21], [7, 22, 8, 23]]"
12a_0193_96,"[[8, 23, 9, 24], [10, 14, 11, 13], [12, 17, 13, 18], [14, 4, 15, 3], [16, 20, 17, 19], [18, 11, 19, 12], [20, 5, 21, 6], [22, 7, 23, 8], [24, 9, 1, 10], [2, 16, 3, 15], [4, 1, 5, 2], [6, 21, 7, 22]]"
12a_0193_97,"[[6, 21, 7, 22], [8, 23, 9, 24], [10, 14, 11, 13], [12, 17, 13, 18], [14, 4, 15, 3], [16, 20, 17, 19], [18, 11, 19, 12], [20, 5, 21, 6], [22, 7, 23, 8], [24, 9, 1, 10], [2, 16, 3, 15], [4, 1, 5, 2]]"
12a_0193_98,"[[4, 1, 5, 2], [6, 21, 7, 22], [8, 23, 9, 24], [10, 14, 11, 13], [12, 17, 13, 18], [14, 4, 15, 3], [16, 20, 17, 19], [18, 11, 19, 12], [20, 5, 21, 6], [22, 7, 23, 8], [24, 9, 1, 10], [2, 16, 3, 15]]"
12a_0193_99,"[[2, 16, 3, 15], [4, 1, 5, 2], [6, 21, 7, 22], [8, 23, 9, 24], [10, 14, 11, 13], [12, 17, 13, 18], [14, 4, 15, 3], [16, 20, 17, 19], [18, 11, 19, 12], [20, 5, 21, 6], [22, 7, 23, 8], [24, 9, 1, 10]]"
12a_0193_100,"[[24, 9, 1, 10], [2, 16, 3, 15], [4, 1, 5, 2], [6, 21, 7, 22], [8, 23, 9, 24], [10, 14, 11, 13], [12, 17, 13, 18], [14, 4, 15, 3], [16, 20, 17, 19], [18, 11, 19, 12], [20, 5, 21, 6], [22, 7, 23, 8]]"
12a_0193_101,"[[22, 7, 23, 8], [24, 9, 1, 10], [2, 16, 3, 15], [4, 1, 5, 2], [6, 21, 7, 22], [8, 23, 9, 24], [10, 14, 11, 13], [12, 17, 13, 18], [14, 4, 15, 3], [16, 20, 17, 19], [18, 11, 19, 12], [20, 5, 21, 6]]"
12a_0193_102,"[[20, 5, 21, 6], [22, 7, 23, 8], [24, 9, 1, 10], [2, 16, 3, 15], [4, 1, 5, 2], [6, 21, 7, 22], [8, 23, 9, 24], [10, 14, 11, 13], [12, 17, 13, 18], [14, 4, 15, 3], [16, 20, 17, 19], [18, 11, 19, 12]]"
12a_0193_103,"[[18, 11, 19, 12], [20, 5, 21, 6], [22, 7, 23, 8], [24, 9, 1, 10], [2, 16, 3, 15], [4, 1, 5, 2], [6, 21, 7, 22], [8, 23, 9, 24], [10, 14, 11, 13], [12, 17, 13, 18], [14, 4, 15, 3], [16, 20, 17, 19]]"
12a_0193_104,"[[16, 20, 17, 19], [18, 11, 19, 12], [20, 5, 21, 6], [22, 7, 23, 8], [24, 9, 1, 10], [2, 16, 3, 15], [4, 1, 5, 2], [6, 21, 7, 22], [8, 23, 9, 24], [10, 14, 11, 13], [12, 17, 13, 18], [14, 4, 15, 3]]"
12a_0193_105,"[[14, 4, 15, 3], [16, 20, 17, 19], [18, 11, 19, 12], [20, 5, 21, 6], [22, 7, 23, 8], [24, 9, 1, 10], [2, 16, 3, 15], [4, 1, 5, 2], [6, 21, 7, 22], [8, 23, 9, 24], [10, 14, 11, 13], [12, 17, 13, 18]]"
12a_0193_106,"[[12, 17, 13, 18], [14, 4, 15, 3], [16, 20, 17, 19], [18, 11, 19, 12], [20, 5, 21, 6], [22, 7, 23, 8], [24, 9, 1, 10], [2, 16, 3, 15], [4, 1, 5, 2], [6, 21, 7, 22], [8, 23, 9, 24], [10, 14, 11, 13]]"
12a_0193_107,"[[10, 14, 11, 13], [12, 17, 13, 18], [14, 4, 15, 3], [16, 20, 17, 19], [18, 11, 19, 12], [20, 5, 21, 6], [22, 7, 23, 8], [24, 9, 1, 10], [2, 16, 3, 15], [4, 1, 5, 2], [6, 21, 7, 22], [8, 23, 9, 24]]"
12a_0193_108,"[[9, 24, 10, 1], [11, 15, 12, 14], [13, 18, 14, 19], [15, 5, 16, 4], [17, 21, 18, 20], [19, 12, 20, 13], [21, 6, 22, 7], [23, 8, 24, 9], [1, 10, 2, 11], [3, 17, 4, 16], [5, 2, 6, 3], [7, 22, 8, 23]]"
12a_0193_109,"[[7, 22, 8, 23], [9, 24, 10, 1], [11, 15, 12, 14], [13, 18, 14, 19], [15, 5, 16, 4], [17, 21, 18, 20], [19, 12, 20, 13], [21, 6, 22, 7], [23, 8, 24, 9], [1, 10, 2, 11], [3, 17, 4, 16], [5, 2, 6, 3]]"
12a_0193_110,"[[5, 2, 6, 3], [7, 22, 8, 23], [9, 24, 10, 1], [11, 15, 12, 14], [13, 18, 14, 19], [15, 5, 16, 4], [17, 21, 18, 20], [19, 12, 20, 13], [21, 6, 22, 7], [23, 8, 24, 9], [1, 10, 2, 11], [3, 17, 4, 16]]"
12a_0193_111,"[[3, 17, 4, 16], [5, 2, 6, 3], [7, 22, 8, 23], [9, 24, 10, 1], [11, 15, 12, 14], [13, 18, 14, 19], [15, 5, 16, 4], [17, 21, 18, 20], [19, 12, 20, 13], [21, 6, 22, 7], [23, 8, 24, 9], [1, 10, 2, 11]]"
12a_0193_112,"[[1, 10, 2, 11], [3, 17, 4, 16], [5, 2, 6, 3], [7, 22, 8, 23], [9, 24, 10, 1], [11, 15, 12, 14], [13, 18, 14, 19], [15, 5, 16, 4], [17, 21, 18, 20], [19, 12, 20, 13], [21, 6, 22, 7], [23, 8, 24, 9]]"
12a_0193_113,"[[23, 8, 24, 9], [1, 10, 2, 11], [3, 17, 4, 16], [5, 2, 6, 3], [7, 22, 8, 23], [9, 24, 10, 1], [11, 15, 12, 14], [13, 18, 14, 19], [15, 5, 16, 4], [17, 21, 18, 20], [19, 12, 20, 13], [21, 6, 22, 7]]"
12a_0193_114,"[[21, 6, 22, 7], [23, 8, 24, 9], [1, 10, 2, 11], [3, 17, 4, 16], [5, 2, 6, 3], [7, 22, 8, 23], [9, 24, 10, 1], [11, 15, 12, 14], [13, 18, 14, 19], [15, 5, 16, 4], [17, 21, 18, 20], [19, 12, 20, 13]]"
12a_0193_115,"[[19, 12, 20, 13], [21, 6, 22, 7], [23, 8, 24, 9], [1, 10, 2, 11], [3, 17, 4, 16], [5, 2, 6, 3], [7, 22, 8, 23], [9, 24, 10, 1], [11, 15, 12, 14], [13, 18, 14, 19], [15, 5, 16, 4], [17, 21, 18, 20]]"
12a_0193_116,"[[17, 21, 18, 20], [19, 12, 20, 13], [21, 6, 22, 7], [23, 8, 24, 9], [1, 10, 2, 11], [3, 17, 4, 16], [5, 2, 6, 3], [7, 22, 8, 23], [9, 24, 10, 1], [11, 15, 12, 14], [13, 18, 14, 19], [15, 5, 16, 4]]"
12a_0193_117,"[[15, 5, 16, 4], [17, 21, 18, 20], [19, 12, 20, 13], [21, 6, 22, 7], [23, 8, 24, 9], [1, 10, 2, 11], [3, 17, 4, 16], [5, 2, 6, 3], [7, 22, 8, 23], [9, 24, 10, 1], [11, 15, 12, 14], [13, 18, 14, 19]]"
12a_0193_118,"[[13, 18, 14, 19], [15, 5, 16, 4], [17, 21, 18, 20], [19, 12, 20, 13], [21, 6, 22, 7], [23, 8, 24, 9], [1, 10, 2, 11], [3, 17, 4, 16], [5, 2, 6, 3], [7, 22, 8, 23], [9, 24, 10, 1], [11, 15, 12, 14]]"
12a_0193_119,"[[11, 15, 12, 14], [13, 18, 14, 19], [15, 5, 16, 4], [17, 21, 18, 20], [19, 12, 20, 13], [21, 6, 22, 7], [23, 8, 24, 9], [1, 10, 2, 11], [3, 17, 4, 16], [5, 2, 6, 3], [7, 22, 8, 23], [9, 24, 10, 1]]"
12a_0193_120,"[[10, 1, 11, 2], [12, 16, 13, 15], [14, 19, 15, 20], [16, 6, 17, 5], [18, 22, 19, 21], [20, 13, 21, 14], [22, 7, 23, 8], [24, 9, 1, 10], [2, 11, 3, 12], [4, 18, 5, 17], [6, 3, 7, 4], [8, 23, 9, 24]]"
12a_0193_121,"[[8, 23, 9, 24], [10, 1, 11, 2], [12, 16, 13, 15], [14, 19, 15, 20], [16, 6, 17, 5], [18, 22, 19, 21], [20, 13, 21, 14], [22, 7, 23, 8], [24, 9, 1, 10], [2, 11, 3, 12], [4, 18, 5, 17], [6, 3, 7, 4]]"
12a_0193_122,"[[6, 3, 7, 4], [8, 23, 9, 24], [10, 1, 11, 2], [12, 16, 13, 15], [14, 19, 15, 20], [16, 6, 17, 5], [18, 22, 19, 21], [20, 13, 21, 14], [22, 7, 23, 8], [24, 9, 1, 10], [2, 11, 3, 12], [4, 18, 5, 17]]"
12a_0193_123,"[[4, 18, 5, 17], [6, 3, 7, 4], [8, 23, 9, 24], [10, 1, 11, 2], [12, 16, 13, 15], [14, 19, 15, 20], [16, 6, 17, 5], [18, 22, 19, 21], [20, 13, 21, 14], [22, 7, 23, 8], [24, 9, 1, 10], [2, 11, 3, 12]]"
12a_0193_124,"[[2, 11, 3, 12], [4, 18, 5, 17], [6, 3, 7, 4], [8, 23, 9, 24], [10, 1, 11, 2], [12, 16, 13, 15], [14, 19, 15, 20], [16, 6, 17, 5], [18, 22, 19, 21], [20, 13, 21, 14], [22, 7, 23, 8], [24, 9, 1, 10]]"
12a_0193_125,"[[24, 9, 1, 10], [2, 11, 3, 12], [4, 18, 5, 17], [6, 3, 7, 4], [8, 23, 9, 24], [10, 1, 11, 2], [12, 16, 13, 15], [14, 19, 15, 20], [16, 6, 17, 5], [18, 22, 19, 21], [20, 13, 21, 14], [22, 7, 23, 8]]"
12a_0193_126,"[[22, 7, 23, 8], [24, 9, 1, 10], [2, 11, 3, 12], [4, 18, 5, 17], [6, 3, 7, 4], [8, 23, 9, 24], [10, 1, 11, 2], [12, 16, 13, 15], [14, 19, 15, 20], [16, 6, 17, 5], [18, 22, 19, 21], [20, 13, 21, 14]]"
12a_0193_127,"[[20, 13, 21, 14], [22, 7, 23, 8], [24, 9, 1, 10], [2, 11, 3, 12], [4, 18, 5, 17], [6, 3, 7, 4], [8, 23, 9, 24], [10, 1, 11, 2], [12, 16, 13, 15], [14, 19, 15, 20], [16, 6, 17, 5], [18, 22, 19, 21]]"
12a_0193_128,"[[18, 22, 19, 21], [20, 13, 21, 14], [22, 7, 23, 8], [24, 9, 1, 10], [2, 11, 3, 12], [4, 18, 5, 17], [6, 3, 7, 4], [8, 23, 9, 24], [10, 1, 11, 2], [12, 16, 13, 15], [14, 19, 15, 20], [16, 6, 17, 5]]"
12a_0193_129,"[[16, 6, 17, 5], [18, 22, 19, 21], [20, 13, 21, 14], [22, 7, 23, 8], [24, 9, 1, 10], [2, 11, 3, 12], [4, 18, 5, 17], [6, 3, 7, 4], [8, 23, 9, 24], [10, 1, 11, 2], [12, 16, 13, 15], [14, 19, 15, 20]]"
12a_0193_130,"[[14, 19, 15, 20], [16, 6, 17, 5], [18, 22, 19, 21], [20, 13, 21, 14], [22, 7, 23, 8], [24, 9, 1, 10], [2, 11, 3, 12], [4, 18, 5, 17], [6, 3, 7, 4], [8, 23, 9, 24], [10, 1, 11, 2], [12, 16, 13, 15]]"
12a_0193_131,"[[12, 16, 13, 15], [14, 19, 15, 20], [16, 6, 17, 5], [18, 22, 19, 21], [20, 13, 21, 14], [22, 7, 23, 8], [24, 9, 1, 10], [2, 11, 3, 12], [4, 18, 5, 17], [6, 3, 7, 4], [8, 23, 9, 24], [10, 1, 11, 2]]"
12a_0193_132,"[[11, 2, 12, 3], [13, 17, 14, 16], [15, 20, 16, 21], [17, 7, 18, 6], [19, 23, 20, 22], [21, 14, 22, 15], [23, 8, 24, 9], [1, 10, 2, 11], [3, 12, 4, 13], [5, 19, 6, 18], [7, 4, 8, 5], [9, 24, 10, 1]]"
12a_0193_133,"[[9, 24, 10, 1], [11, 2, 12, 3], [13, 17, 14, 16], [15, 20, 16, 21], [17, 7, 18, 6], [19, 23, 20, 22], [21, 14, 22, 15], [23, 8, 24, 9], [1, 10, 2, 11], [3, 12, 4, 13], [5, 19, 6, 18], [7, 4, 8, 5]]"
12a_0193_134,"[[7, 4, 8, 5], [9, 24, 10, 1], [11, 2, 12, 3], [13, 17, 14, 16], [15, 20, 16, 21], [17, 7, 18, 6], [19, 23, 20, 22], [21, 14, 22, 15], [23, 8, 24, 9], [1, 10, 2, 11], [3, 12, 4, 13], [5, 19, 6, 18]]"
12a_0193_135,"[[5, 19, 6, 18], [7, 4, 8, 5], [9, 24, 10, 1], [11, 2, 12, 3], [13, 17, 14, 16], [15, 20, 16, 21], [17, 7, 18, 6], [19, 23, 20, 22], [21, 14, 22, 15], [23, 8, 24, 9], [1, 10, 2, 11], [3, 12, 4, 13]]"
12a_0193_136,"[[3, 12, 4, 13], [5, 19, 6, 18], [7, 4, 8, 5], [9, 24, 10, 1], [11, 2, 12, 3], [13, 17, 14, 16], [15, 20, 16, 21], [17, 7, 18, 6], [19, 23, 20, 22], [21, 14, 22, 15], [23, 8, 24, 9], [1, 10, 2, 11]]"
12a_0193_137,"[[1, 10, 2, 11], [3, 12, 4, 13], [5, 19, 6, 18], [7, 4, 8, 5], [9, 24, 10, 1], [11, 2, 12, 3], [13, 17, 14, 16], [15, 20, 16, 21], [17, 7, 18, 6], [19, 23, 20, 22], [21, 14, 22, 15], [23, 8, 24, 9]]"
12a_0193_138,"[[23, 8, 24, 9], [1, 10, 2, 11], [3, 12, 4, 13], [5, 19, 6, 18], [7, 4, 8, 5], [9, 24, 10, 1], [11, 2, 12, 3], [13, 17, 14, 16], [15, 20, 16, 21], [17, 7, 18, 6], [19, 23, 20, 22], [21, 14, 22, 15]]"
12a_0193_139,"[[21, 14, 22, 15], [23, 8, 24, 9], [1, 10, 2, 11], [3, 12, 4, 13], [5, 19, 6, 18], [7, 4, 8, 5], [9, 24, 10, 1], [11, 2, 12, 3], [13, 17, 14, 16], [15, 20, 16, 21], [17, 7, 18, 6], [19, 23, 20, 22]]"
12a_0193_140,"[[19, 23, 20, 22], [21, 14, 22, 15], [23, 8, 24, 9], [1, 10, 2, 11], [3, 12, 4, 13], [5, 19, 6, 18], [7, 4, 8, 5], [9, 24, 10, 1], [11, 2, 12, 3], [13, 17, 14, 16], [15, 20, 16, 21], [17, 7, 18, 6]]"
12a_0193_141,"[[17, 7, 18, 6], [19, 23, 20, 22], [21, 14, 22, 15], [23, 8, 24, 9], [1, 10, 2, 11], [3, 12, 4, 13], [5, 19, 6, 18], [7, 4, 8, 5], [9, 24, 10, 1], [11, 2, 12, 3], [13, 17, 14, 16], [15, 20, 16, 21]]"
12a_0193_142,"[[15, 20, 16, 21], [17, 7, 18, 6], [19, 23, 20, 22], [21, 14, 22, 15], [23, 8, 24, 9], [1, 10, 2, 11], [3, 12, 4, 13], [5, 19, 6, 18], [7, 4, 8, 5], [9, 24, 10, 1], [11, 2, 12, 3], [13, 17, 14, 16]]"
12a_0193_143,"[[13, 17, 14, 16], [15, 20, 16, 21], [17, 7, 18, 6], [19, 23, 20, 22], [21, 14, 22, 15], [23, 8, 24, 9], [1, 10, 2, 11], [3, 12, 4, 13], [5, 19, 6, 18], [7, 4, 8, 5], [9, 24, 10, 1], [11, 2, 12, 3]]"
12a_0193_144,"[[12, 3, 13, 4], [14, 18, 15, 17], [16, 21, 17, 22], [18, 8, 19, 7], [20, 24, 21, 23], [22, 15, 23, 16], [24, 9, 1, 10], [2, 11, 3, 12], [4, 13, 5, 14], [6, 20, 7, 19], [8, 5, 9, 6], [10, 1, 11, 2]]"
12a_0193_145,"[[10, 1, 11, 2], [12, 3, 13, 4], [14, 18, 15, 17], [16, 21, 17, 22], [18, 8, 19, 7], [20, 24, 21, 23], [22, 15, 23, 16], [24, 9, 1, 10], [2, 11, 3, 12], [4, 13, 5, 14], [6, 20, 7, 19], [8, 5, 9, 6]]"
12a_0193_146,"[[8, 5, 9, 6], [10, 1, 11, 2], [12, 3, 13, 4], [14, 18, 15, 17], [16, 21, 17, 22], [18, 8, 19, 7], [20, 24, 21, 23], [22, 15, 23, 16], [24, 9, 1, 10], [2, 11, 3, 12], [4, 13, 5, 14], [6, 20, 7, 19]]"
12a_0193_147,"[[6, 20, 7, 19], [8, 5, 9, 6], [10, 1, 11, 2], [12, 3, 13, 4], [14, 18, 15, 17], [16, 21, 17, 22], [18, 8, 19, 7], [20, 24, 21, 23], [22, 15, 23, 16], [24, 9, 1, 10], [2, 11, 3, 12], [4, 13, 5, 14]]"
12a_0193_148,"[[4, 13, 5, 14], [6, 20, 7, 19], [8, 5, 9, 6], [10, 1, 11, 2], [12, 3, 13, 4], [14, 18, 15, 17], [16, 21, 17, 22], [18, 8, 19, 7], [20, 24, 21, 23], [22, 15, 23, 16], [24, 9, 1, 10], [2, 11, 3, 12]]"
12a_0193_149,"[[2, 11, 3, 12], [4, 13, 5, 14], [6, 20, 7, 19], [8, 5, 9, 6], [10, 1, 11, 2], [12, 3, 13, 4], [14, 18, 15, 17], [16, 21, 17, 22], [18, 8, 19, 7], [20, 24, 21, 23], [22, 15, 23, 16], [24, 9, 1, 10]]"
12a_0193_150,"[[24, 9, 1, 10], [2, 11, 3, 12], [4, 13, 5, 14], [6, 20, 7, 19], [8, 5, 9, 6], [10, 1, 11, 2], [12, 3, 13, 4], [14, 18, 15, 17], [16, 21, 17, 22], [18, 8, 19, 7], [20, 24, 21, 23], [22, 15, 23, 16]]"
12a_0193_151,"[[22, 15, 23, 16], [24, 9, 1, 10], [2, 11, 3, 12], [4, 13, 5, 14], [6, 20, 7, 19], [8, 5, 9, 6], [10, 1, 11, 2], [12, 3, 13, 4], [14, 18, 15, 17], [16, 21, 17, 22], [18, 8, 19, 7], [20, 24, 21, 23]]"
12a_0193_152,"[[20, 24, 21, 23], [22, 15, 23, 16], [24, 9, 1, 10], [2, 11, 3, 12], [4, 13, 5, 14], [6, 20, 7, 19], [8, 5, 9, 6], [10, 1, 11, 2], [12, 3, 13, 4], [14, 18, 15, 17], [16, 21, 17, 22], [18, 8, 19, 7]]"
12a_0193_153,"[[18, 8, 19, 7], [20, 24, 21, 23], [22, 15, 23, 16], [24, 9, 1, 10], [2, 11, 3, 12], [4, 13, 5, 14], [6, 20, 7, 19], [8, 5, 9, 6], [10, 1, 11, 2], [12, 3, 13, 4], [14, 18, 15, 17], [16, 21, 17, 22]]"
12a_0193_154,"[[16, 21, 17, 22], [18, 8, 19, 7], [20, 24, 21, 23], [22, 15, 23, 16], [24, 9, 1, 10], [2, 11, 3, 12], [4, 13, 5, 14], [6, 20, 7, 19], [8, 5, 9, 6], [10, 1, 11, 2], [12, 3, 13, 4], [14, 18, 15, 17]]"
12a_0193_155,"[[14, 18, 15, 17], [16, 21, 17, 22], [18, 8, 19, 7], [20, 24, 21, 23], [22, 15, 23, 16], [24, 9, 1, 10], [2, 11, 3, 12], [4, 13, 5, 14], [6, 20, 7, 19], [8, 5, 9, 6], [10, 1, 11, 2], [12, 3, 13, 4]]"
12a_0193_156,"[[13, 4, 14, 5], [15, 19, 16, 18], [17, 22, 18, 23], [19, 9, 20, 8], [21, 1, 22, 24], [23, 16, 24, 17], [1, 10, 2, 11], [3, 12, 4, 13], [5, 14, 6, 15], [7, 21, 8, 20], [9, 6, 10, 7], [11, 2, 12, 3]]"
12a_0193_157,"[[11, 2, 12, 3], [13, 4, 14, 5], [15, 19, 16, 18], [17, 22, 18, 23], [19, 9, 20, 8], [21, 1, 22, 24], [23, 16, 24, 17], [1, 10, 2, 11], [3, 12, 4, 13], [5, 14, 6, 15], [7, 21, 8, 20], [9, 6, 10, 7]]"
12a_0193_158,"[[9, 6, 10, 7], [11, 2, 12, 3], [13, 4, 14, 5], [15, 19, 16, 18], [17, 22, 18, 23], [19, 9, 20, 8], [21, 1, 22, 24], [23, 16, 24, 17], [1, 10, 2, 11], [3, 12, 4, 13], [5, 14, 6, 15], [7, 21, 8, 20]]"
12a_0193_159,"[[7, 21, 8, 20], [9, 6, 10, 7], [11, 2, 12, 3], [13, 4, 14, 5], [15, 19, 16, 18], [17, 22, 18, 23], [19, 9, 20, 8], [21, 1, 22, 24], [23, 16, 24, 17], [1, 10, 2, 11], [3, 12, 4, 13], [5, 14, 6, 15]]"
12a_0193_160,"[[5, 14, 6, 15], [7, 21, 8, 20], [9, 6, 10, 7], [11, 2, 12, 3], [13, 4, 14, 5], [15, 19, 16, 18], [17, 22, 18, 23], [19, 9, 20, 8], [21, 1, 22, 24], [23, 16, 24, 17], [1, 10, 2, 11], [3, 12, 4, 13]]"
12a_0193_161,"[[3, 12, 4, 13], [5, 14, 6, 15], [7, 21, 8, 20], [9, 6, 10, 7], [11, 2, 12, 3], [13, 4, 14, 5], [15, 19, 16, 18], [17, 22, 18, 23], [19, 9, 20, 8], [21, 1, 22, 24], [23, 16, 24, 17], [1, 10, 2, 11]]"
12a_0193_162,"[[1, 10, 2, 11], [3, 12, 4, 13], [5, 14, 6, 15], [7, 21, 8, 20], [9, 6, 10, 7], [11, 2, 12, 3], [13, 4, 14, 5], [15, 19, 16, 18], [17, 22, 18, 23], [19, 9, 20, 8], [21, 1, 22, 24], [23, 16, 24, 17]]"
12a_0193_163,"[[23, 16, 24, 17], [1, 10, 2, 11], [3, 12, 4, 13], [5, 14, 6, 15], [7, 21, 8, 20], [9, 6, 10, 7], [11, 2, 12, 3], [13, 4, 14, 5], [15, 19, 16, 18], [17, 22, 18, 23], [19, 9, 20, 8], [21, 1, 22, 24]]"
12a_0193_164,"[[21, 1, 22, 24], [23, 16, 24, 17], [1, 10, 2, 11], [3, 12, 4, 13], [5, 14, 6, 15], [7, 21, 8, 20], [9, 6, 10, 7], [11, 2, 12, 3], [13, 4, 14, 5], [15, 19, 16, 18], [17, 22, 18, 23], [19, 9, 20, 8]]"
12a_0193_165,"[[19, 9, 20, 8], [21, 1, 22, 24], [23, 16, 24, 17], [1, 10, 2, 11], [3, 12, 4, 13], [5, 14, 6, 15], [7, 21, 8, 20], [9, 6, 10, 7], [11, 2, 12, 3], [13, 4, 14, 5], [15, 19, 16, 18], [17, 22, 18, 23]]"
12a_0193_166,"[[17, 22, 18, 23], [19, 9, 20, 8], [21, 1, 22, 24], [23, 16, 24, 17], [1, 10, 2, 11], [3, 12, 4, 13], [5, 14, 6, 15], [7, 21, 8, 20], [9, 6, 10, 7], [11, 2, 12, 3], [13, 4, 14, 5], [15, 19, 16, 18]]"
12a_0193_167,"[[15, 19, 16, 18], [17, 22, 18, 23], [19, 9, 20, 8], [21, 1, 22, 24], [23, 16, 24, 17], [1, 10, 2, 11], [3, 12, 4, 13], [5, 14, 6, 15], [7, 21, 8, 20], [9, 6, 10, 7], [11, 2, 12, 3], [13, 4, 14, 5]]"
12a_0193_168,"[[14, 5, 15, 6], [16, 20, 17, 19], [18, 23, 19, 24], [20, 10, 21, 9], [22, 2, 23, 1], [24, 17, 1, 18], [2, 11, 3, 12], [4, 13, 5, 14], [6, 15, 7, 16], [8, 22, 9, 21], [10, 7, 11, 8], [12, 3, 13, 4]]"
12a_0193_169,"[[12, 3, 13, 4], [14, 5, 15, 6], [16, 20, 17, 19], [18, 23, 19, 24], [20, 10, 21, 9], [22, 2, 23, 1], [24, 17, 1, 18], [2, 11, 3, 12], [4, 13, 5, 14], [6, 15, 7, 16], [8, 22, 9, 21], [10, 7, 11, 8]]"
12a_0193_170,"[[10, 7, 11, 8], [12, 3, 13, 4], [14, 5, 15, 6], [16, 20, 17, 19], [18, 23, 19, 24], [20, 10, 21, 9], [22, 2, 23, 1], [24, 17, 1, 18], [2, 11, 3, 12], [4, 13, 5, 14], [6, 15, 7, 16], [8, 22, 9, 21]]"
12a_0193_171,"[[8, 22, 9, 21], [10, 7, 11, 8], [12, 3, 13, 4], [14, 5, 15, 6], [16, 20, 17, 19], [18, 23, 19, 24], [20, 10, 21, 9], [22, 2, 23, 1], [24, 17, 1, 18], [2, 11, 3, 12], [4, 13, 5, 14], [6, 15, 7, 16]]"
12a_0193_172,"[[6, 15, 7, 16], [8, 22, 9, 21], [10, 7, 11, 8], [12, 3, 13, 4], [14, 5, 15, 6], [16, 20, 17, 19], [18, 23, 19, 24], [20, 10, 21, 9], [22, 2, 23, 1], [24, 17, 1, 18], [2, 11, 3, 12], [4, 13, 5, 14]]"
12a_0193_173,"[[4, 13, 5, 14], [6, 15, 7, 16], [8, 22, 9, 21], [10, 7, 11, 8], [12, 3, 13, 4], [14, 5, 15, 6], [16, 20, 17, 19], [18, 23, 19, 24], [20, 10, 21, 9], [22, 2, 23, 1], [24, 17, 1, 18], [2, 11, 3, 12]]"
12a_0193_174,"[[2, 11, 3, 12], [4, 13, 5, 14], [6, 15, 7, 16], [8, 22, 9, 21], [10, 7, 11, 8], [12, 3, 13, 4], [14, 5, 15, 6], [16, 20, 17, 19], [18, 23, 19, 24], [20, 10, 21, 9], [22, 2, 23, 1], [24, 17, 1, 18]]"
12a_0193_175,"[[24, 17, 1, 18], [2, 11, 3, 12], [4, 13, 5, 14], [6, 15, 7, 16], [8, 22, 9, 21], [10, 7, 11, 8], [12, 3, 13, 4], [14, 5, 15, 6], [16, 20, 17, 19], [18, 23, 19, 24], [20, 10, 21, 9], [22, 2, 23, 1]]"
12a_0193_176,"[[22, 2, 23, 1], [24, 17, 1, 18], [2, 11, 3, 12], [4, 13, 5, 14], [6, 15, 7, 16], [8, 22, 9, 21], [10, 7, 11, 8], [12, 3, 13, 4], [14, 5, 15, 6], [16, 20, 17, 19], [18, 23, 19, 24], [20, 10, 21, 9]]"
12a_0193_177,"[[20, 10, 21, 9], [22, 2, 23, 1], [24, 17, 1, 18], [2, 11, 3, 12], [4, 13, 5, 14], [6, 15, 7, 16], [8, 22, 9, 21], [10, 7, 11, 8], [12, 3, 13, 4], [14, 5, 15, 6], [16, 20, 17, 19], [18, 23, 19, 24]]"
12a_0193_178,"[[18, 23, 19, 24], [20, 10, 21, 9], [22, 2, 23, 1], [24, 17, 1, 18], [2, 11, 3, 12], [4, 13, 5, 14], [6, 15, 7, 16], [8, 22, 9, 21], [10, 7, 11, 8], [12, 3, 13, 4], [14, 5, 15, 6], [16, 20, 17, 19]]"
12a_0193_179,"[[16, 20, 17, 19], [18, 23, 19, 24], [20, 10, 21, 9], [22, 2, 23, 1], [24, 17, 1, 18], [2, 11, 3, 12], [4, 13, 5, 14], [6, 15, 7, 16], [8, 22, 9, 21], [10, 7, 11, 8], [12, 3, 13, 4], [14, 5, 15, 6]]"
12a_0193_180,"[[15, 6, 16, 7], [17, 21, 18, 20], [19, 24, 20, 1], [21, 11, 22, 10], [23, 3, 24, 2], [1, 18, 2, 19], [3, 12, 4, 13], [5, 14, 6, 15], [7, 16, 8, 17], [9, 23, 10, 22], [11, 8, 12, 9], [13, 4, 14, 5]]"
12a_0193_181,"[[13, 4, 14, 5], [15, 6, 16, 7], [17, 21, 18, 20], [19, 24, 20, 1], [21, 11, 22, 10], [23, 3, 24, 2], [1, 18, 2, 19], [3, 12, 4, 13], [5, 14, 6, 15], [7, 16, 8, 17], [9, 23, 10, 22], [11, 8, 12, 9]]"
12a_0193_182,"[[11, 8, 12, 9], [13, 4, 14, 5], [15, 6, 16, 7], [17, 21, 18, 20], [19, 24, 20, 1], [21, 11, 22, 10], [23, 3, 24, 2], [1, 18, 2, 19], [3, 12, 4, 13], [5, 14, 6, 15], [7, 16, 8, 17], [9, 23, 10, 22]]"
12a_0193_183,"[[9, 23, 10, 22], [11, 8, 12, 9], [13, 4, 14, 5], [15, 6, 16, 7], [17, 21, 18, 20], [19, 24, 20, 1], [21, 11, 22, 10], [23, 3, 24, 2], [1, 18, 2, 19], [3, 12, 4, 13], [5, 14, 6, 15], [7, 16, 8, 17]]"
12a_0193_184,"[[7, 16, 8, 17], [9, 23, 10, 22], [11, 8, 12, 9], [13, 4, 14, 5], [15, 6, 16, 7], [17, 21, 18, 20], [19, 24, 20, 1], [21, 11, 22, 10], [23, 3, 24, 2], [1, 18, 2, 19], [3, 12, 4, 13], [5, 14, 6, 15]]"
12a_0193_185,"[[5, 14, 6, 15], [7, 16, 8, 17], [9, 23, 10, 22], [11, 8, 12, 9], [13, 4, 14, 5], [15, 6, 16, 7], [17, 21, 18, 20], [19, 24, 20, 1], [21, 11, 22, 10], [23, 3, 24, 2], [1, 18, 2, 19], [3, 12, 4, 13]]"
