name,pd_notation
12a_0411_0,"[[24, 7, 1, 8], [2, 6, 3, 5], [4, 12, 5, 11], [6, 17, 7, 18], [8, 23, 9, 24], [10, 4, 11, 3], [12, 19, 13, 20], [14, 21, 15, 22], [16, 1, 17, 2], [18, 9, 19, 10], [20, 13, 21, 14], [22, 15, 23, 16]]"
12a_0411_1,"[[22, 15, 23, 16], [24, 7, 1, 8], [2, 6, 3, 5], [4, 12, 5, 11], [6, 17, 7, 18], [8, 23, 9, 24], [10, 4, 11, 3], [12, 19, 13, 20], [14, 21, 15, 22], [16, 1, 17, 2], [18, 9, 19, 10], [20, 13, 21, 14]]"
12a_0411_2,"[[20, 13, 21, 14], [22, 15, 23, 16], [24, 7, 1, 8], [2, 6, 3, 5], [4, 12, 5, 11], [6, 17, 7, 18], [8, 23, 9, 24], [10, 4, 11, 3], [12, 19, 13, 20], [14, 21, 15, 22], [16, 1, 17, 2], [18, 9, 19, 10]]"
12a_0411_3,"[[18, 9, 19, 10], [20, 13, 21, 14], [22, 15, 23, 16], [24, 7, 1, 8], [2, 6, 3, 5], [4, 12, 5, 11], [6, 17, 7, 18], [8, 23, 9, 24], [10, 4, 11, 3], [12, 19, 13, 20], [14, 21, 15, 22], [16, 1, 17, 2]]"
12a_0411_4,"[[16, 1, 17, 2], [18, 9, 19, 10], [20, 13, 21, 14], [22, 15, 23, 16], [24, 7, 1, 8], [2, 6, 3, 5], [4, 12, 5, 11], [6, 17, 7, 18], [8, 23, 9, 24], [10, 4, 11, 3], [12, 19, 13, 20], [14, 21, 15, 22]]"
12a_0411_5,"[[14, 21, 15, 22], [16, 1, 17, 2], [18, 9, 19, 10], [20, 13, 21, 14], [22, 15, 23, 16], [24, 7, 1, 8], [2, 6, 3, 5], [4, 12, 5, 11], [6, 17, 7, 18], [8, 23, 9, 24], [10, 4, 11, 3], [12, 19, 13, 20]]"
12a_0411_6,"[[12, 19, 13, 20], [14, 21, 15, 22], [16, 1, 17, 2], [18, 9, 19, 10], [20, 13, 21, 14], [22, 15, 23, 16], [24, 7, 1, 8], [2, 6, 3, 5], [4, 12, 5, 11], [6, 17, 7, 18], [8, 23, 9, 24], [10, 4, 11, 3]]"
12a_0411_7,"[[10, 4, 11, 3], [12, 19, 13, 20], [14, 21, 15, 22], [16, 1, 17, 2], [18, 9, 19, 10], [20, 13, 21, 14], [22, 15, 23, 16], [24, 7, 1, 8], [2, 6, 3, 5], [4, 12, 5, 11], [6, 17, 7, 18], [8, 23, 9, 24]]"
12a_0411_8,"[[8, 23, 9, 24], [10, 4, 11, 3], [12, 19, 13, 20], [14, 21, 15, 22], [16, 1, 17, 2], [18, 9, 19, 10], [20, 13, 21, 14], [22, 15, 23, 16], [24, 7, 1, 8], [2, 6, 3, 5], [4, 12, 5, 11], [6, 17, 7, 18]]"
12a_0411_9,"[[6, 17, 7, 18], [8, 23, 9, 24], [10, 4, 11, 3], [12, 19, 13, 20], [14, 21, 15, 22], [16, 1, 17, 2], [18, 9, 19, 10], [20, 13, 21, 14], [22, 15, 23, 16], [24, 7, 1, 8], [2, 6, 3, 5], [4, 12, 5, 11]]"
12a_0411_10,"[[4, 12, 5, 11], [6, 17, 7, 18], [8, 23, 9, 24], [10, 4, 11, 3], [12, 19, 13, 20], [14, 21, 15, 22], [16, 1, 17, 2], [18, 9, 19, 10], [20, 13, 21, 14], [22, 15, 23, 16], [24, 7, 1, 8], [2, 6, 3, 5]]"
12a_0411_11,"[[2, 6, 3, 5], [4, 12, 5, 11], [6, 17, 7, 18], [8, 23, 9, 24], [10, 4, 11, 3], [12, 19, 13, 20], [14, 21, 15, 22], [16, 1, 17, 2], [18, 9, 19, 10], [20, 13, 21, 14], [22, 15, 23, 16], [24, 7, 1, 8]]"
12a_0411_12,"[[1, 8, 2, 9], [3, 7, 4, 6], [5, 13, 6, 12], [7, 18, 8, 19], [9, 24, 10, 1], [11, 5, 12, 4], [13, 20, 14, 21], [15, 22, 16, 23], [17, 2, 18, 3], [19, 10, 20, 11], [21, 14, 22, 15], [23, 16, 24, 17]]"
12a_0411_13,"[[23, 16, 24, 17], [1, 8, 2, 9], [3, 7, 4, 6], [5, 13, 6, 12], [7, 18, 8, 19], [9, 24, 10, 1], [11, 5, 12, 4], [13, 20, 14, 21], [15, 22, 16, 23], [17, 2, 18, 3], [19, 10, 20, 11], [21, 14, 22, 15]]"
12a_0411_14,"[[21, 14, 22, 15], [23, 16, 24, 17], [1, 8, 2, 9], [3, 7, 4, 6], [5, 13, 6, 12], [7, 18, 8, 19], [9, 24, 10, 1], [11, 5, 12, 4], [13, 20, 14, 21], [15, 22, 16, 23], [17, 2, 18, 3], [19, 10, 20, 11]]"
12a_0411_15,"[[19, 10, 20, 11], [21, 14, 22, 15], [23, 16, 24, 17], [1, 8, 2, 9], [3, 7, 4, 6], [5, 13, 6, 12], [7, 18, 8, 19], [9, 24, 10, 1], [11, 5, 12, 4], [13, 20, 14, 21], [15, 22, 16, 23], [17, 2, 18, 3]]"
12a_0411_16,"[[17, 2, 18, 3], [19, 10, 20, 11], [21, 14, 22, 15], [23, 16, 24, 17], [1, 8, 2, 9], [3, 7, 4, 6], [5, 13, 6, 12], [7, 18, 8, 19], [9, 24, 10, 1], [11, 5, 12, 4], [13, 20, 14, 21], [15, 22, 16, 23]]"
12a_0411_17,"[[15, 22, 16, 23], [17, 2, 18, 3], [19, 10, 20, 11], [21, 14, 22, 15], [23, 16, 24, 17], [1, 8, 2, 9], [3, 7, 4, 6], [5, 13, 6, 12], [7, 18, 8, 19], [9, 24, 10, 1], [11, 5, 12, 4], [13, 20, 14, 21]]"
12a_0411_18,"[[13, 20, 14, 21], [15, 22, 16, 23], [17, 2, 18, 3], [19, 10, 20, 11], [21, 14, 22, 15], [23, 16, 24, 17], [1, 8, 2, 9], [3, 7, 4, 6], [5, 13, 6, 12], [7, 18, 8, 19], [9, 24, 10, 1], [11, 5, 12, 4]]"
12a_0411_19,"[[11, 5, 12, 4], [13, 20, 14, 21], [15, 22, 16, 23], [17, 2, 18, 3], [19, 10, 20, 11], [21, 14, 22, 15], [23, 16, 24, 17], [1, 8, 2, 9], [3, 7, 4, 6], [5, 13, 6, 12], [7, 18, 8, 19], [9, 24, 10, 1]]"
12a_0411_20,"[[9, 24, 10, 1], [11, 5, 12, 4], [13, 20, 14, 21], [15, 22, 16, 23], [17, 2, 18, 3], [19, 10, 20, 11], [21, 14, 22, 15], [23, 16, 24, 17], [1, 8, 2, 9], [3, 7, 4, 6], [5, 13, 6, 12], [7, 18, 8, 19]]"
12a_0411_21,"[[7, 18, 8, 19], [9, 24, 10, 1], [11, 5, 12, 4], [13, 20, 14, 21], [15, 22, 16, 23], [17, 2, 18, 3], [19, 10, 20, 11], [21, 14, 22, 15], [23, 16, 24, 17], [1, 8, 2, 9], [3, 7, 4, 6], [5, 13, 6, 12]]"
12a_0411_22,"[[5, 13, 6, 12], [7, 18, 8, 19], [9, 24, 10, 1], [11, 5, 12, 4], [13, 20, 14, 21], [15, 22, 16, 23], [17, 2, 18, 3], [19, 10, 20, 11], [21, 14, 22, 15], [23, 16, 24, 17], [1, 8, 2, 9], [3, 7, 4, 6]]"
12a_0411_23,"[[3, 7, 4, 6], [5, 13, 6, 12], [7, 18, 8, 19], [9, 24, 10, 1], [11, 5, 12, 4], [13, 20, 14, 21], [15, 22, 16, 23], [17, 2, 18, 3], [19, 10, 20, 11], [21, 14, 22, 15], [23, 16, 24, 17], [1, 8, 2, 9]]"
12a_0411_24,"[[2, 9, 3, 10], [4, 8, 5, 7], [6, 14, 7, 13], [8, 19, 9, 20], [10, 1, 11, 2], [12, 6, 13, 5], [14, 21, 15, 22], [16, 23, 17, 24], [18, 3, 19, 4], [20, 11, 21, 12], [22, 15, 23, 16], [24, 17, 1, 18]]"
12a_0411_25,"[[24, 17, 1, 18], [2, 9, 3, 10], [4, 8, 5, 7], [6, 14, 7, 13], [8, 19, 9, 20], [10, 1, 11, 2], [12, 6, 13, 5], [14, 21, 15, 22], [16, 23, 17, 24], [18, 3, 19, 4], [20, 11, 21, 12], [22, 15, 23, 16]]"
12a_0411_26,"[[22, 15, 23, 16], [24, 17, 1, 18], [2, 9, 3, 10], [4, 8, 5, 7], [6, 14, 7, 13], [8, 19, 9, 20], [10, 1, 11, 2], [12, 6, 13, 5], [14, 21, 15, 22], [16, 23, 17, 24], [18, 3, 19, 4], [20, 11, 21, 12]]"
12a_0411_27,"[[20, 11, 21, 12], [22, 15, 23, 16], [24, 17, 1, 18], [2, 9, 3, 10], [4, 8, 5, 7], [6, 14, 7, 13], [8, 19, 9, 20], [10, 1, 11, 2], [12, 6, 13, 5], [14, 21, 15, 22], [16, 23, 17, 24], [18, 3, 19, 4]]"
12a_0411_28,"[[18, 3, 19, 4], [20, 11, 21, 12], [22, 15, 23, 16], [24, 17, 1, 18], [2, 9, 3, 10], [4, 8, 5, 7], [6, 14, 7, 13], [8, 19, 9, 20], [10, 1, 11, 2], [12, 6, 13, 5], [14, 21, 15, 22], [16, 23, 17, 24]]"
12a_0411_29,"[[16, 23, 17, 24], [18, 3, 19, 4], [20, 11, 21, 12], [22, 15, 23, 16], [24, 17, 1, 18], [2, 9, 3, 10], [4, 8, 5, 7], [6, 14, 7, 13], [8, 19, 9, 20], [10, 1, 11, 2], [12, 6, 13, 5], [14, 21, 15, 22]]"
12a_0411_30,"[[14, 21, 15, 22], [16, 23, 17, 24], [18, 3, 19, 4], [20, 11, 21, 12], [22, 15, 23, 16], [24, 17, 1, 18], [2, 9, 3, 10], [4, 8, 5, 7], [6, 14, 7, 13], [8, 19, 9, 20], [10, 1, 11, 2], [12, 6, 13, 5]]"
12a_0411_31,"[[12, 6, 13, 5], [14, 21, 15, 22], [16, 23, 17, 24], [18, 3, 19, 4], [20, 11, 21, 12], [22, 15, 23, 16], [24, 17, 1, 18], [2, 9, 3, 10], [4, 8, 5, 7], [6, 14, 7, 13], [8, 19, 9, 20], [10, 1, 11, 2]]"
12a_0411_32,"[[10, 1, 11, 2], [12, 6, 13, 5], [14, 21, 15, 22], [16, 23, 17, 24], [18, 3, 19, 4], [20, 11, 21, 12], [22, 15, 23, 16], [24, 17, 1, 18], [2, 9, 3, 10], [4, 8, 5, 7], [6, 14, 7, 13], [8, 19, 9, 20]]"
12a_0411_33,"[[8, 19, 9, 20], [10, 1, 11, 2], [12, 6, 13, 5], [14, 21, 15, 22], [16, 23, 17, 24], [18, 3, 19, 4], [20, 11, 21, 12], [22, 15, 23, 16], [24, 17, 1, 18], [2, 9, 3, 10], [4, 8, 5, 7], [6, 14, 7, 13]]"
12a_0411_34,"[[6, 14, 7, 13], [8, 19, 9, 20], [10, 1, 11, 2], [12, 6, 13, 5], [14, 21, 15, 22], [16, 23, 17, 24], [18, 3, 19, 4], [20, 11, 21, 12], [22, 15, 23, 16], [24, 17, 1, 18], [2, 9, 3, 10], [4, 8, 5, 7]]"
12a_0411_35,"[[4, 8, 5, 7], [6, 14, 7, 13], [8, 19, 9, 20], [10, 1, 11, 2], [12, 6, 13, 5], [14, 21, 15, 22], [16, 23, 17, 24], [18, 3, 19, 4], [20, 11, 21, 12], [22, 15, 23, 16], [24, 17, 1, 18], [2, 9, 3, 10]]"
12a_0411_36,"[[3, 10, 4, 11], [5, 9, 6, 8], [7, 15, 8, 14], [9, 20, 10, 21], [11, 2, 12, 3], [13, 7, 14, 6], [15, 22, 16, 23], [17, 24, 18, 1], [19, 4, 20, 5], [21, 12, 22, 13], [23, 16, 24, 17], [1, 18, 2, 19]]"
12a_0411_37,"[[1, 18, 2, 19], [3, 10, 4, 11], [5, 9, 6, 8], [7, 15, 8, 14], [9, 20, 10, 21], [11, 2, 12, 3], [13, 7, 14, 6], [15, 22, 16, 23], [17, 24, 18, 1], [19, 4, 20, 5], [21, 12, 22, 13], [23, 16, 24, 17]]"
12a_0411_38,"[[23, 16, 24, 17], [1, 18, 2, 19], [3, 10, 4, 11], [5, 9, 6, 8], [7, 15, 8, 14], [9, 20, 10, 21], [11, 2, 12, 3], [13, 7, 14, 6], [15, 22, 16, 23], [17, 24, 18, 1], [19, 4, 20, 5], [21, 12, 22, 13]]"
12a_0411_39,"[[21, 12, 22, 13], [23, 16, 24, 17], [1, 18, 2, 19], [3, 10, 4, 11], [5, 9, 6, 8], [7, 15, 8, 14], [9, 20, 10, 21], [11, 2, 12, 3], [13, 7, 14, 6], [15, 22, 16, 23], [17, 24, 18, 1], [19, 4, 20, 5]]"
12a_0411_40,"[[19, 4, 20, 5], [21, 12, 22, 13], [23, 16, 24, 17], [1, 18, 2, 19], [3, 10, 4, 11], [5, 9, 6, 8], [7, 15, 8, 14], [9, 20, 10, 21], [11, 2, 12, 3], [13, 7, 14, 6], [15, 22, 16, 23], [17, 24, 18, 1]]"
12a_0411_41,"[[17, 24, 18, 1], [19, 4, 20, 5], [21, 12, 22, 13], [23, 16, 24, 17], [1, 18, 2, 19], [3, 10, 4, 11], [5, 9, 6, 8], [7, 15, 8, 14], [9, 20, 10, 21], [11, 2, 12, 3], [13, 7, 14, 6], [15, 22, 16, 23]]"
12a_0411_42,"[[15, 22, 16, 23], [17, 24, 18, 1], [19, 4, 20, 5], [21, 12, 22, 13], [23, 16, 24, 17], [1, 18, 2, 19], [3, 10, 4, 11], [5, 9, 6, 8], [7, 15, 8, 14], [9, 20, 10, 21], [11, 2, 12, 3], [13, 7, 14, 6]]"
12a_0411_43,"[[13, 7, 14, 6], [15, 22, 16, 23], [17, 24, 18, 1], [19, 4, 20, 5], [21, 12, 22, 13], [23, 16, 24, 17], [1, 18, 2, 19], [3, 10, 4, 11], [5, 9, 6, 8], [7, 15, 8, 14], [9, 20, 10, 21], [11, 2, 12, 3]]"
12a_0411_44,"[[11, 2, 12, 3], [13, 7, 14, 6], [15, 22, 16, 23], [17, 24, 18, 1], [19, 4, 20, 5], [21, 12, 22, 13], [23, 16, 24, 17], [1, 18, 2, 19], [3, 10, 4, 11], [5, 9, 6, 8], [7, 15, 8, 14], [9, 20, 10, 21]]"
12a_0411_45,"[[9, 20, 10, 21], [11, 2, 12, 3], [13, 7, 14, 6], [15, 22, 16, 23], [17, 24, 18, 1], [19, 4, 20, 5], [21, 12, 22, 13], [23, 16, 24, 17], [1, 18, 2, 19], [3, 10, 4, 11], [5, 9, 6, 8], [7, 15, 8, 14]]"
12a_0411_46,"[[7, 15, 8, 14], [9, 20, 10, 21], [11, 2, 12, 3], [13, 7, 14, 6], [15, 22, 16, 23], [17, 24, 18, 1], [19, 4, 20, 5], [21, 12, 22, 13], [23, 16, 24, 17], [1, 18, 2, 19], [3, 10, 4, 11], [5, 9, 6, 8]]"
12a_0411_47,"[[5, 9, 6, 8], [7, 15, 8, 14], [9, 20, 10, 21], [11, 2, 12, 3], [13, 7, 14, 6], [15, 22, 16, 23], [17, 24, 18, 1], [19, 4, 20, 5], [21, 12, 22, 13], [23, 16, 24, 17], [1, 18, 2, 19], [3, 10, 4, 11]]"
12a_0411_48,"[[4, 11, 5, 12], [6, 10, 7, 9], [8, 16, 9, 15], [10, 21, 11, 22], [12, 3, 13, 4], [14, 8, 15, 7], [16, 23, 17, 24], [18, 1, 19, 2], [20, 5, 21, 6], [22, 13, 23, 14], [24, 17, 1, 18], [2, 19, 3, 20]]"
12a_0411_49,"[[2, 19, 3, 20], [4, 11, 5, 12], [6, 10, 7, 9], [8, 16, 9, 15], [10, 21, 11, 22], [12, 3, 13, 4], [14, 8, 15, 7], [16, 23, 17, 24], [18, 1, 19, 2], [20, 5, 21, 6], [22, 13, 23, 14], [24, 17, 1, 18]]"
12a_0411_50,"[[24, 17, 1, 18], [2, 19, 3, 20], [4, 11, 5, 12], [6, 10, 7, 9], [8, 16, 9, 15], [10, 21, 11, 22], [12, 3, 13, 4], [14, 8, 15, 7], [16, 23, 17, 24], [18, 1, 19, 2], [20, 5, 21, 6], [22, 13, 23, 14]]"
12a_0411_51,"[[22, 13, 23, 14], [24, 17, 1, 18], [2, 19, 3, 20], [4, 11, 5, 12], [6, 10, 7, 9], [8, 16, 9, 15], [10, 21, 11, 22], [12, 3, 13, 4], [14, 8, 15, 7], [16, 23, 17, 24], [18, 1, 19, 2], [20, 5, 21, 6]]"
12a_0411_52,"[[20, 5, 21, 6], [22, 13, 23, 14], [24, 17, 1, 18], [2, 19, 3, 20], [4, 11, 5, 12], [6, 10, 7, 9], [8, 16, 9, 15], [10, 21, 11, 22], [12, 3, 13, 4], [14, 8, 15, 7], [16, 23, 17, 24], [18, 1, 19, 2]]"
12a_0411_53,"[[18, 1, 19, 2], [20, 5, 21, 6], [22, 13, 23, 14], [24, 17, 1, 18], [2, 19, 3, 20], [4, 11, 5, 12], [6, 10, 7, 9], [8, 16, 9, 15], [10, 21, 11, 22], [12, 3, 13, 4], [14, 8, 15, 7], [16, 23, 17, 24]]"
12a_0411_54,"[[16, 23, 17, 24], [18, 1, 19, 2], [20, 5, 21, 6], [22, 13, 23, 14], [24, 17, 1, 18], [2, 19, 3, 20], [4, 11, 5, 12], [6, 10, 7, 9], [8, 16, 9, 15], [10, 21, 11, 22], [12, 3, 13, 4], [14, 8, 15, 7]]"
12a_0411_55,"[[14, 8, 15, 7], [16, 23, 17, 24], [18, 1, 19, 2], [20, 5, 21, 6], [22, 13, 23, 14], [24, 17, 1, 18], [2, 19, 3, 20], [4, 11, 5, 12], [6, 10, 7, 9], [8, 16, 9, 15], [10, 21, 11, 22], [12, 3, 13, 4]]"
12a_0411_56,"[[12, 3, 13, 4], [14, 8, 15, 7], [16, 23, 17, 24], [18, 1, 19, 2], [20, 5, 21, 6], [22, 13, 23, 14], [24, 17, 1, 18], [2, 19, 3, 20], [4, 11, 5, 12], [6, 10, 7, 9], [8, 16, 9, 15], [10, 21, 11, 22]]"
12a_0411_57,"[[10, 21, 11, 22], [12, 3, 13, 4], [14, 8, 15, 7], [16, 23, 17, 24], [18, 1, 19, 2], [20, 5, 21, 6], [22, 13, 23, 14], [24, 17, 1, 18], [2, 19, 3, 20], [4, 11, 5, 12], [6, 10, 7, 9], [8, 16, 9, 15]]"
12a_0411_58,"[[8, 16, 9, 15], [10, 21, 11, 22], [12, 3, 13, 4], [14, 8, 15, 7], [16, 23, 17, 24], [18, 1, 19, 2], [20, 5, 21, 6], [22, 13, 23, 14], [24, 17, 1, 18], [2, 19, 3, 20], [4, 11, 5, 12], [6, 10, 7, 9]]"
12a_0411_59,"[[6, 10, 7, 9], [8, 16, 9, 15], [10, 21, 11, 22], [12, 3, 13, 4], [14, 8, 15, 7], [16, 23, 17, 24], [18, 1, 19, 2], [20, 5, 21, 6], [22, 13, 23, 14], [24, 17, 1, 18], [2, 19, 3, 20], [4, 11, 5, 12]]"
12a_0411_60,"[[5, 12, 6, 13], [7, 11, 8, 10], [9, 17, 10, 16], [11, 22, 12, 23], [13, 4, 14, 5], [15, 9, 16, 8], [17, 24, 18, 1], [19, 2, 20, 3], [21, 6, 22, 7], [23, 14, 24, 15], [1, 18, 2, 19], [3, 20, 4, 21]]"
12a_0411_61,"[[3, 20, 4, 21], [5, 12, 6, 13], [7, 11, 8, 10], [9, 17, 10, 16], [11, 22, 12, 23], [13, 4, 14, 5], [15, 9, 16, 8], [17, 24, 18, 1], [19, 2, 20, 3], [21, 6, 22, 7], [23, 14, 24, 15], [1, 18, 2, 19]]"
12a_0411_62,"[[1, 18, 2, 19], [3, 20, 4, 21], [5, 12, 6, 13], [7, 11, 8, 10], [9, 17, 10, 16], [11, 22, 12, 23], [13, 4, 14, 5], [15, 9, 16, 8], [17, 24, 18, 1], [19, 2, 20, 3], [21, 6, 22, 7], [23, 14, 24, 15]]"
12a_0411_63,"[[23, 14, 24, 15], [1, 18, 2, 19], [3, 20, 4, 21], [5, 12, 6, 13], [7, 11, 8, 10], [9, 17, 10, 16], [11, 22, 12, 23], [13, 4, 14, 5], [15, 9, 16, 8], [17, 24, 18, 1], [19, 2, 20, 3], [21, 6, 22, 7]]"
12a_0411_64,"[[21, 6, 22, 7], [23, 14, 24, 15], [1, 18, 2, 19], [3, 20, 4, 21], [5, 12, 6, 13], [7, 11, 8, 10], [9, 17, 10, 16], [11, 22, 12, 23], [13, 4, 14, 5], [15, 9, 16, 8], [17, 24, 18, 1], [19, 2, 20, 3]]"
12a_0411_65,"[[19, 2, 20, 3], [21, 6, 22, 7], [23, 14, 24, 15], [1, 18, 2, 19], [3, 20, 4, 21], [5, 12, 6, 13], [7, 11, 8, 10], [9, 17, 10, 16], [11, 22, 12, 23], [13, 4, 14, 5], [15, 9, 16, 8], [17, 24, 18, 1]]"
12a_0411_66,"[[17, 24, 18, 1], [19, 2, 20, 3], [21, 6, 22, 7], [23, 14, 24, 15], [1, 18, 2, 19], [3, 20, 4, 21], [5, 12, 6, 13], [7, 11, 8, 10], [9, 17, 10, 16], [11, 22, 12, 23], [13, 4, 14, 5], [15, 9, 16, 8]]"
12a_0411_67,"[[15, 9, 16, 8], [17, 24, 18, 1], [19, 2, 20, 3], [21, 6, 22, 7], [23, 14, 24, 15], [1, 18, 2, 19], [3, 20, 4, 21], [5, 12, 6, 13], [7, 11, 8, 10], [9, 17, 10, 16], [11, 22, 12, 23], [13, 4, 14, 5]]"
12a_0411_68,"[[13, 4, 14, 5], [15, 9, 16, 8], [17, 24, 18, 1], [19, 2, 20, 3], [21, 6, 22, 7], [23, 14, 24, 15], [1, 18, 2, 19], [3, 20, 4, 21], [5, 12, 6, 13], [7, 11, 8, 10], [9, 17, 10, 16], [11, 22, 12, 23]]"
12a_0411_69,"[[11, 22, 12, 23], [13, 4, 14, 5], [15, 9, 16, 8], [17, 24, 18, 1], [19, 2, 20, 3], [21, 6, 22, 7], [23, 14, 24, 15], [1, 18, 2, 19], [3, 20, 4, 21], [5, 12, 6, 13], [7, 11, 8, 10], [9, 17, 10, 16]]"
12a_0411_70,"[[9, 17, 10, 16], [11, 22, 12, 23], [13, 4, 14, 5], [15, 9, 16, 8], [17, 24, 18, 1], [19, 2, 20, 3], [21, 6, 22, 7], [23, 14, 24, 15], [1, 18, 2, 19], [3, 20, 4, 21], [5, 12, 6, 13], [7, 11, 8, 10]]"
12a_0411_71,"[[7, 11, 8, 10], [9, 17, 10, 16], [11, 22, 12, 23], [13, 4, 14, 5], [15, 9, 16, 8], [17, 24, 18, 1], [19, 2, 20, 3], [21, 6, 22, 7], [23, 14, 24, 15], [1, 18, 2, 19], [3, 20, 4, 21], [5, 12, 6, 13]]"
12a_0411_72,"[[6, 13, 7, 14], [8, 12, 9, 11], [10, 18, 11, 17], [12, 23, 13, 24], [14, 5, 15, 6], [16, 10, 17, 9], [18, 1, 19, 2], [20, 3, 21, 4], [22, 7, 23, 8], [24, 15, 1, 16], [2, 19, 3, 20], [4, 21, 5, 22]]"
12a_0411_73,"[[4, 21, 5, 22], [6, 13, 7, 14], [8, 12, 9, 11], [10, 18, 11, 17], [12, 23, 13, 24], [14, 5, 15, 6], [16, 10, 17, 9], [18, 1, 19, 2], [20, 3, 21, 4], [22, 7, 23, 8], [24, 15, 1, 16], [2, 19, 3, 20]]"
12a_0411_74,"[[2, 19, 3, 20], [4, 21, 5, 22], [6, 13, 7, 14], [8, 12, 9, 11], [10, 18, 11, 17], [12, 23, 13, 24], [14, 5, 15, 6], [16, 10, 17, 9], [18, 1, 19, 2], [20, 3, 21, 4], [22, 7, 23, 8], [24, 15, 1, 16]]"
12a_0411_75,"[[24, 15, 1, 16], [2, 19, 3, 20], [4, 21, 5, 22], [6, 13, 7, 14], [8, 12, 9, 11], [10, 18, 11, 17], [12, 23, 13, 24], [14, 5, 15, 6], [16, 10, 17, 9], [18, 1, 19, 2], [20, 3, 21, 4], [22, 7, 23, 8]]"
12a_0411_76,"[[22, 7, 23, 8], [24, 15, 1, 16], [2, 19, 3, 20], [4, 21, 5, 22], [6, 13, 7, 14], [8, 12, 9, 11], [10, 18, 11, 17], [12, 23, 13, 24], [14, 5, 15, 6], [16, 10, 17, 9], [18, 1, 19, 2], [20, 3, 21, 4]]"
12a_0411_77,"[[20, 3, 21, 4], [22, 7, 23, 8], [24, 15, 1, 16], [2, 19, 3, 20], [4, 21, 5, 22], [6, 13, 7, 14], [8, 12, 9, 11], [10, 18, 11, 17], [12, 23, 13, 24], [14, 5, 15, 6], [16, 10, 17, 9], [18, 1, 19, 2]]"
12a_0411_78,"[[18, 1, 19, 2], [20, 3, 21, 4], [22, 7, 23, 8], [24, 15, 1, 16], [2, 19, 3, 20], [4, 21, 5, 22], [6, 13, 7, 14], [8, 12, 9, 11], [10, 18, 11, 17], [12, 23, 13, 24], [14, 5, 15, 6], [16, 10, 17, 9]]"
12a_0411_79,"[[16, 10, 17, 9], [18, 1, 19, 2], [20, 3, 21, 4], [22, 7, 23, 8], [24, 15, 1, 16], [2, 19, 3, 20], [4, 21, 5, 22], [6, 13, 7, 14], [8, 12, 9, 11], [10, 18, 11, 17], [12, 23, 13, 24], [14, 5, 15, 6]]"
12a_0411_80,"[[14, 5, 15, 6], [16, 10, 17, 9], [18, 1, 19, 2], [20, 3, 21, 4], [22, 7, 23, 8], [24, 15, 1, 16], [2, 19, 3, 20], [4, 21, 5, 22], [6, 13, 7, 14], [8, 12, 9, 11], [10, 18, 11, 17], [12, 23, 13, 24]]"
12a_0411_81,"[[12, 23, 13, 24], [14, 5, 15, 6], [16, 10, 17, 9], [18, 1, 19, 2], [20, 3, 21, 4], [22, 7, 23, 8], [24, 15, 1, 16], [2, 19, 3, 20], [4, 21, 5, 22], [6, 13, 7, 14], [8, 12, 9, 11], [10, 18, 11, 17]]"
12a_0411_82,"[[10, 18, 11, 17], [12, 23, 13, 24], [14, 5, 15, 6], [16, 10, 17, 9], [18, 1, 19, 2], [20, 3, 21, 4], [22, 7, 23, 8], [24, 15, 1, 16], [2, 19, 3, 20], [4, 21, 5, 22], [6, 13, 7, 14], [8, 12, 9, 11]]"
12a_0411_83,"[[8, 12, 9, 11], [10, 18, 11, 17], [12, 23, 13, 24], [14, 5, 15, 6], [16, 10, 17, 9], [18, 1, 19, 2], [20, 3, 21, 4], [22, 7, 23, 8], [24, 15, 1, 16], [2, 19, 3, 20], [4, 21, 5, 22], [6, 13, 7, 14]]"
12a_0411_84,"[[7, 14, 8, 15], [9, 13, 10, 12], [11, 19, 12, 18], [13, 24, 14, 1], [15, 6, 16, 7], [17, 11, 18, 10], [19, 2, 20, 3], [21, 4, 22, 5], [23, 8, 24, 9], [1, 16, 2, 17], [3, 20, 4, 21], [5, 22, 6, 23]]"
12a_0411_85,"[[5, 22, 6, 23], [7, 14, 8, 15], [9, 13, 10, 12], [11, 19, 12, 18], [13, 24, 14, 1], [15, 6, 16, 7], [17, 11, 18, 10], [19, 2, 20, 3], [21, 4, 22, 5], [23, 8, 24, 9], [1, 16, 2, 17], [3, 20, 4, 21]]"
12a_0411_86,"[[3, 20, 4, 21], [5, 22, 6, 23], [7, 14, 8, 15], [9, 13, 10, 12], [11, 19, 12, 18], [13, 24, 14, 1], [15, 6, 16, 7], [17, 11, 18, 10], [19, 2, 20, 3], [21, 4, 22, 5], [23, 8, 24, 9], [1, 16, 2, 17]]"
12a_0411_87,"[[1, 16, 2, 17], [3, 20, 4, 21], [5, 22, 6, 23], [7, 14, 8, 15], [9, 13, 10, 12], [11, 19, 12, 18], [13, 24, 14, 1], [15, 6, 16, 7], [17, 11, 18, 10], [19, 2, 20, 3], [21, 4, 22, 5], [23, 8, 24, 9]]"
12a_0411_88,"[[23, 8, 24, 9], [1, 16, 2, 17], [3, 20, 4, 21], [5, 22, 6, 23], [7, 14, 8, 15], [9, 13, 10, 12], [11, 19, 12, 18], [13, 24, 14, 1], [15, 6, 16, 7], [17, 11, 18, 10], [19, 2, 20, 3], [21, 4, 22, 5]]"
12a_0411_89,"[[21, 4, 22, 5], [23, 8, 24, 9], [1, 16, 2, 17], [3, 20, 4, 21], [5, 22, 6, 23], [7, 14, 8, 15], [9, 13, 10, 12], [11, 19, 12, 18], [13, 24, 14, 1], [15, 6, 16, 7], [17, 11, 18, 10], [19, 2, 20, 3]]"
12a_0411_90,"[[19, 2, 20, 3], [21, 4, 22, 5], [23, 8, 24, 9], [1, 16, 2, 17], [3, 20, 4, 21], [5, 22, 6, 23], [7, 14, 8, 15], [9, 13, 10, 12], [11, 19, 12, 18], [13, 24, 14, 1], [15, 6, 16, 7], [17, 11, 18, 10]]"
12a_0411_91,"[[17, 11, 18, 10], [19, 2, 20, 3], [21, 4, 22, 5], [23, 8, 24, 9], [1, 16, 2, 17], [3, 20, 4, 21], [5, 22, 6, 23], [7, 14, 8, 15], [9, 13, 10, 12], [11, 19, 12, 18], [13, 24, 14, 1], [15, 6, 16, 7]]"
12a_0411_92,"[[15, 6, 16, 7], [17, 11, 18, 10], [19, 2, 20, 3], [21, 4, 22, 5], [23, 8, 24, 9], [1, 16, 2, 17], [3, 20, 4, 21], [5, 22, 6, 23], [7, 14, 8, 15], [9, 13, 10, 12], [11, 19, 12, 18], [13, 24, 14, 1]]"
12a_0411_93,"[[13, 24, 14, 1], [15, 6, 16, 7], [17, 11, 18, 10], [19, 2, 20, 3], [21, 4, 22, 5], [23, 8, 24, 9], [1, 16, 2, 17], [3, 20, 4, 21], [5, 22, 6, 23], [7, 14, 8, 15], [9, 13, 10, 12], [11, 19, 12, 18]]"
12a_0411_94,"[[11, 19, 12, 18], [13, 24, 14, 1], [15, 6, 16, 7], [17, 11, 18, 10], [19, 2, 20, 3], [21, 4, 22, 5], [23, 8, 24, 9], [1, 16, 2, 17], [3, 20, 4, 21], [5, 22, 6, 23], [7, 14, 8, 15], [9, 13, 10, 12]]"
12a_0411_95,"[[9, 13, 10, 12], [11, 19, 12, 18], [13, 24, 14, 1], [15, 6, 16, 7], [17, 11, 18, 10], [19, 2, 20, 3], [21, 4, 22, 5], [23, 8, 24, 9], [1, 16, 2, 17], [3, 20, 4, 21], [5, 22, 6, 23], [7, 14, 8, 15]]"
12a_0411_96,"[[8, 15, 9, 16], [10, 14, 11, 13], [12, 20, 13, 19], [14, 1, 15, 2], [16, 7, 17, 8], [18, 12, 19, 11], [20, 3, 21, 4], [22, 5, 23, 6], [24, 9, 1, 10], [2, 17, 3, 18], [4, 21, 5, 22], [6, 23, 7, 24]]"
12a_0411_97,"[[6, 23, 7, 24], [8, 15, 9, 16], [10, 14, 11, 13], [12, 20, 13, 19], [14, 1, 15, 2], [16, 7, 17, 8], [18, 12, 19, 11], [20, 3, 21, 4], [22, 5, 23, 6], [24, 9, 1, 10], [2, 17, 3, 18], [4, 21, 5, 22]]"
12a_0411_98,"[[4, 21, 5, 22], [6, 23, 7, 24], [8, 15, 9, 16], [10, 14, 11, 13], [12, 20, 13, 19], [14, 1, 15, 2], [16, 7, 17, 8], [18, 12, 19, 11], [20, 3, 21, 4], [22, 5, 23, 6], [24, 9, 1, 10], [2, 17, 3, 18]]"
12a_0411_99,"[[2, 17, 3, 18], [4, 21, 5, 22], [6, 23, 7, 24], [8, 15, 9, 16], [10, 14, 11, 13], [12, 20, 13, 19], [14, 1, 15, 2], [16, 7, 17, 8], [18, 12, 19, 11], [20, 3, 21, 4], [22, 5, 23, 6], [24, 9, 1, 10]]"
12a_0411_100,"[[24, 9, 1, 10], [2, 17, 3, 18], [4, 21, 5, 22], [6, 23, 7, 24], [8, 15, 9, 16], [10, 14, 11, 13], [12, 20, 13, 19], [14, 1, 15, 2], [16, 7, 17, 8], [18, 12, 19, 11], [20, 3, 21, 4], [22, 5, 23, 6]]"
12a_0411_101,"[[22, 5, 23, 6], [24, 9, 1, 10], [2, 17, 3, 18], [4, 21, 5, 22], [6, 23, 7, 24], [8, 15, 9, 16], [10, 14, 11, 13], [12, 20, 13, 19], [14, 1, 15, 2], [16, 7, 17, 8], [18, 12, 19, 11], [20, 3, 21, 4]]"
12a_0411_102,"[[20, 3, 21, 4], [22, 5, 23, 6], [24, 9, 1, 10], [2, 17, 3, 18], [4, 21, 5, 22], [6, 23, 7, 24], [8, 15, 9, 16], [10, 14, 11, 13], [12, 20, 13, 19], [14, 1, 15, 2], [16, 7, 17, 8], [18, 12, 19, 11]]"
12a_0411_103,"[[18, 12, 19, 11], [20, 3, 21, 4], [22, 5, 23, 6], [24, 9, 1, 10], [2, 17, 3, 18], [4, 21, 5, 22], [6, 23, 7, 24], [8, 15, 9, 16], [10, 14, 11, 13], [12, 20, 13, 19], [14, 1, 15, 2], [16, 7, 17, 8]]"
12a_0411_104,"[[16, 7, 17, 8], [18, 12, 19, 11], [20, 3, 21, 4], [22, 5, 23, 6], [24, 9, 1, 10], [2, 17, 3, 18], [4, 21, 5, 22], [6, 23, 7, 24], [8, 15, 9, 16], [10, 14, 11, 13], [12, 20, 13, 19], [14, 1, 15, 2]]"
12a_0411_105,"[[14, 1, 15, 2], [16, 7, 17, 8], [18, 12, 19, 11], [20, 3, 21, 4], [22, 5, 23, 6], [24, 9, 1, 10], [2, 17, 3, 18], [4, 21, 5, 22], [6, 23, 7, 24], [8, 15, 9, 16], [10, 14, 11, 13], [12, 20, 13, 19]]"
12a_0411_106,"[[12, 20, 13, 19], [14, 1, 15, 2], [16, 7, 17, 8], [18, 12, 19, 11], [20, 3, 21, 4], [22, 5, 23, 6], [24, 9, 1, 10], [2, 17, 3, 18], [4, 21, 5, 22], [6, 23, 7, 24], [8, 15, 9, 16], [10, 14, 11, 13]]"
12a_0411_107,"[[10, 14, 11, 13], [12, 20, 13, 19], [14, 1, 15, 2], [16, 7, 17, 8], [18, 12, 19, 11], [20, 3, 21, 4], [22, 5, 23, 6], [24, 9, 1, 10], [2, 17, 3, 18], [4, 21, 5, 22], [6, 23, 7, 24], [8, 15, 9, 16]]"
12a_0411_108,"[[9, 16, 10, 17], [11, 15, 12, 14], [13, 21, 14, 20], [15, 2, 16, 3], [17, 8, 18, 9], [19, 13, 20, 12], [21, 4, 22, 5], [23, 6, 24, 7], [1, 10, 2, 11], [3, 18, 4, 19], [5, 22, 6, 23], [7, 24, 8, 1]]"
12a_0411_109,"[[7, 24, 8, 1], [9, 16, 10, 17], [11, 15, 12, 14], [13, 21, 14, 20], [15, 2, 16, 3], [17, 8, 18, 9], [19, 13, 20, 12], [21, 4, 22, 5], [23, 6, 24, 7], [1, 10, 2, 11], [3, 18, 4, 19], [5, 22, 6, 23]]"
12a_0411_110,"[[5, 22, 6, 23], [7, 24, 8, 1], [9, 16, 10, 17], [11, 15, 12, 14], [13, 21, 14, 20], [15, 2, 16, 3], [17, 8, 18, 9], [19, 13, 20, 12], [21, 4, 22, 5], [23, 6, 24, 7], [1, 10, 2, 11], [3, 18, 4, 19]]"
12a_0411_111,"[[3, 18, 4, 19], [5, 22, 6, 23], [7, 24, 8, 1], [9, 16, 10, 17], [11, 15, 12, 14], [13, 21, 14, 20], [15, 2, 16, 3], [17, 8, 18, 9], [19, 13, 20, 12], [21, 4, 22, 5], [23, 6, 24, 7], [1, 10, 2, 11]]"
12a_0411_112,"[[1, 10, 2, 11], [3, 18, 4, 19], [5, 22, 6, 23], [7, 24, 8, 1], [9, 16, 10, 17], [11, 15, 12, 14], [13, 21, 14, 20], [15, 2, 16, 3], [17, 8, 18, 9], [19, 13, 20, 12], [21, 4, 22, 5], [23, 6, 24, 7]]"
12a_0411_113,"[[23, 6, 24, 7], [1, 10, 2, 11], [3, 18, 4, 19], [5, 22, 6, 23], [7, 24, 8, 1], [9, 16, 10, 17], [11, 15, 12, 14], [13, 21, 14, 20], [15, 2, 16, 3], [17, 8, 18, 9], [19, 13, 20, 12], [21, 4, 22, 5]]"
12a_0411_114,"[[21, 4, 22, 5], [23, 6, 24, 7], [1, 10, 2, 11], [3, 18, 4, 19], [5, 22, 6, 23], [7, 24, 8, 1], [9, 16, 10, 17], [11, 15, 12, 14], [13, 21, 14, 20], [15, 2, 16, 3], [17, 8, 18, 9], [19, 13, 20, 12]]"
12a_0411_115,"[[19, 13, 20, 12], [21, 4, 22, 5], [23, 6, 24, 7], [1, 10, 2, 11], [3, 18, 4, 19], [5, 22, 6, 23], [7, 24, 8, 1], [9, 16, 10, 17], [11, 15, 12, 14], [13, 21, 14, 20], [15, 2, 16, 3], [17, 8, 18, 9]]"
12a_0411_116,"[[17, 8, 18, 9], [19, 13, 20, 12], [21, 4, 22, 5], [23, 6, 24, 7], [1, 10, 2, 11], [3, 18, 4, 19], [5, 22, 6, 23], [7, 24, 8, 1], [9, 16, 10, 17], [11, 15, 12, 14], [13, 21, 14, 20], [15, 2, 16, 3]]"
12a_0411_117,"[[15, 2, 16, 3], [17, 8, 18, 9], [19, 13, 20, 12], [21, 4, 22, 5], [23, 6, 24, 7], [1, 10, 2, 11], [3, 18, 4, 19], [5, 22, 6, 23], [7, 24, 8, 1], [9, 16, 10, 17], [11, 15, 12, 14], [13, 21, 14, 20]]"
12a_0411_118,"[[13, 21, 14, 20], [15, 2, 16, 3], [17, 8, 18, 9], [19, 13, 20, 12], [21, 4, 22, 5], [23, 6, 24, 7], [1, 10, 2, 11], [3, 18, 4, 19], [5, 22, 6, 23], [7, 24, 8, 1], [9, 16, 10, 17], [11, 15, 12, 14]]"
12a_0411_119,"[[11, 15, 12, 14], [13, 21, 14, 20], [15, 2, 16, 3], [17, 8, 18, 9], [19, 13, 20, 12], [21, 4, 22, 5], [23, 6, 24, 7], [1, 10, 2, 11], [3, 18, 4, 19], [5, 22, 6, 23], [7, 24, 8, 1], [9, 16, 10, 17]]"
12a_0411_120,"[[10, 17, 11, 18], [12, 16, 13, 15], [14, 22, 15, 21], [16, 3, 17, 4], [18, 9, 19, 10], [20, 14, 21, 13], [22, 5, 23, 6], [24, 7, 1, 8], [2, 11, 3, 12], [4, 19, 5, 20], [6, 23, 7, 24], [8, 1, 9, 2]]"
12a_0411_121,"[[8, 1, 9, 2], [10, 17, 11, 18], [12, 16, 13, 15], [14, 22, 15, 21], [16, 3, 17, 4], [18, 9, 19, 10], [20, 14, 21, 13], [22, 5, 23, 6], [24, 7, 1, 8], [2, 11, 3, 12], [4, 19, 5, 20], [6, 23, 7, 24]]"
12a_0411_122,"[[6, 23, 7, 24], [8, 1, 9, 2], [10, 17, 11, 18], [12, 16, 13, 15], [14, 22, 15, 21], [16, 3, 17, 4], [18, 9, 19, 10], [20, 14, 21, 13], [22, 5, 23, 6], [24, 7, 1, 8], [2, 11, 3, 12], [4, 19, 5, 20]]"
12a_0411_123,"[[4, 19, 5, 20], [6, 23, 7, 24], [8, 1, 9, 2], [10, 17, 11, 18], [12, 16, 13, 15], [14, 22, 15, 21], [16, 3, 17, 4], [18, 9, 19, 10], [20, 14, 21, 13], [22, 5, 23, 6], [24, 7, 1, 8], [2, 11, 3, 12]]"
12a_0411_124,"[[2, 11, 3, 12], [4, 19, 5, 20], [6, 23, 7, 24], [8, 1, 9, 2], [10, 17, 11, 18], [12, 16, 13, 15], [14, 22, 15, 21], [16, 3, 17, 4], [18, 9, 19, 10], [20, 14, 21, 13], [22, 5, 23, 6], [24, 7, 1, 8]]"
12a_0411_125,"[[24, 7, 1, 8], [2, 11, 3, 12], [4, 19, 5, 20], [6, 23, 7, 24], [8, 1, 9, 2], [10, 17, 11, 18], [12, 16, 13, 15], [14, 22, 15, 21], [16, 3, 17, 4], [18, 9, 19, 10], [20, 14, 21, 13], [22, 5, 23, 6]]"
12a_0411_126,"[[22, 5, 23, 6], [24, 7, 1, 8], [2, 11, 3, 12], [4, 19, 5, 20], [6, 23, 7, 24], [8, 1, 9, 2], [10, 17, 11, 18], [12, 16, 13, 15], [14, 22, 15, 21], [16, 3, 17, 4], [18, 9, 19, 10], [20, 14, 21, 13]]"
12a_0411_127,"[[20, 14, 21, 13], [22, 5, 23, 6], [24, 7, 1, 8], [2, 11, 3, 12], [4, 19, 5, 20], [6, 23, 7, 24], [8, 1, 9, 2], [10, 17, 11, 18], [12, 16, 13, 15], [14, 22, 15, 21], [16, 3, 17, 4], [18, 9, 19, 10]]"
12a_0411_128,"[[18, 9, 19, 10], [20, 14, 21, 13], [22, 5, 23, 6], [24, 7, 1, 8], [2, 11, 3, 12], [4, 19, 5, 20], [6, 23, 7, 24], [8, 1, 9, 2], [10, 17, 11, 18], [12, 16, 13, 15], [14, 22, 15, 21], [16, 3, 17, 4]]"
12a_0411_129,"[[16, 3, 17, 4], [18, 9, 19, 10], [20, 14, 21, 13], [22, 5, 23, 6], [24, 7, 1, 8], [2, 11, 3, 12], [4, 19, 5, 20], [6, 23, 7, 24], [8, 1, 9, 2], [10, 17, 11, 18], [12, 16, 13, 15], [14, 22, 15, 21]]"
12a_0411_130,"[[14, 22, 15, 21], [16, 3, 17, 4], [18, 9, 19, 10], [20, 14, 21, 13], [22, 5, 23, 6], [24, 7, 1, 8], [2, 11, 3, 12], [4, 19, 5, 20], [6, 23, 7, 24], [8, 1, 9, 2], [10, 17, 11, 18], [12, 16, 13, 15]]"
12a_0411_131,"[[12, 16, 13, 15], [14, 22, 15, 21], [16, 3, 17, 4], [18, 9, 19, 10], [20, 14, 21, 13], [22, 5, 23, 6], [24, 7, 1, 8], [2, 11, 3, 12], [4, 19, 5, 20], [6, 23, 7, 24], [8, 1, 9, 2], [10, 17, 11, 18]]"
12a_0411_132,"[[11, 18, 12, 19], [13, 17, 14, 16], [15, 23, 16, 22], [17, 4, 18, 5], [19, 10, 20, 11], [21, 15, 22, 14], [23, 6, 24, 7], [1, 8, 2, 9], [3, 12, 4, 13], [5, 20, 6, 21], [7, 24, 8, 1], [9, 2, 10, 3]]"
12a_0411_133,"[[9, 2, 10, 3], [11, 18, 12, 19], [13, 17, 14, 16], [15, 23, 16, 22], [17, 4, 18, 5], [19, 10, 20, 11], [21, 15, 22, 14], [23, 6, 24, 7], [1, 8, 2, 9], [3, 12, 4, 13], [5, 20, 6, 21], [7, 24, 8, 1]]"
12a_0411_134,"[[7, 24, 8, 1], [9, 2, 10, 3], [11, 18, 12, 19], [13, 17, 14, 16], [15, 23, 16, 22], [17, 4, 18, 5], [19, 10, 20, 11], [21, 15, 22, 14], [23, 6, 24, 7], [1, 8, 2, 9], [3, 12, 4, 13], [5, 20, 6, 21]]"
12a_0411_135,"[[5, 20, 6, 21], [7, 24, 8, 1], [9, 2, 10, 3], [11, 18, 12, 19], [13, 17, 14, 16], [15, 23, 16, 22], [17, 4, 18, 5], [19, 10, 20, 11], [21, 15, 22, 14], [23, 6, 24, 7], [1, 8, 2, 9], [3, 12, 4, 13]]"
12a_0411_136,"[[3, 12, 4, 13], [5, 20, 6, 21], [7, 24, 8, 1], [9, 2, 10, 3], [11, 18, 12, 19], [13, 17, 14, 16], [15, 23, 16, 22], [17, 4, 18, 5], [19, 10, 20, 11], [21, 15, 22, 14], [23, 6, 24, 7], [1, 8, 2, 9]]"
12a_0411_137,"[[1, 8, 2, 9], [3, 12, 4, 13], [5, 20, 6, 21], [7, 24, 8, 1], [9, 2, 10, 3], [11, 18, 12, 19], [13, 17, 14, 16], [15, 23, 16, 22], [17, 4, 18, 5], [19, 10, 20, 11], [21, 15, 22, 14], [23, 6, 24, 7]]"
12a_0411_138,"[[23, 6, 24, 7], [1, 8, 2, 9], [3, 12, 4, 13], [5, 20, 6, 21], [7, 24, 8, 1], [9, 2, 10, 3], [11, 18, 12, 19], [13, 17, 14, 16], [15, 23, 16, 22], [17, 4, 18, 5], [19, 10, 20, 11], [21, 15, 22, 14]]"
12a_0411_139,"[[21, 15, 22, 14], [23, 6, 24, 7], [1, 8, 2, 9], [3, 12, 4, 13], [5, 20, 6, 21], [7, 24, 8, 1], [9, 2, 10, 3], [11, 18, 12, 19], [13, 17, 14, 16], [15, 23, 16, 22], [17, 4, 18, 5], [19, 10, 20, 11]]"
12a_0411_140,"[[19, 10, 20, 11], [21, 15, 22, 14], [23, 6, 24, 7], [1, 8, 2, 9], [3, 12, 4, 13], [5, 20, 6, 21], [7, 24, 8, 1], [9, 2, 10, 3], [11, 18, 12, 19], [13, 17, 14, 16], [15, 23, 16, 22], [17, 4, 18, 5]]"
12a_0411_141,"[[17, 4, 18, 5], [19, 10, 20, 11], [21, 15, 22, 14], [23, 6, 24, 7], [1, 8, 2, 9], [3, 12, 4, 13], [5, 20, 6, 21], [7, 24, 8, 1], [9, 2, 10, 3], [11, 18, 12, 19], [13, 17, 14, 16], [15, 23, 16, 22]]"
12a_0411_142,"[[15, 23, 16, 22], [17, 4, 18, 5], [19, 10, 20, 11], [21, 15, 22, 14], [23, 6, 24, 7], [1, 8, 2, 9], [3, 12, 4, 13], [5, 20, 6, 21], [7, 24, 8, 1], [9, 2, 10, 3], [11, 18, 12, 19], [13, 17, 14, 16]]"
12a_0411_143,"[[13, 17, 14, 16], [15, 23, 16, 22], [17, 4, 18, 5], [19, 10, 20, 11], [21, 15, 22, 14], [23, 6, 24, 7], [1, 8, 2, 9], [3, 12, 4, 13], [5, 20, 6, 21], [7, 24, 8, 1], [9, 2, 10, 3], [11, 18, 12, 19]]"
12a_0411_144,"[[12, 19, 13, 20], [14, 18, 15, 17], [16, 24, 17, 23], [18, 5, 19, 6], [20, 11, 21, 12], [22, 16, 23, 15], [24, 7, 1, 8], [2, 9, 3, 10], [4, 13, 5, 14], [6, 21, 7, 22], [8, 1, 9, 2], [10, 3, 11, 4]]"
12a_0411_145,"[[10, 3, 11, 4], [12, 19, 13, 20], [14, 18, 15, 17], [16, 24, 17, 23], [18, 5, 19, 6], [20, 11, 21, 12], [22, 16, 23, 15], [24, 7, 1, 8], [2, 9, 3, 10], [4, 13, 5, 14], [6, 21, 7, 22], [8, 1, 9, 2]]"
12a_0411_146,"[[8, 1, 9, 2], [10, 3, 11, 4], [12, 19, 13, 20], [14, 18, 15, 17], [16, 24, 17, 23], [18, 5, 19, 6], [20, 11, 21, 12], [22, 16, 23, 15], [24, 7, 1, 8], [2, 9, 3, 10], [4, 13, 5, 14], [6, 21, 7, 22]]"
12a_0411_147,"[[6, 21, 7, 22], [8, 1, 9, 2], [10, 3, 11, 4], [12, 19, 13, 20], [14, 18, 15, 17], [16, 24, 17, 23], [18, 5, 19, 6], [20, 11, 21, 12], [22, 16, 23, 15], [24, 7, 1, 8], [2, 9, 3, 10], [4, 13, 5, 14]]"
12a_0411_148,"[[4, 13, 5, 14], [6, 21, 7, 22], [8, 1, 9, 2], [10, 3, 11, 4], [12, 19, 13, 20], [14, 18, 15, 17], [16, 24, 17, 23], [18, 5, 19, 6], [20, 11, 21, 12], [22, 16, 23, 15], [24, 7, 1, 8], [2, 9, 3, 10]]"
12a_0411_149,"[[2, 9, 3, 10], [4, 13, 5, 14], [6, 21, 7, 22], [8, 1, 9, 2], [10, 3, 11, 4], [12, 19, 13, 20], [14, 18, 15, 17], [16, 24, 17, 23], [18, 5, 19, 6], [20, 11, 21, 12], [22, 16, 23, 15], [24, 7, 1, 8]]"
12a_0411_150,"[[24, 7, 1, 8], [2, 9, 3, 10], [4, 13, 5, 14], [6, 21, 7, 22], [8, 1, 9, 2], [10, 3, 11, 4], [12, 19, 13, 20], [14, 18, 15, 17], [16, 24, 17, 23], [18, 5, 19, 6], [20, 11, 21, 12], [22, 16, 23, 15]]"
12a_0411_151,"[[22, 16, 23, 15], [24, 7, 1, 8], [2, 9, 3, 10], [4, 13, 5, 14], [6, 21, 7, 22], [8, 1, 9, 2], [10, 3, 11, 4], [12, 19, 13, 20], [14, 18, 15, 17], [16, 24, 17, 23], [18, 5, 19, 6], [20, 11, 21, 12]]"
12a_0411_152,"[[20, 11, 21, 12], [22, 16, 23, 15], [24, 7, 1, 8], [2, 9, 3, 10], [4, 13, 5, 14], [6, 21, 7, 22], [8, 1, 9, 2], [10, 3, 11, 4], [12, 19, 13, 20], [14, 18, 15, 17], [16, 24, 17, 23], [18, 5, 19, 6]]"
12a_0411_153,"[[18, 5, 19, 6], [20, 11, 21, 12], [22, 16, 23, 15], [24, 7, 1, 8], [2, 9, 3, 10], [4, 13, 5, 14], [6, 21, 7, 22], [8, 1, 9, 2], [10, 3, 11, 4], [12, 19, 13, 20], [14, 18, 15, 17], [16, 24, 17, 23]]"
12a_0411_154,"[[16, 24, 17, 23], [18, 5, 19, 6], [20, 11, 21, 12], [22, 16, 23, 15], [24, 7, 1, 8], [2, 9, 3, 10], [4, 13, 5, 14], [6, 21, 7, 22], [8, 1, 9, 2], [10, 3, 11, 4], [12, 19, 13, 20], [14, 18, 15, 17]]"
12a_0411_155,"[[14, 18, 15, 17], [16, 24, 17, 23], [18, 5, 19, 6], [20, 11, 21, 12], [22, 16, 23, 15], [24, 7, 1, 8], [2, 9, 3, 10], [4, 13, 5, 14], [6, 21, 7, 22], [8, 1, 9, 2], [10, 3, 11, 4], [12, 19, 13, 20]]"
12a_0411_156,"[[13, 20, 14, 21], [15, 19, 16, 18], [17, 1, 18, 24], [19, 6, 20, 7], [21, 12, 22, 13], [23, 17, 24, 16], [1, 8, 2, 9], [3, 10, 4, 11], [5, 14, 6, 15], [7, 22, 8, 23], [9, 2, 10, 3], [11, 4, 12, 5]]"
12a_0411_157,"[[11, 4, 12, 5], [13, 20, 14, 21], [15, 19, 16, 18], [17, 1, 18, 24], [19, 6, 20, 7], [21, 12, 22, 13], [23, 17, 24, 16], [1, 8, 2, 9], [3, 10, 4, 11], [5, 14, 6, 15], [7, 22, 8, 23], [9, 2, 10, 3]]"
12a_0411_158,"[[9, 2, 10, 3], [11, 4, 12, 5], [13, 20, 14, 21], [15, 19, 16, 18], [17, 1, 18, 24], [19, 6, 20, 7], [21, 12, 22, 13], [23, 17, 24, 16], [1, 8, 2, 9], [3, 10, 4, 11], [5, 14, 6, 15], [7, 22, 8, 23]]"
12a_0411_159,"[[7, 22, 8, 23], [9, 2, 10, 3], [11, 4, 12, 5], [13, 20, 14, 21], [15, 19, 16, 18], [17, 1, 18, 24], [19, 6, 20, 7], [21, 12, 22, 13], [23, 17, 24, 16], [1, 8, 2, 9], [3, 10, 4, 11], [5, 14, 6, 15]]"
12a_0411_160,"[[5, 14, 6, 15], [7, 22, 8, 23], [9, 2, 10, 3], [11, 4, 12, 5], [13, 20, 14, 21], [15, 19, 16, 18], [17, 1, 18, 24], [19, 6, 20, 7], [21, 12, 22, 13], [23, 17, 24, 16], [1, 8, 2, 9], [3, 10, 4, 11]]"
12a_0411_161,"[[3, 10, 4, 11], [5, 14, 6, 15], [7, 22, 8, 23], [9, 2, 10, 3], [11, 4, 12, 5], [13, 20, 14, 21], [15, 19, 16, 18], [17, 1, 18, 24], [19, 6, 20, 7], [21, 12, 22, 13], [23, 17, 24, 16], [1, 8, 2, 9]]"
12a_0411_162,"[[1, 8, 2, 9], [3, 10, 4, 11], [5, 14, 6, 15], [7, 22, 8, 23], [9, 2, 10, 3], [11, 4, 12, 5], [13, 20, 14, 21], [15, 19, 16, 18], [17, 1, 18, 24], [19, 6, 20, 7], [21, 12, 22, 13], [23, 17, 24, 16]]"
12a_0411_163,"[[23, 17, 24, 16], [1, 8, 2, 9], [3, 10, 4, 11], [5, 14, 6, 15], [7, 22, 8, 23], [9, 2, 10, 3], [11, 4, 12, 5], [13, 20, 14, 21], [15, 19, 16, 18], [17, 1, 18, 24], [19, 6, 20, 7], [21, 12, 22, 13]]"
12a_0411_164,"[[21, 12, 22, 13], [23, 17, 24, 16], [1, 8, 2, 9], [3, 10, 4, 11], [5, 14, 6, 15], [7, 22, 8, 23], [9, 2, 10, 3], [11, 4, 12, 5], [13, 20, 14, 21], [15, 19, 16, 18], [17, 1, 18, 24], [19, 6, 20, 7]]"
12a_0411_165,"[[19, 6, 20, 7], [21, 12, 22, 13], [23, 17, 24, 16], [1, 8, 2, 9], [3, 10, 4, 11], [5, 14, 6, 15], [7, 22, 8, 23], [9, 2, 10, 3], [11, 4, 12, 5], [13, 20, 14, 21], [15, 19, 16, 18], [17, 1, 18, 24]]"
12a_0411_166,"[[17, 1, 18, 24], [19, 6, 20, 7], [21, 12, 22, 13], [23, 17, 24, 16], [1, 8, 2, 9], [3, 10, 4, 11], [5, 14, 6, 15], [7, 22, 8, 23], [9, 2, 10, 3], [11, 4, 12, 5], [13, 20, 14, 21], [15, 19, 16, 18]]"
12a_0411_167,"[[15, 19, 16, 18], [17, 1, 18, 24], [19, 6, 20, 7], [21, 12, 22, 13], [23, 17, 24, 16], [1, 8, 2, 9], [3, 10, 4, 11], [5, 14, 6, 15], [7, 22, 8, 23], [9, 2, 10, 3], [11, 4, 12, 5], [13, 20, 14, 21]]"
12a_0411_168,"[[14, 21, 15, 22], [16, 20, 17, 19], [18, 2, 19, 1], [20, 7, 21, 8], [22, 13, 23, 14], [24, 18, 1, 17], [2, 9, 3, 10], [4, 11, 5, 12], [6, 15, 7, 16], [8, 23, 9, 24], [10, 3, 11, 4], [12, 5, 13, 6]]"
12a_0411_169,"[[12, 5, 13, 6], [14, 21, 15, 22], [16, 20, 17, 19], [18, 2, 19, 1], [20, 7, 21, 8], [22, 13, 23, 14], [24, 18, 1, 17], [2, 9, 3, 10], [4, 11, 5, 12], [6, 15, 7, 16], [8, 23, 9, 24], [10, 3, 11, 4]]"
12a_0411_170,"[[10, 3, 11, 4], [12, 5, 13, 6], [14, 21, 15, 22], [16, 20, 17, 19], [18, 2, 19, 1], [20, 7, 21, 8], [22, 13, 23, 14], [24, 18, 1, 17], [2, 9, 3, 10], [4, 11, 5, 12], [6, 15, 7, 16], [8, 23, 9, 24]]"
12a_0411_171,"[[8, 23, 9, 24], [10, 3, 11, 4], [12, 5, 13, 6], [14, 21, 15, 22], [16, 20, 17, 19], [18, 2, 19, 1], [20, 7, 21, 8], [22, 13, 23, 14], [24, 18, 1, 17], [2, 9, 3, 10], [4, 11, 5, 12], [6, 15, 7, 16]]"
12a_0411_172,"[[6, 15, 7, 16], [8, 23, 9, 24], [10, 3, 11, 4], [12, 5, 13, 6], [14, 21, 15, 22], [16, 20, 17, 19], [18, 2, 19, 1], [20, 7, 21, 8], [22, 13, 23, 14], [24, 18, 1, 17], [2, 9, 3, 10], [4, 11, 5, 12]]"
12a_0411_173,"[[4, 11, 5, 12], [6, 15, 7, 16], [8, 23, 9, 24], [10, 3, 11, 4], [12, 5, 13, 6], [14, 21, 15, 22], [16, 20, 17, 19], [18, 2, 19, 1], [20, 7, 21, 8], [22, 13, 23, 14], [24, 18, 1, 17], [2, 9, 3, 10]]"
12a_0411_174,"[[2, 9, 3, 10], [4, 11, 5, 12], [6, 15, 7, 16], [8, 23, 9, 24], [10, 3, 11, 4], [12, 5, 13, 6], [14, 21, 15, 22], [16, 20, 17, 19], [18, 2, 19, 1], [20, 7, 21, 8], [22, 13, 23, 14], [24, 18, 1, 17]]"
12a_0411_175,"[[24, 18, 1, 17], [2, 9, 3, 10], [4, 11, 5, 12], [6, 15, 7, 16], [8, 23, 9, 24], [10, 3, 11, 4], [12, 5, 13, 6], [14, 21, 15, 22], [16, 20, 17, 19], [18, 2, 19, 1], [20, 7, 21, 8], [22, 13, 23, 14]]"
12a_0411_176,"[[22, 13, 23, 14], [24, 18, 1, 17], [2, 9, 3, 10], [4, 11, 5, 12], [6, 15, 7, 16], [8, 23, 9, 24], [10, 3, 11, 4], [12, 5, 13, 6], [14, 21, 15, 22], [16, 20, 17, 19], [18, 2, 19, 1], [20, 7, 21, 8]]"
12a_0411_177,"[[20, 7, 21, 8], [22, 13, 23, 14], [24, 18, 1, 17], [2, 9, 3, 10], [4, 11, 5, 12], [6, 15, 7, 16], [8, 23, 9, 24], [10, 3, 11, 4], [12, 5, 13, 6], [14, 21, 15, 22], [16, 20, 17, 19], [18, 2, 19, 1]]"
12a_0411_178,"[[18, 2, 19, 1], [20, 7, 21, 8], [22, 13, 23, 14], [24, 18, 1, 17], [2, 9, 3, 10], [4, 11, 5, 12], [6, 15, 7, 16], [8, 23, 9, 24], [10, 3, 11, 4], [12, 5, 13, 6], [14, 21, 15, 22], [16, 20, 17, 19]]"
12a_0411_179,"[[16, 20, 17, 19], [18, 2, 19, 1], [20, 7, 21, 8], [22, 13, 23, 14], [24, 18, 1, 17], [2, 9, 3, 10], [4, 11, 5, 12], [6, 15, 7, 16], [8, 23, 9, 24], [10, 3, 11, 4], [12, 5, 13, 6], [14, 21, 15, 22]]"
12a_0411_180,"[[15, 22, 16, 23], [17, 21, 18, 20], [19, 3, 20, 2], [21, 8, 22, 9], [23, 14, 24, 15], [1, 19, 2, 18], [3, 10, 4, 11], [5, 12, 6, 13], [7, 16, 8, 17], [9, 24, 10, 1], [11, 4, 12, 5], [13, 6, 14, 7]]"
12a_0411_181,"[[13, 6, 14, 7], [15, 22, 16, 23], [17, 21, 18, 20], [19, 3, 20, 2], [21, 8, 22, 9], [23, 14, 24, 15], [1, 19, 2, 18], [3, 10, 4, 11], [5, 12, 6, 13], [7, 16, 8, 17], [9, 24, 10, 1], [11, 4, 12, 5]]"
12a_0411_182,"[[11, 4, 12, 5], [13, 6, 14, 7], [15, 22, 16, 23], [17, 21, 18, 20], [19, 3, 20, 2], [21, 8, 22, 9], [23, 14, 24, 15], [1, 19, 2, 18], [3, 10, 4, 11], [5, 12, 6, 13], [7, 16, 8, 17], [9, 24, 10, 1]]"
12a_0411_183,"[[9, 24, 10, 1], [11, 4, 12, 5], [13, 6, 14, 7], [15, 22, 16, 23], [17, 21, 18, 20], [19, 3, 20, 2], [21, 8, 22, 9], [23, 14, 24, 15], [1, 19, 2, 18], [3, 10, 4, 11], [5, 12, 6, 13], [7, 16, 8, 17]]"
12a_0411_184,"[[7, 16, 8, 17], [9, 24, 10, 1], [11, 4, 12, 5], [13, 6, 14, 7], [15, 22, 16, 23], [17, 21, 18, 20], [19, 3, 20, 2], [21, 8, 22, 9], [23, 14, 24, 15], [1, 19, 2, 18], [3, 10, 4, 11], [5, 12, 6, 13]]"
12a_0411_185,"[[5, 12, 6, 13], [7, 16, 8, 17], [9, 24, 10, 1], [11, 4, 12, 5], [13, 6, 14, 7], [15, 22, 16, 23], [17, 21, 18, 20], [19, 3, 20, 2], [21, 8, 22, 9], [23, 14, 24, 15], [1, 19, 2, 18], [3, 10, 4, 11]]"
