name,pd_notation
12a_0342_0,"[[24, 17, 1, 18], [2, 6, 3, 5], [4, 11, 5, 12], [6, 16, 7, 15], [8, 2, 9, 1], [10, 20, 11, 19], [12, 3, 13, 4], [14, 23, 15, 24], [16, 8, 17, 7], [18, 21, 19, 22], [20, 10, 21, 9], [22, 13, 23, 14]]"
12a_0342_1,"[[22, 13, 23, 14], [24, 17, 1, 18], [2, 6, 3, 5], [4, 11, 5, 12], [6, 16, 7, 15], [8, 2, 9, 1], [10, 20, 11, 19], [12, 3, 13, 4], [14, 23, 15, 24], [16, 8, 17, 7], [18, 21, 19, 22], [20, 10, 21, 9]]"
12a_0342_2,"[[20, 10, 21, 9], [22, 13, 23, 14], [24, 17, 1, 18], [2, 6, 3, 5], [4, 11, 5, 12], [6, 16, 7, 15], [8, 2, 9, 1], [10, 20, 11, 19], [12, 3, 13, 4], [14, 23, 15, 24], [16, 8, 17, 7], [18, 21, 19, 22]]"
12a_0342_3,"[[18, 21, 19, 22], [20, 10, 21, 9], [22, 13, 23, 14], [24, 17, 1, 18], [2, 6, 3, 5], [4, 11, 5, 12], [6, 16, 7, 15], [8, 2, 9, 1], [10, 20, 11, 19], [12, 3, 13, 4], [14, 23, 15, 24], [16, 8, 17, 7]]"
12a_0342_4,"[[16, 8, 17, 7], [18, 21, 19, 22], [20, 10, 21, 9], [22, 13, 23, 14], [24, 17, 1, 18], [2, 6, 3, 5], [4, 11, 5, 12], [6, 16, 7, 15], [8, 2, 9, 1], [10, 20, 11, 19], [12, 3, 13, 4], [14, 23, 15, 24]]"
12a_0342_5,"[[14, 23, 15, 24], [16, 8, 17, 7], [18, 21, 19, 22], [20, 10, 21, 9], [22, 13, 23, 14], [24, 17, 1, 18], [2, 6, 3, 5], [4, 11, 5, 12], [6, 16, 7, 15], [8, 2, 9, 1], [10, 20, 11, 19], [12, 3, 13, 4]]"
12a_0342_6,"[[12, 3, 13, 4], [14, 23, 15, 24], [16, 8, 17, 7], [18, 21, 19, 22], [20, 10, 21, 9], [22, 13, 23, 14], [24, 17, 1, 18], [2, 6, 3, 5], [4, 11, 5, 12], [6, 16, 7, 15], [8, 2, 9, 1], [10, 20, 11, 19]]"
12a_0342_7,"[[10, 20, 11, 19], [12, 3, 13, 4], [14, 23, 15, 24], [16, 8, 17, 7], [18, 21, 19, 22], [20, 10, 21, 9], [22, 13, 23, 14], [24, 17, 1, 18], [2, 6, 3, 5], [4, 11, 5, 12], [6, 16, 7, 15], [8, 2, 9, 1]]"
12a_0342_8,"[[8, 2, 9, 1], [10, 20, 11, 19], [12, 3, 13, 4], [14, 23, 15, 24], [16, 8, 17, 7], [18, 21, 19, 22], [20, 10, 21, 9], [22, 13, 23, 14], [24, 17, 1, 18], [2, 6, 3, 5], [4, 11, 5, 12], [6, 16, 7, 15]]"
12a_0342_9,"[[6, 16, 7, 15], [8, 2, 9, 1], [10, 20, 11, 19], [12, 3, 13, 4], [14, 23, 15, 24], [16, 8, 17, 7], [18, 21, 19, 22], [20, 10, 21, 9], [22, 13, 23, 14], [24, 17, 1, 18], [2, 6, 3, 5], [4, 11, 5, 12]]"
12a_0342_10,"[[4, 11, 5, 12], [6, 16, 7, 15], [8, 2, 9, 1], [10, 20, 11, 19], [12, 3, 13, 4], [14, 23, 15, 24], [16, 8, 17, 7], [18, 21, 19, 22], [20, 10, 21, 9], [22, 13, 23, 14], [24, 17, 1, 18], [2, 6, 3, 5]]"
12a_0342_11,"[[2, 6, 3, 5], [4, 11, 5, 12], [6, 16, 7, 15], [8, 2, 9, 1], [10, 20, 11, 19], [12, 3, 13, 4], [14, 23, 15, 24], [16, 8, 17, 7], [18, 21, 19, 22], [20, 10, 21, 9], [22, 13, 23, 14], [24, 17, 1, 18]]"
12a_0342_12,"[[1, 18, 2, 19], [3, 7, 4, 6], [5, 12, 6, 13], [7, 17, 8, 16], [9, 3, 10, 2], [11, 21, 12, 20], [13, 4, 14, 5], [15, 24, 16, 1], [17, 9, 18, 8], [19, 22, 20, 23], [21, 11, 22, 10], [23, 14, 24, 15]]"
12a_0342_13,"[[23, 14, 24, 15], [1, 18, 2, 19], [3, 7, 4, 6], [5, 12, 6, 13], [7, 17, 8, 16], [9, 3, 10, 2], [11, 21, 12, 20], [13, 4, 14, 5], [15, 24, 16, 1], [17, 9, 18, 8], [19, 22, 20, 23], [21, 11, 22, 10]]"
12a_0342_14,"[[21, 11, 22, 10], [23, 14, 24, 15], [1, 18, 2, 19], [3, 7, 4, 6], [5, 12, 6, 13], [7, 17, 8, 16], [9, 3, 10, 2], [11, 21, 12, 20], [13, 4, 14, 5], [15, 24, 16, 1], [17, 9, 18, 8], [19, 22, 20, 23]]"
12a_0342_15,"[[19, 22, 20, 23], [21, 11, 22, 10], [23, 14, 24, 15], [1, 18, 2, 19], [3, 7, 4, 6], [5, 12, 6, 13], [7, 17, 8, 16], [9, 3, 10, 2], [11, 21, 12, 20], [13, 4, 14, 5], [15, 24, 16, 1], [17, 9, 18, 8]]"
12a_0342_16,"[[17, 9, 18, 8], [19, 22, 20, 23], [21, 11, 22, 10], [23, 14, 24, 15], [1, 18, 2, 19], [3, 7, 4, 6], [5, 12, 6, 13], [7, 17, 8, 16], [9, 3, 10, 2], [11, 21, 12, 20], [13, 4, 14, 5], [15, 24, 16, 1]]"
12a_0342_17,"[[15, 24, 16, 1], [17, 9, 18, 8], [19, 22, 20, 23], [21, 11, 22, 10], [23, 14, 24, 15], [1, 18, 2, 19], [3, 7, 4, 6], [5, 12, 6, 13], [7, 17, 8, 16], [9, 3, 10, 2], [11, 21, 12, 20], [13, 4, 14, 5]]"
12a_0342_18,"[[13, 4, 14, 5], [15, 24, 16, 1], [17, 9, 18, 8], [19, 22, 20, 23], [21, 11, 22, 10], [23, 14, 24, 15], [1, 18, 2, 19], [3, 7, 4, 6], [5, 12, 6, 13], [7, 17, 8, 16], [9, 3, 10, 2], [11, 21, 12, 20]]"
12a_0342_19,"[[11, 21, 12, 20], [13, 4, 14, 5], [15, 24, 16, 1], [17, 9, 18, 8], [19, 22, 20, 23], [21, 11, 22, 10], [23, 14, 24, 15], [1, 18, 2, 19], [3, 7, 4, 6], [5, 12, 6, 13], [7, 17, 8, 16], [9, 3, 10, 2]]"
12a_0342_20,"[[9, 3, 10, 2], [11, 21, 12, 20], [13, 4, 14, 5], [15, 24, 16, 1], [17, 9, 18, 8], [19, 22, 20, 23], [21, 11, 22, 10], [23, 14, 24, 15], [1, 18, 2, 19], [3, 7, 4, 6], [5, 12, 6, 13], [7, 17, 8, 16]]"
12a_0342_21,"[[7, 17, 8, 16], [9, 3, 10, 2], [11, 21, 12, 20], [13, 4, 14, 5], [15, 24, 16, 1], [17, 9, 18, 8], [19, 22, 20, 23], [21, 11, 22, 10], [23, 14, 24, 15], [1, 18, 2, 19], [3, 7, 4, 6], [5, 12, 6, 13]]"
12a_0342_22,"[[5, 12, 6, 13], [7, 17, 8, 16], [9, 3, 10, 2], [11, 21, 12, 20], [13, 4, 14, 5], [15, 24, 16, 1], [17, 9, 18, 8], [19, 22, 20, 23], [21, 11, 22, 10], [23, 14, 24, 15], [1, 18, 2, 19], [3, 7, 4, 6]]"
12a_0342_23,"[[3, 7, 4, 6], [5, 12, 6, 13], [7, 17, 8, 16], [9, 3, 10, 2], [11, 21, 12, 20], [13, 4, 14, 5], [15, 24, 16, 1], [17, 9, 18, 8], [19, 22, 20, 23], [21, 11, 22, 10], [23, 14, 24, 15], [1, 18, 2, 19]]"
12a_0342_24,"[[2, 19, 3, 20], [4, 8, 5, 7], [6, 13, 7, 14], [8, 18, 9, 17], [10, 4, 11, 3], [12, 22, 13, 21], [14, 5, 15, 6], [16, 1, 17, 2], [18, 10, 19, 9], [20, 23, 21, 24], [22, 12, 23, 11], [24, 15, 1, 16]]"
12a_0342_25,"[[24, 15, 1, 16], [2, 19, 3, 20], [4, 8, 5, 7], [6, 13, 7, 14], [8, 18, 9, 17], [10, 4, 11, 3], [12, 22, 13, 21], [14, 5, 15, 6], [16, 1, 17, 2], [18, 10, 19, 9], [20, 23, 21, 24], [22, 12, 23, 11]]"
12a_0342_26,"[[22, 12, 23, 11], [24, 15, 1, 16], [2, 19, 3, 20], [4, 8, 5, 7], [6, 13, 7, 14], [8, 18, 9, 17], [10, 4, 11, 3], [12, 22, 13, 21], [14, 5, 15, 6], [16, 1, 17, 2], [18, 10, 19, 9], [20, 23, 21, 24]]"
12a_0342_27,"[[20, 23, 21, 24], [22, 12, 23, 11], [24, 15, 1, 16], [2, 19, 3, 20], [4, 8, 5, 7], [6, 13, 7, 14], [8, 18, 9, 17], [10, 4, 11, 3], [12, 22, 13, 21], [14, 5, 15, 6], [16, 1, 17, 2], [18, 10, 19, 9]]"
12a_0342_28,"[[18, 10, 19, 9], [20, 23, 21, 24], [22, 12, 23, 11], [24, 15, 1, 16], [2, 19, 3, 20], [4, 8, 5, 7], [6, 13, 7, 14], [8, 18, 9, 17], [10, 4, 11, 3], [12, 22, 13, 21], [14, 5, 15, 6], [16, 1, 17, 2]]"
12a_0342_29,"[[16, 1, 17, 2], [18, 10, 19, 9], [20, 23, 21, 24], [22, 12, 23, 11], [24, 15, 1, 16], [2, 19, 3, 20], [4, 8, 5, 7], [6, 13, 7, 14], [8, 18, 9, 17], [10, 4, 11, 3], [12, 22, 13, 21], [14, 5, 15, 6]]"
12a_0342_30,"[[14, 5, 15, 6], [16, 1, 17, 2], [18, 10, 19, 9], [20, 23, 21, 24], [22, 12, 23, 11], [24, 15, 1, 16], [2, 19, 3, 20], [4, 8, 5, 7], [6, 13, 7, 14], [8, 18, 9, 17], [10, 4, 11, 3], [12, 22, 13, 21]]"
12a_0342_31,"[[12, 22, 13, 21], [14, 5, 15, 6], [16, 1, 17, 2], [18, 10, 19, 9], [20, 23, 21, 24], [22, 12, 23, 11], [24, 15, 1, 16], [2, 19, 3, 20], [4, 8, 5, 7], [6, 13, 7, 14], [8, 18, 9, 17], [10, 4, 11, 3]]"
12a_0342_32,"[[10, 4, 11, 3], [12, 22, 13, 21], [14, 5, 15, 6], [16, 1, 17, 2], [18, 10, 19, 9], [20, 23, 21, 24], [22, 12, 23, 11], [24, 15, 1, 16], [2, 19, 3, 20], [4, 8, 5, 7], [6, 13, 7, 14], [8, 18, 9, 17]]"
12a_0342_33,"[[8, 18, 9, 17], [10, 4, 11, 3], [12, 22, 13, 21], [14, 5, 15, 6], [16, 1, 17, 2], [18, 10, 19, 9], [20, 23, 21, 24], [22, 12, 23, 11], [24, 15, 1, 16], [2, 19, 3, 20], [4, 8, 5, 7], [6, 13, 7, 14]]"
12a_0342_34,"[[6, 13, 7, 14], [8, 18, 9, 17], [10, 4, 11, 3], [12, 22, 13, 21], [14, 5, 15, 6], [16, 1, 17, 2], [18, 10, 19, 9], [20, 23, 21, 24], [22, 12, 23, 11], [24, 15, 1, 16], [2, 19, 3, 20], [4, 8, 5, 7]]"
12a_0342_35,"[[4, 8, 5, 7], [6, 13, 7, 14], [8, 18, 9, 17], [10, 4, 11, 3], [12, 22, 13, 21], [14, 5, 15, 6], [16, 1, 17, 2], [18, 10, 19, 9], [20, 23, 21, 24], [22, 12, 23, 11], [24, 15, 1, 16], [2, 19, 3, 20]]"
12a_0342_36,"[[3, 20, 4, 21], [5, 9, 6, 8], [7, 14, 8, 15], [9, 19, 10, 18], [11, 5, 12, 4], [13, 23, 14, 22], [15, 6, 16, 7], [17, 2, 18, 3], [19, 11, 20, 10], [21, 24, 22, 1], [23, 13, 24, 12], [1, 16, 2, 17]]"
12a_0342_37,"[[1, 16, 2, 17], [3, 20, 4, 21], [5, 9, 6, 8], [7, 14, 8, 15], [9, 19, 10, 18], [11, 5, 12, 4], [13, 23, 14, 22], [15, 6, 16, 7], [17, 2, 18, 3], [19, 11, 20, 10], [21, 24, 22, 1], [23, 13, 24, 12]]"
12a_0342_38,"[[23, 13, 24, 12], [1, 16, 2, 17], [3, 20, 4, 21], [5, 9, 6, 8], [7, 14, 8, 15], [9, 19, 10, 18], [11, 5, 12, 4], [13, 23, 14, 22], [15, 6, 16, 7], [17, 2, 18, 3], [19, 11, 20, 10], [21, 24, 22, 1]]"
12a_0342_39,"[[21, 24, 22, 1], [23, 13, 24, 12], [1, 16, 2, 17], [3, 20, 4, 21], [5, 9, 6, 8], [7, 14, 8, 15], [9, 19, 10, 18], [11, 5, 12, 4], [13, 23, 14, 22], [15, 6, 16, 7], [17, 2, 18, 3], [19, 11, 20, 10]]"
12a_0342_40,"[[19, 11, 20, 10], [21, 24, 22, 1], [23, 13, 24, 12], [1, 16, 2, 17], [3, 20, 4, 21], [5, 9, 6, 8], [7, 14, 8, 15], [9, 19, 10, 18], [11, 5, 12, 4], [13, 23, 14, 22], [15, 6, 16, 7], [17, 2, 18, 3]]"
12a_0342_41,"[[17, 2, 18, 3], [19, 11, 20, 10], [21, 24, 22, 1], [23, 13, 24, 12], [1, 16, 2, 17], [3, 20, 4, 21], [5, 9, 6, 8], [7, 14, 8, 15], [9, 19, 10, 18], [11, 5, 12, 4], [13, 23, 14, 22], [15, 6, 16, 7]]"
12a_0342_42,"[[15, 6, 16, 7], [17, 2, 18, 3], [19, 11, 20, 10], [21, 24, 22, 1], [23, 13, 24, 12], [1, 16, 2, 17], [3, 20, 4, 21], [5, 9, 6, 8], [7, 14, 8, 15], [9, 19, 10, 18], [11, 5, 12, 4], [13, 23, 14, 22]]"
12a_0342_43,"[[13, 23, 14, 22], [15, 6, 16, 7], [17, 2, 18, 3], [19, 11, 20, 10], [21, 24, 22, 1], [23, 13, 24, 12], [1, 16, 2, 17], [3, 20, 4, 21], [5, 9, 6, 8], [7, 14, 8, 15], [9, 19, 10, 18], [11, 5, 12, 4]]"
12a_0342_44,"[[11, 5, 12, 4], [13, 23, 14, 22], [15, 6, 16, 7], [17, 2, 18, 3], [19, 11, 20, 10], [21, 24, 22, 1], [23, 13, 24, 12], [1, 16, 2, 17], [3, 20, 4, 21], [5, 9, 6, 8], [7, 14, 8, 15], [9, 19, 10, 18]]"
12a_0342_45,"[[9, 19, 10, 18], [11, 5, 12, 4], [13, 23, 14, 22], [15, 6, 16, 7], [17, 2, 18, 3], [19, 11, 20, 10], [21, 24, 22, 1], [23, 13, 24, 12], [1, 16, 2, 17], [3, 20, 4, 21], [5, 9, 6, 8], [7, 14, 8, 15]]"
12a_0342_46,"[[7, 14, 8, 15], [9, 19, 10, 18], [11, 5, 12, 4], [13, 23, 14, 22], [15, 6, 16, 7], [17, 2, 18, 3], [19, 11, 20, 10], [21, 24, 22, 1], [23, 13, 24, 12], [1, 16, 2, 17], [3, 20, 4, 21], [5, 9, 6, 8]]"
12a_0342_47,"[[5, 9, 6, 8], [7, 14, 8, 15], [9, 19, 10, 18], [11, 5, 12, 4], [13, 23, 14, 22], [15, 6, 16, 7], [17, 2, 18, 3], [19, 11, 20, 10], [21, 24, 22, 1], [23, 13, 24, 12], [1, 16, 2, 17], [3, 20, 4, 21]]"
12a_0342_48,"[[4, 21, 5, 22], [6, 10, 7, 9], [8, 15, 9, 16], [10, 20, 11, 19], [12, 6, 13, 5], [14, 24, 15, 23], [16, 7, 17, 8], [18, 3, 19, 4], [20, 12, 21, 11], [22, 1, 23, 2], [24, 14, 1, 13], [2, 17, 3, 18]]"
12a_0342_49,"[[2, 17, 3, 18], [4, 21, 5, 22], [6, 10, 7, 9], [8, 15, 9, 16], [10, 20, 11, 19], [12, 6, 13, 5], [14, 24, 15, 23], [16, 7, 17, 8], [18, 3, 19, 4], [20, 12, 21, 11], [22, 1, 23, 2], [24, 14, 1, 13]]"
12a_0342_50,"[[24, 14, 1, 13], [2, 17, 3, 18], [4, 21, 5, 22], [6, 10, 7, 9], [8, 15, 9, 16], [10, 20, 11, 19], [12, 6, 13, 5], [14, 24, 15, 23], [16, 7, 17, 8], [18, 3, 19, 4], [20, 12, 21, 11], [22, 1, 23, 2]]"
12a_0342_51,"[[22, 1, 23, 2], [24, 14, 1, 13], [2, 17, 3, 18], [4, 21, 5, 22], [6, 10, 7, 9], [8, 15, 9, 16], [10, 20, 11, 19], [12, 6, 13, 5], [14, 24, 15, 23], [16, 7, 17, 8], [18, 3, 19, 4], [20, 12, 21, 11]]"
12a_0342_52,"[[20, 12, 21, 11], [22, 1, 23, 2], [24, 14, 1, 13], [2, 17, 3, 18], [4, 21, 5, 22], [6, 10, 7, 9], [8, 15, 9, 16], [10, 20, 11, 19], [12, 6, 13, 5], [14, 24, 15, 23], [16, 7, 17, 8], [18, 3, 19, 4]]"
12a_0342_53,"[[18, 3, 19, 4], [20, 12, 21, 11], [22, 1, 23, 2], [24, 14, 1, 13], [2, 17, 3, 18], [4, 21, 5, 22], [6, 10, 7, 9], [8, 15, 9, 16], [10, 20, 11, 19], [12, 6, 13, 5], [14, 24, 15, 23], [16, 7, 17, 8]]"
12a_0342_54,"[[16, 7, 17, 8], [18, 3, 19, 4], [20, 12, 21, 11], [22, 1, 23, 2], [24, 14, 1, 13], [2, 17, 3, 18], [4, 21, 5, 22], [6, 10, 7, 9], [8, 15, 9, 16], [10, 20, 11, 19], [12, 6, 13, 5], [14, 24, 15, 23]]"
12a_0342_55,"[[14, 24, 15, 23], [16, 7, 17, 8], [18, 3, 19, 4], [20, 12, 21, 11], [22, 1, 23, 2], [24, 14, 1, 13], [2, 17, 3, 18], [4, 21, 5, 22], [6, 10, 7, 9], [8, 15, 9, 16], [10, 20, 11, 19], [12, 6, 13, 5]]"
12a_0342_56,"[[12, 6, 13, 5], [14, 24, 15, 23], [16, 7, 17, 8], [18, 3, 19, 4], [20, 12, 21, 11], [22, 1, 23, 2], [24, 14, 1, 13], [2, 17, 3, 18], [4, 21, 5, 22], [6, 10, 7, 9], [8, 15, 9, 16], [10, 20, 11, 19]]"
12a_0342_57,"[[10, 20, 11, 19], [12, 6, 13, 5], [14, 24, 15, 23], [16, 7, 17, 8], [18, 3, 19, 4], [20, 12, 21, 11], [22, 1, 23, 2], [24, 14, 1, 13], [2, 17, 3, 18], [4, 21, 5, 22], [6, 10, 7, 9], [8, 15, 9, 16]]"
12a_0342_58,"[[8, 15, 9, 16], [10, 20, 11, 19], [12, 6, 13, 5], [14, 24, 15, 23], [16, 7, 17, 8], [18, 3, 19, 4], [20, 12, 21, 11], [22, 1, 23, 2], [24, 14, 1, 13], [2, 17, 3, 18], [4, 21, 5, 22], [6, 10, 7, 9]]"
12a_0342_59,"[[6, 10, 7, 9], [8, 15, 9, 16], [10, 20, 11, 19], [12, 6, 13, 5], [14, 24, 15, 23], [16, 7, 17, 8], [18, 3, 19, 4], [20, 12, 21, 11], [22, 1, 23, 2], [24, 14, 1, 13], [2, 17, 3, 18], [4, 21, 5, 22]]"
12a_0342_60,"[[5, 22, 6, 23], [7, 11, 8, 10], [9, 16, 10, 17], [11, 21, 12, 20], [13, 7, 14, 6], [15, 1, 16, 24], [17, 8, 18, 9], [19, 4, 20, 5], [21, 13, 22, 12], [23, 2, 24, 3], [1, 15, 2, 14], [3, 18, 4, 19]]"
12a_0342_61,"[[3, 18, 4, 19], [5, 22, 6, 23], [7, 11, 8, 10], [9, 16, 10, 17], [11, 21, 12, 20], [13, 7, 14, 6], [15, 1, 16, 24], [17, 8, 18, 9], [19, 4, 20, 5], [21, 13, 22, 12], [23, 2, 24, 3], [1, 15, 2, 14]]"
12a_0342_62,"[[1, 15, 2, 14], [3, 18, 4, 19], [5, 22, 6, 23], [7, 11, 8, 10], [9, 16, 10, 17], [11, 21, 12, 20], [13, 7, 14, 6], [15, 1, 16, 24], [17, 8, 18, 9], [19, 4, 20, 5], [21, 13, 22, 12], [23, 2, 24, 3]]"
12a_0342_63,"[[23, 2, 24, 3], [1, 15, 2, 14], [3, 18, 4, 19], [5, 22, 6, 23], [7, 11, 8, 10], [9, 16, 10, 17], [11, 21, 12, 20], [13, 7, 14, 6], [15, 1, 16, 24], [17, 8, 18, 9], [19, 4, 20, 5], [21, 13, 22, 12]]"
12a_0342_64,"[[21, 13, 22, 12], [23, 2, 24, 3], [1, 15, 2, 14], [3, 18, 4, 19], [5, 22, 6, 23], [7, 11, 8, 10], [9, 16, 10, 17], [11, 21, 12, 20], [13, 7, 14, 6], [15, 1, 16, 24], [17, 8, 18, 9], [19, 4, 20, 5]]"
12a_0342_65,"[[19, 4, 20, 5], [21, 13, 22, 12], [23, 2, 24, 3], [1, 15, 2, 14], [3, 18, 4, 19], [5, 22, 6, 23], [7, 11, 8, 10], [9, 16, 10, 17], [11, 21, 12, 20], [13, 7, 14, 6], [15, 1, 16, 24], [17, 8, 18, 9]]"
12a_0342_66,"[[17, 8, 18, 9], [19, 4, 20, 5], [21, 13, 22, 12], [23, 2, 24, 3], [1, 15, 2, 14], [3, 18, 4, 19], [5, 22, 6, 23], [7, 11, 8, 10], [9, 16, 10, 17], [11, 21, 12, 20], [13, 7, 14, 6], [15, 1, 16, 24]]"
12a_0342_67,"[[15, 1, 16, 24], [17, 8, 18, 9], [19, 4, 20, 5], [21, 13, 22, 12], [23, 2, 24, 3], [1, 15, 2, 14], [3, 18, 4, 19], [5, 22, 6, 23], [7, 11, 8, 10], [9, 16, 10, 17], [11, 21, 12, 20], [13, 7, 14, 6]]"
12a_0342_68,"[[13, 7, 14, 6], [15, 1, 16, 24], [17, 8, 18, 9], [19, 4, 20, 5], [21, 13, 22, 12], [23, 2, 24, 3], [1, 15, 2, 14], [3, 18, 4, 19], [5, 22, 6, 23], [7, 11, 8, 10], [9, 16, 10, 17], [11, 21, 12, 20]]"
12a_0342_69,"[[11, 21, 12, 20], [13, 7, 14, 6], [15, 1, 16, 24], [17, 8, 18, 9], [19, 4, 20, 5], [21, 13, 22, 12], [23, 2, 24, 3], [1, 15, 2, 14], [3, 18, 4, 19], [5, 22, 6, 23], [7, 11, 8, 10], [9, 16, 10, 17]]"
12a_0342_70,"[[9, 16, 10, 17], [11, 21, 12, 20], [13, 7, 14, 6], [15, 1, 16, 24], [17, 8, 18, 9], [19, 4, 20, 5], [21, 13, 22, 12], [23, 2, 24, 3], [1, 15, 2, 14], [3, 18, 4, 19], [5, 22, 6, 23], [7, 11, 8, 10]]"
12a_0342_71,"[[7, 11, 8, 10], [9, 16, 10, 17], [11, 21, 12, 20], [13, 7, 14, 6], [15, 1, 16, 24], [17, 8, 18, 9], [19, 4, 20, 5], [21, 13, 22, 12], [23, 2, 24, 3], [1, 15, 2, 14], [3, 18, 4, 19], [5, 22, 6, 23]]"
12a_0342_72,"[[6, 23, 7, 24], [8, 12, 9, 11], [10, 17, 11, 18], [12, 22, 13, 21], [14, 8, 15, 7], [16, 2, 17, 1], [18, 9, 19, 10], [20, 5, 21, 6], [22, 14, 23, 13], [24, 3, 1, 4], [2, 16, 3, 15], [4, 19, 5, 20]]"
12a_0342_73,"[[4, 19, 5, 20], [6, 23, 7, 24], [8, 12, 9, 11], [10, 17, 11, 18], [12, 22, 13, 21], [14, 8, 15, 7], [16, 2, 17, 1], [18, 9, 19, 10], [20, 5, 21, 6], [22, 14, 23, 13], [24, 3, 1, 4], [2, 16, 3, 15]]"
12a_0342_74,"[[2, 16, 3, 15], [4, 19, 5, 20], [6, 23, 7, 24], [8, 12, 9, 11], [10, 17, 11, 18], [12, 22, 13, 21], [14, 8, 15, 7], [16, 2, 17, 1], [18, 9, 19, 10], [20, 5, 21, 6], [22, 14, 23, 13], [24, 3, 1, 4]]"
12a_0342_75,"[[24, 3, 1, 4], [2, 16, 3, 15], [4, 19, 5, 20], [6, 23, 7, 24], [8, 12, 9, 11], [10, 17, 11, 18], [12, 22, 13, 21], [14, 8, 15, 7], [16, 2, 17, 1], [18, 9, 19, 10], [20, 5, 21, 6], [22, 14, 23, 13]]"
12a_0342_76,"[[22, 14, 23, 13], [24, 3, 1, 4], [2, 16, 3, 15], [4, 19, 5, 20], [6, 23, 7, 24], [8, 12, 9, 11], [10, 17, 11, 18], [12, 22, 13, 21], [14, 8, 15, 7], [16, 2, 17, 1], [18, 9, 19, 10], [20, 5, 21, 6]]"
12a_0342_77,"[[20, 5, 21, 6], [22, 14, 23, 13], [24, 3, 1, 4], [2, 16, 3, 15], [4, 19, 5, 20], [6, 23, 7, 24], [8, 12, 9, 11], [10, 17, 11, 18], [12, 22, 13, 21], [14, 8, 15, 7], [16, 2, 17, 1], [18, 9, 19, 10]]"
12a_0342_78,"[[18, 9, 19, 10], [20, 5, 21, 6], [22, 14, 23, 13], [24, 3, 1, 4], [2, 16, 3, 15], [4, 19, 5, 20], [6, 23, 7, 24], [8, 12, 9, 11], [10, 17, 11, 18], [12, 22, 13, 21], [14, 8, 15, 7], [16, 2, 17, 1]]"
12a_0342_79,"[[16, 2, 17, 1], [18, 9, 19, 10], [20, 5, 21, 6], [22, 14, 23, 13], [24, 3, 1, 4], [2, 16, 3, 15], [4, 19, 5, 20], [6, 23, 7, 24], [8, 12, 9, 11], [10, 17, 11, 18], [12, 22, 13, 21], [14, 8, 15, 7]]"
12a_0342_80,"[[14, 8, 15, 7], [16, 2, 17, 1], [18, 9, 19, 10], [20, 5, 21, 6], [22, 14, 23, 13], [24, 3, 1, 4], [2, 16, 3, 15], [4, 19, 5, 20], [6, 23, 7, 24], [8, 12, 9, 11], [10, 17, 11, 18], [12, 22, 13, 21]]"
12a_0342_81,"[[12, 22, 13, 21], [14, 8, 15, 7], [16, 2, 17, 1], [18, 9, 19, 10], [20, 5, 21, 6], [22, 14, 23, 13], [24, 3, 1, 4], [2, 16, 3, 15], [4, 19, 5, 20], [6, 23, 7, 24], [8, 12, 9, 11], [10, 17, 11, 18]]"
12a_0342_82,"[[10, 17, 11, 18], [12, 22, 13, 21], [14, 8, 15, 7], [16, 2, 17, 1], [18, 9, 19, 10], [20, 5, 21, 6], [22, 14, 23, 13], [24, 3, 1, 4], [2, 16, 3, 15], [4, 19, 5, 20], [6, 23, 7, 24], [8, 12, 9, 11]]"
12a_0342_83,"[[8, 12, 9, 11], [10, 17, 11, 18], [12, 22, 13, 21], [14, 8, 15, 7], [16, 2, 17, 1], [18, 9, 19, 10], [20, 5, 21, 6], [22, 14, 23, 13], [24, 3, 1, 4], [2, 16, 3, 15], [4, 19, 5, 20], [6, 23, 7, 24]]"
12a_0342_84,"[[7, 24, 8, 1], [9, 13, 10, 12], [11, 18, 12, 19], [13, 23, 14, 22], [15, 9, 16, 8], [17, 3, 18, 2], [19, 10, 20, 11], [21, 6, 22, 7], [23, 15, 24, 14], [1, 4, 2, 5], [3, 17, 4, 16], [5, 20, 6, 21]]"
12a_0342_85,"[[5, 20, 6, 21], [7, 24, 8, 1], [9, 13, 10, 12], [11, 18, 12, 19], [13, 23, 14, 22], [15, 9, 16, 8], [17, 3, 18, 2], [19, 10, 20, 11], [21, 6, 22, 7], [23, 15, 24, 14], [1, 4, 2, 5], [3, 17, 4, 16]]"
12a_0342_86,"[[3, 17, 4, 16], [5, 20, 6, 21], [7, 24, 8, 1], [9, 13, 10, 12], [11, 18, 12, 19], [13, 23, 14, 22], [15, 9, 16, 8], [17, 3, 18, 2], [19, 10, 20, 11], [21, 6, 22, 7], [23, 15, 24, 14], [1, 4, 2, 5]]"
12a_0342_87,"[[1, 4, 2, 5], [3, 17, 4, 16], [5, 20, 6, 21], [7, 24, 8, 1], [9, 13, 10, 12], [11, 18, 12, 19], [13, 23, 14, 22], [15, 9, 16, 8], [17, 3, 18, 2], [19, 10, 20, 11], [21, 6, 22, 7], [23, 15, 24, 14]]"
12a_0342_88,"[[23, 15, 24, 14], [1, 4, 2, 5], [3, 17, 4, 16], [5, 20, 6, 21], [7, 24, 8, 1], [9, 13, 10, 12], [11, 18, 12, 19], [13, 23, 14, 22], [15, 9, 16, 8], [17, 3, 18, 2], [19, 10, 20, 11], [21, 6, 22, 7]]"
12a_0342_89,"[[21, 6, 22, 7], [23, 15, 24, 14], [1, 4, 2, 5], [3, 17, 4, 16], [5, 20, 6, 21], [7, 24, 8, 1], [9, 13, 10, 12], [11, 18, 12, 19], [13, 23, 14, 22], [15, 9, 16, 8], [17, 3, 18, 2], [19, 10, 20, 11]]"
12a_0342_90,"[[19, 10, 20, 11], [21, 6, 22, 7], [23, 15, 24, 14], [1, 4, 2, 5], [3, 17, 4, 16], [5, 20, 6, 21], [7, 24, 8, 1], [9, 13, 10, 12], [11, 18, 12, 19], [13, 23, 14, 22], [15, 9, 16, 8], [17, 3, 18, 2]]"
12a_0342_91,"[[17, 3, 18, 2], [19, 10, 20, 11], [21, 6, 22, 7], [23, 15, 24, 14], [1, 4, 2, 5], [3, 17, 4, 16], [5, 20, 6, 21], [7, 24, 8, 1], [9, 13, 10, 12], [11, 18, 12, 19], [13, 23, 14, 22], [15, 9, 16, 8]]"
12a_0342_92,"[[15, 9, 16, 8], [17, 3, 18, 2], [19, 10, 20, 11], [21, 6, 22, 7], [23, 15, 24, 14], [1, 4, 2, 5], [3, 17, 4, 16], [5, 20, 6, 21], [7, 24, 8, 1], [9, 13, 10, 12], [11, 18, 12, 19], [13, 23, 14, 22]]"
12a_0342_93,"[[13, 23, 14, 22], [15, 9, 16, 8], [17, 3, 18, 2], [19, 10, 20, 11], [21, 6, 22, 7], [23, 15, 24, 14], [1, 4, 2, 5], [3, 17, 4, 16], [5, 20, 6, 21], [7, 24, 8, 1], [9, 13, 10, 12], [11, 18, 12, 19]]"
12a_0342_94,"[[11, 18, 12, 19], [13, 23, 14, 22], [15, 9, 16, 8], [17, 3, 18, 2], [19, 10, 20, 11], [21, 6, 22, 7], [23, 15, 24, 14], [1, 4, 2, 5], [3, 17, 4, 16], [5, 20, 6, 21], [7, 24, 8, 1], [9, 13, 10, 12]]"
12a_0342_95,"[[9, 13, 10, 12], [11, 18, 12, 19], [13, 23, 14, 22], [15, 9, 16, 8], [17, 3, 18, 2], [19, 10, 20, 11], [21, 6, 22, 7], [23, 15, 24, 14], [1, 4, 2, 5], [3, 17, 4, 16], [5, 20, 6, 21], [7, 24, 8, 1]]"
12a_0342_96,"[[8, 1, 9, 2], [10, 14, 11, 13], [12, 19, 13, 20], [14, 24, 15, 23], [16, 10, 17, 9], [18, 4, 19, 3], [20, 11, 21, 12], [22, 7, 23, 8], [24, 16, 1, 15], [2, 5, 3, 6], [4, 18, 5, 17], [6, 21, 7, 22]]"
12a_0342_97,"[[6, 21, 7, 22], [8, 1, 9, 2], [10, 14, 11, 13], [12, 19, 13, 20], [14, 24, 15, 23], [16, 10, 17, 9], [18, 4, 19, 3], [20, 11, 21, 12], [22, 7, 23, 8], [24, 16, 1, 15], [2, 5, 3, 6], [4, 18, 5, 17]]"
12a_0342_98,"[[4, 18, 5, 17], [6, 21, 7, 22], [8, 1, 9, 2], [10, 14, 11, 13], [12, 19, 13, 20], [14, 24, 15, 23], [16, 10, 17, 9], [18, 4, 19, 3], [20, 11, 21, 12], [22, 7, 23, 8], [24, 16, 1, 15], [2, 5, 3, 6]]"
12a_0342_99,"[[2, 5, 3, 6], [4, 18, 5, 17], [6, 21, 7, 22], [8, 1, 9, 2], [10, 14, 11, 13], [12, 19, 13, 20], [14, 24, 15, 23], [16, 10, 17, 9], [18, 4, 19, 3], [20, 11, 21, 12], [22, 7, 23, 8], [24, 16, 1, 15]]"
12a_0342_100,"[[24, 16, 1, 15], [2, 5, 3, 6], [4, 18, 5, 17], [6, 21, 7, 22], [8, 1, 9, 2], [10, 14, 11, 13], [12, 19, 13, 20], [14, 24, 15, 23], [16, 10, 17, 9], [18, 4, 19, 3], [20, 11, 21, 12], [22, 7, 23, 8]]"
12a_0342_101,"[[22, 7, 23, 8], [24, 16, 1, 15], [2, 5, 3, 6], [4, 18, 5, 17], [6, 21, 7, 22], [8, 1, 9, 2], [10, 14, 11, 13], [12, 19, 13, 20], [14, 24, 15, 23], [16, 10, 17, 9], [18, 4, 19, 3], [20, 11, 21, 12]]"
12a_0342_102,"[[20, 11, 21, 12], [22, 7, 23, 8], [24, 16, 1, 15], [2, 5, 3, 6], [4, 18, 5, 17], [6, 21, 7, 22], [8, 1, 9, 2], [10, 14, 11, 13], [12, 19, 13, 20], [14, 24, 15, 23], [16, 10, 17, 9], [18, 4, 19, 3]]"
12a_0342_103,"[[18, 4, 19, 3], [20, 11, 21, 12], [22, 7, 23, 8], [24, 16, 1, 15], [2, 5, 3, 6], [4, 18, 5, 17], [6, 21, 7, 22], [8, 1, 9, 2], [10, 14, 11, 13], [12, 19, 13, 20], [14, 24, 15, 23], [16, 10, 17, 9]]"
12a_0342_104,"[[16, 10, 17, 9], [18, 4, 19, 3], [20, 11, 21, 12], [22, 7, 23, 8], [24, 16, 1, 15], [2, 5, 3, 6], [4, 18, 5, 17], [6, 21, 7, 22], [8, 1, 9, 2], [10, 14, 11, 13], [12, 19, 13, 20], [14, 24, 15, 23]]"
12a_0342_105,"[[14, 24, 15, 23], [16, 10, 17, 9], [18, 4, 19, 3], [20, 11, 21, 12], [22, 7, 23, 8], [24, 16, 1, 15], [2, 5, 3, 6], [4, 18, 5, 17], [6, 21, 7, 22], [8, 1, 9, 2], [10, 14, 11, 13], [12, 19, 13, 20]]"
12a_0342_106,"[[12, 19, 13, 20], [14, 24, 15, 23], [16, 10, 17, 9], [18, 4, 19, 3], [20, 11, 21, 12], [22, 7, 23, 8], [24, 16, 1, 15], [2, 5, 3, 6], [4, 18, 5, 17], [6, 21, 7, 22], [8, 1, 9, 2], [10, 14, 11, 13]]"
12a_0342_107,"[[10, 14, 11, 13], [12, 19, 13, 20], [14, 24, 15, 23], [16, 10, 17, 9], [18, 4, 19, 3], [20, 11, 21, 12], [22, 7, 23, 8], [24, 16, 1, 15], [2, 5, 3, 6], [4, 18, 5, 17], [6, 21, 7, 22], [8, 1, 9, 2]]"
12a_0342_108,"[[9, 2, 10, 3], [11, 15, 12, 14], [13, 20, 14, 21], [15, 1, 16, 24], [17, 11, 18, 10], [19, 5, 20, 4], [21, 12, 22, 13], [23, 8, 24, 9], [1, 17, 2, 16], [3, 6, 4, 7], [5, 19, 6, 18], [7, 22, 8, 23]]"
12a_0342_109,"[[7, 22, 8, 23], [9, 2, 10, 3], [11, 15, 12, 14], [13, 20, 14, 21], [15, 1, 16, 24], [17, 11, 18, 10], [19, 5, 20, 4], [21, 12, 22, 13], [23, 8, 24, 9], [1, 17, 2, 16], [3, 6, 4, 7], [5, 19, 6, 18]]"
12a_0342_110,"[[5, 19, 6, 18], [7, 22, 8, 23], [9, 2, 10, 3], [11, 15, 12, 14], [13, 20, 14, 21], [15, 1, 16, 24], [17, 11, 18, 10], [19, 5, 20, 4], [21, 12, 22, 13], [23, 8, 24, 9], [1, 17, 2, 16], [3, 6, 4, 7]]"
12a_0342_111,"[[3, 6, 4, 7], [5, 19, 6, 18], [7, 22, 8, 23], [9, 2, 10, 3], [11, 15, 12, 14], [13, 20, 14, 21], [15, 1, 16, 24], [17, 11, 18, 10], [19, 5, 20, 4], [21, 12, 22, 13], [23, 8, 24, 9], [1, 17, 2, 16]]"
12a_0342_112,"[[1, 17, 2, 16], [3, 6, 4, 7], [5, 19, 6, 18], [7, 22, 8, 23], [9, 2, 10, 3], [11, 15, 12, 14], [13, 20, 14, 21], [15, 1, 16, 24], [17, 11, 18, 10], [19, 5, 20, 4], [21, 12, 22, 13], [23, 8, 24, 9]]"
12a_0342_113,"[[23, 8, 24, 9], [1, 17, 2, 16], [3, 6, 4, 7], [5, 19, 6, 18], [7, 22, 8, 23], [9, 2, 10, 3], [11, 15, 12, 14], [13, 20, 14, 21], [15, 1, 16, 24], [17, 11, 18, 10], [19, 5, 20, 4], [21, 12, 22, 13]]"
12a_0342_114,"[[21, 12, 22, 13], [23, 8, 24, 9], [1, 17, 2, 16], [3, 6, 4, 7], [5, 19, 6, 18], [7, 22, 8, 23], [9, 2, 10, 3], [11, 15, 12, 14], [13, 20, 14, 21], [15, 1, 16, 24], [17, 11, 18, 10], [19, 5, 20, 4]]"
12a_0342_115,"[[19, 5, 20, 4], [21, 12, 22, 13], [23, 8, 24, 9], [1, 17, 2, 16], [3, 6, 4, 7], [5, 19, 6, 18], [7, 22, 8, 23], [9, 2, 10, 3], [11, 15, 12, 14], [13, 20, 14, 21], [15, 1, 16, 24], [17, 11, 18, 10]]"
12a_0342_116,"[[17, 11, 18, 10], [19, 5, 20, 4], [21, 12, 22, 13], [23, 8, 24, 9], [1, 17, 2, 16], [3, 6, 4, 7], [5, 19, 6, 18], [7, 22, 8, 23], [9, 2, 10, 3], [11, 15, 12, 14], [13, 20, 14, 21], [15, 1, 16, 24]]"
12a_0342_117,"[[15, 1, 16, 24], [17, 11, 18, 10], [19, 5, 20, 4], [21, 12, 22, 13], [23, 8, 24, 9], [1, 17, 2, 16], [3, 6, 4, 7], [5, 19, 6, 18], [7, 22, 8, 23], [9, 2, 10, 3], [11, 15, 12, 14], [13, 20, 14, 21]]"
12a_0342_118,"[[13, 20, 14, 21], [15, 1, 16, 24], [17, 11, 18, 10], [19, 5, 20, 4], [21, 12, 22, 13], [23, 8, 24, 9], [1, 17, 2, 16], [3, 6, 4, 7], [5, 19, 6, 18], [7, 22, 8, 23], [9, 2, 10, 3], [11, 15, 12, 14]]"
12a_0342_119,"[[11, 15, 12, 14], [13, 20, 14, 21], [15, 1, 16, 24], [17, 11, 18, 10], [19, 5, 20, 4], [21, 12, 22, 13], [23, 8, 24, 9], [1, 17, 2, 16], [3, 6, 4, 7], [5, 19, 6, 18], [7, 22, 8, 23], [9, 2, 10, 3]]"
12a_0342_120,"[[10, 3, 11, 4], [12, 16, 13, 15], [14, 21, 15, 22], [16, 2, 17, 1], [18, 12, 19, 11], [20, 6, 21, 5], [22, 13, 23, 14], [24, 9, 1, 10], [2, 18, 3, 17], [4, 7, 5, 8], [6, 20, 7, 19], [8, 23, 9, 24]]"
12a_0342_121,"[[8, 23, 9, 24], [10, 3, 11, 4], [12, 16, 13, 15], [14, 21, 15, 22], [16, 2, 17, 1], [18, 12, 19, 11], [20, 6, 21, 5], [22, 13, 23, 14], [24, 9, 1, 10], [2, 18, 3, 17], [4, 7, 5, 8], [6, 20, 7, 19]]"
12a_0342_122,"[[6, 20, 7, 19], [8, 23, 9, 24], [10, 3, 11, 4], [12, 16, 13, 15], [14, 21, 15, 22], [16, 2, 17, 1], [18, 12, 19, 11], [20, 6, 21, 5], [22, 13, 23, 14], [24, 9, 1, 10], [2, 18, 3, 17], [4, 7, 5, 8]]"
12a_0342_123,"[[4, 7, 5, 8], [6, 20, 7, 19], [8, 23, 9, 24], [10, 3, 11, 4], [12, 16, 13, 15], [14, 21, 15, 22], [16, 2, 17, 1], [18, 12, 19, 11], [20, 6, 21, 5], [22, 13, 23, 14], [24, 9, 1, 10], [2, 18, 3, 17]]"
12a_0342_124,"[[2, 18, 3, 17], [4, 7, 5, 8], [6, 20, 7, 19], [8, 23, 9, 24], [10, 3, 11, 4], [12, 16, 13, 15], [14, 21, 15, 22], [16, 2, 17, 1], [18, 12, 19, 11], [20, 6, 21, 5], [22, 13, 23, 14], [24, 9, 1, 10]]"
12a_0342_125,"[[24, 9, 1, 10], [2, 18, 3, 17], [4, 7, 5, 8], [6, 20, 7, 19], [8, 23, 9, 24], [10, 3, 11, 4], [12, 16, 13, 15], [14, 21, 15, 22], [16, 2, 17, 1], [18, 12, 19, 11], [20, 6, 21, 5], [22, 13, 23, 14]]"
12a_0342_126,"[[22, 13, 23, 14], [24, 9, 1, 10], [2, 18, 3, 17], [4, 7, 5, 8], [6, 20, 7, 19], [8, 23, 9, 24], [10, 3, 11, 4], [12, 16, 13, 15], [14, 21, 15, 22], [16, 2, 17, 1], [18, 12, 19, 11], [20, 6, 21, 5]]"
12a_0342_127,"[[20, 6, 21, 5], [22, 13, 23, 14], [24, 9, 1, 10], [2, 18, 3, 17], [4, 7, 5, 8], [6, 20, 7, 19], [8, 23, 9, 24], [10, 3, 11, 4], [12, 16, 13, 15], [14, 21, 15, 22], [16, 2, 17, 1], [18, 12, 19, 11]]"
12a_0342_128,"[[18, 12, 19, 11], [20, 6, 21, 5], [22, 13, 23, 14], [24, 9, 1, 10], [2, 18, 3, 17], [4, 7, 5, 8], [6, 20, 7, 19], [8, 23, 9, 24], [10, 3, 11, 4], [12, 16, 13, 15], [14, 21, 15, 22], [16, 2, 17, 1]]"
12a_0342_129,"[[16, 2, 17, 1], [18, 12, 19, 11], [20, 6, 21, 5], [22, 13, 23, 14], [24, 9, 1, 10], [2, 18, 3, 17], [4, 7, 5, 8], [6, 20, 7, 19], [8, 23, 9, 24], [10, 3, 11, 4], [12, 16, 13, 15], [14, 21, 15, 22]]"
12a_0342_130,"[[14, 21, 15, 22], [16, 2, 17, 1], [18, 12, 19, 11], [20, 6, 21, 5], [22, 13, 23, 14], [24, 9, 1, 10], [2, 18, 3, 17], [4, 7, 5, 8], [6, 20, 7, 19], [8, 23, 9, 24], [10, 3, 11, 4], [12, 16, 13, 15]]"
12a_0342_131,"[[12, 16, 13, 15], [14, 21, 15, 22], [16, 2, 17, 1], [18, 12, 19, 11], [20, 6, 21, 5], [22, 13, 23, 14], [24, 9, 1, 10], [2, 18, 3, 17], [4, 7, 5, 8], [6, 20, 7, 19], [8, 23, 9, 24], [10, 3, 11, 4]]"
12a_0342_132,"[[11, 4, 12, 5], [13, 17, 14, 16], [15, 22, 16, 23], [17, 3, 18, 2], [19, 13, 20, 12], [21, 7, 22, 6], [23, 14, 24, 15], [1, 10, 2, 11], [3, 19, 4, 18], [5, 8, 6, 9], [7, 21, 8, 20], [9, 24, 10, 1]]"
12a_0342_133,"[[9, 24, 10, 1], [11, 4, 12, 5], [13, 17, 14, 16], [15, 22, 16, 23], [17, 3, 18, 2], [19, 13, 20, 12], [21, 7, 22, 6], [23, 14, 24, 15], [1, 10, 2, 11], [3, 19, 4, 18], [5, 8, 6, 9], [7, 21, 8, 20]]"
12a_0342_134,"[[7, 21, 8, 20], [9, 24, 10, 1], [11, 4, 12, 5], [13, 17, 14, 16], [15, 22, 16, 23], [17, 3, 18, 2], [19, 13, 20, 12], [21, 7, 22, 6], [23, 14, 24, 15], [1, 10, 2, 11], [3, 19, 4, 18], [5, 8, 6, 9]]"
12a_0342_135,"[[5, 8, 6, 9], [7, 21, 8, 20], [9, 24, 10, 1], [11, 4, 12, 5], [13, 17, 14, 16], [15, 22, 16, 23], [17, 3, 18, 2], [19, 13, 20, 12], [21, 7, 22, 6], [23, 14, 24, 15], [1, 10, 2, 11], [3, 19, 4, 18]]"
12a_0342_136,"[[3, 19, 4, 18], [5, 8, 6, 9], [7, 21, 8, 20], [9, 24, 10, 1], [11, 4, 12, 5], [13, 17, 14, 16], [15, 22, 16, 23], [17, 3, 18, 2], [19, 13, 20, 12], [21, 7, 22, 6], [23, 14, 24, 15], [1, 10, 2, 11]]"
12a_0342_137,"[[1, 10, 2, 11], [3, 19, 4, 18], [5, 8, 6, 9], [7, 21, 8, 20], [9, 24, 10, 1], [11, 4, 12, 5], [13, 17, 14, 16], [15, 22, 16, 23], [17, 3, 18, 2], [19, 13, 20, 12], [21, 7, 22, 6], [23, 14, 24, 15]]"
12a_0342_138,"[[23, 14, 24, 15], [1, 10, 2, 11], [3, 19, 4, 18], [5, 8, 6, 9], [7, 21, 8, 20], [9, 24, 10, 1], [11, 4, 12, 5], [13, 17, 14, 16], [15, 22, 16, 23], [17, 3, 18, 2], [19, 13, 20, 12], [21, 7, 22, 6]]"
12a_0342_139,"[[21, 7, 22, 6], [23, 14, 24, 15], [1, 10, 2, 11], [3, 19, 4, 18], [5, 8, 6, 9], [7, 21, 8, 20], [9, 24, 10, 1], [11, 4, 12, 5], [13, 17, 14, 16], [15, 22, 16, 23], [17, 3, 18, 2], [19, 13, 20, 12]]"
12a_0342_140,"[[19, 13, 20, 12], [21, 7, 22, 6], [23, 14, 24, 15], [1, 10, 2, 11], [3, 19, 4, 18], [5, 8, 6, 9], [7, 21, 8, 20], [9, 24, 10, 1], [11, 4, 12, 5], [13, 17, 14, 16], [15, 22, 16, 23], [17, 3, 18, 2]]"
12a_0342_141,"[[17, 3, 18, 2], [19, 13, 20, 12], [21, 7, 22, 6], [23, 14, 24, 15], [1, 10, 2, 11], [3, 19, 4, 18], [5, 8, 6, 9], [7, 21, 8, 20], [9, 24, 10, 1], [11, 4, 12, 5], [13, 17, 14, 16], [15, 22, 16, 23]]"
12a_0342_142,"[[15, 22, 16, 23], [17, 3, 18, 2], [19, 13, 20, 12], [21, 7, 22, 6], [23, 14, 24, 15], [1, 10, 2, 11], [3, 19, 4, 18], [5, 8, 6, 9], [7, 21, 8, 20], [9, 24, 10, 1], [11, 4, 12, 5], [13, 17, 14, 16]]"
12a_0342_143,"[[13, 17, 14, 16], [15, 22, 16, 23], [17, 3, 18, 2], [19, 13, 20, 12], [21, 7, 22, 6], [23, 14, 24, 15], [1, 10, 2, 11], [3, 19, 4, 18], [5, 8, 6, 9], [7, 21, 8, 20], [9, 24, 10, 1], [11, 4, 12, 5]]"
12a_0342_144,"[[12, 5, 13, 6], [14, 18, 15, 17], [16, 23, 17, 24], [18, 4, 19, 3], [20, 14, 21, 13], [22, 8, 23, 7], [24, 15, 1, 16], [2, 11, 3, 12], [4, 20, 5, 19], [6, 9, 7, 10], [8, 22, 9, 21], [10, 1, 11, 2]]"
12a_0342_145,"[[10, 1, 11, 2], [12, 5, 13, 6], [14, 18, 15, 17], [16, 23, 17, 24], [18, 4, 19, 3], [20, 14, 21, 13], [22, 8, 23, 7], [24, 15, 1, 16], [2, 11, 3, 12], [4, 20, 5, 19], [6, 9, 7, 10], [8, 22, 9, 21]]"
12a_0342_146,"[[8, 22, 9, 21], [10, 1, 11, 2], [12, 5, 13, 6], [14, 18, 15, 17], [16, 23, 17, 24], [18, 4, 19, 3], [20, 14, 21, 13], [22, 8, 23, 7], [24, 15, 1, 16], [2, 11, 3, 12], [4, 20, 5, 19], [6, 9, 7, 10]]"
12a_0342_147,"[[6, 9, 7, 10], [8, 22, 9, 21], [10, 1, 11, 2], [12, 5, 13, 6], [14, 18, 15, 17], [16, 23, 17, 24], [18, 4, 19, 3], [20, 14, 21, 13], [22, 8, 23, 7], [24, 15, 1, 16], [2, 11, 3, 12], [4, 20, 5, 19]]"
12a_0342_148,"[[4, 20, 5, 19], [6, 9, 7, 10], [8, 22, 9, 21], [10, 1, 11, 2], [12, 5, 13, 6], [14, 18, 15, 17], [16, 23, 17, 24], [18, 4, 19, 3], [20, 14, 21, 13], [22, 8, 23, 7], [24, 15, 1, 16], [2, 11, 3, 12]]"
12a_0342_149,"[[2, 11, 3, 12], [4, 20, 5, 19], [6, 9, 7, 10], [8, 22, 9, 21], [10, 1, 11, 2], [12, 5, 13, 6], [14, 18, 15, 17], [16, 23, 17, 24], [18, 4, 19, 3], [20, 14, 21, 13], [22, 8, 23, 7], [24, 15, 1, 16]]"
12a_0342_150,"[[24, 15, 1, 16], [2, 11, 3, 12], [4, 20, 5, 19], [6, 9, 7, 10], [8, 22, 9, 21], [10, 1, 11, 2], [12, 5, 13, 6], [14, 18, 15, 17], [16, 23, 17, 24], [18, 4, 19, 3], [20, 14, 21, 13], [22, 8, 23, 7]]"
12a_0342_151,"[[22, 8, 23, 7], [24, 15, 1, 16], [2, 11, 3, 12], [4, 20, 5, 19], [6, 9, 7, 10], [8, 22, 9, 21], [10, 1, 11, 2], [12, 5, 13, 6], [14, 18, 15, 17], [16, 23, 17, 24], [18, 4, 19, 3], [20, 14, 21, 13]]"
12a_0342_152,"[[20, 14, 21, 13], [22, 8, 23, 7], [24, 15, 1, 16], [2, 11, 3, 12], [4, 20, 5, 19], [6, 9, 7, 10], [8, 22, 9, 21], [10, 1, 11, 2], [12, 5, 13, 6], [14, 18, 15, 17], [16, 23, 17, 24], [18, 4, 19, 3]]"
12a_0342_153,"[[18, 4, 19, 3], [20, 14, 21, 13], [22, 8, 23, 7], [24, 15, 1, 16], [2, 11, 3, 12], [4, 20, 5, 19], [6, 9, 7, 10], [8, 22, 9, 21], [10, 1, 11, 2], [12, 5, 13, 6], [14, 18, 15, 17], [16, 23, 17, 24]]"
12a_0342_154,"[[16, 23, 17, 24], [18, 4, 19, 3], [20, 14, 21, 13], [22, 8, 23, 7], [24, 15, 1, 16], [2, 11, 3, 12], [4, 20, 5, 19], [6, 9, 7, 10], [8, 22, 9, 21], [10, 1, 11, 2], [12, 5, 13, 6], [14, 18, 15, 17]]"
12a_0342_155,"[[14, 18, 15, 17], [16, 23, 17, 24], [18, 4, 19, 3], [20, 14, 21, 13], [22, 8, 23, 7], [24, 15, 1, 16], [2, 11, 3, 12], [4, 20, 5, 19], [6, 9, 7, 10], [8, 22, 9, 21], [10, 1, 11, 2], [12, 5, 13, 6]]"
12a_0342_156,"[[13, 6, 14, 7], [15, 19, 16, 18], [17, 24, 18, 1], [19, 5, 20, 4], [21, 15, 22, 14], [23, 9, 24, 8], [1, 16, 2, 17], [3, 12, 4, 13], [5, 21, 6, 20], [7, 10, 8, 11], [9, 23, 10, 22], [11, 2, 12, 3]]"
12a_0342_157,"[[11, 2, 12, 3], [13, 6, 14, 7], [15, 19, 16, 18], [17, 24, 18, 1], [19, 5, 20, 4], [21, 15, 22, 14], [23, 9, 24, 8], [1, 16, 2, 17], [3, 12, 4, 13], [5, 21, 6, 20], [7, 10, 8, 11], [9, 23, 10, 22]]"
12a_0342_158,"[[9, 23, 10, 22], [11, 2, 12, 3], [13, 6, 14, 7], [15, 19, 16, 18], [17, 24, 18, 1], [19, 5, 20, 4], [21, 15, 22, 14], [23, 9, 24, 8], [1, 16, 2, 17], [3, 12, 4, 13], [5, 21, 6, 20], [7, 10, 8, 11]]"
12a_0342_159,"[[7, 10, 8, 11], [9, 23, 10, 22], [11, 2, 12, 3], [13, 6, 14, 7], [15, 19, 16, 18], [17, 24, 18, 1], [19, 5, 20, 4], [21, 15, 22, 14], [23, 9, 24, 8], [1, 16, 2, 17], [3, 12, 4, 13], [5, 21, 6, 20]]"
12a_0342_160,"[[5, 21, 6, 20], [7, 10, 8, 11], [9, 23, 10, 22], [11, 2, 12, 3], [13, 6, 14, 7], [15, 19, 16, 18], [17, 24, 18, 1], [19, 5, 20, 4], [21, 15, 22, 14], [23, 9, 24, 8], [1, 16, 2, 17], [3, 12, 4, 13]]"
12a_0342_161,"[[3, 12, 4, 13], [5, 21, 6, 20], [7, 10, 8, 11], [9, 23, 10, 22], [11, 2, 12, 3], [13, 6, 14, 7], [15, 19, 16, 18], [17, 24, 18, 1], [19, 5, 20, 4], [21, 15, 22, 14], [23, 9, 24, 8], [1, 16, 2, 17]]"
12a_0342_162,"[[1, 16, 2, 17], [3, 12, 4, 13], [5, 21, 6, 20], [7, 10, 8, 11], [9, 23, 10, 22], [11, 2, 12, 3], [13, 6, 14, 7], [15, 19, 16, 18], [17, 24, 18, 1], [19, 5, 20, 4], [21, 15, 22, 14], [23, 9, 24, 8]]"
12a_0342_163,"[[23, 9, 24, 8], [1, 16, 2, 17], [3, 12, 4, 13], [5, 21, 6, 20], [7, 10, 8, 11], [9, 23, 10, 22], [11, 2, 12, 3], [13, 6, 14, 7], [15, 19, 16, 18], [17, 24, 18, 1], [19, 5, 20, 4], [21, 15, 22, 14]]"
12a_0342_164,"[[21, 15, 22, 14], [23, 9, 24, 8], [1, 16, 2, 17], [3, 12, 4, 13], [5, 21, 6, 20], [7, 10, 8, 11], [9, 23, 10, 22], [11, 2, 12, 3], [13, 6, 14, 7], [15, 19, 16, 18], [17, 24, 18, 1], [19, 5, 20, 4]]"
12a_0342_165,"[[19, 5, 20, 4], [21, 15, 22, 14], [23, 9, 24, 8], [1, 16, 2, 17], [3, 12, 4, 13], [5, 21, 6, 20], [7, 10, 8, 11], [9, 23, 10, 22], [11, 2, 12, 3], [13, 6, 14, 7], [15, 19, 16, 18], [17, 24, 18, 1]]"
12a_0342_166,"[[17, 24, 18, 1], [19, 5, 20, 4], [21, 15, 22, 14], [23, 9, 24, 8], [1, 16, 2, 17], [3, 12, 4, 13], [5, 21, 6, 20], [7, 10, 8, 11], [9, 23, 10, 22], [11, 2, 12, 3], [13, 6, 14, 7], [15, 19, 16, 18]]"
12a_0342_167,"[[15, 19, 16, 18], [17, 24, 18, 1], [19, 5, 20, 4], [21, 15, 22, 14], [23, 9, 24, 8], [1, 16, 2, 17], [3, 12, 4, 13], [5, 21, 6, 20], [7, 10, 8, 11], [9, 23, 10, 22], [11, 2, 12, 3], [13, 6, 14, 7]]"
12a_0342_168,"[[14, 7, 15, 8], [16, 20, 17, 19], [18, 1, 19, 2], [20, 6, 21, 5], [22, 16, 23, 15], [24, 10, 1, 9], [2, 17, 3, 18], [4, 13, 5, 14], [6, 22, 7, 21], [8, 11, 9, 12], [10, 24, 11, 23], [12, 3, 13, 4]]"
12a_0342_169,"[[12, 3, 13, 4], [14, 7, 15, 8], [16, 20, 17, 19], [18, 1, 19, 2], [20, 6, 21, 5], [22, 16, 23, 15], [24, 10, 1, 9], [2, 17, 3, 18], [4, 13, 5, 14], [6, 22, 7, 21], [8, 11, 9, 12], [10, 24, 11, 23]]"
12a_0342_170,"[[10, 24, 11, 23], [12, 3, 13, 4], [14, 7, 15, 8], [16, 20, 17, 19], [18, 1, 19, 2], [20, 6, 21, 5], [22, 16, 23, 15], [24, 10, 1, 9], [2, 17, 3, 18], [4, 13, 5, 14], [6, 22, 7, 21], [8, 11, 9, 12]]"
12a_0342_171,"[[8, 11, 9, 12], [10, 24, 11, 23], [12, 3, 13, 4], [14, 7, 15, 8], [16, 20, 17, 19], [18, 1, 19, 2], [20, 6, 21, 5], [22, 16, 23, 15], [24, 10, 1, 9], [2, 17, 3, 18], [4, 13, 5, 14], [6, 22, 7, 21]]"
12a_0342_172,"[[6, 22, 7, 21], [8, 11, 9, 12], [10, 24, 11, 23], [12, 3, 13, 4], [14, 7, 15, 8], [16, 20, 17, 19], [18, 1, 19, 2], [20, 6, 21, 5], [22, 16, 23, 15], [24, 10, 1, 9], [2, 17, 3, 18], [4, 13, 5, 14]]"
12a_0342_173,"[[4, 13, 5, 14], [6, 22, 7, 21], [8, 11, 9, 12], [10, 24, 11, 23], [12, 3, 13, 4], [14, 7, 15, 8], [16, 20, 17, 19], [18, 1, 19, 2], [20, 6, 21, 5], [22, 16, 23, 15], [24, 10, 1, 9], [2, 17, 3, 18]]"
12a_0342_174,"[[2, 17, 3, 18], [4, 13, 5, 14], [6, 22, 7, 21], [8, 11, 9, 12], [10, 24, 11, 23], [12, 3, 13, 4], [14, 7, 15, 8], [16, 20, 17, 19], [18, 1, 19, 2], [20, 6, 21, 5], [22, 16, 23, 15], [24, 10, 1, 9]]"
12a_0342_175,"[[24, 10, 1, 9], [2, 17, 3, 18], [4, 13, 5, 14], [6, 22, 7, 21], [8, 11, 9, 12], [10, 24, 11, 23], [12, 3, 13, 4], [14, 7, 15, 8], [16, 20, 17, 19], [18, 1, 19, 2], [20, 6, 21, 5], [22, 16, 23, 15]]"
12a_0342_176,"[[22, 16, 23, 15], [24, 10, 1, 9], [2, 17, 3, 18], [4, 13, 5, 14], [6, 22, 7, 21], [8, 11, 9, 12], [10, 24, 11, 23], [12, 3, 13, 4], [14, 7, 15, 8], [16, 20, 17, 19], [18, 1, 19, 2], [20, 6, 21, 5]]"
12a_0342_177,"[[20, 6, 21, 5], [22, 16, 23, 15], [24, 10, 1, 9], [2, 17, 3, 18], [4, 13, 5, 14], [6, 22, 7, 21], [8, 11, 9, 12], [10, 24, 11, 23], [12, 3, 13, 4], [14, 7, 15, 8], [16, 20, 17, 19], [18, 1, 19, 2]]"
12a_0342_178,"[[18, 1, 19, 2], [20, 6, 21, 5], [22, 16, 23, 15], [24, 10, 1, 9], [2, 17, 3, 18], [4, 13, 5, 14], [6, 22, 7, 21], [8, 11, 9, 12], [10, 24, 11, 23], [12, 3, 13, 4], [14, 7, 15, 8], [16, 20, 17, 19]]"
12a_0342_179,"[[16, 20, 17, 19], [18, 1, 19, 2], [20, 6, 21, 5], [22, 16, 23, 15], [24, 10, 1, 9], [2, 17, 3, 18], [4, 13, 5, 14], [6, 22, 7, 21], [8, 11, 9, 12], [10, 24, 11, 23], [12, 3, 13, 4], [14, 7, 15, 8]]"
12a_0342_180,"[[15, 8, 16, 9], [17, 21, 18, 20], [19, 2, 20, 3], [21, 7, 22, 6], [23, 17, 24, 16], [1, 11, 2, 10], [3, 18, 4, 19], [5, 14, 6, 15], [7, 23, 8, 22], [9, 12, 10, 13], [11, 1, 12, 24], [13, 4, 14, 5]]"
12a_0342_181,"[[13, 4, 14, 5], [15, 8, 16, 9], [17, 21, 18, 20], [19, 2, 20, 3], [21, 7, 22, 6], [23, 17, 24, 16], [1, 11, 2, 10], [3, 18, 4, 19], [5, 14, 6, 15], [7, 23, 8, 22], [9, 12, 10, 13], [11, 1, 12, 24]]"
12a_0342_182,"[[11, 1, 12, 24], [13, 4, 14, 5], [15, 8, 16, 9], [17, 21, 18, 20], [19, 2, 20, 3], [21, 7, 22, 6], [23, 17, 24, 16], [1, 11, 2, 10], [3, 18, 4, 19], [5, 14, 6, 15], [7, 23, 8, 22], [9, 12, 10, 13]]"
12a_0342_183,"[[9, 12, 10, 13], [11, 1, 12, 24], [13, 4, 14, 5], [15, 8, 16, 9], [17, 21, 18, 20], [19, 2, 20, 3], [21, 7, 22, 6], [23, 17, 24, 16], [1, 11, 2, 10], [3, 18, 4, 19], [5, 14, 6, 15], [7, 23, 8, 22]]"
12a_0342_184,"[[7, 23, 8, 22], [9, 12, 10, 13], [11, 1, 12, 24], [13, 4, 14, 5], [15, 8, 16, 9], [17, 21, 18, 20], [19, 2, 20, 3], [21, 7, 22, 6], [23, 17, 24, 16], [1, 11, 2, 10], [3, 18, 4, 19], [5, 14, 6, 15]]"
12a_0342_185,"[[5, 14, 6, 15], [7, 23, 8, 22], [9, 12, 10, 13], [11, 1, 12, 24], [13, 4, 14, 5], [15, 8, 16, 9], [17, 21, 18, 20], [19, 2, 20, 3], [21, 7, 22, 6], [23, 17, 24, 16], [1, 11, 2, 10], [3, 18, 4, 19]]"
