name,pd_notation
12n_0708_0,"[[24, 15, 1, 16], [2, 8, 3, 7], [11, 5, 12, 4], [6, 14, 7, 13], [17, 9, 18, 8], [19, 11, 20, 10], [12, 22, 13, 21], [14, 23, 15, 24], [16, 1, 17, 2], [9, 19, 10, 18], [3, 20, 4, 21], [22, 5, 23, 6]]"
12n_0708_1,"[[22, 5, 23, 6], [24, 15, 1, 16], [2, 8, 3, 7], [11, 5, 12, 4], [6, 14, 7, 13], [17, 9, 18, 8], [19, 11, 20, 10], [12, 22, 13, 21], [14, 23, 15, 24], [16, 1, 17, 2], [9, 19, 10, 18], [3, 20, 4, 21]]"
12n_0708_2,"[[3, 20, 4, 21], [22, 5, 23, 6], [24, 15, 1, 16], [2, 8, 3, 7], [11, 5, 12, 4], [6, 14, 7, 13], [17, 9, 18, 8], [19, 11, 20, 10], [12, 22, 13, 21], [14, 23, 15, 24], [16, 1, 17, 2], [9, 19, 10, 18]]"
12n_0708_3,"[[9, 19, 10, 18], [3, 20, 4, 21], [22, 5, 23, 6], [24, 15, 1, 16], [2, 8, 3, 7], [11, 5, 12, 4], [6, 14, 7, 13], [17, 9, 18, 8], [19, 11, 20, 10], [12, 22, 13, 21], [14, 23, 15, 24], [16, 1, 17, 2]]"
12n_0708_4,"[[16, 1, 17, 2], [9, 19, 10, 18], [3, 20, 4, 21], [22, 5, 23, 6], [24, 15, 1, 16], [2, 8, 3, 7], [11, 5, 12, 4], [6, 14, 7, 13], [17, 9, 18, 8], [19, 11, 20, 10], [12, 22, 13, 21], [14, 23, 15, 24]]"
12n_0708_5,"[[14, 23, 15, 24], [16, 1, 17, 2], [9, 19, 10, 18], [3, 20, 4, 21], [22, 5, 23, 6], [24, 15, 1, 16], [2, 8, 3, 7], [11, 5, 12, 4], [6, 14, 7, 13], [17, 9, 18, 8], [19, 11, 20, 10], [12, 22, 13, 21]]"
12n_0708_6,"[[12, 22, 13, 21], [14, 23, 15, 24], [16, 1, 17, 2], [9, 19, 10, 18], [3, 20, 4, 21], [22, 5, 23, 6], [24, 15, 1, 16], [2, 8, 3, 7], [11, 5, 12, 4], [6, 14, 7, 13], [17, 9, 18, 8], [19, 11, 20, 10]]"
12n_0708_7,"[[19, 11, 20, 10], [12, 22, 13, 21], [14, 23, 15, 24], [16, 1, 17, 2], [9, 19, 10, 18], [3, 20, 4, 21], [22, 5, 23, 6], [24, 15, 1, 16], [2, 8, 3, 7], [11, 5, 12, 4], [6, 14, 7, 13], [17, 9, 18, 8]]"
12n_0708_8,"[[17, 9, 18, 8], [19, 11, 20, 10], [12, 22, 13, 21], [14, 23, 15, 24], [16, 1, 17, 2], [9, 19, 10, 18], [3, 20, 4, 21], [22, 5, 23, 6], [24, 15, 1, 16], [2, 8, 3, 7], [11, 5, 12, 4], [6, 14, 7, 13]]"
12n_0708_9,"[[6, 14, 7, 13], [17, 9, 18, 8], [19, 11, 20, 10], [12, 22, 13, 21], [14, 23, 15, 24], [16, 1, 17, 2], [9, 19, 10, 18], [3, 20, 4, 21], [22, 5, 23, 6], [24, 15, 1, 16], [2, 8, 3, 7], [11, 5, 12, 4]]"
12n_0708_10,"[[11, 5, 12, 4], [6, 14, 7, 13], [17, 9, 18, 8], [19, 11, 20, 10], [12, 22, 13, 21], [14, 23, 15, 24], [16, 1, 17, 2], [9, 19, 10, 18], [3, 20, 4, 21], [22, 5, 23, 6], [24, 15, 1, 16], [2, 8, 3, 7]]"
12n_0708_11,"[[2, 8, 3, 7], [11, 5, 12, 4], [6, 14, 7, 13], [17, 9, 18, 8], [19, 11, 20, 10], [12, 22, 13, 21], [14, 23, 15, 24], [16, 1, 17, 2], [9, 19, 10, 18], [3, 20, 4, 21], [22, 5, 23, 6], [24, 15, 1, 16]]"
12n_0708_12,"[[1, 16, 2, 17], [3, 9, 4, 8], [12, 6, 13, 5], [7, 15, 8, 14], [18, 10, 19, 9], [20, 12, 21, 11], [13, 23, 14, 22], [15, 24, 16, 1], [17, 2, 18, 3], [10, 20, 11, 19], [4, 21, 5, 22], [23, 6, 24, 7]]"
12n_0708_13,"[[23, 6, 24, 7], [1, 16, 2, 17], [3, 9, 4, 8], [12, 6, 13, 5], [7, 15, 8, 14], [18, 10, 19, 9], [20, 12, 21, 11], [13, 23, 14, 22], [15, 24, 16, 1], [17, 2, 18, 3], [10, 20, 11, 19], [4, 21, 5, 22]]"
12n_0708_14,"[[4, 21, 5, 22], [23, 6, 24, 7], [1, 16, 2, 17], [3, 9, 4, 8], [12, 6, 13, 5], [7, 15, 8, 14], [18, 10, 19, 9], [20, 12, 21, 11], [13, 23, 14, 22], [15, 24, 16, 1], [17, 2, 18, 3], [10, 20, 11, 19]]"
12n_0708_15,"[[10, 20, 11, 19], [4, 21, 5, 22], [23, 6, 24, 7], [1, 16, 2, 17], [3, 9, 4, 8], [12, 6, 13, 5], [7, 15, 8, 14], [18, 10, 19, 9], [20, 12, 21, 11], [13, 23, 14, 22], [15, 24, 16, 1], [17, 2, 18, 3]]"
12n_0708_16,"[[17, 2, 18, 3], [10, 20, 11, 19], [4, 21, 5, 22], [23, 6, 24, 7], [1, 16, 2, 17], [3, 9, 4, 8], [12, 6, 13, 5], [7, 15, 8, 14], [18, 10, 19, 9], [20, 12, 21, 11], [13, 23, 14, 22], [15, 24, 16, 1]]"
12n_0708_17,"[[15, 24, 16, 1], [17, 2, 18, 3], [10, 20, 11, 19], [4, 21, 5, 22], [23, 6, 24, 7], [1, 16, 2, 17], [3, 9, 4, 8], [12, 6, 13, 5], [7, 15, 8, 14], [18, 10, 19, 9], [20, 12, 21, 11], [13, 23, 14, 22]]"
12n_0708_18,"[[13, 23, 14, 22], [15, 24, 16, 1], [17, 2, 18, 3], [10, 20, 11, 19], [4, 21, 5, 22], [23, 6, 24, 7], [1, 16, 2, 17], [3, 9, 4, 8], [12, 6, 13, 5], [7, 15, 8, 14], [18, 10, 19, 9], [20, 12, 21, 11]]"
12n_0708_19,"[[20, 12, 21, 11], [13, 23, 14, 22], [15, 24, 16, 1], [17, 2, 18, 3], [10, 20, 11, 19], [4, 21, 5, 22], [23, 6, 24, 7], [1, 16, 2, 17], [3, 9, 4, 8], [12, 6, 13, 5], [7, 15, 8, 14], [18, 10, 19, 9]]"
12n_0708_20,"[[18, 10, 19, 9], [20, 12, 21, 11], [13, 23, 14, 22], [15, 24, 16, 1], [17, 2, 18, 3], [10, 20, 11, 19], [4, 21, 5, 22], [23, 6, 24, 7], [1, 16, 2, 17], [3, 9, 4, 8], [12, 6, 13, 5], [7, 15, 8, 14]]"
12n_0708_21,"[[7, 15, 8, 14], [18, 10, 19, 9], [20, 12, 21, 11], [13, 23, 14, 22], [15, 24, 16, 1], [17, 2, 18, 3], [10, 20, 11, 19], [4, 21, 5, 22], [23, 6, 24, 7], [1, 16, 2, 17], [3, 9, 4, 8], [12, 6, 13, 5]]"
12n_0708_22,"[[12, 6, 13, 5], [7, 15, 8, 14], [18, 10, 19, 9], [20, 12, 21, 11], [13, 23, 14, 22], [15, 24, 16, 1], [17, 2, 18, 3], [10, 20, 11, 19], [4, 21, 5, 22], [23, 6, 24, 7], [1, 16, 2, 17], [3, 9, 4, 8]]"
12n_0708_23,"[[3, 9, 4, 8], [12, 6, 13, 5], [7, 15, 8, 14], [18, 10, 19, 9], [20, 12, 21, 11], [13, 23, 14, 22], [15, 24, 16, 1], [17, 2, 18, 3], [10, 20, 11, 19], [4, 21, 5, 22], [23, 6, 24, 7], [1, 16, 2, 17]]"
12n_0708_24,"[[2, 17, 3, 18], [4, 10, 5, 9], [13, 7, 14, 6], [8, 16, 9, 15], [19, 11, 20, 10], [21, 13, 22, 12], [14, 24, 15, 23], [16, 1, 17, 2], [18, 3, 19, 4], [11, 21, 12, 20], [5, 22, 6, 23], [24, 7, 1, 8]]"
12n_0708_25,"[[24, 7, 1, 8], [2, 17, 3, 18], [4, 10, 5, 9], [13, 7, 14, 6], [8, 16, 9, 15], [19, 11, 20, 10], [21, 13, 22, 12], [14, 24, 15, 23], [16, 1, 17, 2], [18, 3, 19, 4], [11, 21, 12, 20], [5, 22, 6, 23]]"
12n_0708_26,"[[5, 22, 6, 23], [24, 7, 1, 8], [2, 17, 3, 18], [4, 10, 5, 9], [13, 7, 14, 6], [8, 16, 9, 15], [19, 11, 20, 10], [21, 13, 22, 12], [14, 24, 15, 23], [16, 1, 17, 2], [18, 3, 19, 4], [11, 21, 12, 20]]"
12n_0708_27,"[[11, 21, 12, 20], [5, 22, 6, 23], [24, 7, 1, 8], [2, 17, 3, 18], [4, 10, 5, 9], [13, 7, 14, 6], [8, 16, 9, 15], [19, 11, 20, 10], [21, 13, 22, 12], [14, 24, 15, 23], [16, 1, 17, 2], [18, 3, 19, 4]]"
12n_0708_28,"[[18, 3, 19, 4], [11, 21, 12, 20], [5, 22, 6, 23], [24, 7, 1, 8], [2, 17, 3, 18], [4, 10, 5, 9], [13, 7, 14, 6], [8, 16, 9, 15], [19, 11, 20, 10], [21, 13, 22, 12], [14, 24, 15, 23], [16, 1, 17, 2]]"
12n_0708_29,"[[16, 1, 17, 2], [18, 3, 19, 4], [11, 21, 12, 20], [5, 22, 6, 23], [24, 7, 1, 8], [2, 17, 3, 18], [4, 10, 5, 9], [13, 7, 14, 6], [8, 16, 9, 15], [19, 11, 20, 10], [21, 13, 22, 12], [14, 24, 15, 23]]"
12n_0708_30,"[[14, 24, 15, 23], [16, 1, 17, 2], [18, 3, 19, 4], [11, 21, 12, 20], [5, 22, 6, 23], [24, 7, 1, 8], [2, 17, 3, 18], [4, 10, 5, 9], [13, 7, 14, 6], [8, 16, 9, 15], [19, 11, 20, 10], [21, 13, 22, 12]]"
12n_0708_31,"[[21, 13, 22, 12], [14, 24, 15, 23], [16, 1, 17, 2], [18, 3, 19, 4], [11, 21, 12, 20], [5, 22, 6, 23], [24, 7, 1, 8], [2, 17, 3, 18], [4, 10, 5, 9], [13, 7, 14, 6], [8, 16, 9, 15], [19, 11, 20, 10]]"
12n_0708_32,"[[19, 11, 20, 10], [21, 13, 22, 12], [14, 24, 15, 23], [16, 1, 17, 2], [18, 3, 19, 4], [11, 21, 12, 20], [5, 22, 6, 23], [24, 7, 1, 8], [2, 17, 3, 18], [4, 10, 5, 9], [13, 7, 14, 6], [8, 16, 9, 15]]"
12n_0708_33,"[[8, 16, 9, 15], [19, 11, 20, 10], [21, 13, 22, 12], [14, 24, 15, 23], [16, 1, 17, 2], [18, 3, 19, 4], [11, 21, 12, 20], [5, 22, 6, 23], [24, 7, 1, 8], [2, 17, 3, 18], [4, 10, 5, 9], [13, 7, 14, 6]]"
12n_0708_34,"[[13, 7, 14, 6], [8, 16, 9, 15], [19, 11, 20, 10], [21, 13, 22, 12], [14, 24, 15, 23], [16, 1, 17, 2], [18, 3, 19, 4], [11, 21, 12, 20], [5, 22, 6, 23], [24, 7, 1, 8], [2, 17, 3, 18], [4, 10, 5, 9]]"
12n_0708_35,"[[4, 10, 5, 9], [13, 7, 14, 6], [8, 16, 9, 15], [19, 11, 20, 10], [21, 13, 22, 12], [14, 24, 15, 23], [16, 1, 17, 2], [18, 3, 19, 4], [11, 21, 12, 20], [5, 22, 6, 23], [24, 7, 1, 8], [2, 17, 3, 18]]"
12n_0708_36,"[[3, 18, 4, 19], [5, 11, 6, 10], [14, 8, 15, 7], [9, 17, 10, 16], [20, 12, 21, 11], [22, 14, 23, 13], [15, 1, 16, 24], [17, 2, 18, 3], [19, 4, 20, 5], [12, 22, 13, 21], [6, 23, 7, 24], [1, 8, 2, 9]]"
12n_0708_37,"[[1, 8, 2, 9], [3, 18, 4, 19], [5, 11, 6, 10], [14, 8, 15, 7], [9, 17, 10, 16], [20, 12, 21, 11], [22, 14, 23, 13], [15, 1, 16, 24], [17, 2, 18, 3], [19, 4, 20, 5], [12, 22, 13, 21], [6, 23, 7, 24]]"
12n_0708_38,"[[6, 23, 7, 24], [1, 8, 2, 9], [3, 18, 4, 19], [5, 11, 6, 10], [14, 8, 15, 7], [9, 17, 10, 16], [20, 12, 21, 11], [22, 14, 23, 13], [15, 1, 16, 24], [17, 2, 18, 3], [19, 4, 20, 5], [12, 22, 13, 21]]"
12n_0708_39,"[[12, 22, 13, 21], [6, 23, 7, 24], [1, 8, 2, 9], [3, 18, 4, 19], [5, 11, 6, 10], [14, 8, 15, 7], [9, 17, 10, 16], [20, 12, 21, 11], [22, 14, 23, 13], [15, 1, 16, 24], [17, 2, 18, 3], [19, 4, 20, 5]]"
12n_0708_40,"[[19, 4, 20, 5], [12, 22, 13, 21], [6, 23, 7, 24], [1, 8, 2, 9], [3, 18, 4, 19], [5, 11, 6, 10], [14, 8, 15, 7], [9, 17, 10, 16], [20, 12, 21, 11], [22, 14, 23, 13], [15, 1, 16, 24], [17, 2, 18, 3]]"
12n_0708_41,"[[17, 2, 18, 3], [19, 4, 20, 5], [12, 22, 13, 21], [6, 23, 7, 24], [1, 8, 2, 9], [3, 18, 4, 19], [5, 11, 6, 10], [14, 8, 15, 7], [9, 17, 10, 16], [20, 12, 21, 11], [22, 14, 23, 13], [15, 1, 16, 24]]"
12n_0708_42,"[[15, 1, 16, 24], [17, 2, 18, 3], [19, 4, 20, 5], [12, 22, 13, 21], [6, 23, 7, 24], [1, 8, 2, 9], [3, 18, 4, 19], [5, 11, 6, 10], [14, 8, 15, 7], [9, 17, 10, 16], [20, 12, 21, 11], [22, 14, 23, 13]]"
12n_0708_43,"[[22, 14, 23, 13], [15, 1, 16, 24], [17, 2, 18, 3], [19, 4, 20, 5], [12, 22, 13, 21], [6, 23, 7, 24], [1, 8, 2, 9], [3, 18, 4, 19], [5, 11, 6, 10], [14, 8, 15, 7], [9, 17, 10, 16], [20, 12, 21, 11]]"
12n_0708_44,"[[20, 12, 21, 11], [22, 14, 23, 13], [15, 1, 16, 24], [17, 2, 18, 3], [19, 4, 20, 5], [12, 22, 13, 21], [6, 23, 7, 24], [1, 8, 2, 9], [3, 18, 4, 19], [5, 11, 6, 10], [14, 8, 15, 7], [9, 17, 10, 16]]"
12n_0708_45,"[[9, 17, 10, 16], [20, 12, 21, 11], [22, 14, 23, 13], [15, 1, 16, 24], [17, 2, 18, 3], [19, 4, 20, 5], [12, 22, 13, 21], [6, 23, 7, 24], [1, 8, 2, 9], [3, 18, 4, 19], [5, 11, 6, 10], [14, 8, 15, 7]]"
12n_0708_46,"[[14, 8, 15, 7], [9, 17, 10, 16], [20, 12, 21, 11], [22, 14, 23, 13], [15, 1, 16, 24], [17, 2, 18, 3], [19, 4, 20, 5], [12, 22, 13, 21], [6, 23, 7, 24], [1, 8, 2, 9], [3, 18, 4, 19], [5, 11, 6, 10]]"
12n_0708_47,"[[5, 11, 6, 10], [14, 8, 15, 7], [9, 17, 10, 16], [20, 12, 21, 11], [22, 14, 23, 13], [15, 1, 16, 24], [17, 2, 18, 3], [19, 4, 20, 5], [12, 22, 13, 21], [6, 23, 7, 24], [1, 8, 2, 9], [3, 18, 4, 19]]"
12n_0708_48,"[[4, 19, 5, 20], [6, 12, 7, 11], [15, 9, 16, 8], [10, 18, 11, 17], [21, 13, 22, 12], [23, 15, 24, 14], [16, 2, 17, 1], [18, 3, 19, 4], [20, 5, 21, 6], [13, 23, 14, 22], [7, 24, 8, 1], [2, 9, 3, 10]]"
12n_0708_49,"[[2, 9, 3, 10], [4, 19, 5, 20], [6, 12, 7, 11], [15, 9, 16, 8], [10, 18, 11, 17], [21, 13, 22, 12], [23, 15, 24, 14], [16, 2, 17, 1], [18, 3, 19, 4], [20, 5, 21, 6], [13, 23, 14, 22], [7, 24, 8, 1]]"
12n_0708_50,"[[7, 24, 8, 1], [2, 9, 3, 10], [4, 19, 5, 20], [6, 12, 7, 11], [15, 9, 16, 8], [10, 18, 11, 17], [21, 13, 22, 12], [23, 15, 24, 14], [16, 2, 17, 1], [18, 3, 19, 4], [20, 5, 21, 6], [13, 23, 14, 22]]"
12n_0708_51,"[[13, 23, 14, 22], [7, 24, 8, 1], [2, 9, 3, 10], [4, 19, 5, 20], [6, 12, 7, 11], [15, 9, 16, 8], [10, 18, 11, 17], [21, 13, 22, 12], [23, 15, 24, 14], [16, 2, 17, 1], [18, 3, 19, 4], [20, 5, 21, 6]]"
12n_0708_52,"[[20, 5, 21, 6], [13, 23, 14, 22], [7, 24, 8, 1], [2, 9, 3, 10], [4, 19, 5, 20], [6, 12, 7, 11], [15, 9, 16, 8], [10, 18, 11, 17], [21, 13, 22, 12], [23, 15, 24, 14], [16, 2, 17, 1], [18, 3, 19, 4]]"
12n_0708_53,"[[18, 3, 19, 4], [20, 5, 21, 6], [13, 23, 14, 22], [7, 24, 8, 1], [2, 9, 3, 10], [4, 19, 5, 20], [6, 12, 7, 11], [15, 9, 16, 8], [10, 18, 11, 17], [21, 13, 22, 12], [23, 15, 24, 14], [16, 2, 17, 1]]"
12n_0708_54,"[[16, 2, 17, 1], [18, 3, 19, 4], [20, 5, 21, 6], [13, 23, 14, 22], [7, 24, 8, 1], [2, 9, 3, 10], [4, 19, 5, 20], [6, 12, 7, 11], [15, 9, 16, 8], [10, 18, 11, 17], [21, 13, 22, 12], [23, 15, 24, 14]]"
12n_0708_55,"[[23, 15, 24, 14], [16, 2, 17, 1], [18, 3, 19, 4], [20, 5, 21, 6], [13, 23, 14, 22], [7, 24, 8, 1], [2, 9, 3, 10], [4, 19, 5, 20], [6, 12, 7, 11], [15, 9, 16, 8], [10, 18, 11, 17], [21, 13, 22, 12]]"
12n_0708_56,"[[21, 13, 22, 12], [23, 15, 24, 14], [16, 2, 17, 1], [18, 3, 19, 4], [20, 5, 21, 6], [13, 23, 14, 22], [7, 24, 8, 1], [2, 9, 3, 10], [4, 19, 5, 20], [6, 12, 7, 11], [15, 9, 16, 8], [10, 18, 11, 17]]"
12n_0708_57,"[[10, 18, 11, 17], [21, 13, 22, 12], [23, 15, 24, 14], [16, 2, 17, 1], [18, 3, 19, 4], [20, 5, 21, 6], [13, 23, 14, 22], [7, 24, 8, 1], [2, 9, 3, 10], [4, 19, 5, 20], [6, 12, 7, 11], [15, 9, 16, 8]]"
12n_0708_58,"[[15, 9, 16, 8], [10, 18, 11, 17], [21, 13, 22, 12], [23, 15, 24, 14], [16, 2, 17, 1], [18, 3, 19, 4], [20, 5, 21, 6], [13, 23, 14, 22], [7, 24, 8, 1], [2, 9, 3, 10], [4, 19, 5, 20], [6, 12, 7, 11]]"
12n_0708_59,"[[6, 12, 7, 11], [15, 9, 16, 8], [10, 18, 11, 17], [21, 13, 22, 12], [23, 15, 24, 14], [16, 2, 17, 1], [18, 3, 19, 4], [20, 5, 21, 6], [13, 23, 14, 22], [7, 24, 8, 1], [2, 9, 3, 10], [4, 19, 5, 20]]"
12n_0708_60,"[[5, 20, 6, 21], [7, 13, 8, 12], [16, 10, 17, 9], [11, 19, 12, 18], [22, 14, 23, 13], [24, 16, 1, 15], [17, 3, 18, 2], [19, 4, 20, 5], [21, 6, 22, 7], [14, 24, 15, 23], [8, 1, 9, 2], [3, 10, 4, 11]]"
12n_0708_61,"[[3, 10, 4, 11], [5, 20, 6, 21], [7, 13, 8, 12], [16, 10, 17, 9], [11, 19, 12, 18], [22, 14, 23, 13], [24, 16, 1, 15], [17, 3, 18, 2], [19, 4, 20, 5], [21, 6, 22, 7], [14, 24, 15, 23], [8, 1, 9, 2]]"
12n_0708_62,"[[8, 1, 9, 2], [3, 10, 4, 11], [5, 20, 6, 21], [7, 13, 8, 12], [16, 10, 17, 9], [11, 19, 12, 18], [22, 14, 23, 13], [24, 16, 1, 15], [17, 3, 18, 2], [19, 4, 20, 5], [21, 6, 22, 7], [14, 24, 15, 23]]"
12n_0708_63,"[[14, 24, 15, 23], [8, 1, 9, 2], [3, 10, 4, 11], [5, 20, 6, 21], [7, 13, 8, 12], [16, 10, 17, 9], [11, 19, 12, 18], [22, 14, 23, 13], [24, 16, 1, 15], [17, 3, 18, 2], [19, 4, 20, 5], [21, 6, 22, 7]]"
12n_0708_64,"[[21, 6, 22, 7], [14, 24, 15, 23], [8, 1, 9, 2], [3, 10, 4, 11], [5, 20, 6, 21], [7, 13, 8, 12], [16, 10, 17, 9], [11, 19, 12, 18], [22, 14, 23, 13], [24, 16, 1, 15], [17, 3, 18, 2], [19, 4, 20, 5]]"
12n_0708_65,"[[19, 4, 20, 5], [21, 6, 22, 7], [14, 24, 15, 23], [8, 1, 9, 2], [3, 10, 4, 11], [5, 20, 6, 21], [7, 13, 8, 12], [16, 10, 17, 9], [11, 19, 12, 18], [22, 14, 23, 13], [24, 16, 1, 15], [17, 3, 18, 2]]"
12n_0708_66,"[[17, 3, 18, 2], [19, 4, 20, 5], [21, 6, 22, 7], [14, 24, 15, 23], [8, 1, 9, 2], [3, 10, 4, 11], [5, 20, 6, 21], [7, 13, 8, 12], [16, 10, 17, 9], [11, 19, 12, 18], [22, 14, 23, 13], [24, 16, 1, 15]]"
12n_0708_67,"[[24, 16, 1, 15], [17, 3, 18, 2], [19, 4, 20, 5], [21, 6, 22, 7], [14, 24, 15, 23], [8, 1, 9, 2], [3, 10, 4, 11], [5, 20, 6, 21], [7, 13, 8, 12], [16, 10, 17, 9], [11, 19, 12, 18], [22, 14, 23, 13]]"
12n_0708_68,"[[22, 14, 23, 13], [24, 16, 1, 15], [17, 3, 18, 2], [19, 4, 20, 5], [21, 6, 22, 7], [14, 24, 15, 23], [8, 1, 9, 2], [3, 10, 4, 11], [5, 20, 6, 21], [7, 13, 8, 12], [16, 10, 17, 9], [11, 19, 12, 18]]"
12n_0708_69,"[[11, 19, 12, 18], [22, 14, 23, 13], [24, 16, 1, 15], [17, 3, 18, 2], [19, 4, 20, 5], [21, 6, 22, 7], [14, 24, 15, 23], [8, 1, 9, 2], [3, 10, 4, 11], [5, 20, 6, 21], [7, 13, 8, 12], [16, 10, 17, 9]]"
12n_0708_70,"[[16, 10, 17, 9], [11, 19, 12, 18], [22, 14, 23, 13], [24, 16, 1, 15], [17, 3, 18, 2], [19, 4, 20, 5], [21, 6, 22, 7], [14, 24, 15, 23], [8, 1, 9, 2], [3, 10, 4, 11], [5, 20, 6, 21], [7, 13, 8, 12]]"
12n_0708_71,"[[7, 13, 8, 12], [16, 10, 17, 9], [11, 19, 12, 18], [22, 14, 23, 13], [24, 16, 1, 15], [17, 3, 18, 2], [19, 4, 20, 5], [21, 6, 22, 7], [14, 24, 15, 23], [8, 1, 9, 2], [3, 10, 4, 11], [5, 20, 6, 21]]"
12n_0708_72,"[[6, 21, 7, 22], [8, 14, 9, 13], [17, 11, 18, 10], [12, 20, 13, 19], [23, 15, 24, 14], [1, 17, 2, 16], [18, 4, 19, 3], [20, 5, 21, 6], [22, 7, 23, 8], [15, 1, 16, 24], [9, 2, 10, 3], [4, 11, 5, 12]]"
12n_0708_73,"[[4, 11, 5, 12], [6, 21, 7, 22], [8, 14, 9, 13], [17, 11, 18, 10], [12, 20, 13, 19], [23, 15, 24, 14], [1, 17, 2, 16], [18, 4, 19, 3], [20, 5, 21, 6], [22, 7, 23, 8], [15, 1, 16, 24], [9, 2, 10, 3]]"
12n_0708_74,"[[9, 2, 10, 3], [4, 11, 5, 12], [6, 21, 7, 22], [8, 14, 9, 13], [17, 11, 18, 10], [12, 20, 13, 19], [23, 15, 24, 14], [1, 17, 2, 16], [18, 4, 19, 3], [20, 5, 21, 6], [22, 7, 23, 8], [15, 1, 16, 24]]"
12n_0708_75,"[[15, 1, 16, 24], [9, 2, 10, 3], [4, 11, 5, 12], [6, 21, 7, 22], [8, 14, 9, 13], [17, 11, 18, 10], [12, 20, 13, 19], [23, 15, 24, 14], [1, 17, 2, 16], [18, 4, 19, 3], [20, 5, 21, 6], [22, 7, 23, 8]]"
12n_0708_76,"[[22, 7, 23, 8], [15, 1, 16, 24], [9, 2, 10, 3], [4, 11, 5, 12], [6, 21, 7, 22], [8, 14, 9, 13], [17, 11, 18, 10], [12, 20, 13, 19], [23, 15, 24, 14], [1, 17, 2, 16], [18, 4, 19, 3], [20, 5, 21, 6]]"
12n_0708_77,"[[20, 5, 21, 6], [22, 7, 23, 8], [15, 1, 16, 24], [9, 2, 10, 3], [4, 11, 5, 12], [6, 21, 7, 22], [8, 14, 9, 13], [17, 11, 18, 10], [12, 20, 13, 19], [23, 15, 24, 14], [1, 17, 2, 16], [18, 4, 19, 3]]"
12n_0708_78,"[[18, 4, 19, 3], [20, 5, 21, 6], [22, 7, 23, 8], [15, 1, 16, 24], [9, 2, 10, 3], [4, 11, 5, 12], [6, 21, 7, 22], [8, 14, 9, 13], [17, 11, 18, 10], [12, 20, 13, 19], [23, 15, 24, 14], [1, 17, 2, 16]]"
12n_0708_79,"[[1, 17, 2, 16], [18, 4, 19, 3], [20, 5, 21, 6], [22, 7, 23, 8], [15, 1, 16, 24], [9, 2, 10, 3], [4, 11, 5, 12], [6, 21, 7, 22], [8, 14, 9, 13], [17, 11, 18, 10], [12, 20, 13, 19], [23, 15, 24, 14]]"
12n_0708_80,"[[23, 15, 24, 14], [1, 17, 2, 16], [18, 4, 19, 3], [20, 5, 21, 6], [22, 7, 23, 8], [15, 1, 16, 24], [9, 2, 10, 3], [4, 11, 5, 12], [6, 21, 7, 22], [8, 14, 9, 13], [17, 11, 18, 10], [12, 20, 13, 19]]"
12n_0708_81,"[[12, 20, 13, 19], [23, 15, 24, 14], [1, 17, 2, 16], [18, 4, 19, 3], [20, 5, 21, 6], [22, 7, 23, 8], [15, 1, 16, 24], [9, 2, 10, 3], [4, 11, 5, 12], [6, 21, 7, 22], [8, 14, 9, 13], [17, 11, 18, 10]]"
12n_0708_82,"[[17, 11, 18, 10], [12, 20, 13, 19], [23, 15, 24, 14], [1, 17, 2, 16], [18, 4, 19, 3], [20, 5, 21, 6], [22, 7, 23, 8], [15, 1, 16, 24], [9, 2, 10, 3], [4, 11, 5, 12], [6, 21, 7, 22], [8, 14, 9, 13]]"
12n_0708_83,"[[8, 14, 9, 13], [17, 11, 18, 10], [12, 20, 13, 19], [23, 15, 24, 14], [1, 17, 2, 16], [18, 4, 19, 3], [20, 5, 21, 6], [22, 7, 23, 8], [15, 1, 16, 24], [9, 2, 10, 3], [4, 11, 5, 12], [6, 21, 7, 22]]"
12n_0708_84,"[[7, 22, 8, 23], [9, 15, 10, 14], [18, 12, 19, 11], [13, 21, 14, 20], [24, 16, 1, 15], [2, 18, 3, 17], [19, 5, 20, 4], [21, 6, 22, 7], [23, 8, 24, 9], [16, 2, 17, 1], [10, 3, 11, 4], [5, 12, 6, 13]]"
12n_0708_85,"[[5, 12, 6, 13], [7, 22, 8, 23], [9, 15, 10, 14], [18, 12, 19, 11], [13, 21, 14, 20], [24, 16, 1, 15], [2, 18, 3, 17], [19, 5, 20, 4], [21, 6, 22, 7], [23, 8, 24, 9], [16, 2, 17, 1], [10, 3, 11, 4]]"
12n_0708_86,"[[10, 3, 11, 4], [5, 12, 6, 13], [7, 22, 8, 23], [9, 15, 10, 14], [18, 12, 19, 11], [13, 21, 14, 20], [24, 16, 1, 15], [2, 18, 3, 17], [19, 5, 20, 4], [21, 6, 22, 7], [23, 8, 24, 9], [16, 2, 17, 1]]"
12n_0708_87,"[[16, 2, 17, 1], [10, 3, 11, 4], [5, 12, 6, 13], [7, 22, 8, 23], [9, 15, 10, 14], [18, 12, 19, 11], [13, 21, 14, 20], [24, 16, 1, 15], [2, 18, 3, 17], [19, 5, 20, 4], [21, 6, 22, 7], [23, 8, 24, 9]]"
12n_0708_88,"[[23, 8, 24, 9], [16, 2, 17, 1], [10, 3, 11, 4], [5, 12, 6, 13], [7, 22, 8, 23], [9, 15, 10, 14], [18, 12, 19, 11], [13, 21, 14, 20], [24, 16, 1, 15], [2, 18, 3, 17], [19, 5, 20, 4], [21, 6, 22, 7]]"
12n_0708_89,"[[21, 6, 22, 7], [23, 8, 24, 9], [16, 2, 17, 1], [10, 3, 11, 4], [5, 12, 6, 13], [7, 22, 8, 23], [9, 15, 10, 14], [18, 12, 19, 11], [13, 21, 14, 20], [24, 16, 1, 15], [2, 18, 3, 17], [19, 5, 20, 4]]"
12n_0708_90,"[[19, 5, 20, 4], [21, 6, 22, 7], [23, 8, 24, 9], [16, 2, 17, 1], [10, 3, 11, 4], [5, 12, 6, 13], [7, 22, 8, 23], [9, 15, 10, 14], [18, 12, 19, 11], [13, 21, 14, 20], [24, 16, 1, 15], [2, 18, 3, 17]]"
12n_0708_91,"[[2, 18, 3, 17], [19, 5, 20, 4], [21, 6, 22, 7], [23, 8, 24, 9], [16, 2, 17, 1], [10, 3, 11, 4], [5, 12, 6, 13], [7, 22, 8, 23], [9, 15, 10, 14], [18, 12, 19, 11], [13, 21, 14, 20], [24, 16, 1, 15]]"
12n_0708_92,"[[24, 16, 1, 15], [2, 18, 3, 17], [19, 5, 20, 4], [21, 6, 22, 7], [23, 8, 24, 9], [16, 2, 17, 1], [10, 3, 11, 4], [5, 12, 6, 13], [7, 22, 8, 23], [9, 15, 10, 14], [18, 12, 19, 11], [13, 21, 14, 20]]"
12n_0708_93,"[[13, 21, 14, 20], [24, 16, 1, 15], [2, 18, 3, 17], [19, 5, 20, 4], [21, 6, 22, 7], [23, 8, 24, 9], [16, 2, 17, 1], [10, 3, 11, 4], [5, 12, 6, 13], [7, 22, 8, 23], [9, 15, 10, 14], [18, 12, 19, 11]]"
12n_0708_94,"[[18, 12, 19, 11], [13, 21, 14, 20], [24, 16, 1, 15], [2, 18, 3, 17], [19, 5, 20, 4], [21, 6, 22, 7], [23, 8, 24, 9], [16, 2, 17, 1], [10, 3, 11, 4], [5, 12, 6, 13], [7, 22, 8, 23], [9, 15, 10, 14]]"
12n_0708_95,"[[9, 15, 10, 14], [18, 12, 19, 11], [13, 21, 14, 20], [24, 16, 1, 15], [2, 18, 3, 17], [19, 5, 20, 4], [21, 6, 22, 7], [23, 8, 24, 9], [16, 2, 17, 1], [10, 3, 11, 4], [5, 12, 6, 13], [7, 22, 8, 23]]"
12n_0708_96,"[[8, 23, 9, 24], [10, 16, 11, 15], [19, 13, 20, 12], [14, 22, 15, 21], [1, 17, 2, 16], [3, 19, 4, 18], [20, 6, 21, 5], [22, 7, 23, 8], [24, 9, 1, 10], [17, 3, 18, 2], [11, 4, 12, 5], [6, 13, 7, 14]]"
12n_0708_97,"[[6, 13, 7, 14], [8, 23, 9, 24], [10, 16, 11, 15], [19, 13, 20, 12], [14, 22, 15, 21], [1, 17, 2, 16], [3, 19, 4, 18], [20, 6, 21, 5], [22, 7, 23, 8], [24, 9, 1, 10], [17, 3, 18, 2], [11, 4, 12, 5]]"
12n_0708_98,"[[11, 4, 12, 5], [6, 13, 7, 14], [8, 23, 9, 24], [10, 16, 11, 15], [19, 13, 20, 12], [14, 22, 15, 21], [1, 17, 2, 16], [3, 19, 4, 18], [20, 6, 21, 5], [22, 7, 23, 8], [24, 9, 1, 10], [17, 3, 18, 2]]"
12n_0708_99,"[[17, 3, 18, 2], [11, 4, 12, 5], [6, 13, 7, 14], [8, 23, 9, 24], [10, 16, 11, 15], [19, 13, 20, 12], [14, 22, 15, 21], [1, 17, 2, 16], [3, 19, 4, 18], [20, 6, 21, 5], [22, 7, 23, 8], [24, 9, 1, 10]]"
12n_0708_100,"[[24, 9, 1, 10], [17, 3, 18, 2], [11, 4, 12, 5], [6, 13, 7, 14], [8, 23, 9, 24], [10, 16, 11, 15], [19, 13, 20, 12], [14, 22, 15, 21], [1, 17, 2, 16], [3, 19, 4, 18], [20, 6, 21, 5], [22, 7, 23, 8]]"
12n_0708_101,"[[22, 7, 23, 8], [24, 9, 1, 10], [17, 3, 18, 2], [11, 4, 12, 5], [6, 13, 7, 14], [8, 23, 9, 24], [10, 16, 11, 15], [19, 13, 20, 12], [14, 22, 15, 21], [1, 17, 2, 16], [3, 19, 4, 18], [20, 6, 21, 5]]"
12n_0708_102,"[[20, 6, 21, 5], [22, 7, 23, 8], [24, 9, 1, 10], [17, 3, 18, 2], [11, 4, 12, 5], [6, 13, 7, 14], [8, 23, 9, 24], [10, 16, 11, 15], [19, 13, 20, 12], [14, 22, 15, 21], [1, 17, 2, 16], [3, 19, 4, 18]]"
12n_0708_103,"[[3, 19, 4, 18], [20, 6, 21, 5], [22, 7, 23, 8], [24, 9, 1, 10], [17, 3, 18, 2], [11, 4, 12, 5], [6, 13, 7, 14], [8, 23, 9, 24], [10, 16, 11, 15], [19, 13, 20, 12], [14, 22, 15, 21], [1, 17, 2, 16]]"
12n_0708_104,"[[1, 17, 2, 16], [3, 19, 4, 18], [20, 6, 21, 5], [22, 7, 23, 8], [24, 9, 1, 10], [17, 3, 18, 2], [11, 4, 12, 5], [6, 13, 7, 14], [8, 23, 9, 24], [10, 16, 11, 15], [19, 13, 20, 12], [14, 22, 15, 21]]"
12n_0708_105,"[[14, 22, 15, 21], [1, 17, 2, 16], [3, 19, 4, 18], [20, 6, 21, 5], [22, 7, 23, 8], [24, 9, 1, 10], [17, 3, 18, 2], [11, 4, 12, 5], [6, 13, 7, 14], [8, 23, 9, 24], [10, 16, 11, 15], [19, 13, 20, 12]]"
12n_0708_106,"[[19, 13, 20, 12], [14, 22, 15, 21], [1, 17, 2, 16], [3, 19, 4, 18], [20, 6, 21, 5], [22, 7, 23, 8], [24, 9, 1, 10], [17, 3, 18, 2], [11, 4, 12, 5], [6, 13, 7, 14], [8, 23, 9, 24], [10, 16, 11, 15]]"
12n_0708_107,"[[10, 16, 11, 15], [19, 13, 20, 12], [14, 22, 15, 21], [1, 17, 2, 16], [3, 19, 4, 18], [20, 6, 21, 5], [22, 7, 23, 8], [24, 9, 1, 10], [17, 3, 18, 2], [11, 4, 12, 5], [6, 13, 7, 14], [8, 23, 9, 24]]"
12n_0708_108,"[[9, 24, 10, 1], [11, 17, 12, 16], [20, 14, 21, 13], [15, 23, 16, 22], [2, 18, 3, 17], [4, 20, 5, 19], [21, 7, 22, 6], [23, 8, 24, 9], [1, 10, 2, 11], [18, 4, 19, 3], [12, 5, 13, 6], [7, 14, 8, 15]]"
12n_0708_109,"[[7, 14, 8, 15], [9, 24, 10, 1], [11, 17, 12, 16], [20, 14, 21, 13], [15, 23, 16, 22], [2, 18, 3, 17], [4, 20, 5, 19], [21, 7, 22, 6], [23, 8, 24, 9], [1, 10, 2, 11], [18, 4, 19, 3], [12, 5, 13, 6]]"
12n_0708_110,"[[12, 5, 13, 6], [7, 14, 8, 15], [9, 24, 10, 1], [11, 17, 12, 16], [20, 14, 21, 13], [15, 23, 16, 22], [2, 18, 3, 17], [4, 20, 5, 19], [21, 7, 22, 6], [23, 8, 24, 9], [1, 10, 2, 11], [18, 4, 19, 3]]"
12n_0708_111,"[[18, 4, 19, 3], [12, 5, 13, 6], [7, 14, 8, 15], [9, 24, 10, 1], [11, 17, 12, 16], [20, 14, 21, 13], [15, 23, 16, 22], [2, 18, 3, 17], [4, 20, 5, 19], [21, 7, 22, 6], [23, 8, 24, 9], [1, 10, 2, 11]]"
12n_0708_112,"[[1, 10, 2, 11], [18, 4, 19, 3], [12, 5, 13, 6], [7, 14, 8, 15], [9, 24, 10, 1], [11, 17, 12, 16], [20, 14, 21, 13], [15, 23, 16, 22], [2, 18, 3, 17], [4, 20, 5, 19], [21, 7, 22, 6], [23, 8, 24, 9]]"
12n_0708_113,"[[23, 8, 24, 9], [1, 10, 2, 11], [18, 4, 19, 3], [12, 5, 13, 6], [7, 14, 8, 15], [9, 24, 10, 1], [11, 17, 12, 16], [20, 14, 21, 13], [15, 23, 16, 22], [2, 18, 3, 17], [4, 20, 5, 19], [21, 7, 22, 6]]"
12n_0708_114,"[[21, 7, 22, 6], [23, 8, 24, 9], [1, 10, 2, 11], [18, 4, 19, 3], [12, 5, 13, 6], [7, 14, 8, 15], [9, 24, 10, 1], [11, 17, 12, 16], [20, 14, 21, 13], [15, 23, 16, 22], [2, 18, 3, 17], [4, 20, 5, 19]]"
12n_0708_115,"[[4, 20, 5, 19], [21, 7, 22, 6], [23, 8, 24, 9], [1, 10, 2, 11], [18, 4, 19, 3], [12, 5, 13, 6], [7, 14, 8, 15], [9, 24, 10, 1], [11, 17, 12, 16], [20, 14, 21, 13], [15, 23, 16, 22], [2, 18, 3, 17]]"
12n_0708_116,"[[2, 18, 3, 17], [4, 20, 5, 19], [21, 7, 22, 6], [23, 8, 24, 9], [1, 10, 2, 11], [18, 4, 19, 3], [12, 5, 13, 6], [7, 14, 8, 15], [9, 24, 10, 1], [11, 17, 12, 16], [20, 14, 21, 13], [15, 23, 16, 22]]"
12n_0708_117,"[[15, 23, 16, 22], [2, 18, 3, 17], [4, 20, 5, 19], [21, 7, 22, 6], [23, 8, 24, 9], [1, 10, 2, 11], [18, 4, 19, 3], [12, 5, 13, 6], [7, 14, 8, 15], [9, 24, 10, 1], [11, 17, 12, 16], [20, 14, 21, 13]]"
12n_0708_118,"[[20, 14, 21, 13], [15, 23, 16, 22], [2, 18, 3, 17], [4, 20, 5, 19], [21, 7, 22, 6], [23, 8, 24, 9], [1, 10, 2, 11], [18, 4, 19, 3], [12, 5, 13, 6], [7, 14, 8, 15], [9, 24, 10, 1], [11, 17, 12, 16]]"
12n_0708_119,"[[11, 17, 12, 16], [20, 14, 21, 13], [15, 23, 16, 22], [2, 18, 3, 17], [4, 20, 5, 19], [21, 7, 22, 6], [23, 8, 24, 9], [1, 10, 2, 11], [18, 4, 19, 3], [12, 5, 13, 6], [7, 14, 8, 15], [9, 24, 10, 1]]"
12n_0708_120,"[[10, 1, 11, 2], [12, 18, 13, 17], [21, 15, 22, 14], [16, 24, 17, 23], [3, 19, 4, 18], [5, 21, 6, 20], [22, 8, 23, 7], [24, 9, 1, 10], [2, 11, 3, 12], [19, 5, 20, 4], [13, 6, 14, 7], [8, 15, 9, 16]]"
12n_0708_121,"[[8, 15, 9, 16], [10, 1, 11, 2], [12, 18, 13, 17], [21, 15, 22, 14], [16, 24, 17, 23], [3, 19, 4, 18], [5, 21, 6, 20], [22, 8, 23, 7], [24, 9, 1, 10], [2, 11, 3, 12], [19, 5, 20, 4], [13, 6, 14, 7]]"
12n_0708_122,"[[13, 6, 14, 7], [8, 15, 9, 16], [10, 1, 11, 2], [12, 18, 13, 17], [21, 15, 22, 14], [16, 24, 17, 23], [3, 19, 4, 18], [5, 21, 6, 20], [22, 8, 23, 7], [24, 9, 1, 10], [2, 11, 3, 12], [19, 5, 20, 4]]"
12n_0708_123,"[[19, 5, 20, 4], [13, 6, 14, 7], [8, 15, 9, 16], [10, 1, 11, 2], [12, 18, 13, 17], [21, 15, 22, 14], [16, 24, 17, 23], [3, 19, 4, 18], [5, 21, 6, 20], [22, 8, 23, 7], [24, 9, 1, 10], [2, 11, 3, 12]]"
12n_0708_124,"[[2, 11, 3, 12], [19, 5, 20, 4], [13, 6, 14, 7], [8, 15, 9, 16], [10, 1, 11, 2], [12, 18, 13, 17], [21, 15, 22, 14], [16, 24, 17, 23], [3, 19, 4, 18], [5, 21, 6, 20], [22, 8, 23, 7], [24, 9, 1, 10]]"
12n_0708_125,"[[24, 9, 1, 10], [2, 11, 3, 12], [19, 5, 20, 4], [13, 6, 14, 7], [8, 15, 9, 16], [10, 1, 11, 2], [12, 18, 13, 17], [21, 15, 22, 14], [16, 24, 17, 23], [3, 19, 4, 18], [5, 21, 6, 20], [22, 8, 23, 7]]"
12n_0708_126,"[[22, 8, 23, 7], [24, 9, 1, 10], [2, 11, 3, 12], [19, 5, 20, 4], [13, 6, 14, 7], [8, 15, 9, 16], [10, 1, 11, 2], [12, 18, 13, 17], [21, 15, 22, 14], [16, 24, 17, 23], [3, 19, 4, 18], [5, 21, 6, 20]]"
12n_0708_127,"[[5, 21, 6, 20], [22, 8, 23, 7], [24, 9, 1, 10], [2, 11, 3, 12], [19, 5, 20, 4], [13, 6, 14, 7], [8, 15, 9, 16], [10, 1, 11, 2], [12, 18, 13, 17], [21, 15, 22, 14], [16, 24, 17, 23], [3, 19, 4, 18]]"
12n_0708_128,"[[3, 19, 4, 18], [5, 21, 6, 20], [22, 8, 23, 7], [24, 9, 1, 10], [2, 11, 3, 12], [19, 5, 20, 4], [13, 6, 14, 7], [8, 15, 9, 16], [10, 1, 11, 2], [12, 18, 13, 17], [21, 15, 22, 14], [16, 24, 17, 23]]"
12n_0708_129,"[[16, 24, 17, 23], [3, 19, 4, 18], [5, 21, 6, 20], [22, 8, 23, 7], [24, 9, 1, 10], [2, 11, 3, 12], [19, 5, 20, 4], [13, 6, 14, 7], [8, 15, 9, 16], [10, 1, 11, 2], [12, 18, 13, 17], [21, 15, 22, 14]]"
12n_0708_130,"[[21, 15, 22, 14], [16, 24, 17, 23], [3, 19, 4, 18], [5, 21, 6, 20], [22, 8, 23, 7], [24, 9, 1, 10], [2, 11, 3, 12], [19, 5, 20, 4], [13, 6, 14, 7], [8, 15, 9, 16], [10, 1, 11, 2], [12, 18, 13, 17]]"
12n_0708_131,"[[12, 18, 13, 17], [21, 15, 22, 14], [16, 24, 17, 23], [3, 19, 4, 18], [5, 21, 6, 20], [22, 8, 23, 7], [24, 9, 1, 10], [2, 11, 3, 12], [19, 5, 20, 4], [13, 6, 14, 7], [8, 15, 9, 16], [10, 1, 11, 2]]"
12n_0708_132,"[[11, 2, 12, 3], [13, 19, 14, 18], [22, 16, 23, 15], [17, 1, 18, 24], [4, 20, 5, 19], [6, 22, 7, 21], [23, 9, 24, 8], [1, 10, 2, 11], [3, 12, 4, 13], [20, 6, 21, 5], [14, 7, 15, 8], [9, 16, 10, 17]]"
12n_0708_133,"[[9, 16, 10, 17], [11, 2, 12, 3], [13, 19, 14, 18], [22, 16, 23, 15], [17, 1, 18, 24], [4, 20, 5, 19], [6, 22, 7, 21], [23, 9, 24, 8], [1, 10, 2, 11], [3, 12, 4, 13], [20, 6, 21, 5], [14, 7, 15, 8]]"
12n_0708_134,"[[14, 7, 15, 8], [9, 16, 10, 17], [11, 2, 12, 3], [13, 19, 14, 18], [22, 16, 23, 15], [17, 1, 18, 24], [4, 20, 5, 19], [6, 22, 7, 21], [23, 9, 24, 8], [1, 10, 2, 11], [3, 12, 4, 13], [20, 6, 21, 5]]"
12n_0708_135,"[[20, 6, 21, 5], [14, 7, 15, 8], [9, 16, 10, 17], [11, 2, 12, 3], [13, 19, 14, 18], [22, 16, 23, 15], [17, 1, 18, 24], [4, 20, 5, 19], [6, 22, 7, 21], [23, 9, 24, 8], [1, 10, 2, 11], [3, 12, 4, 13]]"
12n_0708_136,"[[3, 12, 4, 13], [20, 6, 21, 5], [14, 7, 15, 8], [9, 16, 10, 17], [11, 2, 12, 3], [13, 19, 14, 18], [22, 16, 23, 15], [17, 1, 18, 24], [4, 20, 5, 19], [6, 22, 7, 21], [23, 9, 24, 8], [1, 10, 2, 11]]"
12n_0708_137,"[[1, 10, 2, 11], [3, 12, 4, 13], [20, 6, 21, 5], [14, 7, 15, 8], [9, 16, 10, 17], [11, 2, 12, 3], [13, 19, 14, 18], [22, 16, 23, 15], [17, 1, 18, 24], [4, 20, 5, 19], [6, 22, 7, 21], [23, 9, 24, 8]]"
12n_0708_138,"[[23, 9, 24, 8], [1, 10, 2, 11], [3, 12, 4, 13], [20, 6, 21, 5], [14, 7, 15, 8], [9, 16, 10, 17], [11, 2, 12, 3], [13, 19, 14, 18], [22, 16, 23, 15], [17, 1, 18, 24], [4, 20, 5, 19], [6, 22, 7, 21]]"
12n_0708_139,"[[6, 22, 7, 21], [23, 9, 24, 8], [1, 10, 2, 11], [3, 12, 4, 13], [20, 6, 21, 5], [14, 7, 15, 8], [9, 16, 10, 17], [11, 2, 12, 3], [13, 19, 14, 18], [22, 16, 23, 15], [17, 1, 18, 24], [4, 20, 5, 19]]"
12n_0708_140,"[[4, 20, 5, 19], [6, 22, 7, 21], [23, 9, 24, 8], [1, 10, 2, 11], [3, 12, 4, 13], [20, 6, 21, 5], [14, 7, 15, 8], [9, 16, 10, 17], [11, 2, 12, 3], [13, 19, 14, 18], [22, 16, 23, 15], [17, 1, 18, 24]]"
12n_0708_141,"[[17, 1, 18, 24], [4, 20, 5, 19], [6, 22, 7, 21], [23, 9, 24, 8], [1, 10, 2, 11], [3, 12, 4, 13], [20, 6, 21, 5], [14, 7, 15, 8], [9, 16, 10, 17], [11, 2, 12, 3], [13, 19, 14, 18], [22, 16, 23, 15]]"
12n_0708_142,"[[22, 16, 23, 15], [17, 1, 18, 24], [4, 20, 5, 19], [6, 22, 7, 21], [23, 9, 24, 8], [1, 10, 2, 11], [3, 12, 4, 13], [20, 6, 21, 5], [14, 7, 15, 8], [9, 16, 10, 17], [11, 2, 12, 3], [13, 19, 14, 18]]"
12n_0708_143,"[[13, 19, 14, 18], [22, 16, 23, 15], [17, 1, 18, 24], [4, 20, 5, 19], [6, 22, 7, 21], [23, 9, 24, 8], [1, 10, 2, 11], [3, 12, 4, 13], [20, 6, 21, 5], [14, 7, 15, 8], [9, 16, 10, 17], [11, 2, 12, 3]]"
12n_0708_144,"[[12, 3, 13, 4], [14, 20, 15, 19], [23, 17, 24, 16], [18, 2, 19, 1], [5, 21, 6, 20], [7, 23, 8, 22], [24, 10, 1, 9], [2, 11, 3, 12], [4, 13, 5, 14], [21, 7, 22, 6], [15, 8, 16, 9], [10, 17, 11, 18]]"
12n_0708_145,"[[10, 17, 11, 18], [12, 3, 13, 4], [14, 20, 15, 19], [23, 17, 24, 16], [18, 2, 19, 1], [5, 21, 6, 20], [7, 23, 8, 22], [24, 10, 1, 9], [2, 11, 3, 12], [4, 13, 5, 14], [21, 7, 22, 6], [15, 8, 16, 9]]"
12n_0708_146,"[[15, 8, 16, 9], [10, 17, 11, 18], [12, 3, 13, 4], [14, 20, 15, 19], [23, 17, 24, 16], [18, 2, 19, 1], [5, 21, 6, 20], [7, 23, 8, 22], [24, 10, 1, 9], [2, 11, 3, 12], [4, 13, 5, 14], [21, 7, 22, 6]]"
12n_0708_147,"[[21, 7, 22, 6], [15, 8, 16, 9], [10, 17, 11, 18], [12, 3, 13, 4], [14, 20, 15, 19], [23, 17, 24, 16], [18, 2, 19, 1], [5, 21, 6, 20], [7, 23, 8, 22], [24, 10, 1, 9], [2, 11, 3, 12], [4, 13, 5, 14]]"
12n_0708_148,"[[4, 13, 5, 14], [21, 7, 22, 6], [15, 8, 16, 9], [10, 17, 11, 18], [12, 3, 13, 4], [14, 20, 15, 19], [23, 17, 24, 16], [18, 2, 19, 1], [5, 21, 6, 20], [7, 23, 8, 22], [24, 10, 1, 9], [2, 11, 3, 12]]"
12n_0708_149,"[[2, 11, 3, 12], [4, 13, 5, 14], [21, 7, 22, 6], [15, 8, 16, 9], [10, 17, 11, 18], [12, 3, 13, 4], [14, 20, 15, 19], [23, 17, 24, 16], [18, 2, 19, 1], [5, 21, 6, 20], [7, 23, 8, 22], [24, 10, 1, 9]]"
12n_0708_150,"[[24, 10, 1, 9], [2, 11, 3, 12], [4, 13, 5, 14], [21, 7, 22, 6], [15, 8, 16, 9], [10, 17, 11, 18], [12, 3, 13, 4], [14, 20, 15, 19], [23, 17, 24, 16], [18, 2, 19, 1], [5, 21, 6, 20], [7, 23, 8, 22]]"
12n_0708_151,"[[7, 23, 8, 22], [24, 10, 1, 9], [2, 11, 3, 12], [4, 13, 5, 14], [21, 7, 22, 6], [15, 8, 16, 9], [10, 17, 11, 18], [12, 3, 13, 4], [14, 20, 15, 19], [23, 17, 24, 16], [18, 2, 19, 1], [5, 21, 6, 20]]"
12n_0708_152,"[[5, 21, 6, 20], [7, 23, 8, 22], [24, 10, 1, 9], [2, 11, 3, 12], [4, 13, 5, 14], [21, 7, 22, 6], [15, 8, 16, 9], [10, 17, 11, 18], [12, 3, 13, 4], [14, 20, 15, 19], [23, 17, 24, 16], [18, 2, 19, 1]]"
12n_0708_153,"[[18, 2, 19, 1], [5, 21, 6, 20], [7, 23, 8, 22], [24, 10, 1, 9], [2, 11, 3, 12], [4, 13, 5, 14], [21, 7, 22, 6], [15, 8, 16, 9], [10, 17, 11, 18], [12, 3, 13, 4], [14, 20, 15, 19], [23, 17, 24, 16]]"
12n_0708_154,"[[23, 17, 24, 16], [18, 2, 19, 1], [5, 21, 6, 20], [7, 23, 8, 22], [24, 10, 1, 9], [2, 11, 3, 12], [4, 13, 5, 14], [21, 7, 22, 6], [15, 8, 16, 9], [10, 17, 11, 18], [12, 3, 13, 4], [14, 20, 15, 19]]"
12n_0708_155,"[[14, 20, 15, 19], [23, 17, 24, 16], [18, 2, 19, 1], [5, 21, 6, 20], [7, 23, 8, 22], [24, 10, 1, 9], [2, 11, 3, 12], [4, 13, 5, 14], [21, 7, 22, 6], [15, 8, 16, 9], [10, 17, 11, 18], [12, 3, 13, 4]]"
12n_0708_156,"[[13, 4, 14, 5], [15, 21, 16, 20], [24, 18, 1, 17], [19, 3, 20, 2], [6, 22, 7, 21], [8, 24, 9, 23], [1, 11, 2, 10], [3, 12, 4, 13], [5, 14, 6, 15], [22, 8, 23, 7], [16, 9, 17, 10], [11, 18, 12, 19]]"
12n_0708_157,"[[11, 18, 12, 19], [13, 4, 14, 5], [15, 21, 16, 20], [24, 18, 1, 17], [19, 3, 20, 2], [6, 22, 7, 21], [8, 24, 9, 23], [1, 11, 2, 10], [3, 12, 4, 13], [5, 14, 6, 15], [22, 8, 23, 7], [16, 9, 17, 10]]"
12n_0708_158,"[[16, 9, 17, 10], [11, 18, 12, 19], [13, 4, 14, 5], [15, 21, 16, 20], [24, 18, 1, 17], [19, 3, 20, 2], [6, 22, 7, 21], [8, 24, 9, 23], [1, 11, 2, 10], [3, 12, 4, 13], [5, 14, 6, 15], [22, 8, 23, 7]]"
12n_0708_159,"[[22, 8, 23, 7], [16, 9, 17, 10], [11, 18, 12, 19], [13, 4, 14, 5], [15, 21, 16, 20], [24, 18, 1, 17], [19, 3, 20, 2], [6, 22, 7, 21], [8, 24, 9, 23], [1, 11, 2, 10], [3, 12, 4, 13], [5, 14, 6, 15]]"
12n_0708_160,"[[5, 14, 6, 15], [22, 8, 23, 7], [16, 9, 17, 10], [11, 18, 12, 19], [13, 4, 14, 5], [15, 21, 16, 20], [24, 18, 1, 17], [19, 3, 20, 2], [6, 22, 7, 21], [8, 24, 9, 23], [1, 11, 2, 10], [3, 12, 4, 13]]"
12n_0708_161,"[[3, 12, 4, 13], [5, 14, 6, 15], [22, 8, 23, 7], [16, 9, 17, 10], [11, 18, 12, 19], [13, 4, 14, 5], [15, 21, 16, 20], [24, 18, 1, 17], [19, 3, 20, 2], [6, 22, 7, 21], [8, 24, 9, 23], [1, 11, 2, 10]]"
12n_0708_162,"[[1, 11, 2, 10], [3, 12, 4, 13], [5, 14, 6, 15], [22, 8, 23, 7], [16, 9, 17, 10], [11, 18, 12, 19], [13, 4, 14, 5], [15, 21, 16, 20], [24, 18, 1, 17], [19, 3, 20, 2], [6, 22, 7, 21], [8, 24, 9, 23]]"
12n_0708_163,"[[8, 24, 9, 23], [1, 11, 2, 10], [3, 12, 4, 13], [5, 14, 6, 15], [22, 8, 23, 7], [16, 9, 17, 10], [11, 18, 12, 19], [13, 4, 14, 5], [15, 21, 16, 20], [24, 18, 1, 17], [19, 3, 20, 2], [6, 22, 7, 21]]"
12n_0708_164,"[[6, 22, 7, 21], [8, 24, 9, 23], [1, 11, 2, 10], [3, 12, 4, 13], [5, 14, 6, 15], [22, 8, 23, 7], [16, 9, 17, 10], [11, 18, 12, 19], [13, 4, 14, 5], [15, 21, 16, 20], [24, 18, 1, 17], [19, 3, 20, 2]]"
12n_0708_165,"[[19, 3, 20, 2], [6, 22, 7, 21], [8, 24, 9, 23], [1, 11, 2, 10], [3, 12, 4, 13], [5, 14, 6, 15], [22, 8, 23, 7], [16, 9, 17, 10], [11, 18, 12, 19], [13, 4, 14, 5], [15, 21, 16, 20], [24, 18, 1, 17]]"
12n_0708_166,"[[24, 18, 1, 17], [19, 3, 20, 2], [6, 22, 7, 21], [8, 24, 9, 23], [1, 11, 2, 10], [3, 12, 4, 13], [5, 14, 6, 15], [22, 8, 23, 7], [16, 9, 17, 10], [11, 18, 12, 19], [13, 4, 14, 5], [15, 21, 16, 20]]"
12n_0708_167,"[[15, 21, 16, 20], [24, 18, 1, 17], [19, 3, 20, 2], [6, 22, 7, 21], [8, 24, 9, 23], [1, 11, 2, 10], [3, 12, 4, 13], [5, 14, 6, 15], [22, 8, 23, 7], [16, 9, 17, 10], [11, 18, 12, 19], [13, 4, 14, 5]]"
12n_0708_168,"[[14, 5, 15, 6], [16, 22, 17, 21], [1, 19, 2, 18], [20, 4, 21, 3], [7, 23, 8, 22], [9, 1, 10, 24], [2, 12, 3, 11], [4, 13, 5, 14], [6, 15, 7, 16], [23, 9, 24, 8], [17, 10, 18, 11], [12, 19, 13, 20]]"
12n_0708_169,"[[12, 19, 13, 20], [14, 5, 15, 6], [16, 22, 17, 21], [1, 19, 2, 18], [20, 4, 21, 3], [7, 23, 8, 22], [9, 1, 10, 24], [2, 12, 3, 11], [4, 13, 5, 14], [6, 15, 7, 16], [23, 9, 24, 8], [17, 10, 18, 11]]"
12n_0708_170,"[[17, 10, 18, 11], [12, 19, 13, 20], [14, 5, 15, 6], [16, 22, 17, 21], [1, 19, 2, 18], [20, 4, 21, 3], [7, 23, 8, 22], [9, 1, 10, 24], [2, 12, 3, 11], [4, 13, 5, 14], [6, 15, 7, 16], [23, 9, 24, 8]]"
12n_0708_171,"[[23, 9, 24, 8], [17, 10, 18, 11], [12, 19, 13, 20], [14, 5, 15, 6], [16, 22, 17, 21], [1, 19, 2, 18], [20, 4, 21, 3], [7, 23, 8, 22], [9, 1, 10, 24], [2, 12, 3, 11], [4, 13, 5, 14], [6, 15, 7, 16]]"
12n_0708_172,"[[6, 15, 7, 16], [23, 9, 24, 8], [17, 10, 18, 11], [12, 19, 13, 20], [14, 5, 15, 6], [16, 22, 17, 21], [1, 19, 2, 18], [20, 4, 21, 3], [7, 23, 8, 22], [9, 1, 10, 24], [2, 12, 3, 11], [4, 13, 5, 14]]"
12n_0708_173,"[[4, 13, 5, 14], [6, 15, 7, 16], [23, 9, 24, 8], [17, 10, 18, 11], [12, 19, 13, 20], [14, 5, 15, 6], [16, 22, 17, 21], [1, 19, 2, 18], [20, 4, 21, 3], [7, 23, 8, 22], [9, 1, 10, 24], [2, 12, 3, 11]]"
12n_0708_174,"[[2, 12, 3, 11], [4, 13, 5, 14], [6, 15, 7, 16], [23, 9, 24, 8], [17, 10, 18, 11], [12, 19, 13, 20], [14, 5, 15, 6], [16, 22, 17, 21], [1, 19, 2, 18], [20, 4, 21, 3], [7, 23, 8, 22], [9, 1, 10, 24]]"
12n_0708_175,"[[9, 1, 10, 24], [2, 12, 3, 11], [4, 13, 5, 14], [6, 15, 7, 16], [23, 9, 24, 8], [17, 10, 18, 11], [12, 19, 13, 20], [14, 5, 15, 6], [16, 22, 17, 21], [1, 19, 2, 18], [20, 4, 21, 3], [7, 23, 8, 22]]"
12n_0708_176,"[[7, 23, 8, 22], [9, 1, 10, 24], [2, 12, 3, 11], [4, 13, 5, 14], [6, 15, 7, 16], [23, 9, 24, 8], [17, 10, 18, 11], [12, 19, 13, 20], [14, 5, 15, 6], [16, 22, 17, 21], [1, 19, 2, 18], [20, 4, 21, 3]]"
12n_0708_177,"[[20, 4, 21, 3], [7, 23, 8, 22], [9, 1, 10, 24], [2, 12, 3, 11], [4, 13, 5, 14], [6, 15, 7, 16], [23, 9, 24, 8], [17, 10, 18, 11], [12, 19, 13, 20], [14, 5, 15, 6], [16, 22, 17, 21], [1, 19, 2, 18]]"
12n_0708_178,"[[1, 19, 2, 18], [20, 4, 21, 3], [7, 23, 8, 22], [9, 1, 10, 24], [2, 12, 3, 11], [4, 13, 5, 14], [6, 15, 7, 16], [23, 9, 24, 8], [17, 10, 18, 11], [12, 19, 13, 20], [14, 5, 15, 6], [16, 22, 17, 21]]"
12n_0708_179,"[[16, 22, 17, 21], [1, 19, 2, 18], [20, 4, 21, 3], [7, 23, 8, 22], [9, 1, 10, 24], [2, 12, 3, 11], [4, 13, 5, 14], [6, 15, 7, 16], [23, 9, 24, 8], [17, 10, 18, 11], [12, 19, 13, 20], [14, 5, 15, 6]]"
12n_0708_180,"[[15, 6, 16, 7], [17, 23, 18, 22], [2, 20, 3, 19], [21, 5, 22, 4], [8, 24, 9, 23], [10, 2, 11, 1], [3, 13, 4, 12], [5, 14, 6, 15], [7, 16, 8, 17], [24, 10, 1, 9], [18, 11, 19, 12], [13, 20, 14, 21]]"
12n_0708_181,"[[13, 20, 14, 21], [15, 6, 16, 7], [17, 23, 18, 22], [2, 20, 3, 19], [21, 5, 22, 4], [8, 24, 9, 23], [10, 2, 11, 1], [3, 13, 4, 12], [5, 14, 6, 15], [7, 16, 8, 17], [24, 10, 1, 9], [18, 11, 19, 12]]"
12n_0708_182,"[[18, 11, 19, 12], [13, 20, 14, 21], [15, 6, 16, 7], [17, 23, 18, 22], [2, 20, 3, 19], [21, 5, 22, 4], [8, 24, 9, 23], [10, 2, 11, 1], [3, 13, 4, 12], [5, 14, 6, 15], [7, 16, 8, 17], [24, 10, 1, 9]]"
12n_0708_183,"[[24, 10, 1, 9], [18, 11, 19, 12], [13, 20, 14, 21], [15, 6, 16, 7], [17, 23, 18, 22], [2, 20, 3, 19], [21, 5, 22, 4], [8, 24, 9, 23], [10, 2, 11, 1], [3, 13, 4, 12], [5, 14, 6, 15], [7, 16, 8, 17]]"
12n_0708_184,"[[7, 16, 8, 17], [24, 10, 1, 9], [18, 11, 19, 12], [13, 20, 14, 21], [15, 6, 16, 7], [17, 23, 18, 22], [2, 20, 3, 19], [21, 5, 22, 4], [8, 24, 9, 23], [10, 2, 11, 1], [3, 13, 4, 12], [5, 14, 6, 15]]"
12n_0708_185,"[[5, 14, 6, 15], [7, 16, 8, 17], [24, 10, 1, 9], [18, 11, 19, 12], [13, 20, 14, 21], [15, 6, 16, 7], [17, 23, 18, 22], [2, 20, 3, 19], [21, 5, 22, 4], [8, 24, 9, 23], [10, 2, 11, 1], [3, 13, 4, 12]]"
