name,pd_notation
12n_0061_0,"[[24, 13, 1, 14], [2, 6, 3, 5], [4, 9, 5, 10], [6, 12, 7, 11], [8, 18, 9, 17], [10, 3, 11, 4], [12, 23, 13, 24], [19, 15, 20, 14], [16, 8, 17, 7], [21, 19, 22, 18], [15, 21, 16, 20], [22, 1, 23, 2]]"
12n_0061_1,"[[22, 1, 23, 2], [24, 13, 1, 14], [2, 6, 3, 5], [4, 9, 5, 10], [6, 12, 7, 11], [8, 18, 9, 17], [10, 3, 11, 4], [12, 23, 13, 24], [19, 15, 20, 14], [16, 8, 17, 7], [21, 19, 22, 18], [15, 21, 16, 20]]"
12n_0061_2,"[[15, 21, 16, 20], [22, 1, 23, 2], [24, 13, 1, 14], [2, 6, 3, 5], [4, 9, 5, 10], [6, 12, 7, 11], [8, 18, 9, 17], [10, 3, 11, 4], [12, 23, 13, 24], [19, 15, 20, 14], [16, 8, 17, 7], [21, 19, 22, 18]]"
12n_0061_3,"[[21, 19, 22, 18], [15, 21, 16, 20], [22, 1, 23, 2], [24, 13, 1, 14], [2, 6, 3, 5], [4, 9, 5, 10], [6, 12, 7, 11], [8, 18, 9, 17], [10, 3, 11, 4], [12, 23, 13, 24], [19, 15, 20, 14], [16, 8, 17, 7]]"
12n_0061_4,"[[16, 8, 17, 7], [21, 19, 22, 18], [15, 21, 16, 20], [22, 1, 23, 2], [24, 13, 1, 14], [2, 6, 3, 5], [4, 9, 5, 10], [6, 12, 7, 11], [8, 18, 9, 17], [10, 3, 11, 4], [12, 23, 13, 24], [19, 15, 20, 14]]"
12n_0061_5,"[[19, 15, 20, 14], [16, 8, 17, 7], [21, 19, 22, 18], [15, 21, 16, 20], [22, 1, 23, 2], [24, 13, 1, 14], [2, 6, 3, 5], [4, 9, 5, 10], [6, 12, 7, 11], [8, 18, 9, 17], [10, 3, 11, 4], [12, 23, 13, 24]]"
12n_0061_6,"[[12, 23, 13, 24], [19, 15, 20, 14], [16, 8, 17, 7], [21, 19, 22, 18], [15, 21, 16, 20], [22, 1, 23, 2], [24, 13, 1, 14], [2, 6, 3, 5], [4, 9, 5, 10], [6, 12, 7, 11], [8, 18, 9, 17], [10, 3, 11, 4]]"
12n_0061_7,"[[10, 3, 11, 4], [12, 23, 13, 24], [19, 15, 20, 14], [16, 8, 17, 7], [21, 19, 22, 18], [15, 21, 16, 20], [22, 1, 23, 2], [24, 13, 1, 14], [2, 6, 3, 5], [4, 9, 5, 10], [6, 12, 7, 11], [8, 18, 9, 17]]"
12n_0061_8,"[[8, 18, 9, 17], [10, 3, 11, 4], [12, 23, 13, 24], [19, 15, 20, 14], [16, 8, 17, 7], [21, 19, 22, 18], [15, 21, 16, 20], [22, 1, 23, 2], [24, 13, 1, 14], [2, 6, 3, 5], [4, 9, 5, 10], [6, 12, 7, 11]]"
12n_0061_9,"[[6, 12, 7, 11], [8, 18, 9, 17], [10, 3, 11, 4], [12, 23, 13, 24], [19, 15, 20, 14], [16, 8, 17, 7], [21, 19, 22, 18], [15, 21, 16, 20], [22, 1, 23, 2], [24, 13, 1, 14], [2, 6, 3, 5], [4, 9, 5, 10]]"
12n_0061_10,"[[4, 9, 5, 10], [6, 12, 7, 11], [8, 18, 9, 17], [10, 3, 11, 4], [12, 23, 13, 24], [19, 15, 20, 14], [16, 8, 17, 7], [21, 19, 22, 18], [15, 21, 16, 20], [22, 1, 23, 2], [24, 13, 1, 14], [2, 6, 3, 5]]"
12n_0061_11,"[[2, 6, 3, 5], [4, 9, 5, 10], [6, 12, 7, 11], [8, 18, 9, 17], [10, 3, 11, 4], [12, 23, 13, 24], [19, 15, 20, 14], [16, 8, 17, 7], [21, 19, 22, 18], [15, 21, 16, 20], [22, 1, 23, 2], [24, 13, 1, 14]]"
12n_0061_12,"[[1, 14, 2, 15], [3, 7, 4, 6], [5, 10, 6, 11], [7, 13, 8, 12], [9, 19, 10, 18], [11, 4, 12, 5], [13, 24, 14, 1], [20, 16, 21, 15], [17, 9, 18, 8], [22, 20, 23, 19], [16, 22, 17, 21], [23, 2, 24, 3]]"
12n_0061_13,"[[23, 2, 24, 3], [1, 14, 2, 15], [3, 7, 4, 6], [5, 10, 6, 11], [7, 13, 8, 12], [9, 19, 10, 18], [11, 4, 12, 5], [13, 24, 14, 1], [20, 16, 21, 15], [17, 9, 18, 8], [22, 20, 23, 19], [16, 22, 17, 21]]"
12n_0061_14,"[[16, 22, 17, 21], [23, 2, 24, 3], [1, 14, 2, 15], [3, 7, 4, 6], [5, 10, 6, 11], [7, 13, 8, 12], [9, 19, 10, 18], [11, 4, 12, 5], [13, 24, 14, 1], [20, 16, 21, 15], [17, 9, 18, 8], [22, 20, 23, 19]]"
12n_0061_15,"[[22, 20, 23, 19], [16, 22, 17, 21], [23, 2, 24, 3], [1, 14, 2, 15], [3, 7, 4, 6], [5, 10, 6, 11], [7, 13, 8, 12], [9, 19, 10, 18], [11, 4, 12, 5], [13, 24, 14, 1], [20, 16, 21, 15], [17, 9, 18, 8]]"
12n_0061_16,"[[17, 9, 18, 8], [22, 20, 23, 19], [16, 22, 17, 21], [23, 2, 24, 3], [1, 14, 2, 15], [3, 7, 4, 6], [5, 10, 6, 11], [7, 13, 8, 12], [9, 19, 10, 18], [11, 4, 12, 5], [13, 24, 14, 1], [20, 16, 21, 15]]"
12n_0061_17,"[[20, 16, 21, 15], [17, 9, 18, 8], [22, 20, 23, 19], [16, 22, 17, 21], [23, 2, 24, 3], [1, 14, 2, 15], [3, 7, 4, 6], [5, 10, 6, 11], [7, 13, 8, 12], [9, 19, 10, 18], [11, 4, 12, 5], [13, 24, 14, 1]]"
12n_0061_18,"[[13, 24, 14, 1], [20, 16, 21, 15], [17, 9, 18, 8], [22, 20, 23, 19], [16, 22, 17, 21], [23, 2, 24, 3], [1, 14, 2, 15], [3, 7, 4, 6], [5, 10, 6, 11], [7, 13, 8, 12], [9, 19, 10, 18], [11, 4, 12, 5]]"
12n_0061_19,"[[11, 4, 12, 5], [13, 24, 14, 1], [20, 16, 21, 15], [17, 9, 18, 8], [22, 20, 23, 19], [16, 22, 17, 21], [23, 2, 24, 3], [1, 14, 2, 15], [3, 7, 4, 6], [5, 10, 6, 11], [7, 13, 8, 12], [9, 19, 10, 18]]"
12n_0061_20,"[[9, 19, 10, 18], [11, 4, 12, 5], [13, 24, 14, 1], [20, 16, 21, 15], [17, 9, 18, 8], [22, 20, 23, 19], [16, 22, 17, 21], [23, 2, 24, 3], [1, 14, 2, 15], [3, 7, 4, 6], [5, 10, 6, 11], [7, 13, 8, 12]]"
12n_0061_21,"[[7, 13, 8, 12], [9, 19, 10, 18], [11, 4, 12, 5], [13, 24, 14, 1], [20, 16, 21, 15], [17, 9, 18, 8], [22, 20, 23, 19], [16, 22, 17, 21], [23, 2, 24, 3], [1, 14, 2, 15], [3, 7, 4, 6], [5, 10, 6, 11]]"
12n_0061_22,"[[5, 10, 6, 11], [7, 13, 8, 12], [9, 19, 10, 18], [11, 4, 12, 5], [13, 24, 14, 1], [20, 16, 21, 15], [17, 9, 18, 8], [22, 20, 23, 19], [16, 22, 17, 21], [23, 2, 24, 3], [1, 14, 2, 15], [3, 7, 4, 6]]"
12n_0061_23,"[[3, 7, 4, 6], [5, 10, 6, 11], [7, 13, 8, 12], [9, 19, 10, 18], [11, 4, 12, 5], [13, 24, 14, 1], [20, 16, 21, 15], [17, 9, 18, 8], [22, 20, 23, 19], [16, 22, 17, 21], [23, 2, 24, 3], [1, 14, 2, 15]]"
12n_0061_24,"[[2, 15, 3, 16], [4, 8, 5, 7], [6, 11, 7, 12], [8, 14, 9, 13], [10, 20, 11, 19], [12, 5, 13, 6], [14, 1, 15, 2], [21, 17, 22, 16], [18, 10, 19, 9], [23, 21, 24, 20], [17, 23, 18, 22], [24, 3, 1, 4]]"
12n_0061_25,"[[24, 3, 1, 4], [2, 15, 3, 16], [4, 8, 5, 7], [6, 11, 7, 12], [8, 14, 9, 13], [10, 20, 11, 19], [12, 5, 13, 6], [14, 1, 15, 2], [21, 17, 22, 16], [18, 10, 19, 9], [23, 21, 24, 20], [17, 23, 18, 22]]"
12n_0061_26,"[[17, 23, 18, 22], [24, 3, 1, 4], [2, 15, 3, 16], [4, 8, 5, 7], [6, 11, 7, 12], [8, 14, 9, 13], [10, 20, 11, 19], [12, 5, 13, 6], [14, 1, 15, 2], [21, 17, 22, 16], [18, 10, 19, 9], [23, 21, 24, 20]]"
12n_0061_27,"[[23, 21, 24, 20], [17, 23, 18, 22], [24, 3, 1, 4], [2, 15, 3, 16], [4, 8, 5, 7], [6, 11, 7, 12], [8, 14, 9, 13], [10, 20, 11, 19], [12, 5, 13, 6], [14, 1, 15, 2], [21, 17, 22, 16], [18, 10, 19, 9]]"
12n_0061_28,"[[18, 10, 19, 9], [23, 21, 24, 20], [17, 23, 18, 22], [24, 3, 1, 4], [2, 15, 3, 16], [4, 8, 5, 7], [6, 11, 7, 12], [8, 14, 9, 13], [10, 20, 11, 19], [12, 5, 13, 6], [14, 1, 15, 2], [21, 17, 22, 16]]"
12n_0061_29,"[[21, 17, 22, 16], [18, 10, 19, 9], [23, 21, 24, 20], [17, 23, 18, 22], [24, 3, 1, 4], [2, 15, 3, 16], [4, 8, 5, 7], [6, 11, 7, 12], [8, 14, 9, 13], [10, 20, 11, 19], [12, 5, 13, 6], [14, 1, 15, 2]]"
12n_0061_30,"[[14, 1, 15, 2], [21, 17, 22, 16], [18, 10, 19, 9], [23, 21, 24, 20], [17, 23, 18, 22], [24, 3, 1, 4], [2, 15, 3, 16], [4, 8, 5, 7], [6, 11, 7, 12], [8, 14, 9, 13], [10, 20, 11, 19], [12, 5, 13, 6]]"
12n_0061_31,"[[12, 5, 13, 6], [14, 1, 15, 2], [21, 17, 22, 16], [18, 10, 19, 9], [23, 21, 24, 20], [17, 23, 18, 22], [24, 3, 1, 4], [2, 15, 3, 16], [4, 8, 5, 7], [6, 11, 7, 12], [8, 14, 9, 13], [10, 20, 11, 19]]"
12n_0061_32,"[[10, 20, 11, 19], [12, 5, 13, 6], [14, 1, 15, 2], [21, 17, 22, 16], [18, 10, 19, 9], [23, 21, 24, 20], [17, 23, 18, 22], [24, 3, 1, 4], [2, 15, 3, 16], [4, 8, 5, 7], [6, 11, 7, 12], [8, 14, 9, 13]]"
12n_0061_33,"[[8, 14, 9, 13], [10, 20, 11, 19], [12, 5, 13, 6], [14, 1, 15, 2], [21, 17, 22, 16], [18, 10, 19, 9], [23, 21, 24, 20], [17, 23, 18, 22], [24, 3, 1, 4], [2, 15, 3, 16], [4, 8, 5, 7], [6, 11, 7, 12]]"
12n_0061_34,"[[6, 11, 7, 12], [8, 14, 9, 13], [10, 20, 11, 19], [12, 5, 13, 6], [14, 1, 15, 2], [21, 17, 22, 16], [18, 10, 19, 9], [23, 21, 24, 20], [17, 23, 18, 22], [24, 3, 1, 4], [2, 15, 3, 16], [4, 8, 5, 7]]"
12n_0061_35,"[[4, 8, 5, 7], [6, 11, 7, 12], [8, 14, 9, 13], [10, 20, 11, 19], [12, 5, 13, 6], [14, 1, 15, 2], [21, 17, 22, 16], [18, 10, 19, 9], [23, 21, 24, 20], [17, 23, 18, 22], [24, 3, 1, 4], [2, 15, 3, 16]]"
12n_0061_36,"[[3, 16, 4, 17], [5, 9, 6, 8], [7, 12, 8, 13], [9, 15, 10, 14], [11, 21, 12, 20], [13, 6, 14, 7], [15, 2, 16, 3], [22, 18, 23, 17], [19, 11, 20, 10], [24, 22, 1, 21], [18, 24, 19, 23], [1, 4, 2, 5]]"
12n_0061_37,"[[1, 4, 2, 5], [3, 16, 4, 17], [5, 9, 6, 8], [7, 12, 8, 13], [9, 15, 10, 14], [11, 21, 12, 20], [13, 6, 14, 7], [15, 2, 16, 3], [22, 18, 23, 17], [19, 11, 20, 10], [24, 22, 1, 21], [18, 24, 19, 23]]"
12n_0061_38,"[[18, 24, 19, 23], [1, 4, 2, 5], [3, 16, 4, 17], [5, 9, 6, 8], [7, 12, 8, 13], [9, 15, 10, 14], [11, 21, 12, 20], [13, 6, 14, 7], [15, 2, 16, 3], [22, 18, 23, 17], [19, 11, 20, 10], [24, 22, 1, 21]]"
12n_0061_39,"[[24, 22, 1, 21], [18, 24, 19, 23], [1, 4, 2, 5], [3, 16, 4, 17], [5, 9, 6, 8], [7, 12, 8, 13], [9, 15, 10, 14], [11, 21, 12, 20], [13, 6, 14, 7], [15, 2, 16, 3], [22, 18, 23, 17], [19, 11, 20, 10]]"
12n_0061_40,"[[19, 11, 20, 10], [24, 22, 1, 21], [18, 24, 19, 23], [1, 4, 2, 5], [3, 16, 4, 17], [5, 9, 6, 8], [7, 12, 8, 13], [9, 15, 10, 14], [11, 21, 12, 20], [13, 6, 14, 7], [15, 2, 16, 3], [22, 18, 23, 17]]"
12n_0061_41,"[[22, 18, 23, 17], [19, 11, 20, 10], [24, 22, 1, 21], [18, 24, 19, 23], [1, 4, 2, 5], [3, 16, 4, 17], [5, 9, 6, 8], [7, 12, 8, 13], [9, 15, 10, 14], [11, 21, 12, 20], [13, 6, 14, 7], [15, 2, 16, 3]]"
12n_0061_42,"[[15, 2, 16, 3], [22, 18, 23, 17], [19, 11, 20, 10], [24, 22, 1, 21], [18, 24, 19, 23], [1, 4, 2, 5], [3, 16, 4, 17], [5, 9, 6, 8], [7, 12, 8, 13], [9, 15, 10, 14], [11, 21, 12, 20], [13, 6, 14, 7]]"
12n_0061_43,"[[13, 6, 14, 7], [15, 2, 16, 3], [22, 18, 23, 17], [19, 11, 20, 10], [24, 22, 1, 21], [18, 24, 19, 23], [1, 4, 2, 5], [3, 16, 4, 17], [5, 9, 6, 8], [7, 12, 8, 13], [9, 15, 10, 14], [11, 21, 12, 20]]"
12n_0061_44,"[[11, 21, 12, 20], [13, 6, 14, 7], [15, 2, 16, 3], [22, 18, 23, 17], [19, 11, 20, 10], [24, 22, 1, 21], [18, 24, 19, 23], [1, 4, 2, 5], [3, 16, 4, 17], [5, 9, 6, 8], [7, 12, 8, 13], [9, 15, 10, 14]]"
12n_0061_45,"[[9, 15, 10, 14], [11, 21, 12, 20], [13, 6, 14, 7], [15, 2, 16, 3], [22, 18, 23, 17], [19, 11, 20, 10], [24, 22, 1, 21], [18, 24, 19, 23], [1, 4, 2, 5], [3, 16, 4, 17], [5, 9, 6, 8], [7, 12, 8, 13]]"
12n_0061_46,"[[7, 12, 8, 13], [9, 15, 10, 14], [11, 21, 12, 20], [13, 6, 14, 7], [15, 2, 16, 3], [22, 18, 23, 17], [19, 11, 20, 10], [24, 22, 1, 21], [18, 24, 19, 23], [1, 4, 2, 5], [3, 16, 4, 17], [5, 9, 6, 8]]"
12n_0061_47,"[[5, 9, 6, 8], [7, 12, 8, 13], [9, 15, 10, 14], [11, 21, 12, 20], [13, 6, 14, 7], [15, 2, 16, 3], [22, 18, 23, 17], [19, 11, 20, 10], [24, 22, 1, 21], [18, 24, 19, 23], [1, 4, 2, 5], [3, 16, 4, 17]]"
12n_0061_48,"[[4, 17, 5, 18], [6, 10, 7, 9], [8, 13, 9, 14], [10, 16, 11, 15], [12, 22, 13, 21], [14, 7, 15, 8], [16, 3, 17, 4], [23, 19, 24, 18], [20, 12, 21, 11], [1, 23, 2, 22], [19, 1, 20, 24], [2, 5, 3, 6]]"
12n_0061_49,"[[2, 5, 3, 6], [4, 17, 5, 18], [6, 10, 7, 9], [8, 13, 9, 14], [10, 16, 11, 15], [12, 22, 13, 21], [14, 7, 15, 8], [16, 3, 17, 4], [23, 19, 24, 18], [20, 12, 21, 11], [1, 23, 2, 22], [19, 1, 20, 24]]"
12n_0061_50,"[[19, 1, 20, 24], [2, 5, 3, 6], [4, 17, 5, 18], [6, 10, 7, 9], [8, 13, 9, 14], [10, 16, 11, 15], [12, 22, 13, 21], [14, 7, 15, 8], [16, 3, 17, 4], [23, 19, 24, 18], [20, 12, 21, 11], [1, 23, 2, 22]]"
12n_0061_51,"[[1, 23, 2, 22], [19, 1, 20, 24], [2, 5, 3, 6], [4, 17, 5, 18], [6, 10, 7, 9], [8, 13, 9, 14], [10, 16, 11, 15], [12, 22, 13, 21], [14, 7, 15, 8], [16, 3, 17, 4], [23, 19, 24, 18], [20, 12, 21, 11]]"
12n_0061_52,"[[20, 12, 21, 11], [1, 23, 2, 22], [19, 1, 20, 24], [2, 5, 3, 6], [4, 17, 5, 18], [6, 10, 7, 9], [8, 13, 9, 14], [10, 16, 11, 15], [12, 22, 13, 21], [14, 7, 15, 8], [16, 3, 17, 4], [23, 19, 24, 18]]"
12n_0061_53,"[[23, 19, 24, 18], [20, 12, 21, 11], [1, 23, 2, 22], [19, 1, 20, 24], [2, 5, 3, 6], [4, 17, 5, 18], [6, 10, 7, 9], [8, 13, 9, 14], [10, 16, 11, 15], [12, 22, 13, 21], [14, 7, 15, 8], [16, 3, 17, 4]]"
12n_0061_54,"[[16, 3, 17, 4], [23, 19, 24, 18], [20, 12, 21, 11], [1, 23, 2, 22], [19, 1, 20, 24], [2, 5, 3, 6], [4, 17, 5, 18], [6, 10, 7, 9], [8, 13, 9, 14], [10, 16, 11, 15], [12, 22, 13, 21], [14, 7, 15, 8]]"
12n_0061_55,"[[14, 7, 15, 8], [16, 3, 17, 4], [23, 19, 24, 18], [20, 12, 21, 11], [1, 23, 2, 22], [19, 1, 20, 24], [2, 5, 3, 6], [4, 17, 5, 18], [6, 10, 7, 9], [8, 13, 9, 14], [10, 16, 11, 15], [12, 22, 13, 21]]"
12n_0061_56,"[[12, 22, 13, 21], [14, 7, 15, 8], [16, 3, 17, 4], [23, 19, 24, 18], [20, 12, 21, 11], [1, 23, 2, 22], [19, 1, 20, 24], [2, 5, 3, 6], [4, 17, 5, 18], [6, 10, 7, 9], [8, 13, 9, 14], [10, 16, 11, 15]]"
12n_0061_57,"[[10, 16, 11, 15], [12, 22, 13, 21], [14, 7, 15, 8], [16, 3, 17, 4], [23, 19, 24, 18], [20, 12, 21, 11], [1, 23, 2, 22], [19, 1, 20, 24], [2, 5, 3, 6], [4, 17, 5, 18], [6, 10, 7, 9], [8, 13, 9, 14]]"
12n_0061_58,"[[8, 13, 9, 14], [10, 16, 11, 15], [12, 22, 13, 21], [14, 7, 15, 8], [16, 3, 17, 4], [23, 19, 24, 18], [20, 12, 21, 11], [1, 23, 2, 22], [19, 1, 20, 24], [2, 5, 3, 6], [4, 17, 5, 18], [6, 10, 7, 9]]"
12n_0061_59,"[[6, 10, 7, 9], [8, 13, 9, 14], [10, 16, 11, 15], [12, 22, 13, 21], [14, 7, 15, 8], [16, 3, 17, 4], [23, 19, 24, 18], [20, 12, 21, 11], [1, 23, 2, 22], [19, 1, 20, 24], [2, 5, 3, 6], [4, 17, 5, 18]]"
12n_0061_60,"[[5, 18, 6, 19], [7, 11, 8, 10], [9, 14, 10, 15], [11, 17, 12, 16], [13, 23, 14, 22], [15, 8, 16, 9], [17, 4, 18, 5], [24, 20, 1, 19], [21, 13, 22, 12], [2, 24, 3, 23], [20, 2, 21, 1], [3, 6, 4, 7]]"
12n_0061_61,"[[3, 6, 4, 7], [5, 18, 6, 19], [7, 11, 8, 10], [9, 14, 10, 15], [11, 17, 12, 16], [13, 23, 14, 22], [15, 8, 16, 9], [17, 4, 18, 5], [24, 20, 1, 19], [21, 13, 22, 12], [2, 24, 3, 23], [20, 2, 21, 1]]"
12n_0061_62,"[[20, 2, 21, 1], [3, 6, 4, 7], [5, 18, 6, 19], [7, 11, 8, 10], [9, 14, 10, 15], [11, 17, 12, 16], [13, 23, 14, 22], [15, 8, 16, 9], [17, 4, 18, 5], [24, 20, 1, 19], [21, 13, 22, 12], [2, 24, 3, 23]]"
12n_0061_63,"[[2, 24, 3, 23], [20, 2, 21, 1], [3, 6, 4, 7], [5, 18, 6, 19], [7, 11, 8, 10], [9, 14, 10, 15], [11, 17, 12, 16], [13, 23, 14, 22], [15, 8, 16, 9], [17, 4, 18, 5], [24, 20, 1, 19], [21, 13, 22, 12]]"
12n_0061_64,"[[21, 13, 22, 12], [2, 24, 3, 23], [20, 2, 21, 1], [3, 6, 4, 7], [5, 18, 6, 19], [7, 11, 8, 10], [9, 14, 10, 15], [11, 17, 12, 16], [13, 23, 14, 22], [15, 8, 16, 9], [17, 4, 18, 5], [24, 20, 1, 19]]"
12n_0061_65,"[[24, 20, 1, 19], [21, 13, 22, 12], [2, 24, 3, 23], [20, 2, 21, 1], [3, 6, 4, 7], [5, 18, 6, 19], [7, 11, 8, 10], [9, 14, 10, 15], [11, 17, 12, 16], [13, 23, 14, 22], [15, 8, 16, 9], [17, 4, 18, 5]]"
12n_0061_66,"[[17, 4, 18, 5], [24, 20, 1, 19], [21, 13, 22, 12], [2, 24, 3, 23], [20, 2, 21, 1], [3, 6, 4, 7], [5, 18, 6, 19], [7, 11, 8, 10], [9, 14, 10, 15], [11, 17, 12, 16], [13, 23, 14, 22], [15, 8, 16, 9]]"
12n_0061_67,"[[15, 8, 16, 9], [17, 4, 18, 5], [24, 20, 1, 19], [21, 13, 22, 12], [2, 24, 3, 23], [20, 2, 21, 1], [3, 6, 4, 7], [5, 18, 6, 19], [7, 11, 8, 10], [9, 14, 10, 15], [11, 17, 12, 16], [13, 23, 14, 22]]"
12n_0061_68,"[[13, 23, 14, 22], [15, 8, 16, 9], [17, 4, 18, 5], [24, 20, 1, 19], [21, 13, 22, 12], [2, 24, 3, 23], [20, 2, 21, 1], [3, 6, 4, 7], [5, 18, 6, 19], [7, 11, 8, 10], [9, 14, 10, 15], [11, 17, 12, 16]]"
12n_0061_69,"[[11, 17, 12, 16], [13, 23, 14, 22], [15, 8, 16, 9], [17, 4, 18, 5], [24, 20, 1, 19], [21, 13, 22, 12], [2, 24, 3, 23], [20, 2, 21, 1], [3, 6, 4, 7], [5, 18, 6, 19], [7, 11, 8, 10], [9, 14, 10, 15]]"
12n_0061_70,"[[9, 14, 10, 15], [11, 17, 12, 16], [13, 23, 14, 22], [15, 8, 16, 9], [17, 4, 18, 5], [24, 20, 1, 19], [21, 13, 22, 12], [2, 24, 3, 23], [20, 2, 21, 1], [3, 6, 4, 7], [5, 18, 6, 19], [7, 11, 8, 10]]"
12n_0061_71,"[[7, 11, 8, 10], [9, 14, 10, 15], [11, 17, 12, 16], [13, 23, 14, 22], [15, 8, 16, 9], [17, 4, 18, 5], [24, 20, 1, 19], [21, 13, 22, 12], [2, 24, 3, 23], [20, 2, 21, 1], [3, 6, 4, 7], [5, 18, 6, 19]]"
12n_0061_72,"[[6, 19, 7, 20], [8, 12, 9, 11], [10, 15, 11, 16], [12, 18, 13, 17], [14, 24, 15, 23], [16, 9, 17, 10], [18, 5, 19, 6], [1, 21, 2, 20], [22, 14, 23, 13], [3, 1, 4, 24], [21, 3, 22, 2], [4, 7, 5, 8]]"
12n_0061_73,"[[4, 7, 5, 8], [6, 19, 7, 20], [8, 12, 9, 11], [10, 15, 11, 16], [12, 18, 13, 17], [14, 24, 15, 23], [16, 9, 17, 10], [18, 5, 19, 6], [1, 21, 2, 20], [22, 14, 23, 13], [3, 1, 4, 24], [21, 3, 22, 2]]"
12n_0061_74,"[[21, 3, 22, 2], [4, 7, 5, 8], [6, 19, 7, 20], [8, 12, 9, 11], [10, 15, 11, 16], [12, 18, 13, 17], [14, 24, 15, 23], [16, 9, 17, 10], [18, 5, 19, 6], [1, 21, 2, 20], [22, 14, 23, 13], [3, 1, 4, 24]]"
12n_0061_75,"[[3, 1, 4, 24], [21, 3, 22, 2], [4, 7, 5, 8], [6, 19, 7, 20], [8, 12, 9, 11], [10, 15, 11, 16], [12, 18, 13, 17], [14, 24, 15, 23], [16, 9, 17, 10], [18, 5, 19, 6], [1, 21, 2, 20], [22, 14, 23, 13]]"
12n_0061_76,"[[22, 14, 23, 13], [3, 1, 4, 24], [21, 3, 22, 2], [4, 7, 5, 8], [6, 19, 7, 20], [8, 12, 9, 11], [10, 15, 11, 16], [12, 18, 13, 17], [14, 24, 15, 23], [16, 9, 17, 10], [18, 5, 19, 6], [1, 21, 2, 20]]"
12n_0061_77,"[[1, 21, 2, 20], [22, 14, 23, 13], [3, 1, 4, 24], [21, 3, 22, 2], [4, 7, 5, 8], [6, 19, 7, 20], [8, 12, 9, 11], [10, 15, 11, 16], [12, 18, 13, 17], [14, 24, 15, 23], [16, 9, 17, 10], [18, 5, 19, 6]]"
12n_0061_78,"[[18, 5, 19, 6], [1, 21, 2, 20], [22, 14, 23, 13], [3, 1, 4, 24], [21, 3, 22, 2], [4, 7, 5, 8], [6, 19, 7, 20], [8, 12, 9, 11], [10, 15, 11, 16], [12, 18, 13, 17], [14, 24, 15, 23], [16, 9, 17, 10]]"
12n_0061_79,"[[16, 9, 17, 10], [18, 5, 19, 6], [1, 21, 2, 20], [22, 14, 23, 13], [3, 1, 4, 24], [21, 3, 22, 2], [4, 7, 5, 8], [6, 19, 7, 20], [8, 12, 9, 11], [10, 15, 11, 16], [12, 18, 13, 17], [14, 24, 15, 23]]"
12n_0061_80,"[[14, 24, 15, 23], [16, 9, 17, 10], [18, 5, 19, 6], [1, 21, 2, 20], [22, 14, 23, 13], [3, 1, 4, 24], [21, 3, 22, 2], [4, 7, 5, 8], [6, 19, 7, 20], [8, 12, 9, 11], [10, 15, 11, 16], [12, 18, 13, 17]]"
12n_0061_81,"[[12, 18, 13, 17], [14, 24, 15, 23], [16, 9, 17, 10], [18, 5, 19, 6], [1, 21, 2, 20], [22, 14, 23, 13], [3, 1, 4, 24], [21, 3, 22, 2], [4, 7, 5, 8], [6, 19, 7, 20], [8, 12, 9, 11], [10, 15, 11, 16]]"
12n_0061_82,"[[10, 15, 11, 16], [12, 18, 13, 17], [14, 24, 15, 23], [16, 9, 17, 10], [18, 5, 19, 6], [1, 21, 2, 20], [22, 14, 23, 13], [3, 1, 4, 24], [21, 3, 22, 2], [4, 7, 5, 8], [6, 19, 7, 20], [8, 12, 9, 11]]"
12n_0061_83,"[[8, 12, 9, 11], [10, 15, 11, 16], [12, 18, 13, 17], [14, 24, 15, 23], [16, 9, 17, 10], [18, 5, 19, 6], [1, 21, 2, 20], [22, 14, 23, 13], [3, 1, 4, 24], [21, 3, 22, 2], [4, 7, 5, 8], [6, 19, 7, 20]]"
12n_0061_84,"[[7, 20, 8, 21], [9, 13, 10, 12], [11, 16, 12, 17], [13, 19, 14, 18], [15, 1, 16, 24], [17, 10, 18, 11], [19, 6, 20, 7], [2, 22, 3, 21], [23, 15, 24, 14], [4, 2, 5, 1], [22, 4, 23, 3], [5, 8, 6, 9]]"
12n_0061_85,"[[5, 8, 6, 9], [7, 20, 8, 21], [9, 13, 10, 12], [11, 16, 12, 17], [13, 19, 14, 18], [15, 1, 16, 24], [17, 10, 18, 11], [19, 6, 20, 7], [2, 22, 3, 21], [23, 15, 24, 14], [4, 2, 5, 1], [22, 4, 23, 3]]"
12n_0061_86,"[[22, 4, 23, 3], [5, 8, 6, 9], [7, 20, 8, 21], [9, 13, 10, 12], [11, 16, 12, 17], [13, 19, 14, 18], [15, 1, 16, 24], [17, 10, 18, 11], [19, 6, 20, 7], [2, 22, 3, 21], [23, 15, 24, 14], [4, 2, 5, 1]]"
12n_0061_87,"[[4, 2, 5, 1], [22, 4, 23, 3], [5, 8, 6, 9], [7, 20, 8, 21], [9, 13, 10, 12], [11, 16, 12, 17], [13, 19, 14, 18], [15, 1, 16, 24], [17, 10, 18, 11], [19, 6, 20, 7], [2, 22, 3, 21], [23, 15, 24, 14]]"
12n_0061_88,"[[23, 15, 24, 14], [4, 2, 5, 1], [22, 4, 23, 3], [5, 8, 6, 9], [7, 20, 8, 21], [9, 13, 10, 12], [11, 16, 12, 17], [13, 19, 14, 18], [15, 1, 16, 24], [17, 10, 18, 11], [19, 6, 20, 7], [2, 22, 3, 21]]"
12n_0061_89,"[[2, 22, 3, 21], [23, 15, 24, 14], [4, 2, 5, 1], [22, 4, 23, 3], [5, 8, 6, 9], [7, 20, 8, 21], [9, 13, 10, 12], [11, 16, 12, 17], [13, 19, 14, 18], [15, 1, 16, 24], [17, 10, 18, 11], [19, 6, 20, 7]]"
12n_0061_90,"[[19, 6, 20, 7], [2, 22, 3, 21], [23, 15, 24, 14], [4, 2, 5, 1], [22, 4, 23, 3], [5, 8, 6, 9], [7, 20, 8, 21], [9, 13, 10, 12], [11, 16, 12, 17], [13, 19, 14, 18], [15, 1, 16, 24], [17, 10, 18, 11]]"
12n_0061_91,"[[17, 10, 18, 11], [19, 6, 20, 7], [2, 22, 3, 21], [23, 15, 24, 14], [4, 2, 5, 1], [22, 4, 23, 3], [5, 8, 6, 9], [7, 20, 8, 21], [9, 13, 10, 12], [11, 16, 12, 17], [13, 19, 14, 18], [15, 1, 16, 24]]"
12n_0061_92,"[[15, 1, 16, 24], [17, 10, 18, 11], [19, 6, 20, 7], [2, 22, 3, 21], [23, 15, 24, 14], [4, 2, 5, 1], [22, 4, 23, 3], [5, 8, 6, 9], [7, 20, 8, 21], [9, 13, 10, 12], [11, 16, 12, 17], [13, 19, 14, 18]]"
12n_0061_93,"[[13, 19, 14, 18], [15, 1, 16, 24], [17, 10, 18, 11], [19, 6, 20, 7], [2, 22, 3, 21], [23, 15, 24, 14], [4, 2, 5, 1], [22, 4, 23, 3], [5, 8, 6, 9], [7, 20, 8, 21], [9, 13, 10, 12], [11, 16, 12, 17]]"
12n_0061_94,"[[11, 16, 12, 17], [13, 19, 14, 18], [15, 1, 16, 24], [17, 10, 18, 11], [19, 6, 20, 7], [2, 22, 3, 21], [23, 15, 24, 14], [4, 2, 5, 1], [22, 4, 23, 3], [5, 8, 6, 9], [7, 20, 8, 21], [9, 13, 10, 12]]"
12n_0061_95,"[[9, 13, 10, 12], [11, 16, 12, 17], [13, 19, 14, 18], [15, 1, 16, 24], [17, 10, 18, 11], [19, 6, 20, 7], [2, 22, 3, 21], [23, 15, 24, 14], [4, 2, 5, 1], [22, 4, 23, 3], [5, 8, 6, 9], [7, 20, 8, 21]]"
12n_0061_96,"[[8, 21, 9, 22], [10, 14, 11, 13], [12, 17, 13, 18], [14, 20, 15, 19], [16, 2, 17, 1], [18, 11, 19, 12], [20, 7, 21, 8], [3, 23, 4, 22], [24, 16, 1, 15], [5, 3, 6, 2], [23, 5, 24, 4], [6, 9, 7, 10]]"
12n_0061_97,"[[6, 9, 7, 10], [8, 21, 9, 22], [10, 14, 11, 13], [12, 17, 13, 18], [14, 20, 15, 19], [16, 2, 17, 1], [18, 11, 19, 12], [20, 7, 21, 8], [3, 23, 4, 22], [24, 16, 1, 15], [5, 3, 6, 2], [23, 5, 24, 4]]"
12n_0061_98,"[[23, 5, 24, 4], [6, 9, 7, 10], [8, 21, 9, 22], [10, 14, 11, 13], [12, 17, 13, 18], [14, 20, 15, 19], [16, 2, 17, 1], [18, 11, 19, 12], [20, 7, 21, 8], [3, 23, 4, 22], [24, 16, 1, 15], [5, 3, 6, 2]]"
12n_0061_99,"[[5, 3, 6, 2], [23, 5, 24, 4], [6, 9, 7, 10], [8, 21, 9, 22], [10, 14, 11, 13], [12, 17, 13, 18], [14, 20, 15, 19], [16, 2, 17, 1], [18, 11, 19, 12], [20, 7, 21, 8], [3, 23, 4, 22], [24, 16, 1, 15]]"
12n_0061_100,"[[24, 16, 1, 15], [5, 3, 6, 2], [23, 5, 24, 4], [6, 9, 7, 10], [8, 21, 9, 22], [10, 14, 11, 13], [12, 17, 13, 18], [14, 20, 15, 19], [16, 2, 17, 1], [18, 11, 19, 12], [20, 7, 21, 8], [3, 23, 4, 22]]"
12n_0061_101,"[[3, 23, 4, 22], [24, 16, 1, 15], [5, 3, 6, 2], [23, 5, 24, 4], [6, 9, 7, 10], [8, 21, 9, 22], [10, 14, 11, 13], [12, 17, 13, 18], [14, 20, 15, 19], [16, 2, 17, 1], [18, 11, 19, 12], [20, 7, 21, 8]]"
12n_0061_102,"[[20, 7, 21, 8], [3, 23, 4, 22], [24, 16, 1, 15], [5, 3, 6, 2], [23, 5, 24, 4], [6, 9, 7, 10], [8, 21, 9, 22], [10, 14, 11, 13], [12, 17, 13, 18], [14, 20, 15, 19], [16, 2, 17, 1], [18, 11, 19, 12]]"
12n_0061_103,"[[18, 11, 19, 12], [20, 7, 21, 8], [3, 23, 4, 22], [24, 16, 1, 15], [5, 3, 6, 2], [23, 5, 24, 4], [6, 9, 7, 10], [8, 21, 9, 22], [10, 14, 11, 13], [12, 17, 13, 18], [14, 20, 15, 19], [16, 2, 17, 1]]"
12n_0061_104,"[[16, 2, 17, 1], [18, 11, 19, 12], [20, 7, 21, 8], [3, 23, 4, 22], [24, 16, 1, 15], [5, 3, 6, 2], [23, 5, 24, 4], [6, 9, 7, 10], [8, 21, 9, 22], [10, 14, 11, 13], [12, 17, 13, 18], [14, 20, 15, 19]]"
12n_0061_105,"[[14, 20, 15, 19], [16, 2, 17, 1], [18, 11, 19, 12], [20, 7, 21, 8], [3, 23, 4, 22], [24, 16, 1, 15], [5, 3, 6, 2], [23, 5, 24, 4], [6, 9, 7, 10], [8, 21, 9, 22], [10, 14, 11, 13], [12, 17, 13, 18]]"
12n_0061_106,"[[12, 17, 13, 18], [14, 20, 15, 19], [16, 2, 17, 1], [18, 11, 19, 12], [20, 7, 21, 8], [3, 23, 4, 22], [24, 16, 1, 15], [5, 3, 6, 2], [23, 5, 24, 4], [6, 9, 7, 10], [8, 21, 9, 22], [10, 14, 11, 13]]"
12n_0061_107,"[[10, 14, 11, 13], [12, 17, 13, 18], [14, 20, 15, 19], [16, 2, 17, 1], [18, 11, 19, 12], [20, 7, 21, 8], [3, 23, 4, 22], [24, 16, 1, 15], [5, 3, 6, 2], [23, 5, 24, 4], [6, 9, 7, 10], [8, 21, 9, 22]]"
12n_0061_108,"[[9, 22, 10, 23], [11, 15, 12, 14], [13, 18, 14, 19], [15, 21, 16, 20], [17, 3, 18, 2], [19, 12, 20, 13], [21, 8, 22, 9], [4, 24, 5, 23], [1, 17, 2, 16], [6, 4, 7, 3], [24, 6, 1, 5], [7, 10, 8, 11]]"
12n_0061_109,"[[7, 10, 8, 11], [9, 22, 10, 23], [11, 15, 12, 14], [13, 18, 14, 19], [15, 21, 16, 20], [17, 3, 18, 2], [19, 12, 20, 13], [21, 8, 22, 9], [4, 24, 5, 23], [1, 17, 2, 16], [6, 4, 7, 3], [24, 6, 1, 5]]"
12n_0061_110,"[[24, 6, 1, 5], [7, 10, 8, 11], [9, 22, 10, 23], [11, 15, 12, 14], [13, 18, 14, 19], [15, 21, 16, 20], [17, 3, 18, 2], [19, 12, 20, 13], [21, 8, 22, 9], [4, 24, 5, 23], [1, 17, 2, 16], [6, 4, 7, 3]]"
12n_0061_111,"[[6, 4, 7, 3], [24, 6, 1, 5], [7, 10, 8, 11], [9, 22, 10, 23], [11, 15, 12, 14], [13, 18, 14, 19], [15, 21, 16, 20], [17, 3, 18, 2], [19, 12, 20, 13], [21, 8, 22, 9], [4, 24, 5, 23], [1, 17, 2, 16]]"
12n_0061_112,"[[1, 17, 2, 16], [6, 4, 7, 3], [24, 6, 1, 5], [7, 10, 8, 11], [9, 22, 10, 23], [11, 15, 12, 14], [13, 18, 14, 19], [15, 21, 16, 20], [17, 3, 18, 2], [19, 12, 20, 13], [21, 8, 22, 9], [4, 24, 5, 23]]"
12n_0061_113,"[[4, 24, 5, 23], [1, 17, 2, 16], [6, 4, 7, 3], [24, 6, 1, 5], [7, 10, 8, 11], [9, 22, 10, 23], [11, 15, 12, 14], [13, 18, 14, 19], [15, 21, 16, 20], [17, 3, 18, 2], [19, 12, 20, 13], [21, 8, 22, 9]]"
12n_0061_114,"[[21, 8, 22, 9], [4, 24, 5, 23], [1, 17, 2, 16], [6, 4, 7, 3], [24, 6, 1, 5], [7, 10, 8, 11], [9, 22, 10, 23], [11, 15, 12, 14], [13, 18, 14, 19], [15, 21, 16, 20], [17, 3, 18, 2], [19, 12, 20, 13]]"
12n_0061_115,"[[19, 12, 20, 13], [21, 8, 22, 9], [4, 24, 5, 23], [1, 17, 2, 16], [6, 4, 7, 3], [24, 6, 1, 5], [7, 10, 8, 11], [9, 22, 10, 23], [11, 15, 12, 14], [13, 18, 14, 19], [15, 21, 16, 20], [17, 3, 18, 2]]"
12n_0061_116,"[[17, 3, 18, 2], [19, 12, 20, 13], [21, 8, 22, 9], [4, 24, 5, 23], [1, 17, 2, 16], [6, 4, 7, 3], [24, 6, 1, 5], [7, 10, 8, 11], [9, 22, 10, 23], [11, 15, 12, 14], [13, 18, 14, 19], [15, 21, 16, 20]]"
12n_0061_117,"[[15, 21, 16, 20], [17, 3, 18, 2], [19, 12, 20, 13], [21, 8, 22, 9], [4, 24, 5, 23], [1, 17, 2, 16], [6, 4, 7, 3], [24, 6, 1, 5], [7, 10, 8, 11], [9, 22, 10, 23], [11, 15, 12, 14], [13, 18, 14, 19]]"
12n_0061_118,"[[13, 18, 14, 19], [15, 21, 16, 20], [17, 3, 18, 2], [19, 12, 20, 13], [21, 8, 22, 9], [4, 24, 5, 23], [1, 17, 2, 16], [6, 4, 7, 3], [24, 6, 1, 5], [7, 10, 8, 11], [9, 22, 10, 23], [11, 15, 12, 14]]"
12n_0061_119,"[[11, 15, 12, 14], [13, 18, 14, 19], [15, 21, 16, 20], [17, 3, 18, 2], [19, 12, 20, 13], [21, 8, 22, 9], [4, 24, 5, 23], [1, 17, 2, 16], [6, 4, 7, 3], [24, 6, 1, 5], [7, 10, 8, 11], [9, 22, 10, 23]]"
12n_0061_120,"[[10, 23, 11, 24], [12, 16, 13, 15], [14, 19, 15, 20], [16, 22, 17, 21], [18, 4, 19, 3], [20, 13, 21, 14], [22, 9, 23, 10], [5, 1, 6, 24], [2, 18, 3, 17], [7, 5, 8, 4], [1, 7, 2, 6], [8, 11, 9, 12]]"
12n_0061_121,"[[8, 11, 9, 12], [10, 23, 11, 24], [12, 16, 13, 15], [14, 19, 15, 20], [16, 22, 17, 21], [18, 4, 19, 3], [20, 13, 21, 14], [22, 9, 23, 10], [5, 1, 6, 24], [2, 18, 3, 17], [7, 5, 8, 4], [1, 7, 2, 6]]"
12n_0061_122,"[[1, 7, 2, 6], [8, 11, 9, 12], [10, 23, 11, 24], [12, 16, 13, 15], [14, 19, 15, 20], [16, 22, 17, 21], [18, 4, 19, 3], [20, 13, 21, 14], [22, 9, 23, 10], [5, 1, 6, 24], [2, 18, 3, 17], [7, 5, 8, 4]]"
12n_0061_123,"[[7, 5, 8, 4], [1, 7, 2, 6], [8, 11, 9, 12], [10, 23, 11, 24], [12, 16, 13, 15], [14, 19, 15, 20], [16, 22, 17, 21], [18, 4, 19, 3], [20, 13, 21, 14], [22, 9, 23, 10], [5, 1, 6, 24], [2, 18, 3, 17]]"
12n_0061_124,"[[2, 18, 3, 17], [7, 5, 8, 4], [1, 7, 2, 6], [8, 11, 9, 12], [10, 23, 11, 24], [12, 16, 13, 15], [14, 19, 15, 20], [16, 22, 17, 21], [18, 4, 19, 3], [20, 13, 21, 14], [22, 9, 23, 10], [5, 1, 6, 24]]"
12n_0061_125,"[[5, 1, 6, 24], [2, 18, 3, 17], [7, 5, 8, 4], [1, 7, 2, 6], [8, 11, 9, 12], [10, 23, 11, 24], [12, 16, 13, 15], [14, 19, 15, 20], [16, 22, 17, 21], [18, 4, 19, 3], [20, 13, 21, 14], [22, 9, 23, 10]]"
12n_0061_126,"[[22, 9, 23, 10], [5, 1, 6, 24], [2, 18, 3, 17], [7, 5, 8, 4], [1, 7, 2, 6], [8, 11, 9, 12], [10, 23, 11, 24], [12, 16, 13, 15], [14, 19, 15, 20], [16, 22, 17, 21], [18, 4, 19, 3], [20, 13, 21, 14]]"
12n_0061_127,"[[20, 13, 21, 14], [22, 9, 23, 10], [5, 1, 6, 24], [2, 18, 3, 17], [7, 5, 8, 4], [1, 7, 2, 6], [8, 11, 9, 12], [10, 23, 11, 24], [12, 16, 13, 15], [14, 19, 15, 20], [16, 22, 17, 21], [18, 4, 19, 3]]"
12n_0061_128,"[[18, 4, 19, 3], [20, 13, 21, 14], [22, 9, 23, 10], [5, 1, 6, 24], [2, 18, 3, 17], [7, 5, 8, 4], [1, 7, 2, 6], [8, 11, 9, 12], [10, 23, 11, 24], [12, 16, 13, 15], [14, 19, 15, 20], [16, 22, 17, 21]]"
12n_0061_129,"[[16, 22, 17, 21], [18, 4, 19, 3], [20, 13, 21, 14], [22, 9, 23, 10], [5, 1, 6, 24], [2, 18, 3, 17], [7, 5, 8, 4], [1, 7, 2, 6], [8, 11, 9, 12], [10, 23, 11, 24], [12, 16, 13, 15], [14, 19, 15, 20]]"
12n_0061_130,"[[14, 19, 15, 20], [16, 22, 17, 21], [18, 4, 19, 3], [20, 13, 21, 14], [22, 9, 23, 10], [5, 1, 6, 24], [2, 18, 3, 17], [7, 5, 8, 4], [1, 7, 2, 6], [8, 11, 9, 12], [10, 23, 11, 24], [12, 16, 13, 15]]"
12n_0061_131,"[[12, 16, 13, 15], [14, 19, 15, 20], [16, 22, 17, 21], [18, 4, 19, 3], [20, 13, 21, 14], [22, 9, 23, 10], [5, 1, 6, 24], [2, 18, 3, 17], [7, 5, 8, 4], [1, 7, 2, 6], [8, 11, 9, 12], [10, 23, 11, 24]]"
12n_0061_132,"[[11, 24, 12, 1], [13, 17, 14, 16], [15, 20, 16, 21], [17, 23, 18, 22], [19, 5, 20, 4], [21, 14, 22, 15], [23, 10, 24, 11], [6, 2, 7, 1], [3, 19, 4, 18], [8, 6, 9, 5], [2, 8, 3, 7], [9, 12, 10, 13]]"
12n_0061_133,"[[9, 12, 10, 13], [11, 24, 12, 1], [13, 17, 14, 16], [15, 20, 16, 21], [17, 23, 18, 22], [19, 5, 20, 4], [21, 14, 22, 15], [23, 10, 24, 11], [6, 2, 7, 1], [3, 19, 4, 18], [8, 6, 9, 5], [2, 8, 3, 7]]"
12n_0061_134,"[[2, 8, 3, 7], [9, 12, 10, 13], [11, 24, 12, 1], [13, 17, 14, 16], [15, 20, 16, 21], [17, 23, 18, 22], [19, 5, 20, 4], [21, 14, 22, 15], [23, 10, 24, 11], [6, 2, 7, 1], [3, 19, 4, 18], [8, 6, 9, 5]]"
12n_0061_135,"[[8, 6, 9, 5], [2, 8, 3, 7], [9, 12, 10, 13], [11, 24, 12, 1], [13, 17, 14, 16], [15, 20, 16, 21], [17, 23, 18, 22], [19, 5, 20, 4], [21, 14, 22, 15], [23, 10, 24, 11], [6, 2, 7, 1], [3, 19, 4, 18]]"
12n_0061_136,"[[3, 19, 4, 18], [8, 6, 9, 5], [2, 8, 3, 7], [9, 12, 10, 13], [11, 24, 12, 1], [13, 17, 14, 16], [15, 20, 16, 21], [17, 23, 18, 22], [19, 5, 20, 4], [21, 14, 22, 15], [23, 10, 24, 11], [6, 2, 7, 1]]"
12n_0061_137,"[[6, 2, 7, 1], [3, 19, 4, 18], [8, 6, 9, 5], [2, 8, 3, 7], [9, 12, 10, 13], [11, 24, 12, 1], [13, 17, 14, 16], [15, 20, 16, 21], [17, 23, 18, 22], [19, 5, 20, 4], [21, 14, 22, 15], [23, 10, 24, 11]]"
12n_0061_138,"[[23, 10, 24, 11], [6, 2, 7, 1], [3, 19, 4, 18], [8, 6, 9, 5], [2, 8, 3, 7], [9, 12, 10, 13], [11, 24, 12, 1], [13, 17, 14, 16], [15, 20, 16, 21], [17, 23, 18, 22], [19, 5, 20, 4], [21, 14, 22, 15]]"
12n_0061_139,"[[21, 14, 22, 15], [23, 10, 24, 11], [6, 2, 7, 1], [3, 19, 4, 18], [8, 6, 9, 5], [2, 8, 3, 7], [9, 12, 10, 13], [11, 24, 12, 1], [13, 17, 14, 16], [15, 20, 16, 21], [17, 23, 18, 22], [19, 5, 20, 4]]"
12n_0061_140,"[[19, 5, 20, 4], [21, 14, 22, 15], [23, 10, 24, 11], [6, 2, 7, 1], [3, 19, 4, 18], [8, 6, 9, 5], [2, 8, 3, 7], [9, 12, 10, 13], [11, 24, 12, 1], [13, 17, 14, 16], [15, 20, 16, 21], [17, 23, 18, 22]]"
12n_0061_141,"[[17, 23, 18, 22], [19, 5, 20, 4], [21, 14, 22, 15], [23, 10, 24, 11], [6, 2, 7, 1], [3, 19, 4, 18], [8, 6, 9, 5], [2, 8, 3, 7], [9, 12, 10, 13], [11, 24, 12, 1], [13, 17, 14, 16], [15, 20, 16, 21]]"
12n_0061_142,"[[15, 20, 16, 21], [17, 23, 18, 22], [19, 5, 20, 4], [21, 14, 22, 15], [23, 10, 24, 11], [6, 2, 7, 1], [3, 19, 4, 18], [8, 6, 9, 5], [2, 8, 3, 7], [9, 12, 10, 13], [11, 24, 12, 1], [13, 17, 14, 16]]"
12n_0061_143,"[[13, 17, 14, 16], [15, 20, 16, 21], [17, 23, 18, 22], [19, 5, 20, 4], [21, 14, 22, 15], [23, 10, 24, 11], [6, 2, 7, 1], [3, 19, 4, 18], [8, 6, 9, 5], [2, 8, 3, 7], [9, 12, 10, 13], [11, 24, 12, 1]]"
12n_0061_144,"[[12, 1, 13, 2], [14, 18, 15, 17], [16, 21, 17, 22], [18, 24, 19, 23], [20, 6, 21, 5], [22, 15, 23, 16], [24, 11, 1, 12], [7, 3, 8, 2], [4, 20, 5, 19], [9, 7, 10, 6], [3, 9, 4, 8], [10, 13, 11, 14]]"
12n_0061_145,"[[10, 13, 11, 14], [12, 1, 13, 2], [14, 18, 15, 17], [16, 21, 17, 22], [18, 24, 19, 23], [20, 6, 21, 5], [22, 15, 23, 16], [24, 11, 1, 12], [7, 3, 8, 2], [4, 20, 5, 19], [9, 7, 10, 6], [3, 9, 4, 8]]"
12n_0061_146,"[[3, 9, 4, 8], [10, 13, 11, 14], [12, 1, 13, 2], [14, 18, 15, 17], [16, 21, 17, 22], [18, 24, 19, 23], [20, 6, 21, 5], [22, 15, 23, 16], [24, 11, 1, 12], [7, 3, 8, 2], [4, 20, 5, 19], [9, 7, 10, 6]]"
12n_0061_147,"[[9, 7, 10, 6], [3, 9, 4, 8], [10, 13, 11, 14], [12, 1, 13, 2], [14, 18, 15, 17], [16, 21, 17, 22], [18, 24, 19, 23], [20, 6, 21, 5], [22, 15, 23, 16], [24, 11, 1, 12], [7, 3, 8, 2], [4, 20, 5, 19]]"
12n_0061_148,"[[4, 20, 5, 19], [9, 7, 10, 6], [3, 9, 4, 8], [10, 13, 11, 14], [12, 1, 13, 2], [14, 18, 15, 17], [16, 21, 17, 22], [18, 24, 19, 23], [20, 6, 21, 5], [22, 15, 23, 16], [24, 11, 1, 12], [7, 3, 8, 2]]"
12n_0061_149,"[[7, 3, 8, 2], [4, 20, 5, 19], [9, 7, 10, 6], [3, 9, 4, 8], [10, 13, 11, 14], [12, 1, 13, 2], [14, 18, 15, 17], [16, 21, 17, 22], [18, 24, 19, 23], [20, 6, 21, 5], [22, 15, 23, 16], [24, 11, 1, 12]]"
12n_0061_150,"[[24, 11, 1, 12], [7, 3, 8, 2], [4, 20, 5, 19], [9, 7, 10, 6], [3, 9, 4, 8], [10, 13, 11, 14], [12, 1, 13, 2], [14, 18, 15, 17], [16, 21, 17, 22], [18, 24, 19, 23], [20, 6, 21, 5], [22, 15, 23, 16]]"
12n_0061_151,"[[22, 15, 23, 16], [24, 11, 1, 12], [7, 3, 8, 2], [4, 20, 5, 19], [9, 7, 10, 6], [3, 9, 4, 8], [10, 13, 11, 14], [12, 1, 13, 2], [14, 18, 15, 17], [16, 21, 17, 22], [18, 24, 19, 23], [20, 6, 21, 5]]"
12n_0061_152,"[[20, 6, 21, 5], [22, 15, 23, 16], [24, 11, 1, 12], [7, 3, 8, 2], [4, 20, 5, 19], [9, 7, 10, 6], [3, 9, 4, 8], [10, 13, 11, 14], [12, 1, 13, 2], [14, 18, 15, 17], [16, 21, 17, 22], [18, 24, 19, 23]]"
12n_0061_153,"[[18, 24, 19, 23], [20, 6, 21, 5], [22, 15, 23, 16], [24, 11, 1, 12], [7, 3, 8, 2], [4, 20, 5, 19], [9, 7, 10, 6], [3, 9, 4, 8], [10, 13, 11, 14], [12, 1, 13, 2], [14, 18, 15, 17], [16, 21, 17, 22]]"
12n_0061_154,"[[16, 21, 17, 22], [18, 24, 19, 23], [20, 6, 21, 5], [22, 15, 23, 16], [24, 11, 1, 12], [7, 3, 8, 2], [4, 20, 5, 19], [9, 7, 10, 6], [3, 9, 4, 8], [10, 13, 11, 14], [12, 1, 13, 2], [14, 18, 15, 17]]"
12n_0061_155,"[[14, 18, 15, 17], [16, 21, 17, 22], [18, 24, 19, 23], [20, 6, 21, 5], [22, 15, 23, 16], [24, 11, 1, 12], [7, 3, 8, 2], [4, 20, 5, 19], [9, 7, 10, 6], [3, 9, 4, 8], [10, 13, 11, 14], [12, 1, 13, 2]]"
12n_0061_156,"[[13, 2, 14, 3], [15, 19, 16, 18], [17, 22, 18, 23], [19, 1, 20, 24], [21, 7, 22, 6], [23, 16, 24, 17], [1, 12, 2, 13], [8, 4, 9, 3], [5, 21, 6, 20], [10, 8, 11, 7], [4, 10, 5, 9], [11, 14, 12, 15]]"
12n_0061_157,"[[11, 14, 12, 15], [13, 2, 14, 3], [15, 19, 16, 18], [17, 22, 18, 23], [19, 1, 20, 24], [21, 7, 22, 6], [23, 16, 24, 17], [1, 12, 2, 13], [8, 4, 9, 3], [5, 21, 6, 20], [10, 8, 11, 7], [4, 10, 5, 9]]"
12n_0061_158,"[[4, 10, 5, 9], [11, 14, 12, 15], [13, 2, 14, 3], [15, 19, 16, 18], [17, 22, 18, 23], [19, 1, 20, 24], [21, 7, 22, 6], [23, 16, 24, 17], [1, 12, 2, 13], [8, 4, 9, 3], [5, 21, 6, 20], [10, 8, 11, 7]]"
12n_0061_159,"[[10, 8, 11, 7], [4, 10, 5, 9], [11, 14, 12, 15], [13, 2, 14, 3], [15, 19, 16, 18], [17, 22, 18, 23], [19, 1, 20, 24], [21, 7, 22, 6], [23, 16, 24, 17], [1, 12, 2, 13], [8, 4, 9, 3], [5, 21, 6, 20]]"
12n_0061_160,"[[5, 21, 6, 20], [10, 8, 11, 7], [4, 10, 5, 9], [11, 14, 12, 15], [13, 2, 14, 3], [15, 19, 16, 18], [17, 22, 18, 23], [19, 1, 20, 24], [21, 7, 22, 6], [23, 16, 24, 17], [1, 12, 2, 13], [8, 4, 9, 3]]"
12n_0061_161,"[[8, 4, 9, 3], [5, 21, 6, 20], [10, 8, 11, 7], [4, 10, 5, 9], [11, 14, 12, 15], [13, 2, 14, 3], [15, 19, 16, 18], [17, 22, 18, 23], [19, 1, 20, 24], [21, 7, 22, 6], [23, 16, 24, 17], [1, 12, 2, 13]]"
12n_0061_162,"[[1, 12, 2, 13], [8, 4, 9, 3], [5, 21, 6, 20], [10, 8, 11, 7], [4, 10, 5, 9], [11, 14, 12, 15], [13, 2, 14, 3], [15, 19, 16, 18], [17, 22, 18, 23], [19, 1, 20, 24], [21, 7, 22, 6], [23, 16, 24, 17]]"
12n_0061_163,"[[23, 16, 24, 17], [1, 12, 2, 13], [8, 4, 9, 3], [5, 21, 6, 20], [10, 8, 11, 7], [4, 10, 5, 9], [11, 14, 12, 15], [13, 2, 14, 3], [15, 19, 16, 18], [17, 22, 18, 23], [19, 1, 20, 24], [21, 7, 22, 6]]"
12n_0061_164,"[[21, 7, 22, 6], [23, 16, 24, 17], [1, 12, 2, 13], [8, 4, 9, 3], [5, 21, 6, 20], [10, 8, 11, 7], [4, 10, 5, 9], [11, 14, 12, 15], [13, 2, 14, 3], [15, 19, 16, 18], [17, 22, 18, 23], [19, 1, 20, 24]]"
12n_0061_165,"[[19, 1, 20, 24], [21, 7, 22, 6], [23, 16, 24, 17], [1, 12, 2, 13], [8, 4, 9, 3], [5, 21, 6, 20], [10, 8, 11, 7], [4, 10, 5, 9], [11, 14, 12, 15], [13, 2, 14, 3], [15, 19, 16, 18], [17, 22, 18, 23]]"
12n_0061_166,"[[17, 22, 18, 23], [19, 1, 20, 24], [21, 7, 22, 6], [23, 16, 24, 17], [1, 12, 2, 13], [8, 4, 9, 3], [5, 21, 6, 20], [10, 8, 11, 7], [4, 10, 5, 9], [11, 14, 12, 15], [13, 2, 14, 3], [15, 19, 16, 18]]"
12n_0061_167,"[[15, 19, 16, 18], [17, 22, 18, 23], [19, 1, 20, 24], [21, 7, 22, 6], [23, 16, 24, 17], [1, 12, 2, 13], [8, 4, 9, 3], [5, 21, 6, 20], [10, 8, 11, 7], [4, 10, 5, 9], [11, 14, 12, 15], [13, 2, 14, 3]]"
12n_0061_168,"[[14, 3, 15, 4], [16, 20, 17, 19], [18, 23, 19, 24], [20, 2, 21, 1], [22, 8, 23, 7], [24, 17, 1, 18], [2, 13, 3, 14], [9, 5, 10, 4], [6, 22, 7, 21], [11, 9, 12, 8], [5, 11, 6, 10], [12, 15, 13, 16]]"
12n_0061_169,"[[12, 15, 13, 16], [14, 3, 15, 4], [16, 20, 17, 19], [18, 23, 19, 24], [20, 2, 21, 1], [22, 8, 23, 7], [24, 17, 1, 18], [2, 13, 3, 14], [9, 5, 10, 4], [6, 22, 7, 21], [11, 9, 12, 8], [5, 11, 6, 10]]"
12n_0061_170,"[[5, 11, 6, 10], [12, 15, 13, 16], [14, 3, 15, 4], [16, 20, 17, 19], [18, 23, 19, 24], [20, 2, 21, 1], [22, 8, 23, 7], [24, 17, 1, 18], [2, 13, 3, 14], [9, 5, 10, 4], [6, 22, 7, 21], [11, 9, 12, 8]]"
12n_0061_171,"[[11, 9, 12, 8], [5, 11, 6, 10], [12, 15, 13, 16], [14, 3, 15, 4], [16, 20, 17, 19], [18, 23, 19, 24], [20, 2, 21, 1], [22, 8, 23, 7], [24, 17, 1, 18], [2, 13, 3, 14], [9, 5, 10, 4], [6, 22, 7, 21]]"
12n_0061_172,"[[6, 22, 7, 21], [11, 9, 12, 8], [5, 11, 6, 10], [12, 15, 13, 16], [14, 3, 15, 4], [16, 20, 17, 19], [18, 23, 19, 24], [20, 2, 21, 1], [22, 8, 23, 7], [24, 17, 1, 18], [2, 13, 3, 14], [9, 5, 10, 4]]"
12n_0061_173,"[[9, 5, 10, 4], [6, 22, 7, 21], [11, 9, 12, 8], [5, 11, 6, 10], [12, 15, 13, 16], [14, 3, 15, 4], [16, 20, 17, 19], [18, 23, 19, 24], [20, 2, 21, 1], [22, 8, 23, 7], [24, 17, 1, 18], [2, 13, 3, 14]]"
12n_0061_174,"[[2, 13, 3, 14], [9, 5, 10, 4], [6, 22, 7, 21], [11, 9, 12, 8], [5, 11, 6, 10], [12, 15, 13, 16], [14, 3, 15, 4], [16, 20, 17, 19], [18, 23, 19, 24], [20, 2, 21, 1], [22, 8, 23, 7], [24, 17, 1, 18]]"
12n_0061_175,"[[24, 17, 1, 18], [2, 13, 3, 14], [9, 5, 10, 4], [6, 22, 7, 21], [11, 9, 12, 8], [5, 11, 6, 10], [12, 15, 13, 16], [14, 3, 15, 4], [16, 20, 17, 19], [18, 23, 19, 24], [20, 2, 21, 1], [22, 8, 23, 7]]"
12n_0061_176,"[[22, 8, 23, 7], [24, 17, 1, 18], [2, 13, 3, 14], [9, 5, 10, 4], [6, 22, 7, 21], [11, 9, 12, 8], [5, 11, 6, 10], [12, 15, 13, 16], [14, 3, 15, 4], [16, 20, 17, 19], [18, 23, 19, 24], [20, 2, 21, 1]]"
12n_0061_177,"[[20, 2, 21, 1], [22, 8, 23, 7], [24, 17, 1, 18], [2, 13, 3, 14], [9, 5, 10, 4], [6, 22, 7, 21], [11, 9, 12, 8], [5, 11, 6, 10], [12, 15, 13, 16], [14, 3, 15, 4], [16, 20, 17, 19], [18, 23, 19, 24]]"
12n_0061_178,"[[18, 23, 19, 24], [20, 2, 21, 1], [22, 8, 23, 7], [24, 17, 1, 18], [2, 13, 3, 14], [9, 5, 10, 4], [6, 22, 7, 21], [11, 9, 12, 8], [5, 11, 6, 10], [12, 15, 13, 16], [14, 3, 15, 4], [16, 20, 17, 19]]"
12n_0061_179,"[[16, 20, 17, 19], [18, 23, 19, 24], [20, 2, 21, 1], [22, 8, 23, 7], [24, 17, 1, 18], [2, 13, 3, 14], [9, 5, 10, 4], [6, 22, 7, 21], [11, 9, 12, 8], [5, 11, 6, 10], [12, 15, 13, 16], [14, 3, 15, 4]]"
12n_0061_180,"[[15, 4, 16, 5], [17, 21, 18, 20], [19, 24, 20, 1], [21, 3, 22, 2], [23, 9, 24, 8], [1, 18, 2, 19], [3, 14, 4, 15], [10, 6, 11, 5], [7, 23, 8, 22], [12, 10, 13, 9], [6, 12, 7, 11], [13, 16, 14, 17]]"
12n_0061_181,"[[13, 16, 14, 17], [15, 4, 16, 5], [17, 21, 18, 20], [19, 24, 20, 1], [21, 3, 22, 2], [23, 9, 24, 8], [1, 18, 2, 19], [3, 14, 4, 15], [10, 6, 11, 5], [7, 23, 8, 22], [12, 10, 13, 9], [6, 12, 7, 11]]"
12n_0061_182,"[[6, 12, 7, 11], [13, 16, 14, 17], [15, 4, 16, 5], [17, 21, 18, 20], [19, 24, 20, 1], [21, 3, 22, 2], [23, 9, 24, 8], [1, 18, 2, 19], [3, 14, 4, 15], [10, 6, 11, 5], [7, 23, 8, 22], [12, 10, 13, 9]]"
12n_0061_183,"[[12, 10, 13, 9], [6, 12, 7, 11], [13, 16, 14, 17], [15, 4, 16, 5], [17, 21, 18, 20], [19, 24, 20, 1], [21, 3, 22, 2], [23, 9, 24, 8], [1, 18, 2, 19], [3, 14, 4, 15], [10, 6, 11, 5], [7, 23, 8, 22]]"
12n_0061_184,"[[7, 23, 8, 22], [12, 10, 13, 9], [6, 12, 7, 11], [13, 16, 14, 17], [15, 4, 16, 5], [17, 21, 18, 20], [19, 24, 20, 1], [21, 3, 22, 2], [23, 9, 24, 8], [1, 18, 2, 19], [3, 14, 4, 15], [10, 6, 11, 5]]"
12n_0061_185,"[[10, 6, 11, 5], [7, 23, 8, 22], [12, 10, 13, 9], [6, 12, 7, 11], [13, 16, 14, 17], [15, 4, 16, 5], [17, 21, 18, 20], [19, 24, 20, 1], [21, 3, 22, 2], [23, 9, 24, 8], [1, 18, 2, 19], [3, 14, 4, 15]]"
