name,pd_notation
12n_0135_0,"[[24, 17, 1, 18], [2, 6, 3, 5], [4, 10, 5, 9], [13, 6, 14, 7], [8, 4, 9, 3], [10, 23, 11, 24], [7, 12, 8, 13], [14, 19, 15, 20], [16, 21, 17, 22], [18, 1, 19, 2], [20, 15, 21, 16], [22, 11, 23, 12]]"
12n_0135_1,"[[22, 11, 23, 12], [24, 17, 1, 18], [2, 6, 3, 5], [4, 10, 5, 9], [13, 6, 14, 7], [8, 4, 9, 3], [10, 23, 11, 24], [7, 12, 8, 13], [14, 19, 15, 20], [16, 21, 17, 22], [18, 1, 19, 2], [20, 15, 21, 16]]"
12n_0135_2,"[[20, 15, 21, 16], [22, 11, 23, 12], [24, 17, 1, 18], [2, 6, 3, 5], [4, 10, 5, 9], [13, 6, 14, 7], [8, 4, 9, 3], [10, 23, 11, 24], [7, 12, 8, 13], [14, 19, 15, 20], [16, 21, 17, 22], [18, 1, 19, 2]]"
12n_0135_3,"[[18, 1, 19, 2], [20, 15, 21, 16], [22, 11, 23, 12], [24, 17, 1, 18], [2, 6, 3, 5], [4, 10, 5, 9], [13, 6, 14, 7], [8, 4, 9, 3], [10, 23, 11, 24], [7, 12, 8, 13], [14, 19, 15, 20], [16, 21, 17, 22]]"
12n_0135_4,"[[16, 21, 17, 22], [18, 1, 19, 2], [20, 15, 21, 16], [22, 11, 23, 12], [24, 17, 1, 18], [2, 6, 3, 5], [4, 10, 5, 9], [13, 6, 14, 7], [8, 4, 9, 3], [10, 23, 11, 24], [7, 12, 8, 13], [14, 19, 15, 20]]"
12n_0135_5,"[[14, 19, 15, 20], [16, 21, 17, 22], [18, 1, 19, 2], [20, 15, 21, 16], [22, 11, 23, 12], [24, 17, 1, 18], [2, 6, 3, 5], [4, 10, 5, 9], [13, 6, 14, 7], [8, 4, 9, 3], [10, 23, 11, 24], [7, 12, 8, 13]]"
12n_0135_6,"[[7, 12, 8, 13], [14, 19, 15, 20], [16, 21, 17, 22], [18, 1, 19, 2], [20, 15, 21, 16], [22, 11, 23, 12], [24, 17, 1, 18], [2, 6, 3, 5], [4, 10, 5, 9], [13, 6, 14, 7], [8, 4, 9, 3], [10, 23, 11, 24]]"
12n_0135_7,"[[10, 23, 11, 24], [7, 12, 8, 13], [14, 19, 15, 20], [16, 21, 17, 22], [18, 1, 19, 2], [20, 15, 21, 16], [22, 11, 23, 12], [24, 17, 1, 18], [2, 6, 3, 5], [4, 10, 5, 9], [13, 6, 14, 7], [8, 4, 9, 3]]"
12n_0135_8,"[[8, 4, 9, 3], [10, 23, 11, 24], [7, 12, 8, 13], [14, 19, 15, 20], [16, 21, 17, 22], [18, 1, 19, 2], [20, 15, 21, 16], [22, 11, 23, 12], [24, 17, 1, 18], [2, 6, 3, 5], [4, 10, 5, 9], [13, 6, 14, 7]]"
12n_0135_9,"[[13, 6, 14, 7], [8, 4, 9, 3], [10, 23, 11, 24], [7, 12, 8, 13], [14, 19, 15, 20], [16, 21, 17, 22], [18, 1, 19, 2], [20, 15, 21, 16], [22, 11, 23, 12], [24, 17, 1, 18], [2, 6, 3, 5], [4, 10, 5, 9]]"
12n_0135_10,"[[4, 10, 5, 9], [13, 6, 14, 7], [8, 4, 9, 3], [10, 23, 11, 24], [7, 12, 8, 13], [14, 19, 15, 20], [16, 21, 17, 22], [18, 1, 19, 2], [20, 15, 21, 16], [22, 11, 23, 12], [24, 17, 1, 18], [2, 6, 3, 5]]"
12n_0135_11,"[[2, 6, 3, 5], [4, 10, 5, 9], [13, 6, 14, 7], [8, 4, 9, 3], [10, 23, 11, 24], [7, 12, 8, 13], [14, 19, 15, 20], [16, 21, 17, 22], [18, 1, 19, 2], [20, 15, 21, 16], [22, 11, 23, 12], [24, 17, 1, 18]]"
12n_0135_12,"[[1, 18, 2, 19], [3, 7, 4, 6], [5, 11, 6, 10], [14, 7, 15, 8], [9, 5, 10, 4], [11, 24, 12, 1], [8, 13, 9, 14], [15, 20, 16, 21], [17, 22, 18, 23], [19, 2, 20, 3], [21, 16, 22, 17], [23, 12, 24, 13]]"
12n_0135_13,"[[23, 12, 24, 13], [1, 18, 2, 19], [3, 7, 4, 6], [5, 11, 6, 10], [14, 7, 15, 8], [9, 5, 10, 4], [11, 24, 12, 1], [8, 13, 9, 14], [15, 20, 16, 21], [17, 22, 18, 23], [19, 2, 20, 3], [21, 16, 22, 17]]"
12n_0135_14,"[[21, 16, 22, 17], [23, 12, 24, 13], [1, 18, 2, 19], [3, 7, 4, 6], [5, 11, 6, 10], [14, 7, 15, 8], [9, 5, 10, 4], [11, 24, 12, 1], [8, 13, 9, 14], [15, 20, 16, 21], [17, 22, 18, 23], [19, 2, 20, 3]]"
12n_0135_15,"[[19, 2, 20, 3], [21, 16, 22, 17], [23, 12, 24, 13], [1, 18, 2, 19], [3, 7, 4, 6], [5, 11, 6, 10], [14, 7, 15, 8], [9, 5, 10, 4], [11, 24, 12, 1], [8, 13, 9, 14], [15, 20, 16, 21], [17, 22, 18, 23]]"
12n_0135_16,"[[17, 22, 18, 23], [19, 2, 20, 3], [21, 16, 22, 17], [23, 12, 24, 13], [1, 18, 2, 19], [3, 7, 4, 6], [5, 11, 6, 10], [14, 7, 15, 8], [9, 5, 10, 4], [11, 24, 12, 1], [8, 13, 9, 14], [15, 20, 16, 21]]"
12n_0135_17,"[[15, 20, 16, 21], [17, 22, 18, 23], [19, 2, 20, 3], [21, 16, 22, 17], [23, 12, 24, 13], [1, 18, 2, 19], [3, 7, 4, 6], [5, 11, 6, 10], [14, 7, 15, 8], [9, 5, 10, 4], [11, 24, 12, 1], [8, 13, 9, 14]]"
12n_0135_18,"[[8, 13, 9, 14], [15, 20, 16, 21], [17, 22, 18, 23], [19, 2, 20, 3], [21, 16, 22, 17], [23, 12, 24, 13], [1, 18, 2, 19], [3, 7, 4, 6], [5, 11, 6, 10], [14, 7, 15, 8], [9, 5, 10, 4], [11, 24, 12, 1]]"
12n_0135_19,"[[11, 24, 12, 1], [8, 13, 9, 14], [15, 20, 16, 21], [17, 22, 18, 23], [19, 2, 20, 3], [21, 16, 22, 17], [23, 12, 24, 13], [1, 18, 2, 19], [3, 7, 4, 6], [5, 11, 6, 10], [14, 7, 15, 8], [9, 5, 10, 4]]"
12n_0135_20,"[[9, 5, 10, 4], [11, 24, 12, 1], [8, 13, 9, 14], [15, 20, 16, 21], [17, 22, 18, 23], [19, 2, 20, 3], [21, 16, 22, 17], [23, 12, 24, 13], [1, 18, 2, 19], [3, 7, 4, 6], [5, 11, 6, 10], [14, 7, 15, 8]]"
12n_0135_21,"[[14, 7, 15, 8], [9, 5, 10, 4], [11, 24, 12, 1], [8, 13, 9, 14], [15, 20, 16, 21], [17, 22, 18, 23], [19, 2, 20, 3], [21, 16, 22, 17], [23, 12, 24, 13], [1, 18, 2, 19], [3, 7, 4, 6], [5, 11, 6, 10]]"
12n_0135_22,"[[5, 11, 6, 10], [14, 7, 15, 8], [9, 5, 10, 4], [11, 24, 12, 1], [8, 13, 9, 14], [15, 20, 16, 21], [17, 22, 18, 23], [19, 2, 20, 3], [21, 16, 22, 17], [23, 12, 24, 13], [1, 18, 2, 19], [3, 7, 4, 6]]"
12n_0135_23,"[[3, 7, 4, 6], [5, 11, 6, 10], [14, 7, 15, 8], [9, 5, 10, 4], [11, 24, 12, 1], [8, 13, 9, 14], [15, 20, 16, 21], [17, 22, 18, 23], [19, 2, 20, 3], [21, 16, 22, 17], [23, 12, 24, 13], [1, 18, 2, 19]]"
12n_0135_24,"[[2, 19, 3, 20], [4, 8, 5, 7], [6, 12, 7, 11], [15, 8, 16, 9], [10, 6, 11, 5], [12, 1, 13, 2], [9, 14, 10, 15], [16, 21, 17, 22], [18, 23, 19, 24], [20, 3, 21, 4], [22, 17, 23, 18], [24, 13, 1, 14]]"
12n_0135_25,"[[24, 13, 1, 14], [2, 19, 3, 20], [4, 8, 5, 7], [6, 12, 7, 11], [15, 8, 16, 9], [10, 6, 11, 5], [12, 1, 13, 2], [9, 14, 10, 15], [16, 21, 17, 22], [18, 23, 19, 24], [20, 3, 21, 4], [22, 17, 23, 18]]"
12n_0135_26,"[[22, 17, 23, 18], [24, 13, 1, 14], [2, 19, 3, 20], [4, 8, 5, 7], [6, 12, 7, 11], [15, 8, 16, 9], [10, 6, 11, 5], [12, 1, 13, 2], [9, 14, 10, 15], [16, 21, 17, 22], [18, 23, 19, 24], [20, 3, 21, 4]]"
12n_0135_27,"[[20, 3, 21, 4], [22, 17, 23, 18], [24, 13, 1, 14], [2, 19, 3, 20], [4, 8, 5, 7], [6, 12, 7, 11], [15, 8, 16, 9], [10, 6, 11, 5], [12, 1, 13, 2], [9, 14, 10, 15], [16, 21, 17, 22], [18, 23, 19, 24]]"
12n_0135_28,"[[18, 23, 19, 24], [20, 3, 21, 4], [22, 17, 23, 18], [24, 13, 1, 14], [2, 19, 3, 20], [4, 8, 5, 7], [6, 12, 7, 11], [15, 8, 16, 9], [10, 6, 11, 5], [12, 1, 13, 2], [9, 14, 10, 15], [16, 21, 17, 22]]"
12n_0135_29,"[[16, 21, 17, 22], [18, 23, 19, 24], [20, 3, 21, 4], [22, 17, 23, 18], [24, 13, 1, 14], [2, 19, 3, 20], [4, 8, 5, 7], [6, 12, 7, 11], [15, 8, 16, 9], [10, 6, 11, 5], [12, 1, 13, 2], [9, 14, 10, 15]]"
12n_0135_30,"[[9, 14, 10, 15], [16, 21, 17, 22], [18, 23, 19, 24], [20, 3, 21, 4], [22, 17, 23, 18], [24, 13, 1, 14], [2, 19, 3, 20], [4, 8, 5, 7], [6, 12, 7, 11], [15, 8, 16, 9], [10, 6, 11, 5], [12, 1, 13, 2]]"
12n_0135_31,"[[12, 1, 13, 2], [9, 14, 10, 15], [16, 21, 17, 22], [18, 23, 19, 24], [20, 3, 21, 4], [22, 17, 23, 18], [24, 13, 1, 14], [2, 19, 3, 20], [4, 8, 5, 7], [6, 12, 7, 11], [15, 8, 16, 9], [10, 6, 11, 5]]"
12n_0135_32,"[[10, 6, 11, 5], [12, 1, 13, 2], [9, 14, 10, 15], [16, 21, 17, 22], [18, 23, 19, 24], [20, 3, 21, 4], [22, 17, 23, 18], [24, 13, 1, 14], [2, 19, 3, 20], [4, 8, 5, 7], [6, 12, 7, 11], [15, 8, 16, 9]]"
12n_0135_33,"[[15, 8, 16, 9], [10, 6, 11, 5], [12, 1, 13, 2], [9, 14, 10, 15], [16, 21, 17, 22], [18, 23, 19, 24], [20, 3, 21, 4], [22, 17, 23, 18], [24, 13, 1, 14], [2, 19, 3, 20], [4, 8, 5, 7], [6, 12, 7, 11]]"
12n_0135_34,"[[6, 12, 7, 11], [15, 8, 16, 9], [10, 6, 11, 5], [12, 1, 13, 2], [9, 14, 10, 15], [16, 21, 17, 22], [18, 23, 19, 24], [20, 3, 21, 4], [22, 17, 23, 18], [24, 13, 1, 14], [2, 19, 3, 20], [4, 8, 5, 7]]"
12n_0135_35,"[[4, 8, 5, 7], [6, 12, 7, 11], [15, 8, 16, 9], [10, 6, 11, 5], [12, 1, 13, 2], [9, 14, 10, 15], [16, 21, 17, 22], [18, 23, 19, 24], [20, 3, 21, 4], [22, 17, 23, 18], [24, 13, 1, 14], [2, 19, 3, 20]]"
12n_0135_36,"[[3, 20, 4, 21], [5, 9, 6, 8], [7, 13, 8, 12], [16, 9, 17, 10], [11, 7, 12, 6], [13, 2, 14, 3], [10, 15, 11, 16], [17, 22, 18, 23], [19, 24, 20, 1], [21, 4, 22, 5], [23, 18, 24, 19], [1, 14, 2, 15]]"
12n_0135_37,"[[1, 14, 2, 15], [3, 20, 4, 21], [5, 9, 6, 8], [7, 13, 8, 12], [16, 9, 17, 10], [11, 7, 12, 6], [13, 2, 14, 3], [10, 15, 11, 16], [17, 22, 18, 23], [19, 24, 20, 1], [21, 4, 22, 5], [23, 18, 24, 19]]"
12n_0135_38,"[[23, 18, 24, 19], [1, 14, 2, 15], [3, 20, 4, 21], [5, 9, 6, 8], [7, 13, 8, 12], [16, 9, 17, 10], [11, 7, 12, 6], [13, 2, 14, 3], [10, 15, 11, 16], [17, 22, 18, 23], [19, 24, 20, 1], [21, 4, 22, 5]]"
12n_0135_39,"[[21, 4, 22, 5], [23, 18, 24, 19], [1, 14, 2, 15], [3, 20, 4, 21], [5, 9, 6, 8], [7, 13, 8, 12], [16, 9, 17, 10], [11, 7, 12, 6], [13, 2, 14, 3], [10, 15, 11, 16], [17, 22, 18, 23], [19, 24, 20, 1]]"
12n_0135_40,"[[19, 24, 20, 1], [21, 4, 22, 5], [23, 18, 24, 19], [1, 14, 2, 15], [3, 20, 4, 21], [5, 9, 6, 8], [7, 13, 8, 12], [16, 9, 17, 10], [11, 7, 12, 6], [13, 2, 14, 3], [10, 15, 11, 16], [17, 22, 18, 23]]"
12n_0135_41,"[[17, 22, 18, 23], [19, 24, 20, 1], [21, 4, 22, 5], [23, 18, 24, 19], [1, 14, 2, 15], [3, 20, 4, 21], [5, 9, 6, 8], [7, 13, 8, 12], [16, 9, 17, 10], [11, 7, 12, 6], [13, 2, 14, 3], [10, 15, 11, 16]]"
12n_0135_42,"[[10, 15, 11, 16], [17, 22, 18, 23], [19, 24, 20, 1], [21, 4, 22, 5], [23, 18, 24, 19], [1, 14, 2, 15], [3, 20, 4, 21], [5, 9, 6, 8], [7, 13, 8, 12], [16, 9, 17, 10], [11, 7, 12, 6], [13, 2, 14, 3]]"
12n_0135_43,"[[13, 2, 14, 3], [10, 15, 11, 16], [17, 22, 18, 23], [19, 24, 20, 1], [21, 4, 22, 5], [23, 18, 24, 19], [1, 14, 2, 15], [3, 20, 4, 21], [5, 9, 6, 8], [7, 13, 8, 12], [16, 9, 17, 10], [11, 7, 12, 6]]"
12n_0135_44,"[[11, 7, 12, 6], [13, 2, 14, 3], [10, 15, 11, 16], [17, 22, 18, 23], [19, 24, 20, 1], [21, 4, 22, 5], [23, 18, 24, 19], [1, 14, 2, 15], [3, 20, 4, 21], [5, 9, 6, 8], [7, 13, 8, 12], [16, 9, 17, 10]]"
12n_0135_45,"[[16, 9, 17, 10], [11, 7, 12, 6], [13, 2, 14, 3], [10, 15, 11, 16], [17, 22, 18, 23], [19, 24, 20, 1], [21, 4, 22, 5], [23, 18, 24, 19], [1, 14, 2, 15], [3, 20, 4, 21], [5, 9, 6, 8], [7, 13, 8, 12]]"
12n_0135_46,"[[7, 13, 8, 12], [16, 9, 17, 10], [11, 7, 12, 6], [13, 2, 14, 3], [10, 15, 11, 16], [17, 22, 18, 23], [19, 24, 20, 1], [21, 4, 22, 5], [23, 18, 24, 19], [1, 14, 2, 15], [3, 20, 4, 21], [5, 9, 6, 8]]"
12n_0135_47,"[[5, 9, 6, 8], [7, 13, 8, 12], [16, 9, 17, 10], [11, 7, 12, 6], [13, 2, 14, 3], [10, 15, 11, 16], [17, 22, 18, 23], [19, 24, 20, 1], [21, 4, 22, 5], [23, 18, 24, 19], [1, 14, 2, 15], [3, 20, 4, 21]]"
12n_0135_48,"[[4, 21, 5, 22], [6, 10, 7, 9], [8, 14, 9, 13], [17, 10, 18, 11], [12, 8, 13, 7], [14, 3, 15, 4], [11, 16, 12, 17], [18, 23, 19, 24], [20, 1, 21, 2], [22, 5, 23, 6], [24, 19, 1, 20], [2, 15, 3, 16]]"
12n_0135_49,"[[2, 15, 3, 16], [4, 21, 5, 22], [6, 10, 7, 9], [8, 14, 9, 13], [17, 10, 18, 11], [12, 8, 13, 7], [14, 3, 15, 4], [11, 16, 12, 17], [18, 23, 19, 24], [20, 1, 21, 2], [22, 5, 23, 6], [24, 19, 1, 20]]"
12n_0135_50,"[[24, 19, 1, 20], [2, 15, 3, 16], [4, 21, 5, 22], [6, 10, 7, 9], [8, 14, 9, 13], [17, 10, 18, 11], [12, 8, 13, 7], [14, 3, 15, 4], [11, 16, 12, 17], [18, 23, 19, 24], [20, 1, 21, 2], [22, 5, 23, 6]]"
12n_0135_51,"[[22, 5, 23, 6], [24, 19, 1, 20], [2, 15, 3, 16], [4, 21, 5, 22], [6, 10, 7, 9], [8, 14, 9, 13], [17, 10, 18, 11], [12, 8, 13, 7], [14, 3, 15, 4], [11, 16, 12, 17], [18, 23, 19, 24], [20, 1, 21, 2]]"
12n_0135_52,"[[20, 1, 21, 2], [22, 5, 23, 6], [24, 19, 1, 20], [2, 15, 3, 16], [4, 21, 5, 22], [6, 10, 7, 9], [8, 14, 9, 13], [17, 10, 18, 11], [12, 8, 13, 7], [14, 3, 15, 4], [11, 16, 12, 17], [18, 23, 19, 24]]"
12n_0135_53,"[[18, 23, 19, 24], [20, 1, 21, 2], [22, 5, 23, 6], [24, 19, 1, 20], [2, 15, 3, 16], [4, 21, 5, 22], [6, 10, 7, 9], [8, 14, 9, 13], [17, 10, 18, 11], [12, 8, 13, 7], [14, 3, 15, 4], [11, 16, 12, 17]]"
12n_0135_54,"[[11, 16, 12, 17], [18, 23, 19, 24], [20, 1, 21, 2], [22, 5, 23, 6], [24, 19, 1, 20], [2, 15, 3, 16], [4, 21, 5, 22], [6, 10, 7, 9], [8, 14, 9, 13], [17, 10, 18, 11], [12, 8, 13, 7], [14, 3, 15, 4]]"
12n_0135_55,"[[14, 3, 15, 4], [11, 16, 12, 17], [18, 23, 19, 24], [20, 1, 21, 2], [22, 5, 23, 6], [24, 19, 1, 20], [2, 15, 3, 16], [4, 21, 5, 22], [6, 10, 7, 9], [8, 14, 9, 13], [17, 10, 18, 11], [12, 8, 13, 7]]"
12n_0135_56,"[[12, 8, 13, 7], [14, 3, 15, 4], [11, 16, 12, 17], [18, 23, 19, 24], [20, 1, 21, 2], [22, 5, 23, 6], [24, 19, 1, 20], [2, 15, 3, 16], [4, 21, 5, 22], [6, 10, 7, 9], [8, 14, 9, 13], [17, 10, 18, 11]]"
12n_0135_57,"[[17, 10, 18, 11], [12, 8, 13, 7], [14, 3, 15, 4], [11, 16, 12, 17], [18, 23, 19, 24], [20, 1, 21, 2], [22, 5, 23, 6], [24, 19, 1, 20], [2, 15, 3, 16], [4, 21, 5, 22], [6, 10, 7, 9], [8, 14, 9, 13]]"
12n_0135_58,"[[8, 14, 9, 13], [17, 10, 18, 11], [12, 8, 13, 7], [14, 3, 15, 4], [11, 16, 12, 17], [18, 23, 19, 24], [20, 1, 21, 2], [22, 5, 23, 6], [24, 19, 1, 20], [2, 15, 3, 16], [4, 21, 5, 22], [6, 10, 7, 9]]"
12n_0135_59,"[[6, 10, 7, 9], [8, 14, 9, 13], [17, 10, 18, 11], [12, 8, 13, 7], [14, 3, 15, 4], [11, 16, 12, 17], [18, 23, 19, 24], [20, 1, 21, 2], [22, 5, 23, 6], [24, 19, 1, 20], [2, 15, 3, 16], [4, 21, 5, 22]]"
12n_0135_60,"[[5, 22, 6, 23], [7, 11, 8, 10], [9, 15, 10, 14], [18, 11, 19, 12], [13, 9, 14, 8], [15, 4, 16, 5], [12, 17, 13, 18], [19, 24, 20, 1], [21, 2, 22, 3], [23, 6, 24, 7], [1, 20, 2, 21], [3, 16, 4, 17]]"
12n_0135_61,"[[3, 16, 4, 17], [5, 22, 6, 23], [7, 11, 8, 10], [9, 15, 10, 14], [18, 11, 19, 12], [13, 9, 14, 8], [15, 4, 16, 5], [12, 17, 13, 18], [19, 24, 20, 1], [21, 2, 22, 3], [23, 6, 24, 7], [1, 20, 2, 21]]"
12n_0135_62,"[[1, 20, 2, 21], [3, 16, 4, 17], [5, 22, 6, 23], [7, 11, 8, 10], [9, 15, 10, 14], [18, 11, 19, 12], [13, 9, 14, 8], [15, 4, 16, 5], [12, 17, 13, 18], [19, 24, 20, 1], [21, 2, 22, 3], [23, 6, 24, 7]]"
12n_0135_63,"[[23, 6, 24, 7], [1, 20, 2, 21], [3, 16, 4, 17], [5, 22, 6, 23], [7, 11, 8, 10], [9, 15, 10, 14], [18, 11, 19, 12], [13, 9, 14, 8], [15, 4, 16, 5], [12, 17, 13, 18], [19, 24, 20, 1], [21, 2, 22, 3]]"
12n_0135_64,"[[21, 2, 22, 3], [23, 6, 24, 7], [1, 20, 2, 21], [3, 16, 4, 17], [5, 22, 6, 23], [7, 11, 8, 10], [9, 15, 10, 14], [18, 11, 19, 12], [13, 9, 14, 8], [15, 4, 16, 5], [12, 17, 13, 18], [19, 24, 20, 1]]"
12n_0135_65,"[[19, 24, 20, 1], [21, 2, 22, 3], [23, 6, 24, 7], [1, 20, 2, 21], [3, 16, 4, 17], [5, 22, 6, 23], [7, 11, 8, 10], [9, 15, 10, 14], [18, 11, 19, 12], [13, 9, 14, 8], [15, 4, 16, 5], [12, 17, 13, 18]]"
12n_0135_66,"[[12, 17, 13, 18], [19, 24, 20, 1], [21, 2, 22, 3], [23, 6, 24, 7], [1, 20, 2, 21], [3, 16, 4, 17], [5, 22, 6, 23], [7, 11, 8, 10], [9, 15, 10, 14], [18, 11, 19, 12], [13, 9, 14, 8], [15, 4, 16, 5]]"
12n_0135_67,"[[15, 4, 16, 5], [12, 17, 13, 18], [19, 24, 20, 1], [21, 2, 22, 3], [23, 6, 24, 7], [1, 20, 2, 21], [3, 16, 4, 17], [5, 22, 6, 23], [7, 11, 8, 10], [9, 15, 10, 14], [18, 11, 19, 12], [13, 9, 14, 8]]"
12n_0135_68,"[[13, 9, 14, 8], [15, 4, 16, 5], [12, 17, 13, 18], [19, 24, 20, 1], [21, 2, 22, 3], [23, 6, 24, 7], [1, 20, 2, 21], [3, 16, 4, 17], [5, 22, 6, 23], [7, 11, 8, 10], [9, 15, 10, 14], [18, 11, 19, 12]]"
12n_0135_69,"[[18, 11, 19, 12], [13, 9, 14, 8], [15, 4, 16, 5], [12, 17, 13, 18], [19, 24, 20, 1], [21, 2, 22, 3], [23, 6, 24, 7], [1, 20, 2, 21], [3, 16, 4, 17], [5, 22, 6, 23], [7, 11, 8, 10], [9, 15, 10, 14]]"
12n_0135_70,"[[9, 15, 10, 14], [18, 11, 19, 12], [13, 9, 14, 8], [15, 4, 16, 5], [12, 17, 13, 18], [19, 24, 20, 1], [21, 2, 22, 3], [23, 6, 24, 7], [1, 20, 2, 21], [3, 16, 4, 17], [5, 22, 6, 23], [7, 11, 8, 10]]"
12n_0135_71,"[[7, 11, 8, 10], [9, 15, 10, 14], [18, 11, 19, 12], [13, 9, 14, 8], [15, 4, 16, 5], [12, 17, 13, 18], [19, 24, 20, 1], [21, 2, 22, 3], [23, 6, 24, 7], [1, 20, 2, 21], [3, 16, 4, 17], [5, 22, 6, 23]]"
12n_0135_72,"[[6, 23, 7, 24], [8, 12, 9, 11], [10, 16, 11, 15], [19, 12, 20, 13], [14, 10, 15, 9], [16, 5, 17, 6], [13, 18, 14, 19], [20, 1, 21, 2], [22, 3, 23, 4], [24, 7, 1, 8], [2, 21, 3, 22], [4, 17, 5, 18]]"
12n_0135_73,"[[4, 17, 5, 18], [6, 23, 7, 24], [8, 12, 9, 11], [10, 16, 11, 15], [19, 12, 20, 13], [14, 10, 15, 9], [16, 5, 17, 6], [13, 18, 14, 19], [20, 1, 21, 2], [22, 3, 23, 4], [24, 7, 1, 8], [2, 21, 3, 22]]"
12n_0135_74,"[[2, 21, 3, 22], [4, 17, 5, 18], [6, 23, 7, 24], [8, 12, 9, 11], [10, 16, 11, 15], [19, 12, 20, 13], [14, 10, 15, 9], [16, 5, 17, 6], [13, 18, 14, 19], [20, 1, 21, 2], [22, 3, 23, 4], [24, 7, 1, 8]]"
12n_0135_75,"[[24, 7, 1, 8], [2, 21, 3, 22], [4, 17, 5, 18], [6, 23, 7, 24], [8, 12, 9, 11], [10, 16, 11, 15], [19, 12, 20, 13], [14, 10, 15, 9], [16, 5, 17, 6], [13, 18, 14, 19], [20, 1, 21, 2], [22, 3, 23, 4]]"
12n_0135_76,"[[22, 3, 23, 4], [24, 7, 1, 8], [2, 21, 3, 22], [4, 17, 5, 18], [6, 23, 7, 24], [8, 12, 9, 11], [10, 16, 11, 15], [19, 12, 20, 13], [14, 10, 15, 9], [16, 5, 17, 6], [13, 18, 14, 19], [20, 1, 21, 2]]"
12n_0135_77,"[[20, 1, 21, 2], [22, 3, 23, 4], [24, 7, 1, 8], [2, 21, 3, 22], [4, 17, 5, 18], [6, 23, 7, 24], [8, 12, 9, 11], [10, 16, 11, 15], [19, 12, 20, 13], [14, 10, 15, 9], [16, 5, 17, 6], [13, 18, 14, 19]]"
12n_0135_78,"[[13, 18, 14, 19], [20, 1, 21, 2], [22, 3, 23, 4], [24, 7, 1, 8], [2, 21, 3, 22], [4, 17, 5, 18], [6, 23, 7, 24], [8, 12, 9, 11], [10, 16, 11, 15], [19, 12, 20, 13], [14, 10, 15, 9], [16, 5, 17, 6]]"
12n_0135_79,"[[16, 5, 17, 6], [13, 18, 14, 19], [20, 1, 21, 2], [22, 3, 23, 4], [24, 7, 1, 8], [2, 21, 3, 22], [4, 17, 5, 18], [6, 23, 7, 24], [8, 12, 9, 11], [10, 16, 11, 15], [19, 12, 20, 13], [14, 10, 15, 9]]"
12n_0135_80,"[[14, 10, 15, 9], [16, 5, 17, 6], [13, 18, 14, 19], [20, 1, 21, 2], [22, 3, 23, 4], [24, 7, 1, 8], [2, 21, 3, 22], [4, 17, 5, 18], [6, 23, 7, 24], [8, 12, 9, 11], [10, 16, 11, 15], [19, 12, 20, 13]]"
12n_0135_81,"[[19, 12, 20, 13], [14, 10, 15, 9], [16, 5, 17, 6], [13, 18, 14, 19], [20, 1, 21, 2], [22, 3, 23, 4], [24, 7, 1, 8], [2, 21, 3, 22], [4, 17, 5, 18], [6, 23, 7, 24], [8, 12, 9, 11], [10, 16, 11, 15]]"
12n_0135_82,"[[10, 16, 11, 15], [19, 12, 20, 13], [14, 10, 15, 9], [16, 5, 17, 6], [13, 18, 14, 19], [20, 1, 21, 2], [22, 3, 23, 4], [24, 7, 1, 8], [2, 21, 3, 22], [4, 17, 5, 18], [6, 23, 7, 24], [8, 12, 9, 11]]"
12n_0135_83,"[[8, 12, 9, 11], [10, 16, 11, 15], [19, 12, 20, 13], [14, 10, 15, 9], [16, 5, 17, 6], [13, 18, 14, 19], [20, 1, 21, 2], [22, 3, 23, 4], [24, 7, 1, 8], [2, 21, 3, 22], [4, 17, 5, 18], [6, 23, 7, 24]]"
12n_0135_84,"[[7, 24, 8, 1], [9, 13, 10, 12], [11, 17, 12, 16], [20, 13, 21, 14], [15, 11, 16, 10], [17, 6, 18, 7], [14, 19, 15, 20], [21, 2, 22, 3], [23, 4, 24, 5], [1, 8, 2, 9], [3, 22, 4, 23], [5, 18, 6, 19]]"
12n_0135_85,"[[5, 18, 6, 19], [7, 24, 8, 1], [9, 13, 10, 12], [11, 17, 12, 16], [20, 13, 21, 14], [15, 11, 16, 10], [17, 6, 18, 7], [14, 19, 15, 20], [21, 2, 22, 3], [23, 4, 24, 5], [1, 8, 2, 9], [3, 22, 4, 23]]"
12n_0135_86,"[[3, 22, 4, 23], [5, 18, 6, 19], [7, 24, 8, 1], [9, 13, 10, 12], [11, 17, 12, 16], [20, 13, 21, 14], [15, 11, 16, 10], [17, 6, 18, 7], [14, 19, 15, 20], [21, 2, 22, 3], [23, 4, 24, 5], [1, 8, 2, 9]]"
12n_0135_87,"[[1, 8, 2, 9], [3, 22, 4, 23], [5, 18, 6, 19], [7, 24, 8, 1], [9, 13, 10, 12], [11, 17, 12, 16], [20, 13, 21, 14], [15, 11, 16, 10], [17, 6, 18, 7], [14, 19, 15, 20], [21, 2, 22, 3], [23, 4, 24, 5]]"
12n_0135_88,"[[23, 4, 24, 5], [1, 8, 2, 9], [3, 22, 4, 23], [5, 18, 6, 19], [7, 24, 8, 1], [9, 13, 10, 12], [11, 17, 12, 16], [20, 13, 21, 14], [15, 11, 16, 10], [17, 6, 18, 7], [14, 19, 15, 20], [21, 2, 22, 3]]"
12n_0135_89,"[[21, 2, 22, 3], [23, 4, 24, 5], [1, 8, 2, 9], [3, 22, 4, 23], [5, 18, 6, 19], [7, 24, 8, 1], [9, 13, 10, 12], [11, 17, 12, 16], [20, 13, 21, 14], [15, 11, 16, 10], [17, 6, 18, 7], [14, 19, 15, 20]]"
12n_0135_90,"[[14, 19, 15, 20], [21, 2, 22, 3], [23, 4, 24, 5], [1, 8, 2, 9], [3, 22, 4, 23], [5, 18, 6, 19], [7, 24, 8, 1], [9, 13, 10, 12], [11, 17, 12, 16], [20, 13, 21, 14], [15, 11, 16, 10], [17, 6, 18, 7]]"
12n_0135_91,"[[17, 6, 18, 7], [14, 19, 15, 20], [21, 2, 22, 3], [23, 4, 24, 5], [1, 8, 2, 9], [3, 22, 4, 23], [5, 18, 6, 19], [7, 24, 8, 1], [9, 13, 10, 12], [11, 17, 12, 16], [20, 13, 21, 14], [15, 11, 16, 10]]"
12n_0135_92,"[[15, 11, 16, 10], [17, 6, 18, 7], [14, 19, 15, 20], [21, 2, 22, 3], [23, 4, 24, 5], [1, 8, 2, 9], [3, 22, 4, 23], [5, 18, 6, 19], [7, 24, 8, 1], [9, 13, 10, 12], [11, 17, 12, 16], [20, 13, 21, 14]]"
12n_0135_93,"[[20, 13, 21, 14], [15, 11, 16, 10], [17, 6, 18, 7], [14, 19, 15, 20], [21, 2, 22, 3], [23, 4, 24, 5], [1, 8, 2, 9], [3, 22, 4, 23], [5, 18, 6, 19], [7, 24, 8, 1], [9, 13, 10, 12], [11, 17, 12, 16]]"
12n_0135_94,"[[11, 17, 12, 16], [20, 13, 21, 14], [15, 11, 16, 10], [17, 6, 18, 7], [14, 19, 15, 20], [21, 2, 22, 3], [23, 4, 24, 5], [1, 8, 2, 9], [3, 22, 4, 23], [5, 18, 6, 19], [7, 24, 8, 1], [9, 13, 10, 12]]"
12n_0135_95,"[[9, 13, 10, 12], [11, 17, 12, 16], [20, 13, 21, 14], [15, 11, 16, 10], [17, 6, 18, 7], [14, 19, 15, 20], [21, 2, 22, 3], [23, 4, 24, 5], [1, 8, 2, 9], [3, 22, 4, 23], [5, 18, 6, 19], [7, 24, 8, 1]]"
12n_0135_96,"[[8, 1, 9, 2], [10, 14, 11, 13], [12, 18, 13, 17], [21, 14, 22, 15], [16, 12, 17, 11], [18, 7, 19, 8], [15, 20, 16, 21], [22, 3, 23, 4], [24, 5, 1, 6], [2, 9, 3, 10], [4, 23, 5, 24], [6, 19, 7, 20]]"
12n_0135_97,"[[6, 19, 7, 20], [8, 1, 9, 2], [10, 14, 11, 13], [12, 18, 13, 17], [21, 14, 22, 15], [16, 12, 17, 11], [18, 7, 19, 8], [15, 20, 16, 21], [22, 3, 23, 4], [24, 5, 1, 6], [2, 9, 3, 10], [4, 23, 5, 24]]"
12n_0135_98,"[[4, 23, 5, 24], [6, 19, 7, 20], [8, 1, 9, 2], [10, 14, 11, 13], [12, 18, 13, 17], [21, 14, 22, 15], [16, 12, 17, 11], [18, 7, 19, 8], [15, 20, 16, 21], [22, 3, 23, 4], [24, 5, 1, 6], [2, 9, 3, 10]]"
12n_0135_99,"[[2, 9, 3, 10], [4, 23, 5, 24], [6, 19, 7, 20], [8, 1, 9, 2], [10, 14, 11, 13], [12, 18, 13, 17], [21, 14, 22, 15], [16, 12, 17, 11], [18, 7, 19, 8], [15, 20, 16, 21], [22, 3, 23, 4], [24, 5, 1, 6]]"
12n_0135_100,"[[24, 5, 1, 6], [2, 9, 3, 10], [4, 23, 5, 24], [6, 19, 7, 20], [8, 1, 9, 2], [10, 14, 11, 13], [12, 18, 13, 17], [21, 14, 22, 15], [16, 12, 17, 11], [18, 7, 19, 8], [15, 20, 16, 21], [22, 3, 23, 4]]"
12n_0135_101,"[[22, 3, 23, 4], [24, 5, 1, 6], [2, 9, 3, 10], [4, 23, 5, 24], [6, 19, 7, 20], [8, 1, 9, 2], [10, 14, 11, 13], [12, 18, 13, 17], [21, 14, 22, 15], [16, 12, 17, 11], [18, 7, 19, 8], [15, 20, 16, 21]]"
12n_0135_102,"[[15, 20, 16, 21], [22, 3, 23, 4], [24, 5, 1, 6], [2, 9, 3, 10], [4, 23, 5, 24], [6, 19, 7, 20], [8, 1, 9, 2], [10, 14, 11, 13], [12, 18, 13, 17], [21, 14, 22, 15], [16, 12, 17, 11], [18, 7, 19, 8]]"
12n_0135_103,"[[18, 7, 19, 8], [15, 20, 16, 21], [22, 3, 23, 4], [24, 5, 1, 6], [2, 9, 3, 10], [4, 23, 5, 24], [6, 19, 7, 20], [8, 1, 9, 2], [10, 14, 11, 13], [12, 18, 13, 17], [21, 14, 22, 15], [16, 12, 17, 11]]"
12n_0135_104,"[[16, 12, 17, 11], [18, 7, 19, 8], [15, 20, 16, 21], [22, 3, 23, 4], [24, 5, 1, 6], [2, 9, 3, 10], [4, 23, 5, 24], [6, 19, 7, 20], [8, 1, 9, 2], [10, 14, 11, 13], [12, 18, 13, 17], [21, 14, 22, 15]]"
12n_0135_105,"[[21, 14, 22, 15], [16, 12, 17, 11], [18, 7, 19, 8], [15, 20, 16, 21], [22, 3, 23, 4], [24, 5, 1, 6], [2, 9, 3, 10], [4, 23, 5, 24], [6, 19, 7, 20], [8, 1, 9, 2], [10, 14, 11, 13], [12, 18, 13, 17]]"
12n_0135_106,"[[12, 18, 13, 17], [21, 14, 22, 15], [16, 12, 17, 11], [18, 7, 19, 8], [15, 20, 16, 21], [22, 3, 23, 4], [24, 5, 1, 6], [2, 9, 3, 10], [4, 23, 5, 24], [6, 19, 7, 20], [8, 1, 9, 2], [10, 14, 11, 13]]"
12n_0135_107,"[[10, 14, 11, 13], [12, 18, 13, 17], [21, 14, 22, 15], [16, 12, 17, 11], [18, 7, 19, 8], [15, 20, 16, 21], [22, 3, 23, 4], [24, 5, 1, 6], [2, 9, 3, 10], [4, 23, 5, 24], [6, 19, 7, 20], [8, 1, 9, 2]]"
12n_0135_108,"[[9, 2, 10, 3], [11, 15, 12, 14], [13, 19, 14, 18], [22, 15, 23, 16], [17, 13, 18, 12], [19, 8, 20, 9], [16, 21, 17, 22], [23, 4, 24, 5], [1, 6, 2, 7], [3, 10, 4, 11], [5, 24, 6, 1], [7, 20, 8, 21]]"
12n_0135_109,"[[7, 20, 8, 21], [9, 2, 10, 3], [11, 15, 12, 14], [13, 19, 14, 18], [22, 15, 23, 16], [17, 13, 18, 12], [19, 8, 20, 9], [16, 21, 17, 22], [23, 4, 24, 5], [1, 6, 2, 7], [3, 10, 4, 11], [5, 24, 6, 1]]"
12n_0135_110,"[[5, 24, 6, 1], [7, 20, 8, 21], [9, 2, 10, 3], [11, 15, 12, 14], [13, 19, 14, 18], [22, 15, 23, 16], [17, 13, 18, 12], [19, 8, 20, 9], [16, 21, 17, 22], [23, 4, 24, 5], [1, 6, 2, 7], [3, 10, 4, 11]]"
12n_0135_111,"[[3, 10, 4, 11], [5, 24, 6, 1], [7, 20, 8, 21], [9, 2, 10, 3], [11, 15, 12, 14], [13, 19, 14, 18], [22, 15, 23, 16], [17, 13, 18, 12], [19, 8, 20, 9], [16, 21, 17, 22], [23, 4, 24, 5], [1, 6, 2, 7]]"
12n_0135_112,"[[1, 6, 2, 7], [3, 10, 4, 11], [5, 24, 6, 1], [7, 20, 8, 21], [9, 2, 10, 3], [11, 15, 12, 14], [13, 19, 14, 18], [22, 15, 23, 16], [17, 13, 18, 12], [19, 8, 20, 9], [16, 21, 17, 22], [23, 4, 24, 5]]"
12n_0135_113,"[[23, 4, 24, 5], [1, 6, 2, 7], [3, 10, 4, 11], [5, 24, 6, 1], [7, 20, 8, 21], [9, 2, 10, 3], [11, 15, 12, 14], [13, 19, 14, 18], [22, 15, 23, 16], [17, 13, 18, 12], [19, 8, 20, 9], [16, 21, 17, 22]]"
12n_0135_114,"[[16, 21, 17, 22], [23, 4, 24, 5], [1, 6, 2, 7], [3, 10, 4, 11], [5, 24, 6, 1], [7, 20, 8, 21], [9, 2, 10, 3], [11, 15, 12, 14], [13, 19, 14, 18], [22, 15, 23, 16], [17, 13, 18, 12], [19, 8, 20, 9]]"
12n_0135_115,"[[19, 8, 20, 9], [16, 21, 17, 22], [23, 4, 24, 5], [1, 6, 2, 7], [3, 10, 4, 11], [5, 24, 6, 1], [7, 20, 8, 21], [9, 2, 10, 3], [11, 15, 12, 14], [13, 19, 14, 18], [22, 15, 23, 16], [17, 13, 18, 12]]"
12n_0135_116,"[[17, 13, 18, 12], [19, 8, 20, 9], [16, 21, 17, 22], [23, 4, 24, 5], [1, 6, 2, 7], [3, 10, 4, 11], [5, 24, 6, 1], [7, 20, 8, 21], [9, 2, 10, 3], [11, 15, 12, 14], [13, 19, 14, 18], [22, 15, 23, 16]]"
12n_0135_117,"[[22, 15, 23, 16], [17, 13, 18, 12], [19, 8, 20, 9], [16, 21, 17, 22], [23, 4, 24, 5], [1, 6, 2, 7], [3, 10, 4, 11], [5, 24, 6, 1], [7, 20, 8, 21], [9, 2, 10, 3], [11, 15, 12, 14], [13, 19, 14, 18]]"
12n_0135_118,"[[13, 19, 14, 18], [22, 15, 23, 16], [17, 13, 18, 12], [19, 8, 20, 9], [16, 21, 17, 22], [23, 4, 24, 5], [1, 6, 2, 7], [3, 10, 4, 11], [5, 24, 6, 1], [7, 20, 8, 21], [9, 2, 10, 3], [11, 15, 12, 14]]"
12n_0135_119,"[[11, 15, 12, 14], [13, 19, 14, 18], [22, 15, 23, 16], [17, 13, 18, 12], [19, 8, 20, 9], [16, 21, 17, 22], [23, 4, 24, 5], [1, 6, 2, 7], [3, 10, 4, 11], [5, 24, 6, 1], [7, 20, 8, 21], [9, 2, 10, 3]]"
12n_0135_120,"[[10, 3, 11, 4], [12, 16, 13, 15], [14, 20, 15, 19], [23, 16, 24, 17], [18, 14, 19, 13], [20, 9, 21, 10], [17, 22, 18, 23], [24, 5, 1, 6], [2, 7, 3, 8], [4, 11, 5, 12], [6, 1, 7, 2], [8, 21, 9, 22]]"
12n_0135_121,"[[8, 21, 9, 22], [10, 3, 11, 4], [12, 16, 13, 15], [14, 20, 15, 19], [23, 16, 24, 17], [18, 14, 19, 13], [20, 9, 21, 10], [17, 22, 18, 23], [24, 5, 1, 6], [2, 7, 3, 8], [4, 11, 5, 12], [6, 1, 7, 2]]"
12n_0135_122,"[[6, 1, 7, 2], [8, 21, 9, 22], [10, 3, 11, 4], [12, 16, 13, 15], [14, 20, 15, 19], [23, 16, 24, 17], [18, 14, 19, 13], [20, 9, 21, 10], [17, 22, 18, 23], [24, 5, 1, 6], [2, 7, 3, 8], [4, 11, 5, 12]]"
12n_0135_123,"[[4, 11, 5, 12], [6, 1, 7, 2], [8, 21, 9, 22], [10, 3, 11, 4], [12, 16, 13, 15], [14, 20, 15, 19], [23, 16, 24, 17], [18, 14, 19, 13], [20, 9, 21, 10], [17, 22, 18, 23], [24, 5, 1, 6], [2, 7, 3, 8]]"
12n_0135_124,"[[2, 7, 3, 8], [4, 11, 5, 12], [6, 1, 7, 2], [8, 21, 9, 22], [10, 3, 11, 4], [12, 16, 13, 15], [14, 20, 15, 19], [23, 16, 24, 17], [18, 14, 19, 13], [20, 9, 21, 10], [17, 22, 18, 23], [24, 5, 1, 6]]"
12n_0135_125,"[[24, 5, 1, 6], [2, 7, 3, 8], [4, 11, 5, 12], [6, 1, 7, 2], [8, 21, 9, 22], [10, 3, 11, 4], [12, 16, 13, 15], [14, 20, 15, 19], [23, 16, 24, 17], [18, 14, 19, 13], [20, 9, 21, 10], [17, 22, 18, 23]]"
12n_0135_126,"[[17, 22, 18, 23], [24, 5, 1, 6], [2, 7, 3, 8], [4, 11, 5, 12], [6, 1, 7, 2], [8, 21, 9, 22], [10, 3, 11, 4], [12, 16, 13, 15], [14, 20, 15, 19], [23, 16, 24, 17], [18, 14, 19, 13], [20, 9, 21, 10]]"
12n_0135_127,"[[20, 9, 21, 10], [17, 22, 18, 23], [24, 5, 1, 6], [2, 7, 3, 8], [4, 11, 5, 12], [6, 1, 7, 2], [8, 21, 9, 22], [10, 3, 11, 4], [12, 16, 13, 15], [14, 20, 15, 19], [23, 16, 24, 17], [18, 14, 19, 13]]"
12n_0135_128,"[[18, 14, 19, 13], [20, 9, 21, 10], [17, 22, 18, 23], [24, 5, 1, 6], [2, 7, 3, 8], [4, 11, 5, 12], [6, 1, 7, 2], [8, 21, 9, 22], [10, 3, 11, 4], [12, 16, 13, 15], [14, 20, 15, 19], [23, 16, 24, 17]]"
12n_0135_129,"[[23, 16, 24, 17], [18, 14, 19, 13], [20, 9, 21, 10], [17, 22, 18, 23], [24, 5, 1, 6], [2, 7, 3, 8], [4, 11, 5, 12], [6, 1, 7, 2], [8, 21, 9, 22], [10, 3, 11, 4], [12, 16, 13, 15], [14, 20, 15, 19]]"
12n_0135_130,"[[14, 20, 15, 19], [23, 16, 24, 17], [18, 14, 19, 13], [20, 9, 21, 10], [17, 22, 18, 23], [24, 5, 1, 6], [2, 7, 3, 8], [4, 11, 5, 12], [6, 1, 7, 2], [8, 21, 9, 22], [10, 3, 11, 4], [12, 16, 13, 15]]"
12n_0135_131,"[[12, 16, 13, 15], [14, 20, 15, 19], [23, 16, 24, 17], [18, 14, 19, 13], [20, 9, 21, 10], [17, 22, 18, 23], [24, 5, 1, 6], [2, 7, 3, 8], [4, 11, 5, 12], [6, 1, 7, 2], [8, 21, 9, 22], [10, 3, 11, 4]]"
12n_0135_132,"[[11, 4, 12, 5], [13, 17, 14, 16], [15, 21, 16, 20], [24, 17, 1, 18], [19, 15, 20, 14], [21, 10, 22, 11], [18, 23, 19, 24], [1, 6, 2, 7], [3, 8, 4, 9], [5, 12, 6, 13], [7, 2, 8, 3], [9, 22, 10, 23]]"
12n_0135_133,"[[9, 22, 10, 23], [11, 4, 12, 5], [13, 17, 14, 16], [15, 21, 16, 20], [24, 17, 1, 18], [19, 15, 20, 14], [21, 10, 22, 11], [18, 23, 19, 24], [1, 6, 2, 7], [3, 8, 4, 9], [5, 12, 6, 13], [7, 2, 8, 3]]"
12n_0135_134,"[[7, 2, 8, 3], [9, 22, 10, 23], [11, 4, 12, 5], [13, 17, 14, 16], [15, 21, 16, 20], [24, 17, 1, 18], [19, 15, 20, 14], [21, 10, 22, 11], [18, 23, 19, 24], [1, 6, 2, 7], [3, 8, 4, 9], [5, 12, 6, 13]]"
12n_0135_135,"[[5, 12, 6, 13], [7, 2, 8, 3], [9, 22, 10, 23], [11, 4, 12, 5], [13, 17, 14, 16], [15, 21, 16, 20], [24, 17, 1, 18], [19, 15, 20, 14], [21, 10, 22, 11], [18, 23, 19, 24], [1, 6, 2, 7], [3, 8, 4, 9]]"
12n_0135_136,"[[3, 8, 4, 9], [5, 12, 6, 13], [7, 2, 8, 3], [9, 22, 10, 23], [11, 4, 12, 5], [13, 17, 14, 16], [15, 21, 16, 20], [24, 17, 1, 18], [19, 15, 20, 14], [21, 10, 22, 11], [18, 23, 19, 24], [1, 6, 2, 7]]"
12n_0135_137,"[[1, 6, 2, 7], [3, 8, 4, 9], [5, 12, 6, 13], [7, 2, 8, 3], [9, 22, 10, 23], [11, 4, 12, 5], [13, 17, 14, 16], [15, 21, 16, 20], [24, 17, 1, 18], [19, 15, 20, 14], [21, 10, 22, 11], [18, 23, 19, 24]]"
12n_0135_138,"[[18, 23, 19, 24], [1, 6, 2, 7], [3, 8, 4, 9], [5, 12, 6, 13], [7, 2, 8, 3], [9, 22, 10, 23], [11, 4, 12, 5], [13, 17, 14, 16], [15, 21, 16, 20], [24, 17, 1, 18], [19, 15, 20, 14], [21, 10, 22, 11]]"
12n_0135_139,"[[21, 10, 22, 11], [18, 23, 19, 24], [1, 6, 2, 7], [3, 8, 4, 9], [5, 12, 6, 13], [7, 2, 8, 3], [9, 22, 10, 23], [11, 4, 12, 5], [13, 17, 14, 16], [15, 21, 16, 20], [24, 17, 1, 18], [19, 15, 20, 14]]"
12n_0135_140,"[[19, 15, 20, 14], [21, 10, 22, 11], [18, 23, 19, 24], [1, 6, 2, 7], [3, 8, 4, 9], [5, 12, 6, 13], [7, 2, 8, 3], [9, 22, 10, 23], [11, 4, 12, 5], [13, 17, 14, 16], [15, 21, 16, 20], [24, 17, 1, 18]]"
12n_0135_141,"[[24, 17, 1, 18], [19, 15, 20, 14], [21, 10, 22, 11], [18, 23, 19, 24], [1, 6, 2, 7], [3, 8, 4, 9], [5, 12, 6, 13], [7, 2, 8, 3], [9, 22, 10, 23], [11, 4, 12, 5], [13, 17, 14, 16], [15, 21, 16, 20]]"
12n_0135_142,"[[15, 21, 16, 20], [24, 17, 1, 18], [19, 15, 20, 14], [21, 10, 22, 11], [18, 23, 19, 24], [1, 6, 2, 7], [3, 8, 4, 9], [5, 12, 6, 13], [7, 2, 8, 3], [9, 22, 10, 23], [11, 4, 12, 5], [13, 17, 14, 16]]"
12n_0135_143,"[[13, 17, 14, 16], [15, 21, 16, 20], [24, 17, 1, 18], [19, 15, 20, 14], [21, 10, 22, 11], [18, 23, 19, 24], [1, 6, 2, 7], [3, 8, 4, 9], [5, 12, 6, 13], [7, 2, 8, 3], [9, 22, 10, 23], [11, 4, 12, 5]]"
12n_0135_144,"[[12, 5, 13, 6], [14, 18, 15, 17], [16, 22, 17, 21], [1, 18, 2, 19], [20, 16, 21, 15], [22, 11, 23, 12], [19, 24, 20, 1], [2, 7, 3, 8], [4, 9, 5, 10], [6, 13, 7, 14], [8, 3, 9, 4], [10, 23, 11, 24]]"
12n_0135_145,"[[10, 23, 11, 24], [12, 5, 13, 6], [14, 18, 15, 17], [16, 22, 17, 21], [1, 18, 2, 19], [20, 16, 21, 15], [22, 11, 23, 12], [19, 24, 20, 1], [2, 7, 3, 8], [4, 9, 5, 10], [6, 13, 7, 14], [8, 3, 9, 4]]"
12n_0135_146,"[[8, 3, 9, 4], [10, 23, 11, 24], [12, 5, 13, 6], [14, 18, 15, 17], [16, 22, 17, 21], [1, 18, 2, 19], [20, 16, 21, 15], [22, 11, 23, 12], [19, 24, 20, 1], [2, 7, 3, 8], [4, 9, 5, 10], [6, 13, 7, 14]]"
12n_0135_147,"[[6, 13, 7, 14], [8, 3, 9, 4], [10, 23, 11, 24], [12, 5, 13, 6], [14, 18, 15, 17], [16, 22, 17, 21], [1, 18, 2, 19], [20, 16, 21, 15], [22, 11, 23, 12], [19, 24, 20, 1], [2, 7, 3, 8], [4, 9, 5, 10]]"
12n_0135_148,"[[4, 9, 5, 10], [6, 13, 7, 14], [8, 3, 9, 4], [10, 23, 11, 24], [12, 5, 13, 6], [14, 18, 15, 17], [16, 22, 17, 21], [1, 18, 2, 19], [20, 16, 21, 15], [22, 11, 23, 12], [19, 24, 20, 1], [2, 7, 3, 8]]"
12n_0135_149,"[[2, 7, 3, 8], [4, 9, 5, 10], [6, 13, 7, 14], [8, 3, 9, 4], [10, 23, 11, 24], [12, 5, 13, 6], [14, 18, 15, 17], [16, 22, 17, 21], [1, 18, 2, 19], [20, 16, 21, 15], [22, 11, 23, 12], [19, 24, 20, 1]]"
12n_0135_150,"[[19, 24, 20, 1], [2, 7, 3, 8], [4, 9, 5, 10], [6, 13, 7, 14], [8, 3, 9, 4], [10, 23, 11, 24], [12, 5, 13, 6], [14, 18, 15, 17], [16, 22, 17, 21], [1, 18, 2, 19], [20, 16, 21, 15], [22, 11, 23, 12]]"
12n_0135_151,"[[22, 11, 23, 12], [19, 24, 20, 1], [2, 7, 3, 8], [4, 9, 5, 10], [6, 13, 7, 14], [8, 3, 9, 4], [10, 23, 11, 24], [12, 5, 13, 6], [14, 18, 15, 17], [16, 22, 17, 21], [1, 18, 2, 19], [20, 16, 21, 15]]"
12n_0135_152,"[[20, 16, 21, 15], [22, 11, 23, 12], [19, 24, 20, 1], [2, 7, 3, 8], [4, 9, 5, 10], [6, 13, 7, 14], [8, 3, 9, 4], [10, 23, 11, 24], [12, 5, 13, 6], [14, 18, 15, 17], [16, 22, 17, 21], [1, 18, 2, 19]]"
12n_0135_153,"[[1, 18, 2, 19], [20, 16, 21, 15], [22, 11, 23, 12], [19, 24, 20, 1], [2, 7, 3, 8], [4, 9, 5, 10], [6, 13, 7, 14], [8, 3, 9, 4], [10, 23, 11, 24], [12, 5, 13, 6], [14, 18, 15, 17], [16, 22, 17, 21]]"
12n_0135_154,"[[16, 22, 17, 21], [1, 18, 2, 19], [20, 16, 21, 15], [22, 11, 23, 12], [19, 24, 20, 1], [2, 7, 3, 8], [4, 9, 5, 10], [6, 13, 7, 14], [8, 3, 9, 4], [10, 23, 11, 24], [12, 5, 13, 6], [14, 18, 15, 17]]"
12n_0135_155,"[[14, 18, 15, 17], [16, 22, 17, 21], [1, 18, 2, 19], [20, 16, 21, 15], [22, 11, 23, 12], [19, 24, 20, 1], [2, 7, 3, 8], [4, 9, 5, 10], [6, 13, 7, 14], [8, 3, 9, 4], [10, 23, 11, 24], [12, 5, 13, 6]]"
12n_0135_156,"[[13, 6, 14, 7], [15, 19, 16, 18], [17, 23, 18, 22], [2, 19, 3, 20], [21, 17, 22, 16], [23, 12, 24, 13], [20, 1, 21, 2], [3, 8, 4, 9], [5, 10, 6, 11], [7, 14, 8, 15], [9, 4, 10, 5], [11, 24, 12, 1]]"
12n_0135_157,"[[11, 24, 12, 1], [13, 6, 14, 7], [15, 19, 16, 18], [17, 23, 18, 22], [2, 19, 3, 20], [21, 17, 22, 16], [23, 12, 24, 13], [20, 1, 21, 2], [3, 8, 4, 9], [5, 10, 6, 11], [7, 14, 8, 15], [9, 4, 10, 5]]"
12n_0135_158,"[[9, 4, 10, 5], [11, 24, 12, 1], [13, 6, 14, 7], [15, 19, 16, 18], [17, 23, 18, 22], [2, 19, 3, 20], [21, 17, 22, 16], [23, 12, 24, 13], [20, 1, 21, 2], [3, 8, 4, 9], [5, 10, 6, 11], [7, 14, 8, 15]]"
12n_0135_159,"[[7, 14, 8, 15], [9, 4, 10, 5], [11, 24, 12, 1], [13, 6, 14, 7], [15, 19, 16, 18], [17, 23, 18, 22], [2, 19, 3, 20], [21, 17, 22, 16], [23, 12, 24, 13], [20, 1, 21, 2], [3, 8, 4, 9], [5, 10, 6, 11]]"
12n_0135_160,"[[5, 10, 6, 11], [7, 14, 8, 15], [9, 4, 10, 5], [11, 24, 12, 1], [13, 6, 14, 7], [15, 19, 16, 18], [17, 23, 18, 22], [2, 19, 3, 20], [21, 17, 22, 16], [23, 12, 24, 13], [20, 1, 21, 2], [3, 8, 4, 9]]"
12n_0135_161,"[[3, 8, 4, 9], [5, 10, 6, 11], [7, 14, 8, 15], [9, 4, 10, 5], [11, 24, 12, 1], [13, 6, 14, 7], [15, 19, 16, 18], [17, 23, 18, 22], [2, 19, 3, 20], [21, 17, 22, 16], [23, 12, 24, 13], [20, 1, 21, 2]]"
12n_0135_162,"[[20, 1, 21, 2], [3, 8, 4, 9], [5, 10, 6, 11], [7, 14, 8, 15], [9, 4, 10, 5], [11, 24, 12, 1], [13, 6, 14, 7], [15, 19, 16, 18], [17, 23, 18, 22], [2, 19, 3, 20], [21, 17, 22, 16], [23, 12, 24, 13]]"
12n_0135_163,"[[23, 12, 24, 13], [20, 1, 21, 2], [3, 8, 4, 9], [5, 10, 6, 11], [7, 14, 8, 15], [9, 4, 10, 5], [11, 24, 12, 1], [13, 6, 14, 7], [15, 19, 16, 18], [17, 23, 18, 22], [2, 19, 3, 20], [21, 17, 22, 16]]"
12n_0135_164,"[[21, 17, 22, 16], [23, 12, 24, 13], [20, 1, 21, 2], [3, 8, 4, 9], [5, 10, 6, 11], [7, 14, 8, 15], [9, 4, 10, 5], [11, 24, 12, 1], [13, 6, 14, 7], [15, 19, 16, 18], [17, 23, 18, 22], [2, 19, 3, 20]]"
12n_0135_165,"[[2, 19, 3, 20], [21, 17, 22, 16], [23, 12, 24, 13], [20, 1, 21, 2], [3, 8, 4, 9], [5, 10, 6, 11], [7, 14, 8, 15], [9, 4, 10, 5], [11, 24, 12, 1], [13, 6, 14, 7], [15, 19, 16, 18], [17, 23, 18, 22]]"
12n_0135_166,"[[17, 23, 18, 22], [2, 19, 3, 20], [21, 17, 22, 16], [23, 12, 24, 13], [20, 1, 21, 2], [3, 8, 4, 9], [5, 10, 6, 11], [7, 14, 8, 15], [9, 4, 10, 5], [11, 24, 12, 1], [13, 6, 14, 7], [15, 19, 16, 18]]"
12n_0135_167,"[[15, 19, 16, 18], [17, 23, 18, 22], [2, 19, 3, 20], [21, 17, 22, 16], [23, 12, 24, 13], [20, 1, 21, 2], [3, 8, 4, 9], [5, 10, 6, 11], [7, 14, 8, 15], [9, 4, 10, 5], [11, 24, 12, 1], [13, 6, 14, 7]]"
12n_0135_168,"[[14, 7, 15, 8], [16, 20, 17, 19], [18, 24, 19, 23], [3, 20, 4, 21], [22, 18, 23, 17], [24, 13, 1, 14], [21, 2, 22, 3], [4, 9, 5, 10], [6, 11, 7, 12], [8, 15, 9, 16], [10, 5, 11, 6], [12, 1, 13, 2]]"
12n_0135_169,"[[12, 1, 13, 2], [14, 7, 15, 8], [16, 20, 17, 19], [18, 24, 19, 23], [3, 20, 4, 21], [22, 18, 23, 17], [24, 13, 1, 14], [21, 2, 22, 3], [4, 9, 5, 10], [6, 11, 7, 12], [8, 15, 9, 16], [10, 5, 11, 6]]"
12n_0135_170,"[[10, 5, 11, 6], [12, 1, 13, 2], [14, 7, 15, 8], [16, 20, 17, 19], [18, 24, 19, 23], [3, 20, 4, 21], [22, 18, 23, 17], [24, 13, 1, 14], [21, 2, 22, 3], [4, 9, 5, 10], [6, 11, 7, 12], [8, 15, 9, 16]]"
12n_0135_171,"[[8, 15, 9, 16], [10, 5, 11, 6], [12, 1, 13, 2], [14, 7, 15, 8], [16, 20, 17, 19], [18, 24, 19, 23], [3, 20, 4, 21], [22, 18, 23, 17], [24, 13, 1, 14], [21, 2, 22, 3], [4, 9, 5, 10], [6, 11, 7, 12]]"
12n_0135_172,"[[6, 11, 7, 12], [8, 15, 9, 16], [10, 5, 11, 6], [12, 1, 13, 2], [14, 7, 15, 8], [16, 20, 17, 19], [18, 24, 19, 23], [3, 20, 4, 21], [22, 18, 23, 17], [24, 13, 1, 14], [21, 2, 22, 3], [4, 9, 5, 10]]"
12n_0135_173,"[[4, 9, 5, 10], [6, 11, 7, 12], [8, 15, 9, 16], [10, 5, 11, 6], [12, 1, 13, 2], [14, 7, 15, 8], [16, 20, 17, 19], [18, 24, 19, 23], [3, 20, 4, 21], [22, 18, 23, 17], [24, 13, 1, 14], [21, 2, 22, 3]]"
12n_0135_174,"[[21, 2, 22, 3], [4, 9, 5, 10], [6, 11, 7, 12], [8, 15, 9, 16], [10, 5, 11, 6], [12, 1, 13, 2], [14, 7, 15, 8], [16, 20, 17, 19], [18, 24, 19, 23], [3, 20, 4, 21], [22, 18, 23, 17], [24, 13, 1, 14]]"
12n_0135_175,"[[24, 13, 1, 14], [21, 2, 22, 3], [4, 9, 5, 10], [6, 11, 7, 12], [8, 15, 9, 16], [10, 5, 11, 6], [12, 1, 13, 2], [14, 7, 15, 8], [16, 20, 17, 19], [18, 24, 19, 23], [3, 20, 4, 21], [22, 18, 23, 17]]"
12n_0135_176,"[[22, 18, 23, 17], [24, 13, 1, 14], [21, 2, 22, 3], [4, 9, 5, 10], [6, 11, 7, 12], [8, 15, 9, 16], [10, 5, 11, 6], [12, 1, 13, 2], [14, 7, 15, 8], [16, 20, 17, 19], [18, 24, 19, 23], [3, 20, 4, 21]]"
12n_0135_177,"[[3, 20, 4, 21], [22, 18, 23, 17], [24, 13, 1, 14], [21, 2, 22, 3], [4, 9, 5, 10], [6, 11, 7, 12], [8, 15, 9, 16], [10, 5, 11, 6], [12, 1, 13, 2], [14, 7, 15, 8], [16, 20, 17, 19], [18, 24, 19, 23]]"
12n_0135_178,"[[18, 24, 19, 23], [3, 20, 4, 21], [22, 18, 23, 17], [24, 13, 1, 14], [21, 2, 22, 3], [4, 9, 5, 10], [6, 11, 7, 12], [8, 15, 9, 16], [10, 5, 11, 6], [12, 1, 13, 2], [14, 7, 15, 8], [16, 20, 17, 19]]"
12n_0135_179,"[[16, 20, 17, 19], [18, 24, 19, 23], [3, 20, 4, 21], [22, 18, 23, 17], [24, 13, 1, 14], [21, 2, 22, 3], [4, 9, 5, 10], [6, 11, 7, 12], [8, 15, 9, 16], [10, 5, 11, 6], [12, 1, 13, 2], [14, 7, 15, 8]]"
12n_0135_180,"[[15, 8, 16, 9], [17, 21, 18, 20], [19, 1, 20, 24], [4, 21, 5, 22], [23, 19, 24, 18], [1, 14, 2, 15], [22, 3, 23, 4], [5, 10, 6, 11], [7, 12, 8, 13], [9, 16, 10, 17], [11, 6, 12, 7], [13, 2, 14, 3]]"
12n_0135_181,"[[13, 2, 14, 3], [15, 8, 16, 9], [17, 21, 18, 20], [19, 1, 20, 24], [4, 21, 5, 22], [23, 19, 24, 18], [1, 14, 2, 15], [22, 3, 23, 4], [5, 10, 6, 11], [7, 12, 8, 13], [9, 16, 10, 17], [11, 6, 12, 7]]"
12n_0135_182,"[[11, 6, 12, 7], [13, 2, 14, 3], [15, 8, 16, 9], [17, 21, 18, 20], [19, 1, 20, 24], [4, 21, 5, 22], [23, 19, 24, 18], [1, 14, 2, 15], [22, 3, 23, 4], [5, 10, 6, 11], [7, 12, 8, 13], [9, 16, 10, 17]]"
12n_0135_183,"[[9, 16, 10, 17], [11, 6, 12, 7], [13, 2, 14, 3], [15, 8, 16, 9], [17, 21, 18, 20], [19, 1, 20, 24], [4, 21, 5, 22], [23, 19, 24, 18], [1, 14, 2, 15], [22, 3, 23, 4], [5, 10, 6, 11], [7, 12, 8, 13]]"
12n_0135_184,"[[7, 12, 8, 13], [9, 16, 10, 17], [11, 6, 12, 7], [13, 2, 14, 3], [15, 8, 16, 9], [17, 21, 18, 20], [19, 1, 20, 24], [4, 21, 5, 22], [23, 19, 24, 18], [1, 14, 2, 15], [22, 3, 23, 4], [5, 10, 6, 11]]"
12n_0135_185,"[[5, 10, 6, 11], [7, 12, 8, 13], [9, 16, 10, 17], [11, 6, 12, 7], [13, 2, 14, 3], [15, 8, 16, 9], [17, 21, 18, 20], [19, 1, 20, 24], [4, 21, 5, 22], [23, 19, 24, 18], [1, 14, 2, 15], [22, 3, 23, 4]]"
