name,pd_notation
12n_0654_0,"[[7, 1, 8, 24], [2, 6, 3, 5], [4, 16, 5, 15], [19, 7, 20, 6], [23, 9, 24, 8], [17, 10, 18, 11], [21, 13, 22, 12], [14, 4, 15, 3], [11, 16, 12, 17], [1, 19, 2, 18], [13, 21, 14, 20], [9, 23, 10, 22]]"
12n_0654_1,"[[9, 23, 10, 22], [7, 1, 8, 24], [2, 6, 3, 5], [4, 16, 5, 15], [19, 7, 20, 6], [23, 9, 24, 8], [17, 10, 18, 11], [21, 13, 22, 12], [14, 4, 15, 3], [11, 16, 12, 17], [1, 19, 2, 18], [13, 21, 14, 20]]"
12n_0654_2,"[[13, 21, 14, 20], [9, 23, 10, 22], [7, 1, 8, 24], [2, 6, 3, 5], [4, 16, 5, 15], [19, 7, 20, 6], [23, 9, 24, 8], [17, 10, 18, 11], [21, 13, 22, 12], [14, 4, 15, 3], [11, 16, 12, 17], [1, 19, 2, 18]]"
12n_0654_3,"[[1, 19, 2, 18], [13, 21, 14, 20], [9, 23, 10, 22], [7, 1, 8, 24], [2, 6, 3, 5], [4, 16, 5, 15], [19, 7, 20, 6], [23, 9, 24, 8], [17, 10, 18, 11], [21, 13, 22, 12], [14, 4, 15, 3], [11, 16, 12, 17]]"
12n_0654_4,"[[11, 16, 12, 17], [1, 19, 2, 18], [13, 21, 14, 20], [9, 23, 10, 22], [7, 1, 8, 24], [2, 6, 3, 5], [4, 16, 5, 15], [19, 7, 20, 6], [23, 9, 24, 8], [17, 10, 18, 11], [21, 13, 22, 12], [14, 4, 15, 3]]"
12n_0654_5,"[[14, 4, 15, 3], [11, 16, 12, 17], [1, 19, 2, 18], [13, 21, 14, 20], [9, 23, 10, 22], [7, 1, 8, 24], [2, 6, 3, 5], [4, 16, 5, 15], [19, 7, 20, 6], [23, 9, 24, 8], [17, 10, 18, 11], [21, 13, 22, 12]]"
12n_0654_6,"[[21, 13, 22, 12], [14, 4, 15, 3], [11, 16, 12, 17], [1, 19, 2, 18], [13, 21, 14, 20], [9, 23, 10, 22], [7, 1, 8, 24], [2, 6, 3, 5], [4, 16, 5, 15], [19, 7, 20, 6], [23, 9, 24, 8], [17, 10, 18, 11]]"
12n_0654_7,"[[17, 10, 18, 11], [21, 13, 22, 12], [14, 4, 15, 3], [11, 16, 12, 17], [1, 19, 2, 18], [13, 21, 14, 20], [9, 23, 10, 22], [7, 1, 8, 24], [2, 6, 3, 5], [4, 16, 5, 15], [19, 7, 20, 6], [23, 9, 24, 8]]"
12n_0654_8,"[[23, 9, 24, 8], [17, 10, 18, 11], [21, 13, 22, 12], [14, 4, 15, 3], [11, 16, 12, 17], [1, 19, 2, 18], [13, 21, 14, 20], [9, 23, 10, 22], [7, 1, 8, 24], [2, 6, 3, 5], [4, 16, 5, 15], [19, 7, 20, 6]]"
12n_0654_9,"[[19, 7, 20, 6], [23, 9, 24, 8], [17, 10, 18, 11], [21, 13, 22, 12], [14, 4, 15, 3], [11, 16, 12, 17], [1, 19, 2, 18], [13, 21, 14, 20], [9, 23, 10, 22], [7, 1, 8, 24], [2, 6, 3, 5], [4, 16, 5, 15]]"
12n_0654_10,"[[4, 16, 5, 15], [19, 7, 20, 6], [23, 9, 24, 8], [17, 10, 18, 11], [21, 13, 22, 12], [14, 4, 15, 3], [11, 16, 12, 17], [1, 19, 2, 18], [13, 21, 14, 20], [9, 23, 10, 22], [7, 1, 8, 24], [2, 6, 3, 5]]"
12n_0654_11,"[[2, 6, 3, 5], [4, 16, 5, 15], [19, 7, 20, 6], [23, 9, 24, 8], [17, 10, 18, 11], [21, 13, 22, 12], [14, 4, 15, 3], [11, 16, 12, 17], [1, 19, 2, 18], [13, 21, 14, 20], [9, 23, 10, 22], [7, 1, 8, 24]]"
12n_0654_12,"[[8, 2, 9, 1], [3, 7, 4, 6], [5, 17, 6, 16], [20, 8, 21, 7], [24, 10, 1, 9], [18, 11, 19, 12], [22, 14, 23, 13], [15, 5, 16, 4], [12, 17, 13, 18], [2, 20, 3, 19], [14, 22, 15, 21], [10, 24, 11, 23]]"
12n_0654_13,"[[10, 24, 11, 23], [8, 2, 9, 1], [3, 7, 4, 6], [5, 17, 6, 16], [20, 8, 21, 7], [24, 10, 1, 9], [18, 11, 19, 12], [22, 14, 23, 13], [15, 5, 16, 4], [12, 17, 13, 18], [2, 20, 3, 19], [14, 22, 15, 21]]"
12n_0654_14,"[[14, 22, 15, 21], [10, 24, 11, 23], [8, 2, 9, 1], [3, 7, 4, 6], [5, 17, 6, 16], [20, 8, 21, 7], [24, 10, 1, 9], [18, 11, 19, 12], [22, 14, 23, 13], [15, 5, 16, 4], [12, 17, 13, 18], [2, 20, 3, 19]]"
12n_0654_15,"[[2, 20, 3, 19], [14, 22, 15, 21], [10, 24, 11, 23], [8, 2, 9, 1], [3, 7, 4, 6], [5, 17, 6, 16], [20, 8, 21, 7], [24, 10, 1, 9], [18, 11, 19, 12], [22, 14, 23, 13], [15, 5, 16, 4], [12, 17, 13, 18]]"
12n_0654_16,"[[12, 17, 13, 18], [2, 20, 3, 19], [14, 22, 15, 21], [10, 24, 11, 23], [8, 2, 9, 1], [3, 7, 4, 6], [5, 17, 6, 16], [20, 8, 21, 7], [24, 10, 1, 9], [18, 11, 19, 12], [22, 14, 23, 13], [15, 5, 16, 4]]"
12n_0654_17,"[[15, 5, 16, 4], [12, 17, 13, 18], [2, 20, 3, 19], [14, 22, 15, 21], [10, 24, 11, 23], [8, 2, 9, 1], [3, 7, 4, 6], [5, 17, 6, 16], [20, 8, 21, 7], [24, 10, 1, 9], [18, 11, 19, 12], [22, 14, 23, 13]]"
12n_0654_18,"[[22, 14, 23, 13], [15, 5, 16, 4], [12, 17, 13, 18], [2, 20, 3, 19], [14, 22, 15, 21], [10, 24, 11, 23], [8, 2, 9, 1], [3, 7, 4, 6], [5, 17, 6, 16], [20, 8, 21, 7], [24, 10, 1, 9], [18, 11, 19, 12]]"
12n_0654_19,"[[18, 11, 19, 12], [22, 14, 23, 13], [15, 5, 16, 4], [12, 17, 13, 18], [2, 20, 3, 19], [14, 22, 15, 21], [10, 24, 11, 23], [8, 2, 9, 1], [3, 7, 4, 6], [5, 17, 6, 16], [20, 8, 21, 7], [24, 10, 1, 9]]"
12n_0654_20,"[[24, 10, 1, 9], [18, 11, 19, 12], [22, 14, 23, 13], [15, 5, 16, 4], [12, 17, 13, 18], [2, 20, 3, 19], [14, 22, 15, 21], [10, 24, 11, 23], [8, 2, 9, 1], [3, 7, 4, 6], [5, 17, 6, 16], [20, 8, 21, 7]]"
12n_0654_21,"[[20, 8, 21, 7], [24, 10, 1, 9], [18, 11, 19, 12], [22, 14, 23, 13], [15, 5, 16, 4], [12, 17, 13, 18], [2, 20, 3, 19], [14, 22, 15, 21], [10, 24, 11, 23], [8, 2, 9, 1], [3, 7, 4, 6], [5, 17, 6, 16]]"
12n_0654_22,"[[5, 17, 6, 16], [20, 8, 21, 7], [24, 10, 1, 9], [18, 11, 19, 12], [22, 14, 23, 13], [15, 5, 16, 4], [12, 17, 13, 18], [2, 20, 3, 19], [14, 22, 15, 21], [10, 24, 11, 23], [8, 2, 9, 1], [3, 7, 4, 6]]"
12n_0654_23,"[[3, 7, 4, 6], [5, 17, 6, 16], [20, 8, 21, 7], [24, 10, 1, 9], [18, 11, 19, 12], [22, 14, 23, 13], [15, 5, 16, 4], [12, 17, 13, 18], [2, 20, 3, 19], [14, 22, 15, 21], [10, 24, 11, 23], [8, 2, 9, 1]]"
12n_0654_24,"[[9, 3, 10, 2], [4, 8, 5, 7], [6, 18, 7, 17], [21, 9, 22, 8], [1, 11, 2, 10], [19, 12, 20, 13], [23, 15, 24, 14], [16, 6, 17, 5], [13, 18, 14, 19], [3, 21, 4, 20], [15, 23, 16, 22], [11, 1, 12, 24]]"
12n_0654_25,"[[11, 1, 12, 24], [9, 3, 10, 2], [4, 8, 5, 7], [6, 18, 7, 17], [21, 9, 22, 8], [1, 11, 2, 10], [19, 12, 20, 13], [23, 15, 24, 14], [16, 6, 17, 5], [13, 18, 14, 19], [3, 21, 4, 20], [15, 23, 16, 22]]"
12n_0654_26,"[[15, 23, 16, 22], [11, 1, 12, 24], [9, 3, 10, 2], [4, 8, 5, 7], [6, 18, 7, 17], [21, 9, 22, 8], [1, 11, 2, 10], [19, 12, 20, 13], [23, 15, 24, 14], [16, 6, 17, 5], [13, 18, 14, 19], [3, 21, 4, 20]]"
12n_0654_27,"[[3, 21, 4, 20], [15, 23, 16, 22], [11, 1, 12, 24], [9, 3, 10, 2], [4, 8, 5, 7], [6, 18, 7, 17], [21, 9, 22, 8], [1, 11, 2, 10], [19, 12, 20, 13], [23, 15, 24, 14], [16, 6, 17, 5], [13, 18, 14, 19]]"
12n_0654_28,"[[13, 18, 14, 19], [3, 21, 4, 20], [15, 23, 16, 22], [11, 1, 12, 24], [9, 3, 10, 2], [4, 8, 5, 7], [6, 18, 7, 17], [21, 9, 22, 8], [1, 11, 2, 10], [19, 12, 20, 13], [23, 15, 24, 14], [16, 6, 17, 5]]"
12n_0654_29,"[[16, 6, 17, 5], [13, 18, 14, 19], [3, 21, 4, 20], [15, 23, 16, 22], [11, 1, 12, 24], [9, 3, 10, 2], [4, 8, 5, 7], [6, 18, 7, 17], [21, 9, 22, 8], [1, 11, 2, 10], [19, 12, 20, 13], [23, 15, 24, 14]]"
12n_0654_30,"[[23, 15, 24, 14], [16, 6, 17, 5], [13, 18, 14, 19], [3, 21, 4, 20], [15, 23, 16, 22], [11, 1, 12, 24], [9, 3, 10, 2], [4, 8, 5, 7], [6, 18, 7, 17], [21, 9, 22, 8], [1, 11, 2, 10], [19, 12, 20, 13]]"
12n_0654_31,"[[19, 12, 20, 13], [23, 15, 24, 14], [16, 6, 17, 5], [13, 18, 14, 19], [3, 21, 4, 20], [15, 23, 16, 22], [11, 1, 12, 24], [9, 3, 10, 2], [4, 8, 5, 7], [6, 18, 7, 17], [21, 9, 22, 8], [1, 11, 2, 10]]"
12n_0654_32,"[[1, 11, 2, 10], [19, 12, 20, 13], [23, 15, 24, 14], [16, 6, 17, 5], [13, 18, 14, 19], [3, 21, 4, 20], [15, 23, 16, 22], [11, 1, 12, 24], [9, 3, 10, 2], [4, 8, 5, 7], [6, 18, 7, 17], [21, 9, 22, 8]]"
12n_0654_33,"[[21, 9, 22, 8], [1, 11, 2, 10], [19, 12, 20, 13], [23, 15, 24, 14], [16, 6, 17, 5], [13, 18, 14, 19], [3, 21, 4, 20], [15, 23, 16, 22], [11, 1, 12, 24], [9, 3, 10, 2], [4, 8, 5, 7], [6, 18, 7, 17]]"
12n_0654_34,"[[6, 18, 7, 17], [21, 9, 22, 8], [1, 11, 2, 10], [19, 12, 20, 13], [23, 15, 24, 14], [16, 6, 17, 5], [13, 18, 14, 19], [3, 21, 4, 20], [15, 23, 16, 22], [11, 1, 12, 24], [9, 3, 10, 2], [4, 8, 5, 7]]"
12n_0654_35,"[[4, 8, 5, 7], [6, 18, 7, 17], [21, 9, 22, 8], [1, 11, 2, 10], [19, 12, 20, 13], [23, 15, 24, 14], [16, 6, 17, 5], [13, 18, 14, 19], [3, 21, 4, 20], [15, 23, 16, 22], [11, 1, 12, 24], [9, 3, 10, 2]]"
12n_0654_36,"[[10, 4, 11, 3], [5, 9, 6, 8], [7, 19, 8, 18], [22, 10, 23, 9], [2, 12, 3, 11], [20, 13, 21, 14], [24, 16, 1, 15], [17, 7, 18, 6], [14, 19, 15, 20], [4, 22, 5, 21], [16, 24, 17, 23], [12, 2, 13, 1]]"
12n_0654_37,"[[12, 2, 13, 1], [10, 4, 11, 3], [5, 9, 6, 8], [7, 19, 8, 18], [22, 10, 23, 9], [2, 12, 3, 11], [20, 13, 21, 14], [24, 16, 1, 15], [17, 7, 18, 6], [14, 19, 15, 20], [4, 22, 5, 21], [16, 24, 17, 23]]"
12n_0654_38,"[[16, 24, 17, 23], [12, 2, 13, 1], [10, 4, 11, 3], [5, 9, 6, 8], [7, 19, 8, 18], [22, 10, 23, 9], [2, 12, 3, 11], [20, 13, 21, 14], [24, 16, 1, 15], [17, 7, 18, 6], [14, 19, 15, 20], [4, 22, 5, 21]]"
12n_0654_39,"[[4, 22, 5, 21], [16, 24, 17, 23], [12, 2, 13, 1], [10, 4, 11, 3], [5, 9, 6, 8], [7, 19, 8, 18], [22, 10, 23, 9], [2, 12, 3, 11], [20, 13, 21, 14], [24, 16, 1, 15], [17, 7, 18, 6], [14, 19, 15, 20]]"
12n_0654_40,"[[14, 19, 15, 20], [4, 22, 5, 21], [16, 24, 17, 23], [12, 2, 13, 1], [10, 4, 11, 3], [5, 9, 6, 8], [7, 19, 8, 18], [22, 10, 23, 9], [2, 12, 3, 11], [20, 13, 21, 14], [24, 16, 1, 15], [17, 7, 18, 6]]"
12n_0654_41,"[[17, 7, 18, 6], [14, 19, 15, 20], [4, 22, 5, 21], [16, 24, 17, 23], [12, 2, 13, 1], [10, 4, 11, 3], [5, 9, 6, 8], [7, 19, 8, 18], [22, 10, 23, 9], [2, 12, 3, 11], [20, 13, 21, 14], [24, 16, 1, 15]]"
12n_0654_42,"[[24, 16, 1, 15], [17, 7, 18, 6], [14, 19, 15, 20], [4, 22, 5, 21], [16, 24, 17, 23], [12, 2, 13, 1], [10, 4, 11, 3], [5, 9, 6, 8], [7, 19, 8, 18], [22, 10, 23, 9], [2, 12, 3, 11], [20, 13, 21, 14]]"
12n_0654_43,"[[20, 13, 21, 14], [24, 16, 1, 15], [17, 7, 18, 6], [14, 19, 15, 20], [4, 22, 5, 21], [16, 24, 17, 23], [12, 2, 13, 1], [10, 4, 11, 3], [5, 9, 6, 8], [7, 19, 8, 18], [22, 10, 23, 9], [2, 12, 3, 11]]"
12n_0654_44,"[[2, 12, 3, 11], [20, 13, 21, 14], [24, 16, 1, 15], [17, 7, 18, 6], [14, 19, 15, 20], [4, 22, 5, 21], [16, 24, 17, 23], [12, 2, 13, 1], [10, 4, 11, 3], [5, 9, 6, 8], [7, 19, 8, 18], [22, 10, 23, 9]]"
12n_0654_45,"[[22, 10, 23, 9], [2, 12, 3, 11], [20, 13, 21, 14], [24, 16, 1, 15], [17, 7, 18, 6], [14, 19, 15, 20], [4, 22, 5, 21], [16, 24, 17, 23], [12, 2, 13, 1], [10, 4, 11, 3], [5, 9, 6, 8], [7, 19, 8, 18]]"
12n_0654_46,"[[7, 19, 8, 18], [22, 10, 23, 9], [2, 12, 3, 11], [20, 13, 21, 14], [24, 16, 1, 15], [17, 7, 18, 6], [14, 19, 15, 20], [4, 22, 5, 21], [16, 24, 17, 23], [12, 2, 13, 1], [10, 4, 11, 3], [5, 9, 6, 8]]"
12n_0654_47,"[[5, 9, 6, 8], [7, 19, 8, 18], [22, 10, 23, 9], [2, 12, 3, 11], [20, 13, 21, 14], [24, 16, 1, 15], [17, 7, 18, 6], [14, 19, 15, 20], [4, 22, 5, 21], [16, 24, 17, 23], [12, 2, 13, 1], [10, 4, 11, 3]]"
12n_0654_48,"[[11, 5, 12, 4], [6, 10, 7, 9], [8, 20, 9, 19], [23, 11, 24, 10], [3, 13, 4, 12], [21, 14, 22, 15], [1, 17, 2, 16], [18, 8, 19, 7], [15, 20, 16, 21], [5, 23, 6, 22], [17, 1, 18, 24], [13, 3, 14, 2]]"
12n_0654_49,"[[13, 3, 14, 2], [11, 5, 12, 4], [6, 10, 7, 9], [8, 20, 9, 19], [23, 11, 24, 10], [3, 13, 4, 12], [21, 14, 22, 15], [1, 17, 2, 16], [18, 8, 19, 7], [15, 20, 16, 21], [5, 23, 6, 22], [17, 1, 18, 24]]"
12n_0654_50,"[[17, 1, 18, 24], [13, 3, 14, 2], [11, 5, 12, 4], [6, 10, 7, 9], [8, 20, 9, 19], [23, 11, 24, 10], [3, 13, 4, 12], [21, 14, 22, 15], [1, 17, 2, 16], [18, 8, 19, 7], [15, 20, 16, 21], [5, 23, 6, 22]]"
12n_0654_51,"[[5, 23, 6, 22], [17, 1, 18, 24], [13, 3, 14, 2], [11, 5, 12, 4], [6, 10, 7, 9], [8, 20, 9, 19], [23, 11, 24, 10], [3, 13, 4, 12], [21, 14, 22, 15], [1, 17, 2, 16], [18, 8, 19, 7], [15, 20, 16, 21]]"
12n_0654_52,"[[15, 20, 16, 21], [5, 23, 6, 22], [17, 1, 18, 24], [13, 3, 14, 2], [11, 5, 12, 4], [6, 10, 7, 9], [8, 20, 9, 19], [23, 11, 24, 10], [3, 13, 4, 12], [21, 14, 22, 15], [1, 17, 2, 16], [18, 8, 19, 7]]"
12n_0654_53,"[[18, 8, 19, 7], [15, 20, 16, 21], [5, 23, 6, 22], [17, 1, 18, 24], [13, 3, 14, 2], [11, 5, 12, 4], [6, 10, 7, 9], [8, 20, 9, 19], [23, 11, 24, 10], [3, 13, 4, 12], [21, 14, 22, 15], [1, 17, 2, 16]]"
12n_0654_54,"[[1, 17, 2, 16], [18, 8, 19, 7], [15, 20, 16, 21], [5, 23, 6, 22], [17, 1, 18, 24], [13, 3, 14, 2], [11, 5, 12, 4], [6, 10, 7, 9], [8, 20, 9, 19], [23, 11, 24, 10], [3, 13, 4, 12], [21, 14, 22, 15]]"
12n_0654_55,"[[21, 14, 22, 15], [1, 17, 2, 16], [18, 8, 19, 7], [15, 20, 16, 21], [5, 23, 6, 22], [17, 1, 18, 24], [13, 3, 14, 2], [11, 5, 12, 4], [6, 10, 7, 9], [8, 20, 9, 19], [23, 11, 24, 10], [3, 13, 4, 12]]"
12n_0654_56,"[[3, 13, 4, 12], [21, 14, 22, 15], [1, 17, 2, 16], [18, 8, 19, 7], [15, 20, 16, 21], [5, 23, 6, 22], [17, 1, 18, 24], [13, 3, 14, 2], [11, 5, 12, 4], [6, 10, 7, 9], [8, 20, 9, 19], [23, 11, 24, 10]]"
12n_0654_57,"[[23, 11, 24, 10], [3, 13, 4, 12], [21, 14, 22, 15], [1, 17, 2, 16], [18, 8, 19, 7], [15, 20, 16, 21], [5, 23, 6, 22], [17, 1, 18, 24], [13, 3, 14, 2], [11, 5, 12, 4], [6, 10, 7, 9], [8, 20, 9, 19]]"
12n_0654_58,"[[8, 20, 9, 19], [23, 11, 24, 10], [3, 13, 4, 12], [21, 14, 22, 15], [1, 17, 2, 16], [18, 8, 19, 7], [15, 20, 16, 21], [5, 23, 6, 22], [17, 1, 18, 24], [13, 3, 14, 2], [11, 5, 12, 4], [6, 10, 7, 9]]"
12n_0654_59,"[[6, 10, 7, 9], [8, 20, 9, 19], [23, 11, 24, 10], [3, 13, 4, 12], [21, 14, 22, 15], [1, 17, 2, 16], [18, 8, 19, 7], [15, 20, 16, 21], [5, 23, 6, 22], [17, 1, 18, 24], [13, 3, 14, 2], [11, 5, 12, 4]]"
12n_0654_60,"[[12, 6, 13, 5], [7, 11, 8, 10], [9, 21, 10, 20], [24, 12, 1, 11], [4, 14, 5, 13], [22, 15, 23, 16], [2, 18, 3, 17], [19, 9, 20, 8], [16, 21, 17, 22], [6, 24, 7, 23], [18, 2, 19, 1], [14, 4, 15, 3]]"
12n_0654_61,"[[14, 4, 15, 3], [12, 6, 13, 5], [7, 11, 8, 10], [9, 21, 10, 20], [24, 12, 1, 11], [4, 14, 5, 13], [22, 15, 23, 16], [2, 18, 3, 17], [19, 9, 20, 8], [16, 21, 17, 22], [6, 24, 7, 23], [18, 2, 19, 1]]"
12n_0654_62,"[[18, 2, 19, 1], [14, 4, 15, 3], [12, 6, 13, 5], [7, 11, 8, 10], [9, 21, 10, 20], [24, 12, 1, 11], [4, 14, 5, 13], [22, 15, 23, 16], [2, 18, 3, 17], [19, 9, 20, 8], [16, 21, 17, 22], [6, 24, 7, 23]]"
12n_0654_63,"[[6, 24, 7, 23], [18, 2, 19, 1], [14, 4, 15, 3], [12, 6, 13, 5], [7, 11, 8, 10], [9, 21, 10, 20], [24, 12, 1, 11], [4, 14, 5, 13], [22, 15, 23, 16], [2, 18, 3, 17], [19, 9, 20, 8], [16, 21, 17, 22]]"
12n_0654_64,"[[16, 21, 17, 22], [6, 24, 7, 23], [18, 2, 19, 1], [14, 4, 15, 3], [12, 6, 13, 5], [7, 11, 8, 10], [9, 21, 10, 20], [24, 12, 1, 11], [4, 14, 5, 13], [22, 15, 23, 16], [2, 18, 3, 17], [19, 9, 20, 8]]"
12n_0654_65,"[[19, 9, 20, 8], [16, 21, 17, 22], [6, 24, 7, 23], [18, 2, 19, 1], [14, 4, 15, 3], [12, 6, 13, 5], [7, 11, 8, 10], [9, 21, 10, 20], [24, 12, 1, 11], [4, 14, 5, 13], [22, 15, 23, 16], [2, 18, 3, 17]]"
12n_0654_66,"[[2, 18, 3, 17], [19, 9, 20, 8], [16, 21, 17, 22], [6, 24, 7, 23], [18, 2, 19, 1], [14, 4, 15, 3], [12, 6, 13, 5], [7, 11, 8, 10], [9, 21, 10, 20], [24, 12, 1, 11], [4, 14, 5, 13], [22, 15, 23, 16]]"
12n_0654_67,"[[22, 15, 23, 16], [2, 18, 3, 17], [19, 9, 20, 8], [16, 21, 17, 22], [6, 24, 7, 23], [18, 2, 19, 1], [14, 4, 15, 3], [12, 6, 13, 5], [7, 11, 8, 10], [9, 21, 10, 20], [24, 12, 1, 11], [4, 14, 5, 13]]"
12n_0654_68,"[[4, 14, 5, 13], [22, 15, 23, 16], [2, 18, 3, 17], [19, 9, 20, 8], [16, 21, 17, 22], [6, 24, 7, 23], [18, 2, 19, 1], [14, 4, 15, 3], [12, 6, 13, 5], [7, 11, 8, 10], [9, 21, 10, 20], [24, 12, 1, 11]]"
12n_0654_69,"[[24, 12, 1, 11], [4, 14, 5, 13], [22, 15, 23, 16], [2, 18, 3, 17], [19, 9, 20, 8], [16, 21, 17, 22], [6, 24, 7, 23], [18, 2, 19, 1], [14, 4, 15, 3], [12, 6, 13, 5], [7, 11, 8, 10], [9, 21, 10, 20]]"
12n_0654_70,"[[9, 21, 10, 20], [24, 12, 1, 11], [4, 14, 5, 13], [22, 15, 23, 16], [2, 18, 3, 17], [19, 9, 20, 8], [16, 21, 17, 22], [6, 24, 7, 23], [18, 2, 19, 1], [14, 4, 15, 3], [12, 6, 13, 5], [7, 11, 8, 10]]"
12n_0654_71,"[[7, 11, 8, 10], [9, 21, 10, 20], [24, 12, 1, 11], [4, 14, 5, 13], [22, 15, 23, 16], [2, 18, 3, 17], [19, 9, 20, 8], [16, 21, 17, 22], [6, 24, 7, 23], [18, 2, 19, 1], [14, 4, 15, 3], [12, 6, 13, 5]]"
12n_0654_72,"[[13, 7, 14, 6], [8, 12, 9, 11], [10, 22, 11, 21], [1, 13, 2, 12], [5, 15, 6, 14], [23, 16, 24, 17], [3, 19, 4, 18], [20, 10, 21, 9], [17, 22, 18, 23], [7, 1, 8, 24], [19, 3, 20, 2], [15, 5, 16, 4]]"
12n_0654_73,"[[15, 5, 16, 4], [13, 7, 14, 6], [8, 12, 9, 11], [10, 22, 11, 21], [1, 13, 2, 12], [5, 15, 6, 14], [23, 16, 24, 17], [3, 19, 4, 18], [20, 10, 21, 9], [17, 22, 18, 23], [7, 1, 8, 24], [19, 3, 20, 2]]"
12n_0654_74,"[[19, 3, 20, 2], [15, 5, 16, 4], [13, 7, 14, 6], [8, 12, 9, 11], [10, 22, 11, 21], [1, 13, 2, 12], [5, 15, 6, 14], [23, 16, 24, 17], [3, 19, 4, 18], [20, 10, 21, 9], [17, 22, 18, 23], [7, 1, 8, 24]]"
12n_0654_75,"[[7, 1, 8, 24], [19, 3, 20, 2], [15, 5, 16, 4], [13, 7, 14, 6], [8, 12, 9, 11], [10, 22, 11, 21], [1, 13, 2, 12], [5, 15, 6, 14], [23, 16, 24, 17], [3, 19, 4, 18], [20, 10, 21, 9], [17, 22, 18, 23]]"
12n_0654_76,"[[17, 22, 18, 23], [7, 1, 8, 24], [19, 3, 20, 2], [15, 5, 16, 4], [13, 7, 14, 6], [8, 12, 9, 11], [10, 22, 11, 21], [1, 13, 2, 12], [5, 15, 6, 14], [23, 16, 24, 17], [3, 19, 4, 18], [20, 10, 21, 9]]"
12n_0654_77,"[[20, 10, 21, 9], [17, 22, 18, 23], [7, 1, 8, 24], [19, 3, 20, 2], [15, 5, 16, 4], [13, 7, 14, 6], [8, 12, 9, 11], [10, 22, 11, 21], [1, 13, 2, 12], [5, 15, 6, 14], [23, 16, 24, 17], [3, 19, 4, 18]]"
12n_0654_78,"[[3, 19, 4, 18], [20, 10, 21, 9], [17, 22, 18, 23], [7, 1, 8, 24], [19, 3, 20, 2], [15, 5, 16, 4], [13, 7, 14, 6], [8, 12, 9, 11], [10, 22, 11, 21], [1, 13, 2, 12], [5, 15, 6, 14], [23, 16, 24, 17]]"
12n_0654_79,"[[23, 16, 24, 17], [3, 19, 4, 18], [20, 10, 21, 9], [17, 22, 18, 23], [7, 1, 8, 24], [19, 3, 20, 2], [15, 5, 16, 4], [13, 7, 14, 6], [8, 12, 9, 11], [10, 22, 11, 21], [1, 13, 2, 12], [5, 15, 6, 14]]"
12n_0654_80,"[[5, 15, 6, 14], [23, 16, 24, 17], [3, 19, 4, 18], [20, 10, 21, 9], [17, 22, 18, 23], [7, 1, 8, 24], [19, 3, 20, 2], [15, 5, 16, 4], [13, 7, 14, 6], [8, 12, 9, 11], [10, 22, 11, 21], [1, 13, 2, 12]]"
12n_0654_81,"[[1, 13, 2, 12], [5, 15, 6, 14], [23, 16, 24, 17], [3, 19, 4, 18], [20, 10, 21, 9], [17, 22, 18, 23], [7, 1, 8, 24], [19, 3, 20, 2], [15, 5, 16, 4], [13, 7, 14, 6], [8, 12, 9, 11], [10, 22, 11, 21]]"
12n_0654_82,"[[10, 22, 11, 21], [1, 13, 2, 12], [5, 15, 6, 14], [23, 16, 24, 17], [3, 19, 4, 18], [20, 10, 21, 9], [17, 22, 18, 23], [7, 1, 8, 24], [19, 3, 20, 2], [15, 5, 16, 4], [13, 7, 14, 6], [8, 12, 9, 11]]"
12n_0654_83,"[[8, 12, 9, 11], [10, 22, 11, 21], [1, 13, 2, 12], [5, 15, 6, 14], [23, 16, 24, 17], [3, 19, 4, 18], [20, 10, 21, 9], [17, 22, 18, 23], [7, 1, 8, 24], [19, 3, 20, 2], [15, 5, 16, 4], [13, 7, 14, 6]]"
12n_0654_84,"[[14, 8, 15, 7], [9, 13, 10, 12], [11, 23, 12, 22], [2, 14, 3, 13], [6, 16, 7, 15], [24, 17, 1, 18], [4, 20, 5, 19], [21, 11, 22, 10], [18, 23, 19, 24], [8, 2, 9, 1], [20, 4, 21, 3], [16, 6, 17, 5]]"
12n_0654_85,"[[16, 6, 17, 5], [14, 8, 15, 7], [9, 13, 10, 12], [11, 23, 12, 22], [2, 14, 3, 13], [6, 16, 7, 15], [24, 17, 1, 18], [4, 20, 5, 19], [21, 11, 22, 10], [18, 23, 19, 24], [8, 2, 9, 1], [20, 4, 21, 3]]"
12n_0654_86,"[[20, 4, 21, 3], [16, 6, 17, 5], [14, 8, 15, 7], [9, 13, 10, 12], [11, 23, 12, 22], [2, 14, 3, 13], [6, 16, 7, 15], [24, 17, 1, 18], [4, 20, 5, 19], [21, 11, 22, 10], [18, 23, 19, 24], [8, 2, 9, 1]]"
12n_0654_87,"[[8, 2, 9, 1], [20, 4, 21, 3], [16, 6, 17, 5], [14, 8, 15, 7], [9, 13, 10, 12], [11, 23, 12, 22], [2, 14, 3, 13], [6, 16, 7, 15], [24, 17, 1, 18], [4, 20, 5, 19], [21, 11, 22, 10], [18, 23, 19, 24]]"
12n_0654_88,"[[18, 23, 19, 24], [8, 2, 9, 1], [20, 4, 21, 3], [16, 6, 17, 5], [14, 8, 15, 7], [9, 13, 10, 12], [11, 23, 12, 22], [2, 14, 3, 13], [6, 16, 7, 15], [24, 17, 1, 18], [4, 20, 5, 19], [21, 11, 22, 10]]"
12n_0654_89,"[[21, 11, 22, 10], [18, 23, 19, 24], [8, 2, 9, 1], [20, 4, 21, 3], [16, 6, 17, 5], [14, 8, 15, 7], [9, 13, 10, 12], [11, 23, 12, 22], [2, 14, 3, 13], [6, 16, 7, 15], [24, 17, 1, 18], [4, 20, 5, 19]]"
12n_0654_90,"[[4, 20, 5, 19], [21, 11, 22, 10], [18, 23, 19, 24], [8, 2, 9, 1], [20, 4, 21, 3], [16, 6, 17, 5], [14, 8, 15, 7], [9, 13, 10, 12], [11, 23, 12, 22], [2, 14, 3, 13], [6, 16, 7, 15], [24, 17, 1, 18]]"
12n_0654_91,"[[24, 17, 1, 18], [4, 20, 5, 19], [21, 11, 22, 10], [18, 23, 19, 24], [8, 2, 9, 1], [20, 4, 21, 3], [16, 6, 17, 5], [14, 8, 15, 7], [9, 13, 10, 12], [11, 23, 12, 22], [2, 14, 3, 13], [6, 16, 7, 15]]"
12n_0654_92,"[[6, 16, 7, 15], [24, 17, 1, 18], [4, 20, 5, 19], [21, 11, 22, 10], [18, 23, 19, 24], [8, 2, 9, 1], [20, 4, 21, 3], [16, 6, 17, 5], [14, 8, 15, 7], [9, 13, 10, 12], [11, 23, 12, 22], [2, 14, 3, 13]]"
12n_0654_93,"[[2, 14, 3, 13], [6, 16, 7, 15], [24, 17, 1, 18], [4, 20, 5, 19], [21, 11, 22, 10], [18, 23, 19, 24], [8, 2, 9, 1], [20, 4, 21, 3], [16, 6, 17, 5], [14, 8, 15, 7], [9, 13, 10, 12], [11, 23, 12, 22]]"
12n_0654_94,"[[11, 23, 12, 22], [2, 14, 3, 13], [6, 16, 7, 15], [24, 17, 1, 18], [4, 20, 5, 19], [21, 11, 22, 10], [18, 23, 19, 24], [8, 2, 9, 1], [20, 4, 21, 3], [16, 6, 17, 5], [14, 8, 15, 7], [9, 13, 10, 12]]"
12n_0654_95,"[[9, 13, 10, 12], [11, 23, 12, 22], [2, 14, 3, 13], [6, 16, 7, 15], [24, 17, 1, 18], [4, 20, 5, 19], [21, 11, 22, 10], [18, 23, 19, 24], [8, 2, 9, 1], [20, 4, 21, 3], [16, 6, 17, 5], [14, 8, 15, 7]]"
12n_0654_96,"[[15, 9, 16, 8], [10, 14, 11, 13], [12, 24, 13, 23], [3, 15, 4, 14], [7, 17, 8, 16], [1, 18, 2, 19], [5, 21, 6, 20], [22, 12, 23, 11], [19, 24, 20, 1], [9, 3, 10, 2], [21, 5, 22, 4], [17, 7, 18, 6]]"
12n_0654_97,"[[17, 7, 18, 6], [15, 9, 16, 8], [10, 14, 11, 13], [12, 24, 13, 23], [3, 15, 4, 14], [7, 17, 8, 16], [1, 18, 2, 19], [5, 21, 6, 20], [22, 12, 23, 11], [19, 24, 20, 1], [9, 3, 10, 2], [21, 5, 22, 4]]"
12n_0654_98,"[[21, 5, 22, 4], [17, 7, 18, 6], [15, 9, 16, 8], [10, 14, 11, 13], [12, 24, 13, 23], [3, 15, 4, 14], [7, 17, 8, 16], [1, 18, 2, 19], [5, 21, 6, 20], [22, 12, 23, 11], [19, 24, 20, 1], [9, 3, 10, 2]]"
12n_0654_99,"[[9, 3, 10, 2], [21, 5, 22, 4], [17, 7, 18, 6], [15, 9, 16, 8], [10, 14, 11, 13], [12, 24, 13, 23], [3, 15, 4, 14], [7, 17, 8, 16], [1, 18, 2, 19], [5, 21, 6, 20], [22, 12, 23, 11], [19, 24, 20, 1]]"
12n_0654_100,"[[19, 24, 20, 1], [9, 3, 10, 2], [21, 5, 22, 4], [17, 7, 18, 6], [15, 9, 16, 8], [10, 14, 11, 13], [12, 24, 13, 23], [3, 15, 4, 14], [7, 17, 8, 16], [1, 18, 2, 19], [5, 21, 6, 20], [22, 12, 23, 11]]"
12n_0654_101,"[[22, 12, 23, 11], [19, 24, 20, 1], [9, 3, 10, 2], [21, 5, 22, 4], [17, 7, 18, 6], [15, 9, 16, 8], [10, 14, 11, 13], [12, 24, 13, 23], [3, 15, 4, 14], [7, 17, 8, 16], [1, 18, 2, 19], [5, 21, 6, 20]]"
12n_0654_102,"[[5, 21, 6, 20], [22, 12, 23, 11], [19, 24, 20, 1], [9, 3, 10, 2], [21, 5, 22, 4], [17, 7, 18, 6], [15, 9, 16, 8], [10, 14, 11, 13], [12, 24, 13, 23], [3, 15, 4, 14], [7, 17, 8, 16], [1, 18, 2, 19]]"
12n_0654_103,"[[1, 18, 2, 19], [5, 21, 6, 20], [22, 12, 23, 11], [19, 24, 20, 1], [9, 3, 10, 2], [21, 5, 22, 4], [17, 7, 18, 6], [15, 9, 16, 8], [10, 14, 11, 13], [12, 24, 13, 23], [3, 15, 4, 14], [7, 17, 8, 16]]"
12n_0654_104,"[[7, 17, 8, 16], [1, 18, 2, 19], [5, 21, 6, 20], [22, 12, 23, 11], [19, 24, 20, 1], [9, 3, 10, 2], [21, 5, 22, 4], [17, 7, 18, 6], [15, 9, 16, 8], [10, 14, 11, 13], [12, 24, 13, 23], [3, 15, 4, 14]]"
12n_0654_105,"[[3, 15, 4, 14], [7, 17, 8, 16], [1, 18, 2, 19], [5, 21, 6, 20], [22, 12, 23, 11], [19, 24, 20, 1], [9, 3, 10, 2], [21, 5, 22, 4], [17, 7, 18, 6], [15, 9, 16, 8], [10, 14, 11, 13], [12, 24, 13, 23]]"
12n_0654_106,"[[12, 24, 13, 23], [3, 15, 4, 14], [7, 17, 8, 16], [1, 18, 2, 19], [5, 21, 6, 20], [22, 12, 23, 11], [19, 24, 20, 1], [9, 3, 10, 2], [21, 5, 22, 4], [17, 7, 18, 6], [15, 9, 16, 8], [10, 14, 11, 13]]"
12n_0654_107,"[[10, 14, 11, 13], [12, 24, 13, 23], [3, 15, 4, 14], [7, 17, 8, 16], [1, 18, 2, 19], [5, 21, 6, 20], [22, 12, 23, 11], [19, 24, 20, 1], [9, 3, 10, 2], [21, 5, 22, 4], [17, 7, 18, 6], [15, 9, 16, 8]]"
12n_0654_108,"[[16, 10, 17, 9], [11, 15, 12, 14], [13, 1, 14, 24], [4, 16, 5, 15], [8, 18, 9, 17], [2, 19, 3, 20], [6, 22, 7, 21], [23, 13, 24, 12], [20, 1, 21, 2], [10, 4, 11, 3], [22, 6, 23, 5], [18, 8, 19, 7]]"
12n_0654_109,"[[18, 8, 19, 7], [16, 10, 17, 9], [11, 15, 12, 14], [13, 1, 14, 24], [4, 16, 5, 15], [8, 18, 9, 17], [2, 19, 3, 20], [6, 22, 7, 21], [23, 13, 24, 12], [20, 1, 21, 2], [10, 4, 11, 3], [22, 6, 23, 5]]"
12n_0654_110,"[[22, 6, 23, 5], [18, 8, 19, 7], [16, 10, 17, 9], [11, 15, 12, 14], [13, 1, 14, 24], [4, 16, 5, 15], [8, 18, 9, 17], [2, 19, 3, 20], [6, 22, 7, 21], [23, 13, 24, 12], [20, 1, 21, 2], [10, 4, 11, 3]]"
12n_0654_111,"[[10, 4, 11, 3], [22, 6, 23, 5], [18, 8, 19, 7], [16, 10, 17, 9], [11, 15, 12, 14], [13, 1, 14, 24], [4, 16, 5, 15], [8, 18, 9, 17], [2, 19, 3, 20], [6, 22, 7, 21], [23, 13, 24, 12], [20, 1, 21, 2]]"
12n_0654_112,"[[20, 1, 21, 2], [10, 4, 11, 3], [22, 6, 23, 5], [18, 8, 19, 7], [16, 10, 17, 9], [11, 15, 12, 14], [13, 1, 14, 24], [4, 16, 5, 15], [8, 18, 9, 17], [2, 19, 3, 20], [6, 22, 7, 21], [23, 13, 24, 12]]"
12n_0654_113,"[[23, 13, 24, 12], [20, 1, 21, 2], [10, 4, 11, 3], [22, 6, 23, 5], [18, 8, 19, 7], [16, 10, 17, 9], [11, 15, 12, 14], [13, 1, 14, 24], [4, 16, 5, 15], [8, 18, 9, 17], [2, 19, 3, 20], [6, 22, 7, 21]]"
12n_0654_114,"[[6, 22, 7, 21], [23, 13, 24, 12], [20, 1, 21, 2], [10, 4, 11, 3], [22, 6, 23, 5], [18, 8, 19, 7], [16, 10, 17, 9], [11, 15, 12, 14], [13, 1, 14, 24], [4, 16, 5, 15], [8, 18, 9, 17], [2, 19, 3, 20]]"
12n_0654_115,"[[2, 19, 3, 20], [6, 22, 7, 21], [23, 13, 24, 12], [20, 1, 21, 2], [10, 4, 11, 3], [22, 6, 23, 5], [18, 8, 19, 7], [16, 10, 17, 9], [11, 15, 12, 14], [13, 1, 14, 24], [4, 16, 5, 15], [8, 18, 9, 17]]"
12n_0654_116,"[[8, 18, 9, 17], [2, 19, 3, 20], [6, 22, 7, 21], [23, 13, 24, 12], [20, 1, 21, 2], [10, 4, 11, 3], [22, 6, 23, 5], [18, 8, 19, 7], [16, 10, 17, 9], [11, 15, 12, 14], [13, 1, 14, 24], [4, 16, 5, 15]]"
12n_0654_117,"[[4, 16, 5, 15], [8, 18, 9, 17], [2, 19, 3, 20], [6, 22, 7, 21], [23, 13, 24, 12], [20, 1, 21, 2], [10, 4, 11, 3], [22, 6, 23, 5], [18, 8, 19, 7], [16, 10, 17, 9], [11, 15, 12, 14], [13, 1, 14, 24]]"
12n_0654_118,"[[13, 1, 14, 24], [4, 16, 5, 15], [8, 18, 9, 17], [2, 19, 3, 20], [6, 22, 7, 21], [23, 13, 24, 12], [20, 1, 21, 2], [10, 4, 11, 3], [22, 6, 23, 5], [18, 8, 19, 7], [16, 10, 17, 9], [11, 15, 12, 14]]"
12n_0654_119,"[[11, 15, 12, 14], [13, 1, 14, 24], [4, 16, 5, 15], [8, 18, 9, 17], [2, 19, 3, 20], [6, 22, 7, 21], [23, 13, 24, 12], [20, 1, 21, 2], [10, 4, 11, 3], [22, 6, 23, 5], [18, 8, 19, 7], [16, 10, 17, 9]]"
12n_0654_120,"[[17, 11, 18, 10], [12, 16, 13, 15], [14, 2, 15, 1], [5, 17, 6, 16], [9, 19, 10, 18], [3, 20, 4, 21], [7, 23, 8, 22], [24, 14, 1, 13], [21, 2, 22, 3], [11, 5, 12, 4], [23, 7, 24, 6], [19, 9, 20, 8]]"
12n_0654_121,"[[19, 9, 20, 8], [17, 11, 18, 10], [12, 16, 13, 15], [14, 2, 15, 1], [5, 17, 6, 16], [9, 19, 10, 18], [3, 20, 4, 21], [7, 23, 8, 22], [24, 14, 1, 13], [21, 2, 22, 3], [11, 5, 12, 4], [23, 7, 24, 6]]"
12n_0654_122,"[[23, 7, 24, 6], [19, 9, 20, 8], [17, 11, 18, 10], [12, 16, 13, 15], [14, 2, 15, 1], [5, 17, 6, 16], [9, 19, 10, 18], [3, 20, 4, 21], [7, 23, 8, 22], [24, 14, 1, 13], [21, 2, 22, 3], [11, 5, 12, 4]]"
12n_0654_123,"[[11, 5, 12, 4], [23, 7, 24, 6], [19, 9, 20, 8], [17, 11, 18, 10], [12, 16, 13, 15], [14, 2, 15, 1], [5, 17, 6, 16], [9, 19, 10, 18], [3, 20, 4, 21], [7, 23, 8, 22], [24, 14, 1, 13], [21, 2, 22, 3]]"
12n_0654_124,"[[21, 2, 22, 3], [11, 5, 12, 4], [23, 7, 24, 6], [19, 9, 20, 8], [17, 11, 18, 10], [12, 16, 13, 15], [14, 2, 15, 1], [5, 17, 6, 16], [9, 19, 10, 18], [3, 20, 4, 21], [7, 23, 8, 22], [24, 14, 1, 13]]"
12n_0654_125,"[[24, 14, 1, 13], [21, 2, 22, 3], [11, 5, 12, 4], [23, 7, 24, 6], [19, 9, 20, 8], [17, 11, 18, 10], [12, 16, 13, 15], [14, 2, 15, 1], [5, 17, 6, 16], [9, 19, 10, 18], [3, 20, 4, 21], [7, 23, 8, 22]]"
12n_0654_126,"[[7, 23, 8, 22], [24, 14, 1, 13], [21, 2, 22, 3], [11, 5, 12, 4], [23, 7, 24, 6], [19, 9, 20, 8], [17, 11, 18, 10], [12, 16, 13, 15], [14, 2, 15, 1], [5, 17, 6, 16], [9, 19, 10, 18], [3, 20, 4, 21]]"
12n_0654_127,"[[3, 20, 4, 21], [7, 23, 8, 22], [24, 14, 1, 13], [21, 2, 22, 3], [11, 5, 12, 4], [23, 7, 24, 6], [19, 9, 20, 8], [17, 11, 18, 10], [12, 16, 13, 15], [14, 2, 15, 1], [5, 17, 6, 16], [9, 19, 10, 18]]"
12n_0654_128,"[[9, 19, 10, 18], [3, 20, 4, 21], [7, 23, 8, 22], [24, 14, 1, 13], [21, 2, 22, 3], [11, 5, 12, 4], [23, 7, 24, 6], [19, 9, 20, 8], [17, 11, 18, 10], [12, 16, 13, 15], [14, 2, 15, 1], [5, 17, 6, 16]]"
12n_0654_129,"[[5, 17, 6, 16], [9, 19, 10, 18], [3, 20, 4, 21], [7, 23, 8, 22], [24, 14, 1, 13], [21, 2, 22, 3], [11, 5, 12, 4], [23, 7, 24, 6], [19, 9, 20, 8], [17, 11, 18, 10], [12, 16, 13, 15], [14, 2, 15, 1]]"
12n_0654_130,"[[14, 2, 15, 1], [5, 17, 6, 16], [9, 19, 10, 18], [3, 20, 4, 21], [7, 23, 8, 22], [24, 14, 1, 13], [21, 2, 22, 3], [11, 5, 12, 4], [23, 7, 24, 6], [19, 9, 20, 8], [17, 11, 18, 10], [12, 16, 13, 15]]"
12n_0654_131,"[[12, 16, 13, 15], [14, 2, 15, 1], [5, 17, 6, 16], [9, 19, 10, 18], [3, 20, 4, 21], [7, 23, 8, 22], [24, 14, 1, 13], [21, 2, 22, 3], [11, 5, 12, 4], [23, 7, 24, 6], [19, 9, 20, 8], [17, 11, 18, 10]]"
12n_0654_132,"[[18, 12, 19, 11], [13, 17, 14, 16], [15, 3, 16, 2], [6, 18, 7, 17], [10, 20, 11, 19], [4, 21, 5, 22], [8, 24, 9, 23], [1, 15, 2, 14], [22, 3, 23, 4], [12, 6, 13, 5], [24, 8, 1, 7], [20, 10, 21, 9]]"
12n_0654_133,"[[20, 10, 21, 9], [18, 12, 19, 11], [13, 17, 14, 16], [15, 3, 16, 2], [6, 18, 7, 17], [10, 20, 11, 19], [4, 21, 5, 22], [8, 24, 9, 23], [1, 15, 2, 14], [22, 3, 23, 4], [12, 6, 13, 5], [24, 8, 1, 7]]"
12n_0654_134,"[[24, 8, 1, 7], [20, 10, 21, 9], [18, 12, 19, 11], [13, 17, 14, 16], [15, 3, 16, 2], [6, 18, 7, 17], [10, 20, 11, 19], [4, 21, 5, 22], [8, 24, 9, 23], [1, 15, 2, 14], [22, 3, 23, 4], [12, 6, 13, 5]]"
12n_0654_135,"[[12, 6, 13, 5], [24, 8, 1, 7], [20, 10, 21, 9], [18, 12, 19, 11], [13, 17, 14, 16], [15, 3, 16, 2], [6, 18, 7, 17], [10, 20, 11, 19], [4, 21, 5, 22], [8, 24, 9, 23], [1, 15, 2, 14], [22, 3, 23, 4]]"
12n_0654_136,"[[22, 3, 23, 4], [12, 6, 13, 5], [24, 8, 1, 7], [20, 10, 21, 9], [18, 12, 19, 11], [13, 17, 14, 16], [15, 3, 16, 2], [6, 18, 7, 17], [10, 20, 11, 19], [4, 21, 5, 22], [8, 24, 9, 23], [1, 15, 2, 14]]"
12n_0654_137,"[[1, 15, 2, 14], [22, 3, 23, 4], [12, 6, 13, 5], [24, 8, 1, 7], [20, 10, 21, 9], [18, 12, 19, 11], [13, 17, 14, 16], [15, 3, 16, 2], [6, 18, 7, 17], [10, 20, 11, 19], [4, 21, 5, 22], [8, 24, 9, 23]]"
12n_0654_138,"[[8, 24, 9, 23], [1, 15, 2, 14], [22, 3, 23, 4], [12, 6, 13, 5], [24, 8, 1, 7], [20, 10, 21, 9], [18, 12, 19, 11], [13, 17, 14, 16], [15, 3, 16, 2], [6, 18, 7, 17], [10, 20, 11, 19], [4, 21, 5, 22]]"
12n_0654_139,"[[4, 21, 5, 22], [8, 24, 9, 23], [1, 15, 2, 14], [22, 3, 23, 4], [12, 6, 13, 5], [24, 8, 1, 7], [20, 10, 21, 9], [18, 12, 19, 11], [13, 17, 14, 16], [15, 3, 16, 2], [6, 18, 7, 17], [10, 20, 11, 19]]"
12n_0654_140,"[[10, 20, 11, 19], [4, 21, 5, 22], [8, 24, 9, 23], [1, 15, 2, 14], [22, 3, 23, 4], [12, 6, 13, 5], [24, 8, 1, 7], [20, 10, 21, 9], [18, 12, 19, 11], [13, 17, 14, 16], [15, 3, 16, 2], [6, 18, 7, 17]]"
12n_0654_141,"[[6, 18, 7, 17], [10, 20, 11, 19], [4, 21, 5, 22], [8, 24, 9, 23], [1, 15, 2, 14], [22, 3, 23, 4], [12, 6, 13, 5], [24, 8, 1, 7], [20, 10, 21, 9], [18, 12, 19, 11], [13, 17, 14, 16], [15, 3, 16, 2]]"
12n_0654_142,"[[15, 3, 16, 2], [6, 18, 7, 17], [10, 20, 11, 19], [4, 21, 5, 22], [8, 24, 9, 23], [1, 15, 2, 14], [22, 3, 23, 4], [12, 6, 13, 5], [24, 8, 1, 7], [20, 10, 21, 9], [18, 12, 19, 11], [13, 17, 14, 16]]"
12n_0654_143,"[[13, 17, 14, 16], [15, 3, 16, 2], [6, 18, 7, 17], [10, 20, 11, 19], [4, 21, 5, 22], [8, 24, 9, 23], [1, 15, 2, 14], [22, 3, 23, 4], [12, 6, 13, 5], [24, 8, 1, 7], [20, 10, 21, 9], [18, 12, 19, 11]]"
12n_0654_144,"[[19, 13, 20, 12], [14, 18, 15, 17], [16, 4, 17, 3], [7, 19, 8, 18], [11, 21, 12, 20], [5, 22, 6, 23], [9, 1, 10, 24], [2, 16, 3, 15], [23, 4, 24, 5], [13, 7, 14, 6], [1, 9, 2, 8], [21, 11, 22, 10]]"
12n_0654_145,"[[21, 11, 22, 10], [19, 13, 20, 12], [14, 18, 15, 17], [16, 4, 17, 3], [7, 19, 8, 18], [11, 21, 12, 20], [5, 22, 6, 23], [9, 1, 10, 24], [2, 16, 3, 15], [23, 4, 24, 5], [13, 7, 14, 6], [1, 9, 2, 8]]"
12n_0654_146,"[[1, 9, 2, 8], [21, 11, 22, 10], [19, 13, 20, 12], [14, 18, 15, 17], [16, 4, 17, 3], [7, 19, 8, 18], [11, 21, 12, 20], [5, 22, 6, 23], [9, 1, 10, 24], [2, 16, 3, 15], [23, 4, 24, 5], [13, 7, 14, 6]]"
12n_0654_147,"[[13, 7, 14, 6], [1, 9, 2, 8], [21, 11, 22, 10], [19, 13, 20, 12], [14, 18, 15, 17], [16, 4, 17, 3], [7, 19, 8, 18], [11, 21, 12, 20], [5, 22, 6, 23], [9, 1, 10, 24], [2, 16, 3, 15], [23, 4, 24, 5]]"
12n_0654_148,"[[23, 4, 24, 5], [13, 7, 14, 6], [1, 9, 2, 8], [21, 11, 22, 10], [19, 13, 20, 12], [14, 18, 15, 17], [16, 4, 17, 3], [7, 19, 8, 18], [11, 21, 12, 20], [5, 22, 6, 23], [9, 1, 10, 24], [2, 16, 3, 15]]"
12n_0654_149,"[[2, 16, 3, 15], [23, 4, 24, 5], [13, 7, 14, 6], [1, 9, 2, 8], [21, 11, 22, 10], [19, 13, 20, 12], [14, 18, 15, 17], [16, 4, 17, 3], [7, 19, 8, 18], [11, 21, 12, 20], [5, 22, 6, 23], [9, 1, 10, 24]]"
12n_0654_150,"[[9, 1, 10, 24], [2, 16, 3, 15], [23, 4, 24, 5], [13, 7, 14, 6], [1, 9, 2, 8], [21, 11, 22, 10], [19, 13, 20, 12], [14, 18, 15, 17], [16, 4, 17, 3], [7, 19, 8, 18], [11, 21, 12, 20], [5, 22, 6, 23]]"
12n_0654_151,"[[5, 22, 6, 23], [9, 1, 10, 24], [2, 16, 3, 15], [23, 4, 24, 5], [13, 7, 14, 6], [1, 9, 2, 8], [21, 11, 22, 10], [19, 13, 20, 12], [14, 18, 15, 17], [16, 4, 17, 3], [7, 19, 8, 18], [11, 21, 12, 20]]"
12n_0654_152,"[[11, 21, 12, 20], [5, 22, 6, 23], [9, 1, 10, 24], [2, 16, 3, 15], [23, 4, 24, 5], [13, 7, 14, 6], [1, 9, 2, 8], [21, 11, 22, 10], [19, 13, 20, 12], [14, 18, 15, 17], [16, 4, 17, 3], [7, 19, 8, 18]]"
12n_0654_153,"[[7, 19, 8, 18], [11, 21, 12, 20], [5, 22, 6, 23], [9, 1, 10, 24], [2, 16, 3, 15], [23, 4, 24, 5], [13, 7, 14, 6], [1, 9, 2, 8], [21, 11, 22, 10], [19, 13, 20, 12], [14, 18, 15, 17], [16, 4, 17, 3]]"
12n_0654_154,"[[16, 4, 17, 3], [7, 19, 8, 18], [11, 21, 12, 20], [5, 22, 6, 23], [9, 1, 10, 24], [2, 16, 3, 15], [23, 4, 24, 5], [13, 7, 14, 6], [1, 9, 2, 8], [21, 11, 22, 10], [19, 13, 20, 12], [14, 18, 15, 17]]"
12n_0654_155,"[[14, 18, 15, 17], [16, 4, 17, 3], [7, 19, 8, 18], [11, 21, 12, 20], [5, 22, 6, 23], [9, 1, 10, 24], [2, 16, 3, 15], [23, 4, 24, 5], [13, 7, 14, 6], [1, 9, 2, 8], [21, 11, 22, 10], [19, 13, 20, 12]]"
12n_0654_156,"[[20, 14, 21, 13], [15, 19, 16, 18], [17, 5, 18, 4], [8, 20, 9, 19], [12, 22, 13, 21], [6, 23, 7, 24], [10, 2, 11, 1], [3, 17, 4, 16], [24, 5, 1, 6], [14, 8, 15, 7], [2, 10, 3, 9], [22, 12, 23, 11]]"
12n_0654_157,"[[22, 12, 23, 11], [20, 14, 21, 13], [15, 19, 16, 18], [17, 5, 18, 4], [8, 20, 9, 19], [12, 22, 13, 21], [6, 23, 7, 24], [10, 2, 11, 1], [3, 17, 4, 16], [24, 5, 1, 6], [14, 8, 15, 7], [2, 10, 3, 9]]"
12n_0654_158,"[[2, 10, 3, 9], [22, 12, 23, 11], [20, 14, 21, 13], [15, 19, 16, 18], [17, 5, 18, 4], [8, 20, 9, 19], [12, 22, 13, 21], [6, 23, 7, 24], [10, 2, 11, 1], [3, 17, 4, 16], [24, 5, 1, 6], [14, 8, 15, 7]]"
12n_0654_159,"[[14, 8, 15, 7], [2, 10, 3, 9], [22, 12, 23, 11], [20, 14, 21, 13], [15, 19, 16, 18], [17, 5, 18, 4], [8, 20, 9, 19], [12, 22, 13, 21], [6, 23, 7, 24], [10, 2, 11, 1], [3, 17, 4, 16], [24, 5, 1, 6]]"
12n_0654_160,"[[24, 5, 1, 6], [14, 8, 15, 7], [2, 10, 3, 9], [22, 12, 23, 11], [20, 14, 21, 13], [15, 19, 16, 18], [17, 5, 18, 4], [8, 20, 9, 19], [12, 22, 13, 21], [6, 23, 7, 24], [10, 2, 11, 1], [3, 17, 4, 16]]"
12n_0654_161,"[[3, 17, 4, 16], [24, 5, 1, 6], [14, 8, 15, 7], [2, 10, 3, 9], [22, 12, 23, 11], [20, 14, 21, 13], [15, 19, 16, 18], [17, 5, 18, 4], [8, 20, 9, 19], [12, 22, 13, 21], [6, 23, 7, 24], [10, 2, 11, 1]]"
12n_0654_162,"[[10, 2, 11, 1], [3, 17, 4, 16], [24, 5, 1, 6], [14, 8, 15, 7], [2, 10, 3, 9], [22, 12, 23, 11], [20, 14, 21, 13], [15, 19, 16, 18], [17, 5, 18, 4], [8, 20, 9, 19], [12, 22, 13, 21], [6, 23, 7, 24]]"
12n_0654_163,"[[6, 23, 7, 24], [10, 2, 11, 1], [3, 17, 4, 16], [24, 5, 1, 6], [14, 8, 15, 7], [2, 10, 3, 9], [22, 12, 23, 11], [20, 14, 21, 13], [15, 19, 16, 18], [17, 5, 18, 4], [8, 20, 9, 19], [12, 22, 13, 21]]"
12n_0654_164,"[[12, 22, 13, 21], [6, 23, 7, 24], [10, 2, 11, 1], [3, 17, 4, 16], [24, 5, 1, 6], [14, 8, 15, 7], [2, 10, 3, 9], [22, 12, 23, 11], [20, 14, 21, 13], [15, 19, 16, 18], [17, 5, 18, 4], [8, 20, 9, 19]]"
12n_0654_165,"[[8, 20, 9, 19], [12, 22, 13, 21], [6, 23, 7, 24], [10, 2, 11, 1], [3, 17, 4, 16], [24, 5, 1, 6], [14, 8, 15, 7], [2, 10, 3, 9], [22, 12, 23, 11], [20, 14, 21, 13], [15, 19, 16, 18], [17, 5, 18, 4]]"
12n_0654_166,"[[17, 5, 18, 4], [8, 20, 9, 19], [12, 22, 13, 21], [6, 23, 7, 24], [10, 2, 11, 1], [3, 17, 4, 16], [24, 5, 1, 6], [14, 8, 15, 7], [2, 10, 3, 9], [22, 12, 23, 11], [20, 14, 21, 13], [15, 19, 16, 18]]"
12n_0654_167,"[[15, 19, 16, 18], [17, 5, 18, 4], [8, 20, 9, 19], [12, 22, 13, 21], [6, 23, 7, 24], [10, 2, 11, 1], [3, 17, 4, 16], [24, 5, 1, 6], [14, 8, 15, 7], [2, 10, 3, 9], [22, 12, 23, 11], [20, 14, 21, 13]]"
12n_0654_168,"[[21, 15, 22, 14], [16, 20, 17, 19], [18, 6, 19, 5], [9, 21, 10, 20], [13, 23, 14, 22], [7, 24, 8, 1], [11, 3, 12, 2], [4, 18, 5, 17], [1, 6, 2, 7], [15, 9, 16, 8], [3, 11, 4, 10], [23, 13, 24, 12]]"
12n_0654_169,"[[23, 13, 24, 12], [21, 15, 22, 14], [16, 20, 17, 19], [18, 6, 19, 5], [9, 21, 10, 20], [13, 23, 14, 22], [7, 24, 8, 1], [11, 3, 12, 2], [4, 18, 5, 17], [1, 6, 2, 7], [15, 9, 16, 8], [3, 11, 4, 10]]"
12n_0654_170,"[[3, 11, 4, 10], [23, 13, 24, 12], [21, 15, 22, 14], [16, 20, 17, 19], [18, 6, 19, 5], [9, 21, 10, 20], [13, 23, 14, 22], [7, 24, 8, 1], [11, 3, 12, 2], [4, 18, 5, 17], [1, 6, 2, 7], [15, 9, 16, 8]]"
12n_0654_171,"[[15, 9, 16, 8], [3, 11, 4, 10], [23, 13, 24, 12], [21, 15, 22, 14], [16, 20, 17, 19], [18, 6, 19, 5], [9, 21, 10, 20], [13, 23, 14, 22], [7, 24, 8, 1], [11, 3, 12, 2], [4, 18, 5, 17], [1, 6, 2, 7]]"
12n_0654_172,"[[1, 6, 2, 7], [15, 9, 16, 8], [3, 11, 4, 10], [23, 13, 24, 12], [21, 15, 22, 14], [16, 20, 17, 19], [18, 6, 19, 5], [9, 21, 10, 20], [13, 23, 14, 22], [7, 24, 8, 1], [11, 3, 12, 2], [4, 18, 5, 17]]"
12n_0654_173,"[[4, 18, 5, 17], [1, 6, 2, 7], [15, 9, 16, 8], [3, 11, 4, 10], [23, 13, 24, 12], [21, 15, 22, 14], [16, 20, 17, 19], [18, 6, 19, 5], [9, 21, 10, 20], [13, 23, 14, 22], [7, 24, 8, 1], [11, 3, 12, 2]]"
12n_0654_174,"[[11, 3, 12, 2], [4, 18, 5, 17], [1, 6, 2, 7], [15, 9, 16, 8], [3, 11, 4, 10], [23, 13, 24, 12], [21, 15, 22, 14], [16, 20, 17, 19], [18, 6, 19, 5], [9, 21, 10, 20], [13, 23, 14, 22], [7, 24, 8, 1]]"
12n_0654_175,"[[7, 24, 8, 1], [11, 3, 12, 2], [4, 18, 5, 17], [1, 6, 2, 7], [15, 9, 16, 8], [3, 11, 4, 10], [23, 13, 24, 12], [21, 15, 22, 14], [16, 20, 17, 19], [18, 6, 19, 5], [9, 21, 10, 20], [13, 23, 14, 22]]"
12n_0654_176,"[[13, 23, 14, 22], [7, 24, 8, 1], [11, 3, 12, 2], [4, 18, 5, 17], [1, 6, 2, 7], [15, 9, 16, 8], [3, 11, 4, 10], [23, 13, 24, 12], [21, 15, 22, 14], [16, 20, 17, 19], [18, 6, 19, 5], [9, 21, 10, 20]]"
12n_0654_177,"[[9, 21, 10, 20], [13, 23, 14, 22], [7, 24, 8, 1], [11, 3, 12, 2], [4, 18, 5, 17], [1, 6, 2, 7], [15, 9, 16, 8], [3, 11, 4, 10], [23, 13, 24, 12], [21, 15, 22, 14], [16, 20, 17, 19], [18, 6, 19, 5]]"
12n_0654_178,"[[18, 6, 19, 5], [9, 21, 10, 20], [13, 23, 14, 22], [7, 24, 8, 1], [11, 3, 12, 2], [4, 18, 5, 17], [1, 6, 2, 7], [15, 9, 16, 8], [3, 11, 4, 10], [23, 13, 24, 12], [21, 15, 22, 14], [16, 20, 17, 19]]"
12n_0654_179,"[[16, 20, 17, 19], [18, 6, 19, 5], [9, 21, 10, 20], [13, 23, 14, 22], [7, 24, 8, 1], [11, 3, 12, 2], [4, 18, 5, 17], [1, 6, 2, 7], [15, 9, 16, 8], [3, 11, 4, 10], [23, 13, 24, 12], [21, 15, 22, 14]]"
12n_0654_180,"[[22, 16, 23, 15], [17, 21, 18, 20], [19, 7, 20, 6], [10, 22, 11, 21], [14, 24, 15, 23], [8, 1, 9, 2], [12, 4, 13, 3], [5, 19, 6, 18], [2, 7, 3, 8], [16, 10, 17, 9], [4, 12, 5, 11], [24, 14, 1, 13]]"
12n_0654_181,"[[24, 14, 1, 13], [22, 16, 23, 15], [17, 21, 18, 20], [19, 7, 20, 6], [10, 22, 11, 21], [14, 24, 15, 23], [8, 1, 9, 2], [12, 4, 13, 3], [5, 19, 6, 18], [2, 7, 3, 8], [16, 10, 17, 9], [4, 12, 5, 11]]"
12n_0654_182,"[[4, 12, 5, 11], [24, 14, 1, 13], [22, 16, 23, 15], [17, 21, 18, 20], [19, 7, 20, 6], [10, 22, 11, 21], [14, 24, 15, 23], [8, 1, 9, 2], [12, 4, 13, 3], [5, 19, 6, 18], [2, 7, 3, 8], [16, 10, 17, 9]]"
12n_0654_183,"[[16, 10, 17, 9], [4, 12, 5, 11], [24, 14, 1, 13], [22, 16, 23, 15], [17, 21, 18, 20], [19, 7, 20, 6], [10, 22, 11, 21], [14, 24, 15, 23], [8, 1, 9, 2], [12, 4, 13, 3], [5, 19, 6, 18], [2, 7, 3, 8]]"
12n_0654_184,"[[2, 7, 3, 8], [16, 10, 17, 9], [4, 12, 5, 11], [24, 14, 1, 13], [22, 16, 23, 15], [17, 21, 18, 20], [19, 7, 20, 6], [10, 22, 11, 21], [14, 24, 15, 23], [8, 1, 9, 2], [12, 4, 13, 3], [5, 19, 6, 18]]"
12n_0654_185,"[[5, 19, 6, 18], [2, 7, 3, 8], [16, 10, 17, 9], [4, 12, 5, 11], [24, 14, 1, 13], [22, 16, 23, 15], [17, 21, 18, 20], [19, 7, 20, 6], [10, 22, 11, 21], [14, 24, 15, 23], [8, 1, 9, 2], [12, 4, 13, 3]]"
