name,pd_notation
12n_0659_0,"[[9, 24, 10, 1], [2, 6, 3, 5], [4, 16, 5, 15], [19, 7, 20, 6], [1, 8, 2, 9], [17, 11, 18, 10], [21, 13, 22, 12], [14, 4, 15, 3], [23, 17, 24, 16], [7, 19, 8, 18], [13, 21, 14, 20], [11, 23, 12, 22]]"
12n_0659_1,"[[11, 23, 12, 22], [9, 24, 10, 1], [2, 6, 3, 5], [4, 16, 5, 15], [19, 7, 20, 6], [1, 8, 2, 9], [17, 11, 18, 10], [21, 13, 22, 12], [14, 4, 15, 3], [23, 17, 24, 16], [7, 19, 8, 18], [13, 21, 14, 20]]"
12n_0659_2,"[[13, 21, 14, 20], [11, 23, 12, 22], [9, 24, 10, 1], [2, 6, 3, 5], [4, 16, 5, 15], [19, 7, 20, 6], [1, 8, 2, 9], [17, 11, 18, 10], [21, 13, 22, 12], [14, 4, 15, 3], [23, 17, 24, 16], [7, 19, 8, 18]]"
12n_0659_3,"[[7, 19, 8, 18], [13, 21, 14, 20], [11, 23, 12, 22], [9, 24, 10, 1], [2, 6, 3, 5], [4, 16, 5, 15], [19, 7, 20, 6], [1, 8, 2, 9], [17, 11, 18, 10], [21, 13, 22, 12], [14, 4, 15, 3], [23, 17, 24, 16]]"
12n_0659_4,"[[23, 17, 24, 16], [7, 19, 8, 18], [13, 21, 14, 20], [11, 23, 12, 22], [9, 24, 10, 1], [2, 6, 3, 5], [4, 16, 5, 15], [19, 7, 20, 6], [1, 8, 2, 9], [17, 11, 18, 10], [21, 13, 22, 12], [14, 4, 15, 3]]"
12n_0659_5,"[[14, 4, 15, 3], [23, 17, 24, 16], [7, 19, 8, 18], [13, 21, 14, 20], [11, 23, 12, 22], [9, 24, 10, 1], [2, 6, 3, 5], [4, 16, 5, 15], [19, 7, 20, 6], [1, 8, 2, 9], [17, 11, 18, 10], [21, 13, 22, 12]]"
12n_0659_6,"[[21, 13, 22, 12], [14, 4, 15, 3], [23, 17, 24, 16], [7, 19, 8, 18], [13, 21, 14, 20], [11, 23, 12, 22], [9, 24, 10, 1], [2, 6, 3, 5], [4, 16, 5, 15], [19, 7, 20, 6], [1, 8, 2, 9], [17, 11, 18, 10]]"
12n_0659_7,"[[17, 11, 18, 10], [21, 13, 22, 12], [14, 4, 15, 3], [23, 17, 24, 16], [7, 19, 8, 18], [13, 21, 14, 20], [11, 23, 12, 22], [9, 24, 10, 1], [2, 6, 3, 5], [4, 16, 5, 15], [19, 7, 20, 6], [1, 8, 2, 9]]"
12n_0659_8,"[[1, 8, 2, 9], [17, 11, 18, 10], [21, 13, 22, 12], [14, 4, 15, 3], [23, 17, 24, 16], [7, 19, 8, 18], [13, 21, 14, 20], [11, 23, 12, 22], [9, 24, 10, 1], [2, 6, 3, 5], [4, 16, 5, 15], [19, 7, 20, 6]]"
12n_0659_9,"[[19, 7, 20, 6], [1, 8, 2, 9], [17, 11, 18, 10], [21, 13, 22, 12], [14, 4, 15, 3], [23, 17, 24, 16], [7, 19, 8, 18], [13, 21, 14, 20], [11, 23, 12, 22], [9, 24, 10, 1], [2, 6, 3, 5], [4, 16, 5, 15]]"
12n_0659_10,"[[4, 16, 5, 15], [19, 7, 20, 6], [1, 8, 2, 9], [17, 11, 18, 10], [21, 13, 22, 12], [14, 4, 15, 3], [23, 17, 24, 16], [7, 19, 8, 18], [13, 21, 14, 20], [11, 23, 12, 22], [9, 24, 10, 1], [2, 6, 3, 5]]"
12n_0659_11,"[[2, 6, 3, 5], [4, 16, 5, 15], [19, 7, 20, 6], [1, 8, 2, 9], [17, 11, 18, 10], [21, 13, 22, 12], [14, 4, 15, 3], [23, 17, 24, 16], [7, 19, 8, 18], [13, 21, 14, 20], [11, 23, 12, 22], [9, 24, 10, 1]]"
12n_0659_12,"[[10, 1, 11, 2], [3, 7, 4, 6], [5, 17, 6, 16], [20, 8, 21, 7], [2, 9, 3, 10], [18, 12, 19, 11], [22, 14, 23, 13], [15, 5, 16, 4], [24, 18, 1, 17], [8, 20, 9, 19], [14, 22, 15, 21], [12, 24, 13, 23]]"
12n_0659_13,"[[12, 24, 13, 23], [10, 1, 11, 2], [3, 7, 4, 6], [5, 17, 6, 16], [20, 8, 21, 7], [2, 9, 3, 10], [18, 12, 19, 11], [22, 14, 23, 13], [15, 5, 16, 4], [24, 18, 1, 17], [8, 20, 9, 19], [14, 22, 15, 21]]"
12n_0659_14,"[[14, 22, 15, 21], [12, 24, 13, 23], [10, 1, 11, 2], [3, 7, 4, 6], [5, 17, 6, 16], [20, 8, 21, 7], [2, 9, 3, 10], [18, 12, 19, 11], [22, 14, 23, 13], [15, 5, 16, 4], [24, 18, 1, 17], [8, 20, 9, 19]]"
12n_0659_15,"[[8, 20, 9, 19], [14, 22, 15, 21], [12, 24, 13, 23], [10, 1, 11, 2], [3, 7, 4, 6], [5, 17, 6, 16], [20, 8, 21, 7], [2, 9, 3, 10], [18, 12, 19, 11], [22, 14, 23, 13], [15, 5, 16, 4], [24, 18, 1, 17]]"
12n_0659_16,"[[24, 18, 1, 17], [8, 20, 9, 19], [14, 22, 15, 21], [12, 24, 13, 23], [10, 1, 11, 2], [3, 7, 4, 6], [5, 17, 6, 16], [20, 8, 21, 7], [2, 9, 3, 10], [18, 12, 19, 11], [22, 14, 23, 13], [15, 5, 16, 4]]"
12n_0659_17,"[[15, 5, 16, 4], [24, 18, 1, 17], [8, 20, 9, 19], [14, 22, 15, 21], [12, 24, 13, 23], [10, 1, 11, 2], [3, 7, 4, 6], [5, 17, 6, 16], [20, 8, 21, 7], [2, 9, 3, 10], [18, 12, 19, 11], [22, 14, 23, 13]]"
12n_0659_18,"[[22, 14, 23, 13], [15, 5, 16, 4], [24, 18, 1, 17], [8, 20, 9, 19], [14, 22, 15, 21], [12, 24, 13, 23], [10, 1, 11, 2], [3, 7, 4, 6], [5, 17, 6, 16], [20, 8, 21, 7], [2, 9, 3, 10], [18, 12, 19, 11]]"
12n_0659_19,"[[18, 12, 19, 11], [22, 14, 23, 13], [15, 5, 16, 4], [24, 18, 1, 17], [8, 20, 9, 19], [14, 22, 15, 21], [12, 24, 13, 23], [10, 1, 11, 2], [3, 7, 4, 6], [5, 17, 6, 16], [20, 8, 21, 7], [2, 9, 3, 10]]"
12n_0659_20,"[[2, 9, 3, 10], [18, 12, 19, 11], [22, 14, 23, 13], [15, 5, 16, 4], [24, 18, 1, 17], [8, 20, 9, 19], [14, 22, 15, 21], [12, 24, 13, 23], [10, 1, 11, 2], [3, 7, 4, 6], [5, 17, 6, 16], [20, 8, 21, 7]]"
12n_0659_21,"[[20, 8, 21, 7], [2, 9, 3, 10], [18, 12, 19, 11], [22, 14, 23, 13], [15, 5, 16, 4], [24, 18, 1, 17], [8, 20, 9, 19], [14, 22, 15, 21], [12, 24, 13, 23], [10, 1, 11, 2], [3, 7, 4, 6], [5, 17, 6, 16]]"
12n_0659_22,"[[5, 17, 6, 16], [20, 8, 21, 7], [2, 9, 3, 10], [18, 12, 19, 11], [22, 14, 23, 13], [15, 5, 16, 4], [24, 18, 1, 17], [8, 20, 9, 19], [14, 22, 15, 21], [12, 24, 13, 23], [10, 1, 11, 2], [3, 7, 4, 6]]"
12n_0659_23,"[[3, 7, 4, 6], [5, 17, 6, 16], [20, 8, 21, 7], [2, 9, 3, 10], [18, 12, 19, 11], [22, 14, 23, 13], [15, 5, 16, 4], [24, 18, 1, 17], [8, 20, 9, 19], [14, 22, 15, 21], [12, 24, 13, 23], [10, 1, 11, 2]]"
12n_0659_24,"[[11, 2, 12, 3], [4, 8, 5, 7], [6, 18, 7, 17], [21, 9, 22, 8], [3, 10, 4, 11], [19, 13, 20, 12], [23, 15, 24, 14], [16, 6, 17, 5], [1, 19, 2, 18], [9, 21, 10, 20], [15, 23, 16, 22], [13, 1, 14, 24]]"
12n_0659_25,"[[13, 1, 14, 24], [11, 2, 12, 3], [4, 8, 5, 7], [6, 18, 7, 17], [21, 9, 22, 8], [3, 10, 4, 11], [19, 13, 20, 12], [23, 15, 24, 14], [16, 6, 17, 5], [1, 19, 2, 18], [9, 21, 10, 20], [15, 23, 16, 22]]"
12n_0659_26,"[[15, 23, 16, 22], [13, 1, 14, 24], [11, 2, 12, 3], [4, 8, 5, 7], [6, 18, 7, 17], [21, 9, 22, 8], [3, 10, 4, 11], [19, 13, 20, 12], [23, 15, 24, 14], [16, 6, 17, 5], [1, 19, 2, 18], [9, 21, 10, 20]]"
12n_0659_27,"[[9, 21, 10, 20], [15, 23, 16, 22], [13, 1, 14, 24], [11, 2, 12, 3], [4, 8, 5, 7], [6, 18, 7, 17], [21, 9, 22, 8], [3, 10, 4, 11], [19, 13, 20, 12], [23, 15, 24, 14], [16, 6, 17, 5], [1, 19, 2, 18]]"
12n_0659_28,"[[1, 19, 2, 18], [9, 21, 10, 20], [15, 23, 16, 22], [13, 1, 14, 24], [11, 2, 12, 3], [4, 8, 5, 7], [6, 18, 7, 17], [21, 9, 22, 8], [3, 10, 4, 11], [19, 13, 20, 12], [23, 15, 24, 14], [16, 6, 17, 5]]"
12n_0659_29,"[[16, 6, 17, 5], [1, 19, 2, 18], [9, 21, 10, 20], [15, 23, 16, 22], [13, 1, 14, 24], [11, 2, 12, 3], [4, 8, 5, 7], [6, 18, 7, 17], [21, 9, 22, 8], [3, 10, 4, 11], [19, 13, 20, 12], [23, 15, 24, 14]]"
12n_0659_30,"[[23, 15, 24, 14], [16, 6, 17, 5], [1, 19, 2, 18], [9, 21, 10, 20], [15, 23, 16, 22], [13, 1, 14, 24], [11, 2, 12, 3], [4, 8, 5, 7], [6, 18, 7, 17], [21, 9, 22, 8], [3, 10, 4, 11], [19, 13, 20, 12]]"
12n_0659_31,"[[19, 13, 20, 12], [23, 15, 24, 14], [16, 6, 17, 5], [1, 19, 2, 18], [9, 21, 10, 20], [15, 23, 16, 22], [13, 1, 14, 24], [11, 2, 12, 3], [4, 8, 5, 7], [6, 18, 7, 17], [21, 9, 22, 8], [3, 10, 4, 11]]"
12n_0659_32,"[[3, 10, 4, 11], [19, 13, 20, 12], [23, 15, 24, 14], [16, 6, 17, 5], [1, 19, 2, 18], [9, 21, 10, 20], [15, 23, 16, 22], [13, 1, 14, 24], [11, 2, 12, 3], [4, 8, 5, 7], [6, 18, 7, 17], [21, 9, 22, 8]]"
12n_0659_33,"[[21, 9, 22, 8], [3, 10, 4, 11], [19, 13, 20, 12], [23, 15, 24, 14], [16, 6, 17, 5], [1, 19, 2, 18], [9, 21, 10, 20], [15, 23, 16, 22], [13, 1, 14, 24], [11, 2, 12, 3], [4, 8, 5, 7], [6, 18, 7, 17]]"
12n_0659_34,"[[6, 18, 7, 17], [21, 9, 22, 8], [3, 10, 4, 11], [19, 13, 20, 12], [23, 15, 24, 14], [16, 6, 17, 5], [1, 19, 2, 18], [9, 21, 10, 20], [15, 23, 16, 22], [13, 1, 14, 24], [11, 2, 12, 3], [4, 8, 5, 7]]"
12n_0659_35,"[[4, 8, 5, 7], [6, 18, 7, 17], [21, 9, 22, 8], [3, 10, 4, 11], [19, 13, 20, 12], [23, 15, 24, 14], [16, 6, 17, 5], [1, 19, 2, 18], [9, 21, 10, 20], [15, 23, 16, 22], [13, 1, 14, 24], [11, 2, 12, 3]]"
12n_0659_36,"[[12, 3, 13, 4], [5, 9, 6, 8], [7, 19, 8, 18], [22, 10, 23, 9], [4, 11, 5, 12], [20, 14, 21, 13], [24, 16, 1, 15], [17, 7, 18, 6], [2, 20, 3, 19], [10, 22, 11, 21], [16, 24, 17, 23], [14, 2, 15, 1]]"
12n_0659_37,"[[14, 2, 15, 1], [12, 3, 13, 4], [5, 9, 6, 8], [7, 19, 8, 18], [22, 10, 23, 9], [4, 11, 5, 12], [20, 14, 21, 13], [24, 16, 1, 15], [17, 7, 18, 6], [2, 20, 3, 19], [10, 22, 11, 21], [16, 24, 17, 23]]"
12n_0659_38,"[[16, 24, 17, 23], [14, 2, 15, 1], [12, 3, 13, 4], [5, 9, 6, 8], [7, 19, 8, 18], [22, 10, 23, 9], [4, 11, 5, 12], [20, 14, 21, 13], [24, 16, 1, 15], [17, 7, 18, 6], [2, 20, 3, 19], [10, 22, 11, 21]]"
12n_0659_39,"[[10, 22, 11, 21], [16, 24, 17, 23], [14, 2, 15, 1], [12, 3, 13, 4], [5, 9, 6, 8], [7, 19, 8, 18], [22, 10, 23, 9], [4, 11, 5, 12], [20, 14, 21, 13], [24, 16, 1, 15], [17, 7, 18, 6], [2, 20, 3, 19]]"
12n_0659_40,"[[2, 20, 3, 19], [10, 22, 11, 21], [16, 24, 17, 23], [14, 2, 15, 1], [12, 3, 13, 4], [5, 9, 6, 8], [7, 19, 8, 18], [22, 10, 23, 9], [4, 11, 5, 12], [20, 14, 21, 13], [24, 16, 1, 15], [17, 7, 18, 6]]"
12n_0659_41,"[[17, 7, 18, 6], [2, 20, 3, 19], [10, 22, 11, 21], [16, 24, 17, 23], [14, 2, 15, 1], [12, 3, 13, 4], [5, 9, 6, 8], [7, 19, 8, 18], [22, 10, 23, 9], [4, 11, 5, 12], [20, 14, 21, 13], [24, 16, 1, 15]]"
12n_0659_42,"[[24, 16, 1, 15], [17, 7, 18, 6], [2, 20, 3, 19], [10, 22, 11, 21], [16, 24, 17, 23], [14, 2, 15, 1], [12, 3, 13, 4], [5, 9, 6, 8], [7, 19, 8, 18], [22, 10, 23, 9], [4, 11, 5, 12], [20, 14, 21, 13]]"
12n_0659_43,"[[20, 14, 21, 13], [24, 16, 1, 15], [17, 7, 18, 6], [2, 20, 3, 19], [10, 22, 11, 21], [16, 24, 17, 23], [14, 2, 15, 1], [12, 3, 13, 4], [5, 9, 6, 8], [7, 19, 8, 18], [22, 10, 23, 9], [4, 11, 5, 12]]"
12n_0659_44,"[[4, 11, 5, 12], [20, 14, 21, 13], [24, 16, 1, 15], [17, 7, 18, 6], [2, 20, 3, 19], [10, 22, 11, 21], [16, 24, 17, 23], [14, 2, 15, 1], [12, 3, 13, 4], [5, 9, 6, 8], [7, 19, 8, 18], [22, 10, 23, 9]]"
12n_0659_45,"[[22, 10, 23, 9], [4, 11, 5, 12], [20, 14, 21, 13], [24, 16, 1, 15], [17, 7, 18, 6], [2, 20, 3, 19], [10, 22, 11, 21], [16, 24, 17, 23], [14, 2, 15, 1], [12, 3, 13, 4], [5, 9, 6, 8], [7, 19, 8, 18]]"
12n_0659_46,"[[7, 19, 8, 18], [22, 10, 23, 9], [4, 11, 5, 12], [20, 14, 21, 13], [24, 16, 1, 15], [17, 7, 18, 6], [2, 20, 3, 19], [10, 22, 11, 21], [16, 24, 17, 23], [14, 2, 15, 1], [12, 3, 13, 4], [5, 9, 6, 8]]"
12n_0659_47,"[[5, 9, 6, 8], [7, 19, 8, 18], [22, 10, 23, 9], [4, 11, 5, 12], [20, 14, 21, 13], [24, 16, 1, 15], [17, 7, 18, 6], [2, 20, 3, 19], [10, 22, 11, 21], [16, 24, 17, 23], [14, 2, 15, 1], [12, 3, 13, 4]]"
12n_0659_48,"[[13, 4, 14, 5], [6, 10, 7, 9], [8, 20, 9, 19], [23, 11, 24, 10], [5, 12, 6, 13], [21, 15, 22, 14], [1, 17, 2, 16], [18, 8, 19, 7], [3, 21, 4, 20], [11, 23, 12, 22], [17, 1, 18, 24], [15, 3, 16, 2]]"
12n_0659_49,"[[15, 3, 16, 2], [13, 4, 14, 5], [6, 10, 7, 9], [8, 20, 9, 19], [23, 11, 24, 10], [5, 12, 6, 13], [21, 15, 22, 14], [1, 17, 2, 16], [18, 8, 19, 7], [3, 21, 4, 20], [11, 23, 12, 22], [17, 1, 18, 24]]"
12n_0659_50,"[[17, 1, 18, 24], [15, 3, 16, 2], [13, 4, 14, 5], [6, 10, 7, 9], [8, 20, 9, 19], [23, 11, 24, 10], [5, 12, 6, 13], [21, 15, 22, 14], [1, 17, 2, 16], [18, 8, 19, 7], [3, 21, 4, 20], [11, 23, 12, 22]]"
12n_0659_51,"[[11, 23, 12, 22], [17, 1, 18, 24], [15, 3, 16, 2], [13, 4, 14, 5], [6, 10, 7, 9], [8, 20, 9, 19], [23, 11, 24, 10], [5, 12, 6, 13], [21, 15, 22, 14], [1, 17, 2, 16], [18, 8, 19, 7], [3, 21, 4, 20]]"
12n_0659_52,"[[3, 21, 4, 20], [11, 23, 12, 22], [17, 1, 18, 24], [15, 3, 16, 2], [13, 4, 14, 5], [6, 10, 7, 9], [8, 20, 9, 19], [23, 11, 24, 10], [5, 12, 6, 13], [21, 15, 22, 14], [1, 17, 2, 16], [18, 8, 19, 7]]"
12n_0659_53,"[[18, 8, 19, 7], [3, 21, 4, 20], [11, 23, 12, 22], [17, 1, 18, 24], [15, 3, 16, 2], [13, 4, 14, 5], [6, 10, 7, 9], [8, 20, 9, 19], [23, 11, 24, 10], [5, 12, 6, 13], [21, 15, 22, 14], [1, 17, 2, 16]]"
12n_0659_54,"[[1, 17, 2, 16], [18, 8, 19, 7], [3, 21, 4, 20], [11, 23, 12, 22], [17, 1, 18, 24], [15, 3, 16, 2], [13, 4, 14, 5], [6, 10, 7, 9], [8, 20, 9, 19], [23, 11, 24, 10], [5, 12, 6, 13], [21, 15, 22, 14]]"
12n_0659_55,"[[21, 15, 22, 14], [1, 17, 2, 16], [18, 8, 19, 7], [3, 21, 4, 20], [11, 23, 12, 22], [17, 1, 18, 24], [15, 3, 16, 2], [13, 4, 14, 5], [6, 10, 7, 9], [8, 20, 9, 19], [23, 11, 24, 10], [5, 12, 6, 13]]"
12n_0659_56,"[[5, 12, 6, 13], [21, 15, 22, 14], [1, 17, 2, 16], [18, 8, 19, 7], [3, 21, 4, 20], [11, 23, 12, 22], [17, 1, 18, 24], [15, 3, 16, 2], [13, 4, 14, 5], [6, 10, 7, 9], [8, 20, 9, 19], [23, 11, 24, 10]]"
12n_0659_57,"[[23, 11, 24, 10], [5, 12, 6, 13], [21, 15, 22, 14], [1, 17, 2, 16], [18, 8, 19, 7], [3, 21, 4, 20], [11, 23, 12, 22], [17, 1, 18, 24], [15, 3, 16, 2], [13, 4, 14, 5], [6, 10, 7, 9], [8, 20, 9, 19]]"
12n_0659_58,"[[8, 20, 9, 19], [23, 11, 24, 10], [5, 12, 6, 13], [21, 15, 22, 14], [1, 17, 2, 16], [18, 8, 19, 7], [3, 21, 4, 20], [11, 23, 12, 22], [17, 1, 18, 24], [15, 3, 16, 2], [13, 4, 14, 5], [6, 10, 7, 9]]"
12n_0659_59,"[[6, 10, 7, 9], [8, 20, 9, 19], [23, 11, 24, 10], [5, 12, 6, 13], [21, 15, 22, 14], [1, 17, 2, 16], [18, 8, 19, 7], [3, 21, 4, 20], [11, 23, 12, 22], [17, 1, 18, 24], [15, 3, 16, 2], [13, 4, 14, 5]]"
12n_0659_60,"[[14, 5, 15, 6], [7, 11, 8, 10], [9, 21, 10, 20], [24, 12, 1, 11], [6, 13, 7, 14], [22, 16, 23, 15], [2, 18, 3, 17], [19, 9, 20, 8], [4, 22, 5, 21], [12, 24, 13, 23], [18, 2, 19, 1], [16, 4, 17, 3]]"
12n_0659_61,"[[16, 4, 17, 3], [14, 5, 15, 6], [7, 11, 8, 10], [9, 21, 10, 20], [24, 12, 1, 11], [6, 13, 7, 14], [22, 16, 23, 15], [2, 18, 3, 17], [19, 9, 20, 8], [4, 22, 5, 21], [12, 24, 13, 23], [18, 2, 19, 1]]"
12n_0659_62,"[[18, 2, 19, 1], [16, 4, 17, 3], [14, 5, 15, 6], [7, 11, 8, 10], [9, 21, 10, 20], [24, 12, 1, 11], [6, 13, 7, 14], [22, 16, 23, 15], [2, 18, 3, 17], [19, 9, 20, 8], [4, 22, 5, 21], [12, 24, 13, 23]]"
12n_0659_63,"[[12, 24, 13, 23], [18, 2, 19, 1], [16, 4, 17, 3], [14, 5, 15, 6], [7, 11, 8, 10], [9, 21, 10, 20], [24, 12, 1, 11], [6, 13, 7, 14], [22, 16, 23, 15], [2, 18, 3, 17], [19, 9, 20, 8], [4, 22, 5, 21]]"
12n_0659_64,"[[4, 22, 5, 21], [12, 24, 13, 23], [18, 2, 19, 1], [16, 4, 17, 3], [14, 5, 15, 6], [7, 11, 8, 10], [9, 21, 10, 20], [24, 12, 1, 11], [6, 13, 7, 14], [22, 16, 23, 15], [2, 18, 3, 17], [19, 9, 20, 8]]"
12n_0659_65,"[[19, 9, 20, 8], [4, 22, 5, 21], [12, 24, 13, 23], [18, 2, 19, 1], [16, 4, 17, 3], [14, 5, 15, 6], [7, 11, 8, 10], [9, 21, 10, 20], [24, 12, 1, 11], [6, 13, 7, 14], [22, 16, 23, 15], [2, 18, 3, 17]]"
12n_0659_66,"[[2, 18, 3, 17], [19, 9, 20, 8], [4, 22, 5, 21], [12, 24, 13, 23], [18, 2, 19, 1], [16, 4, 17, 3], [14, 5, 15, 6], [7, 11, 8, 10], [9, 21, 10, 20], [24, 12, 1, 11], [6, 13, 7, 14], [22, 16, 23, 15]]"
12n_0659_67,"[[22, 16, 23, 15], [2, 18, 3, 17], [19, 9, 20, 8], [4, 22, 5, 21], [12, 24, 13, 23], [18, 2, 19, 1], [16, 4, 17, 3], [14, 5, 15, 6], [7, 11, 8, 10], [9, 21, 10, 20], [24, 12, 1, 11], [6, 13, 7, 14]]"
12n_0659_68,"[[6, 13, 7, 14], [22, 16, 23, 15], [2, 18, 3, 17], [19, 9, 20, 8], [4, 22, 5, 21], [12, 24, 13, 23], [18, 2, 19, 1], [16, 4, 17, 3], [14, 5, 15, 6], [7, 11, 8, 10], [9, 21, 10, 20], [24, 12, 1, 11]]"
12n_0659_69,"[[24, 12, 1, 11], [6, 13, 7, 14], [22, 16, 23, 15], [2, 18, 3, 17], [19, 9, 20, 8], [4, 22, 5, 21], [12, 24, 13, 23], [18, 2, 19, 1], [16, 4, 17, 3], [14, 5, 15, 6], [7, 11, 8, 10], [9, 21, 10, 20]]"
12n_0659_70,"[[9, 21, 10, 20], [24, 12, 1, 11], [6, 13, 7, 14], [22, 16, 23, 15], [2, 18, 3, 17], [19, 9, 20, 8], [4, 22, 5, 21], [12, 24, 13, 23], [18, 2, 19, 1], [16, 4, 17, 3], [14, 5, 15, 6], [7, 11, 8, 10]]"
12n_0659_71,"[[7, 11, 8, 10], [9, 21, 10, 20], [24, 12, 1, 11], [6, 13, 7, 14], [22, 16, 23, 15], [2, 18, 3, 17], [19, 9, 20, 8], [4, 22, 5, 21], [12, 24, 13, 23], [18, 2, 19, 1], [16, 4, 17, 3], [14, 5, 15, 6]]"
12n_0659_72,"[[15, 6, 16, 7], [8, 12, 9, 11], [10, 22, 11, 21], [1, 13, 2, 12], [7, 14, 8, 15], [23, 17, 24, 16], [3, 19, 4, 18], [20, 10, 21, 9], [5, 23, 6, 22], [13, 1, 14, 24], [19, 3, 20, 2], [17, 5, 18, 4]]"
12n_0659_73,"[[17, 5, 18, 4], [15, 6, 16, 7], [8, 12, 9, 11], [10, 22, 11, 21], [1, 13, 2, 12], [7, 14, 8, 15], [23, 17, 24, 16], [3, 19, 4, 18], [20, 10, 21, 9], [5, 23, 6, 22], [13, 1, 14, 24], [19, 3, 20, 2]]"
12n_0659_74,"[[19, 3, 20, 2], [17, 5, 18, 4], [15, 6, 16, 7], [8, 12, 9, 11], [10, 22, 11, 21], [1, 13, 2, 12], [7, 14, 8, 15], [23, 17, 24, 16], [3, 19, 4, 18], [20, 10, 21, 9], [5, 23, 6, 22], [13, 1, 14, 24]]"
12n_0659_75,"[[13, 1, 14, 24], [19, 3, 20, 2], [17, 5, 18, 4], [15, 6, 16, 7], [8, 12, 9, 11], [10, 22, 11, 21], [1, 13, 2, 12], [7, 14, 8, 15], [23, 17, 24, 16], [3, 19, 4, 18], [20, 10, 21, 9], [5, 23, 6, 22]]"
12n_0659_76,"[[5, 23, 6, 22], [13, 1, 14, 24], [19, 3, 20, 2], [17, 5, 18, 4], [15, 6, 16, 7], [8, 12, 9, 11], [10, 22, 11, 21], [1, 13, 2, 12], [7, 14, 8, 15], [23, 17, 24, 16], [3, 19, 4, 18], [20, 10, 21, 9]]"
12n_0659_77,"[[20, 10, 21, 9], [5, 23, 6, 22], [13, 1, 14, 24], [19, 3, 20, 2], [17, 5, 18, 4], [15, 6, 16, 7], [8, 12, 9, 11], [10, 22, 11, 21], [1, 13, 2, 12], [7, 14, 8, 15], [23, 17, 24, 16], [3, 19, 4, 18]]"
12n_0659_78,"[[3, 19, 4, 18], [20, 10, 21, 9], [5, 23, 6, 22], [13, 1, 14, 24], [19, 3, 20, 2], [17, 5, 18, 4], [15, 6, 16, 7], [8, 12, 9, 11], [10, 22, 11, 21], [1, 13, 2, 12], [7, 14, 8, 15], [23, 17, 24, 16]]"
12n_0659_79,"[[23, 17, 24, 16], [3, 19, 4, 18], [20, 10, 21, 9], [5, 23, 6, 22], [13, 1, 14, 24], [19, 3, 20, 2], [17, 5, 18, 4], [15, 6, 16, 7], [8, 12, 9, 11], [10, 22, 11, 21], [1, 13, 2, 12], [7, 14, 8, 15]]"
12n_0659_80,"[[7, 14, 8, 15], [23, 17, 24, 16], [3, 19, 4, 18], [20, 10, 21, 9], [5, 23, 6, 22], [13, 1, 14, 24], [19, 3, 20, 2], [17, 5, 18, 4], [15, 6, 16, 7], [8, 12, 9, 11], [10, 22, 11, 21], [1, 13, 2, 12]]"
12n_0659_81,"[[1, 13, 2, 12], [7, 14, 8, 15], [23, 17, 24, 16], [3, 19, 4, 18], [20, 10, 21, 9], [5, 23, 6, 22], [13, 1, 14, 24], [19, 3, 20, 2], [17, 5, 18, 4], [15, 6, 16, 7], [8, 12, 9, 11], [10, 22, 11, 21]]"
12n_0659_82,"[[10, 22, 11, 21], [1, 13, 2, 12], [7, 14, 8, 15], [23, 17, 24, 16], [3, 19, 4, 18], [20, 10, 21, 9], [5, 23, 6, 22], [13, 1, 14, 24], [19, 3, 20, 2], [17, 5, 18, 4], [15, 6, 16, 7], [8, 12, 9, 11]]"
12n_0659_83,"[[8, 12, 9, 11], [10, 22, 11, 21], [1, 13, 2, 12], [7, 14, 8, 15], [23, 17, 24, 16], [3, 19, 4, 18], [20, 10, 21, 9], [5, 23, 6, 22], [13, 1, 14, 24], [19, 3, 20, 2], [17, 5, 18, 4], [15, 6, 16, 7]]"
12n_0659_84,"[[16, 7, 17, 8], [9, 13, 10, 12], [11, 23, 12, 22], [2, 14, 3, 13], [8, 15, 9, 16], [24, 18, 1, 17], [4, 20, 5, 19], [21, 11, 22, 10], [6, 24, 7, 23], [14, 2, 15, 1], [20, 4, 21, 3], [18, 6, 19, 5]]"
12n_0659_85,"[[18, 6, 19, 5], [16, 7, 17, 8], [9, 13, 10, 12], [11, 23, 12, 22], [2, 14, 3, 13], [8, 15, 9, 16], [24, 18, 1, 17], [4, 20, 5, 19], [21, 11, 22, 10], [6, 24, 7, 23], [14, 2, 15, 1], [20, 4, 21, 3]]"
12n_0659_86,"[[20, 4, 21, 3], [18, 6, 19, 5], [16, 7, 17, 8], [9, 13, 10, 12], [11, 23, 12, 22], [2, 14, 3, 13], [8, 15, 9, 16], [24, 18, 1, 17], [4, 20, 5, 19], [21, 11, 22, 10], [6, 24, 7, 23], [14, 2, 15, 1]]"
12n_0659_87,"[[14, 2, 15, 1], [20, 4, 21, 3], [18, 6, 19, 5], [16, 7, 17, 8], [9, 13, 10, 12], [11, 23, 12, 22], [2, 14, 3, 13], [8, 15, 9, 16], [24, 18, 1, 17], [4, 20, 5, 19], [21, 11, 22, 10], [6, 24, 7, 23]]"
12n_0659_88,"[[6, 24, 7, 23], [14, 2, 15, 1], [20, 4, 21, 3], [18, 6, 19, 5], [16, 7, 17, 8], [9, 13, 10, 12], [11, 23, 12, 22], [2, 14, 3, 13], [8, 15, 9, 16], [24, 18, 1, 17], [4, 20, 5, 19], [21, 11, 22, 10]]"
12n_0659_89,"[[21, 11, 22, 10], [6, 24, 7, 23], [14, 2, 15, 1], [20, 4, 21, 3], [18, 6, 19, 5], [16, 7, 17, 8], [9, 13, 10, 12], [11, 23, 12, 22], [2, 14, 3, 13], [8, 15, 9, 16], [24, 18, 1, 17], [4, 20, 5, 19]]"
12n_0659_90,"[[4, 20, 5, 19], [21, 11, 22, 10], [6, 24, 7, 23], [14, 2, 15, 1], [20, 4, 21, 3], [18, 6, 19, 5], [16, 7, 17, 8], [9, 13, 10, 12], [11, 23, 12, 22], [2, 14, 3, 13], [8, 15, 9, 16], [24, 18, 1, 17]]"
12n_0659_91,"[[24, 18, 1, 17], [4, 20, 5, 19], [21, 11, 22, 10], [6, 24, 7, 23], [14, 2, 15, 1], [20, 4, 21, 3], [18, 6, 19, 5], [16, 7, 17, 8], [9, 13, 10, 12], [11, 23, 12, 22], [2, 14, 3, 13], [8, 15, 9, 16]]"
12n_0659_92,"[[8, 15, 9, 16], [24, 18, 1, 17], [4, 20, 5, 19], [21, 11, 22, 10], [6, 24, 7, 23], [14, 2, 15, 1], [20, 4, 21, 3], [18, 6, 19, 5], [16, 7, 17, 8], [9, 13, 10, 12], [11, 23, 12, 22], [2, 14, 3, 13]]"
12n_0659_93,"[[2, 14, 3, 13], [8, 15, 9, 16], [24, 18, 1, 17], [4, 20, 5, 19], [21, 11, 22, 10], [6, 24, 7, 23], [14, 2, 15, 1], [20, 4, 21, 3], [18, 6, 19, 5], [16, 7, 17, 8], [9, 13, 10, 12], [11, 23, 12, 22]]"
12n_0659_94,"[[11, 23, 12, 22], [2, 14, 3, 13], [8, 15, 9, 16], [24, 18, 1, 17], [4, 20, 5, 19], [21, 11, 22, 10], [6, 24, 7, 23], [14, 2, 15, 1], [20, 4, 21, 3], [18, 6, 19, 5], [16, 7, 17, 8], [9, 13, 10, 12]]"
12n_0659_95,"[[9, 13, 10, 12], [11, 23, 12, 22], [2, 14, 3, 13], [8, 15, 9, 16], [24, 18, 1, 17], [4, 20, 5, 19], [21, 11, 22, 10], [6, 24, 7, 23], [14, 2, 15, 1], [20, 4, 21, 3], [18, 6, 19, 5], [16, 7, 17, 8]]"
12n_0659_96,"[[17, 8, 18, 9], [10, 14, 11, 13], [12, 24, 13, 23], [3, 15, 4, 14], [9, 16, 10, 17], [1, 19, 2, 18], [5, 21, 6, 20], [22, 12, 23, 11], [7, 1, 8, 24], [15, 3, 16, 2], [21, 5, 22, 4], [19, 7, 20, 6]]"
12n_0659_97,"[[19, 7, 20, 6], [17, 8, 18, 9], [10, 14, 11, 13], [12, 24, 13, 23], [3, 15, 4, 14], [9, 16, 10, 17], [1, 19, 2, 18], [5, 21, 6, 20], [22, 12, 23, 11], [7, 1, 8, 24], [15, 3, 16, 2], [21, 5, 22, 4]]"
12n_0659_98,"[[21, 5, 22, 4], [19, 7, 20, 6], [17, 8, 18, 9], [10, 14, 11, 13], [12, 24, 13, 23], [3, 15, 4, 14], [9, 16, 10, 17], [1, 19, 2, 18], [5, 21, 6, 20], [22, 12, 23, 11], [7, 1, 8, 24], [15, 3, 16, 2]]"
12n_0659_99,"[[15, 3, 16, 2], [21, 5, 22, 4], [19, 7, 20, 6], [17, 8, 18, 9], [10, 14, 11, 13], [12, 24, 13, 23], [3, 15, 4, 14], [9, 16, 10, 17], [1, 19, 2, 18], [5, 21, 6, 20], [22, 12, 23, 11], [7, 1, 8, 24]]"
12n_0659_100,"[[7, 1, 8, 24], [15, 3, 16, 2], [21, 5, 22, 4], [19, 7, 20, 6], [17, 8, 18, 9], [10, 14, 11, 13], [12, 24, 13, 23], [3, 15, 4, 14], [9, 16, 10, 17], [1, 19, 2, 18], [5, 21, 6, 20], [22, 12, 23, 11]]"
12n_0659_101,"[[22, 12, 23, 11], [7, 1, 8, 24], [15, 3, 16, 2], [21, 5, 22, 4], [19, 7, 20, 6], [17, 8, 18, 9], [10, 14, 11, 13], [12, 24, 13, 23], [3, 15, 4, 14], [9, 16, 10, 17], [1, 19, 2, 18], [5, 21, 6, 20]]"
12n_0659_102,"[[5, 21, 6, 20], [22, 12, 23, 11], [7, 1, 8, 24], [15, 3, 16, 2], [21, 5, 22, 4], [19, 7, 20, 6], [17, 8, 18, 9], [10, 14, 11, 13], [12, 24, 13, 23], [3, 15, 4, 14], [9, 16, 10, 17], [1, 19, 2, 18]]"
12n_0659_103,"[[1, 19, 2, 18], [5, 21, 6, 20], [22, 12, 23, 11], [7, 1, 8, 24], [15, 3, 16, 2], [21, 5, 22, 4], [19, 7, 20, 6], [17, 8, 18, 9], [10, 14, 11, 13], [12, 24, 13, 23], [3, 15, 4, 14], [9, 16, 10, 17]]"
12n_0659_104,"[[9, 16, 10, 17], [1, 19, 2, 18], [5, 21, 6, 20], [22, 12, 23, 11], [7, 1, 8, 24], [15, 3, 16, 2], [21, 5, 22, 4], [19, 7, 20, 6], [17, 8, 18, 9], [10, 14, 11, 13], [12, 24, 13, 23], [3, 15, 4, 14]]"
12n_0659_105,"[[3, 15, 4, 14], [9, 16, 10, 17], [1, 19, 2, 18], [5, 21, 6, 20], [22, 12, 23, 11], [7, 1, 8, 24], [15, 3, 16, 2], [21, 5, 22, 4], [19, 7, 20, 6], [17, 8, 18, 9], [10, 14, 11, 13], [12, 24, 13, 23]]"
12n_0659_106,"[[12, 24, 13, 23], [3, 15, 4, 14], [9, 16, 10, 17], [1, 19, 2, 18], [5, 21, 6, 20], [22, 12, 23, 11], [7, 1, 8, 24], [15, 3, 16, 2], [21, 5, 22, 4], [19, 7, 20, 6], [17, 8, 18, 9], [10, 14, 11, 13]]"
12n_0659_107,"[[10, 14, 11, 13], [12, 24, 13, 23], [3, 15, 4, 14], [9, 16, 10, 17], [1, 19, 2, 18], [5, 21, 6, 20], [22, 12, 23, 11], [7, 1, 8, 24], [15, 3, 16, 2], [21, 5, 22, 4], [19, 7, 20, 6], [17, 8, 18, 9]]"
12n_0659_108,"[[18, 9, 19, 10], [11, 15, 12, 14], [13, 1, 14, 24], [4, 16, 5, 15], [10, 17, 11, 18], [2, 20, 3, 19], [6, 22, 7, 21], [23, 13, 24, 12], [8, 2, 9, 1], [16, 4, 17, 3], [22, 6, 23, 5], [20, 8, 21, 7]]"
12n_0659_109,"[[20, 8, 21, 7], [18, 9, 19, 10], [11, 15, 12, 14], [13, 1, 14, 24], [4, 16, 5, 15], [10, 17, 11, 18], [2, 20, 3, 19], [6, 22, 7, 21], [23, 13, 24, 12], [8, 2, 9, 1], [16, 4, 17, 3], [22, 6, 23, 5]]"
12n_0659_110,"[[22, 6, 23, 5], [20, 8, 21, 7], [18, 9, 19, 10], [11, 15, 12, 14], [13, 1, 14, 24], [4, 16, 5, 15], [10, 17, 11, 18], [2, 20, 3, 19], [6, 22, 7, 21], [23, 13, 24, 12], [8, 2, 9, 1], [16, 4, 17, 3]]"
12n_0659_111,"[[16, 4, 17, 3], [22, 6, 23, 5], [20, 8, 21, 7], [18, 9, 19, 10], [11, 15, 12, 14], [13, 1, 14, 24], [4, 16, 5, 15], [10, 17, 11, 18], [2, 20, 3, 19], [6, 22, 7, 21], [23, 13, 24, 12], [8, 2, 9, 1]]"
12n_0659_112,"[[8, 2, 9, 1], [16, 4, 17, 3], [22, 6, 23, 5], [20, 8, 21, 7], [18, 9, 19, 10], [11, 15, 12, 14], [13, 1, 14, 24], [4, 16, 5, 15], [10, 17, 11, 18], [2, 20, 3, 19], [6, 22, 7, 21], [23, 13, 24, 12]]"
12n_0659_113,"[[23, 13, 24, 12], [8, 2, 9, 1], [16, 4, 17, 3], [22, 6, 23, 5], [20, 8, 21, 7], [18, 9, 19, 10], [11, 15, 12, 14], [13, 1, 14, 24], [4, 16, 5, 15], [10, 17, 11, 18], [2, 20, 3, 19], [6, 22, 7, 21]]"
12n_0659_114,"[[6, 22, 7, 21], [23, 13, 24, 12], [8, 2, 9, 1], [16, 4, 17, 3], [22, 6, 23, 5], [20, 8, 21, 7], [18, 9, 19, 10], [11, 15, 12, 14], [13, 1, 14, 24], [4, 16, 5, 15], [10, 17, 11, 18], [2, 20, 3, 19]]"
12n_0659_115,"[[2, 20, 3, 19], [6, 22, 7, 21], [23, 13, 24, 12], [8, 2, 9, 1], [16, 4, 17, 3], [22, 6, 23, 5], [20, 8, 21, 7], [18, 9, 19, 10], [11, 15, 12, 14], [13, 1, 14, 24], [4, 16, 5, 15], [10, 17, 11, 18]]"
12n_0659_116,"[[10, 17, 11, 18], [2, 20, 3, 19], [6, 22, 7, 21], [23, 13, 24, 12], [8, 2, 9, 1], [16, 4, 17, 3], [22, 6, 23, 5], [20, 8, 21, 7], [18, 9, 19, 10], [11, 15, 12, 14], [13, 1, 14, 24], [4, 16, 5, 15]]"
12n_0659_117,"[[4, 16, 5, 15], [10, 17, 11, 18], [2, 20, 3, 19], [6, 22, 7, 21], [23, 13, 24, 12], [8, 2, 9, 1], [16, 4, 17, 3], [22, 6, 23, 5], [20, 8, 21, 7], [18, 9, 19, 10], [11, 15, 12, 14], [13, 1, 14, 24]]"
12n_0659_118,"[[13, 1, 14, 24], [4, 16, 5, 15], [10, 17, 11, 18], [2, 20, 3, 19], [6, 22, 7, 21], [23, 13, 24, 12], [8, 2, 9, 1], [16, 4, 17, 3], [22, 6, 23, 5], [20, 8, 21, 7], [18, 9, 19, 10], [11, 15, 12, 14]]"
12n_0659_119,"[[11, 15, 12, 14], [13, 1, 14, 24], [4, 16, 5, 15], [10, 17, 11, 18], [2, 20, 3, 19], [6, 22, 7, 21], [23, 13, 24, 12], [8, 2, 9, 1], [16, 4, 17, 3], [22, 6, 23, 5], [20, 8, 21, 7], [18, 9, 19, 10]]"
12n_0659_120,"[[19, 10, 20, 11], [12, 16, 13, 15], [14, 2, 15, 1], [5, 17, 6, 16], [11, 18, 12, 19], [3, 21, 4, 20], [7, 23, 8, 22], [24, 14, 1, 13], [9, 3, 10, 2], [17, 5, 18, 4], [23, 7, 24, 6], [21, 9, 22, 8]]"
12n_0659_121,"[[21, 9, 22, 8], [19, 10, 20, 11], [12, 16, 13, 15], [14, 2, 15, 1], [5, 17, 6, 16], [11, 18, 12, 19], [3, 21, 4, 20], [7, 23, 8, 22], [24, 14, 1, 13], [9, 3, 10, 2], [17, 5, 18, 4], [23, 7, 24, 6]]"
12n_0659_122,"[[23, 7, 24, 6], [21, 9, 22, 8], [19, 10, 20, 11], [12, 16, 13, 15], [14, 2, 15, 1], [5, 17, 6, 16], [11, 18, 12, 19], [3, 21, 4, 20], [7, 23, 8, 22], [24, 14, 1, 13], [9, 3, 10, 2], [17, 5, 18, 4]]"
12n_0659_123,"[[17, 5, 18, 4], [23, 7, 24, 6], [21, 9, 22, 8], [19, 10, 20, 11], [12, 16, 13, 15], [14, 2, 15, 1], [5, 17, 6, 16], [11, 18, 12, 19], [3, 21, 4, 20], [7, 23, 8, 22], [24, 14, 1, 13], [9, 3, 10, 2]]"
12n_0659_124,"[[9, 3, 10, 2], [17, 5, 18, 4], [23, 7, 24, 6], [21, 9, 22, 8], [19, 10, 20, 11], [12, 16, 13, 15], [14, 2, 15, 1], [5, 17, 6, 16], [11, 18, 12, 19], [3, 21, 4, 20], [7, 23, 8, 22], [24, 14, 1, 13]]"
12n_0659_125,"[[24, 14, 1, 13], [9, 3, 10, 2], [17, 5, 18, 4], [23, 7, 24, 6], [21, 9, 22, 8], [19, 10, 20, 11], [12, 16, 13, 15], [14, 2, 15, 1], [5, 17, 6, 16], [11, 18, 12, 19], [3, 21, 4, 20], [7, 23, 8, 22]]"
12n_0659_126,"[[7, 23, 8, 22], [24, 14, 1, 13], [9, 3, 10, 2], [17, 5, 18, 4], [23, 7, 24, 6], [21, 9, 22, 8], [19, 10, 20, 11], [12, 16, 13, 15], [14, 2, 15, 1], [5, 17, 6, 16], [11, 18, 12, 19], [3, 21, 4, 20]]"
12n_0659_127,"[[3, 21, 4, 20], [7, 23, 8, 22], [24, 14, 1, 13], [9, 3, 10, 2], [17, 5, 18, 4], [23, 7, 24, 6], [21, 9, 22, 8], [19, 10, 20, 11], [12, 16, 13, 15], [14, 2, 15, 1], [5, 17, 6, 16], [11, 18, 12, 19]]"
12n_0659_128,"[[11, 18, 12, 19], [3, 21, 4, 20], [7, 23, 8, 22], [24, 14, 1, 13], [9, 3, 10, 2], [17, 5, 18, 4], [23, 7, 24, 6], [21, 9, 22, 8], [19, 10, 20, 11], [12, 16, 13, 15], [14, 2, 15, 1], [5, 17, 6, 16]]"
12n_0659_129,"[[5, 17, 6, 16], [11, 18, 12, 19], [3, 21, 4, 20], [7, 23, 8, 22], [24, 14, 1, 13], [9, 3, 10, 2], [17, 5, 18, 4], [23, 7, 24, 6], [21, 9, 22, 8], [19, 10, 20, 11], [12, 16, 13, 15], [14, 2, 15, 1]]"
12n_0659_130,"[[14, 2, 15, 1], [5, 17, 6, 16], [11, 18, 12, 19], [3, 21, 4, 20], [7, 23, 8, 22], [24, 14, 1, 13], [9, 3, 10, 2], [17, 5, 18, 4], [23, 7, 24, 6], [21, 9, 22, 8], [19, 10, 20, 11], [12, 16, 13, 15]]"
12n_0659_131,"[[12, 16, 13, 15], [14, 2, 15, 1], [5, 17, 6, 16], [11, 18, 12, 19], [3, 21, 4, 20], [7, 23, 8, 22], [24, 14, 1, 13], [9, 3, 10, 2], [17, 5, 18, 4], [23, 7, 24, 6], [21, 9, 22, 8], [19, 10, 20, 11]]"
12n_0659_132,"[[20, 11, 21, 12], [13, 17, 14, 16], [15, 3, 16, 2], [6, 18, 7, 17], [12, 19, 13, 20], [4, 22, 5, 21], [8, 24, 9, 23], [1, 15, 2, 14], [10, 4, 11, 3], [18, 6, 19, 5], [24, 8, 1, 7], [22, 10, 23, 9]]"
12n_0659_133,"[[22, 10, 23, 9], [20, 11, 21, 12], [13, 17, 14, 16], [15, 3, 16, 2], [6, 18, 7, 17], [12, 19, 13, 20], [4, 22, 5, 21], [8, 24, 9, 23], [1, 15, 2, 14], [10, 4, 11, 3], [18, 6, 19, 5], [24, 8, 1, 7]]"
12n_0659_134,"[[24, 8, 1, 7], [22, 10, 23, 9], [20, 11, 21, 12], [13, 17, 14, 16], [15, 3, 16, 2], [6, 18, 7, 17], [12, 19, 13, 20], [4, 22, 5, 21], [8, 24, 9, 23], [1, 15, 2, 14], [10, 4, 11, 3], [18, 6, 19, 5]]"
12n_0659_135,"[[18, 6, 19, 5], [24, 8, 1, 7], [22, 10, 23, 9], [20, 11, 21, 12], [13, 17, 14, 16], [15, 3, 16, 2], [6, 18, 7, 17], [12, 19, 13, 20], [4, 22, 5, 21], [8, 24, 9, 23], [1, 15, 2, 14], [10, 4, 11, 3]]"
12n_0659_136,"[[10, 4, 11, 3], [18, 6, 19, 5], [24, 8, 1, 7], [22, 10, 23, 9], [20, 11, 21, 12], [13, 17, 14, 16], [15, 3, 16, 2], [6, 18, 7, 17], [12, 19, 13, 20], [4, 22, 5, 21], [8, 24, 9, 23], [1, 15, 2, 14]]"
12n_0659_137,"[[1, 15, 2, 14], [10, 4, 11, 3], [18, 6, 19, 5], [24, 8, 1, 7], [22, 10, 23, 9], [20, 11, 21, 12], [13, 17, 14, 16], [15, 3, 16, 2], [6, 18, 7, 17], [12, 19, 13, 20], [4, 22, 5, 21], [8, 24, 9, 23]]"
12n_0659_138,"[[8, 24, 9, 23], [1, 15, 2, 14], [10, 4, 11, 3], [18, 6, 19, 5], [24, 8, 1, 7], [22, 10, 23, 9], [20, 11, 21, 12], [13, 17, 14, 16], [15, 3, 16, 2], [6, 18, 7, 17], [12, 19, 13, 20], [4, 22, 5, 21]]"
12n_0659_139,"[[4, 22, 5, 21], [8, 24, 9, 23], [1, 15, 2, 14], [10, 4, 11, 3], [18, 6, 19, 5], [24, 8, 1, 7], [22, 10, 23, 9], [20, 11, 21, 12], [13, 17, 14, 16], [15, 3, 16, 2], [6, 18, 7, 17], [12, 19, 13, 20]]"
12n_0659_140,"[[12, 19, 13, 20], [4, 22, 5, 21], [8, 24, 9, 23], [1, 15, 2, 14], [10, 4, 11, 3], [18, 6, 19, 5], [24, 8, 1, 7], [22, 10, 23, 9], [20, 11, 21, 12], [13, 17, 14, 16], [15, 3, 16, 2], [6, 18, 7, 17]]"
12n_0659_141,"[[6, 18, 7, 17], [12, 19, 13, 20], [4, 22, 5, 21], [8, 24, 9, 23], [1, 15, 2, 14], [10, 4, 11, 3], [18, 6, 19, 5], [24, 8, 1, 7], [22, 10, 23, 9], [20, 11, 21, 12], [13, 17, 14, 16], [15, 3, 16, 2]]"
12n_0659_142,"[[15, 3, 16, 2], [6, 18, 7, 17], [12, 19, 13, 20], [4, 22, 5, 21], [8, 24, 9, 23], [1, 15, 2, 14], [10, 4, 11, 3], [18, 6, 19, 5], [24, 8, 1, 7], [22, 10, 23, 9], [20, 11, 21, 12], [13, 17, 14, 16]]"
12n_0659_143,"[[13, 17, 14, 16], [15, 3, 16, 2], [6, 18, 7, 17], [12, 19, 13, 20], [4, 22, 5, 21], [8, 24, 9, 23], [1, 15, 2, 14], [10, 4, 11, 3], [18, 6, 19, 5], [24, 8, 1, 7], [22, 10, 23, 9], [20, 11, 21, 12]]"
12n_0659_144,"[[21, 12, 22, 13], [14, 18, 15, 17], [16, 4, 17, 3], [7, 19, 8, 18], [13, 20, 14, 21], [5, 23, 6, 22], [9, 1, 10, 24], [2, 16, 3, 15], [11, 5, 12, 4], [19, 7, 20, 6], [1, 9, 2, 8], [23, 11, 24, 10]]"
12n_0659_145,"[[23, 11, 24, 10], [21, 12, 22, 13], [14, 18, 15, 17], [16, 4, 17, 3], [7, 19, 8, 18], [13, 20, 14, 21], [5, 23, 6, 22], [9, 1, 10, 24], [2, 16, 3, 15], [11, 5, 12, 4], [19, 7, 20, 6], [1, 9, 2, 8]]"
12n_0659_146,"[[1, 9, 2, 8], [23, 11, 24, 10], [21, 12, 22, 13], [14, 18, 15, 17], [16, 4, 17, 3], [7, 19, 8, 18], [13, 20, 14, 21], [5, 23, 6, 22], [9, 1, 10, 24], [2, 16, 3, 15], [11, 5, 12, 4], [19, 7, 20, 6]]"
12n_0659_147,"[[19, 7, 20, 6], [1, 9, 2, 8], [23, 11, 24, 10], [21, 12, 22, 13], [14, 18, 15, 17], [16, 4, 17, 3], [7, 19, 8, 18], [13, 20, 14, 21], [5, 23, 6, 22], [9, 1, 10, 24], [2, 16, 3, 15], [11, 5, 12, 4]]"
12n_0659_148,"[[11, 5, 12, 4], [19, 7, 20, 6], [1, 9, 2, 8], [23, 11, 24, 10], [21, 12, 22, 13], [14, 18, 15, 17], [16, 4, 17, 3], [7, 19, 8, 18], [13, 20, 14, 21], [5, 23, 6, 22], [9, 1, 10, 24], [2, 16, 3, 15]]"
12n_0659_149,"[[2, 16, 3, 15], [11, 5, 12, 4], [19, 7, 20, 6], [1, 9, 2, 8], [23, 11, 24, 10], [21, 12, 22, 13], [14, 18, 15, 17], [16, 4, 17, 3], [7, 19, 8, 18], [13, 20, 14, 21], [5, 23, 6, 22], [9, 1, 10, 24]]"
12n_0659_150,"[[9, 1, 10, 24], [2, 16, 3, 15], [11, 5, 12, 4], [19, 7, 20, 6], [1, 9, 2, 8], [23, 11, 24, 10], [21, 12, 22, 13], [14, 18, 15, 17], [16, 4, 17, 3], [7, 19, 8, 18], [13, 20, 14, 21], [5, 23, 6, 22]]"
12n_0659_151,"[[5, 23, 6, 22], [9, 1, 10, 24], [2, 16, 3, 15], [11, 5, 12, 4], [19, 7, 20, 6], [1, 9, 2, 8], [23, 11, 24, 10], [21, 12, 22, 13], [14, 18, 15, 17], [16, 4, 17, 3], [7, 19, 8, 18], [13, 20, 14, 21]]"
12n_0659_152,"[[13, 20, 14, 21], [5, 23, 6, 22], [9, 1, 10, 24], [2, 16, 3, 15], [11, 5, 12, 4], [19, 7, 20, 6], [1, 9, 2, 8], [23, 11, 24, 10], [21, 12, 22, 13], [14, 18, 15, 17], [16, 4, 17, 3], [7, 19, 8, 18]]"
12n_0659_153,"[[7, 19, 8, 18], [13, 20, 14, 21], [5, 23, 6, 22], [9, 1, 10, 24], [2, 16, 3, 15], [11, 5, 12, 4], [19, 7, 20, 6], [1, 9, 2, 8], [23, 11, 24, 10], [21, 12, 22, 13], [14, 18, 15, 17], [16, 4, 17, 3]]"
12n_0659_154,"[[16, 4, 17, 3], [7, 19, 8, 18], [13, 20, 14, 21], [5, 23, 6, 22], [9, 1, 10, 24], [2, 16, 3, 15], [11, 5, 12, 4], [19, 7, 20, 6], [1, 9, 2, 8], [23, 11, 24, 10], [21, 12, 22, 13], [14, 18, 15, 17]]"
12n_0659_155,"[[14, 18, 15, 17], [16, 4, 17, 3], [7, 19, 8, 18], [13, 20, 14, 21], [5, 23, 6, 22], [9, 1, 10, 24], [2, 16, 3, 15], [11, 5, 12, 4], [19, 7, 20, 6], [1, 9, 2, 8], [23, 11, 24, 10], [21, 12, 22, 13]]"
12n_0659_156,"[[22, 13, 23, 14], [15, 19, 16, 18], [17, 5, 18, 4], [8, 20, 9, 19], [14, 21, 15, 22], [6, 24, 7, 23], [10, 2, 11, 1], [3, 17, 4, 16], [12, 6, 13, 5], [20, 8, 21, 7], [2, 10, 3, 9], [24, 12, 1, 11]]"
12n_0659_157,"[[24, 12, 1, 11], [22, 13, 23, 14], [15, 19, 16, 18], [17, 5, 18, 4], [8, 20, 9, 19], [14, 21, 15, 22], [6, 24, 7, 23], [10, 2, 11, 1], [3, 17, 4, 16], [12, 6, 13, 5], [20, 8, 21, 7], [2, 10, 3, 9]]"
12n_0659_158,"[[2, 10, 3, 9], [24, 12, 1, 11], [22, 13, 23, 14], [15, 19, 16, 18], [17, 5, 18, 4], [8, 20, 9, 19], [14, 21, 15, 22], [6, 24, 7, 23], [10, 2, 11, 1], [3, 17, 4, 16], [12, 6, 13, 5], [20, 8, 21, 7]]"
12n_0659_159,"[[20, 8, 21, 7], [2, 10, 3, 9], [24, 12, 1, 11], [22, 13, 23, 14], [15, 19, 16, 18], [17, 5, 18, 4], [8, 20, 9, 19], [14, 21, 15, 22], [6, 24, 7, 23], [10, 2, 11, 1], [3, 17, 4, 16], [12, 6, 13, 5]]"
12n_0659_160,"[[12, 6, 13, 5], [20, 8, 21, 7], [2, 10, 3, 9], [24, 12, 1, 11], [22, 13, 23, 14], [15, 19, 16, 18], [17, 5, 18, 4], [8, 20, 9, 19], [14, 21, 15, 22], [6, 24, 7, 23], [10, 2, 11, 1], [3, 17, 4, 16]]"
12n_0659_161,"[[3, 17, 4, 16], [12, 6, 13, 5], [20, 8, 21, 7], [2, 10, 3, 9], [24, 12, 1, 11], [22, 13, 23, 14], [15, 19, 16, 18], [17, 5, 18, 4], [8, 20, 9, 19], [14, 21, 15, 22], [6, 24, 7, 23], [10, 2, 11, 1]]"
12n_0659_162,"[[10, 2, 11, 1], [3, 17, 4, 16], [12, 6, 13, 5], [20, 8, 21, 7], [2, 10, 3, 9], [24, 12, 1, 11], [22, 13, 23, 14], [15, 19, 16, 18], [17, 5, 18, 4], [8, 20, 9, 19], [14, 21, 15, 22], [6, 24, 7, 23]]"
12n_0659_163,"[[6, 24, 7, 23], [10, 2, 11, 1], [3, 17, 4, 16], [12, 6, 13, 5], [20, 8, 21, 7], [2, 10, 3, 9], [24, 12, 1, 11], [22, 13, 23, 14], [15, 19, 16, 18], [17, 5, 18, 4], [8, 20, 9, 19], [14, 21, 15, 22]]"
12n_0659_164,"[[14, 21, 15, 22], [6, 24, 7, 23], [10, 2, 11, 1], [3, 17, 4, 16], [12, 6, 13, 5], [20, 8, 21, 7], [2, 10, 3, 9], [24, 12, 1, 11], [22, 13, 23, 14], [15, 19, 16, 18], [17, 5, 18, 4], [8, 20, 9, 19]]"
12n_0659_165,"[[8, 20, 9, 19], [14, 21, 15, 22], [6, 24, 7, 23], [10, 2, 11, 1], [3, 17, 4, 16], [12, 6, 13, 5], [20, 8, 21, 7], [2, 10, 3, 9], [24, 12, 1, 11], [22, 13, 23, 14], [15, 19, 16, 18], [17, 5, 18, 4]]"
12n_0659_166,"[[17, 5, 18, 4], [8, 20, 9, 19], [14, 21, 15, 22], [6, 24, 7, 23], [10, 2, 11, 1], [3, 17, 4, 16], [12, 6, 13, 5], [20, 8, 21, 7], [2, 10, 3, 9], [24, 12, 1, 11], [22, 13, 23, 14], [15, 19, 16, 18]]"
12n_0659_167,"[[15, 19, 16, 18], [17, 5, 18, 4], [8, 20, 9, 19], [14, 21, 15, 22], [6, 24, 7, 23], [10, 2, 11, 1], [3, 17, 4, 16], [12, 6, 13, 5], [20, 8, 21, 7], [2, 10, 3, 9], [24, 12, 1, 11], [22, 13, 23, 14]]"
12n_0659_168,"[[23, 14, 24, 15], [16, 20, 17, 19], [18, 6, 19, 5], [9, 21, 10, 20], [15, 22, 16, 23], [7, 1, 8, 24], [11, 3, 12, 2], [4, 18, 5, 17], [13, 7, 14, 6], [21, 9, 22, 8], [3, 11, 4, 10], [1, 13, 2, 12]]"
12n_0659_169,"[[1, 13, 2, 12], [23, 14, 24, 15], [16, 20, 17, 19], [18, 6, 19, 5], [9, 21, 10, 20], [15, 22, 16, 23], [7, 1, 8, 24], [11, 3, 12, 2], [4, 18, 5, 17], [13, 7, 14, 6], [21, 9, 22, 8], [3, 11, 4, 10]]"
12n_0659_170,"[[3, 11, 4, 10], [1, 13, 2, 12], [23, 14, 24, 15], [16, 20, 17, 19], [18, 6, 19, 5], [9, 21, 10, 20], [15, 22, 16, 23], [7, 1, 8, 24], [11, 3, 12, 2], [4, 18, 5, 17], [13, 7, 14, 6], [21, 9, 22, 8]]"
12n_0659_171,"[[21, 9, 22, 8], [3, 11, 4, 10], [1, 13, 2, 12], [23, 14, 24, 15], [16, 20, 17, 19], [18, 6, 19, 5], [9, 21, 10, 20], [15, 22, 16, 23], [7, 1, 8, 24], [11, 3, 12, 2], [4, 18, 5, 17], [13, 7, 14, 6]]"
12n_0659_172,"[[13, 7, 14, 6], [21, 9, 22, 8], [3, 11, 4, 10], [1, 13, 2, 12], [23, 14, 24, 15], [16, 20, 17, 19], [18, 6, 19, 5], [9, 21, 10, 20], [15, 22, 16, 23], [7, 1, 8, 24], [11, 3, 12, 2], [4, 18, 5, 17]]"
12n_0659_173,"[[4, 18, 5, 17], [13, 7, 14, 6], [21, 9, 22, 8], [3, 11, 4, 10], [1, 13, 2, 12], [23, 14, 24, 15], [16, 20, 17, 19], [18, 6, 19, 5], [9, 21, 10, 20], [15, 22, 16, 23], [7, 1, 8, 24], [11, 3, 12, 2]]"
12n_0659_174,"[[11, 3, 12, 2], [4, 18, 5, 17], [13, 7, 14, 6], [21, 9, 22, 8], [3, 11, 4, 10], [1, 13, 2, 12], [23, 14, 24, 15], [16, 20, 17, 19], [18, 6, 19, 5], [9, 21, 10, 20], [15, 22, 16, 23], [7, 1, 8, 24]]"
12n_0659_175,"[[7, 1, 8, 24], [11, 3, 12, 2], [4, 18, 5, 17], [13, 7, 14, 6], [21, 9, 22, 8], [3, 11, 4, 10], [1, 13, 2, 12], [23, 14, 24, 15], [16, 20, 17, 19], [18, 6, 19, 5], [9, 21, 10, 20], [15, 22, 16, 23]]"
12n_0659_176,"[[15, 22, 16, 23], [7, 1, 8, 24], [11, 3, 12, 2], [4, 18, 5, 17], [13, 7, 14, 6], [21, 9, 22, 8], [3, 11, 4, 10], [1, 13, 2, 12], [23, 14, 24, 15], [16, 20, 17, 19], [18, 6, 19, 5], [9, 21, 10, 20]]"
12n_0659_177,"[[9, 21, 10, 20], [15, 22, 16, 23], [7, 1, 8, 24], [11, 3, 12, 2], [4, 18, 5, 17], [13, 7, 14, 6], [21, 9, 22, 8], [3, 11, 4, 10], [1, 13, 2, 12], [23, 14, 24, 15], [16, 20, 17, 19], [18, 6, 19, 5]]"
12n_0659_178,"[[18, 6, 19, 5], [9, 21, 10, 20], [15, 22, 16, 23], [7, 1, 8, 24], [11, 3, 12, 2], [4, 18, 5, 17], [13, 7, 14, 6], [21, 9, 22, 8], [3, 11, 4, 10], [1, 13, 2, 12], [23, 14, 24, 15], [16, 20, 17, 19]]"
12n_0659_179,"[[16, 20, 17, 19], [18, 6, 19, 5], [9, 21, 10, 20], [15, 22, 16, 23], [7, 1, 8, 24], [11, 3, 12, 2], [4, 18, 5, 17], [13, 7, 14, 6], [21, 9, 22, 8], [3, 11, 4, 10], [1, 13, 2, 12], [23, 14, 24, 15]]"
12n_0659_180,"[[24, 15, 1, 16], [17, 21, 18, 20], [19, 7, 20, 6], [10, 22, 11, 21], [16, 23, 17, 24], [8, 2, 9, 1], [12, 4, 13, 3], [5, 19, 6, 18], [14, 8, 15, 7], [22, 10, 23, 9], [4, 12, 5, 11], [2, 14, 3, 13]]"
12n_0659_181,"[[2, 14, 3, 13], [24, 15, 1, 16], [17, 21, 18, 20], [19, 7, 20, 6], [10, 22, 11, 21], [16, 23, 17, 24], [8, 2, 9, 1], [12, 4, 13, 3], [5, 19, 6, 18], [14, 8, 15, 7], [22, 10, 23, 9], [4, 12, 5, 11]]"
12n_0659_182,"[[4, 12, 5, 11], [2, 14, 3, 13], [24, 15, 1, 16], [17, 21, 18, 20], [19, 7, 20, 6], [10, 22, 11, 21], [16, 23, 17, 24], [8, 2, 9, 1], [12, 4, 13, 3], [5, 19, 6, 18], [14, 8, 15, 7], [22, 10, 23, 9]]"
12n_0659_183,"[[22, 10, 23, 9], [4, 12, 5, 11], [2, 14, 3, 13], [24, 15, 1, 16], [17, 21, 18, 20], [19, 7, 20, 6], [10, 22, 11, 21], [16, 23, 17, 24], [8, 2, 9, 1], [12, 4, 13, 3], [5, 19, 6, 18], [14, 8, 15, 7]]"
12n_0659_184,"[[14, 8, 15, 7], [22, 10, 23, 9], [4, 12, 5, 11], [2, 14, 3, 13], [24, 15, 1, 16], [17, 21, 18, 20], [19, 7, 20, 6], [10, 22, 11, 21], [16, 23, 17, 24], [8, 2, 9, 1], [12, 4, 13, 3], [5, 19, 6, 18]]"
12n_0659_185,"[[5, 19, 6, 18], [14, 8, 15, 7], [22, 10, 23, 9], [4, 12, 5, 11], [2, 14, 3, 13], [24, 15, 1, 16], [17, 21, 18, 20], [19, 7, 20, 6], [10, 22, 11, 21], [16, 23, 17, 24], [8, 2, 9, 1], [12, 4, 13, 3]]"
