name,pd_notation
12n_0222_0,"[[24, 12, 1, 11], [2, 6, 3, 5], [4, 10, 5, 9], [15, 7, 16, 6], [8, 4, 9, 3], [10, 21, 11, 22], [12, 24, 13, 23], [14, 20, 15, 19], [7, 17, 8, 16], [18, 14, 19, 13], [20, 18, 21, 17], [22, 1, 23, 2]]"
12n_0222_1,"[[22, 1, 23, 2], [24, 12, 1, 11], [2, 6, 3, 5], [4, 10, 5, 9], [15, 7, 16, 6], [8, 4, 9, 3], [10, 21, 11, 22], [12, 24, 13, 23], [14, 20, 15, 19], [7, 17, 8, 16], [18, 14, 19, 13], [20, 18, 21, 17]]"
12n_0222_2,"[[20, 18, 21, 17], [22, 1, 23, 2], [24, 12, 1, 11], [2, 6, 3, 5], [4, 10, 5, 9], [15, 7, 16, 6], [8, 4, 9, 3], [10, 21, 11, 22], [12, 24, 13, 23], [14, 20, 15, 19], [7, 17, 8, 16], [18, 14, 19, 13]]"
12n_0222_3,"[[18, 14, 19, 13], [20, 18, 21, 17], [22, 1, 23, 2], [24, 12, 1, 11], [2, 6, 3, 5], [4, 10, 5, 9], [15, 7, 16, 6], [8, 4, 9, 3], [10, 21, 11, 22], [12, 24, 13, 23], [14, 20, 15, 19], [7, 17, 8, 16]]"
12n_0222_4,"[[7, 17, 8, 16], [18, 14, 19, 13], [20, 18, 21, 17], [22, 1, 23, 2], [24, 12, 1, 11], [2, 6, 3, 5], [4, 10, 5, 9], [15, 7, 16, 6], [8, 4, 9, 3], [10, 21, 11, 22], [12, 24, 13, 23], [14, 20, 15, 19]]"
12n_0222_5,"[[14, 20, 15, 19], [7, 17, 8, 16], [18, 14, 19, 13], [20, 18, 21, 17], [22, 1, 23, 2], [24, 12, 1, 11], [2, 6, 3, 5], [4, 10, 5, 9], [15, 7, 16, 6], [8, 4, 9, 3], [10, 21, 11, 22], [12, 24, 13, 23]]"
12n_0222_6,"[[12, 24, 13, 23], [14, 20, 15, 19], [7, 17, 8, 16], [18, 14, 19, 13], [20, 18, 21, 17], [22, 1, 23, 2], [24, 12, 1, 11], [2, 6, 3, 5], [4, 10, 5, 9], [15, 7, 16, 6], [8, 4, 9, 3], [10, 21, 11, 22]]"
12n_0222_7,"[[10, 21, 11, 22], [12, 24, 13, 23], [14, 20, 15, 19], [7, 17, 8, 16], [18, 14, 19, 13], [20, 18, 21, 17], [22, 1, 23, 2], [24, 12, 1, 11], [2, 6, 3, 5], [4, 10, 5, 9], [15, 7, 16, 6], [8, 4, 9, 3]]"
12n_0222_8,"[[8, 4, 9, 3], [10, 21, 11, 22], [12, 24, 13, 23], [14, 20, 15, 19], [7, 17, 8, 16], [18, 14, 19, 13], [20, 18, 21, 17], [22, 1, 23, 2], [24, 12, 1, 11], [2, 6, 3, 5], [4, 10, 5, 9], [15, 7, 16, 6]]"
12n_0222_9,"[[15, 7, 16, 6], [8, 4, 9, 3], [10, 21, 11, 22], [12, 24, 13, 23], [14, 20, 15, 19], [7, 17, 8, 16], [18, 14, 19, 13], [20, 18, 21, 17], [22, 1, 23, 2], [24, 12, 1, 11], [2, 6, 3, 5], [4, 10, 5, 9]]"
12n_0222_10,"[[4, 10, 5, 9], [15, 7, 16, 6], [8, 4, 9, 3], [10, 21, 11, 22], [12, 24, 13, 23], [14, 20, 15, 19], [7, 17, 8, 16], [18, 14, 19, 13], [20, 18, 21, 17], [22, 1, 23, 2], [24, 12, 1, 11], [2, 6, 3, 5]]"
12n_0222_11,"[[2, 6, 3, 5], [4, 10, 5, 9], [15, 7, 16, 6], [8, 4, 9, 3], [10, 21, 11, 22], [12, 24, 13, 23], [14, 20, 15, 19], [7, 17, 8, 16], [18, 14, 19, 13], [20, 18, 21, 17], [22, 1, 23, 2], [24, 12, 1, 11]]"
12n_0222_12,"[[1, 13, 2, 12], [3, 7, 4, 6], [5, 11, 6, 10], [16, 8, 17, 7], [9, 5, 10, 4], [11, 22, 12, 23], [13, 1, 14, 24], [15, 21, 16, 20], [8, 18, 9, 17], [19, 15, 20, 14], [21, 19, 22, 18], [23, 2, 24, 3]]"
12n_0222_13,"[[23, 2, 24, 3], [1, 13, 2, 12], [3, 7, 4, 6], [5, 11, 6, 10], [16, 8, 17, 7], [9, 5, 10, 4], [11, 22, 12, 23], [13, 1, 14, 24], [15, 21, 16, 20], [8, 18, 9, 17], [19, 15, 20, 14], [21, 19, 22, 18]]"
12n_0222_14,"[[21, 19, 22, 18], [23, 2, 24, 3], [1, 13, 2, 12], [3, 7, 4, 6], [5, 11, 6, 10], [16, 8, 17, 7], [9, 5, 10, 4], [11, 22, 12, 23], [13, 1, 14, 24], [15, 21, 16, 20], [8, 18, 9, 17], [19, 15, 20, 14]]"
12n_0222_15,"[[19, 15, 20, 14], [21, 19, 22, 18], [23, 2, 24, 3], [1, 13, 2, 12], [3, 7, 4, 6], [5, 11, 6, 10], [16, 8, 17, 7], [9, 5, 10, 4], [11, 22, 12, 23], [13, 1, 14, 24], [15, 21, 16, 20], [8, 18, 9, 17]]"
12n_0222_16,"[[8, 18, 9, 17], [19, 15, 20, 14], [21, 19, 22, 18], [23, 2, 24, 3], [1, 13, 2, 12], [3, 7, 4, 6], [5, 11, 6, 10], [16, 8, 17, 7], [9, 5, 10, 4], [11, 22, 12, 23], [13, 1, 14, 24], [15, 21, 16, 20]]"
12n_0222_17,"[[15, 21, 16, 20], [8, 18, 9, 17], [19, 15, 20, 14], [21, 19, 22, 18], [23, 2, 24, 3], [1, 13, 2, 12], [3, 7, 4, 6], [5, 11, 6, 10], [16, 8, 17, 7], [9, 5, 10, 4], [11, 22, 12, 23], [13, 1, 14, 24]]"
12n_0222_18,"[[13, 1, 14, 24], [15, 21, 16, 20], [8, 18, 9, 17], [19, 15, 20, 14], [21, 19, 22, 18], [23, 2, 24, 3], [1, 13, 2, 12], [3, 7, 4, 6], [5, 11, 6, 10], [16, 8, 17, 7], [9, 5, 10, 4], [11, 22, 12, 23]]"
12n_0222_19,"[[11, 22, 12, 23], [13, 1, 14, 24], [15, 21, 16, 20], [8, 18, 9, 17], [19, 15, 20, 14], [21, 19, 22, 18], [23, 2, 24, 3], [1, 13, 2, 12], [3, 7, 4, 6], [5, 11, 6, 10], [16, 8, 17, 7], [9, 5, 10, 4]]"
12n_0222_20,"[[9, 5, 10, 4], [11, 22, 12, 23], [13, 1, 14, 24], [15, 21, 16, 20], [8, 18, 9, 17], [19, 15, 20, 14], [21, 19, 22, 18], [23, 2, 24, 3], [1, 13, 2, 12], [3, 7, 4, 6], [5, 11, 6, 10], [16, 8, 17, 7]]"
12n_0222_21,"[[16, 8, 17, 7], [9, 5, 10, 4], [11, 22, 12, 23], [13, 1, 14, 24], [15, 21, 16, 20], [8, 18, 9, 17], [19, 15, 20, 14], [21, 19, 22, 18], [23, 2, 24, 3], [1, 13, 2, 12], [3, 7, 4, 6], [5, 11, 6, 10]]"
12n_0222_22,"[[5, 11, 6, 10], [16, 8, 17, 7], [9, 5, 10, 4], [11, 22, 12, 23], [13, 1, 14, 24], [15, 21, 16, 20], [8, 18, 9, 17], [19, 15, 20, 14], [21, 19, 22, 18], [23, 2, 24, 3], [1, 13, 2, 12], [3, 7, 4, 6]]"
12n_0222_23,"[[3, 7, 4, 6], [5, 11, 6, 10], [16, 8, 17, 7], [9, 5, 10, 4], [11, 22, 12, 23], [13, 1, 14, 24], [15, 21, 16, 20], [8, 18, 9, 17], [19, 15, 20, 14], [21, 19, 22, 18], [23, 2, 24, 3], [1, 13, 2, 12]]"
12n_0222_24,"[[2, 14, 3, 13], [4, 8, 5, 7], [6, 12, 7, 11], [17, 9, 18, 8], [10, 6, 11, 5], [12, 23, 13, 24], [14, 2, 15, 1], [16, 22, 17, 21], [9, 19, 10, 18], [20, 16, 21, 15], [22, 20, 23, 19], [24, 3, 1, 4]]"
12n_0222_25,"[[24, 3, 1, 4], [2, 14, 3, 13], [4, 8, 5, 7], [6, 12, 7, 11], [17, 9, 18, 8], [10, 6, 11, 5], [12, 23, 13, 24], [14, 2, 15, 1], [16, 22, 17, 21], [9, 19, 10, 18], [20, 16, 21, 15], [22, 20, 23, 19]]"
12n_0222_26,"[[22, 20, 23, 19], [24, 3, 1, 4], [2, 14, 3, 13], [4, 8, 5, 7], [6, 12, 7, 11], [17, 9, 18, 8], [10, 6, 11, 5], [12, 23, 13, 24], [14, 2, 15, 1], [16, 22, 17, 21], [9, 19, 10, 18], [20, 16, 21, 15]]"
12n_0222_27,"[[20, 16, 21, 15], [22, 20, 23, 19], [24, 3, 1, 4], [2, 14, 3, 13], [4, 8, 5, 7], [6, 12, 7, 11], [17, 9, 18, 8], [10, 6, 11, 5], [12, 23, 13, 24], [14, 2, 15, 1], [16, 22, 17, 21], [9, 19, 10, 18]]"
12n_0222_28,"[[9, 19, 10, 18], [20, 16, 21, 15], [22, 20, 23, 19], [24, 3, 1, 4], [2, 14, 3, 13], [4, 8, 5, 7], [6, 12, 7, 11], [17, 9, 18, 8], [10, 6, 11, 5], [12, 23, 13, 24], [14, 2, 15, 1], [16, 22, 17, 21]]"
12n_0222_29,"[[16, 22, 17, 21], [9, 19, 10, 18], [20, 16, 21, 15], [22, 20, 23, 19], [24, 3, 1, 4], [2, 14, 3, 13], [4, 8, 5, 7], [6, 12, 7, 11], [17, 9, 18, 8], [10, 6, 11, 5], [12, 23, 13, 24], [14, 2, 15, 1]]"
12n_0222_30,"[[14, 2, 15, 1], [16, 22, 17, 21], [9, 19, 10, 18], [20, 16, 21, 15], [22, 20, 23, 19], [24, 3, 1, 4], [2, 14, 3, 13], [4, 8, 5, 7], [6, 12, 7, 11], [17, 9, 18, 8], [10, 6, 11, 5], [12, 23, 13, 24]]"
12n_0222_31,"[[12, 23, 13, 24], [14, 2, 15, 1], [16, 22, 17, 21], [9, 19, 10, 18], [20, 16, 21, 15], [22, 20, 23, 19], [24, 3, 1, 4], [2, 14, 3, 13], [4, 8, 5, 7], [6, 12, 7, 11], [17, 9, 18, 8], [10, 6, 11, 5]]"
12n_0222_32,"[[10, 6, 11, 5], [12, 23, 13, 24], [14, 2, 15, 1], [16, 22, 17, 21], [9, 19, 10, 18], [20, 16, 21, 15], [22, 20, 23, 19], [24, 3, 1, 4], [2, 14, 3, 13], [4, 8, 5, 7], [6, 12, 7, 11], [17, 9, 18, 8]]"
12n_0222_33,"[[17, 9, 18, 8], [10, 6, 11, 5], [12, 23, 13, 24], [14, 2, 15, 1], [16, 22, 17, 21], [9, 19, 10, 18], [20, 16, 21, 15], [22, 20, 23, 19], [24, 3, 1, 4], [2, 14, 3, 13], [4, 8, 5, 7], [6, 12, 7, 11]]"
12n_0222_34,"[[6, 12, 7, 11], [17, 9, 18, 8], [10, 6, 11, 5], [12, 23, 13, 24], [14, 2, 15, 1], [16, 22, 17, 21], [9, 19, 10, 18], [20, 16, 21, 15], [22, 20, 23, 19], [24, 3, 1, 4], [2, 14, 3, 13], [4, 8, 5, 7]]"
12n_0222_35,"[[4, 8, 5, 7], [6, 12, 7, 11], [17, 9, 18, 8], [10, 6, 11, 5], [12, 23, 13, 24], [14, 2, 15, 1], [16, 22, 17, 21], [9, 19, 10, 18], [20, 16, 21, 15], [22, 20, 23, 19], [24, 3, 1, 4], [2, 14, 3, 13]]"
12n_0222_36,"[[3, 15, 4, 14], [5, 9, 6, 8], [7, 13, 8, 12], [18, 10, 19, 9], [11, 7, 12, 6], [13, 24, 14, 1], [15, 3, 16, 2], [17, 23, 18, 22], [10, 20, 11, 19], [21, 17, 22, 16], [23, 21, 24, 20], [1, 4, 2, 5]]"
12n_0222_37,"[[1, 4, 2, 5], [3, 15, 4, 14], [5, 9, 6, 8], [7, 13, 8, 12], [18, 10, 19, 9], [11, 7, 12, 6], [13, 24, 14, 1], [15, 3, 16, 2], [17, 23, 18, 22], [10, 20, 11, 19], [21, 17, 22, 16], [23, 21, 24, 20]]"
12n_0222_38,"[[23, 21, 24, 20], [1, 4, 2, 5], [3, 15, 4, 14], [5, 9, 6, 8], [7, 13, 8, 12], [18, 10, 19, 9], [11, 7, 12, 6], [13, 24, 14, 1], [15, 3, 16, 2], [17, 23, 18, 22], [10, 20, 11, 19], [21, 17, 22, 16]]"
12n_0222_39,"[[21, 17, 22, 16], [23, 21, 24, 20], [1, 4, 2, 5], [3, 15, 4, 14], [5, 9, 6, 8], [7, 13, 8, 12], [18, 10, 19, 9], [11, 7, 12, 6], [13, 24, 14, 1], [15, 3, 16, 2], [17, 23, 18, 22], [10, 20, 11, 19]]"
12n_0222_40,"[[10, 20, 11, 19], [21, 17, 22, 16], [23, 21, 24, 20], [1, 4, 2, 5], [3, 15, 4, 14], [5, 9, 6, 8], [7, 13, 8, 12], [18, 10, 19, 9], [11, 7, 12, 6], [13, 24, 14, 1], [15, 3, 16, 2], [17, 23, 18, 22]]"
12n_0222_41,"[[17, 23, 18, 22], [10, 20, 11, 19], [21, 17, 22, 16], [23, 21, 24, 20], [1, 4, 2, 5], [3, 15, 4, 14], [5, 9, 6, 8], [7, 13, 8, 12], [18, 10, 19, 9], [11, 7, 12, 6], [13, 24, 14, 1], [15, 3, 16, 2]]"
12n_0222_42,"[[15, 3, 16, 2], [17, 23, 18, 22], [10, 20, 11, 19], [21, 17, 22, 16], [23, 21, 24, 20], [1, 4, 2, 5], [3, 15, 4, 14], [5, 9, 6, 8], [7, 13, 8, 12], [18, 10, 19, 9], [11, 7, 12, 6], [13, 24, 14, 1]]"
12n_0222_43,"[[13, 24, 14, 1], [15, 3, 16, 2], [17, 23, 18, 22], [10, 20, 11, 19], [21, 17, 22, 16], [23, 21, 24, 20], [1, 4, 2, 5], [3, 15, 4, 14], [5, 9, 6, 8], [7, 13, 8, 12], [18, 10, 19, 9], [11, 7, 12, 6]]"
12n_0222_44,"[[11, 7, 12, 6], [13, 24, 14, 1], [15, 3, 16, 2], [17, 23, 18, 22], [10, 20, 11, 19], [21, 17, 22, 16], [23, 21, 24, 20], [1, 4, 2, 5], [3, 15, 4, 14], [5, 9, 6, 8], [7, 13, 8, 12], [18, 10, 19, 9]]"
12n_0222_45,"[[18, 10, 19, 9], [11, 7, 12, 6], [13, 24, 14, 1], [15, 3, 16, 2], [17, 23, 18, 22], [10, 20, 11, 19], [21, 17, 22, 16], [23, 21, 24, 20], [1, 4, 2, 5], [3, 15, 4, 14], [5, 9, 6, 8], [7, 13, 8, 12]]"
12n_0222_46,"[[7, 13, 8, 12], [18, 10, 19, 9], [11, 7, 12, 6], [13, 24, 14, 1], [15, 3, 16, 2], [17, 23, 18, 22], [10, 20, 11, 19], [21, 17, 22, 16], [23, 21, 24, 20], [1, 4, 2, 5], [3, 15, 4, 14], [5, 9, 6, 8]]"
12n_0222_47,"[[5, 9, 6, 8], [7, 13, 8, 12], [18, 10, 19, 9], [11, 7, 12, 6], [13, 24, 14, 1], [15, 3, 16, 2], [17, 23, 18, 22], [10, 20, 11, 19], [21, 17, 22, 16], [23, 21, 24, 20], [1, 4, 2, 5], [3, 15, 4, 14]]"
12n_0222_48,"[[4, 16, 5, 15], [6, 10, 7, 9], [8, 14, 9, 13], [19, 11, 20, 10], [12, 8, 13, 7], [14, 1, 15, 2], [16, 4, 17, 3], [18, 24, 19, 23], [11, 21, 12, 20], [22, 18, 23, 17], [24, 22, 1, 21], [2, 5, 3, 6]]"
12n_0222_49,"[[2, 5, 3, 6], [4, 16, 5, 15], [6, 10, 7, 9], [8, 14, 9, 13], [19, 11, 20, 10], [12, 8, 13, 7], [14, 1, 15, 2], [16, 4, 17, 3], [18, 24, 19, 23], [11, 21, 12, 20], [22, 18, 23, 17], [24, 22, 1, 21]]"
12n_0222_50,"[[24, 22, 1, 21], [2, 5, 3, 6], [4, 16, 5, 15], [6, 10, 7, 9], [8, 14, 9, 13], [19, 11, 20, 10], [12, 8, 13, 7], [14, 1, 15, 2], [16, 4, 17, 3], [18, 24, 19, 23], [11, 21, 12, 20], [22, 18, 23, 17]]"
12n_0222_51,"[[22, 18, 23, 17], [24, 22, 1, 21], [2, 5, 3, 6], [4, 16, 5, 15], [6, 10, 7, 9], [8, 14, 9, 13], [19, 11, 20, 10], [12, 8, 13, 7], [14, 1, 15, 2], [16, 4, 17, 3], [18, 24, 19, 23], [11, 21, 12, 20]]"
12n_0222_52,"[[11, 21, 12, 20], [22, 18, 23, 17], [24, 22, 1, 21], [2, 5, 3, 6], [4, 16, 5, 15], [6, 10, 7, 9], [8, 14, 9, 13], [19, 11, 20, 10], [12, 8, 13, 7], [14, 1, 15, 2], [16, 4, 17, 3], [18, 24, 19, 23]]"
12n_0222_53,"[[18, 24, 19, 23], [11, 21, 12, 20], [22, 18, 23, 17], [24, 22, 1, 21], [2, 5, 3, 6], [4, 16, 5, 15], [6, 10, 7, 9], [8, 14, 9, 13], [19, 11, 20, 10], [12, 8, 13, 7], [14, 1, 15, 2], [16, 4, 17, 3]]"
12n_0222_54,"[[16, 4, 17, 3], [18, 24, 19, 23], [11, 21, 12, 20], [22, 18, 23, 17], [24, 22, 1, 21], [2, 5, 3, 6], [4, 16, 5, 15], [6, 10, 7, 9], [8, 14, 9, 13], [19, 11, 20, 10], [12, 8, 13, 7], [14, 1, 15, 2]]"
12n_0222_55,"[[14, 1, 15, 2], [16, 4, 17, 3], [18, 24, 19, 23], [11, 21, 12, 20], [22, 18, 23, 17], [24, 22, 1, 21], [2, 5, 3, 6], [4, 16, 5, 15], [6, 10, 7, 9], [8, 14, 9, 13], [19, 11, 20, 10], [12, 8, 13, 7]]"
12n_0222_56,"[[12, 8, 13, 7], [14, 1, 15, 2], [16, 4, 17, 3], [18, 24, 19, 23], [11, 21, 12, 20], [22, 18, 23, 17], [24, 22, 1, 21], [2, 5, 3, 6], [4, 16, 5, 15], [6, 10, 7, 9], [8, 14, 9, 13], [19, 11, 20, 10]]"
12n_0222_57,"[[19, 11, 20, 10], [12, 8, 13, 7], [14, 1, 15, 2], [16, 4, 17, 3], [18, 24, 19, 23], [11, 21, 12, 20], [22, 18, 23, 17], [24, 22, 1, 21], [2, 5, 3, 6], [4, 16, 5, 15], [6, 10, 7, 9], [8, 14, 9, 13]]"
12n_0222_58,"[[8, 14, 9, 13], [19, 11, 20, 10], [12, 8, 13, 7], [14, 1, 15, 2], [16, 4, 17, 3], [18, 24, 19, 23], [11, 21, 12, 20], [22, 18, 23, 17], [24, 22, 1, 21], [2, 5, 3, 6], [4, 16, 5, 15], [6, 10, 7, 9]]"
12n_0222_59,"[[6, 10, 7, 9], [8, 14, 9, 13], [19, 11, 20, 10], [12, 8, 13, 7], [14, 1, 15, 2], [16, 4, 17, 3], [18, 24, 19, 23], [11, 21, 12, 20], [22, 18, 23, 17], [24, 22, 1, 21], [2, 5, 3, 6], [4, 16, 5, 15]]"
12n_0222_60,"[[5, 17, 6, 16], [7, 11, 8, 10], [9, 15, 10, 14], [20, 12, 21, 11], [13, 9, 14, 8], [15, 2, 16, 3], [17, 5, 18, 4], [19, 1, 20, 24], [12, 22, 13, 21], [23, 19, 24, 18], [1, 23, 2, 22], [3, 6, 4, 7]]"
12n_0222_61,"[[3, 6, 4, 7], [5, 17, 6, 16], [7, 11, 8, 10], [9, 15, 10, 14], [20, 12, 21, 11], [13, 9, 14, 8], [15, 2, 16, 3], [17, 5, 18, 4], [19, 1, 20, 24], [12, 22, 13, 21], [23, 19, 24, 18], [1, 23, 2, 22]]"
12n_0222_62,"[[1, 23, 2, 22], [3, 6, 4, 7], [5, 17, 6, 16], [7, 11, 8, 10], [9, 15, 10, 14], [20, 12, 21, 11], [13, 9, 14, 8], [15, 2, 16, 3], [17, 5, 18, 4], [19, 1, 20, 24], [12, 22, 13, 21], [23, 19, 24, 18]]"
12n_0222_63,"[[23, 19, 24, 18], [1, 23, 2, 22], [3, 6, 4, 7], [5, 17, 6, 16], [7, 11, 8, 10], [9, 15, 10, 14], [20, 12, 21, 11], [13, 9, 14, 8], [15, 2, 16, 3], [17, 5, 18, 4], [19, 1, 20, 24], [12, 22, 13, 21]]"
12n_0222_64,"[[12, 22, 13, 21], [23, 19, 24, 18], [1, 23, 2, 22], [3, 6, 4, 7], [5, 17, 6, 16], [7, 11, 8, 10], [9, 15, 10, 14], [20, 12, 21, 11], [13, 9, 14, 8], [15, 2, 16, 3], [17, 5, 18, 4], [19, 1, 20, 24]]"
12n_0222_65,"[[19, 1, 20, 24], [12, 22, 13, 21], [23, 19, 24, 18], [1, 23, 2, 22], [3, 6, 4, 7], [5, 17, 6, 16], [7, 11, 8, 10], [9, 15, 10, 14], [20, 12, 21, 11], [13, 9, 14, 8], [15, 2, 16, 3], [17, 5, 18, 4]]"
12n_0222_66,"[[17, 5, 18, 4], [19, 1, 20, 24], [12, 22, 13, 21], [23, 19, 24, 18], [1, 23, 2, 22], [3, 6, 4, 7], [5, 17, 6, 16], [7, 11, 8, 10], [9, 15, 10, 14], [20, 12, 21, 11], [13, 9, 14, 8], [15, 2, 16, 3]]"
12n_0222_67,"[[15, 2, 16, 3], [17, 5, 18, 4], [19, 1, 20, 24], [12, 22, 13, 21], [23, 19, 24, 18], [1, 23, 2, 22], [3, 6, 4, 7], [5, 17, 6, 16], [7, 11, 8, 10], [9, 15, 10, 14], [20, 12, 21, 11], [13, 9, 14, 8]]"
12n_0222_68,"[[13, 9, 14, 8], [15, 2, 16, 3], [17, 5, 18, 4], [19, 1, 20, 24], [12, 22, 13, 21], [23, 19, 24, 18], [1, 23, 2, 22], [3, 6, 4, 7], [5, 17, 6, 16], [7, 11, 8, 10], [9, 15, 10, 14], [20, 12, 21, 11]]"
12n_0222_69,"[[20, 12, 21, 11], [13, 9, 14, 8], [15, 2, 16, 3], [17, 5, 18, 4], [19, 1, 20, 24], [12, 22, 13, 21], [23, 19, 24, 18], [1, 23, 2, 22], [3, 6, 4, 7], [5, 17, 6, 16], [7, 11, 8, 10], [9, 15, 10, 14]]"
12n_0222_70,"[[9, 15, 10, 14], [20, 12, 21, 11], [13, 9, 14, 8], [15, 2, 16, 3], [17, 5, 18, 4], [19, 1, 20, 24], [12, 22, 13, 21], [23, 19, 24, 18], [1, 23, 2, 22], [3, 6, 4, 7], [5, 17, 6, 16], [7, 11, 8, 10]]"
12n_0222_71,"[[7, 11, 8, 10], [9, 15, 10, 14], [20, 12, 21, 11], [13, 9, 14, 8], [15, 2, 16, 3], [17, 5, 18, 4], [19, 1, 20, 24], [12, 22, 13, 21], [23, 19, 24, 18], [1, 23, 2, 22], [3, 6, 4, 7], [5, 17, 6, 16]]"
12n_0222_72,"[[6, 18, 7, 17], [8, 12, 9, 11], [10, 16, 11, 15], [21, 13, 22, 12], [14, 10, 15, 9], [16, 3, 17, 4], [18, 6, 19, 5], [20, 2, 21, 1], [13, 23, 14, 22], [24, 20, 1, 19], [2, 24, 3, 23], [4, 7, 5, 8]]"
12n_0222_73,"[[4, 7, 5, 8], [6, 18, 7, 17], [8, 12, 9, 11], [10, 16, 11, 15], [21, 13, 22, 12], [14, 10, 15, 9], [16, 3, 17, 4], [18, 6, 19, 5], [20, 2, 21, 1], [13, 23, 14, 22], [24, 20, 1, 19], [2, 24, 3, 23]]"
12n_0222_74,"[[2, 24, 3, 23], [4, 7, 5, 8], [6, 18, 7, 17], [8, 12, 9, 11], [10, 16, 11, 15], [21, 13, 22, 12], [14, 10, 15, 9], [16, 3, 17, 4], [18, 6, 19, 5], [20, 2, 21, 1], [13, 23, 14, 22], [24, 20, 1, 19]]"
12n_0222_75,"[[24, 20, 1, 19], [2, 24, 3, 23], [4, 7, 5, 8], [6, 18, 7, 17], [8, 12, 9, 11], [10, 16, 11, 15], [21, 13, 22, 12], [14, 10, 15, 9], [16, 3, 17, 4], [18, 6, 19, 5], [20, 2, 21, 1], [13, 23, 14, 22]]"
12n_0222_76,"[[13, 23, 14, 22], [24, 20, 1, 19], [2, 24, 3, 23], [4, 7, 5, 8], [6, 18, 7, 17], [8, 12, 9, 11], [10, 16, 11, 15], [21, 13, 22, 12], [14, 10, 15, 9], [16, 3, 17, 4], [18, 6, 19, 5], [20, 2, 21, 1]]"
12n_0222_77,"[[20, 2, 21, 1], [13, 23, 14, 22], [24, 20, 1, 19], [2, 24, 3, 23], [4, 7, 5, 8], [6, 18, 7, 17], [8, 12, 9, 11], [10, 16, 11, 15], [21, 13, 22, 12], [14, 10, 15, 9], [16, 3, 17, 4], [18, 6, 19, 5]]"
12n_0222_78,"[[18, 6, 19, 5], [20, 2, 21, 1], [13, 23, 14, 22], [24, 20, 1, 19], [2, 24, 3, 23], [4, 7, 5, 8], [6, 18, 7, 17], [8, 12, 9, 11], [10, 16, 11, 15], [21, 13, 22, 12], [14, 10, 15, 9], [16, 3, 17, 4]]"
12n_0222_79,"[[16, 3, 17, 4], [18, 6, 19, 5], [20, 2, 21, 1], [13, 23, 14, 22], [24, 20, 1, 19], [2, 24, 3, 23], [4, 7, 5, 8], [6, 18, 7, 17], [8, 12, 9, 11], [10, 16, 11, 15], [21, 13, 22, 12], [14, 10, 15, 9]]"
12n_0222_80,"[[14, 10, 15, 9], [16, 3, 17, 4], [18, 6, 19, 5], [20, 2, 21, 1], [13, 23, 14, 22], [24, 20, 1, 19], [2, 24, 3, 23], [4, 7, 5, 8], [6, 18, 7, 17], [8, 12, 9, 11], [10, 16, 11, 15], [21, 13, 22, 12]]"
12n_0222_81,"[[21, 13, 22, 12], [14, 10, 15, 9], [16, 3, 17, 4], [18, 6, 19, 5], [20, 2, 21, 1], [13, 23, 14, 22], [24, 20, 1, 19], [2, 24, 3, 23], [4, 7, 5, 8], [6, 18, 7, 17], [8, 12, 9, 11], [10, 16, 11, 15]]"
12n_0222_82,"[[10, 16, 11, 15], [21, 13, 22, 12], [14, 10, 15, 9], [16, 3, 17, 4], [18, 6, 19, 5], [20, 2, 21, 1], [13, 23, 14, 22], [24, 20, 1, 19], [2, 24, 3, 23], [4, 7, 5, 8], [6, 18, 7, 17], [8, 12, 9, 11]]"
12n_0222_83,"[[8, 12, 9, 11], [10, 16, 11, 15], [21, 13, 22, 12], [14, 10, 15, 9], [16, 3, 17, 4], [18, 6, 19, 5], [20, 2, 21, 1], [13, 23, 14, 22], [24, 20, 1, 19], [2, 24, 3, 23], [4, 7, 5, 8], [6, 18, 7, 17]]"
12n_0222_84,"[[7, 19, 8, 18], [9, 13, 10, 12], [11, 17, 12, 16], [22, 14, 23, 13], [15, 11, 16, 10], [17, 4, 18, 5], [19, 7, 20, 6], [21, 3, 22, 2], [14, 24, 15, 23], [1, 21, 2, 20], [3, 1, 4, 24], [5, 8, 6, 9]]"
12n_0222_85,"[[5, 8, 6, 9], [7, 19, 8, 18], [9, 13, 10, 12], [11, 17, 12, 16], [22, 14, 23, 13], [15, 11, 16, 10], [17, 4, 18, 5], [19, 7, 20, 6], [21, 3, 22, 2], [14, 24, 15, 23], [1, 21, 2, 20], [3, 1, 4, 24]]"
12n_0222_86,"[[3, 1, 4, 24], [5, 8, 6, 9], [7, 19, 8, 18], [9, 13, 10, 12], [11, 17, 12, 16], [22, 14, 23, 13], [15, 11, 16, 10], [17, 4, 18, 5], [19, 7, 20, 6], [21, 3, 22, 2], [14, 24, 15, 23], [1, 21, 2, 20]]"
12n_0222_87,"[[1, 21, 2, 20], [3, 1, 4, 24], [5, 8, 6, 9], [7, 19, 8, 18], [9, 13, 10, 12], [11, 17, 12, 16], [22, 14, 23, 13], [15, 11, 16, 10], [17, 4, 18, 5], [19, 7, 20, 6], [21, 3, 22, 2], [14, 24, 15, 23]]"
12n_0222_88,"[[14, 24, 15, 23], [1, 21, 2, 20], [3, 1, 4, 24], [5, 8, 6, 9], [7, 19, 8, 18], [9, 13, 10, 12], [11, 17, 12, 16], [22, 14, 23, 13], [15, 11, 16, 10], [17, 4, 18, 5], [19, 7, 20, 6], [21, 3, 22, 2]]"
12n_0222_89,"[[21, 3, 22, 2], [14, 24, 15, 23], [1, 21, 2, 20], [3, 1, 4, 24], [5, 8, 6, 9], [7, 19, 8, 18], [9, 13, 10, 12], [11, 17, 12, 16], [22, 14, 23, 13], [15, 11, 16, 10], [17, 4, 18, 5], [19, 7, 20, 6]]"
12n_0222_90,"[[19, 7, 20, 6], [21, 3, 22, 2], [14, 24, 15, 23], [1, 21, 2, 20], [3, 1, 4, 24], [5, 8, 6, 9], [7, 19, 8, 18], [9, 13, 10, 12], [11, 17, 12, 16], [22, 14, 23, 13], [15, 11, 16, 10], [17, 4, 18, 5]]"
12n_0222_91,"[[17, 4, 18, 5], [19, 7, 20, 6], [21, 3, 22, 2], [14, 24, 15, 23], [1, 21, 2, 20], [3, 1, 4, 24], [5, 8, 6, 9], [7, 19, 8, 18], [9, 13, 10, 12], [11, 17, 12, 16], [22, 14, 23, 13], [15, 11, 16, 10]]"
12n_0222_92,"[[15, 11, 16, 10], [17, 4, 18, 5], [19, 7, 20, 6], [21, 3, 22, 2], [14, 24, 15, 23], [1, 21, 2, 20], [3, 1, 4, 24], [5, 8, 6, 9], [7, 19, 8, 18], [9, 13, 10, 12], [11, 17, 12, 16], [22, 14, 23, 13]]"
12n_0222_93,"[[22, 14, 23, 13], [15, 11, 16, 10], [17, 4, 18, 5], [19, 7, 20, 6], [21, 3, 22, 2], [14, 24, 15, 23], [1, 21, 2, 20], [3, 1, 4, 24], [5, 8, 6, 9], [7, 19, 8, 18], [9, 13, 10, 12], [11, 17, 12, 16]]"
12n_0222_94,"[[11, 17, 12, 16], [22, 14, 23, 13], [15, 11, 16, 10], [17, 4, 18, 5], [19, 7, 20, 6], [21, 3, 22, 2], [14, 24, 15, 23], [1, 21, 2, 20], [3, 1, 4, 24], [5, 8, 6, 9], [7, 19, 8, 18], [9, 13, 10, 12]]"
12n_0222_95,"[[9, 13, 10, 12], [11, 17, 12, 16], [22, 14, 23, 13], [15, 11, 16, 10], [17, 4, 18, 5], [19, 7, 20, 6], [21, 3, 22, 2], [14, 24, 15, 23], [1, 21, 2, 20], [3, 1, 4, 24], [5, 8, 6, 9], [7, 19, 8, 18]]"
12n_0222_96,"[[8, 20, 9, 19], [10, 14, 11, 13], [12, 18, 13, 17], [23, 15, 24, 14], [16, 12, 17, 11], [18, 5, 19, 6], [20, 8, 21, 7], [22, 4, 23, 3], [15, 1, 16, 24], [2, 22, 3, 21], [4, 2, 5, 1], [6, 9, 7, 10]]"
12n_0222_97,"[[6, 9, 7, 10], [8, 20, 9, 19], [10, 14, 11, 13], [12, 18, 13, 17], [23, 15, 24, 14], [16, 12, 17, 11], [18, 5, 19, 6], [20, 8, 21, 7], [22, 4, 23, 3], [15, 1, 16, 24], [2, 22, 3, 21], [4, 2, 5, 1]]"
12n_0222_98,"[[4, 2, 5, 1], [6, 9, 7, 10], [8, 20, 9, 19], [10, 14, 11, 13], [12, 18, 13, 17], [23, 15, 24, 14], [16, 12, 17, 11], [18, 5, 19, 6], [20, 8, 21, 7], [22, 4, 23, 3], [15, 1, 16, 24], [2, 22, 3, 21]]"
12n_0222_99,"[[2, 22, 3, 21], [4, 2, 5, 1], [6, 9, 7, 10], [8, 20, 9, 19], [10, 14, 11, 13], [12, 18, 13, 17], [23, 15, 24, 14], [16, 12, 17, 11], [18, 5, 19, 6], [20, 8, 21, 7], [22, 4, 23, 3], [15, 1, 16, 24]]"
12n_0222_100,"[[15, 1, 16, 24], [2, 22, 3, 21], [4, 2, 5, 1], [6, 9, 7, 10], [8, 20, 9, 19], [10, 14, 11, 13], [12, 18, 13, 17], [23, 15, 24, 14], [16, 12, 17, 11], [18, 5, 19, 6], [20, 8, 21, 7], [22, 4, 23, 3]]"
12n_0222_101,"[[22, 4, 23, 3], [15, 1, 16, 24], [2, 22, 3, 21], [4, 2, 5, 1], [6, 9, 7, 10], [8, 20, 9, 19], [10, 14, 11, 13], [12, 18, 13, 17], [23, 15, 24, 14], [16, 12, 17, 11], [18, 5, 19, 6], [20, 8, 21, 7]]"
12n_0222_102,"[[20, 8, 21, 7], [22, 4, 23, 3], [15, 1, 16, 24], [2, 22, 3, 21], [4, 2, 5, 1], [6, 9, 7, 10], [8, 20, 9, 19], [10, 14, 11, 13], [12, 18, 13, 17], [23, 15, 24, 14], [16, 12, 17, 11], [18, 5, 19, 6]]"
12n_0222_103,"[[18, 5, 19, 6], [20, 8, 21, 7], [22, 4, 23, 3], [15, 1, 16, 24], [2, 22, 3, 21], [4, 2, 5, 1], [6, 9, 7, 10], [8, 20, 9, 19], [10, 14, 11, 13], [12, 18, 13, 17], [23, 15, 24, 14], [16, 12, 17, 11]]"
12n_0222_104,"[[16, 12, 17, 11], [18, 5, 19, 6], [20, 8, 21, 7], [22, 4, 23, 3], [15, 1, 16, 24], [2, 22, 3, 21], [4, 2, 5, 1], [6, 9, 7, 10], [8, 20, 9, 19], [10, 14, 11, 13], [12, 18, 13, 17], [23, 15, 24, 14]]"
12n_0222_105,"[[23, 15, 24, 14], [16, 12, 17, 11], [18, 5, 19, 6], [20, 8, 21, 7], [22, 4, 23, 3], [15, 1, 16, 24], [2, 22, 3, 21], [4, 2, 5, 1], [6, 9, 7, 10], [8, 20, 9, 19], [10, 14, 11, 13], [12, 18, 13, 17]]"
12n_0222_106,"[[12, 18, 13, 17], [23, 15, 24, 14], [16, 12, 17, 11], [18, 5, 19, 6], [20, 8, 21, 7], [22, 4, 23, 3], [15, 1, 16, 24], [2, 22, 3, 21], [4, 2, 5, 1], [6, 9, 7, 10], [8, 20, 9, 19], [10, 14, 11, 13]]"
12n_0222_107,"[[10, 14, 11, 13], [12, 18, 13, 17], [23, 15, 24, 14], [16, 12, 17, 11], [18, 5, 19, 6], [20, 8, 21, 7], [22, 4, 23, 3], [15, 1, 16, 24], [2, 22, 3, 21], [4, 2, 5, 1], [6, 9, 7, 10], [8, 20, 9, 19]]"
12n_0222_108,"[[9, 21, 10, 20], [11, 15, 12, 14], [13, 19, 14, 18], [24, 16, 1, 15], [17, 13, 18, 12], [19, 6, 20, 7], [21, 9, 22, 8], [23, 5, 24, 4], [16, 2, 17, 1], [3, 23, 4, 22], [5, 3, 6, 2], [7, 10, 8, 11]]"
12n_0222_109,"[[7, 10, 8, 11], [9, 21, 10, 20], [11, 15, 12, 14], [13, 19, 14, 18], [24, 16, 1, 15], [17, 13, 18, 12], [19, 6, 20, 7], [21, 9, 22, 8], [23, 5, 24, 4], [16, 2, 17, 1], [3, 23, 4, 22], [5, 3, 6, 2]]"
12n_0222_110,"[[5, 3, 6, 2], [7, 10, 8, 11], [9, 21, 10, 20], [11, 15, 12, 14], [13, 19, 14, 18], [24, 16, 1, 15], [17, 13, 18, 12], [19, 6, 20, 7], [21, 9, 22, 8], [23, 5, 24, 4], [16, 2, 17, 1], [3, 23, 4, 22]]"
12n_0222_111,"[[3, 23, 4, 22], [5, 3, 6, 2], [7, 10, 8, 11], [9, 21, 10, 20], [11, 15, 12, 14], [13, 19, 14, 18], [24, 16, 1, 15], [17, 13, 18, 12], [19, 6, 20, 7], [21, 9, 22, 8], [23, 5, 24, 4], [16, 2, 17, 1]]"
12n_0222_112,"[[16, 2, 17, 1], [3, 23, 4, 22], [5, 3, 6, 2], [7, 10, 8, 11], [9, 21, 10, 20], [11, 15, 12, 14], [13, 19, 14, 18], [24, 16, 1, 15], [17, 13, 18, 12], [19, 6, 20, 7], [21, 9, 22, 8], [23, 5, 24, 4]]"
12n_0222_113,"[[23, 5, 24, 4], [16, 2, 17, 1], [3, 23, 4, 22], [5, 3, 6, 2], [7, 10, 8, 11], [9, 21, 10, 20], [11, 15, 12, 14], [13, 19, 14, 18], [24, 16, 1, 15], [17, 13, 18, 12], [19, 6, 20, 7], [21, 9, 22, 8]]"
12n_0222_114,"[[21, 9, 22, 8], [23, 5, 24, 4], [16, 2, 17, 1], [3, 23, 4, 22], [5, 3, 6, 2], [7, 10, 8, 11], [9, 21, 10, 20], [11, 15, 12, 14], [13, 19, 14, 18], [24, 16, 1, 15], [17, 13, 18, 12], [19, 6, 20, 7]]"
12n_0222_115,"[[19, 6, 20, 7], [21, 9, 22, 8], [23, 5, 24, 4], [16, 2, 17, 1], [3, 23, 4, 22], [5, 3, 6, 2], [7, 10, 8, 11], [9, 21, 10, 20], [11, 15, 12, 14], [13, 19, 14, 18], [24, 16, 1, 15], [17, 13, 18, 12]]"
12n_0222_116,"[[17, 13, 18, 12], [19, 6, 20, 7], [21, 9, 22, 8], [23, 5, 24, 4], [16, 2, 17, 1], [3, 23, 4, 22], [5, 3, 6, 2], [7, 10, 8, 11], [9, 21, 10, 20], [11, 15, 12, 14], [13, 19, 14, 18], [24, 16, 1, 15]]"
12n_0222_117,"[[24, 16, 1, 15], [17, 13, 18, 12], [19, 6, 20, 7], [21, 9, 22, 8], [23, 5, 24, 4], [16, 2, 17, 1], [3, 23, 4, 22], [5, 3, 6, 2], [7, 10, 8, 11], [9, 21, 10, 20], [11, 15, 12, 14], [13, 19, 14, 18]]"
12n_0222_118,"[[13, 19, 14, 18], [24, 16, 1, 15], [17, 13, 18, 12], [19, 6, 20, 7], [21, 9, 22, 8], [23, 5, 24, 4], [16, 2, 17, 1], [3, 23, 4, 22], [5, 3, 6, 2], [7, 10, 8, 11], [9, 21, 10, 20], [11, 15, 12, 14]]"
12n_0222_119,"[[11, 15, 12, 14], [13, 19, 14, 18], [24, 16, 1, 15], [17, 13, 18, 12], [19, 6, 20, 7], [21, 9, 22, 8], [23, 5, 24, 4], [16, 2, 17, 1], [3, 23, 4, 22], [5, 3, 6, 2], [7, 10, 8, 11], [9, 21, 10, 20]]"
12n_0222_120,"[[10, 22, 11, 21], [12, 16, 13, 15], [14, 20, 15, 19], [1, 17, 2, 16], [18, 14, 19, 13], [20, 7, 21, 8], [22, 10, 23, 9], [24, 6, 1, 5], [17, 3, 18, 2], [4, 24, 5, 23], [6, 4, 7, 3], [8, 11, 9, 12]]"
12n_0222_121,"[[8, 11, 9, 12], [10, 22, 11, 21], [12, 16, 13, 15], [14, 20, 15, 19], [1, 17, 2, 16], [18, 14, 19, 13], [20, 7, 21, 8], [22, 10, 23, 9], [24, 6, 1, 5], [17, 3, 18, 2], [4, 24, 5, 23], [6, 4, 7, 3]]"
12n_0222_122,"[[6, 4, 7, 3], [8, 11, 9, 12], [10, 22, 11, 21], [12, 16, 13, 15], [14, 20, 15, 19], [1, 17, 2, 16], [18, 14, 19, 13], [20, 7, 21, 8], [22, 10, 23, 9], [24, 6, 1, 5], [17, 3, 18, 2], [4, 24, 5, 23]]"
12n_0222_123,"[[4, 24, 5, 23], [6, 4, 7, 3], [8, 11, 9, 12], [10, 22, 11, 21], [12, 16, 13, 15], [14, 20, 15, 19], [1, 17, 2, 16], [18, 14, 19, 13], [20, 7, 21, 8], [22, 10, 23, 9], [24, 6, 1, 5], [17, 3, 18, 2]]"
12n_0222_124,"[[17, 3, 18, 2], [4, 24, 5, 23], [6, 4, 7, 3], [8, 11, 9, 12], [10, 22, 11, 21], [12, 16, 13, 15], [14, 20, 15, 19], [1, 17, 2, 16], [18, 14, 19, 13], [20, 7, 21, 8], [22, 10, 23, 9], [24, 6, 1, 5]]"
12n_0222_125,"[[24, 6, 1, 5], [17, 3, 18, 2], [4, 24, 5, 23], [6, 4, 7, 3], [8, 11, 9, 12], [10, 22, 11, 21], [12, 16, 13, 15], [14, 20, 15, 19], [1, 17, 2, 16], [18, 14, 19, 13], [20, 7, 21, 8], [22, 10, 23, 9]]"
12n_0222_126,"[[22, 10, 23, 9], [24, 6, 1, 5], [17, 3, 18, 2], [4, 24, 5, 23], [6, 4, 7, 3], [8, 11, 9, 12], [10, 22, 11, 21], [12, 16, 13, 15], [14, 20, 15, 19], [1, 17, 2, 16], [18, 14, 19, 13], [20, 7, 21, 8]]"
12n_0222_127,"[[20, 7, 21, 8], [22, 10, 23, 9], [24, 6, 1, 5], [17, 3, 18, 2], [4, 24, 5, 23], [6, 4, 7, 3], [8, 11, 9, 12], [10, 22, 11, 21], [12, 16, 13, 15], [14, 20, 15, 19], [1, 17, 2, 16], [18, 14, 19, 13]]"
12n_0222_128,"[[18, 14, 19, 13], [20, 7, 21, 8], [22, 10, 23, 9], [24, 6, 1, 5], [17, 3, 18, 2], [4, 24, 5, 23], [6, 4, 7, 3], [8, 11, 9, 12], [10, 22, 11, 21], [12, 16, 13, 15], [14, 20, 15, 19], [1, 17, 2, 16]]"
12n_0222_129,"[[1, 17, 2, 16], [18, 14, 19, 13], [20, 7, 21, 8], [22, 10, 23, 9], [24, 6, 1, 5], [17, 3, 18, 2], [4, 24, 5, 23], [6, 4, 7, 3], [8, 11, 9, 12], [10, 22, 11, 21], [12, 16, 13, 15], [14, 20, 15, 19]]"
12n_0222_130,"[[14, 20, 15, 19], [1, 17, 2, 16], [18, 14, 19, 13], [20, 7, 21, 8], [22, 10, 23, 9], [24, 6, 1, 5], [17, 3, 18, 2], [4, 24, 5, 23], [6, 4, 7, 3], [8, 11, 9, 12], [10, 22, 11, 21], [12, 16, 13, 15]]"
12n_0222_131,"[[12, 16, 13, 15], [14, 20, 15, 19], [1, 17, 2, 16], [18, 14, 19, 13], [20, 7, 21, 8], [22, 10, 23, 9], [24, 6, 1, 5], [17, 3, 18, 2], [4, 24, 5, 23], [6, 4, 7, 3], [8, 11, 9, 12], [10, 22, 11, 21]]"
12n_0222_132,"[[11, 23, 12, 22], [13, 17, 14, 16], [15, 21, 16, 20], [2, 18, 3, 17], [19, 15, 20, 14], [21, 8, 22, 9], [23, 11, 24, 10], [1, 7, 2, 6], [18, 4, 19, 3], [5, 1, 6, 24], [7, 5, 8, 4], [9, 12, 10, 13]]"
12n_0222_133,"[[9, 12, 10, 13], [11, 23, 12, 22], [13, 17, 14, 16], [15, 21, 16, 20], [2, 18, 3, 17], [19, 15, 20, 14], [21, 8, 22, 9], [23, 11, 24, 10], [1, 7, 2, 6], [18, 4, 19, 3], [5, 1, 6, 24], [7, 5, 8, 4]]"
12n_0222_134,"[[7, 5, 8, 4], [9, 12, 10, 13], [11, 23, 12, 22], [13, 17, 14, 16], [15, 21, 16, 20], [2, 18, 3, 17], [19, 15, 20, 14], [21, 8, 22, 9], [23, 11, 24, 10], [1, 7, 2, 6], [18, 4, 19, 3], [5, 1, 6, 24]]"
12n_0222_135,"[[5, 1, 6, 24], [7, 5, 8, 4], [9, 12, 10, 13], [11, 23, 12, 22], [13, 17, 14, 16], [15, 21, 16, 20], [2, 18, 3, 17], [19, 15, 20, 14], [21, 8, 22, 9], [23, 11, 24, 10], [1, 7, 2, 6], [18, 4, 19, 3]]"
12n_0222_136,"[[18, 4, 19, 3], [5, 1, 6, 24], [7, 5, 8, 4], [9, 12, 10, 13], [11, 23, 12, 22], [13, 17, 14, 16], [15, 21, 16, 20], [2, 18, 3, 17], [19, 15, 20, 14], [21, 8, 22, 9], [23, 11, 24, 10], [1, 7, 2, 6]]"
12n_0222_137,"[[1, 7, 2, 6], [18, 4, 19, 3], [5, 1, 6, 24], [7, 5, 8, 4], [9, 12, 10, 13], [11, 23, 12, 22], [13, 17, 14, 16], [15, 21, 16, 20], [2, 18, 3, 17], [19, 15, 20, 14], [21, 8, 22, 9], [23, 11, 24, 10]]"
12n_0222_138,"[[23, 11, 24, 10], [1, 7, 2, 6], [18, 4, 19, 3], [5, 1, 6, 24], [7, 5, 8, 4], [9, 12, 10, 13], [11, 23, 12, 22], [13, 17, 14, 16], [15, 21, 16, 20], [2, 18, 3, 17], [19, 15, 20, 14], [21, 8, 22, 9]]"
12n_0222_139,"[[21, 8, 22, 9], [23, 11, 24, 10], [1, 7, 2, 6], [18, 4, 19, 3], [5, 1, 6, 24], [7, 5, 8, 4], [9, 12, 10, 13], [11, 23, 12, 22], [13, 17, 14, 16], [15, 21, 16, 20], [2, 18, 3, 17], [19, 15, 20, 14]]"
12n_0222_140,"[[19, 15, 20, 14], [21, 8, 22, 9], [23, 11, 24, 10], [1, 7, 2, 6], [18, 4, 19, 3], [5, 1, 6, 24], [7, 5, 8, 4], [9, 12, 10, 13], [11, 23, 12, 22], [13, 17, 14, 16], [15, 21, 16, 20], [2, 18, 3, 17]]"
12n_0222_141,"[[2, 18, 3, 17], [19, 15, 20, 14], [21, 8, 22, 9], [23, 11, 24, 10], [1, 7, 2, 6], [18, 4, 19, 3], [5, 1, 6, 24], [7, 5, 8, 4], [9, 12, 10, 13], [11, 23, 12, 22], [13, 17, 14, 16], [15, 21, 16, 20]]"
12n_0222_142,"[[15, 21, 16, 20], [2, 18, 3, 17], [19, 15, 20, 14], [21, 8, 22, 9], [23, 11, 24, 10], [1, 7, 2, 6], [18, 4, 19, 3], [5, 1, 6, 24], [7, 5, 8, 4], [9, 12, 10, 13], [11, 23, 12, 22], [13, 17, 14, 16]]"
12n_0222_143,"[[13, 17, 14, 16], [15, 21, 16, 20], [2, 18, 3, 17], [19, 15, 20, 14], [21, 8, 22, 9], [23, 11, 24, 10], [1, 7, 2, 6], [18, 4, 19, 3], [5, 1, 6, 24], [7, 5, 8, 4], [9, 12, 10, 13], [11, 23, 12, 22]]"
12n_0222_144,"[[12, 24, 13, 23], [14, 18, 15, 17], [16, 22, 17, 21], [3, 19, 4, 18], [20, 16, 21, 15], [22, 9, 23, 10], [24, 12, 1, 11], [2, 8, 3, 7], [19, 5, 20, 4], [6, 2, 7, 1], [8, 6, 9, 5], [10, 13, 11, 14]]"
12n_0222_145,"[[10, 13, 11, 14], [12, 24, 13, 23], [14, 18, 15, 17], [16, 22, 17, 21], [3, 19, 4, 18], [20, 16, 21, 15], [22, 9, 23, 10], [24, 12, 1, 11], [2, 8, 3, 7], [19, 5, 20, 4], [6, 2, 7, 1], [8, 6, 9, 5]]"
12n_0222_146,"[[8, 6, 9, 5], [10, 13, 11, 14], [12, 24, 13, 23], [14, 18, 15, 17], [16, 22, 17, 21], [3, 19, 4, 18], [20, 16, 21, 15], [22, 9, 23, 10], [24, 12, 1, 11], [2, 8, 3, 7], [19, 5, 20, 4], [6, 2, 7, 1]]"
12n_0222_147,"[[6, 2, 7, 1], [8, 6, 9, 5], [10, 13, 11, 14], [12, 24, 13, 23], [14, 18, 15, 17], [16, 22, 17, 21], [3, 19, 4, 18], [20, 16, 21, 15], [22, 9, 23, 10], [24, 12, 1, 11], [2, 8, 3, 7], [19, 5, 20, 4]]"
12n_0222_148,"[[19, 5, 20, 4], [6, 2, 7, 1], [8, 6, 9, 5], [10, 13, 11, 14], [12, 24, 13, 23], [14, 18, 15, 17], [16, 22, 17, 21], [3, 19, 4, 18], [20, 16, 21, 15], [22, 9, 23, 10], [24, 12, 1, 11], [2, 8, 3, 7]]"
12n_0222_149,"[[2, 8, 3, 7], [19, 5, 20, 4], [6, 2, 7, 1], [8, 6, 9, 5], [10, 13, 11, 14], [12, 24, 13, 23], [14, 18, 15, 17], [16, 22, 17, 21], [3, 19, 4, 18], [20, 16, 21, 15], [22, 9, 23, 10], [24, 12, 1, 11]]"
12n_0222_150,"[[24, 12, 1, 11], [2, 8, 3, 7], [19, 5, 20, 4], [6, 2, 7, 1], [8, 6, 9, 5], [10, 13, 11, 14], [12, 24, 13, 23], [14, 18, 15, 17], [16, 22, 17, 21], [3, 19, 4, 18], [20, 16, 21, 15], [22, 9, 23, 10]]"
12n_0222_151,"[[22, 9, 23, 10], [24, 12, 1, 11], [2, 8, 3, 7], [19, 5, 20, 4], [6, 2, 7, 1], [8, 6, 9, 5], [10, 13, 11, 14], [12, 24, 13, 23], [14, 18, 15, 17], [16, 22, 17, 21], [3, 19, 4, 18], [20, 16, 21, 15]]"
12n_0222_152,"[[20, 16, 21, 15], [22, 9, 23, 10], [24, 12, 1, 11], [2, 8, 3, 7], [19, 5, 20, 4], [6, 2, 7, 1], [8, 6, 9, 5], [10, 13, 11, 14], [12, 24, 13, 23], [14, 18, 15, 17], [16, 22, 17, 21], [3, 19, 4, 18]]"
12n_0222_153,"[[3, 19, 4, 18], [20, 16, 21, 15], [22, 9, 23, 10], [24, 12, 1, 11], [2, 8, 3, 7], [19, 5, 20, 4], [6, 2, 7, 1], [8, 6, 9, 5], [10, 13, 11, 14], [12, 24, 13, 23], [14, 18, 15, 17], [16, 22, 17, 21]]"
12n_0222_154,"[[16, 22, 17, 21], [3, 19, 4, 18], [20, 16, 21, 15], [22, 9, 23, 10], [24, 12, 1, 11], [2, 8, 3, 7], [19, 5, 20, 4], [6, 2, 7, 1], [8, 6, 9, 5], [10, 13, 11, 14], [12, 24, 13, 23], [14, 18, 15, 17]]"
12n_0222_155,"[[14, 18, 15, 17], [16, 22, 17, 21], [3, 19, 4, 18], [20, 16, 21, 15], [22, 9, 23, 10], [24, 12, 1, 11], [2, 8, 3, 7], [19, 5, 20, 4], [6, 2, 7, 1], [8, 6, 9, 5], [10, 13, 11, 14], [12, 24, 13, 23]]"
12n_0222_156,"[[13, 1, 14, 24], [15, 19, 16, 18], [17, 23, 18, 22], [4, 20, 5, 19], [21, 17, 22, 16], [23, 10, 24, 11], [1, 13, 2, 12], [3, 9, 4, 8], [20, 6, 21, 5], [7, 3, 8, 2], [9, 7, 10, 6], [11, 14, 12, 15]]"
12n_0222_157,"[[11, 14, 12, 15], [13, 1, 14, 24], [15, 19, 16, 18], [17, 23, 18, 22], [4, 20, 5, 19], [21, 17, 22, 16], [23, 10, 24, 11], [1, 13, 2, 12], [3, 9, 4, 8], [20, 6, 21, 5], [7, 3, 8, 2], [9, 7, 10, 6]]"
12n_0222_158,"[[9, 7, 10, 6], [11, 14, 12, 15], [13, 1, 14, 24], [15, 19, 16, 18], [17, 23, 18, 22], [4, 20, 5, 19], [21, 17, 22, 16], [23, 10, 24, 11], [1, 13, 2, 12], [3, 9, 4, 8], [20, 6, 21, 5], [7, 3, 8, 2]]"
12n_0222_159,"[[7, 3, 8, 2], [9, 7, 10, 6], [11, 14, 12, 15], [13, 1, 14, 24], [15, 19, 16, 18], [17, 23, 18, 22], [4, 20, 5, 19], [21, 17, 22, 16], [23, 10, 24, 11], [1, 13, 2, 12], [3, 9, 4, 8], [20, 6, 21, 5]]"
12n_0222_160,"[[20, 6, 21, 5], [7, 3, 8, 2], [9, 7, 10, 6], [11, 14, 12, 15], [13, 1, 14, 24], [15, 19, 16, 18], [17, 23, 18, 22], [4, 20, 5, 19], [21, 17, 22, 16], [23, 10, 24, 11], [1, 13, 2, 12], [3, 9, 4, 8]]"
12n_0222_161,"[[3, 9, 4, 8], [20, 6, 21, 5], [7, 3, 8, 2], [9, 7, 10, 6], [11, 14, 12, 15], [13, 1, 14, 24], [15, 19, 16, 18], [17, 23, 18, 22], [4, 20, 5, 19], [21, 17, 22, 16], [23, 10, 24, 11], [1, 13, 2, 12]]"
12n_0222_162,"[[1, 13, 2, 12], [3, 9, 4, 8], [20, 6, 21, 5], [7, 3, 8, 2], [9, 7, 10, 6], [11, 14, 12, 15], [13, 1, 14, 24], [15, 19, 16, 18], [17, 23, 18, 22], [4, 20, 5, 19], [21, 17, 22, 16], [23, 10, 24, 11]]"
12n_0222_163,"[[23, 10, 24, 11], [1, 13, 2, 12], [3, 9, 4, 8], [20, 6, 21, 5], [7, 3, 8, 2], [9, 7, 10, 6], [11, 14, 12, 15], [13, 1, 14, 24], [15, 19, 16, 18], [17, 23, 18, 22], [4, 20, 5, 19], [21, 17, 22, 16]]"
12n_0222_164,"[[21, 17, 22, 16], [23, 10, 24, 11], [1, 13, 2, 12], [3, 9, 4, 8], [20, 6, 21, 5], [7, 3, 8, 2], [9, 7, 10, 6], [11, 14, 12, 15], [13, 1, 14, 24], [15, 19, 16, 18], [17, 23, 18, 22], [4, 20, 5, 19]]"
12n_0222_165,"[[4, 20, 5, 19], [21, 17, 22, 16], [23, 10, 24, 11], [1, 13, 2, 12], [3, 9, 4, 8], [20, 6, 21, 5], [7, 3, 8, 2], [9, 7, 10, 6], [11, 14, 12, 15], [13, 1, 14, 24], [15, 19, 16, 18], [17, 23, 18, 22]]"
12n_0222_166,"[[17, 23, 18, 22], [4, 20, 5, 19], [21, 17, 22, 16], [23, 10, 24, 11], [1, 13, 2, 12], [3, 9, 4, 8], [20, 6, 21, 5], [7, 3, 8, 2], [9, 7, 10, 6], [11, 14, 12, 15], [13, 1, 14, 24], [15, 19, 16, 18]]"
12n_0222_167,"[[15, 19, 16, 18], [17, 23, 18, 22], [4, 20, 5, 19], [21, 17, 22, 16], [23, 10, 24, 11], [1, 13, 2, 12], [3, 9, 4, 8], [20, 6, 21, 5], [7, 3, 8, 2], [9, 7, 10, 6], [11, 14, 12, 15], [13, 1, 14, 24]]"
12n_0222_168,"[[14, 2, 15, 1], [16, 20, 17, 19], [18, 24, 19, 23], [5, 21, 6, 20], [22, 18, 23, 17], [24, 11, 1, 12], [2, 14, 3, 13], [4, 10, 5, 9], [21, 7, 22, 6], [8, 4, 9, 3], [10, 8, 11, 7], [12, 15, 13, 16]]"
12n_0222_169,"[[12, 15, 13, 16], [14, 2, 15, 1], [16, 20, 17, 19], [18, 24, 19, 23], [5, 21, 6, 20], [22, 18, 23, 17], [24, 11, 1, 12], [2, 14, 3, 13], [4, 10, 5, 9], [21, 7, 22, 6], [8, 4, 9, 3], [10, 8, 11, 7]]"
12n_0222_170,"[[10, 8, 11, 7], [12, 15, 13, 16], [14, 2, 15, 1], [16, 20, 17, 19], [18, 24, 19, 23], [5, 21, 6, 20], [22, 18, 23, 17], [24, 11, 1, 12], [2, 14, 3, 13], [4, 10, 5, 9], [21, 7, 22, 6], [8, 4, 9, 3]]"
12n_0222_171,"[[8, 4, 9, 3], [10, 8, 11, 7], [12, 15, 13, 16], [14, 2, 15, 1], [16, 20, 17, 19], [18, 24, 19, 23], [5, 21, 6, 20], [22, 18, 23, 17], [24, 11, 1, 12], [2, 14, 3, 13], [4, 10, 5, 9], [21, 7, 22, 6]]"
12n_0222_172,"[[21, 7, 22, 6], [8, 4, 9, 3], [10, 8, 11, 7], [12, 15, 13, 16], [14, 2, 15, 1], [16, 20, 17, 19], [18, 24, 19, 23], [5, 21, 6, 20], [22, 18, 23, 17], [24, 11, 1, 12], [2, 14, 3, 13], [4, 10, 5, 9]]"
12n_0222_173,"[[4, 10, 5, 9], [21, 7, 22, 6], [8, 4, 9, 3], [10, 8, 11, 7], [12, 15, 13, 16], [14, 2, 15, 1], [16, 20, 17, 19], [18, 24, 19, 23], [5, 21, 6, 20], [22, 18, 23, 17], [24, 11, 1, 12], [2, 14, 3, 13]]"
12n_0222_174,"[[2, 14, 3, 13], [4, 10, 5, 9], [21, 7, 22, 6], [8, 4, 9, 3], [10, 8, 11, 7], [12, 15, 13, 16], [14, 2, 15, 1], [16, 20, 17, 19], [18, 24, 19, 23], [5, 21, 6, 20], [22, 18, 23, 17], [24, 11, 1, 12]]"
12n_0222_175,"[[24, 11, 1, 12], [2, 14, 3, 13], [4, 10, 5, 9], [21, 7, 22, 6], [8, 4, 9, 3], [10, 8, 11, 7], [12, 15, 13, 16], [14, 2, 15, 1], [16, 20, 17, 19], [18, 24, 19, 23], [5, 21, 6, 20], [22, 18, 23, 17]]"
12n_0222_176,"[[22, 18, 23, 17], [24, 11, 1, 12], [2, 14, 3, 13], [4, 10, 5, 9], [21, 7, 22, 6], [8, 4, 9, 3], [10, 8, 11, 7], [12, 15, 13, 16], [14, 2, 15, 1], [16, 20, 17, 19], [18, 24, 19, 23], [5, 21, 6, 20]]"
12n_0222_177,"[[5, 21, 6, 20], [22, 18, 23, 17], [24, 11, 1, 12], [2, 14, 3, 13], [4, 10, 5, 9], [21, 7, 22, 6], [8, 4, 9, 3], [10, 8, 11, 7], [12, 15, 13, 16], [14, 2, 15, 1], [16, 20, 17, 19], [18, 24, 19, 23]]"
12n_0222_178,"[[18, 24, 19, 23], [5, 21, 6, 20], [22, 18, 23, 17], [24, 11, 1, 12], [2, 14, 3, 13], [4, 10, 5, 9], [21, 7, 22, 6], [8, 4, 9, 3], [10, 8, 11, 7], [12, 15, 13, 16], [14, 2, 15, 1], [16, 20, 17, 19]]"
12n_0222_179,"[[16, 20, 17, 19], [18, 24, 19, 23], [5, 21, 6, 20], [22, 18, 23, 17], [24, 11, 1, 12], [2, 14, 3, 13], [4, 10, 5, 9], [21, 7, 22, 6], [8, 4, 9, 3], [10, 8, 11, 7], [12, 15, 13, 16], [14, 2, 15, 1]]"
12n_0222_180,"[[15, 3, 16, 2], [17, 21, 18, 20], [19, 1, 20, 24], [6, 22, 7, 21], [23, 19, 24, 18], [1, 12, 2, 13], [3, 15, 4, 14], [5, 11, 6, 10], [22, 8, 23, 7], [9, 5, 10, 4], [11, 9, 12, 8], [13, 16, 14, 17]]"
12n_0222_181,"[[13, 16, 14, 17], [15, 3, 16, 2], [17, 21, 18, 20], [19, 1, 20, 24], [6, 22, 7, 21], [23, 19, 24, 18], [1, 12, 2, 13], [3, 15, 4, 14], [5, 11, 6, 10], [22, 8, 23, 7], [9, 5, 10, 4], [11, 9, 12, 8]]"
12n_0222_182,"[[11, 9, 12, 8], [13, 16, 14, 17], [15, 3, 16, 2], [17, 21, 18, 20], [19, 1, 20, 24], [6, 22, 7, 21], [23, 19, 24, 18], [1, 12, 2, 13], [3, 15, 4, 14], [5, 11, 6, 10], [22, 8, 23, 7], [9, 5, 10, 4]]"
12n_0222_183,"[[9, 5, 10, 4], [11, 9, 12, 8], [13, 16, 14, 17], [15, 3, 16, 2], [17, 21, 18, 20], [19, 1, 20, 24], [6, 22, 7, 21], [23, 19, 24, 18], [1, 12, 2, 13], [3, 15, 4, 14], [5, 11, 6, 10], [22, 8, 23, 7]]"
12n_0222_184,"[[22, 8, 23, 7], [9, 5, 10, 4], [11, 9, 12, 8], [13, 16, 14, 17], [15, 3, 16, 2], [17, 21, 18, 20], [19, 1, 20, 24], [6, 22, 7, 21], [23, 19, 24, 18], [1, 12, 2, 13], [3, 15, 4, 14], [5, 11, 6, 10]]"
12n_0222_185,"[[5, 11, 6, 10], [22, 8, 23, 7], [9, 5, 10, 4], [11, 9, 12, 8], [13, 16, 14, 17], [15, 3, 16, 2], [17, 21, 18, 20], [19, 1, 20, 24], [6, 22, 7, 21], [23, 19, 24, 18], [1, 12, 2, 13], [3, 15, 4, 14]]"
