name,pd_notation
12n_0583_0,"[[15, 1, 16, 24], [2, 6, 3, 5], [4, 14, 5, 13], [6, 17, 7, 18], [8, 21, 9, 22], [10, 19, 11, 20], [12, 4, 13, 3], [23, 15, 24, 14], [1, 17, 2, 16], [18, 11, 19, 12], [20, 9, 21, 10], [22, 7, 23, 8]]"
12n_0583_1,"[[22, 7, 23, 8], [15, 1, 16, 24], [2, 6, 3, 5], [4, 14, 5, 13], [6, 17, 7, 18], [8, 21, 9, 22], [10, 19, 11, 20], [12, 4, 13, 3], [23, 15, 24, 14], [1, 17, 2, 16], [18, 11, 19, 12], [20, 9, 21, 10]]"
12n_0583_2,"[[20, 9, 21, 10], [22, 7, 23, 8], [15, 1, 16, 24], [2, 6, 3, 5], [4, 14, 5, 13], [6, 17, 7, 18], [8, 21, 9, 22], [10, 19, 11, 20], [12, 4, 13, 3], [23, 15, 24, 14], [1, 17, 2, 16], [18, 11, 19, 12]]"
12n_0583_3,"[[18, 11, 19, 12], [20, 9, 21, 10], [22, 7, 23, 8], [15, 1, 16, 24], [2, 6, 3, 5], [4, 14, 5, 13], [6, 17, 7, 18], [8, 21, 9, 22], [10, 19, 11, 20], [12, 4, 13, 3], [23, 15, 24, 14], [1, 17, 2, 16]]"
12n_0583_4,"[[1, 17, 2, 16], [18, 11, 19, 12], [20, 9, 21, 10], [22, 7, 23, 8], [15, 1, 16, 24], [2, 6, 3, 5], [4, 14, 5, 13], [6, 17, 7, 18], [8, 21, 9, 22], [10, 19, 11, 20], [12, 4, 13, 3], [23, 15, 24, 14]]"
12n_0583_5,"[[23, 15, 24, 14], [1, 17, 2, 16], [18, 11, 19, 12], [20, 9, 21, 10], [22, 7, 23, 8], [15, 1, 16, 24], [2, 6, 3, 5], [4, 14, 5, 13], [6, 17, 7, 18], [8, 21, 9, 22], [10, 19, 11, 20], [12, 4, 13, 3]]"
12n_0583_6,"[[12, 4, 13, 3], [23, 15, 24, 14], [1, 17, 2, 16], [18, 11, 19, 12], [20, 9, 21, 10], [22, 7, 23, 8], [15, 1, 16, 24], [2, 6, 3, 5], [4, 14, 5, 13], [6, 17, 7, 18], [8, 21, 9, 22], [10, 19, 11, 20]]"
12n_0583_7,"[[10, 19, 11, 20], [12, 4, 13, 3], [23, 15, 24, 14], [1, 17, 2, 16], [18, 11, 19, 12], [20, 9, 21, 10], [22, 7, 23, 8], [15, 1, 16, 24], [2, 6, 3, 5], [4, 14, 5, 13], [6, 17, 7, 18], [8, 21, 9, 22]]"
12n_0583_8,"[[8, 21, 9, 22], [10, 19, 11, 20], [12, 4, 13, 3], [23, 15, 24, 14], [1, 17, 2, 16], [18, 11, 19, 12], [20, 9, 21, 10], [22, 7, 23, 8], [15, 1, 16, 24], [2, 6, 3, 5], [4, 14, 5, 13], [6, 17, 7, 18]]"
12n_0583_9,"[[6, 17, 7, 18], [8, 21, 9, 22], [10, 19, 11, 20], [12, 4, 13, 3], [23, 15, 24, 14], [1, 17, 2, 16], [18, 11, 19, 12], [20, 9, 21, 10], [22, 7, 23, 8], [15, 1, 16, 24], [2, 6, 3, 5], [4, 14, 5, 13]]"
12n_0583_10,"[[4, 14, 5, 13], [6, 17, 7, 18], [8, 21, 9, 22], [10, 19, 11, 20], [12, 4, 13, 3], [23, 15, 24, 14], [1, 17, 2, 16], [18, 11, 19, 12], [20, 9, 21, 10], [22, 7, 23, 8], [15, 1, 16, 24], [2, 6, 3, 5]]"
12n_0583_11,"[[2, 6, 3, 5], [4, 14, 5, 13], [6, 17, 7, 18], [8, 21, 9, 22], [10, 19, 11, 20], [12, 4, 13, 3], [23, 15, 24, 14], [1, 17, 2, 16], [18, 11, 19, 12], [20, 9, 21, 10], [22, 7, 23, 8], [15, 1, 16, 24]]"
12n_0583_12,"[[16, 2, 17, 1], [3, 7, 4, 6], [5, 15, 6, 14], [7, 18, 8, 19], [9, 22, 10, 23], [11, 20, 12, 21], [13, 5, 14, 4], [24, 16, 1, 15], [2, 18, 3, 17], [19, 12, 20, 13], [21, 10, 22, 11], [23, 8, 24, 9]]"
12n_0583_13,"[[23, 8, 24, 9], [16, 2, 17, 1], [3, 7, 4, 6], [5, 15, 6, 14], [7, 18, 8, 19], [9, 22, 10, 23], [11, 20, 12, 21], [13, 5, 14, 4], [24, 16, 1, 15], [2, 18, 3, 17], [19, 12, 20, 13], [21, 10, 22, 11]]"
12n_0583_14,"[[21, 10, 22, 11], [23, 8, 24, 9], [16, 2, 17, 1], [3, 7, 4, 6], [5, 15, 6, 14], [7, 18, 8, 19], [9, 22, 10, 23], [11, 20, 12, 21], [13, 5, 14, 4], [24, 16, 1, 15], [2, 18, 3, 17], [19, 12, 20, 13]]"
12n_0583_15,"[[19, 12, 20, 13], [21, 10, 22, 11], [23, 8, 24, 9], [16, 2, 17, 1], [3, 7, 4, 6], [5, 15, 6, 14], [7, 18, 8, 19], [9, 22, 10, 23], [11, 20, 12, 21], [13, 5, 14, 4], [24, 16, 1, 15], [2, 18, 3, 17]]"
12n_0583_16,"[[2, 18, 3, 17], [19, 12, 20, 13], [21, 10, 22, 11], [23, 8, 24, 9], [16, 2, 17, 1], [3, 7, 4, 6], [5, 15, 6, 14], [7, 18, 8, 19], [9, 22, 10, 23], [11, 20, 12, 21], [13, 5, 14, 4], [24, 16, 1, 15]]"
12n_0583_17,"[[24, 16, 1, 15], [2, 18, 3, 17], [19, 12, 20, 13], [21, 10, 22, 11], [23, 8, 24, 9], [16, 2, 17, 1], [3, 7, 4, 6], [5, 15, 6, 14], [7, 18, 8, 19], [9, 22, 10, 23], [11, 20, 12, 21], [13, 5, 14, 4]]"
12n_0583_18,"[[13, 5, 14, 4], [24, 16, 1, 15], [2, 18, 3, 17], [19, 12, 20, 13], [21, 10, 22, 11], [23, 8, 24, 9], [16, 2, 17, 1], [3, 7, 4, 6], [5, 15, 6, 14], [7, 18, 8, 19], [9, 22, 10, 23], [11, 20, 12, 21]]"
12n_0583_19,"[[11, 20, 12, 21], [13, 5, 14, 4], [24, 16, 1, 15], [2, 18, 3, 17], [19, 12, 20, 13], [21, 10, 22, 11], [23, 8, 24, 9], [16, 2, 17, 1], [3, 7, 4, 6], [5, 15, 6, 14], [7, 18, 8, 19], [9, 22, 10, 23]]"
12n_0583_20,"[[9, 22, 10, 23], [11, 20, 12, 21], [13, 5, 14, 4], [24, 16, 1, 15], [2, 18, 3, 17], [19, 12, 20, 13], [21, 10, 22, 11], [23, 8, 24, 9], [16, 2, 17, 1], [3, 7, 4, 6], [5, 15, 6, 14], [7, 18, 8, 19]]"
12n_0583_21,"[[7, 18, 8, 19], [9, 22, 10, 23], [11, 20, 12, 21], [13, 5, 14, 4], [24, 16, 1, 15], [2, 18, 3, 17], [19, 12, 20, 13], [21, 10, 22, 11], [23, 8, 24, 9], [16, 2, 17, 1], [3, 7, 4, 6], [5, 15, 6, 14]]"
12n_0583_22,"[[5, 15, 6, 14], [7, 18, 8, 19], [9, 22, 10, 23], [11, 20, 12, 21], [13, 5, 14, 4], [24, 16, 1, 15], [2, 18, 3, 17], [19, 12, 20, 13], [21, 10, 22, 11], [23, 8, 24, 9], [16, 2, 17, 1], [3, 7, 4, 6]]"
12n_0583_23,"[[3, 7, 4, 6], [5, 15, 6, 14], [7, 18, 8, 19], [9, 22, 10, 23], [11, 20, 12, 21], [13, 5, 14, 4], [24, 16, 1, 15], [2, 18, 3, 17], [19, 12, 20, 13], [21, 10, 22, 11], [23, 8, 24, 9], [16, 2, 17, 1]]"
12n_0583_24,"[[17, 3, 18, 2], [4, 8, 5, 7], [6, 16, 7, 15], [8, 19, 9, 20], [10, 23, 11, 24], [12, 21, 13, 22], [14, 6, 15, 5], [1, 17, 2, 16], [3, 19, 4, 18], [20, 13, 21, 14], [22, 11, 23, 12], [24, 9, 1, 10]]"
12n_0583_25,"[[24, 9, 1, 10], [17, 3, 18, 2], [4, 8, 5, 7], [6, 16, 7, 15], [8, 19, 9, 20], [10, 23, 11, 24], [12, 21, 13, 22], [14, 6, 15, 5], [1, 17, 2, 16], [3, 19, 4, 18], [20, 13, 21, 14], [22, 11, 23, 12]]"
12n_0583_26,"[[22, 11, 23, 12], [24, 9, 1, 10], [17, 3, 18, 2], [4, 8, 5, 7], [6, 16, 7, 15], [8, 19, 9, 20], [10, 23, 11, 24], [12, 21, 13, 22], [14, 6, 15, 5], [1, 17, 2, 16], [3, 19, 4, 18], [20, 13, 21, 14]]"
12n_0583_27,"[[20, 13, 21, 14], [22, 11, 23, 12], [24, 9, 1, 10], [17, 3, 18, 2], [4, 8, 5, 7], [6, 16, 7, 15], [8, 19, 9, 20], [10, 23, 11, 24], [12, 21, 13, 22], [14, 6, 15, 5], [1, 17, 2, 16], [3, 19, 4, 18]]"
12n_0583_28,"[[3, 19, 4, 18], [20, 13, 21, 14], [22, 11, 23, 12], [24, 9, 1, 10], [17, 3, 18, 2], [4, 8, 5, 7], [6, 16, 7, 15], [8, 19, 9, 20], [10, 23, 11, 24], [12, 21, 13, 22], [14, 6, 15, 5], [1, 17, 2, 16]]"
12n_0583_29,"[[1, 17, 2, 16], [3, 19, 4, 18], [20, 13, 21, 14], [22, 11, 23, 12], [24, 9, 1, 10], [17, 3, 18, 2], [4, 8, 5, 7], [6, 16, 7, 15], [8, 19, 9, 20], [10, 23, 11, 24], [12, 21, 13, 22], [14, 6, 15, 5]]"
12n_0583_30,"[[14, 6, 15, 5], [1, 17, 2, 16], [3, 19, 4, 18], [20, 13, 21, 14], [22, 11, 23, 12], [24, 9, 1, 10], [17, 3, 18, 2], [4, 8, 5, 7], [6, 16, 7, 15], [8, 19, 9, 20], [10, 23, 11, 24], [12, 21, 13, 22]]"
12n_0583_31,"[[12, 21, 13, 22], [14, 6, 15, 5], [1, 17, 2, 16], [3, 19, 4, 18], [20, 13, 21, 14], [22, 11, 23, 12], [24, 9, 1, 10], [17, 3, 18, 2], [4, 8, 5, 7], [6, 16, 7, 15], [8, 19, 9, 20], [10, 23, 11, 24]]"
12n_0583_32,"[[10, 23, 11, 24], [12, 21, 13, 22], [14, 6, 15, 5], [1, 17, 2, 16], [3, 19, 4, 18], [20, 13, 21, 14], [22, 11, 23, 12], [24, 9, 1, 10], [17, 3, 18, 2], [4, 8, 5, 7], [6, 16, 7, 15], [8, 19, 9, 20]]"
12n_0583_33,"[[8, 19, 9, 20], [10, 23, 11, 24], [12, 21, 13, 22], [14, 6, 15, 5], [1, 17, 2, 16], [3, 19, 4, 18], [20, 13, 21, 14], [22, 11, 23, 12], [24, 9, 1, 10], [17, 3, 18, 2], [4, 8, 5, 7], [6, 16, 7, 15]]"
12n_0583_34,"[[6, 16, 7, 15], [8, 19, 9, 20], [10, 23, 11, 24], [12, 21, 13, 22], [14, 6, 15, 5], [1, 17, 2, 16], [3, 19, 4, 18], [20, 13, 21, 14], [22, 11, 23, 12], [24, 9, 1, 10], [17, 3, 18, 2], [4, 8, 5, 7]]"
12n_0583_35,"[[4, 8, 5, 7], [6, 16, 7, 15], [8, 19, 9, 20], [10, 23, 11, 24], [12, 21, 13, 22], [14, 6, 15, 5], [1, 17, 2, 16], [3, 19, 4, 18], [20, 13, 21, 14], [22, 11, 23, 12], [24, 9, 1, 10], [17, 3, 18, 2]]"
12n_0583_36,"[[18, 4, 19, 3], [5, 9, 6, 8], [7, 17, 8, 16], [9, 20, 10, 21], [11, 24, 12, 1], [13, 22, 14, 23], [15, 7, 16, 6], [2, 18, 3, 17], [4, 20, 5, 19], [21, 14, 22, 15], [23, 12, 24, 13], [1, 10, 2, 11]]"
12n_0583_37,"[[1, 10, 2, 11], [18, 4, 19, 3], [5, 9, 6, 8], [7, 17, 8, 16], [9, 20, 10, 21], [11, 24, 12, 1], [13, 22, 14, 23], [15, 7, 16, 6], [2, 18, 3, 17], [4, 20, 5, 19], [21, 14, 22, 15], [23, 12, 24, 13]]"
12n_0583_38,"[[23, 12, 24, 13], [1, 10, 2, 11], [18, 4, 19, 3], [5, 9, 6, 8], [7, 17, 8, 16], [9, 20, 10, 21], [11, 24, 12, 1], [13, 22, 14, 23], [15, 7, 16, 6], [2, 18, 3, 17], [4, 20, 5, 19], [21, 14, 22, 15]]"
12n_0583_39,"[[21, 14, 22, 15], [23, 12, 24, 13], [1, 10, 2, 11], [18, 4, 19, 3], [5, 9, 6, 8], [7, 17, 8, 16], [9, 20, 10, 21], [11, 24, 12, 1], [13, 22, 14, 23], [15, 7, 16, 6], [2, 18, 3, 17], [4, 20, 5, 19]]"
12n_0583_40,"[[4, 20, 5, 19], [21, 14, 22, 15], [23, 12, 24, 13], [1, 10, 2, 11], [18, 4, 19, 3], [5, 9, 6, 8], [7, 17, 8, 16], [9, 20, 10, 21], [11, 24, 12, 1], [13, 22, 14, 23], [15, 7, 16, 6], [2, 18, 3, 17]]"
12n_0583_41,"[[2, 18, 3, 17], [4, 20, 5, 19], [21, 14, 22, 15], [23, 12, 24, 13], [1, 10, 2, 11], [18, 4, 19, 3], [5, 9, 6, 8], [7, 17, 8, 16], [9, 20, 10, 21], [11, 24, 12, 1], [13, 22, 14, 23], [15, 7, 16, 6]]"
12n_0583_42,"[[15, 7, 16, 6], [2, 18, 3, 17], [4, 20, 5, 19], [21, 14, 22, 15], [23, 12, 24, 13], [1, 10, 2, 11], [18, 4, 19, 3], [5, 9, 6, 8], [7, 17, 8, 16], [9, 20, 10, 21], [11, 24, 12, 1], [13, 22, 14, 23]]"
12n_0583_43,"[[13, 22, 14, 23], [15, 7, 16, 6], [2, 18, 3, 17], [4, 20, 5, 19], [21, 14, 22, 15], [23, 12, 24, 13], [1, 10, 2, 11], [18, 4, 19, 3], [5, 9, 6, 8], [7, 17, 8, 16], [9, 20, 10, 21], [11, 24, 12, 1]]"
12n_0583_44,"[[11, 24, 12, 1], [13, 22, 14, 23], [15, 7, 16, 6], [2, 18, 3, 17], [4, 20, 5, 19], [21, 14, 22, 15], [23, 12, 24, 13], [1, 10, 2, 11], [18, 4, 19, 3], [5, 9, 6, 8], [7, 17, 8, 16], [9, 20, 10, 21]]"
12n_0583_45,"[[9, 20, 10, 21], [11, 24, 12, 1], [13, 22, 14, 23], [15, 7, 16, 6], [2, 18, 3, 17], [4, 20, 5, 19], [21, 14, 22, 15], [23, 12, 24, 13], [1, 10, 2, 11], [18, 4, 19, 3], [5, 9, 6, 8], [7, 17, 8, 16]]"
12n_0583_46,"[[7, 17, 8, 16], [9, 20, 10, 21], [11, 24, 12, 1], [13, 22, 14, 23], [15, 7, 16, 6], [2, 18, 3, 17], [4, 20, 5, 19], [21, 14, 22, 15], [23, 12, 24, 13], [1, 10, 2, 11], [18, 4, 19, 3], [5, 9, 6, 8]]"
12n_0583_47,"[[5, 9, 6, 8], [7, 17, 8, 16], [9, 20, 10, 21], [11, 24, 12, 1], [13, 22, 14, 23], [15, 7, 16, 6], [2, 18, 3, 17], [4, 20, 5, 19], [21, 14, 22, 15], [23, 12, 24, 13], [1, 10, 2, 11], [18, 4, 19, 3]]"
12n_0583_48,"[[19, 5, 20, 4], [6, 10, 7, 9], [8, 18, 9, 17], [10, 21, 11, 22], [12, 1, 13, 2], [14, 23, 15, 24], [16, 8, 17, 7], [3, 19, 4, 18], [5, 21, 6, 20], [22, 15, 23, 16], [24, 13, 1, 14], [2, 11, 3, 12]]"
12n_0583_49,"[[2, 11, 3, 12], [19, 5, 20, 4], [6, 10, 7, 9], [8, 18, 9, 17], [10, 21, 11, 22], [12, 1, 13, 2], [14, 23, 15, 24], [16, 8, 17, 7], [3, 19, 4, 18], [5, 21, 6, 20], [22, 15, 23, 16], [24, 13, 1, 14]]"
12n_0583_50,"[[24, 13, 1, 14], [2, 11, 3, 12], [19, 5, 20, 4], [6, 10, 7, 9], [8, 18, 9, 17], [10, 21, 11, 22], [12, 1, 13, 2], [14, 23, 15, 24], [16, 8, 17, 7], [3, 19, 4, 18], [5, 21, 6, 20], [22, 15, 23, 16]]"
12n_0583_51,"[[22, 15, 23, 16], [24, 13, 1, 14], [2, 11, 3, 12], [19, 5, 20, 4], [6, 10, 7, 9], [8, 18, 9, 17], [10, 21, 11, 22], [12, 1, 13, 2], [14, 23, 15, 24], [16, 8, 17, 7], [3, 19, 4, 18], [5, 21, 6, 20]]"
12n_0583_52,"[[5, 21, 6, 20], [22, 15, 23, 16], [24, 13, 1, 14], [2, 11, 3, 12], [19, 5, 20, 4], [6, 10, 7, 9], [8, 18, 9, 17], [10, 21, 11, 22], [12, 1, 13, 2], [14, 23, 15, 24], [16, 8, 17, 7], [3, 19, 4, 18]]"
12n_0583_53,"[[3, 19, 4, 18], [5, 21, 6, 20], [22, 15, 23, 16], [24, 13, 1, 14], [2, 11, 3, 12], [19, 5, 20, 4], [6, 10, 7, 9], [8, 18, 9, 17], [10, 21, 11, 22], [12, 1, 13, 2], [14, 23, 15, 24], [16, 8, 17, 7]]"
12n_0583_54,"[[16, 8, 17, 7], [3, 19, 4, 18], [5, 21, 6, 20], [22, 15, 23, 16], [24, 13, 1, 14], [2, 11, 3, 12], [19, 5, 20, 4], [6, 10, 7, 9], [8, 18, 9, 17], [10, 21, 11, 22], [12, 1, 13, 2], [14, 23, 15, 24]]"
12n_0583_55,"[[14, 23, 15, 24], [16, 8, 17, 7], [3, 19, 4, 18], [5, 21, 6, 20], [22, 15, 23, 16], [24, 13, 1, 14], [2, 11, 3, 12], [19, 5, 20, 4], [6, 10, 7, 9], [8, 18, 9, 17], [10, 21, 11, 22], [12, 1, 13, 2]]"
12n_0583_56,"[[12, 1, 13, 2], [14, 23, 15, 24], [16, 8, 17, 7], [3, 19, 4, 18], [5, 21, 6, 20], [22, 15, 23, 16], [24, 13, 1, 14], [2, 11, 3, 12], [19, 5, 20, 4], [6, 10, 7, 9], [8, 18, 9, 17], [10, 21, 11, 22]]"
12n_0583_57,"[[10, 21, 11, 22], [12, 1, 13, 2], [14, 23, 15, 24], [16, 8, 17, 7], [3, 19, 4, 18], [5, 21, 6, 20], [22, 15, 23, 16], [24, 13, 1, 14], [2, 11, 3, 12], [19, 5, 20, 4], [6, 10, 7, 9], [8, 18, 9, 17]]"
12n_0583_58,"[[8, 18, 9, 17], [10, 21, 11, 22], [12, 1, 13, 2], [14, 23, 15, 24], [16, 8, 17, 7], [3, 19, 4, 18], [5, 21, 6, 20], [22, 15, 23, 16], [24, 13, 1, 14], [2, 11, 3, 12], [19, 5, 20, 4], [6, 10, 7, 9]]"
12n_0583_59,"[[6, 10, 7, 9], [8, 18, 9, 17], [10, 21, 11, 22], [12, 1, 13, 2], [14, 23, 15, 24], [16, 8, 17, 7], [3, 19, 4, 18], [5, 21, 6, 20], [22, 15, 23, 16], [24, 13, 1, 14], [2, 11, 3, 12], [19, 5, 20, 4]]"
12n_0583_60,"[[20, 6, 21, 5], [7, 11, 8, 10], [9, 19, 10, 18], [11, 22, 12, 23], [13, 2, 14, 3], [15, 24, 16, 1], [17, 9, 18, 8], [4, 20, 5, 19], [6, 22, 7, 21], [23, 16, 24, 17], [1, 14, 2, 15], [3, 12, 4, 13]]"
12n_0583_61,"[[3, 12, 4, 13], [20, 6, 21, 5], [7, 11, 8, 10], [9, 19, 10, 18], [11, 22, 12, 23], [13, 2, 14, 3], [15, 24, 16, 1], [17, 9, 18, 8], [4, 20, 5, 19], [6, 22, 7, 21], [23, 16, 24, 17], [1, 14, 2, 15]]"
12n_0583_62,"[[1, 14, 2, 15], [3, 12, 4, 13], [20, 6, 21, 5], [7, 11, 8, 10], [9, 19, 10, 18], [11, 22, 12, 23], [13, 2, 14, 3], [15, 24, 16, 1], [17, 9, 18, 8], [4, 20, 5, 19], [6, 22, 7, 21], [23, 16, 24, 17]]"
12n_0583_63,"[[23, 16, 24, 17], [1, 14, 2, 15], [3, 12, 4, 13], [20, 6, 21, 5], [7, 11, 8, 10], [9, 19, 10, 18], [11, 22, 12, 23], [13, 2, 14, 3], [15, 24, 16, 1], [17, 9, 18, 8], [4, 20, 5, 19], [6, 22, 7, 21]]"
12n_0583_64,"[[6, 22, 7, 21], [23, 16, 24, 17], [1, 14, 2, 15], [3, 12, 4, 13], [20, 6, 21, 5], [7, 11, 8, 10], [9, 19, 10, 18], [11, 22, 12, 23], [13, 2, 14, 3], [15, 24, 16, 1], [17, 9, 18, 8], [4, 20, 5, 19]]"
12n_0583_65,"[[4, 20, 5, 19], [6, 22, 7, 21], [23, 16, 24, 17], [1, 14, 2, 15], [3, 12, 4, 13], [20, 6, 21, 5], [7, 11, 8, 10], [9, 19, 10, 18], [11, 22, 12, 23], [13, 2, 14, 3], [15, 24, 16, 1], [17, 9, 18, 8]]"
12n_0583_66,"[[17, 9, 18, 8], [4, 20, 5, 19], [6, 22, 7, 21], [23, 16, 24, 17], [1, 14, 2, 15], [3, 12, 4, 13], [20, 6, 21, 5], [7, 11, 8, 10], [9, 19, 10, 18], [11, 22, 12, 23], [13, 2, 14, 3], [15, 24, 16, 1]]"
12n_0583_67,"[[15, 24, 16, 1], [17, 9, 18, 8], [4, 20, 5, 19], [6, 22, 7, 21], [23, 16, 24, 17], [1, 14, 2, 15], [3, 12, 4, 13], [20, 6, 21, 5], [7, 11, 8, 10], [9, 19, 10, 18], [11, 22, 12, 23], [13, 2, 14, 3]]"
12n_0583_68,"[[13, 2, 14, 3], [15, 24, 16, 1], [17, 9, 18, 8], [4, 20, 5, 19], [6, 22, 7, 21], [23, 16, 24, 17], [1, 14, 2, 15], [3, 12, 4, 13], [20, 6, 21, 5], [7, 11, 8, 10], [9, 19, 10, 18], [11, 22, 12, 23]]"
12n_0583_69,"[[11, 22, 12, 23], [13, 2, 14, 3], [15, 24, 16, 1], [17, 9, 18, 8], [4, 20, 5, 19], [6, 22, 7, 21], [23, 16, 24, 17], [1, 14, 2, 15], [3, 12, 4, 13], [20, 6, 21, 5], [7, 11, 8, 10], [9, 19, 10, 18]]"
12n_0583_70,"[[9, 19, 10, 18], [11, 22, 12, 23], [13, 2, 14, 3], [15, 24, 16, 1], [17, 9, 18, 8], [4, 20, 5, 19], [6, 22, 7, 21], [23, 16, 24, 17], [1, 14, 2, 15], [3, 12, 4, 13], [20, 6, 21, 5], [7, 11, 8, 10]]"
12n_0583_71,"[[7, 11, 8, 10], [9, 19, 10, 18], [11, 22, 12, 23], [13, 2, 14, 3], [15, 24, 16, 1], [17, 9, 18, 8], [4, 20, 5, 19], [6, 22, 7, 21], [23, 16, 24, 17], [1, 14, 2, 15], [3, 12, 4, 13], [20, 6, 21, 5]]"
12n_0583_72,"[[21, 7, 22, 6], [8, 12, 9, 11], [10, 20, 11, 19], [12, 23, 13, 24], [14, 3, 15, 4], [16, 1, 17, 2], [18, 10, 19, 9], [5, 21, 6, 20], [7, 23, 8, 22], [24, 17, 1, 18], [2, 15, 3, 16], [4, 13, 5, 14]]"
12n_0583_73,"[[4, 13, 5, 14], [21, 7, 22, 6], [8, 12, 9, 11], [10, 20, 11, 19], [12, 23, 13, 24], [14, 3, 15, 4], [16, 1, 17, 2], [18, 10, 19, 9], [5, 21, 6, 20], [7, 23, 8, 22], [24, 17, 1, 18], [2, 15, 3, 16]]"
12n_0583_74,"[[2, 15, 3, 16], [4, 13, 5, 14], [21, 7, 22, 6], [8, 12, 9, 11], [10, 20, 11, 19], [12, 23, 13, 24], [14, 3, 15, 4], [16, 1, 17, 2], [18, 10, 19, 9], [5, 21, 6, 20], [7, 23, 8, 22], [24, 17, 1, 18]]"
12n_0583_75,"[[24, 17, 1, 18], [2, 15, 3, 16], [4, 13, 5, 14], [21, 7, 22, 6], [8, 12, 9, 11], [10, 20, 11, 19], [12, 23, 13, 24], [14, 3, 15, 4], [16, 1, 17, 2], [18, 10, 19, 9], [5, 21, 6, 20], [7, 23, 8, 22]]"
12n_0583_76,"[[7, 23, 8, 22], [24, 17, 1, 18], [2, 15, 3, 16], [4, 13, 5, 14], [21, 7, 22, 6], [8, 12, 9, 11], [10, 20, 11, 19], [12, 23, 13, 24], [14, 3, 15, 4], [16, 1, 17, 2], [18, 10, 19, 9], [5, 21, 6, 20]]"
12n_0583_77,"[[5, 21, 6, 20], [7, 23, 8, 22], [24, 17, 1, 18], [2, 15, 3, 16], [4, 13, 5, 14], [21, 7, 22, 6], [8, 12, 9, 11], [10, 20, 11, 19], [12, 23, 13, 24], [14, 3, 15, 4], [16, 1, 17, 2], [18, 10, 19, 9]]"
12n_0583_78,"[[18, 10, 19, 9], [5, 21, 6, 20], [7, 23, 8, 22], [24, 17, 1, 18], [2, 15, 3, 16], [4, 13, 5, 14], [21, 7, 22, 6], [8, 12, 9, 11], [10, 20, 11, 19], [12, 23, 13, 24], [14, 3, 15, 4], [16, 1, 17, 2]]"
12n_0583_79,"[[16, 1, 17, 2], [18, 10, 19, 9], [5, 21, 6, 20], [7, 23, 8, 22], [24, 17, 1, 18], [2, 15, 3, 16], [4, 13, 5, 14], [21, 7, 22, 6], [8, 12, 9, 11], [10, 20, 11, 19], [12, 23, 13, 24], [14, 3, 15, 4]]"
12n_0583_80,"[[14, 3, 15, 4], [16, 1, 17, 2], [18, 10, 19, 9], [5, 21, 6, 20], [7, 23, 8, 22], [24, 17, 1, 18], [2, 15, 3, 16], [4, 13, 5, 14], [21, 7, 22, 6], [8, 12, 9, 11], [10, 20, 11, 19], [12, 23, 13, 24]]"
12n_0583_81,"[[12, 23, 13, 24], [14, 3, 15, 4], [16, 1, 17, 2], [18, 10, 19, 9], [5, 21, 6, 20], [7, 23, 8, 22], [24, 17, 1, 18], [2, 15, 3, 16], [4, 13, 5, 14], [21, 7, 22, 6], [8, 12, 9, 11], [10, 20, 11, 19]]"
12n_0583_82,"[[10, 20, 11, 19], [12, 23, 13, 24], [14, 3, 15, 4], [16, 1, 17, 2], [18, 10, 19, 9], [5, 21, 6, 20], [7, 23, 8, 22], [24, 17, 1, 18], [2, 15, 3, 16], [4, 13, 5, 14], [21, 7, 22, 6], [8, 12, 9, 11]]"
12n_0583_83,"[[8, 12, 9, 11], [10, 20, 11, 19], [12, 23, 13, 24], [14, 3, 15, 4], [16, 1, 17, 2], [18, 10, 19, 9], [5, 21, 6, 20], [7, 23, 8, 22], [24, 17, 1, 18], [2, 15, 3, 16], [4, 13, 5, 14], [21, 7, 22, 6]]"
12n_0583_84,"[[22, 8, 23, 7], [9, 13, 10, 12], [11, 21, 12, 20], [13, 24, 14, 1], [15, 4, 16, 5], [17, 2, 18, 3], [19, 11, 20, 10], [6, 22, 7, 21], [8, 24, 9, 23], [1, 18, 2, 19], [3, 16, 4, 17], [5, 14, 6, 15]]"
12n_0583_85,"[[5, 14, 6, 15], [22, 8, 23, 7], [9, 13, 10, 12], [11, 21, 12, 20], [13, 24, 14, 1], [15, 4, 16, 5], [17, 2, 18, 3], [19, 11, 20, 10], [6, 22, 7, 21], [8, 24, 9, 23], [1, 18, 2, 19], [3, 16, 4, 17]]"
12n_0583_86,"[[3, 16, 4, 17], [5, 14, 6, 15], [22, 8, 23, 7], [9, 13, 10, 12], [11, 21, 12, 20], [13, 24, 14, 1], [15, 4, 16, 5], [17, 2, 18, 3], [19, 11, 20, 10], [6, 22, 7, 21], [8, 24, 9, 23], [1, 18, 2, 19]]"
12n_0583_87,"[[1, 18, 2, 19], [3, 16, 4, 17], [5, 14, 6, 15], [22, 8, 23, 7], [9, 13, 10, 12], [11, 21, 12, 20], [13, 24, 14, 1], [15, 4, 16, 5], [17, 2, 18, 3], [19, 11, 20, 10], [6, 22, 7, 21], [8, 24, 9, 23]]"
12n_0583_88,"[[8, 24, 9, 23], [1, 18, 2, 19], [3, 16, 4, 17], [5, 14, 6, 15], [22, 8, 23, 7], [9, 13, 10, 12], [11, 21, 12, 20], [13, 24, 14, 1], [15, 4, 16, 5], [17, 2, 18, 3], [19, 11, 20, 10], [6, 22, 7, 21]]"
12n_0583_89,"[[6, 22, 7, 21], [8, 24, 9, 23], [1, 18, 2, 19], [3, 16, 4, 17], [5, 14, 6, 15], [22, 8, 23, 7], [9, 13, 10, 12], [11, 21, 12, 20], [13, 24, 14, 1], [15, 4, 16, 5], [17, 2, 18, 3], [19, 11, 20, 10]]"
12n_0583_90,"[[19, 11, 20, 10], [6, 22, 7, 21], [8, 24, 9, 23], [1, 18, 2, 19], [3, 16, 4, 17], [5, 14, 6, 15], [22, 8, 23, 7], [9, 13, 10, 12], [11, 21, 12, 20], [13, 24, 14, 1], [15, 4, 16, 5], [17, 2, 18, 3]]"
12n_0583_91,"[[17, 2, 18, 3], [19, 11, 20, 10], [6, 22, 7, 21], [8, 24, 9, 23], [1, 18, 2, 19], [3, 16, 4, 17], [5, 14, 6, 15], [22, 8, 23, 7], [9, 13, 10, 12], [11, 21, 12, 20], [13, 24, 14, 1], [15, 4, 16, 5]]"
12n_0583_92,"[[15, 4, 16, 5], [17, 2, 18, 3], [19, 11, 20, 10], [6, 22, 7, 21], [8, 24, 9, 23], [1, 18, 2, 19], [3, 16, 4, 17], [5, 14, 6, 15], [22, 8, 23, 7], [9, 13, 10, 12], [11, 21, 12, 20], [13, 24, 14, 1]]"
12n_0583_93,"[[13, 24, 14, 1], [15, 4, 16, 5], [17, 2, 18, 3], [19, 11, 20, 10], [6, 22, 7, 21], [8, 24, 9, 23], [1, 18, 2, 19], [3, 16, 4, 17], [5, 14, 6, 15], [22, 8, 23, 7], [9, 13, 10, 12], [11, 21, 12, 20]]"
12n_0583_94,"[[11, 21, 12, 20], [13, 24, 14, 1], [15, 4, 16, 5], [17, 2, 18, 3], [19, 11, 20, 10], [6, 22, 7, 21], [8, 24, 9, 23], [1, 18, 2, 19], [3, 16, 4, 17], [5, 14, 6, 15], [22, 8, 23, 7], [9, 13, 10, 12]]"
12n_0583_95,"[[9, 13, 10, 12], [11, 21, 12, 20], [13, 24, 14, 1], [15, 4, 16, 5], [17, 2, 18, 3], [19, 11, 20, 10], [6, 22, 7, 21], [8, 24, 9, 23], [1, 18, 2, 19], [3, 16, 4, 17], [5, 14, 6, 15], [22, 8, 23, 7]]"
12n_0583_96,"[[23, 9, 24, 8], [10, 14, 11, 13], [12, 22, 13, 21], [14, 1, 15, 2], [16, 5, 17, 6], [18, 3, 19, 4], [20, 12, 21, 11], [7, 23, 8, 22], [9, 1, 10, 24], [2, 19, 3, 20], [4, 17, 5, 18], [6, 15, 7, 16]]"
12n_0583_97,"[[6, 15, 7, 16], [23, 9, 24, 8], [10, 14, 11, 13], [12, 22, 13, 21], [14, 1, 15, 2], [16, 5, 17, 6], [18, 3, 19, 4], [20, 12, 21, 11], [7, 23, 8, 22], [9, 1, 10, 24], [2, 19, 3, 20], [4, 17, 5, 18]]"
12n_0583_98,"[[4, 17, 5, 18], [6, 15, 7, 16], [23, 9, 24, 8], [10, 14, 11, 13], [12, 22, 13, 21], [14, 1, 15, 2], [16, 5, 17, 6], [18, 3, 19, 4], [20, 12, 21, 11], [7, 23, 8, 22], [9, 1, 10, 24], [2, 19, 3, 20]]"
12n_0583_99,"[[2, 19, 3, 20], [4, 17, 5, 18], [6, 15, 7, 16], [23, 9, 24, 8], [10, 14, 11, 13], [12, 22, 13, 21], [14, 1, 15, 2], [16, 5, 17, 6], [18, 3, 19, 4], [20, 12, 21, 11], [7, 23, 8, 22], [9, 1, 10, 24]]"
12n_0583_100,"[[9, 1, 10, 24], [2, 19, 3, 20], [4, 17, 5, 18], [6, 15, 7, 16], [23, 9, 24, 8], [10, 14, 11, 13], [12, 22, 13, 21], [14, 1, 15, 2], [16, 5, 17, 6], [18, 3, 19, 4], [20, 12, 21, 11], [7, 23, 8, 22]]"
12n_0583_101,"[[7, 23, 8, 22], [9, 1, 10, 24], [2, 19, 3, 20], [4, 17, 5, 18], [6, 15, 7, 16], [23, 9, 24, 8], [10, 14, 11, 13], [12, 22, 13, 21], [14, 1, 15, 2], [16, 5, 17, 6], [18, 3, 19, 4], [20, 12, 21, 11]]"
12n_0583_102,"[[20, 12, 21, 11], [7, 23, 8, 22], [9, 1, 10, 24], [2, 19, 3, 20], [4, 17, 5, 18], [6, 15, 7, 16], [23, 9, 24, 8], [10, 14, 11, 13], [12, 22, 13, 21], [14, 1, 15, 2], [16, 5, 17, 6], [18, 3, 19, 4]]"
12n_0583_103,"[[18, 3, 19, 4], [20, 12, 21, 11], [7, 23, 8, 22], [9, 1, 10, 24], [2, 19, 3, 20], [4, 17, 5, 18], [6, 15, 7, 16], [23, 9, 24, 8], [10, 14, 11, 13], [12, 22, 13, 21], [14, 1, 15, 2], [16, 5, 17, 6]]"
12n_0583_104,"[[16, 5, 17, 6], [18, 3, 19, 4], [20, 12, 21, 11], [7, 23, 8, 22], [9, 1, 10, 24], [2, 19, 3, 20], [4, 17, 5, 18], [6, 15, 7, 16], [23, 9, 24, 8], [10, 14, 11, 13], [12, 22, 13, 21], [14, 1, 15, 2]]"
12n_0583_105,"[[14, 1, 15, 2], [16, 5, 17, 6], [18, 3, 19, 4], [20, 12, 21, 11], [7, 23, 8, 22], [9, 1, 10, 24], [2, 19, 3, 20], [4, 17, 5, 18], [6, 15, 7, 16], [23, 9, 24, 8], [10, 14, 11, 13], [12, 22, 13, 21]]"
12n_0583_106,"[[12, 22, 13, 21], [14, 1, 15, 2], [16, 5, 17, 6], [18, 3, 19, 4], [20, 12, 21, 11], [7, 23, 8, 22], [9, 1, 10, 24], [2, 19, 3, 20], [4, 17, 5, 18], [6, 15, 7, 16], [23, 9, 24, 8], [10, 14, 11, 13]]"
12n_0583_107,"[[10, 14, 11, 13], [12, 22, 13, 21], [14, 1, 15, 2], [16, 5, 17, 6], [18, 3, 19, 4], [20, 12, 21, 11], [7, 23, 8, 22], [9, 1, 10, 24], [2, 19, 3, 20], [4, 17, 5, 18], [6, 15, 7, 16], [23, 9, 24, 8]]"
12n_0583_108,"[[24, 10, 1, 9], [11, 15, 12, 14], [13, 23, 14, 22], [15, 2, 16, 3], [17, 6, 18, 7], [19, 4, 20, 5], [21, 13, 22, 12], [8, 24, 9, 23], [10, 2, 11, 1], [3, 20, 4, 21], [5, 18, 6, 19], [7, 16, 8, 17]]"
12n_0583_109,"[[7, 16, 8, 17], [24, 10, 1, 9], [11, 15, 12, 14], [13, 23, 14, 22], [15, 2, 16, 3], [17, 6, 18, 7], [19, 4, 20, 5], [21, 13, 22, 12], [8, 24, 9, 23], [10, 2, 11, 1], [3, 20, 4, 21], [5, 18, 6, 19]]"
12n_0583_110,"[[5, 18, 6, 19], [7, 16, 8, 17], [24, 10, 1, 9], [11, 15, 12, 14], [13, 23, 14, 22], [15, 2, 16, 3], [17, 6, 18, 7], [19, 4, 20, 5], [21, 13, 22, 12], [8, 24, 9, 23], [10, 2, 11, 1], [3, 20, 4, 21]]"
12n_0583_111,"[[3, 20, 4, 21], [5, 18, 6, 19], [7, 16, 8, 17], [24, 10, 1, 9], [11, 15, 12, 14], [13, 23, 14, 22], [15, 2, 16, 3], [17, 6, 18, 7], [19, 4, 20, 5], [21, 13, 22, 12], [8, 24, 9, 23], [10, 2, 11, 1]]"
12n_0583_112,"[[10, 2, 11, 1], [3, 20, 4, 21], [5, 18, 6, 19], [7, 16, 8, 17], [24, 10, 1, 9], [11, 15, 12, 14], [13, 23, 14, 22], [15, 2, 16, 3], [17, 6, 18, 7], [19, 4, 20, 5], [21, 13, 22, 12], [8, 24, 9, 23]]"
12n_0583_113,"[[8, 24, 9, 23], [10, 2, 11, 1], [3, 20, 4, 21], [5, 18, 6, 19], [7, 16, 8, 17], [24, 10, 1, 9], [11, 15, 12, 14], [13, 23, 14, 22], [15, 2, 16, 3], [17, 6, 18, 7], [19, 4, 20, 5], [21, 13, 22, 12]]"
12n_0583_114,"[[21, 13, 22, 12], [8, 24, 9, 23], [10, 2, 11, 1], [3, 20, 4, 21], [5, 18, 6, 19], [7, 16, 8, 17], [24, 10, 1, 9], [11, 15, 12, 14], [13, 23, 14, 22], [15, 2, 16, 3], [17, 6, 18, 7], [19, 4, 20, 5]]"
12n_0583_115,"[[19, 4, 20, 5], [21, 13, 22, 12], [8, 24, 9, 23], [10, 2, 11, 1], [3, 20, 4, 21], [5, 18, 6, 19], [7, 16, 8, 17], [24, 10, 1, 9], [11, 15, 12, 14], [13, 23, 14, 22], [15, 2, 16, 3], [17, 6, 18, 7]]"
12n_0583_116,"[[17, 6, 18, 7], [19, 4, 20, 5], [21, 13, 22, 12], [8, 24, 9, 23], [10, 2, 11, 1], [3, 20, 4, 21], [5, 18, 6, 19], [7, 16, 8, 17], [24, 10, 1, 9], [11, 15, 12, 14], [13, 23, 14, 22], [15, 2, 16, 3]]"
12n_0583_117,"[[15, 2, 16, 3], [17, 6, 18, 7], [19, 4, 20, 5], [21, 13, 22, 12], [8, 24, 9, 23], [10, 2, 11, 1], [3, 20, 4, 21], [5, 18, 6, 19], [7, 16, 8, 17], [24, 10, 1, 9], [11, 15, 12, 14], [13, 23, 14, 22]]"
12n_0583_118,"[[13, 23, 14, 22], [15, 2, 16, 3], [17, 6, 18, 7], [19, 4, 20, 5], [21, 13, 22, 12], [8, 24, 9, 23], [10, 2, 11, 1], [3, 20, 4, 21], [5, 18, 6, 19], [7, 16, 8, 17], [24, 10, 1, 9], [11, 15, 12, 14]]"
12n_0583_119,"[[11, 15, 12, 14], [13, 23, 14, 22], [15, 2, 16, 3], [17, 6, 18, 7], [19, 4, 20, 5], [21, 13, 22, 12], [8, 24, 9, 23], [10, 2, 11, 1], [3, 20, 4, 21], [5, 18, 6, 19], [7, 16, 8, 17], [24, 10, 1, 9]]"
12n_0583_120,"[[1, 11, 2, 10], [12, 16, 13, 15], [14, 24, 15, 23], [16, 3, 17, 4], [18, 7, 19, 8], [20, 5, 21, 6], [22, 14, 23, 13], [9, 1, 10, 24], [11, 3, 12, 2], [4, 21, 5, 22], [6, 19, 7, 20], [8, 17, 9, 18]]"
12n_0583_121,"[[8, 17, 9, 18], [1, 11, 2, 10], [12, 16, 13, 15], [14, 24, 15, 23], [16, 3, 17, 4], [18, 7, 19, 8], [20, 5, 21, 6], [22, 14, 23, 13], [9, 1, 10, 24], [11, 3, 12, 2], [4, 21, 5, 22], [6, 19, 7, 20]]"
12n_0583_122,"[[6, 19, 7, 20], [8, 17, 9, 18], [1, 11, 2, 10], [12, 16, 13, 15], [14, 24, 15, 23], [16, 3, 17, 4], [18, 7, 19, 8], [20, 5, 21, 6], [22, 14, 23, 13], [9, 1, 10, 24], [11, 3, 12, 2], [4, 21, 5, 22]]"
12n_0583_123,"[[4, 21, 5, 22], [6, 19, 7, 20], [8, 17, 9, 18], [1, 11, 2, 10], [12, 16, 13, 15], [14, 24, 15, 23], [16, 3, 17, 4], [18, 7, 19, 8], [20, 5, 21, 6], [22, 14, 23, 13], [9, 1, 10, 24], [11, 3, 12, 2]]"
12n_0583_124,"[[11, 3, 12, 2], [4, 21, 5, 22], [6, 19, 7, 20], [8, 17, 9, 18], [1, 11, 2, 10], [12, 16, 13, 15], [14, 24, 15, 23], [16, 3, 17, 4], [18, 7, 19, 8], [20, 5, 21, 6], [22, 14, 23, 13], [9, 1, 10, 24]]"
12n_0583_125,"[[9, 1, 10, 24], [11, 3, 12, 2], [4, 21, 5, 22], [6, 19, 7, 20], [8, 17, 9, 18], [1, 11, 2, 10], [12, 16, 13, 15], [14, 24, 15, 23], [16, 3, 17, 4], [18, 7, 19, 8], [20, 5, 21, 6], [22, 14, 23, 13]]"
12n_0583_126,"[[22, 14, 23, 13], [9, 1, 10, 24], [11, 3, 12, 2], [4, 21, 5, 22], [6, 19, 7, 20], [8, 17, 9, 18], [1, 11, 2, 10], [12, 16, 13, 15], [14, 24, 15, 23], [16, 3, 17, 4], [18, 7, 19, 8], [20, 5, 21, 6]]"
12n_0583_127,"[[20, 5, 21, 6], [22, 14, 23, 13], [9, 1, 10, 24], [11, 3, 12, 2], [4, 21, 5, 22], [6, 19, 7, 20], [8, 17, 9, 18], [1, 11, 2, 10], [12, 16, 13, 15], [14, 24, 15, 23], [16, 3, 17, 4], [18, 7, 19, 8]]"
12n_0583_128,"[[18, 7, 19, 8], [20, 5, 21, 6], [22, 14, 23, 13], [9, 1, 10, 24], [11, 3, 12, 2], [4, 21, 5, 22], [6, 19, 7, 20], [8, 17, 9, 18], [1, 11, 2, 10], [12, 16, 13, 15], [14, 24, 15, 23], [16, 3, 17, 4]]"
12n_0583_129,"[[16, 3, 17, 4], [18, 7, 19, 8], [20, 5, 21, 6], [22, 14, 23, 13], [9, 1, 10, 24], [11, 3, 12, 2], [4, 21, 5, 22], [6, 19, 7, 20], [8, 17, 9, 18], [1, 11, 2, 10], [12, 16, 13, 15], [14, 24, 15, 23]]"
12n_0583_130,"[[14, 24, 15, 23], [16, 3, 17, 4], [18, 7, 19, 8], [20, 5, 21, 6], [22, 14, 23, 13], [9, 1, 10, 24], [11, 3, 12, 2], [4, 21, 5, 22], [6, 19, 7, 20], [8, 17, 9, 18], [1, 11, 2, 10], [12, 16, 13, 15]]"
12n_0583_131,"[[12, 16, 13, 15], [14, 24, 15, 23], [16, 3, 17, 4], [18, 7, 19, 8], [20, 5, 21, 6], [22, 14, 23, 13], [9, 1, 10, 24], [11, 3, 12, 2], [4, 21, 5, 22], [6, 19, 7, 20], [8, 17, 9, 18], [1, 11, 2, 10]]"
12n_0583_132,"[[2, 12, 3, 11], [13, 17, 14, 16], [15, 1, 16, 24], [17, 4, 18, 5], [19, 8, 20, 9], [21, 6, 22, 7], [23, 15, 24, 14], [10, 2, 11, 1], [12, 4, 13, 3], [5, 22, 6, 23], [7, 20, 8, 21], [9, 18, 10, 19]]"
12n_0583_133,"[[9, 18, 10, 19], [2, 12, 3, 11], [13, 17, 14, 16], [15, 1, 16, 24], [17, 4, 18, 5], [19, 8, 20, 9], [21, 6, 22, 7], [23, 15, 24, 14], [10, 2, 11, 1], [12, 4, 13, 3], [5, 22, 6, 23], [7, 20, 8, 21]]"
12n_0583_134,"[[7, 20, 8, 21], [9, 18, 10, 19], [2, 12, 3, 11], [13, 17, 14, 16], [15, 1, 16, 24], [17, 4, 18, 5], [19, 8, 20, 9], [21, 6, 22, 7], [23, 15, 24, 14], [10, 2, 11, 1], [12, 4, 13, 3], [5, 22, 6, 23]]"
12n_0583_135,"[[5, 22, 6, 23], [7, 20, 8, 21], [9, 18, 10, 19], [2, 12, 3, 11], [13, 17, 14, 16], [15, 1, 16, 24], [17, 4, 18, 5], [19, 8, 20, 9], [21, 6, 22, 7], [23, 15, 24, 14], [10, 2, 11, 1], [12, 4, 13, 3]]"
12n_0583_136,"[[12, 4, 13, 3], [5, 22, 6, 23], [7, 20, 8, 21], [9, 18, 10, 19], [2, 12, 3, 11], [13, 17, 14, 16], [15, 1, 16, 24], [17, 4, 18, 5], [19, 8, 20, 9], [21, 6, 22, 7], [23, 15, 24, 14], [10, 2, 11, 1]]"
12n_0583_137,"[[10, 2, 11, 1], [12, 4, 13, 3], [5, 22, 6, 23], [7, 20, 8, 21], [9, 18, 10, 19], [2, 12, 3, 11], [13, 17, 14, 16], [15, 1, 16, 24], [17, 4, 18, 5], [19, 8, 20, 9], [21, 6, 22, 7], [23, 15, 24, 14]]"
12n_0583_138,"[[23, 15, 24, 14], [10, 2, 11, 1], [12, 4, 13, 3], [5, 22, 6, 23], [7, 20, 8, 21], [9, 18, 10, 19], [2, 12, 3, 11], [13, 17, 14, 16], [15, 1, 16, 24], [17, 4, 18, 5], [19, 8, 20, 9], [21, 6, 22, 7]]"
12n_0583_139,"[[21, 6, 22, 7], [23, 15, 24, 14], [10, 2, 11, 1], [12, 4, 13, 3], [5, 22, 6, 23], [7, 20, 8, 21], [9, 18, 10, 19], [2, 12, 3, 11], [13, 17, 14, 16], [15, 1, 16, 24], [17, 4, 18, 5], [19, 8, 20, 9]]"
12n_0583_140,"[[19, 8, 20, 9], [21, 6, 22, 7], [23, 15, 24, 14], [10, 2, 11, 1], [12, 4, 13, 3], [5, 22, 6, 23], [7, 20, 8, 21], [9, 18, 10, 19], [2, 12, 3, 11], [13, 17, 14, 16], [15, 1, 16, 24], [17, 4, 18, 5]]"
12n_0583_141,"[[17, 4, 18, 5], [19, 8, 20, 9], [21, 6, 22, 7], [23, 15, 24, 14], [10, 2, 11, 1], [12, 4, 13, 3], [5, 22, 6, 23], [7, 20, 8, 21], [9, 18, 10, 19], [2, 12, 3, 11], [13, 17, 14, 16], [15, 1, 16, 24]]"
12n_0583_142,"[[15, 1, 16, 24], [17, 4, 18, 5], [19, 8, 20, 9], [21, 6, 22, 7], [23, 15, 24, 14], [10, 2, 11, 1], [12, 4, 13, 3], [5, 22, 6, 23], [7, 20, 8, 21], [9, 18, 10, 19], [2, 12, 3, 11], [13, 17, 14, 16]]"
12n_0583_143,"[[13, 17, 14, 16], [15, 1, 16, 24], [17, 4, 18, 5], [19, 8, 20, 9], [21, 6, 22, 7], [23, 15, 24, 14], [10, 2, 11, 1], [12, 4, 13, 3], [5, 22, 6, 23], [7, 20, 8, 21], [9, 18, 10, 19], [2, 12, 3, 11]]"
12n_0583_144,"[[3, 13, 4, 12], [14, 18, 15, 17], [16, 2, 17, 1], [18, 5, 19, 6], [20, 9, 21, 10], [22, 7, 23, 8], [24, 16, 1, 15], [11, 3, 12, 2], [13, 5, 14, 4], [6, 23, 7, 24], [8, 21, 9, 22], [10, 19, 11, 20]]"
12n_0583_145,"[[10, 19, 11, 20], [3, 13, 4, 12], [14, 18, 15, 17], [16, 2, 17, 1], [18, 5, 19, 6], [20, 9, 21, 10], [22, 7, 23, 8], [24, 16, 1, 15], [11, 3, 12, 2], [13, 5, 14, 4], [6, 23, 7, 24], [8, 21, 9, 22]]"
12n_0583_146,"[[8, 21, 9, 22], [10, 19, 11, 20], [3, 13, 4, 12], [14, 18, 15, 17], [16, 2, 17, 1], [18, 5, 19, 6], [20, 9, 21, 10], [22, 7, 23, 8], [24, 16, 1, 15], [11, 3, 12, 2], [13, 5, 14, 4], [6, 23, 7, 24]]"
12n_0583_147,"[[6, 23, 7, 24], [8, 21, 9, 22], [10, 19, 11, 20], [3, 13, 4, 12], [14, 18, 15, 17], [16, 2, 17, 1], [18, 5, 19, 6], [20, 9, 21, 10], [22, 7, 23, 8], [24, 16, 1, 15], [11, 3, 12, 2], [13, 5, 14, 4]]"
12n_0583_148,"[[13, 5, 14, 4], [6, 23, 7, 24], [8, 21, 9, 22], [10, 19, 11, 20], [3, 13, 4, 12], [14, 18, 15, 17], [16, 2, 17, 1], [18, 5, 19, 6], [20, 9, 21, 10], [22, 7, 23, 8], [24, 16, 1, 15], [11, 3, 12, 2]]"
12n_0583_149,"[[11, 3, 12, 2], [13, 5, 14, 4], [6, 23, 7, 24], [8, 21, 9, 22], [10, 19, 11, 20], [3, 13, 4, 12], [14, 18, 15, 17], [16, 2, 17, 1], [18, 5, 19, 6], [20, 9, 21, 10], [22, 7, 23, 8], [24, 16, 1, 15]]"
12n_0583_150,"[[24, 16, 1, 15], [11, 3, 12, 2], [13, 5, 14, 4], [6, 23, 7, 24], [8, 21, 9, 22], [10, 19, 11, 20], [3, 13, 4, 12], [14, 18, 15, 17], [16, 2, 17, 1], [18, 5, 19, 6], [20, 9, 21, 10], [22, 7, 23, 8]]"
12n_0583_151,"[[22, 7, 23, 8], [24, 16, 1, 15], [11, 3, 12, 2], [13, 5, 14, 4], [6, 23, 7, 24], [8, 21, 9, 22], [10, 19, 11, 20], [3, 13, 4, 12], [14, 18, 15, 17], [16, 2, 17, 1], [18, 5, 19, 6], [20, 9, 21, 10]]"
12n_0583_152,"[[20, 9, 21, 10], [22, 7, 23, 8], [24, 16, 1, 15], [11, 3, 12, 2], [13, 5, 14, 4], [6, 23, 7, 24], [8, 21, 9, 22], [10, 19, 11, 20], [3, 13, 4, 12], [14, 18, 15, 17], [16, 2, 17, 1], [18, 5, 19, 6]]"
12n_0583_153,"[[18, 5, 19, 6], [20, 9, 21, 10], [22, 7, 23, 8], [24, 16, 1, 15], [11, 3, 12, 2], [13, 5, 14, 4], [6, 23, 7, 24], [8, 21, 9, 22], [10, 19, 11, 20], [3, 13, 4, 12], [14, 18, 15, 17], [16, 2, 17, 1]]"
12n_0583_154,"[[16, 2, 17, 1], [18, 5, 19, 6], [20, 9, 21, 10], [22, 7, 23, 8], [24, 16, 1, 15], [11, 3, 12, 2], [13, 5, 14, 4], [6, 23, 7, 24], [8, 21, 9, 22], [10, 19, 11, 20], [3, 13, 4, 12], [14, 18, 15, 17]]"
12n_0583_155,"[[14, 18, 15, 17], [16, 2, 17, 1], [18, 5, 19, 6], [20, 9, 21, 10], [22, 7, 23, 8], [24, 16, 1, 15], [11, 3, 12, 2], [13, 5, 14, 4], [6, 23, 7, 24], [8, 21, 9, 22], [10, 19, 11, 20], [3, 13, 4, 12]]"
12n_0583_156,"[[4, 14, 5, 13], [15, 19, 16, 18], [17, 3, 18, 2], [19, 6, 20, 7], [21, 10, 22, 11], [23, 8, 24, 9], [1, 17, 2, 16], [12, 4, 13, 3], [14, 6, 15, 5], [7, 24, 8, 1], [9, 22, 10, 23], [11, 20, 12, 21]]"
12n_0583_157,"[[11, 20, 12, 21], [4, 14, 5, 13], [15, 19, 16, 18], [17, 3, 18, 2], [19, 6, 20, 7], [21, 10, 22, 11], [23, 8, 24, 9], [1, 17, 2, 16], [12, 4, 13, 3], [14, 6, 15, 5], [7, 24, 8, 1], [9, 22, 10, 23]]"
12n_0583_158,"[[9, 22, 10, 23], [11, 20, 12, 21], [4, 14, 5, 13], [15, 19, 16, 18], [17, 3, 18, 2], [19, 6, 20, 7], [21, 10, 22, 11], [23, 8, 24, 9], [1, 17, 2, 16], [12, 4, 13, 3], [14, 6, 15, 5], [7, 24, 8, 1]]"
12n_0583_159,"[[7, 24, 8, 1], [9, 22, 10, 23], [11, 20, 12, 21], [4, 14, 5, 13], [15, 19, 16, 18], [17, 3, 18, 2], [19, 6, 20, 7], [21, 10, 22, 11], [23, 8, 24, 9], [1, 17, 2, 16], [12, 4, 13, 3], [14, 6, 15, 5]]"
12n_0583_160,"[[14, 6, 15, 5], [7, 24, 8, 1], [9, 22, 10, 23], [11, 20, 12, 21], [4, 14, 5, 13], [15, 19, 16, 18], [17, 3, 18, 2], [19, 6, 20, 7], [21, 10, 22, 11], [23, 8, 24, 9], [1, 17, 2, 16], [12, 4, 13, 3]]"
12n_0583_161,"[[12, 4, 13, 3], [14, 6, 15, 5], [7, 24, 8, 1], [9, 22, 10, 23], [11, 20, 12, 21], [4, 14, 5, 13], [15, 19, 16, 18], [17, 3, 18, 2], [19, 6, 20, 7], [21, 10, 22, 11], [23, 8, 24, 9], [1, 17, 2, 16]]"
12n_0583_162,"[[1, 17, 2, 16], [12, 4, 13, 3], [14, 6, 15, 5], [7, 24, 8, 1], [9, 22, 10, 23], [11, 20, 12, 21], [4, 14, 5, 13], [15, 19, 16, 18], [17, 3, 18, 2], [19, 6, 20, 7], [21, 10, 22, 11], [23, 8, 24, 9]]"
12n_0583_163,"[[23, 8, 24, 9], [1, 17, 2, 16], [12, 4, 13, 3], [14, 6, 15, 5], [7, 24, 8, 1], [9, 22, 10, 23], [11, 20, 12, 21], [4, 14, 5, 13], [15, 19, 16, 18], [17, 3, 18, 2], [19, 6, 20, 7], [21, 10, 22, 11]]"
12n_0583_164,"[[21, 10, 22, 11], [23, 8, 24, 9], [1, 17, 2, 16], [12, 4, 13, 3], [14, 6, 15, 5], [7, 24, 8, 1], [9, 22, 10, 23], [11, 20, 12, 21], [4, 14, 5, 13], [15, 19, 16, 18], [17, 3, 18, 2], [19, 6, 20, 7]]"
12n_0583_165,"[[19, 6, 20, 7], [21, 10, 22, 11], [23, 8, 24, 9], [1, 17, 2, 16], [12, 4, 13, 3], [14, 6, 15, 5], [7, 24, 8, 1], [9, 22, 10, 23], [11, 20, 12, 21], [4, 14, 5, 13], [15, 19, 16, 18], [17, 3, 18, 2]]"
12n_0583_166,"[[17, 3, 18, 2], [19, 6, 20, 7], [21, 10, 22, 11], [23, 8, 24, 9], [1, 17, 2, 16], [12, 4, 13, 3], [14, 6, 15, 5], [7, 24, 8, 1], [9, 22, 10, 23], [11, 20, 12, 21], [4, 14, 5, 13], [15, 19, 16, 18]]"
12n_0583_167,"[[15, 19, 16, 18], [17, 3, 18, 2], [19, 6, 20, 7], [21, 10, 22, 11], [23, 8, 24, 9], [1, 17, 2, 16], [12, 4, 13, 3], [14, 6, 15, 5], [7, 24, 8, 1], [9, 22, 10, 23], [11, 20, 12, 21], [4, 14, 5, 13]]"
12n_0583_168,"[[5, 15, 6, 14], [16, 20, 17, 19], [18, 4, 19, 3], [20, 7, 21, 8], [22, 11, 23, 12], [24, 9, 1, 10], [2, 18, 3, 17], [13, 5, 14, 4], [15, 7, 16, 6], [8, 1, 9, 2], [10, 23, 11, 24], [12, 21, 13, 22]]"
12n_0583_169,"[[12, 21, 13, 22], [5, 15, 6, 14], [16, 20, 17, 19], [18, 4, 19, 3], [20, 7, 21, 8], [22, 11, 23, 12], [24, 9, 1, 10], [2, 18, 3, 17], [13, 5, 14, 4], [15, 7, 16, 6], [8, 1, 9, 2], [10, 23, 11, 24]]"
12n_0583_170,"[[10, 23, 11, 24], [12, 21, 13, 22], [5, 15, 6, 14], [16, 20, 17, 19], [18, 4, 19, 3], [20, 7, 21, 8], [22, 11, 23, 12], [24, 9, 1, 10], [2, 18, 3, 17], [13, 5, 14, 4], [15, 7, 16, 6], [8, 1, 9, 2]]"
12n_0583_171,"[[8, 1, 9, 2], [10, 23, 11, 24], [12, 21, 13, 22], [5, 15, 6, 14], [16, 20, 17, 19], [18, 4, 19, 3], [20, 7, 21, 8], [22, 11, 23, 12], [24, 9, 1, 10], [2, 18, 3, 17], [13, 5, 14, 4], [15, 7, 16, 6]]"
12n_0583_172,"[[15, 7, 16, 6], [8, 1, 9, 2], [10, 23, 11, 24], [12, 21, 13, 22], [5, 15, 6, 14], [16, 20, 17, 19], [18, 4, 19, 3], [20, 7, 21, 8], [22, 11, 23, 12], [24, 9, 1, 10], [2, 18, 3, 17], [13, 5, 14, 4]]"
12n_0583_173,"[[13, 5, 14, 4], [15, 7, 16, 6], [8, 1, 9, 2], [10, 23, 11, 24], [12, 21, 13, 22], [5, 15, 6, 14], [16, 20, 17, 19], [18, 4, 19, 3], [20, 7, 21, 8], [22, 11, 23, 12], [24, 9, 1, 10], [2, 18, 3, 17]]"
12n_0583_174,"[[2, 18, 3, 17], [13, 5, 14, 4], [15, 7, 16, 6], [8, 1, 9, 2], [10, 23, 11, 24], [12, 21, 13, 22], [5, 15, 6, 14], [16, 20, 17, 19], [18, 4, 19, 3], [20, 7, 21, 8], [22, 11, 23, 12], [24, 9, 1, 10]]"
12n_0583_175,"[[24, 9, 1, 10], [2, 18, 3, 17], [13, 5, 14, 4], [15, 7, 16, 6], [8, 1, 9, 2], [10, 23, 11, 24], [12, 21, 13, 22], [5, 15, 6, 14], [16, 20, 17, 19], [18, 4, 19, 3], [20, 7, 21, 8], [22, 11, 23, 12]]"
12n_0583_176,"[[22, 11, 23, 12], [24, 9, 1, 10], [2, 18, 3, 17], [13, 5, 14, 4], [15, 7, 16, 6], [8, 1, 9, 2], [10, 23, 11, 24], [12, 21, 13, 22], [5, 15, 6, 14], [16, 20, 17, 19], [18, 4, 19, 3], [20, 7, 21, 8]]"
12n_0583_177,"[[20, 7, 21, 8], [22, 11, 23, 12], [24, 9, 1, 10], [2, 18, 3, 17], [13, 5, 14, 4], [15, 7, 16, 6], [8, 1, 9, 2], [10, 23, 11, 24], [12, 21, 13, 22], [5, 15, 6, 14], [16, 20, 17, 19], [18, 4, 19, 3]]"
12n_0583_178,"[[18, 4, 19, 3], [20, 7, 21, 8], [22, 11, 23, 12], [24, 9, 1, 10], [2, 18, 3, 17], [13, 5, 14, 4], [15, 7, 16, 6], [8, 1, 9, 2], [10, 23, 11, 24], [12, 21, 13, 22], [5, 15, 6, 14], [16, 20, 17, 19]]"
12n_0583_179,"[[16, 20, 17, 19], [18, 4, 19, 3], [20, 7, 21, 8], [22, 11, 23, 12], [24, 9, 1, 10], [2, 18, 3, 17], [13, 5, 14, 4], [15, 7, 16, 6], [8, 1, 9, 2], [10, 23, 11, 24], [12, 21, 13, 22], [5, 15, 6, 14]]"
12n_0583_180,"[[6, 16, 7, 15], [17, 21, 18, 20], [19, 5, 20, 4], [21, 8, 22, 9], [23, 12, 24, 13], [1, 10, 2, 11], [3, 19, 4, 18], [14, 6, 15, 5], [16, 8, 17, 7], [9, 2, 10, 3], [11, 24, 12, 1], [13, 22, 14, 23]]"
12n_0583_181,"[[13, 22, 14, 23], [6, 16, 7, 15], [17, 21, 18, 20], [19, 5, 20, 4], [21, 8, 22, 9], [23, 12, 24, 13], [1, 10, 2, 11], [3, 19, 4, 18], [14, 6, 15, 5], [16, 8, 17, 7], [9, 2, 10, 3], [11, 24, 12, 1]]"
12n_0583_182,"[[11, 24, 12, 1], [13, 22, 14, 23], [6, 16, 7, 15], [17, 21, 18, 20], [19, 5, 20, 4], [21, 8, 22, 9], [23, 12, 24, 13], [1, 10, 2, 11], [3, 19, 4, 18], [14, 6, 15, 5], [16, 8, 17, 7], [9, 2, 10, 3]]"
12n_0583_183,"[[9, 2, 10, 3], [11, 24, 12, 1], [13, 22, 14, 23], [6, 16, 7, 15], [17, 21, 18, 20], [19, 5, 20, 4], [21, 8, 22, 9], [23, 12, 24, 13], [1, 10, 2, 11], [3, 19, 4, 18], [14, 6, 15, 5], [16, 8, 17, 7]]"
12n_0583_184,"[[16, 8, 17, 7], [9, 2, 10, 3], [11, 24, 12, 1], [13, 22, 14, 23], [6, 16, 7, 15], [17, 21, 18, 20], [19, 5, 20, 4], [21, 8, 22, 9], [23, 12, 24, 13], [1, 10, 2, 11], [3, 19, 4, 18], [14, 6, 15, 5]]"
12n_0583_185,"[[14, 6, 15, 5], [16, 8, 17, 7], [9, 2, 10, 3], [11, 24, 12, 1], [13, 22, 14, 23], [6, 16, 7, 15], [17, 21, 18, 20], [19, 5, 20, 4], [21, 8, 22, 9], [23, 12, 24, 13], [1, 10, 2, 11], [3, 19, 4, 18]]"
