name,pd_notation
12n_0629_0,"[[24, 13, 1, 14], [2, 6, 3, 5], [4, 15, 5, 16], [11, 6, 12, 7], [23, 8, 24, 9], [17, 11, 18, 10], [19, 12, 20, 13], [14, 21, 15, 22], [16, 3, 17, 4], [7, 19, 8, 18], [20, 2, 21, 1], [9, 22, 10, 23]]"
12n_0629_1,"[[9, 22, 10, 23], [24, 13, 1, 14], [2, 6, 3, 5], [4, 15, 5, 16], [11, 6, 12, 7], [23, 8, 24, 9], [17, 11, 18, 10], [19, 12, 20, 13], [14, 21, 15, 22], [16, 3, 17, 4], [7, 19, 8, 18], [20, 2, 21, 1]]"
12n_0629_2,"[[20, 2, 21, 1], [9, 22, 10, 23], [24, 13, 1, 14], [2, 6, 3, 5], [4, 15, 5, 16], [11, 6, 12, 7], [23, 8, 24, 9], [17, 11, 18, 10], [19, 12, 20, 13], [14, 21, 15, 22], [16, 3, 17, 4], [7, 19, 8, 18]]"
12n_0629_3,"[[7, 19, 8, 18], [20, 2, 21, 1], [9, 22, 10, 23], [24, 13, 1, 14], [2, 6, 3, 5], [4, 15, 5, 16], [11, 6, 12, 7], [23, 8, 24, 9], [17, 11, 18, 10], [19, 12, 20, 13], [14, 21, 15, 22], [16, 3, 17, 4]]"
12n_0629_4,"[[16, 3, 17, 4], [7, 19, 8, 18], [20, 2, 21, 1], [9, 22, 10, 23], [24, 13, 1, 14], [2, 6, 3, 5], [4, 15, 5, 16], [11, 6, 12, 7], [23, 8, 24, 9], [17, 11, 18, 10], [19, 12, 20, 13], [14, 21, 15, 22]]"
12n_0629_5,"[[14, 21, 15, 22], [16, 3, 17, 4], [7, 19, 8, 18], [20, 2, 21, 1], [9, 22, 10, 23], [24, 13, 1, 14], [2, 6, 3, 5], [4, 15, 5, 16], [11, 6, 12, 7], [23, 8, 24, 9], [17, 11, 18, 10], [19, 12, 20, 13]]"
12n_0629_6,"[[19, 12, 20, 13], [14, 21, 15, 22], [16, 3, 17, 4], [7, 19, 8, 18], [20, 2, 21, 1], [9, 22, 10, 23], [24, 13, 1, 14], [2, 6, 3, 5], [4, 15, 5, 16], [11, 6, 12, 7], [23, 8, 24, 9], [17, 11, 18, 10]]"
12n_0629_7,"[[17, 11, 18, 10], [19, 12, 20, 13], [14, 21, 15, 22], [16, 3, 17, 4], [7, 19, 8, 18], [20, 2, 21, 1], [9, 22, 10, 23], [24, 13, 1, 14], [2, 6, 3, 5], [4, 15, 5, 16], [11, 6, 12, 7], [23, 8, 24, 9]]"
12n_0629_8,"[[23, 8, 24, 9], [17, 11, 18, 10], [19, 12, 20, 13], [14, 21, 15, 22], [16, 3, 17, 4], [7, 19, 8, 18], [20, 2, 21, 1], [9, 22, 10, 23], [24, 13, 1, 14], [2, 6, 3, 5], [4, 15, 5, 16], [11, 6, 12, 7]]"
12n_0629_9,"[[11, 6, 12, 7], [23, 8, 24, 9], [17, 11, 18, 10], [19, 12, 20, 13], [14, 21, 15, 22], [16, 3, 17, 4], [7, 19, 8, 18], [20, 2, 21, 1], [9, 22, 10, 23], [24, 13, 1, 14], [2, 6, 3, 5], [4, 15, 5, 16]]"
12n_0629_10,"[[4, 15, 5, 16], [11, 6, 12, 7], [23, 8, 24, 9], [17, 11, 18, 10], [19, 12, 20, 13], [14, 21, 15, 22], [16, 3, 17, 4], [7, 19, 8, 18], [20, 2, 21, 1], [9, 22, 10, 23], [24, 13, 1, 14], [2, 6, 3, 5]]"
12n_0629_11,"[[2, 6, 3, 5], [4, 15, 5, 16], [11, 6, 12, 7], [23, 8, 24, 9], [17, 11, 18, 10], [19, 12, 20, 13], [14, 21, 15, 22], [16, 3, 17, 4], [7, 19, 8, 18], [20, 2, 21, 1], [9, 22, 10, 23], [24, 13, 1, 14]]"
12n_0629_12,"[[1, 14, 2, 15], [3, 7, 4, 6], [5, 16, 6, 17], [12, 7, 13, 8], [24, 9, 1, 10], [18, 12, 19, 11], [20, 13, 21, 14], [15, 22, 16, 23], [17, 4, 18, 5], [8, 20, 9, 19], [21, 3, 22, 2], [10, 23, 11, 24]]"
12n_0629_13,"[[10, 23, 11, 24], [1, 14, 2, 15], [3, 7, 4, 6], [5, 16, 6, 17], [12, 7, 13, 8], [24, 9, 1, 10], [18, 12, 19, 11], [20, 13, 21, 14], [15, 22, 16, 23], [17, 4, 18, 5], [8, 20, 9, 19], [21, 3, 22, 2]]"
12n_0629_14,"[[21, 3, 22, 2], [10, 23, 11, 24], [1, 14, 2, 15], [3, 7, 4, 6], [5, 16, 6, 17], [12, 7, 13, 8], [24, 9, 1, 10], [18, 12, 19, 11], [20, 13, 21, 14], [15, 22, 16, 23], [17, 4, 18, 5], [8, 20, 9, 19]]"
12n_0629_15,"[[8, 20, 9, 19], [21, 3, 22, 2], [10, 23, 11, 24], [1, 14, 2, 15], [3, 7, 4, 6], [5, 16, 6, 17], [12, 7, 13, 8], [24, 9, 1, 10], [18, 12, 19, 11], [20, 13, 21, 14], [15, 22, 16, 23], [17, 4, 18, 5]]"
12n_0629_16,"[[17, 4, 18, 5], [8, 20, 9, 19], [21, 3, 22, 2], [10, 23, 11, 24], [1, 14, 2, 15], [3, 7, 4, 6], [5, 16, 6, 17], [12, 7, 13, 8], [24, 9, 1, 10], [18, 12, 19, 11], [20, 13, 21, 14], [15, 22, 16, 23]]"
12n_0629_17,"[[15, 22, 16, 23], [17, 4, 18, 5], [8, 20, 9, 19], [21, 3, 22, 2], [10, 23, 11, 24], [1, 14, 2, 15], [3, 7, 4, 6], [5, 16, 6, 17], [12, 7, 13, 8], [24, 9, 1, 10], [18, 12, 19, 11], [20, 13, 21, 14]]"
12n_0629_18,"[[20, 13, 21, 14], [15, 22, 16, 23], [17, 4, 18, 5], [8, 20, 9, 19], [21, 3, 22, 2], [10, 23, 11, 24], [1, 14, 2, 15], [3, 7, 4, 6], [5, 16, 6, 17], [12, 7, 13, 8], [24, 9, 1, 10], [18, 12, 19, 11]]"
12n_0629_19,"[[18, 12, 19, 11], [20, 13, 21, 14], [15, 22, 16, 23], [17, 4, 18, 5], [8, 20, 9, 19], [21, 3, 22, 2], [10, 23, 11, 24], [1, 14, 2, 15], [3, 7, 4, 6], [5, 16, 6, 17], [12, 7, 13, 8], [24, 9, 1, 10]]"
12n_0629_20,"[[24, 9, 1, 10], [18, 12, 19, 11], [20, 13, 21, 14], [15, 22, 16, 23], [17, 4, 18, 5], [8, 20, 9, 19], [21, 3, 22, 2], [10, 23, 11, 24], [1, 14, 2, 15], [3, 7, 4, 6], [5, 16, 6, 17], [12, 7, 13, 8]]"
12n_0629_21,"[[12, 7, 13, 8], [24, 9, 1, 10], [18, 12, 19, 11], [20, 13, 21, 14], [15, 22, 16, 23], [17, 4, 18, 5], [8, 20, 9, 19], [21, 3, 22, 2], [10, 23, 11, 24], [1, 14, 2, 15], [3, 7, 4, 6], [5, 16, 6, 17]]"
12n_0629_22,"[[5, 16, 6, 17], [12, 7, 13, 8], [24, 9, 1, 10], [18, 12, 19, 11], [20, 13, 21, 14], [15, 22, 16, 23], [17, 4, 18, 5], [8, 20, 9, 19], [21, 3, 22, 2], [10, 23, 11, 24], [1, 14, 2, 15], [3, 7, 4, 6]]"
12n_0629_23,"[[3, 7, 4, 6], [5, 16, 6, 17], [12, 7, 13, 8], [24, 9, 1, 10], [18, 12, 19, 11], [20, 13, 21, 14], [15, 22, 16, 23], [17, 4, 18, 5], [8, 20, 9, 19], [21, 3, 22, 2], [10, 23, 11, 24], [1, 14, 2, 15]]"
12n_0629_24,"[[2, 15, 3, 16], [4, 8, 5, 7], [6, 17, 7, 18], [13, 8, 14, 9], [1, 10, 2, 11], [19, 13, 20, 12], [21, 14, 22, 15], [16, 23, 17, 24], [18, 5, 19, 6], [9, 21, 10, 20], [22, 4, 23, 3], [11, 24, 12, 1]]"
12n_0629_25,"[[11, 24, 12, 1], [2, 15, 3, 16], [4, 8, 5, 7], [6, 17, 7, 18], [13, 8, 14, 9], [1, 10, 2, 11], [19, 13, 20, 12], [21, 14, 22, 15], [16, 23, 17, 24], [18, 5, 19, 6], [9, 21, 10, 20], [22, 4, 23, 3]]"
12n_0629_26,"[[22, 4, 23, 3], [11, 24, 12, 1], [2, 15, 3, 16], [4, 8, 5, 7], [6, 17, 7, 18], [13, 8, 14, 9], [1, 10, 2, 11], [19, 13, 20, 12], [21, 14, 22, 15], [16, 23, 17, 24], [18, 5, 19, 6], [9, 21, 10, 20]]"
12n_0629_27,"[[9, 21, 10, 20], [22, 4, 23, 3], [11, 24, 12, 1], [2, 15, 3, 16], [4, 8, 5, 7], [6, 17, 7, 18], [13, 8, 14, 9], [1, 10, 2, 11], [19, 13, 20, 12], [21, 14, 22, 15], [16, 23, 17, 24], [18, 5, 19, 6]]"
12n_0629_28,"[[18, 5, 19, 6], [9, 21, 10, 20], [22, 4, 23, 3], [11, 24, 12, 1], [2, 15, 3, 16], [4, 8, 5, 7], [6, 17, 7, 18], [13, 8, 14, 9], [1, 10, 2, 11], [19, 13, 20, 12], [21, 14, 22, 15], [16, 23, 17, 24]]"
12n_0629_29,"[[16, 23, 17, 24], [18, 5, 19, 6], [9, 21, 10, 20], [22, 4, 23, 3], [11, 24, 12, 1], [2, 15, 3, 16], [4, 8, 5, 7], [6, 17, 7, 18], [13, 8, 14, 9], [1, 10, 2, 11], [19, 13, 20, 12], [21, 14, 22, 15]]"
12n_0629_30,"[[21, 14, 22, 15], [16, 23, 17, 24], [18, 5, 19, 6], [9, 21, 10, 20], [22, 4, 23, 3], [11, 24, 12, 1], [2, 15, 3, 16], [4, 8, 5, 7], [6, 17, 7, 18], [13, 8, 14, 9], [1, 10, 2, 11], [19, 13, 20, 12]]"
12n_0629_31,"[[19, 13, 20, 12], [21, 14, 22, 15], [16, 23, 17, 24], [18, 5, 19, 6], [9, 21, 10, 20], [22, 4, 23, 3], [11, 24, 12, 1], [2, 15, 3, 16], [4, 8, 5, 7], [6, 17, 7, 18], [13, 8, 14, 9], [1, 10, 2, 11]]"
12n_0629_32,"[[1, 10, 2, 11], [19, 13, 20, 12], [21, 14, 22, 15], [16, 23, 17, 24], [18, 5, 19, 6], [9, 21, 10, 20], [22, 4, 23, 3], [11, 24, 12, 1], [2, 15, 3, 16], [4, 8, 5, 7], [6, 17, 7, 18], [13, 8, 14, 9]]"
12n_0629_33,"[[13, 8, 14, 9], [1, 10, 2, 11], [19, 13, 20, 12], [21, 14, 22, 15], [16, 23, 17, 24], [18, 5, 19, 6], [9, 21, 10, 20], [22, 4, 23, 3], [11, 24, 12, 1], [2, 15, 3, 16], [4, 8, 5, 7], [6, 17, 7, 18]]"
12n_0629_34,"[[6, 17, 7, 18], [13, 8, 14, 9], [1, 10, 2, 11], [19, 13, 20, 12], [21, 14, 22, 15], [16, 23, 17, 24], [18, 5, 19, 6], [9, 21, 10, 20], [22, 4, 23, 3], [11, 24, 12, 1], [2, 15, 3, 16], [4, 8, 5, 7]]"
12n_0629_35,"[[4, 8, 5, 7], [6, 17, 7, 18], [13, 8, 14, 9], [1, 10, 2, 11], [19, 13, 20, 12], [21, 14, 22, 15], [16, 23, 17, 24], [18, 5, 19, 6], [9, 21, 10, 20], [22, 4, 23, 3], [11, 24, 12, 1], [2, 15, 3, 16]]"
12n_0629_36,"[[3, 16, 4, 17], [5, 9, 6, 8], [7, 18, 8, 19], [14, 9, 15, 10], [2, 11, 3, 12], [20, 14, 21, 13], [22, 15, 23, 16], [17, 24, 18, 1], [19, 6, 20, 7], [10, 22, 11, 21], [23, 5, 24, 4], [12, 1, 13, 2]]"
12n_0629_37,"[[12, 1, 13, 2], [3, 16, 4, 17], [5, 9, 6, 8], [7, 18, 8, 19], [14, 9, 15, 10], [2, 11, 3, 12], [20, 14, 21, 13], [22, 15, 23, 16], [17, 24, 18, 1], [19, 6, 20, 7], [10, 22, 11, 21], [23, 5, 24, 4]]"
12n_0629_38,"[[23, 5, 24, 4], [12, 1, 13, 2], [3, 16, 4, 17], [5, 9, 6, 8], [7, 18, 8, 19], [14, 9, 15, 10], [2, 11, 3, 12], [20, 14, 21, 13], [22, 15, 23, 16], [17, 24, 18, 1], [19, 6, 20, 7], [10, 22, 11, 21]]"
12n_0629_39,"[[10, 22, 11, 21], [23, 5, 24, 4], [12, 1, 13, 2], [3, 16, 4, 17], [5, 9, 6, 8], [7, 18, 8, 19], [14, 9, 15, 10], [2, 11, 3, 12], [20, 14, 21, 13], [22, 15, 23, 16], [17, 24, 18, 1], [19, 6, 20, 7]]"
12n_0629_40,"[[19, 6, 20, 7], [10, 22, 11, 21], [23, 5, 24, 4], [12, 1, 13, 2], [3, 16, 4, 17], [5, 9, 6, 8], [7, 18, 8, 19], [14, 9, 15, 10], [2, 11, 3, 12], [20, 14, 21, 13], [22, 15, 23, 16], [17, 24, 18, 1]]"
12n_0629_41,"[[17, 24, 18, 1], [19, 6, 20, 7], [10, 22, 11, 21], [23, 5, 24, 4], [12, 1, 13, 2], [3, 16, 4, 17], [5, 9, 6, 8], [7, 18, 8, 19], [14, 9, 15, 10], [2, 11, 3, 12], [20, 14, 21, 13], [22, 15, 23, 16]]"
12n_0629_42,"[[22, 15, 23, 16], [17, 24, 18, 1], [19, 6, 20, 7], [10, 22, 11, 21], [23, 5, 24, 4], [12, 1, 13, 2], [3, 16, 4, 17], [5, 9, 6, 8], [7, 18, 8, 19], [14, 9, 15, 10], [2, 11, 3, 12], [20, 14, 21, 13]]"
12n_0629_43,"[[20, 14, 21, 13], [22, 15, 23, 16], [17, 24, 18, 1], [19, 6, 20, 7], [10, 22, 11, 21], [23, 5, 24, 4], [12, 1, 13, 2], [3, 16, 4, 17], [5, 9, 6, 8], [7, 18, 8, 19], [14, 9, 15, 10], [2, 11, 3, 12]]"
12n_0629_44,"[[2, 11, 3, 12], [20, 14, 21, 13], [22, 15, 23, 16], [17, 24, 18, 1], [19, 6, 20, 7], [10, 22, 11, 21], [23, 5, 24, 4], [12, 1, 13, 2], [3, 16, 4, 17], [5, 9, 6, 8], [7, 18, 8, 19], [14, 9, 15, 10]]"
12n_0629_45,"[[14, 9, 15, 10], [2, 11, 3, 12], [20, 14, 21, 13], [22, 15, 23, 16], [17, 24, 18, 1], [19, 6, 20, 7], [10, 22, 11, 21], [23, 5, 24, 4], [12, 1, 13, 2], [3, 16, 4, 17], [5, 9, 6, 8], [7, 18, 8, 19]]"
12n_0629_46,"[[7, 18, 8, 19], [14, 9, 15, 10], [2, 11, 3, 12], [20, 14, 21, 13], [22, 15, 23, 16], [17, 24, 18, 1], [19, 6, 20, 7], [10, 22, 11, 21], [23, 5, 24, 4], [12, 1, 13, 2], [3, 16, 4, 17], [5, 9, 6, 8]]"
12n_0629_47,"[[5, 9, 6, 8], [7, 18, 8, 19], [14, 9, 15, 10], [2, 11, 3, 12], [20, 14, 21, 13], [22, 15, 23, 16], [17, 24, 18, 1], [19, 6, 20, 7], [10, 22, 11, 21], [23, 5, 24, 4], [12, 1, 13, 2], [3, 16, 4, 17]]"
12n_0629_48,"[[4, 17, 5, 18], [6, 10, 7, 9], [8, 19, 9, 20], [15, 10, 16, 11], [3, 12, 4, 13], [21, 15, 22, 14], [23, 16, 24, 17], [18, 1, 19, 2], [20, 7, 21, 8], [11, 23, 12, 22], [24, 6, 1, 5], [13, 2, 14, 3]]"
12n_0629_49,"[[13, 2, 14, 3], [4, 17, 5, 18], [6, 10, 7, 9], [8, 19, 9, 20], [15, 10, 16, 11], [3, 12, 4, 13], [21, 15, 22, 14], [23, 16, 24, 17], [18, 1, 19, 2], [20, 7, 21, 8], [11, 23, 12, 22], [24, 6, 1, 5]]"
12n_0629_50,"[[24, 6, 1, 5], [13, 2, 14, 3], [4, 17, 5, 18], [6, 10, 7, 9], [8, 19, 9, 20], [15, 10, 16, 11], [3, 12, 4, 13], [21, 15, 22, 14], [23, 16, 24, 17], [18, 1, 19, 2], [20, 7, 21, 8], [11, 23, 12, 22]]"
12n_0629_51,"[[11, 23, 12, 22], [24, 6, 1, 5], [13, 2, 14, 3], [4, 17, 5, 18], [6, 10, 7, 9], [8, 19, 9, 20], [15, 10, 16, 11], [3, 12, 4, 13], [21, 15, 22, 14], [23, 16, 24, 17], [18, 1, 19, 2], [20, 7, 21, 8]]"
12n_0629_52,"[[20, 7, 21, 8], [11, 23, 12, 22], [24, 6, 1, 5], [13, 2, 14, 3], [4, 17, 5, 18], [6, 10, 7, 9], [8, 19, 9, 20], [15, 10, 16, 11], [3, 12, 4, 13], [21, 15, 22, 14], [23, 16, 24, 17], [18, 1, 19, 2]]"
12n_0629_53,"[[18, 1, 19, 2], [20, 7, 21, 8], [11, 23, 12, 22], [24, 6, 1, 5], [13, 2, 14, 3], [4, 17, 5, 18], [6, 10, 7, 9], [8, 19, 9, 20], [15, 10, 16, 11], [3, 12, 4, 13], [21, 15, 22, 14], [23, 16, 24, 17]]"
12n_0629_54,"[[23, 16, 24, 17], [18, 1, 19, 2], [20, 7, 21, 8], [11, 23, 12, 22], [24, 6, 1, 5], [13, 2, 14, 3], [4, 17, 5, 18], [6, 10, 7, 9], [8, 19, 9, 20], [15, 10, 16, 11], [3, 12, 4, 13], [21, 15, 22, 14]]"
12n_0629_55,"[[21, 15, 22, 14], [23, 16, 24, 17], [18, 1, 19, 2], [20, 7, 21, 8], [11, 23, 12, 22], [24, 6, 1, 5], [13, 2, 14, 3], [4, 17, 5, 18], [6, 10, 7, 9], [8, 19, 9, 20], [15, 10, 16, 11], [3, 12, 4, 13]]"
12n_0629_56,"[[3, 12, 4, 13], [21, 15, 22, 14], [23, 16, 24, 17], [18, 1, 19, 2], [20, 7, 21, 8], [11, 23, 12, 22], [24, 6, 1, 5], [13, 2, 14, 3], [4, 17, 5, 18], [6, 10, 7, 9], [8, 19, 9, 20], [15, 10, 16, 11]]"
12n_0629_57,"[[15, 10, 16, 11], [3, 12, 4, 13], [21, 15, 22, 14], [23, 16, 24, 17], [18, 1, 19, 2], [20, 7, 21, 8], [11, 23, 12, 22], [24, 6, 1, 5], [13, 2, 14, 3], [4, 17, 5, 18], [6, 10, 7, 9], [8, 19, 9, 20]]"
12n_0629_58,"[[8, 19, 9, 20], [15, 10, 16, 11], [3, 12, 4, 13], [21, 15, 22, 14], [23, 16, 24, 17], [18, 1, 19, 2], [20, 7, 21, 8], [11, 23, 12, 22], [24, 6, 1, 5], [13, 2, 14, 3], [4, 17, 5, 18], [6, 10, 7, 9]]"
12n_0629_59,"[[6, 10, 7, 9], [8, 19, 9, 20], [15, 10, 16, 11], [3, 12, 4, 13], [21, 15, 22, 14], [23, 16, 24, 17], [18, 1, 19, 2], [20, 7, 21, 8], [11, 23, 12, 22], [24, 6, 1, 5], [13, 2, 14, 3], [4, 17, 5, 18]]"
12n_0629_60,"[[5, 18, 6, 19], [7, 11, 8, 10], [9, 20, 10, 21], [16, 11, 17, 12], [4, 13, 5, 14], [22, 16, 23, 15], [24, 17, 1, 18], [19, 2, 20, 3], [21, 8, 22, 9], [12, 24, 13, 23], [1, 7, 2, 6], [14, 3, 15, 4]]"
12n_0629_61,"[[14, 3, 15, 4], [5, 18, 6, 19], [7, 11, 8, 10], [9, 20, 10, 21], [16, 11, 17, 12], [4, 13, 5, 14], [22, 16, 23, 15], [24, 17, 1, 18], [19, 2, 20, 3], [21, 8, 22, 9], [12, 24, 13, 23], [1, 7, 2, 6]]"
12n_0629_62,"[[1, 7, 2, 6], [14, 3, 15, 4], [5, 18, 6, 19], [7, 11, 8, 10], [9, 20, 10, 21], [16, 11, 17, 12], [4, 13, 5, 14], [22, 16, 23, 15], [24, 17, 1, 18], [19, 2, 20, 3], [21, 8, 22, 9], [12, 24, 13, 23]]"
12n_0629_63,"[[12, 24, 13, 23], [1, 7, 2, 6], [14, 3, 15, 4], [5, 18, 6, 19], [7, 11, 8, 10], [9, 20, 10, 21], [16, 11, 17, 12], [4, 13, 5, 14], [22, 16, 23, 15], [24, 17, 1, 18], [19, 2, 20, 3], [21, 8, 22, 9]]"
12n_0629_64,"[[21, 8, 22, 9], [12, 24, 13, 23], [1, 7, 2, 6], [14, 3, 15, 4], [5, 18, 6, 19], [7, 11, 8, 10], [9, 20, 10, 21], [16, 11, 17, 12], [4, 13, 5, 14], [22, 16, 23, 15], [24, 17, 1, 18], [19, 2, 20, 3]]"
12n_0629_65,"[[19, 2, 20, 3], [21, 8, 22, 9], [12, 24, 13, 23], [1, 7, 2, 6], [14, 3, 15, 4], [5, 18, 6, 19], [7, 11, 8, 10], [9, 20, 10, 21], [16, 11, 17, 12], [4, 13, 5, 14], [22, 16, 23, 15], [24, 17, 1, 18]]"
12n_0629_66,"[[24, 17, 1, 18], [19, 2, 20, 3], [21, 8, 22, 9], [12, 24, 13, 23], [1, 7, 2, 6], [14, 3, 15, 4], [5, 18, 6, 19], [7, 11, 8, 10], [9, 20, 10, 21], [16, 11, 17, 12], [4, 13, 5, 14], [22, 16, 23, 15]]"
12n_0629_67,"[[22, 16, 23, 15], [24, 17, 1, 18], [19, 2, 20, 3], [21, 8, 22, 9], [12, 24, 13, 23], [1, 7, 2, 6], [14, 3, 15, 4], [5, 18, 6, 19], [7, 11, 8, 10], [9, 20, 10, 21], [16, 11, 17, 12], [4, 13, 5, 14]]"
12n_0629_68,"[[4, 13, 5, 14], [22, 16, 23, 15], [24, 17, 1, 18], [19, 2, 20, 3], [21, 8, 22, 9], [12, 24, 13, 23], [1, 7, 2, 6], [14, 3, 15, 4], [5, 18, 6, 19], [7, 11, 8, 10], [9, 20, 10, 21], [16, 11, 17, 12]]"
12n_0629_69,"[[16, 11, 17, 12], [4, 13, 5, 14], [22, 16, 23, 15], [24, 17, 1, 18], [19, 2, 20, 3], [21, 8, 22, 9], [12, 24, 13, 23], [1, 7, 2, 6], [14, 3, 15, 4], [5, 18, 6, 19], [7, 11, 8, 10], [9, 20, 10, 21]]"
12n_0629_70,"[[9, 20, 10, 21], [16, 11, 17, 12], [4, 13, 5, 14], [22, 16, 23, 15], [24, 17, 1, 18], [19, 2, 20, 3], [21, 8, 22, 9], [12, 24, 13, 23], [1, 7, 2, 6], [14, 3, 15, 4], [5, 18, 6, 19], [7, 11, 8, 10]]"
12n_0629_71,"[[7, 11, 8, 10], [9, 20, 10, 21], [16, 11, 17, 12], [4, 13, 5, 14], [22, 16, 23, 15], [24, 17, 1, 18], [19, 2, 20, 3], [21, 8, 22, 9], [12, 24, 13, 23], [1, 7, 2, 6], [14, 3, 15, 4], [5, 18, 6, 19]]"
12n_0629_72,"[[6, 19, 7, 20], [8, 12, 9, 11], [10, 21, 11, 22], [17, 12, 18, 13], [5, 14, 6, 15], [23, 17, 24, 16], [1, 18, 2, 19], [20, 3, 21, 4], [22, 9, 23, 10], [13, 1, 14, 24], [2, 8, 3, 7], [15, 4, 16, 5]]"
12n_0629_73,"[[15, 4, 16, 5], [6, 19, 7, 20], [8, 12, 9, 11], [10, 21, 11, 22], [17, 12, 18, 13], [5, 14, 6, 15], [23, 17, 24, 16], [1, 18, 2, 19], [20, 3, 21, 4], [22, 9, 23, 10], [13, 1, 14, 24], [2, 8, 3, 7]]"
12n_0629_74,"[[2, 8, 3, 7], [15, 4, 16, 5], [6, 19, 7, 20], [8, 12, 9, 11], [10, 21, 11, 22], [17, 12, 18, 13], [5, 14, 6, 15], [23, 17, 24, 16], [1, 18, 2, 19], [20, 3, 21, 4], [22, 9, 23, 10], [13, 1, 14, 24]]"
12n_0629_75,"[[13, 1, 14, 24], [2, 8, 3, 7], [15, 4, 16, 5], [6, 19, 7, 20], [8, 12, 9, 11], [10, 21, 11, 22], [17, 12, 18, 13], [5, 14, 6, 15], [23, 17, 24, 16], [1, 18, 2, 19], [20, 3, 21, 4], [22, 9, 23, 10]]"
12n_0629_76,"[[22, 9, 23, 10], [13, 1, 14, 24], [2, 8, 3, 7], [15, 4, 16, 5], [6, 19, 7, 20], [8, 12, 9, 11], [10, 21, 11, 22], [17, 12, 18, 13], [5, 14, 6, 15], [23, 17, 24, 16], [1, 18, 2, 19], [20, 3, 21, 4]]"
12n_0629_77,"[[20, 3, 21, 4], [22, 9, 23, 10], [13, 1, 14, 24], [2, 8, 3, 7], [15, 4, 16, 5], [6, 19, 7, 20], [8, 12, 9, 11], [10, 21, 11, 22], [17, 12, 18, 13], [5, 14, 6, 15], [23, 17, 24, 16], [1, 18, 2, 19]]"
12n_0629_78,"[[1, 18, 2, 19], [20, 3, 21, 4], [22, 9, 23, 10], [13, 1, 14, 24], [2, 8, 3, 7], [15, 4, 16, 5], [6, 19, 7, 20], [8, 12, 9, 11], [10, 21, 11, 22], [17, 12, 18, 13], [5, 14, 6, 15], [23, 17, 24, 16]]"
12n_0629_79,"[[23, 17, 24, 16], [1, 18, 2, 19], [20, 3, 21, 4], [22, 9, 23, 10], [13, 1, 14, 24], [2, 8, 3, 7], [15, 4, 16, 5], [6, 19, 7, 20], [8, 12, 9, 11], [10, 21, 11, 22], [17, 12, 18, 13], [5, 14, 6, 15]]"
12n_0629_80,"[[5, 14, 6, 15], [23, 17, 24, 16], [1, 18, 2, 19], [20, 3, 21, 4], [22, 9, 23, 10], [13, 1, 14, 24], [2, 8, 3, 7], [15, 4, 16, 5], [6, 19, 7, 20], [8, 12, 9, 11], [10, 21, 11, 22], [17, 12, 18, 13]]"
12n_0629_81,"[[17, 12, 18, 13], [5, 14, 6, 15], [23, 17, 24, 16], [1, 18, 2, 19], [20, 3, 21, 4], [22, 9, 23, 10], [13, 1, 14, 24], [2, 8, 3, 7], [15, 4, 16, 5], [6, 19, 7, 20], [8, 12, 9, 11], [10, 21, 11, 22]]"
12n_0629_82,"[[10, 21, 11, 22], [17, 12, 18, 13], [5, 14, 6, 15], [23, 17, 24, 16], [1, 18, 2, 19], [20, 3, 21, 4], [22, 9, 23, 10], [13, 1, 14, 24], [2, 8, 3, 7], [15, 4, 16, 5], [6, 19, 7, 20], [8, 12, 9, 11]]"
12n_0629_83,"[[8, 12, 9, 11], [10, 21, 11, 22], [17, 12, 18, 13], [5, 14, 6, 15], [23, 17, 24, 16], [1, 18, 2, 19], [20, 3, 21, 4], [22, 9, 23, 10], [13, 1, 14, 24], [2, 8, 3, 7], [15, 4, 16, 5], [6, 19, 7, 20]]"
12n_0629_84,"[[7, 20, 8, 21], [9, 13, 10, 12], [11, 22, 12, 23], [18, 13, 19, 14], [6, 15, 7, 16], [24, 18, 1, 17], [2, 19, 3, 20], [21, 4, 22, 5], [23, 10, 24, 11], [14, 2, 15, 1], [3, 9, 4, 8], [16, 5, 17, 6]]"
12n_0629_85,"[[16, 5, 17, 6], [7, 20, 8, 21], [9, 13, 10, 12], [11, 22, 12, 23], [18, 13, 19, 14], [6, 15, 7, 16], [24, 18, 1, 17], [2, 19, 3, 20], [21, 4, 22, 5], [23, 10, 24, 11], [14, 2, 15, 1], [3, 9, 4, 8]]"
12n_0629_86,"[[3, 9, 4, 8], [16, 5, 17, 6], [7, 20, 8, 21], [9, 13, 10, 12], [11, 22, 12, 23], [18, 13, 19, 14], [6, 15, 7, 16], [24, 18, 1, 17], [2, 19, 3, 20], [21, 4, 22, 5], [23, 10, 24, 11], [14, 2, 15, 1]]"
12n_0629_87,"[[14, 2, 15, 1], [3, 9, 4, 8], [16, 5, 17, 6], [7, 20, 8, 21], [9, 13, 10, 12], [11, 22, 12, 23], [18, 13, 19, 14], [6, 15, 7, 16], [24, 18, 1, 17], [2, 19, 3, 20], [21, 4, 22, 5], [23, 10, 24, 11]]"
12n_0629_88,"[[23, 10, 24, 11], [14, 2, 15, 1], [3, 9, 4, 8], [16, 5, 17, 6], [7, 20, 8, 21], [9, 13, 10, 12], [11, 22, 12, 23], [18, 13, 19, 14], [6, 15, 7, 16], [24, 18, 1, 17], [2, 19, 3, 20], [21, 4, 22, 5]]"
12n_0629_89,"[[21, 4, 22, 5], [23, 10, 24, 11], [14, 2, 15, 1], [3, 9, 4, 8], [16, 5, 17, 6], [7, 20, 8, 21], [9, 13, 10, 12], [11, 22, 12, 23], [18, 13, 19, 14], [6, 15, 7, 16], [24, 18, 1, 17], [2, 19, 3, 20]]"
12n_0629_90,"[[2, 19, 3, 20], [21, 4, 22, 5], [23, 10, 24, 11], [14, 2, 15, 1], [3, 9, 4, 8], [16, 5, 17, 6], [7, 20, 8, 21], [9, 13, 10, 12], [11, 22, 12, 23], [18, 13, 19, 14], [6, 15, 7, 16], [24, 18, 1, 17]]"
12n_0629_91,"[[24, 18, 1, 17], [2, 19, 3, 20], [21, 4, 22, 5], [23, 10, 24, 11], [14, 2, 15, 1], [3, 9, 4, 8], [16, 5, 17, 6], [7, 20, 8, 21], [9, 13, 10, 12], [11, 22, 12, 23], [18, 13, 19, 14], [6, 15, 7, 16]]"
12n_0629_92,"[[6, 15, 7, 16], [24, 18, 1, 17], [2, 19, 3, 20], [21, 4, 22, 5], [23, 10, 24, 11], [14, 2, 15, 1], [3, 9, 4, 8], [16, 5, 17, 6], [7, 20, 8, 21], [9, 13, 10, 12], [11, 22, 12, 23], [18, 13, 19, 14]]"
12n_0629_93,"[[18, 13, 19, 14], [6, 15, 7, 16], [24, 18, 1, 17], [2, 19, 3, 20], [21, 4, 22, 5], [23, 10, 24, 11], [14, 2, 15, 1], [3, 9, 4, 8], [16, 5, 17, 6], [7, 20, 8, 21], [9, 13, 10, 12], [11, 22, 12, 23]]"
12n_0629_94,"[[11, 22, 12, 23], [18, 13, 19, 14], [6, 15, 7, 16], [24, 18, 1, 17], [2, 19, 3, 20], [21, 4, 22, 5], [23, 10, 24, 11], [14, 2, 15, 1], [3, 9, 4, 8], [16, 5, 17, 6], [7, 20, 8, 21], [9, 13, 10, 12]]"
12n_0629_95,"[[9, 13, 10, 12], [11, 22, 12, 23], [18, 13, 19, 14], [6, 15, 7, 16], [24, 18, 1, 17], [2, 19, 3, 20], [21, 4, 22, 5], [23, 10, 24, 11], [14, 2, 15, 1], [3, 9, 4, 8], [16, 5, 17, 6], [7, 20, 8, 21]]"
12n_0629_96,"[[8, 21, 9, 22], [10, 14, 11, 13], [12, 23, 13, 24], [19, 14, 20, 15], [7, 16, 8, 17], [1, 19, 2, 18], [3, 20, 4, 21], [22, 5, 23, 6], [24, 11, 1, 12], [15, 3, 16, 2], [4, 10, 5, 9], [17, 6, 18, 7]]"
12n_0629_97,"[[17, 6, 18, 7], [8, 21, 9, 22], [10, 14, 11, 13], [12, 23, 13, 24], [19, 14, 20, 15], [7, 16, 8, 17], [1, 19, 2, 18], [3, 20, 4, 21], [22, 5, 23, 6], [24, 11, 1, 12], [15, 3, 16, 2], [4, 10, 5, 9]]"
12n_0629_98,"[[4, 10, 5, 9], [17, 6, 18, 7], [8, 21, 9, 22], [10, 14, 11, 13], [12, 23, 13, 24], [19, 14, 20, 15], [7, 16, 8, 17], [1, 19, 2, 18], [3, 20, 4, 21], [22, 5, 23, 6], [24, 11, 1, 12], [15, 3, 16, 2]]"
12n_0629_99,"[[15, 3, 16, 2], [4, 10, 5, 9], [17, 6, 18, 7], [8, 21, 9, 22], [10, 14, 11, 13], [12, 23, 13, 24], [19, 14, 20, 15], [7, 16, 8, 17], [1, 19, 2, 18], [3, 20, 4, 21], [22, 5, 23, 6], [24, 11, 1, 12]]"
12n_0629_100,"[[24, 11, 1, 12], [15, 3, 16, 2], [4, 10, 5, 9], [17, 6, 18, 7], [8, 21, 9, 22], [10, 14, 11, 13], [12, 23, 13, 24], [19, 14, 20, 15], [7, 16, 8, 17], [1, 19, 2, 18], [3, 20, 4, 21], [22, 5, 23, 6]]"
12n_0629_101,"[[22, 5, 23, 6], [24, 11, 1, 12], [15, 3, 16, 2], [4, 10, 5, 9], [17, 6, 18, 7], [8, 21, 9, 22], [10, 14, 11, 13], [12, 23, 13, 24], [19, 14, 20, 15], [7, 16, 8, 17], [1, 19, 2, 18], [3, 20, 4, 21]]"
12n_0629_102,"[[3, 20, 4, 21], [22, 5, 23, 6], [24, 11, 1, 12], [15, 3, 16, 2], [4, 10, 5, 9], [17, 6, 18, 7], [8, 21, 9, 22], [10, 14, 11, 13], [12, 23, 13, 24], [19, 14, 20, 15], [7, 16, 8, 17], [1, 19, 2, 18]]"
12n_0629_103,"[[1, 19, 2, 18], [3, 20, 4, 21], [22, 5, 23, 6], [24, 11, 1, 12], [15, 3, 16, 2], [4, 10, 5, 9], [17, 6, 18, 7], [8, 21, 9, 22], [10, 14, 11, 13], [12, 23, 13, 24], [19, 14, 20, 15], [7, 16, 8, 17]]"
12n_0629_104,"[[7, 16, 8, 17], [1, 19, 2, 18], [3, 20, 4, 21], [22, 5, 23, 6], [24, 11, 1, 12], [15, 3, 16, 2], [4, 10, 5, 9], [17, 6, 18, 7], [8, 21, 9, 22], [10, 14, 11, 13], [12, 23, 13, 24], [19, 14, 20, 15]]"
12n_0629_105,"[[19, 14, 20, 15], [7, 16, 8, 17], [1, 19, 2, 18], [3, 20, 4, 21], [22, 5, 23, 6], [24, 11, 1, 12], [15, 3, 16, 2], [4, 10, 5, 9], [17, 6, 18, 7], [8, 21, 9, 22], [10, 14, 11, 13], [12, 23, 13, 24]]"
12n_0629_106,"[[12, 23, 13, 24], [19, 14, 20, 15], [7, 16, 8, 17], [1, 19, 2, 18], [3, 20, 4, 21], [22, 5, 23, 6], [24, 11, 1, 12], [15, 3, 16, 2], [4, 10, 5, 9], [17, 6, 18, 7], [8, 21, 9, 22], [10, 14, 11, 13]]"
12n_0629_107,"[[10, 14, 11, 13], [12, 23, 13, 24], [19, 14, 20, 15], [7, 16, 8, 17], [1, 19, 2, 18], [3, 20, 4, 21], [22, 5, 23, 6], [24, 11, 1, 12], [15, 3, 16, 2], [4, 10, 5, 9], [17, 6, 18, 7], [8, 21, 9, 22]]"
12n_0629_108,"[[9, 22, 10, 23], [11, 15, 12, 14], [13, 24, 14, 1], [20, 15, 21, 16], [8, 17, 9, 18], [2, 20, 3, 19], [4, 21, 5, 22], [23, 6, 24, 7], [1, 12, 2, 13], [16, 4, 17, 3], [5, 11, 6, 10], [18, 7, 19, 8]]"
12n_0629_109,"[[18, 7, 19, 8], [9, 22, 10, 23], [11, 15, 12, 14], [13, 24, 14, 1], [20, 15, 21, 16], [8, 17, 9, 18], [2, 20, 3, 19], [4, 21, 5, 22], [23, 6, 24, 7], [1, 12, 2, 13], [16, 4, 17, 3], [5, 11, 6, 10]]"
12n_0629_110,"[[5, 11, 6, 10], [18, 7, 19, 8], [9, 22, 10, 23], [11, 15, 12, 14], [13, 24, 14, 1], [20, 15, 21, 16], [8, 17, 9, 18], [2, 20, 3, 19], [4, 21, 5, 22], [23, 6, 24, 7], [1, 12, 2, 13], [16, 4, 17, 3]]"
12n_0629_111,"[[16, 4, 17, 3], [5, 11, 6, 10], [18, 7, 19, 8], [9, 22, 10, 23], [11, 15, 12, 14], [13, 24, 14, 1], [20, 15, 21, 16], [8, 17, 9, 18], [2, 20, 3, 19], [4, 21, 5, 22], [23, 6, 24, 7], [1, 12, 2, 13]]"
12n_0629_112,"[[1, 12, 2, 13], [16, 4, 17, 3], [5, 11, 6, 10], [18, 7, 19, 8], [9, 22, 10, 23], [11, 15, 12, 14], [13, 24, 14, 1], [20, 15, 21, 16], [8, 17, 9, 18], [2, 20, 3, 19], [4, 21, 5, 22], [23, 6, 24, 7]]"
12n_0629_113,"[[23, 6, 24, 7], [1, 12, 2, 13], [16, 4, 17, 3], [5, 11, 6, 10], [18, 7, 19, 8], [9, 22, 10, 23], [11, 15, 12, 14], [13, 24, 14, 1], [20, 15, 21, 16], [8, 17, 9, 18], [2, 20, 3, 19], [4, 21, 5, 22]]"
12n_0629_114,"[[4, 21, 5, 22], [23, 6, 24, 7], [1, 12, 2, 13], [16, 4, 17, 3], [5, 11, 6, 10], [18, 7, 19, 8], [9, 22, 10, 23], [11, 15, 12, 14], [13, 24, 14, 1], [20, 15, 21, 16], [8, 17, 9, 18], [2, 20, 3, 19]]"
12n_0629_115,"[[2, 20, 3, 19], [4, 21, 5, 22], [23, 6, 24, 7], [1, 12, 2, 13], [16, 4, 17, 3], [5, 11, 6, 10], [18, 7, 19, 8], [9, 22, 10, 23], [11, 15, 12, 14], [13, 24, 14, 1], [20, 15, 21, 16], [8, 17, 9, 18]]"
12n_0629_116,"[[8, 17, 9, 18], [2, 20, 3, 19], [4, 21, 5, 22], [23, 6, 24, 7], [1, 12, 2, 13], [16, 4, 17, 3], [5, 11, 6, 10], [18, 7, 19, 8], [9, 22, 10, 23], [11, 15, 12, 14], [13, 24, 14, 1], [20, 15, 21, 16]]"
12n_0629_117,"[[20, 15, 21, 16], [8, 17, 9, 18], [2, 20, 3, 19], [4, 21, 5, 22], [23, 6, 24, 7], [1, 12, 2, 13], [16, 4, 17, 3], [5, 11, 6, 10], [18, 7, 19, 8], [9, 22, 10, 23], [11, 15, 12, 14], [13, 24, 14, 1]]"
12n_0629_118,"[[13, 24, 14, 1], [20, 15, 21, 16], [8, 17, 9, 18], [2, 20, 3, 19], [4, 21, 5, 22], [23, 6, 24, 7], [1, 12, 2, 13], [16, 4, 17, 3], [5, 11, 6, 10], [18, 7, 19, 8], [9, 22, 10, 23], [11, 15, 12, 14]]"
12n_0629_119,"[[11, 15, 12, 14], [13, 24, 14, 1], [20, 15, 21, 16], [8, 17, 9, 18], [2, 20, 3, 19], [4, 21, 5, 22], [23, 6, 24, 7], [1, 12, 2, 13], [16, 4, 17, 3], [5, 11, 6, 10], [18, 7, 19, 8], [9, 22, 10, 23]]"
12n_0629_120,"[[10, 23, 11, 24], [12, 16, 13, 15], [14, 1, 15, 2], [21, 16, 22, 17], [9, 18, 10, 19], [3, 21, 4, 20], [5, 22, 6, 23], [24, 7, 1, 8], [2, 13, 3, 14], [17, 5, 18, 4], [6, 12, 7, 11], [19, 8, 20, 9]]"
12n_0629_121,"[[19, 8, 20, 9], [10, 23, 11, 24], [12, 16, 13, 15], [14, 1, 15, 2], [21, 16, 22, 17], [9, 18, 10, 19], [3, 21, 4, 20], [5, 22, 6, 23], [24, 7, 1, 8], [2, 13, 3, 14], [17, 5, 18, 4], [6, 12, 7, 11]]"
12n_0629_122,"[[6, 12, 7, 11], [19, 8, 20, 9], [10, 23, 11, 24], [12, 16, 13, 15], [14, 1, 15, 2], [21, 16, 22, 17], [9, 18, 10, 19], [3, 21, 4, 20], [5, 22, 6, 23], [24, 7, 1, 8], [2, 13, 3, 14], [17, 5, 18, 4]]"
12n_0629_123,"[[17, 5, 18, 4], [6, 12, 7, 11], [19, 8, 20, 9], [10, 23, 11, 24], [12, 16, 13, 15], [14, 1, 15, 2], [21, 16, 22, 17], [9, 18, 10, 19], [3, 21, 4, 20], [5, 22, 6, 23], [24, 7, 1, 8], [2, 13, 3, 14]]"
12n_0629_124,"[[2, 13, 3, 14], [17, 5, 18, 4], [6, 12, 7, 11], [19, 8, 20, 9], [10, 23, 11, 24], [12, 16, 13, 15], [14, 1, 15, 2], [21, 16, 22, 17], [9, 18, 10, 19], [3, 21, 4, 20], [5, 22, 6, 23], [24, 7, 1, 8]]"
12n_0629_125,"[[24, 7, 1, 8], [2, 13, 3, 14], [17, 5, 18, 4], [6, 12, 7, 11], [19, 8, 20, 9], [10, 23, 11, 24], [12, 16, 13, 15], [14, 1, 15, 2], [21, 16, 22, 17], [9, 18, 10, 19], [3, 21, 4, 20], [5, 22, 6, 23]]"
12n_0629_126,"[[5, 22, 6, 23], [24, 7, 1, 8], [2, 13, 3, 14], [17, 5, 18, 4], [6, 12, 7, 11], [19, 8, 20, 9], [10, 23, 11, 24], [12, 16, 13, 15], [14, 1, 15, 2], [21, 16, 22, 17], [9, 18, 10, 19], [3, 21, 4, 20]]"
12n_0629_127,"[[3, 21, 4, 20], [5, 22, 6, 23], [24, 7, 1, 8], [2, 13, 3, 14], [17, 5, 18, 4], [6, 12, 7, 11], [19, 8, 20, 9], [10, 23, 11, 24], [12, 16, 13, 15], [14, 1, 15, 2], [21, 16, 22, 17], [9, 18, 10, 19]]"
12n_0629_128,"[[9, 18, 10, 19], [3, 21, 4, 20], [5, 22, 6, 23], [24, 7, 1, 8], [2, 13, 3, 14], [17, 5, 18, 4], [6, 12, 7, 11], [19, 8, 20, 9], [10, 23, 11, 24], [12, 16, 13, 15], [14, 1, 15, 2], [21, 16, 22, 17]]"
12n_0629_129,"[[21, 16, 22, 17], [9, 18, 10, 19], [3, 21, 4, 20], [5, 22, 6, 23], [24, 7, 1, 8], [2, 13, 3, 14], [17, 5, 18, 4], [6, 12, 7, 11], [19, 8, 20, 9], [10, 23, 11, 24], [12, 16, 13, 15], [14, 1, 15, 2]]"
12n_0629_130,"[[14, 1, 15, 2], [21, 16, 22, 17], [9, 18, 10, 19], [3, 21, 4, 20], [5, 22, 6, 23], [24, 7, 1, 8], [2, 13, 3, 14], [17, 5, 18, 4], [6, 12, 7, 11], [19, 8, 20, 9], [10, 23, 11, 24], [12, 16, 13, 15]]"
12n_0629_131,"[[12, 16, 13, 15], [14, 1, 15, 2], [21, 16, 22, 17], [9, 18, 10, 19], [3, 21, 4, 20], [5, 22, 6, 23], [24, 7, 1, 8], [2, 13, 3, 14], [17, 5, 18, 4], [6, 12, 7, 11], [19, 8, 20, 9], [10, 23, 11, 24]]"
12n_0629_132,"[[11, 24, 12, 1], [13, 17, 14, 16], [15, 2, 16, 3], [22, 17, 23, 18], [10, 19, 11, 20], [4, 22, 5, 21], [6, 23, 7, 24], [1, 8, 2, 9], [3, 14, 4, 15], [18, 6, 19, 5], [7, 13, 8, 12], [20, 9, 21, 10]]"
12n_0629_133,"[[20, 9, 21, 10], [11, 24, 12, 1], [13, 17, 14, 16], [15, 2, 16, 3], [22, 17, 23, 18], [10, 19, 11, 20], [4, 22, 5, 21], [6, 23, 7, 24], [1, 8, 2, 9], [3, 14, 4, 15], [18, 6, 19, 5], [7, 13, 8, 12]]"
12n_0629_134,"[[7, 13, 8, 12], [20, 9, 21, 10], [11, 24, 12, 1], [13, 17, 14, 16], [15, 2, 16, 3], [22, 17, 23, 18], [10, 19, 11, 20], [4, 22, 5, 21], [6, 23, 7, 24], [1, 8, 2, 9], [3, 14, 4, 15], [18, 6, 19, 5]]"
12n_0629_135,"[[18, 6, 19, 5], [7, 13, 8, 12], [20, 9, 21, 10], [11, 24, 12, 1], [13, 17, 14, 16], [15, 2, 16, 3], [22, 17, 23, 18], [10, 19, 11, 20], [4, 22, 5, 21], [6, 23, 7, 24], [1, 8, 2, 9], [3, 14, 4, 15]]"
12n_0629_136,"[[3, 14, 4, 15], [18, 6, 19, 5], [7, 13, 8, 12], [20, 9, 21, 10], [11, 24, 12, 1], [13, 17, 14, 16], [15, 2, 16, 3], [22, 17, 23, 18], [10, 19, 11, 20], [4, 22, 5, 21], [6, 23, 7, 24], [1, 8, 2, 9]]"
12n_0629_137,"[[1, 8, 2, 9], [3, 14, 4, 15], [18, 6, 19, 5], [7, 13, 8, 12], [20, 9, 21, 10], [11, 24, 12, 1], [13, 17, 14, 16], [15, 2, 16, 3], [22, 17, 23, 18], [10, 19, 11, 20], [4, 22, 5, 21], [6, 23, 7, 24]]"
12n_0629_138,"[[6, 23, 7, 24], [1, 8, 2, 9], [3, 14, 4, 15], [18, 6, 19, 5], [7, 13, 8, 12], [20, 9, 21, 10], [11, 24, 12, 1], [13, 17, 14, 16], [15, 2, 16, 3], [22, 17, 23, 18], [10, 19, 11, 20], [4, 22, 5, 21]]"
12n_0629_139,"[[4, 22, 5, 21], [6, 23, 7, 24], [1, 8, 2, 9], [3, 14, 4, 15], [18, 6, 19, 5], [7, 13, 8, 12], [20, 9, 21, 10], [11, 24, 12, 1], [13, 17, 14, 16], [15, 2, 16, 3], [22, 17, 23, 18], [10, 19, 11, 20]]"
12n_0629_140,"[[10, 19, 11, 20], [4, 22, 5, 21], [6, 23, 7, 24], [1, 8, 2, 9], [3, 14, 4, 15], [18, 6, 19, 5], [7, 13, 8, 12], [20, 9, 21, 10], [11, 24, 12, 1], [13, 17, 14, 16], [15, 2, 16, 3], [22, 17, 23, 18]]"
12n_0629_141,"[[22, 17, 23, 18], [10, 19, 11, 20], [4, 22, 5, 21], [6, 23, 7, 24], [1, 8, 2, 9], [3, 14, 4, 15], [18, 6, 19, 5], [7, 13, 8, 12], [20, 9, 21, 10], [11, 24, 12, 1], [13, 17, 14, 16], [15, 2, 16, 3]]"
12n_0629_142,"[[15, 2, 16, 3], [22, 17, 23, 18], [10, 19, 11, 20], [4, 22, 5, 21], [6, 23, 7, 24], [1, 8, 2, 9], [3, 14, 4, 15], [18, 6, 19, 5], [7, 13, 8, 12], [20, 9, 21, 10], [11, 24, 12, 1], [13, 17, 14, 16]]"
12n_0629_143,"[[13, 17, 14, 16], [15, 2, 16, 3], [22, 17, 23, 18], [10, 19, 11, 20], [4, 22, 5, 21], [6, 23, 7, 24], [1, 8, 2, 9], [3, 14, 4, 15], [18, 6, 19, 5], [7, 13, 8, 12], [20, 9, 21, 10], [11, 24, 12, 1]]"
12n_0629_144,"[[12, 1, 13, 2], [14, 18, 15, 17], [16, 3, 17, 4], [23, 18, 24, 19], [11, 20, 12, 21], [5, 23, 6, 22], [7, 24, 8, 1], [2, 9, 3, 10], [4, 15, 5, 16], [19, 7, 20, 6], [8, 14, 9, 13], [21, 10, 22, 11]]"
12n_0629_145,"[[21, 10, 22, 11], [12, 1, 13, 2], [14, 18, 15, 17], [16, 3, 17, 4], [23, 18, 24, 19], [11, 20, 12, 21], [5, 23, 6, 22], [7, 24, 8, 1], [2, 9, 3, 10], [4, 15, 5, 16], [19, 7, 20, 6], [8, 14, 9, 13]]"
12n_0629_146,"[[8, 14, 9, 13], [21, 10, 22, 11], [12, 1, 13, 2], [14, 18, 15, 17], [16, 3, 17, 4], [23, 18, 24, 19], [11, 20, 12, 21], [5, 23, 6, 22], [7, 24, 8, 1], [2, 9, 3, 10], [4, 15, 5, 16], [19, 7, 20, 6]]"
12n_0629_147,"[[19, 7, 20, 6], [8, 14, 9, 13], [21, 10, 22, 11], [12, 1, 13, 2], [14, 18, 15, 17], [16, 3, 17, 4], [23, 18, 24, 19], [11, 20, 12, 21], [5, 23, 6, 22], [7, 24, 8, 1], [2, 9, 3, 10], [4, 15, 5, 16]]"
12n_0629_148,"[[4, 15, 5, 16], [19, 7, 20, 6], [8, 14, 9, 13], [21, 10, 22, 11], [12, 1, 13, 2], [14, 18, 15, 17], [16, 3, 17, 4], [23, 18, 24, 19], [11, 20, 12, 21], [5, 23, 6, 22], [7, 24, 8, 1], [2, 9, 3, 10]]"
12n_0629_149,"[[2, 9, 3, 10], [4, 15, 5, 16], [19, 7, 20, 6], [8, 14, 9, 13], [21, 10, 22, 11], [12, 1, 13, 2], [14, 18, 15, 17], [16, 3, 17, 4], [23, 18, 24, 19], [11, 20, 12, 21], [5, 23, 6, 22], [7, 24, 8, 1]]"
12n_0629_150,"[[7, 24, 8, 1], [2, 9, 3, 10], [4, 15, 5, 16], [19, 7, 20, 6], [8, 14, 9, 13], [21, 10, 22, 11], [12, 1, 13, 2], [14, 18, 15, 17], [16, 3, 17, 4], [23, 18, 24, 19], [11, 20, 12, 21], [5, 23, 6, 22]]"
12n_0629_151,"[[5, 23, 6, 22], [7, 24, 8, 1], [2, 9, 3, 10], [4, 15, 5, 16], [19, 7, 20, 6], [8, 14, 9, 13], [21, 10, 22, 11], [12, 1, 13, 2], [14, 18, 15, 17], [16, 3, 17, 4], [23, 18, 24, 19], [11, 20, 12, 21]]"
12n_0629_152,"[[11, 20, 12, 21], [5, 23, 6, 22], [7, 24, 8, 1], [2, 9, 3, 10], [4, 15, 5, 16], [19, 7, 20, 6], [8, 14, 9, 13], [21, 10, 22, 11], [12, 1, 13, 2], [14, 18, 15, 17], [16, 3, 17, 4], [23, 18, 24, 19]]"
12n_0629_153,"[[23, 18, 24, 19], [11, 20, 12, 21], [5, 23, 6, 22], [7, 24, 8, 1], [2, 9, 3, 10], [4, 15, 5, 16], [19, 7, 20, 6], [8, 14, 9, 13], [21, 10, 22, 11], [12, 1, 13, 2], [14, 18, 15, 17], [16, 3, 17, 4]]"
12n_0629_154,"[[16, 3, 17, 4], [23, 18, 24, 19], [11, 20, 12, 21], [5, 23, 6, 22], [7, 24, 8, 1], [2, 9, 3, 10], [4, 15, 5, 16], [19, 7, 20, 6], [8, 14, 9, 13], [21, 10, 22, 11], [12, 1, 13, 2], [14, 18, 15, 17]]"
12n_0629_155,"[[14, 18, 15, 17], [16, 3, 17, 4], [23, 18, 24, 19], [11, 20, 12, 21], [5, 23, 6, 22], [7, 24, 8, 1], [2, 9, 3, 10], [4, 15, 5, 16], [19, 7, 20, 6], [8, 14, 9, 13], [21, 10, 22, 11], [12, 1, 13, 2]]"
12n_0629_156,"[[13, 2, 14, 3], [15, 19, 16, 18], [17, 4, 18, 5], [24, 19, 1, 20], [12, 21, 13, 22], [6, 24, 7, 23], [8, 1, 9, 2], [3, 10, 4, 11], [5, 16, 6, 17], [20, 8, 21, 7], [9, 15, 10, 14], [22, 11, 23, 12]]"
12n_0629_157,"[[22, 11, 23, 12], [13, 2, 14, 3], [15, 19, 16, 18], [17, 4, 18, 5], [24, 19, 1, 20], [12, 21, 13, 22], [6, 24, 7, 23], [8, 1, 9, 2], [3, 10, 4, 11], [5, 16, 6, 17], [20, 8, 21, 7], [9, 15, 10, 14]]"
12n_0629_158,"[[9, 15, 10, 14], [22, 11, 23, 12], [13, 2, 14, 3], [15, 19, 16, 18], [17, 4, 18, 5], [24, 19, 1, 20], [12, 21, 13, 22], [6, 24, 7, 23], [8, 1, 9, 2], [3, 10, 4, 11], [5, 16, 6, 17], [20, 8, 21, 7]]"
12n_0629_159,"[[20, 8, 21, 7], [9, 15, 10, 14], [22, 11, 23, 12], [13, 2, 14, 3], [15, 19, 16, 18], [17, 4, 18, 5], [24, 19, 1, 20], [12, 21, 13, 22], [6, 24, 7, 23], [8, 1, 9, 2], [3, 10, 4, 11], [5, 16, 6, 17]]"
12n_0629_160,"[[5, 16, 6, 17], [20, 8, 21, 7], [9, 15, 10, 14], [22, 11, 23, 12], [13, 2, 14, 3], [15, 19, 16, 18], [17, 4, 18, 5], [24, 19, 1, 20], [12, 21, 13, 22], [6, 24, 7, 23], [8, 1, 9, 2], [3, 10, 4, 11]]"
12n_0629_161,"[[3, 10, 4, 11], [5, 16, 6, 17], [20, 8, 21, 7], [9, 15, 10, 14], [22, 11, 23, 12], [13, 2, 14, 3], [15, 19, 16, 18], [17, 4, 18, 5], [24, 19, 1, 20], [12, 21, 13, 22], [6, 24, 7, 23], [8, 1, 9, 2]]"
12n_0629_162,"[[8, 1, 9, 2], [3, 10, 4, 11], [5, 16, 6, 17], [20, 8, 21, 7], [9, 15, 10, 14], [22, 11, 23, 12], [13, 2, 14, 3], [15, 19, 16, 18], [17, 4, 18, 5], [24, 19, 1, 20], [12, 21, 13, 22], [6, 24, 7, 23]]"
12n_0629_163,"[[6, 24, 7, 23], [8, 1, 9, 2], [3, 10, 4, 11], [5, 16, 6, 17], [20, 8, 21, 7], [9, 15, 10, 14], [22, 11, 23, 12], [13, 2, 14, 3], [15, 19, 16, 18], [17, 4, 18, 5], [24, 19, 1, 20], [12, 21, 13, 22]]"
12n_0629_164,"[[12, 21, 13, 22], [6, 24, 7, 23], [8, 1, 9, 2], [3, 10, 4, 11], [5, 16, 6, 17], [20, 8, 21, 7], [9, 15, 10, 14], [22, 11, 23, 12], [13, 2, 14, 3], [15, 19, 16, 18], [17, 4, 18, 5], [24, 19, 1, 20]]"
12n_0629_165,"[[24, 19, 1, 20], [12, 21, 13, 22], [6, 24, 7, 23], [8, 1, 9, 2], [3, 10, 4, 11], [5, 16, 6, 17], [20, 8, 21, 7], [9, 15, 10, 14], [22, 11, 23, 12], [13, 2, 14, 3], [15, 19, 16, 18], [17, 4, 18, 5]]"
12n_0629_166,"[[17, 4, 18, 5], [24, 19, 1, 20], [12, 21, 13, 22], [6, 24, 7, 23], [8, 1, 9, 2], [3, 10, 4, 11], [5, 16, 6, 17], [20, 8, 21, 7], [9, 15, 10, 14], [22, 11, 23, 12], [13, 2, 14, 3], [15, 19, 16, 18]]"
12n_0629_167,"[[15, 19, 16, 18], [17, 4, 18, 5], [24, 19, 1, 20], [12, 21, 13, 22], [6, 24, 7, 23], [8, 1, 9, 2], [3, 10, 4, 11], [5, 16, 6, 17], [20, 8, 21, 7], [9, 15, 10, 14], [22, 11, 23, 12], [13, 2, 14, 3]]"
12n_0629_168,"[[14, 3, 15, 4], [16, 20, 17, 19], [18, 5, 19, 6], [1, 20, 2, 21], [13, 22, 14, 23], [7, 1, 8, 24], [9, 2, 10, 3], [4, 11, 5, 12], [6, 17, 7, 18], [21, 9, 22, 8], [10, 16, 11, 15], [23, 12, 24, 13]]"
12n_0629_169,"[[23, 12, 24, 13], [14, 3, 15, 4], [16, 20, 17, 19], [18, 5, 19, 6], [1, 20, 2, 21], [13, 22, 14, 23], [7, 1, 8, 24], [9, 2, 10, 3], [4, 11, 5, 12], [6, 17, 7, 18], [21, 9, 22, 8], [10, 16, 11, 15]]"
12n_0629_170,"[[10, 16, 11, 15], [23, 12, 24, 13], [14, 3, 15, 4], [16, 20, 17, 19], [18, 5, 19, 6], [1, 20, 2, 21], [13, 22, 14, 23], [7, 1, 8, 24], [9, 2, 10, 3], [4, 11, 5, 12], [6, 17, 7, 18], [21, 9, 22, 8]]"
12n_0629_171,"[[21, 9, 22, 8], [10, 16, 11, 15], [23, 12, 24, 13], [14, 3, 15, 4], [16, 20, 17, 19], [18, 5, 19, 6], [1, 20, 2, 21], [13, 22, 14, 23], [7, 1, 8, 24], [9, 2, 10, 3], [4, 11, 5, 12], [6, 17, 7, 18]]"
12n_0629_172,"[[6, 17, 7, 18], [21, 9, 22, 8], [10, 16, 11, 15], [23, 12, 24, 13], [14, 3, 15, 4], [16, 20, 17, 19], [18, 5, 19, 6], [1, 20, 2, 21], [13, 22, 14, 23], [7, 1, 8, 24], [9, 2, 10, 3], [4, 11, 5, 12]]"
12n_0629_173,"[[4, 11, 5, 12], [6, 17, 7, 18], [21, 9, 22, 8], [10, 16, 11, 15], [23, 12, 24, 13], [14, 3, 15, 4], [16, 20, 17, 19], [18, 5, 19, 6], [1, 20, 2, 21], [13, 22, 14, 23], [7, 1, 8, 24], [9, 2, 10, 3]]"
12n_0629_174,"[[9, 2, 10, 3], [4, 11, 5, 12], [6, 17, 7, 18], [21, 9, 22, 8], [10, 16, 11, 15], [23, 12, 24, 13], [14, 3, 15, 4], [16, 20, 17, 19], [18, 5, 19, 6], [1, 20, 2, 21], [13, 22, 14, 23], [7, 1, 8, 24]]"
12n_0629_175,"[[7, 1, 8, 24], [9, 2, 10, 3], [4, 11, 5, 12], [6, 17, 7, 18], [21, 9, 22, 8], [10, 16, 11, 15], [23, 12, 24, 13], [14, 3, 15, 4], [16, 20, 17, 19], [18, 5, 19, 6], [1, 20, 2, 21], [13, 22, 14, 23]]"
12n_0629_176,"[[13, 22, 14, 23], [7, 1, 8, 24], [9, 2, 10, 3], [4, 11, 5, 12], [6, 17, 7, 18], [21, 9, 22, 8], [10, 16, 11, 15], [23, 12, 24, 13], [14, 3, 15, 4], [16, 20, 17, 19], [18, 5, 19, 6], [1, 20, 2, 21]]"
12n_0629_177,"[[1, 20, 2, 21], [13, 22, 14, 23], [7, 1, 8, 24], [9, 2, 10, 3], [4, 11, 5, 12], [6, 17, 7, 18], [21, 9, 22, 8], [10, 16, 11, 15], [23, 12, 24, 13], [14, 3, 15, 4], [16, 20, 17, 19], [18, 5, 19, 6]]"
12n_0629_178,"[[18, 5, 19, 6], [1, 20, 2, 21], [13, 22, 14, 23], [7, 1, 8, 24], [9, 2, 10, 3], [4, 11, 5, 12], [6, 17, 7, 18], [21, 9, 22, 8], [10, 16, 11, 15], [23, 12, 24, 13], [14, 3, 15, 4], [16, 20, 17, 19]]"
12n_0629_179,"[[16, 20, 17, 19], [18, 5, 19, 6], [1, 20, 2, 21], [13, 22, 14, 23], [7, 1, 8, 24], [9, 2, 10, 3], [4, 11, 5, 12], [6, 17, 7, 18], [21, 9, 22, 8], [10, 16, 11, 15], [23, 12, 24, 13], [14, 3, 15, 4]]"
12n_0629_180,"[[15, 4, 16, 5], [17, 21, 18, 20], [19, 6, 20, 7], [2, 21, 3, 22], [14, 23, 15, 24], [8, 2, 9, 1], [10, 3, 11, 4], [5, 12, 6, 13], [7, 18, 8, 19], [22, 10, 23, 9], [11, 17, 12, 16], [24, 13, 1, 14]]"
12n_0629_181,"[[24, 13, 1, 14], [15, 4, 16, 5], [17, 21, 18, 20], [19, 6, 20, 7], [2, 21, 3, 22], [14, 23, 15, 24], [8, 2, 9, 1], [10, 3, 11, 4], [5, 12, 6, 13], [7, 18, 8, 19], [22, 10, 23, 9], [11, 17, 12, 16]]"
12n_0629_182,"[[11, 17, 12, 16], [24, 13, 1, 14], [15, 4, 16, 5], [17, 21, 18, 20], [19, 6, 20, 7], [2, 21, 3, 22], [14, 23, 15, 24], [8, 2, 9, 1], [10, 3, 11, 4], [5, 12, 6, 13], [7, 18, 8, 19], [22, 10, 23, 9]]"
12n_0629_183,"[[22, 10, 23, 9], [11, 17, 12, 16], [24, 13, 1, 14], [15, 4, 16, 5], [17, 21, 18, 20], [19, 6, 20, 7], [2, 21, 3, 22], [14, 23, 15, 24], [8, 2, 9, 1], [10, 3, 11, 4], [5, 12, 6, 13], [7, 18, 8, 19]]"
12n_0629_184,"[[7, 18, 8, 19], [22, 10, 23, 9], [11, 17, 12, 16], [24, 13, 1, 14], [15, 4, 16, 5], [17, 21, 18, 20], [19, 6, 20, 7], [2, 21, 3, 22], [14, 23, 15, 24], [8, 2, 9, 1], [10, 3, 11, 4], [5, 12, 6, 13]]"
12n_0629_185,"[[5, 12, 6, 13], [7, 18, 8, 19], [22, 10, 23, 9], [11, 17, 12, 16], [24, 13, 1, 14], [15, 4, 16, 5], [17, 21, 18, 20], [19, 6, 20, 7], [2, 21, 3, 22], [14, 23, 15, 24], [8, 2, 9, 1], [10, 3, 11, 4]]"
