name,pd_notation
12n_0820_0,"[[24, 15, 1, 16], [2, 8, 3, 7], [11, 4, 12, 5], [21, 6, 22, 7], [8, 17, 9, 18], [3, 10, 4, 11], [19, 13, 20, 12], [14, 23, 15, 24], [16, 1, 17, 2], [18, 9, 19, 10], [5, 20, 6, 21], [22, 13, 23, 14]]"
12n_0820_1,"[[22, 13, 23, 14], [24, 15, 1, 16], [2, 8, 3, 7], [11, 4, 12, 5], [21, 6, 22, 7], [8, 17, 9, 18], [3, 10, 4, 11], [19, 13, 20, 12], [14, 23, 15, 24], [16, 1, 17, 2], [18, 9, 19, 10], [5, 20, 6, 21]]"
12n_0820_2,"[[5, 20, 6, 21], [22, 13, 23, 14], [24, 15, 1, 16], [2, 8, 3, 7], [11, 4, 12, 5], [21, 6, 22, 7], [8, 17, 9, 18], [3, 10, 4, 11], [19, 13, 20, 12], [14, 23, 15, 24], [16, 1, 17, 2], [18, 9, 19, 10]]"
12n_0820_3,"[[18, 9, 19, 10], [5, 20, 6, 21], [22, 13, 23, 14], [24, 15, 1, 16], [2, 8, 3, 7], [11, 4, 12, 5], [21, 6, 22, 7], [8, 17, 9, 18], [3, 10, 4, 11], [19, 13, 20, 12], [14, 23, 15, 24], [16, 1, 17, 2]]"
12n_0820_4,"[[16, 1, 17, 2], [18, 9, 19, 10], [5, 20, 6, 21], [22, 13, 23, 14], [24, 15, 1, 16], [2, 8, 3, 7], [11, 4, 12, 5], [21, 6, 22, 7], [8, 17, 9, 18], [3, 10, 4, 11], [19, 13, 20, 12], [14, 23, 15, 24]]"
12n_0820_5,"[[14, 23, 15, 24], [16, 1, 17, 2], [18, 9, 19, 10], [5, 20, 6, 21], [22, 13, 23, 14], [24, 15, 1, 16], [2, 8, 3, 7], [11, 4, 12, 5], [21, 6, 22, 7], [8, 17, 9, 18], [3, 10, 4, 11], [19, 13, 20, 12]]"
12n_0820_6,"[[19, 13, 20, 12], [14, 23, 15, 24], [16, 1, 17, 2], [18, 9, 19, 10], [5, 20, 6, 21], [22, 13, 23, 14], [24, 15, 1, 16], [2, 8, 3, 7], [11, 4, 12, 5], [21, 6, 22, 7], [8, 17, 9, 18], [3, 10, 4, 11]]"
12n_0820_7,"[[3, 10, 4, 11], [19, 13, 20, 12], [14, 23, 15, 24], [16, 1, 17, 2], [18, 9, 19, 10], [5, 20, 6, 21], [22, 13, 23, 14], [24, 15, 1, 16], [2, 8, 3, 7], [11, 4, 12, 5], [21, 6, 22, 7], [8, 17, 9, 18]]"
12n_0820_8,"[[8, 17, 9, 18], [3, 10, 4, 11], [19, 13, 20, 12], [14, 23, 15, 24], [16, 1, 17, 2], [18, 9, 19, 10], [5, 20, 6, 21], [22, 13, 23, 14], [24, 15, 1, 16], [2, 8, 3, 7], [11, 4, 12, 5], [21, 6, 22, 7]]"
12n_0820_9,"[[21, 6, 22, 7], [8, 17, 9, 18], [3, 10, 4, 11], [19, 13, 20, 12], [14, 23, 15, 24], [16, 1, 17, 2], [18, 9, 19, 10], [5, 20, 6, 21], [22, 13, 23, 14], [24, 15, 1, 16], [2, 8, 3, 7], [11, 4, 12, 5]]"
12n_0820_10,"[[11, 4, 12, 5], [21, 6, 22, 7], [8, 17, 9, 18], [3, 10, 4, 11], [19, 13, 20, 12], [14, 23, 15, 24], [16, 1, 17, 2], [18, 9, 19, 10], [5, 20, 6, 21], [22, 13, 23, 14], [24, 15, 1, 16], [2, 8, 3, 7]]"
12n_0820_11,"[[2, 8, 3, 7], [11, 4, 12, 5], [21, 6, 22, 7], [8, 17, 9, 18], [3, 10, 4, 11], [19, 13, 20, 12], [14, 23, 15, 24], [16, 1, 17, 2], [18, 9, 19, 10], [5, 20, 6, 21], [22, 13, 23, 14], [24, 15, 1, 16]]"
12n_0820_12,"[[1, 16, 2, 17], [3, 9, 4, 8], [12, 5, 13, 6], [22, 7, 23, 8], [9, 18, 10, 19], [4, 11, 5, 12], [20, 14, 21, 13], [15, 24, 16, 1], [17, 2, 18, 3], [19, 10, 20, 11], [6, 21, 7, 22], [23, 14, 24, 15]]"
12n_0820_13,"[[23, 14, 24, 15], [1, 16, 2, 17], [3, 9, 4, 8], [12, 5, 13, 6], [22, 7, 23, 8], [9, 18, 10, 19], [4, 11, 5, 12], [20, 14, 21, 13], [15, 24, 16, 1], [17, 2, 18, 3], [19, 10, 20, 11], [6, 21, 7, 22]]"
12n_0820_14,"[[6, 21, 7, 22], [23, 14, 24, 15], [1, 16, 2, 17], [3, 9, 4, 8], [12, 5, 13, 6], [22, 7, 23, 8], [9, 18, 10, 19], [4, 11, 5, 12], [20, 14, 21, 13], [15, 24, 16, 1], [17, 2, 18, 3], [19, 10, 20, 11]]"
12n_0820_15,"[[19, 10, 20, 11], [6, 21, 7, 22], [23, 14, 24, 15], [1, 16, 2, 17], [3, 9, 4, 8], [12, 5, 13, 6], [22, 7, 23, 8], [9, 18, 10, 19], [4, 11, 5, 12], [20, 14, 21, 13], [15, 24, 16, 1], [17, 2, 18, 3]]"
12n_0820_16,"[[17, 2, 18, 3], [19, 10, 20, 11], [6, 21, 7, 22], [23, 14, 24, 15], [1, 16, 2, 17], [3, 9, 4, 8], [12, 5, 13, 6], [22, 7, 23, 8], [9, 18, 10, 19], [4, 11, 5, 12], [20, 14, 21, 13], [15, 24, 16, 1]]"
12n_0820_17,"[[15, 24, 16, 1], [17, 2, 18, 3], [19, 10, 20, 11], [6, 21, 7, 22], [23, 14, 24, 15], [1, 16, 2, 17], [3, 9, 4, 8], [12, 5, 13, 6], [22, 7, 23, 8], [9, 18, 10, 19], [4, 11, 5, 12], [20, 14, 21, 13]]"
12n_0820_18,"[[20, 14, 21, 13], [15, 24, 16, 1], [17, 2, 18, 3], [19, 10, 20, 11], [6, 21, 7, 22], [23, 14, 24, 15], [1, 16, 2, 17], [3, 9, 4, 8], [12, 5, 13, 6], [22, 7, 23, 8], [9, 18, 10, 19], [4, 11, 5, 12]]"
12n_0820_19,"[[4, 11, 5, 12], [20, 14, 21, 13], [15, 24, 16, 1], [17, 2, 18, 3], [19, 10, 20, 11], [6, 21, 7, 22], [23, 14, 24, 15], [1, 16, 2, 17], [3, 9, 4, 8], [12, 5, 13, 6], [22, 7, 23, 8], [9, 18, 10, 19]]"
12n_0820_20,"[[9, 18, 10, 19], [4, 11, 5, 12], [20, 14, 21, 13], [15, 24, 16, 1], [17, 2, 18, 3], [19, 10, 20, 11], [6, 21, 7, 22], [23, 14, 24, 15], [1, 16, 2, 17], [3, 9, 4, 8], [12, 5, 13, 6], [22, 7, 23, 8]]"
12n_0820_21,"[[22, 7, 23, 8], [9, 18, 10, 19], [4, 11, 5, 12], [20, 14, 21, 13], [15, 24, 16, 1], [17, 2, 18, 3], [19, 10, 20, 11], [6, 21, 7, 22], [23, 14, 24, 15], [1, 16, 2, 17], [3, 9, 4, 8], [12, 5, 13, 6]]"
12n_0820_22,"[[12, 5, 13, 6], [22, 7, 23, 8], [9, 18, 10, 19], [4, 11, 5, 12], [20, 14, 21, 13], [15, 24, 16, 1], [17, 2, 18, 3], [19, 10, 20, 11], [6, 21, 7, 22], [23, 14, 24, 15], [1, 16, 2, 17], [3, 9, 4, 8]]"
12n_0820_23,"[[3, 9, 4, 8], [12, 5, 13, 6], [22, 7, 23, 8], [9, 18, 10, 19], [4, 11, 5, 12], [20, 14, 21, 13], [15, 24, 16, 1], [17, 2, 18, 3], [19, 10, 20, 11], [6, 21, 7, 22], [23, 14, 24, 15], [1, 16, 2, 17]]"
12n_0820_24,"[[2, 17, 3, 18], [4, 10, 5, 9], [13, 6, 14, 7], [23, 8, 24, 9], [10, 19, 11, 20], [5, 12, 6, 13], [21, 15, 22, 14], [16, 1, 17, 2], [18, 3, 19, 4], [20, 11, 21, 12], [7, 22, 8, 23], [24, 15, 1, 16]]"
12n_0820_25,"[[24, 15, 1, 16], [2, 17, 3, 18], [4, 10, 5, 9], [13, 6, 14, 7], [23, 8, 24, 9], [10, 19, 11, 20], [5, 12, 6, 13], [21, 15, 22, 14], [16, 1, 17, 2], [18, 3, 19, 4], [20, 11, 21, 12], [7, 22, 8, 23]]"
12n_0820_26,"[[7, 22, 8, 23], [24, 15, 1, 16], [2, 17, 3, 18], [4, 10, 5, 9], [13, 6, 14, 7], [23, 8, 24, 9], [10, 19, 11, 20], [5, 12, 6, 13], [21, 15, 22, 14], [16, 1, 17, 2], [18, 3, 19, 4], [20, 11, 21, 12]]"
12n_0820_27,"[[20, 11, 21, 12], [7, 22, 8, 23], [24, 15, 1, 16], [2, 17, 3, 18], [4, 10, 5, 9], [13, 6, 14, 7], [23, 8, 24, 9], [10, 19, 11, 20], [5, 12, 6, 13], [21, 15, 22, 14], [16, 1, 17, 2], [18, 3, 19, 4]]"
12n_0820_28,"[[18, 3, 19, 4], [20, 11, 21, 12], [7, 22, 8, 23], [24, 15, 1, 16], [2, 17, 3, 18], [4, 10, 5, 9], [13, 6, 14, 7], [23, 8, 24, 9], [10, 19, 11, 20], [5, 12, 6, 13], [21, 15, 22, 14], [16, 1, 17, 2]]"
12n_0820_29,"[[16, 1, 17, 2], [18, 3, 19, 4], [20, 11, 21, 12], [7, 22, 8, 23], [24, 15, 1, 16], [2, 17, 3, 18], [4, 10, 5, 9], [13, 6, 14, 7], [23, 8, 24, 9], [10, 19, 11, 20], [5, 12, 6, 13], [21, 15, 22, 14]]"
12n_0820_30,"[[21, 15, 22, 14], [16, 1, 17, 2], [18, 3, 19, 4], [20, 11, 21, 12], [7, 22, 8, 23], [24, 15, 1, 16], [2, 17, 3, 18], [4, 10, 5, 9], [13, 6, 14, 7], [23, 8, 24, 9], [10, 19, 11, 20], [5, 12, 6, 13]]"
12n_0820_31,"[[5, 12, 6, 13], [21, 15, 22, 14], [16, 1, 17, 2], [18, 3, 19, 4], [20, 11, 21, 12], [7, 22, 8, 23], [24, 15, 1, 16], [2, 17, 3, 18], [4, 10, 5, 9], [13, 6, 14, 7], [23, 8, 24, 9], [10, 19, 11, 20]]"
12n_0820_32,"[[10, 19, 11, 20], [5, 12, 6, 13], [21, 15, 22, 14], [16, 1, 17, 2], [18, 3, 19, 4], [20, 11, 21, 12], [7, 22, 8, 23], [24, 15, 1, 16], [2, 17, 3, 18], [4, 10, 5, 9], [13, 6, 14, 7], [23, 8, 24, 9]]"
12n_0820_33,"[[23, 8, 24, 9], [10, 19, 11, 20], [5, 12, 6, 13], [21, 15, 22, 14], [16, 1, 17, 2], [18, 3, 19, 4], [20, 11, 21, 12], [7, 22, 8, 23], [24, 15, 1, 16], [2, 17, 3, 18], [4, 10, 5, 9], [13, 6, 14, 7]]"
12n_0820_34,"[[13, 6, 14, 7], [23, 8, 24, 9], [10, 19, 11, 20], [5, 12, 6, 13], [21, 15, 22, 14], [16, 1, 17, 2], [18, 3, 19, 4], [20, 11, 21, 12], [7, 22, 8, 23], [24, 15, 1, 16], [2, 17, 3, 18], [4, 10, 5, 9]]"
12n_0820_35,"[[4, 10, 5, 9], [13, 6, 14, 7], [23, 8, 24, 9], [10, 19, 11, 20], [5, 12, 6, 13], [21, 15, 22, 14], [16, 1, 17, 2], [18, 3, 19, 4], [20, 11, 21, 12], [7, 22, 8, 23], [24, 15, 1, 16], [2, 17, 3, 18]]"
12n_0820_36,"[[3, 18, 4, 19], [5, 11, 6, 10], [14, 7, 15, 8], [24, 9, 1, 10], [11, 20, 12, 21], [6, 13, 7, 14], [22, 16, 23, 15], [17, 2, 18, 3], [19, 4, 20, 5], [21, 12, 22, 13], [8, 23, 9, 24], [1, 16, 2, 17]]"
12n_0820_37,"[[1, 16, 2, 17], [3, 18, 4, 19], [5, 11, 6, 10], [14, 7, 15, 8], [24, 9, 1, 10], [11, 20, 12, 21], [6, 13, 7, 14], [22, 16, 23, 15], [17, 2, 18, 3], [19, 4, 20, 5], [21, 12, 22, 13], [8, 23, 9, 24]]"
12n_0820_38,"[[8, 23, 9, 24], [1, 16, 2, 17], [3, 18, 4, 19], [5, 11, 6, 10], [14, 7, 15, 8], [24, 9, 1, 10], [11, 20, 12, 21], [6, 13, 7, 14], [22, 16, 23, 15], [17, 2, 18, 3], [19, 4, 20, 5], [21, 12, 22, 13]]"
12n_0820_39,"[[21, 12, 22, 13], [8, 23, 9, 24], [1, 16, 2, 17], [3, 18, 4, 19], [5, 11, 6, 10], [14, 7, 15, 8], [24, 9, 1, 10], [11, 20, 12, 21], [6, 13, 7, 14], [22, 16, 23, 15], [17, 2, 18, 3], [19, 4, 20, 5]]"
12n_0820_40,"[[19, 4, 20, 5], [21, 12, 22, 13], [8, 23, 9, 24], [1, 16, 2, 17], [3, 18, 4, 19], [5, 11, 6, 10], [14, 7, 15, 8], [24, 9, 1, 10], [11, 20, 12, 21], [6, 13, 7, 14], [22, 16, 23, 15], [17, 2, 18, 3]]"
12n_0820_41,"[[17, 2, 18, 3], [19, 4, 20, 5], [21, 12, 22, 13], [8, 23, 9, 24], [1, 16, 2, 17], [3, 18, 4, 19], [5, 11, 6, 10], [14, 7, 15, 8], [24, 9, 1, 10], [11, 20, 12, 21], [6, 13, 7, 14], [22, 16, 23, 15]]"
12n_0820_42,"[[22, 16, 23, 15], [17, 2, 18, 3], [19, 4, 20, 5], [21, 12, 22, 13], [8, 23, 9, 24], [1, 16, 2, 17], [3, 18, 4, 19], [5, 11, 6, 10], [14, 7, 15, 8], [24, 9, 1, 10], [11, 20, 12, 21], [6, 13, 7, 14]]"
12n_0820_43,"[[6, 13, 7, 14], [22, 16, 23, 15], [17, 2, 18, 3], [19, 4, 20, 5], [21, 12, 22, 13], [8, 23, 9, 24], [1, 16, 2, 17], [3, 18, 4, 19], [5, 11, 6, 10], [14, 7, 15, 8], [24, 9, 1, 10], [11, 20, 12, 21]]"
12n_0820_44,"[[11, 20, 12, 21], [6, 13, 7, 14], [22, 16, 23, 15], [17, 2, 18, 3], [19, 4, 20, 5], [21, 12, 22, 13], [8, 23, 9, 24], [1, 16, 2, 17], [3, 18, 4, 19], [5, 11, 6, 10], [14, 7, 15, 8], [24, 9, 1, 10]]"
12n_0820_45,"[[24, 9, 1, 10], [11, 20, 12, 21], [6, 13, 7, 14], [22, 16, 23, 15], [17, 2, 18, 3], [19, 4, 20, 5], [21, 12, 22, 13], [8, 23, 9, 24], [1, 16, 2, 17], [3, 18, 4, 19], [5, 11, 6, 10], [14, 7, 15, 8]]"
12n_0820_46,"[[14, 7, 15, 8], [24, 9, 1, 10], [11, 20, 12, 21], [6, 13, 7, 14], [22, 16, 23, 15], [17, 2, 18, 3], [19, 4, 20, 5], [21, 12, 22, 13], [8, 23, 9, 24], [1, 16, 2, 17], [3, 18, 4, 19], [5, 11, 6, 10]]"
12n_0820_47,"[[5, 11, 6, 10], [14, 7, 15, 8], [24, 9, 1, 10], [11, 20, 12, 21], [6, 13, 7, 14], [22, 16, 23, 15], [17, 2, 18, 3], [19, 4, 20, 5], [21, 12, 22, 13], [8, 23, 9, 24], [1, 16, 2, 17], [3, 18, 4, 19]]"
12n_0820_48,"[[4, 19, 5, 20], [6, 12, 7, 11], [15, 8, 16, 9], [1, 10, 2, 11], [12, 21, 13, 22], [7, 14, 8, 15], [23, 17, 24, 16], [18, 3, 19, 4], [20, 5, 21, 6], [22, 13, 23, 14], [9, 24, 10, 1], [2, 17, 3, 18]]"
12n_0820_49,"[[2, 17, 3, 18], [4, 19, 5, 20], [6, 12, 7, 11], [15, 8, 16, 9], [1, 10, 2, 11], [12, 21, 13, 22], [7, 14, 8, 15], [23, 17, 24, 16], [18, 3, 19, 4], [20, 5, 21, 6], [22, 13, 23, 14], [9, 24, 10, 1]]"
12n_0820_50,"[[9, 24, 10, 1], [2, 17, 3, 18], [4, 19, 5, 20], [6, 12, 7, 11], [15, 8, 16, 9], [1, 10, 2, 11], [12, 21, 13, 22], [7, 14, 8, 15], [23, 17, 24, 16], [18, 3, 19, 4], [20, 5, 21, 6], [22, 13, 23, 14]]"
12n_0820_51,"[[22, 13, 23, 14], [9, 24, 10, 1], [2, 17, 3, 18], [4, 19, 5, 20], [6, 12, 7, 11], [15, 8, 16, 9], [1, 10, 2, 11], [12, 21, 13, 22], [7, 14, 8, 15], [23, 17, 24, 16], [18, 3, 19, 4], [20, 5, 21, 6]]"
12n_0820_52,"[[20, 5, 21, 6], [22, 13, 23, 14], [9, 24, 10, 1], [2, 17, 3, 18], [4, 19, 5, 20], [6, 12, 7, 11], [15, 8, 16, 9], [1, 10, 2, 11], [12, 21, 13, 22], [7, 14, 8, 15], [23, 17, 24, 16], [18, 3, 19, 4]]"
12n_0820_53,"[[18, 3, 19, 4], [20, 5, 21, 6], [22, 13, 23, 14], [9, 24, 10, 1], [2, 17, 3, 18], [4, 19, 5, 20], [6, 12, 7, 11], [15, 8, 16, 9], [1, 10, 2, 11], [12, 21, 13, 22], [7, 14, 8, 15], [23, 17, 24, 16]]"
12n_0820_54,"[[23, 17, 24, 16], [18, 3, 19, 4], [20, 5, 21, 6], [22, 13, 23, 14], [9, 24, 10, 1], [2, 17, 3, 18], [4, 19, 5, 20], [6, 12, 7, 11], [15, 8, 16, 9], [1, 10, 2, 11], [12, 21, 13, 22], [7, 14, 8, 15]]"
12n_0820_55,"[[7, 14, 8, 15], [23, 17, 24, 16], [18, 3, 19, 4], [20, 5, 21, 6], [22, 13, 23, 14], [9, 24, 10, 1], [2, 17, 3, 18], [4, 19, 5, 20], [6, 12, 7, 11], [15, 8, 16, 9], [1, 10, 2, 11], [12, 21, 13, 22]]"
12n_0820_56,"[[12, 21, 13, 22], [7, 14, 8, 15], [23, 17, 24, 16], [18, 3, 19, 4], [20, 5, 21, 6], [22, 13, 23, 14], [9, 24, 10, 1], [2, 17, 3, 18], [4, 19, 5, 20], [6, 12, 7, 11], [15, 8, 16, 9], [1, 10, 2, 11]]"
12n_0820_57,"[[1, 10, 2, 11], [12, 21, 13, 22], [7, 14, 8, 15], [23, 17, 24, 16], [18, 3, 19, 4], [20, 5, 21, 6], [22, 13, 23, 14], [9, 24, 10, 1], [2, 17, 3, 18], [4, 19, 5, 20], [6, 12, 7, 11], [15, 8, 16, 9]]"
12n_0820_58,"[[15, 8, 16, 9], [1, 10, 2, 11], [12, 21, 13, 22], [7, 14, 8, 15], [23, 17, 24, 16], [18, 3, 19, 4], [20, 5, 21, 6], [22, 13, 23, 14], [9, 24, 10, 1], [2, 17, 3, 18], [4, 19, 5, 20], [6, 12, 7, 11]]"
12n_0820_59,"[[6, 12, 7, 11], [15, 8, 16, 9], [1, 10, 2, 11], [12, 21, 13, 22], [7, 14, 8, 15], [23, 17, 24, 16], [18, 3, 19, 4], [20, 5, 21, 6], [22, 13, 23, 14], [9, 24, 10, 1], [2, 17, 3, 18], [4, 19, 5, 20]]"
12n_0820_60,"[[5, 20, 6, 21], [7, 13, 8, 12], [16, 9, 17, 10], [2, 11, 3, 12], [13, 22, 14, 23], [8, 15, 9, 16], [24, 18, 1, 17], [19, 4, 20, 5], [21, 6, 22, 7], [23, 14, 24, 15], [10, 1, 11, 2], [3, 18, 4, 19]]"
12n_0820_61,"[[3, 18, 4, 19], [5, 20, 6, 21], [7, 13, 8, 12], [16, 9, 17, 10], [2, 11, 3, 12], [13, 22, 14, 23], [8, 15, 9, 16], [24, 18, 1, 17], [19, 4, 20, 5], [21, 6, 22, 7], [23, 14, 24, 15], [10, 1, 11, 2]]"
12n_0820_62,"[[10, 1, 11, 2], [3, 18, 4, 19], [5, 20, 6, 21], [7, 13, 8, 12], [16, 9, 17, 10], [2, 11, 3, 12], [13, 22, 14, 23], [8, 15, 9, 16], [24, 18, 1, 17], [19, 4, 20, 5], [21, 6, 22, 7], [23, 14, 24, 15]]"
12n_0820_63,"[[23, 14, 24, 15], [10, 1, 11, 2], [3, 18, 4, 19], [5, 20, 6, 21], [7, 13, 8, 12], [16, 9, 17, 10], [2, 11, 3, 12], [13, 22, 14, 23], [8, 15, 9, 16], [24, 18, 1, 17], [19, 4, 20, 5], [21, 6, 22, 7]]"
12n_0820_64,"[[21, 6, 22, 7], [23, 14, 24, 15], [10, 1, 11, 2], [3, 18, 4, 19], [5, 20, 6, 21], [7, 13, 8, 12], [16, 9, 17, 10], [2, 11, 3, 12], [13, 22, 14, 23], [8, 15, 9, 16], [24, 18, 1, 17], [19, 4, 20, 5]]"
12n_0820_65,"[[19, 4, 20, 5], [21, 6, 22, 7], [23, 14, 24, 15], [10, 1, 11, 2], [3, 18, 4, 19], [5, 20, 6, 21], [7, 13, 8, 12], [16, 9, 17, 10], [2, 11, 3, 12], [13, 22, 14, 23], [8, 15, 9, 16], [24, 18, 1, 17]]"
12n_0820_66,"[[24, 18, 1, 17], [19, 4, 20, 5], [21, 6, 22, 7], [23, 14, 24, 15], [10, 1, 11, 2], [3, 18, 4, 19], [5, 20, 6, 21], [7, 13, 8, 12], [16, 9, 17, 10], [2, 11, 3, 12], [13, 22, 14, 23], [8, 15, 9, 16]]"
12n_0820_67,"[[8, 15, 9, 16], [24, 18, 1, 17], [19, 4, 20, 5], [21, 6, 22, 7], [23, 14, 24, 15], [10, 1, 11, 2], [3, 18, 4, 19], [5, 20, 6, 21], [7, 13, 8, 12], [16, 9, 17, 10], [2, 11, 3, 12], [13, 22, 14, 23]]"
12n_0820_68,"[[13, 22, 14, 23], [8, 15, 9, 16], [24, 18, 1, 17], [19, 4, 20, 5], [21, 6, 22, 7], [23, 14, 24, 15], [10, 1, 11, 2], [3, 18, 4, 19], [5, 20, 6, 21], [7, 13, 8, 12], [16, 9, 17, 10], [2, 11, 3, 12]]"
12n_0820_69,"[[2, 11, 3, 12], [13, 22, 14, 23], [8, 15, 9, 16], [24, 18, 1, 17], [19, 4, 20, 5], [21, 6, 22, 7], [23, 14, 24, 15], [10, 1, 11, 2], [3, 18, 4, 19], [5, 20, 6, 21], [7, 13, 8, 12], [16, 9, 17, 10]]"
12n_0820_70,"[[16, 9, 17, 10], [2, 11, 3, 12], [13, 22, 14, 23], [8, 15, 9, 16], [24, 18, 1, 17], [19, 4, 20, 5], [21, 6, 22, 7], [23, 14, 24, 15], [10, 1, 11, 2], [3, 18, 4, 19], [5, 20, 6, 21], [7, 13, 8, 12]]"
12n_0820_71,"[[7, 13, 8, 12], [16, 9, 17, 10], [2, 11, 3, 12], [13, 22, 14, 23], [8, 15, 9, 16], [24, 18, 1, 17], [19, 4, 20, 5], [21, 6, 22, 7], [23, 14, 24, 15], [10, 1, 11, 2], [3, 18, 4, 19], [5, 20, 6, 21]]"
12n_0820_72,"[[6, 21, 7, 22], [8, 14, 9, 13], [17, 10, 18, 11], [3, 12, 4, 13], [14, 23, 15, 24], [9, 16, 10, 17], [1, 19, 2, 18], [20, 5, 21, 6], [22, 7, 23, 8], [24, 15, 1, 16], [11, 2, 12, 3], [4, 19, 5, 20]]"
12n_0820_73,"[[4, 19, 5, 20], [6, 21, 7, 22], [8, 14, 9, 13], [17, 10, 18, 11], [3, 12, 4, 13], [14, 23, 15, 24], [9, 16, 10, 17], [1, 19, 2, 18], [20, 5, 21, 6], [22, 7, 23, 8], [24, 15, 1, 16], [11, 2, 12, 3]]"
12n_0820_74,"[[11, 2, 12, 3], [4, 19, 5, 20], [6, 21, 7, 22], [8, 14, 9, 13], [17, 10, 18, 11], [3, 12, 4, 13], [14, 23, 15, 24], [9, 16, 10, 17], [1, 19, 2, 18], [20, 5, 21, 6], [22, 7, 23, 8], [24, 15, 1, 16]]"
12n_0820_75,"[[24, 15, 1, 16], [11, 2, 12, 3], [4, 19, 5, 20], [6, 21, 7, 22], [8, 14, 9, 13], [17, 10, 18, 11], [3, 12, 4, 13], [14, 23, 15, 24], [9, 16, 10, 17], [1, 19, 2, 18], [20, 5, 21, 6], [22, 7, 23, 8]]"
12n_0820_76,"[[22, 7, 23, 8], [24, 15, 1, 16], [11, 2, 12, 3], [4, 19, 5, 20], [6, 21, 7, 22], [8, 14, 9, 13], [17, 10, 18, 11], [3, 12, 4, 13], [14, 23, 15, 24], [9, 16, 10, 17], [1, 19, 2, 18], [20, 5, 21, 6]]"
12n_0820_77,"[[20, 5, 21, 6], [22, 7, 23, 8], [24, 15, 1, 16], [11, 2, 12, 3], [4, 19, 5, 20], [6, 21, 7, 22], [8, 14, 9, 13], [17, 10, 18, 11], [3, 12, 4, 13], [14, 23, 15, 24], [9, 16, 10, 17], [1, 19, 2, 18]]"
12n_0820_78,"[[1, 19, 2, 18], [20, 5, 21, 6], [22, 7, 23, 8], [24, 15, 1, 16], [11, 2, 12, 3], [4, 19, 5, 20], [6, 21, 7, 22], [8, 14, 9, 13], [17, 10, 18, 11], [3, 12, 4, 13], [14, 23, 15, 24], [9, 16, 10, 17]]"
12n_0820_79,"[[9, 16, 10, 17], [1, 19, 2, 18], [20, 5, 21, 6], [22, 7, 23, 8], [24, 15, 1, 16], [11, 2, 12, 3], [4, 19, 5, 20], [6, 21, 7, 22], [8, 14, 9, 13], [17, 10, 18, 11], [3, 12, 4, 13], [14, 23, 15, 24]]"
12n_0820_80,"[[14, 23, 15, 24], [9, 16, 10, 17], [1, 19, 2, 18], [20, 5, 21, 6], [22, 7, 23, 8], [24, 15, 1, 16], [11, 2, 12, 3], [4, 19, 5, 20], [6, 21, 7, 22], [8, 14, 9, 13], [17, 10, 18, 11], [3, 12, 4, 13]]"
12n_0820_81,"[[3, 12, 4, 13], [14, 23, 15, 24], [9, 16, 10, 17], [1, 19, 2, 18], [20, 5, 21, 6], [22, 7, 23, 8], [24, 15, 1, 16], [11, 2, 12, 3], [4, 19, 5, 20], [6, 21, 7, 22], [8, 14, 9, 13], [17, 10, 18, 11]]"
12n_0820_82,"[[17, 10, 18, 11], [3, 12, 4, 13], [14, 23, 15, 24], [9, 16, 10, 17], [1, 19, 2, 18], [20, 5, 21, 6], [22, 7, 23, 8], [24, 15, 1, 16], [11, 2, 12, 3], [4, 19, 5, 20], [6, 21, 7, 22], [8, 14, 9, 13]]"
12n_0820_83,"[[8, 14, 9, 13], [17, 10, 18, 11], [3, 12, 4, 13], [14, 23, 15, 24], [9, 16, 10, 17], [1, 19, 2, 18], [20, 5, 21, 6], [22, 7, 23, 8], [24, 15, 1, 16], [11, 2, 12, 3], [4, 19, 5, 20], [6, 21, 7, 22]]"
12n_0820_84,"[[7, 22, 8, 23], [9, 15, 10, 14], [18, 11, 19, 12], [4, 13, 5, 14], [15, 24, 16, 1], [10, 17, 11, 18], [2, 20, 3, 19], [21, 6, 22, 7], [23, 8, 24, 9], [1, 16, 2, 17], [12, 3, 13, 4], [5, 20, 6, 21]]"
12n_0820_85,"[[5, 20, 6, 21], [7, 22, 8, 23], [9, 15, 10, 14], [18, 11, 19, 12], [4, 13, 5, 14], [15, 24, 16, 1], [10, 17, 11, 18], [2, 20, 3, 19], [21, 6, 22, 7], [23, 8, 24, 9], [1, 16, 2, 17], [12, 3, 13, 4]]"
12n_0820_86,"[[12, 3, 13, 4], [5, 20, 6, 21], [7, 22, 8, 23], [9, 15, 10, 14], [18, 11, 19, 12], [4, 13, 5, 14], [15, 24, 16, 1], [10, 17, 11, 18], [2, 20, 3, 19], [21, 6, 22, 7], [23, 8, 24, 9], [1, 16, 2, 17]]"
12n_0820_87,"[[1, 16, 2, 17], [12, 3, 13, 4], [5, 20, 6, 21], [7, 22, 8, 23], [9, 15, 10, 14], [18, 11, 19, 12], [4, 13, 5, 14], [15, 24, 16, 1], [10, 17, 11, 18], [2, 20, 3, 19], [21, 6, 22, 7], [23, 8, 24, 9]]"
12n_0820_88,"[[23, 8, 24, 9], [1, 16, 2, 17], [12, 3, 13, 4], [5, 20, 6, 21], [7, 22, 8, 23], [9, 15, 10, 14], [18, 11, 19, 12], [4, 13, 5, 14], [15, 24, 16, 1], [10, 17, 11, 18], [2, 20, 3, 19], [21, 6, 22, 7]]"
12n_0820_89,"[[21, 6, 22, 7], [23, 8, 24, 9], [1, 16, 2, 17], [12, 3, 13, 4], [5, 20, 6, 21], [7, 22, 8, 23], [9, 15, 10, 14], [18, 11, 19, 12], [4, 13, 5, 14], [15, 24, 16, 1], [10, 17, 11, 18], [2, 20, 3, 19]]"
12n_0820_90,"[[2, 20, 3, 19], [21, 6, 22, 7], [23, 8, 24, 9], [1, 16, 2, 17], [12, 3, 13, 4], [5, 20, 6, 21], [7, 22, 8, 23], [9, 15, 10, 14], [18, 11, 19, 12], [4, 13, 5, 14], [15, 24, 16, 1], [10, 17, 11, 18]]"
12n_0820_91,"[[10, 17, 11, 18], [2, 20, 3, 19], [21, 6, 22, 7], [23, 8, 24, 9], [1, 16, 2, 17], [12, 3, 13, 4], [5, 20, 6, 21], [7, 22, 8, 23], [9, 15, 10, 14], [18, 11, 19, 12], [4, 13, 5, 14], [15, 24, 16, 1]]"
12n_0820_92,"[[15, 24, 16, 1], [10, 17, 11, 18], [2, 20, 3, 19], [21, 6, 22, 7], [23, 8, 24, 9], [1, 16, 2, 17], [12, 3, 13, 4], [5, 20, 6, 21], [7, 22, 8, 23], [9, 15, 10, 14], [18, 11, 19, 12], [4, 13, 5, 14]]"
12n_0820_93,"[[4, 13, 5, 14], [15, 24, 16, 1], [10, 17, 11, 18], [2, 20, 3, 19], [21, 6, 22, 7], [23, 8, 24, 9], [1, 16, 2, 17], [12, 3, 13, 4], [5, 20, 6, 21], [7, 22, 8, 23], [9, 15, 10, 14], [18, 11, 19, 12]]"
12n_0820_94,"[[18, 11, 19, 12], [4, 13, 5, 14], [15, 24, 16, 1], [10, 17, 11, 18], [2, 20, 3, 19], [21, 6, 22, 7], [23, 8, 24, 9], [1, 16, 2, 17], [12, 3, 13, 4], [5, 20, 6, 21], [7, 22, 8, 23], [9, 15, 10, 14]]"
12n_0820_95,"[[9, 15, 10, 14], [18, 11, 19, 12], [4, 13, 5, 14], [15, 24, 16, 1], [10, 17, 11, 18], [2, 20, 3, 19], [21, 6, 22, 7], [23, 8, 24, 9], [1, 16, 2, 17], [12, 3, 13, 4], [5, 20, 6, 21], [7, 22, 8, 23]]"
12n_0820_96,"[[8, 23, 9, 24], [10, 16, 11, 15], [19, 12, 20, 13], [5, 14, 6, 15], [16, 1, 17, 2], [11, 18, 12, 19], [3, 21, 4, 20], [22, 7, 23, 8], [24, 9, 1, 10], [2, 17, 3, 18], [13, 4, 14, 5], [6, 21, 7, 22]]"
12n_0820_97,"[[6, 21, 7, 22], [8, 23, 9, 24], [10, 16, 11, 15], [19, 12, 20, 13], [5, 14, 6, 15], [16, 1, 17, 2], [11, 18, 12, 19], [3, 21, 4, 20], [22, 7, 23, 8], [24, 9, 1, 10], [2, 17, 3, 18], [13, 4, 14, 5]]"
12n_0820_98,"[[13, 4, 14, 5], [6, 21, 7, 22], [8, 23, 9, 24], [10, 16, 11, 15], [19, 12, 20, 13], [5, 14, 6, 15], [16, 1, 17, 2], [11, 18, 12, 19], [3, 21, 4, 20], [22, 7, 23, 8], [24, 9, 1, 10], [2, 17, 3, 18]]"
12n_0820_99,"[[2, 17, 3, 18], [13, 4, 14, 5], [6, 21, 7, 22], [8, 23, 9, 24], [10, 16, 11, 15], [19, 12, 20, 13], [5, 14, 6, 15], [16, 1, 17, 2], [11, 18, 12, 19], [3, 21, 4, 20], [22, 7, 23, 8], [24, 9, 1, 10]]"
12n_0820_100,"[[24, 9, 1, 10], [2, 17, 3, 18], [13, 4, 14, 5], [6, 21, 7, 22], [8, 23, 9, 24], [10, 16, 11, 15], [19, 12, 20, 13], [5, 14, 6, 15], [16, 1, 17, 2], [11, 18, 12, 19], [3, 21, 4, 20], [22, 7, 23, 8]]"
12n_0820_101,"[[22, 7, 23, 8], [24, 9, 1, 10], [2, 17, 3, 18], [13, 4, 14, 5], [6, 21, 7, 22], [8, 23, 9, 24], [10, 16, 11, 15], [19, 12, 20, 13], [5, 14, 6, 15], [16, 1, 17, 2], [11, 18, 12, 19], [3, 21, 4, 20]]"
12n_0820_102,"[[3, 21, 4, 20], [22, 7, 23, 8], [24, 9, 1, 10], [2, 17, 3, 18], [13, 4, 14, 5], [6, 21, 7, 22], [8, 23, 9, 24], [10, 16, 11, 15], [19, 12, 20, 13], [5, 14, 6, 15], [16, 1, 17, 2], [11, 18, 12, 19]]"
12n_0820_103,"[[11, 18, 12, 19], [3, 21, 4, 20], [22, 7, 23, 8], [24, 9, 1, 10], [2, 17, 3, 18], [13, 4, 14, 5], [6, 21, 7, 22], [8, 23, 9, 24], [10, 16, 11, 15], [19, 12, 20, 13], [5, 14, 6, 15], [16, 1, 17, 2]]"
12n_0820_104,"[[16, 1, 17, 2], [11, 18, 12, 19], [3, 21, 4, 20], [22, 7, 23, 8], [24, 9, 1, 10], [2, 17, 3, 18], [13, 4, 14, 5], [6, 21, 7, 22], [8, 23, 9, 24], [10, 16, 11, 15], [19, 12, 20, 13], [5, 14, 6, 15]]"
12n_0820_105,"[[5, 14, 6, 15], [16, 1, 17, 2], [11, 18, 12, 19], [3, 21, 4, 20], [22, 7, 23, 8], [24, 9, 1, 10], [2, 17, 3, 18], [13, 4, 14, 5], [6, 21, 7, 22], [8, 23, 9, 24], [10, 16, 11, 15], [19, 12, 20, 13]]"
12n_0820_106,"[[19, 12, 20, 13], [5, 14, 6, 15], [16, 1, 17, 2], [11, 18, 12, 19], [3, 21, 4, 20], [22, 7, 23, 8], [24, 9, 1, 10], [2, 17, 3, 18], [13, 4, 14, 5], [6, 21, 7, 22], [8, 23, 9, 24], [10, 16, 11, 15]]"
12n_0820_107,"[[10, 16, 11, 15], [19, 12, 20, 13], [5, 14, 6, 15], [16, 1, 17, 2], [11, 18, 12, 19], [3, 21, 4, 20], [22, 7, 23, 8], [24, 9, 1, 10], [2, 17, 3, 18], [13, 4, 14, 5], [6, 21, 7, 22], [8, 23, 9, 24]]"
12n_0820_108,"[[9, 24, 10, 1], [11, 17, 12, 16], [20, 13, 21, 14], [6, 15, 7, 16], [17, 2, 18, 3], [12, 19, 13, 20], [4, 22, 5, 21], [23, 8, 24, 9], [1, 10, 2, 11], [3, 18, 4, 19], [14, 5, 15, 6], [7, 22, 8, 23]]"
12n_0820_109,"[[7, 22, 8, 23], [9, 24, 10, 1], [11, 17, 12, 16], [20, 13, 21, 14], [6, 15, 7, 16], [17, 2, 18, 3], [12, 19, 13, 20], [4, 22, 5, 21], [23, 8, 24, 9], [1, 10, 2, 11], [3, 18, 4, 19], [14, 5, 15, 6]]"
12n_0820_110,"[[14, 5, 15, 6], [7, 22, 8, 23], [9, 24, 10, 1], [11, 17, 12, 16], [20, 13, 21, 14], [6, 15, 7, 16], [17, 2, 18, 3], [12, 19, 13, 20], [4, 22, 5, 21], [23, 8, 24, 9], [1, 10, 2, 11], [3, 18, 4, 19]]"
12n_0820_111,"[[3, 18, 4, 19], [14, 5, 15, 6], [7, 22, 8, 23], [9, 24, 10, 1], [11, 17, 12, 16], [20, 13, 21, 14], [6, 15, 7, 16], [17, 2, 18, 3], [12, 19, 13, 20], [4, 22, 5, 21], [23, 8, 24, 9], [1, 10, 2, 11]]"
12n_0820_112,"[[1, 10, 2, 11], [3, 18, 4, 19], [14, 5, 15, 6], [7, 22, 8, 23], [9, 24, 10, 1], [11, 17, 12, 16], [20, 13, 21, 14], [6, 15, 7, 16], [17, 2, 18, 3], [12, 19, 13, 20], [4, 22, 5, 21], [23, 8, 24, 9]]"
12n_0820_113,"[[23, 8, 24, 9], [1, 10, 2, 11], [3, 18, 4, 19], [14, 5, 15, 6], [7, 22, 8, 23], [9, 24, 10, 1], [11, 17, 12, 16], [20, 13, 21, 14], [6, 15, 7, 16], [17, 2, 18, 3], [12, 19, 13, 20], [4, 22, 5, 21]]"
12n_0820_114,"[[4, 22, 5, 21], [23, 8, 24, 9], [1, 10, 2, 11], [3, 18, 4, 19], [14, 5, 15, 6], [7, 22, 8, 23], [9, 24, 10, 1], [11, 17, 12, 16], [20, 13, 21, 14], [6, 15, 7, 16], [17, 2, 18, 3], [12, 19, 13, 20]]"
12n_0820_115,"[[12, 19, 13, 20], [4, 22, 5, 21], [23, 8, 24, 9], [1, 10, 2, 11], [3, 18, 4, 19], [14, 5, 15, 6], [7, 22, 8, 23], [9, 24, 10, 1], [11, 17, 12, 16], [20, 13, 21, 14], [6, 15, 7, 16], [17, 2, 18, 3]]"
12n_0820_116,"[[17, 2, 18, 3], [12, 19, 13, 20], [4, 22, 5, 21], [23, 8, 24, 9], [1, 10, 2, 11], [3, 18, 4, 19], [14, 5, 15, 6], [7, 22, 8, 23], [9, 24, 10, 1], [11, 17, 12, 16], [20, 13, 21, 14], [6, 15, 7, 16]]"
12n_0820_117,"[[6, 15, 7, 16], [17, 2, 18, 3], [12, 19, 13, 20], [4, 22, 5, 21], [23, 8, 24, 9], [1, 10, 2, 11], [3, 18, 4, 19], [14, 5, 15, 6], [7, 22, 8, 23], [9, 24, 10, 1], [11, 17, 12, 16], [20, 13, 21, 14]]"
12n_0820_118,"[[20, 13, 21, 14], [6, 15, 7, 16], [17, 2, 18, 3], [12, 19, 13, 20], [4, 22, 5, 21], [23, 8, 24, 9], [1, 10, 2, 11], [3, 18, 4, 19], [14, 5, 15, 6], [7, 22, 8, 23], [9, 24, 10, 1], [11, 17, 12, 16]]"
12n_0820_119,"[[11, 17, 12, 16], [20, 13, 21, 14], [6, 15, 7, 16], [17, 2, 18, 3], [12, 19, 13, 20], [4, 22, 5, 21], [23, 8, 24, 9], [1, 10, 2, 11], [3, 18, 4, 19], [14, 5, 15, 6], [7, 22, 8, 23], [9, 24, 10, 1]]"
12n_0820_120,"[[10, 1, 11, 2], [12, 18, 13, 17], [21, 14, 22, 15], [7, 16, 8, 17], [18, 3, 19, 4], [13, 20, 14, 21], [5, 23, 6, 22], [24, 9, 1, 10], [2, 11, 3, 12], [4, 19, 5, 20], [15, 6, 16, 7], [8, 23, 9, 24]]"
12n_0820_121,"[[8, 23, 9, 24], [10, 1, 11, 2], [12, 18, 13, 17], [21, 14, 22, 15], [7, 16, 8, 17], [18, 3, 19, 4], [13, 20, 14, 21], [5, 23, 6, 22], [24, 9, 1, 10], [2, 11, 3, 12], [4, 19, 5, 20], [15, 6, 16, 7]]"
12n_0820_122,"[[15, 6, 16, 7], [8, 23, 9, 24], [10, 1, 11, 2], [12, 18, 13, 17], [21, 14, 22, 15], [7, 16, 8, 17], [18, 3, 19, 4], [13, 20, 14, 21], [5, 23, 6, 22], [24, 9, 1, 10], [2, 11, 3, 12], [4, 19, 5, 20]]"
12n_0820_123,"[[4, 19, 5, 20], [15, 6, 16, 7], [8, 23, 9, 24], [10, 1, 11, 2], [12, 18, 13, 17], [21, 14, 22, 15], [7, 16, 8, 17], [18, 3, 19, 4], [13, 20, 14, 21], [5, 23, 6, 22], [24, 9, 1, 10], [2, 11, 3, 12]]"
12n_0820_124,"[[2, 11, 3, 12], [4, 19, 5, 20], [15, 6, 16, 7], [8, 23, 9, 24], [10, 1, 11, 2], [12, 18, 13, 17], [21, 14, 22, 15], [7, 16, 8, 17], [18, 3, 19, 4], [13, 20, 14, 21], [5, 23, 6, 22], [24, 9, 1, 10]]"
12n_0820_125,"[[24, 9, 1, 10], [2, 11, 3, 12], [4, 19, 5, 20], [15, 6, 16, 7], [8, 23, 9, 24], [10, 1, 11, 2], [12, 18, 13, 17], [21, 14, 22, 15], [7, 16, 8, 17], [18, 3, 19, 4], [13, 20, 14, 21], [5, 23, 6, 22]]"
12n_0820_126,"[[5, 23, 6, 22], [24, 9, 1, 10], [2, 11, 3, 12], [4, 19, 5, 20], [15, 6, 16, 7], [8, 23, 9, 24], [10, 1, 11, 2], [12, 18, 13, 17], [21, 14, 22, 15], [7, 16, 8, 17], [18, 3, 19, 4], [13, 20, 14, 21]]"
12n_0820_127,"[[13, 20, 14, 21], [5, 23, 6, 22], [24, 9, 1, 10], [2, 11, 3, 12], [4, 19, 5, 20], [15, 6, 16, 7], [8, 23, 9, 24], [10, 1, 11, 2], [12, 18, 13, 17], [21, 14, 22, 15], [7, 16, 8, 17], [18, 3, 19, 4]]"
12n_0820_128,"[[18, 3, 19, 4], [13, 20, 14, 21], [5, 23, 6, 22], [24, 9, 1, 10], [2, 11, 3, 12], [4, 19, 5, 20], [15, 6, 16, 7], [8, 23, 9, 24], [10, 1, 11, 2], [12, 18, 13, 17], [21, 14, 22, 15], [7, 16, 8, 17]]"
12n_0820_129,"[[7, 16, 8, 17], [18, 3, 19, 4], [13, 20, 14, 21], [5, 23, 6, 22], [24, 9, 1, 10], [2, 11, 3, 12], [4, 19, 5, 20], [15, 6, 16, 7], [8, 23, 9, 24], [10, 1, 11, 2], [12, 18, 13, 17], [21, 14, 22, 15]]"
12n_0820_130,"[[21, 14, 22, 15], [7, 16, 8, 17], [18, 3, 19, 4], [13, 20, 14, 21], [5, 23, 6, 22], [24, 9, 1, 10], [2, 11, 3, 12], [4, 19, 5, 20], [15, 6, 16, 7], [8, 23, 9, 24], [10, 1, 11, 2], [12, 18, 13, 17]]"
12n_0820_131,"[[12, 18, 13, 17], [21, 14, 22, 15], [7, 16, 8, 17], [18, 3, 19, 4], [13, 20, 14, 21], [5, 23, 6, 22], [24, 9, 1, 10], [2, 11, 3, 12], [4, 19, 5, 20], [15, 6, 16, 7], [8, 23, 9, 24], [10, 1, 11, 2]]"
12n_0820_132,"[[11, 2, 12, 3], [13, 19, 14, 18], [22, 15, 23, 16], [8, 17, 9, 18], [19, 4, 20, 5], [14, 21, 15, 22], [6, 24, 7, 23], [1, 10, 2, 11], [3, 12, 4, 13], [5, 20, 6, 21], [16, 7, 17, 8], [9, 24, 10, 1]]"
12n_0820_133,"[[9, 24, 10, 1], [11, 2, 12, 3], [13, 19, 14, 18], [22, 15, 23, 16], [8, 17, 9, 18], [19, 4, 20, 5], [14, 21, 15, 22], [6, 24, 7, 23], [1, 10, 2, 11], [3, 12, 4, 13], [5, 20, 6, 21], [16, 7, 17, 8]]"
12n_0820_134,"[[16, 7, 17, 8], [9, 24, 10, 1], [11, 2, 12, 3], [13, 19, 14, 18], [22, 15, 23, 16], [8, 17, 9, 18], [19, 4, 20, 5], [14, 21, 15, 22], [6, 24, 7, 23], [1, 10, 2, 11], [3, 12, 4, 13], [5, 20, 6, 21]]"
12n_0820_135,"[[5, 20, 6, 21], [16, 7, 17, 8], [9, 24, 10, 1], [11, 2, 12, 3], [13, 19, 14, 18], [22, 15, 23, 16], [8, 17, 9, 18], [19, 4, 20, 5], [14, 21, 15, 22], [6, 24, 7, 23], [1, 10, 2, 11], [3, 12, 4, 13]]"
12n_0820_136,"[[3, 12, 4, 13], [5, 20, 6, 21], [16, 7, 17, 8], [9, 24, 10, 1], [11, 2, 12, 3], [13, 19, 14, 18], [22, 15, 23, 16], [8, 17, 9, 18], [19, 4, 20, 5], [14, 21, 15, 22], [6, 24, 7, 23], [1, 10, 2, 11]]"
12n_0820_137,"[[1, 10, 2, 11], [3, 12, 4, 13], [5, 20, 6, 21], [16, 7, 17, 8], [9, 24, 10, 1], [11, 2, 12, 3], [13, 19, 14, 18], [22, 15, 23, 16], [8, 17, 9, 18], [19, 4, 20, 5], [14, 21, 15, 22], [6, 24, 7, 23]]"
12n_0820_138,"[[6, 24, 7, 23], [1, 10, 2, 11], [3, 12, 4, 13], [5, 20, 6, 21], [16, 7, 17, 8], [9, 24, 10, 1], [11, 2, 12, 3], [13, 19, 14, 18], [22, 15, 23, 16], [8, 17, 9, 18], [19, 4, 20, 5], [14, 21, 15, 22]]"
12n_0820_139,"[[14, 21, 15, 22], [6, 24, 7, 23], [1, 10, 2, 11], [3, 12, 4, 13], [5, 20, 6, 21], [16, 7, 17, 8], [9, 24, 10, 1], [11, 2, 12, 3], [13, 19, 14, 18], [22, 15, 23, 16], [8, 17, 9, 18], [19, 4, 20, 5]]"
12n_0820_140,"[[19, 4, 20, 5], [14, 21, 15, 22], [6, 24, 7, 23], [1, 10, 2, 11], [3, 12, 4, 13], [5, 20, 6, 21], [16, 7, 17, 8], [9, 24, 10, 1], [11, 2, 12, 3], [13, 19, 14, 18], [22, 15, 23, 16], [8, 17, 9, 18]]"
12n_0820_141,"[[8, 17, 9, 18], [19, 4, 20, 5], [14, 21, 15, 22], [6, 24, 7, 23], [1, 10, 2, 11], [3, 12, 4, 13], [5, 20, 6, 21], [16, 7, 17, 8], [9, 24, 10, 1], [11, 2, 12, 3], [13, 19, 14, 18], [22, 15, 23, 16]]"
12n_0820_142,"[[22, 15, 23, 16], [8, 17, 9, 18], [19, 4, 20, 5], [14, 21, 15, 22], [6, 24, 7, 23], [1, 10, 2, 11], [3, 12, 4, 13], [5, 20, 6, 21], [16, 7, 17, 8], [9, 24, 10, 1], [11, 2, 12, 3], [13, 19, 14, 18]]"
12n_0820_143,"[[13, 19, 14, 18], [22, 15, 23, 16], [8, 17, 9, 18], [19, 4, 20, 5], [14, 21, 15, 22], [6, 24, 7, 23], [1, 10, 2, 11], [3, 12, 4, 13], [5, 20, 6, 21], [16, 7, 17, 8], [9, 24, 10, 1], [11, 2, 12, 3]]"
12n_0820_144,"[[12, 3, 13, 4], [14, 20, 15, 19], [23, 16, 24, 17], [9, 18, 10, 19], [20, 5, 21, 6], [15, 22, 16, 23], [7, 1, 8, 24], [2, 11, 3, 12], [4, 13, 5, 14], [6, 21, 7, 22], [17, 8, 18, 9], [10, 1, 11, 2]]"
12n_0820_145,"[[10, 1, 11, 2], [12, 3, 13, 4], [14, 20, 15, 19], [23, 16, 24, 17], [9, 18, 10, 19], [20, 5, 21, 6], [15, 22, 16, 23], [7, 1, 8, 24], [2, 11, 3, 12], [4, 13, 5, 14], [6, 21, 7, 22], [17, 8, 18, 9]]"
12n_0820_146,"[[17, 8, 18, 9], [10, 1, 11, 2], [12, 3, 13, 4], [14, 20, 15, 19], [23, 16, 24, 17], [9, 18, 10, 19], [20, 5, 21, 6], [15, 22, 16, 23], [7, 1, 8, 24], [2, 11, 3, 12], [4, 13, 5, 14], [6, 21, 7, 22]]"
12n_0820_147,"[[6, 21, 7, 22], [17, 8, 18, 9], [10, 1, 11, 2], [12, 3, 13, 4], [14, 20, 15, 19], [23, 16, 24, 17], [9, 18, 10, 19], [20, 5, 21, 6], [15, 22, 16, 23], [7, 1, 8, 24], [2, 11, 3, 12], [4, 13, 5, 14]]"
12n_0820_148,"[[4, 13, 5, 14], [6, 21, 7, 22], [17, 8, 18, 9], [10, 1, 11, 2], [12, 3, 13, 4], [14, 20, 15, 19], [23, 16, 24, 17], [9, 18, 10, 19], [20, 5, 21, 6], [15, 22, 16, 23], [7, 1, 8, 24], [2, 11, 3, 12]]"
12n_0820_149,"[[2, 11, 3, 12], [4, 13, 5, 14], [6, 21, 7, 22], [17, 8, 18, 9], [10, 1, 11, 2], [12, 3, 13, 4], [14, 20, 15, 19], [23, 16, 24, 17], [9, 18, 10, 19], [20, 5, 21, 6], [15, 22, 16, 23], [7, 1, 8, 24]]"
12n_0820_150,"[[7, 1, 8, 24], [2, 11, 3, 12], [4, 13, 5, 14], [6, 21, 7, 22], [17, 8, 18, 9], [10, 1, 11, 2], [12, 3, 13, 4], [14, 20, 15, 19], [23, 16, 24, 17], [9, 18, 10, 19], [20, 5, 21, 6], [15, 22, 16, 23]]"
12n_0820_151,"[[15, 22, 16, 23], [7, 1, 8, 24], [2, 11, 3, 12], [4, 13, 5, 14], [6, 21, 7, 22], [17, 8, 18, 9], [10, 1, 11, 2], [12, 3, 13, 4], [14, 20, 15, 19], [23, 16, 24, 17], [9, 18, 10, 19], [20, 5, 21, 6]]"
12n_0820_152,"[[20, 5, 21, 6], [15, 22, 16, 23], [7, 1, 8, 24], [2, 11, 3, 12], [4, 13, 5, 14], [6, 21, 7, 22], [17, 8, 18, 9], [10, 1, 11, 2], [12, 3, 13, 4], [14, 20, 15, 19], [23, 16, 24, 17], [9, 18, 10, 19]]"
12n_0820_153,"[[9, 18, 10, 19], [20, 5, 21, 6], [15, 22, 16, 23], [7, 1, 8, 24], [2, 11, 3, 12], [4, 13, 5, 14], [6, 21, 7, 22], [17, 8, 18, 9], [10, 1, 11, 2], [12, 3, 13, 4], [14, 20, 15, 19], [23, 16, 24, 17]]"
12n_0820_154,"[[23, 16, 24, 17], [9, 18, 10, 19], [20, 5, 21, 6], [15, 22, 16, 23], [7, 1, 8, 24], [2, 11, 3, 12], [4, 13, 5, 14], [6, 21, 7, 22], [17, 8, 18, 9], [10, 1, 11, 2], [12, 3, 13, 4], [14, 20, 15, 19]]"
12n_0820_155,"[[14, 20, 15, 19], [23, 16, 24, 17], [9, 18, 10, 19], [20, 5, 21, 6], [15, 22, 16, 23], [7, 1, 8, 24], [2, 11, 3, 12], [4, 13, 5, 14], [6, 21, 7, 22], [17, 8, 18, 9], [10, 1, 11, 2], [12, 3, 13, 4]]"
12n_0820_156,"[[13, 4, 14, 5], [15, 21, 16, 20], [24, 17, 1, 18], [10, 19, 11, 20], [21, 6, 22, 7], [16, 23, 17, 24], [8, 2, 9, 1], [3, 12, 4, 13], [5, 14, 6, 15], [7, 22, 8, 23], [18, 9, 19, 10], [11, 2, 12, 3]]"
12n_0820_157,"[[11, 2, 12, 3], [13, 4, 14, 5], [15, 21, 16, 20], [24, 17, 1, 18], [10, 19, 11, 20], [21, 6, 22, 7], [16, 23, 17, 24], [8, 2, 9, 1], [3, 12, 4, 13], [5, 14, 6, 15], [7, 22, 8, 23], [18, 9, 19, 10]]"
12n_0820_158,"[[18, 9, 19, 10], [11, 2, 12, 3], [13, 4, 14, 5], [15, 21, 16, 20], [24, 17, 1, 18], [10, 19, 11, 20], [21, 6, 22, 7], [16, 23, 17, 24], [8, 2, 9, 1], [3, 12, 4, 13], [5, 14, 6, 15], [7, 22, 8, 23]]"
12n_0820_159,"[[7, 22, 8, 23], [18, 9, 19, 10], [11, 2, 12, 3], [13, 4, 14, 5], [15, 21, 16, 20], [24, 17, 1, 18], [10, 19, 11, 20], [21, 6, 22, 7], [16, 23, 17, 24], [8, 2, 9, 1], [3, 12, 4, 13], [5, 14, 6, 15]]"
12n_0820_160,"[[5, 14, 6, 15], [7, 22, 8, 23], [18, 9, 19, 10], [11, 2, 12, 3], [13, 4, 14, 5], [15, 21, 16, 20], [24, 17, 1, 18], [10, 19, 11, 20], [21, 6, 22, 7], [16, 23, 17, 24], [8, 2, 9, 1], [3, 12, 4, 13]]"
12n_0820_161,"[[3, 12, 4, 13], [5, 14, 6, 15], [7, 22, 8, 23], [18, 9, 19, 10], [11, 2, 12, 3], [13, 4, 14, 5], [15, 21, 16, 20], [24, 17, 1, 18], [10, 19, 11, 20], [21, 6, 22, 7], [16, 23, 17, 24], [8, 2, 9, 1]]"
12n_0820_162,"[[8, 2, 9, 1], [3, 12, 4, 13], [5, 14, 6, 15], [7, 22, 8, 23], [18, 9, 19, 10], [11, 2, 12, 3], [13, 4, 14, 5], [15, 21, 16, 20], [24, 17, 1, 18], [10, 19, 11, 20], [21, 6, 22, 7], [16, 23, 17, 24]]"
12n_0820_163,"[[16, 23, 17, 24], [8, 2, 9, 1], [3, 12, 4, 13], [5, 14, 6, 15], [7, 22, 8, 23], [18, 9, 19, 10], [11, 2, 12, 3], [13, 4, 14, 5], [15, 21, 16, 20], [24, 17, 1, 18], [10, 19, 11, 20], [21, 6, 22, 7]]"
12n_0820_164,"[[21, 6, 22, 7], [16, 23, 17, 24], [8, 2, 9, 1], [3, 12, 4, 13], [5, 14, 6, 15], [7, 22, 8, 23], [18, 9, 19, 10], [11, 2, 12, 3], [13, 4, 14, 5], [15, 21, 16, 20], [24, 17, 1, 18], [10, 19, 11, 20]]"
12n_0820_165,"[[10, 19, 11, 20], [21, 6, 22, 7], [16, 23, 17, 24], [8, 2, 9, 1], [3, 12, 4, 13], [5, 14, 6, 15], [7, 22, 8, 23], [18, 9, 19, 10], [11, 2, 12, 3], [13, 4, 14, 5], [15, 21, 16, 20], [24, 17, 1, 18]]"
12n_0820_166,"[[24, 17, 1, 18], [10, 19, 11, 20], [21, 6, 22, 7], [16, 23, 17, 24], [8, 2, 9, 1], [3, 12, 4, 13], [5, 14, 6, 15], [7, 22, 8, 23], [18, 9, 19, 10], [11, 2, 12, 3], [13, 4, 14, 5], [15, 21, 16, 20]]"
12n_0820_167,"[[15, 21, 16, 20], [24, 17, 1, 18], [10, 19, 11, 20], [21, 6, 22, 7], [16, 23, 17, 24], [8, 2, 9, 1], [3, 12, 4, 13], [5, 14, 6, 15], [7, 22, 8, 23], [18, 9, 19, 10], [11, 2, 12, 3], [13, 4, 14, 5]]"
12n_0820_168,"[[14, 5, 15, 6], [16, 22, 17, 21], [1, 18, 2, 19], [11, 20, 12, 21], [22, 7, 23, 8], [17, 24, 18, 1], [9, 3, 10, 2], [4, 13, 5, 14], [6, 15, 7, 16], [8, 23, 9, 24], [19, 10, 20, 11], [12, 3, 13, 4]]"
12n_0820_169,"[[12, 3, 13, 4], [14, 5, 15, 6], [16, 22, 17, 21], [1, 18, 2, 19], [11, 20, 12, 21], [22, 7, 23, 8], [17, 24, 18, 1], [9, 3, 10, 2], [4, 13, 5, 14], [6, 15, 7, 16], [8, 23, 9, 24], [19, 10, 20, 11]]"
12n_0820_170,"[[19, 10, 20, 11], [12, 3, 13, 4], [14, 5, 15, 6], [16, 22, 17, 21], [1, 18, 2, 19], [11, 20, 12, 21], [22, 7, 23, 8], [17, 24, 18, 1], [9, 3, 10, 2], [4, 13, 5, 14], [6, 15, 7, 16], [8, 23, 9, 24]]"
12n_0820_171,"[[8, 23, 9, 24], [19, 10, 20, 11], [12, 3, 13, 4], [14, 5, 15, 6], [16, 22, 17, 21], [1, 18, 2, 19], [11, 20, 12, 21], [22, 7, 23, 8], [17, 24, 18, 1], [9, 3, 10, 2], [4, 13, 5, 14], [6, 15, 7, 16]]"
12n_0820_172,"[[6, 15, 7, 16], [8, 23, 9, 24], [19, 10, 20, 11], [12, 3, 13, 4], [14, 5, 15, 6], [16, 22, 17, 21], [1, 18, 2, 19], [11, 20, 12, 21], [22, 7, 23, 8], [17, 24, 18, 1], [9, 3, 10, 2], [4, 13, 5, 14]]"
12n_0820_173,"[[4, 13, 5, 14], [6, 15, 7, 16], [8, 23, 9, 24], [19, 10, 20, 11], [12, 3, 13, 4], [14, 5, 15, 6], [16, 22, 17, 21], [1, 18, 2, 19], [11, 20, 12, 21], [22, 7, 23, 8], [17, 24, 18, 1], [9, 3, 10, 2]]"
12n_0820_174,"[[9, 3, 10, 2], [4, 13, 5, 14], [6, 15, 7, 16], [8, 23, 9, 24], [19, 10, 20, 11], [12, 3, 13, 4], [14, 5, 15, 6], [16, 22, 17, 21], [1, 18, 2, 19], [11, 20, 12, 21], [22, 7, 23, 8], [17, 24, 18, 1]]"
12n_0820_175,"[[17, 24, 18, 1], [9, 3, 10, 2], [4, 13, 5, 14], [6, 15, 7, 16], [8, 23, 9, 24], [19, 10, 20, 11], [12, 3, 13, 4], [14, 5, 15, 6], [16, 22, 17, 21], [1, 18, 2, 19], [11, 20, 12, 21], [22, 7, 23, 8]]"
12n_0820_176,"[[22, 7, 23, 8], [17, 24, 18, 1], [9, 3, 10, 2], [4, 13, 5, 14], [6, 15, 7, 16], [8, 23, 9, 24], [19, 10, 20, 11], [12, 3, 13, 4], [14, 5, 15, 6], [16, 22, 17, 21], [1, 18, 2, 19], [11, 20, 12, 21]]"
12n_0820_177,"[[11, 20, 12, 21], [22, 7, 23, 8], [17, 24, 18, 1], [9, 3, 10, 2], [4, 13, 5, 14], [6, 15, 7, 16], [8, 23, 9, 24], [19, 10, 20, 11], [12, 3, 13, 4], [14, 5, 15, 6], [16, 22, 17, 21], [1, 18, 2, 19]]"
12n_0820_178,"[[1, 18, 2, 19], [11, 20, 12, 21], [22, 7, 23, 8], [17, 24, 18, 1], [9, 3, 10, 2], [4, 13, 5, 14], [6, 15, 7, 16], [8, 23, 9, 24], [19, 10, 20, 11], [12, 3, 13, 4], [14, 5, 15, 6], [16, 22, 17, 21]]"
12n_0820_179,"[[16, 22, 17, 21], [1, 18, 2, 19], [11, 20, 12, 21], [22, 7, 23, 8], [17, 24, 18, 1], [9, 3, 10, 2], [4, 13, 5, 14], [6, 15, 7, 16], [8, 23, 9, 24], [19, 10, 20, 11], [12, 3, 13, 4], [14, 5, 15, 6]]"
12n_0820_180,"[[15, 6, 16, 7], [17, 23, 18, 22], [2, 19, 3, 20], [12, 21, 13, 22], [23, 8, 24, 9], [18, 1, 19, 2], [10, 4, 11, 3], [5, 14, 6, 15], [7, 16, 8, 17], [9, 24, 10, 1], [20, 11, 21, 12], [13, 4, 14, 5]]"
12n_0820_181,"[[13, 4, 14, 5], [15, 6, 16, 7], [17, 23, 18, 22], [2, 19, 3, 20], [12, 21, 13, 22], [23, 8, 24, 9], [18, 1, 19, 2], [10, 4, 11, 3], [5, 14, 6, 15], [7, 16, 8, 17], [9, 24, 10, 1], [20, 11, 21, 12]]"
12n_0820_182,"[[20, 11, 21, 12], [13, 4, 14, 5], [15, 6, 16, 7], [17, 23, 18, 22], [2, 19, 3, 20], [12, 21, 13, 22], [23, 8, 24, 9], [18, 1, 19, 2], [10, 4, 11, 3], [5, 14, 6, 15], [7, 16, 8, 17], [9, 24, 10, 1]]"
12n_0820_183,"[[9, 24, 10, 1], [20, 11, 21, 12], [13, 4, 14, 5], [15, 6, 16, 7], [17, 23, 18, 22], [2, 19, 3, 20], [12, 21, 13, 22], [23, 8, 24, 9], [18, 1, 19, 2], [10, 4, 11, 3], [5, 14, 6, 15], [7, 16, 8, 17]]"
12n_0820_184,"[[7, 16, 8, 17], [9, 24, 10, 1], [20, 11, 21, 12], [13, 4, 14, 5], [15, 6, 16, 7], [17, 23, 18, 22], [2, 19, 3, 20], [12, 21, 13, 22], [23, 8, 24, 9], [18, 1, 19, 2], [10, 4, 11, 3], [5, 14, 6, 15]]"
12n_0820_185,"[[5, 14, 6, 15], [7, 16, 8, 17], [9, 24, 10, 1], [20, 11, 21, 12], [13, 4, 14, 5], [15, 6, 16, 7], [17, 23, 18, 22], [2, 19, 3, 20], [12, 21, 13, 22], [23, 8, 24, 9], [18, 1, 19, 2], [10, 4, 11, 3]]"
