name,pd_notation
12n_0692_0,"[[19, 1, 20, 24], [2, 8, 3, 7], [4, 10, 5, 9], [6, 16, 7, 15], [8, 4, 9, 3], [21, 11, 22, 10], [17, 13, 18, 12], [14, 6, 15, 5], [23, 17, 24, 16], [11, 19, 12, 18], [1, 21, 2, 20], [13, 23, 14, 22]]"
12n_0692_1,"[[13, 23, 14, 22], [19, 1, 20, 24], [2, 8, 3, 7], [4, 10, 5, 9], [6, 16, 7, 15], [8, 4, 9, 3], [21, 11, 22, 10], [17, 13, 18, 12], [14, 6, 15, 5], [23, 17, 24, 16], [11, 19, 12, 18], [1, 21, 2, 20]]"
12n_0692_2,"[[1, 21, 2, 20], [13, 23, 14, 22], [19, 1, 20, 24], [2, 8, 3, 7], [4, 10, 5, 9], [6, 16, 7, 15], [8, 4, 9, 3], [21, 11, 22, 10], [17, 13, 18, 12], [14, 6, 15, 5], [23, 17, 24, 16], [11, 19, 12, 18]]"
12n_0692_3,"[[11, 19, 12, 18], [1, 21, 2, 20], [13, 23, 14, 22], [19, 1, 20, 24], [2, 8, 3, 7], [4, 10, 5, 9], [6, 16, 7, 15], [8, 4, 9, 3], [21, 11, 22, 10], [17, 13, 18, 12], [14, 6, 15, 5], [23, 17, 24, 16]]"
12n_0692_4,"[[23, 17, 24, 16], [11, 19, 12, 18], [1, 21, 2, 20], [13, 23, 14, 22], [19, 1, 20, 24], [2, 8, 3, 7], [4, 10, 5, 9], [6, 16, 7, 15], [8, 4, 9, 3], [21, 11, 22, 10], [17, 13, 18, 12], [14, 6, 15, 5]]"
12n_0692_5,"[[14, 6, 15, 5], [23, 17, 24, 16], [11, 19, 12, 18], [1, 21, 2, 20], [13, 23, 14, 22], [19, 1, 20, 24], [2, 8, 3, 7], [4, 10, 5, 9], [6, 16, 7, 15], [8, 4, 9, 3], [21, 11, 22, 10], [17, 13, 18, 12]]"
12n_0692_6,"[[17, 13, 18, 12], [14, 6, 15, 5], [23, 17, 24, 16], [11, 19, 12, 18], [1, 21, 2, 20], [13, 23, 14, 22], [19, 1, 20, 24], [2, 8, 3, 7], [4, 10, 5, 9], [6, 16, 7, 15], [8, 4, 9, 3], [21, 11, 22, 10]]"
12n_0692_7,"[[21, 11, 22, 10], [17, 13, 18, 12], [14, 6, 15, 5], [23, 17, 24, 16], [11, 19, 12, 18], [1, 21, 2, 20], [13, 23, 14, 22], [19, 1, 20, 24], [2, 8, 3, 7], [4, 10, 5, 9], [6, 16, 7, 15], [8, 4, 9, 3]]"
12n_0692_8,"[[8, 4, 9, 3], [21, 11, 22, 10], [17, 13, 18, 12], [14, 6, 15, 5], [23, 17, 24, 16], [11, 19, 12, 18], [1, 21, 2, 20], [13, 23, 14, 22], [19, 1, 20, 24], [2, 8, 3, 7], [4, 10, 5, 9], [6, 16, 7, 15]]"
12n_0692_9,"[[6, 16, 7, 15], [8, 4, 9, 3], [21, 11, 22, 10], [17, 13, 18, 12], [14, 6, 15, 5], [23, 17, 24, 16], [11, 19, 12, 18], [1, 21, 2, 20], [13, 23, 14, 22], [19, 1, 20, 24], [2, 8, 3, 7], [4, 10, 5, 9]]"
12n_0692_10,"[[4, 10, 5, 9], [6, 16, 7, 15], [8, 4, 9, 3], [21, 11, 22, 10], [17, 13, 18, 12], [14, 6, 15, 5], [23, 17, 24, 16], [11, 19, 12, 18], [1, 21, 2, 20], [13, 23, 14, 22], [19, 1, 20, 24], [2, 8, 3, 7]]"
12n_0692_11,"[[2, 8, 3, 7], [4, 10, 5, 9], [6, 16, 7, 15], [8, 4, 9, 3], [21, 11, 22, 10], [17, 13, 18, 12], [14, 6, 15, 5], [23, 17, 24, 16], [11, 19, 12, 18], [1, 21, 2, 20], [13, 23, 14, 22], [19, 1, 20, 24]]"
12n_0692_12,"[[20, 2, 21, 1], [3, 9, 4, 8], [5, 11, 6, 10], [7, 17, 8, 16], [9, 5, 10, 4], [22, 12, 23, 11], [18, 14, 19, 13], [15, 7, 16, 6], [24, 18, 1, 17], [12, 20, 13, 19], [2, 22, 3, 21], [14, 24, 15, 23]]"
12n_0692_13,"[[14, 24, 15, 23], [20, 2, 21, 1], [3, 9, 4, 8], [5, 11, 6, 10], [7, 17, 8, 16], [9, 5, 10, 4], [22, 12, 23, 11], [18, 14, 19, 13], [15, 7, 16, 6], [24, 18, 1, 17], [12, 20, 13, 19], [2, 22, 3, 21]]"
12n_0692_14,"[[2, 22, 3, 21], [14, 24, 15, 23], [20, 2, 21, 1], [3, 9, 4, 8], [5, 11, 6, 10], [7, 17, 8, 16], [9, 5, 10, 4], [22, 12, 23, 11], [18, 14, 19, 13], [15, 7, 16, 6], [24, 18, 1, 17], [12, 20, 13, 19]]"
12n_0692_15,"[[12, 20, 13, 19], [2, 22, 3, 21], [14, 24, 15, 23], [20, 2, 21, 1], [3, 9, 4, 8], [5, 11, 6, 10], [7, 17, 8, 16], [9, 5, 10, 4], [22, 12, 23, 11], [18, 14, 19, 13], [15, 7, 16, 6], [24, 18, 1, 17]]"
12n_0692_16,"[[24, 18, 1, 17], [12, 20, 13, 19], [2, 22, 3, 21], [14, 24, 15, 23], [20, 2, 21, 1], [3, 9, 4, 8], [5, 11, 6, 10], [7, 17, 8, 16], [9, 5, 10, 4], [22, 12, 23, 11], [18, 14, 19, 13], [15, 7, 16, 6]]"
12n_0692_17,"[[15, 7, 16, 6], [24, 18, 1, 17], [12, 20, 13, 19], [2, 22, 3, 21], [14, 24, 15, 23], [20, 2, 21, 1], [3, 9, 4, 8], [5, 11, 6, 10], [7, 17, 8, 16], [9, 5, 10, 4], [22, 12, 23, 11], [18, 14, 19, 13]]"
12n_0692_18,"[[18, 14, 19, 13], [15, 7, 16, 6], [24, 18, 1, 17], [12, 20, 13, 19], [2, 22, 3, 21], [14, 24, 15, 23], [20, 2, 21, 1], [3, 9, 4, 8], [5, 11, 6, 10], [7, 17, 8, 16], [9, 5, 10, 4], [22, 12, 23, 11]]"
12n_0692_19,"[[22, 12, 23, 11], [18, 14, 19, 13], [15, 7, 16, 6], [24, 18, 1, 17], [12, 20, 13, 19], [2, 22, 3, 21], [14, 24, 15, 23], [20, 2, 21, 1], [3, 9, 4, 8], [5, 11, 6, 10], [7, 17, 8, 16], [9, 5, 10, 4]]"
12n_0692_20,"[[9, 5, 10, 4], [22, 12, 23, 11], [18, 14, 19, 13], [15, 7, 16, 6], [24, 18, 1, 17], [12, 20, 13, 19], [2, 22, 3, 21], [14, 24, 15, 23], [20, 2, 21, 1], [3, 9, 4, 8], [5, 11, 6, 10], [7, 17, 8, 16]]"
12n_0692_21,"[[7, 17, 8, 16], [9, 5, 10, 4], [22, 12, 23, 11], [18, 14, 19, 13], [15, 7, 16, 6], [24, 18, 1, 17], [12, 20, 13, 19], [2, 22, 3, 21], [14, 24, 15, 23], [20, 2, 21, 1], [3, 9, 4, 8], [5, 11, 6, 10]]"
12n_0692_22,"[[5, 11, 6, 10], [7, 17, 8, 16], [9, 5, 10, 4], [22, 12, 23, 11], [18, 14, 19, 13], [15, 7, 16, 6], [24, 18, 1, 17], [12, 20, 13, 19], [2, 22, 3, 21], [14, 24, 15, 23], [20, 2, 21, 1], [3, 9, 4, 8]]"
12n_0692_23,"[[3, 9, 4, 8], [5, 11, 6, 10], [7, 17, 8, 16], [9, 5, 10, 4], [22, 12, 23, 11], [18, 14, 19, 13], [15, 7, 16, 6], [24, 18, 1, 17], [12, 20, 13, 19], [2, 22, 3, 21], [14, 24, 15, 23], [20, 2, 21, 1]]"
12n_0692_24,"[[21, 3, 22, 2], [4, 10, 5, 9], [6, 12, 7, 11], [8, 18, 9, 17], [10, 6, 11, 5], [23, 13, 24, 12], [19, 15, 20, 14], [16, 8, 17, 7], [1, 19, 2, 18], [13, 21, 14, 20], [3, 23, 4, 22], [15, 1, 16, 24]]"
12n_0692_25,"[[15, 1, 16, 24], [21, 3, 22, 2], [4, 10, 5, 9], [6, 12, 7, 11], [8, 18, 9, 17], [10, 6, 11, 5], [23, 13, 24, 12], [19, 15, 20, 14], [16, 8, 17, 7], [1, 19, 2, 18], [13, 21, 14, 20], [3, 23, 4, 22]]"
12n_0692_26,"[[3, 23, 4, 22], [15, 1, 16, 24], [21, 3, 22, 2], [4, 10, 5, 9], [6, 12, 7, 11], [8, 18, 9, 17], [10, 6, 11, 5], [23, 13, 24, 12], [19, 15, 20, 14], [16, 8, 17, 7], [1, 19, 2, 18], [13, 21, 14, 20]]"
12n_0692_27,"[[13, 21, 14, 20], [3, 23, 4, 22], [15, 1, 16, 24], [21, 3, 22, 2], [4, 10, 5, 9], [6, 12, 7, 11], [8, 18, 9, 17], [10, 6, 11, 5], [23, 13, 24, 12], [19, 15, 20, 14], [16, 8, 17, 7], [1, 19, 2, 18]]"
12n_0692_28,"[[1, 19, 2, 18], [13, 21, 14, 20], [3, 23, 4, 22], [15, 1, 16, 24], [21, 3, 22, 2], [4, 10, 5, 9], [6, 12, 7, 11], [8, 18, 9, 17], [10, 6, 11, 5], [23, 13, 24, 12], [19, 15, 20, 14], [16, 8, 17, 7]]"
12n_0692_29,"[[16, 8, 17, 7], [1, 19, 2, 18], [13, 21, 14, 20], [3, 23, 4, 22], [15, 1, 16, 24], [21, 3, 22, 2], [4, 10, 5, 9], [6, 12, 7, 11], [8, 18, 9, 17], [10, 6, 11, 5], [23, 13, 24, 12], [19, 15, 20, 14]]"
12n_0692_30,"[[19, 15, 20, 14], [16, 8, 17, 7], [1, 19, 2, 18], [13, 21, 14, 20], [3, 23, 4, 22], [15, 1, 16, 24], [21, 3, 22, 2], [4, 10, 5, 9], [6, 12, 7, 11], [8, 18, 9, 17], [10, 6, 11, 5], [23, 13, 24, 12]]"
12n_0692_31,"[[23, 13, 24, 12], [19, 15, 20, 14], [16, 8, 17, 7], [1, 19, 2, 18], [13, 21, 14, 20], [3, 23, 4, 22], [15, 1, 16, 24], [21, 3, 22, 2], [4, 10, 5, 9], [6, 12, 7, 11], [8, 18, 9, 17], [10, 6, 11, 5]]"
12n_0692_32,"[[10, 6, 11, 5], [23, 13, 24, 12], [19, 15, 20, 14], [16, 8, 17, 7], [1, 19, 2, 18], [13, 21, 14, 20], [3, 23, 4, 22], [15, 1, 16, 24], [21, 3, 22, 2], [4, 10, 5, 9], [6, 12, 7, 11], [8, 18, 9, 17]]"
12n_0692_33,"[[8, 18, 9, 17], [10, 6, 11, 5], [23, 13, 24, 12], [19, 15, 20, 14], [16, 8, 17, 7], [1, 19, 2, 18], [13, 21, 14, 20], [3, 23, 4, 22], [15, 1, 16, 24], [21, 3, 22, 2], [4, 10, 5, 9], [6, 12, 7, 11]]"
12n_0692_34,"[[6, 12, 7, 11], [8, 18, 9, 17], [10, 6, 11, 5], [23, 13, 24, 12], [19, 15, 20, 14], [16, 8, 17, 7], [1, 19, 2, 18], [13, 21, 14, 20], [3, 23, 4, 22], [15, 1, 16, 24], [21, 3, 22, 2], [4, 10, 5, 9]]"
12n_0692_35,"[[4, 10, 5, 9], [6, 12, 7, 11], [8, 18, 9, 17], [10, 6, 11, 5], [23, 13, 24, 12], [19, 15, 20, 14], [16, 8, 17, 7], [1, 19, 2, 18], [13, 21, 14, 20], [3, 23, 4, 22], [15, 1, 16, 24], [21, 3, 22, 2]]"
12n_0692_36,"[[22, 4, 23, 3], [5, 11, 6, 10], [7, 13, 8, 12], [9, 19, 10, 18], [11, 7, 12, 6], [24, 14, 1, 13], [20, 16, 21, 15], [17, 9, 18, 8], [2, 20, 3, 19], [14, 22, 15, 21], [4, 24, 5, 23], [16, 2, 17, 1]]"
12n_0692_37,"[[16, 2, 17, 1], [22, 4, 23, 3], [5, 11, 6, 10], [7, 13, 8, 12], [9, 19, 10, 18], [11, 7, 12, 6], [24, 14, 1, 13], [20, 16, 21, 15], [17, 9, 18, 8], [2, 20, 3, 19], [14, 22, 15, 21], [4, 24, 5, 23]]"
12n_0692_38,"[[4, 24, 5, 23], [16, 2, 17, 1], [22, 4, 23, 3], [5, 11, 6, 10], [7, 13, 8, 12], [9, 19, 10, 18], [11, 7, 12, 6], [24, 14, 1, 13], [20, 16, 21, 15], [17, 9, 18, 8], [2, 20, 3, 19], [14, 22, 15, 21]]"
12n_0692_39,"[[14, 22, 15, 21], [4, 24, 5, 23], [16, 2, 17, 1], [22, 4, 23, 3], [5, 11, 6, 10], [7, 13, 8, 12], [9, 19, 10, 18], [11, 7, 12, 6], [24, 14, 1, 13], [20, 16, 21, 15], [17, 9, 18, 8], [2, 20, 3, 19]]"
12n_0692_40,"[[2, 20, 3, 19], [14, 22, 15, 21], [4, 24, 5, 23], [16, 2, 17, 1], [22, 4, 23, 3], [5, 11, 6, 10], [7, 13, 8, 12], [9, 19, 10, 18], [11, 7, 12, 6], [24, 14, 1, 13], [20, 16, 21, 15], [17, 9, 18, 8]]"
12n_0692_41,"[[17, 9, 18, 8], [2, 20, 3, 19], [14, 22, 15, 21], [4, 24, 5, 23], [16, 2, 17, 1], [22, 4, 23, 3], [5, 11, 6, 10], [7, 13, 8, 12], [9, 19, 10, 18], [11, 7, 12, 6], [24, 14, 1, 13], [20, 16, 21, 15]]"
12n_0692_42,"[[20, 16, 21, 15], [17, 9, 18, 8], [2, 20, 3, 19], [14, 22, 15, 21], [4, 24, 5, 23], [16, 2, 17, 1], [22, 4, 23, 3], [5, 11, 6, 10], [7, 13, 8, 12], [9, 19, 10, 18], [11, 7, 12, 6], [24, 14, 1, 13]]"
12n_0692_43,"[[24, 14, 1, 13], [20, 16, 21, 15], [17, 9, 18, 8], [2, 20, 3, 19], [14, 22, 15, 21], [4, 24, 5, 23], [16, 2, 17, 1], [22, 4, 23, 3], [5, 11, 6, 10], [7, 13, 8, 12], [9, 19, 10, 18], [11, 7, 12, 6]]"
12n_0692_44,"[[11, 7, 12, 6], [24, 14, 1, 13], [20, 16, 21, 15], [17, 9, 18, 8], [2, 20, 3, 19], [14, 22, 15, 21], [4, 24, 5, 23], [16, 2, 17, 1], [22, 4, 23, 3], [5, 11, 6, 10], [7, 13, 8, 12], [9, 19, 10, 18]]"
12n_0692_45,"[[9, 19, 10, 18], [11, 7, 12, 6], [24, 14, 1, 13], [20, 16, 21, 15], [17, 9, 18, 8], [2, 20, 3, 19], [14, 22, 15, 21], [4, 24, 5, 23], [16, 2, 17, 1], [22, 4, 23, 3], [5, 11, 6, 10], [7, 13, 8, 12]]"
12n_0692_46,"[[7, 13, 8, 12], [9, 19, 10, 18], [11, 7, 12, 6], [24, 14, 1, 13], [20, 16, 21, 15], [17, 9, 18, 8], [2, 20, 3, 19], [14, 22, 15, 21], [4, 24, 5, 23], [16, 2, 17, 1], [22, 4, 23, 3], [5, 11, 6, 10]]"
12n_0692_47,"[[5, 11, 6, 10], [7, 13, 8, 12], [9, 19, 10, 18], [11, 7, 12, 6], [24, 14, 1, 13], [20, 16, 21, 15], [17, 9, 18, 8], [2, 20, 3, 19], [14, 22, 15, 21], [4, 24, 5, 23], [16, 2, 17, 1], [22, 4, 23, 3]]"
12n_0692_48,"[[23, 5, 24, 4], [6, 12, 7, 11], [8, 14, 9, 13], [10, 20, 11, 19], [12, 8, 13, 7], [1, 15, 2, 14], [21, 17, 22, 16], [18, 10, 19, 9], [3, 21, 4, 20], [15, 23, 16, 22], [5, 1, 6, 24], [17, 3, 18, 2]]"
12n_0692_49,"[[17, 3, 18, 2], [23, 5, 24, 4], [6, 12, 7, 11], [8, 14, 9, 13], [10, 20, 11, 19], [12, 8, 13, 7], [1, 15, 2, 14], [21, 17, 22, 16], [18, 10, 19, 9], [3, 21, 4, 20], [15, 23, 16, 22], [5, 1, 6, 24]]"
12n_0692_50,"[[5, 1, 6, 24], [17, 3, 18, 2], [23, 5, 24, 4], [6, 12, 7, 11], [8, 14, 9, 13], [10, 20, 11, 19], [12, 8, 13, 7], [1, 15, 2, 14], [21, 17, 22, 16], [18, 10, 19, 9], [3, 21, 4, 20], [15, 23, 16, 22]]"
12n_0692_51,"[[15, 23, 16, 22], [5, 1, 6, 24], [17, 3, 18, 2], [23, 5, 24, 4], [6, 12, 7, 11], [8, 14, 9, 13], [10, 20, 11, 19], [12, 8, 13, 7], [1, 15, 2, 14], [21, 17, 22, 16], [18, 10, 19, 9], [3, 21, 4, 20]]"
12n_0692_52,"[[3, 21, 4, 20], [15, 23, 16, 22], [5, 1, 6, 24], [17, 3, 18, 2], [23, 5, 24, 4], [6, 12, 7, 11], [8, 14, 9, 13], [10, 20, 11, 19], [12, 8, 13, 7], [1, 15, 2, 14], [21, 17, 22, 16], [18, 10, 19, 9]]"
12n_0692_53,"[[18, 10, 19, 9], [3, 21, 4, 20], [15, 23, 16, 22], [5, 1, 6, 24], [17, 3, 18, 2], [23, 5, 24, 4], [6, 12, 7, 11], [8, 14, 9, 13], [10, 20, 11, 19], [12, 8, 13, 7], [1, 15, 2, 14], [21, 17, 22, 16]]"
12n_0692_54,"[[21, 17, 22, 16], [18, 10, 19, 9], [3, 21, 4, 20], [15, 23, 16, 22], [5, 1, 6, 24], [17, 3, 18, 2], [23, 5, 24, 4], [6, 12, 7, 11], [8, 14, 9, 13], [10, 20, 11, 19], [12, 8, 13, 7], [1, 15, 2, 14]]"
12n_0692_55,"[[1, 15, 2, 14], [21, 17, 22, 16], [18, 10, 19, 9], [3, 21, 4, 20], [15, 23, 16, 22], [5, 1, 6, 24], [17, 3, 18, 2], [23, 5, 24, 4], [6, 12, 7, 11], [8, 14, 9, 13], [10, 20, 11, 19], [12, 8, 13, 7]]"
12n_0692_56,"[[12, 8, 13, 7], [1, 15, 2, 14], [21, 17, 22, 16], [18, 10, 19, 9], [3, 21, 4, 20], [15, 23, 16, 22], [5, 1, 6, 24], [17, 3, 18, 2], [23, 5, 24, 4], [6, 12, 7, 11], [8, 14, 9, 13], [10, 20, 11, 19]]"
12n_0692_57,"[[10, 20, 11, 19], [12, 8, 13, 7], [1, 15, 2, 14], [21, 17, 22, 16], [18, 10, 19, 9], [3, 21, 4, 20], [15, 23, 16, 22], [5, 1, 6, 24], [17, 3, 18, 2], [23, 5, 24, 4], [6, 12, 7, 11], [8, 14, 9, 13]]"
12n_0692_58,"[[8, 14, 9, 13], [10, 20, 11, 19], [12, 8, 13, 7], [1, 15, 2, 14], [21, 17, 22, 16], [18, 10, 19, 9], [3, 21, 4, 20], [15, 23, 16, 22], [5, 1, 6, 24], [17, 3, 18, 2], [23, 5, 24, 4], [6, 12, 7, 11]]"
12n_0692_59,"[[6, 12, 7, 11], [8, 14, 9, 13], [10, 20, 11, 19], [12, 8, 13, 7], [1, 15, 2, 14], [21, 17, 22, 16], [18, 10, 19, 9], [3, 21, 4, 20], [15, 23, 16, 22], [5, 1, 6, 24], [17, 3, 18, 2], [23, 5, 24, 4]]"
12n_0692_60,"[[24, 6, 1, 5], [7, 13, 8, 12], [9, 15, 10, 14], [11, 21, 12, 20], [13, 9, 14, 8], [2, 16, 3, 15], [22, 18, 23, 17], [19, 11, 20, 10], [4, 22, 5, 21], [16, 24, 17, 23], [6, 2, 7, 1], [18, 4, 19, 3]]"
12n_0692_61,"[[18, 4, 19, 3], [24, 6, 1, 5], [7, 13, 8, 12], [9, 15, 10, 14], [11, 21, 12, 20], [13, 9, 14, 8], [2, 16, 3, 15], [22, 18, 23, 17], [19, 11, 20, 10], [4, 22, 5, 21], [16, 24, 17, 23], [6, 2, 7, 1]]"
12n_0692_62,"[[6, 2, 7, 1], [18, 4, 19, 3], [24, 6, 1, 5], [7, 13, 8, 12], [9, 15, 10, 14], [11, 21, 12, 20], [13, 9, 14, 8], [2, 16, 3, 15], [22, 18, 23, 17], [19, 11, 20, 10], [4, 22, 5, 21], [16, 24, 17, 23]]"
12n_0692_63,"[[16, 24, 17, 23], [6, 2, 7, 1], [18, 4, 19, 3], [24, 6, 1, 5], [7, 13, 8, 12], [9, 15, 10, 14], [11, 21, 12, 20], [13, 9, 14, 8], [2, 16, 3, 15], [22, 18, 23, 17], [19, 11, 20, 10], [4, 22, 5, 21]]"
12n_0692_64,"[[4, 22, 5, 21], [16, 24, 17, 23], [6, 2, 7, 1], [18, 4, 19, 3], [24, 6, 1, 5], [7, 13, 8, 12], [9, 15, 10, 14], [11, 21, 12, 20], [13, 9, 14, 8], [2, 16, 3, 15], [22, 18, 23, 17], [19, 11, 20, 10]]"
12n_0692_65,"[[19, 11, 20, 10], [4, 22, 5, 21], [16, 24, 17, 23], [6, 2, 7, 1], [18, 4, 19, 3], [24, 6, 1, 5], [7, 13, 8, 12], [9, 15, 10, 14], [11, 21, 12, 20], [13, 9, 14, 8], [2, 16, 3, 15], [22, 18, 23, 17]]"
12n_0692_66,"[[22, 18, 23, 17], [19, 11, 20, 10], [4, 22, 5, 21], [16, 24, 17, 23], [6, 2, 7, 1], [18, 4, 19, 3], [24, 6, 1, 5], [7, 13, 8, 12], [9, 15, 10, 14], [11, 21, 12, 20], [13, 9, 14, 8], [2, 16, 3, 15]]"
12n_0692_67,"[[2, 16, 3, 15], [22, 18, 23, 17], [19, 11, 20, 10], [4, 22, 5, 21], [16, 24, 17, 23], [6, 2, 7, 1], [18, 4, 19, 3], [24, 6, 1, 5], [7, 13, 8, 12], [9, 15, 10, 14], [11, 21, 12, 20], [13, 9, 14, 8]]"
12n_0692_68,"[[13, 9, 14, 8], [2, 16, 3, 15], [22, 18, 23, 17], [19, 11, 20, 10], [4, 22, 5, 21], [16, 24, 17, 23], [6, 2, 7, 1], [18, 4, 19, 3], [24, 6, 1, 5], [7, 13, 8, 12], [9, 15, 10, 14], [11, 21, 12, 20]]"
12n_0692_69,"[[11, 21, 12, 20], [13, 9, 14, 8], [2, 16, 3, 15], [22, 18, 23, 17], [19, 11, 20, 10], [4, 22, 5, 21], [16, 24, 17, 23], [6, 2, 7, 1], [18, 4, 19, 3], [24, 6, 1, 5], [7, 13, 8, 12], [9, 15, 10, 14]]"
12n_0692_70,"[[9, 15, 10, 14], [11, 21, 12, 20], [13, 9, 14, 8], [2, 16, 3, 15], [22, 18, 23, 17], [19, 11, 20, 10], [4, 22, 5, 21], [16, 24, 17, 23], [6, 2, 7, 1], [18, 4, 19, 3], [24, 6, 1, 5], [7, 13, 8, 12]]"
12n_0692_71,"[[7, 13, 8, 12], [9, 15, 10, 14], [11, 21, 12, 20], [13, 9, 14, 8], [2, 16, 3, 15], [22, 18, 23, 17], [19, 11, 20, 10], [4, 22, 5, 21], [16, 24, 17, 23], [6, 2, 7, 1], [18, 4, 19, 3], [24, 6, 1, 5]]"
12n_0692_72,"[[1, 7, 2, 6], [8, 14, 9, 13], [10, 16, 11, 15], [12, 22, 13, 21], [14, 10, 15, 9], [3, 17, 4, 16], [23, 19, 24, 18], [20, 12, 21, 11], [5, 23, 6, 22], [17, 1, 18, 24], [7, 3, 8, 2], [19, 5, 20, 4]]"
12n_0692_73,"[[19, 5, 20, 4], [1, 7, 2, 6], [8, 14, 9, 13], [10, 16, 11, 15], [12, 22, 13, 21], [14, 10, 15, 9], [3, 17, 4, 16], [23, 19, 24, 18], [20, 12, 21, 11], [5, 23, 6, 22], [17, 1, 18, 24], [7, 3, 8, 2]]"
12n_0692_74,"[[7, 3, 8, 2], [19, 5, 20, 4], [1, 7, 2, 6], [8, 14, 9, 13], [10, 16, 11, 15], [12, 22, 13, 21], [14, 10, 15, 9], [3, 17, 4, 16], [23, 19, 24, 18], [20, 12, 21, 11], [5, 23, 6, 22], [17, 1, 18, 24]]"
12n_0692_75,"[[17, 1, 18, 24], [7, 3, 8, 2], [19, 5, 20, 4], [1, 7, 2, 6], [8, 14, 9, 13], [10, 16, 11, 15], [12, 22, 13, 21], [14, 10, 15, 9], [3, 17, 4, 16], [23, 19, 24, 18], [20, 12, 21, 11], [5, 23, 6, 22]]"
12n_0692_76,"[[5, 23, 6, 22], [17, 1, 18, 24], [7, 3, 8, 2], [19, 5, 20, 4], [1, 7, 2, 6], [8, 14, 9, 13], [10, 16, 11, 15], [12, 22, 13, 21], [14, 10, 15, 9], [3, 17, 4, 16], [23, 19, 24, 18], [20, 12, 21, 11]]"
12n_0692_77,"[[20, 12, 21, 11], [5, 23, 6, 22], [17, 1, 18, 24], [7, 3, 8, 2], [19, 5, 20, 4], [1, 7, 2, 6], [8, 14, 9, 13], [10, 16, 11, 15], [12, 22, 13, 21], [14, 10, 15, 9], [3, 17, 4, 16], [23, 19, 24, 18]]"
12n_0692_78,"[[23, 19, 24, 18], [20, 12, 21, 11], [5, 23, 6, 22], [17, 1, 18, 24], [7, 3, 8, 2], [19, 5, 20, 4], [1, 7, 2, 6], [8, 14, 9, 13], [10, 16, 11, 15], [12, 22, 13, 21], [14, 10, 15, 9], [3, 17, 4, 16]]"
12n_0692_79,"[[3, 17, 4, 16], [23, 19, 24, 18], [20, 12, 21, 11], [5, 23, 6, 22], [17, 1, 18, 24], [7, 3, 8, 2], [19, 5, 20, 4], [1, 7, 2, 6], [8, 14, 9, 13], [10, 16, 11, 15], [12, 22, 13, 21], [14, 10, 15, 9]]"
12n_0692_80,"[[14, 10, 15, 9], [3, 17, 4, 16], [23, 19, 24, 18], [20, 12, 21, 11], [5, 23, 6, 22], [17, 1, 18, 24], [7, 3, 8, 2], [19, 5, 20, 4], [1, 7, 2, 6], [8, 14, 9, 13], [10, 16, 11, 15], [12, 22, 13, 21]]"
12n_0692_81,"[[12, 22, 13, 21], [14, 10, 15, 9], [3, 17, 4, 16], [23, 19, 24, 18], [20, 12, 21, 11], [5, 23, 6, 22], [17, 1, 18, 24], [7, 3, 8, 2], [19, 5, 20, 4], [1, 7, 2, 6], [8, 14, 9, 13], [10, 16, 11, 15]]"
12n_0692_82,"[[10, 16, 11, 15], [12, 22, 13, 21], [14, 10, 15, 9], [3, 17, 4, 16], [23, 19, 24, 18], [20, 12, 21, 11], [5, 23, 6, 22], [17, 1, 18, 24], [7, 3, 8, 2], [19, 5, 20, 4], [1, 7, 2, 6], [8, 14, 9, 13]]"
12n_0692_83,"[[8, 14, 9, 13], [10, 16, 11, 15], [12, 22, 13, 21], [14, 10, 15, 9], [3, 17, 4, 16], [23, 19, 24, 18], [20, 12, 21, 11], [5, 23, 6, 22], [17, 1, 18, 24], [7, 3, 8, 2], [19, 5, 20, 4], [1, 7, 2, 6]]"
12n_0692_84,"[[2, 8, 3, 7], [9, 15, 10, 14], [11, 17, 12, 16], [13, 23, 14, 22], [15, 11, 16, 10], [4, 18, 5, 17], [24, 20, 1, 19], [21, 13, 22, 12], [6, 24, 7, 23], [18, 2, 19, 1], [8, 4, 9, 3], [20, 6, 21, 5]]"
12n_0692_85,"[[20, 6, 21, 5], [2, 8, 3, 7], [9, 15, 10, 14], [11, 17, 12, 16], [13, 23, 14, 22], [15, 11, 16, 10], [4, 18, 5, 17], [24, 20, 1, 19], [21, 13, 22, 12], [6, 24, 7, 23], [18, 2, 19, 1], [8, 4, 9, 3]]"
12n_0692_86,"[[8, 4, 9, 3], [20, 6, 21, 5], [2, 8, 3, 7], [9, 15, 10, 14], [11, 17, 12, 16], [13, 23, 14, 22], [15, 11, 16, 10], [4, 18, 5, 17], [24, 20, 1, 19], [21, 13, 22, 12], [6, 24, 7, 23], [18, 2, 19, 1]]"
12n_0692_87,"[[18, 2, 19, 1], [8, 4, 9, 3], [20, 6, 21, 5], [2, 8, 3, 7], [9, 15, 10, 14], [11, 17, 12, 16], [13, 23, 14, 22], [15, 11, 16, 10], [4, 18, 5, 17], [24, 20, 1, 19], [21, 13, 22, 12], [6, 24, 7, 23]]"
12n_0692_88,"[[6, 24, 7, 23], [18, 2, 19, 1], [8, 4, 9, 3], [20, 6, 21, 5], [2, 8, 3, 7], [9, 15, 10, 14], [11, 17, 12, 16], [13, 23, 14, 22], [15, 11, 16, 10], [4, 18, 5, 17], [24, 20, 1, 19], [21, 13, 22, 12]]"
12n_0692_89,"[[21, 13, 22, 12], [6, 24, 7, 23], [18, 2, 19, 1], [8, 4, 9, 3], [20, 6, 21, 5], [2, 8, 3, 7], [9, 15, 10, 14], [11, 17, 12, 16], [13, 23, 14, 22], [15, 11, 16, 10], [4, 18, 5, 17], [24, 20, 1, 19]]"
12n_0692_90,"[[24, 20, 1, 19], [21, 13, 22, 12], [6, 24, 7, 23], [18, 2, 19, 1], [8, 4, 9, 3], [20, 6, 21, 5], [2, 8, 3, 7], [9, 15, 10, 14], [11, 17, 12, 16], [13, 23, 14, 22], [15, 11, 16, 10], [4, 18, 5, 17]]"
12n_0692_91,"[[4, 18, 5, 17], [24, 20, 1, 19], [21, 13, 22, 12], [6, 24, 7, 23], [18, 2, 19, 1], [8, 4, 9, 3], [20, 6, 21, 5], [2, 8, 3, 7], [9, 15, 10, 14], [11, 17, 12, 16], [13, 23, 14, 22], [15, 11, 16, 10]]"
12n_0692_92,"[[15, 11, 16, 10], [4, 18, 5, 17], [24, 20, 1, 19], [21, 13, 22, 12], [6, 24, 7, 23], [18, 2, 19, 1], [8, 4, 9, 3], [20, 6, 21, 5], [2, 8, 3, 7], [9, 15, 10, 14], [11, 17, 12, 16], [13, 23, 14, 22]]"
12n_0692_93,"[[13, 23, 14, 22], [15, 11, 16, 10], [4, 18, 5, 17], [24, 20, 1, 19], [21, 13, 22, 12], [6, 24, 7, 23], [18, 2, 19, 1], [8, 4, 9, 3], [20, 6, 21, 5], [2, 8, 3, 7], [9, 15, 10, 14], [11, 17, 12, 16]]"
12n_0692_94,"[[11, 17, 12, 16], [13, 23, 14, 22], [15, 11, 16, 10], [4, 18, 5, 17], [24, 20, 1, 19], [21, 13, 22, 12], [6, 24, 7, 23], [18, 2, 19, 1], [8, 4, 9, 3], [20, 6, 21, 5], [2, 8, 3, 7], [9, 15, 10, 14]]"
12n_0692_95,"[[9, 15, 10, 14], [11, 17, 12, 16], [13, 23, 14, 22], [15, 11, 16, 10], [4, 18, 5, 17], [24, 20, 1, 19], [21, 13, 22, 12], [6, 24, 7, 23], [18, 2, 19, 1], [8, 4, 9, 3], [20, 6, 21, 5], [2, 8, 3, 7]]"
12n_0692_96,"[[3, 9, 4, 8], [10, 16, 11, 15], [12, 18, 13, 17], [14, 24, 15, 23], [16, 12, 17, 11], [5, 19, 6, 18], [1, 21, 2, 20], [22, 14, 23, 13], [7, 1, 8, 24], [19, 3, 20, 2], [9, 5, 10, 4], [21, 7, 22, 6]]"
12n_0692_97,"[[21, 7, 22, 6], [3, 9, 4, 8], [10, 16, 11, 15], [12, 18, 13, 17], [14, 24, 15, 23], [16, 12, 17, 11], [5, 19, 6, 18], [1, 21, 2, 20], [22, 14, 23, 13], [7, 1, 8, 24], [19, 3, 20, 2], [9, 5, 10, 4]]"
12n_0692_98,"[[9, 5, 10, 4], [21, 7, 22, 6], [3, 9, 4, 8], [10, 16, 11, 15], [12, 18, 13, 17], [14, 24, 15, 23], [16, 12, 17, 11], [5, 19, 6, 18], [1, 21, 2, 20], [22, 14, 23, 13], [7, 1, 8, 24], [19, 3, 20, 2]]"
12n_0692_99,"[[19, 3, 20, 2], [9, 5, 10, 4], [21, 7, 22, 6], [3, 9, 4, 8], [10, 16, 11, 15], [12, 18, 13, 17], [14, 24, 15, 23], [16, 12, 17, 11], [5, 19, 6, 18], [1, 21, 2, 20], [22, 14, 23, 13], [7, 1, 8, 24]]"
12n_0692_100,"[[7, 1, 8, 24], [19, 3, 20, 2], [9, 5, 10, 4], [21, 7, 22, 6], [3, 9, 4, 8], [10, 16, 11, 15], [12, 18, 13, 17], [14, 24, 15, 23], [16, 12, 17, 11], [5, 19, 6, 18], [1, 21, 2, 20], [22, 14, 23, 13]]"
12n_0692_101,"[[22, 14, 23, 13], [7, 1, 8, 24], [19, 3, 20, 2], [9, 5, 10, 4], [21, 7, 22, 6], [3, 9, 4, 8], [10, 16, 11, 15], [12, 18, 13, 17], [14, 24, 15, 23], [16, 12, 17, 11], [5, 19, 6, 18], [1, 21, 2, 20]]"
12n_0692_102,"[[1, 21, 2, 20], [22, 14, 23, 13], [7, 1, 8, 24], [19, 3, 20, 2], [9, 5, 10, 4], [21, 7, 22, 6], [3, 9, 4, 8], [10, 16, 11, 15], [12, 18, 13, 17], [14, 24, 15, 23], [16, 12, 17, 11], [5, 19, 6, 18]]"
12n_0692_103,"[[5, 19, 6, 18], [1, 21, 2, 20], [22, 14, 23, 13], [7, 1, 8, 24], [19, 3, 20, 2], [9, 5, 10, 4], [21, 7, 22, 6], [3, 9, 4, 8], [10, 16, 11, 15], [12, 18, 13, 17], [14, 24, 15, 23], [16, 12, 17, 11]]"
12n_0692_104,"[[16, 12, 17, 11], [5, 19, 6, 18], [1, 21, 2, 20], [22, 14, 23, 13], [7, 1, 8, 24], [19, 3, 20, 2], [9, 5, 10, 4], [21, 7, 22, 6], [3, 9, 4, 8], [10, 16, 11, 15], [12, 18, 13, 17], [14, 24, 15, 23]]"
12n_0692_105,"[[14, 24, 15, 23], [16, 12, 17, 11], [5, 19, 6, 18], [1, 21, 2, 20], [22, 14, 23, 13], [7, 1, 8, 24], [19, 3, 20, 2], [9, 5, 10, 4], [21, 7, 22, 6], [3, 9, 4, 8], [10, 16, 11, 15], [12, 18, 13, 17]]"
12n_0692_106,"[[12, 18, 13, 17], [14, 24, 15, 23], [16, 12, 17, 11], [5, 19, 6, 18], [1, 21, 2, 20], [22, 14, 23, 13], [7, 1, 8, 24], [19, 3, 20, 2], [9, 5, 10, 4], [21, 7, 22, 6], [3, 9, 4, 8], [10, 16, 11, 15]]"
12n_0692_107,"[[10, 16, 11, 15], [12, 18, 13, 17], [14, 24, 15, 23], [16, 12, 17, 11], [5, 19, 6, 18], [1, 21, 2, 20], [22, 14, 23, 13], [7, 1, 8, 24], [19, 3, 20, 2], [9, 5, 10, 4], [21, 7, 22, 6], [3, 9, 4, 8]]"
12n_0692_108,"[[4, 10, 5, 9], [11, 17, 12, 16], [13, 19, 14, 18], [15, 1, 16, 24], [17, 13, 18, 12], [6, 20, 7, 19], [2, 22, 3, 21], [23, 15, 24, 14], [8, 2, 9, 1], [20, 4, 21, 3], [10, 6, 11, 5], [22, 8, 23, 7]]"
12n_0692_109,"[[22, 8, 23, 7], [4, 10, 5, 9], [11, 17, 12, 16], [13, 19, 14, 18], [15, 1, 16, 24], [17, 13, 18, 12], [6, 20, 7, 19], [2, 22, 3, 21], [23, 15, 24, 14], [8, 2, 9, 1], [20, 4, 21, 3], [10, 6, 11, 5]]"
12n_0692_110,"[[10, 6, 11, 5], [22, 8, 23, 7], [4, 10, 5, 9], [11, 17, 12, 16], [13, 19, 14, 18], [15, 1, 16, 24], [17, 13, 18, 12], [6, 20, 7, 19], [2, 22, 3, 21], [23, 15, 24, 14], [8, 2, 9, 1], [20, 4, 21, 3]]"
12n_0692_111,"[[20, 4, 21, 3], [10, 6, 11, 5], [22, 8, 23, 7], [4, 10, 5, 9], [11, 17, 12, 16], [13, 19, 14, 18], [15, 1, 16, 24], [17, 13, 18, 12], [6, 20, 7, 19], [2, 22, 3, 21], [23, 15, 24, 14], [8, 2, 9, 1]]"
12n_0692_112,"[[8, 2, 9, 1], [20, 4, 21, 3], [10, 6, 11, 5], [22, 8, 23, 7], [4, 10, 5, 9], [11, 17, 12, 16], [13, 19, 14, 18], [15, 1, 16, 24], [17, 13, 18, 12], [6, 20, 7, 19], [2, 22, 3, 21], [23, 15, 24, 14]]"
12n_0692_113,"[[23, 15, 24, 14], [8, 2, 9, 1], [20, 4, 21, 3], [10, 6, 11, 5], [22, 8, 23, 7], [4, 10, 5, 9], [11, 17, 12, 16], [13, 19, 14, 18], [15, 1, 16, 24], [17, 13, 18, 12], [6, 20, 7, 19], [2, 22, 3, 21]]"
12n_0692_114,"[[2, 22, 3, 21], [23, 15, 24, 14], [8, 2, 9, 1], [20, 4, 21, 3], [10, 6, 11, 5], [22, 8, 23, 7], [4, 10, 5, 9], [11, 17, 12, 16], [13, 19, 14, 18], [15, 1, 16, 24], [17, 13, 18, 12], [6, 20, 7, 19]]"
12n_0692_115,"[[6, 20, 7, 19], [2, 22, 3, 21], [23, 15, 24, 14], [8, 2, 9, 1], [20, 4, 21, 3], [10, 6, 11, 5], [22, 8, 23, 7], [4, 10, 5, 9], [11, 17, 12, 16], [13, 19, 14, 18], [15, 1, 16, 24], [17, 13, 18, 12]]"
12n_0692_116,"[[17, 13, 18, 12], [6, 20, 7, 19], [2, 22, 3, 21], [23, 15, 24, 14], [8, 2, 9, 1], [20, 4, 21, 3], [10, 6, 11, 5], [22, 8, 23, 7], [4, 10, 5, 9], [11, 17, 12, 16], [13, 19, 14, 18], [15, 1, 16, 24]]"
12n_0692_117,"[[15, 1, 16, 24], [17, 13, 18, 12], [6, 20, 7, 19], [2, 22, 3, 21], [23, 15, 24, 14], [8, 2, 9, 1], [20, 4, 21, 3], [10, 6, 11, 5], [22, 8, 23, 7], [4, 10, 5, 9], [11, 17, 12, 16], [13, 19, 14, 18]]"
12n_0692_118,"[[13, 19, 14, 18], [15, 1, 16, 24], [17, 13, 18, 12], [6, 20, 7, 19], [2, 22, 3, 21], [23, 15, 24, 14], [8, 2, 9, 1], [20, 4, 21, 3], [10, 6, 11, 5], [22, 8, 23, 7], [4, 10, 5, 9], [11, 17, 12, 16]]"
12n_0692_119,"[[11, 17, 12, 16], [13, 19, 14, 18], [15, 1, 16, 24], [17, 13, 18, 12], [6, 20, 7, 19], [2, 22, 3, 21], [23, 15, 24, 14], [8, 2, 9, 1], [20, 4, 21, 3], [10, 6, 11, 5], [22, 8, 23, 7], [4, 10, 5, 9]]"
12n_0692_120,"[[5, 11, 6, 10], [12, 18, 13, 17], [14, 20, 15, 19], [16, 2, 17, 1], [18, 14, 19, 13], [7, 21, 8, 20], [3, 23, 4, 22], [24, 16, 1, 15], [9, 3, 10, 2], [21, 5, 22, 4], [11, 7, 12, 6], [23, 9, 24, 8]]"
12n_0692_121,"[[23, 9, 24, 8], [5, 11, 6, 10], [12, 18, 13, 17], [14, 20, 15, 19], [16, 2, 17, 1], [18, 14, 19, 13], [7, 21, 8, 20], [3, 23, 4, 22], [24, 16, 1, 15], [9, 3, 10, 2], [21, 5, 22, 4], [11, 7, 12, 6]]"
12n_0692_122,"[[11, 7, 12, 6], [23, 9, 24, 8], [5, 11, 6, 10], [12, 18, 13, 17], [14, 20, 15, 19], [16, 2, 17, 1], [18, 14, 19, 13], [7, 21, 8, 20], [3, 23, 4, 22], [24, 16, 1, 15], [9, 3, 10, 2], [21, 5, 22, 4]]"
12n_0692_123,"[[21, 5, 22, 4], [11, 7, 12, 6], [23, 9, 24, 8], [5, 11, 6, 10], [12, 18, 13, 17], [14, 20, 15, 19], [16, 2, 17, 1], [18, 14, 19, 13], [7, 21, 8, 20], [3, 23, 4, 22], [24, 16, 1, 15], [9, 3, 10, 2]]"
12n_0692_124,"[[9, 3, 10, 2], [21, 5, 22, 4], [11, 7, 12, 6], [23, 9, 24, 8], [5, 11, 6, 10], [12, 18, 13, 17], [14, 20, 15, 19], [16, 2, 17, 1], [18, 14, 19, 13], [7, 21, 8, 20], [3, 23, 4, 22], [24, 16, 1, 15]]"
12n_0692_125,"[[24, 16, 1, 15], [9, 3, 10, 2], [21, 5, 22, 4], [11, 7, 12, 6], [23, 9, 24, 8], [5, 11, 6, 10], [12, 18, 13, 17], [14, 20, 15, 19], [16, 2, 17, 1], [18, 14, 19, 13], [7, 21, 8, 20], [3, 23, 4, 22]]"
12n_0692_126,"[[3, 23, 4, 22], [24, 16, 1, 15], [9, 3, 10, 2], [21, 5, 22, 4], [11, 7, 12, 6], [23, 9, 24, 8], [5, 11, 6, 10], [12, 18, 13, 17], [14, 20, 15, 19], [16, 2, 17, 1], [18, 14, 19, 13], [7, 21, 8, 20]]"
12n_0692_127,"[[7, 21, 8, 20], [3, 23, 4, 22], [24, 16, 1, 15], [9, 3, 10, 2], [21, 5, 22, 4], [11, 7, 12, 6], [23, 9, 24, 8], [5, 11, 6, 10], [12, 18, 13, 17], [14, 20, 15, 19], [16, 2, 17, 1], [18, 14, 19, 13]]"
12n_0692_128,"[[18, 14, 19, 13], [7, 21, 8, 20], [3, 23, 4, 22], [24, 16, 1, 15], [9, 3, 10, 2], [21, 5, 22, 4], [11, 7, 12, 6], [23, 9, 24, 8], [5, 11, 6, 10], [12, 18, 13, 17], [14, 20, 15, 19], [16, 2, 17, 1]]"
12n_0692_129,"[[16, 2, 17, 1], [18, 14, 19, 13], [7, 21, 8, 20], [3, 23, 4, 22], [24, 16, 1, 15], [9, 3, 10, 2], [21, 5, 22, 4], [11, 7, 12, 6], [23, 9, 24, 8], [5, 11, 6, 10], [12, 18, 13, 17], [14, 20, 15, 19]]"
12n_0692_130,"[[14, 20, 15, 19], [16, 2, 17, 1], [18, 14, 19, 13], [7, 21, 8, 20], [3, 23, 4, 22], [24, 16, 1, 15], [9, 3, 10, 2], [21, 5, 22, 4], [11, 7, 12, 6], [23, 9, 24, 8], [5, 11, 6, 10], [12, 18, 13, 17]]"
12n_0692_131,"[[12, 18, 13, 17], [14, 20, 15, 19], [16, 2, 17, 1], [18, 14, 19, 13], [7, 21, 8, 20], [3, 23, 4, 22], [24, 16, 1, 15], [9, 3, 10, 2], [21, 5, 22, 4], [11, 7, 12, 6], [23, 9, 24, 8], [5, 11, 6, 10]]"
12n_0692_132,"[[6, 12, 7, 11], [13, 19, 14, 18], [15, 21, 16, 20], [17, 3, 18, 2], [19, 15, 20, 14], [8, 22, 9, 21], [4, 24, 5, 23], [1, 17, 2, 16], [10, 4, 11, 3], [22, 6, 23, 5], [12, 8, 13, 7], [24, 10, 1, 9]]"
12n_0692_133,"[[24, 10, 1, 9], [6, 12, 7, 11], [13, 19, 14, 18], [15, 21, 16, 20], [17, 3, 18, 2], [19, 15, 20, 14], [8, 22, 9, 21], [4, 24, 5, 23], [1, 17, 2, 16], [10, 4, 11, 3], [22, 6, 23, 5], [12, 8, 13, 7]]"
12n_0692_134,"[[12, 8, 13, 7], [24, 10, 1, 9], [6, 12, 7, 11], [13, 19, 14, 18], [15, 21, 16, 20], [17, 3, 18, 2], [19, 15, 20, 14], [8, 22, 9, 21], [4, 24, 5, 23], [1, 17, 2, 16], [10, 4, 11, 3], [22, 6, 23, 5]]"
12n_0692_135,"[[22, 6, 23, 5], [12, 8, 13, 7], [24, 10, 1, 9], [6, 12, 7, 11], [13, 19, 14, 18], [15, 21, 16, 20], [17, 3, 18, 2], [19, 15, 20, 14], [8, 22, 9, 21], [4, 24, 5, 23], [1, 17, 2, 16], [10, 4, 11, 3]]"
12n_0692_136,"[[10, 4, 11, 3], [22, 6, 23, 5], [12, 8, 13, 7], [24, 10, 1, 9], [6, 12, 7, 11], [13, 19, 14, 18], [15, 21, 16, 20], [17, 3, 18, 2], [19, 15, 20, 14], [8, 22, 9, 21], [4, 24, 5, 23], [1, 17, 2, 16]]"
12n_0692_137,"[[1, 17, 2, 16], [10, 4, 11, 3], [22, 6, 23, 5], [12, 8, 13, 7], [24, 10, 1, 9], [6, 12, 7, 11], [13, 19, 14, 18], [15, 21, 16, 20], [17, 3, 18, 2], [19, 15, 20, 14], [8, 22, 9, 21], [4, 24, 5, 23]]"
12n_0692_138,"[[4, 24, 5, 23], [1, 17, 2, 16], [10, 4, 11, 3], [22, 6, 23, 5], [12, 8, 13, 7], [24, 10, 1, 9], [6, 12, 7, 11], [13, 19, 14, 18], [15, 21, 16, 20], [17, 3, 18, 2], [19, 15, 20, 14], [8, 22, 9, 21]]"
12n_0692_139,"[[8, 22, 9, 21], [4, 24, 5, 23], [1, 17, 2, 16], [10, 4, 11, 3], [22, 6, 23, 5], [12, 8, 13, 7], [24, 10, 1, 9], [6, 12, 7, 11], [13, 19, 14, 18], [15, 21, 16, 20], [17, 3, 18, 2], [19, 15, 20, 14]]"
12n_0692_140,"[[19, 15, 20, 14], [8, 22, 9, 21], [4, 24, 5, 23], [1, 17, 2, 16], [10, 4, 11, 3], [22, 6, 23, 5], [12, 8, 13, 7], [24, 10, 1, 9], [6, 12, 7, 11], [13, 19, 14, 18], [15, 21, 16, 20], [17, 3, 18, 2]]"
12n_0692_141,"[[17, 3, 18, 2], [19, 15, 20, 14], [8, 22, 9, 21], [4, 24, 5, 23], [1, 17, 2, 16], [10, 4, 11, 3], [22, 6, 23, 5], [12, 8, 13, 7], [24, 10, 1, 9], [6, 12, 7, 11], [13, 19, 14, 18], [15, 21, 16, 20]]"
12n_0692_142,"[[15, 21, 16, 20], [17, 3, 18, 2], [19, 15, 20, 14], [8, 22, 9, 21], [4, 24, 5, 23], [1, 17, 2, 16], [10, 4, 11, 3], [22, 6, 23, 5], [12, 8, 13, 7], [24, 10, 1, 9], [6, 12, 7, 11], [13, 19, 14, 18]]"
12n_0692_143,"[[13, 19, 14, 18], [15, 21, 16, 20], [17, 3, 18, 2], [19, 15, 20, 14], [8, 22, 9, 21], [4, 24, 5, 23], [1, 17, 2, 16], [10, 4, 11, 3], [22, 6, 23, 5], [12, 8, 13, 7], [24, 10, 1, 9], [6, 12, 7, 11]]"
12n_0692_144,"[[7, 13, 8, 12], [14, 20, 15, 19], [16, 22, 17, 21], [18, 4, 19, 3], [20, 16, 21, 15], [9, 23, 10, 22], [5, 1, 6, 24], [2, 18, 3, 17], [11, 5, 12, 4], [23, 7, 24, 6], [13, 9, 14, 8], [1, 11, 2, 10]]"
12n_0692_145,"[[1, 11, 2, 10], [7, 13, 8, 12], [14, 20, 15, 19], [16, 22, 17, 21], [18, 4, 19, 3], [20, 16, 21, 15], [9, 23, 10, 22], [5, 1, 6, 24], [2, 18, 3, 17], [11, 5, 12, 4], [23, 7, 24, 6], [13, 9, 14, 8]]"
12n_0692_146,"[[13, 9, 14, 8], [1, 11, 2, 10], [7, 13, 8, 12], [14, 20, 15, 19], [16, 22, 17, 21], [18, 4, 19, 3], [20, 16, 21, 15], [9, 23, 10, 22], [5, 1, 6, 24], [2, 18, 3, 17], [11, 5, 12, 4], [23, 7, 24, 6]]"
12n_0692_147,"[[23, 7, 24, 6], [13, 9, 14, 8], [1, 11, 2, 10], [7, 13, 8, 12], [14, 20, 15, 19], [16, 22, 17, 21], [18, 4, 19, 3], [20, 16, 21, 15], [9, 23, 10, 22], [5, 1, 6, 24], [2, 18, 3, 17], [11, 5, 12, 4]]"
12n_0692_148,"[[11, 5, 12, 4], [23, 7, 24, 6], [13, 9, 14, 8], [1, 11, 2, 10], [7, 13, 8, 12], [14, 20, 15, 19], [16, 22, 17, 21], [18, 4, 19, 3], [20, 16, 21, 15], [9, 23, 10, 22], [5, 1, 6, 24], [2, 18, 3, 17]]"
12n_0692_149,"[[2, 18, 3, 17], [11, 5, 12, 4], [23, 7, 24, 6], [13, 9, 14, 8], [1, 11, 2, 10], [7, 13, 8, 12], [14, 20, 15, 19], [16, 22, 17, 21], [18, 4, 19, 3], [20, 16, 21, 15], [9, 23, 10, 22], [5, 1, 6, 24]]"
12n_0692_150,"[[5, 1, 6, 24], [2, 18, 3, 17], [11, 5, 12, 4], [23, 7, 24, 6], [13, 9, 14, 8], [1, 11, 2, 10], [7, 13, 8, 12], [14, 20, 15, 19], [16, 22, 17, 21], [18, 4, 19, 3], [20, 16, 21, 15], [9, 23, 10, 22]]"
12n_0692_151,"[[9, 23, 10, 22], [5, 1, 6, 24], [2, 18, 3, 17], [11, 5, 12, 4], [23, 7, 24, 6], [13, 9, 14, 8], [1, 11, 2, 10], [7, 13, 8, 12], [14, 20, 15, 19], [16, 22, 17, 21], [18, 4, 19, 3], [20, 16, 21, 15]]"
12n_0692_152,"[[20, 16, 21, 15], [9, 23, 10, 22], [5, 1, 6, 24], [2, 18, 3, 17], [11, 5, 12, 4], [23, 7, 24, 6], [13, 9, 14, 8], [1, 11, 2, 10], [7, 13, 8, 12], [14, 20, 15, 19], [16, 22, 17, 21], [18, 4, 19, 3]]"
12n_0692_153,"[[18, 4, 19, 3], [20, 16, 21, 15], [9, 23, 10, 22], [5, 1, 6, 24], [2, 18, 3, 17], [11, 5, 12, 4], [23, 7, 24, 6], [13, 9, 14, 8], [1, 11, 2, 10], [7, 13, 8, 12], [14, 20, 15, 19], [16, 22, 17, 21]]"
12n_0692_154,"[[16, 22, 17, 21], [18, 4, 19, 3], [20, 16, 21, 15], [9, 23, 10, 22], [5, 1, 6, 24], [2, 18, 3, 17], [11, 5, 12, 4], [23, 7, 24, 6], [13, 9, 14, 8], [1, 11, 2, 10], [7, 13, 8, 12], [14, 20, 15, 19]]"
12n_0692_155,"[[14, 20, 15, 19], [16, 22, 17, 21], [18, 4, 19, 3], [20, 16, 21, 15], [9, 23, 10, 22], [5, 1, 6, 24], [2, 18, 3, 17], [11, 5, 12, 4], [23, 7, 24, 6], [13, 9, 14, 8], [1, 11, 2, 10], [7, 13, 8, 12]]"
12n_0692_156,"[[8, 14, 9, 13], [15, 21, 16, 20], [17, 23, 18, 22], [19, 5, 20, 4], [21, 17, 22, 16], [10, 24, 11, 23], [6, 2, 7, 1], [3, 19, 4, 18], [12, 6, 13, 5], [24, 8, 1, 7], [14, 10, 15, 9], [2, 12, 3, 11]]"
12n_0692_157,"[[2, 12, 3, 11], [8, 14, 9, 13], [15, 21, 16, 20], [17, 23, 18, 22], [19, 5, 20, 4], [21, 17, 22, 16], [10, 24, 11, 23], [6, 2, 7, 1], [3, 19, 4, 18], [12, 6, 13, 5], [24, 8, 1, 7], [14, 10, 15, 9]]"
12n_0692_158,"[[14, 10, 15, 9], [2, 12, 3, 11], [8, 14, 9, 13], [15, 21, 16, 20], [17, 23, 18, 22], [19, 5, 20, 4], [21, 17, 22, 16], [10, 24, 11, 23], [6, 2, 7, 1], [3, 19, 4, 18], [12, 6, 13, 5], [24, 8, 1, 7]]"
12n_0692_159,"[[24, 8, 1, 7], [14, 10, 15, 9], [2, 12, 3, 11], [8, 14, 9, 13], [15, 21, 16, 20], [17, 23, 18, 22], [19, 5, 20, 4], [21, 17, 22, 16], [10, 24, 11, 23], [6, 2, 7, 1], [3, 19, 4, 18], [12, 6, 13, 5]]"
12n_0692_160,"[[12, 6, 13, 5], [24, 8, 1, 7], [14, 10, 15, 9], [2, 12, 3, 11], [8, 14, 9, 13], [15, 21, 16, 20], [17, 23, 18, 22], [19, 5, 20, 4], [21, 17, 22, 16], [10, 24, 11, 23], [6, 2, 7, 1], [3, 19, 4, 18]]"
12n_0692_161,"[[3, 19, 4, 18], [12, 6, 13, 5], [24, 8, 1, 7], [14, 10, 15, 9], [2, 12, 3, 11], [8, 14, 9, 13], [15, 21, 16, 20], [17, 23, 18, 22], [19, 5, 20, 4], [21, 17, 22, 16], [10, 24, 11, 23], [6, 2, 7, 1]]"
12n_0692_162,"[[6, 2, 7, 1], [3, 19, 4, 18], [12, 6, 13, 5], [24, 8, 1, 7], [14, 10, 15, 9], [2, 12, 3, 11], [8, 14, 9, 13], [15, 21, 16, 20], [17, 23, 18, 22], [19, 5, 20, 4], [21, 17, 22, 16], [10, 24, 11, 23]]"
12n_0692_163,"[[10, 24, 11, 23], [6, 2, 7, 1], [3, 19, 4, 18], [12, 6, 13, 5], [24, 8, 1, 7], [14, 10, 15, 9], [2, 12, 3, 11], [8, 14, 9, 13], [15, 21, 16, 20], [17, 23, 18, 22], [19, 5, 20, 4], [21, 17, 22, 16]]"
12n_0692_164,"[[21, 17, 22, 16], [10, 24, 11, 23], [6, 2, 7, 1], [3, 19, 4, 18], [12, 6, 13, 5], [24, 8, 1, 7], [14, 10, 15, 9], [2, 12, 3, 11], [8, 14, 9, 13], [15, 21, 16, 20], [17, 23, 18, 22], [19, 5, 20, 4]]"
12n_0692_165,"[[19, 5, 20, 4], [21, 17, 22, 16], [10, 24, 11, 23], [6, 2, 7, 1], [3, 19, 4, 18], [12, 6, 13, 5], [24, 8, 1, 7], [14, 10, 15, 9], [2, 12, 3, 11], [8, 14, 9, 13], [15, 21, 16, 20], [17, 23, 18, 22]]"
12n_0692_166,"[[17, 23, 18, 22], [19, 5, 20, 4], [21, 17, 22, 16], [10, 24, 11, 23], [6, 2, 7, 1], [3, 19, 4, 18], [12, 6, 13, 5], [24, 8, 1, 7], [14, 10, 15, 9], [2, 12, 3, 11], [8, 14, 9, 13], [15, 21, 16, 20]]"
12n_0692_167,"[[15, 21, 16, 20], [17, 23, 18, 22], [19, 5, 20, 4], [21, 17, 22, 16], [10, 24, 11, 23], [6, 2, 7, 1], [3, 19, 4, 18], [12, 6, 13, 5], [24, 8, 1, 7], [14, 10, 15, 9], [2, 12, 3, 11], [8, 14, 9, 13]]"
12n_0692_168,"[[9, 15, 10, 14], [16, 22, 17, 21], [18, 24, 19, 23], [20, 6, 21, 5], [22, 18, 23, 17], [11, 1, 12, 24], [7, 3, 8, 2], [4, 20, 5, 19], [13, 7, 14, 6], [1, 9, 2, 8], [15, 11, 16, 10], [3, 13, 4, 12]]"
12n_0692_169,"[[3, 13, 4, 12], [9, 15, 10, 14], [16, 22, 17, 21], [18, 24, 19, 23], [20, 6, 21, 5], [22, 18, 23, 17], [11, 1, 12, 24], [7, 3, 8, 2], [4, 20, 5, 19], [13, 7, 14, 6], [1, 9, 2, 8], [15, 11, 16, 10]]"
12n_0692_170,"[[15, 11, 16, 10], [3, 13, 4, 12], [9, 15, 10, 14], [16, 22, 17, 21], [18, 24, 19, 23], [20, 6, 21, 5], [22, 18, 23, 17], [11, 1, 12, 24], [7, 3, 8, 2], [4, 20, 5, 19], [13, 7, 14, 6], [1, 9, 2, 8]]"
12n_0692_171,"[[1, 9, 2, 8], [15, 11, 16, 10], [3, 13, 4, 12], [9, 15, 10, 14], [16, 22, 17, 21], [18, 24, 19, 23], [20, 6, 21, 5], [22, 18, 23, 17], [11, 1, 12, 24], [7, 3, 8, 2], [4, 20, 5, 19], [13, 7, 14, 6]]"
12n_0692_172,"[[13, 7, 14, 6], [1, 9, 2, 8], [15, 11, 16, 10], [3, 13, 4, 12], [9, 15, 10, 14], [16, 22, 17, 21], [18, 24, 19, 23], [20, 6, 21, 5], [22, 18, 23, 17], [11, 1, 12, 24], [7, 3, 8, 2], [4, 20, 5, 19]]"
12n_0692_173,"[[4, 20, 5, 19], [13, 7, 14, 6], [1, 9, 2, 8], [15, 11, 16, 10], [3, 13, 4, 12], [9, 15, 10, 14], [16, 22, 17, 21], [18, 24, 19, 23], [20, 6, 21, 5], [22, 18, 23, 17], [11, 1, 12, 24], [7, 3, 8, 2]]"
12n_0692_174,"[[7, 3, 8, 2], [4, 20, 5, 19], [13, 7, 14, 6], [1, 9, 2, 8], [15, 11, 16, 10], [3, 13, 4, 12], [9, 15, 10, 14], [16, 22, 17, 21], [18, 24, 19, 23], [20, 6, 21, 5], [22, 18, 23, 17], [11, 1, 12, 24]]"
12n_0692_175,"[[11, 1, 12, 24], [7, 3, 8, 2], [4, 20, 5, 19], [13, 7, 14, 6], [1, 9, 2, 8], [15, 11, 16, 10], [3, 13, 4, 12], [9, 15, 10, 14], [16, 22, 17, 21], [18, 24, 19, 23], [20, 6, 21, 5], [22, 18, 23, 17]]"
12n_0692_176,"[[22, 18, 23, 17], [11, 1, 12, 24], [7, 3, 8, 2], [4, 20, 5, 19], [13, 7, 14, 6], [1, 9, 2, 8], [15, 11, 16, 10], [3, 13, 4, 12], [9, 15, 10, 14], [16, 22, 17, 21], [18, 24, 19, 23], [20, 6, 21, 5]]"
12n_0692_177,"[[20, 6, 21, 5], [22, 18, 23, 17], [11, 1, 12, 24], [7, 3, 8, 2], [4, 20, 5, 19], [13, 7, 14, 6], [1, 9, 2, 8], [15, 11, 16, 10], [3, 13, 4, 12], [9, 15, 10, 14], [16, 22, 17, 21], [18, 24, 19, 23]]"
12n_0692_178,"[[18, 24, 19, 23], [20, 6, 21, 5], [22, 18, 23, 17], [11, 1, 12, 24], [7, 3, 8, 2], [4, 20, 5, 19], [13, 7, 14, 6], [1, 9, 2, 8], [15, 11, 16, 10], [3, 13, 4, 12], [9, 15, 10, 14], [16, 22, 17, 21]]"
12n_0692_179,"[[16, 22, 17, 21], [18, 24, 19, 23], [20, 6, 21, 5], [22, 18, 23, 17], [11, 1, 12, 24], [7, 3, 8, 2], [4, 20, 5, 19], [13, 7, 14, 6], [1, 9, 2, 8], [15, 11, 16, 10], [3, 13, 4, 12], [9, 15, 10, 14]]"
12n_0692_180,"[[10, 16, 11, 15], [17, 23, 18, 22], [19, 1, 20, 24], [21, 7, 22, 6], [23, 19, 24, 18], [12, 2, 13, 1], [8, 4, 9, 3], [5, 21, 6, 20], [14, 8, 15, 7], [2, 10, 3, 9], [16, 12, 17, 11], [4, 14, 5, 13]]"
12n_0692_181,"[[4, 14, 5, 13], [10, 16, 11, 15], [17, 23, 18, 22], [19, 1, 20, 24], [21, 7, 22, 6], [23, 19, 24, 18], [12, 2, 13, 1], [8, 4, 9, 3], [5, 21, 6, 20], [14, 8, 15, 7], [2, 10, 3, 9], [16, 12, 17, 11]]"
12n_0692_182,"[[16, 12, 17, 11], [4, 14, 5, 13], [10, 16, 11, 15], [17, 23, 18, 22], [19, 1, 20, 24], [21, 7, 22, 6], [23, 19, 24, 18], [12, 2, 13, 1], [8, 4, 9, 3], [5, 21, 6, 20], [14, 8, 15, 7], [2, 10, 3, 9]]"
12n_0692_183,"[[2, 10, 3, 9], [16, 12, 17, 11], [4, 14, 5, 13], [10, 16, 11, 15], [17, 23, 18, 22], [19, 1, 20, 24], [21, 7, 22, 6], [23, 19, 24, 18], [12, 2, 13, 1], [8, 4, 9, 3], [5, 21, 6, 20], [14, 8, 15, 7]]"
12n_0692_184,"[[14, 8, 15, 7], [2, 10, 3, 9], [16, 12, 17, 11], [4, 14, 5, 13], [10, 16, 11, 15], [17, 23, 18, 22], [19, 1, 20, 24], [21, 7, 22, 6], [23, 19, 24, 18], [12, 2, 13, 1], [8, 4, 9, 3], [5, 21, 6, 20]]"
12n_0692_185,"[[5, 21, 6, 20], [14, 8, 15, 7], [2, 10, 3, 9], [16, 12, 17, 11], [4, 14, 5, 13], [10, 16, 11, 15], [17, 23, 18, 22], [19, 1, 20, 24], [21, 7, 22, 6], [23, 19, 24, 18], [12, 2, 13, 1], [8, 4, 9, 3]]"
