name,pd_notation
12n_0112_0,"[[15, 1, 16, 24], [2, 6, 3, 5], [4, 10, 5, 9], [6, 14, 7, 13], [8, 4, 9, 3], [10, 19, 11, 20], [12, 8, 13, 7], [21, 15, 22, 14], [23, 17, 24, 16], [18, 11, 19, 12], [1, 21, 2, 20], [17, 23, 18, 22]]"
12n_0112_1,"[[17, 23, 18, 22], [15, 1, 16, 24], [2, 6, 3, 5], [4, 10, 5, 9], [6, 14, 7, 13], [8, 4, 9, 3], [10, 19, 11, 20], [12, 8, 13, 7], [21, 15, 22, 14], [23, 17, 24, 16], [18, 11, 19, 12], [1, 21, 2, 20]]"
12n_0112_2,"[[1, 21, 2, 20], [17, 23, 18, 22], [15, 1, 16, 24], [2, 6, 3, 5], [4, 10, 5, 9], [6, 14, 7, 13], [8, 4, 9, 3], [10, 19, 11, 20], [12, 8, 13, 7], [21, 15, 22, 14], [23, 17, 24, 16], [18, 11, 19, 12]]"
12n_0112_3,"[[18, 11, 19, 12], [1, 21, 2, 20], [17, 23, 18, 22], [15, 1, 16, 24], [2, 6, 3, 5], [4, 10, 5, 9], [6, 14, 7, 13], [8, 4, 9, 3], [10, 19, 11, 20], [12, 8, 13, 7], [21, 15, 22, 14], [23, 17, 24, 16]]"
12n_0112_4,"[[23, 17, 24, 16], [18, 11, 19, 12], [1, 21, 2, 20], [17, 23, 18, 22], [15, 1, 16, 24], [2, 6, 3, 5], [4, 10, 5, 9], [6, 14, 7, 13], [8, 4, 9, 3], [10, 19, 11, 20], [12, 8, 13, 7], [21, 15, 22, 14]]"
12n_0112_5,"[[21, 15, 22, 14], [23, 17, 24, 16], [18, 11, 19, 12], [1, 21, 2, 20], [17, 23, 18, 22], [15, 1, 16, 24], [2, 6, 3, 5], [4, 10, 5, 9], [6, 14, 7, 13], [8, 4, 9, 3], [10, 19, 11, 20], [12, 8, 13, 7]]"
12n_0112_6,"[[12, 8, 13, 7], [21, 15, 22, 14], [23, 17, 24, 16], [18, 11, 19, 12], [1, 21, 2, 20], [17, 23, 18, 22], [15, 1, 16, 24], [2, 6, 3, 5], [4, 10, 5, 9], [6, 14, 7, 13], [8, 4, 9, 3], [10, 19, 11, 20]]"
12n_0112_7,"[[10, 19, 11, 20], [12, 8, 13, 7], [21, 15, 22, 14], [23, 17, 24, 16], [18, 11, 19, 12], [1, 21, 2, 20], [17, 23, 18, 22], [15, 1, 16, 24], [2, 6, 3, 5], [4, 10, 5, 9], [6, 14, 7, 13], [8, 4, 9, 3]]"
12n_0112_8,"[[8, 4, 9, 3], [10, 19, 11, 20], [12, 8, 13, 7], [21, 15, 22, 14], [23, 17, 24, 16], [18, 11, 19, 12], [1, 21, 2, 20], [17, 23, 18, 22], [15, 1, 16, 24], [2, 6, 3, 5], [4, 10, 5, 9], [6, 14, 7, 13]]"
12n_0112_9,"[[6, 14, 7, 13], [8, 4, 9, 3], [10, 19, 11, 20], [12, 8, 13, 7], [21, 15, 22, 14], [23, 17, 24, 16], [18, 11, 19, 12], [1, 21, 2, 20], [17, 23, 18, 22], [15, 1, 16, 24], [2, 6, 3, 5], [4, 10, 5, 9]]"
12n_0112_10,"[[4, 10, 5, 9], [6, 14, 7, 13], [8, 4, 9, 3], [10, 19, 11, 20], [12, 8, 13, 7], [21, 15, 22, 14], [23, 17, 24, 16], [18, 11, 19, 12], [1, 21, 2, 20], [17, 23, 18, 22], [15, 1, 16, 24], [2, 6, 3, 5]]"
12n_0112_11,"[[2, 6, 3, 5], [4, 10, 5, 9], [6, 14, 7, 13], [8, 4, 9, 3], [10, 19, 11, 20], [12, 8, 13, 7], [21, 15, 22, 14], [23, 17, 24, 16], [18, 11, 19, 12], [1, 21, 2, 20], [17, 23, 18, 22], [15, 1, 16, 24]]"
12n_0112_12,"[[16, 2, 17, 1], [3, 7, 4, 6], [5, 11, 6, 10], [7, 15, 8, 14], [9, 5, 10, 4], [11, 20, 12, 21], [13, 9, 14, 8], [22, 16, 23, 15], [24, 18, 1, 17], [19, 12, 20, 13], [2, 22, 3, 21], [18, 24, 19, 23]]"
12n_0112_13,"[[18, 24, 19, 23], [16, 2, 17, 1], [3, 7, 4, 6], [5, 11, 6, 10], [7, 15, 8, 14], [9, 5, 10, 4], [11, 20, 12, 21], [13, 9, 14, 8], [22, 16, 23, 15], [24, 18, 1, 17], [19, 12, 20, 13], [2, 22, 3, 21]]"
12n_0112_14,"[[2, 22, 3, 21], [18, 24, 19, 23], [16, 2, 17, 1], [3, 7, 4, 6], [5, 11, 6, 10], [7, 15, 8, 14], [9, 5, 10, 4], [11, 20, 12, 21], [13, 9, 14, 8], [22, 16, 23, 15], [24, 18, 1, 17], [19, 12, 20, 13]]"
12n_0112_15,"[[19, 12, 20, 13], [2, 22, 3, 21], [18, 24, 19, 23], [16, 2, 17, 1], [3, 7, 4, 6], [5, 11, 6, 10], [7, 15, 8, 14], [9, 5, 10, 4], [11, 20, 12, 21], [13, 9, 14, 8], [22, 16, 23, 15], [24, 18, 1, 17]]"
12n_0112_16,"[[24, 18, 1, 17], [19, 12, 20, 13], [2, 22, 3, 21], [18, 24, 19, 23], [16, 2, 17, 1], [3, 7, 4, 6], [5, 11, 6, 10], [7, 15, 8, 14], [9, 5, 10, 4], [11, 20, 12, 21], [13, 9, 14, 8], [22, 16, 23, 15]]"
12n_0112_17,"[[22, 16, 23, 15], [24, 18, 1, 17], [19, 12, 20, 13], [2, 22, 3, 21], [18, 24, 19, 23], [16, 2, 17, 1], [3, 7, 4, 6], [5, 11, 6, 10], [7, 15, 8, 14], [9, 5, 10, 4], [11, 20, 12, 21], [13, 9, 14, 8]]"
12n_0112_18,"[[13, 9, 14, 8], [22, 16, 23, 15], [24, 18, 1, 17], [19, 12, 20, 13], [2, 22, 3, 21], [18, 24, 19, 23], [16, 2, 17, 1], [3, 7, 4, 6], [5, 11, 6, 10], [7, 15, 8, 14], [9, 5, 10, 4], [11, 20, 12, 21]]"
12n_0112_19,"[[11, 20, 12, 21], [13, 9, 14, 8], [22, 16, 23, 15], [24, 18, 1, 17], [19, 12, 20, 13], [2, 22, 3, 21], [18, 24, 19, 23], [16, 2, 17, 1], [3, 7, 4, 6], [5, 11, 6, 10], [7, 15, 8, 14], [9, 5, 10, 4]]"
12n_0112_20,"[[9, 5, 10, 4], [11, 20, 12, 21], [13, 9, 14, 8], [22, 16, 23, 15], [24, 18, 1, 17], [19, 12, 20, 13], [2, 22, 3, 21], [18, 24, 19, 23], [16, 2, 17, 1], [3, 7, 4, 6], [5, 11, 6, 10], [7, 15, 8, 14]]"
12n_0112_21,"[[7, 15, 8, 14], [9, 5, 10, 4], [11, 20, 12, 21], [13, 9, 14, 8], [22, 16, 23, 15], [24, 18, 1, 17], [19, 12, 20, 13], [2, 22, 3, 21], [18, 24, 19, 23], [16, 2, 17, 1], [3, 7, 4, 6], [5, 11, 6, 10]]"
12n_0112_22,"[[5, 11, 6, 10], [7, 15, 8, 14], [9, 5, 10, 4], [11, 20, 12, 21], [13, 9, 14, 8], [22, 16, 23, 15], [24, 18, 1, 17], [19, 12, 20, 13], [2, 22, 3, 21], [18, 24, 19, 23], [16, 2, 17, 1], [3, 7, 4, 6]]"
12n_0112_23,"[[3, 7, 4, 6], [5, 11, 6, 10], [7, 15, 8, 14], [9, 5, 10, 4], [11, 20, 12, 21], [13, 9, 14, 8], [22, 16, 23, 15], [24, 18, 1, 17], [19, 12, 20, 13], [2, 22, 3, 21], [18, 24, 19, 23], [16, 2, 17, 1]]"
12n_0112_24,"[[17, 3, 18, 2], [4, 8, 5, 7], [6, 12, 7, 11], [8, 16, 9, 15], [10, 6, 11, 5], [12, 21, 13, 22], [14, 10, 15, 9], [23, 17, 24, 16], [1, 19, 2, 18], [20, 13, 21, 14], [3, 23, 4, 22], [19, 1, 20, 24]]"
12n_0112_25,"[[19, 1, 20, 24], [17, 3, 18, 2], [4, 8, 5, 7], [6, 12, 7, 11], [8, 16, 9, 15], [10, 6, 11, 5], [12, 21, 13, 22], [14, 10, 15, 9], [23, 17, 24, 16], [1, 19, 2, 18], [20, 13, 21, 14], [3, 23, 4, 22]]"
12n_0112_26,"[[3, 23, 4, 22], [19, 1, 20, 24], [17, 3, 18, 2], [4, 8, 5, 7], [6, 12, 7, 11], [8, 16, 9, 15], [10, 6, 11, 5], [12, 21, 13, 22], [14, 10, 15, 9], [23, 17, 24, 16], [1, 19, 2, 18], [20, 13, 21, 14]]"
12n_0112_27,"[[20, 13, 21, 14], [3, 23, 4, 22], [19, 1, 20, 24], [17, 3, 18, 2], [4, 8, 5, 7], [6, 12, 7, 11], [8, 16, 9, 15], [10, 6, 11, 5], [12, 21, 13, 22], [14, 10, 15, 9], [23, 17, 24, 16], [1, 19, 2, 18]]"
12n_0112_28,"[[1, 19, 2, 18], [20, 13, 21, 14], [3, 23, 4, 22], [19, 1, 20, 24], [17, 3, 18, 2], [4, 8, 5, 7], [6, 12, 7, 11], [8, 16, 9, 15], [10, 6, 11, 5], [12, 21, 13, 22], [14, 10, 15, 9], [23, 17, 24, 16]]"
12n_0112_29,"[[23, 17, 24, 16], [1, 19, 2, 18], [20, 13, 21, 14], [3, 23, 4, 22], [19, 1, 20, 24], [17, 3, 18, 2], [4, 8, 5, 7], [6, 12, 7, 11], [8, 16, 9, 15], [10, 6, 11, 5], [12, 21, 13, 22], [14, 10, 15, 9]]"
12n_0112_30,"[[14, 10, 15, 9], [23, 17, 24, 16], [1, 19, 2, 18], [20, 13, 21, 14], [3, 23, 4, 22], [19, 1, 20, 24], [17, 3, 18, 2], [4, 8, 5, 7], [6, 12, 7, 11], [8, 16, 9, 15], [10, 6, 11, 5], [12, 21, 13, 22]]"
12n_0112_31,"[[12, 21, 13, 22], [14, 10, 15, 9], [23, 17, 24, 16], [1, 19, 2, 18], [20, 13, 21, 14], [3, 23, 4, 22], [19, 1, 20, 24], [17, 3, 18, 2], [4, 8, 5, 7], [6, 12, 7, 11], [8, 16, 9, 15], [10, 6, 11, 5]]"
12n_0112_32,"[[10, 6, 11, 5], [12, 21, 13, 22], [14, 10, 15, 9], [23, 17, 24, 16], [1, 19, 2, 18], [20, 13, 21, 14], [3, 23, 4, 22], [19, 1, 20, 24], [17, 3, 18, 2], [4, 8, 5, 7], [6, 12, 7, 11], [8, 16, 9, 15]]"
12n_0112_33,"[[8, 16, 9, 15], [10, 6, 11, 5], [12, 21, 13, 22], [14, 10, 15, 9], [23, 17, 24, 16], [1, 19, 2, 18], [20, 13, 21, 14], [3, 23, 4, 22], [19, 1, 20, 24], [17, 3, 18, 2], [4, 8, 5, 7], [6, 12, 7, 11]]"
12n_0112_34,"[[6, 12, 7, 11], [8, 16, 9, 15], [10, 6, 11, 5], [12, 21, 13, 22], [14, 10, 15, 9], [23, 17, 24, 16], [1, 19, 2, 18], [20, 13, 21, 14], [3, 23, 4, 22], [19, 1, 20, 24], [17, 3, 18, 2], [4, 8, 5, 7]]"
12n_0112_35,"[[4, 8, 5, 7], [6, 12, 7, 11], [8, 16, 9, 15], [10, 6, 11, 5], [12, 21, 13, 22], [14, 10, 15, 9], [23, 17, 24, 16], [1, 19, 2, 18], [20, 13, 21, 14], [3, 23, 4, 22], [19, 1, 20, 24], [17, 3, 18, 2]]"
12n_0112_36,"[[18, 4, 19, 3], [5, 9, 6, 8], [7, 13, 8, 12], [9, 17, 10, 16], [11, 7, 12, 6], [13, 22, 14, 23], [15, 11, 16, 10], [24, 18, 1, 17], [2, 20, 3, 19], [21, 14, 22, 15], [4, 24, 5, 23], [20, 2, 21, 1]]"
12n_0112_37,"[[20, 2, 21, 1], [18, 4, 19, 3], [5, 9, 6, 8], [7, 13, 8, 12], [9, 17, 10, 16], [11, 7, 12, 6], [13, 22, 14, 23], [15, 11, 16, 10], [24, 18, 1, 17], [2, 20, 3, 19], [21, 14, 22, 15], [4, 24, 5, 23]]"
12n_0112_38,"[[4, 24, 5, 23], [20, 2, 21, 1], [18, 4, 19, 3], [5, 9, 6, 8], [7, 13, 8, 12], [9, 17, 10, 16], [11, 7, 12, 6], [13, 22, 14, 23], [15, 11, 16, 10], [24, 18, 1, 17], [2, 20, 3, 19], [21, 14, 22, 15]]"
12n_0112_39,"[[21, 14, 22, 15], [4, 24, 5, 23], [20, 2, 21, 1], [18, 4, 19, 3], [5, 9, 6, 8], [7, 13, 8, 12], [9, 17, 10, 16], [11, 7, 12, 6], [13, 22, 14, 23], [15, 11, 16, 10], [24, 18, 1, 17], [2, 20, 3, 19]]"
12n_0112_40,"[[2, 20, 3, 19], [21, 14, 22, 15], [4, 24, 5, 23], [20, 2, 21, 1], [18, 4, 19, 3], [5, 9, 6, 8], [7, 13, 8, 12], [9, 17, 10, 16], [11, 7, 12, 6], [13, 22, 14, 23], [15, 11, 16, 10], [24, 18, 1, 17]]"
12n_0112_41,"[[24, 18, 1, 17], [2, 20, 3, 19], [21, 14, 22, 15], [4, 24, 5, 23], [20, 2, 21, 1], [18, 4, 19, 3], [5, 9, 6, 8], [7, 13, 8, 12], [9, 17, 10, 16], [11, 7, 12, 6], [13, 22, 14, 23], [15, 11, 16, 10]]"
12n_0112_42,"[[15, 11, 16, 10], [24, 18, 1, 17], [2, 20, 3, 19], [21, 14, 22, 15], [4, 24, 5, 23], [20, 2, 21, 1], [18, 4, 19, 3], [5, 9, 6, 8], [7, 13, 8, 12], [9, 17, 10, 16], [11, 7, 12, 6], [13, 22, 14, 23]]"
12n_0112_43,"[[13, 22, 14, 23], [15, 11, 16, 10], [24, 18, 1, 17], [2, 20, 3, 19], [21, 14, 22, 15], [4, 24, 5, 23], [20, 2, 21, 1], [18, 4, 19, 3], [5, 9, 6, 8], [7, 13, 8, 12], [9, 17, 10, 16], [11, 7, 12, 6]]"
12n_0112_44,"[[11, 7, 12, 6], [13, 22, 14, 23], [15, 11, 16, 10], [24, 18, 1, 17], [2, 20, 3, 19], [21, 14, 22, 15], [4, 24, 5, 23], [20, 2, 21, 1], [18, 4, 19, 3], [5, 9, 6, 8], [7, 13, 8, 12], [9, 17, 10, 16]]"
12n_0112_45,"[[9, 17, 10, 16], [11, 7, 12, 6], [13, 22, 14, 23], [15, 11, 16, 10], [24, 18, 1, 17], [2, 20, 3, 19], [21, 14, 22, 15], [4, 24, 5, 23], [20, 2, 21, 1], [18, 4, 19, 3], [5, 9, 6, 8], [7, 13, 8, 12]]"
12n_0112_46,"[[7, 13, 8, 12], [9, 17, 10, 16], [11, 7, 12, 6], [13, 22, 14, 23], [15, 11, 16, 10], [24, 18, 1, 17], [2, 20, 3, 19], [21, 14, 22, 15], [4, 24, 5, 23], [20, 2, 21, 1], [18, 4, 19, 3], [5, 9, 6, 8]]"
12n_0112_47,"[[5, 9, 6, 8], [7, 13, 8, 12], [9, 17, 10, 16], [11, 7, 12, 6], [13, 22, 14, 23], [15, 11, 16, 10], [24, 18, 1, 17], [2, 20, 3, 19], [21, 14, 22, 15], [4, 24, 5, 23], [20, 2, 21, 1], [18, 4, 19, 3]]"
12n_0112_48,"[[19, 5, 20, 4], [6, 10, 7, 9], [8, 14, 9, 13], [10, 18, 11, 17], [12, 8, 13, 7], [14, 23, 15, 24], [16, 12, 17, 11], [1, 19, 2, 18], [3, 21, 4, 20], [22, 15, 23, 16], [5, 1, 6, 24], [21, 3, 22, 2]]"
12n_0112_49,"[[21, 3, 22, 2], [19, 5, 20, 4], [6, 10, 7, 9], [8, 14, 9, 13], [10, 18, 11, 17], [12, 8, 13, 7], [14, 23, 15, 24], [16, 12, 17, 11], [1, 19, 2, 18], [3, 21, 4, 20], [22, 15, 23, 16], [5, 1, 6, 24]]"
12n_0112_50,"[[5, 1, 6, 24], [21, 3, 22, 2], [19, 5, 20, 4], [6, 10, 7, 9], [8, 14, 9, 13], [10, 18, 11, 17], [12, 8, 13, 7], [14, 23, 15, 24], [16, 12, 17, 11], [1, 19, 2, 18], [3, 21, 4, 20], [22, 15, 23, 16]]"
12n_0112_51,"[[22, 15, 23, 16], [5, 1, 6, 24], [21, 3, 22, 2], [19, 5, 20, 4], [6, 10, 7, 9], [8, 14, 9, 13], [10, 18, 11, 17], [12, 8, 13, 7], [14, 23, 15, 24], [16, 12, 17, 11], [1, 19, 2, 18], [3, 21, 4, 20]]"
12n_0112_52,"[[3, 21, 4, 20], [22, 15, 23, 16], [5, 1, 6, 24], [21, 3, 22, 2], [19, 5, 20, 4], [6, 10, 7, 9], [8, 14, 9, 13], [10, 18, 11, 17], [12, 8, 13, 7], [14, 23, 15, 24], [16, 12, 17, 11], [1, 19, 2, 18]]"
12n_0112_53,"[[1, 19, 2, 18], [3, 21, 4, 20], [22, 15, 23, 16], [5, 1, 6, 24], [21, 3, 22, 2], [19, 5, 20, 4], [6, 10, 7, 9], [8, 14, 9, 13], [10, 18, 11, 17], [12, 8, 13, 7], [14, 23, 15, 24], [16, 12, 17, 11]]"
12n_0112_54,"[[16, 12, 17, 11], [1, 19, 2, 18], [3, 21, 4, 20], [22, 15, 23, 16], [5, 1, 6, 24], [21, 3, 22, 2], [19, 5, 20, 4], [6, 10, 7, 9], [8, 14, 9, 13], [10, 18, 11, 17], [12, 8, 13, 7], [14, 23, 15, 24]]"
12n_0112_55,"[[14, 23, 15, 24], [16, 12, 17, 11], [1, 19, 2, 18], [3, 21, 4, 20], [22, 15, 23, 16], [5, 1, 6, 24], [21, 3, 22, 2], [19, 5, 20, 4], [6, 10, 7, 9], [8, 14, 9, 13], [10, 18, 11, 17], [12, 8, 13, 7]]"
12n_0112_56,"[[12, 8, 13, 7], [14, 23, 15, 24], [16, 12, 17, 11], [1, 19, 2, 18], [3, 21, 4, 20], [22, 15, 23, 16], [5, 1, 6, 24], [21, 3, 22, 2], [19, 5, 20, 4], [6, 10, 7, 9], [8, 14, 9, 13], [10, 18, 11, 17]]"
12n_0112_57,"[[10, 18, 11, 17], [12, 8, 13, 7], [14, 23, 15, 24], [16, 12, 17, 11], [1, 19, 2, 18], [3, 21, 4, 20], [22, 15, 23, 16], [5, 1, 6, 24], [21, 3, 22, 2], [19, 5, 20, 4], [6, 10, 7, 9], [8, 14, 9, 13]]"
12n_0112_58,"[[8, 14, 9, 13], [10, 18, 11, 17], [12, 8, 13, 7], [14, 23, 15, 24], [16, 12, 17, 11], [1, 19, 2, 18], [3, 21, 4, 20], [22, 15, 23, 16], [5, 1, 6, 24], [21, 3, 22, 2], [19, 5, 20, 4], [6, 10, 7, 9]]"
12n_0112_59,"[[6, 10, 7, 9], [8, 14, 9, 13], [10, 18, 11, 17], [12, 8, 13, 7], [14, 23, 15, 24], [16, 12, 17, 11], [1, 19, 2, 18], [3, 21, 4, 20], [22, 15, 23, 16], [5, 1, 6, 24], [21, 3, 22, 2], [19, 5, 20, 4]]"
12n_0112_60,"[[20, 6, 21, 5], [7, 11, 8, 10], [9, 15, 10, 14], [11, 19, 12, 18], [13, 9, 14, 8], [15, 24, 16, 1], [17, 13, 18, 12], [2, 20, 3, 19], [4, 22, 5, 21], [23, 16, 24, 17], [6, 2, 7, 1], [22, 4, 23, 3]]"
12n_0112_61,"[[22, 4, 23, 3], [20, 6, 21, 5], [7, 11, 8, 10], [9, 15, 10, 14], [11, 19, 12, 18], [13, 9, 14, 8], [15, 24, 16, 1], [17, 13, 18, 12], [2, 20, 3, 19], [4, 22, 5, 21], [23, 16, 24, 17], [6, 2, 7, 1]]"
12n_0112_62,"[[6, 2, 7, 1], [22, 4, 23, 3], [20, 6, 21, 5], [7, 11, 8, 10], [9, 15, 10, 14], [11, 19, 12, 18], [13, 9, 14, 8], [15, 24, 16, 1], [17, 13, 18, 12], [2, 20, 3, 19], [4, 22, 5, 21], [23, 16, 24, 17]]"
12n_0112_63,"[[23, 16, 24, 17], [6, 2, 7, 1], [22, 4, 23, 3], [20, 6, 21, 5], [7, 11, 8, 10], [9, 15, 10, 14], [11, 19, 12, 18], [13, 9, 14, 8], [15, 24, 16, 1], [17, 13, 18, 12], [2, 20, 3, 19], [4, 22, 5, 21]]"
12n_0112_64,"[[4, 22, 5, 21], [23, 16, 24, 17], [6, 2, 7, 1], [22, 4, 23, 3], [20, 6, 21, 5], [7, 11, 8, 10], [9, 15, 10, 14], [11, 19, 12, 18], [13, 9, 14, 8], [15, 24, 16, 1], [17, 13, 18, 12], [2, 20, 3, 19]]"
12n_0112_65,"[[2, 20, 3, 19], [4, 22, 5, 21], [23, 16, 24, 17], [6, 2, 7, 1], [22, 4, 23, 3], [20, 6, 21, 5], [7, 11, 8, 10], [9, 15, 10, 14], [11, 19, 12, 18], [13, 9, 14, 8], [15, 24, 16, 1], [17, 13, 18, 12]]"
12n_0112_66,"[[17, 13, 18, 12], [2, 20, 3, 19], [4, 22, 5, 21], [23, 16, 24, 17], [6, 2, 7, 1], [22, 4, 23, 3], [20, 6, 21, 5], [7, 11, 8, 10], [9, 15, 10, 14], [11, 19, 12, 18], [13, 9, 14, 8], [15, 24, 16, 1]]"
12n_0112_67,"[[15, 24, 16, 1], [17, 13, 18, 12], [2, 20, 3, 19], [4, 22, 5, 21], [23, 16, 24, 17], [6, 2, 7, 1], [22, 4, 23, 3], [20, 6, 21, 5], [7, 11, 8, 10], [9, 15, 10, 14], [11, 19, 12, 18], [13, 9, 14, 8]]"
12n_0112_68,"[[13, 9, 14, 8], [15, 24, 16, 1], [17, 13, 18, 12], [2, 20, 3, 19], [4, 22, 5, 21], [23, 16, 24, 17], [6, 2, 7, 1], [22, 4, 23, 3], [20, 6, 21, 5], [7, 11, 8, 10], [9, 15, 10, 14], [11, 19, 12, 18]]"
12n_0112_69,"[[11, 19, 12, 18], [13, 9, 14, 8], [15, 24, 16, 1], [17, 13, 18, 12], [2, 20, 3, 19], [4, 22, 5, 21], [23, 16, 24, 17], [6, 2, 7, 1], [22, 4, 23, 3], [20, 6, 21, 5], [7, 11, 8, 10], [9, 15, 10, 14]]"
12n_0112_70,"[[9, 15, 10, 14], [11, 19, 12, 18], [13, 9, 14, 8], [15, 24, 16, 1], [17, 13, 18, 12], [2, 20, 3, 19], [4, 22, 5, 21], [23, 16, 24, 17], [6, 2, 7, 1], [22, 4, 23, 3], [20, 6, 21, 5], [7, 11, 8, 10]]"
12n_0112_71,"[[7, 11, 8, 10], [9, 15, 10, 14], [11, 19, 12, 18], [13, 9, 14, 8], [15, 24, 16, 1], [17, 13, 18, 12], [2, 20, 3, 19], [4, 22, 5, 21], [23, 16, 24, 17], [6, 2, 7, 1], [22, 4, 23, 3], [20, 6, 21, 5]]"
12n_0112_72,"[[21, 7, 22, 6], [8, 12, 9, 11], [10, 16, 11, 15], [12, 20, 13, 19], [14, 10, 15, 9], [16, 1, 17, 2], [18, 14, 19, 13], [3, 21, 4, 20], [5, 23, 6, 22], [24, 17, 1, 18], [7, 3, 8, 2], [23, 5, 24, 4]]"
12n_0112_73,"[[23, 5, 24, 4], [21, 7, 22, 6], [8, 12, 9, 11], [10, 16, 11, 15], [12, 20, 13, 19], [14, 10, 15, 9], [16, 1, 17, 2], [18, 14, 19, 13], [3, 21, 4, 20], [5, 23, 6, 22], [24, 17, 1, 18], [7, 3, 8, 2]]"
12n_0112_74,"[[7, 3, 8, 2], [23, 5, 24, 4], [21, 7, 22, 6], [8, 12, 9, 11], [10, 16, 11, 15], [12, 20, 13, 19], [14, 10, 15, 9], [16, 1, 17, 2], [18, 14, 19, 13], [3, 21, 4, 20], [5, 23, 6, 22], [24, 17, 1, 18]]"
12n_0112_75,"[[24, 17, 1, 18], [7, 3, 8, 2], [23, 5, 24, 4], [21, 7, 22, 6], [8, 12, 9, 11], [10, 16, 11, 15], [12, 20, 13, 19], [14, 10, 15, 9], [16, 1, 17, 2], [18, 14, 19, 13], [3, 21, 4, 20], [5, 23, 6, 22]]"
12n_0112_76,"[[5, 23, 6, 22], [24, 17, 1, 18], [7, 3, 8, 2], [23, 5, 24, 4], [21, 7, 22, 6], [8, 12, 9, 11], [10, 16, 11, 15], [12, 20, 13, 19], [14, 10, 15, 9], [16, 1, 17, 2], [18, 14, 19, 13], [3, 21, 4, 20]]"
12n_0112_77,"[[3, 21, 4, 20], [5, 23, 6, 22], [24, 17, 1, 18], [7, 3, 8, 2], [23, 5, 24, 4], [21, 7, 22, 6], [8, 12, 9, 11], [10, 16, 11, 15], [12, 20, 13, 19], [14, 10, 15, 9], [16, 1, 17, 2], [18, 14, 19, 13]]"
12n_0112_78,"[[18, 14, 19, 13], [3, 21, 4, 20], [5, 23, 6, 22], [24, 17, 1, 18], [7, 3, 8, 2], [23, 5, 24, 4], [21, 7, 22, 6], [8, 12, 9, 11], [10, 16, 11, 15], [12, 20, 13, 19], [14, 10, 15, 9], [16, 1, 17, 2]]"
12n_0112_79,"[[16, 1, 17, 2], [18, 14, 19, 13], [3, 21, 4, 20], [5, 23, 6, 22], [24, 17, 1, 18], [7, 3, 8, 2], [23, 5, 24, 4], [21, 7, 22, 6], [8, 12, 9, 11], [10, 16, 11, 15], [12, 20, 13, 19], [14, 10, 15, 9]]"
12n_0112_80,"[[14, 10, 15, 9], [16, 1, 17, 2], [18, 14, 19, 13], [3, 21, 4, 20], [5, 23, 6, 22], [24, 17, 1, 18], [7, 3, 8, 2], [23, 5, 24, 4], [21, 7, 22, 6], [8, 12, 9, 11], [10, 16, 11, 15], [12, 20, 13, 19]]"
12n_0112_81,"[[12, 20, 13, 19], [14, 10, 15, 9], [16, 1, 17, 2], [18, 14, 19, 13], [3, 21, 4, 20], [5, 23, 6, 22], [24, 17, 1, 18], [7, 3, 8, 2], [23, 5, 24, 4], [21, 7, 22, 6], [8, 12, 9, 11], [10, 16, 11, 15]]"
12n_0112_82,"[[10, 16, 11, 15], [12, 20, 13, 19], [14, 10, 15, 9], [16, 1, 17, 2], [18, 14, 19, 13], [3, 21, 4, 20], [5, 23, 6, 22], [24, 17, 1, 18], [7, 3, 8, 2], [23, 5, 24, 4], [21, 7, 22, 6], [8, 12, 9, 11]]"
12n_0112_83,"[[8, 12, 9, 11], [10, 16, 11, 15], [12, 20, 13, 19], [14, 10, 15, 9], [16, 1, 17, 2], [18, 14, 19, 13], [3, 21, 4, 20], [5, 23, 6, 22], [24, 17, 1, 18], [7, 3, 8, 2], [23, 5, 24, 4], [21, 7, 22, 6]]"
12n_0112_84,"[[22, 8, 23, 7], [9, 13, 10, 12], [11, 17, 12, 16], [13, 21, 14, 20], [15, 11, 16, 10], [17, 2, 18, 3], [19, 15, 20, 14], [4, 22, 5, 21], [6, 24, 7, 23], [1, 18, 2, 19], [8, 4, 9, 3], [24, 6, 1, 5]]"
12n_0112_85,"[[24, 6, 1, 5], [22, 8, 23, 7], [9, 13, 10, 12], [11, 17, 12, 16], [13, 21, 14, 20], [15, 11, 16, 10], [17, 2, 18, 3], [19, 15, 20, 14], [4, 22, 5, 21], [6, 24, 7, 23], [1, 18, 2, 19], [8, 4, 9, 3]]"
12n_0112_86,"[[8, 4, 9, 3], [24, 6, 1, 5], [22, 8, 23, 7], [9, 13, 10, 12], [11, 17, 12, 16], [13, 21, 14, 20], [15, 11, 16, 10], [17, 2, 18, 3], [19, 15, 20, 14], [4, 22, 5, 21], [6, 24, 7, 23], [1, 18, 2, 19]]"
12n_0112_87,"[[1, 18, 2, 19], [8, 4, 9, 3], [24, 6, 1, 5], [22, 8, 23, 7], [9, 13, 10, 12], [11, 17, 12, 16], [13, 21, 14, 20], [15, 11, 16, 10], [17, 2, 18, 3], [19, 15, 20, 14], [4, 22, 5, 21], [6, 24, 7, 23]]"
12n_0112_88,"[[6, 24, 7, 23], [1, 18, 2, 19], [8, 4, 9, 3], [24, 6, 1, 5], [22, 8, 23, 7], [9, 13, 10, 12], [11, 17, 12, 16], [13, 21, 14, 20], [15, 11, 16, 10], [17, 2, 18, 3], [19, 15, 20, 14], [4, 22, 5, 21]]"
12n_0112_89,"[[4, 22, 5, 21], [6, 24, 7, 23], [1, 18, 2, 19], [8, 4, 9, 3], [24, 6, 1, 5], [22, 8, 23, 7], [9, 13, 10, 12], [11, 17, 12, 16], [13, 21, 14, 20], [15, 11, 16, 10], [17, 2, 18, 3], [19, 15, 20, 14]]"
12n_0112_90,"[[19, 15, 20, 14], [4, 22, 5, 21], [6, 24, 7, 23], [1, 18, 2, 19], [8, 4, 9, 3], [24, 6, 1, 5], [22, 8, 23, 7], [9, 13, 10, 12], [11, 17, 12, 16], [13, 21, 14, 20], [15, 11, 16, 10], [17, 2, 18, 3]]"
12n_0112_91,"[[17, 2, 18, 3], [19, 15, 20, 14], [4, 22, 5, 21], [6, 24, 7, 23], [1, 18, 2, 19], [8, 4, 9, 3], [24, 6, 1, 5], [22, 8, 23, 7], [9, 13, 10, 12], [11, 17, 12, 16], [13, 21, 14, 20], [15, 11, 16, 10]]"
12n_0112_92,"[[15, 11, 16, 10], [17, 2, 18, 3], [19, 15, 20, 14], [4, 22, 5, 21], [6, 24, 7, 23], [1, 18, 2, 19], [8, 4, 9, 3], [24, 6, 1, 5], [22, 8, 23, 7], [9, 13, 10, 12], [11, 17, 12, 16], [13, 21, 14, 20]]"
12n_0112_93,"[[13, 21, 14, 20], [15, 11, 16, 10], [17, 2, 18, 3], [19, 15, 20, 14], [4, 22, 5, 21], [6, 24, 7, 23], [1, 18, 2, 19], [8, 4, 9, 3], [24, 6, 1, 5], [22, 8, 23, 7], [9, 13, 10, 12], [11, 17, 12, 16]]"
12n_0112_94,"[[11, 17, 12, 16], [13, 21, 14, 20], [15, 11, 16, 10], [17, 2, 18, 3], [19, 15, 20, 14], [4, 22, 5, 21], [6, 24, 7, 23], [1, 18, 2, 19], [8, 4, 9, 3], [24, 6, 1, 5], [22, 8, 23, 7], [9, 13, 10, 12]]"
12n_0112_95,"[[9, 13, 10, 12], [11, 17, 12, 16], [13, 21, 14, 20], [15, 11, 16, 10], [17, 2, 18, 3], [19, 15, 20, 14], [4, 22, 5, 21], [6, 24, 7, 23], [1, 18, 2, 19], [8, 4, 9, 3], [24, 6, 1, 5], [22, 8, 23, 7]]"
12n_0112_96,"[[23, 9, 24, 8], [10, 14, 11, 13], [12, 18, 13, 17], [14, 22, 15, 21], [16, 12, 17, 11], [18, 3, 19, 4], [20, 16, 21, 15], [5, 23, 6, 22], [7, 1, 8, 24], [2, 19, 3, 20], [9, 5, 10, 4], [1, 7, 2, 6]]"
12n_0112_97,"[[1, 7, 2, 6], [23, 9, 24, 8], [10, 14, 11, 13], [12, 18, 13, 17], [14, 22, 15, 21], [16, 12, 17, 11], [18, 3, 19, 4], [20, 16, 21, 15], [5, 23, 6, 22], [7, 1, 8, 24], [2, 19, 3, 20], [9, 5, 10, 4]]"
12n_0112_98,"[[9, 5, 10, 4], [1, 7, 2, 6], [23, 9, 24, 8], [10, 14, 11, 13], [12, 18, 13, 17], [14, 22, 15, 21], [16, 12, 17, 11], [18, 3, 19, 4], [20, 16, 21, 15], [5, 23, 6, 22], [7, 1, 8, 24], [2, 19, 3, 20]]"
12n_0112_99,"[[2, 19, 3, 20], [9, 5, 10, 4], [1, 7, 2, 6], [23, 9, 24, 8], [10, 14, 11, 13], [12, 18, 13, 17], [14, 22, 15, 21], [16, 12, 17, 11], [18, 3, 19, 4], [20, 16, 21, 15], [5, 23, 6, 22], [7, 1, 8, 24]]"
12n_0112_100,"[[7, 1, 8, 24], [2, 19, 3, 20], [9, 5, 10, 4], [1, 7, 2, 6], [23, 9, 24, 8], [10, 14, 11, 13], [12, 18, 13, 17], [14, 22, 15, 21], [16, 12, 17, 11], [18, 3, 19, 4], [20, 16, 21, 15], [5, 23, 6, 22]]"
12n_0112_101,"[[5, 23, 6, 22], [7, 1, 8, 24], [2, 19, 3, 20], [9, 5, 10, 4], [1, 7, 2, 6], [23, 9, 24, 8], [10, 14, 11, 13], [12, 18, 13, 17], [14, 22, 15, 21], [16, 12, 17, 11], [18, 3, 19, 4], [20, 16, 21, 15]]"
12n_0112_102,"[[20, 16, 21, 15], [5, 23, 6, 22], [7, 1, 8, 24], [2, 19, 3, 20], [9, 5, 10, 4], [1, 7, 2, 6], [23, 9, 24, 8], [10, 14, 11, 13], [12, 18, 13, 17], [14, 22, 15, 21], [16, 12, 17, 11], [18, 3, 19, 4]]"
12n_0112_103,"[[18, 3, 19, 4], [20, 16, 21, 15], [5, 23, 6, 22], [7, 1, 8, 24], [2, 19, 3, 20], [9, 5, 10, 4], [1, 7, 2, 6], [23, 9, 24, 8], [10, 14, 11, 13], [12, 18, 13, 17], [14, 22, 15, 21], [16, 12, 17, 11]]"
12n_0112_104,"[[16, 12, 17, 11], [18, 3, 19, 4], [20, 16, 21, 15], [5, 23, 6, 22], [7, 1, 8, 24], [2, 19, 3, 20], [9, 5, 10, 4], [1, 7, 2, 6], [23, 9, 24, 8], [10, 14, 11, 13], [12, 18, 13, 17], [14, 22, 15, 21]]"
12n_0112_105,"[[14, 22, 15, 21], [16, 12, 17, 11], [18, 3, 19, 4], [20, 16, 21, 15], [5, 23, 6, 22], [7, 1, 8, 24], [2, 19, 3, 20], [9, 5, 10, 4], [1, 7, 2, 6], [23, 9, 24, 8], [10, 14, 11, 13], [12, 18, 13, 17]]"
12n_0112_106,"[[12, 18, 13, 17], [14, 22, 15, 21], [16, 12, 17, 11], [18, 3, 19, 4], [20, 16, 21, 15], [5, 23, 6, 22], [7, 1, 8, 24], [2, 19, 3, 20], [9, 5, 10, 4], [1, 7, 2, 6], [23, 9, 24, 8], [10, 14, 11, 13]]"
12n_0112_107,"[[10, 14, 11, 13], [12, 18, 13, 17], [14, 22, 15, 21], [16, 12, 17, 11], [18, 3, 19, 4], [20, 16, 21, 15], [5, 23, 6, 22], [7, 1, 8, 24], [2, 19, 3, 20], [9, 5, 10, 4], [1, 7, 2, 6], [23, 9, 24, 8]]"
12n_0112_108,"[[24, 10, 1, 9], [11, 15, 12, 14], [13, 19, 14, 18], [15, 23, 16, 22], [17, 13, 18, 12], [19, 4, 20, 5], [21, 17, 22, 16], [6, 24, 7, 23], [8, 2, 9, 1], [3, 20, 4, 21], [10, 6, 11, 5], [2, 8, 3, 7]]"
12n_0112_109,"[[2, 8, 3, 7], [24, 10, 1, 9], [11, 15, 12, 14], [13, 19, 14, 18], [15, 23, 16, 22], [17, 13, 18, 12], [19, 4, 20, 5], [21, 17, 22, 16], [6, 24, 7, 23], [8, 2, 9, 1], [3, 20, 4, 21], [10, 6, 11, 5]]"
12n_0112_110,"[[10, 6, 11, 5], [2, 8, 3, 7], [24, 10, 1, 9], [11, 15, 12, 14], [13, 19, 14, 18], [15, 23, 16, 22], [17, 13, 18, 12], [19, 4, 20, 5], [21, 17, 22, 16], [6, 24, 7, 23], [8, 2, 9, 1], [3, 20, 4, 21]]"
12n_0112_111,"[[3, 20, 4, 21], [10, 6, 11, 5], [2, 8, 3, 7], [24, 10, 1, 9], [11, 15, 12, 14], [13, 19, 14, 18], [15, 23, 16, 22], [17, 13, 18, 12], [19, 4, 20, 5], [21, 17, 22, 16], [6, 24, 7, 23], [8, 2, 9, 1]]"
12n_0112_112,"[[8, 2, 9, 1], [3, 20, 4, 21], [10, 6, 11, 5], [2, 8, 3, 7], [24, 10, 1, 9], [11, 15, 12, 14], [13, 19, 14, 18], [15, 23, 16, 22], [17, 13, 18, 12], [19, 4, 20, 5], [21, 17, 22, 16], [6, 24, 7, 23]]"
12n_0112_113,"[[6, 24, 7, 23], [8, 2, 9, 1], [3, 20, 4, 21], [10, 6, 11, 5], [2, 8, 3, 7], [24, 10, 1, 9], [11, 15, 12, 14], [13, 19, 14, 18], [15, 23, 16, 22], [17, 13, 18, 12], [19, 4, 20, 5], [21, 17, 22, 16]]"
12n_0112_114,"[[21, 17, 22, 16], [6, 24, 7, 23], [8, 2, 9, 1], [3, 20, 4, 21], [10, 6, 11, 5], [2, 8, 3, 7], [24, 10, 1, 9], [11, 15, 12, 14], [13, 19, 14, 18], [15, 23, 16, 22], [17, 13, 18, 12], [19, 4, 20, 5]]"
12n_0112_115,"[[19, 4, 20, 5], [21, 17, 22, 16], [6, 24, 7, 23], [8, 2, 9, 1], [3, 20, 4, 21], [10, 6, 11, 5], [2, 8, 3, 7], [24, 10, 1, 9], [11, 15, 12, 14], [13, 19, 14, 18], [15, 23, 16, 22], [17, 13, 18, 12]]"
12n_0112_116,"[[17, 13, 18, 12], [19, 4, 20, 5], [21, 17, 22, 16], [6, 24, 7, 23], [8, 2, 9, 1], [3, 20, 4, 21], [10, 6, 11, 5], [2, 8, 3, 7], [24, 10, 1, 9], [11, 15, 12, 14], [13, 19, 14, 18], [15, 23, 16, 22]]"
12n_0112_117,"[[15, 23, 16, 22], [17, 13, 18, 12], [19, 4, 20, 5], [21, 17, 22, 16], [6, 24, 7, 23], [8, 2, 9, 1], [3, 20, 4, 21], [10, 6, 11, 5], [2, 8, 3, 7], [24, 10, 1, 9], [11, 15, 12, 14], [13, 19, 14, 18]]"
12n_0112_118,"[[13, 19, 14, 18], [15, 23, 16, 22], [17, 13, 18, 12], [19, 4, 20, 5], [21, 17, 22, 16], [6, 24, 7, 23], [8, 2, 9, 1], [3, 20, 4, 21], [10, 6, 11, 5], [2, 8, 3, 7], [24, 10, 1, 9], [11, 15, 12, 14]]"
12n_0112_119,"[[11, 15, 12, 14], [13, 19, 14, 18], [15, 23, 16, 22], [17, 13, 18, 12], [19, 4, 20, 5], [21, 17, 22, 16], [6, 24, 7, 23], [8, 2, 9, 1], [3, 20, 4, 21], [10, 6, 11, 5], [2, 8, 3, 7], [24, 10, 1, 9]]"
12n_0112_120,"[[1, 11, 2, 10], [12, 16, 13, 15], [14, 20, 15, 19], [16, 24, 17, 23], [18, 14, 19, 13], [20, 5, 21, 6], [22, 18, 23, 17], [7, 1, 8, 24], [9, 3, 10, 2], [4, 21, 5, 22], [11, 7, 12, 6], [3, 9, 4, 8]]"
12n_0112_121,"[[3, 9, 4, 8], [1, 11, 2, 10], [12, 16, 13, 15], [14, 20, 15, 19], [16, 24, 17, 23], [18, 14, 19, 13], [20, 5, 21, 6], [22, 18, 23, 17], [7, 1, 8, 24], [9, 3, 10, 2], [4, 21, 5, 22], [11, 7, 12, 6]]"
12n_0112_122,"[[11, 7, 12, 6], [3, 9, 4, 8], [1, 11, 2, 10], [12, 16, 13, 15], [14, 20, 15, 19], [16, 24, 17, 23], [18, 14, 19, 13], [20, 5, 21, 6], [22, 18, 23, 17], [7, 1, 8, 24], [9, 3, 10, 2], [4, 21, 5, 22]]"
12n_0112_123,"[[4, 21, 5, 22], [11, 7, 12, 6], [3, 9, 4, 8], [1, 11, 2, 10], [12, 16, 13, 15], [14, 20, 15, 19], [16, 24, 17, 23], [18, 14, 19, 13], [20, 5, 21, 6], [22, 18, 23, 17], [7, 1, 8, 24], [9, 3, 10, 2]]"
12n_0112_124,"[[9, 3, 10, 2], [4, 21, 5, 22], [11, 7, 12, 6], [3, 9, 4, 8], [1, 11, 2, 10], [12, 16, 13, 15], [14, 20, 15, 19], [16, 24, 17, 23], [18, 14, 19, 13], [20, 5, 21, 6], [22, 18, 23, 17], [7, 1, 8, 24]]"
12n_0112_125,"[[7, 1, 8, 24], [9, 3, 10, 2], [4, 21, 5, 22], [11, 7, 12, 6], [3, 9, 4, 8], [1, 11, 2, 10], [12, 16, 13, 15], [14, 20, 15, 19], [16, 24, 17, 23], [18, 14, 19, 13], [20, 5, 21, 6], [22, 18, 23, 17]]"
12n_0112_126,"[[22, 18, 23, 17], [7, 1, 8, 24], [9, 3, 10, 2], [4, 21, 5, 22], [11, 7, 12, 6], [3, 9, 4, 8], [1, 11, 2, 10], [12, 16, 13, 15], [14, 20, 15, 19], [16, 24, 17, 23], [18, 14, 19, 13], [20, 5, 21, 6]]"
12n_0112_127,"[[20, 5, 21, 6], [22, 18, 23, 17], [7, 1, 8, 24], [9, 3, 10, 2], [4, 21, 5, 22], [11, 7, 12, 6], [3, 9, 4, 8], [1, 11, 2, 10], [12, 16, 13, 15], [14, 20, 15, 19], [16, 24, 17, 23], [18, 14, 19, 13]]"
12n_0112_128,"[[18, 14, 19, 13], [20, 5, 21, 6], [22, 18, 23, 17], [7, 1, 8, 24], [9, 3, 10, 2], [4, 21, 5, 22], [11, 7, 12, 6], [3, 9, 4, 8], [1, 11, 2, 10], [12, 16, 13, 15], [14, 20, 15, 19], [16, 24, 17, 23]]"
12n_0112_129,"[[16, 24, 17, 23], [18, 14, 19, 13], [20, 5, 21, 6], [22, 18, 23, 17], [7, 1, 8, 24], [9, 3, 10, 2], [4, 21, 5, 22], [11, 7, 12, 6], [3, 9, 4, 8], [1, 11, 2, 10], [12, 16, 13, 15], [14, 20, 15, 19]]"
12n_0112_130,"[[14, 20, 15, 19], [16, 24, 17, 23], [18, 14, 19, 13], [20, 5, 21, 6], [22, 18, 23, 17], [7, 1, 8, 24], [9, 3, 10, 2], [4, 21, 5, 22], [11, 7, 12, 6], [3, 9, 4, 8], [1, 11, 2, 10], [12, 16, 13, 15]]"
12n_0112_131,"[[12, 16, 13, 15], [14, 20, 15, 19], [16, 24, 17, 23], [18, 14, 19, 13], [20, 5, 21, 6], [22, 18, 23, 17], [7, 1, 8, 24], [9, 3, 10, 2], [4, 21, 5, 22], [11, 7, 12, 6], [3, 9, 4, 8], [1, 11, 2, 10]]"
12n_0112_132,"[[2, 12, 3, 11], [13, 17, 14, 16], [15, 21, 16, 20], [17, 1, 18, 24], [19, 15, 20, 14], [21, 6, 22, 7], [23, 19, 24, 18], [8, 2, 9, 1], [10, 4, 11, 3], [5, 22, 6, 23], [12, 8, 13, 7], [4, 10, 5, 9]]"
12n_0112_133,"[[4, 10, 5, 9], [2, 12, 3, 11], [13, 17, 14, 16], [15, 21, 16, 20], [17, 1, 18, 24], [19, 15, 20, 14], [21, 6, 22, 7], [23, 19, 24, 18], [8, 2, 9, 1], [10, 4, 11, 3], [5, 22, 6, 23], [12, 8, 13, 7]]"
12n_0112_134,"[[12, 8, 13, 7], [4, 10, 5, 9], [2, 12, 3, 11], [13, 17, 14, 16], [15, 21, 16, 20], [17, 1, 18, 24], [19, 15, 20, 14], [21, 6, 22, 7], [23, 19, 24, 18], [8, 2, 9, 1], [10, 4, 11, 3], [5, 22, 6, 23]]"
12n_0112_135,"[[5, 22, 6, 23], [12, 8, 13, 7], [4, 10, 5, 9], [2, 12, 3, 11], [13, 17, 14, 16], [15, 21, 16, 20], [17, 1, 18, 24], [19, 15, 20, 14], [21, 6, 22, 7], [23, 19, 24, 18], [8, 2, 9, 1], [10, 4, 11, 3]]"
12n_0112_136,"[[10, 4, 11, 3], [5, 22, 6, 23], [12, 8, 13, 7], [4, 10, 5, 9], [2, 12, 3, 11], [13, 17, 14, 16], [15, 21, 16, 20], [17, 1, 18, 24], [19, 15, 20, 14], [21, 6, 22, 7], [23, 19, 24, 18], [8, 2, 9, 1]]"
12n_0112_137,"[[8, 2, 9, 1], [10, 4, 11, 3], [5, 22, 6, 23], [12, 8, 13, 7], [4, 10, 5, 9], [2, 12, 3, 11], [13, 17, 14, 16], [15, 21, 16, 20], [17, 1, 18, 24], [19, 15, 20, 14], [21, 6, 22, 7], [23, 19, 24, 18]]"
12n_0112_138,"[[23, 19, 24, 18], [8, 2, 9, 1], [10, 4, 11, 3], [5, 22, 6, 23], [12, 8, 13, 7], [4, 10, 5, 9], [2, 12, 3, 11], [13, 17, 14, 16], [15, 21, 16, 20], [17, 1, 18, 24], [19, 15, 20, 14], [21, 6, 22, 7]]"
12n_0112_139,"[[21, 6, 22, 7], [23, 19, 24, 18], [8, 2, 9, 1], [10, 4, 11, 3], [5, 22, 6, 23], [12, 8, 13, 7], [4, 10, 5, 9], [2, 12, 3, 11], [13, 17, 14, 16], [15, 21, 16, 20], [17, 1, 18, 24], [19, 15, 20, 14]]"
12n_0112_140,"[[19, 15, 20, 14], [21, 6, 22, 7], [23, 19, 24, 18], [8, 2, 9, 1], [10, 4, 11, 3], [5, 22, 6, 23], [12, 8, 13, 7], [4, 10, 5, 9], [2, 12, 3, 11], [13, 17, 14, 16], [15, 21, 16, 20], [17, 1, 18, 24]]"
12n_0112_141,"[[17, 1, 18, 24], [19, 15, 20, 14], [21, 6, 22, 7], [23, 19, 24, 18], [8, 2, 9, 1], [10, 4, 11, 3], [5, 22, 6, 23], [12, 8, 13, 7], [4, 10, 5, 9], [2, 12, 3, 11], [13, 17, 14, 16], [15, 21, 16, 20]]"
12n_0112_142,"[[15, 21, 16, 20], [17, 1, 18, 24], [19, 15, 20, 14], [21, 6, 22, 7], [23, 19, 24, 18], [8, 2, 9, 1], [10, 4, 11, 3], [5, 22, 6, 23], [12, 8, 13, 7], [4, 10, 5, 9], [2, 12, 3, 11], [13, 17, 14, 16]]"
12n_0112_143,"[[13, 17, 14, 16], [15, 21, 16, 20], [17, 1, 18, 24], [19, 15, 20, 14], [21, 6, 22, 7], [23, 19, 24, 18], [8, 2, 9, 1], [10, 4, 11, 3], [5, 22, 6, 23], [12, 8, 13, 7], [4, 10, 5, 9], [2, 12, 3, 11]]"
12n_0112_144,"[[3, 13, 4, 12], [14, 18, 15, 17], [16, 22, 17, 21], [18, 2, 19, 1], [20, 16, 21, 15], [22, 7, 23, 8], [24, 20, 1, 19], [9, 3, 10, 2], [11, 5, 12, 4], [6, 23, 7, 24], [13, 9, 14, 8], [5, 11, 6, 10]]"
12n_0112_145,"[[5, 11, 6, 10], [3, 13, 4, 12], [14, 18, 15, 17], [16, 22, 17, 21], [18, 2, 19, 1], [20, 16, 21, 15], [22, 7, 23, 8], [24, 20, 1, 19], [9, 3, 10, 2], [11, 5, 12, 4], [6, 23, 7, 24], [13, 9, 14, 8]]"
12n_0112_146,"[[13, 9, 14, 8], [5, 11, 6, 10], [3, 13, 4, 12], [14, 18, 15, 17], [16, 22, 17, 21], [18, 2, 19, 1], [20, 16, 21, 15], [22, 7, 23, 8], [24, 20, 1, 19], [9, 3, 10, 2], [11, 5, 12, 4], [6, 23, 7, 24]]"
12n_0112_147,"[[6, 23, 7, 24], [13, 9, 14, 8], [5, 11, 6, 10], [3, 13, 4, 12], [14, 18, 15, 17], [16, 22, 17, 21], [18, 2, 19, 1], [20, 16, 21, 15], [22, 7, 23, 8], [24, 20, 1, 19], [9, 3, 10, 2], [11, 5, 12, 4]]"
12n_0112_148,"[[11, 5, 12, 4], [6, 23, 7, 24], [13, 9, 14, 8], [5, 11, 6, 10], [3, 13, 4, 12], [14, 18, 15, 17], [16, 22, 17, 21], [18, 2, 19, 1], [20, 16, 21, 15], [22, 7, 23, 8], [24, 20, 1, 19], [9, 3, 10, 2]]"
12n_0112_149,"[[9, 3, 10, 2], [11, 5, 12, 4], [6, 23, 7, 24], [13, 9, 14, 8], [5, 11, 6, 10], [3, 13, 4, 12], [14, 18, 15, 17], [16, 22, 17, 21], [18, 2, 19, 1], [20, 16, 21, 15], [22, 7, 23, 8], [24, 20, 1, 19]]"
12n_0112_150,"[[24, 20, 1, 19], [9, 3, 10, 2], [11, 5, 12, 4], [6, 23, 7, 24], [13, 9, 14, 8], [5, 11, 6, 10], [3, 13, 4, 12], [14, 18, 15, 17], [16, 22, 17, 21], [18, 2, 19, 1], [20, 16, 21, 15], [22, 7, 23, 8]]"
12n_0112_151,"[[22, 7, 23, 8], [24, 20, 1, 19], [9, 3, 10, 2], [11, 5, 12, 4], [6, 23, 7, 24], [13, 9, 14, 8], [5, 11, 6, 10], [3, 13, 4, 12], [14, 18, 15, 17], [16, 22, 17, 21], [18, 2, 19, 1], [20, 16, 21, 15]]"
12n_0112_152,"[[20, 16, 21, 15], [22, 7, 23, 8], [24, 20, 1, 19], [9, 3, 10, 2], [11, 5, 12, 4], [6, 23, 7, 24], [13, 9, 14, 8], [5, 11, 6, 10], [3, 13, 4, 12], [14, 18, 15, 17], [16, 22, 17, 21], [18, 2, 19, 1]]"
12n_0112_153,"[[18, 2, 19, 1], [20, 16, 21, 15], [22, 7, 23, 8], [24, 20, 1, 19], [9, 3, 10, 2], [11, 5, 12, 4], [6, 23, 7, 24], [13, 9, 14, 8], [5, 11, 6, 10], [3, 13, 4, 12], [14, 18, 15, 17], [16, 22, 17, 21]]"
12n_0112_154,"[[16, 22, 17, 21], [18, 2, 19, 1], [20, 16, 21, 15], [22, 7, 23, 8], [24, 20, 1, 19], [9, 3, 10, 2], [11, 5, 12, 4], [6, 23, 7, 24], [13, 9, 14, 8], [5, 11, 6, 10], [3, 13, 4, 12], [14, 18, 15, 17]]"
12n_0112_155,"[[14, 18, 15, 17], [16, 22, 17, 21], [18, 2, 19, 1], [20, 16, 21, 15], [22, 7, 23, 8], [24, 20, 1, 19], [9, 3, 10, 2], [11, 5, 12, 4], [6, 23, 7, 24], [13, 9, 14, 8], [5, 11, 6, 10], [3, 13, 4, 12]]"
12n_0112_156,"[[4, 14, 5, 13], [15, 19, 16, 18], [17, 23, 18, 22], [19, 3, 20, 2], [21, 17, 22, 16], [23, 8, 24, 9], [1, 21, 2, 20], [10, 4, 11, 3], [12, 6, 13, 5], [7, 24, 8, 1], [14, 10, 15, 9], [6, 12, 7, 11]]"
12n_0112_157,"[[6, 12, 7, 11], [4, 14, 5, 13], [15, 19, 16, 18], [17, 23, 18, 22], [19, 3, 20, 2], [21, 17, 22, 16], [23, 8, 24, 9], [1, 21, 2, 20], [10, 4, 11, 3], [12, 6, 13, 5], [7, 24, 8, 1], [14, 10, 15, 9]]"
12n_0112_158,"[[14, 10, 15, 9], [6, 12, 7, 11], [4, 14, 5, 13], [15, 19, 16, 18], [17, 23, 18, 22], [19, 3, 20, 2], [21, 17, 22, 16], [23, 8, 24, 9], [1, 21, 2, 20], [10, 4, 11, 3], [12, 6, 13, 5], [7, 24, 8, 1]]"
12n_0112_159,"[[7, 24, 8, 1], [14, 10, 15, 9], [6, 12, 7, 11], [4, 14, 5, 13], [15, 19, 16, 18], [17, 23, 18, 22], [19, 3, 20, 2], [21, 17, 22, 16], [23, 8, 24, 9], [1, 21, 2, 20], [10, 4, 11, 3], [12, 6, 13, 5]]"
12n_0112_160,"[[12, 6, 13, 5], [7, 24, 8, 1], [14, 10, 15, 9], [6, 12, 7, 11], [4, 14, 5, 13], [15, 19, 16, 18], [17, 23, 18, 22], [19, 3, 20, 2], [21, 17, 22, 16], [23, 8, 24, 9], [1, 21, 2, 20], [10, 4, 11, 3]]"
12n_0112_161,"[[10, 4, 11, 3], [12, 6, 13, 5], [7, 24, 8, 1], [14, 10, 15, 9], [6, 12, 7, 11], [4, 14, 5, 13], [15, 19, 16, 18], [17, 23, 18, 22], [19, 3, 20, 2], [21, 17, 22, 16], [23, 8, 24, 9], [1, 21, 2, 20]]"
12n_0112_162,"[[1, 21, 2, 20], [10, 4, 11, 3], [12, 6, 13, 5], [7, 24, 8, 1], [14, 10, 15, 9], [6, 12, 7, 11], [4, 14, 5, 13], [15, 19, 16, 18], [17, 23, 18, 22], [19, 3, 20, 2], [21, 17, 22, 16], [23, 8, 24, 9]]"
12n_0112_163,"[[23, 8, 24, 9], [1, 21, 2, 20], [10, 4, 11, 3], [12, 6, 13, 5], [7, 24, 8, 1], [14, 10, 15, 9], [6, 12, 7, 11], [4, 14, 5, 13], [15, 19, 16, 18], [17, 23, 18, 22], [19, 3, 20, 2], [21, 17, 22, 16]]"
12n_0112_164,"[[21, 17, 22, 16], [23, 8, 24, 9], [1, 21, 2, 20], [10, 4, 11, 3], [12, 6, 13, 5], [7, 24, 8, 1], [14, 10, 15, 9], [6, 12, 7, 11], [4, 14, 5, 13], [15, 19, 16, 18], [17, 23, 18, 22], [19, 3, 20, 2]]"
12n_0112_165,"[[19, 3, 20, 2], [21, 17, 22, 16], [23, 8, 24, 9], [1, 21, 2, 20], [10, 4, 11, 3], [12, 6, 13, 5], [7, 24, 8, 1], [14, 10, 15, 9], [6, 12, 7, 11], [4, 14, 5, 13], [15, 19, 16, 18], [17, 23, 18, 22]]"
12n_0112_166,"[[17, 23, 18, 22], [19, 3, 20, 2], [21, 17, 22, 16], [23, 8, 24, 9], [1, 21, 2, 20], [10, 4, 11, 3], [12, 6, 13, 5], [7, 24, 8, 1], [14, 10, 15, 9], [6, 12, 7, 11], [4, 14, 5, 13], [15, 19, 16, 18]]"
12n_0112_167,"[[15, 19, 16, 18], [17, 23, 18, 22], [19, 3, 20, 2], [21, 17, 22, 16], [23, 8, 24, 9], [1, 21, 2, 20], [10, 4, 11, 3], [12, 6, 13, 5], [7, 24, 8, 1], [14, 10, 15, 9], [6, 12, 7, 11], [4, 14, 5, 13]]"
12n_0112_168,"[[5, 15, 6, 14], [16, 20, 17, 19], [18, 24, 19, 23], [20, 4, 21, 3], [22, 18, 23, 17], [24, 9, 1, 10], [2, 22, 3, 21], [11, 5, 12, 4], [13, 7, 14, 6], [8, 1, 9, 2], [15, 11, 16, 10], [7, 13, 8, 12]]"
12n_0112_169,"[[7, 13, 8, 12], [5, 15, 6, 14], [16, 20, 17, 19], [18, 24, 19, 23], [20, 4, 21, 3], [22, 18, 23, 17], [24, 9, 1, 10], [2, 22, 3, 21], [11, 5, 12, 4], [13, 7, 14, 6], [8, 1, 9, 2], [15, 11, 16, 10]]"
12n_0112_170,"[[15, 11, 16, 10], [7, 13, 8, 12], [5, 15, 6, 14], [16, 20, 17, 19], [18, 24, 19, 23], [20, 4, 21, 3], [22, 18, 23, 17], [24, 9, 1, 10], [2, 22, 3, 21], [11, 5, 12, 4], [13, 7, 14, 6], [8, 1, 9, 2]]"
12n_0112_171,"[[8, 1, 9, 2], [15, 11, 16, 10], [7, 13, 8, 12], [5, 15, 6, 14], [16, 20, 17, 19], [18, 24, 19, 23], [20, 4, 21, 3], [22, 18, 23, 17], [24, 9, 1, 10], [2, 22, 3, 21], [11, 5, 12, 4], [13, 7, 14, 6]]"
12n_0112_172,"[[13, 7, 14, 6], [8, 1, 9, 2], [15, 11, 16, 10], [7, 13, 8, 12], [5, 15, 6, 14], [16, 20, 17, 19], [18, 24, 19, 23], [20, 4, 21, 3], [22, 18, 23, 17], [24, 9, 1, 10], [2, 22, 3, 21], [11, 5, 12, 4]]"
12n_0112_173,"[[11, 5, 12, 4], [13, 7, 14, 6], [8, 1, 9, 2], [15, 11, 16, 10], [7, 13, 8, 12], [5, 15, 6, 14], [16, 20, 17, 19], [18, 24, 19, 23], [20, 4, 21, 3], [22, 18, 23, 17], [24, 9, 1, 10], [2, 22, 3, 21]]"
12n_0112_174,"[[2, 22, 3, 21], [11, 5, 12, 4], [13, 7, 14, 6], [8, 1, 9, 2], [15, 11, 16, 10], [7, 13, 8, 12], [5, 15, 6, 14], [16, 20, 17, 19], [18, 24, 19, 23], [20, 4, 21, 3], [22, 18, 23, 17], [24, 9, 1, 10]]"
12n_0112_175,"[[24, 9, 1, 10], [2, 22, 3, 21], [11, 5, 12, 4], [13, 7, 14, 6], [8, 1, 9, 2], [15, 11, 16, 10], [7, 13, 8, 12], [5, 15, 6, 14], [16, 20, 17, 19], [18, 24, 19, 23], [20, 4, 21, 3], [22, 18, 23, 17]]"
12n_0112_176,"[[22, 18, 23, 17], [24, 9, 1, 10], [2, 22, 3, 21], [11, 5, 12, 4], [13, 7, 14, 6], [8, 1, 9, 2], [15, 11, 16, 10], [7, 13, 8, 12], [5, 15, 6, 14], [16, 20, 17, 19], [18, 24, 19, 23], [20, 4, 21, 3]]"
12n_0112_177,"[[20, 4, 21, 3], [22, 18, 23, 17], [24, 9, 1, 10], [2, 22, 3, 21], [11, 5, 12, 4], [13, 7, 14, 6], [8, 1, 9, 2], [15, 11, 16, 10], [7, 13, 8, 12], [5, 15, 6, 14], [16, 20, 17, 19], [18, 24, 19, 23]]"
12n_0112_178,"[[18, 24, 19, 23], [20, 4, 21, 3], [22, 18, 23, 17], [24, 9, 1, 10], [2, 22, 3, 21], [11, 5, 12, 4], [13, 7, 14, 6], [8, 1, 9, 2], [15, 11, 16, 10], [7, 13, 8, 12], [5, 15, 6, 14], [16, 20, 17, 19]]"
12n_0112_179,"[[16, 20, 17, 19], [18, 24, 19, 23], [20, 4, 21, 3], [22, 18, 23, 17], [24, 9, 1, 10], [2, 22, 3, 21], [11, 5, 12, 4], [13, 7, 14, 6], [8, 1, 9, 2], [15, 11, 16, 10], [7, 13, 8, 12], [5, 15, 6, 14]]"
12n_0112_180,"[[6, 16, 7, 15], [17, 21, 18, 20], [19, 1, 20, 24], [21, 5, 22, 4], [23, 19, 24, 18], [1, 10, 2, 11], [3, 23, 4, 22], [12, 6, 13, 5], [14, 8, 15, 7], [9, 2, 10, 3], [16, 12, 17, 11], [8, 14, 9, 13]]"
12n_0112_181,"[[8, 14, 9, 13], [6, 16, 7, 15], [17, 21, 18, 20], [19, 1, 20, 24], [21, 5, 22, 4], [23, 19, 24, 18], [1, 10, 2, 11], [3, 23, 4, 22], [12, 6, 13, 5], [14, 8, 15, 7], [9, 2, 10, 3], [16, 12, 17, 11]]"
12n_0112_182,"[[16, 12, 17, 11], [8, 14, 9, 13], [6, 16, 7, 15], [17, 21, 18, 20], [19, 1, 20, 24], [21, 5, 22, 4], [23, 19, 24, 18], [1, 10, 2, 11], [3, 23, 4, 22], [12, 6, 13, 5], [14, 8, 15, 7], [9, 2, 10, 3]]"
12n_0112_183,"[[9, 2, 10, 3], [16, 12, 17, 11], [8, 14, 9, 13], [6, 16, 7, 15], [17, 21, 18, 20], [19, 1, 20, 24], [21, 5, 22, 4], [23, 19, 24, 18], [1, 10, 2, 11], [3, 23, 4, 22], [12, 6, 13, 5], [14, 8, 15, 7]]"
12n_0112_184,"[[14, 8, 15, 7], [9, 2, 10, 3], [16, 12, 17, 11], [8, 14, 9, 13], [6, 16, 7, 15], [17, 21, 18, 20], [19, 1, 20, 24], [21, 5, 22, 4], [23, 19, 24, 18], [1, 10, 2, 11], [3, 23, 4, 22], [12, 6, 13, 5]]"
12n_0112_185,"[[12, 6, 13, 5], [14, 8, 15, 7], [9, 2, 10, 3], [16, 12, 17, 11], [8, 14, 9, 13], [6, 16, 7, 15], [17, 21, 18, 20], [19, 1, 20, 24], [21, 5, 22, 4], [23, 19, 24, 18], [1, 10, 2, 11], [3, 23, 4, 22]]"
