name,pd_notation
12n_0239_0,"[[11, 24, 12, 1], [2, 6, 3, 5], [4, 10, 5, 9], [17, 6, 18, 7], [8, 4, 9, 3], [19, 10, 20, 11], [21, 12, 22, 13], [23, 14, 24, 15], [7, 16, 8, 17], [1, 18, 2, 19], [15, 20, 16, 21], [13, 22, 14, 23]]"
12n_0239_1,"[[13, 22, 14, 23], [11, 24, 12, 1], [2, 6, 3, 5], [4, 10, 5, 9], [17, 6, 18, 7], [8, 4, 9, 3], [19, 10, 20, 11], [21, 12, 22, 13], [23, 14, 24, 15], [7, 16, 8, 17], [1, 18, 2, 19], [15, 20, 16, 21]]"
12n_0239_2,"[[15, 20, 16, 21], [13, 22, 14, 23], [11, 24, 12, 1], [2, 6, 3, 5], [4, 10, 5, 9], [17, 6, 18, 7], [8, 4, 9, 3], [19, 10, 20, 11], [21, 12, 22, 13], [23, 14, 24, 15], [7, 16, 8, 17], [1, 18, 2, 19]]"
12n_0239_3,"[[1, 18, 2, 19], [15, 20, 16, 21], [13, 22, 14, 23], [11, 24, 12, 1], [2, 6, 3, 5], [4, 10, 5, 9], [17, 6, 18, 7], [8, 4, 9, 3], [19, 10, 20, 11], [21, 12, 22, 13], [23, 14, 24, 15], [7, 16, 8, 17]]"
12n_0239_4,"[[7, 16, 8, 17], [1, 18, 2, 19], [15, 20, 16, 21], [13, 22, 14, 23], [11, 24, 12, 1], [2, 6, 3, 5], [4, 10, 5, 9], [17, 6, 18, 7], [8, 4, 9, 3], [19, 10, 20, 11], [21, 12, 22, 13], [23, 14, 24, 15]]"
12n_0239_5,"[[23, 14, 24, 15], [7, 16, 8, 17], [1, 18, 2, 19], [15, 20, 16, 21], [13, 22, 14, 23], [11, 24, 12, 1], [2, 6, 3, 5], [4, 10, 5, 9], [17, 6, 18, 7], [8, 4, 9, 3], [19, 10, 20, 11], [21, 12, 22, 13]]"
12n_0239_6,"[[21, 12, 22, 13], [23, 14, 24, 15], [7, 16, 8, 17], [1, 18, 2, 19], [15, 20, 16, 21], [13, 22, 14, 23], [11, 24, 12, 1], [2, 6, 3, 5], [4, 10, 5, 9], [17, 6, 18, 7], [8, 4, 9, 3], [19, 10, 20, 11]]"
12n_0239_7,"[[19, 10, 20, 11], [21, 12, 22, 13], [23, 14, 24, 15], [7, 16, 8, 17], [1, 18, 2, 19], [15, 20, 16, 21], [13, 22, 14, 23], [11, 24, 12, 1], [2, 6, 3, 5], [4, 10, 5, 9], [17, 6, 18, 7], [8, 4, 9, 3]]"
12n_0239_8,"[[8, 4, 9, 3], [19, 10, 20, 11], [21, 12, 22, 13], [23, 14, 24, 15], [7, 16, 8, 17], [1, 18, 2, 19], [15, 20, 16, 21], [13, 22, 14, 23], [11, 24, 12, 1], [2, 6, 3, 5], [4, 10, 5, 9], [17, 6, 18, 7]]"
12n_0239_9,"[[17, 6, 18, 7], [8, 4, 9, 3], [19, 10, 20, 11], [21, 12, 22, 13], [23, 14, 24, 15], [7, 16, 8, 17], [1, 18, 2, 19], [15, 20, 16, 21], [13, 22, 14, 23], [11, 24, 12, 1], [2, 6, 3, 5], [4, 10, 5, 9]]"
12n_0239_10,"[[4, 10, 5, 9], [17, 6, 18, 7], [8, 4, 9, 3], [19, 10, 20, 11], [21, 12, 22, 13], [23, 14, 24, 15], [7, 16, 8, 17], [1, 18, 2, 19], [15, 20, 16, 21], [13, 22, 14, 23], [11, 24, 12, 1], [2, 6, 3, 5]]"
12n_0239_11,"[[2, 6, 3, 5], [4, 10, 5, 9], [17, 6, 18, 7], [8, 4, 9, 3], [19, 10, 20, 11], [21, 12, 22, 13], [23, 14, 24, 15], [7, 16, 8, 17], [1, 18, 2, 19], [15, 20, 16, 21], [13, 22, 14, 23], [11, 24, 12, 1]]"
12n_0239_12,"[[12, 1, 13, 2], [3, 7, 4, 6], [5, 11, 6, 10], [18, 7, 19, 8], [9, 5, 10, 4], [20, 11, 21, 12], [22, 13, 23, 14], [24, 15, 1, 16], [8, 17, 9, 18], [2, 19, 3, 20], [16, 21, 17, 22], [14, 23, 15, 24]]"
12n_0239_13,"[[14, 23, 15, 24], [12, 1, 13, 2], [3, 7, 4, 6], [5, 11, 6, 10], [18, 7, 19, 8], [9, 5, 10, 4], [20, 11, 21, 12], [22, 13, 23, 14], [24, 15, 1, 16], [8, 17, 9, 18], [2, 19, 3, 20], [16, 21, 17, 22]]"
12n_0239_14,"[[16, 21, 17, 22], [14, 23, 15, 24], [12, 1, 13, 2], [3, 7, 4, 6], [5, 11, 6, 10], [18, 7, 19, 8], [9, 5, 10, 4], [20, 11, 21, 12], [22, 13, 23, 14], [24, 15, 1, 16], [8, 17, 9, 18], [2, 19, 3, 20]]"
12n_0239_15,"[[2, 19, 3, 20], [16, 21, 17, 22], [14, 23, 15, 24], [12, 1, 13, 2], [3, 7, 4, 6], [5, 11, 6, 10], [18, 7, 19, 8], [9, 5, 10, 4], [20, 11, 21, 12], [22, 13, 23, 14], [24, 15, 1, 16], [8, 17, 9, 18]]"
12n_0239_16,"[[8, 17, 9, 18], [2, 19, 3, 20], [16, 21, 17, 22], [14, 23, 15, 24], [12, 1, 13, 2], [3, 7, 4, 6], [5, 11, 6, 10], [18, 7, 19, 8], [9, 5, 10, 4], [20, 11, 21, 12], [22, 13, 23, 14], [24, 15, 1, 16]]"
12n_0239_17,"[[24, 15, 1, 16], [8, 17, 9, 18], [2, 19, 3, 20], [16, 21, 17, 22], [14, 23, 15, 24], [12, 1, 13, 2], [3, 7, 4, 6], [5, 11, 6, 10], [18, 7, 19, 8], [9, 5, 10, 4], [20, 11, 21, 12], [22, 13, 23, 14]]"
12n_0239_18,"[[22, 13, 23, 14], [24, 15, 1, 16], [8, 17, 9, 18], [2, 19, 3, 20], [16, 21, 17, 22], [14, 23, 15, 24], [12, 1, 13, 2], [3, 7, 4, 6], [5, 11, 6, 10], [18, 7, 19, 8], [9, 5, 10, 4], [20, 11, 21, 12]]"
12n_0239_19,"[[20, 11, 21, 12], [22, 13, 23, 14], [24, 15, 1, 16], [8, 17, 9, 18], [2, 19, 3, 20], [16, 21, 17, 22], [14, 23, 15, 24], [12, 1, 13, 2], [3, 7, 4, 6], [5, 11, 6, 10], [18, 7, 19, 8], [9, 5, 10, 4]]"
12n_0239_20,"[[9, 5, 10, 4], [20, 11, 21, 12], [22, 13, 23, 14], [24, 15, 1, 16], [8, 17, 9, 18], [2, 19, 3, 20], [16, 21, 17, 22], [14, 23, 15, 24], [12, 1, 13, 2], [3, 7, 4, 6], [5, 11, 6, 10], [18, 7, 19, 8]]"
12n_0239_21,"[[18, 7, 19, 8], [9, 5, 10, 4], [20, 11, 21, 12], [22, 13, 23, 14], [24, 15, 1, 16], [8, 17, 9, 18], [2, 19, 3, 20], [16, 21, 17, 22], [14, 23, 15, 24], [12, 1, 13, 2], [3, 7, 4, 6], [5, 11, 6, 10]]"
12n_0239_22,"[[5, 11, 6, 10], [18, 7, 19, 8], [9, 5, 10, 4], [20, 11, 21, 12], [22, 13, 23, 14], [24, 15, 1, 16], [8, 17, 9, 18], [2, 19, 3, 20], [16, 21, 17, 22], [14, 23, 15, 24], [12, 1, 13, 2], [3, 7, 4, 6]]"
12n_0239_23,"[[3, 7, 4, 6], [5, 11, 6, 10], [18, 7, 19, 8], [9, 5, 10, 4], [20, 11, 21, 12], [22, 13, 23, 14], [24, 15, 1, 16], [8, 17, 9, 18], [2, 19, 3, 20], [16, 21, 17, 22], [14, 23, 15, 24], [12, 1, 13, 2]]"
12n_0239_24,"[[13, 2, 14, 3], [4, 8, 5, 7], [6, 12, 7, 11], [19, 8, 20, 9], [10, 6, 11, 5], [21, 12, 22, 13], [23, 14, 24, 15], [1, 16, 2, 17], [9, 18, 10, 19], [3, 20, 4, 21], [17, 22, 18, 23], [15, 24, 16, 1]]"
12n_0239_25,"[[15, 24, 16, 1], [13, 2, 14, 3], [4, 8, 5, 7], [6, 12, 7, 11], [19, 8, 20, 9], [10, 6, 11, 5], [21, 12, 22, 13], [23, 14, 24, 15], [1, 16, 2, 17], [9, 18, 10, 19], [3, 20, 4, 21], [17, 22, 18, 23]]"
12n_0239_26,"[[17, 22, 18, 23], [15, 24, 16, 1], [13, 2, 14, 3], [4, 8, 5, 7], [6, 12, 7, 11], [19, 8, 20, 9], [10, 6, 11, 5], [21, 12, 22, 13], [23, 14, 24, 15], [1, 16, 2, 17], [9, 18, 10, 19], [3, 20, 4, 21]]"
12n_0239_27,"[[3, 20, 4, 21], [17, 22, 18, 23], [15, 24, 16, 1], [13, 2, 14, 3], [4, 8, 5, 7], [6, 12, 7, 11], [19, 8, 20, 9], [10, 6, 11, 5], [21, 12, 22, 13], [23, 14, 24, 15], [1, 16, 2, 17], [9, 18, 10, 19]]"
12n_0239_28,"[[9, 18, 10, 19], [3, 20, 4, 21], [17, 22, 18, 23], [15, 24, 16, 1], [13, 2, 14, 3], [4, 8, 5, 7], [6, 12, 7, 11], [19, 8, 20, 9], [10, 6, 11, 5], [21, 12, 22, 13], [23, 14, 24, 15], [1, 16, 2, 17]]"
12n_0239_29,"[[1, 16, 2, 17], [9, 18, 10, 19], [3, 20, 4, 21], [17, 22, 18, 23], [15, 24, 16, 1], [13, 2, 14, 3], [4, 8, 5, 7], [6, 12, 7, 11], [19, 8, 20, 9], [10, 6, 11, 5], [21, 12, 22, 13], [23, 14, 24, 15]]"
12n_0239_30,"[[23, 14, 24, 15], [1, 16, 2, 17], [9, 18, 10, 19], [3, 20, 4, 21], [17, 22, 18, 23], [15, 24, 16, 1], [13, 2, 14, 3], [4, 8, 5, 7], [6, 12, 7, 11], [19, 8, 20, 9], [10, 6, 11, 5], [21, 12, 22, 13]]"
12n_0239_31,"[[21, 12, 22, 13], [23, 14, 24, 15], [1, 16, 2, 17], [9, 18, 10, 19], [3, 20, 4, 21], [17, 22, 18, 23], [15, 24, 16, 1], [13, 2, 14, 3], [4, 8, 5, 7], [6, 12, 7, 11], [19, 8, 20, 9], [10, 6, 11, 5]]"
12n_0239_32,"[[10, 6, 11, 5], [21, 12, 22, 13], [23, 14, 24, 15], [1, 16, 2, 17], [9, 18, 10, 19], [3, 20, 4, 21], [17, 22, 18, 23], [15, 24, 16, 1], [13, 2, 14, 3], [4, 8, 5, 7], [6, 12, 7, 11], [19, 8, 20, 9]]"
12n_0239_33,"[[19, 8, 20, 9], [10, 6, 11, 5], [21, 12, 22, 13], [23, 14, 24, 15], [1, 16, 2, 17], [9, 18, 10, 19], [3, 20, 4, 21], [17, 22, 18, 23], [15, 24, 16, 1], [13, 2, 14, 3], [4, 8, 5, 7], [6, 12, 7, 11]]"
12n_0239_34,"[[6, 12, 7, 11], [19, 8, 20, 9], [10, 6, 11, 5], [21, 12, 22, 13], [23, 14, 24, 15], [1, 16, 2, 17], [9, 18, 10, 19], [3, 20, 4, 21], [17, 22, 18, 23], [15, 24, 16, 1], [13, 2, 14, 3], [4, 8, 5, 7]]"
12n_0239_35,"[[4, 8, 5, 7], [6, 12, 7, 11], [19, 8, 20, 9], [10, 6, 11, 5], [21, 12, 22, 13], [23, 14, 24, 15], [1, 16, 2, 17], [9, 18, 10, 19], [3, 20, 4, 21], [17, 22, 18, 23], [15, 24, 16, 1], [13, 2, 14, 3]]"
12n_0239_36,"[[14, 3, 15, 4], [5, 9, 6, 8], [7, 13, 8, 12], [20, 9, 21, 10], [11, 7, 12, 6], [22, 13, 23, 14], [24, 15, 1, 16], [2, 17, 3, 18], [10, 19, 11, 20], [4, 21, 5, 22], [18, 23, 19, 24], [16, 1, 17, 2]]"
12n_0239_37,"[[16, 1, 17, 2], [14, 3, 15, 4], [5, 9, 6, 8], [7, 13, 8, 12], [20, 9, 21, 10], [11, 7, 12, 6], [22, 13, 23, 14], [24, 15, 1, 16], [2, 17, 3, 18], [10, 19, 11, 20], [4, 21, 5, 22], [18, 23, 19, 24]]"
12n_0239_38,"[[18, 23, 19, 24], [16, 1, 17, 2], [14, 3, 15, 4], [5, 9, 6, 8], [7, 13, 8, 12], [20, 9, 21, 10], [11, 7, 12, 6], [22, 13, 23, 14], [24, 15, 1, 16], [2, 17, 3, 18], [10, 19, 11, 20], [4, 21, 5, 22]]"
12n_0239_39,"[[4, 21, 5, 22], [18, 23, 19, 24], [16, 1, 17, 2], [14, 3, 15, 4], [5, 9, 6, 8], [7, 13, 8, 12], [20, 9, 21, 10], [11, 7, 12, 6], [22, 13, 23, 14], [24, 15, 1, 16], [2, 17, 3, 18], [10, 19, 11, 20]]"
12n_0239_40,"[[10, 19, 11, 20], [4, 21, 5, 22], [18, 23, 19, 24], [16, 1, 17, 2], [14, 3, 15, 4], [5, 9, 6, 8], [7, 13, 8, 12], [20, 9, 21, 10], [11, 7, 12, 6], [22, 13, 23, 14], [24, 15, 1, 16], [2, 17, 3, 18]]"
12n_0239_41,"[[2, 17, 3, 18], [10, 19, 11, 20], [4, 21, 5, 22], [18, 23, 19, 24], [16, 1, 17, 2], [14, 3, 15, 4], [5, 9, 6, 8], [7, 13, 8, 12], [20, 9, 21, 10], [11, 7, 12, 6], [22, 13, 23, 14], [24, 15, 1, 16]]"
12n_0239_42,"[[24, 15, 1, 16], [2, 17, 3, 18], [10, 19, 11, 20], [4, 21, 5, 22], [18, 23, 19, 24], [16, 1, 17, 2], [14, 3, 15, 4], [5, 9, 6, 8], [7, 13, 8, 12], [20, 9, 21, 10], [11, 7, 12, 6], [22, 13, 23, 14]]"
12n_0239_43,"[[22, 13, 23, 14], [24, 15, 1, 16], [2, 17, 3, 18], [10, 19, 11, 20], [4, 21, 5, 22], [18, 23, 19, 24], [16, 1, 17, 2], [14, 3, 15, 4], [5, 9, 6, 8], [7, 13, 8, 12], [20, 9, 21, 10], [11, 7, 12, 6]]"
12n_0239_44,"[[11, 7, 12, 6], [22, 13, 23, 14], [24, 15, 1, 16], [2, 17, 3, 18], [10, 19, 11, 20], [4, 21, 5, 22], [18, 23, 19, 24], [16, 1, 17, 2], [14, 3, 15, 4], [5, 9, 6, 8], [7, 13, 8, 12], [20, 9, 21, 10]]"
12n_0239_45,"[[20, 9, 21, 10], [11, 7, 12, 6], [22, 13, 23, 14], [24, 15, 1, 16], [2, 17, 3, 18], [10, 19, 11, 20], [4, 21, 5, 22], [18, 23, 19, 24], [16, 1, 17, 2], [14, 3, 15, 4], [5, 9, 6, 8], [7, 13, 8, 12]]"
12n_0239_46,"[[7, 13, 8, 12], [20, 9, 21, 10], [11, 7, 12, 6], [22, 13, 23, 14], [24, 15, 1, 16], [2, 17, 3, 18], [10, 19, 11, 20], [4, 21, 5, 22], [18, 23, 19, 24], [16, 1, 17, 2], [14, 3, 15, 4], [5, 9, 6, 8]]"
12n_0239_47,"[[5, 9, 6, 8], [7, 13, 8, 12], [20, 9, 21, 10], [11, 7, 12, 6], [22, 13, 23, 14], [24, 15, 1, 16], [2, 17, 3, 18], [10, 19, 11, 20], [4, 21, 5, 22], [18, 23, 19, 24], [16, 1, 17, 2], [14, 3, 15, 4]]"
12n_0239_48,"[[15, 4, 16, 5], [6, 10, 7, 9], [8, 14, 9, 13], [21, 10, 22, 11], [12, 8, 13, 7], [23, 14, 24, 15], [1, 16, 2, 17], [3, 18, 4, 19], [11, 20, 12, 21], [5, 22, 6, 23], [19, 24, 20, 1], [17, 2, 18, 3]]"
12n_0239_49,"[[17, 2, 18, 3], [15, 4, 16, 5], [6, 10, 7, 9], [8, 14, 9, 13], [21, 10, 22, 11], [12, 8, 13, 7], [23, 14, 24, 15], [1, 16, 2, 17], [3, 18, 4, 19], [11, 20, 12, 21], [5, 22, 6, 23], [19, 24, 20, 1]]"
12n_0239_50,"[[19, 24, 20, 1], [17, 2, 18, 3], [15, 4, 16, 5], [6, 10, 7, 9], [8, 14, 9, 13], [21, 10, 22, 11], [12, 8, 13, 7], [23, 14, 24, 15], [1, 16, 2, 17], [3, 18, 4, 19], [11, 20, 12, 21], [5, 22, 6, 23]]"
12n_0239_51,"[[5, 22, 6, 23], [19, 24, 20, 1], [17, 2, 18, 3], [15, 4, 16, 5], [6, 10, 7, 9], [8, 14, 9, 13], [21, 10, 22, 11], [12, 8, 13, 7], [23, 14, 24, 15], [1, 16, 2, 17], [3, 18, 4, 19], [11, 20, 12, 21]]"
12n_0239_52,"[[11, 20, 12, 21], [5, 22, 6, 23], [19, 24, 20, 1], [17, 2, 18, 3], [15, 4, 16, 5], [6, 10, 7, 9], [8, 14, 9, 13], [21, 10, 22, 11], [12, 8, 13, 7], [23, 14, 24, 15], [1, 16, 2, 17], [3, 18, 4, 19]]"
12n_0239_53,"[[3, 18, 4, 19], [11, 20, 12, 21], [5, 22, 6, 23], [19, 24, 20, 1], [17, 2, 18, 3], [15, 4, 16, 5], [6, 10, 7, 9], [8, 14, 9, 13], [21, 10, 22, 11], [12, 8, 13, 7], [23, 14, 24, 15], [1, 16, 2, 17]]"
12n_0239_54,"[[1, 16, 2, 17], [3, 18, 4, 19], [11, 20, 12, 21], [5, 22, 6, 23], [19, 24, 20, 1], [17, 2, 18, 3], [15, 4, 16, 5], [6, 10, 7, 9], [8, 14, 9, 13], [21, 10, 22, 11], [12, 8, 13, 7], [23, 14, 24, 15]]"
12n_0239_55,"[[23, 14, 24, 15], [1, 16, 2, 17], [3, 18, 4, 19], [11, 20, 12, 21], [5, 22, 6, 23], [19, 24, 20, 1], [17, 2, 18, 3], [15, 4, 16, 5], [6, 10, 7, 9], [8, 14, 9, 13], [21, 10, 22, 11], [12, 8, 13, 7]]"
12n_0239_56,"[[12, 8, 13, 7], [23, 14, 24, 15], [1, 16, 2, 17], [3, 18, 4, 19], [11, 20, 12, 21], [5, 22, 6, 23], [19, 24, 20, 1], [17, 2, 18, 3], [15, 4, 16, 5], [6, 10, 7, 9], [8, 14, 9, 13], [21, 10, 22, 11]]"
12n_0239_57,"[[21, 10, 22, 11], [12, 8, 13, 7], [23, 14, 24, 15], [1, 16, 2, 17], [3, 18, 4, 19], [11, 20, 12, 21], [5, 22, 6, 23], [19, 24, 20, 1], [17, 2, 18, 3], [15, 4, 16, 5], [6, 10, 7, 9], [8, 14, 9, 13]]"
12n_0239_58,"[[8, 14, 9, 13], [21, 10, 22, 11], [12, 8, 13, 7], [23, 14, 24, 15], [1, 16, 2, 17], [3, 18, 4, 19], [11, 20, 12, 21], [5, 22, 6, 23], [19, 24, 20, 1], [17, 2, 18, 3], [15, 4, 16, 5], [6, 10, 7, 9]]"
12n_0239_59,"[[6, 10, 7, 9], [8, 14, 9, 13], [21, 10, 22, 11], [12, 8, 13, 7], [23, 14, 24, 15], [1, 16, 2, 17], [3, 18, 4, 19], [11, 20, 12, 21], [5, 22, 6, 23], [19, 24, 20, 1], [17, 2, 18, 3], [15, 4, 16, 5]]"
12n_0239_60,"[[16, 5, 17, 6], [7, 11, 8, 10], [9, 15, 10, 14], [22, 11, 23, 12], [13, 9, 14, 8], [24, 15, 1, 16], [2, 17, 3, 18], [4, 19, 5, 20], [12, 21, 13, 22], [6, 23, 7, 24], [20, 1, 21, 2], [18, 3, 19, 4]]"
12n_0239_61,"[[18, 3, 19, 4], [16, 5, 17, 6], [7, 11, 8, 10], [9, 15, 10, 14], [22, 11, 23, 12], [13, 9, 14, 8], [24, 15, 1, 16], [2, 17, 3, 18], [4, 19, 5, 20], [12, 21, 13, 22], [6, 23, 7, 24], [20, 1, 21, 2]]"
12n_0239_62,"[[20, 1, 21, 2], [18, 3, 19, 4], [16, 5, 17, 6], [7, 11, 8, 10], [9, 15, 10, 14], [22, 11, 23, 12], [13, 9, 14, 8], [24, 15, 1, 16], [2, 17, 3, 18], [4, 19, 5, 20], [12, 21, 13, 22], [6, 23, 7, 24]]"
12n_0239_63,"[[6, 23, 7, 24], [20, 1, 21, 2], [18, 3, 19, 4], [16, 5, 17, 6], [7, 11, 8, 10], [9, 15, 10, 14], [22, 11, 23, 12], [13, 9, 14, 8], [24, 15, 1, 16], [2, 17, 3, 18], [4, 19, 5, 20], [12, 21, 13, 22]]"
12n_0239_64,"[[12, 21, 13, 22], [6, 23, 7, 24], [20, 1, 21, 2], [18, 3, 19, 4], [16, 5, 17, 6], [7, 11, 8, 10], [9, 15, 10, 14], [22, 11, 23, 12], [13, 9, 14, 8], [24, 15, 1, 16], [2, 17, 3, 18], [4, 19, 5, 20]]"
12n_0239_65,"[[4, 19, 5, 20], [12, 21, 13, 22], [6, 23, 7, 24], [20, 1, 21, 2], [18, 3, 19, 4], [16, 5, 17, 6], [7, 11, 8, 10], [9, 15, 10, 14], [22, 11, 23, 12], [13, 9, 14, 8], [24, 15, 1, 16], [2, 17, 3, 18]]"
12n_0239_66,"[[2, 17, 3, 18], [4, 19, 5, 20], [12, 21, 13, 22], [6, 23, 7, 24], [20, 1, 21, 2], [18, 3, 19, 4], [16, 5, 17, 6], [7, 11, 8, 10], [9, 15, 10, 14], [22, 11, 23, 12], [13, 9, 14, 8], [24, 15, 1, 16]]"
12n_0239_67,"[[24, 15, 1, 16], [2, 17, 3, 18], [4, 19, 5, 20], [12, 21, 13, 22], [6, 23, 7, 24], [20, 1, 21, 2], [18, 3, 19, 4], [16, 5, 17, 6], [7, 11, 8, 10], [9, 15, 10, 14], [22, 11, 23, 12], [13, 9, 14, 8]]"
12n_0239_68,"[[13, 9, 14, 8], [24, 15, 1, 16], [2, 17, 3, 18], [4, 19, 5, 20], [12, 21, 13, 22], [6, 23, 7, 24], [20, 1, 21, 2], [18, 3, 19, 4], [16, 5, 17, 6], [7, 11, 8, 10], [9, 15, 10, 14], [22, 11, 23, 12]]"
12n_0239_69,"[[22, 11, 23, 12], [13, 9, 14, 8], [24, 15, 1, 16], [2, 17, 3, 18], [4, 19, 5, 20], [12, 21, 13, 22], [6, 23, 7, 24], [20, 1, 21, 2], [18, 3, 19, 4], [16, 5, 17, 6], [7, 11, 8, 10], [9, 15, 10, 14]]"
12n_0239_70,"[[9, 15, 10, 14], [22, 11, 23, 12], [13, 9, 14, 8], [24, 15, 1, 16], [2, 17, 3, 18], [4, 19, 5, 20], [12, 21, 13, 22], [6, 23, 7, 24], [20, 1, 21, 2], [18, 3, 19, 4], [16, 5, 17, 6], [7, 11, 8, 10]]"
12n_0239_71,"[[7, 11, 8, 10], [9, 15, 10, 14], [22, 11, 23, 12], [13, 9, 14, 8], [24, 15, 1, 16], [2, 17, 3, 18], [4, 19, 5, 20], [12, 21, 13, 22], [6, 23, 7, 24], [20, 1, 21, 2], [18, 3, 19, 4], [16, 5, 17, 6]]"
12n_0239_72,"[[17, 6, 18, 7], [8, 12, 9, 11], [10, 16, 11, 15], [23, 12, 24, 13], [14, 10, 15, 9], [1, 16, 2, 17], [3, 18, 4, 19], [5, 20, 6, 21], [13, 22, 14, 23], [7, 24, 8, 1], [21, 2, 22, 3], [19, 4, 20, 5]]"
12n_0239_73,"[[19, 4, 20, 5], [17, 6, 18, 7], [8, 12, 9, 11], [10, 16, 11, 15], [23, 12, 24, 13], [14, 10, 15, 9], [1, 16, 2, 17], [3, 18, 4, 19], [5, 20, 6, 21], [13, 22, 14, 23], [7, 24, 8, 1], [21, 2, 22, 3]]"
12n_0239_74,"[[21, 2, 22, 3], [19, 4, 20, 5], [17, 6, 18, 7], [8, 12, 9, 11], [10, 16, 11, 15], [23, 12, 24, 13], [14, 10, 15, 9], [1, 16, 2, 17], [3, 18, 4, 19], [5, 20, 6, 21], [13, 22, 14, 23], [7, 24, 8, 1]]"
12n_0239_75,"[[7, 24, 8, 1], [21, 2, 22, 3], [19, 4, 20, 5], [17, 6, 18, 7], [8, 12, 9, 11], [10, 16, 11, 15], [23, 12, 24, 13], [14, 10, 15, 9], [1, 16, 2, 17], [3, 18, 4, 19], [5, 20, 6, 21], [13, 22, 14, 23]]"
12n_0239_76,"[[13, 22, 14, 23], [7, 24, 8, 1], [21, 2, 22, 3], [19, 4, 20, 5], [17, 6, 18, 7], [8, 12, 9, 11], [10, 16, 11, 15], [23, 12, 24, 13], [14, 10, 15, 9], [1, 16, 2, 17], [3, 18, 4, 19], [5, 20, 6, 21]]"
12n_0239_77,"[[5, 20, 6, 21], [13, 22, 14, 23], [7, 24, 8, 1], [21, 2, 22, 3], [19, 4, 20, 5], [17, 6, 18, 7], [8, 12, 9, 11], [10, 16, 11, 15], [23, 12, 24, 13], [14, 10, 15, 9], [1, 16, 2, 17], [3, 18, 4, 19]]"
12n_0239_78,"[[3, 18, 4, 19], [5, 20, 6, 21], [13, 22, 14, 23], [7, 24, 8, 1], [21, 2, 22, 3], [19, 4, 20, 5], [17, 6, 18, 7], [8, 12, 9, 11], [10, 16, 11, 15], [23, 12, 24, 13], [14, 10, 15, 9], [1, 16, 2, 17]]"
12n_0239_79,"[[1, 16, 2, 17], [3, 18, 4, 19], [5, 20, 6, 21], [13, 22, 14, 23], [7, 24, 8, 1], [21, 2, 22, 3], [19, 4, 20, 5], [17, 6, 18, 7], [8, 12, 9, 11], [10, 16, 11, 15], [23, 12, 24, 13], [14, 10, 15, 9]]"
12n_0239_80,"[[14, 10, 15, 9], [1, 16, 2, 17], [3, 18, 4, 19], [5, 20, 6, 21], [13, 22, 14, 23], [7, 24, 8, 1], [21, 2, 22, 3], [19, 4, 20, 5], [17, 6, 18, 7], [8, 12, 9, 11], [10, 16, 11, 15], [23, 12, 24, 13]]"
12n_0239_81,"[[23, 12, 24, 13], [14, 10, 15, 9], [1, 16, 2, 17], [3, 18, 4, 19], [5, 20, 6, 21], [13, 22, 14, 23], [7, 24, 8, 1], [21, 2, 22, 3], [19, 4, 20, 5], [17, 6, 18, 7], [8, 12, 9, 11], [10, 16, 11, 15]]"
12n_0239_82,"[[10, 16, 11, 15], [23, 12, 24, 13], [14, 10, 15, 9], [1, 16, 2, 17], [3, 18, 4, 19], [5, 20, 6, 21], [13, 22, 14, 23], [7, 24, 8, 1], [21, 2, 22, 3], [19, 4, 20, 5], [17, 6, 18, 7], [8, 12, 9, 11]]"
12n_0239_83,"[[8, 12, 9, 11], [10, 16, 11, 15], [23, 12, 24, 13], [14, 10, 15, 9], [1, 16, 2, 17], [3, 18, 4, 19], [5, 20, 6, 21], [13, 22, 14, 23], [7, 24, 8, 1], [21, 2, 22, 3], [19, 4, 20, 5], [17, 6, 18, 7]]"
12n_0239_84,"[[18, 7, 19, 8], [9, 13, 10, 12], [11, 17, 12, 16], [24, 13, 1, 14], [15, 11, 16, 10], [2, 17, 3, 18], [4, 19, 5, 20], [6, 21, 7, 22], [14, 23, 15, 24], [8, 1, 9, 2], [22, 3, 23, 4], [20, 5, 21, 6]]"
12n_0239_85,"[[20, 5, 21, 6], [18, 7, 19, 8], [9, 13, 10, 12], [11, 17, 12, 16], [24, 13, 1, 14], [15, 11, 16, 10], [2, 17, 3, 18], [4, 19, 5, 20], [6, 21, 7, 22], [14, 23, 15, 24], [8, 1, 9, 2], [22, 3, 23, 4]]"
12n_0239_86,"[[22, 3, 23, 4], [20, 5, 21, 6], [18, 7, 19, 8], [9, 13, 10, 12], [11, 17, 12, 16], [24, 13, 1, 14], [15, 11, 16, 10], [2, 17, 3, 18], [4, 19, 5, 20], [6, 21, 7, 22], [14, 23, 15, 24], [8, 1, 9, 2]]"
12n_0239_87,"[[8, 1, 9, 2], [22, 3, 23, 4], [20, 5, 21, 6], [18, 7, 19, 8], [9, 13, 10, 12], [11, 17, 12, 16], [24, 13, 1, 14], [15, 11, 16, 10], [2, 17, 3, 18], [4, 19, 5, 20], [6, 21, 7, 22], [14, 23, 15, 24]]"
12n_0239_88,"[[14, 23, 15, 24], [8, 1, 9, 2], [22, 3, 23, 4], [20, 5, 21, 6], [18, 7, 19, 8], [9, 13, 10, 12], [11, 17, 12, 16], [24, 13, 1, 14], [15, 11, 16, 10], [2, 17, 3, 18], [4, 19, 5, 20], [6, 21, 7, 22]]"
12n_0239_89,"[[6, 21, 7, 22], [14, 23, 15, 24], [8, 1, 9, 2], [22, 3, 23, 4], [20, 5, 21, 6], [18, 7, 19, 8], [9, 13, 10, 12], [11, 17, 12, 16], [24, 13, 1, 14], [15, 11, 16, 10], [2, 17, 3, 18], [4, 19, 5, 20]]"
12n_0239_90,"[[4, 19, 5, 20], [6, 21, 7, 22], [14, 23, 15, 24], [8, 1, 9, 2], [22, 3, 23, 4], [20, 5, 21, 6], [18, 7, 19, 8], [9, 13, 10, 12], [11, 17, 12, 16], [24, 13, 1, 14], [15, 11, 16, 10], [2, 17, 3, 18]]"
12n_0239_91,"[[2, 17, 3, 18], [4, 19, 5, 20], [6, 21, 7, 22], [14, 23, 15, 24], [8, 1, 9, 2], [22, 3, 23, 4], [20, 5, 21, 6], [18, 7, 19, 8], [9, 13, 10, 12], [11, 17, 12, 16], [24, 13, 1, 14], [15, 11, 16, 10]]"
12n_0239_92,"[[15, 11, 16, 10], [2, 17, 3, 18], [4, 19, 5, 20], [6, 21, 7, 22], [14, 23, 15, 24], [8, 1, 9, 2], [22, 3, 23, 4], [20, 5, 21, 6], [18, 7, 19, 8], [9, 13, 10, 12], [11, 17, 12, 16], [24, 13, 1, 14]]"
12n_0239_93,"[[24, 13, 1, 14], [15, 11, 16, 10], [2, 17, 3, 18], [4, 19, 5, 20], [6, 21, 7, 22], [14, 23, 15, 24], [8, 1, 9, 2], [22, 3, 23, 4], [20, 5, 21, 6], [18, 7, 19, 8], [9, 13, 10, 12], [11, 17, 12, 16]]"
12n_0239_94,"[[11, 17, 12, 16], [24, 13, 1, 14], [15, 11, 16, 10], [2, 17, 3, 18], [4, 19, 5, 20], [6, 21, 7, 22], [14, 23, 15, 24], [8, 1, 9, 2], [22, 3, 23, 4], [20, 5, 21, 6], [18, 7, 19, 8], [9, 13, 10, 12]]"
12n_0239_95,"[[9, 13, 10, 12], [11, 17, 12, 16], [24, 13, 1, 14], [15, 11, 16, 10], [2, 17, 3, 18], [4, 19, 5, 20], [6, 21, 7, 22], [14, 23, 15, 24], [8, 1, 9, 2], [22, 3, 23, 4], [20, 5, 21, 6], [18, 7, 19, 8]]"
12n_0239_96,"[[19, 8, 20, 9], [10, 14, 11, 13], [12, 18, 13, 17], [1, 14, 2, 15], [16, 12, 17, 11], [3, 18, 4, 19], [5, 20, 6, 21], [7, 22, 8, 23], [15, 24, 16, 1], [9, 2, 10, 3], [23, 4, 24, 5], [21, 6, 22, 7]]"
12n_0239_97,"[[21, 6, 22, 7], [19, 8, 20, 9], [10, 14, 11, 13], [12, 18, 13, 17], [1, 14, 2, 15], [16, 12, 17, 11], [3, 18, 4, 19], [5, 20, 6, 21], [7, 22, 8, 23], [15, 24, 16, 1], [9, 2, 10, 3], [23, 4, 24, 5]]"
12n_0239_98,"[[23, 4, 24, 5], [21, 6, 22, 7], [19, 8, 20, 9], [10, 14, 11, 13], [12, 18, 13, 17], [1, 14, 2, 15], [16, 12, 17, 11], [3, 18, 4, 19], [5, 20, 6, 21], [7, 22, 8, 23], [15, 24, 16, 1], [9, 2, 10, 3]]"
12n_0239_99,"[[9, 2, 10, 3], [23, 4, 24, 5], [21, 6, 22, 7], [19, 8, 20, 9], [10, 14, 11, 13], [12, 18, 13, 17], [1, 14, 2, 15], [16, 12, 17, 11], [3, 18, 4, 19], [5, 20, 6, 21], [7, 22, 8, 23], [15, 24, 16, 1]]"
12n_0239_100,"[[15, 24, 16, 1], [9, 2, 10, 3], [23, 4, 24, 5], [21, 6, 22, 7], [19, 8, 20, 9], [10, 14, 11, 13], [12, 18, 13, 17], [1, 14, 2, 15], [16, 12, 17, 11], [3, 18, 4, 19], [5, 20, 6, 21], [7, 22, 8, 23]]"
12n_0239_101,"[[7, 22, 8, 23], [15, 24, 16, 1], [9, 2, 10, 3], [23, 4, 24, 5], [21, 6, 22, 7], [19, 8, 20, 9], [10, 14, 11, 13], [12, 18, 13, 17], [1, 14, 2, 15], [16, 12, 17, 11], [3, 18, 4, 19], [5, 20, 6, 21]]"
12n_0239_102,"[[5, 20, 6, 21], [7, 22, 8, 23], [15, 24, 16, 1], [9, 2, 10, 3], [23, 4, 24, 5], [21, 6, 22, 7], [19, 8, 20, 9], [10, 14, 11, 13], [12, 18, 13, 17], [1, 14, 2, 15], [16, 12, 17, 11], [3, 18, 4, 19]]"
12n_0239_103,"[[3, 18, 4, 19], [5, 20, 6, 21], [7, 22, 8, 23], [15, 24, 16, 1], [9, 2, 10, 3], [23, 4, 24, 5], [21, 6, 22, 7], [19, 8, 20, 9], [10, 14, 11, 13], [12, 18, 13, 17], [1, 14, 2, 15], [16, 12, 17, 11]]"
12n_0239_104,"[[16, 12, 17, 11], [3, 18, 4, 19], [5, 20, 6, 21], [7, 22, 8, 23], [15, 24, 16, 1], [9, 2, 10, 3], [23, 4, 24, 5], [21, 6, 22, 7], [19, 8, 20, 9], [10, 14, 11, 13], [12, 18, 13, 17], [1, 14, 2, 15]]"
12n_0239_105,"[[1, 14, 2, 15], [16, 12, 17, 11], [3, 18, 4, 19], [5, 20, 6, 21], [7, 22, 8, 23], [15, 24, 16, 1], [9, 2, 10, 3], [23, 4, 24, 5], [21, 6, 22, 7], [19, 8, 20, 9], [10, 14, 11, 13], [12, 18, 13, 17]]"
12n_0239_106,"[[12, 18, 13, 17], [1, 14, 2, 15], [16, 12, 17, 11], [3, 18, 4, 19], [5, 20, 6, 21], [7, 22, 8, 23], [15, 24, 16, 1], [9, 2, 10, 3], [23, 4, 24, 5], [21, 6, 22, 7], [19, 8, 20, 9], [10, 14, 11, 13]]"
12n_0239_107,"[[10, 14, 11, 13], [12, 18, 13, 17], [1, 14, 2, 15], [16, 12, 17, 11], [3, 18, 4, 19], [5, 20, 6, 21], [7, 22, 8, 23], [15, 24, 16, 1], [9, 2, 10, 3], [23, 4, 24, 5], [21, 6, 22, 7], [19, 8, 20, 9]]"
12n_0239_108,"[[20, 9, 21, 10], [11, 15, 12, 14], [13, 19, 14, 18], [2, 15, 3, 16], [17, 13, 18, 12], [4, 19, 5, 20], [6, 21, 7, 22], [8, 23, 9, 24], [16, 1, 17, 2], [10, 3, 11, 4], [24, 5, 1, 6], [22, 7, 23, 8]]"
12n_0239_109,"[[22, 7, 23, 8], [20, 9, 21, 10], [11, 15, 12, 14], [13, 19, 14, 18], [2, 15, 3, 16], [17, 13, 18, 12], [4, 19, 5, 20], [6, 21, 7, 22], [8, 23, 9, 24], [16, 1, 17, 2], [10, 3, 11, 4], [24, 5, 1, 6]]"
12n_0239_110,"[[24, 5, 1, 6], [22, 7, 23, 8], [20, 9, 21, 10], [11, 15, 12, 14], [13, 19, 14, 18], [2, 15, 3, 16], [17, 13, 18, 12], [4, 19, 5, 20], [6, 21, 7, 22], [8, 23, 9, 24], [16, 1, 17, 2], [10, 3, 11, 4]]"
12n_0239_111,"[[10, 3, 11, 4], [24, 5, 1, 6], [22, 7, 23, 8], [20, 9, 21, 10], [11, 15, 12, 14], [13, 19, 14, 18], [2, 15, 3, 16], [17, 13, 18, 12], [4, 19, 5, 20], [6, 21, 7, 22], [8, 23, 9, 24], [16, 1, 17, 2]]"
12n_0239_112,"[[16, 1, 17, 2], [10, 3, 11, 4], [24, 5, 1, 6], [22, 7, 23, 8], [20, 9, 21, 10], [11, 15, 12, 14], [13, 19, 14, 18], [2, 15, 3, 16], [17, 13, 18, 12], [4, 19, 5, 20], [6, 21, 7, 22], [8, 23, 9, 24]]"
12n_0239_113,"[[8, 23, 9, 24], [16, 1, 17, 2], [10, 3, 11, 4], [24, 5, 1, 6], [22, 7, 23, 8], [20, 9, 21, 10], [11, 15, 12, 14], [13, 19, 14, 18], [2, 15, 3, 16], [17, 13, 18, 12], [4, 19, 5, 20], [6, 21, 7, 22]]"
12n_0239_114,"[[6, 21, 7, 22], [8, 23, 9, 24], [16, 1, 17, 2], [10, 3, 11, 4], [24, 5, 1, 6], [22, 7, 23, 8], [20, 9, 21, 10], [11, 15, 12, 14], [13, 19, 14, 18], [2, 15, 3, 16], [17, 13, 18, 12], [4, 19, 5, 20]]"
12n_0239_115,"[[4, 19, 5, 20], [6, 21, 7, 22], [8, 23, 9, 24], [16, 1, 17, 2], [10, 3, 11, 4], [24, 5, 1, 6], [22, 7, 23, 8], [20, 9, 21, 10], [11, 15, 12, 14], [13, 19, 14, 18], [2, 15, 3, 16], [17, 13, 18, 12]]"
12n_0239_116,"[[17, 13, 18, 12], [4, 19, 5, 20], [6, 21, 7, 22], [8, 23, 9, 24], [16, 1, 17, 2], [10, 3, 11, 4], [24, 5, 1, 6], [22, 7, 23, 8], [20, 9, 21, 10], [11, 15, 12, 14], [13, 19, 14, 18], [2, 15, 3, 16]]"
12n_0239_117,"[[2, 15, 3, 16], [17, 13, 18, 12], [4, 19, 5, 20], [6, 21, 7, 22], [8, 23, 9, 24], [16, 1, 17, 2], [10, 3, 11, 4], [24, 5, 1, 6], [22, 7, 23, 8], [20, 9, 21, 10], [11, 15, 12, 14], [13, 19, 14, 18]]"
12n_0239_118,"[[13, 19, 14, 18], [2, 15, 3, 16], [17, 13, 18, 12], [4, 19, 5, 20], [6, 21, 7, 22], [8, 23, 9, 24], [16, 1, 17, 2], [10, 3, 11, 4], [24, 5, 1, 6], [22, 7, 23, 8], [20, 9, 21, 10], [11, 15, 12, 14]]"
12n_0239_119,"[[11, 15, 12, 14], [13, 19, 14, 18], [2, 15, 3, 16], [17, 13, 18, 12], [4, 19, 5, 20], [6, 21, 7, 22], [8, 23, 9, 24], [16, 1, 17, 2], [10, 3, 11, 4], [24, 5, 1, 6], [22, 7, 23, 8], [20, 9, 21, 10]]"
12n_0239_120,"[[21, 10, 22, 11], [12, 16, 13, 15], [14, 20, 15, 19], [3, 16, 4, 17], [18, 14, 19, 13], [5, 20, 6, 21], [7, 22, 8, 23], [9, 24, 10, 1], [17, 2, 18, 3], [11, 4, 12, 5], [1, 6, 2, 7], [23, 8, 24, 9]]"
12n_0239_121,"[[23, 8, 24, 9], [21, 10, 22, 11], [12, 16, 13, 15], [14, 20, 15, 19], [3, 16, 4, 17], [18, 14, 19, 13], [5, 20, 6, 21], [7, 22, 8, 23], [9, 24, 10, 1], [17, 2, 18, 3], [11, 4, 12, 5], [1, 6, 2, 7]]"
12n_0239_122,"[[1, 6, 2, 7], [23, 8, 24, 9], [21, 10, 22, 11], [12, 16, 13, 15], [14, 20, 15, 19], [3, 16, 4, 17], [18, 14, 19, 13], [5, 20, 6, 21], [7, 22, 8, 23], [9, 24, 10, 1], [17, 2, 18, 3], [11, 4, 12, 5]]"
12n_0239_123,"[[11, 4, 12, 5], [1, 6, 2, 7], [23, 8, 24, 9], [21, 10, 22, 11], [12, 16, 13, 15], [14, 20, 15, 19], [3, 16, 4, 17], [18, 14, 19, 13], [5, 20, 6, 21], [7, 22, 8, 23], [9, 24, 10, 1], [17, 2, 18, 3]]"
12n_0239_124,"[[17, 2, 18, 3], [11, 4, 12, 5], [1, 6, 2, 7], [23, 8, 24, 9], [21, 10, 22, 11], [12, 16, 13, 15], [14, 20, 15, 19], [3, 16, 4, 17], [18, 14, 19, 13], [5, 20, 6, 21], [7, 22, 8, 23], [9, 24, 10, 1]]"
12n_0239_125,"[[9, 24, 10, 1], [17, 2, 18, 3], [11, 4, 12, 5], [1, 6, 2, 7], [23, 8, 24, 9], [21, 10, 22, 11], [12, 16, 13, 15], [14, 20, 15, 19], [3, 16, 4, 17], [18, 14, 19, 13], [5, 20, 6, 21], [7, 22, 8, 23]]"
12n_0239_126,"[[7, 22, 8, 23], [9, 24, 10, 1], [17, 2, 18, 3], [11, 4, 12, 5], [1, 6, 2, 7], [23, 8, 24, 9], [21, 10, 22, 11], [12, 16, 13, 15], [14, 20, 15, 19], [3, 16, 4, 17], [18, 14, 19, 13], [5, 20, 6, 21]]"
12n_0239_127,"[[5, 20, 6, 21], [7, 22, 8, 23], [9, 24, 10, 1], [17, 2, 18, 3], [11, 4, 12, 5], [1, 6, 2, 7], [23, 8, 24, 9], [21, 10, 22, 11], [12, 16, 13, 15], [14, 20, 15, 19], [3, 16, 4, 17], [18, 14, 19, 13]]"
12n_0239_128,"[[18, 14, 19, 13], [5, 20, 6, 21], [7, 22, 8, 23], [9, 24, 10, 1], [17, 2, 18, 3], [11, 4, 12, 5], [1, 6, 2, 7], [23, 8, 24, 9], [21, 10, 22, 11], [12, 16, 13, 15], [14, 20, 15, 19], [3, 16, 4, 17]]"
12n_0239_129,"[[3, 16, 4, 17], [18, 14, 19, 13], [5, 20, 6, 21], [7, 22, 8, 23], [9, 24, 10, 1], [17, 2, 18, 3], [11, 4, 12, 5], [1, 6, 2, 7], [23, 8, 24, 9], [21, 10, 22, 11], [12, 16, 13, 15], [14, 20, 15, 19]]"
12n_0239_130,"[[14, 20, 15, 19], [3, 16, 4, 17], [18, 14, 19, 13], [5, 20, 6, 21], [7, 22, 8, 23], [9, 24, 10, 1], [17, 2, 18, 3], [11, 4, 12, 5], [1, 6, 2, 7], [23, 8, 24, 9], [21, 10, 22, 11], [12, 16, 13, 15]]"
12n_0239_131,"[[12, 16, 13, 15], [14, 20, 15, 19], [3, 16, 4, 17], [18, 14, 19, 13], [5, 20, 6, 21], [7, 22, 8, 23], [9, 24, 10, 1], [17, 2, 18, 3], [11, 4, 12, 5], [1, 6, 2, 7], [23, 8, 24, 9], [21, 10, 22, 11]]"
12n_0239_132,"[[22, 11, 23, 12], [13, 17, 14, 16], [15, 21, 16, 20], [4, 17, 5, 18], [19, 15, 20, 14], [6, 21, 7, 22], [8, 23, 9, 24], [10, 1, 11, 2], [18, 3, 19, 4], [12, 5, 13, 6], [2, 7, 3, 8], [24, 9, 1, 10]]"
12n_0239_133,"[[24, 9, 1, 10], [22, 11, 23, 12], [13, 17, 14, 16], [15, 21, 16, 20], [4, 17, 5, 18], [19, 15, 20, 14], [6, 21, 7, 22], [8, 23, 9, 24], [10, 1, 11, 2], [18, 3, 19, 4], [12, 5, 13, 6], [2, 7, 3, 8]]"
12n_0239_134,"[[2, 7, 3, 8], [24, 9, 1, 10], [22, 11, 23, 12], [13, 17, 14, 16], [15, 21, 16, 20], [4, 17, 5, 18], [19, 15, 20, 14], [6, 21, 7, 22], [8, 23, 9, 24], [10, 1, 11, 2], [18, 3, 19, 4], [12, 5, 13, 6]]"
12n_0239_135,"[[12, 5, 13, 6], [2, 7, 3, 8], [24, 9, 1, 10], [22, 11, 23, 12], [13, 17, 14, 16], [15, 21, 16, 20], [4, 17, 5, 18], [19, 15, 20, 14], [6, 21, 7, 22], [8, 23, 9, 24], [10, 1, 11, 2], [18, 3, 19, 4]]"
12n_0239_136,"[[18, 3, 19, 4], [12, 5, 13, 6], [2, 7, 3, 8], [24, 9, 1, 10], [22, 11, 23, 12], [13, 17, 14, 16], [15, 21, 16, 20], [4, 17, 5, 18], [19, 15, 20, 14], [6, 21, 7, 22], [8, 23, 9, 24], [10, 1, 11, 2]]"
12n_0239_137,"[[10, 1, 11, 2], [18, 3, 19, 4], [12, 5, 13, 6], [2, 7, 3, 8], [24, 9, 1, 10], [22, 11, 23, 12], [13, 17, 14, 16], [15, 21, 16, 20], [4, 17, 5, 18], [19, 15, 20, 14], [6, 21, 7, 22], [8, 23, 9, 24]]"
12n_0239_138,"[[8, 23, 9, 24], [10, 1, 11, 2], [18, 3, 19, 4], [12, 5, 13, 6], [2, 7, 3, 8], [24, 9, 1, 10], [22, 11, 23, 12], [13, 17, 14, 16], [15, 21, 16, 20], [4, 17, 5, 18], [19, 15, 20, 14], [6, 21, 7, 22]]"
12n_0239_139,"[[6, 21, 7, 22], [8, 23, 9, 24], [10, 1, 11, 2], [18, 3, 19, 4], [12, 5, 13, 6], [2, 7, 3, 8], [24, 9, 1, 10], [22, 11, 23, 12], [13, 17, 14, 16], [15, 21, 16, 20], [4, 17, 5, 18], [19, 15, 20, 14]]"
12n_0239_140,"[[19, 15, 20, 14], [6, 21, 7, 22], [8, 23, 9, 24], [10, 1, 11, 2], [18, 3, 19, 4], [12, 5, 13, 6], [2, 7, 3, 8], [24, 9, 1, 10], [22, 11, 23, 12], [13, 17, 14, 16], [15, 21, 16, 20], [4, 17, 5, 18]]"
12n_0239_141,"[[4, 17, 5, 18], [19, 15, 20, 14], [6, 21, 7, 22], [8, 23, 9, 24], [10, 1, 11, 2], [18, 3, 19, 4], [12, 5, 13, 6], [2, 7, 3, 8], [24, 9, 1, 10], [22, 11, 23, 12], [13, 17, 14, 16], [15, 21, 16, 20]]"
12n_0239_142,"[[15, 21, 16, 20], [4, 17, 5, 18], [19, 15, 20, 14], [6, 21, 7, 22], [8, 23, 9, 24], [10, 1, 11, 2], [18, 3, 19, 4], [12, 5, 13, 6], [2, 7, 3, 8], [24, 9, 1, 10], [22, 11, 23, 12], [13, 17, 14, 16]]"
12n_0239_143,"[[13, 17, 14, 16], [15, 21, 16, 20], [4, 17, 5, 18], [19, 15, 20, 14], [6, 21, 7, 22], [8, 23, 9, 24], [10, 1, 11, 2], [18, 3, 19, 4], [12, 5, 13, 6], [2, 7, 3, 8], [24, 9, 1, 10], [22, 11, 23, 12]]"
12n_0239_144,"[[23, 12, 24, 13], [14, 18, 15, 17], [16, 22, 17, 21], [5, 18, 6, 19], [20, 16, 21, 15], [7, 22, 8, 23], [9, 24, 10, 1], [11, 2, 12, 3], [19, 4, 20, 5], [13, 6, 14, 7], [3, 8, 4, 9], [1, 10, 2, 11]]"
12n_0239_145,"[[1, 10, 2, 11], [23, 12, 24, 13], [14, 18, 15, 17], [16, 22, 17, 21], [5, 18, 6, 19], [20, 16, 21, 15], [7, 22, 8, 23], [9, 24, 10, 1], [11, 2, 12, 3], [19, 4, 20, 5], [13, 6, 14, 7], [3, 8, 4, 9]]"
12n_0239_146,"[[3, 8, 4, 9], [1, 10, 2, 11], [23, 12, 24, 13], [14, 18, 15, 17], [16, 22, 17, 21], [5, 18, 6, 19], [20, 16, 21, 15], [7, 22, 8, 23], [9, 24, 10, 1], [11, 2, 12, 3], [19, 4, 20, 5], [13, 6, 14, 7]]"
12n_0239_147,"[[13, 6, 14, 7], [3, 8, 4, 9], [1, 10, 2, 11], [23, 12, 24, 13], [14, 18, 15, 17], [16, 22, 17, 21], [5, 18, 6, 19], [20, 16, 21, 15], [7, 22, 8, 23], [9, 24, 10, 1], [11, 2, 12, 3], [19, 4, 20, 5]]"
12n_0239_148,"[[19, 4, 20, 5], [13, 6, 14, 7], [3, 8, 4, 9], [1, 10, 2, 11], [23, 12, 24, 13], [14, 18, 15, 17], [16, 22, 17, 21], [5, 18, 6, 19], [20, 16, 21, 15], [7, 22, 8, 23], [9, 24, 10, 1], [11, 2, 12, 3]]"
12n_0239_149,"[[11, 2, 12, 3], [19, 4, 20, 5], [13, 6, 14, 7], [3, 8, 4, 9], [1, 10, 2, 11], [23, 12, 24, 13], [14, 18, 15, 17], [16, 22, 17, 21], [5, 18, 6, 19], [20, 16, 21, 15], [7, 22, 8, 23], [9, 24, 10, 1]]"
12n_0239_150,"[[9, 24, 10, 1], [11, 2, 12, 3], [19, 4, 20, 5], [13, 6, 14, 7], [3, 8, 4, 9], [1, 10, 2, 11], [23, 12, 24, 13], [14, 18, 15, 17], [16, 22, 17, 21], [5, 18, 6, 19], [20, 16, 21, 15], [7, 22, 8, 23]]"
12n_0239_151,"[[7, 22, 8, 23], [9, 24, 10, 1], [11, 2, 12, 3], [19, 4, 20, 5], [13, 6, 14, 7], [3, 8, 4, 9], [1, 10, 2, 11], [23, 12, 24, 13], [14, 18, 15, 17], [16, 22, 17, 21], [5, 18, 6, 19], [20, 16, 21, 15]]"
12n_0239_152,"[[20, 16, 21, 15], [7, 22, 8, 23], [9, 24, 10, 1], [11, 2, 12, 3], [19, 4, 20, 5], [13, 6, 14, 7], [3, 8, 4, 9], [1, 10, 2, 11], [23, 12, 24, 13], [14, 18, 15, 17], [16, 22, 17, 21], [5, 18, 6, 19]]"
12n_0239_153,"[[5, 18, 6, 19], [20, 16, 21, 15], [7, 22, 8, 23], [9, 24, 10, 1], [11, 2, 12, 3], [19, 4, 20, 5], [13, 6, 14, 7], [3, 8, 4, 9], [1, 10, 2, 11], [23, 12, 24, 13], [14, 18, 15, 17], [16, 22, 17, 21]]"
12n_0239_154,"[[16, 22, 17, 21], [5, 18, 6, 19], [20, 16, 21, 15], [7, 22, 8, 23], [9, 24, 10, 1], [11, 2, 12, 3], [19, 4, 20, 5], [13, 6, 14, 7], [3, 8, 4, 9], [1, 10, 2, 11], [23, 12, 24, 13], [14, 18, 15, 17]]"
12n_0239_155,"[[14, 18, 15, 17], [16, 22, 17, 21], [5, 18, 6, 19], [20, 16, 21, 15], [7, 22, 8, 23], [9, 24, 10, 1], [11, 2, 12, 3], [19, 4, 20, 5], [13, 6, 14, 7], [3, 8, 4, 9], [1, 10, 2, 11], [23, 12, 24, 13]]"
12n_0239_156,"[[24, 13, 1, 14], [15, 19, 16, 18], [17, 23, 18, 22], [6, 19, 7, 20], [21, 17, 22, 16], [8, 23, 9, 24], [10, 1, 11, 2], [12, 3, 13, 4], [20, 5, 21, 6], [14, 7, 15, 8], [4, 9, 5, 10], [2, 11, 3, 12]]"
12n_0239_157,"[[2, 11, 3, 12], [24, 13, 1, 14], [15, 19, 16, 18], [17, 23, 18, 22], [6, 19, 7, 20], [21, 17, 22, 16], [8, 23, 9, 24], [10, 1, 11, 2], [12, 3, 13, 4], [20, 5, 21, 6], [14, 7, 15, 8], [4, 9, 5, 10]]"
12n_0239_158,"[[4, 9, 5, 10], [2, 11, 3, 12], [24, 13, 1, 14], [15, 19, 16, 18], [17, 23, 18, 22], [6, 19, 7, 20], [21, 17, 22, 16], [8, 23, 9, 24], [10, 1, 11, 2], [12, 3, 13, 4], [20, 5, 21, 6], [14, 7, 15, 8]]"
12n_0239_159,"[[14, 7, 15, 8], [4, 9, 5, 10], [2, 11, 3, 12], [24, 13, 1, 14], [15, 19, 16, 18], [17, 23, 18, 22], [6, 19, 7, 20], [21, 17, 22, 16], [8, 23, 9, 24], [10, 1, 11, 2], [12, 3, 13, 4], [20, 5, 21, 6]]"
12n_0239_160,"[[20, 5, 21, 6], [14, 7, 15, 8], [4, 9, 5, 10], [2, 11, 3, 12], [24, 13, 1, 14], [15, 19, 16, 18], [17, 23, 18, 22], [6, 19, 7, 20], [21, 17, 22, 16], [8, 23, 9, 24], [10, 1, 11, 2], [12, 3, 13, 4]]"
12n_0239_161,"[[12, 3, 13, 4], [20, 5, 21, 6], [14, 7, 15, 8], [4, 9, 5, 10], [2, 11, 3, 12], [24, 13, 1, 14], [15, 19, 16, 18], [17, 23, 18, 22], [6, 19, 7, 20], [21, 17, 22, 16], [8, 23, 9, 24], [10, 1, 11, 2]]"
12n_0239_162,"[[10, 1, 11, 2], [12, 3, 13, 4], [20, 5, 21, 6], [14, 7, 15, 8], [4, 9, 5, 10], [2, 11, 3, 12], [24, 13, 1, 14], [15, 19, 16, 18], [17, 23, 18, 22], [6, 19, 7, 20], [21, 17, 22, 16], [8, 23, 9, 24]]"
12n_0239_163,"[[8, 23, 9, 24], [10, 1, 11, 2], [12, 3, 13, 4], [20, 5, 21, 6], [14, 7, 15, 8], [4, 9, 5, 10], [2, 11, 3, 12], [24, 13, 1, 14], [15, 19, 16, 18], [17, 23, 18, 22], [6, 19, 7, 20], [21, 17, 22, 16]]"
12n_0239_164,"[[21, 17, 22, 16], [8, 23, 9, 24], [10, 1, 11, 2], [12, 3, 13, 4], [20, 5, 21, 6], [14, 7, 15, 8], [4, 9, 5, 10], [2, 11, 3, 12], [24, 13, 1, 14], [15, 19, 16, 18], [17, 23, 18, 22], [6, 19, 7, 20]]"
12n_0239_165,"[[6, 19, 7, 20], [21, 17, 22, 16], [8, 23, 9, 24], [10, 1, 11, 2], [12, 3, 13, 4], [20, 5, 21, 6], [14, 7, 15, 8], [4, 9, 5, 10], [2, 11, 3, 12], [24, 13, 1, 14], [15, 19, 16, 18], [17, 23, 18, 22]]"
12n_0239_166,"[[17, 23, 18, 22], [6, 19, 7, 20], [21, 17, 22, 16], [8, 23, 9, 24], [10, 1, 11, 2], [12, 3, 13, 4], [20, 5, 21, 6], [14, 7, 15, 8], [4, 9, 5, 10], [2, 11, 3, 12], [24, 13, 1, 14], [15, 19, 16, 18]]"
12n_0239_167,"[[15, 19, 16, 18], [17, 23, 18, 22], [6, 19, 7, 20], [21, 17, 22, 16], [8, 23, 9, 24], [10, 1, 11, 2], [12, 3, 13, 4], [20, 5, 21, 6], [14, 7, 15, 8], [4, 9, 5, 10], [2, 11, 3, 12], [24, 13, 1, 14]]"
12n_0239_168,"[[1, 14, 2, 15], [16, 20, 17, 19], [18, 24, 19, 23], [7, 20, 8, 21], [22, 18, 23, 17], [9, 24, 10, 1], [11, 2, 12, 3], [13, 4, 14, 5], [21, 6, 22, 7], [15, 8, 16, 9], [5, 10, 6, 11], [3, 12, 4, 13]]"
12n_0239_169,"[[3, 12, 4, 13], [1, 14, 2, 15], [16, 20, 17, 19], [18, 24, 19, 23], [7, 20, 8, 21], [22, 18, 23, 17], [9, 24, 10, 1], [11, 2, 12, 3], [13, 4, 14, 5], [21, 6, 22, 7], [15, 8, 16, 9], [5, 10, 6, 11]]"
12n_0239_170,"[[5, 10, 6, 11], [3, 12, 4, 13], [1, 14, 2, 15], [16, 20, 17, 19], [18, 24, 19, 23], [7, 20, 8, 21], [22, 18, 23, 17], [9, 24, 10, 1], [11, 2, 12, 3], [13, 4, 14, 5], [21, 6, 22, 7], [15, 8, 16, 9]]"
12n_0239_171,"[[15, 8, 16, 9], [5, 10, 6, 11], [3, 12, 4, 13], [1, 14, 2, 15], [16, 20, 17, 19], [18, 24, 19, 23], [7, 20, 8, 21], [22, 18, 23, 17], [9, 24, 10, 1], [11, 2, 12, 3], [13, 4, 14, 5], [21, 6, 22, 7]]"
12n_0239_172,"[[21, 6, 22, 7], [15, 8, 16, 9], [5, 10, 6, 11], [3, 12, 4, 13], [1, 14, 2, 15], [16, 20, 17, 19], [18, 24, 19, 23], [7, 20, 8, 21], [22, 18, 23, 17], [9, 24, 10, 1], [11, 2, 12, 3], [13, 4, 14, 5]]"
12n_0239_173,"[[13, 4, 14, 5], [21, 6, 22, 7], [15, 8, 16, 9], [5, 10, 6, 11], [3, 12, 4, 13], [1, 14, 2, 15], [16, 20, 17, 19], [18, 24, 19, 23], [7, 20, 8, 21], [22, 18, 23, 17], [9, 24, 10, 1], [11, 2, 12, 3]]"
12n_0239_174,"[[11, 2, 12, 3], [13, 4, 14, 5], [21, 6, 22, 7], [15, 8, 16, 9], [5, 10, 6, 11], [3, 12, 4, 13], [1, 14, 2, 15], [16, 20, 17, 19], [18, 24, 19, 23], [7, 20, 8, 21], [22, 18, 23, 17], [9, 24, 10, 1]]"
12n_0239_175,"[[9, 24, 10, 1], [11, 2, 12, 3], [13, 4, 14, 5], [21, 6, 22, 7], [15, 8, 16, 9], [5, 10, 6, 11], [3, 12, 4, 13], [1, 14, 2, 15], [16, 20, 17, 19], [18, 24, 19, 23], [7, 20, 8, 21], [22, 18, 23, 17]]"
12n_0239_176,"[[22, 18, 23, 17], [9, 24, 10, 1], [11, 2, 12, 3], [13, 4, 14, 5], [21, 6, 22, 7], [15, 8, 16, 9], [5, 10, 6, 11], [3, 12, 4, 13], [1, 14, 2, 15], [16, 20, 17, 19], [18, 24, 19, 23], [7, 20, 8, 21]]"
12n_0239_177,"[[7, 20, 8, 21], [22, 18, 23, 17], [9, 24, 10, 1], [11, 2, 12, 3], [13, 4, 14, 5], [21, 6, 22, 7], [15, 8, 16, 9], [5, 10, 6, 11], [3, 12, 4, 13], [1, 14, 2, 15], [16, 20, 17, 19], [18, 24, 19, 23]]"
12n_0239_178,"[[18, 24, 19, 23], [7, 20, 8, 21], [22, 18, 23, 17], [9, 24, 10, 1], [11, 2, 12, 3], [13, 4, 14, 5], [21, 6, 22, 7], [15, 8, 16, 9], [5, 10, 6, 11], [3, 12, 4, 13], [1, 14, 2, 15], [16, 20, 17, 19]]"
12n_0239_179,"[[16, 20, 17, 19], [18, 24, 19, 23], [7, 20, 8, 21], [22, 18, 23, 17], [9, 24, 10, 1], [11, 2, 12, 3], [13, 4, 14, 5], [21, 6, 22, 7], [15, 8, 16, 9], [5, 10, 6, 11], [3, 12, 4, 13], [1, 14, 2, 15]]"
12n_0239_180,"[[2, 15, 3, 16], [17, 21, 18, 20], [19, 1, 20, 24], [8, 21, 9, 22], [23, 19, 24, 18], [10, 1, 11, 2], [12, 3, 13, 4], [14, 5, 15, 6], [22, 7, 23, 8], [16, 9, 17, 10], [6, 11, 7, 12], [4, 13, 5, 14]]"
12n_0239_181,"[[4, 13, 5, 14], [2, 15, 3, 16], [17, 21, 18, 20], [19, 1, 20, 24], [8, 21, 9, 22], [23, 19, 24, 18], [10, 1, 11, 2], [12, 3, 13, 4], [14, 5, 15, 6], [22, 7, 23, 8], [16, 9, 17, 10], [6, 11, 7, 12]]"
12n_0239_182,"[[6, 11, 7, 12], [4, 13, 5, 14], [2, 15, 3, 16], [17, 21, 18, 20], [19, 1, 20, 24], [8, 21, 9, 22], [23, 19, 24, 18], [10, 1, 11, 2], [12, 3, 13, 4], [14, 5, 15, 6], [22, 7, 23, 8], [16, 9, 17, 10]]"
12n_0239_183,"[[16, 9, 17, 10], [6, 11, 7, 12], [4, 13, 5, 14], [2, 15, 3, 16], [17, 21, 18, 20], [19, 1, 20, 24], [8, 21, 9, 22], [23, 19, 24, 18], [10, 1, 11, 2], [12, 3, 13, 4], [14, 5, 15, 6], [22, 7, 23, 8]]"
12n_0239_184,"[[22, 7, 23, 8], [16, 9, 17, 10], [6, 11, 7, 12], [4, 13, 5, 14], [2, 15, 3, 16], [17, 21, 18, 20], [19, 1, 20, 24], [8, 21, 9, 22], [23, 19, 24, 18], [10, 1, 11, 2], [12, 3, 13, 4], [14, 5, 15, 6]]"
12n_0239_185,"[[14, 5, 15, 6], [22, 7, 23, 8], [16, 9, 17, 10], [6, 11, 7, 12], [4, 13, 5, 14], [2, 15, 3, 16], [17, 21, 18, 20], [19, 1, 20, 24], [8, 21, 9, 22], [23, 19, 24, 18], [10, 1, 11, 2], [12, 3, 13, 4]]"
