name,pd_notation
12n_0751_0,"[[24, 17, 1, 18], [2, 8, 3, 7], [4, 12, 5, 11], [6, 16, 7, 15], [8, 19, 9, 20], [10, 4, 11, 3], [21, 13, 22, 12], [14, 6, 15, 5], [16, 23, 17, 24], [18, 1, 19, 2], [20, 9, 21, 10], [13, 23, 14, 22]]"
12n_0751_1,"[[13, 23, 14, 22], [24, 17, 1, 18], [2, 8, 3, 7], [4, 12, 5, 11], [6, 16, 7, 15], [8, 19, 9, 20], [10, 4, 11, 3], [21, 13, 22, 12], [14, 6, 15, 5], [16, 23, 17, 24], [18, 1, 19, 2], [20, 9, 21, 10]]"
12n_0751_2,"[[20, 9, 21, 10], [13, 23, 14, 22], [24, 17, 1, 18], [2, 8, 3, 7], [4, 12, 5, 11], [6, 16, 7, 15], [8, 19, 9, 20], [10, 4, 11, 3], [21, 13, 22, 12], [14, 6, 15, 5], [16, 23, 17, 24], [18, 1, 19, 2]]"
12n_0751_3,"[[18, 1, 19, 2], [20, 9, 21, 10], [13, 23, 14, 22], [24, 17, 1, 18], [2, 8, 3, 7], [4, 12, 5, 11], [6, 16, 7, 15], [8, 19, 9, 20], [10, 4, 11, 3], [21, 13, 22, 12], [14, 6, 15, 5], [16, 23, 17, 24]]"
12n_0751_4,"[[16, 23, 17, 24], [18, 1, 19, 2], [20, 9, 21, 10], [13, 23, 14, 22], [24, 17, 1, 18], [2, 8, 3, 7], [4, 12, 5, 11], [6, 16, 7, 15], [8, 19, 9, 20], [10, 4, 11, 3], [21, 13, 22, 12], [14, 6, 15, 5]]"
12n_0751_5,"[[14, 6, 15, 5], [16, 23, 17, 24], [18, 1, 19, 2], [20, 9, 21, 10], [13, 23, 14, 22], [24, 17, 1, 18], [2, 8, 3, 7], [4, 12, 5, 11], [6, 16, 7, 15], [8, 19, 9, 20], [10, 4, 11, 3], [21, 13, 22, 12]]"
12n_0751_6,"[[21, 13, 22, 12], [14, 6, 15, 5], [16, 23, 17, 24], [18, 1, 19, 2], [20, 9, 21, 10], [13, 23, 14, 22], [24, 17, 1, 18], [2, 8, 3, 7], [4, 12, 5, 11], [6, 16, 7, 15], [8, 19, 9, 20], [10, 4, 11, 3]]"
12n_0751_7,"[[10, 4, 11, 3], [21, 13, 22, 12], [14, 6, 15, 5], [16, 23, 17, 24], [18, 1, 19, 2], [20, 9, 21, 10], [13, 23, 14, 22], [24, 17, 1, 18], [2, 8, 3, 7], [4, 12, 5, 11], [6, 16, 7, 15], [8, 19, 9, 20]]"
12n_0751_8,"[[8, 19, 9, 20], [10, 4, 11, 3], [21, 13, 22, 12], [14, 6, 15, 5], [16, 23, 17, 24], [18, 1, 19, 2], [20, 9, 21, 10], [13, 23, 14, 22], [24, 17, 1, 18], [2, 8, 3, 7], [4, 12, 5, 11], [6, 16, 7, 15]]"
12n_0751_9,"[[6, 16, 7, 15], [8, 19, 9, 20], [10, 4, 11, 3], [21, 13, 22, 12], [14, 6, 15, 5], [16, 23, 17, 24], [18, 1, 19, 2], [20, 9, 21, 10], [13, 23, 14, 22], [24, 17, 1, 18], [2, 8, 3, 7], [4, 12, 5, 11]]"
12n_0751_10,"[[4, 12, 5, 11], [6, 16, 7, 15], [8, 19, 9, 20], [10, 4, 11, 3], [21, 13, 22, 12], [14, 6, 15, 5], [16, 23, 17, 24], [18, 1, 19, 2], [20, 9, 21, 10], [13, 23, 14, 22], [24, 17, 1, 18], [2, 8, 3, 7]]"
12n_0751_11,"[[2, 8, 3, 7], [4, 12, 5, 11], [6, 16, 7, 15], [8, 19, 9, 20], [10, 4, 11, 3], [21, 13, 22, 12], [14, 6, 15, 5], [16, 23, 17, 24], [18, 1, 19, 2], [20, 9, 21, 10], [13, 23, 14, 22], [24, 17, 1, 18]]"
12n_0751_12,"[[1, 18, 2, 19], [3, 9, 4, 8], [5, 13, 6, 12], [7, 17, 8, 16], [9, 20, 10, 21], [11, 5, 12, 4], [22, 14, 23, 13], [15, 7, 16, 6], [17, 24, 18, 1], [19, 2, 20, 3], [21, 10, 22, 11], [14, 24, 15, 23]]"
12n_0751_13,"[[14, 24, 15, 23], [1, 18, 2, 19], [3, 9, 4, 8], [5, 13, 6, 12], [7, 17, 8, 16], [9, 20, 10, 21], [11, 5, 12, 4], [22, 14, 23, 13], [15, 7, 16, 6], [17, 24, 18, 1], [19, 2, 20, 3], [21, 10, 22, 11]]"
12n_0751_14,"[[21, 10, 22, 11], [14, 24, 15, 23], [1, 18, 2, 19], [3, 9, 4, 8], [5, 13, 6, 12], [7, 17, 8, 16], [9, 20, 10, 21], [11, 5, 12, 4], [22, 14, 23, 13], [15, 7, 16, 6], [17, 24, 18, 1], [19, 2, 20, 3]]"
12n_0751_15,"[[19, 2, 20, 3], [21, 10, 22, 11], [14, 24, 15, 23], [1, 18, 2, 19], [3, 9, 4, 8], [5, 13, 6, 12], [7, 17, 8, 16], [9, 20, 10, 21], [11, 5, 12, 4], [22, 14, 23, 13], [15, 7, 16, 6], [17, 24, 18, 1]]"
12n_0751_16,"[[17, 24, 18, 1], [19, 2, 20, 3], [21, 10, 22, 11], [14, 24, 15, 23], [1, 18, 2, 19], [3, 9, 4, 8], [5, 13, 6, 12], [7, 17, 8, 16], [9, 20, 10, 21], [11, 5, 12, 4], [22, 14, 23, 13], [15, 7, 16, 6]]"
12n_0751_17,"[[15, 7, 16, 6], [17, 24, 18, 1], [19, 2, 20, 3], [21, 10, 22, 11], [14, 24, 15, 23], [1, 18, 2, 19], [3, 9, 4, 8], [5, 13, 6, 12], [7, 17, 8, 16], [9, 20, 10, 21], [11, 5, 12, 4], [22, 14, 23, 13]]"
12n_0751_18,"[[22, 14, 23, 13], [15, 7, 16, 6], [17, 24, 18, 1], [19, 2, 20, 3], [21, 10, 22, 11], [14, 24, 15, 23], [1, 18, 2, 19], [3, 9, 4, 8], [5, 13, 6, 12], [7, 17, 8, 16], [9, 20, 10, 21], [11, 5, 12, 4]]"
12n_0751_19,"[[11, 5, 12, 4], [22, 14, 23, 13], [15, 7, 16, 6], [17, 24, 18, 1], [19, 2, 20, 3], [21, 10, 22, 11], [14, 24, 15, 23], [1, 18, 2, 19], [3, 9, 4, 8], [5, 13, 6, 12], [7, 17, 8, 16], [9, 20, 10, 21]]"
12n_0751_20,"[[9, 20, 10, 21], [11, 5, 12, 4], [22, 14, 23, 13], [15, 7, 16, 6], [17, 24, 18, 1], [19, 2, 20, 3], [21, 10, 22, 11], [14, 24, 15, 23], [1, 18, 2, 19], [3, 9, 4, 8], [5, 13, 6, 12], [7, 17, 8, 16]]"
12n_0751_21,"[[7, 17, 8, 16], [9, 20, 10, 21], [11, 5, 12, 4], [22, 14, 23, 13], [15, 7, 16, 6], [17, 24, 18, 1], [19, 2, 20, 3], [21, 10, 22, 11], [14, 24, 15, 23], [1, 18, 2, 19], [3, 9, 4, 8], [5, 13, 6, 12]]"
12n_0751_22,"[[5, 13, 6, 12], [7, 17, 8, 16], [9, 20, 10, 21], [11, 5, 12, 4], [22, 14, 23, 13], [15, 7, 16, 6], [17, 24, 18, 1], [19, 2, 20, 3], [21, 10, 22, 11], [14, 24, 15, 23], [1, 18, 2, 19], [3, 9, 4, 8]]"
12n_0751_23,"[[3, 9, 4, 8], [5, 13, 6, 12], [7, 17, 8, 16], [9, 20, 10, 21], [11, 5, 12, 4], [22, 14, 23, 13], [15, 7, 16, 6], [17, 24, 18, 1], [19, 2, 20, 3], [21, 10, 22, 11], [14, 24, 15, 23], [1, 18, 2, 19]]"
12n_0751_24,"[[2, 19, 3, 20], [4, 10, 5, 9], [6, 14, 7, 13], [8, 18, 9, 17], [10, 21, 11, 22], [12, 6, 13, 5], [23, 15, 24, 14], [16, 8, 17, 7], [18, 1, 19, 2], [20, 3, 21, 4], [22, 11, 23, 12], [15, 1, 16, 24]]"
12n_0751_25,"[[15, 1, 16, 24], [2, 19, 3, 20], [4, 10, 5, 9], [6, 14, 7, 13], [8, 18, 9, 17], [10, 21, 11, 22], [12, 6, 13, 5], [23, 15, 24, 14], [16, 8, 17, 7], [18, 1, 19, 2], [20, 3, 21, 4], [22, 11, 23, 12]]"
12n_0751_26,"[[22, 11, 23, 12], [15, 1, 16, 24], [2, 19, 3, 20], [4, 10, 5, 9], [6, 14, 7, 13], [8, 18, 9, 17], [10, 21, 11, 22], [12, 6, 13, 5], [23, 15, 24, 14], [16, 8, 17, 7], [18, 1, 19, 2], [20, 3, 21, 4]]"
12n_0751_27,"[[20, 3, 21, 4], [22, 11, 23, 12], [15, 1, 16, 24], [2, 19, 3, 20], [4, 10, 5, 9], [6, 14, 7, 13], [8, 18, 9, 17], [10, 21, 11, 22], [12, 6, 13, 5], [23, 15, 24, 14], [16, 8, 17, 7], [18, 1, 19, 2]]"
12n_0751_28,"[[18, 1, 19, 2], [20, 3, 21, 4], [22, 11, 23, 12], [15, 1, 16, 24], [2, 19, 3, 20], [4, 10, 5, 9], [6, 14, 7, 13], [8, 18, 9, 17], [10, 21, 11, 22], [12, 6, 13, 5], [23, 15, 24, 14], [16, 8, 17, 7]]"
12n_0751_29,"[[16, 8, 17, 7], [18, 1, 19, 2], [20, 3, 21, 4], [22, 11, 23, 12], [15, 1, 16, 24], [2, 19, 3, 20], [4, 10, 5, 9], [6, 14, 7, 13], [8, 18, 9, 17], [10, 21, 11, 22], [12, 6, 13, 5], [23, 15, 24, 14]]"
12n_0751_30,"[[23, 15, 24, 14], [16, 8, 17, 7], [18, 1, 19, 2], [20, 3, 21, 4], [22, 11, 23, 12], [15, 1, 16, 24], [2, 19, 3, 20], [4, 10, 5, 9], [6, 14, 7, 13], [8, 18, 9, 17], [10, 21, 11, 22], [12, 6, 13, 5]]"
12n_0751_31,"[[12, 6, 13, 5], [23, 15, 24, 14], [16, 8, 17, 7], [18, 1, 19, 2], [20, 3, 21, 4], [22, 11, 23, 12], [15, 1, 16, 24], [2, 19, 3, 20], [4, 10, 5, 9], [6, 14, 7, 13], [8, 18, 9, 17], [10, 21, 11, 22]]"
12n_0751_32,"[[10, 21, 11, 22], [12, 6, 13, 5], [23, 15, 24, 14], [16, 8, 17, 7], [18, 1, 19, 2], [20, 3, 21, 4], [22, 11, 23, 12], [15, 1, 16, 24], [2, 19, 3, 20], [4, 10, 5, 9], [6, 14, 7, 13], [8, 18, 9, 17]]"
12n_0751_33,"[[8, 18, 9, 17], [10, 21, 11, 22], [12, 6, 13, 5], [23, 15, 24, 14], [16, 8, 17, 7], [18, 1, 19, 2], [20, 3, 21, 4], [22, 11, 23, 12], [15, 1, 16, 24], [2, 19, 3, 20], [4, 10, 5, 9], [6, 14, 7, 13]]"
12n_0751_34,"[[6, 14, 7, 13], [8, 18, 9, 17], [10, 21, 11, 22], [12, 6, 13, 5], [23, 15, 24, 14], [16, 8, 17, 7], [18, 1, 19, 2], [20, 3, 21, 4], [22, 11, 23, 12], [15, 1, 16, 24], [2, 19, 3, 20], [4, 10, 5, 9]]"
12n_0751_35,"[[4, 10, 5, 9], [6, 14, 7, 13], [8, 18, 9, 17], [10, 21, 11, 22], [12, 6, 13, 5], [23, 15, 24, 14], [16, 8, 17, 7], [18, 1, 19, 2], [20, 3, 21, 4], [22, 11, 23, 12], [15, 1, 16, 24], [2, 19, 3, 20]]"
12n_0751_36,"[[3, 20, 4, 21], [5, 11, 6, 10], [7, 15, 8, 14], [9, 19, 10, 18], [11, 22, 12, 23], [13, 7, 14, 6], [24, 16, 1, 15], [17, 9, 18, 8], [19, 2, 20, 3], [21, 4, 22, 5], [23, 12, 24, 13], [16, 2, 17, 1]]"
12n_0751_37,"[[16, 2, 17, 1], [3, 20, 4, 21], [5, 11, 6, 10], [7, 15, 8, 14], [9, 19, 10, 18], [11, 22, 12, 23], [13, 7, 14, 6], [24, 16, 1, 15], [17, 9, 18, 8], [19, 2, 20, 3], [21, 4, 22, 5], [23, 12, 24, 13]]"
12n_0751_38,"[[23, 12, 24, 13], [16, 2, 17, 1], [3, 20, 4, 21], [5, 11, 6, 10], [7, 15, 8, 14], [9, 19, 10, 18], [11, 22, 12, 23], [13, 7, 14, 6], [24, 16, 1, 15], [17, 9, 18, 8], [19, 2, 20, 3], [21, 4, 22, 5]]"
12n_0751_39,"[[21, 4, 22, 5], [23, 12, 24, 13], [16, 2, 17, 1], [3, 20, 4, 21], [5, 11, 6, 10], [7, 15, 8, 14], [9, 19, 10, 18], [11, 22, 12, 23], [13, 7, 14, 6], [24, 16, 1, 15], [17, 9, 18, 8], [19, 2, 20, 3]]"
12n_0751_40,"[[19, 2, 20, 3], [21, 4, 22, 5], [23, 12, 24, 13], [16, 2, 17, 1], [3, 20, 4, 21], [5, 11, 6, 10], [7, 15, 8, 14], [9, 19, 10, 18], [11, 22, 12, 23], [13, 7, 14, 6], [24, 16, 1, 15], [17, 9, 18, 8]]"
12n_0751_41,"[[17, 9, 18, 8], [19, 2, 20, 3], [21, 4, 22, 5], [23, 12, 24, 13], [16, 2, 17, 1], [3, 20, 4, 21], [5, 11, 6, 10], [7, 15, 8, 14], [9, 19, 10, 18], [11, 22, 12, 23], [13, 7, 14, 6], [24, 16, 1, 15]]"
12n_0751_42,"[[24, 16, 1, 15], [17, 9, 18, 8], [19, 2, 20, 3], [21, 4, 22, 5], [23, 12, 24, 13], [16, 2, 17, 1], [3, 20, 4, 21], [5, 11, 6, 10], [7, 15, 8, 14], [9, 19, 10, 18], [11, 22, 12, 23], [13, 7, 14, 6]]"
12n_0751_43,"[[13, 7, 14, 6], [24, 16, 1, 15], [17, 9, 18, 8], [19, 2, 20, 3], [21, 4, 22, 5], [23, 12, 24, 13], [16, 2, 17, 1], [3, 20, 4, 21], [5, 11, 6, 10], [7, 15, 8, 14], [9, 19, 10, 18], [11, 22, 12, 23]]"
12n_0751_44,"[[11, 22, 12, 23], [13, 7, 14, 6], [24, 16, 1, 15], [17, 9, 18, 8], [19, 2, 20, 3], [21, 4, 22, 5], [23, 12, 24, 13], [16, 2, 17, 1], [3, 20, 4, 21], [5, 11, 6, 10], [7, 15, 8, 14], [9, 19, 10, 18]]"
12n_0751_45,"[[9, 19, 10, 18], [11, 22, 12, 23], [13, 7, 14, 6], [24, 16, 1, 15], [17, 9, 18, 8], [19, 2, 20, 3], [21, 4, 22, 5], [23, 12, 24, 13], [16, 2, 17, 1], [3, 20, 4, 21], [5, 11, 6, 10], [7, 15, 8, 14]]"
12n_0751_46,"[[7, 15, 8, 14], [9, 19, 10, 18], [11, 22, 12, 23], [13, 7, 14, 6], [24, 16, 1, 15], [17, 9, 18, 8], [19, 2, 20, 3], [21, 4, 22, 5], [23, 12, 24, 13], [16, 2, 17, 1], [3, 20, 4, 21], [5, 11, 6, 10]]"
12n_0751_47,"[[5, 11, 6, 10], [7, 15, 8, 14], [9, 19, 10, 18], [11, 22, 12, 23], [13, 7, 14, 6], [24, 16, 1, 15], [17, 9, 18, 8], [19, 2, 20, 3], [21, 4, 22, 5], [23, 12, 24, 13], [16, 2, 17, 1], [3, 20, 4, 21]]"
12n_0751_48,"[[4, 21, 5, 22], [6, 12, 7, 11], [8, 16, 9, 15], [10, 20, 11, 19], [12, 23, 13, 24], [14, 8, 15, 7], [1, 17, 2, 16], [18, 10, 19, 9], [20, 3, 21, 4], [22, 5, 23, 6], [24, 13, 1, 14], [17, 3, 18, 2]]"
12n_0751_49,"[[17, 3, 18, 2], [4, 21, 5, 22], [6, 12, 7, 11], [8, 16, 9, 15], [10, 20, 11, 19], [12, 23, 13, 24], [14, 8, 15, 7], [1, 17, 2, 16], [18, 10, 19, 9], [20, 3, 21, 4], [22, 5, 23, 6], [24, 13, 1, 14]]"
12n_0751_50,"[[24, 13, 1, 14], [17, 3, 18, 2], [4, 21, 5, 22], [6, 12, 7, 11], [8, 16, 9, 15], [10, 20, 11, 19], [12, 23, 13, 24], [14, 8, 15, 7], [1, 17, 2, 16], [18, 10, 19, 9], [20, 3, 21, 4], [22, 5, 23, 6]]"
12n_0751_51,"[[22, 5, 23, 6], [24, 13, 1, 14], [17, 3, 18, 2], [4, 21, 5, 22], [6, 12, 7, 11], [8, 16, 9, 15], [10, 20, 11, 19], [12, 23, 13, 24], [14, 8, 15, 7], [1, 17, 2, 16], [18, 10, 19, 9], [20, 3, 21, 4]]"
12n_0751_52,"[[20, 3, 21, 4], [22, 5, 23, 6], [24, 13, 1, 14], [17, 3, 18, 2], [4, 21, 5, 22], [6, 12, 7, 11], [8, 16, 9, 15], [10, 20, 11, 19], [12, 23, 13, 24], [14, 8, 15, 7], [1, 17, 2, 16], [18, 10, 19, 9]]"
12n_0751_53,"[[18, 10, 19, 9], [20, 3, 21, 4], [22, 5, 23, 6], [24, 13, 1, 14], [17, 3, 18, 2], [4, 21, 5, 22], [6, 12, 7, 11], [8, 16, 9, 15], [10, 20, 11, 19], [12, 23, 13, 24], [14, 8, 15, 7], [1, 17, 2, 16]]"
12n_0751_54,"[[1, 17, 2, 16], [18, 10, 19, 9], [20, 3, 21, 4], [22, 5, 23, 6], [24, 13, 1, 14], [17, 3, 18, 2], [4, 21, 5, 22], [6, 12, 7, 11], [8, 16, 9, 15], [10, 20, 11, 19], [12, 23, 13, 24], [14, 8, 15, 7]]"
12n_0751_55,"[[14, 8, 15, 7], [1, 17, 2, 16], [18, 10, 19, 9], [20, 3, 21, 4], [22, 5, 23, 6], [24, 13, 1, 14], [17, 3, 18, 2], [4, 21, 5, 22], [6, 12, 7, 11], [8, 16, 9, 15], [10, 20, 11, 19], [12, 23, 13, 24]]"
12n_0751_56,"[[12, 23, 13, 24], [14, 8, 15, 7], [1, 17, 2, 16], [18, 10, 19, 9], [20, 3, 21, 4], [22, 5, 23, 6], [24, 13, 1, 14], [17, 3, 18, 2], [4, 21, 5, 22], [6, 12, 7, 11], [8, 16, 9, 15], [10, 20, 11, 19]]"
12n_0751_57,"[[10, 20, 11, 19], [12, 23, 13, 24], [14, 8, 15, 7], [1, 17, 2, 16], [18, 10, 19, 9], [20, 3, 21, 4], [22, 5, 23, 6], [24, 13, 1, 14], [17, 3, 18, 2], [4, 21, 5, 22], [6, 12, 7, 11], [8, 16, 9, 15]]"
12n_0751_58,"[[8, 16, 9, 15], [10, 20, 11, 19], [12, 23, 13, 24], [14, 8, 15, 7], [1, 17, 2, 16], [18, 10, 19, 9], [20, 3, 21, 4], [22, 5, 23, 6], [24, 13, 1, 14], [17, 3, 18, 2], [4, 21, 5, 22], [6, 12, 7, 11]]"
12n_0751_59,"[[6, 12, 7, 11], [8, 16, 9, 15], [10, 20, 11, 19], [12, 23, 13, 24], [14, 8, 15, 7], [1, 17, 2, 16], [18, 10, 19, 9], [20, 3, 21, 4], [22, 5, 23, 6], [24, 13, 1, 14], [17, 3, 18, 2], [4, 21, 5, 22]]"
12n_0751_60,"[[5, 22, 6, 23], [7, 13, 8, 12], [9, 17, 10, 16], [11, 21, 12, 20], [13, 24, 14, 1], [15, 9, 16, 8], [2, 18, 3, 17], [19, 11, 20, 10], [21, 4, 22, 5], [23, 6, 24, 7], [1, 14, 2, 15], [18, 4, 19, 3]]"
12n_0751_61,"[[18, 4, 19, 3], [5, 22, 6, 23], [7, 13, 8, 12], [9, 17, 10, 16], [11, 21, 12, 20], [13, 24, 14, 1], [15, 9, 16, 8], [2, 18, 3, 17], [19, 11, 20, 10], [21, 4, 22, 5], [23, 6, 24, 7], [1, 14, 2, 15]]"
12n_0751_62,"[[1, 14, 2, 15], [18, 4, 19, 3], [5, 22, 6, 23], [7, 13, 8, 12], [9, 17, 10, 16], [11, 21, 12, 20], [13, 24, 14, 1], [15, 9, 16, 8], [2, 18, 3, 17], [19, 11, 20, 10], [21, 4, 22, 5], [23, 6, 24, 7]]"
12n_0751_63,"[[23, 6, 24, 7], [1, 14, 2, 15], [18, 4, 19, 3], [5, 22, 6, 23], [7, 13, 8, 12], [9, 17, 10, 16], [11, 21, 12, 20], [13, 24, 14, 1], [15, 9, 16, 8], [2, 18, 3, 17], [19, 11, 20, 10], [21, 4, 22, 5]]"
12n_0751_64,"[[21, 4, 22, 5], [23, 6, 24, 7], [1, 14, 2, 15], [18, 4, 19, 3], [5, 22, 6, 23], [7, 13, 8, 12], [9, 17, 10, 16], [11, 21, 12, 20], [13, 24, 14, 1], [15, 9, 16, 8], [2, 18, 3, 17], [19, 11, 20, 10]]"
12n_0751_65,"[[19, 11, 20, 10], [21, 4, 22, 5], [23, 6, 24, 7], [1, 14, 2, 15], [18, 4, 19, 3], [5, 22, 6, 23], [7, 13, 8, 12], [9, 17, 10, 16], [11, 21, 12, 20], [13, 24, 14, 1], [15, 9, 16, 8], [2, 18, 3, 17]]"
12n_0751_66,"[[2, 18, 3, 17], [19, 11, 20, 10], [21, 4, 22, 5], [23, 6, 24, 7], [1, 14, 2, 15], [18, 4, 19, 3], [5, 22, 6, 23], [7, 13, 8, 12], [9, 17, 10, 16], [11, 21, 12, 20], [13, 24, 14, 1], [15, 9, 16, 8]]"
12n_0751_67,"[[15, 9, 16, 8], [2, 18, 3, 17], [19, 11, 20, 10], [21, 4, 22, 5], [23, 6, 24, 7], [1, 14, 2, 15], [18, 4, 19, 3], [5, 22, 6, 23], [7, 13, 8, 12], [9, 17, 10, 16], [11, 21, 12, 20], [13, 24, 14, 1]]"
12n_0751_68,"[[13, 24, 14, 1], [15, 9, 16, 8], [2, 18, 3, 17], [19, 11, 20, 10], [21, 4, 22, 5], [23, 6, 24, 7], [1, 14, 2, 15], [18, 4, 19, 3], [5, 22, 6, 23], [7, 13, 8, 12], [9, 17, 10, 16], [11, 21, 12, 20]]"
12n_0751_69,"[[11, 21, 12, 20], [13, 24, 14, 1], [15, 9, 16, 8], [2, 18, 3, 17], [19, 11, 20, 10], [21, 4, 22, 5], [23, 6, 24, 7], [1, 14, 2, 15], [18, 4, 19, 3], [5, 22, 6, 23], [7, 13, 8, 12], [9, 17, 10, 16]]"
12n_0751_70,"[[9, 17, 10, 16], [11, 21, 12, 20], [13, 24, 14, 1], [15, 9, 16, 8], [2, 18, 3, 17], [19, 11, 20, 10], [21, 4, 22, 5], [23, 6, 24, 7], [1, 14, 2, 15], [18, 4, 19, 3], [5, 22, 6, 23], [7, 13, 8, 12]]"
12n_0751_71,"[[7, 13, 8, 12], [9, 17, 10, 16], [11, 21, 12, 20], [13, 24, 14, 1], [15, 9, 16, 8], [2, 18, 3, 17], [19, 11, 20, 10], [21, 4, 22, 5], [23, 6, 24, 7], [1, 14, 2, 15], [18, 4, 19, 3], [5, 22, 6, 23]]"
12n_0751_72,"[[6, 23, 7, 24], [8, 14, 9, 13], [10, 18, 11, 17], [12, 22, 13, 21], [14, 1, 15, 2], [16, 10, 17, 9], [3, 19, 4, 18], [20, 12, 21, 11], [22, 5, 23, 6], [24, 7, 1, 8], [2, 15, 3, 16], [19, 5, 20, 4]]"
12n_0751_73,"[[19, 5, 20, 4], [6, 23, 7, 24], [8, 14, 9, 13], [10, 18, 11, 17], [12, 22, 13, 21], [14, 1, 15, 2], [16, 10, 17, 9], [3, 19, 4, 18], [20, 12, 21, 11], [22, 5, 23, 6], [24, 7, 1, 8], [2, 15, 3, 16]]"
12n_0751_74,"[[2, 15, 3, 16], [19, 5, 20, 4], [6, 23, 7, 24], [8, 14, 9, 13], [10, 18, 11, 17], [12, 22, 13, 21], [14, 1, 15, 2], [16, 10, 17, 9], [3, 19, 4, 18], [20, 12, 21, 11], [22, 5, 23, 6], [24, 7, 1, 8]]"
12n_0751_75,"[[24, 7, 1, 8], [2, 15, 3, 16], [19, 5, 20, 4], [6, 23, 7, 24], [8, 14, 9, 13], [10, 18, 11, 17], [12, 22, 13, 21], [14, 1, 15, 2], [16, 10, 17, 9], [3, 19, 4, 18], [20, 12, 21, 11], [22, 5, 23, 6]]"
12n_0751_76,"[[22, 5, 23, 6], [24, 7, 1, 8], [2, 15, 3, 16], [19, 5, 20, 4], [6, 23, 7, 24], [8, 14, 9, 13], [10, 18, 11, 17], [12, 22, 13, 21], [14, 1, 15, 2], [16, 10, 17, 9], [3, 19, 4, 18], [20, 12, 21, 11]]"
12n_0751_77,"[[20, 12, 21, 11], [22, 5, 23, 6], [24, 7, 1, 8], [2, 15, 3, 16], [19, 5, 20, 4], [6, 23, 7, 24], [8, 14, 9, 13], [10, 18, 11, 17], [12, 22, 13, 21], [14, 1, 15, 2], [16, 10, 17, 9], [3, 19, 4, 18]]"
12n_0751_78,"[[3, 19, 4, 18], [20, 12, 21, 11], [22, 5, 23, 6], [24, 7, 1, 8], [2, 15, 3, 16], [19, 5, 20, 4], [6, 23, 7, 24], [8, 14, 9, 13], [10, 18, 11, 17], [12, 22, 13, 21], [14, 1, 15, 2], [16, 10, 17, 9]]"
12n_0751_79,"[[16, 10, 17, 9], [3, 19, 4, 18], [20, 12, 21, 11], [22, 5, 23, 6], [24, 7, 1, 8], [2, 15, 3, 16], [19, 5, 20, 4], [6, 23, 7, 24], [8, 14, 9, 13], [10, 18, 11, 17], [12, 22, 13, 21], [14, 1, 15, 2]]"
12n_0751_80,"[[14, 1, 15, 2], [16, 10, 17, 9], [3, 19, 4, 18], [20, 12, 21, 11], [22, 5, 23, 6], [24, 7, 1, 8], [2, 15, 3, 16], [19, 5, 20, 4], [6, 23, 7, 24], [8, 14, 9, 13], [10, 18, 11, 17], [12, 22, 13, 21]]"
12n_0751_81,"[[12, 22, 13, 21], [14, 1, 15, 2], [16, 10, 17, 9], [3, 19, 4, 18], [20, 12, 21, 11], [22, 5, 23, 6], [24, 7, 1, 8], [2, 15, 3, 16], [19, 5, 20, 4], [6, 23, 7, 24], [8, 14, 9, 13], [10, 18, 11, 17]]"
12n_0751_82,"[[10, 18, 11, 17], [12, 22, 13, 21], [14, 1, 15, 2], [16, 10, 17, 9], [3, 19, 4, 18], [20, 12, 21, 11], [22, 5, 23, 6], [24, 7, 1, 8], [2, 15, 3, 16], [19, 5, 20, 4], [6, 23, 7, 24], [8, 14, 9, 13]]"
12n_0751_83,"[[8, 14, 9, 13], [10, 18, 11, 17], [12, 22, 13, 21], [14, 1, 15, 2], [16, 10, 17, 9], [3, 19, 4, 18], [20, 12, 21, 11], [22, 5, 23, 6], [24, 7, 1, 8], [2, 15, 3, 16], [19, 5, 20, 4], [6, 23, 7, 24]]"
12n_0751_84,"[[7, 24, 8, 1], [9, 15, 10, 14], [11, 19, 12, 18], [13, 23, 14, 22], [15, 2, 16, 3], [17, 11, 18, 10], [4, 20, 5, 19], [21, 13, 22, 12], [23, 6, 24, 7], [1, 8, 2, 9], [3, 16, 4, 17], [20, 6, 21, 5]]"
12n_0751_85,"[[20, 6, 21, 5], [7, 24, 8, 1], [9, 15, 10, 14], [11, 19, 12, 18], [13, 23, 14, 22], [15, 2, 16, 3], [17, 11, 18, 10], [4, 20, 5, 19], [21, 13, 22, 12], [23, 6, 24, 7], [1, 8, 2, 9], [3, 16, 4, 17]]"
12n_0751_86,"[[3, 16, 4, 17], [20, 6, 21, 5], [7, 24, 8, 1], [9, 15, 10, 14], [11, 19, 12, 18], [13, 23, 14, 22], [15, 2, 16, 3], [17, 11, 18, 10], [4, 20, 5, 19], [21, 13, 22, 12], [23, 6, 24, 7], [1, 8, 2, 9]]"
12n_0751_87,"[[1, 8, 2, 9], [3, 16, 4, 17], [20, 6, 21, 5], [7, 24, 8, 1], [9, 15, 10, 14], [11, 19, 12, 18], [13, 23, 14, 22], [15, 2, 16, 3], [17, 11, 18, 10], [4, 20, 5, 19], [21, 13, 22, 12], [23, 6, 24, 7]]"
12n_0751_88,"[[23, 6, 24, 7], [1, 8, 2, 9], [3, 16, 4, 17], [20, 6, 21, 5], [7, 24, 8, 1], [9, 15, 10, 14], [11, 19, 12, 18], [13, 23, 14, 22], [15, 2, 16, 3], [17, 11, 18, 10], [4, 20, 5, 19], [21, 13, 22, 12]]"
12n_0751_89,"[[21, 13, 22, 12], [23, 6, 24, 7], [1, 8, 2, 9], [3, 16, 4, 17], [20, 6, 21, 5], [7, 24, 8, 1], [9, 15, 10, 14], [11, 19, 12, 18], [13, 23, 14, 22], [15, 2, 16, 3], [17, 11, 18, 10], [4, 20, 5, 19]]"
12n_0751_90,"[[4, 20, 5, 19], [21, 13, 22, 12], [23, 6, 24, 7], [1, 8, 2, 9], [3, 16, 4, 17], [20, 6, 21, 5], [7, 24, 8, 1], [9, 15, 10, 14], [11, 19, 12, 18], [13, 23, 14, 22], [15, 2, 16, 3], [17, 11, 18, 10]]"
12n_0751_91,"[[17, 11, 18, 10], [4, 20, 5, 19], [21, 13, 22, 12], [23, 6, 24, 7], [1, 8, 2, 9], [3, 16, 4, 17], [20, 6, 21, 5], [7, 24, 8, 1], [9, 15, 10, 14], [11, 19, 12, 18], [13, 23, 14, 22], [15, 2, 16, 3]]"
12n_0751_92,"[[15, 2, 16, 3], [17, 11, 18, 10], [4, 20, 5, 19], [21, 13, 22, 12], [23, 6, 24, 7], [1, 8, 2, 9], [3, 16, 4, 17], [20, 6, 21, 5], [7, 24, 8, 1], [9, 15, 10, 14], [11, 19, 12, 18], [13, 23, 14, 22]]"
12n_0751_93,"[[13, 23, 14, 22], [15, 2, 16, 3], [17, 11, 18, 10], [4, 20, 5, 19], [21, 13, 22, 12], [23, 6, 24, 7], [1, 8, 2, 9], [3, 16, 4, 17], [20, 6, 21, 5], [7, 24, 8, 1], [9, 15, 10, 14], [11, 19, 12, 18]]"
12n_0751_94,"[[11, 19, 12, 18], [13, 23, 14, 22], [15, 2, 16, 3], [17, 11, 18, 10], [4, 20, 5, 19], [21, 13, 22, 12], [23, 6, 24, 7], [1, 8, 2, 9], [3, 16, 4, 17], [20, 6, 21, 5], [7, 24, 8, 1], [9, 15, 10, 14]]"
12n_0751_95,"[[9, 15, 10, 14], [11, 19, 12, 18], [13, 23, 14, 22], [15, 2, 16, 3], [17, 11, 18, 10], [4, 20, 5, 19], [21, 13, 22, 12], [23, 6, 24, 7], [1, 8, 2, 9], [3, 16, 4, 17], [20, 6, 21, 5], [7, 24, 8, 1]]"
12n_0751_96,"[[8, 1, 9, 2], [10, 16, 11, 15], [12, 20, 13, 19], [14, 24, 15, 23], [16, 3, 17, 4], [18, 12, 19, 11], [5, 21, 6, 20], [22, 14, 23, 13], [24, 7, 1, 8], [2, 9, 3, 10], [4, 17, 5, 18], [21, 7, 22, 6]]"
12n_0751_97,"[[21, 7, 22, 6], [8, 1, 9, 2], [10, 16, 11, 15], [12, 20, 13, 19], [14, 24, 15, 23], [16, 3, 17, 4], [18, 12, 19, 11], [5, 21, 6, 20], [22, 14, 23, 13], [24, 7, 1, 8], [2, 9, 3, 10], [4, 17, 5, 18]]"
12n_0751_98,"[[4, 17, 5, 18], [21, 7, 22, 6], [8, 1, 9, 2], [10, 16, 11, 15], [12, 20, 13, 19], [14, 24, 15, 23], [16, 3, 17, 4], [18, 12, 19, 11], [5, 21, 6, 20], [22, 14, 23, 13], [24, 7, 1, 8], [2, 9, 3, 10]]"
12n_0751_99,"[[2, 9, 3, 10], [4, 17, 5, 18], [21, 7, 22, 6], [8, 1, 9, 2], [10, 16, 11, 15], [12, 20, 13, 19], [14, 24, 15, 23], [16, 3, 17, 4], [18, 12, 19, 11], [5, 21, 6, 20], [22, 14, 23, 13], [24, 7, 1, 8]]"
12n_0751_100,"[[24, 7, 1, 8], [2, 9, 3, 10], [4, 17, 5, 18], [21, 7, 22, 6], [8, 1, 9, 2], [10, 16, 11, 15], [12, 20, 13, 19], [14, 24, 15, 23], [16, 3, 17, 4], [18, 12, 19, 11], [5, 21, 6, 20], [22, 14, 23, 13]]"
12n_0751_101,"[[22, 14, 23, 13], [24, 7, 1, 8], [2, 9, 3, 10], [4, 17, 5, 18], [21, 7, 22, 6], [8, 1, 9, 2], [10, 16, 11, 15], [12, 20, 13, 19], [14, 24, 15, 23], [16, 3, 17, 4], [18, 12, 19, 11], [5, 21, 6, 20]]"
12n_0751_102,"[[5, 21, 6, 20], [22, 14, 23, 13], [24, 7, 1, 8], [2, 9, 3, 10], [4, 17, 5, 18], [21, 7, 22, 6], [8, 1, 9, 2], [10, 16, 11, 15], [12, 20, 13, 19], [14, 24, 15, 23], [16, 3, 17, 4], [18, 12, 19, 11]]"
12n_0751_103,"[[18, 12, 19, 11], [5, 21, 6, 20], [22, 14, 23, 13], [24, 7, 1, 8], [2, 9, 3, 10], [4, 17, 5, 18], [21, 7, 22, 6], [8, 1, 9, 2], [10, 16, 11, 15], [12, 20, 13, 19], [14, 24, 15, 23], [16, 3, 17, 4]]"
12n_0751_104,"[[16, 3, 17, 4], [18, 12, 19, 11], [5, 21, 6, 20], [22, 14, 23, 13], [24, 7, 1, 8], [2, 9, 3, 10], [4, 17, 5, 18], [21, 7, 22, 6], [8, 1, 9, 2], [10, 16, 11, 15], [12, 20, 13, 19], [14, 24, 15, 23]]"
12n_0751_105,"[[14, 24, 15, 23], [16, 3, 17, 4], [18, 12, 19, 11], [5, 21, 6, 20], [22, 14, 23, 13], [24, 7, 1, 8], [2, 9, 3, 10], [4, 17, 5, 18], [21, 7, 22, 6], [8, 1, 9, 2], [10, 16, 11, 15], [12, 20, 13, 19]]"
12n_0751_106,"[[12, 20, 13, 19], [14, 24, 15, 23], [16, 3, 17, 4], [18, 12, 19, 11], [5, 21, 6, 20], [22, 14, 23, 13], [24, 7, 1, 8], [2, 9, 3, 10], [4, 17, 5, 18], [21, 7, 22, 6], [8, 1, 9, 2], [10, 16, 11, 15]]"
12n_0751_107,"[[10, 16, 11, 15], [12, 20, 13, 19], [14, 24, 15, 23], [16, 3, 17, 4], [18, 12, 19, 11], [5, 21, 6, 20], [22, 14, 23, 13], [24, 7, 1, 8], [2, 9, 3, 10], [4, 17, 5, 18], [21, 7, 22, 6], [8, 1, 9, 2]]"
12n_0751_108,"[[9, 2, 10, 3], [11, 17, 12, 16], [13, 21, 14, 20], [15, 1, 16, 24], [17, 4, 18, 5], [19, 13, 20, 12], [6, 22, 7, 21], [23, 15, 24, 14], [1, 8, 2, 9], [3, 10, 4, 11], [5, 18, 6, 19], [22, 8, 23, 7]]"
12n_0751_109,"[[22, 8, 23, 7], [9, 2, 10, 3], [11, 17, 12, 16], [13, 21, 14, 20], [15, 1, 16, 24], [17, 4, 18, 5], [19, 13, 20, 12], [6, 22, 7, 21], [23, 15, 24, 14], [1, 8, 2, 9], [3, 10, 4, 11], [5, 18, 6, 19]]"
12n_0751_110,"[[5, 18, 6, 19], [22, 8, 23, 7], [9, 2, 10, 3], [11, 17, 12, 16], [13, 21, 14, 20], [15, 1, 16, 24], [17, 4, 18, 5], [19, 13, 20, 12], [6, 22, 7, 21], [23, 15, 24, 14], [1, 8, 2, 9], [3, 10, 4, 11]]"
12n_0751_111,"[[3, 10, 4, 11], [5, 18, 6, 19], [22, 8, 23, 7], [9, 2, 10, 3], [11, 17, 12, 16], [13, 21, 14, 20], [15, 1, 16, 24], [17, 4, 18, 5], [19, 13, 20, 12], [6, 22, 7, 21], [23, 15, 24, 14], [1, 8, 2, 9]]"
12n_0751_112,"[[1, 8, 2, 9], [3, 10, 4, 11], [5, 18, 6, 19], [22, 8, 23, 7], [9, 2, 10, 3], [11, 17, 12, 16], [13, 21, 14, 20], [15, 1, 16, 24], [17, 4, 18, 5], [19, 13, 20, 12], [6, 22, 7, 21], [23, 15, 24, 14]]"
12n_0751_113,"[[23, 15, 24, 14], [1, 8, 2, 9], [3, 10, 4, 11], [5, 18, 6, 19], [22, 8, 23, 7], [9, 2, 10, 3], [11, 17, 12, 16], [13, 21, 14, 20], [15, 1, 16, 24], [17, 4, 18, 5], [19, 13, 20, 12], [6, 22, 7, 21]]"
12n_0751_114,"[[6, 22, 7, 21], [23, 15, 24, 14], [1, 8, 2, 9], [3, 10, 4, 11], [5, 18, 6, 19], [22, 8, 23, 7], [9, 2, 10, 3], [11, 17, 12, 16], [13, 21, 14, 20], [15, 1, 16, 24], [17, 4, 18, 5], [19, 13, 20, 12]]"
12n_0751_115,"[[19, 13, 20, 12], [6, 22, 7, 21], [23, 15, 24, 14], [1, 8, 2, 9], [3, 10, 4, 11], [5, 18, 6, 19], [22, 8, 23, 7], [9, 2, 10, 3], [11, 17, 12, 16], [13, 21, 14, 20], [15, 1, 16, 24], [17, 4, 18, 5]]"
12n_0751_116,"[[17, 4, 18, 5], [19, 13, 20, 12], [6, 22, 7, 21], [23, 15, 24, 14], [1, 8, 2, 9], [3, 10, 4, 11], [5, 18, 6, 19], [22, 8, 23, 7], [9, 2, 10, 3], [11, 17, 12, 16], [13, 21, 14, 20], [15, 1, 16, 24]]"
12n_0751_117,"[[15, 1, 16, 24], [17, 4, 18, 5], [19, 13, 20, 12], [6, 22, 7, 21], [23, 15, 24, 14], [1, 8, 2, 9], [3, 10, 4, 11], [5, 18, 6, 19], [22, 8, 23, 7], [9, 2, 10, 3], [11, 17, 12, 16], [13, 21, 14, 20]]"
12n_0751_118,"[[13, 21, 14, 20], [15, 1, 16, 24], [17, 4, 18, 5], [19, 13, 20, 12], [6, 22, 7, 21], [23, 15, 24, 14], [1, 8, 2, 9], [3, 10, 4, 11], [5, 18, 6, 19], [22, 8, 23, 7], [9, 2, 10, 3], [11, 17, 12, 16]]"
12n_0751_119,"[[11, 17, 12, 16], [13, 21, 14, 20], [15, 1, 16, 24], [17, 4, 18, 5], [19, 13, 20, 12], [6, 22, 7, 21], [23, 15, 24, 14], [1, 8, 2, 9], [3, 10, 4, 11], [5, 18, 6, 19], [22, 8, 23, 7], [9, 2, 10, 3]]"
12n_0751_120,"[[10, 3, 11, 4], [12, 18, 13, 17], [14, 22, 15, 21], [16, 2, 17, 1], [18, 5, 19, 6], [20, 14, 21, 13], [7, 23, 8, 22], [24, 16, 1, 15], [2, 9, 3, 10], [4, 11, 5, 12], [6, 19, 7, 20], [23, 9, 24, 8]]"
12n_0751_121,"[[23, 9, 24, 8], [10, 3, 11, 4], [12, 18, 13, 17], [14, 22, 15, 21], [16, 2, 17, 1], [18, 5, 19, 6], [20, 14, 21, 13], [7, 23, 8, 22], [24, 16, 1, 15], [2, 9, 3, 10], [4, 11, 5, 12], [6, 19, 7, 20]]"
12n_0751_122,"[[6, 19, 7, 20], [23, 9, 24, 8], [10, 3, 11, 4], [12, 18, 13, 17], [14, 22, 15, 21], [16, 2, 17, 1], [18, 5, 19, 6], [20, 14, 21, 13], [7, 23, 8, 22], [24, 16, 1, 15], [2, 9, 3, 10], [4, 11, 5, 12]]"
12n_0751_123,"[[4, 11, 5, 12], [6, 19, 7, 20], [23, 9, 24, 8], [10, 3, 11, 4], [12, 18, 13, 17], [14, 22, 15, 21], [16, 2, 17, 1], [18, 5, 19, 6], [20, 14, 21, 13], [7, 23, 8, 22], [24, 16, 1, 15], [2, 9, 3, 10]]"
12n_0751_124,"[[2, 9, 3, 10], [4, 11, 5, 12], [6, 19, 7, 20], [23, 9, 24, 8], [10, 3, 11, 4], [12, 18, 13, 17], [14, 22, 15, 21], [16, 2, 17, 1], [18, 5, 19, 6], [20, 14, 21, 13], [7, 23, 8, 22], [24, 16, 1, 15]]"
12n_0751_125,"[[24, 16, 1, 15], [2, 9, 3, 10], [4, 11, 5, 12], [6, 19, 7, 20], [23, 9, 24, 8], [10, 3, 11, 4], [12, 18, 13, 17], [14, 22, 15, 21], [16, 2, 17, 1], [18, 5, 19, 6], [20, 14, 21, 13], [7, 23, 8, 22]]"
12n_0751_126,"[[7, 23, 8, 22], [24, 16, 1, 15], [2, 9, 3, 10], [4, 11, 5, 12], [6, 19, 7, 20], [23, 9, 24, 8], [10, 3, 11, 4], [12, 18, 13, 17], [14, 22, 15, 21], [16, 2, 17, 1], [18, 5, 19, 6], [20, 14, 21, 13]]"
12n_0751_127,"[[20, 14, 21, 13], [7, 23, 8, 22], [24, 16, 1, 15], [2, 9, 3, 10], [4, 11, 5, 12], [6, 19, 7, 20], [23, 9, 24, 8], [10, 3, 11, 4], [12, 18, 13, 17], [14, 22, 15, 21], [16, 2, 17, 1], [18, 5, 19, 6]]"
12n_0751_128,"[[18, 5, 19, 6], [20, 14, 21, 13], [7, 23, 8, 22], [24, 16, 1, 15], [2, 9, 3, 10], [4, 11, 5, 12], [6, 19, 7, 20], [23, 9, 24, 8], [10, 3, 11, 4], [12, 18, 13, 17], [14, 22, 15, 21], [16, 2, 17, 1]]"
12n_0751_129,"[[16, 2, 17, 1], [18, 5, 19, 6], [20, 14, 21, 13], [7, 23, 8, 22], [24, 16, 1, 15], [2, 9, 3, 10], [4, 11, 5, 12], [6, 19, 7, 20], [23, 9, 24, 8], [10, 3, 11, 4], [12, 18, 13, 17], [14, 22, 15, 21]]"
12n_0751_130,"[[14, 22, 15, 21], [16, 2, 17, 1], [18, 5, 19, 6], [20, 14, 21, 13], [7, 23, 8, 22], [24, 16, 1, 15], [2, 9, 3, 10], [4, 11, 5, 12], [6, 19, 7, 20], [23, 9, 24, 8], [10, 3, 11, 4], [12, 18, 13, 17]]"
12n_0751_131,"[[12, 18, 13, 17], [14, 22, 15, 21], [16, 2, 17, 1], [18, 5, 19, 6], [20, 14, 21, 13], [7, 23, 8, 22], [24, 16, 1, 15], [2, 9, 3, 10], [4, 11, 5, 12], [6, 19, 7, 20], [23, 9, 24, 8], [10, 3, 11, 4]]"
12n_0751_132,"[[11, 4, 12, 5], [13, 19, 14, 18], [15, 23, 16, 22], [17, 3, 18, 2], [19, 6, 20, 7], [21, 15, 22, 14], [8, 24, 9, 23], [1, 17, 2, 16], [3, 10, 4, 11], [5, 12, 6, 13], [7, 20, 8, 21], [24, 10, 1, 9]]"
12n_0751_133,"[[24, 10, 1, 9], [11, 4, 12, 5], [13, 19, 14, 18], [15, 23, 16, 22], [17, 3, 18, 2], [19, 6, 20, 7], [21, 15, 22, 14], [8, 24, 9, 23], [1, 17, 2, 16], [3, 10, 4, 11], [5, 12, 6, 13], [7, 20, 8, 21]]"
12n_0751_134,"[[7, 20, 8, 21], [24, 10, 1, 9], [11, 4, 12, 5], [13, 19, 14, 18], [15, 23, 16, 22], [17, 3, 18, 2], [19, 6, 20, 7], [21, 15, 22, 14], [8, 24, 9, 23], [1, 17, 2, 16], [3, 10, 4, 11], [5, 12, 6, 13]]"
12n_0751_135,"[[5, 12, 6, 13], [7, 20, 8, 21], [24, 10, 1, 9], [11, 4, 12, 5], [13, 19, 14, 18], [15, 23, 16, 22], [17, 3, 18, 2], [19, 6, 20, 7], [21, 15, 22, 14], [8, 24, 9, 23], [1, 17, 2, 16], [3, 10, 4, 11]]"
12n_0751_136,"[[3, 10, 4, 11], [5, 12, 6, 13], [7, 20, 8, 21], [24, 10, 1, 9], [11, 4, 12, 5], [13, 19, 14, 18], [15, 23, 16, 22], [17, 3, 18, 2], [19, 6, 20, 7], [21, 15, 22, 14], [8, 24, 9, 23], [1, 17, 2, 16]]"
12n_0751_137,"[[1, 17, 2, 16], [3, 10, 4, 11], [5, 12, 6, 13], [7, 20, 8, 21], [24, 10, 1, 9], [11, 4, 12, 5], [13, 19, 14, 18], [15, 23, 16, 22], [17, 3, 18, 2], [19, 6, 20, 7], [21, 15, 22, 14], [8, 24, 9, 23]]"
12n_0751_138,"[[8, 24, 9, 23], [1, 17, 2, 16], [3, 10, 4, 11], [5, 12, 6, 13], [7, 20, 8, 21], [24, 10, 1, 9], [11, 4, 12, 5], [13, 19, 14, 18], [15, 23, 16, 22], [17, 3, 18, 2], [19, 6, 20, 7], [21, 15, 22, 14]]"
12n_0751_139,"[[21, 15, 22, 14], [8, 24, 9, 23], [1, 17, 2, 16], [3, 10, 4, 11], [5, 12, 6, 13], [7, 20, 8, 21], [24, 10, 1, 9], [11, 4, 12, 5], [13, 19, 14, 18], [15, 23, 16, 22], [17, 3, 18, 2], [19, 6, 20, 7]]"
12n_0751_140,"[[19, 6, 20, 7], [21, 15, 22, 14], [8, 24, 9, 23], [1, 17, 2, 16], [3, 10, 4, 11], [5, 12, 6, 13], [7, 20, 8, 21], [24, 10, 1, 9], [11, 4, 12, 5], [13, 19, 14, 18], [15, 23, 16, 22], [17, 3, 18, 2]]"
12n_0751_141,"[[17, 3, 18, 2], [19, 6, 20, 7], [21, 15, 22, 14], [8, 24, 9, 23], [1, 17, 2, 16], [3, 10, 4, 11], [5, 12, 6, 13], [7, 20, 8, 21], [24, 10, 1, 9], [11, 4, 12, 5], [13, 19, 14, 18], [15, 23, 16, 22]]"
12n_0751_142,"[[15, 23, 16, 22], [17, 3, 18, 2], [19, 6, 20, 7], [21, 15, 22, 14], [8, 24, 9, 23], [1, 17, 2, 16], [3, 10, 4, 11], [5, 12, 6, 13], [7, 20, 8, 21], [24, 10, 1, 9], [11, 4, 12, 5], [13, 19, 14, 18]]"
12n_0751_143,"[[13, 19, 14, 18], [15, 23, 16, 22], [17, 3, 18, 2], [19, 6, 20, 7], [21, 15, 22, 14], [8, 24, 9, 23], [1, 17, 2, 16], [3, 10, 4, 11], [5, 12, 6, 13], [7, 20, 8, 21], [24, 10, 1, 9], [11, 4, 12, 5]]"
12n_0751_144,"[[12, 5, 13, 6], [14, 20, 15, 19], [16, 24, 17, 23], [18, 4, 19, 3], [20, 7, 21, 8], [22, 16, 23, 15], [9, 1, 10, 24], [2, 18, 3, 17], [4, 11, 5, 12], [6, 13, 7, 14], [8, 21, 9, 22], [1, 11, 2, 10]]"
12n_0751_145,"[[1, 11, 2, 10], [12, 5, 13, 6], [14, 20, 15, 19], [16, 24, 17, 23], [18, 4, 19, 3], [20, 7, 21, 8], [22, 16, 23, 15], [9, 1, 10, 24], [2, 18, 3, 17], [4, 11, 5, 12], [6, 13, 7, 14], [8, 21, 9, 22]]"
12n_0751_146,"[[8, 21, 9, 22], [1, 11, 2, 10], [12, 5, 13, 6], [14, 20, 15, 19], [16, 24, 17, 23], [18, 4, 19, 3], [20, 7, 21, 8], [22, 16, 23, 15], [9, 1, 10, 24], [2, 18, 3, 17], [4, 11, 5, 12], [6, 13, 7, 14]]"
12n_0751_147,"[[6, 13, 7, 14], [8, 21, 9, 22], [1, 11, 2, 10], [12, 5, 13, 6], [14, 20, 15, 19], [16, 24, 17, 23], [18, 4, 19, 3], [20, 7, 21, 8], [22, 16, 23, 15], [9, 1, 10, 24], [2, 18, 3, 17], [4, 11, 5, 12]]"
12n_0751_148,"[[4, 11, 5, 12], [6, 13, 7, 14], [8, 21, 9, 22], [1, 11, 2, 10], [12, 5, 13, 6], [14, 20, 15, 19], [16, 24, 17, 23], [18, 4, 19, 3], [20, 7, 21, 8], [22, 16, 23, 15], [9, 1, 10, 24], [2, 18, 3, 17]]"
12n_0751_149,"[[2, 18, 3, 17], [4, 11, 5, 12], [6, 13, 7, 14], [8, 21, 9, 22], [1, 11, 2, 10], [12, 5, 13, 6], [14, 20, 15, 19], [16, 24, 17, 23], [18, 4, 19, 3], [20, 7, 21, 8], [22, 16, 23, 15], [9, 1, 10, 24]]"
12n_0751_150,"[[9, 1, 10, 24], [2, 18, 3, 17], [4, 11, 5, 12], [6, 13, 7, 14], [8, 21, 9, 22], [1, 11, 2, 10], [12, 5, 13, 6], [14, 20, 15, 19], [16, 24, 17, 23], [18, 4, 19, 3], [20, 7, 21, 8], [22, 16, 23, 15]]"
12n_0751_151,"[[22, 16, 23, 15], [9, 1, 10, 24], [2, 18, 3, 17], [4, 11, 5, 12], [6, 13, 7, 14], [8, 21, 9, 22], [1, 11, 2, 10], [12, 5, 13, 6], [14, 20, 15, 19], [16, 24, 17, 23], [18, 4, 19, 3], [20, 7, 21, 8]]"
12n_0751_152,"[[20, 7, 21, 8], [22, 16, 23, 15], [9, 1, 10, 24], [2, 18, 3, 17], [4, 11, 5, 12], [6, 13, 7, 14], [8, 21, 9, 22], [1, 11, 2, 10], [12, 5, 13, 6], [14, 20, 15, 19], [16, 24, 17, 23], [18, 4, 19, 3]]"
12n_0751_153,"[[18, 4, 19, 3], [20, 7, 21, 8], [22, 16, 23, 15], [9, 1, 10, 24], [2, 18, 3, 17], [4, 11, 5, 12], [6, 13, 7, 14], [8, 21, 9, 22], [1, 11, 2, 10], [12, 5, 13, 6], [14, 20, 15, 19], [16, 24, 17, 23]]"
12n_0751_154,"[[16, 24, 17, 23], [18, 4, 19, 3], [20, 7, 21, 8], [22, 16, 23, 15], [9, 1, 10, 24], [2, 18, 3, 17], [4, 11, 5, 12], [6, 13, 7, 14], [8, 21, 9, 22], [1, 11, 2, 10], [12, 5, 13, 6], [14, 20, 15, 19]]"
12n_0751_155,"[[14, 20, 15, 19], [16, 24, 17, 23], [18, 4, 19, 3], [20, 7, 21, 8], [22, 16, 23, 15], [9, 1, 10, 24], [2, 18, 3, 17], [4, 11, 5, 12], [6, 13, 7, 14], [8, 21, 9, 22], [1, 11, 2, 10], [12, 5, 13, 6]]"
12n_0751_156,"[[13, 6, 14, 7], [15, 21, 16, 20], [17, 1, 18, 24], [19, 5, 20, 4], [21, 8, 22, 9], [23, 17, 24, 16], [10, 2, 11, 1], [3, 19, 4, 18], [5, 12, 6, 13], [7, 14, 8, 15], [9, 22, 10, 23], [2, 12, 3, 11]]"
12n_0751_157,"[[2, 12, 3, 11], [13, 6, 14, 7], [15, 21, 16, 20], [17, 1, 18, 24], [19, 5, 20, 4], [21, 8, 22, 9], [23, 17, 24, 16], [10, 2, 11, 1], [3, 19, 4, 18], [5, 12, 6, 13], [7, 14, 8, 15], [9, 22, 10, 23]]"
12n_0751_158,"[[9, 22, 10, 23], [2, 12, 3, 11], [13, 6, 14, 7], [15, 21, 16, 20], [17, 1, 18, 24], [19, 5, 20, 4], [21, 8, 22, 9], [23, 17, 24, 16], [10, 2, 11, 1], [3, 19, 4, 18], [5, 12, 6, 13], [7, 14, 8, 15]]"
12n_0751_159,"[[7, 14, 8, 15], [9, 22, 10, 23], [2, 12, 3, 11], [13, 6, 14, 7], [15, 21, 16, 20], [17, 1, 18, 24], [19, 5, 20, 4], [21, 8, 22, 9], [23, 17, 24, 16], [10, 2, 11, 1], [3, 19, 4, 18], [5, 12, 6, 13]]"
12n_0751_160,"[[5, 12, 6, 13], [7, 14, 8, 15], [9, 22, 10, 23], [2, 12, 3, 11], [13, 6, 14, 7], [15, 21, 16, 20], [17, 1, 18, 24], [19, 5, 20, 4], [21, 8, 22, 9], [23, 17, 24, 16], [10, 2, 11, 1], [3, 19, 4, 18]]"
12n_0751_161,"[[3, 19, 4, 18], [5, 12, 6, 13], [7, 14, 8, 15], [9, 22, 10, 23], [2, 12, 3, 11], [13, 6, 14, 7], [15, 21, 16, 20], [17, 1, 18, 24], [19, 5, 20, 4], [21, 8, 22, 9], [23, 17, 24, 16], [10, 2, 11, 1]]"
12n_0751_162,"[[10, 2, 11, 1], [3, 19, 4, 18], [5, 12, 6, 13], [7, 14, 8, 15], [9, 22, 10, 23], [2, 12, 3, 11], [13, 6, 14, 7], [15, 21, 16, 20], [17, 1, 18, 24], [19, 5, 20, 4], [21, 8, 22, 9], [23, 17, 24, 16]]"
12n_0751_163,"[[23, 17, 24, 16], [10, 2, 11, 1], [3, 19, 4, 18], [5, 12, 6, 13], [7, 14, 8, 15], [9, 22, 10, 23], [2, 12, 3, 11], [13, 6, 14, 7], [15, 21, 16, 20], [17, 1, 18, 24], [19, 5, 20, 4], [21, 8, 22, 9]]"
12n_0751_164,"[[21, 8, 22, 9], [23, 17, 24, 16], [10, 2, 11, 1], [3, 19, 4, 18], [5, 12, 6, 13], [7, 14, 8, 15], [9, 22, 10, 23], [2, 12, 3, 11], [13, 6, 14, 7], [15, 21, 16, 20], [17, 1, 18, 24], [19, 5, 20, 4]]"
12n_0751_165,"[[19, 5, 20, 4], [21, 8, 22, 9], [23, 17, 24, 16], [10, 2, 11, 1], [3, 19, 4, 18], [5, 12, 6, 13], [7, 14, 8, 15], [9, 22, 10, 23], [2, 12, 3, 11], [13, 6, 14, 7], [15, 21, 16, 20], [17, 1, 18, 24]]"
12n_0751_166,"[[17, 1, 18, 24], [19, 5, 20, 4], [21, 8, 22, 9], [23, 17, 24, 16], [10, 2, 11, 1], [3, 19, 4, 18], [5, 12, 6, 13], [7, 14, 8, 15], [9, 22, 10, 23], [2, 12, 3, 11], [13, 6, 14, 7], [15, 21, 16, 20]]"
12n_0751_167,"[[15, 21, 16, 20], [17, 1, 18, 24], [19, 5, 20, 4], [21, 8, 22, 9], [23, 17, 24, 16], [10, 2, 11, 1], [3, 19, 4, 18], [5, 12, 6, 13], [7, 14, 8, 15], [9, 22, 10, 23], [2, 12, 3, 11], [13, 6, 14, 7]]"
12n_0751_168,"[[14, 7, 15, 8], [16, 22, 17, 21], [18, 2, 19, 1], [20, 6, 21, 5], [22, 9, 23, 10], [24, 18, 1, 17], [11, 3, 12, 2], [4, 20, 5, 19], [6, 13, 7, 14], [8, 15, 9, 16], [10, 23, 11, 24], [3, 13, 4, 12]]"
12n_0751_169,"[[3, 13, 4, 12], [14, 7, 15, 8], [16, 22, 17, 21], [18, 2, 19, 1], [20, 6, 21, 5], [22, 9, 23, 10], [24, 18, 1, 17], [11, 3, 12, 2], [4, 20, 5, 19], [6, 13, 7, 14], [8, 15, 9, 16], [10, 23, 11, 24]]"
12n_0751_170,"[[10, 23, 11, 24], [3, 13, 4, 12], [14, 7, 15, 8], [16, 22, 17, 21], [18, 2, 19, 1], [20, 6, 21, 5], [22, 9, 23, 10], [24, 18, 1, 17], [11, 3, 12, 2], [4, 20, 5, 19], [6, 13, 7, 14], [8, 15, 9, 16]]"
12n_0751_171,"[[8, 15, 9, 16], [10, 23, 11, 24], [3, 13, 4, 12], [14, 7, 15, 8], [16, 22, 17, 21], [18, 2, 19, 1], [20, 6, 21, 5], [22, 9, 23, 10], [24, 18, 1, 17], [11, 3, 12, 2], [4, 20, 5, 19], [6, 13, 7, 14]]"
12n_0751_172,"[[6, 13, 7, 14], [8, 15, 9, 16], [10, 23, 11, 24], [3, 13, 4, 12], [14, 7, 15, 8], [16, 22, 17, 21], [18, 2, 19, 1], [20, 6, 21, 5], [22, 9, 23, 10], [24, 18, 1, 17], [11, 3, 12, 2], [4, 20, 5, 19]]"
12n_0751_173,"[[4, 20, 5, 19], [6, 13, 7, 14], [8, 15, 9, 16], [10, 23, 11, 24], [3, 13, 4, 12], [14, 7, 15, 8], [16, 22, 17, 21], [18, 2, 19, 1], [20, 6, 21, 5], [22, 9, 23, 10], [24, 18, 1, 17], [11, 3, 12, 2]]"
12n_0751_174,"[[11, 3, 12, 2], [4, 20, 5, 19], [6, 13, 7, 14], [8, 15, 9, 16], [10, 23, 11, 24], [3, 13, 4, 12], [14, 7, 15, 8], [16, 22, 17, 21], [18, 2, 19, 1], [20, 6, 21, 5], [22, 9, 23, 10], [24, 18, 1, 17]]"
12n_0751_175,"[[24, 18, 1, 17], [11, 3, 12, 2], [4, 20, 5, 19], [6, 13, 7, 14], [8, 15, 9, 16], [10, 23, 11, 24], [3, 13, 4, 12], [14, 7, 15, 8], [16, 22, 17, 21], [18, 2, 19, 1], [20, 6, 21, 5], [22, 9, 23, 10]]"
12n_0751_176,"[[22, 9, 23, 10], [24, 18, 1, 17], [11, 3, 12, 2], [4, 20, 5, 19], [6, 13, 7, 14], [8, 15, 9, 16], [10, 23, 11, 24], [3, 13, 4, 12], [14, 7, 15, 8], [16, 22, 17, 21], [18, 2, 19, 1], [20, 6, 21, 5]]"
12n_0751_177,"[[20, 6, 21, 5], [22, 9, 23, 10], [24, 18, 1, 17], [11, 3, 12, 2], [4, 20, 5, 19], [6, 13, 7, 14], [8, 15, 9, 16], [10, 23, 11, 24], [3, 13, 4, 12], [14, 7, 15, 8], [16, 22, 17, 21], [18, 2, 19, 1]]"
12n_0751_178,"[[18, 2, 19, 1], [20, 6, 21, 5], [22, 9, 23, 10], [24, 18, 1, 17], [11, 3, 12, 2], [4, 20, 5, 19], [6, 13, 7, 14], [8, 15, 9, 16], [10, 23, 11, 24], [3, 13, 4, 12], [14, 7, 15, 8], [16, 22, 17, 21]]"
12n_0751_179,"[[16, 22, 17, 21], [18, 2, 19, 1], [20, 6, 21, 5], [22, 9, 23, 10], [24, 18, 1, 17], [11, 3, 12, 2], [4, 20, 5, 19], [6, 13, 7, 14], [8, 15, 9, 16], [10, 23, 11, 24], [3, 13, 4, 12], [14, 7, 15, 8]]"
12n_0751_180,"[[15, 8, 16, 9], [17, 23, 18, 22], [19, 3, 20, 2], [21, 7, 22, 6], [23, 10, 24, 11], [1, 19, 2, 18], [12, 4, 13, 3], [5, 21, 6, 20], [7, 14, 8, 15], [9, 16, 10, 17], [11, 24, 12, 1], [4, 14, 5, 13]]"
12n_0751_181,"[[4, 14, 5, 13], [15, 8, 16, 9], [17, 23, 18, 22], [19, 3, 20, 2], [21, 7, 22, 6], [23, 10, 24, 11], [1, 19, 2, 18], [12, 4, 13, 3], [5, 21, 6, 20], [7, 14, 8, 15], [9, 16, 10, 17], [11, 24, 12, 1]]"
12n_0751_182,"[[11, 24, 12, 1], [4, 14, 5, 13], [15, 8, 16, 9], [17, 23, 18, 22], [19, 3, 20, 2], [21, 7, 22, 6], [23, 10, 24, 11], [1, 19, 2, 18], [12, 4, 13, 3], [5, 21, 6, 20], [7, 14, 8, 15], [9, 16, 10, 17]]"
12n_0751_183,"[[9, 16, 10, 17], [11, 24, 12, 1], [4, 14, 5, 13], [15, 8, 16, 9], [17, 23, 18, 22], [19, 3, 20, 2], [21, 7, 22, 6], [23, 10, 24, 11], [1, 19, 2, 18], [12, 4, 13, 3], [5, 21, 6, 20], [7, 14, 8, 15]]"
12n_0751_184,"[[7, 14, 8, 15], [9, 16, 10, 17], [11, 24, 12, 1], [4, 14, 5, 13], [15, 8, 16, 9], [17, 23, 18, 22], [19, 3, 20, 2], [21, 7, 22, 6], [23, 10, 24, 11], [1, 19, 2, 18], [12, 4, 13, 3], [5, 21, 6, 20]]"
12n_0751_185,"[[5, 21, 6, 20], [7, 14, 8, 15], [9, 16, 10, 17], [11, 24, 12, 1], [4, 14, 5, 13], [15, 8, 16, 9], [17, 23, 18, 22], [19, 3, 20, 2], [21, 7, 22, 6], [23, 10, 24, 11], [1, 19, 2, 18], [12, 4, 13, 3]]"
