name,pd_notation
12n_0412_0,"[[17, 24, 18, 1], [2, 6, 3, 5], [4, 12, 5, 11], [15, 6, 16, 7], [21, 9, 22, 8], [10, 4, 11, 3], [19, 12, 20, 13], [9, 14, 10, 15], [23, 16, 24, 17], [1, 18, 2, 19], [13, 20, 14, 21], [7, 23, 8, 22]]"
12n_0412_1,"[[7, 23, 8, 22], [17, 24, 18, 1], [2, 6, 3, 5], [4, 12, 5, 11], [15, 6, 16, 7], [21, 9, 22, 8], [10, 4, 11, 3], [19, 12, 20, 13], [9, 14, 10, 15], [23, 16, 24, 17], [1, 18, 2, 19], [13, 20, 14, 21]]"
12n_0412_2,"[[13, 20, 14, 21], [7, 23, 8, 22], [17, 24, 18, 1], [2, 6, 3, 5], [4, 12, 5, 11], [15, 6, 16, 7], [21, 9, 22, 8], [10, 4, 11, 3], [19, 12, 20, 13], [9, 14, 10, 15], [23, 16, 24, 17], [1, 18, 2, 19]]"
12n_0412_3,"[[1, 18, 2, 19], [13, 20, 14, 21], [7, 23, 8, 22], [17, 24, 18, 1], [2, 6, 3, 5], [4, 12, 5, 11], [15, 6, 16, 7], [21, 9, 22, 8], [10, 4, 11, 3], [19, 12, 20, 13], [9, 14, 10, 15], [23, 16, 24, 17]]"
12n_0412_4,"[[23, 16, 24, 17], [1, 18, 2, 19], [13, 20, 14, 21], [7, 23, 8, 22], [17, 24, 18, 1], [2, 6, 3, 5], [4, 12, 5, 11], [15, 6, 16, 7], [21, 9, 22, 8], [10, 4, 11, 3], [19, 12, 20, 13], [9, 14, 10, 15]]"
12n_0412_5,"[[9, 14, 10, 15], [23, 16, 24, 17], [1, 18, 2, 19], [13, 20, 14, 21], [7, 23, 8, 22], [17, 24, 18, 1], [2, 6, 3, 5], [4, 12, 5, 11], [15, 6, 16, 7], [21, 9, 22, 8], [10, 4, 11, 3], [19, 12, 20, 13]]"
12n_0412_6,"[[19, 12, 20, 13], [9, 14, 10, 15], [23, 16, 24, 17], [1, 18, 2, 19], [13, 20, 14, 21], [7, 23, 8, 22], [17, 24, 18, 1], [2, 6, 3, 5], [4, 12, 5, 11], [15, 6, 16, 7], [21, 9, 22, 8], [10, 4, 11, 3]]"
12n_0412_7,"[[10, 4, 11, 3], [19, 12, 20, 13], [9, 14, 10, 15], [23, 16, 24, 17], [1, 18, 2, 19], [13, 20, 14, 21], [7, 23, 8, 22], [17, 24, 18, 1], [2, 6, 3, 5], [4, 12, 5, 11], [15, 6, 16, 7], [21, 9, 22, 8]]"
12n_0412_8,"[[21, 9, 22, 8], [10, 4, 11, 3], [19, 12, 20, 13], [9, 14, 10, 15], [23, 16, 24, 17], [1, 18, 2, 19], [13, 20, 14, 21], [7, 23, 8, 22], [17, 24, 18, 1], [2, 6, 3, 5], [4, 12, 5, 11], [15, 6, 16, 7]]"
12n_0412_9,"[[15, 6, 16, 7], [21, 9, 22, 8], [10, 4, 11, 3], [19, 12, 20, 13], [9, 14, 10, 15], [23, 16, 24, 17], [1, 18, 2, 19], [13, 20, 14, 21], [7, 23, 8, 22], [17, 24, 18, 1], [2, 6, 3, 5], [4, 12, 5, 11]]"
12n_0412_10,"[[4, 12, 5, 11], [15, 6, 16, 7], [21, 9, 22, 8], [10, 4, 11, 3], [19, 12, 20, 13], [9, 14, 10, 15], [23, 16, 24, 17], [1, 18, 2, 19], [13, 20, 14, 21], [7, 23, 8, 22], [17, 24, 18, 1], [2, 6, 3, 5]]"
12n_0412_11,"[[2, 6, 3, 5], [4, 12, 5, 11], [15, 6, 16, 7], [21, 9, 22, 8], [10, 4, 11, 3], [19, 12, 20, 13], [9, 14, 10, 15], [23, 16, 24, 17], [1, 18, 2, 19], [13, 20, 14, 21], [7, 23, 8, 22], [17, 24, 18, 1]]"
12n_0412_12,"[[18, 1, 19, 2], [3, 7, 4, 6], [5, 13, 6, 12], [16, 7, 17, 8], [22, 10, 23, 9], [11, 5, 12, 4], [20, 13, 21, 14], [10, 15, 11, 16], [24, 17, 1, 18], [2, 19, 3, 20], [14, 21, 15, 22], [8, 24, 9, 23]]"
12n_0412_13,"[[8, 24, 9, 23], [18, 1, 19, 2], [3, 7, 4, 6], [5, 13, 6, 12], [16, 7, 17, 8], [22, 10, 23, 9], [11, 5, 12, 4], [20, 13, 21, 14], [10, 15, 11, 16], [24, 17, 1, 18], [2, 19, 3, 20], [14, 21, 15, 22]]"
12n_0412_14,"[[14, 21, 15, 22], [8, 24, 9, 23], [18, 1, 19, 2], [3, 7, 4, 6], [5, 13, 6, 12], [16, 7, 17, 8], [22, 10, 23, 9], [11, 5, 12, 4], [20, 13, 21, 14], [10, 15, 11, 16], [24, 17, 1, 18], [2, 19, 3, 20]]"
12n_0412_15,"[[2, 19, 3, 20], [14, 21, 15, 22], [8, 24, 9, 23], [18, 1, 19, 2], [3, 7, 4, 6], [5, 13, 6, 12], [16, 7, 17, 8], [22, 10, 23, 9], [11, 5, 12, 4], [20, 13, 21, 14], [10, 15, 11, 16], [24, 17, 1, 18]]"
12n_0412_16,"[[24, 17, 1, 18], [2, 19, 3, 20], [14, 21, 15, 22], [8, 24, 9, 23], [18, 1, 19, 2], [3, 7, 4, 6], [5, 13, 6, 12], [16, 7, 17, 8], [22, 10, 23, 9], [11, 5, 12, 4], [20, 13, 21, 14], [10, 15, 11, 16]]"
12n_0412_17,"[[10, 15, 11, 16], [24, 17, 1, 18], [2, 19, 3, 20], [14, 21, 15, 22], [8, 24, 9, 23], [18, 1, 19, 2], [3, 7, 4, 6], [5, 13, 6, 12], [16, 7, 17, 8], [22, 10, 23, 9], [11, 5, 12, 4], [20, 13, 21, 14]]"
12n_0412_18,"[[20, 13, 21, 14], [10, 15, 11, 16], [24, 17, 1, 18], [2, 19, 3, 20], [14, 21, 15, 22], [8, 24, 9, 23], [18, 1, 19, 2], [3, 7, 4, 6], [5, 13, 6, 12], [16, 7, 17, 8], [22, 10, 23, 9], [11, 5, 12, 4]]"
12n_0412_19,"[[11, 5, 12, 4], [20, 13, 21, 14], [10, 15, 11, 16], [24, 17, 1, 18], [2, 19, 3, 20], [14, 21, 15, 22], [8, 24, 9, 23], [18, 1, 19, 2], [3, 7, 4, 6], [5, 13, 6, 12], [16, 7, 17, 8], [22, 10, 23, 9]]"
12n_0412_20,"[[22, 10, 23, 9], [11, 5, 12, 4], [20, 13, 21, 14], [10, 15, 11, 16], [24, 17, 1, 18], [2, 19, 3, 20], [14, 21, 15, 22], [8, 24, 9, 23], [18, 1, 19, 2], [3, 7, 4, 6], [5, 13, 6, 12], [16, 7, 17, 8]]"
12n_0412_21,"[[16, 7, 17, 8], [22, 10, 23, 9], [11, 5, 12, 4], [20, 13, 21, 14], [10, 15, 11, 16], [24, 17, 1, 18], [2, 19, 3, 20], [14, 21, 15, 22], [8, 24, 9, 23], [18, 1, 19, 2], [3, 7, 4, 6], [5, 13, 6, 12]]"
12n_0412_22,"[[5, 13, 6, 12], [16, 7, 17, 8], [22, 10, 23, 9], [11, 5, 12, 4], [20, 13, 21, 14], [10, 15, 11, 16], [24, 17, 1, 18], [2, 19, 3, 20], [14, 21, 15, 22], [8, 24, 9, 23], [18, 1, 19, 2], [3, 7, 4, 6]]"
12n_0412_23,"[[3, 7, 4, 6], [5, 13, 6, 12], [16, 7, 17, 8], [22, 10, 23, 9], [11, 5, 12, 4], [20, 13, 21, 14], [10, 15, 11, 16], [24, 17, 1, 18], [2, 19, 3, 20], [14, 21, 15, 22], [8, 24, 9, 23], [18, 1, 19, 2]]"
12n_0412_24,"[[19, 2, 20, 3], [4, 8, 5, 7], [6, 14, 7, 13], [17, 8, 18, 9], [23, 11, 24, 10], [12, 6, 13, 5], [21, 14, 22, 15], [11, 16, 12, 17], [1, 18, 2, 19], [3, 20, 4, 21], [15, 22, 16, 23], [9, 1, 10, 24]]"
12n_0412_25,"[[9, 1, 10, 24], [19, 2, 20, 3], [4, 8, 5, 7], [6, 14, 7, 13], [17, 8, 18, 9], [23, 11, 24, 10], [12, 6, 13, 5], [21, 14, 22, 15], [11, 16, 12, 17], [1, 18, 2, 19], [3, 20, 4, 21], [15, 22, 16, 23]]"
12n_0412_26,"[[15, 22, 16, 23], [9, 1, 10, 24], [19, 2, 20, 3], [4, 8, 5, 7], [6, 14, 7, 13], [17, 8, 18, 9], [23, 11, 24, 10], [12, 6, 13, 5], [21, 14, 22, 15], [11, 16, 12, 17], [1, 18, 2, 19], [3, 20, 4, 21]]"
12n_0412_27,"[[3, 20, 4, 21], [15, 22, 16, 23], [9, 1, 10, 24], [19, 2, 20, 3], [4, 8, 5, 7], [6, 14, 7, 13], [17, 8, 18, 9], [23, 11, 24, 10], [12, 6, 13, 5], [21, 14, 22, 15], [11, 16, 12, 17], [1, 18, 2, 19]]"
12n_0412_28,"[[1, 18, 2, 19], [3, 20, 4, 21], [15, 22, 16, 23], [9, 1, 10, 24], [19, 2, 20, 3], [4, 8, 5, 7], [6, 14, 7, 13], [17, 8, 18, 9], [23, 11, 24, 10], [12, 6, 13, 5], [21, 14, 22, 15], [11, 16, 12, 17]]"
12n_0412_29,"[[11, 16, 12, 17], [1, 18, 2, 19], [3, 20, 4, 21], [15, 22, 16, 23], [9, 1, 10, 24], [19, 2, 20, 3], [4, 8, 5, 7], [6, 14, 7, 13], [17, 8, 18, 9], [23, 11, 24, 10], [12, 6, 13, 5], [21, 14, 22, 15]]"
12n_0412_30,"[[21, 14, 22, 15], [11, 16, 12, 17], [1, 18, 2, 19], [3, 20, 4, 21], [15, 22, 16, 23], [9, 1, 10, 24], [19, 2, 20, 3], [4, 8, 5, 7], [6, 14, 7, 13], [17, 8, 18, 9], [23, 11, 24, 10], [12, 6, 13, 5]]"
12n_0412_31,"[[12, 6, 13, 5], [21, 14, 22, 15], [11, 16, 12, 17], [1, 18, 2, 19], [3, 20, 4, 21], [15, 22, 16, 23], [9, 1, 10, 24], [19, 2, 20, 3], [4, 8, 5, 7], [6, 14, 7, 13], [17, 8, 18, 9], [23, 11, 24, 10]]"
12n_0412_32,"[[23, 11, 24, 10], [12, 6, 13, 5], [21, 14, 22, 15], [11, 16, 12, 17], [1, 18, 2, 19], [3, 20, 4, 21], [15, 22, 16, 23], [9, 1, 10, 24], [19, 2, 20, 3], [4, 8, 5, 7], [6, 14, 7, 13], [17, 8, 18, 9]]"
12n_0412_33,"[[17, 8, 18, 9], [23, 11, 24, 10], [12, 6, 13, 5], [21, 14, 22, 15], [11, 16, 12, 17], [1, 18, 2, 19], [3, 20, 4, 21], [15, 22, 16, 23], [9, 1, 10, 24], [19, 2, 20, 3], [4, 8, 5, 7], [6, 14, 7, 13]]"
12n_0412_34,"[[6, 14, 7, 13], [17, 8, 18, 9], [23, 11, 24, 10], [12, 6, 13, 5], [21, 14, 22, 15], [11, 16, 12, 17], [1, 18, 2, 19], [3, 20, 4, 21], [15, 22, 16, 23], [9, 1, 10, 24], [19, 2, 20, 3], [4, 8, 5, 7]]"
12n_0412_35,"[[4, 8, 5, 7], [6, 14, 7, 13], [17, 8, 18, 9], [23, 11, 24, 10], [12, 6, 13, 5], [21, 14, 22, 15], [11, 16, 12, 17], [1, 18, 2, 19], [3, 20, 4, 21], [15, 22, 16, 23], [9, 1, 10, 24], [19, 2, 20, 3]]"
12n_0412_36,"[[20, 3, 21, 4], [5, 9, 6, 8], [7, 15, 8, 14], [18, 9, 19, 10], [24, 12, 1, 11], [13, 7, 14, 6], [22, 15, 23, 16], [12, 17, 13, 18], [2, 19, 3, 20], [4, 21, 5, 22], [16, 23, 17, 24], [10, 2, 11, 1]]"
12n_0412_37,"[[10, 2, 11, 1], [20, 3, 21, 4], [5, 9, 6, 8], [7, 15, 8, 14], [18, 9, 19, 10], [24, 12, 1, 11], [13, 7, 14, 6], [22, 15, 23, 16], [12, 17, 13, 18], [2, 19, 3, 20], [4, 21, 5, 22], [16, 23, 17, 24]]"
12n_0412_38,"[[16, 23, 17, 24], [10, 2, 11, 1], [20, 3, 21, 4], [5, 9, 6, 8], [7, 15, 8, 14], [18, 9, 19, 10], [24, 12, 1, 11], [13, 7, 14, 6], [22, 15, 23, 16], [12, 17, 13, 18], [2, 19, 3, 20], [4, 21, 5, 22]]"
12n_0412_39,"[[4, 21, 5, 22], [16, 23, 17, 24], [10, 2, 11, 1], [20, 3, 21, 4], [5, 9, 6, 8], [7, 15, 8, 14], [18, 9, 19, 10], [24, 12, 1, 11], [13, 7, 14, 6], [22, 15, 23, 16], [12, 17, 13, 18], [2, 19, 3, 20]]"
12n_0412_40,"[[2, 19, 3, 20], [4, 21, 5, 22], [16, 23, 17, 24], [10, 2, 11, 1], [20, 3, 21, 4], [5, 9, 6, 8], [7, 15, 8, 14], [18, 9, 19, 10], [24, 12, 1, 11], [13, 7, 14, 6], [22, 15, 23, 16], [12, 17, 13, 18]]"
12n_0412_41,"[[12, 17, 13, 18], [2, 19, 3, 20], [4, 21, 5, 22], [16, 23, 17, 24], [10, 2, 11, 1], [20, 3, 21, 4], [5, 9, 6, 8], [7, 15, 8, 14], [18, 9, 19, 10], [24, 12, 1, 11], [13, 7, 14, 6], [22, 15, 23, 16]]"
12n_0412_42,"[[22, 15, 23, 16], [12, 17, 13, 18], [2, 19, 3, 20], [4, 21, 5, 22], [16, 23, 17, 24], [10, 2, 11, 1], [20, 3, 21, 4], [5, 9, 6, 8], [7, 15, 8, 14], [18, 9, 19, 10], [24, 12, 1, 11], [13, 7, 14, 6]]"
12n_0412_43,"[[13, 7, 14, 6], [22, 15, 23, 16], [12, 17, 13, 18], [2, 19, 3, 20], [4, 21, 5, 22], [16, 23, 17, 24], [10, 2, 11, 1], [20, 3, 21, 4], [5, 9, 6, 8], [7, 15, 8, 14], [18, 9, 19, 10], [24, 12, 1, 11]]"
12n_0412_44,"[[24, 12, 1, 11], [13, 7, 14, 6], [22, 15, 23, 16], [12, 17, 13, 18], [2, 19, 3, 20], [4, 21, 5, 22], [16, 23, 17, 24], [10, 2, 11, 1], [20, 3, 21, 4], [5, 9, 6, 8], [7, 15, 8, 14], [18, 9, 19, 10]]"
12n_0412_45,"[[18, 9, 19, 10], [24, 12, 1, 11], [13, 7, 14, 6], [22, 15, 23, 16], [12, 17, 13, 18], [2, 19, 3, 20], [4, 21, 5, 22], [16, 23, 17, 24], [10, 2, 11, 1], [20, 3, 21, 4], [5, 9, 6, 8], [7, 15, 8, 14]]"
12n_0412_46,"[[7, 15, 8, 14], [18, 9, 19, 10], [24, 12, 1, 11], [13, 7, 14, 6], [22, 15, 23, 16], [12, 17, 13, 18], [2, 19, 3, 20], [4, 21, 5, 22], [16, 23, 17, 24], [10, 2, 11, 1], [20, 3, 21, 4], [5, 9, 6, 8]]"
12n_0412_47,"[[5, 9, 6, 8], [7, 15, 8, 14], [18, 9, 19, 10], [24, 12, 1, 11], [13, 7, 14, 6], [22, 15, 23, 16], [12, 17, 13, 18], [2, 19, 3, 20], [4, 21, 5, 22], [16, 23, 17, 24], [10, 2, 11, 1], [20, 3, 21, 4]]"
12n_0412_48,"[[21, 4, 22, 5], [6, 10, 7, 9], [8, 16, 9, 15], [19, 10, 20, 11], [1, 13, 2, 12], [14, 8, 15, 7], [23, 16, 24, 17], [13, 18, 14, 19], [3, 20, 4, 21], [5, 22, 6, 23], [17, 24, 18, 1], [11, 3, 12, 2]]"
12n_0412_49,"[[11, 3, 12, 2], [21, 4, 22, 5], [6, 10, 7, 9], [8, 16, 9, 15], [19, 10, 20, 11], [1, 13, 2, 12], [14, 8, 15, 7], [23, 16, 24, 17], [13, 18, 14, 19], [3, 20, 4, 21], [5, 22, 6, 23], [17, 24, 18, 1]]"
12n_0412_50,"[[17, 24, 18, 1], [11, 3, 12, 2], [21, 4, 22, 5], [6, 10, 7, 9], [8, 16, 9, 15], [19, 10, 20, 11], [1, 13, 2, 12], [14, 8, 15, 7], [23, 16, 24, 17], [13, 18, 14, 19], [3, 20, 4, 21], [5, 22, 6, 23]]"
12n_0412_51,"[[5, 22, 6, 23], [17, 24, 18, 1], [11, 3, 12, 2], [21, 4, 22, 5], [6, 10, 7, 9], [8, 16, 9, 15], [19, 10, 20, 11], [1, 13, 2, 12], [14, 8, 15, 7], [23, 16, 24, 17], [13, 18, 14, 19], [3, 20, 4, 21]]"
12n_0412_52,"[[3, 20, 4, 21], [5, 22, 6, 23], [17, 24, 18, 1], [11, 3, 12, 2], [21, 4, 22, 5], [6, 10, 7, 9], [8, 16, 9, 15], [19, 10, 20, 11], [1, 13, 2, 12], [14, 8, 15, 7], [23, 16, 24, 17], [13, 18, 14, 19]]"
12n_0412_53,"[[13, 18, 14, 19], [3, 20, 4, 21], [5, 22, 6, 23], [17, 24, 18, 1], [11, 3, 12, 2], [21, 4, 22, 5], [6, 10, 7, 9], [8, 16, 9, 15], [19, 10, 20, 11], [1, 13, 2, 12], [14, 8, 15, 7], [23, 16, 24, 17]]"
12n_0412_54,"[[23, 16, 24, 17], [13, 18, 14, 19], [3, 20, 4, 21], [5, 22, 6, 23], [17, 24, 18, 1], [11, 3, 12, 2], [21, 4, 22, 5], [6, 10, 7, 9], [8, 16, 9, 15], [19, 10, 20, 11], [1, 13, 2, 12], [14, 8, 15, 7]]"
12n_0412_55,"[[14, 8, 15, 7], [23, 16, 24, 17], [13, 18, 14, 19], [3, 20, 4, 21], [5, 22, 6, 23], [17, 24, 18, 1], [11, 3, 12, 2], [21, 4, 22, 5], [6, 10, 7, 9], [8, 16, 9, 15], [19, 10, 20, 11], [1, 13, 2, 12]]"
12n_0412_56,"[[1, 13, 2, 12], [14, 8, 15, 7], [23, 16, 24, 17], [13, 18, 14, 19], [3, 20, 4, 21], [5, 22, 6, 23], [17, 24, 18, 1], [11, 3, 12, 2], [21, 4, 22, 5], [6, 10, 7, 9], [8, 16, 9, 15], [19, 10, 20, 11]]"
12n_0412_57,"[[19, 10, 20, 11], [1, 13, 2, 12], [14, 8, 15, 7], [23, 16, 24, 17], [13, 18, 14, 19], [3, 20, 4, 21], [5, 22, 6, 23], [17, 24, 18, 1], [11, 3, 12, 2], [21, 4, 22, 5], [6, 10, 7, 9], [8, 16, 9, 15]]"
12n_0412_58,"[[8, 16, 9, 15], [19, 10, 20, 11], [1, 13, 2, 12], [14, 8, 15, 7], [23, 16, 24, 17], [13, 18, 14, 19], [3, 20, 4, 21], [5, 22, 6, 23], [17, 24, 18, 1], [11, 3, 12, 2], [21, 4, 22, 5], [6, 10, 7, 9]]"
12n_0412_59,"[[6, 10, 7, 9], [8, 16, 9, 15], [19, 10, 20, 11], [1, 13, 2, 12], [14, 8, 15, 7], [23, 16, 24, 17], [13, 18, 14, 19], [3, 20, 4, 21], [5, 22, 6, 23], [17, 24, 18, 1], [11, 3, 12, 2], [21, 4, 22, 5]]"
12n_0412_60,"[[22, 5, 23, 6], [7, 11, 8, 10], [9, 17, 10, 16], [20, 11, 21, 12], [2, 14, 3, 13], [15, 9, 16, 8], [24, 17, 1, 18], [14, 19, 15, 20], [4, 21, 5, 22], [6, 23, 7, 24], [18, 1, 19, 2], [12, 4, 13, 3]]"
12n_0412_61,"[[12, 4, 13, 3], [22, 5, 23, 6], [7, 11, 8, 10], [9, 17, 10, 16], [20, 11, 21, 12], [2, 14, 3, 13], [15, 9, 16, 8], [24, 17, 1, 18], [14, 19, 15, 20], [4, 21, 5, 22], [6, 23, 7, 24], [18, 1, 19, 2]]"
12n_0412_62,"[[18, 1, 19, 2], [12, 4, 13, 3], [22, 5, 23, 6], [7, 11, 8, 10], [9, 17, 10, 16], [20, 11, 21, 12], [2, 14, 3, 13], [15, 9, 16, 8], [24, 17, 1, 18], [14, 19, 15, 20], [4, 21, 5, 22], [6, 23, 7, 24]]"
12n_0412_63,"[[6, 23, 7, 24], [18, 1, 19, 2], [12, 4, 13, 3], [22, 5, 23, 6], [7, 11, 8, 10], [9, 17, 10, 16], [20, 11, 21, 12], [2, 14, 3, 13], [15, 9, 16, 8], [24, 17, 1, 18], [14, 19, 15, 20], [4, 21, 5, 22]]"
12n_0412_64,"[[4, 21, 5, 22], [6, 23, 7, 24], [18, 1, 19, 2], [12, 4, 13, 3], [22, 5, 23, 6], [7, 11, 8, 10], [9, 17, 10, 16], [20, 11, 21, 12], [2, 14, 3, 13], [15, 9, 16, 8], [24, 17, 1, 18], [14, 19, 15, 20]]"
12n_0412_65,"[[14, 19, 15, 20], [4, 21, 5, 22], [6, 23, 7, 24], [18, 1, 19, 2], [12, 4, 13, 3], [22, 5, 23, 6], [7, 11, 8, 10], [9, 17, 10, 16], [20, 11, 21, 12], [2, 14, 3, 13], [15, 9, 16, 8], [24, 17, 1, 18]]"
12n_0412_66,"[[24, 17, 1, 18], [14, 19, 15, 20], [4, 21, 5, 22], [6, 23, 7, 24], [18, 1, 19, 2], [12, 4, 13, 3], [22, 5, 23, 6], [7, 11, 8, 10], [9, 17, 10, 16], [20, 11, 21, 12], [2, 14, 3, 13], [15, 9, 16, 8]]"
12n_0412_67,"[[15, 9, 16, 8], [24, 17, 1, 18], [14, 19, 15, 20], [4, 21, 5, 22], [6, 23, 7, 24], [18, 1, 19, 2], [12, 4, 13, 3], [22, 5, 23, 6], [7, 11, 8, 10], [9, 17, 10, 16], [20, 11, 21, 12], [2, 14, 3, 13]]"
12n_0412_68,"[[2, 14, 3, 13], [15, 9, 16, 8], [24, 17, 1, 18], [14, 19, 15, 20], [4, 21, 5, 22], [6, 23, 7, 24], [18, 1, 19, 2], [12, 4, 13, 3], [22, 5, 23, 6], [7, 11, 8, 10], [9, 17, 10, 16], [20, 11, 21, 12]]"
12n_0412_69,"[[20, 11, 21, 12], [2, 14, 3, 13], [15, 9, 16, 8], [24, 17, 1, 18], [14, 19, 15, 20], [4, 21, 5, 22], [6, 23, 7, 24], [18, 1, 19, 2], [12, 4, 13, 3], [22, 5, 23, 6], [7, 11, 8, 10], [9, 17, 10, 16]]"
12n_0412_70,"[[9, 17, 10, 16], [20, 11, 21, 12], [2, 14, 3, 13], [15, 9, 16, 8], [24, 17, 1, 18], [14, 19, 15, 20], [4, 21, 5, 22], [6, 23, 7, 24], [18, 1, 19, 2], [12, 4, 13, 3], [22, 5, 23, 6], [7, 11, 8, 10]]"
12n_0412_71,"[[7, 11, 8, 10], [9, 17, 10, 16], [20, 11, 21, 12], [2, 14, 3, 13], [15, 9, 16, 8], [24, 17, 1, 18], [14, 19, 15, 20], [4, 21, 5, 22], [6, 23, 7, 24], [18, 1, 19, 2], [12, 4, 13, 3], [22, 5, 23, 6]]"
12n_0412_72,"[[23, 6, 24, 7], [8, 12, 9, 11], [10, 18, 11, 17], [21, 12, 22, 13], [3, 15, 4, 14], [16, 10, 17, 9], [1, 18, 2, 19], [15, 20, 16, 21], [5, 22, 6, 23], [7, 24, 8, 1], [19, 2, 20, 3], [13, 5, 14, 4]]"
12n_0412_73,"[[13, 5, 14, 4], [23, 6, 24, 7], [8, 12, 9, 11], [10, 18, 11, 17], [21, 12, 22, 13], [3, 15, 4, 14], [16, 10, 17, 9], [1, 18, 2, 19], [15, 20, 16, 21], [5, 22, 6, 23], [7, 24, 8, 1], [19, 2, 20, 3]]"
12n_0412_74,"[[19, 2, 20, 3], [13, 5, 14, 4], [23, 6, 24, 7], [8, 12, 9, 11], [10, 18, 11, 17], [21, 12, 22, 13], [3, 15, 4, 14], [16, 10, 17, 9], [1, 18, 2, 19], [15, 20, 16, 21], [5, 22, 6, 23], [7, 24, 8, 1]]"
12n_0412_75,"[[7, 24, 8, 1], [19, 2, 20, 3], [13, 5, 14, 4], [23, 6, 24, 7], [8, 12, 9, 11], [10, 18, 11, 17], [21, 12, 22, 13], [3, 15, 4, 14], [16, 10, 17, 9], [1, 18, 2, 19], [15, 20, 16, 21], [5, 22, 6, 23]]"
12n_0412_76,"[[5, 22, 6, 23], [7, 24, 8, 1], [19, 2, 20, 3], [13, 5, 14, 4], [23, 6, 24, 7], [8, 12, 9, 11], [10, 18, 11, 17], [21, 12, 22, 13], [3, 15, 4, 14], [16, 10, 17, 9], [1, 18, 2, 19], [15, 20, 16, 21]]"
12n_0412_77,"[[15, 20, 16, 21], [5, 22, 6, 23], [7, 24, 8, 1], [19, 2, 20, 3], [13, 5, 14, 4], [23, 6, 24, 7], [8, 12, 9, 11], [10, 18, 11, 17], [21, 12, 22, 13], [3, 15, 4, 14], [16, 10, 17, 9], [1, 18, 2, 19]]"
12n_0412_78,"[[1, 18, 2, 19], [15, 20, 16, 21], [5, 22, 6, 23], [7, 24, 8, 1], [19, 2, 20, 3], [13, 5, 14, 4], [23, 6, 24, 7], [8, 12, 9, 11], [10, 18, 11, 17], [21, 12, 22, 13], [3, 15, 4, 14], [16, 10, 17, 9]]"
12n_0412_79,"[[16, 10, 17, 9], [1, 18, 2, 19], [15, 20, 16, 21], [5, 22, 6, 23], [7, 24, 8, 1], [19, 2, 20, 3], [13, 5, 14, 4], [23, 6, 24, 7], [8, 12, 9, 11], [10, 18, 11, 17], [21, 12, 22, 13], [3, 15, 4, 14]]"
12n_0412_80,"[[3, 15, 4, 14], [16, 10, 17, 9], [1, 18, 2, 19], [15, 20, 16, 21], [5, 22, 6, 23], [7, 24, 8, 1], [19, 2, 20, 3], [13, 5, 14, 4], [23, 6, 24, 7], [8, 12, 9, 11], [10, 18, 11, 17], [21, 12, 22, 13]]"
12n_0412_81,"[[21, 12, 22, 13], [3, 15, 4, 14], [16, 10, 17, 9], [1, 18, 2, 19], [15, 20, 16, 21], [5, 22, 6, 23], [7, 24, 8, 1], [19, 2, 20, 3], [13, 5, 14, 4], [23, 6, 24, 7], [8, 12, 9, 11], [10, 18, 11, 17]]"
12n_0412_82,"[[10, 18, 11, 17], [21, 12, 22, 13], [3, 15, 4, 14], [16, 10, 17, 9], [1, 18, 2, 19], [15, 20, 16, 21], [5, 22, 6, 23], [7, 24, 8, 1], [19, 2, 20, 3], [13, 5, 14, 4], [23, 6, 24, 7], [8, 12, 9, 11]]"
12n_0412_83,"[[8, 12, 9, 11], [10, 18, 11, 17], [21, 12, 22, 13], [3, 15, 4, 14], [16, 10, 17, 9], [1, 18, 2, 19], [15, 20, 16, 21], [5, 22, 6, 23], [7, 24, 8, 1], [19, 2, 20, 3], [13, 5, 14, 4], [23, 6, 24, 7]]"
12n_0412_84,"[[24, 7, 1, 8], [9, 13, 10, 12], [11, 19, 12, 18], [22, 13, 23, 14], [4, 16, 5, 15], [17, 11, 18, 10], [2, 19, 3, 20], [16, 21, 17, 22], [6, 23, 7, 24], [8, 1, 9, 2], [20, 3, 21, 4], [14, 6, 15, 5]]"
12n_0412_85,"[[14, 6, 15, 5], [24, 7, 1, 8], [9, 13, 10, 12], [11, 19, 12, 18], [22, 13, 23, 14], [4, 16, 5, 15], [17, 11, 18, 10], [2, 19, 3, 20], [16, 21, 17, 22], [6, 23, 7, 24], [8, 1, 9, 2], [20, 3, 21, 4]]"
12n_0412_86,"[[20, 3, 21, 4], [14, 6, 15, 5], [24, 7, 1, 8], [9, 13, 10, 12], [11, 19, 12, 18], [22, 13, 23, 14], [4, 16, 5, 15], [17, 11, 18, 10], [2, 19, 3, 20], [16, 21, 17, 22], [6, 23, 7, 24], [8, 1, 9, 2]]"
12n_0412_87,"[[8, 1, 9, 2], [20, 3, 21, 4], [14, 6, 15, 5], [24, 7, 1, 8], [9, 13, 10, 12], [11, 19, 12, 18], [22, 13, 23, 14], [4, 16, 5, 15], [17, 11, 18, 10], [2, 19, 3, 20], [16, 21, 17, 22], [6, 23, 7, 24]]"
12n_0412_88,"[[6, 23, 7, 24], [8, 1, 9, 2], [20, 3, 21, 4], [14, 6, 15, 5], [24, 7, 1, 8], [9, 13, 10, 12], [11, 19, 12, 18], [22, 13, 23, 14], [4, 16, 5, 15], [17, 11, 18, 10], [2, 19, 3, 20], [16, 21, 17, 22]]"
12n_0412_89,"[[16, 21, 17, 22], [6, 23, 7, 24], [8, 1, 9, 2], [20, 3, 21, 4], [14, 6, 15, 5], [24, 7, 1, 8], [9, 13, 10, 12], [11, 19, 12, 18], [22, 13, 23, 14], [4, 16, 5, 15], [17, 11, 18, 10], [2, 19, 3, 20]]"
12n_0412_90,"[[2, 19, 3, 20], [16, 21, 17, 22], [6, 23, 7, 24], [8, 1, 9, 2], [20, 3, 21, 4], [14, 6, 15, 5], [24, 7, 1, 8], [9, 13, 10, 12], [11, 19, 12, 18], [22, 13, 23, 14], [4, 16, 5, 15], [17, 11, 18, 10]]"
12n_0412_91,"[[17, 11, 18, 10], [2, 19, 3, 20], [16, 21, 17, 22], [6, 23, 7, 24], [8, 1, 9, 2], [20, 3, 21, 4], [14, 6, 15, 5], [24, 7, 1, 8], [9, 13, 10, 12], [11, 19, 12, 18], [22, 13, 23, 14], [4, 16, 5, 15]]"
12n_0412_92,"[[4, 16, 5, 15], [17, 11, 18, 10], [2, 19, 3, 20], [16, 21, 17, 22], [6, 23, 7, 24], [8, 1, 9, 2], [20, 3, 21, 4], [14, 6, 15, 5], [24, 7, 1, 8], [9, 13, 10, 12], [11, 19, 12, 18], [22, 13, 23, 14]]"
12n_0412_93,"[[22, 13, 23, 14], [4, 16, 5, 15], [17, 11, 18, 10], [2, 19, 3, 20], [16, 21, 17, 22], [6, 23, 7, 24], [8, 1, 9, 2], [20, 3, 21, 4], [14, 6, 15, 5], [24, 7, 1, 8], [9, 13, 10, 12], [11, 19, 12, 18]]"
12n_0412_94,"[[11, 19, 12, 18], [22, 13, 23, 14], [4, 16, 5, 15], [17, 11, 18, 10], [2, 19, 3, 20], [16, 21, 17, 22], [6, 23, 7, 24], [8, 1, 9, 2], [20, 3, 21, 4], [14, 6, 15, 5], [24, 7, 1, 8], [9, 13, 10, 12]]"
12n_0412_95,"[[9, 13, 10, 12], [11, 19, 12, 18], [22, 13, 23, 14], [4, 16, 5, 15], [17, 11, 18, 10], [2, 19, 3, 20], [16, 21, 17, 22], [6, 23, 7, 24], [8, 1, 9, 2], [20, 3, 21, 4], [14, 6, 15, 5], [24, 7, 1, 8]]"
12n_0412_96,"[[1, 8, 2, 9], [10, 14, 11, 13], [12, 20, 13, 19], [23, 14, 24, 15], [5, 17, 6, 16], [18, 12, 19, 11], [3, 20, 4, 21], [17, 22, 18, 23], [7, 24, 8, 1], [9, 2, 10, 3], [21, 4, 22, 5], [15, 7, 16, 6]]"
12n_0412_97,"[[15, 7, 16, 6], [1, 8, 2, 9], [10, 14, 11, 13], [12, 20, 13, 19], [23, 14, 24, 15], [5, 17, 6, 16], [18, 12, 19, 11], [3, 20, 4, 21], [17, 22, 18, 23], [7, 24, 8, 1], [9, 2, 10, 3], [21, 4, 22, 5]]"
12n_0412_98,"[[21, 4, 22, 5], [15, 7, 16, 6], [1, 8, 2, 9], [10, 14, 11, 13], [12, 20, 13, 19], [23, 14, 24, 15], [5, 17, 6, 16], [18, 12, 19, 11], [3, 20, 4, 21], [17, 22, 18, 23], [7, 24, 8, 1], [9, 2, 10, 3]]"
12n_0412_99,"[[9, 2, 10, 3], [21, 4, 22, 5], [15, 7, 16, 6], [1, 8, 2, 9], [10, 14, 11, 13], [12, 20, 13, 19], [23, 14, 24, 15], [5, 17, 6, 16], [18, 12, 19, 11], [3, 20, 4, 21], [17, 22, 18, 23], [7, 24, 8, 1]]"
12n_0412_100,"[[7, 24, 8, 1], [9, 2, 10, 3], [21, 4, 22, 5], [15, 7, 16, 6], [1, 8, 2, 9], [10, 14, 11, 13], [12, 20, 13, 19], [23, 14, 24, 15], [5, 17, 6, 16], [18, 12, 19, 11], [3, 20, 4, 21], [17, 22, 18, 23]]"
12n_0412_101,"[[17, 22, 18, 23], [7, 24, 8, 1], [9, 2, 10, 3], [21, 4, 22, 5], [15, 7, 16, 6], [1, 8, 2, 9], [10, 14, 11, 13], [12, 20, 13, 19], [23, 14, 24, 15], [5, 17, 6, 16], [18, 12, 19, 11], [3, 20, 4, 21]]"
12n_0412_102,"[[3, 20, 4, 21], [17, 22, 18, 23], [7, 24, 8, 1], [9, 2, 10, 3], [21, 4, 22, 5], [15, 7, 16, 6], [1, 8, 2, 9], [10, 14, 11, 13], [12, 20, 13, 19], [23, 14, 24, 15], [5, 17, 6, 16], [18, 12, 19, 11]]"
12n_0412_103,"[[18, 12, 19, 11], [3, 20, 4, 21], [17, 22, 18, 23], [7, 24, 8, 1], [9, 2, 10, 3], [21, 4, 22, 5], [15, 7, 16, 6], [1, 8, 2, 9], [10, 14, 11, 13], [12, 20, 13, 19], [23, 14, 24, 15], [5, 17, 6, 16]]"
12n_0412_104,"[[5, 17, 6, 16], [18, 12, 19, 11], [3, 20, 4, 21], [17, 22, 18, 23], [7, 24, 8, 1], [9, 2, 10, 3], [21, 4, 22, 5], [15, 7, 16, 6], [1, 8, 2, 9], [10, 14, 11, 13], [12, 20, 13, 19], [23, 14, 24, 15]]"
12n_0412_105,"[[23, 14, 24, 15], [5, 17, 6, 16], [18, 12, 19, 11], [3, 20, 4, 21], [17, 22, 18, 23], [7, 24, 8, 1], [9, 2, 10, 3], [21, 4, 22, 5], [15, 7, 16, 6], [1, 8, 2, 9], [10, 14, 11, 13], [12, 20, 13, 19]]"
12n_0412_106,"[[12, 20, 13, 19], [23, 14, 24, 15], [5, 17, 6, 16], [18, 12, 19, 11], [3, 20, 4, 21], [17, 22, 18, 23], [7, 24, 8, 1], [9, 2, 10, 3], [21, 4, 22, 5], [15, 7, 16, 6], [1, 8, 2, 9], [10, 14, 11, 13]]"
12n_0412_107,"[[10, 14, 11, 13], [12, 20, 13, 19], [23, 14, 24, 15], [5, 17, 6, 16], [18, 12, 19, 11], [3, 20, 4, 21], [17, 22, 18, 23], [7, 24, 8, 1], [9, 2, 10, 3], [21, 4, 22, 5], [15, 7, 16, 6], [1, 8, 2, 9]]"
12n_0412_108,"[[2, 9, 3, 10], [11, 15, 12, 14], [13, 21, 14, 20], [24, 15, 1, 16], [6, 18, 7, 17], [19, 13, 20, 12], [4, 21, 5, 22], [18, 23, 19, 24], [8, 1, 9, 2], [10, 3, 11, 4], [22, 5, 23, 6], [16, 8, 17, 7]]"
12n_0412_109,"[[16, 8, 17, 7], [2, 9, 3, 10], [11, 15, 12, 14], [13, 21, 14, 20], [24, 15, 1, 16], [6, 18, 7, 17], [19, 13, 20, 12], [4, 21, 5, 22], [18, 23, 19, 24], [8, 1, 9, 2], [10, 3, 11, 4], [22, 5, 23, 6]]"
12n_0412_110,"[[22, 5, 23, 6], [16, 8, 17, 7], [2, 9, 3, 10], [11, 15, 12, 14], [13, 21, 14, 20], [24, 15, 1, 16], [6, 18, 7, 17], [19, 13, 20, 12], [4, 21, 5, 22], [18, 23, 19, 24], [8, 1, 9, 2], [10, 3, 11, 4]]"
12n_0412_111,"[[10, 3, 11, 4], [22, 5, 23, 6], [16, 8, 17, 7], [2, 9, 3, 10], [11, 15, 12, 14], [13, 21, 14, 20], [24, 15, 1, 16], [6, 18, 7, 17], [19, 13, 20, 12], [4, 21, 5, 22], [18, 23, 19, 24], [8, 1, 9, 2]]"
12n_0412_112,"[[8, 1, 9, 2], [10, 3, 11, 4], [22, 5, 23, 6], [16, 8, 17, 7], [2, 9, 3, 10], [11, 15, 12, 14], [13, 21, 14, 20], [24, 15, 1, 16], [6, 18, 7, 17], [19, 13, 20, 12], [4, 21, 5, 22], [18, 23, 19, 24]]"
12n_0412_113,"[[18, 23, 19, 24], [8, 1, 9, 2], [10, 3, 11, 4], [22, 5, 23, 6], [16, 8, 17, 7], [2, 9, 3, 10], [11, 15, 12, 14], [13, 21, 14, 20], [24, 15, 1, 16], [6, 18, 7, 17], [19, 13, 20, 12], [4, 21, 5, 22]]"
12n_0412_114,"[[4, 21, 5, 22], [18, 23, 19, 24], [8, 1, 9, 2], [10, 3, 11, 4], [22, 5, 23, 6], [16, 8, 17, 7], [2, 9, 3, 10], [11, 15, 12, 14], [13, 21, 14, 20], [24, 15, 1, 16], [6, 18, 7, 17], [19, 13, 20, 12]]"
12n_0412_115,"[[19, 13, 20, 12], [4, 21, 5, 22], [18, 23, 19, 24], [8, 1, 9, 2], [10, 3, 11, 4], [22, 5, 23, 6], [16, 8, 17, 7], [2, 9, 3, 10], [11, 15, 12, 14], [13, 21, 14, 20], [24, 15, 1, 16], [6, 18, 7, 17]]"
12n_0412_116,"[[6, 18, 7, 17], [19, 13, 20, 12], [4, 21, 5, 22], [18, 23, 19, 24], [8, 1, 9, 2], [10, 3, 11, 4], [22, 5, 23, 6], [16, 8, 17, 7], [2, 9, 3, 10], [11, 15, 12, 14], [13, 21, 14, 20], [24, 15, 1, 16]]"
12n_0412_117,"[[24, 15, 1, 16], [6, 18, 7, 17], [19, 13, 20, 12], [4, 21, 5, 22], [18, 23, 19, 24], [8, 1, 9, 2], [10, 3, 11, 4], [22, 5, 23, 6], [16, 8, 17, 7], [2, 9, 3, 10], [11, 15, 12, 14], [13, 21, 14, 20]]"
12n_0412_118,"[[13, 21, 14, 20], [24, 15, 1, 16], [6, 18, 7, 17], [19, 13, 20, 12], [4, 21, 5, 22], [18, 23, 19, 24], [8, 1, 9, 2], [10, 3, 11, 4], [22, 5, 23, 6], [16, 8, 17, 7], [2, 9, 3, 10], [11, 15, 12, 14]]"
12n_0412_119,"[[11, 15, 12, 14], [13, 21, 14, 20], [24, 15, 1, 16], [6, 18, 7, 17], [19, 13, 20, 12], [4, 21, 5, 22], [18, 23, 19, 24], [8, 1, 9, 2], [10, 3, 11, 4], [22, 5, 23, 6], [16, 8, 17, 7], [2, 9, 3, 10]]"
12n_0412_120,"[[3, 10, 4, 11], [12, 16, 13, 15], [14, 22, 15, 21], [1, 16, 2, 17], [7, 19, 8, 18], [20, 14, 21, 13], [5, 22, 6, 23], [19, 24, 20, 1], [9, 2, 10, 3], [11, 4, 12, 5], [23, 6, 24, 7], [17, 9, 18, 8]]"
12n_0412_121,"[[17, 9, 18, 8], [3, 10, 4, 11], [12, 16, 13, 15], [14, 22, 15, 21], [1, 16, 2, 17], [7, 19, 8, 18], [20, 14, 21, 13], [5, 22, 6, 23], [19, 24, 20, 1], [9, 2, 10, 3], [11, 4, 12, 5], [23, 6, 24, 7]]"
12n_0412_122,"[[23, 6, 24, 7], [17, 9, 18, 8], [3, 10, 4, 11], [12, 16, 13, 15], [14, 22, 15, 21], [1, 16, 2, 17], [7, 19, 8, 18], [20, 14, 21, 13], [5, 22, 6, 23], [19, 24, 20, 1], [9, 2, 10, 3], [11, 4, 12, 5]]"
12n_0412_123,"[[11, 4, 12, 5], [23, 6, 24, 7], [17, 9, 18, 8], [3, 10, 4, 11], [12, 16, 13, 15], [14, 22, 15, 21], [1, 16, 2, 17], [7, 19, 8, 18], [20, 14, 21, 13], [5, 22, 6, 23], [19, 24, 20, 1], [9, 2, 10, 3]]"
12n_0412_124,"[[9, 2, 10, 3], [11, 4, 12, 5], [23, 6, 24, 7], [17, 9, 18, 8], [3, 10, 4, 11], [12, 16, 13, 15], [14, 22, 15, 21], [1, 16, 2, 17], [7, 19, 8, 18], [20, 14, 21, 13], [5, 22, 6, 23], [19, 24, 20, 1]]"
12n_0412_125,"[[19, 24, 20, 1], [9, 2, 10, 3], [11, 4, 12, 5], [23, 6, 24, 7], [17, 9, 18, 8], [3, 10, 4, 11], [12, 16, 13, 15], [14, 22, 15, 21], [1, 16, 2, 17], [7, 19, 8, 18], [20, 14, 21, 13], [5, 22, 6, 23]]"
12n_0412_126,"[[5, 22, 6, 23], [19, 24, 20, 1], [9, 2, 10, 3], [11, 4, 12, 5], [23, 6, 24, 7], [17, 9, 18, 8], [3, 10, 4, 11], [12, 16, 13, 15], [14, 22, 15, 21], [1, 16, 2, 17], [7, 19, 8, 18], [20, 14, 21, 13]]"
12n_0412_127,"[[20, 14, 21, 13], [5, 22, 6, 23], [19, 24, 20, 1], [9, 2, 10, 3], [11, 4, 12, 5], [23, 6, 24, 7], [17, 9, 18, 8], [3, 10, 4, 11], [12, 16, 13, 15], [14, 22, 15, 21], [1, 16, 2, 17], [7, 19, 8, 18]]"
12n_0412_128,"[[7, 19, 8, 18], [20, 14, 21, 13], [5, 22, 6, 23], [19, 24, 20, 1], [9, 2, 10, 3], [11, 4, 12, 5], [23, 6, 24, 7], [17, 9, 18, 8], [3, 10, 4, 11], [12, 16, 13, 15], [14, 22, 15, 21], [1, 16, 2, 17]]"
12n_0412_129,"[[1, 16, 2, 17], [7, 19, 8, 18], [20, 14, 21, 13], [5, 22, 6, 23], [19, 24, 20, 1], [9, 2, 10, 3], [11, 4, 12, 5], [23, 6, 24, 7], [17, 9, 18, 8], [3, 10, 4, 11], [12, 16, 13, 15], [14, 22, 15, 21]]"
12n_0412_130,"[[14, 22, 15, 21], [1, 16, 2, 17], [7, 19, 8, 18], [20, 14, 21, 13], [5, 22, 6, 23], [19, 24, 20, 1], [9, 2, 10, 3], [11, 4, 12, 5], [23, 6, 24, 7], [17, 9, 18, 8], [3, 10, 4, 11], [12, 16, 13, 15]]"
12n_0412_131,"[[12, 16, 13, 15], [14, 22, 15, 21], [1, 16, 2, 17], [7, 19, 8, 18], [20, 14, 21, 13], [5, 22, 6, 23], [19, 24, 20, 1], [9, 2, 10, 3], [11, 4, 12, 5], [23, 6, 24, 7], [17, 9, 18, 8], [3, 10, 4, 11]]"
12n_0412_132,"[[4, 11, 5, 12], [13, 17, 14, 16], [15, 23, 16, 22], [2, 17, 3, 18], [8, 20, 9, 19], [21, 15, 22, 14], [6, 23, 7, 24], [20, 1, 21, 2], [10, 3, 11, 4], [12, 5, 13, 6], [24, 7, 1, 8], [18, 10, 19, 9]]"
12n_0412_133,"[[18, 10, 19, 9], [4, 11, 5, 12], [13, 17, 14, 16], [15, 23, 16, 22], [2, 17, 3, 18], [8, 20, 9, 19], [21, 15, 22, 14], [6, 23, 7, 24], [20, 1, 21, 2], [10, 3, 11, 4], [12, 5, 13, 6], [24, 7, 1, 8]]"
12n_0412_134,"[[24, 7, 1, 8], [18, 10, 19, 9], [4, 11, 5, 12], [13, 17, 14, 16], [15, 23, 16, 22], [2, 17, 3, 18], [8, 20, 9, 19], [21, 15, 22, 14], [6, 23, 7, 24], [20, 1, 21, 2], [10, 3, 11, 4], [12, 5, 13, 6]]"
12n_0412_135,"[[12, 5, 13, 6], [24, 7, 1, 8], [18, 10, 19, 9], [4, 11, 5, 12], [13, 17, 14, 16], [15, 23, 16, 22], [2, 17, 3, 18], [8, 20, 9, 19], [21, 15, 22, 14], [6, 23, 7, 24], [20, 1, 21, 2], [10, 3, 11, 4]]"
12n_0412_136,"[[10, 3, 11, 4], [12, 5, 13, 6], [24, 7, 1, 8], [18, 10, 19, 9], [4, 11, 5, 12], [13, 17, 14, 16], [15, 23, 16, 22], [2, 17, 3, 18], [8, 20, 9, 19], [21, 15, 22, 14], [6, 23, 7, 24], [20, 1, 21, 2]]"
12n_0412_137,"[[20, 1, 21, 2], [10, 3, 11, 4], [12, 5, 13, 6], [24, 7, 1, 8], [18, 10, 19, 9], [4, 11, 5, 12], [13, 17, 14, 16], [15, 23, 16, 22], [2, 17, 3, 18], [8, 20, 9, 19], [21, 15, 22, 14], [6, 23, 7, 24]]"
12n_0412_138,"[[6, 23, 7, 24], [20, 1, 21, 2], [10, 3, 11, 4], [12, 5, 13, 6], [24, 7, 1, 8], [18, 10, 19, 9], [4, 11, 5, 12], [13, 17, 14, 16], [15, 23, 16, 22], [2, 17, 3, 18], [8, 20, 9, 19], [21, 15, 22, 14]]"
12n_0412_139,"[[21, 15, 22, 14], [6, 23, 7, 24], [20, 1, 21, 2], [10, 3, 11, 4], [12, 5, 13, 6], [24, 7, 1, 8], [18, 10, 19, 9], [4, 11, 5, 12], [13, 17, 14, 16], [15, 23, 16, 22], [2, 17, 3, 18], [8, 20, 9, 19]]"
12n_0412_140,"[[8, 20, 9, 19], [21, 15, 22, 14], [6, 23, 7, 24], [20, 1, 21, 2], [10, 3, 11, 4], [12, 5, 13, 6], [24, 7, 1, 8], [18, 10, 19, 9], [4, 11, 5, 12], [13, 17, 14, 16], [15, 23, 16, 22], [2, 17, 3, 18]]"
12n_0412_141,"[[2, 17, 3, 18], [8, 20, 9, 19], [21, 15, 22, 14], [6, 23, 7, 24], [20, 1, 21, 2], [10, 3, 11, 4], [12, 5, 13, 6], [24, 7, 1, 8], [18, 10, 19, 9], [4, 11, 5, 12], [13, 17, 14, 16], [15, 23, 16, 22]]"
12n_0412_142,"[[15, 23, 16, 22], [2, 17, 3, 18], [8, 20, 9, 19], [21, 15, 22, 14], [6, 23, 7, 24], [20, 1, 21, 2], [10, 3, 11, 4], [12, 5, 13, 6], [24, 7, 1, 8], [18, 10, 19, 9], [4, 11, 5, 12], [13, 17, 14, 16]]"
12n_0412_143,"[[13, 17, 14, 16], [15, 23, 16, 22], [2, 17, 3, 18], [8, 20, 9, 19], [21, 15, 22, 14], [6, 23, 7, 24], [20, 1, 21, 2], [10, 3, 11, 4], [12, 5, 13, 6], [24, 7, 1, 8], [18, 10, 19, 9], [4, 11, 5, 12]]"
12n_0412_144,"[[5, 12, 6, 13], [14, 18, 15, 17], [16, 24, 17, 23], [3, 18, 4, 19], [9, 21, 10, 20], [22, 16, 23, 15], [7, 24, 8, 1], [21, 2, 22, 3], [11, 4, 12, 5], [13, 6, 14, 7], [1, 8, 2, 9], [19, 11, 20, 10]]"
12n_0412_145,"[[19, 11, 20, 10], [5, 12, 6, 13], [14, 18, 15, 17], [16, 24, 17, 23], [3, 18, 4, 19], [9, 21, 10, 20], [22, 16, 23, 15], [7, 24, 8, 1], [21, 2, 22, 3], [11, 4, 12, 5], [13, 6, 14, 7], [1, 8, 2, 9]]"
12n_0412_146,"[[1, 8, 2, 9], [19, 11, 20, 10], [5, 12, 6, 13], [14, 18, 15, 17], [16, 24, 17, 23], [3, 18, 4, 19], [9, 21, 10, 20], [22, 16, 23, 15], [7, 24, 8, 1], [21, 2, 22, 3], [11, 4, 12, 5], [13, 6, 14, 7]]"
12n_0412_147,"[[13, 6, 14, 7], [1, 8, 2, 9], [19, 11, 20, 10], [5, 12, 6, 13], [14, 18, 15, 17], [16, 24, 17, 23], [3, 18, 4, 19], [9, 21, 10, 20], [22, 16, 23, 15], [7, 24, 8, 1], [21, 2, 22, 3], [11, 4, 12, 5]]"
12n_0412_148,"[[11, 4, 12, 5], [13, 6, 14, 7], [1, 8, 2, 9], [19, 11, 20, 10], [5, 12, 6, 13], [14, 18, 15, 17], [16, 24, 17, 23], [3, 18, 4, 19], [9, 21, 10, 20], [22, 16, 23, 15], [7, 24, 8, 1], [21, 2, 22, 3]]"
12n_0412_149,"[[21, 2, 22, 3], [11, 4, 12, 5], [13, 6, 14, 7], [1, 8, 2, 9], [19, 11, 20, 10], [5, 12, 6, 13], [14, 18, 15, 17], [16, 24, 17, 23], [3, 18, 4, 19], [9, 21, 10, 20], [22, 16, 23, 15], [7, 24, 8, 1]]"
12n_0412_150,"[[7, 24, 8, 1], [21, 2, 22, 3], [11, 4, 12, 5], [13, 6, 14, 7], [1, 8, 2, 9], [19, 11, 20, 10], [5, 12, 6, 13], [14, 18, 15, 17], [16, 24, 17, 23], [3, 18, 4, 19], [9, 21, 10, 20], [22, 16, 23, 15]]"
12n_0412_151,"[[22, 16, 23, 15], [7, 24, 8, 1], [21, 2, 22, 3], [11, 4, 12, 5], [13, 6, 14, 7], [1, 8, 2, 9], [19, 11, 20, 10], [5, 12, 6, 13], [14, 18, 15, 17], [16, 24, 17, 23], [3, 18, 4, 19], [9, 21, 10, 20]]"
12n_0412_152,"[[9, 21, 10, 20], [22, 16, 23, 15], [7, 24, 8, 1], [21, 2, 22, 3], [11, 4, 12, 5], [13, 6, 14, 7], [1, 8, 2, 9], [19, 11, 20, 10], [5, 12, 6, 13], [14, 18, 15, 17], [16, 24, 17, 23], [3, 18, 4, 19]]"
12n_0412_153,"[[3, 18, 4, 19], [9, 21, 10, 20], [22, 16, 23, 15], [7, 24, 8, 1], [21, 2, 22, 3], [11, 4, 12, 5], [13, 6, 14, 7], [1, 8, 2, 9], [19, 11, 20, 10], [5, 12, 6, 13], [14, 18, 15, 17], [16, 24, 17, 23]]"
12n_0412_154,"[[16, 24, 17, 23], [3, 18, 4, 19], [9, 21, 10, 20], [22, 16, 23, 15], [7, 24, 8, 1], [21, 2, 22, 3], [11, 4, 12, 5], [13, 6, 14, 7], [1, 8, 2, 9], [19, 11, 20, 10], [5, 12, 6, 13], [14, 18, 15, 17]]"
12n_0412_155,"[[14, 18, 15, 17], [16, 24, 17, 23], [3, 18, 4, 19], [9, 21, 10, 20], [22, 16, 23, 15], [7, 24, 8, 1], [21, 2, 22, 3], [11, 4, 12, 5], [13, 6, 14, 7], [1, 8, 2, 9], [19, 11, 20, 10], [5, 12, 6, 13]]"
12n_0412_156,"[[6, 13, 7, 14], [15, 19, 16, 18], [17, 1, 18, 24], [4, 19, 5, 20], [10, 22, 11, 21], [23, 17, 24, 16], [8, 1, 9, 2], [22, 3, 23, 4], [12, 5, 13, 6], [14, 7, 15, 8], [2, 9, 3, 10], [20, 12, 21, 11]]"
12n_0412_157,"[[20, 12, 21, 11], [6, 13, 7, 14], [15, 19, 16, 18], [17, 1, 18, 24], [4, 19, 5, 20], [10, 22, 11, 21], [23, 17, 24, 16], [8, 1, 9, 2], [22, 3, 23, 4], [12, 5, 13, 6], [14, 7, 15, 8], [2, 9, 3, 10]]"
12n_0412_158,"[[2, 9, 3, 10], [20, 12, 21, 11], [6, 13, 7, 14], [15, 19, 16, 18], [17, 1, 18, 24], [4, 19, 5, 20], [10, 22, 11, 21], [23, 17, 24, 16], [8, 1, 9, 2], [22, 3, 23, 4], [12, 5, 13, 6], [14, 7, 15, 8]]"
12n_0412_159,"[[14, 7, 15, 8], [2, 9, 3, 10], [20, 12, 21, 11], [6, 13, 7, 14], [15, 19, 16, 18], [17, 1, 18, 24], [4, 19, 5, 20], [10, 22, 11, 21], [23, 17, 24, 16], [8, 1, 9, 2], [22, 3, 23, 4], [12, 5, 13, 6]]"
12n_0412_160,"[[12, 5, 13, 6], [14, 7, 15, 8], [2, 9, 3, 10], [20, 12, 21, 11], [6, 13, 7, 14], [15, 19, 16, 18], [17, 1, 18, 24], [4, 19, 5, 20], [10, 22, 11, 21], [23, 17, 24, 16], [8, 1, 9, 2], [22, 3, 23, 4]]"
12n_0412_161,"[[22, 3, 23, 4], [12, 5, 13, 6], [14, 7, 15, 8], [2, 9, 3, 10], [20, 12, 21, 11], [6, 13, 7, 14], [15, 19, 16, 18], [17, 1, 18, 24], [4, 19, 5, 20], [10, 22, 11, 21], [23, 17, 24, 16], [8, 1, 9, 2]]"
12n_0412_162,"[[8, 1, 9, 2], [22, 3, 23, 4], [12, 5, 13, 6], [14, 7, 15, 8], [2, 9, 3, 10], [20, 12, 21, 11], [6, 13, 7, 14], [15, 19, 16, 18], [17, 1, 18, 24], [4, 19, 5, 20], [10, 22, 11, 21], [23, 17, 24, 16]]"
12n_0412_163,"[[23, 17, 24, 16], [8, 1, 9, 2], [22, 3, 23, 4], [12, 5, 13, 6], [14, 7, 15, 8], [2, 9, 3, 10], [20, 12, 21, 11], [6, 13, 7, 14], [15, 19, 16, 18], [17, 1, 18, 24], [4, 19, 5, 20], [10, 22, 11, 21]]"
12n_0412_164,"[[10, 22, 11, 21], [23, 17, 24, 16], [8, 1, 9, 2], [22, 3, 23, 4], [12, 5, 13, 6], [14, 7, 15, 8], [2, 9, 3, 10], [20, 12, 21, 11], [6, 13, 7, 14], [15, 19, 16, 18], [17, 1, 18, 24], [4, 19, 5, 20]]"
12n_0412_165,"[[4, 19, 5, 20], [10, 22, 11, 21], [23, 17, 24, 16], [8, 1, 9, 2], [22, 3, 23, 4], [12, 5, 13, 6], [14, 7, 15, 8], [2, 9, 3, 10], [20, 12, 21, 11], [6, 13, 7, 14], [15, 19, 16, 18], [17, 1, 18, 24]]"
12n_0412_166,"[[17, 1, 18, 24], [4, 19, 5, 20], [10, 22, 11, 21], [23, 17, 24, 16], [8, 1, 9, 2], [22, 3, 23, 4], [12, 5, 13, 6], [14, 7, 15, 8], [2, 9, 3, 10], [20, 12, 21, 11], [6, 13, 7, 14], [15, 19, 16, 18]]"
12n_0412_167,"[[15, 19, 16, 18], [17, 1, 18, 24], [4, 19, 5, 20], [10, 22, 11, 21], [23, 17, 24, 16], [8, 1, 9, 2], [22, 3, 23, 4], [12, 5, 13, 6], [14, 7, 15, 8], [2, 9, 3, 10], [20, 12, 21, 11], [6, 13, 7, 14]]"
12n_0412_168,"[[7, 14, 8, 15], [16, 20, 17, 19], [18, 2, 19, 1], [5, 20, 6, 21], [11, 23, 12, 22], [24, 18, 1, 17], [9, 2, 10, 3], [23, 4, 24, 5], [13, 6, 14, 7], [15, 8, 16, 9], [3, 10, 4, 11], [21, 13, 22, 12]]"
12n_0412_169,"[[21, 13, 22, 12], [7, 14, 8, 15], [16, 20, 17, 19], [18, 2, 19, 1], [5, 20, 6, 21], [11, 23, 12, 22], [24, 18, 1, 17], [9, 2, 10, 3], [23, 4, 24, 5], [13, 6, 14, 7], [15, 8, 16, 9], [3, 10, 4, 11]]"
12n_0412_170,"[[3, 10, 4, 11], [21, 13, 22, 12], [7, 14, 8, 15], [16, 20, 17, 19], [18, 2, 19, 1], [5, 20, 6, 21], [11, 23, 12, 22], [24, 18, 1, 17], [9, 2, 10, 3], [23, 4, 24, 5], [13, 6, 14, 7], [15, 8, 16, 9]]"
12n_0412_171,"[[15, 8, 16, 9], [3, 10, 4, 11], [21, 13, 22, 12], [7, 14, 8, 15], [16, 20, 17, 19], [18, 2, 19, 1], [5, 20, 6, 21], [11, 23, 12, 22], [24, 18, 1, 17], [9, 2, 10, 3], [23, 4, 24, 5], [13, 6, 14, 7]]"
12n_0412_172,"[[13, 6, 14, 7], [15, 8, 16, 9], [3, 10, 4, 11], [21, 13, 22, 12], [7, 14, 8, 15], [16, 20, 17, 19], [18, 2, 19, 1], [5, 20, 6, 21], [11, 23, 12, 22], [24, 18, 1, 17], [9, 2, 10, 3], [23, 4, 24, 5]]"
12n_0412_173,"[[23, 4, 24, 5], [13, 6, 14, 7], [15, 8, 16, 9], [3, 10, 4, 11], [21, 13, 22, 12], [7, 14, 8, 15], [16, 20, 17, 19], [18, 2, 19, 1], [5, 20, 6, 21], [11, 23, 12, 22], [24, 18, 1, 17], [9, 2, 10, 3]]"
12n_0412_174,"[[9, 2, 10, 3], [23, 4, 24, 5], [13, 6, 14, 7], [15, 8, 16, 9], [3, 10, 4, 11], [21, 13, 22, 12], [7, 14, 8, 15], [16, 20, 17, 19], [18, 2, 19, 1], [5, 20, 6, 21], [11, 23, 12, 22], [24, 18, 1, 17]]"
12n_0412_175,"[[24, 18, 1, 17], [9, 2, 10, 3], [23, 4, 24, 5], [13, 6, 14, 7], [15, 8, 16, 9], [3, 10, 4, 11], [21, 13, 22, 12], [7, 14, 8, 15], [16, 20, 17, 19], [18, 2, 19, 1], [5, 20, 6, 21], [11, 23, 12, 22]]"
12n_0412_176,"[[11, 23, 12, 22], [24, 18, 1, 17], [9, 2, 10, 3], [23, 4, 24, 5], [13, 6, 14, 7], [15, 8, 16, 9], [3, 10, 4, 11], [21, 13, 22, 12], [7, 14, 8, 15], [16, 20, 17, 19], [18, 2, 19, 1], [5, 20, 6, 21]]"
12n_0412_177,"[[5, 20, 6, 21], [11, 23, 12, 22], [24, 18, 1, 17], [9, 2, 10, 3], [23, 4, 24, 5], [13, 6, 14, 7], [15, 8, 16, 9], [3, 10, 4, 11], [21, 13, 22, 12], [7, 14, 8, 15], [16, 20, 17, 19], [18, 2, 19, 1]]"
12n_0412_178,"[[18, 2, 19, 1], [5, 20, 6, 21], [11, 23, 12, 22], [24, 18, 1, 17], [9, 2, 10, 3], [23, 4, 24, 5], [13, 6, 14, 7], [15, 8, 16, 9], [3, 10, 4, 11], [21, 13, 22, 12], [7, 14, 8, 15], [16, 20, 17, 19]]"
12n_0412_179,"[[16, 20, 17, 19], [18, 2, 19, 1], [5, 20, 6, 21], [11, 23, 12, 22], [24, 18, 1, 17], [9, 2, 10, 3], [23, 4, 24, 5], [13, 6, 14, 7], [15, 8, 16, 9], [3, 10, 4, 11], [21, 13, 22, 12], [7, 14, 8, 15]]"
12n_0412_180,"[[8, 15, 9, 16], [17, 21, 18, 20], [19, 3, 20, 2], [6, 21, 7, 22], [12, 24, 13, 23], [1, 19, 2, 18], [10, 3, 11, 4], [24, 5, 1, 6], [14, 7, 15, 8], [16, 9, 17, 10], [4, 11, 5, 12], [22, 14, 23, 13]]"
12n_0412_181,"[[22, 14, 23, 13], [8, 15, 9, 16], [17, 21, 18, 20], [19, 3, 20, 2], [6, 21, 7, 22], [12, 24, 13, 23], [1, 19, 2, 18], [10, 3, 11, 4], [24, 5, 1, 6], [14, 7, 15, 8], [16, 9, 17, 10], [4, 11, 5, 12]]"
12n_0412_182,"[[4, 11, 5, 12], [22, 14, 23, 13], [8, 15, 9, 16], [17, 21, 18, 20], [19, 3, 20, 2], [6, 21, 7, 22], [12, 24, 13, 23], [1, 19, 2, 18], [10, 3, 11, 4], [24, 5, 1, 6], [14, 7, 15, 8], [16, 9, 17, 10]]"
12n_0412_183,"[[16, 9, 17, 10], [4, 11, 5, 12], [22, 14, 23, 13], [8, 15, 9, 16], [17, 21, 18, 20], [19, 3, 20, 2], [6, 21, 7, 22], [12, 24, 13, 23], [1, 19, 2, 18], [10, 3, 11, 4], [24, 5, 1, 6], [14, 7, 15, 8]]"
12n_0412_184,"[[14, 7, 15, 8], [16, 9, 17, 10], [4, 11, 5, 12], [22, 14, 23, 13], [8, 15, 9, 16], [17, 21, 18, 20], [19, 3, 20, 2], [6, 21, 7, 22], [12, 24, 13, 23], [1, 19, 2, 18], [10, 3, 11, 4], [24, 5, 1, 6]]"
12n_0412_185,"[[24, 5, 1, 6], [14, 7, 15, 8], [16, 9, 17, 10], [4, 11, 5, 12], [22, 14, 23, 13], [8, 15, 9, 16], [17, 21, 18, 20], [19, 3, 20, 2], [6, 21, 7, 22], [12, 24, 13, 23], [1, 19, 2, 18], [10, 3, 11, 4]]"
