name,pd_notation
12n_0685_0,"[[24, 15, 1, 16], [2, 8, 3, 7], [4, 9, 5, 10], [6, 14, 7, 13], [8, 17, 9, 18], [19, 10, 20, 11], [21, 12, 22, 13], [14, 1, 15, 2], [16, 23, 17, 24], [18, 4, 19, 3], [11, 20, 12, 21], [22, 5, 23, 6]]"
12n_0685_1,"[[22, 5, 23, 6], [24, 15, 1, 16], [2, 8, 3, 7], [4, 9, 5, 10], [6, 14, 7, 13], [8, 17, 9, 18], [19, 10, 20, 11], [21, 12, 22, 13], [14, 1, 15, 2], [16, 23, 17, 24], [18, 4, 19, 3], [11, 20, 12, 21]]"
12n_0685_2,"[[11, 20, 12, 21], [22, 5, 23, 6], [24, 15, 1, 16], [2, 8, 3, 7], [4, 9, 5, 10], [6, 14, 7, 13], [8, 17, 9, 18], [19, 10, 20, 11], [21, 12, 22, 13], [14, 1, 15, 2], [16, 23, 17, 24], [18, 4, 19, 3]]"
12n_0685_3,"[[18, 4, 19, 3], [11, 20, 12, 21], [22, 5, 23, 6], [24, 15, 1, 16], [2, 8, 3, 7], [4, 9, 5, 10], [6, 14, 7, 13], [8, 17, 9, 18], [19, 10, 20, 11], [21, 12, 22, 13], [14, 1, 15, 2], [16, 23, 17, 24]]"
12n_0685_4,"[[16, 23, 17, 24], [18, 4, 19, 3], [11, 20, 12, 21], [22, 5, 23, 6], [24, 15, 1, 16], [2, 8, 3, 7], [4, 9, 5, 10], [6, 14, 7, 13], [8, 17, 9, 18], [19, 10, 20, 11], [21, 12, 22, 13], [14, 1, 15, 2]]"
12n_0685_5,"[[14, 1, 15, 2], [16, 23, 17, 24], [18, 4, 19, 3], [11, 20, 12, 21], [22, 5, 23, 6], [24, 15, 1, 16], [2, 8, 3, 7], [4, 9, 5, 10], [6, 14, 7, 13], [8, 17, 9, 18], [19, 10, 20, 11], [21, 12, 22, 13]]"
12n_0685_6,"[[21, 12, 22, 13], [14, 1, 15, 2], [16, 23, 17, 24], [18, 4, 19, 3], [11, 20, 12, 21], [22, 5, 23, 6], [24, 15, 1, 16], [2, 8, 3, 7], [4, 9, 5, 10], [6, 14, 7, 13], [8, 17, 9, 18], [19, 10, 20, 11]]"
12n_0685_7,"[[19, 10, 20, 11], [21, 12, 22, 13], [14, 1, 15, 2], [16, 23, 17, 24], [18, 4, 19, 3], [11, 20, 12, 21], [22, 5, 23, 6], [24, 15, 1, 16], [2, 8, 3, 7], [4, 9, 5, 10], [6, 14, 7, 13], [8, 17, 9, 18]]"
12n_0685_8,"[[8, 17, 9, 18], [19, 10, 20, 11], [21, 12, 22, 13], [14, 1, 15, 2], [16, 23, 17, 24], [18, 4, 19, 3], [11, 20, 12, 21], [22, 5, 23, 6], [24, 15, 1, 16], [2, 8, 3, 7], [4, 9, 5, 10], [6, 14, 7, 13]]"
12n_0685_9,"[[6, 14, 7, 13], [8, 17, 9, 18], [19, 10, 20, 11], [21, 12, 22, 13], [14, 1, 15, 2], [16, 23, 17, 24], [18, 4, 19, 3], [11, 20, 12, 21], [22, 5, 23, 6], [24, 15, 1, 16], [2, 8, 3, 7], [4, 9, 5, 10]]"
12n_0685_10,"[[4, 9, 5, 10], [6, 14, 7, 13], [8, 17, 9, 18], [19, 10, 20, 11], [21, 12, 22, 13], [14, 1, 15, 2], [16, 23, 17, 24], [18, 4, 19, 3], [11, 20, 12, 21], [22, 5, 23, 6], [24, 15, 1, 16], [2, 8, 3, 7]]"
12n_0685_11,"[[2, 8, 3, 7], [4, 9, 5, 10], [6, 14, 7, 13], [8, 17, 9, 18], [19, 10, 20, 11], [21, 12, 22, 13], [14, 1, 15, 2], [16, 23, 17, 24], [18, 4, 19, 3], [11, 20, 12, 21], [22, 5, 23, 6], [24, 15, 1, 16]]"
12n_0685_12,"[[1, 16, 2, 17], [3, 9, 4, 8], [5, 10, 6, 11], [7, 15, 8, 14], [9, 18, 10, 19], [20, 11, 21, 12], [22, 13, 23, 14], [15, 2, 16, 3], [17, 24, 18, 1], [19, 5, 20, 4], [12, 21, 13, 22], [23, 6, 24, 7]]"
12n_0685_13,"[[23, 6, 24, 7], [1, 16, 2, 17], [3, 9, 4, 8], [5, 10, 6, 11], [7, 15, 8, 14], [9, 18, 10, 19], [20, 11, 21, 12], [22, 13, 23, 14], [15, 2, 16, 3], [17, 24, 18, 1], [19, 5, 20, 4], [12, 21, 13, 22]]"
12n_0685_14,"[[12, 21, 13, 22], [23, 6, 24, 7], [1, 16, 2, 17], [3, 9, 4, 8], [5, 10, 6, 11], [7, 15, 8, 14], [9, 18, 10, 19], [20, 11, 21, 12], [22, 13, 23, 14], [15, 2, 16, 3], [17, 24, 18, 1], [19, 5, 20, 4]]"
12n_0685_15,"[[19, 5, 20, 4], [12, 21, 13, 22], [23, 6, 24, 7], [1, 16, 2, 17], [3, 9, 4, 8], [5, 10, 6, 11], [7, 15, 8, 14], [9, 18, 10, 19], [20, 11, 21, 12], [22, 13, 23, 14], [15, 2, 16, 3], [17, 24, 18, 1]]"
12n_0685_16,"[[17, 24, 18, 1], [19, 5, 20, 4], [12, 21, 13, 22], [23, 6, 24, 7], [1, 16, 2, 17], [3, 9, 4, 8], [5, 10, 6, 11], [7, 15, 8, 14], [9, 18, 10, 19], [20, 11, 21, 12], [22, 13, 23, 14], [15, 2, 16, 3]]"
12n_0685_17,"[[15, 2, 16, 3], [17, 24, 18, 1], [19, 5, 20, 4], [12, 21, 13, 22], [23, 6, 24, 7], [1, 16, 2, 17], [3, 9, 4, 8], [5, 10, 6, 11], [7, 15, 8, 14], [9, 18, 10, 19], [20, 11, 21, 12], [22, 13, 23, 14]]"
12n_0685_18,"[[22, 13, 23, 14], [15, 2, 16, 3], [17, 24, 18, 1], [19, 5, 20, 4], [12, 21, 13, 22], [23, 6, 24, 7], [1, 16, 2, 17], [3, 9, 4, 8], [5, 10, 6, 11], [7, 15, 8, 14], [9, 18, 10, 19], [20, 11, 21, 12]]"
12n_0685_19,"[[20, 11, 21, 12], [22, 13, 23, 14], [15, 2, 16, 3], [17, 24, 18, 1], [19, 5, 20, 4], [12, 21, 13, 22], [23, 6, 24, 7], [1, 16, 2, 17], [3, 9, 4, 8], [5, 10, 6, 11], [7, 15, 8, 14], [9, 18, 10, 19]]"
12n_0685_20,"[[9, 18, 10, 19], [20, 11, 21, 12], [22, 13, 23, 14], [15, 2, 16, 3], [17, 24, 18, 1], [19, 5, 20, 4], [12, 21, 13, 22], [23, 6, 24, 7], [1, 16, 2, 17], [3, 9, 4, 8], [5, 10, 6, 11], [7, 15, 8, 14]]"
12n_0685_21,"[[7, 15, 8, 14], [9, 18, 10, 19], [20, 11, 21, 12], [22, 13, 23, 14], [15, 2, 16, 3], [17, 24, 18, 1], [19, 5, 20, 4], [12, 21, 13, 22], [23, 6, 24, 7], [1, 16, 2, 17], [3, 9, 4, 8], [5, 10, 6, 11]]"
12n_0685_22,"[[5, 10, 6, 11], [7, 15, 8, 14], [9, 18, 10, 19], [20, 11, 21, 12], [22, 13, 23, 14], [15, 2, 16, 3], [17, 24, 18, 1], [19, 5, 20, 4], [12, 21, 13, 22], [23, 6, 24, 7], [1, 16, 2, 17], [3, 9, 4, 8]]"
12n_0685_23,"[[3, 9, 4, 8], [5, 10, 6, 11], [7, 15, 8, 14], [9, 18, 10, 19], [20, 11, 21, 12], [22, 13, 23, 14], [15, 2, 16, 3], [17, 24, 18, 1], [19, 5, 20, 4], [12, 21, 13, 22], [23, 6, 24, 7], [1, 16, 2, 17]]"
12n_0685_24,"[[2, 17, 3, 18], [4, 10, 5, 9], [6, 11, 7, 12], [8, 16, 9, 15], [10, 19, 11, 20], [21, 12, 22, 13], [23, 14, 24, 15], [16, 3, 17, 4], [18, 1, 19, 2], [20, 6, 21, 5], [13, 22, 14, 23], [24, 7, 1, 8]]"
12n_0685_25,"[[24, 7, 1, 8], [2, 17, 3, 18], [4, 10, 5, 9], [6, 11, 7, 12], [8, 16, 9, 15], [10, 19, 11, 20], [21, 12, 22, 13], [23, 14, 24, 15], [16, 3, 17, 4], [18, 1, 19, 2], [20, 6, 21, 5], [13, 22, 14, 23]]"
12n_0685_26,"[[13, 22, 14, 23], [24, 7, 1, 8], [2, 17, 3, 18], [4, 10, 5, 9], [6, 11, 7, 12], [8, 16, 9, 15], [10, 19, 11, 20], [21, 12, 22, 13], [23, 14, 24, 15], [16, 3, 17, 4], [18, 1, 19, 2], [20, 6, 21, 5]]"
12n_0685_27,"[[20, 6, 21, 5], [13, 22, 14, 23], [24, 7, 1, 8], [2, 17, 3, 18], [4, 10, 5, 9], [6, 11, 7, 12], [8, 16, 9, 15], [10, 19, 11, 20], [21, 12, 22, 13], [23, 14, 24, 15], [16, 3, 17, 4], [18, 1, 19, 2]]"
12n_0685_28,"[[18, 1, 19, 2], [20, 6, 21, 5], [13, 22, 14, 23], [24, 7, 1, 8], [2, 17, 3, 18], [4, 10, 5, 9], [6, 11, 7, 12], [8, 16, 9, 15], [10, 19, 11, 20], [21, 12, 22, 13], [23, 14, 24, 15], [16, 3, 17, 4]]"
12n_0685_29,"[[16, 3, 17, 4], [18, 1, 19, 2], [20, 6, 21, 5], [13, 22, 14, 23], [24, 7, 1, 8], [2, 17, 3, 18], [4, 10, 5, 9], [6, 11, 7, 12], [8, 16, 9, 15], [10, 19, 11, 20], [21, 12, 22, 13], [23, 14, 24, 15]]"
12n_0685_30,"[[23, 14, 24, 15], [16, 3, 17, 4], [18, 1, 19, 2], [20, 6, 21, 5], [13, 22, 14, 23], [24, 7, 1, 8], [2, 17, 3, 18], [4, 10, 5, 9], [6, 11, 7, 12], [8, 16, 9, 15], [10, 19, 11, 20], [21, 12, 22, 13]]"
12n_0685_31,"[[21, 12, 22, 13], [23, 14, 24, 15], [16, 3, 17, 4], [18, 1, 19, 2], [20, 6, 21, 5], [13, 22, 14, 23], [24, 7, 1, 8], [2, 17, 3, 18], [4, 10, 5, 9], [6, 11, 7, 12], [8, 16, 9, 15], [10, 19, 11, 20]]"
12n_0685_32,"[[10, 19, 11, 20], [21, 12, 22, 13], [23, 14, 24, 15], [16, 3, 17, 4], [18, 1, 19, 2], [20, 6, 21, 5], [13, 22, 14, 23], [24, 7, 1, 8], [2, 17, 3, 18], [4, 10, 5, 9], [6, 11, 7, 12], [8, 16, 9, 15]]"
12n_0685_33,"[[8, 16, 9, 15], [10, 19, 11, 20], [21, 12, 22, 13], [23, 14, 24, 15], [16, 3, 17, 4], [18, 1, 19, 2], [20, 6, 21, 5], [13, 22, 14, 23], [24, 7, 1, 8], [2, 17, 3, 18], [4, 10, 5, 9], [6, 11, 7, 12]]"
12n_0685_34,"[[6, 11, 7, 12], [8, 16, 9, 15], [10, 19, 11, 20], [21, 12, 22, 13], [23, 14, 24, 15], [16, 3, 17, 4], [18, 1, 19, 2], [20, 6, 21, 5], [13, 22, 14, 23], [24, 7, 1, 8], [2, 17, 3, 18], [4, 10, 5, 9]]"
12n_0685_35,"[[4, 10, 5, 9], [6, 11, 7, 12], [8, 16, 9, 15], [10, 19, 11, 20], [21, 12, 22, 13], [23, 14, 24, 15], [16, 3, 17, 4], [18, 1, 19, 2], [20, 6, 21, 5], [13, 22, 14, 23], [24, 7, 1, 8], [2, 17, 3, 18]]"
12n_0685_36,"[[3, 18, 4, 19], [5, 11, 6, 10], [7, 12, 8, 13], [9, 17, 10, 16], [11, 20, 12, 21], [22, 13, 23, 14], [24, 15, 1, 16], [17, 4, 18, 5], [19, 2, 20, 3], [21, 7, 22, 6], [14, 23, 15, 24], [1, 8, 2, 9]]"
12n_0685_37,"[[1, 8, 2, 9], [3, 18, 4, 19], [5, 11, 6, 10], [7, 12, 8, 13], [9, 17, 10, 16], [11, 20, 12, 21], [22, 13, 23, 14], [24, 15, 1, 16], [17, 4, 18, 5], [19, 2, 20, 3], [21, 7, 22, 6], [14, 23, 15, 24]]"
12n_0685_38,"[[14, 23, 15, 24], [1, 8, 2, 9], [3, 18, 4, 19], [5, 11, 6, 10], [7, 12, 8, 13], [9, 17, 10, 16], [11, 20, 12, 21], [22, 13, 23, 14], [24, 15, 1, 16], [17, 4, 18, 5], [19, 2, 20, 3], [21, 7, 22, 6]]"
12n_0685_39,"[[21, 7, 22, 6], [14, 23, 15, 24], [1, 8, 2, 9], [3, 18, 4, 19], [5, 11, 6, 10], [7, 12, 8, 13], [9, 17, 10, 16], [11, 20, 12, 21], [22, 13, 23, 14], [24, 15, 1, 16], [17, 4, 18, 5], [19, 2, 20, 3]]"
12n_0685_40,"[[19, 2, 20, 3], [21, 7, 22, 6], [14, 23, 15, 24], [1, 8, 2, 9], [3, 18, 4, 19], [5, 11, 6, 10], [7, 12, 8, 13], [9, 17, 10, 16], [11, 20, 12, 21], [22, 13, 23, 14], [24, 15, 1, 16], [17, 4, 18, 5]]"
12n_0685_41,"[[17, 4, 18, 5], [19, 2, 20, 3], [21, 7, 22, 6], [14, 23, 15, 24], [1, 8, 2, 9], [3, 18, 4, 19], [5, 11, 6, 10], [7, 12, 8, 13], [9, 17, 10, 16], [11, 20, 12, 21], [22, 13, 23, 14], [24, 15, 1, 16]]"
12n_0685_42,"[[24, 15, 1, 16], [17, 4, 18, 5], [19, 2, 20, 3], [21, 7, 22, 6], [14, 23, 15, 24], [1, 8, 2, 9], [3, 18, 4, 19], [5, 11, 6, 10], [7, 12, 8, 13], [9, 17, 10, 16], [11, 20, 12, 21], [22, 13, 23, 14]]"
12n_0685_43,"[[22, 13, 23, 14], [24, 15, 1, 16], [17, 4, 18, 5], [19, 2, 20, 3], [21, 7, 22, 6], [14, 23, 15, 24], [1, 8, 2, 9], [3, 18, 4, 19], [5, 11, 6, 10], [7, 12, 8, 13], [9, 17, 10, 16], [11, 20, 12, 21]]"
12n_0685_44,"[[11, 20, 12, 21], [22, 13, 23, 14], [24, 15, 1, 16], [17, 4, 18, 5], [19, 2, 20, 3], [21, 7, 22, 6], [14, 23, 15, 24], [1, 8, 2, 9], [3, 18, 4, 19], [5, 11, 6, 10], [7, 12, 8, 13], [9, 17, 10, 16]]"
12n_0685_45,"[[9, 17, 10, 16], [11, 20, 12, 21], [22, 13, 23, 14], [24, 15, 1, 16], [17, 4, 18, 5], [19, 2, 20, 3], [21, 7, 22, 6], [14, 23, 15, 24], [1, 8, 2, 9], [3, 18, 4, 19], [5, 11, 6, 10], [7, 12, 8, 13]]"
12n_0685_46,"[[7, 12, 8, 13], [9, 17, 10, 16], [11, 20, 12, 21], [22, 13, 23, 14], [24, 15, 1, 16], [17, 4, 18, 5], [19, 2, 20, 3], [21, 7, 22, 6], [14, 23, 15, 24], [1, 8, 2, 9], [3, 18, 4, 19], [5, 11, 6, 10]]"
12n_0685_47,"[[5, 11, 6, 10], [7, 12, 8, 13], [9, 17, 10, 16], [11, 20, 12, 21], [22, 13, 23, 14], [24, 15, 1, 16], [17, 4, 18, 5], [19, 2, 20, 3], [21, 7, 22, 6], [14, 23, 15, 24], [1, 8, 2, 9], [3, 18, 4, 19]]"
12n_0685_48,"[[4, 19, 5, 20], [6, 12, 7, 11], [8, 13, 9, 14], [10, 18, 11, 17], [12, 21, 13, 22], [23, 14, 24, 15], [1, 16, 2, 17], [18, 5, 19, 6], [20, 3, 21, 4], [22, 8, 23, 7], [15, 24, 16, 1], [2, 9, 3, 10]]"
12n_0685_49,"[[2, 9, 3, 10], [4, 19, 5, 20], [6, 12, 7, 11], [8, 13, 9, 14], [10, 18, 11, 17], [12, 21, 13, 22], [23, 14, 24, 15], [1, 16, 2, 17], [18, 5, 19, 6], [20, 3, 21, 4], [22, 8, 23, 7], [15, 24, 16, 1]]"
12n_0685_50,"[[15, 24, 16, 1], [2, 9, 3, 10], [4, 19, 5, 20], [6, 12, 7, 11], [8, 13, 9, 14], [10, 18, 11, 17], [12, 21, 13, 22], [23, 14, 24, 15], [1, 16, 2, 17], [18, 5, 19, 6], [20, 3, 21, 4], [22, 8, 23, 7]]"
12n_0685_51,"[[22, 8, 23, 7], [15, 24, 16, 1], [2, 9, 3, 10], [4, 19, 5, 20], [6, 12, 7, 11], [8, 13, 9, 14], [10, 18, 11, 17], [12, 21, 13, 22], [23, 14, 24, 15], [1, 16, 2, 17], [18, 5, 19, 6], [20, 3, 21, 4]]"
12n_0685_52,"[[20, 3, 21, 4], [22, 8, 23, 7], [15, 24, 16, 1], [2, 9, 3, 10], [4, 19, 5, 20], [6, 12, 7, 11], [8, 13, 9, 14], [10, 18, 11, 17], [12, 21, 13, 22], [23, 14, 24, 15], [1, 16, 2, 17], [18, 5, 19, 6]]"
12n_0685_53,"[[18, 5, 19, 6], [20, 3, 21, 4], [22, 8, 23, 7], [15, 24, 16, 1], [2, 9, 3, 10], [4, 19, 5, 20], [6, 12, 7, 11], [8, 13, 9, 14], [10, 18, 11, 17], [12, 21, 13, 22], [23, 14, 24, 15], [1, 16, 2, 17]]"
12n_0685_54,"[[1, 16, 2, 17], [18, 5, 19, 6], [20, 3, 21, 4], [22, 8, 23, 7], [15, 24, 16, 1], [2, 9, 3, 10], [4, 19, 5, 20], [6, 12, 7, 11], [8, 13, 9, 14], [10, 18, 11, 17], [12, 21, 13, 22], [23, 14, 24, 15]]"
12n_0685_55,"[[23, 14, 24, 15], [1, 16, 2, 17], [18, 5, 19, 6], [20, 3, 21, 4], [22, 8, 23, 7], [15, 24, 16, 1], [2, 9, 3, 10], [4, 19, 5, 20], [6, 12, 7, 11], [8, 13, 9, 14], [10, 18, 11, 17], [12, 21, 13, 22]]"
12n_0685_56,"[[12, 21, 13, 22], [23, 14, 24, 15], [1, 16, 2, 17], [18, 5, 19, 6], [20, 3, 21, 4], [22, 8, 23, 7], [15, 24, 16, 1], [2, 9, 3, 10], [4, 19, 5, 20], [6, 12, 7, 11], [8, 13, 9, 14], [10, 18, 11, 17]]"
12n_0685_57,"[[10, 18, 11, 17], [12, 21, 13, 22], [23, 14, 24, 15], [1, 16, 2, 17], [18, 5, 19, 6], [20, 3, 21, 4], [22, 8, 23, 7], [15, 24, 16, 1], [2, 9, 3, 10], [4, 19, 5, 20], [6, 12, 7, 11], [8, 13, 9, 14]]"
12n_0685_58,"[[8, 13, 9, 14], [10, 18, 11, 17], [12, 21, 13, 22], [23, 14, 24, 15], [1, 16, 2, 17], [18, 5, 19, 6], [20, 3, 21, 4], [22, 8, 23, 7], [15, 24, 16, 1], [2, 9, 3, 10], [4, 19, 5, 20], [6, 12, 7, 11]]"
12n_0685_59,"[[6, 12, 7, 11], [8, 13, 9, 14], [10, 18, 11, 17], [12, 21, 13, 22], [23, 14, 24, 15], [1, 16, 2, 17], [18, 5, 19, 6], [20, 3, 21, 4], [22, 8, 23, 7], [15, 24, 16, 1], [2, 9, 3, 10], [4, 19, 5, 20]]"
12n_0685_60,"[[5, 20, 6, 21], [7, 13, 8, 12], [9, 14, 10, 15], [11, 19, 12, 18], [13, 22, 14, 23], [24, 15, 1, 16], [2, 17, 3, 18], [19, 6, 20, 7], [21, 4, 22, 5], [23, 9, 24, 8], [16, 1, 17, 2], [3, 10, 4, 11]]"
12n_0685_61,"[[3, 10, 4, 11], [5, 20, 6, 21], [7, 13, 8, 12], [9, 14, 10, 15], [11, 19, 12, 18], [13, 22, 14, 23], [24, 15, 1, 16], [2, 17, 3, 18], [19, 6, 20, 7], [21, 4, 22, 5], [23, 9, 24, 8], [16, 1, 17, 2]]"
12n_0685_62,"[[16, 1, 17, 2], [3, 10, 4, 11], [5, 20, 6, 21], [7, 13, 8, 12], [9, 14, 10, 15], [11, 19, 12, 18], [13, 22, 14, 23], [24, 15, 1, 16], [2, 17, 3, 18], [19, 6, 20, 7], [21, 4, 22, 5], [23, 9, 24, 8]]"
12n_0685_63,"[[23, 9, 24, 8], [16, 1, 17, 2], [3, 10, 4, 11], [5, 20, 6, 21], [7, 13, 8, 12], [9, 14, 10, 15], [11, 19, 12, 18], [13, 22, 14, 23], [24, 15, 1, 16], [2, 17, 3, 18], [19, 6, 20, 7], [21, 4, 22, 5]]"
12n_0685_64,"[[21, 4, 22, 5], [23, 9, 24, 8], [16, 1, 17, 2], [3, 10, 4, 11], [5, 20, 6, 21], [7, 13, 8, 12], [9, 14, 10, 15], [11, 19, 12, 18], [13, 22, 14, 23], [24, 15, 1, 16], [2, 17, 3, 18], [19, 6, 20, 7]]"
12n_0685_65,"[[19, 6, 20, 7], [21, 4, 22, 5], [23, 9, 24, 8], [16, 1, 17, 2], [3, 10, 4, 11], [5, 20, 6, 21], [7, 13, 8, 12], [9, 14, 10, 15], [11, 19, 12, 18], [13, 22, 14, 23], [24, 15, 1, 16], [2, 17, 3, 18]]"
12n_0685_66,"[[2, 17, 3, 18], [19, 6, 20, 7], [21, 4, 22, 5], [23, 9, 24, 8], [16, 1, 17, 2], [3, 10, 4, 11], [5, 20, 6, 21], [7, 13, 8, 12], [9, 14, 10, 15], [11, 19, 12, 18], [13, 22, 14, 23], [24, 15, 1, 16]]"
12n_0685_67,"[[24, 15, 1, 16], [2, 17, 3, 18], [19, 6, 20, 7], [21, 4, 22, 5], [23, 9, 24, 8], [16, 1, 17, 2], [3, 10, 4, 11], [5, 20, 6, 21], [7, 13, 8, 12], [9, 14, 10, 15], [11, 19, 12, 18], [13, 22, 14, 23]]"
12n_0685_68,"[[13, 22, 14, 23], [24, 15, 1, 16], [2, 17, 3, 18], [19, 6, 20, 7], [21, 4, 22, 5], [23, 9, 24, 8], [16, 1, 17, 2], [3, 10, 4, 11], [5, 20, 6, 21], [7, 13, 8, 12], [9, 14, 10, 15], [11, 19, 12, 18]]"
12n_0685_69,"[[11, 19, 12, 18], [13, 22, 14, 23], [24, 15, 1, 16], [2, 17, 3, 18], [19, 6, 20, 7], [21, 4, 22, 5], [23, 9, 24, 8], [16, 1, 17, 2], [3, 10, 4, 11], [5, 20, 6, 21], [7, 13, 8, 12], [9, 14, 10, 15]]"
12n_0685_70,"[[9, 14, 10, 15], [11, 19, 12, 18], [13, 22, 14, 23], [24, 15, 1, 16], [2, 17, 3, 18], [19, 6, 20, 7], [21, 4, 22, 5], [23, 9, 24, 8], [16, 1, 17, 2], [3, 10, 4, 11], [5, 20, 6, 21], [7, 13, 8, 12]]"
12n_0685_71,"[[7, 13, 8, 12], [9, 14, 10, 15], [11, 19, 12, 18], [13, 22, 14, 23], [24, 15, 1, 16], [2, 17, 3, 18], [19, 6, 20, 7], [21, 4, 22, 5], [23, 9, 24, 8], [16, 1, 17, 2], [3, 10, 4, 11], [5, 20, 6, 21]]"
12n_0685_72,"[[6, 21, 7, 22], [8, 14, 9, 13], [10, 15, 11, 16], [12, 20, 13, 19], [14, 23, 15, 24], [1, 16, 2, 17], [3, 18, 4, 19], [20, 7, 21, 8], [22, 5, 23, 6], [24, 10, 1, 9], [17, 2, 18, 3], [4, 11, 5, 12]]"
12n_0685_73,"[[4, 11, 5, 12], [6, 21, 7, 22], [8, 14, 9, 13], [10, 15, 11, 16], [12, 20, 13, 19], [14, 23, 15, 24], [1, 16, 2, 17], [3, 18, 4, 19], [20, 7, 21, 8], [22, 5, 23, 6], [24, 10, 1, 9], [17, 2, 18, 3]]"
12n_0685_74,"[[17, 2, 18, 3], [4, 11, 5, 12], [6, 21, 7, 22], [8, 14, 9, 13], [10, 15, 11, 16], [12, 20, 13, 19], [14, 23, 15, 24], [1, 16, 2, 17], [3, 18, 4, 19], [20, 7, 21, 8], [22, 5, 23, 6], [24, 10, 1, 9]]"
12n_0685_75,"[[24, 10, 1, 9], [17, 2, 18, 3], [4, 11, 5, 12], [6, 21, 7, 22], [8, 14, 9, 13], [10, 15, 11, 16], [12, 20, 13, 19], [14, 23, 15, 24], [1, 16, 2, 17], [3, 18, 4, 19], [20, 7, 21, 8], [22, 5, 23, 6]]"
12n_0685_76,"[[22, 5, 23, 6], [24, 10, 1, 9], [17, 2, 18, 3], [4, 11, 5, 12], [6, 21, 7, 22], [8, 14, 9, 13], [10, 15, 11, 16], [12, 20, 13, 19], [14, 23, 15, 24], [1, 16, 2, 17], [3, 18, 4, 19], [20, 7, 21, 8]]"
12n_0685_77,"[[20, 7, 21, 8], [22, 5, 23, 6], [24, 10, 1, 9], [17, 2, 18, 3], [4, 11, 5, 12], [6, 21, 7, 22], [8, 14, 9, 13], [10, 15, 11, 16], [12, 20, 13, 19], [14, 23, 15, 24], [1, 16, 2, 17], [3, 18, 4, 19]]"
12n_0685_78,"[[3, 18, 4, 19], [20, 7, 21, 8], [22, 5, 23, 6], [24, 10, 1, 9], [17, 2, 18, 3], [4, 11, 5, 12], [6, 21, 7, 22], [8, 14, 9, 13], [10, 15, 11, 16], [12, 20, 13, 19], [14, 23, 15, 24], [1, 16, 2, 17]]"
12n_0685_79,"[[1, 16, 2, 17], [3, 18, 4, 19], [20, 7, 21, 8], [22, 5, 23, 6], [24, 10, 1, 9], [17, 2, 18, 3], [4, 11, 5, 12], [6, 21, 7, 22], [8, 14, 9, 13], [10, 15, 11, 16], [12, 20, 13, 19], [14, 23, 15, 24]]"
12n_0685_80,"[[14, 23, 15, 24], [1, 16, 2, 17], [3, 18, 4, 19], [20, 7, 21, 8], [22, 5, 23, 6], [24, 10, 1, 9], [17, 2, 18, 3], [4, 11, 5, 12], [6, 21, 7, 22], [8, 14, 9, 13], [10, 15, 11, 16], [12, 20, 13, 19]]"
12n_0685_81,"[[12, 20, 13, 19], [14, 23, 15, 24], [1, 16, 2, 17], [3, 18, 4, 19], [20, 7, 21, 8], [22, 5, 23, 6], [24, 10, 1, 9], [17, 2, 18, 3], [4, 11, 5, 12], [6, 21, 7, 22], [8, 14, 9, 13], [10, 15, 11, 16]]"
12n_0685_82,"[[10, 15, 11, 16], [12, 20, 13, 19], [14, 23, 15, 24], [1, 16, 2, 17], [3, 18, 4, 19], [20, 7, 21, 8], [22, 5, 23, 6], [24, 10, 1, 9], [17, 2, 18, 3], [4, 11, 5, 12], [6, 21, 7, 22], [8, 14, 9, 13]]"
12n_0685_83,"[[8, 14, 9, 13], [10, 15, 11, 16], [12, 20, 13, 19], [14, 23, 15, 24], [1, 16, 2, 17], [3, 18, 4, 19], [20, 7, 21, 8], [22, 5, 23, 6], [24, 10, 1, 9], [17, 2, 18, 3], [4, 11, 5, 12], [6, 21, 7, 22]]"
12n_0685_84,"[[7, 22, 8, 23], [9, 15, 10, 14], [11, 16, 12, 17], [13, 21, 14, 20], [15, 24, 16, 1], [2, 17, 3, 18], [4, 19, 5, 20], [21, 8, 22, 9], [23, 6, 24, 7], [1, 11, 2, 10], [18, 3, 19, 4], [5, 12, 6, 13]]"
12n_0685_85,"[[5, 12, 6, 13], [7, 22, 8, 23], [9, 15, 10, 14], [11, 16, 12, 17], [13, 21, 14, 20], [15, 24, 16, 1], [2, 17, 3, 18], [4, 19, 5, 20], [21, 8, 22, 9], [23, 6, 24, 7], [1, 11, 2, 10], [18, 3, 19, 4]]"
12n_0685_86,"[[18, 3, 19, 4], [5, 12, 6, 13], [7, 22, 8, 23], [9, 15, 10, 14], [11, 16, 12, 17], [13, 21, 14, 20], [15, 24, 16, 1], [2, 17, 3, 18], [4, 19, 5, 20], [21, 8, 22, 9], [23, 6, 24, 7], [1, 11, 2, 10]]"
12n_0685_87,"[[1, 11, 2, 10], [18, 3, 19, 4], [5, 12, 6, 13], [7, 22, 8, 23], [9, 15, 10, 14], [11, 16, 12, 17], [13, 21, 14, 20], [15, 24, 16, 1], [2, 17, 3, 18], [4, 19, 5, 20], [21, 8, 22, 9], [23, 6, 24, 7]]"
12n_0685_88,"[[23, 6, 24, 7], [1, 11, 2, 10], [18, 3, 19, 4], [5, 12, 6, 13], [7, 22, 8, 23], [9, 15, 10, 14], [11, 16, 12, 17], [13, 21, 14, 20], [15, 24, 16, 1], [2, 17, 3, 18], [4, 19, 5, 20], [21, 8, 22, 9]]"
12n_0685_89,"[[21, 8, 22, 9], [23, 6, 24, 7], [1, 11, 2, 10], [18, 3, 19, 4], [5, 12, 6, 13], [7, 22, 8, 23], [9, 15, 10, 14], [11, 16, 12, 17], [13, 21, 14, 20], [15, 24, 16, 1], [2, 17, 3, 18], [4, 19, 5, 20]]"
12n_0685_90,"[[4, 19, 5, 20], [21, 8, 22, 9], [23, 6, 24, 7], [1, 11, 2, 10], [18, 3, 19, 4], [5, 12, 6, 13], [7, 22, 8, 23], [9, 15, 10, 14], [11, 16, 12, 17], [13, 21, 14, 20], [15, 24, 16, 1], [2, 17, 3, 18]]"
12n_0685_91,"[[2, 17, 3, 18], [4, 19, 5, 20], [21, 8, 22, 9], [23, 6, 24, 7], [1, 11, 2, 10], [18, 3, 19, 4], [5, 12, 6, 13], [7, 22, 8, 23], [9, 15, 10, 14], [11, 16, 12, 17], [13, 21, 14, 20], [15, 24, 16, 1]]"
12n_0685_92,"[[15, 24, 16, 1], [2, 17, 3, 18], [4, 19, 5, 20], [21, 8, 22, 9], [23, 6, 24, 7], [1, 11, 2, 10], [18, 3, 19, 4], [5, 12, 6, 13], [7, 22, 8, 23], [9, 15, 10, 14], [11, 16, 12, 17], [13, 21, 14, 20]]"
12n_0685_93,"[[13, 21, 14, 20], [15, 24, 16, 1], [2, 17, 3, 18], [4, 19, 5, 20], [21, 8, 22, 9], [23, 6, 24, 7], [1, 11, 2, 10], [18, 3, 19, 4], [5, 12, 6, 13], [7, 22, 8, 23], [9, 15, 10, 14], [11, 16, 12, 17]]"
12n_0685_94,"[[11, 16, 12, 17], [13, 21, 14, 20], [15, 24, 16, 1], [2, 17, 3, 18], [4, 19, 5, 20], [21, 8, 22, 9], [23, 6, 24, 7], [1, 11, 2, 10], [18, 3, 19, 4], [5, 12, 6, 13], [7, 22, 8, 23], [9, 15, 10, 14]]"
12n_0685_95,"[[9, 15, 10, 14], [11, 16, 12, 17], [13, 21, 14, 20], [15, 24, 16, 1], [2, 17, 3, 18], [4, 19, 5, 20], [21, 8, 22, 9], [23, 6, 24, 7], [1, 11, 2, 10], [18, 3, 19, 4], [5, 12, 6, 13], [7, 22, 8, 23]]"
12n_0685_96,"[[8, 23, 9, 24], [10, 16, 11, 15], [12, 17, 13, 18], [14, 22, 15, 21], [16, 1, 17, 2], [3, 18, 4, 19], [5, 20, 6, 21], [22, 9, 23, 10], [24, 7, 1, 8], [2, 12, 3, 11], [19, 4, 20, 5], [6, 13, 7, 14]]"
12n_0685_97,"[[6, 13, 7, 14], [8, 23, 9, 24], [10, 16, 11, 15], [12, 17, 13, 18], [14, 22, 15, 21], [16, 1, 17, 2], [3, 18, 4, 19], [5, 20, 6, 21], [22, 9, 23, 10], [24, 7, 1, 8], [2, 12, 3, 11], [19, 4, 20, 5]]"
12n_0685_98,"[[19, 4, 20, 5], [6, 13, 7, 14], [8, 23, 9, 24], [10, 16, 11, 15], [12, 17, 13, 18], [14, 22, 15, 21], [16, 1, 17, 2], [3, 18, 4, 19], [5, 20, 6, 21], [22, 9, 23, 10], [24, 7, 1, 8], [2, 12, 3, 11]]"
12n_0685_99,"[[2, 12, 3, 11], [19, 4, 20, 5], [6, 13, 7, 14], [8, 23, 9, 24], [10, 16, 11, 15], [12, 17, 13, 18], [14, 22, 15, 21], [16, 1, 17, 2], [3, 18, 4, 19], [5, 20, 6, 21], [22, 9, 23, 10], [24, 7, 1, 8]]"
12n_0685_100,"[[24, 7, 1, 8], [2, 12, 3, 11], [19, 4, 20, 5], [6, 13, 7, 14], [8, 23, 9, 24], [10, 16, 11, 15], [12, 17, 13, 18], [14, 22, 15, 21], [16, 1, 17, 2], [3, 18, 4, 19], [5, 20, 6, 21], [22, 9, 23, 10]]"
12n_0685_101,"[[22, 9, 23, 10], [24, 7, 1, 8], [2, 12, 3, 11], [19, 4, 20, 5], [6, 13, 7, 14], [8, 23, 9, 24], [10, 16, 11, 15], [12, 17, 13, 18], [14, 22, 15, 21], [16, 1, 17, 2], [3, 18, 4, 19], [5, 20, 6, 21]]"
12n_0685_102,"[[5, 20, 6, 21], [22, 9, 23, 10], [24, 7, 1, 8], [2, 12, 3, 11], [19, 4, 20, 5], [6, 13, 7, 14], [8, 23, 9, 24], [10, 16, 11, 15], [12, 17, 13, 18], [14, 22, 15, 21], [16, 1, 17, 2], [3, 18, 4, 19]]"
12n_0685_103,"[[3, 18, 4, 19], [5, 20, 6, 21], [22, 9, 23, 10], [24, 7, 1, 8], [2, 12, 3, 11], [19, 4, 20, 5], [6, 13, 7, 14], [8, 23, 9, 24], [10, 16, 11, 15], [12, 17, 13, 18], [14, 22, 15, 21], [16, 1, 17, 2]]"
12n_0685_104,"[[16, 1, 17, 2], [3, 18, 4, 19], [5, 20, 6, 21], [22, 9, 23, 10], [24, 7, 1, 8], [2, 12, 3, 11], [19, 4, 20, 5], [6, 13, 7, 14], [8, 23, 9, 24], [10, 16, 11, 15], [12, 17, 13, 18], [14, 22, 15, 21]]"
12n_0685_105,"[[14, 22, 15, 21], [16, 1, 17, 2], [3, 18, 4, 19], [5, 20, 6, 21], [22, 9, 23, 10], [24, 7, 1, 8], [2, 12, 3, 11], [19, 4, 20, 5], [6, 13, 7, 14], [8, 23, 9, 24], [10, 16, 11, 15], [12, 17, 13, 18]]"
12n_0685_106,"[[12, 17, 13, 18], [14, 22, 15, 21], [16, 1, 17, 2], [3, 18, 4, 19], [5, 20, 6, 21], [22, 9, 23, 10], [24, 7, 1, 8], [2, 12, 3, 11], [19, 4, 20, 5], [6, 13, 7, 14], [8, 23, 9, 24], [10, 16, 11, 15]]"
12n_0685_107,"[[10, 16, 11, 15], [12, 17, 13, 18], [14, 22, 15, 21], [16, 1, 17, 2], [3, 18, 4, 19], [5, 20, 6, 21], [22, 9, 23, 10], [24, 7, 1, 8], [2, 12, 3, 11], [19, 4, 20, 5], [6, 13, 7, 14], [8, 23, 9, 24]]"
12n_0685_108,"[[9, 24, 10, 1], [11, 17, 12, 16], [13, 18, 14, 19], [15, 23, 16, 22], [17, 2, 18, 3], [4, 19, 5, 20], [6, 21, 7, 22], [23, 10, 24, 11], [1, 8, 2, 9], [3, 13, 4, 12], [20, 5, 21, 6], [7, 14, 8, 15]]"
12n_0685_109,"[[7, 14, 8, 15], [9, 24, 10, 1], [11, 17, 12, 16], [13, 18, 14, 19], [15, 23, 16, 22], [17, 2, 18, 3], [4, 19, 5, 20], [6, 21, 7, 22], [23, 10, 24, 11], [1, 8, 2, 9], [3, 13, 4, 12], [20, 5, 21, 6]]"
12n_0685_110,"[[20, 5, 21, 6], [7, 14, 8, 15], [9, 24, 10, 1], [11, 17, 12, 16], [13, 18, 14, 19], [15, 23, 16, 22], [17, 2, 18, 3], [4, 19, 5, 20], [6, 21, 7, 22], [23, 10, 24, 11], [1, 8, 2, 9], [3, 13, 4, 12]]"
12n_0685_111,"[[3, 13, 4, 12], [20, 5, 21, 6], [7, 14, 8, 15], [9, 24, 10, 1], [11, 17, 12, 16], [13, 18, 14, 19], [15, 23, 16, 22], [17, 2, 18, 3], [4, 19, 5, 20], [6, 21, 7, 22], [23, 10, 24, 11], [1, 8, 2, 9]]"
12n_0685_112,"[[1, 8, 2, 9], [3, 13, 4, 12], [20, 5, 21, 6], [7, 14, 8, 15], [9, 24, 10, 1], [11, 17, 12, 16], [13, 18, 14, 19], [15, 23, 16, 22], [17, 2, 18, 3], [4, 19, 5, 20], [6, 21, 7, 22], [23, 10, 24, 11]]"
12n_0685_113,"[[23, 10, 24, 11], [1, 8, 2, 9], [3, 13, 4, 12], [20, 5, 21, 6], [7, 14, 8, 15], [9, 24, 10, 1], [11, 17, 12, 16], [13, 18, 14, 19], [15, 23, 16, 22], [17, 2, 18, 3], [4, 19, 5, 20], [6, 21, 7, 22]]"
12n_0685_114,"[[6, 21, 7, 22], [23, 10, 24, 11], [1, 8, 2, 9], [3, 13, 4, 12], [20, 5, 21, 6], [7, 14, 8, 15], [9, 24, 10, 1], [11, 17, 12, 16], [13, 18, 14, 19], [15, 23, 16, 22], [17, 2, 18, 3], [4, 19, 5, 20]]"
12n_0685_115,"[[4, 19, 5, 20], [6, 21, 7, 22], [23, 10, 24, 11], [1, 8, 2, 9], [3, 13, 4, 12], [20, 5, 21, 6], [7, 14, 8, 15], [9, 24, 10, 1], [11, 17, 12, 16], [13, 18, 14, 19], [15, 23, 16, 22], [17, 2, 18, 3]]"
12n_0685_116,"[[17, 2, 18, 3], [4, 19, 5, 20], [6, 21, 7, 22], [23, 10, 24, 11], [1, 8, 2, 9], [3, 13, 4, 12], [20, 5, 21, 6], [7, 14, 8, 15], [9, 24, 10, 1], [11, 17, 12, 16], [13, 18, 14, 19], [15, 23, 16, 22]]"
12n_0685_117,"[[15, 23, 16, 22], [17, 2, 18, 3], [4, 19, 5, 20], [6, 21, 7, 22], [23, 10, 24, 11], [1, 8, 2, 9], [3, 13, 4, 12], [20, 5, 21, 6], [7, 14, 8, 15], [9, 24, 10, 1], [11, 17, 12, 16], [13, 18, 14, 19]]"
12n_0685_118,"[[13, 18, 14, 19], [15, 23, 16, 22], [17, 2, 18, 3], [4, 19, 5, 20], [6, 21, 7, 22], [23, 10, 24, 11], [1, 8, 2, 9], [3, 13, 4, 12], [20, 5, 21, 6], [7, 14, 8, 15], [9, 24, 10, 1], [11, 17, 12, 16]]"
12n_0685_119,"[[11, 17, 12, 16], [13, 18, 14, 19], [15, 23, 16, 22], [17, 2, 18, 3], [4, 19, 5, 20], [6, 21, 7, 22], [23, 10, 24, 11], [1, 8, 2, 9], [3, 13, 4, 12], [20, 5, 21, 6], [7, 14, 8, 15], [9, 24, 10, 1]]"
12n_0685_120,"[[10, 1, 11, 2], [12, 18, 13, 17], [14, 19, 15, 20], [16, 24, 17, 23], [18, 3, 19, 4], [5, 20, 6, 21], [7, 22, 8, 23], [24, 11, 1, 12], [2, 9, 3, 10], [4, 14, 5, 13], [21, 6, 22, 7], [8, 15, 9, 16]]"
12n_0685_121,"[[8, 15, 9, 16], [10, 1, 11, 2], [12, 18, 13, 17], [14, 19, 15, 20], [16, 24, 17, 23], [18, 3, 19, 4], [5, 20, 6, 21], [7, 22, 8, 23], [24, 11, 1, 12], [2, 9, 3, 10], [4, 14, 5, 13], [21, 6, 22, 7]]"
12n_0685_122,"[[21, 6, 22, 7], [8, 15, 9, 16], [10, 1, 11, 2], [12, 18, 13, 17], [14, 19, 15, 20], [16, 24, 17, 23], [18, 3, 19, 4], [5, 20, 6, 21], [7, 22, 8, 23], [24, 11, 1, 12], [2, 9, 3, 10], [4, 14, 5, 13]]"
12n_0685_123,"[[4, 14, 5, 13], [21, 6, 22, 7], [8, 15, 9, 16], [10, 1, 11, 2], [12, 18, 13, 17], [14, 19, 15, 20], [16, 24, 17, 23], [18, 3, 19, 4], [5, 20, 6, 21], [7, 22, 8, 23], [24, 11, 1, 12], [2, 9, 3, 10]]"
12n_0685_124,"[[2, 9, 3, 10], [4, 14, 5, 13], [21, 6, 22, 7], [8, 15, 9, 16], [10, 1, 11, 2], [12, 18, 13, 17], [14, 19, 15, 20], [16, 24, 17, 23], [18, 3, 19, 4], [5, 20, 6, 21], [7, 22, 8, 23], [24, 11, 1, 12]]"
12n_0685_125,"[[24, 11, 1, 12], [2, 9, 3, 10], [4, 14, 5, 13], [21, 6, 22, 7], [8, 15, 9, 16], [10, 1, 11, 2], [12, 18, 13, 17], [14, 19, 15, 20], [16, 24, 17, 23], [18, 3, 19, 4], [5, 20, 6, 21], [7, 22, 8, 23]]"
12n_0685_126,"[[7, 22, 8, 23], [24, 11, 1, 12], [2, 9, 3, 10], [4, 14, 5, 13], [21, 6, 22, 7], [8, 15, 9, 16], [10, 1, 11, 2], [12, 18, 13, 17], [14, 19, 15, 20], [16, 24, 17, 23], [18, 3, 19, 4], [5, 20, 6, 21]]"
12n_0685_127,"[[5, 20, 6, 21], [7, 22, 8, 23], [24, 11, 1, 12], [2, 9, 3, 10], [4, 14, 5, 13], [21, 6, 22, 7], [8, 15, 9, 16], [10, 1, 11, 2], [12, 18, 13, 17], [14, 19, 15, 20], [16, 24, 17, 23], [18, 3, 19, 4]]"
12n_0685_128,"[[18, 3, 19, 4], [5, 20, 6, 21], [7, 22, 8, 23], [24, 11, 1, 12], [2, 9, 3, 10], [4, 14, 5, 13], [21, 6, 22, 7], [8, 15, 9, 16], [10, 1, 11, 2], [12, 18, 13, 17], [14, 19, 15, 20], [16, 24, 17, 23]]"
12n_0685_129,"[[16, 24, 17, 23], [18, 3, 19, 4], [5, 20, 6, 21], [7, 22, 8, 23], [24, 11, 1, 12], [2, 9, 3, 10], [4, 14, 5, 13], [21, 6, 22, 7], [8, 15, 9, 16], [10, 1, 11, 2], [12, 18, 13, 17], [14, 19, 15, 20]]"
12n_0685_130,"[[14, 19, 15, 20], [16, 24, 17, 23], [18, 3, 19, 4], [5, 20, 6, 21], [7, 22, 8, 23], [24, 11, 1, 12], [2, 9, 3, 10], [4, 14, 5, 13], [21, 6, 22, 7], [8, 15, 9, 16], [10, 1, 11, 2], [12, 18, 13, 17]]"
12n_0685_131,"[[12, 18, 13, 17], [14, 19, 15, 20], [16, 24, 17, 23], [18, 3, 19, 4], [5, 20, 6, 21], [7, 22, 8, 23], [24, 11, 1, 12], [2, 9, 3, 10], [4, 14, 5, 13], [21, 6, 22, 7], [8, 15, 9, 16], [10, 1, 11, 2]]"
12n_0685_132,"[[11, 2, 12, 3], [13, 19, 14, 18], [15, 20, 16, 21], [17, 1, 18, 24], [19, 4, 20, 5], [6, 21, 7, 22], [8, 23, 9, 24], [1, 12, 2, 13], [3, 10, 4, 11], [5, 15, 6, 14], [22, 7, 23, 8], [9, 16, 10, 17]]"
12n_0685_133,"[[9, 16, 10, 17], [11, 2, 12, 3], [13, 19, 14, 18], [15, 20, 16, 21], [17, 1, 18, 24], [19, 4, 20, 5], [6, 21, 7, 22], [8, 23, 9, 24], [1, 12, 2, 13], [3, 10, 4, 11], [5, 15, 6, 14], [22, 7, 23, 8]]"
12n_0685_134,"[[22, 7, 23, 8], [9, 16, 10, 17], [11, 2, 12, 3], [13, 19, 14, 18], [15, 20, 16, 21], [17, 1, 18, 24], [19, 4, 20, 5], [6, 21, 7, 22], [8, 23, 9, 24], [1, 12, 2, 13], [3, 10, 4, 11], [5, 15, 6, 14]]"
12n_0685_135,"[[5, 15, 6, 14], [22, 7, 23, 8], [9, 16, 10, 17], [11, 2, 12, 3], [13, 19, 14, 18], [15, 20, 16, 21], [17, 1, 18, 24], [19, 4, 20, 5], [6, 21, 7, 22], [8, 23, 9, 24], [1, 12, 2, 13], [3, 10, 4, 11]]"
12n_0685_136,"[[3, 10, 4, 11], [5, 15, 6, 14], [22, 7, 23, 8], [9, 16, 10, 17], [11, 2, 12, 3], [13, 19, 14, 18], [15, 20, 16, 21], [17, 1, 18, 24], [19, 4, 20, 5], [6, 21, 7, 22], [8, 23, 9, 24], [1, 12, 2, 13]]"
12n_0685_137,"[[1, 12, 2, 13], [3, 10, 4, 11], [5, 15, 6, 14], [22, 7, 23, 8], [9, 16, 10, 17], [11, 2, 12, 3], [13, 19, 14, 18], [15, 20, 16, 21], [17, 1, 18, 24], [19, 4, 20, 5], [6, 21, 7, 22], [8, 23, 9, 24]]"
12n_0685_138,"[[8, 23, 9, 24], [1, 12, 2, 13], [3, 10, 4, 11], [5, 15, 6, 14], [22, 7, 23, 8], [9, 16, 10, 17], [11, 2, 12, 3], [13, 19, 14, 18], [15, 20, 16, 21], [17, 1, 18, 24], [19, 4, 20, 5], [6, 21, 7, 22]]"
12n_0685_139,"[[6, 21, 7, 22], [8, 23, 9, 24], [1, 12, 2, 13], [3, 10, 4, 11], [5, 15, 6, 14], [22, 7, 23, 8], [9, 16, 10, 17], [11, 2, 12, 3], [13, 19, 14, 18], [15, 20, 16, 21], [17, 1, 18, 24], [19, 4, 20, 5]]"
12n_0685_140,"[[19, 4, 20, 5], [6, 21, 7, 22], [8, 23, 9, 24], [1, 12, 2, 13], [3, 10, 4, 11], [5, 15, 6, 14], [22, 7, 23, 8], [9, 16, 10, 17], [11, 2, 12, 3], [13, 19, 14, 18], [15, 20, 16, 21], [17, 1, 18, 24]]"
12n_0685_141,"[[17, 1, 18, 24], [19, 4, 20, 5], [6, 21, 7, 22], [8, 23, 9, 24], [1, 12, 2, 13], [3, 10, 4, 11], [5, 15, 6, 14], [22, 7, 23, 8], [9, 16, 10, 17], [11, 2, 12, 3], [13, 19, 14, 18], [15, 20, 16, 21]]"
12n_0685_142,"[[15, 20, 16, 21], [17, 1, 18, 24], [19, 4, 20, 5], [6, 21, 7, 22], [8, 23, 9, 24], [1, 12, 2, 13], [3, 10, 4, 11], [5, 15, 6, 14], [22, 7, 23, 8], [9, 16, 10, 17], [11, 2, 12, 3], [13, 19, 14, 18]]"
12n_0685_143,"[[13, 19, 14, 18], [15, 20, 16, 21], [17, 1, 18, 24], [19, 4, 20, 5], [6, 21, 7, 22], [8, 23, 9, 24], [1, 12, 2, 13], [3, 10, 4, 11], [5, 15, 6, 14], [22, 7, 23, 8], [9, 16, 10, 17], [11, 2, 12, 3]]"
12n_0685_144,"[[12, 3, 13, 4], [14, 20, 15, 19], [16, 21, 17, 22], [18, 2, 19, 1], [20, 5, 21, 6], [7, 22, 8, 23], [9, 24, 10, 1], [2, 13, 3, 14], [4, 11, 5, 12], [6, 16, 7, 15], [23, 8, 24, 9], [10, 17, 11, 18]]"
12n_0685_145,"[[10, 17, 11, 18], [12, 3, 13, 4], [14, 20, 15, 19], [16, 21, 17, 22], [18, 2, 19, 1], [20, 5, 21, 6], [7, 22, 8, 23], [9, 24, 10, 1], [2, 13, 3, 14], [4, 11, 5, 12], [6, 16, 7, 15], [23, 8, 24, 9]]"
12n_0685_146,"[[23, 8, 24, 9], [10, 17, 11, 18], [12, 3, 13, 4], [14, 20, 15, 19], [16, 21, 17, 22], [18, 2, 19, 1], [20, 5, 21, 6], [7, 22, 8, 23], [9, 24, 10, 1], [2, 13, 3, 14], [4, 11, 5, 12], [6, 16, 7, 15]]"
12n_0685_147,"[[6, 16, 7, 15], [23, 8, 24, 9], [10, 17, 11, 18], [12, 3, 13, 4], [14, 20, 15, 19], [16, 21, 17, 22], [18, 2, 19, 1], [20, 5, 21, 6], [7, 22, 8, 23], [9, 24, 10, 1], [2, 13, 3, 14], [4, 11, 5, 12]]"
12n_0685_148,"[[4, 11, 5, 12], [6, 16, 7, 15], [23, 8, 24, 9], [10, 17, 11, 18], [12, 3, 13, 4], [14, 20, 15, 19], [16, 21, 17, 22], [18, 2, 19, 1], [20, 5, 21, 6], [7, 22, 8, 23], [9, 24, 10, 1], [2, 13, 3, 14]]"
12n_0685_149,"[[2, 13, 3, 14], [4, 11, 5, 12], [6, 16, 7, 15], [23, 8, 24, 9], [10, 17, 11, 18], [12, 3, 13, 4], [14, 20, 15, 19], [16, 21, 17, 22], [18, 2, 19, 1], [20, 5, 21, 6], [7, 22, 8, 23], [9, 24, 10, 1]]"
12n_0685_150,"[[9, 24, 10, 1], [2, 13, 3, 14], [4, 11, 5, 12], [6, 16, 7, 15], [23, 8, 24, 9], [10, 17, 11, 18], [12, 3, 13, 4], [14, 20, 15, 19], [16, 21, 17, 22], [18, 2, 19, 1], [20, 5, 21, 6], [7, 22, 8, 23]]"
12n_0685_151,"[[7, 22, 8, 23], [9, 24, 10, 1], [2, 13, 3, 14], [4, 11, 5, 12], [6, 16, 7, 15], [23, 8, 24, 9], [10, 17, 11, 18], [12, 3, 13, 4], [14, 20, 15, 19], [16, 21, 17, 22], [18, 2, 19, 1], [20, 5, 21, 6]]"
12n_0685_152,"[[20, 5, 21, 6], [7, 22, 8, 23], [9, 24, 10, 1], [2, 13, 3, 14], [4, 11, 5, 12], [6, 16, 7, 15], [23, 8, 24, 9], [10, 17, 11, 18], [12, 3, 13, 4], [14, 20, 15, 19], [16, 21, 17, 22], [18, 2, 19, 1]]"
12n_0685_153,"[[18, 2, 19, 1], [20, 5, 21, 6], [7, 22, 8, 23], [9, 24, 10, 1], [2, 13, 3, 14], [4, 11, 5, 12], [6, 16, 7, 15], [23, 8, 24, 9], [10, 17, 11, 18], [12, 3, 13, 4], [14, 20, 15, 19], [16, 21, 17, 22]]"
12n_0685_154,"[[16, 21, 17, 22], [18, 2, 19, 1], [20, 5, 21, 6], [7, 22, 8, 23], [9, 24, 10, 1], [2, 13, 3, 14], [4, 11, 5, 12], [6, 16, 7, 15], [23, 8, 24, 9], [10, 17, 11, 18], [12, 3, 13, 4], [14, 20, 15, 19]]"
12n_0685_155,"[[14, 20, 15, 19], [16, 21, 17, 22], [18, 2, 19, 1], [20, 5, 21, 6], [7, 22, 8, 23], [9, 24, 10, 1], [2, 13, 3, 14], [4, 11, 5, 12], [6, 16, 7, 15], [23, 8, 24, 9], [10, 17, 11, 18], [12, 3, 13, 4]]"
12n_0685_156,"[[13, 4, 14, 5], [15, 21, 16, 20], [17, 22, 18, 23], [19, 3, 20, 2], [21, 6, 22, 7], [8, 23, 9, 24], [10, 1, 11, 2], [3, 14, 4, 15], [5, 12, 6, 13], [7, 17, 8, 16], [24, 9, 1, 10], [11, 18, 12, 19]]"
12n_0685_157,"[[11, 18, 12, 19], [13, 4, 14, 5], [15, 21, 16, 20], [17, 22, 18, 23], [19, 3, 20, 2], [21, 6, 22, 7], [8, 23, 9, 24], [10, 1, 11, 2], [3, 14, 4, 15], [5, 12, 6, 13], [7, 17, 8, 16], [24, 9, 1, 10]]"
12n_0685_158,"[[24, 9, 1, 10], [11, 18, 12, 19], [13, 4, 14, 5], [15, 21, 16, 20], [17, 22, 18, 23], [19, 3, 20, 2], [21, 6, 22, 7], [8, 23, 9, 24], [10, 1, 11, 2], [3, 14, 4, 15], [5, 12, 6, 13], [7, 17, 8, 16]]"
12n_0685_159,"[[7, 17, 8, 16], [24, 9, 1, 10], [11, 18, 12, 19], [13, 4, 14, 5], [15, 21, 16, 20], [17, 22, 18, 23], [19, 3, 20, 2], [21, 6, 22, 7], [8, 23, 9, 24], [10, 1, 11, 2], [3, 14, 4, 15], [5, 12, 6, 13]]"
12n_0685_160,"[[5, 12, 6, 13], [7, 17, 8, 16], [24, 9, 1, 10], [11, 18, 12, 19], [13, 4, 14, 5], [15, 21, 16, 20], [17, 22, 18, 23], [19, 3, 20, 2], [21, 6, 22, 7], [8, 23, 9, 24], [10, 1, 11, 2], [3, 14, 4, 15]]"
12n_0685_161,"[[3, 14, 4, 15], [5, 12, 6, 13], [7, 17, 8, 16], [24, 9, 1, 10], [11, 18, 12, 19], [13, 4, 14, 5], [15, 21, 16, 20], [17, 22, 18, 23], [19, 3, 20, 2], [21, 6, 22, 7], [8, 23, 9, 24], [10, 1, 11, 2]]"
12n_0685_162,"[[10, 1, 11, 2], [3, 14, 4, 15], [5, 12, 6, 13], [7, 17, 8, 16], [24, 9, 1, 10], [11, 18, 12, 19], [13, 4, 14, 5], [15, 21, 16, 20], [17, 22, 18, 23], [19, 3, 20, 2], [21, 6, 22, 7], [8, 23, 9, 24]]"
12n_0685_163,"[[8, 23, 9, 24], [10, 1, 11, 2], [3, 14, 4, 15], [5, 12, 6, 13], [7, 17, 8, 16], [24, 9, 1, 10], [11, 18, 12, 19], [13, 4, 14, 5], [15, 21, 16, 20], [17, 22, 18, 23], [19, 3, 20, 2], [21, 6, 22, 7]]"
12n_0685_164,"[[21, 6, 22, 7], [8, 23, 9, 24], [10, 1, 11, 2], [3, 14, 4, 15], [5, 12, 6, 13], [7, 17, 8, 16], [24, 9, 1, 10], [11, 18, 12, 19], [13, 4, 14, 5], [15, 21, 16, 20], [17, 22, 18, 23], [19, 3, 20, 2]]"
12n_0685_165,"[[19, 3, 20, 2], [21, 6, 22, 7], [8, 23, 9, 24], [10, 1, 11, 2], [3, 14, 4, 15], [5, 12, 6, 13], [7, 17, 8, 16], [24, 9, 1, 10], [11, 18, 12, 19], [13, 4, 14, 5], [15, 21, 16, 20], [17, 22, 18, 23]]"
12n_0685_166,"[[17, 22, 18, 23], [19, 3, 20, 2], [21, 6, 22, 7], [8, 23, 9, 24], [10, 1, 11, 2], [3, 14, 4, 15], [5, 12, 6, 13], [7, 17, 8, 16], [24, 9, 1, 10], [11, 18, 12, 19], [13, 4, 14, 5], [15, 21, 16, 20]]"
12n_0685_167,"[[15, 21, 16, 20], [17, 22, 18, 23], [19, 3, 20, 2], [21, 6, 22, 7], [8, 23, 9, 24], [10, 1, 11, 2], [3, 14, 4, 15], [5, 12, 6, 13], [7, 17, 8, 16], [24, 9, 1, 10], [11, 18, 12, 19], [13, 4, 14, 5]]"
12n_0685_168,"[[14, 5, 15, 6], [16, 22, 17, 21], [18, 23, 19, 24], [20, 4, 21, 3], [22, 7, 23, 8], [9, 24, 10, 1], [11, 2, 12, 3], [4, 15, 5, 16], [6, 13, 7, 14], [8, 18, 9, 17], [1, 10, 2, 11], [12, 19, 13, 20]]"
12n_0685_169,"[[12, 19, 13, 20], [14, 5, 15, 6], [16, 22, 17, 21], [18, 23, 19, 24], [20, 4, 21, 3], [22, 7, 23, 8], [9, 24, 10, 1], [11, 2, 12, 3], [4, 15, 5, 16], [6, 13, 7, 14], [8, 18, 9, 17], [1, 10, 2, 11]]"
12n_0685_170,"[[1, 10, 2, 11], [12, 19, 13, 20], [14, 5, 15, 6], [16, 22, 17, 21], [18, 23, 19, 24], [20, 4, 21, 3], [22, 7, 23, 8], [9, 24, 10, 1], [11, 2, 12, 3], [4, 15, 5, 16], [6, 13, 7, 14], [8, 18, 9, 17]]"
12n_0685_171,"[[8, 18, 9, 17], [1, 10, 2, 11], [12, 19, 13, 20], [14, 5, 15, 6], [16, 22, 17, 21], [18, 23, 19, 24], [20, 4, 21, 3], [22, 7, 23, 8], [9, 24, 10, 1], [11, 2, 12, 3], [4, 15, 5, 16], [6, 13, 7, 14]]"
12n_0685_172,"[[6, 13, 7, 14], [8, 18, 9, 17], [1, 10, 2, 11], [12, 19, 13, 20], [14, 5, 15, 6], [16, 22, 17, 21], [18, 23, 19, 24], [20, 4, 21, 3], [22, 7, 23, 8], [9, 24, 10, 1], [11, 2, 12, 3], [4, 15, 5, 16]]"
12n_0685_173,"[[4, 15, 5, 16], [6, 13, 7, 14], [8, 18, 9, 17], [1, 10, 2, 11], [12, 19, 13, 20], [14, 5, 15, 6], [16, 22, 17, 21], [18, 23, 19, 24], [20, 4, 21, 3], [22, 7, 23, 8], [9, 24, 10, 1], [11, 2, 12, 3]]"
12n_0685_174,"[[11, 2, 12, 3], [4, 15, 5, 16], [6, 13, 7, 14], [8, 18, 9, 17], [1, 10, 2, 11], [12, 19, 13, 20], [14, 5, 15, 6], [16, 22, 17, 21], [18, 23, 19, 24], [20, 4, 21, 3], [22, 7, 23, 8], [9, 24, 10, 1]]"
12n_0685_175,"[[9, 24, 10, 1], [11, 2, 12, 3], [4, 15, 5, 16], [6, 13, 7, 14], [8, 18, 9, 17], [1, 10, 2, 11], [12, 19, 13, 20], [14, 5, 15, 6], [16, 22, 17, 21], [18, 23, 19, 24], [20, 4, 21, 3], [22, 7, 23, 8]]"
12n_0685_176,"[[22, 7, 23, 8], [9, 24, 10, 1], [11, 2, 12, 3], [4, 15, 5, 16], [6, 13, 7, 14], [8, 18, 9, 17], [1, 10, 2, 11], [12, 19, 13, 20], [14, 5, 15, 6], [16, 22, 17, 21], [18, 23, 19, 24], [20, 4, 21, 3]]"
12n_0685_177,"[[20, 4, 21, 3], [22, 7, 23, 8], [9, 24, 10, 1], [11, 2, 12, 3], [4, 15, 5, 16], [6, 13, 7, 14], [8, 18, 9, 17], [1, 10, 2, 11], [12, 19, 13, 20], [14, 5, 15, 6], [16, 22, 17, 21], [18, 23, 19, 24]]"
12n_0685_178,"[[18, 23, 19, 24], [20, 4, 21, 3], [22, 7, 23, 8], [9, 24, 10, 1], [11, 2, 12, 3], [4, 15, 5, 16], [6, 13, 7, 14], [8, 18, 9, 17], [1, 10, 2, 11], [12, 19, 13, 20], [14, 5, 15, 6], [16, 22, 17, 21]]"
12n_0685_179,"[[16, 22, 17, 21], [18, 23, 19, 24], [20, 4, 21, 3], [22, 7, 23, 8], [9, 24, 10, 1], [11, 2, 12, 3], [4, 15, 5, 16], [6, 13, 7, 14], [8, 18, 9, 17], [1, 10, 2, 11], [12, 19, 13, 20], [14, 5, 15, 6]]"
12n_0685_180,"[[15, 6, 16, 7], [17, 23, 18, 22], [19, 24, 20, 1], [21, 5, 22, 4], [23, 8, 24, 9], [10, 1, 11, 2], [12, 3, 13, 4], [5, 16, 6, 17], [7, 14, 8, 15], [9, 19, 10, 18], [2, 11, 3, 12], [13, 20, 14, 21]]"
12n_0685_181,"[[13, 20, 14, 21], [15, 6, 16, 7], [17, 23, 18, 22], [19, 24, 20, 1], [21, 5, 22, 4], [23, 8, 24, 9], [10, 1, 11, 2], [12, 3, 13, 4], [5, 16, 6, 17], [7, 14, 8, 15], [9, 19, 10, 18], [2, 11, 3, 12]]"
12n_0685_182,"[[2, 11, 3, 12], [13, 20, 14, 21], [15, 6, 16, 7], [17, 23, 18, 22], [19, 24, 20, 1], [21, 5, 22, 4], [23, 8, 24, 9], [10, 1, 11, 2], [12, 3, 13, 4], [5, 16, 6, 17], [7, 14, 8, 15], [9, 19, 10, 18]]"
12n_0685_183,"[[9, 19, 10, 18], [2, 11, 3, 12], [13, 20, 14, 21], [15, 6, 16, 7], [17, 23, 18, 22], [19, 24, 20, 1], [21, 5, 22, 4], [23, 8, 24, 9], [10, 1, 11, 2], [12, 3, 13, 4], [5, 16, 6, 17], [7, 14, 8, 15]]"
12n_0685_184,"[[7, 14, 8, 15], [9, 19, 10, 18], [2, 11, 3, 12], [13, 20, 14, 21], [15, 6, 16, 7], [17, 23, 18, 22], [19, 24, 20, 1], [21, 5, 22, 4], [23, 8, 24, 9], [10, 1, 11, 2], [12, 3, 13, 4], [5, 16, 6, 17]]"
12n_0685_185,"[[5, 16, 6, 17], [7, 14, 8, 15], [9, 19, 10, 18], [2, 11, 3, 12], [13, 20, 14, 21], [15, 6, 16, 7], [17, 23, 18, 22], [19, 24, 20, 1], [21, 5, 22, 4], [23, 8, 24, 9], [10, 1, 11, 2], [12, 3, 13, 4]]"
