name,pd_notation
12n_0817_0,"[[15, 24, 16, 1], [2, 8, 3, 7], [4, 11, 5, 12], [6, 22, 7, 21], [8, 14, 9, 13], [10, 20, 11, 19], [12, 3, 13, 4], [23, 14, 24, 15], [1, 16, 2, 17], [18, 10, 19, 9], [20, 6, 21, 5], [17, 22, 18, 23]]"
12n_0817_1,"[[17, 22, 18, 23], [15, 24, 16, 1], [2, 8, 3, 7], [4, 11, 5, 12], [6, 22, 7, 21], [8, 14, 9, 13], [10, 20, 11, 19], [12, 3, 13, 4], [23, 14, 24, 15], [1, 16, 2, 17], [18, 10, 19, 9], [20, 6, 21, 5]]"
12n_0817_2,"[[20, 6, 21, 5], [17, 22, 18, 23], [15, 24, 16, 1], [2, 8, 3, 7], [4, 11, 5, 12], [6, 22, 7, 21], [8, 14, 9, 13], [10, 20, 11, 19], [12, 3, 13, 4], [23, 14, 24, 15], [1, 16, 2, 17], [18, 10, 19, 9]]"
12n_0817_3,"[[18, 10, 19, 9], [20, 6, 21, 5], [17, 22, 18, 23], [15, 24, 16, 1], [2, 8, 3, 7], [4, 11, 5, 12], [6, 22, 7, 21], [8, 14, 9, 13], [10, 20, 11, 19], [12, 3, 13, 4], [23, 14, 24, 15], [1, 16, 2, 17]]"
12n_0817_4,"[[1, 16, 2, 17], [18, 10, 19, 9], [20, 6, 21, 5], [17, 22, 18, 23], [15, 24, 16, 1], [2, 8, 3, 7], [4, 11, 5, 12], [6, 22, 7, 21], [8, 14, 9, 13], [10, 20, 11, 19], [12, 3, 13, 4], [23, 14, 24, 15]]"
12n_0817_5,"[[23, 14, 24, 15], [1, 16, 2, 17], [18, 10, 19, 9], [20, 6, 21, 5], [17, 22, 18, 23], [15, 24, 16, 1], [2, 8, 3, 7], [4, 11, 5, 12], [6, 22, 7, 21], [8, 14, 9, 13], [10, 20, 11, 19], [12, 3, 13, 4]]"
12n_0817_6,"[[12, 3, 13, 4], [23, 14, 24, 15], [1, 16, 2, 17], [18, 10, 19, 9], [20, 6, 21, 5], [17, 22, 18, 23], [15, 24, 16, 1], [2, 8, 3, 7], [4, 11, 5, 12], [6, 22, 7, 21], [8, 14, 9, 13], [10, 20, 11, 19]]"
12n_0817_7,"[[10, 20, 11, 19], [12, 3, 13, 4], [23, 14, 24, 15], [1, 16, 2, 17], [18, 10, 19, 9], [20, 6, 21, 5], [17, 22, 18, 23], [15, 24, 16, 1], [2, 8, 3, 7], [4, 11, 5, 12], [6, 22, 7, 21], [8, 14, 9, 13]]"
12n_0817_8,"[[8, 14, 9, 13], [10, 20, 11, 19], [12, 3, 13, 4], [23, 14, 24, 15], [1, 16, 2, 17], [18, 10, 19, 9], [20, 6, 21, 5], [17, 22, 18, 23], [15, 24, 16, 1], [2, 8, 3, 7], [4, 11, 5, 12], [6, 22, 7, 21]]"
12n_0817_9,"[[6, 22, 7, 21], [8, 14, 9, 13], [10, 20, 11, 19], [12, 3, 13, 4], [23, 14, 24, 15], [1, 16, 2, 17], [18, 10, 19, 9], [20, 6, 21, 5], [17, 22, 18, 23], [15, 24, 16, 1], [2, 8, 3, 7], [4, 11, 5, 12]]"
12n_0817_10,"[[4, 11, 5, 12], [6, 22, 7, 21], [8, 14, 9, 13], [10, 20, 11, 19], [12, 3, 13, 4], [23, 14, 24, 15], [1, 16, 2, 17], [18, 10, 19, 9], [20, 6, 21, 5], [17, 22, 18, 23], [15, 24, 16, 1], [2, 8, 3, 7]]"
12n_0817_11,"[[2, 8, 3, 7], [4, 11, 5, 12], [6, 22, 7, 21], [8, 14, 9, 13], [10, 20, 11, 19], [12, 3, 13, 4], [23, 14, 24, 15], [1, 16, 2, 17], [18, 10, 19, 9], [20, 6, 21, 5], [17, 22, 18, 23], [15, 24, 16, 1]]"
12n_0817_12,"[[16, 1, 17, 2], [3, 9, 4, 8], [5, 12, 6, 13], [7, 23, 8, 22], [9, 15, 10, 14], [11, 21, 12, 20], [13, 4, 14, 5], [24, 15, 1, 16], [2, 17, 3, 18], [19, 11, 20, 10], [21, 7, 22, 6], [18, 23, 19, 24]]"
12n_0817_13,"[[18, 23, 19, 24], [16, 1, 17, 2], [3, 9, 4, 8], [5, 12, 6, 13], [7, 23, 8, 22], [9, 15, 10, 14], [11, 21, 12, 20], [13, 4, 14, 5], [24, 15, 1, 16], [2, 17, 3, 18], [19, 11, 20, 10], [21, 7, 22, 6]]"
12n_0817_14,"[[21, 7, 22, 6], [18, 23, 19, 24], [16, 1, 17, 2], [3, 9, 4, 8], [5, 12, 6, 13], [7, 23, 8, 22], [9, 15, 10, 14], [11, 21, 12, 20], [13, 4, 14, 5], [24, 15, 1, 16], [2, 17, 3, 18], [19, 11, 20, 10]]"
12n_0817_15,"[[19, 11, 20, 10], [21, 7, 22, 6], [18, 23, 19, 24], [16, 1, 17, 2], [3, 9, 4, 8], [5, 12, 6, 13], [7, 23, 8, 22], [9, 15, 10, 14], [11, 21, 12, 20], [13, 4, 14, 5], [24, 15, 1, 16], [2, 17, 3, 18]]"
12n_0817_16,"[[2, 17, 3, 18], [19, 11, 20, 10], [21, 7, 22, 6], [18, 23, 19, 24], [16, 1, 17, 2], [3, 9, 4, 8], [5, 12, 6, 13], [7, 23, 8, 22], [9, 15, 10, 14], [11, 21, 12, 20], [13, 4, 14, 5], [24, 15, 1, 16]]"
12n_0817_17,"[[24, 15, 1, 16], [2, 17, 3, 18], [19, 11, 20, 10], [21, 7, 22, 6], [18, 23, 19, 24], [16, 1, 17, 2], [3, 9, 4, 8], [5, 12, 6, 13], [7, 23, 8, 22], [9, 15, 10, 14], [11, 21, 12, 20], [13, 4, 14, 5]]"
12n_0817_18,"[[13, 4, 14, 5], [24, 15, 1, 16], [2, 17, 3, 18], [19, 11, 20, 10], [21, 7, 22, 6], [18, 23, 19, 24], [16, 1, 17, 2], [3, 9, 4, 8], [5, 12, 6, 13], [7, 23, 8, 22], [9, 15, 10, 14], [11, 21, 12, 20]]"
12n_0817_19,"[[11, 21, 12, 20], [13, 4, 14, 5], [24, 15, 1, 16], [2, 17, 3, 18], [19, 11, 20, 10], [21, 7, 22, 6], [18, 23, 19, 24], [16, 1, 17, 2], [3, 9, 4, 8], [5, 12, 6, 13], [7, 23, 8, 22], [9, 15, 10, 14]]"
12n_0817_20,"[[9, 15, 10, 14], [11, 21, 12, 20], [13, 4, 14, 5], [24, 15, 1, 16], [2, 17, 3, 18], [19, 11, 20, 10], [21, 7, 22, 6], [18, 23, 19, 24], [16, 1, 17, 2], [3, 9, 4, 8], [5, 12, 6, 13], [7, 23, 8, 22]]"
12n_0817_21,"[[7, 23, 8, 22], [9, 15, 10, 14], [11, 21, 12, 20], [13, 4, 14, 5], [24, 15, 1, 16], [2, 17, 3, 18], [19, 11, 20, 10], [21, 7, 22, 6], [18, 23, 19, 24], [16, 1, 17, 2], [3, 9, 4, 8], [5, 12, 6, 13]]"
12n_0817_22,"[[5, 12, 6, 13], [7, 23, 8, 22], [9, 15, 10, 14], [11, 21, 12, 20], [13, 4, 14, 5], [24, 15, 1, 16], [2, 17, 3, 18], [19, 11, 20, 10], [21, 7, 22, 6], [18, 23, 19, 24], [16, 1, 17, 2], [3, 9, 4, 8]]"
12n_0817_23,"[[3, 9, 4, 8], [5, 12, 6, 13], [7, 23, 8, 22], [9, 15, 10, 14], [11, 21, 12, 20], [13, 4, 14, 5], [24, 15, 1, 16], [2, 17, 3, 18], [19, 11, 20, 10], [21, 7, 22, 6], [18, 23, 19, 24], [16, 1, 17, 2]]"
12n_0817_24,"[[17, 2, 18, 3], [4, 10, 5, 9], [6, 13, 7, 14], [8, 24, 9, 23], [10, 16, 11, 15], [12, 22, 13, 21], [14, 5, 15, 6], [1, 16, 2, 17], [3, 18, 4, 19], [20, 12, 21, 11], [22, 8, 23, 7], [19, 24, 20, 1]]"
12n_0817_25,"[[19, 24, 20, 1], [17, 2, 18, 3], [4, 10, 5, 9], [6, 13, 7, 14], [8, 24, 9, 23], [10, 16, 11, 15], [12, 22, 13, 21], [14, 5, 15, 6], [1, 16, 2, 17], [3, 18, 4, 19], [20, 12, 21, 11], [22, 8, 23, 7]]"
12n_0817_26,"[[22, 8, 23, 7], [19, 24, 20, 1], [17, 2, 18, 3], [4, 10, 5, 9], [6, 13, 7, 14], [8, 24, 9, 23], [10, 16, 11, 15], [12, 22, 13, 21], [14, 5, 15, 6], [1, 16, 2, 17], [3, 18, 4, 19], [20, 12, 21, 11]]"
12n_0817_27,"[[20, 12, 21, 11], [22, 8, 23, 7], [19, 24, 20, 1], [17, 2, 18, 3], [4, 10, 5, 9], [6, 13, 7, 14], [8, 24, 9, 23], [10, 16, 11, 15], [12, 22, 13, 21], [14, 5, 15, 6], [1, 16, 2, 17], [3, 18, 4, 19]]"
12n_0817_28,"[[3, 18, 4, 19], [20, 12, 21, 11], [22, 8, 23, 7], [19, 24, 20, 1], [17, 2, 18, 3], [4, 10, 5, 9], [6, 13, 7, 14], [8, 24, 9, 23], [10, 16, 11, 15], [12, 22, 13, 21], [14, 5, 15, 6], [1, 16, 2, 17]]"
12n_0817_29,"[[1, 16, 2, 17], [3, 18, 4, 19], [20, 12, 21, 11], [22, 8, 23, 7], [19, 24, 20, 1], [17, 2, 18, 3], [4, 10, 5, 9], [6, 13, 7, 14], [8, 24, 9, 23], [10, 16, 11, 15], [12, 22, 13, 21], [14, 5, 15, 6]]"
12n_0817_30,"[[14, 5, 15, 6], [1, 16, 2, 17], [3, 18, 4, 19], [20, 12, 21, 11], [22, 8, 23, 7], [19, 24, 20, 1], [17, 2, 18, 3], [4, 10, 5, 9], [6, 13, 7, 14], [8, 24, 9, 23], [10, 16, 11, 15], [12, 22, 13, 21]]"
12n_0817_31,"[[12, 22, 13, 21], [14, 5, 15, 6], [1, 16, 2, 17], [3, 18, 4, 19], [20, 12, 21, 11], [22, 8, 23, 7], [19, 24, 20, 1], [17, 2, 18, 3], [4, 10, 5, 9], [6, 13, 7, 14], [8, 24, 9, 23], [10, 16, 11, 15]]"
12n_0817_32,"[[10, 16, 11, 15], [12, 22, 13, 21], [14, 5, 15, 6], [1, 16, 2, 17], [3, 18, 4, 19], [20, 12, 21, 11], [22, 8, 23, 7], [19, 24, 20, 1], [17, 2, 18, 3], [4, 10, 5, 9], [6, 13, 7, 14], [8, 24, 9, 23]]"
12n_0817_33,"[[8, 24, 9, 23], [10, 16, 11, 15], [12, 22, 13, 21], [14, 5, 15, 6], [1, 16, 2, 17], [3, 18, 4, 19], [20, 12, 21, 11], [22, 8, 23, 7], [19, 24, 20, 1], [17, 2, 18, 3], [4, 10, 5, 9], [6, 13, 7, 14]]"
12n_0817_34,"[[6, 13, 7, 14], [8, 24, 9, 23], [10, 16, 11, 15], [12, 22, 13, 21], [14, 5, 15, 6], [1, 16, 2, 17], [3, 18, 4, 19], [20, 12, 21, 11], [22, 8, 23, 7], [19, 24, 20, 1], [17, 2, 18, 3], [4, 10, 5, 9]]"
12n_0817_35,"[[4, 10, 5, 9], [6, 13, 7, 14], [8, 24, 9, 23], [10, 16, 11, 15], [12, 22, 13, 21], [14, 5, 15, 6], [1, 16, 2, 17], [3, 18, 4, 19], [20, 12, 21, 11], [22, 8, 23, 7], [19, 24, 20, 1], [17, 2, 18, 3]]"
12n_0817_36,"[[18, 3, 19, 4], [5, 11, 6, 10], [7, 14, 8, 15], [9, 1, 10, 24], [11, 17, 12, 16], [13, 23, 14, 22], [15, 6, 16, 7], [2, 17, 3, 18], [4, 19, 5, 20], [21, 13, 22, 12], [23, 9, 24, 8], [20, 1, 21, 2]]"
12n_0817_37,"[[20, 1, 21, 2], [18, 3, 19, 4], [5, 11, 6, 10], [7, 14, 8, 15], [9, 1, 10, 24], [11, 17, 12, 16], [13, 23, 14, 22], [15, 6, 16, 7], [2, 17, 3, 18], [4, 19, 5, 20], [21, 13, 22, 12], [23, 9, 24, 8]]"
12n_0817_38,"[[23, 9, 24, 8], [20, 1, 21, 2], [18, 3, 19, 4], [5, 11, 6, 10], [7, 14, 8, 15], [9, 1, 10, 24], [11, 17, 12, 16], [13, 23, 14, 22], [15, 6, 16, 7], [2, 17, 3, 18], [4, 19, 5, 20], [21, 13, 22, 12]]"
12n_0817_39,"[[21, 13, 22, 12], [23, 9, 24, 8], [20, 1, 21, 2], [18, 3, 19, 4], [5, 11, 6, 10], [7, 14, 8, 15], [9, 1, 10, 24], [11, 17, 12, 16], [13, 23, 14, 22], [15, 6, 16, 7], [2, 17, 3, 18], [4, 19, 5, 20]]"
12n_0817_40,"[[4, 19, 5, 20], [21, 13, 22, 12], [23, 9, 24, 8], [20, 1, 21, 2], [18, 3, 19, 4], [5, 11, 6, 10], [7, 14, 8, 15], [9, 1, 10, 24], [11, 17, 12, 16], [13, 23, 14, 22], [15, 6, 16, 7], [2, 17, 3, 18]]"
12n_0817_41,"[[2, 17, 3, 18], [4, 19, 5, 20], [21, 13, 22, 12], [23, 9, 24, 8], [20, 1, 21, 2], [18, 3, 19, 4], [5, 11, 6, 10], [7, 14, 8, 15], [9, 1, 10, 24], [11, 17, 12, 16], [13, 23, 14, 22], [15, 6, 16, 7]]"
12n_0817_42,"[[15, 6, 16, 7], [2, 17, 3, 18], [4, 19, 5, 20], [21, 13, 22, 12], [23, 9, 24, 8], [20, 1, 21, 2], [18, 3, 19, 4], [5, 11, 6, 10], [7, 14, 8, 15], [9, 1, 10, 24], [11, 17, 12, 16], [13, 23, 14, 22]]"
12n_0817_43,"[[13, 23, 14, 22], [15, 6, 16, 7], [2, 17, 3, 18], [4, 19, 5, 20], [21, 13, 22, 12], [23, 9, 24, 8], [20, 1, 21, 2], [18, 3, 19, 4], [5, 11, 6, 10], [7, 14, 8, 15], [9, 1, 10, 24], [11, 17, 12, 16]]"
12n_0817_44,"[[11, 17, 12, 16], [13, 23, 14, 22], [15, 6, 16, 7], [2, 17, 3, 18], [4, 19, 5, 20], [21, 13, 22, 12], [23, 9, 24, 8], [20, 1, 21, 2], [18, 3, 19, 4], [5, 11, 6, 10], [7, 14, 8, 15], [9, 1, 10, 24]]"
12n_0817_45,"[[9, 1, 10, 24], [11, 17, 12, 16], [13, 23, 14, 22], [15, 6, 16, 7], [2, 17, 3, 18], [4, 19, 5, 20], [21, 13, 22, 12], [23, 9, 24, 8], [20, 1, 21, 2], [18, 3, 19, 4], [5, 11, 6, 10], [7, 14, 8, 15]]"
12n_0817_46,"[[7, 14, 8, 15], [9, 1, 10, 24], [11, 17, 12, 16], [13, 23, 14, 22], [15, 6, 16, 7], [2, 17, 3, 18], [4, 19, 5, 20], [21, 13, 22, 12], [23, 9, 24, 8], [20, 1, 21, 2], [18, 3, 19, 4], [5, 11, 6, 10]]"
12n_0817_47,"[[5, 11, 6, 10], [7, 14, 8, 15], [9, 1, 10, 24], [11, 17, 12, 16], [13, 23, 14, 22], [15, 6, 16, 7], [2, 17, 3, 18], [4, 19, 5, 20], [21, 13, 22, 12], [23, 9, 24, 8], [20, 1, 21, 2], [18, 3, 19, 4]]"
12n_0817_48,"[[19, 4, 20, 5], [6, 12, 7, 11], [8, 15, 9, 16], [10, 2, 11, 1], [12, 18, 13, 17], [14, 24, 15, 23], [16, 7, 17, 8], [3, 18, 4, 19], [5, 20, 6, 21], [22, 14, 23, 13], [24, 10, 1, 9], [21, 2, 22, 3]]"
12n_0817_49,"[[21, 2, 22, 3], [19, 4, 20, 5], [6, 12, 7, 11], [8, 15, 9, 16], [10, 2, 11, 1], [12, 18, 13, 17], [14, 24, 15, 23], [16, 7, 17, 8], [3, 18, 4, 19], [5, 20, 6, 21], [22, 14, 23, 13], [24, 10, 1, 9]]"
12n_0817_50,"[[24, 10, 1, 9], [21, 2, 22, 3], [19, 4, 20, 5], [6, 12, 7, 11], [8, 15, 9, 16], [10, 2, 11, 1], [12, 18, 13, 17], [14, 24, 15, 23], [16, 7, 17, 8], [3, 18, 4, 19], [5, 20, 6, 21], [22, 14, 23, 13]]"
12n_0817_51,"[[22, 14, 23, 13], [24, 10, 1, 9], [21, 2, 22, 3], [19, 4, 20, 5], [6, 12, 7, 11], [8, 15, 9, 16], [10, 2, 11, 1], [12, 18, 13, 17], [14, 24, 15, 23], [16, 7, 17, 8], [3, 18, 4, 19], [5, 20, 6, 21]]"
12n_0817_52,"[[5, 20, 6, 21], [22, 14, 23, 13], [24, 10, 1, 9], [21, 2, 22, 3], [19, 4, 20, 5], [6, 12, 7, 11], [8, 15, 9, 16], [10, 2, 11, 1], [12, 18, 13, 17], [14, 24, 15, 23], [16, 7, 17, 8], [3, 18, 4, 19]]"
12n_0817_53,"[[3, 18, 4, 19], [5, 20, 6, 21], [22, 14, 23, 13], [24, 10, 1, 9], [21, 2, 22, 3], [19, 4, 20, 5], [6, 12, 7, 11], [8, 15, 9, 16], [10, 2, 11, 1], [12, 18, 13, 17], [14, 24, 15, 23], [16, 7, 17, 8]]"
12n_0817_54,"[[16, 7, 17, 8], [3, 18, 4, 19], [5, 20, 6, 21], [22, 14, 23, 13], [24, 10, 1, 9], [21, 2, 22, 3], [19, 4, 20, 5], [6, 12, 7, 11], [8, 15, 9, 16], [10, 2, 11, 1], [12, 18, 13, 17], [14, 24, 15, 23]]"
12n_0817_55,"[[14, 24, 15, 23], [16, 7, 17, 8], [3, 18, 4, 19], [5, 20, 6, 21], [22, 14, 23, 13], [24, 10, 1, 9], [21, 2, 22, 3], [19, 4, 20, 5], [6, 12, 7, 11], [8, 15, 9, 16], [10, 2, 11, 1], [12, 18, 13, 17]]"
12n_0817_56,"[[12, 18, 13, 17], [14, 24, 15, 23], [16, 7, 17, 8], [3, 18, 4, 19], [5, 20, 6, 21], [22, 14, 23, 13], [24, 10, 1, 9], [21, 2, 22, 3], [19, 4, 20, 5], [6, 12, 7, 11], [8, 15, 9, 16], [10, 2, 11, 1]]"
12n_0817_57,"[[10, 2, 11, 1], [12, 18, 13, 17], [14, 24, 15, 23], [16, 7, 17, 8], [3, 18, 4, 19], [5, 20, 6, 21], [22, 14, 23, 13], [24, 10, 1, 9], [21, 2, 22, 3], [19, 4, 20, 5], [6, 12, 7, 11], [8, 15, 9, 16]]"
12n_0817_58,"[[8, 15, 9, 16], [10, 2, 11, 1], [12, 18, 13, 17], [14, 24, 15, 23], [16, 7, 17, 8], [3, 18, 4, 19], [5, 20, 6, 21], [22, 14, 23, 13], [24, 10, 1, 9], [21, 2, 22, 3], [19, 4, 20, 5], [6, 12, 7, 11]]"
12n_0817_59,"[[6, 12, 7, 11], [8, 15, 9, 16], [10, 2, 11, 1], [12, 18, 13, 17], [14, 24, 15, 23], [16, 7, 17, 8], [3, 18, 4, 19], [5, 20, 6, 21], [22, 14, 23, 13], [24, 10, 1, 9], [21, 2, 22, 3], [19, 4, 20, 5]]"
12n_0817_60,"[[20, 5, 21, 6], [7, 13, 8, 12], [9, 16, 10, 17], [11, 3, 12, 2], [13, 19, 14, 18], [15, 1, 16, 24], [17, 8, 18, 9], [4, 19, 5, 20], [6, 21, 7, 22], [23, 15, 24, 14], [1, 11, 2, 10], [22, 3, 23, 4]]"
12n_0817_61,"[[22, 3, 23, 4], [20, 5, 21, 6], [7, 13, 8, 12], [9, 16, 10, 17], [11, 3, 12, 2], [13, 19, 14, 18], [15, 1, 16, 24], [17, 8, 18, 9], [4, 19, 5, 20], [6, 21, 7, 22], [23, 15, 24, 14], [1, 11, 2, 10]]"
12n_0817_62,"[[1, 11, 2, 10], [22, 3, 23, 4], [20, 5, 21, 6], [7, 13, 8, 12], [9, 16, 10, 17], [11, 3, 12, 2], [13, 19, 14, 18], [15, 1, 16, 24], [17, 8, 18, 9], [4, 19, 5, 20], [6, 21, 7, 22], [23, 15, 24, 14]]"
12n_0817_63,"[[23, 15, 24, 14], [1, 11, 2, 10], [22, 3, 23, 4], [20, 5, 21, 6], [7, 13, 8, 12], [9, 16, 10, 17], [11, 3, 12, 2], [13, 19, 14, 18], [15, 1, 16, 24], [17, 8, 18, 9], [4, 19, 5, 20], [6, 21, 7, 22]]"
12n_0817_64,"[[6, 21, 7, 22], [23, 15, 24, 14], [1, 11, 2, 10], [22, 3, 23, 4], [20, 5, 21, 6], [7, 13, 8, 12], [9, 16, 10, 17], [11, 3, 12, 2], [13, 19, 14, 18], [15, 1, 16, 24], [17, 8, 18, 9], [4, 19, 5, 20]]"
12n_0817_65,"[[4, 19, 5, 20], [6, 21, 7, 22], [23, 15, 24, 14], [1, 11, 2, 10], [22, 3, 23, 4], [20, 5, 21, 6], [7, 13, 8, 12], [9, 16, 10, 17], [11, 3, 12, 2], [13, 19, 14, 18], [15, 1, 16, 24], [17, 8, 18, 9]]"
12n_0817_66,"[[17, 8, 18, 9], [4, 19, 5, 20], [6, 21, 7, 22], [23, 15, 24, 14], [1, 11, 2, 10], [22, 3, 23, 4], [20, 5, 21, 6], [7, 13, 8, 12], [9, 16, 10, 17], [11, 3, 12, 2], [13, 19, 14, 18], [15, 1, 16, 24]]"
12n_0817_67,"[[15, 1, 16, 24], [17, 8, 18, 9], [4, 19, 5, 20], [6, 21, 7, 22], [23, 15, 24, 14], [1, 11, 2, 10], [22, 3, 23, 4], [20, 5, 21, 6], [7, 13, 8, 12], [9, 16, 10, 17], [11, 3, 12, 2], [13, 19, 14, 18]]"
12n_0817_68,"[[13, 19, 14, 18], [15, 1, 16, 24], [17, 8, 18, 9], [4, 19, 5, 20], [6, 21, 7, 22], [23, 15, 24, 14], [1, 11, 2, 10], [22, 3, 23, 4], [20, 5, 21, 6], [7, 13, 8, 12], [9, 16, 10, 17], [11, 3, 12, 2]]"
12n_0817_69,"[[11, 3, 12, 2], [13, 19, 14, 18], [15, 1, 16, 24], [17, 8, 18, 9], [4, 19, 5, 20], [6, 21, 7, 22], [23, 15, 24, 14], [1, 11, 2, 10], [22, 3, 23, 4], [20, 5, 21, 6], [7, 13, 8, 12], [9, 16, 10, 17]]"
12n_0817_70,"[[9, 16, 10, 17], [11, 3, 12, 2], [13, 19, 14, 18], [15, 1, 16, 24], [17, 8, 18, 9], [4, 19, 5, 20], [6, 21, 7, 22], [23, 15, 24, 14], [1, 11, 2, 10], [22, 3, 23, 4], [20, 5, 21, 6], [7, 13, 8, 12]]"
12n_0817_71,"[[7, 13, 8, 12], [9, 16, 10, 17], [11, 3, 12, 2], [13, 19, 14, 18], [15, 1, 16, 24], [17, 8, 18, 9], [4, 19, 5, 20], [6, 21, 7, 22], [23, 15, 24, 14], [1, 11, 2, 10], [22, 3, 23, 4], [20, 5, 21, 6]]"
12n_0817_72,"[[21, 6, 22, 7], [8, 14, 9, 13], [10, 17, 11, 18], [12, 4, 13, 3], [14, 20, 15, 19], [16, 2, 17, 1], [18, 9, 19, 10], [5, 20, 6, 21], [7, 22, 8, 23], [24, 16, 1, 15], [2, 12, 3, 11], [23, 4, 24, 5]]"
12n_0817_73,"[[23, 4, 24, 5], [21, 6, 22, 7], [8, 14, 9, 13], [10, 17, 11, 18], [12, 4, 13, 3], [14, 20, 15, 19], [16, 2, 17, 1], [18, 9, 19, 10], [5, 20, 6, 21], [7, 22, 8, 23], [24, 16, 1, 15], [2, 12, 3, 11]]"
12n_0817_74,"[[2, 12, 3, 11], [23, 4, 24, 5], [21, 6, 22, 7], [8, 14, 9, 13], [10, 17, 11, 18], [12, 4, 13, 3], [14, 20, 15, 19], [16, 2, 17, 1], [18, 9, 19, 10], [5, 20, 6, 21], [7, 22, 8, 23], [24, 16, 1, 15]]"
12n_0817_75,"[[24, 16, 1, 15], [2, 12, 3, 11], [23, 4, 24, 5], [21, 6, 22, 7], [8, 14, 9, 13], [10, 17, 11, 18], [12, 4, 13, 3], [14, 20, 15, 19], [16, 2, 17, 1], [18, 9, 19, 10], [5, 20, 6, 21], [7, 22, 8, 23]]"
12n_0817_76,"[[7, 22, 8, 23], [24, 16, 1, 15], [2, 12, 3, 11], [23, 4, 24, 5], [21, 6, 22, 7], [8, 14, 9, 13], [10, 17, 11, 18], [12, 4, 13, 3], [14, 20, 15, 19], [16, 2, 17, 1], [18, 9, 19, 10], [5, 20, 6, 21]]"
12n_0817_77,"[[5, 20, 6, 21], [7, 22, 8, 23], [24, 16, 1, 15], [2, 12, 3, 11], [23, 4, 24, 5], [21, 6, 22, 7], [8, 14, 9, 13], [10, 17, 11, 18], [12, 4, 13, 3], [14, 20, 15, 19], [16, 2, 17, 1], [18, 9, 19, 10]]"
12n_0817_78,"[[18, 9, 19, 10], [5, 20, 6, 21], [7, 22, 8, 23], [24, 16, 1, 15], [2, 12, 3, 11], [23, 4, 24, 5], [21, 6, 22, 7], [8, 14, 9, 13], [10, 17, 11, 18], [12, 4, 13, 3], [14, 20, 15, 19], [16, 2, 17, 1]]"
12n_0817_79,"[[16, 2, 17, 1], [18, 9, 19, 10], [5, 20, 6, 21], [7, 22, 8, 23], [24, 16, 1, 15], [2, 12, 3, 11], [23, 4, 24, 5], [21, 6, 22, 7], [8, 14, 9, 13], [10, 17, 11, 18], [12, 4, 13, 3], [14, 20, 15, 19]]"
12n_0817_80,"[[14, 20, 15, 19], [16, 2, 17, 1], [18, 9, 19, 10], [5, 20, 6, 21], [7, 22, 8, 23], [24, 16, 1, 15], [2, 12, 3, 11], [23, 4, 24, 5], [21, 6, 22, 7], [8, 14, 9, 13], [10, 17, 11, 18], [12, 4, 13, 3]]"
12n_0817_81,"[[12, 4, 13, 3], [14, 20, 15, 19], [16, 2, 17, 1], [18, 9, 19, 10], [5, 20, 6, 21], [7, 22, 8, 23], [24, 16, 1, 15], [2, 12, 3, 11], [23, 4, 24, 5], [21, 6, 22, 7], [8, 14, 9, 13], [10, 17, 11, 18]]"
12n_0817_82,"[[10, 17, 11, 18], [12, 4, 13, 3], [14, 20, 15, 19], [16, 2, 17, 1], [18, 9, 19, 10], [5, 20, 6, 21], [7, 22, 8, 23], [24, 16, 1, 15], [2, 12, 3, 11], [23, 4, 24, 5], [21, 6, 22, 7], [8, 14, 9, 13]]"
12n_0817_83,"[[8, 14, 9, 13], [10, 17, 11, 18], [12, 4, 13, 3], [14, 20, 15, 19], [16, 2, 17, 1], [18, 9, 19, 10], [5, 20, 6, 21], [7, 22, 8, 23], [24, 16, 1, 15], [2, 12, 3, 11], [23, 4, 24, 5], [21, 6, 22, 7]]"
12n_0817_84,"[[22, 7, 23, 8], [9, 15, 10, 14], [11, 18, 12, 19], [13, 5, 14, 4], [15, 21, 16, 20], [17, 3, 18, 2], [19, 10, 20, 11], [6, 21, 7, 22], [8, 23, 9, 24], [1, 17, 2, 16], [3, 13, 4, 12], [24, 5, 1, 6]]"
12n_0817_85,"[[24, 5, 1, 6], [22, 7, 23, 8], [9, 15, 10, 14], [11, 18, 12, 19], [13, 5, 14, 4], [15, 21, 16, 20], [17, 3, 18, 2], [19, 10, 20, 11], [6, 21, 7, 22], [8, 23, 9, 24], [1, 17, 2, 16], [3, 13, 4, 12]]"
12n_0817_86,"[[3, 13, 4, 12], [24, 5, 1, 6], [22, 7, 23, 8], [9, 15, 10, 14], [11, 18, 12, 19], [13, 5, 14, 4], [15, 21, 16, 20], [17, 3, 18, 2], [19, 10, 20, 11], [6, 21, 7, 22], [8, 23, 9, 24], [1, 17, 2, 16]]"
12n_0817_87,"[[1, 17, 2, 16], [3, 13, 4, 12], [24, 5, 1, 6], [22, 7, 23, 8], [9, 15, 10, 14], [11, 18, 12, 19], [13, 5, 14, 4], [15, 21, 16, 20], [17, 3, 18, 2], [19, 10, 20, 11], [6, 21, 7, 22], [8, 23, 9, 24]]"
12n_0817_88,"[[8, 23, 9, 24], [1, 17, 2, 16], [3, 13, 4, 12], [24, 5, 1, 6], [22, 7, 23, 8], [9, 15, 10, 14], [11, 18, 12, 19], [13, 5, 14, 4], [15, 21, 16, 20], [17, 3, 18, 2], [19, 10, 20, 11], [6, 21, 7, 22]]"
12n_0817_89,"[[6, 21, 7, 22], [8, 23, 9, 24], [1, 17, 2, 16], [3, 13, 4, 12], [24, 5, 1, 6], [22, 7, 23, 8], [9, 15, 10, 14], [11, 18, 12, 19], [13, 5, 14, 4], [15, 21, 16, 20], [17, 3, 18, 2], [19, 10, 20, 11]]"
12n_0817_90,"[[19, 10, 20, 11], [6, 21, 7, 22], [8, 23, 9, 24], [1, 17, 2, 16], [3, 13, 4, 12], [24, 5, 1, 6], [22, 7, 23, 8], [9, 15, 10, 14], [11, 18, 12, 19], [13, 5, 14, 4], [15, 21, 16, 20], [17, 3, 18, 2]]"
12n_0817_91,"[[17, 3, 18, 2], [19, 10, 20, 11], [6, 21, 7, 22], [8, 23, 9, 24], [1, 17, 2, 16], [3, 13, 4, 12], [24, 5, 1, 6], [22, 7, 23, 8], [9, 15, 10, 14], [11, 18, 12, 19], [13, 5, 14, 4], [15, 21, 16, 20]]"
12n_0817_92,"[[15, 21, 16, 20], [17, 3, 18, 2], [19, 10, 20, 11], [6, 21, 7, 22], [8, 23, 9, 24], [1, 17, 2, 16], [3, 13, 4, 12], [24, 5, 1, 6], [22, 7, 23, 8], [9, 15, 10, 14], [11, 18, 12, 19], [13, 5, 14, 4]]"
12n_0817_93,"[[13, 5, 14, 4], [15, 21, 16, 20], [17, 3, 18, 2], [19, 10, 20, 11], [6, 21, 7, 22], [8, 23, 9, 24], [1, 17, 2, 16], [3, 13, 4, 12], [24, 5, 1, 6], [22, 7, 23, 8], [9, 15, 10, 14], [11, 18, 12, 19]]"
12n_0817_94,"[[11, 18, 12, 19], [13, 5, 14, 4], [15, 21, 16, 20], [17, 3, 18, 2], [19, 10, 20, 11], [6, 21, 7, 22], [8, 23, 9, 24], [1, 17, 2, 16], [3, 13, 4, 12], [24, 5, 1, 6], [22, 7, 23, 8], [9, 15, 10, 14]]"
12n_0817_95,"[[9, 15, 10, 14], [11, 18, 12, 19], [13, 5, 14, 4], [15, 21, 16, 20], [17, 3, 18, 2], [19, 10, 20, 11], [6, 21, 7, 22], [8, 23, 9, 24], [1, 17, 2, 16], [3, 13, 4, 12], [24, 5, 1, 6], [22, 7, 23, 8]]"
12n_0817_96,"[[23, 8, 24, 9], [10, 16, 11, 15], [12, 19, 13, 20], [14, 6, 15, 5], [16, 22, 17, 21], [18, 4, 19, 3], [20, 11, 21, 12], [7, 22, 8, 23], [9, 24, 10, 1], [2, 18, 3, 17], [4, 14, 5, 13], [1, 6, 2, 7]]"
12n_0817_97,"[[1, 6, 2, 7], [23, 8, 24, 9], [10, 16, 11, 15], [12, 19, 13, 20], [14, 6, 15, 5], [16, 22, 17, 21], [18, 4, 19, 3], [20, 11, 21, 12], [7, 22, 8, 23], [9, 24, 10, 1], [2, 18, 3, 17], [4, 14, 5, 13]]"
12n_0817_98,"[[4, 14, 5, 13], [1, 6, 2, 7], [23, 8, 24, 9], [10, 16, 11, 15], [12, 19, 13, 20], [14, 6, 15, 5], [16, 22, 17, 21], [18, 4, 19, 3], [20, 11, 21, 12], [7, 22, 8, 23], [9, 24, 10, 1], [2, 18, 3, 17]]"
12n_0817_99,"[[2, 18, 3, 17], [4, 14, 5, 13], [1, 6, 2, 7], [23, 8, 24, 9], [10, 16, 11, 15], [12, 19, 13, 20], [14, 6, 15, 5], [16, 22, 17, 21], [18, 4, 19, 3], [20, 11, 21, 12], [7, 22, 8, 23], [9, 24, 10, 1]]"
12n_0817_100,"[[9, 24, 10, 1], [2, 18, 3, 17], [4, 14, 5, 13], [1, 6, 2, 7], [23, 8, 24, 9], [10, 16, 11, 15], [12, 19, 13, 20], [14, 6, 15, 5], [16, 22, 17, 21], [18, 4, 19, 3], [20, 11, 21, 12], [7, 22, 8, 23]]"
12n_0817_101,"[[7, 22, 8, 23], [9, 24, 10, 1], [2, 18, 3, 17], [4, 14, 5, 13], [1, 6, 2, 7], [23, 8, 24, 9], [10, 16, 11, 15], [12, 19, 13, 20], [14, 6, 15, 5], [16, 22, 17, 21], [18, 4, 19, 3], [20, 11, 21, 12]]"
12n_0817_102,"[[20, 11, 21, 12], [7, 22, 8, 23], [9, 24, 10, 1], [2, 18, 3, 17], [4, 14, 5, 13], [1, 6, 2, 7], [23, 8, 24, 9], [10, 16, 11, 15], [12, 19, 13, 20], [14, 6, 15, 5], [16, 22, 17, 21], [18, 4, 19, 3]]"
12n_0817_103,"[[18, 4, 19, 3], [20, 11, 21, 12], [7, 22, 8, 23], [9, 24, 10, 1], [2, 18, 3, 17], [4, 14, 5, 13], [1, 6, 2, 7], [23, 8, 24, 9], [10, 16, 11, 15], [12, 19, 13, 20], [14, 6, 15, 5], [16, 22, 17, 21]]"
12n_0817_104,"[[16, 22, 17, 21], [18, 4, 19, 3], [20, 11, 21, 12], [7, 22, 8, 23], [9, 24, 10, 1], [2, 18, 3, 17], [4, 14, 5, 13], [1, 6, 2, 7], [23, 8, 24, 9], [10, 16, 11, 15], [12, 19, 13, 20], [14, 6, 15, 5]]"
12n_0817_105,"[[14, 6, 15, 5], [16, 22, 17, 21], [18, 4, 19, 3], [20, 11, 21, 12], [7, 22, 8, 23], [9, 24, 10, 1], [2, 18, 3, 17], [4, 14, 5, 13], [1, 6, 2, 7], [23, 8, 24, 9], [10, 16, 11, 15], [12, 19, 13, 20]]"
12n_0817_106,"[[12, 19, 13, 20], [14, 6, 15, 5], [16, 22, 17, 21], [18, 4, 19, 3], [20, 11, 21, 12], [7, 22, 8, 23], [9, 24, 10, 1], [2, 18, 3, 17], [4, 14, 5, 13], [1, 6, 2, 7], [23, 8, 24, 9], [10, 16, 11, 15]]"
12n_0817_107,"[[10, 16, 11, 15], [12, 19, 13, 20], [14, 6, 15, 5], [16, 22, 17, 21], [18, 4, 19, 3], [20, 11, 21, 12], [7, 22, 8, 23], [9, 24, 10, 1], [2, 18, 3, 17], [4, 14, 5, 13], [1, 6, 2, 7], [23, 8, 24, 9]]"
12n_0817_108,"[[24, 9, 1, 10], [11, 17, 12, 16], [13, 20, 14, 21], [15, 7, 16, 6], [17, 23, 18, 22], [19, 5, 20, 4], [21, 12, 22, 13], [8, 23, 9, 24], [10, 1, 11, 2], [3, 19, 4, 18], [5, 15, 6, 14], [2, 7, 3, 8]]"
12n_0817_109,"[[2, 7, 3, 8], [24, 9, 1, 10], [11, 17, 12, 16], [13, 20, 14, 21], [15, 7, 16, 6], [17, 23, 18, 22], [19, 5, 20, 4], [21, 12, 22, 13], [8, 23, 9, 24], [10, 1, 11, 2], [3, 19, 4, 18], [5, 15, 6, 14]]"
12n_0817_110,"[[5, 15, 6, 14], [2, 7, 3, 8], [24, 9, 1, 10], [11, 17, 12, 16], [13, 20, 14, 21], [15, 7, 16, 6], [17, 23, 18, 22], [19, 5, 20, 4], [21, 12, 22, 13], [8, 23, 9, 24], [10, 1, 11, 2], [3, 19, 4, 18]]"
12n_0817_111,"[[3, 19, 4, 18], [5, 15, 6, 14], [2, 7, 3, 8], [24, 9, 1, 10], [11, 17, 12, 16], [13, 20, 14, 21], [15, 7, 16, 6], [17, 23, 18, 22], [19, 5, 20, 4], [21, 12, 22, 13], [8, 23, 9, 24], [10, 1, 11, 2]]"
12n_0817_112,"[[10, 1, 11, 2], [3, 19, 4, 18], [5, 15, 6, 14], [2, 7, 3, 8], [24, 9, 1, 10], [11, 17, 12, 16], [13, 20, 14, 21], [15, 7, 16, 6], [17, 23, 18, 22], [19, 5, 20, 4], [21, 12, 22, 13], [8, 23, 9, 24]]"
12n_0817_113,"[[8, 23, 9, 24], [10, 1, 11, 2], [3, 19, 4, 18], [5, 15, 6, 14], [2, 7, 3, 8], [24, 9, 1, 10], [11, 17, 12, 16], [13, 20, 14, 21], [15, 7, 16, 6], [17, 23, 18, 22], [19, 5, 20, 4], [21, 12, 22, 13]]"
12n_0817_114,"[[21, 12, 22, 13], [8, 23, 9, 24], [10, 1, 11, 2], [3, 19, 4, 18], [5, 15, 6, 14], [2, 7, 3, 8], [24, 9, 1, 10], [11, 17, 12, 16], [13, 20, 14, 21], [15, 7, 16, 6], [17, 23, 18, 22], [19, 5, 20, 4]]"
12n_0817_115,"[[19, 5, 20, 4], [21, 12, 22, 13], [8, 23, 9, 24], [10, 1, 11, 2], [3, 19, 4, 18], [5, 15, 6, 14], [2, 7, 3, 8], [24, 9, 1, 10], [11, 17, 12, 16], [13, 20, 14, 21], [15, 7, 16, 6], [17, 23, 18, 22]]"
12n_0817_116,"[[17, 23, 18, 22], [19, 5, 20, 4], [21, 12, 22, 13], [8, 23, 9, 24], [10, 1, 11, 2], [3, 19, 4, 18], [5, 15, 6, 14], [2, 7, 3, 8], [24, 9, 1, 10], [11, 17, 12, 16], [13, 20, 14, 21], [15, 7, 16, 6]]"
12n_0817_117,"[[15, 7, 16, 6], [17, 23, 18, 22], [19, 5, 20, 4], [21, 12, 22, 13], [8, 23, 9, 24], [10, 1, 11, 2], [3, 19, 4, 18], [5, 15, 6, 14], [2, 7, 3, 8], [24, 9, 1, 10], [11, 17, 12, 16], [13, 20, 14, 21]]"
12n_0817_118,"[[13, 20, 14, 21], [15, 7, 16, 6], [17, 23, 18, 22], [19, 5, 20, 4], [21, 12, 22, 13], [8, 23, 9, 24], [10, 1, 11, 2], [3, 19, 4, 18], [5, 15, 6, 14], [2, 7, 3, 8], [24, 9, 1, 10], [11, 17, 12, 16]]"
12n_0817_119,"[[11, 17, 12, 16], [13, 20, 14, 21], [15, 7, 16, 6], [17, 23, 18, 22], [19, 5, 20, 4], [21, 12, 22, 13], [8, 23, 9, 24], [10, 1, 11, 2], [3, 19, 4, 18], [5, 15, 6, 14], [2, 7, 3, 8], [24, 9, 1, 10]]"
12n_0817_120,"[[1, 10, 2, 11], [12, 18, 13, 17], [14, 21, 15, 22], [16, 8, 17, 7], [18, 24, 19, 23], [20, 6, 21, 5], [22, 13, 23, 14], [9, 24, 10, 1], [11, 2, 12, 3], [4, 20, 5, 19], [6, 16, 7, 15], [3, 8, 4, 9]]"
12n_0817_121,"[[3, 8, 4, 9], [1, 10, 2, 11], [12, 18, 13, 17], [14, 21, 15, 22], [16, 8, 17, 7], [18, 24, 19, 23], [20, 6, 21, 5], [22, 13, 23, 14], [9, 24, 10, 1], [11, 2, 12, 3], [4, 20, 5, 19], [6, 16, 7, 15]]"
12n_0817_122,"[[6, 16, 7, 15], [3, 8, 4, 9], [1, 10, 2, 11], [12, 18, 13, 17], [14, 21, 15, 22], [16, 8, 17, 7], [18, 24, 19, 23], [20, 6, 21, 5], [22, 13, 23, 14], [9, 24, 10, 1], [11, 2, 12, 3], [4, 20, 5, 19]]"
12n_0817_123,"[[4, 20, 5, 19], [6, 16, 7, 15], [3, 8, 4, 9], [1, 10, 2, 11], [12, 18, 13, 17], [14, 21, 15, 22], [16, 8, 17, 7], [18, 24, 19, 23], [20, 6, 21, 5], [22, 13, 23, 14], [9, 24, 10, 1], [11, 2, 12, 3]]"
12n_0817_124,"[[11, 2, 12, 3], [4, 20, 5, 19], [6, 16, 7, 15], [3, 8, 4, 9], [1, 10, 2, 11], [12, 18, 13, 17], [14, 21, 15, 22], [16, 8, 17, 7], [18, 24, 19, 23], [20, 6, 21, 5], [22, 13, 23, 14], [9, 24, 10, 1]]"
12n_0817_125,"[[9, 24, 10, 1], [11, 2, 12, 3], [4, 20, 5, 19], [6, 16, 7, 15], [3, 8, 4, 9], [1, 10, 2, 11], [12, 18, 13, 17], [14, 21, 15, 22], [16, 8, 17, 7], [18, 24, 19, 23], [20, 6, 21, 5], [22, 13, 23, 14]]"
12n_0817_126,"[[22, 13, 23, 14], [9, 24, 10, 1], [11, 2, 12, 3], [4, 20, 5, 19], [6, 16, 7, 15], [3, 8, 4, 9], [1, 10, 2, 11], [12, 18, 13, 17], [14, 21, 15, 22], [16, 8, 17, 7], [18, 24, 19, 23], [20, 6, 21, 5]]"
12n_0817_127,"[[20, 6, 21, 5], [22, 13, 23, 14], [9, 24, 10, 1], [11, 2, 12, 3], [4, 20, 5, 19], [6, 16, 7, 15], [3, 8, 4, 9], [1, 10, 2, 11], [12, 18, 13, 17], [14, 21, 15, 22], [16, 8, 17, 7], [18, 24, 19, 23]]"
12n_0817_128,"[[18, 24, 19, 23], [20, 6, 21, 5], [22, 13, 23, 14], [9, 24, 10, 1], [11, 2, 12, 3], [4, 20, 5, 19], [6, 16, 7, 15], [3, 8, 4, 9], [1, 10, 2, 11], [12, 18, 13, 17], [14, 21, 15, 22], [16, 8, 17, 7]]"
12n_0817_129,"[[16, 8, 17, 7], [18, 24, 19, 23], [20, 6, 21, 5], [22, 13, 23, 14], [9, 24, 10, 1], [11, 2, 12, 3], [4, 20, 5, 19], [6, 16, 7, 15], [3, 8, 4, 9], [1, 10, 2, 11], [12, 18, 13, 17], [14, 21, 15, 22]]"
12n_0817_130,"[[14, 21, 15, 22], [16, 8, 17, 7], [18, 24, 19, 23], [20, 6, 21, 5], [22, 13, 23, 14], [9, 24, 10, 1], [11, 2, 12, 3], [4, 20, 5, 19], [6, 16, 7, 15], [3, 8, 4, 9], [1, 10, 2, 11], [12, 18, 13, 17]]"
12n_0817_131,"[[12, 18, 13, 17], [14, 21, 15, 22], [16, 8, 17, 7], [18, 24, 19, 23], [20, 6, 21, 5], [22, 13, 23, 14], [9, 24, 10, 1], [11, 2, 12, 3], [4, 20, 5, 19], [6, 16, 7, 15], [3, 8, 4, 9], [1, 10, 2, 11]]"
12n_0817_132,"[[2, 11, 3, 12], [13, 19, 14, 18], [15, 22, 16, 23], [17, 9, 18, 8], [19, 1, 20, 24], [21, 7, 22, 6], [23, 14, 24, 15], [10, 1, 11, 2], [12, 3, 13, 4], [5, 21, 6, 20], [7, 17, 8, 16], [4, 9, 5, 10]]"
12n_0817_133,"[[4, 9, 5, 10], [2, 11, 3, 12], [13, 19, 14, 18], [15, 22, 16, 23], [17, 9, 18, 8], [19, 1, 20, 24], [21, 7, 22, 6], [23, 14, 24, 15], [10, 1, 11, 2], [12, 3, 13, 4], [5, 21, 6, 20], [7, 17, 8, 16]]"
12n_0817_134,"[[7, 17, 8, 16], [4, 9, 5, 10], [2, 11, 3, 12], [13, 19, 14, 18], [15, 22, 16, 23], [17, 9, 18, 8], [19, 1, 20, 24], [21, 7, 22, 6], [23, 14, 24, 15], [10, 1, 11, 2], [12, 3, 13, 4], [5, 21, 6, 20]]"
12n_0817_135,"[[5, 21, 6, 20], [7, 17, 8, 16], [4, 9, 5, 10], [2, 11, 3, 12], [13, 19, 14, 18], [15, 22, 16, 23], [17, 9, 18, 8], [19, 1, 20, 24], [21, 7, 22, 6], [23, 14, 24, 15], [10, 1, 11, 2], [12, 3, 13, 4]]"
12n_0817_136,"[[12, 3, 13, 4], [5, 21, 6, 20], [7, 17, 8, 16], [4, 9, 5, 10], [2, 11, 3, 12], [13, 19, 14, 18], [15, 22, 16, 23], [17, 9, 18, 8], [19, 1, 20, 24], [21, 7, 22, 6], [23, 14, 24, 15], [10, 1, 11, 2]]"
12n_0817_137,"[[10, 1, 11, 2], [12, 3, 13, 4], [5, 21, 6, 20], [7, 17, 8, 16], [4, 9, 5, 10], [2, 11, 3, 12], [13, 19, 14, 18], [15, 22, 16, 23], [17, 9, 18, 8], [19, 1, 20, 24], [21, 7, 22, 6], [23, 14, 24, 15]]"
12n_0817_138,"[[23, 14, 24, 15], [10, 1, 11, 2], [12, 3, 13, 4], [5, 21, 6, 20], [7, 17, 8, 16], [4, 9, 5, 10], [2, 11, 3, 12], [13, 19, 14, 18], [15, 22, 16, 23], [17, 9, 18, 8], [19, 1, 20, 24], [21, 7, 22, 6]]"
12n_0817_139,"[[21, 7, 22, 6], [23, 14, 24, 15], [10, 1, 11, 2], [12, 3, 13, 4], [5, 21, 6, 20], [7, 17, 8, 16], [4, 9, 5, 10], [2, 11, 3, 12], [13, 19, 14, 18], [15, 22, 16, 23], [17, 9, 18, 8], [19, 1, 20, 24]]"
12n_0817_140,"[[19, 1, 20, 24], [21, 7, 22, 6], [23, 14, 24, 15], [10, 1, 11, 2], [12, 3, 13, 4], [5, 21, 6, 20], [7, 17, 8, 16], [4, 9, 5, 10], [2, 11, 3, 12], [13, 19, 14, 18], [15, 22, 16, 23], [17, 9, 18, 8]]"
12n_0817_141,"[[17, 9, 18, 8], [19, 1, 20, 24], [21, 7, 22, 6], [23, 14, 24, 15], [10, 1, 11, 2], [12, 3, 13, 4], [5, 21, 6, 20], [7, 17, 8, 16], [4, 9, 5, 10], [2, 11, 3, 12], [13, 19, 14, 18], [15, 22, 16, 23]]"
12n_0817_142,"[[15, 22, 16, 23], [17, 9, 18, 8], [19, 1, 20, 24], [21, 7, 22, 6], [23, 14, 24, 15], [10, 1, 11, 2], [12, 3, 13, 4], [5, 21, 6, 20], [7, 17, 8, 16], [4, 9, 5, 10], [2, 11, 3, 12], [13, 19, 14, 18]]"
12n_0817_143,"[[13, 19, 14, 18], [15, 22, 16, 23], [17, 9, 18, 8], [19, 1, 20, 24], [21, 7, 22, 6], [23, 14, 24, 15], [10, 1, 11, 2], [12, 3, 13, 4], [5, 21, 6, 20], [7, 17, 8, 16], [4, 9, 5, 10], [2, 11, 3, 12]]"
12n_0817_144,"[[3, 12, 4, 13], [14, 20, 15, 19], [16, 23, 17, 24], [18, 10, 19, 9], [20, 2, 21, 1], [22, 8, 23, 7], [24, 15, 1, 16], [11, 2, 12, 3], [13, 4, 14, 5], [6, 22, 7, 21], [8, 18, 9, 17], [5, 10, 6, 11]]"
12n_0817_145,"[[5, 10, 6, 11], [3, 12, 4, 13], [14, 20, 15, 19], [16, 23, 17, 24], [18, 10, 19, 9], [20, 2, 21, 1], [22, 8, 23, 7], [24, 15, 1, 16], [11, 2, 12, 3], [13, 4, 14, 5], [6, 22, 7, 21], [8, 18, 9, 17]]"
12n_0817_146,"[[8, 18, 9, 17], [5, 10, 6, 11], [3, 12, 4, 13], [14, 20, 15, 19], [16, 23, 17, 24], [18, 10, 19, 9], [20, 2, 21, 1], [22, 8, 23, 7], [24, 15, 1, 16], [11, 2, 12, 3], [13, 4, 14, 5], [6, 22, 7, 21]]"
12n_0817_147,"[[6, 22, 7, 21], [8, 18, 9, 17], [5, 10, 6, 11], [3, 12, 4, 13], [14, 20, 15, 19], [16, 23, 17, 24], [18, 10, 19, 9], [20, 2, 21, 1], [22, 8, 23, 7], [24, 15, 1, 16], [11, 2, 12, 3], [13, 4, 14, 5]]"
12n_0817_148,"[[13, 4, 14, 5], [6, 22, 7, 21], [8, 18, 9, 17], [5, 10, 6, 11], [3, 12, 4, 13], [14, 20, 15, 19], [16, 23, 17, 24], [18, 10, 19, 9], [20, 2, 21, 1], [22, 8, 23, 7], [24, 15, 1, 16], [11, 2, 12, 3]]"
12n_0817_149,"[[11, 2, 12, 3], [13, 4, 14, 5], [6, 22, 7, 21], [8, 18, 9, 17], [5, 10, 6, 11], [3, 12, 4, 13], [14, 20, 15, 19], [16, 23, 17, 24], [18, 10, 19, 9], [20, 2, 21, 1], [22, 8, 23, 7], [24, 15, 1, 16]]"
12n_0817_150,"[[24, 15, 1, 16], [11, 2, 12, 3], [13, 4, 14, 5], [6, 22, 7, 21], [8, 18, 9, 17], [5, 10, 6, 11], [3, 12, 4, 13], [14, 20, 15, 19], [16, 23, 17, 24], [18, 10, 19, 9], [20, 2, 21, 1], [22, 8, 23, 7]]"
12n_0817_151,"[[22, 8, 23, 7], [24, 15, 1, 16], [11, 2, 12, 3], [13, 4, 14, 5], [6, 22, 7, 21], [8, 18, 9, 17], [5, 10, 6, 11], [3, 12, 4, 13], [14, 20, 15, 19], [16, 23, 17, 24], [18, 10, 19, 9], [20, 2, 21, 1]]"
12n_0817_152,"[[20, 2, 21, 1], [22, 8, 23, 7], [24, 15, 1, 16], [11, 2, 12, 3], [13, 4, 14, 5], [6, 22, 7, 21], [8, 18, 9, 17], [5, 10, 6, 11], [3, 12, 4, 13], [14, 20, 15, 19], [16, 23, 17, 24], [18, 10, 19, 9]]"
12n_0817_153,"[[18, 10, 19, 9], [20, 2, 21, 1], [22, 8, 23, 7], [24, 15, 1, 16], [11, 2, 12, 3], [13, 4, 14, 5], [6, 22, 7, 21], [8, 18, 9, 17], [5, 10, 6, 11], [3, 12, 4, 13], [14, 20, 15, 19], [16, 23, 17, 24]]"
12n_0817_154,"[[16, 23, 17, 24], [18, 10, 19, 9], [20, 2, 21, 1], [22, 8, 23, 7], [24, 15, 1, 16], [11, 2, 12, 3], [13, 4, 14, 5], [6, 22, 7, 21], [8, 18, 9, 17], [5, 10, 6, 11], [3, 12, 4, 13], [14, 20, 15, 19]]"
12n_0817_155,"[[14, 20, 15, 19], [16, 23, 17, 24], [18, 10, 19, 9], [20, 2, 21, 1], [22, 8, 23, 7], [24, 15, 1, 16], [11, 2, 12, 3], [13, 4, 14, 5], [6, 22, 7, 21], [8, 18, 9, 17], [5, 10, 6, 11], [3, 12, 4, 13]]"
12n_0817_156,"[[4, 13, 5, 14], [15, 21, 16, 20], [17, 24, 18, 1], [19, 11, 20, 10], [21, 3, 22, 2], [23, 9, 24, 8], [1, 16, 2, 17], [12, 3, 13, 4], [14, 5, 15, 6], [7, 23, 8, 22], [9, 19, 10, 18], [6, 11, 7, 12]]"
12n_0817_157,"[[6, 11, 7, 12], [4, 13, 5, 14], [15, 21, 16, 20], [17, 24, 18, 1], [19, 11, 20, 10], [21, 3, 22, 2], [23, 9, 24, 8], [1, 16, 2, 17], [12, 3, 13, 4], [14, 5, 15, 6], [7, 23, 8, 22], [9, 19, 10, 18]]"
12n_0817_158,"[[9, 19, 10, 18], [6, 11, 7, 12], [4, 13, 5, 14], [15, 21, 16, 20], [17, 24, 18, 1], [19, 11, 20, 10], [21, 3, 22, 2], [23, 9, 24, 8], [1, 16, 2, 17], [12, 3, 13, 4], [14, 5, 15, 6], [7, 23, 8, 22]]"
12n_0817_159,"[[7, 23, 8, 22], [9, 19, 10, 18], [6, 11, 7, 12], [4, 13, 5, 14], [15, 21, 16, 20], [17, 24, 18, 1], [19, 11, 20, 10], [21, 3, 22, 2], [23, 9, 24, 8], [1, 16, 2, 17], [12, 3, 13, 4], [14, 5, 15, 6]]"
12n_0817_160,"[[14, 5, 15, 6], [7, 23, 8, 22], [9, 19, 10, 18], [6, 11, 7, 12], [4, 13, 5, 14], [15, 21, 16, 20], [17, 24, 18, 1], [19, 11, 20, 10], [21, 3, 22, 2], [23, 9, 24, 8], [1, 16, 2, 17], [12, 3, 13, 4]]"
12n_0817_161,"[[12, 3, 13, 4], [14, 5, 15, 6], [7, 23, 8, 22], [9, 19, 10, 18], [6, 11, 7, 12], [4, 13, 5, 14], [15, 21, 16, 20], [17, 24, 18, 1], [19, 11, 20, 10], [21, 3, 22, 2], [23, 9, 24, 8], [1, 16, 2, 17]]"
12n_0817_162,"[[1, 16, 2, 17], [12, 3, 13, 4], [14, 5, 15, 6], [7, 23, 8, 22], [9, 19, 10, 18], [6, 11, 7, 12], [4, 13, 5, 14], [15, 21, 16, 20], [17, 24, 18, 1], [19, 11, 20, 10], [21, 3, 22, 2], [23, 9, 24, 8]]"
12n_0817_163,"[[23, 9, 24, 8], [1, 16, 2, 17], [12, 3, 13, 4], [14, 5, 15, 6], [7, 23, 8, 22], [9, 19, 10, 18], [6, 11, 7, 12], [4, 13, 5, 14], [15, 21, 16, 20], [17, 24, 18, 1], [19, 11, 20, 10], [21, 3, 22, 2]]"
12n_0817_164,"[[21, 3, 22, 2], [23, 9, 24, 8], [1, 16, 2, 17], [12, 3, 13, 4], [14, 5, 15, 6], [7, 23, 8, 22], [9, 19, 10, 18], [6, 11, 7, 12], [4, 13, 5, 14], [15, 21, 16, 20], [17, 24, 18, 1], [19, 11, 20, 10]]"
12n_0817_165,"[[19, 11, 20, 10], [21, 3, 22, 2], [23, 9, 24, 8], [1, 16, 2, 17], [12, 3, 13, 4], [14, 5, 15, 6], [7, 23, 8, 22], [9, 19, 10, 18], [6, 11, 7, 12], [4, 13, 5, 14], [15, 21, 16, 20], [17, 24, 18, 1]]"
12n_0817_166,"[[17, 24, 18, 1], [19, 11, 20, 10], [21, 3, 22, 2], [23, 9, 24, 8], [1, 16, 2, 17], [12, 3, 13, 4], [14, 5, 15, 6], [7, 23, 8, 22], [9, 19, 10, 18], [6, 11, 7, 12], [4, 13, 5, 14], [15, 21, 16, 20]]"
12n_0817_167,"[[15, 21, 16, 20], [17, 24, 18, 1], [19, 11, 20, 10], [21, 3, 22, 2], [23, 9, 24, 8], [1, 16, 2, 17], [12, 3, 13, 4], [14, 5, 15, 6], [7, 23, 8, 22], [9, 19, 10, 18], [6, 11, 7, 12], [4, 13, 5, 14]]"
12n_0817_168,"[[5, 14, 6, 15], [16, 22, 17, 21], [18, 1, 19, 2], [20, 12, 21, 11], [22, 4, 23, 3], [24, 10, 1, 9], [2, 17, 3, 18], [13, 4, 14, 5], [15, 6, 16, 7], [8, 24, 9, 23], [10, 20, 11, 19], [7, 12, 8, 13]]"
12n_0817_169,"[[7, 12, 8, 13], [5, 14, 6, 15], [16, 22, 17, 21], [18, 1, 19, 2], [20, 12, 21, 11], [22, 4, 23, 3], [24, 10, 1, 9], [2, 17, 3, 18], [13, 4, 14, 5], [15, 6, 16, 7], [8, 24, 9, 23], [10, 20, 11, 19]]"
12n_0817_170,"[[10, 20, 11, 19], [7, 12, 8, 13], [5, 14, 6, 15], [16, 22, 17, 21], [18, 1, 19, 2], [20, 12, 21, 11], [22, 4, 23, 3], [24, 10, 1, 9], [2, 17, 3, 18], [13, 4, 14, 5], [15, 6, 16, 7], [8, 24, 9, 23]]"
12n_0817_171,"[[8, 24, 9, 23], [10, 20, 11, 19], [7, 12, 8, 13], [5, 14, 6, 15], [16, 22, 17, 21], [18, 1, 19, 2], [20, 12, 21, 11], [22, 4, 23, 3], [24, 10, 1, 9], [2, 17, 3, 18], [13, 4, 14, 5], [15, 6, 16, 7]]"
12n_0817_172,"[[15, 6, 16, 7], [8, 24, 9, 23], [10, 20, 11, 19], [7, 12, 8, 13], [5, 14, 6, 15], [16, 22, 17, 21], [18, 1, 19, 2], [20, 12, 21, 11], [22, 4, 23, 3], [24, 10, 1, 9], [2, 17, 3, 18], [13, 4, 14, 5]]"
12n_0817_173,"[[13, 4, 14, 5], [15, 6, 16, 7], [8, 24, 9, 23], [10, 20, 11, 19], [7, 12, 8, 13], [5, 14, 6, 15], [16, 22, 17, 21], [18, 1, 19, 2], [20, 12, 21, 11], [22, 4, 23, 3], [24, 10, 1, 9], [2, 17, 3, 18]]"
12n_0817_174,"[[2, 17, 3, 18], [13, 4, 14, 5], [15, 6, 16, 7], [8, 24, 9, 23], [10, 20, 11, 19], [7, 12, 8, 13], [5, 14, 6, 15], [16, 22, 17, 21], [18, 1, 19, 2], [20, 12, 21, 11], [22, 4, 23, 3], [24, 10, 1, 9]]"
12n_0817_175,"[[24, 10, 1, 9], [2, 17, 3, 18], [13, 4, 14, 5], [15, 6, 16, 7], [8, 24, 9, 23], [10, 20, 11, 19], [7, 12, 8, 13], [5, 14, 6, 15], [16, 22, 17, 21], [18, 1, 19, 2], [20, 12, 21, 11], [22, 4, 23, 3]]"
12n_0817_176,"[[22, 4, 23, 3], [24, 10, 1, 9], [2, 17, 3, 18], [13, 4, 14, 5], [15, 6, 16, 7], [8, 24, 9, 23], [10, 20, 11, 19], [7, 12, 8, 13], [5, 14, 6, 15], [16, 22, 17, 21], [18, 1, 19, 2], [20, 12, 21, 11]]"
12n_0817_177,"[[20, 12, 21, 11], [22, 4, 23, 3], [24, 10, 1, 9], [2, 17, 3, 18], [13, 4, 14, 5], [15, 6, 16, 7], [8, 24, 9, 23], [10, 20, 11, 19], [7, 12, 8, 13], [5, 14, 6, 15], [16, 22, 17, 21], [18, 1, 19, 2]]"
12n_0817_178,"[[18, 1, 19, 2], [20, 12, 21, 11], [22, 4, 23, 3], [24, 10, 1, 9], [2, 17, 3, 18], [13, 4, 14, 5], [15, 6, 16, 7], [8, 24, 9, 23], [10, 20, 11, 19], [7, 12, 8, 13], [5, 14, 6, 15], [16, 22, 17, 21]]"
12n_0817_179,"[[16, 22, 17, 21], [18, 1, 19, 2], [20, 12, 21, 11], [22, 4, 23, 3], [24, 10, 1, 9], [2, 17, 3, 18], [13, 4, 14, 5], [15, 6, 16, 7], [8, 24, 9, 23], [10, 20, 11, 19], [7, 12, 8, 13], [5, 14, 6, 15]]"
12n_0817_180,"[[6, 15, 7, 16], [17, 23, 18, 22], [19, 2, 20, 3], [21, 13, 22, 12], [23, 5, 24, 4], [1, 11, 2, 10], [3, 18, 4, 19], [14, 5, 15, 6], [16, 7, 17, 8], [9, 1, 10, 24], [11, 21, 12, 20], [8, 13, 9, 14]]"
12n_0817_181,"[[8, 13, 9, 14], [6, 15, 7, 16], [17, 23, 18, 22], [19, 2, 20, 3], [21, 13, 22, 12], [23, 5, 24, 4], [1, 11, 2, 10], [3, 18, 4, 19], [14, 5, 15, 6], [16, 7, 17, 8], [9, 1, 10, 24], [11, 21, 12, 20]]"
12n_0817_182,"[[11, 21, 12, 20], [8, 13, 9, 14], [6, 15, 7, 16], [17, 23, 18, 22], [19, 2, 20, 3], [21, 13, 22, 12], [23, 5, 24, 4], [1, 11, 2, 10], [3, 18, 4, 19], [14, 5, 15, 6], [16, 7, 17, 8], [9, 1, 10, 24]]"
12n_0817_183,"[[9, 1, 10, 24], [11, 21, 12, 20], [8, 13, 9, 14], [6, 15, 7, 16], [17, 23, 18, 22], [19, 2, 20, 3], [21, 13, 22, 12], [23, 5, 24, 4], [1, 11, 2, 10], [3, 18, 4, 19], [14, 5, 15, 6], [16, 7, 17, 8]]"
12n_0817_184,"[[16, 7, 17, 8], [9, 1, 10, 24], [11, 21, 12, 20], [8, 13, 9, 14], [6, 15, 7, 16], [17, 23, 18, 22], [19, 2, 20, 3], [21, 13, 22, 12], [23, 5, 24, 4], [1, 11, 2, 10], [3, 18, 4, 19], [14, 5, 15, 6]]"
12n_0817_185,"[[14, 5, 15, 6], [16, 7, 17, 8], [9, 1, 10, 24], [11, 21, 12, 20], [8, 13, 9, 14], [6, 15, 7, 16], [17, 23, 18, 22], [19, 2, 20, 3], [21, 13, 22, 12], [23, 5, 24, 4], [1, 11, 2, 10], [3, 18, 4, 19]]"
