name,pd_notation
12n_0577_0,"[[24, 15, 1, 16], [2, 6, 3, 5], [4, 14, 5, 13], [17, 7, 18, 6], [19, 9, 20, 8], [21, 11, 22, 10], [12, 4, 13, 3], [14, 23, 15, 24], [16, 1, 17, 2], [11, 19, 12, 18], [9, 21, 10, 20], [7, 23, 8, 22]]"
12n_0577_1,"[[7, 23, 8, 22], [24, 15, 1, 16], [2, 6, 3, 5], [4, 14, 5, 13], [17, 7, 18, 6], [19, 9, 20, 8], [21, 11, 22, 10], [12, 4, 13, 3], [14, 23, 15, 24], [16, 1, 17, 2], [11, 19, 12, 18], [9, 21, 10, 20]]"
12n_0577_2,"[[9, 21, 10, 20], [7, 23, 8, 22], [24, 15, 1, 16], [2, 6, 3, 5], [4, 14, 5, 13], [17, 7, 18, 6], [19, 9, 20, 8], [21, 11, 22, 10], [12, 4, 13, 3], [14, 23, 15, 24], [16, 1, 17, 2], [11, 19, 12, 18]]"
12n_0577_3,"[[11, 19, 12, 18], [9, 21, 10, 20], [7, 23, 8, 22], [24, 15, 1, 16], [2, 6, 3, 5], [4, 14, 5, 13], [17, 7, 18, 6], [19, 9, 20, 8], [21, 11, 22, 10], [12, 4, 13, 3], [14, 23, 15, 24], [16, 1, 17, 2]]"
12n_0577_4,"[[16, 1, 17, 2], [11, 19, 12, 18], [9, 21, 10, 20], [7, 23, 8, 22], [24, 15, 1, 16], [2, 6, 3, 5], [4, 14, 5, 13], [17, 7, 18, 6], [19, 9, 20, 8], [21, 11, 22, 10], [12, 4, 13, 3], [14, 23, 15, 24]]"
12n_0577_5,"[[14, 23, 15, 24], [16, 1, 17, 2], [11, 19, 12, 18], [9, 21, 10, 20], [7, 23, 8, 22], [24, 15, 1, 16], [2, 6, 3, 5], [4, 14, 5, 13], [17, 7, 18, 6], [19, 9, 20, 8], [21, 11, 22, 10], [12, 4, 13, 3]]"
12n_0577_6,"[[12, 4, 13, 3], [14, 23, 15, 24], [16, 1, 17, 2], [11, 19, 12, 18], [9, 21, 10, 20], [7, 23, 8, 22], [24, 15, 1, 16], [2, 6, 3, 5], [4, 14, 5, 13], [17, 7, 18, 6], [19, 9, 20, 8], [21, 11, 22, 10]]"
12n_0577_7,"[[21, 11, 22, 10], [12, 4, 13, 3], [14, 23, 15, 24], [16, 1, 17, 2], [11, 19, 12, 18], [9, 21, 10, 20], [7, 23, 8, 22], [24, 15, 1, 16], [2, 6, 3, 5], [4, 14, 5, 13], [17, 7, 18, 6], [19, 9, 20, 8]]"
12n_0577_8,"[[19, 9, 20, 8], [21, 11, 22, 10], [12, 4, 13, 3], [14, 23, 15, 24], [16, 1, 17, 2], [11, 19, 12, 18], [9, 21, 10, 20], [7, 23, 8, 22], [24, 15, 1, 16], [2, 6, 3, 5], [4, 14, 5, 13], [17, 7, 18, 6]]"
12n_0577_9,"[[17, 7, 18, 6], [19, 9, 20, 8], [21, 11, 22, 10], [12, 4, 13, 3], [14, 23, 15, 24], [16, 1, 17, 2], [11, 19, 12, 18], [9, 21, 10, 20], [7, 23, 8, 22], [24, 15, 1, 16], [2, 6, 3, 5], [4, 14, 5, 13]]"
12n_0577_10,"[[4, 14, 5, 13], [17, 7, 18, 6], [19, 9, 20, 8], [21, 11, 22, 10], [12, 4, 13, 3], [14, 23, 15, 24], [16, 1, 17, 2], [11, 19, 12, 18], [9, 21, 10, 20], [7, 23, 8, 22], [24, 15, 1, 16], [2, 6, 3, 5]]"
12n_0577_11,"[[2, 6, 3, 5], [4, 14, 5, 13], [17, 7, 18, 6], [19, 9, 20, 8], [21, 11, 22, 10], [12, 4, 13, 3], [14, 23, 15, 24], [16, 1, 17, 2], [11, 19, 12, 18], [9, 21, 10, 20], [7, 23, 8, 22], [24, 15, 1, 16]]"
12n_0577_12,"[[1, 16, 2, 17], [3, 7, 4, 6], [5, 15, 6, 14], [18, 8, 19, 7], [20, 10, 21, 9], [22, 12, 23, 11], [13, 5, 14, 4], [15, 24, 16, 1], [17, 2, 18, 3], [12, 20, 13, 19], [10, 22, 11, 21], [8, 24, 9, 23]]"
12n_0577_13,"[[8, 24, 9, 23], [1, 16, 2, 17], [3, 7, 4, 6], [5, 15, 6, 14], [18, 8, 19, 7], [20, 10, 21, 9], [22, 12, 23, 11], [13, 5, 14, 4], [15, 24, 16, 1], [17, 2, 18, 3], [12, 20, 13, 19], [10, 22, 11, 21]]"
12n_0577_14,"[[10, 22, 11, 21], [8, 24, 9, 23], [1, 16, 2, 17], [3, 7, 4, 6], [5, 15, 6, 14], [18, 8, 19, 7], [20, 10, 21, 9], [22, 12, 23, 11], [13, 5, 14, 4], [15, 24, 16, 1], [17, 2, 18, 3], [12, 20, 13, 19]]"
12n_0577_15,"[[12, 20, 13, 19], [10, 22, 11, 21], [8, 24, 9, 23], [1, 16, 2, 17], [3, 7, 4, 6], [5, 15, 6, 14], [18, 8, 19, 7], [20, 10, 21, 9], [22, 12, 23, 11], [13, 5, 14, 4], [15, 24, 16, 1], [17, 2, 18, 3]]"
12n_0577_16,"[[17, 2, 18, 3], [12, 20, 13, 19], [10, 22, 11, 21], [8, 24, 9, 23], [1, 16, 2, 17], [3, 7, 4, 6], [5, 15, 6, 14], [18, 8, 19, 7], [20, 10, 21, 9], [22, 12, 23, 11], [13, 5, 14, 4], [15, 24, 16, 1]]"
12n_0577_17,"[[15, 24, 16, 1], [17, 2, 18, 3], [12, 20, 13, 19], [10, 22, 11, 21], [8, 24, 9, 23], [1, 16, 2, 17], [3, 7, 4, 6], [5, 15, 6, 14], [18, 8, 19, 7], [20, 10, 21, 9], [22, 12, 23, 11], [13, 5, 14, 4]]"
12n_0577_18,"[[13, 5, 14, 4], [15, 24, 16, 1], [17, 2, 18, 3], [12, 20, 13, 19], [10, 22, 11, 21], [8, 24, 9, 23], [1, 16, 2, 17], [3, 7, 4, 6], [5, 15, 6, 14], [18, 8, 19, 7], [20, 10, 21, 9], [22, 12, 23, 11]]"
12n_0577_19,"[[22, 12, 23, 11], [13, 5, 14, 4], [15, 24, 16, 1], [17, 2, 18, 3], [12, 20, 13, 19], [10, 22, 11, 21], [8, 24, 9, 23], [1, 16, 2, 17], [3, 7, 4, 6], [5, 15, 6, 14], [18, 8, 19, 7], [20, 10, 21, 9]]"
12n_0577_20,"[[20, 10, 21, 9], [22, 12, 23, 11], [13, 5, 14, 4], [15, 24, 16, 1], [17, 2, 18, 3], [12, 20, 13, 19], [10, 22, 11, 21], [8, 24, 9, 23], [1, 16, 2, 17], [3, 7, 4, 6], [5, 15, 6, 14], [18, 8, 19, 7]]"
12n_0577_21,"[[18, 8, 19, 7], [20, 10, 21, 9], [22, 12, 23, 11], [13, 5, 14, 4], [15, 24, 16, 1], [17, 2, 18, 3], [12, 20, 13, 19], [10, 22, 11, 21], [8, 24, 9, 23], [1, 16, 2, 17], [3, 7, 4, 6], [5, 15, 6, 14]]"
12n_0577_22,"[[5, 15, 6, 14], [18, 8, 19, 7], [20, 10, 21, 9], [22, 12, 23, 11], [13, 5, 14, 4], [15, 24, 16, 1], [17, 2, 18, 3], [12, 20, 13, 19], [10, 22, 11, 21], [8, 24, 9, 23], [1, 16, 2, 17], [3, 7, 4, 6]]"
12n_0577_23,"[[3, 7, 4, 6], [5, 15, 6, 14], [18, 8, 19, 7], [20, 10, 21, 9], [22, 12, 23, 11], [13, 5, 14, 4], [15, 24, 16, 1], [17, 2, 18, 3], [12, 20, 13, 19], [10, 22, 11, 21], [8, 24, 9, 23], [1, 16, 2, 17]]"
12n_0577_24,"[[2, 17, 3, 18], [4, 8, 5, 7], [6, 16, 7, 15], [19, 9, 20, 8], [21, 11, 22, 10], [23, 13, 24, 12], [14, 6, 15, 5], [16, 1, 17, 2], [18, 3, 19, 4], [13, 21, 14, 20], [11, 23, 12, 22], [9, 1, 10, 24]]"
12n_0577_25,"[[9, 1, 10, 24], [2, 17, 3, 18], [4, 8, 5, 7], [6, 16, 7, 15], [19, 9, 20, 8], [21, 11, 22, 10], [23, 13, 24, 12], [14, 6, 15, 5], [16, 1, 17, 2], [18, 3, 19, 4], [13, 21, 14, 20], [11, 23, 12, 22]]"
12n_0577_26,"[[11, 23, 12, 22], [9, 1, 10, 24], [2, 17, 3, 18], [4, 8, 5, 7], [6, 16, 7, 15], [19, 9, 20, 8], [21, 11, 22, 10], [23, 13, 24, 12], [14, 6, 15, 5], [16, 1, 17, 2], [18, 3, 19, 4], [13, 21, 14, 20]]"
12n_0577_27,"[[13, 21, 14, 20], [11, 23, 12, 22], [9, 1, 10, 24], [2, 17, 3, 18], [4, 8, 5, 7], [6, 16, 7, 15], [19, 9, 20, 8], [21, 11, 22, 10], [23, 13, 24, 12], [14, 6, 15, 5], [16, 1, 17, 2], [18, 3, 19, 4]]"
12n_0577_28,"[[18, 3, 19, 4], [13, 21, 14, 20], [11, 23, 12, 22], [9, 1, 10, 24], [2, 17, 3, 18], [4, 8, 5, 7], [6, 16, 7, 15], [19, 9, 20, 8], [21, 11, 22, 10], [23, 13, 24, 12], [14, 6, 15, 5], [16, 1, 17, 2]]"
12n_0577_29,"[[16, 1, 17, 2], [18, 3, 19, 4], [13, 21, 14, 20], [11, 23, 12, 22], [9, 1, 10, 24], [2, 17, 3, 18], [4, 8, 5, 7], [6, 16, 7, 15], [19, 9, 20, 8], [21, 11, 22, 10], [23, 13, 24, 12], [14, 6, 15, 5]]"
12n_0577_30,"[[14, 6, 15, 5], [16, 1, 17, 2], [18, 3, 19, 4], [13, 21, 14, 20], [11, 23, 12, 22], [9, 1, 10, 24], [2, 17, 3, 18], [4, 8, 5, 7], [6, 16, 7, 15], [19, 9, 20, 8], [21, 11, 22, 10], [23, 13, 24, 12]]"
12n_0577_31,"[[23, 13, 24, 12], [14, 6, 15, 5], [16, 1, 17, 2], [18, 3, 19, 4], [13, 21, 14, 20], [11, 23, 12, 22], [9, 1, 10, 24], [2, 17, 3, 18], [4, 8, 5, 7], [6, 16, 7, 15], [19, 9, 20, 8], [21, 11, 22, 10]]"
12n_0577_32,"[[21, 11, 22, 10], [23, 13, 24, 12], [14, 6, 15, 5], [16, 1, 17, 2], [18, 3, 19, 4], [13, 21, 14, 20], [11, 23, 12, 22], [9, 1, 10, 24], [2, 17, 3, 18], [4, 8, 5, 7], [6, 16, 7, 15], [19, 9, 20, 8]]"
12n_0577_33,"[[19, 9, 20, 8], [21, 11, 22, 10], [23, 13, 24, 12], [14, 6, 15, 5], [16, 1, 17, 2], [18, 3, 19, 4], [13, 21, 14, 20], [11, 23, 12, 22], [9, 1, 10, 24], [2, 17, 3, 18], [4, 8, 5, 7], [6, 16, 7, 15]]"
12n_0577_34,"[[6, 16, 7, 15], [19, 9, 20, 8], [21, 11, 22, 10], [23, 13, 24, 12], [14, 6, 15, 5], [16, 1, 17, 2], [18, 3, 19, 4], [13, 21, 14, 20], [11, 23, 12, 22], [9, 1, 10, 24], [2, 17, 3, 18], [4, 8, 5, 7]]"
12n_0577_35,"[[4, 8, 5, 7], [6, 16, 7, 15], [19, 9, 20, 8], [21, 11, 22, 10], [23, 13, 24, 12], [14, 6, 15, 5], [16, 1, 17, 2], [18, 3, 19, 4], [13, 21, 14, 20], [11, 23, 12, 22], [9, 1, 10, 24], [2, 17, 3, 18]]"
12n_0577_36,"[[3, 18, 4, 19], [5, 9, 6, 8], [7, 17, 8, 16], [20, 10, 21, 9], [22, 12, 23, 11], [24, 14, 1, 13], [15, 7, 16, 6], [17, 2, 18, 3], [19, 4, 20, 5], [14, 22, 15, 21], [12, 24, 13, 23], [10, 2, 11, 1]]"
12n_0577_37,"[[10, 2, 11, 1], [3, 18, 4, 19], [5, 9, 6, 8], [7, 17, 8, 16], [20, 10, 21, 9], [22, 12, 23, 11], [24, 14, 1, 13], [15, 7, 16, 6], [17, 2, 18, 3], [19, 4, 20, 5], [14, 22, 15, 21], [12, 24, 13, 23]]"
12n_0577_38,"[[12, 24, 13, 23], [10, 2, 11, 1], [3, 18, 4, 19], [5, 9, 6, 8], [7, 17, 8, 16], [20, 10, 21, 9], [22, 12, 23, 11], [24, 14, 1, 13], [15, 7, 16, 6], [17, 2, 18, 3], [19, 4, 20, 5], [14, 22, 15, 21]]"
12n_0577_39,"[[14, 22, 15, 21], [12, 24, 13, 23], [10, 2, 11, 1], [3, 18, 4, 19], [5, 9, 6, 8], [7, 17, 8, 16], [20, 10, 21, 9], [22, 12, 23, 11], [24, 14, 1, 13], [15, 7, 16, 6], [17, 2, 18, 3], [19, 4, 20, 5]]"
12n_0577_40,"[[19, 4, 20, 5], [14, 22, 15, 21], [12, 24, 13, 23], [10, 2, 11, 1], [3, 18, 4, 19], [5, 9, 6, 8], [7, 17, 8, 16], [20, 10, 21, 9], [22, 12, 23, 11], [24, 14, 1, 13], [15, 7, 16, 6], [17, 2, 18, 3]]"
12n_0577_41,"[[17, 2, 18, 3], [19, 4, 20, 5], [14, 22, 15, 21], [12, 24, 13, 23], [10, 2, 11, 1], [3, 18, 4, 19], [5, 9, 6, 8], [7, 17, 8, 16], [20, 10, 21, 9], [22, 12, 23, 11], [24, 14, 1, 13], [15, 7, 16, 6]]"
12n_0577_42,"[[15, 7, 16, 6], [17, 2, 18, 3], [19, 4, 20, 5], [14, 22, 15, 21], [12, 24, 13, 23], [10, 2, 11, 1], [3, 18, 4, 19], [5, 9, 6, 8], [7, 17, 8, 16], [20, 10, 21, 9], [22, 12, 23, 11], [24, 14, 1, 13]]"
12n_0577_43,"[[24, 14, 1, 13], [15, 7, 16, 6], [17, 2, 18, 3], [19, 4, 20, 5], [14, 22, 15, 21], [12, 24, 13, 23], [10, 2, 11, 1], [3, 18, 4, 19], [5, 9, 6, 8], [7, 17, 8, 16], [20, 10, 21, 9], [22, 12, 23, 11]]"
12n_0577_44,"[[22, 12, 23, 11], [24, 14, 1, 13], [15, 7, 16, 6], [17, 2, 18, 3], [19, 4, 20, 5], [14, 22, 15, 21], [12, 24, 13, 23], [10, 2, 11, 1], [3, 18, 4, 19], [5, 9, 6, 8], [7, 17, 8, 16], [20, 10, 21, 9]]"
12n_0577_45,"[[20, 10, 21, 9], [22, 12, 23, 11], [24, 14, 1, 13], [15, 7, 16, 6], [17, 2, 18, 3], [19, 4, 20, 5], [14, 22, 15, 21], [12, 24, 13, 23], [10, 2, 11, 1], [3, 18, 4, 19], [5, 9, 6, 8], [7, 17, 8, 16]]"
12n_0577_46,"[[7, 17, 8, 16], [20, 10, 21, 9], [22, 12, 23, 11], [24, 14, 1, 13], [15, 7, 16, 6], [17, 2, 18, 3], [19, 4, 20, 5], [14, 22, 15, 21], [12, 24, 13, 23], [10, 2, 11, 1], [3, 18, 4, 19], [5, 9, 6, 8]]"
12n_0577_47,"[[5, 9, 6, 8], [7, 17, 8, 16], [20, 10, 21, 9], [22, 12, 23, 11], [24, 14, 1, 13], [15, 7, 16, 6], [17, 2, 18, 3], [19, 4, 20, 5], [14, 22, 15, 21], [12, 24, 13, 23], [10, 2, 11, 1], [3, 18, 4, 19]]"
12n_0577_48,"[[4, 19, 5, 20], [6, 10, 7, 9], [8, 18, 9, 17], [21, 11, 22, 10], [23, 13, 24, 12], [1, 15, 2, 14], [16, 8, 17, 7], [18, 3, 19, 4], [20, 5, 21, 6], [15, 23, 16, 22], [13, 1, 14, 24], [11, 3, 12, 2]]"
12n_0577_49,"[[11, 3, 12, 2], [4, 19, 5, 20], [6, 10, 7, 9], [8, 18, 9, 17], [21, 11, 22, 10], [23, 13, 24, 12], [1, 15, 2, 14], [16, 8, 17, 7], [18, 3, 19, 4], [20, 5, 21, 6], [15, 23, 16, 22], [13, 1, 14, 24]]"
12n_0577_50,"[[13, 1, 14, 24], [11, 3, 12, 2], [4, 19, 5, 20], [6, 10, 7, 9], [8, 18, 9, 17], [21, 11, 22, 10], [23, 13, 24, 12], [1, 15, 2, 14], [16, 8, 17, 7], [18, 3, 19, 4], [20, 5, 21, 6], [15, 23, 16, 22]]"
12n_0577_51,"[[15, 23, 16, 22], [13, 1, 14, 24], [11, 3, 12, 2], [4, 19, 5, 20], [6, 10, 7, 9], [8, 18, 9, 17], [21, 11, 22, 10], [23, 13, 24, 12], [1, 15, 2, 14], [16, 8, 17, 7], [18, 3, 19, 4], [20, 5, 21, 6]]"
12n_0577_52,"[[20, 5, 21, 6], [15, 23, 16, 22], [13, 1, 14, 24], [11, 3, 12, 2], [4, 19, 5, 20], [6, 10, 7, 9], [8, 18, 9, 17], [21, 11, 22, 10], [23, 13, 24, 12], [1, 15, 2, 14], [16, 8, 17, 7], [18, 3, 19, 4]]"
12n_0577_53,"[[18, 3, 19, 4], [20, 5, 21, 6], [15, 23, 16, 22], [13, 1, 14, 24], [11, 3, 12, 2], [4, 19, 5, 20], [6, 10, 7, 9], [8, 18, 9, 17], [21, 11, 22, 10], [23, 13, 24, 12], [1, 15, 2, 14], [16, 8, 17, 7]]"
12n_0577_54,"[[16, 8, 17, 7], [18, 3, 19, 4], [20, 5, 21, 6], [15, 23, 16, 22], [13, 1, 14, 24], [11, 3, 12, 2], [4, 19, 5, 20], [6, 10, 7, 9], [8, 18, 9, 17], [21, 11, 22, 10], [23, 13, 24, 12], [1, 15, 2, 14]]"
12n_0577_55,"[[1, 15, 2, 14], [16, 8, 17, 7], [18, 3, 19, 4], [20, 5, 21, 6], [15, 23, 16, 22], [13, 1, 14, 24], [11, 3, 12, 2], [4, 19, 5, 20], [6, 10, 7, 9], [8, 18, 9, 17], [21, 11, 22, 10], [23, 13, 24, 12]]"
12n_0577_56,"[[23, 13, 24, 12], [1, 15, 2, 14], [16, 8, 17, 7], [18, 3, 19, 4], [20, 5, 21, 6], [15, 23, 16, 22], [13, 1, 14, 24], [11, 3, 12, 2], [4, 19, 5, 20], [6, 10, 7, 9], [8, 18, 9, 17], [21, 11, 22, 10]]"
12n_0577_57,"[[21, 11, 22, 10], [23, 13, 24, 12], [1, 15, 2, 14], [16, 8, 17, 7], [18, 3, 19, 4], [20, 5, 21, 6], [15, 23, 16, 22], [13, 1, 14, 24], [11, 3, 12, 2], [4, 19, 5, 20], [6, 10, 7, 9], [8, 18, 9, 17]]"
12n_0577_58,"[[8, 18, 9, 17], [21, 11, 22, 10], [23, 13, 24, 12], [1, 15, 2, 14], [16, 8, 17, 7], [18, 3, 19, 4], [20, 5, 21, 6], [15, 23, 16, 22], [13, 1, 14, 24], [11, 3, 12, 2], [4, 19, 5, 20], [6, 10, 7, 9]]"
12n_0577_59,"[[6, 10, 7, 9], [8, 18, 9, 17], [21, 11, 22, 10], [23, 13, 24, 12], [1, 15, 2, 14], [16, 8, 17, 7], [18, 3, 19, 4], [20, 5, 21, 6], [15, 23, 16, 22], [13, 1, 14, 24], [11, 3, 12, 2], [4, 19, 5, 20]]"
12n_0577_60,"[[5, 20, 6, 21], [7, 11, 8, 10], [9, 19, 10, 18], [22, 12, 23, 11], [24, 14, 1, 13], [2, 16, 3, 15], [17, 9, 18, 8], [19, 4, 20, 5], [21, 6, 22, 7], [16, 24, 17, 23], [14, 2, 15, 1], [12, 4, 13, 3]]"
12n_0577_61,"[[12, 4, 13, 3], [5, 20, 6, 21], [7, 11, 8, 10], [9, 19, 10, 18], [22, 12, 23, 11], [24, 14, 1, 13], [2, 16, 3, 15], [17, 9, 18, 8], [19, 4, 20, 5], [21, 6, 22, 7], [16, 24, 17, 23], [14, 2, 15, 1]]"
12n_0577_62,"[[14, 2, 15, 1], [12, 4, 13, 3], [5, 20, 6, 21], [7, 11, 8, 10], [9, 19, 10, 18], [22, 12, 23, 11], [24, 14, 1, 13], [2, 16, 3, 15], [17, 9, 18, 8], [19, 4, 20, 5], [21, 6, 22, 7], [16, 24, 17, 23]]"
12n_0577_63,"[[16, 24, 17, 23], [14, 2, 15, 1], [12, 4, 13, 3], [5, 20, 6, 21], [7, 11, 8, 10], [9, 19, 10, 18], [22, 12, 23, 11], [24, 14, 1, 13], [2, 16, 3, 15], [17, 9, 18, 8], [19, 4, 20, 5], [21, 6, 22, 7]]"
12n_0577_64,"[[21, 6, 22, 7], [16, 24, 17, 23], [14, 2, 15, 1], [12, 4, 13, 3], [5, 20, 6, 21], [7, 11, 8, 10], [9, 19, 10, 18], [22, 12, 23, 11], [24, 14, 1, 13], [2, 16, 3, 15], [17, 9, 18, 8], [19, 4, 20, 5]]"
12n_0577_65,"[[19, 4, 20, 5], [21, 6, 22, 7], [16, 24, 17, 23], [14, 2, 15, 1], [12, 4, 13, 3], [5, 20, 6, 21], [7, 11, 8, 10], [9, 19, 10, 18], [22, 12, 23, 11], [24, 14, 1, 13], [2, 16, 3, 15], [17, 9, 18, 8]]"
12n_0577_66,"[[17, 9, 18, 8], [19, 4, 20, 5], [21, 6, 22, 7], [16, 24, 17, 23], [14, 2, 15, 1], [12, 4, 13, 3], [5, 20, 6, 21], [7, 11, 8, 10], [9, 19, 10, 18], [22, 12, 23, 11], [24, 14, 1, 13], [2, 16, 3, 15]]"
12n_0577_67,"[[2, 16, 3, 15], [17, 9, 18, 8], [19, 4, 20, 5], [21, 6, 22, 7], [16, 24, 17, 23], [14, 2, 15, 1], [12, 4, 13, 3], [5, 20, 6, 21], [7, 11, 8, 10], [9, 19, 10, 18], [22, 12, 23, 11], [24, 14, 1, 13]]"
12n_0577_68,"[[24, 14, 1, 13], [2, 16, 3, 15], [17, 9, 18, 8], [19, 4, 20, 5], [21, 6, 22, 7], [16, 24, 17, 23], [14, 2, 15, 1], [12, 4, 13, 3], [5, 20, 6, 21], [7, 11, 8, 10], [9, 19, 10, 18], [22, 12, 23, 11]]"
12n_0577_69,"[[22, 12, 23, 11], [24, 14, 1, 13], [2, 16, 3, 15], [17, 9, 18, 8], [19, 4, 20, 5], [21, 6, 22, 7], [16, 24, 17, 23], [14, 2, 15, 1], [12, 4, 13, 3], [5, 20, 6, 21], [7, 11, 8, 10], [9, 19, 10, 18]]"
12n_0577_70,"[[9, 19, 10, 18], [22, 12, 23, 11], [24, 14, 1, 13], [2, 16, 3, 15], [17, 9, 18, 8], [19, 4, 20, 5], [21, 6, 22, 7], [16, 24, 17, 23], [14, 2, 15, 1], [12, 4, 13, 3], [5, 20, 6, 21], [7, 11, 8, 10]]"
12n_0577_71,"[[7, 11, 8, 10], [9, 19, 10, 18], [22, 12, 23, 11], [24, 14, 1, 13], [2, 16, 3, 15], [17, 9, 18, 8], [19, 4, 20, 5], [21, 6, 22, 7], [16, 24, 17, 23], [14, 2, 15, 1], [12, 4, 13, 3], [5, 20, 6, 21]]"
12n_0577_72,"[[6, 21, 7, 22], [8, 12, 9, 11], [10, 20, 11, 19], [23, 13, 24, 12], [1, 15, 2, 14], [3, 17, 4, 16], [18, 10, 19, 9], [20, 5, 21, 6], [22, 7, 23, 8], [17, 1, 18, 24], [15, 3, 16, 2], [13, 5, 14, 4]]"
12n_0577_73,"[[13, 5, 14, 4], [6, 21, 7, 22], [8, 12, 9, 11], [10, 20, 11, 19], [23, 13, 24, 12], [1, 15, 2, 14], [3, 17, 4, 16], [18, 10, 19, 9], [20, 5, 21, 6], [22, 7, 23, 8], [17, 1, 18, 24], [15, 3, 16, 2]]"
12n_0577_74,"[[15, 3, 16, 2], [13, 5, 14, 4], [6, 21, 7, 22], [8, 12, 9, 11], [10, 20, 11, 19], [23, 13, 24, 12], [1, 15, 2, 14], [3, 17, 4, 16], [18, 10, 19, 9], [20, 5, 21, 6], [22, 7, 23, 8], [17, 1, 18, 24]]"
12n_0577_75,"[[17, 1, 18, 24], [15, 3, 16, 2], [13, 5, 14, 4], [6, 21, 7, 22], [8, 12, 9, 11], [10, 20, 11, 19], [23, 13, 24, 12], [1, 15, 2, 14], [3, 17, 4, 16], [18, 10, 19, 9], [20, 5, 21, 6], [22, 7, 23, 8]]"
12n_0577_76,"[[22, 7, 23, 8], [17, 1, 18, 24], [15, 3, 16, 2], [13, 5, 14, 4], [6, 21, 7, 22], [8, 12, 9, 11], [10, 20, 11, 19], [23, 13, 24, 12], [1, 15, 2, 14], [3, 17, 4, 16], [18, 10, 19, 9], [20, 5, 21, 6]]"
12n_0577_77,"[[20, 5, 21, 6], [22, 7, 23, 8], [17, 1, 18, 24], [15, 3, 16, 2], [13, 5, 14, 4], [6, 21, 7, 22], [8, 12, 9, 11], [10, 20, 11, 19], [23, 13, 24, 12], [1, 15, 2, 14], [3, 17, 4, 16], [18, 10, 19, 9]]"
12n_0577_78,"[[18, 10, 19, 9], [20, 5, 21, 6], [22, 7, 23, 8], [17, 1, 18, 24], [15, 3, 16, 2], [13, 5, 14, 4], [6, 21, 7, 22], [8, 12, 9, 11], [10, 20, 11, 19], [23, 13, 24, 12], [1, 15, 2, 14], [3, 17, 4, 16]]"
12n_0577_79,"[[3, 17, 4, 16], [18, 10, 19, 9], [20, 5, 21, 6], [22, 7, 23, 8], [17, 1, 18, 24], [15, 3, 16, 2], [13, 5, 14, 4], [6, 21, 7, 22], [8, 12, 9, 11], [10, 20, 11, 19], [23, 13, 24, 12], [1, 15, 2, 14]]"
12n_0577_80,"[[1, 15, 2, 14], [3, 17, 4, 16], [18, 10, 19, 9], [20, 5, 21, 6], [22, 7, 23, 8], [17, 1, 18, 24], [15, 3, 16, 2], [13, 5, 14, 4], [6, 21, 7, 22], [8, 12, 9, 11], [10, 20, 11, 19], [23, 13, 24, 12]]"
12n_0577_81,"[[23, 13, 24, 12], [1, 15, 2, 14], [3, 17, 4, 16], [18, 10, 19, 9], [20, 5, 21, 6], [22, 7, 23, 8], [17, 1, 18, 24], [15, 3, 16, 2], [13, 5, 14, 4], [6, 21, 7, 22], [8, 12, 9, 11], [10, 20, 11, 19]]"
12n_0577_82,"[[10, 20, 11, 19], [23, 13, 24, 12], [1, 15, 2, 14], [3, 17, 4, 16], [18, 10, 19, 9], [20, 5, 21, 6], [22, 7, 23, 8], [17, 1, 18, 24], [15, 3, 16, 2], [13, 5, 14, 4], [6, 21, 7, 22], [8, 12, 9, 11]]"
12n_0577_83,"[[8, 12, 9, 11], [10, 20, 11, 19], [23, 13, 24, 12], [1, 15, 2, 14], [3, 17, 4, 16], [18, 10, 19, 9], [20, 5, 21, 6], [22, 7, 23, 8], [17, 1, 18, 24], [15, 3, 16, 2], [13, 5, 14, 4], [6, 21, 7, 22]]"
12n_0577_84,"[[7, 22, 8, 23], [9, 13, 10, 12], [11, 21, 12, 20], [24, 14, 1, 13], [2, 16, 3, 15], [4, 18, 5, 17], [19, 11, 20, 10], [21, 6, 22, 7], [23, 8, 24, 9], [18, 2, 19, 1], [16, 4, 17, 3], [14, 6, 15, 5]]"
12n_0577_85,"[[14, 6, 15, 5], [7, 22, 8, 23], [9, 13, 10, 12], [11, 21, 12, 20], [24, 14, 1, 13], [2, 16, 3, 15], [4, 18, 5, 17], [19, 11, 20, 10], [21, 6, 22, 7], [23, 8, 24, 9], [18, 2, 19, 1], [16, 4, 17, 3]]"
12n_0577_86,"[[16, 4, 17, 3], [14, 6, 15, 5], [7, 22, 8, 23], [9, 13, 10, 12], [11, 21, 12, 20], [24, 14, 1, 13], [2, 16, 3, 15], [4, 18, 5, 17], [19, 11, 20, 10], [21, 6, 22, 7], [23, 8, 24, 9], [18, 2, 19, 1]]"
12n_0577_87,"[[18, 2, 19, 1], [16, 4, 17, 3], [14, 6, 15, 5], [7, 22, 8, 23], [9, 13, 10, 12], [11, 21, 12, 20], [24, 14, 1, 13], [2, 16, 3, 15], [4, 18, 5, 17], [19, 11, 20, 10], [21, 6, 22, 7], [23, 8, 24, 9]]"
12n_0577_88,"[[23, 8, 24, 9], [18, 2, 19, 1], [16, 4, 17, 3], [14, 6, 15, 5], [7, 22, 8, 23], [9, 13, 10, 12], [11, 21, 12, 20], [24, 14, 1, 13], [2, 16, 3, 15], [4, 18, 5, 17], [19, 11, 20, 10], [21, 6, 22, 7]]"
12n_0577_89,"[[21, 6, 22, 7], [23, 8, 24, 9], [18, 2, 19, 1], [16, 4, 17, 3], [14, 6, 15, 5], [7, 22, 8, 23], [9, 13, 10, 12], [11, 21, 12, 20], [24, 14, 1, 13], [2, 16, 3, 15], [4, 18, 5, 17], [19, 11, 20, 10]]"
12n_0577_90,"[[19, 11, 20, 10], [21, 6, 22, 7], [23, 8, 24, 9], [18, 2, 19, 1], [16, 4, 17, 3], [14, 6, 15, 5], [7, 22, 8, 23], [9, 13, 10, 12], [11, 21, 12, 20], [24, 14, 1, 13], [2, 16, 3, 15], [4, 18, 5, 17]]"
12n_0577_91,"[[4, 18, 5, 17], [19, 11, 20, 10], [21, 6, 22, 7], [23, 8, 24, 9], [18, 2, 19, 1], [16, 4, 17, 3], [14, 6, 15, 5], [7, 22, 8, 23], [9, 13, 10, 12], [11, 21, 12, 20], [24, 14, 1, 13], [2, 16, 3, 15]]"
12n_0577_92,"[[2, 16, 3, 15], [4, 18, 5, 17], [19, 11, 20, 10], [21, 6, 22, 7], [23, 8, 24, 9], [18, 2, 19, 1], [16, 4, 17, 3], [14, 6, 15, 5], [7, 22, 8, 23], [9, 13, 10, 12], [11, 21, 12, 20], [24, 14, 1, 13]]"
12n_0577_93,"[[24, 14, 1, 13], [2, 16, 3, 15], [4, 18, 5, 17], [19, 11, 20, 10], [21, 6, 22, 7], [23, 8, 24, 9], [18, 2, 19, 1], [16, 4, 17, 3], [14, 6, 15, 5], [7, 22, 8, 23], [9, 13, 10, 12], [11, 21, 12, 20]]"
12n_0577_94,"[[11, 21, 12, 20], [24, 14, 1, 13], [2, 16, 3, 15], [4, 18, 5, 17], [19, 11, 20, 10], [21, 6, 22, 7], [23, 8, 24, 9], [18, 2, 19, 1], [16, 4, 17, 3], [14, 6, 15, 5], [7, 22, 8, 23], [9, 13, 10, 12]]"
12n_0577_95,"[[9, 13, 10, 12], [11, 21, 12, 20], [24, 14, 1, 13], [2, 16, 3, 15], [4, 18, 5, 17], [19, 11, 20, 10], [21, 6, 22, 7], [23, 8, 24, 9], [18, 2, 19, 1], [16, 4, 17, 3], [14, 6, 15, 5], [7, 22, 8, 23]]"
12n_0577_96,"[[8, 23, 9, 24], [10, 14, 11, 13], [12, 22, 13, 21], [1, 15, 2, 14], [3, 17, 4, 16], [5, 19, 6, 18], [20, 12, 21, 11], [22, 7, 23, 8], [24, 9, 1, 10], [19, 3, 20, 2], [17, 5, 18, 4], [15, 7, 16, 6]]"
12n_0577_97,"[[15, 7, 16, 6], [8, 23, 9, 24], [10, 14, 11, 13], [12, 22, 13, 21], [1, 15, 2, 14], [3, 17, 4, 16], [5, 19, 6, 18], [20, 12, 21, 11], [22, 7, 23, 8], [24, 9, 1, 10], [19, 3, 20, 2], [17, 5, 18, 4]]"
12n_0577_98,"[[17, 5, 18, 4], [15, 7, 16, 6], [8, 23, 9, 24], [10, 14, 11, 13], [12, 22, 13, 21], [1, 15, 2, 14], [3, 17, 4, 16], [5, 19, 6, 18], [20, 12, 21, 11], [22, 7, 23, 8], [24, 9, 1, 10], [19, 3, 20, 2]]"
12n_0577_99,"[[19, 3, 20, 2], [17, 5, 18, 4], [15, 7, 16, 6], [8, 23, 9, 24], [10, 14, 11, 13], [12, 22, 13, 21], [1, 15, 2, 14], [3, 17, 4, 16], [5, 19, 6, 18], [20, 12, 21, 11], [22, 7, 23, 8], [24, 9, 1, 10]]"
12n_0577_100,"[[24, 9, 1, 10], [19, 3, 20, 2], [17, 5, 18, 4], [15, 7, 16, 6], [8, 23, 9, 24], [10, 14, 11, 13], [12, 22, 13, 21], [1, 15, 2, 14], [3, 17, 4, 16], [5, 19, 6, 18], [20, 12, 21, 11], [22, 7, 23, 8]]"
12n_0577_101,"[[22, 7, 23, 8], [24, 9, 1, 10], [19, 3, 20, 2], [17, 5, 18, 4], [15, 7, 16, 6], [8, 23, 9, 24], [10, 14, 11, 13], [12, 22, 13, 21], [1, 15, 2, 14], [3, 17, 4, 16], [5, 19, 6, 18], [20, 12, 21, 11]]"
12n_0577_102,"[[20, 12, 21, 11], [22, 7, 23, 8], [24, 9, 1, 10], [19, 3, 20, 2], [17, 5, 18, 4], [15, 7, 16, 6], [8, 23, 9, 24], [10, 14, 11, 13], [12, 22, 13, 21], [1, 15, 2, 14], [3, 17, 4, 16], [5, 19, 6, 18]]"
12n_0577_103,"[[5, 19, 6, 18], [20, 12, 21, 11], [22, 7, 23, 8], [24, 9, 1, 10], [19, 3, 20, 2], [17, 5, 18, 4], [15, 7, 16, 6], [8, 23, 9, 24], [10, 14, 11, 13], [12, 22, 13, 21], [1, 15, 2, 14], [3, 17, 4, 16]]"
12n_0577_104,"[[3, 17, 4, 16], [5, 19, 6, 18], [20, 12, 21, 11], [22, 7, 23, 8], [24, 9, 1, 10], [19, 3, 20, 2], [17, 5, 18, 4], [15, 7, 16, 6], [8, 23, 9, 24], [10, 14, 11, 13], [12, 22, 13, 21], [1, 15, 2, 14]]"
12n_0577_105,"[[1, 15, 2, 14], [3, 17, 4, 16], [5, 19, 6, 18], [20, 12, 21, 11], [22, 7, 23, 8], [24, 9, 1, 10], [19, 3, 20, 2], [17, 5, 18, 4], [15, 7, 16, 6], [8, 23, 9, 24], [10, 14, 11, 13], [12, 22, 13, 21]]"
12n_0577_106,"[[12, 22, 13, 21], [1, 15, 2, 14], [3, 17, 4, 16], [5, 19, 6, 18], [20, 12, 21, 11], [22, 7, 23, 8], [24, 9, 1, 10], [19, 3, 20, 2], [17, 5, 18, 4], [15, 7, 16, 6], [8, 23, 9, 24], [10, 14, 11, 13]]"
12n_0577_107,"[[10, 14, 11, 13], [12, 22, 13, 21], [1, 15, 2, 14], [3, 17, 4, 16], [5, 19, 6, 18], [20, 12, 21, 11], [22, 7, 23, 8], [24, 9, 1, 10], [19, 3, 20, 2], [17, 5, 18, 4], [15, 7, 16, 6], [8, 23, 9, 24]]"
12n_0577_108,"[[9, 24, 10, 1], [11, 15, 12, 14], [13, 23, 14, 22], [2, 16, 3, 15], [4, 18, 5, 17], [6, 20, 7, 19], [21, 13, 22, 12], [23, 8, 24, 9], [1, 10, 2, 11], [20, 4, 21, 3], [18, 6, 19, 5], [16, 8, 17, 7]]"
12n_0577_109,"[[16, 8, 17, 7], [9, 24, 10, 1], [11, 15, 12, 14], [13, 23, 14, 22], [2, 16, 3, 15], [4, 18, 5, 17], [6, 20, 7, 19], [21, 13, 22, 12], [23, 8, 24, 9], [1, 10, 2, 11], [20, 4, 21, 3], [18, 6, 19, 5]]"
12n_0577_110,"[[18, 6, 19, 5], [16, 8, 17, 7], [9, 24, 10, 1], [11, 15, 12, 14], [13, 23, 14, 22], [2, 16, 3, 15], [4, 18, 5, 17], [6, 20, 7, 19], [21, 13, 22, 12], [23, 8, 24, 9], [1, 10, 2, 11], [20, 4, 21, 3]]"
12n_0577_111,"[[20, 4, 21, 3], [18, 6, 19, 5], [16, 8, 17, 7], [9, 24, 10, 1], [11, 15, 12, 14], [13, 23, 14, 22], [2, 16, 3, 15], [4, 18, 5, 17], [6, 20, 7, 19], [21, 13, 22, 12], [23, 8, 24, 9], [1, 10, 2, 11]]"
12n_0577_112,"[[1, 10, 2, 11], [20, 4, 21, 3], [18, 6, 19, 5], [16, 8, 17, 7], [9, 24, 10, 1], [11, 15, 12, 14], [13, 23, 14, 22], [2, 16, 3, 15], [4, 18, 5, 17], [6, 20, 7, 19], [21, 13, 22, 12], [23, 8, 24, 9]]"
12n_0577_113,"[[23, 8, 24, 9], [1, 10, 2, 11], [20, 4, 21, 3], [18, 6, 19, 5], [16, 8, 17, 7], [9, 24, 10, 1], [11, 15, 12, 14], [13, 23, 14, 22], [2, 16, 3, 15], [4, 18, 5, 17], [6, 20, 7, 19], [21, 13, 22, 12]]"
12n_0577_114,"[[21, 13, 22, 12], [23, 8, 24, 9], [1, 10, 2, 11], [20, 4, 21, 3], [18, 6, 19, 5], [16, 8, 17, 7], [9, 24, 10, 1], [11, 15, 12, 14], [13, 23, 14, 22], [2, 16, 3, 15], [4, 18, 5, 17], [6, 20, 7, 19]]"
12n_0577_115,"[[6, 20, 7, 19], [21, 13, 22, 12], [23, 8, 24, 9], [1, 10, 2, 11], [20, 4, 21, 3], [18, 6, 19, 5], [16, 8, 17, 7], [9, 24, 10, 1], [11, 15, 12, 14], [13, 23, 14, 22], [2, 16, 3, 15], [4, 18, 5, 17]]"
12n_0577_116,"[[4, 18, 5, 17], [6, 20, 7, 19], [21, 13, 22, 12], [23, 8, 24, 9], [1, 10, 2, 11], [20, 4, 21, 3], [18, 6, 19, 5], [16, 8, 17, 7], [9, 24, 10, 1], [11, 15, 12, 14], [13, 23, 14, 22], [2, 16, 3, 15]]"
12n_0577_117,"[[2, 16, 3, 15], [4, 18, 5, 17], [6, 20, 7, 19], [21, 13, 22, 12], [23, 8, 24, 9], [1, 10, 2, 11], [20, 4, 21, 3], [18, 6, 19, 5], [16, 8, 17, 7], [9, 24, 10, 1], [11, 15, 12, 14], [13, 23, 14, 22]]"
12n_0577_118,"[[13, 23, 14, 22], [2, 16, 3, 15], [4, 18, 5, 17], [6, 20, 7, 19], [21, 13, 22, 12], [23, 8, 24, 9], [1, 10, 2, 11], [20, 4, 21, 3], [18, 6, 19, 5], [16, 8, 17, 7], [9, 24, 10, 1], [11, 15, 12, 14]]"
12n_0577_119,"[[11, 15, 12, 14], [13, 23, 14, 22], [2, 16, 3, 15], [4, 18, 5, 17], [6, 20, 7, 19], [21, 13, 22, 12], [23, 8, 24, 9], [1, 10, 2, 11], [20, 4, 21, 3], [18, 6, 19, 5], [16, 8, 17, 7], [9, 24, 10, 1]]"
12n_0577_120,"[[10, 1, 11, 2], [12, 16, 13, 15], [14, 24, 15, 23], [3, 17, 4, 16], [5, 19, 6, 18], [7, 21, 8, 20], [22, 14, 23, 13], [24, 9, 1, 10], [2, 11, 3, 12], [21, 5, 22, 4], [19, 7, 20, 6], [17, 9, 18, 8]]"
12n_0577_121,"[[17, 9, 18, 8], [10, 1, 11, 2], [12, 16, 13, 15], [14, 24, 15, 23], [3, 17, 4, 16], [5, 19, 6, 18], [7, 21, 8, 20], [22, 14, 23, 13], [24, 9, 1, 10], [2, 11, 3, 12], [21, 5, 22, 4], [19, 7, 20, 6]]"
12n_0577_122,"[[19, 7, 20, 6], [17, 9, 18, 8], [10, 1, 11, 2], [12, 16, 13, 15], [14, 24, 15, 23], [3, 17, 4, 16], [5, 19, 6, 18], [7, 21, 8, 20], [22, 14, 23, 13], [24, 9, 1, 10], [2, 11, 3, 12], [21, 5, 22, 4]]"
12n_0577_123,"[[21, 5, 22, 4], [19, 7, 20, 6], [17, 9, 18, 8], [10, 1, 11, 2], [12, 16, 13, 15], [14, 24, 15, 23], [3, 17, 4, 16], [5, 19, 6, 18], [7, 21, 8, 20], [22, 14, 23, 13], [24, 9, 1, 10], [2, 11, 3, 12]]"
12n_0577_124,"[[2, 11, 3, 12], [21, 5, 22, 4], [19, 7, 20, 6], [17, 9, 18, 8], [10, 1, 11, 2], [12, 16, 13, 15], [14, 24, 15, 23], [3, 17, 4, 16], [5, 19, 6, 18], [7, 21, 8, 20], [22, 14, 23, 13], [24, 9, 1, 10]]"
12n_0577_125,"[[24, 9, 1, 10], [2, 11, 3, 12], [21, 5, 22, 4], [19, 7, 20, 6], [17, 9, 18, 8], [10, 1, 11, 2], [12, 16, 13, 15], [14, 24, 15, 23], [3, 17, 4, 16], [5, 19, 6, 18], [7, 21, 8, 20], [22, 14, 23, 13]]"
12n_0577_126,"[[22, 14, 23, 13], [24, 9, 1, 10], [2, 11, 3, 12], [21, 5, 22, 4], [19, 7, 20, 6], [17, 9, 18, 8], [10, 1, 11, 2], [12, 16, 13, 15], [14, 24, 15, 23], [3, 17, 4, 16], [5, 19, 6, 18], [7, 21, 8, 20]]"
12n_0577_127,"[[7, 21, 8, 20], [22, 14, 23, 13], [24, 9, 1, 10], [2, 11, 3, 12], [21, 5, 22, 4], [19, 7, 20, 6], [17, 9, 18, 8], [10, 1, 11, 2], [12, 16, 13, 15], [14, 24, 15, 23], [3, 17, 4, 16], [5, 19, 6, 18]]"
12n_0577_128,"[[5, 19, 6, 18], [7, 21, 8, 20], [22, 14, 23, 13], [24, 9, 1, 10], [2, 11, 3, 12], [21, 5, 22, 4], [19, 7, 20, 6], [17, 9, 18, 8], [10, 1, 11, 2], [12, 16, 13, 15], [14, 24, 15, 23], [3, 17, 4, 16]]"
12n_0577_129,"[[3, 17, 4, 16], [5, 19, 6, 18], [7, 21, 8, 20], [22, 14, 23, 13], [24, 9, 1, 10], [2, 11, 3, 12], [21, 5, 22, 4], [19, 7, 20, 6], [17, 9, 18, 8], [10, 1, 11, 2], [12, 16, 13, 15], [14, 24, 15, 23]]"
12n_0577_130,"[[14, 24, 15, 23], [3, 17, 4, 16], [5, 19, 6, 18], [7, 21, 8, 20], [22, 14, 23, 13], [24, 9, 1, 10], [2, 11, 3, 12], [21, 5, 22, 4], [19, 7, 20, 6], [17, 9, 18, 8], [10, 1, 11, 2], [12, 16, 13, 15]]"
12n_0577_131,"[[12, 16, 13, 15], [14, 24, 15, 23], [3, 17, 4, 16], [5, 19, 6, 18], [7, 21, 8, 20], [22, 14, 23, 13], [24, 9, 1, 10], [2, 11, 3, 12], [21, 5, 22, 4], [19, 7, 20, 6], [17, 9, 18, 8], [10, 1, 11, 2]]"
12n_0577_132,"[[11, 2, 12, 3], [13, 17, 14, 16], [15, 1, 16, 24], [4, 18, 5, 17], [6, 20, 7, 19], [8, 22, 9, 21], [23, 15, 24, 14], [1, 10, 2, 11], [3, 12, 4, 13], [22, 6, 23, 5], [20, 8, 21, 7], [18, 10, 19, 9]]"
12n_0577_133,"[[18, 10, 19, 9], [11, 2, 12, 3], [13, 17, 14, 16], [15, 1, 16, 24], [4, 18, 5, 17], [6, 20, 7, 19], [8, 22, 9, 21], [23, 15, 24, 14], [1, 10, 2, 11], [3, 12, 4, 13], [22, 6, 23, 5], [20, 8, 21, 7]]"
12n_0577_134,"[[20, 8, 21, 7], [18, 10, 19, 9], [11, 2, 12, 3], [13, 17, 14, 16], [15, 1, 16, 24], [4, 18, 5, 17], [6, 20, 7, 19], [8, 22, 9, 21], [23, 15, 24, 14], [1, 10, 2, 11], [3, 12, 4, 13], [22, 6, 23, 5]]"
12n_0577_135,"[[22, 6, 23, 5], [20, 8, 21, 7], [18, 10, 19, 9], [11, 2, 12, 3], [13, 17, 14, 16], [15, 1, 16, 24], [4, 18, 5, 17], [6, 20, 7, 19], [8, 22, 9, 21], [23, 15, 24, 14], [1, 10, 2, 11], [3, 12, 4, 13]]"
12n_0577_136,"[[3, 12, 4, 13], [22, 6, 23, 5], [20, 8, 21, 7], [18, 10, 19, 9], [11, 2, 12, 3], [13, 17, 14, 16], [15, 1, 16, 24], [4, 18, 5, 17], [6, 20, 7, 19], [8, 22, 9, 21], [23, 15, 24, 14], [1, 10, 2, 11]]"
12n_0577_137,"[[1, 10, 2, 11], [3, 12, 4, 13], [22, 6, 23, 5], [20, 8, 21, 7], [18, 10, 19, 9], [11, 2, 12, 3], [13, 17, 14, 16], [15, 1, 16, 24], [4, 18, 5, 17], [6, 20, 7, 19], [8, 22, 9, 21], [23, 15, 24, 14]]"
12n_0577_138,"[[23, 15, 24, 14], [1, 10, 2, 11], [3, 12, 4, 13], [22, 6, 23, 5], [20, 8, 21, 7], [18, 10, 19, 9], [11, 2, 12, 3], [13, 17, 14, 16], [15, 1, 16, 24], [4, 18, 5, 17], [6, 20, 7, 19], [8, 22, 9, 21]]"
12n_0577_139,"[[8, 22, 9, 21], [23, 15, 24, 14], [1, 10, 2, 11], [3, 12, 4, 13], [22, 6, 23, 5], [20, 8, 21, 7], [18, 10, 19, 9], [11, 2, 12, 3], [13, 17, 14, 16], [15, 1, 16, 24], [4, 18, 5, 17], [6, 20, 7, 19]]"
12n_0577_140,"[[6, 20, 7, 19], [8, 22, 9, 21], [23, 15, 24, 14], [1, 10, 2, 11], [3, 12, 4, 13], [22, 6, 23, 5], [20, 8, 21, 7], [18, 10, 19, 9], [11, 2, 12, 3], [13, 17, 14, 16], [15, 1, 16, 24], [4, 18, 5, 17]]"
12n_0577_141,"[[4, 18, 5, 17], [6, 20, 7, 19], [8, 22, 9, 21], [23, 15, 24, 14], [1, 10, 2, 11], [3, 12, 4, 13], [22, 6, 23, 5], [20, 8, 21, 7], [18, 10, 19, 9], [11, 2, 12, 3], [13, 17, 14, 16], [15, 1, 16, 24]]"
12n_0577_142,"[[15, 1, 16, 24], [4, 18, 5, 17], [6, 20, 7, 19], [8, 22, 9, 21], [23, 15, 24, 14], [1, 10, 2, 11], [3, 12, 4, 13], [22, 6, 23, 5], [20, 8, 21, 7], [18, 10, 19, 9], [11, 2, 12, 3], [13, 17, 14, 16]]"
12n_0577_143,"[[13, 17, 14, 16], [15, 1, 16, 24], [4, 18, 5, 17], [6, 20, 7, 19], [8, 22, 9, 21], [23, 15, 24, 14], [1, 10, 2, 11], [3, 12, 4, 13], [22, 6, 23, 5], [20, 8, 21, 7], [18, 10, 19, 9], [11, 2, 12, 3]]"
12n_0577_144,"[[12, 3, 13, 4], [14, 18, 15, 17], [16, 2, 17, 1], [5, 19, 6, 18], [7, 21, 8, 20], [9, 23, 10, 22], [24, 16, 1, 15], [2, 11, 3, 12], [4, 13, 5, 14], [23, 7, 24, 6], [21, 9, 22, 8], [19, 11, 20, 10]]"
12n_0577_145,"[[19, 11, 20, 10], [12, 3, 13, 4], [14, 18, 15, 17], [16, 2, 17, 1], [5, 19, 6, 18], [7, 21, 8, 20], [9, 23, 10, 22], [24, 16, 1, 15], [2, 11, 3, 12], [4, 13, 5, 14], [23, 7, 24, 6], [21, 9, 22, 8]]"
12n_0577_146,"[[21, 9, 22, 8], [19, 11, 20, 10], [12, 3, 13, 4], [14, 18, 15, 17], [16, 2, 17, 1], [5, 19, 6, 18], [7, 21, 8, 20], [9, 23, 10, 22], [24, 16, 1, 15], [2, 11, 3, 12], [4, 13, 5, 14], [23, 7, 24, 6]]"
12n_0577_147,"[[23, 7, 24, 6], [21, 9, 22, 8], [19, 11, 20, 10], [12, 3, 13, 4], [14, 18, 15, 17], [16, 2, 17, 1], [5, 19, 6, 18], [7, 21, 8, 20], [9, 23, 10, 22], [24, 16, 1, 15], [2, 11, 3, 12], [4, 13, 5, 14]]"
12n_0577_148,"[[4, 13, 5, 14], [23, 7, 24, 6], [21, 9, 22, 8], [19, 11, 20, 10], [12, 3, 13, 4], [14, 18, 15, 17], [16, 2, 17, 1], [5, 19, 6, 18], [7, 21, 8, 20], [9, 23, 10, 22], [24, 16, 1, 15], [2, 11, 3, 12]]"
12n_0577_149,"[[2, 11, 3, 12], [4, 13, 5, 14], [23, 7, 24, 6], [21, 9, 22, 8], [19, 11, 20, 10], [12, 3, 13, 4], [14, 18, 15, 17], [16, 2, 17, 1], [5, 19, 6, 18], [7, 21, 8, 20], [9, 23, 10, 22], [24, 16, 1, 15]]"
12n_0577_150,"[[24, 16, 1, 15], [2, 11, 3, 12], [4, 13, 5, 14], [23, 7, 24, 6], [21, 9, 22, 8], [19, 11, 20, 10], [12, 3, 13, 4], [14, 18, 15, 17], [16, 2, 17, 1], [5, 19, 6, 18], [7, 21, 8, 20], [9, 23, 10, 22]]"
12n_0577_151,"[[9, 23, 10, 22], [24, 16, 1, 15], [2, 11, 3, 12], [4, 13, 5, 14], [23, 7, 24, 6], [21, 9, 22, 8], [19, 11, 20, 10], [12, 3, 13, 4], [14, 18, 15, 17], [16, 2, 17, 1], [5, 19, 6, 18], [7, 21, 8, 20]]"
12n_0577_152,"[[7, 21, 8, 20], [9, 23, 10, 22], [24, 16, 1, 15], [2, 11, 3, 12], [4, 13, 5, 14], [23, 7, 24, 6], [21, 9, 22, 8], [19, 11, 20, 10], [12, 3, 13, 4], [14, 18, 15, 17], [16, 2, 17, 1], [5, 19, 6, 18]]"
12n_0577_153,"[[5, 19, 6, 18], [7, 21, 8, 20], [9, 23, 10, 22], [24, 16, 1, 15], [2, 11, 3, 12], [4, 13, 5, 14], [23, 7, 24, 6], [21, 9, 22, 8], [19, 11, 20, 10], [12, 3, 13, 4], [14, 18, 15, 17], [16, 2, 17, 1]]"
12n_0577_154,"[[16, 2, 17, 1], [5, 19, 6, 18], [7, 21, 8, 20], [9, 23, 10, 22], [24, 16, 1, 15], [2, 11, 3, 12], [4, 13, 5, 14], [23, 7, 24, 6], [21, 9, 22, 8], [19, 11, 20, 10], [12, 3, 13, 4], [14, 18, 15, 17]]"
12n_0577_155,"[[14, 18, 15, 17], [16, 2, 17, 1], [5, 19, 6, 18], [7, 21, 8, 20], [9, 23, 10, 22], [24, 16, 1, 15], [2, 11, 3, 12], [4, 13, 5, 14], [23, 7, 24, 6], [21, 9, 22, 8], [19, 11, 20, 10], [12, 3, 13, 4]]"
12n_0577_156,"[[13, 4, 14, 5], [15, 19, 16, 18], [17, 3, 18, 2], [6, 20, 7, 19], [8, 22, 9, 21], [10, 24, 11, 23], [1, 17, 2, 16], [3, 12, 4, 13], [5, 14, 6, 15], [24, 8, 1, 7], [22, 10, 23, 9], [20, 12, 21, 11]]"
12n_0577_157,"[[20, 12, 21, 11], [13, 4, 14, 5], [15, 19, 16, 18], [17, 3, 18, 2], [6, 20, 7, 19], [8, 22, 9, 21], [10, 24, 11, 23], [1, 17, 2, 16], [3, 12, 4, 13], [5, 14, 6, 15], [24, 8, 1, 7], [22, 10, 23, 9]]"
12n_0577_158,"[[22, 10, 23, 9], [20, 12, 21, 11], [13, 4, 14, 5], [15, 19, 16, 18], [17, 3, 18, 2], [6, 20, 7, 19], [8, 22, 9, 21], [10, 24, 11, 23], [1, 17, 2, 16], [3, 12, 4, 13], [5, 14, 6, 15], [24, 8, 1, 7]]"
12n_0577_159,"[[24, 8, 1, 7], [22, 10, 23, 9], [20, 12, 21, 11], [13, 4, 14, 5], [15, 19, 16, 18], [17, 3, 18, 2], [6, 20, 7, 19], [8, 22, 9, 21], [10, 24, 11, 23], [1, 17, 2, 16], [3, 12, 4, 13], [5, 14, 6, 15]]"
12n_0577_160,"[[5, 14, 6, 15], [24, 8, 1, 7], [22, 10, 23, 9], [20, 12, 21, 11], [13, 4, 14, 5], [15, 19, 16, 18], [17, 3, 18, 2], [6, 20, 7, 19], [8, 22, 9, 21], [10, 24, 11, 23], [1, 17, 2, 16], [3, 12, 4, 13]]"
12n_0577_161,"[[3, 12, 4, 13], [5, 14, 6, 15], [24, 8, 1, 7], [22, 10, 23, 9], [20, 12, 21, 11], [13, 4, 14, 5], [15, 19, 16, 18], [17, 3, 18, 2], [6, 20, 7, 19], [8, 22, 9, 21], [10, 24, 11, 23], [1, 17, 2, 16]]"
12n_0577_162,"[[1, 17, 2, 16], [3, 12, 4, 13], [5, 14, 6, 15], [24, 8, 1, 7], [22, 10, 23, 9], [20, 12, 21, 11], [13, 4, 14, 5], [15, 19, 16, 18], [17, 3, 18, 2], [6, 20, 7, 19], [8, 22, 9, 21], [10, 24, 11, 23]]"
12n_0577_163,"[[10, 24, 11, 23], [1, 17, 2, 16], [3, 12, 4, 13], [5, 14, 6, 15], [24, 8, 1, 7], [22, 10, 23, 9], [20, 12, 21, 11], [13, 4, 14, 5], [15, 19, 16, 18], [17, 3, 18, 2], [6, 20, 7, 19], [8, 22, 9, 21]]"
12n_0577_164,"[[8, 22, 9, 21], [10, 24, 11, 23], [1, 17, 2, 16], [3, 12, 4, 13], [5, 14, 6, 15], [24, 8, 1, 7], [22, 10, 23, 9], [20, 12, 21, 11], [13, 4, 14, 5], [15, 19, 16, 18], [17, 3, 18, 2], [6, 20, 7, 19]]"
12n_0577_165,"[[6, 20, 7, 19], [8, 22, 9, 21], [10, 24, 11, 23], [1, 17, 2, 16], [3, 12, 4, 13], [5, 14, 6, 15], [24, 8, 1, 7], [22, 10, 23, 9], [20, 12, 21, 11], [13, 4, 14, 5], [15, 19, 16, 18], [17, 3, 18, 2]]"
12n_0577_166,"[[17, 3, 18, 2], [6, 20, 7, 19], [8, 22, 9, 21], [10, 24, 11, 23], [1, 17, 2, 16], [3, 12, 4, 13], [5, 14, 6, 15], [24, 8, 1, 7], [22, 10, 23, 9], [20, 12, 21, 11], [13, 4, 14, 5], [15, 19, 16, 18]]"
12n_0577_167,"[[15, 19, 16, 18], [17, 3, 18, 2], [6, 20, 7, 19], [8, 22, 9, 21], [10, 24, 11, 23], [1, 17, 2, 16], [3, 12, 4, 13], [5, 14, 6, 15], [24, 8, 1, 7], [22, 10, 23, 9], [20, 12, 21, 11], [13, 4, 14, 5]]"
12n_0577_168,"[[14, 5, 15, 6], [16, 20, 17, 19], [18, 4, 19, 3], [7, 21, 8, 20], [9, 23, 10, 22], [11, 1, 12, 24], [2, 18, 3, 17], [4, 13, 5, 14], [6, 15, 7, 16], [1, 9, 2, 8], [23, 11, 24, 10], [21, 13, 22, 12]]"
12n_0577_169,"[[21, 13, 22, 12], [14, 5, 15, 6], [16, 20, 17, 19], [18, 4, 19, 3], [7, 21, 8, 20], [9, 23, 10, 22], [11, 1, 12, 24], [2, 18, 3, 17], [4, 13, 5, 14], [6, 15, 7, 16], [1, 9, 2, 8], [23, 11, 24, 10]]"
12n_0577_170,"[[23, 11, 24, 10], [21, 13, 22, 12], [14, 5, 15, 6], [16, 20, 17, 19], [18, 4, 19, 3], [7, 21, 8, 20], [9, 23, 10, 22], [11, 1, 12, 24], [2, 18, 3, 17], [4, 13, 5, 14], [6, 15, 7, 16], [1, 9, 2, 8]]"
12n_0577_171,"[[1, 9, 2, 8], [23, 11, 24, 10], [21, 13, 22, 12], [14, 5, 15, 6], [16, 20, 17, 19], [18, 4, 19, 3], [7, 21, 8, 20], [9, 23, 10, 22], [11, 1, 12, 24], [2, 18, 3, 17], [4, 13, 5, 14], [6, 15, 7, 16]]"
12n_0577_172,"[[6, 15, 7, 16], [1, 9, 2, 8], [23, 11, 24, 10], [21, 13, 22, 12], [14, 5, 15, 6], [16, 20, 17, 19], [18, 4, 19, 3], [7, 21, 8, 20], [9, 23, 10, 22], [11, 1, 12, 24], [2, 18, 3, 17], [4, 13, 5, 14]]"
12n_0577_173,"[[4, 13, 5, 14], [6, 15, 7, 16], [1, 9, 2, 8], [23, 11, 24, 10], [21, 13, 22, 12], [14, 5, 15, 6], [16, 20, 17, 19], [18, 4, 19, 3], [7, 21, 8, 20], [9, 23, 10, 22], [11, 1, 12, 24], [2, 18, 3, 17]]"
12n_0577_174,"[[2, 18, 3, 17], [4, 13, 5, 14], [6, 15, 7, 16], [1, 9, 2, 8], [23, 11, 24, 10], [21, 13, 22, 12], [14, 5, 15, 6], [16, 20, 17, 19], [18, 4, 19, 3], [7, 21, 8, 20], [9, 23, 10, 22], [11, 1, 12, 24]]"
12n_0577_175,"[[11, 1, 12, 24], [2, 18, 3, 17], [4, 13, 5, 14], [6, 15, 7, 16], [1, 9, 2, 8], [23, 11, 24, 10], [21, 13, 22, 12], [14, 5, 15, 6], [16, 20, 17, 19], [18, 4, 19, 3], [7, 21, 8, 20], [9, 23, 10, 22]]"
12n_0577_176,"[[9, 23, 10, 22], [11, 1, 12, 24], [2, 18, 3, 17], [4, 13, 5, 14], [6, 15, 7, 16], [1, 9, 2, 8], [23, 11, 24, 10], [21, 13, 22, 12], [14, 5, 15, 6], [16, 20, 17, 19], [18, 4, 19, 3], [7, 21, 8, 20]]"
12n_0577_177,"[[7, 21, 8, 20], [9, 23, 10, 22], [11, 1, 12, 24], [2, 18, 3, 17], [4, 13, 5, 14], [6, 15, 7, 16], [1, 9, 2, 8], [23, 11, 24, 10], [21, 13, 22, 12], [14, 5, 15, 6], [16, 20, 17, 19], [18, 4, 19, 3]]"
12n_0577_178,"[[18, 4, 19, 3], [7, 21, 8, 20], [9, 23, 10, 22], [11, 1, 12, 24], [2, 18, 3, 17], [4, 13, 5, 14], [6, 15, 7, 16], [1, 9, 2, 8], [23, 11, 24, 10], [21, 13, 22, 12], [14, 5, 15, 6], [16, 20, 17, 19]]"
12n_0577_179,"[[16, 20, 17, 19], [18, 4, 19, 3], [7, 21, 8, 20], [9, 23, 10, 22], [11, 1, 12, 24], [2, 18, 3, 17], [4, 13, 5, 14], [6, 15, 7, 16], [1, 9, 2, 8], [23, 11, 24, 10], [21, 13, 22, 12], [14, 5, 15, 6]]"
12n_0577_180,"[[15, 6, 16, 7], [17, 21, 18, 20], [19, 5, 20, 4], [8, 22, 9, 21], [10, 24, 11, 23], [12, 2, 13, 1], [3, 19, 4, 18], [5, 14, 6, 15], [7, 16, 8, 17], [2, 10, 3, 9], [24, 12, 1, 11], [22, 14, 23, 13]]"
12n_0577_181,"[[22, 14, 23, 13], [15, 6, 16, 7], [17, 21, 18, 20], [19, 5, 20, 4], [8, 22, 9, 21], [10, 24, 11, 23], [12, 2, 13, 1], [3, 19, 4, 18], [5, 14, 6, 15], [7, 16, 8, 17], [2, 10, 3, 9], [24, 12, 1, 11]]"
12n_0577_182,"[[24, 12, 1, 11], [22, 14, 23, 13], [15, 6, 16, 7], [17, 21, 18, 20], [19, 5, 20, 4], [8, 22, 9, 21], [10, 24, 11, 23], [12, 2, 13, 1], [3, 19, 4, 18], [5, 14, 6, 15], [7, 16, 8, 17], [2, 10, 3, 9]]"
12n_0577_183,"[[2, 10, 3, 9], [24, 12, 1, 11], [22, 14, 23, 13], [15, 6, 16, 7], [17, 21, 18, 20], [19, 5, 20, 4], [8, 22, 9, 21], [10, 24, 11, 23], [12, 2, 13, 1], [3, 19, 4, 18], [5, 14, 6, 15], [7, 16, 8, 17]]"
12n_0577_184,"[[7, 16, 8, 17], [2, 10, 3, 9], [24, 12, 1, 11], [22, 14, 23, 13], [15, 6, 16, 7], [17, 21, 18, 20], [19, 5, 20, 4], [8, 22, 9, 21], [10, 24, 11, 23], [12, 2, 13, 1], [3, 19, 4, 18], [5, 14, 6, 15]]"
12n_0577_185,"[[5, 14, 6, 15], [7, 16, 8, 17], [2, 10, 3, 9], [24, 12, 1, 11], [22, 14, 23, 13], [15, 6, 16, 7], [17, 21, 18, 20], [19, 5, 20, 4], [8, 22, 9, 21], [10, 24, 11, 23], [12, 2, 13, 1], [3, 19, 4, 18]]"
