name,pd_notation
12n_0462_0,"[[9, 1, 10, 24], [2, 6, 3, 5], [4, 11, 5, 12], [17, 7, 18, 6], [8, 16, 9, 15], [19, 10, 20, 11], [12, 3, 13, 4], [14, 23, 15, 24], [21, 16, 22, 17], [13, 18, 14, 19], [1, 21, 2, 20], [22, 8, 23, 7]]"
12n_0462_1,"[[22, 8, 23, 7], [9, 1, 10, 24], [2, 6, 3, 5], [4, 11, 5, 12], [17, 7, 18, 6], [8, 16, 9, 15], [19, 10, 20, 11], [12, 3, 13, 4], [14, 23, 15, 24], [21, 16, 22, 17], [13, 18, 14, 19], [1, 21, 2, 20]]"
12n_0462_2,"[[1, 21, 2, 20], [22, 8, 23, 7], [9, 1, 10, 24], [2, 6, 3, 5], [4, 11, 5, 12], [17, 7, 18, 6], [8, 16, 9, 15], [19, 10, 20, 11], [12, 3, 13, 4], [14, 23, 15, 24], [21, 16, 22, 17], [13, 18, 14, 19]]"
12n_0462_3,"[[13, 18, 14, 19], [1, 21, 2, 20], [22, 8, 23, 7], [9, 1, 10, 24], [2, 6, 3, 5], [4, 11, 5, 12], [17, 7, 18, 6], [8, 16, 9, 15], [19, 10, 20, 11], [12, 3, 13, 4], [14, 23, 15, 24], [21, 16, 22, 17]]"
12n_0462_4,"[[21, 16, 22, 17], [13, 18, 14, 19], [1, 21, 2, 20], [22, 8, 23, 7], [9, 1, 10, 24], [2, 6, 3, 5], [4, 11, 5, 12], [17, 7, 18, 6], [8, 16, 9, 15], [19, 10, 20, 11], [12, 3, 13, 4], [14, 23, 15, 24]]"
12n_0462_5,"[[14, 23, 15, 24], [21, 16, 22, 17], [13, 18, 14, 19], [1, 21, 2, 20], [22, 8, 23, 7], [9, 1, 10, 24], [2, 6, 3, 5], [4, 11, 5, 12], [17, 7, 18, 6], [8, 16, 9, 15], [19, 10, 20, 11], [12, 3, 13, 4]]"
12n_0462_6,"[[12, 3, 13, 4], [14, 23, 15, 24], [21, 16, 22, 17], [13, 18, 14, 19], [1, 21, 2, 20], [22, 8, 23, 7], [9, 1, 10, 24], [2, 6, 3, 5], [4, 11, 5, 12], [17, 7, 18, 6], [8, 16, 9, 15], [19, 10, 20, 11]]"
12n_0462_7,"[[19, 10, 20, 11], [12, 3, 13, 4], [14, 23, 15, 24], [21, 16, 22, 17], [13, 18, 14, 19], [1, 21, 2, 20], [22, 8, 23, 7], [9, 1, 10, 24], [2, 6, 3, 5], [4, 11, 5, 12], [17, 7, 18, 6], [8, 16, 9, 15]]"
12n_0462_8,"[[8, 16, 9, 15], [19, 10, 20, 11], [12, 3, 13, 4], [14, 23, 15, 24], [21, 16, 22, 17], [13, 18, 14, 19], [1, 21, 2, 20], [22, 8, 23, 7], [9, 1, 10, 24], [2, 6, 3, 5], [4, 11, 5, 12], [17, 7, 18, 6]]"
12n_0462_9,"[[17, 7, 18, 6], [8, 16, 9, 15], [19, 10, 20, 11], [12, 3, 13, 4], [14, 23, 15, 24], [21, 16, 22, 17], [13, 18, 14, 19], [1, 21, 2, 20], [22, 8, 23, 7], [9, 1, 10, 24], [2, 6, 3, 5], [4, 11, 5, 12]]"
12n_0462_10,"[[4, 11, 5, 12], [17, 7, 18, 6], [8, 16, 9, 15], [19, 10, 20, 11], [12, 3, 13, 4], [14, 23, 15, 24], [21, 16, 22, 17], [13, 18, 14, 19], [1, 21, 2, 20], [22, 8, 23, 7], [9, 1, 10, 24], [2, 6, 3, 5]]"
12n_0462_11,"[[2, 6, 3, 5], [4, 11, 5, 12], [17, 7, 18, 6], [8, 16, 9, 15], [19, 10, 20, 11], [12, 3, 13, 4], [14, 23, 15, 24], [21, 16, 22, 17], [13, 18, 14, 19], [1, 21, 2, 20], [22, 8, 23, 7], [9, 1, 10, 24]]"
12n_0462_12,"[[10, 2, 11, 1], [3, 7, 4, 6], [5, 12, 6, 13], [18, 8, 19, 7], [9, 17, 10, 16], [20, 11, 21, 12], [13, 4, 14, 5], [15, 24, 16, 1], [22, 17, 23, 18], [14, 19, 15, 20], [2, 22, 3, 21], [23, 9, 24, 8]]"
12n_0462_13,"[[23, 9, 24, 8], [10, 2, 11, 1], [3, 7, 4, 6], [5, 12, 6, 13], [18, 8, 19, 7], [9, 17, 10, 16], [20, 11, 21, 12], [13, 4, 14, 5], [15, 24, 16, 1], [22, 17, 23, 18], [14, 19, 15, 20], [2, 22, 3, 21]]"
12n_0462_14,"[[2, 22, 3, 21], [23, 9, 24, 8], [10, 2, 11, 1], [3, 7, 4, 6], [5, 12, 6, 13], [18, 8, 19, 7], [9, 17, 10, 16], [20, 11, 21, 12], [13, 4, 14, 5], [15, 24, 16, 1], [22, 17, 23, 18], [14, 19, 15, 20]]"
12n_0462_15,"[[14, 19, 15, 20], [2, 22, 3, 21], [23, 9, 24, 8], [10, 2, 11, 1], [3, 7, 4, 6], [5, 12, 6, 13], [18, 8, 19, 7], [9, 17, 10, 16], [20, 11, 21, 12], [13, 4, 14, 5], [15, 24, 16, 1], [22, 17, 23, 18]]"
12n_0462_16,"[[22, 17, 23, 18], [14, 19, 15, 20], [2, 22, 3, 21], [23, 9, 24, 8], [10, 2, 11, 1], [3, 7, 4, 6], [5, 12, 6, 13], [18, 8, 19, 7], [9, 17, 10, 16], [20, 11, 21, 12], [13, 4, 14, 5], [15, 24, 16, 1]]"
12n_0462_17,"[[15, 24, 16, 1], [22, 17, 23, 18], [14, 19, 15, 20], [2, 22, 3, 21], [23, 9, 24, 8], [10, 2, 11, 1], [3, 7, 4, 6], [5, 12, 6, 13], [18, 8, 19, 7], [9, 17, 10, 16], [20, 11, 21, 12], [13, 4, 14, 5]]"
12n_0462_18,"[[13, 4, 14, 5], [15, 24, 16, 1], [22, 17, 23, 18], [14, 19, 15, 20], [2, 22, 3, 21], [23, 9, 24, 8], [10, 2, 11, 1], [3, 7, 4, 6], [5, 12, 6, 13], [18, 8, 19, 7], [9, 17, 10, 16], [20, 11, 21, 12]]"
12n_0462_19,"[[20, 11, 21, 12], [13, 4, 14, 5], [15, 24, 16, 1], [22, 17, 23, 18], [14, 19, 15, 20], [2, 22, 3, 21], [23, 9, 24, 8], [10, 2, 11, 1], [3, 7, 4, 6], [5, 12, 6, 13], [18, 8, 19, 7], [9, 17, 10, 16]]"
12n_0462_20,"[[9, 17, 10, 16], [20, 11, 21, 12], [13, 4, 14, 5], [15, 24, 16, 1], [22, 17, 23, 18], [14, 19, 15, 20], [2, 22, 3, 21], [23, 9, 24, 8], [10, 2, 11, 1], [3, 7, 4, 6], [5, 12, 6, 13], [18, 8, 19, 7]]"
12n_0462_21,"[[18, 8, 19, 7], [9, 17, 10, 16], [20, 11, 21, 12], [13, 4, 14, 5], [15, 24, 16, 1], [22, 17, 23, 18], [14, 19, 15, 20], [2, 22, 3, 21], [23, 9, 24, 8], [10, 2, 11, 1], [3, 7, 4, 6], [5, 12, 6, 13]]"
12n_0462_22,"[[5, 12, 6, 13], [18, 8, 19, 7], [9, 17, 10, 16], [20, 11, 21, 12], [13, 4, 14, 5], [15, 24, 16, 1], [22, 17, 23, 18], [14, 19, 15, 20], [2, 22, 3, 21], [23, 9, 24, 8], [10, 2, 11, 1], [3, 7, 4, 6]]"
12n_0462_23,"[[3, 7, 4, 6], [5, 12, 6, 13], [18, 8, 19, 7], [9, 17, 10, 16], [20, 11, 21, 12], [13, 4, 14, 5], [15, 24, 16, 1], [22, 17, 23, 18], [14, 19, 15, 20], [2, 22, 3, 21], [23, 9, 24, 8], [10, 2, 11, 1]]"
12n_0462_24,"[[11, 3, 12, 2], [4, 8, 5, 7], [6, 13, 7, 14], [19, 9, 20, 8], [10, 18, 11, 17], [21, 12, 22, 13], [14, 5, 15, 6], [16, 1, 17, 2], [23, 18, 24, 19], [15, 20, 16, 21], [3, 23, 4, 22], [24, 10, 1, 9]]"
12n_0462_25,"[[24, 10, 1, 9], [11, 3, 12, 2], [4, 8, 5, 7], [6, 13, 7, 14], [19, 9, 20, 8], [10, 18, 11, 17], [21, 12, 22, 13], [14, 5, 15, 6], [16, 1, 17, 2], [23, 18, 24, 19], [15, 20, 16, 21], [3, 23, 4, 22]]"
12n_0462_26,"[[3, 23, 4, 22], [24, 10, 1, 9], [11, 3, 12, 2], [4, 8, 5, 7], [6, 13, 7, 14], [19, 9, 20, 8], [10, 18, 11, 17], [21, 12, 22, 13], [14, 5, 15, 6], [16, 1, 17, 2], [23, 18, 24, 19], [15, 20, 16, 21]]"
12n_0462_27,"[[15, 20, 16, 21], [3, 23, 4, 22], [24, 10, 1, 9], [11, 3, 12, 2], [4, 8, 5, 7], [6, 13, 7, 14], [19, 9, 20, 8], [10, 18, 11, 17], [21, 12, 22, 13], [14, 5, 15, 6], [16, 1, 17, 2], [23, 18, 24, 19]]"
12n_0462_28,"[[23, 18, 24, 19], [15, 20, 16, 21], [3, 23, 4, 22], [24, 10, 1, 9], [11, 3, 12, 2], [4, 8, 5, 7], [6, 13, 7, 14], [19, 9, 20, 8], [10, 18, 11, 17], [21, 12, 22, 13], [14, 5, 15, 6], [16, 1, 17, 2]]"
12n_0462_29,"[[16, 1, 17, 2], [23, 18, 24, 19], [15, 20, 16, 21], [3, 23, 4, 22], [24, 10, 1, 9], [11, 3, 12, 2], [4, 8, 5, 7], [6, 13, 7, 14], [19, 9, 20, 8], [10, 18, 11, 17], [21, 12, 22, 13], [14, 5, 15, 6]]"
12n_0462_30,"[[14, 5, 15, 6], [16, 1, 17, 2], [23, 18, 24, 19], [15, 20, 16, 21], [3, 23, 4, 22], [24, 10, 1, 9], [11, 3, 12, 2], [4, 8, 5, 7], [6, 13, 7, 14], [19, 9, 20, 8], [10, 18, 11, 17], [21, 12, 22, 13]]"
12n_0462_31,"[[21, 12, 22, 13], [14, 5, 15, 6], [16, 1, 17, 2], [23, 18, 24, 19], [15, 20, 16, 21], [3, 23, 4, 22], [24, 10, 1, 9], [11, 3, 12, 2], [4, 8, 5, 7], [6, 13, 7, 14], [19, 9, 20, 8], [10, 18, 11, 17]]"
12n_0462_32,"[[10, 18, 11, 17], [21, 12, 22, 13], [14, 5, 15, 6], [16, 1, 17, 2], [23, 18, 24, 19], [15, 20, 16, 21], [3, 23, 4, 22], [24, 10, 1, 9], [11, 3, 12, 2], [4, 8, 5, 7], [6, 13, 7, 14], [19, 9, 20, 8]]"
12n_0462_33,"[[19, 9, 20, 8], [10, 18, 11, 17], [21, 12, 22, 13], [14, 5, 15, 6], [16, 1, 17, 2], [23, 18, 24, 19], [15, 20, 16, 21], [3, 23, 4, 22], [24, 10, 1, 9], [11, 3, 12, 2], [4, 8, 5, 7], [6, 13, 7, 14]]"
12n_0462_34,"[[6, 13, 7, 14], [19, 9, 20, 8], [10, 18, 11, 17], [21, 12, 22, 13], [14, 5, 15, 6], [16, 1, 17, 2], [23, 18, 24, 19], [15, 20, 16, 21], [3, 23, 4, 22], [24, 10, 1, 9], [11, 3, 12, 2], [4, 8, 5, 7]]"
12n_0462_35,"[[4, 8, 5, 7], [6, 13, 7, 14], [19, 9, 20, 8], [10, 18, 11, 17], [21, 12, 22, 13], [14, 5, 15, 6], [16, 1, 17, 2], [23, 18, 24, 19], [15, 20, 16, 21], [3, 23, 4, 22], [24, 10, 1, 9], [11, 3, 12, 2]]"
12n_0462_36,"[[12, 4, 13, 3], [5, 9, 6, 8], [7, 14, 8, 15], [20, 10, 21, 9], [11, 19, 12, 18], [22, 13, 23, 14], [15, 6, 16, 7], [17, 2, 18, 3], [24, 19, 1, 20], [16, 21, 17, 22], [4, 24, 5, 23], [1, 11, 2, 10]]"
12n_0462_37,"[[1, 11, 2, 10], [12, 4, 13, 3], [5, 9, 6, 8], [7, 14, 8, 15], [20, 10, 21, 9], [11, 19, 12, 18], [22, 13, 23, 14], [15, 6, 16, 7], [17, 2, 18, 3], [24, 19, 1, 20], [16, 21, 17, 22], [4, 24, 5, 23]]"
12n_0462_38,"[[4, 24, 5, 23], [1, 11, 2, 10], [12, 4, 13, 3], [5, 9, 6, 8], [7, 14, 8, 15], [20, 10, 21, 9], [11, 19, 12, 18], [22, 13, 23, 14], [15, 6, 16, 7], [17, 2, 18, 3], [24, 19, 1, 20], [16, 21, 17, 22]]"
12n_0462_39,"[[16, 21, 17, 22], [4, 24, 5, 23], [1, 11, 2, 10], [12, 4, 13, 3], [5, 9, 6, 8], [7, 14, 8, 15], [20, 10, 21, 9], [11, 19, 12, 18], [22, 13, 23, 14], [15, 6, 16, 7], [17, 2, 18, 3], [24, 19, 1, 20]]"
12n_0462_40,"[[24, 19, 1, 20], [16, 21, 17, 22], [4, 24, 5, 23], [1, 11, 2, 10], [12, 4, 13, 3], [5, 9, 6, 8], [7, 14, 8, 15], [20, 10, 21, 9], [11, 19, 12, 18], [22, 13, 23, 14], [15, 6, 16, 7], [17, 2, 18, 3]]"
12n_0462_41,"[[17, 2, 18, 3], [24, 19, 1, 20], [16, 21, 17, 22], [4, 24, 5, 23], [1, 11, 2, 10], [12, 4, 13, 3], [5, 9, 6, 8], [7, 14, 8, 15], [20, 10, 21, 9], [11, 19, 12, 18], [22, 13, 23, 14], [15, 6, 16, 7]]"
12n_0462_42,"[[15, 6, 16, 7], [17, 2, 18, 3], [24, 19, 1, 20], [16, 21, 17, 22], [4, 24, 5, 23], [1, 11, 2, 10], [12, 4, 13, 3], [5, 9, 6, 8], [7, 14, 8, 15], [20, 10, 21, 9], [11, 19, 12, 18], [22, 13, 23, 14]]"
12n_0462_43,"[[22, 13, 23, 14], [15, 6, 16, 7], [17, 2, 18, 3], [24, 19, 1, 20], [16, 21, 17, 22], [4, 24, 5, 23], [1, 11, 2, 10], [12, 4, 13, 3], [5, 9, 6, 8], [7, 14, 8, 15], [20, 10, 21, 9], [11, 19, 12, 18]]"
12n_0462_44,"[[11, 19, 12, 18], [22, 13, 23, 14], [15, 6, 16, 7], [17, 2, 18, 3], [24, 19, 1, 20], [16, 21, 17, 22], [4, 24, 5, 23], [1, 11, 2, 10], [12, 4, 13, 3], [5, 9, 6, 8], [7, 14, 8, 15], [20, 10, 21, 9]]"
12n_0462_45,"[[20, 10, 21, 9], [11, 19, 12, 18], [22, 13, 23, 14], [15, 6, 16, 7], [17, 2, 18, 3], [24, 19, 1, 20], [16, 21, 17, 22], [4, 24, 5, 23], [1, 11, 2, 10], [12, 4, 13, 3], [5, 9, 6, 8], [7, 14, 8, 15]]"
12n_0462_46,"[[7, 14, 8, 15], [20, 10, 21, 9], [11, 19, 12, 18], [22, 13, 23, 14], [15, 6, 16, 7], [17, 2, 18, 3], [24, 19, 1, 20], [16, 21, 17, 22], [4, 24, 5, 23], [1, 11, 2, 10], [12, 4, 13, 3], [5, 9, 6, 8]]"
12n_0462_47,"[[5, 9, 6, 8], [7, 14, 8, 15], [20, 10, 21, 9], [11, 19, 12, 18], [22, 13, 23, 14], [15, 6, 16, 7], [17, 2, 18, 3], [24, 19, 1, 20], [16, 21, 17, 22], [4, 24, 5, 23], [1, 11, 2, 10], [12, 4, 13, 3]]"
12n_0462_48,"[[13, 5, 14, 4], [6, 10, 7, 9], [8, 15, 9, 16], [21, 11, 22, 10], [12, 20, 13, 19], [23, 14, 24, 15], [16, 7, 17, 8], [18, 3, 19, 4], [1, 20, 2, 21], [17, 22, 18, 23], [5, 1, 6, 24], [2, 12, 3, 11]]"
12n_0462_49,"[[2, 12, 3, 11], [13, 5, 14, 4], [6, 10, 7, 9], [8, 15, 9, 16], [21, 11, 22, 10], [12, 20, 13, 19], [23, 14, 24, 15], [16, 7, 17, 8], [18, 3, 19, 4], [1, 20, 2, 21], [17, 22, 18, 23], [5, 1, 6, 24]]"
12n_0462_50,"[[5, 1, 6, 24], [2, 12, 3, 11], [13, 5, 14, 4], [6, 10, 7, 9], [8, 15, 9, 16], [21, 11, 22, 10], [12, 20, 13, 19], [23, 14, 24, 15], [16, 7, 17, 8], [18, 3, 19, 4], [1, 20, 2, 21], [17, 22, 18, 23]]"
12n_0462_51,"[[17, 22, 18, 23], [5, 1, 6, 24], [2, 12, 3, 11], [13, 5, 14, 4], [6, 10, 7, 9], [8, 15, 9, 16], [21, 11, 22, 10], [12, 20, 13, 19], [23, 14, 24, 15], [16, 7, 17, 8], [18, 3, 19, 4], [1, 20, 2, 21]]"
12n_0462_52,"[[1, 20, 2, 21], [17, 22, 18, 23], [5, 1, 6, 24], [2, 12, 3, 11], [13, 5, 14, 4], [6, 10, 7, 9], [8, 15, 9, 16], [21, 11, 22, 10], [12, 20, 13, 19], [23, 14, 24, 15], [16, 7, 17, 8], [18, 3, 19, 4]]"
12n_0462_53,"[[18, 3, 19, 4], [1, 20, 2, 21], [17, 22, 18, 23], [5, 1, 6, 24], [2, 12, 3, 11], [13, 5, 14, 4], [6, 10, 7, 9], [8, 15, 9, 16], [21, 11, 22, 10], [12, 20, 13, 19], [23, 14, 24, 15], [16, 7, 17, 8]]"
12n_0462_54,"[[16, 7, 17, 8], [18, 3, 19, 4], [1, 20, 2, 21], [17, 22, 18, 23], [5, 1, 6, 24], [2, 12, 3, 11], [13, 5, 14, 4], [6, 10, 7, 9], [8, 15, 9, 16], [21, 11, 22, 10], [12, 20, 13, 19], [23, 14, 24, 15]]"
12n_0462_55,"[[23, 14, 24, 15], [16, 7, 17, 8], [18, 3, 19, 4], [1, 20, 2, 21], [17, 22, 18, 23], [5, 1, 6, 24], [2, 12, 3, 11], [13, 5, 14, 4], [6, 10, 7, 9], [8, 15, 9, 16], [21, 11, 22, 10], [12, 20, 13, 19]]"
12n_0462_56,"[[12, 20, 13, 19], [23, 14, 24, 15], [16, 7, 17, 8], [18, 3, 19, 4], [1, 20, 2, 21], [17, 22, 18, 23], [5, 1, 6, 24], [2, 12, 3, 11], [13, 5, 14, 4], [6, 10, 7, 9], [8, 15, 9, 16], [21, 11, 22, 10]]"
12n_0462_57,"[[21, 11, 22, 10], [12, 20, 13, 19], [23, 14, 24, 15], [16, 7, 17, 8], [18, 3, 19, 4], [1, 20, 2, 21], [17, 22, 18, 23], [5, 1, 6, 24], [2, 12, 3, 11], [13, 5, 14, 4], [6, 10, 7, 9], [8, 15, 9, 16]]"
12n_0462_58,"[[8, 15, 9, 16], [21, 11, 22, 10], [12, 20, 13, 19], [23, 14, 24, 15], [16, 7, 17, 8], [18, 3, 19, 4], [1, 20, 2, 21], [17, 22, 18, 23], [5, 1, 6, 24], [2, 12, 3, 11], [13, 5, 14, 4], [6, 10, 7, 9]]"
12n_0462_59,"[[6, 10, 7, 9], [8, 15, 9, 16], [21, 11, 22, 10], [12, 20, 13, 19], [23, 14, 24, 15], [16, 7, 17, 8], [18, 3, 19, 4], [1, 20, 2, 21], [17, 22, 18, 23], [5, 1, 6, 24], [2, 12, 3, 11], [13, 5, 14, 4]]"
12n_0462_60,"[[14, 6, 15, 5], [7, 11, 8, 10], [9, 16, 10, 17], [22, 12, 23, 11], [13, 21, 14, 20], [24, 15, 1, 16], [17, 8, 18, 9], [19, 4, 20, 5], [2, 21, 3, 22], [18, 23, 19, 24], [6, 2, 7, 1], [3, 13, 4, 12]]"
12n_0462_61,"[[3, 13, 4, 12], [14, 6, 15, 5], [7, 11, 8, 10], [9, 16, 10, 17], [22, 12, 23, 11], [13, 21, 14, 20], [24, 15, 1, 16], [17, 8, 18, 9], [19, 4, 20, 5], [2, 21, 3, 22], [18, 23, 19, 24], [6, 2, 7, 1]]"
12n_0462_62,"[[6, 2, 7, 1], [3, 13, 4, 12], [14, 6, 15, 5], [7, 11, 8, 10], [9, 16, 10, 17], [22, 12, 23, 11], [13, 21, 14, 20], [24, 15, 1, 16], [17, 8, 18, 9], [19, 4, 20, 5], [2, 21, 3, 22], [18, 23, 19, 24]]"
12n_0462_63,"[[18, 23, 19, 24], [6, 2, 7, 1], [3, 13, 4, 12], [14, 6, 15, 5], [7, 11, 8, 10], [9, 16, 10, 17], [22, 12, 23, 11], [13, 21, 14, 20], [24, 15, 1, 16], [17, 8, 18, 9], [19, 4, 20, 5], [2, 21, 3, 22]]"
12n_0462_64,"[[2, 21, 3, 22], [18, 23, 19, 24], [6, 2, 7, 1], [3, 13, 4, 12], [14, 6, 15, 5], [7, 11, 8, 10], [9, 16, 10, 17], [22, 12, 23, 11], [13, 21, 14, 20], [24, 15, 1, 16], [17, 8, 18, 9], [19, 4, 20, 5]]"
12n_0462_65,"[[19, 4, 20, 5], [2, 21, 3, 22], [18, 23, 19, 24], [6, 2, 7, 1], [3, 13, 4, 12], [14, 6, 15, 5], [7, 11, 8, 10], [9, 16, 10, 17], [22, 12, 23, 11], [13, 21, 14, 20], [24, 15, 1, 16], [17, 8, 18, 9]]"
12n_0462_66,"[[17, 8, 18, 9], [19, 4, 20, 5], [2, 21, 3, 22], [18, 23, 19, 24], [6, 2, 7, 1], [3, 13, 4, 12], [14, 6, 15, 5], [7, 11, 8, 10], [9, 16, 10, 17], [22, 12, 23, 11], [13, 21, 14, 20], [24, 15, 1, 16]]"
12n_0462_67,"[[24, 15, 1, 16], [17, 8, 18, 9], [19, 4, 20, 5], [2, 21, 3, 22], [18, 23, 19, 24], [6, 2, 7, 1], [3, 13, 4, 12], [14, 6, 15, 5], [7, 11, 8, 10], [9, 16, 10, 17], [22, 12, 23, 11], [13, 21, 14, 20]]"
12n_0462_68,"[[13, 21, 14, 20], [24, 15, 1, 16], [17, 8, 18, 9], [19, 4, 20, 5], [2, 21, 3, 22], [18, 23, 19, 24], [6, 2, 7, 1], [3, 13, 4, 12], [14, 6, 15, 5], [7, 11, 8, 10], [9, 16, 10, 17], [22, 12, 23, 11]]"
12n_0462_69,"[[22, 12, 23, 11], [13, 21, 14, 20], [24, 15, 1, 16], [17, 8, 18, 9], [19, 4, 20, 5], [2, 21, 3, 22], [18, 23, 19, 24], [6, 2, 7, 1], [3, 13, 4, 12], [14, 6, 15, 5], [7, 11, 8, 10], [9, 16, 10, 17]]"
12n_0462_70,"[[9, 16, 10, 17], [22, 12, 23, 11], [13, 21, 14, 20], [24, 15, 1, 16], [17, 8, 18, 9], [19, 4, 20, 5], [2, 21, 3, 22], [18, 23, 19, 24], [6, 2, 7, 1], [3, 13, 4, 12], [14, 6, 15, 5], [7, 11, 8, 10]]"
12n_0462_71,"[[7, 11, 8, 10], [9, 16, 10, 17], [22, 12, 23, 11], [13, 21, 14, 20], [24, 15, 1, 16], [17, 8, 18, 9], [19, 4, 20, 5], [2, 21, 3, 22], [18, 23, 19, 24], [6, 2, 7, 1], [3, 13, 4, 12], [14, 6, 15, 5]]"
12n_0462_72,"[[15, 7, 16, 6], [8, 12, 9, 11], [10, 17, 11, 18], [23, 13, 24, 12], [14, 22, 15, 21], [1, 16, 2, 17], [18, 9, 19, 10], [20, 5, 21, 6], [3, 22, 4, 23], [19, 24, 20, 1], [7, 3, 8, 2], [4, 14, 5, 13]]"
12n_0462_73,"[[4, 14, 5, 13], [15, 7, 16, 6], [8, 12, 9, 11], [10, 17, 11, 18], [23, 13, 24, 12], [14, 22, 15, 21], [1, 16, 2, 17], [18, 9, 19, 10], [20, 5, 21, 6], [3, 22, 4, 23], [19, 24, 20, 1], [7, 3, 8, 2]]"
12n_0462_74,"[[7, 3, 8, 2], [4, 14, 5, 13], [15, 7, 16, 6], [8, 12, 9, 11], [10, 17, 11, 18], [23, 13, 24, 12], [14, 22, 15, 21], [1, 16, 2, 17], [18, 9, 19, 10], [20, 5, 21, 6], [3, 22, 4, 23], [19, 24, 20, 1]]"
12n_0462_75,"[[19, 24, 20, 1], [7, 3, 8, 2], [4, 14, 5, 13], [15, 7, 16, 6], [8, 12, 9, 11], [10, 17, 11, 18], [23, 13, 24, 12], [14, 22, 15, 21], [1, 16, 2, 17], [18, 9, 19, 10], [20, 5, 21, 6], [3, 22, 4, 23]]"
12n_0462_76,"[[3, 22, 4, 23], [19, 24, 20, 1], [7, 3, 8, 2], [4, 14, 5, 13], [15, 7, 16, 6], [8, 12, 9, 11], [10, 17, 11, 18], [23, 13, 24, 12], [14, 22, 15, 21], [1, 16, 2, 17], [18, 9, 19, 10], [20, 5, 21, 6]]"
12n_0462_77,"[[20, 5, 21, 6], [3, 22, 4, 23], [19, 24, 20, 1], [7, 3, 8, 2], [4, 14, 5, 13], [15, 7, 16, 6], [8, 12, 9, 11], [10, 17, 11, 18], [23, 13, 24, 12], [14, 22, 15, 21], [1, 16, 2, 17], [18, 9, 19, 10]]"
12n_0462_78,"[[18, 9, 19, 10], [20, 5, 21, 6], [3, 22, 4, 23], [19, 24, 20, 1], [7, 3, 8, 2], [4, 14, 5, 13], [15, 7, 16, 6], [8, 12, 9, 11], [10, 17, 11, 18], [23, 13, 24, 12], [14, 22, 15, 21], [1, 16, 2, 17]]"
12n_0462_79,"[[1, 16, 2, 17], [18, 9, 19, 10], [20, 5, 21, 6], [3, 22, 4, 23], [19, 24, 20, 1], [7, 3, 8, 2], [4, 14, 5, 13], [15, 7, 16, 6], [8, 12, 9, 11], [10, 17, 11, 18], [23, 13, 24, 12], [14, 22, 15, 21]]"
12n_0462_80,"[[14, 22, 15, 21], [1, 16, 2, 17], [18, 9, 19, 10], [20, 5, 21, 6], [3, 22, 4, 23], [19, 24, 20, 1], [7, 3, 8, 2], [4, 14, 5, 13], [15, 7, 16, 6], [8, 12, 9, 11], [10, 17, 11, 18], [23, 13, 24, 12]]"
12n_0462_81,"[[23, 13, 24, 12], [14, 22, 15, 21], [1, 16, 2, 17], [18, 9, 19, 10], [20, 5, 21, 6], [3, 22, 4, 23], [19, 24, 20, 1], [7, 3, 8, 2], [4, 14, 5, 13], [15, 7, 16, 6], [8, 12, 9, 11], [10, 17, 11, 18]]"
12n_0462_82,"[[10, 17, 11, 18], [23, 13, 24, 12], [14, 22, 15, 21], [1, 16, 2, 17], [18, 9, 19, 10], [20, 5, 21, 6], [3, 22, 4, 23], [19, 24, 20, 1], [7, 3, 8, 2], [4, 14, 5, 13], [15, 7, 16, 6], [8, 12, 9, 11]]"
12n_0462_83,"[[8, 12, 9, 11], [10, 17, 11, 18], [23, 13, 24, 12], [14, 22, 15, 21], [1, 16, 2, 17], [18, 9, 19, 10], [20, 5, 21, 6], [3, 22, 4, 23], [19, 24, 20, 1], [7, 3, 8, 2], [4, 14, 5, 13], [15, 7, 16, 6]]"
12n_0462_84,"[[16, 8, 17, 7], [9, 13, 10, 12], [11, 18, 12, 19], [24, 14, 1, 13], [15, 23, 16, 22], [2, 17, 3, 18], [19, 10, 20, 11], [21, 6, 22, 7], [4, 23, 5, 24], [20, 1, 21, 2], [8, 4, 9, 3], [5, 15, 6, 14]]"
12n_0462_85,"[[5, 15, 6, 14], [16, 8, 17, 7], [9, 13, 10, 12], [11, 18, 12, 19], [24, 14, 1, 13], [15, 23, 16, 22], [2, 17, 3, 18], [19, 10, 20, 11], [21, 6, 22, 7], [4, 23, 5, 24], [20, 1, 21, 2], [8, 4, 9, 3]]"
12n_0462_86,"[[8, 4, 9, 3], [5, 15, 6, 14], [16, 8, 17, 7], [9, 13, 10, 12], [11, 18, 12, 19], [24, 14, 1, 13], [15, 23, 16, 22], [2, 17, 3, 18], [19, 10, 20, 11], [21, 6, 22, 7], [4, 23, 5, 24], [20, 1, 21, 2]]"
12n_0462_87,"[[20, 1, 21, 2], [8, 4, 9, 3], [5, 15, 6, 14], [16, 8, 17, 7], [9, 13, 10, 12], [11, 18, 12, 19], [24, 14, 1, 13], [15, 23, 16, 22], [2, 17, 3, 18], [19, 10, 20, 11], [21, 6, 22, 7], [4, 23, 5, 24]]"
12n_0462_88,"[[4, 23, 5, 24], [20, 1, 21, 2], [8, 4, 9, 3], [5, 15, 6, 14], [16, 8, 17, 7], [9, 13, 10, 12], [11, 18, 12, 19], [24, 14, 1, 13], [15, 23, 16, 22], [2, 17, 3, 18], [19, 10, 20, 11], [21, 6, 22, 7]]"
12n_0462_89,"[[21, 6, 22, 7], [4, 23, 5, 24], [20, 1, 21, 2], [8, 4, 9, 3], [5, 15, 6, 14], [16, 8, 17, 7], [9, 13, 10, 12], [11, 18, 12, 19], [24, 14, 1, 13], [15, 23, 16, 22], [2, 17, 3, 18], [19, 10, 20, 11]]"
12n_0462_90,"[[19, 10, 20, 11], [21, 6, 22, 7], [4, 23, 5, 24], [20, 1, 21, 2], [8, 4, 9, 3], [5, 15, 6, 14], [16, 8, 17, 7], [9, 13, 10, 12], [11, 18, 12, 19], [24, 14, 1, 13], [15, 23, 16, 22], [2, 17, 3, 18]]"
12n_0462_91,"[[2, 17, 3, 18], [19, 10, 20, 11], [21, 6, 22, 7], [4, 23, 5, 24], [20, 1, 21, 2], [8, 4, 9, 3], [5, 15, 6, 14], [16, 8, 17, 7], [9, 13, 10, 12], [11, 18, 12, 19], [24, 14, 1, 13], [15, 23, 16, 22]]"
12n_0462_92,"[[15, 23, 16, 22], [2, 17, 3, 18], [19, 10, 20, 11], [21, 6, 22, 7], [4, 23, 5, 24], [20, 1, 21, 2], [8, 4, 9, 3], [5, 15, 6, 14], [16, 8, 17, 7], [9, 13, 10, 12], [11, 18, 12, 19], [24, 14, 1, 13]]"
12n_0462_93,"[[24, 14, 1, 13], [15, 23, 16, 22], [2, 17, 3, 18], [19, 10, 20, 11], [21, 6, 22, 7], [4, 23, 5, 24], [20, 1, 21, 2], [8, 4, 9, 3], [5, 15, 6, 14], [16, 8, 17, 7], [9, 13, 10, 12], [11, 18, 12, 19]]"
12n_0462_94,"[[11, 18, 12, 19], [24, 14, 1, 13], [15, 23, 16, 22], [2, 17, 3, 18], [19, 10, 20, 11], [21, 6, 22, 7], [4, 23, 5, 24], [20, 1, 21, 2], [8, 4, 9, 3], [5, 15, 6, 14], [16, 8, 17, 7], [9, 13, 10, 12]]"
12n_0462_95,"[[9, 13, 10, 12], [11, 18, 12, 19], [24, 14, 1, 13], [15, 23, 16, 22], [2, 17, 3, 18], [19, 10, 20, 11], [21, 6, 22, 7], [4, 23, 5, 24], [20, 1, 21, 2], [8, 4, 9, 3], [5, 15, 6, 14], [16, 8, 17, 7]]"
12n_0462_96,"[[17, 9, 18, 8], [10, 14, 11, 13], [12, 19, 13, 20], [1, 15, 2, 14], [16, 24, 17, 23], [3, 18, 4, 19], [20, 11, 21, 12], [22, 7, 23, 8], [5, 24, 6, 1], [21, 2, 22, 3], [9, 5, 10, 4], [6, 16, 7, 15]]"
12n_0462_97,"[[6, 16, 7, 15], [17, 9, 18, 8], [10, 14, 11, 13], [12, 19, 13, 20], [1, 15, 2, 14], [16, 24, 17, 23], [3, 18, 4, 19], [20, 11, 21, 12], [22, 7, 23, 8], [5, 24, 6, 1], [21, 2, 22, 3], [9, 5, 10, 4]]"
12n_0462_98,"[[9, 5, 10, 4], [6, 16, 7, 15], [17, 9, 18, 8], [10, 14, 11, 13], [12, 19, 13, 20], [1, 15, 2, 14], [16, 24, 17, 23], [3, 18, 4, 19], [20, 11, 21, 12], [22, 7, 23, 8], [5, 24, 6, 1], [21, 2, 22, 3]]"
12n_0462_99,"[[21, 2, 22, 3], [9, 5, 10, 4], [6, 16, 7, 15], [17, 9, 18, 8], [10, 14, 11, 13], [12, 19, 13, 20], [1, 15, 2, 14], [16, 24, 17, 23], [3, 18, 4, 19], [20, 11, 21, 12], [22, 7, 23, 8], [5, 24, 6, 1]]"
12n_0462_100,"[[5, 24, 6, 1], [21, 2, 22, 3], [9, 5, 10, 4], [6, 16, 7, 15], [17, 9, 18, 8], [10, 14, 11, 13], [12, 19, 13, 20], [1, 15, 2, 14], [16, 24, 17, 23], [3, 18, 4, 19], [20, 11, 21, 12], [22, 7, 23, 8]]"
12n_0462_101,"[[22, 7, 23, 8], [5, 24, 6, 1], [21, 2, 22, 3], [9, 5, 10, 4], [6, 16, 7, 15], [17, 9, 18, 8], [10, 14, 11, 13], [12, 19, 13, 20], [1, 15, 2, 14], [16, 24, 17, 23], [3, 18, 4, 19], [20, 11, 21, 12]]"
12n_0462_102,"[[20, 11, 21, 12], [22, 7, 23, 8], [5, 24, 6, 1], [21, 2, 22, 3], [9, 5, 10, 4], [6, 16, 7, 15], [17, 9, 18, 8], [10, 14, 11, 13], [12, 19, 13, 20], [1, 15, 2, 14], [16, 24, 17, 23], [3, 18, 4, 19]]"
12n_0462_103,"[[3, 18, 4, 19], [20, 11, 21, 12], [22, 7, 23, 8], [5, 24, 6, 1], [21, 2, 22, 3], [9, 5, 10, 4], [6, 16, 7, 15], [17, 9, 18, 8], [10, 14, 11, 13], [12, 19, 13, 20], [1, 15, 2, 14], [16, 24, 17, 23]]"
12n_0462_104,"[[16, 24, 17, 23], [3, 18, 4, 19], [20, 11, 21, 12], [22, 7, 23, 8], [5, 24, 6, 1], [21, 2, 22, 3], [9, 5, 10, 4], [6, 16, 7, 15], [17, 9, 18, 8], [10, 14, 11, 13], [12, 19, 13, 20], [1, 15, 2, 14]]"
12n_0462_105,"[[1, 15, 2, 14], [16, 24, 17, 23], [3, 18, 4, 19], [20, 11, 21, 12], [22, 7, 23, 8], [5, 24, 6, 1], [21, 2, 22, 3], [9, 5, 10, 4], [6, 16, 7, 15], [17, 9, 18, 8], [10, 14, 11, 13], [12, 19, 13, 20]]"
12n_0462_106,"[[12, 19, 13, 20], [1, 15, 2, 14], [16, 24, 17, 23], [3, 18, 4, 19], [20, 11, 21, 12], [22, 7, 23, 8], [5, 24, 6, 1], [21, 2, 22, 3], [9, 5, 10, 4], [6, 16, 7, 15], [17, 9, 18, 8], [10, 14, 11, 13]]"
12n_0462_107,"[[10, 14, 11, 13], [12, 19, 13, 20], [1, 15, 2, 14], [16, 24, 17, 23], [3, 18, 4, 19], [20, 11, 21, 12], [22, 7, 23, 8], [5, 24, 6, 1], [21, 2, 22, 3], [9, 5, 10, 4], [6, 16, 7, 15], [17, 9, 18, 8]]"
12n_0462_108,"[[18, 10, 19, 9], [11, 15, 12, 14], [13, 20, 14, 21], [2, 16, 3, 15], [17, 1, 18, 24], [4, 19, 5, 20], [21, 12, 22, 13], [23, 8, 24, 9], [6, 1, 7, 2], [22, 3, 23, 4], [10, 6, 11, 5], [7, 17, 8, 16]]"
12n_0462_109,"[[7, 17, 8, 16], [18, 10, 19, 9], [11, 15, 12, 14], [13, 20, 14, 21], [2, 16, 3, 15], [17, 1, 18, 24], [4, 19, 5, 20], [21, 12, 22, 13], [23, 8, 24, 9], [6, 1, 7, 2], [22, 3, 23, 4], [10, 6, 11, 5]]"
12n_0462_110,"[[10, 6, 11, 5], [7, 17, 8, 16], [18, 10, 19, 9], [11, 15, 12, 14], [13, 20, 14, 21], [2, 16, 3, 15], [17, 1, 18, 24], [4, 19, 5, 20], [21, 12, 22, 13], [23, 8, 24, 9], [6, 1, 7, 2], [22, 3, 23, 4]]"
12n_0462_111,"[[22, 3, 23, 4], [10, 6, 11, 5], [7, 17, 8, 16], [18, 10, 19, 9], [11, 15, 12, 14], [13, 20, 14, 21], [2, 16, 3, 15], [17, 1, 18, 24], [4, 19, 5, 20], [21, 12, 22, 13], [23, 8, 24, 9], [6, 1, 7, 2]]"
12n_0462_112,"[[6, 1, 7, 2], [22, 3, 23, 4], [10, 6, 11, 5], [7, 17, 8, 16], [18, 10, 19, 9], [11, 15, 12, 14], [13, 20, 14, 21], [2, 16, 3, 15], [17, 1, 18, 24], [4, 19, 5, 20], [21, 12, 22, 13], [23, 8, 24, 9]]"
12n_0462_113,"[[23, 8, 24, 9], [6, 1, 7, 2], [22, 3, 23, 4], [10, 6, 11, 5], [7, 17, 8, 16], [18, 10, 19, 9], [11, 15, 12, 14], [13, 20, 14, 21], [2, 16, 3, 15], [17, 1, 18, 24], [4, 19, 5, 20], [21, 12, 22, 13]]"
12n_0462_114,"[[21, 12, 22, 13], [23, 8, 24, 9], [6, 1, 7, 2], [22, 3, 23, 4], [10, 6, 11, 5], [7, 17, 8, 16], [18, 10, 19, 9], [11, 15, 12, 14], [13, 20, 14, 21], [2, 16, 3, 15], [17, 1, 18, 24], [4, 19, 5, 20]]"
12n_0462_115,"[[4, 19, 5, 20], [21, 12, 22, 13], [23, 8, 24, 9], [6, 1, 7, 2], [22, 3, 23, 4], [10, 6, 11, 5], [7, 17, 8, 16], [18, 10, 19, 9], [11, 15, 12, 14], [13, 20, 14, 21], [2, 16, 3, 15], [17, 1, 18, 24]]"
12n_0462_116,"[[17, 1, 18, 24], [4, 19, 5, 20], [21, 12, 22, 13], [23, 8, 24, 9], [6, 1, 7, 2], [22, 3, 23, 4], [10, 6, 11, 5], [7, 17, 8, 16], [18, 10, 19, 9], [11, 15, 12, 14], [13, 20, 14, 21], [2, 16, 3, 15]]"
12n_0462_117,"[[2, 16, 3, 15], [17, 1, 18, 24], [4, 19, 5, 20], [21, 12, 22, 13], [23, 8, 24, 9], [6, 1, 7, 2], [22, 3, 23, 4], [10, 6, 11, 5], [7, 17, 8, 16], [18, 10, 19, 9], [11, 15, 12, 14], [13, 20, 14, 21]]"
12n_0462_118,"[[13, 20, 14, 21], [2, 16, 3, 15], [17, 1, 18, 24], [4, 19, 5, 20], [21, 12, 22, 13], [23, 8, 24, 9], [6, 1, 7, 2], [22, 3, 23, 4], [10, 6, 11, 5], [7, 17, 8, 16], [18, 10, 19, 9], [11, 15, 12, 14]]"
12n_0462_119,"[[11, 15, 12, 14], [13, 20, 14, 21], [2, 16, 3, 15], [17, 1, 18, 24], [4, 19, 5, 20], [21, 12, 22, 13], [23, 8, 24, 9], [6, 1, 7, 2], [22, 3, 23, 4], [10, 6, 11, 5], [7, 17, 8, 16], [18, 10, 19, 9]]"
12n_0462_120,"[[19, 11, 20, 10], [12, 16, 13, 15], [14, 21, 15, 22], [3, 17, 4, 16], [18, 2, 19, 1], [5, 20, 6, 21], [22, 13, 23, 14], [24, 9, 1, 10], [7, 2, 8, 3], [23, 4, 24, 5], [11, 7, 12, 6], [8, 18, 9, 17]]"
12n_0462_121,"[[8, 18, 9, 17], [19, 11, 20, 10], [12, 16, 13, 15], [14, 21, 15, 22], [3, 17, 4, 16], [18, 2, 19, 1], [5, 20, 6, 21], [22, 13, 23, 14], [24, 9, 1, 10], [7, 2, 8, 3], [23, 4, 24, 5], [11, 7, 12, 6]]"
12n_0462_122,"[[11, 7, 12, 6], [8, 18, 9, 17], [19, 11, 20, 10], [12, 16, 13, 15], [14, 21, 15, 22], [3, 17, 4, 16], [18, 2, 19, 1], [5, 20, 6, 21], [22, 13, 23, 14], [24, 9, 1, 10], [7, 2, 8, 3], [23, 4, 24, 5]]"
12n_0462_123,"[[23, 4, 24, 5], [11, 7, 12, 6], [8, 18, 9, 17], [19, 11, 20, 10], [12, 16, 13, 15], [14, 21, 15, 22], [3, 17, 4, 16], [18, 2, 19, 1], [5, 20, 6, 21], [22, 13, 23, 14], [24, 9, 1, 10], [7, 2, 8, 3]]"
12n_0462_124,"[[7, 2, 8, 3], [23, 4, 24, 5], [11, 7, 12, 6], [8, 18, 9, 17], [19, 11, 20, 10], [12, 16, 13, 15], [14, 21, 15, 22], [3, 17, 4, 16], [18, 2, 19, 1], [5, 20, 6, 21], [22, 13, 23, 14], [24, 9, 1, 10]]"
12n_0462_125,"[[24, 9, 1, 10], [7, 2, 8, 3], [23, 4, 24, 5], [11, 7, 12, 6], [8, 18, 9, 17], [19, 11, 20, 10], [12, 16, 13, 15], [14, 21, 15, 22], [3, 17, 4, 16], [18, 2, 19, 1], [5, 20, 6, 21], [22, 13, 23, 14]]"
12n_0462_126,"[[22, 13, 23, 14], [24, 9, 1, 10], [7, 2, 8, 3], [23, 4, 24, 5], [11, 7, 12, 6], [8, 18, 9, 17], [19, 11, 20, 10], [12, 16, 13, 15], [14, 21, 15, 22], [3, 17, 4, 16], [18, 2, 19, 1], [5, 20, 6, 21]]"
12n_0462_127,"[[5, 20, 6, 21], [22, 13, 23, 14], [24, 9, 1, 10], [7, 2, 8, 3], [23, 4, 24, 5], [11, 7, 12, 6], [8, 18, 9, 17], [19, 11, 20, 10], [12, 16, 13, 15], [14, 21, 15, 22], [3, 17, 4, 16], [18, 2, 19, 1]]"
12n_0462_128,"[[18, 2, 19, 1], [5, 20, 6, 21], [22, 13, 23, 14], [24, 9, 1, 10], [7, 2, 8, 3], [23, 4, 24, 5], [11, 7, 12, 6], [8, 18, 9, 17], [19, 11, 20, 10], [12, 16, 13, 15], [14, 21, 15, 22], [3, 17, 4, 16]]"
12n_0462_129,"[[3, 17, 4, 16], [18, 2, 19, 1], [5, 20, 6, 21], [22, 13, 23, 14], [24, 9, 1, 10], [7, 2, 8, 3], [23, 4, 24, 5], [11, 7, 12, 6], [8, 18, 9, 17], [19, 11, 20, 10], [12, 16, 13, 15], [14, 21, 15, 22]]"
12n_0462_130,"[[14, 21, 15, 22], [3, 17, 4, 16], [18, 2, 19, 1], [5, 20, 6, 21], [22, 13, 23, 14], [24, 9, 1, 10], [7, 2, 8, 3], [23, 4, 24, 5], [11, 7, 12, 6], [8, 18, 9, 17], [19, 11, 20, 10], [12, 16, 13, 15]]"
12n_0462_131,"[[12, 16, 13, 15], [14, 21, 15, 22], [3, 17, 4, 16], [18, 2, 19, 1], [5, 20, 6, 21], [22, 13, 23, 14], [24, 9, 1, 10], [7, 2, 8, 3], [23, 4, 24, 5], [11, 7, 12, 6], [8, 18, 9, 17], [19, 11, 20, 10]]"
12n_0462_132,"[[20, 12, 21, 11], [13, 17, 14, 16], [15, 22, 16, 23], [4, 18, 5, 17], [19, 3, 20, 2], [6, 21, 7, 22], [23, 14, 24, 15], [1, 10, 2, 11], [8, 3, 9, 4], [24, 5, 1, 6], [12, 8, 13, 7], [9, 19, 10, 18]]"
12n_0462_133,"[[9, 19, 10, 18], [20, 12, 21, 11], [13, 17, 14, 16], [15, 22, 16, 23], [4, 18, 5, 17], [19, 3, 20, 2], [6, 21, 7, 22], [23, 14, 24, 15], [1, 10, 2, 11], [8, 3, 9, 4], [24, 5, 1, 6], [12, 8, 13, 7]]"
12n_0462_134,"[[12, 8, 13, 7], [9, 19, 10, 18], [20, 12, 21, 11], [13, 17, 14, 16], [15, 22, 16, 23], [4, 18, 5, 17], [19, 3, 20, 2], [6, 21, 7, 22], [23, 14, 24, 15], [1, 10, 2, 11], [8, 3, 9, 4], [24, 5, 1, 6]]"
12n_0462_135,"[[24, 5, 1, 6], [12, 8, 13, 7], [9, 19, 10, 18], [20, 12, 21, 11], [13, 17, 14, 16], [15, 22, 16, 23], [4, 18, 5, 17], [19, 3, 20, 2], [6, 21, 7, 22], [23, 14, 24, 15], [1, 10, 2, 11], [8, 3, 9, 4]]"
12n_0462_136,"[[8, 3, 9, 4], [24, 5, 1, 6], [12, 8, 13, 7], [9, 19, 10, 18], [20, 12, 21, 11], [13, 17, 14, 16], [15, 22, 16, 23], [4, 18, 5, 17], [19, 3, 20, 2], [6, 21, 7, 22], [23, 14, 24, 15], [1, 10, 2, 11]]"
12n_0462_137,"[[1, 10, 2, 11], [8, 3, 9, 4], [24, 5, 1, 6], [12, 8, 13, 7], [9, 19, 10, 18], [20, 12, 21, 11], [13, 17, 14, 16], [15, 22, 16, 23], [4, 18, 5, 17], [19, 3, 20, 2], [6, 21, 7, 22], [23, 14, 24, 15]]"
12n_0462_138,"[[23, 14, 24, 15], [1, 10, 2, 11], [8, 3, 9, 4], [24, 5, 1, 6], [12, 8, 13, 7], [9, 19, 10, 18], [20, 12, 21, 11], [13, 17, 14, 16], [15, 22, 16, 23], [4, 18, 5, 17], [19, 3, 20, 2], [6, 21, 7, 22]]"
12n_0462_139,"[[6, 21, 7, 22], [23, 14, 24, 15], [1, 10, 2, 11], [8, 3, 9, 4], [24, 5, 1, 6], [12, 8, 13, 7], [9, 19, 10, 18], [20, 12, 21, 11], [13, 17, 14, 16], [15, 22, 16, 23], [4, 18, 5, 17], [19, 3, 20, 2]]"
12n_0462_140,"[[19, 3, 20, 2], [6, 21, 7, 22], [23, 14, 24, 15], [1, 10, 2, 11], [8, 3, 9, 4], [24, 5, 1, 6], [12, 8, 13, 7], [9, 19, 10, 18], [20, 12, 21, 11], [13, 17, 14, 16], [15, 22, 16, 23], [4, 18, 5, 17]]"
12n_0462_141,"[[4, 18, 5, 17], [19, 3, 20, 2], [6, 21, 7, 22], [23, 14, 24, 15], [1, 10, 2, 11], [8, 3, 9, 4], [24, 5, 1, 6], [12, 8, 13, 7], [9, 19, 10, 18], [20, 12, 21, 11], [13, 17, 14, 16], [15, 22, 16, 23]]"
12n_0462_142,"[[15, 22, 16, 23], [4, 18, 5, 17], [19, 3, 20, 2], [6, 21, 7, 22], [23, 14, 24, 15], [1, 10, 2, 11], [8, 3, 9, 4], [24, 5, 1, 6], [12, 8, 13, 7], [9, 19, 10, 18], [20, 12, 21, 11], [13, 17, 14, 16]]"
12n_0462_143,"[[13, 17, 14, 16], [15, 22, 16, 23], [4, 18, 5, 17], [19, 3, 20, 2], [6, 21, 7, 22], [23, 14, 24, 15], [1, 10, 2, 11], [8, 3, 9, 4], [24, 5, 1, 6], [12, 8, 13, 7], [9, 19, 10, 18], [20, 12, 21, 11]]"
12n_0462_144,"[[21, 13, 22, 12], [14, 18, 15, 17], [16, 23, 17, 24], [5, 19, 6, 18], [20, 4, 21, 3], [7, 22, 8, 23], [24, 15, 1, 16], [2, 11, 3, 12], [9, 4, 10, 5], [1, 6, 2, 7], [13, 9, 14, 8], [10, 20, 11, 19]]"
12n_0462_145,"[[10, 20, 11, 19], [21, 13, 22, 12], [14, 18, 15, 17], [16, 23, 17, 24], [5, 19, 6, 18], [20, 4, 21, 3], [7, 22, 8, 23], [24, 15, 1, 16], [2, 11, 3, 12], [9, 4, 10, 5], [1, 6, 2, 7], [13, 9, 14, 8]]"
12n_0462_146,"[[13, 9, 14, 8], [10, 20, 11, 19], [21, 13, 22, 12], [14, 18, 15, 17], [16, 23, 17, 24], [5, 19, 6, 18], [20, 4, 21, 3], [7, 22, 8, 23], [24, 15, 1, 16], [2, 11, 3, 12], [9, 4, 10, 5], [1, 6, 2, 7]]"
12n_0462_147,"[[1, 6, 2, 7], [13, 9, 14, 8], [10, 20, 11, 19], [21, 13, 22, 12], [14, 18, 15, 17], [16, 23, 17, 24], [5, 19, 6, 18], [20, 4, 21, 3], [7, 22, 8, 23], [24, 15, 1, 16], [2, 11, 3, 12], [9, 4, 10, 5]]"
12n_0462_148,"[[9, 4, 10, 5], [1, 6, 2, 7], [13, 9, 14, 8], [10, 20, 11, 19], [21, 13, 22, 12], [14, 18, 15, 17], [16, 23, 17, 24], [5, 19, 6, 18], [20, 4, 21, 3], [7, 22, 8, 23], [24, 15, 1, 16], [2, 11, 3, 12]]"
12n_0462_149,"[[2, 11, 3, 12], [9, 4, 10, 5], [1, 6, 2, 7], [13, 9, 14, 8], [10, 20, 11, 19], [21, 13, 22, 12], [14, 18, 15, 17], [16, 23, 17, 24], [5, 19, 6, 18], [20, 4, 21, 3], [7, 22, 8, 23], [24, 15, 1, 16]]"
12n_0462_150,"[[24, 15, 1, 16], [2, 11, 3, 12], [9, 4, 10, 5], [1, 6, 2, 7], [13, 9, 14, 8], [10, 20, 11, 19], [21, 13, 22, 12], [14, 18, 15, 17], [16, 23, 17, 24], [5, 19, 6, 18], [20, 4, 21, 3], [7, 22, 8, 23]]"
12n_0462_151,"[[7, 22, 8, 23], [24, 15, 1, 16], [2, 11, 3, 12], [9, 4, 10, 5], [1, 6, 2, 7], [13, 9, 14, 8], [10, 20, 11, 19], [21, 13, 22, 12], [14, 18, 15, 17], [16, 23, 17, 24], [5, 19, 6, 18], [20, 4, 21, 3]]"
12n_0462_152,"[[20, 4, 21, 3], [7, 22, 8, 23], [24, 15, 1, 16], [2, 11, 3, 12], [9, 4, 10, 5], [1, 6, 2, 7], [13, 9, 14, 8], [10, 20, 11, 19], [21, 13, 22, 12], [14, 18, 15, 17], [16, 23, 17, 24], [5, 19, 6, 18]]"
12n_0462_153,"[[5, 19, 6, 18], [20, 4, 21, 3], [7, 22, 8, 23], [24, 15, 1, 16], [2, 11, 3, 12], [9, 4, 10, 5], [1, 6, 2, 7], [13, 9, 14, 8], [10, 20, 11, 19], [21, 13, 22, 12], [14, 18, 15, 17], [16, 23, 17, 24]]"
12n_0462_154,"[[16, 23, 17, 24], [5, 19, 6, 18], [20, 4, 21, 3], [7, 22, 8, 23], [24, 15, 1, 16], [2, 11, 3, 12], [9, 4, 10, 5], [1, 6, 2, 7], [13, 9, 14, 8], [10, 20, 11, 19], [21, 13, 22, 12], [14, 18, 15, 17]]"
12n_0462_155,"[[14, 18, 15, 17], [16, 23, 17, 24], [5, 19, 6, 18], [20, 4, 21, 3], [7, 22, 8, 23], [24, 15, 1, 16], [2, 11, 3, 12], [9, 4, 10, 5], [1, 6, 2, 7], [13, 9, 14, 8], [10, 20, 11, 19], [21, 13, 22, 12]]"
12n_0462_156,"[[22, 14, 23, 13], [15, 19, 16, 18], [17, 24, 18, 1], [6, 20, 7, 19], [21, 5, 22, 4], [8, 23, 9, 24], [1, 16, 2, 17], [3, 12, 4, 13], [10, 5, 11, 6], [2, 7, 3, 8], [14, 10, 15, 9], [11, 21, 12, 20]]"
12n_0462_157,"[[11, 21, 12, 20], [22, 14, 23, 13], [15, 19, 16, 18], [17, 24, 18, 1], [6, 20, 7, 19], [21, 5, 22, 4], [8, 23, 9, 24], [1, 16, 2, 17], [3, 12, 4, 13], [10, 5, 11, 6], [2, 7, 3, 8], [14, 10, 15, 9]]"
12n_0462_158,"[[14, 10, 15, 9], [11, 21, 12, 20], [22, 14, 23, 13], [15, 19, 16, 18], [17, 24, 18, 1], [6, 20, 7, 19], [21, 5, 22, 4], [8, 23, 9, 24], [1, 16, 2, 17], [3, 12, 4, 13], [10, 5, 11, 6], [2, 7, 3, 8]]"
12n_0462_159,"[[2, 7, 3, 8], [14, 10, 15, 9], [11, 21, 12, 20], [22, 14, 23, 13], [15, 19, 16, 18], [17, 24, 18, 1], [6, 20, 7, 19], [21, 5, 22, 4], [8, 23, 9, 24], [1, 16, 2, 17], [3, 12, 4, 13], [10, 5, 11, 6]]"
12n_0462_160,"[[10, 5, 11, 6], [2, 7, 3, 8], [14, 10, 15, 9], [11, 21, 12, 20], [22, 14, 23, 13], [15, 19, 16, 18], [17, 24, 18, 1], [6, 20, 7, 19], [21, 5, 22, 4], [8, 23, 9, 24], [1, 16, 2, 17], [3, 12, 4, 13]]"
12n_0462_161,"[[3, 12, 4, 13], [10, 5, 11, 6], [2, 7, 3, 8], [14, 10, 15, 9], [11, 21, 12, 20], [22, 14, 23, 13], [15, 19, 16, 18], [17, 24, 18, 1], [6, 20, 7, 19], [21, 5, 22, 4], [8, 23, 9, 24], [1, 16, 2, 17]]"
12n_0462_162,"[[1, 16, 2, 17], [3, 12, 4, 13], [10, 5, 11, 6], [2, 7, 3, 8], [14, 10, 15, 9], [11, 21, 12, 20], [22, 14, 23, 13], [15, 19, 16, 18], [17, 24, 18, 1], [6, 20, 7, 19], [21, 5, 22, 4], [8, 23, 9, 24]]"
12n_0462_163,"[[8, 23, 9, 24], [1, 16, 2, 17], [3, 12, 4, 13], [10, 5, 11, 6], [2, 7, 3, 8], [14, 10, 15, 9], [11, 21, 12, 20], [22, 14, 23, 13], [15, 19, 16, 18], [17, 24, 18, 1], [6, 20, 7, 19], [21, 5, 22, 4]]"
12n_0462_164,"[[21, 5, 22, 4], [8, 23, 9, 24], [1, 16, 2, 17], [3, 12, 4, 13], [10, 5, 11, 6], [2, 7, 3, 8], [14, 10, 15, 9], [11, 21, 12, 20], [22, 14, 23, 13], [15, 19, 16, 18], [17, 24, 18, 1], [6, 20, 7, 19]]"
12n_0462_165,"[[6, 20, 7, 19], [21, 5, 22, 4], [8, 23, 9, 24], [1, 16, 2, 17], [3, 12, 4, 13], [10, 5, 11, 6], [2, 7, 3, 8], [14, 10, 15, 9], [11, 21, 12, 20], [22, 14, 23, 13], [15, 19, 16, 18], [17, 24, 18, 1]]"
12n_0462_166,"[[17, 24, 18, 1], [6, 20, 7, 19], [21, 5, 22, 4], [8, 23, 9, 24], [1, 16, 2, 17], [3, 12, 4, 13], [10, 5, 11, 6], [2, 7, 3, 8], [14, 10, 15, 9], [11, 21, 12, 20], [22, 14, 23, 13], [15, 19, 16, 18]]"
12n_0462_167,"[[15, 19, 16, 18], [17, 24, 18, 1], [6, 20, 7, 19], [21, 5, 22, 4], [8, 23, 9, 24], [1, 16, 2, 17], [3, 12, 4, 13], [10, 5, 11, 6], [2, 7, 3, 8], [14, 10, 15, 9], [11, 21, 12, 20], [22, 14, 23, 13]]"
12n_0462_168,"[[23, 15, 24, 14], [16, 20, 17, 19], [18, 1, 19, 2], [7, 21, 8, 20], [22, 6, 23, 5], [9, 24, 10, 1], [2, 17, 3, 18], [4, 13, 5, 14], [11, 6, 12, 7], [3, 8, 4, 9], [15, 11, 16, 10], [12, 22, 13, 21]]"
12n_0462_169,"[[12, 22, 13, 21], [23, 15, 24, 14], [16, 20, 17, 19], [18, 1, 19, 2], [7, 21, 8, 20], [22, 6, 23, 5], [9, 24, 10, 1], [2, 17, 3, 18], [4, 13, 5, 14], [11, 6, 12, 7], [3, 8, 4, 9], [15, 11, 16, 10]]"
12n_0462_170,"[[15, 11, 16, 10], [12, 22, 13, 21], [23, 15, 24, 14], [16, 20, 17, 19], [18, 1, 19, 2], [7, 21, 8, 20], [22, 6, 23, 5], [9, 24, 10, 1], [2, 17, 3, 18], [4, 13, 5, 14], [11, 6, 12, 7], [3, 8, 4, 9]]"
12n_0462_171,"[[3, 8, 4, 9], [15, 11, 16, 10], [12, 22, 13, 21], [23, 15, 24, 14], [16, 20, 17, 19], [18, 1, 19, 2], [7, 21, 8, 20], [22, 6, 23, 5], [9, 24, 10, 1], [2, 17, 3, 18], [4, 13, 5, 14], [11, 6, 12, 7]]"
12n_0462_172,"[[11, 6, 12, 7], [3, 8, 4, 9], [15, 11, 16, 10], [12, 22, 13, 21], [23, 15, 24, 14], [16, 20, 17, 19], [18, 1, 19, 2], [7, 21, 8, 20], [22, 6, 23, 5], [9, 24, 10, 1], [2, 17, 3, 18], [4, 13, 5, 14]]"
12n_0462_173,"[[4, 13, 5, 14], [11, 6, 12, 7], [3, 8, 4, 9], [15, 11, 16, 10], [12, 22, 13, 21], [23, 15, 24, 14], [16, 20, 17, 19], [18, 1, 19, 2], [7, 21, 8, 20], [22, 6, 23, 5], [9, 24, 10, 1], [2, 17, 3, 18]]"
12n_0462_174,"[[2, 17, 3, 18], [4, 13, 5, 14], [11, 6, 12, 7], [3, 8, 4, 9], [15, 11, 16, 10], [12, 22, 13, 21], [23, 15, 24, 14], [16, 20, 17, 19], [18, 1, 19, 2], [7, 21, 8, 20], [22, 6, 23, 5], [9, 24, 10, 1]]"
12n_0462_175,"[[9, 24, 10, 1], [2, 17, 3, 18], [4, 13, 5, 14], [11, 6, 12, 7], [3, 8, 4, 9], [15, 11, 16, 10], [12, 22, 13, 21], [23, 15, 24, 14], [16, 20, 17, 19], [18, 1, 19, 2], [7, 21, 8, 20], [22, 6, 23, 5]]"
12n_0462_176,"[[22, 6, 23, 5], [9, 24, 10, 1], [2, 17, 3, 18], [4, 13, 5, 14], [11, 6, 12, 7], [3, 8, 4, 9], [15, 11, 16, 10], [12, 22, 13, 21], [23, 15, 24, 14], [16, 20, 17, 19], [18, 1, 19, 2], [7, 21, 8, 20]]"
12n_0462_177,"[[7, 21, 8, 20], [22, 6, 23, 5], [9, 24, 10, 1], [2, 17, 3, 18], [4, 13, 5, 14], [11, 6, 12, 7], [3, 8, 4, 9], [15, 11, 16, 10], [12, 22, 13, 21], [23, 15, 24, 14], [16, 20, 17, 19], [18, 1, 19, 2]]"
12n_0462_178,"[[18, 1, 19, 2], [7, 21, 8, 20], [22, 6, 23, 5], [9, 24, 10, 1], [2, 17, 3, 18], [4, 13, 5, 14], [11, 6, 12, 7], [3, 8, 4, 9], [15, 11, 16, 10], [12, 22, 13, 21], [23, 15, 24, 14], [16, 20, 17, 19]]"
12n_0462_179,"[[16, 20, 17, 19], [18, 1, 19, 2], [7, 21, 8, 20], [22, 6, 23, 5], [9, 24, 10, 1], [2, 17, 3, 18], [4, 13, 5, 14], [11, 6, 12, 7], [3, 8, 4, 9], [15, 11, 16, 10], [12, 22, 13, 21], [23, 15, 24, 14]]"
12n_0462_180,"[[24, 16, 1, 15], [17, 21, 18, 20], [19, 2, 20, 3], [8, 22, 9, 21], [23, 7, 24, 6], [10, 1, 11, 2], [3, 18, 4, 19], [5, 14, 6, 15], [12, 7, 13, 8], [4, 9, 5, 10], [16, 12, 17, 11], [13, 23, 14, 22]]"
12n_0462_181,"[[13, 23, 14, 22], [24, 16, 1, 15], [17, 21, 18, 20], [19, 2, 20, 3], [8, 22, 9, 21], [23, 7, 24, 6], [10, 1, 11, 2], [3, 18, 4, 19], [5, 14, 6, 15], [12, 7, 13, 8], [4, 9, 5, 10], [16, 12, 17, 11]]"
12n_0462_182,"[[16, 12, 17, 11], [13, 23, 14, 22], [24, 16, 1, 15], [17, 21, 18, 20], [19, 2, 20, 3], [8, 22, 9, 21], [23, 7, 24, 6], [10, 1, 11, 2], [3, 18, 4, 19], [5, 14, 6, 15], [12, 7, 13, 8], [4, 9, 5, 10]]"
12n_0462_183,"[[4, 9, 5, 10], [16, 12, 17, 11], [13, 23, 14, 22], [24, 16, 1, 15], [17, 21, 18, 20], [19, 2, 20, 3], [8, 22, 9, 21], [23, 7, 24, 6], [10, 1, 11, 2], [3, 18, 4, 19], [5, 14, 6, 15], [12, 7, 13, 8]]"
12n_0462_184,"[[12, 7, 13, 8], [4, 9, 5, 10], [16, 12, 17, 11], [13, 23, 14, 22], [24, 16, 1, 15], [17, 21, 18, 20], [19, 2, 20, 3], [8, 22, 9, 21], [23, 7, 24, 6], [10, 1, 11, 2], [3, 18, 4, 19], [5, 14, 6, 15]]"
12n_0462_185,"[[5, 14, 6, 15], [12, 7, 13, 8], [4, 9, 5, 10], [16, 12, 17, 11], [13, 23, 14, 22], [24, 16, 1, 15], [17, 21, 18, 20], [19, 2, 20, 3], [8, 22, 9, 21], [23, 7, 24, 6], [10, 1, 11, 2], [3, 18, 4, 19]]"
