name,pd_notation
12n_0247_0,"[[15, 1, 16, 24], [2, 6, 3, 5], [4, 10, 5, 9], [6, 17, 7, 18], [8, 4, 9, 3], [19, 11, 20, 10], [21, 13, 22, 12], [1, 15, 2, 14], [23, 17, 24, 16], [18, 7, 19, 8], [13, 21, 14, 20], [11, 23, 12, 22]]"
12n_0247_1,"[[11, 23, 12, 22], [15, 1, 16, 24], [2, 6, 3, 5], [4, 10, 5, 9], [6, 17, 7, 18], [8, 4, 9, 3], [19, 11, 20, 10], [21, 13, 22, 12], [1, 15, 2, 14], [23, 17, 24, 16], [18, 7, 19, 8], [13, 21, 14, 20]]"
12n_0247_2,"[[13, 21, 14, 20], [11, 23, 12, 22], [15, 1, 16, 24], [2, 6, 3, 5], [4, 10, 5, 9], [6, 17, 7, 18], [8, 4, 9, 3], [19, 11, 20, 10], [21, 13, 22, 12], [1, 15, 2, 14], [23, 17, 24, 16], [18, 7, 19, 8]]"
12n_0247_3,"[[18, 7, 19, 8], [13, 21, 14, 20], [11, 23, 12, 22], [15, 1, 16, 24], [2, 6, 3, 5], [4, 10, 5, 9], [6, 17, 7, 18], [8, 4, 9, 3], [19, 11, 20, 10], [21, 13, 22, 12], [1, 15, 2, 14], [23, 17, 24, 16]]"
12n_0247_4,"[[23, 17, 24, 16], [18, 7, 19, 8], [13, 21, 14, 20], [11, 23, 12, 22], [15, 1, 16, 24], [2, 6, 3, 5], [4, 10, 5, 9], [6, 17, 7, 18], [8, 4, 9, 3], [19, 11, 20, 10], [21, 13, 22, 12], [1, 15, 2, 14]]"
12n_0247_5,"[[1, 15, 2, 14], [23, 17, 24, 16], [18, 7, 19, 8], [13, 21, 14, 20], [11, 23, 12, 22], [15, 1, 16, 24], [2, 6, 3, 5], [4, 10, 5, 9], [6, 17, 7, 18], [8, 4, 9, 3], [19, 11, 20, 10], [21, 13, 22, 12]]"
12n_0247_6,"[[21, 13, 22, 12], [1, 15, 2, 14], [23, 17, 24, 16], [18, 7, 19, 8], [13, 21, 14, 20], [11, 23, 12, 22], [15, 1, 16, 24], [2, 6, 3, 5], [4, 10, 5, 9], [6, 17, 7, 18], [8, 4, 9, 3], [19, 11, 20, 10]]"
12n_0247_7,"[[19, 11, 20, 10], [21, 13, 22, 12], [1, 15, 2, 14], [23, 17, 24, 16], [18, 7, 19, 8], [13, 21, 14, 20], [11, 23, 12, 22], [15, 1, 16, 24], [2, 6, 3, 5], [4, 10, 5, 9], [6, 17, 7, 18], [8, 4, 9, 3]]"
12n_0247_8,"[[8, 4, 9, 3], [19, 11, 20, 10], [21, 13, 22, 12], [1, 15, 2, 14], [23, 17, 24, 16], [18, 7, 19, 8], [13, 21, 14, 20], [11, 23, 12, 22], [15, 1, 16, 24], [2, 6, 3, 5], [4, 10, 5, 9], [6, 17, 7, 18]]"
12n_0247_9,"[[6, 17, 7, 18], [8, 4, 9, 3], [19, 11, 20, 10], [21, 13, 22, 12], [1, 15, 2, 14], [23, 17, 24, 16], [18, 7, 19, 8], [13, 21, 14, 20], [11, 23, 12, 22], [15, 1, 16, 24], [2, 6, 3, 5], [4, 10, 5, 9]]"
12n_0247_10,"[[4, 10, 5, 9], [6, 17, 7, 18], [8, 4, 9, 3], [19, 11, 20, 10], [21, 13, 22, 12], [1, 15, 2, 14], [23, 17, 24, 16], [18, 7, 19, 8], [13, 21, 14, 20], [11, 23, 12, 22], [15, 1, 16, 24], [2, 6, 3, 5]]"
12n_0247_11,"[[2, 6, 3, 5], [4, 10, 5, 9], [6, 17, 7, 18], [8, 4, 9, 3], [19, 11, 20, 10], [21, 13, 22, 12], [1, 15, 2, 14], [23, 17, 24, 16], [18, 7, 19, 8], [13, 21, 14, 20], [11, 23, 12, 22], [15, 1, 16, 24]]"
12n_0247_12,"[[16, 2, 17, 1], [3, 7, 4, 6], [5, 11, 6, 10], [7, 18, 8, 19], [9, 5, 10, 4], [20, 12, 21, 11], [22, 14, 23, 13], [2, 16, 3, 15], [24, 18, 1, 17], [19, 8, 20, 9], [14, 22, 15, 21], [12, 24, 13, 23]]"
12n_0247_13,"[[12, 24, 13, 23], [16, 2, 17, 1], [3, 7, 4, 6], [5, 11, 6, 10], [7, 18, 8, 19], [9, 5, 10, 4], [20, 12, 21, 11], [22, 14, 23, 13], [2, 16, 3, 15], [24, 18, 1, 17], [19, 8, 20, 9], [14, 22, 15, 21]]"
12n_0247_14,"[[14, 22, 15, 21], [12, 24, 13, 23], [16, 2, 17, 1], [3, 7, 4, 6], [5, 11, 6, 10], [7, 18, 8, 19], [9, 5, 10, 4], [20, 12, 21, 11], [22, 14, 23, 13], [2, 16, 3, 15], [24, 18, 1, 17], [19, 8, 20, 9]]"
12n_0247_15,"[[19, 8, 20, 9], [14, 22, 15, 21], [12, 24, 13, 23], [16, 2, 17, 1], [3, 7, 4, 6], [5, 11, 6, 10], [7, 18, 8, 19], [9, 5, 10, 4], [20, 12, 21, 11], [22, 14, 23, 13], [2, 16, 3, 15], [24, 18, 1, 17]]"
12n_0247_16,"[[24, 18, 1, 17], [19, 8, 20, 9], [14, 22, 15, 21], [12, 24, 13, 23], [16, 2, 17, 1], [3, 7, 4, 6], [5, 11, 6, 10], [7, 18, 8, 19], [9, 5, 10, 4], [20, 12, 21, 11], [22, 14, 23, 13], [2, 16, 3, 15]]"
12n_0247_17,"[[2, 16, 3, 15], [24, 18, 1, 17], [19, 8, 20, 9], [14, 22, 15, 21], [12, 24, 13, 23], [16, 2, 17, 1], [3, 7, 4, 6], [5, 11, 6, 10], [7, 18, 8, 19], [9, 5, 10, 4], [20, 12, 21, 11], [22, 14, 23, 13]]"
12n_0247_18,"[[22, 14, 23, 13], [2, 16, 3, 15], [24, 18, 1, 17], [19, 8, 20, 9], [14, 22, 15, 21], [12, 24, 13, 23], [16, 2, 17, 1], [3, 7, 4, 6], [5, 11, 6, 10], [7, 18, 8, 19], [9, 5, 10, 4], [20, 12, 21, 11]]"
12n_0247_19,"[[20, 12, 21, 11], [22, 14, 23, 13], [2, 16, 3, 15], [24, 18, 1, 17], [19, 8, 20, 9], [14, 22, 15, 21], [12, 24, 13, 23], [16, 2, 17, 1], [3, 7, 4, 6], [5, 11, 6, 10], [7, 18, 8, 19], [9, 5, 10, 4]]"
12n_0247_20,"[[9, 5, 10, 4], [20, 12, 21, 11], [22, 14, 23, 13], [2, 16, 3, 15], [24, 18, 1, 17], [19, 8, 20, 9], [14, 22, 15, 21], [12, 24, 13, 23], [16, 2, 17, 1], [3, 7, 4, 6], [5, 11, 6, 10], [7, 18, 8, 19]]"
12n_0247_21,"[[7, 18, 8, 19], [9, 5, 10, 4], [20, 12, 21, 11], [22, 14, 23, 13], [2, 16, 3, 15], [24, 18, 1, 17], [19, 8, 20, 9], [14, 22, 15, 21], [12, 24, 13, 23], [16, 2, 17, 1], [3, 7, 4, 6], [5, 11, 6, 10]]"
12n_0247_22,"[[5, 11, 6, 10], [7, 18, 8, 19], [9, 5, 10, 4], [20, 12, 21, 11], [22, 14, 23, 13], [2, 16, 3, 15], [24, 18, 1, 17], [19, 8, 20, 9], [14, 22, 15, 21], [12, 24, 13, 23], [16, 2, 17, 1], [3, 7, 4, 6]]"
12n_0247_23,"[[3, 7, 4, 6], [5, 11, 6, 10], [7, 18, 8, 19], [9, 5, 10, 4], [20, 12, 21, 11], [22, 14, 23, 13], [2, 16, 3, 15], [24, 18, 1, 17], [19, 8, 20, 9], [14, 22, 15, 21], [12, 24, 13, 23], [16, 2, 17, 1]]"
12n_0247_24,"[[17, 3, 18, 2], [4, 8, 5, 7], [6, 12, 7, 11], [8, 19, 9, 20], [10, 6, 11, 5], [21, 13, 22, 12], [23, 15, 24, 14], [3, 17, 4, 16], [1, 19, 2, 18], [20, 9, 21, 10], [15, 23, 16, 22], [13, 1, 14, 24]]"
12n_0247_25,"[[13, 1, 14, 24], [17, 3, 18, 2], [4, 8, 5, 7], [6, 12, 7, 11], [8, 19, 9, 20], [10, 6, 11, 5], [21, 13, 22, 12], [23, 15, 24, 14], [3, 17, 4, 16], [1, 19, 2, 18], [20, 9, 21, 10], [15, 23, 16, 22]]"
12n_0247_26,"[[15, 23, 16, 22], [13, 1, 14, 24], [17, 3, 18, 2], [4, 8, 5, 7], [6, 12, 7, 11], [8, 19, 9, 20], [10, 6, 11, 5], [21, 13, 22, 12], [23, 15, 24, 14], [3, 17, 4, 16], [1, 19, 2, 18], [20, 9, 21, 10]]"
12n_0247_27,"[[20, 9, 21, 10], [15, 23, 16, 22], [13, 1, 14, 24], [17, 3, 18, 2], [4, 8, 5, 7], [6, 12, 7, 11], [8, 19, 9, 20], [10, 6, 11, 5], [21, 13, 22, 12], [23, 15, 24, 14], [3, 17, 4, 16], [1, 19, 2, 18]]"
12n_0247_28,"[[1, 19, 2, 18], [20, 9, 21, 10], [15, 23, 16, 22], [13, 1, 14, 24], [17, 3, 18, 2], [4, 8, 5, 7], [6, 12, 7, 11], [8, 19, 9, 20], [10, 6, 11, 5], [21, 13, 22, 12], [23, 15, 24, 14], [3, 17, 4, 16]]"
12n_0247_29,"[[3, 17, 4, 16], [1, 19, 2, 18], [20, 9, 21, 10], [15, 23, 16, 22], [13, 1, 14, 24], [17, 3, 18, 2], [4, 8, 5, 7], [6, 12, 7, 11], [8, 19, 9, 20], [10, 6, 11, 5], [21, 13, 22, 12], [23, 15, 24, 14]]"
12n_0247_30,"[[23, 15, 24, 14], [3, 17, 4, 16], [1, 19, 2, 18], [20, 9, 21, 10], [15, 23, 16, 22], [13, 1, 14, 24], [17, 3, 18, 2], [4, 8, 5, 7], [6, 12, 7, 11], [8, 19, 9, 20], [10, 6, 11, 5], [21, 13, 22, 12]]"
12n_0247_31,"[[21, 13, 22, 12], [23, 15, 24, 14], [3, 17, 4, 16], [1, 19, 2, 18], [20, 9, 21, 10], [15, 23, 16, 22], [13, 1, 14, 24], [17, 3, 18, 2], [4, 8, 5, 7], [6, 12, 7, 11], [8, 19, 9, 20], [10, 6, 11, 5]]"
12n_0247_32,"[[10, 6, 11, 5], [21, 13, 22, 12], [23, 15, 24, 14], [3, 17, 4, 16], [1, 19, 2, 18], [20, 9, 21, 10], [15, 23, 16, 22], [13, 1, 14, 24], [17, 3, 18, 2], [4, 8, 5, 7], [6, 12, 7, 11], [8, 19, 9, 20]]"
12n_0247_33,"[[8, 19, 9, 20], [10, 6, 11, 5], [21, 13, 22, 12], [23, 15, 24, 14], [3, 17, 4, 16], [1, 19, 2, 18], [20, 9, 21, 10], [15, 23, 16, 22], [13, 1, 14, 24], [17, 3, 18, 2], [4, 8, 5, 7], [6, 12, 7, 11]]"
12n_0247_34,"[[6, 12, 7, 11], [8, 19, 9, 20], [10, 6, 11, 5], [21, 13, 22, 12], [23, 15, 24, 14], [3, 17, 4, 16], [1, 19, 2, 18], [20, 9, 21, 10], [15, 23, 16, 22], [13, 1, 14, 24], [17, 3, 18, 2], [4, 8, 5, 7]]"
12n_0247_35,"[[4, 8, 5, 7], [6, 12, 7, 11], [8, 19, 9, 20], [10, 6, 11, 5], [21, 13, 22, 12], [23, 15, 24, 14], [3, 17, 4, 16], [1, 19, 2, 18], [20, 9, 21, 10], [15, 23, 16, 22], [13, 1, 14, 24], [17, 3, 18, 2]]"
12n_0247_36,"[[18, 4, 19, 3], [5, 9, 6, 8], [7, 13, 8, 12], [9, 20, 10, 21], [11, 7, 12, 6], [22, 14, 23, 13], [24, 16, 1, 15], [4, 18, 5, 17], [2, 20, 3, 19], [21, 10, 22, 11], [16, 24, 17, 23], [14, 2, 15, 1]]"
12n_0247_37,"[[14, 2, 15, 1], [18, 4, 19, 3], [5, 9, 6, 8], [7, 13, 8, 12], [9, 20, 10, 21], [11, 7, 12, 6], [22, 14, 23, 13], [24, 16, 1, 15], [4, 18, 5, 17], [2, 20, 3, 19], [21, 10, 22, 11], [16, 24, 17, 23]]"
12n_0247_38,"[[16, 24, 17, 23], [14, 2, 15, 1], [18, 4, 19, 3], [5, 9, 6, 8], [7, 13, 8, 12], [9, 20, 10, 21], [11, 7, 12, 6], [22, 14, 23, 13], [24, 16, 1, 15], [4, 18, 5, 17], [2, 20, 3, 19], [21, 10, 22, 11]]"
12n_0247_39,"[[21, 10, 22, 11], [16, 24, 17, 23], [14, 2, 15, 1], [18, 4, 19, 3], [5, 9, 6, 8], [7, 13, 8, 12], [9, 20, 10, 21], [11, 7, 12, 6], [22, 14, 23, 13], [24, 16, 1, 15], [4, 18, 5, 17], [2, 20, 3, 19]]"
12n_0247_40,"[[2, 20, 3, 19], [21, 10, 22, 11], [16, 24, 17, 23], [14, 2, 15, 1], [18, 4, 19, 3], [5, 9, 6, 8], [7, 13, 8, 12], [9, 20, 10, 21], [11, 7, 12, 6], [22, 14, 23, 13], [24, 16, 1, 15], [4, 18, 5, 17]]"
12n_0247_41,"[[4, 18, 5, 17], [2, 20, 3, 19], [21, 10, 22, 11], [16, 24, 17, 23], [14, 2, 15, 1], [18, 4, 19, 3], [5, 9, 6, 8], [7, 13, 8, 12], [9, 20, 10, 21], [11, 7, 12, 6], [22, 14, 23, 13], [24, 16, 1, 15]]"
12n_0247_42,"[[24, 16, 1, 15], [4, 18, 5, 17], [2, 20, 3, 19], [21, 10, 22, 11], [16, 24, 17, 23], [14, 2, 15, 1], [18, 4, 19, 3], [5, 9, 6, 8], [7, 13, 8, 12], [9, 20, 10, 21], [11, 7, 12, 6], [22, 14, 23, 13]]"
12n_0247_43,"[[22, 14, 23, 13], [24, 16, 1, 15], [4, 18, 5, 17], [2, 20, 3, 19], [21, 10, 22, 11], [16, 24, 17, 23], [14, 2, 15, 1], [18, 4, 19, 3], [5, 9, 6, 8], [7, 13, 8, 12], [9, 20, 10, 21], [11, 7, 12, 6]]"
12n_0247_44,"[[11, 7, 12, 6], [22, 14, 23, 13], [24, 16, 1, 15], [4, 18, 5, 17], [2, 20, 3, 19], [21, 10, 22, 11], [16, 24, 17, 23], [14, 2, 15, 1], [18, 4, 19, 3], [5, 9, 6, 8], [7, 13, 8, 12], [9, 20, 10, 21]]"
12n_0247_45,"[[9, 20, 10, 21], [11, 7, 12, 6], [22, 14, 23, 13], [24, 16, 1, 15], [4, 18, 5, 17], [2, 20, 3, 19], [21, 10, 22, 11], [16, 24, 17, 23], [14, 2, 15, 1], [18, 4, 19, 3], [5, 9, 6, 8], [7, 13, 8, 12]]"
12n_0247_46,"[[7, 13, 8, 12], [9, 20, 10, 21], [11, 7, 12, 6], [22, 14, 23, 13], [24, 16, 1, 15], [4, 18, 5, 17], [2, 20, 3, 19], [21, 10, 22, 11], [16, 24, 17, 23], [14, 2, 15, 1], [18, 4, 19, 3], [5, 9, 6, 8]]"
12n_0247_47,"[[5, 9, 6, 8], [7, 13, 8, 12], [9, 20, 10, 21], [11, 7, 12, 6], [22, 14, 23, 13], [24, 16, 1, 15], [4, 18, 5, 17], [2, 20, 3, 19], [21, 10, 22, 11], [16, 24, 17, 23], [14, 2, 15, 1], [18, 4, 19, 3]]"
12n_0247_48,"[[19, 5, 20, 4], [6, 10, 7, 9], [8, 14, 9, 13], [10, 21, 11, 22], [12, 8, 13, 7], [23, 15, 24, 14], [1, 17, 2, 16], [5, 19, 6, 18], [3, 21, 4, 20], [22, 11, 23, 12], [17, 1, 18, 24], [15, 3, 16, 2]]"
12n_0247_49,"[[15, 3, 16, 2], [19, 5, 20, 4], [6, 10, 7, 9], [8, 14, 9, 13], [10, 21, 11, 22], [12, 8, 13, 7], [23, 15, 24, 14], [1, 17, 2, 16], [5, 19, 6, 18], [3, 21, 4, 20], [22, 11, 23, 12], [17, 1, 18, 24]]"
12n_0247_50,"[[17, 1, 18, 24], [15, 3, 16, 2], [19, 5, 20, 4], [6, 10, 7, 9], [8, 14, 9, 13], [10, 21, 11, 22], [12, 8, 13, 7], [23, 15, 24, 14], [1, 17, 2, 16], [5, 19, 6, 18], [3, 21, 4, 20], [22, 11, 23, 12]]"
12n_0247_51,"[[22, 11, 23, 12], [17, 1, 18, 24], [15, 3, 16, 2], [19, 5, 20, 4], [6, 10, 7, 9], [8, 14, 9, 13], [10, 21, 11, 22], [12, 8, 13, 7], [23, 15, 24, 14], [1, 17, 2, 16], [5, 19, 6, 18], [3, 21, 4, 20]]"
12n_0247_52,"[[3, 21, 4, 20], [22, 11, 23, 12], [17, 1, 18, 24], [15, 3, 16, 2], [19, 5, 20, 4], [6, 10, 7, 9], [8, 14, 9, 13], [10, 21, 11, 22], [12, 8, 13, 7], [23, 15, 24, 14], [1, 17, 2, 16], [5, 19, 6, 18]]"
12n_0247_53,"[[5, 19, 6, 18], [3, 21, 4, 20], [22, 11, 23, 12], [17, 1, 18, 24], [15, 3, 16, 2], [19, 5, 20, 4], [6, 10, 7, 9], [8, 14, 9, 13], [10, 21, 11, 22], [12, 8, 13, 7], [23, 15, 24, 14], [1, 17, 2, 16]]"
12n_0247_54,"[[1, 17, 2, 16], [5, 19, 6, 18], [3, 21, 4, 20], [22, 11, 23, 12], [17, 1, 18, 24], [15, 3, 16, 2], [19, 5, 20, 4], [6, 10, 7, 9], [8, 14, 9, 13], [10, 21, 11, 22], [12, 8, 13, 7], [23, 15, 24, 14]]"
12n_0247_55,"[[23, 15, 24, 14], [1, 17, 2, 16], [5, 19, 6, 18], [3, 21, 4, 20], [22, 11, 23, 12], [17, 1, 18, 24], [15, 3, 16, 2], [19, 5, 20, 4], [6, 10, 7, 9], [8, 14, 9, 13], [10, 21, 11, 22], [12, 8, 13, 7]]"
12n_0247_56,"[[12, 8, 13, 7], [23, 15, 24, 14], [1, 17, 2, 16], [5, 19, 6, 18], [3, 21, 4, 20], [22, 11, 23, 12], [17, 1, 18, 24], [15, 3, 16, 2], [19, 5, 20, 4], [6, 10, 7, 9], [8, 14, 9, 13], [10, 21, 11, 22]]"
12n_0247_57,"[[10, 21, 11, 22], [12, 8, 13, 7], [23, 15, 24, 14], [1, 17, 2, 16], [5, 19, 6, 18], [3, 21, 4, 20], [22, 11, 23, 12], [17, 1, 18, 24], [15, 3, 16, 2], [19, 5, 20, 4], [6, 10, 7, 9], [8, 14, 9, 13]]"
12n_0247_58,"[[8, 14, 9, 13], [10, 21, 11, 22], [12, 8, 13, 7], [23, 15, 24, 14], [1, 17, 2, 16], [5, 19, 6, 18], [3, 21, 4, 20], [22, 11, 23, 12], [17, 1, 18, 24], [15, 3, 16, 2], [19, 5, 20, 4], [6, 10, 7, 9]]"
12n_0247_59,"[[6, 10, 7, 9], [8, 14, 9, 13], [10, 21, 11, 22], [12, 8, 13, 7], [23, 15, 24, 14], [1, 17, 2, 16], [5, 19, 6, 18], [3, 21, 4, 20], [22, 11, 23, 12], [17, 1, 18, 24], [15, 3, 16, 2], [19, 5, 20, 4]]"
12n_0247_60,"[[20, 6, 21, 5], [7, 11, 8, 10], [9, 15, 10, 14], [11, 22, 12, 23], [13, 9, 14, 8], [24, 16, 1, 15], [2, 18, 3, 17], [6, 20, 7, 19], [4, 22, 5, 21], [23, 12, 24, 13], [18, 2, 19, 1], [16, 4, 17, 3]]"
12n_0247_61,"[[16, 4, 17, 3], [20, 6, 21, 5], [7, 11, 8, 10], [9, 15, 10, 14], [11, 22, 12, 23], [13, 9, 14, 8], [24, 16, 1, 15], [2, 18, 3, 17], [6, 20, 7, 19], [4, 22, 5, 21], [23, 12, 24, 13], [18, 2, 19, 1]]"
12n_0247_62,"[[18, 2, 19, 1], [16, 4, 17, 3], [20, 6, 21, 5], [7, 11, 8, 10], [9, 15, 10, 14], [11, 22, 12, 23], [13, 9, 14, 8], [24, 16, 1, 15], [2, 18, 3, 17], [6, 20, 7, 19], [4, 22, 5, 21], [23, 12, 24, 13]]"
12n_0247_63,"[[23, 12, 24, 13], [18, 2, 19, 1], [16, 4, 17, 3], [20, 6, 21, 5], [7, 11, 8, 10], [9, 15, 10, 14], [11, 22, 12, 23], [13, 9, 14, 8], [24, 16, 1, 15], [2, 18, 3, 17], [6, 20, 7, 19], [4, 22, 5, 21]]"
12n_0247_64,"[[4, 22, 5, 21], [23, 12, 24, 13], [18, 2, 19, 1], [16, 4, 17, 3], [20, 6, 21, 5], [7, 11, 8, 10], [9, 15, 10, 14], [11, 22, 12, 23], [13, 9, 14, 8], [24, 16, 1, 15], [2, 18, 3, 17], [6, 20, 7, 19]]"
12n_0247_65,"[[6, 20, 7, 19], [4, 22, 5, 21], [23, 12, 24, 13], [18, 2, 19, 1], [16, 4, 17, 3], [20, 6, 21, 5], [7, 11, 8, 10], [9, 15, 10, 14], [11, 22, 12, 23], [13, 9, 14, 8], [24, 16, 1, 15], [2, 18, 3, 17]]"
12n_0247_66,"[[2, 18, 3, 17], [6, 20, 7, 19], [4, 22, 5, 21], [23, 12, 24, 13], [18, 2, 19, 1], [16, 4, 17, 3], [20, 6, 21, 5], [7, 11, 8, 10], [9, 15, 10, 14], [11, 22, 12, 23], [13, 9, 14, 8], [24, 16, 1, 15]]"
12n_0247_67,"[[24, 16, 1, 15], [2, 18, 3, 17], [6, 20, 7, 19], [4, 22, 5, 21], [23, 12, 24, 13], [18, 2, 19, 1], [16, 4, 17, 3], [20, 6, 21, 5], [7, 11, 8, 10], [9, 15, 10, 14], [11, 22, 12, 23], [13, 9, 14, 8]]"
12n_0247_68,"[[13, 9, 14, 8], [24, 16, 1, 15], [2, 18, 3, 17], [6, 20, 7, 19], [4, 22, 5, 21], [23, 12, 24, 13], [18, 2, 19, 1], [16, 4, 17, 3], [20, 6, 21, 5], [7, 11, 8, 10], [9, 15, 10, 14], [11, 22, 12, 23]]"
12n_0247_69,"[[11, 22, 12, 23], [13, 9, 14, 8], [24, 16, 1, 15], [2, 18, 3, 17], [6, 20, 7, 19], [4, 22, 5, 21], [23, 12, 24, 13], [18, 2, 19, 1], [16, 4, 17, 3], [20, 6, 21, 5], [7, 11, 8, 10], [9, 15, 10, 14]]"
12n_0247_70,"[[9, 15, 10, 14], [11, 22, 12, 23], [13, 9, 14, 8], [24, 16, 1, 15], [2, 18, 3, 17], [6, 20, 7, 19], [4, 22, 5, 21], [23, 12, 24, 13], [18, 2, 19, 1], [16, 4, 17, 3], [20, 6, 21, 5], [7, 11, 8, 10]]"
12n_0247_71,"[[7, 11, 8, 10], [9, 15, 10, 14], [11, 22, 12, 23], [13, 9, 14, 8], [24, 16, 1, 15], [2, 18, 3, 17], [6, 20, 7, 19], [4, 22, 5, 21], [23, 12, 24, 13], [18, 2, 19, 1], [16, 4, 17, 3], [20, 6, 21, 5]]"
12n_0247_72,"[[21, 7, 22, 6], [8, 12, 9, 11], [10, 16, 11, 15], [12, 23, 13, 24], [14, 10, 15, 9], [1, 17, 2, 16], [3, 19, 4, 18], [7, 21, 8, 20], [5, 23, 6, 22], [24, 13, 1, 14], [19, 3, 20, 2], [17, 5, 18, 4]]"
12n_0247_73,"[[17, 5, 18, 4], [21, 7, 22, 6], [8, 12, 9, 11], [10, 16, 11, 15], [12, 23, 13, 24], [14, 10, 15, 9], [1, 17, 2, 16], [3, 19, 4, 18], [7, 21, 8, 20], [5, 23, 6, 22], [24, 13, 1, 14], [19, 3, 20, 2]]"
12n_0247_74,"[[19, 3, 20, 2], [17, 5, 18, 4], [21, 7, 22, 6], [8, 12, 9, 11], [10, 16, 11, 15], [12, 23, 13, 24], [14, 10, 15, 9], [1, 17, 2, 16], [3, 19, 4, 18], [7, 21, 8, 20], [5, 23, 6, 22], [24, 13, 1, 14]]"
12n_0247_75,"[[24, 13, 1, 14], [19, 3, 20, 2], [17, 5, 18, 4], [21, 7, 22, 6], [8, 12, 9, 11], [10, 16, 11, 15], [12, 23, 13, 24], [14, 10, 15, 9], [1, 17, 2, 16], [3, 19, 4, 18], [7, 21, 8, 20], [5, 23, 6, 22]]"
12n_0247_76,"[[5, 23, 6, 22], [24, 13, 1, 14], [19, 3, 20, 2], [17, 5, 18, 4], [21, 7, 22, 6], [8, 12, 9, 11], [10, 16, 11, 15], [12, 23, 13, 24], [14, 10, 15, 9], [1, 17, 2, 16], [3, 19, 4, 18], [7, 21, 8, 20]]"
12n_0247_77,"[[7, 21, 8, 20], [5, 23, 6, 22], [24, 13, 1, 14], [19, 3, 20, 2], [17, 5, 18, 4], [21, 7, 22, 6], [8, 12, 9, 11], [10, 16, 11, 15], [12, 23, 13, 24], [14, 10, 15, 9], [1, 17, 2, 16], [3, 19, 4, 18]]"
12n_0247_78,"[[3, 19, 4, 18], [7, 21, 8, 20], [5, 23, 6, 22], [24, 13, 1, 14], [19, 3, 20, 2], [17, 5, 18, 4], [21, 7, 22, 6], [8, 12, 9, 11], [10, 16, 11, 15], [12, 23, 13, 24], [14, 10, 15, 9], [1, 17, 2, 16]]"
12n_0247_79,"[[1, 17, 2, 16], [3, 19, 4, 18], [7, 21, 8, 20], [5, 23, 6, 22], [24, 13, 1, 14], [19, 3, 20, 2], [17, 5, 18, 4], [21, 7, 22, 6], [8, 12, 9, 11], [10, 16, 11, 15], [12, 23, 13, 24], [14, 10, 15, 9]]"
12n_0247_80,"[[14, 10, 15, 9], [1, 17, 2, 16], [3, 19, 4, 18], [7, 21, 8, 20], [5, 23, 6, 22], [24, 13, 1, 14], [19, 3, 20, 2], [17, 5, 18, 4], [21, 7, 22, 6], [8, 12, 9, 11], [10, 16, 11, 15], [12, 23, 13, 24]]"
12n_0247_81,"[[12, 23, 13, 24], [14, 10, 15, 9], [1, 17, 2, 16], [3, 19, 4, 18], [7, 21, 8, 20], [5, 23, 6, 22], [24, 13, 1, 14], [19, 3, 20, 2], [17, 5, 18, 4], [21, 7, 22, 6], [8, 12, 9, 11], [10, 16, 11, 15]]"
12n_0247_82,"[[10, 16, 11, 15], [12, 23, 13, 24], [14, 10, 15, 9], [1, 17, 2, 16], [3, 19, 4, 18], [7, 21, 8, 20], [5, 23, 6, 22], [24, 13, 1, 14], [19, 3, 20, 2], [17, 5, 18, 4], [21, 7, 22, 6], [8, 12, 9, 11]]"
12n_0247_83,"[[8, 12, 9, 11], [10, 16, 11, 15], [12, 23, 13, 24], [14, 10, 15, 9], [1, 17, 2, 16], [3, 19, 4, 18], [7, 21, 8, 20], [5, 23, 6, 22], [24, 13, 1, 14], [19, 3, 20, 2], [17, 5, 18, 4], [21, 7, 22, 6]]"
12n_0247_84,"[[22, 8, 23, 7], [9, 13, 10, 12], [11, 17, 12, 16], [13, 24, 14, 1], [15, 11, 16, 10], [2, 18, 3, 17], [4, 20, 5, 19], [8, 22, 9, 21], [6, 24, 7, 23], [1, 14, 2, 15], [20, 4, 21, 3], [18, 6, 19, 5]]"
12n_0247_85,"[[18, 6, 19, 5], [22, 8, 23, 7], [9, 13, 10, 12], [11, 17, 12, 16], [13, 24, 14, 1], [15, 11, 16, 10], [2, 18, 3, 17], [4, 20, 5, 19], [8, 22, 9, 21], [6, 24, 7, 23], [1, 14, 2, 15], [20, 4, 21, 3]]"
12n_0247_86,"[[20, 4, 21, 3], [18, 6, 19, 5], [22, 8, 23, 7], [9, 13, 10, 12], [11, 17, 12, 16], [13, 24, 14, 1], [15, 11, 16, 10], [2, 18, 3, 17], [4, 20, 5, 19], [8, 22, 9, 21], [6, 24, 7, 23], [1, 14, 2, 15]]"
12n_0247_87,"[[1, 14, 2, 15], [20, 4, 21, 3], [18, 6, 19, 5], [22, 8, 23, 7], [9, 13, 10, 12], [11, 17, 12, 16], [13, 24, 14, 1], [15, 11, 16, 10], [2, 18, 3, 17], [4, 20, 5, 19], [8, 22, 9, 21], [6, 24, 7, 23]]"
12n_0247_88,"[[6, 24, 7, 23], [1, 14, 2, 15], [20, 4, 21, 3], [18, 6, 19, 5], [22, 8, 23, 7], [9, 13, 10, 12], [11, 17, 12, 16], [13, 24, 14, 1], [15, 11, 16, 10], [2, 18, 3, 17], [4, 20, 5, 19], [8, 22, 9, 21]]"
12n_0247_89,"[[8, 22, 9, 21], [6, 24, 7, 23], [1, 14, 2, 15], [20, 4, 21, 3], [18, 6, 19, 5], [22, 8, 23, 7], [9, 13, 10, 12], [11, 17, 12, 16], [13, 24, 14, 1], [15, 11, 16, 10], [2, 18, 3, 17], [4, 20, 5, 19]]"
12n_0247_90,"[[4, 20, 5, 19], [8, 22, 9, 21], [6, 24, 7, 23], [1, 14, 2, 15], [20, 4, 21, 3], [18, 6, 19, 5], [22, 8, 23, 7], [9, 13, 10, 12], [11, 17, 12, 16], [13, 24, 14, 1], [15, 11, 16, 10], [2, 18, 3, 17]]"
12n_0247_91,"[[2, 18, 3, 17], [4, 20, 5, 19], [8, 22, 9, 21], [6, 24, 7, 23], [1, 14, 2, 15], [20, 4, 21, 3], [18, 6, 19, 5], [22, 8, 23, 7], [9, 13, 10, 12], [11, 17, 12, 16], [13, 24, 14, 1], [15, 11, 16, 10]]"
12n_0247_92,"[[15, 11, 16, 10], [2, 18, 3, 17], [4, 20, 5, 19], [8, 22, 9, 21], [6, 24, 7, 23], [1, 14, 2, 15], [20, 4, 21, 3], [18, 6, 19, 5], [22, 8, 23, 7], [9, 13, 10, 12], [11, 17, 12, 16], [13, 24, 14, 1]]"
12n_0247_93,"[[13, 24, 14, 1], [15, 11, 16, 10], [2, 18, 3, 17], [4, 20, 5, 19], [8, 22, 9, 21], [6, 24, 7, 23], [1, 14, 2, 15], [20, 4, 21, 3], [18, 6, 19, 5], [22, 8, 23, 7], [9, 13, 10, 12], [11, 17, 12, 16]]"
12n_0247_94,"[[11, 17, 12, 16], [13, 24, 14, 1], [15, 11, 16, 10], [2, 18, 3, 17], [4, 20, 5, 19], [8, 22, 9, 21], [6, 24, 7, 23], [1, 14, 2, 15], [20, 4, 21, 3], [18, 6, 19, 5], [22, 8, 23, 7], [9, 13, 10, 12]]"
12n_0247_95,"[[9, 13, 10, 12], [11, 17, 12, 16], [13, 24, 14, 1], [15, 11, 16, 10], [2, 18, 3, 17], [4, 20, 5, 19], [8, 22, 9, 21], [6, 24, 7, 23], [1, 14, 2, 15], [20, 4, 21, 3], [18, 6, 19, 5], [22, 8, 23, 7]]"
12n_0247_96,"[[23, 9, 24, 8], [10, 14, 11, 13], [12, 18, 13, 17], [14, 1, 15, 2], [16, 12, 17, 11], [3, 19, 4, 18], [5, 21, 6, 20], [9, 23, 10, 22], [7, 1, 8, 24], [2, 15, 3, 16], [21, 5, 22, 4], [19, 7, 20, 6]]"
12n_0247_97,"[[19, 7, 20, 6], [23, 9, 24, 8], [10, 14, 11, 13], [12, 18, 13, 17], [14, 1, 15, 2], [16, 12, 17, 11], [3, 19, 4, 18], [5, 21, 6, 20], [9, 23, 10, 22], [7, 1, 8, 24], [2, 15, 3, 16], [21, 5, 22, 4]]"
12n_0247_98,"[[21, 5, 22, 4], [19, 7, 20, 6], [23, 9, 24, 8], [10, 14, 11, 13], [12, 18, 13, 17], [14, 1, 15, 2], [16, 12, 17, 11], [3, 19, 4, 18], [5, 21, 6, 20], [9, 23, 10, 22], [7, 1, 8, 24], [2, 15, 3, 16]]"
12n_0247_99,"[[2, 15, 3, 16], [21, 5, 22, 4], [19, 7, 20, 6], [23, 9, 24, 8], [10, 14, 11, 13], [12, 18, 13, 17], [14, 1, 15, 2], [16, 12, 17, 11], [3, 19, 4, 18], [5, 21, 6, 20], [9, 23, 10, 22], [7, 1, 8, 24]]"
12n_0247_100,"[[7, 1, 8, 24], [2, 15, 3, 16], [21, 5, 22, 4], [19, 7, 20, 6], [23, 9, 24, 8], [10, 14, 11, 13], [12, 18, 13, 17], [14, 1, 15, 2], [16, 12, 17, 11], [3, 19, 4, 18], [5, 21, 6, 20], [9, 23, 10, 22]]"
12n_0247_101,"[[9, 23, 10, 22], [7, 1, 8, 24], [2, 15, 3, 16], [21, 5, 22, 4], [19, 7, 20, 6], [23, 9, 24, 8], [10, 14, 11, 13], [12, 18, 13, 17], [14, 1, 15, 2], [16, 12, 17, 11], [3, 19, 4, 18], [5, 21, 6, 20]]"
12n_0247_102,"[[5, 21, 6, 20], [9, 23, 10, 22], [7, 1, 8, 24], [2, 15, 3, 16], [21, 5, 22, 4], [19, 7, 20, 6], [23, 9, 24, 8], [10, 14, 11, 13], [12, 18, 13, 17], [14, 1, 15, 2], [16, 12, 17, 11], [3, 19, 4, 18]]"
12n_0247_103,"[[3, 19, 4, 18], [5, 21, 6, 20], [9, 23, 10, 22], [7, 1, 8, 24], [2, 15, 3, 16], [21, 5, 22, 4], [19, 7, 20, 6], [23, 9, 24, 8], [10, 14, 11, 13], [12, 18, 13, 17], [14, 1, 15, 2], [16, 12, 17, 11]]"
12n_0247_104,"[[16, 12, 17, 11], [3, 19, 4, 18], [5, 21, 6, 20], [9, 23, 10, 22], [7, 1, 8, 24], [2, 15, 3, 16], [21, 5, 22, 4], [19, 7, 20, 6], [23, 9, 24, 8], [10, 14, 11, 13], [12, 18, 13, 17], [14, 1, 15, 2]]"
12n_0247_105,"[[14, 1, 15, 2], [16, 12, 17, 11], [3, 19, 4, 18], [5, 21, 6, 20], [9, 23, 10, 22], [7, 1, 8, 24], [2, 15, 3, 16], [21, 5, 22, 4], [19, 7, 20, 6], [23, 9, 24, 8], [10, 14, 11, 13], [12, 18, 13, 17]]"
12n_0247_106,"[[12, 18, 13, 17], [14, 1, 15, 2], [16, 12, 17, 11], [3, 19, 4, 18], [5, 21, 6, 20], [9, 23, 10, 22], [7, 1, 8, 24], [2, 15, 3, 16], [21, 5, 22, 4], [19, 7, 20, 6], [23, 9, 24, 8], [10, 14, 11, 13]]"
12n_0247_107,"[[10, 14, 11, 13], [12, 18, 13, 17], [14, 1, 15, 2], [16, 12, 17, 11], [3, 19, 4, 18], [5, 21, 6, 20], [9, 23, 10, 22], [7, 1, 8, 24], [2, 15, 3, 16], [21, 5, 22, 4], [19, 7, 20, 6], [23, 9, 24, 8]]"
12n_0247_108,"[[24, 10, 1, 9], [11, 15, 12, 14], [13, 19, 14, 18], [15, 2, 16, 3], [17, 13, 18, 12], [4, 20, 5, 19], [6, 22, 7, 21], [10, 24, 11, 23], [8, 2, 9, 1], [3, 16, 4, 17], [22, 6, 23, 5], [20, 8, 21, 7]]"
12n_0247_109,"[[20, 8, 21, 7], [24, 10, 1, 9], [11, 15, 12, 14], [13, 19, 14, 18], [15, 2, 16, 3], [17, 13, 18, 12], [4, 20, 5, 19], [6, 22, 7, 21], [10, 24, 11, 23], [8, 2, 9, 1], [3, 16, 4, 17], [22, 6, 23, 5]]"
12n_0247_110,"[[22, 6, 23, 5], [20, 8, 21, 7], [24, 10, 1, 9], [11, 15, 12, 14], [13, 19, 14, 18], [15, 2, 16, 3], [17, 13, 18, 12], [4, 20, 5, 19], [6, 22, 7, 21], [10, 24, 11, 23], [8, 2, 9, 1], [3, 16, 4, 17]]"
12n_0247_111,"[[3, 16, 4, 17], [22, 6, 23, 5], [20, 8, 21, 7], [24, 10, 1, 9], [11, 15, 12, 14], [13, 19, 14, 18], [15, 2, 16, 3], [17, 13, 18, 12], [4, 20, 5, 19], [6, 22, 7, 21], [10, 24, 11, 23], [8, 2, 9, 1]]"
12n_0247_112,"[[8, 2, 9, 1], [3, 16, 4, 17], [22, 6, 23, 5], [20, 8, 21, 7], [24, 10, 1, 9], [11, 15, 12, 14], [13, 19, 14, 18], [15, 2, 16, 3], [17, 13, 18, 12], [4, 20, 5, 19], [6, 22, 7, 21], [10, 24, 11, 23]]"
12n_0247_113,"[[10, 24, 11, 23], [8, 2, 9, 1], [3, 16, 4, 17], [22, 6, 23, 5], [20, 8, 21, 7], [24, 10, 1, 9], [11, 15, 12, 14], [13, 19, 14, 18], [15, 2, 16, 3], [17, 13, 18, 12], [4, 20, 5, 19], [6, 22, 7, 21]]"
12n_0247_114,"[[6, 22, 7, 21], [10, 24, 11, 23], [8, 2, 9, 1], [3, 16, 4, 17], [22, 6, 23, 5], [20, 8, 21, 7], [24, 10, 1, 9], [11, 15, 12, 14], [13, 19, 14, 18], [15, 2, 16, 3], [17, 13, 18, 12], [4, 20, 5, 19]]"
12n_0247_115,"[[4, 20, 5, 19], [6, 22, 7, 21], [10, 24, 11, 23], [8, 2, 9, 1], [3, 16, 4, 17], [22, 6, 23, 5], [20, 8, 21, 7], [24, 10, 1, 9], [11, 15, 12, 14], [13, 19, 14, 18], [15, 2, 16, 3], [17, 13, 18, 12]]"
12n_0247_116,"[[17, 13, 18, 12], [4, 20, 5, 19], [6, 22, 7, 21], [10, 24, 11, 23], [8, 2, 9, 1], [3, 16, 4, 17], [22, 6, 23, 5], [20, 8, 21, 7], [24, 10, 1, 9], [11, 15, 12, 14], [13, 19, 14, 18], [15, 2, 16, 3]]"
12n_0247_117,"[[15, 2, 16, 3], [17, 13, 18, 12], [4, 20, 5, 19], [6, 22, 7, 21], [10, 24, 11, 23], [8, 2, 9, 1], [3, 16, 4, 17], [22, 6, 23, 5], [20, 8, 21, 7], [24, 10, 1, 9], [11, 15, 12, 14], [13, 19, 14, 18]]"
12n_0247_118,"[[13, 19, 14, 18], [15, 2, 16, 3], [17, 13, 18, 12], [4, 20, 5, 19], [6, 22, 7, 21], [10, 24, 11, 23], [8, 2, 9, 1], [3, 16, 4, 17], [22, 6, 23, 5], [20, 8, 21, 7], [24, 10, 1, 9], [11, 15, 12, 14]]"
12n_0247_119,"[[11, 15, 12, 14], [13, 19, 14, 18], [15, 2, 16, 3], [17, 13, 18, 12], [4, 20, 5, 19], [6, 22, 7, 21], [10, 24, 11, 23], [8, 2, 9, 1], [3, 16, 4, 17], [22, 6, 23, 5], [20, 8, 21, 7], [24, 10, 1, 9]]"
12n_0247_120,"[[1, 11, 2, 10], [12, 16, 13, 15], [14, 20, 15, 19], [16, 3, 17, 4], [18, 14, 19, 13], [5, 21, 6, 20], [7, 23, 8, 22], [11, 1, 12, 24], [9, 3, 10, 2], [4, 17, 5, 18], [23, 7, 24, 6], [21, 9, 22, 8]]"
12n_0247_121,"[[21, 9, 22, 8], [1, 11, 2, 10], [12, 16, 13, 15], [14, 20, 15, 19], [16, 3, 17, 4], [18, 14, 19, 13], [5, 21, 6, 20], [7, 23, 8, 22], [11, 1, 12, 24], [9, 3, 10, 2], [4, 17, 5, 18], [23, 7, 24, 6]]"
12n_0247_122,"[[23, 7, 24, 6], [21, 9, 22, 8], [1, 11, 2, 10], [12, 16, 13, 15], [14, 20, 15, 19], [16, 3, 17, 4], [18, 14, 19, 13], [5, 21, 6, 20], [7, 23, 8, 22], [11, 1, 12, 24], [9, 3, 10, 2], [4, 17, 5, 18]]"
12n_0247_123,"[[4, 17, 5, 18], [23, 7, 24, 6], [21, 9, 22, 8], [1, 11, 2, 10], [12, 16, 13, 15], [14, 20, 15, 19], [16, 3, 17, 4], [18, 14, 19, 13], [5, 21, 6, 20], [7, 23, 8, 22], [11, 1, 12, 24], [9, 3, 10, 2]]"
12n_0247_124,"[[9, 3, 10, 2], [4, 17, 5, 18], [23, 7, 24, 6], [21, 9, 22, 8], [1, 11, 2, 10], [12, 16, 13, 15], [14, 20, 15, 19], [16, 3, 17, 4], [18, 14, 19, 13], [5, 21, 6, 20], [7, 23, 8, 22], [11, 1, 12, 24]]"
12n_0247_125,"[[11, 1, 12, 24], [9, 3, 10, 2], [4, 17, 5, 18], [23, 7, 24, 6], [21, 9, 22, 8], [1, 11, 2, 10], [12, 16, 13, 15], [14, 20, 15, 19], [16, 3, 17, 4], [18, 14, 19, 13], [5, 21, 6, 20], [7, 23, 8, 22]]"
12n_0247_126,"[[7, 23, 8, 22], [11, 1, 12, 24], [9, 3, 10, 2], [4, 17, 5, 18], [23, 7, 24, 6], [21, 9, 22, 8], [1, 11, 2, 10], [12, 16, 13, 15], [14, 20, 15, 19], [16, 3, 17, 4], [18, 14, 19, 13], [5, 21, 6, 20]]"
12n_0247_127,"[[5, 21, 6, 20], [7, 23, 8, 22], [11, 1, 12, 24], [9, 3, 10, 2], [4, 17, 5, 18], [23, 7, 24, 6], [21, 9, 22, 8], [1, 11, 2, 10], [12, 16, 13, 15], [14, 20, 15, 19], [16, 3, 17, 4], [18, 14, 19, 13]]"
12n_0247_128,"[[18, 14, 19, 13], [5, 21, 6, 20], [7, 23, 8, 22], [11, 1, 12, 24], [9, 3, 10, 2], [4, 17, 5, 18], [23, 7, 24, 6], [21, 9, 22, 8], [1, 11, 2, 10], [12, 16, 13, 15], [14, 20, 15, 19], [16, 3, 17, 4]]"
12n_0247_129,"[[16, 3, 17, 4], [18, 14, 19, 13], [5, 21, 6, 20], [7, 23, 8, 22], [11, 1, 12, 24], [9, 3, 10, 2], [4, 17, 5, 18], [23, 7, 24, 6], [21, 9, 22, 8], [1, 11, 2, 10], [12, 16, 13, 15], [14, 20, 15, 19]]"
12n_0247_130,"[[14, 20, 15, 19], [16, 3, 17, 4], [18, 14, 19, 13], [5, 21, 6, 20], [7, 23, 8, 22], [11, 1, 12, 24], [9, 3, 10, 2], [4, 17, 5, 18], [23, 7, 24, 6], [21, 9, 22, 8], [1, 11, 2, 10], [12, 16, 13, 15]]"
12n_0247_131,"[[12, 16, 13, 15], [14, 20, 15, 19], [16, 3, 17, 4], [18, 14, 19, 13], [5, 21, 6, 20], [7, 23, 8, 22], [11, 1, 12, 24], [9, 3, 10, 2], [4, 17, 5, 18], [23, 7, 24, 6], [21, 9, 22, 8], [1, 11, 2, 10]]"
12n_0247_132,"[[2, 12, 3, 11], [13, 17, 14, 16], [15, 21, 16, 20], [17, 4, 18, 5], [19, 15, 20, 14], [6, 22, 7, 21], [8, 24, 9, 23], [12, 2, 13, 1], [10, 4, 11, 3], [5, 18, 6, 19], [24, 8, 1, 7], [22, 10, 23, 9]]"
12n_0247_133,"[[22, 10, 23, 9], [2, 12, 3, 11], [13, 17, 14, 16], [15, 21, 16, 20], [17, 4, 18, 5], [19, 15, 20, 14], [6, 22, 7, 21], [8, 24, 9, 23], [12, 2, 13, 1], [10, 4, 11, 3], [5, 18, 6, 19], [24, 8, 1, 7]]"
12n_0247_134,"[[24, 8, 1, 7], [22, 10, 23, 9], [2, 12, 3, 11], [13, 17, 14, 16], [15, 21, 16, 20], [17, 4, 18, 5], [19, 15, 20, 14], [6, 22, 7, 21], [8, 24, 9, 23], [12, 2, 13, 1], [10, 4, 11, 3], [5, 18, 6, 19]]"
12n_0247_135,"[[5, 18, 6, 19], [24, 8, 1, 7], [22, 10, 23, 9], [2, 12, 3, 11], [13, 17, 14, 16], [15, 21, 16, 20], [17, 4, 18, 5], [19, 15, 20, 14], [6, 22, 7, 21], [8, 24, 9, 23], [12, 2, 13, 1], [10, 4, 11, 3]]"
12n_0247_136,"[[10, 4, 11, 3], [5, 18, 6, 19], [24, 8, 1, 7], [22, 10, 23, 9], [2, 12, 3, 11], [13, 17, 14, 16], [15, 21, 16, 20], [17, 4, 18, 5], [19, 15, 20, 14], [6, 22, 7, 21], [8, 24, 9, 23], [12, 2, 13, 1]]"
12n_0247_137,"[[12, 2, 13, 1], [10, 4, 11, 3], [5, 18, 6, 19], [24, 8, 1, 7], [22, 10, 23, 9], [2, 12, 3, 11], [13, 17, 14, 16], [15, 21, 16, 20], [17, 4, 18, 5], [19, 15, 20, 14], [6, 22, 7, 21], [8, 24, 9, 23]]"
12n_0247_138,"[[8, 24, 9, 23], [12, 2, 13, 1], [10, 4, 11, 3], [5, 18, 6, 19], [24, 8, 1, 7], [22, 10, 23, 9], [2, 12, 3, 11], [13, 17, 14, 16], [15, 21, 16, 20], [17, 4, 18, 5], [19, 15, 20, 14], [6, 22, 7, 21]]"
12n_0247_139,"[[6, 22, 7, 21], [8, 24, 9, 23], [12, 2, 13, 1], [10, 4, 11, 3], [5, 18, 6, 19], [24, 8, 1, 7], [22, 10, 23, 9], [2, 12, 3, 11], [13, 17, 14, 16], [15, 21, 16, 20], [17, 4, 18, 5], [19, 15, 20, 14]]"
12n_0247_140,"[[19, 15, 20, 14], [6, 22, 7, 21], [8, 24, 9, 23], [12, 2, 13, 1], [10, 4, 11, 3], [5, 18, 6, 19], [24, 8, 1, 7], [22, 10, 23, 9], [2, 12, 3, 11], [13, 17, 14, 16], [15, 21, 16, 20], [17, 4, 18, 5]]"
12n_0247_141,"[[17, 4, 18, 5], [19, 15, 20, 14], [6, 22, 7, 21], [8, 24, 9, 23], [12, 2, 13, 1], [10, 4, 11, 3], [5, 18, 6, 19], [24, 8, 1, 7], [22, 10, 23, 9], [2, 12, 3, 11], [13, 17, 14, 16], [15, 21, 16, 20]]"
12n_0247_142,"[[15, 21, 16, 20], [17, 4, 18, 5], [19, 15, 20, 14], [6, 22, 7, 21], [8, 24, 9, 23], [12, 2, 13, 1], [10, 4, 11, 3], [5, 18, 6, 19], [24, 8, 1, 7], [22, 10, 23, 9], [2, 12, 3, 11], [13, 17, 14, 16]]"
12n_0247_143,"[[13, 17, 14, 16], [15, 21, 16, 20], [17, 4, 18, 5], [19, 15, 20, 14], [6, 22, 7, 21], [8, 24, 9, 23], [12, 2, 13, 1], [10, 4, 11, 3], [5, 18, 6, 19], [24, 8, 1, 7], [22, 10, 23, 9], [2, 12, 3, 11]]"
12n_0247_144,"[[3, 13, 4, 12], [14, 18, 15, 17], [16, 22, 17, 21], [18, 5, 19, 6], [20, 16, 21, 15], [7, 23, 8, 22], [9, 1, 10, 24], [13, 3, 14, 2], [11, 5, 12, 4], [6, 19, 7, 20], [1, 9, 2, 8], [23, 11, 24, 10]]"
12n_0247_145,"[[23, 11, 24, 10], [3, 13, 4, 12], [14, 18, 15, 17], [16, 22, 17, 21], [18, 5, 19, 6], [20, 16, 21, 15], [7, 23, 8, 22], [9, 1, 10, 24], [13, 3, 14, 2], [11, 5, 12, 4], [6, 19, 7, 20], [1, 9, 2, 8]]"
12n_0247_146,"[[1, 9, 2, 8], [23, 11, 24, 10], [3, 13, 4, 12], [14, 18, 15, 17], [16, 22, 17, 21], [18, 5, 19, 6], [20, 16, 21, 15], [7, 23, 8, 22], [9, 1, 10, 24], [13, 3, 14, 2], [11, 5, 12, 4], [6, 19, 7, 20]]"
12n_0247_147,"[[6, 19, 7, 20], [1, 9, 2, 8], [23, 11, 24, 10], [3, 13, 4, 12], [14, 18, 15, 17], [16, 22, 17, 21], [18, 5, 19, 6], [20, 16, 21, 15], [7, 23, 8, 22], [9, 1, 10, 24], [13, 3, 14, 2], [11, 5, 12, 4]]"
12n_0247_148,"[[11, 5, 12, 4], [6, 19, 7, 20], [1, 9, 2, 8], [23, 11, 24, 10], [3, 13, 4, 12], [14, 18, 15, 17], [16, 22, 17, 21], [18, 5, 19, 6], [20, 16, 21, 15], [7, 23, 8, 22], [9, 1, 10, 24], [13, 3, 14, 2]]"
12n_0247_149,"[[13, 3, 14, 2], [11, 5, 12, 4], [6, 19, 7, 20], [1, 9, 2, 8], [23, 11, 24, 10], [3, 13, 4, 12], [14, 18, 15, 17], [16, 22, 17, 21], [18, 5, 19, 6], [20, 16, 21, 15], [7, 23, 8, 22], [9, 1, 10, 24]]"
12n_0247_150,"[[9, 1, 10, 24], [13, 3, 14, 2], [11, 5, 12, 4], [6, 19, 7, 20], [1, 9, 2, 8], [23, 11, 24, 10], [3, 13, 4, 12], [14, 18, 15, 17], [16, 22, 17, 21], [18, 5, 19, 6], [20, 16, 21, 15], [7, 23, 8, 22]]"
12n_0247_151,"[[7, 23, 8, 22], [9, 1, 10, 24], [13, 3, 14, 2], [11, 5, 12, 4], [6, 19, 7, 20], [1, 9, 2, 8], [23, 11, 24, 10], [3, 13, 4, 12], [14, 18, 15, 17], [16, 22, 17, 21], [18, 5, 19, 6], [20, 16, 21, 15]]"
12n_0247_152,"[[20, 16, 21, 15], [7, 23, 8, 22], [9, 1, 10, 24], [13, 3, 14, 2], [11, 5, 12, 4], [6, 19, 7, 20], [1, 9, 2, 8], [23, 11, 24, 10], [3, 13, 4, 12], [14, 18, 15, 17], [16, 22, 17, 21], [18, 5, 19, 6]]"
12n_0247_153,"[[18, 5, 19, 6], [20, 16, 21, 15], [7, 23, 8, 22], [9, 1, 10, 24], [13, 3, 14, 2], [11, 5, 12, 4], [6, 19, 7, 20], [1, 9, 2, 8], [23, 11, 24, 10], [3, 13, 4, 12], [14, 18, 15, 17], [16, 22, 17, 21]]"
12n_0247_154,"[[16, 22, 17, 21], [18, 5, 19, 6], [20, 16, 21, 15], [7, 23, 8, 22], [9, 1, 10, 24], [13, 3, 14, 2], [11, 5, 12, 4], [6, 19, 7, 20], [1, 9, 2, 8], [23, 11, 24, 10], [3, 13, 4, 12], [14, 18, 15, 17]]"
12n_0247_155,"[[14, 18, 15, 17], [16, 22, 17, 21], [18, 5, 19, 6], [20, 16, 21, 15], [7, 23, 8, 22], [9, 1, 10, 24], [13, 3, 14, 2], [11, 5, 12, 4], [6, 19, 7, 20], [1, 9, 2, 8], [23, 11, 24, 10], [3, 13, 4, 12]]"
12n_0247_156,"[[4, 14, 5, 13], [15, 19, 16, 18], [17, 23, 18, 22], [19, 6, 20, 7], [21, 17, 22, 16], [8, 24, 9, 23], [10, 2, 11, 1], [14, 4, 15, 3], [12, 6, 13, 5], [7, 20, 8, 21], [2, 10, 3, 9], [24, 12, 1, 11]]"
12n_0247_157,"[[24, 12, 1, 11], [4, 14, 5, 13], [15, 19, 16, 18], [17, 23, 18, 22], [19, 6, 20, 7], [21, 17, 22, 16], [8, 24, 9, 23], [10, 2, 11, 1], [14, 4, 15, 3], [12, 6, 13, 5], [7, 20, 8, 21], [2, 10, 3, 9]]"
12n_0247_158,"[[2, 10, 3, 9], [24, 12, 1, 11], [4, 14, 5, 13], [15, 19, 16, 18], [17, 23, 18, 22], [19, 6, 20, 7], [21, 17, 22, 16], [8, 24, 9, 23], [10, 2, 11, 1], [14, 4, 15, 3], [12, 6, 13, 5], [7, 20, 8, 21]]"
12n_0247_159,"[[7, 20, 8, 21], [2, 10, 3, 9], [24, 12, 1, 11], [4, 14, 5, 13], [15, 19, 16, 18], [17, 23, 18, 22], [19, 6, 20, 7], [21, 17, 22, 16], [8, 24, 9, 23], [10, 2, 11, 1], [14, 4, 15, 3], [12, 6, 13, 5]]"
12n_0247_160,"[[12, 6, 13, 5], [7, 20, 8, 21], [2, 10, 3, 9], [24, 12, 1, 11], [4, 14, 5, 13], [15, 19, 16, 18], [17, 23, 18, 22], [19, 6, 20, 7], [21, 17, 22, 16], [8, 24, 9, 23], [10, 2, 11, 1], [14, 4, 15, 3]]"
12n_0247_161,"[[14, 4, 15, 3], [12, 6, 13, 5], [7, 20, 8, 21], [2, 10, 3, 9], [24, 12, 1, 11], [4, 14, 5, 13], [15, 19, 16, 18], [17, 23, 18, 22], [19, 6, 20, 7], [21, 17, 22, 16], [8, 24, 9, 23], [10, 2, 11, 1]]"
12n_0247_162,"[[10, 2, 11, 1], [14, 4, 15, 3], [12, 6, 13, 5], [7, 20, 8, 21], [2, 10, 3, 9], [24, 12, 1, 11], [4, 14, 5, 13], [15, 19, 16, 18], [17, 23, 18, 22], [19, 6, 20, 7], [21, 17, 22, 16], [8, 24, 9, 23]]"
12n_0247_163,"[[8, 24, 9, 23], [10, 2, 11, 1], [14, 4, 15, 3], [12, 6, 13, 5], [7, 20, 8, 21], [2, 10, 3, 9], [24, 12, 1, 11], [4, 14, 5, 13], [15, 19, 16, 18], [17, 23, 18, 22], [19, 6, 20, 7], [21, 17, 22, 16]]"
12n_0247_164,"[[21, 17, 22, 16], [8, 24, 9, 23], [10, 2, 11, 1], [14, 4, 15, 3], [12, 6, 13, 5], [7, 20, 8, 21], [2, 10, 3, 9], [24, 12, 1, 11], [4, 14, 5, 13], [15, 19, 16, 18], [17, 23, 18, 22], [19, 6, 20, 7]]"
12n_0247_165,"[[19, 6, 20, 7], [21, 17, 22, 16], [8, 24, 9, 23], [10, 2, 11, 1], [14, 4, 15, 3], [12, 6, 13, 5], [7, 20, 8, 21], [2, 10, 3, 9], [24, 12, 1, 11], [4, 14, 5, 13], [15, 19, 16, 18], [17, 23, 18, 22]]"
12n_0247_166,"[[17, 23, 18, 22], [19, 6, 20, 7], [21, 17, 22, 16], [8, 24, 9, 23], [10, 2, 11, 1], [14, 4, 15, 3], [12, 6, 13, 5], [7, 20, 8, 21], [2, 10, 3, 9], [24, 12, 1, 11], [4, 14, 5, 13], [15, 19, 16, 18]]"
12n_0247_167,"[[15, 19, 16, 18], [17, 23, 18, 22], [19, 6, 20, 7], [21, 17, 22, 16], [8, 24, 9, 23], [10, 2, 11, 1], [14, 4, 15, 3], [12, 6, 13, 5], [7, 20, 8, 21], [2, 10, 3, 9], [24, 12, 1, 11], [4, 14, 5, 13]]"
12n_0247_168,"[[5, 15, 6, 14], [16, 20, 17, 19], [18, 24, 19, 23], [20, 7, 21, 8], [22, 18, 23, 17], [9, 1, 10, 24], [11, 3, 12, 2], [15, 5, 16, 4], [13, 7, 14, 6], [8, 21, 9, 22], [3, 11, 4, 10], [1, 13, 2, 12]]"
12n_0247_169,"[[1, 13, 2, 12], [5, 15, 6, 14], [16, 20, 17, 19], [18, 24, 19, 23], [20, 7, 21, 8], [22, 18, 23, 17], [9, 1, 10, 24], [11, 3, 12, 2], [15, 5, 16, 4], [13, 7, 14, 6], [8, 21, 9, 22], [3, 11, 4, 10]]"
12n_0247_170,"[[3, 11, 4, 10], [1, 13, 2, 12], [5, 15, 6, 14], [16, 20, 17, 19], [18, 24, 19, 23], [20, 7, 21, 8], [22, 18, 23, 17], [9, 1, 10, 24], [11, 3, 12, 2], [15, 5, 16, 4], [13, 7, 14, 6], [8, 21, 9, 22]]"
12n_0247_171,"[[8, 21, 9, 22], [3, 11, 4, 10], [1, 13, 2, 12], [5, 15, 6, 14], [16, 20, 17, 19], [18, 24, 19, 23], [20, 7, 21, 8], [22, 18, 23, 17], [9, 1, 10, 24], [11, 3, 12, 2], [15, 5, 16, 4], [13, 7, 14, 6]]"
12n_0247_172,"[[13, 7, 14, 6], [8, 21, 9, 22], [3, 11, 4, 10], [1, 13, 2, 12], [5, 15, 6, 14], [16, 20, 17, 19], [18, 24, 19, 23], [20, 7, 21, 8], [22, 18, 23, 17], [9, 1, 10, 24], [11, 3, 12, 2], [15, 5, 16, 4]]"
12n_0247_173,"[[15, 5, 16, 4], [13, 7, 14, 6], [8, 21, 9, 22], [3, 11, 4, 10], [1, 13, 2, 12], [5, 15, 6, 14], [16, 20, 17, 19], [18, 24, 19, 23], [20, 7, 21, 8], [22, 18, 23, 17], [9, 1, 10, 24], [11, 3, 12, 2]]"
12n_0247_174,"[[11, 3, 12, 2], [15, 5, 16, 4], [13, 7, 14, 6], [8, 21, 9, 22], [3, 11, 4, 10], [1, 13, 2, 12], [5, 15, 6, 14], [16, 20, 17, 19], [18, 24, 19, 23], [20, 7, 21, 8], [22, 18, 23, 17], [9, 1, 10, 24]]"
12n_0247_175,"[[9, 1, 10, 24], [11, 3, 12, 2], [15, 5, 16, 4], [13, 7, 14, 6], [8, 21, 9, 22], [3, 11, 4, 10], [1, 13, 2, 12], [5, 15, 6, 14], [16, 20, 17, 19], [18, 24, 19, 23], [20, 7, 21, 8], [22, 18, 23, 17]]"
12n_0247_176,"[[22, 18, 23, 17], [9, 1, 10, 24], [11, 3, 12, 2], [15, 5, 16, 4], [13, 7, 14, 6], [8, 21, 9, 22], [3, 11, 4, 10], [1, 13, 2, 12], [5, 15, 6, 14], [16, 20, 17, 19], [18, 24, 19, 23], [20, 7, 21, 8]]"
12n_0247_177,"[[20, 7, 21, 8], [22, 18, 23, 17], [9, 1, 10, 24], [11, 3, 12, 2], [15, 5, 16, 4], [13, 7, 14, 6], [8, 21, 9, 22], [3, 11, 4, 10], [1, 13, 2, 12], [5, 15, 6, 14], [16, 20, 17, 19], [18, 24, 19, 23]]"
12n_0247_178,"[[18, 24, 19, 23], [20, 7, 21, 8], [22, 18, 23, 17], [9, 1, 10, 24], [11, 3, 12, 2], [15, 5, 16, 4], [13, 7, 14, 6], [8, 21, 9, 22], [3, 11, 4, 10], [1, 13, 2, 12], [5, 15, 6, 14], [16, 20, 17, 19]]"
12n_0247_179,"[[16, 20, 17, 19], [18, 24, 19, 23], [20, 7, 21, 8], [22, 18, 23, 17], [9, 1, 10, 24], [11, 3, 12, 2], [15, 5, 16, 4], [13, 7, 14, 6], [8, 21, 9, 22], [3, 11, 4, 10], [1, 13, 2, 12], [5, 15, 6, 14]]"
12n_0247_180,"[[6, 16, 7, 15], [17, 21, 18, 20], [19, 1, 20, 24], [21, 8, 22, 9], [23, 19, 24, 18], [10, 2, 11, 1], [12, 4, 13, 3], [16, 6, 17, 5], [14, 8, 15, 7], [9, 22, 10, 23], [4, 12, 5, 11], [2, 14, 3, 13]]"
12n_0247_181,"[[2, 14, 3, 13], [6, 16, 7, 15], [17, 21, 18, 20], [19, 1, 20, 24], [21, 8, 22, 9], [23, 19, 24, 18], [10, 2, 11, 1], [12, 4, 13, 3], [16, 6, 17, 5], [14, 8, 15, 7], [9, 22, 10, 23], [4, 12, 5, 11]]"
12n_0247_182,"[[4, 12, 5, 11], [2, 14, 3, 13], [6, 16, 7, 15], [17, 21, 18, 20], [19, 1, 20, 24], [21, 8, 22, 9], [23, 19, 24, 18], [10, 2, 11, 1], [12, 4, 13, 3], [16, 6, 17, 5], [14, 8, 15, 7], [9, 22, 10, 23]]"
12n_0247_183,"[[9, 22, 10, 23], [4, 12, 5, 11], [2, 14, 3, 13], [6, 16, 7, 15], [17, 21, 18, 20], [19, 1, 20, 24], [21, 8, 22, 9], [23, 19, 24, 18], [10, 2, 11, 1], [12, 4, 13, 3], [16, 6, 17, 5], [14, 8, 15, 7]]"
12n_0247_184,"[[14, 8, 15, 7], [9, 22, 10, 23], [4, 12, 5, 11], [2, 14, 3, 13], [6, 16, 7, 15], [17, 21, 18, 20], [19, 1, 20, 24], [21, 8, 22, 9], [23, 19, 24, 18], [10, 2, 11, 1], [12, 4, 13, 3], [16, 6, 17, 5]]"
12n_0247_185,"[[16, 6, 17, 5], [14, 8, 15, 7], [9, 22, 10, 23], [4, 12, 5, 11], [2, 14, 3, 13], [6, 16, 7, 15], [17, 21, 18, 20], [19, 1, 20, 24], [21, 8, 22, 9], [23, 19, 24, 18], [10, 2, 11, 1], [12, 4, 13, 3]]"
