name,pd_notation
12n_0231_0,"[[13, 24, 14, 1], [2, 6, 3, 5], [4, 9, 5, 10], [6, 15, 7, 16], [8, 12, 9, 11], [10, 3, 11, 4], [19, 13, 20, 12], [21, 14, 22, 15], [16, 7, 17, 8], [23, 18, 24, 19], [1, 21, 2, 20], [17, 22, 18, 23]]"
12n_0231_1,"[[17, 22, 18, 23], [13, 24, 14, 1], [2, 6, 3, 5], [4, 9, 5, 10], [6, 15, 7, 16], [8, 12, 9, 11], [10, 3, 11, 4], [19, 13, 20, 12], [21, 14, 22, 15], [16, 7, 17, 8], [23, 18, 24, 19], [1, 21, 2, 20]]"
12n_0231_2,"[[1, 21, 2, 20], [17, 22, 18, 23], [13, 24, 14, 1], [2, 6, 3, 5], [4, 9, 5, 10], [6, 15, 7, 16], [8, 12, 9, 11], [10, 3, 11, 4], [19, 13, 20, 12], [21, 14, 22, 15], [16, 7, 17, 8], [23, 18, 24, 19]]"
12n_0231_3,"[[23, 18, 24, 19], [1, 21, 2, 20], [17, 22, 18, 23], [13, 24, 14, 1], [2, 6, 3, 5], [4, 9, 5, 10], [6, 15, 7, 16], [8, 12, 9, 11], [10, 3, 11, 4], [19, 13, 20, 12], [21, 14, 22, 15], [16, 7, 17, 8]]"
12n_0231_4,"[[16, 7, 17, 8], [23, 18, 24, 19], [1, 21, 2, 20], [17, 22, 18, 23], [13, 24, 14, 1], [2, 6, 3, 5], [4, 9, 5, 10], [6, 15, 7, 16], [8, 12, 9, 11], [10, 3, 11, 4], [19, 13, 20, 12], [21, 14, 22, 15]]"
12n_0231_5,"[[21, 14, 22, 15], [16, 7, 17, 8], [23, 18, 24, 19], [1, 21, 2, 20], [17, 22, 18, 23], [13, 24, 14, 1], [2, 6, 3, 5], [4, 9, 5, 10], [6, 15, 7, 16], [8, 12, 9, 11], [10, 3, 11, 4], [19, 13, 20, 12]]"
12n_0231_6,"[[19, 13, 20, 12], [21, 14, 22, 15], [16, 7, 17, 8], [23, 18, 24, 19], [1, 21, 2, 20], [17, 22, 18, 23], [13, 24, 14, 1], [2, 6, 3, 5], [4, 9, 5, 10], [6, 15, 7, 16], [8, 12, 9, 11], [10, 3, 11, 4]]"
12n_0231_7,"[[10, 3, 11, 4], [19, 13, 20, 12], [21, 14, 22, 15], [16, 7, 17, 8], [23, 18, 24, 19], [1, 21, 2, 20], [17, 22, 18, 23], [13, 24, 14, 1], [2, 6, 3, 5], [4, 9, 5, 10], [6, 15, 7, 16], [8, 12, 9, 11]]"
12n_0231_8,"[[8, 12, 9, 11], [10, 3, 11, 4], [19, 13, 20, 12], [21, 14, 22, 15], [16, 7, 17, 8], [23, 18, 24, 19], [1, 21, 2, 20], [17, 22, 18, 23], [13, 24, 14, 1], [2, 6, 3, 5], [4, 9, 5, 10], [6, 15, 7, 16]]"
12n_0231_9,"[[6, 15, 7, 16], [8, 12, 9, 11], [10, 3, 11, 4], [19, 13, 20, 12], [21, 14, 22, 15], [16, 7, 17, 8], [23, 18, 24, 19], [1, 21, 2, 20], [17, 22, 18, 23], [13, 24, 14, 1], [2, 6, 3, 5], [4, 9, 5, 10]]"
12n_0231_10,"[[4, 9, 5, 10], [6, 15, 7, 16], [8, 12, 9, 11], [10, 3, 11, 4], [19, 13, 20, 12], [21, 14, 22, 15], [16, 7, 17, 8], [23, 18, 24, 19], [1, 21, 2, 20], [17, 22, 18, 23], [13, 24, 14, 1], [2, 6, 3, 5]]"
12n_0231_11,"[[2, 6, 3, 5], [4, 9, 5, 10], [6, 15, 7, 16], [8, 12, 9, 11], [10, 3, 11, 4], [19, 13, 20, 12], [21, 14, 22, 15], [16, 7, 17, 8], [23, 18, 24, 19], [1, 21, 2, 20], [17, 22, 18, 23], [13, 24, 14, 1]]"
12n_0231_12,"[[14, 1, 15, 2], [3, 7, 4, 6], [5, 10, 6, 11], [7, 16, 8, 17], [9, 13, 10, 12], [11, 4, 12, 5], [20, 14, 21, 13], [22, 15, 23, 16], [17, 8, 18, 9], [24, 19, 1, 20], [2, 22, 3, 21], [18, 23, 19, 24]]"
12n_0231_13,"[[18, 23, 19, 24], [14, 1, 15, 2], [3, 7, 4, 6], [5, 10, 6, 11], [7, 16, 8, 17], [9, 13, 10, 12], [11, 4, 12, 5], [20, 14, 21, 13], [22, 15, 23, 16], [17, 8, 18, 9], [24, 19, 1, 20], [2, 22, 3, 21]]"
12n_0231_14,"[[2, 22, 3, 21], [18, 23, 19, 24], [14, 1, 15, 2], [3, 7, 4, 6], [5, 10, 6, 11], [7, 16, 8, 17], [9, 13, 10, 12], [11, 4, 12, 5], [20, 14, 21, 13], [22, 15, 23, 16], [17, 8, 18, 9], [24, 19, 1, 20]]"
12n_0231_15,"[[24, 19, 1, 20], [2, 22, 3, 21], [18, 23, 19, 24], [14, 1, 15, 2], [3, 7, 4, 6], [5, 10, 6, 11], [7, 16, 8, 17], [9, 13, 10, 12], [11, 4, 12, 5], [20, 14, 21, 13], [22, 15, 23, 16], [17, 8, 18, 9]]"
12n_0231_16,"[[17, 8, 18, 9], [24, 19, 1, 20], [2, 22, 3, 21], [18, 23, 19, 24], [14, 1, 15, 2], [3, 7, 4, 6], [5, 10, 6, 11], [7, 16, 8, 17], [9, 13, 10, 12], [11, 4, 12, 5], [20, 14, 21, 13], [22, 15, 23, 16]]"
12n_0231_17,"[[22, 15, 23, 16], [17, 8, 18, 9], [24, 19, 1, 20], [2, 22, 3, 21], [18, 23, 19, 24], [14, 1, 15, 2], [3, 7, 4, 6], [5, 10, 6, 11], [7, 16, 8, 17], [9, 13, 10, 12], [11, 4, 12, 5], [20, 14, 21, 13]]"
12n_0231_18,"[[20, 14, 21, 13], [22, 15, 23, 16], [17, 8, 18, 9], [24, 19, 1, 20], [2, 22, 3, 21], [18, 23, 19, 24], [14, 1, 15, 2], [3, 7, 4, 6], [5, 10, 6, 11], [7, 16, 8, 17], [9, 13, 10, 12], [11, 4, 12, 5]]"
12n_0231_19,"[[11, 4, 12, 5], [20, 14, 21, 13], [22, 15, 23, 16], [17, 8, 18, 9], [24, 19, 1, 20], [2, 22, 3, 21], [18, 23, 19, 24], [14, 1, 15, 2], [3, 7, 4, 6], [5, 10, 6, 11], [7, 16, 8, 17], [9, 13, 10, 12]]"
12n_0231_20,"[[9, 13, 10, 12], [11, 4, 12, 5], [20, 14, 21, 13], [22, 15, 23, 16], [17, 8, 18, 9], [24, 19, 1, 20], [2, 22, 3, 21], [18, 23, 19, 24], [14, 1, 15, 2], [3, 7, 4, 6], [5, 10, 6, 11], [7, 16, 8, 17]]"
12n_0231_21,"[[7, 16, 8, 17], [9, 13, 10, 12], [11, 4, 12, 5], [20, 14, 21, 13], [22, 15, 23, 16], [17, 8, 18, 9], [24, 19, 1, 20], [2, 22, 3, 21], [18, 23, 19, 24], [14, 1, 15, 2], [3, 7, 4, 6], [5, 10, 6, 11]]"
12n_0231_22,"[[5, 10, 6, 11], [7, 16, 8, 17], [9, 13, 10, 12], [11, 4, 12, 5], [20, 14, 21, 13], [22, 15, 23, 16], [17, 8, 18, 9], [24, 19, 1, 20], [2, 22, 3, 21], [18, 23, 19, 24], [14, 1, 15, 2], [3, 7, 4, 6]]"
12n_0231_23,"[[3, 7, 4, 6], [5, 10, 6, 11], [7, 16, 8, 17], [9, 13, 10, 12], [11, 4, 12, 5], [20, 14, 21, 13], [22, 15, 23, 16], [17, 8, 18, 9], [24, 19, 1, 20], [2, 22, 3, 21], [18, 23, 19, 24], [14, 1, 15, 2]]"
12n_0231_24,"[[15, 2, 16, 3], [4, 8, 5, 7], [6, 11, 7, 12], [8, 17, 9, 18], [10, 14, 11, 13], [12, 5, 13, 6], [21, 15, 22, 14], [23, 16, 24, 17], [18, 9, 19, 10], [1, 20, 2, 21], [3, 23, 4, 22], [19, 24, 20, 1]]"
12n_0231_25,"[[19, 24, 20, 1], [15, 2, 16, 3], [4, 8, 5, 7], [6, 11, 7, 12], [8, 17, 9, 18], [10, 14, 11, 13], [12, 5, 13, 6], [21, 15, 22, 14], [23, 16, 24, 17], [18, 9, 19, 10], [1, 20, 2, 21], [3, 23, 4, 22]]"
12n_0231_26,"[[3, 23, 4, 22], [19, 24, 20, 1], [15, 2, 16, 3], [4, 8, 5, 7], [6, 11, 7, 12], [8, 17, 9, 18], [10, 14, 11, 13], [12, 5, 13, 6], [21, 15, 22, 14], [23, 16, 24, 17], [18, 9, 19, 10], [1, 20, 2, 21]]"
12n_0231_27,"[[1, 20, 2, 21], [3, 23, 4, 22], [19, 24, 20, 1], [15, 2, 16, 3], [4, 8, 5, 7], [6, 11, 7, 12], [8, 17, 9, 18], [10, 14, 11, 13], [12, 5, 13, 6], [21, 15, 22, 14], [23, 16, 24, 17], [18, 9, 19, 10]]"
12n_0231_28,"[[18, 9, 19, 10], [1, 20, 2, 21], [3, 23, 4, 22], [19, 24, 20, 1], [15, 2, 16, 3], [4, 8, 5, 7], [6, 11, 7, 12], [8, 17, 9, 18], [10, 14, 11, 13], [12, 5, 13, 6], [21, 15, 22, 14], [23, 16, 24, 17]]"
12n_0231_29,"[[23, 16, 24, 17], [18, 9, 19, 10], [1, 20, 2, 21], [3, 23, 4, 22], [19, 24, 20, 1], [15, 2, 16, 3], [4, 8, 5, 7], [6, 11, 7, 12], [8, 17, 9, 18], [10, 14, 11, 13], [12, 5, 13, 6], [21, 15, 22, 14]]"
12n_0231_30,"[[21, 15, 22, 14], [23, 16, 24, 17], [18, 9, 19, 10], [1, 20, 2, 21], [3, 23, 4, 22], [19, 24, 20, 1], [15, 2, 16, 3], [4, 8, 5, 7], [6, 11, 7, 12], [8, 17, 9, 18], [10, 14, 11, 13], [12, 5, 13, 6]]"
12n_0231_31,"[[12, 5, 13, 6], [21, 15, 22, 14], [23, 16, 24, 17], [18, 9, 19, 10], [1, 20, 2, 21], [3, 23, 4, 22], [19, 24, 20, 1], [15, 2, 16, 3], [4, 8, 5, 7], [6, 11, 7, 12], [8, 17, 9, 18], [10, 14, 11, 13]]"
12n_0231_32,"[[10, 14, 11, 13], [12, 5, 13, 6], [21, 15, 22, 14], [23, 16, 24, 17], [18, 9, 19, 10], [1, 20, 2, 21], [3, 23, 4, 22], [19, 24, 20, 1], [15, 2, 16, 3], [4, 8, 5, 7], [6, 11, 7, 12], [8, 17, 9, 18]]"
12n_0231_33,"[[8, 17, 9, 18], [10, 14, 11, 13], [12, 5, 13, 6], [21, 15, 22, 14], [23, 16, 24, 17], [18, 9, 19, 10], [1, 20, 2, 21], [3, 23, 4, 22], [19, 24, 20, 1], [15, 2, 16, 3], [4, 8, 5, 7], [6, 11, 7, 12]]"
12n_0231_34,"[[6, 11, 7, 12], [8, 17, 9, 18], [10, 14, 11, 13], [12, 5, 13, 6], [21, 15, 22, 14], [23, 16, 24, 17], [18, 9, 19, 10], [1, 20, 2, 21], [3, 23, 4, 22], [19, 24, 20, 1], [15, 2, 16, 3], [4, 8, 5, 7]]"
12n_0231_35,"[[4, 8, 5, 7], [6, 11, 7, 12], [8, 17, 9, 18], [10, 14, 11, 13], [12, 5, 13, 6], [21, 15, 22, 14], [23, 16, 24, 17], [18, 9, 19, 10], [1, 20, 2, 21], [3, 23, 4, 22], [19, 24, 20, 1], [15, 2, 16, 3]]"
12n_0231_36,"[[16, 3, 17, 4], [5, 9, 6, 8], [7, 12, 8, 13], [9, 18, 10, 19], [11, 15, 12, 14], [13, 6, 14, 7], [22, 16, 23, 15], [24, 17, 1, 18], [19, 10, 20, 11], [2, 21, 3, 22], [4, 24, 5, 23], [20, 1, 21, 2]]"
12n_0231_37,"[[20, 1, 21, 2], [16, 3, 17, 4], [5, 9, 6, 8], [7, 12, 8, 13], [9, 18, 10, 19], [11, 15, 12, 14], [13, 6, 14, 7], [22, 16, 23, 15], [24, 17, 1, 18], [19, 10, 20, 11], [2, 21, 3, 22], [4, 24, 5, 23]]"
12n_0231_38,"[[4, 24, 5, 23], [20, 1, 21, 2], [16, 3, 17, 4], [5, 9, 6, 8], [7, 12, 8, 13], [9, 18, 10, 19], [11, 15, 12, 14], [13, 6, 14, 7], [22, 16, 23, 15], [24, 17, 1, 18], [19, 10, 20, 11], [2, 21, 3, 22]]"
12n_0231_39,"[[2, 21, 3, 22], [4, 24, 5, 23], [20, 1, 21, 2], [16, 3, 17, 4], [5, 9, 6, 8], [7, 12, 8, 13], [9, 18, 10, 19], [11, 15, 12, 14], [13, 6, 14, 7], [22, 16, 23, 15], [24, 17, 1, 18], [19, 10, 20, 11]]"
12n_0231_40,"[[19, 10, 20, 11], [2, 21, 3, 22], [4, 24, 5, 23], [20, 1, 21, 2], [16, 3, 17, 4], [5, 9, 6, 8], [7, 12, 8, 13], [9, 18, 10, 19], [11, 15, 12, 14], [13, 6, 14, 7], [22, 16, 23, 15], [24, 17, 1, 18]]"
12n_0231_41,"[[24, 17, 1, 18], [19, 10, 20, 11], [2, 21, 3, 22], [4, 24, 5, 23], [20, 1, 21, 2], [16, 3, 17, 4], [5, 9, 6, 8], [7, 12, 8, 13], [9, 18, 10, 19], [11, 15, 12, 14], [13, 6, 14, 7], [22, 16, 23, 15]]"
12n_0231_42,"[[22, 16, 23, 15], [24, 17, 1, 18], [19, 10, 20, 11], [2, 21, 3, 22], [4, 24, 5, 23], [20, 1, 21, 2], [16, 3, 17, 4], [5, 9, 6, 8], [7, 12, 8, 13], [9, 18, 10, 19], [11, 15, 12, 14], [13, 6, 14, 7]]"
12n_0231_43,"[[13, 6, 14, 7], [22, 16, 23, 15], [24, 17, 1, 18], [19, 10, 20, 11], [2, 21, 3, 22], [4, 24, 5, 23], [20, 1, 21, 2], [16, 3, 17, 4], [5, 9, 6, 8], [7, 12, 8, 13], [9, 18, 10, 19], [11, 15, 12, 14]]"
12n_0231_44,"[[11, 15, 12, 14], [13, 6, 14, 7], [22, 16, 23, 15], [24, 17, 1, 18], [19, 10, 20, 11], [2, 21, 3, 22], [4, 24, 5, 23], [20, 1, 21, 2], [16, 3, 17, 4], [5, 9, 6, 8], [7, 12, 8, 13], [9, 18, 10, 19]]"
12n_0231_45,"[[9, 18, 10, 19], [11, 15, 12, 14], [13, 6, 14, 7], [22, 16, 23, 15], [24, 17, 1, 18], [19, 10, 20, 11], [2, 21, 3, 22], [4, 24, 5, 23], [20, 1, 21, 2], [16, 3, 17, 4], [5, 9, 6, 8], [7, 12, 8, 13]]"
12n_0231_46,"[[7, 12, 8, 13], [9, 18, 10, 19], [11, 15, 12, 14], [13, 6, 14, 7], [22, 16, 23, 15], [24, 17, 1, 18], [19, 10, 20, 11], [2, 21, 3, 22], [4, 24, 5, 23], [20, 1, 21, 2], [16, 3, 17, 4], [5, 9, 6, 8]]"
12n_0231_47,"[[5, 9, 6, 8], [7, 12, 8, 13], [9, 18, 10, 19], [11, 15, 12, 14], [13, 6, 14, 7], [22, 16, 23, 15], [24, 17, 1, 18], [19, 10, 20, 11], [2, 21, 3, 22], [4, 24, 5, 23], [20, 1, 21, 2], [16, 3, 17, 4]]"
12n_0231_48,"[[17, 4, 18, 5], [6, 10, 7, 9], [8, 13, 9, 14], [10, 19, 11, 20], [12, 16, 13, 15], [14, 7, 15, 8], [23, 17, 24, 16], [1, 18, 2, 19], [20, 11, 21, 12], [3, 22, 4, 23], [5, 1, 6, 24], [21, 2, 22, 3]]"
12n_0231_49,"[[21, 2, 22, 3], [17, 4, 18, 5], [6, 10, 7, 9], [8, 13, 9, 14], [10, 19, 11, 20], [12, 16, 13, 15], [14, 7, 15, 8], [23, 17, 24, 16], [1, 18, 2, 19], [20, 11, 21, 12], [3, 22, 4, 23], [5, 1, 6, 24]]"
12n_0231_50,"[[5, 1, 6, 24], [21, 2, 22, 3], [17, 4, 18, 5], [6, 10, 7, 9], [8, 13, 9, 14], [10, 19, 11, 20], [12, 16, 13, 15], [14, 7, 15, 8], [23, 17, 24, 16], [1, 18, 2, 19], [20, 11, 21, 12], [3, 22, 4, 23]]"
12n_0231_51,"[[3, 22, 4, 23], [5, 1, 6, 24], [21, 2, 22, 3], [17, 4, 18, 5], [6, 10, 7, 9], [8, 13, 9, 14], [10, 19, 11, 20], [12, 16, 13, 15], [14, 7, 15, 8], [23, 17, 24, 16], [1, 18, 2, 19], [20, 11, 21, 12]]"
12n_0231_52,"[[20, 11, 21, 12], [3, 22, 4, 23], [5, 1, 6, 24], [21, 2, 22, 3], [17, 4, 18, 5], [6, 10, 7, 9], [8, 13, 9, 14], [10, 19, 11, 20], [12, 16, 13, 15], [14, 7, 15, 8], [23, 17, 24, 16], [1, 18, 2, 19]]"
12n_0231_53,"[[1, 18, 2, 19], [20, 11, 21, 12], [3, 22, 4, 23], [5, 1, 6, 24], [21, 2, 22, 3], [17, 4, 18, 5], [6, 10, 7, 9], [8, 13, 9, 14], [10, 19, 11, 20], [12, 16, 13, 15], [14, 7, 15, 8], [23, 17, 24, 16]]"
12n_0231_54,"[[23, 17, 24, 16], [1, 18, 2, 19], [20, 11, 21, 12], [3, 22, 4, 23], [5, 1, 6, 24], [21, 2, 22, 3], [17, 4, 18, 5], [6, 10, 7, 9], [8, 13, 9, 14], [10, 19, 11, 20], [12, 16, 13, 15], [14, 7, 15, 8]]"
12n_0231_55,"[[14, 7, 15, 8], [23, 17, 24, 16], [1, 18, 2, 19], [20, 11, 21, 12], [3, 22, 4, 23], [5, 1, 6, 24], [21, 2, 22, 3], [17, 4, 18, 5], [6, 10, 7, 9], [8, 13, 9, 14], [10, 19, 11, 20], [12, 16, 13, 15]]"
12n_0231_56,"[[12, 16, 13, 15], [14, 7, 15, 8], [23, 17, 24, 16], [1, 18, 2, 19], [20, 11, 21, 12], [3, 22, 4, 23], [5, 1, 6, 24], [21, 2, 22, 3], [17, 4, 18, 5], [6, 10, 7, 9], [8, 13, 9, 14], [10, 19, 11, 20]]"
12n_0231_57,"[[10, 19, 11, 20], [12, 16, 13, 15], [14, 7, 15, 8], [23, 17, 24, 16], [1, 18, 2, 19], [20, 11, 21, 12], [3, 22, 4, 23], [5, 1, 6, 24], [21, 2, 22, 3], [17, 4, 18, 5], [6, 10, 7, 9], [8, 13, 9, 14]]"
12n_0231_58,"[[8, 13, 9, 14], [10, 19, 11, 20], [12, 16, 13, 15], [14, 7, 15, 8], [23, 17, 24, 16], [1, 18, 2, 19], [20, 11, 21, 12], [3, 22, 4, 23], [5, 1, 6, 24], [21, 2, 22, 3], [17, 4, 18, 5], [6, 10, 7, 9]]"
12n_0231_59,"[[6, 10, 7, 9], [8, 13, 9, 14], [10, 19, 11, 20], [12, 16, 13, 15], [14, 7, 15, 8], [23, 17, 24, 16], [1, 18, 2, 19], [20, 11, 21, 12], [3, 22, 4, 23], [5, 1, 6, 24], [21, 2, 22, 3], [17, 4, 18, 5]]"
12n_0231_60,"[[18, 5, 19, 6], [7, 11, 8, 10], [9, 14, 10, 15], [11, 20, 12, 21], [13, 17, 14, 16], [15, 8, 16, 9], [24, 18, 1, 17], [2, 19, 3, 20], [21, 12, 22, 13], [4, 23, 5, 24], [6, 2, 7, 1], [22, 3, 23, 4]]"
12n_0231_61,"[[22, 3, 23, 4], [18, 5, 19, 6], [7, 11, 8, 10], [9, 14, 10, 15], [11, 20, 12, 21], [13, 17, 14, 16], [15, 8, 16, 9], [24, 18, 1, 17], [2, 19, 3, 20], [21, 12, 22, 13], [4, 23, 5, 24], [6, 2, 7, 1]]"
12n_0231_62,"[[6, 2, 7, 1], [22, 3, 23, 4], [18, 5, 19, 6], [7, 11, 8, 10], [9, 14, 10, 15], [11, 20, 12, 21], [13, 17, 14, 16], [15, 8, 16, 9], [24, 18, 1, 17], [2, 19, 3, 20], [21, 12, 22, 13], [4, 23, 5, 24]]"
12n_0231_63,"[[4, 23, 5, 24], [6, 2, 7, 1], [22, 3, 23, 4], [18, 5, 19, 6], [7, 11, 8, 10], [9, 14, 10, 15], [11, 20, 12, 21], [13, 17, 14, 16], [15, 8, 16, 9], [24, 18, 1, 17], [2, 19, 3, 20], [21, 12, 22, 13]]"
12n_0231_64,"[[21, 12, 22, 13], [4, 23, 5, 24], [6, 2, 7, 1], [22, 3, 23, 4], [18, 5, 19, 6], [7, 11, 8, 10], [9, 14, 10, 15], [11, 20, 12, 21], [13, 17, 14, 16], [15, 8, 16, 9], [24, 18, 1, 17], [2, 19, 3, 20]]"
12n_0231_65,"[[2, 19, 3, 20], [21, 12, 22, 13], [4, 23, 5, 24], [6, 2, 7, 1], [22, 3, 23, 4], [18, 5, 19, 6], [7, 11, 8, 10], [9, 14, 10, 15], [11, 20, 12, 21], [13, 17, 14, 16], [15, 8, 16, 9], [24, 18, 1, 17]]"
12n_0231_66,"[[24, 18, 1, 17], [2, 19, 3, 20], [21, 12, 22, 13], [4, 23, 5, 24], [6, 2, 7, 1], [22, 3, 23, 4], [18, 5, 19, 6], [7, 11, 8, 10], [9, 14, 10, 15], [11, 20, 12, 21], [13, 17, 14, 16], [15, 8, 16, 9]]"
12n_0231_67,"[[15, 8, 16, 9], [24, 18, 1, 17], [2, 19, 3, 20], [21, 12, 22, 13], [4, 23, 5, 24], [6, 2, 7, 1], [22, 3, 23, 4], [18, 5, 19, 6], [7, 11, 8, 10], [9, 14, 10, 15], [11, 20, 12, 21], [13, 17, 14, 16]]"
12n_0231_68,"[[13, 17, 14, 16], [15, 8, 16, 9], [24, 18, 1, 17], [2, 19, 3, 20], [21, 12, 22, 13], [4, 23, 5, 24], [6, 2, 7, 1], [22, 3, 23, 4], [18, 5, 19, 6], [7, 11, 8, 10], [9, 14, 10, 15], [11, 20, 12, 21]]"
12n_0231_69,"[[11, 20, 12, 21], [13, 17, 14, 16], [15, 8, 16, 9], [24, 18, 1, 17], [2, 19, 3, 20], [21, 12, 22, 13], [4, 23, 5, 24], [6, 2, 7, 1], [22, 3, 23, 4], [18, 5, 19, 6], [7, 11, 8, 10], [9, 14, 10, 15]]"
12n_0231_70,"[[9, 14, 10, 15], [11, 20, 12, 21], [13, 17, 14, 16], [15, 8, 16, 9], [24, 18, 1, 17], [2, 19, 3, 20], [21, 12, 22, 13], [4, 23, 5, 24], [6, 2, 7, 1], [22, 3, 23, 4], [18, 5, 19, 6], [7, 11, 8, 10]]"
12n_0231_71,"[[7, 11, 8, 10], [9, 14, 10, 15], [11, 20, 12, 21], [13, 17, 14, 16], [15, 8, 16, 9], [24, 18, 1, 17], [2, 19, 3, 20], [21, 12, 22, 13], [4, 23, 5, 24], [6, 2, 7, 1], [22, 3, 23, 4], [18, 5, 19, 6]]"
12n_0231_72,"[[19, 6, 20, 7], [8, 12, 9, 11], [10, 15, 11, 16], [12, 21, 13, 22], [14, 18, 15, 17], [16, 9, 17, 10], [1, 19, 2, 18], [3, 20, 4, 21], [22, 13, 23, 14], [5, 24, 6, 1], [7, 3, 8, 2], [23, 4, 24, 5]]"
12n_0231_73,"[[23, 4, 24, 5], [19, 6, 20, 7], [8, 12, 9, 11], [10, 15, 11, 16], [12, 21, 13, 22], [14, 18, 15, 17], [16, 9, 17, 10], [1, 19, 2, 18], [3, 20, 4, 21], [22, 13, 23, 14], [5, 24, 6, 1], [7, 3, 8, 2]]"
12n_0231_74,"[[7, 3, 8, 2], [23, 4, 24, 5], [19, 6, 20, 7], [8, 12, 9, 11], [10, 15, 11, 16], [12, 21, 13, 22], [14, 18, 15, 17], [16, 9, 17, 10], [1, 19, 2, 18], [3, 20, 4, 21], [22, 13, 23, 14], [5, 24, 6, 1]]"
12n_0231_75,"[[5, 24, 6, 1], [7, 3, 8, 2], [23, 4, 24, 5], [19, 6, 20, 7], [8, 12, 9, 11], [10, 15, 11, 16], [12, 21, 13, 22], [14, 18, 15, 17], [16, 9, 17, 10], [1, 19, 2, 18], [3, 20, 4, 21], [22, 13, 23, 14]]"
12n_0231_76,"[[22, 13, 23, 14], [5, 24, 6, 1], [7, 3, 8, 2], [23, 4, 24, 5], [19, 6, 20, 7], [8, 12, 9, 11], [10, 15, 11, 16], [12, 21, 13, 22], [14, 18, 15, 17], [16, 9, 17, 10], [1, 19, 2, 18], [3, 20, 4, 21]]"
12n_0231_77,"[[3, 20, 4, 21], [22, 13, 23, 14], [5, 24, 6, 1], [7, 3, 8, 2], [23, 4, 24, 5], [19, 6, 20, 7], [8, 12, 9, 11], [10, 15, 11, 16], [12, 21, 13, 22], [14, 18, 15, 17], [16, 9, 17, 10], [1, 19, 2, 18]]"
12n_0231_78,"[[1, 19, 2, 18], [3, 20, 4, 21], [22, 13, 23, 14], [5, 24, 6, 1], [7, 3, 8, 2], [23, 4, 24, 5], [19, 6, 20, 7], [8, 12, 9, 11], [10, 15, 11, 16], [12, 21, 13, 22], [14, 18, 15, 17], [16, 9, 17, 10]]"
12n_0231_79,"[[16, 9, 17, 10], [1, 19, 2, 18], [3, 20, 4, 21], [22, 13, 23, 14], [5, 24, 6, 1], [7, 3, 8, 2], [23, 4, 24, 5], [19, 6, 20, 7], [8, 12, 9, 11], [10, 15, 11, 16], [12, 21, 13, 22], [14, 18, 15, 17]]"
12n_0231_80,"[[14, 18, 15, 17], [16, 9, 17, 10], [1, 19, 2, 18], [3, 20, 4, 21], [22, 13, 23, 14], [5, 24, 6, 1], [7, 3, 8, 2], [23, 4, 24, 5], [19, 6, 20, 7], [8, 12, 9, 11], [10, 15, 11, 16], [12, 21, 13, 22]]"
12n_0231_81,"[[12, 21, 13, 22], [14, 18, 15, 17], [16, 9, 17, 10], [1, 19, 2, 18], [3, 20, 4, 21], [22, 13, 23, 14], [5, 24, 6, 1], [7, 3, 8, 2], [23, 4, 24, 5], [19, 6, 20, 7], [8, 12, 9, 11], [10, 15, 11, 16]]"
12n_0231_82,"[[10, 15, 11, 16], [12, 21, 13, 22], [14, 18, 15, 17], [16, 9, 17, 10], [1, 19, 2, 18], [3, 20, 4, 21], [22, 13, 23, 14], [5, 24, 6, 1], [7, 3, 8, 2], [23, 4, 24, 5], [19, 6, 20, 7], [8, 12, 9, 11]]"
12n_0231_83,"[[8, 12, 9, 11], [10, 15, 11, 16], [12, 21, 13, 22], [14, 18, 15, 17], [16, 9, 17, 10], [1, 19, 2, 18], [3, 20, 4, 21], [22, 13, 23, 14], [5, 24, 6, 1], [7, 3, 8, 2], [23, 4, 24, 5], [19, 6, 20, 7]]"
12n_0231_84,"[[20, 7, 21, 8], [9, 13, 10, 12], [11, 16, 12, 17], [13, 22, 14, 23], [15, 19, 16, 18], [17, 10, 18, 11], [2, 20, 3, 19], [4, 21, 5, 22], [23, 14, 24, 15], [6, 1, 7, 2], [8, 4, 9, 3], [24, 5, 1, 6]]"
12n_0231_85,"[[24, 5, 1, 6], [20, 7, 21, 8], [9, 13, 10, 12], [11, 16, 12, 17], [13, 22, 14, 23], [15, 19, 16, 18], [17, 10, 18, 11], [2, 20, 3, 19], [4, 21, 5, 22], [23, 14, 24, 15], [6, 1, 7, 2], [8, 4, 9, 3]]"
12n_0231_86,"[[8, 4, 9, 3], [24, 5, 1, 6], [20, 7, 21, 8], [9, 13, 10, 12], [11, 16, 12, 17], [13, 22, 14, 23], [15, 19, 16, 18], [17, 10, 18, 11], [2, 20, 3, 19], [4, 21, 5, 22], [23, 14, 24, 15], [6, 1, 7, 2]]"
12n_0231_87,"[[6, 1, 7, 2], [8, 4, 9, 3], [24, 5, 1, 6], [20, 7, 21, 8], [9, 13, 10, 12], [11, 16, 12, 17], [13, 22, 14, 23], [15, 19, 16, 18], [17, 10, 18, 11], [2, 20, 3, 19], [4, 21, 5, 22], [23, 14, 24, 15]]"
12n_0231_88,"[[23, 14, 24, 15], [6, 1, 7, 2], [8, 4, 9, 3], [24, 5, 1, 6], [20, 7, 21, 8], [9, 13, 10, 12], [11, 16, 12, 17], [13, 22, 14, 23], [15, 19, 16, 18], [17, 10, 18, 11], [2, 20, 3, 19], [4, 21, 5, 22]]"
12n_0231_89,"[[4, 21, 5, 22], [23, 14, 24, 15], [6, 1, 7, 2], [8, 4, 9, 3], [24, 5, 1, 6], [20, 7, 21, 8], [9, 13, 10, 12], [11, 16, 12, 17], [13, 22, 14, 23], [15, 19, 16, 18], [17, 10, 18, 11], [2, 20, 3, 19]]"
12n_0231_90,"[[2, 20, 3, 19], [4, 21, 5, 22], [23, 14, 24, 15], [6, 1, 7, 2], [8, 4, 9, 3], [24, 5, 1, 6], [20, 7, 21, 8], [9, 13, 10, 12], [11, 16, 12, 17], [13, 22, 14, 23], [15, 19, 16, 18], [17, 10, 18, 11]]"
12n_0231_91,"[[17, 10, 18, 11], [2, 20, 3, 19], [4, 21, 5, 22], [23, 14, 24, 15], [6, 1, 7, 2], [8, 4, 9, 3], [24, 5, 1, 6], [20, 7, 21, 8], [9, 13, 10, 12], [11, 16, 12, 17], [13, 22, 14, 23], [15, 19, 16, 18]]"
12n_0231_92,"[[15, 19, 16, 18], [17, 10, 18, 11], [2, 20, 3, 19], [4, 21, 5, 22], [23, 14, 24, 15], [6, 1, 7, 2], [8, 4, 9, 3], [24, 5, 1, 6], [20, 7, 21, 8], [9, 13, 10, 12], [11, 16, 12, 17], [13, 22, 14, 23]]"
12n_0231_93,"[[13, 22, 14, 23], [15, 19, 16, 18], [17, 10, 18, 11], [2, 20, 3, 19], [4, 21, 5, 22], [23, 14, 24, 15], [6, 1, 7, 2], [8, 4, 9, 3], [24, 5, 1, 6], [20, 7, 21, 8], [9, 13, 10, 12], [11, 16, 12, 17]]"
12n_0231_94,"[[11, 16, 12, 17], [13, 22, 14, 23], [15, 19, 16, 18], [17, 10, 18, 11], [2, 20, 3, 19], [4, 21, 5, 22], [23, 14, 24, 15], [6, 1, 7, 2], [8, 4, 9, 3], [24, 5, 1, 6], [20, 7, 21, 8], [9, 13, 10, 12]]"
12n_0231_95,"[[9, 13, 10, 12], [11, 16, 12, 17], [13, 22, 14, 23], [15, 19, 16, 18], [17, 10, 18, 11], [2, 20, 3, 19], [4, 21, 5, 22], [23, 14, 24, 15], [6, 1, 7, 2], [8, 4, 9, 3], [24, 5, 1, 6], [20, 7, 21, 8]]"
12n_0231_96,"[[21, 8, 22, 9], [10, 14, 11, 13], [12, 17, 13, 18], [14, 23, 15, 24], [16, 20, 17, 19], [18, 11, 19, 12], [3, 21, 4, 20], [5, 22, 6, 23], [24, 15, 1, 16], [7, 2, 8, 3], [9, 5, 10, 4], [1, 6, 2, 7]]"
12n_0231_97,"[[1, 6, 2, 7], [21, 8, 22, 9], [10, 14, 11, 13], [12, 17, 13, 18], [14, 23, 15, 24], [16, 20, 17, 19], [18, 11, 19, 12], [3, 21, 4, 20], [5, 22, 6, 23], [24, 15, 1, 16], [7, 2, 8, 3], [9, 5, 10, 4]]"
12n_0231_98,"[[9, 5, 10, 4], [1, 6, 2, 7], [21, 8, 22, 9], [10, 14, 11, 13], [12, 17, 13, 18], [14, 23, 15, 24], [16, 20, 17, 19], [18, 11, 19, 12], [3, 21, 4, 20], [5, 22, 6, 23], [24, 15, 1, 16], [7, 2, 8, 3]]"
12n_0231_99,"[[7, 2, 8, 3], [9, 5, 10, 4], [1, 6, 2, 7], [21, 8, 22, 9], [10, 14, 11, 13], [12, 17, 13, 18], [14, 23, 15, 24], [16, 20, 17, 19], [18, 11, 19, 12], [3, 21, 4, 20], [5, 22, 6, 23], [24, 15, 1, 16]]"
12n_0231_100,"[[24, 15, 1, 16], [7, 2, 8, 3], [9, 5, 10, 4], [1, 6, 2, 7], [21, 8, 22, 9], [10, 14, 11, 13], [12, 17, 13, 18], [14, 23, 15, 24], [16, 20, 17, 19], [18, 11, 19, 12], [3, 21, 4, 20], [5, 22, 6, 23]]"
12n_0231_101,"[[5, 22, 6, 23], [24, 15, 1, 16], [7, 2, 8, 3], [9, 5, 10, 4], [1, 6, 2, 7], [21, 8, 22, 9], [10, 14, 11, 13], [12, 17, 13, 18], [14, 23, 15, 24], [16, 20, 17, 19], [18, 11, 19, 12], [3, 21, 4, 20]]"
12n_0231_102,"[[3, 21, 4, 20], [5, 22, 6, 23], [24, 15, 1, 16], [7, 2, 8, 3], [9, 5, 10, 4], [1, 6, 2, 7], [21, 8, 22, 9], [10, 14, 11, 13], [12, 17, 13, 18], [14, 23, 15, 24], [16, 20, 17, 19], [18, 11, 19, 12]]"
12n_0231_103,"[[18, 11, 19, 12], [3, 21, 4, 20], [5, 22, 6, 23], [24, 15, 1, 16], [7, 2, 8, 3], [9, 5, 10, 4], [1, 6, 2, 7], [21, 8, 22, 9], [10, 14, 11, 13], [12, 17, 13, 18], [14, 23, 15, 24], [16, 20, 17, 19]]"
12n_0231_104,"[[16, 20, 17, 19], [18, 11, 19, 12], [3, 21, 4, 20], [5, 22, 6, 23], [24, 15, 1, 16], [7, 2, 8, 3], [9, 5, 10, 4], [1, 6, 2, 7], [21, 8, 22, 9], [10, 14, 11, 13], [12, 17, 13, 18], [14, 23, 15, 24]]"
12n_0231_105,"[[14, 23, 15, 24], [16, 20, 17, 19], [18, 11, 19, 12], [3, 21, 4, 20], [5, 22, 6, 23], [24, 15, 1, 16], [7, 2, 8, 3], [9, 5, 10, 4], [1, 6, 2, 7], [21, 8, 22, 9], [10, 14, 11, 13], [12, 17, 13, 18]]"
12n_0231_106,"[[12, 17, 13, 18], [14, 23, 15, 24], [16, 20, 17, 19], [18, 11, 19, 12], [3, 21, 4, 20], [5, 22, 6, 23], [24, 15, 1, 16], [7, 2, 8, 3], [9, 5, 10, 4], [1, 6, 2, 7], [21, 8, 22, 9], [10, 14, 11, 13]]"
12n_0231_107,"[[10, 14, 11, 13], [12, 17, 13, 18], [14, 23, 15, 24], [16, 20, 17, 19], [18, 11, 19, 12], [3, 21, 4, 20], [5, 22, 6, 23], [24, 15, 1, 16], [7, 2, 8, 3], [9, 5, 10, 4], [1, 6, 2, 7], [21, 8, 22, 9]]"
12n_0231_108,"[[22, 9, 23, 10], [11, 15, 12, 14], [13, 18, 14, 19], [15, 24, 16, 1], [17, 21, 18, 20], [19, 12, 20, 13], [4, 22, 5, 21], [6, 23, 7, 24], [1, 16, 2, 17], [8, 3, 9, 4], [10, 6, 11, 5], [2, 7, 3, 8]]"
12n_0231_109,"[[2, 7, 3, 8], [22, 9, 23, 10], [11, 15, 12, 14], [13, 18, 14, 19], [15, 24, 16, 1], [17, 21, 18, 20], [19, 12, 20, 13], [4, 22, 5, 21], [6, 23, 7, 24], [1, 16, 2, 17], [8, 3, 9, 4], [10, 6, 11, 5]]"
12n_0231_110,"[[10, 6, 11, 5], [2, 7, 3, 8], [22, 9, 23, 10], [11, 15, 12, 14], [13, 18, 14, 19], [15, 24, 16, 1], [17, 21, 18, 20], [19, 12, 20, 13], [4, 22, 5, 21], [6, 23, 7, 24], [1, 16, 2, 17], [8, 3, 9, 4]]"
12n_0231_111,"[[8, 3, 9, 4], [10, 6, 11, 5], [2, 7, 3, 8], [22, 9, 23, 10], [11, 15, 12, 14], [13, 18, 14, 19], [15, 24, 16, 1], [17, 21, 18, 20], [19, 12, 20, 13], [4, 22, 5, 21], [6, 23, 7, 24], [1, 16, 2, 17]]"
12n_0231_112,"[[1, 16, 2, 17], [8, 3, 9, 4], [10, 6, 11, 5], [2, 7, 3, 8], [22, 9, 23, 10], [11, 15, 12, 14], [13, 18, 14, 19], [15, 24, 16, 1], [17, 21, 18, 20], [19, 12, 20, 13], [4, 22, 5, 21], [6, 23, 7, 24]]"
12n_0231_113,"[[6, 23, 7, 24], [1, 16, 2, 17], [8, 3, 9, 4], [10, 6, 11, 5], [2, 7, 3, 8], [22, 9, 23, 10], [11, 15, 12, 14], [13, 18, 14, 19], [15, 24, 16, 1], [17, 21, 18, 20], [19, 12, 20, 13], [4, 22, 5, 21]]"
12n_0231_114,"[[4, 22, 5, 21], [6, 23, 7, 24], [1, 16, 2, 17], [8, 3, 9, 4], [10, 6, 11, 5], [2, 7, 3, 8], [22, 9, 23, 10], [11, 15, 12, 14], [13, 18, 14, 19], [15, 24, 16, 1], [17, 21, 18, 20], [19, 12, 20, 13]]"
12n_0231_115,"[[19, 12, 20, 13], [4, 22, 5, 21], [6, 23, 7, 24], [1, 16, 2, 17], [8, 3, 9, 4], [10, 6, 11, 5], [2, 7, 3, 8], [22, 9, 23, 10], [11, 15, 12, 14], [13, 18, 14, 19], [15, 24, 16, 1], [17, 21, 18, 20]]"
12n_0231_116,"[[17, 21, 18, 20], [19, 12, 20, 13], [4, 22, 5, 21], [6, 23, 7, 24], [1, 16, 2, 17], [8, 3, 9, 4], [10, 6, 11, 5], [2, 7, 3, 8], [22, 9, 23, 10], [11, 15, 12, 14], [13, 18, 14, 19], [15, 24, 16, 1]]"
12n_0231_117,"[[15, 24, 16, 1], [17, 21, 18, 20], [19, 12, 20, 13], [4, 22, 5, 21], [6, 23, 7, 24], [1, 16, 2, 17], [8, 3, 9, 4], [10, 6, 11, 5], [2, 7, 3, 8], [22, 9, 23, 10], [11, 15, 12, 14], [13, 18, 14, 19]]"
12n_0231_118,"[[13, 18, 14, 19], [15, 24, 16, 1], [17, 21, 18, 20], [19, 12, 20, 13], [4, 22, 5, 21], [6, 23, 7, 24], [1, 16, 2, 17], [8, 3, 9, 4], [10, 6, 11, 5], [2, 7, 3, 8], [22, 9, 23, 10], [11, 15, 12, 14]]"
12n_0231_119,"[[11, 15, 12, 14], [13, 18, 14, 19], [15, 24, 16, 1], [17, 21, 18, 20], [19, 12, 20, 13], [4, 22, 5, 21], [6, 23, 7, 24], [1, 16, 2, 17], [8, 3, 9, 4], [10, 6, 11, 5], [2, 7, 3, 8], [22, 9, 23, 10]]"
12n_0231_120,"[[23, 10, 24, 11], [12, 16, 13, 15], [14, 19, 15, 20], [16, 1, 17, 2], [18, 22, 19, 21], [20, 13, 21, 14], [5, 23, 6, 22], [7, 24, 8, 1], [2, 17, 3, 18], [9, 4, 10, 5], [11, 7, 12, 6], [3, 8, 4, 9]]"
12n_0231_121,"[[3, 8, 4, 9], [23, 10, 24, 11], [12, 16, 13, 15], [14, 19, 15, 20], [16, 1, 17, 2], [18, 22, 19, 21], [20, 13, 21, 14], [5, 23, 6, 22], [7, 24, 8, 1], [2, 17, 3, 18], [9, 4, 10, 5], [11, 7, 12, 6]]"
12n_0231_122,"[[11, 7, 12, 6], [3, 8, 4, 9], [23, 10, 24, 11], [12, 16, 13, 15], [14, 19, 15, 20], [16, 1, 17, 2], [18, 22, 19, 21], [20, 13, 21, 14], [5, 23, 6, 22], [7, 24, 8, 1], [2, 17, 3, 18], [9, 4, 10, 5]]"
12n_0231_123,"[[9, 4, 10, 5], [11, 7, 12, 6], [3, 8, 4, 9], [23, 10, 24, 11], [12, 16, 13, 15], [14, 19, 15, 20], [16, 1, 17, 2], [18, 22, 19, 21], [20, 13, 21, 14], [5, 23, 6, 22], [7, 24, 8, 1], [2, 17, 3, 18]]"
12n_0231_124,"[[2, 17, 3, 18], [9, 4, 10, 5], [11, 7, 12, 6], [3, 8, 4, 9], [23, 10, 24, 11], [12, 16, 13, 15], [14, 19, 15, 20], [16, 1, 17, 2], [18, 22, 19, 21], [20, 13, 21, 14], [5, 23, 6, 22], [7, 24, 8, 1]]"
12n_0231_125,"[[7, 24, 8, 1], [2, 17, 3, 18], [9, 4, 10, 5], [11, 7, 12, 6], [3, 8, 4, 9], [23, 10, 24, 11], [12, 16, 13, 15], [14, 19, 15, 20], [16, 1, 17, 2], [18, 22, 19, 21], [20, 13, 21, 14], [5, 23, 6, 22]]"
12n_0231_126,"[[5, 23, 6, 22], [7, 24, 8, 1], [2, 17, 3, 18], [9, 4, 10, 5], [11, 7, 12, 6], [3, 8, 4, 9], [23, 10, 24, 11], [12, 16, 13, 15], [14, 19, 15, 20], [16, 1, 17, 2], [18, 22, 19, 21], [20, 13, 21, 14]]"
12n_0231_127,"[[20, 13, 21, 14], [5, 23, 6, 22], [7, 24, 8, 1], [2, 17, 3, 18], [9, 4, 10, 5], [11, 7, 12, 6], [3, 8, 4, 9], [23, 10, 24, 11], [12, 16, 13, 15], [14, 19, 15, 20], [16, 1, 17, 2], [18, 22, 19, 21]]"
12n_0231_128,"[[18, 22, 19, 21], [20, 13, 21, 14], [5, 23, 6, 22], [7, 24, 8, 1], [2, 17, 3, 18], [9, 4, 10, 5], [11, 7, 12, 6], [3, 8, 4, 9], [23, 10, 24, 11], [12, 16, 13, 15], [14, 19, 15, 20], [16, 1, 17, 2]]"
12n_0231_129,"[[16, 1, 17, 2], [18, 22, 19, 21], [20, 13, 21, 14], [5, 23, 6, 22], [7, 24, 8, 1], [2, 17, 3, 18], [9, 4, 10, 5], [11, 7, 12, 6], [3, 8, 4, 9], [23, 10, 24, 11], [12, 16, 13, 15], [14, 19, 15, 20]]"
12n_0231_130,"[[14, 19, 15, 20], [16, 1, 17, 2], [18, 22, 19, 21], [20, 13, 21, 14], [5, 23, 6, 22], [7, 24, 8, 1], [2, 17, 3, 18], [9, 4, 10, 5], [11, 7, 12, 6], [3, 8, 4, 9], [23, 10, 24, 11], [12, 16, 13, 15]]"
12n_0231_131,"[[12, 16, 13, 15], [14, 19, 15, 20], [16, 1, 17, 2], [18, 22, 19, 21], [20, 13, 21, 14], [5, 23, 6, 22], [7, 24, 8, 1], [2, 17, 3, 18], [9, 4, 10, 5], [11, 7, 12, 6], [3, 8, 4, 9], [23, 10, 24, 11]]"
12n_0231_132,"[[24, 11, 1, 12], [13, 17, 14, 16], [15, 20, 16, 21], [17, 2, 18, 3], [19, 23, 20, 22], [21, 14, 22, 15], [6, 24, 7, 23], [8, 1, 9, 2], [3, 18, 4, 19], [10, 5, 11, 6], [12, 8, 13, 7], [4, 9, 5, 10]]"
12n_0231_133,"[[4, 9, 5, 10], [24, 11, 1, 12], [13, 17, 14, 16], [15, 20, 16, 21], [17, 2, 18, 3], [19, 23, 20, 22], [21, 14, 22, 15], [6, 24, 7, 23], [8, 1, 9, 2], [3, 18, 4, 19], [10, 5, 11, 6], [12, 8, 13, 7]]"
12n_0231_134,"[[12, 8, 13, 7], [4, 9, 5, 10], [24, 11, 1, 12], [13, 17, 14, 16], [15, 20, 16, 21], [17, 2, 18, 3], [19, 23, 20, 22], [21, 14, 22, 15], [6, 24, 7, 23], [8, 1, 9, 2], [3, 18, 4, 19], [10, 5, 11, 6]]"
12n_0231_135,"[[10, 5, 11, 6], [12, 8, 13, 7], [4, 9, 5, 10], [24, 11, 1, 12], [13, 17, 14, 16], [15, 20, 16, 21], [17, 2, 18, 3], [19, 23, 20, 22], [21, 14, 22, 15], [6, 24, 7, 23], [8, 1, 9, 2], [3, 18, 4, 19]]"
12n_0231_136,"[[3, 18, 4, 19], [10, 5, 11, 6], [12, 8, 13, 7], [4, 9, 5, 10], [24, 11, 1, 12], [13, 17, 14, 16], [15, 20, 16, 21], [17, 2, 18, 3], [19, 23, 20, 22], [21, 14, 22, 15], [6, 24, 7, 23], [8, 1, 9, 2]]"
12n_0231_137,"[[8, 1, 9, 2], [3, 18, 4, 19], [10, 5, 11, 6], [12, 8, 13, 7], [4, 9, 5, 10], [24, 11, 1, 12], [13, 17, 14, 16], [15, 20, 16, 21], [17, 2, 18, 3], [19, 23, 20, 22], [21, 14, 22, 15], [6, 24, 7, 23]]"
12n_0231_138,"[[6, 24, 7, 23], [8, 1, 9, 2], [3, 18, 4, 19], [10, 5, 11, 6], [12, 8, 13, 7], [4, 9, 5, 10], [24, 11, 1, 12], [13, 17, 14, 16], [15, 20, 16, 21], [17, 2, 18, 3], [19, 23, 20, 22], [21, 14, 22, 15]]"
12n_0231_139,"[[21, 14, 22, 15], [6, 24, 7, 23], [8, 1, 9, 2], [3, 18, 4, 19], [10, 5, 11, 6], [12, 8, 13, 7], [4, 9, 5, 10], [24, 11, 1, 12], [13, 17, 14, 16], [15, 20, 16, 21], [17, 2, 18, 3], [19, 23, 20, 22]]"
12n_0231_140,"[[19, 23, 20, 22], [21, 14, 22, 15], [6, 24, 7, 23], [8, 1, 9, 2], [3, 18, 4, 19], [10, 5, 11, 6], [12, 8, 13, 7], [4, 9, 5, 10], [24, 11, 1, 12], [13, 17, 14, 16], [15, 20, 16, 21], [17, 2, 18, 3]]"
12n_0231_141,"[[17, 2, 18, 3], [19, 23, 20, 22], [21, 14, 22, 15], [6, 24, 7, 23], [8, 1, 9, 2], [3, 18, 4, 19], [10, 5, 11, 6], [12, 8, 13, 7], [4, 9, 5, 10], [24, 11, 1, 12], [13, 17, 14, 16], [15, 20, 16, 21]]"
12n_0231_142,"[[15, 20, 16, 21], [17, 2, 18, 3], [19, 23, 20, 22], [21, 14, 22, 15], [6, 24, 7, 23], [8, 1, 9, 2], [3, 18, 4, 19], [10, 5, 11, 6], [12, 8, 13, 7], [4, 9, 5, 10], [24, 11, 1, 12], [13, 17, 14, 16]]"
12n_0231_143,"[[13, 17, 14, 16], [15, 20, 16, 21], [17, 2, 18, 3], [19, 23, 20, 22], [21, 14, 22, 15], [6, 24, 7, 23], [8, 1, 9, 2], [3, 18, 4, 19], [10, 5, 11, 6], [12, 8, 13, 7], [4, 9, 5, 10], [24, 11, 1, 12]]"
12n_0231_144,"[[1, 12, 2, 13], [14, 18, 15, 17], [16, 21, 17, 22], [18, 3, 19, 4], [20, 24, 21, 23], [22, 15, 23, 16], [7, 1, 8, 24], [9, 2, 10, 3], [4, 19, 5, 20], [11, 6, 12, 7], [13, 9, 14, 8], [5, 10, 6, 11]]"
12n_0231_145,"[[5, 10, 6, 11], [1, 12, 2, 13], [14, 18, 15, 17], [16, 21, 17, 22], [18, 3, 19, 4], [20, 24, 21, 23], [22, 15, 23, 16], [7, 1, 8, 24], [9, 2, 10, 3], [4, 19, 5, 20], [11, 6, 12, 7], [13, 9, 14, 8]]"
12n_0231_146,"[[13, 9, 14, 8], [5, 10, 6, 11], [1, 12, 2, 13], [14, 18, 15, 17], [16, 21, 17, 22], [18, 3, 19, 4], [20, 24, 21, 23], [22, 15, 23, 16], [7, 1, 8, 24], [9, 2, 10, 3], [4, 19, 5, 20], [11, 6, 12, 7]]"
12n_0231_147,"[[11, 6, 12, 7], [13, 9, 14, 8], [5, 10, 6, 11], [1, 12, 2, 13], [14, 18, 15, 17], [16, 21, 17, 22], [18, 3, 19, 4], [20, 24, 21, 23], [22, 15, 23, 16], [7, 1, 8, 24], [9, 2, 10, 3], [4, 19, 5, 20]]"
12n_0231_148,"[[4, 19, 5, 20], [11, 6, 12, 7], [13, 9, 14, 8], [5, 10, 6, 11], [1, 12, 2, 13], [14, 18, 15, 17], [16, 21, 17, 22], [18, 3, 19, 4], [20, 24, 21, 23], [22, 15, 23, 16], [7, 1, 8, 24], [9, 2, 10, 3]]"
12n_0231_149,"[[9, 2, 10, 3], [4, 19, 5, 20], [11, 6, 12, 7], [13, 9, 14, 8], [5, 10, 6, 11], [1, 12, 2, 13], [14, 18, 15, 17], [16, 21, 17, 22], [18, 3, 19, 4], [20, 24, 21, 23], [22, 15, 23, 16], [7, 1, 8, 24]]"
12n_0231_150,"[[7, 1, 8, 24], [9, 2, 10, 3], [4, 19, 5, 20], [11, 6, 12, 7], [13, 9, 14, 8], [5, 10, 6, 11], [1, 12, 2, 13], [14, 18, 15, 17], [16, 21, 17, 22], [18, 3, 19, 4], [20, 24, 21, 23], [22, 15, 23, 16]]"
12n_0231_151,"[[22, 15, 23, 16], [7, 1, 8, 24], [9, 2, 10, 3], [4, 19, 5, 20], [11, 6, 12, 7], [13, 9, 14, 8], [5, 10, 6, 11], [1, 12, 2, 13], [14, 18, 15, 17], [16, 21, 17, 22], [18, 3, 19, 4], [20, 24, 21, 23]]"
12n_0231_152,"[[20, 24, 21, 23], [22, 15, 23, 16], [7, 1, 8, 24], [9, 2, 10, 3], [4, 19, 5, 20], [11, 6, 12, 7], [13, 9, 14, 8], [5, 10, 6, 11], [1, 12, 2, 13], [14, 18, 15, 17], [16, 21, 17, 22], [18, 3, 19, 4]]"
12n_0231_153,"[[18, 3, 19, 4], [20, 24, 21, 23], [22, 15, 23, 16], [7, 1, 8, 24], [9, 2, 10, 3], [4, 19, 5, 20], [11, 6, 12, 7], [13, 9, 14, 8], [5, 10, 6, 11], [1, 12, 2, 13], [14, 18, 15, 17], [16, 21, 17, 22]]"
12n_0231_154,"[[16, 21, 17, 22], [18, 3, 19, 4], [20, 24, 21, 23], [22, 15, 23, 16], [7, 1, 8, 24], [9, 2, 10, 3], [4, 19, 5, 20], [11, 6, 12, 7], [13, 9, 14, 8], [5, 10, 6, 11], [1, 12, 2, 13], [14, 18, 15, 17]]"
12n_0231_155,"[[14, 18, 15, 17], [16, 21, 17, 22], [18, 3, 19, 4], [20, 24, 21, 23], [22, 15, 23, 16], [7, 1, 8, 24], [9, 2, 10, 3], [4, 19, 5, 20], [11, 6, 12, 7], [13, 9, 14, 8], [5, 10, 6, 11], [1, 12, 2, 13]]"
12n_0231_156,"[[2, 13, 3, 14], [15, 19, 16, 18], [17, 22, 18, 23], [19, 4, 20, 5], [21, 1, 22, 24], [23, 16, 24, 17], [8, 2, 9, 1], [10, 3, 11, 4], [5, 20, 6, 21], [12, 7, 13, 8], [14, 10, 15, 9], [6, 11, 7, 12]]"
12n_0231_157,"[[6, 11, 7, 12], [2, 13, 3, 14], [15, 19, 16, 18], [17, 22, 18, 23], [19, 4, 20, 5], [21, 1, 22, 24], [23, 16, 24, 17], [8, 2, 9, 1], [10, 3, 11, 4], [5, 20, 6, 21], [12, 7, 13, 8], [14, 10, 15, 9]]"
12n_0231_158,"[[14, 10, 15, 9], [6, 11, 7, 12], [2, 13, 3, 14], [15, 19, 16, 18], [17, 22, 18, 23], [19, 4, 20, 5], [21, 1, 22, 24], [23, 16, 24, 17], [8, 2, 9, 1], [10, 3, 11, 4], [5, 20, 6, 21], [12, 7, 13, 8]]"
12n_0231_159,"[[12, 7, 13, 8], [14, 10, 15, 9], [6, 11, 7, 12], [2, 13, 3, 14], [15, 19, 16, 18], [17, 22, 18, 23], [19, 4, 20, 5], [21, 1, 22, 24], [23, 16, 24, 17], [8, 2, 9, 1], [10, 3, 11, 4], [5, 20, 6, 21]]"
12n_0231_160,"[[5, 20, 6, 21], [12, 7, 13, 8], [14, 10, 15, 9], [6, 11, 7, 12], [2, 13, 3, 14], [15, 19, 16, 18], [17, 22, 18, 23], [19, 4, 20, 5], [21, 1, 22, 24], [23, 16, 24, 17], [8, 2, 9, 1], [10, 3, 11, 4]]"
12n_0231_161,"[[10, 3, 11, 4], [5, 20, 6, 21], [12, 7, 13, 8], [14, 10, 15, 9], [6, 11, 7, 12], [2, 13, 3, 14], [15, 19, 16, 18], [17, 22, 18, 23], [19, 4, 20, 5], [21, 1, 22, 24], [23, 16, 24, 17], [8, 2, 9, 1]]"
12n_0231_162,"[[8, 2, 9, 1], [10, 3, 11, 4], [5, 20, 6, 21], [12, 7, 13, 8], [14, 10, 15, 9], [6, 11, 7, 12], [2, 13, 3, 14], [15, 19, 16, 18], [17, 22, 18, 23], [19, 4, 20, 5], [21, 1, 22, 24], [23, 16, 24, 17]]"
12n_0231_163,"[[23, 16, 24, 17], [8, 2, 9, 1], [10, 3, 11, 4], [5, 20, 6, 21], [12, 7, 13, 8], [14, 10, 15, 9], [6, 11, 7, 12], [2, 13, 3, 14], [15, 19, 16, 18], [17, 22, 18, 23], [19, 4, 20, 5], [21, 1, 22, 24]]"
12n_0231_164,"[[21, 1, 22, 24], [23, 16, 24, 17], [8, 2, 9, 1], [10, 3, 11, 4], [5, 20, 6, 21], [12, 7, 13, 8], [14, 10, 15, 9], [6, 11, 7, 12], [2, 13, 3, 14], [15, 19, 16, 18], [17, 22, 18, 23], [19, 4, 20, 5]]"
12n_0231_165,"[[19, 4, 20, 5], [21, 1, 22, 24], [23, 16, 24, 17], [8, 2, 9, 1], [10, 3, 11, 4], [5, 20, 6, 21], [12, 7, 13, 8], [14, 10, 15, 9], [6, 11, 7, 12], [2, 13, 3, 14], [15, 19, 16, 18], [17, 22, 18, 23]]"
12n_0231_166,"[[17, 22, 18, 23], [19, 4, 20, 5], [21, 1, 22, 24], [23, 16, 24, 17], [8, 2, 9, 1], [10, 3, 11, 4], [5, 20, 6, 21], [12, 7, 13, 8], [14, 10, 15, 9], [6, 11, 7, 12], [2, 13, 3, 14], [15, 19, 16, 18]]"
12n_0231_167,"[[15, 19, 16, 18], [17, 22, 18, 23], [19, 4, 20, 5], [21, 1, 22, 24], [23, 16, 24, 17], [8, 2, 9, 1], [10, 3, 11, 4], [5, 20, 6, 21], [12, 7, 13, 8], [14, 10, 15, 9], [6, 11, 7, 12], [2, 13, 3, 14]]"
12n_0231_168,"[[3, 14, 4, 15], [16, 20, 17, 19], [18, 23, 19, 24], [20, 5, 21, 6], [22, 2, 23, 1], [24, 17, 1, 18], [9, 3, 10, 2], [11, 4, 12, 5], [6, 21, 7, 22], [13, 8, 14, 9], [15, 11, 16, 10], [7, 12, 8, 13]]"
12n_0231_169,"[[7, 12, 8, 13], [3, 14, 4, 15], [16, 20, 17, 19], [18, 23, 19, 24], [20, 5, 21, 6], [22, 2, 23, 1], [24, 17, 1, 18], [9, 3, 10, 2], [11, 4, 12, 5], [6, 21, 7, 22], [13, 8, 14, 9], [15, 11, 16, 10]]"
12n_0231_170,"[[15, 11, 16, 10], [7, 12, 8, 13], [3, 14, 4, 15], [16, 20, 17, 19], [18, 23, 19, 24], [20, 5, 21, 6], [22, 2, 23, 1], [24, 17, 1, 18], [9, 3, 10, 2], [11, 4, 12, 5], [6, 21, 7, 22], [13, 8, 14, 9]]"
12n_0231_171,"[[13, 8, 14, 9], [15, 11, 16, 10], [7, 12, 8, 13], [3, 14, 4, 15], [16, 20, 17, 19], [18, 23, 19, 24], [20, 5, 21, 6], [22, 2, 23, 1], [24, 17, 1, 18], [9, 3, 10, 2], [11, 4, 12, 5], [6, 21, 7, 22]]"
12n_0231_172,"[[6, 21, 7, 22], [13, 8, 14, 9], [15, 11, 16, 10], [7, 12, 8, 13], [3, 14, 4, 15], [16, 20, 17, 19], [18, 23, 19, 24], [20, 5, 21, 6], [22, 2, 23, 1], [24, 17, 1, 18], [9, 3, 10, 2], [11, 4, 12, 5]]"
12n_0231_173,"[[11, 4, 12, 5], [6, 21, 7, 22], [13, 8, 14, 9], [15, 11, 16, 10], [7, 12, 8, 13], [3, 14, 4, 15], [16, 20, 17, 19], [18, 23, 19, 24], [20, 5, 21, 6], [22, 2, 23, 1], [24, 17, 1, 18], [9, 3, 10, 2]]"
12n_0231_174,"[[9, 3, 10, 2], [11, 4, 12, 5], [6, 21, 7, 22], [13, 8, 14, 9], [15, 11, 16, 10], [7, 12, 8, 13], [3, 14, 4, 15], [16, 20, 17, 19], [18, 23, 19, 24], [20, 5, 21, 6], [22, 2, 23, 1], [24, 17, 1, 18]]"
12n_0231_175,"[[24, 17, 1, 18], [9, 3, 10, 2], [11, 4, 12, 5], [6, 21, 7, 22], [13, 8, 14, 9], [15, 11, 16, 10], [7, 12, 8, 13], [3, 14, 4, 15], [16, 20, 17, 19], [18, 23, 19, 24], [20, 5, 21, 6], [22, 2, 23, 1]]"
12n_0231_176,"[[22, 2, 23, 1], [24, 17, 1, 18], [9, 3, 10, 2], [11, 4, 12, 5], [6, 21, 7, 22], [13, 8, 14, 9], [15, 11, 16, 10], [7, 12, 8, 13], [3, 14, 4, 15], [16, 20, 17, 19], [18, 23, 19, 24], [20, 5, 21, 6]]"
12n_0231_177,"[[20, 5, 21, 6], [22, 2, 23, 1], [24, 17, 1, 18], [9, 3, 10, 2], [11, 4, 12, 5], [6, 21, 7, 22], [13, 8, 14, 9], [15, 11, 16, 10], [7, 12, 8, 13], [3, 14, 4, 15], [16, 20, 17, 19], [18, 23, 19, 24]]"
12n_0231_178,"[[18, 23, 19, 24], [20, 5, 21, 6], [22, 2, 23, 1], [24, 17, 1, 18], [9, 3, 10, 2], [11, 4, 12, 5], [6, 21, 7, 22], [13, 8, 14, 9], [15, 11, 16, 10], [7, 12, 8, 13], [3, 14, 4, 15], [16, 20, 17, 19]]"
12n_0231_179,"[[16, 20, 17, 19], [18, 23, 19, 24], [20, 5, 21, 6], [22, 2, 23, 1], [24, 17, 1, 18], [9, 3, 10, 2], [11, 4, 12, 5], [6, 21, 7, 22], [13, 8, 14, 9], [15, 11, 16, 10], [7, 12, 8, 13], [3, 14, 4, 15]]"
12n_0231_180,"[[4, 15, 5, 16], [17, 21, 18, 20], [19, 24, 20, 1], [21, 6, 22, 7], [23, 3, 24, 2], [1, 18, 2, 19], [10, 4, 11, 3], [12, 5, 13, 6], [7, 22, 8, 23], [14, 9, 15, 10], [16, 12, 17, 11], [8, 13, 9, 14]]"
12n_0231_181,"[[8, 13, 9, 14], [4, 15, 5, 16], [17, 21, 18, 20], [19, 24, 20, 1], [21, 6, 22, 7], [23, 3, 24, 2], [1, 18, 2, 19], [10, 4, 11, 3], [12, 5, 13, 6], [7, 22, 8, 23], [14, 9, 15, 10], [16, 12, 17, 11]]"
12n_0231_182,"[[16, 12, 17, 11], [8, 13, 9, 14], [4, 15, 5, 16], [17, 21, 18, 20], [19, 24, 20, 1], [21, 6, 22, 7], [23, 3, 24, 2], [1, 18, 2, 19], [10, 4, 11, 3], [12, 5, 13, 6], [7, 22, 8, 23], [14, 9, 15, 10]]"
12n_0231_183,"[[14, 9, 15, 10], [16, 12, 17, 11], [8, 13, 9, 14], [4, 15, 5, 16], [17, 21, 18, 20], [19, 24, 20, 1], [21, 6, 22, 7], [23, 3, 24, 2], [1, 18, 2, 19], [10, 4, 11, 3], [12, 5, 13, 6], [7, 22, 8, 23]]"
12n_0231_184,"[[7, 22, 8, 23], [14, 9, 15, 10], [16, 12, 17, 11], [8, 13, 9, 14], [4, 15, 5, 16], [17, 21, 18, 20], [19, 24, 20, 1], [21, 6, 22, 7], [23, 3, 24, 2], [1, 18, 2, 19], [10, 4, 11, 3], [12, 5, 13, 6]]"
12n_0231_185,"[[12, 5, 13, 6], [7, 22, 8, 23], [14, 9, 15, 10], [16, 12, 17, 11], [8, 13, 9, 14], [4, 15, 5, 16], [17, 21, 18, 20], [19, 24, 20, 1], [21, 6, 22, 7], [23, 3, 24, 2], [1, 18, 2, 19], [10, 4, 11, 3]]"
