name,pd_notation
12n_0159_0,"[[19, 24, 20, 1], [2, 6, 3, 5], [4, 10, 5, 9], [15, 6, 16, 7], [8, 4, 9, 3], [17, 10, 18, 11], [21, 12, 22, 13], [7, 14, 8, 15], [1, 16, 2, 17], [11, 18, 12, 19], [23, 20, 24, 21], [13, 22, 14, 23]]"
12n_0159_1,"[[13, 22, 14, 23], [19, 24, 20, 1], [2, 6, 3, 5], [4, 10, 5, 9], [15, 6, 16, 7], [8, 4, 9, 3], [17, 10, 18, 11], [21, 12, 22, 13], [7, 14, 8, 15], [1, 16, 2, 17], [11, 18, 12, 19], [23, 20, 24, 21]]"
12n_0159_2,"[[23, 20, 24, 21], [13, 22, 14, 23], [19, 24, 20, 1], [2, 6, 3, 5], [4, 10, 5, 9], [15, 6, 16, 7], [8, 4, 9, 3], [17, 10, 18, 11], [21, 12, 22, 13], [7, 14, 8, 15], [1, 16, 2, 17], [11, 18, 12, 19]]"
12n_0159_3,"[[11, 18, 12, 19], [23, 20, 24, 21], [13, 22, 14, 23], [19, 24, 20, 1], [2, 6, 3, 5], [4, 10, 5, 9], [15, 6, 16, 7], [8, 4, 9, 3], [17, 10, 18, 11], [21, 12, 22, 13], [7, 14, 8, 15], [1, 16, 2, 17]]"
12n_0159_4,"[[1, 16, 2, 17], [11, 18, 12, 19], [23, 20, 24, 21], [13, 22, 14, 23], [19, 24, 20, 1], [2, 6, 3, 5], [4, 10, 5, 9], [15, 6, 16, 7], [8, 4, 9, 3], [17, 10, 18, 11], [21, 12, 22, 13], [7, 14, 8, 15]]"
12n_0159_5,"[[7, 14, 8, 15], [1, 16, 2, 17], [11, 18, 12, 19], [23, 20, 24, 21], [13, 22, 14, 23], [19, 24, 20, 1], [2, 6, 3, 5], [4, 10, 5, 9], [15, 6, 16, 7], [8, 4, 9, 3], [17, 10, 18, 11], [21, 12, 22, 13]]"
12n_0159_6,"[[21, 12, 22, 13], [7, 14, 8, 15], [1, 16, 2, 17], [11, 18, 12, 19], [23, 20, 24, 21], [13, 22, 14, 23], [19, 24, 20, 1], [2, 6, 3, 5], [4, 10, 5, 9], [15, 6, 16, 7], [8, 4, 9, 3], [17, 10, 18, 11]]"
12n_0159_7,"[[17, 10, 18, 11], [21, 12, 22, 13], [7, 14, 8, 15], [1, 16, 2, 17], [11, 18, 12, 19], [23, 20, 24, 21], [13, 22, 14, 23], [19, 24, 20, 1], [2, 6, 3, 5], [4, 10, 5, 9], [15, 6, 16, 7], [8, 4, 9, 3]]"
12n_0159_8,"[[8, 4, 9, 3], [17, 10, 18, 11], [21, 12, 22, 13], [7, 14, 8, 15], [1, 16, 2, 17], [11, 18, 12, 19], [23, 20, 24, 21], [13, 22, 14, 23], [19, 24, 20, 1], [2, 6, 3, 5], [4, 10, 5, 9], [15, 6, 16, 7]]"
12n_0159_9,"[[15, 6, 16, 7], [8, 4, 9, 3], [17, 10, 18, 11], [21, 12, 22, 13], [7, 14, 8, 15], [1, 16, 2, 17], [11, 18, 12, 19], [23, 20, 24, 21], [13, 22, 14, 23], [19, 24, 20, 1], [2, 6, 3, 5], [4, 10, 5, 9]]"
12n_0159_10,"[[4, 10, 5, 9], [15, 6, 16, 7], [8, 4, 9, 3], [17, 10, 18, 11], [21, 12, 22, 13], [7, 14, 8, 15], [1, 16, 2, 17], [11, 18, 12, 19], [23, 20, 24, 21], [13, 22, 14, 23], [19, 24, 20, 1], [2, 6, 3, 5]]"
12n_0159_11,"[[2, 6, 3, 5], [4, 10, 5, 9], [15, 6, 16, 7], [8, 4, 9, 3], [17, 10, 18, 11], [21, 12, 22, 13], [7, 14, 8, 15], [1, 16, 2, 17], [11, 18, 12, 19], [23, 20, 24, 21], [13, 22, 14, 23], [19, 24, 20, 1]]"
12n_0159_12,"[[20, 1, 21, 2], [3, 7, 4, 6], [5, 11, 6, 10], [16, 7, 17, 8], [9, 5, 10, 4], [18, 11, 19, 12], [22, 13, 23, 14], [8, 15, 9, 16], [2, 17, 3, 18], [12, 19, 13, 20], [24, 21, 1, 22], [14, 23, 15, 24]]"
12n_0159_13,"[[14, 23, 15, 24], [20, 1, 21, 2], [3, 7, 4, 6], [5, 11, 6, 10], [16, 7, 17, 8], [9, 5, 10, 4], [18, 11, 19, 12], [22, 13, 23, 14], [8, 15, 9, 16], [2, 17, 3, 18], [12, 19, 13, 20], [24, 21, 1, 22]]"
12n_0159_14,"[[24, 21, 1, 22], [14, 23, 15, 24], [20, 1, 21, 2], [3, 7, 4, 6], [5, 11, 6, 10], [16, 7, 17, 8], [9, 5, 10, 4], [18, 11, 19, 12], [22, 13, 23, 14], [8, 15, 9, 16], [2, 17, 3, 18], [12, 19, 13, 20]]"
12n_0159_15,"[[12, 19, 13, 20], [24, 21, 1, 22], [14, 23, 15, 24], [20, 1, 21, 2], [3, 7, 4, 6], [5, 11, 6, 10], [16, 7, 17, 8], [9, 5, 10, 4], [18, 11, 19, 12], [22, 13, 23, 14], [8, 15, 9, 16], [2, 17, 3, 18]]"
12n_0159_16,"[[2, 17, 3, 18], [12, 19, 13, 20], [24, 21, 1, 22], [14, 23, 15, 24], [20, 1, 21, 2], [3, 7, 4, 6], [5, 11, 6, 10], [16, 7, 17, 8], [9, 5, 10, 4], [18, 11, 19, 12], [22, 13, 23, 14], [8, 15, 9, 16]]"
12n_0159_17,"[[8, 15, 9, 16], [2, 17, 3, 18], [12, 19, 13, 20], [24, 21, 1, 22], [14, 23, 15, 24], [20, 1, 21, 2], [3, 7, 4, 6], [5, 11, 6, 10], [16, 7, 17, 8], [9, 5, 10, 4], [18, 11, 19, 12], [22, 13, 23, 14]]"
12n_0159_18,"[[22, 13, 23, 14], [8, 15, 9, 16], [2, 17, 3, 18], [12, 19, 13, 20], [24, 21, 1, 22], [14, 23, 15, 24], [20, 1, 21, 2], [3, 7, 4, 6], [5, 11, 6, 10], [16, 7, 17, 8], [9, 5, 10, 4], [18, 11, 19, 12]]"
12n_0159_19,"[[18, 11, 19, 12], [22, 13, 23, 14], [8, 15, 9, 16], [2, 17, 3, 18], [12, 19, 13, 20], [24, 21, 1, 22], [14, 23, 15, 24], [20, 1, 21, 2], [3, 7, 4, 6], [5, 11, 6, 10], [16, 7, 17, 8], [9, 5, 10, 4]]"
12n_0159_20,"[[9, 5, 10, 4], [18, 11, 19, 12], [22, 13, 23, 14], [8, 15, 9, 16], [2, 17, 3, 18], [12, 19, 13, 20], [24, 21, 1, 22], [14, 23, 15, 24], [20, 1, 21, 2], [3, 7, 4, 6], [5, 11, 6, 10], [16, 7, 17, 8]]"
12n_0159_21,"[[16, 7, 17, 8], [9, 5, 10, 4], [18, 11, 19, 12], [22, 13, 23, 14], [8, 15, 9, 16], [2, 17, 3, 18], [12, 19, 13, 20], [24, 21, 1, 22], [14, 23, 15, 24], [20, 1, 21, 2], [3, 7, 4, 6], [5, 11, 6, 10]]"
12n_0159_22,"[[5, 11, 6, 10], [16, 7, 17, 8], [9, 5, 10, 4], [18, 11, 19, 12], [22, 13, 23, 14], [8, 15, 9, 16], [2, 17, 3, 18], [12, 19, 13, 20], [24, 21, 1, 22], [14, 23, 15, 24], [20, 1, 21, 2], [3, 7, 4, 6]]"
12n_0159_23,"[[3, 7, 4, 6], [5, 11, 6, 10], [16, 7, 17, 8], [9, 5, 10, 4], [18, 11, 19, 12], [22, 13, 23, 14], [8, 15, 9, 16], [2, 17, 3, 18], [12, 19, 13, 20], [24, 21, 1, 22], [14, 23, 15, 24], [20, 1, 21, 2]]"
12n_0159_24,"[[21, 2, 22, 3], [4, 8, 5, 7], [6, 12, 7, 11], [17, 8, 18, 9], [10, 6, 11, 5], [19, 12, 20, 13], [23, 14, 24, 15], [9, 16, 10, 17], [3, 18, 4, 19], [13, 20, 14, 21], [1, 22, 2, 23], [15, 24, 16, 1]]"
12n_0159_25,"[[15, 24, 16, 1], [21, 2, 22, 3], [4, 8, 5, 7], [6, 12, 7, 11], [17, 8, 18, 9], [10, 6, 11, 5], [19, 12, 20, 13], [23, 14, 24, 15], [9, 16, 10, 17], [3, 18, 4, 19], [13, 20, 14, 21], [1, 22, 2, 23]]"
12n_0159_26,"[[1, 22, 2, 23], [15, 24, 16, 1], [21, 2, 22, 3], [4, 8, 5, 7], [6, 12, 7, 11], [17, 8, 18, 9], [10, 6, 11, 5], [19, 12, 20, 13], [23, 14, 24, 15], [9, 16, 10, 17], [3, 18, 4, 19], [13, 20, 14, 21]]"
12n_0159_27,"[[13, 20, 14, 21], [1, 22, 2, 23], [15, 24, 16, 1], [21, 2, 22, 3], [4, 8, 5, 7], [6, 12, 7, 11], [17, 8, 18, 9], [10, 6, 11, 5], [19, 12, 20, 13], [23, 14, 24, 15], [9, 16, 10, 17], [3, 18, 4, 19]]"
12n_0159_28,"[[3, 18, 4, 19], [13, 20, 14, 21], [1, 22, 2, 23], [15, 24, 16, 1], [21, 2, 22, 3], [4, 8, 5, 7], [6, 12, 7, 11], [17, 8, 18, 9], [10, 6, 11, 5], [19, 12, 20, 13], [23, 14, 24, 15], [9, 16, 10, 17]]"
12n_0159_29,"[[9, 16, 10, 17], [3, 18, 4, 19], [13, 20, 14, 21], [1, 22, 2, 23], [15, 24, 16, 1], [21, 2, 22, 3], [4, 8, 5, 7], [6, 12, 7, 11], [17, 8, 18, 9], [10, 6, 11, 5], [19, 12, 20, 13], [23, 14, 24, 15]]"
12n_0159_30,"[[23, 14, 24, 15], [9, 16, 10, 17], [3, 18, 4, 19], [13, 20, 14, 21], [1, 22, 2, 23], [15, 24, 16, 1], [21, 2, 22, 3], [4, 8, 5, 7], [6, 12, 7, 11], [17, 8, 18, 9], [10, 6, 11, 5], [19, 12, 20, 13]]"
12n_0159_31,"[[19, 12, 20, 13], [23, 14, 24, 15], [9, 16, 10, 17], [3, 18, 4, 19], [13, 20, 14, 21], [1, 22, 2, 23], [15, 24, 16, 1], [21, 2, 22, 3], [4, 8, 5, 7], [6, 12, 7, 11], [17, 8, 18, 9], [10, 6, 11, 5]]"
12n_0159_32,"[[10, 6, 11, 5], [19, 12, 20, 13], [23, 14, 24, 15], [9, 16, 10, 17], [3, 18, 4, 19], [13, 20, 14, 21], [1, 22, 2, 23], [15, 24, 16, 1], [21, 2, 22, 3], [4, 8, 5, 7], [6, 12, 7, 11], [17, 8, 18, 9]]"
12n_0159_33,"[[17, 8, 18, 9], [10, 6, 11, 5], [19, 12, 20, 13], [23, 14, 24, 15], [9, 16, 10, 17], [3, 18, 4, 19], [13, 20, 14, 21], [1, 22, 2, 23], [15, 24, 16, 1], [21, 2, 22, 3], [4, 8, 5, 7], [6, 12, 7, 11]]"
12n_0159_34,"[[6, 12, 7, 11], [17, 8, 18, 9], [10, 6, 11, 5], [19, 12, 20, 13], [23, 14, 24, 15], [9, 16, 10, 17], [3, 18, 4, 19], [13, 20, 14, 21], [1, 22, 2, 23], [15, 24, 16, 1], [21, 2, 22, 3], [4, 8, 5, 7]]"
12n_0159_35,"[[4, 8, 5, 7], [6, 12, 7, 11], [17, 8, 18, 9], [10, 6, 11, 5], [19, 12, 20, 13], [23, 14, 24, 15], [9, 16, 10, 17], [3, 18, 4, 19], [13, 20, 14, 21], [1, 22, 2, 23], [15, 24, 16, 1], [21, 2, 22, 3]]"
12n_0159_36,"[[22, 3, 23, 4], [5, 9, 6, 8], [7, 13, 8, 12], [18, 9, 19, 10], [11, 7, 12, 6], [20, 13, 21, 14], [24, 15, 1, 16], [10, 17, 11, 18], [4, 19, 5, 20], [14, 21, 15, 22], [2, 23, 3, 24], [16, 1, 17, 2]]"
12n_0159_37,"[[16, 1, 17, 2], [22, 3, 23, 4], [5, 9, 6, 8], [7, 13, 8, 12], [18, 9, 19, 10], [11, 7, 12, 6], [20, 13, 21, 14], [24, 15, 1, 16], [10, 17, 11, 18], [4, 19, 5, 20], [14, 21, 15, 22], [2, 23, 3, 24]]"
12n_0159_38,"[[2, 23, 3, 24], [16, 1, 17, 2], [22, 3, 23, 4], [5, 9, 6, 8], [7, 13, 8, 12], [18, 9, 19, 10], [11, 7, 12, 6], [20, 13, 21, 14], [24, 15, 1, 16], [10, 17, 11, 18], [4, 19, 5, 20], [14, 21, 15, 22]]"
12n_0159_39,"[[14, 21, 15, 22], [2, 23, 3, 24], [16, 1, 17, 2], [22, 3, 23, 4], [5, 9, 6, 8], [7, 13, 8, 12], [18, 9, 19, 10], [11, 7, 12, 6], [20, 13, 21, 14], [24, 15, 1, 16], [10, 17, 11, 18], [4, 19, 5, 20]]"
12n_0159_40,"[[4, 19, 5, 20], [14, 21, 15, 22], [2, 23, 3, 24], [16, 1, 17, 2], [22, 3, 23, 4], [5, 9, 6, 8], [7, 13, 8, 12], [18, 9, 19, 10], [11, 7, 12, 6], [20, 13, 21, 14], [24, 15, 1, 16], [10, 17, 11, 18]]"
12n_0159_41,"[[10, 17, 11, 18], [4, 19, 5, 20], [14, 21, 15, 22], [2, 23, 3, 24], [16, 1, 17, 2], [22, 3, 23, 4], [5, 9, 6, 8], [7, 13, 8, 12], [18, 9, 19, 10], [11, 7, 12, 6], [20, 13, 21, 14], [24, 15, 1, 16]]"
12n_0159_42,"[[24, 15, 1, 16], [10, 17, 11, 18], [4, 19, 5, 20], [14, 21, 15, 22], [2, 23, 3, 24], [16, 1, 17, 2], [22, 3, 23, 4], [5, 9, 6, 8], [7, 13, 8, 12], [18, 9, 19, 10], [11, 7, 12, 6], [20, 13, 21, 14]]"
12n_0159_43,"[[20, 13, 21, 14], [24, 15, 1, 16], [10, 17, 11, 18], [4, 19, 5, 20], [14, 21, 15, 22], [2, 23, 3, 24], [16, 1, 17, 2], [22, 3, 23, 4], [5, 9, 6, 8], [7, 13, 8, 12], [18, 9, 19, 10], [11, 7, 12, 6]]"
12n_0159_44,"[[11, 7, 12, 6], [20, 13, 21, 14], [24, 15, 1, 16], [10, 17, 11, 18], [4, 19, 5, 20], [14, 21, 15, 22], [2, 23, 3, 24], [16, 1, 17, 2], [22, 3, 23, 4], [5, 9, 6, 8], [7, 13, 8, 12], [18, 9, 19, 10]]"
12n_0159_45,"[[18, 9, 19, 10], [11, 7, 12, 6], [20, 13, 21, 14], [24, 15, 1, 16], [10, 17, 11, 18], [4, 19, 5, 20], [14, 21, 15, 22], [2, 23, 3, 24], [16, 1, 17, 2], [22, 3, 23, 4], [5, 9, 6, 8], [7, 13, 8, 12]]"
12n_0159_46,"[[7, 13, 8, 12], [18, 9, 19, 10], [11, 7, 12, 6], [20, 13, 21, 14], [24, 15, 1, 16], [10, 17, 11, 18], [4, 19, 5, 20], [14, 21, 15, 22], [2, 23, 3, 24], [16, 1, 17, 2], [22, 3, 23, 4], [5, 9, 6, 8]]"
12n_0159_47,"[[5, 9, 6, 8], [7, 13, 8, 12], [18, 9, 19, 10], [11, 7, 12, 6], [20, 13, 21, 14], [24, 15, 1, 16], [10, 17, 11, 18], [4, 19, 5, 20], [14, 21, 15, 22], [2, 23, 3, 24], [16, 1, 17, 2], [22, 3, 23, 4]]"
12n_0159_48,"[[23, 4, 24, 5], [6, 10, 7, 9], [8, 14, 9, 13], [19, 10, 20, 11], [12, 8, 13, 7], [21, 14, 22, 15], [1, 16, 2, 17], [11, 18, 12, 19], [5, 20, 6, 21], [15, 22, 16, 23], [3, 24, 4, 1], [17, 2, 18, 3]]"
12n_0159_49,"[[17, 2, 18, 3], [23, 4, 24, 5], [6, 10, 7, 9], [8, 14, 9, 13], [19, 10, 20, 11], [12, 8, 13, 7], [21, 14, 22, 15], [1, 16, 2, 17], [11, 18, 12, 19], [5, 20, 6, 21], [15, 22, 16, 23], [3, 24, 4, 1]]"
12n_0159_50,"[[3, 24, 4, 1], [17, 2, 18, 3], [23, 4, 24, 5], [6, 10, 7, 9], [8, 14, 9, 13], [19, 10, 20, 11], [12, 8, 13, 7], [21, 14, 22, 15], [1, 16, 2, 17], [11, 18, 12, 19], [5, 20, 6, 21], [15, 22, 16, 23]]"
12n_0159_51,"[[15, 22, 16, 23], [3, 24, 4, 1], [17, 2, 18, 3], [23, 4, 24, 5], [6, 10, 7, 9], [8, 14, 9, 13], [19, 10, 20, 11], [12, 8, 13, 7], [21, 14, 22, 15], [1, 16, 2, 17], [11, 18, 12, 19], [5, 20, 6, 21]]"
12n_0159_52,"[[5, 20, 6, 21], [15, 22, 16, 23], [3, 24, 4, 1], [17, 2, 18, 3], [23, 4, 24, 5], [6, 10, 7, 9], [8, 14, 9, 13], [19, 10, 20, 11], [12, 8, 13, 7], [21, 14, 22, 15], [1, 16, 2, 17], [11, 18, 12, 19]]"
12n_0159_53,"[[11, 18, 12, 19], [5, 20, 6, 21], [15, 22, 16, 23], [3, 24, 4, 1], [17, 2, 18, 3], [23, 4, 24, 5], [6, 10, 7, 9], [8, 14, 9, 13], [19, 10, 20, 11], [12, 8, 13, 7], [21, 14, 22, 15], [1, 16, 2, 17]]"
12n_0159_54,"[[1, 16, 2, 17], [11, 18, 12, 19], [5, 20, 6, 21], [15, 22, 16, 23], [3, 24, 4, 1], [17, 2, 18, 3], [23, 4, 24, 5], [6, 10, 7, 9], [8, 14, 9, 13], [19, 10, 20, 11], [12, 8, 13, 7], [21, 14, 22, 15]]"
12n_0159_55,"[[21, 14, 22, 15], [1, 16, 2, 17], [11, 18, 12, 19], [5, 20, 6, 21], [15, 22, 16, 23], [3, 24, 4, 1], [17, 2, 18, 3], [23, 4, 24, 5], [6, 10, 7, 9], [8, 14, 9, 13], [19, 10, 20, 11], [12, 8, 13, 7]]"
12n_0159_56,"[[12, 8, 13, 7], [21, 14, 22, 15], [1, 16, 2, 17], [11, 18, 12, 19], [5, 20, 6, 21], [15, 22, 16, 23], [3, 24, 4, 1], [17, 2, 18, 3], [23, 4, 24, 5], [6, 10, 7, 9], [8, 14, 9, 13], [19, 10, 20, 11]]"
12n_0159_57,"[[19, 10, 20, 11], [12, 8, 13, 7], [21, 14, 22, 15], [1, 16, 2, 17], [11, 18, 12, 19], [5, 20, 6, 21], [15, 22, 16, 23], [3, 24, 4, 1], [17, 2, 18, 3], [23, 4, 24, 5], [6, 10, 7, 9], [8, 14, 9, 13]]"
12n_0159_58,"[[8, 14, 9, 13], [19, 10, 20, 11], [12, 8, 13, 7], [21, 14, 22, 15], [1, 16, 2, 17], [11, 18, 12, 19], [5, 20, 6, 21], [15, 22, 16, 23], [3, 24, 4, 1], [17, 2, 18, 3], [23, 4, 24, 5], [6, 10, 7, 9]]"
12n_0159_59,"[[6, 10, 7, 9], [8, 14, 9, 13], [19, 10, 20, 11], [12, 8, 13, 7], [21, 14, 22, 15], [1, 16, 2, 17], [11, 18, 12, 19], [5, 20, 6, 21], [15, 22, 16, 23], [3, 24, 4, 1], [17, 2, 18, 3], [23, 4, 24, 5]]"
12n_0159_60,"[[24, 5, 1, 6], [7, 11, 8, 10], [9, 15, 10, 14], [20, 11, 21, 12], [13, 9, 14, 8], [22, 15, 23, 16], [2, 17, 3, 18], [12, 19, 13, 20], [6, 21, 7, 22], [16, 23, 17, 24], [4, 1, 5, 2], [18, 3, 19, 4]]"
12n_0159_61,"[[18, 3, 19, 4], [24, 5, 1, 6], [7, 11, 8, 10], [9, 15, 10, 14], [20, 11, 21, 12], [13, 9, 14, 8], [22, 15, 23, 16], [2, 17, 3, 18], [12, 19, 13, 20], [6, 21, 7, 22], [16, 23, 17, 24], [4, 1, 5, 2]]"
12n_0159_62,"[[4, 1, 5, 2], [18, 3, 19, 4], [24, 5, 1, 6], [7, 11, 8, 10], [9, 15, 10, 14], [20, 11, 21, 12], [13, 9, 14, 8], [22, 15, 23, 16], [2, 17, 3, 18], [12, 19, 13, 20], [6, 21, 7, 22], [16, 23, 17, 24]]"
12n_0159_63,"[[16, 23, 17, 24], [4, 1, 5, 2], [18, 3, 19, 4], [24, 5, 1, 6], [7, 11, 8, 10], [9, 15, 10, 14], [20, 11, 21, 12], [13, 9, 14, 8], [22, 15, 23, 16], [2, 17, 3, 18], [12, 19, 13, 20], [6, 21, 7, 22]]"
12n_0159_64,"[[6, 21, 7, 22], [16, 23, 17, 24], [4, 1, 5, 2], [18, 3, 19, 4], [24, 5, 1, 6], [7, 11, 8, 10], [9, 15, 10, 14], [20, 11, 21, 12], [13, 9, 14, 8], [22, 15, 23, 16], [2, 17, 3, 18], [12, 19, 13, 20]]"
12n_0159_65,"[[12, 19, 13, 20], [6, 21, 7, 22], [16, 23, 17, 24], [4, 1, 5, 2], [18, 3, 19, 4], [24, 5, 1, 6], [7, 11, 8, 10], [9, 15, 10, 14], [20, 11, 21, 12], [13, 9, 14, 8], [22, 15, 23, 16], [2, 17, 3, 18]]"
12n_0159_66,"[[2, 17, 3, 18], [12, 19, 13, 20], [6, 21, 7, 22], [16, 23, 17, 24], [4, 1, 5, 2], [18, 3, 19, 4], [24, 5, 1, 6], [7, 11, 8, 10], [9, 15, 10, 14], [20, 11, 21, 12], [13, 9, 14, 8], [22, 15, 23, 16]]"
12n_0159_67,"[[22, 15, 23, 16], [2, 17, 3, 18], [12, 19, 13, 20], [6, 21, 7, 22], [16, 23, 17, 24], [4, 1, 5, 2], [18, 3, 19, 4], [24, 5, 1, 6], [7, 11, 8, 10], [9, 15, 10, 14], [20, 11, 21, 12], [13, 9, 14, 8]]"
12n_0159_68,"[[13, 9, 14, 8], [22, 15, 23, 16], [2, 17, 3, 18], [12, 19, 13, 20], [6, 21, 7, 22], [16, 23, 17, 24], [4, 1, 5, 2], [18, 3, 19, 4], [24, 5, 1, 6], [7, 11, 8, 10], [9, 15, 10, 14], [20, 11, 21, 12]]"
12n_0159_69,"[[20, 11, 21, 12], [13, 9, 14, 8], [22, 15, 23, 16], [2, 17, 3, 18], [12, 19, 13, 20], [6, 21, 7, 22], [16, 23, 17, 24], [4, 1, 5, 2], [18, 3, 19, 4], [24, 5, 1, 6], [7, 11, 8, 10], [9, 15, 10, 14]]"
12n_0159_70,"[[9, 15, 10, 14], [20, 11, 21, 12], [13, 9, 14, 8], [22, 15, 23, 16], [2, 17, 3, 18], [12, 19, 13, 20], [6, 21, 7, 22], [16, 23, 17, 24], [4, 1, 5, 2], [18, 3, 19, 4], [24, 5, 1, 6], [7, 11, 8, 10]]"
12n_0159_71,"[[7, 11, 8, 10], [9, 15, 10, 14], [20, 11, 21, 12], [13, 9, 14, 8], [22, 15, 23, 16], [2, 17, 3, 18], [12, 19, 13, 20], [6, 21, 7, 22], [16, 23, 17, 24], [4, 1, 5, 2], [18, 3, 19, 4], [24, 5, 1, 6]]"
12n_0159_72,"[[1, 6, 2, 7], [8, 12, 9, 11], [10, 16, 11, 15], [21, 12, 22, 13], [14, 10, 15, 9], [23, 16, 24, 17], [3, 18, 4, 19], [13, 20, 14, 21], [7, 22, 8, 23], [17, 24, 18, 1], [5, 2, 6, 3], [19, 4, 20, 5]]"
12n_0159_73,"[[19, 4, 20, 5], [1, 6, 2, 7], [8, 12, 9, 11], [10, 16, 11, 15], [21, 12, 22, 13], [14, 10, 15, 9], [23, 16, 24, 17], [3, 18, 4, 19], [13, 20, 14, 21], [7, 22, 8, 23], [17, 24, 18, 1], [5, 2, 6, 3]]"
12n_0159_74,"[[5, 2, 6, 3], [19, 4, 20, 5], [1, 6, 2, 7], [8, 12, 9, 11], [10, 16, 11, 15], [21, 12, 22, 13], [14, 10, 15, 9], [23, 16, 24, 17], [3, 18, 4, 19], [13, 20, 14, 21], [7, 22, 8, 23], [17, 24, 18, 1]]"
12n_0159_75,"[[17, 24, 18, 1], [5, 2, 6, 3], [19, 4, 20, 5], [1, 6, 2, 7], [8, 12, 9, 11], [10, 16, 11, 15], [21, 12, 22, 13], [14, 10, 15, 9], [23, 16, 24, 17], [3, 18, 4, 19], [13, 20, 14, 21], [7, 22, 8, 23]]"
12n_0159_76,"[[7, 22, 8, 23], [17, 24, 18, 1], [5, 2, 6, 3], [19, 4, 20, 5], [1, 6, 2, 7], [8, 12, 9, 11], [10, 16, 11, 15], [21, 12, 22, 13], [14, 10, 15, 9], [23, 16, 24, 17], [3, 18, 4, 19], [13, 20, 14, 21]]"
12n_0159_77,"[[13, 20, 14, 21], [7, 22, 8, 23], [17, 24, 18, 1], [5, 2, 6, 3], [19, 4, 20, 5], [1, 6, 2, 7], [8, 12, 9, 11], [10, 16, 11, 15], [21, 12, 22, 13], [14, 10, 15, 9], [23, 16, 24, 17], [3, 18, 4, 19]]"
12n_0159_78,"[[3, 18, 4, 19], [13, 20, 14, 21], [7, 22, 8, 23], [17, 24, 18, 1], [5, 2, 6, 3], [19, 4, 20, 5], [1, 6, 2, 7], [8, 12, 9, 11], [10, 16, 11, 15], [21, 12, 22, 13], [14, 10, 15, 9], [23, 16, 24, 17]]"
12n_0159_79,"[[23, 16, 24, 17], [3, 18, 4, 19], [13, 20, 14, 21], [7, 22, 8, 23], [17, 24, 18, 1], [5, 2, 6, 3], [19, 4, 20, 5], [1, 6, 2, 7], [8, 12, 9, 11], [10, 16, 11, 15], [21, 12, 22, 13], [14, 10, 15, 9]]"
12n_0159_80,"[[14, 10, 15, 9], [23, 16, 24, 17], [3, 18, 4, 19], [13, 20, 14, 21], [7, 22, 8, 23], [17, 24, 18, 1], [5, 2, 6, 3], [19, 4, 20, 5], [1, 6, 2, 7], [8, 12, 9, 11], [10, 16, 11, 15], [21, 12, 22, 13]]"
12n_0159_81,"[[21, 12, 22, 13], [14, 10, 15, 9], [23, 16, 24, 17], [3, 18, 4, 19], [13, 20, 14, 21], [7, 22, 8, 23], [17, 24, 18, 1], [5, 2, 6, 3], [19, 4, 20, 5], [1, 6, 2, 7], [8, 12, 9, 11], [10, 16, 11, 15]]"
12n_0159_82,"[[10, 16, 11, 15], [21, 12, 22, 13], [14, 10, 15, 9], [23, 16, 24, 17], [3, 18, 4, 19], [13, 20, 14, 21], [7, 22, 8, 23], [17, 24, 18, 1], [5, 2, 6, 3], [19, 4, 20, 5], [1, 6, 2, 7], [8, 12, 9, 11]]"
12n_0159_83,"[[8, 12, 9, 11], [10, 16, 11, 15], [21, 12, 22, 13], [14, 10, 15, 9], [23, 16, 24, 17], [3, 18, 4, 19], [13, 20, 14, 21], [7, 22, 8, 23], [17, 24, 18, 1], [5, 2, 6, 3], [19, 4, 20, 5], [1, 6, 2, 7]]"
12n_0159_84,"[[2, 7, 3, 8], [9, 13, 10, 12], [11, 17, 12, 16], [22, 13, 23, 14], [15, 11, 16, 10], [24, 17, 1, 18], [4, 19, 5, 20], [14, 21, 15, 22], [8, 23, 9, 24], [18, 1, 19, 2], [6, 3, 7, 4], [20, 5, 21, 6]]"
12n_0159_85,"[[20, 5, 21, 6], [2, 7, 3, 8], [9, 13, 10, 12], [11, 17, 12, 16], [22, 13, 23, 14], [15, 11, 16, 10], [24, 17, 1, 18], [4, 19, 5, 20], [14, 21, 15, 22], [8, 23, 9, 24], [18, 1, 19, 2], [6, 3, 7, 4]]"
12n_0159_86,"[[6, 3, 7, 4], [20, 5, 21, 6], [2, 7, 3, 8], [9, 13, 10, 12], [11, 17, 12, 16], [22, 13, 23, 14], [15, 11, 16, 10], [24, 17, 1, 18], [4, 19, 5, 20], [14, 21, 15, 22], [8, 23, 9, 24], [18, 1, 19, 2]]"
12n_0159_87,"[[18, 1, 19, 2], [6, 3, 7, 4], [20, 5, 21, 6], [2, 7, 3, 8], [9, 13, 10, 12], [11, 17, 12, 16], [22, 13, 23, 14], [15, 11, 16, 10], [24, 17, 1, 18], [4, 19, 5, 20], [14, 21, 15, 22], [8, 23, 9, 24]]"
12n_0159_88,"[[8, 23, 9, 24], [18, 1, 19, 2], [6, 3, 7, 4], [20, 5, 21, 6], [2, 7, 3, 8], [9, 13, 10, 12], [11, 17, 12, 16], [22, 13, 23, 14], [15, 11, 16, 10], [24, 17, 1, 18], [4, 19, 5, 20], [14, 21, 15, 22]]"
12n_0159_89,"[[14, 21, 15, 22], [8, 23, 9, 24], [18, 1, 19, 2], [6, 3, 7, 4], [20, 5, 21, 6], [2, 7, 3, 8], [9, 13, 10, 12], [11, 17, 12, 16], [22, 13, 23, 14], [15, 11, 16, 10], [24, 17, 1, 18], [4, 19, 5, 20]]"
12n_0159_90,"[[4, 19, 5, 20], [14, 21, 15, 22], [8, 23, 9, 24], [18, 1, 19, 2], [6, 3, 7, 4], [20, 5, 21, 6], [2, 7, 3, 8], [9, 13, 10, 12], [11, 17, 12, 16], [22, 13, 23, 14], [15, 11, 16, 10], [24, 17, 1, 18]]"
12n_0159_91,"[[24, 17, 1, 18], [4, 19, 5, 20], [14, 21, 15, 22], [8, 23, 9, 24], [18, 1, 19, 2], [6, 3, 7, 4], [20, 5, 21, 6], [2, 7, 3, 8], [9, 13, 10, 12], [11, 17, 12, 16], [22, 13, 23, 14], [15, 11, 16, 10]]"
12n_0159_92,"[[15, 11, 16, 10], [24, 17, 1, 18], [4, 19, 5, 20], [14, 21, 15, 22], [8, 23, 9, 24], [18, 1, 19, 2], [6, 3, 7, 4], [20, 5, 21, 6], [2, 7, 3, 8], [9, 13, 10, 12], [11, 17, 12, 16], [22, 13, 23, 14]]"
12n_0159_93,"[[22, 13, 23, 14], [15, 11, 16, 10], [24, 17, 1, 18], [4, 19, 5, 20], [14, 21, 15, 22], [8, 23, 9, 24], [18, 1, 19, 2], [6, 3, 7, 4], [20, 5, 21, 6], [2, 7, 3, 8], [9, 13, 10, 12], [11, 17, 12, 16]]"
12n_0159_94,"[[11, 17, 12, 16], [22, 13, 23, 14], [15, 11, 16, 10], [24, 17, 1, 18], [4, 19, 5, 20], [14, 21, 15, 22], [8, 23, 9, 24], [18, 1, 19, 2], [6, 3, 7, 4], [20, 5, 21, 6], [2, 7, 3, 8], [9, 13, 10, 12]]"
12n_0159_95,"[[9, 13, 10, 12], [11, 17, 12, 16], [22, 13, 23, 14], [15, 11, 16, 10], [24, 17, 1, 18], [4, 19, 5, 20], [14, 21, 15, 22], [8, 23, 9, 24], [18, 1, 19, 2], [6, 3, 7, 4], [20, 5, 21, 6], [2, 7, 3, 8]]"
12n_0159_96,"[[3, 8, 4, 9], [10, 14, 11, 13], [12, 18, 13, 17], [23, 14, 24, 15], [16, 12, 17, 11], [1, 18, 2, 19], [5, 20, 6, 21], [15, 22, 16, 23], [9, 24, 10, 1], [19, 2, 20, 3], [7, 4, 8, 5], [21, 6, 22, 7]]"
12n_0159_97,"[[21, 6, 22, 7], [3, 8, 4, 9], [10, 14, 11, 13], [12, 18, 13, 17], [23, 14, 24, 15], [16, 12, 17, 11], [1, 18, 2, 19], [5, 20, 6, 21], [15, 22, 16, 23], [9, 24, 10, 1], [19, 2, 20, 3], [7, 4, 8, 5]]"
12n_0159_98,"[[7, 4, 8, 5], [21, 6, 22, 7], [3, 8, 4, 9], [10, 14, 11, 13], [12, 18, 13, 17], [23, 14, 24, 15], [16, 12, 17, 11], [1, 18, 2, 19], [5, 20, 6, 21], [15, 22, 16, 23], [9, 24, 10, 1], [19, 2, 20, 3]]"
12n_0159_99,"[[19, 2, 20, 3], [7, 4, 8, 5], [21, 6, 22, 7], [3, 8, 4, 9], [10, 14, 11, 13], [12, 18, 13, 17], [23, 14, 24, 15], [16, 12, 17, 11], [1, 18, 2, 19], [5, 20, 6, 21], [15, 22, 16, 23], [9, 24, 10, 1]]"
12n_0159_100,"[[9, 24, 10, 1], [19, 2, 20, 3], [7, 4, 8, 5], [21, 6, 22, 7], [3, 8, 4, 9], [10, 14, 11, 13], [12, 18, 13, 17], [23, 14, 24, 15], [16, 12, 17, 11], [1, 18, 2, 19], [5, 20, 6, 21], [15, 22, 16, 23]]"
12n_0159_101,"[[15, 22, 16, 23], [9, 24, 10, 1], [19, 2, 20, 3], [7, 4, 8, 5], [21, 6, 22, 7], [3, 8, 4, 9], [10, 14, 11, 13], [12, 18, 13, 17], [23, 14, 24, 15], [16, 12, 17, 11], [1, 18, 2, 19], [5, 20, 6, 21]]"
12n_0159_102,"[[5, 20, 6, 21], [15, 22, 16, 23], [9, 24, 10, 1], [19, 2, 20, 3], [7, 4, 8, 5], [21, 6, 22, 7], [3, 8, 4, 9], [10, 14, 11, 13], [12, 18, 13, 17], [23, 14, 24, 15], [16, 12, 17, 11], [1, 18, 2, 19]]"
12n_0159_103,"[[1, 18, 2, 19], [5, 20, 6, 21], [15, 22, 16, 23], [9, 24, 10, 1], [19, 2, 20, 3], [7, 4, 8, 5], [21, 6, 22, 7], [3, 8, 4, 9], [10, 14, 11, 13], [12, 18, 13, 17], [23, 14, 24, 15], [16, 12, 17, 11]]"
12n_0159_104,"[[16, 12, 17, 11], [1, 18, 2, 19], [5, 20, 6, 21], [15, 22, 16, 23], [9, 24, 10, 1], [19, 2, 20, 3], [7, 4, 8, 5], [21, 6, 22, 7], [3, 8, 4, 9], [10, 14, 11, 13], [12, 18, 13, 17], [23, 14, 24, 15]]"
12n_0159_105,"[[23, 14, 24, 15], [16, 12, 17, 11], [1, 18, 2, 19], [5, 20, 6, 21], [15, 22, 16, 23], [9, 24, 10, 1], [19, 2, 20, 3], [7, 4, 8, 5], [21, 6, 22, 7], [3, 8, 4, 9], [10, 14, 11, 13], [12, 18, 13, 17]]"
12n_0159_106,"[[12, 18, 13, 17], [23, 14, 24, 15], [16, 12, 17, 11], [1, 18, 2, 19], [5, 20, 6, 21], [15, 22, 16, 23], [9, 24, 10, 1], [19, 2, 20, 3], [7, 4, 8, 5], [21, 6, 22, 7], [3, 8, 4, 9], [10, 14, 11, 13]]"
12n_0159_107,"[[10, 14, 11, 13], [12, 18, 13, 17], [23, 14, 24, 15], [16, 12, 17, 11], [1, 18, 2, 19], [5, 20, 6, 21], [15, 22, 16, 23], [9, 24, 10, 1], [19, 2, 20, 3], [7, 4, 8, 5], [21, 6, 22, 7], [3, 8, 4, 9]]"
12n_0159_108,"[[4, 9, 5, 10], [11, 15, 12, 14], [13, 19, 14, 18], [24, 15, 1, 16], [17, 13, 18, 12], [2, 19, 3, 20], [6, 21, 7, 22], [16, 23, 17, 24], [10, 1, 11, 2], [20, 3, 21, 4], [8, 5, 9, 6], [22, 7, 23, 8]]"
12n_0159_109,"[[22, 7, 23, 8], [4, 9, 5, 10], [11, 15, 12, 14], [13, 19, 14, 18], [24, 15, 1, 16], [17, 13, 18, 12], [2, 19, 3, 20], [6, 21, 7, 22], [16, 23, 17, 24], [10, 1, 11, 2], [20, 3, 21, 4], [8, 5, 9, 6]]"
12n_0159_110,"[[8, 5, 9, 6], [22, 7, 23, 8], [4, 9, 5, 10], [11, 15, 12, 14], [13, 19, 14, 18], [24, 15, 1, 16], [17, 13, 18, 12], [2, 19, 3, 20], [6, 21, 7, 22], [16, 23, 17, 24], [10, 1, 11, 2], [20, 3, 21, 4]]"
12n_0159_111,"[[20, 3, 21, 4], [8, 5, 9, 6], [22, 7, 23, 8], [4, 9, 5, 10], [11, 15, 12, 14], [13, 19, 14, 18], [24, 15, 1, 16], [17, 13, 18, 12], [2, 19, 3, 20], [6, 21, 7, 22], [16, 23, 17, 24], [10, 1, 11, 2]]"
12n_0159_112,"[[10, 1, 11, 2], [20, 3, 21, 4], [8, 5, 9, 6], [22, 7, 23, 8], [4, 9, 5, 10], [11, 15, 12, 14], [13, 19, 14, 18], [24, 15, 1, 16], [17, 13, 18, 12], [2, 19, 3, 20], [6, 21, 7, 22], [16, 23, 17, 24]]"
12n_0159_113,"[[16, 23, 17, 24], [10, 1, 11, 2], [20, 3, 21, 4], [8, 5, 9, 6], [22, 7, 23, 8], [4, 9, 5, 10], [11, 15, 12, 14], [13, 19, 14, 18], [24, 15, 1, 16], [17, 13, 18, 12], [2, 19, 3, 20], [6, 21, 7, 22]]"
12n_0159_114,"[[6, 21, 7, 22], [16, 23, 17, 24], [10, 1, 11, 2], [20, 3, 21, 4], [8, 5, 9, 6], [22, 7, 23, 8], [4, 9, 5, 10], [11, 15, 12, 14], [13, 19, 14, 18], [24, 15, 1, 16], [17, 13, 18, 12], [2, 19, 3, 20]]"
12n_0159_115,"[[2, 19, 3, 20], [6, 21, 7, 22], [16, 23, 17, 24], [10, 1, 11, 2], [20, 3, 21, 4], [8, 5, 9, 6], [22, 7, 23, 8], [4, 9, 5, 10], [11, 15, 12, 14], [13, 19, 14, 18], [24, 15, 1, 16], [17, 13, 18, 12]]"
12n_0159_116,"[[17, 13, 18, 12], [2, 19, 3, 20], [6, 21, 7, 22], [16, 23, 17, 24], [10, 1, 11, 2], [20, 3, 21, 4], [8, 5, 9, 6], [22, 7, 23, 8], [4, 9, 5, 10], [11, 15, 12, 14], [13, 19, 14, 18], [24, 15, 1, 16]]"
12n_0159_117,"[[24, 15, 1, 16], [17, 13, 18, 12], [2, 19, 3, 20], [6, 21, 7, 22], [16, 23, 17, 24], [10, 1, 11, 2], [20, 3, 21, 4], [8, 5, 9, 6], [22, 7, 23, 8], [4, 9, 5, 10], [11, 15, 12, 14], [13, 19, 14, 18]]"
12n_0159_118,"[[13, 19, 14, 18], [24, 15, 1, 16], [17, 13, 18, 12], [2, 19, 3, 20], [6, 21, 7, 22], [16, 23, 17, 24], [10, 1, 11, 2], [20, 3, 21, 4], [8, 5, 9, 6], [22, 7, 23, 8], [4, 9, 5, 10], [11, 15, 12, 14]]"
12n_0159_119,"[[11, 15, 12, 14], [13, 19, 14, 18], [24, 15, 1, 16], [17, 13, 18, 12], [2, 19, 3, 20], [6, 21, 7, 22], [16, 23, 17, 24], [10, 1, 11, 2], [20, 3, 21, 4], [8, 5, 9, 6], [22, 7, 23, 8], [4, 9, 5, 10]]"
12n_0159_120,"[[5, 10, 6, 11], [12, 16, 13, 15], [14, 20, 15, 19], [1, 16, 2, 17], [18, 14, 19, 13], [3, 20, 4, 21], [7, 22, 8, 23], [17, 24, 18, 1], [11, 2, 12, 3], [21, 4, 22, 5], [9, 6, 10, 7], [23, 8, 24, 9]]"
12n_0159_121,"[[23, 8, 24, 9], [5, 10, 6, 11], [12, 16, 13, 15], [14, 20, 15, 19], [1, 16, 2, 17], [18, 14, 19, 13], [3, 20, 4, 21], [7, 22, 8, 23], [17, 24, 18, 1], [11, 2, 12, 3], [21, 4, 22, 5], [9, 6, 10, 7]]"
12n_0159_122,"[[9, 6, 10, 7], [23, 8, 24, 9], [5, 10, 6, 11], [12, 16, 13, 15], [14, 20, 15, 19], [1, 16, 2, 17], [18, 14, 19, 13], [3, 20, 4, 21], [7, 22, 8, 23], [17, 24, 18, 1], [11, 2, 12, 3], [21, 4, 22, 5]]"
12n_0159_123,"[[21, 4, 22, 5], [9, 6, 10, 7], [23, 8, 24, 9], [5, 10, 6, 11], [12, 16, 13, 15], [14, 20, 15, 19], [1, 16, 2, 17], [18, 14, 19, 13], [3, 20, 4, 21], [7, 22, 8, 23], [17, 24, 18, 1], [11, 2, 12, 3]]"
12n_0159_124,"[[11, 2, 12, 3], [21, 4, 22, 5], [9, 6, 10, 7], [23, 8, 24, 9], [5, 10, 6, 11], [12, 16, 13, 15], [14, 20, 15, 19], [1, 16, 2, 17], [18, 14, 19, 13], [3, 20, 4, 21], [7, 22, 8, 23], [17, 24, 18, 1]]"
12n_0159_125,"[[17, 24, 18, 1], [11, 2, 12, 3], [21, 4, 22, 5], [9, 6, 10, 7], [23, 8, 24, 9], [5, 10, 6, 11], [12, 16, 13, 15], [14, 20, 15, 19], [1, 16, 2, 17], [18, 14, 19, 13], [3, 20, 4, 21], [7, 22, 8, 23]]"
12n_0159_126,"[[7, 22, 8, 23], [17, 24, 18, 1], [11, 2, 12, 3], [21, 4, 22, 5], [9, 6, 10, 7], [23, 8, 24, 9], [5, 10, 6, 11], [12, 16, 13, 15], [14, 20, 15, 19], [1, 16, 2, 17], [18, 14, 19, 13], [3, 20, 4, 21]]"
12n_0159_127,"[[3, 20, 4, 21], [7, 22, 8, 23], [17, 24, 18, 1], [11, 2, 12, 3], [21, 4, 22, 5], [9, 6, 10, 7], [23, 8, 24, 9], [5, 10, 6, 11], [12, 16, 13, 15], [14, 20, 15, 19], [1, 16, 2, 17], [18, 14, 19, 13]]"
12n_0159_128,"[[18, 14, 19, 13], [3, 20, 4, 21], [7, 22, 8, 23], [17, 24, 18, 1], [11, 2, 12, 3], [21, 4, 22, 5], [9, 6, 10, 7], [23, 8, 24, 9], [5, 10, 6, 11], [12, 16, 13, 15], [14, 20, 15, 19], [1, 16, 2, 17]]"
12n_0159_129,"[[1, 16, 2, 17], [18, 14, 19, 13], [3, 20, 4, 21], [7, 22, 8, 23], [17, 24, 18, 1], [11, 2, 12, 3], [21, 4, 22, 5], [9, 6, 10, 7], [23, 8, 24, 9], [5, 10, 6, 11], [12, 16, 13, 15], [14, 20, 15, 19]]"
12n_0159_130,"[[14, 20, 15, 19], [1, 16, 2, 17], [18, 14, 19, 13], [3, 20, 4, 21], [7, 22, 8, 23], [17, 24, 18, 1], [11, 2, 12, 3], [21, 4, 22, 5], [9, 6, 10, 7], [23, 8, 24, 9], [5, 10, 6, 11], [12, 16, 13, 15]]"
12n_0159_131,"[[12, 16, 13, 15], [14, 20, 15, 19], [1, 16, 2, 17], [18, 14, 19, 13], [3, 20, 4, 21], [7, 22, 8, 23], [17, 24, 18, 1], [11, 2, 12, 3], [21, 4, 22, 5], [9, 6, 10, 7], [23, 8, 24, 9], [5, 10, 6, 11]]"
12n_0159_132,"[[6, 11, 7, 12], [13, 17, 14, 16], [15, 21, 16, 20], [2, 17, 3, 18], [19, 15, 20, 14], [4, 21, 5, 22], [8, 23, 9, 24], [18, 1, 19, 2], [12, 3, 13, 4], [22, 5, 23, 6], [10, 7, 11, 8], [24, 9, 1, 10]]"
12n_0159_133,"[[24, 9, 1, 10], [6, 11, 7, 12], [13, 17, 14, 16], [15, 21, 16, 20], [2, 17, 3, 18], [19, 15, 20, 14], [4, 21, 5, 22], [8, 23, 9, 24], [18, 1, 19, 2], [12, 3, 13, 4], [22, 5, 23, 6], [10, 7, 11, 8]]"
12n_0159_134,"[[10, 7, 11, 8], [24, 9, 1, 10], [6, 11, 7, 12], [13, 17, 14, 16], [15, 21, 16, 20], [2, 17, 3, 18], [19, 15, 20, 14], [4, 21, 5, 22], [8, 23, 9, 24], [18, 1, 19, 2], [12, 3, 13, 4], [22, 5, 23, 6]]"
12n_0159_135,"[[22, 5, 23, 6], [10, 7, 11, 8], [24, 9, 1, 10], [6, 11, 7, 12], [13, 17, 14, 16], [15, 21, 16, 20], [2, 17, 3, 18], [19, 15, 20, 14], [4, 21, 5, 22], [8, 23, 9, 24], [18, 1, 19, 2], [12, 3, 13, 4]]"
12n_0159_136,"[[12, 3, 13, 4], [22, 5, 23, 6], [10, 7, 11, 8], [24, 9, 1, 10], [6, 11, 7, 12], [13, 17, 14, 16], [15, 21, 16, 20], [2, 17, 3, 18], [19, 15, 20, 14], [4, 21, 5, 22], [8, 23, 9, 24], [18, 1, 19, 2]]"
12n_0159_137,"[[18, 1, 19, 2], [12, 3, 13, 4], [22, 5, 23, 6], [10, 7, 11, 8], [24, 9, 1, 10], [6, 11, 7, 12], [13, 17, 14, 16], [15, 21, 16, 20], [2, 17, 3, 18], [19, 15, 20, 14], [4, 21, 5, 22], [8, 23, 9, 24]]"
12n_0159_138,"[[8, 23, 9, 24], [18, 1, 19, 2], [12, 3, 13, 4], [22, 5, 23, 6], [10, 7, 11, 8], [24, 9, 1, 10], [6, 11, 7, 12], [13, 17, 14, 16], [15, 21, 16, 20], [2, 17, 3, 18], [19, 15, 20, 14], [4, 21, 5, 22]]"
12n_0159_139,"[[4, 21, 5, 22], [8, 23, 9, 24], [18, 1, 19, 2], [12, 3, 13, 4], [22, 5, 23, 6], [10, 7, 11, 8], [24, 9, 1, 10], [6, 11, 7, 12], [13, 17, 14, 16], [15, 21, 16, 20], [2, 17, 3, 18], [19, 15, 20, 14]]"
12n_0159_140,"[[19, 15, 20, 14], [4, 21, 5, 22], [8, 23, 9, 24], [18, 1, 19, 2], [12, 3, 13, 4], [22, 5, 23, 6], [10, 7, 11, 8], [24, 9, 1, 10], [6, 11, 7, 12], [13, 17, 14, 16], [15, 21, 16, 20], [2, 17, 3, 18]]"
12n_0159_141,"[[2, 17, 3, 18], [19, 15, 20, 14], [4, 21, 5, 22], [8, 23, 9, 24], [18, 1, 19, 2], [12, 3, 13, 4], [22, 5, 23, 6], [10, 7, 11, 8], [24, 9, 1, 10], [6, 11, 7, 12], [13, 17, 14, 16], [15, 21, 16, 20]]"
12n_0159_142,"[[15, 21, 16, 20], [2, 17, 3, 18], [19, 15, 20, 14], [4, 21, 5, 22], [8, 23, 9, 24], [18, 1, 19, 2], [12, 3, 13, 4], [22, 5, 23, 6], [10, 7, 11, 8], [24, 9, 1, 10], [6, 11, 7, 12], [13, 17, 14, 16]]"
12n_0159_143,"[[13, 17, 14, 16], [15, 21, 16, 20], [2, 17, 3, 18], [19, 15, 20, 14], [4, 21, 5, 22], [8, 23, 9, 24], [18, 1, 19, 2], [12, 3, 13, 4], [22, 5, 23, 6], [10, 7, 11, 8], [24, 9, 1, 10], [6, 11, 7, 12]]"
12n_0159_144,"[[7, 12, 8, 13], [14, 18, 15, 17], [16, 22, 17, 21], [3, 18, 4, 19], [20, 16, 21, 15], [5, 22, 6, 23], [9, 24, 10, 1], [19, 2, 20, 3], [13, 4, 14, 5], [23, 6, 24, 7], [11, 8, 12, 9], [1, 10, 2, 11]]"
12n_0159_145,"[[1, 10, 2, 11], [7, 12, 8, 13], [14, 18, 15, 17], [16, 22, 17, 21], [3, 18, 4, 19], [20, 16, 21, 15], [5, 22, 6, 23], [9, 24, 10, 1], [19, 2, 20, 3], [13, 4, 14, 5], [23, 6, 24, 7], [11, 8, 12, 9]]"
12n_0159_146,"[[11, 8, 12, 9], [1, 10, 2, 11], [7, 12, 8, 13], [14, 18, 15, 17], [16, 22, 17, 21], [3, 18, 4, 19], [20, 16, 21, 15], [5, 22, 6, 23], [9, 24, 10, 1], [19, 2, 20, 3], [13, 4, 14, 5], [23, 6, 24, 7]]"
12n_0159_147,"[[23, 6, 24, 7], [11, 8, 12, 9], [1, 10, 2, 11], [7, 12, 8, 13], [14, 18, 15, 17], [16, 22, 17, 21], [3, 18, 4, 19], [20, 16, 21, 15], [5, 22, 6, 23], [9, 24, 10, 1], [19, 2, 20, 3], [13, 4, 14, 5]]"
12n_0159_148,"[[13, 4, 14, 5], [23, 6, 24, 7], [11, 8, 12, 9], [1, 10, 2, 11], [7, 12, 8, 13], [14, 18, 15, 17], [16, 22, 17, 21], [3, 18, 4, 19], [20, 16, 21, 15], [5, 22, 6, 23], [9, 24, 10, 1], [19, 2, 20, 3]]"
12n_0159_149,"[[19, 2, 20, 3], [13, 4, 14, 5], [23, 6, 24, 7], [11, 8, 12, 9], [1, 10, 2, 11], [7, 12, 8, 13], [14, 18, 15, 17], [16, 22, 17, 21], [3, 18, 4, 19], [20, 16, 21, 15], [5, 22, 6, 23], [9, 24, 10, 1]]"
12n_0159_150,"[[9, 24, 10, 1], [19, 2, 20, 3], [13, 4, 14, 5], [23, 6, 24, 7], [11, 8, 12, 9], [1, 10, 2, 11], [7, 12, 8, 13], [14, 18, 15, 17], [16, 22, 17, 21], [3, 18, 4, 19], [20, 16, 21, 15], [5, 22, 6, 23]]"
12n_0159_151,"[[5, 22, 6, 23], [9, 24, 10, 1], [19, 2, 20, 3], [13, 4, 14, 5], [23, 6, 24, 7], [11, 8, 12, 9], [1, 10, 2, 11], [7, 12, 8, 13], [14, 18, 15, 17], [16, 22, 17, 21], [3, 18, 4, 19], [20, 16, 21, 15]]"
12n_0159_152,"[[20, 16, 21, 15], [5, 22, 6, 23], [9, 24, 10, 1], [19, 2, 20, 3], [13, 4, 14, 5], [23, 6, 24, 7], [11, 8, 12, 9], [1, 10, 2, 11], [7, 12, 8, 13], [14, 18, 15, 17], [16, 22, 17, 21], [3, 18, 4, 19]]"
12n_0159_153,"[[3, 18, 4, 19], [20, 16, 21, 15], [5, 22, 6, 23], [9, 24, 10, 1], [19, 2, 20, 3], [13, 4, 14, 5], [23, 6, 24, 7], [11, 8, 12, 9], [1, 10, 2, 11], [7, 12, 8, 13], [14, 18, 15, 17], [16, 22, 17, 21]]"
12n_0159_154,"[[16, 22, 17, 21], [3, 18, 4, 19], [20, 16, 21, 15], [5, 22, 6, 23], [9, 24, 10, 1], [19, 2, 20, 3], [13, 4, 14, 5], [23, 6, 24, 7], [11, 8, 12, 9], [1, 10, 2, 11], [7, 12, 8, 13], [14, 18, 15, 17]]"
12n_0159_155,"[[14, 18, 15, 17], [16, 22, 17, 21], [3, 18, 4, 19], [20, 16, 21, 15], [5, 22, 6, 23], [9, 24, 10, 1], [19, 2, 20, 3], [13, 4, 14, 5], [23, 6, 24, 7], [11, 8, 12, 9], [1, 10, 2, 11], [7, 12, 8, 13]]"
12n_0159_156,"[[8, 13, 9, 14], [15, 19, 16, 18], [17, 23, 18, 22], [4, 19, 5, 20], [21, 17, 22, 16], [6, 23, 7, 24], [10, 1, 11, 2], [20, 3, 21, 4], [14, 5, 15, 6], [24, 7, 1, 8], [12, 9, 13, 10], [2, 11, 3, 12]]"
12n_0159_157,"[[2, 11, 3, 12], [8, 13, 9, 14], [15, 19, 16, 18], [17, 23, 18, 22], [4, 19, 5, 20], [21, 17, 22, 16], [6, 23, 7, 24], [10, 1, 11, 2], [20, 3, 21, 4], [14, 5, 15, 6], [24, 7, 1, 8], [12, 9, 13, 10]]"
12n_0159_158,"[[12, 9, 13, 10], [2, 11, 3, 12], [8, 13, 9, 14], [15, 19, 16, 18], [17, 23, 18, 22], [4, 19, 5, 20], [21, 17, 22, 16], [6, 23, 7, 24], [10, 1, 11, 2], [20, 3, 21, 4], [14, 5, 15, 6], [24, 7, 1, 8]]"
12n_0159_159,"[[24, 7, 1, 8], [12, 9, 13, 10], [2, 11, 3, 12], [8, 13, 9, 14], [15, 19, 16, 18], [17, 23, 18, 22], [4, 19, 5, 20], [21, 17, 22, 16], [6, 23, 7, 24], [10, 1, 11, 2], [20, 3, 21, 4], [14, 5, 15, 6]]"
12n_0159_160,"[[14, 5, 15, 6], [24, 7, 1, 8], [12, 9, 13, 10], [2, 11, 3, 12], [8, 13, 9, 14], [15, 19, 16, 18], [17, 23, 18, 22], [4, 19, 5, 20], [21, 17, 22, 16], [6, 23, 7, 24], [10, 1, 11, 2], [20, 3, 21, 4]]"
12n_0159_161,"[[20, 3, 21, 4], [14, 5, 15, 6], [24, 7, 1, 8], [12, 9, 13, 10], [2, 11, 3, 12], [8, 13, 9, 14], [15, 19, 16, 18], [17, 23, 18, 22], [4, 19, 5, 20], [21, 17, 22, 16], [6, 23, 7, 24], [10, 1, 11, 2]]"
12n_0159_162,"[[10, 1, 11, 2], [20, 3, 21, 4], [14, 5, 15, 6], [24, 7, 1, 8], [12, 9, 13, 10], [2, 11, 3, 12], [8, 13, 9, 14], [15, 19, 16, 18], [17, 23, 18, 22], [4, 19, 5, 20], [21, 17, 22, 16], [6, 23, 7, 24]]"
12n_0159_163,"[[6, 23, 7, 24], [10, 1, 11, 2], [20, 3, 21, 4], [14, 5, 15, 6], [24, 7, 1, 8], [12, 9, 13, 10], [2, 11, 3, 12], [8, 13, 9, 14], [15, 19, 16, 18], [17, 23, 18, 22], [4, 19, 5, 20], [21, 17, 22, 16]]"
12n_0159_164,"[[21, 17, 22, 16], [6, 23, 7, 24], [10, 1, 11, 2], [20, 3, 21, 4], [14, 5, 15, 6], [24, 7, 1, 8], [12, 9, 13, 10], [2, 11, 3, 12], [8, 13, 9, 14], [15, 19, 16, 18], [17, 23, 18, 22], [4, 19, 5, 20]]"
12n_0159_165,"[[4, 19, 5, 20], [21, 17, 22, 16], [6, 23, 7, 24], [10, 1, 11, 2], [20, 3, 21, 4], [14, 5, 15, 6], [24, 7, 1, 8], [12, 9, 13, 10], [2, 11, 3, 12], [8, 13, 9, 14], [15, 19, 16, 18], [17, 23, 18, 22]]"
12n_0159_166,"[[17, 23, 18, 22], [4, 19, 5, 20], [21, 17, 22, 16], [6, 23, 7, 24], [10, 1, 11, 2], [20, 3, 21, 4], [14, 5, 15, 6], [24, 7, 1, 8], [12, 9, 13, 10], [2, 11, 3, 12], [8, 13, 9, 14], [15, 19, 16, 18]]"
12n_0159_167,"[[15, 19, 16, 18], [17, 23, 18, 22], [4, 19, 5, 20], [21, 17, 22, 16], [6, 23, 7, 24], [10, 1, 11, 2], [20, 3, 21, 4], [14, 5, 15, 6], [24, 7, 1, 8], [12, 9, 13, 10], [2, 11, 3, 12], [8, 13, 9, 14]]"
12n_0159_168,"[[9, 14, 10, 15], [16, 20, 17, 19], [18, 24, 19, 23], [5, 20, 6, 21], [22, 18, 23, 17], [7, 24, 8, 1], [11, 2, 12, 3], [21, 4, 22, 5], [15, 6, 16, 7], [1, 8, 2, 9], [13, 10, 14, 11], [3, 12, 4, 13]]"
12n_0159_169,"[[3, 12, 4, 13], [9, 14, 10, 15], [16, 20, 17, 19], [18, 24, 19, 23], [5, 20, 6, 21], [22, 18, 23, 17], [7, 24, 8, 1], [11, 2, 12, 3], [21, 4, 22, 5], [15, 6, 16, 7], [1, 8, 2, 9], [13, 10, 14, 11]]"
12n_0159_170,"[[13, 10, 14, 11], [3, 12, 4, 13], [9, 14, 10, 15], [16, 20, 17, 19], [18, 24, 19, 23], [5, 20, 6, 21], [22, 18, 23, 17], [7, 24, 8, 1], [11, 2, 12, 3], [21, 4, 22, 5], [15, 6, 16, 7], [1, 8, 2, 9]]"
12n_0159_171,"[[1, 8, 2, 9], [13, 10, 14, 11], [3, 12, 4, 13], [9, 14, 10, 15], [16, 20, 17, 19], [18, 24, 19, 23], [5, 20, 6, 21], [22, 18, 23, 17], [7, 24, 8, 1], [11, 2, 12, 3], [21, 4, 22, 5], [15, 6, 16, 7]]"
12n_0159_172,"[[15, 6, 16, 7], [1, 8, 2, 9], [13, 10, 14, 11], [3, 12, 4, 13], [9, 14, 10, 15], [16, 20, 17, 19], [18, 24, 19, 23], [5, 20, 6, 21], [22, 18, 23, 17], [7, 24, 8, 1], [11, 2, 12, 3], [21, 4, 22, 5]]"
12n_0159_173,"[[21, 4, 22, 5], [15, 6, 16, 7], [1, 8, 2, 9], [13, 10, 14, 11], [3, 12, 4, 13], [9, 14, 10, 15], [16, 20, 17, 19], [18, 24, 19, 23], [5, 20, 6, 21], [22, 18, 23, 17], [7, 24, 8, 1], [11, 2, 12, 3]]"
12n_0159_174,"[[11, 2, 12, 3], [21, 4, 22, 5], [15, 6, 16, 7], [1, 8, 2, 9], [13, 10, 14, 11], [3, 12, 4, 13], [9, 14, 10, 15], [16, 20, 17, 19], [18, 24, 19, 23], [5, 20, 6, 21], [22, 18, 23, 17], [7, 24, 8, 1]]"
12n_0159_175,"[[7, 24, 8, 1], [11, 2, 12, 3], [21, 4, 22, 5], [15, 6, 16, 7], [1, 8, 2, 9], [13, 10, 14, 11], [3, 12, 4, 13], [9, 14, 10, 15], [16, 20, 17, 19], [18, 24, 19, 23], [5, 20, 6, 21], [22, 18, 23, 17]]"
12n_0159_176,"[[22, 18, 23, 17], [7, 24, 8, 1], [11, 2, 12, 3], [21, 4, 22, 5], [15, 6, 16, 7], [1, 8, 2, 9], [13, 10, 14, 11], [3, 12, 4, 13], [9, 14, 10, 15], [16, 20, 17, 19], [18, 24, 19, 23], [5, 20, 6, 21]]"
12n_0159_177,"[[5, 20, 6, 21], [22, 18, 23, 17], [7, 24, 8, 1], [11, 2, 12, 3], [21, 4, 22, 5], [15, 6, 16, 7], [1, 8, 2, 9], [13, 10, 14, 11], [3, 12, 4, 13], [9, 14, 10, 15], [16, 20, 17, 19], [18, 24, 19, 23]]"
12n_0159_178,"[[18, 24, 19, 23], [5, 20, 6, 21], [22, 18, 23, 17], [7, 24, 8, 1], [11, 2, 12, 3], [21, 4, 22, 5], [15, 6, 16, 7], [1, 8, 2, 9], [13, 10, 14, 11], [3, 12, 4, 13], [9, 14, 10, 15], [16, 20, 17, 19]]"
12n_0159_179,"[[16, 20, 17, 19], [18, 24, 19, 23], [5, 20, 6, 21], [22, 18, 23, 17], [7, 24, 8, 1], [11, 2, 12, 3], [21, 4, 22, 5], [15, 6, 16, 7], [1, 8, 2, 9], [13, 10, 14, 11], [3, 12, 4, 13], [9, 14, 10, 15]]"
12n_0159_180,"[[10, 15, 11, 16], [17, 21, 18, 20], [19, 1, 20, 24], [6, 21, 7, 22], [23, 19, 24, 18], [8, 1, 9, 2], [12, 3, 13, 4], [22, 5, 23, 6], [16, 7, 17, 8], [2, 9, 3, 10], [14, 11, 15, 12], [4, 13, 5, 14]]"
12n_0159_181,"[[4, 13, 5, 14], [10, 15, 11, 16], [17, 21, 18, 20], [19, 1, 20, 24], [6, 21, 7, 22], [23, 19, 24, 18], [8, 1, 9, 2], [12, 3, 13, 4], [22, 5, 23, 6], [16, 7, 17, 8], [2, 9, 3, 10], [14, 11, 15, 12]]"
12n_0159_182,"[[14, 11, 15, 12], [4, 13, 5, 14], [10, 15, 11, 16], [17, 21, 18, 20], [19, 1, 20, 24], [6, 21, 7, 22], [23, 19, 24, 18], [8, 1, 9, 2], [12, 3, 13, 4], [22, 5, 23, 6], [16, 7, 17, 8], [2, 9, 3, 10]]"
12n_0159_183,"[[2, 9, 3, 10], [14, 11, 15, 12], [4, 13, 5, 14], [10, 15, 11, 16], [17, 21, 18, 20], [19, 1, 20, 24], [6, 21, 7, 22], [23, 19, 24, 18], [8, 1, 9, 2], [12, 3, 13, 4], [22, 5, 23, 6], [16, 7, 17, 8]]"
12n_0159_184,"[[16, 7, 17, 8], [2, 9, 3, 10], [14, 11, 15, 12], [4, 13, 5, 14], [10, 15, 11, 16], [17, 21, 18, 20], [19, 1, 20, 24], [6, 21, 7, 22], [23, 19, 24, 18], [8, 1, 9, 2], [12, 3, 13, 4], [22, 5, 23, 6]]"
12n_0159_185,"[[22, 5, 23, 6], [16, 7, 17, 8], [2, 9, 3, 10], [14, 11, 15, 12], [4, 13, 5, 14], [10, 15, 11, 16], [17, 21, 18, 20], [19, 1, 20, 24], [6, 21, 7, 22], [23, 19, 24, 18], [8, 1, 9, 2], [12, 3, 13, 4]]"
