name,pd_notation
12n_0581_0,"[[15, 1, 16, 24], [2, 6, 3, 5], [4, 14, 5, 13], [17, 7, 18, 6], [21, 9, 22, 8], [19, 11, 20, 10], [12, 4, 13, 3], [23, 15, 24, 14], [1, 17, 2, 16], [11, 19, 12, 18], [9, 21, 10, 20], [7, 23, 8, 22]]"
12n_0581_1,"[[7, 23, 8, 22], [15, 1, 16, 24], [2, 6, 3, 5], [4, 14, 5, 13], [17, 7, 18, 6], [21, 9, 22, 8], [19, 11, 20, 10], [12, 4, 13, 3], [23, 15, 24, 14], [1, 17, 2, 16], [11, 19, 12, 18], [9, 21, 10, 20]]"
12n_0581_2,"[[9, 21, 10, 20], [7, 23, 8, 22], [15, 1, 16, 24], [2, 6, 3, 5], [4, 14, 5, 13], [17, 7, 18, 6], [21, 9, 22, 8], [19, 11, 20, 10], [12, 4, 13, 3], [23, 15, 24, 14], [1, 17, 2, 16], [11, 19, 12, 18]]"
12n_0581_3,"[[11, 19, 12, 18], [9, 21, 10, 20], [7, 23, 8, 22], [15, 1, 16, 24], [2, 6, 3, 5], [4, 14, 5, 13], [17, 7, 18, 6], [21, 9, 22, 8], [19, 11, 20, 10], [12, 4, 13, 3], [23, 15, 24, 14], [1, 17, 2, 16]]"
12n_0581_4,"[[1, 17, 2, 16], [11, 19, 12, 18], [9, 21, 10, 20], [7, 23, 8, 22], [15, 1, 16, 24], [2, 6, 3, 5], [4, 14, 5, 13], [17, 7, 18, 6], [21, 9, 22, 8], [19, 11, 20, 10], [12, 4, 13, 3], [23, 15, 24, 14]]"
12n_0581_5,"[[23, 15, 24, 14], [1, 17, 2, 16], [11, 19, 12, 18], [9, 21, 10, 20], [7, 23, 8, 22], [15, 1, 16, 24], [2, 6, 3, 5], [4, 14, 5, 13], [17, 7, 18, 6], [21, 9, 22, 8], [19, 11, 20, 10], [12, 4, 13, 3]]"
12n_0581_6,"[[12, 4, 13, 3], [23, 15, 24, 14], [1, 17, 2, 16], [11, 19, 12, 18], [9, 21, 10, 20], [7, 23, 8, 22], [15, 1, 16, 24], [2, 6, 3, 5], [4, 14, 5, 13], [17, 7, 18, 6], [21, 9, 22, 8], [19, 11, 20, 10]]"
12n_0581_7,"[[19, 11, 20, 10], [12, 4, 13, 3], [23, 15, 24, 14], [1, 17, 2, 16], [11, 19, 12, 18], [9, 21, 10, 20], [7, 23, 8, 22], [15, 1, 16, 24], [2, 6, 3, 5], [4, 14, 5, 13], [17, 7, 18, 6], [21, 9, 22, 8]]"
12n_0581_8,"[[21, 9, 22, 8], [19, 11, 20, 10], [12, 4, 13, 3], [23, 15, 24, 14], [1, 17, 2, 16], [11, 19, 12, 18], [9, 21, 10, 20], [7, 23, 8, 22], [15, 1, 16, 24], [2, 6, 3, 5], [4, 14, 5, 13], [17, 7, 18, 6]]"
12n_0581_9,"[[17, 7, 18, 6], [21, 9, 22, 8], [19, 11, 20, 10], [12, 4, 13, 3], [23, 15, 24, 14], [1, 17, 2, 16], [11, 19, 12, 18], [9, 21, 10, 20], [7, 23, 8, 22], [15, 1, 16, 24], [2, 6, 3, 5], [4, 14, 5, 13]]"
12n_0581_10,"[[4, 14, 5, 13], [17, 7, 18, 6], [21, 9, 22, 8], [19, 11, 20, 10], [12, 4, 13, 3], [23, 15, 24, 14], [1, 17, 2, 16], [11, 19, 12, 18], [9, 21, 10, 20], [7, 23, 8, 22], [15, 1, 16, 24], [2, 6, 3, 5]]"
12n_0581_11,"[[2, 6, 3, 5], [4, 14, 5, 13], [17, 7, 18, 6], [21, 9, 22, 8], [19, 11, 20, 10], [12, 4, 13, 3], [23, 15, 24, 14], [1, 17, 2, 16], [11, 19, 12, 18], [9, 21, 10, 20], [7, 23, 8, 22], [15, 1, 16, 24]]"
12n_0581_12,"[[16, 2, 17, 1], [3, 7, 4, 6], [5, 15, 6, 14], [18, 8, 19, 7], [22, 10, 23, 9], [20, 12, 21, 11], [13, 5, 14, 4], [24, 16, 1, 15], [2, 18, 3, 17], [12, 20, 13, 19], [10, 22, 11, 21], [8, 24, 9, 23]]"
12n_0581_13,"[[8, 24, 9, 23], [16, 2, 17, 1], [3, 7, 4, 6], [5, 15, 6, 14], [18, 8, 19, 7], [22, 10, 23, 9], [20, 12, 21, 11], [13, 5, 14, 4], [24, 16, 1, 15], [2, 18, 3, 17], [12, 20, 13, 19], [10, 22, 11, 21]]"
12n_0581_14,"[[10, 22, 11, 21], [8, 24, 9, 23], [16, 2, 17, 1], [3, 7, 4, 6], [5, 15, 6, 14], [18, 8, 19, 7], [22, 10, 23, 9], [20, 12, 21, 11], [13, 5, 14, 4], [24, 16, 1, 15], [2, 18, 3, 17], [12, 20, 13, 19]]"
12n_0581_15,"[[12, 20, 13, 19], [10, 22, 11, 21], [8, 24, 9, 23], [16, 2, 17, 1], [3, 7, 4, 6], [5, 15, 6, 14], [18, 8, 19, 7], [22, 10, 23, 9], [20, 12, 21, 11], [13, 5, 14, 4], [24, 16, 1, 15], [2, 18, 3, 17]]"
12n_0581_16,"[[2, 18, 3, 17], [12, 20, 13, 19], [10, 22, 11, 21], [8, 24, 9, 23], [16, 2, 17, 1], [3, 7, 4, 6], [5, 15, 6, 14], [18, 8, 19, 7], [22, 10, 23, 9], [20, 12, 21, 11], [13, 5, 14, 4], [24, 16, 1, 15]]"
12n_0581_17,"[[24, 16, 1, 15], [2, 18, 3, 17], [12, 20, 13, 19], [10, 22, 11, 21], [8, 24, 9, 23], [16, 2, 17, 1], [3, 7, 4, 6], [5, 15, 6, 14], [18, 8, 19, 7], [22, 10, 23, 9], [20, 12, 21, 11], [13, 5, 14, 4]]"
12n_0581_18,"[[13, 5, 14, 4], [24, 16, 1, 15], [2, 18, 3, 17], [12, 20, 13, 19], [10, 22, 11, 21], [8, 24, 9, 23], [16, 2, 17, 1], [3, 7, 4, 6], [5, 15, 6, 14], [18, 8, 19, 7], [22, 10, 23, 9], [20, 12, 21, 11]]"
12n_0581_19,"[[20, 12, 21, 11], [13, 5, 14, 4], [24, 16, 1, 15], [2, 18, 3, 17], [12, 20, 13, 19], [10, 22, 11, 21], [8, 24, 9, 23], [16, 2, 17, 1], [3, 7, 4, 6], [5, 15, 6, 14], [18, 8, 19, 7], [22, 10, 23, 9]]"
12n_0581_20,"[[22, 10, 23, 9], [20, 12, 21, 11], [13, 5, 14, 4], [24, 16, 1, 15], [2, 18, 3, 17], [12, 20, 13, 19], [10, 22, 11, 21], [8, 24, 9, 23], [16, 2, 17, 1], [3, 7, 4, 6], [5, 15, 6, 14], [18, 8, 19, 7]]"
12n_0581_21,"[[18, 8, 19, 7], [22, 10, 23, 9], [20, 12, 21, 11], [13, 5, 14, 4], [24, 16, 1, 15], [2, 18, 3, 17], [12, 20, 13, 19], [10, 22, 11, 21], [8, 24, 9, 23], [16, 2, 17, 1], [3, 7, 4, 6], [5, 15, 6, 14]]"
12n_0581_22,"[[5, 15, 6, 14], [18, 8, 19, 7], [22, 10, 23, 9], [20, 12, 21, 11], [13, 5, 14, 4], [24, 16, 1, 15], [2, 18, 3, 17], [12, 20, 13, 19], [10, 22, 11, 21], [8, 24, 9, 23], [16, 2, 17, 1], [3, 7, 4, 6]]"
12n_0581_23,"[[3, 7, 4, 6], [5, 15, 6, 14], [18, 8, 19, 7], [22, 10, 23, 9], [20, 12, 21, 11], [13, 5, 14, 4], [24, 16, 1, 15], [2, 18, 3, 17], [12, 20, 13, 19], [10, 22, 11, 21], [8, 24, 9, 23], [16, 2, 17, 1]]"
12n_0581_24,"[[17, 3, 18, 2], [4, 8, 5, 7], [6, 16, 7, 15], [19, 9, 20, 8], [23, 11, 24, 10], [21, 13, 22, 12], [14, 6, 15, 5], [1, 17, 2, 16], [3, 19, 4, 18], [13, 21, 14, 20], [11, 23, 12, 22], [9, 1, 10, 24]]"
12n_0581_25,"[[9, 1, 10, 24], [17, 3, 18, 2], [4, 8, 5, 7], [6, 16, 7, 15], [19, 9, 20, 8], [23, 11, 24, 10], [21, 13, 22, 12], [14, 6, 15, 5], [1, 17, 2, 16], [3, 19, 4, 18], [13, 21, 14, 20], [11, 23, 12, 22]]"
12n_0581_26,"[[11, 23, 12, 22], [9, 1, 10, 24], [17, 3, 18, 2], [4, 8, 5, 7], [6, 16, 7, 15], [19, 9, 20, 8], [23, 11, 24, 10], [21, 13, 22, 12], [14, 6, 15, 5], [1, 17, 2, 16], [3, 19, 4, 18], [13, 21, 14, 20]]"
12n_0581_27,"[[13, 21, 14, 20], [11, 23, 12, 22], [9, 1, 10, 24], [17, 3, 18, 2], [4, 8, 5, 7], [6, 16, 7, 15], [19, 9, 20, 8], [23, 11, 24, 10], [21, 13, 22, 12], [14, 6, 15, 5], [1, 17, 2, 16], [3, 19, 4, 18]]"
12n_0581_28,"[[3, 19, 4, 18], [13, 21, 14, 20], [11, 23, 12, 22], [9, 1, 10, 24], [17, 3, 18, 2], [4, 8, 5, 7], [6, 16, 7, 15], [19, 9, 20, 8], [23, 11, 24, 10], [21, 13, 22, 12], [14, 6, 15, 5], [1, 17, 2, 16]]"
12n_0581_29,"[[1, 17, 2, 16], [3, 19, 4, 18], [13, 21, 14, 20], [11, 23, 12, 22], [9, 1, 10, 24], [17, 3, 18, 2], [4, 8, 5, 7], [6, 16, 7, 15], [19, 9, 20, 8], [23, 11, 24, 10], [21, 13, 22, 12], [14, 6, 15, 5]]"
12n_0581_30,"[[14, 6, 15, 5], [1, 17, 2, 16], [3, 19, 4, 18], [13, 21, 14, 20], [11, 23, 12, 22], [9, 1, 10, 24], [17, 3, 18, 2], [4, 8, 5, 7], [6, 16, 7, 15], [19, 9, 20, 8], [23, 11, 24, 10], [21, 13, 22, 12]]"
12n_0581_31,"[[21, 13, 22, 12], [14, 6, 15, 5], [1, 17, 2, 16], [3, 19, 4, 18], [13, 21, 14, 20], [11, 23, 12, 22], [9, 1, 10, 24], [17, 3, 18, 2], [4, 8, 5, 7], [6, 16, 7, 15], [19, 9, 20, 8], [23, 11, 24, 10]]"
12n_0581_32,"[[23, 11, 24, 10], [21, 13, 22, 12], [14, 6, 15, 5], [1, 17, 2, 16], [3, 19, 4, 18], [13, 21, 14, 20], [11, 23, 12, 22], [9, 1, 10, 24], [17, 3, 18, 2], [4, 8, 5, 7], [6, 16, 7, 15], [19, 9, 20, 8]]"
12n_0581_33,"[[19, 9, 20, 8], [23, 11, 24, 10], [21, 13, 22, 12], [14, 6, 15, 5], [1, 17, 2, 16], [3, 19, 4, 18], [13, 21, 14, 20], [11, 23, 12, 22], [9, 1, 10, 24], [17, 3, 18, 2], [4, 8, 5, 7], [6, 16, 7, 15]]"
12n_0581_34,"[[6, 16, 7, 15], [19, 9, 20, 8], [23, 11, 24, 10], [21, 13, 22, 12], [14, 6, 15, 5], [1, 17, 2, 16], [3, 19, 4, 18], [13, 21, 14, 20], [11, 23, 12, 22], [9, 1, 10, 24], [17, 3, 18, 2], [4, 8, 5, 7]]"
12n_0581_35,"[[4, 8, 5, 7], [6, 16, 7, 15], [19, 9, 20, 8], [23, 11, 24, 10], [21, 13, 22, 12], [14, 6, 15, 5], [1, 17, 2, 16], [3, 19, 4, 18], [13, 21, 14, 20], [11, 23, 12, 22], [9, 1, 10, 24], [17, 3, 18, 2]]"
12n_0581_36,"[[18, 4, 19, 3], [5, 9, 6, 8], [7, 17, 8, 16], [20, 10, 21, 9], [24, 12, 1, 11], [22, 14, 23, 13], [15, 7, 16, 6], [2, 18, 3, 17], [4, 20, 5, 19], [14, 22, 15, 21], [12, 24, 13, 23], [10, 2, 11, 1]]"
12n_0581_37,"[[10, 2, 11, 1], [18, 4, 19, 3], [5, 9, 6, 8], [7, 17, 8, 16], [20, 10, 21, 9], [24, 12, 1, 11], [22, 14, 23, 13], [15, 7, 16, 6], [2, 18, 3, 17], [4, 20, 5, 19], [14, 22, 15, 21], [12, 24, 13, 23]]"
12n_0581_38,"[[12, 24, 13, 23], [10, 2, 11, 1], [18, 4, 19, 3], [5, 9, 6, 8], [7, 17, 8, 16], [20, 10, 21, 9], [24, 12, 1, 11], [22, 14, 23, 13], [15, 7, 16, 6], [2, 18, 3, 17], [4, 20, 5, 19], [14, 22, 15, 21]]"
12n_0581_39,"[[14, 22, 15, 21], [12, 24, 13, 23], [10, 2, 11, 1], [18, 4, 19, 3], [5, 9, 6, 8], [7, 17, 8, 16], [20, 10, 21, 9], [24, 12, 1, 11], [22, 14, 23, 13], [15, 7, 16, 6], [2, 18, 3, 17], [4, 20, 5, 19]]"
12n_0581_40,"[[4, 20, 5, 19], [14, 22, 15, 21], [12, 24, 13, 23], [10, 2, 11, 1], [18, 4, 19, 3], [5, 9, 6, 8], [7, 17, 8, 16], [20, 10, 21, 9], [24, 12, 1, 11], [22, 14, 23, 13], [15, 7, 16, 6], [2, 18, 3, 17]]"
12n_0581_41,"[[2, 18, 3, 17], [4, 20, 5, 19], [14, 22, 15, 21], [12, 24, 13, 23], [10, 2, 11, 1], [18, 4, 19, 3], [5, 9, 6, 8], [7, 17, 8, 16], [20, 10, 21, 9], [24, 12, 1, 11], [22, 14, 23, 13], [15, 7, 16, 6]]"
12n_0581_42,"[[15, 7, 16, 6], [2, 18, 3, 17], [4, 20, 5, 19], [14, 22, 15, 21], [12, 24, 13, 23], [10, 2, 11, 1], [18, 4, 19, 3], [5, 9, 6, 8], [7, 17, 8, 16], [20, 10, 21, 9], [24, 12, 1, 11], [22, 14, 23, 13]]"
12n_0581_43,"[[22, 14, 23, 13], [15, 7, 16, 6], [2, 18, 3, 17], [4, 20, 5, 19], [14, 22, 15, 21], [12, 24, 13, 23], [10, 2, 11, 1], [18, 4, 19, 3], [5, 9, 6, 8], [7, 17, 8, 16], [20, 10, 21, 9], [24, 12, 1, 11]]"
12n_0581_44,"[[24, 12, 1, 11], [22, 14, 23, 13], [15, 7, 16, 6], [2, 18, 3, 17], [4, 20, 5, 19], [14, 22, 15, 21], [12, 24, 13, 23], [10, 2, 11, 1], [18, 4, 19, 3], [5, 9, 6, 8], [7, 17, 8, 16], [20, 10, 21, 9]]"
12n_0581_45,"[[20, 10, 21, 9], [24, 12, 1, 11], [22, 14, 23, 13], [15, 7, 16, 6], [2, 18, 3, 17], [4, 20, 5, 19], [14, 22, 15, 21], [12, 24, 13, 23], [10, 2, 11, 1], [18, 4, 19, 3], [5, 9, 6, 8], [7, 17, 8, 16]]"
12n_0581_46,"[[7, 17, 8, 16], [20, 10, 21, 9], [24, 12, 1, 11], [22, 14, 23, 13], [15, 7, 16, 6], [2, 18, 3, 17], [4, 20, 5, 19], [14, 22, 15, 21], [12, 24, 13, 23], [10, 2, 11, 1], [18, 4, 19, 3], [5, 9, 6, 8]]"
12n_0581_47,"[[5, 9, 6, 8], [7, 17, 8, 16], [20, 10, 21, 9], [24, 12, 1, 11], [22, 14, 23, 13], [15, 7, 16, 6], [2, 18, 3, 17], [4, 20, 5, 19], [14, 22, 15, 21], [12, 24, 13, 23], [10, 2, 11, 1], [18, 4, 19, 3]]"
12n_0581_48,"[[19, 5, 20, 4], [6, 10, 7, 9], [8, 18, 9, 17], [21, 11, 22, 10], [1, 13, 2, 12], [23, 15, 24, 14], [16, 8, 17, 7], [3, 19, 4, 18], [5, 21, 6, 20], [15, 23, 16, 22], [13, 1, 14, 24], [11, 3, 12, 2]]"
12n_0581_49,"[[11, 3, 12, 2], [19, 5, 20, 4], [6, 10, 7, 9], [8, 18, 9, 17], [21, 11, 22, 10], [1, 13, 2, 12], [23, 15, 24, 14], [16, 8, 17, 7], [3, 19, 4, 18], [5, 21, 6, 20], [15, 23, 16, 22], [13, 1, 14, 24]]"
12n_0581_50,"[[13, 1, 14, 24], [11, 3, 12, 2], [19, 5, 20, 4], [6, 10, 7, 9], [8, 18, 9, 17], [21, 11, 22, 10], [1, 13, 2, 12], [23, 15, 24, 14], [16, 8, 17, 7], [3, 19, 4, 18], [5, 21, 6, 20], [15, 23, 16, 22]]"
12n_0581_51,"[[15, 23, 16, 22], [13, 1, 14, 24], [11, 3, 12, 2], [19, 5, 20, 4], [6, 10, 7, 9], [8, 18, 9, 17], [21, 11, 22, 10], [1, 13, 2, 12], [23, 15, 24, 14], [16, 8, 17, 7], [3, 19, 4, 18], [5, 21, 6, 20]]"
12n_0581_52,"[[5, 21, 6, 20], [15, 23, 16, 22], [13, 1, 14, 24], [11, 3, 12, 2], [19, 5, 20, 4], [6, 10, 7, 9], [8, 18, 9, 17], [21, 11, 22, 10], [1, 13, 2, 12], [23, 15, 24, 14], [16, 8, 17, 7], [3, 19, 4, 18]]"
12n_0581_53,"[[3, 19, 4, 18], [5, 21, 6, 20], [15, 23, 16, 22], [13, 1, 14, 24], [11, 3, 12, 2], [19, 5, 20, 4], [6, 10, 7, 9], [8, 18, 9, 17], [21, 11, 22, 10], [1, 13, 2, 12], [23, 15, 24, 14], [16, 8, 17, 7]]"
12n_0581_54,"[[16, 8, 17, 7], [3, 19, 4, 18], [5, 21, 6, 20], [15, 23, 16, 22], [13, 1, 14, 24], [11, 3, 12, 2], [19, 5, 20, 4], [6, 10, 7, 9], [8, 18, 9, 17], [21, 11, 22, 10], [1, 13, 2, 12], [23, 15, 24, 14]]"
12n_0581_55,"[[23, 15, 24, 14], [16, 8, 17, 7], [3, 19, 4, 18], [5, 21, 6, 20], [15, 23, 16, 22], [13, 1, 14, 24], [11, 3, 12, 2], [19, 5, 20, 4], [6, 10, 7, 9], [8, 18, 9, 17], [21, 11, 22, 10], [1, 13, 2, 12]]"
12n_0581_56,"[[1, 13, 2, 12], [23, 15, 24, 14], [16, 8, 17, 7], [3, 19, 4, 18], [5, 21, 6, 20], [15, 23, 16, 22], [13, 1, 14, 24], [11, 3, 12, 2], [19, 5, 20, 4], [6, 10, 7, 9], [8, 18, 9, 17], [21, 11, 22, 10]]"
12n_0581_57,"[[21, 11, 22, 10], [1, 13, 2, 12], [23, 15, 24, 14], [16, 8, 17, 7], [3, 19, 4, 18], [5, 21, 6, 20], [15, 23, 16, 22], [13, 1, 14, 24], [11, 3, 12, 2], [19, 5, 20, 4], [6, 10, 7, 9], [8, 18, 9, 17]]"
12n_0581_58,"[[8, 18, 9, 17], [21, 11, 22, 10], [1, 13, 2, 12], [23, 15, 24, 14], [16, 8, 17, 7], [3, 19, 4, 18], [5, 21, 6, 20], [15, 23, 16, 22], [13, 1, 14, 24], [11, 3, 12, 2], [19, 5, 20, 4], [6, 10, 7, 9]]"
12n_0581_59,"[[6, 10, 7, 9], [8, 18, 9, 17], [21, 11, 22, 10], [1, 13, 2, 12], [23, 15, 24, 14], [16, 8, 17, 7], [3, 19, 4, 18], [5, 21, 6, 20], [15, 23, 16, 22], [13, 1, 14, 24], [11, 3, 12, 2], [19, 5, 20, 4]]"
12n_0581_60,"[[20, 6, 21, 5], [7, 11, 8, 10], [9, 19, 10, 18], [22, 12, 23, 11], [2, 14, 3, 13], [24, 16, 1, 15], [17, 9, 18, 8], [4, 20, 5, 19], [6, 22, 7, 21], [16, 24, 17, 23], [14, 2, 15, 1], [12, 4, 13, 3]]"
12n_0581_61,"[[12, 4, 13, 3], [20, 6, 21, 5], [7, 11, 8, 10], [9, 19, 10, 18], [22, 12, 23, 11], [2, 14, 3, 13], [24, 16, 1, 15], [17, 9, 18, 8], [4, 20, 5, 19], [6, 22, 7, 21], [16, 24, 17, 23], [14, 2, 15, 1]]"
12n_0581_62,"[[14, 2, 15, 1], [12, 4, 13, 3], [20, 6, 21, 5], [7, 11, 8, 10], [9, 19, 10, 18], [22, 12, 23, 11], [2, 14, 3, 13], [24, 16, 1, 15], [17, 9, 18, 8], [4, 20, 5, 19], [6, 22, 7, 21], [16, 24, 17, 23]]"
12n_0581_63,"[[16, 24, 17, 23], [14, 2, 15, 1], [12, 4, 13, 3], [20, 6, 21, 5], [7, 11, 8, 10], [9, 19, 10, 18], [22, 12, 23, 11], [2, 14, 3, 13], [24, 16, 1, 15], [17, 9, 18, 8], [4, 20, 5, 19], [6, 22, 7, 21]]"
12n_0581_64,"[[6, 22, 7, 21], [16, 24, 17, 23], [14, 2, 15, 1], [12, 4, 13, 3], [20, 6, 21, 5], [7, 11, 8, 10], [9, 19, 10, 18], [22, 12, 23, 11], [2, 14, 3, 13], [24, 16, 1, 15], [17, 9, 18, 8], [4, 20, 5, 19]]"
12n_0581_65,"[[4, 20, 5, 19], [6, 22, 7, 21], [16, 24, 17, 23], [14, 2, 15, 1], [12, 4, 13, 3], [20, 6, 21, 5], [7, 11, 8, 10], [9, 19, 10, 18], [22, 12, 23, 11], [2, 14, 3, 13], [24, 16, 1, 15], [17, 9, 18, 8]]"
12n_0581_66,"[[17, 9, 18, 8], [4, 20, 5, 19], [6, 22, 7, 21], [16, 24, 17, 23], [14, 2, 15, 1], [12, 4, 13, 3], [20, 6, 21, 5], [7, 11, 8, 10], [9, 19, 10, 18], [22, 12, 23, 11], [2, 14, 3, 13], [24, 16, 1, 15]]"
12n_0581_67,"[[24, 16, 1, 15], [17, 9, 18, 8], [4, 20, 5, 19], [6, 22, 7, 21], [16, 24, 17, 23], [14, 2, 15, 1], [12, 4, 13, 3], [20, 6, 21, 5], [7, 11, 8, 10], [9, 19, 10, 18], [22, 12, 23, 11], [2, 14, 3, 13]]"
12n_0581_68,"[[2, 14, 3, 13], [24, 16, 1, 15], [17, 9, 18, 8], [4, 20, 5, 19], [6, 22, 7, 21], [16, 24, 17, 23], [14, 2, 15, 1], [12, 4, 13, 3], [20, 6, 21, 5], [7, 11, 8, 10], [9, 19, 10, 18], [22, 12, 23, 11]]"
12n_0581_69,"[[22, 12, 23, 11], [2, 14, 3, 13], [24, 16, 1, 15], [17, 9, 18, 8], [4, 20, 5, 19], [6, 22, 7, 21], [16, 24, 17, 23], [14, 2, 15, 1], [12, 4, 13, 3], [20, 6, 21, 5], [7, 11, 8, 10], [9, 19, 10, 18]]"
12n_0581_70,"[[9, 19, 10, 18], [22, 12, 23, 11], [2, 14, 3, 13], [24, 16, 1, 15], [17, 9, 18, 8], [4, 20, 5, 19], [6, 22, 7, 21], [16, 24, 17, 23], [14, 2, 15, 1], [12, 4, 13, 3], [20, 6, 21, 5], [7, 11, 8, 10]]"
12n_0581_71,"[[7, 11, 8, 10], [9, 19, 10, 18], [22, 12, 23, 11], [2, 14, 3, 13], [24, 16, 1, 15], [17, 9, 18, 8], [4, 20, 5, 19], [6, 22, 7, 21], [16, 24, 17, 23], [14, 2, 15, 1], [12, 4, 13, 3], [20, 6, 21, 5]]"
12n_0581_72,"[[21, 7, 22, 6], [8, 12, 9, 11], [10, 20, 11, 19], [23, 13, 24, 12], [3, 15, 4, 14], [1, 17, 2, 16], [18, 10, 19, 9], [5, 21, 6, 20], [7, 23, 8, 22], [17, 1, 18, 24], [15, 3, 16, 2], [13, 5, 14, 4]]"
12n_0581_73,"[[13, 5, 14, 4], [21, 7, 22, 6], [8, 12, 9, 11], [10, 20, 11, 19], [23, 13, 24, 12], [3, 15, 4, 14], [1, 17, 2, 16], [18, 10, 19, 9], [5, 21, 6, 20], [7, 23, 8, 22], [17, 1, 18, 24], [15, 3, 16, 2]]"
12n_0581_74,"[[15, 3, 16, 2], [13, 5, 14, 4], [21, 7, 22, 6], [8, 12, 9, 11], [10, 20, 11, 19], [23, 13, 24, 12], [3, 15, 4, 14], [1, 17, 2, 16], [18, 10, 19, 9], [5, 21, 6, 20], [7, 23, 8, 22], [17, 1, 18, 24]]"
12n_0581_75,"[[17, 1, 18, 24], [15, 3, 16, 2], [13, 5, 14, 4], [21, 7, 22, 6], [8, 12, 9, 11], [10, 20, 11, 19], [23, 13, 24, 12], [3, 15, 4, 14], [1, 17, 2, 16], [18, 10, 19, 9], [5, 21, 6, 20], [7, 23, 8, 22]]"
12n_0581_76,"[[7, 23, 8, 22], [17, 1, 18, 24], [15, 3, 16, 2], [13, 5, 14, 4], [21, 7, 22, 6], [8, 12, 9, 11], [10, 20, 11, 19], [23, 13, 24, 12], [3, 15, 4, 14], [1, 17, 2, 16], [18, 10, 19, 9], [5, 21, 6, 20]]"
12n_0581_77,"[[5, 21, 6, 20], [7, 23, 8, 22], [17, 1, 18, 24], [15, 3, 16, 2], [13, 5, 14, 4], [21, 7, 22, 6], [8, 12, 9, 11], [10, 20, 11, 19], [23, 13, 24, 12], [3, 15, 4, 14], [1, 17, 2, 16], [18, 10, 19, 9]]"
12n_0581_78,"[[18, 10, 19, 9], [5, 21, 6, 20], [7, 23, 8, 22], [17, 1, 18, 24], [15, 3, 16, 2], [13, 5, 14, 4], [21, 7, 22, 6], [8, 12, 9, 11], [10, 20, 11, 19], [23, 13, 24, 12], [3, 15, 4, 14], [1, 17, 2, 16]]"
12n_0581_79,"[[1, 17, 2, 16], [18, 10, 19, 9], [5, 21, 6, 20], [7, 23, 8, 22], [17, 1, 18, 24], [15, 3, 16, 2], [13, 5, 14, 4], [21, 7, 22, 6], [8, 12, 9, 11], [10, 20, 11, 19], [23, 13, 24, 12], [3, 15, 4, 14]]"
12n_0581_80,"[[3, 15, 4, 14], [1, 17, 2, 16], [18, 10, 19, 9], [5, 21, 6, 20], [7, 23, 8, 22], [17, 1, 18, 24], [15, 3, 16, 2], [13, 5, 14, 4], [21, 7, 22, 6], [8, 12, 9, 11], [10, 20, 11, 19], [23, 13, 24, 12]]"
12n_0581_81,"[[23, 13, 24, 12], [3, 15, 4, 14], [1, 17, 2, 16], [18, 10, 19, 9], [5, 21, 6, 20], [7, 23, 8, 22], [17, 1, 18, 24], [15, 3, 16, 2], [13, 5, 14, 4], [21, 7, 22, 6], [8, 12, 9, 11], [10, 20, 11, 19]]"
12n_0581_82,"[[10, 20, 11, 19], [23, 13, 24, 12], [3, 15, 4, 14], [1, 17, 2, 16], [18, 10, 19, 9], [5, 21, 6, 20], [7, 23, 8, 22], [17, 1, 18, 24], [15, 3, 16, 2], [13, 5, 14, 4], [21, 7, 22, 6], [8, 12, 9, 11]]"
12n_0581_83,"[[8, 12, 9, 11], [10, 20, 11, 19], [23, 13, 24, 12], [3, 15, 4, 14], [1, 17, 2, 16], [18, 10, 19, 9], [5, 21, 6, 20], [7, 23, 8, 22], [17, 1, 18, 24], [15, 3, 16, 2], [13, 5, 14, 4], [21, 7, 22, 6]]"
12n_0581_84,"[[22, 8, 23, 7], [9, 13, 10, 12], [11, 21, 12, 20], [24, 14, 1, 13], [4, 16, 5, 15], [2, 18, 3, 17], [19, 11, 20, 10], [6, 22, 7, 21], [8, 24, 9, 23], [18, 2, 19, 1], [16, 4, 17, 3], [14, 6, 15, 5]]"
12n_0581_85,"[[14, 6, 15, 5], [22, 8, 23, 7], [9, 13, 10, 12], [11, 21, 12, 20], [24, 14, 1, 13], [4, 16, 5, 15], [2, 18, 3, 17], [19, 11, 20, 10], [6, 22, 7, 21], [8, 24, 9, 23], [18, 2, 19, 1], [16, 4, 17, 3]]"
12n_0581_86,"[[16, 4, 17, 3], [14, 6, 15, 5], [22, 8, 23, 7], [9, 13, 10, 12], [11, 21, 12, 20], [24, 14, 1, 13], [4, 16, 5, 15], [2, 18, 3, 17], [19, 11, 20, 10], [6, 22, 7, 21], [8, 24, 9, 23], [18, 2, 19, 1]]"
12n_0581_87,"[[18, 2, 19, 1], [16, 4, 17, 3], [14, 6, 15, 5], [22, 8, 23, 7], [9, 13, 10, 12], [11, 21, 12, 20], [24, 14, 1, 13], [4, 16, 5, 15], [2, 18, 3, 17], [19, 11, 20, 10], [6, 22, 7, 21], [8, 24, 9, 23]]"
12n_0581_88,"[[8, 24, 9, 23], [18, 2, 19, 1], [16, 4, 17, 3], [14, 6, 15, 5], [22, 8, 23, 7], [9, 13, 10, 12], [11, 21, 12, 20], [24, 14, 1, 13], [4, 16, 5, 15], [2, 18, 3, 17], [19, 11, 20, 10], [6, 22, 7, 21]]"
12n_0581_89,"[[6, 22, 7, 21], [8, 24, 9, 23], [18, 2, 19, 1], [16, 4, 17, 3], [14, 6, 15, 5], [22, 8, 23, 7], [9, 13, 10, 12], [11, 21, 12, 20], [24, 14, 1, 13], [4, 16, 5, 15], [2, 18, 3, 17], [19, 11, 20, 10]]"
12n_0581_90,"[[19, 11, 20, 10], [6, 22, 7, 21], [8, 24, 9, 23], [18, 2, 19, 1], [16, 4, 17, 3], [14, 6, 15, 5], [22, 8, 23, 7], [9, 13, 10, 12], [11, 21, 12, 20], [24, 14, 1, 13], [4, 16, 5, 15], [2, 18, 3, 17]]"
12n_0581_91,"[[2, 18, 3, 17], [19, 11, 20, 10], [6, 22, 7, 21], [8, 24, 9, 23], [18, 2, 19, 1], [16, 4, 17, 3], [14, 6, 15, 5], [22, 8, 23, 7], [9, 13, 10, 12], [11, 21, 12, 20], [24, 14, 1, 13], [4, 16, 5, 15]]"
12n_0581_92,"[[4, 16, 5, 15], [2, 18, 3, 17], [19, 11, 20, 10], [6, 22, 7, 21], [8, 24, 9, 23], [18, 2, 19, 1], [16, 4, 17, 3], [14, 6, 15, 5], [22, 8, 23, 7], [9, 13, 10, 12], [11, 21, 12, 20], [24, 14, 1, 13]]"
12n_0581_93,"[[24, 14, 1, 13], [4, 16, 5, 15], [2, 18, 3, 17], [19, 11, 20, 10], [6, 22, 7, 21], [8, 24, 9, 23], [18, 2, 19, 1], [16, 4, 17, 3], [14, 6, 15, 5], [22, 8, 23, 7], [9, 13, 10, 12], [11, 21, 12, 20]]"
12n_0581_94,"[[11, 21, 12, 20], [24, 14, 1, 13], [4, 16, 5, 15], [2, 18, 3, 17], [19, 11, 20, 10], [6, 22, 7, 21], [8, 24, 9, 23], [18, 2, 19, 1], [16, 4, 17, 3], [14, 6, 15, 5], [22, 8, 23, 7], [9, 13, 10, 12]]"
12n_0581_95,"[[9, 13, 10, 12], [11, 21, 12, 20], [24, 14, 1, 13], [4, 16, 5, 15], [2, 18, 3, 17], [19, 11, 20, 10], [6, 22, 7, 21], [8, 24, 9, 23], [18, 2, 19, 1], [16, 4, 17, 3], [14, 6, 15, 5], [22, 8, 23, 7]]"
12n_0581_96,"[[23, 9, 24, 8], [10, 14, 11, 13], [12, 22, 13, 21], [1, 15, 2, 14], [5, 17, 6, 16], [3, 19, 4, 18], [20, 12, 21, 11], [7, 23, 8, 22], [9, 1, 10, 24], [19, 3, 20, 2], [17, 5, 18, 4], [15, 7, 16, 6]]"
12n_0581_97,"[[15, 7, 16, 6], [23, 9, 24, 8], [10, 14, 11, 13], [12, 22, 13, 21], [1, 15, 2, 14], [5, 17, 6, 16], [3, 19, 4, 18], [20, 12, 21, 11], [7, 23, 8, 22], [9, 1, 10, 24], [19, 3, 20, 2], [17, 5, 18, 4]]"
12n_0581_98,"[[17, 5, 18, 4], [15, 7, 16, 6], [23, 9, 24, 8], [10, 14, 11, 13], [12, 22, 13, 21], [1, 15, 2, 14], [5, 17, 6, 16], [3, 19, 4, 18], [20, 12, 21, 11], [7, 23, 8, 22], [9, 1, 10, 24], [19, 3, 20, 2]]"
12n_0581_99,"[[19, 3, 20, 2], [17, 5, 18, 4], [15, 7, 16, 6], [23, 9, 24, 8], [10, 14, 11, 13], [12, 22, 13, 21], [1, 15, 2, 14], [5, 17, 6, 16], [3, 19, 4, 18], [20, 12, 21, 11], [7, 23, 8, 22], [9, 1, 10, 24]]"
12n_0581_100,"[[9, 1, 10, 24], [19, 3, 20, 2], [17, 5, 18, 4], [15, 7, 16, 6], [23, 9, 24, 8], [10, 14, 11, 13], [12, 22, 13, 21], [1, 15, 2, 14], [5, 17, 6, 16], [3, 19, 4, 18], [20, 12, 21, 11], [7, 23, 8, 22]]"
12n_0581_101,"[[7, 23, 8, 22], [9, 1, 10, 24], [19, 3, 20, 2], [17, 5, 18, 4], [15, 7, 16, 6], [23, 9, 24, 8], [10, 14, 11, 13], [12, 22, 13, 21], [1, 15, 2, 14], [5, 17, 6, 16], [3, 19, 4, 18], [20, 12, 21, 11]]"
12n_0581_102,"[[20, 12, 21, 11], [7, 23, 8, 22], [9, 1, 10, 24], [19, 3, 20, 2], [17, 5, 18, 4], [15, 7, 16, 6], [23, 9, 24, 8], [10, 14, 11, 13], [12, 22, 13, 21], [1, 15, 2, 14], [5, 17, 6, 16], [3, 19, 4, 18]]"
12n_0581_103,"[[3, 19, 4, 18], [20, 12, 21, 11], [7, 23, 8, 22], [9, 1, 10, 24], [19, 3, 20, 2], [17, 5, 18, 4], [15, 7, 16, 6], [23, 9, 24, 8], [10, 14, 11, 13], [12, 22, 13, 21], [1, 15, 2, 14], [5, 17, 6, 16]]"
12n_0581_104,"[[5, 17, 6, 16], [3, 19, 4, 18], [20, 12, 21, 11], [7, 23, 8, 22], [9, 1, 10, 24], [19, 3, 20, 2], [17, 5, 18, 4], [15, 7, 16, 6], [23, 9, 24, 8], [10, 14, 11, 13], [12, 22, 13, 21], [1, 15, 2, 14]]"
12n_0581_105,"[[1, 15, 2, 14], [5, 17, 6, 16], [3, 19, 4, 18], [20, 12, 21, 11], [7, 23, 8, 22], [9, 1, 10, 24], [19, 3, 20, 2], [17, 5, 18, 4], [15, 7, 16, 6], [23, 9, 24, 8], [10, 14, 11, 13], [12, 22, 13, 21]]"
12n_0581_106,"[[12, 22, 13, 21], [1, 15, 2, 14], [5, 17, 6, 16], [3, 19, 4, 18], [20, 12, 21, 11], [7, 23, 8, 22], [9, 1, 10, 24], [19, 3, 20, 2], [17, 5, 18, 4], [15, 7, 16, 6], [23, 9, 24, 8], [10, 14, 11, 13]]"
12n_0581_107,"[[10, 14, 11, 13], [12, 22, 13, 21], [1, 15, 2, 14], [5, 17, 6, 16], [3, 19, 4, 18], [20, 12, 21, 11], [7, 23, 8, 22], [9, 1, 10, 24], [19, 3, 20, 2], [17, 5, 18, 4], [15, 7, 16, 6], [23, 9, 24, 8]]"
12n_0581_108,"[[24, 10, 1, 9], [11, 15, 12, 14], [13, 23, 14, 22], [2, 16, 3, 15], [6, 18, 7, 17], [4, 20, 5, 19], [21, 13, 22, 12], [8, 24, 9, 23], [10, 2, 11, 1], [20, 4, 21, 3], [18, 6, 19, 5], [16, 8, 17, 7]]"
12n_0581_109,"[[16, 8, 17, 7], [24, 10, 1, 9], [11, 15, 12, 14], [13, 23, 14, 22], [2, 16, 3, 15], [6, 18, 7, 17], [4, 20, 5, 19], [21, 13, 22, 12], [8, 24, 9, 23], [10, 2, 11, 1], [20, 4, 21, 3], [18, 6, 19, 5]]"
12n_0581_110,"[[18, 6, 19, 5], [16, 8, 17, 7], [24, 10, 1, 9], [11, 15, 12, 14], [13, 23, 14, 22], [2, 16, 3, 15], [6, 18, 7, 17], [4, 20, 5, 19], [21, 13, 22, 12], [8, 24, 9, 23], [10, 2, 11, 1], [20, 4, 21, 3]]"
12n_0581_111,"[[20, 4, 21, 3], [18, 6, 19, 5], [16, 8, 17, 7], [24, 10, 1, 9], [11, 15, 12, 14], [13, 23, 14, 22], [2, 16, 3, 15], [6, 18, 7, 17], [4, 20, 5, 19], [21, 13, 22, 12], [8, 24, 9, 23], [10, 2, 11, 1]]"
12n_0581_112,"[[10, 2, 11, 1], [20, 4, 21, 3], [18, 6, 19, 5], [16, 8, 17, 7], [24, 10, 1, 9], [11, 15, 12, 14], [13, 23, 14, 22], [2, 16, 3, 15], [6, 18, 7, 17], [4, 20, 5, 19], [21, 13, 22, 12], [8, 24, 9, 23]]"
12n_0581_113,"[[8, 24, 9, 23], [10, 2, 11, 1], [20, 4, 21, 3], [18, 6, 19, 5], [16, 8, 17, 7], [24, 10, 1, 9], [11, 15, 12, 14], [13, 23, 14, 22], [2, 16, 3, 15], [6, 18, 7, 17], [4, 20, 5, 19], [21, 13, 22, 12]]"
12n_0581_114,"[[21, 13, 22, 12], [8, 24, 9, 23], [10, 2, 11, 1], [20, 4, 21, 3], [18, 6, 19, 5], [16, 8, 17, 7], [24, 10, 1, 9], [11, 15, 12, 14], [13, 23, 14, 22], [2, 16, 3, 15], [6, 18, 7, 17], [4, 20, 5, 19]]"
12n_0581_115,"[[4, 20, 5, 19], [21, 13, 22, 12], [8, 24, 9, 23], [10, 2, 11, 1], [20, 4, 21, 3], [18, 6, 19, 5], [16, 8, 17, 7], [24, 10, 1, 9], [11, 15, 12, 14], [13, 23, 14, 22], [2, 16, 3, 15], [6, 18, 7, 17]]"
12n_0581_116,"[[6, 18, 7, 17], [4, 20, 5, 19], [21, 13, 22, 12], [8, 24, 9, 23], [10, 2, 11, 1], [20, 4, 21, 3], [18, 6, 19, 5], [16, 8, 17, 7], [24, 10, 1, 9], [11, 15, 12, 14], [13, 23, 14, 22], [2, 16, 3, 15]]"
12n_0581_117,"[[2, 16, 3, 15], [6, 18, 7, 17], [4, 20, 5, 19], [21, 13, 22, 12], [8, 24, 9, 23], [10, 2, 11, 1], [20, 4, 21, 3], [18, 6, 19, 5], [16, 8, 17, 7], [24, 10, 1, 9], [11, 15, 12, 14], [13, 23, 14, 22]]"
12n_0581_118,"[[13, 23, 14, 22], [2, 16, 3, 15], [6, 18, 7, 17], [4, 20, 5, 19], [21, 13, 22, 12], [8, 24, 9, 23], [10, 2, 11, 1], [20, 4, 21, 3], [18, 6, 19, 5], [16, 8, 17, 7], [24, 10, 1, 9], [11, 15, 12, 14]]"
12n_0581_119,"[[11, 15, 12, 14], [13, 23, 14, 22], [2, 16, 3, 15], [6, 18, 7, 17], [4, 20, 5, 19], [21, 13, 22, 12], [8, 24, 9, 23], [10, 2, 11, 1], [20, 4, 21, 3], [18, 6, 19, 5], [16, 8, 17, 7], [24, 10, 1, 9]]"
12n_0581_120,"[[1, 11, 2, 10], [12, 16, 13, 15], [14, 24, 15, 23], [3, 17, 4, 16], [7, 19, 8, 18], [5, 21, 6, 20], [22, 14, 23, 13], [9, 1, 10, 24], [11, 3, 12, 2], [21, 5, 22, 4], [19, 7, 20, 6], [17, 9, 18, 8]]"
12n_0581_121,"[[17, 9, 18, 8], [1, 11, 2, 10], [12, 16, 13, 15], [14, 24, 15, 23], [3, 17, 4, 16], [7, 19, 8, 18], [5, 21, 6, 20], [22, 14, 23, 13], [9, 1, 10, 24], [11, 3, 12, 2], [21, 5, 22, 4], [19, 7, 20, 6]]"
12n_0581_122,"[[19, 7, 20, 6], [17, 9, 18, 8], [1, 11, 2, 10], [12, 16, 13, 15], [14, 24, 15, 23], [3, 17, 4, 16], [7, 19, 8, 18], [5, 21, 6, 20], [22, 14, 23, 13], [9, 1, 10, 24], [11, 3, 12, 2], [21, 5, 22, 4]]"
12n_0581_123,"[[21, 5, 22, 4], [19, 7, 20, 6], [17, 9, 18, 8], [1, 11, 2, 10], [12, 16, 13, 15], [14, 24, 15, 23], [3, 17, 4, 16], [7, 19, 8, 18], [5, 21, 6, 20], [22, 14, 23, 13], [9, 1, 10, 24], [11, 3, 12, 2]]"
12n_0581_124,"[[11, 3, 12, 2], [21, 5, 22, 4], [19, 7, 20, 6], [17, 9, 18, 8], [1, 11, 2, 10], [12, 16, 13, 15], [14, 24, 15, 23], [3, 17, 4, 16], [7, 19, 8, 18], [5, 21, 6, 20], [22, 14, 23, 13], [9, 1, 10, 24]]"
12n_0581_125,"[[9, 1, 10, 24], [11, 3, 12, 2], [21, 5, 22, 4], [19, 7, 20, 6], [17, 9, 18, 8], [1, 11, 2, 10], [12, 16, 13, 15], [14, 24, 15, 23], [3, 17, 4, 16], [7, 19, 8, 18], [5, 21, 6, 20], [22, 14, 23, 13]]"
12n_0581_126,"[[22, 14, 23, 13], [9, 1, 10, 24], [11, 3, 12, 2], [21, 5, 22, 4], [19, 7, 20, 6], [17, 9, 18, 8], [1, 11, 2, 10], [12, 16, 13, 15], [14, 24, 15, 23], [3, 17, 4, 16], [7, 19, 8, 18], [5, 21, 6, 20]]"
12n_0581_127,"[[5, 21, 6, 20], [22, 14, 23, 13], [9, 1, 10, 24], [11, 3, 12, 2], [21, 5, 22, 4], [19, 7, 20, 6], [17, 9, 18, 8], [1, 11, 2, 10], [12, 16, 13, 15], [14, 24, 15, 23], [3, 17, 4, 16], [7, 19, 8, 18]]"
12n_0581_128,"[[7, 19, 8, 18], [5, 21, 6, 20], [22, 14, 23, 13], [9, 1, 10, 24], [11, 3, 12, 2], [21, 5, 22, 4], [19, 7, 20, 6], [17, 9, 18, 8], [1, 11, 2, 10], [12, 16, 13, 15], [14, 24, 15, 23], [3, 17, 4, 16]]"
12n_0581_129,"[[3, 17, 4, 16], [7, 19, 8, 18], [5, 21, 6, 20], [22, 14, 23, 13], [9, 1, 10, 24], [11, 3, 12, 2], [21, 5, 22, 4], [19, 7, 20, 6], [17, 9, 18, 8], [1, 11, 2, 10], [12, 16, 13, 15], [14, 24, 15, 23]]"
12n_0581_130,"[[14, 24, 15, 23], [3, 17, 4, 16], [7, 19, 8, 18], [5, 21, 6, 20], [22, 14, 23, 13], [9, 1, 10, 24], [11, 3, 12, 2], [21, 5, 22, 4], [19, 7, 20, 6], [17, 9, 18, 8], [1, 11, 2, 10], [12, 16, 13, 15]]"
12n_0581_131,"[[12, 16, 13, 15], [14, 24, 15, 23], [3, 17, 4, 16], [7, 19, 8, 18], [5, 21, 6, 20], [22, 14, 23, 13], [9, 1, 10, 24], [11, 3, 12, 2], [21, 5, 22, 4], [19, 7, 20, 6], [17, 9, 18, 8], [1, 11, 2, 10]]"
12n_0581_132,"[[2, 12, 3, 11], [13, 17, 14, 16], [15, 1, 16, 24], [4, 18, 5, 17], [8, 20, 9, 19], [6, 22, 7, 21], [23, 15, 24, 14], [10, 2, 11, 1], [12, 4, 13, 3], [22, 6, 23, 5], [20, 8, 21, 7], [18, 10, 19, 9]]"
12n_0581_133,"[[18, 10, 19, 9], [2, 12, 3, 11], [13, 17, 14, 16], [15, 1, 16, 24], [4, 18, 5, 17], [8, 20, 9, 19], [6, 22, 7, 21], [23, 15, 24, 14], [10, 2, 11, 1], [12, 4, 13, 3], [22, 6, 23, 5], [20, 8, 21, 7]]"
12n_0581_134,"[[20, 8, 21, 7], [18, 10, 19, 9], [2, 12, 3, 11], [13, 17, 14, 16], [15, 1, 16, 24], [4, 18, 5, 17], [8, 20, 9, 19], [6, 22, 7, 21], [23, 15, 24, 14], [10, 2, 11, 1], [12, 4, 13, 3], [22, 6, 23, 5]]"
12n_0581_135,"[[22, 6, 23, 5], [20, 8, 21, 7], [18, 10, 19, 9], [2, 12, 3, 11], [13, 17, 14, 16], [15, 1, 16, 24], [4, 18, 5, 17], [8, 20, 9, 19], [6, 22, 7, 21], [23, 15, 24, 14], [10, 2, 11, 1], [12, 4, 13, 3]]"
12n_0581_136,"[[12, 4, 13, 3], [22, 6, 23, 5], [20, 8, 21, 7], [18, 10, 19, 9], [2, 12, 3, 11], [13, 17, 14, 16], [15, 1, 16, 24], [4, 18, 5, 17], [8, 20, 9, 19], [6, 22, 7, 21], [23, 15, 24, 14], [10, 2, 11, 1]]"
12n_0581_137,"[[10, 2, 11, 1], [12, 4, 13, 3], [22, 6, 23, 5], [20, 8, 21, 7], [18, 10, 19, 9], [2, 12, 3, 11], [13, 17, 14, 16], [15, 1, 16, 24], [4, 18, 5, 17], [8, 20, 9, 19], [6, 22, 7, 21], [23, 15, 24, 14]]"
12n_0581_138,"[[23, 15, 24, 14], [10, 2, 11, 1], [12, 4, 13, 3], [22, 6, 23, 5], [20, 8, 21, 7], [18, 10, 19, 9], [2, 12, 3, 11], [13, 17, 14, 16], [15, 1, 16, 24], [4, 18, 5, 17], [8, 20, 9, 19], [6, 22, 7, 21]]"
12n_0581_139,"[[6, 22, 7, 21], [23, 15, 24, 14], [10, 2, 11, 1], [12, 4, 13, 3], [22, 6, 23, 5], [20, 8, 21, 7], [18, 10, 19, 9], [2, 12, 3, 11], [13, 17, 14, 16], [15, 1, 16, 24], [4, 18, 5, 17], [8, 20, 9, 19]]"
12n_0581_140,"[[8, 20, 9, 19], [6, 22, 7, 21], [23, 15, 24, 14], [10, 2, 11, 1], [12, 4, 13, 3], [22, 6, 23, 5], [20, 8, 21, 7], [18, 10, 19, 9], [2, 12, 3, 11], [13, 17, 14, 16], [15, 1, 16, 24], [4, 18, 5, 17]]"
12n_0581_141,"[[4, 18, 5, 17], [8, 20, 9, 19], [6, 22, 7, 21], [23, 15, 24, 14], [10, 2, 11, 1], [12, 4, 13, 3], [22, 6, 23, 5], [20, 8, 21, 7], [18, 10, 19, 9], [2, 12, 3, 11], [13, 17, 14, 16], [15, 1, 16, 24]]"
12n_0581_142,"[[15, 1, 16, 24], [4, 18, 5, 17], [8, 20, 9, 19], [6, 22, 7, 21], [23, 15, 24, 14], [10, 2, 11, 1], [12, 4, 13, 3], [22, 6, 23, 5], [20, 8, 21, 7], [18, 10, 19, 9], [2, 12, 3, 11], [13, 17, 14, 16]]"
12n_0581_143,"[[13, 17, 14, 16], [15, 1, 16, 24], [4, 18, 5, 17], [8, 20, 9, 19], [6, 22, 7, 21], [23, 15, 24, 14], [10, 2, 11, 1], [12, 4, 13, 3], [22, 6, 23, 5], [20, 8, 21, 7], [18, 10, 19, 9], [2, 12, 3, 11]]"
12n_0581_144,"[[3, 13, 4, 12], [14, 18, 15, 17], [16, 2, 17, 1], [5, 19, 6, 18], [9, 21, 10, 20], [7, 23, 8, 22], [24, 16, 1, 15], [11, 3, 12, 2], [13, 5, 14, 4], [23, 7, 24, 6], [21, 9, 22, 8], [19, 11, 20, 10]]"
12n_0581_145,"[[19, 11, 20, 10], [3, 13, 4, 12], [14, 18, 15, 17], [16, 2, 17, 1], [5, 19, 6, 18], [9, 21, 10, 20], [7, 23, 8, 22], [24, 16, 1, 15], [11, 3, 12, 2], [13, 5, 14, 4], [23, 7, 24, 6], [21, 9, 22, 8]]"
12n_0581_146,"[[21, 9, 22, 8], [19, 11, 20, 10], [3, 13, 4, 12], [14, 18, 15, 17], [16, 2, 17, 1], [5, 19, 6, 18], [9, 21, 10, 20], [7, 23, 8, 22], [24, 16, 1, 15], [11, 3, 12, 2], [13, 5, 14, 4], [23, 7, 24, 6]]"
12n_0581_147,"[[23, 7, 24, 6], [21, 9, 22, 8], [19, 11, 20, 10], [3, 13, 4, 12], [14, 18, 15, 17], [16, 2, 17, 1], [5, 19, 6, 18], [9, 21, 10, 20], [7, 23, 8, 22], [24, 16, 1, 15], [11, 3, 12, 2], [13, 5, 14, 4]]"
12n_0581_148,"[[13, 5, 14, 4], [23, 7, 24, 6], [21, 9, 22, 8], [19, 11, 20, 10], [3, 13, 4, 12], [14, 18, 15, 17], [16, 2, 17, 1], [5, 19, 6, 18], [9, 21, 10, 20], [7, 23, 8, 22], [24, 16, 1, 15], [11, 3, 12, 2]]"
12n_0581_149,"[[11, 3, 12, 2], [13, 5, 14, 4], [23, 7, 24, 6], [21, 9, 22, 8], [19, 11, 20, 10], [3, 13, 4, 12], [14, 18, 15, 17], [16, 2, 17, 1], [5, 19, 6, 18], [9, 21, 10, 20], [7, 23, 8, 22], [24, 16, 1, 15]]"
12n_0581_150,"[[24, 16, 1, 15], [11, 3, 12, 2], [13, 5, 14, 4], [23, 7, 24, 6], [21, 9, 22, 8], [19, 11, 20, 10], [3, 13, 4, 12], [14, 18, 15, 17], [16, 2, 17, 1], [5, 19, 6, 18], [9, 21, 10, 20], [7, 23, 8, 22]]"
12n_0581_151,"[[7, 23, 8, 22], [24, 16, 1, 15], [11, 3, 12, 2], [13, 5, 14, 4], [23, 7, 24, 6], [21, 9, 22, 8], [19, 11, 20, 10], [3, 13, 4, 12], [14, 18, 15, 17], [16, 2, 17, 1], [5, 19, 6, 18], [9, 21, 10, 20]]"
12n_0581_152,"[[9, 21, 10, 20], [7, 23, 8, 22], [24, 16, 1, 15], [11, 3, 12, 2], [13, 5, 14, 4], [23, 7, 24, 6], [21, 9, 22, 8], [19, 11, 20, 10], [3, 13, 4, 12], [14, 18, 15, 17], [16, 2, 17, 1], [5, 19, 6, 18]]"
12n_0581_153,"[[5, 19, 6, 18], [9, 21, 10, 20], [7, 23, 8, 22], [24, 16, 1, 15], [11, 3, 12, 2], [13, 5, 14, 4], [23, 7, 24, 6], [21, 9, 22, 8], [19, 11, 20, 10], [3, 13, 4, 12], [14, 18, 15, 17], [16, 2, 17, 1]]"
12n_0581_154,"[[16, 2, 17, 1], [5, 19, 6, 18], [9, 21, 10, 20], [7, 23, 8, 22], [24, 16, 1, 15], [11, 3, 12, 2], [13, 5, 14, 4], [23, 7, 24, 6], [21, 9, 22, 8], [19, 11, 20, 10], [3, 13, 4, 12], [14, 18, 15, 17]]"
12n_0581_155,"[[14, 18, 15, 17], [16, 2, 17, 1], [5, 19, 6, 18], [9, 21, 10, 20], [7, 23, 8, 22], [24, 16, 1, 15], [11, 3, 12, 2], [13, 5, 14, 4], [23, 7, 24, 6], [21, 9, 22, 8], [19, 11, 20, 10], [3, 13, 4, 12]]"
12n_0581_156,"[[4, 14, 5, 13], [15, 19, 16, 18], [17, 3, 18, 2], [6, 20, 7, 19], [10, 22, 11, 21], [8, 24, 9, 23], [1, 17, 2, 16], [12, 4, 13, 3], [14, 6, 15, 5], [24, 8, 1, 7], [22, 10, 23, 9], [20, 12, 21, 11]]"
12n_0581_157,"[[20, 12, 21, 11], [4, 14, 5, 13], [15, 19, 16, 18], [17, 3, 18, 2], [6, 20, 7, 19], [10, 22, 11, 21], [8, 24, 9, 23], [1, 17, 2, 16], [12, 4, 13, 3], [14, 6, 15, 5], [24, 8, 1, 7], [22, 10, 23, 9]]"
12n_0581_158,"[[22, 10, 23, 9], [20, 12, 21, 11], [4, 14, 5, 13], [15, 19, 16, 18], [17, 3, 18, 2], [6, 20, 7, 19], [10, 22, 11, 21], [8, 24, 9, 23], [1, 17, 2, 16], [12, 4, 13, 3], [14, 6, 15, 5], [24, 8, 1, 7]]"
12n_0581_159,"[[24, 8, 1, 7], [22, 10, 23, 9], [20, 12, 21, 11], [4, 14, 5, 13], [15, 19, 16, 18], [17, 3, 18, 2], [6, 20, 7, 19], [10, 22, 11, 21], [8, 24, 9, 23], [1, 17, 2, 16], [12, 4, 13, 3], [14, 6, 15, 5]]"
12n_0581_160,"[[14, 6, 15, 5], [24, 8, 1, 7], [22, 10, 23, 9], [20, 12, 21, 11], [4, 14, 5, 13], [15, 19, 16, 18], [17, 3, 18, 2], [6, 20, 7, 19], [10, 22, 11, 21], [8, 24, 9, 23], [1, 17, 2, 16], [12, 4, 13, 3]]"
12n_0581_161,"[[12, 4, 13, 3], [14, 6, 15, 5], [24, 8, 1, 7], [22, 10, 23, 9], [20, 12, 21, 11], [4, 14, 5, 13], [15, 19, 16, 18], [17, 3, 18, 2], [6, 20, 7, 19], [10, 22, 11, 21], [8, 24, 9, 23], [1, 17, 2, 16]]"
12n_0581_162,"[[1, 17, 2, 16], [12, 4, 13, 3], [14, 6, 15, 5], [24, 8, 1, 7], [22, 10, 23, 9], [20, 12, 21, 11], [4, 14, 5, 13], [15, 19, 16, 18], [17, 3, 18, 2], [6, 20, 7, 19], [10, 22, 11, 21], [8, 24, 9, 23]]"
12n_0581_163,"[[8, 24, 9, 23], [1, 17, 2, 16], [12, 4, 13, 3], [14, 6, 15, 5], [24, 8, 1, 7], [22, 10, 23, 9], [20, 12, 21, 11], [4, 14, 5, 13], [15, 19, 16, 18], [17, 3, 18, 2], [6, 20, 7, 19], [10, 22, 11, 21]]"
12n_0581_164,"[[10, 22, 11, 21], [8, 24, 9, 23], [1, 17, 2, 16], [12, 4, 13, 3], [14, 6, 15, 5], [24, 8, 1, 7], [22, 10, 23, 9], [20, 12, 21, 11], [4, 14, 5, 13], [15, 19, 16, 18], [17, 3, 18, 2], [6, 20, 7, 19]]"
12n_0581_165,"[[6, 20, 7, 19], [10, 22, 11, 21], [8, 24, 9, 23], [1, 17, 2, 16], [12, 4, 13, 3], [14, 6, 15, 5], [24, 8, 1, 7], [22, 10, 23, 9], [20, 12, 21, 11], [4, 14, 5, 13], [15, 19, 16, 18], [17, 3, 18, 2]]"
12n_0581_166,"[[17, 3, 18, 2], [6, 20, 7, 19], [10, 22, 11, 21], [8, 24, 9, 23], [1, 17, 2, 16], [12, 4, 13, 3], [14, 6, 15, 5], [24, 8, 1, 7], [22, 10, 23, 9], [20, 12, 21, 11], [4, 14, 5, 13], [15, 19, 16, 18]]"
12n_0581_167,"[[15, 19, 16, 18], [17, 3, 18, 2], [6, 20, 7, 19], [10, 22, 11, 21], [8, 24, 9, 23], [1, 17, 2, 16], [12, 4, 13, 3], [14, 6, 15, 5], [24, 8, 1, 7], [22, 10, 23, 9], [20, 12, 21, 11], [4, 14, 5, 13]]"
12n_0581_168,"[[5, 15, 6, 14], [16, 20, 17, 19], [18, 4, 19, 3], [7, 21, 8, 20], [11, 23, 12, 22], [9, 1, 10, 24], [2, 18, 3, 17], [13, 5, 14, 4], [15, 7, 16, 6], [1, 9, 2, 8], [23, 11, 24, 10], [21, 13, 22, 12]]"
12n_0581_169,"[[21, 13, 22, 12], [5, 15, 6, 14], [16, 20, 17, 19], [18, 4, 19, 3], [7, 21, 8, 20], [11, 23, 12, 22], [9, 1, 10, 24], [2, 18, 3, 17], [13, 5, 14, 4], [15, 7, 16, 6], [1, 9, 2, 8], [23, 11, 24, 10]]"
12n_0581_170,"[[23, 11, 24, 10], [21, 13, 22, 12], [5, 15, 6, 14], [16, 20, 17, 19], [18, 4, 19, 3], [7, 21, 8, 20], [11, 23, 12, 22], [9, 1, 10, 24], [2, 18, 3, 17], [13, 5, 14, 4], [15, 7, 16, 6], [1, 9, 2, 8]]"
12n_0581_171,"[[1, 9, 2, 8], [23, 11, 24, 10], [21, 13, 22, 12], [5, 15, 6, 14], [16, 20, 17, 19], [18, 4, 19, 3], [7, 21, 8, 20], [11, 23, 12, 22], [9, 1, 10, 24], [2, 18, 3, 17], [13, 5, 14, 4], [15, 7, 16, 6]]"
12n_0581_172,"[[15, 7, 16, 6], [1, 9, 2, 8], [23, 11, 24, 10], [21, 13, 22, 12], [5, 15, 6, 14], [16, 20, 17, 19], [18, 4, 19, 3], [7, 21, 8, 20], [11, 23, 12, 22], [9, 1, 10, 24], [2, 18, 3, 17], [13, 5, 14, 4]]"
12n_0581_173,"[[13, 5, 14, 4], [15, 7, 16, 6], [1, 9, 2, 8], [23, 11, 24, 10], [21, 13, 22, 12], [5, 15, 6, 14], [16, 20, 17, 19], [18, 4, 19, 3], [7, 21, 8, 20], [11, 23, 12, 22], [9, 1, 10, 24], [2, 18, 3, 17]]"
12n_0581_174,"[[2, 18, 3, 17], [13, 5, 14, 4], [15, 7, 16, 6], [1, 9, 2, 8], [23, 11, 24, 10], [21, 13, 22, 12], [5, 15, 6, 14], [16, 20, 17, 19], [18, 4, 19, 3], [7, 21, 8, 20], [11, 23, 12, 22], [9, 1, 10, 24]]"
12n_0581_175,"[[9, 1, 10, 24], [2, 18, 3, 17], [13, 5, 14, 4], [15, 7, 16, 6], [1, 9, 2, 8], [23, 11, 24, 10], [21, 13, 22, 12], [5, 15, 6, 14], [16, 20, 17, 19], [18, 4, 19, 3], [7, 21, 8, 20], [11, 23, 12, 22]]"
12n_0581_176,"[[11, 23, 12, 22], [9, 1, 10, 24], [2, 18, 3, 17], [13, 5, 14, 4], [15, 7, 16, 6], [1, 9, 2, 8], [23, 11, 24, 10], [21, 13, 22, 12], [5, 15, 6, 14], [16, 20, 17, 19], [18, 4, 19, 3], [7, 21, 8, 20]]"
12n_0581_177,"[[7, 21, 8, 20], [11, 23, 12, 22], [9, 1, 10, 24], [2, 18, 3, 17], [13, 5, 14, 4], [15, 7, 16, 6], [1, 9, 2, 8], [23, 11, 24, 10], [21, 13, 22, 12], [5, 15, 6, 14], [16, 20, 17, 19], [18, 4, 19, 3]]"
12n_0581_178,"[[18, 4, 19, 3], [7, 21, 8, 20], [11, 23, 12, 22], [9, 1, 10, 24], [2, 18, 3, 17], [13, 5, 14, 4], [15, 7, 16, 6], [1, 9, 2, 8], [23, 11, 24, 10], [21, 13, 22, 12], [5, 15, 6, 14], [16, 20, 17, 19]]"
12n_0581_179,"[[16, 20, 17, 19], [18, 4, 19, 3], [7, 21, 8, 20], [11, 23, 12, 22], [9, 1, 10, 24], [2, 18, 3, 17], [13, 5, 14, 4], [15, 7, 16, 6], [1, 9, 2, 8], [23, 11, 24, 10], [21, 13, 22, 12], [5, 15, 6, 14]]"
12n_0581_180,"[[6, 16, 7, 15], [17, 21, 18, 20], [19, 5, 20, 4], [8, 22, 9, 21], [12, 24, 13, 23], [10, 2, 11, 1], [3, 19, 4, 18], [14, 6, 15, 5], [16, 8, 17, 7], [2, 10, 3, 9], [24, 12, 1, 11], [22, 14, 23, 13]]"
12n_0581_181,"[[22, 14, 23, 13], [6, 16, 7, 15], [17, 21, 18, 20], [19, 5, 20, 4], [8, 22, 9, 21], [12, 24, 13, 23], [10, 2, 11, 1], [3, 19, 4, 18], [14, 6, 15, 5], [16, 8, 17, 7], [2, 10, 3, 9], [24, 12, 1, 11]]"
12n_0581_182,"[[24, 12, 1, 11], [22, 14, 23, 13], [6, 16, 7, 15], [17, 21, 18, 20], [19, 5, 20, 4], [8, 22, 9, 21], [12, 24, 13, 23], [10, 2, 11, 1], [3, 19, 4, 18], [14, 6, 15, 5], [16, 8, 17, 7], [2, 10, 3, 9]]"
12n_0581_183,"[[2, 10, 3, 9], [24, 12, 1, 11], [22, 14, 23, 13], [6, 16, 7, 15], [17, 21, 18, 20], [19, 5, 20, 4], [8, 22, 9, 21], [12, 24, 13, 23], [10, 2, 11, 1], [3, 19, 4, 18], [14, 6, 15, 5], [16, 8, 17, 7]]"
12n_0581_184,"[[16, 8, 17, 7], [2, 10, 3, 9], [24, 12, 1, 11], [22, 14, 23, 13], [6, 16, 7, 15], [17, 21, 18, 20], [19, 5, 20, 4], [8, 22, 9, 21], [12, 24, 13, 23], [10, 2, 11, 1], [3, 19, 4, 18], [14, 6, 15, 5]]"
12n_0581_185,"[[14, 6, 15, 5], [16, 8, 17, 7], [2, 10, 3, 9], [24, 12, 1, 11], [22, 14, 23, 13], [6, 16, 7, 15], [17, 21, 18, 20], [19, 5, 20, 4], [8, 22, 9, 21], [12, 24, 13, 23], [10, 2, 11, 1], [3, 19, 4, 18]]"
