name,pd_notation
12n_0311_0,"[[17, 24, 18, 1], [2, 6, 3, 5], [4, 11, 5, 12], [6, 14, 7, 13], [19, 8, 20, 9], [23, 10, 24, 11], [12, 3, 13, 4], [21, 15, 22, 14], [1, 16, 2, 17], [9, 18, 10, 19], [15, 21, 16, 20], [7, 22, 8, 23]]"
12n_0311_1,"[[7, 22, 8, 23], [17, 24, 18, 1], [2, 6, 3, 5], [4, 11, 5, 12], [6, 14, 7, 13], [19, 8, 20, 9], [23, 10, 24, 11], [12, 3, 13, 4], [21, 15, 22, 14], [1, 16, 2, 17], [9, 18, 10, 19], [15, 21, 16, 20]]"
12n_0311_2,"[[15, 21, 16, 20], [7, 22, 8, 23], [17, 24, 18, 1], [2, 6, 3, 5], [4, 11, 5, 12], [6, 14, 7, 13], [19, 8, 20, 9], [23, 10, 24, 11], [12, 3, 13, 4], [21, 15, 22, 14], [1, 16, 2, 17], [9, 18, 10, 19]]"
12n_0311_3,"[[9, 18, 10, 19], [15, 21, 16, 20], [7, 22, 8, 23], [17, 24, 18, 1], [2, 6, 3, 5], [4, 11, 5, 12], [6, 14, 7, 13], [19, 8, 20, 9], [23, 10, 24, 11], [12, 3, 13, 4], [21, 15, 22, 14], [1, 16, 2, 17]]"
12n_0311_4,"[[1, 16, 2, 17], [9, 18, 10, 19], [15, 21, 16, 20], [7, 22, 8, 23], [17, 24, 18, 1], [2, 6, 3, 5], [4, 11, 5, 12], [6, 14, 7, 13], [19, 8, 20, 9], [23, 10, 24, 11], [12, 3, 13, 4], [21, 15, 22, 14]]"
12n_0311_5,"[[21, 15, 22, 14], [1, 16, 2, 17], [9, 18, 10, 19], [15, 21, 16, 20], [7, 22, 8, 23], [17, 24, 18, 1], [2, 6, 3, 5], [4, 11, 5, 12], [6, 14, 7, 13], [19, 8, 20, 9], [23, 10, 24, 11], [12, 3, 13, 4]]"
12n_0311_6,"[[12, 3, 13, 4], [21, 15, 22, 14], [1, 16, 2, 17], [9, 18, 10, 19], [15, 21, 16, 20], [7, 22, 8, 23], [17, 24, 18, 1], [2, 6, 3, 5], [4, 11, 5, 12], [6, 14, 7, 13], [19, 8, 20, 9], [23, 10, 24, 11]]"
12n_0311_7,"[[23, 10, 24, 11], [12, 3, 13, 4], [21, 15, 22, 14], [1, 16, 2, 17], [9, 18, 10, 19], [15, 21, 16, 20], [7, 22, 8, 23], [17, 24, 18, 1], [2, 6, 3, 5], [4, 11, 5, 12], [6, 14, 7, 13], [19, 8, 20, 9]]"
12n_0311_8,"[[19, 8, 20, 9], [23, 10, 24, 11], [12, 3, 13, 4], [21, 15, 22, 14], [1, 16, 2, 17], [9, 18, 10, 19], [15, 21, 16, 20], [7, 22, 8, 23], [17, 24, 18, 1], [2, 6, 3, 5], [4, 11, 5, 12], [6, 14, 7, 13]]"
12n_0311_9,"[[6, 14, 7, 13], [19, 8, 20, 9], [23, 10, 24, 11], [12, 3, 13, 4], [21, 15, 22, 14], [1, 16, 2, 17], [9, 18, 10, 19], [15, 21, 16, 20], [7, 22, 8, 23], [17, 24, 18, 1], [2, 6, 3, 5], [4, 11, 5, 12]]"
12n_0311_10,"[[4, 11, 5, 12], [6, 14, 7, 13], [19, 8, 20, 9], [23, 10, 24, 11], [12, 3, 13, 4], [21, 15, 22, 14], [1, 16, 2, 17], [9, 18, 10, 19], [15, 21, 16, 20], [7, 22, 8, 23], [17, 24, 18, 1], [2, 6, 3, 5]]"
12n_0311_11,"[[2, 6, 3, 5], [4, 11, 5, 12], [6, 14, 7, 13], [19, 8, 20, 9], [23, 10, 24, 11], [12, 3, 13, 4], [21, 15, 22, 14], [1, 16, 2, 17], [9, 18, 10, 19], [15, 21, 16, 20], [7, 22, 8, 23], [17, 24, 18, 1]]"
12n_0311_12,"[[18, 1, 19, 2], [3, 7, 4, 6], [5, 12, 6, 13], [7, 15, 8, 14], [20, 9, 21, 10], [24, 11, 1, 12], [13, 4, 14, 5], [22, 16, 23, 15], [2, 17, 3, 18], [10, 19, 11, 20], [16, 22, 17, 21], [8, 23, 9, 24]]"
12n_0311_13,"[[8, 23, 9, 24], [18, 1, 19, 2], [3, 7, 4, 6], [5, 12, 6, 13], [7, 15, 8, 14], [20, 9, 21, 10], [24, 11, 1, 12], [13, 4, 14, 5], [22, 16, 23, 15], [2, 17, 3, 18], [10, 19, 11, 20], [16, 22, 17, 21]]"
12n_0311_14,"[[16, 22, 17, 21], [8, 23, 9, 24], [18, 1, 19, 2], [3, 7, 4, 6], [5, 12, 6, 13], [7, 15, 8, 14], [20, 9, 21, 10], [24, 11, 1, 12], [13, 4, 14, 5], [22, 16, 23, 15], [2, 17, 3, 18], [10, 19, 11, 20]]"
12n_0311_15,"[[10, 19, 11, 20], [16, 22, 17, 21], [8, 23, 9, 24], [18, 1, 19, 2], [3, 7, 4, 6], [5, 12, 6, 13], [7, 15, 8, 14], [20, 9, 21, 10], [24, 11, 1, 12], [13, 4, 14, 5], [22, 16, 23, 15], [2, 17, 3, 18]]"
12n_0311_16,"[[2, 17, 3, 18], [10, 19, 11, 20], [16, 22, 17, 21], [8, 23, 9, 24], [18, 1, 19, 2], [3, 7, 4, 6], [5, 12, 6, 13], [7, 15, 8, 14], [20, 9, 21, 10], [24, 11, 1, 12], [13, 4, 14, 5], [22, 16, 23, 15]]"
12n_0311_17,"[[22, 16, 23, 15], [2, 17, 3, 18], [10, 19, 11, 20], [16, 22, 17, 21], [8, 23, 9, 24], [18, 1, 19, 2], [3, 7, 4, 6], [5, 12, 6, 13], [7, 15, 8, 14], [20, 9, 21, 10], [24, 11, 1, 12], [13, 4, 14, 5]]"
12n_0311_18,"[[13, 4, 14, 5], [22, 16, 23, 15], [2, 17, 3, 18], [10, 19, 11, 20], [16, 22, 17, 21], [8, 23, 9, 24], [18, 1, 19, 2], [3, 7, 4, 6], [5, 12, 6, 13], [7, 15, 8, 14], [20, 9, 21, 10], [24, 11, 1, 12]]"
12n_0311_19,"[[24, 11, 1, 12], [13, 4, 14, 5], [22, 16, 23, 15], [2, 17, 3, 18], [10, 19, 11, 20], [16, 22, 17, 21], [8, 23, 9, 24], [18, 1, 19, 2], [3, 7, 4, 6], [5, 12, 6, 13], [7, 15, 8, 14], [20, 9, 21, 10]]"
12n_0311_20,"[[20, 9, 21, 10], [24, 11, 1, 12], [13, 4, 14, 5], [22, 16, 23, 15], [2, 17, 3, 18], [10, 19, 11, 20], [16, 22, 17, 21], [8, 23, 9, 24], [18, 1, 19, 2], [3, 7, 4, 6], [5, 12, 6, 13], [7, 15, 8, 14]]"
12n_0311_21,"[[7, 15, 8, 14], [20, 9, 21, 10], [24, 11, 1, 12], [13, 4, 14, 5], [22, 16, 23, 15], [2, 17, 3, 18], [10, 19, 11, 20], [16, 22, 17, 21], [8, 23, 9, 24], [18, 1, 19, 2], [3, 7, 4, 6], [5, 12, 6, 13]]"
12n_0311_22,"[[5, 12, 6, 13], [7, 15, 8, 14], [20, 9, 21, 10], [24, 11, 1, 12], [13, 4, 14, 5], [22, 16, 23, 15], [2, 17, 3, 18], [10, 19, 11, 20], [16, 22, 17, 21], [8, 23, 9, 24], [18, 1, 19, 2], [3, 7, 4, 6]]"
12n_0311_23,"[[3, 7, 4, 6], [5, 12, 6, 13], [7, 15, 8, 14], [20, 9, 21, 10], [24, 11, 1, 12], [13, 4, 14, 5], [22, 16, 23, 15], [2, 17, 3, 18], [10, 19, 11, 20], [16, 22, 17, 21], [8, 23, 9, 24], [18, 1, 19, 2]]"
12n_0311_24,"[[19, 2, 20, 3], [4, 8, 5, 7], [6, 13, 7, 14], [8, 16, 9, 15], [21, 10, 22, 11], [1, 12, 2, 13], [14, 5, 15, 6], [23, 17, 24, 16], [3, 18, 4, 19], [11, 20, 12, 21], [17, 23, 18, 22], [9, 24, 10, 1]]"
12n_0311_25,"[[9, 24, 10, 1], [19, 2, 20, 3], [4, 8, 5, 7], [6, 13, 7, 14], [8, 16, 9, 15], [21, 10, 22, 11], [1, 12, 2, 13], [14, 5, 15, 6], [23, 17, 24, 16], [3, 18, 4, 19], [11, 20, 12, 21], [17, 23, 18, 22]]"
12n_0311_26,"[[17, 23, 18, 22], [9, 24, 10, 1], [19, 2, 20, 3], [4, 8, 5, 7], [6, 13, 7, 14], [8, 16, 9, 15], [21, 10, 22, 11], [1, 12, 2, 13], [14, 5, 15, 6], [23, 17, 24, 16], [3, 18, 4, 19], [11, 20, 12, 21]]"
12n_0311_27,"[[11, 20, 12, 21], [17, 23, 18, 22], [9, 24, 10, 1], [19, 2, 20, 3], [4, 8, 5, 7], [6, 13, 7, 14], [8, 16, 9, 15], [21, 10, 22, 11], [1, 12, 2, 13], [14, 5, 15, 6], [23, 17, 24, 16], [3, 18, 4, 19]]"
12n_0311_28,"[[3, 18, 4, 19], [11, 20, 12, 21], [17, 23, 18, 22], [9, 24, 10, 1], [19, 2, 20, 3], [4, 8, 5, 7], [6, 13, 7, 14], [8, 16, 9, 15], [21, 10, 22, 11], [1, 12, 2, 13], [14, 5, 15, 6], [23, 17, 24, 16]]"
12n_0311_29,"[[23, 17, 24, 16], [3, 18, 4, 19], [11, 20, 12, 21], [17, 23, 18, 22], [9, 24, 10, 1], [19, 2, 20, 3], [4, 8, 5, 7], [6, 13, 7, 14], [8, 16, 9, 15], [21, 10, 22, 11], [1, 12, 2, 13], [14, 5, 15, 6]]"
12n_0311_30,"[[14, 5, 15, 6], [23, 17, 24, 16], [3, 18, 4, 19], [11, 20, 12, 21], [17, 23, 18, 22], [9, 24, 10, 1], [19, 2, 20, 3], [4, 8, 5, 7], [6, 13, 7, 14], [8, 16, 9, 15], [21, 10, 22, 11], [1, 12, 2, 13]]"
12n_0311_31,"[[1, 12, 2, 13], [14, 5, 15, 6], [23, 17, 24, 16], [3, 18, 4, 19], [11, 20, 12, 21], [17, 23, 18, 22], [9, 24, 10, 1], [19, 2, 20, 3], [4, 8, 5, 7], [6, 13, 7, 14], [8, 16, 9, 15], [21, 10, 22, 11]]"
12n_0311_32,"[[21, 10, 22, 11], [1, 12, 2, 13], [14, 5, 15, 6], [23, 17, 24, 16], [3, 18, 4, 19], [11, 20, 12, 21], [17, 23, 18, 22], [9, 24, 10, 1], [19, 2, 20, 3], [4, 8, 5, 7], [6, 13, 7, 14], [8, 16, 9, 15]]"
12n_0311_33,"[[8, 16, 9, 15], [21, 10, 22, 11], [1, 12, 2, 13], [14, 5, 15, 6], [23, 17, 24, 16], [3, 18, 4, 19], [11, 20, 12, 21], [17, 23, 18, 22], [9, 24, 10, 1], [19, 2, 20, 3], [4, 8, 5, 7], [6, 13, 7, 14]]"
12n_0311_34,"[[6, 13, 7, 14], [8, 16, 9, 15], [21, 10, 22, 11], [1, 12, 2, 13], [14, 5, 15, 6], [23, 17, 24, 16], [3, 18, 4, 19], [11, 20, 12, 21], [17, 23, 18, 22], [9, 24, 10, 1], [19, 2, 20, 3], [4, 8, 5, 7]]"
12n_0311_35,"[[4, 8, 5, 7], [6, 13, 7, 14], [8, 16, 9, 15], [21, 10, 22, 11], [1, 12, 2, 13], [14, 5, 15, 6], [23, 17, 24, 16], [3, 18, 4, 19], [11, 20, 12, 21], [17, 23, 18, 22], [9, 24, 10, 1], [19, 2, 20, 3]]"
12n_0311_36,"[[20, 3, 21, 4], [5, 9, 6, 8], [7, 14, 8, 15], [9, 17, 10, 16], [22, 11, 23, 12], [2, 13, 3, 14], [15, 6, 16, 7], [24, 18, 1, 17], [4, 19, 5, 20], [12, 21, 13, 22], [18, 24, 19, 23], [10, 1, 11, 2]]"
12n_0311_37,"[[10, 1, 11, 2], [20, 3, 21, 4], [5, 9, 6, 8], [7, 14, 8, 15], [9, 17, 10, 16], [22, 11, 23, 12], [2, 13, 3, 14], [15, 6, 16, 7], [24, 18, 1, 17], [4, 19, 5, 20], [12, 21, 13, 22], [18, 24, 19, 23]]"
12n_0311_38,"[[18, 24, 19, 23], [10, 1, 11, 2], [20, 3, 21, 4], [5, 9, 6, 8], [7, 14, 8, 15], [9, 17, 10, 16], [22, 11, 23, 12], [2, 13, 3, 14], [15, 6, 16, 7], [24, 18, 1, 17], [4, 19, 5, 20], [12, 21, 13, 22]]"
12n_0311_39,"[[12, 21, 13, 22], [18, 24, 19, 23], [10, 1, 11, 2], [20, 3, 21, 4], [5, 9, 6, 8], [7, 14, 8, 15], [9, 17, 10, 16], [22, 11, 23, 12], [2, 13, 3, 14], [15, 6, 16, 7], [24, 18, 1, 17], [4, 19, 5, 20]]"
12n_0311_40,"[[4, 19, 5, 20], [12, 21, 13, 22], [18, 24, 19, 23], [10, 1, 11, 2], [20, 3, 21, 4], [5, 9, 6, 8], [7, 14, 8, 15], [9, 17, 10, 16], [22, 11, 23, 12], [2, 13, 3, 14], [15, 6, 16, 7], [24, 18, 1, 17]]"
12n_0311_41,"[[24, 18, 1, 17], [4, 19, 5, 20], [12, 21, 13, 22], [18, 24, 19, 23], [10, 1, 11, 2], [20, 3, 21, 4], [5, 9, 6, 8], [7, 14, 8, 15], [9, 17, 10, 16], [22, 11, 23, 12], [2, 13, 3, 14], [15, 6, 16, 7]]"
12n_0311_42,"[[15, 6, 16, 7], [24, 18, 1, 17], [4, 19, 5, 20], [12, 21, 13, 22], [18, 24, 19, 23], [10, 1, 11, 2], [20, 3, 21, 4], [5, 9, 6, 8], [7, 14, 8, 15], [9, 17, 10, 16], [22, 11, 23, 12], [2, 13, 3, 14]]"
12n_0311_43,"[[2, 13, 3, 14], [15, 6, 16, 7], [24, 18, 1, 17], [4, 19, 5, 20], [12, 21, 13, 22], [18, 24, 19, 23], [10, 1, 11, 2], [20, 3, 21, 4], [5, 9, 6, 8], [7, 14, 8, 15], [9, 17, 10, 16], [22, 11, 23, 12]]"
12n_0311_44,"[[22, 11, 23, 12], [2, 13, 3, 14], [15, 6, 16, 7], [24, 18, 1, 17], [4, 19, 5, 20], [12, 21, 13, 22], [18, 24, 19, 23], [10, 1, 11, 2], [20, 3, 21, 4], [5, 9, 6, 8], [7, 14, 8, 15], [9, 17, 10, 16]]"
12n_0311_45,"[[9, 17, 10, 16], [22, 11, 23, 12], [2, 13, 3, 14], [15, 6, 16, 7], [24, 18, 1, 17], [4, 19, 5, 20], [12, 21, 13, 22], [18, 24, 19, 23], [10, 1, 11, 2], [20, 3, 21, 4], [5, 9, 6, 8], [7, 14, 8, 15]]"
12n_0311_46,"[[7, 14, 8, 15], [9, 17, 10, 16], [22, 11, 23, 12], [2, 13, 3, 14], [15, 6, 16, 7], [24, 18, 1, 17], [4, 19, 5, 20], [12, 21, 13, 22], [18, 24, 19, 23], [10, 1, 11, 2], [20, 3, 21, 4], [5, 9, 6, 8]]"
12n_0311_47,"[[5, 9, 6, 8], [7, 14, 8, 15], [9, 17, 10, 16], [22, 11, 23, 12], [2, 13, 3, 14], [15, 6, 16, 7], [24, 18, 1, 17], [4, 19, 5, 20], [12, 21, 13, 22], [18, 24, 19, 23], [10, 1, 11, 2], [20, 3, 21, 4]]"
12n_0311_48,"[[21, 4, 22, 5], [6, 10, 7, 9], [8, 15, 9, 16], [10, 18, 11, 17], [23, 12, 24, 13], [3, 14, 4, 15], [16, 7, 17, 8], [1, 19, 2, 18], [5, 20, 6, 21], [13, 22, 14, 23], [19, 1, 20, 24], [11, 2, 12, 3]]"
12n_0311_49,"[[11, 2, 12, 3], [21, 4, 22, 5], [6, 10, 7, 9], [8, 15, 9, 16], [10, 18, 11, 17], [23, 12, 24, 13], [3, 14, 4, 15], [16, 7, 17, 8], [1, 19, 2, 18], [5, 20, 6, 21], [13, 22, 14, 23], [19, 1, 20, 24]]"
12n_0311_50,"[[19, 1, 20, 24], [11, 2, 12, 3], [21, 4, 22, 5], [6, 10, 7, 9], [8, 15, 9, 16], [10, 18, 11, 17], [23, 12, 24, 13], [3, 14, 4, 15], [16, 7, 17, 8], [1, 19, 2, 18], [5, 20, 6, 21], [13, 22, 14, 23]]"
12n_0311_51,"[[13, 22, 14, 23], [19, 1, 20, 24], [11, 2, 12, 3], [21, 4, 22, 5], [6, 10, 7, 9], [8, 15, 9, 16], [10, 18, 11, 17], [23, 12, 24, 13], [3, 14, 4, 15], [16, 7, 17, 8], [1, 19, 2, 18], [5, 20, 6, 21]]"
12n_0311_52,"[[5, 20, 6, 21], [13, 22, 14, 23], [19, 1, 20, 24], [11, 2, 12, 3], [21, 4, 22, 5], [6, 10, 7, 9], [8, 15, 9, 16], [10, 18, 11, 17], [23, 12, 24, 13], [3, 14, 4, 15], [16, 7, 17, 8], [1, 19, 2, 18]]"
12n_0311_53,"[[1, 19, 2, 18], [5, 20, 6, 21], [13, 22, 14, 23], [19, 1, 20, 24], [11, 2, 12, 3], [21, 4, 22, 5], [6, 10, 7, 9], [8, 15, 9, 16], [10, 18, 11, 17], [23, 12, 24, 13], [3, 14, 4, 15], [16, 7, 17, 8]]"
12n_0311_54,"[[16, 7, 17, 8], [1, 19, 2, 18], [5, 20, 6, 21], [13, 22, 14, 23], [19, 1, 20, 24], [11, 2, 12, 3], [21, 4, 22, 5], [6, 10, 7, 9], [8, 15, 9, 16], [10, 18, 11, 17], [23, 12, 24, 13], [3, 14, 4, 15]]"
12n_0311_55,"[[3, 14, 4, 15], [16, 7, 17, 8], [1, 19, 2, 18], [5, 20, 6, 21], [13, 22, 14, 23], [19, 1, 20, 24], [11, 2, 12, 3], [21, 4, 22, 5], [6, 10, 7, 9], [8, 15, 9, 16], [10, 18, 11, 17], [23, 12, 24, 13]]"
12n_0311_56,"[[23, 12, 24, 13], [3, 14, 4, 15], [16, 7, 17, 8], [1, 19, 2, 18], [5, 20, 6, 21], [13, 22, 14, 23], [19, 1, 20, 24], [11, 2, 12, 3], [21, 4, 22, 5], [6, 10, 7, 9], [8, 15, 9, 16], [10, 18, 11, 17]]"
12n_0311_57,"[[10, 18, 11, 17], [23, 12, 24, 13], [3, 14, 4, 15], [16, 7, 17, 8], [1, 19, 2, 18], [5, 20, 6, 21], [13, 22, 14, 23], [19, 1, 20, 24], [11, 2, 12, 3], [21, 4, 22, 5], [6, 10, 7, 9], [8, 15, 9, 16]]"
12n_0311_58,"[[8, 15, 9, 16], [10, 18, 11, 17], [23, 12, 24, 13], [3, 14, 4, 15], [16, 7, 17, 8], [1, 19, 2, 18], [5, 20, 6, 21], [13, 22, 14, 23], [19, 1, 20, 24], [11, 2, 12, 3], [21, 4, 22, 5], [6, 10, 7, 9]]"
12n_0311_59,"[[6, 10, 7, 9], [8, 15, 9, 16], [10, 18, 11, 17], [23, 12, 24, 13], [3, 14, 4, 15], [16, 7, 17, 8], [1, 19, 2, 18], [5, 20, 6, 21], [13, 22, 14, 23], [19, 1, 20, 24], [11, 2, 12, 3], [21, 4, 22, 5]]"
12n_0311_60,"[[22, 5, 23, 6], [7, 11, 8, 10], [9, 16, 10, 17], [11, 19, 12, 18], [24, 13, 1, 14], [4, 15, 5, 16], [17, 8, 18, 9], [2, 20, 3, 19], [6, 21, 7, 22], [14, 23, 15, 24], [20, 2, 21, 1], [12, 3, 13, 4]]"
12n_0311_61,"[[12, 3, 13, 4], [22, 5, 23, 6], [7, 11, 8, 10], [9, 16, 10, 17], [11, 19, 12, 18], [24, 13, 1, 14], [4, 15, 5, 16], [17, 8, 18, 9], [2, 20, 3, 19], [6, 21, 7, 22], [14, 23, 15, 24], [20, 2, 21, 1]]"
12n_0311_62,"[[20, 2, 21, 1], [12, 3, 13, 4], [22, 5, 23, 6], [7, 11, 8, 10], [9, 16, 10, 17], [11, 19, 12, 18], [24, 13, 1, 14], [4, 15, 5, 16], [17, 8, 18, 9], [2, 20, 3, 19], [6, 21, 7, 22], [14, 23, 15, 24]]"
12n_0311_63,"[[14, 23, 15, 24], [20, 2, 21, 1], [12, 3, 13, 4], [22, 5, 23, 6], [7, 11, 8, 10], [9, 16, 10, 17], [11, 19, 12, 18], [24, 13, 1, 14], [4, 15, 5, 16], [17, 8, 18, 9], [2, 20, 3, 19], [6, 21, 7, 22]]"
12n_0311_64,"[[6, 21, 7, 22], [14, 23, 15, 24], [20, 2, 21, 1], [12, 3, 13, 4], [22, 5, 23, 6], [7, 11, 8, 10], [9, 16, 10, 17], [11, 19, 12, 18], [24, 13, 1, 14], [4, 15, 5, 16], [17, 8, 18, 9], [2, 20, 3, 19]]"
12n_0311_65,"[[2, 20, 3, 19], [6, 21, 7, 22], [14, 23, 15, 24], [20, 2, 21, 1], [12, 3, 13, 4], [22, 5, 23, 6], [7, 11, 8, 10], [9, 16, 10, 17], [11, 19, 12, 18], [24, 13, 1, 14], [4, 15, 5, 16], [17, 8, 18, 9]]"
12n_0311_66,"[[17, 8, 18, 9], [2, 20, 3, 19], [6, 21, 7, 22], [14, 23, 15, 24], [20, 2, 21, 1], [12, 3, 13, 4], [22, 5, 23, 6], [7, 11, 8, 10], [9, 16, 10, 17], [11, 19, 12, 18], [24, 13, 1, 14], [4, 15, 5, 16]]"
12n_0311_67,"[[4, 15, 5, 16], [17, 8, 18, 9], [2, 20, 3, 19], [6, 21, 7, 22], [14, 23, 15, 24], [20, 2, 21, 1], [12, 3, 13, 4], [22, 5, 23, 6], [7, 11, 8, 10], [9, 16, 10, 17], [11, 19, 12, 18], [24, 13, 1, 14]]"
12n_0311_68,"[[24, 13, 1, 14], [4, 15, 5, 16], [17, 8, 18, 9], [2, 20, 3, 19], [6, 21, 7, 22], [14, 23, 15, 24], [20, 2, 21, 1], [12, 3, 13, 4], [22, 5, 23, 6], [7, 11, 8, 10], [9, 16, 10, 17], [11, 19, 12, 18]]"
12n_0311_69,"[[11, 19, 12, 18], [24, 13, 1, 14], [4, 15, 5, 16], [17, 8, 18, 9], [2, 20, 3, 19], [6, 21, 7, 22], [14, 23, 15, 24], [20, 2, 21, 1], [12, 3, 13, 4], [22, 5, 23, 6], [7, 11, 8, 10], [9, 16, 10, 17]]"
12n_0311_70,"[[9, 16, 10, 17], [11, 19, 12, 18], [24, 13, 1, 14], [4, 15, 5, 16], [17, 8, 18, 9], [2, 20, 3, 19], [6, 21, 7, 22], [14, 23, 15, 24], [20, 2, 21, 1], [12, 3, 13, 4], [22, 5, 23, 6], [7, 11, 8, 10]]"
12n_0311_71,"[[7, 11, 8, 10], [9, 16, 10, 17], [11, 19, 12, 18], [24, 13, 1, 14], [4, 15, 5, 16], [17, 8, 18, 9], [2, 20, 3, 19], [6, 21, 7, 22], [14, 23, 15, 24], [20, 2, 21, 1], [12, 3, 13, 4], [22, 5, 23, 6]]"
12n_0311_72,"[[23, 6, 24, 7], [8, 12, 9, 11], [10, 17, 11, 18], [12, 20, 13, 19], [1, 14, 2, 15], [5, 16, 6, 17], [18, 9, 19, 10], [3, 21, 4, 20], [7, 22, 8, 23], [15, 24, 16, 1], [21, 3, 22, 2], [13, 4, 14, 5]]"
12n_0311_73,"[[13, 4, 14, 5], [23, 6, 24, 7], [8, 12, 9, 11], [10, 17, 11, 18], [12, 20, 13, 19], [1, 14, 2, 15], [5, 16, 6, 17], [18, 9, 19, 10], [3, 21, 4, 20], [7, 22, 8, 23], [15, 24, 16, 1], [21, 3, 22, 2]]"
12n_0311_74,"[[21, 3, 22, 2], [13, 4, 14, 5], [23, 6, 24, 7], [8, 12, 9, 11], [10, 17, 11, 18], [12, 20, 13, 19], [1, 14, 2, 15], [5, 16, 6, 17], [18, 9, 19, 10], [3, 21, 4, 20], [7, 22, 8, 23], [15, 24, 16, 1]]"
12n_0311_75,"[[15, 24, 16, 1], [21, 3, 22, 2], [13, 4, 14, 5], [23, 6, 24, 7], [8, 12, 9, 11], [10, 17, 11, 18], [12, 20, 13, 19], [1, 14, 2, 15], [5, 16, 6, 17], [18, 9, 19, 10], [3, 21, 4, 20], [7, 22, 8, 23]]"
12n_0311_76,"[[7, 22, 8, 23], [15, 24, 16, 1], [21, 3, 22, 2], [13, 4, 14, 5], [23, 6, 24, 7], [8, 12, 9, 11], [10, 17, 11, 18], [12, 20, 13, 19], [1, 14, 2, 15], [5, 16, 6, 17], [18, 9, 19, 10], [3, 21, 4, 20]]"
12n_0311_77,"[[3, 21, 4, 20], [7, 22, 8, 23], [15, 24, 16, 1], [21, 3, 22, 2], [13, 4, 14, 5], [23, 6, 24, 7], [8, 12, 9, 11], [10, 17, 11, 18], [12, 20, 13, 19], [1, 14, 2, 15], [5, 16, 6, 17], [18, 9, 19, 10]]"
12n_0311_78,"[[18, 9, 19, 10], [3, 21, 4, 20], [7, 22, 8, 23], [15, 24, 16, 1], [21, 3, 22, 2], [13, 4, 14, 5], [23, 6, 24, 7], [8, 12, 9, 11], [10, 17, 11, 18], [12, 20, 13, 19], [1, 14, 2, 15], [5, 16, 6, 17]]"
12n_0311_79,"[[5, 16, 6, 17], [18, 9, 19, 10], [3, 21, 4, 20], [7, 22, 8, 23], [15, 24, 16, 1], [21, 3, 22, 2], [13, 4, 14, 5], [23, 6, 24, 7], [8, 12, 9, 11], [10, 17, 11, 18], [12, 20, 13, 19], [1, 14, 2, 15]]"
12n_0311_80,"[[1, 14, 2, 15], [5, 16, 6, 17], [18, 9, 19, 10], [3, 21, 4, 20], [7, 22, 8, 23], [15, 24, 16, 1], [21, 3, 22, 2], [13, 4, 14, 5], [23, 6, 24, 7], [8, 12, 9, 11], [10, 17, 11, 18], [12, 20, 13, 19]]"
12n_0311_81,"[[12, 20, 13, 19], [1, 14, 2, 15], [5, 16, 6, 17], [18, 9, 19, 10], [3, 21, 4, 20], [7, 22, 8, 23], [15, 24, 16, 1], [21, 3, 22, 2], [13, 4, 14, 5], [23, 6, 24, 7], [8, 12, 9, 11], [10, 17, 11, 18]]"
12n_0311_82,"[[10, 17, 11, 18], [12, 20, 13, 19], [1, 14, 2, 15], [5, 16, 6, 17], [18, 9, 19, 10], [3, 21, 4, 20], [7, 22, 8, 23], [15, 24, 16, 1], [21, 3, 22, 2], [13, 4, 14, 5], [23, 6, 24, 7], [8, 12, 9, 11]]"
12n_0311_83,"[[8, 12, 9, 11], [10, 17, 11, 18], [12, 20, 13, 19], [1, 14, 2, 15], [5, 16, 6, 17], [18, 9, 19, 10], [3, 21, 4, 20], [7, 22, 8, 23], [15, 24, 16, 1], [21, 3, 22, 2], [13, 4, 14, 5], [23, 6, 24, 7]]"
12n_0311_84,"[[24, 7, 1, 8], [9, 13, 10, 12], [11, 18, 12, 19], [13, 21, 14, 20], [2, 15, 3, 16], [6, 17, 7, 18], [19, 10, 20, 11], [4, 22, 5, 21], [8, 23, 9, 24], [16, 1, 17, 2], [22, 4, 23, 3], [14, 5, 15, 6]]"
12n_0311_85,"[[14, 5, 15, 6], [24, 7, 1, 8], [9, 13, 10, 12], [11, 18, 12, 19], [13, 21, 14, 20], [2, 15, 3, 16], [6, 17, 7, 18], [19, 10, 20, 11], [4, 22, 5, 21], [8, 23, 9, 24], [16, 1, 17, 2], [22, 4, 23, 3]]"
12n_0311_86,"[[22, 4, 23, 3], [14, 5, 15, 6], [24, 7, 1, 8], [9, 13, 10, 12], [11, 18, 12, 19], [13, 21, 14, 20], [2, 15, 3, 16], [6, 17, 7, 18], [19, 10, 20, 11], [4, 22, 5, 21], [8, 23, 9, 24], [16, 1, 17, 2]]"
12n_0311_87,"[[16, 1, 17, 2], [22, 4, 23, 3], [14, 5, 15, 6], [24, 7, 1, 8], [9, 13, 10, 12], [11, 18, 12, 19], [13, 21, 14, 20], [2, 15, 3, 16], [6, 17, 7, 18], [19, 10, 20, 11], [4, 22, 5, 21], [8, 23, 9, 24]]"
12n_0311_88,"[[8, 23, 9, 24], [16, 1, 17, 2], [22, 4, 23, 3], [14, 5, 15, 6], [24, 7, 1, 8], [9, 13, 10, 12], [11, 18, 12, 19], [13, 21, 14, 20], [2, 15, 3, 16], [6, 17, 7, 18], [19, 10, 20, 11], [4, 22, 5, 21]]"
12n_0311_89,"[[4, 22, 5, 21], [8, 23, 9, 24], [16, 1, 17, 2], [22, 4, 23, 3], [14, 5, 15, 6], [24, 7, 1, 8], [9, 13, 10, 12], [11, 18, 12, 19], [13, 21, 14, 20], [2, 15, 3, 16], [6, 17, 7, 18], [19, 10, 20, 11]]"
12n_0311_90,"[[19, 10, 20, 11], [4, 22, 5, 21], [8, 23, 9, 24], [16, 1, 17, 2], [22, 4, 23, 3], [14, 5, 15, 6], [24, 7, 1, 8], [9, 13, 10, 12], [11, 18, 12, 19], [13, 21, 14, 20], [2, 15, 3, 16], [6, 17, 7, 18]]"
12n_0311_91,"[[6, 17, 7, 18], [19, 10, 20, 11], [4, 22, 5, 21], [8, 23, 9, 24], [16, 1, 17, 2], [22, 4, 23, 3], [14, 5, 15, 6], [24, 7, 1, 8], [9, 13, 10, 12], [11, 18, 12, 19], [13, 21, 14, 20], [2, 15, 3, 16]]"
12n_0311_92,"[[2, 15, 3, 16], [6, 17, 7, 18], [19, 10, 20, 11], [4, 22, 5, 21], [8, 23, 9, 24], [16, 1, 17, 2], [22, 4, 23, 3], [14, 5, 15, 6], [24, 7, 1, 8], [9, 13, 10, 12], [11, 18, 12, 19], [13, 21, 14, 20]]"
12n_0311_93,"[[13, 21, 14, 20], [2, 15, 3, 16], [6, 17, 7, 18], [19, 10, 20, 11], [4, 22, 5, 21], [8, 23, 9, 24], [16, 1, 17, 2], [22, 4, 23, 3], [14, 5, 15, 6], [24, 7, 1, 8], [9, 13, 10, 12], [11, 18, 12, 19]]"
12n_0311_94,"[[11, 18, 12, 19], [13, 21, 14, 20], [2, 15, 3, 16], [6, 17, 7, 18], [19, 10, 20, 11], [4, 22, 5, 21], [8, 23, 9, 24], [16, 1, 17, 2], [22, 4, 23, 3], [14, 5, 15, 6], [24, 7, 1, 8], [9, 13, 10, 12]]"
12n_0311_95,"[[9, 13, 10, 12], [11, 18, 12, 19], [13, 21, 14, 20], [2, 15, 3, 16], [6, 17, 7, 18], [19, 10, 20, 11], [4, 22, 5, 21], [8, 23, 9, 24], [16, 1, 17, 2], [22, 4, 23, 3], [14, 5, 15, 6], [24, 7, 1, 8]]"
12n_0311_96,"[[1, 8, 2, 9], [10, 14, 11, 13], [12, 19, 13, 20], [14, 22, 15, 21], [3, 16, 4, 17], [7, 18, 8, 19], [20, 11, 21, 12], [5, 23, 6, 22], [9, 24, 10, 1], [17, 2, 18, 3], [23, 5, 24, 4], [15, 6, 16, 7]]"
12n_0311_97,"[[15, 6, 16, 7], [1, 8, 2, 9], [10, 14, 11, 13], [12, 19, 13, 20], [14, 22, 15, 21], [3, 16, 4, 17], [7, 18, 8, 19], [20, 11, 21, 12], [5, 23, 6, 22], [9, 24, 10, 1], [17, 2, 18, 3], [23, 5, 24, 4]]"
12n_0311_98,"[[23, 5, 24, 4], [15, 6, 16, 7], [1, 8, 2, 9], [10, 14, 11, 13], [12, 19, 13, 20], [14, 22, 15, 21], [3, 16, 4, 17], [7, 18, 8, 19], [20, 11, 21, 12], [5, 23, 6, 22], [9, 24, 10, 1], [17, 2, 18, 3]]"
12n_0311_99,"[[17, 2, 18, 3], [23, 5, 24, 4], [15, 6, 16, 7], [1, 8, 2, 9], [10, 14, 11, 13], [12, 19, 13, 20], [14, 22, 15, 21], [3, 16, 4, 17], [7, 18, 8, 19], [20, 11, 21, 12], [5, 23, 6, 22], [9, 24, 10, 1]]"
12n_0311_100,"[[9, 24, 10, 1], [17, 2, 18, 3], [23, 5, 24, 4], [15, 6, 16, 7], [1, 8, 2, 9], [10, 14, 11, 13], [12, 19, 13, 20], [14, 22, 15, 21], [3, 16, 4, 17], [7, 18, 8, 19], [20, 11, 21, 12], [5, 23, 6, 22]]"
12n_0311_101,"[[5, 23, 6, 22], [9, 24, 10, 1], [17, 2, 18, 3], [23, 5, 24, 4], [15, 6, 16, 7], [1, 8, 2, 9], [10, 14, 11, 13], [12, 19, 13, 20], [14, 22, 15, 21], [3, 16, 4, 17], [7, 18, 8, 19], [20, 11, 21, 12]]"
12n_0311_102,"[[20, 11, 21, 12], [5, 23, 6, 22], [9, 24, 10, 1], [17, 2, 18, 3], [23, 5, 24, 4], [15, 6, 16, 7], [1, 8, 2, 9], [10, 14, 11, 13], [12, 19, 13, 20], [14, 22, 15, 21], [3, 16, 4, 17], [7, 18, 8, 19]]"
12n_0311_103,"[[7, 18, 8, 19], [20, 11, 21, 12], [5, 23, 6, 22], [9, 24, 10, 1], [17, 2, 18, 3], [23, 5, 24, 4], [15, 6, 16, 7], [1, 8, 2, 9], [10, 14, 11, 13], [12, 19, 13, 20], [14, 22, 15, 21], [3, 16, 4, 17]]"
12n_0311_104,"[[3, 16, 4, 17], [7, 18, 8, 19], [20, 11, 21, 12], [5, 23, 6, 22], [9, 24, 10, 1], [17, 2, 18, 3], [23, 5, 24, 4], [15, 6, 16, 7], [1, 8, 2, 9], [10, 14, 11, 13], [12, 19, 13, 20], [14, 22, 15, 21]]"
12n_0311_105,"[[14, 22, 15, 21], [3, 16, 4, 17], [7, 18, 8, 19], [20, 11, 21, 12], [5, 23, 6, 22], [9, 24, 10, 1], [17, 2, 18, 3], [23, 5, 24, 4], [15, 6, 16, 7], [1, 8, 2, 9], [10, 14, 11, 13], [12, 19, 13, 20]]"
12n_0311_106,"[[12, 19, 13, 20], [14, 22, 15, 21], [3, 16, 4, 17], [7, 18, 8, 19], [20, 11, 21, 12], [5, 23, 6, 22], [9, 24, 10, 1], [17, 2, 18, 3], [23, 5, 24, 4], [15, 6, 16, 7], [1, 8, 2, 9], [10, 14, 11, 13]]"
12n_0311_107,"[[10, 14, 11, 13], [12, 19, 13, 20], [14, 22, 15, 21], [3, 16, 4, 17], [7, 18, 8, 19], [20, 11, 21, 12], [5, 23, 6, 22], [9, 24, 10, 1], [17, 2, 18, 3], [23, 5, 24, 4], [15, 6, 16, 7], [1, 8, 2, 9]]"
12n_0311_108,"[[2, 9, 3, 10], [11, 15, 12, 14], [13, 20, 14, 21], [15, 23, 16, 22], [4, 17, 5, 18], [8, 19, 9, 20], [21, 12, 22, 13], [6, 24, 7, 23], [10, 1, 11, 2], [18, 3, 19, 4], [24, 6, 1, 5], [16, 7, 17, 8]]"
12n_0311_109,"[[16, 7, 17, 8], [2, 9, 3, 10], [11, 15, 12, 14], [13, 20, 14, 21], [15, 23, 16, 22], [4, 17, 5, 18], [8, 19, 9, 20], [21, 12, 22, 13], [6, 24, 7, 23], [10, 1, 11, 2], [18, 3, 19, 4], [24, 6, 1, 5]]"
12n_0311_110,"[[24, 6, 1, 5], [16, 7, 17, 8], [2, 9, 3, 10], [11, 15, 12, 14], [13, 20, 14, 21], [15, 23, 16, 22], [4, 17, 5, 18], [8, 19, 9, 20], [21, 12, 22, 13], [6, 24, 7, 23], [10, 1, 11, 2], [18, 3, 19, 4]]"
12n_0311_111,"[[18, 3, 19, 4], [24, 6, 1, 5], [16, 7, 17, 8], [2, 9, 3, 10], [11, 15, 12, 14], [13, 20, 14, 21], [15, 23, 16, 22], [4, 17, 5, 18], [8, 19, 9, 20], [21, 12, 22, 13], [6, 24, 7, 23], [10, 1, 11, 2]]"
12n_0311_112,"[[10, 1, 11, 2], [18, 3, 19, 4], [24, 6, 1, 5], [16, 7, 17, 8], [2, 9, 3, 10], [11, 15, 12, 14], [13, 20, 14, 21], [15, 23, 16, 22], [4, 17, 5, 18], [8, 19, 9, 20], [21, 12, 22, 13], [6, 24, 7, 23]]"
12n_0311_113,"[[6, 24, 7, 23], [10, 1, 11, 2], [18, 3, 19, 4], [24, 6, 1, 5], [16, 7, 17, 8], [2, 9, 3, 10], [11, 15, 12, 14], [13, 20, 14, 21], [15, 23, 16, 22], [4, 17, 5, 18], [8, 19, 9, 20], [21, 12, 22, 13]]"
12n_0311_114,"[[21, 12, 22, 13], [6, 24, 7, 23], [10, 1, 11, 2], [18, 3, 19, 4], [24, 6, 1, 5], [16, 7, 17, 8], [2, 9, 3, 10], [11, 15, 12, 14], [13, 20, 14, 21], [15, 23, 16, 22], [4, 17, 5, 18], [8, 19, 9, 20]]"
12n_0311_115,"[[8, 19, 9, 20], [21, 12, 22, 13], [6, 24, 7, 23], [10, 1, 11, 2], [18, 3, 19, 4], [24, 6, 1, 5], [16, 7, 17, 8], [2, 9, 3, 10], [11, 15, 12, 14], [13, 20, 14, 21], [15, 23, 16, 22], [4, 17, 5, 18]]"
12n_0311_116,"[[4, 17, 5, 18], [8, 19, 9, 20], [21, 12, 22, 13], [6, 24, 7, 23], [10, 1, 11, 2], [18, 3, 19, 4], [24, 6, 1, 5], [16, 7, 17, 8], [2, 9, 3, 10], [11, 15, 12, 14], [13, 20, 14, 21], [15, 23, 16, 22]]"
12n_0311_117,"[[15, 23, 16, 22], [4, 17, 5, 18], [8, 19, 9, 20], [21, 12, 22, 13], [6, 24, 7, 23], [10, 1, 11, 2], [18, 3, 19, 4], [24, 6, 1, 5], [16, 7, 17, 8], [2, 9, 3, 10], [11, 15, 12, 14], [13, 20, 14, 21]]"
12n_0311_118,"[[13, 20, 14, 21], [15, 23, 16, 22], [4, 17, 5, 18], [8, 19, 9, 20], [21, 12, 22, 13], [6, 24, 7, 23], [10, 1, 11, 2], [18, 3, 19, 4], [24, 6, 1, 5], [16, 7, 17, 8], [2, 9, 3, 10], [11, 15, 12, 14]]"
12n_0311_119,"[[11, 15, 12, 14], [13, 20, 14, 21], [15, 23, 16, 22], [4, 17, 5, 18], [8, 19, 9, 20], [21, 12, 22, 13], [6, 24, 7, 23], [10, 1, 11, 2], [18, 3, 19, 4], [24, 6, 1, 5], [16, 7, 17, 8], [2, 9, 3, 10]]"
12n_0311_120,"[[3, 10, 4, 11], [12, 16, 13, 15], [14, 21, 15, 22], [16, 24, 17, 23], [5, 18, 6, 19], [9, 20, 10, 21], [22, 13, 23, 14], [7, 1, 8, 24], [11, 2, 12, 3], [19, 4, 20, 5], [1, 7, 2, 6], [17, 8, 18, 9]]"
12n_0311_121,"[[17, 8, 18, 9], [3, 10, 4, 11], [12, 16, 13, 15], [14, 21, 15, 22], [16, 24, 17, 23], [5, 18, 6, 19], [9, 20, 10, 21], [22, 13, 23, 14], [7, 1, 8, 24], [11, 2, 12, 3], [19, 4, 20, 5], [1, 7, 2, 6]]"
12n_0311_122,"[[1, 7, 2, 6], [17, 8, 18, 9], [3, 10, 4, 11], [12, 16, 13, 15], [14, 21, 15, 22], [16, 24, 17, 23], [5, 18, 6, 19], [9, 20, 10, 21], [22, 13, 23, 14], [7, 1, 8, 24], [11, 2, 12, 3], [19, 4, 20, 5]]"
12n_0311_123,"[[19, 4, 20, 5], [1, 7, 2, 6], [17, 8, 18, 9], [3, 10, 4, 11], [12, 16, 13, 15], [14, 21, 15, 22], [16, 24, 17, 23], [5, 18, 6, 19], [9, 20, 10, 21], [22, 13, 23, 14], [7, 1, 8, 24], [11, 2, 12, 3]]"
12n_0311_124,"[[11, 2, 12, 3], [19, 4, 20, 5], [1, 7, 2, 6], [17, 8, 18, 9], [3, 10, 4, 11], [12, 16, 13, 15], [14, 21, 15, 22], [16, 24, 17, 23], [5, 18, 6, 19], [9, 20, 10, 21], [22, 13, 23, 14], [7, 1, 8, 24]]"
12n_0311_125,"[[7, 1, 8, 24], [11, 2, 12, 3], [19, 4, 20, 5], [1, 7, 2, 6], [17, 8, 18, 9], [3, 10, 4, 11], [12, 16, 13, 15], [14, 21, 15, 22], [16, 24, 17, 23], [5, 18, 6, 19], [9, 20, 10, 21], [22, 13, 23, 14]]"
12n_0311_126,"[[22, 13, 23, 14], [7, 1, 8, 24], [11, 2, 12, 3], [19, 4, 20, 5], [1, 7, 2, 6], [17, 8, 18, 9], [3, 10, 4, 11], [12, 16, 13, 15], [14, 21, 15, 22], [16, 24, 17, 23], [5, 18, 6, 19], [9, 20, 10, 21]]"
12n_0311_127,"[[9, 20, 10, 21], [22, 13, 23, 14], [7, 1, 8, 24], [11, 2, 12, 3], [19, 4, 20, 5], [1, 7, 2, 6], [17, 8, 18, 9], [3, 10, 4, 11], [12, 16, 13, 15], [14, 21, 15, 22], [16, 24, 17, 23], [5, 18, 6, 19]]"
12n_0311_128,"[[5, 18, 6, 19], [9, 20, 10, 21], [22, 13, 23, 14], [7, 1, 8, 24], [11, 2, 12, 3], [19, 4, 20, 5], [1, 7, 2, 6], [17, 8, 18, 9], [3, 10, 4, 11], [12, 16, 13, 15], [14, 21, 15, 22], [16, 24, 17, 23]]"
12n_0311_129,"[[16, 24, 17, 23], [5, 18, 6, 19], [9, 20, 10, 21], [22, 13, 23, 14], [7, 1, 8, 24], [11, 2, 12, 3], [19, 4, 20, 5], [1, 7, 2, 6], [17, 8, 18, 9], [3, 10, 4, 11], [12, 16, 13, 15], [14, 21, 15, 22]]"
12n_0311_130,"[[14, 21, 15, 22], [16, 24, 17, 23], [5, 18, 6, 19], [9, 20, 10, 21], [22, 13, 23, 14], [7, 1, 8, 24], [11, 2, 12, 3], [19, 4, 20, 5], [1, 7, 2, 6], [17, 8, 18, 9], [3, 10, 4, 11], [12, 16, 13, 15]]"
12n_0311_131,"[[12, 16, 13, 15], [14, 21, 15, 22], [16, 24, 17, 23], [5, 18, 6, 19], [9, 20, 10, 21], [22, 13, 23, 14], [7, 1, 8, 24], [11, 2, 12, 3], [19, 4, 20, 5], [1, 7, 2, 6], [17, 8, 18, 9], [3, 10, 4, 11]]"
12n_0311_132,"[[4, 11, 5, 12], [13, 17, 14, 16], [15, 22, 16, 23], [17, 1, 18, 24], [6, 19, 7, 20], [10, 21, 11, 22], [23, 14, 24, 15], [8, 2, 9, 1], [12, 3, 13, 4], [20, 5, 21, 6], [2, 8, 3, 7], [18, 9, 19, 10]]"
12n_0311_133,"[[18, 9, 19, 10], [4, 11, 5, 12], [13, 17, 14, 16], [15, 22, 16, 23], [17, 1, 18, 24], [6, 19, 7, 20], [10, 21, 11, 22], [23, 14, 24, 15], [8, 2, 9, 1], [12, 3, 13, 4], [20, 5, 21, 6], [2, 8, 3, 7]]"
12n_0311_134,"[[2, 8, 3, 7], [18, 9, 19, 10], [4, 11, 5, 12], [13, 17, 14, 16], [15, 22, 16, 23], [17, 1, 18, 24], [6, 19, 7, 20], [10, 21, 11, 22], [23, 14, 24, 15], [8, 2, 9, 1], [12, 3, 13, 4], [20, 5, 21, 6]]"
12n_0311_135,"[[20, 5, 21, 6], [2, 8, 3, 7], [18, 9, 19, 10], [4, 11, 5, 12], [13, 17, 14, 16], [15, 22, 16, 23], [17, 1, 18, 24], [6, 19, 7, 20], [10, 21, 11, 22], [23, 14, 24, 15], [8, 2, 9, 1], [12, 3, 13, 4]]"
12n_0311_136,"[[12, 3, 13, 4], [20, 5, 21, 6], [2, 8, 3, 7], [18, 9, 19, 10], [4, 11, 5, 12], [13, 17, 14, 16], [15, 22, 16, 23], [17, 1, 18, 24], [6, 19, 7, 20], [10, 21, 11, 22], [23, 14, 24, 15], [8, 2, 9, 1]]"
12n_0311_137,"[[8, 2, 9, 1], [12, 3, 13, 4], [20, 5, 21, 6], [2, 8, 3, 7], [18, 9, 19, 10], [4, 11, 5, 12], [13, 17, 14, 16], [15, 22, 16, 23], [17, 1, 18, 24], [6, 19, 7, 20], [10, 21, 11, 22], [23, 14, 24, 15]]"
12n_0311_138,"[[23, 14, 24, 15], [8, 2, 9, 1], [12, 3, 13, 4], [20, 5, 21, 6], [2, 8, 3, 7], [18, 9, 19, 10], [4, 11, 5, 12], [13, 17, 14, 16], [15, 22, 16, 23], [17, 1, 18, 24], [6, 19, 7, 20], [10, 21, 11, 22]]"
12n_0311_139,"[[10, 21, 11, 22], [23, 14, 24, 15], [8, 2, 9, 1], [12, 3, 13, 4], [20, 5, 21, 6], [2, 8, 3, 7], [18, 9, 19, 10], [4, 11, 5, 12], [13, 17, 14, 16], [15, 22, 16, 23], [17, 1, 18, 24], [6, 19, 7, 20]]"
12n_0311_140,"[[6, 19, 7, 20], [10, 21, 11, 22], [23, 14, 24, 15], [8, 2, 9, 1], [12, 3, 13, 4], [20, 5, 21, 6], [2, 8, 3, 7], [18, 9, 19, 10], [4, 11, 5, 12], [13, 17, 14, 16], [15, 22, 16, 23], [17, 1, 18, 24]]"
12n_0311_141,"[[17, 1, 18, 24], [6, 19, 7, 20], [10, 21, 11, 22], [23, 14, 24, 15], [8, 2, 9, 1], [12, 3, 13, 4], [20, 5, 21, 6], [2, 8, 3, 7], [18, 9, 19, 10], [4, 11, 5, 12], [13, 17, 14, 16], [15, 22, 16, 23]]"
12n_0311_142,"[[15, 22, 16, 23], [17, 1, 18, 24], [6, 19, 7, 20], [10, 21, 11, 22], [23, 14, 24, 15], [8, 2, 9, 1], [12, 3, 13, 4], [20, 5, 21, 6], [2, 8, 3, 7], [18, 9, 19, 10], [4, 11, 5, 12], [13, 17, 14, 16]]"
12n_0311_143,"[[13, 17, 14, 16], [15, 22, 16, 23], [17, 1, 18, 24], [6, 19, 7, 20], [10, 21, 11, 22], [23, 14, 24, 15], [8, 2, 9, 1], [12, 3, 13, 4], [20, 5, 21, 6], [2, 8, 3, 7], [18, 9, 19, 10], [4, 11, 5, 12]]"
12n_0311_144,"[[5, 12, 6, 13], [14, 18, 15, 17], [16, 23, 17, 24], [18, 2, 19, 1], [7, 20, 8, 21], [11, 22, 12, 23], [24, 15, 1, 16], [9, 3, 10, 2], [13, 4, 14, 5], [21, 6, 22, 7], [3, 9, 4, 8], [19, 10, 20, 11]]"
12n_0311_145,"[[19, 10, 20, 11], [5, 12, 6, 13], [14, 18, 15, 17], [16, 23, 17, 24], [18, 2, 19, 1], [7, 20, 8, 21], [11, 22, 12, 23], [24, 15, 1, 16], [9, 3, 10, 2], [13, 4, 14, 5], [21, 6, 22, 7], [3, 9, 4, 8]]"
12n_0311_146,"[[3, 9, 4, 8], [19, 10, 20, 11], [5, 12, 6, 13], [14, 18, 15, 17], [16, 23, 17, 24], [18, 2, 19, 1], [7, 20, 8, 21], [11, 22, 12, 23], [24, 15, 1, 16], [9, 3, 10, 2], [13, 4, 14, 5], [21, 6, 22, 7]]"
12n_0311_147,"[[21, 6, 22, 7], [3, 9, 4, 8], [19, 10, 20, 11], [5, 12, 6, 13], [14, 18, 15, 17], [16, 23, 17, 24], [18, 2, 19, 1], [7, 20, 8, 21], [11, 22, 12, 23], [24, 15, 1, 16], [9, 3, 10, 2], [13, 4, 14, 5]]"
12n_0311_148,"[[13, 4, 14, 5], [21, 6, 22, 7], [3, 9, 4, 8], [19, 10, 20, 11], [5, 12, 6, 13], [14, 18, 15, 17], [16, 23, 17, 24], [18, 2, 19, 1], [7, 20, 8, 21], [11, 22, 12, 23], [24, 15, 1, 16], [9, 3, 10, 2]]"
12n_0311_149,"[[9, 3, 10, 2], [13, 4, 14, 5], [21, 6, 22, 7], [3, 9, 4, 8], [19, 10, 20, 11], [5, 12, 6, 13], [14, 18, 15, 17], [16, 23, 17, 24], [18, 2, 19, 1], [7, 20, 8, 21], [11, 22, 12, 23], [24, 15, 1, 16]]"
12n_0311_150,"[[24, 15, 1, 16], [9, 3, 10, 2], [13, 4, 14, 5], [21, 6, 22, 7], [3, 9, 4, 8], [19, 10, 20, 11], [5, 12, 6, 13], [14, 18, 15, 17], [16, 23, 17, 24], [18, 2, 19, 1], [7, 20, 8, 21], [11, 22, 12, 23]]"
12n_0311_151,"[[11, 22, 12, 23], [24, 15, 1, 16], [9, 3, 10, 2], [13, 4, 14, 5], [21, 6, 22, 7], [3, 9, 4, 8], [19, 10, 20, 11], [5, 12, 6, 13], [14, 18, 15, 17], [16, 23, 17, 24], [18, 2, 19, 1], [7, 20, 8, 21]]"
12n_0311_152,"[[7, 20, 8, 21], [11, 22, 12, 23], [24, 15, 1, 16], [9, 3, 10, 2], [13, 4, 14, 5], [21, 6, 22, 7], [3, 9, 4, 8], [19, 10, 20, 11], [5, 12, 6, 13], [14, 18, 15, 17], [16, 23, 17, 24], [18, 2, 19, 1]]"
12n_0311_153,"[[18, 2, 19, 1], [7, 20, 8, 21], [11, 22, 12, 23], [24, 15, 1, 16], [9, 3, 10, 2], [13, 4, 14, 5], [21, 6, 22, 7], [3, 9, 4, 8], [19, 10, 20, 11], [5, 12, 6, 13], [14, 18, 15, 17], [16, 23, 17, 24]]"
12n_0311_154,"[[16, 23, 17, 24], [18, 2, 19, 1], [7, 20, 8, 21], [11, 22, 12, 23], [24, 15, 1, 16], [9, 3, 10, 2], [13, 4, 14, 5], [21, 6, 22, 7], [3, 9, 4, 8], [19, 10, 20, 11], [5, 12, 6, 13], [14, 18, 15, 17]]"
12n_0311_155,"[[14, 18, 15, 17], [16, 23, 17, 24], [18, 2, 19, 1], [7, 20, 8, 21], [11, 22, 12, 23], [24, 15, 1, 16], [9, 3, 10, 2], [13, 4, 14, 5], [21, 6, 22, 7], [3, 9, 4, 8], [19, 10, 20, 11], [5, 12, 6, 13]]"
12n_0311_156,"[[6, 13, 7, 14], [15, 19, 16, 18], [17, 24, 18, 1], [19, 3, 20, 2], [8, 21, 9, 22], [12, 23, 13, 24], [1, 16, 2, 17], [10, 4, 11, 3], [14, 5, 15, 6], [22, 7, 23, 8], [4, 10, 5, 9], [20, 11, 21, 12]]"
12n_0311_157,"[[20, 11, 21, 12], [6, 13, 7, 14], [15, 19, 16, 18], [17, 24, 18, 1], [19, 3, 20, 2], [8, 21, 9, 22], [12, 23, 13, 24], [1, 16, 2, 17], [10, 4, 11, 3], [14, 5, 15, 6], [22, 7, 23, 8], [4, 10, 5, 9]]"
12n_0311_158,"[[4, 10, 5, 9], [20, 11, 21, 12], [6, 13, 7, 14], [15, 19, 16, 18], [17, 24, 18, 1], [19, 3, 20, 2], [8, 21, 9, 22], [12, 23, 13, 24], [1, 16, 2, 17], [10, 4, 11, 3], [14, 5, 15, 6], [22, 7, 23, 8]]"
12n_0311_159,"[[22, 7, 23, 8], [4, 10, 5, 9], [20, 11, 21, 12], [6, 13, 7, 14], [15, 19, 16, 18], [17, 24, 18, 1], [19, 3, 20, 2], [8, 21, 9, 22], [12, 23, 13, 24], [1, 16, 2, 17], [10, 4, 11, 3], [14, 5, 15, 6]]"
12n_0311_160,"[[14, 5, 15, 6], [22, 7, 23, 8], [4, 10, 5, 9], [20, 11, 21, 12], [6, 13, 7, 14], [15, 19, 16, 18], [17, 24, 18, 1], [19, 3, 20, 2], [8, 21, 9, 22], [12, 23, 13, 24], [1, 16, 2, 17], [10, 4, 11, 3]]"
12n_0311_161,"[[10, 4, 11, 3], [14, 5, 15, 6], [22, 7, 23, 8], [4, 10, 5, 9], [20, 11, 21, 12], [6, 13, 7, 14], [15, 19, 16, 18], [17, 24, 18, 1], [19, 3, 20, 2], [8, 21, 9, 22], [12, 23, 13, 24], [1, 16, 2, 17]]"
12n_0311_162,"[[1, 16, 2, 17], [10, 4, 11, 3], [14, 5, 15, 6], [22, 7, 23, 8], [4, 10, 5, 9], [20, 11, 21, 12], [6, 13, 7, 14], [15, 19, 16, 18], [17, 24, 18, 1], [19, 3, 20, 2], [8, 21, 9, 22], [12, 23, 13, 24]]"
12n_0311_163,"[[12, 23, 13, 24], [1, 16, 2, 17], [10, 4, 11, 3], [14, 5, 15, 6], [22, 7, 23, 8], [4, 10, 5, 9], [20, 11, 21, 12], [6, 13, 7, 14], [15, 19, 16, 18], [17, 24, 18, 1], [19, 3, 20, 2], [8, 21, 9, 22]]"
12n_0311_164,"[[8, 21, 9, 22], [12, 23, 13, 24], [1, 16, 2, 17], [10, 4, 11, 3], [14, 5, 15, 6], [22, 7, 23, 8], [4, 10, 5, 9], [20, 11, 21, 12], [6, 13, 7, 14], [15, 19, 16, 18], [17, 24, 18, 1], [19, 3, 20, 2]]"
12n_0311_165,"[[19, 3, 20, 2], [8, 21, 9, 22], [12, 23, 13, 24], [1, 16, 2, 17], [10, 4, 11, 3], [14, 5, 15, 6], [22, 7, 23, 8], [4, 10, 5, 9], [20, 11, 21, 12], [6, 13, 7, 14], [15, 19, 16, 18], [17, 24, 18, 1]]"
12n_0311_166,"[[17, 24, 18, 1], [19, 3, 20, 2], [8, 21, 9, 22], [12, 23, 13, 24], [1, 16, 2, 17], [10, 4, 11, 3], [14, 5, 15, 6], [22, 7, 23, 8], [4, 10, 5, 9], [20, 11, 21, 12], [6, 13, 7, 14], [15, 19, 16, 18]]"
12n_0311_167,"[[15, 19, 16, 18], [17, 24, 18, 1], [19, 3, 20, 2], [8, 21, 9, 22], [12, 23, 13, 24], [1, 16, 2, 17], [10, 4, 11, 3], [14, 5, 15, 6], [22, 7, 23, 8], [4, 10, 5, 9], [20, 11, 21, 12], [6, 13, 7, 14]]"
12n_0311_168,"[[7, 14, 8, 15], [16, 20, 17, 19], [18, 1, 19, 2], [20, 4, 21, 3], [9, 22, 10, 23], [13, 24, 14, 1], [2, 17, 3, 18], [11, 5, 12, 4], [15, 6, 16, 7], [23, 8, 24, 9], [5, 11, 6, 10], [21, 12, 22, 13]]"
12n_0311_169,"[[21, 12, 22, 13], [7, 14, 8, 15], [16, 20, 17, 19], [18, 1, 19, 2], [20, 4, 21, 3], [9, 22, 10, 23], [13, 24, 14, 1], [2, 17, 3, 18], [11, 5, 12, 4], [15, 6, 16, 7], [23, 8, 24, 9], [5, 11, 6, 10]]"
12n_0311_170,"[[5, 11, 6, 10], [21, 12, 22, 13], [7, 14, 8, 15], [16, 20, 17, 19], [18, 1, 19, 2], [20, 4, 21, 3], [9, 22, 10, 23], [13, 24, 14, 1], [2, 17, 3, 18], [11, 5, 12, 4], [15, 6, 16, 7], [23, 8, 24, 9]]"
12n_0311_171,"[[23, 8, 24, 9], [5, 11, 6, 10], [21, 12, 22, 13], [7, 14, 8, 15], [16, 20, 17, 19], [18, 1, 19, 2], [20, 4, 21, 3], [9, 22, 10, 23], [13, 24, 14, 1], [2, 17, 3, 18], [11, 5, 12, 4], [15, 6, 16, 7]]"
12n_0311_172,"[[15, 6, 16, 7], [23, 8, 24, 9], [5, 11, 6, 10], [21, 12, 22, 13], [7, 14, 8, 15], [16, 20, 17, 19], [18, 1, 19, 2], [20, 4, 21, 3], [9, 22, 10, 23], [13, 24, 14, 1], [2, 17, 3, 18], [11, 5, 12, 4]]"
12n_0311_173,"[[11, 5, 12, 4], [15, 6, 16, 7], [23, 8, 24, 9], [5, 11, 6, 10], [21, 12, 22, 13], [7, 14, 8, 15], [16, 20, 17, 19], [18, 1, 19, 2], [20, 4, 21, 3], [9, 22, 10, 23], [13, 24, 14, 1], [2, 17, 3, 18]]"
12n_0311_174,"[[2, 17, 3, 18], [11, 5, 12, 4], [15, 6, 16, 7], [23, 8, 24, 9], [5, 11, 6, 10], [21, 12, 22, 13], [7, 14, 8, 15], [16, 20, 17, 19], [18, 1, 19, 2], [20, 4, 21, 3], [9, 22, 10, 23], [13, 24, 14, 1]]"
12n_0311_175,"[[13, 24, 14, 1], [2, 17, 3, 18], [11, 5, 12, 4], [15, 6, 16, 7], [23, 8, 24, 9], [5, 11, 6, 10], [21, 12, 22, 13], [7, 14, 8, 15], [16, 20, 17, 19], [18, 1, 19, 2], [20, 4, 21, 3], [9, 22, 10, 23]]"
12n_0311_176,"[[9, 22, 10, 23], [13, 24, 14, 1], [2, 17, 3, 18], [11, 5, 12, 4], [15, 6, 16, 7], [23, 8, 24, 9], [5, 11, 6, 10], [21, 12, 22, 13], [7, 14, 8, 15], [16, 20, 17, 19], [18, 1, 19, 2], [20, 4, 21, 3]]"
12n_0311_177,"[[20, 4, 21, 3], [9, 22, 10, 23], [13, 24, 14, 1], [2, 17, 3, 18], [11, 5, 12, 4], [15, 6, 16, 7], [23, 8, 24, 9], [5, 11, 6, 10], [21, 12, 22, 13], [7, 14, 8, 15], [16, 20, 17, 19], [18, 1, 19, 2]]"
12n_0311_178,"[[18, 1, 19, 2], [20, 4, 21, 3], [9, 22, 10, 23], [13, 24, 14, 1], [2, 17, 3, 18], [11, 5, 12, 4], [15, 6, 16, 7], [23, 8, 24, 9], [5, 11, 6, 10], [21, 12, 22, 13], [7, 14, 8, 15], [16, 20, 17, 19]]"
12n_0311_179,"[[16, 20, 17, 19], [18, 1, 19, 2], [20, 4, 21, 3], [9, 22, 10, 23], [13, 24, 14, 1], [2, 17, 3, 18], [11, 5, 12, 4], [15, 6, 16, 7], [23, 8, 24, 9], [5, 11, 6, 10], [21, 12, 22, 13], [7, 14, 8, 15]]"
12n_0311_180,"[[8, 15, 9, 16], [17, 21, 18, 20], [19, 2, 20, 3], [21, 5, 22, 4], [10, 23, 11, 24], [14, 1, 15, 2], [3, 18, 4, 19], [12, 6, 13, 5], [16, 7, 17, 8], [24, 9, 1, 10], [6, 12, 7, 11], [22, 13, 23, 14]]"
12n_0311_181,"[[22, 13, 23, 14], [8, 15, 9, 16], [17, 21, 18, 20], [19, 2, 20, 3], [21, 5, 22, 4], [10, 23, 11, 24], [14, 1, 15, 2], [3, 18, 4, 19], [12, 6, 13, 5], [16, 7, 17, 8], [24, 9, 1, 10], [6, 12, 7, 11]]"
12n_0311_182,"[[6, 12, 7, 11], [22, 13, 23, 14], [8, 15, 9, 16], [17, 21, 18, 20], [19, 2, 20, 3], [21, 5, 22, 4], [10, 23, 11, 24], [14, 1, 15, 2], [3, 18, 4, 19], [12, 6, 13, 5], [16, 7, 17, 8], [24, 9, 1, 10]]"
12n_0311_183,"[[24, 9, 1, 10], [6, 12, 7, 11], [22, 13, 23, 14], [8, 15, 9, 16], [17, 21, 18, 20], [19, 2, 20, 3], [21, 5, 22, 4], [10, 23, 11, 24], [14, 1, 15, 2], [3, 18, 4, 19], [12, 6, 13, 5], [16, 7, 17, 8]]"
12n_0311_184,"[[16, 7, 17, 8], [24, 9, 1, 10], [6, 12, 7, 11], [22, 13, 23, 14], [8, 15, 9, 16], [17, 21, 18, 20], [19, 2, 20, 3], [21, 5, 22, 4], [10, 23, 11, 24], [14, 1, 15, 2], [3, 18, 4, 19], [12, 6, 13, 5]]"
12n_0311_185,"[[12, 6, 13, 5], [16, 7, 17, 8], [24, 9, 1, 10], [6, 12, 7, 11], [22, 13, 23, 14], [8, 15, 9, 16], [17, 21, 18, 20], [19, 2, 20, 3], [21, 5, 22, 4], [10, 23, 11, 24], [14, 1, 15, 2], [3, 18, 4, 19]]"
