name,pd_notation
12n_0317_0,"[[17, 24, 18, 1], [2, 6, 3, 5], [4, 12, 5, 11], [15, 6, 16, 7], [8, 13, 9, 14], [10, 4, 11, 3], [12, 20, 13, 19], [14, 21, 15, 22], [23, 16, 24, 17], [1, 18, 2, 19], [20, 10, 21, 9], [7, 23, 8, 22]]"
12n_0317_1,"[[7, 23, 8, 22], [17, 24, 18, 1], [2, 6, 3, 5], [4, 12, 5, 11], [15, 6, 16, 7], [8, 13, 9, 14], [10, 4, 11, 3], [12, 20, 13, 19], [14, 21, 15, 22], [23, 16, 24, 17], [1, 18, 2, 19], [20, 10, 21, 9]]"
12n_0317_2,"[[20, 10, 21, 9], [7, 23, 8, 22], [17, 24, 18, 1], [2, 6, 3, 5], [4, 12, 5, 11], [15, 6, 16, 7], [8, 13, 9, 14], [10, 4, 11, 3], [12, 20, 13, 19], [14, 21, 15, 22], [23, 16, 24, 17], [1, 18, 2, 19]]"
12n_0317_3,"[[1, 18, 2, 19], [20, 10, 21, 9], [7, 23, 8, 22], [17, 24, 18, 1], [2, 6, 3, 5], [4, 12, 5, 11], [15, 6, 16, 7], [8, 13, 9, 14], [10, 4, 11, 3], [12, 20, 13, 19], [14, 21, 15, 22], [23, 16, 24, 17]]"
12n_0317_4,"[[23, 16, 24, 17], [1, 18, 2, 19], [20, 10, 21, 9], [7, 23, 8, 22], [17, 24, 18, 1], [2, 6, 3, 5], [4, 12, 5, 11], [15, 6, 16, 7], [8, 13, 9, 14], [10, 4, 11, 3], [12, 20, 13, 19], [14, 21, 15, 22]]"
12n_0317_5,"[[14, 21, 15, 22], [23, 16, 24, 17], [1, 18, 2, 19], [20, 10, 21, 9], [7, 23, 8, 22], [17, 24, 18, 1], [2, 6, 3, 5], [4, 12, 5, 11], [15, 6, 16, 7], [8, 13, 9, 14], [10, 4, 11, 3], [12, 20, 13, 19]]"
12n_0317_6,"[[12, 20, 13, 19], [14, 21, 15, 22], [23, 16, 24, 17], [1, 18, 2, 19], [20, 10, 21, 9], [7, 23, 8, 22], [17, 24, 18, 1], [2, 6, 3, 5], [4, 12, 5, 11], [15, 6, 16, 7], [8, 13, 9, 14], [10, 4, 11, 3]]"
12n_0317_7,"[[10, 4, 11, 3], [12, 20, 13, 19], [14, 21, 15, 22], [23, 16, 24, 17], [1, 18, 2, 19], [20, 10, 21, 9], [7, 23, 8, 22], [17, 24, 18, 1], [2, 6, 3, 5], [4, 12, 5, 11], [15, 6, 16, 7], [8, 13, 9, 14]]"
12n_0317_8,"[[8, 13, 9, 14], [10, 4, 11, 3], [12, 20, 13, 19], [14, 21, 15, 22], [23, 16, 24, 17], [1, 18, 2, 19], [20, 10, 21, 9], [7, 23, 8, 22], [17, 24, 18, 1], [2, 6, 3, 5], [4, 12, 5, 11], [15, 6, 16, 7]]"
12n_0317_9,"[[15, 6, 16, 7], [8, 13, 9, 14], [10, 4, 11, 3], [12, 20, 13, 19], [14, 21, 15, 22], [23, 16, 24, 17], [1, 18, 2, 19], [20, 10, 21, 9], [7, 23, 8, 22], [17, 24, 18, 1], [2, 6, 3, 5], [4, 12, 5, 11]]"
12n_0317_10,"[[4, 12, 5, 11], [15, 6, 16, 7], [8, 13, 9, 14], [10, 4, 11, 3], [12, 20, 13, 19], [14, 21, 15, 22], [23, 16, 24, 17], [1, 18, 2, 19], [20, 10, 21, 9], [7, 23, 8, 22], [17, 24, 18, 1], [2, 6, 3, 5]]"
12n_0317_11,"[[2, 6, 3, 5], [4, 12, 5, 11], [15, 6, 16, 7], [8, 13, 9, 14], [10, 4, 11, 3], [12, 20, 13, 19], [14, 21, 15, 22], [23, 16, 24, 17], [1, 18, 2, 19], [20, 10, 21, 9], [7, 23, 8, 22], [17, 24, 18, 1]]"
12n_0317_12,"[[18, 1, 19, 2], [3, 7, 4, 6], [5, 13, 6, 12], [16, 7, 17, 8], [9, 14, 10, 15], [11, 5, 12, 4], [13, 21, 14, 20], [15, 22, 16, 23], [24, 17, 1, 18], [2, 19, 3, 20], [21, 11, 22, 10], [8, 24, 9, 23]]"
12n_0317_13,"[[8, 24, 9, 23], [18, 1, 19, 2], [3, 7, 4, 6], [5, 13, 6, 12], [16, 7, 17, 8], [9, 14, 10, 15], [11, 5, 12, 4], [13, 21, 14, 20], [15, 22, 16, 23], [24, 17, 1, 18], [2, 19, 3, 20], [21, 11, 22, 10]]"
12n_0317_14,"[[21, 11, 22, 10], [8, 24, 9, 23], [18, 1, 19, 2], [3, 7, 4, 6], [5, 13, 6, 12], [16, 7, 17, 8], [9, 14, 10, 15], [11, 5, 12, 4], [13, 21, 14, 20], [15, 22, 16, 23], [24, 17, 1, 18], [2, 19, 3, 20]]"
12n_0317_15,"[[2, 19, 3, 20], [21, 11, 22, 10], [8, 24, 9, 23], [18, 1, 19, 2], [3, 7, 4, 6], [5, 13, 6, 12], [16, 7, 17, 8], [9, 14, 10, 15], [11, 5, 12, 4], [13, 21, 14, 20], [15, 22, 16, 23], [24, 17, 1, 18]]"
12n_0317_16,"[[24, 17, 1, 18], [2, 19, 3, 20], [21, 11, 22, 10], [8, 24, 9, 23], [18, 1, 19, 2], [3, 7, 4, 6], [5, 13, 6, 12], [16, 7, 17, 8], [9, 14, 10, 15], [11, 5, 12, 4], [13, 21, 14, 20], [15, 22, 16, 23]]"
12n_0317_17,"[[15, 22, 16, 23], [24, 17, 1, 18], [2, 19, 3, 20], [21, 11, 22, 10], [8, 24, 9, 23], [18, 1, 19, 2], [3, 7, 4, 6], [5, 13, 6, 12], [16, 7, 17, 8], [9, 14, 10, 15], [11, 5, 12, 4], [13, 21, 14, 20]]"
12n_0317_18,"[[13, 21, 14, 20], [15, 22, 16, 23], [24, 17, 1, 18], [2, 19, 3, 20], [21, 11, 22, 10], [8, 24, 9, 23], [18, 1, 19, 2], [3, 7, 4, 6], [5, 13, 6, 12], [16, 7, 17, 8], [9, 14, 10, 15], [11, 5, 12, 4]]"
12n_0317_19,"[[11, 5, 12, 4], [13, 21, 14, 20], [15, 22, 16, 23], [24, 17, 1, 18], [2, 19, 3, 20], [21, 11, 22, 10], [8, 24, 9, 23], [18, 1, 19, 2], [3, 7, 4, 6], [5, 13, 6, 12], [16, 7, 17, 8], [9, 14, 10, 15]]"
12n_0317_20,"[[9, 14, 10, 15], [11, 5, 12, 4], [13, 21, 14, 20], [15, 22, 16, 23], [24, 17, 1, 18], [2, 19, 3, 20], [21, 11, 22, 10], [8, 24, 9, 23], [18, 1, 19, 2], [3, 7, 4, 6], [5, 13, 6, 12], [16, 7, 17, 8]]"
12n_0317_21,"[[16, 7, 17, 8], [9, 14, 10, 15], [11, 5, 12, 4], [13, 21, 14, 20], [15, 22, 16, 23], [24, 17, 1, 18], [2, 19, 3, 20], [21, 11, 22, 10], [8, 24, 9, 23], [18, 1, 19, 2], [3, 7, 4, 6], [5, 13, 6, 12]]"
12n_0317_22,"[[5, 13, 6, 12], [16, 7, 17, 8], [9, 14, 10, 15], [11, 5, 12, 4], [13, 21, 14, 20], [15, 22, 16, 23], [24, 17, 1, 18], [2, 19, 3, 20], [21, 11, 22, 10], [8, 24, 9, 23], [18, 1, 19, 2], [3, 7, 4, 6]]"
12n_0317_23,"[[3, 7, 4, 6], [5, 13, 6, 12], [16, 7, 17, 8], [9, 14, 10, 15], [11, 5, 12, 4], [13, 21, 14, 20], [15, 22, 16, 23], [24, 17, 1, 18], [2, 19, 3, 20], [21, 11, 22, 10], [8, 24, 9, 23], [18, 1, 19, 2]]"
12n_0317_24,"[[19, 2, 20, 3], [4, 8, 5, 7], [6, 14, 7, 13], [17, 8, 18, 9], [10, 15, 11, 16], [12, 6, 13, 5], [14, 22, 15, 21], [16, 23, 17, 24], [1, 18, 2, 19], [3, 20, 4, 21], [22, 12, 23, 11], [9, 1, 10, 24]]"
12n_0317_25,"[[9, 1, 10, 24], [19, 2, 20, 3], [4, 8, 5, 7], [6, 14, 7, 13], [17, 8, 18, 9], [10, 15, 11, 16], [12, 6, 13, 5], [14, 22, 15, 21], [16, 23, 17, 24], [1, 18, 2, 19], [3, 20, 4, 21], [22, 12, 23, 11]]"
12n_0317_26,"[[22, 12, 23, 11], [9, 1, 10, 24], [19, 2, 20, 3], [4, 8, 5, 7], [6, 14, 7, 13], [17, 8, 18, 9], [10, 15, 11, 16], [12, 6, 13, 5], [14, 22, 15, 21], [16, 23, 17, 24], [1, 18, 2, 19], [3, 20, 4, 21]]"
12n_0317_27,"[[3, 20, 4, 21], [22, 12, 23, 11], [9, 1, 10, 24], [19, 2, 20, 3], [4, 8, 5, 7], [6, 14, 7, 13], [17, 8, 18, 9], [10, 15, 11, 16], [12, 6, 13, 5], [14, 22, 15, 21], [16, 23, 17, 24], [1, 18, 2, 19]]"
12n_0317_28,"[[1, 18, 2, 19], [3, 20, 4, 21], [22, 12, 23, 11], [9, 1, 10, 24], [19, 2, 20, 3], [4, 8, 5, 7], [6, 14, 7, 13], [17, 8, 18, 9], [10, 15, 11, 16], [12, 6, 13, 5], [14, 22, 15, 21], [16, 23, 17, 24]]"
12n_0317_29,"[[16, 23, 17, 24], [1, 18, 2, 19], [3, 20, 4, 21], [22, 12, 23, 11], [9, 1, 10, 24], [19, 2, 20, 3], [4, 8, 5, 7], [6, 14, 7, 13], [17, 8, 18, 9], [10, 15, 11, 16], [12, 6, 13, 5], [14, 22, 15, 21]]"
12n_0317_30,"[[14, 22, 15, 21], [16, 23, 17, 24], [1, 18, 2, 19], [3, 20, 4, 21], [22, 12, 23, 11], [9, 1, 10, 24], [19, 2, 20, 3], [4, 8, 5, 7], [6, 14, 7, 13], [17, 8, 18, 9], [10, 15, 11, 16], [12, 6, 13, 5]]"
12n_0317_31,"[[12, 6, 13, 5], [14, 22, 15, 21], [16, 23, 17, 24], [1, 18, 2, 19], [3, 20, 4, 21], [22, 12, 23, 11], [9, 1, 10, 24], [19, 2, 20, 3], [4, 8, 5, 7], [6, 14, 7, 13], [17, 8, 18, 9], [10, 15, 11, 16]]"
12n_0317_32,"[[10, 15, 11, 16], [12, 6, 13, 5], [14, 22, 15, 21], [16, 23, 17, 24], [1, 18, 2, 19], [3, 20, 4, 21], [22, 12, 23, 11], [9, 1, 10, 24], [19, 2, 20, 3], [4, 8, 5, 7], [6, 14, 7, 13], [17, 8, 18, 9]]"
12n_0317_33,"[[17, 8, 18, 9], [10, 15, 11, 16], [12, 6, 13, 5], [14, 22, 15, 21], [16, 23, 17, 24], [1, 18, 2, 19], [3, 20, 4, 21], [22, 12, 23, 11], [9, 1, 10, 24], [19, 2, 20, 3], [4, 8, 5, 7], [6, 14, 7, 13]]"
12n_0317_34,"[[6, 14, 7, 13], [17, 8, 18, 9], [10, 15, 11, 16], [12, 6, 13, 5], [14, 22, 15, 21], [16, 23, 17, 24], [1, 18, 2, 19], [3, 20, 4, 21], [22, 12, 23, 11], [9, 1, 10, 24], [19, 2, 20, 3], [4, 8, 5, 7]]"
12n_0317_35,"[[4, 8, 5, 7], [6, 14, 7, 13], [17, 8, 18, 9], [10, 15, 11, 16], [12, 6, 13, 5], [14, 22, 15, 21], [16, 23, 17, 24], [1, 18, 2, 19], [3, 20, 4, 21], [22, 12, 23, 11], [9, 1, 10, 24], [19, 2, 20, 3]]"
12n_0317_36,"[[20, 3, 21, 4], [5, 9, 6, 8], [7, 15, 8, 14], [18, 9, 19, 10], [11, 16, 12, 17], [13, 7, 14, 6], [15, 23, 16, 22], [17, 24, 18, 1], [2, 19, 3, 20], [4, 21, 5, 22], [23, 13, 24, 12], [10, 2, 11, 1]]"
12n_0317_37,"[[10, 2, 11, 1], [20, 3, 21, 4], [5, 9, 6, 8], [7, 15, 8, 14], [18, 9, 19, 10], [11, 16, 12, 17], [13, 7, 14, 6], [15, 23, 16, 22], [17, 24, 18, 1], [2, 19, 3, 20], [4, 21, 5, 22], [23, 13, 24, 12]]"
12n_0317_38,"[[23, 13, 24, 12], [10, 2, 11, 1], [20, 3, 21, 4], [5, 9, 6, 8], [7, 15, 8, 14], [18, 9, 19, 10], [11, 16, 12, 17], [13, 7, 14, 6], [15, 23, 16, 22], [17, 24, 18, 1], [2, 19, 3, 20], [4, 21, 5, 22]]"
12n_0317_39,"[[4, 21, 5, 22], [23, 13, 24, 12], [10, 2, 11, 1], [20, 3, 21, 4], [5, 9, 6, 8], [7, 15, 8, 14], [18, 9, 19, 10], [11, 16, 12, 17], [13, 7, 14, 6], [15, 23, 16, 22], [17, 24, 18, 1], [2, 19, 3, 20]]"
12n_0317_40,"[[2, 19, 3, 20], [4, 21, 5, 22], [23, 13, 24, 12], [10, 2, 11, 1], [20, 3, 21, 4], [5, 9, 6, 8], [7, 15, 8, 14], [18, 9, 19, 10], [11, 16, 12, 17], [13, 7, 14, 6], [15, 23, 16, 22], [17, 24, 18, 1]]"
12n_0317_41,"[[17, 24, 18, 1], [2, 19, 3, 20], [4, 21, 5, 22], [23, 13, 24, 12], [10, 2, 11, 1], [20, 3, 21, 4], [5, 9, 6, 8], [7, 15, 8, 14], [18, 9, 19, 10], [11, 16, 12, 17], [13, 7, 14, 6], [15, 23, 16, 22]]"
12n_0317_42,"[[15, 23, 16, 22], [17, 24, 18, 1], [2, 19, 3, 20], [4, 21, 5, 22], [23, 13, 24, 12], [10, 2, 11, 1], [20, 3, 21, 4], [5, 9, 6, 8], [7, 15, 8, 14], [18, 9, 19, 10], [11, 16, 12, 17], [13, 7, 14, 6]]"
12n_0317_43,"[[13, 7, 14, 6], [15, 23, 16, 22], [17, 24, 18, 1], [2, 19, 3, 20], [4, 21, 5, 22], [23, 13, 24, 12], [10, 2, 11, 1], [20, 3, 21, 4], [5, 9, 6, 8], [7, 15, 8, 14], [18, 9, 19, 10], [11, 16, 12, 17]]"
12n_0317_44,"[[11, 16, 12, 17], [13, 7, 14, 6], [15, 23, 16, 22], [17, 24, 18, 1], [2, 19, 3, 20], [4, 21, 5, 22], [23, 13, 24, 12], [10, 2, 11, 1], [20, 3, 21, 4], [5, 9, 6, 8], [7, 15, 8, 14], [18, 9, 19, 10]]"
12n_0317_45,"[[18, 9, 19, 10], [11, 16, 12, 17], [13, 7, 14, 6], [15, 23, 16, 22], [17, 24, 18, 1], [2, 19, 3, 20], [4, 21, 5, 22], [23, 13, 24, 12], [10, 2, 11, 1], [20, 3, 21, 4], [5, 9, 6, 8], [7, 15, 8, 14]]"
12n_0317_46,"[[7, 15, 8, 14], [18, 9, 19, 10], [11, 16, 12, 17], [13, 7, 14, 6], [15, 23, 16, 22], [17, 24, 18, 1], [2, 19, 3, 20], [4, 21, 5, 22], [23, 13, 24, 12], [10, 2, 11, 1], [20, 3, 21, 4], [5, 9, 6, 8]]"
12n_0317_47,"[[5, 9, 6, 8], [7, 15, 8, 14], [18, 9, 19, 10], [11, 16, 12, 17], [13, 7, 14, 6], [15, 23, 16, 22], [17, 24, 18, 1], [2, 19, 3, 20], [4, 21, 5, 22], [23, 13, 24, 12], [10, 2, 11, 1], [20, 3, 21, 4]]"
12n_0317_48,"[[21, 4, 22, 5], [6, 10, 7, 9], [8, 16, 9, 15], [19, 10, 20, 11], [12, 17, 13, 18], [14, 8, 15, 7], [16, 24, 17, 23], [18, 1, 19, 2], [3, 20, 4, 21], [5, 22, 6, 23], [24, 14, 1, 13], [11, 3, 12, 2]]"
12n_0317_49,"[[11, 3, 12, 2], [21, 4, 22, 5], [6, 10, 7, 9], [8, 16, 9, 15], [19, 10, 20, 11], [12, 17, 13, 18], [14, 8, 15, 7], [16, 24, 17, 23], [18, 1, 19, 2], [3, 20, 4, 21], [5, 22, 6, 23], [24, 14, 1, 13]]"
12n_0317_50,"[[24, 14, 1, 13], [11, 3, 12, 2], [21, 4, 22, 5], [6, 10, 7, 9], [8, 16, 9, 15], [19, 10, 20, 11], [12, 17, 13, 18], [14, 8, 15, 7], [16, 24, 17, 23], [18, 1, 19, 2], [3, 20, 4, 21], [5, 22, 6, 23]]"
12n_0317_51,"[[5, 22, 6, 23], [24, 14, 1, 13], [11, 3, 12, 2], [21, 4, 22, 5], [6, 10, 7, 9], [8, 16, 9, 15], [19, 10, 20, 11], [12, 17, 13, 18], [14, 8, 15, 7], [16, 24, 17, 23], [18, 1, 19, 2], [3, 20, 4, 21]]"
12n_0317_52,"[[3, 20, 4, 21], [5, 22, 6, 23], [24, 14, 1, 13], [11, 3, 12, 2], [21, 4, 22, 5], [6, 10, 7, 9], [8, 16, 9, 15], [19, 10, 20, 11], [12, 17, 13, 18], [14, 8, 15, 7], [16, 24, 17, 23], [18, 1, 19, 2]]"
12n_0317_53,"[[18, 1, 19, 2], [3, 20, 4, 21], [5, 22, 6, 23], [24, 14, 1, 13], [11, 3, 12, 2], [21, 4, 22, 5], [6, 10, 7, 9], [8, 16, 9, 15], [19, 10, 20, 11], [12, 17, 13, 18], [14, 8, 15, 7], [16, 24, 17, 23]]"
12n_0317_54,"[[16, 24, 17, 23], [18, 1, 19, 2], [3, 20, 4, 21], [5, 22, 6, 23], [24, 14, 1, 13], [11, 3, 12, 2], [21, 4, 22, 5], [6, 10, 7, 9], [8, 16, 9, 15], [19, 10, 20, 11], [12, 17, 13, 18], [14, 8, 15, 7]]"
12n_0317_55,"[[14, 8, 15, 7], [16, 24, 17, 23], [18, 1, 19, 2], [3, 20, 4, 21], [5, 22, 6, 23], [24, 14, 1, 13], [11, 3, 12, 2], [21, 4, 22, 5], [6, 10, 7, 9], [8, 16, 9, 15], [19, 10, 20, 11], [12, 17, 13, 18]]"
12n_0317_56,"[[12, 17, 13, 18], [14, 8, 15, 7], [16, 24, 17, 23], [18, 1, 19, 2], [3, 20, 4, 21], [5, 22, 6, 23], [24, 14, 1, 13], [11, 3, 12, 2], [21, 4, 22, 5], [6, 10, 7, 9], [8, 16, 9, 15], [19, 10, 20, 11]]"
12n_0317_57,"[[19, 10, 20, 11], [12, 17, 13, 18], [14, 8, 15, 7], [16, 24, 17, 23], [18, 1, 19, 2], [3, 20, 4, 21], [5, 22, 6, 23], [24, 14, 1, 13], [11, 3, 12, 2], [21, 4, 22, 5], [6, 10, 7, 9], [8, 16, 9, 15]]"
12n_0317_58,"[[8, 16, 9, 15], [19, 10, 20, 11], [12, 17, 13, 18], [14, 8, 15, 7], [16, 24, 17, 23], [18, 1, 19, 2], [3, 20, 4, 21], [5, 22, 6, 23], [24, 14, 1, 13], [11, 3, 12, 2], [21, 4, 22, 5], [6, 10, 7, 9]]"
12n_0317_59,"[[6, 10, 7, 9], [8, 16, 9, 15], [19, 10, 20, 11], [12, 17, 13, 18], [14, 8, 15, 7], [16, 24, 17, 23], [18, 1, 19, 2], [3, 20, 4, 21], [5, 22, 6, 23], [24, 14, 1, 13], [11, 3, 12, 2], [21, 4, 22, 5]]"
12n_0317_60,"[[22, 5, 23, 6], [7, 11, 8, 10], [9, 17, 10, 16], [20, 11, 21, 12], [13, 18, 14, 19], [15, 9, 16, 8], [17, 1, 18, 24], [19, 2, 20, 3], [4, 21, 5, 22], [6, 23, 7, 24], [1, 15, 2, 14], [12, 4, 13, 3]]"
12n_0317_61,"[[12, 4, 13, 3], [22, 5, 23, 6], [7, 11, 8, 10], [9, 17, 10, 16], [20, 11, 21, 12], [13, 18, 14, 19], [15, 9, 16, 8], [17, 1, 18, 24], [19, 2, 20, 3], [4, 21, 5, 22], [6, 23, 7, 24], [1, 15, 2, 14]]"
12n_0317_62,"[[1, 15, 2, 14], [12, 4, 13, 3], [22, 5, 23, 6], [7, 11, 8, 10], [9, 17, 10, 16], [20, 11, 21, 12], [13, 18, 14, 19], [15, 9, 16, 8], [17, 1, 18, 24], [19, 2, 20, 3], [4, 21, 5, 22], [6, 23, 7, 24]]"
12n_0317_63,"[[6, 23, 7, 24], [1, 15, 2, 14], [12, 4, 13, 3], [22, 5, 23, 6], [7, 11, 8, 10], [9, 17, 10, 16], [20, 11, 21, 12], [13, 18, 14, 19], [15, 9, 16, 8], [17, 1, 18, 24], [19, 2, 20, 3], [4, 21, 5, 22]]"
12n_0317_64,"[[4, 21, 5, 22], [6, 23, 7, 24], [1, 15, 2, 14], [12, 4, 13, 3], [22, 5, 23, 6], [7, 11, 8, 10], [9, 17, 10, 16], [20, 11, 21, 12], [13, 18, 14, 19], [15, 9, 16, 8], [17, 1, 18, 24], [19, 2, 20, 3]]"
12n_0317_65,"[[19, 2, 20, 3], [4, 21, 5, 22], [6, 23, 7, 24], [1, 15, 2, 14], [12, 4, 13, 3], [22, 5, 23, 6], [7, 11, 8, 10], [9, 17, 10, 16], [20, 11, 21, 12], [13, 18, 14, 19], [15, 9, 16, 8], [17, 1, 18, 24]]"
12n_0317_66,"[[17, 1, 18, 24], [19, 2, 20, 3], [4, 21, 5, 22], [6, 23, 7, 24], [1, 15, 2, 14], [12, 4, 13, 3], [22, 5, 23, 6], [7, 11, 8, 10], [9, 17, 10, 16], [20, 11, 21, 12], [13, 18, 14, 19], [15, 9, 16, 8]]"
12n_0317_67,"[[15, 9, 16, 8], [17, 1, 18, 24], [19, 2, 20, 3], [4, 21, 5, 22], [6, 23, 7, 24], [1, 15, 2, 14], [12, 4, 13, 3], [22, 5, 23, 6], [7, 11, 8, 10], [9, 17, 10, 16], [20, 11, 21, 12], [13, 18, 14, 19]]"
12n_0317_68,"[[13, 18, 14, 19], [15, 9, 16, 8], [17, 1, 18, 24], [19, 2, 20, 3], [4, 21, 5, 22], [6, 23, 7, 24], [1, 15, 2, 14], [12, 4, 13, 3], [22, 5, 23, 6], [7, 11, 8, 10], [9, 17, 10, 16], [20, 11, 21, 12]]"
12n_0317_69,"[[20, 11, 21, 12], [13, 18, 14, 19], [15, 9, 16, 8], [17, 1, 18, 24], [19, 2, 20, 3], [4, 21, 5, 22], [6, 23, 7, 24], [1, 15, 2, 14], [12, 4, 13, 3], [22, 5, 23, 6], [7, 11, 8, 10], [9, 17, 10, 16]]"
12n_0317_70,"[[9, 17, 10, 16], [20, 11, 21, 12], [13, 18, 14, 19], [15, 9, 16, 8], [17, 1, 18, 24], [19, 2, 20, 3], [4, 21, 5, 22], [6, 23, 7, 24], [1, 15, 2, 14], [12, 4, 13, 3], [22, 5, 23, 6], [7, 11, 8, 10]]"
12n_0317_71,"[[7, 11, 8, 10], [9, 17, 10, 16], [20, 11, 21, 12], [13, 18, 14, 19], [15, 9, 16, 8], [17, 1, 18, 24], [19, 2, 20, 3], [4, 21, 5, 22], [6, 23, 7, 24], [1, 15, 2, 14], [12, 4, 13, 3], [22, 5, 23, 6]]"
12n_0317_72,"[[23, 6, 24, 7], [8, 12, 9, 11], [10, 18, 11, 17], [21, 12, 22, 13], [14, 19, 15, 20], [16, 10, 17, 9], [18, 2, 19, 1], [20, 3, 21, 4], [5, 22, 6, 23], [7, 24, 8, 1], [2, 16, 3, 15], [13, 5, 14, 4]]"
12n_0317_73,"[[13, 5, 14, 4], [23, 6, 24, 7], [8, 12, 9, 11], [10, 18, 11, 17], [21, 12, 22, 13], [14, 19, 15, 20], [16, 10, 17, 9], [18, 2, 19, 1], [20, 3, 21, 4], [5, 22, 6, 23], [7, 24, 8, 1], [2, 16, 3, 15]]"
12n_0317_74,"[[2, 16, 3, 15], [13, 5, 14, 4], [23, 6, 24, 7], [8, 12, 9, 11], [10, 18, 11, 17], [21, 12, 22, 13], [14, 19, 15, 20], [16, 10, 17, 9], [18, 2, 19, 1], [20, 3, 21, 4], [5, 22, 6, 23], [7, 24, 8, 1]]"
12n_0317_75,"[[7, 24, 8, 1], [2, 16, 3, 15], [13, 5, 14, 4], [23, 6, 24, 7], [8, 12, 9, 11], [10, 18, 11, 17], [21, 12, 22, 13], [14, 19, 15, 20], [16, 10, 17, 9], [18, 2, 19, 1], [20, 3, 21, 4], [5, 22, 6, 23]]"
12n_0317_76,"[[5, 22, 6, 23], [7, 24, 8, 1], [2, 16, 3, 15], [13, 5, 14, 4], [23, 6, 24, 7], [8, 12, 9, 11], [10, 18, 11, 17], [21, 12, 22, 13], [14, 19, 15, 20], [16, 10, 17, 9], [18, 2, 19, 1], [20, 3, 21, 4]]"
12n_0317_77,"[[20, 3, 21, 4], [5, 22, 6, 23], [7, 24, 8, 1], [2, 16, 3, 15], [13, 5, 14, 4], [23, 6, 24, 7], [8, 12, 9, 11], [10, 18, 11, 17], [21, 12, 22, 13], [14, 19, 15, 20], [16, 10, 17, 9], [18, 2, 19, 1]]"
12n_0317_78,"[[18, 2, 19, 1], [20, 3, 21, 4], [5, 22, 6, 23], [7, 24, 8, 1], [2, 16, 3, 15], [13, 5, 14, 4], [23, 6, 24, 7], [8, 12, 9, 11], [10, 18, 11, 17], [21, 12, 22, 13], [14, 19, 15, 20], [16, 10, 17, 9]]"
12n_0317_79,"[[16, 10, 17, 9], [18, 2, 19, 1], [20, 3, 21, 4], [5, 22, 6, 23], [7, 24, 8, 1], [2, 16, 3, 15], [13, 5, 14, 4], [23, 6, 24, 7], [8, 12, 9, 11], [10, 18, 11, 17], [21, 12, 22, 13], [14, 19, 15, 20]]"
12n_0317_80,"[[14, 19, 15, 20], [16, 10, 17, 9], [18, 2, 19, 1], [20, 3, 21, 4], [5, 22, 6, 23], [7, 24, 8, 1], [2, 16, 3, 15], [13, 5, 14, 4], [23, 6, 24, 7], [8, 12, 9, 11], [10, 18, 11, 17], [21, 12, 22, 13]]"
12n_0317_81,"[[21, 12, 22, 13], [14, 19, 15, 20], [16, 10, 17, 9], [18, 2, 19, 1], [20, 3, 21, 4], [5, 22, 6, 23], [7, 24, 8, 1], [2, 16, 3, 15], [13, 5, 14, 4], [23, 6, 24, 7], [8, 12, 9, 11], [10, 18, 11, 17]]"
12n_0317_82,"[[10, 18, 11, 17], [21, 12, 22, 13], [14, 19, 15, 20], [16, 10, 17, 9], [18, 2, 19, 1], [20, 3, 21, 4], [5, 22, 6, 23], [7, 24, 8, 1], [2, 16, 3, 15], [13, 5, 14, 4], [23, 6, 24, 7], [8, 12, 9, 11]]"
12n_0317_83,"[[8, 12, 9, 11], [10, 18, 11, 17], [21, 12, 22, 13], [14, 19, 15, 20], [16, 10, 17, 9], [18, 2, 19, 1], [20, 3, 21, 4], [5, 22, 6, 23], [7, 24, 8, 1], [2, 16, 3, 15], [13, 5, 14, 4], [23, 6, 24, 7]]"
12n_0317_84,"[[24, 7, 1, 8], [9, 13, 10, 12], [11, 19, 12, 18], [22, 13, 23, 14], [15, 20, 16, 21], [17, 11, 18, 10], [19, 3, 20, 2], [21, 4, 22, 5], [6, 23, 7, 24], [8, 1, 9, 2], [3, 17, 4, 16], [14, 6, 15, 5]]"
12n_0317_85,"[[14, 6, 15, 5], [24, 7, 1, 8], [9, 13, 10, 12], [11, 19, 12, 18], [22, 13, 23, 14], [15, 20, 16, 21], [17, 11, 18, 10], [19, 3, 20, 2], [21, 4, 22, 5], [6, 23, 7, 24], [8, 1, 9, 2], [3, 17, 4, 16]]"
12n_0317_86,"[[3, 17, 4, 16], [14, 6, 15, 5], [24, 7, 1, 8], [9, 13, 10, 12], [11, 19, 12, 18], [22, 13, 23, 14], [15, 20, 16, 21], [17, 11, 18, 10], [19, 3, 20, 2], [21, 4, 22, 5], [6, 23, 7, 24], [8, 1, 9, 2]]"
12n_0317_87,"[[8, 1, 9, 2], [3, 17, 4, 16], [14, 6, 15, 5], [24, 7, 1, 8], [9, 13, 10, 12], [11, 19, 12, 18], [22, 13, 23, 14], [15, 20, 16, 21], [17, 11, 18, 10], [19, 3, 20, 2], [21, 4, 22, 5], [6, 23, 7, 24]]"
12n_0317_88,"[[6, 23, 7, 24], [8, 1, 9, 2], [3, 17, 4, 16], [14, 6, 15, 5], [24, 7, 1, 8], [9, 13, 10, 12], [11, 19, 12, 18], [22, 13, 23, 14], [15, 20, 16, 21], [17, 11, 18, 10], [19, 3, 20, 2], [21, 4, 22, 5]]"
12n_0317_89,"[[21, 4, 22, 5], [6, 23, 7, 24], [8, 1, 9, 2], [3, 17, 4, 16], [14, 6, 15, 5], [24, 7, 1, 8], [9, 13, 10, 12], [11, 19, 12, 18], [22, 13, 23, 14], [15, 20, 16, 21], [17, 11, 18, 10], [19, 3, 20, 2]]"
12n_0317_90,"[[19, 3, 20, 2], [21, 4, 22, 5], [6, 23, 7, 24], [8, 1, 9, 2], [3, 17, 4, 16], [14, 6, 15, 5], [24, 7, 1, 8], [9, 13, 10, 12], [11, 19, 12, 18], [22, 13, 23, 14], [15, 20, 16, 21], [17, 11, 18, 10]]"
12n_0317_91,"[[17, 11, 18, 10], [19, 3, 20, 2], [21, 4, 22, 5], [6, 23, 7, 24], [8, 1, 9, 2], [3, 17, 4, 16], [14, 6, 15, 5], [24, 7, 1, 8], [9, 13, 10, 12], [11, 19, 12, 18], [22, 13, 23, 14], [15, 20, 16, 21]]"
12n_0317_92,"[[15, 20, 16, 21], [17, 11, 18, 10], [19, 3, 20, 2], [21, 4, 22, 5], [6, 23, 7, 24], [8, 1, 9, 2], [3, 17, 4, 16], [14, 6, 15, 5], [24, 7, 1, 8], [9, 13, 10, 12], [11, 19, 12, 18], [22, 13, 23, 14]]"
12n_0317_93,"[[22, 13, 23, 14], [15, 20, 16, 21], [17, 11, 18, 10], [19, 3, 20, 2], [21, 4, 22, 5], [6, 23, 7, 24], [8, 1, 9, 2], [3, 17, 4, 16], [14, 6, 15, 5], [24, 7, 1, 8], [9, 13, 10, 12], [11, 19, 12, 18]]"
12n_0317_94,"[[11, 19, 12, 18], [22, 13, 23, 14], [15, 20, 16, 21], [17, 11, 18, 10], [19, 3, 20, 2], [21, 4, 22, 5], [6, 23, 7, 24], [8, 1, 9, 2], [3, 17, 4, 16], [14, 6, 15, 5], [24, 7, 1, 8], [9, 13, 10, 12]]"
12n_0317_95,"[[9, 13, 10, 12], [11, 19, 12, 18], [22, 13, 23, 14], [15, 20, 16, 21], [17, 11, 18, 10], [19, 3, 20, 2], [21, 4, 22, 5], [6, 23, 7, 24], [8, 1, 9, 2], [3, 17, 4, 16], [14, 6, 15, 5], [24, 7, 1, 8]]"
12n_0317_96,"[[1, 8, 2, 9], [10, 14, 11, 13], [12, 20, 13, 19], [23, 14, 24, 15], [16, 21, 17, 22], [18, 12, 19, 11], [20, 4, 21, 3], [22, 5, 23, 6], [7, 24, 8, 1], [9, 2, 10, 3], [4, 18, 5, 17], [15, 7, 16, 6]]"
12n_0317_97,"[[15, 7, 16, 6], [1, 8, 2, 9], [10, 14, 11, 13], [12, 20, 13, 19], [23, 14, 24, 15], [16, 21, 17, 22], [18, 12, 19, 11], [20, 4, 21, 3], [22, 5, 23, 6], [7, 24, 8, 1], [9, 2, 10, 3], [4, 18, 5, 17]]"
12n_0317_98,"[[4, 18, 5, 17], [15, 7, 16, 6], [1, 8, 2, 9], [10, 14, 11, 13], [12, 20, 13, 19], [23, 14, 24, 15], [16, 21, 17, 22], [18, 12, 19, 11], [20, 4, 21, 3], [22, 5, 23, 6], [7, 24, 8, 1], [9, 2, 10, 3]]"
12n_0317_99,"[[9, 2, 10, 3], [4, 18, 5, 17], [15, 7, 16, 6], [1, 8, 2, 9], [10, 14, 11, 13], [12, 20, 13, 19], [23, 14, 24, 15], [16, 21, 17, 22], [18, 12, 19, 11], [20, 4, 21, 3], [22, 5, 23, 6], [7, 24, 8, 1]]"
12n_0317_100,"[[7, 24, 8, 1], [9, 2, 10, 3], [4, 18, 5, 17], [15, 7, 16, 6], [1, 8, 2, 9], [10, 14, 11, 13], [12, 20, 13, 19], [23, 14, 24, 15], [16, 21, 17, 22], [18, 12, 19, 11], [20, 4, 21, 3], [22, 5, 23, 6]]"
12n_0317_101,"[[22, 5, 23, 6], [7, 24, 8, 1], [9, 2, 10, 3], [4, 18, 5, 17], [15, 7, 16, 6], [1, 8, 2, 9], [10, 14, 11, 13], [12, 20, 13, 19], [23, 14, 24, 15], [16, 21, 17, 22], [18, 12, 19, 11], [20, 4, 21, 3]]"
12n_0317_102,"[[20, 4, 21, 3], [22, 5, 23, 6], [7, 24, 8, 1], [9, 2, 10, 3], [4, 18, 5, 17], [15, 7, 16, 6], [1, 8, 2, 9], [10, 14, 11, 13], [12, 20, 13, 19], [23, 14, 24, 15], [16, 21, 17, 22], [18, 12, 19, 11]]"
12n_0317_103,"[[18, 12, 19, 11], [20, 4, 21, 3], [22, 5, 23, 6], [7, 24, 8, 1], [9, 2, 10, 3], [4, 18, 5, 17], [15, 7, 16, 6], [1, 8, 2, 9], [10, 14, 11, 13], [12, 20, 13, 19], [23, 14, 24, 15], [16, 21, 17, 22]]"
12n_0317_104,"[[16, 21, 17, 22], [18, 12, 19, 11], [20, 4, 21, 3], [22, 5, 23, 6], [7, 24, 8, 1], [9, 2, 10, 3], [4, 18, 5, 17], [15, 7, 16, 6], [1, 8, 2, 9], [10, 14, 11, 13], [12, 20, 13, 19], [23, 14, 24, 15]]"
12n_0317_105,"[[23, 14, 24, 15], [16, 21, 17, 22], [18, 12, 19, 11], [20, 4, 21, 3], [22, 5, 23, 6], [7, 24, 8, 1], [9, 2, 10, 3], [4, 18, 5, 17], [15, 7, 16, 6], [1, 8, 2, 9], [10, 14, 11, 13], [12, 20, 13, 19]]"
12n_0317_106,"[[12, 20, 13, 19], [23, 14, 24, 15], [16, 21, 17, 22], [18, 12, 19, 11], [20, 4, 21, 3], [22, 5, 23, 6], [7, 24, 8, 1], [9, 2, 10, 3], [4, 18, 5, 17], [15, 7, 16, 6], [1, 8, 2, 9], [10, 14, 11, 13]]"
12n_0317_107,"[[10, 14, 11, 13], [12, 20, 13, 19], [23, 14, 24, 15], [16, 21, 17, 22], [18, 12, 19, 11], [20, 4, 21, 3], [22, 5, 23, 6], [7, 24, 8, 1], [9, 2, 10, 3], [4, 18, 5, 17], [15, 7, 16, 6], [1, 8, 2, 9]]"
12n_0317_108,"[[2, 9, 3, 10], [11, 15, 12, 14], [13, 21, 14, 20], [24, 15, 1, 16], [17, 22, 18, 23], [19, 13, 20, 12], [21, 5, 22, 4], [23, 6, 24, 7], [8, 1, 9, 2], [10, 3, 11, 4], [5, 19, 6, 18], [16, 8, 17, 7]]"
12n_0317_109,"[[16, 8, 17, 7], [2, 9, 3, 10], [11, 15, 12, 14], [13, 21, 14, 20], [24, 15, 1, 16], [17, 22, 18, 23], [19, 13, 20, 12], [21, 5, 22, 4], [23, 6, 24, 7], [8, 1, 9, 2], [10, 3, 11, 4], [5, 19, 6, 18]]"
12n_0317_110,"[[5, 19, 6, 18], [16, 8, 17, 7], [2, 9, 3, 10], [11, 15, 12, 14], [13, 21, 14, 20], [24, 15, 1, 16], [17, 22, 18, 23], [19, 13, 20, 12], [21, 5, 22, 4], [23, 6, 24, 7], [8, 1, 9, 2], [10, 3, 11, 4]]"
12n_0317_111,"[[10, 3, 11, 4], [5, 19, 6, 18], [16, 8, 17, 7], [2, 9, 3, 10], [11, 15, 12, 14], [13, 21, 14, 20], [24, 15, 1, 16], [17, 22, 18, 23], [19, 13, 20, 12], [21, 5, 22, 4], [23, 6, 24, 7], [8, 1, 9, 2]]"
12n_0317_112,"[[8, 1, 9, 2], [10, 3, 11, 4], [5, 19, 6, 18], [16, 8, 17, 7], [2, 9, 3, 10], [11, 15, 12, 14], [13, 21, 14, 20], [24, 15, 1, 16], [17, 22, 18, 23], [19, 13, 20, 12], [21, 5, 22, 4], [23, 6, 24, 7]]"
12n_0317_113,"[[23, 6, 24, 7], [8, 1, 9, 2], [10, 3, 11, 4], [5, 19, 6, 18], [16, 8, 17, 7], [2, 9, 3, 10], [11, 15, 12, 14], [13, 21, 14, 20], [24, 15, 1, 16], [17, 22, 18, 23], [19, 13, 20, 12], [21, 5, 22, 4]]"
12n_0317_114,"[[21, 5, 22, 4], [23, 6, 24, 7], [8, 1, 9, 2], [10, 3, 11, 4], [5, 19, 6, 18], [16, 8, 17, 7], [2, 9, 3, 10], [11, 15, 12, 14], [13, 21, 14, 20], [24, 15, 1, 16], [17, 22, 18, 23], [19, 13, 20, 12]]"
12n_0317_115,"[[19, 13, 20, 12], [21, 5, 22, 4], [23, 6, 24, 7], [8, 1, 9, 2], [10, 3, 11, 4], [5, 19, 6, 18], [16, 8, 17, 7], [2, 9, 3, 10], [11, 15, 12, 14], [13, 21, 14, 20], [24, 15, 1, 16], [17, 22, 18, 23]]"
12n_0317_116,"[[17, 22, 18, 23], [19, 13, 20, 12], [21, 5, 22, 4], [23, 6, 24, 7], [8, 1, 9, 2], [10, 3, 11, 4], [5, 19, 6, 18], [16, 8, 17, 7], [2, 9, 3, 10], [11, 15, 12, 14], [13, 21, 14, 20], [24, 15, 1, 16]]"
12n_0317_117,"[[24, 15, 1, 16], [17, 22, 18, 23], [19, 13, 20, 12], [21, 5, 22, 4], [23, 6, 24, 7], [8, 1, 9, 2], [10, 3, 11, 4], [5, 19, 6, 18], [16, 8, 17, 7], [2, 9, 3, 10], [11, 15, 12, 14], [13, 21, 14, 20]]"
12n_0317_118,"[[13, 21, 14, 20], [24, 15, 1, 16], [17, 22, 18, 23], [19, 13, 20, 12], [21, 5, 22, 4], [23, 6, 24, 7], [8, 1, 9, 2], [10, 3, 11, 4], [5, 19, 6, 18], [16, 8, 17, 7], [2, 9, 3, 10], [11, 15, 12, 14]]"
12n_0317_119,"[[11, 15, 12, 14], [13, 21, 14, 20], [24, 15, 1, 16], [17, 22, 18, 23], [19, 13, 20, 12], [21, 5, 22, 4], [23, 6, 24, 7], [8, 1, 9, 2], [10, 3, 11, 4], [5, 19, 6, 18], [16, 8, 17, 7], [2, 9, 3, 10]]"
12n_0317_120,"[[3, 10, 4, 11], [12, 16, 13, 15], [14, 22, 15, 21], [1, 16, 2, 17], [18, 23, 19, 24], [20, 14, 21, 13], [22, 6, 23, 5], [24, 7, 1, 8], [9, 2, 10, 3], [11, 4, 12, 5], [6, 20, 7, 19], [17, 9, 18, 8]]"
12n_0317_121,"[[17, 9, 18, 8], [3, 10, 4, 11], [12, 16, 13, 15], [14, 22, 15, 21], [1, 16, 2, 17], [18, 23, 19, 24], [20, 14, 21, 13], [22, 6, 23, 5], [24, 7, 1, 8], [9, 2, 10, 3], [11, 4, 12, 5], [6, 20, 7, 19]]"
12n_0317_122,"[[6, 20, 7, 19], [17, 9, 18, 8], [3, 10, 4, 11], [12, 16, 13, 15], [14, 22, 15, 21], [1, 16, 2, 17], [18, 23, 19, 24], [20, 14, 21, 13], [22, 6, 23, 5], [24, 7, 1, 8], [9, 2, 10, 3], [11, 4, 12, 5]]"
12n_0317_123,"[[11, 4, 12, 5], [6, 20, 7, 19], [17, 9, 18, 8], [3, 10, 4, 11], [12, 16, 13, 15], [14, 22, 15, 21], [1, 16, 2, 17], [18, 23, 19, 24], [20, 14, 21, 13], [22, 6, 23, 5], [24, 7, 1, 8], [9, 2, 10, 3]]"
12n_0317_124,"[[9, 2, 10, 3], [11, 4, 12, 5], [6, 20, 7, 19], [17, 9, 18, 8], [3, 10, 4, 11], [12, 16, 13, 15], [14, 22, 15, 21], [1, 16, 2, 17], [18, 23, 19, 24], [20, 14, 21, 13], [22, 6, 23, 5], [24, 7, 1, 8]]"
12n_0317_125,"[[24, 7, 1, 8], [9, 2, 10, 3], [11, 4, 12, 5], [6, 20, 7, 19], [17, 9, 18, 8], [3, 10, 4, 11], [12, 16, 13, 15], [14, 22, 15, 21], [1, 16, 2, 17], [18, 23, 19, 24], [20, 14, 21, 13], [22, 6, 23, 5]]"
12n_0317_126,"[[22, 6, 23, 5], [24, 7, 1, 8], [9, 2, 10, 3], [11, 4, 12, 5], [6, 20, 7, 19], [17, 9, 18, 8], [3, 10, 4, 11], [12, 16, 13, 15], [14, 22, 15, 21], [1, 16, 2, 17], [18, 23, 19, 24], [20, 14, 21, 13]]"
12n_0317_127,"[[20, 14, 21, 13], [22, 6, 23, 5], [24, 7, 1, 8], [9, 2, 10, 3], [11, 4, 12, 5], [6, 20, 7, 19], [17, 9, 18, 8], [3, 10, 4, 11], [12, 16, 13, 15], [14, 22, 15, 21], [1, 16, 2, 17], [18, 23, 19, 24]]"
12n_0317_128,"[[18, 23, 19, 24], [20, 14, 21, 13], [22, 6, 23, 5], [24, 7, 1, 8], [9, 2, 10, 3], [11, 4, 12, 5], [6, 20, 7, 19], [17, 9, 18, 8], [3, 10, 4, 11], [12, 16, 13, 15], [14, 22, 15, 21], [1, 16, 2, 17]]"
12n_0317_129,"[[1, 16, 2, 17], [18, 23, 19, 24], [20, 14, 21, 13], [22, 6, 23, 5], [24, 7, 1, 8], [9, 2, 10, 3], [11, 4, 12, 5], [6, 20, 7, 19], [17, 9, 18, 8], [3, 10, 4, 11], [12, 16, 13, 15], [14, 22, 15, 21]]"
12n_0317_130,"[[14, 22, 15, 21], [1, 16, 2, 17], [18, 23, 19, 24], [20, 14, 21, 13], [22, 6, 23, 5], [24, 7, 1, 8], [9, 2, 10, 3], [11, 4, 12, 5], [6, 20, 7, 19], [17, 9, 18, 8], [3, 10, 4, 11], [12, 16, 13, 15]]"
12n_0317_131,"[[12, 16, 13, 15], [14, 22, 15, 21], [1, 16, 2, 17], [18, 23, 19, 24], [20, 14, 21, 13], [22, 6, 23, 5], [24, 7, 1, 8], [9, 2, 10, 3], [11, 4, 12, 5], [6, 20, 7, 19], [17, 9, 18, 8], [3, 10, 4, 11]]"
12n_0317_132,"[[4, 11, 5, 12], [13, 17, 14, 16], [15, 23, 16, 22], [2, 17, 3, 18], [19, 24, 20, 1], [21, 15, 22, 14], [23, 7, 24, 6], [1, 8, 2, 9], [10, 3, 11, 4], [12, 5, 13, 6], [7, 21, 8, 20], [18, 10, 19, 9]]"
12n_0317_133,"[[18, 10, 19, 9], [4, 11, 5, 12], [13, 17, 14, 16], [15, 23, 16, 22], [2, 17, 3, 18], [19, 24, 20, 1], [21, 15, 22, 14], [23, 7, 24, 6], [1, 8, 2, 9], [10, 3, 11, 4], [12, 5, 13, 6], [7, 21, 8, 20]]"
12n_0317_134,"[[7, 21, 8, 20], [18, 10, 19, 9], [4, 11, 5, 12], [13, 17, 14, 16], [15, 23, 16, 22], [2, 17, 3, 18], [19, 24, 20, 1], [21, 15, 22, 14], [23, 7, 24, 6], [1, 8, 2, 9], [10, 3, 11, 4], [12, 5, 13, 6]]"
12n_0317_135,"[[12, 5, 13, 6], [7, 21, 8, 20], [18, 10, 19, 9], [4, 11, 5, 12], [13, 17, 14, 16], [15, 23, 16, 22], [2, 17, 3, 18], [19, 24, 20, 1], [21, 15, 22, 14], [23, 7, 24, 6], [1, 8, 2, 9], [10, 3, 11, 4]]"
12n_0317_136,"[[10, 3, 11, 4], [12, 5, 13, 6], [7, 21, 8, 20], [18, 10, 19, 9], [4, 11, 5, 12], [13, 17, 14, 16], [15, 23, 16, 22], [2, 17, 3, 18], [19, 24, 20, 1], [21, 15, 22, 14], [23, 7, 24, 6], [1, 8, 2, 9]]"
12n_0317_137,"[[1, 8, 2, 9], [10, 3, 11, 4], [12, 5, 13, 6], [7, 21, 8, 20], [18, 10, 19, 9], [4, 11, 5, 12], [13, 17, 14, 16], [15, 23, 16, 22], [2, 17, 3, 18], [19, 24, 20, 1], [21, 15, 22, 14], [23, 7, 24, 6]]"
12n_0317_138,"[[23, 7, 24, 6], [1, 8, 2, 9], [10, 3, 11, 4], [12, 5, 13, 6], [7, 21, 8, 20], [18, 10, 19, 9], [4, 11, 5, 12], [13, 17, 14, 16], [15, 23, 16, 22], [2, 17, 3, 18], [19, 24, 20, 1], [21, 15, 22, 14]]"
12n_0317_139,"[[21, 15, 22, 14], [23, 7, 24, 6], [1, 8, 2, 9], [10, 3, 11, 4], [12, 5, 13, 6], [7, 21, 8, 20], [18, 10, 19, 9], [4, 11, 5, 12], [13, 17, 14, 16], [15, 23, 16, 22], [2, 17, 3, 18], [19, 24, 20, 1]]"
12n_0317_140,"[[19, 24, 20, 1], [21, 15, 22, 14], [23, 7, 24, 6], [1, 8, 2, 9], [10, 3, 11, 4], [12, 5, 13, 6], [7, 21, 8, 20], [18, 10, 19, 9], [4, 11, 5, 12], [13, 17, 14, 16], [15, 23, 16, 22], [2, 17, 3, 18]]"
12n_0317_141,"[[2, 17, 3, 18], [19, 24, 20, 1], [21, 15, 22, 14], [23, 7, 24, 6], [1, 8, 2, 9], [10, 3, 11, 4], [12, 5, 13, 6], [7, 21, 8, 20], [18, 10, 19, 9], [4, 11, 5, 12], [13, 17, 14, 16], [15, 23, 16, 22]]"
12n_0317_142,"[[15, 23, 16, 22], [2, 17, 3, 18], [19, 24, 20, 1], [21, 15, 22, 14], [23, 7, 24, 6], [1, 8, 2, 9], [10, 3, 11, 4], [12, 5, 13, 6], [7, 21, 8, 20], [18, 10, 19, 9], [4, 11, 5, 12], [13, 17, 14, 16]]"
12n_0317_143,"[[13, 17, 14, 16], [15, 23, 16, 22], [2, 17, 3, 18], [19, 24, 20, 1], [21, 15, 22, 14], [23, 7, 24, 6], [1, 8, 2, 9], [10, 3, 11, 4], [12, 5, 13, 6], [7, 21, 8, 20], [18, 10, 19, 9], [4, 11, 5, 12]]"
12n_0317_144,"[[5, 12, 6, 13], [14, 18, 15, 17], [16, 24, 17, 23], [3, 18, 4, 19], [20, 1, 21, 2], [22, 16, 23, 15], [24, 8, 1, 7], [2, 9, 3, 10], [11, 4, 12, 5], [13, 6, 14, 7], [8, 22, 9, 21], [19, 11, 20, 10]]"
12n_0317_145,"[[19, 11, 20, 10], [5, 12, 6, 13], [14, 18, 15, 17], [16, 24, 17, 23], [3, 18, 4, 19], [20, 1, 21, 2], [22, 16, 23, 15], [24, 8, 1, 7], [2, 9, 3, 10], [11, 4, 12, 5], [13, 6, 14, 7], [8, 22, 9, 21]]"
12n_0317_146,"[[8, 22, 9, 21], [19, 11, 20, 10], [5, 12, 6, 13], [14, 18, 15, 17], [16, 24, 17, 23], [3, 18, 4, 19], [20, 1, 21, 2], [22, 16, 23, 15], [24, 8, 1, 7], [2, 9, 3, 10], [11, 4, 12, 5], [13, 6, 14, 7]]"
12n_0317_147,"[[13, 6, 14, 7], [8, 22, 9, 21], [19, 11, 20, 10], [5, 12, 6, 13], [14, 18, 15, 17], [16, 24, 17, 23], [3, 18, 4, 19], [20, 1, 21, 2], [22, 16, 23, 15], [24, 8, 1, 7], [2, 9, 3, 10], [11, 4, 12, 5]]"
12n_0317_148,"[[11, 4, 12, 5], [13, 6, 14, 7], [8, 22, 9, 21], [19, 11, 20, 10], [5, 12, 6, 13], [14, 18, 15, 17], [16, 24, 17, 23], [3, 18, 4, 19], [20, 1, 21, 2], [22, 16, 23, 15], [24, 8, 1, 7], [2, 9, 3, 10]]"
12n_0317_149,"[[2, 9, 3, 10], [11, 4, 12, 5], [13, 6, 14, 7], [8, 22, 9, 21], [19, 11, 20, 10], [5, 12, 6, 13], [14, 18, 15, 17], [16, 24, 17, 23], [3, 18, 4, 19], [20, 1, 21, 2], [22, 16, 23, 15], [24, 8, 1, 7]]"
12n_0317_150,"[[24, 8, 1, 7], [2, 9, 3, 10], [11, 4, 12, 5], [13, 6, 14, 7], [8, 22, 9, 21], [19, 11, 20, 10], [5, 12, 6, 13], [14, 18, 15, 17], [16, 24, 17, 23], [3, 18, 4, 19], [20, 1, 21, 2], [22, 16, 23, 15]]"
12n_0317_151,"[[22, 16, 23, 15], [24, 8, 1, 7], [2, 9, 3, 10], [11, 4, 12, 5], [13, 6, 14, 7], [8, 22, 9, 21], [19, 11, 20, 10], [5, 12, 6, 13], [14, 18, 15, 17], [16, 24, 17, 23], [3, 18, 4, 19], [20, 1, 21, 2]]"
12n_0317_152,"[[20, 1, 21, 2], [22, 16, 23, 15], [24, 8, 1, 7], [2, 9, 3, 10], [11, 4, 12, 5], [13, 6, 14, 7], [8, 22, 9, 21], [19, 11, 20, 10], [5, 12, 6, 13], [14, 18, 15, 17], [16, 24, 17, 23], [3, 18, 4, 19]]"
12n_0317_153,"[[3, 18, 4, 19], [20, 1, 21, 2], [22, 16, 23, 15], [24, 8, 1, 7], [2, 9, 3, 10], [11, 4, 12, 5], [13, 6, 14, 7], [8, 22, 9, 21], [19, 11, 20, 10], [5, 12, 6, 13], [14, 18, 15, 17], [16, 24, 17, 23]]"
12n_0317_154,"[[16, 24, 17, 23], [3, 18, 4, 19], [20, 1, 21, 2], [22, 16, 23, 15], [24, 8, 1, 7], [2, 9, 3, 10], [11, 4, 12, 5], [13, 6, 14, 7], [8, 22, 9, 21], [19, 11, 20, 10], [5, 12, 6, 13], [14, 18, 15, 17]]"
12n_0317_155,"[[14, 18, 15, 17], [16, 24, 17, 23], [3, 18, 4, 19], [20, 1, 21, 2], [22, 16, 23, 15], [24, 8, 1, 7], [2, 9, 3, 10], [11, 4, 12, 5], [13, 6, 14, 7], [8, 22, 9, 21], [19, 11, 20, 10], [5, 12, 6, 13]]"
12n_0317_156,"[[6, 13, 7, 14], [15, 19, 16, 18], [17, 1, 18, 24], [4, 19, 5, 20], [21, 2, 22, 3], [23, 17, 24, 16], [1, 9, 2, 8], [3, 10, 4, 11], [12, 5, 13, 6], [14, 7, 15, 8], [9, 23, 10, 22], [20, 12, 21, 11]]"
12n_0317_157,"[[20, 12, 21, 11], [6, 13, 7, 14], [15, 19, 16, 18], [17, 1, 18, 24], [4, 19, 5, 20], [21, 2, 22, 3], [23, 17, 24, 16], [1, 9, 2, 8], [3, 10, 4, 11], [12, 5, 13, 6], [14, 7, 15, 8], [9, 23, 10, 22]]"
12n_0317_158,"[[9, 23, 10, 22], [20, 12, 21, 11], [6, 13, 7, 14], [15, 19, 16, 18], [17, 1, 18, 24], [4, 19, 5, 20], [21, 2, 22, 3], [23, 17, 24, 16], [1, 9, 2, 8], [3, 10, 4, 11], [12, 5, 13, 6], [14, 7, 15, 8]]"
12n_0317_159,"[[14, 7, 15, 8], [9, 23, 10, 22], [20, 12, 21, 11], [6, 13, 7, 14], [15, 19, 16, 18], [17, 1, 18, 24], [4, 19, 5, 20], [21, 2, 22, 3], [23, 17, 24, 16], [1, 9, 2, 8], [3, 10, 4, 11], [12, 5, 13, 6]]"
12n_0317_160,"[[12, 5, 13, 6], [14, 7, 15, 8], [9, 23, 10, 22], [20, 12, 21, 11], [6, 13, 7, 14], [15, 19, 16, 18], [17, 1, 18, 24], [4, 19, 5, 20], [21, 2, 22, 3], [23, 17, 24, 16], [1, 9, 2, 8], [3, 10, 4, 11]]"
12n_0317_161,"[[3, 10, 4, 11], [12, 5, 13, 6], [14, 7, 15, 8], [9, 23, 10, 22], [20, 12, 21, 11], [6, 13, 7, 14], [15, 19, 16, 18], [17, 1, 18, 24], [4, 19, 5, 20], [21, 2, 22, 3], [23, 17, 24, 16], [1, 9, 2, 8]]"
12n_0317_162,"[[1, 9, 2, 8], [3, 10, 4, 11], [12, 5, 13, 6], [14, 7, 15, 8], [9, 23, 10, 22], [20, 12, 21, 11], [6, 13, 7, 14], [15, 19, 16, 18], [17, 1, 18, 24], [4, 19, 5, 20], [21, 2, 22, 3], [23, 17, 24, 16]]"
12n_0317_163,"[[23, 17, 24, 16], [1, 9, 2, 8], [3, 10, 4, 11], [12, 5, 13, 6], [14, 7, 15, 8], [9, 23, 10, 22], [20, 12, 21, 11], [6, 13, 7, 14], [15, 19, 16, 18], [17, 1, 18, 24], [4, 19, 5, 20], [21, 2, 22, 3]]"
12n_0317_164,"[[21, 2, 22, 3], [23, 17, 24, 16], [1, 9, 2, 8], [3, 10, 4, 11], [12, 5, 13, 6], [14, 7, 15, 8], [9, 23, 10, 22], [20, 12, 21, 11], [6, 13, 7, 14], [15, 19, 16, 18], [17, 1, 18, 24], [4, 19, 5, 20]]"
12n_0317_165,"[[4, 19, 5, 20], [21, 2, 22, 3], [23, 17, 24, 16], [1, 9, 2, 8], [3, 10, 4, 11], [12, 5, 13, 6], [14, 7, 15, 8], [9, 23, 10, 22], [20, 12, 21, 11], [6, 13, 7, 14], [15, 19, 16, 18], [17, 1, 18, 24]]"
12n_0317_166,"[[17, 1, 18, 24], [4, 19, 5, 20], [21, 2, 22, 3], [23, 17, 24, 16], [1, 9, 2, 8], [3, 10, 4, 11], [12, 5, 13, 6], [14, 7, 15, 8], [9, 23, 10, 22], [20, 12, 21, 11], [6, 13, 7, 14], [15, 19, 16, 18]]"
12n_0317_167,"[[15, 19, 16, 18], [17, 1, 18, 24], [4, 19, 5, 20], [21, 2, 22, 3], [23, 17, 24, 16], [1, 9, 2, 8], [3, 10, 4, 11], [12, 5, 13, 6], [14, 7, 15, 8], [9, 23, 10, 22], [20, 12, 21, 11], [6, 13, 7, 14]]"
12n_0317_168,"[[7, 14, 8, 15], [16, 20, 17, 19], [18, 2, 19, 1], [5, 20, 6, 21], [22, 3, 23, 4], [24, 18, 1, 17], [2, 10, 3, 9], [4, 11, 5, 12], [13, 6, 14, 7], [15, 8, 16, 9], [10, 24, 11, 23], [21, 13, 22, 12]]"
12n_0317_169,"[[21, 13, 22, 12], [7, 14, 8, 15], [16, 20, 17, 19], [18, 2, 19, 1], [5, 20, 6, 21], [22, 3, 23, 4], [24, 18, 1, 17], [2, 10, 3, 9], [4, 11, 5, 12], [13, 6, 14, 7], [15, 8, 16, 9], [10, 24, 11, 23]]"
12n_0317_170,"[[10, 24, 11, 23], [21, 13, 22, 12], [7, 14, 8, 15], [16, 20, 17, 19], [18, 2, 19, 1], [5, 20, 6, 21], [22, 3, 23, 4], [24, 18, 1, 17], [2, 10, 3, 9], [4, 11, 5, 12], [13, 6, 14, 7], [15, 8, 16, 9]]"
12n_0317_171,"[[15, 8, 16, 9], [10, 24, 11, 23], [21, 13, 22, 12], [7, 14, 8, 15], [16, 20, 17, 19], [18, 2, 19, 1], [5, 20, 6, 21], [22, 3, 23, 4], [24, 18, 1, 17], [2, 10, 3, 9], [4, 11, 5, 12], [13, 6, 14, 7]]"
12n_0317_172,"[[13, 6, 14, 7], [15, 8, 16, 9], [10, 24, 11, 23], [21, 13, 22, 12], [7, 14, 8, 15], [16, 20, 17, 19], [18, 2, 19, 1], [5, 20, 6, 21], [22, 3, 23, 4], [24, 18, 1, 17], [2, 10, 3, 9], [4, 11, 5, 12]]"
12n_0317_173,"[[4, 11, 5, 12], [13, 6, 14, 7], [15, 8, 16, 9], [10, 24, 11, 23], [21, 13, 22, 12], [7, 14, 8, 15], [16, 20, 17, 19], [18, 2, 19, 1], [5, 20, 6, 21], [22, 3, 23, 4], [24, 18, 1, 17], [2, 10, 3, 9]]"
12n_0317_174,"[[2, 10, 3, 9], [4, 11, 5, 12], [13, 6, 14, 7], [15, 8, 16, 9], [10, 24, 11, 23], [21, 13, 22, 12], [7, 14, 8, 15], [16, 20, 17, 19], [18, 2, 19, 1], [5, 20, 6, 21], [22, 3, 23, 4], [24, 18, 1, 17]]"
12n_0317_175,"[[24, 18, 1, 17], [2, 10, 3, 9], [4, 11, 5, 12], [13, 6, 14, 7], [15, 8, 16, 9], [10, 24, 11, 23], [21, 13, 22, 12], [7, 14, 8, 15], [16, 20, 17, 19], [18, 2, 19, 1], [5, 20, 6, 21], [22, 3, 23, 4]]"
12n_0317_176,"[[22, 3, 23, 4], [24, 18, 1, 17], [2, 10, 3, 9], [4, 11, 5, 12], [13, 6, 14, 7], [15, 8, 16, 9], [10, 24, 11, 23], [21, 13, 22, 12], [7, 14, 8, 15], [16, 20, 17, 19], [18, 2, 19, 1], [5, 20, 6, 21]]"
12n_0317_177,"[[5, 20, 6, 21], [22, 3, 23, 4], [24, 18, 1, 17], [2, 10, 3, 9], [4, 11, 5, 12], [13, 6, 14, 7], [15, 8, 16, 9], [10, 24, 11, 23], [21, 13, 22, 12], [7, 14, 8, 15], [16, 20, 17, 19], [18, 2, 19, 1]]"
12n_0317_178,"[[18, 2, 19, 1], [5, 20, 6, 21], [22, 3, 23, 4], [24, 18, 1, 17], [2, 10, 3, 9], [4, 11, 5, 12], [13, 6, 14, 7], [15, 8, 16, 9], [10, 24, 11, 23], [21, 13, 22, 12], [7, 14, 8, 15], [16, 20, 17, 19]]"
12n_0317_179,"[[16, 20, 17, 19], [18, 2, 19, 1], [5, 20, 6, 21], [22, 3, 23, 4], [24, 18, 1, 17], [2, 10, 3, 9], [4, 11, 5, 12], [13, 6, 14, 7], [15, 8, 16, 9], [10, 24, 11, 23], [21, 13, 22, 12], [7, 14, 8, 15]]"
12n_0317_180,"[[8, 15, 9, 16], [17, 21, 18, 20], [19, 3, 20, 2], [6, 21, 7, 22], [23, 4, 24, 5], [1, 19, 2, 18], [3, 11, 4, 10], [5, 12, 6, 13], [14, 7, 15, 8], [16, 9, 17, 10], [11, 1, 12, 24], [22, 14, 23, 13]]"
12n_0317_181,"[[22, 14, 23, 13], [8, 15, 9, 16], [17, 21, 18, 20], [19, 3, 20, 2], [6, 21, 7, 22], [23, 4, 24, 5], [1, 19, 2, 18], [3, 11, 4, 10], [5, 12, 6, 13], [14, 7, 15, 8], [16, 9, 17, 10], [11, 1, 12, 24]]"
12n_0317_182,"[[11, 1, 12, 24], [22, 14, 23, 13], [8, 15, 9, 16], [17, 21, 18, 20], [19, 3, 20, 2], [6, 21, 7, 22], [23, 4, 24, 5], [1, 19, 2, 18], [3, 11, 4, 10], [5, 12, 6, 13], [14, 7, 15, 8], [16, 9, 17, 10]]"
12n_0317_183,"[[16, 9, 17, 10], [11, 1, 12, 24], [22, 14, 23, 13], [8, 15, 9, 16], [17, 21, 18, 20], [19, 3, 20, 2], [6, 21, 7, 22], [23, 4, 24, 5], [1, 19, 2, 18], [3, 11, 4, 10], [5, 12, 6, 13], [14, 7, 15, 8]]"
12n_0317_184,"[[14, 7, 15, 8], [16, 9, 17, 10], [11, 1, 12, 24], [22, 14, 23, 13], [8, 15, 9, 16], [17, 21, 18, 20], [19, 3, 20, 2], [6, 21, 7, 22], [23, 4, 24, 5], [1, 19, 2, 18], [3, 11, 4, 10], [5, 12, 6, 13]]"
12n_0317_185,"[[5, 12, 6, 13], [14, 7, 15, 8], [16, 9, 17, 10], [11, 1, 12, 24], [22, 14, 23, 13], [8, 15, 9, 16], [17, 21, 18, 20], [19, 3, 20, 2], [6, 21, 7, 22], [23, 4, 24, 5], [1, 19, 2, 18], [3, 11, 4, 10]]"
