name,pd_notation
12n_0233_0,"[[15, 24, 16, 1], [2, 6, 3, 5], [4, 10, 5, 9], [17, 6, 18, 7], [8, 4, 9, 3], [19, 10, 20, 11], [21, 12, 22, 13], [23, 14, 24, 15], [7, 16, 8, 17], [1, 18, 2, 19], [11, 20, 12, 21], [13, 22, 14, 23]]"
12n_0233_1,"[[13, 22, 14, 23], [15, 24, 16, 1], [2, 6, 3, 5], [4, 10, 5, 9], [17, 6, 18, 7], [8, 4, 9, 3], [19, 10, 20, 11], [21, 12, 22, 13], [23, 14, 24, 15], [7, 16, 8, 17], [1, 18, 2, 19], [11, 20, 12, 21]]"
12n_0233_2,"[[11, 20, 12, 21], [13, 22, 14, 23], [15, 24, 16, 1], [2, 6, 3, 5], [4, 10, 5, 9], [17, 6, 18, 7], [8, 4, 9, 3], [19, 10, 20, 11], [21, 12, 22, 13], [23, 14, 24, 15], [7, 16, 8, 17], [1, 18, 2, 19]]"
12n_0233_3,"[[1, 18, 2, 19], [11, 20, 12, 21], [13, 22, 14, 23], [15, 24, 16, 1], [2, 6, 3, 5], [4, 10, 5, 9], [17, 6, 18, 7], [8, 4, 9, 3], [19, 10, 20, 11], [21, 12, 22, 13], [23, 14, 24, 15], [7, 16, 8, 17]]"
12n_0233_4,"[[7, 16, 8, 17], [1, 18, 2, 19], [11, 20, 12, 21], [13, 22, 14, 23], [15, 24, 16, 1], [2, 6, 3, 5], [4, 10, 5, 9], [17, 6, 18, 7], [8, 4, 9, 3], [19, 10, 20, 11], [21, 12, 22, 13], [23, 14, 24, 15]]"
12n_0233_5,"[[23, 14, 24, 15], [7, 16, 8, 17], [1, 18, 2, 19], [11, 20, 12, 21], [13, 22, 14, 23], [15, 24, 16, 1], [2, 6, 3, 5], [4, 10, 5, 9], [17, 6, 18, 7], [8, 4, 9, 3], [19, 10, 20, 11], [21, 12, 22, 13]]"
12n_0233_6,"[[21, 12, 22, 13], [23, 14, 24, 15], [7, 16, 8, 17], [1, 18, 2, 19], [11, 20, 12, 21], [13, 22, 14, 23], [15, 24, 16, 1], [2, 6, 3, 5], [4, 10, 5, 9], [17, 6, 18, 7], [8, 4, 9, 3], [19, 10, 20, 11]]"
12n_0233_7,"[[19, 10, 20, 11], [21, 12, 22, 13], [23, 14, 24, 15], [7, 16, 8, 17], [1, 18, 2, 19], [11, 20, 12, 21], [13, 22, 14, 23], [15, 24, 16, 1], [2, 6, 3, 5], [4, 10, 5, 9], [17, 6, 18, 7], [8, 4, 9, 3]]"
12n_0233_8,"[[8, 4, 9, 3], [19, 10, 20, 11], [21, 12, 22, 13], [23, 14, 24, 15], [7, 16, 8, 17], [1, 18, 2, 19], [11, 20, 12, 21], [13, 22, 14, 23], [15, 24, 16, 1], [2, 6, 3, 5], [4, 10, 5, 9], [17, 6, 18, 7]]"
12n_0233_9,"[[17, 6, 18, 7], [8, 4, 9, 3], [19, 10, 20, 11], [21, 12, 22, 13], [23, 14, 24, 15], [7, 16, 8, 17], [1, 18, 2, 19], [11, 20, 12, 21], [13, 22, 14, 23], [15, 24, 16, 1], [2, 6, 3, 5], [4, 10, 5, 9]]"
12n_0233_10,"[[4, 10, 5, 9], [17, 6, 18, 7], [8, 4, 9, 3], [19, 10, 20, 11], [21, 12, 22, 13], [23, 14, 24, 15], [7, 16, 8, 17], [1, 18, 2, 19], [11, 20, 12, 21], [13, 22, 14, 23], [15, 24, 16, 1], [2, 6, 3, 5]]"
12n_0233_11,"[[2, 6, 3, 5], [4, 10, 5, 9], [17, 6, 18, 7], [8, 4, 9, 3], [19, 10, 20, 11], [21, 12, 22, 13], [23, 14, 24, 15], [7, 16, 8, 17], [1, 18, 2, 19], [11, 20, 12, 21], [13, 22, 14, 23], [15, 24, 16, 1]]"
12n_0233_12,"[[16, 1, 17, 2], [3, 7, 4, 6], [5, 11, 6, 10], [18, 7, 19, 8], [9, 5, 10, 4], [20, 11, 21, 12], [22, 13, 23, 14], [24, 15, 1, 16], [8, 17, 9, 18], [2, 19, 3, 20], [12, 21, 13, 22], [14, 23, 15, 24]]"
12n_0233_13,"[[14, 23, 15, 24], [16, 1, 17, 2], [3, 7, 4, 6], [5, 11, 6, 10], [18, 7, 19, 8], [9, 5, 10, 4], [20, 11, 21, 12], [22, 13, 23, 14], [24, 15, 1, 16], [8, 17, 9, 18], [2, 19, 3, 20], [12, 21, 13, 22]]"
12n_0233_14,"[[12, 21, 13, 22], [14, 23, 15, 24], [16, 1, 17, 2], [3, 7, 4, 6], [5, 11, 6, 10], [18, 7, 19, 8], [9, 5, 10, 4], [20, 11, 21, 12], [22, 13, 23, 14], [24, 15, 1, 16], [8, 17, 9, 18], [2, 19, 3, 20]]"
12n_0233_15,"[[2, 19, 3, 20], [12, 21, 13, 22], [14, 23, 15, 24], [16, 1, 17, 2], [3, 7, 4, 6], [5, 11, 6, 10], [18, 7, 19, 8], [9, 5, 10, 4], [20, 11, 21, 12], [22, 13, 23, 14], [24, 15, 1, 16], [8, 17, 9, 18]]"
12n_0233_16,"[[8, 17, 9, 18], [2, 19, 3, 20], [12, 21, 13, 22], [14, 23, 15, 24], [16, 1, 17, 2], [3, 7, 4, 6], [5, 11, 6, 10], [18, 7, 19, 8], [9, 5, 10, 4], [20, 11, 21, 12], [22, 13, 23, 14], [24, 15, 1, 16]]"
12n_0233_17,"[[24, 15, 1, 16], [8, 17, 9, 18], [2, 19, 3, 20], [12, 21, 13, 22], [14, 23, 15, 24], [16, 1, 17, 2], [3, 7, 4, 6], [5, 11, 6, 10], [18, 7, 19, 8], [9, 5, 10, 4], [20, 11, 21, 12], [22, 13, 23, 14]]"
12n_0233_18,"[[22, 13, 23, 14], [24, 15, 1, 16], [8, 17, 9, 18], [2, 19, 3, 20], [12, 21, 13, 22], [14, 23, 15, 24], [16, 1, 17, 2], [3, 7, 4, 6], [5, 11, 6, 10], [18, 7, 19, 8], [9, 5, 10, 4], [20, 11, 21, 12]]"
12n_0233_19,"[[20, 11, 21, 12], [22, 13, 23, 14], [24, 15, 1, 16], [8, 17, 9, 18], [2, 19, 3, 20], [12, 21, 13, 22], [14, 23, 15, 24], [16, 1, 17, 2], [3, 7, 4, 6], [5, 11, 6, 10], [18, 7, 19, 8], [9, 5, 10, 4]]"
12n_0233_20,"[[9, 5, 10, 4], [20, 11, 21, 12], [22, 13, 23, 14], [24, 15, 1, 16], [8, 17, 9, 18], [2, 19, 3, 20], [12, 21, 13, 22], [14, 23, 15, 24], [16, 1, 17, 2], [3, 7, 4, 6], [5, 11, 6, 10], [18, 7, 19, 8]]"
12n_0233_21,"[[18, 7, 19, 8], [9, 5, 10, 4], [20, 11, 21, 12], [22, 13, 23, 14], [24, 15, 1, 16], [8, 17, 9, 18], [2, 19, 3, 20], [12, 21, 13, 22], [14, 23, 15, 24], [16, 1, 17, 2], [3, 7, 4, 6], [5, 11, 6, 10]]"
12n_0233_22,"[[5, 11, 6, 10], [18, 7, 19, 8], [9, 5, 10, 4], [20, 11, 21, 12], [22, 13, 23, 14], [24, 15, 1, 16], [8, 17, 9, 18], [2, 19, 3, 20], [12, 21, 13, 22], [14, 23, 15, 24], [16, 1, 17, 2], [3, 7, 4, 6]]"
12n_0233_23,"[[3, 7, 4, 6], [5, 11, 6, 10], [18, 7, 19, 8], [9, 5, 10, 4], [20, 11, 21, 12], [22, 13, 23, 14], [24, 15, 1, 16], [8, 17, 9, 18], [2, 19, 3, 20], [12, 21, 13, 22], [14, 23, 15, 24], [16, 1, 17, 2]]"
12n_0233_24,"[[17, 2, 18, 3], [4, 8, 5, 7], [6, 12, 7, 11], [19, 8, 20, 9], [10, 6, 11, 5], [21, 12, 22, 13], [23, 14, 24, 15], [1, 16, 2, 17], [9, 18, 10, 19], [3, 20, 4, 21], [13, 22, 14, 23], [15, 24, 16, 1]]"
12n_0233_25,"[[15, 24, 16, 1], [17, 2, 18, 3], [4, 8, 5, 7], [6, 12, 7, 11], [19, 8, 20, 9], [10, 6, 11, 5], [21, 12, 22, 13], [23, 14, 24, 15], [1, 16, 2, 17], [9, 18, 10, 19], [3, 20, 4, 21], [13, 22, 14, 23]]"
12n_0233_26,"[[13, 22, 14, 23], [15, 24, 16, 1], [17, 2, 18, 3], [4, 8, 5, 7], [6, 12, 7, 11], [19, 8, 20, 9], [10, 6, 11, 5], [21, 12, 22, 13], [23, 14, 24, 15], [1, 16, 2, 17], [9, 18, 10, 19], [3, 20, 4, 21]]"
12n_0233_27,"[[3, 20, 4, 21], [13, 22, 14, 23], [15, 24, 16, 1], [17, 2, 18, 3], [4, 8, 5, 7], [6, 12, 7, 11], [19, 8, 20, 9], [10, 6, 11, 5], [21, 12, 22, 13], [23, 14, 24, 15], [1, 16, 2, 17], [9, 18, 10, 19]]"
12n_0233_28,"[[9, 18, 10, 19], [3, 20, 4, 21], [13, 22, 14, 23], [15, 24, 16, 1], [17, 2, 18, 3], [4, 8, 5, 7], [6, 12, 7, 11], [19, 8, 20, 9], [10, 6, 11, 5], [21, 12, 22, 13], [23, 14, 24, 15], [1, 16, 2, 17]]"
12n_0233_29,"[[1, 16, 2, 17], [9, 18, 10, 19], [3, 20, 4, 21], [13, 22, 14, 23], [15, 24, 16, 1], [17, 2, 18, 3], [4, 8, 5, 7], [6, 12, 7, 11], [19, 8, 20, 9], [10, 6, 11, 5], [21, 12, 22, 13], [23, 14, 24, 15]]"
12n_0233_30,"[[23, 14, 24, 15], [1, 16, 2, 17], [9, 18, 10, 19], [3, 20, 4, 21], [13, 22, 14, 23], [15, 24, 16, 1], [17, 2, 18, 3], [4, 8, 5, 7], [6, 12, 7, 11], [19, 8, 20, 9], [10, 6, 11, 5], [21, 12, 22, 13]]"
12n_0233_31,"[[21, 12, 22, 13], [23, 14, 24, 15], [1, 16, 2, 17], [9, 18, 10, 19], [3, 20, 4, 21], [13, 22, 14, 23], [15, 24, 16, 1], [17, 2, 18, 3], [4, 8, 5, 7], [6, 12, 7, 11], [19, 8, 20, 9], [10, 6, 11, 5]]"
12n_0233_32,"[[10, 6, 11, 5], [21, 12, 22, 13], [23, 14, 24, 15], [1, 16, 2, 17], [9, 18, 10, 19], [3, 20, 4, 21], [13, 22, 14, 23], [15, 24, 16, 1], [17, 2, 18, 3], [4, 8, 5, 7], [6, 12, 7, 11], [19, 8, 20, 9]]"
12n_0233_33,"[[19, 8, 20, 9], [10, 6, 11, 5], [21, 12, 22, 13], [23, 14, 24, 15], [1, 16, 2, 17], [9, 18, 10, 19], [3, 20, 4, 21], [13, 22, 14, 23], [15, 24, 16, 1], [17, 2, 18, 3], [4, 8, 5, 7], [6, 12, 7, 11]]"
12n_0233_34,"[[6, 12, 7, 11], [19, 8, 20, 9], [10, 6, 11, 5], [21, 12, 22, 13], [23, 14, 24, 15], [1, 16, 2, 17], [9, 18, 10, 19], [3, 20, 4, 21], [13, 22, 14, 23], [15, 24, 16, 1], [17, 2, 18, 3], [4, 8, 5, 7]]"
12n_0233_35,"[[4, 8, 5, 7], [6, 12, 7, 11], [19, 8, 20, 9], [10, 6, 11, 5], [21, 12, 22, 13], [23, 14, 24, 15], [1, 16, 2, 17], [9, 18, 10, 19], [3, 20, 4, 21], [13, 22, 14, 23], [15, 24, 16, 1], [17, 2, 18, 3]]"
12n_0233_36,"[[18, 3, 19, 4], [5, 9, 6, 8], [7, 13, 8, 12], [20, 9, 21, 10], [11, 7, 12, 6], [22, 13, 23, 14], [24, 15, 1, 16], [2, 17, 3, 18], [10, 19, 11, 20], [4, 21, 5, 22], [14, 23, 15, 24], [16, 1, 17, 2]]"
12n_0233_37,"[[16, 1, 17, 2], [18, 3, 19, 4], [5, 9, 6, 8], [7, 13, 8, 12], [20, 9, 21, 10], [11, 7, 12, 6], [22, 13, 23, 14], [24, 15, 1, 16], [2, 17, 3, 18], [10, 19, 11, 20], [4, 21, 5, 22], [14, 23, 15, 24]]"
12n_0233_38,"[[14, 23, 15, 24], [16, 1, 17, 2], [18, 3, 19, 4], [5, 9, 6, 8], [7, 13, 8, 12], [20, 9, 21, 10], [11, 7, 12, 6], [22, 13, 23, 14], [24, 15, 1, 16], [2, 17, 3, 18], [10, 19, 11, 20], [4, 21, 5, 22]]"
12n_0233_39,"[[4, 21, 5, 22], [14, 23, 15, 24], [16, 1, 17, 2], [18, 3, 19, 4], [5, 9, 6, 8], [7, 13, 8, 12], [20, 9, 21, 10], [11, 7, 12, 6], [22, 13, 23, 14], [24, 15, 1, 16], [2, 17, 3, 18], [10, 19, 11, 20]]"
12n_0233_40,"[[10, 19, 11, 20], [4, 21, 5, 22], [14, 23, 15, 24], [16, 1, 17, 2], [18, 3, 19, 4], [5, 9, 6, 8], [7, 13, 8, 12], [20, 9, 21, 10], [11, 7, 12, 6], [22, 13, 23, 14], [24, 15, 1, 16], [2, 17, 3, 18]]"
12n_0233_41,"[[2, 17, 3, 18], [10, 19, 11, 20], [4, 21, 5, 22], [14, 23, 15, 24], [16, 1, 17, 2], [18, 3, 19, 4], [5, 9, 6, 8], [7, 13, 8, 12], [20, 9, 21, 10], [11, 7, 12, 6], [22, 13, 23, 14], [24, 15, 1, 16]]"
12n_0233_42,"[[24, 15, 1, 16], [2, 17, 3, 18], [10, 19, 11, 20], [4, 21, 5, 22], [14, 23, 15, 24], [16, 1, 17, 2], [18, 3, 19, 4], [5, 9, 6, 8], [7, 13, 8, 12], [20, 9, 21, 10], [11, 7, 12, 6], [22, 13, 23, 14]]"
12n_0233_43,"[[22, 13, 23, 14], [24, 15, 1, 16], [2, 17, 3, 18], [10, 19, 11, 20], [4, 21, 5, 22], [14, 23, 15, 24], [16, 1, 17, 2], [18, 3, 19, 4], [5, 9, 6, 8], [7, 13, 8, 12], [20, 9, 21, 10], [11, 7, 12, 6]]"
12n_0233_44,"[[11, 7, 12, 6], [22, 13, 23, 14], [24, 15, 1, 16], [2, 17, 3, 18], [10, 19, 11, 20], [4, 21, 5, 22], [14, 23, 15, 24], [16, 1, 17, 2], [18, 3, 19, 4], [5, 9, 6, 8], [7, 13, 8, 12], [20, 9, 21, 10]]"
12n_0233_45,"[[20, 9, 21, 10], [11, 7, 12, 6], [22, 13, 23, 14], [24, 15, 1, 16], [2, 17, 3, 18], [10, 19, 11, 20], [4, 21, 5, 22], [14, 23, 15, 24], [16, 1, 17, 2], [18, 3, 19, 4], [5, 9, 6, 8], [7, 13, 8, 12]]"
12n_0233_46,"[[7, 13, 8, 12], [20, 9, 21, 10], [11, 7, 12, 6], [22, 13, 23, 14], [24, 15, 1, 16], [2, 17, 3, 18], [10, 19, 11, 20], [4, 21, 5, 22], [14, 23, 15, 24], [16, 1, 17, 2], [18, 3, 19, 4], [5, 9, 6, 8]]"
12n_0233_47,"[[5, 9, 6, 8], [7, 13, 8, 12], [20, 9, 21, 10], [11, 7, 12, 6], [22, 13, 23, 14], [24, 15, 1, 16], [2, 17, 3, 18], [10, 19, 11, 20], [4, 21, 5, 22], [14, 23, 15, 24], [16, 1, 17, 2], [18, 3, 19, 4]]"
12n_0233_48,"[[19, 4, 20, 5], [6, 10, 7, 9], [8, 14, 9, 13], [21, 10, 22, 11], [12, 8, 13, 7], [23, 14, 24, 15], [1, 16, 2, 17], [3, 18, 4, 19], [11, 20, 12, 21], [5, 22, 6, 23], [15, 24, 16, 1], [17, 2, 18, 3]]"
12n_0233_49,"[[17, 2, 18, 3], [19, 4, 20, 5], [6, 10, 7, 9], [8, 14, 9, 13], [21, 10, 22, 11], [12, 8, 13, 7], [23, 14, 24, 15], [1, 16, 2, 17], [3, 18, 4, 19], [11, 20, 12, 21], [5, 22, 6, 23], [15, 24, 16, 1]]"
12n_0233_50,"[[15, 24, 16, 1], [17, 2, 18, 3], [19, 4, 20, 5], [6, 10, 7, 9], [8, 14, 9, 13], [21, 10, 22, 11], [12, 8, 13, 7], [23, 14, 24, 15], [1, 16, 2, 17], [3, 18, 4, 19], [11, 20, 12, 21], [5, 22, 6, 23]]"
12n_0233_51,"[[5, 22, 6, 23], [15, 24, 16, 1], [17, 2, 18, 3], [19, 4, 20, 5], [6, 10, 7, 9], [8, 14, 9, 13], [21, 10, 22, 11], [12, 8, 13, 7], [23, 14, 24, 15], [1, 16, 2, 17], [3, 18, 4, 19], [11, 20, 12, 21]]"
12n_0233_52,"[[11, 20, 12, 21], [5, 22, 6, 23], [15, 24, 16, 1], [17, 2, 18, 3], [19, 4, 20, 5], [6, 10, 7, 9], [8, 14, 9, 13], [21, 10, 22, 11], [12, 8, 13, 7], [23, 14, 24, 15], [1, 16, 2, 17], [3, 18, 4, 19]]"
12n_0233_53,"[[3, 18, 4, 19], [11, 20, 12, 21], [5, 22, 6, 23], [15, 24, 16, 1], [17, 2, 18, 3], [19, 4, 20, 5], [6, 10, 7, 9], [8, 14, 9, 13], [21, 10, 22, 11], [12, 8, 13, 7], [23, 14, 24, 15], [1, 16, 2, 17]]"
12n_0233_54,"[[1, 16, 2, 17], [3, 18, 4, 19], [11, 20, 12, 21], [5, 22, 6, 23], [15, 24, 16, 1], [17, 2, 18, 3], [19, 4, 20, 5], [6, 10, 7, 9], [8, 14, 9, 13], [21, 10, 22, 11], [12, 8, 13, 7], [23, 14, 24, 15]]"
12n_0233_55,"[[23, 14, 24, 15], [1, 16, 2, 17], [3, 18, 4, 19], [11, 20, 12, 21], [5, 22, 6, 23], [15, 24, 16, 1], [17, 2, 18, 3], [19, 4, 20, 5], [6, 10, 7, 9], [8, 14, 9, 13], [21, 10, 22, 11], [12, 8, 13, 7]]"
12n_0233_56,"[[12, 8, 13, 7], [23, 14, 24, 15], [1, 16, 2, 17], [3, 18, 4, 19], [11, 20, 12, 21], [5, 22, 6, 23], [15, 24, 16, 1], [17, 2, 18, 3], [19, 4, 20, 5], [6, 10, 7, 9], [8, 14, 9, 13], [21, 10, 22, 11]]"
12n_0233_57,"[[21, 10, 22, 11], [12, 8, 13, 7], [23, 14, 24, 15], [1, 16, 2, 17], [3, 18, 4, 19], [11, 20, 12, 21], [5, 22, 6, 23], [15, 24, 16, 1], [17, 2, 18, 3], [19, 4, 20, 5], [6, 10, 7, 9], [8, 14, 9, 13]]"
12n_0233_58,"[[8, 14, 9, 13], [21, 10, 22, 11], [12, 8, 13, 7], [23, 14, 24, 15], [1, 16, 2, 17], [3, 18, 4, 19], [11, 20, 12, 21], [5, 22, 6, 23], [15, 24, 16, 1], [17, 2, 18, 3], [19, 4, 20, 5], [6, 10, 7, 9]]"
12n_0233_59,"[[6, 10, 7, 9], [8, 14, 9, 13], [21, 10, 22, 11], [12, 8, 13, 7], [23, 14, 24, 15], [1, 16, 2, 17], [3, 18, 4, 19], [11, 20, 12, 21], [5, 22, 6, 23], [15, 24, 16, 1], [17, 2, 18, 3], [19, 4, 20, 5]]"
12n_0233_60,"[[20, 5, 21, 6], [7, 11, 8, 10], [9, 15, 10, 14], [22, 11, 23, 12], [13, 9, 14, 8], [24, 15, 1, 16], [2, 17, 3, 18], [4, 19, 5, 20], [12, 21, 13, 22], [6, 23, 7, 24], [16, 1, 17, 2], [18, 3, 19, 4]]"
12n_0233_61,"[[18, 3, 19, 4], [20, 5, 21, 6], [7, 11, 8, 10], [9, 15, 10, 14], [22, 11, 23, 12], [13, 9, 14, 8], [24, 15, 1, 16], [2, 17, 3, 18], [4, 19, 5, 20], [12, 21, 13, 22], [6, 23, 7, 24], [16, 1, 17, 2]]"
12n_0233_62,"[[16, 1, 17, 2], [18, 3, 19, 4], [20, 5, 21, 6], [7, 11, 8, 10], [9, 15, 10, 14], [22, 11, 23, 12], [13, 9, 14, 8], [24, 15, 1, 16], [2, 17, 3, 18], [4, 19, 5, 20], [12, 21, 13, 22], [6, 23, 7, 24]]"
12n_0233_63,"[[6, 23, 7, 24], [16, 1, 17, 2], [18, 3, 19, 4], [20, 5, 21, 6], [7, 11, 8, 10], [9, 15, 10, 14], [22, 11, 23, 12], [13, 9, 14, 8], [24, 15, 1, 16], [2, 17, 3, 18], [4, 19, 5, 20], [12, 21, 13, 22]]"
12n_0233_64,"[[12, 21, 13, 22], [6, 23, 7, 24], [16, 1, 17, 2], [18, 3, 19, 4], [20, 5, 21, 6], [7, 11, 8, 10], [9, 15, 10, 14], [22, 11, 23, 12], [13, 9, 14, 8], [24, 15, 1, 16], [2, 17, 3, 18], [4, 19, 5, 20]]"
12n_0233_65,"[[4, 19, 5, 20], [12, 21, 13, 22], [6, 23, 7, 24], [16, 1, 17, 2], [18, 3, 19, 4], [20, 5, 21, 6], [7, 11, 8, 10], [9, 15, 10, 14], [22, 11, 23, 12], [13, 9, 14, 8], [24, 15, 1, 16], [2, 17, 3, 18]]"
12n_0233_66,"[[2, 17, 3, 18], [4, 19, 5, 20], [12, 21, 13, 22], [6, 23, 7, 24], [16, 1, 17, 2], [18, 3, 19, 4], [20, 5, 21, 6], [7, 11, 8, 10], [9, 15, 10, 14], [22, 11, 23, 12], [13, 9, 14, 8], [24, 15, 1, 16]]"
12n_0233_67,"[[24, 15, 1, 16], [2, 17, 3, 18], [4, 19, 5, 20], [12, 21, 13, 22], [6, 23, 7, 24], [16, 1, 17, 2], [18, 3, 19, 4], [20, 5, 21, 6], [7, 11, 8, 10], [9, 15, 10, 14], [22, 11, 23, 12], [13, 9, 14, 8]]"
12n_0233_68,"[[13, 9, 14, 8], [24, 15, 1, 16], [2, 17, 3, 18], [4, 19, 5, 20], [12, 21, 13, 22], [6, 23, 7, 24], [16, 1, 17, 2], [18, 3, 19, 4], [20, 5, 21, 6], [7, 11, 8, 10], [9, 15, 10, 14], [22, 11, 23, 12]]"
12n_0233_69,"[[22, 11, 23, 12], [13, 9, 14, 8], [24, 15, 1, 16], [2, 17, 3, 18], [4, 19, 5, 20], [12, 21, 13, 22], [6, 23, 7, 24], [16, 1, 17, 2], [18, 3, 19, 4], [20, 5, 21, 6], [7, 11, 8, 10], [9, 15, 10, 14]]"
12n_0233_70,"[[9, 15, 10, 14], [22, 11, 23, 12], [13, 9, 14, 8], [24, 15, 1, 16], [2, 17, 3, 18], [4, 19, 5, 20], [12, 21, 13, 22], [6, 23, 7, 24], [16, 1, 17, 2], [18, 3, 19, 4], [20, 5, 21, 6], [7, 11, 8, 10]]"
12n_0233_71,"[[7, 11, 8, 10], [9, 15, 10, 14], [22, 11, 23, 12], [13, 9, 14, 8], [24, 15, 1, 16], [2, 17, 3, 18], [4, 19, 5, 20], [12, 21, 13, 22], [6, 23, 7, 24], [16, 1, 17, 2], [18, 3, 19, 4], [20, 5, 21, 6]]"
12n_0233_72,"[[21, 6, 22, 7], [8, 12, 9, 11], [10, 16, 11, 15], [23, 12, 24, 13], [14, 10, 15, 9], [1, 16, 2, 17], [3, 18, 4, 19], [5, 20, 6, 21], [13, 22, 14, 23], [7, 24, 8, 1], [17, 2, 18, 3], [19, 4, 20, 5]]"
12n_0233_73,"[[19, 4, 20, 5], [21, 6, 22, 7], [8, 12, 9, 11], [10, 16, 11, 15], [23, 12, 24, 13], [14, 10, 15, 9], [1, 16, 2, 17], [3, 18, 4, 19], [5, 20, 6, 21], [13, 22, 14, 23], [7, 24, 8, 1], [17, 2, 18, 3]]"
12n_0233_74,"[[17, 2, 18, 3], [19, 4, 20, 5], [21, 6, 22, 7], [8, 12, 9, 11], [10, 16, 11, 15], [23, 12, 24, 13], [14, 10, 15, 9], [1, 16, 2, 17], [3, 18, 4, 19], [5, 20, 6, 21], [13, 22, 14, 23], [7, 24, 8, 1]]"
12n_0233_75,"[[7, 24, 8, 1], [17, 2, 18, 3], [19, 4, 20, 5], [21, 6, 22, 7], [8, 12, 9, 11], [10, 16, 11, 15], [23, 12, 24, 13], [14, 10, 15, 9], [1, 16, 2, 17], [3, 18, 4, 19], [5, 20, 6, 21], [13, 22, 14, 23]]"
12n_0233_76,"[[13, 22, 14, 23], [7, 24, 8, 1], [17, 2, 18, 3], [19, 4, 20, 5], [21, 6, 22, 7], [8, 12, 9, 11], [10, 16, 11, 15], [23, 12, 24, 13], [14, 10, 15, 9], [1, 16, 2, 17], [3, 18, 4, 19], [5, 20, 6, 21]]"
12n_0233_77,"[[5, 20, 6, 21], [13, 22, 14, 23], [7, 24, 8, 1], [17, 2, 18, 3], [19, 4, 20, 5], [21, 6, 22, 7], [8, 12, 9, 11], [10, 16, 11, 15], [23, 12, 24, 13], [14, 10, 15, 9], [1, 16, 2, 17], [3, 18, 4, 19]]"
12n_0233_78,"[[3, 18, 4, 19], [5, 20, 6, 21], [13, 22, 14, 23], [7, 24, 8, 1], [17, 2, 18, 3], [19, 4, 20, 5], [21, 6, 22, 7], [8, 12, 9, 11], [10, 16, 11, 15], [23, 12, 24, 13], [14, 10, 15, 9], [1, 16, 2, 17]]"
12n_0233_79,"[[1, 16, 2, 17], [3, 18, 4, 19], [5, 20, 6, 21], [13, 22, 14, 23], [7, 24, 8, 1], [17, 2, 18, 3], [19, 4, 20, 5], [21, 6, 22, 7], [8, 12, 9, 11], [10, 16, 11, 15], [23, 12, 24, 13], [14, 10, 15, 9]]"
12n_0233_80,"[[14, 10, 15, 9], [1, 16, 2, 17], [3, 18, 4, 19], [5, 20, 6, 21], [13, 22, 14, 23], [7, 24, 8, 1], [17, 2, 18, 3], [19, 4, 20, 5], [21, 6, 22, 7], [8, 12, 9, 11], [10, 16, 11, 15], [23, 12, 24, 13]]"
12n_0233_81,"[[23, 12, 24, 13], [14, 10, 15, 9], [1, 16, 2, 17], [3, 18, 4, 19], [5, 20, 6, 21], [13, 22, 14, 23], [7, 24, 8, 1], [17, 2, 18, 3], [19, 4, 20, 5], [21, 6, 22, 7], [8, 12, 9, 11], [10, 16, 11, 15]]"
12n_0233_82,"[[10, 16, 11, 15], [23, 12, 24, 13], [14, 10, 15, 9], [1, 16, 2, 17], [3, 18, 4, 19], [5, 20, 6, 21], [13, 22, 14, 23], [7, 24, 8, 1], [17, 2, 18, 3], [19, 4, 20, 5], [21, 6, 22, 7], [8, 12, 9, 11]]"
12n_0233_83,"[[8, 12, 9, 11], [10, 16, 11, 15], [23, 12, 24, 13], [14, 10, 15, 9], [1, 16, 2, 17], [3, 18, 4, 19], [5, 20, 6, 21], [13, 22, 14, 23], [7, 24, 8, 1], [17, 2, 18, 3], [19, 4, 20, 5], [21, 6, 22, 7]]"
12n_0233_84,"[[22, 7, 23, 8], [9, 13, 10, 12], [11, 17, 12, 16], [24, 13, 1, 14], [15, 11, 16, 10], [2, 17, 3, 18], [4, 19, 5, 20], [6, 21, 7, 22], [14, 23, 15, 24], [8, 1, 9, 2], [18, 3, 19, 4], [20, 5, 21, 6]]"
12n_0233_85,"[[20, 5, 21, 6], [22, 7, 23, 8], [9, 13, 10, 12], [11, 17, 12, 16], [24, 13, 1, 14], [15, 11, 16, 10], [2, 17, 3, 18], [4, 19, 5, 20], [6, 21, 7, 22], [14, 23, 15, 24], [8, 1, 9, 2], [18, 3, 19, 4]]"
12n_0233_86,"[[18, 3, 19, 4], [20, 5, 21, 6], [22, 7, 23, 8], [9, 13, 10, 12], [11, 17, 12, 16], [24, 13, 1, 14], [15, 11, 16, 10], [2, 17, 3, 18], [4, 19, 5, 20], [6, 21, 7, 22], [14, 23, 15, 24], [8, 1, 9, 2]]"
12n_0233_87,"[[8, 1, 9, 2], [18, 3, 19, 4], [20, 5, 21, 6], [22, 7, 23, 8], [9, 13, 10, 12], [11, 17, 12, 16], [24, 13, 1, 14], [15, 11, 16, 10], [2, 17, 3, 18], [4, 19, 5, 20], [6, 21, 7, 22], [14, 23, 15, 24]]"
12n_0233_88,"[[14, 23, 15, 24], [8, 1, 9, 2], [18, 3, 19, 4], [20, 5, 21, 6], [22, 7, 23, 8], [9, 13, 10, 12], [11, 17, 12, 16], [24, 13, 1, 14], [15, 11, 16, 10], [2, 17, 3, 18], [4, 19, 5, 20], [6, 21, 7, 22]]"
12n_0233_89,"[[6, 21, 7, 22], [14, 23, 15, 24], [8, 1, 9, 2], [18, 3, 19, 4], [20, 5, 21, 6], [22, 7, 23, 8], [9, 13, 10, 12], [11, 17, 12, 16], [24, 13, 1, 14], [15, 11, 16, 10], [2, 17, 3, 18], [4, 19, 5, 20]]"
12n_0233_90,"[[4, 19, 5, 20], [6, 21, 7, 22], [14, 23, 15, 24], [8, 1, 9, 2], [18, 3, 19, 4], [20, 5, 21, 6], [22, 7, 23, 8], [9, 13, 10, 12], [11, 17, 12, 16], [24, 13, 1, 14], [15, 11, 16, 10], [2, 17, 3, 18]]"
12n_0233_91,"[[2, 17, 3, 18], [4, 19, 5, 20], [6, 21, 7, 22], [14, 23, 15, 24], [8, 1, 9, 2], [18, 3, 19, 4], [20, 5, 21, 6], [22, 7, 23, 8], [9, 13, 10, 12], [11, 17, 12, 16], [24, 13, 1, 14], [15, 11, 16, 10]]"
12n_0233_92,"[[15, 11, 16, 10], [2, 17, 3, 18], [4, 19, 5, 20], [6, 21, 7, 22], [14, 23, 15, 24], [8, 1, 9, 2], [18, 3, 19, 4], [20, 5, 21, 6], [22, 7, 23, 8], [9, 13, 10, 12], [11, 17, 12, 16], [24, 13, 1, 14]]"
12n_0233_93,"[[24, 13, 1, 14], [15, 11, 16, 10], [2, 17, 3, 18], [4, 19, 5, 20], [6, 21, 7, 22], [14, 23, 15, 24], [8, 1, 9, 2], [18, 3, 19, 4], [20, 5, 21, 6], [22, 7, 23, 8], [9, 13, 10, 12], [11, 17, 12, 16]]"
12n_0233_94,"[[11, 17, 12, 16], [24, 13, 1, 14], [15, 11, 16, 10], [2, 17, 3, 18], [4, 19, 5, 20], [6, 21, 7, 22], [14, 23, 15, 24], [8, 1, 9, 2], [18, 3, 19, 4], [20, 5, 21, 6], [22, 7, 23, 8], [9, 13, 10, 12]]"
12n_0233_95,"[[9, 13, 10, 12], [11, 17, 12, 16], [24, 13, 1, 14], [15, 11, 16, 10], [2, 17, 3, 18], [4, 19, 5, 20], [6, 21, 7, 22], [14, 23, 15, 24], [8, 1, 9, 2], [18, 3, 19, 4], [20, 5, 21, 6], [22, 7, 23, 8]]"
12n_0233_96,"[[23, 8, 24, 9], [10, 14, 11, 13], [12, 18, 13, 17], [1, 14, 2, 15], [16, 12, 17, 11], [3, 18, 4, 19], [5, 20, 6, 21], [7, 22, 8, 23], [15, 24, 16, 1], [9, 2, 10, 3], [19, 4, 20, 5], [21, 6, 22, 7]]"
12n_0233_97,"[[21, 6, 22, 7], [23, 8, 24, 9], [10, 14, 11, 13], [12, 18, 13, 17], [1, 14, 2, 15], [16, 12, 17, 11], [3, 18, 4, 19], [5, 20, 6, 21], [7, 22, 8, 23], [15, 24, 16, 1], [9, 2, 10, 3], [19, 4, 20, 5]]"
12n_0233_98,"[[19, 4, 20, 5], [21, 6, 22, 7], [23, 8, 24, 9], [10, 14, 11, 13], [12, 18, 13, 17], [1, 14, 2, 15], [16, 12, 17, 11], [3, 18, 4, 19], [5, 20, 6, 21], [7, 22, 8, 23], [15, 24, 16, 1], [9, 2, 10, 3]]"
12n_0233_99,"[[9, 2, 10, 3], [19, 4, 20, 5], [21, 6, 22, 7], [23, 8, 24, 9], [10, 14, 11, 13], [12, 18, 13, 17], [1, 14, 2, 15], [16, 12, 17, 11], [3, 18, 4, 19], [5, 20, 6, 21], [7, 22, 8, 23], [15, 24, 16, 1]]"
12n_0233_100,"[[15, 24, 16, 1], [9, 2, 10, 3], [19, 4, 20, 5], [21, 6, 22, 7], [23, 8, 24, 9], [10, 14, 11, 13], [12, 18, 13, 17], [1, 14, 2, 15], [16, 12, 17, 11], [3, 18, 4, 19], [5, 20, 6, 21], [7, 22, 8, 23]]"
12n_0233_101,"[[7, 22, 8, 23], [15, 24, 16, 1], [9, 2, 10, 3], [19, 4, 20, 5], [21, 6, 22, 7], [23, 8, 24, 9], [10, 14, 11, 13], [12, 18, 13, 17], [1, 14, 2, 15], [16, 12, 17, 11], [3, 18, 4, 19], [5, 20, 6, 21]]"
12n_0233_102,"[[5, 20, 6, 21], [7, 22, 8, 23], [15, 24, 16, 1], [9, 2, 10, 3], [19, 4, 20, 5], [21, 6, 22, 7], [23, 8, 24, 9], [10, 14, 11, 13], [12, 18, 13, 17], [1, 14, 2, 15], [16, 12, 17, 11], [3, 18, 4, 19]]"
12n_0233_103,"[[3, 18, 4, 19], [5, 20, 6, 21], [7, 22, 8, 23], [15, 24, 16, 1], [9, 2, 10, 3], [19, 4, 20, 5], [21, 6, 22, 7], [23, 8, 24, 9], [10, 14, 11, 13], [12, 18, 13, 17], [1, 14, 2, 15], [16, 12, 17, 11]]"
12n_0233_104,"[[16, 12, 17, 11], [3, 18, 4, 19], [5, 20, 6, 21], [7, 22, 8, 23], [15, 24, 16, 1], [9, 2, 10, 3], [19, 4, 20, 5], [21, 6, 22, 7], [23, 8, 24, 9], [10, 14, 11, 13], [12, 18, 13, 17], [1, 14, 2, 15]]"
12n_0233_105,"[[1, 14, 2, 15], [16, 12, 17, 11], [3, 18, 4, 19], [5, 20, 6, 21], [7, 22, 8, 23], [15, 24, 16, 1], [9, 2, 10, 3], [19, 4, 20, 5], [21, 6, 22, 7], [23, 8, 24, 9], [10, 14, 11, 13], [12, 18, 13, 17]]"
12n_0233_106,"[[12, 18, 13, 17], [1, 14, 2, 15], [16, 12, 17, 11], [3, 18, 4, 19], [5, 20, 6, 21], [7, 22, 8, 23], [15, 24, 16, 1], [9, 2, 10, 3], [19, 4, 20, 5], [21, 6, 22, 7], [23, 8, 24, 9], [10, 14, 11, 13]]"
12n_0233_107,"[[10, 14, 11, 13], [12, 18, 13, 17], [1, 14, 2, 15], [16, 12, 17, 11], [3, 18, 4, 19], [5, 20, 6, 21], [7, 22, 8, 23], [15, 24, 16, 1], [9, 2, 10, 3], [19, 4, 20, 5], [21, 6, 22, 7], [23, 8, 24, 9]]"
12n_0233_108,"[[24, 9, 1, 10], [11, 15, 12, 14], [13, 19, 14, 18], [2, 15, 3, 16], [17, 13, 18, 12], [4, 19, 5, 20], [6, 21, 7, 22], [8, 23, 9, 24], [16, 1, 17, 2], [10, 3, 11, 4], [20, 5, 21, 6], [22, 7, 23, 8]]"
12n_0233_109,"[[22, 7, 23, 8], [24, 9, 1, 10], [11, 15, 12, 14], [13, 19, 14, 18], [2, 15, 3, 16], [17, 13, 18, 12], [4, 19, 5, 20], [6, 21, 7, 22], [8, 23, 9, 24], [16, 1, 17, 2], [10, 3, 11, 4], [20, 5, 21, 6]]"
12n_0233_110,"[[20, 5, 21, 6], [22, 7, 23, 8], [24, 9, 1, 10], [11, 15, 12, 14], [13, 19, 14, 18], [2, 15, 3, 16], [17, 13, 18, 12], [4, 19, 5, 20], [6, 21, 7, 22], [8, 23, 9, 24], [16, 1, 17, 2], [10, 3, 11, 4]]"
12n_0233_111,"[[10, 3, 11, 4], [20, 5, 21, 6], [22, 7, 23, 8], [24, 9, 1, 10], [11, 15, 12, 14], [13, 19, 14, 18], [2, 15, 3, 16], [17, 13, 18, 12], [4, 19, 5, 20], [6, 21, 7, 22], [8, 23, 9, 24], [16, 1, 17, 2]]"
12n_0233_112,"[[16, 1, 17, 2], [10, 3, 11, 4], [20, 5, 21, 6], [22, 7, 23, 8], [24, 9, 1, 10], [11, 15, 12, 14], [13, 19, 14, 18], [2, 15, 3, 16], [17, 13, 18, 12], [4, 19, 5, 20], [6, 21, 7, 22], [8, 23, 9, 24]]"
12n_0233_113,"[[8, 23, 9, 24], [16, 1, 17, 2], [10, 3, 11, 4], [20, 5, 21, 6], [22, 7, 23, 8], [24, 9, 1, 10], [11, 15, 12, 14], [13, 19, 14, 18], [2, 15, 3, 16], [17, 13, 18, 12], [4, 19, 5, 20], [6, 21, 7, 22]]"
12n_0233_114,"[[6, 21, 7, 22], [8, 23, 9, 24], [16, 1, 17, 2], [10, 3, 11, 4], [20, 5, 21, 6], [22, 7, 23, 8], [24, 9, 1, 10], [11, 15, 12, 14], [13, 19, 14, 18], [2, 15, 3, 16], [17, 13, 18, 12], [4, 19, 5, 20]]"
12n_0233_115,"[[4, 19, 5, 20], [6, 21, 7, 22], [8, 23, 9, 24], [16, 1, 17, 2], [10, 3, 11, 4], [20, 5, 21, 6], [22, 7, 23, 8], [24, 9, 1, 10], [11, 15, 12, 14], [13, 19, 14, 18], [2, 15, 3, 16], [17, 13, 18, 12]]"
12n_0233_116,"[[17, 13, 18, 12], [4, 19, 5, 20], [6, 21, 7, 22], [8, 23, 9, 24], [16, 1, 17, 2], [10, 3, 11, 4], [20, 5, 21, 6], [22, 7, 23, 8], [24, 9, 1, 10], [11, 15, 12, 14], [13, 19, 14, 18], [2, 15, 3, 16]]"
12n_0233_117,"[[2, 15, 3, 16], [17, 13, 18, 12], [4, 19, 5, 20], [6, 21, 7, 22], [8, 23, 9, 24], [16, 1, 17, 2], [10, 3, 11, 4], [20, 5, 21, 6], [22, 7, 23, 8], [24, 9, 1, 10], [11, 15, 12, 14], [13, 19, 14, 18]]"
12n_0233_118,"[[13, 19, 14, 18], [2, 15, 3, 16], [17, 13, 18, 12], [4, 19, 5, 20], [6, 21, 7, 22], [8, 23, 9, 24], [16, 1, 17, 2], [10, 3, 11, 4], [20, 5, 21, 6], [22, 7, 23, 8], [24, 9, 1, 10], [11, 15, 12, 14]]"
12n_0233_119,"[[11, 15, 12, 14], [13, 19, 14, 18], [2, 15, 3, 16], [17, 13, 18, 12], [4, 19, 5, 20], [6, 21, 7, 22], [8, 23, 9, 24], [16, 1, 17, 2], [10, 3, 11, 4], [20, 5, 21, 6], [22, 7, 23, 8], [24, 9, 1, 10]]"
12n_0233_120,"[[1, 10, 2, 11], [12, 16, 13, 15], [14, 20, 15, 19], [3, 16, 4, 17], [18, 14, 19, 13], [5, 20, 6, 21], [7, 22, 8, 23], [9, 24, 10, 1], [17, 2, 18, 3], [11, 4, 12, 5], [21, 6, 22, 7], [23, 8, 24, 9]]"
12n_0233_121,"[[23, 8, 24, 9], [1, 10, 2, 11], [12, 16, 13, 15], [14, 20, 15, 19], [3, 16, 4, 17], [18, 14, 19, 13], [5, 20, 6, 21], [7, 22, 8, 23], [9, 24, 10, 1], [17, 2, 18, 3], [11, 4, 12, 5], [21, 6, 22, 7]]"
12n_0233_122,"[[21, 6, 22, 7], [23, 8, 24, 9], [1, 10, 2, 11], [12, 16, 13, 15], [14, 20, 15, 19], [3, 16, 4, 17], [18, 14, 19, 13], [5, 20, 6, 21], [7, 22, 8, 23], [9, 24, 10, 1], [17, 2, 18, 3], [11, 4, 12, 5]]"
12n_0233_123,"[[11, 4, 12, 5], [21, 6, 22, 7], [23, 8, 24, 9], [1, 10, 2, 11], [12, 16, 13, 15], [14, 20, 15, 19], [3, 16, 4, 17], [18, 14, 19, 13], [5, 20, 6, 21], [7, 22, 8, 23], [9, 24, 10, 1], [17, 2, 18, 3]]"
12n_0233_124,"[[17, 2, 18, 3], [11, 4, 12, 5], [21, 6, 22, 7], [23, 8, 24, 9], [1, 10, 2, 11], [12, 16, 13, 15], [14, 20, 15, 19], [3, 16, 4, 17], [18, 14, 19, 13], [5, 20, 6, 21], [7, 22, 8, 23], [9, 24, 10, 1]]"
12n_0233_125,"[[9, 24, 10, 1], [17, 2, 18, 3], [11, 4, 12, 5], [21, 6, 22, 7], [23, 8, 24, 9], [1, 10, 2, 11], [12, 16, 13, 15], [14, 20, 15, 19], [3, 16, 4, 17], [18, 14, 19, 13], [5, 20, 6, 21], [7, 22, 8, 23]]"
12n_0233_126,"[[7, 22, 8, 23], [9, 24, 10, 1], [17, 2, 18, 3], [11, 4, 12, 5], [21, 6, 22, 7], [23, 8, 24, 9], [1, 10, 2, 11], [12, 16, 13, 15], [14, 20, 15, 19], [3, 16, 4, 17], [18, 14, 19, 13], [5, 20, 6, 21]]"
12n_0233_127,"[[5, 20, 6, 21], [7, 22, 8, 23], [9, 24, 10, 1], [17, 2, 18, 3], [11, 4, 12, 5], [21, 6, 22, 7], [23, 8, 24, 9], [1, 10, 2, 11], [12, 16, 13, 15], [14, 20, 15, 19], [3, 16, 4, 17], [18, 14, 19, 13]]"
12n_0233_128,"[[18, 14, 19, 13], [5, 20, 6, 21], [7, 22, 8, 23], [9, 24, 10, 1], [17, 2, 18, 3], [11, 4, 12, 5], [21, 6, 22, 7], [23, 8, 24, 9], [1, 10, 2, 11], [12, 16, 13, 15], [14, 20, 15, 19], [3, 16, 4, 17]]"
12n_0233_129,"[[3, 16, 4, 17], [18, 14, 19, 13], [5, 20, 6, 21], [7, 22, 8, 23], [9, 24, 10, 1], [17, 2, 18, 3], [11, 4, 12, 5], [21, 6, 22, 7], [23, 8, 24, 9], [1, 10, 2, 11], [12, 16, 13, 15], [14, 20, 15, 19]]"
12n_0233_130,"[[14, 20, 15, 19], [3, 16, 4, 17], [18, 14, 19, 13], [5, 20, 6, 21], [7, 22, 8, 23], [9, 24, 10, 1], [17, 2, 18, 3], [11, 4, 12, 5], [21, 6, 22, 7], [23, 8, 24, 9], [1, 10, 2, 11], [12, 16, 13, 15]]"
12n_0233_131,"[[12, 16, 13, 15], [14, 20, 15, 19], [3, 16, 4, 17], [18, 14, 19, 13], [5, 20, 6, 21], [7, 22, 8, 23], [9, 24, 10, 1], [17, 2, 18, 3], [11, 4, 12, 5], [21, 6, 22, 7], [23, 8, 24, 9], [1, 10, 2, 11]]"
12n_0233_132,"[[2, 11, 3, 12], [13, 17, 14, 16], [15, 21, 16, 20], [4, 17, 5, 18], [19, 15, 20, 14], [6, 21, 7, 22], [8, 23, 9, 24], [10, 1, 11, 2], [18, 3, 19, 4], [12, 5, 13, 6], [22, 7, 23, 8], [24, 9, 1, 10]]"
12n_0233_133,"[[24, 9, 1, 10], [2, 11, 3, 12], [13, 17, 14, 16], [15, 21, 16, 20], [4, 17, 5, 18], [19, 15, 20, 14], [6, 21, 7, 22], [8, 23, 9, 24], [10, 1, 11, 2], [18, 3, 19, 4], [12, 5, 13, 6], [22, 7, 23, 8]]"
12n_0233_134,"[[22, 7, 23, 8], [24, 9, 1, 10], [2, 11, 3, 12], [13, 17, 14, 16], [15, 21, 16, 20], [4, 17, 5, 18], [19, 15, 20, 14], [6, 21, 7, 22], [8, 23, 9, 24], [10, 1, 11, 2], [18, 3, 19, 4], [12, 5, 13, 6]]"
12n_0233_135,"[[12, 5, 13, 6], [22, 7, 23, 8], [24, 9, 1, 10], [2, 11, 3, 12], [13, 17, 14, 16], [15, 21, 16, 20], [4, 17, 5, 18], [19, 15, 20, 14], [6, 21, 7, 22], [8, 23, 9, 24], [10, 1, 11, 2], [18, 3, 19, 4]]"
12n_0233_136,"[[18, 3, 19, 4], [12, 5, 13, 6], [22, 7, 23, 8], [24, 9, 1, 10], [2, 11, 3, 12], [13, 17, 14, 16], [15, 21, 16, 20], [4, 17, 5, 18], [19, 15, 20, 14], [6, 21, 7, 22], [8, 23, 9, 24], [10, 1, 11, 2]]"
12n_0233_137,"[[10, 1, 11, 2], [18, 3, 19, 4], [12, 5, 13, 6], [22, 7, 23, 8], [24, 9, 1, 10], [2, 11, 3, 12], [13, 17, 14, 16], [15, 21, 16, 20], [4, 17, 5, 18], [19, 15, 20, 14], [6, 21, 7, 22], [8, 23, 9, 24]]"
12n_0233_138,"[[8, 23, 9, 24], [10, 1, 11, 2], [18, 3, 19, 4], [12, 5, 13, 6], [22, 7, 23, 8], [24, 9, 1, 10], [2, 11, 3, 12], [13, 17, 14, 16], [15, 21, 16, 20], [4, 17, 5, 18], [19, 15, 20, 14], [6, 21, 7, 22]]"
12n_0233_139,"[[6, 21, 7, 22], [8, 23, 9, 24], [10, 1, 11, 2], [18, 3, 19, 4], [12, 5, 13, 6], [22, 7, 23, 8], [24, 9, 1, 10], [2, 11, 3, 12], [13, 17, 14, 16], [15, 21, 16, 20], [4, 17, 5, 18], [19, 15, 20, 14]]"
12n_0233_140,"[[19, 15, 20, 14], [6, 21, 7, 22], [8, 23, 9, 24], [10, 1, 11, 2], [18, 3, 19, 4], [12, 5, 13, 6], [22, 7, 23, 8], [24, 9, 1, 10], [2, 11, 3, 12], [13, 17, 14, 16], [15, 21, 16, 20], [4, 17, 5, 18]]"
12n_0233_141,"[[4, 17, 5, 18], [19, 15, 20, 14], [6, 21, 7, 22], [8, 23, 9, 24], [10, 1, 11, 2], [18, 3, 19, 4], [12, 5, 13, 6], [22, 7, 23, 8], [24, 9, 1, 10], [2, 11, 3, 12], [13, 17, 14, 16], [15, 21, 16, 20]]"
12n_0233_142,"[[15, 21, 16, 20], [4, 17, 5, 18], [19, 15, 20, 14], [6, 21, 7, 22], [8, 23, 9, 24], [10, 1, 11, 2], [18, 3, 19, 4], [12, 5, 13, 6], [22, 7, 23, 8], [24, 9, 1, 10], [2, 11, 3, 12], [13, 17, 14, 16]]"
12n_0233_143,"[[13, 17, 14, 16], [15, 21, 16, 20], [4, 17, 5, 18], [19, 15, 20, 14], [6, 21, 7, 22], [8, 23, 9, 24], [10, 1, 11, 2], [18, 3, 19, 4], [12, 5, 13, 6], [22, 7, 23, 8], [24, 9, 1, 10], [2, 11, 3, 12]]"
12n_0233_144,"[[3, 12, 4, 13], [14, 18, 15, 17], [16, 22, 17, 21], [5, 18, 6, 19], [20, 16, 21, 15], [7, 22, 8, 23], [9, 24, 10, 1], [11, 2, 12, 3], [19, 4, 20, 5], [13, 6, 14, 7], [23, 8, 24, 9], [1, 10, 2, 11]]"
12n_0233_145,"[[1, 10, 2, 11], [3, 12, 4, 13], [14, 18, 15, 17], [16, 22, 17, 21], [5, 18, 6, 19], [20, 16, 21, 15], [7, 22, 8, 23], [9, 24, 10, 1], [11, 2, 12, 3], [19, 4, 20, 5], [13, 6, 14, 7], [23, 8, 24, 9]]"
12n_0233_146,"[[23, 8, 24, 9], [1, 10, 2, 11], [3, 12, 4, 13], [14, 18, 15, 17], [16, 22, 17, 21], [5, 18, 6, 19], [20, 16, 21, 15], [7, 22, 8, 23], [9, 24, 10, 1], [11, 2, 12, 3], [19, 4, 20, 5], [13, 6, 14, 7]]"
12n_0233_147,"[[13, 6, 14, 7], [23, 8, 24, 9], [1, 10, 2, 11], [3, 12, 4, 13], [14, 18, 15, 17], [16, 22, 17, 21], [5, 18, 6, 19], [20, 16, 21, 15], [7, 22, 8, 23], [9, 24, 10, 1], [11, 2, 12, 3], [19, 4, 20, 5]]"
12n_0233_148,"[[19, 4, 20, 5], [13, 6, 14, 7], [23, 8, 24, 9], [1, 10, 2, 11], [3, 12, 4, 13], [14, 18, 15, 17], [16, 22, 17, 21], [5, 18, 6, 19], [20, 16, 21, 15], [7, 22, 8, 23], [9, 24, 10, 1], [11, 2, 12, 3]]"
12n_0233_149,"[[11, 2, 12, 3], [19, 4, 20, 5], [13, 6, 14, 7], [23, 8, 24, 9], [1, 10, 2, 11], [3, 12, 4, 13], [14, 18, 15, 17], [16, 22, 17, 21], [5, 18, 6, 19], [20, 16, 21, 15], [7, 22, 8, 23], [9, 24, 10, 1]]"
12n_0233_150,"[[9, 24, 10, 1], [11, 2, 12, 3], [19, 4, 20, 5], [13, 6, 14, 7], [23, 8, 24, 9], [1, 10, 2, 11], [3, 12, 4, 13], [14, 18, 15, 17], [16, 22, 17, 21], [5, 18, 6, 19], [20, 16, 21, 15], [7, 22, 8, 23]]"
12n_0233_151,"[[7, 22, 8, 23], [9, 24, 10, 1], [11, 2, 12, 3], [19, 4, 20, 5], [13, 6, 14, 7], [23, 8, 24, 9], [1, 10, 2, 11], [3, 12, 4, 13], [14, 18, 15, 17], [16, 22, 17, 21], [5, 18, 6, 19], [20, 16, 21, 15]]"
12n_0233_152,"[[20, 16, 21, 15], [7, 22, 8, 23], [9, 24, 10, 1], [11, 2, 12, 3], [19, 4, 20, 5], [13, 6, 14, 7], [23, 8, 24, 9], [1, 10, 2, 11], [3, 12, 4, 13], [14, 18, 15, 17], [16, 22, 17, 21], [5, 18, 6, 19]]"
12n_0233_153,"[[5, 18, 6, 19], [20, 16, 21, 15], [7, 22, 8, 23], [9, 24, 10, 1], [11, 2, 12, 3], [19, 4, 20, 5], [13, 6, 14, 7], [23, 8, 24, 9], [1, 10, 2, 11], [3, 12, 4, 13], [14, 18, 15, 17], [16, 22, 17, 21]]"
12n_0233_154,"[[16, 22, 17, 21], [5, 18, 6, 19], [20, 16, 21, 15], [7, 22, 8, 23], [9, 24, 10, 1], [11, 2, 12, 3], [19, 4, 20, 5], [13, 6, 14, 7], [23, 8, 24, 9], [1, 10, 2, 11], [3, 12, 4, 13], [14, 18, 15, 17]]"
12n_0233_155,"[[14, 18, 15, 17], [16, 22, 17, 21], [5, 18, 6, 19], [20, 16, 21, 15], [7, 22, 8, 23], [9, 24, 10, 1], [11, 2, 12, 3], [19, 4, 20, 5], [13, 6, 14, 7], [23, 8, 24, 9], [1, 10, 2, 11], [3, 12, 4, 13]]"
12n_0233_156,"[[4, 13, 5, 14], [15, 19, 16, 18], [17, 23, 18, 22], [6, 19, 7, 20], [21, 17, 22, 16], [8, 23, 9, 24], [10, 1, 11, 2], [12, 3, 13, 4], [20, 5, 21, 6], [14, 7, 15, 8], [24, 9, 1, 10], [2, 11, 3, 12]]"
12n_0233_157,"[[2, 11, 3, 12], [4, 13, 5, 14], [15, 19, 16, 18], [17, 23, 18, 22], [6, 19, 7, 20], [21, 17, 22, 16], [8, 23, 9, 24], [10, 1, 11, 2], [12, 3, 13, 4], [20, 5, 21, 6], [14, 7, 15, 8], [24, 9, 1, 10]]"
12n_0233_158,"[[24, 9, 1, 10], [2, 11, 3, 12], [4, 13, 5, 14], [15, 19, 16, 18], [17, 23, 18, 22], [6, 19, 7, 20], [21, 17, 22, 16], [8, 23, 9, 24], [10, 1, 11, 2], [12, 3, 13, 4], [20, 5, 21, 6], [14, 7, 15, 8]]"
12n_0233_159,"[[14, 7, 15, 8], [24, 9, 1, 10], [2, 11, 3, 12], [4, 13, 5, 14], [15, 19, 16, 18], [17, 23, 18, 22], [6, 19, 7, 20], [21, 17, 22, 16], [8, 23, 9, 24], [10, 1, 11, 2], [12, 3, 13, 4], [20, 5, 21, 6]]"
12n_0233_160,"[[20, 5, 21, 6], [14, 7, 15, 8], [24, 9, 1, 10], [2, 11, 3, 12], [4, 13, 5, 14], [15, 19, 16, 18], [17, 23, 18, 22], [6, 19, 7, 20], [21, 17, 22, 16], [8, 23, 9, 24], [10, 1, 11, 2], [12, 3, 13, 4]]"
12n_0233_161,"[[12, 3, 13, 4], [20, 5, 21, 6], [14, 7, 15, 8], [24, 9, 1, 10], [2, 11, 3, 12], [4, 13, 5, 14], [15, 19, 16, 18], [17, 23, 18, 22], [6, 19, 7, 20], [21, 17, 22, 16], [8, 23, 9, 24], [10, 1, 11, 2]]"
12n_0233_162,"[[10, 1, 11, 2], [12, 3, 13, 4], [20, 5, 21, 6], [14, 7, 15, 8], [24, 9, 1, 10], [2, 11, 3, 12], [4, 13, 5, 14], [15, 19, 16, 18], [17, 23, 18, 22], [6, 19, 7, 20], [21, 17, 22, 16], [8, 23, 9, 24]]"
12n_0233_163,"[[8, 23, 9, 24], [10, 1, 11, 2], [12, 3, 13, 4], [20, 5, 21, 6], [14, 7, 15, 8], [24, 9, 1, 10], [2, 11, 3, 12], [4, 13, 5, 14], [15, 19, 16, 18], [17, 23, 18, 22], [6, 19, 7, 20], [21, 17, 22, 16]]"
12n_0233_164,"[[21, 17, 22, 16], [8, 23, 9, 24], [10, 1, 11, 2], [12, 3, 13, 4], [20, 5, 21, 6], [14, 7, 15, 8], [24, 9, 1, 10], [2, 11, 3, 12], [4, 13, 5, 14], [15, 19, 16, 18], [17, 23, 18, 22], [6, 19, 7, 20]]"
12n_0233_165,"[[6, 19, 7, 20], [21, 17, 22, 16], [8, 23, 9, 24], [10, 1, 11, 2], [12, 3, 13, 4], [20, 5, 21, 6], [14, 7, 15, 8], [24, 9, 1, 10], [2, 11, 3, 12], [4, 13, 5, 14], [15, 19, 16, 18], [17, 23, 18, 22]]"
12n_0233_166,"[[17, 23, 18, 22], [6, 19, 7, 20], [21, 17, 22, 16], [8, 23, 9, 24], [10, 1, 11, 2], [12, 3, 13, 4], [20, 5, 21, 6], [14, 7, 15, 8], [24, 9, 1, 10], [2, 11, 3, 12], [4, 13, 5, 14], [15, 19, 16, 18]]"
12n_0233_167,"[[15, 19, 16, 18], [17, 23, 18, 22], [6, 19, 7, 20], [21, 17, 22, 16], [8, 23, 9, 24], [10, 1, 11, 2], [12, 3, 13, 4], [20, 5, 21, 6], [14, 7, 15, 8], [24, 9, 1, 10], [2, 11, 3, 12], [4, 13, 5, 14]]"
12n_0233_168,"[[5, 14, 6, 15], [16, 20, 17, 19], [18, 24, 19, 23], [7, 20, 8, 21], [22, 18, 23, 17], [9, 24, 10, 1], [11, 2, 12, 3], [13, 4, 14, 5], [21, 6, 22, 7], [15, 8, 16, 9], [1, 10, 2, 11], [3, 12, 4, 13]]"
12n_0233_169,"[[3, 12, 4, 13], [5, 14, 6, 15], [16, 20, 17, 19], [18, 24, 19, 23], [7, 20, 8, 21], [22, 18, 23, 17], [9, 24, 10, 1], [11, 2, 12, 3], [13, 4, 14, 5], [21, 6, 22, 7], [15, 8, 16, 9], [1, 10, 2, 11]]"
12n_0233_170,"[[1, 10, 2, 11], [3, 12, 4, 13], [5, 14, 6, 15], [16, 20, 17, 19], [18, 24, 19, 23], [7, 20, 8, 21], [22, 18, 23, 17], [9, 24, 10, 1], [11, 2, 12, 3], [13, 4, 14, 5], [21, 6, 22, 7], [15, 8, 16, 9]]"
12n_0233_171,"[[15, 8, 16, 9], [1, 10, 2, 11], [3, 12, 4, 13], [5, 14, 6, 15], [16, 20, 17, 19], [18, 24, 19, 23], [7, 20, 8, 21], [22, 18, 23, 17], [9, 24, 10, 1], [11, 2, 12, 3], [13, 4, 14, 5], [21, 6, 22, 7]]"
12n_0233_172,"[[21, 6, 22, 7], [15, 8, 16, 9], [1, 10, 2, 11], [3, 12, 4, 13], [5, 14, 6, 15], [16, 20, 17, 19], [18, 24, 19, 23], [7, 20, 8, 21], [22, 18, 23, 17], [9, 24, 10, 1], [11, 2, 12, 3], [13, 4, 14, 5]]"
12n_0233_173,"[[13, 4, 14, 5], [21, 6, 22, 7], [15, 8, 16, 9], [1, 10, 2, 11], [3, 12, 4, 13], [5, 14, 6, 15], [16, 20, 17, 19], [18, 24, 19, 23], [7, 20, 8, 21], [22, 18, 23, 17], [9, 24, 10, 1], [11, 2, 12, 3]]"
12n_0233_174,"[[11, 2, 12, 3], [13, 4, 14, 5], [21, 6, 22, 7], [15, 8, 16, 9], [1, 10, 2, 11], [3, 12, 4, 13], [5, 14, 6, 15], [16, 20, 17, 19], [18, 24, 19, 23], [7, 20, 8, 21], [22, 18, 23, 17], [9, 24, 10, 1]]"
12n_0233_175,"[[9, 24, 10, 1], [11, 2, 12, 3], [13, 4, 14, 5], [21, 6, 22, 7], [15, 8, 16, 9], [1, 10, 2, 11], [3, 12, 4, 13], [5, 14, 6, 15], [16, 20, 17, 19], [18, 24, 19, 23], [7, 20, 8, 21], [22, 18, 23, 17]]"
12n_0233_176,"[[22, 18, 23, 17], [9, 24, 10, 1], [11, 2, 12, 3], [13, 4, 14, 5], [21, 6, 22, 7], [15, 8, 16, 9], [1, 10, 2, 11], [3, 12, 4, 13], [5, 14, 6, 15], [16, 20, 17, 19], [18, 24, 19, 23], [7, 20, 8, 21]]"
12n_0233_177,"[[7, 20, 8, 21], [22, 18, 23, 17], [9, 24, 10, 1], [11, 2, 12, 3], [13, 4, 14, 5], [21, 6, 22, 7], [15, 8, 16, 9], [1, 10, 2, 11], [3, 12, 4, 13], [5, 14, 6, 15], [16, 20, 17, 19], [18, 24, 19, 23]]"
12n_0233_178,"[[18, 24, 19, 23], [7, 20, 8, 21], [22, 18, 23, 17], [9, 24, 10, 1], [11, 2, 12, 3], [13, 4, 14, 5], [21, 6, 22, 7], [15, 8, 16, 9], [1, 10, 2, 11], [3, 12, 4, 13], [5, 14, 6, 15], [16, 20, 17, 19]]"
12n_0233_179,"[[16, 20, 17, 19], [18, 24, 19, 23], [7, 20, 8, 21], [22, 18, 23, 17], [9, 24, 10, 1], [11, 2, 12, 3], [13, 4, 14, 5], [21, 6, 22, 7], [15, 8, 16, 9], [1, 10, 2, 11], [3, 12, 4, 13], [5, 14, 6, 15]]"
12n_0233_180,"[[6, 15, 7, 16], [17, 21, 18, 20], [19, 1, 20, 24], [8, 21, 9, 22], [23, 19, 24, 18], [10, 1, 11, 2], [12, 3, 13, 4], [14, 5, 15, 6], [22, 7, 23, 8], [16, 9, 17, 10], [2, 11, 3, 12], [4, 13, 5, 14]]"
12n_0233_181,"[[4, 13, 5, 14], [6, 15, 7, 16], [17, 21, 18, 20], [19, 1, 20, 24], [8, 21, 9, 22], [23, 19, 24, 18], [10, 1, 11, 2], [12, 3, 13, 4], [14, 5, 15, 6], [22, 7, 23, 8], [16, 9, 17, 10], [2, 11, 3, 12]]"
12n_0233_182,"[[2, 11, 3, 12], [4, 13, 5, 14], [6, 15, 7, 16], [17, 21, 18, 20], [19, 1, 20, 24], [8, 21, 9, 22], [23, 19, 24, 18], [10, 1, 11, 2], [12, 3, 13, 4], [14, 5, 15, 6], [22, 7, 23, 8], [16, 9, 17, 10]]"
12n_0233_183,"[[16, 9, 17, 10], [2, 11, 3, 12], [4, 13, 5, 14], [6, 15, 7, 16], [17, 21, 18, 20], [19, 1, 20, 24], [8, 21, 9, 22], [23, 19, 24, 18], [10, 1, 11, 2], [12, 3, 13, 4], [14, 5, 15, 6], [22, 7, 23, 8]]"
12n_0233_184,"[[22, 7, 23, 8], [16, 9, 17, 10], [2, 11, 3, 12], [4, 13, 5, 14], [6, 15, 7, 16], [17, 21, 18, 20], [19, 1, 20, 24], [8, 21, 9, 22], [23, 19, 24, 18], [10, 1, 11, 2], [12, 3, 13, 4], [14, 5, 15, 6]]"
12n_0233_185,"[[14, 5, 15, 6], [22, 7, 23, 8], [16, 9, 17, 10], [2, 11, 3, 12], [4, 13, 5, 14], [6, 15, 7, 16], [17, 21, 18, 20], [19, 1, 20, 24], [8, 21, 9, 22], [23, 19, 24, 18], [10, 1, 11, 2], [12, 3, 13, 4]]"
