name,pd_notation
12n_0639_0,"[[7, 1, 8, 24], [2, 6, 3, 5], [4, 16, 5, 15], [19, 7, 20, 6], [17, 8, 18, 9], [21, 11, 22, 10], [23, 13, 24, 12], [14, 4, 15, 3], [9, 16, 10, 17], [1, 19, 2, 18], [13, 21, 14, 20], [11, 23, 12, 22]]"
12n_0639_1,"[[11, 23, 12, 22], [7, 1, 8, 24], [2, 6, 3, 5], [4, 16, 5, 15], [19, 7, 20, 6], [17, 8, 18, 9], [21, 11, 22, 10], [23, 13, 24, 12], [14, 4, 15, 3], [9, 16, 10, 17], [1, 19, 2, 18], [13, 21, 14, 20]]"
12n_0639_2,"[[13, 21, 14, 20], [11, 23, 12, 22], [7, 1, 8, 24], [2, 6, 3, 5], [4, 16, 5, 15], [19, 7, 20, 6], [17, 8, 18, 9], [21, 11, 22, 10], [23, 13, 24, 12], [14, 4, 15, 3], [9, 16, 10, 17], [1, 19, 2, 18]]"
12n_0639_3,"[[1, 19, 2, 18], [13, 21, 14, 20], [11, 23, 12, 22], [7, 1, 8, 24], [2, 6, 3, 5], [4, 16, 5, 15], [19, 7, 20, 6], [17, 8, 18, 9], [21, 11, 22, 10], [23, 13, 24, 12], [14, 4, 15, 3], [9, 16, 10, 17]]"
12n_0639_4,"[[9, 16, 10, 17], [1, 19, 2, 18], [13, 21, 14, 20], [11, 23, 12, 22], [7, 1, 8, 24], [2, 6, 3, 5], [4, 16, 5, 15], [19, 7, 20, 6], [17, 8, 18, 9], [21, 11, 22, 10], [23, 13, 24, 12], [14, 4, 15, 3]]"
12n_0639_5,"[[14, 4, 15, 3], [9, 16, 10, 17], [1, 19, 2, 18], [13, 21, 14, 20], [11, 23, 12, 22], [7, 1, 8, 24], [2, 6, 3, 5], [4, 16, 5, 15], [19, 7, 20, 6], [17, 8, 18, 9], [21, 11, 22, 10], [23, 13, 24, 12]]"
12n_0639_6,"[[23, 13, 24, 12], [14, 4, 15, 3], [9, 16, 10, 17], [1, 19, 2, 18], [13, 21, 14, 20], [11, 23, 12, 22], [7, 1, 8, 24], [2, 6, 3, 5], [4, 16, 5, 15], [19, 7, 20, 6], [17, 8, 18, 9], [21, 11, 22, 10]]"
12n_0639_7,"[[21, 11, 22, 10], [23, 13, 24, 12], [14, 4, 15, 3], [9, 16, 10, 17], [1, 19, 2, 18], [13, 21, 14, 20], [11, 23, 12, 22], [7, 1, 8, 24], [2, 6, 3, 5], [4, 16, 5, 15], [19, 7, 20, 6], [17, 8, 18, 9]]"
12n_0639_8,"[[17, 8, 18, 9], [21, 11, 22, 10], [23, 13, 24, 12], [14, 4, 15, 3], [9, 16, 10, 17], [1, 19, 2, 18], [13, 21, 14, 20], [11, 23, 12, 22], [7, 1, 8, 24], [2, 6, 3, 5], [4, 16, 5, 15], [19, 7, 20, 6]]"
12n_0639_9,"[[19, 7, 20, 6], [17, 8, 18, 9], [21, 11, 22, 10], [23, 13, 24, 12], [14, 4, 15, 3], [9, 16, 10, 17], [1, 19, 2, 18], [13, 21, 14, 20], [11, 23, 12, 22], [7, 1, 8, 24], [2, 6, 3, 5], [4, 16, 5, 15]]"
12n_0639_10,"[[4, 16, 5, 15], [19, 7, 20, 6], [17, 8, 18, 9], [21, 11, 22, 10], [23, 13, 24, 12], [14, 4, 15, 3], [9, 16, 10, 17], [1, 19, 2, 18], [13, 21, 14, 20], [11, 23, 12, 22], [7, 1, 8, 24], [2, 6, 3, 5]]"
12n_0639_11,"[[2, 6, 3, 5], [4, 16, 5, 15], [19, 7, 20, 6], [17, 8, 18, 9], [21, 11, 22, 10], [23, 13, 24, 12], [14, 4, 15, 3], [9, 16, 10, 17], [1, 19, 2, 18], [13, 21, 14, 20], [11, 23, 12, 22], [7, 1, 8, 24]]"
12n_0639_12,"[[8, 2, 9, 1], [3, 7, 4, 6], [5, 17, 6, 16], [20, 8, 21, 7], [18, 9, 19, 10], [22, 12, 23, 11], [24, 14, 1, 13], [15, 5, 16, 4], [10, 17, 11, 18], [2, 20, 3, 19], [14, 22, 15, 21], [12, 24, 13, 23]]"
12n_0639_13,"[[12, 24, 13, 23], [8, 2, 9, 1], [3, 7, 4, 6], [5, 17, 6, 16], [20, 8, 21, 7], [18, 9, 19, 10], [22, 12, 23, 11], [24, 14, 1, 13], [15, 5, 16, 4], [10, 17, 11, 18], [2, 20, 3, 19], [14, 22, 15, 21]]"
12n_0639_14,"[[14, 22, 15, 21], [12, 24, 13, 23], [8, 2, 9, 1], [3, 7, 4, 6], [5, 17, 6, 16], [20, 8, 21, 7], [18, 9, 19, 10], [22, 12, 23, 11], [24, 14, 1, 13], [15, 5, 16, 4], [10, 17, 11, 18], [2, 20, 3, 19]]"
12n_0639_15,"[[2, 20, 3, 19], [14, 22, 15, 21], [12, 24, 13, 23], [8, 2, 9, 1], [3, 7, 4, 6], [5, 17, 6, 16], [20, 8, 21, 7], [18, 9, 19, 10], [22, 12, 23, 11], [24, 14, 1, 13], [15, 5, 16, 4], [10, 17, 11, 18]]"
12n_0639_16,"[[10, 17, 11, 18], [2, 20, 3, 19], [14, 22, 15, 21], [12, 24, 13, 23], [8, 2, 9, 1], [3, 7, 4, 6], [5, 17, 6, 16], [20, 8, 21, 7], [18, 9, 19, 10], [22, 12, 23, 11], [24, 14, 1, 13], [15, 5, 16, 4]]"
12n_0639_17,"[[15, 5, 16, 4], [10, 17, 11, 18], [2, 20, 3, 19], [14, 22, 15, 21], [12, 24, 13, 23], [8, 2, 9, 1], [3, 7, 4, 6], [5, 17, 6, 16], [20, 8, 21, 7], [18, 9, 19, 10], [22, 12, 23, 11], [24, 14, 1, 13]]"
12n_0639_18,"[[24, 14, 1, 13], [15, 5, 16, 4], [10, 17, 11, 18], [2, 20, 3, 19], [14, 22, 15, 21], [12, 24, 13, 23], [8, 2, 9, 1], [3, 7, 4, 6], [5, 17, 6, 16], [20, 8, 21, 7], [18, 9, 19, 10], [22, 12, 23, 11]]"
12n_0639_19,"[[22, 12, 23, 11], [24, 14, 1, 13], [15, 5, 16, 4], [10, 17, 11, 18], [2, 20, 3, 19], [14, 22, 15, 21], [12, 24, 13, 23], [8, 2, 9, 1], [3, 7, 4, 6], [5, 17, 6, 16], [20, 8, 21, 7], [18, 9, 19, 10]]"
12n_0639_20,"[[18, 9, 19, 10], [22, 12, 23, 11], [24, 14, 1, 13], [15, 5, 16, 4], [10, 17, 11, 18], [2, 20, 3, 19], [14, 22, 15, 21], [12, 24, 13, 23], [8, 2, 9, 1], [3, 7, 4, 6], [5, 17, 6, 16], [20, 8, 21, 7]]"
12n_0639_21,"[[20, 8, 21, 7], [18, 9, 19, 10], [22, 12, 23, 11], [24, 14, 1, 13], [15, 5, 16, 4], [10, 17, 11, 18], [2, 20, 3, 19], [14, 22, 15, 21], [12, 24, 13, 23], [8, 2, 9, 1], [3, 7, 4, 6], [5, 17, 6, 16]]"
12n_0639_22,"[[5, 17, 6, 16], [20, 8, 21, 7], [18, 9, 19, 10], [22, 12, 23, 11], [24, 14, 1, 13], [15, 5, 16, 4], [10, 17, 11, 18], [2, 20, 3, 19], [14, 22, 15, 21], [12, 24, 13, 23], [8, 2, 9, 1], [3, 7, 4, 6]]"
12n_0639_23,"[[3, 7, 4, 6], [5, 17, 6, 16], [20, 8, 21, 7], [18, 9, 19, 10], [22, 12, 23, 11], [24, 14, 1, 13], [15, 5, 16, 4], [10, 17, 11, 18], [2, 20, 3, 19], [14, 22, 15, 21], [12, 24, 13, 23], [8, 2, 9, 1]]"
12n_0639_24,"[[9, 3, 10, 2], [4, 8, 5, 7], [6, 18, 7, 17], [21, 9, 22, 8], [19, 10, 20, 11], [23, 13, 24, 12], [1, 15, 2, 14], [16, 6, 17, 5], [11, 18, 12, 19], [3, 21, 4, 20], [15, 23, 16, 22], [13, 1, 14, 24]]"
12n_0639_25,"[[13, 1, 14, 24], [9, 3, 10, 2], [4, 8, 5, 7], [6, 18, 7, 17], [21, 9, 22, 8], [19, 10, 20, 11], [23, 13, 24, 12], [1, 15, 2, 14], [16, 6, 17, 5], [11, 18, 12, 19], [3, 21, 4, 20], [15, 23, 16, 22]]"
12n_0639_26,"[[15, 23, 16, 22], [13, 1, 14, 24], [9, 3, 10, 2], [4, 8, 5, 7], [6, 18, 7, 17], [21, 9, 22, 8], [19, 10, 20, 11], [23, 13, 24, 12], [1, 15, 2, 14], [16, 6, 17, 5], [11, 18, 12, 19], [3, 21, 4, 20]]"
12n_0639_27,"[[3, 21, 4, 20], [15, 23, 16, 22], [13, 1, 14, 24], [9, 3, 10, 2], [4, 8, 5, 7], [6, 18, 7, 17], [21, 9, 22, 8], [19, 10, 20, 11], [23, 13, 24, 12], [1, 15, 2, 14], [16, 6, 17, 5], [11, 18, 12, 19]]"
12n_0639_28,"[[11, 18, 12, 19], [3, 21, 4, 20], [15, 23, 16, 22], [13, 1, 14, 24], [9, 3, 10, 2], [4, 8, 5, 7], [6, 18, 7, 17], [21, 9, 22, 8], [19, 10, 20, 11], [23, 13, 24, 12], [1, 15, 2, 14], [16, 6, 17, 5]]"
12n_0639_29,"[[16, 6, 17, 5], [11, 18, 12, 19], [3, 21, 4, 20], [15, 23, 16, 22], [13, 1, 14, 24], [9, 3, 10, 2], [4, 8, 5, 7], [6, 18, 7, 17], [21, 9, 22, 8], [19, 10, 20, 11], [23, 13, 24, 12], [1, 15, 2, 14]]"
12n_0639_30,"[[1, 15, 2, 14], [16, 6, 17, 5], [11, 18, 12, 19], [3, 21, 4, 20], [15, 23, 16, 22], [13, 1, 14, 24], [9, 3, 10, 2], [4, 8, 5, 7], [6, 18, 7, 17], [21, 9, 22, 8], [19, 10, 20, 11], [23, 13, 24, 12]]"
12n_0639_31,"[[23, 13, 24, 12], [1, 15, 2, 14], [16, 6, 17, 5], [11, 18, 12, 19], [3, 21, 4, 20], [15, 23, 16, 22], [13, 1, 14, 24], [9, 3, 10, 2], [4, 8, 5, 7], [6, 18, 7, 17], [21, 9, 22, 8], [19, 10, 20, 11]]"
12n_0639_32,"[[19, 10, 20, 11], [23, 13, 24, 12], [1, 15, 2, 14], [16, 6, 17, 5], [11, 18, 12, 19], [3, 21, 4, 20], [15, 23, 16, 22], [13, 1, 14, 24], [9, 3, 10, 2], [4, 8, 5, 7], [6, 18, 7, 17], [21, 9, 22, 8]]"
12n_0639_33,"[[21, 9, 22, 8], [19, 10, 20, 11], [23, 13, 24, 12], [1, 15, 2, 14], [16, 6, 17, 5], [11, 18, 12, 19], [3, 21, 4, 20], [15, 23, 16, 22], [13, 1, 14, 24], [9, 3, 10, 2], [4, 8, 5, 7], [6, 18, 7, 17]]"
12n_0639_34,"[[6, 18, 7, 17], [21, 9, 22, 8], [19, 10, 20, 11], [23, 13, 24, 12], [1, 15, 2, 14], [16, 6, 17, 5], [11, 18, 12, 19], [3, 21, 4, 20], [15, 23, 16, 22], [13, 1, 14, 24], [9, 3, 10, 2], [4, 8, 5, 7]]"
12n_0639_35,"[[4, 8, 5, 7], [6, 18, 7, 17], [21, 9, 22, 8], [19, 10, 20, 11], [23, 13, 24, 12], [1, 15, 2, 14], [16, 6, 17, 5], [11, 18, 12, 19], [3, 21, 4, 20], [15, 23, 16, 22], [13, 1, 14, 24], [9, 3, 10, 2]]"
12n_0639_36,"[[10, 4, 11, 3], [5, 9, 6, 8], [7, 19, 8, 18], [22, 10, 23, 9], [20, 11, 21, 12], [24, 14, 1, 13], [2, 16, 3, 15], [17, 7, 18, 6], [12, 19, 13, 20], [4, 22, 5, 21], [16, 24, 17, 23], [14, 2, 15, 1]]"
12n_0639_37,"[[14, 2, 15, 1], [10, 4, 11, 3], [5, 9, 6, 8], [7, 19, 8, 18], [22, 10, 23, 9], [20, 11, 21, 12], [24, 14, 1, 13], [2, 16, 3, 15], [17, 7, 18, 6], [12, 19, 13, 20], [4, 22, 5, 21], [16, 24, 17, 23]]"
12n_0639_38,"[[16, 24, 17, 23], [14, 2, 15, 1], [10, 4, 11, 3], [5, 9, 6, 8], [7, 19, 8, 18], [22, 10, 23, 9], [20, 11, 21, 12], [24, 14, 1, 13], [2, 16, 3, 15], [17, 7, 18, 6], [12, 19, 13, 20], [4, 22, 5, 21]]"
12n_0639_39,"[[4, 22, 5, 21], [16, 24, 17, 23], [14, 2, 15, 1], [10, 4, 11, 3], [5, 9, 6, 8], [7, 19, 8, 18], [22, 10, 23, 9], [20, 11, 21, 12], [24, 14, 1, 13], [2, 16, 3, 15], [17, 7, 18, 6], [12, 19, 13, 20]]"
12n_0639_40,"[[12, 19, 13, 20], [4, 22, 5, 21], [16, 24, 17, 23], [14, 2, 15, 1], [10, 4, 11, 3], [5, 9, 6, 8], [7, 19, 8, 18], [22, 10, 23, 9], [20, 11, 21, 12], [24, 14, 1, 13], [2, 16, 3, 15], [17, 7, 18, 6]]"
12n_0639_41,"[[17, 7, 18, 6], [12, 19, 13, 20], [4, 22, 5, 21], [16, 24, 17, 23], [14, 2, 15, 1], [10, 4, 11, 3], [5, 9, 6, 8], [7, 19, 8, 18], [22, 10, 23, 9], [20, 11, 21, 12], [24, 14, 1, 13], [2, 16, 3, 15]]"
12n_0639_42,"[[2, 16, 3, 15], [17, 7, 18, 6], [12, 19, 13, 20], [4, 22, 5, 21], [16, 24, 17, 23], [14, 2, 15, 1], [10, 4, 11, 3], [5, 9, 6, 8], [7, 19, 8, 18], [22, 10, 23, 9], [20, 11, 21, 12], [24, 14, 1, 13]]"
12n_0639_43,"[[24, 14, 1, 13], [2, 16, 3, 15], [17, 7, 18, 6], [12, 19, 13, 20], [4, 22, 5, 21], [16, 24, 17, 23], [14, 2, 15, 1], [10, 4, 11, 3], [5, 9, 6, 8], [7, 19, 8, 18], [22, 10, 23, 9], [20, 11, 21, 12]]"
12n_0639_44,"[[20, 11, 21, 12], [24, 14, 1, 13], [2, 16, 3, 15], [17, 7, 18, 6], [12, 19, 13, 20], [4, 22, 5, 21], [16, 24, 17, 23], [14, 2, 15, 1], [10, 4, 11, 3], [5, 9, 6, 8], [7, 19, 8, 18], [22, 10, 23, 9]]"
12n_0639_45,"[[22, 10, 23, 9], [20, 11, 21, 12], [24, 14, 1, 13], [2, 16, 3, 15], [17, 7, 18, 6], [12, 19, 13, 20], [4, 22, 5, 21], [16, 24, 17, 23], [14, 2, 15, 1], [10, 4, 11, 3], [5, 9, 6, 8], [7, 19, 8, 18]]"
12n_0639_46,"[[7, 19, 8, 18], [22, 10, 23, 9], [20, 11, 21, 12], [24, 14, 1, 13], [2, 16, 3, 15], [17, 7, 18, 6], [12, 19, 13, 20], [4, 22, 5, 21], [16, 24, 17, 23], [14, 2, 15, 1], [10, 4, 11, 3], [5, 9, 6, 8]]"
12n_0639_47,"[[5, 9, 6, 8], [7, 19, 8, 18], [22, 10, 23, 9], [20, 11, 21, 12], [24, 14, 1, 13], [2, 16, 3, 15], [17, 7, 18, 6], [12, 19, 13, 20], [4, 22, 5, 21], [16, 24, 17, 23], [14, 2, 15, 1], [10, 4, 11, 3]]"
12n_0639_48,"[[11, 5, 12, 4], [6, 10, 7, 9], [8, 20, 9, 19], [23, 11, 24, 10], [21, 12, 22, 13], [1, 15, 2, 14], [3, 17, 4, 16], [18, 8, 19, 7], [13, 20, 14, 21], [5, 23, 6, 22], [17, 1, 18, 24], [15, 3, 16, 2]]"
12n_0639_49,"[[15, 3, 16, 2], [11, 5, 12, 4], [6, 10, 7, 9], [8, 20, 9, 19], [23, 11, 24, 10], [21, 12, 22, 13], [1, 15, 2, 14], [3, 17, 4, 16], [18, 8, 19, 7], [13, 20, 14, 21], [5, 23, 6, 22], [17, 1, 18, 24]]"
12n_0639_50,"[[17, 1, 18, 24], [15, 3, 16, 2], [11, 5, 12, 4], [6, 10, 7, 9], [8, 20, 9, 19], [23, 11, 24, 10], [21, 12, 22, 13], [1, 15, 2, 14], [3, 17, 4, 16], [18, 8, 19, 7], [13, 20, 14, 21], [5, 23, 6, 22]]"
12n_0639_51,"[[5, 23, 6, 22], [17, 1, 18, 24], [15, 3, 16, 2], [11, 5, 12, 4], [6, 10, 7, 9], [8, 20, 9, 19], [23, 11, 24, 10], [21, 12, 22, 13], [1, 15, 2, 14], [3, 17, 4, 16], [18, 8, 19, 7], [13, 20, 14, 21]]"
12n_0639_52,"[[13, 20, 14, 21], [5, 23, 6, 22], [17, 1, 18, 24], [15, 3, 16, 2], [11, 5, 12, 4], [6, 10, 7, 9], [8, 20, 9, 19], [23, 11, 24, 10], [21, 12, 22, 13], [1, 15, 2, 14], [3, 17, 4, 16], [18, 8, 19, 7]]"
12n_0639_53,"[[18, 8, 19, 7], [13, 20, 14, 21], [5, 23, 6, 22], [17, 1, 18, 24], [15, 3, 16, 2], [11, 5, 12, 4], [6, 10, 7, 9], [8, 20, 9, 19], [23, 11, 24, 10], [21, 12, 22, 13], [1, 15, 2, 14], [3, 17, 4, 16]]"
12n_0639_54,"[[3, 17, 4, 16], [18, 8, 19, 7], [13, 20, 14, 21], [5, 23, 6, 22], [17, 1, 18, 24], [15, 3, 16, 2], [11, 5, 12, 4], [6, 10, 7, 9], [8, 20, 9, 19], [23, 11, 24, 10], [21, 12, 22, 13], [1, 15, 2, 14]]"
12n_0639_55,"[[1, 15, 2, 14], [3, 17, 4, 16], [18, 8, 19, 7], [13, 20, 14, 21], [5, 23, 6, 22], [17, 1, 18, 24], [15, 3, 16, 2], [11, 5, 12, 4], [6, 10, 7, 9], [8, 20, 9, 19], [23, 11, 24, 10], [21, 12, 22, 13]]"
12n_0639_56,"[[21, 12, 22, 13], [1, 15, 2, 14], [3, 17, 4, 16], [18, 8, 19, 7], [13, 20, 14, 21], [5, 23, 6, 22], [17, 1, 18, 24], [15, 3, 16, 2], [11, 5, 12, 4], [6, 10, 7, 9], [8, 20, 9, 19], [23, 11, 24, 10]]"
12n_0639_57,"[[23, 11, 24, 10], [21, 12, 22, 13], [1, 15, 2, 14], [3, 17, 4, 16], [18, 8, 19, 7], [13, 20, 14, 21], [5, 23, 6, 22], [17, 1, 18, 24], [15, 3, 16, 2], [11, 5, 12, 4], [6, 10, 7, 9], [8, 20, 9, 19]]"
12n_0639_58,"[[8, 20, 9, 19], [23, 11, 24, 10], [21, 12, 22, 13], [1, 15, 2, 14], [3, 17, 4, 16], [18, 8, 19, 7], [13, 20, 14, 21], [5, 23, 6, 22], [17, 1, 18, 24], [15, 3, 16, 2], [11, 5, 12, 4], [6, 10, 7, 9]]"
12n_0639_59,"[[6, 10, 7, 9], [8, 20, 9, 19], [23, 11, 24, 10], [21, 12, 22, 13], [1, 15, 2, 14], [3, 17, 4, 16], [18, 8, 19, 7], [13, 20, 14, 21], [5, 23, 6, 22], [17, 1, 18, 24], [15, 3, 16, 2], [11, 5, 12, 4]]"
12n_0639_60,"[[12, 6, 13, 5], [7, 11, 8, 10], [9, 21, 10, 20], [24, 12, 1, 11], [22, 13, 23, 14], [2, 16, 3, 15], [4, 18, 5, 17], [19, 9, 20, 8], [14, 21, 15, 22], [6, 24, 7, 23], [18, 2, 19, 1], [16, 4, 17, 3]]"
12n_0639_61,"[[16, 4, 17, 3], [12, 6, 13, 5], [7, 11, 8, 10], [9, 21, 10, 20], [24, 12, 1, 11], [22, 13, 23, 14], [2, 16, 3, 15], [4, 18, 5, 17], [19, 9, 20, 8], [14, 21, 15, 22], [6, 24, 7, 23], [18, 2, 19, 1]]"
12n_0639_62,"[[18, 2, 19, 1], [16, 4, 17, 3], [12, 6, 13, 5], [7, 11, 8, 10], [9, 21, 10, 20], [24, 12, 1, 11], [22, 13, 23, 14], [2, 16, 3, 15], [4, 18, 5, 17], [19, 9, 20, 8], [14, 21, 15, 22], [6, 24, 7, 23]]"
12n_0639_63,"[[6, 24, 7, 23], [18, 2, 19, 1], [16, 4, 17, 3], [12, 6, 13, 5], [7, 11, 8, 10], [9, 21, 10, 20], [24, 12, 1, 11], [22, 13, 23, 14], [2, 16, 3, 15], [4, 18, 5, 17], [19, 9, 20, 8], [14, 21, 15, 22]]"
12n_0639_64,"[[14, 21, 15, 22], [6, 24, 7, 23], [18, 2, 19, 1], [16, 4, 17, 3], [12, 6, 13, 5], [7, 11, 8, 10], [9, 21, 10, 20], [24, 12, 1, 11], [22, 13, 23, 14], [2, 16, 3, 15], [4, 18, 5, 17], [19, 9, 20, 8]]"
12n_0639_65,"[[19, 9, 20, 8], [14, 21, 15, 22], [6, 24, 7, 23], [18, 2, 19, 1], [16, 4, 17, 3], [12, 6, 13, 5], [7, 11, 8, 10], [9, 21, 10, 20], [24, 12, 1, 11], [22, 13, 23, 14], [2, 16, 3, 15], [4, 18, 5, 17]]"
12n_0639_66,"[[4, 18, 5, 17], [19, 9, 20, 8], [14, 21, 15, 22], [6, 24, 7, 23], [18, 2, 19, 1], [16, 4, 17, 3], [12, 6, 13, 5], [7, 11, 8, 10], [9, 21, 10, 20], [24, 12, 1, 11], [22, 13, 23, 14], [2, 16, 3, 15]]"
12n_0639_67,"[[2, 16, 3, 15], [4, 18, 5, 17], [19, 9, 20, 8], [14, 21, 15, 22], [6, 24, 7, 23], [18, 2, 19, 1], [16, 4, 17, 3], [12, 6, 13, 5], [7, 11, 8, 10], [9, 21, 10, 20], [24, 12, 1, 11], [22, 13, 23, 14]]"
12n_0639_68,"[[22, 13, 23, 14], [2, 16, 3, 15], [4, 18, 5, 17], [19, 9, 20, 8], [14, 21, 15, 22], [6, 24, 7, 23], [18, 2, 19, 1], [16, 4, 17, 3], [12, 6, 13, 5], [7, 11, 8, 10], [9, 21, 10, 20], [24, 12, 1, 11]]"
12n_0639_69,"[[24, 12, 1, 11], [22, 13, 23, 14], [2, 16, 3, 15], [4, 18, 5, 17], [19, 9, 20, 8], [14, 21, 15, 22], [6, 24, 7, 23], [18, 2, 19, 1], [16, 4, 17, 3], [12, 6, 13, 5], [7, 11, 8, 10], [9, 21, 10, 20]]"
12n_0639_70,"[[9, 21, 10, 20], [24, 12, 1, 11], [22, 13, 23, 14], [2, 16, 3, 15], [4, 18, 5, 17], [19, 9, 20, 8], [14, 21, 15, 22], [6, 24, 7, 23], [18, 2, 19, 1], [16, 4, 17, 3], [12, 6, 13, 5], [7, 11, 8, 10]]"
12n_0639_71,"[[7, 11, 8, 10], [9, 21, 10, 20], [24, 12, 1, 11], [22, 13, 23, 14], [2, 16, 3, 15], [4, 18, 5, 17], [19, 9, 20, 8], [14, 21, 15, 22], [6, 24, 7, 23], [18, 2, 19, 1], [16, 4, 17, 3], [12, 6, 13, 5]]"
12n_0639_72,"[[13, 7, 14, 6], [8, 12, 9, 11], [10, 22, 11, 21], [1, 13, 2, 12], [23, 14, 24, 15], [3, 17, 4, 16], [5, 19, 6, 18], [20, 10, 21, 9], [15, 22, 16, 23], [7, 1, 8, 24], [19, 3, 20, 2], [17, 5, 18, 4]]"
12n_0639_73,"[[17, 5, 18, 4], [13, 7, 14, 6], [8, 12, 9, 11], [10, 22, 11, 21], [1, 13, 2, 12], [23, 14, 24, 15], [3, 17, 4, 16], [5, 19, 6, 18], [20, 10, 21, 9], [15, 22, 16, 23], [7, 1, 8, 24], [19, 3, 20, 2]]"
12n_0639_74,"[[19, 3, 20, 2], [17, 5, 18, 4], [13, 7, 14, 6], [8, 12, 9, 11], [10, 22, 11, 21], [1, 13, 2, 12], [23, 14, 24, 15], [3, 17, 4, 16], [5, 19, 6, 18], [20, 10, 21, 9], [15, 22, 16, 23], [7, 1, 8, 24]]"
12n_0639_75,"[[7, 1, 8, 24], [19, 3, 20, 2], [17, 5, 18, 4], [13, 7, 14, 6], [8, 12, 9, 11], [10, 22, 11, 21], [1, 13, 2, 12], [23, 14, 24, 15], [3, 17, 4, 16], [5, 19, 6, 18], [20, 10, 21, 9], [15, 22, 16, 23]]"
12n_0639_76,"[[15, 22, 16, 23], [7, 1, 8, 24], [19, 3, 20, 2], [17, 5, 18, 4], [13, 7, 14, 6], [8, 12, 9, 11], [10, 22, 11, 21], [1, 13, 2, 12], [23, 14, 24, 15], [3, 17, 4, 16], [5, 19, 6, 18], [20, 10, 21, 9]]"
12n_0639_77,"[[20, 10, 21, 9], [15, 22, 16, 23], [7, 1, 8, 24], [19, 3, 20, 2], [17, 5, 18, 4], [13, 7, 14, 6], [8, 12, 9, 11], [10, 22, 11, 21], [1, 13, 2, 12], [23, 14, 24, 15], [3, 17, 4, 16], [5, 19, 6, 18]]"
12n_0639_78,"[[5, 19, 6, 18], [20, 10, 21, 9], [15, 22, 16, 23], [7, 1, 8, 24], [19, 3, 20, 2], [17, 5, 18, 4], [13, 7, 14, 6], [8, 12, 9, 11], [10, 22, 11, 21], [1, 13, 2, 12], [23, 14, 24, 15], [3, 17, 4, 16]]"
12n_0639_79,"[[3, 17, 4, 16], [5, 19, 6, 18], [20, 10, 21, 9], [15, 22, 16, 23], [7, 1, 8, 24], [19, 3, 20, 2], [17, 5, 18, 4], [13, 7, 14, 6], [8, 12, 9, 11], [10, 22, 11, 21], [1, 13, 2, 12], [23, 14, 24, 15]]"
12n_0639_80,"[[23, 14, 24, 15], [3, 17, 4, 16], [5, 19, 6, 18], [20, 10, 21, 9], [15, 22, 16, 23], [7, 1, 8, 24], [19, 3, 20, 2], [17, 5, 18, 4], [13, 7, 14, 6], [8, 12, 9, 11], [10, 22, 11, 21], [1, 13, 2, 12]]"
12n_0639_81,"[[1, 13, 2, 12], [23, 14, 24, 15], [3, 17, 4, 16], [5, 19, 6, 18], [20, 10, 21, 9], [15, 22, 16, 23], [7, 1, 8, 24], [19, 3, 20, 2], [17, 5, 18, 4], [13, 7, 14, 6], [8, 12, 9, 11], [10, 22, 11, 21]]"
12n_0639_82,"[[10, 22, 11, 21], [1, 13, 2, 12], [23, 14, 24, 15], [3, 17, 4, 16], [5, 19, 6, 18], [20, 10, 21, 9], [15, 22, 16, 23], [7, 1, 8, 24], [19, 3, 20, 2], [17, 5, 18, 4], [13, 7, 14, 6], [8, 12, 9, 11]]"
12n_0639_83,"[[8, 12, 9, 11], [10, 22, 11, 21], [1, 13, 2, 12], [23, 14, 24, 15], [3, 17, 4, 16], [5, 19, 6, 18], [20, 10, 21, 9], [15, 22, 16, 23], [7, 1, 8, 24], [19, 3, 20, 2], [17, 5, 18, 4], [13, 7, 14, 6]]"
12n_0639_84,"[[14, 8, 15, 7], [9, 13, 10, 12], [11, 23, 12, 22], [2, 14, 3, 13], [24, 15, 1, 16], [4, 18, 5, 17], [6, 20, 7, 19], [21, 11, 22, 10], [16, 23, 17, 24], [8, 2, 9, 1], [20, 4, 21, 3], [18, 6, 19, 5]]"
12n_0639_85,"[[18, 6, 19, 5], [14, 8, 15, 7], [9, 13, 10, 12], [11, 23, 12, 22], [2, 14, 3, 13], [24, 15, 1, 16], [4, 18, 5, 17], [6, 20, 7, 19], [21, 11, 22, 10], [16, 23, 17, 24], [8, 2, 9, 1], [20, 4, 21, 3]]"
12n_0639_86,"[[20, 4, 21, 3], [18, 6, 19, 5], [14, 8, 15, 7], [9, 13, 10, 12], [11, 23, 12, 22], [2, 14, 3, 13], [24, 15, 1, 16], [4, 18, 5, 17], [6, 20, 7, 19], [21, 11, 22, 10], [16, 23, 17, 24], [8, 2, 9, 1]]"
12n_0639_87,"[[8, 2, 9, 1], [20, 4, 21, 3], [18, 6, 19, 5], [14, 8, 15, 7], [9, 13, 10, 12], [11, 23, 12, 22], [2, 14, 3, 13], [24, 15, 1, 16], [4, 18, 5, 17], [6, 20, 7, 19], [21, 11, 22, 10], [16, 23, 17, 24]]"
12n_0639_88,"[[16, 23, 17, 24], [8, 2, 9, 1], [20, 4, 21, 3], [18, 6, 19, 5], [14, 8, 15, 7], [9, 13, 10, 12], [11, 23, 12, 22], [2, 14, 3, 13], [24, 15, 1, 16], [4, 18, 5, 17], [6, 20, 7, 19], [21, 11, 22, 10]]"
12n_0639_89,"[[21, 11, 22, 10], [16, 23, 17, 24], [8, 2, 9, 1], [20, 4, 21, 3], [18, 6, 19, 5], [14, 8, 15, 7], [9, 13, 10, 12], [11, 23, 12, 22], [2, 14, 3, 13], [24, 15, 1, 16], [4, 18, 5, 17], [6, 20, 7, 19]]"
12n_0639_90,"[[6, 20, 7, 19], [21, 11, 22, 10], [16, 23, 17, 24], [8, 2, 9, 1], [20, 4, 21, 3], [18, 6, 19, 5], [14, 8, 15, 7], [9, 13, 10, 12], [11, 23, 12, 22], [2, 14, 3, 13], [24, 15, 1, 16], [4, 18, 5, 17]]"
12n_0639_91,"[[4, 18, 5, 17], [6, 20, 7, 19], [21, 11, 22, 10], [16, 23, 17, 24], [8, 2, 9, 1], [20, 4, 21, 3], [18, 6, 19, 5], [14, 8, 15, 7], [9, 13, 10, 12], [11, 23, 12, 22], [2, 14, 3, 13], [24, 15, 1, 16]]"
12n_0639_92,"[[24, 15, 1, 16], [4, 18, 5, 17], [6, 20, 7, 19], [21, 11, 22, 10], [16, 23, 17, 24], [8, 2, 9, 1], [20, 4, 21, 3], [18, 6, 19, 5], [14, 8, 15, 7], [9, 13, 10, 12], [11, 23, 12, 22], [2, 14, 3, 13]]"
12n_0639_93,"[[2, 14, 3, 13], [24, 15, 1, 16], [4, 18, 5, 17], [6, 20, 7, 19], [21, 11, 22, 10], [16, 23, 17, 24], [8, 2, 9, 1], [20, 4, 21, 3], [18, 6, 19, 5], [14, 8, 15, 7], [9, 13, 10, 12], [11, 23, 12, 22]]"
12n_0639_94,"[[11, 23, 12, 22], [2, 14, 3, 13], [24, 15, 1, 16], [4, 18, 5, 17], [6, 20, 7, 19], [21, 11, 22, 10], [16, 23, 17, 24], [8, 2, 9, 1], [20, 4, 21, 3], [18, 6, 19, 5], [14, 8, 15, 7], [9, 13, 10, 12]]"
12n_0639_95,"[[9, 13, 10, 12], [11, 23, 12, 22], [2, 14, 3, 13], [24, 15, 1, 16], [4, 18, 5, 17], [6, 20, 7, 19], [21, 11, 22, 10], [16, 23, 17, 24], [8, 2, 9, 1], [20, 4, 21, 3], [18, 6, 19, 5], [14, 8, 15, 7]]"
12n_0639_96,"[[15, 9, 16, 8], [10, 14, 11, 13], [12, 24, 13, 23], [3, 15, 4, 14], [1, 16, 2, 17], [5, 19, 6, 18], [7, 21, 8, 20], [22, 12, 23, 11], [17, 24, 18, 1], [9, 3, 10, 2], [21, 5, 22, 4], [19, 7, 20, 6]]"
12n_0639_97,"[[19, 7, 20, 6], [15, 9, 16, 8], [10, 14, 11, 13], [12, 24, 13, 23], [3, 15, 4, 14], [1, 16, 2, 17], [5, 19, 6, 18], [7, 21, 8, 20], [22, 12, 23, 11], [17, 24, 18, 1], [9, 3, 10, 2], [21, 5, 22, 4]]"
12n_0639_98,"[[21, 5, 22, 4], [19, 7, 20, 6], [15, 9, 16, 8], [10, 14, 11, 13], [12, 24, 13, 23], [3, 15, 4, 14], [1, 16, 2, 17], [5, 19, 6, 18], [7, 21, 8, 20], [22, 12, 23, 11], [17, 24, 18, 1], [9, 3, 10, 2]]"
12n_0639_99,"[[9, 3, 10, 2], [21, 5, 22, 4], [19, 7, 20, 6], [15, 9, 16, 8], [10, 14, 11, 13], [12, 24, 13, 23], [3, 15, 4, 14], [1, 16, 2, 17], [5, 19, 6, 18], [7, 21, 8, 20], [22, 12, 23, 11], [17, 24, 18, 1]]"
12n_0639_100,"[[17, 24, 18, 1], [9, 3, 10, 2], [21, 5, 22, 4], [19, 7, 20, 6], [15, 9, 16, 8], [10, 14, 11, 13], [12, 24, 13, 23], [3, 15, 4, 14], [1, 16, 2, 17], [5, 19, 6, 18], [7, 21, 8, 20], [22, 12, 23, 11]]"
12n_0639_101,"[[22, 12, 23, 11], [17, 24, 18, 1], [9, 3, 10, 2], [21, 5, 22, 4], [19, 7, 20, 6], [15, 9, 16, 8], [10, 14, 11, 13], [12, 24, 13, 23], [3, 15, 4, 14], [1, 16, 2, 17], [5, 19, 6, 18], [7, 21, 8, 20]]"
12n_0639_102,"[[7, 21, 8, 20], [22, 12, 23, 11], [17, 24, 18, 1], [9, 3, 10, 2], [21, 5, 22, 4], [19, 7, 20, 6], [15, 9, 16, 8], [10, 14, 11, 13], [12, 24, 13, 23], [3, 15, 4, 14], [1, 16, 2, 17], [5, 19, 6, 18]]"
12n_0639_103,"[[5, 19, 6, 18], [7, 21, 8, 20], [22, 12, 23, 11], [17, 24, 18, 1], [9, 3, 10, 2], [21, 5, 22, 4], [19, 7, 20, 6], [15, 9, 16, 8], [10, 14, 11, 13], [12, 24, 13, 23], [3, 15, 4, 14], [1, 16, 2, 17]]"
12n_0639_104,"[[1, 16, 2, 17], [5, 19, 6, 18], [7, 21, 8, 20], [22, 12, 23, 11], [17, 24, 18, 1], [9, 3, 10, 2], [21, 5, 22, 4], [19, 7, 20, 6], [15, 9, 16, 8], [10, 14, 11, 13], [12, 24, 13, 23], [3, 15, 4, 14]]"
12n_0639_105,"[[3, 15, 4, 14], [1, 16, 2, 17], [5, 19, 6, 18], [7, 21, 8, 20], [22, 12, 23, 11], [17, 24, 18, 1], [9, 3, 10, 2], [21, 5, 22, 4], [19, 7, 20, 6], [15, 9, 16, 8], [10, 14, 11, 13], [12, 24, 13, 23]]"
12n_0639_106,"[[12, 24, 13, 23], [3, 15, 4, 14], [1, 16, 2, 17], [5, 19, 6, 18], [7, 21, 8, 20], [22, 12, 23, 11], [17, 24, 18, 1], [9, 3, 10, 2], [21, 5, 22, 4], [19, 7, 20, 6], [15, 9, 16, 8], [10, 14, 11, 13]]"
12n_0639_107,"[[10, 14, 11, 13], [12, 24, 13, 23], [3, 15, 4, 14], [1, 16, 2, 17], [5, 19, 6, 18], [7, 21, 8, 20], [22, 12, 23, 11], [17, 24, 18, 1], [9, 3, 10, 2], [21, 5, 22, 4], [19, 7, 20, 6], [15, 9, 16, 8]]"
12n_0639_108,"[[16, 10, 17, 9], [11, 15, 12, 14], [13, 1, 14, 24], [4, 16, 5, 15], [2, 17, 3, 18], [6, 20, 7, 19], [8, 22, 9, 21], [23, 13, 24, 12], [18, 1, 19, 2], [10, 4, 11, 3], [22, 6, 23, 5], [20, 8, 21, 7]]"
12n_0639_109,"[[20, 8, 21, 7], [16, 10, 17, 9], [11, 15, 12, 14], [13, 1, 14, 24], [4, 16, 5, 15], [2, 17, 3, 18], [6, 20, 7, 19], [8, 22, 9, 21], [23, 13, 24, 12], [18, 1, 19, 2], [10, 4, 11, 3], [22, 6, 23, 5]]"
12n_0639_110,"[[22, 6, 23, 5], [20, 8, 21, 7], [16, 10, 17, 9], [11, 15, 12, 14], [13, 1, 14, 24], [4, 16, 5, 15], [2, 17, 3, 18], [6, 20, 7, 19], [8, 22, 9, 21], [23, 13, 24, 12], [18, 1, 19, 2], [10, 4, 11, 3]]"
12n_0639_111,"[[10, 4, 11, 3], [22, 6, 23, 5], [20, 8, 21, 7], [16, 10, 17, 9], [11, 15, 12, 14], [13, 1, 14, 24], [4, 16, 5, 15], [2, 17, 3, 18], [6, 20, 7, 19], [8, 22, 9, 21], [23, 13, 24, 12], [18, 1, 19, 2]]"
12n_0639_112,"[[18, 1, 19, 2], [10, 4, 11, 3], [22, 6, 23, 5], [20, 8, 21, 7], [16, 10, 17, 9], [11, 15, 12, 14], [13, 1, 14, 24], [4, 16, 5, 15], [2, 17, 3, 18], [6, 20, 7, 19], [8, 22, 9, 21], [23, 13, 24, 12]]"
12n_0639_113,"[[23, 13, 24, 12], [18, 1, 19, 2], [10, 4, 11, 3], [22, 6, 23, 5], [20, 8, 21, 7], [16, 10, 17, 9], [11, 15, 12, 14], [13, 1, 14, 24], [4, 16, 5, 15], [2, 17, 3, 18], [6, 20, 7, 19], [8, 22, 9, 21]]"
12n_0639_114,"[[8, 22, 9, 21], [23, 13, 24, 12], [18, 1, 19, 2], [10, 4, 11, 3], [22, 6, 23, 5], [20, 8, 21, 7], [16, 10, 17, 9], [11, 15, 12, 14], [13, 1, 14, 24], [4, 16, 5, 15], [2, 17, 3, 18], [6, 20, 7, 19]]"
12n_0639_115,"[[6, 20, 7, 19], [8, 22, 9, 21], [23, 13, 24, 12], [18, 1, 19, 2], [10, 4, 11, 3], [22, 6, 23, 5], [20, 8, 21, 7], [16, 10, 17, 9], [11, 15, 12, 14], [13, 1, 14, 24], [4, 16, 5, 15], [2, 17, 3, 18]]"
12n_0639_116,"[[2, 17, 3, 18], [6, 20, 7, 19], [8, 22, 9, 21], [23, 13, 24, 12], [18, 1, 19, 2], [10, 4, 11, 3], [22, 6, 23, 5], [20, 8, 21, 7], [16, 10, 17, 9], [11, 15, 12, 14], [13, 1, 14, 24], [4, 16, 5, 15]]"
12n_0639_117,"[[4, 16, 5, 15], [2, 17, 3, 18], [6, 20, 7, 19], [8, 22, 9, 21], [23, 13, 24, 12], [18, 1, 19, 2], [10, 4, 11, 3], [22, 6, 23, 5], [20, 8, 21, 7], [16, 10, 17, 9], [11, 15, 12, 14], [13, 1, 14, 24]]"
12n_0639_118,"[[13, 1, 14, 24], [4, 16, 5, 15], [2, 17, 3, 18], [6, 20, 7, 19], [8, 22, 9, 21], [23, 13, 24, 12], [18, 1, 19, 2], [10, 4, 11, 3], [22, 6, 23, 5], [20, 8, 21, 7], [16, 10, 17, 9], [11, 15, 12, 14]]"
12n_0639_119,"[[11, 15, 12, 14], [13, 1, 14, 24], [4, 16, 5, 15], [2, 17, 3, 18], [6, 20, 7, 19], [8, 22, 9, 21], [23, 13, 24, 12], [18, 1, 19, 2], [10, 4, 11, 3], [22, 6, 23, 5], [20, 8, 21, 7], [16, 10, 17, 9]]"
12n_0639_120,"[[17, 11, 18, 10], [12, 16, 13, 15], [14, 2, 15, 1], [5, 17, 6, 16], [3, 18, 4, 19], [7, 21, 8, 20], [9, 23, 10, 22], [24, 14, 1, 13], [19, 2, 20, 3], [11, 5, 12, 4], [23, 7, 24, 6], [21, 9, 22, 8]]"
12n_0639_121,"[[21, 9, 22, 8], [17, 11, 18, 10], [12, 16, 13, 15], [14, 2, 15, 1], [5, 17, 6, 16], [3, 18, 4, 19], [7, 21, 8, 20], [9, 23, 10, 22], [24, 14, 1, 13], [19, 2, 20, 3], [11, 5, 12, 4], [23, 7, 24, 6]]"
12n_0639_122,"[[23, 7, 24, 6], [21, 9, 22, 8], [17, 11, 18, 10], [12, 16, 13, 15], [14, 2, 15, 1], [5, 17, 6, 16], [3, 18, 4, 19], [7, 21, 8, 20], [9, 23, 10, 22], [24, 14, 1, 13], [19, 2, 20, 3], [11, 5, 12, 4]]"
12n_0639_123,"[[11, 5, 12, 4], [23, 7, 24, 6], [21, 9, 22, 8], [17, 11, 18, 10], [12, 16, 13, 15], [14, 2, 15, 1], [5, 17, 6, 16], [3, 18, 4, 19], [7, 21, 8, 20], [9, 23, 10, 22], [24, 14, 1, 13], [19, 2, 20, 3]]"
12n_0639_124,"[[19, 2, 20, 3], [11, 5, 12, 4], [23, 7, 24, 6], [21, 9, 22, 8], [17, 11, 18, 10], [12, 16, 13, 15], [14, 2, 15, 1], [5, 17, 6, 16], [3, 18, 4, 19], [7, 21, 8, 20], [9, 23, 10, 22], [24, 14, 1, 13]]"
12n_0639_125,"[[24, 14, 1, 13], [19, 2, 20, 3], [11, 5, 12, 4], [23, 7, 24, 6], [21, 9, 22, 8], [17, 11, 18, 10], [12, 16, 13, 15], [14, 2, 15, 1], [5, 17, 6, 16], [3, 18, 4, 19], [7, 21, 8, 20], [9, 23, 10, 22]]"
12n_0639_126,"[[9, 23, 10, 22], [24, 14, 1, 13], [19, 2, 20, 3], [11, 5, 12, 4], [23, 7, 24, 6], [21, 9, 22, 8], [17, 11, 18, 10], [12, 16, 13, 15], [14, 2, 15, 1], [5, 17, 6, 16], [3, 18, 4, 19], [7, 21, 8, 20]]"
12n_0639_127,"[[7, 21, 8, 20], [9, 23, 10, 22], [24, 14, 1, 13], [19, 2, 20, 3], [11, 5, 12, 4], [23, 7, 24, 6], [21, 9, 22, 8], [17, 11, 18, 10], [12, 16, 13, 15], [14, 2, 15, 1], [5, 17, 6, 16], [3, 18, 4, 19]]"
12n_0639_128,"[[3, 18, 4, 19], [7, 21, 8, 20], [9, 23, 10, 22], [24, 14, 1, 13], [19, 2, 20, 3], [11, 5, 12, 4], [23, 7, 24, 6], [21, 9, 22, 8], [17, 11, 18, 10], [12, 16, 13, 15], [14, 2, 15, 1], [5, 17, 6, 16]]"
12n_0639_129,"[[5, 17, 6, 16], [3, 18, 4, 19], [7, 21, 8, 20], [9, 23, 10, 22], [24, 14, 1, 13], [19, 2, 20, 3], [11, 5, 12, 4], [23, 7, 24, 6], [21, 9, 22, 8], [17, 11, 18, 10], [12, 16, 13, 15], [14, 2, 15, 1]]"
12n_0639_130,"[[14, 2, 15, 1], [5, 17, 6, 16], [3, 18, 4, 19], [7, 21, 8, 20], [9, 23, 10, 22], [24, 14, 1, 13], [19, 2, 20, 3], [11, 5, 12, 4], [23, 7, 24, 6], [21, 9, 22, 8], [17, 11, 18, 10], [12, 16, 13, 15]]"
12n_0639_131,"[[12, 16, 13, 15], [14, 2, 15, 1], [5, 17, 6, 16], [3, 18, 4, 19], [7, 21, 8, 20], [9, 23, 10, 22], [24, 14, 1, 13], [19, 2, 20, 3], [11, 5, 12, 4], [23, 7, 24, 6], [21, 9, 22, 8], [17, 11, 18, 10]]"
12n_0639_132,"[[18, 12, 19, 11], [13, 17, 14, 16], [15, 3, 16, 2], [6, 18, 7, 17], [4, 19, 5, 20], [8, 22, 9, 21], [10, 24, 11, 23], [1, 15, 2, 14], [20, 3, 21, 4], [12, 6, 13, 5], [24, 8, 1, 7], [22, 10, 23, 9]]"
12n_0639_133,"[[22, 10, 23, 9], [18, 12, 19, 11], [13, 17, 14, 16], [15, 3, 16, 2], [6, 18, 7, 17], [4, 19, 5, 20], [8, 22, 9, 21], [10, 24, 11, 23], [1, 15, 2, 14], [20, 3, 21, 4], [12, 6, 13, 5], [24, 8, 1, 7]]"
12n_0639_134,"[[24, 8, 1, 7], [22, 10, 23, 9], [18, 12, 19, 11], [13, 17, 14, 16], [15, 3, 16, 2], [6, 18, 7, 17], [4, 19, 5, 20], [8, 22, 9, 21], [10, 24, 11, 23], [1, 15, 2, 14], [20, 3, 21, 4], [12, 6, 13, 5]]"
12n_0639_135,"[[12, 6, 13, 5], [24, 8, 1, 7], [22, 10, 23, 9], [18, 12, 19, 11], [13, 17, 14, 16], [15, 3, 16, 2], [6, 18, 7, 17], [4, 19, 5, 20], [8, 22, 9, 21], [10, 24, 11, 23], [1, 15, 2, 14], [20, 3, 21, 4]]"
12n_0639_136,"[[20, 3, 21, 4], [12, 6, 13, 5], [24, 8, 1, 7], [22, 10, 23, 9], [18, 12, 19, 11], [13, 17, 14, 16], [15, 3, 16, 2], [6, 18, 7, 17], [4, 19, 5, 20], [8, 22, 9, 21], [10, 24, 11, 23], [1, 15, 2, 14]]"
12n_0639_137,"[[1, 15, 2, 14], [20, 3, 21, 4], [12, 6, 13, 5], [24, 8, 1, 7], [22, 10, 23, 9], [18, 12, 19, 11], [13, 17, 14, 16], [15, 3, 16, 2], [6, 18, 7, 17], [4, 19, 5, 20], [8, 22, 9, 21], [10, 24, 11, 23]]"
12n_0639_138,"[[10, 24, 11, 23], [1, 15, 2, 14], [20, 3, 21, 4], [12, 6, 13, 5], [24, 8, 1, 7], [22, 10, 23, 9], [18, 12, 19, 11], [13, 17, 14, 16], [15, 3, 16, 2], [6, 18, 7, 17], [4, 19, 5, 20], [8, 22, 9, 21]]"
12n_0639_139,"[[8, 22, 9, 21], [10, 24, 11, 23], [1, 15, 2, 14], [20, 3, 21, 4], [12, 6, 13, 5], [24, 8, 1, 7], [22, 10, 23, 9], [18, 12, 19, 11], [13, 17, 14, 16], [15, 3, 16, 2], [6, 18, 7, 17], [4, 19, 5, 20]]"
12n_0639_140,"[[4, 19, 5, 20], [8, 22, 9, 21], [10, 24, 11, 23], [1, 15, 2, 14], [20, 3, 21, 4], [12, 6, 13, 5], [24, 8, 1, 7], [22, 10, 23, 9], [18, 12, 19, 11], [13, 17, 14, 16], [15, 3, 16, 2], [6, 18, 7, 17]]"
12n_0639_141,"[[6, 18, 7, 17], [4, 19, 5, 20], [8, 22, 9, 21], [10, 24, 11, 23], [1, 15, 2, 14], [20, 3, 21, 4], [12, 6, 13, 5], [24, 8, 1, 7], [22, 10, 23, 9], [18, 12, 19, 11], [13, 17, 14, 16], [15, 3, 16, 2]]"
12n_0639_142,"[[15, 3, 16, 2], [6, 18, 7, 17], [4, 19, 5, 20], [8, 22, 9, 21], [10, 24, 11, 23], [1, 15, 2, 14], [20, 3, 21, 4], [12, 6, 13, 5], [24, 8, 1, 7], [22, 10, 23, 9], [18, 12, 19, 11], [13, 17, 14, 16]]"
12n_0639_143,"[[13, 17, 14, 16], [15, 3, 16, 2], [6, 18, 7, 17], [4, 19, 5, 20], [8, 22, 9, 21], [10, 24, 11, 23], [1, 15, 2, 14], [20, 3, 21, 4], [12, 6, 13, 5], [24, 8, 1, 7], [22, 10, 23, 9], [18, 12, 19, 11]]"
12n_0639_144,"[[19, 13, 20, 12], [14, 18, 15, 17], [16, 4, 17, 3], [7, 19, 8, 18], [5, 20, 6, 21], [9, 23, 10, 22], [11, 1, 12, 24], [2, 16, 3, 15], [21, 4, 22, 5], [13, 7, 14, 6], [1, 9, 2, 8], [23, 11, 24, 10]]"
12n_0639_145,"[[23, 11, 24, 10], [19, 13, 20, 12], [14, 18, 15, 17], [16, 4, 17, 3], [7, 19, 8, 18], [5, 20, 6, 21], [9, 23, 10, 22], [11, 1, 12, 24], [2, 16, 3, 15], [21, 4, 22, 5], [13, 7, 14, 6], [1, 9, 2, 8]]"
12n_0639_146,"[[1, 9, 2, 8], [23, 11, 24, 10], [19, 13, 20, 12], [14, 18, 15, 17], [16, 4, 17, 3], [7, 19, 8, 18], [5, 20, 6, 21], [9, 23, 10, 22], [11, 1, 12, 24], [2, 16, 3, 15], [21, 4, 22, 5], [13, 7, 14, 6]]"
12n_0639_147,"[[13, 7, 14, 6], [1, 9, 2, 8], [23, 11, 24, 10], [19, 13, 20, 12], [14, 18, 15, 17], [16, 4, 17, 3], [7, 19, 8, 18], [5, 20, 6, 21], [9, 23, 10, 22], [11, 1, 12, 24], [2, 16, 3, 15], [21, 4, 22, 5]]"
12n_0639_148,"[[21, 4, 22, 5], [13, 7, 14, 6], [1, 9, 2, 8], [23, 11, 24, 10], [19, 13, 20, 12], [14, 18, 15, 17], [16, 4, 17, 3], [7, 19, 8, 18], [5, 20, 6, 21], [9, 23, 10, 22], [11, 1, 12, 24], [2, 16, 3, 15]]"
12n_0639_149,"[[2, 16, 3, 15], [21, 4, 22, 5], [13, 7, 14, 6], [1, 9, 2, 8], [23, 11, 24, 10], [19, 13, 20, 12], [14, 18, 15, 17], [16, 4, 17, 3], [7, 19, 8, 18], [5, 20, 6, 21], [9, 23, 10, 22], [11, 1, 12, 24]]"
12n_0639_150,"[[11, 1, 12, 24], [2, 16, 3, 15], [21, 4, 22, 5], [13, 7, 14, 6], [1, 9, 2, 8], [23, 11, 24, 10], [19, 13, 20, 12], [14, 18, 15, 17], [16, 4, 17, 3], [7, 19, 8, 18], [5, 20, 6, 21], [9, 23, 10, 22]]"
12n_0639_151,"[[9, 23, 10, 22], [11, 1, 12, 24], [2, 16, 3, 15], [21, 4, 22, 5], [13, 7, 14, 6], [1, 9, 2, 8], [23, 11, 24, 10], [19, 13, 20, 12], [14, 18, 15, 17], [16, 4, 17, 3], [7, 19, 8, 18], [5, 20, 6, 21]]"
12n_0639_152,"[[5, 20, 6, 21], [9, 23, 10, 22], [11, 1, 12, 24], [2, 16, 3, 15], [21, 4, 22, 5], [13, 7, 14, 6], [1, 9, 2, 8], [23, 11, 24, 10], [19, 13, 20, 12], [14, 18, 15, 17], [16, 4, 17, 3], [7, 19, 8, 18]]"
12n_0639_153,"[[7, 19, 8, 18], [5, 20, 6, 21], [9, 23, 10, 22], [11, 1, 12, 24], [2, 16, 3, 15], [21, 4, 22, 5], [13, 7, 14, 6], [1, 9, 2, 8], [23, 11, 24, 10], [19, 13, 20, 12], [14, 18, 15, 17], [16, 4, 17, 3]]"
12n_0639_154,"[[16, 4, 17, 3], [7, 19, 8, 18], [5, 20, 6, 21], [9, 23, 10, 22], [11, 1, 12, 24], [2, 16, 3, 15], [21, 4, 22, 5], [13, 7, 14, 6], [1, 9, 2, 8], [23, 11, 24, 10], [19, 13, 20, 12], [14, 18, 15, 17]]"
12n_0639_155,"[[14, 18, 15, 17], [16, 4, 17, 3], [7, 19, 8, 18], [5, 20, 6, 21], [9, 23, 10, 22], [11, 1, 12, 24], [2, 16, 3, 15], [21, 4, 22, 5], [13, 7, 14, 6], [1, 9, 2, 8], [23, 11, 24, 10], [19, 13, 20, 12]]"
12n_0639_156,"[[20, 14, 21, 13], [15, 19, 16, 18], [17, 5, 18, 4], [8, 20, 9, 19], [6, 21, 7, 22], [10, 24, 11, 23], [12, 2, 13, 1], [3, 17, 4, 16], [22, 5, 23, 6], [14, 8, 15, 7], [2, 10, 3, 9], [24, 12, 1, 11]]"
12n_0639_157,"[[24, 12, 1, 11], [20, 14, 21, 13], [15, 19, 16, 18], [17, 5, 18, 4], [8, 20, 9, 19], [6, 21, 7, 22], [10, 24, 11, 23], [12, 2, 13, 1], [3, 17, 4, 16], [22, 5, 23, 6], [14, 8, 15, 7], [2, 10, 3, 9]]"
12n_0639_158,"[[2, 10, 3, 9], [24, 12, 1, 11], [20, 14, 21, 13], [15, 19, 16, 18], [17, 5, 18, 4], [8, 20, 9, 19], [6, 21, 7, 22], [10, 24, 11, 23], [12, 2, 13, 1], [3, 17, 4, 16], [22, 5, 23, 6], [14, 8, 15, 7]]"
12n_0639_159,"[[14, 8, 15, 7], [2, 10, 3, 9], [24, 12, 1, 11], [20, 14, 21, 13], [15, 19, 16, 18], [17, 5, 18, 4], [8, 20, 9, 19], [6, 21, 7, 22], [10, 24, 11, 23], [12, 2, 13, 1], [3, 17, 4, 16], [22, 5, 23, 6]]"
12n_0639_160,"[[22, 5, 23, 6], [14, 8, 15, 7], [2, 10, 3, 9], [24, 12, 1, 11], [20, 14, 21, 13], [15, 19, 16, 18], [17, 5, 18, 4], [8, 20, 9, 19], [6, 21, 7, 22], [10, 24, 11, 23], [12, 2, 13, 1], [3, 17, 4, 16]]"
12n_0639_161,"[[3, 17, 4, 16], [22, 5, 23, 6], [14, 8, 15, 7], [2, 10, 3, 9], [24, 12, 1, 11], [20, 14, 21, 13], [15, 19, 16, 18], [17, 5, 18, 4], [8, 20, 9, 19], [6, 21, 7, 22], [10, 24, 11, 23], [12, 2, 13, 1]]"
12n_0639_162,"[[12, 2, 13, 1], [3, 17, 4, 16], [22, 5, 23, 6], [14, 8, 15, 7], [2, 10, 3, 9], [24, 12, 1, 11], [20, 14, 21, 13], [15, 19, 16, 18], [17, 5, 18, 4], [8, 20, 9, 19], [6, 21, 7, 22], [10, 24, 11, 23]]"
12n_0639_163,"[[10, 24, 11, 23], [12, 2, 13, 1], [3, 17, 4, 16], [22, 5, 23, 6], [14, 8, 15, 7], [2, 10, 3, 9], [24, 12, 1, 11], [20, 14, 21, 13], [15, 19, 16, 18], [17, 5, 18, 4], [8, 20, 9, 19], [6, 21, 7, 22]]"
12n_0639_164,"[[6, 21, 7, 22], [10, 24, 11, 23], [12, 2, 13, 1], [3, 17, 4, 16], [22, 5, 23, 6], [14, 8, 15, 7], [2, 10, 3, 9], [24, 12, 1, 11], [20, 14, 21, 13], [15, 19, 16, 18], [17, 5, 18, 4], [8, 20, 9, 19]]"
12n_0639_165,"[[8, 20, 9, 19], [6, 21, 7, 22], [10, 24, 11, 23], [12, 2, 13, 1], [3, 17, 4, 16], [22, 5, 23, 6], [14, 8, 15, 7], [2, 10, 3, 9], [24, 12, 1, 11], [20, 14, 21, 13], [15, 19, 16, 18], [17, 5, 18, 4]]"
12n_0639_166,"[[17, 5, 18, 4], [8, 20, 9, 19], [6, 21, 7, 22], [10, 24, 11, 23], [12, 2, 13, 1], [3, 17, 4, 16], [22, 5, 23, 6], [14, 8, 15, 7], [2, 10, 3, 9], [24, 12, 1, 11], [20, 14, 21, 13], [15, 19, 16, 18]]"
12n_0639_167,"[[15, 19, 16, 18], [17, 5, 18, 4], [8, 20, 9, 19], [6, 21, 7, 22], [10, 24, 11, 23], [12, 2, 13, 1], [3, 17, 4, 16], [22, 5, 23, 6], [14, 8, 15, 7], [2, 10, 3, 9], [24, 12, 1, 11], [20, 14, 21, 13]]"
12n_0639_168,"[[21, 15, 22, 14], [16, 20, 17, 19], [18, 6, 19, 5], [9, 21, 10, 20], [7, 22, 8, 23], [11, 1, 12, 24], [13, 3, 14, 2], [4, 18, 5, 17], [23, 6, 24, 7], [15, 9, 16, 8], [3, 11, 4, 10], [1, 13, 2, 12]]"
12n_0639_169,"[[1, 13, 2, 12], [21, 15, 22, 14], [16, 20, 17, 19], [18, 6, 19, 5], [9, 21, 10, 20], [7, 22, 8, 23], [11, 1, 12, 24], [13, 3, 14, 2], [4, 18, 5, 17], [23, 6, 24, 7], [15, 9, 16, 8], [3, 11, 4, 10]]"
12n_0639_170,"[[3, 11, 4, 10], [1, 13, 2, 12], [21, 15, 22, 14], [16, 20, 17, 19], [18, 6, 19, 5], [9, 21, 10, 20], [7, 22, 8, 23], [11, 1, 12, 24], [13, 3, 14, 2], [4, 18, 5, 17], [23, 6, 24, 7], [15, 9, 16, 8]]"
12n_0639_171,"[[15, 9, 16, 8], [3, 11, 4, 10], [1, 13, 2, 12], [21, 15, 22, 14], [16, 20, 17, 19], [18, 6, 19, 5], [9, 21, 10, 20], [7, 22, 8, 23], [11, 1, 12, 24], [13, 3, 14, 2], [4, 18, 5, 17], [23, 6, 24, 7]]"
12n_0639_172,"[[23, 6, 24, 7], [15, 9, 16, 8], [3, 11, 4, 10], [1, 13, 2, 12], [21, 15, 22, 14], [16, 20, 17, 19], [18, 6, 19, 5], [9, 21, 10, 20], [7, 22, 8, 23], [11, 1, 12, 24], [13, 3, 14, 2], [4, 18, 5, 17]]"
12n_0639_173,"[[4, 18, 5, 17], [23, 6, 24, 7], [15, 9, 16, 8], [3, 11, 4, 10], [1, 13, 2, 12], [21, 15, 22, 14], [16, 20, 17, 19], [18, 6, 19, 5], [9, 21, 10, 20], [7, 22, 8, 23], [11, 1, 12, 24], [13, 3, 14, 2]]"
12n_0639_174,"[[13, 3, 14, 2], [4, 18, 5, 17], [23, 6, 24, 7], [15, 9, 16, 8], [3, 11, 4, 10], [1, 13, 2, 12], [21, 15, 22, 14], [16, 20, 17, 19], [18, 6, 19, 5], [9, 21, 10, 20], [7, 22, 8, 23], [11, 1, 12, 24]]"
12n_0639_175,"[[11, 1, 12, 24], [13, 3, 14, 2], [4, 18, 5, 17], [23, 6, 24, 7], [15, 9, 16, 8], [3, 11, 4, 10], [1, 13, 2, 12], [21, 15, 22, 14], [16, 20, 17, 19], [18, 6, 19, 5], [9, 21, 10, 20], [7, 22, 8, 23]]"
12n_0639_176,"[[7, 22, 8, 23], [11, 1, 12, 24], [13, 3, 14, 2], [4, 18, 5, 17], [23, 6, 24, 7], [15, 9, 16, 8], [3, 11, 4, 10], [1, 13, 2, 12], [21, 15, 22, 14], [16, 20, 17, 19], [18, 6, 19, 5], [9, 21, 10, 20]]"
12n_0639_177,"[[9, 21, 10, 20], [7, 22, 8, 23], [11, 1, 12, 24], [13, 3, 14, 2], [4, 18, 5, 17], [23, 6, 24, 7], [15, 9, 16, 8], [3, 11, 4, 10], [1, 13, 2, 12], [21, 15, 22, 14], [16, 20, 17, 19], [18, 6, 19, 5]]"
12n_0639_178,"[[18, 6, 19, 5], [9, 21, 10, 20], [7, 22, 8, 23], [11, 1, 12, 24], [13, 3, 14, 2], [4, 18, 5, 17], [23, 6, 24, 7], [15, 9, 16, 8], [3, 11, 4, 10], [1, 13, 2, 12], [21, 15, 22, 14], [16, 20, 17, 19]]"
12n_0639_179,"[[16, 20, 17, 19], [18, 6, 19, 5], [9, 21, 10, 20], [7, 22, 8, 23], [11, 1, 12, 24], [13, 3, 14, 2], [4, 18, 5, 17], [23, 6, 24, 7], [15, 9, 16, 8], [3, 11, 4, 10], [1, 13, 2, 12], [21, 15, 22, 14]]"
12n_0639_180,"[[22, 16, 23, 15], [17, 21, 18, 20], [19, 7, 20, 6], [10, 22, 11, 21], [8, 23, 9, 24], [12, 2, 13, 1], [14, 4, 15, 3], [5, 19, 6, 18], [24, 7, 1, 8], [16, 10, 17, 9], [4, 12, 5, 11], [2, 14, 3, 13]]"
12n_0639_181,"[[2, 14, 3, 13], [22, 16, 23, 15], [17, 21, 18, 20], [19, 7, 20, 6], [10, 22, 11, 21], [8, 23, 9, 24], [12, 2, 13, 1], [14, 4, 15, 3], [5, 19, 6, 18], [24, 7, 1, 8], [16, 10, 17, 9], [4, 12, 5, 11]]"
12n_0639_182,"[[4, 12, 5, 11], [2, 14, 3, 13], [22, 16, 23, 15], [17, 21, 18, 20], [19, 7, 20, 6], [10, 22, 11, 21], [8, 23, 9, 24], [12, 2, 13, 1], [14, 4, 15, 3], [5, 19, 6, 18], [24, 7, 1, 8], [16, 10, 17, 9]]"
12n_0639_183,"[[16, 10, 17, 9], [4, 12, 5, 11], [2, 14, 3, 13], [22, 16, 23, 15], [17, 21, 18, 20], [19, 7, 20, 6], [10, 22, 11, 21], [8, 23, 9, 24], [12, 2, 13, 1], [14, 4, 15, 3], [5, 19, 6, 18], [24, 7, 1, 8]]"
12n_0639_184,"[[24, 7, 1, 8], [16, 10, 17, 9], [4, 12, 5, 11], [2, 14, 3, 13], [22, 16, 23, 15], [17, 21, 18, 20], [19, 7, 20, 6], [10, 22, 11, 21], [8, 23, 9, 24], [12, 2, 13, 1], [14, 4, 15, 3], [5, 19, 6, 18]]"
12n_0639_185,"[[5, 19, 6, 18], [24, 7, 1, 8], [16, 10, 17, 9], [4, 12, 5, 11], [2, 14, 3, 13], [22, 16, 23, 15], [17, 21, 18, 20], [19, 7, 20, 6], [10, 22, 11, 21], [8, 23, 9, 24], [12, 2, 13, 1], [14, 4, 15, 3]]"
