name,pd_notation
12n_0552_0,"[[24, 17, 1, 18], [2, 6, 3, 5], [4, 13, 5, 14], [6, 16, 7, 15], [19, 8, 20, 9], [10, 2, 11, 1], [21, 12, 22, 13], [14, 3, 15, 4], [16, 10, 17, 9], [18, 23, 19, 24], [7, 20, 8, 21], [11, 22, 12, 23]]"
12n_0552_1,"[[11, 22, 12, 23], [24, 17, 1, 18], [2, 6, 3, 5], [4, 13, 5, 14], [6, 16, 7, 15], [19, 8, 20, 9], [10, 2, 11, 1], [21, 12, 22, 13], [14, 3, 15, 4], [16, 10, 17, 9], [18, 23, 19, 24], [7, 20, 8, 21]]"
12n_0552_2,"[[7, 20, 8, 21], [11, 22, 12, 23], [24, 17, 1, 18], [2, 6, 3, 5], [4, 13, 5, 14], [6, 16, 7, 15], [19, 8, 20, 9], [10, 2, 11, 1], [21, 12, 22, 13], [14, 3, 15, 4], [16, 10, 17, 9], [18, 23, 19, 24]]"
12n_0552_3,"[[18, 23, 19, 24], [7, 20, 8, 21], [11, 22, 12, 23], [24, 17, 1, 18], [2, 6, 3, 5], [4, 13, 5, 14], [6, 16, 7, 15], [19, 8, 20, 9], [10, 2, 11, 1], [21, 12, 22, 13], [14, 3, 15, 4], [16, 10, 17, 9]]"
12n_0552_4,"[[16, 10, 17, 9], [18, 23, 19, 24], [7, 20, 8, 21], [11, 22, 12, 23], [24, 17, 1, 18], [2, 6, 3, 5], [4, 13, 5, 14], [6, 16, 7, 15], [19, 8, 20, 9], [10, 2, 11, 1], [21, 12, 22, 13], [14, 3, 15, 4]]"
12n_0552_5,"[[14, 3, 15, 4], [16, 10, 17, 9], [18, 23, 19, 24], [7, 20, 8, 21], [11, 22, 12, 23], [24, 17, 1, 18], [2, 6, 3, 5], [4, 13, 5, 14], [6, 16, 7, 15], [19, 8, 20, 9], [10, 2, 11, 1], [21, 12, 22, 13]]"
12n_0552_6,"[[21, 12, 22, 13], [14, 3, 15, 4], [16, 10, 17, 9], [18, 23, 19, 24], [7, 20, 8, 21], [11, 22, 12, 23], [24, 17, 1, 18], [2, 6, 3, 5], [4, 13, 5, 14], [6, 16, 7, 15], [19, 8, 20, 9], [10, 2, 11, 1]]"
12n_0552_7,"[[10, 2, 11, 1], [21, 12, 22, 13], [14, 3, 15, 4], [16, 10, 17, 9], [18, 23, 19, 24], [7, 20, 8, 21], [11, 22, 12, 23], [24, 17, 1, 18], [2, 6, 3, 5], [4, 13, 5, 14], [6, 16, 7, 15], [19, 8, 20, 9]]"
12n_0552_8,"[[19, 8, 20, 9], [10, 2, 11, 1], [21, 12, 22, 13], [14, 3, 15, 4], [16, 10, 17, 9], [18, 23, 19, 24], [7, 20, 8, 21], [11, 22, 12, 23], [24, 17, 1, 18], [2, 6, 3, 5], [4, 13, 5, 14], [6, 16, 7, 15]]"
12n_0552_9,"[[6, 16, 7, 15], [19, 8, 20, 9], [10, 2, 11, 1], [21, 12, 22, 13], [14, 3, 15, 4], [16, 10, 17, 9], [18, 23, 19, 24], [7, 20, 8, 21], [11, 22, 12, 23], [24, 17, 1, 18], [2, 6, 3, 5], [4, 13, 5, 14]]"
12n_0552_10,"[[4, 13, 5, 14], [6, 16, 7, 15], [19, 8, 20, 9], [10, 2, 11, 1], [21, 12, 22, 13], [14, 3, 15, 4], [16, 10, 17, 9], [18, 23, 19, 24], [7, 20, 8, 21], [11, 22, 12, 23], [24, 17, 1, 18], [2, 6, 3, 5]]"
12n_0552_11,"[[2, 6, 3, 5], [4, 13, 5, 14], [6, 16, 7, 15], [19, 8, 20, 9], [10, 2, 11, 1], [21, 12, 22, 13], [14, 3, 15, 4], [16, 10, 17, 9], [18, 23, 19, 24], [7, 20, 8, 21], [11, 22, 12, 23], [24, 17, 1, 18]]"
12n_0552_12,"[[1, 18, 2, 19], [3, 7, 4, 6], [5, 14, 6, 15], [7, 17, 8, 16], [20, 9, 21, 10], [11, 3, 12, 2], [22, 13, 23, 14], [15, 4, 16, 5], [17, 11, 18, 10], [19, 24, 20, 1], [8, 21, 9, 22], [12, 23, 13, 24]]"
12n_0552_13,"[[12, 23, 13, 24], [1, 18, 2, 19], [3, 7, 4, 6], [5, 14, 6, 15], [7, 17, 8, 16], [20, 9, 21, 10], [11, 3, 12, 2], [22, 13, 23, 14], [15, 4, 16, 5], [17, 11, 18, 10], [19, 24, 20, 1], [8, 21, 9, 22]]"
12n_0552_14,"[[8, 21, 9, 22], [12, 23, 13, 24], [1, 18, 2, 19], [3, 7, 4, 6], [5, 14, 6, 15], [7, 17, 8, 16], [20, 9, 21, 10], [11, 3, 12, 2], [22, 13, 23, 14], [15, 4, 16, 5], [17, 11, 18, 10], [19, 24, 20, 1]]"
12n_0552_15,"[[19, 24, 20, 1], [8, 21, 9, 22], [12, 23, 13, 24], [1, 18, 2, 19], [3, 7, 4, 6], [5, 14, 6, 15], [7, 17, 8, 16], [20, 9, 21, 10], [11, 3, 12, 2], [22, 13, 23, 14], [15, 4, 16, 5], [17, 11, 18, 10]]"
12n_0552_16,"[[17, 11, 18, 10], [19, 24, 20, 1], [8, 21, 9, 22], [12, 23, 13, 24], [1, 18, 2, 19], [3, 7, 4, 6], [5, 14, 6, 15], [7, 17, 8, 16], [20, 9, 21, 10], [11, 3, 12, 2], [22, 13, 23, 14], [15, 4, 16, 5]]"
12n_0552_17,"[[15, 4, 16, 5], [17, 11, 18, 10], [19, 24, 20, 1], [8, 21, 9, 22], [12, 23, 13, 24], [1, 18, 2, 19], [3, 7, 4, 6], [5, 14, 6, 15], [7, 17, 8, 16], [20, 9, 21, 10], [11, 3, 12, 2], [22, 13, 23, 14]]"
12n_0552_18,"[[22, 13, 23, 14], [15, 4, 16, 5], [17, 11, 18, 10], [19, 24, 20, 1], [8, 21, 9, 22], [12, 23, 13, 24], [1, 18, 2, 19], [3, 7, 4, 6], [5, 14, 6, 15], [7, 17, 8, 16], [20, 9, 21, 10], [11, 3, 12, 2]]"
12n_0552_19,"[[11, 3, 12, 2], [22, 13, 23, 14], [15, 4, 16, 5], [17, 11, 18, 10], [19, 24, 20, 1], [8, 21, 9, 22], [12, 23, 13, 24], [1, 18, 2, 19], [3, 7, 4, 6], [5, 14, 6, 15], [7, 17, 8, 16], [20, 9, 21, 10]]"
12n_0552_20,"[[20, 9, 21, 10], [11, 3, 12, 2], [22, 13, 23, 14], [15, 4, 16, 5], [17, 11, 18, 10], [19, 24, 20, 1], [8, 21, 9, 22], [12, 23, 13, 24], [1, 18, 2, 19], [3, 7, 4, 6], [5, 14, 6, 15], [7, 17, 8, 16]]"
12n_0552_21,"[[7, 17, 8, 16], [20, 9, 21, 10], [11, 3, 12, 2], [22, 13, 23, 14], [15, 4, 16, 5], [17, 11, 18, 10], [19, 24, 20, 1], [8, 21, 9, 22], [12, 23, 13, 24], [1, 18, 2, 19], [3, 7, 4, 6], [5, 14, 6, 15]]"
12n_0552_22,"[[5, 14, 6, 15], [7, 17, 8, 16], [20, 9, 21, 10], [11, 3, 12, 2], [22, 13, 23, 14], [15, 4, 16, 5], [17, 11, 18, 10], [19, 24, 20, 1], [8, 21, 9, 22], [12, 23, 13, 24], [1, 18, 2, 19], [3, 7, 4, 6]]"
12n_0552_23,"[[3, 7, 4, 6], [5, 14, 6, 15], [7, 17, 8, 16], [20, 9, 21, 10], [11, 3, 12, 2], [22, 13, 23, 14], [15, 4, 16, 5], [17, 11, 18, 10], [19, 24, 20, 1], [8, 21, 9, 22], [12, 23, 13, 24], [1, 18, 2, 19]]"
12n_0552_24,"[[2, 19, 3, 20], [4, 8, 5, 7], [6, 15, 7, 16], [8, 18, 9, 17], [21, 10, 22, 11], [12, 4, 13, 3], [23, 14, 24, 15], [16, 5, 17, 6], [18, 12, 19, 11], [20, 1, 21, 2], [9, 22, 10, 23], [13, 24, 14, 1]]"
12n_0552_25,"[[13, 24, 14, 1], [2, 19, 3, 20], [4, 8, 5, 7], [6, 15, 7, 16], [8, 18, 9, 17], [21, 10, 22, 11], [12, 4, 13, 3], [23, 14, 24, 15], [16, 5, 17, 6], [18, 12, 19, 11], [20, 1, 21, 2], [9, 22, 10, 23]]"
12n_0552_26,"[[9, 22, 10, 23], [13, 24, 14, 1], [2, 19, 3, 20], [4, 8, 5, 7], [6, 15, 7, 16], [8, 18, 9, 17], [21, 10, 22, 11], [12, 4, 13, 3], [23, 14, 24, 15], [16, 5, 17, 6], [18, 12, 19, 11], [20, 1, 21, 2]]"
12n_0552_27,"[[20, 1, 21, 2], [9, 22, 10, 23], [13, 24, 14, 1], [2, 19, 3, 20], [4, 8, 5, 7], [6, 15, 7, 16], [8, 18, 9, 17], [21, 10, 22, 11], [12, 4, 13, 3], [23, 14, 24, 15], [16, 5, 17, 6], [18, 12, 19, 11]]"
12n_0552_28,"[[18, 12, 19, 11], [20, 1, 21, 2], [9, 22, 10, 23], [13, 24, 14, 1], [2, 19, 3, 20], [4, 8, 5, 7], [6, 15, 7, 16], [8, 18, 9, 17], [21, 10, 22, 11], [12, 4, 13, 3], [23, 14, 24, 15], [16, 5, 17, 6]]"
12n_0552_29,"[[16, 5, 17, 6], [18, 12, 19, 11], [20, 1, 21, 2], [9, 22, 10, 23], [13, 24, 14, 1], [2, 19, 3, 20], [4, 8, 5, 7], [6, 15, 7, 16], [8, 18, 9, 17], [21, 10, 22, 11], [12, 4, 13, 3], [23, 14, 24, 15]]"
12n_0552_30,"[[23, 14, 24, 15], [16, 5, 17, 6], [18, 12, 19, 11], [20, 1, 21, 2], [9, 22, 10, 23], [13, 24, 14, 1], [2, 19, 3, 20], [4, 8, 5, 7], [6, 15, 7, 16], [8, 18, 9, 17], [21, 10, 22, 11], [12, 4, 13, 3]]"
12n_0552_31,"[[12, 4, 13, 3], [23, 14, 24, 15], [16, 5, 17, 6], [18, 12, 19, 11], [20, 1, 21, 2], [9, 22, 10, 23], [13, 24, 14, 1], [2, 19, 3, 20], [4, 8, 5, 7], [6, 15, 7, 16], [8, 18, 9, 17], [21, 10, 22, 11]]"
12n_0552_32,"[[21, 10, 22, 11], [12, 4, 13, 3], [23, 14, 24, 15], [16, 5, 17, 6], [18, 12, 19, 11], [20, 1, 21, 2], [9, 22, 10, 23], [13, 24, 14, 1], [2, 19, 3, 20], [4, 8, 5, 7], [6, 15, 7, 16], [8, 18, 9, 17]]"
12n_0552_33,"[[8, 18, 9, 17], [21, 10, 22, 11], [12, 4, 13, 3], [23, 14, 24, 15], [16, 5, 17, 6], [18, 12, 19, 11], [20, 1, 21, 2], [9, 22, 10, 23], [13, 24, 14, 1], [2, 19, 3, 20], [4, 8, 5, 7], [6, 15, 7, 16]]"
12n_0552_34,"[[6, 15, 7, 16], [8, 18, 9, 17], [21, 10, 22, 11], [12, 4, 13, 3], [23, 14, 24, 15], [16, 5, 17, 6], [18, 12, 19, 11], [20, 1, 21, 2], [9, 22, 10, 23], [13, 24, 14, 1], [2, 19, 3, 20], [4, 8, 5, 7]]"
12n_0552_35,"[[4, 8, 5, 7], [6, 15, 7, 16], [8, 18, 9, 17], [21, 10, 22, 11], [12, 4, 13, 3], [23, 14, 24, 15], [16, 5, 17, 6], [18, 12, 19, 11], [20, 1, 21, 2], [9, 22, 10, 23], [13, 24, 14, 1], [2, 19, 3, 20]]"
12n_0552_36,"[[3, 20, 4, 21], [5, 9, 6, 8], [7, 16, 8, 17], [9, 19, 10, 18], [22, 11, 23, 12], [13, 5, 14, 4], [24, 15, 1, 16], [17, 6, 18, 7], [19, 13, 20, 12], [21, 2, 22, 3], [10, 23, 11, 24], [14, 1, 15, 2]]"
12n_0552_37,"[[14, 1, 15, 2], [3, 20, 4, 21], [5, 9, 6, 8], [7, 16, 8, 17], [9, 19, 10, 18], [22, 11, 23, 12], [13, 5, 14, 4], [24, 15, 1, 16], [17, 6, 18, 7], [19, 13, 20, 12], [21, 2, 22, 3], [10, 23, 11, 24]]"
12n_0552_38,"[[10, 23, 11, 24], [14, 1, 15, 2], [3, 20, 4, 21], [5, 9, 6, 8], [7, 16, 8, 17], [9, 19, 10, 18], [22, 11, 23, 12], [13, 5, 14, 4], [24, 15, 1, 16], [17, 6, 18, 7], [19, 13, 20, 12], [21, 2, 22, 3]]"
12n_0552_39,"[[21, 2, 22, 3], [10, 23, 11, 24], [14, 1, 15, 2], [3, 20, 4, 21], [5, 9, 6, 8], [7, 16, 8, 17], [9, 19, 10, 18], [22, 11, 23, 12], [13, 5, 14, 4], [24, 15, 1, 16], [17, 6, 18, 7], [19, 13, 20, 12]]"
12n_0552_40,"[[19, 13, 20, 12], [21, 2, 22, 3], [10, 23, 11, 24], [14, 1, 15, 2], [3, 20, 4, 21], [5, 9, 6, 8], [7, 16, 8, 17], [9, 19, 10, 18], [22, 11, 23, 12], [13, 5, 14, 4], [24, 15, 1, 16], [17, 6, 18, 7]]"
12n_0552_41,"[[17, 6, 18, 7], [19, 13, 20, 12], [21, 2, 22, 3], [10, 23, 11, 24], [14, 1, 15, 2], [3, 20, 4, 21], [5, 9, 6, 8], [7, 16, 8, 17], [9, 19, 10, 18], [22, 11, 23, 12], [13, 5, 14, 4], [24, 15, 1, 16]]"
12n_0552_42,"[[24, 15, 1, 16], [17, 6, 18, 7], [19, 13, 20, 12], [21, 2, 22, 3], [10, 23, 11, 24], [14, 1, 15, 2], [3, 20, 4, 21], [5, 9, 6, 8], [7, 16, 8, 17], [9, 19, 10, 18], [22, 11, 23, 12], [13, 5, 14, 4]]"
12n_0552_43,"[[13, 5, 14, 4], [24, 15, 1, 16], [17, 6, 18, 7], [19, 13, 20, 12], [21, 2, 22, 3], [10, 23, 11, 24], [14, 1, 15, 2], [3, 20, 4, 21], [5, 9, 6, 8], [7, 16, 8, 17], [9, 19, 10, 18], [22, 11, 23, 12]]"
12n_0552_44,"[[22, 11, 23, 12], [13, 5, 14, 4], [24, 15, 1, 16], [17, 6, 18, 7], [19, 13, 20, 12], [21, 2, 22, 3], [10, 23, 11, 24], [14, 1, 15, 2], [3, 20, 4, 21], [5, 9, 6, 8], [7, 16, 8, 17], [9, 19, 10, 18]]"
12n_0552_45,"[[9, 19, 10, 18], [22, 11, 23, 12], [13, 5, 14, 4], [24, 15, 1, 16], [17, 6, 18, 7], [19, 13, 20, 12], [21, 2, 22, 3], [10, 23, 11, 24], [14, 1, 15, 2], [3, 20, 4, 21], [5, 9, 6, 8], [7, 16, 8, 17]]"
12n_0552_46,"[[7, 16, 8, 17], [9, 19, 10, 18], [22, 11, 23, 12], [13, 5, 14, 4], [24, 15, 1, 16], [17, 6, 18, 7], [19, 13, 20, 12], [21, 2, 22, 3], [10, 23, 11, 24], [14, 1, 15, 2], [3, 20, 4, 21], [5, 9, 6, 8]]"
12n_0552_47,"[[5, 9, 6, 8], [7, 16, 8, 17], [9, 19, 10, 18], [22, 11, 23, 12], [13, 5, 14, 4], [24, 15, 1, 16], [17, 6, 18, 7], [19, 13, 20, 12], [21, 2, 22, 3], [10, 23, 11, 24], [14, 1, 15, 2], [3, 20, 4, 21]]"
12n_0552_48,"[[4, 21, 5, 22], [6, 10, 7, 9], [8, 17, 9, 18], [10, 20, 11, 19], [23, 12, 24, 13], [14, 6, 15, 5], [1, 16, 2, 17], [18, 7, 19, 8], [20, 14, 21, 13], [22, 3, 23, 4], [11, 24, 12, 1], [15, 2, 16, 3]]"
12n_0552_49,"[[15, 2, 16, 3], [4, 21, 5, 22], [6, 10, 7, 9], [8, 17, 9, 18], [10, 20, 11, 19], [23, 12, 24, 13], [14, 6, 15, 5], [1, 16, 2, 17], [18, 7, 19, 8], [20, 14, 21, 13], [22, 3, 23, 4], [11, 24, 12, 1]]"
12n_0552_50,"[[11, 24, 12, 1], [15, 2, 16, 3], [4, 21, 5, 22], [6, 10, 7, 9], [8, 17, 9, 18], [10, 20, 11, 19], [23, 12, 24, 13], [14, 6, 15, 5], [1, 16, 2, 17], [18, 7, 19, 8], [20, 14, 21, 13], [22, 3, 23, 4]]"
12n_0552_51,"[[22, 3, 23, 4], [11, 24, 12, 1], [15, 2, 16, 3], [4, 21, 5, 22], [6, 10, 7, 9], [8, 17, 9, 18], [10, 20, 11, 19], [23, 12, 24, 13], [14, 6, 15, 5], [1, 16, 2, 17], [18, 7, 19, 8], [20, 14, 21, 13]]"
12n_0552_52,"[[20, 14, 21, 13], [22, 3, 23, 4], [11, 24, 12, 1], [15, 2, 16, 3], [4, 21, 5, 22], [6, 10, 7, 9], [8, 17, 9, 18], [10, 20, 11, 19], [23, 12, 24, 13], [14, 6, 15, 5], [1, 16, 2, 17], [18, 7, 19, 8]]"
12n_0552_53,"[[18, 7, 19, 8], [20, 14, 21, 13], [22, 3, 23, 4], [11, 24, 12, 1], [15, 2, 16, 3], [4, 21, 5, 22], [6, 10, 7, 9], [8, 17, 9, 18], [10, 20, 11, 19], [23, 12, 24, 13], [14, 6, 15, 5], [1, 16, 2, 17]]"
12n_0552_54,"[[1, 16, 2, 17], [18, 7, 19, 8], [20, 14, 21, 13], [22, 3, 23, 4], [11, 24, 12, 1], [15, 2, 16, 3], [4, 21, 5, 22], [6, 10, 7, 9], [8, 17, 9, 18], [10, 20, 11, 19], [23, 12, 24, 13], [14, 6, 15, 5]]"
12n_0552_55,"[[14, 6, 15, 5], [1, 16, 2, 17], [18, 7, 19, 8], [20, 14, 21, 13], [22, 3, 23, 4], [11, 24, 12, 1], [15, 2, 16, 3], [4, 21, 5, 22], [6, 10, 7, 9], [8, 17, 9, 18], [10, 20, 11, 19], [23, 12, 24, 13]]"
12n_0552_56,"[[23, 12, 24, 13], [14, 6, 15, 5], [1, 16, 2, 17], [18, 7, 19, 8], [20, 14, 21, 13], [22, 3, 23, 4], [11, 24, 12, 1], [15, 2, 16, 3], [4, 21, 5, 22], [6, 10, 7, 9], [8, 17, 9, 18], [10, 20, 11, 19]]"
12n_0552_57,"[[10, 20, 11, 19], [23, 12, 24, 13], [14, 6, 15, 5], [1, 16, 2, 17], [18, 7, 19, 8], [20, 14, 21, 13], [22, 3, 23, 4], [11, 24, 12, 1], [15, 2, 16, 3], [4, 21, 5, 22], [6, 10, 7, 9], [8, 17, 9, 18]]"
12n_0552_58,"[[8, 17, 9, 18], [10, 20, 11, 19], [23, 12, 24, 13], [14, 6, 15, 5], [1, 16, 2, 17], [18, 7, 19, 8], [20, 14, 21, 13], [22, 3, 23, 4], [11, 24, 12, 1], [15, 2, 16, 3], [4, 21, 5, 22], [6, 10, 7, 9]]"
12n_0552_59,"[[6, 10, 7, 9], [8, 17, 9, 18], [10, 20, 11, 19], [23, 12, 24, 13], [14, 6, 15, 5], [1, 16, 2, 17], [18, 7, 19, 8], [20, 14, 21, 13], [22, 3, 23, 4], [11, 24, 12, 1], [15, 2, 16, 3], [4, 21, 5, 22]]"
12n_0552_60,"[[5, 22, 6, 23], [7, 11, 8, 10], [9, 18, 10, 19], [11, 21, 12, 20], [24, 13, 1, 14], [15, 7, 16, 6], [2, 17, 3, 18], [19, 8, 20, 9], [21, 15, 22, 14], [23, 4, 24, 5], [12, 1, 13, 2], [16, 3, 17, 4]]"
12n_0552_61,"[[16, 3, 17, 4], [5, 22, 6, 23], [7, 11, 8, 10], [9, 18, 10, 19], [11, 21, 12, 20], [24, 13, 1, 14], [15, 7, 16, 6], [2, 17, 3, 18], [19, 8, 20, 9], [21, 15, 22, 14], [23, 4, 24, 5], [12, 1, 13, 2]]"
12n_0552_62,"[[12, 1, 13, 2], [16, 3, 17, 4], [5, 22, 6, 23], [7, 11, 8, 10], [9, 18, 10, 19], [11, 21, 12, 20], [24, 13, 1, 14], [15, 7, 16, 6], [2, 17, 3, 18], [19, 8, 20, 9], [21, 15, 22, 14], [23, 4, 24, 5]]"
12n_0552_63,"[[23, 4, 24, 5], [12, 1, 13, 2], [16, 3, 17, 4], [5, 22, 6, 23], [7, 11, 8, 10], [9, 18, 10, 19], [11, 21, 12, 20], [24, 13, 1, 14], [15, 7, 16, 6], [2, 17, 3, 18], [19, 8, 20, 9], [21, 15, 22, 14]]"
12n_0552_64,"[[21, 15, 22, 14], [23, 4, 24, 5], [12, 1, 13, 2], [16, 3, 17, 4], [5, 22, 6, 23], [7, 11, 8, 10], [9, 18, 10, 19], [11, 21, 12, 20], [24, 13, 1, 14], [15, 7, 16, 6], [2, 17, 3, 18], [19, 8, 20, 9]]"
12n_0552_65,"[[19, 8, 20, 9], [21, 15, 22, 14], [23, 4, 24, 5], [12, 1, 13, 2], [16, 3, 17, 4], [5, 22, 6, 23], [7, 11, 8, 10], [9, 18, 10, 19], [11, 21, 12, 20], [24, 13, 1, 14], [15, 7, 16, 6], [2, 17, 3, 18]]"
12n_0552_66,"[[2, 17, 3, 18], [19, 8, 20, 9], [21, 15, 22, 14], [23, 4, 24, 5], [12, 1, 13, 2], [16, 3, 17, 4], [5, 22, 6, 23], [7, 11, 8, 10], [9, 18, 10, 19], [11, 21, 12, 20], [24, 13, 1, 14], [15, 7, 16, 6]]"
12n_0552_67,"[[15, 7, 16, 6], [2, 17, 3, 18], [19, 8, 20, 9], [21, 15, 22, 14], [23, 4, 24, 5], [12, 1, 13, 2], [16, 3, 17, 4], [5, 22, 6, 23], [7, 11, 8, 10], [9, 18, 10, 19], [11, 21, 12, 20], [24, 13, 1, 14]]"
12n_0552_68,"[[24, 13, 1, 14], [15, 7, 16, 6], [2, 17, 3, 18], [19, 8, 20, 9], [21, 15, 22, 14], [23, 4, 24, 5], [12, 1, 13, 2], [16, 3, 17, 4], [5, 22, 6, 23], [7, 11, 8, 10], [9, 18, 10, 19], [11, 21, 12, 20]]"
12n_0552_69,"[[11, 21, 12, 20], [24, 13, 1, 14], [15, 7, 16, 6], [2, 17, 3, 18], [19, 8, 20, 9], [21, 15, 22, 14], [23, 4, 24, 5], [12, 1, 13, 2], [16, 3, 17, 4], [5, 22, 6, 23], [7, 11, 8, 10], [9, 18, 10, 19]]"
12n_0552_70,"[[9, 18, 10, 19], [11, 21, 12, 20], [24, 13, 1, 14], [15, 7, 16, 6], [2, 17, 3, 18], [19, 8, 20, 9], [21, 15, 22, 14], [23, 4, 24, 5], [12, 1, 13, 2], [16, 3, 17, 4], [5, 22, 6, 23], [7, 11, 8, 10]]"
12n_0552_71,"[[7, 11, 8, 10], [9, 18, 10, 19], [11, 21, 12, 20], [24, 13, 1, 14], [15, 7, 16, 6], [2, 17, 3, 18], [19, 8, 20, 9], [21, 15, 22, 14], [23, 4, 24, 5], [12, 1, 13, 2], [16, 3, 17, 4], [5, 22, 6, 23]]"
12n_0552_72,"[[6, 23, 7, 24], [8, 12, 9, 11], [10, 19, 11, 20], [12, 22, 13, 21], [1, 14, 2, 15], [16, 8, 17, 7], [3, 18, 4, 19], [20, 9, 21, 10], [22, 16, 23, 15], [24, 5, 1, 6], [13, 2, 14, 3], [17, 4, 18, 5]]"
12n_0552_73,"[[17, 4, 18, 5], [6, 23, 7, 24], [8, 12, 9, 11], [10, 19, 11, 20], [12, 22, 13, 21], [1, 14, 2, 15], [16, 8, 17, 7], [3, 18, 4, 19], [20, 9, 21, 10], [22, 16, 23, 15], [24, 5, 1, 6], [13, 2, 14, 3]]"
12n_0552_74,"[[13, 2, 14, 3], [17, 4, 18, 5], [6, 23, 7, 24], [8, 12, 9, 11], [10, 19, 11, 20], [12, 22, 13, 21], [1, 14, 2, 15], [16, 8, 17, 7], [3, 18, 4, 19], [20, 9, 21, 10], [22, 16, 23, 15], [24, 5, 1, 6]]"
12n_0552_75,"[[24, 5, 1, 6], [13, 2, 14, 3], [17, 4, 18, 5], [6, 23, 7, 24], [8, 12, 9, 11], [10, 19, 11, 20], [12, 22, 13, 21], [1, 14, 2, 15], [16, 8, 17, 7], [3, 18, 4, 19], [20, 9, 21, 10], [22, 16, 23, 15]]"
12n_0552_76,"[[22, 16, 23, 15], [24, 5, 1, 6], [13, 2, 14, 3], [17, 4, 18, 5], [6, 23, 7, 24], [8, 12, 9, 11], [10, 19, 11, 20], [12, 22, 13, 21], [1, 14, 2, 15], [16, 8, 17, 7], [3, 18, 4, 19], [20, 9, 21, 10]]"
12n_0552_77,"[[20, 9, 21, 10], [22, 16, 23, 15], [24, 5, 1, 6], [13, 2, 14, 3], [17, 4, 18, 5], [6, 23, 7, 24], [8, 12, 9, 11], [10, 19, 11, 20], [12, 22, 13, 21], [1, 14, 2, 15], [16, 8, 17, 7], [3, 18, 4, 19]]"
12n_0552_78,"[[3, 18, 4, 19], [20, 9, 21, 10], [22, 16, 23, 15], [24, 5, 1, 6], [13, 2, 14, 3], [17, 4, 18, 5], [6, 23, 7, 24], [8, 12, 9, 11], [10, 19, 11, 20], [12, 22, 13, 21], [1, 14, 2, 15], [16, 8, 17, 7]]"
12n_0552_79,"[[16, 8, 17, 7], [3, 18, 4, 19], [20, 9, 21, 10], [22, 16, 23, 15], [24, 5, 1, 6], [13, 2, 14, 3], [17, 4, 18, 5], [6, 23, 7, 24], [8, 12, 9, 11], [10, 19, 11, 20], [12, 22, 13, 21], [1, 14, 2, 15]]"
12n_0552_80,"[[1, 14, 2, 15], [16, 8, 17, 7], [3, 18, 4, 19], [20, 9, 21, 10], [22, 16, 23, 15], [24, 5, 1, 6], [13, 2, 14, 3], [17, 4, 18, 5], [6, 23, 7, 24], [8, 12, 9, 11], [10, 19, 11, 20], [12, 22, 13, 21]]"
12n_0552_81,"[[12, 22, 13, 21], [1, 14, 2, 15], [16, 8, 17, 7], [3, 18, 4, 19], [20, 9, 21, 10], [22, 16, 23, 15], [24, 5, 1, 6], [13, 2, 14, 3], [17, 4, 18, 5], [6, 23, 7, 24], [8, 12, 9, 11], [10, 19, 11, 20]]"
12n_0552_82,"[[10, 19, 11, 20], [12, 22, 13, 21], [1, 14, 2, 15], [16, 8, 17, 7], [3, 18, 4, 19], [20, 9, 21, 10], [22, 16, 23, 15], [24, 5, 1, 6], [13, 2, 14, 3], [17, 4, 18, 5], [6, 23, 7, 24], [8, 12, 9, 11]]"
12n_0552_83,"[[8, 12, 9, 11], [10, 19, 11, 20], [12, 22, 13, 21], [1, 14, 2, 15], [16, 8, 17, 7], [3, 18, 4, 19], [20, 9, 21, 10], [22, 16, 23, 15], [24, 5, 1, 6], [13, 2, 14, 3], [17, 4, 18, 5], [6, 23, 7, 24]]"
12n_0552_84,"[[7, 24, 8, 1], [9, 13, 10, 12], [11, 20, 12, 21], [13, 23, 14, 22], [2, 15, 3, 16], [17, 9, 18, 8], [4, 19, 5, 20], [21, 10, 22, 11], [23, 17, 24, 16], [1, 6, 2, 7], [14, 3, 15, 4], [18, 5, 19, 6]]"
12n_0552_85,"[[18, 5, 19, 6], [7, 24, 8, 1], [9, 13, 10, 12], [11, 20, 12, 21], [13, 23, 14, 22], [2, 15, 3, 16], [17, 9, 18, 8], [4, 19, 5, 20], [21, 10, 22, 11], [23, 17, 24, 16], [1, 6, 2, 7], [14, 3, 15, 4]]"
12n_0552_86,"[[14, 3, 15, 4], [18, 5, 19, 6], [7, 24, 8, 1], [9, 13, 10, 12], [11, 20, 12, 21], [13, 23, 14, 22], [2, 15, 3, 16], [17, 9, 18, 8], [4, 19, 5, 20], [21, 10, 22, 11], [23, 17, 24, 16], [1, 6, 2, 7]]"
12n_0552_87,"[[1, 6, 2, 7], [14, 3, 15, 4], [18, 5, 19, 6], [7, 24, 8, 1], [9, 13, 10, 12], [11, 20, 12, 21], [13, 23, 14, 22], [2, 15, 3, 16], [17, 9, 18, 8], [4, 19, 5, 20], [21, 10, 22, 11], [23, 17, 24, 16]]"
12n_0552_88,"[[23, 17, 24, 16], [1, 6, 2, 7], [14, 3, 15, 4], [18, 5, 19, 6], [7, 24, 8, 1], [9, 13, 10, 12], [11, 20, 12, 21], [13, 23, 14, 22], [2, 15, 3, 16], [17, 9, 18, 8], [4, 19, 5, 20], [21, 10, 22, 11]]"
12n_0552_89,"[[21, 10, 22, 11], [23, 17, 24, 16], [1, 6, 2, 7], [14, 3, 15, 4], [18, 5, 19, 6], [7, 24, 8, 1], [9, 13, 10, 12], [11, 20, 12, 21], [13, 23, 14, 22], [2, 15, 3, 16], [17, 9, 18, 8], [4, 19, 5, 20]]"
12n_0552_90,"[[4, 19, 5, 20], [21, 10, 22, 11], [23, 17, 24, 16], [1, 6, 2, 7], [14, 3, 15, 4], [18, 5, 19, 6], [7, 24, 8, 1], [9, 13, 10, 12], [11, 20, 12, 21], [13, 23, 14, 22], [2, 15, 3, 16], [17, 9, 18, 8]]"
12n_0552_91,"[[17, 9, 18, 8], [4, 19, 5, 20], [21, 10, 22, 11], [23, 17, 24, 16], [1, 6, 2, 7], [14, 3, 15, 4], [18, 5, 19, 6], [7, 24, 8, 1], [9, 13, 10, 12], [11, 20, 12, 21], [13, 23, 14, 22], [2, 15, 3, 16]]"
12n_0552_92,"[[2, 15, 3, 16], [17, 9, 18, 8], [4, 19, 5, 20], [21, 10, 22, 11], [23, 17, 24, 16], [1, 6, 2, 7], [14, 3, 15, 4], [18, 5, 19, 6], [7, 24, 8, 1], [9, 13, 10, 12], [11, 20, 12, 21], [13, 23, 14, 22]]"
12n_0552_93,"[[13, 23, 14, 22], [2, 15, 3, 16], [17, 9, 18, 8], [4, 19, 5, 20], [21, 10, 22, 11], [23, 17, 24, 16], [1, 6, 2, 7], [14, 3, 15, 4], [18, 5, 19, 6], [7, 24, 8, 1], [9, 13, 10, 12], [11, 20, 12, 21]]"
12n_0552_94,"[[11, 20, 12, 21], [13, 23, 14, 22], [2, 15, 3, 16], [17, 9, 18, 8], [4, 19, 5, 20], [21, 10, 22, 11], [23, 17, 24, 16], [1, 6, 2, 7], [14, 3, 15, 4], [18, 5, 19, 6], [7, 24, 8, 1], [9, 13, 10, 12]]"
12n_0552_95,"[[9, 13, 10, 12], [11, 20, 12, 21], [13, 23, 14, 22], [2, 15, 3, 16], [17, 9, 18, 8], [4, 19, 5, 20], [21, 10, 22, 11], [23, 17, 24, 16], [1, 6, 2, 7], [14, 3, 15, 4], [18, 5, 19, 6], [7, 24, 8, 1]]"
12n_0552_96,"[[8, 1, 9, 2], [10, 14, 11, 13], [12, 21, 13, 22], [14, 24, 15, 23], [3, 16, 4, 17], [18, 10, 19, 9], [5, 20, 6, 21], [22, 11, 23, 12], [24, 18, 1, 17], [2, 7, 3, 8], [15, 4, 16, 5], [19, 6, 20, 7]]"
12n_0552_97,"[[19, 6, 20, 7], [8, 1, 9, 2], [10, 14, 11, 13], [12, 21, 13, 22], [14, 24, 15, 23], [3, 16, 4, 17], [18, 10, 19, 9], [5, 20, 6, 21], [22, 11, 23, 12], [24, 18, 1, 17], [2, 7, 3, 8], [15, 4, 16, 5]]"
12n_0552_98,"[[15, 4, 16, 5], [19, 6, 20, 7], [8, 1, 9, 2], [10, 14, 11, 13], [12, 21, 13, 22], [14, 24, 15, 23], [3, 16, 4, 17], [18, 10, 19, 9], [5, 20, 6, 21], [22, 11, 23, 12], [24, 18, 1, 17], [2, 7, 3, 8]]"
12n_0552_99,"[[2, 7, 3, 8], [15, 4, 16, 5], [19, 6, 20, 7], [8, 1, 9, 2], [10, 14, 11, 13], [12, 21, 13, 22], [14, 24, 15, 23], [3, 16, 4, 17], [18, 10, 19, 9], [5, 20, 6, 21], [22, 11, 23, 12], [24, 18, 1, 17]]"
12n_0552_100,"[[24, 18, 1, 17], [2, 7, 3, 8], [15, 4, 16, 5], [19, 6, 20, 7], [8, 1, 9, 2], [10, 14, 11, 13], [12, 21, 13, 22], [14, 24, 15, 23], [3, 16, 4, 17], [18, 10, 19, 9], [5, 20, 6, 21], [22, 11, 23, 12]]"
12n_0552_101,"[[22, 11, 23, 12], [24, 18, 1, 17], [2, 7, 3, 8], [15, 4, 16, 5], [19, 6, 20, 7], [8, 1, 9, 2], [10, 14, 11, 13], [12, 21, 13, 22], [14, 24, 15, 23], [3, 16, 4, 17], [18, 10, 19, 9], [5, 20, 6, 21]]"
12n_0552_102,"[[5, 20, 6, 21], [22, 11, 23, 12], [24, 18, 1, 17], [2, 7, 3, 8], [15, 4, 16, 5], [19, 6, 20, 7], [8, 1, 9, 2], [10, 14, 11, 13], [12, 21, 13, 22], [14, 24, 15, 23], [3, 16, 4, 17], [18, 10, 19, 9]]"
12n_0552_103,"[[18, 10, 19, 9], [5, 20, 6, 21], [22, 11, 23, 12], [24, 18, 1, 17], [2, 7, 3, 8], [15, 4, 16, 5], [19, 6, 20, 7], [8, 1, 9, 2], [10, 14, 11, 13], [12, 21, 13, 22], [14, 24, 15, 23], [3, 16, 4, 17]]"
12n_0552_104,"[[3, 16, 4, 17], [18, 10, 19, 9], [5, 20, 6, 21], [22, 11, 23, 12], [24, 18, 1, 17], [2, 7, 3, 8], [15, 4, 16, 5], [19, 6, 20, 7], [8, 1, 9, 2], [10, 14, 11, 13], [12, 21, 13, 22], [14, 24, 15, 23]]"
12n_0552_105,"[[14, 24, 15, 23], [3, 16, 4, 17], [18, 10, 19, 9], [5, 20, 6, 21], [22, 11, 23, 12], [24, 18, 1, 17], [2, 7, 3, 8], [15, 4, 16, 5], [19, 6, 20, 7], [8, 1, 9, 2], [10, 14, 11, 13], [12, 21, 13, 22]]"
12n_0552_106,"[[12, 21, 13, 22], [14, 24, 15, 23], [3, 16, 4, 17], [18, 10, 19, 9], [5, 20, 6, 21], [22, 11, 23, 12], [24, 18, 1, 17], [2, 7, 3, 8], [15, 4, 16, 5], [19, 6, 20, 7], [8, 1, 9, 2], [10, 14, 11, 13]]"
12n_0552_107,"[[10, 14, 11, 13], [12, 21, 13, 22], [14, 24, 15, 23], [3, 16, 4, 17], [18, 10, 19, 9], [5, 20, 6, 21], [22, 11, 23, 12], [24, 18, 1, 17], [2, 7, 3, 8], [15, 4, 16, 5], [19, 6, 20, 7], [8, 1, 9, 2]]"
12n_0552_108,"[[9, 2, 10, 3], [11, 15, 12, 14], [13, 22, 14, 23], [15, 1, 16, 24], [4, 17, 5, 18], [19, 11, 20, 10], [6, 21, 7, 22], [23, 12, 24, 13], [1, 19, 2, 18], [3, 8, 4, 9], [16, 5, 17, 6], [20, 7, 21, 8]]"
12n_0552_109,"[[20, 7, 21, 8], [9, 2, 10, 3], [11, 15, 12, 14], [13, 22, 14, 23], [15, 1, 16, 24], [4, 17, 5, 18], [19, 11, 20, 10], [6, 21, 7, 22], [23, 12, 24, 13], [1, 19, 2, 18], [3, 8, 4, 9], [16, 5, 17, 6]]"
12n_0552_110,"[[16, 5, 17, 6], [20, 7, 21, 8], [9, 2, 10, 3], [11, 15, 12, 14], [13, 22, 14, 23], [15, 1, 16, 24], [4, 17, 5, 18], [19, 11, 20, 10], [6, 21, 7, 22], [23, 12, 24, 13], [1, 19, 2, 18], [3, 8, 4, 9]]"
12n_0552_111,"[[3, 8, 4, 9], [16, 5, 17, 6], [20, 7, 21, 8], [9, 2, 10, 3], [11, 15, 12, 14], [13, 22, 14, 23], [15, 1, 16, 24], [4, 17, 5, 18], [19, 11, 20, 10], [6, 21, 7, 22], [23, 12, 24, 13], [1, 19, 2, 18]]"
12n_0552_112,"[[1, 19, 2, 18], [3, 8, 4, 9], [16, 5, 17, 6], [20, 7, 21, 8], [9, 2, 10, 3], [11, 15, 12, 14], [13, 22, 14, 23], [15, 1, 16, 24], [4, 17, 5, 18], [19, 11, 20, 10], [6, 21, 7, 22], [23, 12, 24, 13]]"
12n_0552_113,"[[23, 12, 24, 13], [1, 19, 2, 18], [3, 8, 4, 9], [16, 5, 17, 6], [20, 7, 21, 8], [9, 2, 10, 3], [11, 15, 12, 14], [13, 22, 14, 23], [15, 1, 16, 24], [4, 17, 5, 18], [19, 11, 20, 10], [6, 21, 7, 22]]"
12n_0552_114,"[[6, 21, 7, 22], [23, 12, 24, 13], [1, 19, 2, 18], [3, 8, 4, 9], [16, 5, 17, 6], [20, 7, 21, 8], [9, 2, 10, 3], [11, 15, 12, 14], [13, 22, 14, 23], [15, 1, 16, 24], [4, 17, 5, 18], [19, 11, 20, 10]]"
12n_0552_115,"[[19, 11, 20, 10], [6, 21, 7, 22], [23, 12, 24, 13], [1, 19, 2, 18], [3, 8, 4, 9], [16, 5, 17, 6], [20, 7, 21, 8], [9, 2, 10, 3], [11, 15, 12, 14], [13, 22, 14, 23], [15, 1, 16, 24], [4, 17, 5, 18]]"
12n_0552_116,"[[4, 17, 5, 18], [19, 11, 20, 10], [6, 21, 7, 22], [23, 12, 24, 13], [1, 19, 2, 18], [3, 8, 4, 9], [16, 5, 17, 6], [20, 7, 21, 8], [9, 2, 10, 3], [11, 15, 12, 14], [13, 22, 14, 23], [15, 1, 16, 24]]"
12n_0552_117,"[[15, 1, 16, 24], [4, 17, 5, 18], [19, 11, 20, 10], [6, 21, 7, 22], [23, 12, 24, 13], [1, 19, 2, 18], [3, 8, 4, 9], [16, 5, 17, 6], [20, 7, 21, 8], [9, 2, 10, 3], [11, 15, 12, 14], [13, 22, 14, 23]]"
12n_0552_118,"[[13, 22, 14, 23], [15, 1, 16, 24], [4, 17, 5, 18], [19, 11, 20, 10], [6, 21, 7, 22], [23, 12, 24, 13], [1, 19, 2, 18], [3, 8, 4, 9], [16, 5, 17, 6], [20, 7, 21, 8], [9, 2, 10, 3], [11, 15, 12, 14]]"
12n_0552_119,"[[11, 15, 12, 14], [13, 22, 14, 23], [15, 1, 16, 24], [4, 17, 5, 18], [19, 11, 20, 10], [6, 21, 7, 22], [23, 12, 24, 13], [1, 19, 2, 18], [3, 8, 4, 9], [16, 5, 17, 6], [20, 7, 21, 8], [9, 2, 10, 3]]"
12n_0552_120,"[[10, 3, 11, 4], [12, 16, 13, 15], [14, 23, 15, 24], [16, 2, 17, 1], [5, 18, 6, 19], [20, 12, 21, 11], [7, 22, 8, 23], [24, 13, 1, 14], [2, 20, 3, 19], [4, 9, 5, 10], [17, 6, 18, 7], [21, 8, 22, 9]]"
12n_0552_121,"[[21, 8, 22, 9], [10, 3, 11, 4], [12, 16, 13, 15], [14, 23, 15, 24], [16, 2, 17, 1], [5, 18, 6, 19], [20, 12, 21, 11], [7, 22, 8, 23], [24, 13, 1, 14], [2, 20, 3, 19], [4, 9, 5, 10], [17, 6, 18, 7]]"
12n_0552_122,"[[17, 6, 18, 7], [21, 8, 22, 9], [10, 3, 11, 4], [12, 16, 13, 15], [14, 23, 15, 24], [16, 2, 17, 1], [5, 18, 6, 19], [20, 12, 21, 11], [7, 22, 8, 23], [24, 13, 1, 14], [2, 20, 3, 19], [4, 9, 5, 10]]"
12n_0552_123,"[[4, 9, 5, 10], [17, 6, 18, 7], [21, 8, 22, 9], [10, 3, 11, 4], [12, 16, 13, 15], [14, 23, 15, 24], [16, 2, 17, 1], [5, 18, 6, 19], [20, 12, 21, 11], [7, 22, 8, 23], [24, 13, 1, 14], [2, 20, 3, 19]]"
12n_0552_124,"[[2, 20, 3, 19], [4, 9, 5, 10], [17, 6, 18, 7], [21, 8, 22, 9], [10, 3, 11, 4], [12, 16, 13, 15], [14, 23, 15, 24], [16, 2, 17, 1], [5, 18, 6, 19], [20, 12, 21, 11], [7, 22, 8, 23], [24, 13, 1, 14]]"
12n_0552_125,"[[24, 13, 1, 14], [2, 20, 3, 19], [4, 9, 5, 10], [17, 6, 18, 7], [21, 8, 22, 9], [10, 3, 11, 4], [12, 16, 13, 15], [14, 23, 15, 24], [16, 2, 17, 1], [5, 18, 6, 19], [20, 12, 21, 11], [7, 22, 8, 23]]"
12n_0552_126,"[[7, 22, 8, 23], [24, 13, 1, 14], [2, 20, 3, 19], [4, 9, 5, 10], [17, 6, 18, 7], [21, 8, 22, 9], [10, 3, 11, 4], [12, 16, 13, 15], [14, 23, 15, 24], [16, 2, 17, 1], [5, 18, 6, 19], [20, 12, 21, 11]]"
12n_0552_127,"[[20, 12, 21, 11], [7, 22, 8, 23], [24, 13, 1, 14], [2, 20, 3, 19], [4, 9, 5, 10], [17, 6, 18, 7], [21, 8, 22, 9], [10, 3, 11, 4], [12, 16, 13, 15], [14, 23, 15, 24], [16, 2, 17, 1], [5, 18, 6, 19]]"
12n_0552_128,"[[5, 18, 6, 19], [20, 12, 21, 11], [7, 22, 8, 23], [24, 13, 1, 14], [2, 20, 3, 19], [4, 9, 5, 10], [17, 6, 18, 7], [21, 8, 22, 9], [10, 3, 11, 4], [12, 16, 13, 15], [14, 23, 15, 24], [16, 2, 17, 1]]"
12n_0552_129,"[[16, 2, 17, 1], [5, 18, 6, 19], [20, 12, 21, 11], [7, 22, 8, 23], [24, 13, 1, 14], [2, 20, 3, 19], [4, 9, 5, 10], [17, 6, 18, 7], [21, 8, 22, 9], [10, 3, 11, 4], [12, 16, 13, 15], [14, 23, 15, 24]]"
12n_0552_130,"[[14, 23, 15, 24], [16, 2, 17, 1], [5, 18, 6, 19], [20, 12, 21, 11], [7, 22, 8, 23], [24, 13, 1, 14], [2, 20, 3, 19], [4, 9, 5, 10], [17, 6, 18, 7], [21, 8, 22, 9], [10, 3, 11, 4], [12, 16, 13, 15]]"
12n_0552_131,"[[12, 16, 13, 15], [14, 23, 15, 24], [16, 2, 17, 1], [5, 18, 6, 19], [20, 12, 21, 11], [7, 22, 8, 23], [24, 13, 1, 14], [2, 20, 3, 19], [4, 9, 5, 10], [17, 6, 18, 7], [21, 8, 22, 9], [10, 3, 11, 4]]"
12n_0552_132,"[[11, 4, 12, 5], [13, 17, 14, 16], [15, 24, 16, 1], [17, 3, 18, 2], [6, 19, 7, 20], [21, 13, 22, 12], [8, 23, 9, 24], [1, 14, 2, 15], [3, 21, 4, 20], [5, 10, 6, 11], [18, 7, 19, 8], [22, 9, 23, 10]]"
12n_0552_133,"[[22, 9, 23, 10], [11, 4, 12, 5], [13, 17, 14, 16], [15, 24, 16, 1], [17, 3, 18, 2], [6, 19, 7, 20], [21, 13, 22, 12], [8, 23, 9, 24], [1, 14, 2, 15], [3, 21, 4, 20], [5, 10, 6, 11], [18, 7, 19, 8]]"
12n_0552_134,"[[18, 7, 19, 8], [22, 9, 23, 10], [11, 4, 12, 5], [13, 17, 14, 16], [15, 24, 16, 1], [17, 3, 18, 2], [6, 19, 7, 20], [21, 13, 22, 12], [8, 23, 9, 24], [1, 14, 2, 15], [3, 21, 4, 20], [5, 10, 6, 11]]"
12n_0552_135,"[[5, 10, 6, 11], [18, 7, 19, 8], [22, 9, 23, 10], [11, 4, 12, 5], [13, 17, 14, 16], [15, 24, 16, 1], [17, 3, 18, 2], [6, 19, 7, 20], [21, 13, 22, 12], [8, 23, 9, 24], [1, 14, 2, 15], [3, 21, 4, 20]]"
12n_0552_136,"[[3, 21, 4, 20], [5, 10, 6, 11], [18, 7, 19, 8], [22, 9, 23, 10], [11, 4, 12, 5], [13, 17, 14, 16], [15, 24, 16, 1], [17, 3, 18, 2], [6, 19, 7, 20], [21, 13, 22, 12], [8, 23, 9, 24], [1, 14, 2, 15]]"
12n_0552_137,"[[1, 14, 2, 15], [3, 21, 4, 20], [5, 10, 6, 11], [18, 7, 19, 8], [22, 9, 23, 10], [11, 4, 12, 5], [13, 17, 14, 16], [15, 24, 16, 1], [17, 3, 18, 2], [6, 19, 7, 20], [21, 13, 22, 12], [8, 23, 9, 24]]"
12n_0552_138,"[[8, 23, 9, 24], [1, 14, 2, 15], [3, 21, 4, 20], [5, 10, 6, 11], [18, 7, 19, 8], [22, 9, 23, 10], [11, 4, 12, 5], [13, 17, 14, 16], [15, 24, 16, 1], [17, 3, 18, 2], [6, 19, 7, 20], [21, 13, 22, 12]]"
12n_0552_139,"[[21, 13, 22, 12], [8, 23, 9, 24], [1, 14, 2, 15], [3, 21, 4, 20], [5, 10, 6, 11], [18, 7, 19, 8], [22, 9, 23, 10], [11, 4, 12, 5], [13, 17, 14, 16], [15, 24, 16, 1], [17, 3, 18, 2], [6, 19, 7, 20]]"
12n_0552_140,"[[6, 19, 7, 20], [21, 13, 22, 12], [8, 23, 9, 24], [1, 14, 2, 15], [3, 21, 4, 20], [5, 10, 6, 11], [18, 7, 19, 8], [22, 9, 23, 10], [11, 4, 12, 5], [13, 17, 14, 16], [15, 24, 16, 1], [17, 3, 18, 2]]"
12n_0552_141,"[[17, 3, 18, 2], [6, 19, 7, 20], [21, 13, 22, 12], [8, 23, 9, 24], [1, 14, 2, 15], [3, 21, 4, 20], [5, 10, 6, 11], [18, 7, 19, 8], [22, 9, 23, 10], [11, 4, 12, 5], [13, 17, 14, 16], [15, 24, 16, 1]]"
12n_0552_142,"[[15, 24, 16, 1], [17, 3, 18, 2], [6, 19, 7, 20], [21, 13, 22, 12], [8, 23, 9, 24], [1, 14, 2, 15], [3, 21, 4, 20], [5, 10, 6, 11], [18, 7, 19, 8], [22, 9, 23, 10], [11, 4, 12, 5], [13, 17, 14, 16]]"
12n_0552_143,"[[13, 17, 14, 16], [15, 24, 16, 1], [17, 3, 18, 2], [6, 19, 7, 20], [21, 13, 22, 12], [8, 23, 9, 24], [1, 14, 2, 15], [3, 21, 4, 20], [5, 10, 6, 11], [18, 7, 19, 8], [22, 9, 23, 10], [11, 4, 12, 5]]"
12n_0552_144,"[[12, 5, 13, 6], [14, 18, 15, 17], [16, 1, 17, 2], [18, 4, 19, 3], [7, 20, 8, 21], [22, 14, 23, 13], [9, 24, 10, 1], [2, 15, 3, 16], [4, 22, 5, 21], [6, 11, 7, 12], [19, 8, 20, 9], [23, 10, 24, 11]]"
12n_0552_145,"[[23, 10, 24, 11], [12, 5, 13, 6], [14, 18, 15, 17], [16, 1, 17, 2], [18, 4, 19, 3], [7, 20, 8, 21], [22, 14, 23, 13], [9, 24, 10, 1], [2, 15, 3, 16], [4, 22, 5, 21], [6, 11, 7, 12], [19, 8, 20, 9]]"
12n_0552_146,"[[19, 8, 20, 9], [23, 10, 24, 11], [12, 5, 13, 6], [14, 18, 15, 17], [16, 1, 17, 2], [18, 4, 19, 3], [7, 20, 8, 21], [22, 14, 23, 13], [9, 24, 10, 1], [2, 15, 3, 16], [4, 22, 5, 21], [6, 11, 7, 12]]"
12n_0552_147,"[[6, 11, 7, 12], [19, 8, 20, 9], [23, 10, 24, 11], [12, 5, 13, 6], [14, 18, 15, 17], [16, 1, 17, 2], [18, 4, 19, 3], [7, 20, 8, 21], [22, 14, 23, 13], [9, 24, 10, 1], [2, 15, 3, 16], [4, 22, 5, 21]]"
12n_0552_148,"[[4, 22, 5, 21], [6, 11, 7, 12], [19, 8, 20, 9], [23, 10, 24, 11], [12, 5, 13, 6], [14, 18, 15, 17], [16, 1, 17, 2], [18, 4, 19, 3], [7, 20, 8, 21], [22, 14, 23, 13], [9, 24, 10, 1], [2, 15, 3, 16]]"
12n_0552_149,"[[2, 15, 3, 16], [4, 22, 5, 21], [6, 11, 7, 12], [19, 8, 20, 9], [23, 10, 24, 11], [12, 5, 13, 6], [14, 18, 15, 17], [16, 1, 17, 2], [18, 4, 19, 3], [7, 20, 8, 21], [22, 14, 23, 13], [9, 24, 10, 1]]"
12n_0552_150,"[[9, 24, 10, 1], [2, 15, 3, 16], [4, 22, 5, 21], [6, 11, 7, 12], [19, 8, 20, 9], [23, 10, 24, 11], [12, 5, 13, 6], [14, 18, 15, 17], [16, 1, 17, 2], [18, 4, 19, 3], [7, 20, 8, 21], [22, 14, 23, 13]]"
12n_0552_151,"[[22, 14, 23, 13], [9, 24, 10, 1], [2, 15, 3, 16], [4, 22, 5, 21], [6, 11, 7, 12], [19, 8, 20, 9], [23, 10, 24, 11], [12, 5, 13, 6], [14, 18, 15, 17], [16, 1, 17, 2], [18, 4, 19, 3], [7, 20, 8, 21]]"
12n_0552_152,"[[7, 20, 8, 21], [22, 14, 23, 13], [9, 24, 10, 1], [2, 15, 3, 16], [4, 22, 5, 21], [6, 11, 7, 12], [19, 8, 20, 9], [23, 10, 24, 11], [12, 5, 13, 6], [14, 18, 15, 17], [16, 1, 17, 2], [18, 4, 19, 3]]"
12n_0552_153,"[[18, 4, 19, 3], [7, 20, 8, 21], [22, 14, 23, 13], [9, 24, 10, 1], [2, 15, 3, 16], [4, 22, 5, 21], [6, 11, 7, 12], [19, 8, 20, 9], [23, 10, 24, 11], [12, 5, 13, 6], [14, 18, 15, 17], [16, 1, 17, 2]]"
12n_0552_154,"[[16, 1, 17, 2], [18, 4, 19, 3], [7, 20, 8, 21], [22, 14, 23, 13], [9, 24, 10, 1], [2, 15, 3, 16], [4, 22, 5, 21], [6, 11, 7, 12], [19, 8, 20, 9], [23, 10, 24, 11], [12, 5, 13, 6], [14, 18, 15, 17]]"
12n_0552_155,"[[14, 18, 15, 17], [16, 1, 17, 2], [18, 4, 19, 3], [7, 20, 8, 21], [22, 14, 23, 13], [9, 24, 10, 1], [2, 15, 3, 16], [4, 22, 5, 21], [6, 11, 7, 12], [19, 8, 20, 9], [23, 10, 24, 11], [12, 5, 13, 6]]"
12n_0552_156,"[[13, 6, 14, 7], [15, 19, 16, 18], [17, 2, 18, 3], [19, 5, 20, 4], [8, 21, 9, 22], [23, 15, 24, 14], [10, 1, 11, 2], [3, 16, 4, 17], [5, 23, 6, 22], [7, 12, 8, 13], [20, 9, 21, 10], [24, 11, 1, 12]]"
12n_0552_157,"[[24, 11, 1, 12], [13, 6, 14, 7], [15, 19, 16, 18], [17, 2, 18, 3], [19, 5, 20, 4], [8, 21, 9, 22], [23, 15, 24, 14], [10, 1, 11, 2], [3, 16, 4, 17], [5, 23, 6, 22], [7, 12, 8, 13], [20, 9, 21, 10]]"
12n_0552_158,"[[20, 9, 21, 10], [24, 11, 1, 12], [13, 6, 14, 7], [15, 19, 16, 18], [17, 2, 18, 3], [19, 5, 20, 4], [8, 21, 9, 22], [23, 15, 24, 14], [10, 1, 11, 2], [3, 16, 4, 17], [5, 23, 6, 22], [7, 12, 8, 13]]"
12n_0552_159,"[[7, 12, 8, 13], [20, 9, 21, 10], [24, 11, 1, 12], [13, 6, 14, 7], [15, 19, 16, 18], [17, 2, 18, 3], [19, 5, 20, 4], [8, 21, 9, 22], [23, 15, 24, 14], [10, 1, 11, 2], [3, 16, 4, 17], [5, 23, 6, 22]]"
12n_0552_160,"[[5, 23, 6, 22], [7, 12, 8, 13], [20, 9, 21, 10], [24, 11, 1, 12], [13, 6, 14, 7], [15, 19, 16, 18], [17, 2, 18, 3], [19, 5, 20, 4], [8, 21, 9, 22], [23, 15, 24, 14], [10, 1, 11, 2], [3, 16, 4, 17]]"
12n_0552_161,"[[3, 16, 4, 17], [5, 23, 6, 22], [7, 12, 8, 13], [20, 9, 21, 10], [24, 11, 1, 12], [13, 6, 14, 7], [15, 19, 16, 18], [17, 2, 18, 3], [19, 5, 20, 4], [8, 21, 9, 22], [23, 15, 24, 14], [10, 1, 11, 2]]"
12n_0552_162,"[[10, 1, 11, 2], [3, 16, 4, 17], [5, 23, 6, 22], [7, 12, 8, 13], [20, 9, 21, 10], [24, 11, 1, 12], [13, 6, 14, 7], [15, 19, 16, 18], [17, 2, 18, 3], [19, 5, 20, 4], [8, 21, 9, 22], [23, 15, 24, 14]]"
12n_0552_163,"[[23, 15, 24, 14], [10, 1, 11, 2], [3, 16, 4, 17], [5, 23, 6, 22], [7, 12, 8, 13], [20, 9, 21, 10], [24, 11, 1, 12], [13, 6, 14, 7], [15, 19, 16, 18], [17, 2, 18, 3], [19, 5, 20, 4], [8, 21, 9, 22]]"
12n_0552_164,"[[8, 21, 9, 22], [23, 15, 24, 14], [10, 1, 11, 2], [3, 16, 4, 17], [5, 23, 6, 22], [7, 12, 8, 13], [20, 9, 21, 10], [24, 11, 1, 12], [13, 6, 14, 7], [15, 19, 16, 18], [17, 2, 18, 3], [19, 5, 20, 4]]"
12n_0552_165,"[[19, 5, 20, 4], [8, 21, 9, 22], [23, 15, 24, 14], [10, 1, 11, 2], [3, 16, 4, 17], [5, 23, 6, 22], [7, 12, 8, 13], [20, 9, 21, 10], [24, 11, 1, 12], [13, 6, 14, 7], [15, 19, 16, 18], [17, 2, 18, 3]]"
12n_0552_166,"[[17, 2, 18, 3], [19, 5, 20, 4], [8, 21, 9, 22], [23, 15, 24, 14], [10, 1, 11, 2], [3, 16, 4, 17], [5, 23, 6, 22], [7, 12, 8, 13], [20, 9, 21, 10], [24, 11, 1, 12], [13, 6, 14, 7], [15, 19, 16, 18]]"
12n_0552_167,"[[15, 19, 16, 18], [17, 2, 18, 3], [19, 5, 20, 4], [8, 21, 9, 22], [23, 15, 24, 14], [10, 1, 11, 2], [3, 16, 4, 17], [5, 23, 6, 22], [7, 12, 8, 13], [20, 9, 21, 10], [24, 11, 1, 12], [13, 6, 14, 7]]"
12n_0552_168,"[[14, 7, 15, 8], [16, 20, 17, 19], [18, 3, 19, 4], [20, 6, 21, 5], [9, 22, 10, 23], [24, 16, 1, 15], [11, 2, 12, 3], [4, 17, 5, 18], [6, 24, 7, 23], [8, 13, 9, 14], [21, 10, 22, 11], [1, 12, 2, 13]]"
12n_0552_169,"[[1, 12, 2, 13], [14, 7, 15, 8], [16, 20, 17, 19], [18, 3, 19, 4], [20, 6, 21, 5], [9, 22, 10, 23], [24, 16, 1, 15], [11, 2, 12, 3], [4, 17, 5, 18], [6, 24, 7, 23], [8, 13, 9, 14], [21, 10, 22, 11]]"
12n_0552_170,"[[21, 10, 22, 11], [1, 12, 2, 13], [14, 7, 15, 8], [16, 20, 17, 19], [18, 3, 19, 4], [20, 6, 21, 5], [9, 22, 10, 23], [24, 16, 1, 15], [11, 2, 12, 3], [4, 17, 5, 18], [6, 24, 7, 23], [8, 13, 9, 14]]"
12n_0552_171,"[[8, 13, 9, 14], [21, 10, 22, 11], [1, 12, 2, 13], [14, 7, 15, 8], [16, 20, 17, 19], [18, 3, 19, 4], [20, 6, 21, 5], [9, 22, 10, 23], [24, 16, 1, 15], [11, 2, 12, 3], [4, 17, 5, 18], [6, 24, 7, 23]]"
12n_0552_172,"[[6, 24, 7, 23], [8, 13, 9, 14], [21, 10, 22, 11], [1, 12, 2, 13], [14, 7, 15, 8], [16, 20, 17, 19], [18, 3, 19, 4], [20, 6, 21, 5], [9, 22, 10, 23], [24, 16, 1, 15], [11, 2, 12, 3], [4, 17, 5, 18]]"
12n_0552_173,"[[4, 17, 5, 18], [6, 24, 7, 23], [8, 13, 9, 14], [21, 10, 22, 11], [1, 12, 2, 13], [14, 7, 15, 8], [16, 20, 17, 19], [18, 3, 19, 4], [20, 6, 21, 5], [9, 22, 10, 23], [24, 16, 1, 15], [11, 2, 12, 3]]"
12n_0552_174,"[[11, 2, 12, 3], [4, 17, 5, 18], [6, 24, 7, 23], [8, 13, 9, 14], [21, 10, 22, 11], [1, 12, 2, 13], [14, 7, 15, 8], [16, 20, 17, 19], [18, 3, 19, 4], [20, 6, 21, 5], [9, 22, 10, 23], [24, 16, 1, 15]]"
12n_0552_175,"[[24, 16, 1, 15], [11, 2, 12, 3], [4, 17, 5, 18], [6, 24, 7, 23], [8, 13, 9, 14], [21, 10, 22, 11], [1, 12, 2, 13], [14, 7, 15, 8], [16, 20, 17, 19], [18, 3, 19, 4], [20, 6, 21, 5], [9, 22, 10, 23]]"
12n_0552_176,"[[9, 22, 10, 23], [24, 16, 1, 15], [11, 2, 12, 3], [4, 17, 5, 18], [6, 24, 7, 23], [8, 13, 9, 14], [21, 10, 22, 11], [1, 12, 2, 13], [14, 7, 15, 8], [16, 20, 17, 19], [18, 3, 19, 4], [20, 6, 21, 5]]"
12n_0552_177,"[[20, 6, 21, 5], [9, 22, 10, 23], [24, 16, 1, 15], [11, 2, 12, 3], [4, 17, 5, 18], [6, 24, 7, 23], [8, 13, 9, 14], [21, 10, 22, 11], [1, 12, 2, 13], [14, 7, 15, 8], [16, 20, 17, 19], [18, 3, 19, 4]]"
12n_0552_178,"[[18, 3, 19, 4], [20, 6, 21, 5], [9, 22, 10, 23], [24, 16, 1, 15], [11, 2, 12, 3], [4, 17, 5, 18], [6, 24, 7, 23], [8, 13, 9, 14], [21, 10, 22, 11], [1, 12, 2, 13], [14, 7, 15, 8], [16, 20, 17, 19]]"
12n_0552_179,"[[16, 20, 17, 19], [18, 3, 19, 4], [20, 6, 21, 5], [9, 22, 10, 23], [24, 16, 1, 15], [11, 2, 12, 3], [4, 17, 5, 18], [6, 24, 7, 23], [8, 13, 9, 14], [21, 10, 22, 11], [1, 12, 2, 13], [14, 7, 15, 8]]"
12n_0552_180,"[[15, 8, 16, 9], [17, 21, 18, 20], [19, 4, 20, 5], [21, 7, 22, 6], [10, 23, 11, 24], [1, 17, 2, 16], [12, 3, 13, 4], [5, 18, 6, 19], [7, 1, 8, 24], [9, 14, 10, 15], [22, 11, 23, 12], [2, 13, 3, 14]]"
12n_0552_181,"[[2, 13, 3, 14], [15, 8, 16, 9], [17, 21, 18, 20], [19, 4, 20, 5], [21, 7, 22, 6], [10, 23, 11, 24], [1, 17, 2, 16], [12, 3, 13, 4], [5, 18, 6, 19], [7, 1, 8, 24], [9, 14, 10, 15], [22, 11, 23, 12]]"
12n_0552_182,"[[22, 11, 23, 12], [2, 13, 3, 14], [15, 8, 16, 9], [17, 21, 18, 20], [19, 4, 20, 5], [21, 7, 22, 6], [10, 23, 11, 24], [1, 17, 2, 16], [12, 3, 13, 4], [5, 18, 6, 19], [7, 1, 8, 24], [9, 14, 10, 15]]"
12n_0552_183,"[[9, 14, 10, 15], [22, 11, 23, 12], [2, 13, 3, 14], [15, 8, 16, 9], [17, 21, 18, 20], [19, 4, 20, 5], [21, 7, 22, 6], [10, 23, 11, 24], [1, 17, 2, 16], [12, 3, 13, 4], [5, 18, 6, 19], [7, 1, 8, 24]]"
12n_0552_184,"[[7, 1, 8, 24], [9, 14, 10, 15], [22, 11, 23, 12], [2, 13, 3, 14], [15, 8, 16, 9], [17, 21, 18, 20], [19, 4, 20, 5], [21, 7, 22, 6], [10, 23, 11, 24], [1, 17, 2, 16], [12, 3, 13, 4], [5, 18, 6, 19]]"
12n_0552_185,"[[5, 18, 6, 19], [7, 1, 8, 24], [9, 14, 10, 15], [22, 11, 23, 12], [2, 13, 3, 14], [15, 8, 16, 9], [17, 21, 18, 20], [19, 4, 20, 5], [21, 7, 22, 6], [10, 23, 11, 24], [1, 17, 2, 16], [12, 3, 13, 4]]"
