name,pd_notation
12n_0063_0,"[[24, 13, 1, 14], [2, 6, 3, 5], [4, 9, 5, 10], [6, 12, 7, 11], [17, 9, 18, 8], [10, 3, 11, 4], [12, 23, 13, 24], [19, 14, 20, 15], [21, 16, 22, 17], [7, 19, 8, 18], [15, 20, 16, 21], [22, 1, 23, 2]]"
12n_0063_1,"[[22, 1, 23, 2], [24, 13, 1, 14], [2, 6, 3, 5], [4, 9, 5, 10], [6, 12, 7, 11], [17, 9, 18, 8], [10, 3, 11, 4], [12, 23, 13, 24], [19, 14, 20, 15], [21, 16, 22, 17], [7, 19, 8, 18], [15, 20, 16, 21]]"
12n_0063_2,"[[15, 20, 16, 21], [22, 1, 23, 2], [24, 13, 1, 14], [2, 6, 3, 5], [4, 9, 5, 10], [6, 12, 7, 11], [17, 9, 18, 8], [10, 3, 11, 4], [12, 23, 13, 24], [19, 14, 20, 15], [21, 16, 22, 17], [7, 19, 8, 18]]"
12n_0063_3,"[[7, 19, 8, 18], [15, 20, 16, 21], [22, 1, 23, 2], [24, 13, 1, 14], [2, 6, 3, 5], [4, 9, 5, 10], [6, 12, 7, 11], [17, 9, 18, 8], [10, 3, 11, 4], [12, 23, 13, 24], [19, 14, 20, 15], [21, 16, 22, 17]]"
12n_0063_4,"[[21, 16, 22, 17], [7, 19, 8, 18], [15, 20, 16, 21], [22, 1, 23, 2], [24, 13, 1, 14], [2, 6, 3, 5], [4, 9, 5, 10], [6, 12, 7, 11], [17, 9, 18, 8], [10, 3, 11, 4], [12, 23, 13, 24], [19, 14, 20, 15]]"
12n_0063_5,"[[19, 14, 20, 15], [21, 16, 22, 17], [7, 19, 8, 18], [15, 20, 16, 21], [22, 1, 23, 2], [24, 13, 1, 14], [2, 6, 3, 5], [4, 9, 5, 10], [6, 12, 7, 11], [17, 9, 18, 8], [10, 3, 11, 4], [12, 23, 13, 24]]"
12n_0063_6,"[[12, 23, 13, 24], [19, 14, 20, 15], [21, 16, 22, 17], [7, 19, 8, 18], [15, 20, 16, 21], [22, 1, 23, 2], [24, 13, 1, 14], [2, 6, 3, 5], [4, 9, 5, 10], [6, 12, 7, 11], [17, 9, 18, 8], [10, 3, 11, 4]]"
12n_0063_7,"[[10, 3, 11, 4], [12, 23, 13, 24], [19, 14, 20, 15], [21, 16, 22, 17], [7, 19, 8, 18], [15, 20, 16, 21], [22, 1, 23, 2], [24, 13, 1, 14], [2, 6, 3, 5], [4, 9, 5, 10], [6, 12, 7, 11], [17, 9, 18, 8]]"
12n_0063_8,"[[17, 9, 18, 8], [10, 3, 11, 4], [12, 23, 13, 24], [19, 14, 20, 15], [21, 16, 22, 17], [7, 19, 8, 18], [15, 20, 16, 21], [22, 1, 23, 2], [24, 13, 1, 14], [2, 6, 3, 5], [4, 9, 5, 10], [6, 12, 7, 11]]"
12n_0063_9,"[[6, 12, 7, 11], [17, 9, 18, 8], [10, 3, 11, 4], [12, 23, 13, 24], [19, 14, 20, 15], [21, 16, 22, 17], [7, 19, 8, 18], [15, 20, 16, 21], [22, 1, 23, 2], [24, 13, 1, 14], [2, 6, 3, 5], [4, 9, 5, 10]]"
12n_0063_10,"[[4, 9, 5, 10], [6, 12, 7, 11], [17, 9, 18, 8], [10, 3, 11, 4], [12, 23, 13, 24], [19, 14, 20, 15], [21, 16, 22, 17], [7, 19, 8, 18], [15, 20, 16, 21], [22, 1, 23, 2], [24, 13, 1, 14], [2, 6, 3, 5]]"
12n_0063_11,"[[2, 6, 3, 5], [4, 9, 5, 10], [6, 12, 7, 11], [17, 9, 18, 8], [10, 3, 11, 4], [12, 23, 13, 24], [19, 14, 20, 15], [21, 16, 22, 17], [7, 19, 8, 18], [15, 20, 16, 21], [22, 1, 23, 2], [24, 13, 1, 14]]"
12n_0063_12,"[[1, 14, 2, 15], [3, 7, 4, 6], [5, 10, 6, 11], [7, 13, 8, 12], [18, 10, 19, 9], [11, 4, 12, 5], [13, 24, 14, 1], [20, 15, 21, 16], [22, 17, 23, 18], [8, 20, 9, 19], [16, 21, 17, 22], [23, 2, 24, 3]]"
12n_0063_13,"[[23, 2, 24, 3], [1, 14, 2, 15], [3, 7, 4, 6], [5, 10, 6, 11], [7, 13, 8, 12], [18, 10, 19, 9], [11, 4, 12, 5], [13, 24, 14, 1], [20, 15, 21, 16], [22, 17, 23, 18], [8, 20, 9, 19], [16, 21, 17, 22]]"
12n_0063_14,"[[16, 21, 17, 22], [23, 2, 24, 3], [1, 14, 2, 15], [3, 7, 4, 6], [5, 10, 6, 11], [7, 13, 8, 12], [18, 10, 19, 9], [11, 4, 12, 5], [13, 24, 14, 1], [20, 15, 21, 16], [22, 17, 23, 18], [8, 20, 9, 19]]"
12n_0063_15,"[[8, 20, 9, 19], [16, 21, 17, 22], [23, 2, 24, 3], [1, 14, 2, 15], [3, 7, 4, 6], [5, 10, 6, 11], [7, 13, 8, 12], [18, 10, 19, 9], [11, 4, 12, 5], [13, 24, 14, 1], [20, 15, 21, 16], [22, 17, 23, 18]]"
12n_0063_16,"[[22, 17, 23, 18], [8, 20, 9, 19], [16, 21, 17, 22], [23, 2, 24, 3], [1, 14, 2, 15], [3, 7, 4, 6], [5, 10, 6, 11], [7, 13, 8, 12], [18, 10, 19, 9], [11, 4, 12, 5], [13, 24, 14, 1], [20, 15, 21, 16]]"
12n_0063_17,"[[20, 15, 21, 16], [22, 17, 23, 18], [8, 20, 9, 19], [16, 21, 17, 22], [23, 2, 24, 3], [1, 14, 2, 15], [3, 7, 4, 6], [5, 10, 6, 11], [7, 13, 8, 12], [18, 10, 19, 9], [11, 4, 12, 5], [13, 24, 14, 1]]"
12n_0063_18,"[[13, 24, 14, 1], [20, 15, 21, 16], [22, 17, 23, 18], [8, 20, 9, 19], [16, 21, 17, 22], [23, 2, 24, 3], [1, 14, 2, 15], [3, 7, 4, 6], [5, 10, 6, 11], [7, 13, 8, 12], [18, 10, 19, 9], [11, 4, 12, 5]]"
12n_0063_19,"[[11, 4, 12, 5], [13, 24, 14, 1], [20, 15, 21, 16], [22, 17, 23, 18], [8, 20, 9, 19], [16, 21, 17, 22], [23, 2, 24, 3], [1, 14, 2, 15], [3, 7, 4, 6], [5, 10, 6, 11], [7, 13, 8, 12], [18, 10, 19, 9]]"
12n_0063_20,"[[18, 10, 19, 9], [11, 4, 12, 5], [13, 24, 14, 1], [20, 15, 21, 16], [22, 17, 23, 18], [8, 20, 9, 19], [16, 21, 17, 22], [23, 2, 24, 3], [1, 14, 2, 15], [3, 7, 4, 6], [5, 10, 6, 11], [7, 13, 8, 12]]"
12n_0063_21,"[[7, 13, 8, 12], [18, 10, 19, 9], [11, 4, 12, 5], [13, 24, 14, 1], [20, 15, 21, 16], [22, 17, 23, 18], [8, 20, 9, 19], [16, 21, 17, 22], [23, 2, 24, 3], [1, 14, 2, 15], [3, 7, 4, 6], [5, 10, 6, 11]]"
12n_0063_22,"[[5, 10, 6, 11], [7, 13, 8, 12], [18, 10, 19, 9], [11, 4, 12, 5], [13, 24, 14, 1], [20, 15, 21, 16], [22, 17, 23, 18], [8, 20, 9, 19], [16, 21, 17, 22], [23, 2, 24, 3], [1, 14, 2, 15], [3, 7, 4, 6]]"
12n_0063_23,"[[3, 7, 4, 6], [5, 10, 6, 11], [7, 13, 8, 12], [18, 10, 19, 9], [11, 4, 12, 5], [13, 24, 14, 1], [20, 15, 21, 16], [22, 17, 23, 18], [8, 20, 9, 19], [16, 21, 17, 22], [23, 2, 24, 3], [1, 14, 2, 15]]"
12n_0063_24,"[[2, 15, 3, 16], [4, 8, 5, 7], [6, 11, 7, 12], [8, 14, 9, 13], [19, 11, 20, 10], [12, 5, 13, 6], [14, 1, 15, 2], [21, 16, 22, 17], [23, 18, 24, 19], [9, 21, 10, 20], [17, 22, 18, 23], [24, 3, 1, 4]]"
12n_0063_25,"[[24, 3, 1, 4], [2, 15, 3, 16], [4, 8, 5, 7], [6, 11, 7, 12], [8, 14, 9, 13], [19, 11, 20, 10], [12, 5, 13, 6], [14, 1, 15, 2], [21, 16, 22, 17], [23, 18, 24, 19], [9, 21, 10, 20], [17, 22, 18, 23]]"
12n_0063_26,"[[17, 22, 18, 23], [24, 3, 1, 4], [2, 15, 3, 16], [4, 8, 5, 7], [6, 11, 7, 12], [8, 14, 9, 13], [19, 11, 20, 10], [12, 5, 13, 6], [14, 1, 15, 2], [21, 16, 22, 17], [23, 18, 24, 19], [9, 21, 10, 20]]"
12n_0063_27,"[[9, 21, 10, 20], [17, 22, 18, 23], [24, 3, 1, 4], [2, 15, 3, 16], [4, 8, 5, 7], [6, 11, 7, 12], [8, 14, 9, 13], [19, 11, 20, 10], [12, 5, 13, 6], [14, 1, 15, 2], [21, 16, 22, 17], [23, 18, 24, 19]]"
12n_0063_28,"[[23, 18, 24, 19], [9, 21, 10, 20], [17, 22, 18, 23], [24, 3, 1, 4], [2, 15, 3, 16], [4, 8, 5, 7], [6, 11, 7, 12], [8, 14, 9, 13], [19, 11, 20, 10], [12, 5, 13, 6], [14, 1, 15, 2], [21, 16, 22, 17]]"
12n_0063_29,"[[21, 16, 22, 17], [23, 18, 24, 19], [9, 21, 10, 20], [17, 22, 18, 23], [24, 3, 1, 4], [2, 15, 3, 16], [4, 8, 5, 7], [6, 11, 7, 12], [8, 14, 9, 13], [19, 11, 20, 10], [12, 5, 13, 6], [14, 1, 15, 2]]"
12n_0063_30,"[[14, 1, 15, 2], [21, 16, 22, 17], [23, 18, 24, 19], [9, 21, 10, 20], [17, 22, 18, 23], [24, 3, 1, 4], [2, 15, 3, 16], [4, 8, 5, 7], [6, 11, 7, 12], [8, 14, 9, 13], [19, 11, 20, 10], [12, 5, 13, 6]]"
12n_0063_31,"[[12, 5, 13, 6], [14, 1, 15, 2], [21, 16, 22, 17], [23, 18, 24, 19], [9, 21, 10, 20], [17, 22, 18, 23], [24, 3, 1, 4], [2, 15, 3, 16], [4, 8, 5, 7], [6, 11, 7, 12], [8, 14, 9, 13], [19, 11, 20, 10]]"
12n_0063_32,"[[19, 11, 20, 10], [12, 5, 13, 6], [14, 1, 15, 2], [21, 16, 22, 17], [23, 18, 24, 19], [9, 21, 10, 20], [17, 22, 18, 23], [24, 3, 1, 4], [2, 15, 3, 16], [4, 8, 5, 7], [6, 11, 7, 12], [8, 14, 9, 13]]"
12n_0063_33,"[[8, 14, 9, 13], [19, 11, 20, 10], [12, 5, 13, 6], [14, 1, 15, 2], [21, 16, 22, 17], [23, 18, 24, 19], [9, 21, 10, 20], [17, 22, 18, 23], [24, 3, 1, 4], [2, 15, 3, 16], [4, 8, 5, 7], [6, 11, 7, 12]]"
12n_0063_34,"[[6, 11, 7, 12], [8, 14, 9, 13], [19, 11, 20, 10], [12, 5, 13, 6], [14, 1, 15, 2], [21, 16, 22, 17], [23, 18, 24, 19], [9, 21, 10, 20], [17, 22, 18, 23], [24, 3, 1, 4], [2, 15, 3, 16], [4, 8, 5, 7]]"
12n_0063_35,"[[4, 8, 5, 7], [6, 11, 7, 12], [8, 14, 9, 13], [19, 11, 20, 10], [12, 5, 13, 6], [14, 1, 15, 2], [21, 16, 22, 17], [23, 18, 24, 19], [9, 21, 10, 20], [17, 22, 18, 23], [24, 3, 1, 4], [2, 15, 3, 16]]"
12n_0063_36,"[[3, 16, 4, 17], [5, 9, 6, 8], [7, 12, 8, 13], [9, 15, 10, 14], [20, 12, 21, 11], [13, 6, 14, 7], [15, 2, 16, 3], [22, 17, 23, 18], [24, 19, 1, 20], [10, 22, 11, 21], [18, 23, 19, 24], [1, 4, 2, 5]]"
12n_0063_37,"[[1, 4, 2, 5], [3, 16, 4, 17], [5, 9, 6, 8], [7, 12, 8, 13], [9, 15, 10, 14], [20, 12, 21, 11], [13, 6, 14, 7], [15, 2, 16, 3], [22, 17, 23, 18], [24, 19, 1, 20], [10, 22, 11, 21], [18, 23, 19, 24]]"
12n_0063_38,"[[18, 23, 19, 24], [1, 4, 2, 5], [3, 16, 4, 17], [5, 9, 6, 8], [7, 12, 8, 13], [9, 15, 10, 14], [20, 12, 21, 11], [13, 6, 14, 7], [15, 2, 16, 3], [22, 17, 23, 18], [24, 19, 1, 20], [10, 22, 11, 21]]"
12n_0063_39,"[[10, 22, 11, 21], [18, 23, 19, 24], [1, 4, 2, 5], [3, 16, 4, 17], [5, 9, 6, 8], [7, 12, 8, 13], [9, 15, 10, 14], [20, 12, 21, 11], [13, 6, 14, 7], [15, 2, 16, 3], [22, 17, 23, 18], [24, 19, 1, 20]]"
12n_0063_40,"[[24, 19, 1, 20], [10, 22, 11, 21], [18, 23, 19, 24], [1, 4, 2, 5], [3, 16, 4, 17], [5, 9, 6, 8], [7, 12, 8, 13], [9, 15, 10, 14], [20, 12, 21, 11], [13, 6, 14, 7], [15, 2, 16, 3], [22, 17, 23, 18]]"
12n_0063_41,"[[22, 17, 23, 18], [24, 19, 1, 20], [10, 22, 11, 21], [18, 23, 19, 24], [1, 4, 2, 5], [3, 16, 4, 17], [5, 9, 6, 8], [7, 12, 8, 13], [9, 15, 10, 14], [20, 12, 21, 11], [13, 6, 14, 7], [15, 2, 16, 3]]"
12n_0063_42,"[[15, 2, 16, 3], [22, 17, 23, 18], [24, 19, 1, 20], [10, 22, 11, 21], [18, 23, 19, 24], [1, 4, 2, 5], [3, 16, 4, 17], [5, 9, 6, 8], [7, 12, 8, 13], [9, 15, 10, 14], [20, 12, 21, 11], [13, 6, 14, 7]]"
12n_0063_43,"[[13, 6, 14, 7], [15, 2, 16, 3], [22, 17, 23, 18], [24, 19, 1, 20], [10, 22, 11, 21], [18, 23, 19, 24], [1, 4, 2, 5], [3, 16, 4, 17], [5, 9, 6, 8], [7, 12, 8, 13], [9, 15, 10, 14], [20, 12, 21, 11]]"
12n_0063_44,"[[20, 12, 21, 11], [13, 6, 14, 7], [15, 2, 16, 3], [22, 17, 23, 18], [24, 19, 1, 20], [10, 22, 11, 21], [18, 23, 19, 24], [1, 4, 2, 5], [3, 16, 4, 17], [5, 9, 6, 8], [7, 12, 8, 13], [9, 15, 10, 14]]"
12n_0063_45,"[[9, 15, 10, 14], [20, 12, 21, 11], [13, 6, 14, 7], [15, 2, 16, 3], [22, 17, 23, 18], [24, 19, 1, 20], [10, 22, 11, 21], [18, 23, 19, 24], [1, 4, 2, 5], [3, 16, 4, 17], [5, 9, 6, 8], [7, 12, 8, 13]]"
12n_0063_46,"[[7, 12, 8, 13], [9, 15, 10, 14], [20, 12, 21, 11], [13, 6, 14, 7], [15, 2, 16, 3], [22, 17, 23, 18], [24, 19, 1, 20], [10, 22, 11, 21], [18, 23, 19, 24], [1, 4, 2, 5], [3, 16, 4, 17], [5, 9, 6, 8]]"
12n_0063_47,"[[5, 9, 6, 8], [7, 12, 8, 13], [9, 15, 10, 14], [20, 12, 21, 11], [13, 6, 14, 7], [15, 2, 16, 3], [22, 17, 23, 18], [24, 19, 1, 20], [10, 22, 11, 21], [18, 23, 19, 24], [1, 4, 2, 5], [3, 16, 4, 17]]"
12n_0063_48,"[[4, 17, 5, 18], [6, 10, 7, 9], [8, 13, 9, 14], [10, 16, 11, 15], [21, 13, 22, 12], [14, 7, 15, 8], [16, 3, 17, 4], [23, 18, 24, 19], [1, 20, 2, 21], [11, 23, 12, 22], [19, 24, 20, 1], [2, 5, 3, 6]]"
12n_0063_49,"[[2, 5, 3, 6], [4, 17, 5, 18], [6, 10, 7, 9], [8, 13, 9, 14], [10, 16, 11, 15], [21, 13, 22, 12], [14, 7, 15, 8], [16, 3, 17, 4], [23, 18, 24, 19], [1, 20, 2, 21], [11, 23, 12, 22], [19, 24, 20, 1]]"
12n_0063_50,"[[19, 24, 20, 1], [2, 5, 3, 6], [4, 17, 5, 18], [6, 10, 7, 9], [8, 13, 9, 14], [10, 16, 11, 15], [21, 13, 22, 12], [14, 7, 15, 8], [16, 3, 17, 4], [23, 18, 24, 19], [1, 20, 2, 21], [11, 23, 12, 22]]"
12n_0063_51,"[[11, 23, 12, 22], [19, 24, 20, 1], [2, 5, 3, 6], [4, 17, 5, 18], [6, 10, 7, 9], [8, 13, 9, 14], [10, 16, 11, 15], [21, 13, 22, 12], [14, 7, 15, 8], [16, 3, 17, 4], [23, 18, 24, 19], [1, 20, 2, 21]]"
12n_0063_52,"[[1, 20, 2, 21], [11, 23, 12, 22], [19, 24, 20, 1], [2, 5, 3, 6], [4, 17, 5, 18], [6, 10, 7, 9], [8, 13, 9, 14], [10, 16, 11, 15], [21, 13, 22, 12], [14, 7, 15, 8], [16, 3, 17, 4], [23, 18, 24, 19]]"
12n_0063_53,"[[23, 18, 24, 19], [1, 20, 2, 21], [11, 23, 12, 22], [19, 24, 20, 1], [2, 5, 3, 6], [4, 17, 5, 18], [6, 10, 7, 9], [8, 13, 9, 14], [10, 16, 11, 15], [21, 13, 22, 12], [14, 7, 15, 8], [16, 3, 17, 4]]"
12n_0063_54,"[[16, 3, 17, 4], [23, 18, 24, 19], [1, 20, 2, 21], [11, 23, 12, 22], [19, 24, 20, 1], [2, 5, 3, 6], [4, 17, 5, 18], [6, 10, 7, 9], [8, 13, 9, 14], [10, 16, 11, 15], [21, 13, 22, 12], [14, 7, 15, 8]]"
12n_0063_55,"[[14, 7, 15, 8], [16, 3, 17, 4], [23, 18, 24, 19], [1, 20, 2, 21], [11, 23, 12, 22], [19, 24, 20, 1], [2, 5, 3, 6], [4, 17, 5, 18], [6, 10, 7, 9], [8, 13, 9, 14], [10, 16, 11, 15], [21, 13, 22, 12]]"
12n_0063_56,"[[21, 13, 22, 12], [14, 7, 15, 8], [16, 3, 17, 4], [23, 18, 24, 19], [1, 20, 2, 21], [11, 23, 12, 22], [19, 24, 20, 1], [2, 5, 3, 6], [4, 17, 5, 18], [6, 10, 7, 9], [8, 13, 9, 14], [10, 16, 11, 15]]"
12n_0063_57,"[[10, 16, 11, 15], [21, 13, 22, 12], [14, 7, 15, 8], [16, 3, 17, 4], [23, 18, 24, 19], [1, 20, 2, 21], [11, 23, 12, 22], [19, 24, 20, 1], [2, 5, 3, 6], [4, 17, 5, 18], [6, 10, 7, 9], [8, 13, 9, 14]]"
12n_0063_58,"[[8, 13, 9, 14], [10, 16, 11, 15], [21, 13, 22, 12], [14, 7, 15, 8], [16, 3, 17, 4], [23, 18, 24, 19], [1, 20, 2, 21], [11, 23, 12, 22], [19, 24, 20, 1], [2, 5, 3, 6], [4, 17, 5, 18], [6, 10, 7, 9]]"
12n_0063_59,"[[6, 10, 7, 9], [8, 13, 9, 14], [10, 16, 11, 15], [21, 13, 22, 12], [14, 7, 15, 8], [16, 3, 17, 4], [23, 18, 24, 19], [1, 20, 2, 21], [11, 23, 12, 22], [19, 24, 20, 1], [2, 5, 3, 6], [4, 17, 5, 18]]"
12n_0063_60,"[[5, 18, 6, 19], [7, 11, 8, 10], [9, 14, 10, 15], [11, 17, 12, 16], [22, 14, 23, 13], [15, 8, 16, 9], [17, 4, 18, 5], [24, 19, 1, 20], [2, 21, 3, 22], [12, 24, 13, 23], [20, 1, 21, 2], [3, 6, 4, 7]]"
12n_0063_61,"[[3, 6, 4, 7], [5, 18, 6, 19], [7, 11, 8, 10], [9, 14, 10, 15], [11, 17, 12, 16], [22, 14, 23, 13], [15, 8, 16, 9], [17, 4, 18, 5], [24, 19, 1, 20], [2, 21, 3, 22], [12, 24, 13, 23], [20, 1, 21, 2]]"
12n_0063_62,"[[20, 1, 21, 2], [3, 6, 4, 7], [5, 18, 6, 19], [7, 11, 8, 10], [9, 14, 10, 15], [11, 17, 12, 16], [22, 14, 23, 13], [15, 8, 16, 9], [17, 4, 18, 5], [24, 19, 1, 20], [2, 21, 3, 22], [12, 24, 13, 23]]"
12n_0063_63,"[[12, 24, 13, 23], [20, 1, 21, 2], [3, 6, 4, 7], [5, 18, 6, 19], [7, 11, 8, 10], [9, 14, 10, 15], [11, 17, 12, 16], [22, 14, 23, 13], [15, 8, 16, 9], [17, 4, 18, 5], [24, 19, 1, 20], [2, 21, 3, 22]]"
12n_0063_64,"[[2, 21, 3, 22], [12, 24, 13, 23], [20, 1, 21, 2], [3, 6, 4, 7], [5, 18, 6, 19], [7, 11, 8, 10], [9, 14, 10, 15], [11, 17, 12, 16], [22, 14, 23, 13], [15, 8, 16, 9], [17, 4, 18, 5], [24, 19, 1, 20]]"
12n_0063_65,"[[24, 19, 1, 20], [2, 21, 3, 22], [12, 24, 13, 23], [20, 1, 21, 2], [3, 6, 4, 7], [5, 18, 6, 19], [7, 11, 8, 10], [9, 14, 10, 15], [11, 17, 12, 16], [22, 14, 23, 13], [15, 8, 16, 9], [17, 4, 18, 5]]"
12n_0063_66,"[[17, 4, 18, 5], [24, 19, 1, 20], [2, 21, 3, 22], [12, 24, 13, 23], [20, 1, 21, 2], [3, 6, 4, 7], [5, 18, 6, 19], [7, 11, 8, 10], [9, 14, 10, 15], [11, 17, 12, 16], [22, 14, 23, 13], [15, 8, 16, 9]]"
12n_0063_67,"[[15, 8, 16, 9], [17, 4, 18, 5], [24, 19, 1, 20], [2, 21, 3, 22], [12, 24, 13, 23], [20, 1, 21, 2], [3, 6, 4, 7], [5, 18, 6, 19], [7, 11, 8, 10], [9, 14, 10, 15], [11, 17, 12, 16], [22, 14, 23, 13]]"
12n_0063_68,"[[22, 14, 23, 13], [15, 8, 16, 9], [17, 4, 18, 5], [24, 19, 1, 20], [2, 21, 3, 22], [12, 24, 13, 23], [20, 1, 21, 2], [3, 6, 4, 7], [5, 18, 6, 19], [7, 11, 8, 10], [9, 14, 10, 15], [11, 17, 12, 16]]"
12n_0063_69,"[[11, 17, 12, 16], [22, 14, 23, 13], [15, 8, 16, 9], [17, 4, 18, 5], [24, 19, 1, 20], [2, 21, 3, 22], [12, 24, 13, 23], [20, 1, 21, 2], [3, 6, 4, 7], [5, 18, 6, 19], [7, 11, 8, 10], [9, 14, 10, 15]]"
12n_0063_70,"[[9, 14, 10, 15], [11, 17, 12, 16], [22, 14, 23, 13], [15, 8, 16, 9], [17, 4, 18, 5], [24, 19, 1, 20], [2, 21, 3, 22], [12, 24, 13, 23], [20, 1, 21, 2], [3, 6, 4, 7], [5, 18, 6, 19], [7, 11, 8, 10]]"
12n_0063_71,"[[7, 11, 8, 10], [9, 14, 10, 15], [11, 17, 12, 16], [22, 14, 23, 13], [15, 8, 16, 9], [17, 4, 18, 5], [24, 19, 1, 20], [2, 21, 3, 22], [12, 24, 13, 23], [20, 1, 21, 2], [3, 6, 4, 7], [5, 18, 6, 19]]"
12n_0063_72,"[[6, 19, 7, 20], [8, 12, 9, 11], [10, 15, 11, 16], [12, 18, 13, 17], [23, 15, 24, 14], [16, 9, 17, 10], [18, 5, 19, 6], [1, 20, 2, 21], [3, 22, 4, 23], [13, 1, 14, 24], [21, 2, 22, 3], [4, 7, 5, 8]]"
12n_0063_73,"[[4, 7, 5, 8], [6, 19, 7, 20], [8, 12, 9, 11], [10, 15, 11, 16], [12, 18, 13, 17], [23, 15, 24, 14], [16, 9, 17, 10], [18, 5, 19, 6], [1, 20, 2, 21], [3, 22, 4, 23], [13, 1, 14, 24], [21, 2, 22, 3]]"
12n_0063_74,"[[21, 2, 22, 3], [4, 7, 5, 8], [6, 19, 7, 20], [8, 12, 9, 11], [10, 15, 11, 16], [12, 18, 13, 17], [23, 15, 24, 14], [16, 9, 17, 10], [18, 5, 19, 6], [1, 20, 2, 21], [3, 22, 4, 23], [13, 1, 14, 24]]"
12n_0063_75,"[[13, 1, 14, 24], [21, 2, 22, 3], [4, 7, 5, 8], [6, 19, 7, 20], [8, 12, 9, 11], [10, 15, 11, 16], [12, 18, 13, 17], [23, 15, 24, 14], [16, 9, 17, 10], [18, 5, 19, 6], [1, 20, 2, 21], [3, 22, 4, 23]]"
12n_0063_76,"[[3, 22, 4, 23], [13, 1, 14, 24], [21, 2, 22, 3], [4, 7, 5, 8], [6, 19, 7, 20], [8, 12, 9, 11], [10, 15, 11, 16], [12, 18, 13, 17], [23, 15, 24, 14], [16, 9, 17, 10], [18, 5, 19, 6], [1, 20, 2, 21]]"
12n_0063_77,"[[1, 20, 2, 21], [3, 22, 4, 23], [13, 1, 14, 24], [21, 2, 22, 3], [4, 7, 5, 8], [6, 19, 7, 20], [8, 12, 9, 11], [10, 15, 11, 16], [12, 18, 13, 17], [23, 15, 24, 14], [16, 9, 17, 10], [18, 5, 19, 6]]"
12n_0063_78,"[[18, 5, 19, 6], [1, 20, 2, 21], [3, 22, 4, 23], [13, 1, 14, 24], [21, 2, 22, 3], [4, 7, 5, 8], [6, 19, 7, 20], [8, 12, 9, 11], [10, 15, 11, 16], [12, 18, 13, 17], [23, 15, 24, 14], [16, 9, 17, 10]]"
12n_0063_79,"[[16, 9, 17, 10], [18, 5, 19, 6], [1, 20, 2, 21], [3, 22, 4, 23], [13, 1, 14, 24], [21, 2, 22, 3], [4, 7, 5, 8], [6, 19, 7, 20], [8, 12, 9, 11], [10, 15, 11, 16], [12, 18, 13, 17], [23, 15, 24, 14]]"
12n_0063_80,"[[23, 15, 24, 14], [16, 9, 17, 10], [18, 5, 19, 6], [1, 20, 2, 21], [3, 22, 4, 23], [13, 1, 14, 24], [21, 2, 22, 3], [4, 7, 5, 8], [6, 19, 7, 20], [8, 12, 9, 11], [10, 15, 11, 16], [12, 18, 13, 17]]"
12n_0063_81,"[[12, 18, 13, 17], [23, 15, 24, 14], [16, 9, 17, 10], [18, 5, 19, 6], [1, 20, 2, 21], [3, 22, 4, 23], [13, 1, 14, 24], [21, 2, 22, 3], [4, 7, 5, 8], [6, 19, 7, 20], [8, 12, 9, 11], [10, 15, 11, 16]]"
12n_0063_82,"[[10, 15, 11, 16], [12, 18, 13, 17], [23, 15, 24, 14], [16, 9, 17, 10], [18, 5, 19, 6], [1, 20, 2, 21], [3, 22, 4, 23], [13, 1, 14, 24], [21, 2, 22, 3], [4, 7, 5, 8], [6, 19, 7, 20], [8, 12, 9, 11]]"
12n_0063_83,"[[8, 12, 9, 11], [10, 15, 11, 16], [12, 18, 13, 17], [23, 15, 24, 14], [16, 9, 17, 10], [18, 5, 19, 6], [1, 20, 2, 21], [3, 22, 4, 23], [13, 1, 14, 24], [21, 2, 22, 3], [4, 7, 5, 8], [6, 19, 7, 20]]"
12n_0063_84,"[[7, 20, 8, 21], [9, 13, 10, 12], [11, 16, 12, 17], [13, 19, 14, 18], [24, 16, 1, 15], [17, 10, 18, 11], [19, 6, 20, 7], [2, 21, 3, 22], [4, 23, 5, 24], [14, 2, 15, 1], [22, 3, 23, 4], [5, 8, 6, 9]]"
12n_0063_85,"[[5, 8, 6, 9], [7, 20, 8, 21], [9, 13, 10, 12], [11, 16, 12, 17], [13, 19, 14, 18], [24, 16, 1, 15], [17, 10, 18, 11], [19, 6, 20, 7], [2, 21, 3, 22], [4, 23, 5, 24], [14, 2, 15, 1], [22, 3, 23, 4]]"
12n_0063_86,"[[22, 3, 23, 4], [5, 8, 6, 9], [7, 20, 8, 21], [9, 13, 10, 12], [11, 16, 12, 17], [13, 19, 14, 18], [24, 16, 1, 15], [17, 10, 18, 11], [19, 6, 20, 7], [2, 21, 3, 22], [4, 23, 5, 24], [14, 2, 15, 1]]"
12n_0063_87,"[[14, 2, 15, 1], [22, 3, 23, 4], [5, 8, 6, 9], [7, 20, 8, 21], [9, 13, 10, 12], [11, 16, 12, 17], [13, 19, 14, 18], [24, 16, 1, 15], [17, 10, 18, 11], [19, 6, 20, 7], [2, 21, 3, 22], [4, 23, 5, 24]]"
12n_0063_88,"[[4, 23, 5, 24], [14, 2, 15, 1], [22, 3, 23, 4], [5, 8, 6, 9], [7, 20, 8, 21], [9, 13, 10, 12], [11, 16, 12, 17], [13, 19, 14, 18], [24, 16, 1, 15], [17, 10, 18, 11], [19, 6, 20, 7], [2, 21, 3, 22]]"
12n_0063_89,"[[2, 21, 3, 22], [4, 23, 5, 24], [14, 2, 15, 1], [22, 3, 23, 4], [5, 8, 6, 9], [7, 20, 8, 21], [9, 13, 10, 12], [11, 16, 12, 17], [13, 19, 14, 18], [24, 16, 1, 15], [17, 10, 18, 11], [19, 6, 20, 7]]"
12n_0063_90,"[[19, 6, 20, 7], [2, 21, 3, 22], [4, 23, 5, 24], [14, 2, 15, 1], [22, 3, 23, 4], [5, 8, 6, 9], [7, 20, 8, 21], [9, 13, 10, 12], [11, 16, 12, 17], [13, 19, 14, 18], [24, 16, 1, 15], [17, 10, 18, 11]]"
12n_0063_91,"[[17, 10, 18, 11], [19, 6, 20, 7], [2, 21, 3, 22], [4, 23, 5, 24], [14, 2, 15, 1], [22, 3, 23, 4], [5, 8, 6, 9], [7, 20, 8, 21], [9, 13, 10, 12], [11, 16, 12, 17], [13, 19, 14, 18], [24, 16, 1, 15]]"
12n_0063_92,"[[24, 16, 1, 15], [17, 10, 18, 11], [19, 6, 20, 7], [2, 21, 3, 22], [4, 23, 5, 24], [14, 2, 15, 1], [22, 3, 23, 4], [5, 8, 6, 9], [7, 20, 8, 21], [9, 13, 10, 12], [11, 16, 12, 17], [13, 19, 14, 18]]"
12n_0063_93,"[[13, 19, 14, 18], [24, 16, 1, 15], [17, 10, 18, 11], [19, 6, 20, 7], [2, 21, 3, 22], [4, 23, 5, 24], [14, 2, 15, 1], [22, 3, 23, 4], [5, 8, 6, 9], [7, 20, 8, 21], [9, 13, 10, 12], [11, 16, 12, 17]]"
12n_0063_94,"[[11, 16, 12, 17], [13, 19, 14, 18], [24, 16, 1, 15], [17, 10, 18, 11], [19, 6, 20, 7], [2, 21, 3, 22], [4, 23, 5, 24], [14, 2, 15, 1], [22, 3, 23, 4], [5, 8, 6, 9], [7, 20, 8, 21], [9, 13, 10, 12]]"
12n_0063_95,"[[9, 13, 10, 12], [11, 16, 12, 17], [13, 19, 14, 18], [24, 16, 1, 15], [17, 10, 18, 11], [19, 6, 20, 7], [2, 21, 3, 22], [4, 23, 5, 24], [14, 2, 15, 1], [22, 3, 23, 4], [5, 8, 6, 9], [7, 20, 8, 21]]"
12n_0063_96,"[[8, 21, 9, 22], [10, 14, 11, 13], [12, 17, 13, 18], [14, 20, 15, 19], [1, 17, 2, 16], [18, 11, 19, 12], [20, 7, 21, 8], [3, 22, 4, 23], [5, 24, 6, 1], [15, 3, 16, 2], [23, 4, 24, 5], [6, 9, 7, 10]]"
12n_0063_97,"[[6, 9, 7, 10], [8, 21, 9, 22], [10, 14, 11, 13], [12, 17, 13, 18], [14, 20, 15, 19], [1, 17, 2, 16], [18, 11, 19, 12], [20, 7, 21, 8], [3, 22, 4, 23], [5, 24, 6, 1], [15, 3, 16, 2], [23, 4, 24, 5]]"
12n_0063_98,"[[23, 4, 24, 5], [6, 9, 7, 10], [8, 21, 9, 22], [10, 14, 11, 13], [12, 17, 13, 18], [14, 20, 15, 19], [1, 17, 2, 16], [18, 11, 19, 12], [20, 7, 21, 8], [3, 22, 4, 23], [5, 24, 6, 1], [15, 3, 16, 2]]"
12n_0063_99,"[[15, 3, 16, 2], [23, 4, 24, 5], [6, 9, 7, 10], [8, 21, 9, 22], [10, 14, 11, 13], [12, 17, 13, 18], [14, 20, 15, 19], [1, 17, 2, 16], [18, 11, 19, 12], [20, 7, 21, 8], [3, 22, 4, 23], [5, 24, 6, 1]]"
12n_0063_100,"[[5, 24, 6, 1], [15, 3, 16, 2], [23, 4, 24, 5], [6, 9, 7, 10], [8, 21, 9, 22], [10, 14, 11, 13], [12, 17, 13, 18], [14, 20, 15, 19], [1, 17, 2, 16], [18, 11, 19, 12], [20, 7, 21, 8], [3, 22, 4, 23]]"
12n_0063_101,"[[3, 22, 4, 23], [5, 24, 6, 1], [15, 3, 16, 2], [23, 4, 24, 5], [6, 9, 7, 10], [8, 21, 9, 22], [10, 14, 11, 13], [12, 17, 13, 18], [14, 20, 15, 19], [1, 17, 2, 16], [18, 11, 19, 12], [20, 7, 21, 8]]"
12n_0063_102,"[[20, 7, 21, 8], [3, 22, 4, 23], [5, 24, 6, 1], [15, 3, 16, 2], [23, 4, 24, 5], [6, 9, 7, 10], [8, 21, 9, 22], [10, 14, 11, 13], [12, 17, 13, 18], [14, 20, 15, 19], [1, 17, 2, 16], [18, 11, 19, 12]]"
12n_0063_103,"[[18, 11, 19, 12], [20, 7, 21, 8], [3, 22, 4, 23], [5, 24, 6, 1], [15, 3, 16, 2], [23, 4, 24, 5], [6, 9, 7, 10], [8, 21, 9, 22], [10, 14, 11, 13], [12, 17, 13, 18], [14, 20, 15, 19], [1, 17, 2, 16]]"
12n_0063_104,"[[1, 17, 2, 16], [18, 11, 19, 12], [20, 7, 21, 8], [3, 22, 4, 23], [5, 24, 6, 1], [15, 3, 16, 2], [23, 4, 24, 5], [6, 9, 7, 10], [8, 21, 9, 22], [10, 14, 11, 13], [12, 17, 13, 18], [14, 20, 15, 19]]"
12n_0063_105,"[[14, 20, 15, 19], [1, 17, 2, 16], [18, 11, 19, 12], [20, 7, 21, 8], [3, 22, 4, 23], [5, 24, 6, 1], [15, 3, 16, 2], [23, 4, 24, 5], [6, 9, 7, 10], [8, 21, 9, 22], [10, 14, 11, 13], [12, 17, 13, 18]]"
12n_0063_106,"[[12, 17, 13, 18], [14, 20, 15, 19], [1, 17, 2, 16], [18, 11, 19, 12], [20, 7, 21, 8], [3, 22, 4, 23], [5, 24, 6, 1], [15, 3, 16, 2], [23, 4, 24, 5], [6, 9, 7, 10], [8, 21, 9, 22], [10, 14, 11, 13]]"
12n_0063_107,"[[10, 14, 11, 13], [12, 17, 13, 18], [14, 20, 15, 19], [1, 17, 2, 16], [18, 11, 19, 12], [20, 7, 21, 8], [3, 22, 4, 23], [5, 24, 6, 1], [15, 3, 16, 2], [23, 4, 24, 5], [6, 9, 7, 10], [8, 21, 9, 22]]"
12n_0063_108,"[[9, 22, 10, 23], [11, 15, 12, 14], [13, 18, 14, 19], [15, 21, 16, 20], [2, 18, 3, 17], [19, 12, 20, 13], [21, 8, 22, 9], [4, 23, 5, 24], [6, 1, 7, 2], [16, 4, 17, 3], [24, 5, 1, 6], [7, 10, 8, 11]]"
12n_0063_109,"[[7, 10, 8, 11], [9, 22, 10, 23], [11, 15, 12, 14], [13, 18, 14, 19], [15, 21, 16, 20], [2, 18, 3, 17], [19, 12, 20, 13], [21, 8, 22, 9], [4, 23, 5, 24], [6, 1, 7, 2], [16, 4, 17, 3], [24, 5, 1, 6]]"
12n_0063_110,"[[24, 5, 1, 6], [7, 10, 8, 11], [9, 22, 10, 23], [11, 15, 12, 14], [13, 18, 14, 19], [15, 21, 16, 20], [2, 18, 3, 17], [19, 12, 20, 13], [21, 8, 22, 9], [4, 23, 5, 24], [6, 1, 7, 2], [16, 4, 17, 3]]"
12n_0063_111,"[[16, 4, 17, 3], [24, 5, 1, 6], [7, 10, 8, 11], [9, 22, 10, 23], [11, 15, 12, 14], [13, 18, 14, 19], [15, 21, 16, 20], [2, 18, 3, 17], [19, 12, 20, 13], [21, 8, 22, 9], [4, 23, 5, 24], [6, 1, 7, 2]]"
12n_0063_112,"[[6, 1, 7, 2], [16, 4, 17, 3], [24, 5, 1, 6], [7, 10, 8, 11], [9, 22, 10, 23], [11, 15, 12, 14], [13, 18, 14, 19], [15, 21, 16, 20], [2, 18, 3, 17], [19, 12, 20, 13], [21, 8, 22, 9], [4, 23, 5, 24]]"
12n_0063_113,"[[4, 23, 5, 24], [6, 1, 7, 2], [16, 4, 17, 3], [24, 5, 1, 6], [7, 10, 8, 11], [9, 22, 10, 23], [11, 15, 12, 14], [13, 18, 14, 19], [15, 21, 16, 20], [2, 18, 3, 17], [19, 12, 20, 13], [21, 8, 22, 9]]"
12n_0063_114,"[[21, 8, 22, 9], [4, 23, 5, 24], [6, 1, 7, 2], [16, 4, 17, 3], [24, 5, 1, 6], [7, 10, 8, 11], [9, 22, 10, 23], [11, 15, 12, 14], [13, 18, 14, 19], [15, 21, 16, 20], [2, 18, 3, 17], [19, 12, 20, 13]]"
12n_0063_115,"[[19, 12, 20, 13], [21, 8, 22, 9], [4, 23, 5, 24], [6, 1, 7, 2], [16, 4, 17, 3], [24, 5, 1, 6], [7, 10, 8, 11], [9, 22, 10, 23], [11, 15, 12, 14], [13, 18, 14, 19], [15, 21, 16, 20], [2, 18, 3, 17]]"
12n_0063_116,"[[2, 18, 3, 17], [19, 12, 20, 13], [21, 8, 22, 9], [4, 23, 5, 24], [6, 1, 7, 2], [16, 4, 17, 3], [24, 5, 1, 6], [7, 10, 8, 11], [9, 22, 10, 23], [11, 15, 12, 14], [13, 18, 14, 19], [15, 21, 16, 20]]"
12n_0063_117,"[[15, 21, 16, 20], [2, 18, 3, 17], [19, 12, 20, 13], [21, 8, 22, 9], [4, 23, 5, 24], [6, 1, 7, 2], [16, 4, 17, 3], [24, 5, 1, 6], [7, 10, 8, 11], [9, 22, 10, 23], [11, 15, 12, 14], [13, 18, 14, 19]]"
12n_0063_118,"[[13, 18, 14, 19], [15, 21, 16, 20], [2, 18, 3, 17], [19, 12, 20, 13], [21, 8, 22, 9], [4, 23, 5, 24], [6, 1, 7, 2], [16, 4, 17, 3], [24, 5, 1, 6], [7, 10, 8, 11], [9, 22, 10, 23], [11, 15, 12, 14]]"
12n_0063_119,"[[11, 15, 12, 14], [13, 18, 14, 19], [15, 21, 16, 20], [2, 18, 3, 17], [19, 12, 20, 13], [21, 8, 22, 9], [4, 23, 5, 24], [6, 1, 7, 2], [16, 4, 17, 3], [24, 5, 1, 6], [7, 10, 8, 11], [9, 22, 10, 23]]"
12n_0063_120,"[[10, 23, 11, 24], [12, 16, 13, 15], [14, 19, 15, 20], [16, 22, 17, 21], [3, 19, 4, 18], [20, 13, 21, 14], [22, 9, 23, 10], [5, 24, 6, 1], [7, 2, 8, 3], [17, 5, 18, 4], [1, 6, 2, 7], [8, 11, 9, 12]]"
12n_0063_121,"[[8, 11, 9, 12], [10, 23, 11, 24], [12, 16, 13, 15], [14, 19, 15, 20], [16, 22, 17, 21], [3, 19, 4, 18], [20, 13, 21, 14], [22, 9, 23, 10], [5, 24, 6, 1], [7, 2, 8, 3], [17, 5, 18, 4], [1, 6, 2, 7]]"
12n_0063_122,"[[1, 6, 2, 7], [8, 11, 9, 12], [10, 23, 11, 24], [12, 16, 13, 15], [14, 19, 15, 20], [16, 22, 17, 21], [3, 19, 4, 18], [20, 13, 21, 14], [22, 9, 23, 10], [5, 24, 6, 1], [7, 2, 8, 3], [17, 5, 18, 4]]"
12n_0063_123,"[[17, 5, 18, 4], [1, 6, 2, 7], [8, 11, 9, 12], [10, 23, 11, 24], [12, 16, 13, 15], [14, 19, 15, 20], [16, 22, 17, 21], [3, 19, 4, 18], [20, 13, 21, 14], [22, 9, 23, 10], [5, 24, 6, 1], [7, 2, 8, 3]]"
12n_0063_124,"[[7, 2, 8, 3], [17, 5, 18, 4], [1, 6, 2, 7], [8, 11, 9, 12], [10, 23, 11, 24], [12, 16, 13, 15], [14, 19, 15, 20], [16, 22, 17, 21], [3, 19, 4, 18], [20, 13, 21, 14], [22, 9, 23, 10], [5, 24, 6, 1]]"
12n_0063_125,"[[5, 24, 6, 1], [7, 2, 8, 3], [17, 5, 18, 4], [1, 6, 2, 7], [8, 11, 9, 12], [10, 23, 11, 24], [12, 16, 13, 15], [14, 19, 15, 20], [16, 22, 17, 21], [3, 19, 4, 18], [20, 13, 21, 14], [22, 9, 23, 10]]"
12n_0063_126,"[[22, 9, 23, 10], [5, 24, 6, 1], [7, 2, 8, 3], [17, 5, 18, 4], [1, 6, 2, 7], [8, 11, 9, 12], [10, 23, 11, 24], [12, 16, 13, 15], [14, 19, 15, 20], [16, 22, 17, 21], [3, 19, 4, 18], [20, 13, 21, 14]]"
12n_0063_127,"[[20, 13, 21, 14], [22, 9, 23, 10], [5, 24, 6, 1], [7, 2, 8, 3], [17, 5, 18, 4], [1, 6, 2, 7], [8, 11, 9, 12], [10, 23, 11, 24], [12, 16, 13, 15], [14, 19, 15, 20], [16, 22, 17, 21], [3, 19, 4, 18]]"
12n_0063_128,"[[3, 19, 4, 18], [20, 13, 21, 14], [22, 9, 23, 10], [5, 24, 6, 1], [7, 2, 8, 3], [17, 5, 18, 4], [1, 6, 2, 7], [8, 11, 9, 12], [10, 23, 11, 24], [12, 16, 13, 15], [14, 19, 15, 20], [16, 22, 17, 21]]"
12n_0063_129,"[[16, 22, 17, 21], [3, 19, 4, 18], [20, 13, 21, 14], [22, 9, 23, 10], [5, 24, 6, 1], [7, 2, 8, 3], [17, 5, 18, 4], [1, 6, 2, 7], [8, 11, 9, 12], [10, 23, 11, 24], [12, 16, 13, 15], [14, 19, 15, 20]]"
12n_0063_130,"[[14, 19, 15, 20], [16, 22, 17, 21], [3, 19, 4, 18], [20, 13, 21, 14], [22, 9, 23, 10], [5, 24, 6, 1], [7, 2, 8, 3], [17, 5, 18, 4], [1, 6, 2, 7], [8, 11, 9, 12], [10, 23, 11, 24], [12, 16, 13, 15]]"
12n_0063_131,"[[12, 16, 13, 15], [14, 19, 15, 20], [16, 22, 17, 21], [3, 19, 4, 18], [20, 13, 21, 14], [22, 9, 23, 10], [5, 24, 6, 1], [7, 2, 8, 3], [17, 5, 18, 4], [1, 6, 2, 7], [8, 11, 9, 12], [10, 23, 11, 24]]"
12n_0063_132,"[[11, 24, 12, 1], [13, 17, 14, 16], [15, 20, 16, 21], [17, 23, 18, 22], [4, 20, 5, 19], [21, 14, 22, 15], [23, 10, 24, 11], [6, 1, 7, 2], [8, 3, 9, 4], [18, 6, 19, 5], [2, 7, 3, 8], [9, 12, 10, 13]]"
12n_0063_133,"[[9, 12, 10, 13], [11, 24, 12, 1], [13, 17, 14, 16], [15, 20, 16, 21], [17, 23, 18, 22], [4, 20, 5, 19], [21, 14, 22, 15], [23, 10, 24, 11], [6, 1, 7, 2], [8, 3, 9, 4], [18, 6, 19, 5], [2, 7, 3, 8]]"
12n_0063_134,"[[2, 7, 3, 8], [9, 12, 10, 13], [11, 24, 12, 1], [13, 17, 14, 16], [15, 20, 16, 21], [17, 23, 18, 22], [4, 20, 5, 19], [21, 14, 22, 15], [23, 10, 24, 11], [6, 1, 7, 2], [8, 3, 9, 4], [18, 6, 19, 5]]"
12n_0063_135,"[[18, 6, 19, 5], [2, 7, 3, 8], [9, 12, 10, 13], [11, 24, 12, 1], [13, 17, 14, 16], [15, 20, 16, 21], [17, 23, 18, 22], [4, 20, 5, 19], [21, 14, 22, 15], [23, 10, 24, 11], [6, 1, 7, 2], [8, 3, 9, 4]]"
12n_0063_136,"[[8, 3, 9, 4], [18, 6, 19, 5], [2, 7, 3, 8], [9, 12, 10, 13], [11, 24, 12, 1], [13, 17, 14, 16], [15, 20, 16, 21], [17, 23, 18, 22], [4, 20, 5, 19], [21, 14, 22, 15], [23, 10, 24, 11], [6, 1, 7, 2]]"
12n_0063_137,"[[6, 1, 7, 2], [8, 3, 9, 4], [18, 6, 19, 5], [2, 7, 3, 8], [9, 12, 10, 13], [11, 24, 12, 1], [13, 17, 14, 16], [15, 20, 16, 21], [17, 23, 18, 22], [4, 20, 5, 19], [21, 14, 22, 15], [23, 10, 24, 11]]"
12n_0063_138,"[[23, 10, 24, 11], [6, 1, 7, 2], [8, 3, 9, 4], [18, 6, 19, 5], [2, 7, 3, 8], [9, 12, 10, 13], [11, 24, 12, 1], [13, 17, 14, 16], [15, 20, 16, 21], [17, 23, 18, 22], [4, 20, 5, 19], [21, 14, 22, 15]]"
12n_0063_139,"[[21, 14, 22, 15], [23, 10, 24, 11], [6, 1, 7, 2], [8, 3, 9, 4], [18, 6, 19, 5], [2, 7, 3, 8], [9, 12, 10, 13], [11, 24, 12, 1], [13, 17, 14, 16], [15, 20, 16, 21], [17, 23, 18, 22], [4, 20, 5, 19]]"
12n_0063_140,"[[4, 20, 5, 19], [21, 14, 22, 15], [23, 10, 24, 11], [6, 1, 7, 2], [8, 3, 9, 4], [18, 6, 19, 5], [2, 7, 3, 8], [9, 12, 10, 13], [11, 24, 12, 1], [13, 17, 14, 16], [15, 20, 16, 21], [17, 23, 18, 22]]"
12n_0063_141,"[[17, 23, 18, 22], [4, 20, 5, 19], [21, 14, 22, 15], [23, 10, 24, 11], [6, 1, 7, 2], [8, 3, 9, 4], [18, 6, 19, 5], [2, 7, 3, 8], [9, 12, 10, 13], [11, 24, 12, 1], [13, 17, 14, 16], [15, 20, 16, 21]]"
12n_0063_142,"[[15, 20, 16, 21], [17, 23, 18, 22], [4, 20, 5, 19], [21, 14, 22, 15], [23, 10, 24, 11], [6, 1, 7, 2], [8, 3, 9, 4], [18, 6, 19, 5], [2, 7, 3, 8], [9, 12, 10, 13], [11, 24, 12, 1], [13, 17, 14, 16]]"
12n_0063_143,"[[13, 17, 14, 16], [15, 20, 16, 21], [17, 23, 18, 22], [4, 20, 5, 19], [21, 14, 22, 15], [23, 10, 24, 11], [6, 1, 7, 2], [8, 3, 9, 4], [18, 6, 19, 5], [2, 7, 3, 8], [9, 12, 10, 13], [11, 24, 12, 1]]"
12n_0063_144,"[[12, 1, 13, 2], [14, 18, 15, 17], [16, 21, 17, 22], [18, 24, 19, 23], [5, 21, 6, 20], [22, 15, 23, 16], [24, 11, 1, 12], [7, 2, 8, 3], [9, 4, 10, 5], [19, 7, 20, 6], [3, 8, 4, 9], [10, 13, 11, 14]]"
12n_0063_145,"[[10, 13, 11, 14], [12, 1, 13, 2], [14, 18, 15, 17], [16, 21, 17, 22], [18, 24, 19, 23], [5, 21, 6, 20], [22, 15, 23, 16], [24, 11, 1, 12], [7, 2, 8, 3], [9, 4, 10, 5], [19, 7, 20, 6], [3, 8, 4, 9]]"
12n_0063_146,"[[3, 8, 4, 9], [10, 13, 11, 14], [12, 1, 13, 2], [14, 18, 15, 17], [16, 21, 17, 22], [18, 24, 19, 23], [5, 21, 6, 20], [22, 15, 23, 16], [24, 11, 1, 12], [7, 2, 8, 3], [9, 4, 10, 5], [19, 7, 20, 6]]"
12n_0063_147,"[[19, 7, 20, 6], [3, 8, 4, 9], [10, 13, 11, 14], [12, 1, 13, 2], [14, 18, 15, 17], [16, 21, 17, 22], [18, 24, 19, 23], [5, 21, 6, 20], [22, 15, 23, 16], [24, 11, 1, 12], [7, 2, 8, 3], [9, 4, 10, 5]]"
12n_0063_148,"[[9, 4, 10, 5], [19, 7, 20, 6], [3, 8, 4, 9], [10, 13, 11, 14], [12, 1, 13, 2], [14, 18, 15, 17], [16, 21, 17, 22], [18, 24, 19, 23], [5, 21, 6, 20], [22, 15, 23, 16], [24, 11, 1, 12], [7, 2, 8, 3]]"
12n_0063_149,"[[7, 2, 8, 3], [9, 4, 10, 5], [19, 7, 20, 6], [3, 8, 4, 9], [10, 13, 11, 14], [12, 1, 13, 2], [14, 18, 15, 17], [16, 21, 17, 22], [18, 24, 19, 23], [5, 21, 6, 20], [22, 15, 23, 16], [24, 11, 1, 12]]"
12n_0063_150,"[[24, 11, 1, 12], [7, 2, 8, 3], [9, 4, 10, 5], [19, 7, 20, 6], [3, 8, 4, 9], [10, 13, 11, 14], [12, 1, 13, 2], [14, 18, 15, 17], [16, 21, 17, 22], [18, 24, 19, 23], [5, 21, 6, 20], [22, 15, 23, 16]]"
12n_0063_151,"[[22, 15, 23, 16], [24, 11, 1, 12], [7, 2, 8, 3], [9, 4, 10, 5], [19, 7, 20, 6], [3, 8, 4, 9], [10, 13, 11, 14], [12, 1, 13, 2], [14, 18, 15, 17], [16, 21, 17, 22], [18, 24, 19, 23], [5, 21, 6, 20]]"
12n_0063_152,"[[5, 21, 6, 20], [22, 15, 23, 16], [24, 11, 1, 12], [7, 2, 8, 3], [9, 4, 10, 5], [19, 7, 20, 6], [3, 8, 4, 9], [10, 13, 11, 14], [12, 1, 13, 2], [14, 18, 15, 17], [16, 21, 17, 22], [18, 24, 19, 23]]"
12n_0063_153,"[[18, 24, 19, 23], [5, 21, 6, 20], [22, 15, 23, 16], [24, 11, 1, 12], [7, 2, 8, 3], [9, 4, 10, 5], [19, 7, 20, 6], [3, 8, 4, 9], [10, 13, 11, 14], [12, 1, 13, 2], [14, 18, 15, 17], [16, 21, 17, 22]]"
12n_0063_154,"[[16, 21, 17, 22], [18, 24, 19, 23], [5, 21, 6, 20], [22, 15, 23, 16], [24, 11, 1, 12], [7, 2, 8, 3], [9, 4, 10, 5], [19, 7, 20, 6], [3, 8, 4, 9], [10, 13, 11, 14], [12, 1, 13, 2], [14, 18, 15, 17]]"
12n_0063_155,"[[14, 18, 15, 17], [16, 21, 17, 22], [18, 24, 19, 23], [5, 21, 6, 20], [22, 15, 23, 16], [24, 11, 1, 12], [7, 2, 8, 3], [9, 4, 10, 5], [19, 7, 20, 6], [3, 8, 4, 9], [10, 13, 11, 14], [12, 1, 13, 2]]"
12n_0063_156,"[[13, 2, 14, 3], [15, 19, 16, 18], [17, 22, 18, 23], [19, 1, 20, 24], [6, 22, 7, 21], [23, 16, 24, 17], [1, 12, 2, 13], [8, 3, 9, 4], [10, 5, 11, 6], [20, 8, 21, 7], [4, 9, 5, 10], [11, 14, 12, 15]]"
12n_0063_157,"[[11, 14, 12, 15], [13, 2, 14, 3], [15, 19, 16, 18], [17, 22, 18, 23], [19, 1, 20, 24], [6, 22, 7, 21], [23, 16, 24, 17], [1, 12, 2, 13], [8, 3, 9, 4], [10, 5, 11, 6], [20, 8, 21, 7], [4, 9, 5, 10]]"
12n_0063_158,"[[4, 9, 5, 10], [11, 14, 12, 15], [13, 2, 14, 3], [15, 19, 16, 18], [17, 22, 18, 23], [19, 1, 20, 24], [6, 22, 7, 21], [23, 16, 24, 17], [1, 12, 2, 13], [8, 3, 9, 4], [10, 5, 11, 6], [20, 8, 21, 7]]"
12n_0063_159,"[[20, 8, 21, 7], [4, 9, 5, 10], [11, 14, 12, 15], [13, 2, 14, 3], [15, 19, 16, 18], [17, 22, 18, 23], [19, 1, 20, 24], [6, 22, 7, 21], [23, 16, 24, 17], [1, 12, 2, 13], [8, 3, 9, 4], [10, 5, 11, 6]]"
12n_0063_160,"[[10, 5, 11, 6], [20, 8, 21, 7], [4, 9, 5, 10], [11, 14, 12, 15], [13, 2, 14, 3], [15, 19, 16, 18], [17, 22, 18, 23], [19, 1, 20, 24], [6, 22, 7, 21], [23, 16, 24, 17], [1, 12, 2, 13], [8, 3, 9, 4]]"
12n_0063_161,"[[8, 3, 9, 4], [10, 5, 11, 6], [20, 8, 21, 7], [4, 9, 5, 10], [11, 14, 12, 15], [13, 2, 14, 3], [15, 19, 16, 18], [17, 22, 18, 23], [19, 1, 20, 24], [6, 22, 7, 21], [23, 16, 24, 17], [1, 12, 2, 13]]"
12n_0063_162,"[[1, 12, 2, 13], [8, 3, 9, 4], [10, 5, 11, 6], [20, 8, 21, 7], [4, 9, 5, 10], [11, 14, 12, 15], [13, 2, 14, 3], [15, 19, 16, 18], [17, 22, 18, 23], [19, 1, 20, 24], [6, 22, 7, 21], [23, 16, 24, 17]]"
12n_0063_163,"[[23, 16, 24, 17], [1, 12, 2, 13], [8, 3, 9, 4], [10, 5, 11, 6], [20, 8, 21, 7], [4, 9, 5, 10], [11, 14, 12, 15], [13, 2, 14, 3], [15, 19, 16, 18], [17, 22, 18, 23], [19, 1, 20, 24], [6, 22, 7, 21]]"
12n_0063_164,"[[6, 22, 7, 21], [23, 16, 24, 17], [1, 12, 2, 13], [8, 3, 9, 4], [10, 5, 11, 6], [20, 8, 21, 7], [4, 9, 5, 10], [11, 14, 12, 15], [13, 2, 14, 3], [15, 19, 16, 18], [17, 22, 18, 23], [19, 1, 20, 24]]"
12n_0063_165,"[[19, 1, 20, 24], [6, 22, 7, 21], [23, 16, 24, 17], [1, 12, 2, 13], [8, 3, 9, 4], [10, 5, 11, 6], [20, 8, 21, 7], [4, 9, 5, 10], [11, 14, 12, 15], [13, 2, 14, 3], [15, 19, 16, 18], [17, 22, 18, 23]]"
12n_0063_166,"[[17, 22, 18, 23], [19, 1, 20, 24], [6, 22, 7, 21], [23, 16, 24, 17], [1, 12, 2, 13], [8, 3, 9, 4], [10, 5, 11, 6], [20, 8, 21, 7], [4, 9, 5, 10], [11, 14, 12, 15], [13, 2, 14, 3], [15, 19, 16, 18]]"
12n_0063_167,"[[15, 19, 16, 18], [17, 22, 18, 23], [19, 1, 20, 24], [6, 22, 7, 21], [23, 16, 24, 17], [1, 12, 2, 13], [8, 3, 9, 4], [10, 5, 11, 6], [20, 8, 21, 7], [4, 9, 5, 10], [11, 14, 12, 15], [13, 2, 14, 3]]"
12n_0063_168,"[[14, 3, 15, 4], [16, 20, 17, 19], [18, 23, 19, 24], [20, 2, 21, 1], [7, 23, 8, 22], [24, 17, 1, 18], [2, 13, 3, 14], [9, 4, 10, 5], [11, 6, 12, 7], [21, 9, 22, 8], [5, 10, 6, 11], [12, 15, 13, 16]]"
12n_0063_169,"[[12, 15, 13, 16], [14, 3, 15, 4], [16, 20, 17, 19], [18, 23, 19, 24], [20, 2, 21, 1], [7, 23, 8, 22], [24, 17, 1, 18], [2, 13, 3, 14], [9, 4, 10, 5], [11, 6, 12, 7], [21, 9, 22, 8], [5, 10, 6, 11]]"
12n_0063_170,"[[5, 10, 6, 11], [12, 15, 13, 16], [14, 3, 15, 4], [16, 20, 17, 19], [18, 23, 19, 24], [20, 2, 21, 1], [7, 23, 8, 22], [24, 17, 1, 18], [2, 13, 3, 14], [9, 4, 10, 5], [11, 6, 12, 7], [21, 9, 22, 8]]"
12n_0063_171,"[[21, 9, 22, 8], [5, 10, 6, 11], [12, 15, 13, 16], [14, 3, 15, 4], [16, 20, 17, 19], [18, 23, 19, 24], [20, 2, 21, 1], [7, 23, 8, 22], [24, 17, 1, 18], [2, 13, 3, 14], [9, 4, 10, 5], [11, 6, 12, 7]]"
12n_0063_172,"[[11, 6, 12, 7], [21, 9, 22, 8], [5, 10, 6, 11], [12, 15, 13, 16], [14, 3, 15, 4], [16, 20, 17, 19], [18, 23, 19, 24], [20, 2, 21, 1], [7, 23, 8, 22], [24, 17, 1, 18], [2, 13, 3, 14], [9, 4, 10, 5]]"
12n_0063_173,"[[9, 4, 10, 5], [11, 6, 12, 7], [21, 9, 22, 8], [5, 10, 6, 11], [12, 15, 13, 16], [14, 3, 15, 4], [16, 20, 17, 19], [18, 23, 19, 24], [20, 2, 21, 1], [7, 23, 8, 22], [24, 17, 1, 18], [2, 13, 3, 14]]"
12n_0063_174,"[[2, 13, 3, 14], [9, 4, 10, 5], [11, 6, 12, 7], [21, 9, 22, 8], [5, 10, 6, 11], [12, 15, 13, 16], [14, 3, 15, 4], [16, 20, 17, 19], [18, 23, 19, 24], [20, 2, 21, 1], [7, 23, 8, 22], [24, 17, 1, 18]]"
12n_0063_175,"[[24, 17, 1, 18], [2, 13, 3, 14], [9, 4, 10, 5], [11, 6, 12, 7], [21, 9, 22, 8], [5, 10, 6, 11], [12, 15, 13, 16], [14, 3, 15, 4], [16, 20, 17, 19], [18, 23, 19, 24], [20, 2, 21, 1], [7, 23, 8, 22]]"
12n_0063_176,"[[7, 23, 8, 22], [24, 17, 1, 18], [2, 13, 3, 14], [9, 4, 10, 5], [11, 6, 12, 7], [21, 9, 22, 8], [5, 10, 6, 11], [12, 15, 13, 16], [14, 3, 15, 4], [16, 20, 17, 19], [18, 23, 19, 24], [20, 2, 21, 1]]"
12n_0063_177,"[[20, 2, 21, 1], [7, 23, 8, 22], [24, 17, 1, 18], [2, 13, 3, 14], [9, 4, 10, 5], [11, 6, 12, 7], [21, 9, 22, 8], [5, 10, 6, 11], [12, 15, 13, 16], [14, 3, 15, 4], [16, 20, 17, 19], [18, 23, 19, 24]]"
12n_0063_178,"[[18, 23, 19, 24], [20, 2, 21, 1], [7, 23, 8, 22], [24, 17, 1, 18], [2, 13, 3, 14], [9, 4, 10, 5], [11, 6, 12, 7], [21, 9, 22, 8], [5, 10, 6, 11], [12, 15, 13, 16], [14, 3, 15, 4], [16, 20, 17, 19]]"
12n_0063_179,"[[16, 20, 17, 19], [18, 23, 19, 24], [20, 2, 21, 1], [7, 23, 8, 22], [24, 17, 1, 18], [2, 13, 3, 14], [9, 4, 10, 5], [11, 6, 12, 7], [21, 9, 22, 8], [5, 10, 6, 11], [12, 15, 13, 16], [14, 3, 15, 4]]"
12n_0063_180,"[[15, 4, 16, 5], [17, 21, 18, 20], [19, 24, 20, 1], [21, 3, 22, 2], [8, 24, 9, 23], [1, 18, 2, 19], [3, 14, 4, 15], [10, 5, 11, 6], [12, 7, 13, 8], [22, 10, 23, 9], [6, 11, 7, 12], [13, 16, 14, 17]]"
12n_0063_181,"[[13, 16, 14, 17], [15, 4, 16, 5], [17, 21, 18, 20], [19, 24, 20, 1], [21, 3, 22, 2], [8, 24, 9, 23], [1, 18, 2, 19], [3, 14, 4, 15], [10, 5, 11, 6], [12, 7, 13, 8], [22, 10, 23, 9], [6, 11, 7, 12]]"
12n_0063_182,"[[6, 11, 7, 12], [13, 16, 14, 17], [15, 4, 16, 5], [17, 21, 18, 20], [19, 24, 20, 1], [21, 3, 22, 2], [8, 24, 9, 23], [1, 18, 2, 19], [3, 14, 4, 15], [10, 5, 11, 6], [12, 7, 13, 8], [22, 10, 23, 9]]"
12n_0063_183,"[[22, 10, 23, 9], [6, 11, 7, 12], [13, 16, 14, 17], [15, 4, 16, 5], [17, 21, 18, 20], [19, 24, 20, 1], [21, 3, 22, 2], [8, 24, 9, 23], [1, 18, 2, 19], [3, 14, 4, 15], [10, 5, 11, 6], [12, 7, 13, 8]]"
12n_0063_184,"[[12, 7, 13, 8], [22, 10, 23, 9], [6, 11, 7, 12], [13, 16, 14, 17], [15, 4, 16, 5], [17, 21, 18, 20], [19, 24, 20, 1], [21, 3, 22, 2], [8, 24, 9, 23], [1, 18, 2, 19], [3, 14, 4, 15], [10, 5, 11, 6]]"
12n_0063_185,"[[10, 5, 11, 6], [12, 7, 13, 8], [22, 10, 23, 9], [6, 11, 7, 12], [13, 16, 14, 17], [15, 4, 16, 5], [17, 21, 18, 20], [19, 24, 20, 1], [21, 3, 22, 2], [8, 24, 9, 23], [1, 18, 2, 19], [3, 14, 4, 15]]"
