name,pd_notation
12n_0340_0,"[[21, 1, 22, 24], [2, 6, 3, 5], [4, 12, 5, 11], [6, 15, 7, 16], [8, 17, 9, 18], [10, 4, 11, 3], [19, 13, 20, 12], [23, 15, 24, 14], [16, 7, 17, 8], [18, 9, 19, 10], [1, 21, 2, 20], [13, 23, 14, 22]]"
12n_0340_1,"[[13, 23, 14, 22], [21, 1, 22, 24], [2, 6, 3, 5], [4, 12, 5, 11], [6, 15, 7, 16], [8, 17, 9, 18], [10, 4, 11, 3], [19, 13, 20, 12], [23, 15, 24, 14], [16, 7, 17, 8], [18, 9, 19, 10], [1, 21, 2, 20]]"
12n_0340_2,"[[1, 21, 2, 20], [13, 23, 14, 22], [21, 1, 22, 24], [2, 6, 3, 5], [4, 12, 5, 11], [6, 15, 7, 16], [8, 17, 9, 18], [10, 4, 11, 3], [19, 13, 20, 12], [23, 15, 24, 14], [16, 7, 17, 8], [18, 9, 19, 10]]"
12n_0340_3,"[[18, 9, 19, 10], [1, 21, 2, 20], [13, 23, 14, 22], [21, 1, 22, 24], [2, 6, 3, 5], [4, 12, 5, 11], [6, 15, 7, 16], [8, 17, 9, 18], [10, 4, 11, 3], [19, 13, 20, 12], [23, 15, 24, 14], [16, 7, 17, 8]]"
12n_0340_4,"[[16, 7, 17, 8], [18, 9, 19, 10], [1, 21, 2, 20], [13, 23, 14, 22], [21, 1, 22, 24], [2, 6, 3, 5], [4, 12, 5, 11], [6, 15, 7, 16], [8, 17, 9, 18], [10, 4, 11, 3], [19, 13, 20, 12], [23, 15, 24, 14]]"
12n_0340_5,"[[23, 15, 24, 14], [16, 7, 17, 8], [18, 9, 19, 10], [1, 21, 2, 20], [13, 23, 14, 22], [21, 1, 22, 24], [2, 6, 3, 5], [4, 12, 5, 11], [6, 15, 7, 16], [8, 17, 9, 18], [10, 4, 11, 3], [19, 13, 20, 12]]"
12n_0340_6,"[[19, 13, 20, 12], [23, 15, 24, 14], [16, 7, 17, 8], [18, 9, 19, 10], [1, 21, 2, 20], [13, 23, 14, 22], [21, 1, 22, 24], [2, 6, 3, 5], [4, 12, 5, 11], [6, 15, 7, 16], [8, 17, 9, 18], [10, 4, 11, 3]]"
12n_0340_7,"[[10, 4, 11, 3], [19, 13, 20, 12], [23, 15, 24, 14], [16, 7, 17, 8], [18, 9, 19, 10], [1, 21, 2, 20], [13, 23, 14, 22], [21, 1, 22, 24], [2, 6, 3, 5], [4, 12, 5, 11], [6, 15, 7, 16], [8, 17, 9, 18]]"
12n_0340_8,"[[8, 17, 9, 18], [10, 4, 11, 3], [19, 13, 20, 12], [23, 15, 24, 14], [16, 7, 17, 8], [18, 9, 19, 10], [1, 21, 2, 20], [13, 23, 14, 22], [21, 1, 22, 24], [2, 6, 3, 5], [4, 12, 5, 11], [6, 15, 7, 16]]"
12n_0340_9,"[[6, 15, 7, 16], [8, 17, 9, 18], [10, 4, 11, 3], [19, 13, 20, 12], [23, 15, 24, 14], [16, 7, 17, 8], [18, 9, 19, 10], [1, 21, 2, 20], [13, 23, 14, 22], [21, 1, 22, 24], [2, 6, 3, 5], [4, 12, 5, 11]]"
12n_0340_10,"[[4, 12, 5, 11], [6, 15, 7, 16], [8, 17, 9, 18], [10, 4, 11, 3], [19, 13, 20, 12], [23, 15, 24, 14], [16, 7, 17, 8], [18, 9, 19, 10], [1, 21, 2, 20], [13, 23, 14, 22], [21, 1, 22, 24], [2, 6, 3, 5]]"
12n_0340_11,"[[2, 6, 3, 5], [4, 12, 5, 11], [6, 15, 7, 16], [8, 17, 9, 18], [10, 4, 11, 3], [19, 13, 20, 12], [23, 15, 24, 14], [16, 7, 17, 8], [18, 9, 19, 10], [1, 21, 2, 20], [13, 23, 14, 22], [21, 1, 22, 24]]"
12n_0340_12,"[[22, 2, 23, 1], [3, 7, 4, 6], [5, 13, 6, 12], [7, 16, 8, 17], [9, 18, 10, 19], [11, 5, 12, 4], [20, 14, 21, 13], [24, 16, 1, 15], [17, 8, 18, 9], [19, 10, 20, 11], [2, 22, 3, 21], [14, 24, 15, 23]]"
12n_0340_13,"[[14, 24, 15, 23], [22, 2, 23, 1], [3, 7, 4, 6], [5, 13, 6, 12], [7, 16, 8, 17], [9, 18, 10, 19], [11, 5, 12, 4], [20, 14, 21, 13], [24, 16, 1, 15], [17, 8, 18, 9], [19, 10, 20, 11], [2, 22, 3, 21]]"
12n_0340_14,"[[2, 22, 3, 21], [14, 24, 15, 23], [22, 2, 23, 1], [3, 7, 4, 6], [5, 13, 6, 12], [7, 16, 8, 17], [9, 18, 10, 19], [11, 5, 12, 4], [20, 14, 21, 13], [24, 16, 1, 15], [17, 8, 18, 9], [19, 10, 20, 11]]"
12n_0340_15,"[[19, 10, 20, 11], [2, 22, 3, 21], [14, 24, 15, 23], [22, 2, 23, 1], [3, 7, 4, 6], [5, 13, 6, 12], [7, 16, 8, 17], [9, 18, 10, 19], [11, 5, 12, 4], [20, 14, 21, 13], [24, 16, 1, 15], [17, 8, 18, 9]]"
12n_0340_16,"[[17, 8, 18, 9], [19, 10, 20, 11], [2, 22, 3, 21], [14, 24, 15, 23], [22, 2, 23, 1], [3, 7, 4, 6], [5, 13, 6, 12], [7, 16, 8, 17], [9, 18, 10, 19], [11, 5, 12, 4], [20, 14, 21, 13], [24, 16, 1, 15]]"
12n_0340_17,"[[24, 16, 1, 15], [17, 8, 18, 9], [19, 10, 20, 11], [2, 22, 3, 21], [14, 24, 15, 23], [22, 2, 23, 1], [3, 7, 4, 6], [5, 13, 6, 12], [7, 16, 8, 17], [9, 18, 10, 19], [11, 5, 12, 4], [20, 14, 21, 13]]"
12n_0340_18,"[[20, 14, 21, 13], [24, 16, 1, 15], [17, 8, 18, 9], [19, 10, 20, 11], [2, 22, 3, 21], [14, 24, 15, 23], [22, 2, 23, 1], [3, 7, 4, 6], [5, 13, 6, 12], [7, 16, 8, 17], [9, 18, 10, 19], [11, 5, 12, 4]]"
12n_0340_19,"[[11, 5, 12, 4], [20, 14, 21, 13], [24, 16, 1, 15], [17, 8, 18, 9], [19, 10, 20, 11], [2, 22, 3, 21], [14, 24, 15, 23], [22, 2, 23, 1], [3, 7, 4, 6], [5, 13, 6, 12], [7, 16, 8, 17], [9, 18, 10, 19]]"
12n_0340_20,"[[9, 18, 10, 19], [11, 5, 12, 4], [20, 14, 21, 13], [24, 16, 1, 15], [17, 8, 18, 9], [19, 10, 20, 11], [2, 22, 3, 21], [14, 24, 15, 23], [22, 2, 23, 1], [3, 7, 4, 6], [5, 13, 6, 12], [7, 16, 8, 17]]"
12n_0340_21,"[[7, 16, 8, 17], [9, 18, 10, 19], [11, 5, 12, 4], [20, 14, 21, 13], [24, 16, 1, 15], [17, 8, 18, 9], [19, 10, 20, 11], [2, 22, 3, 21], [14, 24, 15, 23], [22, 2, 23, 1], [3, 7, 4, 6], [5, 13, 6, 12]]"
12n_0340_22,"[[5, 13, 6, 12], [7, 16, 8, 17], [9, 18, 10, 19], [11, 5, 12, 4], [20, 14, 21, 13], [24, 16, 1, 15], [17, 8, 18, 9], [19, 10, 20, 11], [2, 22, 3, 21], [14, 24, 15, 23], [22, 2, 23, 1], [3, 7, 4, 6]]"
12n_0340_23,"[[3, 7, 4, 6], [5, 13, 6, 12], [7, 16, 8, 17], [9, 18, 10, 19], [11, 5, 12, 4], [20, 14, 21, 13], [24, 16, 1, 15], [17, 8, 18, 9], [19, 10, 20, 11], [2, 22, 3, 21], [14, 24, 15, 23], [22, 2, 23, 1]]"
12n_0340_24,"[[23, 3, 24, 2], [4, 8, 5, 7], [6, 14, 7, 13], [8, 17, 9, 18], [10, 19, 11, 20], [12, 6, 13, 5], [21, 15, 22, 14], [1, 17, 2, 16], [18, 9, 19, 10], [20, 11, 21, 12], [3, 23, 4, 22], [15, 1, 16, 24]]"
12n_0340_25,"[[15, 1, 16, 24], [23, 3, 24, 2], [4, 8, 5, 7], [6, 14, 7, 13], [8, 17, 9, 18], [10, 19, 11, 20], [12, 6, 13, 5], [21, 15, 22, 14], [1, 17, 2, 16], [18, 9, 19, 10], [20, 11, 21, 12], [3, 23, 4, 22]]"
12n_0340_26,"[[3, 23, 4, 22], [15, 1, 16, 24], [23, 3, 24, 2], [4, 8, 5, 7], [6, 14, 7, 13], [8, 17, 9, 18], [10, 19, 11, 20], [12, 6, 13, 5], [21, 15, 22, 14], [1, 17, 2, 16], [18, 9, 19, 10], [20, 11, 21, 12]]"
12n_0340_27,"[[20, 11, 21, 12], [3, 23, 4, 22], [15, 1, 16, 24], [23, 3, 24, 2], [4, 8, 5, 7], [6, 14, 7, 13], [8, 17, 9, 18], [10, 19, 11, 20], [12, 6, 13, 5], [21, 15, 22, 14], [1, 17, 2, 16], [18, 9, 19, 10]]"
12n_0340_28,"[[18, 9, 19, 10], [20, 11, 21, 12], [3, 23, 4, 22], [15, 1, 16, 24], [23, 3, 24, 2], [4, 8, 5, 7], [6, 14, 7, 13], [8, 17, 9, 18], [10, 19, 11, 20], [12, 6, 13, 5], [21, 15, 22, 14], [1, 17, 2, 16]]"
12n_0340_29,"[[1, 17, 2, 16], [18, 9, 19, 10], [20, 11, 21, 12], [3, 23, 4, 22], [15, 1, 16, 24], [23, 3, 24, 2], [4, 8, 5, 7], [6, 14, 7, 13], [8, 17, 9, 18], [10, 19, 11, 20], [12, 6, 13, 5], [21, 15, 22, 14]]"
12n_0340_30,"[[21, 15, 22, 14], [1, 17, 2, 16], [18, 9, 19, 10], [20, 11, 21, 12], [3, 23, 4, 22], [15, 1, 16, 24], [23, 3, 24, 2], [4, 8, 5, 7], [6, 14, 7, 13], [8, 17, 9, 18], [10, 19, 11, 20], [12, 6, 13, 5]]"
12n_0340_31,"[[12, 6, 13, 5], [21, 15, 22, 14], [1, 17, 2, 16], [18, 9, 19, 10], [20, 11, 21, 12], [3, 23, 4, 22], [15, 1, 16, 24], [23, 3, 24, 2], [4, 8, 5, 7], [6, 14, 7, 13], [8, 17, 9, 18], [10, 19, 11, 20]]"
12n_0340_32,"[[10, 19, 11, 20], [12, 6, 13, 5], [21, 15, 22, 14], [1, 17, 2, 16], [18, 9, 19, 10], [20, 11, 21, 12], [3, 23, 4, 22], [15, 1, 16, 24], [23, 3, 24, 2], [4, 8, 5, 7], [6, 14, 7, 13], [8, 17, 9, 18]]"
12n_0340_33,"[[8, 17, 9, 18], [10, 19, 11, 20], [12, 6, 13, 5], [21, 15, 22, 14], [1, 17, 2, 16], [18, 9, 19, 10], [20, 11, 21, 12], [3, 23, 4, 22], [15, 1, 16, 24], [23, 3, 24, 2], [4, 8, 5, 7], [6, 14, 7, 13]]"
12n_0340_34,"[[6, 14, 7, 13], [8, 17, 9, 18], [10, 19, 11, 20], [12, 6, 13, 5], [21, 15, 22, 14], [1, 17, 2, 16], [18, 9, 19, 10], [20, 11, 21, 12], [3, 23, 4, 22], [15, 1, 16, 24], [23, 3, 24, 2], [4, 8, 5, 7]]"
12n_0340_35,"[[4, 8, 5, 7], [6, 14, 7, 13], [8, 17, 9, 18], [10, 19, 11, 20], [12, 6, 13, 5], [21, 15, 22, 14], [1, 17, 2, 16], [18, 9, 19, 10], [20, 11, 21, 12], [3, 23, 4, 22], [15, 1, 16, 24], [23, 3, 24, 2]]"
12n_0340_36,"[[24, 4, 1, 3], [5, 9, 6, 8], [7, 15, 8, 14], [9, 18, 10, 19], [11, 20, 12, 21], [13, 7, 14, 6], [22, 16, 23, 15], [2, 18, 3, 17], [19, 10, 20, 11], [21, 12, 22, 13], [4, 24, 5, 23], [16, 2, 17, 1]]"
12n_0340_37,"[[16, 2, 17, 1], [24, 4, 1, 3], [5, 9, 6, 8], [7, 15, 8, 14], [9, 18, 10, 19], [11, 20, 12, 21], [13, 7, 14, 6], [22, 16, 23, 15], [2, 18, 3, 17], [19, 10, 20, 11], [21, 12, 22, 13], [4, 24, 5, 23]]"
12n_0340_38,"[[4, 24, 5, 23], [16, 2, 17, 1], [24, 4, 1, 3], [5, 9, 6, 8], [7, 15, 8, 14], [9, 18, 10, 19], [11, 20, 12, 21], [13, 7, 14, 6], [22, 16, 23, 15], [2, 18, 3, 17], [19, 10, 20, 11], [21, 12, 22, 13]]"
12n_0340_39,"[[21, 12, 22, 13], [4, 24, 5, 23], [16, 2, 17, 1], [24, 4, 1, 3], [5, 9, 6, 8], [7, 15, 8, 14], [9, 18, 10, 19], [11, 20, 12, 21], [13, 7, 14, 6], [22, 16, 23, 15], [2, 18, 3, 17], [19, 10, 20, 11]]"
12n_0340_40,"[[19, 10, 20, 11], [21, 12, 22, 13], [4, 24, 5, 23], [16, 2, 17, 1], [24, 4, 1, 3], [5, 9, 6, 8], [7, 15, 8, 14], [9, 18, 10, 19], [11, 20, 12, 21], [13, 7, 14, 6], [22, 16, 23, 15], [2, 18, 3, 17]]"
12n_0340_41,"[[2, 18, 3, 17], [19, 10, 20, 11], [21, 12, 22, 13], [4, 24, 5, 23], [16, 2, 17, 1], [24, 4, 1, 3], [5, 9, 6, 8], [7, 15, 8, 14], [9, 18, 10, 19], [11, 20, 12, 21], [13, 7, 14, 6], [22, 16, 23, 15]]"
12n_0340_42,"[[22, 16, 23, 15], [2, 18, 3, 17], [19, 10, 20, 11], [21, 12, 22, 13], [4, 24, 5, 23], [16, 2, 17, 1], [24, 4, 1, 3], [5, 9, 6, 8], [7, 15, 8, 14], [9, 18, 10, 19], [11, 20, 12, 21], [13, 7, 14, 6]]"
12n_0340_43,"[[13, 7, 14, 6], [22, 16, 23, 15], [2, 18, 3, 17], [19, 10, 20, 11], [21, 12, 22, 13], [4, 24, 5, 23], [16, 2, 17, 1], [24, 4, 1, 3], [5, 9, 6, 8], [7, 15, 8, 14], [9, 18, 10, 19], [11, 20, 12, 21]]"
12n_0340_44,"[[11, 20, 12, 21], [13, 7, 14, 6], [22, 16, 23, 15], [2, 18, 3, 17], [19, 10, 20, 11], [21, 12, 22, 13], [4, 24, 5, 23], [16, 2, 17, 1], [24, 4, 1, 3], [5, 9, 6, 8], [7, 15, 8, 14], [9, 18, 10, 19]]"
12n_0340_45,"[[9, 18, 10, 19], [11, 20, 12, 21], [13, 7, 14, 6], [22, 16, 23, 15], [2, 18, 3, 17], [19, 10, 20, 11], [21, 12, 22, 13], [4, 24, 5, 23], [16, 2, 17, 1], [24, 4, 1, 3], [5, 9, 6, 8], [7, 15, 8, 14]]"
12n_0340_46,"[[7, 15, 8, 14], [9, 18, 10, 19], [11, 20, 12, 21], [13, 7, 14, 6], [22, 16, 23, 15], [2, 18, 3, 17], [19, 10, 20, 11], [21, 12, 22, 13], [4, 24, 5, 23], [16, 2, 17, 1], [24, 4, 1, 3], [5, 9, 6, 8]]"
12n_0340_47,"[[5, 9, 6, 8], [7, 15, 8, 14], [9, 18, 10, 19], [11, 20, 12, 21], [13, 7, 14, 6], [22, 16, 23, 15], [2, 18, 3, 17], [19, 10, 20, 11], [21, 12, 22, 13], [4, 24, 5, 23], [16, 2, 17, 1], [24, 4, 1, 3]]"
12n_0340_48,"[[1, 5, 2, 4], [6, 10, 7, 9], [8, 16, 9, 15], [10, 19, 11, 20], [12, 21, 13, 22], [14, 8, 15, 7], [23, 17, 24, 16], [3, 19, 4, 18], [20, 11, 21, 12], [22, 13, 23, 14], [5, 1, 6, 24], [17, 3, 18, 2]]"
12n_0340_49,"[[17, 3, 18, 2], [1, 5, 2, 4], [6, 10, 7, 9], [8, 16, 9, 15], [10, 19, 11, 20], [12, 21, 13, 22], [14, 8, 15, 7], [23, 17, 24, 16], [3, 19, 4, 18], [20, 11, 21, 12], [22, 13, 23, 14], [5, 1, 6, 24]]"
12n_0340_50,"[[5, 1, 6, 24], [17, 3, 18, 2], [1, 5, 2, 4], [6, 10, 7, 9], [8, 16, 9, 15], [10, 19, 11, 20], [12, 21, 13, 22], [14, 8, 15, 7], [23, 17, 24, 16], [3, 19, 4, 18], [20, 11, 21, 12], [22, 13, 23, 14]]"
12n_0340_51,"[[22, 13, 23, 14], [5, 1, 6, 24], [17, 3, 18, 2], [1, 5, 2, 4], [6, 10, 7, 9], [8, 16, 9, 15], [10, 19, 11, 20], [12, 21, 13, 22], [14, 8, 15, 7], [23, 17, 24, 16], [3, 19, 4, 18], [20, 11, 21, 12]]"
12n_0340_52,"[[20, 11, 21, 12], [22, 13, 23, 14], [5, 1, 6, 24], [17, 3, 18, 2], [1, 5, 2, 4], [6, 10, 7, 9], [8, 16, 9, 15], [10, 19, 11, 20], [12, 21, 13, 22], [14, 8, 15, 7], [23, 17, 24, 16], [3, 19, 4, 18]]"
12n_0340_53,"[[3, 19, 4, 18], [20, 11, 21, 12], [22, 13, 23, 14], [5, 1, 6, 24], [17, 3, 18, 2], [1, 5, 2, 4], [6, 10, 7, 9], [8, 16, 9, 15], [10, 19, 11, 20], [12, 21, 13, 22], [14, 8, 15, 7], [23, 17, 24, 16]]"
12n_0340_54,"[[23, 17, 24, 16], [3, 19, 4, 18], [20, 11, 21, 12], [22, 13, 23, 14], [5, 1, 6, 24], [17, 3, 18, 2], [1, 5, 2, 4], [6, 10, 7, 9], [8, 16, 9, 15], [10, 19, 11, 20], [12, 21, 13, 22], [14, 8, 15, 7]]"
12n_0340_55,"[[14, 8, 15, 7], [23, 17, 24, 16], [3, 19, 4, 18], [20, 11, 21, 12], [22, 13, 23, 14], [5, 1, 6, 24], [17, 3, 18, 2], [1, 5, 2, 4], [6, 10, 7, 9], [8, 16, 9, 15], [10, 19, 11, 20], [12, 21, 13, 22]]"
12n_0340_56,"[[12, 21, 13, 22], [14, 8, 15, 7], [23, 17, 24, 16], [3, 19, 4, 18], [20, 11, 21, 12], [22, 13, 23, 14], [5, 1, 6, 24], [17, 3, 18, 2], [1, 5, 2, 4], [6, 10, 7, 9], [8, 16, 9, 15], [10, 19, 11, 20]]"
12n_0340_57,"[[10, 19, 11, 20], [12, 21, 13, 22], [14, 8, 15, 7], [23, 17, 24, 16], [3, 19, 4, 18], [20, 11, 21, 12], [22, 13, 23, 14], [5, 1, 6, 24], [17, 3, 18, 2], [1, 5, 2, 4], [6, 10, 7, 9], [8, 16, 9, 15]]"
12n_0340_58,"[[8, 16, 9, 15], [10, 19, 11, 20], [12, 21, 13, 22], [14, 8, 15, 7], [23, 17, 24, 16], [3, 19, 4, 18], [20, 11, 21, 12], [22, 13, 23, 14], [5, 1, 6, 24], [17, 3, 18, 2], [1, 5, 2, 4], [6, 10, 7, 9]]"
12n_0340_59,"[[6, 10, 7, 9], [8, 16, 9, 15], [10, 19, 11, 20], [12, 21, 13, 22], [14, 8, 15, 7], [23, 17, 24, 16], [3, 19, 4, 18], [20, 11, 21, 12], [22, 13, 23, 14], [5, 1, 6, 24], [17, 3, 18, 2], [1, 5, 2, 4]]"
12n_0340_60,"[[2, 6, 3, 5], [7, 11, 8, 10], [9, 17, 10, 16], [11, 20, 12, 21], [13, 22, 14, 23], [15, 9, 16, 8], [24, 18, 1, 17], [4, 20, 5, 19], [21, 12, 22, 13], [23, 14, 24, 15], [6, 2, 7, 1], [18, 4, 19, 3]]"
12n_0340_61,"[[18, 4, 19, 3], [2, 6, 3, 5], [7, 11, 8, 10], [9, 17, 10, 16], [11, 20, 12, 21], [13, 22, 14, 23], [15, 9, 16, 8], [24, 18, 1, 17], [4, 20, 5, 19], [21, 12, 22, 13], [23, 14, 24, 15], [6, 2, 7, 1]]"
12n_0340_62,"[[6, 2, 7, 1], [18, 4, 19, 3], [2, 6, 3, 5], [7, 11, 8, 10], [9, 17, 10, 16], [11, 20, 12, 21], [13, 22, 14, 23], [15, 9, 16, 8], [24, 18, 1, 17], [4, 20, 5, 19], [21, 12, 22, 13], [23, 14, 24, 15]]"
12n_0340_63,"[[23, 14, 24, 15], [6, 2, 7, 1], [18, 4, 19, 3], [2, 6, 3, 5], [7, 11, 8, 10], [9, 17, 10, 16], [11, 20, 12, 21], [13, 22, 14, 23], [15, 9, 16, 8], [24, 18, 1, 17], [4, 20, 5, 19], [21, 12, 22, 13]]"
12n_0340_64,"[[21, 12, 22, 13], [23, 14, 24, 15], [6, 2, 7, 1], [18, 4, 19, 3], [2, 6, 3, 5], [7, 11, 8, 10], [9, 17, 10, 16], [11, 20, 12, 21], [13, 22, 14, 23], [15, 9, 16, 8], [24, 18, 1, 17], [4, 20, 5, 19]]"
12n_0340_65,"[[4, 20, 5, 19], [21, 12, 22, 13], [23, 14, 24, 15], [6, 2, 7, 1], [18, 4, 19, 3], [2, 6, 3, 5], [7, 11, 8, 10], [9, 17, 10, 16], [11, 20, 12, 21], [13, 22, 14, 23], [15, 9, 16, 8], [24, 18, 1, 17]]"
12n_0340_66,"[[24, 18, 1, 17], [4, 20, 5, 19], [21, 12, 22, 13], [23, 14, 24, 15], [6, 2, 7, 1], [18, 4, 19, 3], [2, 6, 3, 5], [7, 11, 8, 10], [9, 17, 10, 16], [11, 20, 12, 21], [13, 22, 14, 23], [15, 9, 16, 8]]"
12n_0340_67,"[[15, 9, 16, 8], [24, 18, 1, 17], [4, 20, 5, 19], [21, 12, 22, 13], [23, 14, 24, 15], [6, 2, 7, 1], [18, 4, 19, 3], [2, 6, 3, 5], [7, 11, 8, 10], [9, 17, 10, 16], [11, 20, 12, 21], [13, 22, 14, 23]]"
12n_0340_68,"[[13, 22, 14, 23], [15, 9, 16, 8], [24, 18, 1, 17], [4, 20, 5, 19], [21, 12, 22, 13], [23, 14, 24, 15], [6, 2, 7, 1], [18, 4, 19, 3], [2, 6, 3, 5], [7, 11, 8, 10], [9, 17, 10, 16], [11, 20, 12, 21]]"
12n_0340_69,"[[11, 20, 12, 21], [13, 22, 14, 23], [15, 9, 16, 8], [24, 18, 1, 17], [4, 20, 5, 19], [21, 12, 22, 13], [23, 14, 24, 15], [6, 2, 7, 1], [18, 4, 19, 3], [2, 6, 3, 5], [7, 11, 8, 10], [9, 17, 10, 16]]"
12n_0340_70,"[[9, 17, 10, 16], [11, 20, 12, 21], [13, 22, 14, 23], [15, 9, 16, 8], [24, 18, 1, 17], [4, 20, 5, 19], [21, 12, 22, 13], [23, 14, 24, 15], [6, 2, 7, 1], [18, 4, 19, 3], [2, 6, 3, 5], [7, 11, 8, 10]]"
12n_0340_71,"[[7, 11, 8, 10], [9, 17, 10, 16], [11, 20, 12, 21], [13, 22, 14, 23], [15, 9, 16, 8], [24, 18, 1, 17], [4, 20, 5, 19], [21, 12, 22, 13], [23, 14, 24, 15], [6, 2, 7, 1], [18, 4, 19, 3], [2, 6, 3, 5]]"
12n_0340_72,"[[3, 7, 4, 6], [8, 12, 9, 11], [10, 18, 11, 17], [12, 21, 13, 22], [14, 23, 15, 24], [16, 10, 17, 9], [1, 19, 2, 18], [5, 21, 6, 20], [22, 13, 23, 14], [24, 15, 1, 16], [7, 3, 8, 2], [19, 5, 20, 4]]"
12n_0340_73,"[[19, 5, 20, 4], [3, 7, 4, 6], [8, 12, 9, 11], [10, 18, 11, 17], [12, 21, 13, 22], [14, 23, 15, 24], [16, 10, 17, 9], [1, 19, 2, 18], [5, 21, 6, 20], [22, 13, 23, 14], [24, 15, 1, 16], [7, 3, 8, 2]]"
12n_0340_74,"[[7, 3, 8, 2], [19, 5, 20, 4], [3, 7, 4, 6], [8, 12, 9, 11], [10, 18, 11, 17], [12, 21, 13, 22], [14, 23, 15, 24], [16, 10, 17, 9], [1, 19, 2, 18], [5, 21, 6, 20], [22, 13, 23, 14], [24, 15, 1, 16]]"
12n_0340_75,"[[24, 15, 1, 16], [7, 3, 8, 2], [19, 5, 20, 4], [3, 7, 4, 6], [8, 12, 9, 11], [10, 18, 11, 17], [12, 21, 13, 22], [14, 23, 15, 24], [16, 10, 17, 9], [1, 19, 2, 18], [5, 21, 6, 20], [22, 13, 23, 14]]"
12n_0340_76,"[[22, 13, 23, 14], [24, 15, 1, 16], [7, 3, 8, 2], [19, 5, 20, 4], [3, 7, 4, 6], [8, 12, 9, 11], [10, 18, 11, 17], [12, 21, 13, 22], [14, 23, 15, 24], [16, 10, 17, 9], [1, 19, 2, 18], [5, 21, 6, 20]]"
12n_0340_77,"[[5, 21, 6, 20], [22, 13, 23, 14], [24, 15, 1, 16], [7, 3, 8, 2], [19, 5, 20, 4], [3, 7, 4, 6], [8, 12, 9, 11], [10, 18, 11, 17], [12, 21, 13, 22], [14, 23, 15, 24], [16, 10, 17, 9], [1, 19, 2, 18]]"
12n_0340_78,"[[1, 19, 2, 18], [5, 21, 6, 20], [22, 13, 23, 14], [24, 15, 1, 16], [7, 3, 8, 2], [19, 5, 20, 4], [3, 7, 4, 6], [8, 12, 9, 11], [10, 18, 11, 17], [12, 21, 13, 22], [14, 23, 15, 24], [16, 10, 17, 9]]"
12n_0340_79,"[[16, 10, 17, 9], [1, 19, 2, 18], [5, 21, 6, 20], [22, 13, 23, 14], [24, 15, 1, 16], [7, 3, 8, 2], [19, 5, 20, 4], [3, 7, 4, 6], [8, 12, 9, 11], [10, 18, 11, 17], [12, 21, 13, 22], [14, 23, 15, 24]]"
12n_0340_80,"[[14, 23, 15, 24], [16, 10, 17, 9], [1, 19, 2, 18], [5, 21, 6, 20], [22, 13, 23, 14], [24, 15, 1, 16], [7, 3, 8, 2], [19, 5, 20, 4], [3, 7, 4, 6], [8, 12, 9, 11], [10, 18, 11, 17], [12, 21, 13, 22]]"
12n_0340_81,"[[12, 21, 13, 22], [14, 23, 15, 24], [16, 10, 17, 9], [1, 19, 2, 18], [5, 21, 6, 20], [22, 13, 23, 14], [24, 15, 1, 16], [7, 3, 8, 2], [19, 5, 20, 4], [3, 7, 4, 6], [8, 12, 9, 11], [10, 18, 11, 17]]"
12n_0340_82,"[[10, 18, 11, 17], [12, 21, 13, 22], [14, 23, 15, 24], [16, 10, 17, 9], [1, 19, 2, 18], [5, 21, 6, 20], [22, 13, 23, 14], [24, 15, 1, 16], [7, 3, 8, 2], [19, 5, 20, 4], [3, 7, 4, 6], [8, 12, 9, 11]]"
12n_0340_83,"[[8, 12, 9, 11], [10, 18, 11, 17], [12, 21, 13, 22], [14, 23, 15, 24], [16, 10, 17, 9], [1, 19, 2, 18], [5, 21, 6, 20], [22, 13, 23, 14], [24, 15, 1, 16], [7, 3, 8, 2], [19, 5, 20, 4], [3, 7, 4, 6]]"
12n_0340_84,"[[4, 8, 5, 7], [9, 13, 10, 12], [11, 19, 12, 18], [13, 22, 14, 23], [15, 24, 16, 1], [17, 11, 18, 10], [2, 20, 3, 19], [6, 22, 7, 21], [23, 14, 24, 15], [1, 16, 2, 17], [8, 4, 9, 3], [20, 6, 21, 5]]"
12n_0340_85,"[[20, 6, 21, 5], [4, 8, 5, 7], [9, 13, 10, 12], [11, 19, 12, 18], [13, 22, 14, 23], [15, 24, 16, 1], [17, 11, 18, 10], [2, 20, 3, 19], [6, 22, 7, 21], [23, 14, 24, 15], [1, 16, 2, 17], [8, 4, 9, 3]]"
12n_0340_86,"[[8, 4, 9, 3], [20, 6, 21, 5], [4, 8, 5, 7], [9, 13, 10, 12], [11, 19, 12, 18], [13, 22, 14, 23], [15, 24, 16, 1], [17, 11, 18, 10], [2, 20, 3, 19], [6, 22, 7, 21], [23, 14, 24, 15], [1, 16, 2, 17]]"
12n_0340_87,"[[1, 16, 2, 17], [8, 4, 9, 3], [20, 6, 21, 5], [4, 8, 5, 7], [9, 13, 10, 12], [11, 19, 12, 18], [13, 22, 14, 23], [15, 24, 16, 1], [17, 11, 18, 10], [2, 20, 3, 19], [6, 22, 7, 21], [23, 14, 24, 15]]"
12n_0340_88,"[[23, 14, 24, 15], [1, 16, 2, 17], [8, 4, 9, 3], [20, 6, 21, 5], [4, 8, 5, 7], [9, 13, 10, 12], [11, 19, 12, 18], [13, 22, 14, 23], [15, 24, 16, 1], [17, 11, 18, 10], [2, 20, 3, 19], [6, 22, 7, 21]]"
12n_0340_89,"[[6, 22, 7, 21], [23, 14, 24, 15], [1, 16, 2, 17], [8, 4, 9, 3], [20, 6, 21, 5], [4, 8, 5, 7], [9, 13, 10, 12], [11, 19, 12, 18], [13, 22, 14, 23], [15, 24, 16, 1], [17, 11, 18, 10], [2, 20, 3, 19]]"
12n_0340_90,"[[2, 20, 3, 19], [6, 22, 7, 21], [23, 14, 24, 15], [1, 16, 2, 17], [8, 4, 9, 3], [20, 6, 21, 5], [4, 8, 5, 7], [9, 13, 10, 12], [11, 19, 12, 18], [13, 22, 14, 23], [15, 24, 16, 1], [17, 11, 18, 10]]"
12n_0340_91,"[[17, 11, 18, 10], [2, 20, 3, 19], [6, 22, 7, 21], [23, 14, 24, 15], [1, 16, 2, 17], [8, 4, 9, 3], [20, 6, 21, 5], [4, 8, 5, 7], [9, 13, 10, 12], [11, 19, 12, 18], [13, 22, 14, 23], [15, 24, 16, 1]]"
12n_0340_92,"[[15, 24, 16, 1], [17, 11, 18, 10], [2, 20, 3, 19], [6, 22, 7, 21], [23, 14, 24, 15], [1, 16, 2, 17], [8, 4, 9, 3], [20, 6, 21, 5], [4, 8, 5, 7], [9, 13, 10, 12], [11, 19, 12, 18], [13, 22, 14, 23]]"
12n_0340_93,"[[13, 22, 14, 23], [15, 24, 16, 1], [17, 11, 18, 10], [2, 20, 3, 19], [6, 22, 7, 21], [23, 14, 24, 15], [1, 16, 2, 17], [8, 4, 9, 3], [20, 6, 21, 5], [4, 8, 5, 7], [9, 13, 10, 12], [11, 19, 12, 18]]"
12n_0340_94,"[[11, 19, 12, 18], [13, 22, 14, 23], [15, 24, 16, 1], [17, 11, 18, 10], [2, 20, 3, 19], [6, 22, 7, 21], [23, 14, 24, 15], [1, 16, 2, 17], [8, 4, 9, 3], [20, 6, 21, 5], [4, 8, 5, 7], [9, 13, 10, 12]]"
12n_0340_95,"[[9, 13, 10, 12], [11, 19, 12, 18], [13, 22, 14, 23], [15, 24, 16, 1], [17, 11, 18, 10], [2, 20, 3, 19], [6, 22, 7, 21], [23, 14, 24, 15], [1, 16, 2, 17], [8, 4, 9, 3], [20, 6, 21, 5], [4, 8, 5, 7]]"
12n_0340_96,"[[5, 9, 6, 8], [10, 14, 11, 13], [12, 20, 13, 19], [14, 23, 15, 24], [16, 1, 17, 2], [18, 12, 19, 11], [3, 21, 4, 20], [7, 23, 8, 22], [24, 15, 1, 16], [2, 17, 3, 18], [9, 5, 10, 4], [21, 7, 22, 6]]"
12n_0340_97,"[[21, 7, 22, 6], [5, 9, 6, 8], [10, 14, 11, 13], [12, 20, 13, 19], [14, 23, 15, 24], [16, 1, 17, 2], [18, 12, 19, 11], [3, 21, 4, 20], [7, 23, 8, 22], [24, 15, 1, 16], [2, 17, 3, 18], [9, 5, 10, 4]]"
12n_0340_98,"[[9, 5, 10, 4], [21, 7, 22, 6], [5, 9, 6, 8], [10, 14, 11, 13], [12, 20, 13, 19], [14, 23, 15, 24], [16, 1, 17, 2], [18, 12, 19, 11], [3, 21, 4, 20], [7, 23, 8, 22], [24, 15, 1, 16], [2, 17, 3, 18]]"
12n_0340_99,"[[2, 17, 3, 18], [9, 5, 10, 4], [21, 7, 22, 6], [5, 9, 6, 8], [10, 14, 11, 13], [12, 20, 13, 19], [14, 23, 15, 24], [16, 1, 17, 2], [18, 12, 19, 11], [3, 21, 4, 20], [7, 23, 8, 22], [24, 15, 1, 16]]"
12n_0340_100,"[[24, 15, 1, 16], [2, 17, 3, 18], [9, 5, 10, 4], [21, 7, 22, 6], [5, 9, 6, 8], [10, 14, 11, 13], [12, 20, 13, 19], [14, 23, 15, 24], [16, 1, 17, 2], [18, 12, 19, 11], [3, 21, 4, 20], [7, 23, 8, 22]]"
12n_0340_101,"[[7, 23, 8, 22], [24, 15, 1, 16], [2, 17, 3, 18], [9, 5, 10, 4], [21, 7, 22, 6], [5, 9, 6, 8], [10, 14, 11, 13], [12, 20, 13, 19], [14, 23, 15, 24], [16, 1, 17, 2], [18, 12, 19, 11], [3, 21, 4, 20]]"
12n_0340_102,"[[3, 21, 4, 20], [7, 23, 8, 22], [24, 15, 1, 16], [2, 17, 3, 18], [9, 5, 10, 4], [21, 7, 22, 6], [5, 9, 6, 8], [10, 14, 11, 13], [12, 20, 13, 19], [14, 23, 15, 24], [16, 1, 17, 2], [18, 12, 19, 11]]"
12n_0340_103,"[[18, 12, 19, 11], [3, 21, 4, 20], [7, 23, 8, 22], [24, 15, 1, 16], [2, 17, 3, 18], [9, 5, 10, 4], [21, 7, 22, 6], [5, 9, 6, 8], [10, 14, 11, 13], [12, 20, 13, 19], [14, 23, 15, 24], [16, 1, 17, 2]]"
12n_0340_104,"[[16, 1, 17, 2], [18, 12, 19, 11], [3, 21, 4, 20], [7, 23, 8, 22], [24, 15, 1, 16], [2, 17, 3, 18], [9, 5, 10, 4], [21, 7, 22, 6], [5, 9, 6, 8], [10, 14, 11, 13], [12, 20, 13, 19], [14, 23, 15, 24]]"
12n_0340_105,"[[14, 23, 15, 24], [16, 1, 17, 2], [18, 12, 19, 11], [3, 21, 4, 20], [7, 23, 8, 22], [24, 15, 1, 16], [2, 17, 3, 18], [9, 5, 10, 4], [21, 7, 22, 6], [5, 9, 6, 8], [10, 14, 11, 13], [12, 20, 13, 19]]"
12n_0340_106,"[[12, 20, 13, 19], [14, 23, 15, 24], [16, 1, 17, 2], [18, 12, 19, 11], [3, 21, 4, 20], [7, 23, 8, 22], [24, 15, 1, 16], [2, 17, 3, 18], [9, 5, 10, 4], [21, 7, 22, 6], [5, 9, 6, 8], [10, 14, 11, 13]]"
12n_0340_107,"[[10, 14, 11, 13], [12, 20, 13, 19], [14, 23, 15, 24], [16, 1, 17, 2], [18, 12, 19, 11], [3, 21, 4, 20], [7, 23, 8, 22], [24, 15, 1, 16], [2, 17, 3, 18], [9, 5, 10, 4], [21, 7, 22, 6], [5, 9, 6, 8]]"
12n_0340_108,"[[6, 10, 7, 9], [11, 15, 12, 14], [13, 21, 14, 20], [15, 24, 16, 1], [17, 2, 18, 3], [19, 13, 20, 12], [4, 22, 5, 21], [8, 24, 9, 23], [1, 16, 2, 17], [3, 18, 4, 19], [10, 6, 11, 5], [22, 8, 23, 7]]"
12n_0340_109,"[[22, 8, 23, 7], [6, 10, 7, 9], [11, 15, 12, 14], [13, 21, 14, 20], [15, 24, 16, 1], [17, 2, 18, 3], [19, 13, 20, 12], [4, 22, 5, 21], [8, 24, 9, 23], [1, 16, 2, 17], [3, 18, 4, 19], [10, 6, 11, 5]]"
12n_0340_110,"[[10, 6, 11, 5], [22, 8, 23, 7], [6, 10, 7, 9], [11, 15, 12, 14], [13, 21, 14, 20], [15, 24, 16, 1], [17, 2, 18, 3], [19, 13, 20, 12], [4, 22, 5, 21], [8, 24, 9, 23], [1, 16, 2, 17], [3, 18, 4, 19]]"
12n_0340_111,"[[3, 18, 4, 19], [10, 6, 11, 5], [22, 8, 23, 7], [6, 10, 7, 9], [11, 15, 12, 14], [13, 21, 14, 20], [15, 24, 16, 1], [17, 2, 18, 3], [19, 13, 20, 12], [4, 22, 5, 21], [8, 24, 9, 23], [1, 16, 2, 17]]"
12n_0340_112,"[[1, 16, 2, 17], [3, 18, 4, 19], [10, 6, 11, 5], [22, 8, 23, 7], [6, 10, 7, 9], [11, 15, 12, 14], [13, 21, 14, 20], [15, 24, 16, 1], [17, 2, 18, 3], [19, 13, 20, 12], [4, 22, 5, 21], [8, 24, 9, 23]]"
12n_0340_113,"[[8, 24, 9, 23], [1, 16, 2, 17], [3, 18, 4, 19], [10, 6, 11, 5], [22, 8, 23, 7], [6, 10, 7, 9], [11, 15, 12, 14], [13, 21, 14, 20], [15, 24, 16, 1], [17, 2, 18, 3], [19, 13, 20, 12], [4, 22, 5, 21]]"
12n_0340_114,"[[4, 22, 5, 21], [8, 24, 9, 23], [1, 16, 2, 17], [3, 18, 4, 19], [10, 6, 11, 5], [22, 8, 23, 7], [6, 10, 7, 9], [11, 15, 12, 14], [13, 21, 14, 20], [15, 24, 16, 1], [17, 2, 18, 3], [19, 13, 20, 12]]"
12n_0340_115,"[[19, 13, 20, 12], [4, 22, 5, 21], [8, 24, 9, 23], [1, 16, 2, 17], [3, 18, 4, 19], [10, 6, 11, 5], [22, 8, 23, 7], [6, 10, 7, 9], [11, 15, 12, 14], [13, 21, 14, 20], [15, 24, 16, 1], [17, 2, 18, 3]]"
12n_0340_116,"[[17, 2, 18, 3], [19, 13, 20, 12], [4, 22, 5, 21], [8, 24, 9, 23], [1, 16, 2, 17], [3, 18, 4, 19], [10, 6, 11, 5], [22, 8, 23, 7], [6, 10, 7, 9], [11, 15, 12, 14], [13, 21, 14, 20], [15, 24, 16, 1]]"
12n_0340_117,"[[15, 24, 16, 1], [17, 2, 18, 3], [19, 13, 20, 12], [4, 22, 5, 21], [8, 24, 9, 23], [1, 16, 2, 17], [3, 18, 4, 19], [10, 6, 11, 5], [22, 8, 23, 7], [6, 10, 7, 9], [11, 15, 12, 14], [13, 21, 14, 20]]"
12n_0340_118,"[[13, 21, 14, 20], [15, 24, 16, 1], [17, 2, 18, 3], [19, 13, 20, 12], [4, 22, 5, 21], [8, 24, 9, 23], [1, 16, 2, 17], [3, 18, 4, 19], [10, 6, 11, 5], [22, 8, 23, 7], [6, 10, 7, 9], [11, 15, 12, 14]]"
12n_0340_119,"[[11, 15, 12, 14], [13, 21, 14, 20], [15, 24, 16, 1], [17, 2, 18, 3], [19, 13, 20, 12], [4, 22, 5, 21], [8, 24, 9, 23], [1, 16, 2, 17], [3, 18, 4, 19], [10, 6, 11, 5], [22, 8, 23, 7], [6, 10, 7, 9]]"
12n_0340_120,"[[7, 11, 8, 10], [12, 16, 13, 15], [14, 22, 15, 21], [16, 1, 17, 2], [18, 3, 19, 4], [20, 14, 21, 13], [5, 23, 6, 22], [9, 1, 10, 24], [2, 17, 3, 18], [4, 19, 5, 20], [11, 7, 12, 6], [23, 9, 24, 8]]"
12n_0340_121,"[[23, 9, 24, 8], [7, 11, 8, 10], [12, 16, 13, 15], [14, 22, 15, 21], [16, 1, 17, 2], [18, 3, 19, 4], [20, 14, 21, 13], [5, 23, 6, 22], [9, 1, 10, 24], [2, 17, 3, 18], [4, 19, 5, 20], [11, 7, 12, 6]]"
12n_0340_122,"[[11, 7, 12, 6], [23, 9, 24, 8], [7, 11, 8, 10], [12, 16, 13, 15], [14, 22, 15, 21], [16, 1, 17, 2], [18, 3, 19, 4], [20, 14, 21, 13], [5, 23, 6, 22], [9, 1, 10, 24], [2, 17, 3, 18], [4, 19, 5, 20]]"
12n_0340_123,"[[4, 19, 5, 20], [11, 7, 12, 6], [23, 9, 24, 8], [7, 11, 8, 10], [12, 16, 13, 15], [14, 22, 15, 21], [16, 1, 17, 2], [18, 3, 19, 4], [20, 14, 21, 13], [5, 23, 6, 22], [9, 1, 10, 24], [2, 17, 3, 18]]"
12n_0340_124,"[[2, 17, 3, 18], [4, 19, 5, 20], [11, 7, 12, 6], [23, 9, 24, 8], [7, 11, 8, 10], [12, 16, 13, 15], [14, 22, 15, 21], [16, 1, 17, 2], [18, 3, 19, 4], [20, 14, 21, 13], [5, 23, 6, 22], [9, 1, 10, 24]]"
12n_0340_125,"[[9, 1, 10, 24], [2, 17, 3, 18], [4, 19, 5, 20], [11, 7, 12, 6], [23, 9, 24, 8], [7, 11, 8, 10], [12, 16, 13, 15], [14, 22, 15, 21], [16, 1, 17, 2], [18, 3, 19, 4], [20, 14, 21, 13], [5, 23, 6, 22]]"
12n_0340_126,"[[5, 23, 6, 22], [9, 1, 10, 24], [2, 17, 3, 18], [4, 19, 5, 20], [11, 7, 12, 6], [23, 9, 24, 8], [7, 11, 8, 10], [12, 16, 13, 15], [14, 22, 15, 21], [16, 1, 17, 2], [18, 3, 19, 4], [20, 14, 21, 13]]"
12n_0340_127,"[[20, 14, 21, 13], [5, 23, 6, 22], [9, 1, 10, 24], [2, 17, 3, 18], [4, 19, 5, 20], [11, 7, 12, 6], [23, 9, 24, 8], [7, 11, 8, 10], [12, 16, 13, 15], [14, 22, 15, 21], [16, 1, 17, 2], [18, 3, 19, 4]]"
12n_0340_128,"[[18, 3, 19, 4], [20, 14, 21, 13], [5, 23, 6, 22], [9, 1, 10, 24], [2, 17, 3, 18], [4, 19, 5, 20], [11, 7, 12, 6], [23, 9, 24, 8], [7, 11, 8, 10], [12, 16, 13, 15], [14, 22, 15, 21], [16, 1, 17, 2]]"
12n_0340_129,"[[16, 1, 17, 2], [18, 3, 19, 4], [20, 14, 21, 13], [5, 23, 6, 22], [9, 1, 10, 24], [2, 17, 3, 18], [4, 19, 5, 20], [11, 7, 12, 6], [23, 9, 24, 8], [7, 11, 8, 10], [12, 16, 13, 15], [14, 22, 15, 21]]"
12n_0340_130,"[[14, 22, 15, 21], [16, 1, 17, 2], [18, 3, 19, 4], [20, 14, 21, 13], [5, 23, 6, 22], [9, 1, 10, 24], [2, 17, 3, 18], [4, 19, 5, 20], [11, 7, 12, 6], [23, 9, 24, 8], [7, 11, 8, 10], [12, 16, 13, 15]]"
12n_0340_131,"[[12, 16, 13, 15], [14, 22, 15, 21], [16, 1, 17, 2], [18, 3, 19, 4], [20, 14, 21, 13], [5, 23, 6, 22], [9, 1, 10, 24], [2, 17, 3, 18], [4, 19, 5, 20], [11, 7, 12, 6], [23, 9, 24, 8], [7, 11, 8, 10]]"
12n_0340_132,"[[8, 12, 9, 11], [13, 17, 14, 16], [15, 23, 16, 22], [17, 2, 18, 3], [19, 4, 20, 5], [21, 15, 22, 14], [6, 24, 7, 23], [10, 2, 11, 1], [3, 18, 4, 19], [5, 20, 6, 21], [12, 8, 13, 7], [24, 10, 1, 9]]"
12n_0340_133,"[[24, 10, 1, 9], [8, 12, 9, 11], [13, 17, 14, 16], [15, 23, 16, 22], [17, 2, 18, 3], [19, 4, 20, 5], [21, 15, 22, 14], [6, 24, 7, 23], [10, 2, 11, 1], [3, 18, 4, 19], [5, 20, 6, 21], [12, 8, 13, 7]]"
12n_0340_134,"[[12, 8, 13, 7], [24, 10, 1, 9], [8, 12, 9, 11], [13, 17, 14, 16], [15, 23, 16, 22], [17, 2, 18, 3], [19, 4, 20, 5], [21, 15, 22, 14], [6, 24, 7, 23], [10, 2, 11, 1], [3, 18, 4, 19], [5, 20, 6, 21]]"
12n_0340_135,"[[5, 20, 6, 21], [12, 8, 13, 7], [24, 10, 1, 9], [8, 12, 9, 11], [13, 17, 14, 16], [15, 23, 16, 22], [17, 2, 18, 3], [19, 4, 20, 5], [21, 15, 22, 14], [6, 24, 7, 23], [10, 2, 11, 1], [3, 18, 4, 19]]"
12n_0340_136,"[[3, 18, 4, 19], [5, 20, 6, 21], [12, 8, 13, 7], [24, 10, 1, 9], [8, 12, 9, 11], [13, 17, 14, 16], [15, 23, 16, 22], [17, 2, 18, 3], [19, 4, 20, 5], [21, 15, 22, 14], [6, 24, 7, 23], [10, 2, 11, 1]]"
12n_0340_137,"[[10, 2, 11, 1], [3, 18, 4, 19], [5, 20, 6, 21], [12, 8, 13, 7], [24, 10, 1, 9], [8, 12, 9, 11], [13, 17, 14, 16], [15, 23, 16, 22], [17, 2, 18, 3], [19, 4, 20, 5], [21, 15, 22, 14], [6, 24, 7, 23]]"
12n_0340_138,"[[6, 24, 7, 23], [10, 2, 11, 1], [3, 18, 4, 19], [5, 20, 6, 21], [12, 8, 13, 7], [24, 10, 1, 9], [8, 12, 9, 11], [13, 17, 14, 16], [15, 23, 16, 22], [17, 2, 18, 3], [19, 4, 20, 5], [21, 15, 22, 14]]"
12n_0340_139,"[[21, 15, 22, 14], [6, 24, 7, 23], [10, 2, 11, 1], [3, 18, 4, 19], [5, 20, 6, 21], [12, 8, 13, 7], [24, 10, 1, 9], [8, 12, 9, 11], [13, 17, 14, 16], [15, 23, 16, 22], [17, 2, 18, 3], [19, 4, 20, 5]]"
12n_0340_140,"[[19, 4, 20, 5], [21, 15, 22, 14], [6, 24, 7, 23], [10, 2, 11, 1], [3, 18, 4, 19], [5, 20, 6, 21], [12, 8, 13, 7], [24, 10, 1, 9], [8, 12, 9, 11], [13, 17, 14, 16], [15, 23, 16, 22], [17, 2, 18, 3]]"
12n_0340_141,"[[17, 2, 18, 3], [19, 4, 20, 5], [21, 15, 22, 14], [6, 24, 7, 23], [10, 2, 11, 1], [3, 18, 4, 19], [5, 20, 6, 21], [12, 8, 13, 7], [24, 10, 1, 9], [8, 12, 9, 11], [13, 17, 14, 16], [15, 23, 16, 22]]"
12n_0340_142,"[[15, 23, 16, 22], [17, 2, 18, 3], [19, 4, 20, 5], [21, 15, 22, 14], [6, 24, 7, 23], [10, 2, 11, 1], [3, 18, 4, 19], [5, 20, 6, 21], [12, 8, 13, 7], [24, 10, 1, 9], [8, 12, 9, 11], [13, 17, 14, 16]]"
12n_0340_143,"[[13, 17, 14, 16], [15, 23, 16, 22], [17, 2, 18, 3], [19, 4, 20, 5], [21, 15, 22, 14], [6, 24, 7, 23], [10, 2, 11, 1], [3, 18, 4, 19], [5, 20, 6, 21], [12, 8, 13, 7], [24, 10, 1, 9], [8, 12, 9, 11]]"
12n_0340_144,"[[9, 13, 10, 12], [14, 18, 15, 17], [16, 24, 17, 23], [18, 3, 19, 4], [20, 5, 21, 6], [22, 16, 23, 15], [7, 1, 8, 24], [11, 3, 12, 2], [4, 19, 5, 20], [6, 21, 7, 22], [13, 9, 14, 8], [1, 11, 2, 10]]"
12n_0340_145,"[[1, 11, 2, 10], [9, 13, 10, 12], [14, 18, 15, 17], [16, 24, 17, 23], [18, 3, 19, 4], [20, 5, 21, 6], [22, 16, 23, 15], [7, 1, 8, 24], [11, 3, 12, 2], [4, 19, 5, 20], [6, 21, 7, 22], [13, 9, 14, 8]]"
12n_0340_146,"[[13, 9, 14, 8], [1, 11, 2, 10], [9, 13, 10, 12], [14, 18, 15, 17], [16, 24, 17, 23], [18, 3, 19, 4], [20, 5, 21, 6], [22, 16, 23, 15], [7, 1, 8, 24], [11, 3, 12, 2], [4, 19, 5, 20], [6, 21, 7, 22]]"
12n_0340_147,"[[6, 21, 7, 22], [13, 9, 14, 8], [1, 11, 2, 10], [9, 13, 10, 12], [14, 18, 15, 17], [16, 24, 17, 23], [18, 3, 19, 4], [20, 5, 21, 6], [22, 16, 23, 15], [7, 1, 8, 24], [11, 3, 12, 2], [4, 19, 5, 20]]"
12n_0340_148,"[[4, 19, 5, 20], [6, 21, 7, 22], [13, 9, 14, 8], [1, 11, 2, 10], [9, 13, 10, 12], [14, 18, 15, 17], [16, 24, 17, 23], [18, 3, 19, 4], [20, 5, 21, 6], [22, 16, 23, 15], [7, 1, 8, 24], [11, 3, 12, 2]]"
12n_0340_149,"[[11, 3, 12, 2], [4, 19, 5, 20], [6, 21, 7, 22], [13, 9, 14, 8], [1, 11, 2, 10], [9, 13, 10, 12], [14, 18, 15, 17], [16, 24, 17, 23], [18, 3, 19, 4], [20, 5, 21, 6], [22, 16, 23, 15], [7, 1, 8, 24]]"
12n_0340_150,"[[7, 1, 8, 24], [11, 3, 12, 2], [4, 19, 5, 20], [6, 21, 7, 22], [13, 9, 14, 8], [1, 11, 2, 10], [9, 13, 10, 12], [14, 18, 15, 17], [16, 24, 17, 23], [18, 3, 19, 4], [20, 5, 21, 6], [22, 16, 23, 15]]"
12n_0340_151,"[[22, 16, 23, 15], [7, 1, 8, 24], [11, 3, 12, 2], [4, 19, 5, 20], [6, 21, 7, 22], [13, 9, 14, 8], [1, 11, 2, 10], [9, 13, 10, 12], [14, 18, 15, 17], [16, 24, 17, 23], [18, 3, 19, 4], [20, 5, 21, 6]]"
12n_0340_152,"[[20, 5, 21, 6], [22, 16, 23, 15], [7, 1, 8, 24], [11, 3, 12, 2], [4, 19, 5, 20], [6, 21, 7, 22], [13, 9, 14, 8], [1, 11, 2, 10], [9, 13, 10, 12], [14, 18, 15, 17], [16, 24, 17, 23], [18, 3, 19, 4]]"
12n_0340_153,"[[18, 3, 19, 4], [20, 5, 21, 6], [22, 16, 23, 15], [7, 1, 8, 24], [11, 3, 12, 2], [4, 19, 5, 20], [6, 21, 7, 22], [13, 9, 14, 8], [1, 11, 2, 10], [9, 13, 10, 12], [14, 18, 15, 17], [16, 24, 17, 23]]"
12n_0340_154,"[[16, 24, 17, 23], [18, 3, 19, 4], [20, 5, 21, 6], [22, 16, 23, 15], [7, 1, 8, 24], [11, 3, 12, 2], [4, 19, 5, 20], [6, 21, 7, 22], [13, 9, 14, 8], [1, 11, 2, 10], [9, 13, 10, 12], [14, 18, 15, 17]]"
12n_0340_155,"[[14, 18, 15, 17], [16, 24, 17, 23], [18, 3, 19, 4], [20, 5, 21, 6], [22, 16, 23, 15], [7, 1, 8, 24], [11, 3, 12, 2], [4, 19, 5, 20], [6, 21, 7, 22], [13, 9, 14, 8], [1, 11, 2, 10], [9, 13, 10, 12]]"
12n_0340_156,"[[10, 14, 11, 13], [15, 19, 16, 18], [17, 1, 18, 24], [19, 4, 20, 5], [21, 6, 22, 7], [23, 17, 24, 16], [8, 2, 9, 1], [12, 4, 13, 3], [5, 20, 6, 21], [7, 22, 8, 23], [14, 10, 15, 9], [2, 12, 3, 11]]"
12n_0340_157,"[[2, 12, 3, 11], [10, 14, 11, 13], [15, 19, 16, 18], [17, 1, 18, 24], [19, 4, 20, 5], [21, 6, 22, 7], [23, 17, 24, 16], [8, 2, 9, 1], [12, 4, 13, 3], [5, 20, 6, 21], [7, 22, 8, 23], [14, 10, 15, 9]]"
12n_0340_158,"[[14, 10, 15, 9], [2, 12, 3, 11], [10, 14, 11, 13], [15, 19, 16, 18], [17, 1, 18, 24], [19, 4, 20, 5], [21, 6, 22, 7], [23, 17, 24, 16], [8, 2, 9, 1], [12, 4, 13, 3], [5, 20, 6, 21], [7, 22, 8, 23]]"
12n_0340_159,"[[7, 22, 8, 23], [14, 10, 15, 9], [2, 12, 3, 11], [10, 14, 11, 13], [15, 19, 16, 18], [17, 1, 18, 24], [19, 4, 20, 5], [21, 6, 22, 7], [23, 17, 24, 16], [8, 2, 9, 1], [12, 4, 13, 3], [5, 20, 6, 21]]"
12n_0340_160,"[[5, 20, 6, 21], [7, 22, 8, 23], [14, 10, 15, 9], [2, 12, 3, 11], [10, 14, 11, 13], [15, 19, 16, 18], [17, 1, 18, 24], [19, 4, 20, 5], [21, 6, 22, 7], [23, 17, 24, 16], [8, 2, 9, 1], [12, 4, 13, 3]]"
12n_0340_161,"[[12, 4, 13, 3], [5, 20, 6, 21], [7, 22, 8, 23], [14, 10, 15, 9], [2, 12, 3, 11], [10, 14, 11, 13], [15, 19, 16, 18], [17, 1, 18, 24], [19, 4, 20, 5], [21, 6, 22, 7], [23, 17, 24, 16], [8, 2, 9, 1]]"
12n_0340_162,"[[8, 2, 9, 1], [12, 4, 13, 3], [5, 20, 6, 21], [7, 22, 8, 23], [14, 10, 15, 9], [2, 12, 3, 11], [10, 14, 11, 13], [15, 19, 16, 18], [17, 1, 18, 24], [19, 4, 20, 5], [21, 6, 22, 7], [23, 17, 24, 16]]"
12n_0340_163,"[[23, 17, 24, 16], [8, 2, 9, 1], [12, 4, 13, 3], [5, 20, 6, 21], [7, 22, 8, 23], [14, 10, 15, 9], [2, 12, 3, 11], [10, 14, 11, 13], [15, 19, 16, 18], [17, 1, 18, 24], [19, 4, 20, 5], [21, 6, 22, 7]]"
12n_0340_164,"[[21, 6, 22, 7], [23, 17, 24, 16], [8, 2, 9, 1], [12, 4, 13, 3], [5, 20, 6, 21], [7, 22, 8, 23], [14, 10, 15, 9], [2, 12, 3, 11], [10, 14, 11, 13], [15, 19, 16, 18], [17, 1, 18, 24], [19, 4, 20, 5]]"
12n_0340_165,"[[19, 4, 20, 5], [21, 6, 22, 7], [23, 17, 24, 16], [8, 2, 9, 1], [12, 4, 13, 3], [5, 20, 6, 21], [7, 22, 8, 23], [14, 10, 15, 9], [2, 12, 3, 11], [10, 14, 11, 13], [15, 19, 16, 18], [17, 1, 18, 24]]"
12n_0340_166,"[[17, 1, 18, 24], [19, 4, 20, 5], [21, 6, 22, 7], [23, 17, 24, 16], [8, 2, 9, 1], [12, 4, 13, 3], [5, 20, 6, 21], [7, 22, 8, 23], [14, 10, 15, 9], [2, 12, 3, 11], [10, 14, 11, 13], [15, 19, 16, 18]]"
12n_0340_167,"[[15, 19, 16, 18], [17, 1, 18, 24], [19, 4, 20, 5], [21, 6, 22, 7], [23, 17, 24, 16], [8, 2, 9, 1], [12, 4, 13, 3], [5, 20, 6, 21], [7, 22, 8, 23], [14, 10, 15, 9], [2, 12, 3, 11], [10, 14, 11, 13]]"
12n_0340_168,"[[11, 15, 12, 14], [16, 20, 17, 19], [18, 2, 19, 1], [20, 5, 21, 6], [22, 7, 23, 8], [24, 18, 1, 17], [9, 3, 10, 2], [13, 5, 14, 4], [6, 21, 7, 22], [8, 23, 9, 24], [15, 11, 16, 10], [3, 13, 4, 12]]"
12n_0340_169,"[[3, 13, 4, 12], [11, 15, 12, 14], [16, 20, 17, 19], [18, 2, 19, 1], [20, 5, 21, 6], [22, 7, 23, 8], [24, 18, 1, 17], [9, 3, 10, 2], [13, 5, 14, 4], [6, 21, 7, 22], [8, 23, 9, 24], [15, 11, 16, 10]]"
12n_0340_170,"[[15, 11, 16, 10], [3, 13, 4, 12], [11, 15, 12, 14], [16, 20, 17, 19], [18, 2, 19, 1], [20, 5, 21, 6], [22, 7, 23, 8], [24, 18, 1, 17], [9, 3, 10, 2], [13, 5, 14, 4], [6, 21, 7, 22], [8, 23, 9, 24]]"
12n_0340_171,"[[8, 23, 9, 24], [15, 11, 16, 10], [3, 13, 4, 12], [11, 15, 12, 14], [16, 20, 17, 19], [18, 2, 19, 1], [20, 5, 21, 6], [22, 7, 23, 8], [24, 18, 1, 17], [9, 3, 10, 2], [13, 5, 14, 4], [6, 21, 7, 22]]"
12n_0340_172,"[[6, 21, 7, 22], [8, 23, 9, 24], [15, 11, 16, 10], [3, 13, 4, 12], [11, 15, 12, 14], [16, 20, 17, 19], [18, 2, 19, 1], [20, 5, 21, 6], [22, 7, 23, 8], [24, 18, 1, 17], [9, 3, 10, 2], [13, 5, 14, 4]]"
12n_0340_173,"[[13, 5, 14, 4], [6, 21, 7, 22], [8, 23, 9, 24], [15, 11, 16, 10], [3, 13, 4, 12], [11, 15, 12, 14], [16, 20, 17, 19], [18, 2, 19, 1], [20, 5, 21, 6], [22, 7, 23, 8], [24, 18, 1, 17], [9, 3, 10, 2]]"
12n_0340_174,"[[9, 3, 10, 2], [13, 5, 14, 4], [6, 21, 7, 22], [8, 23, 9, 24], [15, 11, 16, 10], [3, 13, 4, 12], [11, 15, 12, 14], [16, 20, 17, 19], [18, 2, 19, 1], [20, 5, 21, 6], [22, 7, 23, 8], [24, 18, 1, 17]]"
12n_0340_175,"[[24, 18, 1, 17], [9, 3, 10, 2], [13, 5, 14, 4], [6, 21, 7, 22], [8, 23, 9, 24], [15, 11, 16, 10], [3, 13, 4, 12], [11, 15, 12, 14], [16, 20, 17, 19], [18, 2, 19, 1], [20, 5, 21, 6], [22, 7, 23, 8]]"
12n_0340_176,"[[22, 7, 23, 8], [24, 18, 1, 17], [9, 3, 10, 2], [13, 5, 14, 4], [6, 21, 7, 22], [8, 23, 9, 24], [15, 11, 16, 10], [3, 13, 4, 12], [11, 15, 12, 14], [16, 20, 17, 19], [18, 2, 19, 1], [20, 5, 21, 6]]"
12n_0340_177,"[[20, 5, 21, 6], [22, 7, 23, 8], [24, 18, 1, 17], [9, 3, 10, 2], [13, 5, 14, 4], [6, 21, 7, 22], [8, 23, 9, 24], [15, 11, 16, 10], [3, 13, 4, 12], [11, 15, 12, 14], [16, 20, 17, 19], [18, 2, 19, 1]]"
12n_0340_178,"[[18, 2, 19, 1], [20, 5, 21, 6], [22, 7, 23, 8], [24, 18, 1, 17], [9, 3, 10, 2], [13, 5, 14, 4], [6, 21, 7, 22], [8, 23, 9, 24], [15, 11, 16, 10], [3, 13, 4, 12], [11, 15, 12, 14], [16, 20, 17, 19]]"
12n_0340_179,"[[16, 20, 17, 19], [18, 2, 19, 1], [20, 5, 21, 6], [22, 7, 23, 8], [24, 18, 1, 17], [9, 3, 10, 2], [13, 5, 14, 4], [6, 21, 7, 22], [8, 23, 9, 24], [15, 11, 16, 10], [3, 13, 4, 12], [11, 15, 12, 14]]"
12n_0340_180,"[[12, 16, 13, 15], [17, 21, 18, 20], [19, 3, 20, 2], [21, 6, 22, 7], [23, 8, 24, 9], [1, 19, 2, 18], [10, 4, 11, 3], [14, 6, 15, 5], [7, 22, 8, 23], [9, 24, 10, 1], [16, 12, 17, 11], [4, 14, 5, 13]]"
12n_0340_181,"[[4, 14, 5, 13], [12, 16, 13, 15], [17, 21, 18, 20], [19, 3, 20, 2], [21, 6, 22, 7], [23, 8, 24, 9], [1, 19, 2, 18], [10, 4, 11, 3], [14, 6, 15, 5], [7, 22, 8, 23], [9, 24, 10, 1], [16, 12, 17, 11]]"
12n_0340_182,"[[16, 12, 17, 11], [4, 14, 5, 13], [12, 16, 13, 15], [17, 21, 18, 20], [19, 3, 20, 2], [21, 6, 22, 7], [23, 8, 24, 9], [1, 19, 2, 18], [10, 4, 11, 3], [14, 6, 15, 5], [7, 22, 8, 23], [9, 24, 10, 1]]"
12n_0340_183,"[[9, 24, 10, 1], [16, 12, 17, 11], [4, 14, 5, 13], [12, 16, 13, 15], [17, 21, 18, 20], [19, 3, 20, 2], [21, 6, 22, 7], [23, 8, 24, 9], [1, 19, 2, 18], [10, 4, 11, 3], [14, 6, 15, 5], [7, 22, 8, 23]]"
12n_0340_184,"[[7, 22, 8, 23], [9, 24, 10, 1], [16, 12, 17, 11], [4, 14, 5, 13], [12, 16, 13, 15], [17, 21, 18, 20], [19, 3, 20, 2], [21, 6, 22, 7], [23, 8, 24, 9], [1, 19, 2, 18], [10, 4, 11, 3], [14, 6, 15, 5]]"
12n_0340_185,"[[14, 6, 15, 5], [7, 22, 8, 23], [9, 24, 10, 1], [16, 12, 17, 11], [4, 14, 5, 13], [12, 16, 13, 15], [17, 21, 18, 20], [19, 3, 20, 2], [21, 6, 22, 7], [23, 8, 24, 9], [1, 19, 2, 18], [10, 4, 11, 3]]"
