name,pd_notation
12n_0477_0,"[[13, 1, 14, 24], [2, 6, 3, 5], [4, 12, 5, 11], [17, 7, 18, 6], [19, 9, 20, 8], [10, 4, 11, 3], [21, 13, 22, 12], [23, 15, 24, 14], [1, 17, 2, 16], [9, 19, 10, 18], [7, 21, 8, 20], [15, 23, 16, 22]]"
12n_0477_1,"[[15, 23, 16, 22], [13, 1, 14, 24], [2, 6, 3, 5], [4, 12, 5, 11], [17, 7, 18, 6], [19, 9, 20, 8], [10, 4, 11, 3], [21, 13, 22, 12], [23, 15, 24, 14], [1, 17, 2, 16], [9, 19, 10, 18], [7, 21, 8, 20]]"
12n_0477_2,"[[7, 21, 8, 20], [15, 23, 16, 22], [13, 1, 14, 24], [2, 6, 3, 5], [4, 12, 5, 11], [17, 7, 18, 6], [19, 9, 20, 8], [10, 4, 11, 3], [21, 13, 22, 12], [23, 15, 24, 14], [1, 17, 2, 16], [9, 19, 10, 18]]"
12n_0477_3,"[[9, 19, 10, 18], [7, 21, 8, 20], [15, 23, 16, 22], [13, 1, 14, 24], [2, 6, 3, 5], [4, 12, 5, 11], [17, 7, 18, 6], [19, 9, 20, 8], [10, 4, 11, 3], [21, 13, 22, 12], [23, 15, 24, 14], [1, 17, 2, 16]]"
12n_0477_4,"[[1, 17, 2, 16], [9, 19, 10, 18], [7, 21, 8, 20], [15, 23, 16, 22], [13, 1, 14, 24], [2, 6, 3, 5], [4, 12, 5, 11], [17, 7, 18, 6], [19, 9, 20, 8], [10, 4, 11, 3], [21, 13, 22, 12], [23, 15, 24, 14]]"
12n_0477_5,"[[23, 15, 24, 14], [1, 17, 2, 16], [9, 19, 10, 18], [7, 21, 8, 20], [15, 23, 16, 22], [13, 1, 14, 24], [2, 6, 3, 5], [4, 12, 5, 11], [17, 7, 18, 6], [19, 9, 20, 8], [10, 4, 11, 3], [21, 13, 22, 12]]"
12n_0477_6,"[[21, 13, 22, 12], [23, 15, 24, 14], [1, 17, 2, 16], [9, 19, 10, 18], [7, 21, 8, 20], [15, 23, 16, 22], [13, 1, 14, 24], [2, 6, 3, 5], [4, 12, 5, 11], [17, 7, 18, 6], [19, 9, 20, 8], [10, 4, 11, 3]]"
12n_0477_7,"[[10, 4, 11, 3], [21, 13, 22, 12], [23, 15, 24, 14], [1, 17, 2, 16], [9, 19, 10, 18], [7, 21, 8, 20], [15, 23, 16, 22], [13, 1, 14, 24], [2, 6, 3, 5], [4, 12, 5, 11], [17, 7, 18, 6], [19, 9, 20, 8]]"
12n_0477_8,"[[19, 9, 20, 8], [10, 4, 11, 3], [21, 13, 22, 12], [23, 15, 24, 14], [1, 17, 2, 16], [9, 19, 10, 18], [7, 21, 8, 20], [15, 23, 16, 22], [13, 1, 14, 24], [2, 6, 3, 5], [4, 12, 5, 11], [17, 7, 18, 6]]"
12n_0477_9,"[[17, 7, 18, 6], [19, 9, 20, 8], [10, 4, 11, 3], [21, 13, 22, 12], [23, 15, 24, 14], [1, 17, 2, 16], [9, 19, 10, 18], [7, 21, 8, 20], [15, 23, 16, 22], [13, 1, 14, 24], [2, 6, 3, 5], [4, 12, 5, 11]]"
12n_0477_10,"[[4, 12, 5, 11], [17, 7, 18, 6], [19, 9, 20, 8], [10, 4, 11, 3], [21, 13, 22, 12], [23, 15, 24, 14], [1, 17, 2, 16], [9, 19, 10, 18], [7, 21, 8, 20], [15, 23, 16, 22], [13, 1, 14, 24], [2, 6, 3, 5]]"
12n_0477_11,"[[2, 6, 3, 5], [4, 12, 5, 11], [17, 7, 18, 6], [19, 9, 20, 8], [10, 4, 11, 3], [21, 13, 22, 12], [23, 15, 24, 14], [1, 17, 2, 16], [9, 19, 10, 18], [7, 21, 8, 20], [15, 23, 16, 22], [13, 1, 14, 24]]"
12n_0477_12,"[[14, 2, 15, 1], [3, 7, 4, 6], [5, 13, 6, 12], [18, 8, 19, 7], [20, 10, 21, 9], [11, 5, 12, 4], [22, 14, 23, 13], [24, 16, 1, 15], [2, 18, 3, 17], [10, 20, 11, 19], [8, 22, 9, 21], [16, 24, 17, 23]]"
12n_0477_13,"[[16, 24, 17, 23], [14, 2, 15, 1], [3, 7, 4, 6], [5, 13, 6, 12], [18, 8, 19, 7], [20, 10, 21, 9], [11, 5, 12, 4], [22, 14, 23, 13], [24, 16, 1, 15], [2, 18, 3, 17], [10, 20, 11, 19], [8, 22, 9, 21]]"
12n_0477_14,"[[8, 22, 9, 21], [16, 24, 17, 23], [14, 2, 15, 1], [3, 7, 4, 6], [5, 13, 6, 12], [18, 8, 19, 7], [20, 10, 21, 9], [11, 5, 12, 4], [22, 14, 23, 13], [24, 16, 1, 15], [2, 18, 3, 17], [10, 20, 11, 19]]"
12n_0477_15,"[[10, 20, 11, 19], [8, 22, 9, 21], [16, 24, 17, 23], [14, 2, 15, 1], [3, 7, 4, 6], [5, 13, 6, 12], [18, 8, 19, 7], [20, 10, 21, 9], [11, 5, 12, 4], [22, 14, 23, 13], [24, 16, 1, 15], [2, 18, 3, 17]]"
12n_0477_16,"[[2, 18, 3, 17], [10, 20, 11, 19], [8, 22, 9, 21], [16, 24, 17, 23], [14, 2, 15, 1], [3, 7, 4, 6], [5, 13, 6, 12], [18, 8, 19, 7], [20, 10, 21, 9], [11, 5, 12, 4], [22, 14, 23, 13], [24, 16, 1, 15]]"
12n_0477_17,"[[24, 16, 1, 15], [2, 18, 3, 17], [10, 20, 11, 19], [8, 22, 9, 21], [16, 24, 17, 23], [14, 2, 15, 1], [3, 7, 4, 6], [5, 13, 6, 12], [18, 8, 19, 7], [20, 10, 21, 9], [11, 5, 12, 4], [22, 14, 23, 13]]"
12n_0477_18,"[[22, 14, 23, 13], [24, 16, 1, 15], [2, 18, 3, 17], [10, 20, 11, 19], [8, 22, 9, 21], [16, 24, 17, 23], [14, 2, 15, 1], [3, 7, 4, 6], [5, 13, 6, 12], [18, 8, 19, 7], [20, 10, 21, 9], [11, 5, 12, 4]]"
12n_0477_19,"[[11, 5, 12, 4], [22, 14, 23, 13], [24, 16, 1, 15], [2, 18, 3, 17], [10, 20, 11, 19], [8, 22, 9, 21], [16, 24, 17, 23], [14, 2, 15, 1], [3, 7, 4, 6], [5, 13, 6, 12], [18, 8, 19, 7], [20, 10, 21, 9]]"
12n_0477_20,"[[20, 10, 21, 9], [11, 5, 12, 4], [22, 14, 23, 13], [24, 16, 1, 15], [2, 18, 3, 17], [10, 20, 11, 19], [8, 22, 9, 21], [16, 24, 17, 23], [14, 2, 15, 1], [3, 7, 4, 6], [5, 13, 6, 12], [18, 8, 19, 7]]"
12n_0477_21,"[[18, 8, 19, 7], [20, 10, 21, 9], [11, 5, 12, 4], [22, 14, 23, 13], [24, 16, 1, 15], [2, 18, 3, 17], [10, 20, 11, 19], [8, 22, 9, 21], [16, 24, 17, 23], [14, 2, 15, 1], [3, 7, 4, 6], [5, 13, 6, 12]]"
12n_0477_22,"[[5, 13, 6, 12], [18, 8, 19, 7], [20, 10, 21, 9], [11, 5, 12, 4], [22, 14, 23, 13], [24, 16, 1, 15], [2, 18, 3, 17], [10, 20, 11, 19], [8, 22, 9, 21], [16, 24, 17, 23], [14, 2, 15, 1], [3, 7, 4, 6]]"
12n_0477_23,"[[3, 7, 4, 6], [5, 13, 6, 12], [18, 8, 19, 7], [20, 10, 21, 9], [11, 5, 12, 4], [22, 14, 23, 13], [24, 16, 1, 15], [2, 18, 3, 17], [10, 20, 11, 19], [8, 22, 9, 21], [16, 24, 17, 23], [14, 2, 15, 1]]"
12n_0477_24,"[[15, 3, 16, 2], [4, 8, 5, 7], [6, 14, 7, 13], [19, 9, 20, 8], [21, 11, 22, 10], [12, 6, 13, 5], [23, 15, 24, 14], [1, 17, 2, 16], [3, 19, 4, 18], [11, 21, 12, 20], [9, 23, 10, 22], [17, 1, 18, 24]]"
12n_0477_25,"[[17, 1, 18, 24], [15, 3, 16, 2], [4, 8, 5, 7], [6, 14, 7, 13], [19, 9, 20, 8], [21, 11, 22, 10], [12, 6, 13, 5], [23, 15, 24, 14], [1, 17, 2, 16], [3, 19, 4, 18], [11, 21, 12, 20], [9, 23, 10, 22]]"
12n_0477_26,"[[9, 23, 10, 22], [17, 1, 18, 24], [15, 3, 16, 2], [4, 8, 5, 7], [6, 14, 7, 13], [19, 9, 20, 8], [21, 11, 22, 10], [12, 6, 13, 5], [23, 15, 24, 14], [1, 17, 2, 16], [3, 19, 4, 18], [11, 21, 12, 20]]"
12n_0477_27,"[[11, 21, 12, 20], [9, 23, 10, 22], [17, 1, 18, 24], [15, 3, 16, 2], [4, 8, 5, 7], [6, 14, 7, 13], [19, 9, 20, 8], [21, 11, 22, 10], [12, 6, 13, 5], [23, 15, 24, 14], [1, 17, 2, 16], [3, 19, 4, 18]]"
12n_0477_28,"[[3, 19, 4, 18], [11, 21, 12, 20], [9, 23, 10, 22], [17, 1, 18, 24], [15, 3, 16, 2], [4, 8, 5, 7], [6, 14, 7, 13], [19, 9, 20, 8], [21, 11, 22, 10], [12, 6, 13, 5], [23, 15, 24, 14], [1, 17, 2, 16]]"
12n_0477_29,"[[1, 17, 2, 16], [3, 19, 4, 18], [11, 21, 12, 20], [9, 23, 10, 22], [17, 1, 18, 24], [15, 3, 16, 2], [4, 8, 5, 7], [6, 14, 7, 13], [19, 9, 20, 8], [21, 11, 22, 10], [12, 6, 13, 5], [23, 15, 24, 14]]"
12n_0477_30,"[[23, 15, 24, 14], [1, 17, 2, 16], [3, 19, 4, 18], [11, 21, 12, 20], [9, 23, 10, 22], [17, 1, 18, 24], [15, 3, 16, 2], [4, 8, 5, 7], [6, 14, 7, 13], [19, 9, 20, 8], [21, 11, 22, 10], [12, 6, 13, 5]]"
12n_0477_31,"[[12, 6, 13, 5], [23, 15, 24, 14], [1, 17, 2, 16], [3, 19, 4, 18], [11, 21, 12, 20], [9, 23, 10, 22], [17, 1, 18, 24], [15, 3, 16, 2], [4, 8, 5, 7], [6, 14, 7, 13], [19, 9, 20, 8], [21, 11, 22, 10]]"
12n_0477_32,"[[21, 11, 22, 10], [12, 6, 13, 5], [23, 15, 24, 14], [1, 17, 2, 16], [3, 19, 4, 18], [11, 21, 12, 20], [9, 23, 10, 22], [17, 1, 18, 24], [15, 3, 16, 2], [4, 8, 5, 7], [6, 14, 7, 13], [19, 9, 20, 8]]"
12n_0477_33,"[[19, 9, 20, 8], [21, 11, 22, 10], [12, 6, 13, 5], [23, 15, 24, 14], [1, 17, 2, 16], [3, 19, 4, 18], [11, 21, 12, 20], [9, 23, 10, 22], [17, 1, 18, 24], [15, 3, 16, 2], [4, 8, 5, 7], [6, 14, 7, 13]]"
12n_0477_34,"[[6, 14, 7, 13], [19, 9, 20, 8], [21, 11, 22, 10], [12, 6, 13, 5], [23, 15, 24, 14], [1, 17, 2, 16], [3, 19, 4, 18], [11, 21, 12, 20], [9, 23, 10, 22], [17, 1, 18, 24], [15, 3, 16, 2], [4, 8, 5, 7]]"
12n_0477_35,"[[4, 8, 5, 7], [6, 14, 7, 13], [19, 9, 20, 8], [21, 11, 22, 10], [12, 6, 13, 5], [23, 15, 24, 14], [1, 17, 2, 16], [3, 19, 4, 18], [11, 21, 12, 20], [9, 23, 10, 22], [17, 1, 18, 24], [15, 3, 16, 2]]"
12n_0477_36,"[[16, 4, 17, 3], [5, 9, 6, 8], [7, 15, 8, 14], [20, 10, 21, 9], [22, 12, 23, 11], [13, 7, 14, 6], [24, 16, 1, 15], [2, 18, 3, 17], [4, 20, 5, 19], [12, 22, 13, 21], [10, 24, 11, 23], [18, 2, 19, 1]]"
12n_0477_37,"[[18, 2, 19, 1], [16, 4, 17, 3], [5, 9, 6, 8], [7, 15, 8, 14], [20, 10, 21, 9], [22, 12, 23, 11], [13, 7, 14, 6], [24, 16, 1, 15], [2, 18, 3, 17], [4, 20, 5, 19], [12, 22, 13, 21], [10, 24, 11, 23]]"
12n_0477_38,"[[10, 24, 11, 23], [18, 2, 19, 1], [16, 4, 17, 3], [5, 9, 6, 8], [7, 15, 8, 14], [20, 10, 21, 9], [22, 12, 23, 11], [13, 7, 14, 6], [24, 16, 1, 15], [2, 18, 3, 17], [4, 20, 5, 19], [12, 22, 13, 21]]"
12n_0477_39,"[[12, 22, 13, 21], [10, 24, 11, 23], [18, 2, 19, 1], [16, 4, 17, 3], [5, 9, 6, 8], [7, 15, 8, 14], [20, 10, 21, 9], [22, 12, 23, 11], [13, 7, 14, 6], [24, 16, 1, 15], [2, 18, 3, 17], [4, 20, 5, 19]]"
12n_0477_40,"[[4, 20, 5, 19], [12, 22, 13, 21], [10, 24, 11, 23], [18, 2, 19, 1], [16, 4, 17, 3], [5, 9, 6, 8], [7, 15, 8, 14], [20, 10, 21, 9], [22, 12, 23, 11], [13, 7, 14, 6], [24, 16, 1, 15], [2, 18, 3, 17]]"
12n_0477_41,"[[2, 18, 3, 17], [4, 20, 5, 19], [12, 22, 13, 21], [10, 24, 11, 23], [18, 2, 19, 1], [16, 4, 17, 3], [5, 9, 6, 8], [7, 15, 8, 14], [20, 10, 21, 9], [22, 12, 23, 11], [13, 7, 14, 6], [24, 16, 1, 15]]"
12n_0477_42,"[[24, 16, 1, 15], [2, 18, 3, 17], [4, 20, 5, 19], [12, 22, 13, 21], [10, 24, 11, 23], [18, 2, 19, 1], [16, 4, 17, 3], [5, 9, 6, 8], [7, 15, 8, 14], [20, 10, 21, 9], [22, 12, 23, 11], [13, 7, 14, 6]]"
12n_0477_43,"[[13, 7, 14, 6], [24, 16, 1, 15], [2, 18, 3, 17], [4, 20, 5, 19], [12, 22, 13, 21], [10, 24, 11, 23], [18, 2, 19, 1], [16, 4, 17, 3], [5, 9, 6, 8], [7, 15, 8, 14], [20, 10, 21, 9], [22, 12, 23, 11]]"
12n_0477_44,"[[22, 12, 23, 11], [13, 7, 14, 6], [24, 16, 1, 15], [2, 18, 3, 17], [4, 20, 5, 19], [12, 22, 13, 21], [10, 24, 11, 23], [18, 2, 19, 1], [16, 4, 17, 3], [5, 9, 6, 8], [7, 15, 8, 14], [20, 10, 21, 9]]"
12n_0477_45,"[[20, 10, 21, 9], [22, 12, 23, 11], [13, 7, 14, 6], [24, 16, 1, 15], [2, 18, 3, 17], [4, 20, 5, 19], [12, 22, 13, 21], [10, 24, 11, 23], [18, 2, 19, 1], [16, 4, 17, 3], [5, 9, 6, 8], [7, 15, 8, 14]]"
12n_0477_46,"[[7, 15, 8, 14], [20, 10, 21, 9], [22, 12, 23, 11], [13, 7, 14, 6], [24, 16, 1, 15], [2, 18, 3, 17], [4, 20, 5, 19], [12, 22, 13, 21], [10, 24, 11, 23], [18, 2, 19, 1], [16, 4, 17, 3], [5, 9, 6, 8]]"
12n_0477_47,"[[5, 9, 6, 8], [7, 15, 8, 14], [20, 10, 21, 9], [22, 12, 23, 11], [13, 7, 14, 6], [24, 16, 1, 15], [2, 18, 3, 17], [4, 20, 5, 19], [12, 22, 13, 21], [10, 24, 11, 23], [18, 2, 19, 1], [16, 4, 17, 3]]"
12n_0477_48,"[[17, 5, 18, 4], [6, 10, 7, 9], [8, 16, 9, 15], [21, 11, 22, 10], [23, 13, 24, 12], [14, 8, 15, 7], [1, 17, 2, 16], [3, 19, 4, 18], [5, 21, 6, 20], [13, 23, 14, 22], [11, 1, 12, 24], [19, 3, 20, 2]]"
12n_0477_49,"[[19, 3, 20, 2], [17, 5, 18, 4], [6, 10, 7, 9], [8, 16, 9, 15], [21, 11, 22, 10], [23, 13, 24, 12], [14, 8, 15, 7], [1, 17, 2, 16], [3, 19, 4, 18], [5, 21, 6, 20], [13, 23, 14, 22], [11, 1, 12, 24]]"
12n_0477_50,"[[11, 1, 12, 24], [19, 3, 20, 2], [17, 5, 18, 4], [6, 10, 7, 9], [8, 16, 9, 15], [21, 11, 22, 10], [23, 13, 24, 12], [14, 8, 15, 7], [1, 17, 2, 16], [3, 19, 4, 18], [5, 21, 6, 20], [13, 23, 14, 22]]"
12n_0477_51,"[[13, 23, 14, 22], [11, 1, 12, 24], [19, 3, 20, 2], [17, 5, 18, 4], [6, 10, 7, 9], [8, 16, 9, 15], [21, 11, 22, 10], [23, 13, 24, 12], [14, 8, 15, 7], [1, 17, 2, 16], [3, 19, 4, 18], [5, 21, 6, 20]]"
12n_0477_52,"[[5, 21, 6, 20], [13, 23, 14, 22], [11, 1, 12, 24], [19, 3, 20, 2], [17, 5, 18, 4], [6, 10, 7, 9], [8, 16, 9, 15], [21, 11, 22, 10], [23, 13, 24, 12], [14, 8, 15, 7], [1, 17, 2, 16], [3, 19, 4, 18]]"
12n_0477_53,"[[3, 19, 4, 18], [5, 21, 6, 20], [13, 23, 14, 22], [11, 1, 12, 24], [19, 3, 20, 2], [17, 5, 18, 4], [6, 10, 7, 9], [8, 16, 9, 15], [21, 11, 22, 10], [23, 13, 24, 12], [14, 8, 15, 7], [1, 17, 2, 16]]"
12n_0477_54,"[[1, 17, 2, 16], [3, 19, 4, 18], [5, 21, 6, 20], [13, 23, 14, 22], [11, 1, 12, 24], [19, 3, 20, 2], [17, 5, 18, 4], [6, 10, 7, 9], [8, 16, 9, 15], [21, 11, 22, 10], [23, 13, 24, 12], [14, 8, 15, 7]]"
12n_0477_55,"[[14, 8, 15, 7], [1, 17, 2, 16], [3, 19, 4, 18], [5, 21, 6, 20], [13, 23, 14, 22], [11, 1, 12, 24], [19, 3, 20, 2], [17, 5, 18, 4], [6, 10, 7, 9], [8, 16, 9, 15], [21, 11, 22, 10], [23, 13, 24, 12]]"
12n_0477_56,"[[23, 13, 24, 12], [14, 8, 15, 7], [1, 17, 2, 16], [3, 19, 4, 18], [5, 21, 6, 20], [13, 23, 14, 22], [11, 1, 12, 24], [19, 3, 20, 2], [17, 5, 18, 4], [6, 10, 7, 9], [8, 16, 9, 15], [21, 11, 22, 10]]"
12n_0477_57,"[[21, 11, 22, 10], [23, 13, 24, 12], [14, 8, 15, 7], [1, 17, 2, 16], [3, 19, 4, 18], [5, 21, 6, 20], [13, 23, 14, 22], [11, 1, 12, 24], [19, 3, 20, 2], [17, 5, 18, 4], [6, 10, 7, 9], [8, 16, 9, 15]]"
12n_0477_58,"[[8, 16, 9, 15], [21, 11, 22, 10], [23, 13, 24, 12], [14, 8, 15, 7], [1, 17, 2, 16], [3, 19, 4, 18], [5, 21, 6, 20], [13, 23, 14, 22], [11, 1, 12, 24], [19, 3, 20, 2], [17, 5, 18, 4], [6, 10, 7, 9]]"
12n_0477_59,"[[6, 10, 7, 9], [8, 16, 9, 15], [21, 11, 22, 10], [23, 13, 24, 12], [14, 8, 15, 7], [1, 17, 2, 16], [3, 19, 4, 18], [5, 21, 6, 20], [13, 23, 14, 22], [11, 1, 12, 24], [19, 3, 20, 2], [17, 5, 18, 4]]"
12n_0477_60,"[[18, 6, 19, 5], [7, 11, 8, 10], [9, 17, 10, 16], [22, 12, 23, 11], [24, 14, 1, 13], [15, 9, 16, 8], [2, 18, 3, 17], [4, 20, 5, 19], [6, 22, 7, 21], [14, 24, 15, 23], [12, 2, 13, 1], [20, 4, 21, 3]]"
12n_0477_61,"[[20, 4, 21, 3], [18, 6, 19, 5], [7, 11, 8, 10], [9, 17, 10, 16], [22, 12, 23, 11], [24, 14, 1, 13], [15, 9, 16, 8], [2, 18, 3, 17], [4, 20, 5, 19], [6, 22, 7, 21], [14, 24, 15, 23], [12, 2, 13, 1]]"
12n_0477_62,"[[12, 2, 13, 1], [20, 4, 21, 3], [18, 6, 19, 5], [7, 11, 8, 10], [9, 17, 10, 16], [22, 12, 23, 11], [24, 14, 1, 13], [15, 9, 16, 8], [2, 18, 3, 17], [4, 20, 5, 19], [6, 22, 7, 21], [14, 24, 15, 23]]"
12n_0477_63,"[[14, 24, 15, 23], [12, 2, 13, 1], [20, 4, 21, 3], [18, 6, 19, 5], [7, 11, 8, 10], [9, 17, 10, 16], [22, 12, 23, 11], [24, 14, 1, 13], [15, 9, 16, 8], [2, 18, 3, 17], [4, 20, 5, 19], [6, 22, 7, 21]]"
12n_0477_64,"[[6, 22, 7, 21], [14, 24, 15, 23], [12, 2, 13, 1], [20, 4, 21, 3], [18, 6, 19, 5], [7, 11, 8, 10], [9, 17, 10, 16], [22, 12, 23, 11], [24, 14, 1, 13], [15, 9, 16, 8], [2, 18, 3, 17], [4, 20, 5, 19]]"
12n_0477_65,"[[4, 20, 5, 19], [6, 22, 7, 21], [14, 24, 15, 23], [12, 2, 13, 1], [20, 4, 21, 3], [18, 6, 19, 5], [7, 11, 8, 10], [9, 17, 10, 16], [22, 12, 23, 11], [24, 14, 1, 13], [15, 9, 16, 8], [2, 18, 3, 17]]"
12n_0477_66,"[[2, 18, 3, 17], [4, 20, 5, 19], [6, 22, 7, 21], [14, 24, 15, 23], [12, 2, 13, 1], [20, 4, 21, 3], [18, 6, 19, 5], [7, 11, 8, 10], [9, 17, 10, 16], [22, 12, 23, 11], [24, 14, 1, 13], [15, 9, 16, 8]]"
12n_0477_67,"[[15, 9, 16, 8], [2, 18, 3, 17], [4, 20, 5, 19], [6, 22, 7, 21], [14, 24, 15, 23], [12, 2, 13, 1], [20, 4, 21, 3], [18, 6, 19, 5], [7, 11, 8, 10], [9, 17, 10, 16], [22, 12, 23, 11], [24, 14, 1, 13]]"
12n_0477_68,"[[24, 14, 1, 13], [15, 9, 16, 8], [2, 18, 3, 17], [4, 20, 5, 19], [6, 22, 7, 21], [14, 24, 15, 23], [12, 2, 13, 1], [20, 4, 21, 3], [18, 6, 19, 5], [7, 11, 8, 10], [9, 17, 10, 16], [22, 12, 23, 11]]"
12n_0477_69,"[[22, 12, 23, 11], [24, 14, 1, 13], [15, 9, 16, 8], [2, 18, 3, 17], [4, 20, 5, 19], [6, 22, 7, 21], [14, 24, 15, 23], [12, 2, 13, 1], [20, 4, 21, 3], [18, 6, 19, 5], [7, 11, 8, 10], [9, 17, 10, 16]]"
12n_0477_70,"[[9, 17, 10, 16], [22, 12, 23, 11], [24, 14, 1, 13], [15, 9, 16, 8], [2, 18, 3, 17], [4, 20, 5, 19], [6, 22, 7, 21], [14, 24, 15, 23], [12, 2, 13, 1], [20, 4, 21, 3], [18, 6, 19, 5], [7, 11, 8, 10]]"
12n_0477_71,"[[7, 11, 8, 10], [9, 17, 10, 16], [22, 12, 23, 11], [24, 14, 1, 13], [15, 9, 16, 8], [2, 18, 3, 17], [4, 20, 5, 19], [6, 22, 7, 21], [14, 24, 15, 23], [12, 2, 13, 1], [20, 4, 21, 3], [18, 6, 19, 5]]"
12n_0477_72,"[[19, 7, 20, 6], [8, 12, 9, 11], [10, 18, 11, 17], [23, 13, 24, 12], [1, 15, 2, 14], [16, 10, 17, 9], [3, 19, 4, 18], [5, 21, 6, 20], [7, 23, 8, 22], [15, 1, 16, 24], [13, 3, 14, 2], [21, 5, 22, 4]]"
12n_0477_73,"[[21, 5, 22, 4], [19, 7, 20, 6], [8, 12, 9, 11], [10, 18, 11, 17], [23, 13, 24, 12], [1, 15, 2, 14], [16, 10, 17, 9], [3, 19, 4, 18], [5, 21, 6, 20], [7, 23, 8, 22], [15, 1, 16, 24], [13, 3, 14, 2]]"
12n_0477_74,"[[13, 3, 14, 2], [21, 5, 22, 4], [19, 7, 20, 6], [8, 12, 9, 11], [10, 18, 11, 17], [23, 13, 24, 12], [1, 15, 2, 14], [16, 10, 17, 9], [3, 19, 4, 18], [5, 21, 6, 20], [7, 23, 8, 22], [15, 1, 16, 24]]"
12n_0477_75,"[[15, 1, 16, 24], [13, 3, 14, 2], [21, 5, 22, 4], [19, 7, 20, 6], [8, 12, 9, 11], [10, 18, 11, 17], [23, 13, 24, 12], [1, 15, 2, 14], [16, 10, 17, 9], [3, 19, 4, 18], [5, 21, 6, 20], [7, 23, 8, 22]]"
12n_0477_76,"[[7, 23, 8, 22], [15, 1, 16, 24], [13, 3, 14, 2], [21, 5, 22, 4], [19, 7, 20, 6], [8, 12, 9, 11], [10, 18, 11, 17], [23, 13, 24, 12], [1, 15, 2, 14], [16, 10, 17, 9], [3, 19, 4, 18], [5, 21, 6, 20]]"
12n_0477_77,"[[5, 21, 6, 20], [7, 23, 8, 22], [15, 1, 16, 24], [13, 3, 14, 2], [21, 5, 22, 4], [19, 7, 20, 6], [8, 12, 9, 11], [10, 18, 11, 17], [23, 13, 24, 12], [1, 15, 2, 14], [16, 10, 17, 9], [3, 19, 4, 18]]"
12n_0477_78,"[[3, 19, 4, 18], [5, 21, 6, 20], [7, 23, 8, 22], [15, 1, 16, 24], [13, 3, 14, 2], [21, 5, 22, 4], [19, 7, 20, 6], [8, 12, 9, 11], [10, 18, 11, 17], [23, 13, 24, 12], [1, 15, 2, 14], [16, 10, 17, 9]]"
12n_0477_79,"[[16, 10, 17, 9], [3, 19, 4, 18], [5, 21, 6, 20], [7, 23, 8, 22], [15, 1, 16, 24], [13, 3, 14, 2], [21, 5, 22, 4], [19, 7, 20, 6], [8, 12, 9, 11], [10, 18, 11, 17], [23, 13, 24, 12], [1, 15, 2, 14]]"
12n_0477_80,"[[1, 15, 2, 14], [16, 10, 17, 9], [3, 19, 4, 18], [5, 21, 6, 20], [7, 23, 8, 22], [15, 1, 16, 24], [13, 3, 14, 2], [21, 5, 22, 4], [19, 7, 20, 6], [8, 12, 9, 11], [10, 18, 11, 17], [23, 13, 24, 12]]"
12n_0477_81,"[[23, 13, 24, 12], [1, 15, 2, 14], [16, 10, 17, 9], [3, 19, 4, 18], [5, 21, 6, 20], [7, 23, 8, 22], [15, 1, 16, 24], [13, 3, 14, 2], [21, 5, 22, 4], [19, 7, 20, 6], [8, 12, 9, 11], [10, 18, 11, 17]]"
12n_0477_82,"[[10, 18, 11, 17], [23, 13, 24, 12], [1, 15, 2, 14], [16, 10, 17, 9], [3, 19, 4, 18], [5, 21, 6, 20], [7, 23, 8, 22], [15, 1, 16, 24], [13, 3, 14, 2], [21, 5, 22, 4], [19, 7, 20, 6], [8, 12, 9, 11]]"
12n_0477_83,"[[8, 12, 9, 11], [10, 18, 11, 17], [23, 13, 24, 12], [1, 15, 2, 14], [16, 10, 17, 9], [3, 19, 4, 18], [5, 21, 6, 20], [7, 23, 8, 22], [15, 1, 16, 24], [13, 3, 14, 2], [21, 5, 22, 4], [19, 7, 20, 6]]"
12n_0477_84,"[[20, 8, 21, 7], [9, 13, 10, 12], [11, 19, 12, 18], [24, 14, 1, 13], [2, 16, 3, 15], [17, 11, 18, 10], [4, 20, 5, 19], [6, 22, 7, 21], [8, 24, 9, 23], [16, 2, 17, 1], [14, 4, 15, 3], [22, 6, 23, 5]]"
12n_0477_85,"[[22, 6, 23, 5], [20, 8, 21, 7], [9, 13, 10, 12], [11, 19, 12, 18], [24, 14, 1, 13], [2, 16, 3, 15], [17, 11, 18, 10], [4, 20, 5, 19], [6, 22, 7, 21], [8, 24, 9, 23], [16, 2, 17, 1], [14, 4, 15, 3]]"
12n_0477_86,"[[14, 4, 15, 3], [22, 6, 23, 5], [20, 8, 21, 7], [9, 13, 10, 12], [11, 19, 12, 18], [24, 14, 1, 13], [2, 16, 3, 15], [17, 11, 18, 10], [4, 20, 5, 19], [6, 22, 7, 21], [8, 24, 9, 23], [16, 2, 17, 1]]"
12n_0477_87,"[[16, 2, 17, 1], [14, 4, 15, 3], [22, 6, 23, 5], [20, 8, 21, 7], [9, 13, 10, 12], [11, 19, 12, 18], [24, 14, 1, 13], [2, 16, 3, 15], [17, 11, 18, 10], [4, 20, 5, 19], [6, 22, 7, 21], [8, 24, 9, 23]]"
12n_0477_88,"[[8, 24, 9, 23], [16, 2, 17, 1], [14, 4, 15, 3], [22, 6, 23, 5], [20, 8, 21, 7], [9, 13, 10, 12], [11, 19, 12, 18], [24, 14, 1, 13], [2, 16, 3, 15], [17, 11, 18, 10], [4, 20, 5, 19], [6, 22, 7, 21]]"
12n_0477_89,"[[6, 22, 7, 21], [8, 24, 9, 23], [16, 2, 17, 1], [14, 4, 15, 3], [22, 6, 23, 5], [20, 8, 21, 7], [9, 13, 10, 12], [11, 19, 12, 18], [24, 14, 1, 13], [2, 16, 3, 15], [17, 11, 18, 10], [4, 20, 5, 19]]"
12n_0477_90,"[[4, 20, 5, 19], [6, 22, 7, 21], [8, 24, 9, 23], [16, 2, 17, 1], [14, 4, 15, 3], [22, 6, 23, 5], [20, 8, 21, 7], [9, 13, 10, 12], [11, 19, 12, 18], [24, 14, 1, 13], [2, 16, 3, 15], [17, 11, 18, 10]]"
12n_0477_91,"[[17, 11, 18, 10], [4, 20, 5, 19], [6, 22, 7, 21], [8, 24, 9, 23], [16, 2, 17, 1], [14, 4, 15, 3], [22, 6, 23, 5], [20, 8, 21, 7], [9, 13, 10, 12], [11, 19, 12, 18], [24, 14, 1, 13], [2, 16, 3, 15]]"
12n_0477_92,"[[2, 16, 3, 15], [17, 11, 18, 10], [4, 20, 5, 19], [6, 22, 7, 21], [8, 24, 9, 23], [16, 2, 17, 1], [14, 4, 15, 3], [22, 6, 23, 5], [20, 8, 21, 7], [9, 13, 10, 12], [11, 19, 12, 18], [24, 14, 1, 13]]"
12n_0477_93,"[[24, 14, 1, 13], [2, 16, 3, 15], [17, 11, 18, 10], [4, 20, 5, 19], [6, 22, 7, 21], [8, 24, 9, 23], [16, 2, 17, 1], [14, 4, 15, 3], [22, 6, 23, 5], [20, 8, 21, 7], [9, 13, 10, 12], [11, 19, 12, 18]]"
12n_0477_94,"[[11, 19, 12, 18], [24, 14, 1, 13], [2, 16, 3, 15], [17, 11, 18, 10], [4, 20, 5, 19], [6, 22, 7, 21], [8, 24, 9, 23], [16, 2, 17, 1], [14, 4, 15, 3], [22, 6, 23, 5], [20, 8, 21, 7], [9, 13, 10, 12]]"
12n_0477_95,"[[9, 13, 10, 12], [11, 19, 12, 18], [24, 14, 1, 13], [2, 16, 3, 15], [17, 11, 18, 10], [4, 20, 5, 19], [6, 22, 7, 21], [8, 24, 9, 23], [16, 2, 17, 1], [14, 4, 15, 3], [22, 6, 23, 5], [20, 8, 21, 7]]"
12n_0477_96,"[[21, 9, 22, 8], [10, 14, 11, 13], [12, 20, 13, 19], [1, 15, 2, 14], [3, 17, 4, 16], [18, 12, 19, 11], [5, 21, 6, 20], [7, 23, 8, 22], [9, 1, 10, 24], [17, 3, 18, 2], [15, 5, 16, 4], [23, 7, 24, 6]]"
12n_0477_97,"[[23, 7, 24, 6], [21, 9, 22, 8], [10, 14, 11, 13], [12, 20, 13, 19], [1, 15, 2, 14], [3, 17, 4, 16], [18, 12, 19, 11], [5, 21, 6, 20], [7, 23, 8, 22], [9, 1, 10, 24], [17, 3, 18, 2], [15, 5, 16, 4]]"
12n_0477_98,"[[15, 5, 16, 4], [23, 7, 24, 6], [21, 9, 22, 8], [10, 14, 11, 13], [12, 20, 13, 19], [1, 15, 2, 14], [3, 17, 4, 16], [18, 12, 19, 11], [5, 21, 6, 20], [7, 23, 8, 22], [9, 1, 10, 24], [17, 3, 18, 2]]"
12n_0477_99,"[[17, 3, 18, 2], [15, 5, 16, 4], [23, 7, 24, 6], [21, 9, 22, 8], [10, 14, 11, 13], [12, 20, 13, 19], [1, 15, 2, 14], [3, 17, 4, 16], [18, 12, 19, 11], [5, 21, 6, 20], [7, 23, 8, 22], [9, 1, 10, 24]]"
12n_0477_100,"[[9, 1, 10, 24], [17, 3, 18, 2], [15, 5, 16, 4], [23, 7, 24, 6], [21, 9, 22, 8], [10, 14, 11, 13], [12, 20, 13, 19], [1, 15, 2, 14], [3, 17, 4, 16], [18, 12, 19, 11], [5, 21, 6, 20], [7, 23, 8, 22]]"
12n_0477_101,"[[7, 23, 8, 22], [9, 1, 10, 24], [17, 3, 18, 2], [15, 5, 16, 4], [23, 7, 24, 6], [21, 9, 22, 8], [10, 14, 11, 13], [12, 20, 13, 19], [1, 15, 2, 14], [3, 17, 4, 16], [18, 12, 19, 11], [5, 21, 6, 20]]"
12n_0477_102,"[[5, 21, 6, 20], [7, 23, 8, 22], [9, 1, 10, 24], [17, 3, 18, 2], [15, 5, 16, 4], [23, 7, 24, 6], [21, 9, 22, 8], [10, 14, 11, 13], [12, 20, 13, 19], [1, 15, 2, 14], [3, 17, 4, 16], [18, 12, 19, 11]]"
12n_0477_103,"[[18, 12, 19, 11], [5, 21, 6, 20], [7, 23, 8, 22], [9, 1, 10, 24], [17, 3, 18, 2], [15, 5, 16, 4], [23, 7, 24, 6], [21, 9, 22, 8], [10, 14, 11, 13], [12, 20, 13, 19], [1, 15, 2, 14], [3, 17, 4, 16]]"
12n_0477_104,"[[3, 17, 4, 16], [18, 12, 19, 11], [5, 21, 6, 20], [7, 23, 8, 22], [9, 1, 10, 24], [17, 3, 18, 2], [15, 5, 16, 4], [23, 7, 24, 6], [21, 9, 22, 8], [10, 14, 11, 13], [12, 20, 13, 19], [1, 15, 2, 14]]"
12n_0477_105,"[[1, 15, 2, 14], [3, 17, 4, 16], [18, 12, 19, 11], [5, 21, 6, 20], [7, 23, 8, 22], [9, 1, 10, 24], [17, 3, 18, 2], [15, 5, 16, 4], [23, 7, 24, 6], [21, 9, 22, 8], [10, 14, 11, 13], [12, 20, 13, 19]]"
12n_0477_106,"[[12, 20, 13, 19], [1, 15, 2, 14], [3, 17, 4, 16], [18, 12, 19, 11], [5, 21, 6, 20], [7, 23, 8, 22], [9, 1, 10, 24], [17, 3, 18, 2], [15, 5, 16, 4], [23, 7, 24, 6], [21, 9, 22, 8], [10, 14, 11, 13]]"
12n_0477_107,"[[10, 14, 11, 13], [12, 20, 13, 19], [1, 15, 2, 14], [3, 17, 4, 16], [18, 12, 19, 11], [5, 21, 6, 20], [7, 23, 8, 22], [9, 1, 10, 24], [17, 3, 18, 2], [15, 5, 16, 4], [23, 7, 24, 6], [21, 9, 22, 8]]"
12n_0477_108,"[[22, 10, 23, 9], [11, 15, 12, 14], [13, 21, 14, 20], [2, 16, 3, 15], [4, 18, 5, 17], [19, 13, 20, 12], [6, 22, 7, 21], [8, 24, 9, 23], [10, 2, 11, 1], [18, 4, 19, 3], [16, 6, 17, 5], [24, 8, 1, 7]]"
12n_0477_109,"[[24, 8, 1, 7], [22, 10, 23, 9], [11, 15, 12, 14], [13, 21, 14, 20], [2, 16, 3, 15], [4, 18, 5, 17], [19, 13, 20, 12], [6, 22, 7, 21], [8, 24, 9, 23], [10, 2, 11, 1], [18, 4, 19, 3], [16, 6, 17, 5]]"
12n_0477_110,"[[16, 6, 17, 5], [24, 8, 1, 7], [22, 10, 23, 9], [11, 15, 12, 14], [13, 21, 14, 20], [2, 16, 3, 15], [4, 18, 5, 17], [19, 13, 20, 12], [6, 22, 7, 21], [8, 24, 9, 23], [10, 2, 11, 1], [18, 4, 19, 3]]"
12n_0477_111,"[[18, 4, 19, 3], [16, 6, 17, 5], [24, 8, 1, 7], [22, 10, 23, 9], [11, 15, 12, 14], [13, 21, 14, 20], [2, 16, 3, 15], [4, 18, 5, 17], [19, 13, 20, 12], [6, 22, 7, 21], [8, 24, 9, 23], [10, 2, 11, 1]]"
12n_0477_112,"[[10, 2, 11, 1], [18, 4, 19, 3], [16, 6, 17, 5], [24, 8, 1, 7], [22, 10, 23, 9], [11, 15, 12, 14], [13, 21, 14, 20], [2, 16, 3, 15], [4, 18, 5, 17], [19, 13, 20, 12], [6, 22, 7, 21], [8, 24, 9, 23]]"
12n_0477_113,"[[8, 24, 9, 23], [10, 2, 11, 1], [18, 4, 19, 3], [16, 6, 17, 5], [24, 8, 1, 7], [22, 10, 23, 9], [11, 15, 12, 14], [13, 21, 14, 20], [2, 16, 3, 15], [4, 18, 5, 17], [19, 13, 20, 12], [6, 22, 7, 21]]"
12n_0477_114,"[[6, 22, 7, 21], [8, 24, 9, 23], [10, 2, 11, 1], [18, 4, 19, 3], [16, 6, 17, 5], [24, 8, 1, 7], [22, 10, 23, 9], [11, 15, 12, 14], [13, 21, 14, 20], [2, 16, 3, 15], [4, 18, 5, 17], [19, 13, 20, 12]]"
12n_0477_115,"[[19, 13, 20, 12], [6, 22, 7, 21], [8, 24, 9, 23], [10, 2, 11, 1], [18, 4, 19, 3], [16, 6, 17, 5], [24, 8, 1, 7], [22, 10, 23, 9], [11, 15, 12, 14], [13, 21, 14, 20], [2, 16, 3, 15], [4, 18, 5, 17]]"
12n_0477_116,"[[4, 18, 5, 17], [19, 13, 20, 12], [6, 22, 7, 21], [8, 24, 9, 23], [10, 2, 11, 1], [18, 4, 19, 3], [16, 6, 17, 5], [24, 8, 1, 7], [22, 10, 23, 9], [11, 15, 12, 14], [13, 21, 14, 20], [2, 16, 3, 15]]"
12n_0477_117,"[[2, 16, 3, 15], [4, 18, 5, 17], [19, 13, 20, 12], [6, 22, 7, 21], [8, 24, 9, 23], [10, 2, 11, 1], [18, 4, 19, 3], [16, 6, 17, 5], [24, 8, 1, 7], [22, 10, 23, 9], [11, 15, 12, 14], [13, 21, 14, 20]]"
12n_0477_118,"[[13, 21, 14, 20], [2, 16, 3, 15], [4, 18, 5, 17], [19, 13, 20, 12], [6, 22, 7, 21], [8, 24, 9, 23], [10, 2, 11, 1], [18, 4, 19, 3], [16, 6, 17, 5], [24, 8, 1, 7], [22, 10, 23, 9], [11, 15, 12, 14]]"
12n_0477_119,"[[11, 15, 12, 14], [13, 21, 14, 20], [2, 16, 3, 15], [4, 18, 5, 17], [19, 13, 20, 12], [6, 22, 7, 21], [8, 24, 9, 23], [10, 2, 11, 1], [18, 4, 19, 3], [16, 6, 17, 5], [24, 8, 1, 7], [22, 10, 23, 9]]"
12n_0477_120,"[[23, 11, 24, 10], [12, 16, 13, 15], [14, 22, 15, 21], [3, 17, 4, 16], [5, 19, 6, 18], [20, 14, 21, 13], [7, 23, 8, 22], [9, 1, 10, 24], [11, 3, 12, 2], [19, 5, 20, 4], [17, 7, 18, 6], [1, 9, 2, 8]]"
12n_0477_121,"[[1, 9, 2, 8], [23, 11, 24, 10], [12, 16, 13, 15], [14, 22, 15, 21], [3, 17, 4, 16], [5, 19, 6, 18], [20, 14, 21, 13], [7, 23, 8, 22], [9, 1, 10, 24], [11, 3, 12, 2], [19, 5, 20, 4], [17, 7, 18, 6]]"
12n_0477_122,"[[17, 7, 18, 6], [1, 9, 2, 8], [23, 11, 24, 10], [12, 16, 13, 15], [14, 22, 15, 21], [3, 17, 4, 16], [5, 19, 6, 18], [20, 14, 21, 13], [7, 23, 8, 22], [9, 1, 10, 24], [11, 3, 12, 2], [19, 5, 20, 4]]"
12n_0477_123,"[[19, 5, 20, 4], [17, 7, 18, 6], [1, 9, 2, 8], [23, 11, 24, 10], [12, 16, 13, 15], [14, 22, 15, 21], [3, 17, 4, 16], [5, 19, 6, 18], [20, 14, 21, 13], [7, 23, 8, 22], [9, 1, 10, 24], [11, 3, 12, 2]]"
12n_0477_124,"[[11, 3, 12, 2], [19, 5, 20, 4], [17, 7, 18, 6], [1, 9, 2, 8], [23, 11, 24, 10], [12, 16, 13, 15], [14, 22, 15, 21], [3, 17, 4, 16], [5, 19, 6, 18], [20, 14, 21, 13], [7, 23, 8, 22], [9, 1, 10, 24]]"
12n_0477_125,"[[9, 1, 10, 24], [11, 3, 12, 2], [19, 5, 20, 4], [17, 7, 18, 6], [1, 9, 2, 8], [23, 11, 24, 10], [12, 16, 13, 15], [14, 22, 15, 21], [3, 17, 4, 16], [5, 19, 6, 18], [20, 14, 21, 13], [7, 23, 8, 22]]"
12n_0477_126,"[[7, 23, 8, 22], [9, 1, 10, 24], [11, 3, 12, 2], [19, 5, 20, 4], [17, 7, 18, 6], [1, 9, 2, 8], [23, 11, 24, 10], [12, 16, 13, 15], [14, 22, 15, 21], [3, 17, 4, 16], [5, 19, 6, 18], [20, 14, 21, 13]]"
12n_0477_127,"[[20, 14, 21, 13], [7, 23, 8, 22], [9, 1, 10, 24], [11, 3, 12, 2], [19, 5, 20, 4], [17, 7, 18, 6], [1, 9, 2, 8], [23, 11, 24, 10], [12, 16, 13, 15], [14, 22, 15, 21], [3, 17, 4, 16], [5, 19, 6, 18]]"
12n_0477_128,"[[5, 19, 6, 18], [20, 14, 21, 13], [7, 23, 8, 22], [9, 1, 10, 24], [11, 3, 12, 2], [19, 5, 20, 4], [17, 7, 18, 6], [1, 9, 2, 8], [23, 11, 24, 10], [12, 16, 13, 15], [14, 22, 15, 21], [3, 17, 4, 16]]"
12n_0477_129,"[[3, 17, 4, 16], [5, 19, 6, 18], [20, 14, 21, 13], [7, 23, 8, 22], [9, 1, 10, 24], [11, 3, 12, 2], [19, 5, 20, 4], [17, 7, 18, 6], [1, 9, 2, 8], [23, 11, 24, 10], [12, 16, 13, 15], [14, 22, 15, 21]]"
12n_0477_130,"[[14, 22, 15, 21], [3, 17, 4, 16], [5, 19, 6, 18], [20, 14, 21, 13], [7, 23, 8, 22], [9, 1, 10, 24], [11, 3, 12, 2], [19, 5, 20, 4], [17, 7, 18, 6], [1, 9, 2, 8], [23, 11, 24, 10], [12, 16, 13, 15]]"
12n_0477_131,"[[12, 16, 13, 15], [14, 22, 15, 21], [3, 17, 4, 16], [5, 19, 6, 18], [20, 14, 21, 13], [7, 23, 8, 22], [9, 1, 10, 24], [11, 3, 12, 2], [19, 5, 20, 4], [17, 7, 18, 6], [1, 9, 2, 8], [23, 11, 24, 10]]"
12n_0477_132,"[[24, 12, 1, 11], [13, 17, 14, 16], [15, 23, 16, 22], [4, 18, 5, 17], [6, 20, 7, 19], [21, 15, 22, 14], [8, 24, 9, 23], [10, 2, 11, 1], [12, 4, 13, 3], [20, 6, 21, 5], [18, 8, 19, 7], [2, 10, 3, 9]]"
12n_0477_133,"[[2, 10, 3, 9], [24, 12, 1, 11], [13, 17, 14, 16], [15, 23, 16, 22], [4, 18, 5, 17], [6, 20, 7, 19], [21, 15, 22, 14], [8, 24, 9, 23], [10, 2, 11, 1], [12, 4, 13, 3], [20, 6, 21, 5], [18, 8, 19, 7]]"
12n_0477_134,"[[18, 8, 19, 7], [2, 10, 3, 9], [24, 12, 1, 11], [13, 17, 14, 16], [15, 23, 16, 22], [4, 18, 5, 17], [6, 20, 7, 19], [21, 15, 22, 14], [8, 24, 9, 23], [10, 2, 11, 1], [12, 4, 13, 3], [20, 6, 21, 5]]"
12n_0477_135,"[[20, 6, 21, 5], [18, 8, 19, 7], [2, 10, 3, 9], [24, 12, 1, 11], [13, 17, 14, 16], [15, 23, 16, 22], [4, 18, 5, 17], [6, 20, 7, 19], [21, 15, 22, 14], [8, 24, 9, 23], [10, 2, 11, 1], [12, 4, 13, 3]]"
12n_0477_136,"[[12, 4, 13, 3], [20, 6, 21, 5], [18, 8, 19, 7], [2, 10, 3, 9], [24, 12, 1, 11], [13, 17, 14, 16], [15, 23, 16, 22], [4, 18, 5, 17], [6, 20, 7, 19], [21, 15, 22, 14], [8, 24, 9, 23], [10, 2, 11, 1]]"
12n_0477_137,"[[10, 2, 11, 1], [12, 4, 13, 3], [20, 6, 21, 5], [18, 8, 19, 7], [2, 10, 3, 9], [24, 12, 1, 11], [13, 17, 14, 16], [15, 23, 16, 22], [4, 18, 5, 17], [6, 20, 7, 19], [21, 15, 22, 14], [8, 24, 9, 23]]"
12n_0477_138,"[[8, 24, 9, 23], [10, 2, 11, 1], [12, 4, 13, 3], [20, 6, 21, 5], [18, 8, 19, 7], [2, 10, 3, 9], [24, 12, 1, 11], [13, 17, 14, 16], [15, 23, 16, 22], [4, 18, 5, 17], [6, 20, 7, 19], [21, 15, 22, 14]]"
12n_0477_139,"[[21, 15, 22, 14], [8, 24, 9, 23], [10, 2, 11, 1], [12, 4, 13, 3], [20, 6, 21, 5], [18, 8, 19, 7], [2, 10, 3, 9], [24, 12, 1, 11], [13, 17, 14, 16], [15, 23, 16, 22], [4, 18, 5, 17], [6, 20, 7, 19]]"
12n_0477_140,"[[6, 20, 7, 19], [21, 15, 22, 14], [8, 24, 9, 23], [10, 2, 11, 1], [12, 4, 13, 3], [20, 6, 21, 5], [18, 8, 19, 7], [2, 10, 3, 9], [24, 12, 1, 11], [13, 17, 14, 16], [15, 23, 16, 22], [4, 18, 5, 17]]"
12n_0477_141,"[[4, 18, 5, 17], [6, 20, 7, 19], [21, 15, 22, 14], [8, 24, 9, 23], [10, 2, 11, 1], [12, 4, 13, 3], [20, 6, 21, 5], [18, 8, 19, 7], [2, 10, 3, 9], [24, 12, 1, 11], [13, 17, 14, 16], [15, 23, 16, 22]]"
12n_0477_142,"[[15, 23, 16, 22], [4, 18, 5, 17], [6, 20, 7, 19], [21, 15, 22, 14], [8, 24, 9, 23], [10, 2, 11, 1], [12, 4, 13, 3], [20, 6, 21, 5], [18, 8, 19, 7], [2, 10, 3, 9], [24, 12, 1, 11], [13, 17, 14, 16]]"
12n_0477_143,"[[13, 17, 14, 16], [15, 23, 16, 22], [4, 18, 5, 17], [6, 20, 7, 19], [21, 15, 22, 14], [8, 24, 9, 23], [10, 2, 11, 1], [12, 4, 13, 3], [20, 6, 21, 5], [18, 8, 19, 7], [2, 10, 3, 9], [24, 12, 1, 11]]"
12n_0477_144,"[[1, 13, 2, 12], [14, 18, 15, 17], [16, 24, 17, 23], [5, 19, 6, 18], [7, 21, 8, 20], [22, 16, 23, 15], [9, 1, 10, 24], [11, 3, 12, 2], [13, 5, 14, 4], [21, 7, 22, 6], [19, 9, 20, 8], [3, 11, 4, 10]]"
12n_0477_145,"[[3, 11, 4, 10], [1, 13, 2, 12], [14, 18, 15, 17], [16, 24, 17, 23], [5, 19, 6, 18], [7, 21, 8, 20], [22, 16, 23, 15], [9, 1, 10, 24], [11, 3, 12, 2], [13, 5, 14, 4], [21, 7, 22, 6], [19, 9, 20, 8]]"
12n_0477_146,"[[19, 9, 20, 8], [3, 11, 4, 10], [1, 13, 2, 12], [14, 18, 15, 17], [16, 24, 17, 23], [5, 19, 6, 18], [7, 21, 8, 20], [22, 16, 23, 15], [9, 1, 10, 24], [11, 3, 12, 2], [13, 5, 14, 4], [21, 7, 22, 6]]"
12n_0477_147,"[[21, 7, 22, 6], [19, 9, 20, 8], [3, 11, 4, 10], [1, 13, 2, 12], [14, 18, 15, 17], [16, 24, 17, 23], [5, 19, 6, 18], [7, 21, 8, 20], [22, 16, 23, 15], [9, 1, 10, 24], [11, 3, 12, 2], [13, 5, 14, 4]]"
12n_0477_148,"[[13, 5, 14, 4], [21, 7, 22, 6], [19, 9, 20, 8], [3, 11, 4, 10], [1, 13, 2, 12], [14, 18, 15, 17], [16, 24, 17, 23], [5, 19, 6, 18], [7, 21, 8, 20], [22, 16, 23, 15], [9, 1, 10, 24], [11, 3, 12, 2]]"
12n_0477_149,"[[11, 3, 12, 2], [13, 5, 14, 4], [21, 7, 22, 6], [19, 9, 20, 8], [3, 11, 4, 10], [1, 13, 2, 12], [14, 18, 15, 17], [16, 24, 17, 23], [5, 19, 6, 18], [7, 21, 8, 20], [22, 16, 23, 15], [9, 1, 10, 24]]"
12n_0477_150,"[[9, 1, 10, 24], [11, 3, 12, 2], [13, 5, 14, 4], [21, 7, 22, 6], [19, 9, 20, 8], [3, 11, 4, 10], [1, 13, 2, 12], [14, 18, 15, 17], [16, 24, 17, 23], [5, 19, 6, 18], [7, 21, 8, 20], [22, 16, 23, 15]]"
12n_0477_151,"[[22, 16, 23, 15], [9, 1, 10, 24], [11, 3, 12, 2], [13, 5, 14, 4], [21, 7, 22, 6], [19, 9, 20, 8], [3, 11, 4, 10], [1, 13, 2, 12], [14, 18, 15, 17], [16, 24, 17, 23], [5, 19, 6, 18], [7, 21, 8, 20]]"
12n_0477_152,"[[7, 21, 8, 20], [22, 16, 23, 15], [9, 1, 10, 24], [11, 3, 12, 2], [13, 5, 14, 4], [21, 7, 22, 6], [19, 9, 20, 8], [3, 11, 4, 10], [1, 13, 2, 12], [14, 18, 15, 17], [16, 24, 17, 23], [5, 19, 6, 18]]"
12n_0477_153,"[[5, 19, 6, 18], [7, 21, 8, 20], [22, 16, 23, 15], [9, 1, 10, 24], [11, 3, 12, 2], [13, 5, 14, 4], [21, 7, 22, 6], [19, 9, 20, 8], [3, 11, 4, 10], [1, 13, 2, 12], [14, 18, 15, 17], [16, 24, 17, 23]]"
12n_0477_154,"[[16, 24, 17, 23], [5, 19, 6, 18], [7, 21, 8, 20], [22, 16, 23, 15], [9, 1, 10, 24], [11, 3, 12, 2], [13, 5, 14, 4], [21, 7, 22, 6], [19, 9, 20, 8], [3, 11, 4, 10], [1, 13, 2, 12], [14, 18, 15, 17]]"
12n_0477_155,"[[14, 18, 15, 17], [16, 24, 17, 23], [5, 19, 6, 18], [7, 21, 8, 20], [22, 16, 23, 15], [9, 1, 10, 24], [11, 3, 12, 2], [13, 5, 14, 4], [21, 7, 22, 6], [19, 9, 20, 8], [3, 11, 4, 10], [1, 13, 2, 12]]"
12n_0477_156,"[[2, 14, 3, 13], [15, 19, 16, 18], [17, 1, 18, 24], [6, 20, 7, 19], [8, 22, 9, 21], [23, 17, 24, 16], [10, 2, 11, 1], [12, 4, 13, 3], [14, 6, 15, 5], [22, 8, 23, 7], [20, 10, 21, 9], [4, 12, 5, 11]]"
12n_0477_157,"[[4, 12, 5, 11], [2, 14, 3, 13], [15, 19, 16, 18], [17, 1, 18, 24], [6, 20, 7, 19], [8, 22, 9, 21], [23, 17, 24, 16], [10, 2, 11, 1], [12, 4, 13, 3], [14, 6, 15, 5], [22, 8, 23, 7], [20, 10, 21, 9]]"
12n_0477_158,"[[20, 10, 21, 9], [4, 12, 5, 11], [2, 14, 3, 13], [15, 19, 16, 18], [17, 1, 18, 24], [6, 20, 7, 19], [8, 22, 9, 21], [23, 17, 24, 16], [10, 2, 11, 1], [12, 4, 13, 3], [14, 6, 15, 5], [22, 8, 23, 7]]"
12n_0477_159,"[[22, 8, 23, 7], [20, 10, 21, 9], [4, 12, 5, 11], [2, 14, 3, 13], [15, 19, 16, 18], [17, 1, 18, 24], [6, 20, 7, 19], [8, 22, 9, 21], [23, 17, 24, 16], [10, 2, 11, 1], [12, 4, 13, 3], [14, 6, 15, 5]]"
12n_0477_160,"[[14, 6, 15, 5], [22, 8, 23, 7], [20, 10, 21, 9], [4, 12, 5, 11], [2, 14, 3, 13], [15, 19, 16, 18], [17, 1, 18, 24], [6, 20, 7, 19], [8, 22, 9, 21], [23, 17, 24, 16], [10, 2, 11, 1], [12, 4, 13, 3]]"
12n_0477_161,"[[12, 4, 13, 3], [14, 6, 15, 5], [22, 8, 23, 7], [20, 10, 21, 9], [4, 12, 5, 11], [2, 14, 3, 13], [15, 19, 16, 18], [17, 1, 18, 24], [6, 20, 7, 19], [8, 22, 9, 21], [23, 17, 24, 16], [10, 2, 11, 1]]"
12n_0477_162,"[[10, 2, 11, 1], [12, 4, 13, 3], [14, 6, 15, 5], [22, 8, 23, 7], [20, 10, 21, 9], [4, 12, 5, 11], [2, 14, 3, 13], [15, 19, 16, 18], [17, 1, 18, 24], [6, 20, 7, 19], [8, 22, 9, 21], [23, 17, 24, 16]]"
12n_0477_163,"[[23, 17, 24, 16], [10, 2, 11, 1], [12, 4, 13, 3], [14, 6, 15, 5], [22, 8, 23, 7], [20, 10, 21, 9], [4, 12, 5, 11], [2, 14, 3, 13], [15, 19, 16, 18], [17, 1, 18, 24], [6, 20, 7, 19], [8, 22, 9, 21]]"
12n_0477_164,"[[8, 22, 9, 21], [23, 17, 24, 16], [10, 2, 11, 1], [12, 4, 13, 3], [14, 6, 15, 5], [22, 8, 23, 7], [20, 10, 21, 9], [4, 12, 5, 11], [2, 14, 3, 13], [15, 19, 16, 18], [17, 1, 18, 24], [6, 20, 7, 19]]"
12n_0477_165,"[[6, 20, 7, 19], [8, 22, 9, 21], [23, 17, 24, 16], [10, 2, 11, 1], [12, 4, 13, 3], [14, 6, 15, 5], [22, 8, 23, 7], [20, 10, 21, 9], [4, 12, 5, 11], [2, 14, 3, 13], [15, 19, 16, 18], [17, 1, 18, 24]]"
12n_0477_166,"[[17, 1, 18, 24], [6, 20, 7, 19], [8, 22, 9, 21], [23, 17, 24, 16], [10, 2, 11, 1], [12, 4, 13, 3], [14, 6, 15, 5], [22, 8, 23, 7], [20, 10, 21, 9], [4, 12, 5, 11], [2, 14, 3, 13], [15, 19, 16, 18]]"
12n_0477_167,"[[15, 19, 16, 18], [17, 1, 18, 24], [6, 20, 7, 19], [8, 22, 9, 21], [23, 17, 24, 16], [10, 2, 11, 1], [12, 4, 13, 3], [14, 6, 15, 5], [22, 8, 23, 7], [20, 10, 21, 9], [4, 12, 5, 11], [2, 14, 3, 13]]"
12n_0477_168,"[[3, 15, 4, 14], [16, 20, 17, 19], [18, 2, 19, 1], [7, 21, 8, 20], [9, 23, 10, 22], [24, 18, 1, 17], [11, 3, 12, 2], [13, 5, 14, 4], [15, 7, 16, 6], [23, 9, 24, 8], [21, 11, 22, 10], [5, 13, 6, 12]]"
12n_0477_169,"[[5, 13, 6, 12], [3, 15, 4, 14], [16, 20, 17, 19], [18, 2, 19, 1], [7, 21, 8, 20], [9, 23, 10, 22], [24, 18, 1, 17], [11, 3, 12, 2], [13, 5, 14, 4], [15, 7, 16, 6], [23, 9, 24, 8], [21, 11, 22, 10]]"
12n_0477_170,"[[21, 11, 22, 10], [5, 13, 6, 12], [3, 15, 4, 14], [16, 20, 17, 19], [18, 2, 19, 1], [7, 21, 8, 20], [9, 23, 10, 22], [24, 18, 1, 17], [11, 3, 12, 2], [13, 5, 14, 4], [15, 7, 16, 6], [23, 9, 24, 8]]"
12n_0477_171,"[[23, 9, 24, 8], [21, 11, 22, 10], [5, 13, 6, 12], [3, 15, 4, 14], [16, 20, 17, 19], [18, 2, 19, 1], [7, 21, 8, 20], [9, 23, 10, 22], [24, 18, 1, 17], [11, 3, 12, 2], [13, 5, 14, 4], [15, 7, 16, 6]]"
12n_0477_172,"[[15, 7, 16, 6], [23, 9, 24, 8], [21, 11, 22, 10], [5, 13, 6, 12], [3, 15, 4, 14], [16, 20, 17, 19], [18, 2, 19, 1], [7, 21, 8, 20], [9, 23, 10, 22], [24, 18, 1, 17], [11, 3, 12, 2], [13, 5, 14, 4]]"
12n_0477_173,"[[13, 5, 14, 4], [15, 7, 16, 6], [23, 9, 24, 8], [21, 11, 22, 10], [5, 13, 6, 12], [3, 15, 4, 14], [16, 20, 17, 19], [18, 2, 19, 1], [7, 21, 8, 20], [9, 23, 10, 22], [24, 18, 1, 17], [11, 3, 12, 2]]"
12n_0477_174,"[[11, 3, 12, 2], [13, 5, 14, 4], [15, 7, 16, 6], [23, 9, 24, 8], [21, 11, 22, 10], [5, 13, 6, 12], [3, 15, 4, 14], [16, 20, 17, 19], [18, 2, 19, 1], [7, 21, 8, 20], [9, 23, 10, 22], [24, 18, 1, 17]]"
12n_0477_175,"[[24, 18, 1, 17], [11, 3, 12, 2], [13, 5, 14, 4], [15, 7, 16, 6], [23, 9, 24, 8], [21, 11, 22, 10], [5, 13, 6, 12], [3, 15, 4, 14], [16, 20, 17, 19], [18, 2, 19, 1], [7, 21, 8, 20], [9, 23, 10, 22]]"
12n_0477_176,"[[9, 23, 10, 22], [24, 18, 1, 17], [11, 3, 12, 2], [13, 5, 14, 4], [15, 7, 16, 6], [23, 9, 24, 8], [21, 11, 22, 10], [5, 13, 6, 12], [3, 15, 4, 14], [16, 20, 17, 19], [18, 2, 19, 1], [7, 21, 8, 20]]"
12n_0477_177,"[[7, 21, 8, 20], [9, 23, 10, 22], [24, 18, 1, 17], [11, 3, 12, 2], [13, 5, 14, 4], [15, 7, 16, 6], [23, 9, 24, 8], [21, 11, 22, 10], [5, 13, 6, 12], [3, 15, 4, 14], [16, 20, 17, 19], [18, 2, 19, 1]]"
12n_0477_178,"[[18, 2, 19, 1], [7, 21, 8, 20], [9, 23, 10, 22], [24, 18, 1, 17], [11, 3, 12, 2], [13, 5, 14, 4], [15, 7, 16, 6], [23, 9, 24, 8], [21, 11, 22, 10], [5, 13, 6, 12], [3, 15, 4, 14], [16, 20, 17, 19]]"
12n_0477_179,"[[16, 20, 17, 19], [18, 2, 19, 1], [7, 21, 8, 20], [9, 23, 10, 22], [24, 18, 1, 17], [11, 3, 12, 2], [13, 5, 14, 4], [15, 7, 16, 6], [23, 9, 24, 8], [21, 11, 22, 10], [5, 13, 6, 12], [3, 15, 4, 14]]"
12n_0477_180,"[[4, 16, 5, 15], [17, 21, 18, 20], [19, 3, 20, 2], [8, 22, 9, 21], [10, 24, 11, 23], [1, 19, 2, 18], [12, 4, 13, 3], [14, 6, 15, 5], [16, 8, 17, 7], [24, 10, 1, 9], [22, 12, 23, 11], [6, 14, 7, 13]]"
12n_0477_181,"[[6, 14, 7, 13], [4, 16, 5, 15], [17, 21, 18, 20], [19, 3, 20, 2], [8, 22, 9, 21], [10, 24, 11, 23], [1, 19, 2, 18], [12, 4, 13, 3], [14, 6, 15, 5], [16, 8, 17, 7], [24, 10, 1, 9], [22, 12, 23, 11]]"
12n_0477_182,"[[22, 12, 23, 11], [6, 14, 7, 13], [4, 16, 5, 15], [17, 21, 18, 20], [19, 3, 20, 2], [8, 22, 9, 21], [10, 24, 11, 23], [1, 19, 2, 18], [12, 4, 13, 3], [14, 6, 15, 5], [16, 8, 17, 7], [24, 10, 1, 9]]"
12n_0477_183,"[[24, 10, 1, 9], [22, 12, 23, 11], [6, 14, 7, 13], [4, 16, 5, 15], [17, 21, 18, 20], [19, 3, 20, 2], [8, 22, 9, 21], [10, 24, 11, 23], [1, 19, 2, 18], [12, 4, 13, 3], [14, 6, 15, 5], [16, 8, 17, 7]]"
12n_0477_184,"[[16, 8, 17, 7], [24, 10, 1, 9], [22, 12, 23, 11], [6, 14, 7, 13], [4, 16, 5, 15], [17, 21, 18, 20], [19, 3, 20, 2], [8, 22, 9, 21], [10, 24, 11, 23], [1, 19, 2, 18], [12, 4, 13, 3], [14, 6, 15, 5]]"
12n_0477_185,"[[14, 6, 15, 5], [16, 8, 17, 7], [24, 10, 1, 9], [22, 12, 23, 11], [6, 14, 7, 13], [4, 16, 5, 15], [17, 21, 18, 20], [19, 3, 20, 2], [8, 22, 9, 21], [10, 24, 11, 23], [1, 19, 2, 18], [12, 4, 13, 3]]"
