name,pd_notation
12n_0090_0,"[[24, 19, 1, 20], [2, 6, 3, 5], [4, 10, 5, 9], [13, 6, 14, 7], [8, 4, 9, 3], [10, 17, 11, 18], [7, 12, 8, 13], [14, 21, 15, 22], [16, 11, 17, 12], [18, 23, 19, 24], [20, 1, 21, 2], [22, 15, 23, 16]]"
12n_0090_1,"[[22, 15, 23, 16], [24, 19, 1, 20], [2, 6, 3, 5], [4, 10, 5, 9], [13, 6, 14, 7], [8, 4, 9, 3], [10, 17, 11, 18], [7, 12, 8, 13], [14, 21, 15, 22], [16, 11, 17, 12], [18, 23, 19, 24], [20, 1, 21, 2]]"
12n_0090_2,"[[20, 1, 21, 2], [22, 15, 23, 16], [24, 19, 1, 20], [2, 6, 3, 5], [4, 10, 5, 9], [13, 6, 14, 7], [8, 4, 9, 3], [10, 17, 11, 18], [7, 12, 8, 13], [14, 21, 15, 22], [16, 11, 17, 12], [18, 23, 19, 24]]"
12n_0090_3,"[[18, 23, 19, 24], [20, 1, 21, 2], [22, 15, 23, 16], [24, 19, 1, 20], [2, 6, 3, 5], [4, 10, 5, 9], [13, 6, 14, 7], [8, 4, 9, 3], [10, 17, 11, 18], [7, 12, 8, 13], [14, 21, 15, 22], [16, 11, 17, 12]]"
12n_0090_4,"[[16, 11, 17, 12], [18, 23, 19, 24], [20, 1, 21, 2], [22, 15, 23, 16], [24, 19, 1, 20], [2, 6, 3, 5], [4, 10, 5, 9], [13, 6, 14, 7], [8, 4, 9, 3], [10, 17, 11, 18], [7, 12, 8, 13], [14, 21, 15, 22]]"
12n_0090_5,"[[14, 21, 15, 22], [16, 11, 17, 12], [18, 23, 19, 24], [20, 1, 21, 2], [22, 15, 23, 16], [24, 19, 1, 20], [2, 6, 3, 5], [4, 10, 5, 9], [13, 6, 14, 7], [8, 4, 9, 3], [10, 17, 11, 18], [7, 12, 8, 13]]"
12n_0090_6,"[[7, 12, 8, 13], [14, 21, 15, 22], [16, 11, 17, 12], [18, 23, 19, 24], [20, 1, 21, 2], [22, 15, 23, 16], [24, 19, 1, 20], [2, 6, 3, 5], [4, 10, 5, 9], [13, 6, 14, 7], [8, 4, 9, 3], [10, 17, 11, 18]]"
12n_0090_7,"[[10, 17, 11, 18], [7, 12, 8, 13], [14, 21, 15, 22], [16, 11, 17, 12], [18, 23, 19, 24], [20, 1, 21, 2], [22, 15, 23, 16], [24, 19, 1, 20], [2, 6, 3, 5], [4, 10, 5, 9], [13, 6, 14, 7], [8, 4, 9, 3]]"
12n_0090_8,"[[8, 4, 9, 3], [10, 17, 11, 18], [7, 12, 8, 13], [14, 21, 15, 22], [16, 11, 17, 12], [18, 23, 19, 24], [20, 1, 21, 2], [22, 15, 23, 16], [24, 19, 1, 20], [2, 6, 3, 5], [4, 10, 5, 9], [13, 6, 14, 7]]"
12n_0090_9,"[[13, 6, 14, 7], [8, 4, 9, 3], [10, 17, 11, 18], [7, 12, 8, 13], [14, 21, 15, 22], [16, 11, 17, 12], [18, 23, 19, 24], [20, 1, 21, 2], [22, 15, 23, 16], [24, 19, 1, 20], [2, 6, 3, 5], [4, 10, 5, 9]]"
12n_0090_10,"[[4, 10, 5, 9], [13, 6, 14, 7], [8, 4, 9, 3], [10, 17, 11, 18], [7, 12, 8, 13], [14, 21, 15, 22], [16, 11, 17, 12], [18, 23, 19, 24], [20, 1, 21, 2], [22, 15, 23, 16], [24, 19, 1, 20], [2, 6, 3, 5]]"
12n_0090_11,"[[2, 6, 3, 5], [4, 10, 5, 9], [13, 6, 14, 7], [8, 4, 9, 3], [10, 17, 11, 18], [7, 12, 8, 13], [14, 21, 15, 22], [16, 11, 17, 12], [18, 23, 19, 24], [20, 1, 21, 2], [22, 15, 23, 16], [24, 19, 1, 20]]"
12n_0090_12,"[[1, 20, 2, 21], [3, 7, 4, 6], [5, 11, 6, 10], [14, 7, 15, 8], [9, 5, 10, 4], [11, 18, 12, 19], [8, 13, 9, 14], [15, 22, 16, 23], [17, 12, 18, 13], [19, 24, 20, 1], [21, 2, 22, 3], [23, 16, 24, 17]]"
12n_0090_13,"[[23, 16, 24, 17], [1, 20, 2, 21], [3, 7, 4, 6], [5, 11, 6, 10], [14, 7, 15, 8], [9, 5, 10, 4], [11, 18, 12, 19], [8, 13, 9, 14], [15, 22, 16, 23], [17, 12, 18, 13], [19, 24, 20, 1], [21, 2, 22, 3]]"
12n_0090_14,"[[21, 2, 22, 3], [23, 16, 24, 17], [1, 20, 2, 21], [3, 7, 4, 6], [5, 11, 6, 10], [14, 7, 15, 8], [9, 5, 10, 4], [11, 18, 12, 19], [8, 13, 9, 14], [15, 22, 16, 23], [17, 12, 18, 13], [19, 24, 20, 1]]"
12n_0090_15,"[[19, 24, 20, 1], [21, 2, 22, 3], [23, 16, 24, 17], [1, 20, 2, 21], [3, 7, 4, 6], [5, 11, 6, 10], [14, 7, 15, 8], [9, 5, 10, 4], [11, 18, 12, 19], [8, 13, 9, 14], [15, 22, 16, 23], [17, 12, 18, 13]]"
12n_0090_16,"[[17, 12, 18, 13], [19, 24, 20, 1], [21, 2, 22, 3], [23, 16, 24, 17], [1, 20, 2, 21], [3, 7, 4, 6], [5, 11, 6, 10], [14, 7, 15, 8], [9, 5, 10, 4], [11, 18, 12, 19], [8, 13, 9, 14], [15, 22, 16, 23]]"
12n_0090_17,"[[15, 22, 16, 23], [17, 12, 18, 13], [19, 24, 20, 1], [21, 2, 22, 3], [23, 16, 24, 17], [1, 20, 2, 21], [3, 7, 4, 6], [5, 11, 6, 10], [14, 7, 15, 8], [9, 5, 10, 4], [11, 18, 12, 19], [8, 13, 9, 14]]"
12n_0090_18,"[[8, 13, 9, 14], [15, 22, 16, 23], [17, 12, 18, 13], [19, 24, 20, 1], [21, 2, 22, 3], [23, 16, 24, 17], [1, 20, 2, 21], [3, 7, 4, 6], [5, 11, 6, 10], [14, 7, 15, 8], [9, 5, 10, 4], [11, 18, 12, 19]]"
12n_0090_19,"[[11, 18, 12, 19], [8, 13, 9, 14], [15, 22, 16, 23], [17, 12, 18, 13], [19, 24, 20, 1], [21, 2, 22, 3], [23, 16, 24, 17], [1, 20, 2, 21], [3, 7, 4, 6], [5, 11, 6, 10], [14, 7, 15, 8], [9, 5, 10, 4]]"
12n_0090_20,"[[9, 5, 10, 4], [11, 18, 12, 19], [8, 13, 9, 14], [15, 22, 16, 23], [17, 12, 18, 13], [19, 24, 20, 1], [21, 2, 22, 3], [23, 16, 24, 17], [1, 20, 2, 21], [3, 7, 4, 6], [5, 11, 6, 10], [14, 7, 15, 8]]"
12n_0090_21,"[[14, 7, 15, 8], [9, 5, 10, 4], [11, 18, 12, 19], [8, 13, 9, 14], [15, 22, 16, 23], [17, 12, 18, 13], [19, 24, 20, 1], [21, 2, 22, 3], [23, 16, 24, 17], [1, 20, 2, 21], [3, 7, 4, 6], [5, 11, 6, 10]]"
12n_0090_22,"[[5, 11, 6, 10], [14, 7, 15, 8], [9, 5, 10, 4], [11, 18, 12, 19], [8, 13, 9, 14], [15, 22, 16, 23], [17, 12, 18, 13], [19, 24, 20, 1], [21, 2, 22, 3], [23, 16, 24, 17], [1, 20, 2, 21], [3, 7, 4, 6]]"
12n_0090_23,"[[3, 7, 4, 6], [5, 11, 6, 10], [14, 7, 15, 8], [9, 5, 10, 4], [11, 18, 12, 19], [8, 13, 9, 14], [15, 22, 16, 23], [17, 12, 18, 13], [19, 24, 20, 1], [21, 2, 22, 3], [23, 16, 24, 17], [1, 20, 2, 21]]"
12n_0090_24,"[[2, 21, 3, 22], [4, 8, 5, 7], [6, 12, 7, 11], [15, 8, 16, 9], [10, 6, 11, 5], [12, 19, 13, 20], [9, 14, 10, 15], [16, 23, 17, 24], [18, 13, 19, 14], [20, 1, 21, 2], [22, 3, 23, 4], [24, 17, 1, 18]]"
12n_0090_25,"[[24, 17, 1, 18], [2, 21, 3, 22], [4, 8, 5, 7], [6, 12, 7, 11], [15, 8, 16, 9], [10, 6, 11, 5], [12, 19, 13, 20], [9, 14, 10, 15], [16, 23, 17, 24], [18, 13, 19, 14], [20, 1, 21, 2], [22, 3, 23, 4]]"
12n_0090_26,"[[22, 3, 23, 4], [24, 17, 1, 18], [2, 21, 3, 22], [4, 8, 5, 7], [6, 12, 7, 11], [15, 8, 16, 9], [10, 6, 11, 5], [12, 19, 13, 20], [9, 14, 10, 15], [16, 23, 17, 24], [18, 13, 19, 14], [20, 1, 21, 2]]"
12n_0090_27,"[[20, 1, 21, 2], [22, 3, 23, 4], [24, 17, 1, 18], [2, 21, 3, 22], [4, 8, 5, 7], [6, 12, 7, 11], [15, 8, 16, 9], [10, 6, 11, 5], [12, 19, 13, 20], [9, 14, 10, 15], [16, 23, 17, 24], [18, 13, 19, 14]]"
12n_0090_28,"[[18, 13, 19, 14], [20, 1, 21, 2], [22, 3, 23, 4], [24, 17, 1, 18], [2, 21, 3, 22], [4, 8, 5, 7], [6, 12, 7, 11], [15, 8, 16, 9], [10, 6, 11, 5], [12, 19, 13, 20], [9, 14, 10, 15], [16, 23, 17, 24]]"
12n_0090_29,"[[16, 23, 17, 24], [18, 13, 19, 14], [20, 1, 21, 2], [22, 3, 23, 4], [24, 17, 1, 18], [2, 21, 3, 22], [4, 8, 5, 7], [6, 12, 7, 11], [15, 8, 16, 9], [10, 6, 11, 5], [12, 19, 13, 20], [9, 14, 10, 15]]"
12n_0090_30,"[[9, 14, 10, 15], [16, 23, 17, 24], [18, 13, 19, 14], [20, 1, 21, 2], [22, 3, 23, 4], [24, 17, 1, 18], [2, 21, 3, 22], [4, 8, 5, 7], [6, 12, 7, 11], [15, 8, 16, 9], [10, 6, 11, 5], [12, 19, 13, 20]]"
12n_0090_31,"[[12, 19, 13, 20], [9, 14, 10, 15], [16, 23, 17, 24], [18, 13, 19, 14], [20, 1, 21, 2], [22, 3, 23, 4], [24, 17, 1, 18], [2, 21, 3, 22], [4, 8, 5, 7], [6, 12, 7, 11], [15, 8, 16, 9], [10, 6, 11, 5]]"
12n_0090_32,"[[10, 6, 11, 5], [12, 19, 13, 20], [9, 14, 10, 15], [16, 23, 17, 24], [18, 13, 19, 14], [20, 1, 21, 2], [22, 3, 23, 4], [24, 17, 1, 18], [2, 21, 3, 22], [4, 8, 5, 7], [6, 12, 7, 11], [15, 8, 16, 9]]"
12n_0090_33,"[[15, 8, 16, 9], [10, 6, 11, 5], [12, 19, 13, 20], [9, 14, 10, 15], [16, 23, 17, 24], [18, 13, 19, 14], [20, 1, 21, 2], [22, 3, 23, 4], [24, 17, 1, 18], [2, 21, 3, 22], [4, 8, 5, 7], [6, 12, 7, 11]]"
12n_0090_34,"[[6, 12, 7, 11], [15, 8, 16, 9], [10, 6, 11, 5], [12, 19, 13, 20], [9, 14, 10, 15], [16, 23, 17, 24], [18, 13, 19, 14], [20, 1, 21, 2], [22, 3, 23, 4], [24, 17, 1, 18], [2, 21, 3, 22], [4, 8, 5, 7]]"
12n_0090_35,"[[4, 8, 5, 7], [6, 12, 7, 11], [15, 8, 16, 9], [10, 6, 11, 5], [12, 19, 13, 20], [9, 14, 10, 15], [16, 23, 17, 24], [18, 13, 19, 14], [20, 1, 21, 2], [22, 3, 23, 4], [24, 17, 1, 18], [2, 21, 3, 22]]"
12n_0090_36,"[[3, 22, 4, 23], [5, 9, 6, 8], [7, 13, 8, 12], [16, 9, 17, 10], [11, 7, 12, 6], [13, 20, 14, 21], [10, 15, 11, 16], [17, 24, 18, 1], [19, 14, 20, 15], [21, 2, 22, 3], [23, 4, 24, 5], [1, 18, 2, 19]]"
12n_0090_37,"[[1, 18, 2, 19], [3, 22, 4, 23], [5, 9, 6, 8], [7, 13, 8, 12], [16, 9, 17, 10], [11, 7, 12, 6], [13, 20, 14, 21], [10, 15, 11, 16], [17, 24, 18, 1], [19, 14, 20, 15], [21, 2, 22, 3], [23, 4, 24, 5]]"
12n_0090_38,"[[23, 4, 24, 5], [1, 18, 2, 19], [3, 22, 4, 23], [5, 9, 6, 8], [7, 13, 8, 12], [16, 9, 17, 10], [11, 7, 12, 6], [13, 20, 14, 21], [10, 15, 11, 16], [17, 24, 18, 1], [19, 14, 20, 15], [21, 2, 22, 3]]"
12n_0090_39,"[[21, 2, 22, 3], [23, 4, 24, 5], [1, 18, 2, 19], [3, 22, 4, 23], [5, 9, 6, 8], [7, 13, 8, 12], [16, 9, 17, 10], [11, 7, 12, 6], [13, 20, 14, 21], [10, 15, 11, 16], [17, 24, 18, 1], [19, 14, 20, 15]]"
12n_0090_40,"[[19, 14, 20, 15], [21, 2, 22, 3], [23, 4, 24, 5], [1, 18, 2, 19], [3, 22, 4, 23], [5, 9, 6, 8], [7, 13, 8, 12], [16, 9, 17, 10], [11, 7, 12, 6], [13, 20, 14, 21], [10, 15, 11, 16], [17, 24, 18, 1]]"
12n_0090_41,"[[17, 24, 18, 1], [19, 14, 20, 15], [21, 2, 22, 3], [23, 4, 24, 5], [1, 18, 2, 19], [3, 22, 4, 23], [5, 9, 6, 8], [7, 13, 8, 12], [16, 9, 17, 10], [11, 7, 12, 6], [13, 20, 14, 21], [10, 15, 11, 16]]"
12n_0090_42,"[[10, 15, 11, 16], [17, 24, 18, 1], [19, 14, 20, 15], [21, 2, 22, 3], [23, 4, 24, 5], [1, 18, 2, 19], [3, 22, 4, 23], [5, 9, 6, 8], [7, 13, 8, 12], [16, 9, 17, 10], [11, 7, 12, 6], [13, 20, 14, 21]]"
12n_0090_43,"[[13, 20, 14, 21], [10, 15, 11, 16], [17, 24, 18, 1], [19, 14, 20, 15], [21, 2, 22, 3], [23, 4, 24, 5], [1, 18, 2, 19], [3, 22, 4, 23], [5, 9, 6, 8], [7, 13, 8, 12], [16, 9, 17, 10], [11, 7, 12, 6]]"
12n_0090_44,"[[11, 7, 12, 6], [13, 20, 14, 21], [10, 15, 11, 16], [17, 24, 18, 1], [19, 14, 20, 15], [21, 2, 22, 3], [23, 4, 24, 5], [1, 18, 2, 19], [3, 22, 4, 23], [5, 9, 6, 8], [7, 13, 8, 12], [16, 9, 17, 10]]"
12n_0090_45,"[[16, 9, 17, 10], [11, 7, 12, 6], [13, 20, 14, 21], [10, 15, 11, 16], [17, 24, 18, 1], [19, 14, 20, 15], [21, 2, 22, 3], [23, 4, 24, 5], [1, 18, 2, 19], [3, 22, 4, 23], [5, 9, 6, 8], [7, 13, 8, 12]]"
12n_0090_46,"[[7, 13, 8, 12], [16, 9, 17, 10], [11, 7, 12, 6], [13, 20, 14, 21], [10, 15, 11, 16], [17, 24, 18, 1], [19, 14, 20, 15], [21, 2, 22, 3], [23, 4, 24, 5], [1, 18, 2, 19], [3, 22, 4, 23], [5, 9, 6, 8]]"
12n_0090_47,"[[5, 9, 6, 8], [7, 13, 8, 12], [16, 9, 17, 10], [11, 7, 12, 6], [13, 20, 14, 21], [10, 15, 11, 16], [17, 24, 18, 1], [19, 14, 20, 15], [21, 2, 22, 3], [23, 4, 24, 5], [1, 18, 2, 19], [3, 22, 4, 23]]"
12n_0090_48,"[[4, 23, 5, 24], [6, 10, 7, 9], [8, 14, 9, 13], [17, 10, 18, 11], [12, 8, 13, 7], [14, 21, 15, 22], [11, 16, 12, 17], [18, 1, 19, 2], [20, 15, 21, 16], [22, 3, 23, 4], [24, 5, 1, 6], [2, 19, 3, 20]]"
12n_0090_49,"[[2, 19, 3, 20], [4, 23, 5, 24], [6, 10, 7, 9], [8, 14, 9, 13], [17, 10, 18, 11], [12, 8, 13, 7], [14, 21, 15, 22], [11, 16, 12, 17], [18, 1, 19, 2], [20, 15, 21, 16], [22, 3, 23, 4], [24, 5, 1, 6]]"
12n_0090_50,"[[24, 5, 1, 6], [2, 19, 3, 20], [4, 23, 5, 24], [6, 10, 7, 9], [8, 14, 9, 13], [17, 10, 18, 11], [12, 8, 13, 7], [14, 21, 15, 22], [11, 16, 12, 17], [18, 1, 19, 2], [20, 15, 21, 16], [22, 3, 23, 4]]"
12n_0090_51,"[[22, 3, 23, 4], [24, 5, 1, 6], [2, 19, 3, 20], [4, 23, 5, 24], [6, 10, 7, 9], [8, 14, 9, 13], [17, 10, 18, 11], [12, 8, 13, 7], [14, 21, 15, 22], [11, 16, 12, 17], [18, 1, 19, 2], [20, 15, 21, 16]]"
12n_0090_52,"[[20, 15, 21, 16], [22, 3, 23, 4], [24, 5, 1, 6], [2, 19, 3, 20], [4, 23, 5, 24], [6, 10, 7, 9], [8, 14, 9, 13], [17, 10, 18, 11], [12, 8, 13, 7], [14, 21, 15, 22], [11, 16, 12, 17], [18, 1, 19, 2]]"
12n_0090_53,"[[18, 1, 19, 2], [20, 15, 21, 16], [22, 3, 23, 4], [24, 5, 1, 6], [2, 19, 3, 20], [4, 23, 5, 24], [6, 10, 7, 9], [8, 14, 9, 13], [17, 10, 18, 11], [12, 8, 13, 7], [14, 21, 15, 22], [11, 16, 12, 17]]"
12n_0090_54,"[[11, 16, 12, 17], [18, 1, 19, 2], [20, 15, 21, 16], [22, 3, 23, 4], [24, 5, 1, 6], [2, 19, 3, 20], [4, 23, 5, 24], [6, 10, 7, 9], [8, 14, 9, 13], [17, 10, 18, 11], [12, 8, 13, 7], [14, 21, 15, 22]]"
12n_0090_55,"[[14, 21, 15, 22], [11, 16, 12, 17], [18, 1, 19, 2], [20, 15, 21, 16], [22, 3, 23, 4], [24, 5, 1, 6], [2, 19, 3, 20], [4, 23, 5, 24], [6, 10, 7, 9], [8, 14, 9, 13], [17, 10, 18, 11], [12, 8, 13, 7]]"
12n_0090_56,"[[12, 8, 13, 7], [14, 21, 15, 22], [11, 16, 12, 17], [18, 1, 19, 2], [20, 15, 21, 16], [22, 3, 23, 4], [24, 5, 1, 6], [2, 19, 3, 20], [4, 23, 5, 24], [6, 10, 7, 9], [8, 14, 9, 13], [17, 10, 18, 11]]"
12n_0090_57,"[[17, 10, 18, 11], [12, 8, 13, 7], [14, 21, 15, 22], [11, 16, 12, 17], [18, 1, 19, 2], [20, 15, 21, 16], [22, 3, 23, 4], [24, 5, 1, 6], [2, 19, 3, 20], [4, 23, 5, 24], [6, 10, 7, 9], [8, 14, 9, 13]]"
12n_0090_58,"[[8, 14, 9, 13], [17, 10, 18, 11], [12, 8, 13, 7], [14, 21, 15, 22], [11, 16, 12, 17], [18, 1, 19, 2], [20, 15, 21, 16], [22, 3, 23, 4], [24, 5, 1, 6], [2, 19, 3, 20], [4, 23, 5, 24], [6, 10, 7, 9]]"
12n_0090_59,"[[6, 10, 7, 9], [8, 14, 9, 13], [17, 10, 18, 11], [12, 8, 13, 7], [14, 21, 15, 22], [11, 16, 12, 17], [18, 1, 19, 2], [20, 15, 21, 16], [22, 3, 23, 4], [24, 5, 1, 6], [2, 19, 3, 20], [4, 23, 5, 24]]"
12n_0090_60,"[[5, 24, 6, 1], [7, 11, 8, 10], [9, 15, 10, 14], [18, 11, 19, 12], [13, 9, 14, 8], [15, 22, 16, 23], [12, 17, 13, 18], [19, 2, 20, 3], [21, 16, 22, 17], [23, 4, 24, 5], [1, 6, 2, 7], [3, 20, 4, 21]]"
12n_0090_61,"[[3, 20, 4, 21], [5, 24, 6, 1], [7, 11, 8, 10], [9, 15, 10, 14], [18, 11, 19, 12], [13, 9, 14, 8], [15, 22, 16, 23], [12, 17, 13, 18], [19, 2, 20, 3], [21, 16, 22, 17], [23, 4, 24, 5], [1, 6, 2, 7]]"
12n_0090_62,"[[1, 6, 2, 7], [3, 20, 4, 21], [5, 24, 6, 1], [7, 11, 8, 10], [9, 15, 10, 14], [18, 11, 19, 12], [13, 9, 14, 8], [15, 22, 16, 23], [12, 17, 13, 18], [19, 2, 20, 3], [21, 16, 22, 17], [23, 4, 24, 5]]"
12n_0090_63,"[[23, 4, 24, 5], [1, 6, 2, 7], [3, 20, 4, 21], [5, 24, 6, 1], [7, 11, 8, 10], [9, 15, 10, 14], [18, 11, 19, 12], [13, 9, 14, 8], [15, 22, 16, 23], [12, 17, 13, 18], [19, 2, 20, 3], [21, 16, 22, 17]]"
12n_0090_64,"[[21, 16, 22, 17], [23, 4, 24, 5], [1, 6, 2, 7], [3, 20, 4, 21], [5, 24, 6, 1], [7, 11, 8, 10], [9, 15, 10, 14], [18, 11, 19, 12], [13, 9, 14, 8], [15, 22, 16, 23], [12, 17, 13, 18], [19, 2, 20, 3]]"
12n_0090_65,"[[19, 2, 20, 3], [21, 16, 22, 17], [23, 4, 24, 5], [1, 6, 2, 7], [3, 20, 4, 21], [5, 24, 6, 1], [7, 11, 8, 10], [9, 15, 10, 14], [18, 11, 19, 12], [13, 9, 14, 8], [15, 22, 16, 23], [12, 17, 13, 18]]"
12n_0090_66,"[[12, 17, 13, 18], [19, 2, 20, 3], [21, 16, 22, 17], [23, 4, 24, 5], [1, 6, 2, 7], [3, 20, 4, 21], [5, 24, 6, 1], [7, 11, 8, 10], [9, 15, 10, 14], [18, 11, 19, 12], [13, 9, 14, 8], [15, 22, 16, 23]]"
12n_0090_67,"[[15, 22, 16, 23], [12, 17, 13, 18], [19, 2, 20, 3], [21, 16, 22, 17], [23, 4, 24, 5], [1, 6, 2, 7], [3, 20, 4, 21], [5, 24, 6, 1], [7, 11, 8, 10], [9, 15, 10, 14], [18, 11, 19, 12], [13, 9, 14, 8]]"
12n_0090_68,"[[13, 9, 14, 8], [15, 22, 16, 23], [12, 17, 13, 18], [19, 2, 20, 3], [21, 16, 22, 17], [23, 4, 24, 5], [1, 6, 2, 7], [3, 20, 4, 21], [5, 24, 6, 1], [7, 11, 8, 10], [9, 15, 10, 14], [18, 11, 19, 12]]"
12n_0090_69,"[[18, 11, 19, 12], [13, 9, 14, 8], [15, 22, 16, 23], [12, 17, 13, 18], [19, 2, 20, 3], [21, 16, 22, 17], [23, 4, 24, 5], [1, 6, 2, 7], [3, 20, 4, 21], [5, 24, 6, 1], [7, 11, 8, 10], [9, 15, 10, 14]]"
12n_0090_70,"[[9, 15, 10, 14], [18, 11, 19, 12], [13, 9, 14, 8], [15, 22, 16, 23], [12, 17, 13, 18], [19, 2, 20, 3], [21, 16, 22, 17], [23, 4, 24, 5], [1, 6, 2, 7], [3, 20, 4, 21], [5, 24, 6, 1], [7, 11, 8, 10]]"
12n_0090_71,"[[7, 11, 8, 10], [9, 15, 10, 14], [18, 11, 19, 12], [13, 9, 14, 8], [15, 22, 16, 23], [12, 17, 13, 18], [19, 2, 20, 3], [21, 16, 22, 17], [23, 4, 24, 5], [1, 6, 2, 7], [3, 20, 4, 21], [5, 24, 6, 1]]"
12n_0090_72,"[[6, 1, 7, 2], [8, 12, 9, 11], [10, 16, 11, 15], [19, 12, 20, 13], [14, 10, 15, 9], [16, 23, 17, 24], [13, 18, 14, 19], [20, 3, 21, 4], [22, 17, 23, 18], [24, 5, 1, 6], [2, 7, 3, 8], [4, 21, 5, 22]]"
12n_0090_73,"[[4, 21, 5, 22], [6, 1, 7, 2], [8, 12, 9, 11], [10, 16, 11, 15], [19, 12, 20, 13], [14, 10, 15, 9], [16, 23, 17, 24], [13, 18, 14, 19], [20, 3, 21, 4], [22, 17, 23, 18], [24, 5, 1, 6], [2, 7, 3, 8]]"
12n_0090_74,"[[2, 7, 3, 8], [4, 21, 5, 22], [6, 1, 7, 2], [8, 12, 9, 11], [10, 16, 11, 15], [19, 12, 20, 13], [14, 10, 15, 9], [16, 23, 17, 24], [13, 18, 14, 19], [20, 3, 21, 4], [22, 17, 23, 18], [24, 5, 1, 6]]"
12n_0090_75,"[[24, 5, 1, 6], [2, 7, 3, 8], [4, 21, 5, 22], [6, 1, 7, 2], [8, 12, 9, 11], [10, 16, 11, 15], [19, 12, 20, 13], [14, 10, 15, 9], [16, 23, 17, 24], [13, 18, 14, 19], [20, 3, 21, 4], [22, 17, 23, 18]]"
12n_0090_76,"[[22, 17, 23, 18], [24, 5, 1, 6], [2, 7, 3, 8], [4, 21, 5, 22], [6, 1, 7, 2], [8, 12, 9, 11], [10, 16, 11, 15], [19, 12, 20, 13], [14, 10, 15, 9], [16, 23, 17, 24], [13, 18, 14, 19], [20, 3, 21, 4]]"
12n_0090_77,"[[20, 3, 21, 4], [22, 17, 23, 18], [24, 5, 1, 6], [2, 7, 3, 8], [4, 21, 5, 22], [6, 1, 7, 2], [8, 12, 9, 11], [10, 16, 11, 15], [19, 12, 20, 13], [14, 10, 15, 9], [16, 23, 17, 24], [13, 18, 14, 19]]"
12n_0090_78,"[[13, 18, 14, 19], [20, 3, 21, 4], [22, 17, 23, 18], [24, 5, 1, 6], [2, 7, 3, 8], [4, 21, 5, 22], [6, 1, 7, 2], [8, 12, 9, 11], [10, 16, 11, 15], [19, 12, 20, 13], [14, 10, 15, 9], [16, 23, 17, 24]]"
12n_0090_79,"[[16, 23, 17, 24], [13, 18, 14, 19], [20, 3, 21, 4], [22, 17, 23, 18], [24, 5, 1, 6], [2, 7, 3, 8], [4, 21, 5, 22], [6, 1, 7, 2], [8, 12, 9, 11], [10, 16, 11, 15], [19, 12, 20, 13], [14, 10, 15, 9]]"
12n_0090_80,"[[14, 10, 15, 9], [16, 23, 17, 24], [13, 18, 14, 19], [20, 3, 21, 4], [22, 17, 23, 18], [24, 5, 1, 6], [2, 7, 3, 8], [4, 21, 5, 22], [6, 1, 7, 2], [8, 12, 9, 11], [10, 16, 11, 15], [19, 12, 20, 13]]"
12n_0090_81,"[[19, 12, 20, 13], [14, 10, 15, 9], [16, 23, 17, 24], [13, 18, 14, 19], [20, 3, 21, 4], [22, 17, 23, 18], [24, 5, 1, 6], [2, 7, 3, 8], [4, 21, 5, 22], [6, 1, 7, 2], [8, 12, 9, 11], [10, 16, 11, 15]]"
12n_0090_82,"[[10, 16, 11, 15], [19, 12, 20, 13], [14, 10, 15, 9], [16, 23, 17, 24], [13, 18, 14, 19], [20, 3, 21, 4], [22, 17, 23, 18], [24, 5, 1, 6], [2, 7, 3, 8], [4, 21, 5, 22], [6, 1, 7, 2], [8, 12, 9, 11]]"
12n_0090_83,"[[8, 12, 9, 11], [10, 16, 11, 15], [19, 12, 20, 13], [14, 10, 15, 9], [16, 23, 17, 24], [13, 18, 14, 19], [20, 3, 21, 4], [22, 17, 23, 18], [24, 5, 1, 6], [2, 7, 3, 8], [4, 21, 5, 22], [6, 1, 7, 2]]"
12n_0090_84,"[[7, 2, 8, 3], [9, 13, 10, 12], [11, 17, 12, 16], [20, 13, 21, 14], [15, 11, 16, 10], [17, 24, 18, 1], [14, 19, 15, 20], [21, 4, 22, 5], [23, 18, 24, 19], [1, 6, 2, 7], [3, 8, 4, 9], [5, 22, 6, 23]]"
12n_0090_85,"[[5, 22, 6, 23], [7, 2, 8, 3], [9, 13, 10, 12], [11, 17, 12, 16], [20, 13, 21, 14], [15, 11, 16, 10], [17, 24, 18, 1], [14, 19, 15, 20], [21, 4, 22, 5], [23, 18, 24, 19], [1, 6, 2, 7], [3, 8, 4, 9]]"
12n_0090_86,"[[3, 8, 4, 9], [5, 22, 6, 23], [7, 2, 8, 3], [9, 13, 10, 12], [11, 17, 12, 16], [20, 13, 21, 14], [15, 11, 16, 10], [17, 24, 18, 1], [14, 19, 15, 20], [21, 4, 22, 5], [23, 18, 24, 19], [1, 6, 2, 7]]"
12n_0090_87,"[[1, 6, 2, 7], [3, 8, 4, 9], [5, 22, 6, 23], [7, 2, 8, 3], [9, 13, 10, 12], [11, 17, 12, 16], [20, 13, 21, 14], [15, 11, 16, 10], [17, 24, 18, 1], [14, 19, 15, 20], [21, 4, 22, 5], [23, 18, 24, 19]]"
12n_0090_88,"[[23, 18, 24, 19], [1, 6, 2, 7], [3, 8, 4, 9], [5, 22, 6, 23], [7, 2, 8, 3], [9, 13, 10, 12], [11, 17, 12, 16], [20, 13, 21, 14], [15, 11, 16, 10], [17, 24, 18, 1], [14, 19, 15, 20], [21, 4, 22, 5]]"
12n_0090_89,"[[21, 4, 22, 5], [23, 18, 24, 19], [1, 6, 2, 7], [3, 8, 4, 9], [5, 22, 6, 23], [7, 2, 8, 3], [9, 13, 10, 12], [11, 17, 12, 16], [20, 13, 21, 14], [15, 11, 16, 10], [17, 24, 18, 1], [14, 19, 15, 20]]"
12n_0090_90,"[[14, 19, 15, 20], [21, 4, 22, 5], [23, 18, 24, 19], [1, 6, 2, 7], [3, 8, 4, 9], [5, 22, 6, 23], [7, 2, 8, 3], [9, 13, 10, 12], [11, 17, 12, 16], [20, 13, 21, 14], [15, 11, 16, 10], [17, 24, 18, 1]]"
12n_0090_91,"[[17, 24, 18, 1], [14, 19, 15, 20], [21, 4, 22, 5], [23, 18, 24, 19], [1, 6, 2, 7], [3, 8, 4, 9], [5, 22, 6, 23], [7, 2, 8, 3], [9, 13, 10, 12], [11, 17, 12, 16], [20, 13, 21, 14], [15, 11, 16, 10]]"
12n_0090_92,"[[15, 11, 16, 10], [17, 24, 18, 1], [14, 19, 15, 20], [21, 4, 22, 5], [23, 18, 24, 19], [1, 6, 2, 7], [3, 8, 4, 9], [5, 22, 6, 23], [7, 2, 8, 3], [9, 13, 10, 12], [11, 17, 12, 16], [20, 13, 21, 14]]"
12n_0090_93,"[[20, 13, 21, 14], [15, 11, 16, 10], [17, 24, 18, 1], [14, 19, 15, 20], [21, 4, 22, 5], [23, 18, 24, 19], [1, 6, 2, 7], [3, 8, 4, 9], [5, 22, 6, 23], [7, 2, 8, 3], [9, 13, 10, 12], [11, 17, 12, 16]]"
12n_0090_94,"[[11, 17, 12, 16], [20, 13, 21, 14], [15, 11, 16, 10], [17, 24, 18, 1], [14, 19, 15, 20], [21, 4, 22, 5], [23, 18, 24, 19], [1, 6, 2, 7], [3, 8, 4, 9], [5, 22, 6, 23], [7, 2, 8, 3], [9, 13, 10, 12]]"
12n_0090_95,"[[9, 13, 10, 12], [11, 17, 12, 16], [20, 13, 21, 14], [15, 11, 16, 10], [17, 24, 18, 1], [14, 19, 15, 20], [21, 4, 22, 5], [23, 18, 24, 19], [1, 6, 2, 7], [3, 8, 4, 9], [5, 22, 6, 23], [7, 2, 8, 3]]"
12n_0090_96,"[[8, 3, 9, 4], [10, 14, 11, 13], [12, 18, 13, 17], [21, 14, 22, 15], [16, 12, 17, 11], [18, 1, 19, 2], [15, 20, 16, 21], [22, 5, 23, 6], [24, 19, 1, 20], [2, 7, 3, 8], [4, 9, 5, 10], [6, 23, 7, 24]]"
12n_0090_97,"[[6, 23, 7, 24], [8, 3, 9, 4], [10, 14, 11, 13], [12, 18, 13, 17], [21, 14, 22, 15], [16, 12, 17, 11], [18, 1, 19, 2], [15, 20, 16, 21], [22, 5, 23, 6], [24, 19, 1, 20], [2, 7, 3, 8], [4, 9, 5, 10]]"
12n_0090_98,"[[4, 9, 5, 10], [6, 23, 7, 24], [8, 3, 9, 4], [10, 14, 11, 13], [12, 18, 13, 17], [21, 14, 22, 15], [16, 12, 17, 11], [18, 1, 19, 2], [15, 20, 16, 21], [22, 5, 23, 6], [24, 19, 1, 20], [2, 7, 3, 8]]"
12n_0090_99,"[[2, 7, 3, 8], [4, 9, 5, 10], [6, 23, 7, 24], [8, 3, 9, 4], [10, 14, 11, 13], [12, 18, 13, 17], [21, 14, 22, 15], [16, 12, 17, 11], [18, 1, 19, 2], [15, 20, 16, 21], [22, 5, 23, 6], [24, 19, 1, 20]]"
12n_0090_100,"[[24, 19, 1, 20], [2, 7, 3, 8], [4, 9, 5, 10], [6, 23, 7, 24], [8, 3, 9, 4], [10, 14, 11, 13], [12, 18, 13, 17], [21, 14, 22, 15], [16, 12, 17, 11], [18, 1, 19, 2], [15, 20, 16, 21], [22, 5, 23, 6]]"
12n_0090_101,"[[22, 5, 23, 6], [24, 19, 1, 20], [2, 7, 3, 8], [4, 9, 5, 10], [6, 23, 7, 24], [8, 3, 9, 4], [10, 14, 11, 13], [12, 18, 13, 17], [21, 14, 22, 15], [16, 12, 17, 11], [18, 1, 19, 2], [15, 20, 16, 21]]"
12n_0090_102,"[[15, 20, 16, 21], [22, 5, 23, 6], [24, 19, 1, 20], [2, 7, 3, 8], [4, 9, 5, 10], [6, 23, 7, 24], [8, 3, 9, 4], [10, 14, 11, 13], [12, 18, 13, 17], [21, 14, 22, 15], [16, 12, 17, 11], [18, 1, 19, 2]]"
12n_0090_103,"[[18, 1, 19, 2], [15, 20, 16, 21], [22, 5, 23, 6], [24, 19, 1, 20], [2, 7, 3, 8], [4, 9, 5, 10], [6, 23, 7, 24], [8, 3, 9, 4], [10, 14, 11, 13], [12, 18, 13, 17], [21, 14, 22, 15], [16, 12, 17, 11]]"
12n_0090_104,"[[16, 12, 17, 11], [18, 1, 19, 2], [15, 20, 16, 21], [22, 5, 23, 6], [24, 19, 1, 20], [2, 7, 3, 8], [4, 9, 5, 10], [6, 23, 7, 24], [8, 3, 9, 4], [10, 14, 11, 13], [12, 18, 13, 17], [21, 14, 22, 15]]"
12n_0090_105,"[[21, 14, 22, 15], [16, 12, 17, 11], [18, 1, 19, 2], [15, 20, 16, 21], [22, 5, 23, 6], [24, 19, 1, 20], [2, 7, 3, 8], [4, 9, 5, 10], [6, 23, 7, 24], [8, 3, 9, 4], [10, 14, 11, 13], [12, 18, 13, 17]]"
12n_0090_106,"[[12, 18, 13, 17], [21, 14, 22, 15], [16, 12, 17, 11], [18, 1, 19, 2], [15, 20, 16, 21], [22, 5, 23, 6], [24, 19, 1, 20], [2, 7, 3, 8], [4, 9, 5, 10], [6, 23, 7, 24], [8, 3, 9, 4], [10, 14, 11, 13]]"
12n_0090_107,"[[10, 14, 11, 13], [12, 18, 13, 17], [21, 14, 22, 15], [16, 12, 17, 11], [18, 1, 19, 2], [15, 20, 16, 21], [22, 5, 23, 6], [24, 19, 1, 20], [2, 7, 3, 8], [4, 9, 5, 10], [6, 23, 7, 24], [8, 3, 9, 4]]"
12n_0090_108,"[[9, 4, 10, 5], [11, 15, 12, 14], [13, 19, 14, 18], [22, 15, 23, 16], [17, 13, 18, 12], [19, 2, 20, 3], [16, 21, 17, 22], [23, 6, 24, 7], [1, 20, 2, 21], [3, 8, 4, 9], [5, 10, 6, 11], [7, 24, 8, 1]]"
12n_0090_109,"[[7, 24, 8, 1], [9, 4, 10, 5], [11, 15, 12, 14], [13, 19, 14, 18], [22, 15, 23, 16], [17, 13, 18, 12], [19, 2, 20, 3], [16, 21, 17, 22], [23, 6, 24, 7], [1, 20, 2, 21], [3, 8, 4, 9], [5, 10, 6, 11]]"
12n_0090_110,"[[5, 10, 6, 11], [7, 24, 8, 1], [9, 4, 10, 5], [11, 15, 12, 14], [13, 19, 14, 18], [22, 15, 23, 16], [17, 13, 18, 12], [19, 2, 20, 3], [16, 21, 17, 22], [23, 6, 24, 7], [1, 20, 2, 21], [3, 8, 4, 9]]"
12n_0090_111,"[[3, 8, 4, 9], [5, 10, 6, 11], [7, 24, 8, 1], [9, 4, 10, 5], [11, 15, 12, 14], [13, 19, 14, 18], [22, 15, 23, 16], [17, 13, 18, 12], [19, 2, 20, 3], [16, 21, 17, 22], [23, 6, 24, 7], [1, 20, 2, 21]]"
12n_0090_112,"[[1, 20, 2, 21], [3, 8, 4, 9], [5, 10, 6, 11], [7, 24, 8, 1], [9, 4, 10, 5], [11, 15, 12, 14], [13, 19, 14, 18], [22, 15, 23, 16], [17, 13, 18, 12], [19, 2, 20, 3], [16, 21, 17, 22], [23, 6, 24, 7]]"
12n_0090_113,"[[23, 6, 24, 7], [1, 20, 2, 21], [3, 8, 4, 9], [5, 10, 6, 11], [7, 24, 8, 1], [9, 4, 10, 5], [11, 15, 12, 14], [13, 19, 14, 18], [22, 15, 23, 16], [17, 13, 18, 12], [19, 2, 20, 3], [16, 21, 17, 22]]"
12n_0090_114,"[[16, 21, 17, 22], [23, 6, 24, 7], [1, 20, 2, 21], [3, 8, 4, 9], [5, 10, 6, 11], [7, 24, 8, 1], [9, 4, 10, 5], [11, 15, 12, 14], [13, 19, 14, 18], [22, 15, 23, 16], [17, 13, 18, 12], [19, 2, 20, 3]]"
12n_0090_115,"[[19, 2, 20, 3], [16, 21, 17, 22], [23, 6, 24, 7], [1, 20, 2, 21], [3, 8, 4, 9], [5, 10, 6, 11], [7, 24, 8, 1], [9, 4, 10, 5], [11, 15, 12, 14], [13, 19, 14, 18], [22, 15, 23, 16], [17, 13, 18, 12]]"
12n_0090_116,"[[17, 13, 18, 12], [19, 2, 20, 3], [16, 21, 17, 22], [23, 6, 24, 7], [1, 20, 2, 21], [3, 8, 4, 9], [5, 10, 6, 11], [7, 24, 8, 1], [9, 4, 10, 5], [11, 15, 12, 14], [13, 19, 14, 18], [22, 15, 23, 16]]"
12n_0090_117,"[[22, 15, 23, 16], [17, 13, 18, 12], [19, 2, 20, 3], [16, 21, 17, 22], [23, 6, 24, 7], [1, 20, 2, 21], [3, 8, 4, 9], [5, 10, 6, 11], [7, 24, 8, 1], [9, 4, 10, 5], [11, 15, 12, 14], [13, 19, 14, 18]]"
12n_0090_118,"[[13, 19, 14, 18], [22, 15, 23, 16], [17, 13, 18, 12], [19, 2, 20, 3], [16, 21, 17, 22], [23, 6, 24, 7], [1, 20, 2, 21], [3, 8, 4, 9], [5, 10, 6, 11], [7, 24, 8, 1], [9, 4, 10, 5], [11, 15, 12, 14]]"
12n_0090_119,"[[11, 15, 12, 14], [13, 19, 14, 18], [22, 15, 23, 16], [17, 13, 18, 12], [19, 2, 20, 3], [16, 21, 17, 22], [23, 6, 24, 7], [1, 20, 2, 21], [3, 8, 4, 9], [5, 10, 6, 11], [7, 24, 8, 1], [9, 4, 10, 5]]"
12n_0090_120,"[[10, 5, 11, 6], [12, 16, 13, 15], [14, 20, 15, 19], [23, 16, 24, 17], [18, 14, 19, 13], [20, 3, 21, 4], [17, 22, 18, 23], [24, 7, 1, 8], [2, 21, 3, 22], [4, 9, 5, 10], [6, 11, 7, 12], [8, 1, 9, 2]]"
12n_0090_121,"[[8, 1, 9, 2], [10, 5, 11, 6], [12, 16, 13, 15], [14, 20, 15, 19], [23, 16, 24, 17], [18, 14, 19, 13], [20, 3, 21, 4], [17, 22, 18, 23], [24, 7, 1, 8], [2, 21, 3, 22], [4, 9, 5, 10], [6, 11, 7, 12]]"
12n_0090_122,"[[6, 11, 7, 12], [8, 1, 9, 2], [10, 5, 11, 6], [12, 16, 13, 15], [14, 20, 15, 19], [23, 16, 24, 17], [18, 14, 19, 13], [20, 3, 21, 4], [17, 22, 18, 23], [24, 7, 1, 8], [2, 21, 3, 22], [4, 9, 5, 10]]"
12n_0090_123,"[[4, 9, 5, 10], [6, 11, 7, 12], [8, 1, 9, 2], [10, 5, 11, 6], [12, 16, 13, 15], [14, 20, 15, 19], [23, 16, 24, 17], [18, 14, 19, 13], [20, 3, 21, 4], [17, 22, 18, 23], [24, 7, 1, 8], [2, 21, 3, 22]]"
12n_0090_124,"[[2, 21, 3, 22], [4, 9, 5, 10], [6, 11, 7, 12], [8, 1, 9, 2], [10, 5, 11, 6], [12, 16, 13, 15], [14, 20, 15, 19], [23, 16, 24, 17], [18, 14, 19, 13], [20, 3, 21, 4], [17, 22, 18, 23], [24, 7, 1, 8]]"
12n_0090_125,"[[24, 7, 1, 8], [2, 21, 3, 22], [4, 9, 5, 10], [6, 11, 7, 12], [8, 1, 9, 2], [10, 5, 11, 6], [12, 16, 13, 15], [14, 20, 15, 19], [23, 16, 24, 17], [18, 14, 19, 13], [20, 3, 21, 4], [17, 22, 18, 23]]"
12n_0090_126,"[[17, 22, 18, 23], [24, 7, 1, 8], [2, 21, 3, 22], [4, 9, 5, 10], [6, 11, 7, 12], [8, 1, 9, 2], [10, 5, 11, 6], [12, 16, 13, 15], [14, 20, 15, 19], [23, 16, 24, 17], [18, 14, 19, 13], [20, 3, 21, 4]]"
12n_0090_127,"[[20, 3, 21, 4], [17, 22, 18, 23], [24, 7, 1, 8], [2, 21, 3, 22], [4, 9, 5, 10], [6, 11, 7, 12], [8, 1, 9, 2], [10, 5, 11, 6], [12, 16, 13, 15], [14, 20, 15, 19], [23, 16, 24, 17], [18, 14, 19, 13]]"
12n_0090_128,"[[18, 14, 19, 13], [20, 3, 21, 4], [17, 22, 18, 23], [24, 7, 1, 8], [2, 21, 3, 22], [4, 9, 5, 10], [6, 11, 7, 12], [8, 1, 9, 2], [10, 5, 11, 6], [12, 16, 13, 15], [14, 20, 15, 19], [23, 16, 24, 17]]"
12n_0090_129,"[[23, 16, 24, 17], [18, 14, 19, 13], [20, 3, 21, 4], [17, 22, 18, 23], [24, 7, 1, 8], [2, 21, 3, 22], [4, 9, 5, 10], [6, 11, 7, 12], [8, 1, 9, 2], [10, 5, 11, 6], [12, 16, 13, 15], [14, 20, 15, 19]]"
12n_0090_130,"[[14, 20, 15, 19], [23, 16, 24, 17], [18, 14, 19, 13], [20, 3, 21, 4], [17, 22, 18, 23], [24, 7, 1, 8], [2, 21, 3, 22], [4, 9, 5, 10], [6, 11, 7, 12], [8, 1, 9, 2], [10, 5, 11, 6], [12, 16, 13, 15]]"
12n_0090_131,"[[12, 16, 13, 15], [14, 20, 15, 19], [23, 16, 24, 17], [18, 14, 19, 13], [20, 3, 21, 4], [17, 22, 18, 23], [24, 7, 1, 8], [2, 21, 3, 22], [4, 9, 5, 10], [6, 11, 7, 12], [8, 1, 9, 2], [10, 5, 11, 6]]"
12n_0090_132,"[[11, 6, 12, 7], [13, 17, 14, 16], [15, 21, 16, 20], [24, 17, 1, 18], [19, 15, 20, 14], [21, 4, 22, 5], [18, 23, 19, 24], [1, 8, 2, 9], [3, 22, 4, 23], [5, 10, 6, 11], [7, 12, 8, 13], [9, 2, 10, 3]]"
12n_0090_133,"[[9, 2, 10, 3], [11, 6, 12, 7], [13, 17, 14, 16], [15, 21, 16, 20], [24, 17, 1, 18], [19, 15, 20, 14], [21, 4, 22, 5], [18, 23, 19, 24], [1, 8, 2, 9], [3, 22, 4, 23], [5, 10, 6, 11], [7, 12, 8, 13]]"
12n_0090_134,"[[7, 12, 8, 13], [9, 2, 10, 3], [11, 6, 12, 7], [13, 17, 14, 16], [15, 21, 16, 20], [24, 17, 1, 18], [19, 15, 20, 14], [21, 4, 22, 5], [18, 23, 19, 24], [1, 8, 2, 9], [3, 22, 4, 23], [5, 10, 6, 11]]"
12n_0090_135,"[[5, 10, 6, 11], [7, 12, 8, 13], [9, 2, 10, 3], [11, 6, 12, 7], [13, 17, 14, 16], [15, 21, 16, 20], [24, 17, 1, 18], [19, 15, 20, 14], [21, 4, 22, 5], [18, 23, 19, 24], [1, 8, 2, 9], [3, 22, 4, 23]]"
12n_0090_136,"[[3, 22, 4, 23], [5, 10, 6, 11], [7, 12, 8, 13], [9, 2, 10, 3], [11, 6, 12, 7], [13, 17, 14, 16], [15, 21, 16, 20], [24, 17, 1, 18], [19, 15, 20, 14], [21, 4, 22, 5], [18, 23, 19, 24], [1, 8, 2, 9]]"
12n_0090_137,"[[1, 8, 2, 9], [3, 22, 4, 23], [5, 10, 6, 11], [7, 12, 8, 13], [9, 2, 10, 3], [11, 6, 12, 7], [13, 17, 14, 16], [15, 21, 16, 20], [24, 17, 1, 18], [19, 15, 20, 14], [21, 4, 22, 5], [18, 23, 19, 24]]"
12n_0090_138,"[[18, 23, 19, 24], [1, 8, 2, 9], [3, 22, 4, 23], [5, 10, 6, 11], [7, 12, 8, 13], [9, 2, 10, 3], [11, 6, 12, 7], [13, 17, 14, 16], [15, 21, 16, 20], [24, 17, 1, 18], [19, 15, 20, 14], [21, 4, 22, 5]]"
12n_0090_139,"[[21, 4, 22, 5], [18, 23, 19, 24], [1, 8, 2, 9], [3, 22, 4, 23], [5, 10, 6, 11], [7, 12, 8, 13], [9, 2, 10, 3], [11, 6, 12, 7], [13, 17, 14, 16], [15, 21, 16, 20], [24, 17, 1, 18], [19, 15, 20, 14]]"
12n_0090_140,"[[19, 15, 20, 14], [21, 4, 22, 5], [18, 23, 19, 24], [1, 8, 2, 9], [3, 22, 4, 23], [5, 10, 6, 11], [7, 12, 8, 13], [9, 2, 10, 3], [11, 6, 12, 7], [13, 17, 14, 16], [15, 21, 16, 20], [24, 17, 1, 18]]"
12n_0090_141,"[[24, 17, 1, 18], [19, 15, 20, 14], [21, 4, 22, 5], [18, 23, 19, 24], [1, 8, 2, 9], [3, 22, 4, 23], [5, 10, 6, 11], [7, 12, 8, 13], [9, 2, 10, 3], [11, 6, 12, 7], [13, 17, 14, 16], [15, 21, 16, 20]]"
12n_0090_142,"[[15, 21, 16, 20], [24, 17, 1, 18], [19, 15, 20, 14], [21, 4, 22, 5], [18, 23, 19, 24], [1, 8, 2, 9], [3, 22, 4, 23], [5, 10, 6, 11], [7, 12, 8, 13], [9, 2, 10, 3], [11, 6, 12, 7], [13, 17, 14, 16]]"
12n_0090_143,"[[13, 17, 14, 16], [15, 21, 16, 20], [24, 17, 1, 18], [19, 15, 20, 14], [21, 4, 22, 5], [18, 23, 19, 24], [1, 8, 2, 9], [3, 22, 4, 23], [5, 10, 6, 11], [7, 12, 8, 13], [9, 2, 10, 3], [11, 6, 12, 7]]"
12n_0090_144,"[[12, 7, 13, 8], [14, 18, 15, 17], [16, 22, 17, 21], [1, 18, 2, 19], [20, 16, 21, 15], [22, 5, 23, 6], [19, 24, 20, 1], [2, 9, 3, 10], [4, 23, 5, 24], [6, 11, 7, 12], [8, 13, 9, 14], [10, 3, 11, 4]]"
12n_0090_145,"[[10, 3, 11, 4], [12, 7, 13, 8], [14, 18, 15, 17], [16, 22, 17, 21], [1, 18, 2, 19], [20, 16, 21, 15], [22, 5, 23, 6], [19, 24, 20, 1], [2, 9, 3, 10], [4, 23, 5, 24], [6, 11, 7, 12], [8, 13, 9, 14]]"
12n_0090_146,"[[8, 13, 9, 14], [10, 3, 11, 4], [12, 7, 13, 8], [14, 18, 15, 17], [16, 22, 17, 21], [1, 18, 2, 19], [20, 16, 21, 15], [22, 5, 23, 6], [19, 24, 20, 1], [2, 9, 3, 10], [4, 23, 5, 24], [6, 11, 7, 12]]"
12n_0090_147,"[[6, 11, 7, 12], [8, 13, 9, 14], [10, 3, 11, 4], [12, 7, 13, 8], [14, 18, 15, 17], [16, 22, 17, 21], [1, 18, 2, 19], [20, 16, 21, 15], [22, 5, 23, 6], [19, 24, 20, 1], [2, 9, 3, 10], [4, 23, 5, 24]]"
12n_0090_148,"[[4, 23, 5, 24], [6, 11, 7, 12], [8, 13, 9, 14], [10, 3, 11, 4], [12, 7, 13, 8], [14, 18, 15, 17], [16, 22, 17, 21], [1, 18, 2, 19], [20, 16, 21, 15], [22, 5, 23, 6], [19, 24, 20, 1], [2, 9, 3, 10]]"
12n_0090_149,"[[2, 9, 3, 10], [4, 23, 5, 24], [6, 11, 7, 12], [8, 13, 9, 14], [10, 3, 11, 4], [12, 7, 13, 8], [14, 18, 15, 17], [16, 22, 17, 21], [1, 18, 2, 19], [20, 16, 21, 15], [22, 5, 23, 6], [19, 24, 20, 1]]"
12n_0090_150,"[[19, 24, 20, 1], [2, 9, 3, 10], [4, 23, 5, 24], [6, 11, 7, 12], [8, 13, 9, 14], [10, 3, 11, 4], [12, 7, 13, 8], [14, 18, 15, 17], [16, 22, 17, 21], [1, 18, 2, 19], [20, 16, 21, 15], [22, 5, 23, 6]]"
12n_0090_151,"[[22, 5, 23, 6], [19, 24, 20, 1], [2, 9, 3, 10], [4, 23, 5, 24], [6, 11, 7, 12], [8, 13, 9, 14], [10, 3, 11, 4], [12, 7, 13, 8], [14, 18, 15, 17], [16, 22, 17, 21], [1, 18, 2, 19], [20, 16, 21, 15]]"
12n_0090_152,"[[20, 16, 21, 15], [22, 5, 23, 6], [19, 24, 20, 1], [2, 9, 3, 10], [4, 23, 5, 24], [6, 11, 7, 12], [8, 13, 9, 14], [10, 3, 11, 4], [12, 7, 13, 8], [14, 18, 15, 17], [16, 22, 17, 21], [1, 18, 2, 19]]"
12n_0090_153,"[[1, 18, 2, 19], [20, 16, 21, 15], [22, 5, 23, 6], [19, 24, 20, 1], [2, 9, 3, 10], [4, 23, 5, 24], [6, 11, 7, 12], [8, 13, 9, 14], [10, 3, 11, 4], [12, 7, 13, 8], [14, 18, 15, 17], [16, 22, 17, 21]]"
12n_0090_154,"[[16, 22, 17, 21], [1, 18, 2, 19], [20, 16, 21, 15], [22, 5, 23, 6], [19, 24, 20, 1], [2, 9, 3, 10], [4, 23, 5, 24], [6, 11, 7, 12], [8, 13, 9, 14], [10, 3, 11, 4], [12, 7, 13, 8], [14, 18, 15, 17]]"
12n_0090_155,"[[14, 18, 15, 17], [16, 22, 17, 21], [1, 18, 2, 19], [20, 16, 21, 15], [22, 5, 23, 6], [19, 24, 20, 1], [2, 9, 3, 10], [4, 23, 5, 24], [6, 11, 7, 12], [8, 13, 9, 14], [10, 3, 11, 4], [12, 7, 13, 8]]"
12n_0090_156,"[[13, 8, 14, 9], [15, 19, 16, 18], [17, 23, 18, 22], [2, 19, 3, 20], [21, 17, 22, 16], [23, 6, 24, 7], [20, 1, 21, 2], [3, 10, 4, 11], [5, 24, 6, 1], [7, 12, 8, 13], [9, 14, 10, 15], [11, 4, 12, 5]]"
12n_0090_157,"[[11, 4, 12, 5], [13, 8, 14, 9], [15, 19, 16, 18], [17, 23, 18, 22], [2, 19, 3, 20], [21, 17, 22, 16], [23, 6, 24, 7], [20, 1, 21, 2], [3, 10, 4, 11], [5, 24, 6, 1], [7, 12, 8, 13], [9, 14, 10, 15]]"
12n_0090_158,"[[9, 14, 10, 15], [11, 4, 12, 5], [13, 8, 14, 9], [15, 19, 16, 18], [17, 23, 18, 22], [2, 19, 3, 20], [21, 17, 22, 16], [23, 6, 24, 7], [20, 1, 21, 2], [3, 10, 4, 11], [5, 24, 6, 1], [7, 12, 8, 13]]"
12n_0090_159,"[[7, 12, 8, 13], [9, 14, 10, 15], [11, 4, 12, 5], [13, 8, 14, 9], [15, 19, 16, 18], [17, 23, 18, 22], [2, 19, 3, 20], [21, 17, 22, 16], [23, 6, 24, 7], [20, 1, 21, 2], [3, 10, 4, 11], [5, 24, 6, 1]]"
12n_0090_160,"[[5, 24, 6, 1], [7, 12, 8, 13], [9, 14, 10, 15], [11, 4, 12, 5], [13, 8, 14, 9], [15, 19, 16, 18], [17, 23, 18, 22], [2, 19, 3, 20], [21, 17, 22, 16], [23, 6, 24, 7], [20, 1, 21, 2], [3, 10, 4, 11]]"
12n_0090_161,"[[3, 10, 4, 11], [5, 24, 6, 1], [7, 12, 8, 13], [9, 14, 10, 15], [11, 4, 12, 5], [13, 8, 14, 9], [15, 19, 16, 18], [17, 23, 18, 22], [2, 19, 3, 20], [21, 17, 22, 16], [23, 6, 24, 7], [20, 1, 21, 2]]"
12n_0090_162,"[[20, 1, 21, 2], [3, 10, 4, 11], [5, 24, 6, 1], [7, 12, 8, 13], [9, 14, 10, 15], [11, 4, 12, 5], [13, 8, 14, 9], [15, 19, 16, 18], [17, 23, 18, 22], [2, 19, 3, 20], [21, 17, 22, 16], [23, 6, 24, 7]]"
12n_0090_163,"[[23, 6, 24, 7], [20, 1, 21, 2], [3, 10, 4, 11], [5, 24, 6, 1], [7, 12, 8, 13], [9, 14, 10, 15], [11, 4, 12, 5], [13, 8, 14, 9], [15, 19, 16, 18], [17, 23, 18, 22], [2, 19, 3, 20], [21, 17, 22, 16]]"
12n_0090_164,"[[21, 17, 22, 16], [23, 6, 24, 7], [20, 1, 21, 2], [3, 10, 4, 11], [5, 24, 6, 1], [7, 12, 8, 13], [9, 14, 10, 15], [11, 4, 12, 5], [13, 8, 14, 9], [15, 19, 16, 18], [17, 23, 18, 22], [2, 19, 3, 20]]"
12n_0090_165,"[[2, 19, 3, 20], [21, 17, 22, 16], [23, 6, 24, 7], [20, 1, 21, 2], [3, 10, 4, 11], [5, 24, 6, 1], [7, 12, 8, 13], [9, 14, 10, 15], [11, 4, 12, 5], [13, 8, 14, 9], [15, 19, 16, 18], [17, 23, 18, 22]]"
12n_0090_166,"[[17, 23, 18, 22], [2, 19, 3, 20], [21, 17, 22, 16], [23, 6, 24, 7], [20, 1, 21, 2], [3, 10, 4, 11], [5, 24, 6, 1], [7, 12, 8, 13], [9, 14, 10, 15], [11, 4, 12, 5], [13, 8, 14, 9], [15, 19, 16, 18]]"
12n_0090_167,"[[15, 19, 16, 18], [17, 23, 18, 22], [2, 19, 3, 20], [21, 17, 22, 16], [23, 6, 24, 7], [20, 1, 21, 2], [3, 10, 4, 11], [5, 24, 6, 1], [7, 12, 8, 13], [9, 14, 10, 15], [11, 4, 12, 5], [13, 8, 14, 9]]"
12n_0090_168,"[[14, 9, 15, 10], [16, 20, 17, 19], [18, 24, 19, 23], [3, 20, 4, 21], [22, 18, 23, 17], [24, 7, 1, 8], [21, 2, 22, 3], [4, 11, 5, 12], [6, 1, 7, 2], [8, 13, 9, 14], [10, 15, 11, 16], [12, 5, 13, 6]]"
12n_0090_169,"[[12, 5, 13, 6], [14, 9, 15, 10], [16, 20, 17, 19], [18, 24, 19, 23], [3, 20, 4, 21], [22, 18, 23, 17], [24, 7, 1, 8], [21, 2, 22, 3], [4, 11, 5, 12], [6, 1, 7, 2], [8, 13, 9, 14], [10, 15, 11, 16]]"
12n_0090_170,"[[10, 15, 11, 16], [12, 5, 13, 6], [14, 9, 15, 10], [16, 20, 17, 19], [18, 24, 19, 23], [3, 20, 4, 21], [22, 18, 23, 17], [24, 7, 1, 8], [21, 2, 22, 3], [4, 11, 5, 12], [6, 1, 7, 2], [8, 13, 9, 14]]"
12n_0090_171,"[[8, 13, 9, 14], [10, 15, 11, 16], [12, 5, 13, 6], [14, 9, 15, 10], [16, 20, 17, 19], [18, 24, 19, 23], [3, 20, 4, 21], [22, 18, 23, 17], [24, 7, 1, 8], [21, 2, 22, 3], [4, 11, 5, 12], [6, 1, 7, 2]]"
12n_0090_172,"[[6, 1, 7, 2], [8, 13, 9, 14], [10, 15, 11, 16], [12, 5, 13, 6], [14, 9, 15, 10], [16, 20, 17, 19], [18, 24, 19, 23], [3, 20, 4, 21], [22, 18, 23, 17], [24, 7, 1, 8], [21, 2, 22, 3], [4, 11, 5, 12]]"
12n_0090_173,"[[4, 11, 5, 12], [6, 1, 7, 2], [8, 13, 9, 14], [10, 15, 11, 16], [12, 5, 13, 6], [14, 9, 15, 10], [16, 20, 17, 19], [18, 24, 19, 23], [3, 20, 4, 21], [22, 18, 23, 17], [24, 7, 1, 8], [21, 2, 22, 3]]"
12n_0090_174,"[[21, 2, 22, 3], [4, 11, 5, 12], [6, 1, 7, 2], [8, 13, 9, 14], [10, 15, 11, 16], [12, 5, 13, 6], [14, 9, 15, 10], [16, 20, 17, 19], [18, 24, 19, 23], [3, 20, 4, 21], [22, 18, 23, 17], [24, 7, 1, 8]]"
12n_0090_175,"[[24, 7, 1, 8], [21, 2, 22, 3], [4, 11, 5, 12], [6, 1, 7, 2], [8, 13, 9, 14], [10, 15, 11, 16], [12, 5, 13, 6], [14, 9, 15, 10], [16, 20, 17, 19], [18, 24, 19, 23], [3, 20, 4, 21], [22, 18, 23, 17]]"
12n_0090_176,"[[22, 18, 23, 17], [24, 7, 1, 8], [21, 2, 22, 3], [4, 11, 5, 12], [6, 1, 7, 2], [8, 13, 9, 14], [10, 15, 11, 16], [12, 5, 13, 6], [14, 9, 15, 10], [16, 20, 17, 19], [18, 24, 19, 23], [3, 20, 4, 21]]"
12n_0090_177,"[[3, 20, 4, 21], [22, 18, 23, 17], [24, 7, 1, 8], [21, 2, 22, 3], [4, 11, 5, 12], [6, 1, 7, 2], [8, 13, 9, 14], [10, 15, 11, 16], [12, 5, 13, 6], [14, 9, 15, 10], [16, 20, 17, 19], [18, 24, 19, 23]]"
12n_0090_178,"[[18, 24, 19, 23], [3, 20, 4, 21], [22, 18, 23, 17], [24, 7, 1, 8], [21, 2, 22, 3], [4, 11, 5, 12], [6, 1, 7, 2], [8, 13, 9, 14], [10, 15, 11, 16], [12, 5, 13, 6], [14, 9, 15, 10], [16, 20, 17, 19]]"
12n_0090_179,"[[16, 20, 17, 19], [18, 24, 19, 23], [3, 20, 4, 21], [22, 18, 23, 17], [24, 7, 1, 8], [21, 2, 22, 3], [4, 11, 5, 12], [6, 1, 7, 2], [8, 13, 9, 14], [10, 15, 11, 16], [12, 5, 13, 6], [14, 9, 15, 10]]"
12n_0090_180,"[[15, 10, 16, 11], [17, 21, 18, 20], [19, 1, 20, 24], [4, 21, 5, 22], [23, 19, 24, 18], [1, 8, 2, 9], [22, 3, 23, 4], [5, 12, 6, 13], [7, 2, 8, 3], [9, 14, 10, 15], [11, 16, 12, 17], [13, 6, 14, 7]]"
12n_0090_181,"[[13, 6, 14, 7], [15, 10, 16, 11], [17, 21, 18, 20], [19, 1, 20, 24], [4, 21, 5, 22], [23, 19, 24, 18], [1, 8, 2, 9], [22, 3, 23, 4], [5, 12, 6, 13], [7, 2, 8, 3], [9, 14, 10, 15], [11, 16, 12, 17]]"
12n_0090_182,"[[11, 16, 12, 17], [13, 6, 14, 7], [15, 10, 16, 11], [17, 21, 18, 20], [19, 1, 20, 24], [4, 21, 5, 22], [23, 19, 24, 18], [1, 8, 2, 9], [22, 3, 23, 4], [5, 12, 6, 13], [7, 2, 8, 3], [9, 14, 10, 15]]"
12n_0090_183,"[[9, 14, 10, 15], [11, 16, 12, 17], [13, 6, 14, 7], [15, 10, 16, 11], [17, 21, 18, 20], [19, 1, 20, 24], [4, 21, 5, 22], [23, 19, 24, 18], [1, 8, 2, 9], [22, 3, 23, 4], [5, 12, 6, 13], [7, 2, 8, 3]]"
12n_0090_184,"[[7, 2, 8, 3], [9, 14, 10, 15], [11, 16, 12, 17], [13, 6, 14, 7], [15, 10, 16, 11], [17, 21, 18, 20], [19, 1, 20, 24], [4, 21, 5, 22], [23, 19, 24, 18], [1, 8, 2, 9], [22, 3, 23, 4], [5, 12, 6, 13]]"
12n_0090_185,"[[5, 12, 6, 13], [7, 2, 8, 3], [9, 14, 10, 15], [11, 16, 12, 17], [13, 6, 14, 7], [15, 10, 16, 11], [17, 21, 18, 20], [19, 1, 20, 24], [4, 21, 5, 22], [23, 19, 24, 18], [1, 8, 2, 9], [22, 3, 23, 4]]"
