name,pd_notation
12n_0579_0,"[[24, 20, 1, 19], [2, 6, 3, 5], [4, 13, 5, 14], [6, 18, 7, 17], [21, 8, 22, 9], [10, 16, 11, 15], [23, 12, 24, 13], [14, 3, 15, 4], [16, 10, 17, 9], [18, 2, 19, 1], [7, 20, 8, 21], [11, 22, 12, 23]]"
12n_0579_1,"[[11, 22, 12, 23], [24, 20, 1, 19], [2, 6, 3, 5], [4, 13, 5, 14], [6, 18, 7, 17], [21, 8, 22, 9], [10, 16, 11, 15], [23, 12, 24, 13], [14, 3, 15, 4], [16, 10, 17, 9], [18, 2, 19, 1], [7, 20, 8, 21]]"
12n_0579_2,"[[7, 20, 8, 21], [11, 22, 12, 23], [24, 20, 1, 19], [2, 6, 3, 5], [4, 13, 5, 14], [6, 18, 7, 17], [21, 8, 22, 9], [10, 16, 11, 15], [23, 12, 24, 13], [14, 3, 15, 4], [16, 10, 17, 9], [18, 2, 19, 1]]"
12n_0579_3,"[[18, 2, 19, 1], [7, 20, 8, 21], [11, 22, 12, 23], [24, 20, 1, 19], [2, 6, 3, 5], [4, 13, 5, 14], [6, 18, 7, 17], [21, 8, 22, 9], [10, 16, 11, 15], [23, 12, 24, 13], [14, 3, 15, 4], [16, 10, 17, 9]]"
12n_0579_4,"[[16, 10, 17, 9], [18, 2, 19, 1], [7, 20, 8, 21], [11, 22, 12, 23], [24, 20, 1, 19], [2, 6, 3, 5], [4, 13, 5, 14], [6, 18, 7, 17], [21, 8, 22, 9], [10, 16, 11, 15], [23, 12, 24, 13], [14, 3, 15, 4]]"
12n_0579_5,"[[14, 3, 15, 4], [16, 10, 17, 9], [18, 2, 19, 1], [7, 20, 8, 21], [11, 22, 12, 23], [24, 20, 1, 19], [2, 6, 3, 5], [4, 13, 5, 14], [6, 18, 7, 17], [21, 8, 22, 9], [10, 16, 11, 15], [23, 12, 24, 13]]"
12n_0579_6,"[[23, 12, 24, 13], [14, 3, 15, 4], [16, 10, 17, 9], [18, 2, 19, 1], [7, 20, 8, 21], [11, 22, 12, 23], [24, 20, 1, 19], [2, 6, 3, 5], [4, 13, 5, 14], [6, 18, 7, 17], [21, 8, 22, 9], [10, 16, 11, 15]]"
12n_0579_7,"[[10, 16, 11, 15], [23, 12, 24, 13], [14, 3, 15, 4], [16, 10, 17, 9], [18, 2, 19, 1], [7, 20, 8, 21], [11, 22, 12, 23], [24, 20, 1, 19], [2, 6, 3, 5], [4, 13, 5, 14], [6, 18, 7, 17], [21, 8, 22, 9]]"
12n_0579_8,"[[21, 8, 22, 9], [10, 16, 11, 15], [23, 12, 24, 13], [14, 3, 15, 4], [16, 10, 17, 9], [18, 2, 19, 1], [7, 20, 8, 21], [11, 22, 12, 23], [24, 20, 1, 19], [2, 6, 3, 5], [4, 13, 5, 14], [6, 18, 7, 17]]"
12n_0579_9,"[[6, 18, 7, 17], [21, 8, 22, 9], [10, 16, 11, 15], [23, 12, 24, 13], [14, 3, 15, 4], [16, 10, 17, 9], [18, 2, 19, 1], [7, 20, 8, 21], [11, 22, 12, 23], [24, 20, 1, 19], [2, 6, 3, 5], [4, 13, 5, 14]]"
12n_0579_10,"[[4, 13, 5, 14], [6, 18, 7, 17], [21, 8, 22, 9], [10, 16, 11, 15], [23, 12, 24, 13], [14, 3, 15, 4], [16, 10, 17, 9], [18, 2, 19, 1], [7, 20, 8, 21], [11, 22, 12, 23], [24, 20, 1, 19], [2, 6, 3, 5]]"
12n_0579_11,"[[2, 6, 3, 5], [4, 13, 5, 14], [6, 18, 7, 17], [21, 8, 22, 9], [10, 16, 11, 15], [23, 12, 24, 13], [14, 3, 15, 4], [16, 10, 17, 9], [18, 2, 19, 1], [7, 20, 8, 21], [11, 22, 12, 23], [24, 20, 1, 19]]"
12n_0579_12,"[[1, 21, 2, 20], [3, 7, 4, 6], [5, 14, 6, 15], [7, 19, 8, 18], [22, 9, 23, 10], [11, 17, 12, 16], [24, 13, 1, 14], [15, 4, 16, 5], [17, 11, 18, 10], [19, 3, 20, 2], [8, 21, 9, 22], [12, 23, 13, 24]]"
12n_0579_13,"[[12, 23, 13, 24], [1, 21, 2, 20], [3, 7, 4, 6], [5, 14, 6, 15], [7, 19, 8, 18], [22, 9, 23, 10], [11, 17, 12, 16], [24, 13, 1, 14], [15, 4, 16, 5], [17, 11, 18, 10], [19, 3, 20, 2], [8, 21, 9, 22]]"
12n_0579_14,"[[8, 21, 9, 22], [12, 23, 13, 24], [1, 21, 2, 20], [3, 7, 4, 6], [5, 14, 6, 15], [7, 19, 8, 18], [22, 9, 23, 10], [11, 17, 12, 16], [24, 13, 1, 14], [15, 4, 16, 5], [17, 11, 18, 10], [19, 3, 20, 2]]"
12n_0579_15,"[[19, 3, 20, 2], [8, 21, 9, 22], [12, 23, 13, 24], [1, 21, 2, 20], [3, 7, 4, 6], [5, 14, 6, 15], [7, 19, 8, 18], [22, 9, 23, 10], [11, 17, 12, 16], [24, 13, 1, 14], [15, 4, 16, 5], [17, 11, 18, 10]]"
12n_0579_16,"[[17, 11, 18, 10], [19, 3, 20, 2], [8, 21, 9, 22], [12, 23, 13, 24], [1, 21, 2, 20], [3, 7, 4, 6], [5, 14, 6, 15], [7, 19, 8, 18], [22, 9, 23, 10], [11, 17, 12, 16], [24, 13, 1, 14], [15, 4, 16, 5]]"
12n_0579_17,"[[15, 4, 16, 5], [17, 11, 18, 10], [19, 3, 20, 2], [8, 21, 9, 22], [12, 23, 13, 24], [1, 21, 2, 20], [3, 7, 4, 6], [5, 14, 6, 15], [7, 19, 8, 18], [22, 9, 23, 10], [11, 17, 12, 16], [24, 13, 1, 14]]"
12n_0579_18,"[[24, 13, 1, 14], [15, 4, 16, 5], [17, 11, 18, 10], [19, 3, 20, 2], [8, 21, 9, 22], [12, 23, 13, 24], [1, 21, 2, 20], [3, 7, 4, 6], [5, 14, 6, 15], [7, 19, 8, 18], [22, 9, 23, 10], [11, 17, 12, 16]]"
12n_0579_19,"[[11, 17, 12, 16], [24, 13, 1, 14], [15, 4, 16, 5], [17, 11, 18, 10], [19, 3, 20, 2], [8, 21, 9, 22], [12, 23, 13, 24], [1, 21, 2, 20], [3, 7, 4, 6], [5, 14, 6, 15], [7, 19, 8, 18], [22, 9, 23, 10]]"
12n_0579_20,"[[22, 9, 23, 10], [11, 17, 12, 16], [24, 13, 1, 14], [15, 4, 16, 5], [17, 11, 18, 10], [19, 3, 20, 2], [8, 21, 9, 22], [12, 23, 13, 24], [1, 21, 2, 20], [3, 7, 4, 6], [5, 14, 6, 15], [7, 19, 8, 18]]"
12n_0579_21,"[[7, 19, 8, 18], [22, 9, 23, 10], [11, 17, 12, 16], [24, 13, 1, 14], [15, 4, 16, 5], [17, 11, 18, 10], [19, 3, 20, 2], [8, 21, 9, 22], [12, 23, 13, 24], [1, 21, 2, 20], [3, 7, 4, 6], [5, 14, 6, 15]]"
12n_0579_22,"[[5, 14, 6, 15], [7, 19, 8, 18], [22, 9, 23, 10], [11, 17, 12, 16], [24, 13, 1, 14], [15, 4, 16, 5], [17, 11, 18, 10], [19, 3, 20, 2], [8, 21, 9, 22], [12, 23, 13, 24], [1, 21, 2, 20], [3, 7, 4, 6]]"
12n_0579_23,"[[3, 7, 4, 6], [5, 14, 6, 15], [7, 19, 8, 18], [22, 9, 23, 10], [11, 17, 12, 16], [24, 13, 1, 14], [15, 4, 16, 5], [17, 11, 18, 10], [19, 3, 20, 2], [8, 21, 9, 22], [12, 23, 13, 24], [1, 21, 2, 20]]"
12n_0579_24,"[[2, 22, 3, 21], [4, 8, 5, 7], [6, 15, 7, 16], [8, 20, 9, 19], [23, 10, 24, 11], [12, 18, 13, 17], [1, 14, 2, 15], [16, 5, 17, 6], [18, 12, 19, 11], [20, 4, 21, 3], [9, 22, 10, 23], [13, 24, 14, 1]]"
12n_0579_25,"[[13, 24, 14, 1], [2, 22, 3, 21], [4, 8, 5, 7], [6, 15, 7, 16], [8, 20, 9, 19], [23, 10, 24, 11], [12, 18, 13, 17], [1, 14, 2, 15], [16, 5, 17, 6], [18, 12, 19, 11], [20, 4, 21, 3], [9, 22, 10, 23]]"
12n_0579_26,"[[9, 22, 10, 23], [13, 24, 14, 1], [2, 22, 3, 21], [4, 8, 5, 7], [6, 15, 7, 16], [8, 20, 9, 19], [23, 10, 24, 11], [12, 18, 13, 17], [1, 14, 2, 15], [16, 5, 17, 6], [18, 12, 19, 11], [20, 4, 21, 3]]"
12n_0579_27,"[[20, 4, 21, 3], [9, 22, 10, 23], [13, 24, 14, 1], [2, 22, 3, 21], [4, 8, 5, 7], [6, 15, 7, 16], [8, 20, 9, 19], [23, 10, 24, 11], [12, 18, 13, 17], [1, 14, 2, 15], [16, 5, 17, 6], [18, 12, 19, 11]]"
12n_0579_28,"[[18, 12, 19, 11], [20, 4, 21, 3], [9, 22, 10, 23], [13, 24, 14, 1], [2, 22, 3, 21], [4, 8, 5, 7], [6, 15, 7, 16], [8, 20, 9, 19], [23, 10, 24, 11], [12, 18, 13, 17], [1, 14, 2, 15], [16, 5, 17, 6]]"
12n_0579_29,"[[16, 5, 17, 6], [18, 12, 19, 11], [20, 4, 21, 3], [9, 22, 10, 23], [13, 24, 14, 1], [2, 22, 3, 21], [4, 8, 5, 7], [6, 15, 7, 16], [8, 20, 9, 19], [23, 10, 24, 11], [12, 18, 13, 17], [1, 14, 2, 15]]"
12n_0579_30,"[[1, 14, 2, 15], [16, 5, 17, 6], [18, 12, 19, 11], [20, 4, 21, 3], [9, 22, 10, 23], [13, 24, 14, 1], [2, 22, 3, 21], [4, 8, 5, 7], [6, 15, 7, 16], [8, 20, 9, 19], [23, 10, 24, 11], [12, 18, 13, 17]]"
12n_0579_31,"[[12, 18, 13, 17], [1, 14, 2, 15], [16, 5, 17, 6], [18, 12, 19, 11], [20, 4, 21, 3], [9, 22, 10, 23], [13, 24, 14, 1], [2, 22, 3, 21], [4, 8, 5, 7], [6, 15, 7, 16], [8, 20, 9, 19], [23, 10, 24, 11]]"
12n_0579_32,"[[23, 10, 24, 11], [12, 18, 13, 17], [1, 14, 2, 15], [16, 5, 17, 6], [18, 12, 19, 11], [20, 4, 21, 3], [9, 22, 10, 23], [13, 24, 14, 1], [2, 22, 3, 21], [4, 8, 5, 7], [6, 15, 7, 16], [8, 20, 9, 19]]"
12n_0579_33,"[[8, 20, 9, 19], [23, 10, 24, 11], [12, 18, 13, 17], [1, 14, 2, 15], [16, 5, 17, 6], [18, 12, 19, 11], [20, 4, 21, 3], [9, 22, 10, 23], [13, 24, 14, 1], [2, 22, 3, 21], [4, 8, 5, 7], [6, 15, 7, 16]]"
12n_0579_34,"[[6, 15, 7, 16], [8, 20, 9, 19], [23, 10, 24, 11], [12, 18, 13, 17], [1, 14, 2, 15], [16, 5, 17, 6], [18, 12, 19, 11], [20, 4, 21, 3], [9, 22, 10, 23], [13, 24, 14, 1], [2, 22, 3, 21], [4, 8, 5, 7]]"
12n_0579_35,"[[4, 8, 5, 7], [6, 15, 7, 16], [8, 20, 9, 19], [23, 10, 24, 11], [12, 18, 13, 17], [1, 14, 2, 15], [16, 5, 17, 6], [18, 12, 19, 11], [20, 4, 21, 3], [9, 22, 10, 23], [13, 24, 14, 1], [2, 22, 3, 21]]"
12n_0579_36,"[[3, 23, 4, 22], [5, 9, 6, 8], [7, 16, 8, 17], [9, 21, 10, 20], [24, 11, 1, 12], [13, 19, 14, 18], [2, 15, 3, 16], [17, 6, 18, 7], [19, 13, 20, 12], [21, 5, 22, 4], [10, 23, 11, 24], [14, 1, 15, 2]]"
12n_0579_37,"[[14, 1, 15, 2], [3, 23, 4, 22], [5, 9, 6, 8], [7, 16, 8, 17], [9, 21, 10, 20], [24, 11, 1, 12], [13, 19, 14, 18], [2, 15, 3, 16], [17, 6, 18, 7], [19, 13, 20, 12], [21, 5, 22, 4], [10, 23, 11, 24]]"
12n_0579_38,"[[10, 23, 11, 24], [14, 1, 15, 2], [3, 23, 4, 22], [5, 9, 6, 8], [7, 16, 8, 17], [9, 21, 10, 20], [24, 11, 1, 12], [13, 19, 14, 18], [2, 15, 3, 16], [17, 6, 18, 7], [19, 13, 20, 12], [21, 5, 22, 4]]"
12n_0579_39,"[[21, 5, 22, 4], [10, 23, 11, 24], [14, 1, 15, 2], [3, 23, 4, 22], [5, 9, 6, 8], [7, 16, 8, 17], [9, 21, 10, 20], [24, 11, 1, 12], [13, 19, 14, 18], [2, 15, 3, 16], [17, 6, 18, 7], [19, 13, 20, 12]]"
12n_0579_40,"[[19, 13, 20, 12], [21, 5, 22, 4], [10, 23, 11, 24], [14, 1, 15, 2], [3, 23, 4, 22], [5, 9, 6, 8], [7, 16, 8, 17], [9, 21, 10, 20], [24, 11, 1, 12], [13, 19, 14, 18], [2, 15, 3, 16], [17, 6, 18, 7]]"
12n_0579_41,"[[17, 6, 18, 7], [19, 13, 20, 12], [21, 5, 22, 4], [10, 23, 11, 24], [14, 1, 15, 2], [3, 23, 4, 22], [5, 9, 6, 8], [7, 16, 8, 17], [9, 21, 10, 20], [24, 11, 1, 12], [13, 19, 14, 18], [2, 15, 3, 16]]"
12n_0579_42,"[[2, 15, 3, 16], [17, 6, 18, 7], [19, 13, 20, 12], [21, 5, 22, 4], [10, 23, 11, 24], [14, 1, 15, 2], [3, 23, 4, 22], [5, 9, 6, 8], [7, 16, 8, 17], [9, 21, 10, 20], [24, 11, 1, 12], [13, 19, 14, 18]]"
12n_0579_43,"[[13, 19, 14, 18], [2, 15, 3, 16], [17, 6, 18, 7], [19, 13, 20, 12], [21, 5, 22, 4], [10, 23, 11, 24], [14, 1, 15, 2], [3, 23, 4, 22], [5, 9, 6, 8], [7, 16, 8, 17], [9, 21, 10, 20], [24, 11, 1, 12]]"
12n_0579_44,"[[24, 11, 1, 12], [13, 19, 14, 18], [2, 15, 3, 16], [17, 6, 18, 7], [19, 13, 20, 12], [21, 5, 22, 4], [10, 23, 11, 24], [14, 1, 15, 2], [3, 23, 4, 22], [5, 9, 6, 8], [7, 16, 8, 17], [9, 21, 10, 20]]"
12n_0579_45,"[[9, 21, 10, 20], [24, 11, 1, 12], [13, 19, 14, 18], [2, 15, 3, 16], [17, 6, 18, 7], [19, 13, 20, 12], [21, 5, 22, 4], [10, 23, 11, 24], [14, 1, 15, 2], [3, 23, 4, 22], [5, 9, 6, 8], [7, 16, 8, 17]]"
12n_0579_46,"[[7, 16, 8, 17], [9, 21, 10, 20], [24, 11, 1, 12], [13, 19, 14, 18], [2, 15, 3, 16], [17, 6, 18, 7], [19, 13, 20, 12], [21, 5, 22, 4], [10, 23, 11, 24], [14, 1, 15, 2], [3, 23, 4, 22], [5, 9, 6, 8]]"
12n_0579_47,"[[5, 9, 6, 8], [7, 16, 8, 17], [9, 21, 10, 20], [24, 11, 1, 12], [13, 19, 14, 18], [2, 15, 3, 16], [17, 6, 18, 7], [19, 13, 20, 12], [21, 5, 22, 4], [10, 23, 11, 24], [14, 1, 15, 2], [3, 23, 4, 22]]"
12n_0579_48,"[[4, 24, 5, 23], [6, 10, 7, 9], [8, 17, 9, 18], [10, 22, 11, 21], [1, 12, 2, 13], [14, 20, 15, 19], [3, 16, 4, 17], [18, 7, 19, 8], [20, 14, 21, 13], [22, 6, 23, 5], [11, 24, 12, 1], [15, 2, 16, 3]]"
12n_0579_49,"[[15, 2, 16, 3], [4, 24, 5, 23], [6, 10, 7, 9], [8, 17, 9, 18], [10, 22, 11, 21], [1, 12, 2, 13], [14, 20, 15, 19], [3, 16, 4, 17], [18, 7, 19, 8], [20, 14, 21, 13], [22, 6, 23, 5], [11, 24, 12, 1]]"
12n_0579_50,"[[11, 24, 12, 1], [15, 2, 16, 3], [4, 24, 5, 23], [6, 10, 7, 9], [8, 17, 9, 18], [10, 22, 11, 21], [1, 12, 2, 13], [14, 20, 15, 19], [3, 16, 4, 17], [18, 7, 19, 8], [20, 14, 21, 13], [22, 6, 23, 5]]"
12n_0579_51,"[[22, 6, 23, 5], [11, 24, 12, 1], [15, 2, 16, 3], [4, 24, 5, 23], [6, 10, 7, 9], [8, 17, 9, 18], [10, 22, 11, 21], [1, 12, 2, 13], [14, 20, 15, 19], [3, 16, 4, 17], [18, 7, 19, 8], [20, 14, 21, 13]]"
12n_0579_52,"[[20, 14, 21, 13], [22, 6, 23, 5], [11, 24, 12, 1], [15, 2, 16, 3], [4, 24, 5, 23], [6, 10, 7, 9], [8, 17, 9, 18], [10, 22, 11, 21], [1, 12, 2, 13], [14, 20, 15, 19], [3, 16, 4, 17], [18, 7, 19, 8]]"
12n_0579_53,"[[18, 7, 19, 8], [20, 14, 21, 13], [22, 6, 23, 5], [11, 24, 12, 1], [15, 2, 16, 3], [4, 24, 5, 23], [6, 10, 7, 9], [8, 17, 9, 18], [10, 22, 11, 21], [1, 12, 2, 13], [14, 20, 15, 19], [3, 16, 4, 17]]"
12n_0579_54,"[[3, 16, 4, 17], [18, 7, 19, 8], [20, 14, 21, 13], [22, 6, 23, 5], [11, 24, 12, 1], [15, 2, 16, 3], [4, 24, 5, 23], [6, 10, 7, 9], [8, 17, 9, 18], [10, 22, 11, 21], [1, 12, 2, 13], [14, 20, 15, 19]]"
12n_0579_55,"[[14, 20, 15, 19], [3, 16, 4, 17], [18, 7, 19, 8], [20, 14, 21, 13], [22, 6, 23, 5], [11, 24, 12, 1], [15, 2, 16, 3], [4, 24, 5, 23], [6, 10, 7, 9], [8, 17, 9, 18], [10, 22, 11, 21], [1, 12, 2, 13]]"
12n_0579_56,"[[1, 12, 2, 13], [14, 20, 15, 19], [3, 16, 4, 17], [18, 7, 19, 8], [20, 14, 21, 13], [22, 6, 23, 5], [11, 24, 12, 1], [15, 2, 16, 3], [4, 24, 5, 23], [6, 10, 7, 9], [8, 17, 9, 18], [10, 22, 11, 21]]"
12n_0579_57,"[[10, 22, 11, 21], [1, 12, 2, 13], [14, 20, 15, 19], [3, 16, 4, 17], [18, 7, 19, 8], [20, 14, 21, 13], [22, 6, 23, 5], [11, 24, 12, 1], [15, 2, 16, 3], [4, 24, 5, 23], [6, 10, 7, 9], [8, 17, 9, 18]]"
12n_0579_58,"[[8, 17, 9, 18], [10, 22, 11, 21], [1, 12, 2, 13], [14, 20, 15, 19], [3, 16, 4, 17], [18, 7, 19, 8], [20, 14, 21, 13], [22, 6, 23, 5], [11, 24, 12, 1], [15, 2, 16, 3], [4, 24, 5, 23], [6, 10, 7, 9]]"
12n_0579_59,"[[6, 10, 7, 9], [8, 17, 9, 18], [10, 22, 11, 21], [1, 12, 2, 13], [14, 20, 15, 19], [3, 16, 4, 17], [18, 7, 19, 8], [20, 14, 21, 13], [22, 6, 23, 5], [11, 24, 12, 1], [15, 2, 16, 3], [4, 24, 5, 23]]"
12n_0579_60,"[[5, 1, 6, 24], [7, 11, 8, 10], [9, 18, 10, 19], [11, 23, 12, 22], [2, 13, 3, 14], [15, 21, 16, 20], [4, 17, 5, 18], [19, 8, 20, 9], [21, 15, 22, 14], [23, 7, 24, 6], [12, 1, 13, 2], [16, 3, 17, 4]]"
12n_0579_61,"[[16, 3, 17, 4], [5, 1, 6, 24], [7, 11, 8, 10], [9, 18, 10, 19], [11, 23, 12, 22], [2, 13, 3, 14], [15, 21, 16, 20], [4, 17, 5, 18], [19, 8, 20, 9], [21, 15, 22, 14], [23, 7, 24, 6], [12, 1, 13, 2]]"
12n_0579_62,"[[12, 1, 13, 2], [16, 3, 17, 4], [5, 1, 6, 24], [7, 11, 8, 10], [9, 18, 10, 19], [11, 23, 12, 22], [2, 13, 3, 14], [15, 21, 16, 20], [4, 17, 5, 18], [19, 8, 20, 9], [21, 15, 22, 14], [23, 7, 24, 6]]"
12n_0579_63,"[[23, 7, 24, 6], [12, 1, 13, 2], [16, 3, 17, 4], [5, 1, 6, 24], [7, 11, 8, 10], [9, 18, 10, 19], [11, 23, 12, 22], [2, 13, 3, 14], [15, 21, 16, 20], [4, 17, 5, 18], [19, 8, 20, 9], [21, 15, 22, 14]]"
12n_0579_64,"[[21, 15, 22, 14], [23, 7, 24, 6], [12, 1, 13, 2], [16, 3, 17, 4], [5, 1, 6, 24], [7, 11, 8, 10], [9, 18, 10, 19], [11, 23, 12, 22], [2, 13, 3, 14], [15, 21, 16, 20], [4, 17, 5, 18], [19, 8, 20, 9]]"
12n_0579_65,"[[19, 8, 20, 9], [21, 15, 22, 14], [23, 7, 24, 6], [12, 1, 13, 2], [16, 3, 17, 4], [5, 1, 6, 24], [7, 11, 8, 10], [9, 18, 10, 19], [11, 23, 12, 22], [2, 13, 3, 14], [15, 21, 16, 20], [4, 17, 5, 18]]"
12n_0579_66,"[[4, 17, 5, 18], [19, 8, 20, 9], [21, 15, 22, 14], [23, 7, 24, 6], [12, 1, 13, 2], [16, 3, 17, 4], [5, 1, 6, 24], [7, 11, 8, 10], [9, 18, 10, 19], [11, 23, 12, 22], [2, 13, 3, 14], [15, 21, 16, 20]]"
12n_0579_67,"[[15, 21, 16, 20], [4, 17, 5, 18], [19, 8, 20, 9], [21, 15, 22, 14], [23, 7, 24, 6], [12, 1, 13, 2], [16, 3, 17, 4], [5, 1, 6, 24], [7, 11, 8, 10], [9, 18, 10, 19], [11, 23, 12, 22], [2, 13, 3, 14]]"
12n_0579_68,"[[2, 13, 3, 14], [15, 21, 16, 20], [4, 17, 5, 18], [19, 8, 20, 9], [21, 15, 22, 14], [23, 7, 24, 6], [12, 1, 13, 2], [16, 3, 17, 4], [5, 1, 6, 24], [7, 11, 8, 10], [9, 18, 10, 19], [11, 23, 12, 22]]"
12n_0579_69,"[[11, 23, 12, 22], [2, 13, 3, 14], [15, 21, 16, 20], [4, 17, 5, 18], [19, 8, 20, 9], [21, 15, 22, 14], [23, 7, 24, 6], [12, 1, 13, 2], [16, 3, 17, 4], [5, 1, 6, 24], [7, 11, 8, 10], [9, 18, 10, 19]]"
12n_0579_70,"[[9, 18, 10, 19], [11, 23, 12, 22], [2, 13, 3, 14], [15, 21, 16, 20], [4, 17, 5, 18], [19, 8, 20, 9], [21, 15, 22, 14], [23, 7, 24, 6], [12, 1, 13, 2], [16, 3, 17, 4], [5, 1, 6, 24], [7, 11, 8, 10]]"
12n_0579_71,"[[7, 11, 8, 10], [9, 18, 10, 19], [11, 23, 12, 22], [2, 13, 3, 14], [15, 21, 16, 20], [4, 17, 5, 18], [19, 8, 20, 9], [21, 15, 22, 14], [23, 7, 24, 6], [12, 1, 13, 2], [16, 3, 17, 4], [5, 1, 6, 24]]"
12n_0579_72,"[[6, 2, 7, 1], [8, 12, 9, 11], [10, 19, 11, 20], [12, 24, 13, 23], [3, 14, 4, 15], [16, 22, 17, 21], [5, 18, 6, 19], [20, 9, 21, 10], [22, 16, 23, 15], [24, 8, 1, 7], [13, 2, 14, 3], [17, 4, 18, 5]]"
12n_0579_73,"[[17, 4, 18, 5], [6, 2, 7, 1], [8, 12, 9, 11], [10, 19, 11, 20], [12, 24, 13, 23], [3, 14, 4, 15], [16, 22, 17, 21], [5, 18, 6, 19], [20, 9, 21, 10], [22, 16, 23, 15], [24, 8, 1, 7], [13, 2, 14, 3]]"
12n_0579_74,"[[13, 2, 14, 3], [17, 4, 18, 5], [6, 2, 7, 1], [8, 12, 9, 11], [10, 19, 11, 20], [12, 24, 13, 23], [3, 14, 4, 15], [16, 22, 17, 21], [5, 18, 6, 19], [20, 9, 21, 10], [22, 16, 23, 15], [24, 8, 1, 7]]"
12n_0579_75,"[[24, 8, 1, 7], [13, 2, 14, 3], [17, 4, 18, 5], [6, 2, 7, 1], [8, 12, 9, 11], [10, 19, 11, 20], [12, 24, 13, 23], [3, 14, 4, 15], [16, 22, 17, 21], [5, 18, 6, 19], [20, 9, 21, 10], [22, 16, 23, 15]]"
12n_0579_76,"[[22, 16, 23, 15], [24, 8, 1, 7], [13, 2, 14, 3], [17, 4, 18, 5], [6, 2, 7, 1], [8, 12, 9, 11], [10, 19, 11, 20], [12, 24, 13, 23], [3, 14, 4, 15], [16, 22, 17, 21], [5, 18, 6, 19], [20, 9, 21, 10]]"
12n_0579_77,"[[20, 9, 21, 10], [22, 16, 23, 15], [24, 8, 1, 7], [13, 2, 14, 3], [17, 4, 18, 5], [6, 2, 7, 1], [8, 12, 9, 11], [10, 19, 11, 20], [12, 24, 13, 23], [3, 14, 4, 15], [16, 22, 17, 21], [5, 18, 6, 19]]"
12n_0579_78,"[[5, 18, 6, 19], [20, 9, 21, 10], [22, 16, 23, 15], [24, 8, 1, 7], [13, 2, 14, 3], [17, 4, 18, 5], [6, 2, 7, 1], [8, 12, 9, 11], [10, 19, 11, 20], [12, 24, 13, 23], [3, 14, 4, 15], [16, 22, 17, 21]]"
12n_0579_79,"[[16, 22, 17, 21], [5, 18, 6, 19], [20, 9, 21, 10], [22, 16, 23, 15], [24, 8, 1, 7], [13, 2, 14, 3], [17, 4, 18, 5], [6, 2, 7, 1], [8, 12, 9, 11], [10, 19, 11, 20], [12, 24, 13, 23], [3, 14, 4, 15]]"
12n_0579_80,"[[3, 14, 4, 15], [16, 22, 17, 21], [5, 18, 6, 19], [20, 9, 21, 10], [22, 16, 23, 15], [24, 8, 1, 7], [13, 2, 14, 3], [17, 4, 18, 5], [6, 2, 7, 1], [8, 12, 9, 11], [10, 19, 11, 20], [12, 24, 13, 23]]"
12n_0579_81,"[[12, 24, 13, 23], [3, 14, 4, 15], [16, 22, 17, 21], [5, 18, 6, 19], [20, 9, 21, 10], [22, 16, 23, 15], [24, 8, 1, 7], [13, 2, 14, 3], [17, 4, 18, 5], [6, 2, 7, 1], [8, 12, 9, 11], [10, 19, 11, 20]]"
12n_0579_82,"[[10, 19, 11, 20], [12, 24, 13, 23], [3, 14, 4, 15], [16, 22, 17, 21], [5, 18, 6, 19], [20, 9, 21, 10], [22, 16, 23, 15], [24, 8, 1, 7], [13, 2, 14, 3], [17, 4, 18, 5], [6, 2, 7, 1], [8, 12, 9, 11]]"
12n_0579_83,"[[8, 12, 9, 11], [10, 19, 11, 20], [12, 24, 13, 23], [3, 14, 4, 15], [16, 22, 17, 21], [5, 18, 6, 19], [20, 9, 21, 10], [22, 16, 23, 15], [24, 8, 1, 7], [13, 2, 14, 3], [17, 4, 18, 5], [6, 2, 7, 1]]"
12n_0579_84,"[[7, 3, 8, 2], [9, 13, 10, 12], [11, 20, 12, 21], [13, 1, 14, 24], [4, 15, 5, 16], [17, 23, 18, 22], [6, 19, 7, 20], [21, 10, 22, 11], [23, 17, 24, 16], [1, 9, 2, 8], [14, 3, 15, 4], [18, 5, 19, 6]]"
12n_0579_85,"[[18, 5, 19, 6], [7, 3, 8, 2], [9, 13, 10, 12], [11, 20, 12, 21], [13, 1, 14, 24], [4, 15, 5, 16], [17, 23, 18, 22], [6, 19, 7, 20], [21, 10, 22, 11], [23, 17, 24, 16], [1, 9, 2, 8], [14, 3, 15, 4]]"
12n_0579_86,"[[14, 3, 15, 4], [18, 5, 19, 6], [7, 3, 8, 2], [9, 13, 10, 12], [11, 20, 12, 21], [13, 1, 14, 24], [4, 15, 5, 16], [17, 23, 18, 22], [6, 19, 7, 20], [21, 10, 22, 11], [23, 17, 24, 16], [1, 9, 2, 8]]"
12n_0579_87,"[[1, 9, 2, 8], [14, 3, 15, 4], [18, 5, 19, 6], [7, 3, 8, 2], [9, 13, 10, 12], [11, 20, 12, 21], [13, 1, 14, 24], [4, 15, 5, 16], [17, 23, 18, 22], [6, 19, 7, 20], [21, 10, 22, 11], [23, 17, 24, 16]]"
12n_0579_88,"[[23, 17, 24, 16], [1, 9, 2, 8], [14, 3, 15, 4], [18, 5, 19, 6], [7, 3, 8, 2], [9, 13, 10, 12], [11, 20, 12, 21], [13, 1, 14, 24], [4, 15, 5, 16], [17, 23, 18, 22], [6, 19, 7, 20], [21, 10, 22, 11]]"
12n_0579_89,"[[21, 10, 22, 11], [23, 17, 24, 16], [1, 9, 2, 8], [14, 3, 15, 4], [18, 5, 19, 6], [7, 3, 8, 2], [9, 13, 10, 12], [11, 20, 12, 21], [13, 1, 14, 24], [4, 15, 5, 16], [17, 23, 18, 22], [6, 19, 7, 20]]"
12n_0579_90,"[[6, 19, 7, 20], [21, 10, 22, 11], [23, 17, 24, 16], [1, 9, 2, 8], [14, 3, 15, 4], [18, 5, 19, 6], [7, 3, 8, 2], [9, 13, 10, 12], [11, 20, 12, 21], [13, 1, 14, 24], [4, 15, 5, 16], [17, 23, 18, 22]]"
12n_0579_91,"[[17, 23, 18, 22], [6, 19, 7, 20], [21, 10, 22, 11], [23, 17, 24, 16], [1, 9, 2, 8], [14, 3, 15, 4], [18, 5, 19, 6], [7, 3, 8, 2], [9, 13, 10, 12], [11, 20, 12, 21], [13, 1, 14, 24], [4, 15, 5, 16]]"
12n_0579_92,"[[4, 15, 5, 16], [17, 23, 18, 22], [6, 19, 7, 20], [21, 10, 22, 11], [23, 17, 24, 16], [1, 9, 2, 8], [14, 3, 15, 4], [18, 5, 19, 6], [7, 3, 8, 2], [9, 13, 10, 12], [11, 20, 12, 21], [13, 1, 14, 24]]"
12n_0579_93,"[[13, 1, 14, 24], [4, 15, 5, 16], [17, 23, 18, 22], [6, 19, 7, 20], [21, 10, 22, 11], [23, 17, 24, 16], [1, 9, 2, 8], [14, 3, 15, 4], [18, 5, 19, 6], [7, 3, 8, 2], [9, 13, 10, 12], [11, 20, 12, 21]]"
12n_0579_94,"[[11, 20, 12, 21], [13, 1, 14, 24], [4, 15, 5, 16], [17, 23, 18, 22], [6, 19, 7, 20], [21, 10, 22, 11], [23, 17, 24, 16], [1, 9, 2, 8], [14, 3, 15, 4], [18, 5, 19, 6], [7, 3, 8, 2], [9, 13, 10, 12]]"
12n_0579_95,"[[9, 13, 10, 12], [11, 20, 12, 21], [13, 1, 14, 24], [4, 15, 5, 16], [17, 23, 18, 22], [6, 19, 7, 20], [21, 10, 22, 11], [23, 17, 24, 16], [1, 9, 2, 8], [14, 3, 15, 4], [18, 5, 19, 6], [7, 3, 8, 2]]"
12n_0579_96,"[[8, 4, 9, 3], [10, 14, 11, 13], [12, 21, 13, 22], [14, 2, 15, 1], [5, 16, 6, 17], [18, 24, 19, 23], [7, 20, 8, 21], [22, 11, 23, 12], [24, 18, 1, 17], [2, 10, 3, 9], [15, 4, 16, 5], [19, 6, 20, 7]]"
12n_0579_97,"[[19, 6, 20, 7], [8, 4, 9, 3], [10, 14, 11, 13], [12, 21, 13, 22], [14, 2, 15, 1], [5, 16, 6, 17], [18, 24, 19, 23], [7, 20, 8, 21], [22, 11, 23, 12], [24, 18, 1, 17], [2, 10, 3, 9], [15, 4, 16, 5]]"
12n_0579_98,"[[15, 4, 16, 5], [19, 6, 20, 7], [8, 4, 9, 3], [10, 14, 11, 13], [12, 21, 13, 22], [14, 2, 15, 1], [5, 16, 6, 17], [18, 24, 19, 23], [7, 20, 8, 21], [22, 11, 23, 12], [24, 18, 1, 17], [2, 10, 3, 9]]"
12n_0579_99,"[[2, 10, 3, 9], [15, 4, 16, 5], [19, 6, 20, 7], [8, 4, 9, 3], [10, 14, 11, 13], [12, 21, 13, 22], [14, 2, 15, 1], [5, 16, 6, 17], [18, 24, 19, 23], [7, 20, 8, 21], [22, 11, 23, 12], [24, 18, 1, 17]]"
12n_0579_100,"[[24, 18, 1, 17], [2, 10, 3, 9], [15, 4, 16, 5], [19, 6, 20, 7], [8, 4, 9, 3], [10, 14, 11, 13], [12, 21, 13, 22], [14, 2, 15, 1], [5, 16, 6, 17], [18, 24, 19, 23], [7, 20, 8, 21], [22, 11, 23, 12]]"
12n_0579_101,"[[22, 11, 23, 12], [24, 18, 1, 17], [2, 10, 3, 9], [15, 4, 16, 5], [19, 6, 20, 7], [8, 4, 9, 3], [10, 14, 11, 13], [12, 21, 13, 22], [14, 2, 15, 1], [5, 16, 6, 17], [18, 24, 19, 23], [7, 20, 8, 21]]"
12n_0579_102,"[[7, 20, 8, 21], [22, 11, 23, 12], [24, 18, 1, 17], [2, 10, 3, 9], [15, 4, 16, 5], [19, 6, 20, 7], [8, 4, 9, 3], [10, 14, 11, 13], [12, 21, 13, 22], [14, 2, 15, 1], [5, 16, 6, 17], [18, 24, 19, 23]]"
12n_0579_103,"[[18, 24, 19, 23], [7, 20, 8, 21], [22, 11, 23, 12], [24, 18, 1, 17], [2, 10, 3, 9], [15, 4, 16, 5], [19, 6, 20, 7], [8, 4, 9, 3], [10, 14, 11, 13], [12, 21, 13, 22], [14, 2, 15, 1], [5, 16, 6, 17]]"
12n_0579_104,"[[5, 16, 6, 17], [18, 24, 19, 23], [7, 20, 8, 21], [22, 11, 23, 12], [24, 18, 1, 17], [2, 10, 3, 9], [15, 4, 16, 5], [19, 6, 20, 7], [8, 4, 9, 3], [10, 14, 11, 13], [12, 21, 13, 22], [14, 2, 15, 1]]"
12n_0579_105,"[[14, 2, 15, 1], [5, 16, 6, 17], [18, 24, 19, 23], [7, 20, 8, 21], [22, 11, 23, 12], [24, 18, 1, 17], [2, 10, 3, 9], [15, 4, 16, 5], [19, 6, 20, 7], [8, 4, 9, 3], [10, 14, 11, 13], [12, 21, 13, 22]]"
12n_0579_106,"[[12, 21, 13, 22], [14, 2, 15, 1], [5, 16, 6, 17], [18, 24, 19, 23], [7, 20, 8, 21], [22, 11, 23, 12], [24, 18, 1, 17], [2, 10, 3, 9], [15, 4, 16, 5], [19, 6, 20, 7], [8, 4, 9, 3], [10, 14, 11, 13]]"
12n_0579_107,"[[10, 14, 11, 13], [12, 21, 13, 22], [14, 2, 15, 1], [5, 16, 6, 17], [18, 24, 19, 23], [7, 20, 8, 21], [22, 11, 23, 12], [24, 18, 1, 17], [2, 10, 3, 9], [15, 4, 16, 5], [19, 6, 20, 7], [8, 4, 9, 3]]"
12n_0579_108,"[[9, 5, 10, 4], [11, 15, 12, 14], [13, 22, 14, 23], [15, 3, 16, 2], [6, 17, 7, 18], [19, 1, 20, 24], [8, 21, 9, 22], [23, 12, 24, 13], [1, 19, 2, 18], [3, 11, 4, 10], [16, 5, 17, 6], [20, 7, 21, 8]]"
12n_0579_109,"[[20, 7, 21, 8], [9, 5, 10, 4], [11, 15, 12, 14], [13, 22, 14, 23], [15, 3, 16, 2], [6, 17, 7, 18], [19, 1, 20, 24], [8, 21, 9, 22], [23, 12, 24, 13], [1, 19, 2, 18], [3, 11, 4, 10], [16, 5, 17, 6]]"
12n_0579_110,"[[16, 5, 17, 6], [20, 7, 21, 8], [9, 5, 10, 4], [11, 15, 12, 14], [13, 22, 14, 23], [15, 3, 16, 2], [6, 17, 7, 18], [19, 1, 20, 24], [8, 21, 9, 22], [23, 12, 24, 13], [1, 19, 2, 18], [3, 11, 4, 10]]"
12n_0579_111,"[[3, 11, 4, 10], [16, 5, 17, 6], [20, 7, 21, 8], [9, 5, 10, 4], [11, 15, 12, 14], [13, 22, 14, 23], [15, 3, 16, 2], [6, 17, 7, 18], [19, 1, 20, 24], [8, 21, 9, 22], [23, 12, 24, 13], [1, 19, 2, 18]]"
12n_0579_112,"[[1, 19, 2, 18], [3, 11, 4, 10], [16, 5, 17, 6], [20, 7, 21, 8], [9, 5, 10, 4], [11, 15, 12, 14], [13, 22, 14, 23], [15, 3, 16, 2], [6, 17, 7, 18], [19, 1, 20, 24], [8, 21, 9, 22], [23, 12, 24, 13]]"
12n_0579_113,"[[23, 12, 24, 13], [1, 19, 2, 18], [3, 11, 4, 10], [16, 5, 17, 6], [20, 7, 21, 8], [9, 5, 10, 4], [11, 15, 12, 14], [13, 22, 14, 23], [15, 3, 16, 2], [6, 17, 7, 18], [19, 1, 20, 24], [8, 21, 9, 22]]"
12n_0579_114,"[[8, 21, 9, 22], [23, 12, 24, 13], [1, 19, 2, 18], [3, 11, 4, 10], [16, 5, 17, 6], [20, 7, 21, 8], [9, 5, 10, 4], [11, 15, 12, 14], [13, 22, 14, 23], [15, 3, 16, 2], [6, 17, 7, 18], [19, 1, 20, 24]]"
12n_0579_115,"[[19, 1, 20, 24], [8, 21, 9, 22], [23, 12, 24, 13], [1, 19, 2, 18], [3, 11, 4, 10], [16, 5, 17, 6], [20, 7, 21, 8], [9, 5, 10, 4], [11, 15, 12, 14], [13, 22, 14, 23], [15, 3, 16, 2], [6, 17, 7, 18]]"
12n_0579_116,"[[6, 17, 7, 18], [19, 1, 20, 24], [8, 21, 9, 22], [23, 12, 24, 13], [1, 19, 2, 18], [3, 11, 4, 10], [16, 5, 17, 6], [20, 7, 21, 8], [9, 5, 10, 4], [11, 15, 12, 14], [13, 22, 14, 23], [15, 3, 16, 2]]"
12n_0579_117,"[[15, 3, 16, 2], [6, 17, 7, 18], [19, 1, 20, 24], [8, 21, 9, 22], [23, 12, 24, 13], [1, 19, 2, 18], [3, 11, 4, 10], [16, 5, 17, 6], [20, 7, 21, 8], [9, 5, 10, 4], [11, 15, 12, 14], [13, 22, 14, 23]]"
12n_0579_118,"[[13, 22, 14, 23], [15, 3, 16, 2], [6, 17, 7, 18], [19, 1, 20, 24], [8, 21, 9, 22], [23, 12, 24, 13], [1, 19, 2, 18], [3, 11, 4, 10], [16, 5, 17, 6], [20, 7, 21, 8], [9, 5, 10, 4], [11, 15, 12, 14]]"
12n_0579_119,"[[11, 15, 12, 14], [13, 22, 14, 23], [15, 3, 16, 2], [6, 17, 7, 18], [19, 1, 20, 24], [8, 21, 9, 22], [23, 12, 24, 13], [1, 19, 2, 18], [3, 11, 4, 10], [16, 5, 17, 6], [20, 7, 21, 8], [9, 5, 10, 4]]"
12n_0579_120,"[[10, 6, 11, 5], [12, 16, 13, 15], [14, 23, 15, 24], [16, 4, 17, 3], [7, 18, 8, 19], [20, 2, 21, 1], [9, 22, 10, 23], [24, 13, 1, 14], [2, 20, 3, 19], [4, 12, 5, 11], [17, 6, 18, 7], [21, 8, 22, 9]]"
12n_0579_121,"[[21, 8, 22, 9], [10, 6, 11, 5], [12, 16, 13, 15], [14, 23, 15, 24], [16, 4, 17, 3], [7, 18, 8, 19], [20, 2, 21, 1], [9, 22, 10, 23], [24, 13, 1, 14], [2, 20, 3, 19], [4, 12, 5, 11], [17, 6, 18, 7]]"
12n_0579_122,"[[17, 6, 18, 7], [21, 8, 22, 9], [10, 6, 11, 5], [12, 16, 13, 15], [14, 23, 15, 24], [16, 4, 17, 3], [7, 18, 8, 19], [20, 2, 21, 1], [9, 22, 10, 23], [24, 13, 1, 14], [2, 20, 3, 19], [4, 12, 5, 11]]"
12n_0579_123,"[[4, 12, 5, 11], [17, 6, 18, 7], [21, 8, 22, 9], [10, 6, 11, 5], [12, 16, 13, 15], [14, 23, 15, 24], [16, 4, 17, 3], [7, 18, 8, 19], [20, 2, 21, 1], [9, 22, 10, 23], [24, 13, 1, 14], [2, 20, 3, 19]]"
12n_0579_124,"[[2, 20, 3, 19], [4, 12, 5, 11], [17, 6, 18, 7], [21, 8, 22, 9], [10, 6, 11, 5], [12, 16, 13, 15], [14, 23, 15, 24], [16, 4, 17, 3], [7, 18, 8, 19], [20, 2, 21, 1], [9, 22, 10, 23], [24, 13, 1, 14]]"
12n_0579_125,"[[24, 13, 1, 14], [2, 20, 3, 19], [4, 12, 5, 11], [17, 6, 18, 7], [21, 8, 22, 9], [10, 6, 11, 5], [12, 16, 13, 15], [14, 23, 15, 24], [16, 4, 17, 3], [7, 18, 8, 19], [20, 2, 21, 1], [9, 22, 10, 23]]"
12n_0579_126,"[[9, 22, 10, 23], [24, 13, 1, 14], [2, 20, 3, 19], [4, 12, 5, 11], [17, 6, 18, 7], [21, 8, 22, 9], [10, 6, 11, 5], [12, 16, 13, 15], [14, 23, 15, 24], [16, 4, 17, 3], [7, 18, 8, 19], [20, 2, 21, 1]]"
12n_0579_127,"[[20, 2, 21, 1], [9, 22, 10, 23], [24, 13, 1, 14], [2, 20, 3, 19], [4, 12, 5, 11], [17, 6, 18, 7], [21, 8, 22, 9], [10, 6, 11, 5], [12, 16, 13, 15], [14, 23, 15, 24], [16, 4, 17, 3], [7, 18, 8, 19]]"
12n_0579_128,"[[7, 18, 8, 19], [20, 2, 21, 1], [9, 22, 10, 23], [24, 13, 1, 14], [2, 20, 3, 19], [4, 12, 5, 11], [17, 6, 18, 7], [21, 8, 22, 9], [10, 6, 11, 5], [12, 16, 13, 15], [14, 23, 15, 24], [16, 4, 17, 3]]"
12n_0579_129,"[[16, 4, 17, 3], [7, 18, 8, 19], [20, 2, 21, 1], [9, 22, 10, 23], [24, 13, 1, 14], [2, 20, 3, 19], [4, 12, 5, 11], [17, 6, 18, 7], [21, 8, 22, 9], [10, 6, 11, 5], [12, 16, 13, 15], [14, 23, 15, 24]]"
12n_0579_130,"[[14, 23, 15, 24], [16, 4, 17, 3], [7, 18, 8, 19], [20, 2, 21, 1], [9, 22, 10, 23], [24, 13, 1, 14], [2, 20, 3, 19], [4, 12, 5, 11], [17, 6, 18, 7], [21, 8, 22, 9], [10, 6, 11, 5], [12, 16, 13, 15]]"
12n_0579_131,"[[12, 16, 13, 15], [14, 23, 15, 24], [16, 4, 17, 3], [7, 18, 8, 19], [20, 2, 21, 1], [9, 22, 10, 23], [24, 13, 1, 14], [2, 20, 3, 19], [4, 12, 5, 11], [17, 6, 18, 7], [21, 8, 22, 9], [10, 6, 11, 5]]"
12n_0579_132,"[[11, 7, 12, 6], [13, 17, 14, 16], [15, 24, 16, 1], [17, 5, 18, 4], [8, 19, 9, 20], [21, 3, 22, 2], [10, 23, 11, 24], [1, 14, 2, 15], [3, 21, 4, 20], [5, 13, 6, 12], [18, 7, 19, 8], [22, 9, 23, 10]]"
12n_0579_133,"[[22, 9, 23, 10], [11, 7, 12, 6], [13, 17, 14, 16], [15, 24, 16, 1], [17, 5, 18, 4], [8, 19, 9, 20], [21, 3, 22, 2], [10, 23, 11, 24], [1, 14, 2, 15], [3, 21, 4, 20], [5, 13, 6, 12], [18, 7, 19, 8]]"
12n_0579_134,"[[18, 7, 19, 8], [22, 9, 23, 10], [11, 7, 12, 6], [13, 17, 14, 16], [15, 24, 16, 1], [17, 5, 18, 4], [8, 19, 9, 20], [21, 3, 22, 2], [10, 23, 11, 24], [1, 14, 2, 15], [3, 21, 4, 20], [5, 13, 6, 12]]"
12n_0579_135,"[[5, 13, 6, 12], [18, 7, 19, 8], [22, 9, 23, 10], [11, 7, 12, 6], [13, 17, 14, 16], [15, 24, 16, 1], [17, 5, 18, 4], [8, 19, 9, 20], [21, 3, 22, 2], [10, 23, 11, 24], [1, 14, 2, 15], [3, 21, 4, 20]]"
12n_0579_136,"[[3, 21, 4, 20], [5, 13, 6, 12], [18, 7, 19, 8], [22, 9, 23, 10], [11, 7, 12, 6], [13, 17, 14, 16], [15, 24, 16, 1], [17, 5, 18, 4], [8, 19, 9, 20], [21, 3, 22, 2], [10, 23, 11, 24], [1, 14, 2, 15]]"
12n_0579_137,"[[1, 14, 2, 15], [3, 21, 4, 20], [5, 13, 6, 12], [18, 7, 19, 8], [22, 9, 23, 10], [11, 7, 12, 6], [13, 17, 14, 16], [15, 24, 16, 1], [17, 5, 18, 4], [8, 19, 9, 20], [21, 3, 22, 2], [10, 23, 11, 24]]"
12n_0579_138,"[[10, 23, 11, 24], [1, 14, 2, 15], [3, 21, 4, 20], [5, 13, 6, 12], [18, 7, 19, 8], [22, 9, 23, 10], [11, 7, 12, 6], [13, 17, 14, 16], [15, 24, 16, 1], [17, 5, 18, 4], [8, 19, 9, 20], [21, 3, 22, 2]]"
12n_0579_139,"[[21, 3, 22, 2], [10, 23, 11, 24], [1, 14, 2, 15], [3, 21, 4, 20], [5, 13, 6, 12], [18, 7, 19, 8], [22, 9, 23, 10], [11, 7, 12, 6], [13, 17, 14, 16], [15, 24, 16, 1], [17, 5, 18, 4], [8, 19, 9, 20]]"
12n_0579_140,"[[8, 19, 9, 20], [21, 3, 22, 2], [10, 23, 11, 24], [1, 14, 2, 15], [3, 21, 4, 20], [5, 13, 6, 12], [18, 7, 19, 8], [22, 9, 23, 10], [11, 7, 12, 6], [13, 17, 14, 16], [15, 24, 16, 1], [17, 5, 18, 4]]"
12n_0579_141,"[[17, 5, 18, 4], [8, 19, 9, 20], [21, 3, 22, 2], [10, 23, 11, 24], [1, 14, 2, 15], [3, 21, 4, 20], [5, 13, 6, 12], [18, 7, 19, 8], [22, 9, 23, 10], [11, 7, 12, 6], [13, 17, 14, 16], [15, 24, 16, 1]]"
12n_0579_142,"[[15, 24, 16, 1], [17, 5, 18, 4], [8, 19, 9, 20], [21, 3, 22, 2], [10, 23, 11, 24], [1, 14, 2, 15], [3, 21, 4, 20], [5, 13, 6, 12], [18, 7, 19, 8], [22, 9, 23, 10], [11, 7, 12, 6], [13, 17, 14, 16]]"
12n_0579_143,"[[13, 17, 14, 16], [15, 24, 16, 1], [17, 5, 18, 4], [8, 19, 9, 20], [21, 3, 22, 2], [10, 23, 11, 24], [1, 14, 2, 15], [3, 21, 4, 20], [5, 13, 6, 12], [18, 7, 19, 8], [22, 9, 23, 10], [11, 7, 12, 6]]"
12n_0579_144,"[[12, 8, 13, 7], [14, 18, 15, 17], [16, 1, 17, 2], [18, 6, 19, 5], [9, 20, 10, 21], [22, 4, 23, 3], [11, 24, 12, 1], [2, 15, 3, 16], [4, 22, 5, 21], [6, 14, 7, 13], [19, 8, 20, 9], [23, 10, 24, 11]]"
12n_0579_145,"[[23, 10, 24, 11], [12, 8, 13, 7], [14, 18, 15, 17], [16, 1, 17, 2], [18, 6, 19, 5], [9, 20, 10, 21], [22, 4, 23, 3], [11, 24, 12, 1], [2, 15, 3, 16], [4, 22, 5, 21], [6, 14, 7, 13], [19, 8, 20, 9]]"
12n_0579_146,"[[19, 8, 20, 9], [23, 10, 24, 11], [12, 8, 13, 7], [14, 18, 15, 17], [16, 1, 17, 2], [18, 6, 19, 5], [9, 20, 10, 21], [22, 4, 23, 3], [11, 24, 12, 1], [2, 15, 3, 16], [4, 22, 5, 21], [6, 14, 7, 13]]"
12n_0579_147,"[[6, 14, 7, 13], [19, 8, 20, 9], [23, 10, 24, 11], [12, 8, 13, 7], [14, 18, 15, 17], [16, 1, 17, 2], [18, 6, 19, 5], [9, 20, 10, 21], [22, 4, 23, 3], [11, 24, 12, 1], [2, 15, 3, 16], [4, 22, 5, 21]]"
12n_0579_148,"[[4, 22, 5, 21], [6, 14, 7, 13], [19, 8, 20, 9], [23, 10, 24, 11], [12, 8, 13, 7], [14, 18, 15, 17], [16, 1, 17, 2], [18, 6, 19, 5], [9, 20, 10, 21], [22, 4, 23, 3], [11, 24, 12, 1], [2, 15, 3, 16]]"
12n_0579_149,"[[2, 15, 3, 16], [4, 22, 5, 21], [6, 14, 7, 13], [19, 8, 20, 9], [23, 10, 24, 11], [12, 8, 13, 7], [14, 18, 15, 17], [16, 1, 17, 2], [18, 6, 19, 5], [9, 20, 10, 21], [22, 4, 23, 3], [11, 24, 12, 1]]"
12n_0579_150,"[[11, 24, 12, 1], [2, 15, 3, 16], [4, 22, 5, 21], [6, 14, 7, 13], [19, 8, 20, 9], [23, 10, 24, 11], [12, 8, 13, 7], [14, 18, 15, 17], [16, 1, 17, 2], [18, 6, 19, 5], [9, 20, 10, 21], [22, 4, 23, 3]]"
12n_0579_151,"[[22, 4, 23, 3], [11, 24, 12, 1], [2, 15, 3, 16], [4, 22, 5, 21], [6, 14, 7, 13], [19, 8, 20, 9], [23, 10, 24, 11], [12, 8, 13, 7], [14, 18, 15, 17], [16, 1, 17, 2], [18, 6, 19, 5], [9, 20, 10, 21]]"
12n_0579_152,"[[9, 20, 10, 21], [22, 4, 23, 3], [11, 24, 12, 1], [2, 15, 3, 16], [4, 22, 5, 21], [6, 14, 7, 13], [19, 8, 20, 9], [23, 10, 24, 11], [12, 8, 13, 7], [14, 18, 15, 17], [16, 1, 17, 2], [18, 6, 19, 5]]"
12n_0579_153,"[[18, 6, 19, 5], [9, 20, 10, 21], [22, 4, 23, 3], [11, 24, 12, 1], [2, 15, 3, 16], [4, 22, 5, 21], [6, 14, 7, 13], [19, 8, 20, 9], [23, 10, 24, 11], [12, 8, 13, 7], [14, 18, 15, 17], [16, 1, 17, 2]]"
12n_0579_154,"[[16, 1, 17, 2], [18, 6, 19, 5], [9, 20, 10, 21], [22, 4, 23, 3], [11, 24, 12, 1], [2, 15, 3, 16], [4, 22, 5, 21], [6, 14, 7, 13], [19, 8, 20, 9], [23, 10, 24, 11], [12, 8, 13, 7], [14, 18, 15, 17]]"
12n_0579_155,"[[14, 18, 15, 17], [16, 1, 17, 2], [18, 6, 19, 5], [9, 20, 10, 21], [22, 4, 23, 3], [11, 24, 12, 1], [2, 15, 3, 16], [4, 22, 5, 21], [6, 14, 7, 13], [19, 8, 20, 9], [23, 10, 24, 11], [12, 8, 13, 7]]"
12n_0579_156,"[[13, 9, 14, 8], [15, 19, 16, 18], [17, 2, 18, 3], [19, 7, 20, 6], [10, 21, 11, 22], [23, 5, 24, 4], [12, 1, 13, 2], [3, 16, 4, 17], [5, 23, 6, 22], [7, 15, 8, 14], [20, 9, 21, 10], [24, 11, 1, 12]]"
12n_0579_157,"[[24, 11, 1, 12], [13, 9, 14, 8], [15, 19, 16, 18], [17, 2, 18, 3], [19, 7, 20, 6], [10, 21, 11, 22], [23, 5, 24, 4], [12, 1, 13, 2], [3, 16, 4, 17], [5, 23, 6, 22], [7, 15, 8, 14], [20, 9, 21, 10]]"
12n_0579_158,"[[20, 9, 21, 10], [24, 11, 1, 12], [13, 9, 14, 8], [15, 19, 16, 18], [17, 2, 18, 3], [19, 7, 20, 6], [10, 21, 11, 22], [23, 5, 24, 4], [12, 1, 13, 2], [3, 16, 4, 17], [5, 23, 6, 22], [7, 15, 8, 14]]"
12n_0579_159,"[[7, 15, 8, 14], [20, 9, 21, 10], [24, 11, 1, 12], [13, 9, 14, 8], [15, 19, 16, 18], [17, 2, 18, 3], [19, 7, 20, 6], [10, 21, 11, 22], [23, 5, 24, 4], [12, 1, 13, 2], [3, 16, 4, 17], [5, 23, 6, 22]]"
12n_0579_160,"[[5, 23, 6, 22], [7, 15, 8, 14], [20, 9, 21, 10], [24, 11, 1, 12], [13, 9, 14, 8], [15, 19, 16, 18], [17, 2, 18, 3], [19, 7, 20, 6], [10, 21, 11, 22], [23, 5, 24, 4], [12, 1, 13, 2], [3, 16, 4, 17]]"
12n_0579_161,"[[3, 16, 4, 17], [5, 23, 6, 22], [7, 15, 8, 14], [20, 9, 21, 10], [24, 11, 1, 12], [13, 9, 14, 8], [15, 19, 16, 18], [17, 2, 18, 3], [19, 7, 20, 6], [10, 21, 11, 22], [23, 5, 24, 4], [12, 1, 13, 2]]"
12n_0579_162,"[[12, 1, 13, 2], [3, 16, 4, 17], [5, 23, 6, 22], [7, 15, 8, 14], [20, 9, 21, 10], [24, 11, 1, 12], [13, 9, 14, 8], [15, 19, 16, 18], [17, 2, 18, 3], [19, 7, 20, 6], [10, 21, 11, 22], [23, 5, 24, 4]]"
12n_0579_163,"[[23, 5, 24, 4], [12, 1, 13, 2], [3, 16, 4, 17], [5, 23, 6, 22], [7, 15, 8, 14], [20, 9, 21, 10], [24, 11, 1, 12], [13, 9, 14, 8], [15, 19, 16, 18], [17, 2, 18, 3], [19, 7, 20, 6], [10, 21, 11, 22]]"
12n_0579_164,"[[10, 21, 11, 22], [23, 5, 24, 4], [12, 1, 13, 2], [3, 16, 4, 17], [5, 23, 6, 22], [7, 15, 8, 14], [20, 9, 21, 10], [24, 11, 1, 12], [13, 9, 14, 8], [15, 19, 16, 18], [17, 2, 18, 3], [19, 7, 20, 6]]"
12n_0579_165,"[[19, 7, 20, 6], [10, 21, 11, 22], [23, 5, 24, 4], [12, 1, 13, 2], [3, 16, 4, 17], [5, 23, 6, 22], [7, 15, 8, 14], [20, 9, 21, 10], [24, 11, 1, 12], [13, 9, 14, 8], [15, 19, 16, 18], [17, 2, 18, 3]]"
12n_0579_166,"[[17, 2, 18, 3], [19, 7, 20, 6], [10, 21, 11, 22], [23, 5, 24, 4], [12, 1, 13, 2], [3, 16, 4, 17], [5, 23, 6, 22], [7, 15, 8, 14], [20, 9, 21, 10], [24, 11, 1, 12], [13, 9, 14, 8], [15, 19, 16, 18]]"
12n_0579_167,"[[15, 19, 16, 18], [17, 2, 18, 3], [19, 7, 20, 6], [10, 21, 11, 22], [23, 5, 24, 4], [12, 1, 13, 2], [3, 16, 4, 17], [5, 23, 6, 22], [7, 15, 8, 14], [20, 9, 21, 10], [24, 11, 1, 12], [13, 9, 14, 8]]"
12n_0579_168,"[[14, 10, 15, 9], [16, 20, 17, 19], [18, 3, 19, 4], [20, 8, 21, 7], [11, 22, 12, 23], [24, 6, 1, 5], [13, 2, 14, 3], [4, 17, 5, 18], [6, 24, 7, 23], [8, 16, 9, 15], [21, 10, 22, 11], [1, 12, 2, 13]]"
12n_0579_169,"[[1, 12, 2, 13], [14, 10, 15, 9], [16, 20, 17, 19], [18, 3, 19, 4], [20, 8, 21, 7], [11, 22, 12, 23], [24, 6, 1, 5], [13, 2, 14, 3], [4, 17, 5, 18], [6, 24, 7, 23], [8, 16, 9, 15], [21, 10, 22, 11]]"
12n_0579_170,"[[21, 10, 22, 11], [1, 12, 2, 13], [14, 10, 15, 9], [16, 20, 17, 19], [18, 3, 19, 4], [20, 8, 21, 7], [11, 22, 12, 23], [24, 6, 1, 5], [13, 2, 14, 3], [4, 17, 5, 18], [6, 24, 7, 23], [8, 16, 9, 15]]"
12n_0579_171,"[[8, 16, 9, 15], [21, 10, 22, 11], [1, 12, 2, 13], [14, 10, 15, 9], [16, 20, 17, 19], [18, 3, 19, 4], [20, 8, 21, 7], [11, 22, 12, 23], [24, 6, 1, 5], [13, 2, 14, 3], [4, 17, 5, 18], [6, 24, 7, 23]]"
12n_0579_172,"[[6, 24, 7, 23], [8, 16, 9, 15], [21, 10, 22, 11], [1, 12, 2, 13], [14, 10, 15, 9], [16, 20, 17, 19], [18, 3, 19, 4], [20, 8, 21, 7], [11, 22, 12, 23], [24, 6, 1, 5], [13, 2, 14, 3], [4, 17, 5, 18]]"
12n_0579_173,"[[4, 17, 5, 18], [6, 24, 7, 23], [8, 16, 9, 15], [21, 10, 22, 11], [1, 12, 2, 13], [14, 10, 15, 9], [16, 20, 17, 19], [18, 3, 19, 4], [20, 8, 21, 7], [11, 22, 12, 23], [24, 6, 1, 5], [13, 2, 14, 3]]"
12n_0579_174,"[[13, 2, 14, 3], [4, 17, 5, 18], [6, 24, 7, 23], [8, 16, 9, 15], [21, 10, 22, 11], [1, 12, 2, 13], [14, 10, 15, 9], [16, 20, 17, 19], [18, 3, 19, 4], [20, 8, 21, 7], [11, 22, 12, 23], [24, 6, 1, 5]]"
12n_0579_175,"[[24, 6, 1, 5], [13, 2, 14, 3], [4, 17, 5, 18], [6, 24, 7, 23], [8, 16, 9, 15], [21, 10, 22, 11], [1, 12, 2, 13], [14, 10, 15, 9], [16, 20, 17, 19], [18, 3, 19, 4], [20, 8, 21, 7], [11, 22, 12, 23]]"
12n_0579_176,"[[11, 22, 12, 23], [24, 6, 1, 5], [13, 2, 14, 3], [4, 17, 5, 18], [6, 24, 7, 23], [8, 16, 9, 15], [21, 10, 22, 11], [1, 12, 2, 13], [14, 10, 15, 9], [16, 20, 17, 19], [18, 3, 19, 4], [20, 8, 21, 7]]"
12n_0579_177,"[[20, 8, 21, 7], [11, 22, 12, 23], [24, 6, 1, 5], [13, 2, 14, 3], [4, 17, 5, 18], [6, 24, 7, 23], [8, 16, 9, 15], [21, 10, 22, 11], [1, 12, 2, 13], [14, 10, 15, 9], [16, 20, 17, 19], [18, 3, 19, 4]]"
12n_0579_178,"[[18, 3, 19, 4], [20, 8, 21, 7], [11, 22, 12, 23], [24, 6, 1, 5], [13, 2, 14, 3], [4, 17, 5, 18], [6, 24, 7, 23], [8, 16, 9, 15], [21, 10, 22, 11], [1, 12, 2, 13], [14, 10, 15, 9], [16, 20, 17, 19]]"
12n_0579_179,"[[16, 20, 17, 19], [18, 3, 19, 4], [20, 8, 21, 7], [11, 22, 12, 23], [24, 6, 1, 5], [13, 2, 14, 3], [4, 17, 5, 18], [6, 24, 7, 23], [8, 16, 9, 15], [21, 10, 22, 11], [1, 12, 2, 13], [14, 10, 15, 9]]"
12n_0579_180,"[[15, 11, 16, 10], [17, 21, 18, 20], [19, 4, 20, 5], [21, 9, 22, 8], [12, 23, 13, 24], [1, 7, 2, 6], [14, 3, 15, 4], [5, 18, 6, 19], [7, 1, 8, 24], [9, 17, 10, 16], [22, 11, 23, 12], [2, 13, 3, 14]]"
12n_0579_181,"[[2, 13, 3, 14], [15, 11, 16, 10], [17, 21, 18, 20], [19, 4, 20, 5], [21, 9, 22, 8], [12, 23, 13, 24], [1, 7, 2, 6], [14, 3, 15, 4], [5, 18, 6, 19], [7, 1, 8, 24], [9, 17, 10, 16], [22, 11, 23, 12]]"
12n_0579_182,"[[22, 11, 23, 12], [2, 13, 3, 14], [15, 11, 16, 10], [17, 21, 18, 20], [19, 4, 20, 5], [21, 9, 22, 8], [12, 23, 13, 24], [1, 7, 2, 6], [14, 3, 15, 4], [5, 18, 6, 19], [7, 1, 8, 24], [9, 17, 10, 16]]"
12n_0579_183,"[[9, 17, 10, 16], [22, 11, 23, 12], [2, 13, 3, 14], [15, 11, 16, 10], [17, 21, 18, 20], [19, 4, 20, 5], [21, 9, 22, 8], [12, 23, 13, 24], [1, 7, 2, 6], [14, 3, 15, 4], [5, 18, 6, 19], [7, 1, 8, 24]]"
12n_0579_184,"[[7, 1, 8, 24], [9, 17, 10, 16], [22, 11, 23, 12], [2, 13, 3, 14], [15, 11, 16, 10], [17, 21, 18, 20], [19, 4, 20, 5], [21, 9, 22, 8], [12, 23, 13, 24], [1, 7, 2, 6], [14, 3, 15, 4], [5, 18, 6, 19]]"
12n_0579_185,"[[5, 18, 6, 19], [7, 1, 8, 24], [9, 17, 10, 16], [22, 11, 23, 12], [2, 13, 3, 14], [15, 11, 16, 10], [17, 21, 18, 20], [19, 4, 20, 5], [21, 9, 22, 8], [12, 23, 13, 24], [1, 7, 2, 6], [14, 3, 15, 4]]"
