name,pd_notation
12n_0656_0,"[[24, 7, 1, 8], [2, 6, 3, 5], [4, 16, 5, 15], [6, 19, 7, 20], [8, 23, 9, 24], [17, 10, 18, 11], [12, 21, 13, 22], [14, 4, 15, 3], [11, 16, 12, 17], [18, 1, 19, 2], [20, 13, 21, 14], [22, 9, 23, 10]]"
12n_0656_1,"[[22, 9, 23, 10], [24, 7, 1, 8], [2, 6, 3, 5], [4, 16, 5, 15], [6, 19, 7, 20], [8, 23, 9, 24], [17, 10, 18, 11], [12, 21, 13, 22], [14, 4, 15, 3], [11, 16, 12, 17], [18, 1, 19, 2], [20, 13, 21, 14]]"
12n_0656_2,"[[20, 13, 21, 14], [22, 9, 23, 10], [24, 7, 1, 8], [2, 6, 3, 5], [4, 16, 5, 15], [6, 19, 7, 20], [8, 23, 9, 24], [17, 10, 18, 11], [12, 21, 13, 22], [14, 4, 15, 3], [11, 16, 12, 17], [18, 1, 19, 2]]"
12n_0656_3,"[[18, 1, 19, 2], [20, 13, 21, 14], [22, 9, 23, 10], [24, 7, 1, 8], [2, 6, 3, 5], [4, 16, 5, 15], [6, 19, 7, 20], [8, 23, 9, 24], [17, 10, 18, 11], [12, 21, 13, 22], [14, 4, 15, 3], [11, 16, 12, 17]]"
12n_0656_4,"[[11, 16, 12, 17], [18, 1, 19, 2], [20, 13, 21, 14], [22, 9, 23, 10], [24, 7, 1, 8], [2, 6, 3, 5], [4, 16, 5, 15], [6, 19, 7, 20], [8, 23, 9, 24], [17, 10, 18, 11], [12, 21, 13, 22], [14, 4, 15, 3]]"
12n_0656_5,"[[14, 4, 15, 3], [11, 16, 12, 17], [18, 1, 19, 2], [20, 13, 21, 14], [22, 9, 23, 10], [24, 7, 1, 8], [2, 6, 3, 5], [4, 16, 5, 15], [6, 19, 7, 20], [8, 23, 9, 24], [17, 10, 18, 11], [12, 21, 13, 22]]"
12n_0656_6,"[[12, 21, 13, 22], [14, 4, 15, 3], [11, 16, 12, 17], [18, 1, 19, 2], [20, 13, 21, 14], [22, 9, 23, 10], [24, 7, 1, 8], [2, 6, 3, 5], [4, 16, 5, 15], [6, 19, 7, 20], [8, 23, 9, 24], [17, 10, 18, 11]]"
12n_0656_7,"[[17, 10, 18, 11], [12, 21, 13, 22], [14, 4, 15, 3], [11, 16, 12, 17], [18, 1, 19, 2], [20, 13, 21, 14], [22, 9, 23, 10], [24, 7, 1, 8], [2, 6, 3, 5], [4, 16, 5, 15], [6, 19, 7, 20], [8, 23, 9, 24]]"
12n_0656_8,"[[8, 23, 9, 24], [17, 10, 18, 11], [12, 21, 13, 22], [14, 4, 15, 3], [11, 16, 12, 17], [18, 1, 19, 2], [20, 13, 21, 14], [22, 9, 23, 10], [24, 7, 1, 8], [2, 6, 3, 5], [4, 16, 5, 15], [6, 19, 7, 20]]"
12n_0656_9,"[[6, 19, 7, 20], [8, 23, 9, 24], [17, 10, 18, 11], [12, 21, 13, 22], [14, 4, 15, 3], [11, 16, 12, 17], [18, 1, 19, 2], [20, 13, 21, 14], [22, 9, 23, 10], [24, 7, 1, 8], [2, 6, 3, 5], [4, 16, 5, 15]]"
12n_0656_10,"[[4, 16, 5, 15], [6, 19, 7, 20], [8, 23, 9, 24], [17, 10, 18, 11], [12, 21, 13, 22], [14, 4, 15, 3], [11, 16, 12, 17], [18, 1, 19, 2], [20, 13, 21, 14], [22, 9, 23, 10], [24, 7, 1, 8], [2, 6, 3, 5]]"
12n_0656_11,"[[2, 6, 3, 5], [4, 16, 5, 15], [6, 19, 7, 20], [8, 23, 9, 24], [17, 10, 18, 11], [12, 21, 13, 22], [14, 4, 15, 3], [11, 16, 12, 17], [18, 1, 19, 2], [20, 13, 21, 14], [22, 9, 23, 10], [24, 7, 1, 8]]"
12n_0656_12,"[[1, 8, 2, 9], [3, 7, 4, 6], [5, 17, 6, 16], [7, 20, 8, 21], [9, 24, 10, 1], [18, 11, 19, 12], [13, 22, 14, 23], [15, 5, 16, 4], [12, 17, 13, 18], [19, 2, 20, 3], [21, 14, 22, 15], [23, 10, 24, 11]]"
12n_0656_13,"[[23, 10, 24, 11], [1, 8, 2, 9], [3, 7, 4, 6], [5, 17, 6, 16], [7, 20, 8, 21], [9, 24, 10, 1], [18, 11, 19, 12], [13, 22, 14, 23], [15, 5, 16, 4], [12, 17, 13, 18], [19, 2, 20, 3], [21, 14, 22, 15]]"
12n_0656_14,"[[21, 14, 22, 15], [23, 10, 24, 11], [1, 8, 2, 9], [3, 7, 4, 6], [5, 17, 6, 16], [7, 20, 8, 21], [9, 24, 10, 1], [18, 11, 19, 12], [13, 22, 14, 23], [15, 5, 16, 4], [12, 17, 13, 18], [19, 2, 20, 3]]"
12n_0656_15,"[[19, 2, 20, 3], [21, 14, 22, 15], [23, 10, 24, 11], [1, 8, 2, 9], [3, 7, 4, 6], [5, 17, 6, 16], [7, 20, 8, 21], [9, 24, 10, 1], [18, 11, 19, 12], [13, 22, 14, 23], [15, 5, 16, 4], [12, 17, 13, 18]]"
12n_0656_16,"[[12, 17, 13, 18], [19, 2, 20, 3], [21, 14, 22, 15], [23, 10, 24, 11], [1, 8, 2, 9], [3, 7, 4, 6], [5, 17, 6, 16], [7, 20, 8, 21], [9, 24, 10, 1], [18, 11, 19, 12], [13, 22, 14, 23], [15, 5, 16, 4]]"
12n_0656_17,"[[15, 5, 16, 4], [12, 17, 13, 18], [19, 2, 20, 3], [21, 14, 22, 15], [23, 10, 24, 11], [1, 8, 2, 9], [3, 7, 4, 6], [5, 17, 6, 16], [7, 20, 8, 21], [9, 24, 10, 1], [18, 11, 19, 12], [13, 22, 14, 23]]"
12n_0656_18,"[[13, 22, 14, 23], [15, 5, 16, 4], [12, 17, 13, 18], [19, 2, 20, 3], [21, 14, 22, 15], [23, 10, 24, 11], [1, 8, 2, 9], [3, 7, 4, 6], [5, 17, 6, 16], [7, 20, 8, 21], [9, 24, 10, 1], [18, 11, 19, 12]]"
12n_0656_19,"[[18, 11, 19, 12], [13, 22, 14, 23], [15, 5, 16, 4], [12, 17, 13, 18], [19, 2, 20, 3], [21, 14, 22, 15], [23, 10, 24, 11], [1, 8, 2, 9], [3, 7, 4, 6], [5, 17, 6, 16], [7, 20, 8, 21], [9, 24, 10, 1]]"
12n_0656_20,"[[9, 24, 10, 1], [18, 11, 19, 12], [13, 22, 14, 23], [15, 5, 16, 4], [12, 17, 13, 18], [19, 2, 20, 3], [21, 14, 22, 15], [23, 10, 24, 11], [1, 8, 2, 9], [3, 7, 4, 6], [5, 17, 6, 16], [7, 20, 8, 21]]"
12n_0656_21,"[[7, 20, 8, 21], [9, 24, 10, 1], [18, 11, 19, 12], [13, 22, 14, 23], [15, 5, 16, 4], [12, 17, 13, 18], [19, 2, 20, 3], [21, 14, 22, 15], [23, 10, 24, 11], [1, 8, 2, 9], [3, 7, 4, 6], [5, 17, 6, 16]]"
12n_0656_22,"[[5, 17, 6, 16], [7, 20, 8, 21], [9, 24, 10, 1], [18, 11, 19, 12], [13, 22, 14, 23], [15, 5, 16, 4], [12, 17, 13, 18], [19, 2, 20, 3], [21, 14, 22, 15], [23, 10, 24, 11], [1, 8, 2, 9], [3, 7, 4, 6]]"
12n_0656_23,"[[3, 7, 4, 6], [5, 17, 6, 16], [7, 20, 8, 21], [9, 24, 10, 1], [18, 11, 19, 12], [13, 22, 14, 23], [15, 5, 16, 4], [12, 17, 13, 18], [19, 2, 20, 3], [21, 14, 22, 15], [23, 10, 24, 11], [1, 8, 2, 9]]"
12n_0656_24,"[[2, 9, 3, 10], [4, 8, 5, 7], [6, 18, 7, 17], [8, 21, 9, 22], [10, 1, 11, 2], [19, 12, 20, 13], [14, 23, 15, 24], [16, 6, 17, 5], [13, 18, 14, 19], [20, 3, 21, 4], [22, 15, 23, 16], [24, 11, 1, 12]]"
12n_0656_25,"[[24, 11, 1, 12], [2, 9, 3, 10], [4, 8, 5, 7], [6, 18, 7, 17], [8, 21, 9, 22], [10, 1, 11, 2], [19, 12, 20, 13], [14, 23, 15, 24], [16, 6, 17, 5], [13, 18, 14, 19], [20, 3, 21, 4], [22, 15, 23, 16]]"
12n_0656_26,"[[22, 15, 23, 16], [24, 11, 1, 12], [2, 9, 3, 10], [4, 8, 5, 7], [6, 18, 7, 17], [8, 21, 9, 22], [10, 1, 11, 2], [19, 12, 20, 13], [14, 23, 15, 24], [16, 6, 17, 5], [13, 18, 14, 19], [20, 3, 21, 4]]"
12n_0656_27,"[[20, 3, 21, 4], [22, 15, 23, 16], [24, 11, 1, 12], [2, 9, 3, 10], [4, 8, 5, 7], [6, 18, 7, 17], [8, 21, 9, 22], [10, 1, 11, 2], [19, 12, 20, 13], [14, 23, 15, 24], [16, 6, 17, 5], [13, 18, 14, 19]]"
12n_0656_28,"[[13, 18, 14, 19], [20, 3, 21, 4], [22, 15, 23, 16], [24, 11, 1, 12], [2, 9, 3, 10], [4, 8, 5, 7], [6, 18, 7, 17], [8, 21, 9, 22], [10, 1, 11, 2], [19, 12, 20, 13], [14, 23, 15, 24], [16, 6, 17, 5]]"
12n_0656_29,"[[16, 6, 17, 5], [13, 18, 14, 19], [20, 3, 21, 4], [22, 15, 23, 16], [24, 11, 1, 12], [2, 9, 3, 10], [4, 8, 5, 7], [6, 18, 7, 17], [8, 21, 9, 22], [10, 1, 11, 2], [19, 12, 20, 13], [14, 23, 15, 24]]"
12n_0656_30,"[[14, 23, 15, 24], [16, 6, 17, 5], [13, 18, 14, 19], [20, 3, 21, 4], [22, 15, 23, 16], [24, 11, 1, 12], [2, 9, 3, 10], [4, 8, 5, 7], [6, 18, 7, 17], [8, 21, 9, 22], [10, 1, 11, 2], [19, 12, 20, 13]]"
12n_0656_31,"[[19, 12, 20, 13], [14, 23, 15, 24], [16, 6, 17, 5], [13, 18, 14, 19], [20, 3, 21, 4], [22, 15, 23, 16], [24, 11, 1, 12], [2, 9, 3, 10], [4, 8, 5, 7], [6, 18, 7, 17], [8, 21, 9, 22], [10, 1, 11, 2]]"
12n_0656_32,"[[10, 1, 11, 2], [19, 12, 20, 13], [14, 23, 15, 24], [16, 6, 17, 5], [13, 18, 14, 19], [20, 3, 21, 4], [22, 15, 23, 16], [24, 11, 1, 12], [2, 9, 3, 10], [4, 8, 5, 7], [6, 18, 7, 17], [8, 21, 9, 22]]"
12n_0656_33,"[[8, 21, 9, 22], [10, 1, 11, 2], [19, 12, 20, 13], [14, 23, 15, 24], [16, 6, 17, 5], [13, 18, 14, 19], [20, 3, 21, 4], [22, 15, 23, 16], [24, 11, 1, 12], [2, 9, 3, 10], [4, 8, 5, 7], [6, 18, 7, 17]]"
12n_0656_34,"[[6, 18, 7, 17], [8, 21, 9, 22], [10, 1, 11, 2], [19, 12, 20, 13], [14, 23, 15, 24], [16, 6, 17, 5], [13, 18, 14, 19], [20, 3, 21, 4], [22, 15, 23, 16], [24, 11, 1, 12], [2, 9, 3, 10], [4, 8, 5, 7]]"
12n_0656_35,"[[4, 8, 5, 7], [6, 18, 7, 17], [8, 21, 9, 22], [10, 1, 11, 2], [19, 12, 20, 13], [14, 23, 15, 24], [16, 6, 17, 5], [13, 18, 14, 19], [20, 3, 21, 4], [22, 15, 23, 16], [24, 11, 1, 12], [2, 9, 3, 10]]"
12n_0656_36,"[[3, 10, 4, 11], [5, 9, 6, 8], [7, 19, 8, 18], [9, 22, 10, 23], [11, 2, 12, 3], [20, 13, 21, 14], [15, 24, 16, 1], [17, 7, 18, 6], [14, 19, 15, 20], [21, 4, 22, 5], [23, 16, 24, 17], [1, 12, 2, 13]]"
12n_0656_37,"[[1, 12, 2, 13], [3, 10, 4, 11], [5, 9, 6, 8], [7, 19, 8, 18], [9, 22, 10, 23], [11, 2, 12, 3], [20, 13, 21, 14], [15, 24, 16, 1], [17, 7, 18, 6], [14, 19, 15, 20], [21, 4, 22, 5], [23, 16, 24, 17]]"
12n_0656_38,"[[23, 16, 24, 17], [1, 12, 2, 13], [3, 10, 4, 11], [5, 9, 6, 8], [7, 19, 8, 18], [9, 22, 10, 23], [11, 2, 12, 3], [20, 13, 21, 14], [15, 24, 16, 1], [17, 7, 18, 6], [14, 19, 15, 20], [21, 4, 22, 5]]"
12n_0656_39,"[[21, 4, 22, 5], [23, 16, 24, 17], [1, 12, 2, 13], [3, 10, 4, 11], [5, 9, 6, 8], [7, 19, 8, 18], [9, 22, 10, 23], [11, 2, 12, 3], [20, 13, 21, 14], [15, 24, 16, 1], [17, 7, 18, 6], [14, 19, 15, 20]]"
12n_0656_40,"[[14, 19, 15, 20], [21, 4, 22, 5], [23, 16, 24, 17], [1, 12, 2, 13], [3, 10, 4, 11], [5, 9, 6, 8], [7, 19, 8, 18], [9, 22, 10, 23], [11, 2, 12, 3], [20, 13, 21, 14], [15, 24, 16, 1], [17, 7, 18, 6]]"
12n_0656_41,"[[17, 7, 18, 6], [14, 19, 15, 20], [21, 4, 22, 5], [23, 16, 24, 17], [1, 12, 2, 13], [3, 10, 4, 11], [5, 9, 6, 8], [7, 19, 8, 18], [9, 22, 10, 23], [11, 2, 12, 3], [20, 13, 21, 14], [15, 24, 16, 1]]"
12n_0656_42,"[[15, 24, 16, 1], [17, 7, 18, 6], [14, 19, 15, 20], [21, 4, 22, 5], [23, 16, 24, 17], [1, 12, 2, 13], [3, 10, 4, 11], [5, 9, 6, 8], [7, 19, 8, 18], [9, 22, 10, 23], [11, 2, 12, 3], [20, 13, 21, 14]]"
12n_0656_43,"[[20, 13, 21, 14], [15, 24, 16, 1], [17, 7, 18, 6], [14, 19, 15, 20], [21, 4, 22, 5], [23, 16, 24, 17], [1, 12, 2, 13], [3, 10, 4, 11], [5, 9, 6, 8], [7, 19, 8, 18], [9, 22, 10, 23], [11, 2, 12, 3]]"
12n_0656_44,"[[11, 2, 12, 3], [20, 13, 21, 14], [15, 24, 16, 1], [17, 7, 18, 6], [14, 19, 15, 20], [21, 4, 22, 5], [23, 16, 24, 17], [1, 12, 2, 13], [3, 10, 4, 11], [5, 9, 6, 8], [7, 19, 8, 18], [9, 22, 10, 23]]"
12n_0656_45,"[[9, 22, 10, 23], [11, 2, 12, 3], [20, 13, 21, 14], [15, 24, 16, 1], [17, 7, 18, 6], [14, 19, 15, 20], [21, 4, 22, 5], [23, 16, 24, 17], [1, 12, 2, 13], [3, 10, 4, 11], [5, 9, 6, 8], [7, 19, 8, 18]]"
12n_0656_46,"[[7, 19, 8, 18], [9, 22, 10, 23], [11, 2, 12, 3], [20, 13, 21, 14], [15, 24, 16, 1], [17, 7, 18, 6], [14, 19, 15, 20], [21, 4, 22, 5], [23, 16, 24, 17], [1, 12, 2, 13], [3, 10, 4, 11], [5, 9, 6, 8]]"
12n_0656_47,"[[5, 9, 6, 8], [7, 19, 8, 18], [9, 22, 10, 23], [11, 2, 12, 3], [20, 13, 21, 14], [15, 24, 16, 1], [17, 7, 18, 6], [14, 19, 15, 20], [21, 4, 22, 5], [23, 16, 24, 17], [1, 12, 2, 13], [3, 10, 4, 11]]"
12n_0656_48,"[[4, 11, 5, 12], [6, 10, 7, 9], [8, 20, 9, 19], [10, 23, 11, 24], [12, 3, 13, 4], [21, 14, 22, 15], [16, 1, 17, 2], [18, 8, 19, 7], [15, 20, 16, 21], [22, 5, 23, 6], [24, 17, 1, 18], [2, 13, 3, 14]]"
12n_0656_49,"[[2, 13, 3, 14], [4, 11, 5, 12], [6, 10, 7, 9], [8, 20, 9, 19], [10, 23, 11, 24], [12, 3, 13, 4], [21, 14, 22, 15], [16, 1, 17, 2], [18, 8, 19, 7], [15, 20, 16, 21], [22, 5, 23, 6], [24, 17, 1, 18]]"
12n_0656_50,"[[24, 17, 1, 18], [2, 13, 3, 14], [4, 11, 5, 12], [6, 10, 7, 9], [8, 20, 9, 19], [10, 23, 11, 24], [12, 3, 13, 4], [21, 14, 22, 15], [16, 1, 17, 2], [18, 8, 19, 7], [15, 20, 16, 21], [22, 5, 23, 6]]"
12n_0656_51,"[[22, 5, 23, 6], [24, 17, 1, 18], [2, 13, 3, 14], [4, 11, 5, 12], [6, 10, 7, 9], [8, 20, 9, 19], [10, 23, 11, 24], [12, 3, 13, 4], [21, 14, 22, 15], [16, 1, 17, 2], [18, 8, 19, 7], [15, 20, 16, 21]]"
12n_0656_52,"[[15, 20, 16, 21], [22, 5, 23, 6], [24, 17, 1, 18], [2, 13, 3, 14], [4, 11, 5, 12], [6, 10, 7, 9], [8, 20, 9, 19], [10, 23, 11, 24], [12, 3, 13, 4], [21, 14, 22, 15], [16, 1, 17, 2], [18, 8, 19, 7]]"
12n_0656_53,"[[18, 8, 19, 7], [15, 20, 16, 21], [22, 5, 23, 6], [24, 17, 1, 18], [2, 13, 3, 14], [4, 11, 5, 12], [6, 10, 7, 9], [8, 20, 9, 19], [10, 23, 11, 24], [12, 3, 13, 4], [21, 14, 22, 15], [16, 1, 17, 2]]"
12n_0656_54,"[[16, 1, 17, 2], [18, 8, 19, 7], [15, 20, 16, 21], [22, 5, 23, 6], [24, 17, 1, 18], [2, 13, 3, 14], [4, 11, 5, 12], [6, 10, 7, 9], [8, 20, 9, 19], [10, 23, 11, 24], [12, 3, 13, 4], [21, 14, 22, 15]]"
12n_0656_55,"[[21, 14, 22, 15], [16, 1, 17, 2], [18, 8, 19, 7], [15, 20, 16, 21], [22, 5, 23, 6], [24, 17, 1, 18], [2, 13, 3, 14], [4, 11, 5, 12], [6, 10, 7, 9], [8, 20, 9, 19], [10, 23, 11, 24], [12, 3, 13, 4]]"
12n_0656_56,"[[12, 3, 13, 4], [21, 14, 22, 15], [16, 1, 17, 2], [18, 8, 19, 7], [15, 20, 16, 21], [22, 5, 23, 6], [24, 17, 1, 18], [2, 13, 3, 14], [4, 11, 5, 12], [6, 10, 7, 9], [8, 20, 9, 19], [10, 23, 11, 24]]"
12n_0656_57,"[[10, 23, 11, 24], [12, 3, 13, 4], [21, 14, 22, 15], [16, 1, 17, 2], [18, 8, 19, 7], [15, 20, 16, 21], [22, 5, 23, 6], [24, 17, 1, 18], [2, 13, 3, 14], [4, 11, 5, 12], [6, 10, 7, 9], [8, 20, 9, 19]]"
12n_0656_58,"[[8, 20, 9, 19], [10, 23, 11, 24], [12, 3, 13, 4], [21, 14, 22, 15], [16, 1, 17, 2], [18, 8, 19, 7], [15, 20, 16, 21], [22, 5, 23, 6], [24, 17, 1, 18], [2, 13, 3, 14], [4, 11, 5, 12], [6, 10, 7, 9]]"
12n_0656_59,"[[6, 10, 7, 9], [8, 20, 9, 19], [10, 23, 11, 24], [12, 3, 13, 4], [21, 14, 22, 15], [16, 1, 17, 2], [18, 8, 19, 7], [15, 20, 16, 21], [22, 5, 23, 6], [24, 17, 1, 18], [2, 13, 3, 14], [4, 11, 5, 12]]"
12n_0656_60,"[[5, 12, 6, 13], [7, 11, 8, 10], [9, 21, 10, 20], [11, 24, 12, 1], [13, 4, 14, 5], [22, 15, 23, 16], [17, 2, 18, 3], [19, 9, 20, 8], [16, 21, 17, 22], [23, 6, 24, 7], [1, 18, 2, 19], [3, 14, 4, 15]]"
12n_0656_61,"[[3, 14, 4, 15], [5, 12, 6, 13], [7, 11, 8, 10], [9, 21, 10, 20], [11, 24, 12, 1], [13, 4, 14, 5], [22, 15, 23, 16], [17, 2, 18, 3], [19, 9, 20, 8], [16, 21, 17, 22], [23, 6, 24, 7], [1, 18, 2, 19]]"
12n_0656_62,"[[1, 18, 2, 19], [3, 14, 4, 15], [5, 12, 6, 13], [7, 11, 8, 10], [9, 21, 10, 20], [11, 24, 12, 1], [13, 4, 14, 5], [22, 15, 23, 16], [17, 2, 18, 3], [19, 9, 20, 8], [16, 21, 17, 22], [23, 6, 24, 7]]"
12n_0656_63,"[[23, 6, 24, 7], [1, 18, 2, 19], [3, 14, 4, 15], [5, 12, 6, 13], [7, 11, 8, 10], [9, 21, 10, 20], [11, 24, 12, 1], [13, 4, 14, 5], [22, 15, 23, 16], [17, 2, 18, 3], [19, 9, 20, 8], [16, 21, 17, 22]]"
12n_0656_64,"[[16, 21, 17, 22], [23, 6, 24, 7], [1, 18, 2, 19], [3, 14, 4, 15], [5, 12, 6, 13], [7, 11, 8, 10], [9, 21, 10, 20], [11, 24, 12, 1], [13, 4, 14, 5], [22, 15, 23, 16], [17, 2, 18, 3], [19, 9, 20, 8]]"
12n_0656_65,"[[19, 9, 20, 8], [16, 21, 17, 22], [23, 6, 24, 7], [1, 18, 2, 19], [3, 14, 4, 15], [5, 12, 6, 13], [7, 11, 8, 10], [9, 21, 10, 20], [11, 24, 12, 1], [13, 4, 14, 5], [22, 15, 23, 16], [17, 2, 18, 3]]"
12n_0656_66,"[[17, 2, 18, 3], [19, 9, 20, 8], [16, 21, 17, 22], [23, 6, 24, 7], [1, 18, 2, 19], [3, 14, 4, 15], [5, 12, 6, 13], [7, 11, 8, 10], [9, 21, 10, 20], [11, 24, 12, 1], [13, 4, 14, 5], [22, 15, 23, 16]]"
12n_0656_67,"[[22, 15, 23, 16], [17, 2, 18, 3], [19, 9, 20, 8], [16, 21, 17, 22], [23, 6, 24, 7], [1, 18, 2, 19], [3, 14, 4, 15], [5, 12, 6, 13], [7, 11, 8, 10], [9, 21, 10, 20], [11, 24, 12, 1], [13, 4, 14, 5]]"
12n_0656_68,"[[13, 4, 14, 5], [22, 15, 23, 16], [17, 2, 18, 3], [19, 9, 20, 8], [16, 21, 17, 22], [23, 6, 24, 7], [1, 18, 2, 19], [3, 14, 4, 15], [5, 12, 6, 13], [7, 11, 8, 10], [9, 21, 10, 20], [11, 24, 12, 1]]"
12n_0656_69,"[[11, 24, 12, 1], [13, 4, 14, 5], [22, 15, 23, 16], [17, 2, 18, 3], [19, 9, 20, 8], [16, 21, 17, 22], [23, 6, 24, 7], [1, 18, 2, 19], [3, 14, 4, 15], [5, 12, 6, 13], [7, 11, 8, 10], [9, 21, 10, 20]]"
12n_0656_70,"[[9, 21, 10, 20], [11, 24, 12, 1], [13, 4, 14, 5], [22, 15, 23, 16], [17, 2, 18, 3], [19, 9, 20, 8], [16, 21, 17, 22], [23, 6, 24, 7], [1, 18, 2, 19], [3, 14, 4, 15], [5, 12, 6, 13], [7, 11, 8, 10]]"
12n_0656_71,"[[7, 11, 8, 10], [9, 21, 10, 20], [11, 24, 12, 1], [13, 4, 14, 5], [22, 15, 23, 16], [17, 2, 18, 3], [19, 9, 20, 8], [16, 21, 17, 22], [23, 6, 24, 7], [1, 18, 2, 19], [3, 14, 4, 15], [5, 12, 6, 13]]"
12n_0656_72,"[[6, 13, 7, 14], [8, 12, 9, 11], [10, 22, 11, 21], [12, 1, 13, 2], [14, 5, 15, 6], [23, 16, 24, 17], [18, 3, 19, 4], [20, 10, 21, 9], [17, 22, 18, 23], [24, 7, 1, 8], [2, 19, 3, 20], [4, 15, 5, 16]]"
12n_0656_73,"[[4, 15, 5, 16], [6, 13, 7, 14], [8, 12, 9, 11], [10, 22, 11, 21], [12, 1, 13, 2], [14, 5, 15, 6], [23, 16, 24, 17], [18, 3, 19, 4], [20, 10, 21, 9], [17, 22, 18, 23], [24, 7, 1, 8], [2, 19, 3, 20]]"
12n_0656_74,"[[2, 19, 3, 20], [4, 15, 5, 16], [6, 13, 7, 14], [8, 12, 9, 11], [10, 22, 11, 21], [12, 1, 13, 2], [14, 5, 15, 6], [23, 16, 24, 17], [18, 3, 19, 4], [20, 10, 21, 9], [17, 22, 18, 23], [24, 7, 1, 8]]"
12n_0656_75,"[[24, 7, 1, 8], [2, 19, 3, 20], [4, 15, 5, 16], [6, 13, 7, 14], [8, 12, 9, 11], [10, 22, 11, 21], [12, 1, 13, 2], [14, 5, 15, 6], [23, 16, 24, 17], [18, 3, 19, 4], [20, 10, 21, 9], [17, 22, 18, 23]]"
12n_0656_76,"[[17, 22, 18, 23], [24, 7, 1, 8], [2, 19, 3, 20], [4, 15, 5, 16], [6, 13, 7, 14], [8, 12, 9, 11], [10, 22, 11, 21], [12, 1, 13, 2], [14, 5, 15, 6], [23, 16, 24, 17], [18, 3, 19, 4], [20, 10, 21, 9]]"
12n_0656_77,"[[20, 10, 21, 9], [17, 22, 18, 23], [24, 7, 1, 8], [2, 19, 3, 20], [4, 15, 5, 16], [6, 13, 7, 14], [8, 12, 9, 11], [10, 22, 11, 21], [12, 1, 13, 2], [14, 5, 15, 6], [23, 16, 24, 17], [18, 3, 19, 4]]"
12n_0656_78,"[[18, 3, 19, 4], [20, 10, 21, 9], [17, 22, 18, 23], [24, 7, 1, 8], [2, 19, 3, 20], [4, 15, 5, 16], [6, 13, 7, 14], [8, 12, 9, 11], [10, 22, 11, 21], [12, 1, 13, 2], [14, 5, 15, 6], [23, 16, 24, 17]]"
12n_0656_79,"[[23, 16, 24, 17], [18, 3, 19, 4], [20, 10, 21, 9], [17, 22, 18, 23], [24, 7, 1, 8], [2, 19, 3, 20], [4, 15, 5, 16], [6, 13, 7, 14], [8, 12, 9, 11], [10, 22, 11, 21], [12, 1, 13, 2], [14, 5, 15, 6]]"
12n_0656_80,"[[14, 5, 15, 6], [23, 16, 24, 17], [18, 3, 19, 4], [20, 10, 21, 9], [17, 22, 18, 23], [24, 7, 1, 8], [2, 19, 3, 20], [4, 15, 5, 16], [6, 13, 7, 14], [8, 12, 9, 11], [10, 22, 11, 21], [12, 1, 13, 2]]"
12n_0656_81,"[[12, 1, 13, 2], [14, 5, 15, 6], [23, 16, 24, 17], [18, 3, 19, 4], [20, 10, 21, 9], [17, 22, 18, 23], [24, 7, 1, 8], [2, 19, 3, 20], [4, 15, 5, 16], [6, 13, 7, 14], [8, 12, 9, 11], [10, 22, 11, 21]]"
12n_0656_82,"[[10, 22, 11, 21], [12, 1, 13, 2], [14, 5, 15, 6], [23, 16, 24, 17], [18, 3, 19, 4], [20, 10, 21, 9], [17, 22, 18, 23], [24, 7, 1, 8], [2, 19, 3, 20], [4, 15, 5, 16], [6, 13, 7, 14], [8, 12, 9, 11]]"
12n_0656_83,"[[8, 12, 9, 11], [10, 22, 11, 21], [12, 1, 13, 2], [14, 5, 15, 6], [23, 16, 24, 17], [18, 3, 19, 4], [20, 10, 21, 9], [17, 22, 18, 23], [24, 7, 1, 8], [2, 19, 3, 20], [4, 15, 5, 16], [6, 13, 7, 14]]"
12n_0656_84,"[[7, 14, 8, 15], [9, 13, 10, 12], [11, 23, 12, 22], [13, 2, 14, 3], [15, 6, 16, 7], [24, 17, 1, 18], [19, 4, 20, 5], [21, 11, 22, 10], [18, 23, 19, 24], [1, 8, 2, 9], [3, 20, 4, 21], [5, 16, 6, 17]]"
12n_0656_85,"[[5, 16, 6, 17], [7, 14, 8, 15], [9, 13, 10, 12], [11, 23, 12, 22], [13, 2, 14, 3], [15, 6, 16, 7], [24, 17, 1, 18], [19, 4, 20, 5], [21, 11, 22, 10], [18, 23, 19, 24], [1, 8, 2, 9], [3, 20, 4, 21]]"
12n_0656_86,"[[3, 20, 4, 21], [5, 16, 6, 17], [7, 14, 8, 15], [9, 13, 10, 12], [11, 23, 12, 22], [13, 2, 14, 3], [15, 6, 16, 7], [24, 17, 1, 18], [19, 4, 20, 5], [21, 11, 22, 10], [18, 23, 19, 24], [1, 8, 2, 9]]"
12n_0656_87,"[[1, 8, 2, 9], [3, 20, 4, 21], [5, 16, 6, 17], [7, 14, 8, 15], [9, 13, 10, 12], [11, 23, 12, 22], [13, 2, 14, 3], [15, 6, 16, 7], [24, 17, 1, 18], [19, 4, 20, 5], [21, 11, 22, 10], [18, 23, 19, 24]]"
12n_0656_88,"[[18, 23, 19, 24], [1, 8, 2, 9], [3, 20, 4, 21], [5, 16, 6, 17], [7, 14, 8, 15], [9, 13, 10, 12], [11, 23, 12, 22], [13, 2, 14, 3], [15, 6, 16, 7], [24, 17, 1, 18], [19, 4, 20, 5], [21, 11, 22, 10]]"
12n_0656_89,"[[21, 11, 22, 10], [18, 23, 19, 24], [1, 8, 2, 9], [3, 20, 4, 21], [5, 16, 6, 17], [7, 14, 8, 15], [9, 13, 10, 12], [11, 23, 12, 22], [13, 2, 14, 3], [15, 6, 16, 7], [24, 17, 1, 18], [19, 4, 20, 5]]"
12n_0656_90,"[[19, 4, 20, 5], [21, 11, 22, 10], [18, 23, 19, 24], [1, 8, 2, 9], [3, 20, 4, 21], [5, 16, 6, 17], [7, 14, 8, 15], [9, 13, 10, 12], [11, 23, 12, 22], [13, 2, 14, 3], [15, 6, 16, 7], [24, 17, 1, 18]]"
12n_0656_91,"[[24, 17, 1, 18], [19, 4, 20, 5], [21, 11, 22, 10], [18, 23, 19, 24], [1, 8, 2, 9], [3, 20, 4, 21], [5, 16, 6, 17], [7, 14, 8, 15], [9, 13, 10, 12], [11, 23, 12, 22], [13, 2, 14, 3], [15, 6, 16, 7]]"
12n_0656_92,"[[15, 6, 16, 7], [24, 17, 1, 18], [19, 4, 20, 5], [21, 11, 22, 10], [18, 23, 19, 24], [1, 8, 2, 9], [3, 20, 4, 21], [5, 16, 6, 17], [7, 14, 8, 15], [9, 13, 10, 12], [11, 23, 12, 22], [13, 2, 14, 3]]"
12n_0656_93,"[[13, 2, 14, 3], [15, 6, 16, 7], [24, 17, 1, 18], [19, 4, 20, 5], [21, 11, 22, 10], [18, 23, 19, 24], [1, 8, 2, 9], [3, 20, 4, 21], [5, 16, 6, 17], [7, 14, 8, 15], [9, 13, 10, 12], [11, 23, 12, 22]]"
12n_0656_94,"[[11, 23, 12, 22], [13, 2, 14, 3], [15, 6, 16, 7], [24, 17, 1, 18], [19, 4, 20, 5], [21, 11, 22, 10], [18, 23, 19, 24], [1, 8, 2, 9], [3, 20, 4, 21], [5, 16, 6, 17], [7, 14, 8, 15], [9, 13, 10, 12]]"
12n_0656_95,"[[9, 13, 10, 12], [11, 23, 12, 22], [13, 2, 14, 3], [15, 6, 16, 7], [24, 17, 1, 18], [19, 4, 20, 5], [21, 11, 22, 10], [18, 23, 19, 24], [1, 8, 2, 9], [3, 20, 4, 21], [5, 16, 6, 17], [7, 14, 8, 15]]"
12n_0656_96,"[[8, 15, 9, 16], [10, 14, 11, 13], [12, 24, 13, 23], [14, 3, 15, 4], [16, 7, 17, 8], [1, 18, 2, 19], [20, 5, 21, 6], [22, 12, 23, 11], [19, 24, 20, 1], [2, 9, 3, 10], [4, 21, 5, 22], [6, 17, 7, 18]]"
12n_0656_97,"[[6, 17, 7, 18], [8, 15, 9, 16], [10, 14, 11, 13], [12, 24, 13, 23], [14, 3, 15, 4], [16, 7, 17, 8], [1, 18, 2, 19], [20, 5, 21, 6], [22, 12, 23, 11], [19, 24, 20, 1], [2, 9, 3, 10], [4, 21, 5, 22]]"
12n_0656_98,"[[4, 21, 5, 22], [6, 17, 7, 18], [8, 15, 9, 16], [10, 14, 11, 13], [12, 24, 13, 23], [14, 3, 15, 4], [16, 7, 17, 8], [1, 18, 2, 19], [20, 5, 21, 6], [22, 12, 23, 11], [19, 24, 20, 1], [2, 9, 3, 10]]"
12n_0656_99,"[[2, 9, 3, 10], [4, 21, 5, 22], [6, 17, 7, 18], [8, 15, 9, 16], [10, 14, 11, 13], [12, 24, 13, 23], [14, 3, 15, 4], [16, 7, 17, 8], [1, 18, 2, 19], [20, 5, 21, 6], [22, 12, 23, 11], [19, 24, 20, 1]]"
12n_0656_100,"[[19, 24, 20, 1], [2, 9, 3, 10], [4, 21, 5, 22], [6, 17, 7, 18], [8, 15, 9, 16], [10, 14, 11, 13], [12, 24, 13, 23], [14, 3, 15, 4], [16, 7, 17, 8], [1, 18, 2, 19], [20, 5, 21, 6], [22, 12, 23, 11]]"
12n_0656_101,"[[22, 12, 23, 11], [19, 24, 20, 1], [2, 9, 3, 10], [4, 21, 5, 22], [6, 17, 7, 18], [8, 15, 9, 16], [10, 14, 11, 13], [12, 24, 13, 23], [14, 3, 15, 4], [16, 7, 17, 8], [1, 18, 2, 19], [20, 5, 21, 6]]"
12n_0656_102,"[[20, 5, 21, 6], [22, 12, 23, 11], [19, 24, 20, 1], [2, 9, 3, 10], [4, 21, 5, 22], [6, 17, 7, 18], [8, 15, 9, 16], [10, 14, 11, 13], [12, 24, 13, 23], [14, 3, 15, 4], [16, 7, 17, 8], [1, 18, 2, 19]]"
12n_0656_103,"[[1, 18, 2, 19], [20, 5, 21, 6], [22, 12, 23, 11], [19, 24, 20, 1], [2, 9, 3, 10], [4, 21, 5, 22], [6, 17, 7, 18], [8, 15, 9, 16], [10, 14, 11, 13], [12, 24, 13, 23], [14, 3, 15, 4], [16, 7, 17, 8]]"
12n_0656_104,"[[16, 7, 17, 8], [1, 18, 2, 19], [20, 5, 21, 6], [22, 12, 23, 11], [19, 24, 20, 1], [2, 9, 3, 10], [4, 21, 5, 22], [6, 17, 7, 18], [8, 15, 9, 16], [10, 14, 11, 13], [12, 24, 13, 23], [14, 3, 15, 4]]"
12n_0656_105,"[[14, 3, 15, 4], [16, 7, 17, 8], [1, 18, 2, 19], [20, 5, 21, 6], [22, 12, 23, 11], [19, 24, 20, 1], [2, 9, 3, 10], [4, 21, 5, 22], [6, 17, 7, 18], [8, 15, 9, 16], [10, 14, 11, 13], [12, 24, 13, 23]]"
12n_0656_106,"[[12, 24, 13, 23], [14, 3, 15, 4], [16, 7, 17, 8], [1, 18, 2, 19], [20, 5, 21, 6], [22, 12, 23, 11], [19, 24, 20, 1], [2, 9, 3, 10], [4, 21, 5, 22], [6, 17, 7, 18], [8, 15, 9, 16], [10, 14, 11, 13]]"
12n_0656_107,"[[10, 14, 11, 13], [12, 24, 13, 23], [14, 3, 15, 4], [16, 7, 17, 8], [1, 18, 2, 19], [20, 5, 21, 6], [22, 12, 23, 11], [19, 24, 20, 1], [2, 9, 3, 10], [4, 21, 5, 22], [6, 17, 7, 18], [8, 15, 9, 16]]"
12n_0656_108,"[[9, 16, 10, 17], [11, 15, 12, 14], [13, 1, 14, 24], [15, 4, 16, 5], [17, 8, 18, 9], [2, 19, 3, 20], [21, 6, 22, 7], [23, 13, 24, 12], [20, 1, 21, 2], [3, 10, 4, 11], [5, 22, 6, 23], [7, 18, 8, 19]]"
12n_0656_109,"[[7, 18, 8, 19], [9, 16, 10, 17], [11, 15, 12, 14], [13, 1, 14, 24], [15, 4, 16, 5], [17, 8, 18, 9], [2, 19, 3, 20], [21, 6, 22, 7], [23, 13, 24, 12], [20, 1, 21, 2], [3, 10, 4, 11], [5, 22, 6, 23]]"
12n_0656_110,"[[5, 22, 6, 23], [7, 18, 8, 19], [9, 16, 10, 17], [11, 15, 12, 14], [13, 1, 14, 24], [15, 4, 16, 5], [17, 8, 18, 9], [2, 19, 3, 20], [21, 6, 22, 7], [23, 13, 24, 12], [20, 1, 21, 2], [3, 10, 4, 11]]"
12n_0656_111,"[[3, 10, 4, 11], [5, 22, 6, 23], [7, 18, 8, 19], [9, 16, 10, 17], [11, 15, 12, 14], [13, 1, 14, 24], [15, 4, 16, 5], [17, 8, 18, 9], [2, 19, 3, 20], [21, 6, 22, 7], [23, 13, 24, 12], [20, 1, 21, 2]]"
12n_0656_112,"[[20, 1, 21, 2], [3, 10, 4, 11], [5, 22, 6, 23], [7, 18, 8, 19], [9, 16, 10, 17], [11, 15, 12, 14], [13, 1, 14, 24], [15, 4, 16, 5], [17, 8, 18, 9], [2, 19, 3, 20], [21, 6, 22, 7], [23, 13, 24, 12]]"
12n_0656_113,"[[23, 13, 24, 12], [20, 1, 21, 2], [3, 10, 4, 11], [5, 22, 6, 23], [7, 18, 8, 19], [9, 16, 10, 17], [11, 15, 12, 14], [13, 1, 14, 24], [15, 4, 16, 5], [17, 8, 18, 9], [2, 19, 3, 20], [21, 6, 22, 7]]"
12n_0656_114,"[[21, 6, 22, 7], [23, 13, 24, 12], [20, 1, 21, 2], [3, 10, 4, 11], [5, 22, 6, 23], [7, 18, 8, 19], [9, 16, 10, 17], [11, 15, 12, 14], [13, 1, 14, 24], [15, 4, 16, 5], [17, 8, 18, 9], [2, 19, 3, 20]]"
12n_0656_115,"[[2, 19, 3, 20], [21, 6, 22, 7], [23, 13, 24, 12], [20, 1, 21, 2], [3, 10, 4, 11], [5, 22, 6, 23], [7, 18, 8, 19], [9, 16, 10, 17], [11, 15, 12, 14], [13, 1, 14, 24], [15, 4, 16, 5], [17, 8, 18, 9]]"
12n_0656_116,"[[17, 8, 18, 9], [2, 19, 3, 20], [21, 6, 22, 7], [23, 13, 24, 12], [20, 1, 21, 2], [3, 10, 4, 11], [5, 22, 6, 23], [7, 18, 8, 19], [9, 16, 10, 17], [11, 15, 12, 14], [13, 1, 14, 24], [15, 4, 16, 5]]"
12n_0656_117,"[[15, 4, 16, 5], [17, 8, 18, 9], [2, 19, 3, 20], [21, 6, 22, 7], [23, 13, 24, 12], [20, 1, 21, 2], [3, 10, 4, 11], [5, 22, 6, 23], [7, 18, 8, 19], [9, 16, 10, 17], [11, 15, 12, 14], [13, 1, 14, 24]]"
12n_0656_118,"[[13, 1, 14, 24], [15, 4, 16, 5], [17, 8, 18, 9], [2, 19, 3, 20], [21, 6, 22, 7], [23, 13, 24, 12], [20, 1, 21, 2], [3, 10, 4, 11], [5, 22, 6, 23], [7, 18, 8, 19], [9, 16, 10, 17], [11, 15, 12, 14]]"
12n_0656_119,"[[11, 15, 12, 14], [13, 1, 14, 24], [15, 4, 16, 5], [17, 8, 18, 9], [2, 19, 3, 20], [21, 6, 22, 7], [23, 13, 24, 12], [20, 1, 21, 2], [3, 10, 4, 11], [5, 22, 6, 23], [7, 18, 8, 19], [9, 16, 10, 17]]"
12n_0656_120,"[[10, 17, 11, 18], [12, 16, 13, 15], [14, 2, 15, 1], [16, 5, 17, 6], [18, 9, 19, 10], [3, 20, 4, 21], [22, 7, 23, 8], [24, 14, 1, 13], [21, 2, 22, 3], [4, 11, 5, 12], [6, 23, 7, 24], [8, 19, 9, 20]]"
12n_0656_121,"[[8, 19, 9, 20], [10, 17, 11, 18], [12, 16, 13, 15], [14, 2, 15, 1], [16, 5, 17, 6], [18, 9, 19, 10], [3, 20, 4, 21], [22, 7, 23, 8], [24, 14, 1, 13], [21, 2, 22, 3], [4, 11, 5, 12], [6, 23, 7, 24]]"
12n_0656_122,"[[6, 23, 7, 24], [8, 19, 9, 20], [10, 17, 11, 18], [12, 16, 13, 15], [14, 2, 15, 1], [16, 5, 17, 6], [18, 9, 19, 10], [3, 20, 4, 21], [22, 7, 23, 8], [24, 14, 1, 13], [21, 2, 22, 3], [4, 11, 5, 12]]"
12n_0656_123,"[[4, 11, 5, 12], [6, 23, 7, 24], [8, 19, 9, 20], [10, 17, 11, 18], [12, 16, 13, 15], [14, 2, 15, 1], [16, 5, 17, 6], [18, 9, 19, 10], [3, 20, 4, 21], [22, 7, 23, 8], [24, 14, 1, 13], [21, 2, 22, 3]]"
12n_0656_124,"[[21, 2, 22, 3], [4, 11, 5, 12], [6, 23, 7, 24], [8, 19, 9, 20], [10, 17, 11, 18], [12, 16, 13, 15], [14, 2, 15, 1], [16, 5, 17, 6], [18, 9, 19, 10], [3, 20, 4, 21], [22, 7, 23, 8], [24, 14, 1, 13]]"
12n_0656_125,"[[24, 14, 1, 13], [21, 2, 22, 3], [4, 11, 5, 12], [6, 23, 7, 24], [8, 19, 9, 20], [10, 17, 11, 18], [12, 16, 13, 15], [14, 2, 15, 1], [16, 5, 17, 6], [18, 9, 19, 10], [3, 20, 4, 21], [22, 7, 23, 8]]"
12n_0656_126,"[[22, 7, 23, 8], [24, 14, 1, 13], [21, 2, 22, 3], [4, 11, 5, 12], [6, 23, 7, 24], [8, 19, 9, 20], [10, 17, 11, 18], [12, 16, 13, 15], [14, 2, 15, 1], [16, 5, 17, 6], [18, 9, 19, 10], [3, 20, 4, 21]]"
12n_0656_127,"[[3, 20, 4, 21], [22, 7, 23, 8], [24, 14, 1, 13], [21, 2, 22, 3], [4, 11, 5, 12], [6, 23, 7, 24], [8, 19, 9, 20], [10, 17, 11, 18], [12, 16, 13, 15], [14, 2, 15, 1], [16, 5, 17, 6], [18, 9, 19, 10]]"
12n_0656_128,"[[18, 9, 19, 10], [3, 20, 4, 21], [22, 7, 23, 8], [24, 14, 1, 13], [21, 2, 22, 3], [4, 11, 5, 12], [6, 23, 7, 24], [8, 19, 9, 20], [10, 17, 11, 18], [12, 16, 13, 15], [14, 2, 15, 1], [16, 5, 17, 6]]"
12n_0656_129,"[[16, 5, 17, 6], [18, 9, 19, 10], [3, 20, 4, 21], [22, 7, 23, 8], [24, 14, 1, 13], [21, 2, 22, 3], [4, 11, 5, 12], [6, 23, 7, 24], [8, 19, 9, 20], [10, 17, 11, 18], [12, 16, 13, 15], [14, 2, 15, 1]]"
12n_0656_130,"[[14, 2, 15, 1], [16, 5, 17, 6], [18, 9, 19, 10], [3, 20, 4, 21], [22, 7, 23, 8], [24, 14, 1, 13], [21, 2, 22, 3], [4, 11, 5, 12], [6, 23, 7, 24], [8, 19, 9, 20], [10, 17, 11, 18], [12, 16, 13, 15]]"
12n_0656_131,"[[12, 16, 13, 15], [14, 2, 15, 1], [16, 5, 17, 6], [18, 9, 19, 10], [3, 20, 4, 21], [22, 7, 23, 8], [24, 14, 1, 13], [21, 2, 22, 3], [4, 11, 5, 12], [6, 23, 7, 24], [8, 19, 9, 20], [10, 17, 11, 18]]"
12n_0656_132,"[[11, 18, 12, 19], [13, 17, 14, 16], [15, 3, 16, 2], [17, 6, 18, 7], [19, 10, 20, 11], [4, 21, 5, 22], [23, 8, 24, 9], [1, 15, 2, 14], [22, 3, 23, 4], [5, 12, 6, 13], [7, 24, 8, 1], [9, 20, 10, 21]]"
12n_0656_133,"[[9, 20, 10, 21], [11, 18, 12, 19], [13, 17, 14, 16], [15, 3, 16, 2], [17, 6, 18, 7], [19, 10, 20, 11], [4, 21, 5, 22], [23, 8, 24, 9], [1, 15, 2, 14], [22, 3, 23, 4], [5, 12, 6, 13], [7, 24, 8, 1]]"
12n_0656_134,"[[7, 24, 8, 1], [9, 20, 10, 21], [11, 18, 12, 19], [13, 17, 14, 16], [15, 3, 16, 2], [17, 6, 18, 7], [19, 10, 20, 11], [4, 21, 5, 22], [23, 8, 24, 9], [1, 15, 2, 14], [22, 3, 23, 4], [5, 12, 6, 13]]"
12n_0656_135,"[[5, 12, 6, 13], [7, 24, 8, 1], [9, 20, 10, 21], [11, 18, 12, 19], [13, 17, 14, 16], [15, 3, 16, 2], [17, 6, 18, 7], [19, 10, 20, 11], [4, 21, 5, 22], [23, 8, 24, 9], [1, 15, 2, 14], [22, 3, 23, 4]]"
12n_0656_136,"[[22, 3, 23, 4], [5, 12, 6, 13], [7, 24, 8, 1], [9, 20, 10, 21], [11, 18, 12, 19], [13, 17, 14, 16], [15, 3, 16, 2], [17, 6, 18, 7], [19, 10, 20, 11], [4, 21, 5, 22], [23, 8, 24, 9], [1, 15, 2, 14]]"
12n_0656_137,"[[1, 15, 2, 14], [22, 3, 23, 4], [5, 12, 6, 13], [7, 24, 8, 1], [9, 20, 10, 21], [11, 18, 12, 19], [13, 17, 14, 16], [15, 3, 16, 2], [17, 6, 18, 7], [19, 10, 20, 11], [4, 21, 5, 22], [23, 8, 24, 9]]"
12n_0656_138,"[[23, 8, 24, 9], [1, 15, 2, 14], [22, 3, 23, 4], [5, 12, 6, 13], [7, 24, 8, 1], [9, 20, 10, 21], [11, 18, 12, 19], [13, 17, 14, 16], [15, 3, 16, 2], [17, 6, 18, 7], [19, 10, 20, 11], [4, 21, 5, 22]]"
12n_0656_139,"[[4, 21, 5, 22], [23, 8, 24, 9], [1, 15, 2, 14], [22, 3, 23, 4], [5, 12, 6, 13], [7, 24, 8, 1], [9, 20, 10, 21], [11, 18, 12, 19], [13, 17, 14, 16], [15, 3, 16, 2], [17, 6, 18, 7], [19, 10, 20, 11]]"
12n_0656_140,"[[19, 10, 20, 11], [4, 21, 5, 22], [23, 8, 24, 9], [1, 15, 2, 14], [22, 3, 23, 4], [5, 12, 6, 13], [7, 24, 8, 1], [9, 20, 10, 21], [11, 18, 12, 19], [13, 17, 14, 16], [15, 3, 16, 2], [17, 6, 18, 7]]"
12n_0656_141,"[[17, 6, 18, 7], [19, 10, 20, 11], [4, 21, 5, 22], [23, 8, 24, 9], [1, 15, 2, 14], [22, 3, 23, 4], [5, 12, 6, 13], [7, 24, 8, 1], [9, 20, 10, 21], [11, 18, 12, 19], [13, 17, 14, 16], [15, 3, 16, 2]]"
12n_0656_142,"[[15, 3, 16, 2], [17, 6, 18, 7], [19, 10, 20, 11], [4, 21, 5, 22], [23, 8, 24, 9], [1, 15, 2, 14], [22, 3, 23, 4], [5, 12, 6, 13], [7, 24, 8, 1], [9, 20, 10, 21], [11, 18, 12, 19], [13, 17, 14, 16]]"
12n_0656_143,"[[13, 17, 14, 16], [15, 3, 16, 2], [17, 6, 18, 7], [19, 10, 20, 11], [4, 21, 5, 22], [23, 8, 24, 9], [1, 15, 2, 14], [22, 3, 23, 4], [5, 12, 6, 13], [7, 24, 8, 1], [9, 20, 10, 21], [11, 18, 12, 19]]"
12n_0656_144,"[[12, 19, 13, 20], [14, 18, 15, 17], [16, 4, 17, 3], [18, 7, 19, 8], [20, 11, 21, 12], [5, 22, 6, 23], [24, 9, 1, 10], [2, 16, 3, 15], [23, 4, 24, 5], [6, 13, 7, 14], [8, 1, 9, 2], [10, 21, 11, 22]]"
12n_0656_145,"[[10, 21, 11, 22], [12, 19, 13, 20], [14, 18, 15, 17], [16, 4, 17, 3], [18, 7, 19, 8], [20, 11, 21, 12], [5, 22, 6, 23], [24, 9, 1, 10], [2, 16, 3, 15], [23, 4, 24, 5], [6, 13, 7, 14], [8, 1, 9, 2]]"
12n_0656_146,"[[8, 1, 9, 2], [10, 21, 11, 22], [12, 19, 13, 20], [14, 18, 15, 17], [16, 4, 17, 3], [18, 7, 19, 8], [20, 11, 21, 12], [5, 22, 6, 23], [24, 9, 1, 10], [2, 16, 3, 15], [23, 4, 24, 5], [6, 13, 7, 14]]"
12n_0656_147,"[[6, 13, 7, 14], [8, 1, 9, 2], [10, 21, 11, 22], [12, 19, 13, 20], [14, 18, 15, 17], [16, 4, 17, 3], [18, 7, 19, 8], [20, 11, 21, 12], [5, 22, 6, 23], [24, 9, 1, 10], [2, 16, 3, 15], [23, 4, 24, 5]]"
12n_0656_148,"[[23, 4, 24, 5], [6, 13, 7, 14], [8, 1, 9, 2], [10, 21, 11, 22], [12, 19, 13, 20], [14, 18, 15, 17], [16, 4, 17, 3], [18, 7, 19, 8], [20, 11, 21, 12], [5, 22, 6, 23], [24, 9, 1, 10], [2, 16, 3, 15]]"
12n_0656_149,"[[2, 16, 3, 15], [23, 4, 24, 5], [6, 13, 7, 14], [8, 1, 9, 2], [10, 21, 11, 22], [12, 19, 13, 20], [14, 18, 15, 17], [16, 4, 17, 3], [18, 7, 19, 8], [20, 11, 21, 12], [5, 22, 6, 23], [24, 9, 1, 10]]"
12n_0656_150,"[[24, 9, 1, 10], [2, 16, 3, 15], [23, 4, 24, 5], [6, 13, 7, 14], [8, 1, 9, 2], [10, 21, 11, 22], [12, 19, 13, 20], [14, 18, 15, 17], [16, 4, 17, 3], [18, 7, 19, 8], [20, 11, 21, 12], [5, 22, 6, 23]]"
12n_0656_151,"[[5, 22, 6, 23], [24, 9, 1, 10], [2, 16, 3, 15], [23, 4, 24, 5], [6, 13, 7, 14], [8, 1, 9, 2], [10, 21, 11, 22], [12, 19, 13, 20], [14, 18, 15, 17], [16, 4, 17, 3], [18, 7, 19, 8], [20, 11, 21, 12]]"
12n_0656_152,"[[20, 11, 21, 12], [5, 22, 6, 23], [24, 9, 1, 10], [2, 16, 3, 15], [23, 4, 24, 5], [6, 13, 7, 14], [8, 1, 9, 2], [10, 21, 11, 22], [12, 19, 13, 20], [14, 18, 15, 17], [16, 4, 17, 3], [18, 7, 19, 8]]"
12n_0656_153,"[[18, 7, 19, 8], [20, 11, 21, 12], [5, 22, 6, 23], [24, 9, 1, 10], [2, 16, 3, 15], [23, 4, 24, 5], [6, 13, 7, 14], [8, 1, 9, 2], [10, 21, 11, 22], [12, 19, 13, 20], [14, 18, 15, 17], [16, 4, 17, 3]]"
12n_0656_154,"[[16, 4, 17, 3], [18, 7, 19, 8], [20, 11, 21, 12], [5, 22, 6, 23], [24, 9, 1, 10], [2, 16, 3, 15], [23, 4, 24, 5], [6, 13, 7, 14], [8, 1, 9, 2], [10, 21, 11, 22], [12, 19, 13, 20], [14, 18, 15, 17]]"
12n_0656_155,"[[14, 18, 15, 17], [16, 4, 17, 3], [18, 7, 19, 8], [20, 11, 21, 12], [5, 22, 6, 23], [24, 9, 1, 10], [2, 16, 3, 15], [23, 4, 24, 5], [6, 13, 7, 14], [8, 1, 9, 2], [10, 21, 11, 22], [12, 19, 13, 20]]"
12n_0656_156,"[[13, 20, 14, 21], [15, 19, 16, 18], [17, 5, 18, 4], [19, 8, 20, 9], [21, 12, 22, 13], [6, 23, 7, 24], [1, 10, 2, 11], [3, 17, 4, 16], [24, 5, 1, 6], [7, 14, 8, 15], [9, 2, 10, 3], [11, 22, 12, 23]]"
12n_0656_157,"[[11, 22, 12, 23], [13, 20, 14, 21], [15, 19, 16, 18], [17, 5, 18, 4], [19, 8, 20, 9], [21, 12, 22, 13], [6, 23, 7, 24], [1, 10, 2, 11], [3, 17, 4, 16], [24, 5, 1, 6], [7, 14, 8, 15], [9, 2, 10, 3]]"
12n_0656_158,"[[9, 2, 10, 3], [11, 22, 12, 23], [13, 20, 14, 21], [15, 19, 16, 18], [17, 5, 18, 4], [19, 8, 20, 9], [21, 12, 22, 13], [6, 23, 7, 24], [1, 10, 2, 11], [3, 17, 4, 16], [24, 5, 1, 6], [7, 14, 8, 15]]"
12n_0656_159,"[[7, 14, 8, 15], [9, 2, 10, 3], [11, 22, 12, 23], [13, 20, 14, 21], [15, 19, 16, 18], [17, 5, 18, 4], [19, 8, 20, 9], [21, 12, 22, 13], [6, 23, 7, 24], [1, 10, 2, 11], [3, 17, 4, 16], [24, 5, 1, 6]]"
12n_0656_160,"[[24, 5, 1, 6], [7, 14, 8, 15], [9, 2, 10, 3], [11, 22, 12, 23], [13, 20, 14, 21], [15, 19, 16, 18], [17, 5, 18, 4], [19, 8, 20, 9], [21, 12, 22, 13], [6, 23, 7, 24], [1, 10, 2, 11], [3, 17, 4, 16]]"
12n_0656_161,"[[3, 17, 4, 16], [24, 5, 1, 6], [7, 14, 8, 15], [9, 2, 10, 3], [11, 22, 12, 23], [13, 20, 14, 21], [15, 19, 16, 18], [17, 5, 18, 4], [19, 8, 20, 9], [21, 12, 22, 13], [6, 23, 7, 24], [1, 10, 2, 11]]"
12n_0656_162,"[[1, 10, 2, 11], [3, 17, 4, 16], [24, 5, 1, 6], [7, 14, 8, 15], [9, 2, 10, 3], [11, 22, 12, 23], [13, 20, 14, 21], [15, 19, 16, 18], [17, 5, 18, 4], [19, 8, 20, 9], [21, 12, 22, 13], [6, 23, 7, 24]]"
12n_0656_163,"[[6, 23, 7, 24], [1, 10, 2, 11], [3, 17, 4, 16], [24, 5, 1, 6], [7, 14, 8, 15], [9, 2, 10, 3], [11, 22, 12, 23], [13, 20, 14, 21], [15, 19, 16, 18], [17, 5, 18, 4], [19, 8, 20, 9], [21, 12, 22, 13]]"
12n_0656_164,"[[21, 12, 22, 13], [6, 23, 7, 24], [1, 10, 2, 11], [3, 17, 4, 16], [24, 5, 1, 6], [7, 14, 8, 15], [9, 2, 10, 3], [11, 22, 12, 23], [13, 20, 14, 21], [15, 19, 16, 18], [17, 5, 18, 4], [19, 8, 20, 9]]"
12n_0656_165,"[[19, 8, 20, 9], [21, 12, 22, 13], [6, 23, 7, 24], [1, 10, 2, 11], [3, 17, 4, 16], [24, 5, 1, 6], [7, 14, 8, 15], [9, 2, 10, 3], [11, 22, 12, 23], [13, 20, 14, 21], [15, 19, 16, 18], [17, 5, 18, 4]]"
12n_0656_166,"[[17, 5, 18, 4], [19, 8, 20, 9], [21, 12, 22, 13], [6, 23, 7, 24], [1, 10, 2, 11], [3, 17, 4, 16], [24, 5, 1, 6], [7, 14, 8, 15], [9, 2, 10, 3], [11, 22, 12, 23], [13, 20, 14, 21], [15, 19, 16, 18]]"
12n_0656_167,"[[15, 19, 16, 18], [17, 5, 18, 4], [19, 8, 20, 9], [21, 12, 22, 13], [6, 23, 7, 24], [1, 10, 2, 11], [3, 17, 4, 16], [24, 5, 1, 6], [7, 14, 8, 15], [9, 2, 10, 3], [11, 22, 12, 23], [13, 20, 14, 21]]"
12n_0656_168,"[[14, 21, 15, 22], [16, 20, 17, 19], [18, 6, 19, 5], [20, 9, 21, 10], [22, 13, 23, 14], [7, 24, 8, 1], [2, 11, 3, 12], [4, 18, 5, 17], [1, 6, 2, 7], [8, 15, 9, 16], [10, 3, 11, 4], [12, 23, 13, 24]]"
12n_0656_169,"[[12, 23, 13, 24], [14, 21, 15, 22], [16, 20, 17, 19], [18, 6, 19, 5], [20, 9, 21, 10], [22, 13, 23, 14], [7, 24, 8, 1], [2, 11, 3, 12], [4, 18, 5, 17], [1, 6, 2, 7], [8, 15, 9, 16], [10, 3, 11, 4]]"
12n_0656_170,"[[10, 3, 11, 4], [12, 23, 13, 24], [14, 21, 15, 22], [16, 20, 17, 19], [18, 6, 19, 5], [20, 9, 21, 10], [22, 13, 23, 14], [7, 24, 8, 1], [2, 11, 3, 12], [4, 18, 5, 17], [1, 6, 2, 7], [8, 15, 9, 16]]"
12n_0656_171,"[[8, 15, 9, 16], [10, 3, 11, 4], [12, 23, 13, 24], [14, 21, 15, 22], [16, 20, 17, 19], [18, 6, 19, 5], [20, 9, 21, 10], [22, 13, 23, 14], [7, 24, 8, 1], [2, 11, 3, 12], [4, 18, 5, 17], [1, 6, 2, 7]]"
12n_0656_172,"[[1, 6, 2, 7], [8, 15, 9, 16], [10, 3, 11, 4], [12, 23, 13, 24], [14, 21, 15, 22], [16, 20, 17, 19], [18, 6, 19, 5], [20, 9, 21, 10], [22, 13, 23, 14], [7, 24, 8, 1], [2, 11, 3, 12], [4, 18, 5, 17]]"
12n_0656_173,"[[4, 18, 5, 17], [1, 6, 2, 7], [8, 15, 9, 16], [10, 3, 11, 4], [12, 23, 13, 24], [14, 21, 15, 22], [16, 20, 17, 19], [18, 6, 19, 5], [20, 9, 21, 10], [22, 13, 23, 14], [7, 24, 8, 1], [2, 11, 3, 12]]"
12n_0656_174,"[[2, 11, 3, 12], [4, 18, 5, 17], [1, 6, 2, 7], [8, 15, 9, 16], [10, 3, 11, 4], [12, 23, 13, 24], [14, 21, 15, 22], [16, 20, 17, 19], [18, 6, 19, 5], [20, 9, 21, 10], [22, 13, 23, 14], [7, 24, 8, 1]]"
12n_0656_175,"[[7, 24, 8, 1], [2, 11, 3, 12], [4, 18, 5, 17], [1, 6, 2, 7], [8, 15, 9, 16], [10, 3, 11, 4], [12, 23, 13, 24], [14, 21, 15, 22], [16, 20, 17, 19], [18, 6, 19, 5], [20, 9, 21, 10], [22, 13, 23, 14]]"
12n_0656_176,"[[22, 13, 23, 14], [7, 24, 8, 1], [2, 11, 3, 12], [4, 18, 5, 17], [1, 6, 2, 7], [8, 15, 9, 16], [10, 3, 11, 4], [12, 23, 13, 24], [14, 21, 15, 22], [16, 20, 17, 19], [18, 6, 19, 5], [20, 9, 21, 10]]"
12n_0656_177,"[[20, 9, 21, 10], [22, 13, 23, 14], [7, 24, 8, 1], [2, 11, 3, 12], [4, 18, 5, 17], [1, 6, 2, 7], [8, 15, 9, 16], [10, 3, 11, 4], [12, 23, 13, 24], [14, 21, 15, 22], [16, 20, 17, 19], [18, 6, 19, 5]]"
12n_0656_178,"[[18, 6, 19, 5], [20, 9, 21, 10], [22, 13, 23, 14], [7, 24, 8, 1], [2, 11, 3, 12], [4, 18, 5, 17], [1, 6, 2, 7], [8, 15, 9, 16], [10, 3, 11, 4], [12, 23, 13, 24], [14, 21, 15, 22], [16, 20, 17, 19]]"
12n_0656_179,"[[16, 20, 17, 19], [18, 6, 19, 5], [20, 9, 21, 10], [22, 13, 23, 14], [7, 24, 8, 1], [2, 11, 3, 12], [4, 18, 5, 17], [1, 6, 2, 7], [8, 15, 9, 16], [10, 3, 11, 4], [12, 23, 13, 24], [14, 21, 15, 22]]"
12n_0656_180,"[[15, 22, 16, 23], [17, 21, 18, 20], [19, 7, 20, 6], [21, 10, 22, 11], [23, 14, 24, 15], [8, 1, 9, 2], [3, 12, 4, 13], [5, 19, 6, 18], [2, 7, 3, 8], [9, 16, 10, 17], [11, 4, 12, 5], [13, 24, 14, 1]]"
12n_0656_181,"[[13, 24, 14, 1], [15, 22, 16, 23], [17, 21, 18, 20], [19, 7, 20, 6], [21, 10, 22, 11], [23, 14, 24, 15], [8, 1, 9, 2], [3, 12, 4, 13], [5, 19, 6, 18], [2, 7, 3, 8], [9, 16, 10, 17], [11, 4, 12, 5]]"
12n_0656_182,"[[11, 4, 12, 5], [13, 24, 14, 1], [15, 22, 16, 23], [17, 21, 18, 20], [19, 7, 20, 6], [21, 10, 22, 11], [23, 14, 24, 15], [8, 1, 9, 2], [3, 12, 4, 13], [5, 19, 6, 18], [2, 7, 3, 8], [9, 16, 10, 17]]"
12n_0656_183,"[[9, 16, 10, 17], [11, 4, 12, 5], [13, 24, 14, 1], [15, 22, 16, 23], [17, 21, 18, 20], [19, 7, 20, 6], [21, 10, 22, 11], [23, 14, 24, 15], [8, 1, 9, 2], [3, 12, 4, 13], [5, 19, 6, 18], [2, 7, 3, 8]]"
12n_0656_184,"[[2, 7, 3, 8], [9, 16, 10, 17], [11, 4, 12, 5], [13, 24, 14, 1], [15, 22, 16, 23], [17, 21, 18, 20], [19, 7, 20, 6], [21, 10, 22, 11], [23, 14, 24, 15], [8, 1, 9, 2], [3, 12, 4, 13], [5, 19, 6, 18]]"
12n_0656_185,"[[5, 19, 6, 18], [2, 7, 3, 8], [9, 16, 10, 17], [11, 4, 12, 5], [13, 24, 14, 1], [15, 22, 16, 23], [17, 21, 18, 20], [19, 7, 20, 6], [21, 10, 22, 11], [23, 14, 24, 15], [8, 1, 9, 2], [3, 12, 4, 13]]"
