name,pd_notation
12n_0670_0,"[[19, 24, 20, 1], [2, 8, 3, 7], [4, 10, 5, 9], [6, 14, 7, 13], [8, 4, 9, 3], [17, 10, 18, 11], [12, 6, 13, 5], [21, 14, 22, 15], [11, 16, 12, 17], [23, 18, 24, 19], [1, 20, 2, 21], [15, 22, 16, 23]]"
12n_0670_1,"[[15, 22, 16, 23], [19, 24, 20, 1], [2, 8, 3, 7], [4, 10, 5, 9], [6, 14, 7, 13], [8, 4, 9, 3], [17, 10, 18, 11], [12, 6, 13, 5], [21, 14, 22, 15], [11, 16, 12, 17], [23, 18, 24, 19], [1, 20, 2, 21]]"
12n_0670_2,"[[1, 20, 2, 21], [15, 22, 16, 23], [19, 24, 20, 1], [2, 8, 3, 7], [4, 10, 5, 9], [6, 14, 7, 13], [8, 4, 9, 3], [17, 10, 18, 11], [12, 6, 13, 5], [21, 14, 22, 15], [11, 16, 12, 17], [23, 18, 24, 19]]"
12n_0670_3,"[[23, 18, 24, 19], [1, 20, 2, 21], [15, 22, 16, 23], [19, 24, 20, 1], [2, 8, 3, 7], [4, 10, 5, 9], [6, 14, 7, 13], [8, 4, 9, 3], [17, 10, 18, 11], [12, 6, 13, 5], [21, 14, 22, 15], [11, 16, 12, 17]]"
12n_0670_4,"[[11, 16, 12, 17], [23, 18, 24, 19], [1, 20, 2, 21], [15, 22, 16, 23], [19, 24, 20, 1], [2, 8, 3, 7], [4, 10, 5, 9], [6, 14, 7, 13], [8, 4, 9, 3], [17, 10, 18, 11], [12, 6, 13, 5], [21, 14, 22, 15]]"
12n_0670_5,"[[21, 14, 22, 15], [11, 16, 12, 17], [23, 18, 24, 19], [1, 20, 2, 21], [15, 22, 16, 23], [19, 24, 20, 1], [2, 8, 3, 7], [4, 10, 5, 9], [6, 14, 7, 13], [8, 4, 9, 3], [17, 10, 18, 11], [12, 6, 13, 5]]"
12n_0670_6,"[[12, 6, 13, 5], [21, 14, 22, 15], [11, 16, 12, 17], [23, 18, 24, 19], [1, 20, 2, 21], [15, 22, 16, 23], [19, 24, 20, 1], [2, 8, 3, 7], [4, 10, 5, 9], [6, 14, 7, 13], [8, 4, 9, 3], [17, 10, 18, 11]]"
12n_0670_7,"[[17, 10, 18, 11], [12, 6, 13, 5], [21, 14, 22, 15], [11, 16, 12, 17], [23, 18, 24, 19], [1, 20, 2, 21], [15, 22, 16, 23], [19, 24, 20, 1], [2, 8, 3, 7], [4, 10, 5, 9], [6, 14, 7, 13], [8, 4, 9, 3]]"
12n_0670_8,"[[8, 4, 9, 3], [17, 10, 18, 11], [12, 6, 13, 5], [21, 14, 22, 15], [11, 16, 12, 17], [23, 18, 24, 19], [1, 20, 2, 21], [15, 22, 16, 23], [19, 24, 20, 1], [2, 8, 3, 7], [4, 10, 5, 9], [6, 14, 7, 13]]"
12n_0670_9,"[[6, 14, 7, 13], [8, 4, 9, 3], [17, 10, 18, 11], [12, 6, 13, 5], [21, 14, 22, 15], [11, 16, 12, 17], [23, 18, 24, 19], [1, 20, 2, 21], [15, 22, 16, 23], [19, 24, 20, 1], [2, 8, 3, 7], [4, 10, 5, 9]]"
12n_0670_10,"[[4, 10, 5, 9], [6, 14, 7, 13], [8, 4, 9, 3], [17, 10, 18, 11], [12, 6, 13, 5], [21, 14, 22, 15], [11, 16, 12, 17], [23, 18, 24, 19], [1, 20, 2, 21], [15, 22, 16, 23], [19, 24, 20, 1], [2, 8, 3, 7]]"
12n_0670_11,"[[2, 8, 3, 7], [4, 10, 5, 9], [6, 14, 7, 13], [8, 4, 9, 3], [17, 10, 18, 11], [12, 6, 13, 5], [21, 14, 22, 15], [11, 16, 12, 17], [23, 18, 24, 19], [1, 20, 2, 21], [15, 22, 16, 23], [19, 24, 20, 1]]"
12n_0670_12,"[[20, 1, 21, 2], [3, 9, 4, 8], [5, 11, 6, 10], [7, 15, 8, 14], [9, 5, 10, 4], [18, 11, 19, 12], [13, 7, 14, 6], [22, 15, 23, 16], [12, 17, 13, 18], [24, 19, 1, 20], [2, 21, 3, 22], [16, 23, 17, 24]]"
12n_0670_13,"[[16, 23, 17, 24], [20, 1, 21, 2], [3, 9, 4, 8], [5, 11, 6, 10], [7, 15, 8, 14], [9, 5, 10, 4], [18, 11, 19, 12], [13, 7, 14, 6], [22, 15, 23, 16], [12, 17, 13, 18], [24, 19, 1, 20], [2, 21, 3, 22]]"
12n_0670_14,"[[2, 21, 3, 22], [16, 23, 17, 24], [20, 1, 21, 2], [3, 9, 4, 8], [5, 11, 6, 10], [7, 15, 8, 14], [9, 5, 10, 4], [18, 11, 19, 12], [13, 7, 14, 6], [22, 15, 23, 16], [12, 17, 13, 18], [24, 19, 1, 20]]"
12n_0670_15,"[[24, 19, 1, 20], [2, 21, 3, 22], [16, 23, 17, 24], [20, 1, 21, 2], [3, 9, 4, 8], [5, 11, 6, 10], [7, 15, 8, 14], [9, 5, 10, 4], [18, 11, 19, 12], [13, 7, 14, 6], [22, 15, 23, 16], [12, 17, 13, 18]]"
12n_0670_16,"[[12, 17, 13, 18], [24, 19, 1, 20], [2, 21, 3, 22], [16, 23, 17, 24], [20, 1, 21, 2], [3, 9, 4, 8], [5, 11, 6, 10], [7, 15, 8, 14], [9, 5, 10, 4], [18, 11, 19, 12], [13, 7, 14, 6], [22, 15, 23, 16]]"
12n_0670_17,"[[22, 15, 23, 16], [12, 17, 13, 18], [24, 19, 1, 20], [2, 21, 3, 22], [16, 23, 17, 24], [20, 1, 21, 2], [3, 9, 4, 8], [5, 11, 6, 10], [7, 15, 8, 14], [9, 5, 10, 4], [18, 11, 19, 12], [13, 7, 14, 6]]"
12n_0670_18,"[[13, 7, 14, 6], [22, 15, 23, 16], [12, 17, 13, 18], [24, 19, 1, 20], [2, 21, 3, 22], [16, 23, 17, 24], [20, 1, 21, 2], [3, 9, 4, 8], [5, 11, 6, 10], [7, 15, 8, 14], [9, 5, 10, 4], [18, 11, 19, 12]]"
12n_0670_19,"[[18, 11, 19, 12], [13, 7, 14, 6], [22, 15, 23, 16], [12, 17, 13, 18], [24, 19, 1, 20], [2, 21, 3, 22], [16, 23, 17, 24], [20, 1, 21, 2], [3, 9, 4, 8], [5, 11, 6, 10], [7, 15, 8, 14], [9, 5, 10, 4]]"
12n_0670_20,"[[9, 5, 10, 4], [18, 11, 19, 12], [13, 7, 14, 6], [22, 15, 23, 16], [12, 17, 13, 18], [24, 19, 1, 20], [2, 21, 3, 22], [16, 23, 17, 24], [20, 1, 21, 2], [3, 9, 4, 8], [5, 11, 6, 10], [7, 15, 8, 14]]"
12n_0670_21,"[[7, 15, 8, 14], [9, 5, 10, 4], [18, 11, 19, 12], [13, 7, 14, 6], [22, 15, 23, 16], [12, 17, 13, 18], [24, 19, 1, 20], [2, 21, 3, 22], [16, 23, 17, 24], [20, 1, 21, 2], [3, 9, 4, 8], [5, 11, 6, 10]]"
12n_0670_22,"[[5, 11, 6, 10], [7, 15, 8, 14], [9, 5, 10, 4], [18, 11, 19, 12], [13, 7, 14, 6], [22, 15, 23, 16], [12, 17, 13, 18], [24, 19, 1, 20], [2, 21, 3, 22], [16, 23, 17, 24], [20, 1, 21, 2], [3, 9, 4, 8]]"
12n_0670_23,"[[3, 9, 4, 8], [5, 11, 6, 10], [7, 15, 8, 14], [9, 5, 10, 4], [18, 11, 19, 12], [13, 7, 14, 6], [22, 15, 23, 16], [12, 17, 13, 18], [24, 19, 1, 20], [2, 21, 3, 22], [16, 23, 17, 24], [20, 1, 21, 2]]"
12n_0670_24,"[[21, 2, 22, 3], [4, 10, 5, 9], [6, 12, 7, 11], [8, 16, 9, 15], [10, 6, 11, 5], [19, 12, 20, 13], [14, 8, 15, 7], [23, 16, 24, 17], [13, 18, 14, 19], [1, 20, 2, 21], [3, 22, 4, 23], [17, 24, 18, 1]]"
12n_0670_25,"[[17, 24, 18, 1], [21, 2, 22, 3], [4, 10, 5, 9], [6, 12, 7, 11], [8, 16, 9, 15], [10, 6, 11, 5], [19, 12, 20, 13], [14, 8, 15, 7], [23, 16, 24, 17], [13, 18, 14, 19], [1, 20, 2, 21], [3, 22, 4, 23]]"
12n_0670_26,"[[3, 22, 4, 23], [17, 24, 18, 1], [21, 2, 22, 3], [4, 10, 5, 9], [6, 12, 7, 11], [8, 16, 9, 15], [10, 6, 11, 5], [19, 12, 20, 13], [14, 8, 15, 7], [23, 16, 24, 17], [13, 18, 14, 19], [1, 20, 2, 21]]"
12n_0670_27,"[[1, 20, 2, 21], [3, 22, 4, 23], [17, 24, 18, 1], [21, 2, 22, 3], [4, 10, 5, 9], [6, 12, 7, 11], [8, 16, 9, 15], [10, 6, 11, 5], [19, 12, 20, 13], [14, 8, 15, 7], [23, 16, 24, 17], [13, 18, 14, 19]]"
12n_0670_28,"[[13, 18, 14, 19], [1, 20, 2, 21], [3, 22, 4, 23], [17, 24, 18, 1], [21, 2, 22, 3], [4, 10, 5, 9], [6, 12, 7, 11], [8, 16, 9, 15], [10, 6, 11, 5], [19, 12, 20, 13], [14, 8, 15, 7], [23, 16, 24, 17]]"
12n_0670_29,"[[23, 16, 24, 17], [13, 18, 14, 19], [1, 20, 2, 21], [3, 22, 4, 23], [17, 24, 18, 1], [21, 2, 22, 3], [4, 10, 5, 9], [6, 12, 7, 11], [8, 16, 9, 15], [10, 6, 11, 5], [19, 12, 20, 13], [14, 8, 15, 7]]"
12n_0670_30,"[[14, 8, 15, 7], [23, 16, 24, 17], [13, 18, 14, 19], [1, 20, 2, 21], [3, 22, 4, 23], [17, 24, 18, 1], [21, 2, 22, 3], [4, 10, 5, 9], [6, 12, 7, 11], [8, 16, 9, 15], [10, 6, 11, 5], [19, 12, 20, 13]]"
12n_0670_31,"[[19, 12, 20, 13], [14, 8, 15, 7], [23, 16, 24, 17], [13, 18, 14, 19], [1, 20, 2, 21], [3, 22, 4, 23], [17, 24, 18, 1], [21, 2, 22, 3], [4, 10, 5, 9], [6, 12, 7, 11], [8, 16, 9, 15], [10, 6, 11, 5]]"
12n_0670_32,"[[10, 6, 11, 5], [19, 12, 20, 13], [14, 8, 15, 7], [23, 16, 24, 17], [13, 18, 14, 19], [1, 20, 2, 21], [3, 22, 4, 23], [17, 24, 18, 1], [21, 2, 22, 3], [4, 10, 5, 9], [6, 12, 7, 11], [8, 16, 9, 15]]"
12n_0670_33,"[[8, 16, 9, 15], [10, 6, 11, 5], [19, 12, 20, 13], [14, 8, 15, 7], [23, 16, 24, 17], [13, 18, 14, 19], [1, 20, 2, 21], [3, 22, 4, 23], [17, 24, 18, 1], [21, 2, 22, 3], [4, 10, 5, 9], [6, 12, 7, 11]]"
12n_0670_34,"[[6, 12, 7, 11], [8, 16, 9, 15], [10, 6, 11, 5], [19, 12, 20, 13], [14, 8, 15, 7], [23, 16, 24, 17], [13, 18, 14, 19], [1, 20, 2, 21], [3, 22, 4, 23], [17, 24, 18, 1], [21, 2, 22, 3], [4, 10, 5, 9]]"
12n_0670_35,"[[4, 10, 5, 9], [6, 12, 7, 11], [8, 16, 9, 15], [10, 6, 11, 5], [19, 12, 20, 13], [14, 8, 15, 7], [23, 16, 24, 17], [13, 18, 14, 19], [1, 20, 2, 21], [3, 22, 4, 23], [17, 24, 18, 1], [21, 2, 22, 3]]"
12n_0670_36,"[[22, 3, 23, 4], [5, 11, 6, 10], [7, 13, 8, 12], [9, 17, 10, 16], [11, 7, 12, 6], [20, 13, 21, 14], [15, 9, 16, 8], [24, 17, 1, 18], [14, 19, 15, 20], [2, 21, 3, 22], [4, 23, 5, 24], [18, 1, 19, 2]]"
12n_0670_37,"[[18, 1, 19, 2], [22, 3, 23, 4], [5, 11, 6, 10], [7, 13, 8, 12], [9, 17, 10, 16], [11, 7, 12, 6], [20, 13, 21, 14], [15, 9, 16, 8], [24, 17, 1, 18], [14, 19, 15, 20], [2, 21, 3, 22], [4, 23, 5, 24]]"
12n_0670_38,"[[4, 23, 5, 24], [18, 1, 19, 2], [22, 3, 23, 4], [5, 11, 6, 10], [7, 13, 8, 12], [9, 17, 10, 16], [11, 7, 12, 6], [20, 13, 21, 14], [15, 9, 16, 8], [24, 17, 1, 18], [14, 19, 15, 20], [2, 21, 3, 22]]"
12n_0670_39,"[[2, 21, 3, 22], [4, 23, 5, 24], [18, 1, 19, 2], [22, 3, 23, 4], [5, 11, 6, 10], [7, 13, 8, 12], [9, 17, 10, 16], [11, 7, 12, 6], [20, 13, 21, 14], [15, 9, 16, 8], [24, 17, 1, 18], [14, 19, 15, 20]]"
12n_0670_40,"[[14, 19, 15, 20], [2, 21, 3, 22], [4, 23, 5, 24], [18, 1, 19, 2], [22, 3, 23, 4], [5, 11, 6, 10], [7, 13, 8, 12], [9, 17, 10, 16], [11, 7, 12, 6], [20, 13, 21, 14], [15, 9, 16, 8], [24, 17, 1, 18]]"
12n_0670_41,"[[24, 17, 1, 18], [14, 19, 15, 20], [2, 21, 3, 22], [4, 23, 5, 24], [18, 1, 19, 2], [22, 3, 23, 4], [5, 11, 6, 10], [7, 13, 8, 12], [9, 17, 10, 16], [11, 7, 12, 6], [20, 13, 21, 14], [15, 9, 16, 8]]"
12n_0670_42,"[[15, 9, 16, 8], [24, 17, 1, 18], [14, 19, 15, 20], [2, 21, 3, 22], [4, 23, 5, 24], [18, 1, 19, 2], [22, 3, 23, 4], [5, 11, 6, 10], [7, 13, 8, 12], [9, 17, 10, 16], [11, 7, 12, 6], [20, 13, 21, 14]]"
12n_0670_43,"[[20, 13, 21, 14], [15, 9, 16, 8], [24, 17, 1, 18], [14, 19, 15, 20], [2, 21, 3, 22], [4, 23, 5, 24], [18, 1, 19, 2], [22, 3, 23, 4], [5, 11, 6, 10], [7, 13, 8, 12], [9, 17, 10, 16], [11, 7, 12, 6]]"
12n_0670_44,"[[11, 7, 12, 6], [20, 13, 21, 14], [15, 9, 16, 8], [24, 17, 1, 18], [14, 19, 15, 20], [2, 21, 3, 22], [4, 23, 5, 24], [18, 1, 19, 2], [22, 3, 23, 4], [5, 11, 6, 10], [7, 13, 8, 12], [9, 17, 10, 16]]"
12n_0670_45,"[[9, 17, 10, 16], [11, 7, 12, 6], [20, 13, 21, 14], [15, 9, 16, 8], [24, 17, 1, 18], [14, 19, 15, 20], [2, 21, 3, 22], [4, 23, 5, 24], [18, 1, 19, 2], [22, 3, 23, 4], [5, 11, 6, 10], [7, 13, 8, 12]]"
12n_0670_46,"[[7, 13, 8, 12], [9, 17, 10, 16], [11, 7, 12, 6], [20, 13, 21, 14], [15, 9, 16, 8], [24, 17, 1, 18], [14, 19, 15, 20], [2, 21, 3, 22], [4, 23, 5, 24], [18, 1, 19, 2], [22, 3, 23, 4], [5, 11, 6, 10]]"
12n_0670_47,"[[5, 11, 6, 10], [7, 13, 8, 12], [9, 17, 10, 16], [11, 7, 12, 6], [20, 13, 21, 14], [15, 9, 16, 8], [24, 17, 1, 18], [14, 19, 15, 20], [2, 21, 3, 22], [4, 23, 5, 24], [18, 1, 19, 2], [22, 3, 23, 4]]"
12n_0670_48,"[[23, 4, 24, 5], [6, 12, 7, 11], [8, 14, 9, 13], [10, 18, 11, 17], [12, 8, 13, 7], [21, 14, 22, 15], [16, 10, 17, 9], [1, 18, 2, 19], [15, 20, 16, 21], [3, 22, 4, 23], [5, 24, 6, 1], [19, 2, 20, 3]]"
12n_0670_49,"[[19, 2, 20, 3], [23, 4, 24, 5], [6, 12, 7, 11], [8, 14, 9, 13], [10, 18, 11, 17], [12, 8, 13, 7], [21, 14, 22, 15], [16, 10, 17, 9], [1, 18, 2, 19], [15, 20, 16, 21], [3, 22, 4, 23], [5, 24, 6, 1]]"
12n_0670_50,"[[5, 24, 6, 1], [19, 2, 20, 3], [23, 4, 24, 5], [6, 12, 7, 11], [8, 14, 9, 13], [10, 18, 11, 17], [12, 8, 13, 7], [21, 14, 22, 15], [16, 10, 17, 9], [1, 18, 2, 19], [15, 20, 16, 21], [3, 22, 4, 23]]"
12n_0670_51,"[[3, 22, 4, 23], [5, 24, 6, 1], [19, 2, 20, 3], [23, 4, 24, 5], [6, 12, 7, 11], [8, 14, 9, 13], [10, 18, 11, 17], [12, 8, 13, 7], [21, 14, 22, 15], [16, 10, 17, 9], [1, 18, 2, 19], [15, 20, 16, 21]]"
12n_0670_52,"[[15, 20, 16, 21], [3, 22, 4, 23], [5, 24, 6, 1], [19, 2, 20, 3], [23, 4, 24, 5], [6, 12, 7, 11], [8, 14, 9, 13], [10, 18, 11, 17], [12, 8, 13, 7], [21, 14, 22, 15], [16, 10, 17, 9], [1, 18, 2, 19]]"
12n_0670_53,"[[1, 18, 2, 19], [15, 20, 16, 21], [3, 22, 4, 23], [5, 24, 6, 1], [19, 2, 20, 3], [23, 4, 24, 5], [6, 12, 7, 11], [8, 14, 9, 13], [10, 18, 11, 17], [12, 8, 13, 7], [21, 14, 22, 15], [16, 10, 17, 9]]"
12n_0670_54,"[[16, 10, 17, 9], [1, 18, 2, 19], [15, 20, 16, 21], [3, 22, 4, 23], [5, 24, 6, 1], [19, 2, 20, 3], [23, 4, 24, 5], [6, 12, 7, 11], [8, 14, 9, 13], [10, 18, 11, 17], [12, 8, 13, 7], [21, 14, 22, 15]]"
12n_0670_55,"[[21, 14, 22, 15], [16, 10, 17, 9], [1, 18, 2, 19], [15, 20, 16, 21], [3, 22, 4, 23], [5, 24, 6, 1], [19, 2, 20, 3], [23, 4, 24, 5], [6, 12, 7, 11], [8, 14, 9, 13], [10, 18, 11, 17], [12, 8, 13, 7]]"
12n_0670_56,"[[12, 8, 13, 7], [21, 14, 22, 15], [16, 10, 17, 9], [1, 18, 2, 19], [15, 20, 16, 21], [3, 22, 4, 23], [5, 24, 6, 1], [19, 2, 20, 3], [23, 4, 24, 5], [6, 12, 7, 11], [8, 14, 9, 13], [10, 18, 11, 17]]"
12n_0670_57,"[[10, 18, 11, 17], [12, 8, 13, 7], [21, 14, 22, 15], [16, 10, 17, 9], [1, 18, 2, 19], [15, 20, 16, 21], [3, 22, 4, 23], [5, 24, 6, 1], [19, 2, 20, 3], [23, 4, 24, 5], [6, 12, 7, 11], [8, 14, 9, 13]]"
12n_0670_58,"[[8, 14, 9, 13], [10, 18, 11, 17], [12, 8, 13, 7], [21, 14, 22, 15], [16, 10, 17, 9], [1, 18, 2, 19], [15, 20, 16, 21], [3, 22, 4, 23], [5, 24, 6, 1], [19, 2, 20, 3], [23, 4, 24, 5], [6, 12, 7, 11]]"
12n_0670_59,"[[6, 12, 7, 11], [8, 14, 9, 13], [10, 18, 11, 17], [12, 8, 13, 7], [21, 14, 22, 15], [16, 10, 17, 9], [1, 18, 2, 19], [15, 20, 16, 21], [3, 22, 4, 23], [5, 24, 6, 1], [19, 2, 20, 3], [23, 4, 24, 5]]"
12n_0670_60,"[[24, 5, 1, 6], [7, 13, 8, 12], [9, 15, 10, 14], [11, 19, 12, 18], [13, 9, 14, 8], [22, 15, 23, 16], [17, 11, 18, 10], [2, 19, 3, 20], [16, 21, 17, 22], [4, 23, 5, 24], [6, 1, 7, 2], [20, 3, 21, 4]]"
12n_0670_61,"[[20, 3, 21, 4], [24, 5, 1, 6], [7, 13, 8, 12], [9, 15, 10, 14], [11, 19, 12, 18], [13, 9, 14, 8], [22, 15, 23, 16], [17, 11, 18, 10], [2, 19, 3, 20], [16, 21, 17, 22], [4, 23, 5, 24], [6, 1, 7, 2]]"
12n_0670_62,"[[6, 1, 7, 2], [20, 3, 21, 4], [24, 5, 1, 6], [7, 13, 8, 12], [9, 15, 10, 14], [11, 19, 12, 18], [13, 9, 14, 8], [22, 15, 23, 16], [17, 11, 18, 10], [2, 19, 3, 20], [16, 21, 17, 22], [4, 23, 5, 24]]"
12n_0670_63,"[[4, 23, 5, 24], [6, 1, 7, 2], [20, 3, 21, 4], [24, 5, 1, 6], [7, 13, 8, 12], [9, 15, 10, 14], [11, 19, 12, 18], [13, 9, 14, 8], [22, 15, 23, 16], [17, 11, 18, 10], [2, 19, 3, 20], [16, 21, 17, 22]]"
12n_0670_64,"[[16, 21, 17, 22], [4, 23, 5, 24], [6, 1, 7, 2], [20, 3, 21, 4], [24, 5, 1, 6], [7, 13, 8, 12], [9, 15, 10, 14], [11, 19, 12, 18], [13, 9, 14, 8], [22, 15, 23, 16], [17, 11, 18, 10], [2, 19, 3, 20]]"
12n_0670_65,"[[2, 19, 3, 20], [16, 21, 17, 22], [4, 23, 5, 24], [6, 1, 7, 2], [20, 3, 21, 4], [24, 5, 1, 6], [7, 13, 8, 12], [9, 15, 10, 14], [11, 19, 12, 18], [13, 9, 14, 8], [22, 15, 23, 16], [17, 11, 18, 10]]"
12n_0670_66,"[[17, 11, 18, 10], [2, 19, 3, 20], [16, 21, 17, 22], [4, 23, 5, 24], [6, 1, 7, 2], [20, 3, 21, 4], [24, 5, 1, 6], [7, 13, 8, 12], [9, 15, 10, 14], [11, 19, 12, 18], [13, 9, 14, 8], [22, 15, 23, 16]]"
12n_0670_67,"[[22, 15, 23, 16], [17, 11, 18, 10], [2, 19, 3, 20], [16, 21, 17, 22], [4, 23, 5, 24], [6, 1, 7, 2], [20, 3, 21, 4], [24, 5, 1, 6], [7, 13, 8, 12], [9, 15, 10, 14], [11, 19, 12, 18], [13, 9, 14, 8]]"
12n_0670_68,"[[13, 9, 14, 8], [22, 15, 23, 16], [17, 11, 18, 10], [2, 19, 3, 20], [16, 21, 17, 22], [4, 23, 5, 24], [6, 1, 7, 2], [20, 3, 21, 4], [24, 5, 1, 6], [7, 13, 8, 12], [9, 15, 10, 14], [11, 19, 12, 18]]"
12n_0670_69,"[[11, 19, 12, 18], [13, 9, 14, 8], [22, 15, 23, 16], [17, 11, 18, 10], [2, 19, 3, 20], [16, 21, 17, 22], [4, 23, 5, 24], [6, 1, 7, 2], [20, 3, 21, 4], [24, 5, 1, 6], [7, 13, 8, 12], [9, 15, 10, 14]]"
12n_0670_70,"[[9, 15, 10, 14], [11, 19, 12, 18], [13, 9, 14, 8], [22, 15, 23, 16], [17, 11, 18, 10], [2, 19, 3, 20], [16, 21, 17, 22], [4, 23, 5, 24], [6, 1, 7, 2], [20, 3, 21, 4], [24, 5, 1, 6], [7, 13, 8, 12]]"
12n_0670_71,"[[7, 13, 8, 12], [9, 15, 10, 14], [11, 19, 12, 18], [13, 9, 14, 8], [22, 15, 23, 16], [17, 11, 18, 10], [2, 19, 3, 20], [16, 21, 17, 22], [4, 23, 5, 24], [6, 1, 7, 2], [20, 3, 21, 4], [24, 5, 1, 6]]"
12n_0670_72,"[[1, 6, 2, 7], [8, 14, 9, 13], [10, 16, 11, 15], [12, 20, 13, 19], [14, 10, 15, 9], [23, 16, 24, 17], [18, 12, 19, 11], [3, 20, 4, 21], [17, 22, 18, 23], [5, 24, 6, 1], [7, 2, 8, 3], [21, 4, 22, 5]]"
12n_0670_73,"[[21, 4, 22, 5], [1, 6, 2, 7], [8, 14, 9, 13], [10, 16, 11, 15], [12, 20, 13, 19], [14, 10, 15, 9], [23, 16, 24, 17], [18, 12, 19, 11], [3, 20, 4, 21], [17, 22, 18, 23], [5, 24, 6, 1], [7, 2, 8, 3]]"
12n_0670_74,"[[7, 2, 8, 3], [21, 4, 22, 5], [1, 6, 2, 7], [8, 14, 9, 13], [10, 16, 11, 15], [12, 20, 13, 19], [14, 10, 15, 9], [23, 16, 24, 17], [18, 12, 19, 11], [3, 20, 4, 21], [17, 22, 18, 23], [5, 24, 6, 1]]"
12n_0670_75,"[[5, 24, 6, 1], [7, 2, 8, 3], [21, 4, 22, 5], [1, 6, 2, 7], [8, 14, 9, 13], [10, 16, 11, 15], [12, 20, 13, 19], [14, 10, 15, 9], [23, 16, 24, 17], [18, 12, 19, 11], [3, 20, 4, 21], [17, 22, 18, 23]]"
12n_0670_76,"[[17, 22, 18, 23], [5, 24, 6, 1], [7, 2, 8, 3], [21, 4, 22, 5], [1, 6, 2, 7], [8, 14, 9, 13], [10, 16, 11, 15], [12, 20, 13, 19], [14, 10, 15, 9], [23, 16, 24, 17], [18, 12, 19, 11], [3, 20, 4, 21]]"
12n_0670_77,"[[3, 20, 4, 21], [17, 22, 18, 23], [5, 24, 6, 1], [7, 2, 8, 3], [21, 4, 22, 5], [1, 6, 2, 7], [8, 14, 9, 13], [10, 16, 11, 15], [12, 20, 13, 19], [14, 10, 15, 9], [23, 16, 24, 17], [18, 12, 19, 11]]"
12n_0670_78,"[[18, 12, 19, 11], [3, 20, 4, 21], [17, 22, 18, 23], [5, 24, 6, 1], [7, 2, 8, 3], [21, 4, 22, 5], [1, 6, 2, 7], [8, 14, 9, 13], [10, 16, 11, 15], [12, 20, 13, 19], [14, 10, 15, 9], [23, 16, 24, 17]]"
12n_0670_79,"[[23, 16, 24, 17], [18, 12, 19, 11], [3, 20, 4, 21], [17, 22, 18, 23], [5, 24, 6, 1], [7, 2, 8, 3], [21, 4, 22, 5], [1, 6, 2, 7], [8, 14, 9, 13], [10, 16, 11, 15], [12, 20, 13, 19], [14, 10, 15, 9]]"
12n_0670_80,"[[14, 10, 15, 9], [23, 16, 24, 17], [18, 12, 19, 11], [3, 20, 4, 21], [17, 22, 18, 23], [5, 24, 6, 1], [7, 2, 8, 3], [21, 4, 22, 5], [1, 6, 2, 7], [8, 14, 9, 13], [10, 16, 11, 15], [12, 20, 13, 19]]"
12n_0670_81,"[[12, 20, 13, 19], [14, 10, 15, 9], [23, 16, 24, 17], [18, 12, 19, 11], [3, 20, 4, 21], [17, 22, 18, 23], [5, 24, 6, 1], [7, 2, 8, 3], [21, 4, 22, 5], [1, 6, 2, 7], [8, 14, 9, 13], [10, 16, 11, 15]]"
12n_0670_82,"[[10, 16, 11, 15], [12, 20, 13, 19], [14, 10, 15, 9], [23, 16, 24, 17], [18, 12, 19, 11], [3, 20, 4, 21], [17, 22, 18, 23], [5, 24, 6, 1], [7, 2, 8, 3], [21, 4, 22, 5], [1, 6, 2, 7], [8, 14, 9, 13]]"
12n_0670_83,"[[8, 14, 9, 13], [10, 16, 11, 15], [12, 20, 13, 19], [14, 10, 15, 9], [23, 16, 24, 17], [18, 12, 19, 11], [3, 20, 4, 21], [17, 22, 18, 23], [5, 24, 6, 1], [7, 2, 8, 3], [21, 4, 22, 5], [1, 6, 2, 7]]"
12n_0670_84,"[[2, 7, 3, 8], [9, 15, 10, 14], [11, 17, 12, 16], [13, 21, 14, 20], [15, 11, 16, 10], [24, 17, 1, 18], [19, 13, 20, 12], [4, 21, 5, 22], [18, 23, 19, 24], [6, 1, 7, 2], [8, 3, 9, 4], [22, 5, 23, 6]]"
12n_0670_85,"[[22, 5, 23, 6], [2, 7, 3, 8], [9, 15, 10, 14], [11, 17, 12, 16], [13, 21, 14, 20], [15, 11, 16, 10], [24, 17, 1, 18], [19, 13, 20, 12], [4, 21, 5, 22], [18, 23, 19, 24], [6, 1, 7, 2], [8, 3, 9, 4]]"
12n_0670_86,"[[8, 3, 9, 4], [22, 5, 23, 6], [2, 7, 3, 8], [9, 15, 10, 14], [11, 17, 12, 16], [13, 21, 14, 20], [15, 11, 16, 10], [24, 17, 1, 18], [19, 13, 20, 12], [4, 21, 5, 22], [18, 23, 19, 24], [6, 1, 7, 2]]"
12n_0670_87,"[[6, 1, 7, 2], [8, 3, 9, 4], [22, 5, 23, 6], [2, 7, 3, 8], [9, 15, 10, 14], [11, 17, 12, 16], [13, 21, 14, 20], [15, 11, 16, 10], [24, 17, 1, 18], [19, 13, 20, 12], [4, 21, 5, 22], [18, 23, 19, 24]]"
12n_0670_88,"[[18, 23, 19, 24], [6, 1, 7, 2], [8, 3, 9, 4], [22, 5, 23, 6], [2, 7, 3, 8], [9, 15, 10, 14], [11, 17, 12, 16], [13, 21, 14, 20], [15, 11, 16, 10], [24, 17, 1, 18], [19, 13, 20, 12], [4, 21, 5, 22]]"
12n_0670_89,"[[4, 21, 5, 22], [18, 23, 19, 24], [6, 1, 7, 2], [8, 3, 9, 4], [22, 5, 23, 6], [2, 7, 3, 8], [9, 15, 10, 14], [11, 17, 12, 16], [13, 21, 14, 20], [15, 11, 16, 10], [24, 17, 1, 18], [19, 13, 20, 12]]"
12n_0670_90,"[[19, 13, 20, 12], [4, 21, 5, 22], [18, 23, 19, 24], [6, 1, 7, 2], [8, 3, 9, 4], [22, 5, 23, 6], [2, 7, 3, 8], [9, 15, 10, 14], [11, 17, 12, 16], [13, 21, 14, 20], [15, 11, 16, 10], [24, 17, 1, 18]]"
12n_0670_91,"[[24, 17, 1, 18], [19, 13, 20, 12], [4, 21, 5, 22], [18, 23, 19, 24], [6, 1, 7, 2], [8, 3, 9, 4], [22, 5, 23, 6], [2, 7, 3, 8], [9, 15, 10, 14], [11, 17, 12, 16], [13, 21, 14, 20], [15, 11, 16, 10]]"
12n_0670_92,"[[15, 11, 16, 10], [24, 17, 1, 18], [19, 13, 20, 12], [4, 21, 5, 22], [18, 23, 19, 24], [6, 1, 7, 2], [8, 3, 9, 4], [22, 5, 23, 6], [2, 7, 3, 8], [9, 15, 10, 14], [11, 17, 12, 16], [13, 21, 14, 20]]"
12n_0670_93,"[[13, 21, 14, 20], [15, 11, 16, 10], [24, 17, 1, 18], [19, 13, 20, 12], [4, 21, 5, 22], [18, 23, 19, 24], [6, 1, 7, 2], [8, 3, 9, 4], [22, 5, 23, 6], [2, 7, 3, 8], [9, 15, 10, 14], [11, 17, 12, 16]]"
12n_0670_94,"[[11, 17, 12, 16], [13, 21, 14, 20], [15, 11, 16, 10], [24, 17, 1, 18], [19, 13, 20, 12], [4, 21, 5, 22], [18, 23, 19, 24], [6, 1, 7, 2], [8, 3, 9, 4], [22, 5, 23, 6], [2, 7, 3, 8], [9, 15, 10, 14]]"
12n_0670_95,"[[9, 15, 10, 14], [11, 17, 12, 16], [13, 21, 14, 20], [15, 11, 16, 10], [24, 17, 1, 18], [19, 13, 20, 12], [4, 21, 5, 22], [18, 23, 19, 24], [6, 1, 7, 2], [8, 3, 9, 4], [22, 5, 23, 6], [2, 7, 3, 8]]"
12n_0670_96,"[[3, 8, 4, 9], [10, 16, 11, 15], [12, 18, 13, 17], [14, 22, 15, 21], [16, 12, 17, 11], [1, 18, 2, 19], [20, 14, 21, 13], [5, 22, 6, 23], [19, 24, 20, 1], [7, 2, 8, 3], [9, 4, 10, 5], [23, 6, 24, 7]]"
12n_0670_97,"[[23, 6, 24, 7], [3, 8, 4, 9], [10, 16, 11, 15], [12, 18, 13, 17], [14, 22, 15, 21], [16, 12, 17, 11], [1, 18, 2, 19], [20, 14, 21, 13], [5, 22, 6, 23], [19, 24, 20, 1], [7, 2, 8, 3], [9, 4, 10, 5]]"
12n_0670_98,"[[9, 4, 10, 5], [23, 6, 24, 7], [3, 8, 4, 9], [10, 16, 11, 15], [12, 18, 13, 17], [14, 22, 15, 21], [16, 12, 17, 11], [1, 18, 2, 19], [20, 14, 21, 13], [5, 22, 6, 23], [19, 24, 20, 1], [7, 2, 8, 3]]"
12n_0670_99,"[[7, 2, 8, 3], [9, 4, 10, 5], [23, 6, 24, 7], [3, 8, 4, 9], [10, 16, 11, 15], [12, 18, 13, 17], [14, 22, 15, 21], [16, 12, 17, 11], [1, 18, 2, 19], [20, 14, 21, 13], [5, 22, 6, 23], [19, 24, 20, 1]]"
12n_0670_100,"[[19, 24, 20, 1], [7, 2, 8, 3], [9, 4, 10, 5], [23, 6, 24, 7], [3, 8, 4, 9], [10, 16, 11, 15], [12, 18, 13, 17], [14, 22, 15, 21], [16, 12, 17, 11], [1, 18, 2, 19], [20, 14, 21, 13], [5, 22, 6, 23]]"
12n_0670_101,"[[5, 22, 6, 23], [19, 24, 20, 1], [7, 2, 8, 3], [9, 4, 10, 5], [23, 6, 24, 7], [3, 8, 4, 9], [10, 16, 11, 15], [12, 18, 13, 17], [14, 22, 15, 21], [16, 12, 17, 11], [1, 18, 2, 19], [20, 14, 21, 13]]"
12n_0670_102,"[[20, 14, 21, 13], [5, 22, 6, 23], [19, 24, 20, 1], [7, 2, 8, 3], [9, 4, 10, 5], [23, 6, 24, 7], [3, 8, 4, 9], [10, 16, 11, 15], [12, 18, 13, 17], [14, 22, 15, 21], [16, 12, 17, 11], [1, 18, 2, 19]]"
12n_0670_103,"[[1, 18, 2, 19], [20, 14, 21, 13], [5, 22, 6, 23], [19, 24, 20, 1], [7, 2, 8, 3], [9, 4, 10, 5], [23, 6, 24, 7], [3, 8, 4, 9], [10, 16, 11, 15], [12, 18, 13, 17], [14, 22, 15, 21], [16, 12, 17, 11]]"
12n_0670_104,"[[16, 12, 17, 11], [1, 18, 2, 19], [20, 14, 21, 13], [5, 22, 6, 23], [19, 24, 20, 1], [7, 2, 8, 3], [9, 4, 10, 5], [23, 6, 24, 7], [3, 8, 4, 9], [10, 16, 11, 15], [12, 18, 13, 17], [14, 22, 15, 21]]"
12n_0670_105,"[[14, 22, 15, 21], [16, 12, 17, 11], [1, 18, 2, 19], [20, 14, 21, 13], [5, 22, 6, 23], [19, 24, 20, 1], [7, 2, 8, 3], [9, 4, 10, 5], [23, 6, 24, 7], [3, 8, 4, 9], [10, 16, 11, 15], [12, 18, 13, 17]]"
12n_0670_106,"[[12, 18, 13, 17], [14, 22, 15, 21], [16, 12, 17, 11], [1, 18, 2, 19], [20, 14, 21, 13], [5, 22, 6, 23], [19, 24, 20, 1], [7, 2, 8, 3], [9, 4, 10, 5], [23, 6, 24, 7], [3, 8, 4, 9], [10, 16, 11, 15]]"
12n_0670_107,"[[10, 16, 11, 15], [12, 18, 13, 17], [14, 22, 15, 21], [16, 12, 17, 11], [1, 18, 2, 19], [20, 14, 21, 13], [5, 22, 6, 23], [19, 24, 20, 1], [7, 2, 8, 3], [9, 4, 10, 5], [23, 6, 24, 7], [3, 8, 4, 9]]"
12n_0670_108,"[[4, 9, 5, 10], [11, 17, 12, 16], [13, 19, 14, 18], [15, 23, 16, 22], [17, 13, 18, 12], [2, 19, 3, 20], [21, 15, 22, 14], [6, 23, 7, 24], [20, 1, 21, 2], [8, 3, 9, 4], [10, 5, 11, 6], [24, 7, 1, 8]]"
12n_0670_109,"[[24, 7, 1, 8], [4, 9, 5, 10], [11, 17, 12, 16], [13, 19, 14, 18], [15, 23, 16, 22], [17, 13, 18, 12], [2, 19, 3, 20], [21, 15, 22, 14], [6, 23, 7, 24], [20, 1, 21, 2], [8, 3, 9, 4], [10, 5, 11, 6]]"
12n_0670_110,"[[10, 5, 11, 6], [24, 7, 1, 8], [4, 9, 5, 10], [11, 17, 12, 16], [13, 19, 14, 18], [15, 23, 16, 22], [17, 13, 18, 12], [2, 19, 3, 20], [21, 15, 22, 14], [6, 23, 7, 24], [20, 1, 21, 2], [8, 3, 9, 4]]"
12n_0670_111,"[[8, 3, 9, 4], [10, 5, 11, 6], [24, 7, 1, 8], [4, 9, 5, 10], [11, 17, 12, 16], [13, 19, 14, 18], [15, 23, 16, 22], [17, 13, 18, 12], [2, 19, 3, 20], [21, 15, 22, 14], [6, 23, 7, 24], [20, 1, 21, 2]]"
12n_0670_112,"[[20, 1, 21, 2], [8, 3, 9, 4], [10, 5, 11, 6], [24, 7, 1, 8], [4, 9, 5, 10], [11, 17, 12, 16], [13, 19, 14, 18], [15, 23, 16, 22], [17, 13, 18, 12], [2, 19, 3, 20], [21, 15, 22, 14], [6, 23, 7, 24]]"
12n_0670_113,"[[6, 23, 7, 24], [20, 1, 21, 2], [8, 3, 9, 4], [10, 5, 11, 6], [24, 7, 1, 8], [4, 9, 5, 10], [11, 17, 12, 16], [13, 19, 14, 18], [15, 23, 16, 22], [17, 13, 18, 12], [2, 19, 3, 20], [21, 15, 22, 14]]"
12n_0670_114,"[[21, 15, 22, 14], [6, 23, 7, 24], [20, 1, 21, 2], [8, 3, 9, 4], [10, 5, 11, 6], [24, 7, 1, 8], [4, 9, 5, 10], [11, 17, 12, 16], [13, 19, 14, 18], [15, 23, 16, 22], [17, 13, 18, 12], [2, 19, 3, 20]]"
12n_0670_115,"[[2, 19, 3, 20], [21, 15, 22, 14], [6, 23, 7, 24], [20, 1, 21, 2], [8, 3, 9, 4], [10, 5, 11, 6], [24, 7, 1, 8], [4, 9, 5, 10], [11, 17, 12, 16], [13, 19, 14, 18], [15, 23, 16, 22], [17, 13, 18, 12]]"
12n_0670_116,"[[17, 13, 18, 12], [2, 19, 3, 20], [21, 15, 22, 14], [6, 23, 7, 24], [20, 1, 21, 2], [8, 3, 9, 4], [10, 5, 11, 6], [24, 7, 1, 8], [4, 9, 5, 10], [11, 17, 12, 16], [13, 19, 14, 18], [15, 23, 16, 22]]"
12n_0670_117,"[[15, 23, 16, 22], [17, 13, 18, 12], [2, 19, 3, 20], [21, 15, 22, 14], [6, 23, 7, 24], [20, 1, 21, 2], [8, 3, 9, 4], [10, 5, 11, 6], [24, 7, 1, 8], [4, 9, 5, 10], [11, 17, 12, 16], [13, 19, 14, 18]]"
12n_0670_118,"[[13, 19, 14, 18], [15, 23, 16, 22], [17, 13, 18, 12], [2, 19, 3, 20], [21, 15, 22, 14], [6, 23, 7, 24], [20, 1, 21, 2], [8, 3, 9, 4], [10, 5, 11, 6], [24, 7, 1, 8], [4, 9, 5, 10], [11, 17, 12, 16]]"
12n_0670_119,"[[11, 17, 12, 16], [13, 19, 14, 18], [15, 23, 16, 22], [17, 13, 18, 12], [2, 19, 3, 20], [21, 15, 22, 14], [6, 23, 7, 24], [20, 1, 21, 2], [8, 3, 9, 4], [10, 5, 11, 6], [24, 7, 1, 8], [4, 9, 5, 10]]"
12n_0670_120,"[[5, 10, 6, 11], [12, 18, 13, 17], [14, 20, 15, 19], [16, 24, 17, 23], [18, 14, 19, 13], [3, 20, 4, 21], [22, 16, 23, 15], [7, 24, 8, 1], [21, 2, 22, 3], [9, 4, 10, 5], [11, 6, 12, 7], [1, 8, 2, 9]]"
12n_0670_121,"[[1, 8, 2, 9], [5, 10, 6, 11], [12, 18, 13, 17], [14, 20, 15, 19], [16, 24, 17, 23], [18, 14, 19, 13], [3, 20, 4, 21], [22, 16, 23, 15], [7, 24, 8, 1], [21, 2, 22, 3], [9, 4, 10, 5], [11, 6, 12, 7]]"
12n_0670_122,"[[11, 6, 12, 7], [1, 8, 2, 9], [5, 10, 6, 11], [12, 18, 13, 17], [14, 20, 15, 19], [16, 24, 17, 23], [18, 14, 19, 13], [3, 20, 4, 21], [22, 16, 23, 15], [7, 24, 8, 1], [21, 2, 22, 3], [9, 4, 10, 5]]"
12n_0670_123,"[[9, 4, 10, 5], [11, 6, 12, 7], [1, 8, 2, 9], [5, 10, 6, 11], [12, 18, 13, 17], [14, 20, 15, 19], [16, 24, 17, 23], [18, 14, 19, 13], [3, 20, 4, 21], [22, 16, 23, 15], [7, 24, 8, 1], [21, 2, 22, 3]]"
12n_0670_124,"[[21, 2, 22, 3], [9, 4, 10, 5], [11, 6, 12, 7], [1, 8, 2, 9], [5, 10, 6, 11], [12, 18, 13, 17], [14, 20, 15, 19], [16, 24, 17, 23], [18, 14, 19, 13], [3, 20, 4, 21], [22, 16, 23, 15], [7, 24, 8, 1]]"
12n_0670_125,"[[7, 24, 8, 1], [21, 2, 22, 3], [9, 4, 10, 5], [11, 6, 12, 7], [1, 8, 2, 9], [5, 10, 6, 11], [12, 18, 13, 17], [14, 20, 15, 19], [16, 24, 17, 23], [18, 14, 19, 13], [3, 20, 4, 21], [22, 16, 23, 15]]"
12n_0670_126,"[[22, 16, 23, 15], [7, 24, 8, 1], [21, 2, 22, 3], [9, 4, 10, 5], [11, 6, 12, 7], [1, 8, 2, 9], [5, 10, 6, 11], [12, 18, 13, 17], [14, 20, 15, 19], [16, 24, 17, 23], [18, 14, 19, 13], [3, 20, 4, 21]]"
12n_0670_127,"[[3, 20, 4, 21], [22, 16, 23, 15], [7, 24, 8, 1], [21, 2, 22, 3], [9, 4, 10, 5], [11, 6, 12, 7], [1, 8, 2, 9], [5, 10, 6, 11], [12, 18, 13, 17], [14, 20, 15, 19], [16, 24, 17, 23], [18, 14, 19, 13]]"
12n_0670_128,"[[18, 14, 19, 13], [3, 20, 4, 21], [22, 16, 23, 15], [7, 24, 8, 1], [21, 2, 22, 3], [9, 4, 10, 5], [11, 6, 12, 7], [1, 8, 2, 9], [5, 10, 6, 11], [12, 18, 13, 17], [14, 20, 15, 19], [16, 24, 17, 23]]"
12n_0670_129,"[[16, 24, 17, 23], [18, 14, 19, 13], [3, 20, 4, 21], [22, 16, 23, 15], [7, 24, 8, 1], [21, 2, 22, 3], [9, 4, 10, 5], [11, 6, 12, 7], [1, 8, 2, 9], [5, 10, 6, 11], [12, 18, 13, 17], [14, 20, 15, 19]]"
12n_0670_130,"[[14, 20, 15, 19], [16, 24, 17, 23], [18, 14, 19, 13], [3, 20, 4, 21], [22, 16, 23, 15], [7, 24, 8, 1], [21, 2, 22, 3], [9, 4, 10, 5], [11, 6, 12, 7], [1, 8, 2, 9], [5, 10, 6, 11], [12, 18, 13, 17]]"
12n_0670_131,"[[12, 18, 13, 17], [14, 20, 15, 19], [16, 24, 17, 23], [18, 14, 19, 13], [3, 20, 4, 21], [22, 16, 23, 15], [7, 24, 8, 1], [21, 2, 22, 3], [9, 4, 10, 5], [11, 6, 12, 7], [1, 8, 2, 9], [5, 10, 6, 11]]"
12n_0670_132,"[[6, 11, 7, 12], [13, 19, 14, 18], [15, 21, 16, 20], [17, 1, 18, 24], [19, 15, 20, 14], [4, 21, 5, 22], [23, 17, 24, 16], [8, 1, 9, 2], [22, 3, 23, 4], [10, 5, 11, 6], [12, 7, 13, 8], [2, 9, 3, 10]]"
12n_0670_133,"[[2, 9, 3, 10], [6, 11, 7, 12], [13, 19, 14, 18], [15, 21, 16, 20], [17, 1, 18, 24], [19, 15, 20, 14], [4, 21, 5, 22], [23, 17, 24, 16], [8, 1, 9, 2], [22, 3, 23, 4], [10, 5, 11, 6], [12, 7, 13, 8]]"
12n_0670_134,"[[12, 7, 13, 8], [2, 9, 3, 10], [6, 11, 7, 12], [13, 19, 14, 18], [15, 21, 16, 20], [17, 1, 18, 24], [19, 15, 20, 14], [4, 21, 5, 22], [23, 17, 24, 16], [8, 1, 9, 2], [22, 3, 23, 4], [10, 5, 11, 6]]"
12n_0670_135,"[[10, 5, 11, 6], [12, 7, 13, 8], [2, 9, 3, 10], [6, 11, 7, 12], [13, 19, 14, 18], [15, 21, 16, 20], [17, 1, 18, 24], [19, 15, 20, 14], [4, 21, 5, 22], [23, 17, 24, 16], [8, 1, 9, 2], [22, 3, 23, 4]]"
12n_0670_136,"[[22, 3, 23, 4], [10, 5, 11, 6], [12, 7, 13, 8], [2, 9, 3, 10], [6, 11, 7, 12], [13, 19, 14, 18], [15, 21, 16, 20], [17, 1, 18, 24], [19, 15, 20, 14], [4, 21, 5, 22], [23, 17, 24, 16], [8, 1, 9, 2]]"
12n_0670_137,"[[8, 1, 9, 2], [22, 3, 23, 4], [10, 5, 11, 6], [12, 7, 13, 8], [2, 9, 3, 10], [6, 11, 7, 12], [13, 19, 14, 18], [15, 21, 16, 20], [17, 1, 18, 24], [19, 15, 20, 14], [4, 21, 5, 22], [23, 17, 24, 16]]"
12n_0670_138,"[[23, 17, 24, 16], [8, 1, 9, 2], [22, 3, 23, 4], [10, 5, 11, 6], [12, 7, 13, 8], [2, 9, 3, 10], [6, 11, 7, 12], [13, 19, 14, 18], [15, 21, 16, 20], [17, 1, 18, 24], [19, 15, 20, 14], [4, 21, 5, 22]]"
12n_0670_139,"[[4, 21, 5, 22], [23, 17, 24, 16], [8, 1, 9, 2], [22, 3, 23, 4], [10, 5, 11, 6], [12, 7, 13, 8], [2, 9, 3, 10], [6, 11, 7, 12], [13, 19, 14, 18], [15, 21, 16, 20], [17, 1, 18, 24], [19, 15, 20, 14]]"
12n_0670_140,"[[19, 15, 20, 14], [4, 21, 5, 22], [23, 17, 24, 16], [8, 1, 9, 2], [22, 3, 23, 4], [10, 5, 11, 6], [12, 7, 13, 8], [2, 9, 3, 10], [6, 11, 7, 12], [13, 19, 14, 18], [15, 21, 16, 20], [17, 1, 18, 24]]"
12n_0670_141,"[[17, 1, 18, 24], [19, 15, 20, 14], [4, 21, 5, 22], [23, 17, 24, 16], [8, 1, 9, 2], [22, 3, 23, 4], [10, 5, 11, 6], [12, 7, 13, 8], [2, 9, 3, 10], [6, 11, 7, 12], [13, 19, 14, 18], [15, 21, 16, 20]]"
12n_0670_142,"[[15, 21, 16, 20], [17, 1, 18, 24], [19, 15, 20, 14], [4, 21, 5, 22], [23, 17, 24, 16], [8, 1, 9, 2], [22, 3, 23, 4], [10, 5, 11, 6], [12, 7, 13, 8], [2, 9, 3, 10], [6, 11, 7, 12], [13, 19, 14, 18]]"
12n_0670_143,"[[13, 19, 14, 18], [15, 21, 16, 20], [17, 1, 18, 24], [19, 15, 20, 14], [4, 21, 5, 22], [23, 17, 24, 16], [8, 1, 9, 2], [22, 3, 23, 4], [10, 5, 11, 6], [12, 7, 13, 8], [2, 9, 3, 10], [6, 11, 7, 12]]"
12n_0670_144,"[[7, 12, 8, 13], [14, 20, 15, 19], [16, 22, 17, 21], [18, 2, 19, 1], [20, 16, 21, 15], [5, 22, 6, 23], [24, 18, 1, 17], [9, 2, 10, 3], [23, 4, 24, 5], [11, 6, 12, 7], [13, 8, 14, 9], [3, 10, 4, 11]]"
12n_0670_145,"[[3, 10, 4, 11], [7, 12, 8, 13], [14, 20, 15, 19], [16, 22, 17, 21], [18, 2, 19, 1], [20, 16, 21, 15], [5, 22, 6, 23], [24, 18, 1, 17], [9, 2, 10, 3], [23, 4, 24, 5], [11, 6, 12, 7], [13, 8, 14, 9]]"
12n_0670_146,"[[13, 8, 14, 9], [3, 10, 4, 11], [7, 12, 8, 13], [14, 20, 15, 19], [16, 22, 17, 21], [18, 2, 19, 1], [20, 16, 21, 15], [5, 22, 6, 23], [24, 18, 1, 17], [9, 2, 10, 3], [23, 4, 24, 5], [11, 6, 12, 7]]"
12n_0670_147,"[[11, 6, 12, 7], [13, 8, 14, 9], [3, 10, 4, 11], [7, 12, 8, 13], [14, 20, 15, 19], [16, 22, 17, 21], [18, 2, 19, 1], [20, 16, 21, 15], [5, 22, 6, 23], [24, 18, 1, 17], [9, 2, 10, 3], [23, 4, 24, 5]]"
12n_0670_148,"[[23, 4, 24, 5], [11, 6, 12, 7], [13, 8, 14, 9], [3, 10, 4, 11], [7, 12, 8, 13], [14, 20, 15, 19], [16, 22, 17, 21], [18, 2, 19, 1], [20, 16, 21, 15], [5, 22, 6, 23], [24, 18, 1, 17], [9, 2, 10, 3]]"
12n_0670_149,"[[9, 2, 10, 3], [23, 4, 24, 5], [11, 6, 12, 7], [13, 8, 14, 9], [3, 10, 4, 11], [7, 12, 8, 13], [14, 20, 15, 19], [16, 22, 17, 21], [18, 2, 19, 1], [20, 16, 21, 15], [5, 22, 6, 23], [24, 18, 1, 17]]"
12n_0670_150,"[[24, 18, 1, 17], [9, 2, 10, 3], [23, 4, 24, 5], [11, 6, 12, 7], [13, 8, 14, 9], [3, 10, 4, 11], [7, 12, 8, 13], [14, 20, 15, 19], [16, 22, 17, 21], [18, 2, 19, 1], [20, 16, 21, 15], [5, 22, 6, 23]]"
12n_0670_151,"[[5, 22, 6, 23], [24, 18, 1, 17], [9, 2, 10, 3], [23, 4, 24, 5], [11, 6, 12, 7], [13, 8, 14, 9], [3, 10, 4, 11], [7, 12, 8, 13], [14, 20, 15, 19], [16, 22, 17, 21], [18, 2, 19, 1], [20, 16, 21, 15]]"
12n_0670_152,"[[20, 16, 21, 15], [5, 22, 6, 23], [24, 18, 1, 17], [9, 2, 10, 3], [23, 4, 24, 5], [11, 6, 12, 7], [13, 8, 14, 9], [3, 10, 4, 11], [7, 12, 8, 13], [14, 20, 15, 19], [16, 22, 17, 21], [18, 2, 19, 1]]"
12n_0670_153,"[[18, 2, 19, 1], [20, 16, 21, 15], [5, 22, 6, 23], [24, 18, 1, 17], [9, 2, 10, 3], [23, 4, 24, 5], [11, 6, 12, 7], [13, 8, 14, 9], [3, 10, 4, 11], [7, 12, 8, 13], [14, 20, 15, 19], [16, 22, 17, 21]]"
12n_0670_154,"[[16, 22, 17, 21], [18, 2, 19, 1], [20, 16, 21, 15], [5, 22, 6, 23], [24, 18, 1, 17], [9, 2, 10, 3], [23, 4, 24, 5], [11, 6, 12, 7], [13, 8, 14, 9], [3, 10, 4, 11], [7, 12, 8, 13], [14, 20, 15, 19]]"
12n_0670_155,"[[14, 20, 15, 19], [16, 22, 17, 21], [18, 2, 19, 1], [20, 16, 21, 15], [5, 22, 6, 23], [24, 18, 1, 17], [9, 2, 10, 3], [23, 4, 24, 5], [11, 6, 12, 7], [13, 8, 14, 9], [3, 10, 4, 11], [7, 12, 8, 13]]"
12n_0670_156,"[[8, 13, 9, 14], [15, 21, 16, 20], [17, 23, 18, 22], [19, 3, 20, 2], [21, 17, 22, 16], [6, 23, 7, 24], [1, 19, 2, 18], [10, 3, 11, 4], [24, 5, 1, 6], [12, 7, 13, 8], [14, 9, 15, 10], [4, 11, 5, 12]]"
12n_0670_157,"[[4, 11, 5, 12], [8, 13, 9, 14], [15, 21, 16, 20], [17, 23, 18, 22], [19, 3, 20, 2], [21, 17, 22, 16], [6, 23, 7, 24], [1, 19, 2, 18], [10, 3, 11, 4], [24, 5, 1, 6], [12, 7, 13, 8], [14, 9, 15, 10]]"
12n_0670_158,"[[14, 9, 15, 10], [4, 11, 5, 12], [8, 13, 9, 14], [15, 21, 16, 20], [17, 23, 18, 22], [19, 3, 20, 2], [21, 17, 22, 16], [6, 23, 7, 24], [1, 19, 2, 18], [10, 3, 11, 4], [24, 5, 1, 6], [12, 7, 13, 8]]"
12n_0670_159,"[[12, 7, 13, 8], [14, 9, 15, 10], [4, 11, 5, 12], [8, 13, 9, 14], [15, 21, 16, 20], [17, 23, 18, 22], [19, 3, 20, 2], [21, 17, 22, 16], [6, 23, 7, 24], [1, 19, 2, 18], [10, 3, 11, 4], [24, 5, 1, 6]]"
12n_0670_160,"[[24, 5, 1, 6], [12, 7, 13, 8], [14, 9, 15, 10], [4, 11, 5, 12], [8, 13, 9, 14], [15, 21, 16, 20], [17, 23, 18, 22], [19, 3, 20, 2], [21, 17, 22, 16], [6, 23, 7, 24], [1, 19, 2, 18], [10, 3, 11, 4]]"
12n_0670_161,"[[10, 3, 11, 4], [24, 5, 1, 6], [12, 7, 13, 8], [14, 9, 15, 10], [4, 11, 5, 12], [8, 13, 9, 14], [15, 21, 16, 20], [17, 23, 18, 22], [19, 3, 20, 2], [21, 17, 22, 16], [6, 23, 7, 24], [1, 19, 2, 18]]"
12n_0670_162,"[[1, 19, 2, 18], [10, 3, 11, 4], [24, 5, 1, 6], [12, 7, 13, 8], [14, 9, 15, 10], [4, 11, 5, 12], [8, 13, 9, 14], [15, 21, 16, 20], [17, 23, 18, 22], [19, 3, 20, 2], [21, 17, 22, 16], [6, 23, 7, 24]]"
12n_0670_163,"[[6, 23, 7, 24], [1, 19, 2, 18], [10, 3, 11, 4], [24, 5, 1, 6], [12, 7, 13, 8], [14, 9, 15, 10], [4, 11, 5, 12], [8, 13, 9, 14], [15, 21, 16, 20], [17, 23, 18, 22], [19, 3, 20, 2], [21, 17, 22, 16]]"
12n_0670_164,"[[21, 17, 22, 16], [6, 23, 7, 24], [1, 19, 2, 18], [10, 3, 11, 4], [24, 5, 1, 6], [12, 7, 13, 8], [14, 9, 15, 10], [4, 11, 5, 12], [8, 13, 9, 14], [15, 21, 16, 20], [17, 23, 18, 22], [19, 3, 20, 2]]"
12n_0670_165,"[[19, 3, 20, 2], [21, 17, 22, 16], [6, 23, 7, 24], [1, 19, 2, 18], [10, 3, 11, 4], [24, 5, 1, 6], [12, 7, 13, 8], [14, 9, 15, 10], [4, 11, 5, 12], [8, 13, 9, 14], [15, 21, 16, 20], [17, 23, 18, 22]]"
12n_0670_166,"[[17, 23, 18, 22], [19, 3, 20, 2], [21, 17, 22, 16], [6, 23, 7, 24], [1, 19, 2, 18], [10, 3, 11, 4], [24, 5, 1, 6], [12, 7, 13, 8], [14, 9, 15, 10], [4, 11, 5, 12], [8, 13, 9, 14], [15, 21, 16, 20]]"
12n_0670_167,"[[15, 21, 16, 20], [17, 23, 18, 22], [19, 3, 20, 2], [21, 17, 22, 16], [6, 23, 7, 24], [1, 19, 2, 18], [10, 3, 11, 4], [24, 5, 1, 6], [12, 7, 13, 8], [14, 9, 15, 10], [4, 11, 5, 12], [8, 13, 9, 14]]"
12n_0670_168,"[[9, 14, 10, 15], [16, 22, 17, 21], [18, 24, 19, 23], [20, 4, 21, 3], [22, 18, 23, 17], [7, 24, 8, 1], [2, 20, 3, 19], [11, 4, 12, 5], [1, 6, 2, 7], [13, 8, 14, 9], [15, 10, 16, 11], [5, 12, 6, 13]]"
12n_0670_169,"[[5, 12, 6, 13], [9, 14, 10, 15], [16, 22, 17, 21], [18, 24, 19, 23], [20, 4, 21, 3], [22, 18, 23, 17], [7, 24, 8, 1], [2, 20, 3, 19], [11, 4, 12, 5], [1, 6, 2, 7], [13, 8, 14, 9], [15, 10, 16, 11]]"
12n_0670_170,"[[15, 10, 16, 11], [5, 12, 6, 13], [9, 14, 10, 15], [16, 22, 17, 21], [18, 24, 19, 23], [20, 4, 21, 3], [22, 18, 23, 17], [7, 24, 8, 1], [2, 20, 3, 19], [11, 4, 12, 5], [1, 6, 2, 7], [13, 8, 14, 9]]"
12n_0670_171,"[[13, 8, 14, 9], [15, 10, 16, 11], [5, 12, 6, 13], [9, 14, 10, 15], [16, 22, 17, 21], [18, 24, 19, 23], [20, 4, 21, 3], [22, 18, 23, 17], [7, 24, 8, 1], [2, 20, 3, 19], [11, 4, 12, 5], [1, 6, 2, 7]]"
12n_0670_172,"[[1, 6, 2, 7], [13, 8, 14, 9], [15, 10, 16, 11], [5, 12, 6, 13], [9, 14, 10, 15], [16, 22, 17, 21], [18, 24, 19, 23], [20, 4, 21, 3], [22, 18, 23, 17], [7, 24, 8, 1], [2, 20, 3, 19], [11, 4, 12, 5]]"
12n_0670_173,"[[11, 4, 12, 5], [1, 6, 2, 7], [13, 8, 14, 9], [15, 10, 16, 11], [5, 12, 6, 13], [9, 14, 10, 15], [16, 22, 17, 21], [18, 24, 19, 23], [20, 4, 21, 3], [22, 18, 23, 17], [7, 24, 8, 1], [2, 20, 3, 19]]"
12n_0670_174,"[[2, 20, 3, 19], [11, 4, 12, 5], [1, 6, 2, 7], [13, 8, 14, 9], [15, 10, 16, 11], [5, 12, 6, 13], [9, 14, 10, 15], [16, 22, 17, 21], [18, 24, 19, 23], [20, 4, 21, 3], [22, 18, 23, 17], [7, 24, 8, 1]]"
12n_0670_175,"[[7, 24, 8, 1], [2, 20, 3, 19], [11, 4, 12, 5], [1, 6, 2, 7], [13, 8, 14, 9], [15, 10, 16, 11], [5, 12, 6, 13], [9, 14, 10, 15], [16, 22, 17, 21], [18, 24, 19, 23], [20, 4, 21, 3], [22, 18, 23, 17]]"
12n_0670_176,"[[22, 18, 23, 17], [7, 24, 8, 1], [2, 20, 3, 19], [11, 4, 12, 5], [1, 6, 2, 7], [13, 8, 14, 9], [15, 10, 16, 11], [5, 12, 6, 13], [9, 14, 10, 15], [16, 22, 17, 21], [18, 24, 19, 23], [20, 4, 21, 3]]"
12n_0670_177,"[[20, 4, 21, 3], [22, 18, 23, 17], [7, 24, 8, 1], [2, 20, 3, 19], [11, 4, 12, 5], [1, 6, 2, 7], [13, 8, 14, 9], [15, 10, 16, 11], [5, 12, 6, 13], [9, 14, 10, 15], [16, 22, 17, 21], [18, 24, 19, 23]]"
12n_0670_178,"[[18, 24, 19, 23], [20, 4, 21, 3], [22, 18, 23, 17], [7, 24, 8, 1], [2, 20, 3, 19], [11, 4, 12, 5], [1, 6, 2, 7], [13, 8, 14, 9], [15, 10, 16, 11], [5, 12, 6, 13], [9, 14, 10, 15], [16, 22, 17, 21]]"
12n_0670_179,"[[16, 22, 17, 21], [18, 24, 19, 23], [20, 4, 21, 3], [22, 18, 23, 17], [7, 24, 8, 1], [2, 20, 3, 19], [11, 4, 12, 5], [1, 6, 2, 7], [13, 8, 14, 9], [15, 10, 16, 11], [5, 12, 6, 13], [9, 14, 10, 15]]"
12n_0670_180,"[[10, 15, 11, 16], [17, 23, 18, 22], [19, 1, 20, 24], [21, 5, 22, 4], [23, 19, 24, 18], [8, 1, 9, 2], [3, 21, 4, 20], [12, 5, 13, 6], [2, 7, 3, 8], [14, 9, 15, 10], [16, 11, 17, 12], [6, 13, 7, 14]]"
12n_0670_181,"[[6, 13, 7, 14], [10, 15, 11, 16], [17, 23, 18, 22], [19, 1, 20, 24], [21, 5, 22, 4], [23, 19, 24, 18], [8, 1, 9, 2], [3, 21, 4, 20], [12, 5, 13, 6], [2, 7, 3, 8], [14, 9, 15, 10], [16, 11, 17, 12]]"
12n_0670_182,"[[16, 11, 17, 12], [6, 13, 7, 14], [10, 15, 11, 16], [17, 23, 18, 22], [19, 1, 20, 24], [21, 5, 22, 4], [23, 19, 24, 18], [8, 1, 9, 2], [3, 21, 4, 20], [12, 5, 13, 6], [2, 7, 3, 8], [14, 9, 15, 10]]"
12n_0670_183,"[[14, 9, 15, 10], [16, 11, 17, 12], [6, 13, 7, 14], [10, 15, 11, 16], [17, 23, 18, 22], [19, 1, 20, 24], [21, 5, 22, 4], [23, 19, 24, 18], [8, 1, 9, 2], [3, 21, 4, 20], [12, 5, 13, 6], [2, 7, 3, 8]]"
12n_0670_184,"[[2, 7, 3, 8], [14, 9, 15, 10], [16, 11, 17, 12], [6, 13, 7, 14], [10, 15, 11, 16], [17, 23, 18, 22], [19, 1, 20, 24], [21, 5, 22, 4], [23, 19, 24, 18], [8, 1, 9, 2], [3, 21, 4, 20], [12, 5, 13, 6]]"
12n_0670_185,"[[12, 5, 13, 6], [2, 7, 3, 8], [14, 9, 15, 10], [16, 11, 17, 12], [6, 13, 7, 14], [10, 15, 11, 16], [17, 23, 18, 22], [19, 1, 20, 24], [21, 5, 22, 4], [23, 19, 24, 18], [8, 1, 9, 2], [3, 21, 4, 20]]"
