name,pd_notation
12n_0158_0,"[[13, 24, 14, 1], [2, 6, 3, 5], [4, 10, 5, 9], [6, 15, 7, 16], [8, 4, 9, 3], [17, 11, 18, 10], [19, 12, 20, 13], [23, 14, 24, 15], [16, 7, 17, 8], [21, 19, 22, 18], [11, 20, 12, 21], [1, 23, 2, 22]]"
12n_0158_1,"[[1, 23, 2, 22], [13, 24, 14, 1], [2, 6, 3, 5], [4, 10, 5, 9], [6, 15, 7, 16], [8, 4, 9, 3], [17, 11, 18, 10], [19, 12, 20, 13], [23, 14, 24, 15], [16, 7, 17, 8], [21, 19, 22, 18], [11, 20, 12, 21]]"
12n_0158_2,"[[11, 20, 12, 21], [1, 23, 2, 22], [13, 24, 14, 1], [2, 6, 3, 5], [4, 10, 5, 9], [6, 15, 7, 16], [8, 4, 9, 3], [17, 11, 18, 10], [19, 12, 20, 13], [23, 14, 24, 15], [16, 7, 17, 8], [21, 19, 22, 18]]"
12n_0158_3,"[[21, 19, 22, 18], [11, 20, 12, 21], [1, 23, 2, 22], [13, 24, 14, 1], [2, 6, 3, 5], [4, 10, 5, 9], [6, 15, 7, 16], [8, 4, 9, 3], [17, 11, 18, 10], [19, 12, 20, 13], [23, 14, 24, 15], [16, 7, 17, 8]]"
12n_0158_4,"[[16, 7, 17, 8], [21, 19, 22, 18], [11, 20, 12, 21], [1, 23, 2, 22], [13, 24, 14, 1], [2, 6, 3, 5], [4, 10, 5, 9], [6, 15, 7, 16], [8, 4, 9, 3], [17, 11, 18, 10], [19, 12, 20, 13], [23, 14, 24, 15]]"
12n_0158_5,"[[23, 14, 24, 15], [16, 7, 17, 8], [21, 19, 22, 18], [11, 20, 12, 21], [1, 23, 2, 22], [13, 24, 14, 1], [2, 6, 3, 5], [4, 10, 5, 9], [6, 15, 7, 16], [8, 4, 9, 3], [17, 11, 18, 10], [19, 12, 20, 13]]"
12n_0158_6,"[[19, 12, 20, 13], [23, 14, 24, 15], [16, 7, 17, 8], [21, 19, 22, 18], [11, 20, 12, 21], [1, 23, 2, 22], [13, 24, 14, 1], [2, 6, 3, 5], [4, 10, 5, 9], [6, 15, 7, 16], [8, 4, 9, 3], [17, 11, 18, 10]]"
12n_0158_7,"[[17, 11, 18, 10], [19, 12, 20, 13], [23, 14, 24, 15], [16, 7, 17, 8], [21, 19, 22, 18], [11, 20, 12, 21], [1, 23, 2, 22], [13, 24, 14, 1], [2, 6, 3, 5], [4, 10, 5, 9], [6, 15, 7, 16], [8, 4, 9, 3]]"
12n_0158_8,"[[8, 4, 9, 3], [17, 11, 18, 10], [19, 12, 20, 13], [23, 14, 24, 15], [16, 7, 17, 8], [21, 19, 22, 18], [11, 20, 12, 21], [1, 23, 2, 22], [13, 24, 14, 1], [2, 6, 3, 5], [4, 10, 5, 9], [6, 15, 7, 16]]"
12n_0158_9,"[[6, 15, 7, 16], [8, 4, 9, 3], [17, 11, 18, 10], [19, 12, 20, 13], [23, 14, 24, 15], [16, 7, 17, 8], [21, 19, 22, 18], [11, 20, 12, 21], [1, 23, 2, 22], [13, 24, 14, 1], [2, 6, 3, 5], [4, 10, 5, 9]]"
12n_0158_10,"[[4, 10, 5, 9], [6, 15, 7, 16], [8, 4, 9, 3], [17, 11, 18, 10], [19, 12, 20, 13], [23, 14, 24, 15], [16, 7, 17, 8], [21, 19, 22, 18], [11, 20, 12, 21], [1, 23, 2, 22], [13, 24, 14, 1], [2, 6, 3, 5]]"
12n_0158_11,"[[2, 6, 3, 5], [4, 10, 5, 9], [6, 15, 7, 16], [8, 4, 9, 3], [17, 11, 18, 10], [19, 12, 20, 13], [23, 14, 24, 15], [16, 7, 17, 8], [21, 19, 22, 18], [11, 20, 12, 21], [1, 23, 2, 22], [13, 24, 14, 1]]"
12n_0158_12,"[[14, 1, 15, 2], [3, 7, 4, 6], [5, 11, 6, 10], [7, 16, 8, 17], [9, 5, 10, 4], [18, 12, 19, 11], [20, 13, 21, 14], [24, 15, 1, 16], [17, 8, 18, 9], [22, 20, 23, 19], [12, 21, 13, 22], [2, 24, 3, 23]]"
12n_0158_13,"[[2, 24, 3, 23], [14, 1, 15, 2], [3, 7, 4, 6], [5, 11, 6, 10], [7, 16, 8, 17], [9, 5, 10, 4], [18, 12, 19, 11], [20, 13, 21, 14], [24, 15, 1, 16], [17, 8, 18, 9], [22, 20, 23, 19], [12, 21, 13, 22]]"
12n_0158_14,"[[12, 21, 13, 22], [2, 24, 3, 23], [14, 1, 15, 2], [3, 7, 4, 6], [5, 11, 6, 10], [7, 16, 8, 17], [9, 5, 10, 4], [18, 12, 19, 11], [20, 13, 21, 14], [24, 15, 1, 16], [17, 8, 18, 9], [22, 20, 23, 19]]"
12n_0158_15,"[[22, 20, 23, 19], [12, 21, 13, 22], [2, 24, 3, 23], [14, 1, 15, 2], [3, 7, 4, 6], [5, 11, 6, 10], [7, 16, 8, 17], [9, 5, 10, 4], [18, 12, 19, 11], [20, 13, 21, 14], [24, 15, 1, 16], [17, 8, 18, 9]]"
12n_0158_16,"[[17, 8, 18, 9], [22, 20, 23, 19], [12, 21, 13, 22], [2, 24, 3, 23], [14, 1, 15, 2], [3, 7, 4, 6], [5, 11, 6, 10], [7, 16, 8, 17], [9, 5, 10, 4], [18, 12, 19, 11], [20, 13, 21, 14], [24, 15, 1, 16]]"
12n_0158_17,"[[24, 15, 1, 16], [17, 8, 18, 9], [22, 20, 23, 19], [12, 21, 13, 22], [2, 24, 3, 23], [14, 1, 15, 2], [3, 7, 4, 6], [5, 11, 6, 10], [7, 16, 8, 17], [9, 5, 10, 4], [18, 12, 19, 11], [20, 13, 21, 14]]"
12n_0158_18,"[[20, 13, 21, 14], [24, 15, 1, 16], [17, 8, 18, 9], [22, 20, 23, 19], [12, 21, 13, 22], [2, 24, 3, 23], [14, 1, 15, 2], [3, 7, 4, 6], [5, 11, 6, 10], [7, 16, 8, 17], [9, 5, 10, 4], [18, 12, 19, 11]]"
12n_0158_19,"[[18, 12, 19, 11], [20, 13, 21, 14], [24, 15, 1, 16], [17, 8, 18, 9], [22, 20, 23, 19], [12, 21, 13, 22], [2, 24, 3, 23], [14, 1, 15, 2], [3, 7, 4, 6], [5, 11, 6, 10], [7, 16, 8, 17], [9, 5, 10, 4]]"
12n_0158_20,"[[9, 5, 10, 4], [18, 12, 19, 11], [20, 13, 21, 14], [24, 15, 1, 16], [17, 8, 18, 9], [22, 20, 23, 19], [12, 21, 13, 22], [2, 24, 3, 23], [14, 1, 15, 2], [3, 7, 4, 6], [5, 11, 6, 10], [7, 16, 8, 17]]"
12n_0158_21,"[[7, 16, 8, 17], [9, 5, 10, 4], [18, 12, 19, 11], [20, 13, 21, 14], [24, 15, 1, 16], [17, 8, 18, 9], [22, 20, 23, 19], [12, 21, 13, 22], [2, 24, 3, 23], [14, 1, 15, 2], [3, 7, 4, 6], [5, 11, 6, 10]]"
12n_0158_22,"[[5, 11, 6, 10], [7, 16, 8, 17], [9, 5, 10, 4], [18, 12, 19, 11], [20, 13, 21, 14], [24, 15, 1, 16], [17, 8, 18, 9], [22, 20, 23, 19], [12, 21, 13, 22], [2, 24, 3, 23], [14, 1, 15, 2], [3, 7, 4, 6]]"
12n_0158_23,"[[3, 7, 4, 6], [5, 11, 6, 10], [7, 16, 8, 17], [9, 5, 10, 4], [18, 12, 19, 11], [20, 13, 21, 14], [24, 15, 1, 16], [17, 8, 18, 9], [22, 20, 23, 19], [12, 21, 13, 22], [2, 24, 3, 23], [14, 1, 15, 2]]"
12n_0158_24,"[[15, 2, 16, 3], [4, 8, 5, 7], [6, 12, 7, 11], [8, 17, 9, 18], [10, 6, 11, 5], [19, 13, 20, 12], [21, 14, 22, 15], [1, 16, 2, 17], [18, 9, 19, 10], [23, 21, 24, 20], [13, 22, 14, 23], [3, 1, 4, 24]]"
12n_0158_25,"[[3, 1, 4, 24], [15, 2, 16, 3], [4, 8, 5, 7], [6, 12, 7, 11], [8, 17, 9, 18], [10, 6, 11, 5], [19, 13, 20, 12], [21, 14, 22, 15], [1, 16, 2, 17], [18, 9, 19, 10], [23, 21, 24, 20], [13, 22, 14, 23]]"
12n_0158_26,"[[13, 22, 14, 23], [3, 1, 4, 24], [15, 2, 16, 3], [4, 8, 5, 7], [6, 12, 7, 11], [8, 17, 9, 18], [10, 6, 11, 5], [19, 13, 20, 12], [21, 14, 22, 15], [1, 16, 2, 17], [18, 9, 19, 10], [23, 21, 24, 20]]"
12n_0158_27,"[[23, 21, 24, 20], [13, 22, 14, 23], [3, 1, 4, 24], [15, 2, 16, 3], [4, 8, 5, 7], [6, 12, 7, 11], [8, 17, 9, 18], [10, 6, 11, 5], [19, 13, 20, 12], [21, 14, 22, 15], [1, 16, 2, 17], [18, 9, 19, 10]]"
12n_0158_28,"[[18, 9, 19, 10], [23, 21, 24, 20], [13, 22, 14, 23], [3, 1, 4, 24], [15, 2, 16, 3], [4, 8, 5, 7], [6, 12, 7, 11], [8, 17, 9, 18], [10, 6, 11, 5], [19, 13, 20, 12], [21, 14, 22, 15], [1, 16, 2, 17]]"
12n_0158_29,"[[1, 16, 2, 17], [18, 9, 19, 10], [23, 21, 24, 20], [13, 22, 14, 23], [3, 1, 4, 24], [15, 2, 16, 3], [4, 8, 5, 7], [6, 12, 7, 11], [8, 17, 9, 18], [10, 6, 11, 5], [19, 13, 20, 12], [21, 14, 22, 15]]"
12n_0158_30,"[[21, 14, 22, 15], [1, 16, 2, 17], [18, 9, 19, 10], [23, 21, 24, 20], [13, 22, 14, 23], [3, 1, 4, 24], [15, 2, 16, 3], [4, 8, 5, 7], [6, 12, 7, 11], [8, 17, 9, 18], [10, 6, 11, 5], [19, 13, 20, 12]]"
12n_0158_31,"[[19, 13, 20, 12], [21, 14, 22, 15], [1, 16, 2, 17], [18, 9, 19, 10], [23, 21, 24, 20], [13, 22, 14, 23], [3, 1, 4, 24], [15, 2, 16, 3], [4, 8, 5, 7], [6, 12, 7, 11], [8, 17, 9, 18], [10, 6, 11, 5]]"
12n_0158_32,"[[10, 6, 11, 5], [19, 13, 20, 12], [21, 14, 22, 15], [1, 16, 2, 17], [18, 9, 19, 10], [23, 21, 24, 20], [13, 22, 14, 23], [3, 1, 4, 24], [15, 2, 16, 3], [4, 8, 5, 7], [6, 12, 7, 11], [8, 17, 9, 18]]"
12n_0158_33,"[[8, 17, 9, 18], [10, 6, 11, 5], [19, 13, 20, 12], [21, 14, 22, 15], [1, 16, 2, 17], [18, 9, 19, 10], [23, 21, 24, 20], [13, 22, 14, 23], [3, 1, 4, 24], [15, 2, 16, 3], [4, 8, 5, 7], [6, 12, 7, 11]]"
12n_0158_34,"[[6, 12, 7, 11], [8, 17, 9, 18], [10, 6, 11, 5], [19, 13, 20, 12], [21, 14, 22, 15], [1, 16, 2, 17], [18, 9, 19, 10], [23, 21, 24, 20], [13, 22, 14, 23], [3, 1, 4, 24], [15, 2, 16, 3], [4, 8, 5, 7]]"
12n_0158_35,"[[4, 8, 5, 7], [6, 12, 7, 11], [8, 17, 9, 18], [10, 6, 11, 5], [19, 13, 20, 12], [21, 14, 22, 15], [1, 16, 2, 17], [18, 9, 19, 10], [23, 21, 24, 20], [13, 22, 14, 23], [3, 1, 4, 24], [15, 2, 16, 3]]"
12n_0158_36,"[[16, 3, 17, 4], [5, 9, 6, 8], [7, 13, 8, 12], [9, 18, 10, 19], [11, 7, 12, 6], [20, 14, 21, 13], [22, 15, 23, 16], [2, 17, 3, 18], [19, 10, 20, 11], [24, 22, 1, 21], [14, 23, 15, 24], [4, 2, 5, 1]]"
12n_0158_37,"[[4, 2, 5, 1], [16, 3, 17, 4], [5, 9, 6, 8], [7, 13, 8, 12], [9, 18, 10, 19], [11, 7, 12, 6], [20, 14, 21, 13], [22, 15, 23, 16], [2, 17, 3, 18], [19, 10, 20, 11], [24, 22, 1, 21], [14, 23, 15, 24]]"
12n_0158_38,"[[14, 23, 15, 24], [4, 2, 5, 1], [16, 3, 17, 4], [5, 9, 6, 8], [7, 13, 8, 12], [9, 18, 10, 19], [11, 7, 12, 6], [20, 14, 21, 13], [22, 15, 23, 16], [2, 17, 3, 18], [19, 10, 20, 11], [24, 22, 1, 21]]"
12n_0158_39,"[[24, 22, 1, 21], [14, 23, 15, 24], [4, 2, 5, 1], [16, 3, 17, 4], [5, 9, 6, 8], [7, 13, 8, 12], [9, 18, 10, 19], [11, 7, 12, 6], [20, 14, 21, 13], [22, 15, 23, 16], [2, 17, 3, 18], [19, 10, 20, 11]]"
12n_0158_40,"[[19, 10, 20, 11], [24, 22, 1, 21], [14, 23, 15, 24], [4, 2, 5, 1], [16, 3, 17, 4], [5, 9, 6, 8], [7, 13, 8, 12], [9, 18, 10, 19], [11, 7, 12, 6], [20, 14, 21, 13], [22, 15, 23, 16], [2, 17, 3, 18]]"
12n_0158_41,"[[2, 17, 3, 18], [19, 10, 20, 11], [24, 22, 1, 21], [14, 23, 15, 24], [4, 2, 5, 1], [16, 3, 17, 4], [5, 9, 6, 8], [7, 13, 8, 12], [9, 18, 10, 19], [11, 7, 12, 6], [20, 14, 21, 13], [22, 15, 23, 16]]"
12n_0158_42,"[[22, 15, 23, 16], [2, 17, 3, 18], [19, 10, 20, 11], [24, 22, 1, 21], [14, 23, 15, 24], [4, 2, 5, 1], [16, 3, 17, 4], [5, 9, 6, 8], [7, 13, 8, 12], [9, 18, 10, 19], [11, 7, 12, 6], [20, 14, 21, 13]]"
12n_0158_43,"[[20, 14, 21, 13], [22, 15, 23, 16], [2, 17, 3, 18], [19, 10, 20, 11], [24, 22, 1, 21], [14, 23, 15, 24], [4, 2, 5, 1], [16, 3, 17, 4], [5, 9, 6, 8], [7, 13, 8, 12], [9, 18, 10, 19], [11, 7, 12, 6]]"
12n_0158_44,"[[11, 7, 12, 6], [20, 14, 21, 13], [22, 15, 23, 16], [2, 17, 3, 18], [19, 10, 20, 11], [24, 22, 1, 21], [14, 23, 15, 24], [4, 2, 5, 1], [16, 3, 17, 4], [5, 9, 6, 8], [7, 13, 8, 12], [9, 18, 10, 19]]"
12n_0158_45,"[[9, 18, 10, 19], [11, 7, 12, 6], [20, 14, 21, 13], [22, 15, 23, 16], [2, 17, 3, 18], [19, 10, 20, 11], [24, 22, 1, 21], [14, 23, 15, 24], [4, 2, 5, 1], [16, 3, 17, 4], [5, 9, 6, 8], [7, 13, 8, 12]]"
12n_0158_46,"[[7, 13, 8, 12], [9, 18, 10, 19], [11, 7, 12, 6], [20, 14, 21, 13], [22, 15, 23, 16], [2, 17, 3, 18], [19, 10, 20, 11], [24, 22, 1, 21], [14, 23, 15, 24], [4, 2, 5, 1], [16, 3, 17, 4], [5, 9, 6, 8]]"
12n_0158_47,"[[5, 9, 6, 8], [7, 13, 8, 12], [9, 18, 10, 19], [11, 7, 12, 6], [20, 14, 21, 13], [22, 15, 23, 16], [2, 17, 3, 18], [19, 10, 20, 11], [24, 22, 1, 21], [14, 23, 15, 24], [4, 2, 5, 1], [16, 3, 17, 4]]"
12n_0158_48,"[[17, 4, 18, 5], [6, 10, 7, 9], [8, 14, 9, 13], [10, 19, 11, 20], [12, 8, 13, 7], [21, 15, 22, 14], [23, 16, 24, 17], [3, 18, 4, 19], [20, 11, 21, 12], [1, 23, 2, 22], [15, 24, 16, 1], [5, 3, 6, 2]]"
12n_0158_49,"[[5, 3, 6, 2], [17, 4, 18, 5], [6, 10, 7, 9], [8, 14, 9, 13], [10, 19, 11, 20], [12, 8, 13, 7], [21, 15, 22, 14], [23, 16, 24, 17], [3, 18, 4, 19], [20, 11, 21, 12], [1, 23, 2, 22], [15, 24, 16, 1]]"
12n_0158_50,"[[15, 24, 16, 1], [5, 3, 6, 2], [17, 4, 18, 5], [6, 10, 7, 9], [8, 14, 9, 13], [10, 19, 11, 20], [12, 8, 13, 7], [21, 15, 22, 14], [23, 16, 24, 17], [3, 18, 4, 19], [20, 11, 21, 12], [1, 23, 2, 22]]"
12n_0158_51,"[[1, 23, 2, 22], [15, 24, 16, 1], [5, 3, 6, 2], [17, 4, 18, 5], [6, 10, 7, 9], [8, 14, 9, 13], [10, 19, 11, 20], [12, 8, 13, 7], [21, 15, 22, 14], [23, 16, 24, 17], [3, 18, 4, 19], [20, 11, 21, 12]]"
12n_0158_52,"[[20, 11, 21, 12], [1, 23, 2, 22], [15, 24, 16, 1], [5, 3, 6, 2], [17, 4, 18, 5], [6, 10, 7, 9], [8, 14, 9, 13], [10, 19, 11, 20], [12, 8, 13, 7], [21, 15, 22, 14], [23, 16, 24, 17], [3, 18, 4, 19]]"
12n_0158_53,"[[3, 18, 4, 19], [20, 11, 21, 12], [1, 23, 2, 22], [15, 24, 16, 1], [5, 3, 6, 2], [17, 4, 18, 5], [6, 10, 7, 9], [8, 14, 9, 13], [10, 19, 11, 20], [12, 8, 13, 7], [21, 15, 22, 14], [23, 16, 24, 17]]"
12n_0158_54,"[[23, 16, 24, 17], [3, 18, 4, 19], [20, 11, 21, 12], [1, 23, 2, 22], [15, 24, 16, 1], [5, 3, 6, 2], [17, 4, 18, 5], [6, 10, 7, 9], [8, 14, 9, 13], [10, 19, 11, 20], [12, 8, 13, 7], [21, 15, 22, 14]]"
12n_0158_55,"[[21, 15, 22, 14], [23, 16, 24, 17], [3, 18, 4, 19], [20, 11, 21, 12], [1, 23, 2, 22], [15, 24, 16, 1], [5, 3, 6, 2], [17, 4, 18, 5], [6, 10, 7, 9], [8, 14, 9, 13], [10, 19, 11, 20], [12, 8, 13, 7]]"
12n_0158_56,"[[12, 8, 13, 7], [21, 15, 22, 14], [23, 16, 24, 17], [3, 18, 4, 19], [20, 11, 21, 12], [1, 23, 2, 22], [15, 24, 16, 1], [5, 3, 6, 2], [17, 4, 18, 5], [6, 10, 7, 9], [8, 14, 9, 13], [10, 19, 11, 20]]"
12n_0158_57,"[[10, 19, 11, 20], [12, 8, 13, 7], [21, 15, 22, 14], [23, 16, 24, 17], [3, 18, 4, 19], [20, 11, 21, 12], [1, 23, 2, 22], [15, 24, 16, 1], [5, 3, 6, 2], [17, 4, 18, 5], [6, 10, 7, 9], [8, 14, 9, 13]]"
12n_0158_58,"[[8, 14, 9, 13], [10, 19, 11, 20], [12, 8, 13, 7], [21, 15, 22, 14], [23, 16, 24, 17], [3, 18, 4, 19], [20, 11, 21, 12], [1, 23, 2, 22], [15, 24, 16, 1], [5, 3, 6, 2], [17, 4, 18, 5], [6, 10, 7, 9]]"
12n_0158_59,"[[6, 10, 7, 9], [8, 14, 9, 13], [10, 19, 11, 20], [12, 8, 13, 7], [21, 15, 22, 14], [23, 16, 24, 17], [3, 18, 4, 19], [20, 11, 21, 12], [1, 23, 2, 22], [15, 24, 16, 1], [5, 3, 6, 2], [17, 4, 18, 5]]"
12n_0158_60,"[[18, 5, 19, 6], [7, 11, 8, 10], [9, 15, 10, 14], [11, 20, 12, 21], [13, 9, 14, 8], [22, 16, 23, 15], [24, 17, 1, 18], [4, 19, 5, 20], [21, 12, 22, 13], [2, 24, 3, 23], [16, 1, 17, 2], [6, 4, 7, 3]]"
12n_0158_61,"[[6, 4, 7, 3], [18, 5, 19, 6], [7, 11, 8, 10], [9, 15, 10, 14], [11, 20, 12, 21], [13, 9, 14, 8], [22, 16, 23, 15], [24, 17, 1, 18], [4, 19, 5, 20], [21, 12, 22, 13], [2, 24, 3, 23], [16, 1, 17, 2]]"
12n_0158_62,"[[16, 1, 17, 2], [6, 4, 7, 3], [18, 5, 19, 6], [7, 11, 8, 10], [9, 15, 10, 14], [11, 20, 12, 21], [13, 9, 14, 8], [22, 16, 23, 15], [24, 17, 1, 18], [4, 19, 5, 20], [21, 12, 22, 13], [2, 24, 3, 23]]"
12n_0158_63,"[[2, 24, 3, 23], [16, 1, 17, 2], [6, 4, 7, 3], [18, 5, 19, 6], [7, 11, 8, 10], [9, 15, 10, 14], [11, 20, 12, 21], [13, 9, 14, 8], [22, 16, 23, 15], [24, 17, 1, 18], [4, 19, 5, 20], [21, 12, 22, 13]]"
12n_0158_64,"[[21, 12, 22, 13], [2, 24, 3, 23], [16, 1, 17, 2], [6, 4, 7, 3], [18, 5, 19, 6], [7, 11, 8, 10], [9, 15, 10, 14], [11, 20, 12, 21], [13, 9, 14, 8], [22, 16, 23, 15], [24, 17, 1, 18], [4, 19, 5, 20]]"
12n_0158_65,"[[4, 19, 5, 20], [21, 12, 22, 13], [2, 24, 3, 23], [16, 1, 17, 2], [6, 4, 7, 3], [18, 5, 19, 6], [7, 11, 8, 10], [9, 15, 10, 14], [11, 20, 12, 21], [13, 9, 14, 8], [22, 16, 23, 15], [24, 17, 1, 18]]"
12n_0158_66,"[[24, 17, 1, 18], [4, 19, 5, 20], [21, 12, 22, 13], [2, 24, 3, 23], [16, 1, 17, 2], [6, 4, 7, 3], [18, 5, 19, 6], [7, 11, 8, 10], [9, 15, 10, 14], [11, 20, 12, 21], [13, 9, 14, 8], [22, 16, 23, 15]]"
12n_0158_67,"[[22, 16, 23, 15], [24, 17, 1, 18], [4, 19, 5, 20], [21, 12, 22, 13], [2, 24, 3, 23], [16, 1, 17, 2], [6, 4, 7, 3], [18, 5, 19, 6], [7, 11, 8, 10], [9, 15, 10, 14], [11, 20, 12, 21], [13, 9, 14, 8]]"
12n_0158_68,"[[13, 9, 14, 8], [22, 16, 23, 15], [24, 17, 1, 18], [4, 19, 5, 20], [21, 12, 22, 13], [2, 24, 3, 23], [16, 1, 17, 2], [6, 4, 7, 3], [18, 5, 19, 6], [7, 11, 8, 10], [9, 15, 10, 14], [11, 20, 12, 21]]"
12n_0158_69,"[[11, 20, 12, 21], [13, 9, 14, 8], [22, 16, 23, 15], [24, 17, 1, 18], [4, 19, 5, 20], [21, 12, 22, 13], [2, 24, 3, 23], [16, 1, 17, 2], [6, 4, 7, 3], [18, 5, 19, 6], [7, 11, 8, 10], [9, 15, 10, 14]]"
12n_0158_70,"[[9, 15, 10, 14], [11, 20, 12, 21], [13, 9, 14, 8], [22, 16, 23, 15], [24, 17, 1, 18], [4, 19, 5, 20], [21, 12, 22, 13], [2, 24, 3, 23], [16, 1, 17, 2], [6, 4, 7, 3], [18, 5, 19, 6], [7, 11, 8, 10]]"
12n_0158_71,"[[7, 11, 8, 10], [9, 15, 10, 14], [11, 20, 12, 21], [13, 9, 14, 8], [22, 16, 23, 15], [24, 17, 1, 18], [4, 19, 5, 20], [21, 12, 22, 13], [2, 24, 3, 23], [16, 1, 17, 2], [6, 4, 7, 3], [18, 5, 19, 6]]"
12n_0158_72,"[[19, 6, 20, 7], [8, 12, 9, 11], [10, 16, 11, 15], [12, 21, 13, 22], [14, 10, 15, 9], [23, 17, 24, 16], [1, 18, 2, 19], [5, 20, 6, 21], [22, 13, 23, 14], [3, 1, 4, 24], [17, 2, 18, 3], [7, 5, 8, 4]]"
12n_0158_73,"[[7, 5, 8, 4], [19, 6, 20, 7], [8, 12, 9, 11], [10, 16, 11, 15], [12, 21, 13, 22], [14, 10, 15, 9], [23, 17, 24, 16], [1, 18, 2, 19], [5, 20, 6, 21], [22, 13, 23, 14], [3, 1, 4, 24], [17, 2, 18, 3]]"
12n_0158_74,"[[17, 2, 18, 3], [7, 5, 8, 4], [19, 6, 20, 7], [8, 12, 9, 11], [10, 16, 11, 15], [12, 21, 13, 22], [14, 10, 15, 9], [23, 17, 24, 16], [1, 18, 2, 19], [5, 20, 6, 21], [22, 13, 23, 14], [3, 1, 4, 24]]"
12n_0158_75,"[[3, 1, 4, 24], [17, 2, 18, 3], [7, 5, 8, 4], [19, 6, 20, 7], [8, 12, 9, 11], [10, 16, 11, 15], [12, 21, 13, 22], [14, 10, 15, 9], [23, 17, 24, 16], [1, 18, 2, 19], [5, 20, 6, 21], [22, 13, 23, 14]]"
12n_0158_76,"[[22, 13, 23, 14], [3, 1, 4, 24], [17, 2, 18, 3], [7, 5, 8, 4], [19, 6, 20, 7], [8, 12, 9, 11], [10, 16, 11, 15], [12, 21, 13, 22], [14, 10, 15, 9], [23, 17, 24, 16], [1, 18, 2, 19], [5, 20, 6, 21]]"
12n_0158_77,"[[5, 20, 6, 21], [22, 13, 23, 14], [3, 1, 4, 24], [17, 2, 18, 3], [7, 5, 8, 4], [19, 6, 20, 7], [8, 12, 9, 11], [10, 16, 11, 15], [12, 21, 13, 22], [14, 10, 15, 9], [23, 17, 24, 16], [1, 18, 2, 19]]"
12n_0158_78,"[[1, 18, 2, 19], [5, 20, 6, 21], [22, 13, 23, 14], [3, 1, 4, 24], [17, 2, 18, 3], [7, 5, 8, 4], [19, 6, 20, 7], [8, 12, 9, 11], [10, 16, 11, 15], [12, 21, 13, 22], [14, 10, 15, 9], [23, 17, 24, 16]]"
12n_0158_79,"[[23, 17, 24, 16], [1, 18, 2, 19], [5, 20, 6, 21], [22, 13, 23, 14], [3, 1, 4, 24], [17, 2, 18, 3], [7, 5, 8, 4], [19, 6, 20, 7], [8, 12, 9, 11], [10, 16, 11, 15], [12, 21, 13, 22], [14, 10, 15, 9]]"
12n_0158_80,"[[14, 10, 15, 9], [23, 17, 24, 16], [1, 18, 2, 19], [5, 20, 6, 21], [22, 13, 23, 14], [3, 1, 4, 24], [17, 2, 18, 3], [7, 5, 8, 4], [19, 6, 20, 7], [8, 12, 9, 11], [10, 16, 11, 15], [12, 21, 13, 22]]"
12n_0158_81,"[[12, 21, 13, 22], [14, 10, 15, 9], [23, 17, 24, 16], [1, 18, 2, 19], [5, 20, 6, 21], [22, 13, 23, 14], [3, 1, 4, 24], [17, 2, 18, 3], [7, 5, 8, 4], [19, 6, 20, 7], [8, 12, 9, 11], [10, 16, 11, 15]]"
12n_0158_82,"[[10, 16, 11, 15], [12, 21, 13, 22], [14, 10, 15, 9], [23, 17, 24, 16], [1, 18, 2, 19], [5, 20, 6, 21], [22, 13, 23, 14], [3, 1, 4, 24], [17, 2, 18, 3], [7, 5, 8, 4], [19, 6, 20, 7], [8, 12, 9, 11]]"
12n_0158_83,"[[8, 12, 9, 11], [10, 16, 11, 15], [12, 21, 13, 22], [14, 10, 15, 9], [23, 17, 24, 16], [1, 18, 2, 19], [5, 20, 6, 21], [22, 13, 23, 14], [3, 1, 4, 24], [17, 2, 18, 3], [7, 5, 8, 4], [19, 6, 20, 7]]"
12n_0158_84,"[[20, 7, 21, 8], [9, 13, 10, 12], [11, 17, 12, 16], [13, 22, 14, 23], [15, 11, 16, 10], [24, 18, 1, 17], [2, 19, 3, 20], [6, 21, 7, 22], [23, 14, 24, 15], [4, 2, 5, 1], [18, 3, 19, 4], [8, 6, 9, 5]]"
12n_0158_85,"[[8, 6, 9, 5], [20, 7, 21, 8], [9, 13, 10, 12], [11, 17, 12, 16], [13, 22, 14, 23], [15, 11, 16, 10], [24, 18, 1, 17], [2, 19, 3, 20], [6, 21, 7, 22], [23, 14, 24, 15], [4, 2, 5, 1], [18, 3, 19, 4]]"
12n_0158_86,"[[18, 3, 19, 4], [8, 6, 9, 5], [20, 7, 21, 8], [9, 13, 10, 12], [11, 17, 12, 16], [13, 22, 14, 23], [15, 11, 16, 10], [24, 18, 1, 17], [2, 19, 3, 20], [6, 21, 7, 22], [23, 14, 24, 15], [4, 2, 5, 1]]"
12n_0158_87,"[[4, 2, 5, 1], [18, 3, 19, 4], [8, 6, 9, 5], [20, 7, 21, 8], [9, 13, 10, 12], [11, 17, 12, 16], [13, 22, 14, 23], [15, 11, 16, 10], [24, 18, 1, 17], [2, 19, 3, 20], [6, 21, 7, 22], [23, 14, 24, 15]]"
12n_0158_88,"[[23, 14, 24, 15], [4, 2, 5, 1], [18, 3, 19, 4], [8, 6, 9, 5], [20, 7, 21, 8], [9, 13, 10, 12], [11, 17, 12, 16], [13, 22, 14, 23], [15, 11, 16, 10], [24, 18, 1, 17], [2, 19, 3, 20], [6, 21, 7, 22]]"
12n_0158_89,"[[6, 21, 7, 22], [23, 14, 24, 15], [4, 2, 5, 1], [18, 3, 19, 4], [8, 6, 9, 5], [20, 7, 21, 8], [9, 13, 10, 12], [11, 17, 12, 16], [13, 22, 14, 23], [15, 11, 16, 10], [24, 18, 1, 17], [2, 19, 3, 20]]"
12n_0158_90,"[[2, 19, 3, 20], [6, 21, 7, 22], [23, 14, 24, 15], [4, 2, 5, 1], [18, 3, 19, 4], [8, 6, 9, 5], [20, 7, 21, 8], [9, 13, 10, 12], [11, 17, 12, 16], [13, 22, 14, 23], [15, 11, 16, 10], [24, 18, 1, 17]]"
12n_0158_91,"[[24, 18, 1, 17], [2, 19, 3, 20], [6, 21, 7, 22], [23, 14, 24, 15], [4, 2, 5, 1], [18, 3, 19, 4], [8, 6, 9, 5], [20, 7, 21, 8], [9, 13, 10, 12], [11, 17, 12, 16], [13, 22, 14, 23], [15, 11, 16, 10]]"
12n_0158_92,"[[15, 11, 16, 10], [24, 18, 1, 17], [2, 19, 3, 20], [6, 21, 7, 22], [23, 14, 24, 15], [4, 2, 5, 1], [18, 3, 19, 4], [8, 6, 9, 5], [20, 7, 21, 8], [9, 13, 10, 12], [11, 17, 12, 16], [13, 22, 14, 23]]"
12n_0158_93,"[[13, 22, 14, 23], [15, 11, 16, 10], [24, 18, 1, 17], [2, 19, 3, 20], [6, 21, 7, 22], [23, 14, 24, 15], [4, 2, 5, 1], [18, 3, 19, 4], [8, 6, 9, 5], [20, 7, 21, 8], [9, 13, 10, 12], [11, 17, 12, 16]]"
12n_0158_94,"[[11, 17, 12, 16], [13, 22, 14, 23], [15, 11, 16, 10], [24, 18, 1, 17], [2, 19, 3, 20], [6, 21, 7, 22], [23, 14, 24, 15], [4, 2, 5, 1], [18, 3, 19, 4], [8, 6, 9, 5], [20, 7, 21, 8], [9, 13, 10, 12]]"
12n_0158_95,"[[9, 13, 10, 12], [11, 17, 12, 16], [13, 22, 14, 23], [15, 11, 16, 10], [24, 18, 1, 17], [2, 19, 3, 20], [6, 21, 7, 22], [23, 14, 24, 15], [4, 2, 5, 1], [18, 3, 19, 4], [8, 6, 9, 5], [20, 7, 21, 8]]"
12n_0158_96,"[[21, 8, 22, 9], [10, 14, 11, 13], [12, 18, 13, 17], [14, 23, 15, 24], [16, 12, 17, 11], [1, 19, 2, 18], [3, 20, 4, 21], [7, 22, 8, 23], [24, 15, 1, 16], [5, 3, 6, 2], [19, 4, 20, 5], [9, 7, 10, 6]]"
12n_0158_97,"[[9, 7, 10, 6], [21, 8, 22, 9], [10, 14, 11, 13], [12, 18, 13, 17], [14, 23, 15, 24], [16, 12, 17, 11], [1, 19, 2, 18], [3, 20, 4, 21], [7, 22, 8, 23], [24, 15, 1, 16], [5, 3, 6, 2], [19, 4, 20, 5]]"
12n_0158_98,"[[19, 4, 20, 5], [9, 7, 10, 6], [21, 8, 22, 9], [10, 14, 11, 13], [12, 18, 13, 17], [14, 23, 15, 24], [16, 12, 17, 11], [1, 19, 2, 18], [3, 20, 4, 21], [7, 22, 8, 23], [24, 15, 1, 16], [5, 3, 6, 2]]"
12n_0158_99,"[[5, 3, 6, 2], [19, 4, 20, 5], [9, 7, 10, 6], [21, 8, 22, 9], [10, 14, 11, 13], [12, 18, 13, 17], [14, 23, 15, 24], [16, 12, 17, 11], [1, 19, 2, 18], [3, 20, 4, 21], [7, 22, 8, 23], [24, 15, 1, 16]]"
12n_0158_100,"[[24, 15, 1, 16], [5, 3, 6, 2], [19, 4, 20, 5], [9, 7, 10, 6], [21, 8, 22, 9], [10, 14, 11, 13], [12, 18, 13, 17], [14, 23, 15, 24], [16, 12, 17, 11], [1, 19, 2, 18], [3, 20, 4, 21], [7, 22, 8, 23]]"
12n_0158_101,"[[7, 22, 8, 23], [24, 15, 1, 16], [5, 3, 6, 2], [19, 4, 20, 5], [9, 7, 10, 6], [21, 8, 22, 9], [10, 14, 11, 13], [12, 18, 13, 17], [14, 23, 15, 24], [16, 12, 17, 11], [1, 19, 2, 18], [3, 20, 4, 21]]"
12n_0158_102,"[[3, 20, 4, 21], [7, 22, 8, 23], [24, 15, 1, 16], [5, 3, 6, 2], [19, 4, 20, 5], [9, 7, 10, 6], [21, 8, 22, 9], [10, 14, 11, 13], [12, 18, 13, 17], [14, 23, 15, 24], [16, 12, 17, 11], [1, 19, 2, 18]]"
12n_0158_103,"[[1, 19, 2, 18], [3, 20, 4, 21], [7, 22, 8, 23], [24, 15, 1, 16], [5, 3, 6, 2], [19, 4, 20, 5], [9, 7, 10, 6], [21, 8, 22, 9], [10, 14, 11, 13], [12, 18, 13, 17], [14, 23, 15, 24], [16, 12, 17, 11]]"
12n_0158_104,"[[16, 12, 17, 11], [1, 19, 2, 18], [3, 20, 4, 21], [7, 22, 8, 23], [24, 15, 1, 16], [5, 3, 6, 2], [19, 4, 20, 5], [9, 7, 10, 6], [21, 8, 22, 9], [10, 14, 11, 13], [12, 18, 13, 17], [14, 23, 15, 24]]"
12n_0158_105,"[[14, 23, 15, 24], [16, 12, 17, 11], [1, 19, 2, 18], [3, 20, 4, 21], [7, 22, 8, 23], [24, 15, 1, 16], [5, 3, 6, 2], [19, 4, 20, 5], [9, 7, 10, 6], [21, 8, 22, 9], [10, 14, 11, 13], [12, 18, 13, 17]]"
12n_0158_106,"[[12, 18, 13, 17], [14, 23, 15, 24], [16, 12, 17, 11], [1, 19, 2, 18], [3, 20, 4, 21], [7, 22, 8, 23], [24, 15, 1, 16], [5, 3, 6, 2], [19, 4, 20, 5], [9, 7, 10, 6], [21, 8, 22, 9], [10, 14, 11, 13]]"
12n_0158_107,"[[10, 14, 11, 13], [12, 18, 13, 17], [14, 23, 15, 24], [16, 12, 17, 11], [1, 19, 2, 18], [3, 20, 4, 21], [7, 22, 8, 23], [24, 15, 1, 16], [5, 3, 6, 2], [19, 4, 20, 5], [9, 7, 10, 6], [21, 8, 22, 9]]"
12n_0158_108,"[[22, 9, 23, 10], [11, 15, 12, 14], [13, 19, 14, 18], [15, 24, 16, 1], [17, 13, 18, 12], [2, 20, 3, 19], [4, 21, 5, 22], [8, 23, 9, 24], [1, 16, 2, 17], [6, 4, 7, 3], [20, 5, 21, 6], [10, 8, 11, 7]]"
12n_0158_109,"[[10, 8, 11, 7], [22, 9, 23, 10], [11, 15, 12, 14], [13, 19, 14, 18], [15, 24, 16, 1], [17, 13, 18, 12], [2, 20, 3, 19], [4, 21, 5, 22], [8, 23, 9, 24], [1, 16, 2, 17], [6, 4, 7, 3], [20, 5, 21, 6]]"
12n_0158_110,"[[20, 5, 21, 6], [10, 8, 11, 7], [22, 9, 23, 10], [11, 15, 12, 14], [13, 19, 14, 18], [15, 24, 16, 1], [17, 13, 18, 12], [2, 20, 3, 19], [4, 21, 5, 22], [8, 23, 9, 24], [1, 16, 2, 17], [6, 4, 7, 3]]"
12n_0158_111,"[[6, 4, 7, 3], [20, 5, 21, 6], [10, 8, 11, 7], [22, 9, 23, 10], [11, 15, 12, 14], [13, 19, 14, 18], [15, 24, 16, 1], [17, 13, 18, 12], [2, 20, 3, 19], [4, 21, 5, 22], [8, 23, 9, 24], [1, 16, 2, 17]]"
12n_0158_112,"[[1, 16, 2, 17], [6, 4, 7, 3], [20, 5, 21, 6], [10, 8, 11, 7], [22, 9, 23, 10], [11, 15, 12, 14], [13, 19, 14, 18], [15, 24, 16, 1], [17, 13, 18, 12], [2, 20, 3, 19], [4, 21, 5, 22], [8, 23, 9, 24]]"
12n_0158_113,"[[8, 23, 9, 24], [1, 16, 2, 17], [6, 4, 7, 3], [20, 5, 21, 6], [10, 8, 11, 7], [22, 9, 23, 10], [11, 15, 12, 14], [13, 19, 14, 18], [15, 24, 16, 1], [17, 13, 18, 12], [2, 20, 3, 19], [4, 21, 5, 22]]"
12n_0158_114,"[[4, 21, 5, 22], [8, 23, 9, 24], [1, 16, 2, 17], [6, 4, 7, 3], [20, 5, 21, 6], [10, 8, 11, 7], [22, 9, 23, 10], [11, 15, 12, 14], [13, 19, 14, 18], [15, 24, 16, 1], [17, 13, 18, 12], [2, 20, 3, 19]]"
12n_0158_115,"[[2, 20, 3, 19], [4, 21, 5, 22], [8, 23, 9, 24], [1, 16, 2, 17], [6, 4, 7, 3], [20, 5, 21, 6], [10, 8, 11, 7], [22, 9, 23, 10], [11, 15, 12, 14], [13, 19, 14, 18], [15, 24, 16, 1], [17, 13, 18, 12]]"
12n_0158_116,"[[17, 13, 18, 12], [2, 20, 3, 19], [4, 21, 5, 22], [8, 23, 9, 24], [1, 16, 2, 17], [6, 4, 7, 3], [20, 5, 21, 6], [10, 8, 11, 7], [22, 9, 23, 10], [11, 15, 12, 14], [13, 19, 14, 18], [15, 24, 16, 1]]"
12n_0158_117,"[[15, 24, 16, 1], [17, 13, 18, 12], [2, 20, 3, 19], [4, 21, 5, 22], [8, 23, 9, 24], [1, 16, 2, 17], [6, 4, 7, 3], [20, 5, 21, 6], [10, 8, 11, 7], [22, 9, 23, 10], [11, 15, 12, 14], [13, 19, 14, 18]]"
12n_0158_118,"[[13, 19, 14, 18], [15, 24, 16, 1], [17, 13, 18, 12], [2, 20, 3, 19], [4, 21, 5, 22], [8, 23, 9, 24], [1, 16, 2, 17], [6, 4, 7, 3], [20, 5, 21, 6], [10, 8, 11, 7], [22, 9, 23, 10], [11, 15, 12, 14]]"
12n_0158_119,"[[11, 15, 12, 14], [13, 19, 14, 18], [15, 24, 16, 1], [17, 13, 18, 12], [2, 20, 3, 19], [4, 21, 5, 22], [8, 23, 9, 24], [1, 16, 2, 17], [6, 4, 7, 3], [20, 5, 21, 6], [10, 8, 11, 7], [22, 9, 23, 10]]"
12n_0158_120,"[[23, 10, 24, 11], [12, 16, 13, 15], [14, 20, 15, 19], [16, 1, 17, 2], [18, 14, 19, 13], [3, 21, 4, 20], [5, 22, 6, 23], [9, 24, 10, 1], [2, 17, 3, 18], [7, 5, 8, 4], [21, 6, 22, 7], [11, 9, 12, 8]]"
12n_0158_121,"[[11, 9, 12, 8], [23, 10, 24, 11], [12, 16, 13, 15], [14, 20, 15, 19], [16, 1, 17, 2], [18, 14, 19, 13], [3, 21, 4, 20], [5, 22, 6, 23], [9, 24, 10, 1], [2, 17, 3, 18], [7, 5, 8, 4], [21, 6, 22, 7]]"
12n_0158_122,"[[21, 6, 22, 7], [11, 9, 12, 8], [23, 10, 24, 11], [12, 16, 13, 15], [14, 20, 15, 19], [16, 1, 17, 2], [18, 14, 19, 13], [3, 21, 4, 20], [5, 22, 6, 23], [9, 24, 10, 1], [2, 17, 3, 18], [7, 5, 8, 4]]"
12n_0158_123,"[[7, 5, 8, 4], [21, 6, 22, 7], [11, 9, 12, 8], [23, 10, 24, 11], [12, 16, 13, 15], [14, 20, 15, 19], [16, 1, 17, 2], [18, 14, 19, 13], [3, 21, 4, 20], [5, 22, 6, 23], [9, 24, 10, 1], [2, 17, 3, 18]]"
12n_0158_124,"[[2, 17, 3, 18], [7, 5, 8, 4], [21, 6, 22, 7], [11, 9, 12, 8], [23, 10, 24, 11], [12, 16, 13, 15], [14, 20, 15, 19], [16, 1, 17, 2], [18, 14, 19, 13], [3, 21, 4, 20], [5, 22, 6, 23], [9, 24, 10, 1]]"
12n_0158_125,"[[9, 24, 10, 1], [2, 17, 3, 18], [7, 5, 8, 4], [21, 6, 22, 7], [11, 9, 12, 8], [23, 10, 24, 11], [12, 16, 13, 15], [14, 20, 15, 19], [16, 1, 17, 2], [18, 14, 19, 13], [3, 21, 4, 20], [5, 22, 6, 23]]"
12n_0158_126,"[[5, 22, 6, 23], [9, 24, 10, 1], [2, 17, 3, 18], [7, 5, 8, 4], [21, 6, 22, 7], [11, 9, 12, 8], [23, 10, 24, 11], [12, 16, 13, 15], [14, 20, 15, 19], [16, 1, 17, 2], [18, 14, 19, 13], [3, 21, 4, 20]]"
12n_0158_127,"[[3, 21, 4, 20], [5, 22, 6, 23], [9, 24, 10, 1], [2, 17, 3, 18], [7, 5, 8, 4], [21, 6, 22, 7], [11, 9, 12, 8], [23, 10, 24, 11], [12, 16, 13, 15], [14, 20, 15, 19], [16, 1, 17, 2], [18, 14, 19, 13]]"
12n_0158_128,"[[18, 14, 19, 13], [3, 21, 4, 20], [5, 22, 6, 23], [9, 24, 10, 1], [2, 17, 3, 18], [7, 5, 8, 4], [21, 6, 22, 7], [11, 9, 12, 8], [23, 10, 24, 11], [12, 16, 13, 15], [14, 20, 15, 19], [16, 1, 17, 2]]"
12n_0158_129,"[[16, 1, 17, 2], [18, 14, 19, 13], [3, 21, 4, 20], [5, 22, 6, 23], [9, 24, 10, 1], [2, 17, 3, 18], [7, 5, 8, 4], [21, 6, 22, 7], [11, 9, 12, 8], [23, 10, 24, 11], [12, 16, 13, 15], [14, 20, 15, 19]]"
12n_0158_130,"[[14, 20, 15, 19], [16, 1, 17, 2], [18, 14, 19, 13], [3, 21, 4, 20], [5, 22, 6, 23], [9, 24, 10, 1], [2, 17, 3, 18], [7, 5, 8, 4], [21, 6, 22, 7], [11, 9, 12, 8], [23, 10, 24, 11], [12, 16, 13, 15]]"
12n_0158_131,"[[12, 16, 13, 15], [14, 20, 15, 19], [16, 1, 17, 2], [18, 14, 19, 13], [3, 21, 4, 20], [5, 22, 6, 23], [9, 24, 10, 1], [2, 17, 3, 18], [7, 5, 8, 4], [21, 6, 22, 7], [11, 9, 12, 8], [23, 10, 24, 11]]"
12n_0158_132,"[[24, 11, 1, 12], [13, 17, 14, 16], [15, 21, 16, 20], [17, 2, 18, 3], [19, 15, 20, 14], [4, 22, 5, 21], [6, 23, 7, 24], [10, 1, 11, 2], [3, 18, 4, 19], [8, 6, 9, 5], [22, 7, 23, 8], [12, 10, 13, 9]]"
12n_0158_133,"[[12, 10, 13, 9], [24, 11, 1, 12], [13, 17, 14, 16], [15, 21, 16, 20], [17, 2, 18, 3], [19, 15, 20, 14], [4, 22, 5, 21], [6, 23, 7, 24], [10, 1, 11, 2], [3, 18, 4, 19], [8, 6, 9, 5], [22, 7, 23, 8]]"
12n_0158_134,"[[22, 7, 23, 8], [12, 10, 13, 9], [24, 11, 1, 12], [13, 17, 14, 16], [15, 21, 16, 20], [17, 2, 18, 3], [19, 15, 20, 14], [4, 22, 5, 21], [6, 23, 7, 24], [10, 1, 11, 2], [3, 18, 4, 19], [8, 6, 9, 5]]"
12n_0158_135,"[[8, 6, 9, 5], [22, 7, 23, 8], [12, 10, 13, 9], [24, 11, 1, 12], [13, 17, 14, 16], [15, 21, 16, 20], [17, 2, 18, 3], [19, 15, 20, 14], [4, 22, 5, 21], [6, 23, 7, 24], [10, 1, 11, 2], [3, 18, 4, 19]]"
12n_0158_136,"[[3, 18, 4, 19], [8, 6, 9, 5], [22, 7, 23, 8], [12, 10, 13, 9], [24, 11, 1, 12], [13, 17, 14, 16], [15, 21, 16, 20], [17, 2, 18, 3], [19, 15, 20, 14], [4, 22, 5, 21], [6, 23, 7, 24], [10, 1, 11, 2]]"
12n_0158_137,"[[10, 1, 11, 2], [3, 18, 4, 19], [8, 6, 9, 5], [22, 7, 23, 8], [12, 10, 13, 9], [24, 11, 1, 12], [13, 17, 14, 16], [15, 21, 16, 20], [17, 2, 18, 3], [19, 15, 20, 14], [4, 22, 5, 21], [6, 23, 7, 24]]"
12n_0158_138,"[[6, 23, 7, 24], [10, 1, 11, 2], [3, 18, 4, 19], [8, 6, 9, 5], [22, 7, 23, 8], [12, 10, 13, 9], [24, 11, 1, 12], [13, 17, 14, 16], [15, 21, 16, 20], [17, 2, 18, 3], [19, 15, 20, 14], [4, 22, 5, 21]]"
12n_0158_139,"[[4, 22, 5, 21], [6, 23, 7, 24], [10, 1, 11, 2], [3, 18, 4, 19], [8, 6, 9, 5], [22, 7, 23, 8], [12, 10, 13, 9], [24, 11, 1, 12], [13, 17, 14, 16], [15, 21, 16, 20], [17, 2, 18, 3], [19, 15, 20, 14]]"
12n_0158_140,"[[19, 15, 20, 14], [4, 22, 5, 21], [6, 23, 7, 24], [10, 1, 11, 2], [3, 18, 4, 19], [8, 6, 9, 5], [22, 7, 23, 8], [12, 10, 13, 9], [24, 11, 1, 12], [13, 17, 14, 16], [15, 21, 16, 20], [17, 2, 18, 3]]"
12n_0158_141,"[[17, 2, 18, 3], [19, 15, 20, 14], [4, 22, 5, 21], [6, 23, 7, 24], [10, 1, 11, 2], [3, 18, 4, 19], [8, 6, 9, 5], [22, 7, 23, 8], [12, 10, 13, 9], [24, 11, 1, 12], [13, 17, 14, 16], [15, 21, 16, 20]]"
12n_0158_142,"[[15, 21, 16, 20], [17, 2, 18, 3], [19, 15, 20, 14], [4, 22, 5, 21], [6, 23, 7, 24], [10, 1, 11, 2], [3, 18, 4, 19], [8, 6, 9, 5], [22, 7, 23, 8], [12, 10, 13, 9], [24, 11, 1, 12], [13, 17, 14, 16]]"
12n_0158_143,"[[13, 17, 14, 16], [15, 21, 16, 20], [17, 2, 18, 3], [19, 15, 20, 14], [4, 22, 5, 21], [6, 23, 7, 24], [10, 1, 11, 2], [3, 18, 4, 19], [8, 6, 9, 5], [22, 7, 23, 8], [12, 10, 13, 9], [24, 11, 1, 12]]"
12n_0158_144,"[[1, 12, 2, 13], [14, 18, 15, 17], [16, 22, 17, 21], [18, 3, 19, 4], [20, 16, 21, 15], [5, 23, 6, 22], [7, 24, 8, 1], [11, 2, 12, 3], [4, 19, 5, 20], [9, 7, 10, 6], [23, 8, 24, 9], [13, 11, 14, 10]]"
12n_0158_145,"[[13, 11, 14, 10], [1, 12, 2, 13], [14, 18, 15, 17], [16, 22, 17, 21], [18, 3, 19, 4], [20, 16, 21, 15], [5, 23, 6, 22], [7, 24, 8, 1], [11, 2, 12, 3], [4, 19, 5, 20], [9, 7, 10, 6], [23, 8, 24, 9]]"
12n_0158_146,"[[23, 8, 24, 9], [13, 11, 14, 10], [1, 12, 2, 13], [14, 18, 15, 17], [16, 22, 17, 21], [18, 3, 19, 4], [20, 16, 21, 15], [5, 23, 6, 22], [7, 24, 8, 1], [11, 2, 12, 3], [4, 19, 5, 20], [9, 7, 10, 6]]"
12n_0158_147,"[[9, 7, 10, 6], [23, 8, 24, 9], [13, 11, 14, 10], [1, 12, 2, 13], [14, 18, 15, 17], [16, 22, 17, 21], [18, 3, 19, 4], [20, 16, 21, 15], [5, 23, 6, 22], [7, 24, 8, 1], [11, 2, 12, 3], [4, 19, 5, 20]]"
12n_0158_148,"[[4, 19, 5, 20], [9, 7, 10, 6], [23, 8, 24, 9], [13, 11, 14, 10], [1, 12, 2, 13], [14, 18, 15, 17], [16, 22, 17, 21], [18, 3, 19, 4], [20, 16, 21, 15], [5, 23, 6, 22], [7, 24, 8, 1], [11, 2, 12, 3]]"
12n_0158_149,"[[11, 2, 12, 3], [4, 19, 5, 20], [9, 7, 10, 6], [23, 8, 24, 9], [13, 11, 14, 10], [1, 12, 2, 13], [14, 18, 15, 17], [16, 22, 17, 21], [18, 3, 19, 4], [20, 16, 21, 15], [5, 23, 6, 22], [7, 24, 8, 1]]"
12n_0158_150,"[[7, 24, 8, 1], [11, 2, 12, 3], [4, 19, 5, 20], [9, 7, 10, 6], [23, 8, 24, 9], [13, 11, 14, 10], [1, 12, 2, 13], [14, 18, 15, 17], [16, 22, 17, 21], [18, 3, 19, 4], [20, 16, 21, 15], [5, 23, 6, 22]]"
12n_0158_151,"[[5, 23, 6, 22], [7, 24, 8, 1], [11, 2, 12, 3], [4, 19, 5, 20], [9, 7, 10, 6], [23, 8, 24, 9], [13, 11, 14, 10], [1, 12, 2, 13], [14, 18, 15, 17], [16, 22, 17, 21], [18, 3, 19, 4], [20, 16, 21, 15]]"
12n_0158_152,"[[20, 16, 21, 15], [5, 23, 6, 22], [7, 24, 8, 1], [11, 2, 12, 3], [4, 19, 5, 20], [9, 7, 10, 6], [23, 8, 24, 9], [13, 11, 14, 10], [1, 12, 2, 13], [14, 18, 15, 17], [16, 22, 17, 21], [18, 3, 19, 4]]"
12n_0158_153,"[[18, 3, 19, 4], [20, 16, 21, 15], [5, 23, 6, 22], [7, 24, 8, 1], [11, 2, 12, 3], [4, 19, 5, 20], [9, 7, 10, 6], [23, 8, 24, 9], [13, 11, 14, 10], [1, 12, 2, 13], [14, 18, 15, 17], [16, 22, 17, 21]]"
12n_0158_154,"[[16, 22, 17, 21], [18, 3, 19, 4], [20, 16, 21, 15], [5, 23, 6, 22], [7, 24, 8, 1], [11, 2, 12, 3], [4, 19, 5, 20], [9, 7, 10, 6], [23, 8, 24, 9], [13, 11, 14, 10], [1, 12, 2, 13], [14, 18, 15, 17]]"
12n_0158_155,"[[14, 18, 15, 17], [16, 22, 17, 21], [18, 3, 19, 4], [20, 16, 21, 15], [5, 23, 6, 22], [7, 24, 8, 1], [11, 2, 12, 3], [4, 19, 5, 20], [9, 7, 10, 6], [23, 8, 24, 9], [13, 11, 14, 10], [1, 12, 2, 13]]"
12n_0158_156,"[[2, 13, 3, 14], [15, 19, 16, 18], [17, 23, 18, 22], [19, 4, 20, 5], [21, 17, 22, 16], [6, 24, 7, 23], [8, 1, 9, 2], [12, 3, 13, 4], [5, 20, 6, 21], [10, 8, 11, 7], [24, 9, 1, 10], [14, 12, 15, 11]]"
12n_0158_157,"[[14, 12, 15, 11], [2, 13, 3, 14], [15, 19, 16, 18], [17, 23, 18, 22], [19, 4, 20, 5], [21, 17, 22, 16], [6, 24, 7, 23], [8, 1, 9, 2], [12, 3, 13, 4], [5, 20, 6, 21], [10, 8, 11, 7], [24, 9, 1, 10]]"
12n_0158_158,"[[24, 9, 1, 10], [14, 12, 15, 11], [2, 13, 3, 14], [15, 19, 16, 18], [17, 23, 18, 22], [19, 4, 20, 5], [21, 17, 22, 16], [6, 24, 7, 23], [8, 1, 9, 2], [12, 3, 13, 4], [5, 20, 6, 21], [10, 8, 11, 7]]"
12n_0158_159,"[[10, 8, 11, 7], [24, 9, 1, 10], [14, 12, 15, 11], [2, 13, 3, 14], [15, 19, 16, 18], [17, 23, 18, 22], [19, 4, 20, 5], [21, 17, 22, 16], [6, 24, 7, 23], [8, 1, 9, 2], [12, 3, 13, 4], [5, 20, 6, 21]]"
12n_0158_160,"[[5, 20, 6, 21], [10, 8, 11, 7], [24, 9, 1, 10], [14, 12, 15, 11], [2, 13, 3, 14], [15, 19, 16, 18], [17, 23, 18, 22], [19, 4, 20, 5], [21, 17, 22, 16], [6, 24, 7, 23], [8, 1, 9, 2], [12, 3, 13, 4]]"
12n_0158_161,"[[12, 3, 13, 4], [5, 20, 6, 21], [10, 8, 11, 7], [24, 9, 1, 10], [14, 12, 15, 11], [2, 13, 3, 14], [15, 19, 16, 18], [17, 23, 18, 22], [19, 4, 20, 5], [21, 17, 22, 16], [6, 24, 7, 23], [8, 1, 9, 2]]"
12n_0158_162,"[[8, 1, 9, 2], [12, 3, 13, 4], [5, 20, 6, 21], [10, 8, 11, 7], [24, 9, 1, 10], [14, 12, 15, 11], [2, 13, 3, 14], [15, 19, 16, 18], [17, 23, 18, 22], [19, 4, 20, 5], [21, 17, 22, 16], [6, 24, 7, 23]]"
12n_0158_163,"[[6, 24, 7, 23], [8, 1, 9, 2], [12, 3, 13, 4], [5, 20, 6, 21], [10, 8, 11, 7], [24, 9, 1, 10], [14, 12, 15, 11], [2, 13, 3, 14], [15, 19, 16, 18], [17, 23, 18, 22], [19, 4, 20, 5], [21, 17, 22, 16]]"
12n_0158_164,"[[21, 17, 22, 16], [6, 24, 7, 23], [8, 1, 9, 2], [12, 3, 13, 4], [5, 20, 6, 21], [10, 8, 11, 7], [24, 9, 1, 10], [14, 12, 15, 11], [2, 13, 3, 14], [15, 19, 16, 18], [17, 23, 18, 22], [19, 4, 20, 5]]"
12n_0158_165,"[[19, 4, 20, 5], [21, 17, 22, 16], [6, 24, 7, 23], [8, 1, 9, 2], [12, 3, 13, 4], [5, 20, 6, 21], [10, 8, 11, 7], [24, 9, 1, 10], [14, 12, 15, 11], [2, 13, 3, 14], [15, 19, 16, 18], [17, 23, 18, 22]]"
12n_0158_166,"[[17, 23, 18, 22], [19, 4, 20, 5], [21, 17, 22, 16], [6, 24, 7, 23], [8, 1, 9, 2], [12, 3, 13, 4], [5, 20, 6, 21], [10, 8, 11, 7], [24, 9, 1, 10], [14, 12, 15, 11], [2, 13, 3, 14], [15, 19, 16, 18]]"
12n_0158_167,"[[15, 19, 16, 18], [17, 23, 18, 22], [19, 4, 20, 5], [21, 17, 22, 16], [6, 24, 7, 23], [8, 1, 9, 2], [12, 3, 13, 4], [5, 20, 6, 21], [10, 8, 11, 7], [24, 9, 1, 10], [14, 12, 15, 11], [2, 13, 3, 14]]"
12n_0158_168,"[[3, 14, 4, 15], [16, 20, 17, 19], [18, 24, 19, 23], [20, 5, 21, 6], [22, 18, 23, 17], [7, 1, 8, 24], [9, 2, 10, 3], [13, 4, 14, 5], [6, 21, 7, 22], [11, 9, 12, 8], [1, 10, 2, 11], [15, 13, 16, 12]]"
12n_0158_169,"[[15, 13, 16, 12], [3, 14, 4, 15], [16, 20, 17, 19], [18, 24, 19, 23], [20, 5, 21, 6], [22, 18, 23, 17], [7, 1, 8, 24], [9, 2, 10, 3], [13, 4, 14, 5], [6, 21, 7, 22], [11, 9, 12, 8], [1, 10, 2, 11]]"
12n_0158_170,"[[1, 10, 2, 11], [15, 13, 16, 12], [3, 14, 4, 15], [16, 20, 17, 19], [18, 24, 19, 23], [20, 5, 21, 6], [22, 18, 23, 17], [7, 1, 8, 24], [9, 2, 10, 3], [13, 4, 14, 5], [6, 21, 7, 22], [11, 9, 12, 8]]"
12n_0158_171,"[[11, 9, 12, 8], [1, 10, 2, 11], [15, 13, 16, 12], [3, 14, 4, 15], [16, 20, 17, 19], [18, 24, 19, 23], [20, 5, 21, 6], [22, 18, 23, 17], [7, 1, 8, 24], [9, 2, 10, 3], [13, 4, 14, 5], [6, 21, 7, 22]]"
12n_0158_172,"[[6, 21, 7, 22], [11, 9, 12, 8], [1, 10, 2, 11], [15, 13, 16, 12], [3, 14, 4, 15], [16, 20, 17, 19], [18, 24, 19, 23], [20, 5, 21, 6], [22, 18, 23, 17], [7, 1, 8, 24], [9, 2, 10, 3], [13, 4, 14, 5]]"
12n_0158_173,"[[13, 4, 14, 5], [6, 21, 7, 22], [11, 9, 12, 8], [1, 10, 2, 11], [15, 13, 16, 12], [3, 14, 4, 15], [16, 20, 17, 19], [18, 24, 19, 23], [20, 5, 21, 6], [22, 18, 23, 17], [7, 1, 8, 24], [9, 2, 10, 3]]"
12n_0158_174,"[[9, 2, 10, 3], [13, 4, 14, 5], [6, 21, 7, 22], [11, 9, 12, 8], [1, 10, 2, 11], [15, 13, 16, 12], [3, 14, 4, 15], [16, 20, 17, 19], [18, 24, 19, 23], [20, 5, 21, 6], [22, 18, 23, 17], [7, 1, 8, 24]]"
12n_0158_175,"[[7, 1, 8, 24], [9, 2, 10, 3], [13, 4, 14, 5], [6, 21, 7, 22], [11, 9, 12, 8], [1, 10, 2, 11], [15, 13, 16, 12], [3, 14, 4, 15], [16, 20, 17, 19], [18, 24, 19, 23], [20, 5, 21, 6], [22, 18, 23, 17]]"
12n_0158_176,"[[22, 18, 23, 17], [7, 1, 8, 24], [9, 2, 10, 3], [13, 4, 14, 5], [6, 21, 7, 22], [11, 9, 12, 8], [1, 10, 2, 11], [15, 13, 16, 12], [3, 14, 4, 15], [16, 20, 17, 19], [18, 24, 19, 23], [20, 5, 21, 6]]"
12n_0158_177,"[[20, 5, 21, 6], [22, 18, 23, 17], [7, 1, 8, 24], [9, 2, 10, 3], [13, 4, 14, 5], [6, 21, 7, 22], [11, 9, 12, 8], [1, 10, 2, 11], [15, 13, 16, 12], [3, 14, 4, 15], [16, 20, 17, 19], [18, 24, 19, 23]]"
12n_0158_178,"[[18, 24, 19, 23], [20, 5, 21, 6], [22, 18, 23, 17], [7, 1, 8, 24], [9, 2, 10, 3], [13, 4, 14, 5], [6, 21, 7, 22], [11, 9, 12, 8], [1, 10, 2, 11], [15, 13, 16, 12], [3, 14, 4, 15], [16, 20, 17, 19]]"
12n_0158_179,"[[16, 20, 17, 19], [18, 24, 19, 23], [20, 5, 21, 6], [22, 18, 23, 17], [7, 1, 8, 24], [9, 2, 10, 3], [13, 4, 14, 5], [6, 21, 7, 22], [11, 9, 12, 8], [1, 10, 2, 11], [15, 13, 16, 12], [3, 14, 4, 15]]"
12n_0158_180,"[[4, 15, 5, 16], [17, 21, 18, 20], [19, 1, 20, 24], [21, 6, 22, 7], [23, 19, 24, 18], [8, 2, 9, 1], [10, 3, 11, 4], [14, 5, 15, 6], [7, 22, 8, 23], [12, 10, 13, 9], [2, 11, 3, 12], [16, 14, 17, 13]]"
12n_0158_181,"[[16, 14, 17, 13], [4, 15, 5, 16], [17, 21, 18, 20], [19, 1, 20, 24], [21, 6, 22, 7], [23, 19, 24, 18], [8, 2, 9, 1], [10, 3, 11, 4], [14, 5, 15, 6], [7, 22, 8, 23], [12, 10, 13, 9], [2, 11, 3, 12]]"
12n_0158_182,"[[2, 11, 3, 12], [16, 14, 17, 13], [4, 15, 5, 16], [17, 21, 18, 20], [19, 1, 20, 24], [21, 6, 22, 7], [23, 19, 24, 18], [8, 2, 9, 1], [10, 3, 11, 4], [14, 5, 15, 6], [7, 22, 8, 23], [12, 10, 13, 9]]"
12n_0158_183,"[[12, 10, 13, 9], [2, 11, 3, 12], [16, 14, 17, 13], [4, 15, 5, 16], [17, 21, 18, 20], [19, 1, 20, 24], [21, 6, 22, 7], [23, 19, 24, 18], [8, 2, 9, 1], [10, 3, 11, 4], [14, 5, 15, 6], [7, 22, 8, 23]]"
12n_0158_184,"[[7, 22, 8, 23], [12, 10, 13, 9], [2, 11, 3, 12], [16, 14, 17, 13], [4, 15, 5, 16], [17, 21, 18, 20], [19, 1, 20, 24], [21, 6, 22, 7], [23, 19, 24, 18], [8, 2, 9, 1], [10, 3, 11, 4], [14, 5, 15, 6]]"
12n_0158_185,"[[14, 5, 15, 6], [7, 22, 8, 23], [12, 10, 13, 9], [2, 11, 3, 12], [16, 14, 17, 13], [4, 15, 5, 16], [17, 21, 18, 20], [19, 1, 20, 24], [21, 6, 22, 7], [23, 19, 24, 18], [8, 2, 9, 1], [10, 3, 11, 4]]"
