name,pd_notation
12n_0098_0,"[[11, 24, 12, 1], [2, 6, 3, 5], [4, 10, 5, 9], [13, 7, 14, 6], [8, 4, 9, 3], [17, 11, 18, 10], [19, 12, 20, 13], [7, 15, 8, 14], [21, 17, 22, 16], [1, 19, 2, 18], [23, 20, 24, 21], [15, 23, 16, 22]]"
12n_0098_1,"[[15, 23, 16, 22], [11, 24, 12, 1], [2, 6, 3, 5], [4, 10, 5, 9], [13, 7, 14, 6], [8, 4, 9, 3], [17, 11, 18, 10], [19, 12, 20, 13], [7, 15, 8, 14], [21, 17, 22, 16], [1, 19, 2, 18], [23, 20, 24, 21]]"
12n_0098_2,"[[23, 20, 24, 21], [15, 23, 16, 22], [11, 24, 12, 1], [2, 6, 3, 5], [4, 10, 5, 9], [13, 7, 14, 6], [8, 4, 9, 3], [17, 11, 18, 10], [19, 12, 20, 13], [7, 15, 8, 14], [21, 17, 22, 16], [1, 19, 2, 18]]"
12n_0098_3,"[[1, 19, 2, 18], [23, 20, 24, 21], [15, 23, 16, 22], [11, 24, 12, 1], [2, 6, 3, 5], [4, 10, 5, 9], [13, 7, 14, 6], [8, 4, 9, 3], [17, 11, 18, 10], [19, 12, 20, 13], [7, 15, 8, 14], [21, 17, 22, 16]]"
12n_0098_4,"[[21, 17, 22, 16], [1, 19, 2, 18], [23, 20, 24, 21], [15, 23, 16, 22], [11, 24, 12, 1], [2, 6, 3, 5], [4, 10, 5, 9], [13, 7, 14, 6], [8, 4, 9, 3], [17, 11, 18, 10], [19, 12, 20, 13], [7, 15, 8, 14]]"
12n_0098_5,"[[7, 15, 8, 14], [21, 17, 22, 16], [1, 19, 2, 18], [23, 20, 24, 21], [15, 23, 16, 22], [11, 24, 12, 1], [2, 6, 3, 5], [4, 10, 5, 9], [13, 7, 14, 6], [8, 4, 9, 3], [17, 11, 18, 10], [19, 12, 20, 13]]"
12n_0098_6,"[[19, 12, 20, 13], [7, 15, 8, 14], [21, 17, 22, 16], [1, 19, 2, 18], [23, 20, 24, 21], [15, 23, 16, 22], [11, 24, 12, 1], [2, 6, 3, 5], [4, 10, 5, 9], [13, 7, 14, 6], [8, 4, 9, 3], [17, 11, 18, 10]]"
12n_0098_7,"[[17, 11, 18, 10], [19, 12, 20, 13], [7, 15, 8, 14], [21, 17, 22, 16], [1, 19, 2, 18], [23, 20, 24, 21], [15, 23, 16, 22], [11, 24, 12, 1], [2, 6, 3, 5], [4, 10, 5, 9], [13, 7, 14, 6], [8, 4, 9, 3]]"
12n_0098_8,"[[8, 4, 9, 3], [17, 11, 18, 10], [19, 12, 20, 13], [7, 15, 8, 14], [21, 17, 22, 16], [1, 19, 2, 18], [23, 20, 24, 21], [15, 23, 16, 22], [11, 24, 12, 1], [2, 6, 3, 5], [4, 10, 5, 9], [13, 7, 14, 6]]"
12n_0098_9,"[[13, 7, 14, 6], [8, 4, 9, 3], [17, 11, 18, 10], [19, 12, 20, 13], [7, 15, 8, 14], [21, 17, 22, 16], [1, 19, 2, 18], [23, 20, 24, 21], [15, 23, 16, 22], [11, 24, 12, 1], [2, 6, 3, 5], [4, 10, 5, 9]]"
12n_0098_10,"[[4, 10, 5, 9], [13, 7, 14, 6], [8, 4, 9, 3], [17, 11, 18, 10], [19, 12, 20, 13], [7, 15, 8, 14], [21, 17, 22, 16], [1, 19, 2, 18], [23, 20, 24, 21], [15, 23, 16, 22], [11, 24, 12, 1], [2, 6, 3, 5]]"
12n_0098_11,"[[2, 6, 3, 5], [4, 10, 5, 9], [13, 7, 14, 6], [8, 4, 9, 3], [17, 11, 18, 10], [19, 12, 20, 13], [7, 15, 8, 14], [21, 17, 22, 16], [1, 19, 2, 18], [23, 20, 24, 21], [15, 23, 16, 22], [11, 24, 12, 1]]"
12n_0098_12,"[[12, 1, 13, 2], [3, 7, 4, 6], [5, 11, 6, 10], [14, 8, 15, 7], [9, 5, 10, 4], [18, 12, 19, 11], [20, 13, 21, 14], [8, 16, 9, 15], [22, 18, 23, 17], [2, 20, 3, 19], [24, 21, 1, 22], [16, 24, 17, 23]]"
12n_0098_13,"[[16, 24, 17, 23], [12, 1, 13, 2], [3, 7, 4, 6], [5, 11, 6, 10], [14, 8, 15, 7], [9, 5, 10, 4], [18, 12, 19, 11], [20, 13, 21, 14], [8, 16, 9, 15], [22, 18, 23, 17], [2, 20, 3, 19], [24, 21, 1, 22]]"
12n_0098_14,"[[24, 21, 1, 22], [16, 24, 17, 23], [12, 1, 13, 2], [3, 7, 4, 6], [5, 11, 6, 10], [14, 8, 15, 7], [9, 5, 10, 4], [18, 12, 19, 11], [20, 13, 21, 14], [8, 16, 9, 15], [22, 18, 23, 17], [2, 20, 3, 19]]"
12n_0098_15,"[[2, 20, 3, 19], [24, 21, 1, 22], [16, 24, 17, 23], [12, 1, 13, 2], [3, 7, 4, 6], [5, 11, 6, 10], [14, 8, 15, 7], [9, 5, 10, 4], [18, 12, 19, 11], [20, 13, 21, 14], [8, 16, 9, 15], [22, 18, 23, 17]]"
12n_0098_16,"[[22, 18, 23, 17], [2, 20, 3, 19], [24, 21, 1, 22], [16, 24, 17, 23], [12, 1, 13, 2], [3, 7, 4, 6], [5, 11, 6, 10], [14, 8, 15, 7], [9, 5, 10, 4], [18, 12, 19, 11], [20, 13, 21, 14], [8, 16, 9, 15]]"
12n_0098_17,"[[8, 16, 9, 15], [22, 18, 23, 17], [2, 20, 3, 19], [24, 21, 1, 22], [16, 24, 17, 23], [12, 1, 13, 2], [3, 7, 4, 6], [5, 11, 6, 10], [14, 8, 15, 7], [9, 5, 10, 4], [18, 12, 19, 11], [20, 13, 21, 14]]"
12n_0098_18,"[[20, 13, 21, 14], [8, 16, 9, 15], [22, 18, 23, 17], [2, 20, 3, 19], [24, 21, 1, 22], [16, 24, 17, 23], [12, 1, 13, 2], [3, 7, 4, 6], [5, 11, 6, 10], [14, 8, 15, 7], [9, 5, 10, 4], [18, 12, 19, 11]]"
12n_0098_19,"[[18, 12, 19, 11], [20, 13, 21, 14], [8, 16, 9, 15], [22, 18, 23, 17], [2, 20, 3, 19], [24, 21, 1, 22], [16, 24, 17, 23], [12, 1, 13, 2], [3, 7, 4, 6], [5, 11, 6, 10], [14, 8, 15, 7], [9, 5, 10, 4]]"
12n_0098_20,"[[9, 5, 10, 4], [18, 12, 19, 11], [20, 13, 21, 14], [8, 16, 9, 15], [22, 18, 23, 17], [2, 20, 3, 19], [24, 21, 1, 22], [16, 24, 17, 23], [12, 1, 13, 2], [3, 7, 4, 6], [5, 11, 6, 10], [14, 8, 15, 7]]"
12n_0098_21,"[[14, 8, 15, 7], [9, 5, 10, 4], [18, 12, 19, 11], [20, 13, 21, 14], [8, 16, 9, 15], [22, 18, 23, 17], [2, 20, 3, 19], [24, 21, 1, 22], [16, 24, 17, 23], [12, 1, 13, 2], [3, 7, 4, 6], [5, 11, 6, 10]]"
12n_0098_22,"[[5, 11, 6, 10], [14, 8, 15, 7], [9, 5, 10, 4], [18, 12, 19, 11], [20, 13, 21, 14], [8, 16, 9, 15], [22, 18, 23, 17], [2, 20, 3, 19], [24, 21, 1, 22], [16, 24, 17, 23], [12, 1, 13, 2], [3, 7, 4, 6]]"
12n_0098_23,"[[3, 7, 4, 6], [5, 11, 6, 10], [14, 8, 15, 7], [9, 5, 10, 4], [18, 12, 19, 11], [20, 13, 21, 14], [8, 16, 9, 15], [22, 18, 23, 17], [2, 20, 3, 19], [24, 21, 1, 22], [16, 24, 17, 23], [12, 1, 13, 2]]"
12n_0098_24,"[[13, 2, 14, 3], [4, 8, 5, 7], [6, 12, 7, 11], [15, 9, 16, 8], [10, 6, 11, 5], [19, 13, 20, 12], [21, 14, 22, 15], [9, 17, 10, 16], [23, 19, 24, 18], [3, 21, 4, 20], [1, 22, 2, 23], [17, 1, 18, 24]]"
12n_0098_25,"[[17, 1, 18, 24], [13, 2, 14, 3], [4, 8, 5, 7], [6, 12, 7, 11], [15, 9, 16, 8], [10, 6, 11, 5], [19, 13, 20, 12], [21, 14, 22, 15], [9, 17, 10, 16], [23, 19, 24, 18], [3, 21, 4, 20], [1, 22, 2, 23]]"
12n_0098_26,"[[1, 22, 2, 23], [17, 1, 18, 24], [13, 2, 14, 3], [4, 8, 5, 7], [6, 12, 7, 11], [15, 9, 16, 8], [10, 6, 11, 5], [19, 13, 20, 12], [21, 14, 22, 15], [9, 17, 10, 16], [23, 19, 24, 18], [3, 21, 4, 20]]"
12n_0098_27,"[[3, 21, 4, 20], [1, 22, 2, 23], [17, 1, 18, 24], [13, 2, 14, 3], [4, 8, 5, 7], [6, 12, 7, 11], [15, 9, 16, 8], [10, 6, 11, 5], [19, 13, 20, 12], [21, 14, 22, 15], [9, 17, 10, 16], [23, 19, 24, 18]]"
12n_0098_28,"[[23, 19, 24, 18], [3, 21, 4, 20], [1, 22, 2, 23], [17, 1, 18, 24], [13, 2, 14, 3], [4, 8, 5, 7], [6, 12, 7, 11], [15, 9, 16, 8], [10, 6, 11, 5], [19, 13, 20, 12], [21, 14, 22, 15], [9, 17, 10, 16]]"
12n_0098_29,"[[9, 17, 10, 16], [23, 19, 24, 18], [3, 21, 4, 20], [1, 22, 2, 23], [17, 1, 18, 24], [13, 2, 14, 3], [4, 8, 5, 7], [6, 12, 7, 11], [15, 9, 16, 8], [10, 6, 11, 5], [19, 13, 20, 12], [21, 14, 22, 15]]"
12n_0098_30,"[[21, 14, 22, 15], [9, 17, 10, 16], [23, 19, 24, 18], [3, 21, 4, 20], [1, 22, 2, 23], [17, 1, 18, 24], [13, 2, 14, 3], [4, 8, 5, 7], [6, 12, 7, 11], [15, 9, 16, 8], [10, 6, 11, 5], [19, 13, 20, 12]]"
12n_0098_31,"[[19, 13, 20, 12], [21, 14, 22, 15], [9, 17, 10, 16], [23, 19, 24, 18], [3, 21, 4, 20], [1, 22, 2, 23], [17, 1, 18, 24], [13, 2, 14, 3], [4, 8, 5, 7], [6, 12, 7, 11], [15, 9, 16, 8], [10, 6, 11, 5]]"
12n_0098_32,"[[10, 6, 11, 5], [19, 13, 20, 12], [21, 14, 22, 15], [9, 17, 10, 16], [23, 19, 24, 18], [3, 21, 4, 20], [1, 22, 2, 23], [17, 1, 18, 24], [13, 2, 14, 3], [4, 8, 5, 7], [6, 12, 7, 11], [15, 9, 16, 8]]"
12n_0098_33,"[[15, 9, 16, 8], [10, 6, 11, 5], [19, 13, 20, 12], [21, 14, 22, 15], [9, 17, 10, 16], [23, 19, 24, 18], [3, 21, 4, 20], [1, 22, 2, 23], [17, 1, 18, 24], [13, 2, 14, 3], [4, 8, 5, 7], [6, 12, 7, 11]]"
12n_0098_34,"[[6, 12, 7, 11], [15, 9, 16, 8], [10, 6, 11, 5], [19, 13, 20, 12], [21, 14, 22, 15], [9, 17, 10, 16], [23, 19, 24, 18], [3, 21, 4, 20], [1, 22, 2, 23], [17, 1, 18, 24], [13, 2, 14, 3], [4, 8, 5, 7]]"
12n_0098_35,"[[4, 8, 5, 7], [6, 12, 7, 11], [15, 9, 16, 8], [10, 6, 11, 5], [19, 13, 20, 12], [21, 14, 22, 15], [9, 17, 10, 16], [23, 19, 24, 18], [3, 21, 4, 20], [1, 22, 2, 23], [17, 1, 18, 24], [13, 2, 14, 3]]"
12n_0098_36,"[[14, 3, 15, 4], [5, 9, 6, 8], [7, 13, 8, 12], [16, 10, 17, 9], [11, 7, 12, 6], [20, 14, 21, 13], [22, 15, 23, 16], [10, 18, 11, 17], [24, 20, 1, 19], [4, 22, 5, 21], [2, 23, 3, 24], [18, 2, 19, 1]]"
12n_0098_37,"[[18, 2, 19, 1], [14, 3, 15, 4], [5, 9, 6, 8], [7, 13, 8, 12], [16, 10, 17, 9], [11, 7, 12, 6], [20, 14, 21, 13], [22, 15, 23, 16], [10, 18, 11, 17], [24, 20, 1, 19], [4, 22, 5, 21], [2, 23, 3, 24]]"
12n_0098_38,"[[2, 23, 3, 24], [18, 2, 19, 1], [14, 3, 15, 4], [5, 9, 6, 8], [7, 13, 8, 12], [16, 10, 17, 9], [11, 7, 12, 6], [20, 14, 21, 13], [22, 15, 23, 16], [10, 18, 11, 17], [24, 20, 1, 19], [4, 22, 5, 21]]"
12n_0098_39,"[[4, 22, 5, 21], [2, 23, 3, 24], [18, 2, 19, 1], [14, 3, 15, 4], [5, 9, 6, 8], [7, 13, 8, 12], [16, 10, 17, 9], [11, 7, 12, 6], [20, 14, 21, 13], [22, 15, 23, 16], [10, 18, 11, 17], [24, 20, 1, 19]]"
12n_0098_40,"[[24, 20, 1, 19], [4, 22, 5, 21], [2, 23, 3, 24], [18, 2, 19, 1], [14, 3, 15, 4], [5, 9, 6, 8], [7, 13, 8, 12], [16, 10, 17, 9], [11, 7, 12, 6], [20, 14, 21, 13], [22, 15, 23, 16], [10, 18, 11, 17]]"
12n_0098_41,"[[10, 18, 11, 17], [24, 20, 1, 19], [4, 22, 5, 21], [2, 23, 3, 24], [18, 2, 19, 1], [14, 3, 15, 4], [5, 9, 6, 8], [7, 13, 8, 12], [16, 10, 17, 9], [11, 7, 12, 6], [20, 14, 21, 13], [22, 15, 23, 16]]"
12n_0098_42,"[[22, 15, 23, 16], [10, 18, 11, 17], [24, 20, 1, 19], [4, 22, 5, 21], [2, 23, 3, 24], [18, 2, 19, 1], [14, 3, 15, 4], [5, 9, 6, 8], [7, 13, 8, 12], [16, 10, 17, 9], [11, 7, 12, 6], [20, 14, 21, 13]]"
12n_0098_43,"[[20, 14, 21, 13], [22, 15, 23, 16], [10, 18, 11, 17], [24, 20, 1, 19], [4, 22, 5, 21], [2, 23, 3, 24], [18, 2, 19, 1], [14, 3, 15, 4], [5, 9, 6, 8], [7, 13, 8, 12], [16, 10, 17, 9], [11, 7, 12, 6]]"
12n_0098_44,"[[11, 7, 12, 6], [20, 14, 21, 13], [22, 15, 23, 16], [10, 18, 11, 17], [24, 20, 1, 19], [4, 22, 5, 21], [2, 23, 3, 24], [18, 2, 19, 1], [14, 3, 15, 4], [5, 9, 6, 8], [7, 13, 8, 12], [16, 10, 17, 9]]"
12n_0098_45,"[[16, 10, 17, 9], [11, 7, 12, 6], [20, 14, 21, 13], [22, 15, 23, 16], [10, 18, 11, 17], [24, 20, 1, 19], [4, 22, 5, 21], [2, 23, 3, 24], [18, 2, 19, 1], [14, 3, 15, 4], [5, 9, 6, 8], [7, 13, 8, 12]]"
12n_0098_46,"[[7, 13, 8, 12], [16, 10, 17, 9], [11, 7, 12, 6], [20, 14, 21, 13], [22, 15, 23, 16], [10, 18, 11, 17], [24, 20, 1, 19], [4, 22, 5, 21], [2, 23, 3, 24], [18, 2, 19, 1], [14, 3, 15, 4], [5, 9, 6, 8]]"
12n_0098_47,"[[5, 9, 6, 8], [7, 13, 8, 12], [16, 10, 17, 9], [11, 7, 12, 6], [20, 14, 21, 13], [22, 15, 23, 16], [10, 18, 11, 17], [24, 20, 1, 19], [4, 22, 5, 21], [2, 23, 3, 24], [18, 2, 19, 1], [14, 3, 15, 4]]"
12n_0098_48,"[[15, 4, 16, 5], [6, 10, 7, 9], [8, 14, 9, 13], [17, 11, 18, 10], [12, 8, 13, 7], [21, 15, 22, 14], [23, 16, 24, 17], [11, 19, 12, 18], [1, 21, 2, 20], [5, 23, 6, 22], [3, 24, 4, 1], [19, 3, 20, 2]]"
12n_0098_49,"[[19, 3, 20, 2], [15, 4, 16, 5], [6, 10, 7, 9], [8, 14, 9, 13], [17, 11, 18, 10], [12, 8, 13, 7], [21, 15, 22, 14], [23, 16, 24, 17], [11, 19, 12, 18], [1, 21, 2, 20], [5, 23, 6, 22], [3, 24, 4, 1]]"
12n_0098_50,"[[3, 24, 4, 1], [19, 3, 20, 2], [15, 4, 16, 5], [6, 10, 7, 9], [8, 14, 9, 13], [17, 11, 18, 10], [12, 8, 13, 7], [21, 15, 22, 14], [23, 16, 24, 17], [11, 19, 12, 18], [1, 21, 2, 20], [5, 23, 6, 22]]"
12n_0098_51,"[[5, 23, 6, 22], [3, 24, 4, 1], [19, 3, 20, 2], [15, 4, 16, 5], [6, 10, 7, 9], [8, 14, 9, 13], [17, 11, 18, 10], [12, 8, 13, 7], [21, 15, 22, 14], [23, 16, 24, 17], [11, 19, 12, 18], [1, 21, 2, 20]]"
12n_0098_52,"[[1, 21, 2, 20], [5, 23, 6, 22], [3, 24, 4, 1], [19, 3, 20, 2], [15, 4, 16, 5], [6, 10, 7, 9], [8, 14, 9, 13], [17, 11, 18, 10], [12, 8, 13, 7], [21, 15, 22, 14], [23, 16, 24, 17], [11, 19, 12, 18]]"
12n_0098_53,"[[11, 19, 12, 18], [1, 21, 2, 20], [5, 23, 6, 22], [3, 24, 4, 1], [19, 3, 20, 2], [15, 4, 16, 5], [6, 10, 7, 9], [8, 14, 9, 13], [17, 11, 18, 10], [12, 8, 13, 7], [21, 15, 22, 14], [23, 16, 24, 17]]"
12n_0098_54,"[[23, 16, 24, 17], [11, 19, 12, 18], [1, 21, 2, 20], [5, 23, 6, 22], [3, 24, 4, 1], [19, 3, 20, 2], [15, 4, 16, 5], [6, 10, 7, 9], [8, 14, 9, 13], [17, 11, 18, 10], [12, 8, 13, 7], [21, 15, 22, 14]]"
12n_0098_55,"[[21, 15, 22, 14], [23, 16, 24, 17], [11, 19, 12, 18], [1, 21, 2, 20], [5, 23, 6, 22], [3, 24, 4, 1], [19, 3, 20, 2], [15, 4, 16, 5], [6, 10, 7, 9], [8, 14, 9, 13], [17, 11, 18, 10], [12, 8, 13, 7]]"
12n_0098_56,"[[12, 8, 13, 7], [21, 15, 22, 14], [23, 16, 24, 17], [11, 19, 12, 18], [1, 21, 2, 20], [5, 23, 6, 22], [3, 24, 4, 1], [19, 3, 20, 2], [15, 4, 16, 5], [6, 10, 7, 9], [8, 14, 9, 13], [17, 11, 18, 10]]"
12n_0098_57,"[[17, 11, 18, 10], [12, 8, 13, 7], [21, 15, 22, 14], [23, 16, 24, 17], [11, 19, 12, 18], [1, 21, 2, 20], [5, 23, 6, 22], [3, 24, 4, 1], [19, 3, 20, 2], [15, 4, 16, 5], [6, 10, 7, 9], [8, 14, 9, 13]]"
12n_0098_58,"[[8, 14, 9, 13], [17, 11, 18, 10], [12, 8, 13, 7], [21, 15, 22, 14], [23, 16, 24, 17], [11, 19, 12, 18], [1, 21, 2, 20], [5, 23, 6, 22], [3, 24, 4, 1], [19, 3, 20, 2], [15, 4, 16, 5], [6, 10, 7, 9]]"
12n_0098_59,"[[6, 10, 7, 9], [8, 14, 9, 13], [17, 11, 18, 10], [12, 8, 13, 7], [21, 15, 22, 14], [23, 16, 24, 17], [11, 19, 12, 18], [1, 21, 2, 20], [5, 23, 6, 22], [3, 24, 4, 1], [19, 3, 20, 2], [15, 4, 16, 5]]"
12n_0098_60,"[[16, 5, 17, 6], [7, 11, 8, 10], [9, 15, 10, 14], [18, 12, 19, 11], [13, 9, 14, 8], [22, 16, 23, 15], [24, 17, 1, 18], [12, 20, 13, 19], [2, 22, 3, 21], [6, 24, 7, 23], [4, 1, 5, 2], [20, 4, 21, 3]]"
12n_0098_61,"[[20, 4, 21, 3], [16, 5, 17, 6], [7, 11, 8, 10], [9, 15, 10, 14], [18, 12, 19, 11], [13, 9, 14, 8], [22, 16, 23, 15], [24, 17, 1, 18], [12, 20, 13, 19], [2, 22, 3, 21], [6, 24, 7, 23], [4, 1, 5, 2]]"
12n_0098_62,"[[4, 1, 5, 2], [20, 4, 21, 3], [16, 5, 17, 6], [7, 11, 8, 10], [9, 15, 10, 14], [18, 12, 19, 11], [13, 9, 14, 8], [22, 16, 23, 15], [24, 17, 1, 18], [12, 20, 13, 19], [2, 22, 3, 21], [6, 24, 7, 23]]"
12n_0098_63,"[[6, 24, 7, 23], [4, 1, 5, 2], [20, 4, 21, 3], [16, 5, 17, 6], [7, 11, 8, 10], [9, 15, 10, 14], [18, 12, 19, 11], [13, 9, 14, 8], [22, 16, 23, 15], [24, 17, 1, 18], [12, 20, 13, 19], [2, 22, 3, 21]]"
12n_0098_64,"[[2, 22, 3, 21], [6, 24, 7, 23], [4, 1, 5, 2], [20, 4, 21, 3], [16, 5, 17, 6], [7, 11, 8, 10], [9, 15, 10, 14], [18, 12, 19, 11], [13, 9, 14, 8], [22, 16, 23, 15], [24, 17, 1, 18], [12, 20, 13, 19]]"
12n_0098_65,"[[12, 20, 13, 19], [2, 22, 3, 21], [6, 24, 7, 23], [4, 1, 5, 2], [20, 4, 21, 3], [16, 5, 17, 6], [7, 11, 8, 10], [9, 15, 10, 14], [18, 12, 19, 11], [13, 9, 14, 8], [22, 16, 23, 15], [24, 17, 1, 18]]"
12n_0098_66,"[[24, 17, 1, 18], [12, 20, 13, 19], [2, 22, 3, 21], [6, 24, 7, 23], [4, 1, 5, 2], [20, 4, 21, 3], [16, 5, 17, 6], [7, 11, 8, 10], [9, 15, 10, 14], [18, 12, 19, 11], [13, 9, 14, 8], [22, 16, 23, 15]]"
12n_0098_67,"[[22, 16, 23, 15], [24, 17, 1, 18], [12, 20, 13, 19], [2, 22, 3, 21], [6, 24, 7, 23], [4, 1, 5, 2], [20, 4, 21, 3], [16, 5, 17, 6], [7, 11, 8, 10], [9, 15, 10, 14], [18, 12, 19, 11], [13, 9, 14, 8]]"
12n_0098_68,"[[13, 9, 14, 8], [22, 16, 23, 15], [24, 17, 1, 18], [12, 20, 13, 19], [2, 22, 3, 21], [6, 24, 7, 23], [4, 1, 5, 2], [20, 4, 21, 3], [16, 5, 17, 6], [7, 11, 8, 10], [9, 15, 10, 14], [18, 12, 19, 11]]"
12n_0098_69,"[[18, 12, 19, 11], [13, 9, 14, 8], [22, 16, 23, 15], [24, 17, 1, 18], [12, 20, 13, 19], [2, 22, 3, 21], [6, 24, 7, 23], [4, 1, 5, 2], [20, 4, 21, 3], [16, 5, 17, 6], [7, 11, 8, 10], [9, 15, 10, 14]]"
12n_0098_70,"[[9, 15, 10, 14], [18, 12, 19, 11], [13, 9, 14, 8], [22, 16, 23, 15], [24, 17, 1, 18], [12, 20, 13, 19], [2, 22, 3, 21], [6, 24, 7, 23], [4, 1, 5, 2], [20, 4, 21, 3], [16, 5, 17, 6], [7, 11, 8, 10]]"
12n_0098_71,"[[7, 11, 8, 10], [9, 15, 10, 14], [18, 12, 19, 11], [13, 9, 14, 8], [22, 16, 23, 15], [24, 17, 1, 18], [12, 20, 13, 19], [2, 22, 3, 21], [6, 24, 7, 23], [4, 1, 5, 2], [20, 4, 21, 3], [16, 5, 17, 6]]"
12n_0098_72,"[[17, 6, 18, 7], [8, 12, 9, 11], [10, 16, 11, 15], [19, 13, 20, 12], [14, 10, 15, 9], [23, 17, 24, 16], [1, 18, 2, 19], [13, 21, 14, 20], [3, 23, 4, 22], [7, 1, 8, 24], [5, 2, 6, 3], [21, 5, 22, 4]]"
12n_0098_73,"[[21, 5, 22, 4], [17, 6, 18, 7], [8, 12, 9, 11], [10, 16, 11, 15], [19, 13, 20, 12], [14, 10, 15, 9], [23, 17, 24, 16], [1, 18, 2, 19], [13, 21, 14, 20], [3, 23, 4, 22], [7, 1, 8, 24], [5, 2, 6, 3]]"
12n_0098_74,"[[5, 2, 6, 3], [21, 5, 22, 4], [17, 6, 18, 7], [8, 12, 9, 11], [10, 16, 11, 15], [19, 13, 20, 12], [14, 10, 15, 9], [23, 17, 24, 16], [1, 18, 2, 19], [13, 21, 14, 20], [3, 23, 4, 22], [7, 1, 8, 24]]"
12n_0098_75,"[[7, 1, 8, 24], [5, 2, 6, 3], [21, 5, 22, 4], [17, 6, 18, 7], [8, 12, 9, 11], [10, 16, 11, 15], [19, 13, 20, 12], [14, 10, 15, 9], [23, 17, 24, 16], [1, 18, 2, 19], [13, 21, 14, 20], [3, 23, 4, 22]]"
12n_0098_76,"[[3, 23, 4, 22], [7, 1, 8, 24], [5, 2, 6, 3], [21, 5, 22, 4], [17, 6, 18, 7], [8, 12, 9, 11], [10, 16, 11, 15], [19, 13, 20, 12], [14, 10, 15, 9], [23, 17, 24, 16], [1, 18, 2, 19], [13, 21, 14, 20]]"
12n_0098_77,"[[13, 21, 14, 20], [3, 23, 4, 22], [7, 1, 8, 24], [5, 2, 6, 3], [21, 5, 22, 4], [17, 6, 18, 7], [8, 12, 9, 11], [10, 16, 11, 15], [19, 13, 20, 12], [14, 10, 15, 9], [23, 17, 24, 16], [1, 18, 2, 19]]"
12n_0098_78,"[[1, 18, 2, 19], [13, 21, 14, 20], [3, 23, 4, 22], [7, 1, 8, 24], [5, 2, 6, 3], [21, 5, 22, 4], [17, 6, 18, 7], [8, 12, 9, 11], [10, 16, 11, 15], [19, 13, 20, 12], [14, 10, 15, 9], [23, 17, 24, 16]]"
12n_0098_79,"[[23, 17, 24, 16], [1, 18, 2, 19], [13, 21, 14, 20], [3, 23, 4, 22], [7, 1, 8, 24], [5, 2, 6, 3], [21, 5, 22, 4], [17, 6, 18, 7], [8, 12, 9, 11], [10, 16, 11, 15], [19, 13, 20, 12], [14, 10, 15, 9]]"
12n_0098_80,"[[14, 10, 15, 9], [23, 17, 24, 16], [1, 18, 2, 19], [13, 21, 14, 20], [3, 23, 4, 22], [7, 1, 8, 24], [5, 2, 6, 3], [21, 5, 22, 4], [17, 6, 18, 7], [8, 12, 9, 11], [10, 16, 11, 15], [19, 13, 20, 12]]"
12n_0098_81,"[[19, 13, 20, 12], [14, 10, 15, 9], [23, 17, 24, 16], [1, 18, 2, 19], [13, 21, 14, 20], [3, 23, 4, 22], [7, 1, 8, 24], [5, 2, 6, 3], [21, 5, 22, 4], [17, 6, 18, 7], [8, 12, 9, 11], [10, 16, 11, 15]]"
12n_0098_82,"[[10, 16, 11, 15], [19, 13, 20, 12], [14, 10, 15, 9], [23, 17, 24, 16], [1, 18, 2, 19], [13, 21, 14, 20], [3, 23, 4, 22], [7, 1, 8, 24], [5, 2, 6, 3], [21, 5, 22, 4], [17, 6, 18, 7], [8, 12, 9, 11]]"
12n_0098_83,"[[8, 12, 9, 11], [10, 16, 11, 15], [19, 13, 20, 12], [14, 10, 15, 9], [23, 17, 24, 16], [1, 18, 2, 19], [13, 21, 14, 20], [3, 23, 4, 22], [7, 1, 8, 24], [5, 2, 6, 3], [21, 5, 22, 4], [17, 6, 18, 7]]"
12n_0098_84,"[[18, 7, 19, 8], [9, 13, 10, 12], [11, 17, 12, 16], [20, 14, 21, 13], [15, 11, 16, 10], [24, 18, 1, 17], [2, 19, 3, 20], [14, 22, 15, 21], [4, 24, 5, 23], [8, 2, 9, 1], [6, 3, 7, 4], [22, 6, 23, 5]]"
12n_0098_85,"[[22, 6, 23, 5], [18, 7, 19, 8], [9, 13, 10, 12], [11, 17, 12, 16], [20, 14, 21, 13], [15, 11, 16, 10], [24, 18, 1, 17], [2, 19, 3, 20], [14, 22, 15, 21], [4, 24, 5, 23], [8, 2, 9, 1], [6, 3, 7, 4]]"
12n_0098_86,"[[6, 3, 7, 4], [22, 6, 23, 5], [18, 7, 19, 8], [9, 13, 10, 12], [11, 17, 12, 16], [20, 14, 21, 13], [15, 11, 16, 10], [24, 18, 1, 17], [2, 19, 3, 20], [14, 22, 15, 21], [4, 24, 5, 23], [8, 2, 9, 1]]"
12n_0098_87,"[[8, 2, 9, 1], [6, 3, 7, 4], [22, 6, 23, 5], [18, 7, 19, 8], [9, 13, 10, 12], [11, 17, 12, 16], [20, 14, 21, 13], [15, 11, 16, 10], [24, 18, 1, 17], [2, 19, 3, 20], [14, 22, 15, 21], [4, 24, 5, 23]]"
12n_0098_88,"[[4, 24, 5, 23], [8, 2, 9, 1], [6, 3, 7, 4], [22, 6, 23, 5], [18, 7, 19, 8], [9, 13, 10, 12], [11, 17, 12, 16], [20, 14, 21, 13], [15, 11, 16, 10], [24, 18, 1, 17], [2, 19, 3, 20], [14, 22, 15, 21]]"
12n_0098_89,"[[14, 22, 15, 21], [4, 24, 5, 23], [8, 2, 9, 1], [6, 3, 7, 4], [22, 6, 23, 5], [18, 7, 19, 8], [9, 13, 10, 12], [11, 17, 12, 16], [20, 14, 21, 13], [15, 11, 16, 10], [24, 18, 1, 17], [2, 19, 3, 20]]"
12n_0098_90,"[[2, 19, 3, 20], [14, 22, 15, 21], [4, 24, 5, 23], [8, 2, 9, 1], [6, 3, 7, 4], [22, 6, 23, 5], [18, 7, 19, 8], [9, 13, 10, 12], [11, 17, 12, 16], [20, 14, 21, 13], [15, 11, 16, 10], [24, 18, 1, 17]]"
12n_0098_91,"[[24, 18, 1, 17], [2, 19, 3, 20], [14, 22, 15, 21], [4, 24, 5, 23], [8, 2, 9, 1], [6, 3, 7, 4], [22, 6, 23, 5], [18, 7, 19, 8], [9, 13, 10, 12], [11, 17, 12, 16], [20, 14, 21, 13], [15, 11, 16, 10]]"
12n_0098_92,"[[15, 11, 16, 10], [24, 18, 1, 17], [2, 19, 3, 20], [14, 22, 15, 21], [4, 24, 5, 23], [8, 2, 9, 1], [6, 3, 7, 4], [22, 6, 23, 5], [18, 7, 19, 8], [9, 13, 10, 12], [11, 17, 12, 16], [20, 14, 21, 13]]"
12n_0098_93,"[[20, 14, 21, 13], [15, 11, 16, 10], [24, 18, 1, 17], [2, 19, 3, 20], [14, 22, 15, 21], [4, 24, 5, 23], [8, 2, 9, 1], [6, 3, 7, 4], [22, 6, 23, 5], [18, 7, 19, 8], [9, 13, 10, 12], [11, 17, 12, 16]]"
12n_0098_94,"[[11, 17, 12, 16], [20, 14, 21, 13], [15, 11, 16, 10], [24, 18, 1, 17], [2, 19, 3, 20], [14, 22, 15, 21], [4, 24, 5, 23], [8, 2, 9, 1], [6, 3, 7, 4], [22, 6, 23, 5], [18, 7, 19, 8], [9, 13, 10, 12]]"
12n_0098_95,"[[9, 13, 10, 12], [11, 17, 12, 16], [20, 14, 21, 13], [15, 11, 16, 10], [24, 18, 1, 17], [2, 19, 3, 20], [14, 22, 15, 21], [4, 24, 5, 23], [8, 2, 9, 1], [6, 3, 7, 4], [22, 6, 23, 5], [18, 7, 19, 8]]"
12n_0098_96,"[[19, 8, 20, 9], [10, 14, 11, 13], [12, 18, 13, 17], [21, 15, 22, 14], [16, 12, 17, 11], [1, 19, 2, 18], [3, 20, 4, 21], [15, 23, 16, 22], [5, 1, 6, 24], [9, 3, 10, 2], [7, 4, 8, 5], [23, 7, 24, 6]]"
12n_0098_97,"[[23, 7, 24, 6], [19, 8, 20, 9], [10, 14, 11, 13], [12, 18, 13, 17], [21, 15, 22, 14], [16, 12, 17, 11], [1, 19, 2, 18], [3, 20, 4, 21], [15, 23, 16, 22], [5, 1, 6, 24], [9, 3, 10, 2], [7, 4, 8, 5]]"
12n_0098_98,"[[7, 4, 8, 5], [23, 7, 24, 6], [19, 8, 20, 9], [10, 14, 11, 13], [12, 18, 13, 17], [21, 15, 22, 14], [16, 12, 17, 11], [1, 19, 2, 18], [3, 20, 4, 21], [15, 23, 16, 22], [5, 1, 6, 24], [9, 3, 10, 2]]"
12n_0098_99,"[[9, 3, 10, 2], [7, 4, 8, 5], [23, 7, 24, 6], [19, 8, 20, 9], [10, 14, 11, 13], [12, 18, 13, 17], [21, 15, 22, 14], [16, 12, 17, 11], [1, 19, 2, 18], [3, 20, 4, 21], [15, 23, 16, 22], [5, 1, 6, 24]]"
12n_0098_100,"[[5, 1, 6, 24], [9, 3, 10, 2], [7, 4, 8, 5], [23, 7, 24, 6], [19, 8, 20, 9], [10, 14, 11, 13], [12, 18, 13, 17], [21, 15, 22, 14], [16, 12, 17, 11], [1, 19, 2, 18], [3, 20, 4, 21], [15, 23, 16, 22]]"
12n_0098_101,"[[15, 23, 16, 22], [5, 1, 6, 24], [9, 3, 10, 2], [7, 4, 8, 5], [23, 7, 24, 6], [19, 8, 20, 9], [10, 14, 11, 13], [12, 18, 13, 17], [21, 15, 22, 14], [16, 12, 17, 11], [1, 19, 2, 18], [3, 20, 4, 21]]"
12n_0098_102,"[[3, 20, 4, 21], [15, 23, 16, 22], [5, 1, 6, 24], [9, 3, 10, 2], [7, 4, 8, 5], [23, 7, 24, 6], [19, 8, 20, 9], [10, 14, 11, 13], [12, 18, 13, 17], [21, 15, 22, 14], [16, 12, 17, 11], [1, 19, 2, 18]]"
12n_0098_103,"[[1, 19, 2, 18], [3, 20, 4, 21], [15, 23, 16, 22], [5, 1, 6, 24], [9, 3, 10, 2], [7, 4, 8, 5], [23, 7, 24, 6], [19, 8, 20, 9], [10, 14, 11, 13], [12, 18, 13, 17], [21, 15, 22, 14], [16, 12, 17, 11]]"
12n_0098_104,"[[16, 12, 17, 11], [1, 19, 2, 18], [3, 20, 4, 21], [15, 23, 16, 22], [5, 1, 6, 24], [9, 3, 10, 2], [7, 4, 8, 5], [23, 7, 24, 6], [19, 8, 20, 9], [10, 14, 11, 13], [12, 18, 13, 17], [21, 15, 22, 14]]"
12n_0098_105,"[[21, 15, 22, 14], [16, 12, 17, 11], [1, 19, 2, 18], [3, 20, 4, 21], [15, 23, 16, 22], [5, 1, 6, 24], [9, 3, 10, 2], [7, 4, 8, 5], [23, 7, 24, 6], [19, 8, 20, 9], [10, 14, 11, 13], [12, 18, 13, 17]]"
12n_0098_106,"[[12, 18, 13, 17], [21, 15, 22, 14], [16, 12, 17, 11], [1, 19, 2, 18], [3, 20, 4, 21], [15, 23, 16, 22], [5, 1, 6, 24], [9, 3, 10, 2], [7, 4, 8, 5], [23, 7, 24, 6], [19, 8, 20, 9], [10, 14, 11, 13]]"
12n_0098_107,"[[10, 14, 11, 13], [12, 18, 13, 17], [21, 15, 22, 14], [16, 12, 17, 11], [1, 19, 2, 18], [3, 20, 4, 21], [15, 23, 16, 22], [5, 1, 6, 24], [9, 3, 10, 2], [7, 4, 8, 5], [23, 7, 24, 6], [19, 8, 20, 9]]"
12n_0098_108,"[[20, 9, 21, 10], [11, 15, 12, 14], [13, 19, 14, 18], [22, 16, 23, 15], [17, 13, 18, 12], [2, 20, 3, 19], [4, 21, 5, 22], [16, 24, 17, 23], [6, 2, 7, 1], [10, 4, 11, 3], [8, 5, 9, 6], [24, 8, 1, 7]]"
12n_0098_109,"[[24, 8, 1, 7], [20, 9, 21, 10], [11, 15, 12, 14], [13, 19, 14, 18], [22, 16, 23, 15], [17, 13, 18, 12], [2, 20, 3, 19], [4, 21, 5, 22], [16, 24, 17, 23], [6, 2, 7, 1], [10, 4, 11, 3], [8, 5, 9, 6]]"
12n_0098_110,"[[8, 5, 9, 6], [24, 8, 1, 7], [20, 9, 21, 10], [11, 15, 12, 14], [13, 19, 14, 18], [22, 16, 23, 15], [17, 13, 18, 12], [2, 20, 3, 19], [4, 21, 5, 22], [16, 24, 17, 23], [6, 2, 7, 1], [10, 4, 11, 3]]"
12n_0098_111,"[[10, 4, 11, 3], [8, 5, 9, 6], [24, 8, 1, 7], [20, 9, 21, 10], [11, 15, 12, 14], [13, 19, 14, 18], [22, 16, 23, 15], [17, 13, 18, 12], [2, 20, 3, 19], [4, 21, 5, 22], [16, 24, 17, 23], [6, 2, 7, 1]]"
12n_0098_112,"[[6, 2, 7, 1], [10, 4, 11, 3], [8, 5, 9, 6], [24, 8, 1, 7], [20, 9, 21, 10], [11, 15, 12, 14], [13, 19, 14, 18], [22, 16, 23, 15], [17, 13, 18, 12], [2, 20, 3, 19], [4, 21, 5, 22], [16, 24, 17, 23]]"
12n_0098_113,"[[16, 24, 17, 23], [6, 2, 7, 1], [10, 4, 11, 3], [8, 5, 9, 6], [24, 8, 1, 7], [20, 9, 21, 10], [11, 15, 12, 14], [13, 19, 14, 18], [22, 16, 23, 15], [17, 13, 18, 12], [2, 20, 3, 19], [4, 21, 5, 22]]"
12n_0098_114,"[[4, 21, 5, 22], [16, 24, 17, 23], [6, 2, 7, 1], [10, 4, 11, 3], [8, 5, 9, 6], [24, 8, 1, 7], [20, 9, 21, 10], [11, 15, 12, 14], [13, 19, 14, 18], [22, 16, 23, 15], [17, 13, 18, 12], [2, 20, 3, 19]]"
12n_0098_115,"[[2, 20, 3, 19], [4, 21, 5, 22], [16, 24, 17, 23], [6, 2, 7, 1], [10, 4, 11, 3], [8, 5, 9, 6], [24, 8, 1, 7], [20, 9, 21, 10], [11, 15, 12, 14], [13, 19, 14, 18], [22, 16, 23, 15], [17, 13, 18, 12]]"
12n_0098_116,"[[17, 13, 18, 12], [2, 20, 3, 19], [4, 21, 5, 22], [16, 24, 17, 23], [6, 2, 7, 1], [10, 4, 11, 3], [8, 5, 9, 6], [24, 8, 1, 7], [20, 9, 21, 10], [11, 15, 12, 14], [13, 19, 14, 18], [22, 16, 23, 15]]"
12n_0098_117,"[[22, 16, 23, 15], [17, 13, 18, 12], [2, 20, 3, 19], [4, 21, 5, 22], [16, 24, 17, 23], [6, 2, 7, 1], [10, 4, 11, 3], [8, 5, 9, 6], [24, 8, 1, 7], [20, 9, 21, 10], [11, 15, 12, 14], [13, 19, 14, 18]]"
12n_0098_118,"[[13, 19, 14, 18], [22, 16, 23, 15], [17, 13, 18, 12], [2, 20, 3, 19], [4, 21, 5, 22], [16, 24, 17, 23], [6, 2, 7, 1], [10, 4, 11, 3], [8, 5, 9, 6], [24, 8, 1, 7], [20, 9, 21, 10], [11, 15, 12, 14]]"
12n_0098_119,"[[11, 15, 12, 14], [13, 19, 14, 18], [22, 16, 23, 15], [17, 13, 18, 12], [2, 20, 3, 19], [4, 21, 5, 22], [16, 24, 17, 23], [6, 2, 7, 1], [10, 4, 11, 3], [8, 5, 9, 6], [24, 8, 1, 7], [20, 9, 21, 10]]"
12n_0098_120,"[[21, 10, 22, 11], [12, 16, 13, 15], [14, 20, 15, 19], [23, 17, 24, 16], [18, 14, 19, 13], [3, 21, 4, 20], [5, 22, 6, 23], [17, 1, 18, 24], [7, 3, 8, 2], [11, 5, 12, 4], [9, 6, 10, 7], [1, 9, 2, 8]]"
12n_0098_121,"[[1, 9, 2, 8], [21, 10, 22, 11], [12, 16, 13, 15], [14, 20, 15, 19], [23, 17, 24, 16], [18, 14, 19, 13], [3, 21, 4, 20], [5, 22, 6, 23], [17, 1, 18, 24], [7, 3, 8, 2], [11, 5, 12, 4], [9, 6, 10, 7]]"
12n_0098_122,"[[9, 6, 10, 7], [1, 9, 2, 8], [21, 10, 22, 11], [12, 16, 13, 15], [14, 20, 15, 19], [23, 17, 24, 16], [18, 14, 19, 13], [3, 21, 4, 20], [5, 22, 6, 23], [17, 1, 18, 24], [7, 3, 8, 2], [11, 5, 12, 4]]"
12n_0098_123,"[[11, 5, 12, 4], [9, 6, 10, 7], [1, 9, 2, 8], [21, 10, 22, 11], [12, 16, 13, 15], [14, 20, 15, 19], [23, 17, 24, 16], [18, 14, 19, 13], [3, 21, 4, 20], [5, 22, 6, 23], [17, 1, 18, 24], [7, 3, 8, 2]]"
12n_0098_124,"[[7, 3, 8, 2], [11, 5, 12, 4], [9, 6, 10, 7], [1, 9, 2, 8], [21, 10, 22, 11], [12, 16, 13, 15], [14, 20, 15, 19], [23, 17, 24, 16], [18, 14, 19, 13], [3, 21, 4, 20], [5, 22, 6, 23], [17, 1, 18, 24]]"
12n_0098_125,"[[17, 1, 18, 24], [7, 3, 8, 2], [11, 5, 12, 4], [9, 6, 10, 7], [1, 9, 2, 8], [21, 10, 22, 11], [12, 16, 13, 15], [14, 20, 15, 19], [23, 17, 24, 16], [18, 14, 19, 13], [3, 21, 4, 20], [5, 22, 6, 23]]"
12n_0098_126,"[[5, 22, 6, 23], [17, 1, 18, 24], [7, 3, 8, 2], [11, 5, 12, 4], [9, 6, 10, 7], [1, 9, 2, 8], [21, 10, 22, 11], [12, 16, 13, 15], [14, 20, 15, 19], [23, 17, 24, 16], [18, 14, 19, 13], [3, 21, 4, 20]]"
12n_0098_127,"[[3, 21, 4, 20], [5, 22, 6, 23], [17, 1, 18, 24], [7, 3, 8, 2], [11, 5, 12, 4], [9, 6, 10, 7], [1, 9, 2, 8], [21, 10, 22, 11], [12, 16, 13, 15], [14, 20, 15, 19], [23, 17, 24, 16], [18, 14, 19, 13]]"
12n_0098_128,"[[18, 14, 19, 13], [3, 21, 4, 20], [5, 22, 6, 23], [17, 1, 18, 24], [7, 3, 8, 2], [11, 5, 12, 4], [9, 6, 10, 7], [1, 9, 2, 8], [21, 10, 22, 11], [12, 16, 13, 15], [14, 20, 15, 19], [23, 17, 24, 16]]"
12n_0098_129,"[[23, 17, 24, 16], [18, 14, 19, 13], [3, 21, 4, 20], [5, 22, 6, 23], [17, 1, 18, 24], [7, 3, 8, 2], [11, 5, 12, 4], [9, 6, 10, 7], [1, 9, 2, 8], [21, 10, 22, 11], [12, 16, 13, 15], [14, 20, 15, 19]]"
12n_0098_130,"[[14, 20, 15, 19], [23, 17, 24, 16], [18, 14, 19, 13], [3, 21, 4, 20], [5, 22, 6, 23], [17, 1, 18, 24], [7, 3, 8, 2], [11, 5, 12, 4], [9, 6, 10, 7], [1, 9, 2, 8], [21, 10, 22, 11], [12, 16, 13, 15]]"
12n_0098_131,"[[12, 16, 13, 15], [14, 20, 15, 19], [23, 17, 24, 16], [18, 14, 19, 13], [3, 21, 4, 20], [5, 22, 6, 23], [17, 1, 18, 24], [7, 3, 8, 2], [11, 5, 12, 4], [9, 6, 10, 7], [1, 9, 2, 8], [21, 10, 22, 11]]"
12n_0098_132,"[[22, 11, 23, 12], [13, 17, 14, 16], [15, 21, 16, 20], [24, 18, 1, 17], [19, 15, 20, 14], [4, 22, 5, 21], [6, 23, 7, 24], [18, 2, 19, 1], [8, 4, 9, 3], [12, 6, 13, 5], [10, 7, 11, 8], [2, 10, 3, 9]]"
12n_0098_133,"[[2, 10, 3, 9], [22, 11, 23, 12], [13, 17, 14, 16], [15, 21, 16, 20], [24, 18, 1, 17], [19, 15, 20, 14], [4, 22, 5, 21], [6, 23, 7, 24], [18, 2, 19, 1], [8, 4, 9, 3], [12, 6, 13, 5], [10, 7, 11, 8]]"
12n_0098_134,"[[10, 7, 11, 8], [2, 10, 3, 9], [22, 11, 23, 12], [13, 17, 14, 16], [15, 21, 16, 20], [24, 18, 1, 17], [19, 15, 20, 14], [4, 22, 5, 21], [6, 23, 7, 24], [18, 2, 19, 1], [8, 4, 9, 3], [12, 6, 13, 5]]"
12n_0098_135,"[[12, 6, 13, 5], [10, 7, 11, 8], [2, 10, 3, 9], [22, 11, 23, 12], [13, 17, 14, 16], [15, 21, 16, 20], [24, 18, 1, 17], [19, 15, 20, 14], [4, 22, 5, 21], [6, 23, 7, 24], [18, 2, 19, 1], [8, 4, 9, 3]]"
12n_0098_136,"[[8, 4, 9, 3], [12, 6, 13, 5], [10, 7, 11, 8], [2, 10, 3, 9], [22, 11, 23, 12], [13, 17, 14, 16], [15, 21, 16, 20], [24, 18, 1, 17], [19, 15, 20, 14], [4, 22, 5, 21], [6, 23, 7, 24], [18, 2, 19, 1]]"
12n_0098_137,"[[18, 2, 19, 1], [8, 4, 9, 3], [12, 6, 13, 5], [10, 7, 11, 8], [2, 10, 3, 9], [22, 11, 23, 12], [13, 17, 14, 16], [15, 21, 16, 20], [24, 18, 1, 17], [19, 15, 20, 14], [4, 22, 5, 21], [6, 23, 7, 24]]"
12n_0098_138,"[[6, 23, 7, 24], [18, 2, 19, 1], [8, 4, 9, 3], [12, 6, 13, 5], [10, 7, 11, 8], [2, 10, 3, 9], [22, 11, 23, 12], [13, 17, 14, 16], [15, 21, 16, 20], [24, 18, 1, 17], [19, 15, 20, 14], [4, 22, 5, 21]]"
12n_0098_139,"[[4, 22, 5, 21], [6, 23, 7, 24], [18, 2, 19, 1], [8, 4, 9, 3], [12, 6, 13, 5], [10, 7, 11, 8], [2, 10, 3, 9], [22, 11, 23, 12], [13, 17, 14, 16], [15, 21, 16, 20], [24, 18, 1, 17], [19, 15, 20, 14]]"
12n_0098_140,"[[19, 15, 20, 14], [4, 22, 5, 21], [6, 23, 7, 24], [18, 2, 19, 1], [8, 4, 9, 3], [12, 6, 13, 5], [10, 7, 11, 8], [2, 10, 3, 9], [22, 11, 23, 12], [13, 17, 14, 16], [15, 21, 16, 20], [24, 18, 1, 17]]"
12n_0098_141,"[[24, 18, 1, 17], [19, 15, 20, 14], [4, 22, 5, 21], [6, 23, 7, 24], [18, 2, 19, 1], [8, 4, 9, 3], [12, 6, 13, 5], [10, 7, 11, 8], [2, 10, 3, 9], [22, 11, 23, 12], [13, 17, 14, 16], [15, 21, 16, 20]]"
12n_0098_142,"[[15, 21, 16, 20], [24, 18, 1, 17], [19, 15, 20, 14], [4, 22, 5, 21], [6, 23, 7, 24], [18, 2, 19, 1], [8, 4, 9, 3], [12, 6, 13, 5], [10, 7, 11, 8], [2, 10, 3, 9], [22, 11, 23, 12], [13, 17, 14, 16]]"
12n_0098_143,"[[13, 17, 14, 16], [15, 21, 16, 20], [24, 18, 1, 17], [19, 15, 20, 14], [4, 22, 5, 21], [6, 23, 7, 24], [18, 2, 19, 1], [8, 4, 9, 3], [12, 6, 13, 5], [10, 7, 11, 8], [2, 10, 3, 9], [22, 11, 23, 12]]"
12n_0098_144,"[[23, 12, 24, 13], [14, 18, 15, 17], [16, 22, 17, 21], [1, 19, 2, 18], [20, 16, 21, 15], [5, 23, 6, 22], [7, 24, 8, 1], [19, 3, 20, 2], [9, 5, 10, 4], [13, 7, 14, 6], [11, 8, 12, 9], [3, 11, 4, 10]]"
12n_0098_145,"[[3, 11, 4, 10], [23, 12, 24, 13], [14, 18, 15, 17], [16, 22, 17, 21], [1, 19, 2, 18], [20, 16, 21, 15], [5, 23, 6, 22], [7, 24, 8, 1], [19, 3, 20, 2], [9, 5, 10, 4], [13, 7, 14, 6], [11, 8, 12, 9]]"
12n_0098_146,"[[11, 8, 12, 9], [3, 11, 4, 10], [23, 12, 24, 13], [14, 18, 15, 17], [16, 22, 17, 21], [1, 19, 2, 18], [20, 16, 21, 15], [5, 23, 6, 22], [7, 24, 8, 1], [19, 3, 20, 2], [9, 5, 10, 4], [13, 7, 14, 6]]"
12n_0098_147,"[[13, 7, 14, 6], [11, 8, 12, 9], [3, 11, 4, 10], [23, 12, 24, 13], [14, 18, 15, 17], [16, 22, 17, 21], [1, 19, 2, 18], [20, 16, 21, 15], [5, 23, 6, 22], [7, 24, 8, 1], [19, 3, 20, 2], [9, 5, 10, 4]]"
12n_0098_148,"[[9, 5, 10, 4], [13, 7, 14, 6], [11, 8, 12, 9], [3, 11, 4, 10], [23, 12, 24, 13], [14, 18, 15, 17], [16, 22, 17, 21], [1, 19, 2, 18], [20, 16, 21, 15], [5, 23, 6, 22], [7, 24, 8, 1], [19, 3, 20, 2]]"
12n_0098_149,"[[19, 3, 20, 2], [9, 5, 10, 4], [13, 7, 14, 6], [11, 8, 12, 9], [3, 11, 4, 10], [23, 12, 24, 13], [14, 18, 15, 17], [16, 22, 17, 21], [1, 19, 2, 18], [20, 16, 21, 15], [5, 23, 6, 22], [7, 24, 8, 1]]"
12n_0098_150,"[[7, 24, 8, 1], [19, 3, 20, 2], [9, 5, 10, 4], [13, 7, 14, 6], [11, 8, 12, 9], [3, 11, 4, 10], [23, 12, 24, 13], [14, 18, 15, 17], [16, 22, 17, 21], [1, 19, 2, 18], [20, 16, 21, 15], [5, 23, 6, 22]]"
12n_0098_151,"[[5, 23, 6, 22], [7, 24, 8, 1], [19, 3, 20, 2], [9, 5, 10, 4], [13, 7, 14, 6], [11, 8, 12, 9], [3, 11, 4, 10], [23, 12, 24, 13], [14, 18, 15, 17], [16, 22, 17, 21], [1, 19, 2, 18], [20, 16, 21, 15]]"
12n_0098_152,"[[20, 16, 21, 15], [5, 23, 6, 22], [7, 24, 8, 1], [19, 3, 20, 2], [9, 5, 10, 4], [13, 7, 14, 6], [11, 8, 12, 9], [3, 11, 4, 10], [23, 12, 24, 13], [14, 18, 15, 17], [16, 22, 17, 21], [1, 19, 2, 18]]"
12n_0098_153,"[[1, 19, 2, 18], [20, 16, 21, 15], [5, 23, 6, 22], [7, 24, 8, 1], [19, 3, 20, 2], [9, 5, 10, 4], [13, 7, 14, 6], [11, 8, 12, 9], [3, 11, 4, 10], [23, 12, 24, 13], [14, 18, 15, 17], [16, 22, 17, 21]]"
12n_0098_154,"[[16, 22, 17, 21], [1, 19, 2, 18], [20, 16, 21, 15], [5, 23, 6, 22], [7, 24, 8, 1], [19, 3, 20, 2], [9, 5, 10, 4], [13, 7, 14, 6], [11, 8, 12, 9], [3, 11, 4, 10], [23, 12, 24, 13], [14, 18, 15, 17]]"
12n_0098_155,"[[14, 18, 15, 17], [16, 22, 17, 21], [1, 19, 2, 18], [20, 16, 21, 15], [5, 23, 6, 22], [7, 24, 8, 1], [19, 3, 20, 2], [9, 5, 10, 4], [13, 7, 14, 6], [11, 8, 12, 9], [3, 11, 4, 10], [23, 12, 24, 13]]"
12n_0098_156,"[[24, 13, 1, 14], [15, 19, 16, 18], [17, 23, 18, 22], [2, 20, 3, 19], [21, 17, 22, 16], [6, 24, 7, 23], [8, 1, 9, 2], [20, 4, 21, 3], [10, 6, 11, 5], [14, 8, 15, 7], [12, 9, 13, 10], [4, 12, 5, 11]]"
12n_0098_157,"[[4, 12, 5, 11], [24, 13, 1, 14], [15, 19, 16, 18], [17, 23, 18, 22], [2, 20, 3, 19], [21, 17, 22, 16], [6, 24, 7, 23], [8, 1, 9, 2], [20, 4, 21, 3], [10, 6, 11, 5], [14, 8, 15, 7], [12, 9, 13, 10]]"
12n_0098_158,"[[12, 9, 13, 10], [4, 12, 5, 11], [24, 13, 1, 14], [15, 19, 16, 18], [17, 23, 18, 22], [2, 20, 3, 19], [21, 17, 22, 16], [6, 24, 7, 23], [8, 1, 9, 2], [20, 4, 21, 3], [10, 6, 11, 5], [14, 8, 15, 7]]"
12n_0098_159,"[[14, 8, 15, 7], [12, 9, 13, 10], [4, 12, 5, 11], [24, 13, 1, 14], [15, 19, 16, 18], [17, 23, 18, 22], [2, 20, 3, 19], [21, 17, 22, 16], [6, 24, 7, 23], [8, 1, 9, 2], [20, 4, 21, 3], [10, 6, 11, 5]]"
12n_0098_160,"[[10, 6, 11, 5], [14, 8, 15, 7], [12, 9, 13, 10], [4, 12, 5, 11], [24, 13, 1, 14], [15, 19, 16, 18], [17, 23, 18, 22], [2, 20, 3, 19], [21, 17, 22, 16], [6, 24, 7, 23], [8, 1, 9, 2], [20, 4, 21, 3]]"
12n_0098_161,"[[20, 4, 21, 3], [10, 6, 11, 5], [14, 8, 15, 7], [12, 9, 13, 10], [4, 12, 5, 11], [24, 13, 1, 14], [15, 19, 16, 18], [17, 23, 18, 22], [2, 20, 3, 19], [21, 17, 22, 16], [6, 24, 7, 23], [8, 1, 9, 2]]"
12n_0098_162,"[[8, 1, 9, 2], [20, 4, 21, 3], [10, 6, 11, 5], [14, 8, 15, 7], [12, 9, 13, 10], [4, 12, 5, 11], [24, 13, 1, 14], [15, 19, 16, 18], [17, 23, 18, 22], [2, 20, 3, 19], [21, 17, 22, 16], [6, 24, 7, 23]]"
12n_0098_163,"[[6, 24, 7, 23], [8, 1, 9, 2], [20, 4, 21, 3], [10, 6, 11, 5], [14, 8, 15, 7], [12, 9, 13, 10], [4, 12, 5, 11], [24, 13, 1, 14], [15, 19, 16, 18], [17, 23, 18, 22], [2, 20, 3, 19], [21, 17, 22, 16]]"
12n_0098_164,"[[21, 17, 22, 16], [6, 24, 7, 23], [8, 1, 9, 2], [20, 4, 21, 3], [10, 6, 11, 5], [14, 8, 15, 7], [12, 9, 13, 10], [4, 12, 5, 11], [24, 13, 1, 14], [15, 19, 16, 18], [17, 23, 18, 22], [2, 20, 3, 19]]"
12n_0098_165,"[[2, 20, 3, 19], [21, 17, 22, 16], [6, 24, 7, 23], [8, 1, 9, 2], [20, 4, 21, 3], [10, 6, 11, 5], [14, 8, 15, 7], [12, 9, 13, 10], [4, 12, 5, 11], [24, 13, 1, 14], [15, 19, 16, 18], [17, 23, 18, 22]]"
12n_0098_166,"[[17, 23, 18, 22], [2, 20, 3, 19], [21, 17, 22, 16], [6, 24, 7, 23], [8, 1, 9, 2], [20, 4, 21, 3], [10, 6, 11, 5], [14, 8, 15, 7], [12, 9, 13, 10], [4, 12, 5, 11], [24, 13, 1, 14], [15, 19, 16, 18]]"
12n_0098_167,"[[15, 19, 16, 18], [17, 23, 18, 22], [2, 20, 3, 19], [21, 17, 22, 16], [6, 24, 7, 23], [8, 1, 9, 2], [20, 4, 21, 3], [10, 6, 11, 5], [14, 8, 15, 7], [12, 9, 13, 10], [4, 12, 5, 11], [24, 13, 1, 14]]"
12n_0098_168,"[[1, 14, 2, 15], [16, 20, 17, 19], [18, 24, 19, 23], [3, 21, 4, 20], [22, 18, 23, 17], [7, 1, 8, 24], [9, 2, 10, 3], [21, 5, 22, 4], [11, 7, 12, 6], [15, 9, 16, 8], [13, 10, 14, 11], [5, 13, 6, 12]]"
12n_0098_169,"[[5, 13, 6, 12], [1, 14, 2, 15], [16, 20, 17, 19], [18, 24, 19, 23], [3, 21, 4, 20], [22, 18, 23, 17], [7, 1, 8, 24], [9, 2, 10, 3], [21, 5, 22, 4], [11, 7, 12, 6], [15, 9, 16, 8], [13, 10, 14, 11]]"
12n_0098_170,"[[13, 10, 14, 11], [5, 13, 6, 12], [1, 14, 2, 15], [16, 20, 17, 19], [18, 24, 19, 23], [3, 21, 4, 20], [22, 18, 23, 17], [7, 1, 8, 24], [9, 2, 10, 3], [21, 5, 22, 4], [11, 7, 12, 6], [15, 9, 16, 8]]"
12n_0098_171,"[[15, 9, 16, 8], [13, 10, 14, 11], [5, 13, 6, 12], [1, 14, 2, 15], [16, 20, 17, 19], [18, 24, 19, 23], [3, 21, 4, 20], [22, 18, 23, 17], [7, 1, 8, 24], [9, 2, 10, 3], [21, 5, 22, 4], [11, 7, 12, 6]]"
12n_0098_172,"[[11, 7, 12, 6], [15, 9, 16, 8], [13, 10, 14, 11], [5, 13, 6, 12], [1, 14, 2, 15], [16, 20, 17, 19], [18, 24, 19, 23], [3, 21, 4, 20], [22, 18, 23, 17], [7, 1, 8, 24], [9, 2, 10, 3], [21, 5, 22, 4]]"
12n_0098_173,"[[21, 5, 22, 4], [11, 7, 12, 6], [15, 9, 16, 8], [13, 10, 14, 11], [5, 13, 6, 12], [1, 14, 2, 15], [16, 20, 17, 19], [18, 24, 19, 23], [3, 21, 4, 20], [22, 18, 23, 17], [7, 1, 8, 24], [9, 2, 10, 3]]"
12n_0098_174,"[[9, 2, 10, 3], [21, 5, 22, 4], [11, 7, 12, 6], [15, 9, 16, 8], [13, 10, 14, 11], [5, 13, 6, 12], [1, 14, 2, 15], [16, 20, 17, 19], [18, 24, 19, 23], [3, 21, 4, 20], [22, 18, 23, 17], [7, 1, 8, 24]]"
12n_0098_175,"[[7, 1, 8, 24], [9, 2, 10, 3], [21, 5, 22, 4], [11, 7, 12, 6], [15, 9, 16, 8], [13, 10, 14, 11], [5, 13, 6, 12], [1, 14, 2, 15], [16, 20, 17, 19], [18, 24, 19, 23], [3, 21, 4, 20], [22, 18, 23, 17]]"
12n_0098_176,"[[22, 18, 23, 17], [7, 1, 8, 24], [9, 2, 10, 3], [21, 5, 22, 4], [11, 7, 12, 6], [15, 9, 16, 8], [13, 10, 14, 11], [5, 13, 6, 12], [1, 14, 2, 15], [16, 20, 17, 19], [18, 24, 19, 23], [3, 21, 4, 20]]"
12n_0098_177,"[[3, 21, 4, 20], [22, 18, 23, 17], [7, 1, 8, 24], [9, 2, 10, 3], [21, 5, 22, 4], [11, 7, 12, 6], [15, 9, 16, 8], [13, 10, 14, 11], [5, 13, 6, 12], [1, 14, 2, 15], [16, 20, 17, 19], [18, 24, 19, 23]]"
12n_0098_178,"[[18, 24, 19, 23], [3, 21, 4, 20], [22, 18, 23, 17], [7, 1, 8, 24], [9, 2, 10, 3], [21, 5, 22, 4], [11, 7, 12, 6], [15, 9, 16, 8], [13, 10, 14, 11], [5, 13, 6, 12], [1, 14, 2, 15], [16, 20, 17, 19]]"
12n_0098_179,"[[16, 20, 17, 19], [18, 24, 19, 23], [3, 21, 4, 20], [22, 18, 23, 17], [7, 1, 8, 24], [9, 2, 10, 3], [21, 5, 22, 4], [11, 7, 12, 6], [15, 9, 16, 8], [13, 10, 14, 11], [5, 13, 6, 12], [1, 14, 2, 15]]"
12n_0098_180,"[[2, 15, 3, 16], [17, 21, 18, 20], [19, 1, 20, 24], [4, 22, 5, 21], [23, 19, 24, 18], [8, 2, 9, 1], [10, 3, 11, 4], [22, 6, 23, 5], [12, 8, 13, 7], [16, 10, 17, 9], [14, 11, 15, 12], [6, 14, 7, 13]]"
12n_0098_181,"[[6, 14, 7, 13], [2, 15, 3, 16], [17, 21, 18, 20], [19, 1, 20, 24], [4, 22, 5, 21], [23, 19, 24, 18], [8, 2, 9, 1], [10, 3, 11, 4], [22, 6, 23, 5], [12, 8, 13, 7], [16, 10, 17, 9], [14, 11, 15, 12]]"
12n_0098_182,"[[14, 11, 15, 12], [6, 14, 7, 13], [2, 15, 3, 16], [17, 21, 18, 20], [19, 1, 20, 24], [4, 22, 5, 21], [23, 19, 24, 18], [8, 2, 9, 1], [10, 3, 11, 4], [22, 6, 23, 5], [12, 8, 13, 7], [16, 10, 17, 9]]"
12n_0098_183,"[[16, 10, 17, 9], [14, 11, 15, 12], [6, 14, 7, 13], [2, 15, 3, 16], [17, 21, 18, 20], [19, 1, 20, 24], [4, 22, 5, 21], [23, 19, 24, 18], [8, 2, 9, 1], [10, 3, 11, 4], [22, 6, 23, 5], [12, 8, 13, 7]]"
12n_0098_184,"[[12, 8, 13, 7], [16, 10, 17, 9], [14, 11, 15, 12], [6, 14, 7, 13], [2, 15, 3, 16], [17, 21, 18, 20], [19, 1, 20, 24], [4, 22, 5, 21], [23, 19, 24, 18], [8, 2, 9, 1], [10, 3, 11, 4], [22, 6, 23, 5]]"
12n_0098_185,"[[22, 6, 23, 5], [12, 8, 13, 7], [16, 10, 17, 9], [14, 11, 15, 12], [6, 14, 7, 13], [2, 15, 3, 16], [17, 21, 18, 20], [19, 1, 20, 24], [4, 22, 5, 21], [23, 19, 24, 18], [8, 2, 9, 1], [10, 3, 11, 4]]"
