name,pd_notation
12n_0009_0,"[[19, 24, 20, 1], [2, 6, 3, 5], [4, 9, 5, 10], [6, 12, 7, 11], [8, 15, 9, 16], [10, 3, 11, 4], [17, 12, 18, 13], [21, 15, 22, 14], [16, 7, 17, 8], [23, 18, 24, 19], [1, 20, 2, 21], [13, 23, 14, 22]]"
12n_0009_1,"[[13, 23, 14, 22], [19, 24, 20, 1], [2, 6, 3, 5], [4, 9, 5, 10], [6, 12, 7, 11], [8, 15, 9, 16], [10, 3, 11, 4], [17, 12, 18, 13], [21, 15, 22, 14], [16, 7, 17, 8], [23, 18, 24, 19], [1, 20, 2, 21]]"
12n_0009_2,"[[1, 20, 2, 21], [13, 23, 14, 22], [19, 24, 20, 1], [2, 6, 3, 5], [4, 9, 5, 10], [6, 12, 7, 11], [8, 15, 9, 16], [10, 3, 11, 4], [17, 12, 18, 13], [21, 15, 22, 14], [16, 7, 17, 8], [23, 18, 24, 19]]"
12n_0009_3,"[[23, 18, 24, 19], [1, 20, 2, 21], [13, 23, 14, 22], [19, 24, 20, 1], [2, 6, 3, 5], [4, 9, 5, 10], [6, 12, 7, 11], [8, 15, 9, 16], [10, 3, 11, 4], [17, 12, 18, 13], [21, 15, 22, 14], [16, 7, 17, 8]]"
12n_0009_4,"[[16, 7, 17, 8], [23, 18, 24, 19], [1, 20, 2, 21], [13, 23, 14, 22], [19, 24, 20, 1], [2, 6, 3, 5], [4, 9, 5, 10], [6, 12, 7, 11], [8, 15, 9, 16], [10, 3, 11, 4], [17, 12, 18, 13], [21, 15, 22, 14]]"
12n_0009_5,"[[21, 15, 22, 14], [16, 7, 17, 8], [23, 18, 24, 19], [1, 20, 2, 21], [13, 23, 14, 22], [19, 24, 20, 1], [2, 6, 3, 5], [4, 9, 5, 10], [6, 12, 7, 11], [8, 15, 9, 16], [10, 3, 11, 4], [17, 12, 18, 13]]"
12n_0009_6,"[[17, 12, 18, 13], [21, 15, 22, 14], [16, 7, 17, 8], [23, 18, 24, 19], [1, 20, 2, 21], [13, 23, 14, 22], [19, 24, 20, 1], [2, 6, 3, 5], [4, 9, 5, 10], [6, 12, 7, 11], [8, 15, 9, 16], [10, 3, 11, 4]]"
12n_0009_7,"[[10, 3, 11, 4], [17, 12, 18, 13], [21, 15, 22, 14], [16, 7, 17, 8], [23, 18, 24, 19], [1, 20, 2, 21], [13, 23, 14, 22], [19, 24, 20, 1], [2, 6, 3, 5], [4, 9, 5, 10], [6, 12, 7, 11], [8, 15, 9, 16]]"
12n_0009_8,"[[8, 15, 9, 16], [10, 3, 11, 4], [17, 12, 18, 13], [21, 15, 22, 14], [16, 7, 17, 8], [23, 18, 24, 19], [1, 20, 2, 21], [13, 23, 14, 22], [19, 24, 20, 1], [2, 6, 3, 5], [4, 9, 5, 10], [6, 12, 7, 11]]"
12n_0009_9,"[[6, 12, 7, 11], [8, 15, 9, 16], [10, 3, 11, 4], [17, 12, 18, 13], [21, 15, 22, 14], [16, 7, 17, 8], [23, 18, 24, 19], [1, 20, 2, 21], [13, 23, 14, 22], [19, 24, 20, 1], [2, 6, 3, 5], [4, 9, 5, 10]]"
12n_0009_10,"[[4, 9, 5, 10], [6, 12, 7, 11], [8, 15, 9, 16], [10, 3, 11, 4], [17, 12, 18, 13], [21, 15, 22, 14], [16, 7, 17, 8], [23, 18, 24, 19], [1, 20, 2, 21], [13, 23, 14, 22], [19, 24, 20, 1], [2, 6, 3, 5]]"
12n_0009_11,"[[2, 6, 3, 5], [4, 9, 5, 10], [6, 12, 7, 11], [8, 15, 9, 16], [10, 3, 11, 4], [17, 12, 18, 13], [21, 15, 22, 14], [16, 7, 17, 8], [23, 18, 24, 19], [1, 20, 2, 21], [13, 23, 14, 22], [19, 24, 20, 1]]"
12n_0009_12,"[[20, 1, 21, 2], [3, 7, 4, 6], [5, 10, 6, 11], [7, 13, 8, 12], [9, 16, 10, 17], [11, 4, 12, 5], [18, 13, 19, 14], [22, 16, 23, 15], [17, 8, 18, 9], [24, 19, 1, 20], [2, 21, 3, 22], [14, 24, 15, 23]]"
12n_0009_13,"[[14, 24, 15, 23], [20, 1, 21, 2], [3, 7, 4, 6], [5, 10, 6, 11], [7, 13, 8, 12], [9, 16, 10, 17], [11, 4, 12, 5], [18, 13, 19, 14], [22, 16, 23, 15], [17, 8, 18, 9], [24, 19, 1, 20], [2, 21, 3, 22]]"
12n_0009_14,"[[2, 21, 3, 22], [14, 24, 15, 23], [20, 1, 21, 2], [3, 7, 4, 6], [5, 10, 6, 11], [7, 13, 8, 12], [9, 16, 10, 17], [11, 4, 12, 5], [18, 13, 19, 14], [22, 16, 23, 15], [17, 8, 18, 9], [24, 19, 1, 20]]"
12n_0009_15,"[[24, 19, 1, 20], [2, 21, 3, 22], [14, 24, 15, 23], [20, 1, 21, 2], [3, 7, 4, 6], [5, 10, 6, 11], [7, 13, 8, 12], [9, 16, 10, 17], [11, 4, 12, 5], [18, 13, 19, 14], [22, 16, 23, 15], [17, 8, 18, 9]]"
12n_0009_16,"[[17, 8, 18, 9], [24, 19, 1, 20], [2, 21, 3, 22], [14, 24, 15, 23], [20, 1, 21, 2], [3, 7, 4, 6], [5, 10, 6, 11], [7, 13, 8, 12], [9, 16, 10, 17], [11, 4, 12, 5], [18, 13, 19, 14], [22, 16, 23, 15]]"
12n_0009_17,"[[22, 16, 23, 15], [17, 8, 18, 9], [24, 19, 1, 20], [2, 21, 3, 22], [14, 24, 15, 23], [20, 1, 21, 2], [3, 7, 4, 6], [5, 10, 6, 11], [7, 13, 8, 12], [9, 16, 10, 17], [11, 4, 12, 5], [18, 13, 19, 14]]"
12n_0009_18,"[[18, 13, 19, 14], [22, 16, 23, 15], [17, 8, 18, 9], [24, 19, 1, 20], [2, 21, 3, 22], [14, 24, 15, 23], [20, 1, 21, 2], [3, 7, 4, 6], [5, 10, 6, 11], [7, 13, 8, 12], [9, 16, 10, 17], [11, 4, 12, 5]]"
12n_0009_19,"[[11, 4, 12, 5], [18, 13, 19, 14], [22, 16, 23, 15], [17, 8, 18, 9], [24, 19, 1, 20], [2, 21, 3, 22], [14, 24, 15, 23], [20, 1, 21, 2], [3, 7, 4, 6], [5, 10, 6, 11], [7, 13, 8, 12], [9, 16, 10, 17]]"
12n_0009_20,"[[9, 16, 10, 17], [11, 4, 12, 5], [18, 13, 19, 14], [22, 16, 23, 15], [17, 8, 18, 9], [24, 19, 1, 20], [2, 21, 3, 22], [14, 24, 15, 23], [20, 1, 21, 2], [3, 7, 4, 6], [5, 10, 6, 11], [7, 13, 8, 12]]"
12n_0009_21,"[[7, 13, 8, 12], [9, 16, 10, 17], [11, 4, 12, 5], [18, 13, 19, 14], [22, 16, 23, 15], [17, 8, 18, 9], [24, 19, 1, 20], [2, 21, 3, 22], [14, 24, 15, 23], [20, 1, 21, 2], [3, 7, 4, 6], [5, 10, 6, 11]]"
12n_0009_22,"[[5, 10, 6, 11], [7, 13, 8, 12], [9, 16, 10, 17], [11, 4, 12, 5], [18, 13, 19, 14], [22, 16, 23, 15], [17, 8, 18, 9], [24, 19, 1, 20], [2, 21, 3, 22], [14, 24, 15, 23], [20, 1, 21, 2], [3, 7, 4, 6]]"
12n_0009_23,"[[3, 7, 4, 6], [5, 10, 6, 11], [7, 13, 8, 12], [9, 16, 10, 17], [11, 4, 12, 5], [18, 13, 19, 14], [22, 16, 23, 15], [17, 8, 18, 9], [24, 19, 1, 20], [2, 21, 3, 22], [14, 24, 15, 23], [20, 1, 21, 2]]"
12n_0009_24,"[[21, 2, 22, 3], [4, 8, 5, 7], [6, 11, 7, 12], [8, 14, 9, 13], [10, 17, 11, 18], [12, 5, 13, 6], [19, 14, 20, 15], [23, 17, 24, 16], [18, 9, 19, 10], [1, 20, 2, 21], [3, 22, 4, 23], [15, 1, 16, 24]]"
12n_0009_25,"[[15, 1, 16, 24], [21, 2, 22, 3], [4, 8, 5, 7], [6, 11, 7, 12], [8, 14, 9, 13], [10, 17, 11, 18], [12, 5, 13, 6], [19, 14, 20, 15], [23, 17, 24, 16], [18, 9, 19, 10], [1, 20, 2, 21], [3, 22, 4, 23]]"
12n_0009_26,"[[3, 22, 4, 23], [15, 1, 16, 24], [21, 2, 22, 3], [4, 8, 5, 7], [6, 11, 7, 12], [8, 14, 9, 13], [10, 17, 11, 18], [12, 5, 13, 6], [19, 14, 20, 15], [23, 17, 24, 16], [18, 9, 19, 10], [1, 20, 2, 21]]"
12n_0009_27,"[[1, 20, 2, 21], [3, 22, 4, 23], [15, 1, 16, 24], [21, 2, 22, 3], [4, 8, 5, 7], [6, 11, 7, 12], [8, 14, 9, 13], [10, 17, 11, 18], [12, 5, 13, 6], [19, 14, 20, 15], [23, 17, 24, 16], [18, 9, 19, 10]]"
12n_0009_28,"[[18, 9, 19, 10], [1, 20, 2, 21], [3, 22, 4, 23], [15, 1, 16, 24], [21, 2, 22, 3], [4, 8, 5, 7], [6, 11, 7, 12], [8, 14, 9, 13], [10, 17, 11, 18], [12, 5, 13, 6], [19, 14, 20, 15], [23, 17, 24, 16]]"
12n_0009_29,"[[23, 17, 24, 16], [18, 9, 19, 10], [1, 20, 2, 21], [3, 22, 4, 23], [15, 1, 16, 24], [21, 2, 22, 3], [4, 8, 5, 7], [6, 11, 7, 12], [8, 14, 9, 13], [10, 17, 11, 18], [12, 5, 13, 6], [19, 14, 20, 15]]"
12n_0009_30,"[[19, 14, 20, 15], [23, 17, 24, 16], [18, 9, 19, 10], [1, 20, 2, 21], [3, 22, 4, 23], [15, 1, 16, 24], [21, 2, 22, 3], [4, 8, 5, 7], [6, 11, 7, 12], [8, 14, 9, 13], [10, 17, 11, 18], [12, 5, 13, 6]]"
12n_0009_31,"[[12, 5, 13, 6], [19, 14, 20, 15], [23, 17, 24, 16], [18, 9, 19, 10], [1, 20, 2, 21], [3, 22, 4, 23], [15, 1, 16, 24], [21, 2, 22, 3], [4, 8, 5, 7], [6, 11, 7, 12], [8, 14, 9, 13], [10, 17, 11, 18]]"
12n_0009_32,"[[10, 17, 11, 18], [12, 5, 13, 6], [19, 14, 20, 15], [23, 17, 24, 16], [18, 9, 19, 10], [1, 20, 2, 21], [3, 22, 4, 23], [15, 1, 16, 24], [21, 2, 22, 3], [4, 8, 5, 7], [6, 11, 7, 12], [8, 14, 9, 13]]"
12n_0009_33,"[[8, 14, 9, 13], [10, 17, 11, 18], [12, 5, 13, 6], [19, 14, 20, 15], [23, 17, 24, 16], [18, 9, 19, 10], [1, 20, 2, 21], [3, 22, 4, 23], [15, 1, 16, 24], [21, 2, 22, 3], [4, 8, 5, 7], [6, 11, 7, 12]]"
12n_0009_34,"[[6, 11, 7, 12], [8, 14, 9, 13], [10, 17, 11, 18], [12, 5, 13, 6], [19, 14, 20, 15], [23, 17, 24, 16], [18, 9, 19, 10], [1, 20, 2, 21], [3, 22, 4, 23], [15, 1, 16, 24], [21, 2, 22, 3], [4, 8, 5, 7]]"
12n_0009_35,"[[4, 8, 5, 7], [6, 11, 7, 12], [8, 14, 9, 13], [10, 17, 11, 18], [12, 5, 13, 6], [19, 14, 20, 15], [23, 17, 24, 16], [18, 9, 19, 10], [1, 20, 2, 21], [3, 22, 4, 23], [15, 1, 16, 24], [21, 2, 22, 3]]"
12n_0009_36,"[[22, 3, 23, 4], [5, 9, 6, 8], [7, 12, 8, 13], [9, 15, 10, 14], [11, 18, 12, 19], [13, 6, 14, 7], [20, 15, 21, 16], [24, 18, 1, 17], [19, 10, 20, 11], [2, 21, 3, 22], [4, 23, 5, 24], [16, 2, 17, 1]]"
12n_0009_37,"[[16, 2, 17, 1], [22, 3, 23, 4], [5, 9, 6, 8], [7, 12, 8, 13], [9, 15, 10, 14], [11, 18, 12, 19], [13, 6, 14, 7], [20, 15, 21, 16], [24, 18, 1, 17], [19, 10, 20, 11], [2, 21, 3, 22], [4, 23, 5, 24]]"
12n_0009_38,"[[4, 23, 5, 24], [16, 2, 17, 1], [22, 3, 23, 4], [5, 9, 6, 8], [7, 12, 8, 13], [9, 15, 10, 14], [11, 18, 12, 19], [13, 6, 14, 7], [20, 15, 21, 16], [24, 18, 1, 17], [19, 10, 20, 11], [2, 21, 3, 22]]"
12n_0009_39,"[[2, 21, 3, 22], [4, 23, 5, 24], [16, 2, 17, 1], [22, 3, 23, 4], [5, 9, 6, 8], [7, 12, 8, 13], [9, 15, 10, 14], [11, 18, 12, 19], [13, 6, 14, 7], [20, 15, 21, 16], [24, 18, 1, 17], [19, 10, 20, 11]]"
12n_0009_40,"[[19, 10, 20, 11], [2, 21, 3, 22], [4, 23, 5, 24], [16, 2, 17, 1], [22, 3, 23, 4], [5, 9, 6, 8], [7, 12, 8, 13], [9, 15, 10, 14], [11, 18, 12, 19], [13, 6, 14, 7], [20, 15, 21, 16], [24, 18, 1, 17]]"
12n_0009_41,"[[24, 18, 1, 17], [19, 10, 20, 11], [2, 21, 3, 22], [4, 23, 5, 24], [16, 2, 17, 1], [22, 3, 23, 4], [5, 9, 6, 8], [7, 12, 8, 13], [9, 15, 10, 14], [11, 18, 12, 19], [13, 6, 14, 7], [20, 15, 21, 16]]"
12n_0009_42,"[[20, 15, 21, 16], [24, 18, 1, 17], [19, 10, 20, 11], [2, 21, 3, 22], [4, 23, 5, 24], [16, 2, 17, 1], [22, 3, 23, 4], [5, 9, 6, 8], [7, 12, 8, 13], [9, 15, 10, 14], [11, 18, 12, 19], [13, 6, 14, 7]]"
12n_0009_43,"[[13, 6, 14, 7], [20, 15, 21, 16], [24, 18, 1, 17], [19, 10, 20, 11], [2, 21, 3, 22], [4, 23, 5, 24], [16, 2, 17, 1], [22, 3, 23, 4], [5, 9, 6, 8], [7, 12, 8, 13], [9, 15, 10, 14], [11, 18, 12, 19]]"
12n_0009_44,"[[11, 18, 12, 19], [13, 6, 14, 7], [20, 15, 21, 16], [24, 18, 1, 17], [19, 10, 20, 11], [2, 21, 3, 22], [4, 23, 5, 24], [16, 2, 17, 1], [22, 3, 23, 4], [5, 9, 6, 8], [7, 12, 8, 13], [9, 15, 10, 14]]"
12n_0009_45,"[[9, 15, 10, 14], [11, 18, 12, 19], [13, 6, 14, 7], [20, 15, 21, 16], [24, 18, 1, 17], [19, 10, 20, 11], [2, 21, 3, 22], [4, 23, 5, 24], [16, 2, 17, 1], [22, 3, 23, 4], [5, 9, 6, 8], [7, 12, 8, 13]]"
12n_0009_46,"[[7, 12, 8, 13], [9, 15, 10, 14], [11, 18, 12, 19], [13, 6, 14, 7], [20, 15, 21, 16], [24, 18, 1, 17], [19, 10, 20, 11], [2, 21, 3, 22], [4, 23, 5, 24], [16, 2, 17, 1], [22, 3, 23, 4], [5, 9, 6, 8]]"
12n_0009_47,"[[5, 9, 6, 8], [7, 12, 8, 13], [9, 15, 10, 14], [11, 18, 12, 19], [13, 6, 14, 7], [20, 15, 21, 16], [24, 18, 1, 17], [19, 10, 20, 11], [2, 21, 3, 22], [4, 23, 5, 24], [16, 2, 17, 1], [22, 3, 23, 4]]"
12n_0009_48,"[[23, 4, 24, 5], [6, 10, 7, 9], [8, 13, 9, 14], [10, 16, 11, 15], [12, 19, 13, 20], [14, 7, 15, 8], [21, 16, 22, 17], [1, 19, 2, 18], [20, 11, 21, 12], [3, 22, 4, 23], [5, 24, 6, 1], [17, 3, 18, 2]]"
12n_0009_49,"[[17, 3, 18, 2], [23, 4, 24, 5], [6, 10, 7, 9], [8, 13, 9, 14], [10, 16, 11, 15], [12, 19, 13, 20], [14, 7, 15, 8], [21, 16, 22, 17], [1, 19, 2, 18], [20, 11, 21, 12], [3, 22, 4, 23], [5, 24, 6, 1]]"
12n_0009_50,"[[5, 24, 6, 1], [17, 3, 18, 2], [23, 4, 24, 5], [6, 10, 7, 9], [8, 13, 9, 14], [10, 16, 11, 15], [12, 19, 13, 20], [14, 7, 15, 8], [21, 16, 22, 17], [1, 19, 2, 18], [20, 11, 21, 12], [3, 22, 4, 23]]"
12n_0009_51,"[[3, 22, 4, 23], [5, 24, 6, 1], [17, 3, 18, 2], [23, 4, 24, 5], [6, 10, 7, 9], [8, 13, 9, 14], [10, 16, 11, 15], [12, 19, 13, 20], [14, 7, 15, 8], [21, 16, 22, 17], [1, 19, 2, 18], [20, 11, 21, 12]]"
12n_0009_52,"[[20, 11, 21, 12], [3, 22, 4, 23], [5, 24, 6, 1], [17, 3, 18, 2], [23, 4, 24, 5], [6, 10, 7, 9], [8, 13, 9, 14], [10, 16, 11, 15], [12, 19, 13, 20], [14, 7, 15, 8], [21, 16, 22, 17], [1, 19, 2, 18]]"
12n_0009_53,"[[1, 19, 2, 18], [20, 11, 21, 12], [3, 22, 4, 23], [5, 24, 6, 1], [17, 3, 18, 2], [23, 4, 24, 5], [6, 10, 7, 9], [8, 13, 9, 14], [10, 16, 11, 15], [12, 19, 13, 20], [14, 7, 15, 8], [21, 16, 22, 17]]"
12n_0009_54,"[[21, 16, 22, 17], [1, 19, 2, 18], [20, 11, 21, 12], [3, 22, 4, 23], [5, 24, 6, 1], [17, 3, 18, 2], [23, 4, 24, 5], [6, 10, 7, 9], [8, 13, 9, 14], [10, 16, 11, 15], [12, 19, 13, 20], [14, 7, 15, 8]]"
12n_0009_55,"[[14, 7, 15, 8], [21, 16, 22, 17], [1, 19, 2, 18], [20, 11, 21, 12], [3, 22, 4, 23], [5, 24, 6, 1], [17, 3, 18, 2], [23, 4, 24, 5], [6, 10, 7, 9], [8, 13, 9, 14], [10, 16, 11, 15], [12, 19, 13, 20]]"
12n_0009_56,"[[12, 19, 13, 20], [14, 7, 15, 8], [21, 16, 22, 17], [1, 19, 2, 18], [20, 11, 21, 12], [3, 22, 4, 23], [5, 24, 6, 1], [17, 3, 18, 2], [23, 4, 24, 5], [6, 10, 7, 9], [8, 13, 9, 14], [10, 16, 11, 15]]"
12n_0009_57,"[[10, 16, 11, 15], [12, 19, 13, 20], [14, 7, 15, 8], [21, 16, 22, 17], [1, 19, 2, 18], [20, 11, 21, 12], [3, 22, 4, 23], [5, 24, 6, 1], [17, 3, 18, 2], [23, 4, 24, 5], [6, 10, 7, 9], [8, 13, 9, 14]]"
12n_0009_58,"[[8, 13, 9, 14], [10, 16, 11, 15], [12, 19, 13, 20], [14, 7, 15, 8], [21, 16, 22, 17], [1, 19, 2, 18], [20, 11, 21, 12], [3, 22, 4, 23], [5, 24, 6, 1], [17, 3, 18, 2], [23, 4, 24, 5], [6, 10, 7, 9]]"
12n_0009_59,"[[6, 10, 7, 9], [8, 13, 9, 14], [10, 16, 11, 15], [12, 19, 13, 20], [14, 7, 15, 8], [21, 16, 22, 17], [1, 19, 2, 18], [20, 11, 21, 12], [3, 22, 4, 23], [5, 24, 6, 1], [17, 3, 18, 2], [23, 4, 24, 5]]"
12n_0009_60,"[[24, 5, 1, 6], [7, 11, 8, 10], [9, 14, 10, 15], [11, 17, 12, 16], [13, 20, 14, 21], [15, 8, 16, 9], [22, 17, 23, 18], [2, 20, 3, 19], [21, 12, 22, 13], [4, 23, 5, 24], [6, 1, 7, 2], [18, 4, 19, 3]]"
12n_0009_61,"[[18, 4, 19, 3], [24, 5, 1, 6], [7, 11, 8, 10], [9, 14, 10, 15], [11, 17, 12, 16], [13, 20, 14, 21], [15, 8, 16, 9], [22, 17, 23, 18], [2, 20, 3, 19], [21, 12, 22, 13], [4, 23, 5, 24], [6, 1, 7, 2]]"
12n_0009_62,"[[6, 1, 7, 2], [18, 4, 19, 3], [24, 5, 1, 6], [7, 11, 8, 10], [9, 14, 10, 15], [11, 17, 12, 16], [13, 20, 14, 21], [15, 8, 16, 9], [22, 17, 23, 18], [2, 20, 3, 19], [21, 12, 22, 13], [4, 23, 5, 24]]"
12n_0009_63,"[[4, 23, 5, 24], [6, 1, 7, 2], [18, 4, 19, 3], [24, 5, 1, 6], [7, 11, 8, 10], [9, 14, 10, 15], [11, 17, 12, 16], [13, 20, 14, 21], [15, 8, 16, 9], [22, 17, 23, 18], [2, 20, 3, 19], [21, 12, 22, 13]]"
12n_0009_64,"[[21, 12, 22, 13], [4, 23, 5, 24], [6, 1, 7, 2], [18, 4, 19, 3], [24, 5, 1, 6], [7, 11, 8, 10], [9, 14, 10, 15], [11, 17, 12, 16], [13, 20, 14, 21], [15, 8, 16, 9], [22, 17, 23, 18], [2, 20, 3, 19]]"
12n_0009_65,"[[2, 20, 3, 19], [21, 12, 22, 13], [4, 23, 5, 24], [6, 1, 7, 2], [18, 4, 19, 3], [24, 5, 1, 6], [7, 11, 8, 10], [9, 14, 10, 15], [11, 17, 12, 16], [13, 20, 14, 21], [15, 8, 16, 9], [22, 17, 23, 18]]"
12n_0009_66,"[[22, 17, 23, 18], [2, 20, 3, 19], [21, 12, 22, 13], [4, 23, 5, 24], [6, 1, 7, 2], [18, 4, 19, 3], [24, 5, 1, 6], [7, 11, 8, 10], [9, 14, 10, 15], [11, 17, 12, 16], [13, 20, 14, 21], [15, 8, 16, 9]]"
12n_0009_67,"[[15, 8, 16, 9], [22, 17, 23, 18], [2, 20, 3, 19], [21, 12, 22, 13], [4, 23, 5, 24], [6, 1, 7, 2], [18, 4, 19, 3], [24, 5, 1, 6], [7, 11, 8, 10], [9, 14, 10, 15], [11, 17, 12, 16], [13, 20, 14, 21]]"
12n_0009_68,"[[13, 20, 14, 21], [15, 8, 16, 9], [22, 17, 23, 18], [2, 20, 3, 19], [21, 12, 22, 13], [4, 23, 5, 24], [6, 1, 7, 2], [18, 4, 19, 3], [24, 5, 1, 6], [7, 11, 8, 10], [9, 14, 10, 15], [11, 17, 12, 16]]"
12n_0009_69,"[[11, 17, 12, 16], [13, 20, 14, 21], [15, 8, 16, 9], [22, 17, 23, 18], [2, 20, 3, 19], [21, 12, 22, 13], [4, 23, 5, 24], [6, 1, 7, 2], [18, 4, 19, 3], [24, 5, 1, 6], [7, 11, 8, 10], [9, 14, 10, 15]]"
12n_0009_70,"[[9, 14, 10, 15], [11, 17, 12, 16], [13, 20, 14, 21], [15, 8, 16, 9], [22, 17, 23, 18], [2, 20, 3, 19], [21, 12, 22, 13], [4, 23, 5, 24], [6, 1, 7, 2], [18, 4, 19, 3], [24, 5, 1, 6], [7, 11, 8, 10]]"
12n_0009_71,"[[7, 11, 8, 10], [9, 14, 10, 15], [11, 17, 12, 16], [13, 20, 14, 21], [15, 8, 16, 9], [22, 17, 23, 18], [2, 20, 3, 19], [21, 12, 22, 13], [4, 23, 5, 24], [6, 1, 7, 2], [18, 4, 19, 3], [24, 5, 1, 6]]"
12n_0009_72,"[[1, 6, 2, 7], [8, 12, 9, 11], [10, 15, 11, 16], [12, 18, 13, 17], [14, 21, 15, 22], [16, 9, 17, 10], [23, 18, 24, 19], [3, 21, 4, 20], [22, 13, 23, 14], [5, 24, 6, 1], [7, 2, 8, 3], [19, 5, 20, 4]]"
12n_0009_73,"[[19, 5, 20, 4], [1, 6, 2, 7], [8, 12, 9, 11], [10, 15, 11, 16], [12, 18, 13, 17], [14, 21, 15, 22], [16, 9, 17, 10], [23, 18, 24, 19], [3, 21, 4, 20], [22, 13, 23, 14], [5, 24, 6, 1], [7, 2, 8, 3]]"
12n_0009_74,"[[7, 2, 8, 3], [19, 5, 20, 4], [1, 6, 2, 7], [8, 12, 9, 11], [10, 15, 11, 16], [12, 18, 13, 17], [14, 21, 15, 22], [16, 9, 17, 10], [23, 18, 24, 19], [3, 21, 4, 20], [22, 13, 23, 14], [5, 24, 6, 1]]"
12n_0009_75,"[[5, 24, 6, 1], [7, 2, 8, 3], [19, 5, 20, 4], [1, 6, 2, 7], [8, 12, 9, 11], [10, 15, 11, 16], [12, 18, 13, 17], [14, 21, 15, 22], [16, 9, 17, 10], [23, 18, 24, 19], [3, 21, 4, 20], [22, 13, 23, 14]]"
12n_0009_76,"[[22, 13, 23, 14], [5, 24, 6, 1], [7, 2, 8, 3], [19, 5, 20, 4], [1, 6, 2, 7], [8, 12, 9, 11], [10, 15, 11, 16], [12, 18, 13, 17], [14, 21, 15, 22], [16, 9, 17, 10], [23, 18, 24, 19], [3, 21, 4, 20]]"
12n_0009_77,"[[3, 21, 4, 20], [22, 13, 23, 14], [5, 24, 6, 1], [7, 2, 8, 3], [19, 5, 20, 4], [1, 6, 2, 7], [8, 12, 9, 11], [10, 15, 11, 16], [12, 18, 13, 17], [14, 21, 15, 22], [16, 9, 17, 10], [23, 18, 24, 19]]"
12n_0009_78,"[[23, 18, 24, 19], [3, 21, 4, 20], [22, 13, 23, 14], [5, 24, 6, 1], [7, 2, 8, 3], [19, 5, 20, 4], [1, 6, 2, 7], [8, 12, 9, 11], [10, 15, 11, 16], [12, 18, 13, 17], [14, 21, 15, 22], [16, 9, 17, 10]]"
12n_0009_79,"[[16, 9, 17, 10], [23, 18, 24, 19], [3, 21, 4, 20], [22, 13, 23, 14], [5, 24, 6, 1], [7, 2, 8, 3], [19, 5, 20, 4], [1, 6, 2, 7], [8, 12, 9, 11], [10, 15, 11, 16], [12, 18, 13, 17], [14, 21, 15, 22]]"
12n_0009_80,"[[14, 21, 15, 22], [16, 9, 17, 10], [23, 18, 24, 19], [3, 21, 4, 20], [22, 13, 23, 14], [5, 24, 6, 1], [7, 2, 8, 3], [19, 5, 20, 4], [1, 6, 2, 7], [8, 12, 9, 11], [10, 15, 11, 16], [12, 18, 13, 17]]"
12n_0009_81,"[[12, 18, 13, 17], [14, 21, 15, 22], [16, 9, 17, 10], [23, 18, 24, 19], [3, 21, 4, 20], [22, 13, 23, 14], [5, 24, 6, 1], [7, 2, 8, 3], [19, 5, 20, 4], [1, 6, 2, 7], [8, 12, 9, 11], [10, 15, 11, 16]]"
12n_0009_82,"[[10, 15, 11, 16], [12, 18, 13, 17], [14, 21, 15, 22], [16, 9, 17, 10], [23, 18, 24, 19], [3, 21, 4, 20], [22, 13, 23, 14], [5, 24, 6, 1], [7, 2, 8, 3], [19, 5, 20, 4], [1, 6, 2, 7], [8, 12, 9, 11]]"
12n_0009_83,"[[8, 12, 9, 11], [10, 15, 11, 16], [12, 18, 13, 17], [14, 21, 15, 22], [16, 9, 17, 10], [23, 18, 24, 19], [3, 21, 4, 20], [22, 13, 23, 14], [5, 24, 6, 1], [7, 2, 8, 3], [19, 5, 20, 4], [1, 6, 2, 7]]"
12n_0009_84,"[[2, 7, 3, 8], [9, 13, 10, 12], [11, 16, 12, 17], [13, 19, 14, 18], [15, 22, 16, 23], [17, 10, 18, 11], [24, 19, 1, 20], [4, 22, 5, 21], [23, 14, 24, 15], [6, 1, 7, 2], [8, 3, 9, 4], [20, 6, 21, 5]]"
12n_0009_85,"[[20, 6, 21, 5], [2, 7, 3, 8], [9, 13, 10, 12], [11, 16, 12, 17], [13, 19, 14, 18], [15, 22, 16, 23], [17, 10, 18, 11], [24, 19, 1, 20], [4, 22, 5, 21], [23, 14, 24, 15], [6, 1, 7, 2], [8, 3, 9, 4]]"
12n_0009_86,"[[8, 3, 9, 4], [20, 6, 21, 5], [2, 7, 3, 8], [9, 13, 10, 12], [11, 16, 12, 17], [13, 19, 14, 18], [15, 22, 16, 23], [17, 10, 18, 11], [24, 19, 1, 20], [4, 22, 5, 21], [23, 14, 24, 15], [6, 1, 7, 2]]"
12n_0009_87,"[[6, 1, 7, 2], [8, 3, 9, 4], [20, 6, 21, 5], [2, 7, 3, 8], [9, 13, 10, 12], [11, 16, 12, 17], [13, 19, 14, 18], [15, 22, 16, 23], [17, 10, 18, 11], [24, 19, 1, 20], [4, 22, 5, 21], [23, 14, 24, 15]]"
12n_0009_88,"[[23, 14, 24, 15], [6, 1, 7, 2], [8, 3, 9, 4], [20, 6, 21, 5], [2, 7, 3, 8], [9, 13, 10, 12], [11, 16, 12, 17], [13, 19, 14, 18], [15, 22, 16, 23], [17, 10, 18, 11], [24, 19, 1, 20], [4, 22, 5, 21]]"
12n_0009_89,"[[4, 22, 5, 21], [23, 14, 24, 15], [6, 1, 7, 2], [8, 3, 9, 4], [20, 6, 21, 5], [2, 7, 3, 8], [9, 13, 10, 12], [11, 16, 12, 17], [13, 19, 14, 18], [15, 22, 16, 23], [17, 10, 18, 11], [24, 19, 1, 20]]"
12n_0009_90,"[[24, 19, 1, 20], [4, 22, 5, 21], [23, 14, 24, 15], [6, 1, 7, 2], [8, 3, 9, 4], [20, 6, 21, 5], [2, 7, 3, 8], [9, 13, 10, 12], [11, 16, 12, 17], [13, 19, 14, 18], [15, 22, 16, 23], [17, 10, 18, 11]]"
12n_0009_91,"[[17, 10, 18, 11], [24, 19, 1, 20], [4, 22, 5, 21], [23, 14, 24, 15], [6, 1, 7, 2], [8, 3, 9, 4], [20, 6, 21, 5], [2, 7, 3, 8], [9, 13, 10, 12], [11, 16, 12, 17], [13, 19, 14, 18], [15, 22, 16, 23]]"
12n_0009_92,"[[15, 22, 16, 23], [17, 10, 18, 11], [24, 19, 1, 20], [4, 22, 5, 21], [23, 14, 24, 15], [6, 1, 7, 2], [8, 3, 9, 4], [20, 6, 21, 5], [2, 7, 3, 8], [9, 13, 10, 12], [11, 16, 12, 17], [13, 19, 14, 18]]"
12n_0009_93,"[[13, 19, 14, 18], [15, 22, 16, 23], [17, 10, 18, 11], [24, 19, 1, 20], [4, 22, 5, 21], [23, 14, 24, 15], [6, 1, 7, 2], [8, 3, 9, 4], [20, 6, 21, 5], [2, 7, 3, 8], [9, 13, 10, 12], [11, 16, 12, 17]]"
12n_0009_94,"[[11, 16, 12, 17], [13, 19, 14, 18], [15, 22, 16, 23], [17, 10, 18, 11], [24, 19, 1, 20], [4, 22, 5, 21], [23, 14, 24, 15], [6, 1, 7, 2], [8, 3, 9, 4], [20, 6, 21, 5], [2, 7, 3, 8], [9, 13, 10, 12]]"
12n_0009_95,"[[9, 13, 10, 12], [11, 16, 12, 17], [13, 19, 14, 18], [15, 22, 16, 23], [17, 10, 18, 11], [24, 19, 1, 20], [4, 22, 5, 21], [23, 14, 24, 15], [6, 1, 7, 2], [8, 3, 9, 4], [20, 6, 21, 5], [2, 7, 3, 8]]"
12n_0009_96,"[[3, 8, 4, 9], [10, 14, 11, 13], [12, 17, 13, 18], [14, 20, 15, 19], [16, 23, 17, 24], [18, 11, 19, 12], [1, 20, 2, 21], [5, 23, 6, 22], [24, 15, 1, 16], [7, 2, 8, 3], [9, 4, 10, 5], [21, 7, 22, 6]]"
12n_0009_97,"[[21, 7, 22, 6], [3, 8, 4, 9], [10, 14, 11, 13], [12, 17, 13, 18], [14, 20, 15, 19], [16, 23, 17, 24], [18, 11, 19, 12], [1, 20, 2, 21], [5, 23, 6, 22], [24, 15, 1, 16], [7, 2, 8, 3], [9, 4, 10, 5]]"
12n_0009_98,"[[9, 4, 10, 5], [21, 7, 22, 6], [3, 8, 4, 9], [10, 14, 11, 13], [12, 17, 13, 18], [14, 20, 15, 19], [16, 23, 17, 24], [18, 11, 19, 12], [1, 20, 2, 21], [5, 23, 6, 22], [24, 15, 1, 16], [7, 2, 8, 3]]"
12n_0009_99,"[[7, 2, 8, 3], [9, 4, 10, 5], [21, 7, 22, 6], [3, 8, 4, 9], [10, 14, 11, 13], [12, 17, 13, 18], [14, 20, 15, 19], [16, 23, 17, 24], [18, 11, 19, 12], [1, 20, 2, 21], [5, 23, 6, 22], [24, 15, 1, 16]]"
12n_0009_100,"[[24, 15, 1, 16], [7, 2, 8, 3], [9, 4, 10, 5], [21, 7, 22, 6], [3, 8, 4, 9], [10, 14, 11, 13], [12, 17, 13, 18], [14, 20, 15, 19], [16, 23, 17, 24], [18, 11, 19, 12], [1, 20, 2, 21], [5, 23, 6, 22]]"
12n_0009_101,"[[5, 23, 6, 22], [24, 15, 1, 16], [7, 2, 8, 3], [9, 4, 10, 5], [21, 7, 22, 6], [3, 8, 4, 9], [10, 14, 11, 13], [12, 17, 13, 18], [14, 20, 15, 19], [16, 23, 17, 24], [18, 11, 19, 12], [1, 20, 2, 21]]"
12n_0009_102,"[[1, 20, 2, 21], [5, 23, 6, 22], [24, 15, 1, 16], [7, 2, 8, 3], [9, 4, 10, 5], [21, 7, 22, 6], [3, 8, 4, 9], [10, 14, 11, 13], [12, 17, 13, 18], [14, 20, 15, 19], [16, 23, 17, 24], [18, 11, 19, 12]]"
12n_0009_103,"[[18, 11, 19, 12], [1, 20, 2, 21], [5, 23, 6, 22], [24, 15, 1, 16], [7, 2, 8, 3], [9, 4, 10, 5], [21, 7, 22, 6], [3, 8, 4, 9], [10, 14, 11, 13], [12, 17, 13, 18], [14, 20, 15, 19], [16, 23, 17, 24]]"
12n_0009_104,"[[16, 23, 17, 24], [18, 11, 19, 12], [1, 20, 2, 21], [5, 23, 6, 22], [24, 15, 1, 16], [7, 2, 8, 3], [9, 4, 10, 5], [21, 7, 22, 6], [3, 8, 4, 9], [10, 14, 11, 13], [12, 17, 13, 18], [14, 20, 15, 19]]"
12n_0009_105,"[[14, 20, 15, 19], [16, 23, 17, 24], [18, 11, 19, 12], [1, 20, 2, 21], [5, 23, 6, 22], [24, 15, 1, 16], [7, 2, 8, 3], [9, 4, 10, 5], [21, 7, 22, 6], [3, 8, 4, 9], [10, 14, 11, 13], [12, 17, 13, 18]]"
12n_0009_106,"[[12, 17, 13, 18], [14, 20, 15, 19], [16, 23, 17, 24], [18, 11, 19, 12], [1, 20, 2, 21], [5, 23, 6, 22], [24, 15, 1, 16], [7, 2, 8, 3], [9, 4, 10, 5], [21, 7, 22, 6], [3, 8, 4, 9], [10, 14, 11, 13]]"
12n_0009_107,"[[10, 14, 11, 13], [12, 17, 13, 18], [14, 20, 15, 19], [16, 23, 17, 24], [18, 11, 19, 12], [1, 20, 2, 21], [5, 23, 6, 22], [24, 15, 1, 16], [7, 2, 8, 3], [9, 4, 10, 5], [21, 7, 22, 6], [3, 8, 4, 9]]"
12n_0009_108,"[[4, 9, 5, 10], [11, 15, 12, 14], [13, 18, 14, 19], [15, 21, 16, 20], [17, 24, 18, 1], [19, 12, 20, 13], [2, 21, 3, 22], [6, 24, 7, 23], [1, 16, 2, 17], [8, 3, 9, 4], [10, 5, 11, 6], [22, 8, 23, 7]]"
12n_0009_109,"[[22, 8, 23, 7], [4, 9, 5, 10], [11, 15, 12, 14], [13, 18, 14, 19], [15, 21, 16, 20], [17, 24, 18, 1], [19, 12, 20, 13], [2, 21, 3, 22], [6, 24, 7, 23], [1, 16, 2, 17], [8, 3, 9, 4], [10, 5, 11, 6]]"
12n_0009_110,"[[10, 5, 11, 6], [22, 8, 23, 7], [4, 9, 5, 10], [11, 15, 12, 14], [13, 18, 14, 19], [15, 21, 16, 20], [17, 24, 18, 1], [19, 12, 20, 13], [2, 21, 3, 22], [6, 24, 7, 23], [1, 16, 2, 17], [8, 3, 9, 4]]"
12n_0009_111,"[[8, 3, 9, 4], [10, 5, 11, 6], [22, 8, 23, 7], [4, 9, 5, 10], [11, 15, 12, 14], [13, 18, 14, 19], [15, 21, 16, 20], [17, 24, 18, 1], [19, 12, 20, 13], [2, 21, 3, 22], [6, 24, 7, 23], [1, 16, 2, 17]]"
12n_0009_112,"[[1, 16, 2, 17], [8, 3, 9, 4], [10, 5, 11, 6], [22, 8, 23, 7], [4, 9, 5, 10], [11, 15, 12, 14], [13, 18, 14, 19], [15, 21, 16, 20], [17, 24, 18, 1], [19, 12, 20, 13], [2, 21, 3, 22], [6, 24, 7, 23]]"
12n_0009_113,"[[6, 24, 7, 23], [1, 16, 2, 17], [8, 3, 9, 4], [10, 5, 11, 6], [22, 8, 23, 7], [4, 9, 5, 10], [11, 15, 12, 14], [13, 18, 14, 19], [15, 21, 16, 20], [17, 24, 18, 1], [19, 12, 20, 13], [2, 21, 3, 22]]"
12n_0009_114,"[[2, 21, 3, 22], [6, 24, 7, 23], [1, 16, 2, 17], [8, 3, 9, 4], [10, 5, 11, 6], [22, 8, 23, 7], [4, 9, 5, 10], [11, 15, 12, 14], [13, 18, 14, 19], [15, 21, 16, 20], [17, 24, 18, 1], [19, 12, 20, 13]]"
12n_0009_115,"[[19, 12, 20, 13], [2, 21, 3, 22], [6, 24, 7, 23], [1, 16, 2, 17], [8, 3, 9, 4], [10, 5, 11, 6], [22, 8, 23, 7], [4, 9, 5, 10], [11, 15, 12, 14], [13, 18, 14, 19], [15, 21, 16, 20], [17, 24, 18, 1]]"
12n_0009_116,"[[17, 24, 18, 1], [19, 12, 20, 13], [2, 21, 3, 22], [6, 24, 7, 23], [1, 16, 2, 17], [8, 3, 9, 4], [10, 5, 11, 6], [22, 8, 23, 7], [4, 9, 5, 10], [11, 15, 12, 14], [13, 18, 14, 19], [15, 21, 16, 20]]"
12n_0009_117,"[[15, 21, 16, 20], [17, 24, 18, 1], [19, 12, 20, 13], [2, 21, 3, 22], [6, 24, 7, 23], [1, 16, 2, 17], [8, 3, 9, 4], [10, 5, 11, 6], [22, 8, 23, 7], [4, 9, 5, 10], [11, 15, 12, 14], [13, 18, 14, 19]]"
12n_0009_118,"[[13, 18, 14, 19], [15, 21, 16, 20], [17, 24, 18, 1], [19, 12, 20, 13], [2, 21, 3, 22], [6, 24, 7, 23], [1, 16, 2, 17], [8, 3, 9, 4], [10, 5, 11, 6], [22, 8, 23, 7], [4, 9, 5, 10], [11, 15, 12, 14]]"
12n_0009_119,"[[11, 15, 12, 14], [13, 18, 14, 19], [15, 21, 16, 20], [17, 24, 18, 1], [19, 12, 20, 13], [2, 21, 3, 22], [6, 24, 7, 23], [1, 16, 2, 17], [8, 3, 9, 4], [10, 5, 11, 6], [22, 8, 23, 7], [4, 9, 5, 10]]"
12n_0009_120,"[[5, 10, 6, 11], [12, 16, 13, 15], [14, 19, 15, 20], [16, 22, 17, 21], [18, 1, 19, 2], [20, 13, 21, 14], [3, 22, 4, 23], [7, 1, 8, 24], [2, 17, 3, 18], [9, 4, 10, 5], [11, 6, 12, 7], [23, 9, 24, 8]]"
12n_0009_121,"[[23, 9, 24, 8], [5, 10, 6, 11], [12, 16, 13, 15], [14, 19, 15, 20], [16, 22, 17, 21], [18, 1, 19, 2], [20, 13, 21, 14], [3, 22, 4, 23], [7, 1, 8, 24], [2, 17, 3, 18], [9, 4, 10, 5], [11, 6, 12, 7]]"
12n_0009_122,"[[11, 6, 12, 7], [23, 9, 24, 8], [5, 10, 6, 11], [12, 16, 13, 15], [14, 19, 15, 20], [16, 22, 17, 21], [18, 1, 19, 2], [20, 13, 21, 14], [3, 22, 4, 23], [7, 1, 8, 24], [2, 17, 3, 18], [9, 4, 10, 5]]"
12n_0009_123,"[[9, 4, 10, 5], [11, 6, 12, 7], [23, 9, 24, 8], [5, 10, 6, 11], [12, 16, 13, 15], [14, 19, 15, 20], [16, 22, 17, 21], [18, 1, 19, 2], [20, 13, 21, 14], [3, 22, 4, 23], [7, 1, 8, 24], [2, 17, 3, 18]]"
12n_0009_124,"[[2, 17, 3, 18], [9, 4, 10, 5], [11, 6, 12, 7], [23, 9, 24, 8], [5, 10, 6, 11], [12, 16, 13, 15], [14, 19, 15, 20], [16, 22, 17, 21], [18, 1, 19, 2], [20, 13, 21, 14], [3, 22, 4, 23], [7, 1, 8, 24]]"
12n_0009_125,"[[7, 1, 8, 24], [2, 17, 3, 18], [9, 4, 10, 5], [11, 6, 12, 7], [23, 9, 24, 8], [5, 10, 6, 11], [12, 16, 13, 15], [14, 19, 15, 20], [16, 22, 17, 21], [18, 1, 19, 2], [20, 13, 21, 14], [3, 22, 4, 23]]"
12n_0009_126,"[[3, 22, 4, 23], [7, 1, 8, 24], [2, 17, 3, 18], [9, 4, 10, 5], [11, 6, 12, 7], [23, 9, 24, 8], [5, 10, 6, 11], [12, 16, 13, 15], [14, 19, 15, 20], [16, 22, 17, 21], [18, 1, 19, 2], [20, 13, 21, 14]]"
12n_0009_127,"[[20, 13, 21, 14], [3, 22, 4, 23], [7, 1, 8, 24], [2, 17, 3, 18], [9, 4, 10, 5], [11, 6, 12, 7], [23, 9, 24, 8], [5, 10, 6, 11], [12, 16, 13, 15], [14, 19, 15, 20], [16, 22, 17, 21], [18, 1, 19, 2]]"
12n_0009_128,"[[18, 1, 19, 2], [20, 13, 21, 14], [3, 22, 4, 23], [7, 1, 8, 24], [2, 17, 3, 18], [9, 4, 10, 5], [11, 6, 12, 7], [23, 9, 24, 8], [5, 10, 6, 11], [12, 16, 13, 15], [14, 19, 15, 20], [16, 22, 17, 21]]"
12n_0009_129,"[[16, 22, 17, 21], [18, 1, 19, 2], [20, 13, 21, 14], [3, 22, 4, 23], [7, 1, 8, 24], [2, 17, 3, 18], [9, 4, 10, 5], [11, 6, 12, 7], [23, 9, 24, 8], [5, 10, 6, 11], [12, 16, 13, 15], [14, 19, 15, 20]]"
12n_0009_130,"[[14, 19, 15, 20], [16, 22, 17, 21], [18, 1, 19, 2], [20, 13, 21, 14], [3, 22, 4, 23], [7, 1, 8, 24], [2, 17, 3, 18], [9, 4, 10, 5], [11, 6, 12, 7], [23, 9, 24, 8], [5, 10, 6, 11], [12, 16, 13, 15]]"
12n_0009_131,"[[12, 16, 13, 15], [14, 19, 15, 20], [16, 22, 17, 21], [18, 1, 19, 2], [20, 13, 21, 14], [3, 22, 4, 23], [7, 1, 8, 24], [2, 17, 3, 18], [9, 4, 10, 5], [11, 6, 12, 7], [23, 9, 24, 8], [5, 10, 6, 11]]"
12n_0009_132,"[[6, 11, 7, 12], [13, 17, 14, 16], [15, 20, 16, 21], [17, 23, 18, 22], [19, 2, 20, 3], [21, 14, 22, 15], [4, 23, 5, 24], [8, 2, 9, 1], [3, 18, 4, 19], [10, 5, 11, 6], [12, 7, 13, 8], [24, 10, 1, 9]]"
12n_0009_133,"[[24, 10, 1, 9], [6, 11, 7, 12], [13, 17, 14, 16], [15, 20, 16, 21], [17, 23, 18, 22], [19, 2, 20, 3], [21, 14, 22, 15], [4, 23, 5, 24], [8, 2, 9, 1], [3, 18, 4, 19], [10, 5, 11, 6], [12, 7, 13, 8]]"
12n_0009_134,"[[12, 7, 13, 8], [24, 10, 1, 9], [6, 11, 7, 12], [13, 17, 14, 16], [15, 20, 16, 21], [17, 23, 18, 22], [19, 2, 20, 3], [21, 14, 22, 15], [4, 23, 5, 24], [8, 2, 9, 1], [3, 18, 4, 19], [10, 5, 11, 6]]"
12n_0009_135,"[[10, 5, 11, 6], [12, 7, 13, 8], [24, 10, 1, 9], [6, 11, 7, 12], [13, 17, 14, 16], [15, 20, 16, 21], [17, 23, 18, 22], [19, 2, 20, 3], [21, 14, 22, 15], [4, 23, 5, 24], [8, 2, 9, 1], [3, 18, 4, 19]]"
12n_0009_136,"[[3, 18, 4, 19], [10, 5, 11, 6], [12, 7, 13, 8], [24, 10, 1, 9], [6, 11, 7, 12], [13, 17, 14, 16], [15, 20, 16, 21], [17, 23, 18, 22], [19, 2, 20, 3], [21, 14, 22, 15], [4, 23, 5, 24], [8, 2, 9, 1]]"
12n_0009_137,"[[8, 2, 9, 1], [3, 18, 4, 19], [10, 5, 11, 6], [12, 7, 13, 8], [24, 10, 1, 9], [6, 11, 7, 12], [13, 17, 14, 16], [15, 20, 16, 21], [17, 23, 18, 22], [19, 2, 20, 3], [21, 14, 22, 15], [4, 23, 5, 24]]"
12n_0009_138,"[[4, 23, 5, 24], [8, 2, 9, 1], [3, 18, 4, 19], [10, 5, 11, 6], [12, 7, 13, 8], [24, 10, 1, 9], [6, 11, 7, 12], [13, 17, 14, 16], [15, 20, 16, 21], [17, 23, 18, 22], [19, 2, 20, 3], [21, 14, 22, 15]]"
12n_0009_139,"[[21, 14, 22, 15], [4, 23, 5, 24], [8, 2, 9, 1], [3, 18, 4, 19], [10, 5, 11, 6], [12, 7, 13, 8], [24, 10, 1, 9], [6, 11, 7, 12], [13, 17, 14, 16], [15, 20, 16, 21], [17, 23, 18, 22], [19, 2, 20, 3]]"
12n_0009_140,"[[19, 2, 20, 3], [21, 14, 22, 15], [4, 23, 5, 24], [8, 2, 9, 1], [3, 18, 4, 19], [10, 5, 11, 6], [12, 7, 13, 8], [24, 10, 1, 9], [6, 11, 7, 12], [13, 17, 14, 16], [15, 20, 16, 21], [17, 23, 18, 22]]"
12n_0009_141,"[[17, 23, 18, 22], [19, 2, 20, 3], [21, 14, 22, 15], [4, 23, 5, 24], [8, 2, 9, 1], [3, 18, 4, 19], [10, 5, 11, 6], [12, 7, 13, 8], [24, 10, 1, 9], [6, 11, 7, 12], [13, 17, 14, 16], [15, 20, 16, 21]]"
12n_0009_142,"[[15, 20, 16, 21], [17, 23, 18, 22], [19, 2, 20, 3], [21, 14, 22, 15], [4, 23, 5, 24], [8, 2, 9, 1], [3, 18, 4, 19], [10, 5, 11, 6], [12, 7, 13, 8], [24, 10, 1, 9], [6, 11, 7, 12], [13, 17, 14, 16]]"
12n_0009_143,"[[13, 17, 14, 16], [15, 20, 16, 21], [17, 23, 18, 22], [19, 2, 20, 3], [21, 14, 22, 15], [4, 23, 5, 24], [8, 2, 9, 1], [3, 18, 4, 19], [10, 5, 11, 6], [12, 7, 13, 8], [24, 10, 1, 9], [6, 11, 7, 12]]"
12n_0009_144,"[[7, 12, 8, 13], [14, 18, 15, 17], [16, 21, 17, 22], [18, 24, 19, 23], [20, 3, 21, 4], [22, 15, 23, 16], [5, 24, 6, 1], [9, 3, 10, 2], [4, 19, 5, 20], [11, 6, 12, 7], [13, 8, 14, 9], [1, 11, 2, 10]]"
12n_0009_145,"[[1, 11, 2, 10], [7, 12, 8, 13], [14, 18, 15, 17], [16, 21, 17, 22], [18, 24, 19, 23], [20, 3, 21, 4], [22, 15, 23, 16], [5, 24, 6, 1], [9, 3, 10, 2], [4, 19, 5, 20], [11, 6, 12, 7], [13, 8, 14, 9]]"
12n_0009_146,"[[13, 8, 14, 9], [1, 11, 2, 10], [7, 12, 8, 13], [14, 18, 15, 17], [16, 21, 17, 22], [18, 24, 19, 23], [20, 3, 21, 4], [22, 15, 23, 16], [5, 24, 6, 1], [9, 3, 10, 2], [4, 19, 5, 20], [11, 6, 12, 7]]"
12n_0009_147,"[[11, 6, 12, 7], [13, 8, 14, 9], [1, 11, 2, 10], [7, 12, 8, 13], [14, 18, 15, 17], [16, 21, 17, 22], [18, 24, 19, 23], [20, 3, 21, 4], [22, 15, 23, 16], [5, 24, 6, 1], [9, 3, 10, 2], [4, 19, 5, 20]]"
12n_0009_148,"[[4, 19, 5, 20], [11, 6, 12, 7], [13, 8, 14, 9], [1, 11, 2, 10], [7, 12, 8, 13], [14, 18, 15, 17], [16, 21, 17, 22], [18, 24, 19, 23], [20, 3, 21, 4], [22, 15, 23, 16], [5, 24, 6, 1], [9, 3, 10, 2]]"
12n_0009_149,"[[9, 3, 10, 2], [4, 19, 5, 20], [11, 6, 12, 7], [13, 8, 14, 9], [1, 11, 2, 10], [7, 12, 8, 13], [14, 18, 15, 17], [16, 21, 17, 22], [18, 24, 19, 23], [20, 3, 21, 4], [22, 15, 23, 16], [5, 24, 6, 1]]"
12n_0009_150,"[[5, 24, 6, 1], [9, 3, 10, 2], [4, 19, 5, 20], [11, 6, 12, 7], [13, 8, 14, 9], [1, 11, 2, 10], [7, 12, 8, 13], [14, 18, 15, 17], [16, 21, 17, 22], [18, 24, 19, 23], [20, 3, 21, 4], [22, 15, 23, 16]]"
12n_0009_151,"[[22, 15, 23, 16], [5, 24, 6, 1], [9, 3, 10, 2], [4, 19, 5, 20], [11, 6, 12, 7], [13, 8, 14, 9], [1, 11, 2, 10], [7, 12, 8, 13], [14, 18, 15, 17], [16, 21, 17, 22], [18, 24, 19, 23], [20, 3, 21, 4]]"
12n_0009_152,"[[20, 3, 21, 4], [22, 15, 23, 16], [5, 24, 6, 1], [9, 3, 10, 2], [4, 19, 5, 20], [11, 6, 12, 7], [13, 8, 14, 9], [1, 11, 2, 10], [7, 12, 8, 13], [14, 18, 15, 17], [16, 21, 17, 22], [18, 24, 19, 23]]"
12n_0009_153,"[[18, 24, 19, 23], [20, 3, 21, 4], [22, 15, 23, 16], [5, 24, 6, 1], [9, 3, 10, 2], [4, 19, 5, 20], [11, 6, 12, 7], [13, 8, 14, 9], [1, 11, 2, 10], [7, 12, 8, 13], [14, 18, 15, 17], [16, 21, 17, 22]]"
12n_0009_154,"[[16, 21, 17, 22], [18, 24, 19, 23], [20, 3, 21, 4], [22, 15, 23, 16], [5, 24, 6, 1], [9, 3, 10, 2], [4, 19, 5, 20], [11, 6, 12, 7], [13, 8, 14, 9], [1, 11, 2, 10], [7, 12, 8, 13], [14, 18, 15, 17]]"
12n_0009_155,"[[14, 18, 15, 17], [16, 21, 17, 22], [18, 24, 19, 23], [20, 3, 21, 4], [22, 15, 23, 16], [5, 24, 6, 1], [9, 3, 10, 2], [4, 19, 5, 20], [11, 6, 12, 7], [13, 8, 14, 9], [1, 11, 2, 10], [7, 12, 8, 13]]"
12n_0009_156,"[[8, 13, 9, 14], [15, 19, 16, 18], [17, 22, 18, 23], [19, 1, 20, 24], [21, 4, 22, 5], [23, 16, 24, 17], [6, 1, 7, 2], [10, 4, 11, 3], [5, 20, 6, 21], [12, 7, 13, 8], [14, 9, 15, 10], [2, 12, 3, 11]]"
12n_0009_157,"[[2, 12, 3, 11], [8, 13, 9, 14], [15, 19, 16, 18], [17, 22, 18, 23], [19, 1, 20, 24], [21, 4, 22, 5], [23, 16, 24, 17], [6, 1, 7, 2], [10, 4, 11, 3], [5, 20, 6, 21], [12, 7, 13, 8], [14, 9, 15, 10]]"
12n_0009_158,"[[14, 9, 15, 10], [2, 12, 3, 11], [8, 13, 9, 14], [15, 19, 16, 18], [17, 22, 18, 23], [19, 1, 20, 24], [21, 4, 22, 5], [23, 16, 24, 17], [6, 1, 7, 2], [10, 4, 11, 3], [5, 20, 6, 21], [12, 7, 13, 8]]"
12n_0009_159,"[[12, 7, 13, 8], [14, 9, 15, 10], [2, 12, 3, 11], [8, 13, 9, 14], [15, 19, 16, 18], [17, 22, 18, 23], [19, 1, 20, 24], [21, 4, 22, 5], [23, 16, 24, 17], [6, 1, 7, 2], [10, 4, 11, 3], [5, 20, 6, 21]]"
12n_0009_160,"[[5, 20, 6, 21], [12, 7, 13, 8], [14, 9, 15, 10], [2, 12, 3, 11], [8, 13, 9, 14], [15, 19, 16, 18], [17, 22, 18, 23], [19, 1, 20, 24], [21, 4, 22, 5], [23, 16, 24, 17], [6, 1, 7, 2], [10, 4, 11, 3]]"
12n_0009_161,"[[10, 4, 11, 3], [5, 20, 6, 21], [12, 7, 13, 8], [14, 9, 15, 10], [2, 12, 3, 11], [8, 13, 9, 14], [15, 19, 16, 18], [17, 22, 18, 23], [19, 1, 20, 24], [21, 4, 22, 5], [23, 16, 24, 17], [6, 1, 7, 2]]"
12n_0009_162,"[[6, 1, 7, 2], [10, 4, 11, 3], [5, 20, 6, 21], [12, 7, 13, 8], [14, 9, 15, 10], [2, 12, 3, 11], [8, 13, 9, 14], [15, 19, 16, 18], [17, 22, 18, 23], [19, 1, 20, 24], [21, 4, 22, 5], [23, 16, 24, 17]]"
12n_0009_163,"[[23, 16, 24, 17], [6, 1, 7, 2], [10, 4, 11, 3], [5, 20, 6, 21], [12, 7, 13, 8], [14, 9, 15, 10], [2, 12, 3, 11], [8, 13, 9, 14], [15, 19, 16, 18], [17, 22, 18, 23], [19, 1, 20, 24], [21, 4, 22, 5]]"
12n_0009_164,"[[21, 4, 22, 5], [23, 16, 24, 17], [6, 1, 7, 2], [10, 4, 11, 3], [5, 20, 6, 21], [12, 7, 13, 8], [14, 9, 15, 10], [2, 12, 3, 11], [8, 13, 9, 14], [15, 19, 16, 18], [17, 22, 18, 23], [19, 1, 20, 24]]"
12n_0009_165,"[[19, 1, 20, 24], [21, 4, 22, 5], [23, 16, 24, 17], [6, 1, 7, 2], [10, 4, 11, 3], [5, 20, 6, 21], [12, 7, 13, 8], [14, 9, 15, 10], [2, 12, 3, 11], [8, 13, 9, 14], [15, 19, 16, 18], [17, 22, 18, 23]]"
12n_0009_166,"[[17, 22, 18, 23], [19, 1, 20, 24], [21, 4, 22, 5], [23, 16, 24, 17], [6, 1, 7, 2], [10, 4, 11, 3], [5, 20, 6, 21], [12, 7, 13, 8], [14, 9, 15, 10], [2, 12, 3, 11], [8, 13, 9, 14], [15, 19, 16, 18]]"
12n_0009_167,"[[15, 19, 16, 18], [17, 22, 18, 23], [19, 1, 20, 24], [21, 4, 22, 5], [23, 16, 24, 17], [6, 1, 7, 2], [10, 4, 11, 3], [5, 20, 6, 21], [12, 7, 13, 8], [14, 9, 15, 10], [2, 12, 3, 11], [8, 13, 9, 14]]"
12n_0009_168,"[[9, 14, 10, 15], [16, 20, 17, 19], [18, 23, 19, 24], [20, 2, 21, 1], [22, 5, 23, 6], [24, 17, 1, 18], [7, 2, 8, 3], [11, 5, 12, 4], [6, 21, 7, 22], [13, 8, 14, 9], [15, 10, 16, 11], [3, 13, 4, 12]]"
12n_0009_169,"[[3, 13, 4, 12], [9, 14, 10, 15], [16, 20, 17, 19], [18, 23, 19, 24], [20, 2, 21, 1], [22, 5, 23, 6], [24, 17, 1, 18], [7, 2, 8, 3], [11, 5, 12, 4], [6, 21, 7, 22], [13, 8, 14, 9], [15, 10, 16, 11]]"
12n_0009_170,"[[15, 10, 16, 11], [3, 13, 4, 12], [9, 14, 10, 15], [16, 20, 17, 19], [18, 23, 19, 24], [20, 2, 21, 1], [22, 5, 23, 6], [24, 17, 1, 18], [7, 2, 8, 3], [11, 5, 12, 4], [6, 21, 7, 22], [13, 8, 14, 9]]"
12n_0009_171,"[[13, 8, 14, 9], [15, 10, 16, 11], [3, 13, 4, 12], [9, 14, 10, 15], [16, 20, 17, 19], [18, 23, 19, 24], [20, 2, 21, 1], [22, 5, 23, 6], [24, 17, 1, 18], [7, 2, 8, 3], [11, 5, 12, 4], [6, 21, 7, 22]]"
12n_0009_172,"[[6, 21, 7, 22], [13, 8, 14, 9], [15, 10, 16, 11], [3, 13, 4, 12], [9, 14, 10, 15], [16, 20, 17, 19], [18, 23, 19, 24], [20, 2, 21, 1], [22, 5, 23, 6], [24, 17, 1, 18], [7, 2, 8, 3], [11, 5, 12, 4]]"
12n_0009_173,"[[11, 5, 12, 4], [6, 21, 7, 22], [13, 8, 14, 9], [15, 10, 16, 11], [3, 13, 4, 12], [9, 14, 10, 15], [16, 20, 17, 19], [18, 23, 19, 24], [20, 2, 21, 1], [22, 5, 23, 6], [24, 17, 1, 18], [7, 2, 8, 3]]"
12n_0009_174,"[[7, 2, 8, 3], [11, 5, 12, 4], [6, 21, 7, 22], [13, 8, 14, 9], [15, 10, 16, 11], [3, 13, 4, 12], [9, 14, 10, 15], [16, 20, 17, 19], [18, 23, 19, 24], [20, 2, 21, 1], [22, 5, 23, 6], [24, 17, 1, 18]]"
12n_0009_175,"[[24, 17, 1, 18], [7, 2, 8, 3], [11, 5, 12, 4], [6, 21, 7, 22], [13, 8, 14, 9], [15, 10, 16, 11], [3, 13, 4, 12], [9, 14, 10, 15], [16, 20, 17, 19], [18, 23, 19, 24], [20, 2, 21, 1], [22, 5, 23, 6]]"
12n_0009_176,"[[22, 5, 23, 6], [24, 17, 1, 18], [7, 2, 8, 3], [11, 5, 12, 4], [6, 21, 7, 22], [13, 8, 14, 9], [15, 10, 16, 11], [3, 13, 4, 12], [9, 14, 10, 15], [16, 20, 17, 19], [18, 23, 19, 24], [20, 2, 21, 1]]"
12n_0009_177,"[[20, 2, 21, 1], [22, 5, 23, 6], [24, 17, 1, 18], [7, 2, 8, 3], [11, 5, 12, 4], [6, 21, 7, 22], [13, 8, 14, 9], [15, 10, 16, 11], [3, 13, 4, 12], [9, 14, 10, 15], [16, 20, 17, 19], [18, 23, 19, 24]]"
12n_0009_178,"[[18, 23, 19, 24], [20, 2, 21, 1], [22, 5, 23, 6], [24, 17, 1, 18], [7, 2, 8, 3], [11, 5, 12, 4], [6, 21, 7, 22], [13, 8, 14, 9], [15, 10, 16, 11], [3, 13, 4, 12], [9, 14, 10, 15], [16, 20, 17, 19]]"
12n_0009_179,"[[16, 20, 17, 19], [18, 23, 19, 24], [20, 2, 21, 1], [22, 5, 23, 6], [24, 17, 1, 18], [7, 2, 8, 3], [11, 5, 12, 4], [6, 21, 7, 22], [13, 8, 14, 9], [15, 10, 16, 11], [3, 13, 4, 12], [9, 14, 10, 15]]"
12n_0009_180,"[[10, 15, 11, 16], [17, 21, 18, 20], [19, 24, 20, 1], [21, 3, 22, 2], [23, 6, 24, 7], [1, 18, 2, 19], [8, 3, 9, 4], [12, 6, 13, 5], [7, 22, 8, 23], [14, 9, 15, 10], [16, 11, 17, 12], [4, 14, 5, 13]]"
12n_0009_181,"[[4, 14, 5, 13], [10, 15, 11, 16], [17, 21, 18, 20], [19, 24, 20, 1], [21, 3, 22, 2], [23, 6, 24, 7], [1, 18, 2, 19], [8, 3, 9, 4], [12, 6, 13, 5], [7, 22, 8, 23], [14, 9, 15, 10], [16, 11, 17, 12]]"
12n_0009_182,"[[16, 11, 17, 12], [4, 14, 5, 13], [10, 15, 11, 16], [17, 21, 18, 20], [19, 24, 20, 1], [21, 3, 22, 2], [23, 6, 24, 7], [1, 18, 2, 19], [8, 3, 9, 4], [12, 6, 13, 5], [7, 22, 8, 23], [14, 9, 15, 10]]"
12n_0009_183,"[[14, 9, 15, 10], [16, 11, 17, 12], [4, 14, 5, 13], [10, 15, 11, 16], [17, 21, 18, 20], [19, 24, 20, 1], [21, 3, 22, 2], [23, 6, 24, 7], [1, 18, 2, 19], [8, 3, 9, 4], [12, 6, 13, 5], [7, 22, 8, 23]]"
12n_0009_184,"[[7, 22, 8, 23], [14, 9, 15, 10], [16, 11, 17, 12], [4, 14, 5, 13], [10, 15, 11, 16], [17, 21, 18, 20], [19, 24, 20, 1], [21, 3, 22, 2], [23, 6, 24, 7], [1, 18, 2, 19], [8, 3, 9, 4], [12, 6, 13, 5]]"
12n_0009_185,"[[12, 6, 13, 5], [7, 22, 8, 23], [14, 9, 15, 10], [16, 11, 17, 12], [4, 14, 5, 13], [10, 15, 11, 16], [17, 21, 18, 20], [19, 24, 20, 1], [21, 3, 22, 2], [23, 6, 24, 7], [1, 18, 2, 19], [8, 3, 9, 4]]"
