name,pd_notation
12n_0630_0,"[[13, 1, 14, 24], [2, 6, 3, 5], [4, 15, 5, 16], [11, 6, 12, 7], [8, 24, 9, 23], [17, 11, 18, 10], [19, 12, 20, 13], [21, 15, 22, 14], [16, 3, 17, 4], [7, 19, 8, 18], [1, 20, 2, 21], [22, 10, 23, 9]]"
12n_0630_1,"[[22, 10, 23, 9], [13, 1, 14, 24], [2, 6, 3, 5], [4, 15, 5, 16], [11, 6, 12, 7], [8, 24, 9, 23], [17, 11, 18, 10], [19, 12, 20, 13], [21, 15, 22, 14], [16, 3, 17, 4], [7, 19, 8, 18], [1, 20, 2, 21]]"
12n_0630_2,"[[1, 20, 2, 21], [22, 10, 23, 9], [13, 1, 14, 24], [2, 6, 3, 5], [4, 15, 5, 16], [11, 6, 12, 7], [8, 24, 9, 23], [17, 11, 18, 10], [19, 12, 20, 13], [21, 15, 22, 14], [16, 3, 17, 4], [7, 19, 8, 18]]"
12n_0630_3,"[[7, 19, 8, 18], [1, 20, 2, 21], [22, 10, 23, 9], [13, 1, 14, 24], [2, 6, 3, 5], [4, 15, 5, 16], [11, 6, 12, 7], [8, 24, 9, 23], [17, 11, 18, 10], [19, 12, 20, 13], [21, 15, 22, 14], [16, 3, 17, 4]]"
12n_0630_4,"[[16, 3, 17, 4], [7, 19, 8, 18], [1, 20, 2, 21], [22, 10, 23, 9], [13, 1, 14, 24], [2, 6, 3, 5], [4, 15, 5, 16], [11, 6, 12, 7], [8, 24, 9, 23], [17, 11, 18, 10], [19, 12, 20, 13], [21, 15, 22, 14]]"
12n_0630_5,"[[21, 15, 22, 14], [16, 3, 17, 4], [7, 19, 8, 18], [1, 20, 2, 21], [22, 10, 23, 9], [13, 1, 14, 24], [2, 6, 3, 5], [4, 15, 5, 16], [11, 6, 12, 7], [8, 24, 9, 23], [17, 11, 18, 10], [19, 12, 20, 13]]"
12n_0630_6,"[[19, 12, 20, 13], [21, 15, 22, 14], [16, 3, 17, 4], [7, 19, 8, 18], [1, 20, 2, 21], [22, 10, 23, 9], [13, 1, 14, 24], [2, 6, 3, 5], [4, 15, 5, 16], [11, 6, 12, 7], [8, 24, 9, 23], [17, 11, 18, 10]]"
12n_0630_7,"[[17, 11, 18, 10], [19, 12, 20, 13], [21, 15, 22, 14], [16, 3, 17, 4], [7, 19, 8, 18], [1, 20, 2, 21], [22, 10, 23, 9], [13, 1, 14, 24], [2, 6, 3, 5], [4, 15, 5, 16], [11, 6, 12, 7], [8, 24, 9, 23]]"
12n_0630_8,"[[8, 24, 9, 23], [17, 11, 18, 10], [19, 12, 20, 13], [21, 15, 22, 14], [16, 3, 17, 4], [7, 19, 8, 18], [1, 20, 2, 21], [22, 10, 23, 9], [13, 1, 14, 24], [2, 6, 3, 5], [4, 15, 5, 16], [11, 6, 12, 7]]"
12n_0630_9,"[[11, 6, 12, 7], [8, 24, 9, 23], [17, 11, 18, 10], [19, 12, 20, 13], [21, 15, 22, 14], [16, 3, 17, 4], [7, 19, 8, 18], [1, 20, 2, 21], [22, 10, 23, 9], [13, 1, 14, 24], [2, 6, 3, 5], [4, 15, 5, 16]]"
12n_0630_10,"[[4, 15, 5, 16], [11, 6, 12, 7], [8, 24, 9, 23], [17, 11, 18, 10], [19, 12, 20, 13], [21, 15, 22, 14], [16, 3, 17, 4], [7, 19, 8, 18], [1, 20, 2, 21], [22, 10, 23, 9], [13, 1, 14, 24], [2, 6, 3, 5]]"
12n_0630_11,"[[2, 6, 3, 5], [4, 15, 5, 16], [11, 6, 12, 7], [8, 24, 9, 23], [17, 11, 18, 10], [19, 12, 20, 13], [21, 15, 22, 14], [16, 3, 17, 4], [7, 19, 8, 18], [1, 20, 2, 21], [22, 10, 23, 9], [13, 1, 14, 24]]"
12n_0630_12,"[[14, 2, 15, 1], [3, 7, 4, 6], [5, 16, 6, 17], [12, 7, 13, 8], [9, 1, 10, 24], [18, 12, 19, 11], [20, 13, 21, 14], [22, 16, 23, 15], [17, 4, 18, 5], [8, 20, 9, 19], [2, 21, 3, 22], [23, 11, 24, 10]]"
12n_0630_13,"[[23, 11, 24, 10], [14, 2, 15, 1], [3, 7, 4, 6], [5, 16, 6, 17], [12, 7, 13, 8], [9, 1, 10, 24], [18, 12, 19, 11], [20, 13, 21, 14], [22, 16, 23, 15], [17, 4, 18, 5], [8, 20, 9, 19], [2, 21, 3, 22]]"
12n_0630_14,"[[2, 21, 3, 22], [23, 11, 24, 10], [14, 2, 15, 1], [3, 7, 4, 6], [5, 16, 6, 17], [12, 7, 13, 8], [9, 1, 10, 24], [18, 12, 19, 11], [20, 13, 21, 14], [22, 16, 23, 15], [17, 4, 18, 5], [8, 20, 9, 19]]"
12n_0630_15,"[[8, 20, 9, 19], [2, 21, 3, 22], [23, 11, 24, 10], [14, 2, 15, 1], [3, 7, 4, 6], [5, 16, 6, 17], [12, 7, 13, 8], [9, 1, 10, 24], [18, 12, 19, 11], [20, 13, 21, 14], [22, 16, 23, 15], [17, 4, 18, 5]]"
12n_0630_16,"[[17, 4, 18, 5], [8, 20, 9, 19], [2, 21, 3, 22], [23, 11, 24, 10], [14, 2, 15, 1], [3, 7, 4, 6], [5, 16, 6, 17], [12, 7, 13, 8], [9, 1, 10, 24], [18, 12, 19, 11], [20, 13, 21, 14], [22, 16, 23, 15]]"
12n_0630_17,"[[22, 16, 23, 15], [17, 4, 18, 5], [8, 20, 9, 19], [2, 21, 3, 22], [23, 11, 24, 10], [14, 2, 15, 1], [3, 7, 4, 6], [5, 16, 6, 17], [12, 7, 13, 8], [9, 1, 10, 24], [18, 12, 19, 11], [20, 13, 21, 14]]"
12n_0630_18,"[[20, 13, 21, 14], [22, 16, 23, 15], [17, 4, 18, 5], [8, 20, 9, 19], [2, 21, 3, 22], [23, 11, 24, 10], [14, 2, 15, 1], [3, 7, 4, 6], [5, 16, 6, 17], [12, 7, 13, 8], [9, 1, 10, 24], [18, 12, 19, 11]]"
12n_0630_19,"[[18, 12, 19, 11], [20, 13, 21, 14], [22, 16, 23, 15], [17, 4, 18, 5], [8, 20, 9, 19], [2, 21, 3, 22], [23, 11, 24, 10], [14, 2, 15, 1], [3, 7, 4, 6], [5, 16, 6, 17], [12, 7, 13, 8], [9, 1, 10, 24]]"
12n_0630_20,"[[9, 1, 10, 24], [18, 12, 19, 11], [20, 13, 21, 14], [22, 16, 23, 15], [17, 4, 18, 5], [8, 20, 9, 19], [2, 21, 3, 22], [23, 11, 24, 10], [14, 2, 15, 1], [3, 7, 4, 6], [5, 16, 6, 17], [12, 7, 13, 8]]"
12n_0630_21,"[[12, 7, 13, 8], [9, 1, 10, 24], [18, 12, 19, 11], [20, 13, 21, 14], [22, 16, 23, 15], [17, 4, 18, 5], [8, 20, 9, 19], [2, 21, 3, 22], [23, 11, 24, 10], [14, 2, 15, 1], [3, 7, 4, 6], [5, 16, 6, 17]]"
12n_0630_22,"[[5, 16, 6, 17], [12, 7, 13, 8], [9, 1, 10, 24], [18, 12, 19, 11], [20, 13, 21, 14], [22, 16, 23, 15], [17, 4, 18, 5], [8, 20, 9, 19], [2, 21, 3, 22], [23, 11, 24, 10], [14, 2, 15, 1], [3, 7, 4, 6]]"
12n_0630_23,"[[3, 7, 4, 6], [5, 16, 6, 17], [12, 7, 13, 8], [9, 1, 10, 24], [18, 12, 19, 11], [20, 13, 21, 14], [22, 16, 23, 15], [17, 4, 18, 5], [8, 20, 9, 19], [2, 21, 3, 22], [23, 11, 24, 10], [14, 2, 15, 1]]"
12n_0630_24,"[[15, 3, 16, 2], [4, 8, 5, 7], [6, 17, 7, 18], [13, 8, 14, 9], [10, 2, 11, 1], [19, 13, 20, 12], [21, 14, 22, 15], [23, 17, 24, 16], [18, 5, 19, 6], [9, 21, 10, 20], [3, 22, 4, 23], [24, 12, 1, 11]]"
12n_0630_25,"[[24, 12, 1, 11], [15, 3, 16, 2], [4, 8, 5, 7], [6, 17, 7, 18], [13, 8, 14, 9], [10, 2, 11, 1], [19, 13, 20, 12], [21, 14, 22, 15], [23, 17, 24, 16], [18, 5, 19, 6], [9, 21, 10, 20], [3, 22, 4, 23]]"
12n_0630_26,"[[3, 22, 4, 23], [24, 12, 1, 11], [15, 3, 16, 2], [4, 8, 5, 7], [6, 17, 7, 18], [13, 8, 14, 9], [10, 2, 11, 1], [19, 13, 20, 12], [21, 14, 22, 15], [23, 17, 24, 16], [18, 5, 19, 6], [9, 21, 10, 20]]"
12n_0630_27,"[[9, 21, 10, 20], [3, 22, 4, 23], [24, 12, 1, 11], [15, 3, 16, 2], [4, 8, 5, 7], [6, 17, 7, 18], [13, 8, 14, 9], [10, 2, 11, 1], [19, 13, 20, 12], [21, 14, 22, 15], [23, 17, 24, 16], [18, 5, 19, 6]]"
12n_0630_28,"[[18, 5, 19, 6], [9, 21, 10, 20], [3, 22, 4, 23], [24, 12, 1, 11], [15, 3, 16, 2], [4, 8, 5, 7], [6, 17, 7, 18], [13, 8, 14, 9], [10, 2, 11, 1], [19, 13, 20, 12], [21, 14, 22, 15], [23, 17, 24, 16]]"
12n_0630_29,"[[23, 17, 24, 16], [18, 5, 19, 6], [9, 21, 10, 20], [3, 22, 4, 23], [24, 12, 1, 11], [15, 3, 16, 2], [4, 8, 5, 7], [6, 17, 7, 18], [13, 8, 14, 9], [10, 2, 11, 1], [19, 13, 20, 12], [21, 14, 22, 15]]"
12n_0630_30,"[[21, 14, 22, 15], [23, 17, 24, 16], [18, 5, 19, 6], [9, 21, 10, 20], [3, 22, 4, 23], [24, 12, 1, 11], [15, 3, 16, 2], [4, 8, 5, 7], [6, 17, 7, 18], [13, 8, 14, 9], [10, 2, 11, 1], [19, 13, 20, 12]]"
12n_0630_31,"[[19, 13, 20, 12], [21, 14, 22, 15], [23, 17, 24, 16], [18, 5, 19, 6], [9, 21, 10, 20], [3, 22, 4, 23], [24, 12, 1, 11], [15, 3, 16, 2], [4, 8, 5, 7], [6, 17, 7, 18], [13, 8, 14, 9], [10, 2, 11, 1]]"
12n_0630_32,"[[10, 2, 11, 1], [19, 13, 20, 12], [21, 14, 22, 15], [23, 17, 24, 16], [18, 5, 19, 6], [9, 21, 10, 20], [3, 22, 4, 23], [24, 12, 1, 11], [15, 3, 16, 2], [4, 8, 5, 7], [6, 17, 7, 18], [13, 8, 14, 9]]"
12n_0630_33,"[[13, 8, 14, 9], [10, 2, 11, 1], [19, 13, 20, 12], [21, 14, 22, 15], [23, 17, 24, 16], [18, 5, 19, 6], [9, 21, 10, 20], [3, 22, 4, 23], [24, 12, 1, 11], [15, 3, 16, 2], [4, 8, 5, 7], [6, 17, 7, 18]]"
12n_0630_34,"[[6, 17, 7, 18], [13, 8, 14, 9], [10, 2, 11, 1], [19, 13, 20, 12], [21, 14, 22, 15], [23, 17, 24, 16], [18, 5, 19, 6], [9, 21, 10, 20], [3, 22, 4, 23], [24, 12, 1, 11], [15, 3, 16, 2], [4, 8, 5, 7]]"
12n_0630_35,"[[4, 8, 5, 7], [6, 17, 7, 18], [13, 8, 14, 9], [10, 2, 11, 1], [19, 13, 20, 12], [21, 14, 22, 15], [23, 17, 24, 16], [18, 5, 19, 6], [9, 21, 10, 20], [3, 22, 4, 23], [24, 12, 1, 11], [15, 3, 16, 2]]"
12n_0630_36,"[[16, 4, 17, 3], [5, 9, 6, 8], [7, 18, 8, 19], [14, 9, 15, 10], [11, 3, 12, 2], [20, 14, 21, 13], [22, 15, 23, 16], [24, 18, 1, 17], [19, 6, 20, 7], [10, 22, 11, 21], [4, 23, 5, 24], [1, 13, 2, 12]]"
12n_0630_37,"[[1, 13, 2, 12], [16, 4, 17, 3], [5, 9, 6, 8], [7, 18, 8, 19], [14, 9, 15, 10], [11, 3, 12, 2], [20, 14, 21, 13], [22, 15, 23, 16], [24, 18, 1, 17], [19, 6, 20, 7], [10, 22, 11, 21], [4, 23, 5, 24]]"
12n_0630_38,"[[4, 23, 5, 24], [1, 13, 2, 12], [16, 4, 17, 3], [5, 9, 6, 8], [7, 18, 8, 19], [14, 9, 15, 10], [11, 3, 12, 2], [20, 14, 21, 13], [22, 15, 23, 16], [24, 18, 1, 17], [19, 6, 20, 7], [10, 22, 11, 21]]"
12n_0630_39,"[[10, 22, 11, 21], [4, 23, 5, 24], [1, 13, 2, 12], [16, 4, 17, 3], [5, 9, 6, 8], [7, 18, 8, 19], [14, 9, 15, 10], [11, 3, 12, 2], [20, 14, 21, 13], [22, 15, 23, 16], [24, 18, 1, 17], [19, 6, 20, 7]]"
12n_0630_40,"[[19, 6, 20, 7], [10, 22, 11, 21], [4, 23, 5, 24], [1, 13, 2, 12], [16, 4, 17, 3], [5, 9, 6, 8], [7, 18, 8, 19], [14, 9, 15, 10], [11, 3, 12, 2], [20, 14, 21, 13], [22, 15, 23, 16], [24, 18, 1, 17]]"
12n_0630_41,"[[24, 18, 1, 17], [19, 6, 20, 7], [10, 22, 11, 21], [4, 23, 5, 24], [1, 13, 2, 12], [16, 4, 17, 3], [5, 9, 6, 8], [7, 18, 8, 19], [14, 9, 15, 10], [11, 3, 12, 2], [20, 14, 21, 13], [22, 15, 23, 16]]"
12n_0630_42,"[[22, 15, 23, 16], [24, 18, 1, 17], [19, 6, 20, 7], [10, 22, 11, 21], [4, 23, 5, 24], [1, 13, 2, 12], [16, 4, 17, 3], [5, 9, 6, 8], [7, 18, 8, 19], [14, 9, 15, 10], [11, 3, 12, 2], [20, 14, 21, 13]]"
12n_0630_43,"[[20, 14, 21, 13], [22, 15, 23, 16], [24, 18, 1, 17], [19, 6, 20, 7], [10, 22, 11, 21], [4, 23, 5, 24], [1, 13, 2, 12], [16, 4, 17, 3], [5, 9, 6, 8], [7, 18, 8, 19], [14, 9, 15, 10], [11, 3, 12, 2]]"
12n_0630_44,"[[11, 3, 12, 2], [20, 14, 21, 13], [22, 15, 23, 16], [24, 18, 1, 17], [19, 6, 20, 7], [10, 22, 11, 21], [4, 23, 5, 24], [1, 13, 2, 12], [16, 4, 17, 3], [5, 9, 6, 8], [7, 18, 8, 19], [14, 9, 15, 10]]"
12n_0630_45,"[[14, 9, 15, 10], [11, 3, 12, 2], [20, 14, 21, 13], [22, 15, 23, 16], [24, 18, 1, 17], [19, 6, 20, 7], [10, 22, 11, 21], [4, 23, 5, 24], [1, 13, 2, 12], [16, 4, 17, 3], [5, 9, 6, 8], [7, 18, 8, 19]]"
12n_0630_46,"[[7, 18, 8, 19], [14, 9, 15, 10], [11, 3, 12, 2], [20, 14, 21, 13], [22, 15, 23, 16], [24, 18, 1, 17], [19, 6, 20, 7], [10, 22, 11, 21], [4, 23, 5, 24], [1, 13, 2, 12], [16, 4, 17, 3], [5, 9, 6, 8]]"
12n_0630_47,"[[5, 9, 6, 8], [7, 18, 8, 19], [14, 9, 15, 10], [11, 3, 12, 2], [20, 14, 21, 13], [22, 15, 23, 16], [24, 18, 1, 17], [19, 6, 20, 7], [10, 22, 11, 21], [4, 23, 5, 24], [1, 13, 2, 12], [16, 4, 17, 3]]"
12n_0630_48,"[[17, 5, 18, 4], [6, 10, 7, 9], [8, 19, 9, 20], [15, 10, 16, 11], [12, 4, 13, 3], [21, 15, 22, 14], [23, 16, 24, 17], [1, 19, 2, 18], [20, 7, 21, 8], [11, 23, 12, 22], [5, 24, 6, 1], [2, 14, 3, 13]]"
12n_0630_49,"[[2, 14, 3, 13], [17, 5, 18, 4], [6, 10, 7, 9], [8, 19, 9, 20], [15, 10, 16, 11], [12, 4, 13, 3], [21, 15, 22, 14], [23, 16, 24, 17], [1, 19, 2, 18], [20, 7, 21, 8], [11, 23, 12, 22], [5, 24, 6, 1]]"
12n_0630_50,"[[5, 24, 6, 1], [2, 14, 3, 13], [17, 5, 18, 4], [6, 10, 7, 9], [8, 19, 9, 20], [15, 10, 16, 11], [12, 4, 13, 3], [21, 15, 22, 14], [23, 16, 24, 17], [1, 19, 2, 18], [20, 7, 21, 8], [11, 23, 12, 22]]"
12n_0630_51,"[[11, 23, 12, 22], [5, 24, 6, 1], [2, 14, 3, 13], [17, 5, 18, 4], [6, 10, 7, 9], [8, 19, 9, 20], [15, 10, 16, 11], [12, 4, 13, 3], [21, 15, 22, 14], [23, 16, 24, 17], [1, 19, 2, 18], [20, 7, 21, 8]]"
12n_0630_52,"[[20, 7, 21, 8], [11, 23, 12, 22], [5, 24, 6, 1], [2, 14, 3, 13], [17, 5, 18, 4], [6, 10, 7, 9], [8, 19, 9, 20], [15, 10, 16, 11], [12, 4, 13, 3], [21, 15, 22, 14], [23, 16, 24, 17], [1, 19, 2, 18]]"
12n_0630_53,"[[1, 19, 2, 18], [20, 7, 21, 8], [11, 23, 12, 22], [5, 24, 6, 1], [2, 14, 3, 13], [17, 5, 18, 4], [6, 10, 7, 9], [8, 19, 9, 20], [15, 10, 16, 11], [12, 4, 13, 3], [21, 15, 22, 14], [23, 16, 24, 17]]"
12n_0630_54,"[[23, 16, 24, 17], [1, 19, 2, 18], [20, 7, 21, 8], [11, 23, 12, 22], [5, 24, 6, 1], [2, 14, 3, 13], [17, 5, 18, 4], [6, 10, 7, 9], [8, 19, 9, 20], [15, 10, 16, 11], [12, 4, 13, 3], [21, 15, 22, 14]]"
12n_0630_55,"[[21, 15, 22, 14], [23, 16, 24, 17], [1, 19, 2, 18], [20, 7, 21, 8], [11, 23, 12, 22], [5, 24, 6, 1], [2, 14, 3, 13], [17, 5, 18, 4], [6, 10, 7, 9], [8, 19, 9, 20], [15, 10, 16, 11], [12, 4, 13, 3]]"
12n_0630_56,"[[12, 4, 13, 3], [21, 15, 22, 14], [23, 16, 24, 17], [1, 19, 2, 18], [20, 7, 21, 8], [11, 23, 12, 22], [5, 24, 6, 1], [2, 14, 3, 13], [17, 5, 18, 4], [6, 10, 7, 9], [8, 19, 9, 20], [15, 10, 16, 11]]"
12n_0630_57,"[[15, 10, 16, 11], [12, 4, 13, 3], [21, 15, 22, 14], [23, 16, 24, 17], [1, 19, 2, 18], [20, 7, 21, 8], [11, 23, 12, 22], [5, 24, 6, 1], [2, 14, 3, 13], [17, 5, 18, 4], [6, 10, 7, 9], [8, 19, 9, 20]]"
12n_0630_58,"[[8, 19, 9, 20], [15, 10, 16, 11], [12, 4, 13, 3], [21, 15, 22, 14], [23, 16, 24, 17], [1, 19, 2, 18], [20, 7, 21, 8], [11, 23, 12, 22], [5, 24, 6, 1], [2, 14, 3, 13], [17, 5, 18, 4], [6, 10, 7, 9]]"
12n_0630_59,"[[6, 10, 7, 9], [8, 19, 9, 20], [15, 10, 16, 11], [12, 4, 13, 3], [21, 15, 22, 14], [23, 16, 24, 17], [1, 19, 2, 18], [20, 7, 21, 8], [11, 23, 12, 22], [5, 24, 6, 1], [2, 14, 3, 13], [17, 5, 18, 4]]"
12n_0630_60,"[[18, 6, 19, 5], [7, 11, 8, 10], [9, 20, 10, 21], [16, 11, 17, 12], [13, 5, 14, 4], [22, 16, 23, 15], [24, 17, 1, 18], [2, 20, 3, 19], [21, 8, 22, 9], [12, 24, 13, 23], [6, 1, 7, 2], [3, 15, 4, 14]]"
12n_0630_61,"[[3, 15, 4, 14], [18, 6, 19, 5], [7, 11, 8, 10], [9, 20, 10, 21], [16, 11, 17, 12], [13, 5, 14, 4], [22, 16, 23, 15], [24, 17, 1, 18], [2, 20, 3, 19], [21, 8, 22, 9], [12, 24, 13, 23], [6, 1, 7, 2]]"
12n_0630_62,"[[6, 1, 7, 2], [3, 15, 4, 14], [18, 6, 19, 5], [7, 11, 8, 10], [9, 20, 10, 21], [16, 11, 17, 12], [13, 5, 14, 4], [22, 16, 23, 15], [24, 17, 1, 18], [2, 20, 3, 19], [21, 8, 22, 9], [12, 24, 13, 23]]"
12n_0630_63,"[[12, 24, 13, 23], [6, 1, 7, 2], [3, 15, 4, 14], [18, 6, 19, 5], [7, 11, 8, 10], [9, 20, 10, 21], [16, 11, 17, 12], [13, 5, 14, 4], [22, 16, 23, 15], [24, 17, 1, 18], [2, 20, 3, 19], [21, 8, 22, 9]]"
12n_0630_64,"[[21, 8, 22, 9], [12, 24, 13, 23], [6, 1, 7, 2], [3, 15, 4, 14], [18, 6, 19, 5], [7, 11, 8, 10], [9, 20, 10, 21], [16, 11, 17, 12], [13, 5, 14, 4], [22, 16, 23, 15], [24, 17, 1, 18], [2, 20, 3, 19]]"
12n_0630_65,"[[2, 20, 3, 19], [21, 8, 22, 9], [12, 24, 13, 23], [6, 1, 7, 2], [3, 15, 4, 14], [18, 6, 19, 5], [7, 11, 8, 10], [9, 20, 10, 21], [16, 11, 17, 12], [13, 5, 14, 4], [22, 16, 23, 15], [24, 17, 1, 18]]"
12n_0630_66,"[[24, 17, 1, 18], [2, 20, 3, 19], [21, 8, 22, 9], [12, 24, 13, 23], [6, 1, 7, 2], [3, 15, 4, 14], [18, 6, 19, 5], [7, 11, 8, 10], [9, 20, 10, 21], [16, 11, 17, 12], [13, 5, 14, 4], [22, 16, 23, 15]]"
12n_0630_67,"[[22, 16, 23, 15], [24, 17, 1, 18], [2, 20, 3, 19], [21, 8, 22, 9], [12, 24, 13, 23], [6, 1, 7, 2], [3, 15, 4, 14], [18, 6, 19, 5], [7, 11, 8, 10], [9, 20, 10, 21], [16, 11, 17, 12], [13, 5, 14, 4]]"
12n_0630_68,"[[13, 5, 14, 4], [22, 16, 23, 15], [24, 17, 1, 18], [2, 20, 3, 19], [21, 8, 22, 9], [12, 24, 13, 23], [6, 1, 7, 2], [3, 15, 4, 14], [18, 6, 19, 5], [7, 11, 8, 10], [9, 20, 10, 21], [16, 11, 17, 12]]"
12n_0630_69,"[[16, 11, 17, 12], [13, 5, 14, 4], [22, 16, 23, 15], [24, 17, 1, 18], [2, 20, 3, 19], [21, 8, 22, 9], [12, 24, 13, 23], [6, 1, 7, 2], [3, 15, 4, 14], [18, 6, 19, 5], [7, 11, 8, 10], [9, 20, 10, 21]]"
12n_0630_70,"[[9, 20, 10, 21], [16, 11, 17, 12], [13, 5, 14, 4], [22, 16, 23, 15], [24, 17, 1, 18], [2, 20, 3, 19], [21, 8, 22, 9], [12, 24, 13, 23], [6, 1, 7, 2], [3, 15, 4, 14], [18, 6, 19, 5], [7, 11, 8, 10]]"
12n_0630_71,"[[7, 11, 8, 10], [9, 20, 10, 21], [16, 11, 17, 12], [13, 5, 14, 4], [22, 16, 23, 15], [24, 17, 1, 18], [2, 20, 3, 19], [21, 8, 22, 9], [12, 24, 13, 23], [6, 1, 7, 2], [3, 15, 4, 14], [18, 6, 19, 5]]"
12n_0630_72,"[[19, 7, 20, 6], [8, 12, 9, 11], [10, 21, 11, 22], [17, 12, 18, 13], [14, 6, 15, 5], [23, 17, 24, 16], [1, 18, 2, 19], [3, 21, 4, 20], [22, 9, 23, 10], [13, 1, 14, 24], [7, 2, 8, 3], [4, 16, 5, 15]]"
12n_0630_73,"[[4, 16, 5, 15], [19, 7, 20, 6], [8, 12, 9, 11], [10, 21, 11, 22], [17, 12, 18, 13], [14, 6, 15, 5], [23, 17, 24, 16], [1, 18, 2, 19], [3, 21, 4, 20], [22, 9, 23, 10], [13, 1, 14, 24], [7, 2, 8, 3]]"
12n_0630_74,"[[7, 2, 8, 3], [4, 16, 5, 15], [19, 7, 20, 6], [8, 12, 9, 11], [10, 21, 11, 22], [17, 12, 18, 13], [14, 6, 15, 5], [23, 17, 24, 16], [1, 18, 2, 19], [3, 21, 4, 20], [22, 9, 23, 10], [13, 1, 14, 24]]"
12n_0630_75,"[[13, 1, 14, 24], [7, 2, 8, 3], [4, 16, 5, 15], [19, 7, 20, 6], [8, 12, 9, 11], [10, 21, 11, 22], [17, 12, 18, 13], [14, 6, 15, 5], [23, 17, 24, 16], [1, 18, 2, 19], [3, 21, 4, 20], [22, 9, 23, 10]]"
12n_0630_76,"[[22, 9, 23, 10], [13, 1, 14, 24], [7, 2, 8, 3], [4, 16, 5, 15], [19, 7, 20, 6], [8, 12, 9, 11], [10, 21, 11, 22], [17, 12, 18, 13], [14, 6, 15, 5], [23, 17, 24, 16], [1, 18, 2, 19], [3, 21, 4, 20]]"
12n_0630_77,"[[3, 21, 4, 20], [22, 9, 23, 10], [13, 1, 14, 24], [7, 2, 8, 3], [4, 16, 5, 15], [19, 7, 20, 6], [8, 12, 9, 11], [10, 21, 11, 22], [17, 12, 18, 13], [14, 6, 15, 5], [23, 17, 24, 16], [1, 18, 2, 19]]"
12n_0630_78,"[[1, 18, 2, 19], [3, 21, 4, 20], [22, 9, 23, 10], [13, 1, 14, 24], [7, 2, 8, 3], [4, 16, 5, 15], [19, 7, 20, 6], [8, 12, 9, 11], [10, 21, 11, 22], [17, 12, 18, 13], [14, 6, 15, 5], [23, 17, 24, 16]]"
12n_0630_79,"[[23, 17, 24, 16], [1, 18, 2, 19], [3, 21, 4, 20], [22, 9, 23, 10], [13, 1, 14, 24], [7, 2, 8, 3], [4, 16, 5, 15], [19, 7, 20, 6], [8, 12, 9, 11], [10, 21, 11, 22], [17, 12, 18, 13], [14, 6, 15, 5]]"
12n_0630_80,"[[14, 6, 15, 5], [23, 17, 24, 16], [1, 18, 2, 19], [3, 21, 4, 20], [22, 9, 23, 10], [13, 1, 14, 24], [7, 2, 8, 3], [4, 16, 5, 15], [19, 7, 20, 6], [8, 12, 9, 11], [10, 21, 11, 22], [17, 12, 18, 13]]"
12n_0630_81,"[[17, 12, 18, 13], [14, 6, 15, 5], [23, 17, 24, 16], [1, 18, 2, 19], [3, 21, 4, 20], [22, 9, 23, 10], [13, 1, 14, 24], [7, 2, 8, 3], [4, 16, 5, 15], [19, 7, 20, 6], [8, 12, 9, 11], [10, 21, 11, 22]]"
12n_0630_82,"[[10, 21, 11, 22], [17, 12, 18, 13], [14, 6, 15, 5], [23, 17, 24, 16], [1, 18, 2, 19], [3, 21, 4, 20], [22, 9, 23, 10], [13, 1, 14, 24], [7, 2, 8, 3], [4, 16, 5, 15], [19, 7, 20, 6], [8, 12, 9, 11]]"
12n_0630_83,"[[8, 12, 9, 11], [10, 21, 11, 22], [17, 12, 18, 13], [14, 6, 15, 5], [23, 17, 24, 16], [1, 18, 2, 19], [3, 21, 4, 20], [22, 9, 23, 10], [13, 1, 14, 24], [7, 2, 8, 3], [4, 16, 5, 15], [19, 7, 20, 6]]"
12n_0630_84,"[[20, 8, 21, 7], [9, 13, 10, 12], [11, 22, 12, 23], [18, 13, 19, 14], [15, 7, 16, 6], [24, 18, 1, 17], [2, 19, 3, 20], [4, 22, 5, 21], [23, 10, 24, 11], [14, 2, 15, 1], [8, 3, 9, 4], [5, 17, 6, 16]]"
12n_0630_85,"[[5, 17, 6, 16], [20, 8, 21, 7], [9, 13, 10, 12], [11, 22, 12, 23], [18, 13, 19, 14], [15, 7, 16, 6], [24, 18, 1, 17], [2, 19, 3, 20], [4, 22, 5, 21], [23, 10, 24, 11], [14, 2, 15, 1], [8, 3, 9, 4]]"
12n_0630_86,"[[8, 3, 9, 4], [5, 17, 6, 16], [20, 8, 21, 7], [9, 13, 10, 12], [11, 22, 12, 23], [18, 13, 19, 14], [15, 7, 16, 6], [24, 18, 1, 17], [2, 19, 3, 20], [4, 22, 5, 21], [23, 10, 24, 11], [14, 2, 15, 1]]"
12n_0630_87,"[[14, 2, 15, 1], [8, 3, 9, 4], [5, 17, 6, 16], [20, 8, 21, 7], [9, 13, 10, 12], [11, 22, 12, 23], [18, 13, 19, 14], [15, 7, 16, 6], [24, 18, 1, 17], [2, 19, 3, 20], [4, 22, 5, 21], [23, 10, 24, 11]]"
12n_0630_88,"[[23, 10, 24, 11], [14, 2, 15, 1], [8, 3, 9, 4], [5, 17, 6, 16], [20, 8, 21, 7], [9, 13, 10, 12], [11, 22, 12, 23], [18, 13, 19, 14], [15, 7, 16, 6], [24, 18, 1, 17], [2, 19, 3, 20], [4, 22, 5, 21]]"
12n_0630_89,"[[4, 22, 5, 21], [23, 10, 24, 11], [14, 2, 15, 1], [8, 3, 9, 4], [5, 17, 6, 16], [20, 8, 21, 7], [9, 13, 10, 12], [11, 22, 12, 23], [18, 13, 19, 14], [15, 7, 16, 6], [24, 18, 1, 17], [2, 19, 3, 20]]"
12n_0630_90,"[[2, 19, 3, 20], [4, 22, 5, 21], [23, 10, 24, 11], [14, 2, 15, 1], [8, 3, 9, 4], [5, 17, 6, 16], [20, 8, 21, 7], [9, 13, 10, 12], [11, 22, 12, 23], [18, 13, 19, 14], [15, 7, 16, 6], [24, 18, 1, 17]]"
12n_0630_91,"[[24, 18, 1, 17], [2, 19, 3, 20], [4, 22, 5, 21], [23, 10, 24, 11], [14, 2, 15, 1], [8, 3, 9, 4], [5, 17, 6, 16], [20, 8, 21, 7], [9, 13, 10, 12], [11, 22, 12, 23], [18, 13, 19, 14], [15, 7, 16, 6]]"
12n_0630_92,"[[15, 7, 16, 6], [24, 18, 1, 17], [2, 19, 3, 20], [4, 22, 5, 21], [23, 10, 24, 11], [14, 2, 15, 1], [8, 3, 9, 4], [5, 17, 6, 16], [20, 8, 21, 7], [9, 13, 10, 12], [11, 22, 12, 23], [18, 13, 19, 14]]"
12n_0630_93,"[[18, 13, 19, 14], [15, 7, 16, 6], [24, 18, 1, 17], [2, 19, 3, 20], [4, 22, 5, 21], [23, 10, 24, 11], [14, 2, 15, 1], [8, 3, 9, 4], [5, 17, 6, 16], [20, 8, 21, 7], [9, 13, 10, 12], [11, 22, 12, 23]]"
12n_0630_94,"[[11, 22, 12, 23], [18, 13, 19, 14], [15, 7, 16, 6], [24, 18, 1, 17], [2, 19, 3, 20], [4, 22, 5, 21], [23, 10, 24, 11], [14, 2, 15, 1], [8, 3, 9, 4], [5, 17, 6, 16], [20, 8, 21, 7], [9, 13, 10, 12]]"
12n_0630_95,"[[9, 13, 10, 12], [11, 22, 12, 23], [18, 13, 19, 14], [15, 7, 16, 6], [24, 18, 1, 17], [2, 19, 3, 20], [4, 22, 5, 21], [23, 10, 24, 11], [14, 2, 15, 1], [8, 3, 9, 4], [5, 17, 6, 16], [20, 8, 21, 7]]"
12n_0630_96,"[[21, 9, 22, 8], [10, 14, 11, 13], [12, 23, 13, 24], [19, 14, 20, 15], [16, 8, 17, 7], [1, 19, 2, 18], [3, 20, 4, 21], [5, 23, 6, 22], [24, 11, 1, 12], [15, 3, 16, 2], [9, 4, 10, 5], [6, 18, 7, 17]]"
12n_0630_97,"[[6, 18, 7, 17], [21, 9, 22, 8], [10, 14, 11, 13], [12, 23, 13, 24], [19, 14, 20, 15], [16, 8, 17, 7], [1, 19, 2, 18], [3, 20, 4, 21], [5, 23, 6, 22], [24, 11, 1, 12], [15, 3, 16, 2], [9, 4, 10, 5]]"
12n_0630_98,"[[9, 4, 10, 5], [6, 18, 7, 17], [21, 9, 22, 8], [10, 14, 11, 13], [12, 23, 13, 24], [19, 14, 20, 15], [16, 8, 17, 7], [1, 19, 2, 18], [3, 20, 4, 21], [5, 23, 6, 22], [24, 11, 1, 12], [15, 3, 16, 2]]"
12n_0630_99,"[[15, 3, 16, 2], [9, 4, 10, 5], [6, 18, 7, 17], [21, 9, 22, 8], [10, 14, 11, 13], [12, 23, 13, 24], [19, 14, 20, 15], [16, 8, 17, 7], [1, 19, 2, 18], [3, 20, 4, 21], [5, 23, 6, 22], [24, 11, 1, 12]]"
12n_0630_100,"[[24, 11, 1, 12], [15, 3, 16, 2], [9, 4, 10, 5], [6, 18, 7, 17], [21, 9, 22, 8], [10, 14, 11, 13], [12, 23, 13, 24], [19, 14, 20, 15], [16, 8, 17, 7], [1, 19, 2, 18], [3, 20, 4, 21], [5, 23, 6, 22]]"
12n_0630_101,"[[5, 23, 6, 22], [24, 11, 1, 12], [15, 3, 16, 2], [9, 4, 10, 5], [6, 18, 7, 17], [21, 9, 22, 8], [10, 14, 11, 13], [12, 23, 13, 24], [19, 14, 20, 15], [16, 8, 17, 7], [1, 19, 2, 18], [3, 20, 4, 21]]"
12n_0630_102,"[[3, 20, 4, 21], [5, 23, 6, 22], [24, 11, 1, 12], [15, 3, 16, 2], [9, 4, 10, 5], [6, 18, 7, 17], [21, 9, 22, 8], [10, 14, 11, 13], [12, 23, 13, 24], [19, 14, 20, 15], [16, 8, 17, 7], [1, 19, 2, 18]]"
12n_0630_103,"[[1, 19, 2, 18], [3, 20, 4, 21], [5, 23, 6, 22], [24, 11, 1, 12], [15, 3, 16, 2], [9, 4, 10, 5], [6, 18, 7, 17], [21, 9, 22, 8], [10, 14, 11, 13], [12, 23, 13, 24], [19, 14, 20, 15], [16, 8, 17, 7]]"
12n_0630_104,"[[16, 8, 17, 7], [1, 19, 2, 18], [3, 20, 4, 21], [5, 23, 6, 22], [24, 11, 1, 12], [15, 3, 16, 2], [9, 4, 10, 5], [6, 18, 7, 17], [21, 9, 22, 8], [10, 14, 11, 13], [12, 23, 13, 24], [19, 14, 20, 15]]"
12n_0630_105,"[[19, 14, 20, 15], [16, 8, 17, 7], [1, 19, 2, 18], [3, 20, 4, 21], [5, 23, 6, 22], [24, 11, 1, 12], [15, 3, 16, 2], [9, 4, 10, 5], [6, 18, 7, 17], [21, 9, 22, 8], [10, 14, 11, 13], [12, 23, 13, 24]]"
12n_0630_106,"[[12, 23, 13, 24], [19, 14, 20, 15], [16, 8, 17, 7], [1, 19, 2, 18], [3, 20, 4, 21], [5, 23, 6, 22], [24, 11, 1, 12], [15, 3, 16, 2], [9, 4, 10, 5], [6, 18, 7, 17], [21, 9, 22, 8], [10, 14, 11, 13]]"
12n_0630_107,"[[10, 14, 11, 13], [12, 23, 13, 24], [19, 14, 20, 15], [16, 8, 17, 7], [1, 19, 2, 18], [3, 20, 4, 21], [5, 23, 6, 22], [24, 11, 1, 12], [15, 3, 16, 2], [9, 4, 10, 5], [6, 18, 7, 17], [21, 9, 22, 8]]"
12n_0630_108,"[[22, 10, 23, 9], [11, 15, 12, 14], [13, 24, 14, 1], [20, 15, 21, 16], [17, 9, 18, 8], [2, 20, 3, 19], [4, 21, 5, 22], [6, 24, 7, 23], [1, 12, 2, 13], [16, 4, 17, 3], [10, 5, 11, 6], [7, 19, 8, 18]]"
12n_0630_109,"[[7, 19, 8, 18], [22, 10, 23, 9], [11, 15, 12, 14], [13, 24, 14, 1], [20, 15, 21, 16], [17, 9, 18, 8], [2, 20, 3, 19], [4, 21, 5, 22], [6, 24, 7, 23], [1, 12, 2, 13], [16, 4, 17, 3], [10, 5, 11, 6]]"
12n_0630_110,"[[10, 5, 11, 6], [7, 19, 8, 18], [22, 10, 23, 9], [11, 15, 12, 14], [13, 24, 14, 1], [20, 15, 21, 16], [17, 9, 18, 8], [2, 20, 3, 19], [4, 21, 5, 22], [6, 24, 7, 23], [1, 12, 2, 13], [16, 4, 17, 3]]"
12n_0630_111,"[[16, 4, 17, 3], [10, 5, 11, 6], [7, 19, 8, 18], [22, 10, 23, 9], [11, 15, 12, 14], [13, 24, 14, 1], [20, 15, 21, 16], [17, 9, 18, 8], [2, 20, 3, 19], [4, 21, 5, 22], [6, 24, 7, 23], [1, 12, 2, 13]]"
12n_0630_112,"[[1, 12, 2, 13], [16, 4, 17, 3], [10, 5, 11, 6], [7, 19, 8, 18], [22, 10, 23, 9], [11, 15, 12, 14], [13, 24, 14, 1], [20, 15, 21, 16], [17, 9, 18, 8], [2, 20, 3, 19], [4, 21, 5, 22], [6, 24, 7, 23]]"
12n_0630_113,"[[6, 24, 7, 23], [1, 12, 2, 13], [16, 4, 17, 3], [10, 5, 11, 6], [7, 19, 8, 18], [22, 10, 23, 9], [11, 15, 12, 14], [13, 24, 14, 1], [20, 15, 21, 16], [17, 9, 18, 8], [2, 20, 3, 19], [4, 21, 5, 22]]"
12n_0630_114,"[[4, 21, 5, 22], [6, 24, 7, 23], [1, 12, 2, 13], [16, 4, 17, 3], [10, 5, 11, 6], [7, 19, 8, 18], [22, 10, 23, 9], [11, 15, 12, 14], [13, 24, 14, 1], [20, 15, 21, 16], [17, 9, 18, 8], [2, 20, 3, 19]]"
12n_0630_115,"[[2, 20, 3, 19], [4, 21, 5, 22], [6, 24, 7, 23], [1, 12, 2, 13], [16, 4, 17, 3], [10, 5, 11, 6], [7, 19, 8, 18], [22, 10, 23, 9], [11, 15, 12, 14], [13, 24, 14, 1], [20, 15, 21, 16], [17, 9, 18, 8]]"
12n_0630_116,"[[17, 9, 18, 8], [2, 20, 3, 19], [4, 21, 5, 22], [6, 24, 7, 23], [1, 12, 2, 13], [16, 4, 17, 3], [10, 5, 11, 6], [7, 19, 8, 18], [22, 10, 23, 9], [11, 15, 12, 14], [13, 24, 14, 1], [20, 15, 21, 16]]"
12n_0630_117,"[[20, 15, 21, 16], [17, 9, 18, 8], [2, 20, 3, 19], [4, 21, 5, 22], [6, 24, 7, 23], [1, 12, 2, 13], [16, 4, 17, 3], [10, 5, 11, 6], [7, 19, 8, 18], [22, 10, 23, 9], [11, 15, 12, 14], [13, 24, 14, 1]]"
12n_0630_118,"[[13, 24, 14, 1], [20, 15, 21, 16], [17, 9, 18, 8], [2, 20, 3, 19], [4, 21, 5, 22], [6, 24, 7, 23], [1, 12, 2, 13], [16, 4, 17, 3], [10, 5, 11, 6], [7, 19, 8, 18], [22, 10, 23, 9], [11, 15, 12, 14]]"
12n_0630_119,"[[11, 15, 12, 14], [13, 24, 14, 1], [20, 15, 21, 16], [17, 9, 18, 8], [2, 20, 3, 19], [4, 21, 5, 22], [6, 24, 7, 23], [1, 12, 2, 13], [16, 4, 17, 3], [10, 5, 11, 6], [7, 19, 8, 18], [22, 10, 23, 9]]"
12n_0630_120,"[[23, 11, 24, 10], [12, 16, 13, 15], [14, 1, 15, 2], [21, 16, 22, 17], [18, 10, 19, 9], [3, 21, 4, 20], [5, 22, 6, 23], [7, 1, 8, 24], [2, 13, 3, 14], [17, 5, 18, 4], [11, 6, 12, 7], [8, 20, 9, 19]]"
12n_0630_121,"[[8, 20, 9, 19], [23, 11, 24, 10], [12, 16, 13, 15], [14, 1, 15, 2], [21, 16, 22, 17], [18, 10, 19, 9], [3, 21, 4, 20], [5, 22, 6, 23], [7, 1, 8, 24], [2, 13, 3, 14], [17, 5, 18, 4], [11, 6, 12, 7]]"
12n_0630_122,"[[11, 6, 12, 7], [8, 20, 9, 19], [23, 11, 24, 10], [12, 16, 13, 15], [14, 1, 15, 2], [21, 16, 22, 17], [18, 10, 19, 9], [3, 21, 4, 20], [5, 22, 6, 23], [7, 1, 8, 24], [2, 13, 3, 14], [17, 5, 18, 4]]"
12n_0630_123,"[[17, 5, 18, 4], [11, 6, 12, 7], [8, 20, 9, 19], [23, 11, 24, 10], [12, 16, 13, 15], [14, 1, 15, 2], [21, 16, 22, 17], [18, 10, 19, 9], [3, 21, 4, 20], [5, 22, 6, 23], [7, 1, 8, 24], [2, 13, 3, 14]]"
12n_0630_124,"[[2, 13, 3, 14], [17, 5, 18, 4], [11, 6, 12, 7], [8, 20, 9, 19], [23, 11, 24, 10], [12, 16, 13, 15], [14, 1, 15, 2], [21, 16, 22, 17], [18, 10, 19, 9], [3, 21, 4, 20], [5, 22, 6, 23], [7, 1, 8, 24]]"
12n_0630_125,"[[7, 1, 8, 24], [2, 13, 3, 14], [17, 5, 18, 4], [11, 6, 12, 7], [8, 20, 9, 19], [23, 11, 24, 10], [12, 16, 13, 15], [14, 1, 15, 2], [21, 16, 22, 17], [18, 10, 19, 9], [3, 21, 4, 20], [5, 22, 6, 23]]"
12n_0630_126,"[[5, 22, 6, 23], [7, 1, 8, 24], [2, 13, 3, 14], [17, 5, 18, 4], [11, 6, 12, 7], [8, 20, 9, 19], [23, 11, 24, 10], [12, 16, 13, 15], [14, 1, 15, 2], [21, 16, 22, 17], [18, 10, 19, 9], [3, 21, 4, 20]]"
12n_0630_127,"[[3, 21, 4, 20], [5, 22, 6, 23], [7, 1, 8, 24], [2, 13, 3, 14], [17, 5, 18, 4], [11, 6, 12, 7], [8, 20, 9, 19], [23, 11, 24, 10], [12, 16, 13, 15], [14, 1, 15, 2], [21, 16, 22, 17], [18, 10, 19, 9]]"
12n_0630_128,"[[18, 10, 19, 9], [3, 21, 4, 20], [5, 22, 6, 23], [7, 1, 8, 24], [2, 13, 3, 14], [17, 5, 18, 4], [11, 6, 12, 7], [8, 20, 9, 19], [23, 11, 24, 10], [12, 16, 13, 15], [14, 1, 15, 2], [21, 16, 22, 17]]"
12n_0630_129,"[[21, 16, 22, 17], [18, 10, 19, 9], [3, 21, 4, 20], [5, 22, 6, 23], [7, 1, 8, 24], [2, 13, 3, 14], [17, 5, 18, 4], [11, 6, 12, 7], [8, 20, 9, 19], [23, 11, 24, 10], [12, 16, 13, 15], [14, 1, 15, 2]]"
12n_0630_130,"[[14, 1, 15, 2], [21, 16, 22, 17], [18, 10, 19, 9], [3, 21, 4, 20], [5, 22, 6, 23], [7, 1, 8, 24], [2, 13, 3, 14], [17, 5, 18, 4], [11, 6, 12, 7], [8, 20, 9, 19], [23, 11, 24, 10], [12, 16, 13, 15]]"
12n_0630_131,"[[12, 16, 13, 15], [14, 1, 15, 2], [21, 16, 22, 17], [18, 10, 19, 9], [3, 21, 4, 20], [5, 22, 6, 23], [7, 1, 8, 24], [2, 13, 3, 14], [17, 5, 18, 4], [11, 6, 12, 7], [8, 20, 9, 19], [23, 11, 24, 10]]"
12n_0630_132,"[[24, 12, 1, 11], [13, 17, 14, 16], [15, 2, 16, 3], [22, 17, 23, 18], [19, 11, 20, 10], [4, 22, 5, 21], [6, 23, 7, 24], [8, 2, 9, 1], [3, 14, 4, 15], [18, 6, 19, 5], [12, 7, 13, 8], [9, 21, 10, 20]]"
12n_0630_133,"[[9, 21, 10, 20], [24, 12, 1, 11], [13, 17, 14, 16], [15, 2, 16, 3], [22, 17, 23, 18], [19, 11, 20, 10], [4, 22, 5, 21], [6, 23, 7, 24], [8, 2, 9, 1], [3, 14, 4, 15], [18, 6, 19, 5], [12, 7, 13, 8]]"
12n_0630_134,"[[12, 7, 13, 8], [9, 21, 10, 20], [24, 12, 1, 11], [13, 17, 14, 16], [15, 2, 16, 3], [22, 17, 23, 18], [19, 11, 20, 10], [4, 22, 5, 21], [6, 23, 7, 24], [8, 2, 9, 1], [3, 14, 4, 15], [18, 6, 19, 5]]"
12n_0630_135,"[[18, 6, 19, 5], [12, 7, 13, 8], [9, 21, 10, 20], [24, 12, 1, 11], [13, 17, 14, 16], [15, 2, 16, 3], [22, 17, 23, 18], [19, 11, 20, 10], [4, 22, 5, 21], [6, 23, 7, 24], [8, 2, 9, 1], [3, 14, 4, 15]]"
12n_0630_136,"[[3, 14, 4, 15], [18, 6, 19, 5], [12, 7, 13, 8], [9, 21, 10, 20], [24, 12, 1, 11], [13, 17, 14, 16], [15, 2, 16, 3], [22, 17, 23, 18], [19, 11, 20, 10], [4, 22, 5, 21], [6, 23, 7, 24], [8, 2, 9, 1]]"
12n_0630_137,"[[8, 2, 9, 1], [3, 14, 4, 15], [18, 6, 19, 5], [12, 7, 13, 8], [9, 21, 10, 20], [24, 12, 1, 11], [13, 17, 14, 16], [15, 2, 16, 3], [22, 17, 23, 18], [19, 11, 20, 10], [4, 22, 5, 21], [6, 23, 7, 24]]"
12n_0630_138,"[[6, 23, 7, 24], [8, 2, 9, 1], [3, 14, 4, 15], [18, 6, 19, 5], [12, 7, 13, 8], [9, 21, 10, 20], [24, 12, 1, 11], [13, 17, 14, 16], [15, 2, 16, 3], [22, 17, 23, 18], [19, 11, 20, 10], [4, 22, 5, 21]]"
12n_0630_139,"[[4, 22, 5, 21], [6, 23, 7, 24], [8, 2, 9, 1], [3, 14, 4, 15], [18, 6, 19, 5], [12, 7, 13, 8], [9, 21, 10, 20], [24, 12, 1, 11], [13, 17, 14, 16], [15, 2, 16, 3], [22, 17, 23, 18], [19, 11, 20, 10]]"
12n_0630_140,"[[19, 11, 20, 10], [4, 22, 5, 21], [6, 23, 7, 24], [8, 2, 9, 1], [3, 14, 4, 15], [18, 6, 19, 5], [12, 7, 13, 8], [9, 21, 10, 20], [24, 12, 1, 11], [13, 17, 14, 16], [15, 2, 16, 3], [22, 17, 23, 18]]"
12n_0630_141,"[[22, 17, 23, 18], [19, 11, 20, 10], [4, 22, 5, 21], [6, 23, 7, 24], [8, 2, 9, 1], [3, 14, 4, 15], [18, 6, 19, 5], [12, 7, 13, 8], [9, 21, 10, 20], [24, 12, 1, 11], [13, 17, 14, 16], [15, 2, 16, 3]]"
12n_0630_142,"[[15, 2, 16, 3], [22, 17, 23, 18], [19, 11, 20, 10], [4, 22, 5, 21], [6, 23, 7, 24], [8, 2, 9, 1], [3, 14, 4, 15], [18, 6, 19, 5], [12, 7, 13, 8], [9, 21, 10, 20], [24, 12, 1, 11], [13, 17, 14, 16]]"
12n_0630_143,"[[13, 17, 14, 16], [15, 2, 16, 3], [22, 17, 23, 18], [19, 11, 20, 10], [4, 22, 5, 21], [6, 23, 7, 24], [8, 2, 9, 1], [3, 14, 4, 15], [18, 6, 19, 5], [12, 7, 13, 8], [9, 21, 10, 20], [24, 12, 1, 11]]"
12n_0630_144,"[[1, 13, 2, 12], [14, 18, 15, 17], [16, 3, 17, 4], [23, 18, 24, 19], [20, 12, 21, 11], [5, 23, 6, 22], [7, 24, 8, 1], [9, 3, 10, 2], [4, 15, 5, 16], [19, 7, 20, 6], [13, 8, 14, 9], [10, 22, 11, 21]]"
12n_0630_145,"[[10, 22, 11, 21], [1, 13, 2, 12], [14, 18, 15, 17], [16, 3, 17, 4], [23, 18, 24, 19], [20, 12, 21, 11], [5, 23, 6, 22], [7, 24, 8, 1], [9, 3, 10, 2], [4, 15, 5, 16], [19, 7, 20, 6], [13, 8, 14, 9]]"
12n_0630_146,"[[13, 8, 14, 9], [10, 22, 11, 21], [1, 13, 2, 12], [14, 18, 15, 17], [16, 3, 17, 4], [23, 18, 24, 19], [20, 12, 21, 11], [5, 23, 6, 22], [7, 24, 8, 1], [9, 3, 10, 2], [4, 15, 5, 16], [19, 7, 20, 6]]"
12n_0630_147,"[[19, 7, 20, 6], [13, 8, 14, 9], [10, 22, 11, 21], [1, 13, 2, 12], [14, 18, 15, 17], [16, 3, 17, 4], [23, 18, 24, 19], [20, 12, 21, 11], [5, 23, 6, 22], [7, 24, 8, 1], [9, 3, 10, 2], [4, 15, 5, 16]]"
12n_0630_148,"[[4, 15, 5, 16], [19, 7, 20, 6], [13, 8, 14, 9], [10, 22, 11, 21], [1, 13, 2, 12], [14, 18, 15, 17], [16, 3, 17, 4], [23, 18, 24, 19], [20, 12, 21, 11], [5, 23, 6, 22], [7, 24, 8, 1], [9, 3, 10, 2]]"
12n_0630_149,"[[9, 3, 10, 2], [4, 15, 5, 16], [19, 7, 20, 6], [13, 8, 14, 9], [10, 22, 11, 21], [1, 13, 2, 12], [14, 18, 15, 17], [16, 3, 17, 4], [23, 18, 24, 19], [20, 12, 21, 11], [5, 23, 6, 22], [7, 24, 8, 1]]"
12n_0630_150,"[[7, 24, 8, 1], [9, 3, 10, 2], [4, 15, 5, 16], [19, 7, 20, 6], [13, 8, 14, 9], [10, 22, 11, 21], [1, 13, 2, 12], [14, 18, 15, 17], [16, 3, 17, 4], [23, 18, 24, 19], [20, 12, 21, 11], [5, 23, 6, 22]]"
12n_0630_151,"[[5, 23, 6, 22], [7, 24, 8, 1], [9, 3, 10, 2], [4, 15, 5, 16], [19, 7, 20, 6], [13, 8, 14, 9], [10, 22, 11, 21], [1, 13, 2, 12], [14, 18, 15, 17], [16, 3, 17, 4], [23, 18, 24, 19], [20, 12, 21, 11]]"
12n_0630_152,"[[20, 12, 21, 11], [5, 23, 6, 22], [7, 24, 8, 1], [9, 3, 10, 2], [4, 15, 5, 16], [19, 7, 20, 6], [13, 8, 14, 9], [10, 22, 11, 21], [1, 13, 2, 12], [14, 18, 15, 17], [16, 3, 17, 4], [23, 18, 24, 19]]"
12n_0630_153,"[[23, 18, 24, 19], [20, 12, 21, 11], [5, 23, 6, 22], [7, 24, 8, 1], [9, 3, 10, 2], [4, 15, 5, 16], [19, 7, 20, 6], [13, 8, 14, 9], [10, 22, 11, 21], [1, 13, 2, 12], [14, 18, 15, 17], [16, 3, 17, 4]]"
12n_0630_154,"[[16, 3, 17, 4], [23, 18, 24, 19], [20, 12, 21, 11], [5, 23, 6, 22], [7, 24, 8, 1], [9, 3, 10, 2], [4, 15, 5, 16], [19, 7, 20, 6], [13, 8, 14, 9], [10, 22, 11, 21], [1, 13, 2, 12], [14, 18, 15, 17]]"
12n_0630_155,"[[14, 18, 15, 17], [16, 3, 17, 4], [23, 18, 24, 19], [20, 12, 21, 11], [5, 23, 6, 22], [7, 24, 8, 1], [9, 3, 10, 2], [4, 15, 5, 16], [19, 7, 20, 6], [13, 8, 14, 9], [10, 22, 11, 21], [1, 13, 2, 12]]"
12n_0630_156,"[[2, 14, 3, 13], [15, 19, 16, 18], [17, 4, 18, 5], [24, 19, 1, 20], [21, 13, 22, 12], [6, 24, 7, 23], [8, 1, 9, 2], [10, 4, 11, 3], [5, 16, 6, 17], [20, 8, 21, 7], [14, 9, 15, 10], [11, 23, 12, 22]]"
12n_0630_157,"[[11, 23, 12, 22], [2, 14, 3, 13], [15, 19, 16, 18], [17, 4, 18, 5], [24, 19, 1, 20], [21, 13, 22, 12], [6, 24, 7, 23], [8, 1, 9, 2], [10, 4, 11, 3], [5, 16, 6, 17], [20, 8, 21, 7], [14, 9, 15, 10]]"
12n_0630_158,"[[14, 9, 15, 10], [11, 23, 12, 22], [2, 14, 3, 13], [15, 19, 16, 18], [17, 4, 18, 5], [24, 19, 1, 20], [21, 13, 22, 12], [6, 24, 7, 23], [8, 1, 9, 2], [10, 4, 11, 3], [5, 16, 6, 17], [20, 8, 21, 7]]"
12n_0630_159,"[[20, 8, 21, 7], [14, 9, 15, 10], [11, 23, 12, 22], [2, 14, 3, 13], [15, 19, 16, 18], [17, 4, 18, 5], [24, 19, 1, 20], [21, 13, 22, 12], [6, 24, 7, 23], [8, 1, 9, 2], [10, 4, 11, 3], [5, 16, 6, 17]]"
12n_0630_160,"[[5, 16, 6, 17], [20, 8, 21, 7], [14, 9, 15, 10], [11, 23, 12, 22], [2, 14, 3, 13], [15, 19, 16, 18], [17, 4, 18, 5], [24, 19, 1, 20], [21, 13, 22, 12], [6, 24, 7, 23], [8, 1, 9, 2], [10, 4, 11, 3]]"
12n_0630_161,"[[10, 4, 11, 3], [5, 16, 6, 17], [20, 8, 21, 7], [14, 9, 15, 10], [11, 23, 12, 22], [2, 14, 3, 13], [15, 19, 16, 18], [17, 4, 18, 5], [24, 19, 1, 20], [21, 13, 22, 12], [6, 24, 7, 23], [8, 1, 9, 2]]"
12n_0630_162,"[[8, 1, 9, 2], [10, 4, 11, 3], [5, 16, 6, 17], [20, 8, 21, 7], [14, 9, 15, 10], [11, 23, 12, 22], [2, 14, 3, 13], [15, 19, 16, 18], [17, 4, 18, 5], [24, 19, 1, 20], [21, 13, 22, 12], [6, 24, 7, 23]]"
12n_0630_163,"[[6, 24, 7, 23], [8, 1, 9, 2], [10, 4, 11, 3], [5, 16, 6, 17], [20, 8, 21, 7], [14, 9, 15, 10], [11, 23, 12, 22], [2, 14, 3, 13], [15, 19, 16, 18], [17, 4, 18, 5], [24, 19, 1, 20], [21, 13, 22, 12]]"
12n_0630_164,"[[21, 13, 22, 12], [6, 24, 7, 23], [8, 1, 9, 2], [10, 4, 11, 3], [5, 16, 6, 17], [20, 8, 21, 7], [14, 9, 15, 10], [11, 23, 12, 22], [2, 14, 3, 13], [15, 19, 16, 18], [17, 4, 18, 5], [24, 19, 1, 20]]"
12n_0630_165,"[[24, 19, 1, 20], [21, 13, 22, 12], [6, 24, 7, 23], [8, 1, 9, 2], [10, 4, 11, 3], [5, 16, 6, 17], [20, 8, 21, 7], [14, 9, 15, 10], [11, 23, 12, 22], [2, 14, 3, 13], [15, 19, 16, 18], [17, 4, 18, 5]]"
12n_0630_166,"[[17, 4, 18, 5], [24, 19, 1, 20], [21, 13, 22, 12], [6, 24, 7, 23], [8, 1, 9, 2], [10, 4, 11, 3], [5, 16, 6, 17], [20, 8, 21, 7], [14, 9, 15, 10], [11, 23, 12, 22], [2, 14, 3, 13], [15, 19, 16, 18]]"
12n_0630_167,"[[15, 19, 16, 18], [17, 4, 18, 5], [24, 19, 1, 20], [21, 13, 22, 12], [6, 24, 7, 23], [8, 1, 9, 2], [10, 4, 11, 3], [5, 16, 6, 17], [20, 8, 21, 7], [14, 9, 15, 10], [11, 23, 12, 22], [2, 14, 3, 13]]"
12n_0630_168,"[[3, 15, 4, 14], [16, 20, 17, 19], [18, 5, 19, 6], [1, 20, 2, 21], [22, 14, 23, 13], [7, 1, 8, 24], [9, 2, 10, 3], [11, 5, 12, 4], [6, 17, 7, 18], [21, 9, 22, 8], [15, 10, 16, 11], [12, 24, 13, 23]]"
12n_0630_169,"[[12, 24, 13, 23], [3, 15, 4, 14], [16, 20, 17, 19], [18, 5, 19, 6], [1, 20, 2, 21], [22, 14, 23, 13], [7, 1, 8, 24], [9, 2, 10, 3], [11, 5, 12, 4], [6, 17, 7, 18], [21, 9, 22, 8], [15, 10, 16, 11]]"
12n_0630_170,"[[15, 10, 16, 11], [12, 24, 13, 23], [3, 15, 4, 14], [16, 20, 17, 19], [18, 5, 19, 6], [1, 20, 2, 21], [22, 14, 23, 13], [7, 1, 8, 24], [9, 2, 10, 3], [11, 5, 12, 4], [6, 17, 7, 18], [21, 9, 22, 8]]"
12n_0630_171,"[[21, 9, 22, 8], [15, 10, 16, 11], [12, 24, 13, 23], [3, 15, 4, 14], [16, 20, 17, 19], [18, 5, 19, 6], [1, 20, 2, 21], [22, 14, 23, 13], [7, 1, 8, 24], [9, 2, 10, 3], [11, 5, 12, 4], [6, 17, 7, 18]]"
12n_0630_172,"[[6, 17, 7, 18], [21, 9, 22, 8], [15, 10, 16, 11], [12, 24, 13, 23], [3, 15, 4, 14], [16, 20, 17, 19], [18, 5, 19, 6], [1, 20, 2, 21], [22, 14, 23, 13], [7, 1, 8, 24], [9, 2, 10, 3], [11, 5, 12, 4]]"
12n_0630_173,"[[11, 5, 12, 4], [6, 17, 7, 18], [21, 9, 22, 8], [15, 10, 16, 11], [12, 24, 13, 23], [3, 15, 4, 14], [16, 20, 17, 19], [18, 5, 19, 6], [1, 20, 2, 21], [22, 14, 23, 13], [7, 1, 8, 24], [9, 2, 10, 3]]"
12n_0630_174,"[[9, 2, 10, 3], [11, 5, 12, 4], [6, 17, 7, 18], [21, 9, 22, 8], [15, 10, 16, 11], [12, 24, 13, 23], [3, 15, 4, 14], [16, 20, 17, 19], [18, 5, 19, 6], [1, 20, 2, 21], [22, 14, 23, 13], [7, 1, 8, 24]]"
12n_0630_175,"[[7, 1, 8, 24], [9, 2, 10, 3], [11, 5, 12, 4], [6, 17, 7, 18], [21, 9, 22, 8], [15, 10, 16, 11], [12, 24, 13, 23], [3, 15, 4, 14], [16, 20, 17, 19], [18, 5, 19, 6], [1, 20, 2, 21], [22, 14, 23, 13]]"
12n_0630_176,"[[22, 14, 23, 13], [7, 1, 8, 24], [9, 2, 10, 3], [11, 5, 12, 4], [6, 17, 7, 18], [21, 9, 22, 8], [15, 10, 16, 11], [12, 24, 13, 23], [3, 15, 4, 14], [16, 20, 17, 19], [18, 5, 19, 6], [1, 20, 2, 21]]"
12n_0630_177,"[[1, 20, 2, 21], [22, 14, 23, 13], [7, 1, 8, 24], [9, 2, 10, 3], [11, 5, 12, 4], [6, 17, 7, 18], [21, 9, 22, 8], [15, 10, 16, 11], [12, 24, 13, 23], [3, 15, 4, 14], [16, 20, 17, 19], [18, 5, 19, 6]]"
12n_0630_178,"[[18, 5, 19, 6], [1, 20, 2, 21], [22, 14, 23, 13], [7, 1, 8, 24], [9, 2, 10, 3], [11, 5, 12, 4], [6, 17, 7, 18], [21, 9, 22, 8], [15, 10, 16, 11], [12, 24, 13, 23], [3, 15, 4, 14], [16, 20, 17, 19]]"
12n_0630_179,"[[16, 20, 17, 19], [18, 5, 19, 6], [1, 20, 2, 21], [22, 14, 23, 13], [7, 1, 8, 24], [9, 2, 10, 3], [11, 5, 12, 4], [6, 17, 7, 18], [21, 9, 22, 8], [15, 10, 16, 11], [12, 24, 13, 23], [3, 15, 4, 14]]"
12n_0630_180,"[[4, 16, 5, 15], [17, 21, 18, 20], [19, 6, 20, 7], [2, 21, 3, 22], [23, 15, 24, 14], [8, 2, 9, 1], [10, 3, 11, 4], [12, 6, 13, 5], [7, 18, 8, 19], [22, 10, 23, 9], [16, 11, 17, 12], [13, 1, 14, 24]]"
12n_0630_181,"[[13, 1, 14, 24], [4, 16, 5, 15], [17, 21, 18, 20], [19, 6, 20, 7], [2, 21, 3, 22], [23, 15, 24, 14], [8, 2, 9, 1], [10, 3, 11, 4], [12, 6, 13, 5], [7, 18, 8, 19], [22, 10, 23, 9], [16, 11, 17, 12]]"
12n_0630_182,"[[16, 11, 17, 12], [13, 1, 14, 24], [4, 16, 5, 15], [17, 21, 18, 20], [19, 6, 20, 7], [2, 21, 3, 22], [23, 15, 24, 14], [8, 2, 9, 1], [10, 3, 11, 4], [12, 6, 13, 5], [7, 18, 8, 19], [22, 10, 23, 9]]"
12n_0630_183,"[[22, 10, 23, 9], [16, 11, 17, 12], [13, 1, 14, 24], [4, 16, 5, 15], [17, 21, 18, 20], [19, 6, 20, 7], [2, 21, 3, 22], [23, 15, 24, 14], [8, 2, 9, 1], [10, 3, 11, 4], [12, 6, 13, 5], [7, 18, 8, 19]]"
12n_0630_184,"[[7, 18, 8, 19], [22, 10, 23, 9], [16, 11, 17, 12], [13, 1, 14, 24], [4, 16, 5, 15], [17, 21, 18, 20], [19, 6, 20, 7], [2, 21, 3, 22], [23, 15, 24, 14], [8, 2, 9, 1], [10, 3, 11, 4], [12, 6, 13, 5]]"
12n_0630_185,"[[12, 6, 13, 5], [7, 18, 8, 19], [22, 10, 23, 9], [16, 11, 17, 12], [13, 1, 14, 24], [4, 16, 5, 15], [17, 21, 18, 20], [19, 6, 20, 7], [2, 21, 3, 22], [23, 15, 24, 14], [8, 2, 9, 1], [10, 3, 11, 4]]"
