name,pd_notation
12n_0065_0,"[[19, 1, 20, 24], [2, 6, 3, 5], [4, 9, 5, 10], [6, 12, 7, 11], [17, 8, 18, 9], [10, 3, 11, 4], [23, 12, 24, 13], [21, 14, 22, 15], [7, 16, 8, 17], [1, 19, 2, 18], [15, 20, 16, 21], [13, 22, 14, 23]]"
12n_0065_1,"[[13, 22, 14, 23], [19, 1, 20, 24], [2, 6, 3, 5], [4, 9, 5, 10], [6, 12, 7, 11], [17, 8, 18, 9], [10, 3, 11, 4], [23, 12, 24, 13], [21, 14, 22, 15], [7, 16, 8, 17], [1, 19, 2, 18], [15, 20, 16, 21]]"
12n_0065_2,"[[15, 20, 16, 21], [13, 22, 14, 23], [19, 1, 20, 24], [2, 6, 3, 5], [4, 9, 5, 10], [6, 12, 7, 11], [17, 8, 18, 9], [10, 3, 11, 4], [23, 12, 24, 13], [21, 14, 22, 15], [7, 16, 8, 17], [1, 19, 2, 18]]"
12n_0065_3,"[[1, 19, 2, 18], [15, 20, 16, 21], [13, 22, 14, 23], [19, 1, 20, 24], [2, 6, 3, 5], [4, 9, 5, 10], [6, 12, 7, 11], [17, 8, 18, 9], [10, 3, 11, 4], [23, 12, 24, 13], [21, 14, 22, 15], [7, 16, 8, 17]]"
12n_0065_4,"[[7, 16, 8, 17], [1, 19, 2, 18], [15, 20, 16, 21], [13, 22, 14, 23], [19, 1, 20, 24], [2, 6, 3, 5], [4, 9, 5, 10], [6, 12, 7, 11], [17, 8, 18, 9], [10, 3, 11, 4], [23, 12, 24, 13], [21, 14, 22, 15]]"
12n_0065_5,"[[21, 14, 22, 15], [7, 16, 8, 17], [1, 19, 2, 18], [15, 20, 16, 21], [13, 22, 14, 23], [19, 1, 20, 24], [2, 6, 3, 5], [4, 9, 5, 10], [6, 12, 7, 11], [17, 8, 18, 9], [10, 3, 11, 4], [23, 12, 24, 13]]"
12n_0065_6,"[[23, 12, 24, 13], [21, 14, 22, 15], [7, 16, 8, 17], [1, 19, 2, 18], [15, 20, 16, 21], [13, 22, 14, 23], [19, 1, 20, 24], [2, 6, 3, 5], [4, 9, 5, 10], [6, 12, 7, 11], [17, 8, 18, 9], [10, 3, 11, 4]]"
12n_0065_7,"[[10, 3, 11, 4], [23, 12, 24, 13], [21, 14, 22, 15], [7, 16, 8, 17], [1, 19, 2, 18], [15, 20, 16, 21], [13, 22, 14, 23], [19, 1, 20, 24], [2, 6, 3, 5], [4, 9, 5, 10], [6, 12, 7, 11], [17, 8, 18, 9]]"
12n_0065_8,"[[17, 8, 18, 9], [10, 3, 11, 4], [23, 12, 24, 13], [21, 14, 22, 15], [7, 16, 8, 17], [1, 19, 2, 18], [15, 20, 16, 21], [13, 22, 14, 23], [19, 1, 20, 24], [2, 6, 3, 5], [4, 9, 5, 10], [6, 12, 7, 11]]"
12n_0065_9,"[[6, 12, 7, 11], [17, 8, 18, 9], [10, 3, 11, 4], [23, 12, 24, 13], [21, 14, 22, 15], [7, 16, 8, 17], [1, 19, 2, 18], [15, 20, 16, 21], [13, 22, 14, 23], [19, 1, 20, 24], [2, 6, 3, 5], [4, 9, 5, 10]]"
12n_0065_10,"[[4, 9, 5, 10], [6, 12, 7, 11], [17, 8, 18, 9], [10, 3, 11, 4], [23, 12, 24, 13], [21, 14, 22, 15], [7, 16, 8, 17], [1, 19, 2, 18], [15, 20, 16, 21], [13, 22, 14, 23], [19, 1, 20, 24], [2, 6, 3, 5]]"
12n_0065_11,"[[2, 6, 3, 5], [4, 9, 5, 10], [6, 12, 7, 11], [17, 8, 18, 9], [10, 3, 11, 4], [23, 12, 24, 13], [21, 14, 22, 15], [7, 16, 8, 17], [1, 19, 2, 18], [15, 20, 16, 21], [13, 22, 14, 23], [19, 1, 20, 24]]"
12n_0065_12,"[[20, 2, 21, 1], [3, 7, 4, 6], [5, 10, 6, 11], [7, 13, 8, 12], [18, 9, 19, 10], [11, 4, 12, 5], [24, 13, 1, 14], [22, 15, 23, 16], [8, 17, 9, 18], [2, 20, 3, 19], [16, 21, 17, 22], [14, 23, 15, 24]]"
12n_0065_13,"[[14, 23, 15, 24], [20, 2, 21, 1], [3, 7, 4, 6], [5, 10, 6, 11], [7, 13, 8, 12], [18, 9, 19, 10], [11, 4, 12, 5], [24, 13, 1, 14], [22, 15, 23, 16], [8, 17, 9, 18], [2, 20, 3, 19], [16, 21, 17, 22]]"
12n_0065_14,"[[16, 21, 17, 22], [14, 23, 15, 24], [20, 2, 21, 1], [3, 7, 4, 6], [5, 10, 6, 11], [7, 13, 8, 12], [18, 9, 19, 10], [11, 4, 12, 5], [24, 13, 1, 14], [22, 15, 23, 16], [8, 17, 9, 18], [2, 20, 3, 19]]"
12n_0065_15,"[[2, 20, 3, 19], [16, 21, 17, 22], [14, 23, 15, 24], [20, 2, 21, 1], [3, 7, 4, 6], [5, 10, 6, 11], [7, 13, 8, 12], [18, 9, 19, 10], [11, 4, 12, 5], [24, 13, 1, 14], [22, 15, 23, 16], [8, 17, 9, 18]]"
12n_0065_16,"[[8, 17, 9, 18], [2, 20, 3, 19], [16, 21, 17, 22], [14, 23, 15, 24], [20, 2, 21, 1], [3, 7, 4, 6], [5, 10, 6, 11], [7, 13, 8, 12], [18, 9, 19, 10], [11, 4, 12, 5], [24, 13, 1, 14], [22, 15, 23, 16]]"
12n_0065_17,"[[22, 15, 23, 16], [8, 17, 9, 18], [2, 20, 3, 19], [16, 21, 17, 22], [14, 23, 15, 24], [20, 2, 21, 1], [3, 7, 4, 6], [5, 10, 6, 11], [7, 13, 8, 12], [18, 9, 19, 10], [11, 4, 12, 5], [24, 13, 1, 14]]"
12n_0065_18,"[[24, 13, 1, 14], [22, 15, 23, 16], [8, 17, 9, 18], [2, 20, 3, 19], [16, 21, 17, 22], [14, 23, 15, 24], [20, 2, 21, 1], [3, 7, 4, 6], [5, 10, 6, 11], [7, 13, 8, 12], [18, 9, 19, 10], [11, 4, 12, 5]]"
12n_0065_19,"[[11, 4, 12, 5], [24, 13, 1, 14], [22, 15, 23, 16], [8, 17, 9, 18], [2, 20, 3, 19], [16, 21, 17, 22], [14, 23, 15, 24], [20, 2, 21, 1], [3, 7, 4, 6], [5, 10, 6, 11], [7, 13, 8, 12], [18, 9, 19, 10]]"
12n_0065_20,"[[18, 9, 19, 10], [11, 4, 12, 5], [24, 13, 1, 14], [22, 15, 23, 16], [8, 17, 9, 18], [2, 20, 3, 19], [16, 21, 17, 22], [14, 23, 15, 24], [20, 2, 21, 1], [3, 7, 4, 6], [5, 10, 6, 11], [7, 13, 8, 12]]"
12n_0065_21,"[[7, 13, 8, 12], [18, 9, 19, 10], [11, 4, 12, 5], [24, 13, 1, 14], [22, 15, 23, 16], [8, 17, 9, 18], [2, 20, 3, 19], [16, 21, 17, 22], [14, 23, 15, 24], [20, 2, 21, 1], [3, 7, 4, 6], [5, 10, 6, 11]]"
12n_0065_22,"[[5, 10, 6, 11], [7, 13, 8, 12], [18, 9, 19, 10], [11, 4, 12, 5], [24, 13, 1, 14], [22, 15, 23, 16], [8, 17, 9, 18], [2, 20, 3, 19], [16, 21, 17, 22], [14, 23, 15, 24], [20, 2, 21, 1], [3, 7, 4, 6]]"
12n_0065_23,"[[3, 7, 4, 6], [5, 10, 6, 11], [7, 13, 8, 12], [18, 9, 19, 10], [11, 4, 12, 5], [24, 13, 1, 14], [22, 15, 23, 16], [8, 17, 9, 18], [2, 20, 3, 19], [16, 21, 17, 22], [14, 23, 15, 24], [20, 2, 21, 1]]"
12n_0065_24,"[[21, 3, 22, 2], [4, 8, 5, 7], [6, 11, 7, 12], [8, 14, 9, 13], [19, 10, 20, 11], [12, 5, 13, 6], [1, 14, 2, 15], [23, 16, 24, 17], [9, 18, 10, 19], [3, 21, 4, 20], [17, 22, 18, 23], [15, 24, 16, 1]]"
12n_0065_25,"[[15, 24, 16, 1], [21, 3, 22, 2], [4, 8, 5, 7], [6, 11, 7, 12], [8, 14, 9, 13], [19, 10, 20, 11], [12, 5, 13, 6], [1, 14, 2, 15], [23, 16, 24, 17], [9, 18, 10, 19], [3, 21, 4, 20], [17, 22, 18, 23]]"
12n_0065_26,"[[17, 22, 18, 23], [15, 24, 16, 1], [21, 3, 22, 2], [4, 8, 5, 7], [6, 11, 7, 12], [8, 14, 9, 13], [19, 10, 20, 11], [12, 5, 13, 6], [1, 14, 2, 15], [23, 16, 24, 17], [9, 18, 10, 19], [3, 21, 4, 20]]"
12n_0065_27,"[[3, 21, 4, 20], [17, 22, 18, 23], [15, 24, 16, 1], [21, 3, 22, 2], [4, 8, 5, 7], [6, 11, 7, 12], [8, 14, 9, 13], [19, 10, 20, 11], [12, 5, 13, 6], [1, 14, 2, 15], [23, 16, 24, 17], [9, 18, 10, 19]]"
12n_0065_28,"[[9, 18, 10, 19], [3, 21, 4, 20], [17, 22, 18, 23], [15, 24, 16, 1], [21, 3, 22, 2], [4, 8, 5, 7], [6, 11, 7, 12], [8, 14, 9, 13], [19, 10, 20, 11], [12, 5, 13, 6], [1, 14, 2, 15], [23, 16, 24, 17]]"
12n_0065_29,"[[23, 16, 24, 17], [9, 18, 10, 19], [3, 21, 4, 20], [17, 22, 18, 23], [15, 24, 16, 1], [21, 3, 22, 2], [4, 8, 5, 7], [6, 11, 7, 12], [8, 14, 9, 13], [19, 10, 20, 11], [12, 5, 13, 6], [1, 14, 2, 15]]"
12n_0065_30,"[[1, 14, 2, 15], [23, 16, 24, 17], [9, 18, 10, 19], [3, 21, 4, 20], [17, 22, 18, 23], [15, 24, 16, 1], [21, 3, 22, 2], [4, 8, 5, 7], [6, 11, 7, 12], [8, 14, 9, 13], [19, 10, 20, 11], [12, 5, 13, 6]]"
12n_0065_31,"[[12, 5, 13, 6], [1, 14, 2, 15], [23, 16, 24, 17], [9, 18, 10, 19], [3, 21, 4, 20], [17, 22, 18, 23], [15, 24, 16, 1], [21, 3, 22, 2], [4, 8, 5, 7], [6, 11, 7, 12], [8, 14, 9, 13], [19, 10, 20, 11]]"
12n_0065_32,"[[19, 10, 20, 11], [12, 5, 13, 6], [1, 14, 2, 15], [23, 16, 24, 17], [9, 18, 10, 19], [3, 21, 4, 20], [17, 22, 18, 23], [15, 24, 16, 1], [21, 3, 22, 2], [4, 8, 5, 7], [6, 11, 7, 12], [8, 14, 9, 13]]"
12n_0065_33,"[[8, 14, 9, 13], [19, 10, 20, 11], [12, 5, 13, 6], [1, 14, 2, 15], [23, 16, 24, 17], [9, 18, 10, 19], [3, 21, 4, 20], [17, 22, 18, 23], [15, 24, 16, 1], [21, 3, 22, 2], [4, 8, 5, 7], [6, 11, 7, 12]]"
12n_0065_34,"[[6, 11, 7, 12], [8, 14, 9, 13], [19, 10, 20, 11], [12, 5, 13, 6], [1, 14, 2, 15], [23, 16, 24, 17], [9, 18, 10, 19], [3, 21, 4, 20], [17, 22, 18, 23], [15, 24, 16, 1], [21, 3, 22, 2], [4, 8, 5, 7]]"
12n_0065_35,"[[4, 8, 5, 7], [6, 11, 7, 12], [8, 14, 9, 13], [19, 10, 20, 11], [12, 5, 13, 6], [1, 14, 2, 15], [23, 16, 24, 17], [9, 18, 10, 19], [3, 21, 4, 20], [17, 22, 18, 23], [15, 24, 16, 1], [21, 3, 22, 2]]"
12n_0065_36,"[[22, 4, 23, 3], [5, 9, 6, 8], [7, 12, 8, 13], [9, 15, 10, 14], [20, 11, 21, 12], [13, 6, 14, 7], [2, 15, 3, 16], [24, 17, 1, 18], [10, 19, 11, 20], [4, 22, 5, 21], [18, 23, 19, 24], [16, 1, 17, 2]]"
12n_0065_37,"[[16, 1, 17, 2], [22, 4, 23, 3], [5, 9, 6, 8], [7, 12, 8, 13], [9, 15, 10, 14], [20, 11, 21, 12], [13, 6, 14, 7], [2, 15, 3, 16], [24, 17, 1, 18], [10, 19, 11, 20], [4, 22, 5, 21], [18, 23, 19, 24]]"
12n_0065_38,"[[18, 23, 19, 24], [16, 1, 17, 2], [22, 4, 23, 3], [5, 9, 6, 8], [7, 12, 8, 13], [9, 15, 10, 14], [20, 11, 21, 12], [13, 6, 14, 7], [2, 15, 3, 16], [24, 17, 1, 18], [10, 19, 11, 20], [4, 22, 5, 21]]"
12n_0065_39,"[[4, 22, 5, 21], [18, 23, 19, 24], [16, 1, 17, 2], [22, 4, 23, 3], [5, 9, 6, 8], [7, 12, 8, 13], [9, 15, 10, 14], [20, 11, 21, 12], [13, 6, 14, 7], [2, 15, 3, 16], [24, 17, 1, 18], [10, 19, 11, 20]]"
12n_0065_40,"[[10, 19, 11, 20], [4, 22, 5, 21], [18, 23, 19, 24], [16, 1, 17, 2], [22, 4, 23, 3], [5, 9, 6, 8], [7, 12, 8, 13], [9, 15, 10, 14], [20, 11, 21, 12], [13, 6, 14, 7], [2, 15, 3, 16], [24, 17, 1, 18]]"
12n_0065_41,"[[24, 17, 1, 18], [10, 19, 11, 20], [4, 22, 5, 21], [18, 23, 19, 24], [16, 1, 17, 2], [22, 4, 23, 3], [5, 9, 6, 8], [7, 12, 8, 13], [9, 15, 10, 14], [20, 11, 21, 12], [13, 6, 14, 7], [2, 15, 3, 16]]"
12n_0065_42,"[[2, 15, 3, 16], [24, 17, 1, 18], [10, 19, 11, 20], [4, 22, 5, 21], [18, 23, 19, 24], [16, 1, 17, 2], [22, 4, 23, 3], [5, 9, 6, 8], [7, 12, 8, 13], [9, 15, 10, 14], [20, 11, 21, 12], [13, 6, 14, 7]]"
12n_0065_43,"[[13, 6, 14, 7], [2, 15, 3, 16], [24, 17, 1, 18], [10, 19, 11, 20], [4, 22, 5, 21], [18, 23, 19, 24], [16, 1, 17, 2], [22, 4, 23, 3], [5, 9, 6, 8], [7, 12, 8, 13], [9, 15, 10, 14], [20, 11, 21, 12]]"
12n_0065_44,"[[20, 11, 21, 12], [13, 6, 14, 7], [2, 15, 3, 16], [24, 17, 1, 18], [10, 19, 11, 20], [4, 22, 5, 21], [18, 23, 19, 24], [16, 1, 17, 2], [22, 4, 23, 3], [5, 9, 6, 8], [7, 12, 8, 13], [9, 15, 10, 14]]"
12n_0065_45,"[[9, 15, 10, 14], [20, 11, 21, 12], [13, 6, 14, 7], [2, 15, 3, 16], [24, 17, 1, 18], [10, 19, 11, 20], [4, 22, 5, 21], [18, 23, 19, 24], [16, 1, 17, 2], [22, 4, 23, 3], [5, 9, 6, 8], [7, 12, 8, 13]]"
12n_0065_46,"[[7, 12, 8, 13], [9, 15, 10, 14], [20, 11, 21, 12], [13, 6, 14, 7], [2, 15, 3, 16], [24, 17, 1, 18], [10, 19, 11, 20], [4, 22, 5, 21], [18, 23, 19, 24], [16, 1, 17, 2], [22, 4, 23, 3], [5, 9, 6, 8]]"
12n_0065_47,"[[5, 9, 6, 8], [7, 12, 8, 13], [9, 15, 10, 14], [20, 11, 21, 12], [13, 6, 14, 7], [2, 15, 3, 16], [24, 17, 1, 18], [10, 19, 11, 20], [4, 22, 5, 21], [18, 23, 19, 24], [16, 1, 17, 2], [22, 4, 23, 3]]"
12n_0065_48,"[[23, 5, 24, 4], [6, 10, 7, 9], [8, 13, 9, 14], [10, 16, 11, 15], [21, 12, 22, 13], [14, 7, 15, 8], [3, 16, 4, 17], [1, 18, 2, 19], [11, 20, 12, 21], [5, 23, 6, 22], [19, 24, 20, 1], [17, 2, 18, 3]]"
12n_0065_49,"[[17, 2, 18, 3], [23, 5, 24, 4], [6, 10, 7, 9], [8, 13, 9, 14], [10, 16, 11, 15], [21, 12, 22, 13], [14, 7, 15, 8], [3, 16, 4, 17], [1, 18, 2, 19], [11, 20, 12, 21], [5, 23, 6, 22], [19, 24, 20, 1]]"
12n_0065_50,"[[19, 24, 20, 1], [17, 2, 18, 3], [23, 5, 24, 4], [6, 10, 7, 9], [8, 13, 9, 14], [10, 16, 11, 15], [21, 12, 22, 13], [14, 7, 15, 8], [3, 16, 4, 17], [1, 18, 2, 19], [11, 20, 12, 21], [5, 23, 6, 22]]"
12n_0065_51,"[[5, 23, 6, 22], [19, 24, 20, 1], [17, 2, 18, 3], [23, 5, 24, 4], [6, 10, 7, 9], [8, 13, 9, 14], [10, 16, 11, 15], [21, 12, 22, 13], [14, 7, 15, 8], [3, 16, 4, 17], [1, 18, 2, 19], [11, 20, 12, 21]]"
12n_0065_52,"[[11, 20, 12, 21], [5, 23, 6, 22], [19, 24, 20, 1], [17, 2, 18, 3], [23, 5, 24, 4], [6, 10, 7, 9], [8, 13, 9, 14], [10, 16, 11, 15], [21, 12, 22, 13], [14, 7, 15, 8], [3, 16, 4, 17], [1, 18, 2, 19]]"
12n_0065_53,"[[1, 18, 2, 19], [11, 20, 12, 21], [5, 23, 6, 22], [19, 24, 20, 1], [17, 2, 18, 3], [23, 5, 24, 4], [6, 10, 7, 9], [8, 13, 9, 14], [10, 16, 11, 15], [21, 12, 22, 13], [14, 7, 15, 8], [3, 16, 4, 17]]"
12n_0065_54,"[[3, 16, 4, 17], [1, 18, 2, 19], [11, 20, 12, 21], [5, 23, 6, 22], [19, 24, 20, 1], [17, 2, 18, 3], [23, 5, 24, 4], [6, 10, 7, 9], [8, 13, 9, 14], [10, 16, 11, 15], [21, 12, 22, 13], [14, 7, 15, 8]]"
12n_0065_55,"[[14, 7, 15, 8], [3, 16, 4, 17], [1, 18, 2, 19], [11, 20, 12, 21], [5, 23, 6, 22], [19, 24, 20, 1], [17, 2, 18, 3], [23, 5, 24, 4], [6, 10, 7, 9], [8, 13, 9, 14], [10, 16, 11, 15], [21, 12, 22, 13]]"
12n_0065_56,"[[21, 12, 22, 13], [14, 7, 15, 8], [3, 16, 4, 17], [1, 18, 2, 19], [11, 20, 12, 21], [5, 23, 6, 22], [19, 24, 20, 1], [17, 2, 18, 3], [23, 5, 24, 4], [6, 10, 7, 9], [8, 13, 9, 14], [10, 16, 11, 15]]"
12n_0065_57,"[[10, 16, 11, 15], [21, 12, 22, 13], [14, 7, 15, 8], [3, 16, 4, 17], [1, 18, 2, 19], [11, 20, 12, 21], [5, 23, 6, 22], [19, 24, 20, 1], [17, 2, 18, 3], [23, 5, 24, 4], [6, 10, 7, 9], [8, 13, 9, 14]]"
12n_0065_58,"[[8, 13, 9, 14], [10, 16, 11, 15], [21, 12, 22, 13], [14, 7, 15, 8], [3, 16, 4, 17], [1, 18, 2, 19], [11, 20, 12, 21], [5, 23, 6, 22], [19, 24, 20, 1], [17, 2, 18, 3], [23, 5, 24, 4], [6, 10, 7, 9]]"
12n_0065_59,"[[6, 10, 7, 9], [8, 13, 9, 14], [10, 16, 11, 15], [21, 12, 22, 13], [14, 7, 15, 8], [3, 16, 4, 17], [1, 18, 2, 19], [11, 20, 12, 21], [5, 23, 6, 22], [19, 24, 20, 1], [17, 2, 18, 3], [23, 5, 24, 4]]"
12n_0065_60,"[[24, 6, 1, 5], [7, 11, 8, 10], [9, 14, 10, 15], [11, 17, 12, 16], [22, 13, 23, 14], [15, 8, 16, 9], [4, 17, 5, 18], [2, 19, 3, 20], [12, 21, 13, 22], [6, 24, 7, 23], [20, 1, 21, 2], [18, 3, 19, 4]]"
12n_0065_61,"[[18, 3, 19, 4], [24, 6, 1, 5], [7, 11, 8, 10], [9, 14, 10, 15], [11, 17, 12, 16], [22, 13, 23, 14], [15, 8, 16, 9], [4, 17, 5, 18], [2, 19, 3, 20], [12, 21, 13, 22], [6, 24, 7, 23], [20, 1, 21, 2]]"
12n_0065_62,"[[20, 1, 21, 2], [18, 3, 19, 4], [24, 6, 1, 5], [7, 11, 8, 10], [9, 14, 10, 15], [11, 17, 12, 16], [22, 13, 23, 14], [15, 8, 16, 9], [4, 17, 5, 18], [2, 19, 3, 20], [12, 21, 13, 22], [6, 24, 7, 23]]"
12n_0065_63,"[[6, 24, 7, 23], [20, 1, 21, 2], [18, 3, 19, 4], [24, 6, 1, 5], [7, 11, 8, 10], [9, 14, 10, 15], [11, 17, 12, 16], [22, 13, 23, 14], [15, 8, 16, 9], [4, 17, 5, 18], [2, 19, 3, 20], [12, 21, 13, 22]]"
12n_0065_64,"[[12, 21, 13, 22], [6, 24, 7, 23], [20, 1, 21, 2], [18, 3, 19, 4], [24, 6, 1, 5], [7, 11, 8, 10], [9, 14, 10, 15], [11, 17, 12, 16], [22, 13, 23, 14], [15, 8, 16, 9], [4, 17, 5, 18], [2, 19, 3, 20]]"
12n_0065_65,"[[2, 19, 3, 20], [12, 21, 13, 22], [6, 24, 7, 23], [20, 1, 21, 2], [18, 3, 19, 4], [24, 6, 1, 5], [7, 11, 8, 10], [9, 14, 10, 15], [11, 17, 12, 16], [22, 13, 23, 14], [15, 8, 16, 9], [4, 17, 5, 18]]"
12n_0065_66,"[[4, 17, 5, 18], [2, 19, 3, 20], [12, 21, 13, 22], [6, 24, 7, 23], [20, 1, 21, 2], [18, 3, 19, 4], [24, 6, 1, 5], [7, 11, 8, 10], [9, 14, 10, 15], [11, 17, 12, 16], [22, 13, 23, 14], [15, 8, 16, 9]]"
12n_0065_67,"[[15, 8, 16, 9], [4, 17, 5, 18], [2, 19, 3, 20], [12, 21, 13, 22], [6, 24, 7, 23], [20, 1, 21, 2], [18, 3, 19, 4], [24, 6, 1, 5], [7, 11, 8, 10], [9, 14, 10, 15], [11, 17, 12, 16], [22, 13, 23, 14]]"
12n_0065_68,"[[22, 13, 23, 14], [15, 8, 16, 9], [4, 17, 5, 18], [2, 19, 3, 20], [12, 21, 13, 22], [6, 24, 7, 23], [20, 1, 21, 2], [18, 3, 19, 4], [24, 6, 1, 5], [7, 11, 8, 10], [9, 14, 10, 15], [11, 17, 12, 16]]"
12n_0065_69,"[[11, 17, 12, 16], [22, 13, 23, 14], [15, 8, 16, 9], [4, 17, 5, 18], [2, 19, 3, 20], [12, 21, 13, 22], [6, 24, 7, 23], [20, 1, 21, 2], [18, 3, 19, 4], [24, 6, 1, 5], [7, 11, 8, 10], [9, 14, 10, 15]]"
12n_0065_70,"[[9, 14, 10, 15], [11, 17, 12, 16], [22, 13, 23, 14], [15, 8, 16, 9], [4, 17, 5, 18], [2, 19, 3, 20], [12, 21, 13, 22], [6, 24, 7, 23], [20, 1, 21, 2], [18, 3, 19, 4], [24, 6, 1, 5], [7, 11, 8, 10]]"
12n_0065_71,"[[7, 11, 8, 10], [9, 14, 10, 15], [11, 17, 12, 16], [22, 13, 23, 14], [15, 8, 16, 9], [4, 17, 5, 18], [2, 19, 3, 20], [12, 21, 13, 22], [6, 24, 7, 23], [20, 1, 21, 2], [18, 3, 19, 4], [24, 6, 1, 5]]"
12n_0065_72,"[[1, 7, 2, 6], [8, 12, 9, 11], [10, 15, 11, 16], [12, 18, 13, 17], [23, 14, 24, 15], [16, 9, 17, 10], [5, 18, 6, 19], [3, 20, 4, 21], [13, 22, 14, 23], [7, 1, 8, 24], [21, 2, 22, 3], [19, 4, 20, 5]]"
12n_0065_73,"[[19, 4, 20, 5], [1, 7, 2, 6], [8, 12, 9, 11], [10, 15, 11, 16], [12, 18, 13, 17], [23, 14, 24, 15], [16, 9, 17, 10], [5, 18, 6, 19], [3, 20, 4, 21], [13, 22, 14, 23], [7, 1, 8, 24], [21, 2, 22, 3]]"
12n_0065_74,"[[21, 2, 22, 3], [19, 4, 20, 5], [1, 7, 2, 6], [8, 12, 9, 11], [10, 15, 11, 16], [12, 18, 13, 17], [23, 14, 24, 15], [16, 9, 17, 10], [5, 18, 6, 19], [3, 20, 4, 21], [13, 22, 14, 23], [7, 1, 8, 24]]"
12n_0065_75,"[[7, 1, 8, 24], [21, 2, 22, 3], [19, 4, 20, 5], [1, 7, 2, 6], [8, 12, 9, 11], [10, 15, 11, 16], [12, 18, 13, 17], [23, 14, 24, 15], [16, 9, 17, 10], [5, 18, 6, 19], [3, 20, 4, 21], [13, 22, 14, 23]]"
12n_0065_76,"[[13, 22, 14, 23], [7, 1, 8, 24], [21, 2, 22, 3], [19, 4, 20, 5], [1, 7, 2, 6], [8, 12, 9, 11], [10, 15, 11, 16], [12, 18, 13, 17], [23, 14, 24, 15], [16, 9, 17, 10], [5, 18, 6, 19], [3, 20, 4, 21]]"
12n_0065_77,"[[3, 20, 4, 21], [13, 22, 14, 23], [7, 1, 8, 24], [21, 2, 22, 3], [19, 4, 20, 5], [1, 7, 2, 6], [8, 12, 9, 11], [10, 15, 11, 16], [12, 18, 13, 17], [23, 14, 24, 15], [16, 9, 17, 10], [5, 18, 6, 19]]"
12n_0065_78,"[[5, 18, 6, 19], [3, 20, 4, 21], [13, 22, 14, 23], [7, 1, 8, 24], [21, 2, 22, 3], [19, 4, 20, 5], [1, 7, 2, 6], [8, 12, 9, 11], [10, 15, 11, 16], [12, 18, 13, 17], [23, 14, 24, 15], [16, 9, 17, 10]]"
12n_0065_79,"[[16, 9, 17, 10], [5, 18, 6, 19], [3, 20, 4, 21], [13, 22, 14, 23], [7, 1, 8, 24], [21, 2, 22, 3], [19, 4, 20, 5], [1, 7, 2, 6], [8, 12, 9, 11], [10, 15, 11, 16], [12, 18, 13, 17], [23, 14, 24, 15]]"
12n_0065_80,"[[23, 14, 24, 15], [16, 9, 17, 10], [5, 18, 6, 19], [3, 20, 4, 21], [13, 22, 14, 23], [7, 1, 8, 24], [21, 2, 22, 3], [19, 4, 20, 5], [1, 7, 2, 6], [8, 12, 9, 11], [10, 15, 11, 16], [12, 18, 13, 17]]"
12n_0065_81,"[[12, 18, 13, 17], [23, 14, 24, 15], [16, 9, 17, 10], [5, 18, 6, 19], [3, 20, 4, 21], [13, 22, 14, 23], [7, 1, 8, 24], [21, 2, 22, 3], [19, 4, 20, 5], [1, 7, 2, 6], [8, 12, 9, 11], [10, 15, 11, 16]]"
12n_0065_82,"[[10, 15, 11, 16], [12, 18, 13, 17], [23, 14, 24, 15], [16, 9, 17, 10], [5, 18, 6, 19], [3, 20, 4, 21], [13, 22, 14, 23], [7, 1, 8, 24], [21, 2, 22, 3], [19, 4, 20, 5], [1, 7, 2, 6], [8, 12, 9, 11]]"
12n_0065_83,"[[8, 12, 9, 11], [10, 15, 11, 16], [12, 18, 13, 17], [23, 14, 24, 15], [16, 9, 17, 10], [5, 18, 6, 19], [3, 20, 4, 21], [13, 22, 14, 23], [7, 1, 8, 24], [21, 2, 22, 3], [19, 4, 20, 5], [1, 7, 2, 6]]"
12n_0065_84,"[[2, 8, 3, 7], [9, 13, 10, 12], [11, 16, 12, 17], [13, 19, 14, 18], [24, 15, 1, 16], [17, 10, 18, 11], [6, 19, 7, 20], [4, 21, 5, 22], [14, 23, 15, 24], [8, 2, 9, 1], [22, 3, 23, 4], [20, 5, 21, 6]]"
12n_0065_85,"[[20, 5, 21, 6], [2, 8, 3, 7], [9, 13, 10, 12], [11, 16, 12, 17], [13, 19, 14, 18], [24, 15, 1, 16], [17, 10, 18, 11], [6, 19, 7, 20], [4, 21, 5, 22], [14, 23, 15, 24], [8, 2, 9, 1], [22, 3, 23, 4]]"
12n_0065_86,"[[22, 3, 23, 4], [20, 5, 21, 6], [2, 8, 3, 7], [9, 13, 10, 12], [11, 16, 12, 17], [13, 19, 14, 18], [24, 15, 1, 16], [17, 10, 18, 11], [6, 19, 7, 20], [4, 21, 5, 22], [14, 23, 15, 24], [8, 2, 9, 1]]"
12n_0065_87,"[[8, 2, 9, 1], [22, 3, 23, 4], [20, 5, 21, 6], [2, 8, 3, 7], [9, 13, 10, 12], [11, 16, 12, 17], [13, 19, 14, 18], [24, 15, 1, 16], [17, 10, 18, 11], [6, 19, 7, 20], [4, 21, 5, 22], [14, 23, 15, 24]]"
12n_0065_88,"[[14, 23, 15, 24], [8, 2, 9, 1], [22, 3, 23, 4], [20, 5, 21, 6], [2, 8, 3, 7], [9, 13, 10, 12], [11, 16, 12, 17], [13, 19, 14, 18], [24, 15, 1, 16], [17, 10, 18, 11], [6, 19, 7, 20], [4, 21, 5, 22]]"
12n_0065_89,"[[4, 21, 5, 22], [14, 23, 15, 24], [8, 2, 9, 1], [22, 3, 23, 4], [20, 5, 21, 6], [2, 8, 3, 7], [9, 13, 10, 12], [11, 16, 12, 17], [13, 19, 14, 18], [24, 15, 1, 16], [17, 10, 18, 11], [6, 19, 7, 20]]"
12n_0065_90,"[[6, 19, 7, 20], [4, 21, 5, 22], [14, 23, 15, 24], [8, 2, 9, 1], [22, 3, 23, 4], [20, 5, 21, 6], [2, 8, 3, 7], [9, 13, 10, 12], [11, 16, 12, 17], [13, 19, 14, 18], [24, 15, 1, 16], [17, 10, 18, 11]]"
12n_0065_91,"[[17, 10, 18, 11], [6, 19, 7, 20], [4, 21, 5, 22], [14, 23, 15, 24], [8, 2, 9, 1], [22, 3, 23, 4], [20, 5, 21, 6], [2, 8, 3, 7], [9, 13, 10, 12], [11, 16, 12, 17], [13, 19, 14, 18], [24, 15, 1, 16]]"
12n_0065_92,"[[24, 15, 1, 16], [17, 10, 18, 11], [6, 19, 7, 20], [4, 21, 5, 22], [14, 23, 15, 24], [8, 2, 9, 1], [22, 3, 23, 4], [20, 5, 21, 6], [2, 8, 3, 7], [9, 13, 10, 12], [11, 16, 12, 17], [13, 19, 14, 18]]"
12n_0065_93,"[[13, 19, 14, 18], [24, 15, 1, 16], [17, 10, 18, 11], [6, 19, 7, 20], [4, 21, 5, 22], [14, 23, 15, 24], [8, 2, 9, 1], [22, 3, 23, 4], [20, 5, 21, 6], [2, 8, 3, 7], [9, 13, 10, 12], [11, 16, 12, 17]]"
12n_0065_94,"[[11, 16, 12, 17], [13, 19, 14, 18], [24, 15, 1, 16], [17, 10, 18, 11], [6, 19, 7, 20], [4, 21, 5, 22], [14, 23, 15, 24], [8, 2, 9, 1], [22, 3, 23, 4], [20, 5, 21, 6], [2, 8, 3, 7], [9, 13, 10, 12]]"
12n_0065_95,"[[9, 13, 10, 12], [11, 16, 12, 17], [13, 19, 14, 18], [24, 15, 1, 16], [17, 10, 18, 11], [6, 19, 7, 20], [4, 21, 5, 22], [14, 23, 15, 24], [8, 2, 9, 1], [22, 3, 23, 4], [20, 5, 21, 6], [2, 8, 3, 7]]"
12n_0065_96,"[[3, 9, 4, 8], [10, 14, 11, 13], [12, 17, 13, 18], [14, 20, 15, 19], [1, 16, 2, 17], [18, 11, 19, 12], [7, 20, 8, 21], [5, 22, 6, 23], [15, 24, 16, 1], [9, 3, 10, 2], [23, 4, 24, 5], [21, 6, 22, 7]]"
12n_0065_97,"[[21, 6, 22, 7], [3, 9, 4, 8], [10, 14, 11, 13], [12, 17, 13, 18], [14, 20, 15, 19], [1, 16, 2, 17], [18, 11, 19, 12], [7, 20, 8, 21], [5, 22, 6, 23], [15, 24, 16, 1], [9, 3, 10, 2], [23, 4, 24, 5]]"
12n_0065_98,"[[23, 4, 24, 5], [21, 6, 22, 7], [3, 9, 4, 8], [10, 14, 11, 13], [12, 17, 13, 18], [14, 20, 15, 19], [1, 16, 2, 17], [18, 11, 19, 12], [7, 20, 8, 21], [5, 22, 6, 23], [15, 24, 16, 1], [9, 3, 10, 2]]"
12n_0065_99,"[[9, 3, 10, 2], [23, 4, 24, 5], [21, 6, 22, 7], [3, 9, 4, 8], [10, 14, 11, 13], [12, 17, 13, 18], [14, 20, 15, 19], [1, 16, 2, 17], [18, 11, 19, 12], [7, 20, 8, 21], [5, 22, 6, 23], [15, 24, 16, 1]]"
12n_0065_100,"[[15, 24, 16, 1], [9, 3, 10, 2], [23, 4, 24, 5], [21, 6, 22, 7], [3, 9, 4, 8], [10, 14, 11, 13], [12, 17, 13, 18], [14, 20, 15, 19], [1, 16, 2, 17], [18, 11, 19, 12], [7, 20, 8, 21], [5, 22, 6, 23]]"
12n_0065_101,"[[5, 22, 6, 23], [15, 24, 16, 1], [9, 3, 10, 2], [23, 4, 24, 5], [21, 6, 22, 7], [3, 9, 4, 8], [10, 14, 11, 13], [12, 17, 13, 18], [14, 20, 15, 19], [1, 16, 2, 17], [18, 11, 19, 12], [7, 20, 8, 21]]"
12n_0065_102,"[[7, 20, 8, 21], [5, 22, 6, 23], [15, 24, 16, 1], [9, 3, 10, 2], [23, 4, 24, 5], [21, 6, 22, 7], [3, 9, 4, 8], [10, 14, 11, 13], [12, 17, 13, 18], [14, 20, 15, 19], [1, 16, 2, 17], [18, 11, 19, 12]]"
12n_0065_103,"[[18, 11, 19, 12], [7, 20, 8, 21], [5, 22, 6, 23], [15, 24, 16, 1], [9, 3, 10, 2], [23, 4, 24, 5], [21, 6, 22, 7], [3, 9, 4, 8], [10, 14, 11, 13], [12, 17, 13, 18], [14, 20, 15, 19], [1, 16, 2, 17]]"
12n_0065_104,"[[1, 16, 2, 17], [18, 11, 19, 12], [7, 20, 8, 21], [5, 22, 6, 23], [15, 24, 16, 1], [9, 3, 10, 2], [23, 4, 24, 5], [21, 6, 22, 7], [3, 9, 4, 8], [10, 14, 11, 13], [12, 17, 13, 18], [14, 20, 15, 19]]"
12n_0065_105,"[[14, 20, 15, 19], [1, 16, 2, 17], [18, 11, 19, 12], [7, 20, 8, 21], [5, 22, 6, 23], [15, 24, 16, 1], [9, 3, 10, 2], [23, 4, 24, 5], [21, 6, 22, 7], [3, 9, 4, 8], [10, 14, 11, 13], [12, 17, 13, 18]]"
12n_0065_106,"[[12, 17, 13, 18], [14, 20, 15, 19], [1, 16, 2, 17], [18, 11, 19, 12], [7, 20, 8, 21], [5, 22, 6, 23], [15, 24, 16, 1], [9, 3, 10, 2], [23, 4, 24, 5], [21, 6, 22, 7], [3, 9, 4, 8], [10, 14, 11, 13]]"
12n_0065_107,"[[10, 14, 11, 13], [12, 17, 13, 18], [14, 20, 15, 19], [1, 16, 2, 17], [18, 11, 19, 12], [7, 20, 8, 21], [5, 22, 6, 23], [15, 24, 16, 1], [9, 3, 10, 2], [23, 4, 24, 5], [21, 6, 22, 7], [3, 9, 4, 8]]"
12n_0065_108,"[[4, 10, 5, 9], [11, 15, 12, 14], [13, 18, 14, 19], [15, 21, 16, 20], [2, 17, 3, 18], [19, 12, 20, 13], [8, 21, 9, 22], [6, 23, 7, 24], [16, 1, 17, 2], [10, 4, 11, 3], [24, 5, 1, 6], [22, 7, 23, 8]]"
12n_0065_109,"[[22, 7, 23, 8], [4, 10, 5, 9], [11, 15, 12, 14], [13, 18, 14, 19], [15, 21, 16, 20], [2, 17, 3, 18], [19, 12, 20, 13], [8, 21, 9, 22], [6, 23, 7, 24], [16, 1, 17, 2], [10, 4, 11, 3], [24, 5, 1, 6]]"
12n_0065_110,"[[24, 5, 1, 6], [22, 7, 23, 8], [4, 10, 5, 9], [11, 15, 12, 14], [13, 18, 14, 19], [15, 21, 16, 20], [2, 17, 3, 18], [19, 12, 20, 13], [8, 21, 9, 22], [6, 23, 7, 24], [16, 1, 17, 2], [10, 4, 11, 3]]"
12n_0065_111,"[[10, 4, 11, 3], [24, 5, 1, 6], [22, 7, 23, 8], [4, 10, 5, 9], [11, 15, 12, 14], [13, 18, 14, 19], [15, 21, 16, 20], [2, 17, 3, 18], [19, 12, 20, 13], [8, 21, 9, 22], [6, 23, 7, 24], [16, 1, 17, 2]]"
12n_0065_112,"[[16, 1, 17, 2], [10, 4, 11, 3], [24, 5, 1, 6], [22, 7, 23, 8], [4, 10, 5, 9], [11, 15, 12, 14], [13, 18, 14, 19], [15, 21, 16, 20], [2, 17, 3, 18], [19, 12, 20, 13], [8, 21, 9, 22], [6, 23, 7, 24]]"
12n_0065_113,"[[6, 23, 7, 24], [16, 1, 17, 2], [10, 4, 11, 3], [24, 5, 1, 6], [22, 7, 23, 8], [4, 10, 5, 9], [11, 15, 12, 14], [13, 18, 14, 19], [15, 21, 16, 20], [2, 17, 3, 18], [19, 12, 20, 13], [8, 21, 9, 22]]"
12n_0065_114,"[[8, 21, 9, 22], [6, 23, 7, 24], [16, 1, 17, 2], [10, 4, 11, 3], [24, 5, 1, 6], [22, 7, 23, 8], [4, 10, 5, 9], [11, 15, 12, 14], [13, 18, 14, 19], [15, 21, 16, 20], [2, 17, 3, 18], [19, 12, 20, 13]]"
12n_0065_115,"[[19, 12, 20, 13], [8, 21, 9, 22], [6, 23, 7, 24], [16, 1, 17, 2], [10, 4, 11, 3], [24, 5, 1, 6], [22, 7, 23, 8], [4, 10, 5, 9], [11, 15, 12, 14], [13, 18, 14, 19], [15, 21, 16, 20], [2, 17, 3, 18]]"
12n_0065_116,"[[2, 17, 3, 18], [19, 12, 20, 13], [8, 21, 9, 22], [6, 23, 7, 24], [16, 1, 17, 2], [10, 4, 11, 3], [24, 5, 1, 6], [22, 7, 23, 8], [4, 10, 5, 9], [11, 15, 12, 14], [13, 18, 14, 19], [15, 21, 16, 20]]"
12n_0065_117,"[[15, 21, 16, 20], [2, 17, 3, 18], [19, 12, 20, 13], [8, 21, 9, 22], [6, 23, 7, 24], [16, 1, 17, 2], [10, 4, 11, 3], [24, 5, 1, 6], [22, 7, 23, 8], [4, 10, 5, 9], [11, 15, 12, 14], [13, 18, 14, 19]]"
12n_0065_118,"[[13, 18, 14, 19], [15, 21, 16, 20], [2, 17, 3, 18], [19, 12, 20, 13], [8, 21, 9, 22], [6, 23, 7, 24], [16, 1, 17, 2], [10, 4, 11, 3], [24, 5, 1, 6], [22, 7, 23, 8], [4, 10, 5, 9], [11, 15, 12, 14]]"
12n_0065_119,"[[11, 15, 12, 14], [13, 18, 14, 19], [15, 21, 16, 20], [2, 17, 3, 18], [19, 12, 20, 13], [8, 21, 9, 22], [6, 23, 7, 24], [16, 1, 17, 2], [10, 4, 11, 3], [24, 5, 1, 6], [22, 7, 23, 8], [4, 10, 5, 9]]"
12n_0065_120,"[[5, 11, 6, 10], [12, 16, 13, 15], [14, 19, 15, 20], [16, 22, 17, 21], [3, 18, 4, 19], [20, 13, 21, 14], [9, 22, 10, 23], [7, 24, 8, 1], [17, 2, 18, 3], [11, 5, 12, 4], [1, 6, 2, 7], [23, 8, 24, 9]]"
12n_0065_121,"[[23, 8, 24, 9], [5, 11, 6, 10], [12, 16, 13, 15], [14, 19, 15, 20], [16, 22, 17, 21], [3, 18, 4, 19], [20, 13, 21, 14], [9, 22, 10, 23], [7, 24, 8, 1], [17, 2, 18, 3], [11, 5, 12, 4], [1, 6, 2, 7]]"
12n_0065_122,"[[1, 6, 2, 7], [23, 8, 24, 9], [5, 11, 6, 10], [12, 16, 13, 15], [14, 19, 15, 20], [16, 22, 17, 21], [3, 18, 4, 19], [20, 13, 21, 14], [9, 22, 10, 23], [7, 24, 8, 1], [17, 2, 18, 3], [11, 5, 12, 4]]"
12n_0065_123,"[[11, 5, 12, 4], [1, 6, 2, 7], [23, 8, 24, 9], [5, 11, 6, 10], [12, 16, 13, 15], [14, 19, 15, 20], [16, 22, 17, 21], [3, 18, 4, 19], [20, 13, 21, 14], [9, 22, 10, 23], [7, 24, 8, 1], [17, 2, 18, 3]]"
12n_0065_124,"[[17, 2, 18, 3], [11, 5, 12, 4], [1, 6, 2, 7], [23, 8, 24, 9], [5, 11, 6, 10], [12, 16, 13, 15], [14, 19, 15, 20], [16, 22, 17, 21], [3, 18, 4, 19], [20, 13, 21, 14], [9, 22, 10, 23], [7, 24, 8, 1]]"
12n_0065_125,"[[7, 24, 8, 1], [17, 2, 18, 3], [11, 5, 12, 4], [1, 6, 2, 7], [23, 8, 24, 9], [5, 11, 6, 10], [12, 16, 13, 15], [14, 19, 15, 20], [16, 22, 17, 21], [3, 18, 4, 19], [20, 13, 21, 14], [9, 22, 10, 23]]"
12n_0065_126,"[[9, 22, 10, 23], [7, 24, 8, 1], [17, 2, 18, 3], [11, 5, 12, 4], [1, 6, 2, 7], [23, 8, 24, 9], [5, 11, 6, 10], [12, 16, 13, 15], [14, 19, 15, 20], [16, 22, 17, 21], [3, 18, 4, 19], [20, 13, 21, 14]]"
12n_0065_127,"[[20, 13, 21, 14], [9, 22, 10, 23], [7, 24, 8, 1], [17, 2, 18, 3], [11, 5, 12, 4], [1, 6, 2, 7], [23, 8, 24, 9], [5, 11, 6, 10], [12, 16, 13, 15], [14, 19, 15, 20], [16, 22, 17, 21], [3, 18, 4, 19]]"
12n_0065_128,"[[3, 18, 4, 19], [20, 13, 21, 14], [9, 22, 10, 23], [7, 24, 8, 1], [17, 2, 18, 3], [11, 5, 12, 4], [1, 6, 2, 7], [23, 8, 24, 9], [5, 11, 6, 10], [12, 16, 13, 15], [14, 19, 15, 20], [16, 22, 17, 21]]"
12n_0065_129,"[[16, 22, 17, 21], [3, 18, 4, 19], [20, 13, 21, 14], [9, 22, 10, 23], [7, 24, 8, 1], [17, 2, 18, 3], [11, 5, 12, 4], [1, 6, 2, 7], [23, 8, 24, 9], [5, 11, 6, 10], [12, 16, 13, 15], [14, 19, 15, 20]]"
12n_0065_130,"[[14, 19, 15, 20], [16, 22, 17, 21], [3, 18, 4, 19], [20, 13, 21, 14], [9, 22, 10, 23], [7, 24, 8, 1], [17, 2, 18, 3], [11, 5, 12, 4], [1, 6, 2, 7], [23, 8, 24, 9], [5, 11, 6, 10], [12, 16, 13, 15]]"
12n_0065_131,"[[12, 16, 13, 15], [14, 19, 15, 20], [16, 22, 17, 21], [3, 18, 4, 19], [20, 13, 21, 14], [9, 22, 10, 23], [7, 24, 8, 1], [17, 2, 18, 3], [11, 5, 12, 4], [1, 6, 2, 7], [23, 8, 24, 9], [5, 11, 6, 10]]"
12n_0065_132,"[[6, 12, 7, 11], [13, 17, 14, 16], [15, 20, 16, 21], [17, 23, 18, 22], [4, 19, 5, 20], [21, 14, 22, 15], [10, 23, 11, 24], [8, 1, 9, 2], [18, 3, 19, 4], [12, 6, 13, 5], [2, 7, 3, 8], [24, 9, 1, 10]]"
12n_0065_133,"[[24, 9, 1, 10], [6, 12, 7, 11], [13, 17, 14, 16], [15, 20, 16, 21], [17, 23, 18, 22], [4, 19, 5, 20], [21, 14, 22, 15], [10, 23, 11, 24], [8, 1, 9, 2], [18, 3, 19, 4], [12, 6, 13, 5], [2, 7, 3, 8]]"
12n_0065_134,"[[2, 7, 3, 8], [24, 9, 1, 10], [6, 12, 7, 11], [13, 17, 14, 16], [15, 20, 16, 21], [17, 23, 18, 22], [4, 19, 5, 20], [21, 14, 22, 15], [10, 23, 11, 24], [8, 1, 9, 2], [18, 3, 19, 4], [12, 6, 13, 5]]"
12n_0065_135,"[[12, 6, 13, 5], [2, 7, 3, 8], [24, 9, 1, 10], [6, 12, 7, 11], [13, 17, 14, 16], [15, 20, 16, 21], [17, 23, 18, 22], [4, 19, 5, 20], [21, 14, 22, 15], [10, 23, 11, 24], [8, 1, 9, 2], [18, 3, 19, 4]]"
12n_0065_136,"[[18, 3, 19, 4], [12, 6, 13, 5], [2, 7, 3, 8], [24, 9, 1, 10], [6, 12, 7, 11], [13, 17, 14, 16], [15, 20, 16, 21], [17, 23, 18, 22], [4, 19, 5, 20], [21, 14, 22, 15], [10, 23, 11, 24], [8, 1, 9, 2]]"
12n_0065_137,"[[8, 1, 9, 2], [18, 3, 19, 4], [12, 6, 13, 5], [2, 7, 3, 8], [24, 9, 1, 10], [6, 12, 7, 11], [13, 17, 14, 16], [15, 20, 16, 21], [17, 23, 18, 22], [4, 19, 5, 20], [21, 14, 22, 15], [10, 23, 11, 24]]"
12n_0065_138,"[[10, 23, 11, 24], [8, 1, 9, 2], [18, 3, 19, 4], [12, 6, 13, 5], [2, 7, 3, 8], [24, 9, 1, 10], [6, 12, 7, 11], [13, 17, 14, 16], [15, 20, 16, 21], [17, 23, 18, 22], [4, 19, 5, 20], [21, 14, 22, 15]]"
12n_0065_139,"[[21, 14, 22, 15], [10, 23, 11, 24], [8, 1, 9, 2], [18, 3, 19, 4], [12, 6, 13, 5], [2, 7, 3, 8], [24, 9, 1, 10], [6, 12, 7, 11], [13, 17, 14, 16], [15, 20, 16, 21], [17, 23, 18, 22], [4, 19, 5, 20]]"
12n_0065_140,"[[4, 19, 5, 20], [21, 14, 22, 15], [10, 23, 11, 24], [8, 1, 9, 2], [18, 3, 19, 4], [12, 6, 13, 5], [2, 7, 3, 8], [24, 9, 1, 10], [6, 12, 7, 11], [13, 17, 14, 16], [15, 20, 16, 21], [17, 23, 18, 22]]"
12n_0065_141,"[[17, 23, 18, 22], [4, 19, 5, 20], [21, 14, 22, 15], [10, 23, 11, 24], [8, 1, 9, 2], [18, 3, 19, 4], [12, 6, 13, 5], [2, 7, 3, 8], [24, 9, 1, 10], [6, 12, 7, 11], [13, 17, 14, 16], [15, 20, 16, 21]]"
12n_0065_142,"[[15, 20, 16, 21], [17, 23, 18, 22], [4, 19, 5, 20], [21, 14, 22, 15], [10, 23, 11, 24], [8, 1, 9, 2], [18, 3, 19, 4], [12, 6, 13, 5], [2, 7, 3, 8], [24, 9, 1, 10], [6, 12, 7, 11], [13, 17, 14, 16]]"
12n_0065_143,"[[13, 17, 14, 16], [15, 20, 16, 21], [17, 23, 18, 22], [4, 19, 5, 20], [21, 14, 22, 15], [10, 23, 11, 24], [8, 1, 9, 2], [18, 3, 19, 4], [12, 6, 13, 5], [2, 7, 3, 8], [24, 9, 1, 10], [6, 12, 7, 11]]"
12n_0065_144,"[[7, 13, 8, 12], [14, 18, 15, 17], [16, 21, 17, 22], [18, 24, 19, 23], [5, 20, 6, 21], [22, 15, 23, 16], [11, 24, 12, 1], [9, 2, 10, 3], [19, 4, 20, 5], [13, 7, 14, 6], [3, 8, 4, 9], [1, 10, 2, 11]]"
12n_0065_145,"[[1, 10, 2, 11], [7, 13, 8, 12], [14, 18, 15, 17], [16, 21, 17, 22], [18, 24, 19, 23], [5, 20, 6, 21], [22, 15, 23, 16], [11, 24, 12, 1], [9, 2, 10, 3], [19, 4, 20, 5], [13, 7, 14, 6], [3, 8, 4, 9]]"
12n_0065_146,"[[3, 8, 4, 9], [1, 10, 2, 11], [7, 13, 8, 12], [14, 18, 15, 17], [16, 21, 17, 22], [18, 24, 19, 23], [5, 20, 6, 21], [22, 15, 23, 16], [11, 24, 12, 1], [9, 2, 10, 3], [19, 4, 20, 5], [13, 7, 14, 6]]"
12n_0065_147,"[[13, 7, 14, 6], [3, 8, 4, 9], [1, 10, 2, 11], [7, 13, 8, 12], [14, 18, 15, 17], [16, 21, 17, 22], [18, 24, 19, 23], [5, 20, 6, 21], [22, 15, 23, 16], [11, 24, 12, 1], [9, 2, 10, 3], [19, 4, 20, 5]]"
12n_0065_148,"[[19, 4, 20, 5], [13, 7, 14, 6], [3, 8, 4, 9], [1, 10, 2, 11], [7, 13, 8, 12], [14, 18, 15, 17], [16, 21, 17, 22], [18, 24, 19, 23], [5, 20, 6, 21], [22, 15, 23, 16], [11, 24, 12, 1], [9, 2, 10, 3]]"
12n_0065_149,"[[9, 2, 10, 3], [19, 4, 20, 5], [13, 7, 14, 6], [3, 8, 4, 9], [1, 10, 2, 11], [7, 13, 8, 12], [14, 18, 15, 17], [16, 21, 17, 22], [18, 24, 19, 23], [5, 20, 6, 21], [22, 15, 23, 16], [11, 24, 12, 1]]"
12n_0065_150,"[[11, 24, 12, 1], [9, 2, 10, 3], [19, 4, 20, 5], [13, 7, 14, 6], [3, 8, 4, 9], [1, 10, 2, 11], [7, 13, 8, 12], [14, 18, 15, 17], [16, 21, 17, 22], [18, 24, 19, 23], [5, 20, 6, 21], [22, 15, 23, 16]]"
12n_0065_151,"[[22, 15, 23, 16], [11, 24, 12, 1], [9, 2, 10, 3], [19, 4, 20, 5], [13, 7, 14, 6], [3, 8, 4, 9], [1, 10, 2, 11], [7, 13, 8, 12], [14, 18, 15, 17], [16, 21, 17, 22], [18, 24, 19, 23], [5, 20, 6, 21]]"
12n_0065_152,"[[5, 20, 6, 21], [22, 15, 23, 16], [11, 24, 12, 1], [9, 2, 10, 3], [19, 4, 20, 5], [13, 7, 14, 6], [3, 8, 4, 9], [1, 10, 2, 11], [7, 13, 8, 12], [14, 18, 15, 17], [16, 21, 17, 22], [18, 24, 19, 23]]"
12n_0065_153,"[[18, 24, 19, 23], [5, 20, 6, 21], [22, 15, 23, 16], [11, 24, 12, 1], [9, 2, 10, 3], [19, 4, 20, 5], [13, 7, 14, 6], [3, 8, 4, 9], [1, 10, 2, 11], [7, 13, 8, 12], [14, 18, 15, 17], [16, 21, 17, 22]]"
12n_0065_154,"[[16, 21, 17, 22], [18, 24, 19, 23], [5, 20, 6, 21], [22, 15, 23, 16], [11, 24, 12, 1], [9, 2, 10, 3], [19, 4, 20, 5], [13, 7, 14, 6], [3, 8, 4, 9], [1, 10, 2, 11], [7, 13, 8, 12], [14, 18, 15, 17]]"
12n_0065_155,"[[14, 18, 15, 17], [16, 21, 17, 22], [18, 24, 19, 23], [5, 20, 6, 21], [22, 15, 23, 16], [11, 24, 12, 1], [9, 2, 10, 3], [19, 4, 20, 5], [13, 7, 14, 6], [3, 8, 4, 9], [1, 10, 2, 11], [7, 13, 8, 12]]"
12n_0065_156,"[[8, 14, 9, 13], [15, 19, 16, 18], [17, 22, 18, 23], [19, 1, 20, 24], [6, 21, 7, 22], [23, 16, 24, 17], [12, 1, 13, 2], [10, 3, 11, 4], [20, 5, 21, 6], [14, 8, 15, 7], [4, 9, 5, 10], [2, 11, 3, 12]]"
12n_0065_157,"[[2, 11, 3, 12], [8, 14, 9, 13], [15, 19, 16, 18], [17, 22, 18, 23], [19, 1, 20, 24], [6, 21, 7, 22], [23, 16, 24, 17], [12, 1, 13, 2], [10, 3, 11, 4], [20, 5, 21, 6], [14, 8, 15, 7], [4, 9, 5, 10]]"
12n_0065_158,"[[4, 9, 5, 10], [2, 11, 3, 12], [8, 14, 9, 13], [15, 19, 16, 18], [17, 22, 18, 23], [19, 1, 20, 24], [6, 21, 7, 22], [23, 16, 24, 17], [12, 1, 13, 2], [10, 3, 11, 4], [20, 5, 21, 6], [14, 8, 15, 7]]"
12n_0065_159,"[[14, 8, 15, 7], [4, 9, 5, 10], [2, 11, 3, 12], [8, 14, 9, 13], [15, 19, 16, 18], [17, 22, 18, 23], [19, 1, 20, 24], [6, 21, 7, 22], [23, 16, 24, 17], [12, 1, 13, 2], [10, 3, 11, 4], [20, 5, 21, 6]]"
12n_0065_160,"[[20, 5, 21, 6], [14, 8, 15, 7], [4, 9, 5, 10], [2, 11, 3, 12], [8, 14, 9, 13], [15, 19, 16, 18], [17, 22, 18, 23], [19, 1, 20, 24], [6, 21, 7, 22], [23, 16, 24, 17], [12, 1, 13, 2], [10, 3, 11, 4]]"
12n_0065_161,"[[10, 3, 11, 4], [20, 5, 21, 6], [14, 8, 15, 7], [4, 9, 5, 10], [2, 11, 3, 12], [8, 14, 9, 13], [15, 19, 16, 18], [17, 22, 18, 23], [19, 1, 20, 24], [6, 21, 7, 22], [23, 16, 24, 17], [12, 1, 13, 2]]"
12n_0065_162,"[[12, 1, 13, 2], [10, 3, 11, 4], [20, 5, 21, 6], [14, 8, 15, 7], [4, 9, 5, 10], [2, 11, 3, 12], [8, 14, 9, 13], [15, 19, 16, 18], [17, 22, 18, 23], [19, 1, 20, 24], [6, 21, 7, 22], [23, 16, 24, 17]]"
12n_0065_163,"[[23, 16, 24, 17], [12, 1, 13, 2], [10, 3, 11, 4], [20, 5, 21, 6], [14, 8, 15, 7], [4, 9, 5, 10], [2, 11, 3, 12], [8, 14, 9, 13], [15, 19, 16, 18], [17, 22, 18, 23], [19, 1, 20, 24], [6, 21, 7, 22]]"
12n_0065_164,"[[6, 21, 7, 22], [23, 16, 24, 17], [12, 1, 13, 2], [10, 3, 11, 4], [20, 5, 21, 6], [14, 8, 15, 7], [4, 9, 5, 10], [2, 11, 3, 12], [8, 14, 9, 13], [15, 19, 16, 18], [17, 22, 18, 23], [19, 1, 20, 24]]"
12n_0065_165,"[[19, 1, 20, 24], [6, 21, 7, 22], [23, 16, 24, 17], [12, 1, 13, 2], [10, 3, 11, 4], [20, 5, 21, 6], [14, 8, 15, 7], [4, 9, 5, 10], [2, 11, 3, 12], [8, 14, 9, 13], [15, 19, 16, 18], [17, 22, 18, 23]]"
12n_0065_166,"[[17, 22, 18, 23], [19, 1, 20, 24], [6, 21, 7, 22], [23, 16, 24, 17], [12, 1, 13, 2], [10, 3, 11, 4], [20, 5, 21, 6], [14, 8, 15, 7], [4, 9, 5, 10], [2, 11, 3, 12], [8, 14, 9, 13], [15, 19, 16, 18]]"
12n_0065_167,"[[15, 19, 16, 18], [17, 22, 18, 23], [19, 1, 20, 24], [6, 21, 7, 22], [23, 16, 24, 17], [12, 1, 13, 2], [10, 3, 11, 4], [20, 5, 21, 6], [14, 8, 15, 7], [4, 9, 5, 10], [2, 11, 3, 12], [8, 14, 9, 13]]"
12n_0065_168,"[[9, 15, 10, 14], [16, 20, 17, 19], [18, 23, 19, 24], [20, 2, 21, 1], [7, 22, 8, 23], [24, 17, 1, 18], [13, 2, 14, 3], [11, 4, 12, 5], [21, 6, 22, 7], [15, 9, 16, 8], [5, 10, 6, 11], [3, 12, 4, 13]]"
12n_0065_169,"[[3, 12, 4, 13], [9, 15, 10, 14], [16, 20, 17, 19], [18, 23, 19, 24], [20, 2, 21, 1], [7, 22, 8, 23], [24, 17, 1, 18], [13, 2, 14, 3], [11, 4, 12, 5], [21, 6, 22, 7], [15, 9, 16, 8], [5, 10, 6, 11]]"
12n_0065_170,"[[5, 10, 6, 11], [3, 12, 4, 13], [9, 15, 10, 14], [16, 20, 17, 19], [18, 23, 19, 24], [20, 2, 21, 1], [7, 22, 8, 23], [24, 17, 1, 18], [13, 2, 14, 3], [11, 4, 12, 5], [21, 6, 22, 7], [15, 9, 16, 8]]"
12n_0065_171,"[[15, 9, 16, 8], [5, 10, 6, 11], [3, 12, 4, 13], [9, 15, 10, 14], [16, 20, 17, 19], [18, 23, 19, 24], [20, 2, 21, 1], [7, 22, 8, 23], [24, 17, 1, 18], [13, 2, 14, 3], [11, 4, 12, 5], [21, 6, 22, 7]]"
12n_0065_172,"[[21, 6, 22, 7], [15, 9, 16, 8], [5, 10, 6, 11], [3, 12, 4, 13], [9, 15, 10, 14], [16, 20, 17, 19], [18, 23, 19, 24], [20, 2, 21, 1], [7, 22, 8, 23], [24, 17, 1, 18], [13, 2, 14, 3], [11, 4, 12, 5]]"
12n_0065_173,"[[11, 4, 12, 5], [21, 6, 22, 7], [15, 9, 16, 8], [5, 10, 6, 11], [3, 12, 4, 13], [9, 15, 10, 14], [16, 20, 17, 19], [18, 23, 19, 24], [20, 2, 21, 1], [7, 22, 8, 23], [24, 17, 1, 18], [13, 2, 14, 3]]"
12n_0065_174,"[[13, 2, 14, 3], [11, 4, 12, 5], [21, 6, 22, 7], [15, 9, 16, 8], [5, 10, 6, 11], [3, 12, 4, 13], [9, 15, 10, 14], [16, 20, 17, 19], [18, 23, 19, 24], [20, 2, 21, 1], [7, 22, 8, 23], [24, 17, 1, 18]]"
12n_0065_175,"[[24, 17, 1, 18], [13, 2, 14, 3], [11, 4, 12, 5], [21, 6, 22, 7], [15, 9, 16, 8], [5, 10, 6, 11], [3, 12, 4, 13], [9, 15, 10, 14], [16, 20, 17, 19], [18, 23, 19, 24], [20, 2, 21, 1], [7, 22, 8, 23]]"
12n_0065_176,"[[7, 22, 8, 23], [24, 17, 1, 18], [13, 2, 14, 3], [11, 4, 12, 5], [21, 6, 22, 7], [15, 9, 16, 8], [5, 10, 6, 11], [3, 12, 4, 13], [9, 15, 10, 14], [16, 20, 17, 19], [18, 23, 19, 24], [20, 2, 21, 1]]"
12n_0065_177,"[[20, 2, 21, 1], [7, 22, 8, 23], [24, 17, 1, 18], [13, 2, 14, 3], [11, 4, 12, 5], [21, 6, 22, 7], [15, 9, 16, 8], [5, 10, 6, 11], [3, 12, 4, 13], [9, 15, 10, 14], [16, 20, 17, 19], [18, 23, 19, 24]]"
12n_0065_178,"[[18, 23, 19, 24], [20, 2, 21, 1], [7, 22, 8, 23], [24, 17, 1, 18], [13, 2, 14, 3], [11, 4, 12, 5], [21, 6, 22, 7], [15, 9, 16, 8], [5, 10, 6, 11], [3, 12, 4, 13], [9, 15, 10, 14], [16, 20, 17, 19]]"
12n_0065_179,"[[16, 20, 17, 19], [18, 23, 19, 24], [20, 2, 21, 1], [7, 22, 8, 23], [24, 17, 1, 18], [13, 2, 14, 3], [11, 4, 12, 5], [21, 6, 22, 7], [15, 9, 16, 8], [5, 10, 6, 11], [3, 12, 4, 13], [9, 15, 10, 14]]"
12n_0065_180,"[[10, 16, 11, 15], [17, 21, 18, 20], [19, 24, 20, 1], [21, 3, 22, 2], [8, 23, 9, 24], [1, 18, 2, 19], [14, 3, 15, 4], [12, 5, 13, 6], [22, 7, 23, 8], [16, 10, 17, 9], [6, 11, 7, 12], [4, 13, 5, 14]]"
12n_0065_181,"[[4, 13, 5, 14], [10, 16, 11, 15], [17, 21, 18, 20], [19, 24, 20, 1], [21, 3, 22, 2], [8, 23, 9, 24], [1, 18, 2, 19], [14, 3, 15, 4], [12, 5, 13, 6], [22, 7, 23, 8], [16, 10, 17, 9], [6, 11, 7, 12]]"
12n_0065_182,"[[6, 11, 7, 12], [4, 13, 5, 14], [10, 16, 11, 15], [17, 21, 18, 20], [19, 24, 20, 1], [21, 3, 22, 2], [8, 23, 9, 24], [1, 18, 2, 19], [14, 3, 15, 4], [12, 5, 13, 6], [22, 7, 23, 8], [16, 10, 17, 9]]"
12n_0065_183,"[[16, 10, 17, 9], [6, 11, 7, 12], [4, 13, 5, 14], [10, 16, 11, 15], [17, 21, 18, 20], [19, 24, 20, 1], [21, 3, 22, 2], [8, 23, 9, 24], [1, 18, 2, 19], [14, 3, 15, 4], [12, 5, 13, 6], [22, 7, 23, 8]]"
12n_0065_184,"[[22, 7, 23, 8], [16, 10, 17, 9], [6, 11, 7, 12], [4, 13, 5, 14], [10, 16, 11, 15], [17, 21, 18, 20], [19, 24, 20, 1], [21, 3, 22, 2], [8, 23, 9, 24], [1, 18, 2, 19], [14, 3, 15, 4], [12, 5, 13, 6]]"
12n_0065_185,"[[12, 5, 13, 6], [22, 7, 23, 8], [16, 10, 17, 9], [6, 11, 7, 12], [4, 13, 5, 14], [10, 16, 11, 15], [17, 21, 18, 20], [19, 24, 20, 1], [21, 3, 22, 2], [8, 23, 9, 24], [1, 18, 2, 19], [14, 3, 15, 4]]"
