name,pd_notation
12n_0018_0,"[[24, 22, 1, 21], [2, 6, 3, 5], [4, 9, 5, 10], [6, 12, 7, 11], [15, 8, 16, 9], [10, 3, 11, 4], [12, 20, 13, 19], [7, 14, 8, 15], [16, 23, 17, 24], [18, 14, 19, 13], [20, 2, 21, 1], [22, 17, 23, 18]]"
12n_0018_1,"[[22, 17, 23, 18], [24, 22, 1, 21], [2, 6, 3, 5], [4, 9, 5, 10], [6, 12, 7, 11], [15, 8, 16, 9], [10, 3, 11, 4], [12, 20, 13, 19], [7, 14, 8, 15], [16, 23, 17, 24], [18, 14, 19, 13], [20, 2, 21, 1]]"
12n_0018_2,"[[20, 2, 21, 1], [22, 17, 23, 18], [24, 22, 1, 21], [2, 6, 3, 5], [4, 9, 5, 10], [6, 12, 7, 11], [15, 8, 16, 9], [10, 3, 11, 4], [12, 20, 13, 19], [7, 14, 8, 15], [16, 23, 17, 24], [18, 14, 19, 13]]"
12n_0018_3,"[[18, 14, 19, 13], [20, 2, 21, 1], [22, 17, 23, 18], [24, 22, 1, 21], [2, 6, 3, 5], [4, 9, 5, 10], [6, 12, 7, 11], [15, 8, 16, 9], [10, 3, 11, 4], [12, 20, 13, 19], [7, 14, 8, 15], [16, 23, 17, 24]]"
12n_0018_4,"[[16, 23, 17, 24], [18, 14, 19, 13], [20, 2, 21, 1], [22, 17, 23, 18], [24, 22, 1, 21], [2, 6, 3, 5], [4, 9, 5, 10], [6, 12, 7, 11], [15, 8, 16, 9], [10, 3, 11, 4], [12, 20, 13, 19], [7, 14, 8, 15]]"
12n_0018_5,"[[7, 14, 8, 15], [16, 23, 17, 24], [18, 14, 19, 13], [20, 2, 21, 1], [22, 17, 23, 18], [24, 22, 1, 21], [2, 6, 3, 5], [4, 9, 5, 10], [6, 12, 7, 11], [15, 8, 16, 9], [10, 3, 11, 4], [12, 20, 13, 19]]"
12n_0018_6,"[[12, 20, 13, 19], [7, 14, 8, 15], [16, 23, 17, 24], [18, 14, 19, 13], [20, 2, 21, 1], [22, 17, 23, 18], [24, 22, 1, 21], [2, 6, 3, 5], [4, 9, 5, 10], [6, 12, 7, 11], [15, 8, 16, 9], [10, 3, 11, 4]]"
12n_0018_7,"[[10, 3, 11, 4], [12, 20, 13, 19], [7, 14, 8, 15], [16, 23, 17, 24], [18, 14, 19, 13], [20, 2, 21, 1], [22, 17, 23, 18], [24, 22, 1, 21], [2, 6, 3, 5], [4, 9, 5, 10], [6, 12, 7, 11], [15, 8, 16, 9]]"
12n_0018_8,"[[15, 8, 16, 9], [10, 3, 11, 4], [12, 20, 13, 19], [7, 14, 8, 15], [16, 23, 17, 24], [18, 14, 19, 13], [20, 2, 21, 1], [22, 17, 23, 18], [24, 22, 1, 21], [2, 6, 3, 5], [4, 9, 5, 10], [6, 12, 7, 11]]"
12n_0018_9,"[[6, 12, 7, 11], [15, 8, 16, 9], [10, 3, 11, 4], [12, 20, 13, 19], [7, 14, 8, 15], [16, 23, 17, 24], [18, 14, 19, 13], [20, 2, 21, 1], [22, 17, 23, 18], [24, 22, 1, 21], [2, 6, 3, 5], [4, 9, 5, 10]]"
12n_0018_10,"[[4, 9, 5, 10], [6, 12, 7, 11], [15, 8, 16, 9], [10, 3, 11, 4], [12, 20, 13, 19], [7, 14, 8, 15], [16, 23, 17, 24], [18, 14, 19, 13], [20, 2, 21, 1], [22, 17, 23, 18], [24, 22, 1, 21], [2, 6, 3, 5]]"
12n_0018_11,"[[2, 6, 3, 5], [4, 9, 5, 10], [6, 12, 7, 11], [15, 8, 16, 9], [10, 3, 11, 4], [12, 20, 13, 19], [7, 14, 8, 15], [16, 23, 17, 24], [18, 14, 19, 13], [20, 2, 21, 1], [22, 17, 23, 18], [24, 22, 1, 21]]"
12n_0018_12,"[[1, 23, 2, 22], [3, 7, 4, 6], [5, 10, 6, 11], [7, 13, 8, 12], [16, 9, 17, 10], [11, 4, 12, 5], [13, 21, 14, 20], [8, 15, 9, 16], [17, 24, 18, 1], [19, 15, 20, 14], [21, 3, 22, 2], [23, 18, 24, 19]]"
12n_0018_13,"[[23, 18, 24, 19], [1, 23, 2, 22], [3, 7, 4, 6], [5, 10, 6, 11], [7, 13, 8, 12], [16, 9, 17, 10], [11, 4, 12, 5], [13, 21, 14, 20], [8, 15, 9, 16], [17, 24, 18, 1], [19, 15, 20, 14], [21, 3, 22, 2]]"
12n_0018_14,"[[21, 3, 22, 2], [23, 18, 24, 19], [1, 23, 2, 22], [3, 7, 4, 6], [5, 10, 6, 11], [7, 13, 8, 12], [16, 9, 17, 10], [11, 4, 12, 5], [13, 21, 14, 20], [8, 15, 9, 16], [17, 24, 18, 1], [19, 15, 20, 14]]"
12n_0018_15,"[[19, 15, 20, 14], [21, 3, 22, 2], [23, 18, 24, 19], [1, 23, 2, 22], [3, 7, 4, 6], [5, 10, 6, 11], [7, 13, 8, 12], [16, 9, 17, 10], [11, 4, 12, 5], [13, 21, 14, 20], [8, 15, 9, 16], [17, 24, 18, 1]]"
12n_0018_16,"[[17, 24, 18, 1], [19, 15, 20, 14], [21, 3, 22, 2], [23, 18, 24, 19], [1, 23, 2, 22], [3, 7, 4, 6], [5, 10, 6, 11], [7, 13, 8, 12], [16, 9, 17, 10], [11, 4, 12, 5], [13, 21, 14, 20], [8, 15, 9, 16]]"
12n_0018_17,"[[8, 15, 9, 16], [17, 24, 18, 1], [19, 15, 20, 14], [21, 3, 22, 2], [23, 18, 24, 19], [1, 23, 2, 22], [3, 7, 4, 6], [5, 10, 6, 11], [7, 13, 8, 12], [16, 9, 17, 10], [11, 4, 12, 5], [13, 21, 14, 20]]"
12n_0018_18,"[[13, 21, 14, 20], [8, 15, 9, 16], [17, 24, 18, 1], [19, 15, 20, 14], [21, 3, 22, 2], [23, 18, 24, 19], [1, 23, 2, 22], [3, 7, 4, 6], [5, 10, 6, 11], [7, 13, 8, 12], [16, 9, 17, 10], [11, 4, 12, 5]]"
12n_0018_19,"[[11, 4, 12, 5], [13, 21, 14, 20], [8, 15, 9, 16], [17, 24, 18, 1], [19, 15, 20, 14], [21, 3, 22, 2], [23, 18, 24, 19], [1, 23, 2, 22], [3, 7, 4, 6], [5, 10, 6, 11], [7, 13, 8, 12], [16, 9, 17, 10]]"
12n_0018_20,"[[16, 9, 17, 10], [11, 4, 12, 5], [13, 21, 14, 20], [8, 15, 9, 16], [17, 24, 18, 1], [19, 15, 20, 14], [21, 3, 22, 2], [23, 18, 24, 19], [1, 23, 2, 22], [3, 7, 4, 6], [5, 10, 6, 11], [7, 13, 8, 12]]"
12n_0018_21,"[[7, 13, 8, 12], [16, 9, 17, 10], [11, 4, 12, 5], [13, 21, 14, 20], [8, 15, 9, 16], [17, 24, 18, 1], [19, 15, 20, 14], [21, 3, 22, 2], [23, 18, 24, 19], [1, 23, 2, 22], [3, 7, 4, 6], [5, 10, 6, 11]]"
12n_0018_22,"[[5, 10, 6, 11], [7, 13, 8, 12], [16, 9, 17, 10], [11, 4, 12, 5], [13, 21, 14, 20], [8, 15, 9, 16], [17, 24, 18, 1], [19, 15, 20, 14], [21, 3, 22, 2], [23, 18, 24, 19], [1, 23, 2, 22], [3, 7, 4, 6]]"
12n_0018_23,"[[3, 7, 4, 6], [5, 10, 6, 11], [7, 13, 8, 12], [16, 9, 17, 10], [11, 4, 12, 5], [13, 21, 14, 20], [8, 15, 9, 16], [17, 24, 18, 1], [19, 15, 20, 14], [21, 3, 22, 2], [23, 18, 24, 19], [1, 23, 2, 22]]"
12n_0018_24,"[[2, 24, 3, 23], [4, 8, 5, 7], [6, 11, 7, 12], [8, 14, 9, 13], [17, 10, 18, 11], [12, 5, 13, 6], [14, 22, 15, 21], [9, 16, 10, 17], [18, 1, 19, 2], [20, 16, 21, 15], [22, 4, 23, 3], [24, 19, 1, 20]]"
12n_0018_25,"[[24, 19, 1, 20], [2, 24, 3, 23], [4, 8, 5, 7], [6, 11, 7, 12], [8, 14, 9, 13], [17, 10, 18, 11], [12, 5, 13, 6], [14, 22, 15, 21], [9, 16, 10, 17], [18, 1, 19, 2], [20, 16, 21, 15], [22, 4, 23, 3]]"
12n_0018_26,"[[22, 4, 23, 3], [24, 19, 1, 20], [2, 24, 3, 23], [4, 8, 5, 7], [6, 11, 7, 12], [8, 14, 9, 13], [17, 10, 18, 11], [12, 5, 13, 6], [14, 22, 15, 21], [9, 16, 10, 17], [18, 1, 19, 2], [20, 16, 21, 15]]"
12n_0018_27,"[[20, 16, 21, 15], [22, 4, 23, 3], [24, 19, 1, 20], [2, 24, 3, 23], [4, 8, 5, 7], [6, 11, 7, 12], [8, 14, 9, 13], [17, 10, 18, 11], [12, 5, 13, 6], [14, 22, 15, 21], [9, 16, 10, 17], [18, 1, 19, 2]]"
12n_0018_28,"[[18, 1, 19, 2], [20, 16, 21, 15], [22, 4, 23, 3], [24, 19, 1, 20], [2, 24, 3, 23], [4, 8, 5, 7], [6, 11, 7, 12], [8, 14, 9, 13], [17, 10, 18, 11], [12, 5, 13, 6], [14, 22, 15, 21], [9, 16, 10, 17]]"
12n_0018_29,"[[9, 16, 10, 17], [18, 1, 19, 2], [20, 16, 21, 15], [22, 4, 23, 3], [24, 19, 1, 20], [2, 24, 3, 23], [4, 8, 5, 7], [6, 11, 7, 12], [8, 14, 9, 13], [17, 10, 18, 11], [12, 5, 13, 6], [14, 22, 15, 21]]"
12n_0018_30,"[[14, 22, 15, 21], [9, 16, 10, 17], [18, 1, 19, 2], [20, 16, 21, 15], [22, 4, 23, 3], [24, 19, 1, 20], [2, 24, 3, 23], [4, 8, 5, 7], [6, 11, 7, 12], [8, 14, 9, 13], [17, 10, 18, 11], [12, 5, 13, 6]]"
12n_0018_31,"[[12, 5, 13, 6], [14, 22, 15, 21], [9, 16, 10, 17], [18, 1, 19, 2], [20, 16, 21, 15], [22, 4, 23, 3], [24, 19, 1, 20], [2, 24, 3, 23], [4, 8, 5, 7], [6, 11, 7, 12], [8, 14, 9, 13], [17, 10, 18, 11]]"
12n_0018_32,"[[17, 10, 18, 11], [12, 5, 13, 6], [14, 22, 15, 21], [9, 16, 10, 17], [18, 1, 19, 2], [20, 16, 21, 15], [22, 4, 23, 3], [24, 19, 1, 20], [2, 24, 3, 23], [4, 8, 5, 7], [6, 11, 7, 12], [8, 14, 9, 13]]"
12n_0018_33,"[[8, 14, 9, 13], [17, 10, 18, 11], [12, 5, 13, 6], [14, 22, 15, 21], [9, 16, 10, 17], [18, 1, 19, 2], [20, 16, 21, 15], [22, 4, 23, 3], [24, 19, 1, 20], [2, 24, 3, 23], [4, 8, 5, 7], [6, 11, 7, 12]]"
12n_0018_34,"[[6, 11, 7, 12], [8, 14, 9, 13], [17, 10, 18, 11], [12, 5, 13, 6], [14, 22, 15, 21], [9, 16, 10, 17], [18, 1, 19, 2], [20, 16, 21, 15], [22, 4, 23, 3], [24, 19, 1, 20], [2, 24, 3, 23], [4, 8, 5, 7]]"
12n_0018_35,"[[4, 8, 5, 7], [6, 11, 7, 12], [8, 14, 9, 13], [17, 10, 18, 11], [12, 5, 13, 6], [14, 22, 15, 21], [9, 16, 10, 17], [18, 1, 19, 2], [20, 16, 21, 15], [22, 4, 23, 3], [24, 19, 1, 20], [2, 24, 3, 23]]"
12n_0018_36,"[[3, 1, 4, 24], [5, 9, 6, 8], [7, 12, 8, 13], [9, 15, 10, 14], [18, 11, 19, 12], [13, 6, 14, 7], [15, 23, 16, 22], [10, 17, 11, 18], [19, 2, 20, 3], [21, 17, 22, 16], [23, 5, 24, 4], [1, 20, 2, 21]]"
12n_0018_37,"[[1, 20, 2, 21], [3, 1, 4, 24], [5, 9, 6, 8], [7, 12, 8, 13], [9, 15, 10, 14], [18, 11, 19, 12], [13, 6, 14, 7], [15, 23, 16, 22], [10, 17, 11, 18], [19, 2, 20, 3], [21, 17, 22, 16], [23, 5, 24, 4]]"
12n_0018_38,"[[23, 5, 24, 4], [1, 20, 2, 21], [3, 1, 4, 24], [5, 9, 6, 8], [7, 12, 8, 13], [9, 15, 10, 14], [18, 11, 19, 12], [13, 6, 14, 7], [15, 23, 16, 22], [10, 17, 11, 18], [19, 2, 20, 3], [21, 17, 22, 16]]"
12n_0018_39,"[[21, 17, 22, 16], [23, 5, 24, 4], [1, 20, 2, 21], [3, 1, 4, 24], [5, 9, 6, 8], [7, 12, 8, 13], [9, 15, 10, 14], [18, 11, 19, 12], [13, 6, 14, 7], [15, 23, 16, 22], [10, 17, 11, 18], [19, 2, 20, 3]]"
12n_0018_40,"[[19, 2, 20, 3], [21, 17, 22, 16], [23, 5, 24, 4], [1, 20, 2, 21], [3, 1, 4, 24], [5, 9, 6, 8], [7, 12, 8, 13], [9, 15, 10, 14], [18, 11, 19, 12], [13, 6, 14, 7], [15, 23, 16, 22], [10, 17, 11, 18]]"
12n_0018_41,"[[10, 17, 11, 18], [19, 2, 20, 3], [21, 17, 22, 16], [23, 5, 24, 4], [1, 20, 2, 21], [3, 1, 4, 24], [5, 9, 6, 8], [7, 12, 8, 13], [9, 15, 10, 14], [18, 11, 19, 12], [13, 6, 14, 7], [15, 23, 16, 22]]"
12n_0018_42,"[[15, 23, 16, 22], [10, 17, 11, 18], [19, 2, 20, 3], [21, 17, 22, 16], [23, 5, 24, 4], [1, 20, 2, 21], [3, 1, 4, 24], [5, 9, 6, 8], [7, 12, 8, 13], [9, 15, 10, 14], [18, 11, 19, 12], [13, 6, 14, 7]]"
12n_0018_43,"[[13, 6, 14, 7], [15, 23, 16, 22], [10, 17, 11, 18], [19, 2, 20, 3], [21, 17, 22, 16], [23, 5, 24, 4], [1, 20, 2, 21], [3, 1, 4, 24], [5, 9, 6, 8], [7, 12, 8, 13], [9, 15, 10, 14], [18, 11, 19, 12]]"
12n_0018_44,"[[18, 11, 19, 12], [13, 6, 14, 7], [15, 23, 16, 22], [10, 17, 11, 18], [19, 2, 20, 3], [21, 17, 22, 16], [23, 5, 24, 4], [1, 20, 2, 21], [3, 1, 4, 24], [5, 9, 6, 8], [7, 12, 8, 13], [9, 15, 10, 14]]"
12n_0018_45,"[[9, 15, 10, 14], [18, 11, 19, 12], [13, 6, 14, 7], [15, 23, 16, 22], [10, 17, 11, 18], [19, 2, 20, 3], [21, 17, 22, 16], [23, 5, 24, 4], [1, 20, 2, 21], [3, 1, 4, 24], [5, 9, 6, 8], [7, 12, 8, 13]]"
12n_0018_46,"[[7, 12, 8, 13], [9, 15, 10, 14], [18, 11, 19, 12], [13, 6, 14, 7], [15, 23, 16, 22], [10, 17, 11, 18], [19, 2, 20, 3], [21, 17, 22, 16], [23, 5, 24, 4], [1, 20, 2, 21], [3, 1, 4, 24], [5, 9, 6, 8]]"
12n_0018_47,"[[5, 9, 6, 8], [7, 12, 8, 13], [9, 15, 10, 14], [18, 11, 19, 12], [13, 6, 14, 7], [15, 23, 16, 22], [10, 17, 11, 18], [19, 2, 20, 3], [21, 17, 22, 16], [23, 5, 24, 4], [1, 20, 2, 21], [3, 1, 4, 24]]"
12n_0018_48,"[[4, 2, 5, 1], [6, 10, 7, 9], [8, 13, 9, 14], [10, 16, 11, 15], [19, 12, 20, 13], [14, 7, 15, 8], [16, 24, 17, 23], [11, 18, 12, 19], [20, 3, 21, 4], [22, 18, 23, 17], [24, 6, 1, 5], [2, 21, 3, 22]]"
12n_0018_49,"[[2, 21, 3, 22], [4, 2, 5, 1], [6, 10, 7, 9], [8, 13, 9, 14], [10, 16, 11, 15], [19, 12, 20, 13], [14, 7, 15, 8], [16, 24, 17, 23], [11, 18, 12, 19], [20, 3, 21, 4], [22, 18, 23, 17], [24, 6, 1, 5]]"
12n_0018_50,"[[24, 6, 1, 5], [2, 21, 3, 22], [4, 2, 5, 1], [6, 10, 7, 9], [8, 13, 9, 14], [10, 16, 11, 15], [19, 12, 20, 13], [14, 7, 15, 8], [16, 24, 17, 23], [11, 18, 12, 19], [20, 3, 21, 4], [22, 18, 23, 17]]"
12n_0018_51,"[[22, 18, 23, 17], [24, 6, 1, 5], [2, 21, 3, 22], [4, 2, 5, 1], [6, 10, 7, 9], [8, 13, 9, 14], [10, 16, 11, 15], [19, 12, 20, 13], [14, 7, 15, 8], [16, 24, 17, 23], [11, 18, 12, 19], [20, 3, 21, 4]]"
12n_0018_52,"[[20, 3, 21, 4], [22, 18, 23, 17], [24, 6, 1, 5], [2, 21, 3, 22], [4, 2, 5, 1], [6, 10, 7, 9], [8, 13, 9, 14], [10, 16, 11, 15], [19, 12, 20, 13], [14, 7, 15, 8], [16, 24, 17, 23], [11, 18, 12, 19]]"
12n_0018_53,"[[11, 18, 12, 19], [20, 3, 21, 4], [22, 18, 23, 17], [24, 6, 1, 5], [2, 21, 3, 22], [4, 2, 5, 1], [6, 10, 7, 9], [8, 13, 9, 14], [10, 16, 11, 15], [19, 12, 20, 13], [14, 7, 15, 8], [16, 24, 17, 23]]"
12n_0018_54,"[[16, 24, 17, 23], [11, 18, 12, 19], [20, 3, 21, 4], [22, 18, 23, 17], [24, 6, 1, 5], [2, 21, 3, 22], [4, 2, 5, 1], [6, 10, 7, 9], [8, 13, 9, 14], [10, 16, 11, 15], [19, 12, 20, 13], [14, 7, 15, 8]]"
12n_0018_55,"[[14, 7, 15, 8], [16, 24, 17, 23], [11, 18, 12, 19], [20, 3, 21, 4], [22, 18, 23, 17], [24, 6, 1, 5], [2, 21, 3, 22], [4, 2, 5, 1], [6, 10, 7, 9], [8, 13, 9, 14], [10, 16, 11, 15], [19, 12, 20, 13]]"
12n_0018_56,"[[19, 12, 20, 13], [14, 7, 15, 8], [16, 24, 17, 23], [11, 18, 12, 19], [20, 3, 21, 4], [22, 18, 23, 17], [24, 6, 1, 5], [2, 21, 3, 22], [4, 2, 5, 1], [6, 10, 7, 9], [8, 13, 9, 14], [10, 16, 11, 15]]"
12n_0018_57,"[[10, 16, 11, 15], [19, 12, 20, 13], [14, 7, 15, 8], [16, 24, 17, 23], [11, 18, 12, 19], [20, 3, 21, 4], [22, 18, 23, 17], [24, 6, 1, 5], [2, 21, 3, 22], [4, 2, 5, 1], [6, 10, 7, 9], [8, 13, 9, 14]]"
12n_0018_58,"[[8, 13, 9, 14], [10, 16, 11, 15], [19, 12, 20, 13], [14, 7, 15, 8], [16, 24, 17, 23], [11, 18, 12, 19], [20, 3, 21, 4], [22, 18, 23, 17], [24, 6, 1, 5], [2, 21, 3, 22], [4, 2, 5, 1], [6, 10, 7, 9]]"
12n_0018_59,"[[6, 10, 7, 9], [8, 13, 9, 14], [10, 16, 11, 15], [19, 12, 20, 13], [14, 7, 15, 8], [16, 24, 17, 23], [11, 18, 12, 19], [20, 3, 21, 4], [22, 18, 23, 17], [24, 6, 1, 5], [2, 21, 3, 22], [4, 2, 5, 1]]"
12n_0018_60,"[[5, 3, 6, 2], [7, 11, 8, 10], [9, 14, 10, 15], [11, 17, 12, 16], [20, 13, 21, 14], [15, 8, 16, 9], [17, 1, 18, 24], [12, 19, 13, 20], [21, 4, 22, 5], [23, 19, 24, 18], [1, 7, 2, 6], [3, 22, 4, 23]]"
12n_0018_61,"[[3, 22, 4, 23], [5, 3, 6, 2], [7, 11, 8, 10], [9, 14, 10, 15], [11, 17, 12, 16], [20, 13, 21, 14], [15, 8, 16, 9], [17, 1, 18, 24], [12, 19, 13, 20], [21, 4, 22, 5], [23, 19, 24, 18], [1, 7, 2, 6]]"
12n_0018_62,"[[1, 7, 2, 6], [3, 22, 4, 23], [5, 3, 6, 2], [7, 11, 8, 10], [9, 14, 10, 15], [11, 17, 12, 16], [20, 13, 21, 14], [15, 8, 16, 9], [17, 1, 18, 24], [12, 19, 13, 20], [21, 4, 22, 5], [23, 19, 24, 18]]"
12n_0018_63,"[[23, 19, 24, 18], [1, 7, 2, 6], [3, 22, 4, 23], [5, 3, 6, 2], [7, 11, 8, 10], [9, 14, 10, 15], [11, 17, 12, 16], [20, 13, 21, 14], [15, 8, 16, 9], [17, 1, 18, 24], [12, 19, 13, 20], [21, 4, 22, 5]]"
12n_0018_64,"[[21, 4, 22, 5], [23, 19, 24, 18], [1, 7, 2, 6], [3, 22, 4, 23], [5, 3, 6, 2], [7, 11, 8, 10], [9, 14, 10, 15], [11, 17, 12, 16], [20, 13, 21, 14], [15, 8, 16, 9], [17, 1, 18, 24], [12, 19, 13, 20]]"
12n_0018_65,"[[12, 19, 13, 20], [21, 4, 22, 5], [23, 19, 24, 18], [1, 7, 2, 6], [3, 22, 4, 23], [5, 3, 6, 2], [7, 11, 8, 10], [9, 14, 10, 15], [11, 17, 12, 16], [20, 13, 21, 14], [15, 8, 16, 9], [17, 1, 18, 24]]"
12n_0018_66,"[[17, 1, 18, 24], [12, 19, 13, 20], [21, 4, 22, 5], [23, 19, 24, 18], [1, 7, 2, 6], [3, 22, 4, 23], [5, 3, 6, 2], [7, 11, 8, 10], [9, 14, 10, 15], [11, 17, 12, 16], [20, 13, 21, 14], [15, 8, 16, 9]]"
12n_0018_67,"[[15, 8, 16, 9], [17, 1, 18, 24], [12, 19, 13, 20], [21, 4, 22, 5], [23, 19, 24, 18], [1, 7, 2, 6], [3, 22, 4, 23], [5, 3, 6, 2], [7, 11, 8, 10], [9, 14, 10, 15], [11, 17, 12, 16], [20, 13, 21, 14]]"
12n_0018_68,"[[20, 13, 21, 14], [15, 8, 16, 9], [17, 1, 18, 24], [12, 19, 13, 20], [21, 4, 22, 5], [23, 19, 24, 18], [1, 7, 2, 6], [3, 22, 4, 23], [5, 3, 6, 2], [7, 11, 8, 10], [9, 14, 10, 15], [11, 17, 12, 16]]"
12n_0018_69,"[[11, 17, 12, 16], [20, 13, 21, 14], [15, 8, 16, 9], [17, 1, 18, 24], [12, 19, 13, 20], [21, 4, 22, 5], [23, 19, 24, 18], [1, 7, 2, 6], [3, 22, 4, 23], [5, 3, 6, 2], [7, 11, 8, 10], [9, 14, 10, 15]]"
12n_0018_70,"[[9, 14, 10, 15], [11, 17, 12, 16], [20, 13, 21, 14], [15, 8, 16, 9], [17, 1, 18, 24], [12, 19, 13, 20], [21, 4, 22, 5], [23, 19, 24, 18], [1, 7, 2, 6], [3, 22, 4, 23], [5, 3, 6, 2], [7, 11, 8, 10]]"
12n_0018_71,"[[7, 11, 8, 10], [9, 14, 10, 15], [11, 17, 12, 16], [20, 13, 21, 14], [15, 8, 16, 9], [17, 1, 18, 24], [12, 19, 13, 20], [21, 4, 22, 5], [23, 19, 24, 18], [1, 7, 2, 6], [3, 22, 4, 23], [5, 3, 6, 2]]"
12n_0018_72,"[[6, 4, 7, 3], [8, 12, 9, 11], [10, 15, 11, 16], [12, 18, 13, 17], [21, 14, 22, 15], [16, 9, 17, 10], [18, 2, 19, 1], [13, 20, 14, 21], [22, 5, 23, 6], [24, 20, 1, 19], [2, 8, 3, 7], [4, 23, 5, 24]]"
12n_0018_73,"[[4, 23, 5, 24], [6, 4, 7, 3], [8, 12, 9, 11], [10, 15, 11, 16], [12, 18, 13, 17], [21, 14, 22, 15], [16, 9, 17, 10], [18, 2, 19, 1], [13, 20, 14, 21], [22, 5, 23, 6], [24, 20, 1, 19], [2, 8, 3, 7]]"
12n_0018_74,"[[2, 8, 3, 7], [4, 23, 5, 24], [6, 4, 7, 3], [8, 12, 9, 11], [10, 15, 11, 16], [12, 18, 13, 17], [21, 14, 22, 15], [16, 9, 17, 10], [18, 2, 19, 1], [13, 20, 14, 21], [22, 5, 23, 6], [24, 20, 1, 19]]"
12n_0018_75,"[[24, 20, 1, 19], [2, 8, 3, 7], [4, 23, 5, 24], [6, 4, 7, 3], [8, 12, 9, 11], [10, 15, 11, 16], [12, 18, 13, 17], [21, 14, 22, 15], [16, 9, 17, 10], [18, 2, 19, 1], [13, 20, 14, 21], [22, 5, 23, 6]]"
12n_0018_76,"[[22, 5, 23, 6], [24, 20, 1, 19], [2, 8, 3, 7], [4, 23, 5, 24], [6, 4, 7, 3], [8, 12, 9, 11], [10, 15, 11, 16], [12, 18, 13, 17], [21, 14, 22, 15], [16, 9, 17, 10], [18, 2, 19, 1], [13, 20, 14, 21]]"
12n_0018_77,"[[13, 20, 14, 21], [22, 5, 23, 6], [24, 20, 1, 19], [2, 8, 3, 7], [4, 23, 5, 24], [6, 4, 7, 3], [8, 12, 9, 11], [10, 15, 11, 16], [12, 18, 13, 17], [21, 14, 22, 15], [16, 9, 17, 10], [18, 2, 19, 1]]"
12n_0018_78,"[[18, 2, 19, 1], [13, 20, 14, 21], [22, 5, 23, 6], [24, 20, 1, 19], [2, 8, 3, 7], [4, 23, 5, 24], [6, 4, 7, 3], [8, 12, 9, 11], [10, 15, 11, 16], [12, 18, 13, 17], [21, 14, 22, 15], [16, 9, 17, 10]]"
12n_0018_79,"[[16, 9, 17, 10], [18, 2, 19, 1], [13, 20, 14, 21], [22, 5, 23, 6], [24, 20, 1, 19], [2, 8, 3, 7], [4, 23, 5, 24], [6, 4, 7, 3], [8, 12, 9, 11], [10, 15, 11, 16], [12, 18, 13, 17], [21, 14, 22, 15]]"
12n_0018_80,"[[21, 14, 22, 15], [16, 9, 17, 10], [18, 2, 19, 1], [13, 20, 14, 21], [22, 5, 23, 6], [24, 20, 1, 19], [2, 8, 3, 7], [4, 23, 5, 24], [6, 4, 7, 3], [8, 12, 9, 11], [10, 15, 11, 16], [12, 18, 13, 17]]"
12n_0018_81,"[[12, 18, 13, 17], [21, 14, 22, 15], [16, 9, 17, 10], [18, 2, 19, 1], [13, 20, 14, 21], [22, 5, 23, 6], [24, 20, 1, 19], [2, 8, 3, 7], [4, 23, 5, 24], [6, 4, 7, 3], [8, 12, 9, 11], [10, 15, 11, 16]]"
12n_0018_82,"[[10, 15, 11, 16], [12, 18, 13, 17], [21, 14, 22, 15], [16, 9, 17, 10], [18, 2, 19, 1], [13, 20, 14, 21], [22, 5, 23, 6], [24, 20, 1, 19], [2, 8, 3, 7], [4, 23, 5, 24], [6, 4, 7, 3], [8, 12, 9, 11]]"
12n_0018_83,"[[8, 12, 9, 11], [10, 15, 11, 16], [12, 18, 13, 17], [21, 14, 22, 15], [16, 9, 17, 10], [18, 2, 19, 1], [13, 20, 14, 21], [22, 5, 23, 6], [24, 20, 1, 19], [2, 8, 3, 7], [4, 23, 5, 24], [6, 4, 7, 3]]"
12n_0018_84,"[[7, 5, 8, 4], [9, 13, 10, 12], [11, 16, 12, 17], [13, 19, 14, 18], [22, 15, 23, 16], [17, 10, 18, 11], [19, 3, 20, 2], [14, 21, 15, 22], [23, 6, 24, 7], [1, 21, 2, 20], [3, 9, 4, 8], [5, 24, 6, 1]]"
12n_0018_85,"[[5, 24, 6, 1], [7, 5, 8, 4], [9, 13, 10, 12], [11, 16, 12, 17], [13, 19, 14, 18], [22, 15, 23, 16], [17, 10, 18, 11], [19, 3, 20, 2], [14, 21, 15, 22], [23, 6, 24, 7], [1, 21, 2, 20], [3, 9, 4, 8]]"
12n_0018_86,"[[3, 9, 4, 8], [5, 24, 6, 1], [7, 5, 8, 4], [9, 13, 10, 12], [11, 16, 12, 17], [13, 19, 14, 18], [22, 15, 23, 16], [17, 10, 18, 11], [19, 3, 20, 2], [14, 21, 15, 22], [23, 6, 24, 7], [1, 21, 2, 20]]"
12n_0018_87,"[[1, 21, 2, 20], [3, 9, 4, 8], [5, 24, 6, 1], [7, 5, 8, 4], [9, 13, 10, 12], [11, 16, 12, 17], [13, 19, 14, 18], [22, 15, 23, 16], [17, 10, 18, 11], [19, 3, 20, 2], [14, 21, 15, 22], [23, 6, 24, 7]]"
12n_0018_88,"[[23, 6, 24, 7], [1, 21, 2, 20], [3, 9, 4, 8], [5, 24, 6, 1], [7, 5, 8, 4], [9, 13, 10, 12], [11, 16, 12, 17], [13, 19, 14, 18], [22, 15, 23, 16], [17, 10, 18, 11], [19, 3, 20, 2], [14, 21, 15, 22]]"
12n_0018_89,"[[14, 21, 15, 22], [23, 6, 24, 7], [1, 21, 2, 20], [3, 9, 4, 8], [5, 24, 6, 1], [7, 5, 8, 4], [9, 13, 10, 12], [11, 16, 12, 17], [13, 19, 14, 18], [22, 15, 23, 16], [17, 10, 18, 11], [19, 3, 20, 2]]"
12n_0018_90,"[[19, 3, 20, 2], [14, 21, 15, 22], [23, 6, 24, 7], [1, 21, 2, 20], [3, 9, 4, 8], [5, 24, 6, 1], [7, 5, 8, 4], [9, 13, 10, 12], [11, 16, 12, 17], [13, 19, 14, 18], [22, 15, 23, 16], [17, 10, 18, 11]]"
12n_0018_91,"[[17, 10, 18, 11], [19, 3, 20, 2], [14, 21, 15, 22], [23, 6, 24, 7], [1, 21, 2, 20], [3, 9, 4, 8], [5, 24, 6, 1], [7, 5, 8, 4], [9, 13, 10, 12], [11, 16, 12, 17], [13, 19, 14, 18], [22, 15, 23, 16]]"
12n_0018_92,"[[22, 15, 23, 16], [17, 10, 18, 11], [19, 3, 20, 2], [14, 21, 15, 22], [23, 6, 24, 7], [1, 21, 2, 20], [3, 9, 4, 8], [5, 24, 6, 1], [7, 5, 8, 4], [9, 13, 10, 12], [11, 16, 12, 17], [13, 19, 14, 18]]"
12n_0018_93,"[[13, 19, 14, 18], [22, 15, 23, 16], [17, 10, 18, 11], [19, 3, 20, 2], [14, 21, 15, 22], [23, 6, 24, 7], [1, 21, 2, 20], [3, 9, 4, 8], [5, 24, 6, 1], [7, 5, 8, 4], [9, 13, 10, 12], [11, 16, 12, 17]]"
12n_0018_94,"[[11, 16, 12, 17], [13, 19, 14, 18], [22, 15, 23, 16], [17, 10, 18, 11], [19, 3, 20, 2], [14, 21, 15, 22], [23, 6, 24, 7], [1, 21, 2, 20], [3, 9, 4, 8], [5, 24, 6, 1], [7, 5, 8, 4], [9, 13, 10, 12]]"
12n_0018_95,"[[9, 13, 10, 12], [11, 16, 12, 17], [13, 19, 14, 18], [22, 15, 23, 16], [17, 10, 18, 11], [19, 3, 20, 2], [14, 21, 15, 22], [23, 6, 24, 7], [1, 21, 2, 20], [3, 9, 4, 8], [5, 24, 6, 1], [7, 5, 8, 4]]"
12n_0018_96,"[[8, 6, 9, 5], [10, 14, 11, 13], [12, 17, 13, 18], [14, 20, 15, 19], [23, 16, 24, 17], [18, 11, 19, 12], [20, 4, 21, 3], [15, 22, 16, 23], [24, 7, 1, 8], [2, 22, 3, 21], [4, 10, 5, 9], [6, 1, 7, 2]]"
12n_0018_97,"[[6, 1, 7, 2], [8, 6, 9, 5], [10, 14, 11, 13], [12, 17, 13, 18], [14, 20, 15, 19], [23, 16, 24, 17], [18, 11, 19, 12], [20, 4, 21, 3], [15, 22, 16, 23], [24, 7, 1, 8], [2, 22, 3, 21], [4, 10, 5, 9]]"
12n_0018_98,"[[4, 10, 5, 9], [6, 1, 7, 2], [8, 6, 9, 5], [10, 14, 11, 13], [12, 17, 13, 18], [14, 20, 15, 19], [23, 16, 24, 17], [18, 11, 19, 12], [20, 4, 21, 3], [15, 22, 16, 23], [24, 7, 1, 8], [2, 22, 3, 21]]"
12n_0018_99,"[[2, 22, 3, 21], [4, 10, 5, 9], [6, 1, 7, 2], [8, 6, 9, 5], [10, 14, 11, 13], [12, 17, 13, 18], [14, 20, 15, 19], [23, 16, 24, 17], [18, 11, 19, 12], [20, 4, 21, 3], [15, 22, 16, 23], [24, 7, 1, 8]]"
12n_0018_100,"[[24, 7, 1, 8], [2, 22, 3, 21], [4, 10, 5, 9], [6, 1, 7, 2], [8, 6, 9, 5], [10, 14, 11, 13], [12, 17, 13, 18], [14, 20, 15, 19], [23, 16, 24, 17], [18, 11, 19, 12], [20, 4, 21, 3], [15, 22, 16, 23]]"
12n_0018_101,"[[15, 22, 16, 23], [24, 7, 1, 8], [2, 22, 3, 21], [4, 10, 5, 9], [6, 1, 7, 2], [8, 6, 9, 5], [10, 14, 11, 13], [12, 17, 13, 18], [14, 20, 15, 19], [23, 16, 24, 17], [18, 11, 19, 12], [20, 4, 21, 3]]"
12n_0018_102,"[[20, 4, 21, 3], [15, 22, 16, 23], [24, 7, 1, 8], [2, 22, 3, 21], [4, 10, 5, 9], [6, 1, 7, 2], [8, 6, 9, 5], [10, 14, 11, 13], [12, 17, 13, 18], [14, 20, 15, 19], [23, 16, 24, 17], [18, 11, 19, 12]]"
12n_0018_103,"[[18, 11, 19, 12], [20, 4, 21, 3], [15, 22, 16, 23], [24, 7, 1, 8], [2, 22, 3, 21], [4, 10, 5, 9], [6, 1, 7, 2], [8, 6, 9, 5], [10, 14, 11, 13], [12, 17, 13, 18], [14, 20, 15, 19], [23, 16, 24, 17]]"
12n_0018_104,"[[23, 16, 24, 17], [18, 11, 19, 12], [20, 4, 21, 3], [15, 22, 16, 23], [24, 7, 1, 8], [2, 22, 3, 21], [4, 10, 5, 9], [6, 1, 7, 2], [8, 6, 9, 5], [10, 14, 11, 13], [12, 17, 13, 18], [14, 20, 15, 19]]"
12n_0018_105,"[[14, 20, 15, 19], [23, 16, 24, 17], [18, 11, 19, 12], [20, 4, 21, 3], [15, 22, 16, 23], [24, 7, 1, 8], [2, 22, 3, 21], [4, 10, 5, 9], [6, 1, 7, 2], [8, 6, 9, 5], [10, 14, 11, 13], [12, 17, 13, 18]]"
12n_0018_106,"[[12, 17, 13, 18], [14, 20, 15, 19], [23, 16, 24, 17], [18, 11, 19, 12], [20, 4, 21, 3], [15, 22, 16, 23], [24, 7, 1, 8], [2, 22, 3, 21], [4, 10, 5, 9], [6, 1, 7, 2], [8, 6, 9, 5], [10, 14, 11, 13]]"
12n_0018_107,"[[10, 14, 11, 13], [12, 17, 13, 18], [14, 20, 15, 19], [23, 16, 24, 17], [18, 11, 19, 12], [20, 4, 21, 3], [15, 22, 16, 23], [24, 7, 1, 8], [2, 22, 3, 21], [4, 10, 5, 9], [6, 1, 7, 2], [8, 6, 9, 5]]"
12n_0018_108,"[[9, 7, 10, 6], [11, 15, 12, 14], [13, 18, 14, 19], [15, 21, 16, 20], [24, 17, 1, 18], [19, 12, 20, 13], [21, 5, 22, 4], [16, 23, 17, 24], [1, 8, 2, 9], [3, 23, 4, 22], [5, 11, 6, 10], [7, 2, 8, 3]]"
12n_0018_109,"[[7, 2, 8, 3], [9, 7, 10, 6], [11, 15, 12, 14], [13, 18, 14, 19], [15, 21, 16, 20], [24, 17, 1, 18], [19, 12, 20, 13], [21, 5, 22, 4], [16, 23, 17, 24], [1, 8, 2, 9], [3, 23, 4, 22], [5, 11, 6, 10]]"
12n_0018_110,"[[5, 11, 6, 10], [7, 2, 8, 3], [9, 7, 10, 6], [11, 15, 12, 14], [13, 18, 14, 19], [15, 21, 16, 20], [24, 17, 1, 18], [19, 12, 20, 13], [21, 5, 22, 4], [16, 23, 17, 24], [1, 8, 2, 9], [3, 23, 4, 22]]"
12n_0018_111,"[[3, 23, 4, 22], [5, 11, 6, 10], [7, 2, 8, 3], [9, 7, 10, 6], [11, 15, 12, 14], [13, 18, 14, 19], [15, 21, 16, 20], [24, 17, 1, 18], [19, 12, 20, 13], [21, 5, 22, 4], [16, 23, 17, 24], [1, 8, 2, 9]]"
12n_0018_112,"[[1, 8, 2, 9], [3, 23, 4, 22], [5, 11, 6, 10], [7, 2, 8, 3], [9, 7, 10, 6], [11, 15, 12, 14], [13, 18, 14, 19], [15, 21, 16, 20], [24, 17, 1, 18], [19, 12, 20, 13], [21, 5, 22, 4], [16, 23, 17, 24]]"
12n_0018_113,"[[16, 23, 17, 24], [1, 8, 2, 9], [3, 23, 4, 22], [5, 11, 6, 10], [7, 2, 8, 3], [9, 7, 10, 6], [11, 15, 12, 14], [13, 18, 14, 19], [15, 21, 16, 20], [24, 17, 1, 18], [19, 12, 20, 13], [21, 5, 22, 4]]"
12n_0018_114,"[[21, 5, 22, 4], [16, 23, 17, 24], [1, 8, 2, 9], [3, 23, 4, 22], [5, 11, 6, 10], [7, 2, 8, 3], [9, 7, 10, 6], [11, 15, 12, 14], [13, 18, 14, 19], [15, 21, 16, 20], [24, 17, 1, 18], [19, 12, 20, 13]]"
12n_0018_115,"[[19, 12, 20, 13], [21, 5, 22, 4], [16, 23, 17, 24], [1, 8, 2, 9], [3, 23, 4, 22], [5, 11, 6, 10], [7, 2, 8, 3], [9, 7, 10, 6], [11, 15, 12, 14], [13, 18, 14, 19], [15, 21, 16, 20], [24, 17, 1, 18]]"
12n_0018_116,"[[24, 17, 1, 18], [19, 12, 20, 13], [21, 5, 22, 4], [16, 23, 17, 24], [1, 8, 2, 9], [3, 23, 4, 22], [5, 11, 6, 10], [7, 2, 8, 3], [9, 7, 10, 6], [11, 15, 12, 14], [13, 18, 14, 19], [15, 21, 16, 20]]"
12n_0018_117,"[[15, 21, 16, 20], [24, 17, 1, 18], [19, 12, 20, 13], [21, 5, 22, 4], [16, 23, 17, 24], [1, 8, 2, 9], [3, 23, 4, 22], [5, 11, 6, 10], [7, 2, 8, 3], [9, 7, 10, 6], [11, 15, 12, 14], [13, 18, 14, 19]]"
12n_0018_118,"[[13, 18, 14, 19], [15, 21, 16, 20], [24, 17, 1, 18], [19, 12, 20, 13], [21, 5, 22, 4], [16, 23, 17, 24], [1, 8, 2, 9], [3, 23, 4, 22], [5, 11, 6, 10], [7, 2, 8, 3], [9, 7, 10, 6], [11, 15, 12, 14]]"
12n_0018_119,"[[11, 15, 12, 14], [13, 18, 14, 19], [15, 21, 16, 20], [24, 17, 1, 18], [19, 12, 20, 13], [21, 5, 22, 4], [16, 23, 17, 24], [1, 8, 2, 9], [3, 23, 4, 22], [5, 11, 6, 10], [7, 2, 8, 3], [9, 7, 10, 6]]"
12n_0018_120,"[[10, 8, 11, 7], [12, 16, 13, 15], [14, 19, 15, 20], [16, 22, 17, 21], [1, 18, 2, 19], [20, 13, 21, 14], [22, 6, 23, 5], [17, 24, 18, 1], [2, 9, 3, 10], [4, 24, 5, 23], [6, 12, 7, 11], [8, 3, 9, 4]]"
12n_0018_121,"[[8, 3, 9, 4], [10, 8, 11, 7], [12, 16, 13, 15], [14, 19, 15, 20], [16, 22, 17, 21], [1, 18, 2, 19], [20, 13, 21, 14], [22, 6, 23, 5], [17, 24, 18, 1], [2, 9, 3, 10], [4, 24, 5, 23], [6, 12, 7, 11]]"
12n_0018_122,"[[6, 12, 7, 11], [8, 3, 9, 4], [10, 8, 11, 7], [12, 16, 13, 15], [14, 19, 15, 20], [16, 22, 17, 21], [1, 18, 2, 19], [20, 13, 21, 14], [22, 6, 23, 5], [17, 24, 18, 1], [2, 9, 3, 10], [4, 24, 5, 23]]"
12n_0018_123,"[[4, 24, 5, 23], [6, 12, 7, 11], [8, 3, 9, 4], [10, 8, 11, 7], [12, 16, 13, 15], [14, 19, 15, 20], [16, 22, 17, 21], [1, 18, 2, 19], [20, 13, 21, 14], [22, 6, 23, 5], [17, 24, 18, 1], [2, 9, 3, 10]]"
12n_0018_124,"[[2, 9, 3, 10], [4, 24, 5, 23], [6, 12, 7, 11], [8, 3, 9, 4], [10, 8, 11, 7], [12, 16, 13, 15], [14, 19, 15, 20], [16, 22, 17, 21], [1, 18, 2, 19], [20, 13, 21, 14], [22, 6, 23, 5], [17, 24, 18, 1]]"
12n_0018_125,"[[17, 24, 18, 1], [2, 9, 3, 10], [4, 24, 5, 23], [6, 12, 7, 11], [8, 3, 9, 4], [10, 8, 11, 7], [12, 16, 13, 15], [14, 19, 15, 20], [16, 22, 17, 21], [1, 18, 2, 19], [20, 13, 21, 14], [22, 6, 23, 5]]"
12n_0018_126,"[[22, 6, 23, 5], [17, 24, 18, 1], [2, 9, 3, 10], [4, 24, 5, 23], [6, 12, 7, 11], [8, 3, 9, 4], [10, 8, 11, 7], [12, 16, 13, 15], [14, 19, 15, 20], [16, 22, 17, 21], [1, 18, 2, 19], [20, 13, 21, 14]]"
12n_0018_127,"[[20, 13, 21, 14], [22, 6, 23, 5], [17, 24, 18, 1], [2, 9, 3, 10], [4, 24, 5, 23], [6, 12, 7, 11], [8, 3, 9, 4], [10, 8, 11, 7], [12, 16, 13, 15], [14, 19, 15, 20], [16, 22, 17, 21], [1, 18, 2, 19]]"
12n_0018_128,"[[1, 18, 2, 19], [20, 13, 21, 14], [22, 6, 23, 5], [17, 24, 18, 1], [2, 9, 3, 10], [4, 24, 5, 23], [6, 12, 7, 11], [8, 3, 9, 4], [10, 8, 11, 7], [12, 16, 13, 15], [14, 19, 15, 20], [16, 22, 17, 21]]"
12n_0018_129,"[[16, 22, 17, 21], [1, 18, 2, 19], [20, 13, 21, 14], [22, 6, 23, 5], [17, 24, 18, 1], [2, 9, 3, 10], [4, 24, 5, 23], [6, 12, 7, 11], [8, 3, 9, 4], [10, 8, 11, 7], [12, 16, 13, 15], [14, 19, 15, 20]]"
12n_0018_130,"[[14, 19, 15, 20], [16, 22, 17, 21], [1, 18, 2, 19], [20, 13, 21, 14], [22, 6, 23, 5], [17, 24, 18, 1], [2, 9, 3, 10], [4, 24, 5, 23], [6, 12, 7, 11], [8, 3, 9, 4], [10, 8, 11, 7], [12, 16, 13, 15]]"
12n_0018_131,"[[12, 16, 13, 15], [14, 19, 15, 20], [16, 22, 17, 21], [1, 18, 2, 19], [20, 13, 21, 14], [22, 6, 23, 5], [17, 24, 18, 1], [2, 9, 3, 10], [4, 24, 5, 23], [6, 12, 7, 11], [8, 3, 9, 4], [10, 8, 11, 7]]"
12n_0018_132,"[[11, 9, 12, 8], [13, 17, 14, 16], [15, 20, 16, 21], [17, 23, 18, 22], [2, 19, 3, 20], [21, 14, 22, 15], [23, 7, 24, 6], [18, 1, 19, 2], [3, 10, 4, 11], [5, 1, 6, 24], [7, 13, 8, 12], [9, 4, 10, 5]]"
12n_0018_133,"[[9, 4, 10, 5], [11, 9, 12, 8], [13, 17, 14, 16], [15, 20, 16, 21], [17, 23, 18, 22], [2, 19, 3, 20], [21, 14, 22, 15], [23, 7, 24, 6], [18, 1, 19, 2], [3, 10, 4, 11], [5, 1, 6, 24], [7, 13, 8, 12]]"
12n_0018_134,"[[7, 13, 8, 12], [9, 4, 10, 5], [11, 9, 12, 8], [13, 17, 14, 16], [15, 20, 16, 21], [17, 23, 18, 22], [2, 19, 3, 20], [21, 14, 22, 15], [23, 7, 24, 6], [18, 1, 19, 2], [3, 10, 4, 11], [5, 1, 6, 24]]"
12n_0018_135,"[[5, 1, 6, 24], [7, 13, 8, 12], [9, 4, 10, 5], [11, 9, 12, 8], [13, 17, 14, 16], [15, 20, 16, 21], [17, 23, 18, 22], [2, 19, 3, 20], [21, 14, 22, 15], [23, 7, 24, 6], [18, 1, 19, 2], [3, 10, 4, 11]]"
12n_0018_136,"[[3, 10, 4, 11], [5, 1, 6, 24], [7, 13, 8, 12], [9, 4, 10, 5], [11, 9, 12, 8], [13, 17, 14, 16], [15, 20, 16, 21], [17, 23, 18, 22], [2, 19, 3, 20], [21, 14, 22, 15], [23, 7, 24, 6], [18, 1, 19, 2]]"
12n_0018_137,"[[18, 1, 19, 2], [3, 10, 4, 11], [5, 1, 6, 24], [7, 13, 8, 12], [9, 4, 10, 5], [11, 9, 12, 8], [13, 17, 14, 16], [15, 20, 16, 21], [17, 23, 18, 22], [2, 19, 3, 20], [21, 14, 22, 15], [23, 7, 24, 6]]"
12n_0018_138,"[[23, 7, 24, 6], [18, 1, 19, 2], [3, 10, 4, 11], [5, 1, 6, 24], [7, 13, 8, 12], [9, 4, 10, 5], [11, 9, 12, 8], [13, 17, 14, 16], [15, 20, 16, 21], [17, 23, 18, 22], [2, 19, 3, 20], [21, 14, 22, 15]]"
12n_0018_139,"[[21, 14, 22, 15], [23, 7, 24, 6], [18, 1, 19, 2], [3, 10, 4, 11], [5, 1, 6, 24], [7, 13, 8, 12], [9, 4, 10, 5], [11, 9, 12, 8], [13, 17, 14, 16], [15, 20, 16, 21], [17, 23, 18, 22], [2, 19, 3, 20]]"
12n_0018_140,"[[2, 19, 3, 20], [21, 14, 22, 15], [23, 7, 24, 6], [18, 1, 19, 2], [3, 10, 4, 11], [5, 1, 6, 24], [7, 13, 8, 12], [9, 4, 10, 5], [11, 9, 12, 8], [13, 17, 14, 16], [15, 20, 16, 21], [17, 23, 18, 22]]"
12n_0018_141,"[[17, 23, 18, 22], [2, 19, 3, 20], [21, 14, 22, 15], [23, 7, 24, 6], [18, 1, 19, 2], [3, 10, 4, 11], [5, 1, 6, 24], [7, 13, 8, 12], [9, 4, 10, 5], [11, 9, 12, 8], [13, 17, 14, 16], [15, 20, 16, 21]]"
12n_0018_142,"[[15, 20, 16, 21], [17, 23, 18, 22], [2, 19, 3, 20], [21, 14, 22, 15], [23, 7, 24, 6], [18, 1, 19, 2], [3, 10, 4, 11], [5, 1, 6, 24], [7, 13, 8, 12], [9, 4, 10, 5], [11, 9, 12, 8], [13, 17, 14, 16]]"
12n_0018_143,"[[13, 17, 14, 16], [15, 20, 16, 21], [17, 23, 18, 22], [2, 19, 3, 20], [21, 14, 22, 15], [23, 7, 24, 6], [18, 1, 19, 2], [3, 10, 4, 11], [5, 1, 6, 24], [7, 13, 8, 12], [9, 4, 10, 5], [11, 9, 12, 8]]"
12n_0018_144,"[[12, 10, 13, 9], [14, 18, 15, 17], [16, 21, 17, 22], [18, 24, 19, 23], [3, 20, 4, 21], [22, 15, 23, 16], [24, 8, 1, 7], [19, 2, 20, 3], [4, 11, 5, 12], [6, 2, 7, 1], [8, 14, 9, 13], [10, 5, 11, 6]]"
12n_0018_145,"[[10, 5, 11, 6], [12, 10, 13, 9], [14, 18, 15, 17], [16, 21, 17, 22], [18, 24, 19, 23], [3, 20, 4, 21], [22, 15, 23, 16], [24, 8, 1, 7], [19, 2, 20, 3], [4, 11, 5, 12], [6, 2, 7, 1], [8, 14, 9, 13]]"
12n_0018_146,"[[8, 14, 9, 13], [10, 5, 11, 6], [12, 10, 13, 9], [14, 18, 15, 17], [16, 21, 17, 22], [18, 24, 19, 23], [3, 20, 4, 21], [22, 15, 23, 16], [24, 8, 1, 7], [19, 2, 20, 3], [4, 11, 5, 12], [6, 2, 7, 1]]"
12n_0018_147,"[[6, 2, 7, 1], [8, 14, 9, 13], [10, 5, 11, 6], [12, 10, 13, 9], [14, 18, 15, 17], [16, 21, 17, 22], [18, 24, 19, 23], [3, 20, 4, 21], [22, 15, 23, 16], [24, 8, 1, 7], [19, 2, 20, 3], [4, 11, 5, 12]]"
12n_0018_148,"[[4, 11, 5, 12], [6, 2, 7, 1], [8, 14, 9, 13], [10, 5, 11, 6], [12, 10, 13, 9], [14, 18, 15, 17], [16, 21, 17, 22], [18, 24, 19, 23], [3, 20, 4, 21], [22, 15, 23, 16], [24, 8, 1, 7], [19, 2, 20, 3]]"
12n_0018_149,"[[19, 2, 20, 3], [4, 11, 5, 12], [6, 2, 7, 1], [8, 14, 9, 13], [10, 5, 11, 6], [12, 10, 13, 9], [14, 18, 15, 17], [16, 21, 17, 22], [18, 24, 19, 23], [3, 20, 4, 21], [22, 15, 23, 16], [24, 8, 1, 7]]"
12n_0018_150,"[[24, 8, 1, 7], [19, 2, 20, 3], [4, 11, 5, 12], [6, 2, 7, 1], [8, 14, 9, 13], [10, 5, 11, 6], [12, 10, 13, 9], [14, 18, 15, 17], [16, 21, 17, 22], [18, 24, 19, 23], [3, 20, 4, 21], [22, 15, 23, 16]]"
12n_0018_151,"[[22, 15, 23, 16], [24, 8, 1, 7], [19, 2, 20, 3], [4, 11, 5, 12], [6, 2, 7, 1], [8, 14, 9, 13], [10, 5, 11, 6], [12, 10, 13, 9], [14, 18, 15, 17], [16, 21, 17, 22], [18, 24, 19, 23], [3, 20, 4, 21]]"
12n_0018_152,"[[3, 20, 4, 21], [22, 15, 23, 16], [24, 8, 1, 7], [19, 2, 20, 3], [4, 11, 5, 12], [6, 2, 7, 1], [8, 14, 9, 13], [10, 5, 11, 6], [12, 10, 13, 9], [14, 18, 15, 17], [16, 21, 17, 22], [18, 24, 19, 23]]"
12n_0018_153,"[[18, 24, 19, 23], [3, 20, 4, 21], [22, 15, 23, 16], [24, 8, 1, 7], [19, 2, 20, 3], [4, 11, 5, 12], [6, 2, 7, 1], [8, 14, 9, 13], [10, 5, 11, 6], [12, 10, 13, 9], [14, 18, 15, 17], [16, 21, 17, 22]]"
12n_0018_154,"[[16, 21, 17, 22], [18, 24, 19, 23], [3, 20, 4, 21], [22, 15, 23, 16], [24, 8, 1, 7], [19, 2, 20, 3], [4, 11, 5, 12], [6, 2, 7, 1], [8, 14, 9, 13], [10, 5, 11, 6], [12, 10, 13, 9], [14, 18, 15, 17]]"
12n_0018_155,"[[14, 18, 15, 17], [16, 21, 17, 22], [18, 24, 19, 23], [3, 20, 4, 21], [22, 15, 23, 16], [24, 8, 1, 7], [19, 2, 20, 3], [4, 11, 5, 12], [6, 2, 7, 1], [8, 14, 9, 13], [10, 5, 11, 6], [12, 10, 13, 9]]"
12n_0018_156,"[[13, 11, 14, 10], [15, 19, 16, 18], [17, 22, 18, 23], [19, 1, 20, 24], [4, 21, 5, 22], [23, 16, 24, 17], [1, 9, 2, 8], [20, 3, 21, 4], [5, 12, 6, 13], [7, 3, 8, 2], [9, 15, 10, 14], [11, 6, 12, 7]]"
12n_0018_157,"[[11, 6, 12, 7], [13, 11, 14, 10], [15, 19, 16, 18], [17, 22, 18, 23], [19, 1, 20, 24], [4, 21, 5, 22], [23, 16, 24, 17], [1, 9, 2, 8], [20, 3, 21, 4], [5, 12, 6, 13], [7, 3, 8, 2], [9, 15, 10, 14]]"
12n_0018_158,"[[9, 15, 10, 14], [11, 6, 12, 7], [13, 11, 14, 10], [15, 19, 16, 18], [17, 22, 18, 23], [19, 1, 20, 24], [4, 21, 5, 22], [23, 16, 24, 17], [1, 9, 2, 8], [20, 3, 21, 4], [5, 12, 6, 13], [7, 3, 8, 2]]"
12n_0018_159,"[[7, 3, 8, 2], [9, 15, 10, 14], [11, 6, 12, 7], [13, 11, 14, 10], [15, 19, 16, 18], [17, 22, 18, 23], [19, 1, 20, 24], [4, 21, 5, 22], [23, 16, 24, 17], [1, 9, 2, 8], [20, 3, 21, 4], [5, 12, 6, 13]]"
12n_0018_160,"[[5, 12, 6, 13], [7, 3, 8, 2], [9, 15, 10, 14], [11, 6, 12, 7], [13, 11, 14, 10], [15, 19, 16, 18], [17, 22, 18, 23], [19, 1, 20, 24], [4, 21, 5, 22], [23, 16, 24, 17], [1, 9, 2, 8], [20, 3, 21, 4]]"
12n_0018_161,"[[20, 3, 21, 4], [5, 12, 6, 13], [7, 3, 8, 2], [9, 15, 10, 14], [11, 6, 12, 7], [13, 11, 14, 10], [15, 19, 16, 18], [17, 22, 18, 23], [19, 1, 20, 24], [4, 21, 5, 22], [23, 16, 24, 17], [1, 9, 2, 8]]"
12n_0018_162,"[[1, 9, 2, 8], [20, 3, 21, 4], [5, 12, 6, 13], [7, 3, 8, 2], [9, 15, 10, 14], [11, 6, 12, 7], [13, 11, 14, 10], [15, 19, 16, 18], [17, 22, 18, 23], [19, 1, 20, 24], [4, 21, 5, 22], [23, 16, 24, 17]]"
12n_0018_163,"[[23, 16, 24, 17], [1, 9, 2, 8], [20, 3, 21, 4], [5, 12, 6, 13], [7, 3, 8, 2], [9, 15, 10, 14], [11, 6, 12, 7], [13, 11, 14, 10], [15, 19, 16, 18], [17, 22, 18, 23], [19, 1, 20, 24], [4, 21, 5, 22]]"
12n_0018_164,"[[4, 21, 5, 22], [23, 16, 24, 17], [1, 9, 2, 8], [20, 3, 21, 4], [5, 12, 6, 13], [7, 3, 8, 2], [9, 15, 10, 14], [11, 6, 12, 7], [13, 11, 14, 10], [15, 19, 16, 18], [17, 22, 18, 23], [19, 1, 20, 24]]"
12n_0018_165,"[[19, 1, 20, 24], [4, 21, 5, 22], [23, 16, 24, 17], [1, 9, 2, 8], [20, 3, 21, 4], [5, 12, 6, 13], [7, 3, 8, 2], [9, 15, 10, 14], [11, 6, 12, 7], [13, 11, 14, 10], [15, 19, 16, 18], [17, 22, 18, 23]]"
12n_0018_166,"[[17, 22, 18, 23], [19, 1, 20, 24], [4, 21, 5, 22], [23, 16, 24, 17], [1, 9, 2, 8], [20, 3, 21, 4], [5, 12, 6, 13], [7, 3, 8, 2], [9, 15, 10, 14], [11, 6, 12, 7], [13, 11, 14, 10], [15, 19, 16, 18]]"
12n_0018_167,"[[15, 19, 16, 18], [17, 22, 18, 23], [19, 1, 20, 24], [4, 21, 5, 22], [23, 16, 24, 17], [1, 9, 2, 8], [20, 3, 21, 4], [5, 12, 6, 13], [7, 3, 8, 2], [9, 15, 10, 14], [11, 6, 12, 7], [13, 11, 14, 10]]"
12n_0018_168,"[[14, 12, 15, 11], [16, 20, 17, 19], [18, 23, 19, 24], [20, 2, 21, 1], [5, 22, 6, 23], [24, 17, 1, 18], [2, 10, 3, 9], [21, 4, 22, 5], [6, 13, 7, 14], [8, 4, 9, 3], [10, 16, 11, 15], [12, 7, 13, 8]]"
12n_0018_169,"[[12, 7, 13, 8], [14, 12, 15, 11], [16, 20, 17, 19], [18, 23, 19, 24], [20, 2, 21, 1], [5, 22, 6, 23], [24, 17, 1, 18], [2, 10, 3, 9], [21, 4, 22, 5], [6, 13, 7, 14], [8, 4, 9, 3], [10, 16, 11, 15]]"
12n_0018_170,"[[10, 16, 11, 15], [12, 7, 13, 8], [14, 12, 15, 11], [16, 20, 17, 19], [18, 23, 19, 24], [20, 2, 21, 1], [5, 22, 6, 23], [24, 17, 1, 18], [2, 10, 3, 9], [21, 4, 22, 5], [6, 13, 7, 14], [8, 4, 9, 3]]"
12n_0018_171,"[[8, 4, 9, 3], [10, 16, 11, 15], [12, 7, 13, 8], [14, 12, 15, 11], [16, 20, 17, 19], [18, 23, 19, 24], [20, 2, 21, 1], [5, 22, 6, 23], [24, 17, 1, 18], [2, 10, 3, 9], [21, 4, 22, 5], [6, 13, 7, 14]]"
12n_0018_172,"[[6, 13, 7, 14], [8, 4, 9, 3], [10, 16, 11, 15], [12, 7, 13, 8], [14, 12, 15, 11], [16, 20, 17, 19], [18, 23, 19, 24], [20, 2, 21, 1], [5, 22, 6, 23], [24, 17, 1, 18], [2, 10, 3, 9], [21, 4, 22, 5]]"
12n_0018_173,"[[21, 4, 22, 5], [6, 13, 7, 14], [8, 4, 9, 3], [10, 16, 11, 15], [12, 7, 13, 8], [14, 12, 15, 11], [16, 20, 17, 19], [18, 23, 19, 24], [20, 2, 21, 1], [5, 22, 6, 23], [24, 17, 1, 18], [2, 10, 3, 9]]"
12n_0018_174,"[[2, 10, 3, 9], [21, 4, 22, 5], [6, 13, 7, 14], [8, 4, 9, 3], [10, 16, 11, 15], [12, 7, 13, 8], [14, 12, 15, 11], [16, 20, 17, 19], [18, 23, 19, 24], [20, 2, 21, 1], [5, 22, 6, 23], [24, 17, 1, 18]]"
12n_0018_175,"[[24, 17, 1, 18], [2, 10, 3, 9], [21, 4, 22, 5], [6, 13, 7, 14], [8, 4, 9, 3], [10, 16, 11, 15], [12, 7, 13, 8], [14, 12, 15, 11], [16, 20, 17, 19], [18, 23, 19, 24], [20, 2, 21, 1], [5, 22, 6, 23]]"
12n_0018_176,"[[5, 22, 6, 23], [24, 17, 1, 18], [2, 10, 3, 9], [21, 4, 22, 5], [6, 13, 7, 14], [8, 4, 9, 3], [10, 16, 11, 15], [12, 7, 13, 8], [14, 12, 15, 11], [16, 20, 17, 19], [18, 23, 19, 24], [20, 2, 21, 1]]"
12n_0018_177,"[[20, 2, 21, 1], [5, 22, 6, 23], [24, 17, 1, 18], [2, 10, 3, 9], [21, 4, 22, 5], [6, 13, 7, 14], [8, 4, 9, 3], [10, 16, 11, 15], [12, 7, 13, 8], [14, 12, 15, 11], [16, 20, 17, 19], [18, 23, 19, 24]]"
12n_0018_178,"[[18, 23, 19, 24], [20, 2, 21, 1], [5, 22, 6, 23], [24, 17, 1, 18], [2, 10, 3, 9], [21, 4, 22, 5], [6, 13, 7, 14], [8, 4, 9, 3], [10, 16, 11, 15], [12, 7, 13, 8], [14, 12, 15, 11], [16, 20, 17, 19]]"
12n_0018_179,"[[16, 20, 17, 19], [18, 23, 19, 24], [20, 2, 21, 1], [5, 22, 6, 23], [24, 17, 1, 18], [2, 10, 3, 9], [21, 4, 22, 5], [6, 13, 7, 14], [8, 4, 9, 3], [10, 16, 11, 15], [12, 7, 13, 8], [14, 12, 15, 11]]"
12n_0018_180,"[[15, 13, 16, 12], [17, 21, 18, 20], [19, 24, 20, 1], [21, 3, 22, 2], [6, 23, 7, 24], [1, 18, 2, 19], [3, 11, 4, 10], [22, 5, 23, 6], [7, 14, 8, 15], [9, 5, 10, 4], [11, 17, 12, 16], [13, 8, 14, 9]]"
12n_0018_181,"[[13, 8, 14, 9], [15, 13, 16, 12], [17, 21, 18, 20], [19, 24, 20, 1], [21, 3, 22, 2], [6, 23, 7, 24], [1, 18, 2, 19], [3, 11, 4, 10], [22, 5, 23, 6], [7, 14, 8, 15], [9, 5, 10, 4], [11, 17, 12, 16]]"
12n_0018_182,"[[11, 17, 12, 16], [13, 8, 14, 9], [15, 13, 16, 12], [17, 21, 18, 20], [19, 24, 20, 1], [21, 3, 22, 2], [6, 23, 7, 24], [1, 18, 2, 19], [3, 11, 4, 10], [22, 5, 23, 6], [7, 14, 8, 15], [9, 5, 10, 4]]"
12n_0018_183,"[[9, 5, 10, 4], [11, 17, 12, 16], [13, 8, 14, 9], [15, 13, 16, 12], [17, 21, 18, 20], [19, 24, 20, 1], [21, 3, 22, 2], [6, 23, 7, 24], [1, 18, 2, 19], [3, 11, 4, 10], [22, 5, 23, 6], [7, 14, 8, 15]]"
12n_0018_184,"[[7, 14, 8, 15], [9, 5, 10, 4], [11, 17, 12, 16], [13, 8, 14, 9], [15, 13, 16, 12], [17, 21, 18, 20], [19, 24, 20, 1], [21, 3, 22, 2], [6, 23, 7, 24], [1, 18, 2, 19], [3, 11, 4, 10], [22, 5, 23, 6]]"
12n_0018_185,"[[22, 5, 23, 6], [7, 14, 8, 15], [9, 5, 10, 4], [11, 17, 12, 16], [13, 8, 14, 9], [15, 13, 16, 12], [17, 21, 18, 20], [19, 24, 20, 1], [21, 3, 22, 2], [6, 23, 7, 24], [1, 18, 2, 19], [3, 11, 4, 10]]"
