name,pd_notation
12n_0627_0,"[[24, 9, 1, 10], [2, 6, 3, 5], [4, 16, 5, 15], [6, 11, 7, 12], [8, 21, 9, 22], [10, 1, 11, 2], [12, 20, 13, 19], [14, 4, 15, 3], [23, 17, 24, 16], [18, 14, 19, 13], [20, 7, 21, 8], [17, 23, 18, 22]]"
12n_0627_1,"[[17, 23, 18, 22], [24, 9, 1, 10], [2, 6, 3, 5], [4, 16, 5, 15], [6, 11, 7, 12], [8, 21, 9, 22], [10, 1, 11, 2], [12, 20, 13, 19], [14, 4, 15, 3], [23, 17, 24, 16], [18, 14, 19, 13], [20, 7, 21, 8]]"
12n_0627_2,"[[20, 7, 21, 8], [17, 23, 18, 22], [24, 9, 1, 10], [2, 6, 3, 5], [4, 16, 5, 15], [6, 11, 7, 12], [8, 21, 9, 22], [10, 1, 11, 2], [12, 20, 13, 19], [14, 4, 15, 3], [23, 17, 24, 16], [18, 14, 19, 13]]"
12n_0627_3,"[[18, 14, 19, 13], [20, 7, 21, 8], [17, 23, 18, 22], [24, 9, 1, 10], [2, 6, 3, 5], [4, 16, 5, 15], [6, 11, 7, 12], [8, 21, 9, 22], [10, 1, 11, 2], [12, 20, 13, 19], [14, 4, 15, 3], [23, 17, 24, 16]]"
12n_0627_4,"[[23, 17, 24, 16], [18, 14, 19, 13], [20, 7, 21, 8], [17, 23, 18, 22], [24, 9, 1, 10], [2, 6, 3, 5], [4, 16, 5, 15], [6, 11, 7, 12], [8, 21, 9, 22], [10, 1, 11, 2], [12, 20, 13, 19], [14, 4, 15, 3]]"
12n_0627_5,"[[14, 4, 15, 3], [23, 17, 24, 16], [18, 14, 19, 13], [20, 7, 21, 8], [17, 23, 18, 22], [24, 9, 1, 10], [2, 6, 3, 5], [4, 16, 5, 15], [6, 11, 7, 12], [8, 21, 9, 22], [10, 1, 11, 2], [12, 20, 13, 19]]"
12n_0627_6,"[[12, 20, 13, 19], [14, 4, 15, 3], [23, 17, 24, 16], [18, 14, 19, 13], [20, 7, 21, 8], [17, 23, 18, 22], [24, 9, 1, 10], [2, 6, 3, 5], [4, 16, 5, 15], [6, 11, 7, 12], [8, 21, 9, 22], [10, 1, 11, 2]]"
12n_0627_7,"[[10, 1, 11, 2], [12, 20, 13, 19], [14, 4, 15, 3], [23, 17, 24, 16], [18, 14, 19, 13], [20, 7, 21, 8], [17, 23, 18, 22], [24, 9, 1, 10], [2, 6, 3, 5], [4, 16, 5, 15], [6, 11, 7, 12], [8, 21, 9, 22]]"
12n_0627_8,"[[8, 21, 9, 22], [10, 1, 11, 2], [12, 20, 13, 19], [14, 4, 15, 3], [23, 17, 24, 16], [18, 14, 19, 13], [20, 7, 21, 8], [17, 23, 18, 22], [24, 9, 1, 10], [2, 6, 3, 5], [4, 16, 5, 15], [6, 11, 7, 12]]"
12n_0627_9,"[[6, 11, 7, 12], [8, 21, 9, 22], [10, 1, 11, 2], [12, 20, 13, 19], [14, 4, 15, 3], [23, 17, 24, 16], [18, 14, 19, 13], [20, 7, 21, 8], [17, 23, 18, 22], [24, 9, 1, 10], [2, 6, 3, 5], [4, 16, 5, 15]]"
12n_0627_10,"[[4, 16, 5, 15], [6, 11, 7, 12], [8, 21, 9, 22], [10, 1, 11, 2], [12, 20, 13, 19], [14, 4, 15, 3], [23, 17, 24, 16], [18, 14, 19, 13], [20, 7, 21, 8], [17, 23, 18, 22], [24, 9, 1, 10], [2, 6, 3, 5]]"
12n_0627_11,"[[2, 6, 3, 5], [4, 16, 5, 15], [6, 11, 7, 12], [8, 21, 9, 22], [10, 1, 11, 2], [12, 20, 13, 19], [14, 4, 15, 3], [23, 17, 24, 16], [18, 14, 19, 13], [20, 7, 21, 8], [17, 23, 18, 22], [24, 9, 1, 10]]"
12n_0627_12,"[[1, 10, 2, 11], [3, 7, 4, 6], [5, 17, 6, 16], [7, 12, 8, 13], [9, 22, 10, 23], [11, 2, 12, 3], [13, 21, 14, 20], [15, 5, 16, 4], [24, 18, 1, 17], [19, 15, 20, 14], [21, 8, 22, 9], [18, 24, 19, 23]]"
12n_0627_13,"[[18, 24, 19, 23], [1, 10, 2, 11], [3, 7, 4, 6], [5, 17, 6, 16], [7, 12, 8, 13], [9, 22, 10, 23], [11, 2, 12, 3], [13, 21, 14, 20], [15, 5, 16, 4], [24, 18, 1, 17], [19, 15, 20, 14], [21, 8, 22, 9]]"
12n_0627_14,"[[21, 8, 22, 9], [18, 24, 19, 23], [1, 10, 2, 11], [3, 7, 4, 6], [5, 17, 6, 16], [7, 12, 8, 13], [9, 22, 10, 23], [11, 2, 12, 3], [13, 21, 14, 20], [15, 5, 16, 4], [24, 18, 1, 17], [19, 15, 20, 14]]"
12n_0627_15,"[[19, 15, 20, 14], [21, 8, 22, 9], [18, 24, 19, 23], [1, 10, 2, 11], [3, 7, 4, 6], [5, 17, 6, 16], [7, 12, 8, 13], [9, 22, 10, 23], [11, 2, 12, 3], [13, 21, 14, 20], [15, 5, 16, 4], [24, 18, 1, 17]]"
12n_0627_16,"[[24, 18, 1, 17], [19, 15, 20, 14], [21, 8, 22, 9], [18, 24, 19, 23], [1, 10, 2, 11], [3, 7, 4, 6], [5, 17, 6, 16], [7, 12, 8, 13], [9, 22, 10, 23], [11, 2, 12, 3], [13, 21, 14, 20], [15, 5, 16, 4]]"
12n_0627_17,"[[15, 5, 16, 4], [24, 18, 1, 17], [19, 15, 20, 14], [21, 8, 22, 9], [18, 24, 19, 23], [1, 10, 2, 11], [3, 7, 4, 6], [5, 17, 6, 16], [7, 12, 8, 13], [9, 22, 10, 23], [11, 2, 12, 3], [13, 21, 14, 20]]"
12n_0627_18,"[[13, 21, 14, 20], [15, 5, 16, 4], [24, 18, 1, 17], [19, 15, 20, 14], [21, 8, 22, 9], [18, 24, 19, 23], [1, 10, 2, 11], [3, 7, 4, 6], [5, 17, 6, 16], [7, 12, 8, 13], [9, 22, 10, 23], [11, 2, 12, 3]]"
12n_0627_19,"[[11, 2, 12, 3], [13, 21, 14, 20], [15, 5, 16, 4], [24, 18, 1, 17], [19, 15, 20, 14], [21, 8, 22, 9], [18, 24, 19, 23], [1, 10, 2, 11], [3, 7, 4, 6], [5, 17, 6, 16], [7, 12, 8, 13], [9, 22, 10, 23]]"
12n_0627_20,"[[9, 22, 10, 23], [11, 2, 12, 3], [13, 21, 14, 20], [15, 5, 16, 4], [24, 18, 1, 17], [19, 15, 20, 14], [21, 8, 22, 9], [18, 24, 19, 23], [1, 10, 2, 11], [3, 7, 4, 6], [5, 17, 6, 16], [7, 12, 8, 13]]"
12n_0627_21,"[[7, 12, 8, 13], [9, 22, 10, 23], [11, 2, 12, 3], [13, 21, 14, 20], [15, 5, 16, 4], [24, 18, 1, 17], [19, 15, 20, 14], [21, 8, 22, 9], [18, 24, 19, 23], [1, 10, 2, 11], [3, 7, 4, 6], [5, 17, 6, 16]]"
12n_0627_22,"[[5, 17, 6, 16], [7, 12, 8, 13], [9, 22, 10, 23], [11, 2, 12, 3], [13, 21, 14, 20], [15, 5, 16, 4], [24, 18, 1, 17], [19, 15, 20, 14], [21, 8, 22, 9], [18, 24, 19, 23], [1, 10, 2, 11], [3, 7, 4, 6]]"
12n_0627_23,"[[3, 7, 4, 6], [5, 17, 6, 16], [7, 12, 8, 13], [9, 22, 10, 23], [11, 2, 12, 3], [13, 21, 14, 20], [15, 5, 16, 4], [24, 18, 1, 17], [19, 15, 20, 14], [21, 8, 22, 9], [18, 24, 19, 23], [1, 10, 2, 11]]"
12n_0627_24,"[[2, 11, 3, 12], [4, 8, 5, 7], [6, 18, 7, 17], [8, 13, 9, 14], [10, 23, 11, 24], [12, 3, 13, 4], [14, 22, 15, 21], [16, 6, 17, 5], [1, 19, 2, 18], [20, 16, 21, 15], [22, 9, 23, 10], [19, 1, 20, 24]]"
12n_0627_25,"[[19, 1, 20, 24], [2, 11, 3, 12], [4, 8, 5, 7], [6, 18, 7, 17], [8, 13, 9, 14], [10, 23, 11, 24], [12, 3, 13, 4], [14, 22, 15, 21], [16, 6, 17, 5], [1, 19, 2, 18], [20, 16, 21, 15], [22, 9, 23, 10]]"
12n_0627_26,"[[22, 9, 23, 10], [19, 1, 20, 24], [2, 11, 3, 12], [4, 8, 5, 7], [6, 18, 7, 17], [8, 13, 9, 14], [10, 23, 11, 24], [12, 3, 13, 4], [14, 22, 15, 21], [16, 6, 17, 5], [1, 19, 2, 18], [20, 16, 21, 15]]"
12n_0627_27,"[[20, 16, 21, 15], [22, 9, 23, 10], [19, 1, 20, 24], [2, 11, 3, 12], [4, 8, 5, 7], [6, 18, 7, 17], [8, 13, 9, 14], [10, 23, 11, 24], [12, 3, 13, 4], [14, 22, 15, 21], [16, 6, 17, 5], [1, 19, 2, 18]]"
12n_0627_28,"[[1, 19, 2, 18], [20, 16, 21, 15], [22, 9, 23, 10], [19, 1, 20, 24], [2, 11, 3, 12], [4, 8, 5, 7], [6, 18, 7, 17], [8, 13, 9, 14], [10, 23, 11, 24], [12, 3, 13, 4], [14, 22, 15, 21], [16, 6, 17, 5]]"
12n_0627_29,"[[16, 6, 17, 5], [1, 19, 2, 18], [20, 16, 21, 15], [22, 9, 23, 10], [19, 1, 20, 24], [2, 11, 3, 12], [4, 8, 5, 7], [6, 18, 7, 17], [8, 13, 9, 14], [10, 23, 11, 24], [12, 3, 13, 4], [14, 22, 15, 21]]"
12n_0627_30,"[[14, 22, 15, 21], [16, 6, 17, 5], [1, 19, 2, 18], [20, 16, 21, 15], [22, 9, 23, 10], [19, 1, 20, 24], [2, 11, 3, 12], [4, 8, 5, 7], [6, 18, 7, 17], [8, 13, 9, 14], [10, 23, 11, 24], [12, 3, 13, 4]]"
12n_0627_31,"[[12, 3, 13, 4], [14, 22, 15, 21], [16, 6, 17, 5], [1, 19, 2, 18], [20, 16, 21, 15], [22, 9, 23, 10], [19, 1, 20, 24], [2, 11, 3, 12], [4, 8, 5, 7], [6, 18, 7, 17], [8, 13, 9, 14], [10, 23, 11, 24]]"
12n_0627_32,"[[10, 23, 11, 24], [12, 3, 13, 4], [14, 22, 15, 21], [16, 6, 17, 5], [1, 19, 2, 18], [20, 16, 21, 15], [22, 9, 23, 10], [19, 1, 20, 24], [2, 11, 3, 12], [4, 8, 5, 7], [6, 18, 7, 17], [8, 13, 9, 14]]"
12n_0627_33,"[[8, 13, 9, 14], [10, 23, 11, 24], [12, 3, 13, 4], [14, 22, 15, 21], [16, 6, 17, 5], [1, 19, 2, 18], [20, 16, 21, 15], [22, 9, 23, 10], [19, 1, 20, 24], [2, 11, 3, 12], [4, 8, 5, 7], [6, 18, 7, 17]]"
12n_0627_34,"[[6, 18, 7, 17], [8, 13, 9, 14], [10, 23, 11, 24], [12, 3, 13, 4], [14, 22, 15, 21], [16, 6, 17, 5], [1, 19, 2, 18], [20, 16, 21, 15], [22, 9, 23, 10], [19, 1, 20, 24], [2, 11, 3, 12], [4, 8, 5, 7]]"
12n_0627_35,"[[4, 8, 5, 7], [6, 18, 7, 17], [8, 13, 9, 14], [10, 23, 11, 24], [12, 3, 13, 4], [14, 22, 15, 21], [16, 6, 17, 5], [1, 19, 2, 18], [20, 16, 21, 15], [22, 9, 23, 10], [19, 1, 20, 24], [2, 11, 3, 12]]"
12n_0627_36,"[[3, 12, 4, 13], [5, 9, 6, 8], [7, 19, 8, 18], [9, 14, 10, 15], [11, 24, 12, 1], [13, 4, 14, 5], [15, 23, 16, 22], [17, 7, 18, 6], [2, 20, 3, 19], [21, 17, 22, 16], [23, 10, 24, 11], [20, 2, 21, 1]]"
12n_0627_37,"[[20, 2, 21, 1], [3, 12, 4, 13], [5, 9, 6, 8], [7, 19, 8, 18], [9, 14, 10, 15], [11, 24, 12, 1], [13, 4, 14, 5], [15, 23, 16, 22], [17, 7, 18, 6], [2, 20, 3, 19], [21, 17, 22, 16], [23, 10, 24, 11]]"
12n_0627_38,"[[23, 10, 24, 11], [20, 2, 21, 1], [3, 12, 4, 13], [5, 9, 6, 8], [7, 19, 8, 18], [9, 14, 10, 15], [11, 24, 12, 1], [13, 4, 14, 5], [15, 23, 16, 22], [17, 7, 18, 6], [2, 20, 3, 19], [21, 17, 22, 16]]"
12n_0627_39,"[[21, 17, 22, 16], [23, 10, 24, 11], [20, 2, 21, 1], [3, 12, 4, 13], [5, 9, 6, 8], [7, 19, 8, 18], [9, 14, 10, 15], [11, 24, 12, 1], [13, 4, 14, 5], [15, 23, 16, 22], [17, 7, 18, 6], [2, 20, 3, 19]]"
12n_0627_40,"[[2, 20, 3, 19], [21, 17, 22, 16], [23, 10, 24, 11], [20, 2, 21, 1], [3, 12, 4, 13], [5, 9, 6, 8], [7, 19, 8, 18], [9, 14, 10, 15], [11, 24, 12, 1], [13, 4, 14, 5], [15, 23, 16, 22], [17, 7, 18, 6]]"
12n_0627_41,"[[17, 7, 18, 6], [2, 20, 3, 19], [21, 17, 22, 16], [23, 10, 24, 11], [20, 2, 21, 1], [3, 12, 4, 13], [5, 9, 6, 8], [7, 19, 8, 18], [9, 14, 10, 15], [11, 24, 12, 1], [13, 4, 14, 5], [15, 23, 16, 22]]"
12n_0627_42,"[[15, 23, 16, 22], [17, 7, 18, 6], [2, 20, 3, 19], [21, 17, 22, 16], [23, 10, 24, 11], [20, 2, 21, 1], [3, 12, 4, 13], [5, 9, 6, 8], [7, 19, 8, 18], [9, 14, 10, 15], [11, 24, 12, 1], [13, 4, 14, 5]]"
12n_0627_43,"[[13, 4, 14, 5], [15, 23, 16, 22], [17, 7, 18, 6], [2, 20, 3, 19], [21, 17, 22, 16], [23, 10, 24, 11], [20, 2, 21, 1], [3, 12, 4, 13], [5, 9, 6, 8], [7, 19, 8, 18], [9, 14, 10, 15], [11, 24, 12, 1]]"
12n_0627_44,"[[11, 24, 12, 1], [13, 4, 14, 5], [15, 23, 16, 22], [17, 7, 18, 6], [2, 20, 3, 19], [21, 17, 22, 16], [23, 10, 24, 11], [20, 2, 21, 1], [3, 12, 4, 13], [5, 9, 6, 8], [7, 19, 8, 18], [9, 14, 10, 15]]"
12n_0627_45,"[[9, 14, 10, 15], [11, 24, 12, 1], [13, 4, 14, 5], [15, 23, 16, 22], [17, 7, 18, 6], [2, 20, 3, 19], [21, 17, 22, 16], [23, 10, 24, 11], [20, 2, 21, 1], [3, 12, 4, 13], [5, 9, 6, 8], [7, 19, 8, 18]]"
12n_0627_46,"[[7, 19, 8, 18], [9, 14, 10, 15], [11, 24, 12, 1], [13, 4, 14, 5], [15, 23, 16, 22], [17, 7, 18, 6], [2, 20, 3, 19], [21, 17, 22, 16], [23, 10, 24, 11], [20, 2, 21, 1], [3, 12, 4, 13], [5, 9, 6, 8]]"
12n_0627_47,"[[5, 9, 6, 8], [7, 19, 8, 18], [9, 14, 10, 15], [11, 24, 12, 1], [13, 4, 14, 5], [15, 23, 16, 22], [17, 7, 18, 6], [2, 20, 3, 19], [21, 17, 22, 16], [23, 10, 24, 11], [20, 2, 21, 1], [3, 12, 4, 13]]"
12n_0627_48,"[[4, 13, 5, 14], [6, 10, 7, 9], [8, 20, 9, 19], [10, 15, 11, 16], [12, 1, 13, 2], [14, 5, 15, 6], [16, 24, 17, 23], [18, 8, 19, 7], [3, 21, 4, 20], [22, 18, 23, 17], [24, 11, 1, 12], [21, 3, 22, 2]]"
12n_0627_49,"[[21, 3, 22, 2], [4, 13, 5, 14], [6, 10, 7, 9], [8, 20, 9, 19], [10, 15, 11, 16], [12, 1, 13, 2], [14, 5, 15, 6], [16, 24, 17, 23], [18, 8, 19, 7], [3, 21, 4, 20], [22, 18, 23, 17], [24, 11, 1, 12]]"
12n_0627_50,"[[24, 11, 1, 12], [21, 3, 22, 2], [4, 13, 5, 14], [6, 10, 7, 9], [8, 20, 9, 19], [10, 15, 11, 16], [12, 1, 13, 2], [14, 5, 15, 6], [16, 24, 17, 23], [18, 8, 19, 7], [3, 21, 4, 20], [22, 18, 23, 17]]"
12n_0627_51,"[[22, 18, 23, 17], [24, 11, 1, 12], [21, 3, 22, 2], [4, 13, 5, 14], [6, 10, 7, 9], [8, 20, 9, 19], [10, 15, 11, 16], [12, 1, 13, 2], [14, 5, 15, 6], [16, 24, 17, 23], [18, 8, 19, 7], [3, 21, 4, 20]]"
12n_0627_52,"[[3, 21, 4, 20], [22, 18, 23, 17], [24, 11, 1, 12], [21, 3, 22, 2], [4, 13, 5, 14], [6, 10, 7, 9], [8, 20, 9, 19], [10, 15, 11, 16], [12, 1, 13, 2], [14, 5, 15, 6], [16, 24, 17, 23], [18, 8, 19, 7]]"
12n_0627_53,"[[18, 8, 19, 7], [3, 21, 4, 20], [22, 18, 23, 17], [24, 11, 1, 12], [21, 3, 22, 2], [4, 13, 5, 14], [6, 10, 7, 9], [8, 20, 9, 19], [10, 15, 11, 16], [12, 1, 13, 2], [14, 5, 15, 6], [16, 24, 17, 23]]"
12n_0627_54,"[[16, 24, 17, 23], [18, 8, 19, 7], [3, 21, 4, 20], [22, 18, 23, 17], [24, 11, 1, 12], [21, 3, 22, 2], [4, 13, 5, 14], [6, 10, 7, 9], [8, 20, 9, 19], [10, 15, 11, 16], [12, 1, 13, 2], [14, 5, 15, 6]]"
12n_0627_55,"[[14, 5, 15, 6], [16, 24, 17, 23], [18, 8, 19, 7], [3, 21, 4, 20], [22, 18, 23, 17], [24, 11, 1, 12], [21, 3, 22, 2], [4, 13, 5, 14], [6, 10, 7, 9], [8, 20, 9, 19], [10, 15, 11, 16], [12, 1, 13, 2]]"
12n_0627_56,"[[12, 1, 13, 2], [14, 5, 15, 6], [16, 24, 17, 23], [18, 8, 19, 7], [3, 21, 4, 20], [22, 18, 23, 17], [24, 11, 1, 12], [21, 3, 22, 2], [4, 13, 5, 14], [6, 10, 7, 9], [8, 20, 9, 19], [10, 15, 11, 16]]"
12n_0627_57,"[[10, 15, 11, 16], [12, 1, 13, 2], [14, 5, 15, 6], [16, 24, 17, 23], [18, 8, 19, 7], [3, 21, 4, 20], [22, 18, 23, 17], [24, 11, 1, 12], [21, 3, 22, 2], [4, 13, 5, 14], [6, 10, 7, 9], [8, 20, 9, 19]]"
12n_0627_58,"[[8, 20, 9, 19], [10, 15, 11, 16], [12, 1, 13, 2], [14, 5, 15, 6], [16, 24, 17, 23], [18, 8, 19, 7], [3, 21, 4, 20], [22, 18, 23, 17], [24, 11, 1, 12], [21, 3, 22, 2], [4, 13, 5, 14], [6, 10, 7, 9]]"
12n_0627_59,"[[6, 10, 7, 9], [8, 20, 9, 19], [10, 15, 11, 16], [12, 1, 13, 2], [14, 5, 15, 6], [16, 24, 17, 23], [18, 8, 19, 7], [3, 21, 4, 20], [22, 18, 23, 17], [24, 11, 1, 12], [21, 3, 22, 2], [4, 13, 5, 14]]"
12n_0627_60,"[[5, 14, 6, 15], [7, 11, 8, 10], [9, 21, 10, 20], [11, 16, 12, 17], [13, 2, 14, 3], [15, 6, 16, 7], [17, 1, 18, 24], [19, 9, 20, 8], [4, 22, 5, 21], [23, 19, 24, 18], [1, 12, 2, 13], [22, 4, 23, 3]]"
12n_0627_61,"[[22, 4, 23, 3], [5, 14, 6, 15], [7, 11, 8, 10], [9, 21, 10, 20], [11, 16, 12, 17], [13, 2, 14, 3], [15, 6, 16, 7], [17, 1, 18, 24], [19, 9, 20, 8], [4, 22, 5, 21], [23, 19, 24, 18], [1, 12, 2, 13]]"
12n_0627_62,"[[1, 12, 2, 13], [22, 4, 23, 3], [5, 14, 6, 15], [7, 11, 8, 10], [9, 21, 10, 20], [11, 16, 12, 17], [13, 2, 14, 3], [15, 6, 16, 7], [17, 1, 18, 24], [19, 9, 20, 8], [4, 22, 5, 21], [23, 19, 24, 18]]"
12n_0627_63,"[[23, 19, 24, 18], [1, 12, 2, 13], [22, 4, 23, 3], [5, 14, 6, 15], [7, 11, 8, 10], [9, 21, 10, 20], [11, 16, 12, 17], [13, 2, 14, 3], [15, 6, 16, 7], [17, 1, 18, 24], [19, 9, 20, 8], [4, 22, 5, 21]]"
12n_0627_64,"[[4, 22, 5, 21], [23, 19, 24, 18], [1, 12, 2, 13], [22, 4, 23, 3], [5, 14, 6, 15], [7, 11, 8, 10], [9, 21, 10, 20], [11, 16, 12, 17], [13, 2, 14, 3], [15, 6, 16, 7], [17, 1, 18, 24], [19, 9, 20, 8]]"
12n_0627_65,"[[19, 9, 20, 8], [4, 22, 5, 21], [23, 19, 24, 18], [1, 12, 2, 13], [22, 4, 23, 3], [5, 14, 6, 15], [7, 11, 8, 10], [9, 21, 10, 20], [11, 16, 12, 17], [13, 2, 14, 3], [15, 6, 16, 7], [17, 1, 18, 24]]"
12n_0627_66,"[[17, 1, 18, 24], [19, 9, 20, 8], [4, 22, 5, 21], [23, 19, 24, 18], [1, 12, 2, 13], [22, 4, 23, 3], [5, 14, 6, 15], [7, 11, 8, 10], [9, 21, 10, 20], [11, 16, 12, 17], [13, 2, 14, 3], [15, 6, 16, 7]]"
12n_0627_67,"[[15, 6, 16, 7], [17, 1, 18, 24], [19, 9, 20, 8], [4, 22, 5, 21], [23, 19, 24, 18], [1, 12, 2, 13], [22, 4, 23, 3], [5, 14, 6, 15], [7, 11, 8, 10], [9, 21, 10, 20], [11, 16, 12, 17], [13, 2, 14, 3]]"
12n_0627_68,"[[13, 2, 14, 3], [15, 6, 16, 7], [17, 1, 18, 24], [19, 9, 20, 8], [4, 22, 5, 21], [23, 19, 24, 18], [1, 12, 2, 13], [22, 4, 23, 3], [5, 14, 6, 15], [7, 11, 8, 10], [9, 21, 10, 20], [11, 16, 12, 17]]"
12n_0627_69,"[[11, 16, 12, 17], [13, 2, 14, 3], [15, 6, 16, 7], [17, 1, 18, 24], [19, 9, 20, 8], [4, 22, 5, 21], [23, 19, 24, 18], [1, 12, 2, 13], [22, 4, 23, 3], [5, 14, 6, 15], [7, 11, 8, 10], [9, 21, 10, 20]]"
12n_0627_70,"[[9, 21, 10, 20], [11, 16, 12, 17], [13, 2, 14, 3], [15, 6, 16, 7], [17, 1, 18, 24], [19, 9, 20, 8], [4, 22, 5, 21], [23, 19, 24, 18], [1, 12, 2, 13], [22, 4, 23, 3], [5, 14, 6, 15], [7, 11, 8, 10]]"
12n_0627_71,"[[7, 11, 8, 10], [9, 21, 10, 20], [11, 16, 12, 17], [13, 2, 14, 3], [15, 6, 16, 7], [17, 1, 18, 24], [19, 9, 20, 8], [4, 22, 5, 21], [23, 19, 24, 18], [1, 12, 2, 13], [22, 4, 23, 3], [5, 14, 6, 15]]"
12n_0627_72,"[[6, 15, 7, 16], [8, 12, 9, 11], [10, 22, 11, 21], [12, 17, 13, 18], [14, 3, 15, 4], [16, 7, 17, 8], [18, 2, 19, 1], [20, 10, 21, 9], [5, 23, 6, 22], [24, 20, 1, 19], [2, 13, 3, 14], [23, 5, 24, 4]]"
12n_0627_73,"[[23, 5, 24, 4], [6, 15, 7, 16], [8, 12, 9, 11], [10, 22, 11, 21], [12, 17, 13, 18], [14, 3, 15, 4], [16, 7, 17, 8], [18, 2, 19, 1], [20, 10, 21, 9], [5, 23, 6, 22], [24, 20, 1, 19], [2, 13, 3, 14]]"
12n_0627_74,"[[2, 13, 3, 14], [23, 5, 24, 4], [6, 15, 7, 16], [8, 12, 9, 11], [10, 22, 11, 21], [12, 17, 13, 18], [14, 3, 15, 4], [16, 7, 17, 8], [18, 2, 19, 1], [20, 10, 21, 9], [5, 23, 6, 22], [24, 20, 1, 19]]"
12n_0627_75,"[[24, 20, 1, 19], [2, 13, 3, 14], [23, 5, 24, 4], [6, 15, 7, 16], [8, 12, 9, 11], [10, 22, 11, 21], [12, 17, 13, 18], [14, 3, 15, 4], [16, 7, 17, 8], [18, 2, 19, 1], [20, 10, 21, 9], [5, 23, 6, 22]]"
12n_0627_76,"[[5, 23, 6, 22], [24, 20, 1, 19], [2, 13, 3, 14], [23, 5, 24, 4], [6, 15, 7, 16], [8, 12, 9, 11], [10, 22, 11, 21], [12, 17, 13, 18], [14, 3, 15, 4], [16, 7, 17, 8], [18, 2, 19, 1], [20, 10, 21, 9]]"
12n_0627_77,"[[20, 10, 21, 9], [5, 23, 6, 22], [24, 20, 1, 19], [2, 13, 3, 14], [23, 5, 24, 4], [6, 15, 7, 16], [8, 12, 9, 11], [10, 22, 11, 21], [12, 17, 13, 18], [14, 3, 15, 4], [16, 7, 17, 8], [18, 2, 19, 1]]"
12n_0627_78,"[[18, 2, 19, 1], [20, 10, 21, 9], [5, 23, 6, 22], [24, 20, 1, 19], [2, 13, 3, 14], [23, 5, 24, 4], [6, 15, 7, 16], [8, 12, 9, 11], [10, 22, 11, 21], [12, 17, 13, 18], [14, 3, 15, 4], [16, 7, 17, 8]]"
12n_0627_79,"[[16, 7, 17, 8], [18, 2, 19, 1], [20, 10, 21, 9], [5, 23, 6, 22], [24, 20, 1, 19], [2, 13, 3, 14], [23, 5, 24, 4], [6, 15, 7, 16], [8, 12, 9, 11], [10, 22, 11, 21], [12, 17, 13, 18], [14, 3, 15, 4]]"
12n_0627_80,"[[14, 3, 15, 4], [16, 7, 17, 8], [18, 2, 19, 1], [20, 10, 21, 9], [5, 23, 6, 22], [24, 20, 1, 19], [2, 13, 3, 14], [23, 5, 24, 4], [6, 15, 7, 16], [8, 12, 9, 11], [10, 22, 11, 21], [12, 17, 13, 18]]"
12n_0627_81,"[[12, 17, 13, 18], [14, 3, 15, 4], [16, 7, 17, 8], [18, 2, 19, 1], [20, 10, 21, 9], [5, 23, 6, 22], [24, 20, 1, 19], [2, 13, 3, 14], [23, 5, 24, 4], [6, 15, 7, 16], [8, 12, 9, 11], [10, 22, 11, 21]]"
12n_0627_82,"[[10, 22, 11, 21], [12, 17, 13, 18], [14, 3, 15, 4], [16, 7, 17, 8], [18, 2, 19, 1], [20, 10, 21, 9], [5, 23, 6, 22], [24, 20, 1, 19], [2, 13, 3, 14], [23, 5, 24, 4], [6, 15, 7, 16], [8, 12, 9, 11]]"
12n_0627_83,"[[8, 12, 9, 11], [10, 22, 11, 21], [12, 17, 13, 18], [14, 3, 15, 4], [16, 7, 17, 8], [18, 2, 19, 1], [20, 10, 21, 9], [5, 23, 6, 22], [24, 20, 1, 19], [2, 13, 3, 14], [23, 5, 24, 4], [6, 15, 7, 16]]"
12n_0627_84,"[[7, 16, 8, 17], [9, 13, 10, 12], [11, 23, 12, 22], [13, 18, 14, 19], [15, 4, 16, 5], [17, 8, 18, 9], [19, 3, 20, 2], [21, 11, 22, 10], [6, 24, 7, 23], [1, 21, 2, 20], [3, 14, 4, 15], [24, 6, 1, 5]]"
12n_0627_85,"[[24, 6, 1, 5], [7, 16, 8, 17], [9, 13, 10, 12], [11, 23, 12, 22], [13, 18, 14, 19], [15, 4, 16, 5], [17, 8, 18, 9], [19, 3, 20, 2], [21, 11, 22, 10], [6, 24, 7, 23], [1, 21, 2, 20], [3, 14, 4, 15]]"
12n_0627_86,"[[3, 14, 4, 15], [24, 6, 1, 5], [7, 16, 8, 17], [9, 13, 10, 12], [11, 23, 12, 22], [13, 18, 14, 19], [15, 4, 16, 5], [17, 8, 18, 9], [19, 3, 20, 2], [21, 11, 22, 10], [6, 24, 7, 23], [1, 21, 2, 20]]"
12n_0627_87,"[[1, 21, 2, 20], [3, 14, 4, 15], [24, 6, 1, 5], [7, 16, 8, 17], [9, 13, 10, 12], [11, 23, 12, 22], [13, 18, 14, 19], [15, 4, 16, 5], [17, 8, 18, 9], [19, 3, 20, 2], [21, 11, 22, 10], [6, 24, 7, 23]]"
12n_0627_88,"[[6, 24, 7, 23], [1, 21, 2, 20], [3, 14, 4, 15], [24, 6, 1, 5], [7, 16, 8, 17], [9, 13, 10, 12], [11, 23, 12, 22], [13, 18, 14, 19], [15, 4, 16, 5], [17, 8, 18, 9], [19, 3, 20, 2], [21, 11, 22, 10]]"
12n_0627_89,"[[21, 11, 22, 10], [6, 24, 7, 23], [1, 21, 2, 20], [3, 14, 4, 15], [24, 6, 1, 5], [7, 16, 8, 17], [9, 13, 10, 12], [11, 23, 12, 22], [13, 18, 14, 19], [15, 4, 16, 5], [17, 8, 18, 9], [19, 3, 20, 2]]"
12n_0627_90,"[[19, 3, 20, 2], [21, 11, 22, 10], [6, 24, 7, 23], [1, 21, 2, 20], [3, 14, 4, 15], [24, 6, 1, 5], [7, 16, 8, 17], [9, 13, 10, 12], [11, 23, 12, 22], [13, 18, 14, 19], [15, 4, 16, 5], [17, 8, 18, 9]]"
12n_0627_91,"[[17, 8, 18, 9], [19, 3, 20, 2], [21, 11, 22, 10], [6, 24, 7, 23], [1, 21, 2, 20], [3, 14, 4, 15], [24, 6, 1, 5], [7, 16, 8, 17], [9, 13, 10, 12], [11, 23, 12, 22], [13, 18, 14, 19], [15, 4, 16, 5]]"
12n_0627_92,"[[15, 4, 16, 5], [17, 8, 18, 9], [19, 3, 20, 2], [21, 11, 22, 10], [6, 24, 7, 23], [1, 21, 2, 20], [3, 14, 4, 15], [24, 6, 1, 5], [7, 16, 8, 17], [9, 13, 10, 12], [11, 23, 12, 22], [13, 18, 14, 19]]"
12n_0627_93,"[[13, 18, 14, 19], [15, 4, 16, 5], [17, 8, 18, 9], [19, 3, 20, 2], [21, 11, 22, 10], [6, 24, 7, 23], [1, 21, 2, 20], [3, 14, 4, 15], [24, 6, 1, 5], [7, 16, 8, 17], [9, 13, 10, 12], [11, 23, 12, 22]]"
12n_0627_94,"[[11, 23, 12, 22], [13, 18, 14, 19], [15, 4, 16, 5], [17, 8, 18, 9], [19, 3, 20, 2], [21, 11, 22, 10], [6, 24, 7, 23], [1, 21, 2, 20], [3, 14, 4, 15], [24, 6, 1, 5], [7, 16, 8, 17], [9, 13, 10, 12]]"
12n_0627_95,"[[9, 13, 10, 12], [11, 23, 12, 22], [13, 18, 14, 19], [15, 4, 16, 5], [17, 8, 18, 9], [19, 3, 20, 2], [21, 11, 22, 10], [6, 24, 7, 23], [1, 21, 2, 20], [3, 14, 4, 15], [24, 6, 1, 5], [7, 16, 8, 17]]"
12n_0627_96,"[[8, 17, 9, 18], [10, 14, 11, 13], [12, 24, 13, 23], [14, 19, 15, 20], [16, 5, 17, 6], [18, 9, 19, 10], [20, 4, 21, 3], [22, 12, 23, 11], [7, 1, 8, 24], [2, 22, 3, 21], [4, 15, 5, 16], [1, 7, 2, 6]]"
12n_0627_97,"[[1, 7, 2, 6], [8, 17, 9, 18], [10, 14, 11, 13], [12, 24, 13, 23], [14, 19, 15, 20], [16, 5, 17, 6], [18, 9, 19, 10], [20, 4, 21, 3], [22, 12, 23, 11], [7, 1, 8, 24], [2, 22, 3, 21], [4, 15, 5, 16]]"
12n_0627_98,"[[4, 15, 5, 16], [1, 7, 2, 6], [8, 17, 9, 18], [10, 14, 11, 13], [12, 24, 13, 23], [14, 19, 15, 20], [16, 5, 17, 6], [18, 9, 19, 10], [20, 4, 21, 3], [22, 12, 23, 11], [7, 1, 8, 24], [2, 22, 3, 21]]"
12n_0627_99,"[[2, 22, 3, 21], [4, 15, 5, 16], [1, 7, 2, 6], [8, 17, 9, 18], [10, 14, 11, 13], [12, 24, 13, 23], [14, 19, 15, 20], [16, 5, 17, 6], [18, 9, 19, 10], [20, 4, 21, 3], [22, 12, 23, 11], [7, 1, 8, 24]]"
12n_0627_100,"[[7, 1, 8, 24], [2, 22, 3, 21], [4, 15, 5, 16], [1, 7, 2, 6], [8, 17, 9, 18], [10, 14, 11, 13], [12, 24, 13, 23], [14, 19, 15, 20], [16, 5, 17, 6], [18, 9, 19, 10], [20, 4, 21, 3], [22, 12, 23, 11]]"
12n_0627_101,"[[22, 12, 23, 11], [7, 1, 8, 24], [2, 22, 3, 21], [4, 15, 5, 16], [1, 7, 2, 6], [8, 17, 9, 18], [10, 14, 11, 13], [12, 24, 13, 23], [14, 19, 15, 20], [16, 5, 17, 6], [18, 9, 19, 10], [20, 4, 21, 3]]"
12n_0627_102,"[[20, 4, 21, 3], [22, 12, 23, 11], [7, 1, 8, 24], [2, 22, 3, 21], [4, 15, 5, 16], [1, 7, 2, 6], [8, 17, 9, 18], [10, 14, 11, 13], [12, 24, 13, 23], [14, 19, 15, 20], [16, 5, 17, 6], [18, 9, 19, 10]]"
12n_0627_103,"[[18, 9, 19, 10], [20, 4, 21, 3], [22, 12, 23, 11], [7, 1, 8, 24], [2, 22, 3, 21], [4, 15, 5, 16], [1, 7, 2, 6], [8, 17, 9, 18], [10, 14, 11, 13], [12, 24, 13, 23], [14, 19, 15, 20], [16, 5, 17, 6]]"
12n_0627_104,"[[16, 5, 17, 6], [18, 9, 19, 10], [20, 4, 21, 3], [22, 12, 23, 11], [7, 1, 8, 24], [2, 22, 3, 21], [4, 15, 5, 16], [1, 7, 2, 6], [8, 17, 9, 18], [10, 14, 11, 13], [12, 24, 13, 23], [14, 19, 15, 20]]"
12n_0627_105,"[[14, 19, 15, 20], [16, 5, 17, 6], [18, 9, 19, 10], [20, 4, 21, 3], [22, 12, 23, 11], [7, 1, 8, 24], [2, 22, 3, 21], [4, 15, 5, 16], [1, 7, 2, 6], [8, 17, 9, 18], [10, 14, 11, 13], [12, 24, 13, 23]]"
12n_0627_106,"[[12, 24, 13, 23], [14, 19, 15, 20], [16, 5, 17, 6], [18, 9, 19, 10], [20, 4, 21, 3], [22, 12, 23, 11], [7, 1, 8, 24], [2, 22, 3, 21], [4, 15, 5, 16], [1, 7, 2, 6], [8, 17, 9, 18], [10, 14, 11, 13]]"
12n_0627_107,"[[10, 14, 11, 13], [12, 24, 13, 23], [14, 19, 15, 20], [16, 5, 17, 6], [18, 9, 19, 10], [20, 4, 21, 3], [22, 12, 23, 11], [7, 1, 8, 24], [2, 22, 3, 21], [4, 15, 5, 16], [1, 7, 2, 6], [8, 17, 9, 18]]"
12n_0627_108,"[[9, 18, 10, 19], [11, 15, 12, 14], [13, 1, 14, 24], [15, 20, 16, 21], [17, 6, 18, 7], [19, 10, 20, 11], [21, 5, 22, 4], [23, 13, 24, 12], [8, 2, 9, 1], [3, 23, 4, 22], [5, 16, 6, 17], [2, 8, 3, 7]]"
12n_0627_109,"[[2, 8, 3, 7], [9, 18, 10, 19], [11, 15, 12, 14], [13, 1, 14, 24], [15, 20, 16, 21], [17, 6, 18, 7], [19, 10, 20, 11], [21, 5, 22, 4], [23, 13, 24, 12], [8, 2, 9, 1], [3, 23, 4, 22], [5, 16, 6, 17]]"
12n_0627_110,"[[5, 16, 6, 17], [2, 8, 3, 7], [9, 18, 10, 19], [11, 15, 12, 14], [13, 1, 14, 24], [15, 20, 16, 21], [17, 6, 18, 7], [19, 10, 20, 11], [21, 5, 22, 4], [23, 13, 24, 12], [8, 2, 9, 1], [3, 23, 4, 22]]"
12n_0627_111,"[[3, 23, 4, 22], [5, 16, 6, 17], [2, 8, 3, 7], [9, 18, 10, 19], [11, 15, 12, 14], [13, 1, 14, 24], [15, 20, 16, 21], [17, 6, 18, 7], [19, 10, 20, 11], [21, 5, 22, 4], [23, 13, 24, 12], [8, 2, 9, 1]]"
12n_0627_112,"[[8, 2, 9, 1], [3, 23, 4, 22], [5, 16, 6, 17], [2, 8, 3, 7], [9, 18, 10, 19], [11, 15, 12, 14], [13, 1, 14, 24], [15, 20, 16, 21], [17, 6, 18, 7], [19, 10, 20, 11], [21, 5, 22, 4], [23, 13, 24, 12]]"
12n_0627_113,"[[23, 13, 24, 12], [8, 2, 9, 1], [3, 23, 4, 22], [5, 16, 6, 17], [2, 8, 3, 7], [9, 18, 10, 19], [11, 15, 12, 14], [13, 1, 14, 24], [15, 20, 16, 21], [17, 6, 18, 7], [19, 10, 20, 11], [21, 5, 22, 4]]"
12n_0627_114,"[[21, 5, 22, 4], [23, 13, 24, 12], [8, 2, 9, 1], [3, 23, 4, 22], [5, 16, 6, 17], [2, 8, 3, 7], [9, 18, 10, 19], [11, 15, 12, 14], [13, 1, 14, 24], [15, 20, 16, 21], [17, 6, 18, 7], [19, 10, 20, 11]]"
12n_0627_115,"[[19, 10, 20, 11], [21, 5, 22, 4], [23, 13, 24, 12], [8, 2, 9, 1], [3, 23, 4, 22], [5, 16, 6, 17], [2, 8, 3, 7], [9, 18, 10, 19], [11, 15, 12, 14], [13, 1, 14, 24], [15, 20, 16, 21], [17, 6, 18, 7]]"
12n_0627_116,"[[17, 6, 18, 7], [19, 10, 20, 11], [21, 5, 22, 4], [23, 13, 24, 12], [8, 2, 9, 1], [3, 23, 4, 22], [5, 16, 6, 17], [2, 8, 3, 7], [9, 18, 10, 19], [11, 15, 12, 14], [13, 1, 14, 24], [15, 20, 16, 21]]"
12n_0627_117,"[[15, 20, 16, 21], [17, 6, 18, 7], [19, 10, 20, 11], [21, 5, 22, 4], [23, 13, 24, 12], [8, 2, 9, 1], [3, 23, 4, 22], [5, 16, 6, 17], [2, 8, 3, 7], [9, 18, 10, 19], [11, 15, 12, 14], [13, 1, 14, 24]]"
12n_0627_118,"[[13, 1, 14, 24], [15, 20, 16, 21], [17, 6, 18, 7], [19, 10, 20, 11], [21, 5, 22, 4], [23, 13, 24, 12], [8, 2, 9, 1], [3, 23, 4, 22], [5, 16, 6, 17], [2, 8, 3, 7], [9, 18, 10, 19], [11, 15, 12, 14]]"
12n_0627_119,"[[11, 15, 12, 14], [13, 1, 14, 24], [15, 20, 16, 21], [17, 6, 18, 7], [19, 10, 20, 11], [21, 5, 22, 4], [23, 13, 24, 12], [8, 2, 9, 1], [3, 23, 4, 22], [5, 16, 6, 17], [2, 8, 3, 7], [9, 18, 10, 19]]"
12n_0627_120,"[[10, 19, 11, 20], [12, 16, 13, 15], [14, 2, 15, 1], [16, 21, 17, 22], [18, 7, 19, 8], [20, 11, 21, 12], [22, 6, 23, 5], [24, 14, 1, 13], [9, 3, 10, 2], [4, 24, 5, 23], [6, 17, 7, 18], [3, 9, 4, 8]]"
12n_0627_121,"[[3, 9, 4, 8], [10, 19, 11, 20], [12, 16, 13, 15], [14, 2, 15, 1], [16, 21, 17, 22], [18, 7, 19, 8], [20, 11, 21, 12], [22, 6, 23, 5], [24, 14, 1, 13], [9, 3, 10, 2], [4, 24, 5, 23], [6, 17, 7, 18]]"
12n_0627_122,"[[6, 17, 7, 18], [3, 9, 4, 8], [10, 19, 11, 20], [12, 16, 13, 15], [14, 2, 15, 1], [16, 21, 17, 22], [18, 7, 19, 8], [20, 11, 21, 12], [22, 6, 23, 5], [24, 14, 1, 13], [9, 3, 10, 2], [4, 24, 5, 23]]"
12n_0627_123,"[[4, 24, 5, 23], [6, 17, 7, 18], [3, 9, 4, 8], [10, 19, 11, 20], [12, 16, 13, 15], [14, 2, 15, 1], [16, 21, 17, 22], [18, 7, 19, 8], [20, 11, 21, 12], [22, 6, 23, 5], [24, 14, 1, 13], [9, 3, 10, 2]]"
12n_0627_124,"[[9, 3, 10, 2], [4, 24, 5, 23], [6, 17, 7, 18], [3, 9, 4, 8], [10, 19, 11, 20], [12, 16, 13, 15], [14, 2, 15, 1], [16, 21, 17, 22], [18, 7, 19, 8], [20, 11, 21, 12], [22, 6, 23, 5], [24, 14, 1, 13]]"
12n_0627_125,"[[24, 14, 1, 13], [9, 3, 10, 2], [4, 24, 5, 23], [6, 17, 7, 18], [3, 9, 4, 8], [10, 19, 11, 20], [12, 16, 13, 15], [14, 2, 15, 1], [16, 21, 17, 22], [18, 7, 19, 8], [20, 11, 21, 12], [22, 6, 23, 5]]"
12n_0627_126,"[[22, 6, 23, 5], [24, 14, 1, 13], [9, 3, 10, 2], [4, 24, 5, 23], [6, 17, 7, 18], [3, 9, 4, 8], [10, 19, 11, 20], [12, 16, 13, 15], [14, 2, 15, 1], [16, 21, 17, 22], [18, 7, 19, 8], [20, 11, 21, 12]]"
12n_0627_127,"[[20, 11, 21, 12], [22, 6, 23, 5], [24, 14, 1, 13], [9, 3, 10, 2], [4, 24, 5, 23], [6, 17, 7, 18], [3, 9, 4, 8], [10, 19, 11, 20], [12, 16, 13, 15], [14, 2, 15, 1], [16, 21, 17, 22], [18, 7, 19, 8]]"
12n_0627_128,"[[18, 7, 19, 8], [20, 11, 21, 12], [22, 6, 23, 5], [24, 14, 1, 13], [9, 3, 10, 2], [4, 24, 5, 23], [6, 17, 7, 18], [3, 9, 4, 8], [10, 19, 11, 20], [12, 16, 13, 15], [14, 2, 15, 1], [16, 21, 17, 22]]"
12n_0627_129,"[[16, 21, 17, 22], [18, 7, 19, 8], [20, 11, 21, 12], [22, 6, 23, 5], [24, 14, 1, 13], [9, 3, 10, 2], [4, 24, 5, 23], [6, 17, 7, 18], [3, 9, 4, 8], [10, 19, 11, 20], [12, 16, 13, 15], [14, 2, 15, 1]]"
12n_0627_130,"[[14, 2, 15, 1], [16, 21, 17, 22], [18, 7, 19, 8], [20, 11, 21, 12], [22, 6, 23, 5], [24, 14, 1, 13], [9, 3, 10, 2], [4, 24, 5, 23], [6, 17, 7, 18], [3, 9, 4, 8], [10, 19, 11, 20], [12, 16, 13, 15]]"
12n_0627_131,"[[12, 16, 13, 15], [14, 2, 15, 1], [16, 21, 17, 22], [18, 7, 19, 8], [20, 11, 21, 12], [22, 6, 23, 5], [24, 14, 1, 13], [9, 3, 10, 2], [4, 24, 5, 23], [6, 17, 7, 18], [3, 9, 4, 8], [10, 19, 11, 20]]"
12n_0627_132,"[[11, 20, 12, 21], [13, 17, 14, 16], [15, 3, 16, 2], [17, 22, 18, 23], [19, 8, 20, 9], [21, 12, 22, 13], [23, 7, 24, 6], [1, 15, 2, 14], [10, 4, 11, 3], [5, 1, 6, 24], [7, 18, 8, 19], [4, 10, 5, 9]]"
12n_0627_133,"[[4, 10, 5, 9], [11, 20, 12, 21], [13, 17, 14, 16], [15, 3, 16, 2], [17, 22, 18, 23], [19, 8, 20, 9], [21, 12, 22, 13], [23, 7, 24, 6], [1, 15, 2, 14], [10, 4, 11, 3], [5, 1, 6, 24], [7, 18, 8, 19]]"
12n_0627_134,"[[7, 18, 8, 19], [4, 10, 5, 9], [11, 20, 12, 21], [13, 17, 14, 16], [15, 3, 16, 2], [17, 22, 18, 23], [19, 8, 20, 9], [21, 12, 22, 13], [23, 7, 24, 6], [1, 15, 2, 14], [10, 4, 11, 3], [5, 1, 6, 24]]"
12n_0627_135,"[[5, 1, 6, 24], [7, 18, 8, 19], [4, 10, 5, 9], [11, 20, 12, 21], [13, 17, 14, 16], [15, 3, 16, 2], [17, 22, 18, 23], [19, 8, 20, 9], [21, 12, 22, 13], [23, 7, 24, 6], [1, 15, 2, 14], [10, 4, 11, 3]]"
12n_0627_136,"[[10, 4, 11, 3], [5, 1, 6, 24], [7, 18, 8, 19], [4, 10, 5, 9], [11, 20, 12, 21], [13, 17, 14, 16], [15, 3, 16, 2], [17, 22, 18, 23], [19, 8, 20, 9], [21, 12, 22, 13], [23, 7, 24, 6], [1, 15, 2, 14]]"
12n_0627_137,"[[1, 15, 2, 14], [10, 4, 11, 3], [5, 1, 6, 24], [7, 18, 8, 19], [4, 10, 5, 9], [11, 20, 12, 21], [13, 17, 14, 16], [15, 3, 16, 2], [17, 22, 18, 23], [19, 8, 20, 9], [21, 12, 22, 13], [23, 7, 24, 6]]"
12n_0627_138,"[[23, 7, 24, 6], [1, 15, 2, 14], [10, 4, 11, 3], [5, 1, 6, 24], [7, 18, 8, 19], [4, 10, 5, 9], [11, 20, 12, 21], [13, 17, 14, 16], [15, 3, 16, 2], [17, 22, 18, 23], [19, 8, 20, 9], [21, 12, 22, 13]]"
12n_0627_139,"[[21, 12, 22, 13], [23, 7, 24, 6], [1, 15, 2, 14], [10, 4, 11, 3], [5, 1, 6, 24], [7, 18, 8, 19], [4, 10, 5, 9], [11, 20, 12, 21], [13, 17, 14, 16], [15, 3, 16, 2], [17, 22, 18, 23], [19, 8, 20, 9]]"
12n_0627_140,"[[19, 8, 20, 9], [21, 12, 22, 13], [23, 7, 24, 6], [1, 15, 2, 14], [10, 4, 11, 3], [5, 1, 6, 24], [7, 18, 8, 19], [4, 10, 5, 9], [11, 20, 12, 21], [13, 17, 14, 16], [15, 3, 16, 2], [17, 22, 18, 23]]"
12n_0627_141,"[[17, 22, 18, 23], [19, 8, 20, 9], [21, 12, 22, 13], [23, 7, 24, 6], [1, 15, 2, 14], [10, 4, 11, 3], [5, 1, 6, 24], [7, 18, 8, 19], [4, 10, 5, 9], [11, 20, 12, 21], [13, 17, 14, 16], [15, 3, 16, 2]]"
12n_0627_142,"[[15, 3, 16, 2], [17, 22, 18, 23], [19, 8, 20, 9], [21, 12, 22, 13], [23, 7, 24, 6], [1, 15, 2, 14], [10, 4, 11, 3], [5, 1, 6, 24], [7, 18, 8, 19], [4, 10, 5, 9], [11, 20, 12, 21], [13, 17, 14, 16]]"
12n_0627_143,"[[13, 17, 14, 16], [15, 3, 16, 2], [17, 22, 18, 23], [19, 8, 20, 9], [21, 12, 22, 13], [23, 7, 24, 6], [1, 15, 2, 14], [10, 4, 11, 3], [5, 1, 6, 24], [7, 18, 8, 19], [4, 10, 5, 9], [11, 20, 12, 21]]"
12n_0627_144,"[[12, 21, 13, 22], [14, 18, 15, 17], [16, 4, 17, 3], [18, 23, 19, 24], [20, 9, 21, 10], [22, 13, 23, 14], [24, 8, 1, 7], [2, 16, 3, 15], [11, 5, 12, 4], [6, 2, 7, 1], [8, 19, 9, 20], [5, 11, 6, 10]]"
12n_0627_145,"[[5, 11, 6, 10], [12, 21, 13, 22], [14, 18, 15, 17], [16, 4, 17, 3], [18, 23, 19, 24], [20, 9, 21, 10], [22, 13, 23, 14], [24, 8, 1, 7], [2, 16, 3, 15], [11, 5, 12, 4], [6, 2, 7, 1], [8, 19, 9, 20]]"
12n_0627_146,"[[8, 19, 9, 20], [5, 11, 6, 10], [12, 21, 13, 22], [14, 18, 15, 17], [16, 4, 17, 3], [18, 23, 19, 24], [20, 9, 21, 10], [22, 13, 23, 14], [24, 8, 1, 7], [2, 16, 3, 15], [11, 5, 12, 4], [6, 2, 7, 1]]"
12n_0627_147,"[[6, 2, 7, 1], [8, 19, 9, 20], [5, 11, 6, 10], [12, 21, 13, 22], [14, 18, 15, 17], [16, 4, 17, 3], [18, 23, 19, 24], [20, 9, 21, 10], [22, 13, 23, 14], [24, 8, 1, 7], [2, 16, 3, 15], [11, 5, 12, 4]]"
12n_0627_148,"[[11, 5, 12, 4], [6, 2, 7, 1], [8, 19, 9, 20], [5, 11, 6, 10], [12, 21, 13, 22], [14, 18, 15, 17], [16, 4, 17, 3], [18, 23, 19, 24], [20, 9, 21, 10], [22, 13, 23, 14], [24, 8, 1, 7], [2, 16, 3, 15]]"
12n_0627_149,"[[2, 16, 3, 15], [11, 5, 12, 4], [6, 2, 7, 1], [8, 19, 9, 20], [5, 11, 6, 10], [12, 21, 13, 22], [14, 18, 15, 17], [16, 4, 17, 3], [18, 23, 19, 24], [20, 9, 21, 10], [22, 13, 23, 14], [24, 8, 1, 7]]"
12n_0627_150,"[[24, 8, 1, 7], [2, 16, 3, 15], [11, 5, 12, 4], [6, 2, 7, 1], [8, 19, 9, 20], [5, 11, 6, 10], [12, 21, 13, 22], [14, 18, 15, 17], [16, 4, 17, 3], [18, 23, 19, 24], [20, 9, 21, 10], [22, 13, 23, 14]]"
12n_0627_151,"[[22, 13, 23, 14], [24, 8, 1, 7], [2, 16, 3, 15], [11, 5, 12, 4], [6, 2, 7, 1], [8, 19, 9, 20], [5, 11, 6, 10], [12, 21, 13, 22], [14, 18, 15, 17], [16, 4, 17, 3], [18, 23, 19, 24], [20, 9, 21, 10]]"
12n_0627_152,"[[20, 9, 21, 10], [22, 13, 23, 14], [24, 8, 1, 7], [2, 16, 3, 15], [11, 5, 12, 4], [6, 2, 7, 1], [8, 19, 9, 20], [5, 11, 6, 10], [12, 21, 13, 22], [14, 18, 15, 17], [16, 4, 17, 3], [18, 23, 19, 24]]"
12n_0627_153,"[[18, 23, 19, 24], [20, 9, 21, 10], [22, 13, 23, 14], [24, 8, 1, 7], [2, 16, 3, 15], [11, 5, 12, 4], [6, 2, 7, 1], [8, 19, 9, 20], [5, 11, 6, 10], [12, 21, 13, 22], [14, 18, 15, 17], [16, 4, 17, 3]]"
12n_0627_154,"[[16, 4, 17, 3], [18, 23, 19, 24], [20, 9, 21, 10], [22, 13, 23, 14], [24, 8, 1, 7], [2, 16, 3, 15], [11, 5, 12, 4], [6, 2, 7, 1], [8, 19, 9, 20], [5, 11, 6, 10], [12, 21, 13, 22], [14, 18, 15, 17]]"
12n_0627_155,"[[14, 18, 15, 17], [16, 4, 17, 3], [18, 23, 19, 24], [20, 9, 21, 10], [22, 13, 23, 14], [24, 8, 1, 7], [2, 16, 3, 15], [11, 5, 12, 4], [6, 2, 7, 1], [8, 19, 9, 20], [5, 11, 6, 10], [12, 21, 13, 22]]"
12n_0627_156,"[[13, 22, 14, 23], [15, 19, 16, 18], [17, 5, 18, 4], [19, 24, 20, 1], [21, 10, 22, 11], [23, 14, 24, 15], [1, 9, 2, 8], [3, 17, 4, 16], [12, 6, 13, 5], [7, 3, 8, 2], [9, 20, 10, 21], [6, 12, 7, 11]]"
12n_0627_157,"[[6, 12, 7, 11], [13, 22, 14, 23], [15, 19, 16, 18], [17, 5, 18, 4], [19, 24, 20, 1], [21, 10, 22, 11], [23, 14, 24, 15], [1, 9, 2, 8], [3, 17, 4, 16], [12, 6, 13, 5], [7, 3, 8, 2], [9, 20, 10, 21]]"
12n_0627_158,"[[9, 20, 10, 21], [6, 12, 7, 11], [13, 22, 14, 23], [15, 19, 16, 18], [17, 5, 18, 4], [19, 24, 20, 1], [21, 10, 22, 11], [23, 14, 24, 15], [1, 9, 2, 8], [3, 17, 4, 16], [12, 6, 13, 5], [7, 3, 8, 2]]"
12n_0627_159,"[[7, 3, 8, 2], [9, 20, 10, 21], [6, 12, 7, 11], [13, 22, 14, 23], [15, 19, 16, 18], [17, 5, 18, 4], [19, 24, 20, 1], [21, 10, 22, 11], [23, 14, 24, 15], [1, 9, 2, 8], [3, 17, 4, 16], [12, 6, 13, 5]]"
12n_0627_160,"[[12, 6, 13, 5], [7, 3, 8, 2], [9, 20, 10, 21], [6, 12, 7, 11], [13, 22, 14, 23], [15, 19, 16, 18], [17, 5, 18, 4], [19, 24, 20, 1], [21, 10, 22, 11], [23, 14, 24, 15], [1, 9, 2, 8], [3, 17, 4, 16]]"
12n_0627_161,"[[3, 17, 4, 16], [12, 6, 13, 5], [7, 3, 8, 2], [9, 20, 10, 21], [6, 12, 7, 11], [13, 22, 14, 23], [15, 19, 16, 18], [17, 5, 18, 4], [19, 24, 20, 1], [21, 10, 22, 11], [23, 14, 24, 15], [1, 9, 2, 8]]"
12n_0627_162,"[[1, 9, 2, 8], [3, 17, 4, 16], [12, 6, 13, 5], [7, 3, 8, 2], [9, 20, 10, 21], [6, 12, 7, 11], [13, 22, 14, 23], [15, 19, 16, 18], [17, 5, 18, 4], [19, 24, 20, 1], [21, 10, 22, 11], [23, 14, 24, 15]]"
12n_0627_163,"[[23, 14, 24, 15], [1, 9, 2, 8], [3, 17, 4, 16], [12, 6, 13, 5], [7, 3, 8, 2], [9, 20, 10, 21], [6, 12, 7, 11], [13, 22, 14, 23], [15, 19, 16, 18], [17, 5, 18, 4], [19, 24, 20, 1], [21, 10, 22, 11]]"
12n_0627_164,"[[21, 10, 22, 11], [23, 14, 24, 15], [1, 9, 2, 8], [3, 17, 4, 16], [12, 6, 13, 5], [7, 3, 8, 2], [9, 20, 10, 21], [6, 12, 7, 11], [13, 22, 14, 23], [15, 19, 16, 18], [17, 5, 18, 4], [19, 24, 20, 1]]"
12n_0627_165,"[[19, 24, 20, 1], [21, 10, 22, 11], [23, 14, 24, 15], [1, 9, 2, 8], [3, 17, 4, 16], [12, 6, 13, 5], [7, 3, 8, 2], [9, 20, 10, 21], [6, 12, 7, 11], [13, 22, 14, 23], [15, 19, 16, 18], [17, 5, 18, 4]]"
12n_0627_166,"[[17, 5, 18, 4], [19, 24, 20, 1], [21, 10, 22, 11], [23, 14, 24, 15], [1, 9, 2, 8], [3, 17, 4, 16], [12, 6, 13, 5], [7, 3, 8, 2], [9, 20, 10, 21], [6, 12, 7, 11], [13, 22, 14, 23], [15, 19, 16, 18]]"
12n_0627_167,"[[15, 19, 16, 18], [17, 5, 18, 4], [19, 24, 20, 1], [21, 10, 22, 11], [23, 14, 24, 15], [1, 9, 2, 8], [3, 17, 4, 16], [12, 6, 13, 5], [7, 3, 8, 2], [9, 20, 10, 21], [6, 12, 7, 11], [13, 22, 14, 23]]"
12n_0627_168,"[[14, 23, 15, 24], [16, 20, 17, 19], [18, 6, 19, 5], [20, 1, 21, 2], [22, 11, 23, 12], [24, 15, 1, 16], [2, 10, 3, 9], [4, 18, 5, 17], [13, 7, 14, 6], [8, 4, 9, 3], [10, 21, 11, 22], [7, 13, 8, 12]]"
12n_0627_169,"[[7, 13, 8, 12], [14, 23, 15, 24], [16, 20, 17, 19], [18, 6, 19, 5], [20, 1, 21, 2], [22, 11, 23, 12], [24, 15, 1, 16], [2, 10, 3, 9], [4, 18, 5, 17], [13, 7, 14, 6], [8, 4, 9, 3], [10, 21, 11, 22]]"
12n_0627_170,"[[10, 21, 11, 22], [7, 13, 8, 12], [14, 23, 15, 24], [16, 20, 17, 19], [18, 6, 19, 5], [20, 1, 21, 2], [22, 11, 23, 12], [24, 15, 1, 16], [2, 10, 3, 9], [4, 18, 5, 17], [13, 7, 14, 6], [8, 4, 9, 3]]"
12n_0627_171,"[[8, 4, 9, 3], [10, 21, 11, 22], [7, 13, 8, 12], [14, 23, 15, 24], [16, 20, 17, 19], [18, 6, 19, 5], [20, 1, 21, 2], [22, 11, 23, 12], [24, 15, 1, 16], [2, 10, 3, 9], [4, 18, 5, 17], [13, 7, 14, 6]]"
12n_0627_172,"[[13, 7, 14, 6], [8, 4, 9, 3], [10, 21, 11, 22], [7, 13, 8, 12], [14, 23, 15, 24], [16, 20, 17, 19], [18, 6, 19, 5], [20, 1, 21, 2], [22, 11, 23, 12], [24, 15, 1, 16], [2, 10, 3, 9], [4, 18, 5, 17]]"
12n_0627_173,"[[4, 18, 5, 17], [13, 7, 14, 6], [8, 4, 9, 3], [10, 21, 11, 22], [7, 13, 8, 12], [14, 23, 15, 24], [16, 20, 17, 19], [18, 6, 19, 5], [20, 1, 21, 2], [22, 11, 23, 12], [24, 15, 1, 16], [2, 10, 3, 9]]"
12n_0627_174,"[[2, 10, 3, 9], [4, 18, 5, 17], [13, 7, 14, 6], [8, 4, 9, 3], [10, 21, 11, 22], [7, 13, 8, 12], [14, 23, 15, 24], [16, 20, 17, 19], [18, 6, 19, 5], [20, 1, 21, 2], [22, 11, 23, 12], [24, 15, 1, 16]]"
12n_0627_175,"[[24, 15, 1, 16], [2, 10, 3, 9], [4, 18, 5, 17], [13, 7, 14, 6], [8, 4, 9, 3], [10, 21, 11, 22], [7, 13, 8, 12], [14, 23, 15, 24], [16, 20, 17, 19], [18, 6, 19, 5], [20, 1, 21, 2], [22, 11, 23, 12]]"
12n_0627_176,"[[22, 11, 23, 12], [24, 15, 1, 16], [2, 10, 3, 9], [4, 18, 5, 17], [13, 7, 14, 6], [8, 4, 9, 3], [10, 21, 11, 22], [7, 13, 8, 12], [14, 23, 15, 24], [16, 20, 17, 19], [18, 6, 19, 5], [20, 1, 21, 2]]"
12n_0627_177,"[[20, 1, 21, 2], [22, 11, 23, 12], [24, 15, 1, 16], [2, 10, 3, 9], [4, 18, 5, 17], [13, 7, 14, 6], [8, 4, 9, 3], [10, 21, 11, 22], [7, 13, 8, 12], [14, 23, 15, 24], [16, 20, 17, 19], [18, 6, 19, 5]]"
12n_0627_178,"[[18, 6, 19, 5], [20, 1, 21, 2], [22, 11, 23, 12], [24, 15, 1, 16], [2, 10, 3, 9], [4, 18, 5, 17], [13, 7, 14, 6], [8, 4, 9, 3], [10, 21, 11, 22], [7, 13, 8, 12], [14, 23, 15, 24], [16, 20, 17, 19]]"
12n_0627_179,"[[16, 20, 17, 19], [18, 6, 19, 5], [20, 1, 21, 2], [22, 11, 23, 12], [24, 15, 1, 16], [2, 10, 3, 9], [4, 18, 5, 17], [13, 7, 14, 6], [8, 4, 9, 3], [10, 21, 11, 22], [7, 13, 8, 12], [14, 23, 15, 24]]"
12n_0627_180,"[[15, 24, 16, 1], [17, 21, 18, 20], [19, 7, 20, 6], [21, 2, 22, 3], [23, 12, 24, 13], [1, 16, 2, 17], [3, 11, 4, 10], [5, 19, 6, 18], [14, 8, 15, 7], [9, 5, 10, 4], [11, 22, 12, 23], [8, 14, 9, 13]]"
12n_0627_181,"[[8, 14, 9, 13], [15, 24, 16, 1], [17, 21, 18, 20], [19, 7, 20, 6], [21, 2, 22, 3], [23, 12, 24, 13], [1, 16, 2, 17], [3, 11, 4, 10], [5, 19, 6, 18], [14, 8, 15, 7], [9, 5, 10, 4], [11, 22, 12, 23]]"
12n_0627_182,"[[11, 22, 12, 23], [8, 14, 9, 13], [15, 24, 16, 1], [17, 21, 18, 20], [19, 7, 20, 6], [21, 2, 22, 3], [23, 12, 24, 13], [1, 16, 2, 17], [3, 11, 4, 10], [5, 19, 6, 18], [14, 8, 15, 7], [9, 5, 10, 4]]"
12n_0627_183,"[[9, 5, 10, 4], [11, 22, 12, 23], [8, 14, 9, 13], [15, 24, 16, 1], [17, 21, 18, 20], [19, 7, 20, 6], [21, 2, 22, 3], [23, 12, 24, 13], [1, 16, 2, 17], [3, 11, 4, 10], [5, 19, 6, 18], [14, 8, 15, 7]]"
12n_0627_184,"[[14, 8, 15, 7], [9, 5, 10, 4], [11, 22, 12, 23], [8, 14, 9, 13], [15, 24, 16, 1], [17, 21, 18, 20], [19, 7, 20, 6], [21, 2, 22, 3], [23, 12, 24, 13], [1, 16, 2, 17], [3, 11, 4, 10], [5, 19, 6, 18]]"
12n_0627_185,"[[5, 19, 6, 18], [14, 8, 15, 7], [9, 5, 10, 4], [11, 22, 12, 23], [8, 14, 9, 13], [15, 24, 16, 1], [17, 21, 18, 20], [19, 7, 20, 6], [21, 2, 22, 3], [23, 12, 24, 13], [1, 16, 2, 17], [3, 11, 4, 10]]"
