name,pd_notation
12n_0271_0,"[[15, 24, 16, 1], [2, 6, 3, 5], [4, 9, 5, 10], [17, 7, 18, 6], [13, 8, 14, 9], [10, 3, 11, 4], [19, 12, 20, 13], [21, 15, 22, 14], [23, 16, 24, 17], [11, 18, 12, 19], [7, 21, 8, 20], [1, 23, 2, 22]]"
12n_0271_1,"[[1, 23, 2, 22], [15, 24, 16, 1], [2, 6, 3, 5], [4, 9, 5, 10], [17, 7, 18, 6], [13, 8, 14, 9], [10, 3, 11, 4], [19, 12, 20, 13], [21, 15, 22, 14], [23, 16, 24, 17], [11, 18, 12, 19], [7, 21, 8, 20]]"
12n_0271_2,"[[7, 21, 8, 20], [1, 23, 2, 22], [15, 24, 16, 1], [2, 6, 3, 5], [4, 9, 5, 10], [17, 7, 18, 6], [13, 8, 14, 9], [10, 3, 11, 4], [19, 12, 20, 13], [21, 15, 22, 14], [23, 16, 24, 17], [11, 18, 12, 19]]"
12n_0271_3,"[[11, 18, 12, 19], [7, 21, 8, 20], [1, 23, 2, 22], [15, 24, 16, 1], [2, 6, 3, 5], [4, 9, 5, 10], [17, 7, 18, 6], [13, 8, 14, 9], [10, 3, 11, 4], [19, 12, 20, 13], [21, 15, 22, 14], [23, 16, 24, 17]]"
12n_0271_4,"[[23, 16, 24, 17], [11, 18, 12, 19], [7, 21, 8, 20], [1, 23, 2, 22], [15, 24, 16, 1], [2, 6, 3, 5], [4, 9, 5, 10], [17, 7, 18, 6], [13, 8, 14, 9], [10, 3, 11, 4], [19, 12, 20, 13], [21, 15, 22, 14]]"
12n_0271_5,"[[21, 15, 22, 14], [23, 16, 24, 17], [11, 18, 12, 19], [7, 21, 8, 20], [1, 23, 2, 22], [15, 24, 16, 1], [2, 6, 3, 5], [4, 9, 5, 10], [17, 7, 18, 6], [13, 8, 14, 9], [10, 3, 11, 4], [19, 12, 20, 13]]"
12n_0271_6,"[[19, 12, 20, 13], [21, 15, 22, 14], [23, 16, 24, 17], [11, 18, 12, 19], [7, 21, 8, 20], [1, 23, 2, 22], [15, 24, 16, 1], [2, 6, 3, 5], [4, 9, 5, 10], [17, 7, 18, 6], [13, 8, 14, 9], [10, 3, 11, 4]]"
12n_0271_7,"[[10, 3, 11, 4], [19, 12, 20, 13], [21, 15, 22, 14], [23, 16, 24, 17], [11, 18, 12, 19], [7, 21, 8, 20], [1, 23, 2, 22], [15, 24, 16, 1], [2, 6, 3, 5], [4, 9, 5, 10], [17, 7, 18, 6], [13, 8, 14, 9]]"
12n_0271_8,"[[13, 8, 14, 9], [10, 3, 11, 4], [19, 12, 20, 13], [21, 15, 22, 14], [23, 16, 24, 17], [11, 18, 12, 19], [7, 21, 8, 20], [1, 23, 2, 22], [15, 24, 16, 1], [2, 6, 3, 5], [4, 9, 5, 10], [17, 7, 18, 6]]"
12n_0271_9,"[[17, 7, 18, 6], [13, 8, 14, 9], [10, 3, 11, 4], [19, 12, 20, 13], [21, 15, 22, 14], [23, 16, 24, 17], [11, 18, 12, 19], [7, 21, 8, 20], [1, 23, 2, 22], [15, 24, 16, 1], [2, 6, 3, 5], [4, 9, 5, 10]]"
12n_0271_10,"[[4, 9, 5, 10], [17, 7, 18, 6], [13, 8, 14, 9], [10, 3, 11, 4], [19, 12, 20, 13], [21, 15, 22, 14], [23, 16, 24, 17], [11, 18, 12, 19], [7, 21, 8, 20], [1, 23, 2, 22], [15, 24, 16, 1], [2, 6, 3, 5]]"
12n_0271_11,"[[2, 6, 3, 5], [4, 9, 5, 10], [17, 7, 18, 6], [13, 8, 14, 9], [10, 3, 11, 4], [19, 12, 20, 13], [21, 15, 22, 14], [23, 16, 24, 17], [11, 18, 12, 19], [7, 21, 8, 20], [1, 23, 2, 22], [15, 24, 16, 1]]"
12n_0271_12,"[[16, 1, 17, 2], [3, 7, 4, 6], [5, 10, 6, 11], [18, 8, 19, 7], [14, 9, 15, 10], [11, 4, 12, 5], [20, 13, 21, 14], [22, 16, 23, 15], [24, 17, 1, 18], [12, 19, 13, 20], [8, 22, 9, 21], [2, 24, 3, 23]]"
12n_0271_13,"[[2, 24, 3, 23], [16, 1, 17, 2], [3, 7, 4, 6], [5, 10, 6, 11], [18, 8, 19, 7], [14, 9, 15, 10], [11, 4, 12, 5], [20, 13, 21, 14], [22, 16, 23, 15], [24, 17, 1, 18], [12, 19, 13, 20], [8, 22, 9, 21]]"
12n_0271_14,"[[8, 22, 9, 21], [2, 24, 3, 23], [16, 1, 17, 2], [3, 7, 4, 6], [5, 10, 6, 11], [18, 8, 19, 7], [14, 9, 15, 10], [11, 4, 12, 5], [20, 13, 21, 14], [22, 16, 23, 15], [24, 17, 1, 18], [12, 19, 13, 20]]"
12n_0271_15,"[[12, 19, 13, 20], [8, 22, 9, 21], [2, 24, 3, 23], [16, 1, 17, 2], [3, 7, 4, 6], [5, 10, 6, 11], [18, 8, 19, 7], [14, 9, 15, 10], [11, 4, 12, 5], [20, 13, 21, 14], [22, 16, 23, 15], [24, 17, 1, 18]]"
12n_0271_16,"[[24, 17, 1, 18], [12, 19, 13, 20], [8, 22, 9, 21], [2, 24, 3, 23], [16, 1, 17, 2], [3, 7, 4, 6], [5, 10, 6, 11], [18, 8, 19, 7], [14, 9, 15, 10], [11, 4, 12, 5], [20, 13, 21, 14], [22, 16, 23, 15]]"
12n_0271_17,"[[22, 16, 23, 15], [24, 17, 1, 18], [12, 19, 13, 20], [8, 22, 9, 21], [2, 24, 3, 23], [16, 1, 17, 2], [3, 7, 4, 6], [5, 10, 6, 11], [18, 8, 19, 7], [14, 9, 15, 10], [11, 4, 12, 5], [20, 13, 21, 14]]"
12n_0271_18,"[[20, 13, 21, 14], [22, 16, 23, 15], [24, 17, 1, 18], [12, 19, 13, 20], [8, 22, 9, 21], [2, 24, 3, 23], [16, 1, 17, 2], [3, 7, 4, 6], [5, 10, 6, 11], [18, 8, 19, 7], [14, 9, 15, 10], [11, 4, 12, 5]]"
12n_0271_19,"[[11, 4, 12, 5], [20, 13, 21, 14], [22, 16, 23, 15], [24, 17, 1, 18], [12, 19, 13, 20], [8, 22, 9, 21], [2, 24, 3, 23], [16, 1, 17, 2], [3, 7, 4, 6], [5, 10, 6, 11], [18, 8, 19, 7], [14, 9, 15, 10]]"
12n_0271_20,"[[14, 9, 15, 10], [11, 4, 12, 5], [20, 13, 21, 14], [22, 16, 23, 15], [24, 17, 1, 18], [12, 19, 13, 20], [8, 22, 9, 21], [2, 24, 3, 23], [16, 1, 17, 2], [3, 7, 4, 6], [5, 10, 6, 11], [18, 8, 19, 7]]"
12n_0271_21,"[[18, 8, 19, 7], [14, 9, 15, 10], [11, 4, 12, 5], [20, 13, 21, 14], [22, 16, 23, 15], [24, 17, 1, 18], [12, 19, 13, 20], [8, 22, 9, 21], [2, 24, 3, 23], [16, 1, 17, 2], [3, 7, 4, 6], [5, 10, 6, 11]]"
12n_0271_22,"[[5, 10, 6, 11], [18, 8, 19, 7], [14, 9, 15, 10], [11, 4, 12, 5], [20, 13, 21, 14], [22, 16, 23, 15], [24, 17, 1, 18], [12, 19, 13, 20], [8, 22, 9, 21], [2, 24, 3, 23], [16, 1, 17, 2], [3, 7, 4, 6]]"
12n_0271_23,"[[3, 7, 4, 6], [5, 10, 6, 11], [18, 8, 19, 7], [14, 9, 15, 10], [11, 4, 12, 5], [20, 13, 21, 14], [22, 16, 23, 15], [24, 17, 1, 18], [12, 19, 13, 20], [8, 22, 9, 21], [2, 24, 3, 23], [16, 1, 17, 2]]"
12n_0271_24,"[[17, 2, 18, 3], [4, 8, 5, 7], [6, 11, 7, 12], [19, 9, 20, 8], [15, 10, 16, 11], [12, 5, 13, 6], [21, 14, 22, 15], [23, 17, 24, 16], [1, 18, 2, 19], [13, 20, 14, 21], [9, 23, 10, 22], [3, 1, 4, 24]]"
12n_0271_25,"[[3, 1, 4, 24], [17, 2, 18, 3], [4, 8, 5, 7], [6, 11, 7, 12], [19, 9, 20, 8], [15, 10, 16, 11], [12, 5, 13, 6], [21, 14, 22, 15], [23, 17, 24, 16], [1, 18, 2, 19], [13, 20, 14, 21], [9, 23, 10, 22]]"
12n_0271_26,"[[9, 23, 10, 22], [3, 1, 4, 24], [17, 2, 18, 3], [4, 8, 5, 7], [6, 11, 7, 12], [19, 9, 20, 8], [15, 10, 16, 11], [12, 5, 13, 6], [21, 14, 22, 15], [23, 17, 24, 16], [1, 18, 2, 19], [13, 20, 14, 21]]"
12n_0271_27,"[[13, 20, 14, 21], [9, 23, 10, 22], [3, 1, 4, 24], [17, 2, 18, 3], [4, 8, 5, 7], [6, 11, 7, 12], [19, 9, 20, 8], [15, 10, 16, 11], [12, 5, 13, 6], [21, 14, 22, 15], [23, 17, 24, 16], [1, 18, 2, 19]]"
12n_0271_28,"[[1, 18, 2, 19], [13, 20, 14, 21], [9, 23, 10, 22], [3, 1, 4, 24], [17, 2, 18, 3], [4, 8, 5, 7], [6, 11, 7, 12], [19, 9, 20, 8], [15, 10, 16, 11], [12, 5, 13, 6], [21, 14, 22, 15], [23, 17, 24, 16]]"
12n_0271_29,"[[23, 17, 24, 16], [1, 18, 2, 19], [13, 20, 14, 21], [9, 23, 10, 22], [3, 1, 4, 24], [17, 2, 18, 3], [4, 8, 5, 7], [6, 11, 7, 12], [19, 9, 20, 8], [15, 10, 16, 11], [12, 5, 13, 6], [21, 14, 22, 15]]"
12n_0271_30,"[[21, 14, 22, 15], [23, 17, 24, 16], [1, 18, 2, 19], [13, 20, 14, 21], [9, 23, 10, 22], [3, 1, 4, 24], [17, 2, 18, 3], [4, 8, 5, 7], [6, 11, 7, 12], [19, 9, 20, 8], [15, 10, 16, 11], [12, 5, 13, 6]]"
12n_0271_31,"[[12, 5, 13, 6], [21, 14, 22, 15], [23, 17, 24, 16], [1, 18, 2, 19], [13, 20, 14, 21], [9, 23, 10, 22], [3, 1, 4, 24], [17, 2, 18, 3], [4, 8, 5, 7], [6, 11, 7, 12], [19, 9, 20, 8], [15, 10, 16, 11]]"
12n_0271_32,"[[15, 10, 16, 11], [12, 5, 13, 6], [21, 14, 22, 15], [23, 17, 24, 16], [1, 18, 2, 19], [13, 20, 14, 21], [9, 23, 10, 22], [3, 1, 4, 24], [17, 2, 18, 3], [4, 8, 5, 7], [6, 11, 7, 12], [19, 9, 20, 8]]"
12n_0271_33,"[[19, 9, 20, 8], [15, 10, 16, 11], [12, 5, 13, 6], [21, 14, 22, 15], [23, 17, 24, 16], [1, 18, 2, 19], [13, 20, 14, 21], [9, 23, 10, 22], [3, 1, 4, 24], [17, 2, 18, 3], [4, 8, 5, 7], [6, 11, 7, 12]]"
12n_0271_34,"[[6, 11, 7, 12], [19, 9, 20, 8], [15, 10, 16, 11], [12, 5, 13, 6], [21, 14, 22, 15], [23, 17, 24, 16], [1, 18, 2, 19], [13, 20, 14, 21], [9, 23, 10, 22], [3, 1, 4, 24], [17, 2, 18, 3], [4, 8, 5, 7]]"
12n_0271_35,"[[4, 8, 5, 7], [6, 11, 7, 12], [19, 9, 20, 8], [15, 10, 16, 11], [12, 5, 13, 6], [21, 14, 22, 15], [23, 17, 24, 16], [1, 18, 2, 19], [13, 20, 14, 21], [9, 23, 10, 22], [3, 1, 4, 24], [17, 2, 18, 3]]"
12n_0271_36,"[[18, 3, 19, 4], [5, 9, 6, 8], [7, 12, 8, 13], [20, 10, 21, 9], [16, 11, 17, 12], [13, 6, 14, 7], [22, 15, 23, 16], [24, 18, 1, 17], [2, 19, 3, 20], [14, 21, 15, 22], [10, 24, 11, 23], [4, 2, 5, 1]]"
12n_0271_37,"[[4, 2, 5, 1], [18, 3, 19, 4], [5, 9, 6, 8], [7, 12, 8, 13], [20, 10, 21, 9], [16, 11, 17, 12], [13, 6, 14, 7], [22, 15, 23, 16], [24, 18, 1, 17], [2, 19, 3, 20], [14, 21, 15, 22], [10, 24, 11, 23]]"
12n_0271_38,"[[10, 24, 11, 23], [4, 2, 5, 1], [18, 3, 19, 4], [5, 9, 6, 8], [7, 12, 8, 13], [20, 10, 21, 9], [16, 11, 17, 12], [13, 6, 14, 7], [22, 15, 23, 16], [24, 18, 1, 17], [2, 19, 3, 20], [14, 21, 15, 22]]"
12n_0271_39,"[[14, 21, 15, 22], [10, 24, 11, 23], [4, 2, 5, 1], [18, 3, 19, 4], [5, 9, 6, 8], [7, 12, 8, 13], [20, 10, 21, 9], [16, 11, 17, 12], [13, 6, 14, 7], [22, 15, 23, 16], [24, 18, 1, 17], [2, 19, 3, 20]]"
12n_0271_40,"[[2, 19, 3, 20], [14, 21, 15, 22], [10, 24, 11, 23], [4, 2, 5, 1], [18, 3, 19, 4], [5, 9, 6, 8], [7, 12, 8, 13], [20, 10, 21, 9], [16, 11, 17, 12], [13, 6, 14, 7], [22, 15, 23, 16], [24, 18, 1, 17]]"
12n_0271_41,"[[24, 18, 1, 17], [2, 19, 3, 20], [14, 21, 15, 22], [10, 24, 11, 23], [4, 2, 5, 1], [18, 3, 19, 4], [5, 9, 6, 8], [7, 12, 8, 13], [20, 10, 21, 9], [16, 11, 17, 12], [13, 6, 14, 7], [22, 15, 23, 16]]"
12n_0271_42,"[[22, 15, 23, 16], [24, 18, 1, 17], [2, 19, 3, 20], [14, 21, 15, 22], [10, 24, 11, 23], [4, 2, 5, 1], [18, 3, 19, 4], [5, 9, 6, 8], [7, 12, 8, 13], [20, 10, 21, 9], [16, 11, 17, 12], [13, 6, 14, 7]]"
12n_0271_43,"[[13, 6, 14, 7], [22, 15, 23, 16], [24, 18, 1, 17], [2, 19, 3, 20], [14, 21, 15, 22], [10, 24, 11, 23], [4, 2, 5, 1], [18, 3, 19, 4], [5, 9, 6, 8], [7, 12, 8, 13], [20, 10, 21, 9], [16, 11, 17, 12]]"
12n_0271_44,"[[16, 11, 17, 12], [13, 6, 14, 7], [22, 15, 23, 16], [24, 18, 1, 17], [2, 19, 3, 20], [14, 21, 15, 22], [10, 24, 11, 23], [4, 2, 5, 1], [18, 3, 19, 4], [5, 9, 6, 8], [7, 12, 8, 13], [20, 10, 21, 9]]"
12n_0271_45,"[[20, 10, 21, 9], [16, 11, 17, 12], [13, 6, 14, 7], [22, 15, 23, 16], [24, 18, 1, 17], [2, 19, 3, 20], [14, 21, 15, 22], [10, 24, 11, 23], [4, 2, 5, 1], [18, 3, 19, 4], [5, 9, 6, 8], [7, 12, 8, 13]]"
12n_0271_46,"[[7, 12, 8, 13], [20, 10, 21, 9], [16, 11, 17, 12], [13, 6, 14, 7], [22, 15, 23, 16], [24, 18, 1, 17], [2, 19, 3, 20], [14, 21, 15, 22], [10, 24, 11, 23], [4, 2, 5, 1], [18, 3, 19, 4], [5, 9, 6, 8]]"
12n_0271_47,"[[5, 9, 6, 8], [7, 12, 8, 13], [20, 10, 21, 9], [16, 11, 17, 12], [13, 6, 14, 7], [22, 15, 23, 16], [24, 18, 1, 17], [2, 19, 3, 20], [14, 21, 15, 22], [10, 24, 11, 23], [4, 2, 5, 1], [18, 3, 19, 4]]"
12n_0271_48,"[[19, 4, 20, 5], [6, 10, 7, 9], [8, 13, 9, 14], [21, 11, 22, 10], [17, 12, 18, 13], [14, 7, 15, 8], [23, 16, 24, 17], [1, 19, 2, 18], [3, 20, 4, 21], [15, 22, 16, 23], [11, 1, 12, 24], [5, 3, 6, 2]]"
12n_0271_49,"[[5, 3, 6, 2], [19, 4, 20, 5], [6, 10, 7, 9], [8, 13, 9, 14], [21, 11, 22, 10], [17, 12, 18, 13], [14, 7, 15, 8], [23, 16, 24, 17], [1, 19, 2, 18], [3, 20, 4, 21], [15, 22, 16, 23], [11, 1, 12, 24]]"
12n_0271_50,"[[11, 1, 12, 24], [5, 3, 6, 2], [19, 4, 20, 5], [6, 10, 7, 9], [8, 13, 9, 14], [21, 11, 22, 10], [17, 12, 18, 13], [14, 7, 15, 8], [23, 16, 24, 17], [1, 19, 2, 18], [3, 20, 4, 21], [15, 22, 16, 23]]"
12n_0271_51,"[[15, 22, 16, 23], [11, 1, 12, 24], [5, 3, 6, 2], [19, 4, 20, 5], [6, 10, 7, 9], [8, 13, 9, 14], [21, 11, 22, 10], [17, 12, 18, 13], [14, 7, 15, 8], [23, 16, 24, 17], [1, 19, 2, 18], [3, 20, 4, 21]]"
12n_0271_52,"[[3, 20, 4, 21], [15, 22, 16, 23], [11, 1, 12, 24], [5, 3, 6, 2], [19, 4, 20, 5], [6, 10, 7, 9], [8, 13, 9, 14], [21, 11, 22, 10], [17, 12, 18, 13], [14, 7, 15, 8], [23, 16, 24, 17], [1, 19, 2, 18]]"
12n_0271_53,"[[1, 19, 2, 18], [3, 20, 4, 21], [15, 22, 16, 23], [11, 1, 12, 24], [5, 3, 6, 2], [19, 4, 20, 5], [6, 10, 7, 9], [8, 13, 9, 14], [21, 11, 22, 10], [17, 12, 18, 13], [14, 7, 15, 8], [23, 16, 24, 17]]"
12n_0271_54,"[[23, 16, 24, 17], [1, 19, 2, 18], [3, 20, 4, 21], [15, 22, 16, 23], [11, 1, 12, 24], [5, 3, 6, 2], [19, 4, 20, 5], [6, 10, 7, 9], [8, 13, 9, 14], [21, 11, 22, 10], [17, 12, 18, 13], [14, 7, 15, 8]]"
12n_0271_55,"[[14, 7, 15, 8], [23, 16, 24, 17], [1, 19, 2, 18], [3, 20, 4, 21], [15, 22, 16, 23], [11, 1, 12, 24], [5, 3, 6, 2], [19, 4, 20, 5], [6, 10, 7, 9], [8, 13, 9, 14], [21, 11, 22, 10], [17, 12, 18, 13]]"
12n_0271_56,"[[17, 12, 18, 13], [14, 7, 15, 8], [23, 16, 24, 17], [1, 19, 2, 18], [3, 20, 4, 21], [15, 22, 16, 23], [11, 1, 12, 24], [5, 3, 6, 2], [19, 4, 20, 5], [6, 10, 7, 9], [8, 13, 9, 14], [21, 11, 22, 10]]"
12n_0271_57,"[[21, 11, 22, 10], [17, 12, 18, 13], [14, 7, 15, 8], [23, 16, 24, 17], [1, 19, 2, 18], [3, 20, 4, 21], [15, 22, 16, 23], [11, 1, 12, 24], [5, 3, 6, 2], [19, 4, 20, 5], [6, 10, 7, 9], [8, 13, 9, 14]]"
12n_0271_58,"[[8, 13, 9, 14], [21, 11, 22, 10], [17, 12, 18, 13], [14, 7, 15, 8], [23, 16, 24, 17], [1, 19, 2, 18], [3, 20, 4, 21], [15, 22, 16, 23], [11, 1, 12, 24], [5, 3, 6, 2], [19, 4, 20, 5], [6, 10, 7, 9]]"
12n_0271_59,"[[6, 10, 7, 9], [8, 13, 9, 14], [21, 11, 22, 10], [17, 12, 18, 13], [14, 7, 15, 8], [23, 16, 24, 17], [1, 19, 2, 18], [3, 20, 4, 21], [15, 22, 16, 23], [11, 1, 12, 24], [5, 3, 6, 2], [19, 4, 20, 5]]"
12n_0271_60,"[[20, 5, 21, 6], [7, 11, 8, 10], [9, 14, 10, 15], [22, 12, 23, 11], [18, 13, 19, 14], [15, 8, 16, 9], [24, 17, 1, 18], [2, 20, 3, 19], [4, 21, 5, 22], [16, 23, 17, 24], [12, 2, 13, 1], [6, 4, 7, 3]]"
12n_0271_61,"[[6, 4, 7, 3], [20, 5, 21, 6], [7, 11, 8, 10], [9, 14, 10, 15], [22, 12, 23, 11], [18, 13, 19, 14], [15, 8, 16, 9], [24, 17, 1, 18], [2, 20, 3, 19], [4, 21, 5, 22], [16, 23, 17, 24], [12, 2, 13, 1]]"
12n_0271_62,"[[12, 2, 13, 1], [6, 4, 7, 3], [20, 5, 21, 6], [7, 11, 8, 10], [9, 14, 10, 15], [22, 12, 23, 11], [18, 13, 19, 14], [15, 8, 16, 9], [24, 17, 1, 18], [2, 20, 3, 19], [4, 21, 5, 22], [16, 23, 17, 24]]"
12n_0271_63,"[[16, 23, 17, 24], [12, 2, 13, 1], [6, 4, 7, 3], [20, 5, 21, 6], [7, 11, 8, 10], [9, 14, 10, 15], [22, 12, 23, 11], [18, 13, 19, 14], [15, 8, 16, 9], [24, 17, 1, 18], [2, 20, 3, 19], [4, 21, 5, 22]]"
12n_0271_64,"[[4, 21, 5, 22], [16, 23, 17, 24], [12, 2, 13, 1], [6, 4, 7, 3], [20, 5, 21, 6], [7, 11, 8, 10], [9, 14, 10, 15], [22, 12, 23, 11], [18, 13, 19, 14], [15, 8, 16, 9], [24, 17, 1, 18], [2, 20, 3, 19]]"
12n_0271_65,"[[2, 20, 3, 19], [4, 21, 5, 22], [16, 23, 17, 24], [12, 2, 13, 1], [6, 4, 7, 3], [20, 5, 21, 6], [7, 11, 8, 10], [9, 14, 10, 15], [22, 12, 23, 11], [18, 13, 19, 14], [15, 8, 16, 9], [24, 17, 1, 18]]"
12n_0271_66,"[[24, 17, 1, 18], [2, 20, 3, 19], [4, 21, 5, 22], [16, 23, 17, 24], [12, 2, 13, 1], [6, 4, 7, 3], [20, 5, 21, 6], [7, 11, 8, 10], [9, 14, 10, 15], [22, 12, 23, 11], [18, 13, 19, 14], [15, 8, 16, 9]]"
12n_0271_67,"[[15, 8, 16, 9], [24, 17, 1, 18], [2, 20, 3, 19], [4, 21, 5, 22], [16, 23, 17, 24], [12, 2, 13, 1], [6, 4, 7, 3], [20, 5, 21, 6], [7, 11, 8, 10], [9, 14, 10, 15], [22, 12, 23, 11], [18, 13, 19, 14]]"
12n_0271_68,"[[18, 13, 19, 14], [15, 8, 16, 9], [24, 17, 1, 18], [2, 20, 3, 19], [4, 21, 5, 22], [16, 23, 17, 24], [12, 2, 13, 1], [6, 4, 7, 3], [20, 5, 21, 6], [7, 11, 8, 10], [9, 14, 10, 15], [22, 12, 23, 11]]"
12n_0271_69,"[[22, 12, 23, 11], [18, 13, 19, 14], [15, 8, 16, 9], [24, 17, 1, 18], [2, 20, 3, 19], [4, 21, 5, 22], [16, 23, 17, 24], [12, 2, 13, 1], [6, 4, 7, 3], [20, 5, 21, 6], [7, 11, 8, 10], [9, 14, 10, 15]]"
12n_0271_70,"[[9, 14, 10, 15], [22, 12, 23, 11], [18, 13, 19, 14], [15, 8, 16, 9], [24, 17, 1, 18], [2, 20, 3, 19], [4, 21, 5, 22], [16, 23, 17, 24], [12, 2, 13, 1], [6, 4, 7, 3], [20, 5, 21, 6], [7, 11, 8, 10]]"
12n_0271_71,"[[7, 11, 8, 10], [9, 14, 10, 15], [22, 12, 23, 11], [18, 13, 19, 14], [15, 8, 16, 9], [24, 17, 1, 18], [2, 20, 3, 19], [4, 21, 5, 22], [16, 23, 17, 24], [12, 2, 13, 1], [6, 4, 7, 3], [20, 5, 21, 6]]"
12n_0271_72,"[[21, 6, 22, 7], [8, 12, 9, 11], [10, 15, 11, 16], [23, 13, 24, 12], [19, 14, 20, 15], [16, 9, 17, 10], [1, 18, 2, 19], [3, 21, 4, 20], [5, 22, 6, 23], [17, 24, 18, 1], [13, 3, 14, 2], [7, 5, 8, 4]]"
12n_0271_73,"[[7, 5, 8, 4], [21, 6, 22, 7], [8, 12, 9, 11], [10, 15, 11, 16], [23, 13, 24, 12], [19, 14, 20, 15], [16, 9, 17, 10], [1, 18, 2, 19], [3, 21, 4, 20], [5, 22, 6, 23], [17, 24, 18, 1], [13, 3, 14, 2]]"
12n_0271_74,"[[13, 3, 14, 2], [7, 5, 8, 4], [21, 6, 22, 7], [8, 12, 9, 11], [10, 15, 11, 16], [23, 13, 24, 12], [19, 14, 20, 15], [16, 9, 17, 10], [1, 18, 2, 19], [3, 21, 4, 20], [5, 22, 6, 23], [17, 24, 18, 1]]"
12n_0271_75,"[[17, 24, 18, 1], [13, 3, 14, 2], [7, 5, 8, 4], [21, 6, 22, 7], [8, 12, 9, 11], [10, 15, 11, 16], [23, 13, 24, 12], [19, 14, 20, 15], [16, 9, 17, 10], [1, 18, 2, 19], [3, 21, 4, 20], [5, 22, 6, 23]]"
12n_0271_76,"[[5, 22, 6, 23], [17, 24, 18, 1], [13, 3, 14, 2], [7, 5, 8, 4], [21, 6, 22, 7], [8, 12, 9, 11], [10, 15, 11, 16], [23, 13, 24, 12], [19, 14, 20, 15], [16, 9, 17, 10], [1, 18, 2, 19], [3, 21, 4, 20]]"
12n_0271_77,"[[3, 21, 4, 20], [5, 22, 6, 23], [17, 24, 18, 1], [13, 3, 14, 2], [7, 5, 8, 4], [21, 6, 22, 7], [8, 12, 9, 11], [10, 15, 11, 16], [23, 13, 24, 12], [19, 14, 20, 15], [16, 9, 17, 10], [1, 18, 2, 19]]"
12n_0271_78,"[[1, 18, 2, 19], [3, 21, 4, 20], [5, 22, 6, 23], [17, 24, 18, 1], [13, 3, 14, 2], [7, 5, 8, 4], [21, 6, 22, 7], [8, 12, 9, 11], [10, 15, 11, 16], [23, 13, 24, 12], [19, 14, 20, 15], [16, 9, 17, 10]]"
12n_0271_79,"[[16, 9, 17, 10], [1, 18, 2, 19], [3, 21, 4, 20], [5, 22, 6, 23], [17, 24, 18, 1], [13, 3, 14, 2], [7, 5, 8, 4], [21, 6, 22, 7], [8, 12, 9, 11], [10, 15, 11, 16], [23, 13, 24, 12], [19, 14, 20, 15]]"
12n_0271_80,"[[19, 14, 20, 15], [16, 9, 17, 10], [1, 18, 2, 19], [3, 21, 4, 20], [5, 22, 6, 23], [17, 24, 18, 1], [13, 3, 14, 2], [7, 5, 8, 4], [21, 6, 22, 7], [8, 12, 9, 11], [10, 15, 11, 16], [23, 13, 24, 12]]"
12n_0271_81,"[[23, 13, 24, 12], [19, 14, 20, 15], [16, 9, 17, 10], [1, 18, 2, 19], [3, 21, 4, 20], [5, 22, 6, 23], [17, 24, 18, 1], [13, 3, 14, 2], [7, 5, 8, 4], [21, 6, 22, 7], [8, 12, 9, 11], [10, 15, 11, 16]]"
12n_0271_82,"[[10, 15, 11, 16], [23, 13, 24, 12], [19, 14, 20, 15], [16, 9, 17, 10], [1, 18, 2, 19], [3, 21, 4, 20], [5, 22, 6, 23], [17, 24, 18, 1], [13, 3, 14, 2], [7, 5, 8, 4], [21, 6, 22, 7], [8, 12, 9, 11]]"
12n_0271_83,"[[8, 12, 9, 11], [10, 15, 11, 16], [23, 13, 24, 12], [19, 14, 20, 15], [16, 9, 17, 10], [1, 18, 2, 19], [3, 21, 4, 20], [5, 22, 6, 23], [17, 24, 18, 1], [13, 3, 14, 2], [7, 5, 8, 4], [21, 6, 22, 7]]"
12n_0271_84,"[[22, 7, 23, 8], [9, 13, 10, 12], [11, 16, 12, 17], [24, 14, 1, 13], [20, 15, 21, 16], [17, 10, 18, 11], [2, 19, 3, 20], [4, 22, 5, 21], [6, 23, 7, 24], [18, 1, 19, 2], [14, 4, 15, 3], [8, 6, 9, 5]]"
12n_0271_85,"[[8, 6, 9, 5], [22, 7, 23, 8], [9, 13, 10, 12], [11, 16, 12, 17], [24, 14, 1, 13], [20, 15, 21, 16], [17, 10, 18, 11], [2, 19, 3, 20], [4, 22, 5, 21], [6, 23, 7, 24], [18, 1, 19, 2], [14, 4, 15, 3]]"
12n_0271_86,"[[14, 4, 15, 3], [8, 6, 9, 5], [22, 7, 23, 8], [9, 13, 10, 12], [11, 16, 12, 17], [24, 14, 1, 13], [20, 15, 21, 16], [17, 10, 18, 11], [2, 19, 3, 20], [4, 22, 5, 21], [6, 23, 7, 24], [18, 1, 19, 2]]"
12n_0271_87,"[[18, 1, 19, 2], [14, 4, 15, 3], [8, 6, 9, 5], [22, 7, 23, 8], [9, 13, 10, 12], [11, 16, 12, 17], [24, 14, 1, 13], [20, 15, 21, 16], [17, 10, 18, 11], [2, 19, 3, 20], [4, 22, 5, 21], [6, 23, 7, 24]]"
12n_0271_88,"[[6, 23, 7, 24], [18, 1, 19, 2], [14, 4, 15, 3], [8, 6, 9, 5], [22, 7, 23, 8], [9, 13, 10, 12], [11, 16, 12, 17], [24, 14, 1, 13], [20, 15, 21, 16], [17, 10, 18, 11], [2, 19, 3, 20], [4, 22, 5, 21]]"
12n_0271_89,"[[4, 22, 5, 21], [6, 23, 7, 24], [18, 1, 19, 2], [14, 4, 15, 3], [8, 6, 9, 5], [22, 7, 23, 8], [9, 13, 10, 12], [11, 16, 12, 17], [24, 14, 1, 13], [20, 15, 21, 16], [17, 10, 18, 11], [2, 19, 3, 20]]"
12n_0271_90,"[[2, 19, 3, 20], [4, 22, 5, 21], [6, 23, 7, 24], [18, 1, 19, 2], [14, 4, 15, 3], [8, 6, 9, 5], [22, 7, 23, 8], [9, 13, 10, 12], [11, 16, 12, 17], [24, 14, 1, 13], [20, 15, 21, 16], [17, 10, 18, 11]]"
12n_0271_91,"[[17, 10, 18, 11], [2, 19, 3, 20], [4, 22, 5, 21], [6, 23, 7, 24], [18, 1, 19, 2], [14, 4, 15, 3], [8, 6, 9, 5], [22, 7, 23, 8], [9, 13, 10, 12], [11, 16, 12, 17], [24, 14, 1, 13], [20, 15, 21, 16]]"
12n_0271_92,"[[20, 15, 21, 16], [17, 10, 18, 11], [2, 19, 3, 20], [4, 22, 5, 21], [6, 23, 7, 24], [18, 1, 19, 2], [14, 4, 15, 3], [8, 6, 9, 5], [22, 7, 23, 8], [9, 13, 10, 12], [11, 16, 12, 17], [24, 14, 1, 13]]"
12n_0271_93,"[[24, 14, 1, 13], [20, 15, 21, 16], [17, 10, 18, 11], [2, 19, 3, 20], [4, 22, 5, 21], [6, 23, 7, 24], [18, 1, 19, 2], [14, 4, 15, 3], [8, 6, 9, 5], [22, 7, 23, 8], [9, 13, 10, 12], [11, 16, 12, 17]]"
12n_0271_94,"[[11, 16, 12, 17], [24, 14, 1, 13], [20, 15, 21, 16], [17, 10, 18, 11], [2, 19, 3, 20], [4, 22, 5, 21], [6, 23, 7, 24], [18, 1, 19, 2], [14, 4, 15, 3], [8, 6, 9, 5], [22, 7, 23, 8], [9, 13, 10, 12]]"
12n_0271_95,"[[9, 13, 10, 12], [11, 16, 12, 17], [24, 14, 1, 13], [20, 15, 21, 16], [17, 10, 18, 11], [2, 19, 3, 20], [4, 22, 5, 21], [6, 23, 7, 24], [18, 1, 19, 2], [14, 4, 15, 3], [8, 6, 9, 5], [22, 7, 23, 8]]"
12n_0271_96,"[[23, 8, 24, 9], [10, 14, 11, 13], [12, 17, 13, 18], [1, 15, 2, 14], [21, 16, 22, 17], [18, 11, 19, 12], [3, 20, 4, 21], [5, 23, 6, 22], [7, 24, 8, 1], [19, 2, 20, 3], [15, 5, 16, 4], [9, 7, 10, 6]]"
12n_0271_97,"[[9, 7, 10, 6], [23, 8, 24, 9], [10, 14, 11, 13], [12, 17, 13, 18], [1, 15, 2, 14], [21, 16, 22, 17], [18, 11, 19, 12], [3, 20, 4, 21], [5, 23, 6, 22], [7, 24, 8, 1], [19, 2, 20, 3], [15, 5, 16, 4]]"
12n_0271_98,"[[15, 5, 16, 4], [9, 7, 10, 6], [23, 8, 24, 9], [10, 14, 11, 13], [12, 17, 13, 18], [1, 15, 2, 14], [21, 16, 22, 17], [18, 11, 19, 12], [3, 20, 4, 21], [5, 23, 6, 22], [7, 24, 8, 1], [19, 2, 20, 3]]"
12n_0271_99,"[[19, 2, 20, 3], [15, 5, 16, 4], [9, 7, 10, 6], [23, 8, 24, 9], [10, 14, 11, 13], [12, 17, 13, 18], [1, 15, 2, 14], [21, 16, 22, 17], [18, 11, 19, 12], [3, 20, 4, 21], [5, 23, 6, 22], [7, 24, 8, 1]]"
12n_0271_100,"[[7, 24, 8, 1], [19, 2, 20, 3], [15, 5, 16, 4], [9, 7, 10, 6], [23, 8, 24, 9], [10, 14, 11, 13], [12, 17, 13, 18], [1, 15, 2, 14], [21, 16, 22, 17], [18, 11, 19, 12], [3, 20, 4, 21], [5, 23, 6, 22]]"
12n_0271_101,"[[5, 23, 6, 22], [7, 24, 8, 1], [19, 2, 20, 3], [15, 5, 16, 4], [9, 7, 10, 6], [23, 8, 24, 9], [10, 14, 11, 13], [12, 17, 13, 18], [1, 15, 2, 14], [21, 16, 22, 17], [18, 11, 19, 12], [3, 20, 4, 21]]"
12n_0271_102,"[[3, 20, 4, 21], [5, 23, 6, 22], [7, 24, 8, 1], [19, 2, 20, 3], [15, 5, 16, 4], [9, 7, 10, 6], [23, 8, 24, 9], [10, 14, 11, 13], [12, 17, 13, 18], [1, 15, 2, 14], [21, 16, 22, 17], [18, 11, 19, 12]]"
12n_0271_103,"[[18, 11, 19, 12], [3, 20, 4, 21], [5, 23, 6, 22], [7, 24, 8, 1], [19, 2, 20, 3], [15, 5, 16, 4], [9, 7, 10, 6], [23, 8, 24, 9], [10, 14, 11, 13], [12, 17, 13, 18], [1, 15, 2, 14], [21, 16, 22, 17]]"
12n_0271_104,"[[21, 16, 22, 17], [18, 11, 19, 12], [3, 20, 4, 21], [5, 23, 6, 22], [7, 24, 8, 1], [19, 2, 20, 3], [15, 5, 16, 4], [9, 7, 10, 6], [23, 8, 24, 9], [10, 14, 11, 13], [12, 17, 13, 18], [1, 15, 2, 14]]"
12n_0271_105,"[[1, 15, 2, 14], [21, 16, 22, 17], [18, 11, 19, 12], [3, 20, 4, 21], [5, 23, 6, 22], [7, 24, 8, 1], [19, 2, 20, 3], [15, 5, 16, 4], [9, 7, 10, 6], [23, 8, 24, 9], [10, 14, 11, 13], [12, 17, 13, 18]]"
12n_0271_106,"[[12, 17, 13, 18], [1, 15, 2, 14], [21, 16, 22, 17], [18, 11, 19, 12], [3, 20, 4, 21], [5, 23, 6, 22], [7, 24, 8, 1], [19, 2, 20, 3], [15, 5, 16, 4], [9, 7, 10, 6], [23, 8, 24, 9], [10, 14, 11, 13]]"
12n_0271_107,"[[10, 14, 11, 13], [12, 17, 13, 18], [1, 15, 2, 14], [21, 16, 22, 17], [18, 11, 19, 12], [3, 20, 4, 21], [5, 23, 6, 22], [7, 24, 8, 1], [19, 2, 20, 3], [15, 5, 16, 4], [9, 7, 10, 6], [23, 8, 24, 9]]"
12n_0271_108,"[[24, 9, 1, 10], [11, 15, 12, 14], [13, 18, 14, 19], [2, 16, 3, 15], [22, 17, 23, 18], [19, 12, 20, 13], [4, 21, 5, 22], [6, 24, 7, 23], [8, 1, 9, 2], [20, 3, 21, 4], [16, 6, 17, 5], [10, 8, 11, 7]]"
12n_0271_109,"[[10, 8, 11, 7], [24, 9, 1, 10], [11, 15, 12, 14], [13, 18, 14, 19], [2, 16, 3, 15], [22, 17, 23, 18], [19, 12, 20, 13], [4, 21, 5, 22], [6, 24, 7, 23], [8, 1, 9, 2], [20, 3, 21, 4], [16, 6, 17, 5]]"
12n_0271_110,"[[16, 6, 17, 5], [10, 8, 11, 7], [24, 9, 1, 10], [11, 15, 12, 14], [13, 18, 14, 19], [2, 16, 3, 15], [22, 17, 23, 18], [19, 12, 20, 13], [4, 21, 5, 22], [6, 24, 7, 23], [8, 1, 9, 2], [20, 3, 21, 4]]"
12n_0271_111,"[[20, 3, 21, 4], [16, 6, 17, 5], [10, 8, 11, 7], [24, 9, 1, 10], [11, 15, 12, 14], [13, 18, 14, 19], [2, 16, 3, 15], [22, 17, 23, 18], [19, 12, 20, 13], [4, 21, 5, 22], [6, 24, 7, 23], [8, 1, 9, 2]]"
12n_0271_112,"[[8, 1, 9, 2], [20, 3, 21, 4], [16, 6, 17, 5], [10, 8, 11, 7], [24, 9, 1, 10], [11, 15, 12, 14], [13, 18, 14, 19], [2, 16, 3, 15], [22, 17, 23, 18], [19, 12, 20, 13], [4, 21, 5, 22], [6, 24, 7, 23]]"
12n_0271_113,"[[6, 24, 7, 23], [8, 1, 9, 2], [20, 3, 21, 4], [16, 6, 17, 5], [10, 8, 11, 7], [24, 9, 1, 10], [11, 15, 12, 14], [13, 18, 14, 19], [2, 16, 3, 15], [22, 17, 23, 18], [19, 12, 20, 13], [4, 21, 5, 22]]"
12n_0271_114,"[[4, 21, 5, 22], [6, 24, 7, 23], [8, 1, 9, 2], [20, 3, 21, 4], [16, 6, 17, 5], [10, 8, 11, 7], [24, 9, 1, 10], [11, 15, 12, 14], [13, 18, 14, 19], [2, 16, 3, 15], [22, 17, 23, 18], [19, 12, 20, 13]]"
12n_0271_115,"[[19, 12, 20, 13], [4, 21, 5, 22], [6, 24, 7, 23], [8, 1, 9, 2], [20, 3, 21, 4], [16, 6, 17, 5], [10, 8, 11, 7], [24, 9, 1, 10], [11, 15, 12, 14], [13, 18, 14, 19], [2, 16, 3, 15], [22, 17, 23, 18]]"
12n_0271_116,"[[22, 17, 23, 18], [19, 12, 20, 13], [4, 21, 5, 22], [6, 24, 7, 23], [8, 1, 9, 2], [20, 3, 21, 4], [16, 6, 17, 5], [10, 8, 11, 7], [24, 9, 1, 10], [11, 15, 12, 14], [13, 18, 14, 19], [2, 16, 3, 15]]"
12n_0271_117,"[[2, 16, 3, 15], [22, 17, 23, 18], [19, 12, 20, 13], [4, 21, 5, 22], [6, 24, 7, 23], [8, 1, 9, 2], [20, 3, 21, 4], [16, 6, 17, 5], [10, 8, 11, 7], [24, 9, 1, 10], [11, 15, 12, 14], [13, 18, 14, 19]]"
12n_0271_118,"[[13, 18, 14, 19], [2, 16, 3, 15], [22, 17, 23, 18], [19, 12, 20, 13], [4, 21, 5, 22], [6, 24, 7, 23], [8, 1, 9, 2], [20, 3, 21, 4], [16, 6, 17, 5], [10, 8, 11, 7], [24, 9, 1, 10], [11, 15, 12, 14]]"
12n_0271_119,"[[11, 15, 12, 14], [13, 18, 14, 19], [2, 16, 3, 15], [22, 17, 23, 18], [19, 12, 20, 13], [4, 21, 5, 22], [6, 24, 7, 23], [8, 1, 9, 2], [20, 3, 21, 4], [16, 6, 17, 5], [10, 8, 11, 7], [24, 9, 1, 10]]"
12n_0271_120,"[[1, 10, 2, 11], [12, 16, 13, 15], [14, 19, 15, 20], [3, 17, 4, 16], [23, 18, 24, 19], [20, 13, 21, 14], [5, 22, 6, 23], [7, 1, 8, 24], [9, 2, 10, 3], [21, 4, 22, 5], [17, 7, 18, 6], [11, 9, 12, 8]]"
12n_0271_121,"[[11, 9, 12, 8], [1, 10, 2, 11], [12, 16, 13, 15], [14, 19, 15, 20], [3, 17, 4, 16], [23, 18, 24, 19], [20, 13, 21, 14], [5, 22, 6, 23], [7, 1, 8, 24], [9, 2, 10, 3], [21, 4, 22, 5], [17, 7, 18, 6]]"
12n_0271_122,"[[17, 7, 18, 6], [11, 9, 12, 8], [1, 10, 2, 11], [12, 16, 13, 15], [14, 19, 15, 20], [3, 17, 4, 16], [23, 18, 24, 19], [20, 13, 21, 14], [5, 22, 6, 23], [7, 1, 8, 24], [9, 2, 10, 3], [21, 4, 22, 5]]"
12n_0271_123,"[[21, 4, 22, 5], [17, 7, 18, 6], [11, 9, 12, 8], [1, 10, 2, 11], [12, 16, 13, 15], [14, 19, 15, 20], [3, 17, 4, 16], [23, 18, 24, 19], [20, 13, 21, 14], [5, 22, 6, 23], [7, 1, 8, 24], [9, 2, 10, 3]]"
12n_0271_124,"[[9, 2, 10, 3], [21, 4, 22, 5], [17, 7, 18, 6], [11, 9, 12, 8], [1, 10, 2, 11], [12, 16, 13, 15], [14, 19, 15, 20], [3, 17, 4, 16], [23, 18, 24, 19], [20, 13, 21, 14], [5, 22, 6, 23], [7, 1, 8, 24]]"
12n_0271_125,"[[7, 1, 8, 24], [9, 2, 10, 3], [21, 4, 22, 5], [17, 7, 18, 6], [11, 9, 12, 8], [1, 10, 2, 11], [12, 16, 13, 15], [14, 19, 15, 20], [3, 17, 4, 16], [23, 18, 24, 19], [20, 13, 21, 14], [5, 22, 6, 23]]"
12n_0271_126,"[[5, 22, 6, 23], [7, 1, 8, 24], [9, 2, 10, 3], [21, 4, 22, 5], [17, 7, 18, 6], [11, 9, 12, 8], [1, 10, 2, 11], [12, 16, 13, 15], [14, 19, 15, 20], [3, 17, 4, 16], [23, 18, 24, 19], [20, 13, 21, 14]]"
12n_0271_127,"[[20, 13, 21, 14], [5, 22, 6, 23], [7, 1, 8, 24], [9, 2, 10, 3], [21, 4, 22, 5], [17, 7, 18, 6], [11, 9, 12, 8], [1, 10, 2, 11], [12, 16, 13, 15], [14, 19, 15, 20], [3, 17, 4, 16], [23, 18, 24, 19]]"
12n_0271_128,"[[23, 18, 24, 19], [20, 13, 21, 14], [5, 22, 6, 23], [7, 1, 8, 24], [9, 2, 10, 3], [21, 4, 22, 5], [17, 7, 18, 6], [11, 9, 12, 8], [1, 10, 2, 11], [12, 16, 13, 15], [14, 19, 15, 20], [3, 17, 4, 16]]"
12n_0271_129,"[[3, 17, 4, 16], [23, 18, 24, 19], [20, 13, 21, 14], [5, 22, 6, 23], [7, 1, 8, 24], [9, 2, 10, 3], [21, 4, 22, 5], [17, 7, 18, 6], [11, 9, 12, 8], [1, 10, 2, 11], [12, 16, 13, 15], [14, 19, 15, 20]]"
12n_0271_130,"[[14, 19, 15, 20], [3, 17, 4, 16], [23, 18, 24, 19], [20, 13, 21, 14], [5, 22, 6, 23], [7, 1, 8, 24], [9, 2, 10, 3], [21, 4, 22, 5], [17, 7, 18, 6], [11, 9, 12, 8], [1, 10, 2, 11], [12, 16, 13, 15]]"
12n_0271_131,"[[12, 16, 13, 15], [14, 19, 15, 20], [3, 17, 4, 16], [23, 18, 24, 19], [20, 13, 21, 14], [5, 22, 6, 23], [7, 1, 8, 24], [9, 2, 10, 3], [21, 4, 22, 5], [17, 7, 18, 6], [11, 9, 12, 8], [1, 10, 2, 11]]"
12n_0271_132,"[[2, 11, 3, 12], [13, 17, 14, 16], [15, 20, 16, 21], [4, 18, 5, 17], [24, 19, 1, 20], [21, 14, 22, 15], [6, 23, 7, 24], [8, 2, 9, 1], [10, 3, 11, 4], [22, 5, 23, 6], [18, 8, 19, 7], [12, 10, 13, 9]]"
12n_0271_133,"[[12, 10, 13, 9], [2, 11, 3, 12], [13, 17, 14, 16], [15, 20, 16, 21], [4, 18, 5, 17], [24, 19, 1, 20], [21, 14, 22, 15], [6, 23, 7, 24], [8, 2, 9, 1], [10, 3, 11, 4], [22, 5, 23, 6], [18, 8, 19, 7]]"
12n_0271_134,"[[18, 8, 19, 7], [12, 10, 13, 9], [2, 11, 3, 12], [13, 17, 14, 16], [15, 20, 16, 21], [4, 18, 5, 17], [24, 19, 1, 20], [21, 14, 22, 15], [6, 23, 7, 24], [8, 2, 9, 1], [10, 3, 11, 4], [22, 5, 23, 6]]"
12n_0271_135,"[[22, 5, 23, 6], [18, 8, 19, 7], [12, 10, 13, 9], [2, 11, 3, 12], [13, 17, 14, 16], [15, 20, 16, 21], [4, 18, 5, 17], [24, 19, 1, 20], [21, 14, 22, 15], [6, 23, 7, 24], [8, 2, 9, 1], [10, 3, 11, 4]]"
12n_0271_136,"[[10, 3, 11, 4], [22, 5, 23, 6], [18, 8, 19, 7], [12, 10, 13, 9], [2, 11, 3, 12], [13, 17, 14, 16], [15, 20, 16, 21], [4, 18, 5, 17], [24, 19, 1, 20], [21, 14, 22, 15], [6, 23, 7, 24], [8, 2, 9, 1]]"
12n_0271_137,"[[8, 2, 9, 1], [10, 3, 11, 4], [22, 5, 23, 6], [18, 8, 19, 7], [12, 10, 13, 9], [2, 11, 3, 12], [13, 17, 14, 16], [15, 20, 16, 21], [4, 18, 5, 17], [24, 19, 1, 20], [21, 14, 22, 15], [6, 23, 7, 24]]"
12n_0271_138,"[[6, 23, 7, 24], [8, 2, 9, 1], [10, 3, 11, 4], [22, 5, 23, 6], [18, 8, 19, 7], [12, 10, 13, 9], [2, 11, 3, 12], [13, 17, 14, 16], [15, 20, 16, 21], [4, 18, 5, 17], [24, 19, 1, 20], [21, 14, 22, 15]]"
12n_0271_139,"[[21, 14, 22, 15], [6, 23, 7, 24], [8, 2, 9, 1], [10, 3, 11, 4], [22, 5, 23, 6], [18, 8, 19, 7], [12, 10, 13, 9], [2, 11, 3, 12], [13, 17, 14, 16], [15, 20, 16, 21], [4, 18, 5, 17], [24, 19, 1, 20]]"
12n_0271_140,"[[24, 19, 1, 20], [21, 14, 22, 15], [6, 23, 7, 24], [8, 2, 9, 1], [10, 3, 11, 4], [22, 5, 23, 6], [18, 8, 19, 7], [12, 10, 13, 9], [2, 11, 3, 12], [13, 17, 14, 16], [15, 20, 16, 21], [4, 18, 5, 17]]"
12n_0271_141,"[[4, 18, 5, 17], [24, 19, 1, 20], [21, 14, 22, 15], [6, 23, 7, 24], [8, 2, 9, 1], [10, 3, 11, 4], [22, 5, 23, 6], [18, 8, 19, 7], [12, 10, 13, 9], [2, 11, 3, 12], [13, 17, 14, 16], [15, 20, 16, 21]]"
12n_0271_142,"[[15, 20, 16, 21], [4, 18, 5, 17], [24, 19, 1, 20], [21, 14, 22, 15], [6, 23, 7, 24], [8, 2, 9, 1], [10, 3, 11, 4], [22, 5, 23, 6], [18, 8, 19, 7], [12, 10, 13, 9], [2, 11, 3, 12], [13, 17, 14, 16]]"
12n_0271_143,"[[13, 17, 14, 16], [15, 20, 16, 21], [4, 18, 5, 17], [24, 19, 1, 20], [21, 14, 22, 15], [6, 23, 7, 24], [8, 2, 9, 1], [10, 3, 11, 4], [22, 5, 23, 6], [18, 8, 19, 7], [12, 10, 13, 9], [2, 11, 3, 12]]"
12n_0271_144,"[[3, 12, 4, 13], [14, 18, 15, 17], [16, 21, 17, 22], [5, 19, 6, 18], [1, 20, 2, 21], [22, 15, 23, 16], [7, 24, 8, 1], [9, 3, 10, 2], [11, 4, 12, 5], [23, 6, 24, 7], [19, 9, 20, 8], [13, 11, 14, 10]]"
12n_0271_145,"[[13, 11, 14, 10], [3, 12, 4, 13], [14, 18, 15, 17], [16, 21, 17, 22], [5, 19, 6, 18], [1, 20, 2, 21], [22, 15, 23, 16], [7, 24, 8, 1], [9, 3, 10, 2], [11, 4, 12, 5], [23, 6, 24, 7], [19, 9, 20, 8]]"
12n_0271_146,"[[19, 9, 20, 8], [13, 11, 14, 10], [3, 12, 4, 13], [14, 18, 15, 17], [16, 21, 17, 22], [5, 19, 6, 18], [1, 20, 2, 21], [22, 15, 23, 16], [7, 24, 8, 1], [9, 3, 10, 2], [11, 4, 12, 5], [23, 6, 24, 7]]"
12n_0271_147,"[[23, 6, 24, 7], [19, 9, 20, 8], [13, 11, 14, 10], [3, 12, 4, 13], [14, 18, 15, 17], [16, 21, 17, 22], [5, 19, 6, 18], [1, 20, 2, 21], [22, 15, 23, 16], [7, 24, 8, 1], [9, 3, 10, 2], [11, 4, 12, 5]]"
12n_0271_148,"[[11, 4, 12, 5], [23, 6, 24, 7], [19, 9, 20, 8], [13, 11, 14, 10], [3, 12, 4, 13], [14, 18, 15, 17], [16, 21, 17, 22], [5, 19, 6, 18], [1, 20, 2, 21], [22, 15, 23, 16], [7, 24, 8, 1], [9, 3, 10, 2]]"
12n_0271_149,"[[9, 3, 10, 2], [11, 4, 12, 5], [23, 6, 24, 7], [19, 9, 20, 8], [13, 11, 14, 10], [3, 12, 4, 13], [14, 18, 15, 17], [16, 21, 17, 22], [5, 19, 6, 18], [1, 20, 2, 21], [22, 15, 23, 16], [7, 24, 8, 1]]"
12n_0271_150,"[[7, 24, 8, 1], [9, 3, 10, 2], [11, 4, 12, 5], [23, 6, 24, 7], [19, 9, 20, 8], [13, 11, 14, 10], [3, 12, 4, 13], [14, 18, 15, 17], [16, 21, 17, 22], [5, 19, 6, 18], [1, 20, 2, 21], [22, 15, 23, 16]]"
12n_0271_151,"[[22, 15, 23, 16], [7, 24, 8, 1], [9, 3, 10, 2], [11, 4, 12, 5], [23, 6, 24, 7], [19, 9, 20, 8], [13, 11, 14, 10], [3, 12, 4, 13], [14, 18, 15, 17], [16, 21, 17, 22], [5, 19, 6, 18], [1, 20, 2, 21]]"
12n_0271_152,"[[1, 20, 2, 21], [22, 15, 23, 16], [7, 24, 8, 1], [9, 3, 10, 2], [11, 4, 12, 5], [23, 6, 24, 7], [19, 9, 20, 8], [13, 11, 14, 10], [3, 12, 4, 13], [14, 18, 15, 17], [16, 21, 17, 22], [5, 19, 6, 18]]"
12n_0271_153,"[[5, 19, 6, 18], [1, 20, 2, 21], [22, 15, 23, 16], [7, 24, 8, 1], [9, 3, 10, 2], [11, 4, 12, 5], [23, 6, 24, 7], [19, 9, 20, 8], [13, 11, 14, 10], [3, 12, 4, 13], [14, 18, 15, 17], [16, 21, 17, 22]]"
12n_0271_154,"[[16, 21, 17, 22], [5, 19, 6, 18], [1, 20, 2, 21], [22, 15, 23, 16], [7, 24, 8, 1], [9, 3, 10, 2], [11, 4, 12, 5], [23, 6, 24, 7], [19, 9, 20, 8], [13, 11, 14, 10], [3, 12, 4, 13], [14, 18, 15, 17]]"
12n_0271_155,"[[14, 18, 15, 17], [16, 21, 17, 22], [5, 19, 6, 18], [1, 20, 2, 21], [22, 15, 23, 16], [7, 24, 8, 1], [9, 3, 10, 2], [11, 4, 12, 5], [23, 6, 24, 7], [19, 9, 20, 8], [13, 11, 14, 10], [3, 12, 4, 13]]"
12n_0271_156,"[[4, 13, 5, 14], [15, 19, 16, 18], [17, 22, 18, 23], [6, 20, 7, 19], [2, 21, 3, 22], [23, 16, 24, 17], [8, 1, 9, 2], [10, 4, 11, 3], [12, 5, 13, 6], [24, 7, 1, 8], [20, 10, 21, 9], [14, 12, 15, 11]]"
12n_0271_157,"[[14, 12, 15, 11], [4, 13, 5, 14], [15, 19, 16, 18], [17, 22, 18, 23], [6, 20, 7, 19], [2, 21, 3, 22], [23, 16, 24, 17], [8, 1, 9, 2], [10, 4, 11, 3], [12, 5, 13, 6], [24, 7, 1, 8], [20, 10, 21, 9]]"
12n_0271_158,"[[20, 10, 21, 9], [14, 12, 15, 11], [4, 13, 5, 14], [15, 19, 16, 18], [17, 22, 18, 23], [6, 20, 7, 19], [2, 21, 3, 22], [23, 16, 24, 17], [8, 1, 9, 2], [10, 4, 11, 3], [12, 5, 13, 6], [24, 7, 1, 8]]"
12n_0271_159,"[[24, 7, 1, 8], [20, 10, 21, 9], [14, 12, 15, 11], [4, 13, 5, 14], [15, 19, 16, 18], [17, 22, 18, 23], [6, 20, 7, 19], [2, 21, 3, 22], [23, 16, 24, 17], [8, 1, 9, 2], [10, 4, 11, 3], [12, 5, 13, 6]]"
12n_0271_160,"[[12, 5, 13, 6], [24, 7, 1, 8], [20, 10, 21, 9], [14, 12, 15, 11], [4, 13, 5, 14], [15, 19, 16, 18], [17, 22, 18, 23], [6, 20, 7, 19], [2, 21, 3, 22], [23, 16, 24, 17], [8, 1, 9, 2], [10, 4, 11, 3]]"
12n_0271_161,"[[10, 4, 11, 3], [12, 5, 13, 6], [24, 7, 1, 8], [20, 10, 21, 9], [14, 12, 15, 11], [4, 13, 5, 14], [15, 19, 16, 18], [17, 22, 18, 23], [6, 20, 7, 19], [2, 21, 3, 22], [23, 16, 24, 17], [8, 1, 9, 2]]"
12n_0271_162,"[[8, 1, 9, 2], [10, 4, 11, 3], [12, 5, 13, 6], [24, 7, 1, 8], [20, 10, 21, 9], [14, 12, 15, 11], [4, 13, 5, 14], [15, 19, 16, 18], [17, 22, 18, 23], [6, 20, 7, 19], [2, 21, 3, 22], [23, 16, 24, 17]]"
12n_0271_163,"[[23, 16, 24, 17], [8, 1, 9, 2], [10, 4, 11, 3], [12, 5, 13, 6], [24, 7, 1, 8], [20, 10, 21, 9], [14, 12, 15, 11], [4, 13, 5, 14], [15, 19, 16, 18], [17, 22, 18, 23], [6, 20, 7, 19], [2, 21, 3, 22]]"
12n_0271_164,"[[2, 21, 3, 22], [23, 16, 24, 17], [8, 1, 9, 2], [10, 4, 11, 3], [12, 5, 13, 6], [24, 7, 1, 8], [20, 10, 21, 9], [14, 12, 15, 11], [4, 13, 5, 14], [15, 19, 16, 18], [17, 22, 18, 23], [6, 20, 7, 19]]"
12n_0271_165,"[[6, 20, 7, 19], [2, 21, 3, 22], [23, 16, 24, 17], [8, 1, 9, 2], [10, 4, 11, 3], [12, 5, 13, 6], [24, 7, 1, 8], [20, 10, 21, 9], [14, 12, 15, 11], [4, 13, 5, 14], [15, 19, 16, 18], [17, 22, 18, 23]]"
12n_0271_166,"[[17, 22, 18, 23], [6, 20, 7, 19], [2, 21, 3, 22], [23, 16, 24, 17], [8, 1, 9, 2], [10, 4, 11, 3], [12, 5, 13, 6], [24, 7, 1, 8], [20, 10, 21, 9], [14, 12, 15, 11], [4, 13, 5, 14], [15, 19, 16, 18]]"
12n_0271_167,"[[15, 19, 16, 18], [17, 22, 18, 23], [6, 20, 7, 19], [2, 21, 3, 22], [23, 16, 24, 17], [8, 1, 9, 2], [10, 4, 11, 3], [12, 5, 13, 6], [24, 7, 1, 8], [20, 10, 21, 9], [14, 12, 15, 11], [4, 13, 5, 14]]"
12n_0271_168,"[[5, 14, 6, 15], [16, 20, 17, 19], [18, 23, 19, 24], [7, 21, 8, 20], [3, 22, 4, 23], [24, 17, 1, 18], [9, 2, 10, 3], [11, 5, 12, 4], [13, 6, 14, 7], [1, 8, 2, 9], [21, 11, 22, 10], [15, 13, 16, 12]]"
12n_0271_169,"[[15, 13, 16, 12], [5, 14, 6, 15], [16, 20, 17, 19], [18, 23, 19, 24], [7, 21, 8, 20], [3, 22, 4, 23], [24, 17, 1, 18], [9, 2, 10, 3], [11, 5, 12, 4], [13, 6, 14, 7], [1, 8, 2, 9], [21, 11, 22, 10]]"
12n_0271_170,"[[21, 11, 22, 10], [15, 13, 16, 12], [5, 14, 6, 15], [16, 20, 17, 19], [18, 23, 19, 24], [7, 21, 8, 20], [3, 22, 4, 23], [24, 17, 1, 18], [9, 2, 10, 3], [11, 5, 12, 4], [13, 6, 14, 7], [1, 8, 2, 9]]"
12n_0271_171,"[[1, 8, 2, 9], [21, 11, 22, 10], [15, 13, 16, 12], [5, 14, 6, 15], [16, 20, 17, 19], [18, 23, 19, 24], [7, 21, 8, 20], [3, 22, 4, 23], [24, 17, 1, 18], [9, 2, 10, 3], [11, 5, 12, 4], [13, 6, 14, 7]]"
12n_0271_172,"[[13, 6, 14, 7], [1, 8, 2, 9], [21, 11, 22, 10], [15, 13, 16, 12], [5, 14, 6, 15], [16, 20, 17, 19], [18, 23, 19, 24], [7, 21, 8, 20], [3, 22, 4, 23], [24, 17, 1, 18], [9, 2, 10, 3], [11, 5, 12, 4]]"
12n_0271_173,"[[11, 5, 12, 4], [13, 6, 14, 7], [1, 8, 2, 9], [21, 11, 22, 10], [15, 13, 16, 12], [5, 14, 6, 15], [16, 20, 17, 19], [18, 23, 19, 24], [7, 21, 8, 20], [3, 22, 4, 23], [24, 17, 1, 18], [9, 2, 10, 3]]"
12n_0271_174,"[[9, 2, 10, 3], [11, 5, 12, 4], [13, 6, 14, 7], [1, 8, 2, 9], [21, 11, 22, 10], [15, 13, 16, 12], [5, 14, 6, 15], [16, 20, 17, 19], [18, 23, 19, 24], [7, 21, 8, 20], [3, 22, 4, 23], [24, 17, 1, 18]]"
12n_0271_175,"[[24, 17, 1, 18], [9, 2, 10, 3], [11, 5, 12, 4], [13, 6, 14, 7], [1, 8, 2, 9], [21, 11, 22, 10], [15, 13, 16, 12], [5, 14, 6, 15], [16, 20, 17, 19], [18, 23, 19, 24], [7, 21, 8, 20], [3, 22, 4, 23]]"
12n_0271_176,"[[3, 22, 4, 23], [24, 17, 1, 18], [9, 2, 10, 3], [11, 5, 12, 4], [13, 6, 14, 7], [1, 8, 2, 9], [21, 11, 22, 10], [15, 13, 16, 12], [5, 14, 6, 15], [16, 20, 17, 19], [18, 23, 19, 24], [7, 21, 8, 20]]"
12n_0271_177,"[[7, 21, 8, 20], [3, 22, 4, 23], [24, 17, 1, 18], [9, 2, 10, 3], [11, 5, 12, 4], [13, 6, 14, 7], [1, 8, 2, 9], [21, 11, 22, 10], [15, 13, 16, 12], [5, 14, 6, 15], [16, 20, 17, 19], [18, 23, 19, 24]]"
12n_0271_178,"[[18, 23, 19, 24], [7, 21, 8, 20], [3, 22, 4, 23], [24, 17, 1, 18], [9, 2, 10, 3], [11, 5, 12, 4], [13, 6, 14, 7], [1, 8, 2, 9], [21, 11, 22, 10], [15, 13, 16, 12], [5, 14, 6, 15], [16, 20, 17, 19]]"
12n_0271_179,"[[16, 20, 17, 19], [18, 23, 19, 24], [7, 21, 8, 20], [3, 22, 4, 23], [24, 17, 1, 18], [9, 2, 10, 3], [11, 5, 12, 4], [13, 6, 14, 7], [1, 8, 2, 9], [21, 11, 22, 10], [15, 13, 16, 12], [5, 14, 6, 15]]"
12n_0271_180,"[[6, 15, 7, 16], [17, 21, 18, 20], [19, 24, 20, 1], [8, 22, 9, 21], [4, 23, 5, 24], [1, 18, 2, 19], [10, 3, 11, 4], [12, 6, 13, 5], [14, 7, 15, 8], [2, 9, 3, 10], [22, 12, 23, 11], [16, 14, 17, 13]]"
12n_0271_181,"[[16, 14, 17, 13], [6, 15, 7, 16], [17, 21, 18, 20], [19, 24, 20, 1], [8, 22, 9, 21], [4, 23, 5, 24], [1, 18, 2, 19], [10, 3, 11, 4], [12, 6, 13, 5], [14, 7, 15, 8], [2, 9, 3, 10], [22, 12, 23, 11]]"
12n_0271_182,"[[22, 12, 23, 11], [16, 14, 17, 13], [6, 15, 7, 16], [17, 21, 18, 20], [19, 24, 20, 1], [8, 22, 9, 21], [4, 23, 5, 24], [1, 18, 2, 19], [10, 3, 11, 4], [12, 6, 13, 5], [14, 7, 15, 8], [2, 9, 3, 10]]"
12n_0271_183,"[[2, 9, 3, 10], [22, 12, 23, 11], [16, 14, 17, 13], [6, 15, 7, 16], [17, 21, 18, 20], [19, 24, 20, 1], [8, 22, 9, 21], [4, 23, 5, 24], [1, 18, 2, 19], [10, 3, 11, 4], [12, 6, 13, 5], [14, 7, 15, 8]]"
12n_0271_184,"[[14, 7, 15, 8], [2, 9, 3, 10], [22, 12, 23, 11], [16, 14, 17, 13], [6, 15, 7, 16], [17, 21, 18, 20], [19, 24, 20, 1], [8, 22, 9, 21], [4, 23, 5, 24], [1, 18, 2, 19], [10, 3, 11, 4], [12, 6, 13, 5]]"
12n_0271_185,"[[12, 6, 13, 5], [14, 7, 15, 8], [2, 9, 3, 10], [22, 12, 23, 11], [16, 14, 17, 13], [6, 15, 7, 16], [17, 21, 18, 20], [19, 24, 20, 1], [8, 22, 9, 21], [4, 23, 5, 24], [1, 18, 2, 19], [10, 3, 11, 4]]"
