name,pd_notation
12n_0132_0,"[[19, 24, 20, 1], [2, 6, 3, 5], [4, 10, 5, 9], [6, 14, 7, 13], [8, 4, 9, 3], [23, 11, 24, 10], [12, 8, 13, 7], [17, 14, 18, 15], [21, 16, 22, 17], [1, 18, 2, 19], [15, 20, 16, 21], [11, 23, 12, 22]]"
12n_0132_1,"[[11, 23, 12, 22], [19, 24, 20, 1], [2, 6, 3, 5], [4, 10, 5, 9], [6, 14, 7, 13], [8, 4, 9, 3], [23, 11, 24, 10], [12, 8, 13, 7], [17, 14, 18, 15], [21, 16, 22, 17], [1, 18, 2, 19], [15, 20, 16, 21]]"
12n_0132_2,"[[15, 20, 16, 21], [11, 23, 12, 22], [19, 24, 20, 1], [2, 6, 3, 5], [4, 10, 5, 9], [6, 14, 7, 13], [8, 4, 9, 3], [23, 11, 24, 10], [12, 8, 13, 7], [17, 14, 18, 15], [21, 16, 22, 17], [1, 18, 2, 19]]"
12n_0132_3,"[[1, 18, 2, 19], [15, 20, 16, 21], [11, 23, 12, 22], [19, 24, 20, 1], [2, 6, 3, 5], [4, 10, 5, 9], [6, 14, 7, 13], [8, 4, 9, 3], [23, 11, 24, 10], [12, 8, 13, 7], [17, 14, 18, 15], [21, 16, 22, 17]]"
12n_0132_4,"[[21, 16, 22, 17], [1, 18, 2, 19], [15, 20, 16, 21], [11, 23, 12, 22], [19, 24, 20, 1], [2, 6, 3, 5], [4, 10, 5, 9], [6, 14, 7, 13], [8, 4, 9, 3], [23, 11, 24, 10], [12, 8, 13, 7], [17, 14, 18, 15]]"
12n_0132_5,"[[17, 14, 18, 15], [21, 16, 22, 17], [1, 18, 2, 19], [15, 20, 16, 21], [11, 23, 12, 22], [19, 24, 20, 1], [2, 6, 3, 5], [4, 10, 5, 9], [6, 14, 7, 13], [8, 4, 9, 3], [23, 11, 24, 10], [12, 8, 13, 7]]"
12n_0132_6,"[[12, 8, 13, 7], [17, 14, 18, 15], [21, 16, 22, 17], [1, 18, 2, 19], [15, 20, 16, 21], [11, 23, 12, 22], [19, 24, 20, 1], [2, 6, 3, 5], [4, 10, 5, 9], [6, 14, 7, 13], [8, 4, 9, 3], [23, 11, 24, 10]]"
12n_0132_7,"[[23, 11, 24, 10], [12, 8, 13, 7], [17, 14, 18, 15], [21, 16, 22, 17], [1, 18, 2, 19], [15, 20, 16, 21], [11, 23, 12, 22], [19, 24, 20, 1], [2, 6, 3, 5], [4, 10, 5, 9], [6, 14, 7, 13], [8, 4, 9, 3]]"
12n_0132_8,"[[8, 4, 9, 3], [23, 11, 24, 10], [12, 8, 13, 7], [17, 14, 18, 15], [21, 16, 22, 17], [1, 18, 2, 19], [15, 20, 16, 21], [11, 23, 12, 22], [19, 24, 20, 1], [2, 6, 3, 5], [4, 10, 5, 9], [6, 14, 7, 13]]"
12n_0132_9,"[[6, 14, 7, 13], [8, 4, 9, 3], [23, 11, 24, 10], [12, 8, 13, 7], [17, 14, 18, 15], [21, 16, 22, 17], [1, 18, 2, 19], [15, 20, 16, 21], [11, 23, 12, 22], [19, 24, 20, 1], [2, 6, 3, 5], [4, 10, 5, 9]]"
12n_0132_10,"[[4, 10, 5, 9], [6, 14, 7, 13], [8, 4, 9, 3], [23, 11, 24, 10], [12, 8, 13, 7], [17, 14, 18, 15], [21, 16, 22, 17], [1, 18, 2, 19], [15, 20, 16, 21], [11, 23, 12, 22], [19, 24, 20, 1], [2, 6, 3, 5]]"
12n_0132_11,"[[2, 6, 3, 5], [4, 10, 5, 9], [6, 14, 7, 13], [8, 4, 9, 3], [23, 11, 24, 10], [12, 8, 13, 7], [17, 14, 18, 15], [21, 16, 22, 17], [1, 18, 2, 19], [15, 20, 16, 21], [11, 23, 12, 22], [19, 24, 20, 1]]"
12n_0132_12,"[[20, 1, 21, 2], [3, 7, 4, 6], [5, 11, 6, 10], [7, 15, 8, 14], [9, 5, 10, 4], [24, 12, 1, 11], [13, 9, 14, 8], [18, 15, 19, 16], [22, 17, 23, 18], [2, 19, 3, 20], [16, 21, 17, 22], [12, 24, 13, 23]]"
12n_0132_13,"[[12, 24, 13, 23], [20, 1, 21, 2], [3, 7, 4, 6], [5, 11, 6, 10], [7, 15, 8, 14], [9, 5, 10, 4], [24, 12, 1, 11], [13, 9, 14, 8], [18, 15, 19, 16], [22, 17, 23, 18], [2, 19, 3, 20], [16, 21, 17, 22]]"
12n_0132_14,"[[16, 21, 17, 22], [12, 24, 13, 23], [20, 1, 21, 2], [3, 7, 4, 6], [5, 11, 6, 10], [7, 15, 8, 14], [9, 5, 10, 4], [24, 12, 1, 11], [13, 9, 14, 8], [18, 15, 19, 16], [22, 17, 23, 18], [2, 19, 3, 20]]"
12n_0132_15,"[[2, 19, 3, 20], [16, 21, 17, 22], [12, 24, 13, 23], [20, 1, 21, 2], [3, 7, 4, 6], [5, 11, 6, 10], [7, 15, 8, 14], [9, 5, 10, 4], [24, 12, 1, 11], [13, 9, 14, 8], [18, 15, 19, 16], [22, 17, 23, 18]]"
12n_0132_16,"[[22, 17, 23, 18], [2, 19, 3, 20], [16, 21, 17, 22], [12, 24, 13, 23], [20, 1, 21, 2], [3, 7, 4, 6], [5, 11, 6, 10], [7, 15, 8, 14], [9, 5, 10, 4], [24, 12, 1, 11], [13, 9, 14, 8], [18, 15, 19, 16]]"
12n_0132_17,"[[18, 15, 19, 16], [22, 17, 23, 18], [2, 19, 3, 20], [16, 21, 17, 22], [12, 24, 13, 23], [20, 1, 21, 2], [3, 7, 4, 6], [5, 11, 6, 10], [7, 15, 8, 14], [9, 5, 10, 4], [24, 12, 1, 11], [13, 9, 14, 8]]"
12n_0132_18,"[[13, 9, 14, 8], [18, 15, 19, 16], [22, 17, 23, 18], [2, 19, 3, 20], [16, 21, 17, 22], [12, 24, 13, 23], [20, 1, 21, 2], [3, 7, 4, 6], [5, 11, 6, 10], [7, 15, 8, 14], [9, 5, 10, 4], [24, 12, 1, 11]]"
12n_0132_19,"[[24, 12, 1, 11], [13, 9, 14, 8], [18, 15, 19, 16], [22, 17, 23, 18], [2, 19, 3, 20], [16, 21, 17, 22], [12, 24, 13, 23], [20, 1, 21, 2], [3, 7, 4, 6], [5, 11, 6, 10], [7, 15, 8, 14], [9, 5, 10, 4]]"
12n_0132_20,"[[9, 5, 10, 4], [24, 12, 1, 11], [13, 9, 14, 8], [18, 15, 19, 16], [22, 17, 23, 18], [2, 19, 3, 20], [16, 21, 17, 22], [12, 24, 13, 23], [20, 1, 21, 2], [3, 7, 4, 6], [5, 11, 6, 10], [7, 15, 8, 14]]"
12n_0132_21,"[[7, 15, 8, 14], [9, 5, 10, 4], [24, 12, 1, 11], [13, 9, 14, 8], [18, 15, 19, 16], [22, 17, 23, 18], [2, 19, 3, 20], [16, 21, 17, 22], [12, 24, 13, 23], [20, 1, 21, 2], [3, 7, 4, 6], [5, 11, 6, 10]]"
12n_0132_22,"[[5, 11, 6, 10], [7, 15, 8, 14], [9, 5, 10, 4], [24, 12, 1, 11], [13, 9, 14, 8], [18, 15, 19, 16], [22, 17, 23, 18], [2, 19, 3, 20], [16, 21, 17, 22], [12, 24, 13, 23], [20, 1, 21, 2], [3, 7, 4, 6]]"
12n_0132_23,"[[3, 7, 4, 6], [5, 11, 6, 10], [7, 15, 8, 14], [9, 5, 10, 4], [24, 12, 1, 11], [13, 9, 14, 8], [18, 15, 19, 16], [22, 17, 23, 18], [2, 19, 3, 20], [16, 21, 17, 22], [12, 24, 13, 23], [20, 1, 21, 2]]"
12n_0132_24,"[[21, 2, 22, 3], [4, 8, 5, 7], [6, 12, 7, 11], [8, 16, 9, 15], [10, 6, 11, 5], [1, 13, 2, 12], [14, 10, 15, 9], [19, 16, 20, 17], [23, 18, 24, 19], [3, 20, 4, 21], [17, 22, 18, 23], [13, 1, 14, 24]]"
12n_0132_25,"[[13, 1, 14, 24], [21, 2, 22, 3], [4, 8, 5, 7], [6, 12, 7, 11], [8, 16, 9, 15], [10, 6, 11, 5], [1, 13, 2, 12], [14, 10, 15, 9], [19, 16, 20, 17], [23, 18, 24, 19], [3, 20, 4, 21], [17, 22, 18, 23]]"
12n_0132_26,"[[17, 22, 18, 23], [13, 1, 14, 24], [21, 2, 22, 3], [4, 8, 5, 7], [6, 12, 7, 11], [8, 16, 9, 15], [10, 6, 11, 5], [1, 13, 2, 12], [14, 10, 15, 9], [19, 16, 20, 17], [23, 18, 24, 19], [3, 20, 4, 21]]"
12n_0132_27,"[[3, 20, 4, 21], [17, 22, 18, 23], [13, 1, 14, 24], [21, 2, 22, 3], [4, 8, 5, 7], [6, 12, 7, 11], [8, 16, 9, 15], [10, 6, 11, 5], [1, 13, 2, 12], [14, 10, 15, 9], [19, 16, 20, 17], [23, 18, 24, 19]]"
12n_0132_28,"[[23, 18, 24, 19], [3, 20, 4, 21], [17, 22, 18, 23], [13, 1, 14, 24], [21, 2, 22, 3], [4, 8, 5, 7], [6, 12, 7, 11], [8, 16, 9, 15], [10, 6, 11, 5], [1, 13, 2, 12], [14, 10, 15, 9], [19, 16, 20, 17]]"
12n_0132_29,"[[19, 16, 20, 17], [23, 18, 24, 19], [3, 20, 4, 21], [17, 22, 18, 23], [13, 1, 14, 24], [21, 2, 22, 3], [4, 8, 5, 7], [6, 12, 7, 11], [8, 16, 9, 15], [10, 6, 11, 5], [1, 13, 2, 12], [14, 10, 15, 9]]"
12n_0132_30,"[[14, 10, 15, 9], [19, 16, 20, 17], [23, 18, 24, 19], [3, 20, 4, 21], [17, 22, 18, 23], [13, 1, 14, 24], [21, 2, 22, 3], [4, 8, 5, 7], [6, 12, 7, 11], [8, 16, 9, 15], [10, 6, 11, 5], [1, 13, 2, 12]]"
12n_0132_31,"[[1, 13, 2, 12], [14, 10, 15, 9], [19, 16, 20, 17], [23, 18, 24, 19], [3, 20, 4, 21], [17, 22, 18, 23], [13, 1, 14, 24], [21, 2, 22, 3], [4, 8, 5, 7], [6, 12, 7, 11], [8, 16, 9, 15], [10, 6, 11, 5]]"
12n_0132_32,"[[10, 6, 11, 5], [1, 13, 2, 12], [14, 10, 15, 9], [19, 16, 20, 17], [23, 18, 24, 19], [3, 20, 4, 21], [17, 22, 18, 23], [13, 1, 14, 24], [21, 2, 22, 3], [4, 8, 5, 7], [6, 12, 7, 11], [8, 16, 9, 15]]"
12n_0132_33,"[[8, 16, 9, 15], [10, 6, 11, 5], [1, 13, 2, 12], [14, 10, 15, 9], [19, 16, 20, 17], [23, 18, 24, 19], [3, 20, 4, 21], [17, 22, 18, 23], [13, 1, 14, 24], [21, 2, 22, 3], [4, 8, 5, 7], [6, 12, 7, 11]]"
12n_0132_34,"[[6, 12, 7, 11], [8, 16, 9, 15], [10, 6, 11, 5], [1, 13, 2, 12], [14, 10, 15, 9], [19, 16, 20, 17], [23, 18, 24, 19], [3, 20, 4, 21], [17, 22, 18, 23], [13, 1, 14, 24], [21, 2, 22, 3], [4, 8, 5, 7]]"
12n_0132_35,"[[4, 8, 5, 7], [6, 12, 7, 11], [8, 16, 9, 15], [10, 6, 11, 5], [1, 13, 2, 12], [14, 10, 15, 9], [19, 16, 20, 17], [23, 18, 24, 19], [3, 20, 4, 21], [17, 22, 18, 23], [13, 1, 14, 24], [21, 2, 22, 3]]"
12n_0132_36,"[[22, 3, 23, 4], [5, 9, 6, 8], [7, 13, 8, 12], [9, 17, 10, 16], [11, 7, 12, 6], [2, 14, 3, 13], [15, 11, 16, 10], [20, 17, 21, 18], [24, 19, 1, 20], [4, 21, 5, 22], [18, 23, 19, 24], [14, 2, 15, 1]]"
12n_0132_37,"[[14, 2, 15, 1], [22, 3, 23, 4], [5, 9, 6, 8], [7, 13, 8, 12], [9, 17, 10, 16], [11, 7, 12, 6], [2, 14, 3, 13], [15, 11, 16, 10], [20, 17, 21, 18], [24, 19, 1, 20], [4, 21, 5, 22], [18, 23, 19, 24]]"
12n_0132_38,"[[18, 23, 19, 24], [14, 2, 15, 1], [22, 3, 23, 4], [5, 9, 6, 8], [7, 13, 8, 12], [9, 17, 10, 16], [11, 7, 12, 6], [2, 14, 3, 13], [15, 11, 16, 10], [20, 17, 21, 18], [24, 19, 1, 20], [4, 21, 5, 22]]"
12n_0132_39,"[[4, 21, 5, 22], [18, 23, 19, 24], [14, 2, 15, 1], [22, 3, 23, 4], [5, 9, 6, 8], [7, 13, 8, 12], [9, 17, 10, 16], [11, 7, 12, 6], [2, 14, 3, 13], [15, 11, 16, 10], [20, 17, 21, 18], [24, 19, 1, 20]]"
12n_0132_40,"[[24, 19, 1, 20], [4, 21, 5, 22], [18, 23, 19, 24], [14, 2, 15, 1], [22, 3, 23, 4], [5, 9, 6, 8], [7, 13, 8, 12], [9, 17, 10, 16], [11, 7, 12, 6], [2, 14, 3, 13], [15, 11, 16, 10], [20, 17, 21, 18]]"
12n_0132_41,"[[20, 17, 21, 18], [24, 19, 1, 20], [4, 21, 5, 22], [18, 23, 19, 24], [14, 2, 15, 1], [22, 3, 23, 4], [5, 9, 6, 8], [7, 13, 8, 12], [9, 17, 10, 16], [11, 7, 12, 6], [2, 14, 3, 13], [15, 11, 16, 10]]"
12n_0132_42,"[[15, 11, 16, 10], [20, 17, 21, 18], [24, 19, 1, 20], [4, 21, 5, 22], [18, 23, 19, 24], [14, 2, 15, 1], [22, 3, 23, 4], [5, 9, 6, 8], [7, 13, 8, 12], [9, 17, 10, 16], [11, 7, 12, 6], [2, 14, 3, 13]]"
12n_0132_43,"[[2, 14, 3, 13], [15, 11, 16, 10], [20, 17, 21, 18], [24, 19, 1, 20], [4, 21, 5, 22], [18, 23, 19, 24], [14, 2, 15, 1], [22, 3, 23, 4], [5, 9, 6, 8], [7, 13, 8, 12], [9, 17, 10, 16], [11, 7, 12, 6]]"
12n_0132_44,"[[11, 7, 12, 6], [2, 14, 3, 13], [15, 11, 16, 10], [20, 17, 21, 18], [24, 19, 1, 20], [4, 21, 5, 22], [18, 23, 19, 24], [14, 2, 15, 1], [22, 3, 23, 4], [5, 9, 6, 8], [7, 13, 8, 12], [9, 17, 10, 16]]"
12n_0132_45,"[[9, 17, 10, 16], [11, 7, 12, 6], [2, 14, 3, 13], [15, 11, 16, 10], [20, 17, 21, 18], [24, 19, 1, 20], [4, 21, 5, 22], [18, 23, 19, 24], [14, 2, 15, 1], [22, 3, 23, 4], [5, 9, 6, 8], [7, 13, 8, 12]]"
12n_0132_46,"[[7, 13, 8, 12], [9, 17, 10, 16], [11, 7, 12, 6], [2, 14, 3, 13], [15, 11, 16, 10], [20, 17, 21, 18], [24, 19, 1, 20], [4, 21, 5, 22], [18, 23, 19, 24], [14, 2, 15, 1], [22, 3, 23, 4], [5, 9, 6, 8]]"
12n_0132_47,"[[5, 9, 6, 8], [7, 13, 8, 12], [9, 17, 10, 16], [11, 7, 12, 6], [2, 14, 3, 13], [15, 11, 16, 10], [20, 17, 21, 18], [24, 19, 1, 20], [4, 21, 5, 22], [18, 23, 19, 24], [14, 2, 15, 1], [22, 3, 23, 4]]"
12n_0132_48,"[[23, 4, 24, 5], [6, 10, 7, 9], [8, 14, 9, 13], [10, 18, 11, 17], [12, 8, 13, 7], [3, 15, 4, 14], [16, 12, 17, 11], [21, 18, 22, 19], [1, 20, 2, 21], [5, 22, 6, 23], [19, 24, 20, 1], [15, 3, 16, 2]]"
12n_0132_49,"[[15, 3, 16, 2], [23, 4, 24, 5], [6, 10, 7, 9], [8, 14, 9, 13], [10, 18, 11, 17], [12, 8, 13, 7], [3, 15, 4, 14], [16, 12, 17, 11], [21, 18, 22, 19], [1, 20, 2, 21], [5, 22, 6, 23], [19, 24, 20, 1]]"
12n_0132_50,"[[19, 24, 20, 1], [15, 3, 16, 2], [23, 4, 24, 5], [6, 10, 7, 9], [8, 14, 9, 13], [10, 18, 11, 17], [12, 8, 13, 7], [3, 15, 4, 14], [16, 12, 17, 11], [21, 18, 22, 19], [1, 20, 2, 21], [5, 22, 6, 23]]"
12n_0132_51,"[[5, 22, 6, 23], [19, 24, 20, 1], [15, 3, 16, 2], [23, 4, 24, 5], [6, 10, 7, 9], [8, 14, 9, 13], [10, 18, 11, 17], [12, 8, 13, 7], [3, 15, 4, 14], [16, 12, 17, 11], [21, 18, 22, 19], [1, 20, 2, 21]]"
12n_0132_52,"[[1, 20, 2, 21], [5, 22, 6, 23], [19, 24, 20, 1], [15, 3, 16, 2], [23, 4, 24, 5], [6, 10, 7, 9], [8, 14, 9, 13], [10, 18, 11, 17], [12, 8, 13, 7], [3, 15, 4, 14], [16, 12, 17, 11], [21, 18, 22, 19]]"
12n_0132_53,"[[21, 18, 22, 19], [1, 20, 2, 21], [5, 22, 6, 23], [19, 24, 20, 1], [15, 3, 16, 2], [23, 4, 24, 5], [6, 10, 7, 9], [8, 14, 9, 13], [10, 18, 11, 17], [12, 8, 13, 7], [3, 15, 4, 14], [16, 12, 17, 11]]"
12n_0132_54,"[[16, 12, 17, 11], [21, 18, 22, 19], [1, 20, 2, 21], [5, 22, 6, 23], [19, 24, 20, 1], [15, 3, 16, 2], [23, 4, 24, 5], [6, 10, 7, 9], [8, 14, 9, 13], [10, 18, 11, 17], [12, 8, 13, 7], [3, 15, 4, 14]]"
12n_0132_55,"[[3, 15, 4, 14], [16, 12, 17, 11], [21, 18, 22, 19], [1, 20, 2, 21], [5, 22, 6, 23], [19, 24, 20, 1], [15, 3, 16, 2], [23, 4, 24, 5], [6, 10, 7, 9], [8, 14, 9, 13], [10, 18, 11, 17], [12, 8, 13, 7]]"
12n_0132_56,"[[12, 8, 13, 7], [3, 15, 4, 14], [16, 12, 17, 11], [21, 18, 22, 19], [1, 20, 2, 21], [5, 22, 6, 23], [19, 24, 20, 1], [15, 3, 16, 2], [23, 4, 24, 5], [6, 10, 7, 9], [8, 14, 9, 13], [10, 18, 11, 17]]"
12n_0132_57,"[[10, 18, 11, 17], [12, 8, 13, 7], [3, 15, 4, 14], [16, 12, 17, 11], [21, 18, 22, 19], [1, 20, 2, 21], [5, 22, 6, 23], [19, 24, 20, 1], [15, 3, 16, 2], [23, 4, 24, 5], [6, 10, 7, 9], [8, 14, 9, 13]]"
12n_0132_58,"[[8, 14, 9, 13], [10, 18, 11, 17], [12, 8, 13, 7], [3, 15, 4, 14], [16, 12, 17, 11], [21, 18, 22, 19], [1, 20, 2, 21], [5, 22, 6, 23], [19, 24, 20, 1], [15, 3, 16, 2], [23, 4, 24, 5], [6, 10, 7, 9]]"
12n_0132_59,"[[6, 10, 7, 9], [8, 14, 9, 13], [10, 18, 11, 17], [12, 8, 13, 7], [3, 15, 4, 14], [16, 12, 17, 11], [21, 18, 22, 19], [1, 20, 2, 21], [5, 22, 6, 23], [19, 24, 20, 1], [15, 3, 16, 2], [23, 4, 24, 5]]"
12n_0132_60,"[[24, 5, 1, 6], [7, 11, 8, 10], [9, 15, 10, 14], [11, 19, 12, 18], [13, 9, 14, 8], [4, 16, 5, 15], [17, 13, 18, 12], [22, 19, 23, 20], [2, 21, 3, 22], [6, 23, 7, 24], [20, 1, 21, 2], [16, 4, 17, 3]]"
12n_0132_61,"[[16, 4, 17, 3], [24, 5, 1, 6], [7, 11, 8, 10], [9, 15, 10, 14], [11, 19, 12, 18], [13, 9, 14, 8], [4, 16, 5, 15], [17, 13, 18, 12], [22, 19, 23, 20], [2, 21, 3, 22], [6, 23, 7, 24], [20, 1, 21, 2]]"
12n_0132_62,"[[20, 1, 21, 2], [16, 4, 17, 3], [24, 5, 1, 6], [7, 11, 8, 10], [9, 15, 10, 14], [11, 19, 12, 18], [13, 9, 14, 8], [4, 16, 5, 15], [17, 13, 18, 12], [22, 19, 23, 20], [2, 21, 3, 22], [6, 23, 7, 24]]"
12n_0132_63,"[[6, 23, 7, 24], [20, 1, 21, 2], [16, 4, 17, 3], [24, 5, 1, 6], [7, 11, 8, 10], [9, 15, 10, 14], [11, 19, 12, 18], [13, 9, 14, 8], [4, 16, 5, 15], [17, 13, 18, 12], [22, 19, 23, 20], [2, 21, 3, 22]]"
12n_0132_64,"[[2, 21, 3, 22], [6, 23, 7, 24], [20, 1, 21, 2], [16, 4, 17, 3], [24, 5, 1, 6], [7, 11, 8, 10], [9, 15, 10, 14], [11, 19, 12, 18], [13, 9, 14, 8], [4, 16, 5, 15], [17, 13, 18, 12], [22, 19, 23, 20]]"
12n_0132_65,"[[22, 19, 23, 20], [2, 21, 3, 22], [6, 23, 7, 24], [20, 1, 21, 2], [16, 4, 17, 3], [24, 5, 1, 6], [7, 11, 8, 10], [9, 15, 10, 14], [11, 19, 12, 18], [13, 9, 14, 8], [4, 16, 5, 15], [17, 13, 18, 12]]"
12n_0132_66,"[[17, 13, 18, 12], [22, 19, 23, 20], [2, 21, 3, 22], [6, 23, 7, 24], [20, 1, 21, 2], [16, 4, 17, 3], [24, 5, 1, 6], [7, 11, 8, 10], [9, 15, 10, 14], [11, 19, 12, 18], [13, 9, 14, 8], [4, 16, 5, 15]]"
12n_0132_67,"[[4, 16, 5, 15], [17, 13, 18, 12], [22, 19, 23, 20], [2, 21, 3, 22], [6, 23, 7, 24], [20, 1, 21, 2], [16, 4, 17, 3], [24, 5, 1, 6], [7, 11, 8, 10], [9, 15, 10, 14], [11, 19, 12, 18], [13, 9, 14, 8]]"
12n_0132_68,"[[13, 9, 14, 8], [4, 16, 5, 15], [17, 13, 18, 12], [22, 19, 23, 20], [2, 21, 3, 22], [6, 23, 7, 24], [20, 1, 21, 2], [16, 4, 17, 3], [24, 5, 1, 6], [7, 11, 8, 10], [9, 15, 10, 14], [11, 19, 12, 18]]"
12n_0132_69,"[[11, 19, 12, 18], [13, 9, 14, 8], [4, 16, 5, 15], [17, 13, 18, 12], [22, 19, 23, 20], [2, 21, 3, 22], [6, 23, 7, 24], [20, 1, 21, 2], [16, 4, 17, 3], [24, 5, 1, 6], [7, 11, 8, 10], [9, 15, 10, 14]]"
12n_0132_70,"[[9, 15, 10, 14], [11, 19, 12, 18], [13, 9, 14, 8], [4, 16, 5, 15], [17, 13, 18, 12], [22, 19, 23, 20], [2, 21, 3, 22], [6, 23, 7, 24], [20, 1, 21, 2], [16, 4, 17, 3], [24, 5, 1, 6], [7, 11, 8, 10]]"
12n_0132_71,"[[7, 11, 8, 10], [9, 15, 10, 14], [11, 19, 12, 18], [13, 9, 14, 8], [4, 16, 5, 15], [17, 13, 18, 12], [22, 19, 23, 20], [2, 21, 3, 22], [6, 23, 7, 24], [20, 1, 21, 2], [16, 4, 17, 3], [24, 5, 1, 6]]"
12n_0132_72,"[[1, 6, 2, 7], [8, 12, 9, 11], [10, 16, 11, 15], [12, 20, 13, 19], [14, 10, 15, 9], [5, 17, 6, 16], [18, 14, 19, 13], [23, 20, 24, 21], [3, 22, 4, 23], [7, 24, 8, 1], [21, 2, 22, 3], [17, 5, 18, 4]]"
12n_0132_73,"[[17, 5, 18, 4], [1, 6, 2, 7], [8, 12, 9, 11], [10, 16, 11, 15], [12, 20, 13, 19], [14, 10, 15, 9], [5, 17, 6, 16], [18, 14, 19, 13], [23, 20, 24, 21], [3, 22, 4, 23], [7, 24, 8, 1], [21, 2, 22, 3]]"
12n_0132_74,"[[21, 2, 22, 3], [17, 5, 18, 4], [1, 6, 2, 7], [8, 12, 9, 11], [10, 16, 11, 15], [12, 20, 13, 19], [14, 10, 15, 9], [5, 17, 6, 16], [18, 14, 19, 13], [23, 20, 24, 21], [3, 22, 4, 23], [7, 24, 8, 1]]"
12n_0132_75,"[[7, 24, 8, 1], [21, 2, 22, 3], [17, 5, 18, 4], [1, 6, 2, 7], [8, 12, 9, 11], [10, 16, 11, 15], [12, 20, 13, 19], [14, 10, 15, 9], [5, 17, 6, 16], [18, 14, 19, 13], [23, 20, 24, 21], [3, 22, 4, 23]]"
12n_0132_76,"[[3, 22, 4, 23], [7, 24, 8, 1], [21, 2, 22, 3], [17, 5, 18, 4], [1, 6, 2, 7], [8, 12, 9, 11], [10, 16, 11, 15], [12, 20, 13, 19], [14, 10, 15, 9], [5, 17, 6, 16], [18, 14, 19, 13], [23, 20, 24, 21]]"
12n_0132_77,"[[23, 20, 24, 21], [3, 22, 4, 23], [7, 24, 8, 1], [21, 2, 22, 3], [17, 5, 18, 4], [1, 6, 2, 7], [8, 12, 9, 11], [10, 16, 11, 15], [12, 20, 13, 19], [14, 10, 15, 9], [5, 17, 6, 16], [18, 14, 19, 13]]"
12n_0132_78,"[[18, 14, 19, 13], [23, 20, 24, 21], [3, 22, 4, 23], [7, 24, 8, 1], [21, 2, 22, 3], [17, 5, 18, 4], [1, 6, 2, 7], [8, 12, 9, 11], [10, 16, 11, 15], [12, 20, 13, 19], [14, 10, 15, 9], [5, 17, 6, 16]]"
12n_0132_79,"[[5, 17, 6, 16], [18, 14, 19, 13], [23, 20, 24, 21], [3, 22, 4, 23], [7, 24, 8, 1], [21, 2, 22, 3], [17, 5, 18, 4], [1, 6, 2, 7], [8, 12, 9, 11], [10, 16, 11, 15], [12, 20, 13, 19], [14, 10, 15, 9]]"
12n_0132_80,"[[14, 10, 15, 9], [5, 17, 6, 16], [18, 14, 19, 13], [23, 20, 24, 21], [3, 22, 4, 23], [7, 24, 8, 1], [21, 2, 22, 3], [17, 5, 18, 4], [1, 6, 2, 7], [8, 12, 9, 11], [10, 16, 11, 15], [12, 20, 13, 19]]"
12n_0132_81,"[[12, 20, 13, 19], [14, 10, 15, 9], [5, 17, 6, 16], [18, 14, 19, 13], [23, 20, 24, 21], [3, 22, 4, 23], [7, 24, 8, 1], [21, 2, 22, 3], [17, 5, 18, 4], [1, 6, 2, 7], [8, 12, 9, 11], [10, 16, 11, 15]]"
12n_0132_82,"[[10, 16, 11, 15], [12, 20, 13, 19], [14, 10, 15, 9], [5, 17, 6, 16], [18, 14, 19, 13], [23, 20, 24, 21], [3, 22, 4, 23], [7, 24, 8, 1], [21, 2, 22, 3], [17, 5, 18, 4], [1, 6, 2, 7], [8, 12, 9, 11]]"
12n_0132_83,"[[8, 12, 9, 11], [10, 16, 11, 15], [12, 20, 13, 19], [14, 10, 15, 9], [5, 17, 6, 16], [18, 14, 19, 13], [23, 20, 24, 21], [3, 22, 4, 23], [7, 24, 8, 1], [21, 2, 22, 3], [17, 5, 18, 4], [1, 6, 2, 7]]"
12n_0132_84,"[[2, 7, 3, 8], [9, 13, 10, 12], [11, 17, 12, 16], [13, 21, 14, 20], [15, 11, 16, 10], [6, 18, 7, 17], [19, 15, 20, 14], [24, 21, 1, 22], [4, 23, 5, 24], [8, 1, 9, 2], [22, 3, 23, 4], [18, 6, 19, 5]]"
12n_0132_85,"[[18, 6, 19, 5], [2, 7, 3, 8], [9, 13, 10, 12], [11, 17, 12, 16], [13, 21, 14, 20], [15, 11, 16, 10], [6, 18, 7, 17], [19, 15, 20, 14], [24, 21, 1, 22], [4, 23, 5, 24], [8, 1, 9, 2], [22, 3, 23, 4]]"
12n_0132_86,"[[22, 3, 23, 4], [18, 6, 19, 5], [2, 7, 3, 8], [9, 13, 10, 12], [11, 17, 12, 16], [13, 21, 14, 20], [15, 11, 16, 10], [6, 18, 7, 17], [19, 15, 20, 14], [24, 21, 1, 22], [4, 23, 5, 24], [8, 1, 9, 2]]"
12n_0132_87,"[[8, 1, 9, 2], [22, 3, 23, 4], [18, 6, 19, 5], [2, 7, 3, 8], [9, 13, 10, 12], [11, 17, 12, 16], [13, 21, 14, 20], [15, 11, 16, 10], [6, 18, 7, 17], [19, 15, 20, 14], [24, 21, 1, 22], [4, 23, 5, 24]]"
12n_0132_88,"[[4, 23, 5, 24], [8, 1, 9, 2], [22, 3, 23, 4], [18, 6, 19, 5], [2, 7, 3, 8], [9, 13, 10, 12], [11, 17, 12, 16], [13, 21, 14, 20], [15, 11, 16, 10], [6, 18, 7, 17], [19, 15, 20, 14], [24, 21, 1, 22]]"
12n_0132_89,"[[24, 21, 1, 22], [4, 23, 5, 24], [8, 1, 9, 2], [22, 3, 23, 4], [18, 6, 19, 5], [2, 7, 3, 8], [9, 13, 10, 12], [11, 17, 12, 16], [13, 21, 14, 20], [15, 11, 16, 10], [6, 18, 7, 17], [19, 15, 20, 14]]"
12n_0132_90,"[[19, 15, 20, 14], [24, 21, 1, 22], [4, 23, 5, 24], [8, 1, 9, 2], [22, 3, 23, 4], [18, 6, 19, 5], [2, 7, 3, 8], [9, 13, 10, 12], [11, 17, 12, 16], [13, 21, 14, 20], [15, 11, 16, 10], [6, 18, 7, 17]]"
12n_0132_91,"[[6, 18, 7, 17], [19, 15, 20, 14], [24, 21, 1, 22], [4, 23, 5, 24], [8, 1, 9, 2], [22, 3, 23, 4], [18, 6, 19, 5], [2, 7, 3, 8], [9, 13, 10, 12], [11, 17, 12, 16], [13, 21, 14, 20], [15, 11, 16, 10]]"
12n_0132_92,"[[15, 11, 16, 10], [6, 18, 7, 17], [19, 15, 20, 14], [24, 21, 1, 22], [4, 23, 5, 24], [8, 1, 9, 2], [22, 3, 23, 4], [18, 6, 19, 5], [2, 7, 3, 8], [9, 13, 10, 12], [11, 17, 12, 16], [13, 21, 14, 20]]"
12n_0132_93,"[[13, 21, 14, 20], [15, 11, 16, 10], [6, 18, 7, 17], [19, 15, 20, 14], [24, 21, 1, 22], [4, 23, 5, 24], [8, 1, 9, 2], [22, 3, 23, 4], [18, 6, 19, 5], [2, 7, 3, 8], [9, 13, 10, 12], [11, 17, 12, 16]]"
12n_0132_94,"[[11, 17, 12, 16], [13, 21, 14, 20], [15, 11, 16, 10], [6, 18, 7, 17], [19, 15, 20, 14], [24, 21, 1, 22], [4, 23, 5, 24], [8, 1, 9, 2], [22, 3, 23, 4], [18, 6, 19, 5], [2, 7, 3, 8], [9, 13, 10, 12]]"
12n_0132_95,"[[9, 13, 10, 12], [11, 17, 12, 16], [13, 21, 14, 20], [15, 11, 16, 10], [6, 18, 7, 17], [19, 15, 20, 14], [24, 21, 1, 22], [4, 23, 5, 24], [8, 1, 9, 2], [22, 3, 23, 4], [18, 6, 19, 5], [2, 7, 3, 8]]"
12n_0132_96,"[[3, 8, 4, 9], [10, 14, 11, 13], [12, 18, 13, 17], [14, 22, 15, 21], [16, 12, 17, 11], [7, 19, 8, 18], [20, 16, 21, 15], [1, 22, 2, 23], [5, 24, 6, 1], [9, 2, 10, 3], [23, 4, 24, 5], [19, 7, 20, 6]]"
12n_0132_97,"[[19, 7, 20, 6], [3, 8, 4, 9], [10, 14, 11, 13], [12, 18, 13, 17], [14, 22, 15, 21], [16, 12, 17, 11], [7, 19, 8, 18], [20, 16, 21, 15], [1, 22, 2, 23], [5, 24, 6, 1], [9, 2, 10, 3], [23, 4, 24, 5]]"
12n_0132_98,"[[23, 4, 24, 5], [19, 7, 20, 6], [3, 8, 4, 9], [10, 14, 11, 13], [12, 18, 13, 17], [14, 22, 15, 21], [16, 12, 17, 11], [7, 19, 8, 18], [20, 16, 21, 15], [1, 22, 2, 23], [5, 24, 6, 1], [9, 2, 10, 3]]"
12n_0132_99,"[[9, 2, 10, 3], [23, 4, 24, 5], [19, 7, 20, 6], [3, 8, 4, 9], [10, 14, 11, 13], [12, 18, 13, 17], [14, 22, 15, 21], [16, 12, 17, 11], [7, 19, 8, 18], [20, 16, 21, 15], [1, 22, 2, 23], [5, 24, 6, 1]]"
12n_0132_100,"[[5, 24, 6, 1], [9, 2, 10, 3], [23, 4, 24, 5], [19, 7, 20, 6], [3, 8, 4, 9], [10, 14, 11, 13], [12, 18, 13, 17], [14, 22, 15, 21], [16, 12, 17, 11], [7, 19, 8, 18], [20, 16, 21, 15], [1, 22, 2, 23]]"
12n_0132_101,"[[1, 22, 2, 23], [5, 24, 6, 1], [9, 2, 10, 3], [23, 4, 24, 5], [19, 7, 20, 6], [3, 8, 4, 9], [10, 14, 11, 13], [12, 18, 13, 17], [14, 22, 15, 21], [16, 12, 17, 11], [7, 19, 8, 18], [20, 16, 21, 15]]"
12n_0132_102,"[[20, 16, 21, 15], [1, 22, 2, 23], [5, 24, 6, 1], [9, 2, 10, 3], [23, 4, 24, 5], [19, 7, 20, 6], [3, 8, 4, 9], [10, 14, 11, 13], [12, 18, 13, 17], [14, 22, 15, 21], [16, 12, 17, 11], [7, 19, 8, 18]]"
12n_0132_103,"[[7, 19, 8, 18], [20, 16, 21, 15], [1, 22, 2, 23], [5, 24, 6, 1], [9, 2, 10, 3], [23, 4, 24, 5], [19, 7, 20, 6], [3, 8, 4, 9], [10, 14, 11, 13], [12, 18, 13, 17], [14, 22, 15, 21], [16, 12, 17, 11]]"
12n_0132_104,"[[16, 12, 17, 11], [7, 19, 8, 18], [20, 16, 21, 15], [1, 22, 2, 23], [5, 24, 6, 1], [9, 2, 10, 3], [23, 4, 24, 5], [19, 7, 20, 6], [3, 8, 4, 9], [10, 14, 11, 13], [12, 18, 13, 17], [14, 22, 15, 21]]"
12n_0132_105,"[[14, 22, 15, 21], [16, 12, 17, 11], [7, 19, 8, 18], [20, 16, 21, 15], [1, 22, 2, 23], [5, 24, 6, 1], [9, 2, 10, 3], [23, 4, 24, 5], [19, 7, 20, 6], [3, 8, 4, 9], [10, 14, 11, 13], [12, 18, 13, 17]]"
12n_0132_106,"[[12, 18, 13, 17], [14, 22, 15, 21], [16, 12, 17, 11], [7, 19, 8, 18], [20, 16, 21, 15], [1, 22, 2, 23], [5, 24, 6, 1], [9, 2, 10, 3], [23, 4, 24, 5], [19, 7, 20, 6], [3, 8, 4, 9], [10, 14, 11, 13]]"
12n_0132_107,"[[10, 14, 11, 13], [12, 18, 13, 17], [14, 22, 15, 21], [16, 12, 17, 11], [7, 19, 8, 18], [20, 16, 21, 15], [1, 22, 2, 23], [5, 24, 6, 1], [9, 2, 10, 3], [23, 4, 24, 5], [19, 7, 20, 6], [3, 8, 4, 9]]"
12n_0132_108,"[[4, 9, 5, 10], [11, 15, 12, 14], [13, 19, 14, 18], [15, 23, 16, 22], [17, 13, 18, 12], [8, 20, 9, 19], [21, 17, 22, 16], [2, 23, 3, 24], [6, 1, 7, 2], [10, 3, 11, 4], [24, 5, 1, 6], [20, 8, 21, 7]]"
12n_0132_109,"[[20, 8, 21, 7], [4, 9, 5, 10], [11, 15, 12, 14], [13, 19, 14, 18], [15, 23, 16, 22], [17, 13, 18, 12], [8, 20, 9, 19], [21, 17, 22, 16], [2, 23, 3, 24], [6, 1, 7, 2], [10, 3, 11, 4], [24, 5, 1, 6]]"
12n_0132_110,"[[24, 5, 1, 6], [20, 8, 21, 7], [4, 9, 5, 10], [11, 15, 12, 14], [13, 19, 14, 18], [15, 23, 16, 22], [17, 13, 18, 12], [8, 20, 9, 19], [21, 17, 22, 16], [2, 23, 3, 24], [6, 1, 7, 2], [10, 3, 11, 4]]"
12n_0132_111,"[[10, 3, 11, 4], [24, 5, 1, 6], [20, 8, 21, 7], [4, 9, 5, 10], [11, 15, 12, 14], [13, 19, 14, 18], [15, 23, 16, 22], [17, 13, 18, 12], [8, 20, 9, 19], [21, 17, 22, 16], [2, 23, 3, 24], [6, 1, 7, 2]]"
12n_0132_112,"[[6, 1, 7, 2], [10, 3, 11, 4], [24, 5, 1, 6], [20, 8, 21, 7], [4, 9, 5, 10], [11, 15, 12, 14], [13, 19, 14, 18], [15, 23, 16, 22], [17, 13, 18, 12], [8, 20, 9, 19], [21, 17, 22, 16], [2, 23, 3, 24]]"
12n_0132_113,"[[2, 23, 3, 24], [6, 1, 7, 2], [10, 3, 11, 4], [24, 5, 1, 6], [20, 8, 21, 7], [4, 9, 5, 10], [11, 15, 12, 14], [13, 19, 14, 18], [15, 23, 16, 22], [17, 13, 18, 12], [8, 20, 9, 19], [21, 17, 22, 16]]"
12n_0132_114,"[[21, 17, 22, 16], [2, 23, 3, 24], [6, 1, 7, 2], [10, 3, 11, 4], [24, 5, 1, 6], [20, 8, 21, 7], [4, 9, 5, 10], [11, 15, 12, 14], [13, 19, 14, 18], [15, 23, 16, 22], [17, 13, 18, 12], [8, 20, 9, 19]]"
12n_0132_115,"[[8, 20, 9, 19], [21, 17, 22, 16], [2, 23, 3, 24], [6, 1, 7, 2], [10, 3, 11, 4], [24, 5, 1, 6], [20, 8, 21, 7], [4, 9, 5, 10], [11, 15, 12, 14], [13, 19, 14, 18], [15, 23, 16, 22], [17, 13, 18, 12]]"
12n_0132_116,"[[17, 13, 18, 12], [8, 20, 9, 19], [21, 17, 22, 16], [2, 23, 3, 24], [6, 1, 7, 2], [10, 3, 11, 4], [24, 5, 1, 6], [20, 8, 21, 7], [4, 9, 5, 10], [11, 15, 12, 14], [13, 19, 14, 18], [15, 23, 16, 22]]"
12n_0132_117,"[[15, 23, 16, 22], [17, 13, 18, 12], [8, 20, 9, 19], [21, 17, 22, 16], [2, 23, 3, 24], [6, 1, 7, 2], [10, 3, 11, 4], [24, 5, 1, 6], [20, 8, 21, 7], [4, 9, 5, 10], [11, 15, 12, 14], [13, 19, 14, 18]]"
12n_0132_118,"[[13, 19, 14, 18], [15, 23, 16, 22], [17, 13, 18, 12], [8, 20, 9, 19], [21, 17, 22, 16], [2, 23, 3, 24], [6, 1, 7, 2], [10, 3, 11, 4], [24, 5, 1, 6], [20, 8, 21, 7], [4, 9, 5, 10], [11, 15, 12, 14]]"
12n_0132_119,"[[11, 15, 12, 14], [13, 19, 14, 18], [15, 23, 16, 22], [17, 13, 18, 12], [8, 20, 9, 19], [21, 17, 22, 16], [2, 23, 3, 24], [6, 1, 7, 2], [10, 3, 11, 4], [24, 5, 1, 6], [20, 8, 21, 7], [4, 9, 5, 10]]"
12n_0132_120,"[[5, 10, 6, 11], [12, 16, 13, 15], [14, 20, 15, 19], [16, 24, 17, 23], [18, 14, 19, 13], [9, 21, 10, 20], [22, 18, 23, 17], [3, 24, 4, 1], [7, 2, 8, 3], [11, 4, 12, 5], [1, 6, 2, 7], [21, 9, 22, 8]]"
12n_0132_121,"[[21, 9, 22, 8], [5, 10, 6, 11], [12, 16, 13, 15], [14, 20, 15, 19], [16, 24, 17, 23], [18, 14, 19, 13], [9, 21, 10, 20], [22, 18, 23, 17], [3, 24, 4, 1], [7, 2, 8, 3], [11, 4, 12, 5], [1, 6, 2, 7]]"
12n_0132_122,"[[1, 6, 2, 7], [21, 9, 22, 8], [5, 10, 6, 11], [12, 16, 13, 15], [14, 20, 15, 19], [16, 24, 17, 23], [18, 14, 19, 13], [9, 21, 10, 20], [22, 18, 23, 17], [3, 24, 4, 1], [7, 2, 8, 3], [11, 4, 12, 5]]"
12n_0132_123,"[[11, 4, 12, 5], [1, 6, 2, 7], [21, 9, 22, 8], [5, 10, 6, 11], [12, 16, 13, 15], [14, 20, 15, 19], [16, 24, 17, 23], [18, 14, 19, 13], [9, 21, 10, 20], [22, 18, 23, 17], [3, 24, 4, 1], [7, 2, 8, 3]]"
12n_0132_124,"[[7, 2, 8, 3], [11, 4, 12, 5], [1, 6, 2, 7], [21, 9, 22, 8], [5, 10, 6, 11], [12, 16, 13, 15], [14, 20, 15, 19], [16, 24, 17, 23], [18, 14, 19, 13], [9, 21, 10, 20], [22, 18, 23, 17], [3, 24, 4, 1]]"
12n_0132_125,"[[3, 24, 4, 1], [7, 2, 8, 3], [11, 4, 12, 5], [1, 6, 2, 7], [21, 9, 22, 8], [5, 10, 6, 11], [12, 16, 13, 15], [14, 20, 15, 19], [16, 24, 17, 23], [18, 14, 19, 13], [9, 21, 10, 20], [22, 18, 23, 17]]"
12n_0132_126,"[[22, 18, 23, 17], [3, 24, 4, 1], [7, 2, 8, 3], [11, 4, 12, 5], [1, 6, 2, 7], [21, 9, 22, 8], [5, 10, 6, 11], [12, 16, 13, 15], [14, 20, 15, 19], [16, 24, 17, 23], [18, 14, 19, 13], [9, 21, 10, 20]]"
12n_0132_127,"[[9, 21, 10, 20], [22, 18, 23, 17], [3, 24, 4, 1], [7, 2, 8, 3], [11, 4, 12, 5], [1, 6, 2, 7], [21, 9, 22, 8], [5, 10, 6, 11], [12, 16, 13, 15], [14, 20, 15, 19], [16, 24, 17, 23], [18, 14, 19, 13]]"
12n_0132_128,"[[18, 14, 19, 13], [9, 21, 10, 20], [22, 18, 23, 17], [3, 24, 4, 1], [7, 2, 8, 3], [11, 4, 12, 5], [1, 6, 2, 7], [21, 9, 22, 8], [5, 10, 6, 11], [12, 16, 13, 15], [14, 20, 15, 19], [16, 24, 17, 23]]"
12n_0132_129,"[[16, 24, 17, 23], [18, 14, 19, 13], [9, 21, 10, 20], [22, 18, 23, 17], [3, 24, 4, 1], [7, 2, 8, 3], [11, 4, 12, 5], [1, 6, 2, 7], [21, 9, 22, 8], [5, 10, 6, 11], [12, 16, 13, 15], [14, 20, 15, 19]]"
12n_0132_130,"[[14, 20, 15, 19], [16, 24, 17, 23], [18, 14, 19, 13], [9, 21, 10, 20], [22, 18, 23, 17], [3, 24, 4, 1], [7, 2, 8, 3], [11, 4, 12, 5], [1, 6, 2, 7], [21, 9, 22, 8], [5, 10, 6, 11], [12, 16, 13, 15]]"
12n_0132_131,"[[12, 16, 13, 15], [14, 20, 15, 19], [16, 24, 17, 23], [18, 14, 19, 13], [9, 21, 10, 20], [22, 18, 23, 17], [3, 24, 4, 1], [7, 2, 8, 3], [11, 4, 12, 5], [1, 6, 2, 7], [21, 9, 22, 8], [5, 10, 6, 11]]"
12n_0132_132,"[[6, 11, 7, 12], [13, 17, 14, 16], [15, 21, 16, 20], [17, 1, 18, 24], [19, 15, 20, 14], [10, 22, 11, 21], [23, 19, 24, 18], [4, 1, 5, 2], [8, 3, 9, 4], [12, 5, 13, 6], [2, 7, 3, 8], [22, 10, 23, 9]]"
12n_0132_133,"[[22, 10, 23, 9], [6, 11, 7, 12], [13, 17, 14, 16], [15, 21, 16, 20], [17, 1, 18, 24], [19, 15, 20, 14], [10, 22, 11, 21], [23, 19, 24, 18], [4, 1, 5, 2], [8, 3, 9, 4], [12, 5, 13, 6], [2, 7, 3, 8]]"
12n_0132_134,"[[2, 7, 3, 8], [22, 10, 23, 9], [6, 11, 7, 12], [13, 17, 14, 16], [15, 21, 16, 20], [17, 1, 18, 24], [19, 15, 20, 14], [10, 22, 11, 21], [23, 19, 24, 18], [4, 1, 5, 2], [8, 3, 9, 4], [12, 5, 13, 6]]"
12n_0132_135,"[[12, 5, 13, 6], [2, 7, 3, 8], [22, 10, 23, 9], [6, 11, 7, 12], [13, 17, 14, 16], [15, 21, 16, 20], [17, 1, 18, 24], [19, 15, 20, 14], [10, 22, 11, 21], [23, 19, 24, 18], [4, 1, 5, 2], [8, 3, 9, 4]]"
12n_0132_136,"[[8, 3, 9, 4], [12, 5, 13, 6], [2, 7, 3, 8], [22, 10, 23, 9], [6, 11, 7, 12], [13, 17, 14, 16], [15, 21, 16, 20], [17, 1, 18, 24], [19, 15, 20, 14], [10, 22, 11, 21], [23, 19, 24, 18], [4, 1, 5, 2]]"
12n_0132_137,"[[4, 1, 5, 2], [8, 3, 9, 4], [12, 5, 13, 6], [2, 7, 3, 8], [22, 10, 23, 9], [6, 11, 7, 12], [13, 17, 14, 16], [15, 21, 16, 20], [17, 1, 18, 24], [19, 15, 20, 14], [10, 22, 11, 21], [23, 19, 24, 18]]"
12n_0132_138,"[[23, 19, 24, 18], [4, 1, 5, 2], [8, 3, 9, 4], [12, 5, 13, 6], [2, 7, 3, 8], [22, 10, 23, 9], [6, 11, 7, 12], [13, 17, 14, 16], [15, 21, 16, 20], [17, 1, 18, 24], [19, 15, 20, 14], [10, 22, 11, 21]]"
12n_0132_139,"[[10, 22, 11, 21], [23, 19, 24, 18], [4, 1, 5, 2], [8, 3, 9, 4], [12, 5, 13, 6], [2, 7, 3, 8], [22, 10, 23, 9], [6, 11, 7, 12], [13, 17, 14, 16], [15, 21, 16, 20], [17, 1, 18, 24], [19, 15, 20, 14]]"
12n_0132_140,"[[19, 15, 20, 14], [10, 22, 11, 21], [23, 19, 24, 18], [4, 1, 5, 2], [8, 3, 9, 4], [12, 5, 13, 6], [2, 7, 3, 8], [22, 10, 23, 9], [6, 11, 7, 12], [13, 17, 14, 16], [15, 21, 16, 20], [17, 1, 18, 24]]"
12n_0132_141,"[[17, 1, 18, 24], [19, 15, 20, 14], [10, 22, 11, 21], [23, 19, 24, 18], [4, 1, 5, 2], [8, 3, 9, 4], [12, 5, 13, 6], [2, 7, 3, 8], [22, 10, 23, 9], [6, 11, 7, 12], [13, 17, 14, 16], [15, 21, 16, 20]]"
12n_0132_142,"[[15, 21, 16, 20], [17, 1, 18, 24], [19, 15, 20, 14], [10, 22, 11, 21], [23, 19, 24, 18], [4, 1, 5, 2], [8, 3, 9, 4], [12, 5, 13, 6], [2, 7, 3, 8], [22, 10, 23, 9], [6, 11, 7, 12], [13, 17, 14, 16]]"
12n_0132_143,"[[13, 17, 14, 16], [15, 21, 16, 20], [17, 1, 18, 24], [19, 15, 20, 14], [10, 22, 11, 21], [23, 19, 24, 18], [4, 1, 5, 2], [8, 3, 9, 4], [12, 5, 13, 6], [2, 7, 3, 8], [22, 10, 23, 9], [6, 11, 7, 12]]"
12n_0132_144,"[[7, 12, 8, 13], [14, 18, 15, 17], [16, 22, 17, 21], [18, 2, 19, 1], [20, 16, 21, 15], [11, 23, 12, 22], [24, 20, 1, 19], [5, 2, 6, 3], [9, 4, 10, 5], [13, 6, 14, 7], [3, 8, 4, 9], [23, 11, 24, 10]]"
12n_0132_145,"[[23, 11, 24, 10], [7, 12, 8, 13], [14, 18, 15, 17], [16, 22, 17, 21], [18, 2, 19, 1], [20, 16, 21, 15], [11, 23, 12, 22], [24, 20, 1, 19], [5, 2, 6, 3], [9, 4, 10, 5], [13, 6, 14, 7], [3, 8, 4, 9]]"
12n_0132_146,"[[3, 8, 4, 9], [23, 11, 24, 10], [7, 12, 8, 13], [14, 18, 15, 17], [16, 22, 17, 21], [18, 2, 19, 1], [20, 16, 21, 15], [11, 23, 12, 22], [24, 20, 1, 19], [5, 2, 6, 3], [9, 4, 10, 5], [13, 6, 14, 7]]"
12n_0132_147,"[[13, 6, 14, 7], [3, 8, 4, 9], [23, 11, 24, 10], [7, 12, 8, 13], [14, 18, 15, 17], [16, 22, 17, 21], [18, 2, 19, 1], [20, 16, 21, 15], [11, 23, 12, 22], [24, 20, 1, 19], [5, 2, 6, 3], [9, 4, 10, 5]]"
12n_0132_148,"[[9, 4, 10, 5], [13, 6, 14, 7], [3, 8, 4, 9], [23, 11, 24, 10], [7, 12, 8, 13], [14, 18, 15, 17], [16, 22, 17, 21], [18, 2, 19, 1], [20, 16, 21, 15], [11, 23, 12, 22], [24, 20, 1, 19], [5, 2, 6, 3]]"
12n_0132_149,"[[5, 2, 6, 3], [9, 4, 10, 5], [13, 6, 14, 7], [3, 8, 4, 9], [23, 11, 24, 10], [7, 12, 8, 13], [14, 18, 15, 17], [16, 22, 17, 21], [18, 2, 19, 1], [20, 16, 21, 15], [11, 23, 12, 22], [24, 20, 1, 19]]"
12n_0132_150,"[[24, 20, 1, 19], [5, 2, 6, 3], [9, 4, 10, 5], [13, 6, 14, 7], [3, 8, 4, 9], [23, 11, 24, 10], [7, 12, 8, 13], [14, 18, 15, 17], [16, 22, 17, 21], [18, 2, 19, 1], [20, 16, 21, 15], [11, 23, 12, 22]]"
12n_0132_151,"[[11, 23, 12, 22], [24, 20, 1, 19], [5, 2, 6, 3], [9, 4, 10, 5], [13, 6, 14, 7], [3, 8, 4, 9], [23, 11, 24, 10], [7, 12, 8, 13], [14, 18, 15, 17], [16, 22, 17, 21], [18, 2, 19, 1], [20, 16, 21, 15]]"
12n_0132_152,"[[20, 16, 21, 15], [11, 23, 12, 22], [24, 20, 1, 19], [5, 2, 6, 3], [9, 4, 10, 5], [13, 6, 14, 7], [3, 8, 4, 9], [23, 11, 24, 10], [7, 12, 8, 13], [14, 18, 15, 17], [16, 22, 17, 21], [18, 2, 19, 1]]"
12n_0132_153,"[[18, 2, 19, 1], [20, 16, 21, 15], [11, 23, 12, 22], [24, 20, 1, 19], [5, 2, 6, 3], [9, 4, 10, 5], [13, 6, 14, 7], [3, 8, 4, 9], [23, 11, 24, 10], [7, 12, 8, 13], [14, 18, 15, 17], [16, 22, 17, 21]]"
12n_0132_154,"[[16, 22, 17, 21], [18, 2, 19, 1], [20, 16, 21, 15], [11, 23, 12, 22], [24, 20, 1, 19], [5, 2, 6, 3], [9, 4, 10, 5], [13, 6, 14, 7], [3, 8, 4, 9], [23, 11, 24, 10], [7, 12, 8, 13], [14, 18, 15, 17]]"
12n_0132_155,"[[14, 18, 15, 17], [16, 22, 17, 21], [18, 2, 19, 1], [20, 16, 21, 15], [11, 23, 12, 22], [24, 20, 1, 19], [5, 2, 6, 3], [9, 4, 10, 5], [13, 6, 14, 7], [3, 8, 4, 9], [23, 11, 24, 10], [7, 12, 8, 13]]"
12n_0132_156,"[[8, 13, 9, 14], [15, 19, 16, 18], [17, 23, 18, 22], [19, 3, 20, 2], [21, 17, 22, 16], [12, 24, 13, 23], [1, 21, 2, 20], [6, 3, 7, 4], [10, 5, 11, 6], [14, 7, 15, 8], [4, 9, 5, 10], [24, 12, 1, 11]]"
12n_0132_157,"[[24, 12, 1, 11], [8, 13, 9, 14], [15, 19, 16, 18], [17, 23, 18, 22], [19, 3, 20, 2], [21, 17, 22, 16], [12, 24, 13, 23], [1, 21, 2, 20], [6, 3, 7, 4], [10, 5, 11, 6], [14, 7, 15, 8], [4, 9, 5, 10]]"
12n_0132_158,"[[4, 9, 5, 10], [24, 12, 1, 11], [8, 13, 9, 14], [15, 19, 16, 18], [17, 23, 18, 22], [19, 3, 20, 2], [21, 17, 22, 16], [12, 24, 13, 23], [1, 21, 2, 20], [6, 3, 7, 4], [10, 5, 11, 6], [14, 7, 15, 8]]"
12n_0132_159,"[[14, 7, 15, 8], [4, 9, 5, 10], [24, 12, 1, 11], [8, 13, 9, 14], [15, 19, 16, 18], [17, 23, 18, 22], [19, 3, 20, 2], [21, 17, 22, 16], [12, 24, 13, 23], [1, 21, 2, 20], [6, 3, 7, 4], [10, 5, 11, 6]]"
12n_0132_160,"[[10, 5, 11, 6], [14, 7, 15, 8], [4, 9, 5, 10], [24, 12, 1, 11], [8, 13, 9, 14], [15, 19, 16, 18], [17, 23, 18, 22], [19, 3, 20, 2], [21, 17, 22, 16], [12, 24, 13, 23], [1, 21, 2, 20], [6, 3, 7, 4]]"
12n_0132_161,"[[6, 3, 7, 4], [10, 5, 11, 6], [14, 7, 15, 8], [4, 9, 5, 10], [24, 12, 1, 11], [8, 13, 9, 14], [15, 19, 16, 18], [17, 23, 18, 22], [19, 3, 20, 2], [21, 17, 22, 16], [12, 24, 13, 23], [1, 21, 2, 20]]"
12n_0132_162,"[[1, 21, 2, 20], [6, 3, 7, 4], [10, 5, 11, 6], [14, 7, 15, 8], [4, 9, 5, 10], [24, 12, 1, 11], [8, 13, 9, 14], [15, 19, 16, 18], [17, 23, 18, 22], [19, 3, 20, 2], [21, 17, 22, 16], [12, 24, 13, 23]]"
12n_0132_163,"[[12, 24, 13, 23], [1, 21, 2, 20], [6, 3, 7, 4], [10, 5, 11, 6], [14, 7, 15, 8], [4, 9, 5, 10], [24, 12, 1, 11], [8, 13, 9, 14], [15, 19, 16, 18], [17, 23, 18, 22], [19, 3, 20, 2], [21, 17, 22, 16]]"
12n_0132_164,"[[21, 17, 22, 16], [12, 24, 13, 23], [1, 21, 2, 20], [6, 3, 7, 4], [10, 5, 11, 6], [14, 7, 15, 8], [4, 9, 5, 10], [24, 12, 1, 11], [8, 13, 9, 14], [15, 19, 16, 18], [17, 23, 18, 22], [19, 3, 20, 2]]"
12n_0132_165,"[[19, 3, 20, 2], [21, 17, 22, 16], [12, 24, 13, 23], [1, 21, 2, 20], [6, 3, 7, 4], [10, 5, 11, 6], [14, 7, 15, 8], [4, 9, 5, 10], [24, 12, 1, 11], [8, 13, 9, 14], [15, 19, 16, 18], [17, 23, 18, 22]]"
12n_0132_166,"[[17, 23, 18, 22], [19, 3, 20, 2], [21, 17, 22, 16], [12, 24, 13, 23], [1, 21, 2, 20], [6, 3, 7, 4], [10, 5, 11, 6], [14, 7, 15, 8], [4, 9, 5, 10], [24, 12, 1, 11], [8, 13, 9, 14], [15, 19, 16, 18]]"
12n_0132_167,"[[15, 19, 16, 18], [17, 23, 18, 22], [19, 3, 20, 2], [21, 17, 22, 16], [12, 24, 13, 23], [1, 21, 2, 20], [6, 3, 7, 4], [10, 5, 11, 6], [14, 7, 15, 8], [4, 9, 5, 10], [24, 12, 1, 11], [8, 13, 9, 14]]"
12n_0132_168,"[[9, 14, 10, 15], [16, 20, 17, 19], [18, 24, 19, 23], [20, 4, 21, 3], [22, 18, 23, 17], [13, 1, 14, 24], [2, 22, 3, 21], [7, 4, 8, 5], [11, 6, 12, 7], [15, 8, 16, 9], [5, 10, 6, 11], [1, 13, 2, 12]]"
12n_0132_169,"[[1, 13, 2, 12], [9, 14, 10, 15], [16, 20, 17, 19], [18, 24, 19, 23], [20, 4, 21, 3], [22, 18, 23, 17], [13, 1, 14, 24], [2, 22, 3, 21], [7, 4, 8, 5], [11, 6, 12, 7], [15, 8, 16, 9], [5, 10, 6, 11]]"
12n_0132_170,"[[5, 10, 6, 11], [1, 13, 2, 12], [9, 14, 10, 15], [16, 20, 17, 19], [18, 24, 19, 23], [20, 4, 21, 3], [22, 18, 23, 17], [13, 1, 14, 24], [2, 22, 3, 21], [7, 4, 8, 5], [11, 6, 12, 7], [15, 8, 16, 9]]"
12n_0132_171,"[[15, 8, 16, 9], [5, 10, 6, 11], [1, 13, 2, 12], [9, 14, 10, 15], [16, 20, 17, 19], [18, 24, 19, 23], [20, 4, 21, 3], [22, 18, 23, 17], [13, 1, 14, 24], [2, 22, 3, 21], [7, 4, 8, 5], [11, 6, 12, 7]]"
12n_0132_172,"[[11, 6, 12, 7], [15, 8, 16, 9], [5, 10, 6, 11], [1, 13, 2, 12], [9, 14, 10, 15], [16, 20, 17, 19], [18, 24, 19, 23], [20, 4, 21, 3], [22, 18, 23, 17], [13, 1, 14, 24], [2, 22, 3, 21], [7, 4, 8, 5]]"
12n_0132_173,"[[7, 4, 8, 5], [11, 6, 12, 7], [15, 8, 16, 9], [5, 10, 6, 11], [1, 13, 2, 12], [9, 14, 10, 15], [16, 20, 17, 19], [18, 24, 19, 23], [20, 4, 21, 3], [22, 18, 23, 17], [13, 1, 14, 24], [2, 22, 3, 21]]"
12n_0132_174,"[[2, 22, 3, 21], [7, 4, 8, 5], [11, 6, 12, 7], [15, 8, 16, 9], [5, 10, 6, 11], [1, 13, 2, 12], [9, 14, 10, 15], [16, 20, 17, 19], [18, 24, 19, 23], [20, 4, 21, 3], [22, 18, 23, 17], [13, 1, 14, 24]]"
12n_0132_175,"[[13, 1, 14, 24], [2, 22, 3, 21], [7, 4, 8, 5], [11, 6, 12, 7], [15, 8, 16, 9], [5, 10, 6, 11], [1, 13, 2, 12], [9, 14, 10, 15], [16, 20, 17, 19], [18, 24, 19, 23], [20, 4, 21, 3], [22, 18, 23, 17]]"
12n_0132_176,"[[22, 18, 23, 17], [13, 1, 14, 24], [2, 22, 3, 21], [7, 4, 8, 5], [11, 6, 12, 7], [15, 8, 16, 9], [5, 10, 6, 11], [1, 13, 2, 12], [9, 14, 10, 15], [16, 20, 17, 19], [18, 24, 19, 23], [20, 4, 21, 3]]"
12n_0132_177,"[[20, 4, 21, 3], [22, 18, 23, 17], [13, 1, 14, 24], [2, 22, 3, 21], [7, 4, 8, 5], [11, 6, 12, 7], [15, 8, 16, 9], [5, 10, 6, 11], [1, 13, 2, 12], [9, 14, 10, 15], [16, 20, 17, 19], [18, 24, 19, 23]]"
12n_0132_178,"[[18, 24, 19, 23], [20, 4, 21, 3], [22, 18, 23, 17], [13, 1, 14, 24], [2, 22, 3, 21], [7, 4, 8, 5], [11, 6, 12, 7], [15, 8, 16, 9], [5, 10, 6, 11], [1, 13, 2, 12], [9, 14, 10, 15], [16, 20, 17, 19]]"
12n_0132_179,"[[16, 20, 17, 19], [18, 24, 19, 23], [20, 4, 21, 3], [22, 18, 23, 17], [13, 1, 14, 24], [2, 22, 3, 21], [7, 4, 8, 5], [11, 6, 12, 7], [15, 8, 16, 9], [5, 10, 6, 11], [1, 13, 2, 12], [9, 14, 10, 15]]"
12n_0132_180,"[[10, 15, 11, 16], [17, 21, 18, 20], [19, 1, 20, 24], [21, 5, 22, 4], [23, 19, 24, 18], [14, 2, 15, 1], [3, 23, 4, 22], [8, 5, 9, 6], [12, 7, 13, 8], [16, 9, 17, 10], [6, 11, 7, 12], [2, 14, 3, 13]]"
12n_0132_181,"[[2, 14, 3, 13], [10, 15, 11, 16], [17, 21, 18, 20], [19, 1, 20, 24], [21, 5, 22, 4], [23, 19, 24, 18], [14, 2, 15, 1], [3, 23, 4, 22], [8, 5, 9, 6], [12, 7, 13, 8], [16, 9, 17, 10], [6, 11, 7, 12]]"
12n_0132_182,"[[6, 11, 7, 12], [2, 14, 3, 13], [10, 15, 11, 16], [17, 21, 18, 20], [19, 1, 20, 24], [21, 5, 22, 4], [23, 19, 24, 18], [14, 2, 15, 1], [3, 23, 4, 22], [8, 5, 9, 6], [12, 7, 13, 8], [16, 9, 17, 10]]"
12n_0132_183,"[[16, 9, 17, 10], [6, 11, 7, 12], [2, 14, 3, 13], [10, 15, 11, 16], [17, 21, 18, 20], [19, 1, 20, 24], [21, 5, 22, 4], [23, 19, 24, 18], [14, 2, 15, 1], [3, 23, 4, 22], [8, 5, 9, 6], [12, 7, 13, 8]]"
12n_0132_184,"[[12, 7, 13, 8], [16, 9, 17, 10], [6, 11, 7, 12], [2, 14, 3, 13], [10, 15, 11, 16], [17, 21, 18, 20], [19, 1, 20, 24], [21, 5, 22, 4], [23, 19, 24, 18], [14, 2, 15, 1], [3, 23, 4, 22], [8, 5, 9, 6]]"
12n_0132_185,"[[8, 5, 9, 6], [12, 7, 13, 8], [16, 9, 17, 10], [6, 11, 7, 12], [2, 14, 3, 13], [10, 15, 11, 16], [17, 21, 18, 20], [19, 1, 20, 24], [21, 5, 22, 4], [23, 19, 24, 18], [14, 2, 15, 1], [3, 23, 4, 22]]"
