name,pd_notation
12n_0747_0,"[[24, 17, 1, 18], [2, 8, 3, 7], [11, 4, 12, 5], [15, 6, 16, 7], [8, 19, 9, 20], [3, 10, 4, 11], [21, 13, 22, 12], [5, 14, 6, 15], [16, 23, 17, 24], [18, 1, 19, 2], [20, 9, 21, 10], [13, 23, 14, 22]]"
12n_0747_1,"[[13, 23, 14, 22], [24, 17, 1, 18], [2, 8, 3, 7], [11, 4, 12, 5], [15, 6, 16, 7], [8, 19, 9, 20], [3, 10, 4, 11], [21, 13, 22, 12], [5, 14, 6, 15], [16, 23, 17, 24], [18, 1, 19, 2], [20, 9, 21, 10]]"
12n_0747_2,"[[20, 9, 21, 10], [13, 23, 14, 22], [24, 17, 1, 18], [2, 8, 3, 7], [11, 4, 12, 5], [15, 6, 16, 7], [8, 19, 9, 20], [3, 10, 4, 11], [21, 13, 22, 12], [5, 14, 6, 15], [16, 23, 17, 24], [18, 1, 19, 2]]"
12n_0747_3,"[[18, 1, 19, 2], [20, 9, 21, 10], [13, 23, 14, 22], [24, 17, 1, 18], [2, 8, 3, 7], [11, 4, 12, 5], [15, 6, 16, 7], [8, 19, 9, 20], [3, 10, 4, 11], [21, 13, 22, 12], [5, 14, 6, 15], [16, 23, 17, 24]]"
12n_0747_4,"[[16, 23, 17, 24], [18, 1, 19, 2], [20, 9, 21, 10], [13, 23, 14, 22], [24, 17, 1, 18], [2, 8, 3, 7], [11, 4, 12, 5], [15, 6, 16, 7], [8, 19, 9, 20], [3, 10, 4, 11], [21, 13, 22, 12], [5, 14, 6, 15]]"
12n_0747_5,"[[5, 14, 6, 15], [16, 23, 17, 24], [18, 1, 19, 2], [20, 9, 21, 10], [13, 23, 14, 22], [24, 17, 1, 18], [2, 8, 3, 7], [11, 4, 12, 5], [15, 6, 16, 7], [8, 19, 9, 20], [3, 10, 4, 11], [21, 13, 22, 12]]"
12n_0747_6,"[[21, 13, 22, 12], [5, 14, 6, 15], [16, 23, 17, 24], [18, 1, 19, 2], [20, 9, 21, 10], [13, 23, 14, 22], [24, 17, 1, 18], [2, 8, 3, 7], [11, 4, 12, 5], [15, 6, 16, 7], [8, 19, 9, 20], [3, 10, 4, 11]]"
12n_0747_7,"[[3, 10, 4, 11], [21, 13, 22, 12], [5, 14, 6, 15], [16, 23, 17, 24], [18, 1, 19, 2], [20, 9, 21, 10], [13, 23, 14, 22], [24, 17, 1, 18], [2, 8, 3, 7], [11, 4, 12, 5], [15, 6, 16, 7], [8, 19, 9, 20]]"
12n_0747_8,"[[8, 19, 9, 20], [3, 10, 4, 11], [21, 13, 22, 12], [5, 14, 6, 15], [16, 23, 17, 24], [18, 1, 19, 2], [20, 9, 21, 10], [13, 23, 14, 22], [24, 17, 1, 18], [2, 8, 3, 7], [11, 4, 12, 5], [15, 6, 16, 7]]"
12n_0747_9,"[[15, 6, 16, 7], [8, 19, 9, 20], [3, 10, 4, 11], [21, 13, 22, 12], [5, 14, 6, 15], [16, 23, 17, 24], [18, 1, 19, 2], [20, 9, 21, 10], [13, 23, 14, 22], [24, 17, 1, 18], [2, 8, 3, 7], [11, 4, 12, 5]]"
12n_0747_10,"[[11, 4, 12, 5], [15, 6, 16, 7], [8, 19, 9, 20], [3, 10, 4, 11], [21, 13, 22, 12], [5, 14, 6, 15], [16, 23, 17, 24], [18, 1, 19, 2], [20, 9, 21, 10], [13, 23, 14, 22], [24, 17, 1, 18], [2, 8, 3, 7]]"
12n_0747_11,"[[2, 8, 3, 7], [11, 4, 12, 5], [15, 6, 16, 7], [8, 19, 9, 20], [3, 10, 4, 11], [21, 13, 22, 12], [5, 14, 6, 15], [16, 23, 17, 24], [18, 1, 19, 2], [20, 9, 21, 10], [13, 23, 14, 22], [24, 17, 1, 18]]"
12n_0747_12,"[[1, 18, 2, 19], [3, 9, 4, 8], [12, 5, 13, 6], [16, 7, 17, 8], [9, 20, 10, 21], [4, 11, 5, 12], [22, 14, 23, 13], [6, 15, 7, 16], [17, 24, 18, 1], [19, 2, 20, 3], [21, 10, 22, 11], [14, 24, 15, 23]]"
12n_0747_13,"[[14, 24, 15, 23], [1, 18, 2, 19], [3, 9, 4, 8], [12, 5, 13, 6], [16, 7, 17, 8], [9, 20, 10, 21], [4, 11, 5, 12], [22, 14, 23, 13], [6, 15, 7, 16], [17, 24, 18, 1], [19, 2, 20, 3], [21, 10, 22, 11]]"
12n_0747_14,"[[21, 10, 22, 11], [14, 24, 15, 23], [1, 18, 2, 19], [3, 9, 4, 8], [12, 5, 13, 6], [16, 7, 17, 8], [9, 20, 10, 21], [4, 11, 5, 12], [22, 14, 23, 13], [6, 15, 7, 16], [17, 24, 18, 1], [19, 2, 20, 3]]"
12n_0747_15,"[[19, 2, 20, 3], [21, 10, 22, 11], [14, 24, 15, 23], [1, 18, 2, 19], [3, 9, 4, 8], [12, 5, 13, 6], [16, 7, 17, 8], [9, 20, 10, 21], [4, 11, 5, 12], [22, 14, 23, 13], [6, 15, 7, 16], [17, 24, 18, 1]]"
12n_0747_16,"[[17, 24, 18, 1], [19, 2, 20, 3], [21, 10, 22, 11], [14, 24, 15, 23], [1, 18, 2, 19], [3, 9, 4, 8], [12, 5, 13, 6], [16, 7, 17, 8], [9, 20, 10, 21], [4, 11, 5, 12], [22, 14, 23, 13], [6, 15, 7, 16]]"
12n_0747_17,"[[6, 15, 7, 16], [17, 24, 18, 1], [19, 2, 20, 3], [21, 10, 22, 11], [14, 24, 15, 23], [1, 18, 2, 19], [3, 9, 4, 8], [12, 5, 13, 6], [16, 7, 17, 8], [9, 20, 10, 21], [4, 11, 5, 12], [22, 14, 23, 13]]"
12n_0747_18,"[[22, 14, 23, 13], [6, 15, 7, 16], [17, 24, 18, 1], [19, 2, 20, 3], [21, 10, 22, 11], [14, 24, 15, 23], [1, 18, 2, 19], [3, 9, 4, 8], [12, 5, 13, 6], [16, 7, 17, 8], [9, 20, 10, 21], [4, 11, 5, 12]]"
12n_0747_19,"[[4, 11, 5, 12], [22, 14, 23, 13], [6, 15, 7, 16], [17, 24, 18, 1], [19, 2, 20, 3], [21, 10, 22, 11], [14, 24, 15, 23], [1, 18, 2, 19], [3, 9, 4, 8], [12, 5, 13, 6], [16, 7, 17, 8], [9, 20, 10, 21]]"
12n_0747_20,"[[9, 20, 10, 21], [4, 11, 5, 12], [22, 14, 23, 13], [6, 15, 7, 16], [17, 24, 18, 1], [19, 2, 20, 3], [21, 10, 22, 11], [14, 24, 15, 23], [1, 18, 2, 19], [3, 9, 4, 8], [12, 5, 13, 6], [16, 7, 17, 8]]"
12n_0747_21,"[[16, 7, 17, 8], [9, 20, 10, 21], [4, 11, 5, 12], [22, 14, 23, 13], [6, 15, 7, 16], [17, 24, 18, 1], [19, 2, 20, 3], [21, 10, 22, 11], [14, 24, 15, 23], [1, 18, 2, 19], [3, 9, 4, 8], [12, 5, 13, 6]]"
12n_0747_22,"[[12, 5, 13, 6], [16, 7, 17, 8], [9, 20, 10, 21], [4, 11, 5, 12], [22, 14, 23, 13], [6, 15, 7, 16], [17, 24, 18, 1], [19, 2, 20, 3], [21, 10, 22, 11], [14, 24, 15, 23], [1, 18, 2, 19], [3, 9, 4, 8]]"
12n_0747_23,"[[3, 9, 4, 8], [12, 5, 13, 6], [16, 7, 17, 8], [9, 20, 10, 21], [4, 11, 5, 12], [22, 14, 23, 13], [6, 15, 7, 16], [17, 24, 18, 1], [19, 2, 20, 3], [21, 10, 22, 11], [14, 24, 15, 23], [1, 18, 2, 19]]"
12n_0747_24,"[[2, 19, 3, 20], [4, 10, 5, 9], [13, 6, 14, 7], [17, 8, 18, 9], [10, 21, 11, 22], [5, 12, 6, 13], [23, 15, 24, 14], [7, 16, 8, 17], [18, 1, 19, 2], [20, 3, 21, 4], [22, 11, 23, 12], [15, 1, 16, 24]]"
12n_0747_25,"[[15, 1, 16, 24], [2, 19, 3, 20], [4, 10, 5, 9], [13, 6, 14, 7], [17, 8, 18, 9], [10, 21, 11, 22], [5, 12, 6, 13], [23, 15, 24, 14], [7, 16, 8, 17], [18, 1, 19, 2], [20, 3, 21, 4], [22, 11, 23, 12]]"
12n_0747_26,"[[22, 11, 23, 12], [15, 1, 16, 24], [2, 19, 3, 20], [4, 10, 5, 9], [13, 6, 14, 7], [17, 8, 18, 9], [10, 21, 11, 22], [5, 12, 6, 13], [23, 15, 24, 14], [7, 16, 8, 17], [18, 1, 19, 2], [20, 3, 21, 4]]"
12n_0747_27,"[[20, 3, 21, 4], [22, 11, 23, 12], [15, 1, 16, 24], [2, 19, 3, 20], [4, 10, 5, 9], [13, 6, 14, 7], [17, 8, 18, 9], [10, 21, 11, 22], [5, 12, 6, 13], [23, 15, 24, 14], [7, 16, 8, 17], [18, 1, 19, 2]]"
12n_0747_28,"[[18, 1, 19, 2], [20, 3, 21, 4], [22, 11, 23, 12], [15, 1, 16, 24], [2, 19, 3, 20], [4, 10, 5, 9], [13, 6, 14, 7], [17, 8, 18, 9], [10, 21, 11, 22], [5, 12, 6, 13], [23, 15, 24, 14], [7, 16, 8, 17]]"
12n_0747_29,"[[7, 16, 8, 17], [18, 1, 19, 2], [20, 3, 21, 4], [22, 11, 23, 12], [15, 1, 16, 24], [2, 19, 3, 20], [4, 10, 5, 9], [13, 6, 14, 7], [17, 8, 18, 9], [10, 21, 11, 22], [5, 12, 6, 13], [23, 15, 24, 14]]"
12n_0747_30,"[[23, 15, 24, 14], [7, 16, 8, 17], [18, 1, 19, 2], [20, 3, 21, 4], [22, 11, 23, 12], [15, 1, 16, 24], [2, 19, 3, 20], [4, 10, 5, 9], [13, 6, 14, 7], [17, 8, 18, 9], [10, 21, 11, 22], [5, 12, 6, 13]]"
12n_0747_31,"[[5, 12, 6, 13], [23, 15, 24, 14], [7, 16, 8, 17], [18, 1, 19, 2], [20, 3, 21, 4], [22, 11, 23, 12], [15, 1, 16, 24], [2, 19, 3, 20], [4, 10, 5, 9], [13, 6, 14, 7], [17, 8, 18, 9], [10, 21, 11, 22]]"
12n_0747_32,"[[10, 21, 11, 22], [5, 12, 6, 13], [23, 15, 24, 14], [7, 16, 8, 17], [18, 1, 19, 2], [20, 3, 21, 4], [22, 11, 23, 12], [15, 1, 16, 24], [2, 19, 3, 20], [4, 10, 5, 9], [13, 6, 14, 7], [17, 8, 18, 9]]"
12n_0747_33,"[[17, 8, 18, 9], [10, 21, 11, 22], [5, 12, 6, 13], [23, 15, 24, 14], [7, 16, 8, 17], [18, 1, 19, 2], [20, 3, 21, 4], [22, 11, 23, 12], [15, 1, 16, 24], [2, 19, 3, 20], [4, 10, 5, 9], [13, 6, 14, 7]]"
12n_0747_34,"[[13, 6, 14, 7], [17, 8, 18, 9], [10, 21, 11, 22], [5, 12, 6, 13], [23, 15, 24, 14], [7, 16, 8, 17], [18, 1, 19, 2], [20, 3, 21, 4], [22, 11, 23, 12], [15, 1, 16, 24], [2, 19, 3, 20], [4, 10, 5, 9]]"
12n_0747_35,"[[4, 10, 5, 9], [13, 6, 14, 7], [17, 8, 18, 9], [10, 21, 11, 22], [5, 12, 6, 13], [23, 15, 24, 14], [7, 16, 8, 17], [18, 1, 19, 2], [20, 3, 21, 4], [22, 11, 23, 12], [15, 1, 16, 24], [2, 19, 3, 20]]"
12n_0747_36,"[[3, 20, 4, 21], [5, 11, 6, 10], [14, 7, 15, 8], [18, 9, 19, 10], [11, 22, 12, 23], [6, 13, 7, 14], [24, 16, 1, 15], [8, 17, 9, 18], [19, 2, 20, 3], [21, 4, 22, 5], [23, 12, 24, 13], [16, 2, 17, 1]]"
12n_0747_37,"[[16, 2, 17, 1], [3, 20, 4, 21], [5, 11, 6, 10], [14, 7, 15, 8], [18, 9, 19, 10], [11, 22, 12, 23], [6, 13, 7, 14], [24, 16, 1, 15], [8, 17, 9, 18], [19, 2, 20, 3], [21, 4, 22, 5], [23, 12, 24, 13]]"
12n_0747_38,"[[23, 12, 24, 13], [16, 2, 17, 1], [3, 20, 4, 21], [5, 11, 6, 10], [14, 7, 15, 8], [18, 9, 19, 10], [11, 22, 12, 23], [6, 13, 7, 14], [24, 16, 1, 15], [8, 17, 9, 18], [19, 2, 20, 3], [21, 4, 22, 5]]"
12n_0747_39,"[[21, 4, 22, 5], [23, 12, 24, 13], [16, 2, 17, 1], [3, 20, 4, 21], [5, 11, 6, 10], [14, 7, 15, 8], [18, 9, 19, 10], [11, 22, 12, 23], [6, 13, 7, 14], [24, 16, 1, 15], [8, 17, 9, 18], [19, 2, 20, 3]]"
12n_0747_40,"[[19, 2, 20, 3], [21, 4, 22, 5], [23, 12, 24, 13], [16, 2, 17, 1], [3, 20, 4, 21], [5, 11, 6, 10], [14, 7, 15, 8], [18, 9, 19, 10], [11, 22, 12, 23], [6, 13, 7, 14], [24, 16, 1, 15], [8, 17, 9, 18]]"
12n_0747_41,"[[8, 17, 9, 18], [19, 2, 20, 3], [21, 4, 22, 5], [23, 12, 24, 13], [16, 2, 17, 1], [3, 20, 4, 21], [5, 11, 6, 10], [14, 7, 15, 8], [18, 9, 19, 10], [11, 22, 12, 23], [6, 13, 7, 14], [24, 16, 1, 15]]"
12n_0747_42,"[[24, 16, 1, 15], [8, 17, 9, 18], [19, 2, 20, 3], [21, 4, 22, 5], [23, 12, 24, 13], [16, 2, 17, 1], [3, 20, 4, 21], [5, 11, 6, 10], [14, 7, 15, 8], [18, 9, 19, 10], [11, 22, 12, 23], [6, 13, 7, 14]]"
12n_0747_43,"[[6, 13, 7, 14], [24, 16, 1, 15], [8, 17, 9, 18], [19, 2, 20, 3], [21, 4, 22, 5], [23, 12, 24, 13], [16, 2, 17, 1], [3, 20, 4, 21], [5, 11, 6, 10], [14, 7, 15, 8], [18, 9, 19, 10], [11, 22, 12, 23]]"
12n_0747_44,"[[11, 22, 12, 23], [6, 13, 7, 14], [24, 16, 1, 15], [8, 17, 9, 18], [19, 2, 20, 3], [21, 4, 22, 5], [23, 12, 24, 13], [16, 2, 17, 1], [3, 20, 4, 21], [5, 11, 6, 10], [14, 7, 15, 8], [18, 9, 19, 10]]"
12n_0747_45,"[[18, 9, 19, 10], [11, 22, 12, 23], [6, 13, 7, 14], [24, 16, 1, 15], [8, 17, 9, 18], [19, 2, 20, 3], [21, 4, 22, 5], [23, 12, 24, 13], [16, 2, 17, 1], [3, 20, 4, 21], [5, 11, 6, 10], [14, 7, 15, 8]]"
12n_0747_46,"[[14, 7, 15, 8], [18, 9, 19, 10], [11, 22, 12, 23], [6, 13, 7, 14], [24, 16, 1, 15], [8, 17, 9, 18], [19, 2, 20, 3], [21, 4, 22, 5], [23, 12, 24, 13], [16, 2, 17, 1], [3, 20, 4, 21], [5, 11, 6, 10]]"
12n_0747_47,"[[5, 11, 6, 10], [14, 7, 15, 8], [18, 9, 19, 10], [11, 22, 12, 23], [6, 13, 7, 14], [24, 16, 1, 15], [8, 17, 9, 18], [19, 2, 20, 3], [21, 4, 22, 5], [23, 12, 24, 13], [16, 2, 17, 1], [3, 20, 4, 21]]"
12n_0747_48,"[[4, 21, 5, 22], [6, 12, 7, 11], [15, 8, 16, 9], [19, 10, 20, 11], [12, 23, 13, 24], [7, 14, 8, 15], [1, 17, 2, 16], [9, 18, 10, 19], [20, 3, 21, 4], [22, 5, 23, 6], [24, 13, 1, 14], [17, 3, 18, 2]]"
12n_0747_49,"[[17, 3, 18, 2], [4, 21, 5, 22], [6, 12, 7, 11], [15, 8, 16, 9], [19, 10, 20, 11], [12, 23, 13, 24], [7, 14, 8, 15], [1, 17, 2, 16], [9, 18, 10, 19], [20, 3, 21, 4], [22, 5, 23, 6], [24, 13, 1, 14]]"
12n_0747_50,"[[24, 13, 1, 14], [17, 3, 18, 2], [4, 21, 5, 22], [6, 12, 7, 11], [15, 8, 16, 9], [19, 10, 20, 11], [12, 23, 13, 24], [7, 14, 8, 15], [1, 17, 2, 16], [9, 18, 10, 19], [20, 3, 21, 4], [22, 5, 23, 6]]"
12n_0747_51,"[[22, 5, 23, 6], [24, 13, 1, 14], [17, 3, 18, 2], [4, 21, 5, 22], [6, 12, 7, 11], [15, 8, 16, 9], [19, 10, 20, 11], [12, 23, 13, 24], [7, 14, 8, 15], [1, 17, 2, 16], [9, 18, 10, 19], [20, 3, 21, 4]]"
12n_0747_52,"[[20, 3, 21, 4], [22, 5, 23, 6], [24, 13, 1, 14], [17, 3, 18, 2], [4, 21, 5, 22], [6, 12, 7, 11], [15, 8, 16, 9], [19, 10, 20, 11], [12, 23, 13, 24], [7, 14, 8, 15], [1, 17, 2, 16], [9, 18, 10, 19]]"
12n_0747_53,"[[9, 18, 10, 19], [20, 3, 21, 4], [22, 5, 23, 6], [24, 13, 1, 14], [17, 3, 18, 2], [4, 21, 5, 22], [6, 12, 7, 11], [15, 8, 16, 9], [19, 10, 20, 11], [12, 23, 13, 24], [7, 14, 8, 15], [1, 17, 2, 16]]"
12n_0747_54,"[[1, 17, 2, 16], [9, 18, 10, 19], [20, 3, 21, 4], [22, 5, 23, 6], [24, 13, 1, 14], [17, 3, 18, 2], [4, 21, 5, 22], [6, 12, 7, 11], [15, 8, 16, 9], [19, 10, 20, 11], [12, 23, 13, 24], [7, 14, 8, 15]]"
12n_0747_55,"[[7, 14, 8, 15], [1, 17, 2, 16], [9, 18, 10, 19], [20, 3, 21, 4], [22, 5, 23, 6], [24, 13, 1, 14], [17, 3, 18, 2], [4, 21, 5, 22], [6, 12, 7, 11], [15, 8, 16, 9], [19, 10, 20, 11], [12, 23, 13, 24]]"
12n_0747_56,"[[12, 23, 13, 24], [7, 14, 8, 15], [1, 17, 2, 16], [9, 18, 10, 19], [20, 3, 21, 4], [22, 5, 23, 6], [24, 13, 1, 14], [17, 3, 18, 2], [4, 21, 5, 22], [6, 12, 7, 11], [15, 8, 16, 9], [19, 10, 20, 11]]"
12n_0747_57,"[[19, 10, 20, 11], [12, 23, 13, 24], [7, 14, 8, 15], [1, 17, 2, 16], [9, 18, 10, 19], [20, 3, 21, 4], [22, 5, 23, 6], [24, 13, 1, 14], [17, 3, 18, 2], [4, 21, 5, 22], [6, 12, 7, 11], [15, 8, 16, 9]]"
12n_0747_58,"[[15, 8, 16, 9], [19, 10, 20, 11], [12, 23, 13, 24], [7, 14, 8, 15], [1, 17, 2, 16], [9, 18, 10, 19], [20, 3, 21, 4], [22, 5, 23, 6], [24, 13, 1, 14], [17, 3, 18, 2], [4, 21, 5, 22], [6, 12, 7, 11]]"
12n_0747_59,"[[6, 12, 7, 11], [15, 8, 16, 9], [19, 10, 20, 11], [12, 23, 13, 24], [7, 14, 8, 15], [1, 17, 2, 16], [9, 18, 10, 19], [20, 3, 21, 4], [22, 5, 23, 6], [24, 13, 1, 14], [17, 3, 18, 2], [4, 21, 5, 22]]"
12n_0747_60,"[[5, 22, 6, 23], [7, 13, 8, 12], [16, 9, 17, 10], [20, 11, 21, 12], [13, 24, 14, 1], [8, 15, 9, 16], [2, 18, 3, 17], [10, 19, 11, 20], [21, 4, 22, 5], [23, 6, 24, 7], [1, 14, 2, 15], [18, 4, 19, 3]]"
12n_0747_61,"[[18, 4, 19, 3], [5, 22, 6, 23], [7, 13, 8, 12], [16, 9, 17, 10], [20, 11, 21, 12], [13, 24, 14, 1], [8, 15, 9, 16], [2, 18, 3, 17], [10, 19, 11, 20], [21, 4, 22, 5], [23, 6, 24, 7], [1, 14, 2, 15]]"
12n_0747_62,"[[1, 14, 2, 15], [18, 4, 19, 3], [5, 22, 6, 23], [7, 13, 8, 12], [16, 9, 17, 10], [20, 11, 21, 12], [13, 24, 14, 1], [8, 15, 9, 16], [2, 18, 3, 17], [10, 19, 11, 20], [21, 4, 22, 5], [23, 6, 24, 7]]"
12n_0747_63,"[[23, 6, 24, 7], [1, 14, 2, 15], [18, 4, 19, 3], [5, 22, 6, 23], [7, 13, 8, 12], [16, 9, 17, 10], [20, 11, 21, 12], [13, 24, 14, 1], [8, 15, 9, 16], [2, 18, 3, 17], [10, 19, 11, 20], [21, 4, 22, 5]]"
12n_0747_64,"[[21, 4, 22, 5], [23, 6, 24, 7], [1, 14, 2, 15], [18, 4, 19, 3], [5, 22, 6, 23], [7, 13, 8, 12], [16, 9, 17, 10], [20, 11, 21, 12], [13, 24, 14, 1], [8, 15, 9, 16], [2, 18, 3, 17], [10, 19, 11, 20]]"
12n_0747_65,"[[10, 19, 11, 20], [21, 4, 22, 5], [23, 6, 24, 7], [1, 14, 2, 15], [18, 4, 19, 3], [5, 22, 6, 23], [7, 13, 8, 12], [16, 9, 17, 10], [20, 11, 21, 12], [13, 24, 14, 1], [8, 15, 9, 16], [2, 18, 3, 17]]"
12n_0747_66,"[[2, 18, 3, 17], [10, 19, 11, 20], [21, 4, 22, 5], [23, 6, 24, 7], [1, 14, 2, 15], [18, 4, 19, 3], [5, 22, 6, 23], [7, 13, 8, 12], [16, 9, 17, 10], [20, 11, 21, 12], [13, 24, 14, 1], [8, 15, 9, 16]]"
12n_0747_67,"[[8, 15, 9, 16], [2, 18, 3, 17], [10, 19, 11, 20], [21, 4, 22, 5], [23, 6, 24, 7], [1, 14, 2, 15], [18, 4, 19, 3], [5, 22, 6, 23], [7, 13, 8, 12], [16, 9, 17, 10], [20, 11, 21, 12], [13, 24, 14, 1]]"
12n_0747_68,"[[13, 24, 14, 1], [8, 15, 9, 16], [2, 18, 3, 17], [10, 19, 11, 20], [21, 4, 22, 5], [23, 6, 24, 7], [1, 14, 2, 15], [18, 4, 19, 3], [5, 22, 6, 23], [7, 13, 8, 12], [16, 9, 17, 10], [20, 11, 21, 12]]"
12n_0747_69,"[[20, 11, 21, 12], [13, 24, 14, 1], [8, 15, 9, 16], [2, 18, 3, 17], [10, 19, 11, 20], [21, 4, 22, 5], [23, 6, 24, 7], [1, 14, 2, 15], [18, 4, 19, 3], [5, 22, 6, 23], [7, 13, 8, 12], [16, 9, 17, 10]]"
12n_0747_70,"[[16, 9, 17, 10], [20, 11, 21, 12], [13, 24, 14, 1], [8, 15, 9, 16], [2, 18, 3, 17], [10, 19, 11, 20], [21, 4, 22, 5], [23, 6, 24, 7], [1, 14, 2, 15], [18, 4, 19, 3], [5, 22, 6, 23], [7, 13, 8, 12]]"
12n_0747_71,"[[7, 13, 8, 12], [16, 9, 17, 10], [20, 11, 21, 12], [13, 24, 14, 1], [8, 15, 9, 16], [2, 18, 3, 17], [10, 19, 11, 20], [21, 4, 22, 5], [23, 6, 24, 7], [1, 14, 2, 15], [18, 4, 19, 3], [5, 22, 6, 23]]"
12n_0747_72,"[[6, 23, 7, 24], [8, 14, 9, 13], [17, 10, 18, 11], [21, 12, 22, 13], [14, 1, 15, 2], [9, 16, 10, 17], [3, 19, 4, 18], [11, 20, 12, 21], [22, 5, 23, 6], [24, 7, 1, 8], [2, 15, 3, 16], [19, 5, 20, 4]]"
12n_0747_73,"[[19, 5, 20, 4], [6, 23, 7, 24], [8, 14, 9, 13], [17, 10, 18, 11], [21, 12, 22, 13], [14, 1, 15, 2], [9, 16, 10, 17], [3, 19, 4, 18], [11, 20, 12, 21], [22, 5, 23, 6], [24, 7, 1, 8], [2, 15, 3, 16]]"
12n_0747_74,"[[2, 15, 3, 16], [19, 5, 20, 4], [6, 23, 7, 24], [8, 14, 9, 13], [17, 10, 18, 11], [21, 12, 22, 13], [14, 1, 15, 2], [9, 16, 10, 17], [3, 19, 4, 18], [11, 20, 12, 21], [22, 5, 23, 6], [24, 7, 1, 8]]"
12n_0747_75,"[[24, 7, 1, 8], [2, 15, 3, 16], [19, 5, 20, 4], [6, 23, 7, 24], [8, 14, 9, 13], [17, 10, 18, 11], [21, 12, 22, 13], [14, 1, 15, 2], [9, 16, 10, 17], [3, 19, 4, 18], [11, 20, 12, 21], [22, 5, 23, 6]]"
12n_0747_76,"[[22, 5, 23, 6], [24, 7, 1, 8], [2, 15, 3, 16], [19, 5, 20, 4], [6, 23, 7, 24], [8, 14, 9, 13], [17, 10, 18, 11], [21, 12, 22, 13], [14, 1, 15, 2], [9, 16, 10, 17], [3, 19, 4, 18], [11, 20, 12, 21]]"
12n_0747_77,"[[11, 20, 12, 21], [22, 5, 23, 6], [24, 7, 1, 8], [2, 15, 3, 16], [19, 5, 20, 4], [6, 23, 7, 24], [8, 14, 9, 13], [17, 10, 18, 11], [21, 12, 22, 13], [14, 1, 15, 2], [9, 16, 10, 17], [3, 19, 4, 18]]"
12n_0747_78,"[[3, 19, 4, 18], [11, 20, 12, 21], [22, 5, 23, 6], [24, 7, 1, 8], [2, 15, 3, 16], [19, 5, 20, 4], [6, 23, 7, 24], [8, 14, 9, 13], [17, 10, 18, 11], [21, 12, 22, 13], [14, 1, 15, 2], [9, 16, 10, 17]]"
12n_0747_79,"[[9, 16, 10, 17], [3, 19, 4, 18], [11, 20, 12, 21], [22, 5, 23, 6], [24, 7, 1, 8], [2, 15, 3, 16], [19, 5, 20, 4], [6, 23, 7, 24], [8, 14, 9, 13], [17, 10, 18, 11], [21, 12, 22, 13], [14, 1, 15, 2]]"
12n_0747_80,"[[14, 1, 15, 2], [9, 16, 10, 17], [3, 19, 4, 18], [11, 20, 12, 21], [22, 5, 23, 6], [24, 7, 1, 8], [2, 15, 3, 16], [19, 5, 20, 4], [6, 23, 7, 24], [8, 14, 9, 13], [17, 10, 18, 11], [21, 12, 22, 13]]"
12n_0747_81,"[[21, 12, 22, 13], [14, 1, 15, 2], [9, 16, 10, 17], [3, 19, 4, 18], [11, 20, 12, 21], [22, 5, 23, 6], [24, 7, 1, 8], [2, 15, 3, 16], [19, 5, 20, 4], [6, 23, 7, 24], [8, 14, 9, 13], [17, 10, 18, 11]]"
12n_0747_82,"[[17, 10, 18, 11], [21, 12, 22, 13], [14, 1, 15, 2], [9, 16, 10, 17], [3, 19, 4, 18], [11, 20, 12, 21], [22, 5, 23, 6], [24, 7, 1, 8], [2, 15, 3, 16], [19, 5, 20, 4], [6, 23, 7, 24], [8, 14, 9, 13]]"
12n_0747_83,"[[8, 14, 9, 13], [17, 10, 18, 11], [21, 12, 22, 13], [14, 1, 15, 2], [9, 16, 10, 17], [3, 19, 4, 18], [11, 20, 12, 21], [22, 5, 23, 6], [24, 7, 1, 8], [2, 15, 3, 16], [19, 5, 20, 4], [6, 23, 7, 24]]"
12n_0747_84,"[[7, 24, 8, 1], [9, 15, 10, 14], [18, 11, 19, 12], [22, 13, 23, 14], [15, 2, 16, 3], [10, 17, 11, 18], [4, 20, 5, 19], [12, 21, 13, 22], [23, 6, 24, 7], [1, 8, 2, 9], [3, 16, 4, 17], [20, 6, 21, 5]]"
12n_0747_85,"[[20, 6, 21, 5], [7, 24, 8, 1], [9, 15, 10, 14], [18, 11, 19, 12], [22, 13, 23, 14], [15, 2, 16, 3], [10, 17, 11, 18], [4, 20, 5, 19], [12, 21, 13, 22], [23, 6, 24, 7], [1, 8, 2, 9], [3, 16, 4, 17]]"
12n_0747_86,"[[3, 16, 4, 17], [20, 6, 21, 5], [7, 24, 8, 1], [9, 15, 10, 14], [18, 11, 19, 12], [22, 13, 23, 14], [15, 2, 16, 3], [10, 17, 11, 18], [4, 20, 5, 19], [12, 21, 13, 22], [23, 6, 24, 7], [1, 8, 2, 9]]"
12n_0747_87,"[[1, 8, 2, 9], [3, 16, 4, 17], [20, 6, 21, 5], [7, 24, 8, 1], [9, 15, 10, 14], [18, 11, 19, 12], [22, 13, 23, 14], [15, 2, 16, 3], [10, 17, 11, 18], [4, 20, 5, 19], [12, 21, 13, 22], [23, 6, 24, 7]]"
12n_0747_88,"[[23, 6, 24, 7], [1, 8, 2, 9], [3, 16, 4, 17], [20, 6, 21, 5], [7, 24, 8, 1], [9, 15, 10, 14], [18, 11, 19, 12], [22, 13, 23, 14], [15, 2, 16, 3], [10, 17, 11, 18], [4, 20, 5, 19], [12, 21, 13, 22]]"
12n_0747_89,"[[12, 21, 13, 22], [23, 6, 24, 7], [1, 8, 2, 9], [3, 16, 4, 17], [20, 6, 21, 5], [7, 24, 8, 1], [9, 15, 10, 14], [18, 11, 19, 12], [22, 13, 23, 14], [15, 2, 16, 3], [10, 17, 11, 18], [4, 20, 5, 19]]"
12n_0747_90,"[[4, 20, 5, 19], [12, 21, 13, 22], [23, 6, 24, 7], [1, 8, 2, 9], [3, 16, 4, 17], [20, 6, 21, 5], [7, 24, 8, 1], [9, 15, 10, 14], [18, 11, 19, 12], [22, 13, 23, 14], [15, 2, 16, 3], [10, 17, 11, 18]]"
12n_0747_91,"[[10, 17, 11, 18], [4, 20, 5, 19], [12, 21, 13, 22], [23, 6, 24, 7], [1, 8, 2, 9], [3, 16, 4, 17], [20, 6, 21, 5], [7, 24, 8, 1], [9, 15, 10, 14], [18, 11, 19, 12], [22, 13, 23, 14], [15, 2, 16, 3]]"
12n_0747_92,"[[15, 2, 16, 3], [10, 17, 11, 18], [4, 20, 5, 19], [12, 21, 13, 22], [23, 6, 24, 7], [1, 8, 2, 9], [3, 16, 4, 17], [20, 6, 21, 5], [7, 24, 8, 1], [9, 15, 10, 14], [18, 11, 19, 12], [22, 13, 23, 14]]"
12n_0747_93,"[[22, 13, 23, 14], [15, 2, 16, 3], [10, 17, 11, 18], [4, 20, 5, 19], [12, 21, 13, 22], [23, 6, 24, 7], [1, 8, 2, 9], [3, 16, 4, 17], [20, 6, 21, 5], [7, 24, 8, 1], [9, 15, 10, 14], [18, 11, 19, 12]]"
12n_0747_94,"[[18, 11, 19, 12], [22, 13, 23, 14], [15, 2, 16, 3], [10, 17, 11, 18], [4, 20, 5, 19], [12, 21, 13, 22], [23, 6, 24, 7], [1, 8, 2, 9], [3, 16, 4, 17], [20, 6, 21, 5], [7, 24, 8, 1], [9, 15, 10, 14]]"
12n_0747_95,"[[9, 15, 10, 14], [18, 11, 19, 12], [22, 13, 23, 14], [15, 2, 16, 3], [10, 17, 11, 18], [4, 20, 5, 19], [12, 21, 13, 22], [23, 6, 24, 7], [1, 8, 2, 9], [3, 16, 4, 17], [20, 6, 21, 5], [7, 24, 8, 1]]"
12n_0747_96,"[[8, 1, 9, 2], [10, 16, 11, 15], [19, 12, 20, 13], [23, 14, 24, 15], [16, 3, 17, 4], [11, 18, 12, 19], [5, 21, 6, 20], [13, 22, 14, 23], [24, 7, 1, 8], [2, 9, 3, 10], [4, 17, 5, 18], [21, 7, 22, 6]]"
12n_0747_97,"[[21, 7, 22, 6], [8, 1, 9, 2], [10, 16, 11, 15], [19, 12, 20, 13], [23, 14, 24, 15], [16, 3, 17, 4], [11, 18, 12, 19], [5, 21, 6, 20], [13, 22, 14, 23], [24, 7, 1, 8], [2, 9, 3, 10], [4, 17, 5, 18]]"
12n_0747_98,"[[4, 17, 5, 18], [21, 7, 22, 6], [8, 1, 9, 2], [10, 16, 11, 15], [19, 12, 20, 13], [23, 14, 24, 15], [16, 3, 17, 4], [11, 18, 12, 19], [5, 21, 6, 20], [13, 22, 14, 23], [24, 7, 1, 8], [2, 9, 3, 10]]"
12n_0747_99,"[[2, 9, 3, 10], [4, 17, 5, 18], [21, 7, 22, 6], [8, 1, 9, 2], [10, 16, 11, 15], [19, 12, 20, 13], [23, 14, 24, 15], [16, 3, 17, 4], [11, 18, 12, 19], [5, 21, 6, 20], [13, 22, 14, 23], [24, 7, 1, 8]]"
12n_0747_100,"[[24, 7, 1, 8], [2, 9, 3, 10], [4, 17, 5, 18], [21, 7, 22, 6], [8, 1, 9, 2], [10, 16, 11, 15], [19, 12, 20, 13], [23, 14, 24, 15], [16, 3, 17, 4], [11, 18, 12, 19], [5, 21, 6, 20], [13, 22, 14, 23]]"
12n_0747_101,"[[13, 22, 14, 23], [24, 7, 1, 8], [2, 9, 3, 10], [4, 17, 5, 18], [21, 7, 22, 6], [8, 1, 9, 2], [10, 16, 11, 15], [19, 12, 20, 13], [23, 14, 24, 15], [16, 3, 17, 4], [11, 18, 12, 19], [5, 21, 6, 20]]"
12n_0747_102,"[[5, 21, 6, 20], [13, 22, 14, 23], [24, 7, 1, 8], [2, 9, 3, 10], [4, 17, 5, 18], [21, 7, 22, 6], [8, 1, 9, 2], [10, 16, 11, 15], [19, 12, 20, 13], [23, 14, 24, 15], [16, 3, 17, 4], [11, 18, 12, 19]]"
12n_0747_103,"[[11, 18, 12, 19], [5, 21, 6, 20], [13, 22, 14, 23], [24, 7, 1, 8], [2, 9, 3, 10], [4, 17, 5, 18], [21, 7, 22, 6], [8, 1, 9, 2], [10, 16, 11, 15], [19, 12, 20, 13], [23, 14, 24, 15], [16, 3, 17, 4]]"
12n_0747_104,"[[16, 3, 17, 4], [11, 18, 12, 19], [5, 21, 6, 20], [13, 22, 14, 23], [24, 7, 1, 8], [2, 9, 3, 10], [4, 17, 5, 18], [21, 7, 22, 6], [8, 1, 9, 2], [10, 16, 11, 15], [19, 12, 20, 13], [23, 14, 24, 15]]"
12n_0747_105,"[[23, 14, 24, 15], [16, 3, 17, 4], [11, 18, 12, 19], [5, 21, 6, 20], [13, 22, 14, 23], [24, 7, 1, 8], [2, 9, 3, 10], [4, 17, 5, 18], [21, 7, 22, 6], [8, 1, 9, 2], [10, 16, 11, 15], [19, 12, 20, 13]]"
12n_0747_106,"[[19, 12, 20, 13], [23, 14, 24, 15], [16, 3, 17, 4], [11, 18, 12, 19], [5, 21, 6, 20], [13, 22, 14, 23], [24, 7, 1, 8], [2, 9, 3, 10], [4, 17, 5, 18], [21, 7, 22, 6], [8, 1, 9, 2], [10, 16, 11, 15]]"
12n_0747_107,"[[10, 16, 11, 15], [19, 12, 20, 13], [23, 14, 24, 15], [16, 3, 17, 4], [11, 18, 12, 19], [5, 21, 6, 20], [13, 22, 14, 23], [24, 7, 1, 8], [2, 9, 3, 10], [4, 17, 5, 18], [21, 7, 22, 6], [8, 1, 9, 2]]"
12n_0747_108,"[[9, 2, 10, 3], [11, 17, 12, 16], [20, 13, 21, 14], [24, 15, 1, 16], [17, 4, 18, 5], [12, 19, 13, 20], [6, 22, 7, 21], [14, 23, 15, 24], [1, 8, 2, 9], [3, 10, 4, 11], [5, 18, 6, 19], [22, 8, 23, 7]]"
12n_0747_109,"[[22, 8, 23, 7], [9, 2, 10, 3], [11, 17, 12, 16], [20, 13, 21, 14], [24, 15, 1, 16], [17, 4, 18, 5], [12, 19, 13, 20], [6, 22, 7, 21], [14, 23, 15, 24], [1, 8, 2, 9], [3, 10, 4, 11], [5, 18, 6, 19]]"
12n_0747_110,"[[5, 18, 6, 19], [22, 8, 23, 7], [9, 2, 10, 3], [11, 17, 12, 16], [20, 13, 21, 14], [24, 15, 1, 16], [17, 4, 18, 5], [12, 19, 13, 20], [6, 22, 7, 21], [14, 23, 15, 24], [1, 8, 2, 9], [3, 10, 4, 11]]"
12n_0747_111,"[[3, 10, 4, 11], [5, 18, 6, 19], [22, 8, 23, 7], [9, 2, 10, 3], [11, 17, 12, 16], [20, 13, 21, 14], [24, 15, 1, 16], [17, 4, 18, 5], [12, 19, 13, 20], [6, 22, 7, 21], [14, 23, 15, 24], [1, 8, 2, 9]]"
12n_0747_112,"[[1, 8, 2, 9], [3, 10, 4, 11], [5, 18, 6, 19], [22, 8, 23, 7], [9, 2, 10, 3], [11, 17, 12, 16], [20, 13, 21, 14], [24, 15, 1, 16], [17, 4, 18, 5], [12, 19, 13, 20], [6, 22, 7, 21], [14, 23, 15, 24]]"
12n_0747_113,"[[14, 23, 15, 24], [1, 8, 2, 9], [3, 10, 4, 11], [5, 18, 6, 19], [22, 8, 23, 7], [9, 2, 10, 3], [11, 17, 12, 16], [20, 13, 21, 14], [24, 15, 1, 16], [17, 4, 18, 5], [12, 19, 13, 20], [6, 22, 7, 21]]"
12n_0747_114,"[[6, 22, 7, 21], [14, 23, 15, 24], [1, 8, 2, 9], [3, 10, 4, 11], [5, 18, 6, 19], [22, 8, 23, 7], [9, 2, 10, 3], [11, 17, 12, 16], [20, 13, 21, 14], [24, 15, 1, 16], [17, 4, 18, 5], [12, 19, 13, 20]]"
12n_0747_115,"[[12, 19, 13, 20], [6, 22, 7, 21], [14, 23, 15, 24], [1, 8, 2, 9], [3, 10, 4, 11], [5, 18, 6, 19], [22, 8, 23, 7], [9, 2, 10, 3], [11, 17, 12, 16], [20, 13, 21, 14], [24, 15, 1, 16], [17, 4, 18, 5]]"
12n_0747_116,"[[17, 4, 18, 5], [12, 19, 13, 20], [6, 22, 7, 21], [14, 23, 15, 24], [1, 8, 2, 9], [3, 10, 4, 11], [5, 18, 6, 19], [22, 8, 23, 7], [9, 2, 10, 3], [11, 17, 12, 16], [20, 13, 21, 14], [24, 15, 1, 16]]"
12n_0747_117,"[[24, 15, 1, 16], [17, 4, 18, 5], [12, 19, 13, 20], [6, 22, 7, 21], [14, 23, 15, 24], [1, 8, 2, 9], [3, 10, 4, 11], [5, 18, 6, 19], [22, 8, 23, 7], [9, 2, 10, 3], [11, 17, 12, 16], [20, 13, 21, 14]]"
12n_0747_118,"[[20, 13, 21, 14], [24, 15, 1, 16], [17, 4, 18, 5], [12, 19, 13, 20], [6, 22, 7, 21], [14, 23, 15, 24], [1, 8, 2, 9], [3, 10, 4, 11], [5, 18, 6, 19], [22, 8, 23, 7], [9, 2, 10, 3], [11, 17, 12, 16]]"
12n_0747_119,"[[11, 17, 12, 16], [20, 13, 21, 14], [24, 15, 1, 16], [17, 4, 18, 5], [12, 19, 13, 20], [6, 22, 7, 21], [14, 23, 15, 24], [1, 8, 2, 9], [3, 10, 4, 11], [5, 18, 6, 19], [22, 8, 23, 7], [9, 2, 10, 3]]"
12n_0747_120,"[[10, 3, 11, 4], [12, 18, 13, 17], [21, 14, 22, 15], [1, 16, 2, 17], [18, 5, 19, 6], [13, 20, 14, 21], [7, 23, 8, 22], [15, 24, 16, 1], [2, 9, 3, 10], [4, 11, 5, 12], [6, 19, 7, 20], [23, 9, 24, 8]]"
12n_0747_121,"[[23, 9, 24, 8], [10, 3, 11, 4], [12, 18, 13, 17], [21, 14, 22, 15], [1, 16, 2, 17], [18, 5, 19, 6], [13, 20, 14, 21], [7, 23, 8, 22], [15, 24, 16, 1], [2, 9, 3, 10], [4, 11, 5, 12], [6, 19, 7, 20]]"
12n_0747_122,"[[6, 19, 7, 20], [23, 9, 24, 8], [10, 3, 11, 4], [12, 18, 13, 17], [21, 14, 22, 15], [1, 16, 2, 17], [18, 5, 19, 6], [13, 20, 14, 21], [7, 23, 8, 22], [15, 24, 16, 1], [2, 9, 3, 10], [4, 11, 5, 12]]"
12n_0747_123,"[[4, 11, 5, 12], [6, 19, 7, 20], [23, 9, 24, 8], [10, 3, 11, 4], [12, 18, 13, 17], [21, 14, 22, 15], [1, 16, 2, 17], [18, 5, 19, 6], [13, 20, 14, 21], [7, 23, 8, 22], [15, 24, 16, 1], [2, 9, 3, 10]]"
12n_0747_124,"[[2, 9, 3, 10], [4, 11, 5, 12], [6, 19, 7, 20], [23, 9, 24, 8], [10, 3, 11, 4], [12, 18, 13, 17], [21, 14, 22, 15], [1, 16, 2, 17], [18, 5, 19, 6], [13, 20, 14, 21], [7, 23, 8, 22], [15, 24, 16, 1]]"
12n_0747_125,"[[15, 24, 16, 1], [2, 9, 3, 10], [4, 11, 5, 12], [6, 19, 7, 20], [23, 9, 24, 8], [10, 3, 11, 4], [12, 18, 13, 17], [21, 14, 22, 15], [1, 16, 2, 17], [18, 5, 19, 6], [13, 20, 14, 21], [7, 23, 8, 22]]"
12n_0747_126,"[[7, 23, 8, 22], [15, 24, 16, 1], [2, 9, 3, 10], [4, 11, 5, 12], [6, 19, 7, 20], [23, 9, 24, 8], [10, 3, 11, 4], [12, 18, 13, 17], [21, 14, 22, 15], [1, 16, 2, 17], [18, 5, 19, 6], [13, 20, 14, 21]]"
12n_0747_127,"[[13, 20, 14, 21], [7, 23, 8, 22], [15, 24, 16, 1], [2, 9, 3, 10], [4, 11, 5, 12], [6, 19, 7, 20], [23, 9, 24, 8], [10, 3, 11, 4], [12, 18, 13, 17], [21, 14, 22, 15], [1, 16, 2, 17], [18, 5, 19, 6]]"
12n_0747_128,"[[18, 5, 19, 6], [13, 20, 14, 21], [7, 23, 8, 22], [15, 24, 16, 1], [2, 9, 3, 10], [4, 11, 5, 12], [6, 19, 7, 20], [23, 9, 24, 8], [10, 3, 11, 4], [12, 18, 13, 17], [21, 14, 22, 15], [1, 16, 2, 17]]"
12n_0747_129,"[[1, 16, 2, 17], [18, 5, 19, 6], [13, 20, 14, 21], [7, 23, 8, 22], [15, 24, 16, 1], [2, 9, 3, 10], [4, 11, 5, 12], [6, 19, 7, 20], [23, 9, 24, 8], [10, 3, 11, 4], [12, 18, 13, 17], [21, 14, 22, 15]]"
12n_0747_130,"[[21, 14, 22, 15], [1, 16, 2, 17], [18, 5, 19, 6], [13, 20, 14, 21], [7, 23, 8, 22], [15, 24, 16, 1], [2, 9, 3, 10], [4, 11, 5, 12], [6, 19, 7, 20], [23, 9, 24, 8], [10, 3, 11, 4], [12, 18, 13, 17]]"
12n_0747_131,"[[12, 18, 13, 17], [21, 14, 22, 15], [1, 16, 2, 17], [18, 5, 19, 6], [13, 20, 14, 21], [7, 23, 8, 22], [15, 24, 16, 1], [2, 9, 3, 10], [4, 11, 5, 12], [6, 19, 7, 20], [23, 9, 24, 8], [10, 3, 11, 4]]"
12n_0747_132,"[[11, 4, 12, 5], [13, 19, 14, 18], [22, 15, 23, 16], [2, 17, 3, 18], [19, 6, 20, 7], [14, 21, 15, 22], [8, 24, 9, 23], [16, 1, 17, 2], [3, 10, 4, 11], [5, 12, 6, 13], [7, 20, 8, 21], [24, 10, 1, 9]]"
12n_0747_133,"[[24, 10, 1, 9], [11, 4, 12, 5], [13, 19, 14, 18], [22, 15, 23, 16], [2, 17, 3, 18], [19, 6, 20, 7], [14, 21, 15, 22], [8, 24, 9, 23], [16, 1, 17, 2], [3, 10, 4, 11], [5, 12, 6, 13], [7, 20, 8, 21]]"
12n_0747_134,"[[7, 20, 8, 21], [24, 10, 1, 9], [11, 4, 12, 5], [13, 19, 14, 18], [22, 15, 23, 16], [2, 17, 3, 18], [19, 6, 20, 7], [14, 21, 15, 22], [8, 24, 9, 23], [16, 1, 17, 2], [3, 10, 4, 11], [5, 12, 6, 13]]"
12n_0747_135,"[[5, 12, 6, 13], [7, 20, 8, 21], [24, 10, 1, 9], [11, 4, 12, 5], [13, 19, 14, 18], [22, 15, 23, 16], [2, 17, 3, 18], [19, 6, 20, 7], [14, 21, 15, 22], [8, 24, 9, 23], [16, 1, 17, 2], [3, 10, 4, 11]]"
12n_0747_136,"[[3, 10, 4, 11], [5, 12, 6, 13], [7, 20, 8, 21], [24, 10, 1, 9], [11, 4, 12, 5], [13, 19, 14, 18], [22, 15, 23, 16], [2, 17, 3, 18], [19, 6, 20, 7], [14, 21, 15, 22], [8, 24, 9, 23], [16, 1, 17, 2]]"
12n_0747_137,"[[16, 1, 17, 2], [3, 10, 4, 11], [5, 12, 6, 13], [7, 20, 8, 21], [24, 10, 1, 9], [11, 4, 12, 5], [13, 19, 14, 18], [22, 15, 23, 16], [2, 17, 3, 18], [19, 6, 20, 7], [14, 21, 15, 22], [8, 24, 9, 23]]"
12n_0747_138,"[[8, 24, 9, 23], [16, 1, 17, 2], [3, 10, 4, 11], [5, 12, 6, 13], [7, 20, 8, 21], [24, 10, 1, 9], [11, 4, 12, 5], [13, 19, 14, 18], [22, 15, 23, 16], [2, 17, 3, 18], [19, 6, 20, 7], [14, 21, 15, 22]]"
12n_0747_139,"[[14, 21, 15, 22], [8, 24, 9, 23], [16, 1, 17, 2], [3, 10, 4, 11], [5, 12, 6, 13], [7, 20, 8, 21], [24, 10, 1, 9], [11, 4, 12, 5], [13, 19, 14, 18], [22, 15, 23, 16], [2, 17, 3, 18], [19, 6, 20, 7]]"
12n_0747_140,"[[19, 6, 20, 7], [14, 21, 15, 22], [8, 24, 9, 23], [16, 1, 17, 2], [3, 10, 4, 11], [5, 12, 6, 13], [7, 20, 8, 21], [24, 10, 1, 9], [11, 4, 12, 5], [13, 19, 14, 18], [22, 15, 23, 16], [2, 17, 3, 18]]"
12n_0747_141,"[[2, 17, 3, 18], [19, 6, 20, 7], [14, 21, 15, 22], [8, 24, 9, 23], [16, 1, 17, 2], [3, 10, 4, 11], [5, 12, 6, 13], [7, 20, 8, 21], [24, 10, 1, 9], [11, 4, 12, 5], [13, 19, 14, 18], [22, 15, 23, 16]]"
12n_0747_142,"[[22, 15, 23, 16], [2, 17, 3, 18], [19, 6, 20, 7], [14, 21, 15, 22], [8, 24, 9, 23], [16, 1, 17, 2], [3, 10, 4, 11], [5, 12, 6, 13], [7, 20, 8, 21], [24, 10, 1, 9], [11, 4, 12, 5], [13, 19, 14, 18]]"
12n_0747_143,"[[13, 19, 14, 18], [22, 15, 23, 16], [2, 17, 3, 18], [19, 6, 20, 7], [14, 21, 15, 22], [8, 24, 9, 23], [16, 1, 17, 2], [3, 10, 4, 11], [5, 12, 6, 13], [7, 20, 8, 21], [24, 10, 1, 9], [11, 4, 12, 5]]"
12n_0747_144,"[[12, 5, 13, 6], [14, 20, 15, 19], [23, 16, 24, 17], [3, 18, 4, 19], [20, 7, 21, 8], [15, 22, 16, 23], [9, 1, 10, 24], [17, 2, 18, 3], [4, 11, 5, 12], [6, 13, 7, 14], [8, 21, 9, 22], [1, 11, 2, 10]]"
12n_0747_145,"[[1, 11, 2, 10], [12, 5, 13, 6], [14, 20, 15, 19], [23, 16, 24, 17], [3, 18, 4, 19], [20, 7, 21, 8], [15, 22, 16, 23], [9, 1, 10, 24], [17, 2, 18, 3], [4, 11, 5, 12], [6, 13, 7, 14], [8, 21, 9, 22]]"
12n_0747_146,"[[8, 21, 9, 22], [1, 11, 2, 10], [12, 5, 13, 6], [14, 20, 15, 19], [23, 16, 24, 17], [3, 18, 4, 19], [20, 7, 21, 8], [15, 22, 16, 23], [9, 1, 10, 24], [17, 2, 18, 3], [4, 11, 5, 12], [6, 13, 7, 14]]"
12n_0747_147,"[[6, 13, 7, 14], [8, 21, 9, 22], [1, 11, 2, 10], [12, 5, 13, 6], [14, 20, 15, 19], [23, 16, 24, 17], [3, 18, 4, 19], [20, 7, 21, 8], [15, 22, 16, 23], [9, 1, 10, 24], [17, 2, 18, 3], [4, 11, 5, 12]]"
12n_0747_148,"[[4, 11, 5, 12], [6, 13, 7, 14], [8, 21, 9, 22], [1, 11, 2, 10], [12, 5, 13, 6], [14, 20, 15, 19], [23, 16, 24, 17], [3, 18, 4, 19], [20, 7, 21, 8], [15, 22, 16, 23], [9, 1, 10, 24], [17, 2, 18, 3]]"
12n_0747_149,"[[17, 2, 18, 3], [4, 11, 5, 12], [6, 13, 7, 14], [8, 21, 9, 22], [1, 11, 2, 10], [12, 5, 13, 6], [14, 20, 15, 19], [23, 16, 24, 17], [3, 18, 4, 19], [20, 7, 21, 8], [15, 22, 16, 23], [9, 1, 10, 24]]"
12n_0747_150,"[[9, 1, 10, 24], [17, 2, 18, 3], [4, 11, 5, 12], [6, 13, 7, 14], [8, 21, 9, 22], [1, 11, 2, 10], [12, 5, 13, 6], [14, 20, 15, 19], [23, 16, 24, 17], [3, 18, 4, 19], [20, 7, 21, 8], [15, 22, 16, 23]]"
12n_0747_151,"[[15, 22, 16, 23], [9, 1, 10, 24], [17, 2, 18, 3], [4, 11, 5, 12], [6, 13, 7, 14], [8, 21, 9, 22], [1, 11, 2, 10], [12, 5, 13, 6], [14, 20, 15, 19], [23, 16, 24, 17], [3, 18, 4, 19], [20, 7, 21, 8]]"
12n_0747_152,"[[20, 7, 21, 8], [15, 22, 16, 23], [9, 1, 10, 24], [17, 2, 18, 3], [4, 11, 5, 12], [6, 13, 7, 14], [8, 21, 9, 22], [1, 11, 2, 10], [12, 5, 13, 6], [14, 20, 15, 19], [23, 16, 24, 17], [3, 18, 4, 19]]"
12n_0747_153,"[[3, 18, 4, 19], [20, 7, 21, 8], [15, 22, 16, 23], [9, 1, 10, 24], [17, 2, 18, 3], [4, 11, 5, 12], [6, 13, 7, 14], [8, 21, 9, 22], [1, 11, 2, 10], [12, 5, 13, 6], [14, 20, 15, 19], [23, 16, 24, 17]]"
12n_0747_154,"[[23, 16, 24, 17], [3, 18, 4, 19], [20, 7, 21, 8], [15, 22, 16, 23], [9, 1, 10, 24], [17, 2, 18, 3], [4, 11, 5, 12], [6, 13, 7, 14], [8, 21, 9, 22], [1, 11, 2, 10], [12, 5, 13, 6], [14, 20, 15, 19]]"
12n_0747_155,"[[14, 20, 15, 19], [23, 16, 24, 17], [3, 18, 4, 19], [20, 7, 21, 8], [15, 22, 16, 23], [9, 1, 10, 24], [17, 2, 18, 3], [4, 11, 5, 12], [6, 13, 7, 14], [8, 21, 9, 22], [1, 11, 2, 10], [12, 5, 13, 6]]"
12n_0747_156,"[[13, 6, 14, 7], [15, 21, 16, 20], [24, 17, 1, 18], [4, 19, 5, 20], [21, 8, 22, 9], [16, 23, 17, 24], [10, 2, 11, 1], [18, 3, 19, 4], [5, 12, 6, 13], [7, 14, 8, 15], [9, 22, 10, 23], [2, 12, 3, 11]]"
12n_0747_157,"[[2, 12, 3, 11], [13, 6, 14, 7], [15, 21, 16, 20], [24, 17, 1, 18], [4, 19, 5, 20], [21, 8, 22, 9], [16, 23, 17, 24], [10, 2, 11, 1], [18, 3, 19, 4], [5, 12, 6, 13], [7, 14, 8, 15], [9, 22, 10, 23]]"
12n_0747_158,"[[9, 22, 10, 23], [2, 12, 3, 11], [13, 6, 14, 7], [15, 21, 16, 20], [24, 17, 1, 18], [4, 19, 5, 20], [21, 8, 22, 9], [16, 23, 17, 24], [10, 2, 11, 1], [18, 3, 19, 4], [5, 12, 6, 13], [7, 14, 8, 15]]"
12n_0747_159,"[[7, 14, 8, 15], [9, 22, 10, 23], [2, 12, 3, 11], [13, 6, 14, 7], [15, 21, 16, 20], [24, 17, 1, 18], [4, 19, 5, 20], [21, 8, 22, 9], [16, 23, 17, 24], [10, 2, 11, 1], [18, 3, 19, 4], [5, 12, 6, 13]]"
12n_0747_160,"[[5, 12, 6, 13], [7, 14, 8, 15], [9, 22, 10, 23], [2, 12, 3, 11], [13, 6, 14, 7], [15, 21, 16, 20], [24, 17, 1, 18], [4, 19, 5, 20], [21, 8, 22, 9], [16, 23, 17, 24], [10, 2, 11, 1], [18, 3, 19, 4]]"
12n_0747_161,"[[18, 3, 19, 4], [5, 12, 6, 13], [7, 14, 8, 15], [9, 22, 10, 23], [2, 12, 3, 11], [13, 6, 14, 7], [15, 21, 16, 20], [24, 17, 1, 18], [4, 19, 5, 20], [21, 8, 22, 9], [16, 23, 17, 24], [10, 2, 11, 1]]"
12n_0747_162,"[[10, 2, 11, 1], [18, 3, 19, 4], [5, 12, 6, 13], [7, 14, 8, 15], [9, 22, 10, 23], [2, 12, 3, 11], [13, 6, 14, 7], [15, 21, 16, 20], [24, 17, 1, 18], [4, 19, 5, 20], [21, 8, 22, 9], [16, 23, 17, 24]]"
12n_0747_163,"[[16, 23, 17, 24], [10, 2, 11, 1], [18, 3, 19, 4], [5, 12, 6, 13], [7, 14, 8, 15], [9, 22, 10, 23], [2, 12, 3, 11], [13, 6, 14, 7], [15, 21, 16, 20], [24, 17, 1, 18], [4, 19, 5, 20], [21, 8, 22, 9]]"
12n_0747_164,"[[21, 8, 22, 9], [16, 23, 17, 24], [10, 2, 11, 1], [18, 3, 19, 4], [5, 12, 6, 13], [7, 14, 8, 15], [9, 22, 10, 23], [2, 12, 3, 11], [13, 6, 14, 7], [15, 21, 16, 20], [24, 17, 1, 18], [4, 19, 5, 20]]"
12n_0747_165,"[[4, 19, 5, 20], [21, 8, 22, 9], [16, 23, 17, 24], [10, 2, 11, 1], [18, 3, 19, 4], [5, 12, 6, 13], [7, 14, 8, 15], [9, 22, 10, 23], [2, 12, 3, 11], [13, 6, 14, 7], [15, 21, 16, 20], [24, 17, 1, 18]]"
12n_0747_166,"[[24, 17, 1, 18], [4, 19, 5, 20], [21, 8, 22, 9], [16, 23, 17, 24], [10, 2, 11, 1], [18, 3, 19, 4], [5, 12, 6, 13], [7, 14, 8, 15], [9, 22, 10, 23], [2, 12, 3, 11], [13, 6, 14, 7], [15, 21, 16, 20]]"
12n_0747_167,"[[15, 21, 16, 20], [24, 17, 1, 18], [4, 19, 5, 20], [21, 8, 22, 9], [16, 23, 17, 24], [10, 2, 11, 1], [18, 3, 19, 4], [5, 12, 6, 13], [7, 14, 8, 15], [9, 22, 10, 23], [2, 12, 3, 11], [13, 6, 14, 7]]"
12n_0747_168,"[[14, 7, 15, 8], [16, 22, 17, 21], [1, 18, 2, 19], [5, 20, 6, 21], [22, 9, 23, 10], [17, 24, 18, 1], [11, 3, 12, 2], [19, 4, 20, 5], [6, 13, 7, 14], [8, 15, 9, 16], [10, 23, 11, 24], [3, 13, 4, 12]]"
12n_0747_169,"[[3, 13, 4, 12], [14, 7, 15, 8], [16, 22, 17, 21], [1, 18, 2, 19], [5, 20, 6, 21], [22, 9, 23, 10], [17, 24, 18, 1], [11, 3, 12, 2], [19, 4, 20, 5], [6, 13, 7, 14], [8, 15, 9, 16], [10, 23, 11, 24]]"
12n_0747_170,"[[10, 23, 11, 24], [3, 13, 4, 12], [14, 7, 15, 8], [16, 22, 17, 21], [1, 18, 2, 19], [5, 20, 6, 21], [22, 9, 23, 10], [17, 24, 18, 1], [11, 3, 12, 2], [19, 4, 20, 5], [6, 13, 7, 14], [8, 15, 9, 16]]"
12n_0747_171,"[[8, 15, 9, 16], [10, 23, 11, 24], [3, 13, 4, 12], [14, 7, 15, 8], [16, 22, 17, 21], [1, 18, 2, 19], [5, 20, 6, 21], [22, 9, 23, 10], [17, 24, 18, 1], [11, 3, 12, 2], [19, 4, 20, 5], [6, 13, 7, 14]]"
12n_0747_172,"[[6, 13, 7, 14], [8, 15, 9, 16], [10, 23, 11, 24], [3, 13, 4, 12], [14, 7, 15, 8], [16, 22, 17, 21], [1, 18, 2, 19], [5, 20, 6, 21], [22, 9, 23, 10], [17, 24, 18, 1], [11, 3, 12, 2], [19, 4, 20, 5]]"
12n_0747_173,"[[19, 4, 20, 5], [6, 13, 7, 14], [8, 15, 9, 16], [10, 23, 11, 24], [3, 13, 4, 12], [14, 7, 15, 8], [16, 22, 17, 21], [1, 18, 2, 19], [5, 20, 6, 21], [22, 9, 23, 10], [17, 24, 18, 1], [11, 3, 12, 2]]"
12n_0747_174,"[[11, 3, 12, 2], [19, 4, 20, 5], [6, 13, 7, 14], [8, 15, 9, 16], [10, 23, 11, 24], [3, 13, 4, 12], [14, 7, 15, 8], [16, 22, 17, 21], [1, 18, 2, 19], [5, 20, 6, 21], [22, 9, 23, 10], [17, 24, 18, 1]]"
12n_0747_175,"[[17, 24, 18, 1], [11, 3, 12, 2], [19, 4, 20, 5], [6, 13, 7, 14], [8, 15, 9, 16], [10, 23, 11, 24], [3, 13, 4, 12], [14, 7, 15, 8], [16, 22, 17, 21], [1, 18, 2, 19], [5, 20, 6, 21], [22, 9, 23, 10]]"
12n_0747_176,"[[22, 9, 23, 10], [17, 24, 18, 1], [11, 3, 12, 2], [19, 4, 20, 5], [6, 13, 7, 14], [8, 15, 9, 16], [10, 23, 11, 24], [3, 13, 4, 12], [14, 7, 15, 8], [16, 22, 17, 21], [1, 18, 2, 19], [5, 20, 6, 21]]"
12n_0747_177,"[[5, 20, 6, 21], [22, 9, 23, 10], [17, 24, 18, 1], [11, 3, 12, 2], [19, 4, 20, 5], [6, 13, 7, 14], [8, 15, 9, 16], [10, 23, 11, 24], [3, 13, 4, 12], [14, 7, 15, 8], [16, 22, 17, 21], [1, 18, 2, 19]]"
12n_0747_178,"[[1, 18, 2, 19], [5, 20, 6, 21], [22, 9, 23, 10], [17, 24, 18, 1], [11, 3, 12, 2], [19, 4, 20, 5], [6, 13, 7, 14], [8, 15, 9, 16], [10, 23, 11, 24], [3, 13, 4, 12], [14, 7, 15, 8], [16, 22, 17, 21]]"
12n_0747_179,"[[16, 22, 17, 21], [1, 18, 2, 19], [5, 20, 6, 21], [22, 9, 23, 10], [17, 24, 18, 1], [11, 3, 12, 2], [19, 4, 20, 5], [6, 13, 7, 14], [8, 15, 9, 16], [10, 23, 11, 24], [3, 13, 4, 12], [14, 7, 15, 8]]"
12n_0747_180,"[[15, 8, 16, 9], [17, 23, 18, 22], [2, 19, 3, 20], [6, 21, 7, 22], [23, 10, 24, 11], [18, 1, 19, 2], [12, 4, 13, 3], [20, 5, 21, 6], [7, 14, 8, 15], [9, 16, 10, 17], [11, 24, 12, 1], [4, 14, 5, 13]]"
12n_0747_181,"[[4, 14, 5, 13], [15, 8, 16, 9], [17, 23, 18, 22], [2, 19, 3, 20], [6, 21, 7, 22], [23, 10, 24, 11], [18, 1, 19, 2], [12, 4, 13, 3], [20, 5, 21, 6], [7, 14, 8, 15], [9, 16, 10, 17], [11, 24, 12, 1]]"
12n_0747_182,"[[11, 24, 12, 1], [4, 14, 5, 13], [15, 8, 16, 9], [17, 23, 18, 22], [2, 19, 3, 20], [6, 21, 7, 22], [23, 10, 24, 11], [18, 1, 19, 2], [12, 4, 13, 3], [20, 5, 21, 6], [7, 14, 8, 15], [9, 16, 10, 17]]"
12n_0747_183,"[[9, 16, 10, 17], [11, 24, 12, 1], [4, 14, 5, 13], [15, 8, 16, 9], [17, 23, 18, 22], [2, 19, 3, 20], [6, 21, 7, 22], [23, 10, 24, 11], [18, 1, 19, 2], [12, 4, 13, 3], [20, 5, 21, 6], [7, 14, 8, 15]]"
12n_0747_184,"[[7, 14, 8, 15], [9, 16, 10, 17], [11, 24, 12, 1], [4, 14, 5, 13], [15, 8, 16, 9], [17, 23, 18, 22], [2, 19, 3, 20], [6, 21, 7, 22], [23, 10, 24, 11], [18, 1, 19, 2], [12, 4, 13, 3], [20, 5, 21, 6]]"
12n_0747_185,"[[20, 5, 21, 6], [7, 14, 8, 15], [9, 16, 10, 17], [11, 24, 12, 1], [4, 14, 5, 13], [15, 8, 16, 9], [17, 23, 18, 22], [2, 19, 3, 20], [6, 21, 7, 22], [23, 10, 24, 11], [18, 1, 19, 2], [12, 4, 13, 3]]"
