name,pd_notation
12n_0368_0,"[[17, 1, 18, 24], [2, 6, 3, 5], [4, 12, 5, 11], [15, 6, 16, 7], [19, 9, 20, 8], [10, 4, 11, 3], [21, 13, 22, 12], [7, 14, 8, 15], [23, 17, 24, 16], [13, 19, 14, 18], [9, 21, 10, 20], [1, 23, 2, 22]]"
12n_0368_1,"[[1, 23, 2, 22], [17, 1, 18, 24], [2, 6, 3, 5], [4, 12, 5, 11], [15, 6, 16, 7], [19, 9, 20, 8], [10, 4, 11, 3], [21, 13, 22, 12], [7, 14, 8, 15], [23, 17, 24, 16], [13, 19, 14, 18], [9, 21, 10, 20]]"
12n_0368_2,"[[9, 21, 10, 20], [1, 23, 2, 22], [17, 1, 18, 24], [2, 6, 3, 5], [4, 12, 5, 11], [15, 6, 16, 7], [19, 9, 20, 8], [10, 4, 11, 3], [21, 13, 22, 12], [7, 14, 8, 15], [23, 17, 24, 16], [13, 19, 14, 18]]"
12n_0368_3,"[[13, 19, 14, 18], [9, 21, 10, 20], [1, 23, 2, 22], [17, 1, 18, 24], [2, 6, 3, 5], [4, 12, 5, 11], [15, 6, 16, 7], [19, 9, 20, 8], [10, 4, 11, 3], [21, 13, 22, 12], [7, 14, 8, 15], [23, 17, 24, 16]]"
12n_0368_4,"[[23, 17, 24, 16], [13, 19, 14, 18], [9, 21, 10, 20], [1, 23, 2, 22], [17, 1, 18, 24], [2, 6, 3, 5], [4, 12, 5, 11], [15, 6, 16, 7], [19, 9, 20, 8], [10, 4, 11, 3], [21, 13, 22, 12], [7, 14, 8, 15]]"
12n_0368_5,"[[7, 14, 8, 15], [23, 17, 24, 16], [13, 19, 14, 18], [9, 21, 10, 20], [1, 23, 2, 22], [17, 1, 18, 24], [2, 6, 3, 5], [4, 12, 5, 11], [15, 6, 16, 7], [19, 9, 20, 8], [10, 4, 11, 3], [21, 13, 22, 12]]"
12n_0368_6,"[[21, 13, 22, 12], [7, 14, 8, 15], [23, 17, 24, 16], [13, 19, 14, 18], [9, 21, 10, 20], [1, 23, 2, 22], [17, 1, 18, 24], [2, 6, 3, 5], [4, 12, 5, 11], [15, 6, 16, 7], [19, 9, 20, 8], [10, 4, 11, 3]]"
12n_0368_7,"[[10, 4, 11, 3], [21, 13, 22, 12], [7, 14, 8, 15], [23, 17, 24, 16], [13, 19, 14, 18], [9, 21, 10, 20], [1, 23, 2, 22], [17, 1, 18, 24], [2, 6, 3, 5], [4, 12, 5, 11], [15, 6, 16, 7], [19, 9, 20, 8]]"
12n_0368_8,"[[19, 9, 20, 8], [10, 4, 11, 3], [21, 13, 22, 12], [7, 14, 8, 15], [23, 17, 24, 16], [13, 19, 14, 18], [9, 21, 10, 20], [1, 23, 2, 22], [17, 1, 18, 24], [2, 6, 3, 5], [4, 12, 5, 11], [15, 6, 16, 7]]"
12n_0368_9,"[[15, 6, 16, 7], [19, 9, 20, 8], [10, 4, 11, 3], [21, 13, 22, 12], [7, 14, 8, 15], [23, 17, 24, 16], [13, 19, 14, 18], [9, 21, 10, 20], [1, 23, 2, 22], [17, 1, 18, 24], [2, 6, 3, 5], [4, 12, 5, 11]]"
12n_0368_10,"[[4, 12, 5, 11], [15, 6, 16, 7], [19, 9, 20, 8], [10, 4, 11, 3], [21, 13, 22, 12], [7, 14, 8, 15], [23, 17, 24, 16], [13, 19, 14, 18], [9, 21, 10, 20], [1, 23, 2, 22], [17, 1, 18, 24], [2, 6, 3, 5]]"
12n_0368_11,"[[2, 6, 3, 5], [4, 12, 5, 11], [15, 6, 16, 7], [19, 9, 20, 8], [10, 4, 11, 3], [21, 13, 22, 12], [7, 14, 8, 15], [23, 17, 24, 16], [13, 19, 14, 18], [9, 21, 10, 20], [1, 23, 2, 22], [17, 1, 18, 24]]"
12n_0368_12,"[[18, 2, 19, 1], [3, 7, 4, 6], [5, 13, 6, 12], [16, 7, 17, 8], [20, 10, 21, 9], [11, 5, 12, 4], [22, 14, 23, 13], [8, 15, 9, 16], [24, 18, 1, 17], [14, 20, 15, 19], [10, 22, 11, 21], [2, 24, 3, 23]]"
12n_0368_13,"[[2, 24, 3, 23], [18, 2, 19, 1], [3, 7, 4, 6], [5, 13, 6, 12], [16, 7, 17, 8], [20, 10, 21, 9], [11, 5, 12, 4], [22, 14, 23, 13], [8, 15, 9, 16], [24, 18, 1, 17], [14, 20, 15, 19], [10, 22, 11, 21]]"
12n_0368_14,"[[10, 22, 11, 21], [2, 24, 3, 23], [18, 2, 19, 1], [3, 7, 4, 6], [5, 13, 6, 12], [16, 7, 17, 8], [20, 10, 21, 9], [11, 5, 12, 4], [22, 14, 23, 13], [8, 15, 9, 16], [24, 18, 1, 17], [14, 20, 15, 19]]"
12n_0368_15,"[[14, 20, 15, 19], [10, 22, 11, 21], [2, 24, 3, 23], [18, 2, 19, 1], [3, 7, 4, 6], [5, 13, 6, 12], [16, 7, 17, 8], [20, 10, 21, 9], [11, 5, 12, 4], [22, 14, 23, 13], [8, 15, 9, 16], [24, 18, 1, 17]]"
12n_0368_16,"[[24, 18, 1, 17], [14, 20, 15, 19], [10, 22, 11, 21], [2, 24, 3, 23], [18, 2, 19, 1], [3, 7, 4, 6], [5, 13, 6, 12], [16, 7, 17, 8], [20, 10, 21, 9], [11, 5, 12, 4], [22, 14, 23, 13], [8, 15, 9, 16]]"
12n_0368_17,"[[8, 15, 9, 16], [24, 18, 1, 17], [14, 20, 15, 19], [10, 22, 11, 21], [2, 24, 3, 23], [18, 2, 19, 1], [3, 7, 4, 6], [5, 13, 6, 12], [16, 7, 17, 8], [20, 10, 21, 9], [11, 5, 12, 4], [22, 14, 23, 13]]"
12n_0368_18,"[[22, 14, 23, 13], [8, 15, 9, 16], [24, 18, 1, 17], [14, 20, 15, 19], [10, 22, 11, 21], [2, 24, 3, 23], [18, 2, 19, 1], [3, 7, 4, 6], [5, 13, 6, 12], [16, 7, 17, 8], [20, 10, 21, 9], [11, 5, 12, 4]]"
12n_0368_19,"[[11, 5, 12, 4], [22, 14, 23, 13], [8, 15, 9, 16], [24, 18, 1, 17], [14, 20, 15, 19], [10, 22, 11, 21], [2, 24, 3, 23], [18, 2, 19, 1], [3, 7, 4, 6], [5, 13, 6, 12], [16, 7, 17, 8], [20, 10, 21, 9]]"
12n_0368_20,"[[20, 10, 21, 9], [11, 5, 12, 4], [22, 14, 23, 13], [8, 15, 9, 16], [24, 18, 1, 17], [14, 20, 15, 19], [10, 22, 11, 21], [2, 24, 3, 23], [18, 2, 19, 1], [3, 7, 4, 6], [5, 13, 6, 12], [16, 7, 17, 8]]"
12n_0368_21,"[[16, 7, 17, 8], [20, 10, 21, 9], [11, 5, 12, 4], [22, 14, 23, 13], [8, 15, 9, 16], [24, 18, 1, 17], [14, 20, 15, 19], [10, 22, 11, 21], [2, 24, 3, 23], [18, 2, 19, 1], [3, 7, 4, 6], [5, 13, 6, 12]]"
12n_0368_22,"[[5, 13, 6, 12], [16, 7, 17, 8], [20, 10, 21, 9], [11, 5, 12, 4], [22, 14, 23, 13], [8, 15, 9, 16], [24, 18, 1, 17], [14, 20, 15, 19], [10, 22, 11, 21], [2, 24, 3, 23], [18, 2, 19, 1], [3, 7, 4, 6]]"
12n_0368_23,"[[3, 7, 4, 6], [5, 13, 6, 12], [16, 7, 17, 8], [20, 10, 21, 9], [11, 5, 12, 4], [22, 14, 23, 13], [8, 15, 9, 16], [24, 18, 1, 17], [14, 20, 15, 19], [10, 22, 11, 21], [2, 24, 3, 23], [18, 2, 19, 1]]"
12n_0368_24,"[[19, 3, 20, 2], [4, 8, 5, 7], [6, 14, 7, 13], [17, 8, 18, 9], [21, 11, 22, 10], [12, 6, 13, 5], [23, 15, 24, 14], [9, 16, 10, 17], [1, 19, 2, 18], [15, 21, 16, 20], [11, 23, 12, 22], [3, 1, 4, 24]]"
12n_0368_25,"[[3, 1, 4, 24], [19, 3, 20, 2], [4, 8, 5, 7], [6, 14, 7, 13], [17, 8, 18, 9], [21, 11, 22, 10], [12, 6, 13, 5], [23, 15, 24, 14], [9, 16, 10, 17], [1, 19, 2, 18], [15, 21, 16, 20], [11, 23, 12, 22]]"
12n_0368_26,"[[11, 23, 12, 22], [3, 1, 4, 24], [19, 3, 20, 2], [4, 8, 5, 7], [6, 14, 7, 13], [17, 8, 18, 9], [21, 11, 22, 10], [12, 6, 13, 5], [23, 15, 24, 14], [9, 16, 10, 17], [1, 19, 2, 18], [15, 21, 16, 20]]"
12n_0368_27,"[[15, 21, 16, 20], [11, 23, 12, 22], [3, 1, 4, 24], [19, 3, 20, 2], [4, 8, 5, 7], [6, 14, 7, 13], [17, 8, 18, 9], [21, 11, 22, 10], [12, 6, 13, 5], [23, 15, 24, 14], [9, 16, 10, 17], [1, 19, 2, 18]]"
12n_0368_28,"[[1, 19, 2, 18], [15, 21, 16, 20], [11, 23, 12, 22], [3, 1, 4, 24], [19, 3, 20, 2], [4, 8, 5, 7], [6, 14, 7, 13], [17, 8, 18, 9], [21, 11, 22, 10], [12, 6, 13, 5], [23, 15, 24, 14], [9, 16, 10, 17]]"
12n_0368_29,"[[9, 16, 10, 17], [1, 19, 2, 18], [15, 21, 16, 20], [11, 23, 12, 22], [3, 1, 4, 24], [19, 3, 20, 2], [4, 8, 5, 7], [6, 14, 7, 13], [17, 8, 18, 9], [21, 11, 22, 10], [12, 6, 13, 5], [23, 15, 24, 14]]"
12n_0368_30,"[[23, 15, 24, 14], [9, 16, 10, 17], [1, 19, 2, 18], [15, 21, 16, 20], [11, 23, 12, 22], [3, 1, 4, 24], [19, 3, 20, 2], [4, 8, 5, 7], [6, 14, 7, 13], [17, 8, 18, 9], [21, 11, 22, 10], [12, 6, 13, 5]]"
12n_0368_31,"[[12, 6, 13, 5], [23, 15, 24, 14], [9, 16, 10, 17], [1, 19, 2, 18], [15, 21, 16, 20], [11, 23, 12, 22], [3, 1, 4, 24], [19, 3, 20, 2], [4, 8, 5, 7], [6, 14, 7, 13], [17, 8, 18, 9], [21, 11, 22, 10]]"
12n_0368_32,"[[21, 11, 22, 10], [12, 6, 13, 5], [23, 15, 24, 14], [9, 16, 10, 17], [1, 19, 2, 18], [15, 21, 16, 20], [11, 23, 12, 22], [3, 1, 4, 24], [19, 3, 20, 2], [4, 8, 5, 7], [6, 14, 7, 13], [17, 8, 18, 9]]"
12n_0368_33,"[[17, 8, 18, 9], [21, 11, 22, 10], [12, 6, 13, 5], [23, 15, 24, 14], [9, 16, 10, 17], [1, 19, 2, 18], [15, 21, 16, 20], [11, 23, 12, 22], [3, 1, 4, 24], [19, 3, 20, 2], [4, 8, 5, 7], [6, 14, 7, 13]]"
12n_0368_34,"[[6, 14, 7, 13], [17, 8, 18, 9], [21, 11, 22, 10], [12, 6, 13, 5], [23, 15, 24, 14], [9, 16, 10, 17], [1, 19, 2, 18], [15, 21, 16, 20], [11, 23, 12, 22], [3, 1, 4, 24], [19, 3, 20, 2], [4, 8, 5, 7]]"
12n_0368_35,"[[4, 8, 5, 7], [6, 14, 7, 13], [17, 8, 18, 9], [21, 11, 22, 10], [12, 6, 13, 5], [23, 15, 24, 14], [9, 16, 10, 17], [1, 19, 2, 18], [15, 21, 16, 20], [11, 23, 12, 22], [3, 1, 4, 24], [19, 3, 20, 2]]"
12n_0368_36,"[[20, 4, 21, 3], [5, 9, 6, 8], [7, 15, 8, 14], [18, 9, 19, 10], [22, 12, 23, 11], [13, 7, 14, 6], [24, 16, 1, 15], [10, 17, 11, 18], [2, 20, 3, 19], [16, 22, 17, 21], [12, 24, 13, 23], [4, 2, 5, 1]]"
12n_0368_37,"[[4, 2, 5, 1], [20, 4, 21, 3], [5, 9, 6, 8], [7, 15, 8, 14], [18, 9, 19, 10], [22, 12, 23, 11], [13, 7, 14, 6], [24, 16, 1, 15], [10, 17, 11, 18], [2, 20, 3, 19], [16, 22, 17, 21], [12, 24, 13, 23]]"
12n_0368_38,"[[12, 24, 13, 23], [4, 2, 5, 1], [20, 4, 21, 3], [5, 9, 6, 8], [7, 15, 8, 14], [18, 9, 19, 10], [22, 12, 23, 11], [13, 7, 14, 6], [24, 16, 1, 15], [10, 17, 11, 18], [2, 20, 3, 19], [16, 22, 17, 21]]"
12n_0368_39,"[[16, 22, 17, 21], [12, 24, 13, 23], [4, 2, 5, 1], [20, 4, 21, 3], [5, 9, 6, 8], [7, 15, 8, 14], [18, 9, 19, 10], [22, 12, 23, 11], [13, 7, 14, 6], [24, 16, 1, 15], [10, 17, 11, 18], [2, 20, 3, 19]]"
12n_0368_40,"[[2, 20, 3, 19], [16, 22, 17, 21], [12, 24, 13, 23], [4, 2, 5, 1], [20, 4, 21, 3], [5, 9, 6, 8], [7, 15, 8, 14], [18, 9, 19, 10], [22, 12, 23, 11], [13, 7, 14, 6], [24, 16, 1, 15], [10, 17, 11, 18]]"
12n_0368_41,"[[10, 17, 11, 18], [2, 20, 3, 19], [16, 22, 17, 21], [12, 24, 13, 23], [4, 2, 5, 1], [20, 4, 21, 3], [5, 9, 6, 8], [7, 15, 8, 14], [18, 9, 19, 10], [22, 12, 23, 11], [13, 7, 14, 6], [24, 16, 1, 15]]"
12n_0368_42,"[[24, 16, 1, 15], [10, 17, 11, 18], [2, 20, 3, 19], [16, 22, 17, 21], [12, 24, 13, 23], [4, 2, 5, 1], [20, 4, 21, 3], [5, 9, 6, 8], [7, 15, 8, 14], [18, 9, 19, 10], [22, 12, 23, 11], [13, 7, 14, 6]]"
12n_0368_43,"[[13, 7, 14, 6], [24, 16, 1, 15], [10, 17, 11, 18], [2, 20, 3, 19], [16, 22, 17, 21], [12, 24, 13, 23], [4, 2, 5, 1], [20, 4, 21, 3], [5, 9, 6, 8], [7, 15, 8, 14], [18, 9, 19, 10], [22, 12, 23, 11]]"
12n_0368_44,"[[22, 12, 23, 11], [13, 7, 14, 6], [24, 16, 1, 15], [10, 17, 11, 18], [2, 20, 3, 19], [16, 22, 17, 21], [12, 24, 13, 23], [4, 2, 5, 1], [20, 4, 21, 3], [5, 9, 6, 8], [7, 15, 8, 14], [18, 9, 19, 10]]"
12n_0368_45,"[[18, 9, 19, 10], [22, 12, 23, 11], [13, 7, 14, 6], [24, 16, 1, 15], [10, 17, 11, 18], [2, 20, 3, 19], [16, 22, 17, 21], [12, 24, 13, 23], [4, 2, 5, 1], [20, 4, 21, 3], [5, 9, 6, 8], [7, 15, 8, 14]]"
12n_0368_46,"[[7, 15, 8, 14], [18, 9, 19, 10], [22, 12, 23, 11], [13, 7, 14, 6], [24, 16, 1, 15], [10, 17, 11, 18], [2, 20, 3, 19], [16, 22, 17, 21], [12, 24, 13, 23], [4, 2, 5, 1], [20, 4, 21, 3], [5, 9, 6, 8]]"
12n_0368_47,"[[5, 9, 6, 8], [7, 15, 8, 14], [18, 9, 19, 10], [22, 12, 23, 11], [13, 7, 14, 6], [24, 16, 1, 15], [10, 17, 11, 18], [2, 20, 3, 19], [16, 22, 17, 21], [12, 24, 13, 23], [4, 2, 5, 1], [20, 4, 21, 3]]"
12n_0368_48,"[[21, 5, 22, 4], [6, 10, 7, 9], [8, 16, 9, 15], [19, 10, 20, 11], [23, 13, 24, 12], [14, 8, 15, 7], [1, 17, 2, 16], [11, 18, 12, 19], [3, 21, 4, 20], [17, 23, 18, 22], [13, 1, 14, 24], [5, 3, 6, 2]]"
12n_0368_49,"[[5, 3, 6, 2], [21, 5, 22, 4], [6, 10, 7, 9], [8, 16, 9, 15], [19, 10, 20, 11], [23, 13, 24, 12], [14, 8, 15, 7], [1, 17, 2, 16], [11, 18, 12, 19], [3, 21, 4, 20], [17, 23, 18, 22], [13, 1, 14, 24]]"
12n_0368_50,"[[13, 1, 14, 24], [5, 3, 6, 2], [21, 5, 22, 4], [6, 10, 7, 9], [8, 16, 9, 15], [19, 10, 20, 11], [23, 13, 24, 12], [14, 8, 15, 7], [1, 17, 2, 16], [11, 18, 12, 19], [3, 21, 4, 20], [17, 23, 18, 22]]"
12n_0368_51,"[[17, 23, 18, 22], [13, 1, 14, 24], [5, 3, 6, 2], [21, 5, 22, 4], [6, 10, 7, 9], [8, 16, 9, 15], [19, 10, 20, 11], [23, 13, 24, 12], [14, 8, 15, 7], [1, 17, 2, 16], [11, 18, 12, 19], [3, 21, 4, 20]]"
12n_0368_52,"[[3, 21, 4, 20], [17, 23, 18, 22], [13, 1, 14, 24], [5, 3, 6, 2], [21, 5, 22, 4], [6, 10, 7, 9], [8, 16, 9, 15], [19, 10, 20, 11], [23, 13, 24, 12], [14, 8, 15, 7], [1, 17, 2, 16], [11, 18, 12, 19]]"
12n_0368_53,"[[11, 18, 12, 19], [3, 21, 4, 20], [17, 23, 18, 22], [13, 1, 14, 24], [5, 3, 6, 2], [21, 5, 22, 4], [6, 10, 7, 9], [8, 16, 9, 15], [19, 10, 20, 11], [23, 13, 24, 12], [14, 8, 15, 7], [1, 17, 2, 16]]"
12n_0368_54,"[[1, 17, 2, 16], [11, 18, 12, 19], [3, 21, 4, 20], [17, 23, 18, 22], [13, 1, 14, 24], [5, 3, 6, 2], [21, 5, 22, 4], [6, 10, 7, 9], [8, 16, 9, 15], [19, 10, 20, 11], [23, 13, 24, 12], [14, 8, 15, 7]]"
12n_0368_55,"[[14, 8, 15, 7], [1, 17, 2, 16], [11, 18, 12, 19], [3, 21, 4, 20], [17, 23, 18, 22], [13, 1, 14, 24], [5, 3, 6, 2], [21, 5, 22, 4], [6, 10, 7, 9], [8, 16, 9, 15], [19, 10, 20, 11], [23, 13, 24, 12]]"
12n_0368_56,"[[23, 13, 24, 12], [14, 8, 15, 7], [1, 17, 2, 16], [11, 18, 12, 19], [3, 21, 4, 20], [17, 23, 18, 22], [13, 1, 14, 24], [5, 3, 6, 2], [21, 5, 22, 4], [6, 10, 7, 9], [8, 16, 9, 15], [19, 10, 20, 11]]"
12n_0368_57,"[[19, 10, 20, 11], [23, 13, 24, 12], [14, 8, 15, 7], [1, 17, 2, 16], [11, 18, 12, 19], [3, 21, 4, 20], [17, 23, 18, 22], [13, 1, 14, 24], [5, 3, 6, 2], [21, 5, 22, 4], [6, 10, 7, 9], [8, 16, 9, 15]]"
12n_0368_58,"[[8, 16, 9, 15], [19, 10, 20, 11], [23, 13, 24, 12], [14, 8, 15, 7], [1, 17, 2, 16], [11, 18, 12, 19], [3, 21, 4, 20], [17, 23, 18, 22], [13, 1, 14, 24], [5, 3, 6, 2], [21, 5, 22, 4], [6, 10, 7, 9]]"
12n_0368_59,"[[6, 10, 7, 9], [8, 16, 9, 15], [19, 10, 20, 11], [23, 13, 24, 12], [14, 8, 15, 7], [1, 17, 2, 16], [11, 18, 12, 19], [3, 21, 4, 20], [17, 23, 18, 22], [13, 1, 14, 24], [5, 3, 6, 2], [21, 5, 22, 4]]"
12n_0368_60,"[[22, 6, 23, 5], [7, 11, 8, 10], [9, 17, 10, 16], [20, 11, 21, 12], [24, 14, 1, 13], [15, 9, 16, 8], [2, 18, 3, 17], [12, 19, 13, 20], [4, 22, 5, 21], [18, 24, 19, 23], [14, 2, 15, 1], [6, 4, 7, 3]]"
12n_0368_61,"[[6, 4, 7, 3], [22, 6, 23, 5], [7, 11, 8, 10], [9, 17, 10, 16], [20, 11, 21, 12], [24, 14, 1, 13], [15, 9, 16, 8], [2, 18, 3, 17], [12, 19, 13, 20], [4, 22, 5, 21], [18, 24, 19, 23], [14, 2, 15, 1]]"
12n_0368_62,"[[14, 2, 15, 1], [6, 4, 7, 3], [22, 6, 23, 5], [7, 11, 8, 10], [9, 17, 10, 16], [20, 11, 21, 12], [24, 14, 1, 13], [15, 9, 16, 8], [2, 18, 3, 17], [12, 19, 13, 20], [4, 22, 5, 21], [18, 24, 19, 23]]"
12n_0368_63,"[[18, 24, 19, 23], [14, 2, 15, 1], [6, 4, 7, 3], [22, 6, 23, 5], [7, 11, 8, 10], [9, 17, 10, 16], [20, 11, 21, 12], [24, 14, 1, 13], [15, 9, 16, 8], [2, 18, 3, 17], [12, 19, 13, 20], [4, 22, 5, 21]]"
12n_0368_64,"[[4, 22, 5, 21], [18, 24, 19, 23], [14, 2, 15, 1], [6, 4, 7, 3], [22, 6, 23, 5], [7, 11, 8, 10], [9, 17, 10, 16], [20, 11, 21, 12], [24, 14, 1, 13], [15, 9, 16, 8], [2, 18, 3, 17], [12, 19, 13, 20]]"
12n_0368_65,"[[12, 19, 13, 20], [4, 22, 5, 21], [18, 24, 19, 23], [14, 2, 15, 1], [6, 4, 7, 3], [22, 6, 23, 5], [7, 11, 8, 10], [9, 17, 10, 16], [20, 11, 21, 12], [24, 14, 1, 13], [15, 9, 16, 8], [2, 18, 3, 17]]"
12n_0368_66,"[[2, 18, 3, 17], [12, 19, 13, 20], [4, 22, 5, 21], [18, 24, 19, 23], [14, 2, 15, 1], [6, 4, 7, 3], [22, 6, 23, 5], [7, 11, 8, 10], [9, 17, 10, 16], [20, 11, 21, 12], [24, 14, 1, 13], [15, 9, 16, 8]]"
12n_0368_67,"[[15, 9, 16, 8], [2, 18, 3, 17], [12, 19, 13, 20], [4, 22, 5, 21], [18, 24, 19, 23], [14, 2, 15, 1], [6, 4, 7, 3], [22, 6, 23, 5], [7, 11, 8, 10], [9, 17, 10, 16], [20, 11, 21, 12], [24, 14, 1, 13]]"
12n_0368_68,"[[24, 14, 1, 13], [15, 9, 16, 8], [2, 18, 3, 17], [12, 19, 13, 20], [4, 22, 5, 21], [18, 24, 19, 23], [14, 2, 15, 1], [6, 4, 7, 3], [22, 6, 23, 5], [7, 11, 8, 10], [9, 17, 10, 16], [20, 11, 21, 12]]"
12n_0368_69,"[[20, 11, 21, 12], [24, 14, 1, 13], [15, 9, 16, 8], [2, 18, 3, 17], [12, 19, 13, 20], [4, 22, 5, 21], [18, 24, 19, 23], [14, 2, 15, 1], [6, 4, 7, 3], [22, 6, 23, 5], [7, 11, 8, 10], [9, 17, 10, 16]]"
12n_0368_70,"[[9, 17, 10, 16], [20, 11, 21, 12], [24, 14, 1, 13], [15, 9, 16, 8], [2, 18, 3, 17], [12, 19, 13, 20], [4, 22, 5, 21], [18, 24, 19, 23], [14, 2, 15, 1], [6, 4, 7, 3], [22, 6, 23, 5], [7, 11, 8, 10]]"
12n_0368_71,"[[7, 11, 8, 10], [9, 17, 10, 16], [20, 11, 21, 12], [24, 14, 1, 13], [15, 9, 16, 8], [2, 18, 3, 17], [12, 19, 13, 20], [4, 22, 5, 21], [18, 24, 19, 23], [14, 2, 15, 1], [6, 4, 7, 3], [22, 6, 23, 5]]"
12n_0368_72,"[[23, 7, 24, 6], [8, 12, 9, 11], [10, 18, 11, 17], [21, 12, 22, 13], [1, 15, 2, 14], [16, 10, 17, 9], [3, 19, 4, 18], [13, 20, 14, 21], [5, 23, 6, 22], [19, 1, 20, 24], [15, 3, 16, 2], [7, 5, 8, 4]]"
12n_0368_73,"[[7, 5, 8, 4], [23, 7, 24, 6], [8, 12, 9, 11], [10, 18, 11, 17], [21, 12, 22, 13], [1, 15, 2, 14], [16, 10, 17, 9], [3, 19, 4, 18], [13, 20, 14, 21], [5, 23, 6, 22], [19, 1, 20, 24], [15, 3, 16, 2]]"
12n_0368_74,"[[15, 3, 16, 2], [7, 5, 8, 4], [23, 7, 24, 6], [8, 12, 9, 11], [10, 18, 11, 17], [21, 12, 22, 13], [1, 15, 2, 14], [16, 10, 17, 9], [3, 19, 4, 18], [13, 20, 14, 21], [5, 23, 6, 22], [19, 1, 20, 24]]"
12n_0368_75,"[[19, 1, 20, 24], [15, 3, 16, 2], [7, 5, 8, 4], [23, 7, 24, 6], [8, 12, 9, 11], [10, 18, 11, 17], [21, 12, 22, 13], [1, 15, 2, 14], [16, 10, 17, 9], [3, 19, 4, 18], [13, 20, 14, 21], [5, 23, 6, 22]]"
12n_0368_76,"[[5, 23, 6, 22], [19, 1, 20, 24], [15, 3, 16, 2], [7, 5, 8, 4], [23, 7, 24, 6], [8, 12, 9, 11], [10, 18, 11, 17], [21, 12, 22, 13], [1, 15, 2, 14], [16, 10, 17, 9], [3, 19, 4, 18], [13, 20, 14, 21]]"
12n_0368_77,"[[13, 20, 14, 21], [5, 23, 6, 22], [19, 1, 20, 24], [15, 3, 16, 2], [7, 5, 8, 4], [23, 7, 24, 6], [8, 12, 9, 11], [10, 18, 11, 17], [21, 12, 22, 13], [1, 15, 2, 14], [16, 10, 17, 9], [3, 19, 4, 18]]"
12n_0368_78,"[[3, 19, 4, 18], [13, 20, 14, 21], [5, 23, 6, 22], [19, 1, 20, 24], [15, 3, 16, 2], [7, 5, 8, 4], [23, 7, 24, 6], [8, 12, 9, 11], [10, 18, 11, 17], [21, 12, 22, 13], [1, 15, 2, 14], [16, 10, 17, 9]]"
12n_0368_79,"[[16, 10, 17, 9], [3, 19, 4, 18], [13, 20, 14, 21], [5, 23, 6, 22], [19, 1, 20, 24], [15, 3, 16, 2], [7, 5, 8, 4], [23, 7, 24, 6], [8, 12, 9, 11], [10, 18, 11, 17], [21, 12, 22, 13], [1, 15, 2, 14]]"
12n_0368_80,"[[1, 15, 2, 14], [16, 10, 17, 9], [3, 19, 4, 18], [13, 20, 14, 21], [5, 23, 6, 22], [19, 1, 20, 24], [15, 3, 16, 2], [7, 5, 8, 4], [23, 7, 24, 6], [8, 12, 9, 11], [10, 18, 11, 17], [21, 12, 22, 13]]"
12n_0368_81,"[[21, 12, 22, 13], [1, 15, 2, 14], [16, 10, 17, 9], [3, 19, 4, 18], [13, 20, 14, 21], [5, 23, 6, 22], [19, 1, 20, 24], [15, 3, 16, 2], [7, 5, 8, 4], [23, 7, 24, 6], [8, 12, 9, 11], [10, 18, 11, 17]]"
12n_0368_82,"[[10, 18, 11, 17], [21, 12, 22, 13], [1, 15, 2, 14], [16, 10, 17, 9], [3, 19, 4, 18], [13, 20, 14, 21], [5, 23, 6, 22], [19, 1, 20, 24], [15, 3, 16, 2], [7, 5, 8, 4], [23, 7, 24, 6], [8, 12, 9, 11]]"
12n_0368_83,"[[8, 12, 9, 11], [10, 18, 11, 17], [21, 12, 22, 13], [1, 15, 2, 14], [16, 10, 17, 9], [3, 19, 4, 18], [13, 20, 14, 21], [5, 23, 6, 22], [19, 1, 20, 24], [15, 3, 16, 2], [7, 5, 8, 4], [23, 7, 24, 6]]"
12n_0368_84,"[[24, 8, 1, 7], [9, 13, 10, 12], [11, 19, 12, 18], [22, 13, 23, 14], [2, 16, 3, 15], [17, 11, 18, 10], [4, 20, 5, 19], [14, 21, 15, 22], [6, 24, 7, 23], [20, 2, 21, 1], [16, 4, 17, 3], [8, 6, 9, 5]]"
12n_0368_85,"[[8, 6, 9, 5], [24, 8, 1, 7], [9, 13, 10, 12], [11, 19, 12, 18], [22, 13, 23, 14], [2, 16, 3, 15], [17, 11, 18, 10], [4, 20, 5, 19], [14, 21, 15, 22], [6, 24, 7, 23], [20, 2, 21, 1], [16, 4, 17, 3]]"
12n_0368_86,"[[16, 4, 17, 3], [8, 6, 9, 5], [24, 8, 1, 7], [9, 13, 10, 12], [11, 19, 12, 18], [22, 13, 23, 14], [2, 16, 3, 15], [17, 11, 18, 10], [4, 20, 5, 19], [14, 21, 15, 22], [6, 24, 7, 23], [20, 2, 21, 1]]"
12n_0368_87,"[[20, 2, 21, 1], [16, 4, 17, 3], [8, 6, 9, 5], [24, 8, 1, 7], [9, 13, 10, 12], [11, 19, 12, 18], [22, 13, 23, 14], [2, 16, 3, 15], [17, 11, 18, 10], [4, 20, 5, 19], [14, 21, 15, 22], [6, 24, 7, 23]]"
12n_0368_88,"[[6, 24, 7, 23], [20, 2, 21, 1], [16, 4, 17, 3], [8, 6, 9, 5], [24, 8, 1, 7], [9, 13, 10, 12], [11, 19, 12, 18], [22, 13, 23, 14], [2, 16, 3, 15], [17, 11, 18, 10], [4, 20, 5, 19], [14, 21, 15, 22]]"
12n_0368_89,"[[14, 21, 15, 22], [6, 24, 7, 23], [20, 2, 21, 1], [16, 4, 17, 3], [8, 6, 9, 5], [24, 8, 1, 7], [9, 13, 10, 12], [11, 19, 12, 18], [22, 13, 23, 14], [2, 16, 3, 15], [17, 11, 18, 10], [4, 20, 5, 19]]"
12n_0368_90,"[[4, 20, 5, 19], [14, 21, 15, 22], [6, 24, 7, 23], [20, 2, 21, 1], [16, 4, 17, 3], [8, 6, 9, 5], [24, 8, 1, 7], [9, 13, 10, 12], [11, 19, 12, 18], [22, 13, 23, 14], [2, 16, 3, 15], [17, 11, 18, 10]]"
12n_0368_91,"[[17, 11, 18, 10], [4, 20, 5, 19], [14, 21, 15, 22], [6, 24, 7, 23], [20, 2, 21, 1], [16, 4, 17, 3], [8, 6, 9, 5], [24, 8, 1, 7], [9, 13, 10, 12], [11, 19, 12, 18], [22, 13, 23, 14], [2, 16, 3, 15]]"
12n_0368_92,"[[2, 16, 3, 15], [17, 11, 18, 10], [4, 20, 5, 19], [14, 21, 15, 22], [6, 24, 7, 23], [20, 2, 21, 1], [16, 4, 17, 3], [8, 6, 9, 5], [24, 8, 1, 7], [9, 13, 10, 12], [11, 19, 12, 18], [22, 13, 23, 14]]"
12n_0368_93,"[[22, 13, 23, 14], [2, 16, 3, 15], [17, 11, 18, 10], [4, 20, 5, 19], [14, 21, 15, 22], [6, 24, 7, 23], [20, 2, 21, 1], [16, 4, 17, 3], [8, 6, 9, 5], [24, 8, 1, 7], [9, 13, 10, 12], [11, 19, 12, 18]]"
12n_0368_94,"[[11, 19, 12, 18], [22, 13, 23, 14], [2, 16, 3, 15], [17, 11, 18, 10], [4, 20, 5, 19], [14, 21, 15, 22], [6, 24, 7, 23], [20, 2, 21, 1], [16, 4, 17, 3], [8, 6, 9, 5], [24, 8, 1, 7], [9, 13, 10, 12]]"
12n_0368_95,"[[9, 13, 10, 12], [11, 19, 12, 18], [22, 13, 23, 14], [2, 16, 3, 15], [17, 11, 18, 10], [4, 20, 5, 19], [14, 21, 15, 22], [6, 24, 7, 23], [20, 2, 21, 1], [16, 4, 17, 3], [8, 6, 9, 5], [24, 8, 1, 7]]"
12n_0368_96,"[[1, 9, 2, 8], [10, 14, 11, 13], [12, 20, 13, 19], [23, 14, 24, 15], [3, 17, 4, 16], [18, 12, 19, 11], [5, 21, 6, 20], [15, 22, 16, 23], [7, 1, 8, 24], [21, 3, 22, 2], [17, 5, 18, 4], [9, 7, 10, 6]]"
12n_0368_97,"[[9, 7, 10, 6], [1, 9, 2, 8], [10, 14, 11, 13], [12, 20, 13, 19], [23, 14, 24, 15], [3, 17, 4, 16], [18, 12, 19, 11], [5, 21, 6, 20], [15, 22, 16, 23], [7, 1, 8, 24], [21, 3, 22, 2], [17, 5, 18, 4]]"
12n_0368_98,"[[17, 5, 18, 4], [9, 7, 10, 6], [1, 9, 2, 8], [10, 14, 11, 13], [12, 20, 13, 19], [23, 14, 24, 15], [3, 17, 4, 16], [18, 12, 19, 11], [5, 21, 6, 20], [15, 22, 16, 23], [7, 1, 8, 24], [21, 3, 22, 2]]"
12n_0368_99,"[[21, 3, 22, 2], [17, 5, 18, 4], [9, 7, 10, 6], [1, 9, 2, 8], [10, 14, 11, 13], [12, 20, 13, 19], [23, 14, 24, 15], [3, 17, 4, 16], [18, 12, 19, 11], [5, 21, 6, 20], [15, 22, 16, 23], [7, 1, 8, 24]]"
12n_0368_100,"[[7, 1, 8, 24], [21, 3, 22, 2], [17, 5, 18, 4], [9, 7, 10, 6], [1, 9, 2, 8], [10, 14, 11, 13], [12, 20, 13, 19], [23, 14, 24, 15], [3, 17, 4, 16], [18, 12, 19, 11], [5, 21, 6, 20], [15, 22, 16, 23]]"
12n_0368_101,"[[15, 22, 16, 23], [7, 1, 8, 24], [21, 3, 22, 2], [17, 5, 18, 4], [9, 7, 10, 6], [1, 9, 2, 8], [10, 14, 11, 13], [12, 20, 13, 19], [23, 14, 24, 15], [3, 17, 4, 16], [18, 12, 19, 11], [5, 21, 6, 20]]"
12n_0368_102,"[[5, 21, 6, 20], [15, 22, 16, 23], [7, 1, 8, 24], [21, 3, 22, 2], [17, 5, 18, 4], [9, 7, 10, 6], [1, 9, 2, 8], [10, 14, 11, 13], [12, 20, 13, 19], [23, 14, 24, 15], [3, 17, 4, 16], [18, 12, 19, 11]]"
12n_0368_103,"[[18, 12, 19, 11], [5, 21, 6, 20], [15, 22, 16, 23], [7, 1, 8, 24], [21, 3, 22, 2], [17, 5, 18, 4], [9, 7, 10, 6], [1, 9, 2, 8], [10, 14, 11, 13], [12, 20, 13, 19], [23, 14, 24, 15], [3, 17, 4, 16]]"
12n_0368_104,"[[3, 17, 4, 16], [18, 12, 19, 11], [5, 21, 6, 20], [15, 22, 16, 23], [7, 1, 8, 24], [21, 3, 22, 2], [17, 5, 18, 4], [9, 7, 10, 6], [1, 9, 2, 8], [10, 14, 11, 13], [12, 20, 13, 19], [23, 14, 24, 15]]"
12n_0368_105,"[[23, 14, 24, 15], [3, 17, 4, 16], [18, 12, 19, 11], [5, 21, 6, 20], [15, 22, 16, 23], [7, 1, 8, 24], [21, 3, 22, 2], [17, 5, 18, 4], [9, 7, 10, 6], [1, 9, 2, 8], [10, 14, 11, 13], [12, 20, 13, 19]]"
12n_0368_106,"[[12, 20, 13, 19], [23, 14, 24, 15], [3, 17, 4, 16], [18, 12, 19, 11], [5, 21, 6, 20], [15, 22, 16, 23], [7, 1, 8, 24], [21, 3, 22, 2], [17, 5, 18, 4], [9, 7, 10, 6], [1, 9, 2, 8], [10, 14, 11, 13]]"
12n_0368_107,"[[10, 14, 11, 13], [12, 20, 13, 19], [23, 14, 24, 15], [3, 17, 4, 16], [18, 12, 19, 11], [5, 21, 6, 20], [15, 22, 16, 23], [7, 1, 8, 24], [21, 3, 22, 2], [17, 5, 18, 4], [9, 7, 10, 6], [1, 9, 2, 8]]"
12n_0368_108,"[[2, 10, 3, 9], [11, 15, 12, 14], [13, 21, 14, 20], [24, 15, 1, 16], [4, 18, 5, 17], [19, 13, 20, 12], [6, 22, 7, 21], [16, 23, 17, 24], [8, 2, 9, 1], [22, 4, 23, 3], [18, 6, 19, 5], [10, 8, 11, 7]]"
12n_0368_109,"[[10, 8, 11, 7], [2, 10, 3, 9], [11, 15, 12, 14], [13, 21, 14, 20], [24, 15, 1, 16], [4, 18, 5, 17], [19, 13, 20, 12], [6, 22, 7, 21], [16, 23, 17, 24], [8, 2, 9, 1], [22, 4, 23, 3], [18, 6, 19, 5]]"
12n_0368_110,"[[18, 6, 19, 5], [10, 8, 11, 7], [2, 10, 3, 9], [11, 15, 12, 14], [13, 21, 14, 20], [24, 15, 1, 16], [4, 18, 5, 17], [19, 13, 20, 12], [6, 22, 7, 21], [16, 23, 17, 24], [8, 2, 9, 1], [22, 4, 23, 3]]"
12n_0368_111,"[[22, 4, 23, 3], [18, 6, 19, 5], [10, 8, 11, 7], [2, 10, 3, 9], [11, 15, 12, 14], [13, 21, 14, 20], [24, 15, 1, 16], [4, 18, 5, 17], [19, 13, 20, 12], [6, 22, 7, 21], [16, 23, 17, 24], [8, 2, 9, 1]]"
12n_0368_112,"[[8, 2, 9, 1], [22, 4, 23, 3], [18, 6, 19, 5], [10, 8, 11, 7], [2, 10, 3, 9], [11, 15, 12, 14], [13, 21, 14, 20], [24, 15, 1, 16], [4, 18, 5, 17], [19, 13, 20, 12], [6, 22, 7, 21], [16, 23, 17, 24]]"
12n_0368_113,"[[16, 23, 17, 24], [8, 2, 9, 1], [22, 4, 23, 3], [18, 6, 19, 5], [10, 8, 11, 7], [2, 10, 3, 9], [11, 15, 12, 14], [13, 21, 14, 20], [24, 15, 1, 16], [4, 18, 5, 17], [19, 13, 20, 12], [6, 22, 7, 21]]"
12n_0368_114,"[[6, 22, 7, 21], [16, 23, 17, 24], [8, 2, 9, 1], [22, 4, 23, 3], [18, 6, 19, 5], [10, 8, 11, 7], [2, 10, 3, 9], [11, 15, 12, 14], [13, 21, 14, 20], [24, 15, 1, 16], [4, 18, 5, 17], [19, 13, 20, 12]]"
12n_0368_115,"[[19, 13, 20, 12], [6, 22, 7, 21], [16, 23, 17, 24], [8, 2, 9, 1], [22, 4, 23, 3], [18, 6, 19, 5], [10, 8, 11, 7], [2, 10, 3, 9], [11, 15, 12, 14], [13, 21, 14, 20], [24, 15, 1, 16], [4, 18, 5, 17]]"
12n_0368_116,"[[4, 18, 5, 17], [19, 13, 20, 12], [6, 22, 7, 21], [16, 23, 17, 24], [8, 2, 9, 1], [22, 4, 23, 3], [18, 6, 19, 5], [10, 8, 11, 7], [2, 10, 3, 9], [11, 15, 12, 14], [13, 21, 14, 20], [24, 15, 1, 16]]"
12n_0368_117,"[[24, 15, 1, 16], [4, 18, 5, 17], [19, 13, 20, 12], [6, 22, 7, 21], [16, 23, 17, 24], [8, 2, 9, 1], [22, 4, 23, 3], [18, 6, 19, 5], [10, 8, 11, 7], [2, 10, 3, 9], [11, 15, 12, 14], [13, 21, 14, 20]]"
12n_0368_118,"[[13, 21, 14, 20], [24, 15, 1, 16], [4, 18, 5, 17], [19, 13, 20, 12], [6, 22, 7, 21], [16, 23, 17, 24], [8, 2, 9, 1], [22, 4, 23, 3], [18, 6, 19, 5], [10, 8, 11, 7], [2, 10, 3, 9], [11, 15, 12, 14]]"
12n_0368_119,"[[11, 15, 12, 14], [13, 21, 14, 20], [24, 15, 1, 16], [4, 18, 5, 17], [19, 13, 20, 12], [6, 22, 7, 21], [16, 23, 17, 24], [8, 2, 9, 1], [22, 4, 23, 3], [18, 6, 19, 5], [10, 8, 11, 7], [2, 10, 3, 9]]"
12n_0368_120,"[[3, 11, 4, 10], [12, 16, 13, 15], [14, 22, 15, 21], [1, 16, 2, 17], [5, 19, 6, 18], [20, 14, 21, 13], [7, 23, 8, 22], [17, 24, 18, 1], [9, 3, 10, 2], [23, 5, 24, 4], [19, 7, 20, 6], [11, 9, 12, 8]]"
12n_0368_121,"[[11, 9, 12, 8], [3, 11, 4, 10], [12, 16, 13, 15], [14, 22, 15, 21], [1, 16, 2, 17], [5, 19, 6, 18], [20, 14, 21, 13], [7, 23, 8, 22], [17, 24, 18, 1], [9, 3, 10, 2], [23, 5, 24, 4], [19, 7, 20, 6]]"
12n_0368_122,"[[19, 7, 20, 6], [11, 9, 12, 8], [3, 11, 4, 10], [12, 16, 13, 15], [14, 22, 15, 21], [1, 16, 2, 17], [5, 19, 6, 18], [20, 14, 21, 13], [7, 23, 8, 22], [17, 24, 18, 1], [9, 3, 10, 2], [23, 5, 24, 4]]"
12n_0368_123,"[[23, 5, 24, 4], [19, 7, 20, 6], [11, 9, 12, 8], [3, 11, 4, 10], [12, 16, 13, 15], [14, 22, 15, 21], [1, 16, 2, 17], [5, 19, 6, 18], [20, 14, 21, 13], [7, 23, 8, 22], [17, 24, 18, 1], [9, 3, 10, 2]]"
12n_0368_124,"[[9, 3, 10, 2], [23, 5, 24, 4], [19, 7, 20, 6], [11, 9, 12, 8], [3, 11, 4, 10], [12, 16, 13, 15], [14, 22, 15, 21], [1, 16, 2, 17], [5, 19, 6, 18], [20, 14, 21, 13], [7, 23, 8, 22], [17, 24, 18, 1]]"
12n_0368_125,"[[17, 24, 18, 1], [9, 3, 10, 2], [23, 5, 24, 4], [19, 7, 20, 6], [11, 9, 12, 8], [3, 11, 4, 10], [12, 16, 13, 15], [14, 22, 15, 21], [1, 16, 2, 17], [5, 19, 6, 18], [20, 14, 21, 13], [7, 23, 8, 22]]"
12n_0368_126,"[[7, 23, 8, 22], [17, 24, 18, 1], [9, 3, 10, 2], [23, 5, 24, 4], [19, 7, 20, 6], [11, 9, 12, 8], [3, 11, 4, 10], [12, 16, 13, 15], [14, 22, 15, 21], [1, 16, 2, 17], [5, 19, 6, 18], [20, 14, 21, 13]]"
12n_0368_127,"[[20, 14, 21, 13], [7, 23, 8, 22], [17, 24, 18, 1], [9, 3, 10, 2], [23, 5, 24, 4], [19, 7, 20, 6], [11, 9, 12, 8], [3, 11, 4, 10], [12, 16, 13, 15], [14, 22, 15, 21], [1, 16, 2, 17], [5, 19, 6, 18]]"
12n_0368_128,"[[5, 19, 6, 18], [20, 14, 21, 13], [7, 23, 8, 22], [17, 24, 18, 1], [9, 3, 10, 2], [23, 5, 24, 4], [19, 7, 20, 6], [11, 9, 12, 8], [3, 11, 4, 10], [12, 16, 13, 15], [14, 22, 15, 21], [1, 16, 2, 17]]"
12n_0368_129,"[[1, 16, 2, 17], [5, 19, 6, 18], [20, 14, 21, 13], [7, 23, 8, 22], [17, 24, 18, 1], [9, 3, 10, 2], [23, 5, 24, 4], [19, 7, 20, 6], [11, 9, 12, 8], [3, 11, 4, 10], [12, 16, 13, 15], [14, 22, 15, 21]]"
12n_0368_130,"[[14, 22, 15, 21], [1, 16, 2, 17], [5, 19, 6, 18], [20, 14, 21, 13], [7, 23, 8, 22], [17, 24, 18, 1], [9, 3, 10, 2], [23, 5, 24, 4], [19, 7, 20, 6], [11, 9, 12, 8], [3, 11, 4, 10], [12, 16, 13, 15]]"
12n_0368_131,"[[12, 16, 13, 15], [14, 22, 15, 21], [1, 16, 2, 17], [5, 19, 6, 18], [20, 14, 21, 13], [7, 23, 8, 22], [17, 24, 18, 1], [9, 3, 10, 2], [23, 5, 24, 4], [19, 7, 20, 6], [11, 9, 12, 8], [3, 11, 4, 10]]"
12n_0368_132,"[[4, 12, 5, 11], [13, 17, 14, 16], [15, 23, 16, 22], [2, 17, 3, 18], [6, 20, 7, 19], [21, 15, 22, 14], [8, 24, 9, 23], [18, 1, 19, 2], [10, 4, 11, 3], [24, 6, 1, 5], [20, 8, 21, 7], [12, 10, 13, 9]]"
12n_0368_133,"[[12, 10, 13, 9], [4, 12, 5, 11], [13, 17, 14, 16], [15, 23, 16, 22], [2, 17, 3, 18], [6, 20, 7, 19], [21, 15, 22, 14], [8, 24, 9, 23], [18, 1, 19, 2], [10, 4, 11, 3], [24, 6, 1, 5], [20, 8, 21, 7]]"
12n_0368_134,"[[20, 8, 21, 7], [12, 10, 13, 9], [4, 12, 5, 11], [13, 17, 14, 16], [15, 23, 16, 22], [2, 17, 3, 18], [6, 20, 7, 19], [21, 15, 22, 14], [8, 24, 9, 23], [18, 1, 19, 2], [10, 4, 11, 3], [24, 6, 1, 5]]"
12n_0368_135,"[[24, 6, 1, 5], [20, 8, 21, 7], [12, 10, 13, 9], [4, 12, 5, 11], [13, 17, 14, 16], [15, 23, 16, 22], [2, 17, 3, 18], [6, 20, 7, 19], [21, 15, 22, 14], [8, 24, 9, 23], [18, 1, 19, 2], [10, 4, 11, 3]]"
12n_0368_136,"[[10, 4, 11, 3], [24, 6, 1, 5], [20, 8, 21, 7], [12, 10, 13, 9], [4, 12, 5, 11], [13, 17, 14, 16], [15, 23, 16, 22], [2, 17, 3, 18], [6, 20, 7, 19], [21, 15, 22, 14], [8, 24, 9, 23], [18, 1, 19, 2]]"
12n_0368_137,"[[18, 1, 19, 2], [10, 4, 11, 3], [24, 6, 1, 5], [20, 8, 21, 7], [12, 10, 13, 9], [4, 12, 5, 11], [13, 17, 14, 16], [15, 23, 16, 22], [2, 17, 3, 18], [6, 20, 7, 19], [21, 15, 22, 14], [8, 24, 9, 23]]"
12n_0368_138,"[[8, 24, 9, 23], [18, 1, 19, 2], [10, 4, 11, 3], [24, 6, 1, 5], [20, 8, 21, 7], [12, 10, 13, 9], [4, 12, 5, 11], [13, 17, 14, 16], [15, 23, 16, 22], [2, 17, 3, 18], [6, 20, 7, 19], [21, 15, 22, 14]]"
12n_0368_139,"[[21, 15, 22, 14], [8, 24, 9, 23], [18, 1, 19, 2], [10, 4, 11, 3], [24, 6, 1, 5], [20, 8, 21, 7], [12, 10, 13, 9], [4, 12, 5, 11], [13, 17, 14, 16], [15, 23, 16, 22], [2, 17, 3, 18], [6, 20, 7, 19]]"
12n_0368_140,"[[6, 20, 7, 19], [21, 15, 22, 14], [8, 24, 9, 23], [18, 1, 19, 2], [10, 4, 11, 3], [24, 6, 1, 5], [20, 8, 21, 7], [12, 10, 13, 9], [4, 12, 5, 11], [13, 17, 14, 16], [15, 23, 16, 22], [2, 17, 3, 18]]"
12n_0368_141,"[[2, 17, 3, 18], [6, 20, 7, 19], [21, 15, 22, 14], [8, 24, 9, 23], [18, 1, 19, 2], [10, 4, 11, 3], [24, 6, 1, 5], [20, 8, 21, 7], [12, 10, 13, 9], [4, 12, 5, 11], [13, 17, 14, 16], [15, 23, 16, 22]]"
12n_0368_142,"[[15, 23, 16, 22], [2, 17, 3, 18], [6, 20, 7, 19], [21, 15, 22, 14], [8, 24, 9, 23], [18, 1, 19, 2], [10, 4, 11, 3], [24, 6, 1, 5], [20, 8, 21, 7], [12, 10, 13, 9], [4, 12, 5, 11], [13, 17, 14, 16]]"
12n_0368_143,"[[13, 17, 14, 16], [15, 23, 16, 22], [2, 17, 3, 18], [6, 20, 7, 19], [21, 15, 22, 14], [8, 24, 9, 23], [18, 1, 19, 2], [10, 4, 11, 3], [24, 6, 1, 5], [20, 8, 21, 7], [12, 10, 13, 9], [4, 12, 5, 11]]"
12n_0368_144,"[[5, 13, 6, 12], [14, 18, 15, 17], [16, 24, 17, 23], [3, 18, 4, 19], [7, 21, 8, 20], [22, 16, 23, 15], [9, 1, 10, 24], [19, 2, 20, 3], [11, 5, 12, 4], [1, 7, 2, 6], [21, 9, 22, 8], [13, 11, 14, 10]]"
12n_0368_145,"[[13, 11, 14, 10], [5, 13, 6, 12], [14, 18, 15, 17], [16, 24, 17, 23], [3, 18, 4, 19], [7, 21, 8, 20], [22, 16, 23, 15], [9, 1, 10, 24], [19, 2, 20, 3], [11, 5, 12, 4], [1, 7, 2, 6], [21, 9, 22, 8]]"
12n_0368_146,"[[21, 9, 22, 8], [13, 11, 14, 10], [5, 13, 6, 12], [14, 18, 15, 17], [16, 24, 17, 23], [3, 18, 4, 19], [7, 21, 8, 20], [22, 16, 23, 15], [9, 1, 10, 24], [19, 2, 20, 3], [11, 5, 12, 4], [1, 7, 2, 6]]"
12n_0368_147,"[[1, 7, 2, 6], [21, 9, 22, 8], [13, 11, 14, 10], [5, 13, 6, 12], [14, 18, 15, 17], [16, 24, 17, 23], [3, 18, 4, 19], [7, 21, 8, 20], [22, 16, 23, 15], [9, 1, 10, 24], [19, 2, 20, 3], [11, 5, 12, 4]]"
12n_0368_148,"[[11, 5, 12, 4], [1, 7, 2, 6], [21, 9, 22, 8], [13, 11, 14, 10], [5, 13, 6, 12], [14, 18, 15, 17], [16, 24, 17, 23], [3, 18, 4, 19], [7, 21, 8, 20], [22, 16, 23, 15], [9, 1, 10, 24], [19, 2, 20, 3]]"
12n_0368_149,"[[19, 2, 20, 3], [11, 5, 12, 4], [1, 7, 2, 6], [21, 9, 22, 8], [13, 11, 14, 10], [5, 13, 6, 12], [14, 18, 15, 17], [16, 24, 17, 23], [3, 18, 4, 19], [7, 21, 8, 20], [22, 16, 23, 15], [9, 1, 10, 24]]"
12n_0368_150,"[[9, 1, 10, 24], [19, 2, 20, 3], [11, 5, 12, 4], [1, 7, 2, 6], [21, 9, 22, 8], [13, 11, 14, 10], [5, 13, 6, 12], [14, 18, 15, 17], [16, 24, 17, 23], [3, 18, 4, 19], [7, 21, 8, 20], [22, 16, 23, 15]]"
12n_0368_151,"[[22, 16, 23, 15], [9, 1, 10, 24], [19, 2, 20, 3], [11, 5, 12, 4], [1, 7, 2, 6], [21, 9, 22, 8], [13, 11, 14, 10], [5, 13, 6, 12], [14, 18, 15, 17], [16, 24, 17, 23], [3, 18, 4, 19], [7, 21, 8, 20]]"
12n_0368_152,"[[7, 21, 8, 20], [22, 16, 23, 15], [9, 1, 10, 24], [19, 2, 20, 3], [11, 5, 12, 4], [1, 7, 2, 6], [21, 9, 22, 8], [13, 11, 14, 10], [5, 13, 6, 12], [14, 18, 15, 17], [16, 24, 17, 23], [3, 18, 4, 19]]"
12n_0368_153,"[[3, 18, 4, 19], [7, 21, 8, 20], [22, 16, 23, 15], [9, 1, 10, 24], [19, 2, 20, 3], [11, 5, 12, 4], [1, 7, 2, 6], [21, 9, 22, 8], [13, 11, 14, 10], [5, 13, 6, 12], [14, 18, 15, 17], [16, 24, 17, 23]]"
12n_0368_154,"[[16, 24, 17, 23], [3, 18, 4, 19], [7, 21, 8, 20], [22, 16, 23, 15], [9, 1, 10, 24], [19, 2, 20, 3], [11, 5, 12, 4], [1, 7, 2, 6], [21, 9, 22, 8], [13, 11, 14, 10], [5, 13, 6, 12], [14, 18, 15, 17]]"
12n_0368_155,"[[14, 18, 15, 17], [16, 24, 17, 23], [3, 18, 4, 19], [7, 21, 8, 20], [22, 16, 23, 15], [9, 1, 10, 24], [19, 2, 20, 3], [11, 5, 12, 4], [1, 7, 2, 6], [21, 9, 22, 8], [13, 11, 14, 10], [5, 13, 6, 12]]"
12n_0368_156,"[[6, 14, 7, 13], [15, 19, 16, 18], [17, 1, 18, 24], [4, 19, 5, 20], [8, 22, 9, 21], [23, 17, 24, 16], [10, 2, 11, 1], [20, 3, 21, 4], [12, 6, 13, 5], [2, 8, 3, 7], [22, 10, 23, 9], [14, 12, 15, 11]]"
12n_0368_157,"[[14, 12, 15, 11], [6, 14, 7, 13], [15, 19, 16, 18], [17, 1, 18, 24], [4, 19, 5, 20], [8, 22, 9, 21], [23, 17, 24, 16], [10, 2, 11, 1], [20, 3, 21, 4], [12, 6, 13, 5], [2, 8, 3, 7], [22, 10, 23, 9]]"
12n_0368_158,"[[22, 10, 23, 9], [14, 12, 15, 11], [6, 14, 7, 13], [15, 19, 16, 18], [17, 1, 18, 24], [4, 19, 5, 20], [8, 22, 9, 21], [23, 17, 24, 16], [10, 2, 11, 1], [20, 3, 21, 4], [12, 6, 13, 5], [2, 8, 3, 7]]"
12n_0368_159,"[[2, 8, 3, 7], [22, 10, 23, 9], [14, 12, 15, 11], [6, 14, 7, 13], [15, 19, 16, 18], [17, 1, 18, 24], [4, 19, 5, 20], [8, 22, 9, 21], [23, 17, 24, 16], [10, 2, 11, 1], [20, 3, 21, 4], [12, 6, 13, 5]]"
12n_0368_160,"[[12, 6, 13, 5], [2, 8, 3, 7], [22, 10, 23, 9], [14, 12, 15, 11], [6, 14, 7, 13], [15, 19, 16, 18], [17, 1, 18, 24], [4, 19, 5, 20], [8, 22, 9, 21], [23, 17, 24, 16], [10, 2, 11, 1], [20, 3, 21, 4]]"
12n_0368_161,"[[20, 3, 21, 4], [12, 6, 13, 5], [2, 8, 3, 7], [22, 10, 23, 9], [14, 12, 15, 11], [6, 14, 7, 13], [15, 19, 16, 18], [17, 1, 18, 24], [4, 19, 5, 20], [8, 22, 9, 21], [23, 17, 24, 16], [10, 2, 11, 1]]"
12n_0368_162,"[[10, 2, 11, 1], [20, 3, 21, 4], [12, 6, 13, 5], [2, 8, 3, 7], [22, 10, 23, 9], [14, 12, 15, 11], [6, 14, 7, 13], [15, 19, 16, 18], [17, 1, 18, 24], [4, 19, 5, 20], [8, 22, 9, 21], [23, 17, 24, 16]]"
12n_0368_163,"[[23, 17, 24, 16], [10, 2, 11, 1], [20, 3, 21, 4], [12, 6, 13, 5], [2, 8, 3, 7], [22, 10, 23, 9], [14, 12, 15, 11], [6, 14, 7, 13], [15, 19, 16, 18], [17, 1, 18, 24], [4, 19, 5, 20], [8, 22, 9, 21]]"
12n_0368_164,"[[8, 22, 9, 21], [23, 17, 24, 16], [10, 2, 11, 1], [20, 3, 21, 4], [12, 6, 13, 5], [2, 8, 3, 7], [22, 10, 23, 9], [14, 12, 15, 11], [6, 14, 7, 13], [15, 19, 16, 18], [17, 1, 18, 24], [4, 19, 5, 20]]"
12n_0368_165,"[[4, 19, 5, 20], [8, 22, 9, 21], [23, 17, 24, 16], [10, 2, 11, 1], [20, 3, 21, 4], [12, 6, 13, 5], [2, 8, 3, 7], [22, 10, 23, 9], [14, 12, 15, 11], [6, 14, 7, 13], [15, 19, 16, 18], [17, 1, 18, 24]]"
12n_0368_166,"[[17, 1, 18, 24], [4, 19, 5, 20], [8, 22, 9, 21], [23, 17, 24, 16], [10, 2, 11, 1], [20, 3, 21, 4], [12, 6, 13, 5], [2, 8, 3, 7], [22, 10, 23, 9], [14, 12, 15, 11], [6, 14, 7, 13], [15, 19, 16, 18]]"
12n_0368_167,"[[15, 19, 16, 18], [17, 1, 18, 24], [4, 19, 5, 20], [8, 22, 9, 21], [23, 17, 24, 16], [10, 2, 11, 1], [20, 3, 21, 4], [12, 6, 13, 5], [2, 8, 3, 7], [22, 10, 23, 9], [14, 12, 15, 11], [6, 14, 7, 13]]"
12n_0368_168,"[[7, 15, 8, 14], [16, 20, 17, 19], [18, 2, 19, 1], [5, 20, 6, 21], [9, 23, 10, 22], [24, 18, 1, 17], [11, 3, 12, 2], [21, 4, 22, 5], [13, 7, 14, 6], [3, 9, 4, 8], [23, 11, 24, 10], [15, 13, 16, 12]]"
12n_0368_169,"[[15, 13, 16, 12], [7, 15, 8, 14], [16, 20, 17, 19], [18, 2, 19, 1], [5, 20, 6, 21], [9, 23, 10, 22], [24, 18, 1, 17], [11, 3, 12, 2], [21, 4, 22, 5], [13, 7, 14, 6], [3, 9, 4, 8], [23, 11, 24, 10]]"
12n_0368_170,"[[23, 11, 24, 10], [15, 13, 16, 12], [7, 15, 8, 14], [16, 20, 17, 19], [18, 2, 19, 1], [5, 20, 6, 21], [9, 23, 10, 22], [24, 18, 1, 17], [11, 3, 12, 2], [21, 4, 22, 5], [13, 7, 14, 6], [3, 9, 4, 8]]"
12n_0368_171,"[[3, 9, 4, 8], [23, 11, 24, 10], [15, 13, 16, 12], [7, 15, 8, 14], [16, 20, 17, 19], [18, 2, 19, 1], [5, 20, 6, 21], [9, 23, 10, 22], [24, 18, 1, 17], [11, 3, 12, 2], [21, 4, 22, 5], [13, 7, 14, 6]]"
12n_0368_172,"[[13, 7, 14, 6], [3, 9, 4, 8], [23, 11, 24, 10], [15, 13, 16, 12], [7, 15, 8, 14], [16, 20, 17, 19], [18, 2, 19, 1], [5, 20, 6, 21], [9, 23, 10, 22], [24, 18, 1, 17], [11, 3, 12, 2], [21, 4, 22, 5]]"
12n_0368_173,"[[21, 4, 22, 5], [13, 7, 14, 6], [3, 9, 4, 8], [23, 11, 24, 10], [15, 13, 16, 12], [7, 15, 8, 14], [16, 20, 17, 19], [18, 2, 19, 1], [5, 20, 6, 21], [9, 23, 10, 22], [24, 18, 1, 17], [11, 3, 12, 2]]"
12n_0368_174,"[[11, 3, 12, 2], [21, 4, 22, 5], [13, 7, 14, 6], [3, 9, 4, 8], [23, 11, 24, 10], [15, 13, 16, 12], [7, 15, 8, 14], [16, 20, 17, 19], [18, 2, 19, 1], [5, 20, 6, 21], [9, 23, 10, 22], [24, 18, 1, 17]]"
12n_0368_175,"[[24, 18, 1, 17], [11, 3, 12, 2], [21, 4, 22, 5], [13, 7, 14, 6], [3, 9, 4, 8], [23, 11, 24, 10], [15, 13, 16, 12], [7, 15, 8, 14], [16, 20, 17, 19], [18, 2, 19, 1], [5, 20, 6, 21], [9, 23, 10, 22]]"
12n_0368_176,"[[9, 23, 10, 22], [24, 18, 1, 17], [11, 3, 12, 2], [21, 4, 22, 5], [13, 7, 14, 6], [3, 9, 4, 8], [23, 11, 24, 10], [15, 13, 16, 12], [7, 15, 8, 14], [16, 20, 17, 19], [18, 2, 19, 1], [5, 20, 6, 21]]"
12n_0368_177,"[[5, 20, 6, 21], [9, 23, 10, 22], [24, 18, 1, 17], [11, 3, 12, 2], [21, 4, 22, 5], [13, 7, 14, 6], [3, 9, 4, 8], [23, 11, 24, 10], [15, 13, 16, 12], [7, 15, 8, 14], [16, 20, 17, 19], [18, 2, 19, 1]]"
12n_0368_178,"[[18, 2, 19, 1], [5, 20, 6, 21], [9, 23, 10, 22], [24, 18, 1, 17], [11, 3, 12, 2], [21, 4, 22, 5], [13, 7, 14, 6], [3, 9, 4, 8], [23, 11, 24, 10], [15, 13, 16, 12], [7, 15, 8, 14], [16, 20, 17, 19]]"
12n_0368_179,"[[16, 20, 17, 19], [18, 2, 19, 1], [5, 20, 6, 21], [9, 23, 10, 22], [24, 18, 1, 17], [11, 3, 12, 2], [21, 4, 22, 5], [13, 7, 14, 6], [3, 9, 4, 8], [23, 11, 24, 10], [15, 13, 16, 12], [7, 15, 8, 14]]"
12n_0368_180,"[[8, 16, 9, 15], [17, 21, 18, 20], [19, 3, 20, 2], [6, 21, 7, 22], [10, 24, 11, 23], [1, 19, 2, 18], [12, 4, 13, 3], [22, 5, 23, 6], [14, 8, 15, 7], [4, 10, 5, 9], [24, 12, 1, 11], [16, 14, 17, 13]]"
12n_0368_181,"[[16, 14, 17, 13], [8, 16, 9, 15], [17, 21, 18, 20], [19, 3, 20, 2], [6, 21, 7, 22], [10, 24, 11, 23], [1, 19, 2, 18], [12, 4, 13, 3], [22, 5, 23, 6], [14, 8, 15, 7], [4, 10, 5, 9], [24, 12, 1, 11]]"
12n_0368_182,"[[24, 12, 1, 11], [16, 14, 17, 13], [8, 16, 9, 15], [17, 21, 18, 20], [19, 3, 20, 2], [6, 21, 7, 22], [10, 24, 11, 23], [1, 19, 2, 18], [12, 4, 13, 3], [22, 5, 23, 6], [14, 8, 15, 7], [4, 10, 5, 9]]"
12n_0368_183,"[[4, 10, 5, 9], [24, 12, 1, 11], [16, 14, 17, 13], [8, 16, 9, 15], [17, 21, 18, 20], [19, 3, 20, 2], [6, 21, 7, 22], [10, 24, 11, 23], [1, 19, 2, 18], [12, 4, 13, 3], [22, 5, 23, 6], [14, 8, 15, 7]]"
12n_0368_184,"[[14, 8, 15, 7], [4, 10, 5, 9], [24, 12, 1, 11], [16, 14, 17, 13], [8, 16, 9, 15], [17, 21, 18, 20], [19, 3, 20, 2], [6, 21, 7, 22], [10, 24, 11, 23], [1, 19, 2, 18], [12, 4, 13, 3], [22, 5, 23, 6]]"
12n_0368_185,"[[22, 5, 23, 6], [14, 8, 15, 7], [4, 10, 5, 9], [24, 12, 1, 11], [16, 14, 17, 13], [8, 16, 9, 15], [17, 21, 18, 20], [19, 3, 20, 2], [6, 21, 7, 22], [10, 24, 11, 23], [1, 19, 2, 18], [12, 4, 13, 3]]"
