name,pd_notation
12n_0410_0,"[[17, 24, 18, 1], [2, 6, 3, 5], [4, 12, 5, 11], [6, 16, 7, 15], [8, 22, 9, 21], [10, 4, 11, 3], [12, 20, 13, 19], [14, 8, 15, 7], [23, 16, 24, 17], [1, 18, 2, 19], [20, 10, 21, 9], [22, 14, 23, 13]]"
12n_0410_1,"[[22, 14, 23, 13], [17, 24, 18, 1], [2, 6, 3, 5], [4, 12, 5, 11], [6, 16, 7, 15], [8, 22, 9, 21], [10, 4, 11, 3], [12, 20, 13, 19], [14, 8, 15, 7], [23, 16, 24, 17], [1, 18, 2, 19], [20, 10, 21, 9]]"
12n_0410_2,"[[20, 10, 21, 9], [22, 14, 23, 13], [17, 24, 18, 1], [2, 6, 3, 5], [4, 12, 5, 11], [6, 16, 7, 15], [8, 22, 9, 21], [10, 4, 11, 3], [12, 20, 13, 19], [14, 8, 15, 7], [23, 16, 24, 17], [1, 18, 2, 19]]"
12n_0410_3,"[[1, 18, 2, 19], [20, 10, 21, 9], [22, 14, 23, 13], [17, 24, 18, 1], [2, 6, 3, 5], [4, 12, 5, 11], [6, 16, 7, 15], [8, 22, 9, 21], [10, 4, 11, 3], [12, 20, 13, 19], [14, 8, 15, 7], [23, 16, 24, 17]]"
12n_0410_4,"[[23, 16, 24, 17], [1, 18, 2, 19], [20, 10, 21, 9], [22, 14, 23, 13], [17, 24, 18, 1], [2, 6, 3, 5], [4, 12, 5, 11], [6, 16, 7, 15], [8, 22, 9, 21], [10, 4, 11, 3], [12, 20, 13, 19], [14, 8, 15, 7]]"
12n_0410_5,"[[14, 8, 15, 7], [23, 16, 24, 17], [1, 18, 2, 19], [20, 10, 21, 9], [22, 14, 23, 13], [17, 24, 18, 1], [2, 6, 3, 5], [4, 12, 5, 11], [6, 16, 7, 15], [8, 22, 9, 21], [10, 4, 11, 3], [12, 20, 13, 19]]"
12n_0410_6,"[[12, 20, 13, 19], [14, 8, 15, 7], [23, 16, 24, 17], [1, 18, 2, 19], [20, 10, 21, 9], [22, 14, 23, 13], [17, 24, 18, 1], [2, 6, 3, 5], [4, 12, 5, 11], [6, 16, 7, 15], [8, 22, 9, 21], [10, 4, 11, 3]]"
12n_0410_7,"[[10, 4, 11, 3], [12, 20, 13, 19], [14, 8, 15, 7], [23, 16, 24, 17], [1, 18, 2, 19], [20, 10, 21, 9], [22, 14, 23, 13], [17, 24, 18, 1], [2, 6, 3, 5], [4, 12, 5, 11], [6, 16, 7, 15], [8, 22, 9, 21]]"
12n_0410_8,"[[8, 22, 9, 21], [10, 4, 11, 3], [12, 20, 13, 19], [14, 8, 15, 7], [23, 16, 24, 17], [1, 18, 2, 19], [20, 10, 21, 9], [22, 14, 23, 13], [17, 24, 18, 1], [2, 6, 3, 5], [4, 12, 5, 11], [6, 16, 7, 15]]"
12n_0410_9,"[[6, 16, 7, 15], [8, 22, 9, 21], [10, 4, 11, 3], [12, 20, 13, 19], [14, 8, 15, 7], [23, 16, 24, 17], [1, 18, 2, 19], [20, 10, 21, 9], [22, 14, 23, 13], [17, 24, 18, 1], [2, 6, 3, 5], [4, 12, 5, 11]]"
12n_0410_10,"[[4, 12, 5, 11], [6, 16, 7, 15], [8, 22, 9, 21], [10, 4, 11, 3], [12, 20, 13, 19], [14, 8, 15, 7], [23, 16, 24, 17], [1, 18, 2, 19], [20, 10, 21, 9], [22, 14, 23, 13], [17, 24, 18, 1], [2, 6, 3, 5]]"
12n_0410_11,"[[2, 6, 3, 5], [4, 12, 5, 11], [6, 16, 7, 15], [8, 22, 9, 21], [10, 4, 11, 3], [12, 20, 13, 19], [14, 8, 15, 7], [23, 16, 24, 17], [1, 18, 2, 19], [20, 10, 21, 9], [22, 14, 23, 13], [17, 24, 18, 1]]"
12n_0410_12,"[[18, 1, 19, 2], [3, 7, 4, 6], [5, 13, 6, 12], [7, 17, 8, 16], [9, 23, 10, 22], [11, 5, 12, 4], [13, 21, 14, 20], [15, 9, 16, 8], [24, 17, 1, 18], [2, 19, 3, 20], [21, 11, 22, 10], [23, 15, 24, 14]]"
12n_0410_13,"[[23, 15, 24, 14], [18, 1, 19, 2], [3, 7, 4, 6], [5, 13, 6, 12], [7, 17, 8, 16], [9, 23, 10, 22], [11, 5, 12, 4], [13, 21, 14, 20], [15, 9, 16, 8], [24, 17, 1, 18], [2, 19, 3, 20], [21, 11, 22, 10]]"
12n_0410_14,"[[21, 11, 22, 10], [23, 15, 24, 14], [18, 1, 19, 2], [3, 7, 4, 6], [5, 13, 6, 12], [7, 17, 8, 16], [9, 23, 10, 22], [11, 5, 12, 4], [13, 21, 14, 20], [15, 9, 16, 8], [24, 17, 1, 18], [2, 19, 3, 20]]"
12n_0410_15,"[[2, 19, 3, 20], [21, 11, 22, 10], [23, 15, 24, 14], [18, 1, 19, 2], [3, 7, 4, 6], [5, 13, 6, 12], [7, 17, 8, 16], [9, 23, 10, 22], [11, 5, 12, 4], [13, 21, 14, 20], [15, 9, 16, 8], [24, 17, 1, 18]]"
12n_0410_16,"[[24, 17, 1, 18], [2, 19, 3, 20], [21, 11, 22, 10], [23, 15, 24, 14], [18, 1, 19, 2], [3, 7, 4, 6], [5, 13, 6, 12], [7, 17, 8, 16], [9, 23, 10, 22], [11, 5, 12, 4], [13, 21, 14, 20], [15, 9, 16, 8]]"
12n_0410_17,"[[15, 9, 16, 8], [24, 17, 1, 18], [2, 19, 3, 20], [21, 11, 22, 10], [23, 15, 24, 14], [18, 1, 19, 2], [3, 7, 4, 6], [5, 13, 6, 12], [7, 17, 8, 16], [9, 23, 10, 22], [11, 5, 12, 4], [13, 21, 14, 20]]"
12n_0410_18,"[[13, 21, 14, 20], [15, 9, 16, 8], [24, 17, 1, 18], [2, 19, 3, 20], [21, 11, 22, 10], [23, 15, 24, 14], [18, 1, 19, 2], [3, 7, 4, 6], [5, 13, 6, 12], [7, 17, 8, 16], [9, 23, 10, 22], [11, 5, 12, 4]]"
12n_0410_19,"[[11, 5, 12, 4], [13, 21, 14, 20], [15, 9, 16, 8], [24, 17, 1, 18], [2, 19, 3, 20], [21, 11, 22, 10], [23, 15, 24, 14], [18, 1, 19, 2], [3, 7, 4, 6], [5, 13, 6, 12], [7, 17, 8, 16], [9, 23, 10, 22]]"
12n_0410_20,"[[9, 23, 10, 22], [11, 5, 12, 4], [13, 21, 14, 20], [15, 9, 16, 8], [24, 17, 1, 18], [2, 19, 3, 20], [21, 11, 22, 10], [23, 15, 24, 14], [18, 1, 19, 2], [3, 7, 4, 6], [5, 13, 6, 12], [7, 17, 8, 16]]"
12n_0410_21,"[[7, 17, 8, 16], [9, 23, 10, 22], [11, 5, 12, 4], [13, 21, 14, 20], [15, 9, 16, 8], [24, 17, 1, 18], [2, 19, 3, 20], [21, 11, 22, 10], [23, 15, 24, 14], [18, 1, 19, 2], [3, 7, 4, 6], [5, 13, 6, 12]]"
12n_0410_22,"[[5, 13, 6, 12], [7, 17, 8, 16], [9, 23, 10, 22], [11, 5, 12, 4], [13, 21, 14, 20], [15, 9, 16, 8], [24, 17, 1, 18], [2, 19, 3, 20], [21, 11, 22, 10], [23, 15, 24, 14], [18, 1, 19, 2], [3, 7, 4, 6]]"
12n_0410_23,"[[3, 7, 4, 6], [5, 13, 6, 12], [7, 17, 8, 16], [9, 23, 10, 22], [11, 5, 12, 4], [13, 21, 14, 20], [15, 9, 16, 8], [24, 17, 1, 18], [2, 19, 3, 20], [21, 11, 22, 10], [23, 15, 24, 14], [18, 1, 19, 2]]"
12n_0410_24,"[[19, 2, 20, 3], [4, 8, 5, 7], [6, 14, 7, 13], [8, 18, 9, 17], [10, 24, 11, 23], [12, 6, 13, 5], [14, 22, 15, 21], [16, 10, 17, 9], [1, 18, 2, 19], [3, 20, 4, 21], [22, 12, 23, 11], [24, 16, 1, 15]]"
12n_0410_25,"[[24, 16, 1, 15], [19, 2, 20, 3], [4, 8, 5, 7], [6, 14, 7, 13], [8, 18, 9, 17], [10, 24, 11, 23], [12, 6, 13, 5], [14, 22, 15, 21], [16, 10, 17, 9], [1, 18, 2, 19], [3, 20, 4, 21], [22, 12, 23, 11]]"
12n_0410_26,"[[22, 12, 23, 11], [24, 16, 1, 15], [19, 2, 20, 3], [4, 8, 5, 7], [6, 14, 7, 13], [8, 18, 9, 17], [10, 24, 11, 23], [12, 6, 13, 5], [14, 22, 15, 21], [16, 10, 17, 9], [1, 18, 2, 19], [3, 20, 4, 21]]"
12n_0410_27,"[[3, 20, 4, 21], [22, 12, 23, 11], [24, 16, 1, 15], [19, 2, 20, 3], [4, 8, 5, 7], [6, 14, 7, 13], [8, 18, 9, 17], [10, 24, 11, 23], [12, 6, 13, 5], [14, 22, 15, 21], [16, 10, 17, 9], [1, 18, 2, 19]]"
12n_0410_28,"[[1, 18, 2, 19], [3, 20, 4, 21], [22, 12, 23, 11], [24, 16, 1, 15], [19, 2, 20, 3], [4, 8, 5, 7], [6, 14, 7, 13], [8, 18, 9, 17], [10, 24, 11, 23], [12, 6, 13, 5], [14, 22, 15, 21], [16, 10, 17, 9]]"
12n_0410_29,"[[16, 10, 17, 9], [1, 18, 2, 19], [3, 20, 4, 21], [22, 12, 23, 11], [24, 16, 1, 15], [19, 2, 20, 3], [4, 8, 5, 7], [6, 14, 7, 13], [8, 18, 9, 17], [10, 24, 11, 23], [12, 6, 13, 5], [14, 22, 15, 21]]"
12n_0410_30,"[[14, 22, 15, 21], [16, 10, 17, 9], [1, 18, 2, 19], [3, 20, 4, 21], [22, 12, 23, 11], [24, 16, 1, 15], [19, 2, 20, 3], [4, 8, 5, 7], [6, 14, 7, 13], [8, 18, 9, 17], [10, 24, 11, 23], [12, 6, 13, 5]]"
12n_0410_31,"[[12, 6, 13, 5], [14, 22, 15, 21], [16, 10, 17, 9], [1, 18, 2, 19], [3, 20, 4, 21], [22, 12, 23, 11], [24, 16, 1, 15], [19, 2, 20, 3], [4, 8, 5, 7], [6, 14, 7, 13], [8, 18, 9, 17], [10, 24, 11, 23]]"
12n_0410_32,"[[10, 24, 11, 23], [12, 6, 13, 5], [14, 22, 15, 21], [16, 10, 17, 9], [1, 18, 2, 19], [3, 20, 4, 21], [22, 12, 23, 11], [24, 16, 1, 15], [19, 2, 20, 3], [4, 8, 5, 7], [6, 14, 7, 13], [8, 18, 9, 17]]"
12n_0410_33,"[[8, 18, 9, 17], [10, 24, 11, 23], [12, 6, 13, 5], [14, 22, 15, 21], [16, 10, 17, 9], [1, 18, 2, 19], [3, 20, 4, 21], [22, 12, 23, 11], [24, 16, 1, 15], [19, 2, 20, 3], [4, 8, 5, 7], [6, 14, 7, 13]]"
12n_0410_34,"[[6, 14, 7, 13], [8, 18, 9, 17], [10, 24, 11, 23], [12, 6, 13, 5], [14, 22, 15, 21], [16, 10, 17, 9], [1, 18, 2, 19], [3, 20, 4, 21], [22, 12, 23, 11], [24, 16, 1, 15], [19, 2, 20, 3], [4, 8, 5, 7]]"
12n_0410_35,"[[4, 8, 5, 7], [6, 14, 7, 13], [8, 18, 9, 17], [10, 24, 11, 23], [12, 6, 13, 5], [14, 22, 15, 21], [16, 10, 17, 9], [1, 18, 2, 19], [3, 20, 4, 21], [22, 12, 23, 11], [24, 16, 1, 15], [19, 2, 20, 3]]"
12n_0410_36,"[[20, 3, 21, 4], [5, 9, 6, 8], [7, 15, 8, 14], [9, 19, 10, 18], [11, 1, 12, 24], [13, 7, 14, 6], [15, 23, 16, 22], [17, 11, 18, 10], [2, 19, 3, 20], [4, 21, 5, 22], [23, 13, 24, 12], [1, 17, 2, 16]]"
12n_0410_37,"[[1, 17, 2, 16], [20, 3, 21, 4], [5, 9, 6, 8], [7, 15, 8, 14], [9, 19, 10, 18], [11, 1, 12, 24], [13, 7, 14, 6], [15, 23, 16, 22], [17, 11, 18, 10], [2, 19, 3, 20], [4, 21, 5, 22], [23, 13, 24, 12]]"
12n_0410_38,"[[23, 13, 24, 12], [1, 17, 2, 16], [20, 3, 21, 4], [5, 9, 6, 8], [7, 15, 8, 14], [9, 19, 10, 18], [11, 1, 12, 24], [13, 7, 14, 6], [15, 23, 16, 22], [17, 11, 18, 10], [2, 19, 3, 20], [4, 21, 5, 22]]"
12n_0410_39,"[[4, 21, 5, 22], [23, 13, 24, 12], [1, 17, 2, 16], [20, 3, 21, 4], [5, 9, 6, 8], [7, 15, 8, 14], [9, 19, 10, 18], [11, 1, 12, 24], [13, 7, 14, 6], [15, 23, 16, 22], [17, 11, 18, 10], [2, 19, 3, 20]]"
12n_0410_40,"[[2, 19, 3, 20], [4, 21, 5, 22], [23, 13, 24, 12], [1, 17, 2, 16], [20, 3, 21, 4], [5, 9, 6, 8], [7, 15, 8, 14], [9, 19, 10, 18], [11, 1, 12, 24], [13, 7, 14, 6], [15, 23, 16, 22], [17, 11, 18, 10]]"
12n_0410_41,"[[17, 11, 18, 10], [2, 19, 3, 20], [4, 21, 5, 22], [23, 13, 24, 12], [1, 17, 2, 16], [20, 3, 21, 4], [5, 9, 6, 8], [7, 15, 8, 14], [9, 19, 10, 18], [11, 1, 12, 24], [13, 7, 14, 6], [15, 23, 16, 22]]"
12n_0410_42,"[[15, 23, 16, 22], [17, 11, 18, 10], [2, 19, 3, 20], [4, 21, 5, 22], [23, 13, 24, 12], [1, 17, 2, 16], [20, 3, 21, 4], [5, 9, 6, 8], [7, 15, 8, 14], [9, 19, 10, 18], [11, 1, 12, 24], [13, 7, 14, 6]]"
12n_0410_43,"[[13, 7, 14, 6], [15, 23, 16, 22], [17, 11, 18, 10], [2, 19, 3, 20], [4, 21, 5, 22], [23, 13, 24, 12], [1, 17, 2, 16], [20, 3, 21, 4], [5, 9, 6, 8], [7, 15, 8, 14], [9, 19, 10, 18], [11, 1, 12, 24]]"
12n_0410_44,"[[11, 1, 12, 24], [13, 7, 14, 6], [15, 23, 16, 22], [17, 11, 18, 10], [2, 19, 3, 20], [4, 21, 5, 22], [23, 13, 24, 12], [1, 17, 2, 16], [20, 3, 21, 4], [5, 9, 6, 8], [7, 15, 8, 14], [9, 19, 10, 18]]"
12n_0410_45,"[[9, 19, 10, 18], [11, 1, 12, 24], [13, 7, 14, 6], [15, 23, 16, 22], [17, 11, 18, 10], [2, 19, 3, 20], [4, 21, 5, 22], [23, 13, 24, 12], [1, 17, 2, 16], [20, 3, 21, 4], [5, 9, 6, 8], [7, 15, 8, 14]]"
12n_0410_46,"[[7, 15, 8, 14], [9, 19, 10, 18], [11, 1, 12, 24], [13, 7, 14, 6], [15, 23, 16, 22], [17, 11, 18, 10], [2, 19, 3, 20], [4, 21, 5, 22], [23, 13, 24, 12], [1, 17, 2, 16], [20, 3, 21, 4], [5, 9, 6, 8]]"
12n_0410_47,"[[5, 9, 6, 8], [7, 15, 8, 14], [9, 19, 10, 18], [11, 1, 12, 24], [13, 7, 14, 6], [15, 23, 16, 22], [17, 11, 18, 10], [2, 19, 3, 20], [4, 21, 5, 22], [23, 13, 24, 12], [1, 17, 2, 16], [20, 3, 21, 4]]"
12n_0410_48,"[[21, 4, 22, 5], [6, 10, 7, 9], [8, 16, 9, 15], [10, 20, 11, 19], [12, 2, 13, 1], [14, 8, 15, 7], [16, 24, 17, 23], [18, 12, 19, 11], [3, 20, 4, 21], [5, 22, 6, 23], [24, 14, 1, 13], [2, 18, 3, 17]]"
12n_0410_49,"[[2, 18, 3, 17], [21, 4, 22, 5], [6, 10, 7, 9], [8, 16, 9, 15], [10, 20, 11, 19], [12, 2, 13, 1], [14, 8, 15, 7], [16, 24, 17, 23], [18, 12, 19, 11], [3, 20, 4, 21], [5, 22, 6, 23], [24, 14, 1, 13]]"
12n_0410_50,"[[24, 14, 1, 13], [2, 18, 3, 17], [21, 4, 22, 5], [6, 10, 7, 9], [8, 16, 9, 15], [10, 20, 11, 19], [12, 2, 13, 1], [14, 8, 15, 7], [16, 24, 17, 23], [18, 12, 19, 11], [3, 20, 4, 21], [5, 22, 6, 23]]"
12n_0410_51,"[[5, 22, 6, 23], [24, 14, 1, 13], [2, 18, 3, 17], [21, 4, 22, 5], [6, 10, 7, 9], [8, 16, 9, 15], [10, 20, 11, 19], [12, 2, 13, 1], [14, 8, 15, 7], [16, 24, 17, 23], [18, 12, 19, 11], [3, 20, 4, 21]]"
12n_0410_52,"[[3, 20, 4, 21], [5, 22, 6, 23], [24, 14, 1, 13], [2, 18, 3, 17], [21, 4, 22, 5], [6, 10, 7, 9], [8, 16, 9, 15], [10, 20, 11, 19], [12, 2, 13, 1], [14, 8, 15, 7], [16, 24, 17, 23], [18, 12, 19, 11]]"
12n_0410_53,"[[18, 12, 19, 11], [3, 20, 4, 21], [5, 22, 6, 23], [24, 14, 1, 13], [2, 18, 3, 17], [21, 4, 22, 5], [6, 10, 7, 9], [8, 16, 9, 15], [10, 20, 11, 19], [12, 2, 13, 1], [14, 8, 15, 7], [16, 24, 17, 23]]"
12n_0410_54,"[[16, 24, 17, 23], [18, 12, 19, 11], [3, 20, 4, 21], [5, 22, 6, 23], [24, 14, 1, 13], [2, 18, 3, 17], [21, 4, 22, 5], [6, 10, 7, 9], [8, 16, 9, 15], [10, 20, 11, 19], [12, 2, 13, 1], [14, 8, 15, 7]]"
12n_0410_55,"[[14, 8, 15, 7], [16, 24, 17, 23], [18, 12, 19, 11], [3, 20, 4, 21], [5, 22, 6, 23], [24, 14, 1, 13], [2, 18, 3, 17], [21, 4, 22, 5], [6, 10, 7, 9], [8, 16, 9, 15], [10, 20, 11, 19], [12, 2, 13, 1]]"
12n_0410_56,"[[12, 2, 13, 1], [14, 8, 15, 7], [16, 24, 17, 23], [18, 12, 19, 11], [3, 20, 4, 21], [5, 22, 6, 23], [24, 14, 1, 13], [2, 18, 3, 17], [21, 4, 22, 5], [6, 10, 7, 9], [8, 16, 9, 15], [10, 20, 11, 19]]"
12n_0410_57,"[[10, 20, 11, 19], [12, 2, 13, 1], [14, 8, 15, 7], [16, 24, 17, 23], [18, 12, 19, 11], [3, 20, 4, 21], [5, 22, 6, 23], [24, 14, 1, 13], [2, 18, 3, 17], [21, 4, 22, 5], [6, 10, 7, 9], [8, 16, 9, 15]]"
12n_0410_58,"[[8, 16, 9, 15], [10, 20, 11, 19], [12, 2, 13, 1], [14, 8, 15, 7], [16, 24, 17, 23], [18, 12, 19, 11], [3, 20, 4, 21], [5, 22, 6, 23], [24, 14, 1, 13], [2, 18, 3, 17], [21, 4, 22, 5], [6, 10, 7, 9]]"
12n_0410_59,"[[6, 10, 7, 9], [8, 16, 9, 15], [10, 20, 11, 19], [12, 2, 13, 1], [14, 8, 15, 7], [16, 24, 17, 23], [18, 12, 19, 11], [3, 20, 4, 21], [5, 22, 6, 23], [24, 14, 1, 13], [2, 18, 3, 17], [21, 4, 22, 5]]"
12n_0410_60,"[[22, 5, 23, 6], [7, 11, 8, 10], [9, 17, 10, 16], [11, 21, 12, 20], [13, 3, 14, 2], [15, 9, 16, 8], [17, 1, 18, 24], [19, 13, 20, 12], [4, 21, 5, 22], [6, 23, 7, 24], [1, 15, 2, 14], [3, 19, 4, 18]]"
12n_0410_61,"[[3, 19, 4, 18], [22, 5, 23, 6], [7, 11, 8, 10], [9, 17, 10, 16], [11, 21, 12, 20], [13, 3, 14, 2], [15, 9, 16, 8], [17, 1, 18, 24], [19, 13, 20, 12], [4, 21, 5, 22], [6, 23, 7, 24], [1, 15, 2, 14]]"
12n_0410_62,"[[1, 15, 2, 14], [3, 19, 4, 18], [22, 5, 23, 6], [7, 11, 8, 10], [9, 17, 10, 16], [11, 21, 12, 20], [13, 3, 14, 2], [15, 9, 16, 8], [17, 1, 18, 24], [19, 13, 20, 12], [4, 21, 5, 22], [6, 23, 7, 24]]"
12n_0410_63,"[[6, 23, 7, 24], [1, 15, 2, 14], [3, 19, 4, 18], [22, 5, 23, 6], [7, 11, 8, 10], [9, 17, 10, 16], [11, 21, 12, 20], [13, 3, 14, 2], [15, 9, 16, 8], [17, 1, 18, 24], [19, 13, 20, 12], [4, 21, 5, 22]]"
12n_0410_64,"[[4, 21, 5, 22], [6, 23, 7, 24], [1, 15, 2, 14], [3, 19, 4, 18], [22, 5, 23, 6], [7, 11, 8, 10], [9, 17, 10, 16], [11, 21, 12, 20], [13, 3, 14, 2], [15, 9, 16, 8], [17, 1, 18, 24], [19, 13, 20, 12]]"
12n_0410_65,"[[19, 13, 20, 12], [4, 21, 5, 22], [6, 23, 7, 24], [1, 15, 2, 14], [3, 19, 4, 18], [22, 5, 23, 6], [7, 11, 8, 10], [9, 17, 10, 16], [11, 21, 12, 20], [13, 3, 14, 2], [15, 9, 16, 8], [17, 1, 18, 24]]"
12n_0410_66,"[[17, 1, 18, 24], [19, 13, 20, 12], [4, 21, 5, 22], [6, 23, 7, 24], [1, 15, 2, 14], [3, 19, 4, 18], [22, 5, 23, 6], [7, 11, 8, 10], [9, 17, 10, 16], [11, 21, 12, 20], [13, 3, 14, 2], [15, 9, 16, 8]]"
12n_0410_67,"[[15, 9, 16, 8], [17, 1, 18, 24], [19, 13, 20, 12], [4, 21, 5, 22], [6, 23, 7, 24], [1, 15, 2, 14], [3, 19, 4, 18], [22, 5, 23, 6], [7, 11, 8, 10], [9, 17, 10, 16], [11, 21, 12, 20], [13, 3, 14, 2]]"
12n_0410_68,"[[13, 3, 14, 2], [15, 9, 16, 8], [17, 1, 18, 24], [19, 13, 20, 12], [4, 21, 5, 22], [6, 23, 7, 24], [1, 15, 2, 14], [3, 19, 4, 18], [22, 5, 23, 6], [7, 11, 8, 10], [9, 17, 10, 16], [11, 21, 12, 20]]"
12n_0410_69,"[[11, 21, 12, 20], [13, 3, 14, 2], [15, 9, 16, 8], [17, 1, 18, 24], [19, 13, 20, 12], [4, 21, 5, 22], [6, 23, 7, 24], [1, 15, 2, 14], [3, 19, 4, 18], [22, 5, 23, 6], [7, 11, 8, 10], [9, 17, 10, 16]]"
12n_0410_70,"[[9, 17, 10, 16], [11, 21, 12, 20], [13, 3, 14, 2], [15, 9, 16, 8], [17, 1, 18, 24], [19, 13, 20, 12], [4, 21, 5, 22], [6, 23, 7, 24], [1, 15, 2, 14], [3, 19, 4, 18], [22, 5, 23, 6], [7, 11, 8, 10]]"
12n_0410_71,"[[7, 11, 8, 10], [9, 17, 10, 16], [11, 21, 12, 20], [13, 3, 14, 2], [15, 9, 16, 8], [17, 1, 18, 24], [19, 13, 20, 12], [4, 21, 5, 22], [6, 23, 7, 24], [1, 15, 2, 14], [3, 19, 4, 18], [22, 5, 23, 6]]"
12n_0410_72,"[[23, 6, 24, 7], [8, 12, 9, 11], [10, 18, 11, 17], [12, 22, 13, 21], [14, 4, 15, 3], [16, 10, 17, 9], [18, 2, 19, 1], [20, 14, 21, 13], [5, 22, 6, 23], [7, 24, 8, 1], [2, 16, 3, 15], [4, 20, 5, 19]]"
12n_0410_73,"[[4, 20, 5, 19], [23, 6, 24, 7], [8, 12, 9, 11], [10, 18, 11, 17], [12, 22, 13, 21], [14, 4, 15, 3], [16, 10, 17, 9], [18, 2, 19, 1], [20, 14, 21, 13], [5, 22, 6, 23], [7, 24, 8, 1], [2, 16, 3, 15]]"
12n_0410_74,"[[2, 16, 3, 15], [4, 20, 5, 19], [23, 6, 24, 7], [8, 12, 9, 11], [10, 18, 11, 17], [12, 22, 13, 21], [14, 4, 15, 3], [16, 10, 17, 9], [18, 2, 19, 1], [20, 14, 21, 13], [5, 22, 6, 23], [7, 24, 8, 1]]"
12n_0410_75,"[[7, 24, 8, 1], [2, 16, 3, 15], [4, 20, 5, 19], [23, 6, 24, 7], [8, 12, 9, 11], [10, 18, 11, 17], [12, 22, 13, 21], [14, 4, 15, 3], [16, 10, 17, 9], [18, 2, 19, 1], [20, 14, 21, 13], [5, 22, 6, 23]]"
12n_0410_76,"[[5, 22, 6, 23], [7, 24, 8, 1], [2, 16, 3, 15], [4, 20, 5, 19], [23, 6, 24, 7], [8, 12, 9, 11], [10, 18, 11, 17], [12, 22, 13, 21], [14, 4, 15, 3], [16, 10, 17, 9], [18, 2, 19, 1], [20, 14, 21, 13]]"
12n_0410_77,"[[20, 14, 21, 13], [5, 22, 6, 23], [7, 24, 8, 1], [2, 16, 3, 15], [4, 20, 5, 19], [23, 6, 24, 7], [8, 12, 9, 11], [10, 18, 11, 17], [12, 22, 13, 21], [14, 4, 15, 3], [16, 10, 17, 9], [18, 2, 19, 1]]"
12n_0410_78,"[[18, 2, 19, 1], [20, 14, 21, 13], [5, 22, 6, 23], [7, 24, 8, 1], [2, 16, 3, 15], [4, 20, 5, 19], [23, 6, 24, 7], [8, 12, 9, 11], [10, 18, 11, 17], [12, 22, 13, 21], [14, 4, 15, 3], [16, 10, 17, 9]]"
12n_0410_79,"[[16, 10, 17, 9], [18, 2, 19, 1], [20, 14, 21, 13], [5, 22, 6, 23], [7, 24, 8, 1], [2, 16, 3, 15], [4, 20, 5, 19], [23, 6, 24, 7], [8, 12, 9, 11], [10, 18, 11, 17], [12, 22, 13, 21], [14, 4, 15, 3]]"
12n_0410_80,"[[14, 4, 15, 3], [16, 10, 17, 9], [18, 2, 19, 1], [20, 14, 21, 13], [5, 22, 6, 23], [7, 24, 8, 1], [2, 16, 3, 15], [4, 20, 5, 19], [23, 6, 24, 7], [8, 12, 9, 11], [10, 18, 11, 17], [12, 22, 13, 21]]"
12n_0410_81,"[[12, 22, 13, 21], [14, 4, 15, 3], [16, 10, 17, 9], [18, 2, 19, 1], [20, 14, 21, 13], [5, 22, 6, 23], [7, 24, 8, 1], [2, 16, 3, 15], [4, 20, 5, 19], [23, 6, 24, 7], [8, 12, 9, 11], [10, 18, 11, 17]]"
12n_0410_82,"[[10, 18, 11, 17], [12, 22, 13, 21], [14, 4, 15, 3], [16, 10, 17, 9], [18, 2, 19, 1], [20, 14, 21, 13], [5, 22, 6, 23], [7, 24, 8, 1], [2, 16, 3, 15], [4, 20, 5, 19], [23, 6, 24, 7], [8, 12, 9, 11]]"
12n_0410_83,"[[8, 12, 9, 11], [10, 18, 11, 17], [12, 22, 13, 21], [14, 4, 15, 3], [16, 10, 17, 9], [18, 2, 19, 1], [20, 14, 21, 13], [5, 22, 6, 23], [7, 24, 8, 1], [2, 16, 3, 15], [4, 20, 5, 19], [23, 6, 24, 7]]"
12n_0410_84,"[[24, 7, 1, 8], [9, 13, 10, 12], [11, 19, 12, 18], [13, 23, 14, 22], [15, 5, 16, 4], [17, 11, 18, 10], [19, 3, 20, 2], [21, 15, 22, 14], [6, 23, 7, 24], [8, 1, 9, 2], [3, 17, 4, 16], [5, 21, 6, 20]]"
12n_0410_85,"[[5, 21, 6, 20], [24, 7, 1, 8], [9, 13, 10, 12], [11, 19, 12, 18], [13, 23, 14, 22], [15, 5, 16, 4], [17, 11, 18, 10], [19, 3, 20, 2], [21, 15, 22, 14], [6, 23, 7, 24], [8, 1, 9, 2], [3, 17, 4, 16]]"
12n_0410_86,"[[3, 17, 4, 16], [5, 21, 6, 20], [24, 7, 1, 8], [9, 13, 10, 12], [11, 19, 12, 18], [13, 23, 14, 22], [15, 5, 16, 4], [17, 11, 18, 10], [19, 3, 20, 2], [21, 15, 22, 14], [6, 23, 7, 24], [8, 1, 9, 2]]"
12n_0410_87,"[[8, 1, 9, 2], [3, 17, 4, 16], [5, 21, 6, 20], [24, 7, 1, 8], [9, 13, 10, 12], [11, 19, 12, 18], [13, 23, 14, 22], [15, 5, 16, 4], [17, 11, 18, 10], [19, 3, 20, 2], [21, 15, 22, 14], [6, 23, 7, 24]]"
12n_0410_88,"[[6, 23, 7, 24], [8, 1, 9, 2], [3, 17, 4, 16], [5, 21, 6, 20], [24, 7, 1, 8], [9, 13, 10, 12], [11, 19, 12, 18], [13, 23, 14, 22], [15, 5, 16, 4], [17, 11, 18, 10], [19, 3, 20, 2], [21, 15, 22, 14]]"
12n_0410_89,"[[21, 15, 22, 14], [6, 23, 7, 24], [8, 1, 9, 2], [3, 17, 4, 16], [5, 21, 6, 20], [24, 7, 1, 8], [9, 13, 10, 12], [11, 19, 12, 18], [13, 23, 14, 22], [15, 5, 16, 4], [17, 11, 18, 10], [19, 3, 20, 2]]"
12n_0410_90,"[[19, 3, 20, 2], [21, 15, 22, 14], [6, 23, 7, 24], [8, 1, 9, 2], [3, 17, 4, 16], [5, 21, 6, 20], [24, 7, 1, 8], [9, 13, 10, 12], [11, 19, 12, 18], [13, 23, 14, 22], [15, 5, 16, 4], [17, 11, 18, 10]]"
12n_0410_91,"[[17, 11, 18, 10], [19, 3, 20, 2], [21, 15, 22, 14], [6, 23, 7, 24], [8, 1, 9, 2], [3, 17, 4, 16], [5, 21, 6, 20], [24, 7, 1, 8], [9, 13, 10, 12], [11, 19, 12, 18], [13, 23, 14, 22], [15, 5, 16, 4]]"
12n_0410_92,"[[15, 5, 16, 4], [17, 11, 18, 10], [19, 3, 20, 2], [21, 15, 22, 14], [6, 23, 7, 24], [8, 1, 9, 2], [3, 17, 4, 16], [5, 21, 6, 20], [24, 7, 1, 8], [9, 13, 10, 12], [11, 19, 12, 18], [13, 23, 14, 22]]"
12n_0410_93,"[[13, 23, 14, 22], [15, 5, 16, 4], [17, 11, 18, 10], [19, 3, 20, 2], [21, 15, 22, 14], [6, 23, 7, 24], [8, 1, 9, 2], [3, 17, 4, 16], [5, 21, 6, 20], [24, 7, 1, 8], [9, 13, 10, 12], [11, 19, 12, 18]]"
12n_0410_94,"[[11, 19, 12, 18], [13, 23, 14, 22], [15, 5, 16, 4], [17, 11, 18, 10], [19, 3, 20, 2], [21, 15, 22, 14], [6, 23, 7, 24], [8, 1, 9, 2], [3, 17, 4, 16], [5, 21, 6, 20], [24, 7, 1, 8], [9, 13, 10, 12]]"
12n_0410_95,"[[9, 13, 10, 12], [11, 19, 12, 18], [13, 23, 14, 22], [15, 5, 16, 4], [17, 11, 18, 10], [19, 3, 20, 2], [21, 15, 22, 14], [6, 23, 7, 24], [8, 1, 9, 2], [3, 17, 4, 16], [5, 21, 6, 20], [24, 7, 1, 8]]"
12n_0410_96,"[[1, 8, 2, 9], [10, 14, 11, 13], [12, 20, 13, 19], [14, 24, 15, 23], [16, 6, 17, 5], [18, 12, 19, 11], [20, 4, 21, 3], [22, 16, 23, 15], [7, 24, 8, 1], [9, 2, 10, 3], [4, 18, 5, 17], [6, 22, 7, 21]]"
12n_0410_97,"[[6, 22, 7, 21], [1, 8, 2, 9], [10, 14, 11, 13], [12, 20, 13, 19], [14, 24, 15, 23], [16, 6, 17, 5], [18, 12, 19, 11], [20, 4, 21, 3], [22, 16, 23, 15], [7, 24, 8, 1], [9, 2, 10, 3], [4, 18, 5, 17]]"
12n_0410_98,"[[4, 18, 5, 17], [6, 22, 7, 21], [1, 8, 2, 9], [10, 14, 11, 13], [12, 20, 13, 19], [14, 24, 15, 23], [16, 6, 17, 5], [18, 12, 19, 11], [20, 4, 21, 3], [22, 16, 23, 15], [7, 24, 8, 1], [9, 2, 10, 3]]"
12n_0410_99,"[[9, 2, 10, 3], [4, 18, 5, 17], [6, 22, 7, 21], [1, 8, 2, 9], [10, 14, 11, 13], [12, 20, 13, 19], [14, 24, 15, 23], [16, 6, 17, 5], [18, 12, 19, 11], [20, 4, 21, 3], [22, 16, 23, 15], [7, 24, 8, 1]]"
12n_0410_100,"[[7, 24, 8, 1], [9, 2, 10, 3], [4, 18, 5, 17], [6, 22, 7, 21], [1, 8, 2, 9], [10, 14, 11, 13], [12, 20, 13, 19], [14, 24, 15, 23], [16, 6, 17, 5], [18, 12, 19, 11], [20, 4, 21, 3], [22, 16, 23, 15]]"
12n_0410_101,"[[22, 16, 23, 15], [7, 24, 8, 1], [9, 2, 10, 3], [4, 18, 5, 17], [6, 22, 7, 21], [1, 8, 2, 9], [10, 14, 11, 13], [12, 20, 13, 19], [14, 24, 15, 23], [16, 6, 17, 5], [18, 12, 19, 11], [20, 4, 21, 3]]"
12n_0410_102,"[[20, 4, 21, 3], [22, 16, 23, 15], [7, 24, 8, 1], [9, 2, 10, 3], [4, 18, 5, 17], [6, 22, 7, 21], [1, 8, 2, 9], [10, 14, 11, 13], [12, 20, 13, 19], [14, 24, 15, 23], [16, 6, 17, 5], [18, 12, 19, 11]]"
12n_0410_103,"[[18, 12, 19, 11], [20, 4, 21, 3], [22, 16, 23, 15], [7, 24, 8, 1], [9, 2, 10, 3], [4, 18, 5, 17], [6, 22, 7, 21], [1, 8, 2, 9], [10, 14, 11, 13], [12, 20, 13, 19], [14, 24, 15, 23], [16, 6, 17, 5]]"
12n_0410_104,"[[16, 6, 17, 5], [18, 12, 19, 11], [20, 4, 21, 3], [22, 16, 23, 15], [7, 24, 8, 1], [9, 2, 10, 3], [4, 18, 5, 17], [6, 22, 7, 21], [1, 8, 2, 9], [10, 14, 11, 13], [12, 20, 13, 19], [14, 24, 15, 23]]"
12n_0410_105,"[[14, 24, 15, 23], [16, 6, 17, 5], [18, 12, 19, 11], [20, 4, 21, 3], [22, 16, 23, 15], [7, 24, 8, 1], [9, 2, 10, 3], [4, 18, 5, 17], [6, 22, 7, 21], [1, 8, 2, 9], [10, 14, 11, 13], [12, 20, 13, 19]]"
12n_0410_106,"[[12, 20, 13, 19], [14, 24, 15, 23], [16, 6, 17, 5], [18, 12, 19, 11], [20, 4, 21, 3], [22, 16, 23, 15], [7, 24, 8, 1], [9, 2, 10, 3], [4, 18, 5, 17], [6, 22, 7, 21], [1, 8, 2, 9], [10, 14, 11, 13]]"
12n_0410_107,"[[10, 14, 11, 13], [12, 20, 13, 19], [14, 24, 15, 23], [16, 6, 17, 5], [18, 12, 19, 11], [20, 4, 21, 3], [22, 16, 23, 15], [7, 24, 8, 1], [9, 2, 10, 3], [4, 18, 5, 17], [6, 22, 7, 21], [1, 8, 2, 9]]"
12n_0410_108,"[[2, 9, 3, 10], [11, 15, 12, 14], [13, 21, 14, 20], [15, 1, 16, 24], [17, 7, 18, 6], [19, 13, 20, 12], [21, 5, 22, 4], [23, 17, 24, 16], [8, 1, 9, 2], [10, 3, 11, 4], [5, 19, 6, 18], [7, 23, 8, 22]]"
12n_0410_109,"[[7, 23, 8, 22], [2, 9, 3, 10], [11, 15, 12, 14], [13, 21, 14, 20], [15, 1, 16, 24], [17, 7, 18, 6], [19, 13, 20, 12], [21, 5, 22, 4], [23, 17, 24, 16], [8, 1, 9, 2], [10, 3, 11, 4], [5, 19, 6, 18]]"
12n_0410_110,"[[5, 19, 6, 18], [7, 23, 8, 22], [2, 9, 3, 10], [11, 15, 12, 14], [13, 21, 14, 20], [15, 1, 16, 24], [17, 7, 18, 6], [19, 13, 20, 12], [21, 5, 22, 4], [23, 17, 24, 16], [8, 1, 9, 2], [10, 3, 11, 4]]"
12n_0410_111,"[[10, 3, 11, 4], [5, 19, 6, 18], [7, 23, 8, 22], [2, 9, 3, 10], [11, 15, 12, 14], [13, 21, 14, 20], [15, 1, 16, 24], [17, 7, 18, 6], [19, 13, 20, 12], [21, 5, 22, 4], [23, 17, 24, 16], [8, 1, 9, 2]]"
12n_0410_112,"[[8, 1, 9, 2], [10, 3, 11, 4], [5, 19, 6, 18], [7, 23, 8, 22], [2, 9, 3, 10], [11, 15, 12, 14], [13, 21, 14, 20], [15, 1, 16, 24], [17, 7, 18, 6], [19, 13, 20, 12], [21, 5, 22, 4], [23, 17, 24, 16]]"
12n_0410_113,"[[23, 17, 24, 16], [8, 1, 9, 2], [10, 3, 11, 4], [5, 19, 6, 18], [7, 23, 8, 22], [2, 9, 3, 10], [11, 15, 12, 14], [13, 21, 14, 20], [15, 1, 16, 24], [17, 7, 18, 6], [19, 13, 20, 12], [21, 5, 22, 4]]"
12n_0410_114,"[[21, 5, 22, 4], [23, 17, 24, 16], [8, 1, 9, 2], [10, 3, 11, 4], [5, 19, 6, 18], [7, 23, 8, 22], [2, 9, 3, 10], [11, 15, 12, 14], [13, 21, 14, 20], [15, 1, 16, 24], [17, 7, 18, 6], [19, 13, 20, 12]]"
12n_0410_115,"[[19, 13, 20, 12], [21, 5, 22, 4], [23, 17, 24, 16], [8, 1, 9, 2], [10, 3, 11, 4], [5, 19, 6, 18], [7, 23, 8, 22], [2, 9, 3, 10], [11, 15, 12, 14], [13, 21, 14, 20], [15, 1, 16, 24], [17, 7, 18, 6]]"
12n_0410_116,"[[17, 7, 18, 6], [19, 13, 20, 12], [21, 5, 22, 4], [23, 17, 24, 16], [8, 1, 9, 2], [10, 3, 11, 4], [5, 19, 6, 18], [7, 23, 8, 22], [2, 9, 3, 10], [11, 15, 12, 14], [13, 21, 14, 20], [15, 1, 16, 24]]"
12n_0410_117,"[[15, 1, 16, 24], [17, 7, 18, 6], [19, 13, 20, 12], [21, 5, 22, 4], [23, 17, 24, 16], [8, 1, 9, 2], [10, 3, 11, 4], [5, 19, 6, 18], [7, 23, 8, 22], [2, 9, 3, 10], [11, 15, 12, 14], [13, 21, 14, 20]]"
12n_0410_118,"[[13, 21, 14, 20], [15, 1, 16, 24], [17, 7, 18, 6], [19, 13, 20, 12], [21, 5, 22, 4], [23, 17, 24, 16], [8, 1, 9, 2], [10, 3, 11, 4], [5, 19, 6, 18], [7, 23, 8, 22], [2, 9, 3, 10], [11, 15, 12, 14]]"
12n_0410_119,"[[11, 15, 12, 14], [13, 21, 14, 20], [15, 1, 16, 24], [17, 7, 18, 6], [19, 13, 20, 12], [21, 5, 22, 4], [23, 17, 24, 16], [8, 1, 9, 2], [10, 3, 11, 4], [5, 19, 6, 18], [7, 23, 8, 22], [2, 9, 3, 10]]"
12n_0410_120,"[[3, 10, 4, 11], [12, 16, 13, 15], [14, 22, 15, 21], [16, 2, 17, 1], [18, 8, 19, 7], [20, 14, 21, 13], [22, 6, 23, 5], [24, 18, 1, 17], [9, 2, 10, 3], [11, 4, 12, 5], [6, 20, 7, 19], [8, 24, 9, 23]]"
12n_0410_121,"[[8, 24, 9, 23], [3, 10, 4, 11], [12, 16, 13, 15], [14, 22, 15, 21], [16, 2, 17, 1], [18, 8, 19, 7], [20, 14, 21, 13], [22, 6, 23, 5], [24, 18, 1, 17], [9, 2, 10, 3], [11, 4, 12, 5], [6, 20, 7, 19]]"
12n_0410_122,"[[6, 20, 7, 19], [8, 24, 9, 23], [3, 10, 4, 11], [12, 16, 13, 15], [14, 22, 15, 21], [16, 2, 17, 1], [18, 8, 19, 7], [20, 14, 21, 13], [22, 6, 23, 5], [24, 18, 1, 17], [9, 2, 10, 3], [11, 4, 12, 5]]"
12n_0410_123,"[[11, 4, 12, 5], [6, 20, 7, 19], [8, 24, 9, 23], [3, 10, 4, 11], [12, 16, 13, 15], [14, 22, 15, 21], [16, 2, 17, 1], [18, 8, 19, 7], [20, 14, 21, 13], [22, 6, 23, 5], [24, 18, 1, 17], [9, 2, 10, 3]]"
12n_0410_124,"[[9, 2, 10, 3], [11, 4, 12, 5], [6, 20, 7, 19], [8, 24, 9, 23], [3, 10, 4, 11], [12, 16, 13, 15], [14, 22, 15, 21], [16, 2, 17, 1], [18, 8, 19, 7], [20, 14, 21, 13], [22, 6, 23, 5], [24, 18, 1, 17]]"
12n_0410_125,"[[24, 18, 1, 17], [9, 2, 10, 3], [11, 4, 12, 5], [6, 20, 7, 19], [8, 24, 9, 23], [3, 10, 4, 11], [12, 16, 13, 15], [14, 22, 15, 21], [16, 2, 17, 1], [18, 8, 19, 7], [20, 14, 21, 13], [22, 6, 23, 5]]"
12n_0410_126,"[[22, 6, 23, 5], [24, 18, 1, 17], [9, 2, 10, 3], [11, 4, 12, 5], [6, 20, 7, 19], [8, 24, 9, 23], [3, 10, 4, 11], [12, 16, 13, 15], [14, 22, 15, 21], [16, 2, 17, 1], [18, 8, 19, 7], [20, 14, 21, 13]]"
12n_0410_127,"[[20, 14, 21, 13], [22, 6, 23, 5], [24, 18, 1, 17], [9, 2, 10, 3], [11, 4, 12, 5], [6, 20, 7, 19], [8, 24, 9, 23], [3, 10, 4, 11], [12, 16, 13, 15], [14, 22, 15, 21], [16, 2, 17, 1], [18, 8, 19, 7]]"
12n_0410_128,"[[18, 8, 19, 7], [20, 14, 21, 13], [22, 6, 23, 5], [24, 18, 1, 17], [9, 2, 10, 3], [11, 4, 12, 5], [6, 20, 7, 19], [8, 24, 9, 23], [3, 10, 4, 11], [12, 16, 13, 15], [14, 22, 15, 21], [16, 2, 17, 1]]"
12n_0410_129,"[[16, 2, 17, 1], [18, 8, 19, 7], [20, 14, 21, 13], [22, 6, 23, 5], [24, 18, 1, 17], [9, 2, 10, 3], [11, 4, 12, 5], [6, 20, 7, 19], [8, 24, 9, 23], [3, 10, 4, 11], [12, 16, 13, 15], [14, 22, 15, 21]]"
12n_0410_130,"[[14, 22, 15, 21], [16, 2, 17, 1], [18, 8, 19, 7], [20, 14, 21, 13], [22, 6, 23, 5], [24, 18, 1, 17], [9, 2, 10, 3], [11, 4, 12, 5], [6, 20, 7, 19], [8, 24, 9, 23], [3, 10, 4, 11], [12, 16, 13, 15]]"
12n_0410_131,"[[12, 16, 13, 15], [14, 22, 15, 21], [16, 2, 17, 1], [18, 8, 19, 7], [20, 14, 21, 13], [22, 6, 23, 5], [24, 18, 1, 17], [9, 2, 10, 3], [11, 4, 12, 5], [6, 20, 7, 19], [8, 24, 9, 23], [3, 10, 4, 11]]"
12n_0410_132,"[[4, 11, 5, 12], [13, 17, 14, 16], [15, 23, 16, 22], [17, 3, 18, 2], [19, 9, 20, 8], [21, 15, 22, 14], [23, 7, 24, 6], [1, 19, 2, 18], [10, 3, 11, 4], [12, 5, 13, 6], [7, 21, 8, 20], [9, 1, 10, 24]]"
12n_0410_133,"[[9, 1, 10, 24], [4, 11, 5, 12], [13, 17, 14, 16], [15, 23, 16, 22], [17, 3, 18, 2], [19, 9, 20, 8], [21, 15, 22, 14], [23, 7, 24, 6], [1, 19, 2, 18], [10, 3, 11, 4], [12, 5, 13, 6], [7, 21, 8, 20]]"
12n_0410_134,"[[7, 21, 8, 20], [9, 1, 10, 24], [4, 11, 5, 12], [13, 17, 14, 16], [15, 23, 16, 22], [17, 3, 18, 2], [19, 9, 20, 8], [21, 15, 22, 14], [23, 7, 24, 6], [1, 19, 2, 18], [10, 3, 11, 4], [12, 5, 13, 6]]"
12n_0410_135,"[[12, 5, 13, 6], [7, 21, 8, 20], [9, 1, 10, 24], [4, 11, 5, 12], [13, 17, 14, 16], [15, 23, 16, 22], [17, 3, 18, 2], [19, 9, 20, 8], [21, 15, 22, 14], [23, 7, 24, 6], [1, 19, 2, 18], [10, 3, 11, 4]]"
12n_0410_136,"[[10, 3, 11, 4], [12, 5, 13, 6], [7, 21, 8, 20], [9, 1, 10, 24], [4, 11, 5, 12], [13, 17, 14, 16], [15, 23, 16, 22], [17, 3, 18, 2], [19, 9, 20, 8], [21, 15, 22, 14], [23, 7, 24, 6], [1, 19, 2, 18]]"
12n_0410_137,"[[1, 19, 2, 18], [10, 3, 11, 4], [12, 5, 13, 6], [7, 21, 8, 20], [9, 1, 10, 24], [4, 11, 5, 12], [13, 17, 14, 16], [15, 23, 16, 22], [17, 3, 18, 2], [19, 9, 20, 8], [21, 15, 22, 14], [23, 7, 24, 6]]"
12n_0410_138,"[[23, 7, 24, 6], [1, 19, 2, 18], [10, 3, 11, 4], [12, 5, 13, 6], [7, 21, 8, 20], [9, 1, 10, 24], [4, 11, 5, 12], [13, 17, 14, 16], [15, 23, 16, 22], [17, 3, 18, 2], [19, 9, 20, 8], [21, 15, 22, 14]]"
12n_0410_139,"[[21, 15, 22, 14], [23, 7, 24, 6], [1, 19, 2, 18], [10, 3, 11, 4], [12, 5, 13, 6], [7, 21, 8, 20], [9, 1, 10, 24], [4, 11, 5, 12], [13, 17, 14, 16], [15, 23, 16, 22], [17, 3, 18, 2], [19, 9, 20, 8]]"
12n_0410_140,"[[19, 9, 20, 8], [21, 15, 22, 14], [23, 7, 24, 6], [1, 19, 2, 18], [10, 3, 11, 4], [12, 5, 13, 6], [7, 21, 8, 20], [9, 1, 10, 24], [4, 11, 5, 12], [13, 17, 14, 16], [15, 23, 16, 22], [17, 3, 18, 2]]"
12n_0410_141,"[[17, 3, 18, 2], [19, 9, 20, 8], [21, 15, 22, 14], [23, 7, 24, 6], [1, 19, 2, 18], [10, 3, 11, 4], [12, 5, 13, 6], [7, 21, 8, 20], [9, 1, 10, 24], [4, 11, 5, 12], [13, 17, 14, 16], [15, 23, 16, 22]]"
12n_0410_142,"[[15, 23, 16, 22], [17, 3, 18, 2], [19, 9, 20, 8], [21, 15, 22, 14], [23, 7, 24, 6], [1, 19, 2, 18], [10, 3, 11, 4], [12, 5, 13, 6], [7, 21, 8, 20], [9, 1, 10, 24], [4, 11, 5, 12], [13, 17, 14, 16]]"
12n_0410_143,"[[13, 17, 14, 16], [15, 23, 16, 22], [17, 3, 18, 2], [19, 9, 20, 8], [21, 15, 22, 14], [23, 7, 24, 6], [1, 19, 2, 18], [10, 3, 11, 4], [12, 5, 13, 6], [7, 21, 8, 20], [9, 1, 10, 24], [4, 11, 5, 12]]"
12n_0410_144,"[[5, 12, 6, 13], [14, 18, 15, 17], [16, 24, 17, 23], [18, 4, 19, 3], [20, 10, 21, 9], [22, 16, 23, 15], [24, 8, 1, 7], [2, 20, 3, 19], [11, 4, 12, 5], [13, 6, 14, 7], [8, 22, 9, 21], [10, 2, 11, 1]]"
12n_0410_145,"[[10, 2, 11, 1], [5, 12, 6, 13], [14, 18, 15, 17], [16, 24, 17, 23], [18, 4, 19, 3], [20, 10, 21, 9], [22, 16, 23, 15], [24, 8, 1, 7], [2, 20, 3, 19], [11, 4, 12, 5], [13, 6, 14, 7], [8, 22, 9, 21]]"
12n_0410_146,"[[8, 22, 9, 21], [10, 2, 11, 1], [5, 12, 6, 13], [14, 18, 15, 17], [16, 24, 17, 23], [18, 4, 19, 3], [20, 10, 21, 9], [22, 16, 23, 15], [24, 8, 1, 7], [2, 20, 3, 19], [11, 4, 12, 5], [13, 6, 14, 7]]"
12n_0410_147,"[[13, 6, 14, 7], [8, 22, 9, 21], [10, 2, 11, 1], [5, 12, 6, 13], [14, 18, 15, 17], [16, 24, 17, 23], [18, 4, 19, 3], [20, 10, 21, 9], [22, 16, 23, 15], [24, 8, 1, 7], [2, 20, 3, 19], [11, 4, 12, 5]]"
12n_0410_148,"[[11, 4, 12, 5], [13, 6, 14, 7], [8, 22, 9, 21], [10, 2, 11, 1], [5, 12, 6, 13], [14, 18, 15, 17], [16, 24, 17, 23], [18, 4, 19, 3], [20, 10, 21, 9], [22, 16, 23, 15], [24, 8, 1, 7], [2, 20, 3, 19]]"
12n_0410_149,"[[2, 20, 3, 19], [11, 4, 12, 5], [13, 6, 14, 7], [8, 22, 9, 21], [10, 2, 11, 1], [5, 12, 6, 13], [14, 18, 15, 17], [16, 24, 17, 23], [18, 4, 19, 3], [20, 10, 21, 9], [22, 16, 23, 15], [24, 8, 1, 7]]"
12n_0410_150,"[[24, 8, 1, 7], [2, 20, 3, 19], [11, 4, 12, 5], [13, 6, 14, 7], [8, 22, 9, 21], [10, 2, 11, 1], [5, 12, 6, 13], [14, 18, 15, 17], [16, 24, 17, 23], [18, 4, 19, 3], [20, 10, 21, 9], [22, 16, 23, 15]]"
12n_0410_151,"[[22, 16, 23, 15], [24, 8, 1, 7], [2, 20, 3, 19], [11, 4, 12, 5], [13, 6, 14, 7], [8, 22, 9, 21], [10, 2, 11, 1], [5, 12, 6, 13], [14, 18, 15, 17], [16, 24, 17, 23], [18, 4, 19, 3], [20, 10, 21, 9]]"
12n_0410_152,"[[20, 10, 21, 9], [22, 16, 23, 15], [24, 8, 1, 7], [2, 20, 3, 19], [11, 4, 12, 5], [13, 6, 14, 7], [8, 22, 9, 21], [10, 2, 11, 1], [5, 12, 6, 13], [14, 18, 15, 17], [16, 24, 17, 23], [18, 4, 19, 3]]"
12n_0410_153,"[[18, 4, 19, 3], [20, 10, 21, 9], [22, 16, 23, 15], [24, 8, 1, 7], [2, 20, 3, 19], [11, 4, 12, 5], [13, 6, 14, 7], [8, 22, 9, 21], [10, 2, 11, 1], [5, 12, 6, 13], [14, 18, 15, 17], [16, 24, 17, 23]]"
12n_0410_154,"[[16, 24, 17, 23], [18, 4, 19, 3], [20, 10, 21, 9], [22, 16, 23, 15], [24, 8, 1, 7], [2, 20, 3, 19], [11, 4, 12, 5], [13, 6, 14, 7], [8, 22, 9, 21], [10, 2, 11, 1], [5, 12, 6, 13], [14, 18, 15, 17]]"
12n_0410_155,"[[14, 18, 15, 17], [16, 24, 17, 23], [18, 4, 19, 3], [20, 10, 21, 9], [22, 16, 23, 15], [24, 8, 1, 7], [2, 20, 3, 19], [11, 4, 12, 5], [13, 6, 14, 7], [8, 22, 9, 21], [10, 2, 11, 1], [5, 12, 6, 13]]"
12n_0410_156,"[[6, 13, 7, 14], [15, 19, 16, 18], [17, 1, 18, 24], [19, 5, 20, 4], [21, 11, 22, 10], [23, 17, 24, 16], [1, 9, 2, 8], [3, 21, 4, 20], [12, 5, 13, 6], [14, 7, 15, 8], [9, 23, 10, 22], [11, 3, 12, 2]]"
12n_0410_157,"[[11, 3, 12, 2], [6, 13, 7, 14], [15, 19, 16, 18], [17, 1, 18, 24], [19, 5, 20, 4], [21, 11, 22, 10], [23, 17, 24, 16], [1, 9, 2, 8], [3, 21, 4, 20], [12, 5, 13, 6], [14, 7, 15, 8], [9, 23, 10, 22]]"
12n_0410_158,"[[9, 23, 10, 22], [11, 3, 12, 2], [6, 13, 7, 14], [15, 19, 16, 18], [17, 1, 18, 24], [19, 5, 20, 4], [21, 11, 22, 10], [23, 17, 24, 16], [1, 9, 2, 8], [3, 21, 4, 20], [12, 5, 13, 6], [14, 7, 15, 8]]"
12n_0410_159,"[[14, 7, 15, 8], [9, 23, 10, 22], [11, 3, 12, 2], [6, 13, 7, 14], [15, 19, 16, 18], [17, 1, 18, 24], [19, 5, 20, 4], [21, 11, 22, 10], [23, 17, 24, 16], [1, 9, 2, 8], [3, 21, 4, 20], [12, 5, 13, 6]]"
12n_0410_160,"[[12, 5, 13, 6], [14, 7, 15, 8], [9, 23, 10, 22], [11, 3, 12, 2], [6, 13, 7, 14], [15, 19, 16, 18], [17, 1, 18, 24], [19, 5, 20, 4], [21, 11, 22, 10], [23, 17, 24, 16], [1, 9, 2, 8], [3, 21, 4, 20]]"
12n_0410_161,"[[3, 21, 4, 20], [12, 5, 13, 6], [14, 7, 15, 8], [9, 23, 10, 22], [11, 3, 12, 2], [6, 13, 7, 14], [15, 19, 16, 18], [17, 1, 18, 24], [19, 5, 20, 4], [21, 11, 22, 10], [23, 17, 24, 16], [1, 9, 2, 8]]"
12n_0410_162,"[[1, 9, 2, 8], [3, 21, 4, 20], [12, 5, 13, 6], [14, 7, 15, 8], [9, 23, 10, 22], [11, 3, 12, 2], [6, 13, 7, 14], [15, 19, 16, 18], [17, 1, 18, 24], [19, 5, 20, 4], [21, 11, 22, 10], [23, 17, 24, 16]]"
12n_0410_163,"[[23, 17, 24, 16], [1, 9, 2, 8], [3, 21, 4, 20], [12, 5, 13, 6], [14, 7, 15, 8], [9, 23, 10, 22], [11, 3, 12, 2], [6, 13, 7, 14], [15, 19, 16, 18], [17, 1, 18, 24], [19, 5, 20, 4], [21, 11, 22, 10]]"
12n_0410_164,"[[21, 11, 22, 10], [23, 17, 24, 16], [1, 9, 2, 8], [3, 21, 4, 20], [12, 5, 13, 6], [14, 7, 15, 8], [9, 23, 10, 22], [11, 3, 12, 2], [6, 13, 7, 14], [15, 19, 16, 18], [17, 1, 18, 24], [19, 5, 20, 4]]"
12n_0410_165,"[[19, 5, 20, 4], [21, 11, 22, 10], [23, 17, 24, 16], [1, 9, 2, 8], [3, 21, 4, 20], [12, 5, 13, 6], [14, 7, 15, 8], [9, 23, 10, 22], [11, 3, 12, 2], [6, 13, 7, 14], [15, 19, 16, 18], [17, 1, 18, 24]]"
12n_0410_166,"[[17, 1, 18, 24], [19, 5, 20, 4], [21, 11, 22, 10], [23, 17, 24, 16], [1, 9, 2, 8], [3, 21, 4, 20], [12, 5, 13, 6], [14, 7, 15, 8], [9, 23, 10, 22], [11, 3, 12, 2], [6, 13, 7, 14], [15, 19, 16, 18]]"
12n_0410_167,"[[15, 19, 16, 18], [17, 1, 18, 24], [19, 5, 20, 4], [21, 11, 22, 10], [23, 17, 24, 16], [1, 9, 2, 8], [3, 21, 4, 20], [12, 5, 13, 6], [14, 7, 15, 8], [9, 23, 10, 22], [11, 3, 12, 2], [6, 13, 7, 14]]"
12n_0410_168,"[[7, 14, 8, 15], [16, 20, 17, 19], [18, 2, 19, 1], [20, 6, 21, 5], [22, 12, 23, 11], [24, 18, 1, 17], [2, 10, 3, 9], [4, 22, 5, 21], [13, 6, 14, 7], [15, 8, 16, 9], [10, 24, 11, 23], [12, 4, 13, 3]]"
12n_0410_169,"[[12, 4, 13, 3], [7, 14, 8, 15], [16, 20, 17, 19], [18, 2, 19, 1], [20, 6, 21, 5], [22, 12, 23, 11], [24, 18, 1, 17], [2, 10, 3, 9], [4, 22, 5, 21], [13, 6, 14, 7], [15, 8, 16, 9], [10, 24, 11, 23]]"
12n_0410_170,"[[10, 24, 11, 23], [12, 4, 13, 3], [7, 14, 8, 15], [16, 20, 17, 19], [18, 2, 19, 1], [20, 6, 21, 5], [22, 12, 23, 11], [24, 18, 1, 17], [2, 10, 3, 9], [4, 22, 5, 21], [13, 6, 14, 7], [15, 8, 16, 9]]"
12n_0410_171,"[[15, 8, 16, 9], [10, 24, 11, 23], [12, 4, 13, 3], [7, 14, 8, 15], [16, 20, 17, 19], [18, 2, 19, 1], [20, 6, 21, 5], [22, 12, 23, 11], [24, 18, 1, 17], [2, 10, 3, 9], [4, 22, 5, 21], [13, 6, 14, 7]]"
12n_0410_172,"[[13, 6, 14, 7], [15, 8, 16, 9], [10, 24, 11, 23], [12, 4, 13, 3], [7, 14, 8, 15], [16, 20, 17, 19], [18, 2, 19, 1], [20, 6, 21, 5], [22, 12, 23, 11], [24, 18, 1, 17], [2, 10, 3, 9], [4, 22, 5, 21]]"
12n_0410_173,"[[4, 22, 5, 21], [13, 6, 14, 7], [15, 8, 16, 9], [10, 24, 11, 23], [12, 4, 13, 3], [7, 14, 8, 15], [16, 20, 17, 19], [18, 2, 19, 1], [20, 6, 21, 5], [22, 12, 23, 11], [24, 18, 1, 17], [2, 10, 3, 9]]"
12n_0410_174,"[[2, 10, 3, 9], [4, 22, 5, 21], [13, 6, 14, 7], [15, 8, 16, 9], [10, 24, 11, 23], [12, 4, 13, 3], [7, 14, 8, 15], [16, 20, 17, 19], [18, 2, 19, 1], [20, 6, 21, 5], [22, 12, 23, 11], [24, 18, 1, 17]]"
12n_0410_175,"[[24, 18, 1, 17], [2, 10, 3, 9], [4, 22, 5, 21], [13, 6, 14, 7], [15, 8, 16, 9], [10, 24, 11, 23], [12, 4, 13, 3], [7, 14, 8, 15], [16, 20, 17, 19], [18, 2, 19, 1], [20, 6, 21, 5], [22, 12, 23, 11]]"
12n_0410_176,"[[22, 12, 23, 11], [24, 18, 1, 17], [2, 10, 3, 9], [4, 22, 5, 21], [13, 6, 14, 7], [15, 8, 16, 9], [10, 24, 11, 23], [12, 4, 13, 3], [7, 14, 8, 15], [16, 20, 17, 19], [18, 2, 19, 1], [20, 6, 21, 5]]"
12n_0410_177,"[[20, 6, 21, 5], [22, 12, 23, 11], [24, 18, 1, 17], [2, 10, 3, 9], [4, 22, 5, 21], [13, 6, 14, 7], [15, 8, 16, 9], [10, 24, 11, 23], [12, 4, 13, 3], [7, 14, 8, 15], [16, 20, 17, 19], [18, 2, 19, 1]]"
12n_0410_178,"[[18, 2, 19, 1], [20, 6, 21, 5], [22, 12, 23, 11], [24, 18, 1, 17], [2, 10, 3, 9], [4, 22, 5, 21], [13, 6, 14, 7], [15, 8, 16, 9], [10, 24, 11, 23], [12, 4, 13, 3], [7, 14, 8, 15], [16, 20, 17, 19]]"
12n_0410_179,"[[16, 20, 17, 19], [18, 2, 19, 1], [20, 6, 21, 5], [22, 12, 23, 11], [24, 18, 1, 17], [2, 10, 3, 9], [4, 22, 5, 21], [13, 6, 14, 7], [15, 8, 16, 9], [10, 24, 11, 23], [12, 4, 13, 3], [7, 14, 8, 15]]"
12n_0410_180,"[[8, 15, 9, 16], [17, 21, 18, 20], [19, 3, 20, 2], [21, 7, 22, 6], [23, 13, 24, 12], [1, 19, 2, 18], [3, 11, 4, 10], [5, 23, 6, 22], [14, 7, 15, 8], [16, 9, 17, 10], [11, 1, 12, 24], [13, 5, 14, 4]]"
12n_0410_181,"[[13, 5, 14, 4], [8, 15, 9, 16], [17, 21, 18, 20], [19, 3, 20, 2], [21, 7, 22, 6], [23, 13, 24, 12], [1, 19, 2, 18], [3, 11, 4, 10], [5, 23, 6, 22], [14, 7, 15, 8], [16, 9, 17, 10], [11, 1, 12, 24]]"
12n_0410_182,"[[11, 1, 12, 24], [13, 5, 14, 4], [8, 15, 9, 16], [17, 21, 18, 20], [19, 3, 20, 2], [21, 7, 22, 6], [23, 13, 24, 12], [1, 19, 2, 18], [3, 11, 4, 10], [5, 23, 6, 22], [14, 7, 15, 8], [16, 9, 17, 10]]"
12n_0410_183,"[[16, 9, 17, 10], [11, 1, 12, 24], [13, 5, 14, 4], [8, 15, 9, 16], [17, 21, 18, 20], [19, 3, 20, 2], [21, 7, 22, 6], [23, 13, 24, 12], [1, 19, 2, 18], [3, 11, 4, 10], [5, 23, 6, 22], [14, 7, 15, 8]]"
12n_0410_184,"[[14, 7, 15, 8], [16, 9, 17, 10], [11, 1, 12, 24], [13, 5, 14, 4], [8, 15, 9, 16], [17, 21, 18, 20], [19, 3, 20, 2], [21, 7, 22, 6], [23, 13, 24, 12], [1, 19, 2, 18], [3, 11, 4, 10], [5, 23, 6, 22]]"
12n_0410_185,"[[5, 23, 6, 22], [14, 7, 15, 8], [16, 9, 17, 10], [11, 1, 12, 24], [13, 5, 14, 4], [8, 15, 9, 16], [17, 21, 18, 20], [19, 3, 20, 2], [21, 7, 22, 6], [23, 13, 24, 12], [1, 19, 2, 18], [3, 11, 4, 10]]"
