name,pd_notation
12n_0346_0,"[[19, 24, 20, 1], [2, 6, 3, 5], [4, 12, 5, 11], [6, 16, 7, 15], [8, 18, 9, 17], [10, 4, 11, 3], [21, 12, 22, 13], [14, 10, 15, 9], [16, 8, 17, 7], [23, 18, 24, 19], [1, 20, 2, 21], [13, 22, 14, 23]]"
12n_0346_1,"[[13, 22, 14, 23], [19, 24, 20, 1], [2, 6, 3, 5], [4, 12, 5, 11], [6, 16, 7, 15], [8, 18, 9, 17], [10, 4, 11, 3], [21, 12, 22, 13], [14, 10, 15, 9], [16, 8, 17, 7], [23, 18, 24, 19], [1, 20, 2, 21]]"
12n_0346_2,"[[1, 20, 2, 21], [13, 22, 14, 23], [19, 24, 20, 1], [2, 6, 3, 5], [4, 12, 5, 11], [6, 16, 7, 15], [8, 18, 9, 17], [10, 4, 11, 3], [21, 12, 22, 13], [14, 10, 15, 9], [16, 8, 17, 7], [23, 18, 24, 19]]"
12n_0346_3,"[[23, 18, 24, 19], [1, 20, 2, 21], [13, 22, 14, 23], [19, 24, 20, 1], [2, 6, 3, 5], [4, 12, 5, 11], [6, 16, 7, 15], [8, 18, 9, 17], [10, 4, 11, 3], [21, 12, 22, 13], [14, 10, 15, 9], [16, 8, 17, 7]]"
12n_0346_4,"[[16, 8, 17, 7], [23, 18, 24, 19], [1, 20, 2, 21], [13, 22, 14, 23], [19, 24, 20, 1], [2, 6, 3, 5], [4, 12, 5, 11], [6, 16, 7, 15], [8, 18, 9, 17], [10, 4, 11, 3], [21, 12, 22, 13], [14, 10, 15, 9]]"
12n_0346_5,"[[14, 10, 15, 9], [16, 8, 17, 7], [23, 18, 24, 19], [1, 20, 2, 21], [13, 22, 14, 23], [19, 24, 20, 1], [2, 6, 3, 5], [4, 12, 5, 11], [6, 16, 7, 15], [8, 18, 9, 17], [10, 4, 11, 3], [21, 12, 22, 13]]"
12n_0346_6,"[[21, 12, 22, 13], [14, 10, 15, 9], [16, 8, 17, 7], [23, 18, 24, 19], [1, 20, 2, 21], [13, 22, 14, 23], [19, 24, 20, 1], [2, 6, 3, 5], [4, 12, 5, 11], [6, 16, 7, 15], [8, 18, 9, 17], [10, 4, 11, 3]]"
12n_0346_7,"[[10, 4, 11, 3], [21, 12, 22, 13], [14, 10, 15, 9], [16, 8, 17, 7], [23, 18, 24, 19], [1, 20, 2, 21], [13, 22, 14, 23], [19, 24, 20, 1], [2, 6, 3, 5], [4, 12, 5, 11], [6, 16, 7, 15], [8, 18, 9, 17]]"
12n_0346_8,"[[8, 18, 9, 17], [10, 4, 11, 3], [21, 12, 22, 13], [14, 10, 15, 9], [16, 8, 17, 7], [23, 18, 24, 19], [1, 20, 2, 21], [13, 22, 14, 23], [19, 24, 20, 1], [2, 6, 3, 5], [4, 12, 5, 11], [6, 16, 7, 15]]"
12n_0346_9,"[[6, 16, 7, 15], [8, 18, 9, 17], [10, 4, 11, 3], [21, 12, 22, 13], [14, 10, 15, 9], [16, 8, 17, 7], [23, 18, 24, 19], [1, 20, 2, 21], [13, 22, 14, 23], [19, 24, 20, 1], [2, 6, 3, 5], [4, 12, 5, 11]]"
12n_0346_10,"[[4, 12, 5, 11], [6, 16, 7, 15], [8, 18, 9, 17], [10, 4, 11, 3], [21, 12, 22, 13], [14, 10, 15, 9], [16, 8, 17, 7], [23, 18, 24, 19], [1, 20, 2, 21], [13, 22, 14, 23], [19, 24, 20, 1], [2, 6, 3, 5]]"
12n_0346_11,"[[2, 6, 3, 5], [4, 12, 5, 11], [6, 16, 7, 15], [8, 18, 9, 17], [10, 4, 11, 3], [21, 12, 22, 13], [14, 10, 15, 9], [16, 8, 17, 7], [23, 18, 24, 19], [1, 20, 2, 21], [13, 22, 14, 23], [19, 24, 20, 1]]"
12n_0346_12,"[[20, 1, 21, 2], [3, 7, 4, 6], [5, 13, 6, 12], [7, 17, 8, 16], [9, 19, 10, 18], [11, 5, 12, 4], [22, 13, 23, 14], [15, 11, 16, 10], [17, 9, 18, 8], [24, 19, 1, 20], [2, 21, 3, 22], [14, 23, 15, 24]]"
12n_0346_13,"[[14, 23, 15, 24], [20, 1, 21, 2], [3, 7, 4, 6], [5, 13, 6, 12], [7, 17, 8, 16], [9, 19, 10, 18], [11, 5, 12, 4], [22, 13, 23, 14], [15, 11, 16, 10], [17, 9, 18, 8], [24, 19, 1, 20], [2, 21, 3, 22]]"
12n_0346_14,"[[2, 21, 3, 22], [14, 23, 15, 24], [20, 1, 21, 2], [3, 7, 4, 6], [5, 13, 6, 12], [7, 17, 8, 16], [9, 19, 10, 18], [11, 5, 12, 4], [22, 13, 23, 14], [15, 11, 16, 10], [17, 9, 18, 8], [24, 19, 1, 20]]"
12n_0346_15,"[[24, 19, 1, 20], [2, 21, 3, 22], [14, 23, 15, 24], [20, 1, 21, 2], [3, 7, 4, 6], [5, 13, 6, 12], [7, 17, 8, 16], [9, 19, 10, 18], [11, 5, 12, 4], [22, 13, 23, 14], [15, 11, 16, 10], [17, 9, 18, 8]]"
12n_0346_16,"[[17, 9, 18, 8], [24, 19, 1, 20], [2, 21, 3, 22], [14, 23, 15, 24], [20, 1, 21, 2], [3, 7, 4, 6], [5, 13, 6, 12], [7, 17, 8, 16], [9, 19, 10, 18], [11, 5, 12, 4], [22, 13, 23, 14], [15, 11, 16, 10]]"
12n_0346_17,"[[15, 11, 16, 10], [17, 9, 18, 8], [24, 19, 1, 20], [2, 21, 3, 22], [14, 23, 15, 24], [20, 1, 21, 2], [3, 7, 4, 6], [5, 13, 6, 12], [7, 17, 8, 16], [9, 19, 10, 18], [11, 5, 12, 4], [22, 13, 23, 14]]"
12n_0346_18,"[[22, 13, 23, 14], [15, 11, 16, 10], [17, 9, 18, 8], [24, 19, 1, 20], [2, 21, 3, 22], [14, 23, 15, 24], [20, 1, 21, 2], [3, 7, 4, 6], [5, 13, 6, 12], [7, 17, 8, 16], [9, 19, 10, 18], [11, 5, 12, 4]]"
12n_0346_19,"[[11, 5, 12, 4], [22, 13, 23, 14], [15, 11, 16, 10], [17, 9, 18, 8], [24, 19, 1, 20], [2, 21, 3, 22], [14, 23, 15, 24], [20, 1, 21, 2], [3, 7, 4, 6], [5, 13, 6, 12], [7, 17, 8, 16], [9, 19, 10, 18]]"
12n_0346_20,"[[9, 19, 10, 18], [11, 5, 12, 4], [22, 13, 23, 14], [15, 11, 16, 10], [17, 9, 18, 8], [24, 19, 1, 20], [2, 21, 3, 22], [14, 23, 15, 24], [20, 1, 21, 2], [3, 7, 4, 6], [5, 13, 6, 12], [7, 17, 8, 16]]"
12n_0346_21,"[[7, 17, 8, 16], [9, 19, 10, 18], [11, 5, 12, 4], [22, 13, 23, 14], [15, 11, 16, 10], [17, 9, 18, 8], [24, 19, 1, 20], [2, 21, 3, 22], [14, 23, 15, 24], [20, 1, 21, 2], [3, 7, 4, 6], [5, 13, 6, 12]]"
12n_0346_22,"[[5, 13, 6, 12], [7, 17, 8, 16], [9, 19, 10, 18], [11, 5, 12, 4], [22, 13, 23, 14], [15, 11, 16, 10], [17, 9, 18, 8], [24, 19, 1, 20], [2, 21, 3, 22], [14, 23, 15, 24], [20, 1, 21, 2], [3, 7, 4, 6]]"
12n_0346_23,"[[3, 7, 4, 6], [5, 13, 6, 12], [7, 17, 8, 16], [9, 19, 10, 18], [11, 5, 12, 4], [22, 13, 23, 14], [15, 11, 16, 10], [17, 9, 18, 8], [24, 19, 1, 20], [2, 21, 3, 22], [14, 23, 15, 24], [20, 1, 21, 2]]"
12n_0346_24,"[[21, 2, 22, 3], [4, 8, 5, 7], [6, 14, 7, 13], [8, 18, 9, 17], [10, 20, 11, 19], [12, 6, 13, 5], [23, 14, 24, 15], [16, 12, 17, 11], [18, 10, 19, 9], [1, 20, 2, 21], [3, 22, 4, 23], [15, 24, 16, 1]]"
12n_0346_25,"[[15, 24, 16, 1], [21, 2, 22, 3], [4, 8, 5, 7], [6, 14, 7, 13], [8, 18, 9, 17], [10, 20, 11, 19], [12, 6, 13, 5], [23, 14, 24, 15], [16, 12, 17, 11], [18, 10, 19, 9], [1, 20, 2, 21], [3, 22, 4, 23]]"
12n_0346_26,"[[3, 22, 4, 23], [15, 24, 16, 1], [21, 2, 22, 3], [4, 8, 5, 7], [6, 14, 7, 13], [8, 18, 9, 17], [10, 20, 11, 19], [12, 6, 13, 5], [23, 14, 24, 15], [16, 12, 17, 11], [18, 10, 19, 9], [1, 20, 2, 21]]"
12n_0346_27,"[[1, 20, 2, 21], [3, 22, 4, 23], [15, 24, 16, 1], [21, 2, 22, 3], [4, 8, 5, 7], [6, 14, 7, 13], [8, 18, 9, 17], [10, 20, 11, 19], [12, 6, 13, 5], [23, 14, 24, 15], [16, 12, 17, 11], [18, 10, 19, 9]]"
12n_0346_28,"[[18, 10, 19, 9], [1, 20, 2, 21], [3, 22, 4, 23], [15, 24, 16, 1], [21, 2, 22, 3], [4, 8, 5, 7], [6, 14, 7, 13], [8, 18, 9, 17], [10, 20, 11, 19], [12, 6, 13, 5], [23, 14, 24, 15], [16, 12, 17, 11]]"
12n_0346_29,"[[16, 12, 17, 11], [18, 10, 19, 9], [1, 20, 2, 21], [3, 22, 4, 23], [15, 24, 16, 1], [21, 2, 22, 3], [4, 8, 5, 7], [6, 14, 7, 13], [8, 18, 9, 17], [10, 20, 11, 19], [12, 6, 13, 5], [23, 14, 24, 15]]"
12n_0346_30,"[[23, 14, 24, 15], [16, 12, 17, 11], [18, 10, 19, 9], [1, 20, 2, 21], [3, 22, 4, 23], [15, 24, 16, 1], [21, 2, 22, 3], [4, 8, 5, 7], [6, 14, 7, 13], [8, 18, 9, 17], [10, 20, 11, 19], [12, 6, 13, 5]]"
12n_0346_31,"[[12, 6, 13, 5], [23, 14, 24, 15], [16, 12, 17, 11], [18, 10, 19, 9], [1, 20, 2, 21], [3, 22, 4, 23], [15, 24, 16, 1], [21, 2, 22, 3], [4, 8, 5, 7], [6, 14, 7, 13], [8, 18, 9, 17], [10, 20, 11, 19]]"
12n_0346_32,"[[10, 20, 11, 19], [12, 6, 13, 5], [23, 14, 24, 15], [16, 12, 17, 11], [18, 10, 19, 9], [1, 20, 2, 21], [3, 22, 4, 23], [15, 24, 16, 1], [21, 2, 22, 3], [4, 8, 5, 7], [6, 14, 7, 13], [8, 18, 9, 17]]"
12n_0346_33,"[[8, 18, 9, 17], [10, 20, 11, 19], [12, 6, 13, 5], [23, 14, 24, 15], [16, 12, 17, 11], [18, 10, 19, 9], [1, 20, 2, 21], [3, 22, 4, 23], [15, 24, 16, 1], [21, 2, 22, 3], [4, 8, 5, 7], [6, 14, 7, 13]]"
12n_0346_34,"[[6, 14, 7, 13], [8, 18, 9, 17], [10, 20, 11, 19], [12, 6, 13, 5], [23, 14, 24, 15], [16, 12, 17, 11], [18, 10, 19, 9], [1, 20, 2, 21], [3, 22, 4, 23], [15, 24, 16, 1], [21, 2, 22, 3], [4, 8, 5, 7]]"
12n_0346_35,"[[4, 8, 5, 7], [6, 14, 7, 13], [8, 18, 9, 17], [10, 20, 11, 19], [12, 6, 13, 5], [23, 14, 24, 15], [16, 12, 17, 11], [18, 10, 19, 9], [1, 20, 2, 21], [3, 22, 4, 23], [15, 24, 16, 1], [21, 2, 22, 3]]"
12n_0346_36,"[[22, 3, 23, 4], [5, 9, 6, 8], [7, 15, 8, 14], [9, 19, 10, 18], [11, 21, 12, 20], [13, 7, 14, 6], [24, 15, 1, 16], [17, 13, 18, 12], [19, 11, 20, 10], [2, 21, 3, 22], [4, 23, 5, 24], [16, 1, 17, 2]]"
12n_0346_37,"[[16, 1, 17, 2], [22, 3, 23, 4], [5, 9, 6, 8], [7, 15, 8, 14], [9, 19, 10, 18], [11, 21, 12, 20], [13, 7, 14, 6], [24, 15, 1, 16], [17, 13, 18, 12], [19, 11, 20, 10], [2, 21, 3, 22], [4, 23, 5, 24]]"
12n_0346_38,"[[4, 23, 5, 24], [16, 1, 17, 2], [22, 3, 23, 4], [5, 9, 6, 8], [7, 15, 8, 14], [9, 19, 10, 18], [11, 21, 12, 20], [13, 7, 14, 6], [24, 15, 1, 16], [17, 13, 18, 12], [19, 11, 20, 10], [2, 21, 3, 22]]"
12n_0346_39,"[[2, 21, 3, 22], [4, 23, 5, 24], [16, 1, 17, 2], [22, 3, 23, 4], [5, 9, 6, 8], [7, 15, 8, 14], [9, 19, 10, 18], [11, 21, 12, 20], [13, 7, 14, 6], [24, 15, 1, 16], [17, 13, 18, 12], [19, 11, 20, 10]]"
12n_0346_40,"[[19, 11, 20, 10], [2, 21, 3, 22], [4, 23, 5, 24], [16, 1, 17, 2], [22, 3, 23, 4], [5, 9, 6, 8], [7, 15, 8, 14], [9, 19, 10, 18], [11, 21, 12, 20], [13, 7, 14, 6], [24, 15, 1, 16], [17, 13, 18, 12]]"
12n_0346_41,"[[17, 13, 18, 12], [19, 11, 20, 10], [2, 21, 3, 22], [4, 23, 5, 24], [16, 1, 17, 2], [22, 3, 23, 4], [5, 9, 6, 8], [7, 15, 8, 14], [9, 19, 10, 18], [11, 21, 12, 20], [13, 7, 14, 6], [24, 15, 1, 16]]"
12n_0346_42,"[[24, 15, 1, 16], [17, 13, 18, 12], [19, 11, 20, 10], [2, 21, 3, 22], [4, 23, 5, 24], [16, 1, 17, 2], [22, 3, 23, 4], [5, 9, 6, 8], [7, 15, 8, 14], [9, 19, 10, 18], [11, 21, 12, 20], [13, 7, 14, 6]]"
12n_0346_43,"[[13, 7, 14, 6], [24, 15, 1, 16], [17, 13, 18, 12], [19, 11, 20, 10], [2, 21, 3, 22], [4, 23, 5, 24], [16, 1, 17, 2], [22, 3, 23, 4], [5, 9, 6, 8], [7, 15, 8, 14], [9, 19, 10, 18], [11, 21, 12, 20]]"
12n_0346_44,"[[11, 21, 12, 20], [13, 7, 14, 6], [24, 15, 1, 16], [17, 13, 18, 12], [19, 11, 20, 10], [2, 21, 3, 22], [4, 23, 5, 24], [16, 1, 17, 2], [22, 3, 23, 4], [5, 9, 6, 8], [7, 15, 8, 14], [9, 19, 10, 18]]"
12n_0346_45,"[[9, 19, 10, 18], [11, 21, 12, 20], [13, 7, 14, 6], [24, 15, 1, 16], [17, 13, 18, 12], [19, 11, 20, 10], [2, 21, 3, 22], [4, 23, 5, 24], [16, 1, 17, 2], [22, 3, 23, 4], [5, 9, 6, 8], [7, 15, 8, 14]]"
12n_0346_46,"[[7, 15, 8, 14], [9, 19, 10, 18], [11, 21, 12, 20], [13, 7, 14, 6], [24, 15, 1, 16], [17, 13, 18, 12], [19, 11, 20, 10], [2, 21, 3, 22], [4, 23, 5, 24], [16, 1, 17, 2], [22, 3, 23, 4], [5, 9, 6, 8]]"
12n_0346_47,"[[5, 9, 6, 8], [7, 15, 8, 14], [9, 19, 10, 18], [11, 21, 12, 20], [13, 7, 14, 6], [24, 15, 1, 16], [17, 13, 18, 12], [19, 11, 20, 10], [2, 21, 3, 22], [4, 23, 5, 24], [16, 1, 17, 2], [22, 3, 23, 4]]"
12n_0346_48,"[[23, 4, 24, 5], [6, 10, 7, 9], [8, 16, 9, 15], [10, 20, 11, 19], [12, 22, 13, 21], [14, 8, 15, 7], [1, 16, 2, 17], [18, 14, 19, 13], [20, 12, 21, 11], [3, 22, 4, 23], [5, 24, 6, 1], [17, 2, 18, 3]]"
12n_0346_49,"[[17, 2, 18, 3], [23, 4, 24, 5], [6, 10, 7, 9], [8, 16, 9, 15], [10, 20, 11, 19], [12, 22, 13, 21], [14, 8, 15, 7], [1, 16, 2, 17], [18, 14, 19, 13], [20, 12, 21, 11], [3, 22, 4, 23], [5, 24, 6, 1]]"
12n_0346_50,"[[5, 24, 6, 1], [17, 2, 18, 3], [23, 4, 24, 5], [6, 10, 7, 9], [8, 16, 9, 15], [10, 20, 11, 19], [12, 22, 13, 21], [14, 8, 15, 7], [1, 16, 2, 17], [18, 14, 19, 13], [20, 12, 21, 11], [3, 22, 4, 23]]"
12n_0346_51,"[[3, 22, 4, 23], [5, 24, 6, 1], [17, 2, 18, 3], [23, 4, 24, 5], [6, 10, 7, 9], [8, 16, 9, 15], [10, 20, 11, 19], [12, 22, 13, 21], [14, 8, 15, 7], [1, 16, 2, 17], [18, 14, 19, 13], [20, 12, 21, 11]]"
12n_0346_52,"[[20, 12, 21, 11], [3, 22, 4, 23], [5, 24, 6, 1], [17, 2, 18, 3], [23, 4, 24, 5], [6, 10, 7, 9], [8, 16, 9, 15], [10, 20, 11, 19], [12, 22, 13, 21], [14, 8, 15, 7], [1, 16, 2, 17], [18, 14, 19, 13]]"
12n_0346_53,"[[18, 14, 19, 13], [20, 12, 21, 11], [3, 22, 4, 23], [5, 24, 6, 1], [17, 2, 18, 3], [23, 4, 24, 5], [6, 10, 7, 9], [8, 16, 9, 15], [10, 20, 11, 19], [12, 22, 13, 21], [14, 8, 15, 7], [1, 16, 2, 17]]"
12n_0346_54,"[[1, 16, 2, 17], [18, 14, 19, 13], [20, 12, 21, 11], [3, 22, 4, 23], [5, 24, 6, 1], [17, 2, 18, 3], [23, 4, 24, 5], [6, 10, 7, 9], [8, 16, 9, 15], [10, 20, 11, 19], [12, 22, 13, 21], [14, 8, 15, 7]]"
12n_0346_55,"[[14, 8, 15, 7], [1, 16, 2, 17], [18, 14, 19, 13], [20, 12, 21, 11], [3, 22, 4, 23], [5, 24, 6, 1], [17, 2, 18, 3], [23, 4, 24, 5], [6, 10, 7, 9], [8, 16, 9, 15], [10, 20, 11, 19], [12, 22, 13, 21]]"
12n_0346_56,"[[12, 22, 13, 21], [14, 8, 15, 7], [1, 16, 2, 17], [18, 14, 19, 13], [20, 12, 21, 11], [3, 22, 4, 23], [5, 24, 6, 1], [17, 2, 18, 3], [23, 4, 24, 5], [6, 10, 7, 9], [8, 16, 9, 15], [10, 20, 11, 19]]"
12n_0346_57,"[[10, 20, 11, 19], [12, 22, 13, 21], [14, 8, 15, 7], [1, 16, 2, 17], [18, 14, 19, 13], [20, 12, 21, 11], [3, 22, 4, 23], [5, 24, 6, 1], [17, 2, 18, 3], [23, 4, 24, 5], [6, 10, 7, 9], [8, 16, 9, 15]]"
12n_0346_58,"[[8, 16, 9, 15], [10, 20, 11, 19], [12, 22, 13, 21], [14, 8, 15, 7], [1, 16, 2, 17], [18, 14, 19, 13], [20, 12, 21, 11], [3, 22, 4, 23], [5, 24, 6, 1], [17, 2, 18, 3], [23, 4, 24, 5], [6, 10, 7, 9]]"
12n_0346_59,"[[6, 10, 7, 9], [8, 16, 9, 15], [10, 20, 11, 19], [12, 22, 13, 21], [14, 8, 15, 7], [1, 16, 2, 17], [18, 14, 19, 13], [20, 12, 21, 11], [3, 22, 4, 23], [5, 24, 6, 1], [17, 2, 18, 3], [23, 4, 24, 5]]"
12n_0346_60,"[[24, 5, 1, 6], [7, 11, 8, 10], [9, 17, 10, 16], [11, 21, 12, 20], [13, 23, 14, 22], [15, 9, 16, 8], [2, 17, 3, 18], [19, 15, 20, 14], [21, 13, 22, 12], [4, 23, 5, 24], [6, 1, 7, 2], [18, 3, 19, 4]]"
12n_0346_61,"[[18, 3, 19, 4], [24, 5, 1, 6], [7, 11, 8, 10], [9, 17, 10, 16], [11, 21, 12, 20], [13, 23, 14, 22], [15, 9, 16, 8], [2, 17, 3, 18], [19, 15, 20, 14], [21, 13, 22, 12], [4, 23, 5, 24], [6, 1, 7, 2]]"
12n_0346_62,"[[6, 1, 7, 2], [18, 3, 19, 4], [24, 5, 1, 6], [7, 11, 8, 10], [9, 17, 10, 16], [11, 21, 12, 20], [13, 23, 14, 22], [15, 9, 16, 8], [2, 17, 3, 18], [19, 15, 20, 14], [21, 13, 22, 12], [4, 23, 5, 24]]"
12n_0346_63,"[[4, 23, 5, 24], [6, 1, 7, 2], [18, 3, 19, 4], [24, 5, 1, 6], [7, 11, 8, 10], [9, 17, 10, 16], [11, 21, 12, 20], [13, 23, 14, 22], [15, 9, 16, 8], [2, 17, 3, 18], [19, 15, 20, 14], [21, 13, 22, 12]]"
12n_0346_64,"[[21, 13, 22, 12], [4, 23, 5, 24], [6, 1, 7, 2], [18, 3, 19, 4], [24, 5, 1, 6], [7, 11, 8, 10], [9, 17, 10, 16], [11, 21, 12, 20], [13, 23, 14, 22], [15, 9, 16, 8], [2, 17, 3, 18], [19, 15, 20, 14]]"
12n_0346_65,"[[19, 15, 20, 14], [21, 13, 22, 12], [4, 23, 5, 24], [6, 1, 7, 2], [18, 3, 19, 4], [24, 5, 1, 6], [7, 11, 8, 10], [9, 17, 10, 16], [11, 21, 12, 20], [13, 23, 14, 22], [15, 9, 16, 8], [2, 17, 3, 18]]"
12n_0346_66,"[[2, 17, 3, 18], [19, 15, 20, 14], [21, 13, 22, 12], [4, 23, 5, 24], [6, 1, 7, 2], [18, 3, 19, 4], [24, 5, 1, 6], [7, 11, 8, 10], [9, 17, 10, 16], [11, 21, 12, 20], [13, 23, 14, 22], [15, 9, 16, 8]]"
12n_0346_67,"[[15, 9, 16, 8], [2, 17, 3, 18], [19, 15, 20, 14], [21, 13, 22, 12], [4, 23, 5, 24], [6, 1, 7, 2], [18, 3, 19, 4], [24, 5, 1, 6], [7, 11, 8, 10], [9, 17, 10, 16], [11, 21, 12, 20], [13, 23, 14, 22]]"
12n_0346_68,"[[13, 23, 14, 22], [15, 9, 16, 8], [2, 17, 3, 18], [19, 15, 20, 14], [21, 13, 22, 12], [4, 23, 5, 24], [6, 1, 7, 2], [18, 3, 19, 4], [24, 5, 1, 6], [7, 11, 8, 10], [9, 17, 10, 16], [11, 21, 12, 20]]"
12n_0346_69,"[[11, 21, 12, 20], [13, 23, 14, 22], [15, 9, 16, 8], [2, 17, 3, 18], [19, 15, 20, 14], [21, 13, 22, 12], [4, 23, 5, 24], [6, 1, 7, 2], [18, 3, 19, 4], [24, 5, 1, 6], [7, 11, 8, 10], [9, 17, 10, 16]]"
12n_0346_70,"[[9, 17, 10, 16], [11, 21, 12, 20], [13, 23, 14, 22], [15, 9, 16, 8], [2, 17, 3, 18], [19, 15, 20, 14], [21, 13, 22, 12], [4, 23, 5, 24], [6, 1, 7, 2], [18, 3, 19, 4], [24, 5, 1, 6], [7, 11, 8, 10]]"
12n_0346_71,"[[7, 11, 8, 10], [9, 17, 10, 16], [11, 21, 12, 20], [13, 23, 14, 22], [15, 9, 16, 8], [2, 17, 3, 18], [19, 15, 20, 14], [21, 13, 22, 12], [4, 23, 5, 24], [6, 1, 7, 2], [18, 3, 19, 4], [24, 5, 1, 6]]"
12n_0346_72,"[[1, 6, 2, 7], [8, 12, 9, 11], [10, 18, 11, 17], [12, 22, 13, 21], [14, 24, 15, 23], [16, 10, 17, 9], [3, 18, 4, 19], [20, 16, 21, 15], [22, 14, 23, 13], [5, 24, 6, 1], [7, 2, 8, 3], [19, 4, 20, 5]]"
12n_0346_73,"[[19, 4, 20, 5], [1, 6, 2, 7], [8, 12, 9, 11], [10, 18, 11, 17], [12, 22, 13, 21], [14, 24, 15, 23], [16, 10, 17, 9], [3, 18, 4, 19], [20, 16, 21, 15], [22, 14, 23, 13], [5, 24, 6, 1], [7, 2, 8, 3]]"
12n_0346_74,"[[7, 2, 8, 3], [19, 4, 20, 5], [1, 6, 2, 7], [8, 12, 9, 11], [10, 18, 11, 17], [12, 22, 13, 21], [14, 24, 15, 23], [16, 10, 17, 9], [3, 18, 4, 19], [20, 16, 21, 15], [22, 14, 23, 13], [5, 24, 6, 1]]"
12n_0346_75,"[[5, 24, 6, 1], [7, 2, 8, 3], [19, 4, 20, 5], [1, 6, 2, 7], [8, 12, 9, 11], [10, 18, 11, 17], [12, 22, 13, 21], [14, 24, 15, 23], [16, 10, 17, 9], [3, 18, 4, 19], [20, 16, 21, 15], [22, 14, 23, 13]]"
12n_0346_76,"[[22, 14, 23, 13], [5, 24, 6, 1], [7, 2, 8, 3], [19, 4, 20, 5], [1, 6, 2, 7], [8, 12, 9, 11], [10, 18, 11, 17], [12, 22, 13, 21], [14, 24, 15, 23], [16, 10, 17, 9], [3, 18, 4, 19], [20, 16, 21, 15]]"
12n_0346_77,"[[20, 16, 21, 15], [22, 14, 23, 13], [5, 24, 6, 1], [7, 2, 8, 3], [19, 4, 20, 5], [1, 6, 2, 7], [8, 12, 9, 11], [10, 18, 11, 17], [12, 22, 13, 21], [14, 24, 15, 23], [16, 10, 17, 9], [3, 18, 4, 19]]"
12n_0346_78,"[[3, 18, 4, 19], [20, 16, 21, 15], [22, 14, 23, 13], [5, 24, 6, 1], [7, 2, 8, 3], [19, 4, 20, 5], [1, 6, 2, 7], [8, 12, 9, 11], [10, 18, 11, 17], [12, 22, 13, 21], [14, 24, 15, 23], [16, 10, 17, 9]]"
12n_0346_79,"[[16, 10, 17, 9], [3, 18, 4, 19], [20, 16, 21, 15], [22, 14, 23, 13], [5, 24, 6, 1], [7, 2, 8, 3], [19, 4, 20, 5], [1, 6, 2, 7], [8, 12, 9, 11], [10, 18, 11, 17], [12, 22, 13, 21], [14, 24, 15, 23]]"
12n_0346_80,"[[14, 24, 15, 23], [16, 10, 17, 9], [3, 18, 4, 19], [20, 16, 21, 15], [22, 14, 23, 13], [5, 24, 6, 1], [7, 2, 8, 3], [19, 4, 20, 5], [1, 6, 2, 7], [8, 12, 9, 11], [10, 18, 11, 17], [12, 22, 13, 21]]"
12n_0346_81,"[[12, 22, 13, 21], [14, 24, 15, 23], [16, 10, 17, 9], [3, 18, 4, 19], [20, 16, 21, 15], [22, 14, 23, 13], [5, 24, 6, 1], [7, 2, 8, 3], [19, 4, 20, 5], [1, 6, 2, 7], [8, 12, 9, 11], [10, 18, 11, 17]]"
12n_0346_82,"[[10, 18, 11, 17], [12, 22, 13, 21], [14, 24, 15, 23], [16, 10, 17, 9], [3, 18, 4, 19], [20, 16, 21, 15], [22, 14, 23, 13], [5, 24, 6, 1], [7, 2, 8, 3], [19, 4, 20, 5], [1, 6, 2, 7], [8, 12, 9, 11]]"
12n_0346_83,"[[8, 12, 9, 11], [10, 18, 11, 17], [12, 22, 13, 21], [14, 24, 15, 23], [16, 10, 17, 9], [3, 18, 4, 19], [20, 16, 21, 15], [22, 14, 23, 13], [5, 24, 6, 1], [7, 2, 8, 3], [19, 4, 20, 5], [1, 6, 2, 7]]"
12n_0346_84,"[[2, 7, 3, 8], [9, 13, 10, 12], [11, 19, 12, 18], [13, 23, 14, 22], [15, 1, 16, 24], [17, 11, 18, 10], [4, 19, 5, 20], [21, 17, 22, 16], [23, 15, 24, 14], [6, 1, 7, 2], [8, 3, 9, 4], [20, 5, 21, 6]]"
12n_0346_85,"[[20, 5, 21, 6], [2, 7, 3, 8], [9, 13, 10, 12], [11, 19, 12, 18], [13, 23, 14, 22], [15, 1, 16, 24], [17, 11, 18, 10], [4, 19, 5, 20], [21, 17, 22, 16], [23, 15, 24, 14], [6, 1, 7, 2], [8, 3, 9, 4]]"
12n_0346_86,"[[8, 3, 9, 4], [20, 5, 21, 6], [2, 7, 3, 8], [9, 13, 10, 12], [11, 19, 12, 18], [13, 23, 14, 22], [15, 1, 16, 24], [17, 11, 18, 10], [4, 19, 5, 20], [21, 17, 22, 16], [23, 15, 24, 14], [6, 1, 7, 2]]"
12n_0346_87,"[[6, 1, 7, 2], [8, 3, 9, 4], [20, 5, 21, 6], [2, 7, 3, 8], [9, 13, 10, 12], [11, 19, 12, 18], [13, 23, 14, 22], [15, 1, 16, 24], [17, 11, 18, 10], [4, 19, 5, 20], [21, 17, 22, 16], [23, 15, 24, 14]]"
12n_0346_88,"[[23, 15, 24, 14], [6, 1, 7, 2], [8, 3, 9, 4], [20, 5, 21, 6], [2, 7, 3, 8], [9, 13, 10, 12], [11, 19, 12, 18], [13, 23, 14, 22], [15, 1, 16, 24], [17, 11, 18, 10], [4, 19, 5, 20], [21, 17, 22, 16]]"
12n_0346_89,"[[21, 17, 22, 16], [23, 15, 24, 14], [6, 1, 7, 2], [8, 3, 9, 4], [20, 5, 21, 6], [2, 7, 3, 8], [9, 13, 10, 12], [11, 19, 12, 18], [13, 23, 14, 22], [15, 1, 16, 24], [17, 11, 18, 10], [4, 19, 5, 20]]"
12n_0346_90,"[[4, 19, 5, 20], [21, 17, 22, 16], [23, 15, 24, 14], [6, 1, 7, 2], [8, 3, 9, 4], [20, 5, 21, 6], [2, 7, 3, 8], [9, 13, 10, 12], [11, 19, 12, 18], [13, 23, 14, 22], [15, 1, 16, 24], [17, 11, 18, 10]]"
12n_0346_91,"[[17, 11, 18, 10], [4, 19, 5, 20], [21, 17, 22, 16], [23, 15, 24, 14], [6, 1, 7, 2], [8, 3, 9, 4], [20, 5, 21, 6], [2, 7, 3, 8], [9, 13, 10, 12], [11, 19, 12, 18], [13, 23, 14, 22], [15, 1, 16, 24]]"
12n_0346_92,"[[15, 1, 16, 24], [17, 11, 18, 10], [4, 19, 5, 20], [21, 17, 22, 16], [23, 15, 24, 14], [6, 1, 7, 2], [8, 3, 9, 4], [20, 5, 21, 6], [2, 7, 3, 8], [9, 13, 10, 12], [11, 19, 12, 18], [13, 23, 14, 22]]"
12n_0346_93,"[[13, 23, 14, 22], [15, 1, 16, 24], [17, 11, 18, 10], [4, 19, 5, 20], [21, 17, 22, 16], [23, 15, 24, 14], [6, 1, 7, 2], [8, 3, 9, 4], [20, 5, 21, 6], [2, 7, 3, 8], [9, 13, 10, 12], [11, 19, 12, 18]]"
12n_0346_94,"[[11, 19, 12, 18], [13, 23, 14, 22], [15, 1, 16, 24], [17, 11, 18, 10], [4, 19, 5, 20], [21, 17, 22, 16], [23, 15, 24, 14], [6, 1, 7, 2], [8, 3, 9, 4], [20, 5, 21, 6], [2, 7, 3, 8], [9, 13, 10, 12]]"
12n_0346_95,"[[9, 13, 10, 12], [11, 19, 12, 18], [13, 23, 14, 22], [15, 1, 16, 24], [17, 11, 18, 10], [4, 19, 5, 20], [21, 17, 22, 16], [23, 15, 24, 14], [6, 1, 7, 2], [8, 3, 9, 4], [20, 5, 21, 6], [2, 7, 3, 8]]"
12n_0346_96,"[[3, 8, 4, 9], [10, 14, 11, 13], [12, 20, 13, 19], [14, 24, 15, 23], [16, 2, 17, 1], [18, 12, 19, 11], [5, 20, 6, 21], [22, 18, 23, 17], [24, 16, 1, 15], [7, 2, 8, 3], [9, 4, 10, 5], [21, 6, 22, 7]]"
12n_0346_97,"[[21, 6, 22, 7], [3, 8, 4, 9], [10, 14, 11, 13], [12, 20, 13, 19], [14, 24, 15, 23], [16, 2, 17, 1], [18, 12, 19, 11], [5, 20, 6, 21], [22, 18, 23, 17], [24, 16, 1, 15], [7, 2, 8, 3], [9, 4, 10, 5]]"
12n_0346_98,"[[9, 4, 10, 5], [21, 6, 22, 7], [3, 8, 4, 9], [10, 14, 11, 13], [12, 20, 13, 19], [14, 24, 15, 23], [16, 2, 17, 1], [18, 12, 19, 11], [5, 20, 6, 21], [22, 18, 23, 17], [24, 16, 1, 15], [7, 2, 8, 3]]"
12n_0346_99,"[[7, 2, 8, 3], [9, 4, 10, 5], [21, 6, 22, 7], [3, 8, 4, 9], [10, 14, 11, 13], [12, 20, 13, 19], [14, 24, 15, 23], [16, 2, 17, 1], [18, 12, 19, 11], [5, 20, 6, 21], [22, 18, 23, 17], [24, 16, 1, 15]]"
12n_0346_100,"[[24, 16, 1, 15], [7, 2, 8, 3], [9, 4, 10, 5], [21, 6, 22, 7], [3, 8, 4, 9], [10, 14, 11, 13], [12, 20, 13, 19], [14, 24, 15, 23], [16, 2, 17, 1], [18, 12, 19, 11], [5, 20, 6, 21], [22, 18, 23, 17]]"
12n_0346_101,"[[22, 18, 23, 17], [24, 16, 1, 15], [7, 2, 8, 3], [9, 4, 10, 5], [21, 6, 22, 7], [3, 8, 4, 9], [10, 14, 11, 13], [12, 20, 13, 19], [14, 24, 15, 23], [16, 2, 17, 1], [18, 12, 19, 11], [5, 20, 6, 21]]"
12n_0346_102,"[[5, 20, 6, 21], [22, 18, 23, 17], [24, 16, 1, 15], [7, 2, 8, 3], [9, 4, 10, 5], [21, 6, 22, 7], [3, 8, 4, 9], [10, 14, 11, 13], [12, 20, 13, 19], [14, 24, 15, 23], [16, 2, 17, 1], [18, 12, 19, 11]]"
12n_0346_103,"[[18, 12, 19, 11], [5, 20, 6, 21], [22, 18, 23, 17], [24, 16, 1, 15], [7, 2, 8, 3], [9, 4, 10, 5], [21, 6, 22, 7], [3, 8, 4, 9], [10, 14, 11, 13], [12, 20, 13, 19], [14, 24, 15, 23], [16, 2, 17, 1]]"
12n_0346_104,"[[16, 2, 17, 1], [18, 12, 19, 11], [5, 20, 6, 21], [22, 18, 23, 17], [24, 16, 1, 15], [7, 2, 8, 3], [9, 4, 10, 5], [21, 6, 22, 7], [3, 8, 4, 9], [10, 14, 11, 13], [12, 20, 13, 19], [14, 24, 15, 23]]"
12n_0346_105,"[[14, 24, 15, 23], [16, 2, 17, 1], [18, 12, 19, 11], [5, 20, 6, 21], [22, 18, 23, 17], [24, 16, 1, 15], [7, 2, 8, 3], [9, 4, 10, 5], [21, 6, 22, 7], [3, 8, 4, 9], [10, 14, 11, 13], [12, 20, 13, 19]]"
12n_0346_106,"[[12, 20, 13, 19], [14, 24, 15, 23], [16, 2, 17, 1], [18, 12, 19, 11], [5, 20, 6, 21], [22, 18, 23, 17], [24, 16, 1, 15], [7, 2, 8, 3], [9, 4, 10, 5], [21, 6, 22, 7], [3, 8, 4, 9], [10, 14, 11, 13]]"
12n_0346_107,"[[10, 14, 11, 13], [12, 20, 13, 19], [14, 24, 15, 23], [16, 2, 17, 1], [18, 12, 19, 11], [5, 20, 6, 21], [22, 18, 23, 17], [24, 16, 1, 15], [7, 2, 8, 3], [9, 4, 10, 5], [21, 6, 22, 7], [3, 8, 4, 9]]"
12n_0346_108,"[[4, 9, 5, 10], [11, 15, 12, 14], [13, 21, 14, 20], [15, 1, 16, 24], [17, 3, 18, 2], [19, 13, 20, 12], [6, 21, 7, 22], [23, 19, 24, 18], [1, 17, 2, 16], [8, 3, 9, 4], [10, 5, 11, 6], [22, 7, 23, 8]]"
12n_0346_109,"[[22, 7, 23, 8], [4, 9, 5, 10], [11, 15, 12, 14], [13, 21, 14, 20], [15, 1, 16, 24], [17, 3, 18, 2], [19, 13, 20, 12], [6, 21, 7, 22], [23, 19, 24, 18], [1, 17, 2, 16], [8, 3, 9, 4], [10, 5, 11, 6]]"
12n_0346_110,"[[10, 5, 11, 6], [22, 7, 23, 8], [4, 9, 5, 10], [11, 15, 12, 14], [13, 21, 14, 20], [15, 1, 16, 24], [17, 3, 18, 2], [19, 13, 20, 12], [6, 21, 7, 22], [23, 19, 24, 18], [1, 17, 2, 16], [8, 3, 9, 4]]"
12n_0346_111,"[[8, 3, 9, 4], [10, 5, 11, 6], [22, 7, 23, 8], [4, 9, 5, 10], [11, 15, 12, 14], [13, 21, 14, 20], [15, 1, 16, 24], [17, 3, 18, 2], [19, 13, 20, 12], [6, 21, 7, 22], [23, 19, 24, 18], [1, 17, 2, 16]]"
12n_0346_112,"[[1, 17, 2, 16], [8, 3, 9, 4], [10, 5, 11, 6], [22, 7, 23, 8], [4, 9, 5, 10], [11, 15, 12, 14], [13, 21, 14, 20], [15, 1, 16, 24], [17, 3, 18, 2], [19, 13, 20, 12], [6, 21, 7, 22], [23, 19, 24, 18]]"
12n_0346_113,"[[23, 19, 24, 18], [1, 17, 2, 16], [8, 3, 9, 4], [10, 5, 11, 6], [22, 7, 23, 8], [4, 9, 5, 10], [11, 15, 12, 14], [13, 21, 14, 20], [15, 1, 16, 24], [17, 3, 18, 2], [19, 13, 20, 12], [6, 21, 7, 22]]"
12n_0346_114,"[[6, 21, 7, 22], [23, 19, 24, 18], [1, 17, 2, 16], [8, 3, 9, 4], [10, 5, 11, 6], [22, 7, 23, 8], [4, 9, 5, 10], [11, 15, 12, 14], [13, 21, 14, 20], [15, 1, 16, 24], [17, 3, 18, 2], [19, 13, 20, 12]]"
12n_0346_115,"[[19, 13, 20, 12], [6, 21, 7, 22], [23, 19, 24, 18], [1, 17, 2, 16], [8, 3, 9, 4], [10, 5, 11, 6], [22, 7, 23, 8], [4, 9, 5, 10], [11, 15, 12, 14], [13, 21, 14, 20], [15, 1, 16, 24], [17, 3, 18, 2]]"
12n_0346_116,"[[17, 3, 18, 2], [19, 13, 20, 12], [6, 21, 7, 22], [23, 19, 24, 18], [1, 17, 2, 16], [8, 3, 9, 4], [10, 5, 11, 6], [22, 7, 23, 8], [4, 9, 5, 10], [11, 15, 12, 14], [13, 21, 14, 20], [15, 1, 16, 24]]"
12n_0346_117,"[[15, 1, 16, 24], [17, 3, 18, 2], [19, 13, 20, 12], [6, 21, 7, 22], [23, 19, 24, 18], [1, 17, 2, 16], [8, 3, 9, 4], [10, 5, 11, 6], [22, 7, 23, 8], [4, 9, 5, 10], [11, 15, 12, 14], [13, 21, 14, 20]]"
12n_0346_118,"[[13, 21, 14, 20], [15, 1, 16, 24], [17, 3, 18, 2], [19, 13, 20, 12], [6, 21, 7, 22], [23, 19, 24, 18], [1, 17, 2, 16], [8, 3, 9, 4], [10, 5, 11, 6], [22, 7, 23, 8], [4, 9, 5, 10], [11, 15, 12, 14]]"
12n_0346_119,"[[11, 15, 12, 14], [13, 21, 14, 20], [15, 1, 16, 24], [17, 3, 18, 2], [19, 13, 20, 12], [6, 21, 7, 22], [23, 19, 24, 18], [1, 17, 2, 16], [8, 3, 9, 4], [10, 5, 11, 6], [22, 7, 23, 8], [4, 9, 5, 10]]"
12n_0346_120,"[[5, 10, 6, 11], [12, 16, 13, 15], [14, 22, 15, 21], [16, 2, 17, 1], [18, 4, 19, 3], [20, 14, 21, 13], [7, 22, 8, 23], [24, 20, 1, 19], [2, 18, 3, 17], [9, 4, 10, 5], [11, 6, 12, 7], [23, 8, 24, 9]]"
12n_0346_121,"[[23, 8, 24, 9], [5, 10, 6, 11], [12, 16, 13, 15], [14, 22, 15, 21], [16, 2, 17, 1], [18, 4, 19, 3], [20, 14, 21, 13], [7, 22, 8, 23], [24, 20, 1, 19], [2, 18, 3, 17], [9, 4, 10, 5], [11, 6, 12, 7]]"
12n_0346_122,"[[11, 6, 12, 7], [23, 8, 24, 9], [5, 10, 6, 11], [12, 16, 13, 15], [14, 22, 15, 21], [16, 2, 17, 1], [18, 4, 19, 3], [20, 14, 21, 13], [7, 22, 8, 23], [24, 20, 1, 19], [2, 18, 3, 17], [9, 4, 10, 5]]"
12n_0346_123,"[[9, 4, 10, 5], [11, 6, 12, 7], [23, 8, 24, 9], [5, 10, 6, 11], [12, 16, 13, 15], [14, 22, 15, 21], [16, 2, 17, 1], [18, 4, 19, 3], [20, 14, 21, 13], [7, 22, 8, 23], [24, 20, 1, 19], [2, 18, 3, 17]]"
12n_0346_124,"[[2, 18, 3, 17], [9, 4, 10, 5], [11, 6, 12, 7], [23, 8, 24, 9], [5, 10, 6, 11], [12, 16, 13, 15], [14, 22, 15, 21], [16, 2, 17, 1], [18, 4, 19, 3], [20, 14, 21, 13], [7, 22, 8, 23], [24, 20, 1, 19]]"
12n_0346_125,"[[24, 20, 1, 19], [2, 18, 3, 17], [9, 4, 10, 5], [11, 6, 12, 7], [23, 8, 24, 9], [5, 10, 6, 11], [12, 16, 13, 15], [14, 22, 15, 21], [16, 2, 17, 1], [18, 4, 19, 3], [20, 14, 21, 13], [7, 22, 8, 23]]"
12n_0346_126,"[[7, 22, 8, 23], [24, 20, 1, 19], [2, 18, 3, 17], [9, 4, 10, 5], [11, 6, 12, 7], [23, 8, 24, 9], [5, 10, 6, 11], [12, 16, 13, 15], [14, 22, 15, 21], [16, 2, 17, 1], [18, 4, 19, 3], [20, 14, 21, 13]]"
12n_0346_127,"[[20, 14, 21, 13], [7, 22, 8, 23], [24, 20, 1, 19], [2, 18, 3, 17], [9, 4, 10, 5], [11, 6, 12, 7], [23, 8, 24, 9], [5, 10, 6, 11], [12, 16, 13, 15], [14, 22, 15, 21], [16, 2, 17, 1], [18, 4, 19, 3]]"
12n_0346_128,"[[18, 4, 19, 3], [20, 14, 21, 13], [7, 22, 8, 23], [24, 20, 1, 19], [2, 18, 3, 17], [9, 4, 10, 5], [11, 6, 12, 7], [23, 8, 24, 9], [5, 10, 6, 11], [12, 16, 13, 15], [14, 22, 15, 21], [16, 2, 17, 1]]"
12n_0346_129,"[[16, 2, 17, 1], [18, 4, 19, 3], [20, 14, 21, 13], [7, 22, 8, 23], [24, 20, 1, 19], [2, 18, 3, 17], [9, 4, 10, 5], [11, 6, 12, 7], [23, 8, 24, 9], [5, 10, 6, 11], [12, 16, 13, 15], [14, 22, 15, 21]]"
12n_0346_130,"[[14, 22, 15, 21], [16, 2, 17, 1], [18, 4, 19, 3], [20, 14, 21, 13], [7, 22, 8, 23], [24, 20, 1, 19], [2, 18, 3, 17], [9, 4, 10, 5], [11, 6, 12, 7], [23, 8, 24, 9], [5, 10, 6, 11], [12, 16, 13, 15]]"
12n_0346_131,"[[12, 16, 13, 15], [14, 22, 15, 21], [16, 2, 17, 1], [18, 4, 19, 3], [20, 14, 21, 13], [7, 22, 8, 23], [24, 20, 1, 19], [2, 18, 3, 17], [9, 4, 10, 5], [11, 6, 12, 7], [23, 8, 24, 9], [5, 10, 6, 11]]"
12n_0346_132,"[[6, 11, 7, 12], [13, 17, 14, 16], [15, 23, 16, 22], [17, 3, 18, 2], [19, 5, 20, 4], [21, 15, 22, 14], [8, 23, 9, 24], [1, 21, 2, 20], [3, 19, 4, 18], [10, 5, 11, 6], [12, 7, 13, 8], [24, 9, 1, 10]]"
12n_0346_133,"[[24, 9, 1, 10], [6, 11, 7, 12], [13, 17, 14, 16], [15, 23, 16, 22], [17, 3, 18, 2], [19, 5, 20, 4], [21, 15, 22, 14], [8, 23, 9, 24], [1, 21, 2, 20], [3, 19, 4, 18], [10, 5, 11, 6], [12, 7, 13, 8]]"
12n_0346_134,"[[12, 7, 13, 8], [24, 9, 1, 10], [6, 11, 7, 12], [13, 17, 14, 16], [15, 23, 16, 22], [17, 3, 18, 2], [19, 5, 20, 4], [21, 15, 22, 14], [8, 23, 9, 24], [1, 21, 2, 20], [3, 19, 4, 18], [10, 5, 11, 6]]"
12n_0346_135,"[[10, 5, 11, 6], [12, 7, 13, 8], [24, 9, 1, 10], [6, 11, 7, 12], [13, 17, 14, 16], [15, 23, 16, 22], [17, 3, 18, 2], [19, 5, 20, 4], [21, 15, 22, 14], [8, 23, 9, 24], [1, 21, 2, 20], [3, 19, 4, 18]]"
12n_0346_136,"[[3, 19, 4, 18], [10, 5, 11, 6], [12, 7, 13, 8], [24, 9, 1, 10], [6, 11, 7, 12], [13, 17, 14, 16], [15, 23, 16, 22], [17, 3, 18, 2], [19, 5, 20, 4], [21, 15, 22, 14], [8, 23, 9, 24], [1, 21, 2, 20]]"
12n_0346_137,"[[1, 21, 2, 20], [3, 19, 4, 18], [10, 5, 11, 6], [12, 7, 13, 8], [24, 9, 1, 10], [6, 11, 7, 12], [13, 17, 14, 16], [15, 23, 16, 22], [17, 3, 18, 2], [19, 5, 20, 4], [21, 15, 22, 14], [8, 23, 9, 24]]"
12n_0346_138,"[[8, 23, 9, 24], [1, 21, 2, 20], [3, 19, 4, 18], [10, 5, 11, 6], [12, 7, 13, 8], [24, 9, 1, 10], [6, 11, 7, 12], [13, 17, 14, 16], [15, 23, 16, 22], [17, 3, 18, 2], [19, 5, 20, 4], [21, 15, 22, 14]]"
12n_0346_139,"[[21, 15, 22, 14], [8, 23, 9, 24], [1, 21, 2, 20], [3, 19, 4, 18], [10, 5, 11, 6], [12, 7, 13, 8], [24, 9, 1, 10], [6, 11, 7, 12], [13, 17, 14, 16], [15, 23, 16, 22], [17, 3, 18, 2], [19, 5, 20, 4]]"
12n_0346_140,"[[19, 5, 20, 4], [21, 15, 22, 14], [8, 23, 9, 24], [1, 21, 2, 20], [3, 19, 4, 18], [10, 5, 11, 6], [12, 7, 13, 8], [24, 9, 1, 10], [6, 11, 7, 12], [13, 17, 14, 16], [15, 23, 16, 22], [17, 3, 18, 2]]"
12n_0346_141,"[[17, 3, 18, 2], [19, 5, 20, 4], [21, 15, 22, 14], [8, 23, 9, 24], [1, 21, 2, 20], [3, 19, 4, 18], [10, 5, 11, 6], [12, 7, 13, 8], [24, 9, 1, 10], [6, 11, 7, 12], [13, 17, 14, 16], [15, 23, 16, 22]]"
12n_0346_142,"[[15, 23, 16, 22], [17, 3, 18, 2], [19, 5, 20, 4], [21, 15, 22, 14], [8, 23, 9, 24], [1, 21, 2, 20], [3, 19, 4, 18], [10, 5, 11, 6], [12, 7, 13, 8], [24, 9, 1, 10], [6, 11, 7, 12], [13, 17, 14, 16]]"
12n_0346_143,"[[13, 17, 14, 16], [15, 23, 16, 22], [17, 3, 18, 2], [19, 5, 20, 4], [21, 15, 22, 14], [8, 23, 9, 24], [1, 21, 2, 20], [3, 19, 4, 18], [10, 5, 11, 6], [12, 7, 13, 8], [24, 9, 1, 10], [6, 11, 7, 12]]"
12n_0346_144,"[[7, 12, 8, 13], [14, 18, 15, 17], [16, 24, 17, 23], [18, 4, 19, 3], [20, 6, 21, 5], [22, 16, 23, 15], [9, 24, 10, 1], [2, 22, 3, 21], [4, 20, 5, 19], [11, 6, 12, 7], [13, 8, 14, 9], [1, 10, 2, 11]]"
12n_0346_145,"[[1, 10, 2, 11], [7, 12, 8, 13], [14, 18, 15, 17], [16, 24, 17, 23], [18, 4, 19, 3], [20, 6, 21, 5], [22, 16, 23, 15], [9, 24, 10, 1], [2, 22, 3, 21], [4, 20, 5, 19], [11, 6, 12, 7], [13, 8, 14, 9]]"
12n_0346_146,"[[13, 8, 14, 9], [1, 10, 2, 11], [7, 12, 8, 13], [14, 18, 15, 17], [16, 24, 17, 23], [18, 4, 19, 3], [20, 6, 21, 5], [22, 16, 23, 15], [9, 24, 10, 1], [2, 22, 3, 21], [4, 20, 5, 19], [11, 6, 12, 7]]"
12n_0346_147,"[[11, 6, 12, 7], [13, 8, 14, 9], [1, 10, 2, 11], [7, 12, 8, 13], [14, 18, 15, 17], [16, 24, 17, 23], [18, 4, 19, 3], [20, 6, 21, 5], [22, 16, 23, 15], [9, 24, 10, 1], [2, 22, 3, 21], [4, 20, 5, 19]]"
12n_0346_148,"[[4, 20, 5, 19], [11, 6, 12, 7], [13, 8, 14, 9], [1, 10, 2, 11], [7, 12, 8, 13], [14, 18, 15, 17], [16, 24, 17, 23], [18, 4, 19, 3], [20, 6, 21, 5], [22, 16, 23, 15], [9, 24, 10, 1], [2, 22, 3, 21]]"
12n_0346_149,"[[2, 22, 3, 21], [4, 20, 5, 19], [11, 6, 12, 7], [13, 8, 14, 9], [1, 10, 2, 11], [7, 12, 8, 13], [14, 18, 15, 17], [16, 24, 17, 23], [18, 4, 19, 3], [20, 6, 21, 5], [22, 16, 23, 15], [9, 24, 10, 1]]"
12n_0346_150,"[[9, 24, 10, 1], [2, 22, 3, 21], [4, 20, 5, 19], [11, 6, 12, 7], [13, 8, 14, 9], [1, 10, 2, 11], [7, 12, 8, 13], [14, 18, 15, 17], [16, 24, 17, 23], [18, 4, 19, 3], [20, 6, 21, 5], [22, 16, 23, 15]]"
12n_0346_151,"[[22, 16, 23, 15], [9, 24, 10, 1], [2, 22, 3, 21], [4, 20, 5, 19], [11, 6, 12, 7], [13, 8, 14, 9], [1, 10, 2, 11], [7, 12, 8, 13], [14, 18, 15, 17], [16, 24, 17, 23], [18, 4, 19, 3], [20, 6, 21, 5]]"
12n_0346_152,"[[20, 6, 21, 5], [22, 16, 23, 15], [9, 24, 10, 1], [2, 22, 3, 21], [4, 20, 5, 19], [11, 6, 12, 7], [13, 8, 14, 9], [1, 10, 2, 11], [7, 12, 8, 13], [14, 18, 15, 17], [16, 24, 17, 23], [18, 4, 19, 3]]"
12n_0346_153,"[[18, 4, 19, 3], [20, 6, 21, 5], [22, 16, 23, 15], [9, 24, 10, 1], [2, 22, 3, 21], [4, 20, 5, 19], [11, 6, 12, 7], [13, 8, 14, 9], [1, 10, 2, 11], [7, 12, 8, 13], [14, 18, 15, 17], [16, 24, 17, 23]]"
12n_0346_154,"[[16, 24, 17, 23], [18, 4, 19, 3], [20, 6, 21, 5], [22, 16, 23, 15], [9, 24, 10, 1], [2, 22, 3, 21], [4, 20, 5, 19], [11, 6, 12, 7], [13, 8, 14, 9], [1, 10, 2, 11], [7, 12, 8, 13], [14, 18, 15, 17]]"
12n_0346_155,"[[14, 18, 15, 17], [16, 24, 17, 23], [18, 4, 19, 3], [20, 6, 21, 5], [22, 16, 23, 15], [9, 24, 10, 1], [2, 22, 3, 21], [4, 20, 5, 19], [11, 6, 12, 7], [13, 8, 14, 9], [1, 10, 2, 11], [7, 12, 8, 13]]"
12n_0346_156,"[[8, 13, 9, 14], [15, 19, 16, 18], [17, 1, 18, 24], [19, 5, 20, 4], [21, 7, 22, 6], [23, 17, 24, 16], [10, 1, 11, 2], [3, 23, 4, 22], [5, 21, 6, 20], [12, 7, 13, 8], [14, 9, 15, 10], [2, 11, 3, 12]]"
12n_0346_157,"[[2, 11, 3, 12], [8, 13, 9, 14], [15, 19, 16, 18], [17, 1, 18, 24], [19, 5, 20, 4], [21, 7, 22, 6], [23, 17, 24, 16], [10, 1, 11, 2], [3, 23, 4, 22], [5, 21, 6, 20], [12, 7, 13, 8], [14, 9, 15, 10]]"
12n_0346_158,"[[14, 9, 15, 10], [2, 11, 3, 12], [8, 13, 9, 14], [15, 19, 16, 18], [17, 1, 18, 24], [19, 5, 20, 4], [21, 7, 22, 6], [23, 17, 24, 16], [10, 1, 11, 2], [3, 23, 4, 22], [5, 21, 6, 20], [12, 7, 13, 8]]"
12n_0346_159,"[[12, 7, 13, 8], [14, 9, 15, 10], [2, 11, 3, 12], [8, 13, 9, 14], [15, 19, 16, 18], [17, 1, 18, 24], [19, 5, 20, 4], [21, 7, 22, 6], [23, 17, 24, 16], [10, 1, 11, 2], [3, 23, 4, 22], [5, 21, 6, 20]]"
12n_0346_160,"[[5, 21, 6, 20], [12, 7, 13, 8], [14, 9, 15, 10], [2, 11, 3, 12], [8, 13, 9, 14], [15, 19, 16, 18], [17, 1, 18, 24], [19, 5, 20, 4], [21, 7, 22, 6], [23, 17, 24, 16], [10, 1, 11, 2], [3, 23, 4, 22]]"
12n_0346_161,"[[3, 23, 4, 22], [5, 21, 6, 20], [12, 7, 13, 8], [14, 9, 15, 10], [2, 11, 3, 12], [8, 13, 9, 14], [15, 19, 16, 18], [17, 1, 18, 24], [19, 5, 20, 4], [21, 7, 22, 6], [23, 17, 24, 16], [10, 1, 11, 2]]"
12n_0346_162,"[[10, 1, 11, 2], [3, 23, 4, 22], [5, 21, 6, 20], [12, 7, 13, 8], [14, 9, 15, 10], [2, 11, 3, 12], [8, 13, 9, 14], [15, 19, 16, 18], [17, 1, 18, 24], [19, 5, 20, 4], [21, 7, 22, 6], [23, 17, 24, 16]]"
12n_0346_163,"[[23, 17, 24, 16], [10, 1, 11, 2], [3, 23, 4, 22], [5, 21, 6, 20], [12, 7, 13, 8], [14, 9, 15, 10], [2, 11, 3, 12], [8, 13, 9, 14], [15, 19, 16, 18], [17, 1, 18, 24], [19, 5, 20, 4], [21, 7, 22, 6]]"
12n_0346_164,"[[21, 7, 22, 6], [23, 17, 24, 16], [10, 1, 11, 2], [3, 23, 4, 22], [5, 21, 6, 20], [12, 7, 13, 8], [14, 9, 15, 10], [2, 11, 3, 12], [8, 13, 9, 14], [15, 19, 16, 18], [17, 1, 18, 24], [19, 5, 20, 4]]"
12n_0346_165,"[[19, 5, 20, 4], [21, 7, 22, 6], [23, 17, 24, 16], [10, 1, 11, 2], [3, 23, 4, 22], [5, 21, 6, 20], [12, 7, 13, 8], [14, 9, 15, 10], [2, 11, 3, 12], [8, 13, 9, 14], [15, 19, 16, 18], [17, 1, 18, 24]]"
12n_0346_166,"[[17, 1, 18, 24], [19, 5, 20, 4], [21, 7, 22, 6], [23, 17, 24, 16], [10, 1, 11, 2], [3, 23, 4, 22], [5, 21, 6, 20], [12, 7, 13, 8], [14, 9, 15, 10], [2, 11, 3, 12], [8, 13, 9, 14], [15, 19, 16, 18]]"
12n_0346_167,"[[15, 19, 16, 18], [17, 1, 18, 24], [19, 5, 20, 4], [21, 7, 22, 6], [23, 17, 24, 16], [10, 1, 11, 2], [3, 23, 4, 22], [5, 21, 6, 20], [12, 7, 13, 8], [14, 9, 15, 10], [2, 11, 3, 12], [8, 13, 9, 14]]"
12n_0346_168,"[[9, 14, 10, 15], [16, 20, 17, 19], [18, 2, 19, 1], [20, 6, 21, 5], [22, 8, 23, 7], [24, 18, 1, 17], [11, 2, 12, 3], [4, 24, 5, 23], [6, 22, 7, 21], [13, 8, 14, 9], [15, 10, 16, 11], [3, 12, 4, 13]]"
12n_0346_169,"[[3, 12, 4, 13], [9, 14, 10, 15], [16, 20, 17, 19], [18, 2, 19, 1], [20, 6, 21, 5], [22, 8, 23, 7], [24, 18, 1, 17], [11, 2, 12, 3], [4, 24, 5, 23], [6, 22, 7, 21], [13, 8, 14, 9], [15, 10, 16, 11]]"
12n_0346_170,"[[15, 10, 16, 11], [3, 12, 4, 13], [9, 14, 10, 15], [16, 20, 17, 19], [18, 2, 19, 1], [20, 6, 21, 5], [22, 8, 23, 7], [24, 18, 1, 17], [11, 2, 12, 3], [4, 24, 5, 23], [6, 22, 7, 21], [13, 8, 14, 9]]"
12n_0346_171,"[[13, 8, 14, 9], [15, 10, 16, 11], [3, 12, 4, 13], [9, 14, 10, 15], [16, 20, 17, 19], [18, 2, 19, 1], [20, 6, 21, 5], [22, 8, 23, 7], [24, 18, 1, 17], [11, 2, 12, 3], [4, 24, 5, 23], [6, 22, 7, 21]]"
12n_0346_172,"[[6, 22, 7, 21], [13, 8, 14, 9], [15, 10, 16, 11], [3, 12, 4, 13], [9, 14, 10, 15], [16, 20, 17, 19], [18, 2, 19, 1], [20, 6, 21, 5], [22, 8, 23, 7], [24, 18, 1, 17], [11, 2, 12, 3], [4, 24, 5, 23]]"
12n_0346_173,"[[4, 24, 5, 23], [6, 22, 7, 21], [13, 8, 14, 9], [15, 10, 16, 11], [3, 12, 4, 13], [9, 14, 10, 15], [16, 20, 17, 19], [18, 2, 19, 1], [20, 6, 21, 5], [22, 8, 23, 7], [24, 18, 1, 17], [11, 2, 12, 3]]"
12n_0346_174,"[[11, 2, 12, 3], [4, 24, 5, 23], [6, 22, 7, 21], [13, 8, 14, 9], [15, 10, 16, 11], [3, 12, 4, 13], [9, 14, 10, 15], [16, 20, 17, 19], [18, 2, 19, 1], [20, 6, 21, 5], [22, 8, 23, 7], [24, 18, 1, 17]]"
12n_0346_175,"[[24, 18, 1, 17], [11, 2, 12, 3], [4, 24, 5, 23], [6, 22, 7, 21], [13, 8, 14, 9], [15, 10, 16, 11], [3, 12, 4, 13], [9, 14, 10, 15], [16, 20, 17, 19], [18, 2, 19, 1], [20, 6, 21, 5], [22, 8, 23, 7]]"
12n_0346_176,"[[22, 8, 23, 7], [24, 18, 1, 17], [11, 2, 12, 3], [4, 24, 5, 23], [6, 22, 7, 21], [13, 8, 14, 9], [15, 10, 16, 11], [3, 12, 4, 13], [9, 14, 10, 15], [16, 20, 17, 19], [18, 2, 19, 1], [20, 6, 21, 5]]"
12n_0346_177,"[[20, 6, 21, 5], [22, 8, 23, 7], [24, 18, 1, 17], [11, 2, 12, 3], [4, 24, 5, 23], [6, 22, 7, 21], [13, 8, 14, 9], [15, 10, 16, 11], [3, 12, 4, 13], [9, 14, 10, 15], [16, 20, 17, 19], [18, 2, 19, 1]]"
12n_0346_178,"[[18, 2, 19, 1], [20, 6, 21, 5], [22, 8, 23, 7], [24, 18, 1, 17], [11, 2, 12, 3], [4, 24, 5, 23], [6, 22, 7, 21], [13, 8, 14, 9], [15, 10, 16, 11], [3, 12, 4, 13], [9, 14, 10, 15], [16, 20, 17, 19]]"
12n_0346_179,"[[16, 20, 17, 19], [18, 2, 19, 1], [20, 6, 21, 5], [22, 8, 23, 7], [24, 18, 1, 17], [11, 2, 12, 3], [4, 24, 5, 23], [6, 22, 7, 21], [13, 8, 14, 9], [15, 10, 16, 11], [3, 12, 4, 13], [9, 14, 10, 15]]"
12n_0346_180,"[[10, 15, 11, 16], [17, 21, 18, 20], [19, 3, 20, 2], [21, 7, 22, 6], [23, 9, 24, 8], [1, 19, 2, 18], [12, 3, 13, 4], [5, 1, 6, 24], [7, 23, 8, 22], [14, 9, 15, 10], [16, 11, 17, 12], [4, 13, 5, 14]]"
12n_0346_181,"[[4, 13, 5, 14], [10, 15, 11, 16], [17, 21, 18, 20], [19, 3, 20, 2], [21, 7, 22, 6], [23, 9, 24, 8], [1, 19, 2, 18], [12, 3, 13, 4], [5, 1, 6, 24], [7, 23, 8, 22], [14, 9, 15, 10], [16, 11, 17, 12]]"
12n_0346_182,"[[16, 11, 17, 12], [4, 13, 5, 14], [10, 15, 11, 16], [17, 21, 18, 20], [19, 3, 20, 2], [21, 7, 22, 6], [23, 9, 24, 8], [1, 19, 2, 18], [12, 3, 13, 4], [5, 1, 6, 24], [7, 23, 8, 22], [14, 9, 15, 10]]"
12n_0346_183,"[[14, 9, 15, 10], [16, 11, 17, 12], [4, 13, 5, 14], [10, 15, 11, 16], [17, 21, 18, 20], [19, 3, 20, 2], [21, 7, 22, 6], [23, 9, 24, 8], [1, 19, 2, 18], [12, 3, 13, 4], [5, 1, 6, 24], [7, 23, 8, 22]]"
12n_0346_184,"[[7, 23, 8, 22], [14, 9, 15, 10], [16, 11, 17, 12], [4, 13, 5, 14], [10, 15, 11, 16], [17, 21, 18, 20], [19, 3, 20, 2], [21, 7, 22, 6], [23, 9, 24, 8], [1, 19, 2, 18], [12, 3, 13, 4], [5, 1, 6, 24]]"
12n_0346_185,"[[5, 1, 6, 24], [7, 23, 8, 22], [14, 9, 15, 10], [16, 11, 17, 12], [4, 13, 5, 14], [10, 15, 11, 16], [17, 21, 18, 20], [19, 3, 20, 2], [21, 7, 22, 6], [23, 9, 24, 8], [1, 19, 2, 18], [12, 3, 13, 4]]"
