name,pd_notation
12n_0011_0,"[[19, 24, 20, 1], [2, 6, 3, 5], [4, 9, 5, 10], [6, 12, 7, 11], [15, 9, 16, 8], [10, 3, 11, 4], [17, 12, 18, 13], [21, 15, 22, 14], [7, 17, 8, 16], [1, 18, 2, 19], [23, 20, 24, 21], [13, 23, 14, 22]]"
12n_0011_1,"[[13, 23, 14, 22], [19, 24, 20, 1], [2, 6, 3, 5], [4, 9, 5, 10], [6, 12, 7, 11], [15, 9, 16, 8], [10, 3, 11, 4], [17, 12, 18, 13], [21, 15, 22, 14], [7, 17, 8, 16], [1, 18, 2, 19], [23, 20, 24, 21]]"
12n_0011_2,"[[23, 20, 24, 21], [13, 23, 14, 22], [19, 24, 20, 1], [2, 6, 3, 5], [4, 9, 5, 10], [6, 12, 7, 11], [15, 9, 16, 8], [10, 3, 11, 4], [17, 12, 18, 13], [21, 15, 22, 14], [7, 17, 8, 16], [1, 18, 2, 19]]"
12n_0011_3,"[[1, 18, 2, 19], [23, 20, 24, 21], [13, 23, 14, 22], [19, 24, 20, 1], [2, 6, 3, 5], [4, 9, 5, 10], [6, 12, 7, 11], [15, 9, 16, 8], [10, 3, 11, 4], [17, 12, 18, 13], [21, 15, 22, 14], [7, 17, 8, 16]]"
12n_0011_4,"[[7, 17, 8, 16], [1, 18, 2, 19], [23, 20, 24, 21], [13, 23, 14, 22], [19, 24, 20, 1], [2, 6, 3, 5], [4, 9, 5, 10], [6, 12, 7, 11], [15, 9, 16, 8], [10, 3, 11, 4], [17, 12, 18, 13], [21, 15, 22, 14]]"
12n_0011_5,"[[21, 15, 22, 14], [7, 17, 8, 16], [1, 18, 2, 19], [23, 20, 24, 21], [13, 23, 14, 22], [19, 24, 20, 1], [2, 6, 3, 5], [4, 9, 5, 10], [6, 12, 7, 11], [15, 9, 16, 8], [10, 3, 11, 4], [17, 12, 18, 13]]"
12n_0011_6,"[[17, 12, 18, 13], [21, 15, 22, 14], [7, 17, 8, 16], [1, 18, 2, 19], [23, 20, 24, 21], [13, 23, 14, 22], [19, 24, 20, 1], [2, 6, 3, 5], [4, 9, 5, 10], [6, 12, 7, 11], [15, 9, 16, 8], [10, 3, 11, 4]]"
12n_0011_7,"[[10, 3, 11, 4], [17, 12, 18, 13], [21, 15, 22, 14], [7, 17, 8, 16], [1, 18, 2, 19], [23, 20, 24, 21], [13, 23, 14, 22], [19, 24, 20, 1], [2, 6, 3, 5], [4, 9, 5, 10], [6, 12, 7, 11], [15, 9, 16, 8]]"
12n_0011_8,"[[15, 9, 16, 8], [10, 3, 11, 4], [17, 12, 18, 13], [21, 15, 22, 14], [7, 17, 8, 16], [1, 18, 2, 19], [23, 20, 24, 21], [13, 23, 14, 22], [19, 24, 20, 1], [2, 6, 3, 5], [4, 9, 5, 10], [6, 12, 7, 11]]"
12n_0011_9,"[[6, 12, 7, 11], [15, 9, 16, 8], [10, 3, 11, 4], [17, 12, 18, 13], [21, 15, 22, 14], [7, 17, 8, 16], [1, 18, 2, 19], [23, 20, 24, 21], [13, 23, 14, 22], [19, 24, 20, 1], [2, 6, 3, 5], [4, 9, 5, 10]]"
12n_0011_10,"[[4, 9, 5, 10], [6, 12, 7, 11], [15, 9, 16, 8], [10, 3, 11, 4], [17, 12, 18, 13], [21, 15, 22, 14], [7, 17, 8, 16], [1, 18, 2, 19], [23, 20, 24, 21], [13, 23, 14, 22], [19, 24, 20, 1], [2, 6, 3, 5]]"
12n_0011_11,"[[2, 6, 3, 5], [4, 9, 5, 10], [6, 12, 7, 11], [15, 9, 16, 8], [10, 3, 11, 4], [17, 12, 18, 13], [21, 15, 22, 14], [7, 17, 8, 16], [1, 18, 2, 19], [23, 20, 24, 21], [13, 23, 14, 22], [19, 24, 20, 1]]"
12n_0011_12,"[[20, 1, 21, 2], [3, 7, 4, 6], [5, 10, 6, 11], [7, 13, 8, 12], [16, 10, 17, 9], [11, 4, 12, 5], [18, 13, 19, 14], [22, 16, 23, 15], [8, 18, 9, 17], [2, 19, 3, 20], [24, 21, 1, 22], [14, 24, 15, 23]]"
12n_0011_13,"[[14, 24, 15, 23], [20, 1, 21, 2], [3, 7, 4, 6], [5, 10, 6, 11], [7, 13, 8, 12], [16, 10, 17, 9], [11, 4, 12, 5], [18, 13, 19, 14], [22, 16, 23, 15], [8, 18, 9, 17], [2, 19, 3, 20], [24, 21, 1, 22]]"
12n_0011_14,"[[24, 21, 1, 22], [14, 24, 15, 23], [20, 1, 21, 2], [3, 7, 4, 6], [5, 10, 6, 11], [7, 13, 8, 12], [16, 10, 17, 9], [11, 4, 12, 5], [18, 13, 19, 14], [22, 16, 23, 15], [8, 18, 9, 17], [2, 19, 3, 20]]"
12n_0011_15,"[[2, 19, 3, 20], [24, 21, 1, 22], [14, 24, 15, 23], [20, 1, 21, 2], [3, 7, 4, 6], [5, 10, 6, 11], [7, 13, 8, 12], [16, 10, 17, 9], [11, 4, 12, 5], [18, 13, 19, 14], [22, 16, 23, 15], [8, 18, 9, 17]]"
12n_0011_16,"[[8, 18, 9, 17], [2, 19, 3, 20], [24, 21, 1, 22], [14, 24, 15, 23], [20, 1, 21, 2], [3, 7, 4, 6], [5, 10, 6, 11], [7, 13, 8, 12], [16, 10, 17, 9], [11, 4, 12, 5], [18, 13, 19, 14], [22, 16, 23, 15]]"
12n_0011_17,"[[22, 16, 23, 15], [8, 18, 9, 17], [2, 19, 3, 20], [24, 21, 1, 22], [14, 24, 15, 23], [20, 1, 21, 2], [3, 7, 4, 6], [5, 10, 6, 11], [7, 13, 8, 12], [16, 10, 17, 9], [11, 4, 12, 5], [18, 13, 19, 14]]"
12n_0011_18,"[[18, 13, 19, 14], [22, 16, 23, 15], [8, 18, 9, 17], [2, 19, 3, 20], [24, 21, 1, 22], [14, 24, 15, 23], [20, 1, 21, 2], [3, 7, 4, 6], [5, 10, 6, 11], [7, 13, 8, 12], [16, 10, 17, 9], [11, 4, 12, 5]]"
12n_0011_19,"[[11, 4, 12, 5], [18, 13, 19, 14], [22, 16, 23, 15], [8, 18, 9, 17], [2, 19, 3, 20], [24, 21, 1, 22], [14, 24, 15, 23], [20, 1, 21, 2], [3, 7, 4, 6], [5, 10, 6, 11], [7, 13, 8, 12], [16, 10, 17, 9]]"
12n_0011_20,"[[16, 10, 17, 9], [11, 4, 12, 5], [18, 13, 19, 14], [22, 16, 23, 15], [8, 18, 9, 17], [2, 19, 3, 20], [24, 21, 1, 22], [14, 24, 15, 23], [20, 1, 21, 2], [3, 7, 4, 6], [5, 10, 6, 11], [7, 13, 8, 12]]"
12n_0011_21,"[[7, 13, 8, 12], [16, 10, 17, 9], [11, 4, 12, 5], [18, 13, 19, 14], [22, 16, 23, 15], [8, 18, 9, 17], [2, 19, 3, 20], [24, 21, 1, 22], [14, 24, 15, 23], [20, 1, 21, 2], [3, 7, 4, 6], [5, 10, 6, 11]]"
12n_0011_22,"[[5, 10, 6, 11], [7, 13, 8, 12], [16, 10, 17, 9], [11, 4, 12, 5], [18, 13, 19, 14], [22, 16, 23, 15], [8, 18, 9, 17], [2, 19, 3, 20], [24, 21, 1, 22], [14, 24, 15, 23], [20, 1, 21, 2], [3, 7, 4, 6]]"
12n_0011_23,"[[3, 7, 4, 6], [5, 10, 6, 11], [7, 13, 8, 12], [16, 10, 17, 9], [11, 4, 12, 5], [18, 13, 19, 14], [22, 16, 23, 15], [8, 18, 9, 17], [2, 19, 3, 20], [24, 21, 1, 22], [14, 24, 15, 23], [20, 1, 21, 2]]"
12n_0011_24,"[[21, 2, 22, 3], [4, 8, 5, 7], [6, 11, 7, 12], [8, 14, 9, 13], [17, 11, 18, 10], [12, 5, 13, 6], [19, 14, 20, 15], [23, 17, 24, 16], [9, 19, 10, 18], [3, 20, 4, 21], [1, 22, 2, 23], [15, 1, 16, 24]]"
12n_0011_25,"[[15, 1, 16, 24], [21, 2, 22, 3], [4, 8, 5, 7], [6, 11, 7, 12], [8, 14, 9, 13], [17, 11, 18, 10], [12, 5, 13, 6], [19, 14, 20, 15], [23, 17, 24, 16], [9, 19, 10, 18], [3, 20, 4, 21], [1, 22, 2, 23]]"
12n_0011_26,"[[1, 22, 2, 23], [15, 1, 16, 24], [21, 2, 22, 3], [4, 8, 5, 7], [6, 11, 7, 12], [8, 14, 9, 13], [17, 11, 18, 10], [12, 5, 13, 6], [19, 14, 20, 15], [23, 17, 24, 16], [9, 19, 10, 18], [3, 20, 4, 21]]"
12n_0011_27,"[[3, 20, 4, 21], [1, 22, 2, 23], [15, 1, 16, 24], [21, 2, 22, 3], [4, 8, 5, 7], [6, 11, 7, 12], [8, 14, 9, 13], [17, 11, 18, 10], [12, 5, 13, 6], [19, 14, 20, 15], [23, 17, 24, 16], [9, 19, 10, 18]]"
12n_0011_28,"[[9, 19, 10, 18], [3, 20, 4, 21], [1, 22, 2, 23], [15, 1, 16, 24], [21, 2, 22, 3], [4, 8, 5, 7], [6, 11, 7, 12], [8, 14, 9, 13], [17, 11, 18, 10], [12, 5, 13, 6], [19, 14, 20, 15], [23, 17, 24, 16]]"
12n_0011_29,"[[23, 17, 24, 16], [9, 19, 10, 18], [3, 20, 4, 21], [1, 22, 2, 23], [15, 1, 16, 24], [21, 2, 22, 3], [4, 8, 5, 7], [6, 11, 7, 12], [8, 14, 9, 13], [17, 11, 18, 10], [12, 5, 13, 6], [19, 14, 20, 15]]"
12n_0011_30,"[[19, 14, 20, 15], [23, 17, 24, 16], [9, 19, 10, 18], [3, 20, 4, 21], [1, 22, 2, 23], [15, 1, 16, 24], [21, 2, 22, 3], [4, 8, 5, 7], [6, 11, 7, 12], [8, 14, 9, 13], [17, 11, 18, 10], [12, 5, 13, 6]]"
12n_0011_31,"[[12, 5, 13, 6], [19, 14, 20, 15], [23, 17, 24, 16], [9, 19, 10, 18], [3, 20, 4, 21], [1, 22, 2, 23], [15, 1, 16, 24], [21, 2, 22, 3], [4, 8, 5, 7], [6, 11, 7, 12], [8, 14, 9, 13], [17, 11, 18, 10]]"
12n_0011_32,"[[17, 11, 18, 10], [12, 5, 13, 6], [19, 14, 20, 15], [23, 17, 24, 16], [9, 19, 10, 18], [3, 20, 4, 21], [1, 22, 2, 23], [15, 1, 16, 24], [21, 2, 22, 3], [4, 8, 5, 7], [6, 11, 7, 12], [8, 14, 9, 13]]"
12n_0011_33,"[[8, 14, 9, 13], [17, 11, 18, 10], [12, 5, 13, 6], [19, 14, 20, 15], [23, 17, 24, 16], [9, 19, 10, 18], [3, 20, 4, 21], [1, 22, 2, 23], [15, 1, 16, 24], [21, 2, 22, 3], [4, 8, 5, 7], [6, 11, 7, 12]]"
12n_0011_34,"[[6, 11, 7, 12], [8, 14, 9, 13], [17, 11, 18, 10], [12, 5, 13, 6], [19, 14, 20, 15], [23, 17, 24, 16], [9, 19, 10, 18], [3, 20, 4, 21], [1, 22, 2, 23], [15, 1, 16, 24], [21, 2, 22, 3], [4, 8, 5, 7]]"
12n_0011_35,"[[4, 8, 5, 7], [6, 11, 7, 12], [8, 14, 9, 13], [17, 11, 18, 10], [12, 5, 13, 6], [19, 14, 20, 15], [23, 17, 24, 16], [9, 19, 10, 18], [3, 20, 4, 21], [1, 22, 2, 23], [15, 1, 16, 24], [21, 2, 22, 3]]"
12n_0011_36,"[[22, 3, 23, 4], [5, 9, 6, 8], [7, 12, 8, 13], [9, 15, 10, 14], [18, 12, 19, 11], [13, 6, 14, 7], [20, 15, 21, 16], [24, 18, 1, 17], [10, 20, 11, 19], [4, 21, 5, 22], [2, 23, 3, 24], [16, 2, 17, 1]]"
12n_0011_37,"[[16, 2, 17, 1], [22, 3, 23, 4], [5, 9, 6, 8], [7, 12, 8, 13], [9, 15, 10, 14], [18, 12, 19, 11], [13, 6, 14, 7], [20, 15, 21, 16], [24, 18, 1, 17], [10, 20, 11, 19], [4, 21, 5, 22], [2, 23, 3, 24]]"
12n_0011_38,"[[2, 23, 3, 24], [16, 2, 17, 1], [22, 3, 23, 4], [5, 9, 6, 8], [7, 12, 8, 13], [9, 15, 10, 14], [18, 12, 19, 11], [13, 6, 14, 7], [20, 15, 21, 16], [24, 18, 1, 17], [10, 20, 11, 19], [4, 21, 5, 22]]"
12n_0011_39,"[[4, 21, 5, 22], [2, 23, 3, 24], [16, 2, 17, 1], [22, 3, 23, 4], [5, 9, 6, 8], [7, 12, 8, 13], [9, 15, 10, 14], [18, 12, 19, 11], [13, 6, 14, 7], [20, 15, 21, 16], [24, 18, 1, 17], [10, 20, 11, 19]]"
12n_0011_40,"[[10, 20, 11, 19], [4, 21, 5, 22], [2, 23, 3, 24], [16, 2, 17, 1], [22, 3, 23, 4], [5, 9, 6, 8], [7, 12, 8, 13], [9, 15, 10, 14], [18, 12, 19, 11], [13, 6, 14, 7], [20, 15, 21, 16], [24, 18, 1, 17]]"
12n_0011_41,"[[24, 18, 1, 17], [10, 20, 11, 19], [4, 21, 5, 22], [2, 23, 3, 24], [16, 2, 17, 1], [22, 3, 23, 4], [5, 9, 6, 8], [7, 12, 8, 13], [9, 15, 10, 14], [18, 12, 19, 11], [13, 6, 14, 7], [20, 15, 21, 16]]"
12n_0011_42,"[[20, 15, 21, 16], [24, 18, 1, 17], [10, 20, 11, 19], [4, 21, 5, 22], [2, 23, 3, 24], [16, 2, 17, 1], [22, 3, 23, 4], [5, 9, 6, 8], [7, 12, 8, 13], [9, 15, 10, 14], [18, 12, 19, 11], [13, 6, 14, 7]]"
12n_0011_43,"[[13, 6, 14, 7], [20, 15, 21, 16], [24, 18, 1, 17], [10, 20, 11, 19], [4, 21, 5, 22], [2, 23, 3, 24], [16, 2, 17, 1], [22, 3, 23, 4], [5, 9, 6, 8], [7, 12, 8, 13], [9, 15, 10, 14], [18, 12, 19, 11]]"
12n_0011_44,"[[18, 12, 19, 11], [13, 6, 14, 7], [20, 15, 21, 16], [24, 18, 1, 17], [10, 20, 11, 19], [4, 21, 5, 22], [2, 23, 3, 24], [16, 2, 17, 1], [22, 3, 23, 4], [5, 9, 6, 8], [7, 12, 8, 13], [9, 15, 10, 14]]"
12n_0011_45,"[[9, 15, 10, 14], [18, 12, 19, 11], [13, 6, 14, 7], [20, 15, 21, 16], [24, 18, 1, 17], [10, 20, 11, 19], [4, 21, 5, 22], [2, 23, 3, 24], [16, 2, 17, 1], [22, 3, 23, 4], [5, 9, 6, 8], [7, 12, 8, 13]]"
12n_0011_46,"[[7, 12, 8, 13], [9, 15, 10, 14], [18, 12, 19, 11], [13, 6, 14, 7], [20, 15, 21, 16], [24, 18, 1, 17], [10, 20, 11, 19], [4, 21, 5, 22], [2, 23, 3, 24], [16, 2, 17, 1], [22, 3, 23, 4], [5, 9, 6, 8]]"
12n_0011_47,"[[5, 9, 6, 8], [7, 12, 8, 13], [9, 15, 10, 14], [18, 12, 19, 11], [13, 6, 14, 7], [20, 15, 21, 16], [24, 18, 1, 17], [10, 20, 11, 19], [4, 21, 5, 22], [2, 23, 3, 24], [16, 2, 17, 1], [22, 3, 23, 4]]"
12n_0011_48,"[[23, 4, 24, 5], [6, 10, 7, 9], [8, 13, 9, 14], [10, 16, 11, 15], [19, 13, 20, 12], [14, 7, 15, 8], [21, 16, 22, 17], [1, 19, 2, 18], [11, 21, 12, 20], [5, 22, 6, 23], [3, 24, 4, 1], [17, 3, 18, 2]]"
12n_0011_49,"[[17, 3, 18, 2], [23, 4, 24, 5], [6, 10, 7, 9], [8, 13, 9, 14], [10, 16, 11, 15], [19, 13, 20, 12], [14, 7, 15, 8], [21, 16, 22, 17], [1, 19, 2, 18], [11, 21, 12, 20], [5, 22, 6, 23], [3, 24, 4, 1]]"
12n_0011_50,"[[3, 24, 4, 1], [17, 3, 18, 2], [23, 4, 24, 5], [6, 10, 7, 9], [8, 13, 9, 14], [10, 16, 11, 15], [19, 13, 20, 12], [14, 7, 15, 8], [21, 16, 22, 17], [1, 19, 2, 18], [11, 21, 12, 20], [5, 22, 6, 23]]"
12n_0011_51,"[[5, 22, 6, 23], [3, 24, 4, 1], [17, 3, 18, 2], [23, 4, 24, 5], [6, 10, 7, 9], [8, 13, 9, 14], [10, 16, 11, 15], [19, 13, 20, 12], [14, 7, 15, 8], [21, 16, 22, 17], [1, 19, 2, 18], [11, 21, 12, 20]]"
12n_0011_52,"[[11, 21, 12, 20], [5, 22, 6, 23], [3, 24, 4, 1], [17, 3, 18, 2], [23, 4, 24, 5], [6, 10, 7, 9], [8, 13, 9, 14], [10, 16, 11, 15], [19, 13, 20, 12], [14, 7, 15, 8], [21, 16, 22, 17], [1, 19, 2, 18]]"
12n_0011_53,"[[1, 19, 2, 18], [11, 21, 12, 20], [5, 22, 6, 23], [3, 24, 4, 1], [17, 3, 18, 2], [23, 4, 24, 5], [6, 10, 7, 9], [8, 13, 9, 14], [10, 16, 11, 15], [19, 13, 20, 12], [14, 7, 15, 8], [21, 16, 22, 17]]"
12n_0011_54,"[[21, 16, 22, 17], [1, 19, 2, 18], [11, 21, 12, 20], [5, 22, 6, 23], [3, 24, 4, 1], [17, 3, 18, 2], [23, 4, 24, 5], [6, 10, 7, 9], [8, 13, 9, 14], [10, 16, 11, 15], [19, 13, 20, 12], [14, 7, 15, 8]]"
12n_0011_55,"[[14, 7, 15, 8], [21, 16, 22, 17], [1, 19, 2, 18], [11, 21, 12, 20], [5, 22, 6, 23], [3, 24, 4, 1], [17, 3, 18, 2], [23, 4, 24, 5], [6, 10, 7, 9], [8, 13, 9, 14], [10, 16, 11, 15], [19, 13, 20, 12]]"
12n_0011_56,"[[19, 13, 20, 12], [14, 7, 15, 8], [21, 16, 22, 17], [1, 19, 2, 18], [11, 21, 12, 20], [5, 22, 6, 23], [3, 24, 4, 1], [17, 3, 18, 2], [23, 4, 24, 5], [6, 10, 7, 9], [8, 13, 9, 14], [10, 16, 11, 15]]"
12n_0011_57,"[[10, 16, 11, 15], [19, 13, 20, 12], [14, 7, 15, 8], [21, 16, 22, 17], [1, 19, 2, 18], [11, 21, 12, 20], [5, 22, 6, 23], [3, 24, 4, 1], [17, 3, 18, 2], [23, 4, 24, 5], [6, 10, 7, 9], [8, 13, 9, 14]]"
12n_0011_58,"[[8, 13, 9, 14], [10, 16, 11, 15], [19, 13, 20, 12], [14, 7, 15, 8], [21, 16, 22, 17], [1, 19, 2, 18], [11, 21, 12, 20], [5, 22, 6, 23], [3, 24, 4, 1], [17, 3, 18, 2], [23, 4, 24, 5], [6, 10, 7, 9]]"
12n_0011_59,"[[6, 10, 7, 9], [8, 13, 9, 14], [10, 16, 11, 15], [19, 13, 20, 12], [14, 7, 15, 8], [21, 16, 22, 17], [1, 19, 2, 18], [11, 21, 12, 20], [5, 22, 6, 23], [3, 24, 4, 1], [17, 3, 18, 2], [23, 4, 24, 5]]"
12n_0011_60,"[[24, 5, 1, 6], [7, 11, 8, 10], [9, 14, 10, 15], [11, 17, 12, 16], [20, 14, 21, 13], [15, 8, 16, 9], [22, 17, 23, 18], [2, 20, 3, 19], [12, 22, 13, 21], [6, 23, 7, 24], [4, 1, 5, 2], [18, 4, 19, 3]]"
12n_0011_61,"[[18, 4, 19, 3], [24, 5, 1, 6], [7, 11, 8, 10], [9, 14, 10, 15], [11, 17, 12, 16], [20, 14, 21, 13], [15, 8, 16, 9], [22, 17, 23, 18], [2, 20, 3, 19], [12, 22, 13, 21], [6, 23, 7, 24], [4, 1, 5, 2]]"
12n_0011_62,"[[4, 1, 5, 2], [18, 4, 19, 3], [24, 5, 1, 6], [7, 11, 8, 10], [9, 14, 10, 15], [11, 17, 12, 16], [20, 14, 21, 13], [15, 8, 16, 9], [22, 17, 23, 18], [2, 20, 3, 19], [12, 22, 13, 21], [6, 23, 7, 24]]"
12n_0011_63,"[[6, 23, 7, 24], [4, 1, 5, 2], [18, 4, 19, 3], [24, 5, 1, 6], [7, 11, 8, 10], [9, 14, 10, 15], [11, 17, 12, 16], [20, 14, 21, 13], [15, 8, 16, 9], [22, 17, 23, 18], [2, 20, 3, 19], [12, 22, 13, 21]]"
12n_0011_64,"[[12, 22, 13, 21], [6, 23, 7, 24], [4, 1, 5, 2], [18, 4, 19, 3], [24, 5, 1, 6], [7, 11, 8, 10], [9, 14, 10, 15], [11, 17, 12, 16], [20, 14, 21, 13], [15, 8, 16, 9], [22, 17, 23, 18], [2, 20, 3, 19]]"
12n_0011_65,"[[2, 20, 3, 19], [12, 22, 13, 21], [6, 23, 7, 24], [4, 1, 5, 2], [18, 4, 19, 3], [24, 5, 1, 6], [7, 11, 8, 10], [9, 14, 10, 15], [11, 17, 12, 16], [20, 14, 21, 13], [15, 8, 16, 9], [22, 17, 23, 18]]"
12n_0011_66,"[[22, 17, 23, 18], [2, 20, 3, 19], [12, 22, 13, 21], [6, 23, 7, 24], [4, 1, 5, 2], [18, 4, 19, 3], [24, 5, 1, 6], [7, 11, 8, 10], [9, 14, 10, 15], [11, 17, 12, 16], [20, 14, 21, 13], [15, 8, 16, 9]]"
12n_0011_67,"[[15, 8, 16, 9], [22, 17, 23, 18], [2, 20, 3, 19], [12, 22, 13, 21], [6, 23, 7, 24], [4, 1, 5, 2], [18, 4, 19, 3], [24, 5, 1, 6], [7, 11, 8, 10], [9, 14, 10, 15], [11, 17, 12, 16], [20, 14, 21, 13]]"
12n_0011_68,"[[20, 14, 21, 13], [15, 8, 16, 9], [22, 17, 23, 18], [2, 20, 3, 19], [12, 22, 13, 21], [6, 23, 7, 24], [4, 1, 5, 2], [18, 4, 19, 3], [24, 5, 1, 6], [7, 11, 8, 10], [9, 14, 10, 15], [11, 17, 12, 16]]"
12n_0011_69,"[[11, 17, 12, 16], [20, 14, 21, 13], [15, 8, 16, 9], [22, 17, 23, 18], [2, 20, 3, 19], [12, 22, 13, 21], [6, 23, 7, 24], [4, 1, 5, 2], [18, 4, 19, 3], [24, 5, 1, 6], [7, 11, 8, 10], [9, 14, 10, 15]]"
12n_0011_70,"[[9, 14, 10, 15], [11, 17, 12, 16], [20, 14, 21, 13], [15, 8, 16, 9], [22, 17, 23, 18], [2, 20, 3, 19], [12, 22, 13, 21], [6, 23, 7, 24], [4, 1, 5, 2], [18, 4, 19, 3], [24, 5, 1, 6], [7, 11, 8, 10]]"
12n_0011_71,"[[7, 11, 8, 10], [9, 14, 10, 15], [11, 17, 12, 16], [20, 14, 21, 13], [15, 8, 16, 9], [22, 17, 23, 18], [2, 20, 3, 19], [12, 22, 13, 21], [6, 23, 7, 24], [4, 1, 5, 2], [18, 4, 19, 3], [24, 5, 1, 6]]"
12n_0011_72,"[[1, 6, 2, 7], [8, 12, 9, 11], [10, 15, 11, 16], [12, 18, 13, 17], [21, 15, 22, 14], [16, 9, 17, 10], [23, 18, 24, 19], [3, 21, 4, 20], [13, 23, 14, 22], [7, 24, 8, 1], [5, 2, 6, 3], [19, 5, 20, 4]]"
12n_0011_73,"[[19, 5, 20, 4], [1, 6, 2, 7], [8, 12, 9, 11], [10, 15, 11, 16], [12, 18, 13, 17], [21, 15, 22, 14], [16, 9, 17, 10], [23, 18, 24, 19], [3, 21, 4, 20], [13, 23, 14, 22], [7, 24, 8, 1], [5, 2, 6, 3]]"
12n_0011_74,"[[5, 2, 6, 3], [19, 5, 20, 4], [1, 6, 2, 7], [8, 12, 9, 11], [10, 15, 11, 16], [12, 18, 13, 17], [21, 15, 22, 14], [16, 9, 17, 10], [23, 18, 24, 19], [3, 21, 4, 20], [13, 23, 14, 22], [7, 24, 8, 1]]"
12n_0011_75,"[[7, 24, 8, 1], [5, 2, 6, 3], [19, 5, 20, 4], [1, 6, 2, 7], [8, 12, 9, 11], [10, 15, 11, 16], [12, 18, 13, 17], [21, 15, 22, 14], [16, 9, 17, 10], [23, 18, 24, 19], [3, 21, 4, 20], [13, 23, 14, 22]]"
12n_0011_76,"[[13, 23, 14, 22], [7, 24, 8, 1], [5, 2, 6, 3], [19, 5, 20, 4], [1, 6, 2, 7], [8, 12, 9, 11], [10, 15, 11, 16], [12, 18, 13, 17], [21, 15, 22, 14], [16, 9, 17, 10], [23, 18, 24, 19], [3, 21, 4, 20]]"
12n_0011_77,"[[3, 21, 4, 20], [13, 23, 14, 22], [7, 24, 8, 1], [5, 2, 6, 3], [19, 5, 20, 4], [1, 6, 2, 7], [8, 12, 9, 11], [10, 15, 11, 16], [12, 18, 13, 17], [21, 15, 22, 14], [16, 9, 17, 10], [23, 18, 24, 19]]"
12n_0011_78,"[[23, 18, 24, 19], [3, 21, 4, 20], [13, 23, 14, 22], [7, 24, 8, 1], [5, 2, 6, 3], [19, 5, 20, 4], [1, 6, 2, 7], [8, 12, 9, 11], [10, 15, 11, 16], [12, 18, 13, 17], [21, 15, 22, 14], [16, 9, 17, 10]]"
12n_0011_79,"[[16, 9, 17, 10], [23, 18, 24, 19], [3, 21, 4, 20], [13, 23, 14, 22], [7, 24, 8, 1], [5, 2, 6, 3], [19, 5, 20, 4], [1, 6, 2, 7], [8, 12, 9, 11], [10, 15, 11, 16], [12, 18, 13, 17], [21, 15, 22, 14]]"
12n_0011_80,"[[21, 15, 22, 14], [16, 9, 17, 10], [23, 18, 24, 19], [3, 21, 4, 20], [13, 23, 14, 22], [7, 24, 8, 1], [5, 2, 6, 3], [19, 5, 20, 4], [1, 6, 2, 7], [8, 12, 9, 11], [10, 15, 11, 16], [12, 18, 13, 17]]"
12n_0011_81,"[[12, 18, 13, 17], [21, 15, 22, 14], [16, 9, 17, 10], [23, 18, 24, 19], [3, 21, 4, 20], [13, 23, 14, 22], [7, 24, 8, 1], [5, 2, 6, 3], [19, 5, 20, 4], [1, 6, 2, 7], [8, 12, 9, 11], [10, 15, 11, 16]]"
12n_0011_82,"[[10, 15, 11, 16], [12, 18, 13, 17], [21, 15, 22, 14], [16, 9, 17, 10], [23, 18, 24, 19], [3, 21, 4, 20], [13, 23, 14, 22], [7, 24, 8, 1], [5, 2, 6, 3], [19, 5, 20, 4], [1, 6, 2, 7], [8, 12, 9, 11]]"
12n_0011_83,"[[8, 12, 9, 11], [10, 15, 11, 16], [12, 18, 13, 17], [21, 15, 22, 14], [16, 9, 17, 10], [23, 18, 24, 19], [3, 21, 4, 20], [13, 23, 14, 22], [7, 24, 8, 1], [5, 2, 6, 3], [19, 5, 20, 4], [1, 6, 2, 7]]"
12n_0011_84,"[[2, 7, 3, 8], [9, 13, 10, 12], [11, 16, 12, 17], [13, 19, 14, 18], [22, 16, 23, 15], [17, 10, 18, 11], [24, 19, 1, 20], [4, 22, 5, 21], [14, 24, 15, 23], [8, 1, 9, 2], [6, 3, 7, 4], [20, 6, 21, 5]]"
12n_0011_85,"[[20, 6, 21, 5], [2, 7, 3, 8], [9, 13, 10, 12], [11, 16, 12, 17], [13, 19, 14, 18], [22, 16, 23, 15], [17, 10, 18, 11], [24, 19, 1, 20], [4, 22, 5, 21], [14, 24, 15, 23], [8, 1, 9, 2], [6, 3, 7, 4]]"
12n_0011_86,"[[6, 3, 7, 4], [20, 6, 21, 5], [2, 7, 3, 8], [9, 13, 10, 12], [11, 16, 12, 17], [13, 19, 14, 18], [22, 16, 23, 15], [17, 10, 18, 11], [24, 19, 1, 20], [4, 22, 5, 21], [14, 24, 15, 23], [8, 1, 9, 2]]"
12n_0011_87,"[[8, 1, 9, 2], [6, 3, 7, 4], [20, 6, 21, 5], [2, 7, 3, 8], [9, 13, 10, 12], [11, 16, 12, 17], [13, 19, 14, 18], [22, 16, 23, 15], [17, 10, 18, 11], [24, 19, 1, 20], [4, 22, 5, 21], [14, 24, 15, 23]]"
12n_0011_88,"[[14, 24, 15, 23], [8, 1, 9, 2], [6, 3, 7, 4], [20, 6, 21, 5], [2, 7, 3, 8], [9, 13, 10, 12], [11, 16, 12, 17], [13, 19, 14, 18], [22, 16, 23, 15], [17, 10, 18, 11], [24, 19, 1, 20], [4, 22, 5, 21]]"
12n_0011_89,"[[4, 22, 5, 21], [14, 24, 15, 23], [8, 1, 9, 2], [6, 3, 7, 4], [20, 6, 21, 5], [2, 7, 3, 8], [9, 13, 10, 12], [11, 16, 12, 17], [13, 19, 14, 18], [22, 16, 23, 15], [17, 10, 18, 11], [24, 19, 1, 20]]"
12n_0011_90,"[[24, 19, 1, 20], [4, 22, 5, 21], [14, 24, 15, 23], [8, 1, 9, 2], [6, 3, 7, 4], [20, 6, 21, 5], [2, 7, 3, 8], [9, 13, 10, 12], [11, 16, 12, 17], [13, 19, 14, 18], [22, 16, 23, 15], [17, 10, 18, 11]]"
12n_0011_91,"[[17, 10, 18, 11], [24, 19, 1, 20], [4, 22, 5, 21], [14, 24, 15, 23], [8, 1, 9, 2], [6, 3, 7, 4], [20, 6, 21, 5], [2, 7, 3, 8], [9, 13, 10, 12], [11, 16, 12, 17], [13, 19, 14, 18], [22, 16, 23, 15]]"
12n_0011_92,"[[22, 16, 23, 15], [17, 10, 18, 11], [24, 19, 1, 20], [4, 22, 5, 21], [14, 24, 15, 23], [8, 1, 9, 2], [6, 3, 7, 4], [20, 6, 21, 5], [2, 7, 3, 8], [9, 13, 10, 12], [11, 16, 12, 17], [13, 19, 14, 18]]"
12n_0011_93,"[[13, 19, 14, 18], [22, 16, 23, 15], [17, 10, 18, 11], [24, 19, 1, 20], [4, 22, 5, 21], [14, 24, 15, 23], [8, 1, 9, 2], [6, 3, 7, 4], [20, 6, 21, 5], [2, 7, 3, 8], [9, 13, 10, 12], [11, 16, 12, 17]]"
12n_0011_94,"[[11, 16, 12, 17], [13, 19, 14, 18], [22, 16, 23, 15], [17, 10, 18, 11], [24, 19, 1, 20], [4, 22, 5, 21], [14, 24, 15, 23], [8, 1, 9, 2], [6, 3, 7, 4], [20, 6, 21, 5], [2, 7, 3, 8], [9, 13, 10, 12]]"
12n_0011_95,"[[9, 13, 10, 12], [11, 16, 12, 17], [13, 19, 14, 18], [22, 16, 23, 15], [17, 10, 18, 11], [24, 19, 1, 20], [4, 22, 5, 21], [14, 24, 15, 23], [8, 1, 9, 2], [6, 3, 7, 4], [20, 6, 21, 5], [2, 7, 3, 8]]"
12n_0011_96,"[[3, 8, 4, 9], [10, 14, 11, 13], [12, 17, 13, 18], [14, 20, 15, 19], [23, 17, 24, 16], [18, 11, 19, 12], [1, 20, 2, 21], [5, 23, 6, 22], [15, 1, 16, 24], [9, 2, 10, 3], [7, 4, 8, 5], [21, 7, 22, 6]]"
12n_0011_97,"[[21, 7, 22, 6], [3, 8, 4, 9], [10, 14, 11, 13], [12, 17, 13, 18], [14, 20, 15, 19], [23, 17, 24, 16], [18, 11, 19, 12], [1, 20, 2, 21], [5, 23, 6, 22], [15, 1, 16, 24], [9, 2, 10, 3], [7, 4, 8, 5]]"
12n_0011_98,"[[7, 4, 8, 5], [21, 7, 22, 6], [3, 8, 4, 9], [10, 14, 11, 13], [12, 17, 13, 18], [14, 20, 15, 19], [23, 17, 24, 16], [18, 11, 19, 12], [1, 20, 2, 21], [5, 23, 6, 22], [15, 1, 16, 24], [9, 2, 10, 3]]"
12n_0011_99,"[[9, 2, 10, 3], [7, 4, 8, 5], [21, 7, 22, 6], [3, 8, 4, 9], [10, 14, 11, 13], [12, 17, 13, 18], [14, 20, 15, 19], [23, 17, 24, 16], [18, 11, 19, 12], [1, 20, 2, 21], [5, 23, 6, 22], [15, 1, 16, 24]]"
12n_0011_100,"[[15, 1, 16, 24], [9, 2, 10, 3], [7, 4, 8, 5], [21, 7, 22, 6], [3, 8, 4, 9], [10, 14, 11, 13], [12, 17, 13, 18], [14, 20, 15, 19], [23, 17, 24, 16], [18, 11, 19, 12], [1, 20, 2, 21], [5, 23, 6, 22]]"
12n_0011_101,"[[5, 23, 6, 22], [15, 1, 16, 24], [9, 2, 10, 3], [7, 4, 8, 5], [21, 7, 22, 6], [3, 8, 4, 9], [10, 14, 11, 13], [12, 17, 13, 18], [14, 20, 15, 19], [23, 17, 24, 16], [18, 11, 19, 12], [1, 20, 2, 21]]"
12n_0011_102,"[[1, 20, 2, 21], [5, 23, 6, 22], [15, 1, 16, 24], [9, 2, 10, 3], [7, 4, 8, 5], [21, 7, 22, 6], [3, 8, 4, 9], [10, 14, 11, 13], [12, 17, 13, 18], [14, 20, 15, 19], [23, 17, 24, 16], [18, 11, 19, 12]]"
12n_0011_103,"[[18, 11, 19, 12], [1, 20, 2, 21], [5, 23, 6, 22], [15, 1, 16, 24], [9, 2, 10, 3], [7, 4, 8, 5], [21, 7, 22, 6], [3, 8, 4, 9], [10, 14, 11, 13], [12, 17, 13, 18], [14, 20, 15, 19], [23, 17, 24, 16]]"
12n_0011_104,"[[23, 17, 24, 16], [18, 11, 19, 12], [1, 20, 2, 21], [5, 23, 6, 22], [15, 1, 16, 24], [9, 2, 10, 3], [7, 4, 8, 5], [21, 7, 22, 6], [3, 8, 4, 9], [10, 14, 11, 13], [12, 17, 13, 18], [14, 20, 15, 19]]"
12n_0011_105,"[[14, 20, 15, 19], [23, 17, 24, 16], [18, 11, 19, 12], [1, 20, 2, 21], [5, 23, 6, 22], [15, 1, 16, 24], [9, 2, 10, 3], [7, 4, 8, 5], [21, 7, 22, 6], [3, 8, 4, 9], [10, 14, 11, 13], [12, 17, 13, 18]]"
12n_0011_106,"[[12, 17, 13, 18], [14, 20, 15, 19], [23, 17, 24, 16], [18, 11, 19, 12], [1, 20, 2, 21], [5, 23, 6, 22], [15, 1, 16, 24], [9, 2, 10, 3], [7, 4, 8, 5], [21, 7, 22, 6], [3, 8, 4, 9], [10, 14, 11, 13]]"
12n_0011_107,"[[10, 14, 11, 13], [12, 17, 13, 18], [14, 20, 15, 19], [23, 17, 24, 16], [18, 11, 19, 12], [1, 20, 2, 21], [5, 23, 6, 22], [15, 1, 16, 24], [9, 2, 10, 3], [7, 4, 8, 5], [21, 7, 22, 6], [3, 8, 4, 9]]"
12n_0011_108,"[[4, 9, 5, 10], [11, 15, 12, 14], [13, 18, 14, 19], [15, 21, 16, 20], [24, 18, 1, 17], [19, 12, 20, 13], [2, 21, 3, 22], [6, 24, 7, 23], [16, 2, 17, 1], [10, 3, 11, 4], [8, 5, 9, 6], [22, 8, 23, 7]]"
12n_0011_109,"[[22, 8, 23, 7], [4, 9, 5, 10], [11, 15, 12, 14], [13, 18, 14, 19], [15, 21, 16, 20], [24, 18, 1, 17], [19, 12, 20, 13], [2, 21, 3, 22], [6, 24, 7, 23], [16, 2, 17, 1], [10, 3, 11, 4], [8, 5, 9, 6]]"
12n_0011_110,"[[8, 5, 9, 6], [22, 8, 23, 7], [4, 9, 5, 10], [11, 15, 12, 14], [13, 18, 14, 19], [15, 21, 16, 20], [24, 18, 1, 17], [19, 12, 20, 13], [2, 21, 3, 22], [6, 24, 7, 23], [16, 2, 17, 1], [10, 3, 11, 4]]"
12n_0011_111,"[[10, 3, 11, 4], [8, 5, 9, 6], [22, 8, 23, 7], [4, 9, 5, 10], [11, 15, 12, 14], [13, 18, 14, 19], [15, 21, 16, 20], [24, 18, 1, 17], [19, 12, 20, 13], [2, 21, 3, 22], [6, 24, 7, 23], [16, 2, 17, 1]]"
12n_0011_112,"[[16, 2, 17, 1], [10, 3, 11, 4], [8, 5, 9, 6], [22, 8, 23, 7], [4, 9, 5, 10], [11, 15, 12, 14], [13, 18, 14, 19], [15, 21, 16, 20], [24, 18, 1, 17], [19, 12, 20, 13], [2, 21, 3, 22], [6, 24, 7, 23]]"
12n_0011_113,"[[6, 24, 7, 23], [16, 2, 17, 1], [10, 3, 11, 4], [8, 5, 9, 6], [22, 8, 23, 7], [4, 9, 5, 10], [11, 15, 12, 14], [13, 18, 14, 19], [15, 21, 16, 20], [24, 18, 1, 17], [19, 12, 20, 13], [2, 21, 3, 22]]"
12n_0011_114,"[[2, 21, 3, 22], [6, 24, 7, 23], [16, 2, 17, 1], [10, 3, 11, 4], [8, 5, 9, 6], [22, 8, 23, 7], [4, 9, 5, 10], [11, 15, 12, 14], [13, 18, 14, 19], [15, 21, 16, 20], [24, 18, 1, 17], [19, 12, 20, 13]]"
12n_0011_115,"[[19, 12, 20, 13], [2, 21, 3, 22], [6, 24, 7, 23], [16, 2, 17, 1], [10, 3, 11, 4], [8, 5, 9, 6], [22, 8, 23, 7], [4, 9, 5, 10], [11, 15, 12, 14], [13, 18, 14, 19], [15, 21, 16, 20], [24, 18, 1, 17]]"
12n_0011_116,"[[24, 18, 1, 17], [19, 12, 20, 13], [2, 21, 3, 22], [6, 24, 7, 23], [16, 2, 17, 1], [10, 3, 11, 4], [8, 5, 9, 6], [22, 8, 23, 7], [4, 9, 5, 10], [11, 15, 12, 14], [13, 18, 14, 19], [15, 21, 16, 20]]"
12n_0011_117,"[[15, 21, 16, 20], [24, 18, 1, 17], [19, 12, 20, 13], [2, 21, 3, 22], [6, 24, 7, 23], [16, 2, 17, 1], [10, 3, 11, 4], [8, 5, 9, 6], [22, 8, 23, 7], [4, 9, 5, 10], [11, 15, 12, 14], [13, 18, 14, 19]]"
12n_0011_118,"[[13, 18, 14, 19], [15, 21, 16, 20], [24, 18, 1, 17], [19, 12, 20, 13], [2, 21, 3, 22], [6, 24, 7, 23], [16, 2, 17, 1], [10, 3, 11, 4], [8, 5, 9, 6], [22, 8, 23, 7], [4, 9, 5, 10], [11, 15, 12, 14]]"
12n_0011_119,"[[11, 15, 12, 14], [13, 18, 14, 19], [15, 21, 16, 20], [24, 18, 1, 17], [19, 12, 20, 13], [2, 21, 3, 22], [6, 24, 7, 23], [16, 2, 17, 1], [10, 3, 11, 4], [8, 5, 9, 6], [22, 8, 23, 7], [4, 9, 5, 10]]"
12n_0011_120,"[[5, 10, 6, 11], [12, 16, 13, 15], [14, 19, 15, 20], [16, 22, 17, 21], [1, 19, 2, 18], [20, 13, 21, 14], [3, 22, 4, 23], [7, 1, 8, 24], [17, 3, 18, 2], [11, 4, 12, 5], [9, 6, 10, 7], [23, 9, 24, 8]]"
12n_0011_121,"[[23, 9, 24, 8], [5, 10, 6, 11], [12, 16, 13, 15], [14, 19, 15, 20], [16, 22, 17, 21], [1, 19, 2, 18], [20, 13, 21, 14], [3, 22, 4, 23], [7, 1, 8, 24], [17, 3, 18, 2], [11, 4, 12, 5], [9, 6, 10, 7]]"
12n_0011_122,"[[9, 6, 10, 7], [23, 9, 24, 8], [5, 10, 6, 11], [12, 16, 13, 15], [14, 19, 15, 20], [16, 22, 17, 21], [1, 19, 2, 18], [20, 13, 21, 14], [3, 22, 4, 23], [7, 1, 8, 24], [17, 3, 18, 2], [11, 4, 12, 5]]"
12n_0011_123,"[[11, 4, 12, 5], [9, 6, 10, 7], [23, 9, 24, 8], [5, 10, 6, 11], [12, 16, 13, 15], [14, 19, 15, 20], [16, 22, 17, 21], [1, 19, 2, 18], [20, 13, 21, 14], [3, 22, 4, 23], [7, 1, 8, 24], [17, 3, 18, 2]]"
12n_0011_124,"[[17, 3, 18, 2], [11, 4, 12, 5], [9, 6, 10, 7], [23, 9, 24, 8], [5, 10, 6, 11], [12, 16, 13, 15], [14, 19, 15, 20], [16, 22, 17, 21], [1, 19, 2, 18], [20, 13, 21, 14], [3, 22, 4, 23], [7, 1, 8, 24]]"
12n_0011_125,"[[7, 1, 8, 24], [17, 3, 18, 2], [11, 4, 12, 5], [9, 6, 10, 7], [23, 9, 24, 8], [5, 10, 6, 11], [12, 16, 13, 15], [14, 19, 15, 20], [16, 22, 17, 21], [1, 19, 2, 18], [20, 13, 21, 14], [3, 22, 4, 23]]"
12n_0011_126,"[[3, 22, 4, 23], [7, 1, 8, 24], [17, 3, 18, 2], [11, 4, 12, 5], [9, 6, 10, 7], [23, 9, 24, 8], [5, 10, 6, 11], [12, 16, 13, 15], [14, 19, 15, 20], [16, 22, 17, 21], [1, 19, 2, 18], [20, 13, 21, 14]]"
12n_0011_127,"[[20, 13, 21, 14], [3, 22, 4, 23], [7, 1, 8, 24], [17, 3, 18, 2], [11, 4, 12, 5], [9, 6, 10, 7], [23, 9, 24, 8], [5, 10, 6, 11], [12, 16, 13, 15], [14, 19, 15, 20], [16, 22, 17, 21], [1, 19, 2, 18]]"
12n_0011_128,"[[1, 19, 2, 18], [20, 13, 21, 14], [3, 22, 4, 23], [7, 1, 8, 24], [17, 3, 18, 2], [11, 4, 12, 5], [9, 6, 10, 7], [23, 9, 24, 8], [5, 10, 6, 11], [12, 16, 13, 15], [14, 19, 15, 20], [16, 22, 17, 21]]"
12n_0011_129,"[[16, 22, 17, 21], [1, 19, 2, 18], [20, 13, 21, 14], [3, 22, 4, 23], [7, 1, 8, 24], [17, 3, 18, 2], [11, 4, 12, 5], [9, 6, 10, 7], [23, 9, 24, 8], [5, 10, 6, 11], [12, 16, 13, 15], [14, 19, 15, 20]]"
12n_0011_130,"[[14, 19, 15, 20], [16, 22, 17, 21], [1, 19, 2, 18], [20, 13, 21, 14], [3, 22, 4, 23], [7, 1, 8, 24], [17, 3, 18, 2], [11, 4, 12, 5], [9, 6, 10, 7], [23, 9, 24, 8], [5, 10, 6, 11], [12, 16, 13, 15]]"
12n_0011_131,"[[12, 16, 13, 15], [14, 19, 15, 20], [16, 22, 17, 21], [1, 19, 2, 18], [20, 13, 21, 14], [3, 22, 4, 23], [7, 1, 8, 24], [17, 3, 18, 2], [11, 4, 12, 5], [9, 6, 10, 7], [23, 9, 24, 8], [5, 10, 6, 11]]"
12n_0011_132,"[[6, 11, 7, 12], [13, 17, 14, 16], [15, 20, 16, 21], [17, 23, 18, 22], [2, 20, 3, 19], [21, 14, 22, 15], [4, 23, 5, 24], [8, 2, 9, 1], [18, 4, 19, 3], [12, 5, 13, 6], [10, 7, 11, 8], [24, 10, 1, 9]]"
12n_0011_133,"[[24, 10, 1, 9], [6, 11, 7, 12], [13, 17, 14, 16], [15, 20, 16, 21], [17, 23, 18, 22], [2, 20, 3, 19], [21, 14, 22, 15], [4, 23, 5, 24], [8, 2, 9, 1], [18, 4, 19, 3], [12, 5, 13, 6], [10, 7, 11, 8]]"
12n_0011_134,"[[10, 7, 11, 8], [24, 10, 1, 9], [6, 11, 7, 12], [13, 17, 14, 16], [15, 20, 16, 21], [17, 23, 18, 22], [2, 20, 3, 19], [21, 14, 22, 15], [4, 23, 5, 24], [8, 2, 9, 1], [18, 4, 19, 3], [12, 5, 13, 6]]"
12n_0011_135,"[[12, 5, 13, 6], [10, 7, 11, 8], [24, 10, 1, 9], [6, 11, 7, 12], [13, 17, 14, 16], [15, 20, 16, 21], [17, 23, 18, 22], [2, 20, 3, 19], [21, 14, 22, 15], [4, 23, 5, 24], [8, 2, 9, 1], [18, 4, 19, 3]]"
12n_0011_136,"[[18, 4, 19, 3], [12, 5, 13, 6], [10, 7, 11, 8], [24, 10, 1, 9], [6, 11, 7, 12], [13, 17, 14, 16], [15, 20, 16, 21], [17, 23, 18, 22], [2, 20, 3, 19], [21, 14, 22, 15], [4, 23, 5, 24], [8, 2, 9, 1]]"
12n_0011_137,"[[8, 2, 9, 1], [18, 4, 19, 3], [12, 5, 13, 6], [10, 7, 11, 8], [24, 10, 1, 9], [6, 11, 7, 12], [13, 17, 14, 16], [15, 20, 16, 21], [17, 23, 18, 22], [2, 20, 3, 19], [21, 14, 22, 15], [4, 23, 5, 24]]"
12n_0011_138,"[[4, 23, 5, 24], [8, 2, 9, 1], [18, 4, 19, 3], [12, 5, 13, 6], [10, 7, 11, 8], [24, 10, 1, 9], [6, 11, 7, 12], [13, 17, 14, 16], [15, 20, 16, 21], [17, 23, 18, 22], [2, 20, 3, 19], [21, 14, 22, 15]]"
12n_0011_139,"[[21, 14, 22, 15], [4, 23, 5, 24], [8, 2, 9, 1], [18, 4, 19, 3], [12, 5, 13, 6], [10, 7, 11, 8], [24, 10, 1, 9], [6, 11, 7, 12], [13, 17, 14, 16], [15, 20, 16, 21], [17, 23, 18, 22], [2, 20, 3, 19]]"
12n_0011_140,"[[2, 20, 3, 19], [21, 14, 22, 15], [4, 23, 5, 24], [8, 2, 9, 1], [18, 4, 19, 3], [12, 5, 13, 6], [10, 7, 11, 8], [24, 10, 1, 9], [6, 11, 7, 12], [13, 17, 14, 16], [15, 20, 16, 21], [17, 23, 18, 22]]"
12n_0011_141,"[[17, 23, 18, 22], [2, 20, 3, 19], [21, 14, 22, 15], [4, 23, 5, 24], [8, 2, 9, 1], [18, 4, 19, 3], [12, 5, 13, 6], [10, 7, 11, 8], [24, 10, 1, 9], [6, 11, 7, 12], [13, 17, 14, 16], [15, 20, 16, 21]]"
12n_0011_142,"[[15, 20, 16, 21], [17, 23, 18, 22], [2, 20, 3, 19], [21, 14, 22, 15], [4, 23, 5, 24], [8, 2, 9, 1], [18, 4, 19, 3], [12, 5, 13, 6], [10, 7, 11, 8], [24, 10, 1, 9], [6, 11, 7, 12], [13, 17, 14, 16]]"
12n_0011_143,"[[13, 17, 14, 16], [15, 20, 16, 21], [17, 23, 18, 22], [2, 20, 3, 19], [21, 14, 22, 15], [4, 23, 5, 24], [8, 2, 9, 1], [18, 4, 19, 3], [12, 5, 13, 6], [10, 7, 11, 8], [24, 10, 1, 9], [6, 11, 7, 12]]"
12n_0011_144,"[[7, 12, 8, 13], [14, 18, 15, 17], [16, 21, 17, 22], [18, 24, 19, 23], [3, 21, 4, 20], [22, 15, 23, 16], [5, 24, 6, 1], [9, 3, 10, 2], [19, 5, 20, 4], [13, 6, 14, 7], [11, 8, 12, 9], [1, 11, 2, 10]]"
12n_0011_145,"[[1, 11, 2, 10], [7, 12, 8, 13], [14, 18, 15, 17], [16, 21, 17, 22], [18, 24, 19, 23], [3, 21, 4, 20], [22, 15, 23, 16], [5, 24, 6, 1], [9, 3, 10, 2], [19, 5, 20, 4], [13, 6, 14, 7], [11, 8, 12, 9]]"
12n_0011_146,"[[11, 8, 12, 9], [1, 11, 2, 10], [7, 12, 8, 13], [14, 18, 15, 17], [16, 21, 17, 22], [18, 24, 19, 23], [3, 21, 4, 20], [22, 15, 23, 16], [5, 24, 6, 1], [9, 3, 10, 2], [19, 5, 20, 4], [13, 6, 14, 7]]"
12n_0011_147,"[[13, 6, 14, 7], [11, 8, 12, 9], [1, 11, 2, 10], [7, 12, 8, 13], [14, 18, 15, 17], [16, 21, 17, 22], [18, 24, 19, 23], [3, 21, 4, 20], [22, 15, 23, 16], [5, 24, 6, 1], [9, 3, 10, 2], [19, 5, 20, 4]]"
12n_0011_148,"[[19, 5, 20, 4], [13, 6, 14, 7], [11, 8, 12, 9], [1, 11, 2, 10], [7, 12, 8, 13], [14, 18, 15, 17], [16, 21, 17, 22], [18, 24, 19, 23], [3, 21, 4, 20], [22, 15, 23, 16], [5, 24, 6, 1], [9, 3, 10, 2]]"
12n_0011_149,"[[9, 3, 10, 2], [19, 5, 20, 4], [13, 6, 14, 7], [11, 8, 12, 9], [1, 11, 2, 10], [7, 12, 8, 13], [14, 18, 15, 17], [16, 21, 17, 22], [18, 24, 19, 23], [3, 21, 4, 20], [22, 15, 23, 16], [5, 24, 6, 1]]"
12n_0011_150,"[[5, 24, 6, 1], [9, 3, 10, 2], [19, 5, 20, 4], [13, 6, 14, 7], [11, 8, 12, 9], [1, 11, 2, 10], [7, 12, 8, 13], [14, 18, 15, 17], [16, 21, 17, 22], [18, 24, 19, 23], [3, 21, 4, 20], [22, 15, 23, 16]]"
12n_0011_151,"[[22, 15, 23, 16], [5, 24, 6, 1], [9, 3, 10, 2], [19, 5, 20, 4], [13, 6, 14, 7], [11, 8, 12, 9], [1, 11, 2, 10], [7, 12, 8, 13], [14, 18, 15, 17], [16, 21, 17, 22], [18, 24, 19, 23], [3, 21, 4, 20]]"
12n_0011_152,"[[3, 21, 4, 20], [22, 15, 23, 16], [5, 24, 6, 1], [9, 3, 10, 2], [19, 5, 20, 4], [13, 6, 14, 7], [11, 8, 12, 9], [1, 11, 2, 10], [7, 12, 8, 13], [14, 18, 15, 17], [16, 21, 17, 22], [18, 24, 19, 23]]"
12n_0011_153,"[[18, 24, 19, 23], [3, 21, 4, 20], [22, 15, 23, 16], [5, 24, 6, 1], [9, 3, 10, 2], [19, 5, 20, 4], [13, 6, 14, 7], [11, 8, 12, 9], [1, 11, 2, 10], [7, 12, 8, 13], [14, 18, 15, 17], [16, 21, 17, 22]]"
12n_0011_154,"[[16, 21, 17, 22], [18, 24, 19, 23], [3, 21, 4, 20], [22, 15, 23, 16], [5, 24, 6, 1], [9, 3, 10, 2], [19, 5, 20, 4], [13, 6, 14, 7], [11, 8, 12, 9], [1, 11, 2, 10], [7, 12, 8, 13], [14, 18, 15, 17]]"
12n_0011_155,"[[14, 18, 15, 17], [16, 21, 17, 22], [18, 24, 19, 23], [3, 21, 4, 20], [22, 15, 23, 16], [5, 24, 6, 1], [9, 3, 10, 2], [19, 5, 20, 4], [13, 6, 14, 7], [11, 8, 12, 9], [1, 11, 2, 10], [7, 12, 8, 13]]"
12n_0011_156,"[[8, 13, 9, 14], [15, 19, 16, 18], [17, 22, 18, 23], [19, 1, 20, 24], [4, 22, 5, 21], [23, 16, 24, 17], [6, 1, 7, 2], [10, 4, 11, 3], [20, 6, 21, 5], [14, 7, 15, 8], [12, 9, 13, 10], [2, 12, 3, 11]]"
12n_0011_157,"[[2, 12, 3, 11], [8, 13, 9, 14], [15, 19, 16, 18], [17, 22, 18, 23], [19, 1, 20, 24], [4, 22, 5, 21], [23, 16, 24, 17], [6, 1, 7, 2], [10, 4, 11, 3], [20, 6, 21, 5], [14, 7, 15, 8], [12, 9, 13, 10]]"
12n_0011_158,"[[12, 9, 13, 10], [2, 12, 3, 11], [8, 13, 9, 14], [15, 19, 16, 18], [17, 22, 18, 23], [19, 1, 20, 24], [4, 22, 5, 21], [23, 16, 24, 17], [6, 1, 7, 2], [10, 4, 11, 3], [20, 6, 21, 5], [14, 7, 15, 8]]"
12n_0011_159,"[[14, 7, 15, 8], [12, 9, 13, 10], [2, 12, 3, 11], [8, 13, 9, 14], [15, 19, 16, 18], [17, 22, 18, 23], [19, 1, 20, 24], [4, 22, 5, 21], [23, 16, 24, 17], [6, 1, 7, 2], [10, 4, 11, 3], [20, 6, 21, 5]]"
12n_0011_160,"[[20, 6, 21, 5], [14, 7, 15, 8], [12, 9, 13, 10], [2, 12, 3, 11], [8, 13, 9, 14], [15, 19, 16, 18], [17, 22, 18, 23], [19, 1, 20, 24], [4, 22, 5, 21], [23, 16, 24, 17], [6, 1, 7, 2], [10, 4, 11, 3]]"
12n_0011_161,"[[10, 4, 11, 3], [20, 6, 21, 5], [14, 7, 15, 8], [12, 9, 13, 10], [2, 12, 3, 11], [8, 13, 9, 14], [15, 19, 16, 18], [17, 22, 18, 23], [19, 1, 20, 24], [4, 22, 5, 21], [23, 16, 24, 17], [6, 1, 7, 2]]"
12n_0011_162,"[[6, 1, 7, 2], [10, 4, 11, 3], [20, 6, 21, 5], [14, 7, 15, 8], [12, 9, 13, 10], [2, 12, 3, 11], [8, 13, 9, 14], [15, 19, 16, 18], [17, 22, 18, 23], [19, 1, 20, 24], [4, 22, 5, 21], [23, 16, 24, 17]]"
12n_0011_163,"[[23, 16, 24, 17], [6, 1, 7, 2], [10, 4, 11, 3], [20, 6, 21, 5], [14, 7, 15, 8], [12, 9, 13, 10], [2, 12, 3, 11], [8, 13, 9, 14], [15, 19, 16, 18], [17, 22, 18, 23], [19, 1, 20, 24], [4, 22, 5, 21]]"
12n_0011_164,"[[4, 22, 5, 21], [23, 16, 24, 17], [6, 1, 7, 2], [10, 4, 11, 3], [20, 6, 21, 5], [14, 7, 15, 8], [12, 9, 13, 10], [2, 12, 3, 11], [8, 13, 9, 14], [15, 19, 16, 18], [17, 22, 18, 23], [19, 1, 20, 24]]"
12n_0011_165,"[[19, 1, 20, 24], [4, 22, 5, 21], [23, 16, 24, 17], [6, 1, 7, 2], [10, 4, 11, 3], [20, 6, 21, 5], [14, 7, 15, 8], [12, 9, 13, 10], [2, 12, 3, 11], [8, 13, 9, 14], [15, 19, 16, 18], [17, 22, 18, 23]]"
12n_0011_166,"[[17, 22, 18, 23], [19, 1, 20, 24], [4, 22, 5, 21], [23, 16, 24, 17], [6, 1, 7, 2], [10, 4, 11, 3], [20, 6, 21, 5], [14, 7, 15, 8], [12, 9, 13, 10], [2, 12, 3, 11], [8, 13, 9, 14], [15, 19, 16, 18]]"
12n_0011_167,"[[15, 19, 16, 18], [17, 22, 18, 23], [19, 1, 20, 24], [4, 22, 5, 21], [23, 16, 24, 17], [6, 1, 7, 2], [10, 4, 11, 3], [20, 6, 21, 5], [14, 7, 15, 8], [12, 9, 13, 10], [2, 12, 3, 11], [8, 13, 9, 14]]"
12n_0011_168,"[[9, 14, 10, 15], [16, 20, 17, 19], [18, 23, 19, 24], [20, 2, 21, 1], [5, 23, 6, 22], [24, 17, 1, 18], [7, 2, 8, 3], [11, 5, 12, 4], [21, 7, 22, 6], [15, 8, 16, 9], [13, 10, 14, 11], [3, 13, 4, 12]]"
12n_0011_169,"[[3, 13, 4, 12], [9, 14, 10, 15], [16, 20, 17, 19], [18, 23, 19, 24], [20, 2, 21, 1], [5, 23, 6, 22], [24, 17, 1, 18], [7, 2, 8, 3], [11, 5, 12, 4], [21, 7, 22, 6], [15, 8, 16, 9], [13, 10, 14, 11]]"
12n_0011_170,"[[13, 10, 14, 11], [3, 13, 4, 12], [9, 14, 10, 15], [16, 20, 17, 19], [18, 23, 19, 24], [20, 2, 21, 1], [5, 23, 6, 22], [24, 17, 1, 18], [7, 2, 8, 3], [11, 5, 12, 4], [21, 7, 22, 6], [15, 8, 16, 9]]"
12n_0011_171,"[[15, 8, 16, 9], [13, 10, 14, 11], [3, 13, 4, 12], [9, 14, 10, 15], [16, 20, 17, 19], [18, 23, 19, 24], [20, 2, 21, 1], [5, 23, 6, 22], [24, 17, 1, 18], [7, 2, 8, 3], [11, 5, 12, 4], [21, 7, 22, 6]]"
12n_0011_172,"[[21, 7, 22, 6], [15, 8, 16, 9], [13, 10, 14, 11], [3, 13, 4, 12], [9, 14, 10, 15], [16, 20, 17, 19], [18, 23, 19, 24], [20, 2, 21, 1], [5, 23, 6, 22], [24, 17, 1, 18], [7, 2, 8, 3], [11, 5, 12, 4]]"
12n_0011_173,"[[11, 5, 12, 4], [21, 7, 22, 6], [15, 8, 16, 9], [13, 10, 14, 11], [3, 13, 4, 12], [9, 14, 10, 15], [16, 20, 17, 19], [18, 23, 19, 24], [20, 2, 21, 1], [5, 23, 6, 22], [24, 17, 1, 18], [7, 2, 8, 3]]"
12n_0011_174,"[[7, 2, 8, 3], [11, 5, 12, 4], [21, 7, 22, 6], [15, 8, 16, 9], [13, 10, 14, 11], [3, 13, 4, 12], [9, 14, 10, 15], [16, 20, 17, 19], [18, 23, 19, 24], [20, 2, 21, 1], [5, 23, 6, 22], [24, 17, 1, 18]]"
12n_0011_175,"[[24, 17, 1, 18], [7, 2, 8, 3], [11, 5, 12, 4], [21, 7, 22, 6], [15, 8, 16, 9], [13, 10, 14, 11], [3, 13, 4, 12], [9, 14, 10, 15], [16, 20, 17, 19], [18, 23, 19, 24], [20, 2, 21, 1], [5, 23, 6, 22]]"
12n_0011_176,"[[5, 23, 6, 22], [24, 17, 1, 18], [7, 2, 8, 3], [11, 5, 12, 4], [21, 7, 22, 6], [15, 8, 16, 9], [13, 10, 14, 11], [3, 13, 4, 12], [9, 14, 10, 15], [16, 20, 17, 19], [18, 23, 19, 24], [20, 2, 21, 1]]"
12n_0011_177,"[[20, 2, 21, 1], [5, 23, 6, 22], [24, 17, 1, 18], [7, 2, 8, 3], [11, 5, 12, 4], [21, 7, 22, 6], [15, 8, 16, 9], [13, 10, 14, 11], [3, 13, 4, 12], [9, 14, 10, 15], [16, 20, 17, 19], [18, 23, 19, 24]]"
12n_0011_178,"[[18, 23, 19, 24], [20, 2, 21, 1], [5, 23, 6, 22], [24, 17, 1, 18], [7, 2, 8, 3], [11, 5, 12, 4], [21, 7, 22, 6], [15, 8, 16, 9], [13, 10, 14, 11], [3, 13, 4, 12], [9, 14, 10, 15], [16, 20, 17, 19]]"
12n_0011_179,"[[16, 20, 17, 19], [18, 23, 19, 24], [20, 2, 21, 1], [5, 23, 6, 22], [24, 17, 1, 18], [7, 2, 8, 3], [11, 5, 12, 4], [21, 7, 22, 6], [15, 8, 16, 9], [13, 10, 14, 11], [3, 13, 4, 12], [9, 14, 10, 15]]"
12n_0011_180,"[[10, 15, 11, 16], [17, 21, 18, 20], [19, 24, 20, 1], [21, 3, 22, 2], [6, 24, 7, 23], [1, 18, 2, 19], [8, 3, 9, 4], [12, 6, 13, 5], [22, 8, 23, 7], [16, 9, 17, 10], [14, 11, 15, 12], [4, 14, 5, 13]]"
12n_0011_181,"[[4, 14, 5, 13], [10, 15, 11, 16], [17, 21, 18, 20], [19, 24, 20, 1], [21, 3, 22, 2], [6, 24, 7, 23], [1, 18, 2, 19], [8, 3, 9, 4], [12, 6, 13, 5], [22, 8, 23, 7], [16, 9, 17, 10], [14, 11, 15, 12]]"
12n_0011_182,"[[14, 11, 15, 12], [4, 14, 5, 13], [10, 15, 11, 16], [17, 21, 18, 20], [19, 24, 20, 1], [21, 3, 22, 2], [6, 24, 7, 23], [1, 18, 2, 19], [8, 3, 9, 4], [12, 6, 13, 5], [22, 8, 23, 7], [16, 9, 17, 10]]"
12n_0011_183,"[[16, 9, 17, 10], [14, 11, 15, 12], [4, 14, 5, 13], [10, 15, 11, 16], [17, 21, 18, 20], [19, 24, 20, 1], [21, 3, 22, 2], [6, 24, 7, 23], [1, 18, 2, 19], [8, 3, 9, 4], [12, 6, 13, 5], [22, 8, 23, 7]]"
12n_0011_184,"[[22, 8, 23, 7], [16, 9, 17, 10], [14, 11, 15, 12], [4, 14, 5, 13], [10, 15, 11, 16], [17, 21, 18, 20], [19, 24, 20, 1], [21, 3, 22, 2], [6, 24, 7, 23], [1, 18, 2, 19], [8, 3, 9, 4], [12, 6, 13, 5]]"
12n_0011_185,"[[12, 6, 13, 5], [22, 8, 23, 7], [16, 9, 17, 10], [14, 11, 15, 12], [4, 14, 5, 13], [10, 15, 11, 16], [17, 21, 18, 20], [19, 24, 20, 1], [21, 3, 22, 2], [6, 24, 7, 23], [1, 18, 2, 19], [8, 3, 9, 4]]"
