name,pd_notation
12n_0008_0,"[[24, 20, 1, 19], [2, 6, 3, 5], [4, 9, 5, 10], [6, 12, 7, 11], [15, 9, 16, 8], [10, 3, 11, 4], [12, 18, 13, 17], [14, 21, 15, 22], [7, 17, 8, 16], [18, 24, 19, 23], [20, 2, 21, 1], [22, 13, 23, 14]]"
12n_0008_1,"[[22, 13, 23, 14], [24, 20, 1, 19], [2, 6, 3, 5], [4, 9, 5, 10], [6, 12, 7, 11], [15, 9, 16, 8], [10, 3, 11, 4], [12, 18, 13, 17], [14, 21, 15, 22], [7, 17, 8, 16], [18, 24, 19, 23], [20, 2, 21, 1]]"
12n_0008_2,"[[20, 2, 21, 1], [22, 13, 23, 14], [24, 20, 1, 19], [2, 6, 3, 5], [4, 9, 5, 10], [6, 12, 7, 11], [15, 9, 16, 8], [10, 3, 11, 4], [12, 18, 13, 17], [14, 21, 15, 22], [7, 17, 8, 16], [18, 24, 19, 23]]"
12n_0008_3,"[[18, 24, 19, 23], [20, 2, 21, 1], [22, 13, 23, 14], [24, 20, 1, 19], [2, 6, 3, 5], [4, 9, 5, 10], [6, 12, 7, 11], [15, 9, 16, 8], [10, 3, 11, 4], [12, 18, 13, 17], [14, 21, 15, 22], [7, 17, 8, 16]]"
12n_0008_4,"[[7, 17, 8, 16], [18, 24, 19, 23], [20, 2, 21, 1], [22, 13, 23, 14], [24, 20, 1, 19], [2, 6, 3, 5], [4, 9, 5, 10], [6, 12, 7, 11], [15, 9, 16, 8], [10, 3, 11, 4], [12, 18, 13, 17], [14, 21, 15, 22]]"
12n_0008_5,"[[14, 21, 15, 22], [7, 17, 8, 16], [18, 24, 19, 23], [20, 2, 21, 1], [22, 13, 23, 14], [24, 20, 1, 19], [2, 6, 3, 5], [4, 9, 5, 10], [6, 12, 7, 11], [15, 9, 16, 8], [10, 3, 11, 4], [12, 18, 13, 17]]"
12n_0008_6,"[[12, 18, 13, 17], [14, 21, 15, 22], [7, 17, 8, 16], [18, 24, 19, 23], [20, 2, 21, 1], [22, 13, 23, 14], [24, 20, 1, 19], [2, 6, 3, 5], [4, 9, 5, 10], [6, 12, 7, 11], [15, 9, 16, 8], [10, 3, 11, 4]]"
12n_0008_7,"[[10, 3, 11, 4], [12, 18, 13, 17], [14, 21, 15, 22], [7, 17, 8, 16], [18, 24, 19, 23], [20, 2, 21, 1], [22, 13, 23, 14], [24, 20, 1, 19], [2, 6, 3, 5], [4, 9, 5, 10], [6, 12, 7, 11], [15, 9, 16, 8]]"
12n_0008_8,"[[15, 9, 16, 8], [10, 3, 11, 4], [12, 18, 13, 17], [14, 21, 15, 22], [7, 17, 8, 16], [18, 24, 19, 23], [20, 2, 21, 1], [22, 13, 23, 14], [24, 20, 1, 19], [2, 6, 3, 5], [4, 9, 5, 10], [6, 12, 7, 11]]"
12n_0008_9,"[[6, 12, 7, 11], [15, 9, 16, 8], [10, 3, 11, 4], [12, 18, 13, 17], [14, 21, 15, 22], [7, 17, 8, 16], [18, 24, 19, 23], [20, 2, 21, 1], [22, 13, 23, 14], [24, 20, 1, 19], [2, 6, 3, 5], [4, 9, 5, 10]]"
12n_0008_10,"[[4, 9, 5, 10], [6, 12, 7, 11], [15, 9, 16, 8], [10, 3, 11, 4], [12, 18, 13, 17], [14, 21, 15, 22], [7, 17, 8, 16], [18, 24, 19, 23], [20, 2, 21, 1], [22, 13, 23, 14], [24, 20, 1, 19], [2, 6, 3, 5]]"
12n_0008_11,"[[2, 6, 3, 5], [4, 9, 5, 10], [6, 12, 7, 11], [15, 9, 16, 8], [10, 3, 11, 4], [12, 18, 13, 17], [14, 21, 15, 22], [7, 17, 8, 16], [18, 24, 19, 23], [20, 2, 21, 1], [22, 13, 23, 14], [24, 20, 1, 19]]"
12n_0008_12,"[[1, 21, 2, 20], [3, 7, 4, 6], [5, 10, 6, 11], [7, 13, 8, 12], [16, 10, 17, 9], [11, 4, 12, 5], [13, 19, 14, 18], [15, 22, 16, 23], [8, 18, 9, 17], [19, 1, 20, 24], [21, 3, 22, 2], [23, 14, 24, 15]]"
12n_0008_13,"[[23, 14, 24, 15], [1, 21, 2, 20], [3, 7, 4, 6], [5, 10, 6, 11], [7, 13, 8, 12], [16, 10, 17, 9], [11, 4, 12, 5], [13, 19, 14, 18], [15, 22, 16, 23], [8, 18, 9, 17], [19, 1, 20, 24], [21, 3, 22, 2]]"
12n_0008_14,"[[21, 3, 22, 2], [23, 14, 24, 15], [1, 21, 2, 20], [3, 7, 4, 6], [5, 10, 6, 11], [7, 13, 8, 12], [16, 10, 17, 9], [11, 4, 12, 5], [13, 19, 14, 18], [15, 22, 16, 23], [8, 18, 9, 17], [19, 1, 20, 24]]"
12n_0008_15,"[[19, 1, 20, 24], [21, 3, 22, 2], [23, 14, 24, 15], [1, 21, 2, 20], [3, 7, 4, 6], [5, 10, 6, 11], [7, 13, 8, 12], [16, 10, 17, 9], [11, 4, 12, 5], [13, 19, 14, 18], [15, 22, 16, 23], [8, 18, 9, 17]]"
12n_0008_16,"[[8, 18, 9, 17], [19, 1, 20, 24], [21, 3, 22, 2], [23, 14, 24, 15], [1, 21, 2, 20], [3, 7, 4, 6], [5, 10, 6, 11], [7, 13, 8, 12], [16, 10, 17, 9], [11, 4, 12, 5], [13, 19, 14, 18], [15, 22, 16, 23]]"
12n_0008_17,"[[15, 22, 16, 23], [8, 18, 9, 17], [19, 1, 20, 24], [21, 3, 22, 2], [23, 14, 24, 15], [1, 21, 2, 20], [3, 7, 4, 6], [5, 10, 6, 11], [7, 13, 8, 12], [16, 10, 17, 9], [11, 4, 12, 5], [13, 19, 14, 18]]"
12n_0008_18,"[[13, 19, 14, 18], [15, 22, 16, 23], [8, 18, 9, 17], [19, 1, 20, 24], [21, 3, 22, 2], [23, 14, 24, 15], [1, 21, 2, 20], [3, 7, 4, 6], [5, 10, 6, 11], [7, 13, 8, 12], [16, 10, 17, 9], [11, 4, 12, 5]]"
12n_0008_19,"[[11, 4, 12, 5], [13, 19, 14, 18], [15, 22, 16, 23], [8, 18, 9, 17], [19, 1, 20, 24], [21, 3, 22, 2], [23, 14, 24, 15], [1, 21, 2, 20], [3, 7, 4, 6], [5, 10, 6, 11], [7, 13, 8, 12], [16, 10, 17, 9]]"
12n_0008_20,"[[16, 10, 17, 9], [11, 4, 12, 5], [13, 19, 14, 18], [15, 22, 16, 23], [8, 18, 9, 17], [19, 1, 20, 24], [21, 3, 22, 2], [23, 14, 24, 15], [1, 21, 2, 20], [3, 7, 4, 6], [5, 10, 6, 11], [7, 13, 8, 12]]"
12n_0008_21,"[[7, 13, 8, 12], [16, 10, 17, 9], [11, 4, 12, 5], [13, 19, 14, 18], [15, 22, 16, 23], [8, 18, 9, 17], [19, 1, 20, 24], [21, 3, 22, 2], [23, 14, 24, 15], [1, 21, 2, 20], [3, 7, 4, 6], [5, 10, 6, 11]]"
12n_0008_22,"[[5, 10, 6, 11], [7, 13, 8, 12], [16, 10, 17, 9], [11, 4, 12, 5], [13, 19, 14, 18], [15, 22, 16, 23], [8, 18, 9, 17], [19, 1, 20, 24], [21, 3, 22, 2], [23, 14, 24, 15], [1, 21, 2, 20], [3, 7, 4, 6]]"
12n_0008_23,"[[3, 7, 4, 6], [5, 10, 6, 11], [7, 13, 8, 12], [16, 10, 17, 9], [11, 4, 12, 5], [13, 19, 14, 18], [15, 22, 16, 23], [8, 18, 9, 17], [19, 1, 20, 24], [21, 3, 22, 2], [23, 14, 24, 15], [1, 21, 2, 20]]"
12n_0008_24,"[[2, 22, 3, 21], [4, 8, 5, 7], [6, 11, 7, 12], [8, 14, 9, 13], [17, 11, 18, 10], [12, 5, 13, 6], [14, 20, 15, 19], [16, 23, 17, 24], [9, 19, 10, 18], [20, 2, 21, 1], [22, 4, 23, 3], [24, 15, 1, 16]]"
12n_0008_25,"[[24, 15, 1, 16], [2, 22, 3, 21], [4, 8, 5, 7], [6, 11, 7, 12], [8, 14, 9, 13], [17, 11, 18, 10], [12, 5, 13, 6], [14, 20, 15, 19], [16, 23, 17, 24], [9, 19, 10, 18], [20, 2, 21, 1], [22, 4, 23, 3]]"
12n_0008_26,"[[22, 4, 23, 3], [24, 15, 1, 16], [2, 22, 3, 21], [4, 8, 5, 7], [6, 11, 7, 12], [8, 14, 9, 13], [17, 11, 18, 10], [12, 5, 13, 6], [14, 20, 15, 19], [16, 23, 17, 24], [9, 19, 10, 18], [20, 2, 21, 1]]"
12n_0008_27,"[[20, 2, 21, 1], [22, 4, 23, 3], [24, 15, 1, 16], [2, 22, 3, 21], [4, 8, 5, 7], [6, 11, 7, 12], [8, 14, 9, 13], [17, 11, 18, 10], [12, 5, 13, 6], [14, 20, 15, 19], [16, 23, 17, 24], [9, 19, 10, 18]]"
12n_0008_28,"[[9, 19, 10, 18], [20, 2, 21, 1], [22, 4, 23, 3], [24, 15, 1, 16], [2, 22, 3, 21], [4, 8, 5, 7], [6, 11, 7, 12], [8, 14, 9, 13], [17, 11, 18, 10], [12, 5, 13, 6], [14, 20, 15, 19], [16, 23, 17, 24]]"
12n_0008_29,"[[16, 23, 17, 24], [9, 19, 10, 18], [20, 2, 21, 1], [22, 4, 23, 3], [24, 15, 1, 16], [2, 22, 3, 21], [4, 8, 5, 7], [6, 11, 7, 12], [8, 14, 9, 13], [17, 11, 18, 10], [12, 5, 13, 6], [14, 20, 15, 19]]"
12n_0008_30,"[[14, 20, 15, 19], [16, 23, 17, 24], [9, 19, 10, 18], [20, 2, 21, 1], [22, 4, 23, 3], [24, 15, 1, 16], [2, 22, 3, 21], [4, 8, 5, 7], [6, 11, 7, 12], [8, 14, 9, 13], [17, 11, 18, 10], [12, 5, 13, 6]]"
12n_0008_31,"[[12, 5, 13, 6], [14, 20, 15, 19], [16, 23, 17, 24], [9, 19, 10, 18], [20, 2, 21, 1], [22, 4, 23, 3], [24, 15, 1, 16], [2, 22, 3, 21], [4, 8, 5, 7], [6, 11, 7, 12], [8, 14, 9, 13], [17, 11, 18, 10]]"
12n_0008_32,"[[17, 11, 18, 10], [12, 5, 13, 6], [14, 20, 15, 19], [16, 23, 17, 24], [9, 19, 10, 18], [20, 2, 21, 1], [22, 4, 23, 3], [24, 15, 1, 16], [2, 22, 3, 21], [4, 8, 5, 7], [6, 11, 7, 12], [8, 14, 9, 13]]"
12n_0008_33,"[[8, 14, 9, 13], [17, 11, 18, 10], [12, 5, 13, 6], [14, 20, 15, 19], [16, 23, 17, 24], [9, 19, 10, 18], [20, 2, 21, 1], [22, 4, 23, 3], [24, 15, 1, 16], [2, 22, 3, 21], [4, 8, 5, 7], [6, 11, 7, 12]]"
12n_0008_34,"[[6, 11, 7, 12], [8, 14, 9, 13], [17, 11, 18, 10], [12, 5, 13, 6], [14, 20, 15, 19], [16, 23, 17, 24], [9, 19, 10, 18], [20, 2, 21, 1], [22, 4, 23, 3], [24, 15, 1, 16], [2, 22, 3, 21], [4, 8, 5, 7]]"
12n_0008_35,"[[4, 8, 5, 7], [6, 11, 7, 12], [8, 14, 9, 13], [17, 11, 18, 10], [12, 5, 13, 6], [14, 20, 15, 19], [16, 23, 17, 24], [9, 19, 10, 18], [20, 2, 21, 1], [22, 4, 23, 3], [24, 15, 1, 16], [2, 22, 3, 21]]"
12n_0008_36,"[[3, 23, 4, 22], [5, 9, 6, 8], [7, 12, 8, 13], [9, 15, 10, 14], [18, 12, 19, 11], [13, 6, 14, 7], [15, 21, 16, 20], [17, 24, 18, 1], [10, 20, 11, 19], [21, 3, 22, 2], [23, 5, 24, 4], [1, 16, 2, 17]]"
12n_0008_37,"[[1, 16, 2, 17], [3, 23, 4, 22], [5, 9, 6, 8], [7, 12, 8, 13], [9, 15, 10, 14], [18, 12, 19, 11], [13, 6, 14, 7], [15, 21, 16, 20], [17, 24, 18, 1], [10, 20, 11, 19], [21, 3, 22, 2], [23, 5, 24, 4]]"
12n_0008_38,"[[23, 5, 24, 4], [1, 16, 2, 17], [3, 23, 4, 22], [5, 9, 6, 8], [7, 12, 8, 13], [9, 15, 10, 14], [18, 12, 19, 11], [13, 6, 14, 7], [15, 21, 16, 20], [17, 24, 18, 1], [10, 20, 11, 19], [21, 3, 22, 2]]"
12n_0008_39,"[[21, 3, 22, 2], [23, 5, 24, 4], [1, 16, 2, 17], [3, 23, 4, 22], [5, 9, 6, 8], [7, 12, 8, 13], [9, 15, 10, 14], [18, 12, 19, 11], [13, 6, 14, 7], [15, 21, 16, 20], [17, 24, 18, 1], [10, 20, 11, 19]]"
12n_0008_40,"[[10, 20, 11, 19], [21, 3, 22, 2], [23, 5, 24, 4], [1, 16, 2, 17], [3, 23, 4, 22], [5, 9, 6, 8], [7, 12, 8, 13], [9, 15, 10, 14], [18, 12, 19, 11], [13, 6, 14, 7], [15, 21, 16, 20], [17, 24, 18, 1]]"
12n_0008_41,"[[17, 24, 18, 1], [10, 20, 11, 19], [21, 3, 22, 2], [23, 5, 24, 4], [1, 16, 2, 17], [3, 23, 4, 22], [5, 9, 6, 8], [7, 12, 8, 13], [9, 15, 10, 14], [18, 12, 19, 11], [13, 6, 14, 7], [15, 21, 16, 20]]"
12n_0008_42,"[[15, 21, 16, 20], [17, 24, 18, 1], [10, 20, 11, 19], [21, 3, 22, 2], [23, 5, 24, 4], [1, 16, 2, 17], [3, 23, 4, 22], [5, 9, 6, 8], [7, 12, 8, 13], [9, 15, 10, 14], [18, 12, 19, 11], [13, 6, 14, 7]]"
12n_0008_43,"[[13, 6, 14, 7], [15, 21, 16, 20], [17, 24, 18, 1], [10, 20, 11, 19], [21, 3, 22, 2], [23, 5, 24, 4], [1, 16, 2, 17], [3, 23, 4, 22], [5, 9, 6, 8], [7, 12, 8, 13], [9, 15, 10, 14], [18, 12, 19, 11]]"
12n_0008_44,"[[18, 12, 19, 11], [13, 6, 14, 7], [15, 21, 16, 20], [17, 24, 18, 1], [10, 20, 11, 19], [21, 3, 22, 2], [23, 5, 24, 4], [1, 16, 2, 17], [3, 23, 4, 22], [5, 9, 6, 8], [7, 12, 8, 13], [9, 15, 10, 14]]"
12n_0008_45,"[[9, 15, 10, 14], [18, 12, 19, 11], [13, 6, 14, 7], [15, 21, 16, 20], [17, 24, 18, 1], [10, 20, 11, 19], [21, 3, 22, 2], [23, 5, 24, 4], [1, 16, 2, 17], [3, 23, 4, 22], [5, 9, 6, 8], [7, 12, 8, 13]]"
12n_0008_46,"[[7, 12, 8, 13], [9, 15, 10, 14], [18, 12, 19, 11], [13, 6, 14, 7], [15, 21, 16, 20], [17, 24, 18, 1], [10, 20, 11, 19], [21, 3, 22, 2], [23, 5, 24, 4], [1, 16, 2, 17], [3, 23, 4, 22], [5, 9, 6, 8]]"
12n_0008_47,"[[5, 9, 6, 8], [7, 12, 8, 13], [9, 15, 10, 14], [18, 12, 19, 11], [13, 6, 14, 7], [15, 21, 16, 20], [17, 24, 18, 1], [10, 20, 11, 19], [21, 3, 22, 2], [23, 5, 24, 4], [1, 16, 2, 17], [3, 23, 4, 22]]"
12n_0008_48,"[[4, 24, 5, 23], [6, 10, 7, 9], [8, 13, 9, 14], [10, 16, 11, 15], [19, 13, 20, 12], [14, 7, 15, 8], [16, 22, 17, 21], [18, 1, 19, 2], [11, 21, 12, 20], [22, 4, 23, 3], [24, 6, 1, 5], [2, 17, 3, 18]]"
12n_0008_49,"[[2, 17, 3, 18], [4, 24, 5, 23], [6, 10, 7, 9], [8, 13, 9, 14], [10, 16, 11, 15], [19, 13, 20, 12], [14, 7, 15, 8], [16, 22, 17, 21], [18, 1, 19, 2], [11, 21, 12, 20], [22, 4, 23, 3], [24, 6, 1, 5]]"
12n_0008_50,"[[24, 6, 1, 5], [2, 17, 3, 18], [4, 24, 5, 23], [6, 10, 7, 9], [8, 13, 9, 14], [10, 16, 11, 15], [19, 13, 20, 12], [14, 7, 15, 8], [16, 22, 17, 21], [18, 1, 19, 2], [11, 21, 12, 20], [22, 4, 23, 3]]"
12n_0008_51,"[[22, 4, 23, 3], [24, 6, 1, 5], [2, 17, 3, 18], [4, 24, 5, 23], [6, 10, 7, 9], [8, 13, 9, 14], [10, 16, 11, 15], [19, 13, 20, 12], [14, 7, 15, 8], [16, 22, 17, 21], [18, 1, 19, 2], [11, 21, 12, 20]]"
12n_0008_52,"[[11, 21, 12, 20], [22, 4, 23, 3], [24, 6, 1, 5], [2, 17, 3, 18], [4, 24, 5, 23], [6, 10, 7, 9], [8, 13, 9, 14], [10, 16, 11, 15], [19, 13, 20, 12], [14, 7, 15, 8], [16, 22, 17, 21], [18, 1, 19, 2]]"
12n_0008_53,"[[18, 1, 19, 2], [11, 21, 12, 20], [22, 4, 23, 3], [24, 6, 1, 5], [2, 17, 3, 18], [4, 24, 5, 23], [6, 10, 7, 9], [8, 13, 9, 14], [10, 16, 11, 15], [19, 13, 20, 12], [14, 7, 15, 8], [16, 22, 17, 21]]"
12n_0008_54,"[[16, 22, 17, 21], [18, 1, 19, 2], [11, 21, 12, 20], [22, 4, 23, 3], [24, 6, 1, 5], [2, 17, 3, 18], [4, 24, 5, 23], [6, 10, 7, 9], [8, 13, 9, 14], [10, 16, 11, 15], [19, 13, 20, 12], [14, 7, 15, 8]]"
12n_0008_55,"[[14, 7, 15, 8], [16, 22, 17, 21], [18, 1, 19, 2], [11, 21, 12, 20], [22, 4, 23, 3], [24, 6, 1, 5], [2, 17, 3, 18], [4, 24, 5, 23], [6, 10, 7, 9], [8, 13, 9, 14], [10, 16, 11, 15], [19, 13, 20, 12]]"
12n_0008_56,"[[19, 13, 20, 12], [14, 7, 15, 8], [16, 22, 17, 21], [18, 1, 19, 2], [11, 21, 12, 20], [22, 4, 23, 3], [24, 6, 1, 5], [2, 17, 3, 18], [4, 24, 5, 23], [6, 10, 7, 9], [8, 13, 9, 14], [10, 16, 11, 15]]"
12n_0008_57,"[[10, 16, 11, 15], [19, 13, 20, 12], [14, 7, 15, 8], [16, 22, 17, 21], [18, 1, 19, 2], [11, 21, 12, 20], [22, 4, 23, 3], [24, 6, 1, 5], [2, 17, 3, 18], [4, 24, 5, 23], [6, 10, 7, 9], [8, 13, 9, 14]]"
12n_0008_58,"[[8, 13, 9, 14], [10, 16, 11, 15], [19, 13, 20, 12], [14, 7, 15, 8], [16, 22, 17, 21], [18, 1, 19, 2], [11, 21, 12, 20], [22, 4, 23, 3], [24, 6, 1, 5], [2, 17, 3, 18], [4, 24, 5, 23], [6, 10, 7, 9]]"
12n_0008_59,"[[6, 10, 7, 9], [8, 13, 9, 14], [10, 16, 11, 15], [19, 13, 20, 12], [14, 7, 15, 8], [16, 22, 17, 21], [18, 1, 19, 2], [11, 21, 12, 20], [22, 4, 23, 3], [24, 6, 1, 5], [2, 17, 3, 18], [4, 24, 5, 23]]"
12n_0008_60,"[[5, 1, 6, 24], [7, 11, 8, 10], [9, 14, 10, 15], [11, 17, 12, 16], [20, 14, 21, 13], [15, 8, 16, 9], [17, 23, 18, 22], [19, 2, 20, 3], [12, 22, 13, 21], [23, 5, 24, 4], [1, 7, 2, 6], [3, 18, 4, 19]]"
12n_0008_61,"[[3, 18, 4, 19], [5, 1, 6, 24], [7, 11, 8, 10], [9, 14, 10, 15], [11, 17, 12, 16], [20, 14, 21, 13], [15, 8, 16, 9], [17, 23, 18, 22], [19, 2, 20, 3], [12, 22, 13, 21], [23, 5, 24, 4], [1, 7, 2, 6]]"
12n_0008_62,"[[1, 7, 2, 6], [3, 18, 4, 19], [5, 1, 6, 24], [7, 11, 8, 10], [9, 14, 10, 15], [11, 17, 12, 16], [20, 14, 21, 13], [15, 8, 16, 9], [17, 23, 18, 22], [19, 2, 20, 3], [12, 22, 13, 21], [23, 5, 24, 4]]"
12n_0008_63,"[[23, 5, 24, 4], [1, 7, 2, 6], [3, 18, 4, 19], [5, 1, 6, 24], [7, 11, 8, 10], [9, 14, 10, 15], [11, 17, 12, 16], [20, 14, 21, 13], [15, 8, 16, 9], [17, 23, 18, 22], [19, 2, 20, 3], [12, 22, 13, 21]]"
12n_0008_64,"[[12, 22, 13, 21], [23, 5, 24, 4], [1, 7, 2, 6], [3, 18, 4, 19], [5, 1, 6, 24], [7, 11, 8, 10], [9, 14, 10, 15], [11, 17, 12, 16], [20, 14, 21, 13], [15, 8, 16, 9], [17, 23, 18, 22], [19, 2, 20, 3]]"
12n_0008_65,"[[19, 2, 20, 3], [12, 22, 13, 21], [23, 5, 24, 4], [1, 7, 2, 6], [3, 18, 4, 19], [5, 1, 6, 24], [7, 11, 8, 10], [9, 14, 10, 15], [11, 17, 12, 16], [20, 14, 21, 13], [15, 8, 16, 9], [17, 23, 18, 22]]"
12n_0008_66,"[[17, 23, 18, 22], [19, 2, 20, 3], [12, 22, 13, 21], [23, 5, 24, 4], [1, 7, 2, 6], [3, 18, 4, 19], [5, 1, 6, 24], [7, 11, 8, 10], [9, 14, 10, 15], [11, 17, 12, 16], [20, 14, 21, 13], [15, 8, 16, 9]]"
12n_0008_67,"[[15, 8, 16, 9], [17, 23, 18, 22], [19, 2, 20, 3], [12, 22, 13, 21], [23, 5, 24, 4], [1, 7, 2, 6], [3, 18, 4, 19], [5, 1, 6, 24], [7, 11, 8, 10], [9, 14, 10, 15], [11, 17, 12, 16], [20, 14, 21, 13]]"
12n_0008_68,"[[20, 14, 21, 13], [15, 8, 16, 9], [17, 23, 18, 22], [19, 2, 20, 3], [12, 22, 13, 21], [23, 5, 24, 4], [1, 7, 2, 6], [3, 18, 4, 19], [5, 1, 6, 24], [7, 11, 8, 10], [9, 14, 10, 15], [11, 17, 12, 16]]"
12n_0008_69,"[[11, 17, 12, 16], [20, 14, 21, 13], [15, 8, 16, 9], [17, 23, 18, 22], [19, 2, 20, 3], [12, 22, 13, 21], [23, 5, 24, 4], [1, 7, 2, 6], [3, 18, 4, 19], [5, 1, 6, 24], [7, 11, 8, 10], [9, 14, 10, 15]]"
12n_0008_70,"[[9, 14, 10, 15], [11, 17, 12, 16], [20, 14, 21, 13], [15, 8, 16, 9], [17, 23, 18, 22], [19, 2, 20, 3], [12, 22, 13, 21], [23, 5, 24, 4], [1, 7, 2, 6], [3, 18, 4, 19], [5, 1, 6, 24], [7, 11, 8, 10]]"
12n_0008_71,"[[7, 11, 8, 10], [9, 14, 10, 15], [11, 17, 12, 16], [20, 14, 21, 13], [15, 8, 16, 9], [17, 23, 18, 22], [19, 2, 20, 3], [12, 22, 13, 21], [23, 5, 24, 4], [1, 7, 2, 6], [3, 18, 4, 19], [5, 1, 6, 24]]"
12n_0008_72,"[[6, 2, 7, 1], [8, 12, 9, 11], [10, 15, 11, 16], [12, 18, 13, 17], [21, 15, 22, 14], [16, 9, 17, 10], [18, 24, 19, 23], [20, 3, 21, 4], [13, 23, 14, 22], [24, 6, 1, 5], [2, 8, 3, 7], [4, 19, 5, 20]]"
12n_0008_73,"[[4, 19, 5, 20], [6, 2, 7, 1], [8, 12, 9, 11], [10, 15, 11, 16], [12, 18, 13, 17], [21, 15, 22, 14], [16, 9, 17, 10], [18, 24, 19, 23], [20, 3, 21, 4], [13, 23, 14, 22], [24, 6, 1, 5], [2, 8, 3, 7]]"
12n_0008_74,"[[2, 8, 3, 7], [4, 19, 5, 20], [6, 2, 7, 1], [8, 12, 9, 11], [10, 15, 11, 16], [12, 18, 13, 17], [21, 15, 22, 14], [16, 9, 17, 10], [18, 24, 19, 23], [20, 3, 21, 4], [13, 23, 14, 22], [24, 6, 1, 5]]"
12n_0008_75,"[[24, 6, 1, 5], [2, 8, 3, 7], [4, 19, 5, 20], [6, 2, 7, 1], [8, 12, 9, 11], [10, 15, 11, 16], [12, 18, 13, 17], [21, 15, 22, 14], [16, 9, 17, 10], [18, 24, 19, 23], [20, 3, 21, 4], [13, 23, 14, 22]]"
12n_0008_76,"[[13, 23, 14, 22], [24, 6, 1, 5], [2, 8, 3, 7], [4, 19, 5, 20], [6, 2, 7, 1], [8, 12, 9, 11], [10, 15, 11, 16], [12, 18, 13, 17], [21, 15, 22, 14], [16, 9, 17, 10], [18, 24, 19, 23], [20, 3, 21, 4]]"
12n_0008_77,"[[20, 3, 21, 4], [13, 23, 14, 22], [24, 6, 1, 5], [2, 8, 3, 7], [4, 19, 5, 20], [6, 2, 7, 1], [8, 12, 9, 11], [10, 15, 11, 16], [12, 18, 13, 17], [21, 15, 22, 14], [16, 9, 17, 10], [18, 24, 19, 23]]"
12n_0008_78,"[[18, 24, 19, 23], [20, 3, 21, 4], [13, 23, 14, 22], [24, 6, 1, 5], [2, 8, 3, 7], [4, 19, 5, 20], [6, 2, 7, 1], [8, 12, 9, 11], [10, 15, 11, 16], [12, 18, 13, 17], [21, 15, 22, 14], [16, 9, 17, 10]]"
12n_0008_79,"[[16, 9, 17, 10], [18, 24, 19, 23], [20, 3, 21, 4], [13, 23, 14, 22], [24, 6, 1, 5], [2, 8, 3, 7], [4, 19, 5, 20], [6, 2, 7, 1], [8, 12, 9, 11], [10, 15, 11, 16], [12, 18, 13, 17], [21, 15, 22, 14]]"
12n_0008_80,"[[21, 15, 22, 14], [16, 9, 17, 10], [18, 24, 19, 23], [20, 3, 21, 4], [13, 23, 14, 22], [24, 6, 1, 5], [2, 8, 3, 7], [4, 19, 5, 20], [6, 2, 7, 1], [8, 12, 9, 11], [10, 15, 11, 16], [12, 18, 13, 17]]"
12n_0008_81,"[[12, 18, 13, 17], [21, 15, 22, 14], [16, 9, 17, 10], [18, 24, 19, 23], [20, 3, 21, 4], [13, 23, 14, 22], [24, 6, 1, 5], [2, 8, 3, 7], [4, 19, 5, 20], [6, 2, 7, 1], [8, 12, 9, 11], [10, 15, 11, 16]]"
12n_0008_82,"[[10, 15, 11, 16], [12, 18, 13, 17], [21, 15, 22, 14], [16, 9, 17, 10], [18, 24, 19, 23], [20, 3, 21, 4], [13, 23, 14, 22], [24, 6, 1, 5], [2, 8, 3, 7], [4, 19, 5, 20], [6, 2, 7, 1], [8, 12, 9, 11]]"
12n_0008_83,"[[8, 12, 9, 11], [10, 15, 11, 16], [12, 18, 13, 17], [21, 15, 22, 14], [16, 9, 17, 10], [18, 24, 19, 23], [20, 3, 21, 4], [13, 23, 14, 22], [24, 6, 1, 5], [2, 8, 3, 7], [4, 19, 5, 20], [6, 2, 7, 1]]"
12n_0008_84,"[[7, 3, 8, 2], [9, 13, 10, 12], [11, 16, 12, 17], [13, 19, 14, 18], [22, 16, 23, 15], [17, 10, 18, 11], [19, 1, 20, 24], [21, 4, 22, 5], [14, 24, 15, 23], [1, 7, 2, 6], [3, 9, 4, 8], [5, 20, 6, 21]]"
12n_0008_85,"[[5, 20, 6, 21], [7, 3, 8, 2], [9, 13, 10, 12], [11, 16, 12, 17], [13, 19, 14, 18], [22, 16, 23, 15], [17, 10, 18, 11], [19, 1, 20, 24], [21, 4, 22, 5], [14, 24, 15, 23], [1, 7, 2, 6], [3, 9, 4, 8]]"
12n_0008_86,"[[3, 9, 4, 8], [5, 20, 6, 21], [7, 3, 8, 2], [9, 13, 10, 12], [11, 16, 12, 17], [13, 19, 14, 18], [22, 16, 23, 15], [17, 10, 18, 11], [19, 1, 20, 24], [21, 4, 22, 5], [14, 24, 15, 23], [1, 7, 2, 6]]"
12n_0008_87,"[[1, 7, 2, 6], [3, 9, 4, 8], [5, 20, 6, 21], [7, 3, 8, 2], [9, 13, 10, 12], [11, 16, 12, 17], [13, 19, 14, 18], [22, 16, 23, 15], [17, 10, 18, 11], [19, 1, 20, 24], [21, 4, 22, 5], [14, 24, 15, 23]]"
12n_0008_88,"[[14, 24, 15, 23], [1, 7, 2, 6], [3, 9, 4, 8], [5, 20, 6, 21], [7, 3, 8, 2], [9, 13, 10, 12], [11, 16, 12, 17], [13, 19, 14, 18], [22, 16, 23, 15], [17, 10, 18, 11], [19, 1, 20, 24], [21, 4, 22, 5]]"
12n_0008_89,"[[21, 4, 22, 5], [14, 24, 15, 23], [1, 7, 2, 6], [3, 9, 4, 8], [5, 20, 6, 21], [7, 3, 8, 2], [9, 13, 10, 12], [11, 16, 12, 17], [13, 19, 14, 18], [22, 16, 23, 15], [17, 10, 18, 11], [19, 1, 20, 24]]"
12n_0008_90,"[[19, 1, 20, 24], [21, 4, 22, 5], [14, 24, 15, 23], [1, 7, 2, 6], [3, 9, 4, 8], [5, 20, 6, 21], [7, 3, 8, 2], [9, 13, 10, 12], [11, 16, 12, 17], [13, 19, 14, 18], [22, 16, 23, 15], [17, 10, 18, 11]]"
12n_0008_91,"[[17, 10, 18, 11], [19, 1, 20, 24], [21, 4, 22, 5], [14, 24, 15, 23], [1, 7, 2, 6], [3, 9, 4, 8], [5, 20, 6, 21], [7, 3, 8, 2], [9, 13, 10, 12], [11, 16, 12, 17], [13, 19, 14, 18], [22, 16, 23, 15]]"
12n_0008_92,"[[22, 16, 23, 15], [17, 10, 18, 11], [19, 1, 20, 24], [21, 4, 22, 5], [14, 24, 15, 23], [1, 7, 2, 6], [3, 9, 4, 8], [5, 20, 6, 21], [7, 3, 8, 2], [9, 13, 10, 12], [11, 16, 12, 17], [13, 19, 14, 18]]"
12n_0008_93,"[[13, 19, 14, 18], [22, 16, 23, 15], [17, 10, 18, 11], [19, 1, 20, 24], [21, 4, 22, 5], [14, 24, 15, 23], [1, 7, 2, 6], [3, 9, 4, 8], [5, 20, 6, 21], [7, 3, 8, 2], [9, 13, 10, 12], [11, 16, 12, 17]]"
12n_0008_94,"[[11, 16, 12, 17], [13, 19, 14, 18], [22, 16, 23, 15], [17, 10, 18, 11], [19, 1, 20, 24], [21, 4, 22, 5], [14, 24, 15, 23], [1, 7, 2, 6], [3, 9, 4, 8], [5, 20, 6, 21], [7, 3, 8, 2], [9, 13, 10, 12]]"
12n_0008_95,"[[9, 13, 10, 12], [11, 16, 12, 17], [13, 19, 14, 18], [22, 16, 23, 15], [17, 10, 18, 11], [19, 1, 20, 24], [21, 4, 22, 5], [14, 24, 15, 23], [1, 7, 2, 6], [3, 9, 4, 8], [5, 20, 6, 21], [7, 3, 8, 2]]"
12n_0008_96,"[[8, 4, 9, 3], [10, 14, 11, 13], [12, 17, 13, 18], [14, 20, 15, 19], [23, 17, 24, 16], [18, 11, 19, 12], [20, 2, 21, 1], [22, 5, 23, 6], [15, 1, 16, 24], [2, 8, 3, 7], [4, 10, 5, 9], [6, 21, 7, 22]]"
12n_0008_97,"[[6, 21, 7, 22], [8, 4, 9, 3], [10, 14, 11, 13], [12, 17, 13, 18], [14, 20, 15, 19], [23, 17, 24, 16], [18, 11, 19, 12], [20, 2, 21, 1], [22, 5, 23, 6], [15, 1, 16, 24], [2, 8, 3, 7], [4, 10, 5, 9]]"
12n_0008_98,"[[4, 10, 5, 9], [6, 21, 7, 22], [8, 4, 9, 3], [10, 14, 11, 13], [12, 17, 13, 18], [14, 20, 15, 19], [23, 17, 24, 16], [18, 11, 19, 12], [20, 2, 21, 1], [22, 5, 23, 6], [15, 1, 16, 24], [2, 8, 3, 7]]"
12n_0008_99,"[[2, 8, 3, 7], [4, 10, 5, 9], [6, 21, 7, 22], [8, 4, 9, 3], [10, 14, 11, 13], [12, 17, 13, 18], [14, 20, 15, 19], [23, 17, 24, 16], [18, 11, 19, 12], [20, 2, 21, 1], [22, 5, 23, 6], [15, 1, 16, 24]]"
12n_0008_100,"[[15, 1, 16, 24], [2, 8, 3, 7], [4, 10, 5, 9], [6, 21, 7, 22], [8, 4, 9, 3], [10, 14, 11, 13], [12, 17, 13, 18], [14, 20, 15, 19], [23, 17, 24, 16], [18, 11, 19, 12], [20, 2, 21, 1], [22, 5, 23, 6]]"
12n_0008_101,"[[22, 5, 23, 6], [15, 1, 16, 24], [2, 8, 3, 7], [4, 10, 5, 9], [6, 21, 7, 22], [8, 4, 9, 3], [10, 14, 11, 13], [12, 17, 13, 18], [14, 20, 15, 19], [23, 17, 24, 16], [18, 11, 19, 12], [20, 2, 21, 1]]"
12n_0008_102,"[[20, 2, 21, 1], [22, 5, 23, 6], [15, 1, 16, 24], [2, 8, 3, 7], [4, 10, 5, 9], [6, 21, 7, 22], [8, 4, 9, 3], [10, 14, 11, 13], [12, 17, 13, 18], [14, 20, 15, 19], [23, 17, 24, 16], [18, 11, 19, 12]]"
12n_0008_103,"[[18, 11, 19, 12], [20, 2, 21, 1], [22, 5, 23, 6], [15, 1, 16, 24], [2, 8, 3, 7], [4, 10, 5, 9], [6, 21, 7, 22], [8, 4, 9, 3], [10, 14, 11, 13], [12, 17, 13, 18], [14, 20, 15, 19], [23, 17, 24, 16]]"
12n_0008_104,"[[23, 17, 24, 16], [18, 11, 19, 12], [20, 2, 21, 1], [22, 5, 23, 6], [15, 1, 16, 24], [2, 8, 3, 7], [4, 10, 5, 9], [6, 21, 7, 22], [8, 4, 9, 3], [10, 14, 11, 13], [12, 17, 13, 18], [14, 20, 15, 19]]"
12n_0008_105,"[[14, 20, 15, 19], [23, 17, 24, 16], [18, 11, 19, 12], [20, 2, 21, 1], [22, 5, 23, 6], [15, 1, 16, 24], [2, 8, 3, 7], [4, 10, 5, 9], [6, 21, 7, 22], [8, 4, 9, 3], [10, 14, 11, 13], [12, 17, 13, 18]]"
12n_0008_106,"[[12, 17, 13, 18], [14, 20, 15, 19], [23, 17, 24, 16], [18, 11, 19, 12], [20, 2, 21, 1], [22, 5, 23, 6], [15, 1, 16, 24], [2, 8, 3, 7], [4, 10, 5, 9], [6, 21, 7, 22], [8, 4, 9, 3], [10, 14, 11, 13]]"
12n_0008_107,"[[10, 14, 11, 13], [12, 17, 13, 18], [14, 20, 15, 19], [23, 17, 24, 16], [18, 11, 19, 12], [20, 2, 21, 1], [22, 5, 23, 6], [15, 1, 16, 24], [2, 8, 3, 7], [4, 10, 5, 9], [6, 21, 7, 22], [8, 4, 9, 3]]"
12n_0008_108,"[[9, 5, 10, 4], [11, 15, 12, 14], [13, 18, 14, 19], [15, 21, 16, 20], [24, 18, 1, 17], [19, 12, 20, 13], [21, 3, 22, 2], [23, 6, 24, 7], [16, 2, 17, 1], [3, 9, 4, 8], [5, 11, 6, 10], [7, 22, 8, 23]]"
12n_0008_109,"[[7, 22, 8, 23], [9, 5, 10, 4], [11, 15, 12, 14], [13, 18, 14, 19], [15, 21, 16, 20], [24, 18, 1, 17], [19, 12, 20, 13], [21, 3, 22, 2], [23, 6, 24, 7], [16, 2, 17, 1], [3, 9, 4, 8], [5, 11, 6, 10]]"
12n_0008_110,"[[5, 11, 6, 10], [7, 22, 8, 23], [9, 5, 10, 4], [11, 15, 12, 14], [13, 18, 14, 19], [15, 21, 16, 20], [24, 18, 1, 17], [19, 12, 20, 13], [21, 3, 22, 2], [23, 6, 24, 7], [16, 2, 17, 1], [3, 9, 4, 8]]"
12n_0008_111,"[[3, 9, 4, 8], [5, 11, 6, 10], [7, 22, 8, 23], [9, 5, 10, 4], [11, 15, 12, 14], [13, 18, 14, 19], [15, 21, 16, 20], [24, 18, 1, 17], [19, 12, 20, 13], [21, 3, 22, 2], [23, 6, 24, 7], [16, 2, 17, 1]]"
12n_0008_112,"[[16, 2, 17, 1], [3, 9, 4, 8], [5, 11, 6, 10], [7, 22, 8, 23], [9, 5, 10, 4], [11, 15, 12, 14], [13, 18, 14, 19], [15, 21, 16, 20], [24, 18, 1, 17], [19, 12, 20, 13], [21, 3, 22, 2], [23, 6, 24, 7]]"
12n_0008_113,"[[23, 6, 24, 7], [16, 2, 17, 1], [3, 9, 4, 8], [5, 11, 6, 10], [7, 22, 8, 23], [9, 5, 10, 4], [11, 15, 12, 14], [13, 18, 14, 19], [15, 21, 16, 20], [24, 18, 1, 17], [19, 12, 20, 13], [21, 3, 22, 2]]"
12n_0008_114,"[[21, 3, 22, 2], [23, 6, 24, 7], [16, 2, 17, 1], [3, 9, 4, 8], [5, 11, 6, 10], [7, 22, 8, 23], [9, 5, 10, 4], [11, 15, 12, 14], [13, 18, 14, 19], [15, 21, 16, 20], [24, 18, 1, 17], [19, 12, 20, 13]]"
12n_0008_115,"[[19, 12, 20, 13], [21, 3, 22, 2], [23, 6, 24, 7], [16, 2, 17, 1], [3, 9, 4, 8], [5, 11, 6, 10], [7, 22, 8, 23], [9, 5, 10, 4], [11, 15, 12, 14], [13, 18, 14, 19], [15, 21, 16, 20], [24, 18, 1, 17]]"
12n_0008_116,"[[24, 18, 1, 17], [19, 12, 20, 13], [21, 3, 22, 2], [23, 6, 24, 7], [16, 2, 17, 1], [3, 9, 4, 8], [5, 11, 6, 10], [7, 22, 8, 23], [9, 5, 10, 4], [11, 15, 12, 14], [13, 18, 14, 19], [15, 21, 16, 20]]"
12n_0008_117,"[[15, 21, 16, 20], [24, 18, 1, 17], [19, 12, 20, 13], [21, 3, 22, 2], [23, 6, 24, 7], [16, 2, 17, 1], [3, 9, 4, 8], [5, 11, 6, 10], [7, 22, 8, 23], [9, 5, 10, 4], [11, 15, 12, 14], [13, 18, 14, 19]]"
12n_0008_118,"[[13, 18, 14, 19], [15, 21, 16, 20], [24, 18, 1, 17], [19, 12, 20, 13], [21, 3, 22, 2], [23, 6, 24, 7], [16, 2, 17, 1], [3, 9, 4, 8], [5, 11, 6, 10], [7, 22, 8, 23], [9, 5, 10, 4], [11, 15, 12, 14]]"
12n_0008_119,"[[11, 15, 12, 14], [13, 18, 14, 19], [15, 21, 16, 20], [24, 18, 1, 17], [19, 12, 20, 13], [21, 3, 22, 2], [23, 6, 24, 7], [16, 2, 17, 1], [3, 9, 4, 8], [5, 11, 6, 10], [7, 22, 8, 23], [9, 5, 10, 4]]"
12n_0008_120,"[[10, 6, 11, 5], [12, 16, 13, 15], [14, 19, 15, 20], [16, 22, 17, 21], [1, 19, 2, 18], [20, 13, 21, 14], [22, 4, 23, 3], [24, 7, 1, 8], [17, 3, 18, 2], [4, 10, 5, 9], [6, 12, 7, 11], [8, 23, 9, 24]]"
12n_0008_121,"[[8, 23, 9, 24], [10, 6, 11, 5], [12, 16, 13, 15], [14, 19, 15, 20], [16, 22, 17, 21], [1, 19, 2, 18], [20, 13, 21, 14], [22, 4, 23, 3], [24, 7, 1, 8], [17, 3, 18, 2], [4, 10, 5, 9], [6, 12, 7, 11]]"
12n_0008_122,"[[6, 12, 7, 11], [8, 23, 9, 24], [10, 6, 11, 5], [12, 16, 13, 15], [14, 19, 15, 20], [16, 22, 17, 21], [1, 19, 2, 18], [20, 13, 21, 14], [22, 4, 23, 3], [24, 7, 1, 8], [17, 3, 18, 2], [4, 10, 5, 9]]"
12n_0008_123,"[[4, 10, 5, 9], [6, 12, 7, 11], [8, 23, 9, 24], [10, 6, 11, 5], [12, 16, 13, 15], [14, 19, 15, 20], [16, 22, 17, 21], [1, 19, 2, 18], [20, 13, 21, 14], [22, 4, 23, 3], [24, 7, 1, 8], [17, 3, 18, 2]]"
12n_0008_124,"[[17, 3, 18, 2], [4, 10, 5, 9], [6, 12, 7, 11], [8, 23, 9, 24], [10, 6, 11, 5], [12, 16, 13, 15], [14, 19, 15, 20], [16, 22, 17, 21], [1, 19, 2, 18], [20, 13, 21, 14], [22, 4, 23, 3], [24, 7, 1, 8]]"
12n_0008_125,"[[24, 7, 1, 8], [17, 3, 18, 2], [4, 10, 5, 9], [6, 12, 7, 11], [8, 23, 9, 24], [10, 6, 11, 5], [12, 16, 13, 15], [14, 19, 15, 20], [16, 22, 17, 21], [1, 19, 2, 18], [20, 13, 21, 14], [22, 4, 23, 3]]"
12n_0008_126,"[[22, 4, 23, 3], [24, 7, 1, 8], [17, 3, 18, 2], [4, 10, 5, 9], [6, 12, 7, 11], [8, 23, 9, 24], [10, 6, 11, 5], [12, 16, 13, 15], [14, 19, 15, 20], [16, 22, 17, 21], [1, 19, 2, 18], [20, 13, 21, 14]]"
12n_0008_127,"[[20, 13, 21, 14], [22, 4, 23, 3], [24, 7, 1, 8], [17, 3, 18, 2], [4, 10, 5, 9], [6, 12, 7, 11], [8, 23, 9, 24], [10, 6, 11, 5], [12, 16, 13, 15], [14, 19, 15, 20], [16, 22, 17, 21], [1, 19, 2, 18]]"
12n_0008_128,"[[1, 19, 2, 18], [20, 13, 21, 14], [22, 4, 23, 3], [24, 7, 1, 8], [17, 3, 18, 2], [4, 10, 5, 9], [6, 12, 7, 11], [8, 23, 9, 24], [10, 6, 11, 5], [12, 16, 13, 15], [14, 19, 15, 20], [16, 22, 17, 21]]"
12n_0008_129,"[[16, 22, 17, 21], [1, 19, 2, 18], [20, 13, 21, 14], [22, 4, 23, 3], [24, 7, 1, 8], [17, 3, 18, 2], [4, 10, 5, 9], [6, 12, 7, 11], [8, 23, 9, 24], [10, 6, 11, 5], [12, 16, 13, 15], [14, 19, 15, 20]]"
12n_0008_130,"[[14, 19, 15, 20], [16, 22, 17, 21], [1, 19, 2, 18], [20, 13, 21, 14], [22, 4, 23, 3], [24, 7, 1, 8], [17, 3, 18, 2], [4, 10, 5, 9], [6, 12, 7, 11], [8, 23, 9, 24], [10, 6, 11, 5], [12, 16, 13, 15]]"
12n_0008_131,"[[12, 16, 13, 15], [14, 19, 15, 20], [16, 22, 17, 21], [1, 19, 2, 18], [20, 13, 21, 14], [22, 4, 23, 3], [24, 7, 1, 8], [17, 3, 18, 2], [4, 10, 5, 9], [6, 12, 7, 11], [8, 23, 9, 24], [10, 6, 11, 5]]"
12n_0008_132,"[[11, 7, 12, 6], [13, 17, 14, 16], [15, 20, 16, 21], [17, 23, 18, 22], [2, 20, 3, 19], [21, 14, 22, 15], [23, 5, 24, 4], [1, 8, 2, 9], [18, 4, 19, 3], [5, 11, 6, 10], [7, 13, 8, 12], [9, 24, 10, 1]]"
12n_0008_133,"[[9, 24, 10, 1], [11, 7, 12, 6], [13, 17, 14, 16], [15, 20, 16, 21], [17, 23, 18, 22], [2, 20, 3, 19], [21, 14, 22, 15], [23, 5, 24, 4], [1, 8, 2, 9], [18, 4, 19, 3], [5, 11, 6, 10], [7, 13, 8, 12]]"
12n_0008_134,"[[7, 13, 8, 12], [9, 24, 10, 1], [11, 7, 12, 6], [13, 17, 14, 16], [15, 20, 16, 21], [17, 23, 18, 22], [2, 20, 3, 19], [21, 14, 22, 15], [23, 5, 24, 4], [1, 8, 2, 9], [18, 4, 19, 3], [5, 11, 6, 10]]"
12n_0008_135,"[[5, 11, 6, 10], [7, 13, 8, 12], [9, 24, 10, 1], [11, 7, 12, 6], [13, 17, 14, 16], [15, 20, 16, 21], [17, 23, 18, 22], [2, 20, 3, 19], [21, 14, 22, 15], [23, 5, 24, 4], [1, 8, 2, 9], [18, 4, 19, 3]]"
12n_0008_136,"[[18, 4, 19, 3], [5, 11, 6, 10], [7, 13, 8, 12], [9, 24, 10, 1], [11, 7, 12, 6], [13, 17, 14, 16], [15, 20, 16, 21], [17, 23, 18, 22], [2, 20, 3, 19], [21, 14, 22, 15], [23, 5, 24, 4], [1, 8, 2, 9]]"
12n_0008_137,"[[1, 8, 2, 9], [18, 4, 19, 3], [5, 11, 6, 10], [7, 13, 8, 12], [9, 24, 10, 1], [11, 7, 12, 6], [13, 17, 14, 16], [15, 20, 16, 21], [17, 23, 18, 22], [2, 20, 3, 19], [21, 14, 22, 15], [23, 5, 24, 4]]"
12n_0008_138,"[[23, 5, 24, 4], [1, 8, 2, 9], [18, 4, 19, 3], [5, 11, 6, 10], [7, 13, 8, 12], [9, 24, 10, 1], [11, 7, 12, 6], [13, 17, 14, 16], [15, 20, 16, 21], [17, 23, 18, 22], [2, 20, 3, 19], [21, 14, 22, 15]]"
12n_0008_139,"[[21, 14, 22, 15], [23, 5, 24, 4], [1, 8, 2, 9], [18, 4, 19, 3], [5, 11, 6, 10], [7, 13, 8, 12], [9, 24, 10, 1], [11, 7, 12, 6], [13, 17, 14, 16], [15, 20, 16, 21], [17, 23, 18, 22], [2, 20, 3, 19]]"
12n_0008_140,"[[2, 20, 3, 19], [21, 14, 22, 15], [23, 5, 24, 4], [1, 8, 2, 9], [18, 4, 19, 3], [5, 11, 6, 10], [7, 13, 8, 12], [9, 24, 10, 1], [11, 7, 12, 6], [13, 17, 14, 16], [15, 20, 16, 21], [17, 23, 18, 22]]"
12n_0008_141,"[[17, 23, 18, 22], [2, 20, 3, 19], [21, 14, 22, 15], [23, 5, 24, 4], [1, 8, 2, 9], [18, 4, 19, 3], [5, 11, 6, 10], [7, 13, 8, 12], [9, 24, 10, 1], [11, 7, 12, 6], [13, 17, 14, 16], [15, 20, 16, 21]]"
12n_0008_142,"[[15, 20, 16, 21], [17, 23, 18, 22], [2, 20, 3, 19], [21, 14, 22, 15], [23, 5, 24, 4], [1, 8, 2, 9], [18, 4, 19, 3], [5, 11, 6, 10], [7, 13, 8, 12], [9, 24, 10, 1], [11, 7, 12, 6], [13, 17, 14, 16]]"
12n_0008_143,"[[13, 17, 14, 16], [15, 20, 16, 21], [17, 23, 18, 22], [2, 20, 3, 19], [21, 14, 22, 15], [23, 5, 24, 4], [1, 8, 2, 9], [18, 4, 19, 3], [5, 11, 6, 10], [7, 13, 8, 12], [9, 24, 10, 1], [11, 7, 12, 6]]"
12n_0008_144,"[[12, 8, 13, 7], [14, 18, 15, 17], [16, 21, 17, 22], [18, 24, 19, 23], [3, 21, 4, 20], [22, 15, 23, 16], [24, 6, 1, 5], [2, 9, 3, 10], [19, 5, 20, 4], [6, 12, 7, 11], [8, 14, 9, 13], [10, 1, 11, 2]]"
12n_0008_145,"[[10, 1, 11, 2], [12, 8, 13, 7], [14, 18, 15, 17], [16, 21, 17, 22], [18, 24, 19, 23], [3, 21, 4, 20], [22, 15, 23, 16], [24, 6, 1, 5], [2, 9, 3, 10], [19, 5, 20, 4], [6, 12, 7, 11], [8, 14, 9, 13]]"
12n_0008_146,"[[8, 14, 9, 13], [10, 1, 11, 2], [12, 8, 13, 7], [14, 18, 15, 17], [16, 21, 17, 22], [18, 24, 19, 23], [3, 21, 4, 20], [22, 15, 23, 16], [24, 6, 1, 5], [2, 9, 3, 10], [19, 5, 20, 4], [6, 12, 7, 11]]"
12n_0008_147,"[[6, 12, 7, 11], [8, 14, 9, 13], [10, 1, 11, 2], [12, 8, 13, 7], [14, 18, 15, 17], [16, 21, 17, 22], [18, 24, 19, 23], [3, 21, 4, 20], [22, 15, 23, 16], [24, 6, 1, 5], [2, 9, 3, 10], [19, 5, 20, 4]]"
12n_0008_148,"[[19, 5, 20, 4], [6, 12, 7, 11], [8, 14, 9, 13], [10, 1, 11, 2], [12, 8, 13, 7], [14, 18, 15, 17], [16, 21, 17, 22], [18, 24, 19, 23], [3, 21, 4, 20], [22, 15, 23, 16], [24, 6, 1, 5], [2, 9, 3, 10]]"
12n_0008_149,"[[2, 9, 3, 10], [19, 5, 20, 4], [6, 12, 7, 11], [8, 14, 9, 13], [10, 1, 11, 2], [12, 8, 13, 7], [14, 18, 15, 17], [16, 21, 17, 22], [18, 24, 19, 23], [3, 21, 4, 20], [22, 15, 23, 16], [24, 6, 1, 5]]"
12n_0008_150,"[[24, 6, 1, 5], [2, 9, 3, 10], [19, 5, 20, 4], [6, 12, 7, 11], [8, 14, 9, 13], [10, 1, 11, 2], [12, 8, 13, 7], [14, 18, 15, 17], [16, 21, 17, 22], [18, 24, 19, 23], [3, 21, 4, 20], [22, 15, 23, 16]]"
12n_0008_151,"[[22, 15, 23, 16], [24, 6, 1, 5], [2, 9, 3, 10], [19, 5, 20, 4], [6, 12, 7, 11], [8, 14, 9, 13], [10, 1, 11, 2], [12, 8, 13, 7], [14, 18, 15, 17], [16, 21, 17, 22], [18, 24, 19, 23], [3, 21, 4, 20]]"
12n_0008_152,"[[3, 21, 4, 20], [22, 15, 23, 16], [24, 6, 1, 5], [2, 9, 3, 10], [19, 5, 20, 4], [6, 12, 7, 11], [8, 14, 9, 13], [10, 1, 11, 2], [12, 8, 13, 7], [14, 18, 15, 17], [16, 21, 17, 22], [18, 24, 19, 23]]"
12n_0008_153,"[[18, 24, 19, 23], [3, 21, 4, 20], [22, 15, 23, 16], [24, 6, 1, 5], [2, 9, 3, 10], [19, 5, 20, 4], [6, 12, 7, 11], [8, 14, 9, 13], [10, 1, 11, 2], [12, 8, 13, 7], [14, 18, 15, 17], [16, 21, 17, 22]]"
12n_0008_154,"[[16, 21, 17, 22], [18, 24, 19, 23], [3, 21, 4, 20], [22, 15, 23, 16], [24, 6, 1, 5], [2, 9, 3, 10], [19, 5, 20, 4], [6, 12, 7, 11], [8, 14, 9, 13], [10, 1, 11, 2], [12, 8, 13, 7], [14, 18, 15, 17]]"
12n_0008_155,"[[14, 18, 15, 17], [16, 21, 17, 22], [18, 24, 19, 23], [3, 21, 4, 20], [22, 15, 23, 16], [24, 6, 1, 5], [2, 9, 3, 10], [19, 5, 20, 4], [6, 12, 7, 11], [8, 14, 9, 13], [10, 1, 11, 2], [12, 8, 13, 7]]"
12n_0008_156,"[[13, 9, 14, 8], [15, 19, 16, 18], [17, 22, 18, 23], [19, 1, 20, 24], [4, 22, 5, 21], [23, 16, 24, 17], [1, 7, 2, 6], [3, 10, 4, 11], [20, 6, 21, 5], [7, 13, 8, 12], [9, 15, 10, 14], [11, 2, 12, 3]]"
12n_0008_157,"[[11, 2, 12, 3], [13, 9, 14, 8], [15, 19, 16, 18], [17, 22, 18, 23], [19, 1, 20, 24], [4, 22, 5, 21], [23, 16, 24, 17], [1, 7, 2, 6], [3, 10, 4, 11], [20, 6, 21, 5], [7, 13, 8, 12], [9, 15, 10, 14]]"
12n_0008_158,"[[9, 15, 10, 14], [11, 2, 12, 3], [13, 9, 14, 8], [15, 19, 16, 18], [17, 22, 18, 23], [19, 1, 20, 24], [4, 22, 5, 21], [23, 16, 24, 17], [1, 7, 2, 6], [3, 10, 4, 11], [20, 6, 21, 5], [7, 13, 8, 12]]"
12n_0008_159,"[[7, 13, 8, 12], [9, 15, 10, 14], [11, 2, 12, 3], [13, 9, 14, 8], [15, 19, 16, 18], [17, 22, 18, 23], [19, 1, 20, 24], [4, 22, 5, 21], [23, 16, 24, 17], [1, 7, 2, 6], [3, 10, 4, 11], [20, 6, 21, 5]]"
12n_0008_160,"[[20, 6, 21, 5], [7, 13, 8, 12], [9, 15, 10, 14], [11, 2, 12, 3], [13, 9, 14, 8], [15, 19, 16, 18], [17, 22, 18, 23], [19, 1, 20, 24], [4, 22, 5, 21], [23, 16, 24, 17], [1, 7, 2, 6], [3, 10, 4, 11]]"
12n_0008_161,"[[3, 10, 4, 11], [20, 6, 21, 5], [7, 13, 8, 12], [9, 15, 10, 14], [11, 2, 12, 3], [13, 9, 14, 8], [15, 19, 16, 18], [17, 22, 18, 23], [19, 1, 20, 24], [4, 22, 5, 21], [23, 16, 24, 17], [1, 7, 2, 6]]"
12n_0008_162,"[[1, 7, 2, 6], [3, 10, 4, 11], [20, 6, 21, 5], [7, 13, 8, 12], [9, 15, 10, 14], [11, 2, 12, 3], [13, 9, 14, 8], [15, 19, 16, 18], [17, 22, 18, 23], [19, 1, 20, 24], [4, 22, 5, 21], [23, 16, 24, 17]]"
12n_0008_163,"[[23, 16, 24, 17], [1, 7, 2, 6], [3, 10, 4, 11], [20, 6, 21, 5], [7, 13, 8, 12], [9, 15, 10, 14], [11, 2, 12, 3], [13, 9, 14, 8], [15, 19, 16, 18], [17, 22, 18, 23], [19, 1, 20, 24], [4, 22, 5, 21]]"
12n_0008_164,"[[4, 22, 5, 21], [23, 16, 24, 17], [1, 7, 2, 6], [3, 10, 4, 11], [20, 6, 21, 5], [7, 13, 8, 12], [9, 15, 10, 14], [11, 2, 12, 3], [13, 9, 14, 8], [15, 19, 16, 18], [17, 22, 18, 23], [19, 1, 20, 24]]"
12n_0008_165,"[[19, 1, 20, 24], [4, 22, 5, 21], [23, 16, 24, 17], [1, 7, 2, 6], [3, 10, 4, 11], [20, 6, 21, 5], [7, 13, 8, 12], [9, 15, 10, 14], [11, 2, 12, 3], [13, 9, 14, 8], [15, 19, 16, 18], [17, 22, 18, 23]]"
12n_0008_166,"[[17, 22, 18, 23], [19, 1, 20, 24], [4, 22, 5, 21], [23, 16, 24, 17], [1, 7, 2, 6], [3, 10, 4, 11], [20, 6, 21, 5], [7, 13, 8, 12], [9, 15, 10, 14], [11, 2, 12, 3], [13, 9, 14, 8], [15, 19, 16, 18]]"
12n_0008_167,"[[15, 19, 16, 18], [17, 22, 18, 23], [19, 1, 20, 24], [4, 22, 5, 21], [23, 16, 24, 17], [1, 7, 2, 6], [3, 10, 4, 11], [20, 6, 21, 5], [7, 13, 8, 12], [9, 15, 10, 14], [11, 2, 12, 3], [13, 9, 14, 8]]"
12n_0008_168,"[[14, 10, 15, 9], [16, 20, 17, 19], [18, 23, 19, 24], [20, 2, 21, 1], [5, 23, 6, 22], [24, 17, 1, 18], [2, 8, 3, 7], [4, 11, 5, 12], [21, 7, 22, 6], [8, 14, 9, 13], [10, 16, 11, 15], [12, 3, 13, 4]]"
12n_0008_169,"[[12, 3, 13, 4], [14, 10, 15, 9], [16, 20, 17, 19], [18, 23, 19, 24], [20, 2, 21, 1], [5, 23, 6, 22], [24, 17, 1, 18], [2, 8, 3, 7], [4, 11, 5, 12], [21, 7, 22, 6], [8, 14, 9, 13], [10, 16, 11, 15]]"
12n_0008_170,"[[10, 16, 11, 15], [12, 3, 13, 4], [14, 10, 15, 9], [16, 20, 17, 19], [18, 23, 19, 24], [20, 2, 21, 1], [5, 23, 6, 22], [24, 17, 1, 18], [2, 8, 3, 7], [4, 11, 5, 12], [21, 7, 22, 6], [8, 14, 9, 13]]"
12n_0008_171,"[[8, 14, 9, 13], [10, 16, 11, 15], [12, 3, 13, 4], [14, 10, 15, 9], [16, 20, 17, 19], [18, 23, 19, 24], [20, 2, 21, 1], [5, 23, 6, 22], [24, 17, 1, 18], [2, 8, 3, 7], [4, 11, 5, 12], [21, 7, 22, 6]]"
12n_0008_172,"[[21, 7, 22, 6], [8, 14, 9, 13], [10, 16, 11, 15], [12, 3, 13, 4], [14, 10, 15, 9], [16, 20, 17, 19], [18, 23, 19, 24], [20, 2, 21, 1], [5, 23, 6, 22], [24, 17, 1, 18], [2, 8, 3, 7], [4, 11, 5, 12]]"
12n_0008_173,"[[4, 11, 5, 12], [21, 7, 22, 6], [8, 14, 9, 13], [10, 16, 11, 15], [12, 3, 13, 4], [14, 10, 15, 9], [16, 20, 17, 19], [18, 23, 19, 24], [20, 2, 21, 1], [5, 23, 6, 22], [24, 17, 1, 18], [2, 8, 3, 7]]"
12n_0008_174,"[[2, 8, 3, 7], [4, 11, 5, 12], [21, 7, 22, 6], [8, 14, 9, 13], [10, 16, 11, 15], [12, 3, 13, 4], [14, 10, 15, 9], [16, 20, 17, 19], [18, 23, 19, 24], [20, 2, 21, 1], [5, 23, 6, 22], [24, 17, 1, 18]]"
12n_0008_175,"[[24, 17, 1, 18], [2, 8, 3, 7], [4, 11, 5, 12], [21, 7, 22, 6], [8, 14, 9, 13], [10, 16, 11, 15], [12, 3, 13, 4], [14, 10, 15, 9], [16, 20, 17, 19], [18, 23, 19, 24], [20, 2, 21, 1], [5, 23, 6, 22]]"
12n_0008_176,"[[5, 23, 6, 22], [24, 17, 1, 18], [2, 8, 3, 7], [4, 11, 5, 12], [21, 7, 22, 6], [8, 14, 9, 13], [10, 16, 11, 15], [12, 3, 13, 4], [14, 10, 15, 9], [16, 20, 17, 19], [18, 23, 19, 24], [20, 2, 21, 1]]"
12n_0008_177,"[[20, 2, 21, 1], [5, 23, 6, 22], [24, 17, 1, 18], [2, 8, 3, 7], [4, 11, 5, 12], [21, 7, 22, 6], [8, 14, 9, 13], [10, 16, 11, 15], [12, 3, 13, 4], [14, 10, 15, 9], [16, 20, 17, 19], [18, 23, 19, 24]]"
12n_0008_178,"[[18, 23, 19, 24], [20, 2, 21, 1], [5, 23, 6, 22], [24, 17, 1, 18], [2, 8, 3, 7], [4, 11, 5, 12], [21, 7, 22, 6], [8, 14, 9, 13], [10, 16, 11, 15], [12, 3, 13, 4], [14, 10, 15, 9], [16, 20, 17, 19]]"
12n_0008_179,"[[16, 20, 17, 19], [18, 23, 19, 24], [20, 2, 21, 1], [5, 23, 6, 22], [24, 17, 1, 18], [2, 8, 3, 7], [4, 11, 5, 12], [21, 7, 22, 6], [8, 14, 9, 13], [10, 16, 11, 15], [12, 3, 13, 4], [14, 10, 15, 9]]"
12n_0008_180,"[[15, 11, 16, 10], [17, 21, 18, 20], [19, 24, 20, 1], [21, 3, 22, 2], [6, 24, 7, 23], [1, 18, 2, 19], [3, 9, 4, 8], [5, 12, 6, 13], [22, 8, 23, 7], [9, 15, 10, 14], [11, 17, 12, 16], [13, 4, 14, 5]]"
12n_0008_181,"[[13, 4, 14, 5], [15, 11, 16, 10], [17, 21, 18, 20], [19, 24, 20, 1], [21, 3, 22, 2], [6, 24, 7, 23], [1, 18, 2, 19], [3, 9, 4, 8], [5, 12, 6, 13], [22, 8, 23, 7], [9, 15, 10, 14], [11, 17, 12, 16]]"
12n_0008_182,"[[11, 17, 12, 16], [13, 4, 14, 5], [15, 11, 16, 10], [17, 21, 18, 20], [19, 24, 20, 1], [21, 3, 22, 2], [6, 24, 7, 23], [1, 18, 2, 19], [3, 9, 4, 8], [5, 12, 6, 13], [22, 8, 23, 7], [9, 15, 10, 14]]"
12n_0008_183,"[[9, 15, 10, 14], [11, 17, 12, 16], [13, 4, 14, 5], [15, 11, 16, 10], [17, 21, 18, 20], [19, 24, 20, 1], [21, 3, 22, 2], [6, 24, 7, 23], [1, 18, 2, 19], [3, 9, 4, 8], [5, 12, 6, 13], [22, 8, 23, 7]]"
12n_0008_184,"[[22, 8, 23, 7], [9, 15, 10, 14], [11, 17, 12, 16], [13, 4, 14, 5], [15, 11, 16, 10], [17, 21, 18, 20], [19, 24, 20, 1], [21, 3, 22, 2], [6, 24, 7, 23], [1, 18, 2, 19], [3, 9, 4, 8], [5, 12, 6, 13]]"
12n_0008_185,"[[5, 12, 6, 13], [22, 8, 23, 7], [9, 15, 10, 14], [11, 17, 12, 16], [13, 4, 14, 5], [15, 11, 16, 10], [17, 21, 18, 20], [19, 24, 20, 1], [21, 3, 22, 2], [6, 24, 7, 23], [1, 18, 2, 19], [3, 9, 4, 8]]"
