name,pd_notation
12n_0021_0,"[[13, 1, 14, 24], [2, 6, 3, 5], [4, 9, 5, 10], [6, 12, 7, 11], [15, 9, 16, 8], [10, 3, 11, 4], [19, 12, 20, 13], [21, 15, 22, 14], [7, 17, 8, 16], [23, 19, 24, 18], [1, 20, 2, 21], [17, 23, 18, 22]]"
12n_0021_1,"[[17, 23, 18, 22], [13, 1, 14, 24], [2, 6, 3, 5], [4, 9, 5, 10], [6, 12, 7, 11], [15, 9, 16, 8], [10, 3, 11, 4], [19, 12, 20, 13], [21, 15, 22, 14], [7, 17, 8, 16], [23, 19, 24, 18], [1, 20, 2, 21]]"
12n_0021_2,"[[1, 20, 2, 21], [17, 23, 18, 22], [13, 1, 14, 24], [2, 6, 3, 5], [4, 9, 5, 10], [6, 12, 7, 11], [15, 9, 16, 8], [10, 3, 11, 4], [19, 12, 20, 13], [21, 15, 22, 14], [7, 17, 8, 16], [23, 19, 24, 18]]"
12n_0021_3,"[[23, 19, 24, 18], [1, 20, 2, 21], [17, 23, 18, 22], [13, 1, 14, 24], [2, 6, 3, 5], [4, 9, 5, 10], [6, 12, 7, 11], [15, 9, 16, 8], [10, 3, 11, 4], [19, 12, 20, 13], [21, 15, 22, 14], [7, 17, 8, 16]]"
12n_0021_4,"[[7, 17, 8, 16], [23, 19, 24, 18], [1, 20, 2, 21], [17, 23, 18, 22], [13, 1, 14, 24], [2, 6, 3, 5], [4, 9, 5, 10], [6, 12, 7, 11], [15, 9, 16, 8], [10, 3, 11, 4], [19, 12, 20, 13], [21, 15, 22, 14]]"
12n_0021_5,"[[21, 15, 22, 14], [7, 17, 8, 16], [23, 19, 24, 18], [1, 20, 2, 21], [17, 23, 18, 22], [13, 1, 14, 24], [2, 6, 3, 5], [4, 9, 5, 10], [6, 12, 7, 11], [15, 9, 16, 8], [10, 3, 11, 4], [19, 12, 20, 13]]"
12n_0021_6,"[[19, 12, 20, 13], [21, 15, 22, 14], [7, 17, 8, 16], [23, 19, 24, 18], [1, 20, 2, 21], [17, 23, 18, 22], [13, 1, 14, 24], [2, 6, 3, 5], [4, 9, 5, 10], [6, 12, 7, 11], [15, 9, 16, 8], [10, 3, 11, 4]]"
12n_0021_7,"[[10, 3, 11, 4], [19, 12, 20, 13], [21, 15, 22, 14], [7, 17, 8, 16], [23, 19, 24, 18], [1, 20, 2, 21], [17, 23, 18, 22], [13, 1, 14, 24], [2, 6, 3, 5], [4, 9, 5, 10], [6, 12, 7, 11], [15, 9, 16, 8]]"
12n_0021_8,"[[15, 9, 16, 8], [10, 3, 11, 4], [19, 12, 20, 13], [21, 15, 22, 14], [7, 17, 8, 16], [23, 19, 24, 18], [1, 20, 2, 21], [17, 23, 18, 22], [13, 1, 14, 24], [2, 6, 3, 5], [4, 9, 5, 10], [6, 12, 7, 11]]"
12n_0021_9,"[[6, 12, 7, 11], [15, 9, 16, 8], [10, 3, 11, 4], [19, 12, 20, 13], [21, 15, 22, 14], [7, 17, 8, 16], [23, 19, 24, 18], [1, 20, 2, 21], [17, 23, 18, 22], [13, 1, 14, 24], [2, 6, 3, 5], [4, 9, 5, 10]]"
12n_0021_10,"[[4, 9, 5, 10], [6, 12, 7, 11], [15, 9, 16, 8], [10, 3, 11, 4], [19, 12, 20, 13], [21, 15, 22, 14], [7, 17, 8, 16], [23, 19, 24, 18], [1, 20, 2, 21], [17, 23, 18, 22], [13, 1, 14, 24], [2, 6, 3, 5]]"
12n_0021_11,"[[2, 6, 3, 5], [4, 9, 5, 10], [6, 12, 7, 11], [15, 9, 16, 8], [10, 3, 11, 4], [19, 12, 20, 13], [21, 15, 22, 14], [7, 17, 8, 16], [23, 19, 24, 18], [1, 20, 2, 21], [17, 23, 18, 22], [13, 1, 14, 24]]"
12n_0021_12,"[[14, 2, 15, 1], [3, 7, 4, 6], [5, 10, 6, 11], [7, 13, 8, 12], [16, 10, 17, 9], [11, 4, 12, 5], [20, 13, 21, 14], [22, 16, 23, 15], [8, 18, 9, 17], [24, 20, 1, 19], [2, 21, 3, 22], [18, 24, 19, 23]]"
12n_0021_13,"[[18, 24, 19, 23], [14, 2, 15, 1], [3, 7, 4, 6], [5, 10, 6, 11], [7, 13, 8, 12], [16, 10, 17, 9], [11, 4, 12, 5], [20, 13, 21, 14], [22, 16, 23, 15], [8, 18, 9, 17], [24, 20, 1, 19], [2, 21, 3, 22]]"
12n_0021_14,"[[2, 21, 3, 22], [18, 24, 19, 23], [14, 2, 15, 1], [3, 7, 4, 6], [5, 10, 6, 11], [7, 13, 8, 12], [16, 10, 17, 9], [11, 4, 12, 5], [20, 13, 21, 14], [22, 16, 23, 15], [8, 18, 9, 17], [24, 20, 1, 19]]"
12n_0021_15,"[[24, 20, 1, 19], [2, 21, 3, 22], [18, 24, 19, 23], [14, 2, 15, 1], [3, 7, 4, 6], [5, 10, 6, 11], [7, 13, 8, 12], [16, 10, 17, 9], [11, 4, 12, 5], [20, 13, 21, 14], [22, 16, 23, 15], [8, 18, 9, 17]]"
12n_0021_16,"[[8, 18, 9, 17], [24, 20, 1, 19], [2, 21, 3, 22], [18, 24, 19, 23], [14, 2, 15, 1], [3, 7, 4, 6], [5, 10, 6, 11], [7, 13, 8, 12], [16, 10, 17, 9], [11, 4, 12, 5], [20, 13, 21, 14], [22, 16, 23, 15]]"
12n_0021_17,"[[22, 16, 23, 15], [8, 18, 9, 17], [24, 20, 1, 19], [2, 21, 3, 22], [18, 24, 19, 23], [14, 2, 15, 1], [3, 7, 4, 6], [5, 10, 6, 11], [7, 13, 8, 12], [16, 10, 17, 9], [11, 4, 12, 5], [20, 13, 21, 14]]"
12n_0021_18,"[[20, 13, 21, 14], [22, 16, 23, 15], [8, 18, 9, 17], [24, 20, 1, 19], [2, 21, 3, 22], [18, 24, 19, 23], [14, 2, 15, 1], [3, 7, 4, 6], [5, 10, 6, 11], [7, 13, 8, 12], [16, 10, 17, 9], [11, 4, 12, 5]]"
12n_0021_19,"[[11, 4, 12, 5], [20, 13, 21, 14], [22, 16, 23, 15], [8, 18, 9, 17], [24, 20, 1, 19], [2, 21, 3, 22], [18, 24, 19, 23], [14, 2, 15, 1], [3, 7, 4, 6], [5, 10, 6, 11], [7, 13, 8, 12], [16, 10, 17, 9]]"
12n_0021_20,"[[16, 10, 17, 9], [11, 4, 12, 5], [20, 13, 21, 14], [22, 16, 23, 15], [8, 18, 9, 17], [24, 20, 1, 19], [2, 21, 3, 22], [18, 24, 19, 23], [14, 2, 15, 1], [3, 7, 4, 6], [5, 10, 6, 11], [7, 13, 8, 12]]"
12n_0021_21,"[[7, 13, 8, 12], [16, 10, 17, 9], [11, 4, 12, 5], [20, 13, 21, 14], [22, 16, 23, 15], [8, 18, 9, 17], [24, 20, 1, 19], [2, 21, 3, 22], [18, 24, 19, 23], [14, 2, 15, 1], [3, 7, 4, 6], [5, 10, 6, 11]]"
12n_0021_22,"[[5, 10, 6, 11], [7, 13, 8, 12], [16, 10, 17, 9], [11, 4, 12, 5], [20, 13, 21, 14], [22, 16, 23, 15], [8, 18, 9, 17], [24, 20, 1, 19], [2, 21, 3, 22], [18, 24, 19, 23], [14, 2, 15, 1], [3, 7, 4, 6]]"
12n_0021_23,"[[3, 7, 4, 6], [5, 10, 6, 11], [7, 13, 8, 12], [16, 10, 17, 9], [11, 4, 12, 5], [20, 13, 21, 14], [22, 16, 23, 15], [8, 18, 9, 17], [24, 20, 1, 19], [2, 21, 3, 22], [18, 24, 19, 23], [14, 2, 15, 1]]"
12n_0021_24,"[[15, 3, 16, 2], [4, 8, 5, 7], [6, 11, 7, 12], [8, 14, 9, 13], [17, 11, 18, 10], [12, 5, 13, 6], [21, 14, 22, 15], [23, 17, 24, 16], [9, 19, 10, 18], [1, 21, 2, 20], [3, 22, 4, 23], [19, 1, 20, 24]]"
12n_0021_25,"[[19, 1, 20, 24], [15, 3, 16, 2], [4, 8, 5, 7], [6, 11, 7, 12], [8, 14, 9, 13], [17, 11, 18, 10], [12, 5, 13, 6], [21, 14, 22, 15], [23, 17, 24, 16], [9, 19, 10, 18], [1, 21, 2, 20], [3, 22, 4, 23]]"
12n_0021_26,"[[3, 22, 4, 23], [19, 1, 20, 24], [15, 3, 16, 2], [4, 8, 5, 7], [6, 11, 7, 12], [8, 14, 9, 13], [17, 11, 18, 10], [12, 5, 13, 6], [21, 14, 22, 15], [23, 17, 24, 16], [9, 19, 10, 18], [1, 21, 2, 20]]"
12n_0021_27,"[[1, 21, 2, 20], [3, 22, 4, 23], [19, 1, 20, 24], [15, 3, 16, 2], [4, 8, 5, 7], [6, 11, 7, 12], [8, 14, 9, 13], [17, 11, 18, 10], [12, 5, 13, 6], [21, 14, 22, 15], [23, 17, 24, 16], [9, 19, 10, 18]]"
12n_0021_28,"[[9, 19, 10, 18], [1, 21, 2, 20], [3, 22, 4, 23], [19, 1, 20, 24], [15, 3, 16, 2], [4, 8, 5, 7], [6, 11, 7, 12], [8, 14, 9, 13], [17, 11, 18, 10], [12, 5, 13, 6], [21, 14, 22, 15], [23, 17, 24, 16]]"
12n_0021_29,"[[23, 17, 24, 16], [9, 19, 10, 18], [1, 21, 2, 20], [3, 22, 4, 23], [19, 1, 20, 24], [15, 3, 16, 2], [4, 8, 5, 7], [6, 11, 7, 12], [8, 14, 9, 13], [17, 11, 18, 10], [12, 5, 13, 6], [21, 14, 22, 15]]"
12n_0021_30,"[[21, 14, 22, 15], [23, 17, 24, 16], [9, 19, 10, 18], [1, 21, 2, 20], [3, 22, 4, 23], [19, 1, 20, 24], [15, 3, 16, 2], [4, 8, 5, 7], [6, 11, 7, 12], [8, 14, 9, 13], [17, 11, 18, 10], [12, 5, 13, 6]]"
12n_0021_31,"[[12, 5, 13, 6], [21, 14, 22, 15], [23, 17, 24, 16], [9, 19, 10, 18], [1, 21, 2, 20], [3, 22, 4, 23], [19, 1, 20, 24], [15, 3, 16, 2], [4, 8, 5, 7], [6, 11, 7, 12], [8, 14, 9, 13], [17, 11, 18, 10]]"
12n_0021_32,"[[17, 11, 18, 10], [12, 5, 13, 6], [21, 14, 22, 15], [23, 17, 24, 16], [9, 19, 10, 18], [1, 21, 2, 20], [3, 22, 4, 23], [19, 1, 20, 24], [15, 3, 16, 2], [4, 8, 5, 7], [6, 11, 7, 12], [8, 14, 9, 13]]"
12n_0021_33,"[[8, 14, 9, 13], [17, 11, 18, 10], [12, 5, 13, 6], [21, 14, 22, 15], [23, 17, 24, 16], [9, 19, 10, 18], [1, 21, 2, 20], [3, 22, 4, 23], [19, 1, 20, 24], [15, 3, 16, 2], [4, 8, 5, 7], [6, 11, 7, 12]]"
12n_0021_34,"[[6, 11, 7, 12], [8, 14, 9, 13], [17, 11, 18, 10], [12, 5, 13, 6], [21, 14, 22, 15], [23, 17, 24, 16], [9, 19, 10, 18], [1, 21, 2, 20], [3, 22, 4, 23], [19, 1, 20, 24], [15, 3, 16, 2], [4, 8, 5, 7]]"
12n_0021_35,"[[4, 8, 5, 7], [6, 11, 7, 12], [8, 14, 9, 13], [17, 11, 18, 10], [12, 5, 13, 6], [21, 14, 22, 15], [23, 17, 24, 16], [9, 19, 10, 18], [1, 21, 2, 20], [3, 22, 4, 23], [19, 1, 20, 24], [15, 3, 16, 2]]"
12n_0021_36,"[[16, 4, 17, 3], [5, 9, 6, 8], [7, 12, 8, 13], [9, 15, 10, 14], [18, 12, 19, 11], [13, 6, 14, 7], [22, 15, 23, 16], [24, 18, 1, 17], [10, 20, 11, 19], [2, 22, 3, 21], [4, 23, 5, 24], [20, 2, 21, 1]]"
12n_0021_37,"[[20, 2, 21, 1], [16, 4, 17, 3], [5, 9, 6, 8], [7, 12, 8, 13], [9, 15, 10, 14], [18, 12, 19, 11], [13, 6, 14, 7], [22, 15, 23, 16], [24, 18, 1, 17], [10, 20, 11, 19], [2, 22, 3, 21], [4, 23, 5, 24]]"
12n_0021_38,"[[4, 23, 5, 24], [20, 2, 21, 1], [16, 4, 17, 3], [5, 9, 6, 8], [7, 12, 8, 13], [9, 15, 10, 14], [18, 12, 19, 11], [13, 6, 14, 7], [22, 15, 23, 16], [24, 18, 1, 17], [10, 20, 11, 19], [2, 22, 3, 21]]"
12n_0021_39,"[[2, 22, 3, 21], [4, 23, 5, 24], [20, 2, 21, 1], [16, 4, 17, 3], [5, 9, 6, 8], [7, 12, 8, 13], [9, 15, 10, 14], [18, 12, 19, 11], [13, 6, 14, 7], [22, 15, 23, 16], [24, 18, 1, 17], [10, 20, 11, 19]]"
12n_0021_40,"[[10, 20, 11, 19], [2, 22, 3, 21], [4, 23, 5, 24], [20, 2, 21, 1], [16, 4, 17, 3], [5, 9, 6, 8], [7, 12, 8, 13], [9, 15, 10, 14], [18, 12, 19, 11], [13, 6, 14, 7], [22, 15, 23, 16], [24, 18, 1, 17]]"
12n_0021_41,"[[24, 18, 1, 17], [10, 20, 11, 19], [2, 22, 3, 21], [4, 23, 5, 24], [20, 2, 21, 1], [16, 4, 17, 3], [5, 9, 6, 8], [7, 12, 8, 13], [9, 15, 10, 14], [18, 12, 19, 11], [13, 6, 14, 7], [22, 15, 23, 16]]"
12n_0021_42,"[[22, 15, 23, 16], [24, 18, 1, 17], [10, 20, 11, 19], [2, 22, 3, 21], [4, 23, 5, 24], [20, 2, 21, 1], [16, 4, 17, 3], [5, 9, 6, 8], [7, 12, 8, 13], [9, 15, 10, 14], [18, 12, 19, 11], [13, 6, 14, 7]]"
12n_0021_43,"[[13, 6, 14, 7], [22, 15, 23, 16], [24, 18, 1, 17], [10, 20, 11, 19], [2, 22, 3, 21], [4, 23, 5, 24], [20, 2, 21, 1], [16, 4, 17, 3], [5, 9, 6, 8], [7, 12, 8, 13], [9, 15, 10, 14], [18, 12, 19, 11]]"
12n_0021_44,"[[18, 12, 19, 11], [13, 6, 14, 7], [22, 15, 23, 16], [24, 18, 1, 17], [10, 20, 11, 19], [2, 22, 3, 21], [4, 23, 5, 24], [20, 2, 21, 1], [16, 4, 17, 3], [5, 9, 6, 8], [7, 12, 8, 13], [9, 15, 10, 14]]"
12n_0021_45,"[[9, 15, 10, 14], [18, 12, 19, 11], [13, 6, 14, 7], [22, 15, 23, 16], [24, 18, 1, 17], [10, 20, 11, 19], [2, 22, 3, 21], [4, 23, 5, 24], [20, 2, 21, 1], [16, 4, 17, 3], [5, 9, 6, 8], [7, 12, 8, 13]]"
12n_0021_46,"[[7, 12, 8, 13], [9, 15, 10, 14], [18, 12, 19, 11], [13, 6, 14, 7], [22, 15, 23, 16], [24, 18, 1, 17], [10, 20, 11, 19], [2, 22, 3, 21], [4, 23, 5, 24], [20, 2, 21, 1], [16, 4, 17, 3], [5, 9, 6, 8]]"
12n_0021_47,"[[5, 9, 6, 8], [7, 12, 8, 13], [9, 15, 10, 14], [18, 12, 19, 11], [13, 6, 14, 7], [22, 15, 23, 16], [24, 18, 1, 17], [10, 20, 11, 19], [2, 22, 3, 21], [4, 23, 5, 24], [20, 2, 21, 1], [16, 4, 17, 3]]"
12n_0021_48,"[[17, 5, 18, 4], [6, 10, 7, 9], [8, 13, 9, 14], [10, 16, 11, 15], [19, 13, 20, 12], [14, 7, 15, 8], [23, 16, 24, 17], [1, 19, 2, 18], [11, 21, 12, 20], [3, 23, 4, 22], [5, 24, 6, 1], [21, 3, 22, 2]]"
12n_0021_49,"[[21, 3, 22, 2], [17, 5, 18, 4], [6, 10, 7, 9], [8, 13, 9, 14], [10, 16, 11, 15], [19, 13, 20, 12], [14, 7, 15, 8], [23, 16, 24, 17], [1, 19, 2, 18], [11, 21, 12, 20], [3, 23, 4, 22], [5, 24, 6, 1]]"
12n_0021_50,"[[5, 24, 6, 1], [21, 3, 22, 2], [17, 5, 18, 4], [6, 10, 7, 9], [8, 13, 9, 14], [10, 16, 11, 15], [19, 13, 20, 12], [14, 7, 15, 8], [23, 16, 24, 17], [1, 19, 2, 18], [11, 21, 12, 20], [3, 23, 4, 22]]"
12n_0021_51,"[[3, 23, 4, 22], [5, 24, 6, 1], [21, 3, 22, 2], [17, 5, 18, 4], [6, 10, 7, 9], [8, 13, 9, 14], [10, 16, 11, 15], [19, 13, 20, 12], [14, 7, 15, 8], [23, 16, 24, 17], [1, 19, 2, 18], [11, 21, 12, 20]]"
12n_0021_52,"[[11, 21, 12, 20], [3, 23, 4, 22], [5, 24, 6, 1], [21, 3, 22, 2], [17, 5, 18, 4], [6, 10, 7, 9], [8, 13, 9, 14], [10, 16, 11, 15], [19, 13, 20, 12], [14, 7, 15, 8], [23, 16, 24, 17], [1, 19, 2, 18]]"
12n_0021_53,"[[1, 19, 2, 18], [11, 21, 12, 20], [3, 23, 4, 22], [5, 24, 6, 1], [21, 3, 22, 2], [17, 5, 18, 4], [6, 10, 7, 9], [8, 13, 9, 14], [10, 16, 11, 15], [19, 13, 20, 12], [14, 7, 15, 8], [23, 16, 24, 17]]"
12n_0021_54,"[[23, 16, 24, 17], [1, 19, 2, 18], [11, 21, 12, 20], [3, 23, 4, 22], [5, 24, 6, 1], [21, 3, 22, 2], [17, 5, 18, 4], [6, 10, 7, 9], [8, 13, 9, 14], [10, 16, 11, 15], [19, 13, 20, 12], [14, 7, 15, 8]]"
12n_0021_55,"[[14, 7, 15, 8], [23, 16, 24, 17], [1, 19, 2, 18], [11, 21, 12, 20], [3, 23, 4, 22], [5, 24, 6, 1], [21, 3, 22, 2], [17, 5, 18, 4], [6, 10, 7, 9], [8, 13, 9, 14], [10, 16, 11, 15], [19, 13, 20, 12]]"
12n_0021_56,"[[19, 13, 20, 12], [14, 7, 15, 8], [23, 16, 24, 17], [1, 19, 2, 18], [11, 21, 12, 20], [3, 23, 4, 22], [5, 24, 6, 1], [21, 3, 22, 2], [17, 5, 18, 4], [6, 10, 7, 9], [8, 13, 9, 14], [10, 16, 11, 15]]"
12n_0021_57,"[[10, 16, 11, 15], [19, 13, 20, 12], [14, 7, 15, 8], [23, 16, 24, 17], [1, 19, 2, 18], [11, 21, 12, 20], [3, 23, 4, 22], [5, 24, 6, 1], [21, 3, 22, 2], [17, 5, 18, 4], [6, 10, 7, 9], [8, 13, 9, 14]]"
12n_0021_58,"[[8, 13, 9, 14], [10, 16, 11, 15], [19, 13, 20, 12], [14, 7, 15, 8], [23, 16, 24, 17], [1, 19, 2, 18], [11, 21, 12, 20], [3, 23, 4, 22], [5, 24, 6, 1], [21, 3, 22, 2], [17, 5, 18, 4], [6, 10, 7, 9]]"
12n_0021_59,"[[6, 10, 7, 9], [8, 13, 9, 14], [10, 16, 11, 15], [19, 13, 20, 12], [14, 7, 15, 8], [23, 16, 24, 17], [1, 19, 2, 18], [11, 21, 12, 20], [3, 23, 4, 22], [5, 24, 6, 1], [21, 3, 22, 2], [17, 5, 18, 4]]"
12n_0021_60,"[[18, 6, 19, 5], [7, 11, 8, 10], [9, 14, 10, 15], [11, 17, 12, 16], [20, 14, 21, 13], [15, 8, 16, 9], [24, 17, 1, 18], [2, 20, 3, 19], [12, 22, 13, 21], [4, 24, 5, 23], [6, 1, 7, 2], [22, 4, 23, 3]]"
12n_0021_61,"[[22, 4, 23, 3], [18, 6, 19, 5], [7, 11, 8, 10], [9, 14, 10, 15], [11, 17, 12, 16], [20, 14, 21, 13], [15, 8, 16, 9], [24, 17, 1, 18], [2, 20, 3, 19], [12, 22, 13, 21], [4, 24, 5, 23], [6, 1, 7, 2]]"
12n_0021_62,"[[6, 1, 7, 2], [22, 4, 23, 3], [18, 6, 19, 5], [7, 11, 8, 10], [9, 14, 10, 15], [11, 17, 12, 16], [20, 14, 21, 13], [15, 8, 16, 9], [24, 17, 1, 18], [2, 20, 3, 19], [12, 22, 13, 21], [4, 24, 5, 23]]"
12n_0021_63,"[[4, 24, 5, 23], [6, 1, 7, 2], [22, 4, 23, 3], [18, 6, 19, 5], [7, 11, 8, 10], [9, 14, 10, 15], [11, 17, 12, 16], [20, 14, 21, 13], [15, 8, 16, 9], [24, 17, 1, 18], [2, 20, 3, 19], [12, 22, 13, 21]]"
12n_0021_64,"[[12, 22, 13, 21], [4, 24, 5, 23], [6, 1, 7, 2], [22, 4, 23, 3], [18, 6, 19, 5], [7, 11, 8, 10], [9, 14, 10, 15], [11, 17, 12, 16], [20, 14, 21, 13], [15, 8, 16, 9], [24, 17, 1, 18], [2, 20, 3, 19]]"
12n_0021_65,"[[2, 20, 3, 19], [12, 22, 13, 21], [4, 24, 5, 23], [6, 1, 7, 2], [22, 4, 23, 3], [18, 6, 19, 5], [7, 11, 8, 10], [9, 14, 10, 15], [11, 17, 12, 16], [20, 14, 21, 13], [15, 8, 16, 9], [24, 17, 1, 18]]"
12n_0021_66,"[[24, 17, 1, 18], [2, 20, 3, 19], [12, 22, 13, 21], [4, 24, 5, 23], [6, 1, 7, 2], [22, 4, 23, 3], [18, 6, 19, 5], [7, 11, 8, 10], [9, 14, 10, 15], [11, 17, 12, 16], [20, 14, 21, 13], [15, 8, 16, 9]]"
12n_0021_67,"[[15, 8, 16, 9], [24, 17, 1, 18], [2, 20, 3, 19], [12, 22, 13, 21], [4, 24, 5, 23], [6, 1, 7, 2], [22, 4, 23, 3], [18, 6, 19, 5], [7, 11, 8, 10], [9, 14, 10, 15], [11, 17, 12, 16], [20, 14, 21, 13]]"
12n_0021_68,"[[20, 14, 21, 13], [15, 8, 16, 9], [24, 17, 1, 18], [2, 20, 3, 19], [12, 22, 13, 21], [4, 24, 5, 23], [6, 1, 7, 2], [22, 4, 23, 3], [18, 6, 19, 5], [7, 11, 8, 10], [9, 14, 10, 15], [11, 17, 12, 16]]"
12n_0021_69,"[[11, 17, 12, 16], [20, 14, 21, 13], [15, 8, 16, 9], [24, 17, 1, 18], [2, 20, 3, 19], [12, 22, 13, 21], [4, 24, 5, 23], [6, 1, 7, 2], [22, 4, 23, 3], [18, 6, 19, 5], [7, 11, 8, 10], [9, 14, 10, 15]]"
12n_0021_70,"[[9, 14, 10, 15], [11, 17, 12, 16], [20, 14, 21, 13], [15, 8, 16, 9], [24, 17, 1, 18], [2, 20, 3, 19], [12, 22, 13, 21], [4, 24, 5, 23], [6, 1, 7, 2], [22, 4, 23, 3], [18, 6, 19, 5], [7, 11, 8, 10]]"
12n_0021_71,"[[7, 11, 8, 10], [9, 14, 10, 15], [11, 17, 12, 16], [20, 14, 21, 13], [15, 8, 16, 9], [24, 17, 1, 18], [2, 20, 3, 19], [12, 22, 13, 21], [4, 24, 5, 23], [6, 1, 7, 2], [22, 4, 23, 3], [18, 6, 19, 5]]"
12n_0021_72,"[[19, 7, 20, 6], [8, 12, 9, 11], [10, 15, 11, 16], [12, 18, 13, 17], [21, 15, 22, 14], [16, 9, 17, 10], [1, 18, 2, 19], [3, 21, 4, 20], [13, 23, 14, 22], [5, 1, 6, 24], [7, 2, 8, 3], [23, 5, 24, 4]]"
12n_0021_73,"[[23, 5, 24, 4], [19, 7, 20, 6], [8, 12, 9, 11], [10, 15, 11, 16], [12, 18, 13, 17], [21, 15, 22, 14], [16, 9, 17, 10], [1, 18, 2, 19], [3, 21, 4, 20], [13, 23, 14, 22], [5, 1, 6, 24], [7, 2, 8, 3]]"
12n_0021_74,"[[7, 2, 8, 3], [23, 5, 24, 4], [19, 7, 20, 6], [8, 12, 9, 11], [10, 15, 11, 16], [12, 18, 13, 17], [21, 15, 22, 14], [16, 9, 17, 10], [1, 18, 2, 19], [3, 21, 4, 20], [13, 23, 14, 22], [5, 1, 6, 24]]"
12n_0021_75,"[[5, 1, 6, 24], [7, 2, 8, 3], [23, 5, 24, 4], [19, 7, 20, 6], [8, 12, 9, 11], [10, 15, 11, 16], [12, 18, 13, 17], [21, 15, 22, 14], [16, 9, 17, 10], [1, 18, 2, 19], [3, 21, 4, 20], [13, 23, 14, 22]]"
12n_0021_76,"[[13, 23, 14, 22], [5, 1, 6, 24], [7, 2, 8, 3], [23, 5, 24, 4], [19, 7, 20, 6], [8, 12, 9, 11], [10, 15, 11, 16], [12, 18, 13, 17], [21, 15, 22, 14], [16, 9, 17, 10], [1, 18, 2, 19], [3, 21, 4, 20]]"
12n_0021_77,"[[3, 21, 4, 20], [13, 23, 14, 22], [5, 1, 6, 24], [7, 2, 8, 3], [23, 5, 24, 4], [19, 7, 20, 6], [8, 12, 9, 11], [10, 15, 11, 16], [12, 18, 13, 17], [21, 15, 22, 14], [16, 9, 17, 10], [1, 18, 2, 19]]"
12n_0021_78,"[[1, 18, 2, 19], [3, 21, 4, 20], [13, 23, 14, 22], [5, 1, 6, 24], [7, 2, 8, 3], [23, 5, 24, 4], [19, 7, 20, 6], [8, 12, 9, 11], [10, 15, 11, 16], [12, 18, 13, 17], [21, 15, 22, 14], [16, 9, 17, 10]]"
12n_0021_79,"[[16, 9, 17, 10], [1, 18, 2, 19], [3, 21, 4, 20], [13, 23, 14, 22], [5, 1, 6, 24], [7, 2, 8, 3], [23, 5, 24, 4], [19, 7, 20, 6], [8, 12, 9, 11], [10, 15, 11, 16], [12, 18, 13, 17], [21, 15, 22, 14]]"
12n_0021_80,"[[21, 15, 22, 14], [16, 9, 17, 10], [1, 18, 2, 19], [3, 21, 4, 20], [13, 23, 14, 22], [5, 1, 6, 24], [7, 2, 8, 3], [23, 5, 24, 4], [19, 7, 20, 6], [8, 12, 9, 11], [10, 15, 11, 16], [12, 18, 13, 17]]"
12n_0021_81,"[[12, 18, 13, 17], [21, 15, 22, 14], [16, 9, 17, 10], [1, 18, 2, 19], [3, 21, 4, 20], [13, 23, 14, 22], [5, 1, 6, 24], [7, 2, 8, 3], [23, 5, 24, 4], [19, 7, 20, 6], [8, 12, 9, 11], [10, 15, 11, 16]]"
12n_0021_82,"[[10, 15, 11, 16], [12, 18, 13, 17], [21, 15, 22, 14], [16, 9, 17, 10], [1, 18, 2, 19], [3, 21, 4, 20], [13, 23, 14, 22], [5, 1, 6, 24], [7, 2, 8, 3], [23, 5, 24, 4], [19, 7, 20, 6], [8, 12, 9, 11]]"
12n_0021_83,"[[8, 12, 9, 11], [10, 15, 11, 16], [12, 18, 13, 17], [21, 15, 22, 14], [16, 9, 17, 10], [1, 18, 2, 19], [3, 21, 4, 20], [13, 23, 14, 22], [5, 1, 6, 24], [7, 2, 8, 3], [23, 5, 24, 4], [19, 7, 20, 6]]"
12n_0021_84,"[[20, 8, 21, 7], [9, 13, 10, 12], [11, 16, 12, 17], [13, 19, 14, 18], [22, 16, 23, 15], [17, 10, 18, 11], [2, 19, 3, 20], [4, 22, 5, 21], [14, 24, 15, 23], [6, 2, 7, 1], [8, 3, 9, 4], [24, 6, 1, 5]]"
12n_0021_85,"[[24, 6, 1, 5], [20, 8, 21, 7], [9, 13, 10, 12], [11, 16, 12, 17], [13, 19, 14, 18], [22, 16, 23, 15], [17, 10, 18, 11], [2, 19, 3, 20], [4, 22, 5, 21], [14, 24, 15, 23], [6, 2, 7, 1], [8, 3, 9, 4]]"
12n_0021_86,"[[8, 3, 9, 4], [24, 6, 1, 5], [20, 8, 21, 7], [9, 13, 10, 12], [11, 16, 12, 17], [13, 19, 14, 18], [22, 16, 23, 15], [17, 10, 18, 11], [2, 19, 3, 20], [4, 22, 5, 21], [14, 24, 15, 23], [6, 2, 7, 1]]"
12n_0021_87,"[[6, 2, 7, 1], [8, 3, 9, 4], [24, 6, 1, 5], [20, 8, 21, 7], [9, 13, 10, 12], [11, 16, 12, 17], [13, 19, 14, 18], [22, 16, 23, 15], [17, 10, 18, 11], [2, 19, 3, 20], [4, 22, 5, 21], [14, 24, 15, 23]]"
12n_0021_88,"[[14, 24, 15, 23], [6, 2, 7, 1], [8, 3, 9, 4], [24, 6, 1, 5], [20, 8, 21, 7], [9, 13, 10, 12], [11, 16, 12, 17], [13, 19, 14, 18], [22, 16, 23, 15], [17, 10, 18, 11], [2, 19, 3, 20], [4, 22, 5, 21]]"
12n_0021_89,"[[4, 22, 5, 21], [14, 24, 15, 23], [6, 2, 7, 1], [8, 3, 9, 4], [24, 6, 1, 5], [20, 8, 21, 7], [9, 13, 10, 12], [11, 16, 12, 17], [13, 19, 14, 18], [22, 16, 23, 15], [17, 10, 18, 11], [2, 19, 3, 20]]"
12n_0021_90,"[[2, 19, 3, 20], [4, 22, 5, 21], [14, 24, 15, 23], [6, 2, 7, 1], [8, 3, 9, 4], [24, 6, 1, 5], [20, 8, 21, 7], [9, 13, 10, 12], [11, 16, 12, 17], [13, 19, 14, 18], [22, 16, 23, 15], [17, 10, 18, 11]]"
12n_0021_91,"[[17, 10, 18, 11], [2, 19, 3, 20], [4, 22, 5, 21], [14, 24, 15, 23], [6, 2, 7, 1], [8, 3, 9, 4], [24, 6, 1, 5], [20, 8, 21, 7], [9, 13, 10, 12], [11, 16, 12, 17], [13, 19, 14, 18], [22, 16, 23, 15]]"
12n_0021_92,"[[22, 16, 23, 15], [17, 10, 18, 11], [2, 19, 3, 20], [4, 22, 5, 21], [14, 24, 15, 23], [6, 2, 7, 1], [8, 3, 9, 4], [24, 6, 1, 5], [20, 8, 21, 7], [9, 13, 10, 12], [11, 16, 12, 17], [13, 19, 14, 18]]"
12n_0021_93,"[[13, 19, 14, 18], [22, 16, 23, 15], [17, 10, 18, 11], [2, 19, 3, 20], [4, 22, 5, 21], [14, 24, 15, 23], [6, 2, 7, 1], [8, 3, 9, 4], [24, 6, 1, 5], [20, 8, 21, 7], [9, 13, 10, 12], [11, 16, 12, 17]]"
12n_0021_94,"[[11, 16, 12, 17], [13, 19, 14, 18], [22, 16, 23, 15], [17, 10, 18, 11], [2, 19, 3, 20], [4, 22, 5, 21], [14, 24, 15, 23], [6, 2, 7, 1], [8, 3, 9, 4], [24, 6, 1, 5], [20, 8, 21, 7], [9, 13, 10, 12]]"
12n_0021_95,"[[9, 13, 10, 12], [11, 16, 12, 17], [13, 19, 14, 18], [22, 16, 23, 15], [17, 10, 18, 11], [2, 19, 3, 20], [4, 22, 5, 21], [14, 24, 15, 23], [6, 2, 7, 1], [8, 3, 9, 4], [24, 6, 1, 5], [20, 8, 21, 7]]"
12n_0021_96,"[[21, 9, 22, 8], [10, 14, 11, 13], [12, 17, 13, 18], [14, 20, 15, 19], [23, 17, 24, 16], [18, 11, 19, 12], [3, 20, 4, 21], [5, 23, 6, 22], [15, 1, 16, 24], [7, 3, 8, 2], [9, 4, 10, 5], [1, 7, 2, 6]]"
12n_0021_97,"[[1, 7, 2, 6], [21, 9, 22, 8], [10, 14, 11, 13], [12, 17, 13, 18], [14, 20, 15, 19], [23, 17, 24, 16], [18, 11, 19, 12], [3, 20, 4, 21], [5, 23, 6, 22], [15, 1, 16, 24], [7, 3, 8, 2], [9, 4, 10, 5]]"
12n_0021_98,"[[9, 4, 10, 5], [1, 7, 2, 6], [21, 9, 22, 8], [10, 14, 11, 13], [12, 17, 13, 18], [14, 20, 15, 19], [23, 17, 24, 16], [18, 11, 19, 12], [3, 20, 4, 21], [5, 23, 6, 22], [15, 1, 16, 24], [7, 3, 8, 2]]"
12n_0021_99,"[[7, 3, 8, 2], [9, 4, 10, 5], [1, 7, 2, 6], [21, 9, 22, 8], [10, 14, 11, 13], [12, 17, 13, 18], [14, 20, 15, 19], [23, 17, 24, 16], [18, 11, 19, 12], [3, 20, 4, 21], [5, 23, 6, 22], [15, 1, 16, 24]]"
12n_0021_100,"[[15, 1, 16, 24], [7, 3, 8, 2], [9, 4, 10, 5], [1, 7, 2, 6], [21, 9, 22, 8], [10, 14, 11, 13], [12, 17, 13, 18], [14, 20, 15, 19], [23, 17, 24, 16], [18, 11, 19, 12], [3, 20, 4, 21], [5, 23, 6, 22]]"
12n_0021_101,"[[5, 23, 6, 22], [15, 1, 16, 24], [7, 3, 8, 2], [9, 4, 10, 5], [1, 7, 2, 6], [21, 9, 22, 8], [10, 14, 11, 13], [12, 17, 13, 18], [14, 20, 15, 19], [23, 17, 24, 16], [18, 11, 19, 12], [3, 20, 4, 21]]"
12n_0021_102,"[[3, 20, 4, 21], [5, 23, 6, 22], [15, 1, 16, 24], [7, 3, 8, 2], [9, 4, 10, 5], [1, 7, 2, 6], [21, 9, 22, 8], [10, 14, 11, 13], [12, 17, 13, 18], [14, 20, 15, 19], [23, 17, 24, 16], [18, 11, 19, 12]]"
12n_0021_103,"[[18, 11, 19, 12], [3, 20, 4, 21], [5, 23, 6, 22], [15, 1, 16, 24], [7, 3, 8, 2], [9, 4, 10, 5], [1, 7, 2, 6], [21, 9, 22, 8], [10, 14, 11, 13], [12, 17, 13, 18], [14, 20, 15, 19], [23, 17, 24, 16]]"
12n_0021_104,"[[23, 17, 24, 16], [18, 11, 19, 12], [3, 20, 4, 21], [5, 23, 6, 22], [15, 1, 16, 24], [7, 3, 8, 2], [9, 4, 10, 5], [1, 7, 2, 6], [21, 9, 22, 8], [10, 14, 11, 13], [12, 17, 13, 18], [14, 20, 15, 19]]"
12n_0021_105,"[[14, 20, 15, 19], [23, 17, 24, 16], [18, 11, 19, 12], [3, 20, 4, 21], [5, 23, 6, 22], [15, 1, 16, 24], [7, 3, 8, 2], [9, 4, 10, 5], [1, 7, 2, 6], [21, 9, 22, 8], [10, 14, 11, 13], [12, 17, 13, 18]]"
12n_0021_106,"[[12, 17, 13, 18], [14, 20, 15, 19], [23, 17, 24, 16], [18, 11, 19, 12], [3, 20, 4, 21], [5, 23, 6, 22], [15, 1, 16, 24], [7, 3, 8, 2], [9, 4, 10, 5], [1, 7, 2, 6], [21, 9, 22, 8], [10, 14, 11, 13]]"
12n_0021_107,"[[10, 14, 11, 13], [12, 17, 13, 18], [14, 20, 15, 19], [23, 17, 24, 16], [18, 11, 19, 12], [3, 20, 4, 21], [5, 23, 6, 22], [15, 1, 16, 24], [7, 3, 8, 2], [9, 4, 10, 5], [1, 7, 2, 6], [21, 9, 22, 8]]"
12n_0021_108,"[[22, 10, 23, 9], [11, 15, 12, 14], [13, 18, 14, 19], [15, 21, 16, 20], [24, 18, 1, 17], [19, 12, 20, 13], [4, 21, 5, 22], [6, 24, 7, 23], [16, 2, 17, 1], [8, 4, 9, 3], [10, 5, 11, 6], [2, 8, 3, 7]]"
12n_0021_109,"[[2, 8, 3, 7], [22, 10, 23, 9], [11, 15, 12, 14], [13, 18, 14, 19], [15, 21, 16, 20], [24, 18, 1, 17], [19, 12, 20, 13], [4, 21, 5, 22], [6, 24, 7, 23], [16, 2, 17, 1], [8, 4, 9, 3], [10, 5, 11, 6]]"
12n_0021_110,"[[10, 5, 11, 6], [2, 8, 3, 7], [22, 10, 23, 9], [11, 15, 12, 14], [13, 18, 14, 19], [15, 21, 16, 20], [24, 18, 1, 17], [19, 12, 20, 13], [4, 21, 5, 22], [6, 24, 7, 23], [16, 2, 17, 1], [8, 4, 9, 3]]"
12n_0021_111,"[[8, 4, 9, 3], [10, 5, 11, 6], [2, 8, 3, 7], [22, 10, 23, 9], [11, 15, 12, 14], [13, 18, 14, 19], [15, 21, 16, 20], [24, 18, 1, 17], [19, 12, 20, 13], [4, 21, 5, 22], [6, 24, 7, 23], [16, 2, 17, 1]]"
12n_0021_112,"[[16, 2, 17, 1], [8, 4, 9, 3], [10, 5, 11, 6], [2, 8, 3, 7], [22, 10, 23, 9], [11, 15, 12, 14], [13, 18, 14, 19], [15, 21, 16, 20], [24, 18, 1, 17], [19, 12, 20, 13], [4, 21, 5, 22], [6, 24, 7, 23]]"
12n_0021_113,"[[6, 24, 7, 23], [16, 2, 17, 1], [8, 4, 9, 3], [10, 5, 11, 6], [2, 8, 3, 7], [22, 10, 23, 9], [11, 15, 12, 14], [13, 18, 14, 19], [15, 21, 16, 20], [24, 18, 1, 17], [19, 12, 20, 13], [4, 21, 5, 22]]"
12n_0021_114,"[[4, 21, 5, 22], [6, 24, 7, 23], [16, 2, 17, 1], [8, 4, 9, 3], [10, 5, 11, 6], [2, 8, 3, 7], [22, 10, 23, 9], [11, 15, 12, 14], [13, 18, 14, 19], [15, 21, 16, 20], [24, 18, 1, 17], [19, 12, 20, 13]]"
12n_0021_115,"[[19, 12, 20, 13], [4, 21, 5, 22], [6, 24, 7, 23], [16, 2, 17, 1], [8, 4, 9, 3], [10, 5, 11, 6], [2, 8, 3, 7], [22, 10, 23, 9], [11, 15, 12, 14], [13, 18, 14, 19], [15, 21, 16, 20], [24, 18, 1, 17]]"
12n_0021_116,"[[24, 18, 1, 17], [19, 12, 20, 13], [4, 21, 5, 22], [6, 24, 7, 23], [16, 2, 17, 1], [8, 4, 9, 3], [10, 5, 11, 6], [2, 8, 3, 7], [22, 10, 23, 9], [11, 15, 12, 14], [13, 18, 14, 19], [15, 21, 16, 20]]"
12n_0021_117,"[[15, 21, 16, 20], [24, 18, 1, 17], [19, 12, 20, 13], [4, 21, 5, 22], [6, 24, 7, 23], [16, 2, 17, 1], [8, 4, 9, 3], [10, 5, 11, 6], [2, 8, 3, 7], [22, 10, 23, 9], [11, 15, 12, 14], [13, 18, 14, 19]]"
12n_0021_118,"[[13, 18, 14, 19], [15, 21, 16, 20], [24, 18, 1, 17], [19, 12, 20, 13], [4, 21, 5, 22], [6, 24, 7, 23], [16, 2, 17, 1], [8, 4, 9, 3], [10, 5, 11, 6], [2, 8, 3, 7], [22, 10, 23, 9], [11, 15, 12, 14]]"
12n_0021_119,"[[11, 15, 12, 14], [13, 18, 14, 19], [15, 21, 16, 20], [24, 18, 1, 17], [19, 12, 20, 13], [4, 21, 5, 22], [6, 24, 7, 23], [16, 2, 17, 1], [8, 4, 9, 3], [10, 5, 11, 6], [2, 8, 3, 7], [22, 10, 23, 9]]"
12n_0021_120,"[[23, 11, 24, 10], [12, 16, 13, 15], [14, 19, 15, 20], [16, 22, 17, 21], [1, 19, 2, 18], [20, 13, 21, 14], [5, 22, 6, 23], [7, 1, 8, 24], [17, 3, 18, 2], [9, 5, 10, 4], [11, 6, 12, 7], [3, 9, 4, 8]]"
12n_0021_121,"[[3, 9, 4, 8], [23, 11, 24, 10], [12, 16, 13, 15], [14, 19, 15, 20], [16, 22, 17, 21], [1, 19, 2, 18], [20, 13, 21, 14], [5, 22, 6, 23], [7, 1, 8, 24], [17, 3, 18, 2], [9, 5, 10, 4], [11, 6, 12, 7]]"
12n_0021_122,"[[11, 6, 12, 7], [3, 9, 4, 8], [23, 11, 24, 10], [12, 16, 13, 15], [14, 19, 15, 20], [16, 22, 17, 21], [1, 19, 2, 18], [20, 13, 21, 14], [5, 22, 6, 23], [7, 1, 8, 24], [17, 3, 18, 2], [9, 5, 10, 4]]"
12n_0021_123,"[[9, 5, 10, 4], [11, 6, 12, 7], [3, 9, 4, 8], [23, 11, 24, 10], [12, 16, 13, 15], [14, 19, 15, 20], [16, 22, 17, 21], [1, 19, 2, 18], [20, 13, 21, 14], [5, 22, 6, 23], [7, 1, 8, 24], [17, 3, 18, 2]]"
12n_0021_124,"[[17, 3, 18, 2], [9, 5, 10, 4], [11, 6, 12, 7], [3, 9, 4, 8], [23, 11, 24, 10], [12, 16, 13, 15], [14, 19, 15, 20], [16, 22, 17, 21], [1, 19, 2, 18], [20, 13, 21, 14], [5, 22, 6, 23], [7, 1, 8, 24]]"
12n_0021_125,"[[7, 1, 8, 24], [17, 3, 18, 2], [9, 5, 10, 4], [11, 6, 12, 7], [3, 9, 4, 8], [23, 11, 24, 10], [12, 16, 13, 15], [14, 19, 15, 20], [16, 22, 17, 21], [1, 19, 2, 18], [20, 13, 21, 14], [5, 22, 6, 23]]"
12n_0021_126,"[[5, 22, 6, 23], [7, 1, 8, 24], [17, 3, 18, 2], [9, 5, 10, 4], [11, 6, 12, 7], [3, 9, 4, 8], [23, 11, 24, 10], [12, 16, 13, 15], [14, 19, 15, 20], [16, 22, 17, 21], [1, 19, 2, 18], [20, 13, 21, 14]]"
12n_0021_127,"[[20, 13, 21, 14], [5, 22, 6, 23], [7, 1, 8, 24], [17, 3, 18, 2], [9, 5, 10, 4], [11, 6, 12, 7], [3, 9, 4, 8], [23, 11, 24, 10], [12, 16, 13, 15], [14, 19, 15, 20], [16, 22, 17, 21], [1, 19, 2, 18]]"
12n_0021_128,"[[1, 19, 2, 18], [20, 13, 21, 14], [5, 22, 6, 23], [7, 1, 8, 24], [17, 3, 18, 2], [9, 5, 10, 4], [11, 6, 12, 7], [3, 9, 4, 8], [23, 11, 24, 10], [12, 16, 13, 15], [14, 19, 15, 20], [16, 22, 17, 21]]"
12n_0021_129,"[[16, 22, 17, 21], [1, 19, 2, 18], [20, 13, 21, 14], [5, 22, 6, 23], [7, 1, 8, 24], [17, 3, 18, 2], [9, 5, 10, 4], [11, 6, 12, 7], [3, 9, 4, 8], [23, 11, 24, 10], [12, 16, 13, 15], [14, 19, 15, 20]]"
12n_0021_130,"[[14, 19, 15, 20], [16, 22, 17, 21], [1, 19, 2, 18], [20, 13, 21, 14], [5, 22, 6, 23], [7, 1, 8, 24], [17, 3, 18, 2], [9, 5, 10, 4], [11, 6, 12, 7], [3, 9, 4, 8], [23, 11, 24, 10], [12, 16, 13, 15]]"
12n_0021_131,"[[12, 16, 13, 15], [14, 19, 15, 20], [16, 22, 17, 21], [1, 19, 2, 18], [20, 13, 21, 14], [5, 22, 6, 23], [7, 1, 8, 24], [17, 3, 18, 2], [9, 5, 10, 4], [11, 6, 12, 7], [3, 9, 4, 8], [23, 11, 24, 10]]"
12n_0021_132,"[[24, 12, 1, 11], [13, 17, 14, 16], [15, 20, 16, 21], [17, 23, 18, 22], [2, 20, 3, 19], [21, 14, 22, 15], [6, 23, 7, 24], [8, 2, 9, 1], [18, 4, 19, 3], [10, 6, 11, 5], [12, 7, 13, 8], [4, 10, 5, 9]]"
12n_0021_133,"[[4, 10, 5, 9], [24, 12, 1, 11], [13, 17, 14, 16], [15, 20, 16, 21], [17, 23, 18, 22], [2, 20, 3, 19], [21, 14, 22, 15], [6, 23, 7, 24], [8, 2, 9, 1], [18, 4, 19, 3], [10, 6, 11, 5], [12, 7, 13, 8]]"
12n_0021_134,"[[12, 7, 13, 8], [4, 10, 5, 9], [24, 12, 1, 11], [13, 17, 14, 16], [15, 20, 16, 21], [17, 23, 18, 22], [2, 20, 3, 19], [21, 14, 22, 15], [6, 23, 7, 24], [8, 2, 9, 1], [18, 4, 19, 3], [10, 6, 11, 5]]"
12n_0021_135,"[[10, 6, 11, 5], [12, 7, 13, 8], [4, 10, 5, 9], [24, 12, 1, 11], [13, 17, 14, 16], [15, 20, 16, 21], [17, 23, 18, 22], [2, 20, 3, 19], [21, 14, 22, 15], [6, 23, 7, 24], [8, 2, 9, 1], [18, 4, 19, 3]]"
12n_0021_136,"[[18, 4, 19, 3], [10, 6, 11, 5], [12, 7, 13, 8], [4, 10, 5, 9], [24, 12, 1, 11], [13, 17, 14, 16], [15, 20, 16, 21], [17, 23, 18, 22], [2, 20, 3, 19], [21, 14, 22, 15], [6, 23, 7, 24], [8, 2, 9, 1]]"
12n_0021_137,"[[8, 2, 9, 1], [18, 4, 19, 3], [10, 6, 11, 5], [12, 7, 13, 8], [4, 10, 5, 9], [24, 12, 1, 11], [13, 17, 14, 16], [15, 20, 16, 21], [17, 23, 18, 22], [2, 20, 3, 19], [21, 14, 22, 15], [6, 23, 7, 24]]"
12n_0021_138,"[[6, 23, 7, 24], [8, 2, 9, 1], [18, 4, 19, 3], [10, 6, 11, 5], [12, 7, 13, 8], [4, 10, 5, 9], [24, 12, 1, 11], [13, 17, 14, 16], [15, 20, 16, 21], [17, 23, 18, 22], [2, 20, 3, 19], [21, 14, 22, 15]]"
12n_0021_139,"[[21, 14, 22, 15], [6, 23, 7, 24], [8, 2, 9, 1], [18, 4, 19, 3], [10, 6, 11, 5], [12, 7, 13, 8], [4, 10, 5, 9], [24, 12, 1, 11], [13, 17, 14, 16], [15, 20, 16, 21], [17, 23, 18, 22], [2, 20, 3, 19]]"
12n_0021_140,"[[2, 20, 3, 19], [21, 14, 22, 15], [6, 23, 7, 24], [8, 2, 9, 1], [18, 4, 19, 3], [10, 6, 11, 5], [12, 7, 13, 8], [4, 10, 5, 9], [24, 12, 1, 11], [13, 17, 14, 16], [15, 20, 16, 21], [17, 23, 18, 22]]"
12n_0021_141,"[[17, 23, 18, 22], [2, 20, 3, 19], [21, 14, 22, 15], [6, 23, 7, 24], [8, 2, 9, 1], [18, 4, 19, 3], [10, 6, 11, 5], [12, 7, 13, 8], [4, 10, 5, 9], [24, 12, 1, 11], [13, 17, 14, 16], [15, 20, 16, 21]]"
12n_0021_142,"[[15, 20, 16, 21], [17, 23, 18, 22], [2, 20, 3, 19], [21, 14, 22, 15], [6, 23, 7, 24], [8, 2, 9, 1], [18, 4, 19, 3], [10, 6, 11, 5], [12, 7, 13, 8], [4, 10, 5, 9], [24, 12, 1, 11], [13, 17, 14, 16]]"
12n_0021_143,"[[13, 17, 14, 16], [15, 20, 16, 21], [17, 23, 18, 22], [2, 20, 3, 19], [21, 14, 22, 15], [6, 23, 7, 24], [8, 2, 9, 1], [18, 4, 19, 3], [10, 6, 11, 5], [12, 7, 13, 8], [4, 10, 5, 9], [24, 12, 1, 11]]"
12n_0021_144,"[[1, 13, 2, 12], [14, 18, 15, 17], [16, 21, 17, 22], [18, 24, 19, 23], [3, 21, 4, 20], [22, 15, 23, 16], [7, 24, 8, 1], [9, 3, 10, 2], [19, 5, 20, 4], [11, 7, 12, 6], [13, 8, 14, 9], [5, 11, 6, 10]]"
12n_0021_145,"[[5, 11, 6, 10], [1, 13, 2, 12], [14, 18, 15, 17], [16, 21, 17, 22], [18, 24, 19, 23], [3, 21, 4, 20], [22, 15, 23, 16], [7, 24, 8, 1], [9, 3, 10, 2], [19, 5, 20, 4], [11, 7, 12, 6], [13, 8, 14, 9]]"
12n_0021_146,"[[13, 8, 14, 9], [5, 11, 6, 10], [1, 13, 2, 12], [14, 18, 15, 17], [16, 21, 17, 22], [18, 24, 19, 23], [3, 21, 4, 20], [22, 15, 23, 16], [7, 24, 8, 1], [9, 3, 10, 2], [19, 5, 20, 4], [11, 7, 12, 6]]"
12n_0021_147,"[[11, 7, 12, 6], [13, 8, 14, 9], [5, 11, 6, 10], [1, 13, 2, 12], [14, 18, 15, 17], [16, 21, 17, 22], [18, 24, 19, 23], [3, 21, 4, 20], [22, 15, 23, 16], [7, 24, 8, 1], [9, 3, 10, 2], [19, 5, 20, 4]]"
12n_0021_148,"[[19, 5, 20, 4], [11, 7, 12, 6], [13, 8, 14, 9], [5, 11, 6, 10], [1, 13, 2, 12], [14, 18, 15, 17], [16, 21, 17, 22], [18, 24, 19, 23], [3, 21, 4, 20], [22, 15, 23, 16], [7, 24, 8, 1], [9, 3, 10, 2]]"
12n_0021_149,"[[9, 3, 10, 2], [19, 5, 20, 4], [11, 7, 12, 6], [13, 8, 14, 9], [5, 11, 6, 10], [1, 13, 2, 12], [14, 18, 15, 17], [16, 21, 17, 22], [18, 24, 19, 23], [3, 21, 4, 20], [22, 15, 23, 16], [7, 24, 8, 1]]"
12n_0021_150,"[[7, 24, 8, 1], [9, 3, 10, 2], [19, 5, 20, 4], [11, 7, 12, 6], [13, 8, 14, 9], [5, 11, 6, 10], [1, 13, 2, 12], [14, 18, 15, 17], [16, 21, 17, 22], [18, 24, 19, 23], [3, 21, 4, 20], [22, 15, 23, 16]]"
12n_0021_151,"[[22, 15, 23, 16], [7, 24, 8, 1], [9, 3, 10, 2], [19, 5, 20, 4], [11, 7, 12, 6], [13, 8, 14, 9], [5, 11, 6, 10], [1, 13, 2, 12], [14, 18, 15, 17], [16, 21, 17, 22], [18, 24, 19, 23], [3, 21, 4, 20]]"
12n_0021_152,"[[3, 21, 4, 20], [22, 15, 23, 16], [7, 24, 8, 1], [9, 3, 10, 2], [19, 5, 20, 4], [11, 7, 12, 6], [13, 8, 14, 9], [5, 11, 6, 10], [1, 13, 2, 12], [14, 18, 15, 17], [16, 21, 17, 22], [18, 24, 19, 23]]"
12n_0021_153,"[[18, 24, 19, 23], [3, 21, 4, 20], [22, 15, 23, 16], [7, 24, 8, 1], [9, 3, 10, 2], [19, 5, 20, 4], [11, 7, 12, 6], [13, 8, 14, 9], [5, 11, 6, 10], [1, 13, 2, 12], [14, 18, 15, 17], [16, 21, 17, 22]]"
12n_0021_154,"[[16, 21, 17, 22], [18, 24, 19, 23], [3, 21, 4, 20], [22, 15, 23, 16], [7, 24, 8, 1], [9, 3, 10, 2], [19, 5, 20, 4], [11, 7, 12, 6], [13, 8, 14, 9], [5, 11, 6, 10], [1, 13, 2, 12], [14, 18, 15, 17]]"
12n_0021_155,"[[14, 18, 15, 17], [16, 21, 17, 22], [18, 24, 19, 23], [3, 21, 4, 20], [22, 15, 23, 16], [7, 24, 8, 1], [9, 3, 10, 2], [19, 5, 20, 4], [11, 7, 12, 6], [13, 8, 14, 9], [5, 11, 6, 10], [1, 13, 2, 12]]"
12n_0021_156,"[[2, 14, 3, 13], [15, 19, 16, 18], [17, 22, 18, 23], [19, 1, 20, 24], [4, 22, 5, 21], [23, 16, 24, 17], [8, 1, 9, 2], [10, 4, 11, 3], [20, 6, 21, 5], [12, 8, 13, 7], [14, 9, 15, 10], [6, 12, 7, 11]]"
12n_0021_157,"[[6, 12, 7, 11], [2, 14, 3, 13], [15, 19, 16, 18], [17, 22, 18, 23], [19, 1, 20, 24], [4, 22, 5, 21], [23, 16, 24, 17], [8, 1, 9, 2], [10, 4, 11, 3], [20, 6, 21, 5], [12, 8, 13, 7], [14, 9, 15, 10]]"
12n_0021_158,"[[14, 9, 15, 10], [6, 12, 7, 11], [2, 14, 3, 13], [15, 19, 16, 18], [17, 22, 18, 23], [19, 1, 20, 24], [4, 22, 5, 21], [23, 16, 24, 17], [8, 1, 9, 2], [10, 4, 11, 3], [20, 6, 21, 5], [12, 8, 13, 7]]"
12n_0021_159,"[[12, 8, 13, 7], [14, 9, 15, 10], [6, 12, 7, 11], [2, 14, 3, 13], [15, 19, 16, 18], [17, 22, 18, 23], [19, 1, 20, 24], [4, 22, 5, 21], [23, 16, 24, 17], [8, 1, 9, 2], [10, 4, 11, 3], [20, 6, 21, 5]]"
12n_0021_160,"[[20, 6, 21, 5], [12, 8, 13, 7], [14, 9, 15, 10], [6, 12, 7, 11], [2, 14, 3, 13], [15, 19, 16, 18], [17, 22, 18, 23], [19, 1, 20, 24], [4, 22, 5, 21], [23, 16, 24, 17], [8, 1, 9, 2], [10, 4, 11, 3]]"
12n_0021_161,"[[10, 4, 11, 3], [20, 6, 21, 5], [12, 8, 13, 7], [14, 9, 15, 10], [6, 12, 7, 11], [2, 14, 3, 13], [15, 19, 16, 18], [17, 22, 18, 23], [19, 1, 20, 24], [4, 22, 5, 21], [23, 16, 24, 17], [8, 1, 9, 2]]"
12n_0021_162,"[[8, 1, 9, 2], [10, 4, 11, 3], [20, 6, 21, 5], [12, 8, 13, 7], [14, 9, 15, 10], [6, 12, 7, 11], [2, 14, 3, 13], [15, 19, 16, 18], [17, 22, 18, 23], [19, 1, 20, 24], [4, 22, 5, 21], [23, 16, 24, 17]]"
12n_0021_163,"[[23, 16, 24, 17], [8, 1, 9, 2], [10, 4, 11, 3], [20, 6, 21, 5], [12, 8, 13, 7], [14, 9, 15, 10], [6, 12, 7, 11], [2, 14, 3, 13], [15, 19, 16, 18], [17, 22, 18, 23], [19, 1, 20, 24], [4, 22, 5, 21]]"
12n_0021_164,"[[4, 22, 5, 21], [23, 16, 24, 17], [8, 1, 9, 2], [10, 4, 11, 3], [20, 6, 21, 5], [12, 8, 13, 7], [14, 9, 15, 10], [6, 12, 7, 11], [2, 14, 3, 13], [15, 19, 16, 18], [17, 22, 18, 23], [19, 1, 20, 24]]"
12n_0021_165,"[[19, 1, 20, 24], [4, 22, 5, 21], [23, 16, 24, 17], [8, 1, 9, 2], [10, 4, 11, 3], [20, 6, 21, 5], [12, 8, 13, 7], [14, 9, 15, 10], [6, 12, 7, 11], [2, 14, 3, 13], [15, 19, 16, 18], [17, 22, 18, 23]]"
12n_0021_166,"[[17, 22, 18, 23], [19, 1, 20, 24], [4, 22, 5, 21], [23, 16, 24, 17], [8, 1, 9, 2], [10, 4, 11, 3], [20, 6, 21, 5], [12, 8, 13, 7], [14, 9, 15, 10], [6, 12, 7, 11], [2, 14, 3, 13], [15, 19, 16, 18]]"
12n_0021_167,"[[15, 19, 16, 18], [17, 22, 18, 23], [19, 1, 20, 24], [4, 22, 5, 21], [23, 16, 24, 17], [8, 1, 9, 2], [10, 4, 11, 3], [20, 6, 21, 5], [12, 8, 13, 7], [14, 9, 15, 10], [6, 12, 7, 11], [2, 14, 3, 13]]"
12n_0021_168,"[[3, 15, 4, 14], [16, 20, 17, 19], [18, 23, 19, 24], [20, 2, 21, 1], [5, 23, 6, 22], [24, 17, 1, 18], [9, 2, 10, 3], [11, 5, 12, 4], [21, 7, 22, 6], [13, 9, 14, 8], [15, 10, 16, 11], [7, 13, 8, 12]]"
12n_0021_169,"[[7, 13, 8, 12], [3, 15, 4, 14], [16, 20, 17, 19], [18, 23, 19, 24], [20, 2, 21, 1], [5, 23, 6, 22], [24, 17, 1, 18], [9, 2, 10, 3], [11, 5, 12, 4], [21, 7, 22, 6], [13, 9, 14, 8], [15, 10, 16, 11]]"
12n_0021_170,"[[15, 10, 16, 11], [7, 13, 8, 12], [3, 15, 4, 14], [16, 20, 17, 19], [18, 23, 19, 24], [20, 2, 21, 1], [5, 23, 6, 22], [24, 17, 1, 18], [9, 2, 10, 3], [11, 5, 12, 4], [21, 7, 22, 6], [13, 9, 14, 8]]"
12n_0021_171,"[[13, 9, 14, 8], [15, 10, 16, 11], [7, 13, 8, 12], [3, 15, 4, 14], [16, 20, 17, 19], [18, 23, 19, 24], [20, 2, 21, 1], [5, 23, 6, 22], [24, 17, 1, 18], [9, 2, 10, 3], [11, 5, 12, 4], [21, 7, 22, 6]]"
12n_0021_172,"[[21, 7, 22, 6], [13, 9, 14, 8], [15, 10, 16, 11], [7, 13, 8, 12], [3, 15, 4, 14], [16, 20, 17, 19], [18, 23, 19, 24], [20, 2, 21, 1], [5, 23, 6, 22], [24, 17, 1, 18], [9, 2, 10, 3], [11, 5, 12, 4]]"
12n_0021_173,"[[11, 5, 12, 4], [21, 7, 22, 6], [13, 9, 14, 8], [15, 10, 16, 11], [7, 13, 8, 12], [3, 15, 4, 14], [16, 20, 17, 19], [18, 23, 19, 24], [20, 2, 21, 1], [5, 23, 6, 22], [24, 17, 1, 18], [9, 2, 10, 3]]"
12n_0021_174,"[[9, 2, 10, 3], [11, 5, 12, 4], [21, 7, 22, 6], [13, 9, 14, 8], [15, 10, 16, 11], [7, 13, 8, 12], [3, 15, 4, 14], [16, 20, 17, 19], [18, 23, 19, 24], [20, 2, 21, 1], [5, 23, 6, 22], [24, 17, 1, 18]]"
12n_0021_175,"[[24, 17, 1, 18], [9, 2, 10, 3], [11, 5, 12, 4], [21, 7, 22, 6], [13, 9, 14, 8], [15, 10, 16, 11], [7, 13, 8, 12], [3, 15, 4, 14], [16, 20, 17, 19], [18, 23, 19, 24], [20, 2, 21, 1], [5, 23, 6, 22]]"
12n_0021_176,"[[5, 23, 6, 22], [24, 17, 1, 18], [9, 2, 10, 3], [11, 5, 12, 4], [21, 7, 22, 6], [13, 9, 14, 8], [15, 10, 16, 11], [7, 13, 8, 12], [3, 15, 4, 14], [16, 20, 17, 19], [18, 23, 19, 24], [20, 2, 21, 1]]"
12n_0021_177,"[[20, 2, 21, 1], [5, 23, 6, 22], [24, 17, 1, 18], [9, 2, 10, 3], [11, 5, 12, 4], [21, 7, 22, 6], [13, 9, 14, 8], [15, 10, 16, 11], [7, 13, 8, 12], [3, 15, 4, 14], [16, 20, 17, 19], [18, 23, 19, 24]]"
12n_0021_178,"[[18, 23, 19, 24], [20, 2, 21, 1], [5, 23, 6, 22], [24, 17, 1, 18], [9, 2, 10, 3], [11, 5, 12, 4], [21, 7, 22, 6], [13, 9, 14, 8], [15, 10, 16, 11], [7, 13, 8, 12], [3, 15, 4, 14], [16, 20, 17, 19]]"
12n_0021_179,"[[16, 20, 17, 19], [18, 23, 19, 24], [20, 2, 21, 1], [5, 23, 6, 22], [24, 17, 1, 18], [9, 2, 10, 3], [11, 5, 12, 4], [21, 7, 22, 6], [13, 9, 14, 8], [15, 10, 16, 11], [7, 13, 8, 12], [3, 15, 4, 14]]"
12n_0021_180,"[[4, 16, 5, 15], [17, 21, 18, 20], [19, 24, 20, 1], [21, 3, 22, 2], [6, 24, 7, 23], [1, 18, 2, 19], [10, 3, 11, 4], [12, 6, 13, 5], [22, 8, 23, 7], [14, 10, 15, 9], [16, 11, 17, 12], [8, 14, 9, 13]]"
12n_0021_181,"[[8, 14, 9, 13], [4, 16, 5, 15], [17, 21, 18, 20], [19, 24, 20, 1], [21, 3, 22, 2], [6, 24, 7, 23], [1, 18, 2, 19], [10, 3, 11, 4], [12, 6, 13, 5], [22, 8, 23, 7], [14, 10, 15, 9], [16, 11, 17, 12]]"
12n_0021_182,"[[16, 11, 17, 12], [8, 14, 9, 13], [4, 16, 5, 15], [17, 21, 18, 20], [19, 24, 20, 1], [21, 3, 22, 2], [6, 24, 7, 23], [1, 18, 2, 19], [10, 3, 11, 4], [12, 6, 13, 5], [22, 8, 23, 7], [14, 10, 15, 9]]"
12n_0021_183,"[[14, 10, 15, 9], [16, 11, 17, 12], [8, 14, 9, 13], [4, 16, 5, 15], [17, 21, 18, 20], [19, 24, 20, 1], [21, 3, 22, 2], [6, 24, 7, 23], [1, 18, 2, 19], [10, 3, 11, 4], [12, 6, 13, 5], [22, 8, 23, 7]]"
12n_0021_184,"[[22, 8, 23, 7], [14, 10, 15, 9], [16, 11, 17, 12], [8, 14, 9, 13], [4, 16, 5, 15], [17, 21, 18, 20], [19, 24, 20, 1], [21, 3, 22, 2], [6, 24, 7, 23], [1, 18, 2, 19], [10, 3, 11, 4], [12, 6, 13, 5]]"
12n_0021_185,"[[12, 6, 13, 5], [22, 8, 23, 7], [14, 10, 15, 9], [16, 11, 17, 12], [8, 14, 9, 13], [4, 16, 5, 15], [17, 21, 18, 20], [19, 24, 20, 1], [21, 3, 22, 2], [6, 24, 7, 23], [1, 18, 2, 19], [10, 3, 11, 4]]"
