name,pd_notation
12n_0593_0,"[[17, 1, 18, 24], [2, 6, 3, 5], [4, 14, 5, 13], [19, 7, 20, 6], [15, 8, 16, 9], [21, 11, 22, 10], [12, 4, 13, 3], [9, 14, 10, 15], [1, 17, 2, 16], [23, 19, 24, 18], [11, 21, 12, 20], [7, 23, 8, 22]]"
12n_0593_1,"[[7, 23, 8, 22], [17, 1, 18, 24], [2, 6, 3, 5], [4, 14, 5, 13], [19, 7, 20, 6], [15, 8, 16, 9], [21, 11, 22, 10], [12, 4, 13, 3], [9, 14, 10, 15], [1, 17, 2, 16], [23, 19, 24, 18], [11, 21, 12, 20]]"
12n_0593_2,"[[11, 21, 12, 20], [7, 23, 8, 22], [17, 1, 18, 24], [2, 6, 3, 5], [4, 14, 5, 13], [19, 7, 20, 6], [15, 8, 16, 9], [21, 11, 22, 10], [12, 4, 13, 3], [9, 14, 10, 15], [1, 17, 2, 16], [23, 19, 24, 18]]"
12n_0593_3,"[[23, 19, 24, 18], [11, 21, 12, 20], [7, 23, 8, 22], [17, 1, 18, 24], [2, 6, 3, 5], [4, 14, 5, 13], [19, 7, 20, 6], [15, 8, 16, 9], [21, 11, 22, 10], [12, 4, 13, 3], [9, 14, 10, 15], [1, 17, 2, 16]]"
12n_0593_4,"[[1, 17, 2, 16], [23, 19, 24, 18], [11, 21, 12, 20], [7, 23, 8, 22], [17, 1, 18, 24], [2, 6, 3, 5], [4, 14, 5, 13], [19, 7, 20, 6], [15, 8, 16, 9], [21, 11, 22, 10], [12, 4, 13, 3], [9, 14, 10, 15]]"
12n_0593_5,"[[9, 14, 10, 15], [1, 17, 2, 16], [23, 19, 24, 18], [11, 21, 12, 20], [7, 23, 8, 22], [17, 1, 18, 24], [2, 6, 3, 5], [4, 14, 5, 13], [19, 7, 20, 6], [15, 8, 16, 9], [21, 11, 22, 10], [12, 4, 13, 3]]"
12n_0593_6,"[[12, 4, 13, 3], [9, 14, 10, 15], [1, 17, 2, 16], [23, 19, 24, 18], [11, 21, 12, 20], [7, 23, 8, 22], [17, 1, 18, 24], [2, 6, 3, 5], [4, 14, 5, 13], [19, 7, 20, 6], [15, 8, 16, 9], [21, 11, 22, 10]]"
12n_0593_7,"[[21, 11, 22, 10], [12, 4, 13, 3], [9, 14, 10, 15], [1, 17, 2, 16], [23, 19, 24, 18], [11, 21, 12, 20], [7, 23, 8, 22], [17, 1, 18, 24], [2, 6, 3, 5], [4, 14, 5, 13], [19, 7, 20, 6], [15, 8, 16, 9]]"
12n_0593_8,"[[15, 8, 16, 9], [21, 11, 22, 10], [12, 4, 13, 3], [9, 14, 10, 15], [1, 17, 2, 16], [23, 19, 24, 18], [11, 21, 12, 20], [7, 23, 8, 22], [17, 1, 18, 24], [2, 6, 3, 5], [4, 14, 5, 13], [19, 7, 20, 6]]"
12n_0593_9,"[[19, 7, 20, 6], [15, 8, 16, 9], [21, 11, 22, 10], [12, 4, 13, 3], [9, 14, 10, 15], [1, 17, 2, 16], [23, 19, 24, 18], [11, 21, 12, 20], [7, 23, 8, 22], [17, 1, 18, 24], [2, 6, 3, 5], [4, 14, 5, 13]]"
12n_0593_10,"[[4, 14, 5, 13], [19, 7, 20, 6], [15, 8, 16, 9], [21, 11, 22, 10], [12, 4, 13, 3], [9, 14, 10, 15], [1, 17, 2, 16], [23, 19, 24, 18], [11, 21, 12, 20], [7, 23, 8, 22], [17, 1, 18, 24], [2, 6, 3, 5]]"
12n_0593_11,"[[2, 6, 3, 5], [4, 14, 5, 13], [19, 7, 20, 6], [15, 8, 16, 9], [21, 11, 22, 10], [12, 4, 13, 3], [9, 14, 10, 15], [1, 17, 2, 16], [23, 19, 24, 18], [11, 21, 12, 20], [7, 23, 8, 22], [17, 1, 18, 24]]"
12n_0593_12,"[[18, 2, 19, 1], [3, 7, 4, 6], [5, 15, 6, 14], [20, 8, 21, 7], [16, 9, 17, 10], [22, 12, 23, 11], [13, 5, 14, 4], [10, 15, 11, 16], [2, 18, 3, 17], [24, 20, 1, 19], [12, 22, 13, 21], [8, 24, 9, 23]]"
12n_0593_13,"[[8, 24, 9, 23], [18, 2, 19, 1], [3, 7, 4, 6], [5, 15, 6, 14], [20, 8, 21, 7], [16, 9, 17, 10], [22, 12, 23, 11], [13, 5, 14, 4], [10, 15, 11, 16], [2, 18, 3, 17], [24, 20, 1, 19], [12, 22, 13, 21]]"
12n_0593_14,"[[12, 22, 13, 21], [8, 24, 9, 23], [18, 2, 19, 1], [3, 7, 4, 6], [5, 15, 6, 14], [20, 8, 21, 7], [16, 9, 17, 10], [22, 12, 23, 11], [13, 5, 14, 4], [10, 15, 11, 16], [2, 18, 3, 17], [24, 20, 1, 19]]"
12n_0593_15,"[[24, 20, 1, 19], [12, 22, 13, 21], [8, 24, 9, 23], [18, 2, 19, 1], [3, 7, 4, 6], [5, 15, 6, 14], [20, 8, 21, 7], [16, 9, 17, 10], [22, 12, 23, 11], [13, 5, 14, 4], [10, 15, 11, 16], [2, 18, 3, 17]]"
12n_0593_16,"[[2, 18, 3, 17], [24, 20, 1, 19], [12, 22, 13, 21], [8, 24, 9, 23], [18, 2, 19, 1], [3, 7, 4, 6], [5, 15, 6, 14], [20, 8, 21, 7], [16, 9, 17, 10], [22, 12, 23, 11], [13, 5, 14, 4], [10, 15, 11, 16]]"
12n_0593_17,"[[10, 15, 11, 16], [2, 18, 3, 17], [24, 20, 1, 19], [12, 22, 13, 21], [8, 24, 9, 23], [18, 2, 19, 1], [3, 7, 4, 6], [5, 15, 6, 14], [20, 8, 21, 7], [16, 9, 17, 10], [22, 12, 23, 11], [13, 5, 14, 4]]"
12n_0593_18,"[[13, 5, 14, 4], [10, 15, 11, 16], [2, 18, 3, 17], [24, 20, 1, 19], [12, 22, 13, 21], [8, 24, 9, 23], [18, 2, 19, 1], [3, 7, 4, 6], [5, 15, 6, 14], [20, 8, 21, 7], [16, 9, 17, 10], [22, 12, 23, 11]]"
12n_0593_19,"[[22, 12, 23, 11], [13, 5, 14, 4], [10, 15, 11, 16], [2, 18, 3, 17], [24, 20, 1, 19], [12, 22, 13, 21], [8, 24, 9, 23], [18, 2, 19, 1], [3, 7, 4, 6], [5, 15, 6, 14], [20, 8, 21, 7], [16, 9, 17, 10]]"
12n_0593_20,"[[16, 9, 17, 10], [22, 12, 23, 11], [13, 5, 14, 4], [10, 15, 11, 16], [2, 18, 3, 17], [24, 20, 1, 19], [12, 22, 13, 21], [8, 24, 9, 23], [18, 2, 19, 1], [3, 7, 4, 6], [5, 15, 6, 14], [20, 8, 21, 7]]"
12n_0593_21,"[[20, 8, 21, 7], [16, 9, 17, 10], [22, 12, 23, 11], [13, 5, 14, 4], [10, 15, 11, 16], [2, 18, 3, 17], [24, 20, 1, 19], [12, 22, 13, 21], [8, 24, 9, 23], [18, 2, 19, 1], [3, 7, 4, 6], [5, 15, 6, 14]]"
12n_0593_22,"[[5, 15, 6, 14], [20, 8, 21, 7], [16, 9, 17, 10], [22, 12, 23, 11], [13, 5, 14, 4], [10, 15, 11, 16], [2, 18, 3, 17], [24, 20, 1, 19], [12, 22, 13, 21], [8, 24, 9, 23], [18, 2, 19, 1], [3, 7, 4, 6]]"
12n_0593_23,"[[3, 7, 4, 6], [5, 15, 6, 14], [20, 8, 21, 7], [16, 9, 17, 10], [22, 12, 23, 11], [13, 5, 14, 4], [10, 15, 11, 16], [2, 18, 3, 17], [24, 20, 1, 19], [12, 22, 13, 21], [8, 24, 9, 23], [18, 2, 19, 1]]"
12n_0593_24,"[[19, 3, 20, 2], [4, 8, 5, 7], [6, 16, 7, 15], [21, 9, 22, 8], [17, 10, 18, 11], [23, 13, 24, 12], [14, 6, 15, 5], [11, 16, 12, 17], [3, 19, 4, 18], [1, 21, 2, 20], [13, 23, 14, 22], [9, 1, 10, 24]]"
12n_0593_25,"[[9, 1, 10, 24], [19, 3, 20, 2], [4, 8, 5, 7], [6, 16, 7, 15], [21, 9, 22, 8], [17, 10, 18, 11], [23, 13, 24, 12], [14, 6, 15, 5], [11, 16, 12, 17], [3, 19, 4, 18], [1, 21, 2, 20], [13, 23, 14, 22]]"
12n_0593_26,"[[13, 23, 14, 22], [9, 1, 10, 24], [19, 3, 20, 2], [4, 8, 5, 7], [6, 16, 7, 15], [21, 9, 22, 8], [17, 10, 18, 11], [23, 13, 24, 12], [14, 6, 15, 5], [11, 16, 12, 17], [3, 19, 4, 18], [1, 21, 2, 20]]"
12n_0593_27,"[[1, 21, 2, 20], [13, 23, 14, 22], [9, 1, 10, 24], [19, 3, 20, 2], [4, 8, 5, 7], [6, 16, 7, 15], [21, 9, 22, 8], [17, 10, 18, 11], [23, 13, 24, 12], [14, 6, 15, 5], [11, 16, 12, 17], [3, 19, 4, 18]]"
12n_0593_28,"[[3, 19, 4, 18], [1, 21, 2, 20], [13, 23, 14, 22], [9, 1, 10, 24], [19, 3, 20, 2], [4, 8, 5, 7], [6, 16, 7, 15], [21, 9, 22, 8], [17, 10, 18, 11], [23, 13, 24, 12], [14, 6, 15, 5], [11, 16, 12, 17]]"
12n_0593_29,"[[11, 16, 12, 17], [3, 19, 4, 18], [1, 21, 2, 20], [13, 23, 14, 22], [9, 1, 10, 24], [19, 3, 20, 2], [4, 8, 5, 7], [6, 16, 7, 15], [21, 9, 22, 8], [17, 10, 18, 11], [23, 13, 24, 12], [14, 6, 15, 5]]"
12n_0593_30,"[[14, 6, 15, 5], [11, 16, 12, 17], [3, 19, 4, 18], [1, 21, 2, 20], [13, 23, 14, 22], [9, 1, 10, 24], [19, 3, 20, 2], [4, 8, 5, 7], [6, 16, 7, 15], [21, 9, 22, 8], [17, 10, 18, 11], [23, 13, 24, 12]]"
12n_0593_31,"[[23, 13, 24, 12], [14, 6, 15, 5], [11, 16, 12, 17], [3, 19, 4, 18], [1, 21, 2, 20], [13, 23, 14, 22], [9, 1, 10, 24], [19, 3, 20, 2], [4, 8, 5, 7], [6, 16, 7, 15], [21, 9, 22, 8], [17, 10, 18, 11]]"
12n_0593_32,"[[17, 10, 18, 11], [23, 13, 24, 12], [14, 6, 15, 5], [11, 16, 12, 17], [3, 19, 4, 18], [1, 21, 2, 20], [13, 23, 14, 22], [9, 1, 10, 24], [19, 3, 20, 2], [4, 8, 5, 7], [6, 16, 7, 15], [21, 9, 22, 8]]"
12n_0593_33,"[[21, 9, 22, 8], [17, 10, 18, 11], [23, 13, 24, 12], [14, 6, 15, 5], [11, 16, 12, 17], [3, 19, 4, 18], [1, 21, 2, 20], [13, 23, 14, 22], [9, 1, 10, 24], [19, 3, 20, 2], [4, 8, 5, 7], [6, 16, 7, 15]]"
12n_0593_34,"[[6, 16, 7, 15], [21, 9, 22, 8], [17, 10, 18, 11], [23, 13, 24, 12], [14, 6, 15, 5], [11, 16, 12, 17], [3, 19, 4, 18], [1, 21, 2, 20], [13, 23, 14, 22], [9, 1, 10, 24], [19, 3, 20, 2], [4, 8, 5, 7]]"
12n_0593_35,"[[4, 8, 5, 7], [6, 16, 7, 15], [21, 9, 22, 8], [17, 10, 18, 11], [23, 13, 24, 12], [14, 6, 15, 5], [11, 16, 12, 17], [3, 19, 4, 18], [1, 21, 2, 20], [13, 23, 14, 22], [9, 1, 10, 24], [19, 3, 20, 2]]"
12n_0593_36,"[[20, 4, 21, 3], [5, 9, 6, 8], [7, 17, 8, 16], [22, 10, 23, 9], [18, 11, 19, 12], [24, 14, 1, 13], [15, 7, 16, 6], [12, 17, 13, 18], [4, 20, 5, 19], [2, 22, 3, 21], [14, 24, 15, 23], [10, 2, 11, 1]]"
12n_0593_37,"[[10, 2, 11, 1], [20, 4, 21, 3], [5, 9, 6, 8], [7, 17, 8, 16], [22, 10, 23, 9], [18, 11, 19, 12], [24, 14, 1, 13], [15, 7, 16, 6], [12, 17, 13, 18], [4, 20, 5, 19], [2, 22, 3, 21], [14, 24, 15, 23]]"
12n_0593_38,"[[14, 24, 15, 23], [10, 2, 11, 1], [20, 4, 21, 3], [5, 9, 6, 8], [7, 17, 8, 16], [22, 10, 23, 9], [18, 11, 19, 12], [24, 14, 1, 13], [15, 7, 16, 6], [12, 17, 13, 18], [4, 20, 5, 19], [2, 22, 3, 21]]"
12n_0593_39,"[[2, 22, 3, 21], [14, 24, 15, 23], [10, 2, 11, 1], [20, 4, 21, 3], [5, 9, 6, 8], [7, 17, 8, 16], [22, 10, 23, 9], [18, 11, 19, 12], [24, 14, 1, 13], [15, 7, 16, 6], [12, 17, 13, 18], [4, 20, 5, 19]]"
12n_0593_40,"[[4, 20, 5, 19], [2, 22, 3, 21], [14, 24, 15, 23], [10, 2, 11, 1], [20, 4, 21, 3], [5, 9, 6, 8], [7, 17, 8, 16], [22, 10, 23, 9], [18, 11, 19, 12], [24, 14, 1, 13], [15, 7, 16, 6], [12, 17, 13, 18]]"
12n_0593_41,"[[12, 17, 13, 18], [4, 20, 5, 19], [2, 22, 3, 21], [14, 24, 15, 23], [10, 2, 11, 1], [20, 4, 21, 3], [5, 9, 6, 8], [7, 17, 8, 16], [22, 10, 23, 9], [18, 11, 19, 12], [24, 14, 1, 13], [15, 7, 16, 6]]"
12n_0593_42,"[[15, 7, 16, 6], [12, 17, 13, 18], [4, 20, 5, 19], [2, 22, 3, 21], [14, 24, 15, 23], [10, 2, 11, 1], [20, 4, 21, 3], [5, 9, 6, 8], [7, 17, 8, 16], [22, 10, 23, 9], [18, 11, 19, 12], [24, 14, 1, 13]]"
12n_0593_43,"[[24, 14, 1, 13], [15, 7, 16, 6], [12, 17, 13, 18], [4, 20, 5, 19], [2, 22, 3, 21], [14, 24, 15, 23], [10, 2, 11, 1], [20, 4, 21, 3], [5, 9, 6, 8], [7, 17, 8, 16], [22, 10, 23, 9], [18, 11, 19, 12]]"
12n_0593_44,"[[18, 11, 19, 12], [24, 14, 1, 13], [15, 7, 16, 6], [12, 17, 13, 18], [4, 20, 5, 19], [2, 22, 3, 21], [14, 24, 15, 23], [10, 2, 11, 1], [20, 4, 21, 3], [5, 9, 6, 8], [7, 17, 8, 16], [22, 10, 23, 9]]"
12n_0593_45,"[[22, 10, 23, 9], [18, 11, 19, 12], [24, 14, 1, 13], [15, 7, 16, 6], [12, 17, 13, 18], [4, 20, 5, 19], [2, 22, 3, 21], [14, 24, 15, 23], [10, 2, 11, 1], [20, 4, 21, 3], [5, 9, 6, 8], [7, 17, 8, 16]]"
12n_0593_46,"[[7, 17, 8, 16], [22, 10, 23, 9], [18, 11, 19, 12], [24, 14, 1, 13], [15, 7, 16, 6], [12, 17, 13, 18], [4, 20, 5, 19], [2, 22, 3, 21], [14, 24, 15, 23], [10, 2, 11, 1], [20, 4, 21, 3], [5, 9, 6, 8]]"
12n_0593_47,"[[5, 9, 6, 8], [7, 17, 8, 16], [22, 10, 23, 9], [18, 11, 19, 12], [24, 14, 1, 13], [15, 7, 16, 6], [12, 17, 13, 18], [4, 20, 5, 19], [2, 22, 3, 21], [14, 24, 15, 23], [10, 2, 11, 1], [20, 4, 21, 3]]"
12n_0593_48,"[[21, 5, 22, 4], [6, 10, 7, 9], [8, 18, 9, 17], [23, 11, 24, 10], [19, 12, 20, 13], [1, 15, 2, 14], [16, 8, 17, 7], [13, 18, 14, 19], [5, 21, 6, 20], [3, 23, 4, 22], [15, 1, 16, 24], [11, 3, 12, 2]]"
12n_0593_49,"[[11, 3, 12, 2], [21, 5, 22, 4], [6, 10, 7, 9], [8, 18, 9, 17], [23, 11, 24, 10], [19, 12, 20, 13], [1, 15, 2, 14], [16, 8, 17, 7], [13, 18, 14, 19], [5, 21, 6, 20], [3, 23, 4, 22], [15, 1, 16, 24]]"
12n_0593_50,"[[15, 1, 16, 24], [11, 3, 12, 2], [21, 5, 22, 4], [6, 10, 7, 9], [8, 18, 9, 17], [23, 11, 24, 10], [19, 12, 20, 13], [1, 15, 2, 14], [16, 8, 17, 7], [13, 18, 14, 19], [5, 21, 6, 20], [3, 23, 4, 22]]"
12n_0593_51,"[[3, 23, 4, 22], [15, 1, 16, 24], [11, 3, 12, 2], [21, 5, 22, 4], [6, 10, 7, 9], [8, 18, 9, 17], [23, 11, 24, 10], [19, 12, 20, 13], [1, 15, 2, 14], [16, 8, 17, 7], [13, 18, 14, 19], [5, 21, 6, 20]]"
12n_0593_52,"[[5, 21, 6, 20], [3, 23, 4, 22], [15, 1, 16, 24], [11, 3, 12, 2], [21, 5, 22, 4], [6, 10, 7, 9], [8, 18, 9, 17], [23, 11, 24, 10], [19, 12, 20, 13], [1, 15, 2, 14], [16, 8, 17, 7], [13, 18, 14, 19]]"
12n_0593_53,"[[13, 18, 14, 19], [5, 21, 6, 20], [3, 23, 4, 22], [15, 1, 16, 24], [11, 3, 12, 2], [21, 5, 22, 4], [6, 10, 7, 9], [8, 18, 9, 17], [23, 11, 24, 10], [19, 12, 20, 13], [1, 15, 2, 14], [16, 8, 17, 7]]"
12n_0593_54,"[[16, 8, 17, 7], [13, 18, 14, 19], [5, 21, 6, 20], [3, 23, 4, 22], [15, 1, 16, 24], [11, 3, 12, 2], [21, 5, 22, 4], [6, 10, 7, 9], [8, 18, 9, 17], [23, 11, 24, 10], [19, 12, 20, 13], [1, 15, 2, 14]]"
12n_0593_55,"[[1, 15, 2, 14], [16, 8, 17, 7], [13, 18, 14, 19], [5, 21, 6, 20], [3, 23, 4, 22], [15, 1, 16, 24], [11, 3, 12, 2], [21, 5, 22, 4], [6, 10, 7, 9], [8, 18, 9, 17], [23, 11, 24, 10], [19, 12, 20, 13]]"
12n_0593_56,"[[19, 12, 20, 13], [1, 15, 2, 14], [16, 8, 17, 7], [13, 18, 14, 19], [5, 21, 6, 20], [3, 23, 4, 22], [15, 1, 16, 24], [11, 3, 12, 2], [21, 5, 22, 4], [6, 10, 7, 9], [8, 18, 9, 17], [23, 11, 24, 10]]"
12n_0593_57,"[[23, 11, 24, 10], [19, 12, 20, 13], [1, 15, 2, 14], [16, 8, 17, 7], [13, 18, 14, 19], [5, 21, 6, 20], [3, 23, 4, 22], [15, 1, 16, 24], [11, 3, 12, 2], [21, 5, 22, 4], [6, 10, 7, 9], [8, 18, 9, 17]]"
12n_0593_58,"[[8, 18, 9, 17], [23, 11, 24, 10], [19, 12, 20, 13], [1, 15, 2, 14], [16, 8, 17, 7], [13, 18, 14, 19], [5, 21, 6, 20], [3, 23, 4, 22], [15, 1, 16, 24], [11, 3, 12, 2], [21, 5, 22, 4], [6, 10, 7, 9]]"
12n_0593_59,"[[6, 10, 7, 9], [8, 18, 9, 17], [23, 11, 24, 10], [19, 12, 20, 13], [1, 15, 2, 14], [16, 8, 17, 7], [13, 18, 14, 19], [5, 21, 6, 20], [3, 23, 4, 22], [15, 1, 16, 24], [11, 3, 12, 2], [21, 5, 22, 4]]"
12n_0593_60,"[[22, 6, 23, 5], [7, 11, 8, 10], [9, 19, 10, 18], [24, 12, 1, 11], [20, 13, 21, 14], [2, 16, 3, 15], [17, 9, 18, 8], [14, 19, 15, 20], [6, 22, 7, 21], [4, 24, 5, 23], [16, 2, 17, 1], [12, 4, 13, 3]]"
12n_0593_61,"[[12, 4, 13, 3], [22, 6, 23, 5], [7, 11, 8, 10], [9, 19, 10, 18], [24, 12, 1, 11], [20, 13, 21, 14], [2, 16, 3, 15], [17, 9, 18, 8], [14, 19, 15, 20], [6, 22, 7, 21], [4, 24, 5, 23], [16, 2, 17, 1]]"
12n_0593_62,"[[16, 2, 17, 1], [12, 4, 13, 3], [22, 6, 23, 5], [7, 11, 8, 10], [9, 19, 10, 18], [24, 12, 1, 11], [20, 13, 21, 14], [2, 16, 3, 15], [17, 9, 18, 8], [14, 19, 15, 20], [6, 22, 7, 21], [4, 24, 5, 23]]"
12n_0593_63,"[[4, 24, 5, 23], [16, 2, 17, 1], [12, 4, 13, 3], [22, 6, 23, 5], [7, 11, 8, 10], [9, 19, 10, 18], [24, 12, 1, 11], [20, 13, 21, 14], [2, 16, 3, 15], [17, 9, 18, 8], [14, 19, 15, 20], [6, 22, 7, 21]]"
12n_0593_64,"[[6, 22, 7, 21], [4, 24, 5, 23], [16, 2, 17, 1], [12, 4, 13, 3], [22, 6, 23, 5], [7, 11, 8, 10], [9, 19, 10, 18], [24, 12, 1, 11], [20, 13, 21, 14], [2, 16, 3, 15], [17, 9, 18, 8], [14, 19, 15, 20]]"
12n_0593_65,"[[14, 19, 15, 20], [6, 22, 7, 21], [4, 24, 5, 23], [16, 2, 17, 1], [12, 4, 13, 3], [22, 6, 23, 5], [7, 11, 8, 10], [9, 19, 10, 18], [24, 12, 1, 11], [20, 13, 21, 14], [2, 16, 3, 15], [17, 9, 18, 8]]"
12n_0593_66,"[[17, 9, 18, 8], [14, 19, 15, 20], [6, 22, 7, 21], [4, 24, 5, 23], [16, 2, 17, 1], [12, 4, 13, 3], [22, 6, 23, 5], [7, 11, 8, 10], [9, 19, 10, 18], [24, 12, 1, 11], [20, 13, 21, 14], [2, 16, 3, 15]]"
12n_0593_67,"[[2, 16, 3, 15], [17, 9, 18, 8], [14, 19, 15, 20], [6, 22, 7, 21], [4, 24, 5, 23], [16, 2, 17, 1], [12, 4, 13, 3], [22, 6, 23, 5], [7, 11, 8, 10], [9, 19, 10, 18], [24, 12, 1, 11], [20, 13, 21, 14]]"
12n_0593_68,"[[20, 13, 21, 14], [2, 16, 3, 15], [17, 9, 18, 8], [14, 19, 15, 20], [6, 22, 7, 21], [4, 24, 5, 23], [16, 2, 17, 1], [12, 4, 13, 3], [22, 6, 23, 5], [7, 11, 8, 10], [9, 19, 10, 18], [24, 12, 1, 11]]"
12n_0593_69,"[[24, 12, 1, 11], [20, 13, 21, 14], [2, 16, 3, 15], [17, 9, 18, 8], [14, 19, 15, 20], [6, 22, 7, 21], [4, 24, 5, 23], [16, 2, 17, 1], [12, 4, 13, 3], [22, 6, 23, 5], [7, 11, 8, 10], [9, 19, 10, 18]]"
12n_0593_70,"[[9, 19, 10, 18], [24, 12, 1, 11], [20, 13, 21, 14], [2, 16, 3, 15], [17, 9, 18, 8], [14, 19, 15, 20], [6, 22, 7, 21], [4, 24, 5, 23], [16, 2, 17, 1], [12, 4, 13, 3], [22, 6, 23, 5], [7, 11, 8, 10]]"
12n_0593_71,"[[7, 11, 8, 10], [9, 19, 10, 18], [24, 12, 1, 11], [20, 13, 21, 14], [2, 16, 3, 15], [17, 9, 18, 8], [14, 19, 15, 20], [6, 22, 7, 21], [4, 24, 5, 23], [16, 2, 17, 1], [12, 4, 13, 3], [22, 6, 23, 5]]"
12n_0593_72,"[[23, 7, 24, 6], [8, 12, 9, 11], [10, 20, 11, 19], [1, 13, 2, 12], [21, 14, 22, 15], [3, 17, 4, 16], [18, 10, 19, 9], [15, 20, 16, 21], [7, 23, 8, 22], [5, 1, 6, 24], [17, 3, 18, 2], [13, 5, 14, 4]]"
12n_0593_73,"[[13, 5, 14, 4], [23, 7, 24, 6], [8, 12, 9, 11], [10, 20, 11, 19], [1, 13, 2, 12], [21, 14, 22, 15], [3, 17, 4, 16], [18, 10, 19, 9], [15, 20, 16, 21], [7, 23, 8, 22], [5, 1, 6, 24], [17, 3, 18, 2]]"
12n_0593_74,"[[17, 3, 18, 2], [13, 5, 14, 4], [23, 7, 24, 6], [8, 12, 9, 11], [10, 20, 11, 19], [1, 13, 2, 12], [21, 14, 22, 15], [3, 17, 4, 16], [18, 10, 19, 9], [15, 20, 16, 21], [7, 23, 8, 22], [5, 1, 6, 24]]"
12n_0593_75,"[[5, 1, 6, 24], [17, 3, 18, 2], [13, 5, 14, 4], [23, 7, 24, 6], [8, 12, 9, 11], [10, 20, 11, 19], [1, 13, 2, 12], [21, 14, 22, 15], [3, 17, 4, 16], [18, 10, 19, 9], [15, 20, 16, 21], [7, 23, 8, 22]]"
12n_0593_76,"[[7, 23, 8, 22], [5, 1, 6, 24], [17, 3, 18, 2], [13, 5, 14, 4], [23, 7, 24, 6], [8, 12, 9, 11], [10, 20, 11, 19], [1, 13, 2, 12], [21, 14, 22, 15], [3, 17, 4, 16], [18, 10, 19, 9], [15, 20, 16, 21]]"
12n_0593_77,"[[15, 20, 16, 21], [7, 23, 8, 22], [5, 1, 6, 24], [17, 3, 18, 2], [13, 5, 14, 4], [23, 7, 24, 6], [8, 12, 9, 11], [10, 20, 11, 19], [1, 13, 2, 12], [21, 14, 22, 15], [3, 17, 4, 16], [18, 10, 19, 9]]"
12n_0593_78,"[[18, 10, 19, 9], [15, 20, 16, 21], [7, 23, 8, 22], [5, 1, 6, 24], [17, 3, 18, 2], [13, 5, 14, 4], [23, 7, 24, 6], [8, 12, 9, 11], [10, 20, 11, 19], [1, 13, 2, 12], [21, 14, 22, 15], [3, 17, 4, 16]]"
12n_0593_79,"[[3, 17, 4, 16], [18, 10, 19, 9], [15, 20, 16, 21], [7, 23, 8, 22], [5, 1, 6, 24], [17, 3, 18, 2], [13, 5, 14, 4], [23, 7, 24, 6], [8, 12, 9, 11], [10, 20, 11, 19], [1, 13, 2, 12], [21, 14, 22, 15]]"
12n_0593_80,"[[21, 14, 22, 15], [3, 17, 4, 16], [18, 10, 19, 9], [15, 20, 16, 21], [7, 23, 8, 22], [5, 1, 6, 24], [17, 3, 18, 2], [13, 5, 14, 4], [23, 7, 24, 6], [8, 12, 9, 11], [10, 20, 11, 19], [1, 13, 2, 12]]"
12n_0593_81,"[[1, 13, 2, 12], [21, 14, 22, 15], [3, 17, 4, 16], [18, 10, 19, 9], [15, 20, 16, 21], [7, 23, 8, 22], [5, 1, 6, 24], [17, 3, 18, 2], [13, 5, 14, 4], [23, 7, 24, 6], [8, 12, 9, 11], [10, 20, 11, 19]]"
12n_0593_82,"[[10, 20, 11, 19], [1, 13, 2, 12], [21, 14, 22, 15], [3, 17, 4, 16], [18, 10, 19, 9], [15, 20, 16, 21], [7, 23, 8, 22], [5, 1, 6, 24], [17, 3, 18, 2], [13, 5, 14, 4], [23, 7, 24, 6], [8, 12, 9, 11]]"
12n_0593_83,"[[8, 12, 9, 11], [10, 20, 11, 19], [1, 13, 2, 12], [21, 14, 22, 15], [3, 17, 4, 16], [18, 10, 19, 9], [15, 20, 16, 21], [7, 23, 8, 22], [5, 1, 6, 24], [17, 3, 18, 2], [13, 5, 14, 4], [23, 7, 24, 6]]"
12n_0593_84,"[[24, 8, 1, 7], [9, 13, 10, 12], [11, 21, 12, 20], [2, 14, 3, 13], [22, 15, 23, 16], [4, 18, 5, 17], [19, 11, 20, 10], [16, 21, 17, 22], [8, 24, 9, 23], [6, 2, 7, 1], [18, 4, 19, 3], [14, 6, 15, 5]]"
12n_0593_85,"[[14, 6, 15, 5], [24, 8, 1, 7], [9, 13, 10, 12], [11, 21, 12, 20], [2, 14, 3, 13], [22, 15, 23, 16], [4, 18, 5, 17], [19, 11, 20, 10], [16, 21, 17, 22], [8, 24, 9, 23], [6, 2, 7, 1], [18, 4, 19, 3]]"
12n_0593_86,"[[18, 4, 19, 3], [14, 6, 15, 5], [24, 8, 1, 7], [9, 13, 10, 12], [11, 21, 12, 20], [2, 14, 3, 13], [22, 15, 23, 16], [4, 18, 5, 17], [19, 11, 20, 10], [16, 21, 17, 22], [8, 24, 9, 23], [6, 2, 7, 1]]"
12n_0593_87,"[[6, 2, 7, 1], [18, 4, 19, 3], [14, 6, 15, 5], [24, 8, 1, 7], [9, 13, 10, 12], [11, 21, 12, 20], [2, 14, 3, 13], [22, 15, 23, 16], [4, 18, 5, 17], [19, 11, 20, 10], [16, 21, 17, 22], [8, 24, 9, 23]]"
12n_0593_88,"[[8, 24, 9, 23], [6, 2, 7, 1], [18, 4, 19, 3], [14, 6, 15, 5], [24, 8, 1, 7], [9, 13, 10, 12], [11, 21, 12, 20], [2, 14, 3, 13], [22, 15, 23, 16], [4, 18, 5, 17], [19, 11, 20, 10], [16, 21, 17, 22]]"
12n_0593_89,"[[16, 21, 17, 22], [8, 24, 9, 23], [6, 2, 7, 1], [18, 4, 19, 3], [14, 6, 15, 5], [24, 8, 1, 7], [9, 13, 10, 12], [11, 21, 12, 20], [2, 14, 3, 13], [22, 15, 23, 16], [4, 18, 5, 17], [19, 11, 20, 10]]"
12n_0593_90,"[[19, 11, 20, 10], [16, 21, 17, 22], [8, 24, 9, 23], [6, 2, 7, 1], [18, 4, 19, 3], [14, 6, 15, 5], [24, 8, 1, 7], [9, 13, 10, 12], [11, 21, 12, 20], [2, 14, 3, 13], [22, 15, 23, 16], [4, 18, 5, 17]]"
12n_0593_91,"[[4, 18, 5, 17], [19, 11, 20, 10], [16, 21, 17, 22], [8, 24, 9, 23], [6, 2, 7, 1], [18, 4, 19, 3], [14, 6, 15, 5], [24, 8, 1, 7], [9, 13, 10, 12], [11, 21, 12, 20], [2, 14, 3, 13], [22, 15, 23, 16]]"
12n_0593_92,"[[22, 15, 23, 16], [4, 18, 5, 17], [19, 11, 20, 10], [16, 21, 17, 22], [8, 24, 9, 23], [6, 2, 7, 1], [18, 4, 19, 3], [14, 6, 15, 5], [24, 8, 1, 7], [9, 13, 10, 12], [11, 21, 12, 20], [2, 14, 3, 13]]"
12n_0593_93,"[[2, 14, 3, 13], [22, 15, 23, 16], [4, 18, 5, 17], [19, 11, 20, 10], [16, 21, 17, 22], [8, 24, 9, 23], [6, 2, 7, 1], [18, 4, 19, 3], [14, 6, 15, 5], [24, 8, 1, 7], [9, 13, 10, 12], [11, 21, 12, 20]]"
12n_0593_94,"[[11, 21, 12, 20], [2, 14, 3, 13], [22, 15, 23, 16], [4, 18, 5, 17], [19, 11, 20, 10], [16, 21, 17, 22], [8, 24, 9, 23], [6, 2, 7, 1], [18, 4, 19, 3], [14, 6, 15, 5], [24, 8, 1, 7], [9, 13, 10, 12]]"
12n_0593_95,"[[9, 13, 10, 12], [11, 21, 12, 20], [2, 14, 3, 13], [22, 15, 23, 16], [4, 18, 5, 17], [19, 11, 20, 10], [16, 21, 17, 22], [8, 24, 9, 23], [6, 2, 7, 1], [18, 4, 19, 3], [14, 6, 15, 5], [24, 8, 1, 7]]"
12n_0593_96,"[[1, 9, 2, 8], [10, 14, 11, 13], [12, 22, 13, 21], [3, 15, 4, 14], [23, 16, 24, 17], [5, 19, 6, 18], [20, 12, 21, 11], [17, 22, 18, 23], [9, 1, 10, 24], [7, 3, 8, 2], [19, 5, 20, 4], [15, 7, 16, 6]]"
12n_0593_97,"[[15, 7, 16, 6], [1, 9, 2, 8], [10, 14, 11, 13], [12, 22, 13, 21], [3, 15, 4, 14], [23, 16, 24, 17], [5, 19, 6, 18], [20, 12, 21, 11], [17, 22, 18, 23], [9, 1, 10, 24], [7, 3, 8, 2], [19, 5, 20, 4]]"
12n_0593_98,"[[19, 5, 20, 4], [15, 7, 16, 6], [1, 9, 2, 8], [10, 14, 11, 13], [12, 22, 13, 21], [3, 15, 4, 14], [23, 16, 24, 17], [5, 19, 6, 18], [20, 12, 21, 11], [17, 22, 18, 23], [9, 1, 10, 24], [7, 3, 8, 2]]"
12n_0593_99,"[[7, 3, 8, 2], [19, 5, 20, 4], [15, 7, 16, 6], [1, 9, 2, 8], [10, 14, 11, 13], [12, 22, 13, 21], [3, 15, 4, 14], [23, 16, 24, 17], [5, 19, 6, 18], [20, 12, 21, 11], [17, 22, 18, 23], [9, 1, 10, 24]]"
12n_0593_100,"[[9, 1, 10, 24], [7, 3, 8, 2], [19, 5, 20, 4], [15, 7, 16, 6], [1, 9, 2, 8], [10, 14, 11, 13], [12, 22, 13, 21], [3, 15, 4, 14], [23, 16, 24, 17], [5, 19, 6, 18], [20, 12, 21, 11], [17, 22, 18, 23]]"
12n_0593_101,"[[17, 22, 18, 23], [9, 1, 10, 24], [7, 3, 8, 2], [19, 5, 20, 4], [15, 7, 16, 6], [1, 9, 2, 8], [10, 14, 11, 13], [12, 22, 13, 21], [3, 15, 4, 14], [23, 16, 24, 17], [5, 19, 6, 18], [20, 12, 21, 11]]"
12n_0593_102,"[[20, 12, 21, 11], [17, 22, 18, 23], [9, 1, 10, 24], [7, 3, 8, 2], [19, 5, 20, 4], [15, 7, 16, 6], [1, 9, 2, 8], [10, 14, 11, 13], [12, 22, 13, 21], [3, 15, 4, 14], [23, 16, 24, 17], [5, 19, 6, 18]]"
12n_0593_103,"[[5, 19, 6, 18], [20, 12, 21, 11], [17, 22, 18, 23], [9, 1, 10, 24], [7, 3, 8, 2], [19, 5, 20, 4], [15, 7, 16, 6], [1, 9, 2, 8], [10, 14, 11, 13], [12, 22, 13, 21], [3, 15, 4, 14], [23, 16, 24, 17]]"
12n_0593_104,"[[23, 16, 24, 17], [5, 19, 6, 18], [20, 12, 21, 11], [17, 22, 18, 23], [9, 1, 10, 24], [7, 3, 8, 2], [19, 5, 20, 4], [15, 7, 16, 6], [1, 9, 2, 8], [10, 14, 11, 13], [12, 22, 13, 21], [3, 15, 4, 14]]"
12n_0593_105,"[[3, 15, 4, 14], [23, 16, 24, 17], [5, 19, 6, 18], [20, 12, 21, 11], [17, 22, 18, 23], [9, 1, 10, 24], [7, 3, 8, 2], [19, 5, 20, 4], [15, 7, 16, 6], [1, 9, 2, 8], [10, 14, 11, 13], [12, 22, 13, 21]]"
12n_0593_106,"[[12, 22, 13, 21], [3, 15, 4, 14], [23, 16, 24, 17], [5, 19, 6, 18], [20, 12, 21, 11], [17, 22, 18, 23], [9, 1, 10, 24], [7, 3, 8, 2], [19, 5, 20, 4], [15, 7, 16, 6], [1, 9, 2, 8], [10, 14, 11, 13]]"
12n_0593_107,"[[10, 14, 11, 13], [12, 22, 13, 21], [3, 15, 4, 14], [23, 16, 24, 17], [5, 19, 6, 18], [20, 12, 21, 11], [17, 22, 18, 23], [9, 1, 10, 24], [7, 3, 8, 2], [19, 5, 20, 4], [15, 7, 16, 6], [1, 9, 2, 8]]"
12n_0593_108,"[[2, 10, 3, 9], [11, 15, 12, 14], [13, 23, 14, 22], [4, 16, 5, 15], [24, 17, 1, 18], [6, 20, 7, 19], [21, 13, 22, 12], [18, 23, 19, 24], [10, 2, 11, 1], [8, 4, 9, 3], [20, 6, 21, 5], [16, 8, 17, 7]]"
12n_0593_109,"[[16, 8, 17, 7], [2, 10, 3, 9], [11, 15, 12, 14], [13, 23, 14, 22], [4, 16, 5, 15], [24, 17, 1, 18], [6, 20, 7, 19], [21, 13, 22, 12], [18, 23, 19, 24], [10, 2, 11, 1], [8, 4, 9, 3], [20, 6, 21, 5]]"
12n_0593_110,"[[20, 6, 21, 5], [16, 8, 17, 7], [2, 10, 3, 9], [11, 15, 12, 14], [13, 23, 14, 22], [4, 16, 5, 15], [24, 17, 1, 18], [6, 20, 7, 19], [21, 13, 22, 12], [18, 23, 19, 24], [10, 2, 11, 1], [8, 4, 9, 3]]"
12n_0593_111,"[[8, 4, 9, 3], [20, 6, 21, 5], [16, 8, 17, 7], [2, 10, 3, 9], [11, 15, 12, 14], [13, 23, 14, 22], [4, 16, 5, 15], [24, 17, 1, 18], [6, 20, 7, 19], [21, 13, 22, 12], [18, 23, 19, 24], [10, 2, 11, 1]]"
12n_0593_112,"[[10, 2, 11, 1], [8, 4, 9, 3], [20, 6, 21, 5], [16, 8, 17, 7], [2, 10, 3, 9], [11, 15, 12, 14], [13, 23, 14, 22], [4, 16, 5, 15], [24, 17, 1, 18], [6, 20, 7, 19], [21, 13, 22, 12], [18, 23, 19, 24]]"
12n_0593_113,"[[18, 23, 19, 24], [10, 2, 11, 1], [8, 4, 9, 3], [20, 6, 21, 5], [16, 8, 17, 7], [2, 10, 3, 9], [11, 15, 12, 14], [13, 23, 14, 22], [4, 16, 5, 15], [24, 17, 1, 18], [6, 20, 7, 19], [21, 13, 22, 12]]"
12n_0593_114,"[[21, 13, 22, 12], [18, 23, 19, 24], [10, 2, 11, 1], [8, 4, 9, 3], [20, 6, 21, 5], [16, 8, 17, 7], [2, 10, 3, 9], [11, 15, 12, 14], [13, 23, 14, 22], [4, 16, 5, 15], [24, 17, 1, 18], [6, 20, 7, 19]]"
12n_0593_115,"[[6, 20, 7, 19], [21, 13, 22, 12], [18, 23, 19, 24], [10, 2, 11, 1], [8, 4, 9, 3], [20, 6, 21, 5], [16, 8, 17, 7], [2, 10, 3, 9], [11, 15, 12, 14], [13, 23, 14, 22], [4, 16, 5, 15], [24, 17, 1, 18]]"
12n_0593_116,"[[24, 17, 1, 18], [6, 20, 7, 19], [21, 13, 22, 12], [18, 23, 19, 24], [10, 2, 11, 1], [8, 4, 9, 3], [20, 6, 21, 5], [16, 8, 17, 7], [2, 10, 3, 9], [11, 15, 12, 14], [13, 23, 14, 22], [4, 16, 5, 15]]"
12n_0593_117,"[[4, 16, 5, 15], [24, 17, 1, 18], [6, 20, 7, 19], [21, 13, 22, 12], [18, 23, 19, 24], [10, 2, 11, 1], [8, 4, 9, 3], [20, 6, 21, 5], [16, 8, 17, 7], [2, 10, 3, 9], [11, 15, 12, 14], [13, 23, 14, 22]]"
12n_0593_118,"[[13, 23, 14, 22], [4, 16, 5, 15], [24, 17, 1, 18], [6, 20, 7, 19], [21, 13, 22, 12], [18, 23, 19, 24], [10, 2, 11, 1], [8, 4, 9, 3], [20, 6, 21, 5], [16, 8, 17, 7], [2, 10, 3, 9], [11, 15, 12, 14]]"
12n_0593_119,"[[11, 15, 12, 14], [13, 23, 14, 22], [4, 16, 5, 15], [24, 17, 1, 18], [6, 20, 7, 19], [21, 13, 22, 12], [18, 23, 19, 24], [10, 2, 11, 1], [8, 4, 9, 3], [20, 6, 21, 5], [16, 8, 17, 7], [2, 10, 3, 9]]"
12n_0593_120,"[[3, 11, 4, 10], [12, 16, 13, 15], [14, 24, 15, 23], [5, 17, 6, 16], [1, 18, 2, 19], [7, 21, 8, 20], [22, 14, 23, 13], [19, 24, 20, 1], [11, 3, 12, 2], [9, 5, 10, 4], [21, 7, 22, 6], [17, 9, 18, 8]]"
12n_0593_121,"[[17, 9, 18, 8], [3, 11, 4, 10], [12, 16, 13, 15], [14, 24, 15, 23], [5, 17, 6, 16], [1, 18, 2, 19], [7, 21, 8, 20], [22, 14, 23, 13], [19, 24, 20, 1], [11, 3, 12, 2], [9, 5, 10, 4], [21, 7, 22, 6]]"
12n_0593_122,"[[21, 7, 22, 6], [17, 9, 18, 8], [3, 11, 4, 10], [12, 16, 13, 15], [14, 24, 15, 23], [5, 17, 6, 16], [1, 18, 2, 19], [7, 21, 8, 20], [22, 14, 23, 13], [19, 24, 20, 1], [11, 3, 12, 2], [9, 5, 10, 4]]"
12n_0593_123,"[[9, 5, 10, 4], [21, 7, 22, 6], [17, 9, 18, 8], [3, 11, 4, 10], [12, 16, 13, 15], [14, 24, 15, 23], [5, 17, 6, 16], [1, 18, 2, 19], [7, 21, 8, 20], [22, 14, 23, 13], [19, 24, 20, 1], [11, 3, 12, 2]]"
12n_0593_124,"[[11, 3, 12, 2], [9, 5, 10, 4], [21, 7, 22, 6], [17, 9, 18, 8], [3, 11, 4, 10], [12, 16, 13, 15], [14, 24, 15, 23], [5, 17, 6, 16], [1, 18, 2, 19], [7, 21, 8, 20], [22, 14, 23, 13], [19, 24, 20, 1]]"
12n_0593_125,"[[19, 24, 20, 1], [11, 3, 12, 2], [9, 5, 10, 4], [21, 7, 22, 6], [17, 9, 18, 8], [3, 11, 4, 10], [12, 16, 13, 15], [14, 24, 15, 23], [5, 17, 6, 16], [1, 18, 2, 19], [7, 21, 8, 20], [22, 14, 23, 13]]"
12n_0593_126,"[[22, 14, 23, 13], [19, 24, 20, 1], [11, 3, 12, 2], [9, 5, 10, 4], [21, 7, 22, 6], [17, 9, 18, 8], [3, 11, 4, 10], [12, 16, 13, 15], [14, 24, 15, 23], [5, 17, 6, 16], [1, 18, 2, 19], [7, 21, 8, 20]]"
12n_0593_127,"[[7, 21, 8, 20], [22, 14, 23, 13], [19, 24, 20, 1], [11, 3, 12, 2], [9, 5, 10, 4], [21, 7, 22, 6], [17, 9, 18, 8], [3, 11, 4, 10], [12, 16, 13, 15], [14, 24, 15, 23], [5, 17, 6, 16], [1, 18, 2, 19]]"
12n_0593_128,"[[1, 18, 2, 19], [7, 21, 8, 20], [22, 14, 23, 13], [19, 24, 20, 1], [11, 3, 12, 2], [9, 5, 10, 4], [21, 7, 22, 6], [17, 9, 18, 8], [3, 11, 4, 10], [12, 16, 13, 15], [14, 24, 15, 23], [5, 17, 6, 16]]"
12n_0593_129,"[[5, 17, 6, 16], [1, 18, 2, 19], [7, 21, 8, 20], [22, 14, 23, 13], [19, 24, 20, 1], [11, 3, 12, 2], [9, 5, 10, 4], [21, 7, 22, 6], [17, 9, 18, 8], [3, 11, 4, 10], [12, 16, 13, 15], [14, 24, 15, 23]]"
12n_0593_130,"[[14, 24, 15, 23], [5, 17, 6, 16], [1, 18, 2, 19], [7, 21, 8, 20], [22, 14, 23, 13], [19, 24, 20, 1], [11, 3, 12, 2], [9, 5, 10, 4], [21, 7, 22, 6], [17, 9, 18, 8], [3, 11, 4, 10], [12, 16, 13, 15]]"
12n_0593_131,"[[12, 16, 13, 15], [14, 24, 15, 23], [5, 17, 6, 16], [1, 18, 2, 19], [7, 21, 8, 20], [22, 14, 23, 13], [19, 24, 20, 1], [11, 3, 12, 2], [9, 5, 10, 4], [21, 7, 22, 6], [17, 9, 18, 8], [3, 11, 4, 10]]"
12n_0593_132,"[[4, 12, 5, 11], [13, 17, 14, 16], [15, 1, 16, 24], [6, 18, 7, 17], [2, 19, 3, 20], [8, 22, 9, 21], [23, 15, 24, 14], [20, 1, 21, 2], [12, 4, 13, 3], [10, 6, 11, 5], [22, 8, 23, 7], [18, 10, 19, 9]]"
12n_0593_133,"[[18, 10, 19, 9], [4, 12, 5, 11], [13, 17, 14, 16], [15, 1, 16, 24], [6, 18, 7, 17], [2, 19, 3, 20], [8, 22, 9, 21], [23, 15, 24, 14], [20, 1, 21, 2], [12, 4, 13, 3], [10, 6, 11, 5], [22, 8, 23, 7]]"
12n_0593_134,"[[22, 8, 23, 7], [18, 10, 19, 9], [4, 12, 5, 11], [13, 17, 14, 16], [15, 1, 16, 24], [6, 18, 7, 17], [2, 19, 3, 20], [8, 22, 9, 21], [23, 15, 24, 14], [20, 1, 21, 2], [12, 4, 13, 3], [10, 6, 11, 5]]"
12n_0593_135,"[[10, 6, 11, 5], [22, 8, 23, 7], [18, 10, 19, 9], [4, 12, 5, 11], [13, 17, 14, 16], [15, 1, 16, 24], [6, 18, 7, 17], [2, 19, 3, 20], [8, 22, 9, 21], [23, 15, 24, 14], [20, 1, 21, 2], [12, 4, 13, 3]]"
12n_0593_136,"[[12, 4, 13, 3], [10, 6, 11, 5], [22, 8, 23, 7], [18, 10, 19, 9], [4, 12, 5, 11], [13, 17, 14, 16], [15, 1, 16, 24], [6, 18, 7, 17], [2, 19, 3, 20], [8, 22, 9, 21], [23, 15, 24, 14], [20, 1, 21, 2]]"
12n_0593_137,"[[20, 1, 21, 2], [12, 4, 13, 3], [10, 6, 11, 5], [22, 8, 23, 7], [18, 10, 19, 9], [4, 12, 5, 11], [13, 17, 14, 16], [15, 1, 16, 24], [6, 18, 7, 17], [2, 19, 3, 20], [8, 22, 9, 21], [23, 15, 24, 14]]"
12n_0593_138,"[[23, 15, 24, 14], [20, 1, 21, 2], [12, 4, 13, 3], [10, 6, 11, 5], [22, 8, 23, 7], [18, 10, 19, 9], [4, 12, 5, 11], [13, 17, 14, 16], [15, 1, 16, 24], [6, 18, 7, 17], [2, 19, 3, 20], [8, 22, 9, 21]]"
12n_0593_139,"[[8, 22, 9, 21], [23, 15, 24, 14], [20, 1, 21, 2], [12, 4, 13, 3], [10, 6, 11, 5], [22, 8, 23, 7], [18, 10, 19, 9], [4, 12, 5, 11], [13, 17, 14, 16], [15, 1, 16, 24], [6, 18, 7, 17], [2, 19, 3, 20]]"
12n_0593_140,"[[2, 19, 3, 20], [8, 22, 9, 21], [23, 15, 24, 14], [20, 1, 21, 2], [12, 4, 13, 3], [10, 6, 11, 5], [22, 8, 23, 7], [18, 10, 19, 9], [4, 12, 5, 11], [13, 17, 14, 16], [15, 1, 16, 24], [6, 18, 7, 17]]"
12n_0593_141,"[[6, 18, 7, 17], [2, 19, 3, 20], [8, 22, 9, 21], [23, 15, 24, 14], [20, 1, 21, 2], [12, 4, 13, 3], [10, 6, 11, 5], [22, 8, 23, 7], [18, 10, 19, 9], [4, 12, 5, 11], [13, 17, 14, 16], [15, 1, 16, 24]]"
12n_0593_142,"[[15, 1, 16, 24], [6, 18, 7, 17], [2, 19, 3, 20], [8, 22, 9, 21], [23, 15, 24, 14], [20, 1, 21, 2], [12, 4, 13, 3], [10, 6, 11, 5], [22, 8, 23, 7], [18, 10, 19, 9], [4, 12, 5, 11], [13, 17, 14, 16]]"
12n_0593_143,"[[13, 17, 14, 16], [15, 1, 16, 24], [6, 18, 7, 17], [2, 19, 3, 20], [8, 22, 9, 21], [23, 15, 24, 14], [20, 1, 21, 2], [12, 4, 13, 3], [10, 6, 11, 5], [22, 8, 23, 7], [18, 10, 19, 9], [4, 12, 5, 11]]"
12n_0593_144,"[[5, 13, 6, 12], [14, 18, 15, 17], [16, 2, 17, 1], [7, 19, 8, 18], [3, 20, 4, 21], [9, 23, 10, 22], [24, 16, 1, 15], [21, 2, 22, 3], [13, 5, 14, 4], [11, 7, 12, 6], [23, 9, 24, 8], [19, 11, 20, 10]]"
12n_0593_145,"[[19, 11, 20, 10], [5, 13, 6, 12], [14, 18, 15, 17], [16, 2, 17, 1], [7, 19, 8, 18], [3, 20, 4, 21], [9, 23, 10, 22], [24, 16, 1, 15], [21, 2, 22, 3], [13, 5, 14, 4], [11, 7, 12, 6], [23, 9, 24, 8]]"
12n_0593_146,"[[23, 9, 24, 8], [19, 11, 20, 10], [5, 13, 6, 12], [14, 18, 15, 17], [16, 2, 17, 1], [7, 19, 8, 18], [3, 20, 4, 21], [9, 23, 10, 22], [24, 16, 1, 15], [21, 2, 22, 3], [13, 5, 14, 4], [11, 7, 12, 6]]"
12n_0593_147,"[[11, 7, 12, 6], [23, 9, 24, 8], [19, 11, 20, 10], [5, 13, 6, 12], [14, 18, 15, 17], [16, 2, 17, 1], [7, 19, 8, 18], [3, 20, 4, 21], [9, 23, 10, 22], [24, 16, 1, 15], [21, 2, 22, 3], [13, 5, 14, 4]]"
12n_0593_148,"[[13, 5, 14, 4], [11, 7, 12, 6], [23, 9, 24, 8], [19, 11, 20, 10], [5, 13, 6, 12], [14, 18, 15, 17], [16, 2, 17, 1], [7, 19, 8, 18], [3, 20, 4, 21], [9, 23, 10, 22], [24, 16, 1, 15], [21, 2, 22, 3]]"
12n_0593_149,"[[21, 2, 22, 3], [13, 5, 14, 4], [11, 7, 12, 6], [23, 9, 24, 8], [19, 11, 20, 10], [5, 13, 6, 12], [14, 18, 15, 17], [16, 2, 17, 1], [7, 19, 8, 18], [3, 20, 4, 21], [9, 23, 10, 22], [24, 16, 1, 15]]"
12n_0593_150,"[[24, 16, 1, 15], [21, 2, 22, 3], [13, 5, 14, 4], [11, 7, 12, 6], [23, 9, 24, 8], [19, 11, 20, 10], [5, 13, 6, 12], [14, 18, 15, 17], [16, 2, 17, 1], [7, 19, 8, 18], [3, 20, 4, 21], [9, 23, 10, 22]]"
12n_0593_151,"[[9, 23, 10, 22], [24, 16, 1, 15], [21, 2, 22, 3], [13, 5, 14, 4], [11, 7, 12, 6], [23, 9, 24, 8], [19, 11, 20, 10], [5, 13, 6, 12], [14, 18, 15, 17], [16, 2, 17, 1], [7, 19, 8, 18], [3, 20, 4, 21]]"
12n_0593_152,"[[3, 20, 4, 21], [9, 23, 10, 22], [24, 16, 1, 15], [21, 2, 22, 3], [13, 5, 14, 4], [11, 7, 12, 6], [23, 9, 24, 8], [19, 11, 20, 10], [5, 13, 6, 12], [14, 18, 15, 17], [16, 2, 17, 1], [7, 19, 8, 18]]"
12n_0593_153,"[[7, 19, 8, 18], [3, 20, 4, 21], [9, 23, 10, 22], [24, 16, 1, 15], [21, 2, 22, 3], [13, 5, 14, 4], [11, 7, 12, 6], [23, 9, 24, 8], [19, 11, 20, 10], [5, 13, 6, 12], [14, 18, 15, 17], [16, 2, 17, 1]]"
12n_0593_154,"[[16, 2, 17, 1], [7, 19, 8, 18], [3, 20, 4, 21], [9, 23, 10, 22], [24, 16, 1, 15], [21, 2, 22, 3], [13, 5, 14, 4], [11, 7, 12, 6], [23, 9, 24, 8], [19, 11, 20, 10], [5, 13, 6, 12], [14, 18, 15, 17]]"
12n_0593_155,"[[14, 18, 15, 17], [16, 2, 17, 1], [7, 19, 8, 18], [3, 20, 4, 21], [9, 23, 10, 22], [24, 16, 1, 15], [21, 2, 22, 3], [13, 5, 14, 4], [11, 7, 12, 6], [23, 9, 24, 8], [19, 11, 20, 10], [5, 13, 6, 12]]"
12n_0593_156,"[[6, 14, 7, 13], [15, 19, 16, 18], [17, 3, 18, 2], [8, 20, 9, 19], [4, 21, 5, 22], [10, 24, 11, 23], [1, 17, 2, 16], [22, 3, 23, 4], [14, 6, 15, 5], [12, 8, 13, 7], [24, 10, 1, 9], [20, 12, 21, 11]]"
12n_0593_157,"[[20, 12, 21, 11], [6, 14, 7, 13], [15, 19, 16, 18], [17, 3, 18, 2], [8, 20, 9, 19], [4, 21, 5, 22], [10, 24, 11, 23], [1, 17, 2, 16], [22, 3, 23, 4], [14, 6, 15, 5], [12, 8, 13, 7], [24, 10, 1, 9]]"
12n_0593_158,"[[24, 10, 1, 9], [20, 12, 21, 11], [6, 14, 7, 13], [15, 19, 16, 18], [17, 3, 18, 2], [8, 20, 9, 19], [4, 21, 5, 22], [10, 24, 11, 23], [1, 17, 2, 16], [22, 3, 23, 4], [14, 6, 15, 5], [12, 8, 13, 7]]"
12n_0593_159,"[[12, 8, 13, 7], [24, 10, 1, 9], [20, 12, 21, 11], [6, 14, 7, 13], [15, 19, 16, 18], [17, 3, 18, 2], [8, 20, 9, 19], [4, 21, 5, 22], [10, 24, 11, 23], [1, 17, 2, 16], [22, 3, 23, 4], [14, 6, 15, 5]]"
12n_0593_160,"[[14, 6, 15, 5], [12, 8, 13, 7], [24, 10, 1, 9], [20, 12, 21, 11], [6, 14, 7, 13], [15, 19, 16, 18], [17, 3, 18, 2], [8, 20, 9, 19], [4, 21, 5, 22], [10, 24, 11, 23], [1, 17, 2, 16], [22, 3, 23, 4]]"
12n_0593_161,"[[22, 3, 23, 4], [14, 6, 15, 5], [12, 8, 13, 7], [24, 10, 1, 9], [20, 12, 21, 11], [6, 14, 7, 13], [15, 19, 16, 18], [17, 3, 18, 2], [8, 20, 9, 19], [4, 21, 5, 22], [10, 24, 11, 23], [1, 17, 2, 16]]"
12n_0593_162,"[[1, 17, 2, 16], [22, 3, 23, 4], [14, 6, 15, 5], [12, 8, 13, 7], [24, 10, 1, 9], [20, 12, 21, 11], [6, 14, 7, 13], [15, 19, 16, 18], [17, 3, 18, 2], [8, 20, 9, 19], [4, 21, 5, 22], [10, 24, 11, 23]]"
12n_0593_163,"[[10, 24, 11, 23], [1, 17, 2, 16], [22, 3, 23, 4], [14, 6, 15, 5], [12, 8, 13, 7], [24, 10, 1, 9], [20, 12, 21, 11], [6, 14, 7, 13], [15, 19, 16, 18], [17, 3, 18, 2], [8, 20, 9, 19], [4, 21, 5, 22]]"
12n_0593_164,"[[4, 21, 5, 22], [10, 24, 11, 23], [1, 17, 2, 16], [22, 3, 23, 4], [14, 6, 15, 5], [12, 8, 13, 7], [24, 10, 1, 9], [20, 12, 21, 11], [6, 14, 7, 13], [15, 19, 16, 18], [17, 3, 18, 2], [8, 20, 9, 19]]"
12n_0593_165,"[[8, 20, 9, 19], [4, 21, 5, 22], [10, 24, 11, 23], [1, 17, 2, 16], [22, 3, 23, 4], [14, 6, 15, 5], [12, 8, 13, 7], [24, 10, 1, 9], [20, 12, 21, 11], [6, 14, 7, 13], [15, 19, 16, 18], [17, 3, 18, 2]]"
12n_0593_166,"[[17, 3, 18, 2], [8, 20, 9, 19], [4, 21, 5, 22], [10, 24, 11, 23], [1, 17, 2, 16], [22, 3, 23, 4], [14, 6, 15, 5], [12, 8, 13, 7], [24, 10, 1, 9], [20, 12, 21, 11], [6, 14, 7, 13], [15, 19, 16, 18]]"
12n_0593_167,"[[15, 19, 16, 18], [17, 3, 18, 2], [8, 20, 9, 19], [4, 21, 5, 22], [10, 24, 11, 23], [1, 17, 2, 16], [22, 3, 23, 4], [14, 6, 15, 5], [12, 8, 13, 7], [24, 10, 1, 9], [20, 12, 21, 11], [6, 14, 7, 13]]"
12n_0593_168,"[[7, 15, 8, 14], [16, 20, 17, 19], [18, 4, 19, 3], [9, 21, 10, 20], [5, 22, 6, 23], [11, 1, 12, 24], [2, 18, 3, 17], [23, 4, 24, 5], [15, 7, 16, 6], [13, 9, 14, 8], [1, 11, 2, 10], [21, 13, 22, 12]]"
12n_0593_169,"[[21, 13, 22, 12], [7, 15, 8, 14], [16, 20, 17, 19], [18, 4, 19, 3], [9, 21, 10, 20], [5, 22, 6, 23], [11, 1, 12, 24], [2, 18, 3, 17], [23, 4, 24, 5], [15, 7, 16, 6], [13, 9, 14, 8], [1, 11, 2, 10]]"
12n_0593_170,"[[1, 11, 2, 10], [21, 13, 22, 12], [7, 15, 8, 14], [16, 20, 17, 19], [18, 4, 19, 3], [9, 21, 10, 20], [5, 22, 6, 23], [11, 1, 12, 24], [2, 18, 3, 17], [23, 4, 24, 5], [15, 7, 16, 6], [13, 9, 14, 8]]"
12n_0593_171,"[[13, 9, 14, 8], [1, 11, 2, 10], [21, 13, 22, 12], [7, 15, 8, 14], [16, 20, 17, 19], [18, 4, 19, 3], [9, 21, 10, 20], [5, 22, 6, 23], [11, 1, 12, 24], [2, 18, 3, 17], [23, 4, 24, 5], [15, 7, 16, 6]]"
12n_0593_172,"[[15, 7, 16, 6], [13, 9, 14, 8], [1, 11, 2, 10], [21, 13, 22, 12], [7, 15, 8, 14], [16, 20, 17, 19], [18, 4, 19, 3], [9, 21, 10, 20], [5, 22, 6, 23], [11, 1, 12, 24], [2, 18, 3, 17], [23, 4, 24, 5]]"
12n_0593_173,"[[23, 4, 24, 5], [15, 7, 16, 6], [13, 9, 14, 8], [1, 11, 2, 10], [21, 13, 22, 12], [7, 15, 8, 14], [16, 20, 17, 19], [18, 4, 19, 3], [9, 21, 10, 20], [5, 22, 6, 23], [11, 1, 12, 24], [2, 18, 3, 17]]"
12n_0593_174,"[[2, 18, 3, 17], [23, 4, 24, 5], [15, 7, 16, 6], [13, 9, 14, 8], [1, 11, 2, 10], [21, 13, 22, 12], [7, 15, 8, 14], [16, 20, 17, 19], [18, 4, 19, 3], [9, 21, 10, 20], [5, 22, 6, 23], [11, 1, 12, 24]]"
12n_0593_175,"[[11, 1, 12, 24], [2, 18, 3, 17], [23, 4, 24, 5], [15, 7, 16, 6], [13, 9, 14, 8], [1, 11, 2, 10], [21, 13, 22, 12], [7, 15, 8, 14], [16, 20, 17, 19], [18, 4, 19, 3], [9, 21, 10, 20], [5, 22, 6, 23]]"
12n_0593_176,"[[5, 22, 6, 23], [11, 1, 12, 24], [2, 18, 3, 17], [23, 4, 24, 5], [15, 7, 16, 6], [13, 9, 14, 8], [1, 11, 2, 10], [21, 13, 22, 12], [7, 15, 8, 14], [16, 20, 17, 19], [18, 4, 19, 3], [9, 21, 10, 20]]"
12n_0593_177,"[[9, 21, 10, 20], [5, 22, 6, 23], [11, 1, 12, 24], [2, 18, 3, 17], [23, 4, 24, 5], [15, 7, 16, 6], [13, 9, 14, 8], [1, 11, 2, 10], [21, 13, 22, 12], [7, 15, 8, 14], [16, 20, 17, 19], [18, 4, 19, 3]]"
12n_0593_178,"[[18, 4, 19, 3], [9, 21, 10, 20], [5, 22, 6, 23], [11, 1, 12, 24], [2, 18, 3, 17], [23, 4, 24, 5], [15, 7, 16, 6], [13, 9, 14, 8], [1, 11, 2, 10], [21, 13, 22, 12], [7, 15, 8, 14], [16, 20, 17, 19]]"
12n_0593_179,"[[16, 20, 17, 19], [18, 4, 19, 3], [9, 21, 10, 20], [5, 22, 6, 23], [11, 1, 12, 24], [2, 18, 3, 17], [23, 4, 24, 5], [15, 7, 16, 6], [13, 9, 14, 8], [1, 11, 2, 10], [21, 13, 22, 12], [7, 15, 8, 14]]"
12n_0593_180,"[[8, 16, 9, 15], [17, 21, 18, 20], [19, 5, 20, 4], [10, 22, 11, 21], [6, 23, 7, 24], [12, 2, 13, 1], [3, 19, 4, 18], [24, 5, 1, 6], [16, 8, 17, 7], [14, 10, 15, 9], [2, 12, 3, 11], [22, 14, 23, 13]]"
12n_0593_181,"[[22, 14, 23, 13], [8, 16, 9, 15], [17, 21, 18, 20], [19, 5, 20, 4], [10, 22, 11, 21], [6, 23, 7, 24], [12, 2, 13, 1], [3, 19, 4, 18], [24, 5, 1, 6], [16, 8, 17, 7], [14, 10, 15, 9], [2, 12, 3, 11]]"
12n_0593_182,"[[2, 12, 3, 11], [22, 14, 23, 13], [8, 16, 9, 15], [17, 21, 18, 20], [19, 5, 20, 4], [10, 22, 11, 21], [6, 23, 7, 24], [12, 2, 13, 1], [3, 19, 4, 18], [24, 5, 1, 6], [16, 8, 17, 7], [14, 10, 15, 9]]"
12n_0593_183,"[[14, 10, 15, 9], [2, 12, 3, 11], [22, 14, 23, 13], [8, 16, 9, 15], [17, 21, 18, 20], [19, 5, 20, 4], [10, 22, 11, 21], [6, 23, 7, 24], [12, 2, 13, 1], [3, 19, 4, 18], [24, 5, 1, 6], [16, 8, 17, 7]]"
12n_0593_184,"[[16, 8, 17, 7], [14, 10, 15, 9], [2, 12, 3, 11], [22, 14, 23, 13], [8, 16, 9, 15], [17, 21, 18, 20], [19, 5, 20, 4], [10, 22, 11, 21], [6, 23, 7, 24], [12, 2, 13, 1], [3, 19, 4, 18], [24, 5, 1, 6]]"
12n_0593_185,"[[24, 5, 1, 6], [16, 8, 17, 7], [14, 10, 15, 9], [2, 12, 3, 11], [22, 14, 23, 13], [8, 16, 9, 15], [17, 21, 18, 20], [19, 5, 20, 4], [10, 22, 11, 21], [6, 23, 7, 24], [12, 2, 13, 1], [3, 19, 4, 18]]"
