name,pd_notation
12n_0074_0,"[[17, 1, 18, 24], [2, 6, 3, 5], [4, 10, 5, 9], [13, 7, 14, 6], [8, 4, 9, 3], [15, 11, 16, 10], [21, 13, 22, 12], [7, 15, 8, 14], [23, 17, 24, 16], [1, 19, 2, 18], [11, 21, 12, 20], [19, 23, 20, 22]]"
12n_0074_1,"[[19, 23, 20, 22], [17, 1, 18, 24], [2, 6, 3, 5], [4, 10, 5, 9], [13, 7, 14, 6], [8, 4, 9, 3], [15, 11, 16, 10], [21, 13, 22, 12], [7, 15, 8, 14], [23, 17, 24, 16], [1, 19, 2, 18], [11, 21, 12, 20]]"
12n_0074_2,"[[11, 21, 12, 20], [19, 23, 20, 22], [17, 1, 18, 24], [2, 6, 3, 5], [4, 10, 5, 9], [13, 7, 14, 6], [8, 4, 9, 3], [15, 11, 16, 10], [21, 13, 22, 12], [7, 15, 8, 14], [23, 17, 24, 16], [1, 19, 2, 18]]"
12n_0074_3,"[[1, 19, 2, 18], [11, 21, 12, 20], [19, 23, 20, 22], [17, 1, 18, 24], [2, 6, 3, 5], [4, 10, 5, 9], [13, 7, 14, 6], [8, 4, 9, 3], [15, 11, 16, 10], [21, 13, 22, 12], [7, 15, 8, 14], [23, 17, 24, 16]]"
12n_0074_4,"[[23, 17, 24, 16], [1, 19, 2, 18], [11, 21, 12, 20], [19, 23, 20, 22], [17, 1, 18, 24], [2, 6, 3, 5], [4, 10, 5, 9], [13, 7, 14, 6], [8, 4, 9, 3], [15, 11, 16, 10], [21, 13, 22, 12], [7, 15, 8, 14]]"
12n_0074_5,"[[7, 15, 8, 14], [23, 17, 24, 16], [1, 19, 2, 18], [11, 21, 12, 20], [19, 23, 20, 22], [17, 1, 18, 24], [2, 6, 3, 5], [4, 10, 5, 9], [13, 7, 14, 6], [8, 4, 9, 3], [15, 11, 16, 10], [21, 13, 22, 12]]"
12n_0074_6,"[[21, 13, 22, 12], [7, 15, 8, 14], [23, 17, 24, 16], [1, 19, 2, 18], [11, 21, 12, 20], [19, 23, 20, 22], [17, 1, 18, 24], [2, 6, 3, 5], [4, 10, 5, 9], [13, 7, 14, 6], [8, 4, 9, 3], [15, 11, 16, 10]]"
12n_0074_7,"[[15, 11, 16, 10], [21, 13, 22, 12], [7, 15, 8, 14], [23, 17, 24, 16], [1, 19, 2, 18], [11, 21, 12, 20], [19, 23, 20, 22], [17, 1, 18, 24], [2, 6, 3, 5], [4, 10, 5, 9], [13, 7, 14, 6], [8, 4, 9, 3]]"
12n_0074_8,"[[8, 4, 9, 3], [15, 11, 16, 10], [21, 13, 22, 12], [7, 15, 8, 14], [23, 17, 24, 16], [1, 19, 2, 18], [11, 21, 12, 20], [19, 23, 20, 22], [17, 1, 18, 24], [2, 6, 3, 5], [4, 10, 5, 9], [13, 7, 14, 6]]"
12n_0074_9,"[[13, 7, 14, 6], [8, 4, 9, 3], [15, 11, 16, 10], [21, 13, 22, 12], [7, 15, 8, 14], [23, 17, 24, 16], [1, 19, 2, 18], [11, 21, 12, 20], [19, 23, 20, 22], [17, 1, 18, 24], [2, 6, 3, 5], [4, 10, 5, 9]]"
12n_0074_10,"[[4, 10, 5, 9], [13, 7, 14, 6], [8, 4, 9, 3], [15, 11, 16, 10], [21, 13, 22, 12], [7, 15, 8, 14], [23, 17, 24, 16], [1, 19, 2, 18], [11, 21, 12, 20], [19, 23, 20, 22], [17, 1, 18, 24], [2, 6, 3, 5]]"
12n_0074_11,"[[2, 6, 3, 5], [4, 10, 5, 9], [13, 7, 14, 6], [8, 4, 9, 3], [15, 11, 16, 10], [21, 13, 22, 12], [7, 15, 8, 14], [23, 17, 24, 16], [1, 19, 2, 18], [11, 21, 12, 20], [19, 23, 20, 22], [17, 1, 18, 24]]"
12n_0074_12,"[[18, 2, 19, 1], [3, 7, 4, 6], [5, 11, 6, 10], [14, 8, 15, 7], [9, 5, 10, 4], [16, 12, 17, 11], [22, 14, 23, 13], [8, 16, 9, 15], [24, 18, 1, 17], [2, 20, 3, 19], [12, 22, 13, 21], [20, 24, 21, 23]]"
12n_0074_13,"[[20, 24, 21, 23], [18, 2, 19, 1], [3, 7, 4, 6], [5, 11, 6, 10], [14, 8, 15, 7], [9, 5, 10, 4], [16, 12, 17, 11], [22, 14, 23, 13], [8, 16, 9, 15], [24, 18, 1, 17], [2, 20, 3, 19], [12, 22, 13, 21]]"
12n_0074_14,"[[12, 22, 13, 21], [20, 24, 21, 23], [18, 2, 19, 1], [3, 7, 4, 6], [5, 11, 6, 10], [14, 8, 15, 7], [9, 5, 10, 4], [16, 12, 17, 11], [22, 14, 23, 13], [8, 16, 9, 15], [24, 18, 1, 17], [2, 20, 3, 19]]"
12n_0074_15,"[[2, 20, 3, 19], [12, 22, 13, 21], [20, 24, 21, 23], [18, 2, 19, 1], [3, 7, 4, 6], [5, 11, 6, 10], [14, 8, 15, 7], [9, 5, 10, 4], [16, 12, 17, 11], [22, 14, 23, 13], [8, 16, 9, 15], [24, 18, 1, 17]]"
12n_0074_16,"[[24, 18, 1, 17], [2, 20, 3, 19], [12, 22, 13, 21], [20, 24, 21, 23], [18, 2, 19, 1], [3, 7, 4, 6], [5, 11, 6, 10], [14, 8, 15, 7], [9, 5, 10, 4], [16, 12, 17, 11], [22, 14, 23, 13], [8, 16, 9, 15]]"
12n_0074_17,"[[8, 16, 9, 15], [24, 18, 1, 17], [2, 20, 3, 19], [12, 22, 13, 21], [20, 24, 21, 23], [18, 2, 19, 1], [3, 7, 4, 6], [5, 11, 6, 10], [14, 8, 15, 7], [9, 5, 10, 4], [16, 12, 17, 11], [22, 14, 23, 13]]"
12n_0074_18,"[[22, 14, 23, 13], [8, 16, 9, 15], [24, 18, 1, 17], [2, 20, 3, 19], [12, 22, 13, 21], [20, 24, 21, 23], [18, 2, 19, 1], [3, 7, 4, 6], [5, 11, 6, 10], [14, 8, 15, 7], [9, 5, 10, 4], [16, 12, 17, 11]]"
12n_0074_19,"[[16, 12, 17, 11], [22, 14, 23, 13], [8, 16, 9, 15], [24, 18, 1, 17], [2, 20, 3, 19], [12, 22, 13, 21], [20, 24, 21, 23], [18, 2, 19, 1], [3, 7, 4, 6], [5, 11, 6, 10], [14, 8, 15, 7], [9, 5, 10, 4]]"
12n_0074_20,"[[9, 5, 10, 4], [16, 12, 17, 11], [22, 14, 23, 13], [8, 16, 9, 15], [24, 18, 1, 17], [2, 20, 3, 19], [12, 22, 13, 21], [20, 24, 21, 23], [18, 2, 19, 1], [3, 7, 4, 6], [5, 11, 6, 10], [14, 8, 15, 7]]"
12n_0074_21,"[[14, 8, 15, 7], [9, 5, 10, 4], [16, 12, 17, 11], [22, 14, 23, 13], [8, 16, 9, 15], [24, 18, 1, 17], [2, 20, 3, 19], [12, 22, 13, 21], [20, 24, 21, 23], [18, 2, 19, 1], [3, 7, 4, 6], [5, 11, 6, 10]]"
12n_0074_22,"[[5, 11, 6, 10], [14, 8, 15, 7], [9, 5, 10, 4], [16, 12, 17, 11], [22, 14, 23, 13], [8, 16, 9, 15], [24, 18, 1, 17], [2, 20, 3, 19], [12, 22, 13, 21], [20, 24, 21, 23], [18, 2, 19, 1], [3, 7, 4, 6]]"
12n_0074_23,"[[3, 7, 4, 6], [5, 11, 6, 10], [14, 8, 15, 7], [9, 5, 10, 4], [16, 12, 17, 11], [22, 14, 23, 13], [8, 16, 9, 15], [24, 18, 1, 17], [2, 20, 3, 19], [12, 22, 13, 21], [20, 24, 21, 23], [18, 2, 19, 1]]"
12n_0074_24,"[[19, 3, 20, 2], [4, 8, 5, 7], [6, 12, 7, 11], [15, 9, 16, 8], [10, 6, 11, 5], [17, 13, 18, 12], [23, 15, 24, 14], [9, 17, 10, 16], [1, 19, 2, 18], [3, 21, 4, 20], [13, 23, 14, 22], [21, 1, 22, 24]]"
12n_0074_25,"[[21, 1, 22, 24], [19, 3, 20, 2], [4, 8, 5, 7], [6, 12, 7, 11], [15, 9, 16, 8], [10, 6, 11, 5], [17, 13, 18, 12], [23, 15, 24, 14], [9, 17, 10, 16], [1, 19, 2, 18], [3, 21, 4, 20], [13, 23, 14, 22]]"
12n_0074_26,"[[13, 23, 14, 22], [21, 1, 22, 24], [19, 3, 20, 2], [4, 8, 5, 7], [6, 12, 7, 11], [15, 9, 16, 8], [10, 6, 11, 5], [17, 13, 18, 12], [23, 15, 24, 14], [9, 17, 10, 16], [1, 19, 2, 18], [3, 21, 4, 20]]"
12n_0074_27,"[[3, 21, 4, 20], [13, 23, 14, 22], [21, 1, 22, 24], [19, 3, 20, 2], [4, 8, 5, 7], [6, 12, 7, 11], [15, 9, 16, 8], [10, 6, 11, 5], [17, 13, 18, 12], [23, 15, 24, 14], [9, 17, 10, 16], [1, 19, 2, 18]]"
12n_0074_28,"[[1, 19, 2, 18], [3, 21, 4, 20], [13, 23, 14, 22], [21, 1, 22, 24], [19, 3, 20, 2], [4, 8, 5, 7], [6, 12, 7, 11], [15, 9, 16, 8], [10, 6, 11, 5], [17, 13, 18, 12], [23, 15, 24, 14], [9, 17, 10, 16]]"
12n_0074_29,"[[9, 17, 10, 16], [1, 19, 2, 18], [3, 21, 4, 20], [13, 23, 14, 22], [21, 1, 22, 24], [19, 3, 20, 2], [4, 8, 5, 7], [6, 12, 7, 11], [15, 9, 16, 8], [10, 6, 11, 5], [17, 13, 18, 12], [23, 15, 24, 14]]"
12n_0074_30,"[[23, 15, 24, 14], [9, 17, 10, 16], [1, 19, 2, 18], [3, 21, 4, 20], [13, 23, 14, 22], [21, 1, 22, 24], [19, 3, 20, 2], [4, 8, 5, 7], [6, 12, 7, 11], [15, 9, 16, 8], [10, 6, 11, 5], [17, 13, 18, 12]]"
12n_0074_31,"[[17, 13, 18, 12], [23, 15, 24, 14], [9, 17, 10, 16], [1, 19, 2, 18], [3, 21, 4, 20], [13, 23, 14, 22], [21, 1, 22, 24], [19, 3, 20, 2], [4, 8, 5, 7], [6, 12, 7, 11], [15, 9, 16, 8], [10, 6, 11, 5]]"
12n_0074_32,"[[10, 6, 11, 5], [17, 13, 18, 12], [23, 15, 24, 14], [9, 17, 10, 16], [1, 19, 2, 18], [3, 21, 4, 20], [13, 23, 14, 22], [21, 1, 22, 24], [19, 3, 20, 2], [4, 8, 5, 7], [6, 12, 7, 11], [15, 9, 16, 8]]"
12n_0074_33,"[[15, 9, 16, 8], [10, 6, 11, 5], [17, 13, 18, 12], [23, 15, 24, 14], [9, 17, 10, 16], [1, 19, 2, 18], [3, 21, 4, 20], [13, 23, 14, 22], [21, 1, 22, 24], [19, 3, 20, 2], [4, 8, 5, 7], [6, 12, 7, 11]]"
12n_0074_34,"[[6, 12, 7, 11], [15, 9, 16, 8], [10, 6, 11, 5], [17, 13, 18, 12], [23, 15, 24, 14], [9, 17, 10, 16], [1, 19, 2, 18], [3, 21, 4, 20], [13, 23, 14, 22], [21, 1, 22, 24], [19, 3, 20, 2], [4, 8, 5, 7]]"
12n_0074_35,"[[4, 8, 5, 7], [6, 12, 7, 11], [15, 9, 16, 8], [10, 6, 11, 5], [17, 13, 18, 12], [23, 15, 24, 14], [9, 17, 10, 16], [1, 19, 2, 18], [3, 21, 4, 20], [13, 23, 14, 22], [21, 1, 22, 24], [19, 3, 20, 2]]"
12n_0074_36,"[[20, 4, 21, 3], [5, 9, 6, 8], [7, 13, 8, 12], [16, 10, 17, 9], [11, 7, 12, 6], [18, 14, 19, 13], [24, 16, 1, 15], [10, 18, 11, 17], [2, 20, 3, 19], [4, 22, 5, 21], [14, 24, 15, 23], [22, 2, 23, 1]]"
12n_0074_37,"[[22, 2, 23, 1], [20, 4, 21, 3], [5, 9, 6, 8], [7, 13, 8, 12], [16, 10, 17, 9], [11, 7, 12, 6], [18, 14, 19, 13], [24, 16, 1, 15], [10, 18, 11, 17], [2, 20, 3, 19], [4, 22, 5, 21], [14, 24, 15, 23]]"
12n_0074_38,"[[14, 24, 15, 23], [22, 2, 23, 1], [20, 4, 21, 3], [5, 9, 6, 8], [7, 13, 8, 12], [16, 10, 17, 9], [11, 7, 12, 6], [18, 14, 19, 13], [24, 16, 1, 15], [10, 18, 11, 17], [2, 20, 3, 19], [4, 22, 5, 21]]"
12n_0074_39,"[[4, 22, 5, 21], [14, 24, 15, 23], [22, 2, 23, 1], [20, 4, 21, 3], [5, 9, 6, 8], [7, 13, 8, 12], [16, 10, 17, 9], [11, 7, 12, 6], [18, 14, 19, 13], [24, 16, 1, 15], [10, 18, 11, 17], [2, 20, 3, 19]]"
12n_0074_40,"[[2, 20, 3, 19], [4, 22, 5, 21], [14, 24, 15, 23], [22, 2, 23, 1], [20, 4, 21, 3], [5, 9, 6, 8], [7, 13, 8, 12], [16, 10, 17, 9], [11, 7, 12, 6], [18, 14, 19, 13], [24, 16, 1, 15], [10, 18, 11, 17]]"
12n_0074_41,"[[10, 18, 11, 17], [2, 20, 3, 19], [4, 22, 5, 21], [14, 24, 15, 23], [22, 2, 23, 1], [20, 4, 21, 3], [5, 9, 6, 8], [7, 13, 8, 12], [16, 10, 17, 9], [11, 7, 12, 6], [18, 14, 19, 13], [24, 16, 1, 15]]"
12n_0074_42,"[[24, 16, 1, 15], [10, 18, 11, 17], [2, 20, 3, 19], [4, 22, 5, 21], [14, 24, 15, 23], [22, 2, 23, 1], [20, 4, 21, 3], [5, 9, 6, 8], [7, 13, 8, 12], [16, 10, 17, 9], [11, 7, 12, 6], [18, 14, 19, 13]]"
12n_0074_43,"[[18, 14, 19, 13], [24, 16, 1, 15], [10, 18, 11, 17], [2, 20, 3, 19], [4, 22, 5, 21], [14, 24, 15, 23], [22, 2, 23, 1], [20, 4, 21, 3], [5, 9, 6, 8], [7, 13, 8, 12], [16, 10, 17, 9], [11, 7, 12, 6]]"
12n_0074_44,"[[11, 7, 12, 6], [18, 14, 19, 13], [24, 16, 1, 15], [10, 18, 11, 17], [2, 20, 3, 19], [4, 22, 5, 21], [14, 24, 15, 23], [22, 2, 23, 1], [20, 4, 21, 3], [5, 9, 6, 8], [7, 13, 8, 12], [16, 10, 17, 9]]"
12n_0074_45,"[[16, 10, 17, 9], [11, 7, 12, 6], [18, 14, 19, 13], [24, 16, 1, 15], [10, 18, 11, 17], [2, 20, 3, 19], [4, 22, 5, 21], [14, 24, 15, 23], [22, 2, 23, 1], [20, 4, 21, 3], [5, 9, 6, 8], [7, 13, 8, 12]]"
12n_0074_46,"[[7, 13, 8, 12], [16, 10, 17, 9], [11, 7, 12, 6], [18, 14, 19, 13], [24, 16, 1, 15], [10, 18, 11, 17], [2, 20, 3, 19], [4, 22, 5, 21], [14, 24, 15, 23], [22, 2, 23, 1], [20, 4, 21, 3], [5, 9, 6, 8]]"
12n_0074_47,"[[5, 9, 6, 8], [7, 13, 8, 12], [16, 10, 17, 9], [11, 7, 12, 6], [18, 14, 19, 13], [24, 16, 1, 15], [10, 18, 11, 17], [2, 20, 3, 19], [4, 22, 5, 21], [14, 24, 15, 23], [22, 2, 23, 1], [20, 4, 21, 3]]"
12n_0074_48,"[[21, 5, 22, 4], [6, 10, 7, 9], [8, 14, 9, 13], [17, 11, 18, 10], [12, 8, 13, 7], [19, 15, 20, 14], [1, 17, 2, 16], [11, 19, 12, 18], [3, 21, 4, 20], [5, 23, 6, 22], [15, 1, 16, 24], [23, 3, 24, 2]]"
12n_0074_49,"[[23, 3, 24, 2], [21, 5, 22, 4], [6, 10, 7, 9], [8, 14, 9, 13], [17, 11, 18, 10], [12, 8, 13, 7], [19, 15, 20, 14], [1, 17, 2, 16], [11, 19, 12, 18], [3, 21, 4, 20], [5, 23, 6, 22], [15, 1, 16, 24]]"
12n_0074_50,"[[15, 1, 16, 24], [23, 3, 24, 2], [21, 5, 22, 4], [6, 10, 7, 9], [8, 14, 9, 13], [17, 11, 18, 10], [12, 8, 13, 7], [19, 15, 20, 14], [1, 17, 2, 16], [11, 19, 12, 18], [3, 21, 4, 20], [5, 23, 6, 22]]"
12n_0074_51,"[[5, 23, 6, 22], [15, 1, 16, 24], [23, 3, 24, 2], [21, 5, 22, 4], [6, 10, 7, 9], [8, 14, 9, 13], [17, 11, 18, 10], [12, 8, 13, 7], [19, 15, 20, 14], [1, 17, 2, 16], [11, 19, 12, 18], [3, 21, 4, 20]]"
12n_0074_52,"[[3, 21, 4, 20], [5, 23, 6, 22], [15, 1, 16, 24], [23, 3, 24, 2], [21, 5, 22, 4], [6, 10, 7, 9], [8, 14, 9, 13], [17, 11, 18, 10], [12, 8, 13, 7], [19, 15, 20, 14], [1, 17, 2, 16], [11, 19, 12, 18]]"
12n_0074_53,"[[11, 19, 12, 18], [3, 21, 4, 20], [5, 23, 6, 22], [15, 1, 16, 24], [23, 3, 24, 2], [21, 5, 22, 4], [6, 10, 7, 9], [8, 14, 9, 13], [17, 11, 18, 10], [12, 8, 13, 7], [19, 15, 20, 14], [1, 17, 2, 16]]"
12n_0074_54,"[[1, 17, 2, 16], [11, 19, 12, 18], [3, 21, 4, 20], [5, 23, 6, 22], [15, 1, 16, 24], [23, 3, 24, 2], [21, 5, 22, 4], [6, 10, 7, 9], [8, 14, 9, 13], [17, 11, 18, 10], [12, 8, 13, 7], [19, 15, 20, 14]]"
12n_0074_55,"[[19, 15, 20, 14], [1, 17, 2, 16], [11, 19, 12, 18], [3, 21, 4, 20], [5, 23, 6, 22], [15, 1, 16, 24], [23, 3, 24, 2], [21, 5, 22, 4], [6, 10, 7, 9], [8, 14, 9, 13], [17, 11, 18, 10], [12, 8, 13, 7]]"
12n_0074_56,"[[12, 8, 13, 7], [19, 15, 20, 14], [1, 17, 2, 16], [11, 19, 12, 18], [3, 21, 4, 20], [5, 23, 6, 22], [15, 1, 16, 24], [23, 3, 24, 2], [21, 5, 22, 4], [6, 10, 7, 9], [8, 14, 9, 13], [17, 11, 18, 10]]"
12n_0074_57,"[[17, 11, 18, 10], [12, 8, 13, 7], [19, 15, 20, 14], [1, 17, 2, 16], [11, 19, 12, 18], [3, 21, 4, 20], [5, 23, 6, 22], [15, 1, 16, 24], [23, 3, 24, 2], [21, 5, 22, 4], [6, 10, 7, 9], [8, 14, 9, 13]]"
12n_0074_58,"[[8, 14, 9, 13], [17, 11, 18, 10], [12, 8, 13, 7], [19, 15, 20, 14], [1, 17, 2, 16], [11, 19, 12, 18], [3, 21, 4, 20], [5, 23, 6, 22], [15, 1, 16, 24], [23, 3, 24, 2], [21, 5, 22, 4], [6, 10, 7, 9]]"
12n_0074_59,"[[6, 10, 7, 9], [8, 14, 9, 13], [17, 11, 18, 10], [12, 8, 13, 7], [19, 15, 20, 14], [1, 17, 2, 16], [11, 19, 12, 18], [3, 21, 4, 20], [5, 23, 6, 22], [15, 1, 16, 24], [23, 3, 24, 2], [21, 5, 22, 4]]"
12n_0074_60,"[[22, 6, 23, 5], [7, 11, 8, 10], [9, 15, 10, 14], [18, 12, 19, 11], [13, 9, 14, 8], [20, 16, 21, 15], [2, 18, 3, 17], [12, 20, 13, 19], [4, 22, 5, 21], [6, 24, 7, 23], [16, 2, 17, 1], [24, 4, 1, 3]]"
12n_0074_61,"[[24, 4, 1, 3], [22, 6, 23, 5], [7, 11, 8, 10], [9, 15, 10, 14], [18, 12, 19, 11], [13, 9, 14, 8], [20, 16, 21, 15], [2, 18, 3, 17], [12, 20, 13, 19], [4, 22, 5, 21], [6, 24, 7, 23], [16, 2, 17, 1]]"
12n_0074_62,"[[16, 2, 17, 1], [24, 4, 1, 3], [22, 6, 23, 5], [7, 11, 8, 10], [9, 15, 10, 14], [18, 12, 19, 11], [13, 9, 14, 8], [20, 16, 21, 15], [2, 18, 3, 17], [12, 20, 13, 19], [4, 22, 5, 21], [6, 24, 7, 23]]"
12n_0074_63,"[[6, 24, 7, 23], [16, 2, 17, 1], [24, 4, 1, 3], [22, 6, 23, 5], [7, 11, 8, 10], [9, 15, 10, 14], [18, 12, 19, 11], [13, 9, 14, 8], [20, 16, 21, 15], [2, 18, 3, 17], [12, 20, 13, 19], [4, 22, 5, 21]]"
12n_0074_64,"[[4, 22, 5, 21], [6, 24, 7, 23], [16, 2, 17, 1], [24, 4, 1, 3], [22, 6, 23, 5], [7, 11, 8, 10], [9, 15, 10, 14], [18, 12, 19, 11], [13, 9, 14, 8], [20, 16, 21, 15], [2, 18, 3, 17], [12, 20, 13, 19]]"
12n_0074_65,"[[12, 20, 13, 19], [4, 22, 5, 21], [6, 24, 7, 23], [16, 2, 17, 1], [24, 4, 1, 3], [22, 6, 23, 5], [7, 11, 8, 10], [9, 15, 10, 14], [18, 12, 19, 11], [13, 9, 14, 8], [20, 16, 21, 15], [2, 18, 3, 17]]"
12n_0074_66,"[[2, 18, 3, 17], [12, 20, 13, 19], [4, 22, 5, 21], [6, 24, 7, 23], [16, 2, 17, 1], [24, 4, 1, 3], [22, 6, 23, 5], [7, 11, 8, 10], [9, 15, 10, 14], [18, 12, 19, 11], [13, 9, 14, 8], [20, 16, 21, 15]]"
12n_0074_67,"[[20, 16, 21, 15], [2, 18, 3, 17], [12, 20, 13, 19], [4, 22, 5, 21], [6, 24, 7, 23], [16, 2, 17, 1], [24, 4, 1, 3], [22, 6, 23, 5], [7, 11, 8, 10], [9, 15, 10, 14], [18, 12, 19, 11], [13, 9, 14, 8]]"
12n_0074_68,"[[13, 9, 14, 8], [20, 16, 21, 15], [2, 18, 3, 17], [12, 20, 13, 19], [4, 22, 5, 21], [6, 24, 7, 23], [16, 2, 17, 1], [24, 4, 1, 3], [22, 6, 23, 5], [7, 11, 8, 10], [9, 15, 10, 14], [18, 12, 19, 11]]"
12n_0074_69,"[[18, 12, 19, 11], [13, 9, 14, 8], [20, 16, 21, 15], [2, 18, 3, 17], [12, 20, 13, 19], [4, 22, 5, 21], [6, 24, 7, 23], [16, 2, 17, 1], [24, 4, 1, 3], [22, 6, 23, 5], [7, 11, 8, 10], [9, 15, 10, 14]]"
12n_0074_70,"[[9, 15, 10, 14], [18, 12, 19, 11], [13, 9, 14, 8], [20, 16, 21, 15], [2, 18, 3, 17], [12, 20, 13, 19], [4, 22, 5, 21], [6, 24, 7, 23], [16, 2, 17, 1], [24, 4, 1, 3], [22, 6, 23, 5], [7, 11, 8, 10]]"
12n_0074_71,"[[7, 11, 8, 10], [9, 15, 10, 14], [18, 12, 19, 11], [13, 9, 14, 8], [20, 16, 21, 15], [2, 18, 3, 17], [12, 20, 13, 19], [4, 22, 5, 21], [6, 24, 7, 23], [16, 2, 17, 1], [24, 4, 1, 3], [22, 6, 23, 5]]"
12n_0074_72,"[[23, 7, 24, 6], [8, 12, 9, 11], [10, 16, 11, 15], [19, 13, 20, 12], [14, 10, 15, 9], [21, 17, 22, 16], [3, 19, 4, 18], [13, 21, 14, 20], [5, 23, 6, 22], [7, 1, 8, 24], [17, 3, 18, 2], [1, 5, 2, 4]]"
12n_0074_73,"[[1, 5, 2, 4], [23, 7, 24, 6], [8, 12, 9, 11], [10, 16, 11, 15], [19, 13, 20, 12], [14, 10, 15, 9], [21, 17, 22, 16], [3, 19, 4, 18], [13, 21, 14, 20], [5, 23, 6, 22], [7, 1, 8, 24], [17, 3, 18, 2]]"
12n_0074_74,"[[17, 3, 18, 2], [1, 5, 2, 4], [23, 7, 24, 6], [8, 12, 9, 11], [10, 16, 11, 15], [19, 13, 20, 12], [14, 10, 15, 9], [21, 17, 22, 16], [3, 19, 4, 18], [13, 21, 14, 20], [5, 23, 6, 22], [7, 1, 8, 24]]"
12n_0074_75,"[[7, 1, 8, 24], [17, 3, 18, 2], [1, 5, 2, 4], [23, 7, 24, 6], [8, 12, 9, 11], [10, 16, 11, 15], [19, 13, 20, 12], [14, 10, 15, 9], [21, 17, 22, 16], [3, 19, 4, 18], [13, 21, 14, 20], [5, 23, 6, 22]]"
12n_0074_76,"[[5, 23, 6, 22], [7, 1, 8, 24], [17, 3, 18, 2], [1, 5, 2, 4], [23, 7, 24, 6], [8, 12, 9, 11], [10, 16, 11, 15], [19, 13, 20, 12], [14, 10, 15, 9], [21, 17, 22, 16], [3, 19, 4, 18], [13, 21, 14, 20]]"
12n_0074_77,"[[13, 21, 14, 20], [5, 23, 6, 22], [7, 1, 8, 24], [17, 3, 18, 2], [1, 5, 2, 4], [23, 7, 24, 6], [8, 12, 9, 11], [10, 16, 11, 15], [19, 13, 20, 12], [14, 10, 15, 9], [21, 17, 22, 16], [3, 19, 4, 18]]"
12n_0074_78,"[[3, 19, 4, 18], [13, 21, 14, 20], [5, 23, 6, 22], [7, 1, 8, 24], [17, 3, 18, 2], [1, 5, 2, 4], [23, 7, 24, 6], [8, 12, 9, 11], [10, 16, 11, 15], [19, 13, 20, 12], [14, 10, 15, 9], [21, 17, 22, 16]]"
12n_0074_79,"[[21, 17, 22, 16], [3, 19, 4, 18], [13, 21, 14, 20], [5, 23, 6, 22], [7, 1, 8, 24], [17, 3, 18, 2], [1, 5, 2, 4], [23, 7, 24, 6], [8, 12, 9, 11], [10, 16, 11, 15], [19, 13, 20, 12], [14, 10, 15, 9]]"
12n_0074_80,"[[14, 10, 15, 9], [21, 17, 22, 16], [3, 19, 4, 18], [13, 21, 14, 20], [5, 23, 6, 22], [7, 1, 8, 24], [17, 3, 18, 2], [1, 5, 2, 4], [23, 7, 24, 6], [8, 12, 9, 11], [10, 16, 11, 15], [19, 13, 20, 12]]"
12n_0074_81,"[[19, 13, 20, 12], [14, 10, 15, 9], [21, 17, 22, 16], [3, 19, 4, 18], [13, 21, 14, 20], [5, 23, 6, 22], [7, 1, 8, 24], [17, 3, 18, 2], [1, 5, 2, 4], [23, 7, 24, 6], [8, 12, 9, 11], [10, 16, 11, 15]]"
12n_0074_82,"[[10, 16, 11, 15], [19, 13, 20, 12], [14, 10, 15, 9], [21, 17, 22, 16], [3, 19, 4, 18], [13, 21, 14, 20], [5, 23, 6, 22], [7, 1, 8, 24], [17, 3, 18, 2], [1, 5, 2, 4], [23, 7, 24, 6], [8, 12, 9, 11]]"
12n_0074_83,"[[8, 12, 9, 11], [10, 16, 11, 15], [19, 13, 20, 12], [14, 10, 15, 9], [21, 17, 22, 16], [3, 19, 4, 18], [13, 21, 14, 20], [5, 23, 6, 22], [7, 1, 8, 24], [17, 3, 18, 2], [1, 5, 2, 4], [23, 7, 24, 6]]"
12n_0074_84,"[[24, 8, 1, 7], [9, 13, 10, 12], [11, 17, 12, 16], [20, 14, 21, 13], [15, 11, 16, 10], [22, 18, 23, 17], [4, 20, 5, 19], [14, 22, 15, 21], [6, 24, 7, 23], [8, 2, 9, 1], [18, 4, 19, 3], [2, 6, 3, 5]]"
12n_0074_85,"[[2, 6, 3, 5], [24, 8, 1, 7], [9, 13, 10, 12], [11, 17, 12, 16], [20, 14, 21, 13], [15, 11, 16, 10], [22, 18, 23, 17], [4, 20, 5, 19], [14, 22, 15, 21], [6, 24, 7, 23], [8, 2, 9, 1], [18, 4, 19, 3]]"
12n_0074_86,"[[18, 4, 19, 3], [2, 6, 3, 5], [24, 8, 1, 7], [9, 13, 10, 12], [11, 17, 12, 16], [20, 14, 21, 13], [15, 11, 16, 10], [22, 18, 23, 17], [4, 20, 5, 19], [14, 22, 15, 21], [6, 24, 7, 23], [8, 2, 9, 1]]"
12n_0074_87,"[[8, 2, 9, 1], [18, 4, 19, 3], [2, 6, 3, 5], [24, 8, 1, 7], [9, 13, 10, 12], [11, 17, 12, 16], [20, 14, 21, 13], [15, 11, 16, 10], [22, 18, 23, 17], [4, 20, 5, 19], [14, 22, 15, 21], [6, 24, 7, 23]]"
12n_0074_88,"[[6, 24, 7, 23], [8, 2, 9, 1], [18, 4, 19, 3], [2, 6, 3, 5], [24, 8, 1, 7], [9, 13, 10, 12], [11, 17, 12, 16], [20, 14, 21, 13], [15, 11, 16, 10], [22, 18, 23, 17], [4, 20, 5, 19], [14, 22, 15, 21]]"
12n_0074_89,"[[14, 22, 15, 21], [6, 24, 7, 23], [8, 2, 9, 1], [18, 4, 19, 3], [2, 6, 3, 5], [24, 8, 1, 7], [9, 13, 10, 12], [11, 17, 12, 16], [20, 14, 21, 13], [15, 11, 16, 10], [22, 18, 23, 17], [4, 20, 5, 19]]"
12n_0074_90,"[[4, 20, 5, 19], [14, 22, 15, 21], [6, 24, 7, 23], [8, 2, 9, 1], [18, 4, 19, 3], [2, 6, 3, 5], [24, 8, 1, 7], [9, 13, 10, 12], [11, 17, 12, 16], [20, 14, 21, 13], [15, 11, 16, 10], [22, 18, 23, 17]]"
12n_0074_91,"[[22, 18, 23, 17], [4, 20, 5, 19], [14, 22, 15, 21], [6, 24, 7, 23], [8, 2, 9, 1], [18, 4, 19, 3], [2, 6, 3, 5], [24, 8, 1, 7], [9, 13, 10, 12], [11, 17, 12, 16], [20, 14, 21, 13], [15, 11, 16, 10]]"
12n_0074_92,"[[15, 11, 16, 10], [22, 18, 23, 17], [4, 20, 5, 19], [14, 22, 15, 21], [6, 24, 7, 23], [8, 2, 9, 1], [18, 4, 19, 3], [2, 6, 3, 5], [24, 8, 1, 7], [9, 13, 10, 12], [11, 17, 12, 16], [20, 14, 21, 13]]"
12n_0074_93,"[[20, 14, 21, 13], [15, 11, 16, 10], [22, 18, 23, 17], [4, 20, 5, 19], [14, 22, 15, 21], [6, 24, 7, 23], [8, 2, 9, 1], [18, 4, 19, 3], [2, 6, 3, 5], [24, 8, 1, 7], [9, 13, 10, 12], [11, 17, 12, 16]]"
12n_0074_94,"[[11, 17, 12, 16], [20, 14, 21, 13], [15, 11, 16, 10], [22, 18, 23, 17], [4, 20, 5, 19], [14, 22, 15, 21], [6, 24, 7, 23], [8, 2, 9, 1], [18, 4, 19, 3], [2, 6, 3, 5], [24, 8, 1, 7], [9, 13, 10, 12]]"
12n_0074_95,"[[9, 13, 10, 12], [11, 17, 12, 16], [20, 14, 21, 13], [15, 11, 16, 10], [22, 18, 23, 17], [4, 20, 5, 19], [14, 22, 15, 21], [6, 24, 7, 23], [8, 2, 9, 1], [18, 4, 19, 3], [2, 6, 3, 5], [24, 8, 1, 7]]"
12n_0074_96,"[[1, 9, 2, 8], [10, 14, 11, 13], [12, 18, 13, 17], [21, 15, 22, 14], [16, 12, 17, 11], [23, 19, 24, 18], [5, 21, 6, 20], [15, 23, 16, 22], [7, 1, 8, 24], [9, 3, 10, 2], [19, 5, 20, 4], [3, 7, 4, 6]]"
12n_0074_97,"[[3, 7, 4, 6], [1, 9, 2, 8], [10, 14, 11, 13], [12, 18, 13, 17], [21, 15, 22, 14], [16, 12, 17, 11], [23, 19, 24, 18], [5, 21, 6, 20], [15, 23, 16, 22], [7, 1, 8, 24], [9, 3, 10, 2], [19, 5, 20, 4]]"
12n_0074_98,"[[19, 5, 20, 4], [3, 7, 4, 6], [1, 9, 2, 8], [10, 14, 11, 13], [12, 18, 13, 17], [21, 15, 22, 14], [16, 12, 17, 11], [23, 19, 24, 18], [5, 21, 6, 20], [15, 23, 16, 22], [7, 1, 8, 24], [9, 3, 10, 2]]"
12n_0074_99,"[[9, 3, 10, 2], [19, 5, 20, 4], [3, 7, 4, 6], [1, 9, 2, 8], [10, 14, 11, 13], [12, 18, 13, 17], [21, 15, 22, 14], [16, 12, 17, 11], [23, 19, 24, 18], [5, 21, 6, 20], [15, 23, 16, 22], [7, 1, 8, 24]]"
12n_0074_100,"[[7, 1, 8, 24], [9, 3, 10, 2], [19, 5, 20, 4], [3, 7, 4, 6], [1, 9, 2, 8], [10, 14, 11, 13], [12, 18, 13, 17], [21, 15, 22, 14], [16, 12, 17, 11], [23, 19, 24, 18], [5, 21, 6, 20], [15, 23, 16, 22]]"
12n_0074_101,"[[15, 23, 16, 22], [7, 1, 8, 24], [9, 3, 10, 2], [19, 5, 20, 4], [3, 7, 4, 6], [1, 9, 2, 8], [10, 14, 11, 13], [12, 18, 13, 17], [21, 15, 22, 14], [16, 12, 17, 11], [23, 19, 24, 18], [5, 21, 6, 20]]"
12n_0074_102,"[[5, 21, 6, 20], [15, 23, 16, 22], [7, 1, 8, 24], [9, 3, 10, 2], [19, 5, 20, 4], [3, 7, 4, 6], [1, 9, 2, 8], [10, 14, 11, 13], [12, 18, 13, 17], [21, 15, 22, 14], [16, 12, 17, 11], [23, 19, 24, 18]]"
12n_0074_103,"[[23, 19, 24, 18], [5, 21, 6, 20], [15, 23, 16, 22], [7, 1, 8, 24], [9, 3, 10, 2], [19, 5, 20, 4], [3, 7, 4, 6], [1, 9, 2, 8], [10, 14, 11, 13], [12, 18, 13, 17], [21, 15, 22, 14], [16, 12, 17, 11]]"
12n_0074_104,"[[16, 12, 17, 11], [23, 19, 24, 18], [5, 21, 6, 20], [15, 23, 16, 22], [7, 1, 8, 24], [9, 3, 10, 2], [19, 5, 20, 4], [3, 7, 4, 6], [1, 9, 2, 8], [10, 14, 11, 13], [12, 18, 13, 17], [21, 15, 22, 14]]"
12n_0074_105,"[[21, 15, 22, 14], [16, 12, 17, 11], [23, 19, 24, 18], [5, 21, 6, 20], [15, 23, 16, 22], [7, 1, 8, 24], [9, 3, 10, 2], [19, 5, 20, 4], [3, 7, 4, 6], [1, 9, 2, 8], [10, 14, 11, 13], [12, 18, 13, 17]]"
12n_0074_106,"[[12, 18, 13, 17], [21, 15, 22, 14], [16, 12, 17, 11], [23, 19, 24, 18], [5, 21, 6, 20], [15, 23, 16, 22], [7, 1, 8, 24], [9, 3, 10, 2], [19, 5, 20, 4], [3, 7, 4, 6], [1, 9, 2, 8], [10, 14, 11, 13]]"
12n_0074_107,"[[10, 14, 11, 13], [12, 18, 13, 17], [21, 15, 22, 14], [16, 12, 17, 11], [23, 19, 24, 18], [5, 21, 6, 20], [15, 23, 16, 22], [7, 1, 8, 24], [9, 3, 10, 2], [19, 5, 20, 4], [3, 7, 4, 6], [1, 9, 2, 8]]"
12n_0074_108,"[[2, 10, 3, 9], [11, 15, 12, 14], [13, 19, 14, 18], [22, 16, 23, 15], [17, 13, 18, 12], [24, 20, 1, 19], [6, 22, 7, 21], [16, 24, 17, 23], [8, 2, 9, 1], [10, 4, 11, 3], [20, 6, 21, 5], [4, 8, 5, 7]]"
12n_0074_109,"[[4, 8, 5, 7], [2, 10, 3, 9], [11, 15, 12, 14], [13, 19, 14, 18], [22, 16, 23, 15], [17, 13, 18, 12], [24, 20, 1, 19], [6, 22, 7, 21], [16, 24, 17, 23], [8, 2, 9, 1], [10, 4, 11, 3], [20, 6, 21, 5]]"
12n_0074_110,"[[20, 6, 21, 5], [4, 8, 5, 7], [2, 10, 3, 9], [11, 15, 12, 14], [13, 19, 14, 18], [22, 16, 23, 15], [17, 13, 18, 12], [24, 20, 1, 19], [6, 22, 7, 21], [16, 24, 17, 23], [8, 2, 9, 1], [10, 4, 11, 3]]"
12n_0074_111,"[[10, 4, 11, 3], [20, 6, 21, 5], [4, 8, 5, 7], [2, 10, 3, 9], [11, 15, 12, 14], [13, 19, 14, 18], [22, 16, 23, 15], [17, 13, 18, 12], [24, 20, 1, 19], [6, 22, 7, 21], [16, 24, 17, 23], [8, 2, 9, 1]]"
12n_0074_112,"[[8, 2, 9, 1], [10, 4, 11, 3], [20, 6, 21, 5], [4, 8, 5, 7], [2, 10, 3, 9], [11, 15, 12, 14], [13, 19, 14, 18], [22, 16, 23, 15], [17, 13, 18, 12], [24, 20, 1, 19], [6, 22, 7, 21], [16, 24, 17, 23]]"
12n_0074_113,"[[16, 24, 17, 23], [8, 2, 9, 1], [10, 4, 11, 3], [20, 6, 21, 5], [4, 8, 5, 7], [2, 10, 3, 9], [11, 15, 12, 14], [13, 19, 14, 18], [22, 16, 23, 15], [17, 13, 18, 12], [24, 20, 1, 19], [6, 22, 7, 21]]"
12n_0074_114,"[[6, 22, 7, 21], [16, 24, 17, 23], [8, 2, 9, 1], [10, 4, 11, 3], [20, 6, 21, 5], [4, 8, 5, 7], [2, 10, 3, 9], [11, 15, 12, 14], [13, 19, 14, 18], [22, 16, 23, 15], [17, 13, 18, 12], [24, 20, 1, 19]]"
12n_0074_115,"[[24, 20, 1, 19], [6, 22, 7, 21], [16, 24, 17, 23], [8, 2, 9, 1], [10, 4, 11, 3], [20, 6, 21, 5], [4, 8, 5, 7], [2, 10, 3, 9], [11, 15, 12, 14], [13, 19, 14, 18], [22, 16, 23, 15], [17, 13, 18, 12]]"
12n_0074_116,"[[17, 13, 18, 12], [24, 20, 1, 19], [6, 22, 7, 21], [16, 24, 17, 23], [8, 2, 9, 1], [10, 4, 11, 3], [20, 6, 21, 5], [4, 8, 5, 7], [2, 10, 3, 9], [11, 15, 12, 14], [13, 19, 14, 18], [22, 16, 23, 15]]"
12n_0074_117,"[[22, 16, 23, 15], [17, 13, 18, 12], [24, 20, 1, 19], [6, 22, 7, 21], [16, 24, 17, 23], [8, 2, 9, 1], [10, 4, 11, 3], [20, 6, 21, 5], [4, 8, 5, 7], [2, 10, 3, 9], [11, 15, 12, 14], [13, 19, 14, 18]]"
12n_0074_118,"[[13, 19, 14, 18], [22, 16, 23, 15], [17, 13, 18, 12], [24, 20, 1, 19], [6, 22, 7, 21], [16, 24, 17, 23], [8, 2, 9, 1], [10, 4, 11, 3], [20, 6, 21, 5], [4, 8, 5, 7], [2, 10, 3, 9], [11, 15, 12, 14]]"
12n_0074_119,"[[11, 15, 12, 14], [13, 19, 14, 18], [22, 16, 23, 15], [17, 13, 18, 12], [24, 20, 1, 19], [6, 22, 7, 21], [16, 24, 17, 23], [8, 2, 9, 1], [10, 4, 11, 3], [20, 6, 21, 5], [4, 8, 5, 7], [2, 10, 3, 9]]"
12n_0074_120,"[[3, 11, 4, 10], [12, 16, 13, 15], [14, 20, 15, 19], [23, 17, 24, 16], [18, 14, 19, 13], [1, 21, 2, 20], [7, 23, 8, 22], [17, 1, 18, 24], [9, 3, 10, 2], [11, 5, 12, 4], [21, 7, 22, 6], [5, 9, 6, 8]]"
12n_0074_121,"[[5, 9, 6, 8], [3, 11, 4, 10], [12, 16, 13, 15], [14, 20, 15, 19], [23, 17, 24, 16], [18, 14, 19, 13], [1, 21, 2, 20], [7, 23, 8, 22], [17, 1, 18, 24], [9, 3, 10, 2], [11, 5, 12, 4], [21, 7, 22, 6]]"
12n_0074_122,"[[21, 7, 22, 6], [5, 9, 6, 8], [3, 11, 4, 10], [12, 16, 13, 15], [14, 20, 15, 19], [23, 17, 24, 16], [18, 14, 19, 13], [1, 21, 2, 20], [7, 23, 8, 22], [17, 1, 18, 24], [9, 3, 10, 2], [11, 5, 12, 4]]"
12n_0074_123,"[[11, 5, 12, 4], [21, 7, 22, 6], [5, 9, 6, 8], [3, 11, 4, 10], [12, 16, 13, 15], [14, 20, 15, 19], [23, 17, 24, 16], [18, 14, 19, 13], [1, 21, 2, 20], [7, 23, 8, 22], [17, 1, 18, 24], [9, 3, 10, 2]]"
12n_0074_124,"[[9, 3, 10, 2], [11, 5, 12, 4], [21, 7, 22, 6], [5, 9, 6, 8], [3, 11, 4, 10], [12, 16, 13, 15], [14, 20, 15, 19], [23, 17, 24, 16], [18, 14, 19, 13], [1, 21, 2, 20], [7, 23, 8, 22], [17, 1, 18, 24]]"
12n_0074_125,"[[17, 1, 18, 24], [9, 3, 10, 2], [11, 5, 12, 4], [21, 7, 22, 6], [5, 9, 6, 8], [3, 11, 4, 10], [12, 16, 13, 15], [14, 20, 15, 19], [23, 17, 24, 16], [18, 14, 19, 13], [1, 21, 2, 20], [7, 23, 8, 22]]"
12n_0074_126,"[[7, 23, 8, 22], [17, 1, 18, 24], [9, 3, 10, 2], [11, 5, 12, 4], [21, 7, 22, 6], [5, 9, 6, 8], [3, 11, 4, 10], [12, 16, 13, 15], [14, 20, 15, 19], [23, 17, 24, 16], [18, 14, 19, 13], [1, 21, 2, 20]]"
12n_0074_127,"[[1, 21, 2, 20], [7, 23, 8, 22], [17, 1, 18, 24], [9, 3, 10, 2], [11, 5, 12, 4], [21, 7, 22, 6], [5, 9, 6, 8], [3, 11, 4, 10], [12, 16, 13, 15], [14, 20, 15, 19], [23, 17, 24, 16], [18, 14, 19, 13]]"
12n_0074_128,"[[18, 14, 19, 13], [1, 21, 2, 20], [7, 23, 8, 22], [17, 1, 18, 24], [9, 3, 10, 2], [11, 5, 12, 4], [21, 7, 22, 6], [5, 9, 6, 8], [3, 11, 4, 10], [12, 16, 13, 15], [14, 20, 15, 19], [23, 17, 24, 16]]"
12n_0074_129,"[[23, 17, 24, 16], [18, 14, 19, 13], [1, 21, 2, 20], [7, 23, 8, 22], [17, 1, 18, 24], [9, 3, 10, 2], [11, 5, 12, 4], [21, 7, 22, 6], [5, 9, 6, 8], [3, 11, 4, 10], [12, 16, 13, 15], [14, 20, 15, 19]]"
12n_0074_130,"[[14, 20, 15, 19], [23, 17, 24, 16], [18, 14, 19, 13], [1, 21, 2, 20], [7, 23, 8, 22], [17, 1, 18, 24], [9, 3, 10, 2], [11, 5, 12, 4], [21, 7, 22, 6], [5, 9, 6, 8], [3, 11, 4, 10], [12, 16, 13, 15]]"
12n_0074_131,"[[12, 16, 13, 15], [14, 20, 15, 19], [23, 17, 24, 16], [18, 14, 19, 13], [1, 21, 2, 20], [7, 23, 8, 22], [17, 1, 18, 24], [9, 3, 10, 2], [11, 5, 12, 4], [21, 7, 22, 6], [5, 9, 6, 8], [3, 11, 4, 10]]"
12n_0074_132,"[[4, 12, 5, 11], [13, 17, 14, 16], [15, 21, 16, 20], [24, 18, 1, 17], [19, 15, 20, 14], [2, 22, 3, 21], [8, 24, 9, 23], [18, 2, 19, 1], [10, 4, 11, 3], [12, 6, 13, 5], [22, 8, 23, 7], [6, 10, 7, 9]]"
12n_0074_133,"[[6, 10, 7, 9], [4, 12, 5, 11], [13, 17, 14, 16], [15, 21, 16, 20], [24, 18, 1, 17], [19, 15, 20, 14], [2, 22, 3, 21], [8, 24, 9, 23], [18, 2, 19, 1], [10, 4, 11, 3], [12, 6, 13, 5], [22, 8, 23, 7]]"
12n_0074_134,"[[22, 8, 23, 7], [6, 10, 7, 9], [4, 12, 5, 11], [13, 17, 14, 16], [15, 21, 16, 20], [24, 18, 1, 17], [19, 15, 20, 14], [2, 22, 3, 21], [8, 24, 9, 23], [18, 2, 19, 1], [10, 4, 11, 3], [12, 6, 13, 5]]"
12n_0074_135,"[[12, 6, 13, 5], [22, 8, 23, 7], [6, 10, 7, 9], [4, 12, 5, 11], [13, 17, 14, 16], [15, 21, 16, 20], [24, 18, 1, 17], [19, 15, 20, 14], [2, 22, 3, 21], [8, 24, 9, 23], [18, 2, 19, 1], [10, 4, 11, 3]]"
12n_0074_136,"[[10, 4, 11, 3], [12, 6, 13, 5], [22, 8, 23, 7], [6, 10, 7, 9], [4, 12, 5, 11], [13, 17, 14, 16], [15, 21, 16, 20], [24, 18, 1, 17], [19, 15, 20, 14], [2, 22, 3, 21], [8, 24, 9, 23], [18, 2, 19, 1]]"
12n_0074_137,"[[18, 2, 19, 1], [10, 4, 11, 3], [12, 6, 13, 5], [22, 8, 23, 7], [6, 10, 7, 9], [4, 12, 5, 11], [13, 17, 14, 16], [15, 21, 16, 20], [24, 18, 1, 17], [19, 15, 20, 14], [2, 22, 3, 21], [8, 24, 9, 23]]"
12n_0074_138,"[[8, 24, 9, 23], [18, 2, 19, 1], [10, 4, 11, 3], [12, 6, 13, 5], [22, 8, 23, 7], [6, 10, 7, 9], [4, 12, 5, 11], [13, 17, 14, 16], [15, 21, 16, 20], [24, 18, 1, 17], [19, 15, 20, 14], [2, 22, 3, 21]]"
12n_0074_139,"[[2, 22, 3, 21], [8, 24, 9, 23], [18, 2, 19, 1], [10, 4, 11, 3], [12, 6, 13, 5], [22, 8, 23, 7], [6, 10, 7, 9], [4, 12, 5, 11], [13, 17, 14, 16], [15, 21, 16, 20], [24, 18, 1, 17], [19, 15, 20, 14]]"
12n_0074_140,"[[19, 15, 20, 14], [2, 22, 3, 21], [8, 24, 9, 23], [18, 2, 19, 1], [10, 4, 11, 3], [12, 6, 13, 5], [22, 8, 23, 7], [6, 10, 7, 9], [4, 12, 5, 11], [13, 17, 14, 16], [15, 21, 16, 20], [24, 18, 1, 17]]"
12n_0074_141,"[[24, 18, 1, 17], [19, 15, 20, 14], [2, 22, 3, 21], [8, 24, 9, 23], [18, 2, 19, 1], [10, 4, 11, 3], [12, 6, 13, 5], [22, 8, 23, 7], [6, 10, 7, 9], [4, 12, 5, 11], [13, 17, 14, 16], [15, 21, 16, 20]]"
12n_0074_142,"[[15, 21, 16, 20], [24, 18, 1, 17], [19, 15, 20, 14], [2, 22, 3, 21], [8, 24, 9, 23], [18, 2, 19, 1], [10, 4, 11, 3], [12, 6, 13, 5], [22, 8, 23, 7], [6, 10, 7, 9], [4, 12, 5, 11], [13, 17, 14, 16]]"
12n_0074_143,"[[13, 17, 14, 16], [15, 21, 16, 20], [24, 18, 1, 17], [19, 15, 20, 14], [2, 22, 3, 21], [8, 24, 9, 23], [18, 2, 19, 1], [10, 4, 11, 3], [12, 6, 13, 5], [22, 8, 23, 7], [6, 10, 7, 9], [4, 12, 5, 11]]"
12n_0074_144,"[[5, 13, 6, 12], [14, 18, 15, 17], [16, 22, 17, 21], [1, 19, 2, 18], [20, 16, 21, 15], [3, 23, 4, 22], [9, 1, 10, 24], [19, 3, 20, 2], [11, 5, 12, 4], [13, 7, 14, 6], [23, 9, 24, 8], [7, 11, 8, 10]]"
12n_0074_145,"[[7, 11, 8, 10], [5, 13, 6, 12], [14, 18, 15, 17], [16, 22, 17, 21], [1, 19, 2, 18], [20, 16, 21, 15], [3, 23, 4, 22], [9, 1, 10, 24], [19, 3, 20, 2], [11, 5, 12, 4], [13, 7, 14, 6], [23, 9, 24, 8]]"
12n_0074_146,"[[23, 9, 24, 8], [7, 11, 8, 10], [5, 13, 6, 12], [14, 18, 15, 17], [16, 22, 17, 21], [1, 19, 2, 18], [20, 16, 21, 15], [3, 23, 4, 22], [9, 1, 10, 24], [19, 3, 20, 2], [11, 5, 12, 4], [13, 7, 14, 6]]"
12n_0074_147,"[[13, 7, 14, 6], [23, 9, 24, 8], [7, 11, 8, 10], [5, 13, 6, 12], [14, 18, 15, 17], [16, 22, 17, 21], [1, 19, 2, 18], [20, 16, 21, 15], [3, 23, 4, 22], [9, 1, 10, 24], [19, 3, 20, 2], [11, 5, 12, 4]]"
12n_0074_148,"[[11, 5, 12, 4], [13, 7, 14, 6], [23, 9, 24, 8], [7, 11, 8, 10], [5, 13, 6, 12], [14, 18, 15, 17], [16, 22, 17, 21], [1, 19, 2, 18], [20, 16, 21, 15], [3, 23, 4, 22], [9, 1, 10, 24], [19, 3, 20, 2]]"
12n_0074_149,"[[19, 3, 20, 2], [11, 5, 12, 4], [13, 7, 14, 6], [23, 9, 24, 8], [7, 11, 8, 10], [5, 13, 6, 12], [14, 18, 15, 17], [16, 22, 17, 21], [1, 19, 2, 18], [20, 16, 21, 15], [3, 23, 4, 22], [9, 1, 10, 24]]"
12n_0074_150,"[[9, 1, 10, 24], [19, 3, 20, 2], [11, 5, 12, 4], [13, 7, 14, 6], [23, 9, 24, 8], [7, 11, 8, 10], [5, 13, 6, 12], [14, 18, 15, 17], [16, 22, 17, 21], [1, 19, 2, 18], [20, 16, 21, 15], [3, 23, 4, 22]]"
12n_0074_151,"[[3, 23, 4, 22], [9, 1, 10, 24], [19, 3, 20, 2], [11, 5, 12, 4], [13, 7, 14, 6], [23, 9, 24, 8], [7, 11, 8, 10], [5, 13, 6, 12], [14, 18, 15, 17], [16, 22, 17, 21], [1, 19, 2, 18], [20, 16, 21, 15]]"
12n_0074_152,"[[20, 16, 21, 15], [3, 23, 4, 22], [9, 1, 10, 24], [19, 3, 20, 2], [11, 5, 12, 4], [13, 7, 14, 6], [23, 9, 24, 8], [7, 11, 8, 10], [5, 13, 6, 12], [14, 18, 15, 17], [16, 22, 17, 21], [1, 19, 2, 18]]"
12n_0074_153,"[[1, 19, 2, 18], [20, 16, 21, 15], [3, 23, 4, 22], [9, 1, 10, 24], [19, 3, 20, 2], [11, 5, 12, 4], [13, 7, 14, 6], [23, 9, 24, 8], [7, 11, 8, 10], [5, 13, 6, 12], [14, 18, 15, 17], [16, 22, 17, 21]]"
12n_0074_154,"[[16, 22, 17, 21], [1, 19, 2, 18], [20, 16, 21, 15], [3, 23, 4, 22], [9, 1, 10, 24], [19, 3, 20, 2], [11, 5, 12, 4], [13, 7, 14, 6], [23, 9, 24, 8], [7, 11, 8, 10], [5, 13, 6, 12], [14, 18, 15, 17]]"
12n_0074_155,"[[14, 18, 15, 17], [16, 22, 17, 21], [1, 19, 2, 18], [20, 16, 21, 15], [3, 23, 4, 22], [9, 1, 10, 24], [19, 3, 20, 2], [11, 5, 12, 4], [13, 7, 14, 6], [23, 9, 24, 8], [7, 11, 8, 10], [5, 13, 6, 12]]"
12n_0074_156,"[[6, 14, 7, 13], [15, 19, 16, 18], [17, 23, 18, 22], [2, 20, 3, 19], [21, 17, 22, 16], [4, 24, 5, 23], [10, 2, 11, 1], [20, 4, 21, 3], [12, 6, 13, 5], [14, 8, 15, 7], [24, 10, 1, 9], [8, 12, 9, 11]]"
12n_0074_157,"[[8, 12, 9, 11], [6, 14, 7, 13], [15, 19, 16, 18], [17, 23, 18, 22], [2, 20, 3, 19], [21, 17, 22, 16], [4, 24, 5, 23], [10, 2, 11, 1], [20, 4, 21, 3], [12, 6, 13, 5], [14, 8, 15, 7], [24, 10, 1, 9]]"
12n_0074_158,"[[24, 10, 1, 9], [8, 12, 9, 11], [6, 14, 7, 13], [15, 19, 16, 18], [17, 23, 18, 22], [2, 20, 3, 19], [21, 17, 22, 16], [4, 24, 5, 23], [10, 2, 11, 1], [20, 4, 21, 3], [12, 6, 13, 5], [14, 8, 15, 7]]"
12n_0074_159,"[[14, 8, 15, 7], [24, 10, 1, 9], [8, 12, 9, 11], [6, 14, 7, 13], [15, 19, 16, 18], [17, 23, 18, 22], [2, 20, 3, 19], [21, 17, 22, 16], [4, 24, 5, 23], [10, 2, 11, 1], [20, 4, 21, 3], [12, 6, 13, 5]]"
12n_0074_160,"[[12, 6, 13, 5], [14, 8, 15, 7], [24, 10, 1, 9], [8, 12, 9, 11], [6, 14, 7, 13], [15, 19, 16, 18], [17, 23, 18, 22], [2, 20, 3, 19], [21, 17, 22, 16], [4, 24, 5, 23], [10, 2, 11, 1], [20, 4, 21, 3]]"
12n_0074_161,"[[20, 4, 21, 3], [12, 6, 13, 5], [14, 8, 15, 7], [24, 10, 1, 9], [8, 12, 9, 11], [6, 14, 7, 13], [15, 19, 16, 18], [17, 23, 18, 22], [2, 20, 3, 19], [21, 17, 22, 16], [4, 24, 5, 23], [10, 2, 11, 1]]"
12n_0074_162,"[[10, 2, 11, 1], [20, 4, 21, 3], [12, 6, 13, 5], [14, 8, 15, 7], [24, 10, 1, 9], [8, 12, 9, 11], [6, 14, 7, 13], [15, 19, 16, 18], [17, 23, 18, 22], [2, 20, 3, 19], [21, 17, 22, 16], [4, 24, 5, 23]]"
12n_0074_163,"[[4, 24, 5, 23], [10, 2, 11, 1], [20, 4, 21, 3], [12, 6, 13, 5], [14, 8, 15, 7], [24, 10, 1, 9], [8, 12, 9, 11], [6, 14, 7, 13], [15, 19, 16, 18], [17, 23, 18, 22], [2, 20, 3, 19], [21, 17, 22, 16]]"
12n_0074_164,"[[21, 17, 22, 16], [4, 24, 5, 23], [10, 2, 11, 1], [20, 4, 21, 3], [12, 6, 13, 5], [14, 8, 15, 7], [24, 10, 1, 9], [8, 12, 9, 11], [6, 14, 7, 13], [15, 19, 16, 18], [17, 23, 18, 22], [2, 20, 3, 19]]"
12n_0074_165,"[[2, 20, 3, 19], [21, 17, 22, 16], [4, 24, 5, 23], [10, 2, 11, 1], [20, 4, 21, 3], [12, 6, 13, 5], [14, 8, 15, 7], [24, 10, 1, 9], [8, 12, 9, 11], [6, 14, 7, 13], [15, 19, 16, 18], [17, 23, 18, 22]]"
12n_0074_166,"[[17, 23, 18, 22], [2, 20, 3, 19], [21, 17, 22, 16], [4, 24, 5, 23], [10, 2, 11, 1], [20, 4, 21, 3], [12, 6, 13, 5], [14, 8, 15, 7], [24, 10, 1, 9], [8, 12, 9, 11], [6, 14, 7, 13], [15, 19, 16, 18]]"
12n_0074_167,"[[15, 19, 16, 18], [17, 23, 18, 22], [2, 20, 3, 19], [21, 17, 22, 16], [4, 24, 5, 23], [10, 2, 11, 1], [20, 4, 21, 3], [12, 6, 13, 5], [14, 8, 15, 7], [24, 10, 1, 9], [8, 12, 9, 11], [6, 14, 7, 13]]"
12n_0074_168,"[[7, 15, 8, 14], [16, 20, 17, 19], [18, 24, 19, 23], [3, 21, 4, 20], [22, 18, 23, 17], [5, 1, 6, 24], [11, 3, 12, 2], [21, 5, 22, 4], [13, 7, 14, 6], [15, 9, 16, 8], [1, 11, 2, 10], [9, 13, 10, 12]]"
12n_0074_169,"[[9, 13, 10, 12], [7, 15, 8, 14], [16, 20, 17, 19], [18, 24, 19, 23], [3, 21, 4, 20], [22, 18, 23, 17], [5, 1, 6, 24], [11, 3, 12, 2], [21, 5, 22, 4], [13, 7, 14, 6], [15, 9, 16, 8], [1, 11, 2, 10]]"
12n_0074_170,"[[1, 11, 2, 10], [9, 13, 10, 12], [7, 15, 8, 14], [16, 20, 17, 19], [18, 24, 19, 23], [3, 21, 4, 20], [22, 18, 23, 17], [5, 1, 6, 24], [11, 3, 12, 2], [21, 5, 22, 4], [13, 7, 14, 6], [15, 9, 16, 8]]"
12n_0074_171,"[[15, 9, 16, 8], [1, 11, 2, 10], [9, 13, 10, 12], [7, 15, 8, 14], [16, 20, 17, 19], [18, 24, 19, 23], [3, 21, 4, 20], [22, 18, 23, 17], [5, 1, 6, 24], [11, 3, 12, 2], [21, 5, 22, 4], [13, 7, 14, 6]]"
12n_0074_172,"[[13, 7, 14, 6], [15, 9, 16, 8], [1, 11, 2, 10], [9, 13, 10, 12], [7, 15, 8, 14], [16, 20, 17, 19], [18, 24, 19, 23], [3, 21, 4, 20], [22, 18, 23, 17], [5, 1, 6, 24], [11, 3, 12, 2], [21, 5, 22, 4]]"
12n_0074_173,"[[21, 5, 22, 4], [13, 7, 14, 6], [15, 9, 16, 8], [1, 11, 2, 10], [9, 13, 10, 12], [7, 15, 8, 14], [16, 20, 17, 19], [18, 24, 19, 23], [3, 21, 4, 20], [22, 18, 23, 17], [5, 1, 6, 24], [11, 3, 12, 2]]"
12n_0074_174,"[[11, 3, 12, 2], [21, 5, 22, 4], [13, 7, 14, 6], [15, 9, 16, 8], [1, 11, 2, 10], [9, 13, 10, 12], [7, 15, 8, 14], [16, 20, 17, 19], [18, 24, 19, 23], [3, 21, 4, 20], [22, 18, 23, 17], [5, 1, 6, 24]]"
12n_0074_175,"[[5, 1, 6, 24], [11, 3, 12, 2], [21, 5, 22, 4], [13, 7, 14, 6], [15, 9, 16, 8], [1, 11, 2, 10], [9, 13, 10, 12], [7, 15, 8, 14], [16, 20, 17, 19], [18, 24, 19, 23], [3, 21, 4, 20], [22, 18, 23, 17]]"
12n_0074_176,"[[22, 18, 23, 17], [5, 1, 6, 24], [11, 3, 12, 2], [21, 5, 22, 4], [13, 7, 14, 6], [15, 9, 16, 8], [1, 11, 2, 10], [9, 13, 10, 12], [7, 15, 8, 14], [16, 20, 17, 19], [18, 24, 19, 23], [3, 21, 4, 20]]"
12n_0074_177,"[[3, 21, 4, 20], [22, 18, 23, 17], [5, 1, 6, 24], [11, 3, 12, 2], [21, 5, 22, 4], [13, 7, 14, 6], [15, 9, 16, 8], [1, 11, 2, 10], [9, 13, 10, 12], [7, 15, 8, 14], [16, 20, 17, 19], [18, 24, 19, 23]]"
12n_0074_178,"[[18, 24, 19, 23], [3, 21, 4, 20], [22, 18, 23, 17], [5, 1, 6, 24], [11, 3, 12, 2], [21, 5, 22, 4], [13, 7, 14, 6], [15, 9, 16, 8], [1, 11, 2, 10], [9, 13, 10, 12], [7, 15, 8, 14], [16, 20, 17, 19]]"
12n_0074_179,"[[16, 20, 17, 19], [18, 24, 19, 23], [3, 21, 4, 20], [22, 18, 23, 17], [5, 1, 6, 24], [11, 3, 12, 2], [21, 5, 22, 4], [13, 7, 14, 6], [15, 9, 16, 8], [1, 11, 2, 10], [9, 13, 10, 12], [7, 15, 8, 14]]"
12n_0074_180,"[[8, 16, 9, 15], [17, 21, 18, 20], [19, 1, 20, 24], [4, 22, 5, 21], [23, 19, 24, 18], [6, 2, 7, 1], [12, 4, 13, 3], [22, 6, 23, 5], [14, 8, 15, 7], [16, 10, 17, 9], [2, 12, 3, 11], [10, 14, 11, 13]]"
12n_0074_181,"[[10, 14, 11, 13], [8, 16, 9, 15], [17, 21, 18, 20], [19, 1, 20, 24], [4, 22, 5, 21], [23, 19, 24, 18], [6, 2, 7, 1], [12, 4, 13, 3], [22, 6, 23, 5], [14, 8, 15, 7], [16, 10, 17, 9], [2, 12, 3, 11]]"
12n_0074_182,"[[2, 12, 3, 11], [10, 14, 11, 13], [8, 16, 9, 15], [17, 21, 18, 20], [19, 1, 20, 24], [4, 22, 5, 21], [23, 19, 24, 18], [6, 2, 7, 1], [12, 4, 13, 3], [22, 6, 23, 5], [14, 8, 15, 7], [16, 10, 17, 9]]"
12n_0074_183,"[[16, 10, 17, 9], [2, 12, 3, 11], [10, 14, 11, 13], [8, 16, 9, 15], [17, 21, 18, 20], [19, 1, 20, 24], [4, 22, 5, 21], [23, 19, 24, 18], [6, 2, 7, 1], [12, 4, 13, 3], [22, 6, 23, 5], [14, 8, 15, 7]]"
12n_0074_184,"[[14, 8, 15, 7], [16, 10, 17, 9], [2, 12, 3, 11], [10, 14, 11, 13], [8, 16, 9, 15], [17, 21, 18, 20], [19, 1, 20, 24], [4, 22, 5, 21], [23, 19, 24, 18], [6, 2, 7, 1], [12, 4, 13, 3], [22, 6, 23, 5]]"
12n_0074_185,"[[22, 6, 23, 5], [14, 8, 15, 7], [16, 10, 17, 9], [2, 12, 3, 11], [10, 14, 11, 13], [8, 16, 9, 15], [17, 21, 18, 20], [19, 1, 20, 24], [4, 22, 5, 21], [23, 19, 24, 18], [6, 2, 7, 1], [12, 4, 13, 3]]"
