name,pd_notation
12n_0531_0,"[[24, 17, 1, 18], [2, 6, 3, 5], [4, 12, 5, 11], [6, 21, 7, 22], [8, 16, 9, 15], [10, 4, 11, 3], [19, 13, 20, 12], [14, 10, 15, 9], [16, 23, 17, 24], [13, 19, 14, 18], [20, 1, 21, 2], [22, 7, 23, 8]]"
12n_0531_1,"[[22, 7, 23, 8], [24, 17, 1, 18], [2, 6, 3, 5], [4, 12, 5, 11], [6, 21, 7, 22], [8, 16, 9, 15], [10, 4, 11, 3], [19, 13, 20, 12], [14, 10, 15, 9], [16, 23, 17, 24], [13, 19, 14, 18], [20, 1, 21, 2]]"
12n_0531_2,"[[20, 1, 21, 2], [22, 7, 23, 8], [24, 17, 1, 18], [2, 6, 3, 5], [4, 12, 5, 11], [6, 21, 7, 22], [8, 16, 9, 15], [10, 4, 11, 3], [19, 13, 20, 12], [14, 10, 15, 9], [16, 23, 17, 24], [13, 19, 14, 18]]"
12n_0531_3,"[[13, 19, 14, 18], [20, 1, 21, 2], [22, 7, 23, 8], [24, 17, 1, 18], [2, 6, 3, 5], [4, 12, 5, 11], [6, 21, 7, 22], [8, 16, 9, 15], [10, 4, 11, 3], [19, 13, 20, 12], [14, 10, 15, 9], [16, 23, 17, 24]]"
12n_0531_4,"[[16, 23, 17, 24], [13, 19, 14, 18], [20, 1, 21, 2], [22, 7, 23, 8], [24, 17, 1, 18], [2, 6, 3, 5], [4, 12, 5, 11], [6, 21, 7, 22], [8, 16, 9, 15], [10, 4, 11, 3], [19, 13, 20, 12], [14, 10, 15, 9]]"
12n_0531_5,"[[14, 10, 15, 9], [16, 23, 17, 24], [13, 19, 14, 18], [20, 1, 21, 2], [22, 7, 23, 8], [24, 17, 1, 18], [2, 6, 3, 5], [4, 12, 5, 11], [6, 21, 7, 22], [8, 16, 9, 15], [10, 4, 11, 3], [19, 13, 20, 12]]"
12n_0531_6,"[[19, 13, 20, 12], [14, 10, 15, 9], [16, 23, 17, 24], [13, 19, 14, 18], [20, 1, 21, 2], [22, 7, 23, 8], [24, 17, 1, 18], [2, 6, 3, 5], [4, 12, 5, 11], [6, 21, 7, 22], [8, 16, 9, 15], [10, 4, 11, 3]]"
12n_0531_7,"[[10, 4, 11, 3], [19, 13, 20, 12], [14, 10, 15, 9], [16, 23, 17, 24], [13, 19, 14, 18], [20, 1, 21, 2], [22, 7, 23, 8], [24, 17, 1, 18], [2, 6, 3, 5], [4, 12, 5, 11], [6, 21, 7, 22], [8, 16, 9, 15]]"
12n_0531_8,"[[8, 16, 9, 15], [10, 4, 11, 3], [19, 13, 20, 12], [14, 10, 15, 9], [16, 23, 17, 24], [13, 19, 14, 18], [20, 1, 21, 2], [22, 7, 23, 8], [24, 17, 1, 18], [2, 6, 3, 5], [4, 12, 5, 11], [6, 21, 7, 22]]"
12n_0531_9,"[[6, 21, 7, 22], [8, 16, 9, 15], [10, 4, 11, 3], [19, 13, 20, 12], [14, 10, 15, 9], [16, 23, 17, 24], [13, 19, 14, 18], [20, 1, 21, 2], [22, 7, 23, 8], [24, 17, 1, 18], [2, 6, 3, 5], [4, 12, 5, 11]]"
12n_0531_10,"[[4, 12, 5, 11], [6, 21, 7, 22], [8, 16, 9, 15], [10, 4, 11, 3], [19, 13, 20, 12], [14, 10, 15, 9], [16, 23, 17, 24], [13, 19, 14, 18], [20, 1, 21, 2], [22, 7, 23, 8], [24, 17, 1, 18], [2, 6, 3, 5]]"
12n_0531_11,"[[2, 6, 3, 5], [4, 12, 5, 11], [6, 21, 7, 22], [8, 16, 9, 15], [10, 4, 11, 3], [19, 13, 20, 12], [14, 10, 15, 9], [16, 23, 17, 24], [13, 19, 14, 18], [20, 1, 21, 2], [22, 7, 23, 8], [24, 17, 1, 18]]"
12n_0531_12,"[[1, 18, 2, 19], [3, 7, 4, 6], [5, 13, 6, 12], [7, 22, 8, 23], [9, 17, 10, 16], [11, 5, 12, 4], [20, 14, 21, 13], [15, 11, 16, 10], [17, 24, 18, 1], [14, 20, 15, 19], [21, 2, 22, 3], [23, 8, 24, 9]]"
12n_0531_13,"[[23, 8, 24, 9], [1, 18, 2, 19], [3, 7, 4, 6], [5, 13, 6, 12], [7, 22, 8, 23], [9, 17, 10, 16], [11, 5, 12, 4], [20, 14, 21, 13], [15, 11, 16, 10], [17, 24, 18, 1], [14, 20, 15, 19], [21, 2, 22, 3]]"
12n_0531_14,"[[21, 2, 22, 3], [23, 8, 24, 9], [1, 18, 2, 19], [3, 7, 4, 6], [5, 13, 6, 12], [7, 22, 8, 23], [9, 17, 10, 16], [11, 5, 12, 4], [20, 14, 21, 13], [15, 11, 16, 10], [17, 24, 18, 1], [14, 20, 15, 19]]"
12n_0531_15,"[[14, 20, 15, 19], [21, 2, 22, 3], [23, 8, 24, 9], [1, 18, 2, 19], [3, 7, 4, 6], [5, 13, 6, 12], [7, 22, 8, 23], [9, 17, 10, 16], [11, 5, 12, 4], [20, 14, 21, 13], [15, 11, 16, 10], [17, 24, 18, 1]]"
12n_0531_16,"[[17, 24, 18, 1], [14, 20, 15, 19], [21, 2, 22, 3], [23, 8, 24, 9], [1, 18, 2, 19], [3, 7, 4, 6], [5, 13, 6, 12], [7, 22, 8, 23], [9, 17, 10, 16], [11, 5, 12, 4], [20, 14, 21, 13], [15, 11, 16, 10]]"
12n_0531_17,"[[15, 11, 16, 10], [17, 24, 18, 1], [14, 20, 15, 19], [21, 2, 22, 3], [23, 8, 24, 9], [1, 18, 2, 19], [3, 7, 4, 6], [5, 13, 6, 12], [7, 22, 8, 23], [9, 17, 10, 16], [11, 5, 12, 4], [20, 14, 21, 13]]"
12n_0531_18,"[[20, 14, 21, 13], [15, 11, 16, 10], [17, 24, 18, 1], [14, 20, 15, 19], [21, 2, 22, 3], [23, 8, 24, 9], [1, 18, 2, 19], [3, 7, 4, 6], [5, 13, 6, 12], [7, 22, 8, 23], [9, 17, 10, 16], [11, 5, 12, 4]]"
12n_0531_19,"[[11, 5, 12, 4], [20, 14, 21, 13], [15, 11, 16, 10], [17, 24, 18, 1], [14, 20, 15, 19], [21, 2, 22, 3], [23, 8, 24, 9], [1, 18, 2, 19], [3, 7, 4, 6], [5, 13, 6, 12], [7, 22, 8, 23], [9, 17, 10, 16]]"
12n_0531_20,"[[9, 17, 10, 16], [11, 5, 12, 4], [20, 14, 21, 13], [15, 11, 16, 10], [17, 24, 18, 1], [14, 20, 15, 19], [21, 2, 22, 3], [23, 8, 24, 9], [1, 18, 2, 19], [3, 7, 4, 6], [5, 13, 6, 12], [7, 22, 8, 23]]"
12n_0531_21,"[[7, 22, 8, 23], [9, 17, 10, 16], [11, 5, 12, 4], [20, 14, 21, 13], [15, 11, 16, 10], [17, 24, 18, 1], [14, 20, 15, 19], [21, 2, 22, 3], [23, 8, 24, 9], [1, 18, 2, 19], [3, 7, 4, 6], [5, 13, 6, 12]]"
12n_0531_22,"[[5, 13, 6, 12], [7, 22, 8, 23], [9, 17, 10, 16], [11, 5, 12, 4], [20, 14, 21, 13], [15, 11, 16, 10], [17, 24, 18, 1], [14, 20, 15, 19], [21, 2, 22, 3], [23, 8, 24, 9], [1, 18, 2, 19], [3, 7, 4, 6]]"
12n_0531_23,"[[3, 7, 4, 6], [5, 13, 6, 12], [7, 22, 8, 23], [9, 17, 10, 16], [11, 5, 12, 4], [20, 14, 21, 13], [15, 11, 16, 10], [17, 24, 18, 1], [14, 20, 15, 19], [21, 2, 22, 3], [23, 8, 24, 9], [1, 18, 2, 19]]"
12n_0531_24,"[[2, 19, 3, 20], [4, 8, 5, 7], [6, 14, 7, 13], [8, 23, 9, 24], [10, 18, 11, 17], [12, 6, 13, 5], [21, 15, 22, 14], [16, 12, 17, 11], [18, 1, 19, 2], [15, 21, 16, 20], [22, 3, 23, 4], [24, 9, 1, 10]]"
12n_0531_25,"[[24, 9, 1, 10], [2, 19, 3, 20], [4, 8, 5, 7], [6, 14, 7, 13], [8, 23, 9, 24], [10, 18, 11, 17], [12, 6, 13, 5], [21, 15, 22, 14], [16, 12, 17, 11], [18, 1, 19, 2], [15, 21, 16, 20], [22, 3, 23, 4]]"
12n_0531_26,"[[22, 3, 23, 4], [24, 9, 1, 10], [2, 19, 3, 20], [4, 8, 5, 7], [6, 14, 7, 13], [8, 23, 9, 24], [10, 18, 11, 17], [12, 6, 13, 5], [21, 15, 22, 14], [16, 12, 17, 11], [18, 1, 19, 2], [15, 21, 16, 20]]"
12n_0531_27,"[[15, 21, 16, 20], [22, 3, 23, 4], [24, 9, 1, 10], [2, 19, 3, 20], [4, 8, 5, 7], [6, 14, 7, 13], [8, 23, 9, 24], [10, 18, 11, 17], [12, 6, 13, 5], [21, 15, 22, 14], [16, 12, 17, 11], [18, 1, 19, 2]]"
12n_0531_28,"[[18, 1, 19, 2], [15, 21, 16, 20], [22, 3, 23, 4], [24, 9, 1, 10], [2, 19, 3, 20], [4, 8, 5, 7], [6, 14, 7, 13], [8, 23, 9, 24], [10, 18, 11, 17], [12, 6, 13, 5], [21, 15, 22, 14], [16, 12, 17, 11]]"
12n_0531_29,"[[16, 12, 17, 11], [18, 1, 19, 2], [15, 21, 16, 20], [22, 3, 23, 4], [24, 9, 1, 10], [2, 19, 3, 20], [4, 8, 5, 7], [6, 14, 7, 13], [8, 23, 9, 24], [10, 18, 11, 17], [12, 6, 13, 5], [21, 15, 22, 14]]"
12n_0531_30,"[[21, 15, 22, 14], [16, 12, 17, 11], [18, 1, 19, 2], [15, 21, 16, 20], [22, 3, 23, 4], [24, 9, 1, 10], [2, 19, 3, 20], [4, 8, 5, 7], [6, 14, 7, 13], [8, 23, 9, 24], [10, 18, 11, 17], [12, 6, 13, 5]]"
12n_0531_31,"[[12, 6, 13, 5], [21, 15, 22, 14], [16, 12, 17, 11], [18, 1, 19, 2], [15, 21, 16, 20], [22, 3, 23, 4], [24, 9, 1, 10], [2, 19, 3, 20], [4, 8, 5, 7], [6, 14, 7, 13], [8, 23, 9, 24], [10, 18, 11, 17]]"
12n_0531_32,"[[10, 18, 11, 17], [12, 6, 13, 5], [21, 15, 22, 14], [16, 12, 17, 11], [18, 1, 19, 2], [15, 21, 16, 20], [22, 3, 23, 4], [24, 9, 1, 10], [2, 19, 3, 20], [4, 8, 5, 7], [6, 14, 7, 13], [8, 23, 9, 24]]"
12n_0531_33,"[[8, 23, 9, 24], [10, 18, 11, 17], [12, 6, 13, 5], [21, 15, 22, 14], [16, 12, 17, 11], [18, 1, 19, 2], [15, 21, 16, 20], [22, 3, 23, 4], [24, 9, 1, 10], [2, 19, 3, 20], [4, 8, 5, 7], [6, 14, 7, 13]]"
12n_0531_34,"[[6, 14, 7, 13], [8, 23, 9, 24], [10, 18, 11, 17], [12, 6, 13, 5], [21, 15, 22, 14], [16, 12, 17, 11], [18, 1, 19, 2], [15, 21, 16, 20], [22, 3, 23, 4], [24, 9, 1, 10], [2, 19, 3, 20], [4, 8, 5, 7]]"
12n_0531_35,"[[4, 8, 5, 7], [6, 14, 7, 13], [8, 23, 9, 24], [10, 18, 11, 17], [12, 6, 13, 5], [21, 15, 22, 14], [16, 12, 17, 11], [18, 1, 19, 2], [15, 21, 16, 20], [22, 3, 23, 4], [24, 9, 1, 10], [2, 19, 3, 20]]"
12n_0531_36,"[[3, 20, 4, 21], [5, 9, 6, 8], [7, 15, 8, 14], [9, 24, 10, 1], [11, 19, 12, 18], [13, 7, 14, 6], [22, 16, 23, 15], [17, 13, 18, 12], [19, 2, 20, 3], [16, 22, 17, 21], [23, 4, 24, 5], [1, 10, 2, 11]]"
12n_0531_37,"[[1, 10, 2, 11], [3, 20, 4, 21], [5, 9, 6, 8], [7, 15, 8, 14], [9, 24, 10, 1], [11, 19, 12, 18], [13, 7, 14, 6], [22, 16, 23, 15], [17, 13, 18, 12], [19, 2, 20, 3], [16, 22, 17, 21], [23, 4, 24, 5]]"
12n_0531_38,"[[23, 4, 24, 5], [1, 10, 2, 11], [3, 20, 4, 21], [5, 9, 6, 8], [7, 15, 8, 14], [9, 24, 10, 1], [11, 19, 12, 18], [13, 7, 14, 6], [22, 16, 23, 15], [17, 13, 18, 12], [19, 2, 20, 3], [16, 22, 17, 21]]"
12n_0531_39,"[[16, 22, 17, 21], [23, 4, 24, 5], [1, 10, 2, 11], [3, 20, 4, 21], [5, 9, 6, 8], [7, 15, 8, 14], [9, 24, 10, 1], [11, 19, 12, 18], [13, 7, 14, 6], [22, 16, 23, 15], [17, 13, 18, 12], [19, 2, 20, 3]]"
12n_0531_40,"[[19, 2, 20, 3], [16, 22, 17, 21], [23, 4, 24, 5], [1, 10, 2, 11], [3, 20, 4, 21], [5, 9, 6, 8], [7, 15, 8, 14], [9, 24, 10, 1], [11, 19, 12, 18], [13, 7, 14, 6], [22, 16, 23, 15], [17, 13, 18, 12]]"
12n_0531_41,"[[17, 13, 18, 12], [19, 2, 20, 3], [16, 22, 17, 21], [23, 4, 24, 5], [1, 10, 2, 11], [3, 20, 4, 21], [5, 9, 6, 8], [7, 15, 8, 14], [9, 24, 10, 1], [11, 19, 12, 18], [13, 7, 14, 6], [22, 16, 23, 15]]"
12n_0531_42,"[[22, 16, 23, 15], [17, 13, 18, 12], [19, 2, 20, 3], [16, 22, 17, 21], [23, 4, 24, 5], [1, 10, 2, 11], [3, 20, 4, 21], [5, 9, 6, 8], [7, 15, 8, 14], [9, 24, 10, 1], [11, 19, 12, 18], [13, 7, 14, 6]]"
12n_0531_43,"[[13, 7, 14, 6], [22, 16, 23, 15], [17, 13, 18, 12], [19, 2, 20, 3], [16, 22, 17, 21], [23, 4, 24, 5], [1, 10, 2, 11], [3, 20, 4, 21], [5, 9, 6, 8], [7, 15, 8, 14], [9, 24, 10, 1], [11, 19, 12, 18]]"
12n_0531_44,"[[11, 19, 12, 18], [13, 7, 14, 6], [22, 16, 23, 15], [17, 13, 18, 12], [19, 2, 20, 3], [16, 22, 17, 21], [23, 4, 24, 5], [1, 10, 2, 11], [3, 20, 4, 21], [5, 9, 6, 8], [7, 15, 8, 14], [9, 24, 10, 1]]"
12n_0531_45,"[[9, 24, 10, 1], [11, 19, 12, 18], [13, 7, 14, 6], [22, 16, 23, 15], [17, 13, 18, 12], [19, 2, 20, 3], [16, 22, 17, 21], [23, 4, 24, 5], [1, 10, 2, 11], [3, 20, 4, 21], [5, 9, 6, 8], [7, 15, 8, 14]]"
12n_0531_46,"[[7, 15, 8, 14], [9, 24, 10, 1], [11, 19, 12, 18], [13, 7, 14, 6], [22, 16, 23, 15], [17, 13, 18, 12], [19, 2, 20, 3], [16, 22, 17, 21], [23, 4, 24, 5], [1, 10, 2, 11], [3, 20, 4, 21], [5, 9, 6, 8]]"
12n_0531_47,"[[5, 9, 6, 8], [7, 15, 8, 14], [9, 24, 10, 1], [11, 19, 12, 18], [13, 7, 14, 6], [22, 16, 23, 15], [17, 13, 18, 12], [19, 2, 20, 3], [16, 22, 17, 21], [23, 4, 24, 5], [1, 10, 2, 11], [3, 20, 4, 21]]"
12n_0531_48,"[[4, 21, 5, 22], [6, 10, 7, 9], [8, 16, 9, 15], [10, 1, 11, 2], [12, 20, 13, 19], [14, 8, 15, 7], [23, 17, 24, 16], [18, 14, 19, 13], [20, 3, 21, 4], [17, 23, 18, 22], [24, 5, 1, 6], [2, 11, 3, 12]]"
12n_0531_49,"[[2, 11, 3, 12], [4, 21, 5, 22], [6, 10, 7, 9], [8, 16, 9, 15], [10, 1, 11, 2], [12, 20, 13, 19], [14, 8, 15, 7], [23, 17, 24, 16], [18, 14, 19, 13], [20, 3, 21, 4], [17, 23, 18, 22], [24, 5, 1, 6]]"
12n_0531_50,"[[24, 5, 1, 6], [2, 11, 3, 12], [4, 21, 5, 22], [6, 10, 7, 9], [8, 16, 9, 15], [10, 1, 11, 2], [12, 20, 13, 19], [14, 8, 15, 7], [23, 17, 24, 16], [18, 14, 19, 13], [20, 3, 21, 4], [17, 23, 18, 22]]"
12n_0531_51,"[[17, 23, 18, 22], [24, 5, 1, 6], [2, 11, 3, 12], [4, 21, 5, 22], [6, 10, 7, 9], [8, 16, 9, 15], [10, 1, 11, 2], [12, 20, 13, 19], [14, 8, 15, 7], [23, 17, 24, 16], [18, 14, 19, 13], [20, 3, 21, 4]]"
12n_0531_52,"[[20, 3, 21, 4], [17, 23, 18, 22], [24, 5, 1, 6], [2, 11, 3, 12], [4, 21, 5, 22], [6, 10, 7, 9], [8, 16, 9, 15], [10, 1, 11, 2], [12, 20, 13, 19], [14, 8, 15, 7], [23, 17, 24, 16], [18, 14, 19, 13]]"
12n_0531_53,"[[18, 14, 19, 13], [20, 3, 21, 4], [17, 23, 18, 22], [24, 5, 1, 6], [2, 11, 3, 12], [4, 21, 5, 22], [6, 10, 7, 9], [8, 16, 9, 15], [10, 1, 11, 2], [12, 20, 13, 19], [14, 8, 15, 7], [23, 17, 24, 16]]"
12n_0531_54,"[[23, 17, 24, 16], [18, 14, 19, 13], [20, 3, 21, 4], [17, 23, 18, 22], [24, 5, 1, 6], [2, 11, 3, 12], [4, 21, 5, 22], [6, 10, 7, 9], [8, 16, 9, 15], [10, 1, 11, 2], [12, 20, 13, 19], [14, 8, 15, 7]]"
12n_0531_55,"[[14, 8, 15, 7], [23, 17, 24, 16], [18, 14, 19, 13], [20, 3, 21, 4], [17, 23, 18, 22], [24, 5, 1, 6], [2, 11, 3, 12], [4, 21, 5, 22], [6, 10, 7, 9], [8, 16, 9, 15], [10, 1, 11, 2], [12, 20, 13, 19]]"
12n_0531_56,"[[12, 20, 13, 19], [14, 8, 15, 7], [23, 17, 24, 16], [18, 14, 19, 13], [20, 3, 21, 4], [17, 23, 18, 22], [24, 5, 1, 6], [2, 11, 3, 12], [4, 21, 5, 22], [6, 10, 7, 9], [8, 16, 9, 15], [10, 1, 11, 2]]"
12n_0531_57,"[[10, 1, 11, 2], [12, 20, 13, 19], [14, 8, 15, 7], [23, 17, 24, 16], [18, 14, 19, 13], [20, 3, 21, 4], [17, 23, 18, 22], [24, 5, 1, 6], [2, 11, 3, 12], [4, 21, 5, 22], [6, 10, 7, 9], [8, 16, 9, 15]]"
12n_0531_58,"[[8, 16, 9, 15], [10, 1, 11, 2], [12, 20, 13, 19], [14, 8, 15, 7], [23, 17, 24, 16], [18, 14, 19, 13], [20, 3, 21, 4], [17, 23, 18, 22], [24, 5, 1, 6], [2, 11, 3, 12], [4, 21, 5, 22], [6, 10, 7, 9]]"
12n_0531_59,"[[6, 10, 7, 9], [8, 16, 9, 15], [10, 1, 11, 2], [12, 20, 13, 19], [14, 8, 15, 7], [23, 17, 24, 16], [18, 14, 19, 13], [20, 3, 21, 4], [17, 23, 18, 22], [24, 5, 1, 6], [2, 11, 3, 12], [4, 21, 5, 22]]"
12n_0531_60,"[[5, 22, 6, 23], [7, 11, 8, 10], [9, 17, 10, 16], [11, 2, 12, 3], [13, 21, 14, 20], [15, 9, 16, 8], [24, 18, 1, 17], [19, 15, 20, 14], [21, 4, 22, 5], [18, 24, 19, 23], [1, 6, 2, 7], [3, 12, 4, 13]]"
12n_0531_61,"[[3, 12, 4, 13], [5, 22, 6, 23], [7, 11, 8, 10], [9, 17, 10, 16], [11, 2, 12, 3], [13, 21, 14, 20], [15, 9, 16, 8], [24, 18, 1, 17], [19, 15, 20, 14], [21, 4, 22, 5], [18, 24, 19, 23], [1, 6, 2, 7]]"
12n_0531_62,"[[1, 6, 2, 7], [3, 12, 4, 13], [5, 22, 6, 23], [7, 11, 8, 10], [9, 17, 10, 16], [11, 2, 12, 3], [13, 21, 14, 20], [15, 9, 16, 8], [24, 18, 1, 17], [19, 15, 20, 14], [21, 4, 22, 5], [18, 24, 19, 23]]"
12n_0531_63,"[[18, 24, 19, 23], [1, 6, 2, 7], [3, 12, 4, 13], [5, 22, 6, 23], [7, 11, 8, 10], [9, 17, 10, 16], [11, 2, 12, 3], [13, 21, 14, 20], [15, 9, 16, 8], [24, 18, 1, 17], [19, 15, 20, 14], [21, 4, 22, 5]]"
12n_0531_64,"[[21, 4, 22, 5], [18, 24, 19, 23], [1, 6, 2, 7], [3, 12, 4, 13], [5, 22, 6, 23], [7, 11, 8, 10], [9, 17, 10, 16], [11, 2, 12, 3], [13, 21, 14, 20], [15, 9, 16, 8], [24, 18, 1, 17], [19, 15, 20, 14]]"
12n_0531_65,"[[19, 15, 20, 14], [21, 4, 22, 5], [18, 24, 19, 23], [1, 6, 2, 7], [3, 12, 4, 13], [5, 22, 6, 23], [7, 11, 8, 10], [9, 17, 10, 16], [11, 2, 12, 3], [13, 21, 14, 20], [15, 9, 16, 8], [24, 18, 1, 17]]"
12n_0531_66,"[[24, 18, 1, 17], [19, 15, 20, 14], [21, 4, 22, 5], [18, 24, 19, 23], [1, 6, 2, 7], [3, 12, 4, 13], [5, 22, 6, 23], [7, 11, 8, 10], [9, 17, 10, 16], [11, 2, 12, 3], [13, 21, 14, 20], [15, 9, 16, 8]]"
12n_0531_67,"[[15, 9, 16, 8], [24, 18, 1, 17], [19, 15, 20, 14], [21, 4, 22, 5], [18, 24, 19, 23], [1, 6, 2, 7], [3, 12, 4, 13], [5, 22, 6, 23], [7, 11, 8, 10], [9, 17, 10, 16], [11, 2, 12, 3], [13, 21, 14, 20]]"
12n_0531_68,"[[13, 21, 14, 20], [15, 9, 16, 8], [24, 18, 1, 17], [19, 15, 20, 14], [21, 4, 22, 5], [18, 24, 19, 23], [1, 6, 2, 7], [3, 12, 4, 13], [5, 22, 6, 23], [7, 11, 8, 10], [9, 17, 10, 16], [11, 2, 12, 3]]"
12n_0531_69,"[[11, 2, 12, 3], [13, 21, 14, 20], [15, 9, 16, 8], [24, 18, 1, 17], [19, 15, 20, 14], [21, 4, 22, 5], [18, 24, 19, 23], [1, 6, 2, 7], [3, 12, 4, 13], [5, 22, 6, 23], [7, 11, 8, 10], [9, 17, 10, 16]]"
12n_0531_70,"[[9, 17, 10, 16], [11, 2, 12, 3], [13, 21, 14, 20], [15, 9, 16, 8], [24, 18, 1, 17], [19, 15, 20, 14], [21, 4, 22, 5], [18, 24, 19, 23], [1, 6, 2, 7], [3, 12, 4, 13], [5, 22, 6, 23], [7, 11, 8, 10]]"
12n_0531_71,"[[7, 11, 8, 10], [9, 17, 10, 16], [11, 2, 12, 3], [13, 21, 14, 20], [15, 9, 16, 8], [24, 18, 1, 17], [19, 15, 20, 14], [21, 4, 22, 5], [18, 24, 19, 23], [1, 6, 2, 7], [3, 12, 4, 13], [5, 22, 6, 23]]"
12n_0531_72,"[[6, 23, 7, 24], [8, 12, 9, 11], [10, 18, 11, 17], [12, 3, 13, 4], [14, 22, 15, 21], [16, 10, 17, 9], [1, 19, 2, 18], [20, 16, 21, 15], [22, 5, 23, 6], [19, 1, 20, 24], [2, 7, 3, 8], [4, 13, 5, 14]]"
12n_0531_73,"[[4, 13, 5, 14], [6, 23, 7, 24], [8, 12, 9, 11], [10, 18, 11, 17], [12, 3, 13, 4], [14, 22, 15, 21], [16, 10, 17, 9], [1, 19, 2, 18], [20, 16, 21, 15], [22, 5, 23, 6], [19, 1, 20, 24], [2, 7, 3, 8]]"
12n_0531_74,"[[2, 7, 3, 8], [4, 13, 5, 14], [6, 23, 7, 24], [8, 12, 9, 11], [10, 18, 11, 17], [12, 3, 13, 4], [14, 22, 15, 21], [16, 10, 17, 9], [1, 19, 2, 18], [20, 16, 21, 15], [22, 5, 23, 6], [19, 1, 20, 24]]"
12n_0531_75,"[[19, 1, 20, 24], [2, 7, 3, 8], [4, 13, 5, 14], [6, 23, 7, 24], [8, 12, 9, 11], [10, 18, 11, 17], [12, 3, 13, 4], [14, 22, 15, 21], [16, 10, 17, 9], [1, 19, 2, 18], [20, 16, 21, 15], [22, 5, 23, 6]]"
12n_0531_76,"[[22, 5, 23, 6], [19, 1, 20, 24], [2, 7, 3, 8], [4, 13, 5, 14], [6, 23, 7, 24], [8, 12, 9, 11], [10, 18, 11, 17], [12, 3, 13, 4], [14, 22, 15, 21], [16, 10, 17, 9], [1, 19, 2, 18], [20, 16, 21, 15]]"
12n_0531_77,"[[20, 16, 21, 15], [22, 5, 23, 6], [19, 1, 20, 24], [2, 7, 3, 8], [4, 13, 5, 14], [6, 23, 7, 24], [8, 12, 9, 11], [10, 18, 11, 17], [12, 3, 13, 4], [14, 22, 15, 21], [16, 10, 17, 9], [1, 19, 2, 18]]"
12n_0531_78,"[[1, 19, 2, 18], [20, 16, 21, 15], [22, 5, 23, 6], [19, 1, 20, 24], [2, 7, 3, 8], [4, 13, 5, 14], [6, 23, 7, 24], [8, 12, 9, 11], [10, 18, 11, 17], [12, 3, 13, 4], [14, 22, 15, 21], [16, 10, 17, 9]]"
12n_0531_79,"[[16, 10, 17, 9], [1, 19, 2, 18], [20, 16, 21, 15], [22, 5, 23, 6], [19, 1, 20, 24], [2, 7, 3, 8], [4, 13, 5, 14], [6, 23, 7, 24], [8, 12, 9, 11], [10, 18, 11, 17], [12, 3, 13, 4], [14, 22, 15, 21]]"
12n_0531_80,"[[14, 22, 15, 21], [16, 10, 17, 9], [1, 19, 2, 18], [20, 16, 21, 15], [22, 5, 23, 6], [19, 1, 20, 24], [2, 7, 3, 8], [4, 13, 5, 14], [6, 23, 7, 24], [8, 12, 9, 11], [10, 18, 11, 17], [12, 3, 13, 4]]"
12n_0531_81,"[[12, 3, 13, 4], [14, 22, 15, 21], [16, 10, 17, 9], [1, 19, 2, 18], [20, 16, 21, 15], [22, 5, 23, 6], [19, 1, 20, 24], [2, 7, 3, 8], [4, 13, 5, 14], [6, 23, 7, 24], [8, 12, 9, 11], [10, 18, 11, 17]]"
12n_0531_82,"[[10, 18, 11, 17], [12, 3, 13, 4], [14, 22, 15, 21], [16, 10, 17, 9], [1, 19, 2, 18], [20, 16, 21, 15], [22, 5, 23, 6], [19, 1, 20, 24], [2, 7, 3, 8], [4, 13, 5, 14], [6, 23, 7, 24], [8, 12, 9, 11]]"
12n_0531_83,"[[8, 12, 9, 11], [10, 18, 11, 17], [12, 3, 13, 4], [14, 22, 15, 21], [16, 10, 17, 9], [1, 19, 2, 18], [20, 16, 21, 15], [22, 5, 23, 6], [19, 1, 20, 24], [2, 7, 3, 8], [4, 13, 5, 14], [6, 23, 7, 24]]"
12n_0531_84,"[[7, 24, 8, 1], [9, 13, 10, 12], [11, 19, 12, 18], [13, 4, 14, 5], [15, 23, 16, 22], [17, 11, 18, 10], [2, 20, 3, 19], [21, 17, 22, 16], [23, 6, 24, 7], [20, 2, 21, 1], [3, 8, 4, 9], [5, 14, 6, 15]]"
12n_0531_85,"[[5, 14, 6, 15], [7, 24, 8, 1], [9, 13, 10, 12], [11, 19, 12, 18], [13, 4, 14, 5], [15, 23, 16, 22], [17, 11, 18, 10], [2, 20, 3, 19], [21, 17, 22, 16], [23, 6, 24, 7], [20, 2, 21, 1], [3, 8, 4, 9]]"
12n_0531_86,"[[3, 8, 4, 9], [5, 14, 6, 15], [7, 24, 8, 1], [9, 13, 10, 12], [11, 19, 12, 18], [13, 4, 14, 5], [15, 23, 16, 22], [17, 11, 18, 10], [2, 20, 3, 19], [21, 17, 22, 16], [23, 6, 24, 7], [20, 2, 21, 1]]"
12n_0531_87,"[[20, 2, 21, 1], [3, 8, 4, 9], [5, 14, 6, 15], [7, 24, 8, 1], [9, 13, 10, 12], [11, 19, 12, 18], [13, 4, 14, 5], [15, 23, 16, 22], [17, 11, 18, 10], [2, 20, 3, 19], [21, 17, 22, 16], [23, 6, 24, 7]]"
12n_0531_88,"[[23, 6, 24, 7], [20, 2, 21, 1], [3, 8, 4, 9], [5, 14, 6, 15], [7, 24, 8, 1], [9, 13, 10, 12], [11, 19, 12, 18], [13, 4, 14, 5], [15, 23, 16, 22], [17, 11, 18, 10], [2, 20, 3, 19], [21, 17, 22, 16]]"
12n_0531_89,"[[21, 17, 22, 16], [23, 6, 24, 7], [20, 2, 21, 1], [3, 8, 4, 9], [5, 14, 6, 15], [7, 24, 8, 1], [9, 13, 10, 12], [11, 19, 12, 18], [13, 4, 14, 5], [15, 23, 16, 22], [17, 11, 18, 10], [2, 20, 3, 19]]"
12n_0531_90,"[[2, 20, 3, 19], [21, 17, 22, 16], [23, 6, 24, 7], [20, 2, 21, 1], [3, 8, 4, 9], [5, 14, 6, 15], [7, 24, 8, 1], [9, 13, 10, 12], [11, 19, 12, 18], [13, 4, 14, 5], [15, 23, 16, 22], [17, 11, 18, 10]]"
12n_0531_91,"[[17, 11, 18, 10], [2, 20, 3, 19], [21, 17, 22, 16], [23, 6, 24, 7], [20, 2, 21, 1], [3, 8, 4, 9], [5, 14, 6, 15], [7, 24, 8, 1], [9, 13, 10, 12], [11, 19, 12, 18], [13, 4, 14, 5], [15, 23, 16, 22]]"
12n_0531_92,"[[15, 23, 16, 22], [17, 11, 18, 10], [2, 20, 3, 19], [21, 17, 22, 16], [23, 6, 24, 7], [20, 2, 21, 1], [3, 8, 4, 9], [5, 14, 6, 15], [7, 24, 8, 1], [9, 13, 10, 12], [11, 19, 12, 18], [13, 4, 14, 5]]"
12n_0531_93,"[[13, 4, 14, 5], [15, 23, 16, 22], [17, 11, 18, 10], [2, 20, 3, 19], [21, 17, 22, 16], [23, 6, 24, 7], [20, 2, 21, 1], [3, 8, 4, 9], [5, 14, 6, 15], [7, 24, 8, 1], [9, 13, 10, 12], [11, 19, 12, 18]]"
12n_0531_94,"[[11, 19, 12, 18], [13, 4, 14, 5], [15, 23, 16, 22], [17, 11, 18, 10], [2, 20, 3, 19], [21, 17, 22, 16], [23, 6, 24, 7], [20, 2, 21, 1], [3, 8, 4, 9], [5, 14, 6, 15], [7, 24, 8, 1], [9, 13, 10, 12]]"
12n_0531_95,"[[9, 13, 10, 12], [11, 19, 12, 18], [13, 4, 14, 5], [15, 23, 16, 22], [17, 11, 18, 10], [2, 20, 3, 19], [21, 17, 22, 16], [23, 6, 24, 7], [20, 2, 21, 1], [3, 8, 4, 9], [5, 14, 6, 15], [7, 24, 8, 1]]"
12n_0531_96,"[[8, 1, 9, 2], [10, 14, 11, 13], [12, 20, 13, 19], [14, 5, 15, 6], [16, 24, 17, 23], [18, 12, 19, 11], [3, 21, 4, 20], [22, 18, 23, 17], [24, 7, 1, 8], [21, 3, 22, 2], [4, 9, 5, 10], [6, 15, 7, 16]]"
12n_0531_97,"[[6, 15, 7, 16], [8, 1, 9, 2], [10, 14, 11, 13], [12, 20, 13, 19], [14, 5, 15, 6], [16, 24, 17, 23], [18, 12, 19, 11], [3, 21, 4, 20], [22, 18, 23, 17], [24, 7, 1, 8], [21, 3, 22, 2], [4, 9, 5, 10]]"
12n_0531_98,"[[4, 9, 5, 10], [6, 15, 7, 16], [8, 1, 9, 2], [10, 14, 11, 13], [12, 20, 13, 19], [14, 5, 15, 6], [16, 24, 17, 23], [18, 12, 19, 11], [3, 21, 4, 20], [22, 18, 23, 17], [24, 7, 1, 8], [21, 3, 22, 2]]"
12n_0531_99,"[[21, 3, 22, 2], [4, 9, 5, 10], [6, 15, 7, 16], [8, 1, 9, 2], [10, 14, 11, 13], [12, 20, 13, 19], [14, 5, 15, 6], [16, 24, 17, 23], [18, 12, 19, 11], [3, 21, 4, 20], [22, 18, 23, 17], [24, 7, 1, 8]]"
12n_0531_100,"[[24, 7, 1, 8], [21, 3, 22, 2], [4, 9, 5, 10], [6, 15, 7, 16], [8, 1, 9, 2], [10, 14, 11, 13], [12, 20, 13, 19], [14, 5, 15, 6], [16, 24, 17, 23], [18, 12, 19, 11], [3, 21, 4, 20], [22, 18, 23, 17]]"
12n_0531_101,"[[22, 18, 23, 17], [24, 7, 1, 8], [21, 3, 22, 2], [4, 9, 5, 10], [6, 15, 7, 16], [8, 1, 9, 2], [10, 14, 11, 13], [12, 20, 13, 19], [14, 5, 15, 6], [16, 24, 17, 23], [18, 12, 19, 11], [3, 21, 4, 20]]"
12n_0531_102,"[[3, 21, 4, 20], [22, 18, 23, 17], [24, 7, 1, 8], [21, 3, 22, 2], [4, 9, 5, 10], [6, 15, 7, 16], [8, 1, 9, 2], [10, 14, 11, 13], [12, 20, 13, 19], [14, 5, 15, 6], [16, 24, 17, 23], [18, 12, 19, 11]]"
12n_0531_103,"[[18, 12, 19, 11], [3, 21, 4, 20], [22, 18, 23, 17], [24, 7, 1, 8], [21, 3, 22, 2], [4, 9, 5, 10], [6, 15, 7, 16], [8, 1, 9, 2], [10, 14, 11, 13], [12, 20, 13, 19], [14, 5, 15, 6], [16, 24, 17, 23]]"
12n_0531_104,"[[16, 24, 17, 23], [18, 12, 19, 11], [3, 21, 4, 20], [22, 18, 23, 17], [24, 7, 1, 8], [21, 3, 22, 2], [4, 9, 5, 10], [6, 15, 7, 16], [8, 1, 9, 2], [10, 14, 11, 13], [12, 20, 13, 19], [14, 5, 15, 6]]"
12n_0531_105,"[[14, 5, 15, 6], [16, 24, 17, 23], [18, 12, 19, 11], [3, 21, 4, 20], [22, 18, 23, 17], [24, 7, 1, 8], [21, 3, 22, 2], [4, 9, 5, 10], [6, 15, 7, 16], [8, 1, 9, 2], [10, 14, 11, 13], [12, 20, 13, 19]]"
12n_0531_106,"[[12, 20, 13, 19], [14, 5, 15, 6], [16, 24, 17, 23], [18, 12, 19, 11], [3, 21, 4, 20], [22, 18, 23, 17], [24, 7, 1, 8], [21, 3, 22, 2], [4, 9, 5, 10], [6, 15, 7, 16], [8, 1, 9, 2], [10, 14, 11, 13]]"
12n_0531_107,"[[10, 14, 11, 13], [12, 20, 13, 19], [14, 5, 15, 6], [16, 24, 17, 23], [18, 12, 19, 11], [3, 21, 4, 20], [22, 18, 23, 17], [24, 7, 1, 8], [21, 3, 22, 2], [4, 9, 5, 10], [6, 15, 7, 16], [8, 1, 9, 2]]"
12n_0531_108,"[[9, 2, 10, 3], [11, 15, 12, 14], [13, 21, 14, 20], [15, 6, 16, 7], [17, 1, 18, 24], [19, 13, 20, 12], [4, 22, 5, 21], [23, 19, 24, 18], [1, 8, 2, 9], [22, 4, 23, 3], [5, 10, 6, 11], [7, 16, 8, 17]]"
12n_0531_109,"[[7, 16, 8, 17], [9, 2, 10, 3], [11, 15, 12, 14], [13, 21, 14, 20], [15, 6, 16, 7], [17, 1, 18, 24], [19, 13, 20, 12], [4, 22, 5, 21], [23, 19, 24, 18], [1, 8, 2, 9], [22, 4, 23, 3], [5, 10, 6, 11]]"
12n_0531_110,"[[5, 10, 6, 11], [7, 16, 8, 17], [9, 2, 10, 3], [11, 15, 12, 14], [13, 21, 14, 20], [15, 6, 16, 7], [17, 1, 18, 24], [19, 13, 20, 12], [4, 22, 5, 21], [23, 19, 24, 18], [1, 8, 2, 9], [22, 4, 23, 3]]"
12n_0531_111,"[[22, 4, 23, 3], [5, 10, 6, 11], [7, 16, 8, 17], [9, 2, 10, 3], [11, 15, 12, 14], [13, 21, 14, 20], [15, 6, 16, 7], [17, 1, 18, 24], [19, 13, 20, 12], [4, 22, 5, 21], [23, 19, 24, 18], [1, 8, 2, 9]]"
12n_0531_112,"[[1, 8, 2, 9], [22, 4, 23, 3], [5, 10, 6, 11], [7, 16, 8, 17], [9, 2, 10, 3], [11, 15, 12, 14], [13, 21, 14, 20], [15, 6, 16, 7], [17, 1, 18, 24], [19, 13, 20, 12], [4, 22, 5, 21], [23, 19, 24, 18]]"
12n_0531_113,"[[23, 19, 24, 18], [1, 8, 2, 9], [22, 4, 23, 3], [5, 10, 6, 11], [7, 16, 8, 17], [9, 2, 10, 3], [11, 15, 12, 14], [13, 21, 14, 20], [15, 6, 16, 7], [17, 1, 18, 24], [19, 13, 20, 12], [4, 22, 5, 21]]"
12n_0531_114,"[[4, 22, 5, 21], [23, 19, 24, 18], [1, 8, 2, 9], [22, 4, 23, 3], [5, 10, 6, 11], [7, 16, 8, 17], [9, 2, 10, 3], [11, 15, 12, 14], [13, 21, 14, 20], [15, 6, 16, 7], [17, 1, 18, 24], [19, 13, 20, 12]]"
12n_0531_115,"[[19, 13, 20, 12], [4, 22, 5, 21], [23, 19, 24, 18], [1, 8, 2, 9], [22, 4, 23, 3], [5, 10, 6, 11], [7, 16, 8, 17], [9, 2, 10, 3], [11, 15, 12, 14], [13, 21, 14, 20], [15, 6, 16, 7], [17, 1, 18, 24]]"
12n_0531_116,"[[17, 1, 18, 24], [19, 13, 20, 12], [4, 22, 5, 21], [23, 19, 24, 18], [1, 8, 2, 9], [22, 4, 23, 3], [5, 10, 6, 11], [7, 16, 8, 17], [9, 2, 10, 3], [11, 15, 12, 14], [13, 21, 14, 20], [15, 6, 16, 7]]"
12n_0531_117,"[[15, 6, 16, 7], [17, 1, 18, 24], [19, 13, 20, 12], [4, 22, 5, 21], [23, 19, 24, 18], [1, 8, 2, 9], [22, 4, 23, 3], [5, 10, 6, 11], [7, 16, 8, 17], [9, 2, 10, 3], [11, 15, 12, 14], [13, 21, 14, 20]]"
12n_0531_118,"[[13, 21, 14, 20], [15, 6, 16, 7], [17, 1, 18, 24], [19, 13, 20, 12], [4, 22, 5, 21], [23, 19, 24, 18], [1, 8, 2, 9], [22, 4, 23, 3], [5, 10, 6, 11], [7, 16, 8, 17], [9, 2, 10, 3], [11, 15, 12, 14]]"
12n_0531_119,"[[11, 15, 12, 14], [13, 21, 14, 20], [15, 6, 16, 7], [17, 1, 18, 24], [19, 13, 20, 12], [4, 22, 5, 21], [23, 19, 24, 18], [1, 8, 2, 9], [22, 4, 23, 3], [5, 10, 6, 11], [7, 16, 8, 17], [9, 2, 10, 3]]"
12n_0531_120,"[[10, 3, 11, 4], [12, 16, 13, 15], [14, 22, 15, 21], [16, 7, 17, 8], [18, 2, 19, 1], [20, 14, 21, 13], [5, 23, 6, 22], [24, 20, 1, 19], [2, 9, 3, 10], [23, 5, 24, 4], [6, 11, 7, 12], [8, 17, 9, 18]]"
12n_0531_121,"[[8, 17, 9, 18], [10, 3, 11, 4], [12, 16, 13, 15], [14, 22, 15, 21], [16, 7, 17, 8], [18, 2, 19, 1], [20, 14, 21, 13], [5, 23, 6, 22], [24, 20, 1, 19], [2, 9, 3, 10], [23, 5, 24, 4], [6, 11, 7, 12]]"
12n_0531_122,"[[6, 11, 7, 12], [8, 17, 9, 18], [10, 3, 11, 4], [12, 16, 13, 15], [14, 22, 15, 21], [16, 7, 17, 8], [18, 2, 19, 1], [20, 14, 21, 13], [5, 23, 6, 22], [24, 20, 1, 19], [2, 9, 3, 10], [23, 5, 24, 4]]"
12n_0531_123,"[[23, 5, 24, 4], [6, 11, 7, 12], [8, 17, 9, 18], [10, 3, 11, 4], [12, 16, 13, 15], [14, 22, 15, 21], [16, 7, 17, 8], [18, 2, 19, 1], [20, 14, 21, 13], [5, 23, 6, 22], [24, 20, 1, 19], [2, 9, 3, 10]]"
12n_0531_124,"[[2, 9, 3, 10], [23, 5, 24, 4], [6, 11, 7, 12], [8, 17, 9, 18], [10, 3, 11, 4], [12, 16, 13, 15], [14, 22, 15, 21], [16, 7, 17, 8], [18, 2, 19, 1], [20, 14, 21, 13], [5, 23, 6, 22], [24, 20, 1, 19]]"
12n_0531_125,"[[24, 20, 1, 19], [2, 9, 3, 10], [23, 5, 24, 4], [6, 11, 7, 12], [8, 17, 9, 18], [10, 3, 11, 4], [12, 16, 13, 15], [14, 22, 15, 21], [16, 7, 17, 8], [18, 2, 19, 1], [20, 14, 21, 13], [5, 23, 6, 22]]"
12n_0531_126,"[[5, 23, 6, 22], [24, 20, 1, 19], [2, 9, 3, 10], [23, 5, 24, 4], [6, 11, 7, 12], [8, 17, 9, 18], [10, 3, 11, 4], [12, 16, 13, 15], [14, 22, 15, 21], [16, 7, 17, 8], [18, 2, 19, 1], [20, 14, 21, 13]]"
12n_0531_127,"[[20, 14, 21, 13], [5, 23, 6, 22], [24, 20, 1, 19], [2, 9, 3, 10], [23, 5, 24, 4], [6, 11, 7, 12], [8, 17, 9, 18], [10, 3, 11, 4], [12, 16, 13, 15], [14, 22, 15, 21], [16, 7, 17, 8], [18, 2, 19, 1]]"
12n_0531_128,"[[18, 2, 19, 1], [20, 14, 21, 13], [5, 23, 6, 22], [24, 20, 1, 19], [2, 9, 3, 10], [23, 5, 24, 4], [6, 11, 7, 12], [8, 17, 9, 18], [10, 3, 11, 4], [12, 16, 13, 15], [14, 22, 15, 21], [16, 7, 17, 8]]"
12n_0531_129,"[[16, 7, 17, 8], [18, 2, 19, 1], [20, 14, 21, 13], [5, 23, 6, 22], [24, 20, 1, 19], [2, 9, 3, 10], [23, 5, 24, 4], [6, 11, 7, 12], [8, 17, 9, 18], [10, 3, 11, 4], [12, 16, 13, 15], [14, 22, 15, 21]]"
12n_0531_130,"[[14, 22, 15, 21], [16, 7, 17, 8], [18, 2, 19, 1], [20, 14, 21, 13], [5, 23, 6, 22], [24, 20, 1, 19], [2, 9, 3, 10], [23, 5, 24, 4], [6, 11, 7, 12], [8, 17, 9, 18], [10, 3, 11, 4], [12, 16, 13, 15]]"
12n_0531_131,"[[12, 16, 13, 15], [14, 22, 15, 21], [16, 7, 17, 8], [18, 2, 19, 1], [20, 14, 21, 13], [5, 23, 6, 22], [24, 20, 1, 19], [2, 9, 3, 10], [23, 5, 24, 4], [6, 11, 7, 12], [8, 17, 9, 18], [10, 3, 11, 4]]"
12n_0531_132,"[[11, 4, 12, 5], [13, 17, 14, 16], [15, 23, 16, 22], [17, 8, 18, 9], [19, 3, 20, 2], [21, 15, 22, 14], [6, 24, 7, 23], [1, 21, 2, 20], [3, 10, 4, 11], [24, 6, 1, 5], [7, 12, 8, 13], [9, 18, 10, 19]]"
12n_0531_133,"[[9, 18, 10, 19], [11, 4, 12, 5], [13, 17, 14, 16], [15, 23, 16, 22], [17, 8, 18, 9], [19, 3, 20, 2], [21, 15, 22, 14], [6, 24, 7, 23], [1, 21, 2, 20], [3, 10, 4, 11], [24, 6, 1, 5], [7, 12, 8, 13]]"
12n_0531_134,"[[7, 12, 8, 13], [9, 18, 10, 19], [11, 4, 12, 5], [13, 17, 14, 16], [15, 23, 16, 22], [17, 8, 18, 9], [19, 3, 20, 2], [21, 15, 22, 14], [6, 24, 7, 23], [1, 21, 2, 20], [3, 10, 4, 11], [24, 6, 1, 5]]"
12n_0531_135,"[[24, 6, 1, 5], [7, 12, 8, 13], [9, 18, 10, 19], [11, 4, 12, 5], [13, 17, 14, 16], [15, 23, 16, 22], [17, 8, 18, 9], [19, 3, 20, 2], [21, 15, 22, 14], [6, 24, 7, 23], [1, 21, 2, 20], [3, 10, 4, 11]]"
12n_0531_136,"[[3, 10, 4, 11], [24, 6, 1, 5], [7, 12, 8, 13], [9, 18, 10, 19], [11, 4, 12, 5], [13, 17, 14, 16], [15, 23, 16, 22], [17, 8, 18, 9], [19, 3, 20, 2], [21, 15, 22, 14], [6, 24, 7, 23], [1, 21, 2, 20]]"
12n_0531_137,"[[1, 21, 2, 20], [3, 10, 4, 11], [24, 6, 1, 5], [7, 12, 8, 13], [9, 18, 10, 19], [11, 4, 12, 5], [13, 17, 14, 16], [15, 23, 16, 22], [17, 8, 18, 9], [19, 3, 20, 2], [21, 15, 22, 14], [6, 24, 7, 23]]"
12n_0531_138,"[[6, 24, 7, 23], [1, 21, 2, 20], [3, 10, 4, 11], [24, 6, 1, 5], [7, 12, 8, 13], [9, 18, 10, 19], [11, 4, 12, 5], [13, 17, 14, 16], [15, 23, 16, 22], [17, 8, 18, 9], [19, 3, 20, 2], [21, 15, 22, 14]]"
12n_0531_139,"[[21, 15, 22, 14], [6, 24, 7, 23], [1, 21, 2, 20], [3, 10, 4, 11], [24, 6, 1, 5], [7, 12, 8, 13], [9, 18, 10, 19], [11, 4, 12, 5], [13, 17, 14, 16], [15, 23, 16, 22], [17, 8, 18, 9], [19, 3, 20, 2]]"
12n_0531_140,"[[19, 3, 20, 2], [21, 15, 22, 14], [6, 24, 7, 23], [1, 21, 2, 20], [3, 10, 4, 11], [24, 6, 1, 5], [7, 12, 8, 13], [9, 18, 10, 19], [11, 4, 12, 5], [13, 17, 14, 16], [15, 23, 16, 22], [17, 8, 18, 9]]"
12n_0531_141,"[[17, 8, 18, 9], [19, 3, 20, 2], [21, 15, 22, 14], [6, 24, 7, 23], [1, 21, 2, 20], [3, 10, 4, 11], [24, 6, 1, 5], [7, 12, 8, 13], [9, 18, 10, 19], [11, 4, 12, 5], [13, 17, 14, 16], [15, 23, 16, 22]]"
12n_0531_142,"[[15, 23, 16, 22], [17, 8, 18, 9], [19, 3, 20, 2], [21, 15, 22, 14], [6, 24, 7, 23], [1, 21, 2, 20], [3, 10, 4, 11], [24, 6, 1, 5], [7, 12, 8, 13], [9, 18, 10, 19], [11, 4, 12, 5], [13, 17, 14, 16]]"
12n_0531_143,"[[13, 17, 14, 16], [15, 23, 16, 22], [17, 8, 18, 9], [19, 3, 20, 2], [21, 15, 22, 14], [6, 24, 7, 23], [1, 21, 2, 20], [3, 10, 4, 11], [24, 6, 1, 5], [7, 12, 8, 13], [9, 18, 10, 19], [11, 4, 12, 5]]"
12n_0531_144,"[[12, 5, 13, 6], [14, 18, 15, 17], [16, 24, 17, 23], [18, 9, 19, 10], [20, 4, 21, 3], [22, 16, 23, 15], [7, 1, 8, 24], [2, 22, 3, 21], [4, 11, 5, 12], [1, 7, 2, 6], [8, 13, 9, 14], [10, 19, 11, 20]]"
12n_0531_145,"[[10, 19, 11, 20], [12, 5, 13, 6], [14, 18, 15, 17], [16, 24, 17, 23], [18, 9, 19, 10], [20, 4, 21, 3], [22, 16, 23, 15], [7, 1, 8, 24], [2, 22, 3, 21], [4, 11, 5, 12], [1, 7, 2, 6], [8, 13, 9, 14]]"
12n_0531_146,"[[8, 13, 9, 14], [10, 19, 11, 20], [12, 5, 13, 6], [14, 18, 15, 17], [16, 24, 17, 23], [18, 9, 19, 10], [20, 4, 21, 3], [22, 16, 23, 15], [7, 1, 8, 24], [2, 22, 3, 21], [4, 11, 5, 12], [1, 7, 2, 6]]"
12n_0531_147,"[[1, 7, 2, 6], [8, 13, 9, 14], [10, 19, 11, 20], [12, 5, 13, 6], [14, 18, 15, 17], [16, 24, 17, 23], [18, 9, 19, 10], [20, 4, 21, 3], [22, 16, 23, 15], [7, 1, 8, 24], [2, 22, 3, 21], [4, 11, 5, 12]]"
12n_0531_148,"[[4, 11, 5, 12], [1, 7, 2, 6], [8, 13, 9, 14], [10, 19, 11, 20], [12, 5, 13, 6], [14, 18, 15, 17], [16, 24, 17, 23], [18, 9, 19, 10], [20, 4, 21, 3], [22, 16, 23, 15], [7, 1, 8, 24], [2, 22, 3, 21]]"
12n_0531_149,"[[2, 22, 3, 21], [4, 11, 5, 12], [1, 7, 2, 6], [8, 13, 9, 14], [10, 19, 11, 20], [12, 5, 13, 6], [14, 18, 15, 17], [16, 24, 17, 23], [18, 9, 19, 10], [20, 4, 21, 3], [22, 16, 23, 15], [7, 1, 8, 24]]"
12n_0531_150,"[[7, 1, 8, 24], [2, 22, 3, 21], [4, 11, 5, 12], [1, 7, 2, 6], [8, 13, 9, 14], [10, 19, 11, 20], [12, 5, 13, 6], [14, 18, 15, 17], [16, 24, 17, 23], [18, 9, 19, 10], [20, 4, 21, 3], [22, 16, 23, 15]]"
12n_0531_151,"[[22, 16, 23, 15], [7, 1, 8, 24], [2, 22, 3, 21], [4, 11, 5, 12], [1, 7, 2, 6], [8, 13, 9, 14], [10, 19, 11, 20], [12, 5, 13, 6], [14, 18, 15, 17], [16, 24, 17, 23], [18, 9, 19, 10], [20, 4, 21, 3]]"
12n_0531_152,"[[20, 4, 21, 3], [22, 16, 23, 15], [7, 1, 8, 24], [2, 22, 3, 21], [4, 11, 5, 12], [1, 7, 2, 6], [8, 13, 9, 14], [10, 19, 11, 20], [12, 5, 13, 6], [14, 18, 15, 17], [16, 24, 17, 23], [18, 9, 19, 10]]"
12n_0531_153,"[[18, 9, 19, 10], [20, 4, 21, 3], [22, 16, 23, 15], [7, 1, 8, 24], [2, 22, 3, 21], [4, 11, 5, 12], [1, 7, 2, 6], [8, 13, 9, 14], [10, 19, 11, 20], [12, 5, 13, 6], [14, 18, 15, 17], [16, 24, 17, 23]]"
12n_0531_154,"[[16, 24, 17, 23], [18, 9, 19, 10], [20, 4, 21, 3], [22, 16, 23, 15], [7, 1, 8, 24], [2, 22, 3, 21], [4, 11, 5, 12], [1, 7, 2, 6], [8, 13, 9, 14], [10, 19, 11, 20], [12, 5, 13, 6], [14, 18, 15, 17]]"
12n_0531_155,"[[14, 18, 15, 17], [16, 24, 17, 23], [18, 9, 19, 10], [20, 4, 21, 3], [22, 16, 23, 15], [7, 1, 8, 24], [2, 22, 3, 21], [4, 11, 5, 12], [1, 7, 2, 6], [8, 13, 9, 14], [10, 19, 11, 20], [12, 5, 13, 6]]"
12n_0531_156,"[[13, 6, 14, 7], [15, 19, 16, 18], [17, 1, 18, 24], [19, 10, 20, 11], [21, 5, 22, 4], [23, 17, 24, 16], [8, 2, 9, 1], [3, 23, 4, 22], [5, 12, 6, 13], [2, 8, 3, 7], [9, 14, 10, 15], [11, 20, 12, 21]]"
12n_0531_157,"[[11, 20, 12, 21], [13, 6, 14, 7], [15, 19, 16, 18], [17, 1, 18, 24], [19, 10, 20, 11], [21, 5, 22, 4], [23, 17, 24, 16], [8, 2, 9, 1], [3, 23, 4, 22], [5, 12, 6, 13], [2, 8, 3, 7], [9, 14, 10, 15]]"
12n_0531_158,"[[9, 14, 10, 15], [11, 20, 12, 21], [13, 6, 14, 7], [15, 19, 16, 18], [17, 1, 18, 24], [19, 10, 20, 11], [21, 5, 22, 4], [23, 17, 24, 16], [8, 2, 9, 1], [3, 23, 4, 22], [5, 12, 6, 13], [2, 8, 3, 7]]"
12n_0531_159,"[[2, 8, 3, 7], [9, 14, 10, 15], [11, 20, 12, 21], [13, 6, 14, 7], [15, 19, 16, 18], [17, 1, 18, 24], [19, 10, 20, 11], [21, 5, 22, 4], [23, 17, 24, 16], [8, 2, 9, 1], [3, 23, 4, 22], [5, 12, 6, 13]]"
12n_0531_160,"[[5, 12, 6, 13], [2, 8, 3, 7], [9, 14, 10, 15], [11, 20, 12, 21], [13, 6, 14, 7], [15, 19, 16, 18], [17, 1, 18, 24], [19, 10, 20, 11], [21, 5, 22, 4], [23, 17, 24, 16], [8, 2, 9, 1], [3, 23, 4, 22]]"
12n_0531_161,"[[3, 23, 4, 22], [5, 12, 6, 13], [2, 8, 3, 7], [9, 14, 10, 15], [11, 20, 12, 21], [13, 6, 14, 7], [15, 19, 16, 18], [17, 1, 18, 24], [19, 10, 20, 11], [21, 5, 22, 4], [23, 17, 24, 16], [8, 2, 9, 1]]"
12n_0531_162,"[[8, 2, 9, 1], [3, 23, 4, 22], [5, 12, 6, 13], [2, 8, 3, 7], [9, 14, 10, 15], [11, 20, 12, 21], [13, 6, 14, 7], [15, 19, 16, 18], [17, 1, 18, 24], [19, 10, 20, 11], [21, 5, 22, 4], [23, 17, 24, 16]]"
12n_0531_163,"[[23, 17, 24, 16], [8, 2, 9, 1], [3, 23, 4, 22], [5, 12, 6, 13], [2, 8, 3, 7], [9, 14, 10, 15], [11, 20, 12, 21], [13, 6, 14, 7], [15, 19, 16, 18], [17, 1, 18, 24], [19, 10, 20, 11], [21, 5, 22, 4]]"
12n_0531_164,"[[21, 5, 22, 4], [23, 17, 24, 16], [8, 2, 9, 1], [3, 23, 4, 22], [5, 12, 6, 13], [2, 8, 3, 7], [9, 14, 10, 15], [11, 20, 12, 21], [13, 6, 14, 7], [15, 19, 16, 18], [17, 1, 18, 24], [19, 10, 20, 11]]"
12n_0531_165,"[[19, 10, 20, 11], [21, 5, 22, 4], [23, 17, 24, 16], [8, 2, 9, 1], [3, 23, 4, 22], [5, 12, 6, 13], [2, 8, 3, 7], [9, 14, 10, 15], [11, 20, 12, 21], [13, 6, 14, 7], [15, 19, 16, 18], [17, 1, 18, 24]]"
12n_0531_166,"[[17, 1, 18, 24], [19, 10, 20, 11], [21, 5, 22, 4], [23, 17, 24, 16], [8, 2, 9, 1], [3, 23, 4, 22], [5, 12, 6, 13], [2, 8, 3, 7], [9, 14, 10, 15], [11, 20, 12, 21], [13, 6, 14, 7], [15, 19, 16, 18]]"
12n_0531_167,"[[15, 19, 16, 18], [17, 1, 18, 24], [19, 10, 20, 11], [21, 5, 22, 4], [23, 17, 24, 16], [8, 2, 9, 1], [3, 23, 4, 22], [5, 12, 6, 13], [2, 8, 3, 7], [9, 14, 10, 15], [11, 20, 12, 21], [13, 6, 14, 7]]"
12n_0531_168,"[[14, 7, 15, 8], [16, 20, 17, 19], [18, 2, 19, 1], [20, 11, 21, 12], [22, 6, 23, 5], [24, 18, 1, 17], [9, 3, 10, 2], [4, 24, 5, 23], [6, 13, 7, 14], [3, 9, 4, 8], [10, 15, 11, 16], [12, 21, 13, 22]]"
12n_0531_169,"[[12, 21, 13, 22], [14, 7, 15, 8], [16, 20, 17, 19], [18, 2, 19, 1], [20, 11, 21, 12], [22, 6, 23, 5], [24, 18, 1, 17], [9, 3, 10, 2], [4, 24, 5, 23], [6, 13, 7, 14], [3, 9, 4, 8], [10, 15, 11, 16]]"
12n_0531_170,"[[10, 15, 11, 16], [12, 21, 13, 22], [14, 7, 15, 8], [16, 20, 17, 19], [18, 2, 19, 1], [20, 11, 21, 12], [22, 6, 23, 5], [24, 18, 1, 17], [9, 3, 10, 2], [4, 24, 5, 23], [6, 13, 7, 14], [3, 9, 4, 8]]"
12n_0531_171,"[[3, 9, 4, 8], [10, 15, 11, 16], [12, 21, 13, 22], [14, 7, 15, 8], [16, 20, 17, 19], [18, 2, 19, 1], [20, 11, 21, 12], [22, 6, 23, 5], [24, 18, 1, 17], [9, 3, 10, 2], [4, 24, 5, 23], [6, 13, 7, 14]]"
12n_0531_172,"[[6, 13, 7, 14], [3, 9, 4, 8], [10, 15, 11, 16], [12, 21, 13, 22], [14, 7, 15, 8], [16, 20, 17, 19], [18, 2, 19, 1], [20, 11, 21, 12], [22, 6, 23, 5], [24, 18, 1, 17], [9, 3, 10, 2], [4, 24, 5, 23]]"
12n_0531_173,"[[4, 24, 5, 23], [6, 13, 7, 14], [3, 9, 4, 8], [10, 15, 11, 16], [12, 21, 13, 22], [14, 7, 15, 8], [16, 20, 17, 19], [18, 2, 19, 1], [20, 11, 21, 12], [22, 6, 23, 5], [24, 18, 1, 17], [9, 3, 10, 2]]"
12n_0531_174,"[[9, 3, 10, 2], [4, 24, 5, 23], [6, 13, 7, 14], [3, 9, 4, 8], [10, 15, 11, 16], [12, 21, 13, 22], [14, 7, 15, 8], [16, 20, 17, 19], [18, 2, 19, 1], [20, 11, 21, 12], [22, 6, 23, 5], [24, 18, 1, 17]]"
12n_0531_175,"[[24, 18, 1, 17], [9, 3, 10, 2], [4, 24, 5, 23], [6, 13, 7, 14], [3, 9, 4, 8], [10, 15, 11, 16], [12, 21, 13, 22], [14, 7, 15, 8], [16, 20, 17, 19], [18, 2, 19, 1], [20, 11, 21, 12], [22, 6, 23, 5]]"
12n_0531_176,"[[22, 6, 23, 5], [24, 18, 1, 17], [9, 3, 10, 2], [4, 24, 5, 23], [6, 13, 7, 14], [3, 9, 4, 8], [10, 15, 11, 16], [12, 21, 13, 22], [14, 7, 15, 8], [16, 20, 17, 19], [18, 2, 19, 1], [20, 11, 21, 12]]"
12n_0531_177,"[[20, 11, 21, 12], [22, 6, 23, 5], [24, 18, 1, 17], [9, 3, 10, 2], [4, 24, 5, 23], [6, 13, 7, 14], [3, 9, 4, 8], [10, 15, 11, 16], [12, 21, 13, 22], [14, 7, 15, 8], [16, 20, 17, 19], [18, 2, 19, 1]]"
12n_0531_178,"[[18, 2, 19, 1], [20, 11, 21, 12], [22, 6, 23, 5], [24, 18, 1, 17], [9, 3, 10, 2], [4, 24, 5, 23], [6, 13, 7, 14], [3, 9, 4, 8], [10, 15, 11, 16], [12, 21, 13, 22], [14, 7, 15, 8], [16, 20, 17, 19]]"
12n_0531_179,"[[16, 20, 17, 19], [18, 2, 19, 1], [20, 11, 21, 12], [22, 6, 23, 5], [24, 18, 1, 17], [9, 3, 10, 2], [4, 24, 5, 23], [6, 13, 7, 14], [3, 9, 4, 8], [10, 15, 11, 16], [12, 21, 13, 22], [14, 7, 15, 8]]"
12n_0531_180,"[[15, 8, 16, 9], [17, 21, 18, 20], [19, 3, 20, 2], [21, 12, 22, 13], [23, 7, 24, 6], [1, 19, 2, 18], [10, 4, 11, 3], [5, 1, 6, 24], [7, 14, 8, 15], [4, 10, 5, 9], [11, 16, 12, 17], [13, 22, 14, 23]]"
12n_0531_181,"[[13, 22, 14, 23], [15, 8, 16, 9], [17, 21, 18, 20], [19, 3, 20, 2], [21, 12, 22, 13], [23, 7, 24, 6], [1, 19, 2, 18], [10, 4, 11, 3], [5, 1, 6, 24], [7, 14, 8, 15], [4, 10, 5, 9], [11, 16, 12, 17]]"
12n_0531_182,"[[11, 16, 12, 17], [13, 22, 14, 23], [15, 8, 16, 9], [17, 21, 18, 20], [19, 3, 20, 2], [21, 12, 22, 13], [23, 7, 24, 6], [1, 19, 2, 18], [10, 4, 11, 3], [5, 1, 6, 24], [7, 14, 8, 15], [4, 10, 5, 9]]"
12n_0531_183,"[[4, 10, 5, 9], [11, 16, 12, 17], [13, 22, 14, 23], [15, 8, 16, 9], [17, 21, 18, 20], [19, 3, 20, 2], [21, 12, 22, 13], [23, 7, 24, 6], [1, 19, 2, 18], [10, 4, 11, 3], [5, 1, 6, 24], [7, 14, 8, 15]]"
12n_0531_184,"[[7, 14, 8, 15], [4, 10, 5, 9], [11, 16, 12, 17], [13, 22, 14, 23], [15, 8, 16, 9], [17, 21, 18, 20], [19, 3, 20, 2], [21, 12, 22, 13], [23, 7, 24, 6], [1, 19, 2, 18], [10, 4, 11, 3], [5, 1, 6, 24]]"
12n_0531_185,"[[5, 1, 6, 24], [7, 14, 8, 15], [4, 10, 5, 9], [11, 16, 12, 17], [13, 22, 14, 23], [15, 8, 16, 9], [17, 21, 18, 20], [19, 3, 20, 2], [21, 12, 22, 13], [23, 7, 24, 6], [1, 19, 2, 18], [10, 4, 11, 3]]"
