name,pd_notation
12n_0242_0,"[[15, 1, 16, 24], [2, 6, 3, 5], [4, 10, 5, 9], [17, 7, 18, 6], [8, 4, 9, 3], [19, 11, 20, 10], [21, 13, 22, 12], [23, 15, 24, 14], [1, 17, 2, 16], [7, 19, 8, 18], [11, 21, 12, 20], [13, 23, 14, 22]]"
12n_0242_1,"[[13, 23, 14, 22], [15, 1, 16, 24], [2, 6, 3, 5], [4, 10, 5, 9], [17, 7, 18, 6], [8, 4, 9, 3], [19, 11, 20, 10], [21, 13, 22, 12], [23, 15, 24, 14], [1, 17, 2, 16], [7, 19, 8, 18], [11, 21, 12, 20]]"
12n_0242_2,"[[11, 21, 12, 20], [13, 23, 14, 22], [15, 1, 16, 24], [2, 6, 3, 5], [4, 10, 5, 9], [17, 7, 18, 6], [8, 4, 9, 3], [19, 11, 20, 10], [21, 13, 22, 12], [23, 15, 24, 14], [1, 17, 2, 16], [7, 19, 8, 18]]"
12n_0242_3,"[[7, 19, 8, 18], [11, 21, 12, 20], [13, 23, 14, 22], [15, 1, 16, 24], [2, 6, 3, 5], [4, 10, 5, 9], [17, 7, 18, 6], [8, 4, 9, 3], [19, 11, 20, 10], [21, 13, 22, 12], [23, 15, 24, 14], [1, 17, 2, 16]]"
12n_0242_4,"[[1, 17, 2, 16], [7, 19, 8, 18], [11, 21, 12, 20], [13, 23, 14, 22], [15, 1, 16, 24], [2, 6, 3, 5], [4, 10, 5, 9], [17, 7, 18, 6], [8, 4, 9, 3], [19, 11, 20, 10], [21, 13, 22, 12], [23, 15, 24, 14]]"
12n_0242_5,"[[23, 15, 24, 14], [1, 17, 2, 16], [7, 19, 8, 18], [11, 21, 12, 20], [13, 23, 14, 22], [15, 1, 16, 24], [2, 6, 3, 5], [4, 10, 5, 9], [17, 7, 18, 6], [8, 4, 9, 3], [19, 11, 20, 10], [21, 13, 22, 12]]"
12n_0242_6,"[[21, 13, 22, 12], [23, 15, 24, 14], [1, 17, 2, 16], [7, 19, 8, 18], [11, 21, 12, 20], [13, 23, 14, 22], [15, 1, 16, 24], [2, 6, 3, 5], [4, 10, 5, 9], [17, 7, 18, 6], [8, 4, 9, 3], [19, 11, 20, 10]]"
12n_0242_7,"[[19, 11, 20, 10], [21, 13, 22, 12], [23, 15, 24, 14], [1, 17, 2, 16], [7, 19, 8, 18], [11, 21, 12, 20], [13, 23, 14, 22], [15, 1, 16, 24], [2, 6, 3, 5], [4, 10, 5, 9], [17, 7, 18, 6], [8, 4, 9, 3]]"
12n_0242_8,"[[8, 4, 9, 3], [19, 11, 20, 10], [21, 13, 22, 12], [23, 15, 24, 14], [1, 17, 2, 16], [7, 19, 8, 18], [11, 21, 12, 20], [13, 23, 14, 22], [15, 1, 16, 24], [2, 6, 3, 5], [4, 10, 5, 9], [17, 7, 18, 6]]"
12n_0242_9,"[[17, 7, 18, 6], [8, 4, 9, 3], [19, 11, 20, 10], [21, 13, 22, 12], [23, 15, 24, 14], [1, 17, 2, 16], [7, 19, 8, 18], [11, 21, 12, 20], [13, 23, 14, 22], [15, 1, 16, 24], [2, 6, 3, 5], [4, 10, 5, 9]]"
12n_0242_10,"[[4, 10, 5, 9], [17, 7, 18, 6], [8, 4, 9, 3], [19, 11, 20, 10], [21, 13, 22, 12], [23, 15, 24, 14], [1, 17, 2, 16], [7, 19, 8, 18], [11, 21, 12, 20], [13, 23, 14, 22], [15, 1, 16, 24], [2, 6, 3, 5]]"
12n_0242_11,"[[2, 6, 3, 5], [4, 10, 5, 9], [17, 7, 18, 6], [8, 4, 9, 3], [19, 11, 20, 10], [21, 13, 22, 12], [23, 15, 24, 14], [1, 17, 2, 16], [7, 19, 8, 18], [11, 21, 12, 20], [13, 23, 14, 22], [15, 1, 16, 24]]"
12n_0242_12,"[[16, 2, 17, 1], [3, 7, 4, 6], [5, 11, 6, 10], [18, 8, 19, 7], [9, 5, 10, 4], [20, 12, 21, 11], [22, 14, 23, 13], [24, 16, 1, 15], [2, 18, 3, 17], [8, 20, 9, 19], [12, 22, 13, 21], [14, 24, 15, 23]]"
12n_0242_13,"[[14, 24, 15, 23], [16, 2, 17, 1], [3, 7, 4, 6], [5, 11, 6, 10], [18, 8, 19, 7], [9, 5, 10, 4], [20, 12, 21, 11], [22, 14, 23, 13], [24, 16, 1, 15], [2, 18, 3, 17], [8, 20, 9, 19], [12, 22, 13, 21]]"
12n_0242_14,"[[12, 22, 13, 21], [14, 24, 15, 23], [16, 2, 17, 1], [3, 7, 4, 6], [5, 11, 6, 10], [18, 8, 19, 7], [9, 5, 10, 4], [20, 12, 21, 11], [22, 14, 23, 13], [24, 16, 1, 15], [2, 18, 3, 17], [8, 20, 9, 19]]"
12n_0242_15,"[[8, 20, 9, 19], [12, 22, 13, 21], [14, 24, 15, 23], [16, 2, 17, 1], [3, 7, 4, 6], [5, 11, 6, 10], [18, 8, 19, 7], [9, 5, 10, 4], [20, 12, 21, 11], [22, 14, 23, 13], [24, 16, 1, 15], [2, 18, 3, 17]]"
12n_0242_16,"[[2, 18, 3, 17], [8, 20, 9, 19], [12, 22, 13, 21], [14, 24, 15, 23], [16, 2, 17, 1], [3, 7, 4, 6], [5, 11, 6, 10], [18, 8, 19, 7], [9, 5, 10, 4], [20, 12, 21, 11], [22, 14, 23, 13], [24, 16, 1, 15]]"
12n_0242_17,"[[24, 16, 1, 15], [2, 18, 3, 17], [8, 20, 9, 19], [12, 22, 13, 21], [14, 24, 15, 23], [16, 2, 17, 1], [3, 7, 4, 6], [5, 11, 6, 10], [18, 8, 19, 7], [9, 5, 10, 4], [20, 12, 21, 11], [22, 14, 23, 13]]"
12n_0242_18,"[[22, 14, 23, 13], [24, 16, 1, 15], [2, 18, 3, 17], [8, 20, 9, 19], [12, 22, 13, 21], [14, 24, 15, 23], [16, 2, 17, 1], [3, 7, 4, 6], [5, 11, 6, 10], [18, 8, 19, 7], [9, 5, 10, 4], [20, 12, 21, 11]]"
12n_0242_19,"[[20, 12, 21, 11], [22, 14, 23, 13], [24, 16, 1, 15], [2, 18, 3, 17], [8, 20, 9, 19], [12, 22, 13, 21], [14, 24, 15, 23], [16, 2, 17, 1], [3, 7, 4, 6], [5, 11, 6, 10], [18, 8, 19, 7], [9, 5, 10, 4]]"
12n_0242_20,"[[9, 5, 10, 4], [20, 12, 21, 11], [22, 14, 23, 13], [24, 16, 1, 15], [2, 18, 3, 17], [8, 20, 9, 19], [12, 22, 13, 21], [14, 24, 15, 23], [16, 2, 17, 1], [3, 7, 4, 6], [5, 11, 6, 10], [18, 8, 19, 7]]"
12n_0242_21,"[[18, 8, 19, 7], [9, 5, 10, 4], [20, 12, 21, 11], [22, 14, 23, 13], [24, 16, 1, 15], [2, 18, 3, 17], [8, 20, 9, 19], [12, 22, 13, 21], [14, 24, 15, 23], [16, 2, 17, 1], [3, 7, 4, 6], [5, 11, 6, 10]]"
12n_0242_22,"[[5, 11, 6, 10], [18, 8, 19, 7], [9, 5, 10, 4], [20, 12, 21, 11], [22, 14, 23, 13], [24, 16, 1, 15], [2, 18, 3, 17], [8, 20, 9, 19], [12, 22, 13, 21], [14, 24, 15, 23], [16, 2, 17, 1], [3, 7, 4, 6]]"
12n_0242_23,"[[3, 7, 4, 6], [5, 11, 6, 10], [18, 8, 19, 7], [9, 5, 10, 4], [20, 12, 21, 11], [22, 14, 23, 13], [24, 16, 1, 15], [2, 18, 3, 17], [8, 20, 9, 19], [12, 22, 13, 21], [14, 24, 15, 23], [16, 2, 17, 1]]"
12n_0242_24,"[[17, 3, 18, 2], [4, 8, 5, 7], [6, 12, 7, 11], [19, 9, 20, 8], [10, 6, 11, 5], [21, 13, 22, 12], [23, 15, 24, 14], [1, 17, 2, 16], [3, 19, 4, 18], [9, 21, 10, 20], [13, 23, 14, 22], [15, 1, 16, 24]]"
12n_0242_25,"[[15, 1, 16, 24], [17, 3, 18, 2], [4, 8, 5, 7], [6, 12, 7, 11], [19, 9, 20, 8], [10, 6, 11, 5], [21, 13, 22, 12], [23, 15, 24, 14], [1, 17, 2, 16], [3, 19, 4, 18], [9, 21, 10, 20], [13, 23, 14, 22]]"
12n_0242_26,"[[13, 23, 14, 22], [15, 1, 16, 24], [17, 3, 18, 2], [4, 8, 5, 7], [6, 12, 7, 11], [19, 9, 20, 8], [10, 6, 11, 5], [21, 13, 22, 12], [23, 15, 24, 14], [1, 17, 2, 16], [3, 19, 4, 18], [9, 21, 10, 20]]"
12n_0242_27,"[[9, 21, 10, 20], [13, 23, 14, 22], [15, 1, 16, 24], [17, 3, 18, 2], [4, 8, 5, 7], [6, 12, 7, 11], [19, 9, 20, 8], [10, 6, 11, 5], [21, 13, 22, 12], [23, 15, 24, 14], [1, 17, 2, 16], [3, 19, 4, 18]]"
12n_0242_28,"[[3, 19, 4, 18], [9, 21, 10, 20], [13, 23, 14, 22], [15, 1, 16, 24], [17, 3, 18, 2], [4, 8, 5, 7], [6, 12, 7, 11], [19, 9, 20, 8], [10, 6, 11, 5], [21, 13, 22, 12], [23, 15, 24, 14], [1, 17, 2, 16]]"
12n_0242_29,"[[1, 17, 2, 16], [3, 19, 4, 18], [9, 21, 10, 20], [13, 23, 14, 22], [15, 1, 16, 24], [17, 3, 18, 2], [4, 8, 5, 7], [6, 12, 7, 11], [19, 9, 20, 8], [10, 6, 11, 5], [21, 13, 22, 12], [23, 15, 24, 14]]"
12n_0242_30,"[[23, 15, 24, 14], [1, 17, 2, 16], [3, 19, 4, 18], [9, 21, 10, 20], [13, 23, 14, 22], [15, 1, 16, 24], [17, 3, 18, 2], [4, 8, 5, 7], [6, 12, 7, 11], [19, 9, 20, 8], [10, 6, 11, 5], [21, 13, 22, 12]]"
12n_0242_31,"[[21, 13, 22, 12], [23, 15, 24, 14], [1, 17, 2, 16], [3, 19, 4, 18], [9, 21, 10, 20], [13, 23, 14, 22], [15, 1, 16, 24], [17, 3, 18, 2], [4, 8, 5, 7], [6, 12, 7, 11], [19, 9, 20, 8], [10, 6, 11, 5]]"
12n_0242_32,"[[10, 6, 11, 5], [21, 13, 22, 12], [23, 15, 24, 14], [1, 17, 2, 16], [3, 19, 4, 18], [9, 21, 10, 20], [13, 23, 14, 22], [15, 1, 16, 24], [17, 3, 18, 2], [4, 8, 5, 7], [6, 12, 7, 11], [19, 9, 20, 8]]"
12n_0242_33,"[[19, 9, 20, 8], [10, 6, 11, 5], [21, 13, 22, 12], [23, 15, 24, 14], [1, 17, 2, 16], [3, 19, 4, 18], [9, 21, 10, 20], [13, 23, 14, 22], [15, 1, 16, 24], [17, 3, 18, 2], [4, 8, 5, 7], [6, 12, 7, 11]]"
12n_0242_34,"[[6, 12, 7, 11], [19, 9, 20, 8], [10, 6, 11, 5], [21, 13, 22, 12], [23, 15, 24, 14], [1, 17, 2, 16], [3, 19, 4, 18], [9, 21, 10, 20], [13, 23, 14, 22], [15, 1, 16, 24], [17, 3, 18, 2], [4, 8, 5, 7]]"
12n_0242_35,"[[4, 8, 5, 7], [6, 12, 7, 11], [19, 9, 20, 8], [10, 6, 11, 5], [21, 13, 22, 12], [23, 15, 24, 14], [1, 17, 2, 16], [3, 19, 4, 18], [9, 21, 10, 20], [13, 23, 14, 22], [15, 1, 16, 24], [17, 3, 18, 2]]"
12n_0242_36,"[[18, 4, 19, 3], [5, 9, 6, 8], [7, 13, 8, 12], [20, 10, 21, 9], [11, 7, 12, 6], [22, 14, 23, 13], [24, 16, 1, 15], [2, 18, 3, 17], [4, 20, 5, 19], [10, 22, 11, 21], [14, 24, 15, 23], [16, 2, 17, 1]]"
12n_0242_37,"[[16, 2, 17, 1], [18, 4, 19, 3], [5, 9, 6, 8], [7, 13, 8, 12], [20, 10, 21, 9], [11, 7, 12, 6], [22, 14, 23, 13], [24, 16, 1, 15], [2, 18, 3, 17], [4, 20, 5, 19], [10, 22, 11, 21], [14, 24, 15, 23]]"
12n_0242_38,"[[14, 24, 15, 23], [16, 2, 17, 1], [18, 4, 19, 3], [5, 9, 6, 8], [7, 13, 8, 12], [20, 10, 21, 9], [11, 7, 12, 6], [22, 14, 23, 13], [24, 16, 1, 15], [2, 18, 3, 17], [4, 20, 5, 19], [10, 22, 11, 21]]"
12n_0242_39,"[[10, 22, 11, 21], [14, 24, 15, 23], [16, 2, 17, 1], [18, 4, 19, 3], [5, 9, 6, 8], [7, 13, 8, 12], [20, 10, 21, 9], [11, 7, 12, 6], [22, 14, 23, 13], [24, 16, 1, 15], [2, 18, 3, 17], [4, 20, 5, 19]]"
12n_0242_40,"[[4, 20, 5, 19], [10, 22, 11, 21], [14, 24, 15, 23], [16, 2, 17, 1], [18, 4, 19, 3], [5, 9, 6, 8], [7, 13, 8, 12], [20, 10, 21, 9], [11, 7, 12, 6], [22, 14, 23, 13], [24, 16, 1, 15], [2, 18, 3, 17]]"
12n_0242_41,"[[2, 18, 3, 17], [4, 20, 5, 19], [10, 22, 11, 21], [14, 24, 15, 23], [16, 2, 17, 1], [18, 4, 19, 3], [5, 9, 6, 8], [7, 13, 8, 12], [20, 10, 21, 9], [11, 7, 12, 6], [22, 14, 23, 13], [24, 16, 1, 15]]"
12n_0242_42,"[[24, 16, 1, 15], [2, 18, 3, 17], [4, 20, 5, 19], [10, 22, 11, 21], [14, 24, 15, 23], [16, 2, 17, 1], [18, 4, 19, 3], [5, 9, 6, 8], [7, 13, 8, 12], [20, 10, 21, 9], [11, 7, 12, 6], [22, 14, 23, 13]]"
12n_0242_43,"[[22, 14, 23, 13], [24, 16, 1, 15], [2, 18, 3, 17], [4, 20, 5, 19], [10, 22, 11, 21], [14, 24, 15, 23], [16, 2, 17, 1], [18, 4, 19, 3], [5, 9, 6, 8], [7, 13, 8, 12], [20, 10, 21, 9], [11, 7, 12, 6]]"
12n_0242_44,"[[11, 7, 12, 6], [22, 14, 23, 13], [24, 16, 1, 15], [2, 18, 3, 17], [4, 20, 5, 19], [10, 22, 11, 21], [14, 24, 15, 23], [16, 2, 17, 1], [18, 4, 19, 3], [5, 9, 6, 8], [7, 13, 8, 12], [20, 10, 21, 9]]"
12n_0242_45,"[[20, 10, 21, 9], [11, 7, 12, 6], [22, 14, 23, 13], [24, 16, 1, 15], [2, 18, 3, 17], [4, 20, 5, 19], [10, 22, 11, 21], [14, 24, 15, 23], [16, 2, 17, 1], [18, 4, 19, 3], [5, 9, 6, 8], [7, 13, 8, 12]]"
12n_0242_46,"[[7, 13, 8, 12], [20, 10, 21, 9], [11, 7, 12, 6], [22, 14, 23, 13], [24, 16, 1, 15], [2, 18, 3, 17], [4, 20, 5, 19], [10, 22, 11, 21], [14, 24, 15, 23], [16, 2, 17, 1], [18, 4, 19, 3], [5, 9, 6, 8]]"
12n_0242_47,"[[5, 9, 6, 8], [7, 13, 8, 12], [20, 10, 21, 9], [11, 7, 12, 6], [22, 14, 23, 13], [24, 16, 1, 15], [2, 18, 3, 17], [4, 20, 5, 19], [10, 22, 11, 21], [14, 24, 15, 23], [16, 2, 17, 1], [18, 4, 19, 3]]"
12n_0242_48,"[[19, 5, 20, 4], [6, 10, 7, 9], [8, 14, 9, 13], [21, 11, 22, 10], [12, 8, 13, 7], [23, 15, 24, 14], [1, 17, 2, 16], [3, 19, 4, 18], [5, 21, 6, 20], [11, 23, 12, 22], [15, 1, 16, 24], [17, 3, 18, 2]]"
12n_0242_49,"[[17, 3, 18, 2], [19, 5, 20, 4], [6, 10, 7, 9], [8, 14, 9, 13], [21, 11, 22, 10], [12, 8, 13, 7], [23, 15, 24, 14], [1, 17, 2, 16], [3, 19, 4, 18], [5, 21, 6, 20], [11, 23, 12, 22], [15, 1, 16, 24]]"
12n_0242_50,"[[15, 1, 16, 24], [17, 3, 18, 2], [19, 5, 20, 4], [6, 10, 7, 9], [8, 14, 9, 13], [21, 11, 22, 10], [12, 8, 13, 7], [23, 15, 24, 14], [1, 17, 2, 16], [3, 19, 4, 18], [5, 21, 6, 20], [11, 23, 12, 22]]"
12n_0242_51,"[[11, 23, 12, 22], [15, 1, 16, 24], [17, 3, 18, 2], [19, 5, 20, 4], [6, 10, 7, 9], [8, 14, 9, 13], [21, 11, 22, 10], [12, 8, 13, 7], [23, 15, 24, 14], [1, 17, 2, 16], [3, 19, 4, 18], [5, 21, 6, 20]]"
12n_0242_52,"[[5, 21, 6, 20], [11, 23, 12, 22], [15, 1, 16, 24], [17, 3, 18, 2], [19, 5, 20, 4], [6, 10, 7, 9], [8, 14, 9, 13], [21, 11, 22, 10], [12, 8, 13, 7], [23, 15, 24, 14], [1, 17, 2, 16], [3, 19, 4, 18]]"
12n_0242_53,"[[3, 19, 4, 18], [5, 21, 6, 20], [11, 23, 12, 22], [15, 1, 16, 24], [17, 3, 18, 2], [19, 5, 20, 4], [6, 10, 7, 9], [8, 14, 9, 13], [21, 11, 22, 10], [12, 8, 13, 7], [23, 15, 24, 14], [1, 17, 2, 16]]"
12n_0242_54,"[[1, 17, 2, 16], [3, 19, 4, 18], [5, 21, 6, 20], [11, 23, 12, 22], [15, 1, 16, 24], [17, 3, 18, 2], [19, 5, 20, 4], [6, 10, 7, 9], [8, 14, 9, 13], [21, 11, 22, 10], [12, 8, 13, 7], [23, 15, 24, 14]]"
12n_0242_55,"[[23, 15, 24, 14], [1, 17, 2, 16], [3, 19, 4, 18], [5, 21, 6, 20], [11, 23, 12, 22], [15, 1, 16, 24], [17, 3, 18, 2], [19, 5, 20, 4], [6, 10, 7, 9], [8, 14, 9, 13], [21, 11, 22, 10], [12, 8, 13, 7]]"
12n_0242_56,"[[12, 8, 13, 7], [23, 15, 24, 14], [1, 17, 2, 16], [3, 19, 4, 18], [5, 21, 6, 20], [11, 23, 12, 22], [15, 1, 16, 24], [17, 3, 18, 2], [19, 5, 20, 4], [6, 10, 7, 9], [8, 14, 9, 13], [21, 11, 22, 10]]"
12n_0242_57,"[[21, 11, 22, 10], [12, 8, 13, 7], [23, 15, 24, 14], [1, 17, 2, 16], [3, 19, 4, 18], [5, 21, 6, 20], [11, 23, 12, 22], [15, 1, 16, 24], [17, 3, 18, 2], [19, 5, 20, 4], [6, 10, 7, 9], [8, 14, 9, 13]]"
12n_0242_58,"[[8, 14, 9, 13], [21, 11, 22, 10], [12, 8, 13, 7], [23, 15, 24, 14], [1, 17, 2, 16], [3, 19, 4, 18], [5, 21, 6, 20], [11, 23, 12, 22], [15, 1, 16, 24], [17, 3, 18, 2], [19, 5, 20, 4], [6, 10, 7, 9]]"
12n_0242_59,"[[6, 10, 7, 9], [8, 14, 9, 13], [21, 11, 22, 10], [12, 8, 13, 7], [23, 15, 24, 14], [1, 17, 2, 16], [3, 19, 4, 18], [5, 21, 6, 20], [11, 23, 12, 22], [15, 1, 16, 24], [17, 3, 18, 2], [19, 5, 20, 4]]"
12n_0242_60,"[[20, 6, 21, 5], [7, 11, 8, 10], [9, 15, 10, 14], [22, 12, 23, 11], [13, 9, 14, 8], [24, 16, 1, 15], [2, 18, 3, 17], [4, 20, 5, 19], [6, 22, 7, 21], [12, 24, 13, 23], [16, 2, 17, 1], [18, 4, 19, 3]]"
12n_0242_61,"[[18, 4, 19, 3], [20, 6, 21, 5], [7, 11, 8, 10], [9, 15, 10, 14], [22, 12, 23, 11], [13, 9, 14, 8], [24, 16, 1, 15], [2, 18, 3, 17], [4, 20, 5, 19], [6, 22, 7, 21], [12, 24, 13, 23], [16, 2, 17, 1]]"
12n_0242_62,"[[16, 2, 17, 1], [18, 4, 19, 3], [20, 6, 21, 5], [7, 11, 8, 10], [9, 15, 10, 14], [22, 12, 23, 11], [13, 9, 14, 8], [24, 16, 1, 15], [2, 18, 3, 17], [4, 20, 5, 19], [6, 22, 7, 21], [12, 24, 13, 23]]"
12n_0242_63,"[[12, 24, 13, 23], [16, 2, 17, 1], [18, 4, 19, 3], [20, 6, 21, 5], [7, 11, 8, 10], [9, 15, 10, 14], [22, 12, 23, 11], [13, 9, 14, 8], [24, 16, 1, 15], [2, 18, 3, 17], [4, 20, 5, 19], [6, 22, 7, 21]]"
12n_0242_64,"[[6, 22, 7, 21], [12, 24, 13, 23], [16, 2, 17, 1], [18, 4, 19, 3], [20, 6, 21, 5], [7, 11, 8, 10], [9, 15, 10, 14], [22, 12, 23, 11], [13, 9, 14, 8], [24, 16, 1, 15], [2, 18, 3, 17], [4, 20, 5, 19]]"
12n_0242_65,"[[4, 20, 5, 19], [6, 22, 7, 21], [12, 24, 13, 23], [16, 2, 17, 1], [18, 4, 19, 3], [20, 6, 21, 5], [7, 11, 8, 10], [9, 15, 10, 14], [22, 12, 23, 11], [13, 9, 14, 8], [24, 16, 1, 15], [2, 18, 3, 17]]"
12n_0242_66,"[[2, 18, 3, 17], [4, 20, 5, 19], [6, 22, 7, 21], [12, 24, 13, 23], [16, 2, 17, 1], [18, 4, 19, 3], [20, 6, 21, 5], [7, 11, 8, 10], [9, 15, 10, 14], [22, 12, 23, 11], [13, 9, 14, 8], [24, 16, 1, 15]]"
12n_0242_67,"[[24, 16, 1, 15], [2, 18, 3, 17], [4, 20, 5, 19], [6, 22, 7, 21], [12, 24, 13, 23], [16, 2, 17, 1], [18, 4, 19, 3], [20, 6, 21, 5], [7, 11, 8, 10], [9, 15, 10, 14], [22, 12, 23, 11], [13, 9, 14, 8]]"
12n_0242_68,"[[13, 9, 14, 8], [24, 16, 1, 15], [2, 18, 3, 17], [4, 20, 5, 19], [6, 22, 7, 21], [12, 24, 13, 23], [16, 2, 17, 1], [18, 4, 19, 3], [20, 6, 21, 5], [7, 11, 8, 10], [9, 15, 10, 14], [22, 12, 23, 11]]"
12n_0242_69,"[[22, 12, 23, 11], [13, 9, 14, 8], [24, 16, 1, 15], [2, 18, 3, 17], [4, 20, 5, 19], [6, 22, 7, 21], [12, 24, 13, 23], [16, 2, 17, 1], [18, 4, 19, 3], [20, 6, 21, 5], [7, 11, 8, 10], [9, 15, 10, 14]]"
12n_0242_70,"[[9, 15, 10, 14], [22, 12, 23, 11], [13, 9, 14, 8], [24, 16, 1, 15], [2, 18, 3, 17], [4, 20, 5, 19], [6, 22, 7, 21], [12, 24, 13, 23], [16, 2, 17, 1], [18, 4, 19, 3], [20, 6, 21, 5], [7, 11, 8, 10]]"
12n_0242_71,"[[7, 11, 8, 10], [9, 15, 10, 14], [22, 12, 23, 11], [13, 9, 14, 8], [24, 16, 1, 15], [2, 18, 3, 17], [4, 20, 5, 19], [6, 22, 7, 21], [12, 24, 13, 23], [16, 2, 17, 1], [18, 4, 19, 3], [20, 6, 21, 5]]"
12n_0242_72,"[[21, 7, 22, 6], [8, 12, 9, 11], [10, 16, 11, 15], [23, 13, 24, 12], [14, 10, 15, 9], [1, 17, 2, 16], [3, 19, 4, 18], [5, 21, 6, 20], [7, 23, 8, 22], [13, 1, 14, 24], [17, 3, 18, 2], [19, 5, 20, 4]]"
12n_0242_73,"[[19, 5, 20, 4], [21, 7, 22, 6], [8, 12, 9, 11], [10, 16, 11, 15], [23, 13, 24, 12], [14, 10, 15, 9], [1, 17, 2, 16], [3, 19, 4, 18], [5, 21, 6, 20], [7, 23, 8, 22], [13, 1, 14, 24], [17, 3, 18, 2]]"
12n_0242_74,"[[17, 3, 18, 2], [19, 5, 20, 4], [21, 7, 22, 6], [8, 12, 9, 11], [10, 16, 11, 15], [23, 13, 24, 12], [14, 10, 15, 9], [1, 17, 2, 16], [3, 19, 4, 18], [5, 21, 6, 20], [7, 23, 8, 22], [13, 1, 14, 24]]"
12n_0242_75,"[[13, 1, 14, 24], [17, 3, 18, 2], [19, 5, 20, 4], [21, 7, 22, 6], [8, 12, 9, 11], [10, 16, 11, 15], [23, 13, 24, 12], [14, 10, 15, 9], [1, 17, 2, 16], [3, 19, 4, 18], [5, 21, 6, 20], [7, 23, 8, 22]]"
12n_0242_76,"[[7, 23, 8, 22], [13, 1, 14, 24], [17, 3, 18, 2], [19, 5, 20, 4], [21, 7, 22, 6], [8, 12, 9, 11], [10, 16, 11, 15], [23, 13, 24, 12], [14, 10, 15, 9], [1, 17, 2, 16], [3, 19, 4, 18], [5, 21, 6, 20]]"
12n_0242_77,"[[5, 21, 6, 20], [7, 23, 8, 22], [13, 1, 14, 24], [17, 3, 18, 2], [19, 5, 20, 4], [21, 7, 22, 6], [8, 12, 9, 11], [10, 16, 11, 15], [23, 13, 24, 12], [14, 10, 15, 9], [1, 17, 2, 16], [3, 19, 4, 18]]"
12n_0242_78,"[[3, 19, 4, 18], [5, 21, 6, 20], [7, 23, 8, 22], [13, 1, 14, 24], [17, 3, 18, 2], [19, 5, 20, 4], [21, 7, 22, 6], [8, 12, 9, 11], [10, 16, 11, 15], [23, 13, 24, 12], [14, 10, 15, 9], [1, 17, 2, 16]]"
12n_0242_79,"[[1, 17, 2, 16], [3, 19, 4, 18], [5, 21, 6, 20], [7, 23, 8, 22], [13, 1, 14, 24], [17, 3, 18, 2], [19, 5, 20, 4], [21, 7, 22, 6], [8, 12, 9, 11], [10, 16, 11, 15], [23, 13, 24, 12], [14, 10, 15, 9]]"
12n_0242_80,"[[14, 10, 15, 9], [1, 17, 2, 16], [3, 19, 4, 18], [5, 21, 6, 20], [7, 23, 8, 22], [13, 1, 14, 24], [17, 3, 18, 2], [19, 5, 20, 4], [21, 7, 22, 6], [8, 12, 9, 11], [10, 16, 11, 15], [23, 13, 24, 12]]"
12n_0242_81,"[[23, 13, 24, 12], [14, 10, 15, 9], [1, 17, 2, 16], [3, 19, 4, 18], [5, 21, 6, 20], [7, 23, 8, 22], [13, 1, 14, 24], [17, 3, 18, 2], [19, 5, 20, 4], [21, 7, 22, 6], [8, 12, 9, 11], [10, 16, 11, 15]]"
12n_0242_82,"[[10, 16, 11, 15], [23, 13, 24, 12], [14, 10, 15, 9], [1, 17, 2, 16], [3, 19, 4, 18], [5, 21, 6, 20], [7, 23, 8, 22], [13, 1, 14, 24], [17, 3, 18, 2], [19, 5, 20, 4], [21, 7, 22, 6], [8, 12, 9, 11]]"
12n_0242_83,"[[8, 12, 9, 11], [10, 16, 11, 15], [23, 13, 24, 12], [14, 10, 15, 9], [1, 17, 2, 16], [3, 19, 4, 18], [5, 21, 6, 20], [7, 23, 8, 22], [13, 1, 14, 24], [17, 3, 18, 2], [19, 5, 20, 4], [21, 7, 22, 6]]"
12n_0242_84,"[[22, 8, 23, 7], [9, 13, 10, 12], [11, 17, 12, 16], [24, 14, 1, 13], [15, 11, 16, 10], [2, 18, 3, 17], [4, 20, 5, 19], [6, 22, 7, 21], [8, 24, 9, 23], [14, 2, 15, 1], [18, 4, 19, 3], [20, 6, 21, 5]]"
12n_0242_85,"[[20, 6, 21, 5], [22, 8, 23, 7], [9, 13, 10, 12], [11, 17, 12, 16], [24, 14, 1, 13], [15, 11, 16, 10], [2, 18, 3, 17], [4, 20, 5, 19], [6, 22, 7, 21], [8, 24, 9, 23], [14, 2, 15, 1], [18, 4, 19, 3]]"
12n_0242_86,"[[18, 4, 19, 3], [20, 6, 21, 5], [22, 8, 23, 7], [9, 13, 10, 12], [11, 17, 12, 16], [24, 14, 1, 13], [15, 11, 16, 10], [2, 18, 3, 17], [4, 20, 5, 19], [6, 22, 7, 21], [8, 24, 9, 23], [14, 2, 15, 1]]"
12n_0242_87,"[[14, 2, 15, 1], [18, 4, 19, 3], [20, 6, 21, 5], [22, 8, 23, 7], [9, 13, 10, 12], [11, 17, 12, 16], [24, 14, 1, 13], [15, 11, 16, 10], [2, 18, 3, 17], [4, 20, 5, 19], [6, 22, 7, 21], [8, 24, 9, 23]]"
12n_0242_88,"[[8, 24, 9, 23], [14, 2, 15, 1], [18, 4, 19, 3], [20, 6, 21, 5], [22, 8, 23, 7], [9, 13, 10, 12], [11, 17, 12, 16], [24, 14, 1, 13], [15, 11, 16, 10], [2, 18, 3, 17], [4, 20, 5, 19], [6, 22, 7, 21]]"
12n_0242_89,"[[6, 22, 7, 21], [8, 24, 9, 23], [14, 2, 15, 1], [18, 4, 19, 3], [20, 6, 21, 5], [22, 8, 23, 7], [9, 13, 10, 12], [11, 17, 12, 16], [24, 14, 1, 13], [15, 11, 16, 10], [2, 18, 3, 17], [4, 20, 5, 19]]"
12n_0242_90,"[[4, 20, 5, 19], [6, 22, 7, 21], [8, 24, 9, 23], [14, 2, 15, 1], [18, 4, 19, 3], [20, 6, 21, 5], [22, 8, 23, 7], [9, 13, 10, 12], [11, 17, 12, 16], [24, 14, 1, 13], [15, 11, 16, 10], [2, 18, 3, 17]]"
12n_0242_91,"[[2, 18, 3, 17], [4, 20, 5, 19], [6, 22, 7, 21], [8, 24, 9, 23], [14, 2, 15, 1], [18, 4, 19, 3], [20, 6, 21, 5], [22, 8, 23, 7], [9, 13, 10, 12], [11, 17, 12, 16], [24, 14, 1, 13], [15, 11, 16, 10]]"
12n_0242_92,"[[15, 11, 16, 10], [2, 18, 3, 17], [4, 20, 5, 19], [6, 22, 7, 21], [8, 24, 9, 23], [14, 2, 15, 1], [18, 4, 19, 3], [20, 6, 21, 5], [22, 8, 23, 7], [9, 13, 10, 12], [11, 17, 12, 16], [24, 14, 1, 13]]"
12n_0242_93,"[[24, 14, 1, 13], [15, 11, 16, 10], [2, 18, 3, 17], [4, 20, 5, 19], [6, 22, 7, 21], [8, 24, 9, 23], [14, 2, 15, 1], [18, 4, 19, 3], [20, 6, 21, 5], [22, 8, 23, 7], [9, 13, 10, 12], [11, 17, 12, 16]]"
12n_0242_94,"[[11, 17, 12, 16], [24, 14, 1, 13], [15, 11, 16, 10], [2, 18, 3, 17], [4, 20, 5, 19], [6, 22, 7, 21], [8, 24, 9, 23], [14, 2, 15, 1], [18, 4, 19, 3], [20, 6, 21, 5], [22, 8, 23, 7], [9, 13, 10, 12]]"
12n_0242_95,"[[9, 13, 10, 12], [11, 17, 12, 16], [24, 14, 1, 13], [15, 11, 16, 10], [2, 18, 3, 17], [4, 20, 5, 19], [6, 22, 7, 21], [8, 24, 9, 23], [14, 2, 15, 1], [18, 4, 19, 3], [20, 6, 21, 5], [22, 8, 23, 7]]"
12n_0242_96,"[[23, 9, 24, 8], [10, 14, 11, 13], [12, 18, 13, 17], [1, 15, 2, 14], [16, 12, 17, 11], [3, 19, 4, 18], [5, 21, 6, 20], [7, 23, 8, 22], [9, 1, 10, 24], [15, 3, 16, 2], [19, 5, 20, 4], [21, 7, 22, 6]]"
12n_0242_97,"[[21, 7, 22, 6], [23, 9, 24, 8], [10, 14, 11, 13], [12, 18, 13, 17], [1, 15, 2, 14], [16, 12, 17, 11], [3, 19, 4, 18], [5, 21, 6, 20], [7, 23, 8, 22], [9, 1, 10, 24], [15, 3, 16, 2], [19, 5, 20, 4]]"
12n_0242_98,"[[19, 5, 20, 4], [21, 7, 22, 6], [23, 9, 24, 8], [10, 14, 11, 13], [12, 18, 13, 17], [1, 15, 2, 14], [16, 12, 17, 11], [3, 19, 4, 18], [5, 21, 6, 20], [7, 23, 8, 22], [9, 1, 10, 24], [15, 3, 16, 2]]"
12n_0242_99,"[[15, 3, 16, 2], [19, 5, 20, 4], [21, 7, 22, 6], [23, 9, 24, 8], [10, 14, 11, 13], [12, 18, 13, 17], [1, 15, 2, 14], [16, 12, 17, 11], [3, 19, 4, 18], [5, 21, 6, 20], [7, 23, 8, 22], [9, 1, 10, 24]]"
12n_0242_100,"[[9, 1, 10, 24], [15, 3, 16, 2], [19, 5, 20, 4], [21, 7, 22, 6], [23, 9, 24, 8], [10, 14, 11, 13], [12, 18, 13, 17], [1, 15, 2, 14], [16, 12, 17, 11], [3, 19, 4, 18], [5, 21, 6, 20], [7, 23, 8, 22]]"
12n_0242_101,"[[7, 23, 8, 22], [9, 1, 10, 24], [15, 3, 16, 2], [19, 5, 20, 4], [21, 7, 22, 6], [23, 9, 24, 8], [10, 14, 11, 13], [12, 18, 13, 17], [1, 15, 2, 14], [16, 12, 17, 11], [3, 19, 4, 18], [5, 21, 6, 20]]"
12n_0242_102,"[[5, 21, 6, 20], [7, 23, 8, 22], [9, 1, 10, 24], [15, 3, 16, 2], [19, 5, 20, 4], [21, 7, 22, 6], [23, 9, 24, 8], [10, 14, 11, 13], [12, 18, 13, 17], [1, 15, 2, 14], [16, 12, 17, 11], [3, 19, 4, 18]]"
12n_0242_103,"[[3, 19, 4, 18], [5, 21, 6, 20], [7, 23, 8, 22], [9, 1, 10, 24], [15, 3, 16, 2], [19, 5, 20, 4], [21, 7, 22, 6], [23, 9, 24, 8], [10, 14, 11, 13], [12, 18, 13, 17], [1, 15, 2, 14], [16, 12, 17, 11]]"
12n_0242_104,"[[16, 12, 17, 11], [3, 19, 4, 18], [5, 21, 6, 20], [7, 23, 8, 22], [9, 1, 10, 24], [15, 3, 16, 2], [19, 5, 20, 4], [21, 7, 22, 6], [23, 9, 24, 8], [10, 14, 11, 13], [12, 18, 13, 17], [1, 15, 2, 14]]"
12n_0242_105,"[[1, 15, 2, 14], [16, 12, 17, 11], [3, 19, 4, 18], [5, 21, 6, 20], [7, 23, 8, 22], [9, 1, 10, 24], [15, 3, 16, 2], [19, 5, 20, 4], [21, 7, 22, 6], [23, 9, 24, 8], [10, 14, 11, 13], [12, 18, 13, 17]]"
12n_0242_106,"[[12, 18, 13, 17], [1, 15, 2, 14], [16, 12, 17, 11], [3, 19, 4, 18], [5, 21, 6, 20], [7, 23, 8, 22], [9, 1, 10, 24], [15, 3, 16, 2], [19, 5, 20, 4], [21, 7, 22, 6], [23, 9, 24, 8], [10, 14, 11, 13]]"
12n_0242_107,"[[10, 14, 11, 13], [12, 18, 13, 17], [1, 15, 2, 14], [16, 12, 17, 11], [3, 19, 4, 18], [5, 21, 6, 20], [7, 23, 8, 22], [9, 1, 10, 24], [15, 3, 16, 2], [19, 5, 20, 4], [21, 7, 22, 6], [23, 9, 24, 8]]"
12n_0242_108,"[[24, 10, 1, 9], [11, 15, 12, 14], [13, 19, 14, 18], [2, 16, 3, 15], [17, 13, 18, 12], [4, 20, 5, 19], [6, 22, 7, 21], [8, 24, 9, 23], [10, 2, 11, 1], [16, 4, 17, 3], [20, 6, 21, 5], [22, 8, 23, 7]]"
12n_0242_109,"[[22, 8, 23, 7], [24, 10, 1, 9], [11, 15, 12, 14], [13, 19, 14, 18], [2, 16, 3, 15], [17, 13, 18, 12], [4, 20, 5, 19], [6, 22, 7, 21], [8, 24, 9, 23], [10, 2, 11, 1], [16, 4, 17, 3], [20, 6, 21, 5]]"
12n_0242_110,"[[20, 6, 21, 5], [22, 8, 23, 7], [24, 10, 1, 9], [11, 15, 12, 14], [13, 19, 14, 18], [2, 16, 3, 15], [17, 13, 18, 12], [4, 20, 5, 19], [6, 22, 7, 21], [8, 24, 9, 23], [10, 2, 11, 1], [16, 4, 17, 3]]"
12n_0242_111,"[[16, 4, 17, 3], [20, 6, 21, 5], [22, 8, 23, 7], [24, 10, 1, 9], [11, 15, 12, 14], [13, 19, 14, 18], [2, 16, 3, 15], [17, 13, 18, 12], [4, 20, 5, 19], [6, 22, 7, 21], [8, 24, 9, 23], [10, 2, 11, 1]]"
12n_0242_112,"[[10, 2, 11, 1], [16, 4, 17, 3], [20, 6, 21, 5], [22, 8, 23, 7], [24, 10, 1, 9], [11, 15, 12, 14], [13, 19, 14, 18], [2, 16, 3, 15], [17, 13, 18, 12], [4, 20, 5, 19], [6, 22, 7, 21], [8, 24, 9, 23]]"
12n_0242_113,"[[8, 24, 9, 23], [10, 2, 11, 1], [16, 4, 17, 3], [20, 6, 21, 5], [22, 8, 23, 7], [24, 10, 1, 9], [11, 15, 12, 14], [13, 19, 14, 18], [2, 16, 3, 15], [17, 13, 18, 12], [4, 20, 5, 19], [6, 22, 7, 21]]"
12n_0242_114,"[[6, 22, 7, 21], [8, 24, 9, 23], [10, 2, 11, 1], [16, 4, 17, 3], [20, 6, 21, 5], [22, 8, 23, 7], [24, 10, 1, 9], [11, 15, 12, 14], [13, 19, 14, 18], [2, 16, 3, 15], [17, 13, 18, 12], [4, 20, 5, 19]]"
12n_0242_115,"[[4, 20, 5, 19], [6, 22, 7, 21], [8, 24, 9, 23], [10, 2, 11, 1], [16, 4, 17, 3], [20, 6, 21, 5], [22, 8, 23, 7], [24, 10, 1, 9], [11, 15, 12, 14], [13, 19, 14, 18], [2, 16, 3, 15], [17, 13, 18, 12]]"
12n_0242_116,"[[17, 13, 18, 12], [4, 20, 5, 19], [6, 22, 7, 21], [8, 24, 9, 23], [10, 2, 11, 1], [16, 4, 17, 3], [20, 6, 21, 5], [22, 8, 23, 7], [24, 10, 1, 9], [11, 15, 12, 14], [13, 19, 14, 18], [2, 16, 3, 15]]"
12n_0242_117,"[[2, 16, 3, 15], [17, 13, 18, 12], [4, 20, 5, 19], [6, 22, 7, 21], [8, 24, 9, 23], [10, 2, 11, 1], [16, 4, 17, 3], [20, 6, 21, 5], [22, 8, 23, 7], [24, 10, 1, 9], [11, 15, 12, 14], [13, 19, 14, 18]]"
12n_0242_118,"[[13, 19, 14, 18], [2, 16, 3, 15], [17, 13, 18, 12], [4, 20, 5, 19], [6, 22, 7, 21], [8, 24, 9, 23], [10, 2, 11, 1], [16, 4, 17, 3], [20, 6, 21, 5], [22, 8, 23, 7], [24, 10, 1, 9], [11, 15, 12, 14]]"
12n_0242_119,"[[11, 15, 12, 14], [13, 19, 14, 18], [2, 16, 3, 15], [17, 13, 18, 12], [4, 20, 5, 19], [6, 22, 7, 21], [8, 24, 9, 23], [10, 2, 11, 1], [16, 4, 17, 3], [20, 6, 21, 5], [22, 8, 23, 7], [24, 10, 1, 9]]"
12n_0242_120,"[[1, 11, 2, 10], [12, 16, 13, 15], [14, 20, 15, 19], [3, 17, 4, 16], [18, 14, 19, 13], [5, 21, 6, 20], [7, 23, 8, 22], [9, 1, 10, 24], [11, 3, 12, 2], [17, 5, 18, 4], [21, 7, 22, 6], [23, 9, 24, 8]]"
12n_0242_121,"[[23, 9, 24, 8], [1, 11, 2, 10], [12, 16, 13, 15], [14, 20, 15, 19], [3, 17, 4, 16], [18, 14, 19, 13], [5, 21, 6, 20], [7, 23, 8, 22], [9, 1, 10, 24], [11, 3, 12, 2], [17, 5, 18, 4], [21, 7, 22, 6]]"
12n_0242_122,"[[21, 7, 22, 6], [23, 9, 24, 8], [1, 11, 2, 10], [12, 16, 13, 15], [14, 20, 15, 19], [3, 17, 4, 16], [18, 14, 19, 13], [5, 21, 6, 20], [7, 23, 8, 22], [9, 1, 10, 24], [11, 3, 12, 2], [17, 5, 18, 4]]"
12n_0242_123,"[[17, 5, 18, 4], [21, 7, 22, 6], [23, 9, 24, 8], [1, 11, 2, 10], [12, 16, 13, 15], [14, 20, 15, 19], [3, 17, 4, 16], [18, 14, 19, 13], [5, 21, 6, 20], [7, 23, 8, 22], [9, 1, 10, 24], [11, 3, 12, 2]]"
12n_0242_124,"[[11, 3, 12, 2], [17, 5, 18, 4], [21, 7, 22, 6], [23, 9, 24, 8], [1, 11, 2, 10], [12, 16, 13, 15], [14, 20, 15, 19], [3, 17, 4, 16], [18, 14, 19, 13], [5, 21, 6, 20], [7, 23, 8, 22], [9, 1, 10, 24]]"
12n_0242_125,"[[9, 1, 10, 24], [11, 3, 12, 2], [17, 5, 18, 4], [21, 7, 22, 6], [23, 9, 24, 8], [1, 11, 2, 10], [12, 16, 13, 15], [14, 20, 15, 19], [3, 17, 4, 16], [18, 14, 19, 13], [5, 21, 6, 20], [7, 23, 8, 22]]"
12n_0242_126,"[[7, 23, 8, 22], [9, 1, 10, 24], [11, 3, 12, 2], [17, 5, 18, 4], [21, 7, 22, 6], [23, 9, 24, 8], [1, 11, 2, 10], [12, 16, 13, 15], [14, 20, 15, 19], [3, 17, 4, 16], [18, 14, 19, 13], [5, 21, 6, 20]]"
12n_0242_127,"[[5, 21, 6, 20], [7, 23, 8, 22], [9, 1, 10, 24], [11, 3, 12, 2], [17, 5, 18, 4], [21, 7, 22, 6], [23, 9, 24, 8], [1, 11, 2, 10], [12, 16, 13, 15], [14, 20, 15, 19], [3, 17, 4, 16], [18, 14, 19, 13]]"
12n_0242_128,"[[18, 14, 19, 13], [5, 21, 6, 20], [7, 23, 8, 22], [9, 1, 10, 24], [11, 3, 12, 2], [17, 5, 18, 4], [21, 7, 22, 6], [23, 9, 24, 8], [1, 11, 2, 10], [12, 16, 13, 15], [14, 20, 15, 19], [3, 17, 4, 16]]"
12n_0242_129,"[[3, 17, 4, 16], [18, 14, 19, 13], [5, 21, 6, 20], [7, 23, 8, 22], [9, 1, 10, 24], [11, 3, 12, 2], [17, 5, 18, 4], [21, 7, 22, 6], [23, 9, 24, 8], [1, 11, 2, 10], [12, 16, 13, 15], [14, 20, 15, 19]]"
12n_0242_130,"[[14, 20, 15, 19], [3, 17, 4, 16], [18, 14, 19, 13], [5, 21, 6, 20], [7, 23, 8, 22], [9, 1, 10, 24], [11, 3, 12, 2], [17, 5, 18, 4], [21, 7, 22, 6], [23, 9, 24, 8], [1, 11, 2, 10], [12, 16, 13, 15]]"
12n_0242_131,"[[12, 16, 13, 15], [14, 20, 15, 19], [3, 17, 4, 16], [18, 14, 19, 13], [5, 21, 6, 20], [7, 23, 8, 22], [9, 1, 10, 24], [11, 3, 12, 2], [17, 5, 18, 4], [21, 7, 22, 6], [23, 9, 24, 8], [1, 11, 2, 10]]"
12n_0242_132,"[[2, 12, 3, 11], [13, 17, 14, 16], [15, 21, 16, 20], [4, 18, 5, 17], [19, 15, 20, 14], [6, 22, 7, 21], [8, 24, 9, 23], [10, 2, 11, 1], [12, 4, 13, 3], [18, 6, 19, 5], [22, 8, 23, 7], [24, 10, 1, 9]]"
12n_0242_133,"[[24, 10, 1, 9], [2, 12, 3, 11], [13, 17, 14, 16], [15, 21, 16, 20], [4, 18, 5, 17], [19, 15, 20, 14], [6, 22, 7, 21], [8, 24, 9, 23], [10, 2, 11, 1], [12, 4, 13, 3], [18, 6, 19, 5], [22, 8, 23, 7]]"
12n_0242_134,"[[22, 8, 23, 7], [24, 10, 1, 9], [2, 12, 3, 11], [13, 17, 14, 16], [15, 21, 16, 20], [4, 18, 5, 17], [19, 15, 20, 14], [6, 22, 7, 21], [8, 24, 9, 23], [10, 2, 11, 1], [12, 4, 13, 3], [18, 6, 19, 5]]"
12n_0242_135,"[[18, 6, 19, 5], [22, 8, 23, 7], [24, 10, 1, 9], [2, 12, 3, 11], [13, 17, 14, 16], [15, 21, 16, 20], [4, 18, 5, 17], [19, 15, 20, 14], [6, 22, 7, 21], [8, 24, 9, 23], [10, 2, 11, 1], [12, 4, 13, 3]]"
12n_0242_136,"[[12, 4, 13, 3], [18, 6, 19, 5], [22, 8, 23, 7], [24, 10, 1, 9], [2, 12, 3, 11], [13, 17, 14, 16], [15, 21, 16, 20], [4, 18, 5, 17], [19, 15, 20, 14], [6, 22, 7, 21], [8, 24, 9, 23], [10, 2, 11, 1]]"
12n_0242_137,"[[10, 2, 11, 1], [12, 4, 13, 3], [18, 6, 19, 5], [22, 8, 23, 7], [24, 10, 1, 9], [2, 12, 3, 11], [13, 17, 14, 16], [15, 21, 16, 20], [4, 18, 5, 17], [19, 15, 20, 14], [6, 22, 7, 21], [8, 24, 9, 23]]"
12n_0242_138,"[[8, 24, 9, 23], [10, 2, 11, 1], [12, 4, 13, 3], [18, 6, 19, 5], [22, 8, 23, 7], [24, 10, 1, 9], [2, 12, 3, 11], [13, 17, 14, 16], [15, 21, 16, 20], [4, 18, 5, 17], [19, 15, 20, 14], [6, 22, 7, 21]]"
12n_0242_139,"[[6, 22, 7, 21], [8, 24, 9, 23], [10, 2, 11, 1], [12, 4, 13, 3], [18, 6, 19, 5], [22, 8, 23, 7], [24, 10, 1, 9], [2, 12, 3, 11], [13, 17, 14, 16], [15, 21, 16, 20], [4, 18, 5, 17], [19, 15, 20, 14]]"
12n_0242_140,"[[19, 15, 20, 14], [6, 22, 7, 21], [8, 24, 9, 23], [10, 2, 11, 1], [12, 4, 13, 3], [18, 6, 19, 5], [22, 8, 23, 7], [24, 10, 1, 9], [2, 12, 3, 11], [13, 17, 14, 16], [15, 21, 16, 20], [4, 18, 5, 17]]"
12n_0242_141,"[[4, 18, 5, 17], [19, 15, 20, 14], [6, 22, 7, 21], [8, 24, 9, 23], [10, 2, 11, 1], [12, 4, 13, 3], [18, 6, 19, 5], [22, 8, 23, 7], [24, 10, 1, 9], [2, 12, 3, 11], [13, 17, 14, 16], [15, 21, 16, 20]]"
12n_0242_142,"[[15, 21, 16, 20], [4, 18, 5, 17], [19, 15, 20, 14], [6, 22, 7, 21], [8, 24, 9, 23], [10, 2, 11, 1], [12, 4, 13, 3], [18, 6, 19, 5], [22, 8, 23, 7], [24, 10, 1, 9], [2, 12, 3, 11], [13, 17, 14, 16]]"
12n_0242_143,"[[13, 17, 14, 16], [15, 21, 16, 20], [4, 18, 5, 17], [19, 15, 20, 14], [6, 22, 7, 21], [8, 24, 9, 23], [10, 2, 11, 1], [12, 4, 13, 3], [18, 6, 19, 5], [22, 8, 23, 7], [24, 10, 1, 9], [2, 12, 3, 11]]"
12n_0242_144,"[[3, 13, 4, 12], [14, 18, 15, 17], [16, 22, 17, 21], [5, 19, 6, 18], [20, 16, 21, 15], [7, 23, 8, 22], [9, 1, 10, 24], [11, 3, 12, 2], [13, 5, 14, 4], [19, 7, 20, 6], [23, 9, 24, 8], [1, 11, 2, 10]]"
12n_0242_145,"[[1, 11, 2, 10], [3, 13, 4, 12], [14, 18, 15, 17], [16, 22, 17, 21], [5, 19, 6, 18], [20, 16, 21, 15], [7, 23, 8, 22], [9, 1, 10, 24], [11, 3, 12, 2], [13, 5, 14, 4], [19, 7, 20, 6], [23, 9, 24, 8]]"
12n_0242_146,"[[23, 9, 24, 8], [1, 11, 2, 10], [3, 13, 4, 12], [14, 18, 15, 17], [16, 22, 17, 21], [5, 19, 6, 18], [20, 16, 21, 15], [7, 23, 8, 22], [9, 1, 10, 24], [11, 3, 12, 2], [13, 5, 14, 4], [19, 7, 20, 6]]"
12n_0242_147,"[[19, 7, 20, 6], [23, 9, 24, 8], [1, 11, 2, 10], [3, 13, 4, 12], [14, 18, 15, 17], [16, 22, 17, 21], [5, 19, 6, 18], [20, 16, 21, 15], [7, 23, 8, 22], [9, 1, 10, 24], [11, 3, 12, 2], [13, 5, 14, 4]]"
12n_0242_148,"[[13, 5, 14, 4], [19, 7, 20, 6], [23, 9, 24, 8], [1, 11, 2, 10], [3, 13, 4, 12], [14, 18, 15, 17], [16, 22, 17, 21], [5, 19, 6, 18], [20, 16, 21, 15], [7, 23, 8, 22], [9, 1, 10, 24], [11, 3, 12, 2]]"
12n_0242_149,"[[11, 3, 12, 2], [13, 5, 14, 4], [19, 7, 20, 6], [23, 9, 24, 8], [1, 11, 2, 10], [3, 13, 4, 12], [14, 18, 15, 17], [16, 22, 17, 21], [5, 19, 6, 18], [20, 16, 21, 15], [7, 23, 8, 22], [9, 1, 10, 24]]"
12n_0242_150,"[[9, 1, 10, 24], [11, 3, 12, 2], [13, 5, 14, 4], [19, 7, 20, 6], [23, 9, 24, 8], [1, 11, 2, 10], [3, 13, 4, 12], [14, 18, 15, 17], [16, 22, 17, 21], [5, 19, 6, 18], [20, 16, 21, 15], [7, 23, 8, 22]]"
12n_0242_151,"[[7, 23, 8, 22], [9, 1, 10, 24], [11, 3, 12, 2], [13, 5, 14, 4], [19, 7, 20, 6], [23, 9, 24, 8], [1, 11, 2, 10], [3, 13, 4, 12], [14, 18, 15, 17], [16, 22, 17, 21], [5, 19, 6, 18], [20, 16, 21, 15]]"
12n_0242_152,"[[20, 16, 21, 15], [7, 23, 8, 22], [9, 1, 10, 24], [11, 3, 12, 2], [13, 5, 14, 4], [19, 7, 20, 6], [23, 9, 24, 8], [1, 11, 2, 10], [3, 13, 4, 12], [14, 18, 15, 17], [16, 22, 17, 21], [5, 19, 6, 18]]"
12n_0242_153,"[[5, 19, 6, 18], [20, 16, 21, 15], [7, 23, 8, 22], [9, 1, 10, 24], [11, 3, 12, 2], [13, 5, 14, 4], [19, 7, 20, 6], [23, 9, 24, 8], [1, 11, 2, 10], [3, 13, 4, 12], [14, 18, 15, 17], [16, 22, 17, 21]]"
12n_0242_154,"[[16, 22, 17, 21], [5, 19, 6, 18], [20, 16, 21, 15], [7, 23, 8, 22], [9, 1, 10, 24], [11, 3, 12, 2], [13, 5, 14, 4], [19, 7, 20, 6], [23, 9, 24, 8], [1, 11, 2, 10], [3, 13, 4, 12], [14, 18, 15, 17]]"
12n_0242_155,"[[14, 18, 15, 17], [16, 22, 17, 21], [5, 19, 6, 18], [20, 16, 21, 15], [7, 23, 8, 22], [9, 1, 10, 24], [11, 3, 12, 2], [13, 5, 14, 4], [19, 7, 20, 6], [23, 9, 24, 8], [1, 11, 2, 10], [3, 13, 4, 12]]"
12n_0242_156,"[[4, 14, 5, 13], [15, 19, 16, 18], [17, 23, 18, 22], [6, 20, 7, 19], [21, 17, 22, 16], [8, 24, 9, 23], [10, 2, 11, 1], [12, 4, 13, 3], [14, 6, 15, 5], [20, 8, 21, 7], [24, 10, 1, 9], [2, 12, 3, 11]]"
12n_0242_157,"[[2, 12, 3, 11], [4, 14, 5, 13], [15, 19, 16, 18], [17, 23, 18, 22], [6, 20, 7, 19], [21, 17, 22, 16], [8, 24, 9, 23], [10, 2, 11, 1], [12, 4, 13, 3], [14, 6, 15, 5], [20, 8, 21, 7], [24, 10, 1, 9]]"
12n_0242_158,"[[24, 10, 1, 9], [2, 12, 3, 11], [4, 14, 5, 13], [15, 19, 16, 18], [17, 23, 18, 22], [6, 20, 7, 19], [21, 17, 22, 16], [8, 24, 9, 23], [10, 2, 11, 1], [12, 4, 13, 3], [14, 6, 15, 5], [20, 8, 21, 7]]"
12n_0242_159,"[[20, 8, 21, 7], [24, 10, 1, 9], [2, 12, 3, 11], [4, 14, 5, 13], [15, 19, 16, 18], [17, 23, 18, 22], [6, 20, 7, 19], [21, 17, 22, 16], [8, 24, 9, 23], [10, 2, 11, 1], [12, 4, 13, 3], [14, 6, 15, 5]]"
12n_0242_160,"[[14, 6, 15, 5], [20, 8, 21, 7], [24, 10, 1, 9], [2, 12, 3, 11], [4, 14, 5, 13], [15, 19, 16, 18], [17, 23, 18, 22], [6, 20, 7, 19], [21, 17, 22, 16], [8, 24, 9, 23], [10, 2, 11, 1], [12, 4, 13, 3]]"
12n_0242_161,"[[12, 4, 13, 3], [14, 6, 15, 5], [20, 8, 21, 7], [24, 10, 1, 9], [2, 12, 3, 11], [4, 14, 5, 13], [15, 19, 16, 18], [17, 23, 18, 22], [6, 20, 7, 19], [21, 17, 22, 16], [8, 24, 9, 23], [10, 2, 11, 1]]"
12n_0242_162,"[[10, 2, 11, 1], [12, 4, 13, 3], [14, 6, 15, 5], [20, 8, 21, 7], [24, 10, 1, 9], [2, 12, 3, 11], [4, 14, 5, 13], [15, 19, 16, 18], [17, 23, 18, 22], [6, 20, 7, 19], [21, 17, 22, 16], [8, 24, 9, 23]]"
12n_0242_163,"[[8, 24, 9, 23], [10, 2, 11, 1], [12, 4, 13, 3], [14, 6, 15, 5], [20, 8, 21, 7], [24, 10, 1, 9], [2, 12, 3, 11], [4, 14, 5, 13], [15, 19, 16, 18], [17, 23, 18, 22], [6, 20, 7, 19], [21, 17, 22, 16]]"
12n_0242_164,"[[21, 17, 22, 16], [8, 24, 9, 23], [10, 2, 11, 1], [12, 4, 13, 3], [14, 6, 15, 5], [20, 8, 21, 7], [24, 10, 1, 9], [2, 12, 3, 11], [4, 14, 5, 13], [15, 19, 16, 18], [17, 23, 18, 22], [6, 20, 7, 19]]"
12n_0242_165,"[[6, 20, 7, 19], [21, 17, 22, 16], [8, 24, 9, 23], [10, 2, 11, 1], [12, 4, 13, 3], [14, 6, 15, 5], [20, 8, 21, 7], [24, 10, 1, 9], [2, 12, 3, 11], [4, 14, 5, 13], [15, 19, 16, 18], [17, 23, 18, 22]]"
12n_0242_166,"[[17, 23, 18, 22], [6, 20, 7, 19], [21, 17, 22, 16], [8, 24, 9, 23], [10, 2, 11, 1], [12, 4, 13, 3], [14, 6, 15, 5], [20, 8, 21, 7], [24, 10, 1, 9], [2, 12, 3, 11], [4, 14, 5, 13], [15, 19, 16, 18]]"
12n_0242_167,"[[15, 19, 16, 18], [17, 23, 18, 22], [6, 20, 7, 19], [21, 17, 22, 16], [8, 24, 9, 23], [10, 2, 11, 1], [12, 4, 13, 3], [14, 6, 15, 5], [20, 8, 21, 7], [24, 10, 1, 9], [2, 12, 3, 11], [4, 14, 5, 13]]"
12n_0242_168,"[[5, 15, 6, 14], [16, 20, 17, 19], [18, 24, 19, 23], [7, 21, 8, 20], [22, 18, 23, 17], [9, 1, 10, 24], [11, 3, 12, 2], [13, 5, 14, 4], [15, 7, 16, 6], [21, 9, 22, 8], [1, 11, 2, 10], [3, 13, 4, 12]]"
12n_0242_169,"[[3, 13, 4, 12], [5, 15, 6, 14], [16, 20, 17, 19], [18, 24, 19, 23], [7, 21, 8, 20], [22, 18, 23, 17], [9, 1, 10, 24], [11, 3, 12, 2], [13, 5, 14, 4], [15, 7, 16, 6], [21, 9, 22, 8], [1, 11, 2, 10]]"
12n_0242_170,"[[1, 11, 2, 10], [3, 13, 4, 12], [5, 15, 6, 14], [16, 20, 17, 19], [18, 24, 19, 23], [7, 21, 8, 20], [22, 18, 23, 17], [9, 1, 10, 24], [11, 3, 12, 2], [13, 5, 14, 4], [15, 7, 16, 6], [21, 9, 22, 8]]"
12n_0242_171,"[[21, 9, 22, 8], [1, 11, 2, 10], [3, 13, 4, 12], [5, 15, 6, 14], [16, 20, 17, 19], [18, 24, 19, 23], [7, 21, 8, 20], [22, 18, 23, 17], [9, 1, 10, 24], [11, 3, 12, 2], [13, 5, 14, 4], [15, 7, 16, 6]]"
12n_0242_172,"[[15, 7, 16, 6], [21, 9, 22, 8], [1, 11, 2, 10], [3, 13, 4, 12], [5, 15, 6, 14], [16, 20, 17, 19], [18, 24, 19, 23], [7, 21, 8, 20], [22, 18, 23, 17], [9, 1, 10, 24], [11, 3, 12, 2], [13, 5, 14, 4]]"
12n_0242_173,"[[13, 5, 14, 4], [15, 7, 16, 6], [21, 9, 22, 8], [1, 11, 2, 10], [3, 13, 4, 12], [5, 15, 6, 14], [16, 20, 17, 19], [18, 24, 19, 23], [7, 21, 8, 20], [22, 18, 23, 17], [9, 1, 10, 24], [11, 3, 12, 2]]"
12n_0242_174,"[[11, 3, 12, 2], [13, 5, 14, 4], [15, 7, 16, 6], [21, 9, 22, 8], [1, 11, 2, 10], [3, 13, 4, 12], [5, 15, 6, 14], [16, 20, 17, 19], [18, 24, 19, 23], [7, 21, 8, 20], [22, 18, 23, 17], [9, 1, 10, 24]]"
12n_0242_175,"[[9, 1, 10, 24], [11, 3, 12, 2], [13, 5, 14, 4], [15, 7, 16, 6], [21, 9, 22, 8], [1, 11, 2, 10], [3, 13, 4, 12], [5, 15, 6, 14], [16, 20, 17, 19], [18, 24, 19, 23], [7, 21, 8, 20], [22, 18, 23, 17]]"
12n_0242_176,"[[22, 18, 23, 17], [9, 1, 10, 24], [11, 3, 12, 2], [13, 5, 14, 4], [15, 7, 16, 6], [21, 9, 22, 8], [1, 11, 2, 10], [3, 13, 4, 12], [5, 15, 6, 14], [16, 20, 17, 19], [18, 24, 19, 23], [7, 21, 8, 20]]"
12n_0242_177,"[[7, 21, 8, 20], [22, 18, 23, 17], [9, 1, 10, 24], [11, 3, 12, 2], [13, 5, 14, 4], [15, 7, 16, 6], [21, 9, 22, 8], [1, 11, 2, 10], [3, 13, 4, 12], [5, 15, 6, 14], [16, 20, 17, 19], [18, 24, 19, 23]]"
12n_0242_178,"[[18, 24, 19, 23], [7, 21, 8, 20], [22, 18, 23, 17], [9, 1, 10, 24], [11, 3, 12, 2], [13, 5, 14, 4], [15, 7, 16, 6], [21, 9, 22, 8], [1, 11, 2, 10], [3, 13, 4, 12], [5, 15, 6, 14], [16, 20, 17, 19]]"
12n_0242_179,"[[16, 20, 17, 19], [18, 24, 19, 23], [7, 21, 8, 20], [22, 18, 23, 17], [9, 1, 10, 24], [11, 3, 12, 2], [13, 5, 14, 4], [15, 7, 16, 6], [21, 9, 22, 8], [1, 11, 2, 10], [3, 13, 4, 12], [5, 15, 6, 14]]"
12n_0242_180,"[[6, 16, 7, 15], [17, 21, 18, 20], [19, 1, 20, 24], [8, 22, 9, 21], [23, 19, 24, 18], [10, 2, 11, 1], [12, 4, 13, 3], [14, 6, 15, 5], [16, 8, 17, 7], [22, 10, 23, 9], [2, 12, 3, 11], [4, 14, 5, 13]]"
12n_0242_181,"[[4, 14, 5, 13], [6, 16, 7, 15], [17, 21, 18, 20], [19, 1, 20, 24], [8, 22, 9, 21], [23, 19, 24, 18], [10, 2, 11, 1], [12, 4, 13, 3], [14, 6, 15, 5], [16, 8, 17, 7], [22, 10, 23, 9], [2, 12, 3, 11]]"
12n_0242_182,"[[2, 12, 3, 11], [4, 14, 5, 13], [6, 16, 7, 15], [17, 21, 18, 20], [19, 1, 20, 24], [8, 22, 9, 21], [23, 19, 24, 18], [10, 2, 11, 1], [12, 4, 13, 3], [14, 6, 15, 5], [16, 8, 17, 7], [22, 10, 23, 9]]"
12n_0242_183,"[[22, 10, 23, 9], [2, 12, 3, 11], [4, 14, 5, 13], [6, 16, 7, 15], [17, 21, 18, 20], [19, 1, 20, 24], [8, 22, 9, 21], [23, 19, 24, 18], [10, 2, 11, 1], [12, 4, 13, 3], [14, 6, 15, 5], [16, 8, 17, 7]]"
12n_0242_184,"[[16, 8, 17, 7], [22, 10, 23, 9], [2, 12, 3, 11], [4, 14, 5, 13], [6, 16, 7, 15], [17, 21, 18, 20], [19, 1, 20, 24], [8, 22, 9, 21], [23, 19, 24, 18], [10, 2, 11, 1], [12, 4, 13, 3], [14, 6, 15, 5]]"
12n_0242_185,"[[14, 6, 15, 5], [16, 8, 17, 7], [22, 10, 23, 9], [2, 12, 3, 11], [4, 14, 5, 13], [6, 16, 7, 15], [17, 21, 18, 20], [19, 1, 20, 24], [8, 22, 9, 21], [23, 19, 24, 18], [10, 2, 11, 1], [12, 4, 13, 3]]"
