name,pd_notation
12n_0232_0,"[[19, 24, 20, 1], [2, 6, 3, 5], [4, 9, 5, 10], [6, 15, 7, 16], [8, 12, 9, 11], [10, 3, 11, 4], [21, 12, 22, 13], [23, 15, 24, 14], [16, 7, 17, 8], [13, 18, 14, 19], [1, 20, 2, 21], [17, 23, 18, 22]]"
12n_0232_1,"[[17, 23, 18, 22], [19, 24, 20, 1], [2, 6, 3, 5], [4, 9, 5, 10], [6, 15, 7, 16], [8, 12, 9, 11], [10, 3, 11, 4], [21, 12, 22, 13], [23, 15, 24, 14], [16, 7, 17, 8], [13, 18, 14, 19], [1, 20, 2, 21]]"
12n_0232_2,"[[1, 20, 2, 21], [17, 23, 18, 22], [19, 24, 20, 1], [2, 6, 3, 5], [4, 9, 5, 10], [6, 15, 7, 16], [8, 12, 9, 11], [10, 3, 11, 4], [21, 12, 22, 13], [23, 15, 24, 14], [16, 7, 17, 8], [13, 18, 14, 19]]"
12n_0232_3,"[[13, 18, 14, 19], [1, 20, 2, 21], [17, 23, 18, 22], [19, 24, 20, 1], [2, 6, 3, 5], [4, 9, 5, 10], [6, 15, 7, 16], [8, 12, 9, 11], [10, 3, 11, 4], [21, 12, 22, 13], [23, 15, 24, 14], [16, 7, 17, 8]]"
12n_0232_4,"[[16, 7, 17, 8], [13, 18, 14, 19], [1, 20, 2, 21], [17, 23, 18, 22], [19, 24, 20, 1], [2, 6, 3, 5], [4, 9, 5, 10], [6, 15, 7, 16], [8, 12, 9, 11], [10, 3, 11, 4], [21, 12, 22, 13], [23, 15, 24, 14]]"
12n_0232_5,"[[23, 15, 24, 14], [16, 7, 17, 8], [13, 18, 14, 19], [1, 20, 2, 21], [17, 23, 18, 22], [19, 24, 20, 1], [2, 6, 3, 5], [4, 9, 5, 10], [6, 15, 7, 16], [8, 12, 9, 11], [10, 3, 11, 4], [21, 12, 22, 13]]"
12n_0232_6,"[[21, 12, 22, 13], [23, 15, 24, 14], [16, 7, 17, 8], [13, 18, 14, 19], [1, 20, 2, 21], [17, 23, 18, 22], [19, 24, 20, 1], [2, 6, 3, 5], [4, 9, 5, 10], [6, 15, 7, 16], [8, 12, 9, 11], [10, 3, 11, 4]]"
12n_0232_7,"[[10, 3, 11, 4], [21, 12, 22, 13], [23, 15, 24, 14], [16, 7, 17, 8], [13, 18, 14, 19], [1, 20, 2, 21], [17, 23, 18, 22], [19, 24, 20, 1], [2, 6, 3, 5], [4, 9, 5, 10], [6, 15, 7, 16], [8, 12, 9, 11]]"
12n_0232_8,"[[8, 12, 9, 11], [10, 3, 11, 4], [21, 12, 22, 13], [23, 15, 24, 14], [16, 7, 17, 8], [13, 18, 14, 19], [1, 20, 2, 21], [17, 23, 18, 22], [19, 24, 20, 1], [2, 6, 3, 5], [4, 9, 5, 10], [6, 15, 7, 16]]"
12n_0232_9,"[[6, 15, 7, 16], [8, 12, 9, 11], [10, 3, 11, 4], [21, 12, 22, 13], [23, 15, 24, 14], [16, 7, 17, 8], [13, 18, 14, 19], [1, 20, 2, 21], [17, 23, 18, 22], [19, 24, 20, 1], [2, 6, 3, 5], [4, 9, 5, 10]]"
12n_0232_10,"[[4, 9, 5, 10], [6, 15, 7, 16], [8, 12, 9, 11], [10, 3, 11, 4], [21, 12, 22, 13], [23, 15, 24, 14], [16, 7, 17, 8], [13, 18, 14, 19], [1, 20, 2, 21], [17, 23, 18, 22], [19, 24, 20, 1], [2, 6, 3, 5]]"
12n_0232_11,"[[2, 6, 3, 5], [4, 9, 5, 10], [6, 15, 7, 16], [8, 12, 9, 11], [10, 3, 11, 4], [21, 12, 22, 13], [23, 15, 24, 14], [16, 7, 17, 8], [13, 18, 14, 19], [1, 20, 2, 21], [17, 23, 18, 22], [19, 24, 20, 1]]"
12n_0232_12,"[[20, 1, 21, 2], [3, 7, 4, 6], [5, 10, 6, 11], [7, 16, 8, 17], [9, 13, 10, 12], [11, 4, 12, 5], [22, 13, 23, 14], [24, 16, 1, 15], [17, 8, 18, 9], [14, 19, 15, 20], [2, 21, 3, 22], [18, 24, 19, 23]]"
12n_0232_13,"[[18, 24, 19, 23], [20, 1, 21, 2], [3, 7, 4, 6], [5, 10, 6, 11], [7, 16, 8, 17], [9, 13, 10, 12], [11, 4, 12, 5], [22, 13, 23, 14], [24, 16, 1, 15], [17, 8, 18, 9], [14, 19, 15, 20], [2, 21, 3, 22]]"
12n_0232_14,"[[2, 21, 3, 22], [18, 24, 19, 23], [20, 1, 21, 2], [3, 7, 4, 6], [5, 10, 6, 11], [7, 16, 8, 17], [9, 13, 10, 12], [11, 4, 12, 5], [22, 13, 23, 14], [24, 16, 1, 15], [17, 8, 18, 9], [14, 19, 15, 20]]"
12n_0232_15,"[[14, 19, 15, 20], [2, 21, 3, 22], [18, 24, 19, 23], [20, 1, 21, 2], [3, 7, 4, 6], [5, 10, 6, 11], [7, 16, 8, 17], [9, 13, 10, 12], [11, 4, 12, 5], [22, 13, 23, 14], [24, 16, 1, 15], [17, 8, 18, 9]]"
12n_0232_16,"[[17, 8, 18, 9], [14, 19, 15, 20], [2, 21, 3, 22], [18, 24, 19, 23], [20, 1, 21, 2], [3, 7, 4, 6], [5, 10, 6, 11], [7, 16, 8, 17], [9, 13, 10, 12], [11, 4, 12, 5], [22, 13, 23, 14], [24, 16, 1, 15]]"
12n_0232_17,"[[24, 16, 1, 15], [17, 8, 18, 9], [14, 19, 15, 20], [2, 21, 3, 22], [18, 24, 19, 23], [20, 1, 21, 2], [3, 7, 4, 6], [5, 10, 6, 11], [7, 16, 8, 17], [9, 13, 10, 12], [11, 4, 12, 5], [22, 13, 23, 14]]"
12n_0232_18,"[[22, 13, 23, 14], [24, 16, 1, 15], [17, 8, 18, 9], [14, 19, 15, 20], [2, 21, 3, 22], [18, 24, 19, 23], [20, 1, 21, 2], [3, 7, 4, 6], [5, 10, 6, 11], [7, 16, 8, 17], [9, 13, 10, 12], [11, 4, 12, 5]]"
12n_0232_19,"[[11, 4, 12, 5], [22, 13, 23, 14], [24, 16, 1, 15], [17, 8, 18, 9], [14, 19, 15, 20], [2, 21, 3, 22], [18, 24, 19, 23], [20, 1, 21, 2], [3, 7, 4, 6], [5, 10, 6, 11], [7, 16, 8, 17], [9, 13, 10, 12]]"
12n_0232_20,"[[9, 13, 10, 12], [11, 4, 12, 5], [22, 13, 23, 14], [24, 16, 1, 15], [17, 8, 18, 9], [14, 19, 15, 20], [2, 21, 3, 22], [18, 24, 19, 23], [20, 1, 21, 2], [3, 7, 4, 6], [5, 10, 6, 11], [7, 16, 8, 17]]"
12n_0232_21,"[[7, 16, 8, 17], [9, 13, 10, 12], [11, 4, 12, 5], [22, 13, 23, 14], [24, 16, 1, 15], [17, 8, 18, 9], [14, 19, 15, 20], [2, 21, 3, 22], [18, 24, 19, 23], [20, 1, 21, 2], [3, 7, 4, 6], [5, 10, 6, 11]]"
12n_0232_22,"[[5, 10, 6, 11], [7, 16, 8, 17], [9, 13, 10, 12], [11, 4, 12, 5], [22, 13, 23, 14], [24, 16, 1, 15], [17, 8, 18, 9], [14, 19, 15, 20], [2, 21, 3, 22], [18, 24, 19, 23], [20, 1, 21, 2], [3, 7, 4, 6]]"
12n_0232_23,"[[3, 7, 4, 6], [5, 10, 6, 11], [7, 16, 8, 17], [9, 13, 10, 12], [11, 4, 12, 5], [22, 13, 23, 14], [24, 16, 1, 15], [17, 8, 18, 9], [14, 19, 15, 20], [2, 21, 3, 22], [18, 24, 19, 23], [20, 1, 21, 2]]"
12n_0232_24,"[[21, 2, 22, 3], [4, 8, 5, 7], [6, 11, 7, 12], [8, 17, 9, 18], [10, 14, 11, 13], [12, 5, 13, 6], [23, 14, 24, 15], [1, 17, 2, 16], [18, 9, 19, 10], [15, 20, 16, 21], [3, 22, 4, 23], [19, 1, 20, 24]]"
12n_0232_25,"[[19, 1, 20, 24], [21, 2, 22, 3], [4, 8, 5, 7], [6, 11, 7, 12], [8, 17, 9, 18], [10, 14, 11, 13], [12, 5, 13, 6], [23, 14, 24, 15], [1, 17, 2, 16], [18, 9, 19, 10], [15, 20, 16, 21], [3, 22, 4, 23]]"
12n_0232_26,"[[3, 22, 4, 23], [19, 1, 20, 24], [21, 2, 22, 3], [4, 8, 5, 7], [6, 11, 7, 12], [8, 17, 9, 18], [10, 14, 11, 13], [12, 5, 13, 6], [23, 14, 24, 15], [1, 17, 2, 16], [18, 9, 19, 10], [15, 20, 16, 21]]"
12n_0232_27,"[[15, 20, 16, 21], [3, 22, 4, 23], [19, 1, 20, 24], [21, 2, 22, 3], [4, 8, 5, 7], [6, 11, 7, 12], [8, 17, 9, 18], [10, 14, 11, 13], [12, 5, 13, 6], [23, 14, 24, 15], [1, 17, 2, 16], [18, 9, 19, 10]]"
12n_0232_28,"[[18, 9, 19, 10], [15, 20, 16, 21], [3, 22, 4, 23], [19, 1, 20, 24], [21, 2, 22, 3], [4, 8, 5, 7], [6, 11, 7, 12], [8, 17, 9, 18], [10, 14, 11, 13], [12, 5, 13, 6], [23, 14, 24, 15], [1, 17, 2, 16]]"
12n_0232_29,"[[1, 17, 2, 16], [18, 9, 19, 10], [15, 20, 16, 21], [3, 22, 4, 23], [19, 1, 20, 24], [21, 2, 22, 3], [4, 8, 5, 7], [6, 11, 7, 12], [8, 17, 9, 18], [10, 14, 11, 13], [12, 5, 13, 6], [23, 14, 24, 15]]"
12n_0232_30,"[[23, 14, 24, 15], [1, 17, 2, 16], [18, 9, 19, 10], [15, 20, 16, 21], [3, 22, 4, 23], [19, 1, 20, 24], [21, 2, 22, 3], [4, 8, 5, 7], [6, 11, 7, 12], [8, 17, 9, 18], [10, 14, 11, 13], [12, 5, 13, 6]]"
12n_0232_31,"[[12, 5, 13, 6], [23, 14, 24, 15], [1, 17, 2, 16], [18, 9, 19, 10], [15, 20, 16, 21], [3, 22, 4, 23], [19, 1, 20, 24], [21, 2, 22, 3], [4, 8, 5, 7], [6, 11, 7, 12], [8, 17, 9, 18], [10, 14, 11, 13]]"
12n_0232_32,"[[10, 14, 11, 13], [12, 5, 13, 6], [23, 14, 24, 15], [1, 17, 2, 16], [18, 9, 19, 10], [15, 20, 16, 21], [3, 22, 4, 23], [19, 1, 20, 24], [21, 2, 22, 3], [4, 8, 5, 7], [6, 11, 7, 12], [8, 17, 9, 18]]"
12n_0232_33,"[[8, 17, 9, 18], [10, 14, 11, 13], [12, 5, 13, 6], [23, 14, 24, 15], [1, 17, 2, 16], [18, 9, 19, 10], [15, 20, 16, 21], [3, 22, 4, 23], [19, 1, 20, 24], [21, 2, 22, 3], [4, 8, 5, 7], [6, 11, 7, 12]]"
12n_0232_34,"[[6, 11, 7, 12], [8, 17, 9, 18], [10, 14, 11, 13], [12, 5, 13, 6], [23, 14, 24, 15], [1, 17, 2, 16], [18, 9, 19, 10], [15, 20, 16, 21], [3, 22, 4, 23], [19, 1, 20, 24], [21, 2, 22, 3], [4, 8, 5, 7]]"
12n_0232_35,"[[4, 8, 5, 7], [6, 11, 7, 12], [8, 17, 9, 18], [10, 14, 11, 13], [12, 5, 13, 6], [23, 14, 24, 15], [1, 17, 2, 16], [18, 9, 19, 10], [15, 20, 16, 21], [3, 22, 4, 23], [19, 1, 20, 24], [21, 2, 22, 3]]"
12n_0232_36,"[[22, 3, 23, 4], [5, 9, 6, 8], [7, 12, 8, 13], [9, 18, 10, 19], [11, 15, 12, 14], [13, 6, 14, 7], [24, 15, 1, 16], [2, 18, 3, 17], [19, 10, 20, 11], [16, 21, 17, 22], [4, 23, 5, 24], [20, 2, 21, 1]]"
12n_0232_37,"[[20, 2, 21, 1], [22, 3, 23, 4], [5, 9, 6, 8], [7, 12, 8, 13], [9, 18, 10, 19], [11, 15, 12, 14], [13, 6, 14, 7], [24, 15, 1, 16], [2, 18, 3, 17], [19, 10, 20, 11], [16, 21, 17, 22], [4, 23, 5, 24]]"
12n_0232_38,"[[4, 23, 5, 24], [20, 2, 21, 1], [22, 3, 23, 4], [5, 9, 6, 8], [7, 12, 8, 13], [9, 18, 10, 19], [11, 15, 12, 14], [13, 6, 14, 7], [24, 15, 1, 16], [2, 18, 3, 17], [19, 10, 20, 11], [16, 21, 17, 22]]"
12n_0232_39,"[[16, 21, 17, 22], [4, 23, 5, 24], [20, 2, 21, 1], [22, 3, 23, 4], [5, 9, 6, 8], [7, 12, 8, 13], [9, 18, 10, 19], [11, 15, 12, 14], [13, 6, 14, 7], [24, 15, 1, 16], [2, 18, 3, 17], [19, 10, 20, 11]]"
12n_0232_40,"[[19, 10, 20, 11], [16, 21, 17, 22], [4, 23, 5, 24], [20, 2, 21, 1], [22, 3, 23, 4], [5, 9, 6, 8], [7, 12, 8, 13], [9, 18, 10, 19], [11, 15, 12, 14], [13, 6, 14, 7], [24, 15, 1, 16], [2, 18, 3, 17]]"
12n_0232_41,"[[2, 18, 3, 17], [19, 10, 20, 11], [16, 21, 17, 22], [4, 23, 5, 24], [20, 2, 21, 1], [22, 3, 23, 4], [5, 9, 6, 8], [7, 12, 8, 13], [9, 18, 10, 19], [11, 15, 12, 14], [13, 6, 14, 7], [24, 15, 1, 16]]"
12n_0232_42,"[[24, 15, 1, 16], [2, 18, 3, 17], [19, 10, 20, 11], [16, 21, 17, 22], [4, 23, 5, 24], [20, 2, 21, 1], [22, 3, 23, 4], [5, 9, 6, 8], [7, 12, 8, 13], [9, 18, 10, 19], [11, 15, 12, 14], [13, 6, 14, 7]]"
12n_0232_43,"[[13, 6, 14, 7], [24, 15, 1, 16], [2, 18, 3, 17], [19, 10, 20, 11], [16, 21, 17, 22], [4, 23, 5, 24], [20, 2, 21, 1], [22, 3, 23, 4], [5, 9, 6, 8], [7, 12, 8, 13], [9, 18, 10, 19], [11, 15, 12, 14]]"
12n_0232_44,"[[11, 15, 12, 14], [13, 6, 14, 7], [24, 15, 1, 16], [2, 18, 3, 17], [19, 10, 20, 11], [16, 21, 17, 22], [4, 23, 5, 24], [20, 2, 21, 1], [22, 3, 23, 4], [5, 9, 6, 8], [7, 12, 8, 13], [9, 18, 10, 19]]"
12n_0232_45,"[[9, 18, 10, 19], [11, 15, 12, 14], [13, 6, 14, 7], [24, 15, 1, 16], [2, 18, 3, 17], [19, 10, 20, 11], [16, 21, 17, 22], [4, 23, 5, 24], [20, 2, 21, 1], [22, 3, 23, 4], [5, 9, 6, 8], [7, 12, 8, 13]]"
12n_0232_46,"[[7, 12, 8, 13], [9, 18, 10, 19], [11, 15, 12, 14], [13, 6, 14, 7], [24, 15, 1, 16], [2, 18, 3, 17], [19, 10, 20, 11], [16, 21, 17, 22], [4, 23, 5, 24], [20, 2, 21, 1], [22, 3, 23, 4], [5, 9, 6, 8]]"
12n_0232_47,"[[5, 9, 6, 8], [7, 12, 8, 13], [9, 18, 10, 19], [11, 15, 12, 14], [13, 6, 14, 7], [24, 15, 1, 16], [2, 18, 3, 17], [19, 10, 20, 11], [16, 21, 17, 22], [4, 23, 5, 24], [20, 2, 21, 1], [22, 3, 23, 4]]"
12n_0232_48,"[[23, 4, 24, 5], [6, 10, 7, 9], [8, 13, 9, 14], [10, 19, 11, 20], [12, 16, 13, 15], [14, 7, 15, 8], [1, 16, 2, 17], [3, 19, 4, 18], [20, 11, 21, 12], [17, 22, 18, 23], [5, 24, 6, 1], [21, 3, 22, 2]]"
12n_0232_49,"[[21, 3, 22, 2], [23, 4, 24, 5], [6, 10, 7, 9], [8, 13, 9, 14], [10, 19, 11, 20], [12, 16, 13, 15], [14, 7, 15, 8], [1, 16, 2, 17], [3, 19, 4, 18], [20, 11, 21, 12], [17, 22, 18, 23], [5, 24, 6, 1]]"
12n_0232_50,"[[5, 24, 6, 1], [21, 3, 22, 2], [23, 4, 24, 5], [6, 10, 7, 9], [8, 13, 9, 14], [10, 19, 11, 20], [12, 16, 13, 15], [14, 7, 15, 8], [1, 16, 2, 17], [3, 19, 4, 18], [20, 11, 21, 12], [17, 22, 18, 23]]"
12n_0232_51,"[[17, 22, 18, 23], [5, 24, 6, 1], [21, 3, 22, 2], [23, 4, 24, 5], [6, 10, 7, 9], [8, 13, 9, 14], [10, 19, 11, 20], [12, 16, 13, 15], [14, 7, 15, 8], [1, 16, 2, 17], [3, 19, 4, 18], [20, 11, 21, 12]]"
12n_0232_52,"[[20, 11, 21, 12], [17, 22, 18, 23], [5, 24, 6, 1], [21, 3, 22, 2], [23, 4, 24, 5], [6, 10, 7, 9], [8, 13, 9, 14], [10, 19, 11, 20], [12, 16, 13, 15], [14, 7, 15, 8], [1, 16, 2, 17], [3, 19, 4, 18]]"
12n_0232_53,"[[3, 19, 4, 18], [20, 11, 21, 12], [17, 22, 18, 23], [5, 24, 6, 1], [21, 3, 22, 2], [23, 4, 24, 5], [6, 10, 7, 9], [8, 13, 9, 14], [10, 19, 11, 20], [12, 16, 13, 15], [14, 7, 15, 8], [1, 16, 2, 17]]"
12n_0232_54,"[[1, 16, 2, 17], [3, 19, 4, 18], [20, 11, 21, 12], [17, 22, 18, 23], [5, 24, 6, 1], [21, 3, 22, 2], [23, 4, 24, 5], [6, 10, 7, 9], [8, 13, 9, 14], [10, 19, 11, 20], [12, 16, 13, 15], [14, 7, 15, 8]]"
12n_0232_55,"[[14, 7, 15, 8], [1, 16, 2, 17], [3, 19, 4, 18], [20, 11, 21, 12], [17, 22, 18, 23], [5, 24, 6, 1], [21, 3, 22, 2], [23, 4, 24, 5], [6, 10, 7, 9], [8, 13, 9, 14], [10, 19, 11, 20], [12, 16, 13, 15]]"
12n_0232_56,"[[12, 16, 13, 15], [14, 7, 15, 8], [1, 16, 2, 17], [3, 19, 4, 18], [20, 11, 21, 12], [17, 22, 18, 23], [5, 24, 6, 1], [21, 3, 22, 2], [23, 4, 24, 5], [6, 10, 7, 9], [8, 13, 9, 14], [10, 19, 11, 20]]"
12n_0232_57,"[[10, 19, 11, 20], [12, 16, 13, 15], [14, 7, 15, 8], [1, 16, 2, 17], [3, 19, 4, 18], [20, 11, 21, 12], [17, 22, 18, 23], [5, 24, 6, 1], [21, 3, 22, 2], [23, 4, 24, 5], [6, 10, 7, 9], [8, 13, 9, 14]]"
12n_0232_58,"[[8, 13, 9, 14], [10, 19, 11, 20], [12, 16, 13, 15], [14, 7, 15, 8], [1, 16, 2, 17], [3, 19, 4, 18], [20, 11, 21, 12], [17, 22, 18, 23], [5, 24, 6, 1], [21, 3, 22, 2], [23, 4, 24, 5], [6, 10, 7, 9]]"
12n_0232_59,"[[6, 10, 7, 9], [8, 13, 9, 14], [10, 19, 11, 20], [12, 16, 13, 15], [14, 7, 15, 8], [1, 16, 2, 17], [3, 19, 4, 18], [20, 11, 21, 12], [17, 22, 18, 23], [5, 24, 6, 1], [21, 3, 22, 2], [23, 4, 24, 5]]"
12n_0232_60,"[[24, 5, 1, 6], [7, 11, 8, 10], [9, 14, 10, 15], [11, 20, 12, 21], [13, 17, 14, 16], [15, 8, 16, 9], [2, 17, 3, 18], [4, 20, 5, 19], [21, 12, 22, 13], [18, 23, 19, 24], [6, 1, 7, 2], [22, 4, 23, 3]]"
12n_0232_61,"[[22, 4, 23, 3], [24, 5, 1, 6], [7, 11, 8, 10], [9, 14, 10, 15], [11, 20, 12, 21], [13, 17, 14, 16], [15, 8, 16, 9], [2, 17, 3, 18], [4, 20, 5, 19], [21, 12, 22, 13], [18, 23, 19, 24], [6, 1, 7, 2]]"
12n_0232_62,"[[6, 1, 7, 2], [22, 4, 23, 3], [24, 5, 1, 6], [7, 11, 8, 10], [9, 14, 10, 15], [11, 20, 12, 21], [13, 17, 14, 16], [15, 8, 16, 9], [2, 17, 3, 18], [4, 20, 5, 19], [21, 12, 22, 13], [18, 23, 19, 24]]"
12n_0232_63,"[[18, 23, 19, 24], [6, 1, 7, 2], [22, 4, 23, 3], [24, 5, 1, 6], [7, 11, 8, 10], [9, 14, 10, 15], [11, 20, 12, 21], [13, 17, 14, 16], [15, 8, 16, 9], [2, 17, 3, 18], [4, 20, 5, 19], [21, 12, 22, 13]]"
12n_0232_64,"[[21, 12, 22, 13], [18, 23, 19, 24], [6, 1, 7, 2], [22, 4, 23, 3], [24, 5, 1, 6], [7, 11, 8, 10], [9, 14, 10, 15], [11, 20, 12, 21], [13, 17, 14, 16], [15, 8, 16, 9], [2, 17, 3, 18], [4, 20, 5, 19]]"
12n_0232_65,"[[4, 20, 5, 19], [21, 12, 22, 13], [18, 23, 19, 24], [6, 1, 7, 2], [22, 4, 23, 3], [24, 5, 1, 6], [7, 11, 8, 10], [9, 14, 10, 15], [11, 20, 12, 21], [13, 17, 14, 16], [15, 8, 16, 9], [2, 17, 3, 18]]"
12n_0232_66,"[[2, 17, 3, 18], [4, 20, 5, 19], [21, 12, 22, 13], [18, 23, 19, 24], [6, 1, 7, 2], [22, 4, 23, 3], [24, 5, 1, 6], [7, 11, 8, 10], [9, 14, 10, 15], [11, 20, 12, 21], [13, 17, 14, 16], [15, 8, 16, 9]]"
12n_0232_67,"[[15, 8, 16, 9], [2, 17, 3, 18], [4, 20, 5, 19], [21, 12, 22, 13], [18, 23, 19, 24], [6, 1, 7, 2], [22, 4, 23, 3], [24, 5, 1, 6], [7, 11, 8, 10], [9, 14, 10, 15], [11, 20, 12, 21], [13, 17, 14, 16]]"
12n_0232_68,"[[13, 17, 14, 16], [15, 8, 16, 9], [2, 17, 3, 18], [4, 20, 5, 19], [21, 12, 22, 13], [18, 23, 19, 24], [6, 1, 7, 2], [22, 4, 23, 3], [24, 5, 1, 6], [7, 11, 8, 10], [9, 14, 10, 15], [11, 20, 12, 21]]"
12n_0232_69,"[[11, 20, 12, 21], [13, 17, 14, 16], [15, 8, 16, 9], [2, 17, 3, 18], [4, 20, 5, 19], [21, 12, 22, 13], [18, 23, 19, 24], [6, 1, 7, 2], [22, 4, 23, 3], [24, 5, 1, 6], [7, 11, 8, 10], [9, 14, 10, 15]]"
12n_0232_70,"[[9, 14, 10, 15], [11, 20, 12, 21], [13, 17, 14, 16], [15, 8, 16, 9], [2, 17, 3, 18], [4, 20, 5, 19], [21, 12, 22, 13], [18, 23, 19, 24], [6, 1, 7, 2], [22, 4, 23, 3], [24, 5, 1, 6], [7, 11, 8, 10]]"
12n_0232_71,"[[7, 11, 8, 10], [9, 14, 10, 15], [11, 20, 12, 21], [13, 17, 14, 16], [15, 8, 16, 9], [2, 17, 3, 18], [4, 20, 5, 19], [21, 12, 22, 13], [18, 23, 19, 24], [6, 1, 7, 2], [22, 4, 23, 3], [24, 5, 1, 6]]"
12n_0232_72,"[[1, 6, 2, 7], [8, 12, 9, 11], [10, 15, 11, 16], [12, 21, 13, 22], [14, 18, 15, 17], [16, 9, 17, 10], [3, 18, 4, 19], [5, 21, 6, 20], [22, 13, 23, 14], [19, 24, 20, 1], [7, 2, 8, 3], [23, 5, 24, 4]]"
12n_0232_73,"[[23, 5, 24, 4], [1, 6, 2, 7], [8, 12, 9, 11], [10, 15, 11, 16], [12, 21, 13, 22], [14, 18, 15, 17], [16, 9, 17, 10], [3, 18, 4, 19], [5, 21, 6, 20], [22, 13, 23, 14], [19, 24, 20, 1], [7, 2, 8, 3]]"
12n_0232_74,"[[7, 2, 8, 3], [23, 5, 24, 4], [1, 6, 2, 7], [8, 12, 9, 11], [10, 15, 11, 16], [12, 21, 13, 22], [14, 18, 15, 17], [16, 9, 17, 10], [3, 18, 4, 19], [5, 21, 6, 20], [22, 13, 23, 14], [19, 24, 20, 1]]"
12n_0232_75,"[[19, 24, 20, 1], [7, 2, 8, 3], [23, 5, 24, 4], [1, 6, 2, 7], [8, 12, 9, 11], [10, 15, 11, 16], [12, 21, 13, 22], [14, 18, 15, 17], [16, 9, 17, 10], [3, 18, 4, 19], [5, 21, 6, 20], [22, 13, 23, 14]]"
12n_0232_76,"[[22, 13, 23, 14], [19, 24, 20, 1], [7, 2, 8, 3], [23, 5, 24, 4], [1, 6, 2, 7], [8, 12, 9, 11], [10, 15, 11, 16], [12, 21, 13, 22], [14, 18, 15, 17], [16, 9, 17, 10], [3, 18, 4, 19], [5, 21, 6, 20]]"
12n_0232_77,"[[5, 21, 6, 20], [22, 13, 23, 14], [19, 24, 20, 1], [7, 2, 8, 3], [23, 5, 24, 4], [1, 6, 2, 7], [8, 12, 9, 11], [10, 15, 11, 16], [12, 21, 13, 22], [14, 18, 15, 17], [16, 9, 17, 10], [3, 18, 4, 19]]"
12n_0232_78,"[[3, 18, 4, 19], [5, 21, 6, 20], [22, 13, 23, 14], [19, 24, 20, 1], [7, 2, 8, 3], [23, 5, 24, 4], [1, 6, 2, 7], [8, 12, 9, 11], [10, 15, 11, 16], [12, 21, 13, 22], [14, 18, 15, 17], [16, 9, 17, 10]]"
12n_0232_79,"[[16, 9, 17, 10], [3, 18, 4, 19], [5, 21, 6, 20], [22, 13, 23, 14], [19, 24, 20, 1], [7, 2, 8, 3], [23, 5, 24, 4], [1, 6, 2, 7], [8, 12, 9, 11], [10, 15, 11, 16], [12, 21, 13, 22], [14, 18, 15, 17]]"
12n_0232_80,"[[14, 18, 15, 17], [16, 9, 17, 10], [3, 18, 4, 19], [5, 21, 6, 20], [22, 13, 23, 14], [19, 24, 20, 1], [7, 2, 8, 3], [23, 5, 24, 4], [1, 6, 2, 7], [8, 12, 9, 11], [10, 15, 11, 16], [12, 21, 13, 22]]"
12n_0232_81,"[[12, 21, 13, 22], [14, 18, 15, 17], [16, 9, 17, 10], [3, 18, 4, 19], [5, 21, 6, 20], [22, 13, 23, 14], [19, 24, 20, 1], [7, 2, 8, 3], [23, 5, 24, 4], [1, 6, 2, 7], [8, 12, 9, 11], [10, 15, 11, 16]]"
12n_0232_82,"[[10, 15, 11, 16], [12, 21, 13, 22], [14, 18, 15, 17], [16, 9, 17, 10], [3, 18, 4, 19], [5, 21, 6, 20], [22, 13, 23, 14], [19, 24, 20, 1], [7, 2, 8, 3], [23, 5, 24, 4], [1, 6, 2, 7], [8, 12, 9, 11]]"
12n_0232_83,"[[8, 12, 9, 11], [10, 15, 11, 16], [12, 21, 13, 22], [14, 18, 15, 17], [16, 9, 17, 10], [3, 18, 4, 19], [5, 21, 6, 20], [22, 13, 23, 14], [19, 24, 20, 1], [7, 2, 8, 3], [23, 5, 24, 4], [1, 6, 2, 7]]"
12n_0232_84,"[[2, 7, 3, 8], [9, 13, 10, 12], [11, 16, 12, 17], [13, 22, 14, 23], [15, 19, 16, 18], [17, 10, 18, 11], [4, 19, 5, 20], [6, 22, 7, 21], [23, 14, 24, 15], [20, 1, 21, 2], [8, 3, 9, 4], [24, 6, 1, 5]]"
12n_0232_85,"[[24, 6, 1, 5], [2, 7, 3, 8], [9, 13, 10, 12], [11, 16, 12, 17], [13, 22, 14, 23], [15, 19, 16, 18], [17, 10, 18, 11], [4, 19, 5, 20], [6, 22, 7, 21], [23, 14, 24, 15], [20, 1, 21, 2], [8, 3, 9, 4]]"
12n_0232_86,"[[8, 3, 9, 4], [24, 6, 1, 5], [2, 7, 3, 8], [9, 13, 10, 12], [11, 16, 12, 17], [13, 22, 14, 23], [15, 19, 16, 18], [17, 10, 18, 11], [4, 19, 5, 20], [6, 22, 7, 21], [23, 14, 24, 15], [20, 1, 21, 2]]"
12n_0232_87,"[[20, 1, 21, 2], [8, 3, 9, 4], [24, 6, 1, 5], [2, 7, 3, 8], [9, 13, 10, 12], [11, 16, 12, 17], [13, 22, 14, 23], [15, 19, 16, 18], [17, 10, 18, 11], [4, 19, 5, 20], [6, 22, 7, 21], [23, 14, 24, 15]]"
12n_0232_88,"[[23, 14, 24, 15], [20, 1, 21, 2], [8, 3, 9, 4], [24, 6, 1, 5], [2, 7, 3, 8], [9, 13, 10, 12], [11, 16, 12, 17], [13, 22, 14, 23], [15, 19, 16, 18], [17, 10, 18, 11], [4, 19, 5, 20], [6, 22, 7, 21]]"
12n_0232_89,"[[6, 22, 7, 21], [23, 14, 24, 15], [20, 1, 21, 2], [8, 3, 9, 4], [24, 6, 1, 5], [2, 7, 3, 8], [9, 13, 10, 12], [11, 16, 12, 17], [13, 22, 14, 23], [15, 19, 16, 18], [17, 10, 18, 11], [4, 19, 5, 20]]"
12n_0232_90,"[[4, 19, 5, 20], [6, 22, 7, 21], [23, 14, 24, 15], [20, 1, 21, 2], [8, 3, 9, 4], [24, 6, 1, 5], [2, 7, 3, 8], [9, 13, 10, 12], [11, 16, 12, 17], [13, 22, 14, 23], [15, 19, 16, 18], [17, 10, 18, 11]]"
12n_0232_91,"[[17, 10, 18, 11], [4, 19, 5, 20], [6, 22, 7, 21], [23, 14, 24, 15], [20, 1, 21, 2], [8, 3, 9, 4], [24, 6, 1, 5], [2, 7, 3, 8], [9, 13, 10, 12], [11, 16, 12, 17], [13, 22, 14, 23], [15, 19, 16, 18]]"
12n_0232_92,"[[15, 19, 16, 18], [17, 10, 18, 11], [4, 19, 5, 20], [6, 22, 7, 21], [23, 14, 24, 15], [20, 1, 21, 2], [8, 3, 9, 4], [24, 6, 1, 5], [2, 7, 3, 8], [9, 13, 10, 12], [11, 16, 12, 17], [13, 22, 14, 23]]"
12n_0232_93,"[[13, 22, 14, 23], [15, 19, 16, 18], [17, 10, 18, 11], [4, 19, 5, 20], [6, 22, 7, 21], [23, 14, 24, 15], [20, 1, 21, 2], [8, 3, 9, 4], [24, 6, 1, 5], [2, 7, 3, 8], [9, 13, 10, 12], [11, 16, 12, 17]]"
12n_0232_94,"[[11, 16, 12, 17], [13, 22, 14, 23], [15, 19, 16, 18], [17, 10, 18, 11], [4, 19, 5, 20], [6, 22, 7, 21], [23, 14, 24, 15], [20, 1, 21, 2], [8, 3, 9, 4], [24, 6, 1, 5], [2, 7, 3, 8], [9, 13, 10, 12]]"
12n_0232_95,"[[9, 13, 10, 12], [11, 16, 12, 17], [13, 22, 14, 23], [15, 19, 16, 18], [17, 10, 18, 11], [4, 19, 5, 20], [6, 22, 7, 21], [23, 14, 24, 15], [20, 1, 21, 2], [8, 3, 9, 4], [24, 6, 1, 5], [2, 7, 3, 8]]"
12n_0232_96,"[[3, 8, 4, 9], [10, 14, 11, 13], [12, 17, 13, 18], [14, 23, 15, 24], [16, 20, 17, 19], [18, 11, 19, 12], [5, 20, 6, 21], [7, 23, 8, 22], [24, 15, 1, 16], [21, 2, 22, 3], [9, 4, 10, 5], [1, 7, 2, 6]]"
12n_0232_97,"[[1, 7, 2, 6], [3, 8, 4, 9], [10, 14, 11, 13], [12, 17, 13, 18], [14, 23, 15, 24], [16, 20, 17, 19], [18, 11, 19, 12], [5, 20, 6, 21], [7, 23, 8, 22], [24, 15, 1, 16], [21, 2, 22, 3], [9, 4, 10, 5]]"
12n_0232_98,"[[9, 4, 10, 5], [1, 7, 2, 6], [3, 8, 4, 9], [10, 14, 11, 13], [12, 17, 13, 18], [14, 23, 15, 24], [16, 20, 17, 19], [18, 11, 19, 12], [5, 20, 6, 21], [7, 23, 8, 22], [24, 15, 1, 16], [21, 2, 22, 3]]"
12n_0232_99,"[[21, 2, 22, 3], [9, 4, 10, 5], [1, 7, 2, 6], [3, 8, 4, 9], [10, 14, 11, 13], [12, 17, 13, 18], [14, 23, 15, 24], [16, 20, 17, 19], [18, 11, 19, 12], [5, 20, 6, 21], [7, 23, 8, 22], [24, 15, 1, 16]]"
12n_0232_100,"[[24, 15, 1, 16], [21, 2, 22, 3], [9, 4, 10, 5], [1, 7, 2, 6], [3, 8, 4, 9], [10, 14, 11, 13], [12, 17, 13, 18], [14, 23, 15, 24], [16, 20, 17, 19], [18, 11, 19, 12], [5, 20, 6, 21], [7, 23, 8, 22]]"
12n_0232_101,"[[7, 23, 8, 22], [24, 15, 1, 16], [21, 2, 22, 3], [9, 4, 10, 5], [1, 7, 2, 6], [3, 8, 4, 9], [10, 14, 11, 13], [12, 17, 13, 18], [14, 23, 15, 24], [16, 20, 17, 19], [18, 11, 19, 12], [5, 20, 6, 21]]"
12n_0232_102,"[[5, 20, 6, 21], [7, 23, 8, 22], [24, 15, 1, 16], [21, 2, 22, 3], [9, 4, 10, 5], [1, 7, 2, 6], [3, 8, 4, 9], [10, 14, 11, 13], [12, 17, 13, 18], [14, 23, 15, 24], [16, 20, 17, 19], [18, 11, 19, 12]]"
12n_0232_103,"[[18, 11, 19, 12], [5, 20, 6, 21], [7, 23, 8, 22], [24, 15, 1, 16], [21, 2, 22, 3], [9, 4, 10, 5], [1, 7, 2, 6], [3, 8, 4, 9], [10, 14, 11, 13], [12, 17, 13, 18], [14, 23, 15, 24], [16, 20, 17, 19]]"
12n_0232_104,"[[16, 20, 17, 19], [18, 11, 19, 12], [5, 20, 6, 21], [7, 23, 8, 22], [24, 15, 1, 16], [21, 2, 22, 3], [9, 4, 10, 5], [1, 7, 2, 6], [3, 8, 4, 9], [10, 14, 11, 13], [12, 17, 13, 18], [14, 23, 15, 24]]"
12n_0232_105,"[[14, 23, 15, 24], [16, 20, 17, 19], [18, 11, 19, 12], [5, 20, 6, 21], [7, 23, 8, 22], [24, 15, 1, 16], [21, 2, 22, 3], [9, 4, 10, 5], [1, 7, 2, 6], [3, 8, 4, 9], [10, 14, 11, 13], [12, 17, 13, 18]]"
12n_0232_106,"[[12, 17, 13, 18], [14, 23, 15, 24], [16, 20, 17, 19], [18, 11, 19, 12], [5, 20, 6, 21], [7, 23, 8, 22], [24, 15, 1, 16], [21, 2, 22, 3], [9, 4, 10, 5], [1, 7, 2, 6], [3, 8, 4, 9], [10, 14, 11, 13]]"
12n_0232_107,"[[10, 14, 11, 13], [12, 17, 13, 18], [14, 23, 15, 24], [16, 20, 17, 19], [18, 11, 19, 12], [5, 20, 6, 21], [7, 23, 8, 22], [24, 15, 1, 16], [21, 2, 22, 3], [9, 4, 10, 5], [1, 7, 2, 6], [3, 8, 4, 9]]"
12n_0232_108,"[[4, 9, 5, 10], [11, 15, 12, 14], [13, 18, 14, 19], [15, 24, 16, 1], [17, 21, 18, 20], [19, 12, 20, 13], [6, 21, 7, 22], [8, 24, 9, 23], [1, 16, 2, 17], [22, 3, 23, 4], [10, 5, 11, 6], [2, 8, 3, 7]]"
12n_0232_109,"[[2, 8, 3, 7], [4, 9, 5, 10], [11, 15, 12, 14], [13, 18, 14, 19], [15, 24, 16, 1], [17, 21, 18, 20], [19, 12, 20, 13], [6, 21, 7, 22], [8, 24, 9, 23], [1, 16, 2, 17], [22, 3, 23, 4], [10, 5, 11, 6]]"
12n_0232_110,"[[10, 5, 11, 6], [2, 8, 3, 7], [4, 9, 5, 10], [11, 15, 12, 14], [13, 18, 14, 19], [15, 24, 16, 1], [17, 21, 18, 20], [19, 12, 20, 13], [6, 21, 7, 22], [8, 24, 9, 23], [1, 16, 2, 17], [22, 3, 23, 4]]"
12n_0232_111,"[[22, 3, 23, 4], [10, 5, 11, 6], [2, 8, 3, 7], [4, 9, 5, 10], [11, 15, 12, 14], [13, 18, 14, 19], [15, 24, 16, 1], [17, 21, 18, 20], [19, 12, 20, 13], [6, 21, 7, 22], [8, 24, 9, 23], [1, 16, 2, 17]]"
12n_0232_112,"[[1, 16, 2, 17], [22, 3, 23, 4], [10, 5, 11, 6], [2, 8, 3, 7], [4, 9, 5, 10], [11, 15, 12, 14], [13, 18, 14, 19], [15, 24, 16, 1], [17, 21, 18, 20], [19, 12, 20, 13], [6, 21, 7, 22], [8, 24, 9, 23]]"
12n_0232_113,"[[8, 24, 9, 23], [1, 16, 2, 17], [22, 3, 23, 4], [10, 5, 11, 6], [2, 8, 3, 7], [4, 9, 5, 10], [11, 15, 12, 14], [13, 18, 14, 19], [15, 24, 16, 1], [17, 21, 18, 20], [19, 12, 20, 13], [6, 21, 7, 22]]"
12n_0232_114,"[[6, 21, 7, 22], [8, 24, 9, 23], [1, 16, 2, 17], [22, 3, 23, 4], [10, 5, 11, 6], [2, 8, 3, 7], [4, 9, 5, 10], [11, 15, 12, 14], [13, 18, 14, 19], [15, 24, 16, 1], [17, 21, 18, 20], [19, 12, 20, 13]]"
12n_0232_115,"[[19, 12, 20, 13], [6, 21, 7, 22], [8, 24, 9, 23], [1, 16, 2, 17], [22, 3, 23, 4], [10, 5, 11, 6], [2, 8, 3, 7], [4, 9, 5, 10], [11, 15, 12, 14], [13, 18, 14, 19], [15, 24, 16, 1], [17, 21, 18, 20]]"
12n_0232_116,"[[17, 21, 18, 20], [19, 12, 20, 13], [6, 21, 7, 22], [8, 24, 9, 23], [1, 16, 2, 17], [22, 3, 23, 4], [10, 5, 11, 6], [2, 8, 3, 7], [4, 9, 5, 10], [11, 15, 12, 14], [13, 18, 14, 19], [15, 24, 16, 1]]"
12n_0232_117,"[[15, 24, 16, 1], [17, 21, 18, 20], [19, 12, 20, 13], [6, 21, 7, 22], [8, 24, 9, 23], [1, 16, 2, 17], [22, 3, 23, 4], [10, 5, 11, 6], [2, 8, 3, 7], [4, 9, 5, 10], [11, 15, 12, 14], [13, 18, 14, 19]]"
12n_0232_118,"[[13, 18, 14, 19], [15, 24, 16, 1], [17, 21, 18, 20], [19, 12, 20, 13], [6, 21, 7, 22], [8, 24, 9, 23], [1, 16, 2, 17], [22, 3, 23, 4], [10, 5, 11, 6], [2, 8, 3, 7], [4, 9, 5, 10], [11, 15, 12, 14]]"
12n_0232_119,"[[11, 15, 12, 14], [13, 18, 14, 19], [15, 24, 16, 1], [17, 21, 18, 20], [19, 12, 20, 13], [6, 21, 7, 22], [8, 24, 9, 23], [1, 16, 2, 17], [22, 3, 23, 4], [10, 5, 11, 6], [2, 8, 3, 7], [4, 9, 5, 10]]"
12n_0232_120,"[[5, 10, 6, 11], [12, 16, 13, 15], [14, 19, 15, 20], [16, 1, 17, 2], [18, 22, 19, 21], [20, 13, 21, 14], [7, 22, 8, 23], [9, 1, 10, 24], [2, 17, 3, 18], [23, 4, 24, 5], [11, 6, 12, 7], [3, 9, 4, 8]]"
12n_0232_121,"[[3, 9, 4, 8], [5, 10, 6, 11], [12, 16, 13, 15], [14, 19, 15, 20], [16, 1, 17, 2], [18, 22, 19, 21], [20, 13, 21, 14], [7, 22, 8, 23], [9, 1, 10, 24], [2, 17, 3, 18], [23, 4, 24, 5], [11, 6, 12, 7]]"
12n_0232_122,"[[11, 6, 12, 7], [3, 9, 4, 8], [5, 10, 6, 11], [12, 16, 13, 15], [14, 19, 15, 20], [16, 1, 17, 2], [18, 22, 19, 21], [20, 13, 21, 14], [7, 22, 8, 23], [9, 1, 10, 24], [2, 17, 3, 18], [23, 4, 24, 5]]"
12n_0232_123,"[[23, 4, 24, 5], [11, 6, 12, 7], [3, 9, 4, 8], [5, 10, 6, 11], [12, 16, 13, 15], [14, 19, 15, 20], [16, 1, 17, 2], [18, 22, 19, 21], [20, 13, 21, 14], [7, 22, 8, 23], [9, 1, 10, 24], [2, 17, 3, 18]]"
12n_0232_124,"[[2, 17, 3, 18], [23, 4, 24, 5], [11, 6, 12, 7], [3, 9, 4, 8], [5, 10, 6, 11], [12, 16, 13, 15], [14, 19, 15, 20], [16, 1, 17, 2], [18, 22, 19, 21], [20, 13, 21, 14], [7, 22, 8, 23], [9, 1, 10, 24]]"
12n_0232_125,"[[9, 1, 10, 24], [2, 17, 3, 18], [23, 4, 24, 5], [11, 6, 12, 7], [3, 9, 4, 8], [5, 10, 6, 11], [12, 16, 13, 15], [14, 19, 15, 20], [16, 1, 17, 2], [18, 22, 19, 21], [20, 13, 21, 14], [7, 22, 8, 23]]"
12n_0232_126,"[[7, 22, 8, 23], [9, 1, 10, 24], [2, 17, 3, 18], [23, 4, 24, 5], [11, 6, 12, 7], [3, 9, 4, 8], [5, 10, 6, 11], [12, 16, 13, 15], [14, 19, 15, 20], [16, 1, 17, 2], [18, 22, 19, 21], [20, 13, 21, 14]]"
12n_0232_127,"[[20, 13, 21, 14], [7, 22, 8, 23], [9, 1, 10, 24], [2, 17, 3, 18], [23, 4, 24, 5], [11, 6, 12, 7], [3, 9, 4, 8], [5, 10, 6, 11], [12, 16, 13, 15], [14, 19, 15, 20], [16, 1, 17, 2], [18, 22, 19, 21]]"
12n_0232_128,"[[18, 22, 19, 21], [20, 13, 21, 14], [7, 22, 8, 23], [9, 1, 10, 24], [2, 17, 3, 18], [23, 4, 24, 5], [11, 6, 12, 7], [3, 9, 4, 8], [5, 10, 6, 11], [12, 16, 13, 15], [14, 19, 15, 20], [16, 1, 17, 2]]"
12n_0232_129,"[[16, 1, 17, 2], [18, 22, 19, 21], [20, 13, 21, 14], [7, 22, 8, 23], [9, 1, 10, 24], [2, 17, 3, 18], [23, 4, 24, 5], [11, 6, 12, 7], [3, 9, 4, 8], [5, 10, 6, 11], [12, 16, 13, 15], [14, 19, 15, 20]]"
12n_0232_130,"[[14, 19, 15, 20], [16, 1, 17, 2], [18, 22, 19, 21], [20, 13, 21, 14], [7, 22, 8, 23], [9, 1, 10, 24], [2, 17, 3, 18], [23, 4, 24, 5], [11, 6, 12, 7], [3, 9, 4, 8], [5, 10, 6, 11], [12, 16, 13, 15]]"
12n_0232_131,"[[12, 16, 13, 15], [14, 19, 15, 20], [16, 1, 17, 2], [18, 22, 19, 21], [20, 13, 21, 14], [7, 22, 8, 23], [9, 1, 10, 24], [2, 17, 3, 18], [23, 4, 24, 5], [11, 6, 12, 7], [3, 9, 4, 8], [5, 10, 6, 11]]"
12n_0232_132,"[[6, 11, 7, 12], [13, 17, 14, 16], [15, 20, 16, 21], [17, 2, 18, 3], [19, 23, 20, 22], [21, 14, 22, 15], [8, 23, 9, 24], [10, 2, 11, 1], [3, 18, 4, 19], [24, 5, 1, 6], [12, 7, 13, 8], [4, 10, 5, 9]]"
12n_0232_133,"[[4, 10, 5, 9], [6, 11, 7, 12], [13, 17, 14, 16], [15, 20, 16, 21], [17, 2, 18, 3], [19, 23, 20, 22], [21, 14, 22, 15], [8, 23, 9, 24], [10, 2, 11, 1], [3, 18, 4, 19], [24, 5, 1, 6], [12, 7, 13, 8]]"
12n_0232_134,"[[12, 7, 13, 8], [4, 10, 5, 9], [6, 11, 7, 12], [13, 17, 14, 16], [15, 20, 16, 21], [17, 2, 18, 3], [19, 23, 20, 22], [21, 14, 22, 15], [8, 23, 9, 24], [10, 2, 11, 1], [3, 18, 4, 19], [24, 5, 1, 6]]"
12n_0232_135,"[[24, 5, 1, 6], [12, 7, 13, 8], [4, 10, 5, 9], [6, 11, 7, 12], [13, 17, 14, 16], [15, 20, 16, 21], [17, 2, 18, 3], [19, 23, 20, 22], [21, 14, 22, 15], [8, 23, 9, 24], [10, 2, 11, 1], [3, 18, 4, 19]]"
12n_0232_136,"[[3, 18, 4, 19], [24, 5, 1, 6], [12, 7, 13, 8], [4, 10, 5, 9], [6, 11, 7, 12], [13, 17, 14, 16], [15, 20, 16, 21], [17, 2, 18, 3], [19, 23, 20, 22], [21, 14, 22, 15], [8, 23, 9, 24], [10, 2, 11, 1]]"
12n_0232_137,"[[10, 2, 11, 1], [3, 18, 4, 19], [24, 5, 1, 6], [12, 7, 13, 8], [4, 10, 5, 9], [6, 11, 7, 12], [13, 17, 14, 16], [15, 20, 16, 21], [17, 2, 18, 3], [19, 23, 20, 22], [21, 14, 22, 15], [8, 23, 9, 24]]"
12n_0232_138,"[[8, 23, 9, 24], [10, 2, 11, 1], [3, 18, 4, 19], [24, 5, 1, 6], [12, 7, 13, 8], [4, 10, 5, 9], [6, 11, 7, 12], [13, 17, 14, 16], [15, 20, 16, 21], [17, 2, 18, 3], [19, 23, 20, 22], [21, 14, 22, 15]]"
12n_0232_139,"[[21, 14, 22, 15], [8, 23, 9, 24], [10, 2, 11, 1], [3, 18, 4, 19], [24, 5, 1, 6], [12, 7, 13, 8], [4, 10, 5, 9], [6, 11, 7, 12], [13, 17, 14, 16], [15, 20, 16, 21], [17, 2, 18, 3], [19, 23, 20, 22]]"
12n_0232_140,"[[19, 23, 20, 22], [21, 14, 22, 15], [8, 23, 9, 24], [10, 2, 11, 1], [3, 18, 4, 19], [24, 5, 1, 6], [12, 7, 13, 8], [4, 10, 5, 9], [6, 11, 7, 12], [13, 17, 14, 16], [15, 20, 16, 21], [17, 2, 18, 3]]"
12n_0232_141,"[[17, 2, 18, 3], [19, 23, 20, 22], [21, 14, 22, 15], [8, 23, 9, 24], [10, 2, 11, 1], [3, 18, 4, 19], [24, 5, 1, 6], [12, 7, 13, 8], [4, 10, 5, 9], [6, 11, 7, 12], [13, 17, 14, 16], [15, 20, 16, 21]]"
12n_0232_142,"[[15, 20, 16, 21], [17, 2, 18, 3], [19, 23, 20, 22], [21, 14, 22, 15], [8, 23, 9, 24], [10, 2, 11, 1], [3, 18, 4, 19], [24, 5, 1, 6], [12, 7, 13, 8], [4, 10, 5, 9], [6, 11, 7, 12], [13, 17, 14, 16]]"
12n_0232_143,"[[13, 17, 14, 16], [15, 20, 16, 21], [17, 2, 18, 3], [19, 23, 20, 22], [21, 14, 22, 15], [8, 23, 9, 24], [10, 2, 11, 1], [3, 18, 4, 19], [24, 5, 1, 6], [12, 7, 13, 8], [4, 10, 5, 9], [6, 11, 7, 12]]"
12n_0232_144,"[[7, 12, 8, 13], [14, 18, 15, 17], [16, 21, 17, 22], [18, 3, 19, 4], [20, 24, 21, 23], [22, 15, 23, 16], [9, 24, 10, 1], [11, 3, 12, 2], [4, 19, 5, 20], [1, 6, 2, 7], [13, 8, 14, 9], [5, 11, 6, 10]]"
12n_0232_145,"[[5, 11, 6, 10], [7, 12, 8, 13], [14, 18, 15, 17], [16, 21, 17, 22], [18, 3, 19, 4], [20, 24, 21, 23], [22, 15, 23, 16], [9, 24, 10, 1], [11, 3, 12, 2], [4, 19, 5, 20], [1, 6, 2, 7], [13, 8, 14, 9]]"
12n_0232_146,"[[13, 8, 14, 9], [5, 11, 6, 10], [7, 12, 8, 13], [14, 18, 15, 17], [16, 21, 17, 22], [18, 3, 19, 4], [20, 24, 21, 23], [22, 15, 23, 16], [9, 24, 10, 1], [11, 3, 12, 2], [4, 19, 5, 20], [1, 6, 2, 7]]"
12n_0232_147,"[[1, 6, 2, 7], [13, 8, 14, 9], [5, 11, 6, 10], [7, 12, 8, 13], [14, 18, 15, 17], [16, 21, 17, 22], [18, 3, 19, 4], [20, 24, 21, 23], [22, 15, 23, 16], [9, 24, 10, 1], [11, 3, 12, 2], [4, 19, 5, 20]]"
12n_0232_148,"[[4, 19, 5, 20], [1, 6, 2, 7], [13, 8, 14, 9], [5, 11, 6, 10], [7, 12, 8, 13], [14, 18, 15, 17], [16, 21, 17, 22], [18, 3, 19, 4], [20, 24, 21, 23], [22, 15, 23, 16], [9, 24, 10, 1], [11, 3, 12, 2]]"
12n_0232_149,"[[11, 3, 12, 2], [4, 19, 5, 20], [1, 6, 2, 7], [13, 8, 14, 9], [5, 11, 6, 10], [7, 12, 8, 13], [14, 18, 15, 17], [16, 21, 17, 22], [18, 3, 19, 4], [20, 24, 21, 23], [22, 15, 23, 16], [9, 24, 10, 1]]"
12n_0232_150,"[[9, 24, 10, 1], [11, 3, 12, 2], [4, 19, 5, 20], [1, 6, 2, 7], [13, 8, 14, 9], [5, 11, 6, 10], [7, 12, 8, 13], [14, 18, 15, 17], [16, 21, 17, 22], [18, 3, 19, 4], [20, 24, 21, 23], [22, 15, 23, 16]]"
12n_0232_151,"[[22, 15, 23, 16], [9, 24, 10, 1], [11, 3, 12, 2], [4, 19, 5, 20], [1, 6, 2, 7], [13, 8, 14, 9], [5, 11, 6, 10], [7, 12, 8, 13], [14, 18, 15, 17], [16, 21, 17, 22], [18, 3, 19, 4], [20, 24, 21, 23]]"
12n_0232_152,"[[20, 24, 21, 23], [22, 15, 23, 16], [9, 24, 10, 1], [11, 3, 12, 2], [4, 19, 5, 20], [1, 6, 2, 7], [13, 8, 14, 9], [5, 11, 6, 10], [7, 12, 8, 13], [14, 18, 15, 17], [16, 21, 17, 22], [18, 3, 19, 4]]"
12n_0232_153,"[[18, 3, 19, 4], [20, 24, 21, 23], [22, 15, 23, 16], [9, 24, 10, 1], [11, 3, 12, 2], [4, 19, 5, 20], [1, 6, 2, 7], [13, 8, 14, 9], [5, 11, 6, 10], [7, 12, 8, 13], [14, 18, 15, 17], [16, 21, 17, 22]]"
12n_0232_154,"[[16, 21, 17, 22], [18, 3, 19, 4], [20, 24, 21, 23], [22, 15, 23, 16], [9, 24, 10, 1], [11, 3, 12, 2], [4, 19, 5, 20], [1, 6, 2, 7], [13, 8, 14, 9], [5, 11, 6, 10], [7, 12, 8, 13], [14, 18, 15, 17]]"
12n_0232_155,"[[14, 18, 15, 17], [16, 21, 17, 22], [18, 3, 19, 4], [20, 24, 21, 23], [22, 15, 23, 16], [9, 24, 10, 1], [11, 3, 12, 2], [4, 19, 5, 20], [1, 6, 2, 7], [13, 8, 14, 9], [5, 11, 6, 10], [7, 12, 8, 13]]"
12n_0232_156,"[[8, 13, 9, 14], [15, 19, 16, 18], [17, 22, 18, 23], [19, 4, 20, 5], [21, 1, 22, 24], [23, 16, 24, 17], [10, 1, 11, 2], [12, 4, 13, 3], [5, 20, 6, 21], [2, 7, 3, 8], [14, 9, 15, 10], [6, 12, 7, 11]]"
12n_0232_157,"[[6, 12, 7, 11], [8, 13, 9, 14], [15, 19, 16, 18], [17, 22, 18, 23], [19, 4, 20, 5], [21, 1, 22, 24], [23, 16, 24, 17], [10, 1, 11, 2], [12, 4, 13, 3], [5, 20, 6, 21], [2, 7, 3, 8], [14, 9, 15, 10]]"
12n_0232_158,"[[14, 9, 15, 10], [6, 12, 7, 11], [8, 13, 9, 14], [15, 19, 16, 18], [17, 22, 18, 23], [19, 4, 20, 5], [21, 1, 22, 24], [23, 16, 24, 17], [10, 1, 11, 2], [12, 4, 13, 3], [5, 20, 6, 21], [2, 7, 3, 8]]"
12n_0232_159,"[[2, 7, 3, 8], [14, 9, 15, 10], [6, 12, 7, 11], [8, 13, 9, 14], [15, 19, 16, 18], [17, 22, 18, 23], [19, 4, 20, 5], [21, 1, 22, 24], [23, 16, 24, 17], [10, 1, 11, 2], [12, 4, 13, 3], [5, 20, 6, 21]]"
12n_0232_160,"[[5, 20, 6, 21], [2, 7, 3, 8], [14, 9, 15, 10], [6, 12, 7, 11], [8, 13, 9, 14], [15, 19, 16, 18], [17, 22, 18, 23], [19, 4, 20, 5], [21, 1, 22, 24], [23, 16, 24, 17], [10, 1, 11, 2], [12, 4, 13, 3]]"
12n_0232_161,"[[12, 4, 13, 3], [5, 20, 6, 21], [2, 7, 3, 8], [14, 9, 15, 10], [6, 12, 7, 11], [8, 13, 9, 14], [15, 19, 16, 18], [17, 22, 18, 23], [19, 4, 20, 5], [21, 1, 22, 24], [23, 16, 24, 17], [10, 1, 11, 2]]"
12n_0232_162,"[[10, 1, 11, 2], [12, 4, 13, 3], [5, 20, 6, 21], [2, 7, 3, 8], [14, 9, 15, 10], [6, 12, 7, 11], [8, 13, 9, 14], [15, 19, 16, 18], [17, 22, 18, 23], [19, 4, 20, 5], [21, 1, 22, 24], [23, 16, 24, 17]]"
12n_0232_163,"[[23, 16, 24, 17], [10, 1, 11, 2], [12, 4, 13, 3], [5, 20, 6, 21], [2, 7, 3, 8], [14, 9, 15, 10], [6, 12, 7, 11], [8, 13, 9, 14], [15, 19, 16, 18], [17, 22, 18, 23], [19, 4, 20, 5], [21, 1, 22, 24]]"
12n_0232_164,"[[21, 1, 22, 24], [23, 16, 24, 17], [10, 1, 11, 2], [12, 4, 13, 3], [5, 20, 6, 21], [2, 7, 3, 8], [14, 9, 15, 10], [6, 12, 7, 11], [8, 13, 9, 14], [15, 19, 16, 18], [17, 22, 18, 23], [19, 4, 20, 5]]"
12n_0232_165,"[[19, 4, 20, 5], [21, 1, 22, 24], [23, 16, 24, 17], [10, 1, 11, 2], [12, 4, 13, 3], [5, 20, 6, 21], [2, 7, 3, 8], [14, 9, 15, 10], [6, 12, 7, 11], [8, 13, 9, 14], [15, 19, 16, 18], [17, 22, 18, 23]]"
12n_0232_166,"[[17, 22, 18, 23], [19, 4, 20, 5], [21, 1, 22, 24], [23, 16, 24, 17], [10, 1, 11, 2], [12, 4, 13, 3], [5, 20, 6, 21], [2, 7, 3, 8], [14, 9, 15, 10], [6, 12, 7, 11], [8, 13, 9, 14], [15, 19, 16, 18]]"
12n_0232_167,"[[15, 19, 16, 18], [17, 22, 18, 23], [19, 4, 20, 5], [21, 1, 22, 24], [23, 16, 24, 17], [10, 1, 11, 2], [12, 4, 13, 3], [5, 20, 6, 21], [2, 7, 3, 8], [14, 9, 15, 10], [6, 12, 7, 11], [8, 13, 9, 14]]"
12n_0232_168,"[[9, 14, 10, 15], [16, 20, 17, 19], [18, 23, 19, 24], [20, 5, 21, 6], [22, 2, 23, 1], [24, 17, 1, 18], [11, 2, 12, 3], [13, 5, 14, 4], [6, 21, 7, 22], [3, 8, 4, 9], [15, 10, 16, 11], [7, 13, 8, 12]]"
12n_0232_169,"[[7, 13, 8, 12], [9, 14, 10, 15], [16, 20, 17, 19], [18, 23, 19, 24], [20, 5, 21, 6], [22, 2, 23, 1], [24, 17, 1, 18], [11, 2, 12, 3], [13, 5, 14, 4], [6, 21, 7, 22], [3, 8, 4, 9], [15, 10, 16, 11]]"
12n_0232_170,"[[15, 10, 16, 11], [7, 13, 8, 12], [9, 14, 10, 15], [16, 20, 17, 19], [18, 23, 19, 24], [20, 5, 21, 6], [22, 2, 23, 1], [24, 17, 1, 18], [11, 2, 12, 3], [13, 5, 14, 4], [6, 21, 7, 22], [3, 8, 4, 9]]"
12n_0232_171,"[[3, 8, 4, 9], [15, 10, 16, 11], [7, 13, 8, 12], [9, 14, 10, 15], [16, 20, 17, 19], [18, 23, 19, 24], [20, 5, 21, 6], [22, 2, 23, 1], [24, 17, 1, 18], [11, 2, 12, 3], [13, 5, 14, 4], [6, 21, 7, 22]]"
12n_0232_172,"[[6, 21, 7, 22], [3, 8, 4, 9], [15, 10, 16, 11], [7, 13, 8, 12], [9, 14, 10, 15], [16, 20, 17, 19], [18, 23, 19, 24], [20, 5, 21, 6], [22, 2, 23, 1], [24, 17, 1, 18], [11, 2, 12, 3], [13, 5, 14, 4]]"
12n_0232_173,"[[13, 5, 14, 4], [6, 21, 7, 22], [3, 8, 4, 9], [15, 10, 16, 11], [7, 13, 8, 12], [9, 14, 10, 15], [16, 20, 17, 19], [18, 23, 19, 24], [20, 5, 21, 6], [22, 2, 23, 1], [24, 17, 1, 18], [11, 2, 12, 3]]"
12n_0232_174,"[[11, 2, 12, 3], [13, 5, 14, 4], [6, 21, 7, 22], [3, 8, 4, 9], [15, 10, 16, 11], [7, 13, 8, 12], [9, 14, 10, 15], [16, 20, 17, 19], [18, 23, 19, 24], [20, 5, 21, 6], [22, 2, 23, 1], [24, 17, 1, 18]]"
12n_0232_175,"[[24, 17, 1, 18], [11, 2, 12, 3], [13, 5, 14, 4], [6, 21, 7, 22], [3, 8, 4, 9], [15, 10, 16, 11], [7, 13, 8, 12], [9, 14, 10, 15], [16, 20, 17, 19], [18, 23, 19, 24], [20, 5, 21, 6], [22, 2, 23, 1]]"
12n_0232_176,"[[22, 2, 23, 1], [24, 17, 1, 18], [11, 2, 12, 3], [13, 5, 14, 4], [6, 21, 7, 22], [3, 8, 4, 9], [15, 10, 16, 11], [7, 13, 8, 12], [9, 14, 10, 15], [16, 20, 17, 19], [18, 23, 19, 24], [20, 5, 21, 6]]"
12n_0232_177,"[[20, 5, 21, 6], [22, 2, 23, 1], [24, 17, 1, 18], [11, 2, 12, 3], [13, 5, 14, 4], [6, 21, 7, 22], [3, 8, 4, 9], [15, 10, 16, 11], [7, 13, 8, 12], [9, 14, 10, 15], [16, 20, 17, 19], [18, 23, 19, 24]]"
12n_0232_178,"[[18, 23, 19, 24], [20, 5, 21, 6], [22, 2, 23, 1], [24, 17, 1, 18], [11, 2, 12, 3], [13, 5, 14, 4], [6, 21, 7, 22], [3, 8, 4, 9], [15, 10, 16, 11], [7, 13, 8, 12], [9, 14, 10, 15], [16, 20, 17, 19]]"
12n_0232_179,"[[16, 20, 17, 19], [18, 23, 19, 24], [20, 5, 21, 6], [22, 2, 23, 1], [24, 17, 1, 18], [11, 2, 12, 3], [13, 5, 14, 4], [6, 21, 7, 22], [3, 8, 4, 9], [15, 10, 16, 11], [7, 13, 8, 12], [9, 14, 10, 15]]"
12n_0232_180,"[[10, 15, 11, 16], [17, 21, 18, 20], [19, 24, 20, 1], [21, 6, 22, 7], [23, 3, 24, 2], [1, 18, 2, 19], [12, 3, 13, 4], [14, 6, 15, 5], [7, 22, 8, 23], [4, 9, 5, 10], [16, 11, 17, 12], [8, 14, 9, 13]]"
12n_0232_181,"[[8, 14, 9, 13], [10, 15, 11, 16], [17, 21, 18, 20], [19, 24, 20, 1], [21, 6, 22, 7], [23, 3, 24, 2], [1, 18, 2, 19], [12, 3, 13, 4], [14, 6, 15, 5], [7, 22, 8, 23], [4, 9, 5, 10], [16, 11, 17, 12]]"
12n_0232_182,"[[16, 11, 17, 12], [8, 14, 9, 13], [10, 15, 11, 16], [17, 21, 18, 20], [19, 24, 20, 1], [21, 6, 22, 7], [23, 3, 24, 2], [1, 18, 2, 19], [12, 3, 13, 4], [14, 6, 15, 5], [7, 22, 8, 23], [4, 9, 5, 10]]"
12n_0232_183,"[[4, 9, 5, 10], [16, 11, 17, 12], [8, 14, 9, 13], [10, 15, 11, 16], [17, 21, 18, 20], [19, 24, 20, 1], [21, 6, 22, 7], [23, 3, 24, 2], [1, 18, 2, 19], [12, 3, 13, 4], [14, 6, 15, 5], [7, 22, 8, 23]]"
12n_0232_184,"[[7, 22, 8, 23], [4, 9, 5, 10], [16, 11, 17, 12], [8, 14, 9, 13], [10, 15, 11, 16], [17, 21, 18, 20], [19, 24, 20, 1], [21, 6, 22, 7], [23, 3, 24, 2], [1, 18, 2, 19], [12, 3, 13, 4], [14, 6, 15, 5]]"
12n_0232_185,"[[14, 6, 15, 5], [7, 22, 8, 23], [4, 9, 5, 10], [16, 11, 17, 12], [8, 14, 9, 13], [10, 15, 11, 16], [17, 21, 18, 20], [19, 24, 20, 1], [21, 6, 22, 7], [23, 3, 24, 2], [1, 18, 2, 19], [12, 3, 13, 4]]"
