name,pd_notation
12n_0125_0,"[[17, 1, 18, 24], [2, 6, 3, 5], [4, 10, 5, 9], [13, 7, 14, 6], [8, 4, 9, 3], [19, 10, 20, 11], [21, 13, 22, 12], [7, 15, 8, 14], [11, 16, 12, 17], [23, 19, 24, 18], [15, 21, 16, 20], [1, 22, 2, 23]]"
12n_0125_1,"[[1, 22, 2, 23], [17, 1, 18, 24], [2, 6, 3, 5], [4, 10, 5, 9], [13, 7, 14, 6], [8, 4, 9, 3], [19, 10, 20, 11], [21, 13, 22, 12], [7, 15, 8, 14], [11, 16, 12, 17], [23, 19, 24, 18], [15, 21, 16, 20]]"
12n_0125_2,"[[15, 21, 16, 20], [1, 22, 2, 23], [17, 1, 18, 24], [2, 6, 3, 5], [4, 10, 5, 9], [13, 7, 14, 6], [8, 4, 9, 3], [19, 10, 20, 11], [21, 13, 22, 12], [7, 15, 8, 14], [11, 16, 12, 17], [23, 19, 24, 18]]"
12n_0125_3,"[[23, 19, 24, 18], [15, 21, 16, 20], [1, 22, 2, 23], [17, 1, 18, 24], [2, 6, 3, 5], [4, 10, 5, 9], [13, 7, 14, 6], [8, 4, 9, 3], [19, 10, 20, 11], [21, 13, 22, 12], [7, 15, 8, 14], [11, 16, 12, 17]]"
12n_0125_4,"[[11, 16, 12, 17], [23, 19, 24, 18], [15, 21, 16, 20], [1, 22, 2, 23], [17, 1, 18, 24], [2, 6, 3, 5], [4, 10, 5, 9], [13, 7, 14, 6], [8, 4, 9, 3], [19, 10, 20, 11], [21, 13, 22, 12], [7, 15, 8, 14]]"
12n_0125_5,"[[7, 15, 8, 14], [11, 16, 12, 17], [23, 19, 24, 18], [15, 21, 16, 20], [1, 22, 2, 23], [17, 1, 18, 24], [2, 6, 3, 5], [4, 10, 5, 9], [13, 7, 14, 6], [8, 4, 9, 3], [19, 10, 20, 11], [21, 13, 22, 12]]"
12n_0125_6,"[[21, 13, 22, 12], [7, 15, 8, 14], [11, 16, 12, 17], [23, 19, 24, 18], [15, 21, 16, 20], [1, 22, 2, 23], [17, 1, 18, 24], [2, 6, 3, 5], [4, 10, 5, 9], [13, 7, 14, 6], [8, 4, 9, 3], [19, 10, 20, 11]]"
12n_0125_7,"[[19, 10, 20, 11], [21, 13, 22, 12], [7, 15, 8, 14], [11, 16, 12, 17], [23, 19, 24, 18], [15, 21, 16, 20], [1, 22, 2, 23], [17, 1, 18, 24], [2, 6, 3, 5], [4, 10, 5, 9], [13, 7, 14, 6], [8, 4, 9, 3]]"
12n_0125_8,"[[8, 4, 9, 3], [19, 10, 20, 11], [21, 13, 22, 12], [7, 15, 8, 14], [11, 16, 12, 17], [23, 19, 24, 18], [15, 21, 16, 20], [1, 22, 2, 23], [17, 1, 18, 24], [2, 6, 3, 5], [4, 10, 5, 9], [13, 7, 14, 6]]"
12n_0125_9,"[[13, 7, 14, 6], [8, 4, 9, 3], [19, 10, 20, 11], [21, 13, 22, 12], [7, 15, 8, 14], [11, 16, 12, 17], [23, 19, 24, 18], [15, 21, 16, 20], [1, 22, 2, 23], [17, 1, 18, 24], [2, 6, 3, 5], [4, 10, 5, 9]]"
12n_0125_10,"[[4, 10, 5, 9], [13, 7, 14, 6], [8, 4, 9, 3], [19, 10, 20, 11], [21, 13, 22, 12], [7, 15, 8, 14], [11, 16, 12, 17], [23, 19, 24, 18], [15, 21, 16, 20], [1, 22, 2, 23], [17, 1, 18, 24], [2, 6, 3, 5]]"
12n_0125_11,"[[2, 6, 3, 5], [4, 10, 5, 9], [13, 7, 14, 6], [8, 4, 9, 3], [19, 10, 20, 11], [21, 13, 22, 12], [7, 15, 8, 14], [11, 16, 12, 17], [23, 19, 24, 18], [15, 21, 16, 20], [1, 22, 2, 23], [17, 1, 18, 24]]"
12n_0125_12,"[[18, 2, 19, 1], [3, 7, 4, 6], [5, 11, 6, 10], [14, 8, 15, 7], [9, 5, 10, 4], [20, 11, 21, 12], [22, 14, 23, 13], [8, 16, 9, 15], [12, 17, 13, 18], [24, 20, 1, 19], [16, 22, 17, 21], [2, 23, 3, 24]]"
12n_0125_13,"[[2, 23, 3, 24], [18, 2, 19, 1], [3, 7, 4, 6], [5, 11, 6, 10], [14, 8, 15, 7], [9, 5, 10, 4], [20, 11, 21, 12], [22, 14, 23, 13], [8, 16, 9, 15], [12, 17, 13, 18], [24, 20, 1, 19], [16, 22, 17, 21]]"
12n_0125_14,"[[16, 22, 17, 21], [2, 23, 3, 24], [18, 2, 19, 1], [3, 7, 4, 6], [5, 11, 6, 10], [14, 8, 15, 7], [9, 5, 10, 4], [20, 11, 21, 12], [22, 14, 23, 13], [8, 16, 9, 15], [12, 17, 13, 18], [24, 20, 1, 19]]"
12n_0125_15,"[[24, 20, 1, 19], [16, 22, 17, 21], [2, 23, 3, 24], [18, 2, 19, 1], [3, 7, 4, 6], [5, 11, 6, 10], [14, 8, 15, 7], [9, 5, 10, 4], [20, 11, 21, 12], [22, 14, 23, 13], [8, 16, 9, 15], [12, 17, 13, 18]]"
12n_0125_16,"[[12, 17, 13, 18], [24, 20, 1, 19], [16, 22, 17, 21], [2, 23, 3, 24], [18, 2, 19, 1], [3, 7, 4, 6], [5, 11, 6, 10], [14, 8, 15, 7], [9, 5, 10, 4], [20, 11, 21, 12], [22, 14, 23, 13], [8, 16, 9, 15]]"
12n_0125_17,"[[8, 16, 9, 15], [12, 17, 13, 18], [24, 20, 1, 19], [16, 22, 17, 21], [2, 23, 3, 24], [18, 2, 19, 1], [3, 7, 4, 6], [5, 11, 6, 10], [14, 8, 15, 7], [9, 5, 10, 4], [20, 11, 21, 12], [22, 14, 23, 13]]"
12n_0125_18,"[[22, 14, 23, 13], [8, 16, 9, 15], [12, 17, 13, 18], [24, 20, 1, 19], [16, 22, 17, 21], [2, 23, 3, 24], [18, 2, 19, 1], [3, 7, 4, 6], [5, 11, 6, 10], [14, 8, 15, 7], [9, 5, 10, 4], [20, 11, 21, 12]]"
12n_0125_19,"[[20, 11, 21, 12], [22, 14, 23, 13], [8, 16, 9, 15], [12, 17, 13, 18], [24, 20, 1, 19], [16, 22, 17, 21], [2, 23, 3, 24], [18, 2, 19, 1], [3, 7, 4, 6], [5, 11, 6, 10], [14, 8, 15, 7], [9, 5, 10, 4]]"
12n_0125_20,"[[9, 5, 10, 4], [20, 11, 21, 12], [22, 14, 23, 13], [8, 16, 9, 15], [12, 17, 13, 18], [24, 20, 1, 19], [16, 22, 17, 21], [2, 23, 3, 24], [18, 2, 19, 1], [3, 7, 4, 6], [5, 11, 6, 10], [14, 8, 15, 7]]"
12n_0125_21,"[[14, 8, 15, 7], [9, 5, 10, 4], [20, 11, 21, 12], [22, 14, 23, 13], [8, 16, 9, 15], [12, 17, 13, 18], [24, 20, 1, 19], [16, 22, 17, 21], [2, 23, 3, 24], [18, 2, 19, 1], [3, 7, 4, 6], [5, 11, 6, 10]]"
12n_0125_22,"[[5, 11, 6, 10], [14, 8, 15, 7], [9, 5, 10, 4], [20, 11, 21, 12], [22, 14, 23, 13], [8, 16, 9, 15], [12, 17, 13, 18], [24, 20, 1, 19], [16, 22, 17, 21], [2, 23, 3, 24], [18, 2, 19, 1], [3, 7, 4, 6]]"
12n_0125_23,"[[3, 7, 4, 6], [5, 11, 6, 10], [14, 8, 15, 7], [9, 5, 10, 4], [20, 11, 21, 12], [22, 14, 23, 13], [8, 16, 9, 15], [12, 17, 13, 18], [24, 20, 1, 19], [16, 22, 17, 21], [2, 23, 3, 24], [18, 2, 19, 1]]"
12n_0125_24,"[[19, 3, 20, 2], [4, 8, 5, 7], [6, 12, 7, 11], [15, 9, 16, 8], [10, 6, 11, 5], [21, 12, 22, 13], [23, 15, 24, 14], [9, 17, 10, 16], [13, 18, 14, 19], [1, 21, 2, 20], [17, 23, 18, 22], [3, 24, 4, 1]]"
12n_0125_25,"[[3, 24, 4, 1], [19, 3, 20, 2], [4, 8, 5, 7], [6, 12, 7, 11], [15, 9, 16, 8], [10, 6, 11, 5], [21, 12, 22, 13], [23, 15, 24, 14], [9, 17, 10, 16], [13, 18, 14, 19], [1, 21, 2, 20], [17, 23, 18, 22]]"
12n_0125_26,"[[17, 23, 18, 22], [3, 24, 4, 1], [19, 3, 20, 2], [4, 8, 5, 7], [6, 12, 7, 11], [15, 9, 16, 8], [10, 6, 11, 5], [21, 12, 22, 13], [23, 15, 24, 14], [9, 17, 10, 16], [13, 18, 14, 19], [1, 21, 2, 20]]"
12n_0125_27,"[[1, 21, 2, 20], [17, 23, 18, 22], [3, 24, 4, 1], [19, 3, 20, 2], [4, 8, 5, 7], [6, 12, 7, 11], [15, 9, 16, 8], [10, 6, 11, 5], [21, 12, 22, 13], [23, 15, 24, 14], [9, 17, 10, 16], [13, 18, 14, 19]]"
12n_0125_28,"[[13, 18, 14, 19], [1, 21, 2, 20], [17, 23, 18, 22], [3, 24, 4, 1], [19, 3, 20, 2], [4, 8, 5, 7], [6, 12, 7, 11], [15, 9, 16, 8], [10, 6, 11, 5], [21, 12, 22, 13], [23, 15, 24, 14], [9, 17, 10, 16]]"
12n_0125_29,"[[9, 17, 10, 16], [13, 18, 14, 19], [1, 21, 2, 20], [17, 23, 18, 22], [3, 24, 4, 1], [19, 3, 20, 2], [4, 8, 5, 7], [6, 12, 7, 11], [15, 9, 16, 8], [10, 6, 11, 5], [21, 12, 22, 13], [23, 15, 24, 14]]"
12n_0125_30,"[[23, 15, 24, 14], [9, 17, 10, 16], [13, 18, 14, 19], [1, 21, 2, 20], [17, 23, 18, 22], [3, 24, 4, 1], [19, 3, 20, 2], [4, 8, 5, 7], [6, 12, 7, 11], [15, 9, 16, 8], [10, 6, 11, 5], [21, 12, 22, 13]]"
12n_0125_31,"[[21, 12, 22, 13], [23, 15, 24, 14], [9, 17, 10, 16], [13, 18, 14, 19], [1, 21, 2, 20], [17, 23, 18, 22], [3, 24, 4, 1], [19, 3, 20, 2], [4, 8, 5, 7], [6, 12, 7, 11], [15, 9, 16, 8], [10, 6, 11, 5]]"
12n_0125_32,"[[10, 6, 11, 5], [21, 12, 22, 13], [23, 15, 24, 14], [9, 17, 10, 16], [13, 18, 14, 19], [1, 21, 2, 20], [17, 23, 18, 22], [3, 24, 4, 1], [19, 3, 20, 2], [4, 8, 5, 7], [6, 12, 7, 11], [15, 9, 16, 8]]"
12n_0125_33,"[[15, 9, 16, 8], [10, 6, 11, 5], [21, 12, 22, 13], [23, 15, 24, 14], [9, 17, 10, 16], [13, 18, 14, 19], [1, 21, 2, 20], [17, 23, 18, 22], [3, 24, 4, 1], [19, 3, 20, 2], [4, 8, 5, 7], [6, 12, 7, 11]]"
12n_0125_34,"[[6, 12, 7, 11], [15, 9, 16, 8], [10, 6, 11, 5], [21, 12, 22, 13], [23, 15, 24, 14], [9, 17, 10, 16], [13, 18, 14, 19], [1, 21, 2, 20], [17, 23, 18, 22], [3, 24, 4, 1], [19, 3, 20, 2], [4, 8, 5, 7]]"
12n_0125_35,"[[4, 8, 5, 7], [6, 12, 7, 11], [15, 9, 16, 8], [10, 6, 11, 5], [21, 12, 22, 13], [23, 15, 24, 14], [9, 17, 10, 16], [13, 18, 14, 19], [1, 21, 2, 20], [17, 23, 18, 22], [3, 24, 4, 1], [19, 3, 20, 2]]"
12n_0125_36,"[[20, 4, 21, 3], [5, 9, 6, 8], [7, 13, 8, 12], [16, 10, 17, 9], [11, 7, 12, 6], [22, 13, 23, 14], [24, 16, 1, 15], [10, 18, 11, 17], [14, 19, 15, 20], [2, 22, 3, 21], [18, 24, 19, 23], [4, 1, 5, 2]]"
12n_0125_37,"[[4, 1, 5, 2], [20, 4, 21, 3], [5, 9, 6, 8], [7, 13, 8, 12], [16, 10, 17, 9], [11, 7, 12, 6], [22, 13, 23, 14], [24, 16, 1, 15], [10, 18, 11, 17], [14, 19, 15, 20], [2, 22, 3, 21], [18, 24, 19, 23]]"
12n_0125_38,"[[18, 24, 19, 23], [4, 1, 5, 2], [20, 4, 21, 3], [5, 9, 6, 8], [7, 13, 8, 12], [16, 10, 17, 9], [11, 7, 12, 6], [22, 13, 23, 14], [24, 16, 1, 15], [10, 18, 11, 17], [14, 19, 15, 20], [2, 22, 3, 21]]"
12n_0125_39,"[[2, 22, 3, 21], [18, 24, 19, 23], [4, 1, 5, 2], [20, 4, 21, 3], [5, 9, 6, 8], [7, 13, 8, 12], [16, 10, 17, 9], [11, 7, 12, 6], [22, 13, 23, 14], [24, 16, 1, 15], [10, 18, 11, 17], [14, 19, 15, 20]]"
12n_0125_40,"[[14, 19, 15, 20], [2, 22, 3, 21], [18, 24, 19, 23], [4, 1, 5, 2], [20, 4, 21, 3], [5, 9, 6, 8], [7, 13, 8, 12], [16, 10, 17, 9], [11, 7, 12, 6], [22, 13, 23, 14], [24, 16, 1, 15], [10, 18, 11, 17]]"
12n_0125_41,"[[10, 18, 11, 17], [14, 19, 15, 20], [2, 22, 3, 21], [18, 24, 19, 23], [4, 1, 5, 2], [20, 4, 21, 3], [5, 9, 6, 8], [7, 13, 8, 12], [16, 10, 17, 9], [11, 7, 12, 6], [22, 13, 23, 14], [24, 16, 1, 15]]"
12n_0125_42,"[[24, 16, 1, 15], [10, 18, 11, 17], [14, 19, 15, 20], [2, 22, 3, 21], [18, 24, 19, 23], [4, 1, 5, 2], [20, 4, 21, 3], [5, 9, 6, 8], [7, 13, 8, 12], [16, 10, 17, 9], [11, 7, 12, 6], [22, 13, 23, 14]]"
12n_0125_43,"[[22, 13, 23, 14], [24, 16, 1, 15], [10, 18, 11, 17], [14, 19, 15, 20], [2, 22, 3, 21], [18, 24, 19, 23], [4, 1, 5, 2], [20, 4, 21, 3], [5, 9, 6, 8], [7, 13, 8, 12], [16, 10, 17, 9], [11, 7, 12, 6]]"
12n_0125_44,"[[11, 7, 12, 6], [22, 13, 23, 14], [24, 16, 1, 15], [10, 18, 11, 17], [14, 19, 15, 20], [2, 22, 3, 21], [18, 24, 19, 23], [4, 1, 5, 2], [20, 4, 21, 3], [5, 9, 6, 8], [7, 13, 8, 12], [16, 10, 17, 9]]"
12n_0125_45,"[[16, 10, 17, 9], [11, 7, 12, 6], [22, 13, 23, 14], [24, 16, 1, 15], [10, 18, 11, 17], [14, 19, 15, 20], [2, 22, 3, 21], [18, 24, 19, 23], [4, 1, 5, 2], [20, 4, 21, 3], [5, 9, 6, 8], [7, 13, 8, 12]]"
12n_0125_46,"[[7, 13, 8, 12], [16, 10, 17, 9], [11, 7, 12, 6], [22, 13, 23, 14], [24, 16, 1, 15], [10, 18, 11, 17], [14, 19, 15, 20], [2, 22, 3, 21], [18, 24, 19, 23], [4, 1, 5, 2], [20, 4, 21, 3], [5, 9, 6, 8]]"
12n_0125_47,"[[5, 9, 6, 8], [7, 13, 8, 12], [16, 10, 17, 9], [11, 7, 12, 6], [22, 13, 23, 14], [24, 16, 1, 15], [10, 18, 11, 17], [14, 19, 15, 20], [2, 22, 3, 21], [18, 24, 19, 23], [4, 1, 5, 2], [20, 4, 21, 3]]"
12n_0125_48,"[[21, 5, 22, 4], [6, 10, 7, 9], [8, 14, 9, 13], [17, 11, 18, 10], [12, 8, 13, 7], [23, 14, 24, 15], [1, 17, 2, 16], [11, 19, 12, 18], [15, 20, 16, 21], [3, 23, 4, 22], [19, 1, 20, 24], [5, 2, 6, 3]]"
12n_0125_49,"[[5, 2, 6, 3], [21, 5, 22, 4], [6, 10, 7, 9], [8, 14, 9, 13], [17, 11, 18, 10], [12, 8, 13, 7], [23, 14, 24, 15], [1, 17, 2, 16], [11, 19, 12, 18], [15, 20, 16, 21], [3, 23, 4, 22], [19, 1, 20, 24]]"
12n_0125_50,"[[19, 1, 20, 24], [5, 2, 6, 3], [21, 5, 22, 4], [6, 10, 7, 9], [8, 14, 9, 13], [17, 11, 18, 10], [12, 8, 13, 7], [23, 14, 24, 15], [1, 17, 2, 16], [11, 19, 12, 18], [15, 20, 16, 21], [3, 23, 4, 22]]"
12n_0125_51,"[[3, 23, 4, 22], [19, 1, 20, 24], [5, 2, 6, 3], [21, 5, 22, 4], [6, 10, 7, 9], [8, 14, 9, 13], [17, 11, 18, 10], [12, 8, 13, 7], [23, 14, 24, 15], [1, 17, 2, 16], [11, 19, 12, 18], [15, 20, 16, 21]]"
12n_0125_52,"[[15, 20, 16, 21], [3, 23, 4, 22], [19, 1, 20, 24], [5, 2, 6, 3], [21, 5, 22, 4], [6, 10, 7, 9], [8, 14, 9, 13], [17, 11, 18, 10], [12, 8, 13, 7], [23, 14, 24, 15], [1, 17, 2, 16], [11, 19, 12, 18]]"
12n_0125_53,"[[11, 19, 12, 18], [15, 20, 16, 21], [3, 23, 4, 22], [19, 1, 20, 24], [5, 2, 6, 3], [21, 5, 22, 4], [6, 10, 7, 9], [8, 14, 9, 13], [17, 11, 18, 10], [12, 8, 13, 7], [23, 14, 24, 15], [1, 17, 2, 16]]"
12n_0125_54,"[[1, 17, 2, 16], [11, 19, 12, 18], [15, 20, 16, 21], [3, 23, 4, 22], [19, 1, 20, 24], [5, 2, 6, 3], [21, 5, 22, 4], [6, 10, 7, 9], [8, 14, 9, 13], [17, 11, 18, 10], [12, 8, 13, 7], [23, 14, 24, 15]]"
12n_0125_55,"[[23, 14, 24, 15], [1, 17, 2, 16], [11, 19, 12, 18], [15, 20, 16, 21], [3, 23, 4, 22], [19, 1, 20, 24], [5, 2, 6, 3], [21, 5, 22, 4], [6, 10, 7, 9], [8, 14, 9, 13], [17, 11, 18, 10], [12, 8, 13, 7]]"
12n_0125_56,"[[12, 8, 13, 7], [23, 14, 24, 15], [1, 17, 2, 16], [11, 19, 12, 18], [15, 20, 16, 21], [3, 23, 4, 22], [19, 1, 20, 24], [5, 2, 6, 3], [21, 5, 22, 4], [6, 10, 7, 9], [8, 14, 9, 13], [17, 11, 18, 10]]"
12n_0125_57,"[[17, 11, 18, 10], [12, 8, 13, 7], [23, 14, 24, 15], [1, 17, 2, 16], [11, 19, 12, 18], [15, 20, 16, 21], [3, 23, 4, 22], [19, 1, 20, 24], [5, 2, 6, 3], [21, 5, 22, 4], [6, 10, 7, 9], [8, 14, 9, 13]]"
12n_0125_58,"[[8, 14, 9, 13], [17, 11, 18, 10], [12, 8, 13, 7], [23, 14, 24, 15], [1, 17, 2, 16], [11, 19, 12, 18], [15, 20, 16, 21], [3, 23, 4, 22], [19, 1, 20, 24], [5, 2, 6, 3], [21, 5, 22, 4], [6, 10, 7, 9]]"
12n_0125_59,"[[6, 10, 7, 9], [8, 14, 9, 13], [17, 11, 18, 10], [12, 8, 13, 7], [23, 14, 24, 15], [1, 17, 2, 16], [11, 19, 12, 18], [15, 20, 16, 21], [3, 23, 4, 22], [19, 1, 20, 24], [5, 2, 6, 3], [21, 5, 22, 4]]"
12n_0125_60,"[[22, 6, 23, 5], [7, 11, 8, 10], [9, 15, 10, 14], [18, 12, 19, 11], [13, 9, 14, 8], [24, 15, 1, 16], [2, 18, 3, 17], [12, 20, 13, 19], [16, 21, 17, 22], [4, 24, 5, 23], [20, 2, 21, 1], [6, 3, 7, 4]]"
12n_0125_61,"[[6, 3, 7, 4], [22, 6, 23, 5], [7, 11, 8, 10], [9, 15, 10, 14], [18, 12, 19, 11], [13, 9, 14, 8], [24, 15, 1, 16], [2, 18, 3, 17], [12, 20, 13, 19], [16, 21, 17, 22], [4, 24, 5, 23], [20, 2, 21, 1]]"
12n_0125_62,"[[20, 2, 21, 1], [6, 3, 7, 4], [22, 6, 23, 5], [7, 11, 8, 10], [9, 15, 10, 14], [18, 12, 19, 11], [13, 9, 14, 8], [24, 15, 1, 16], [2, 18, 3, 17], [12, 20, 13, 19], [16, 21, 17, 22], [4, 24, 5, 23]]"
12n_0125_63,"[[4, 24, 5, 23], [20, 2, 21, 1], [6, 3, 7, 4], [22, 6, 23, 5], [7, 11, 8, 10], [9, 15, 10, 14], [18, 12, 19, 11], [13, 9, 14, 8], [24, 15, 1, 16], [2, 18, 3, 17], [12, 20, 13, 19], [16, 21, 17, 22]]"
12n_0125_64,"[[16, 21, 17, 22], [4, 24, 5, 23], [20, 2, 21, 1], [6, 3, 7, 4], [22, 6, 23, 5], [7, 11, 8, 10], [9, 15, 10, 14], [18, 12, 19, 11], [13, 9, 14, 8], [24, 15, 1, 16], [2, 18, 3, 17], [12, 20, 13, 19]]"
12n_0125_65,"[[12, 20, 13, 19], [16, 21, 17, 22], [4, 24, 5, 23], [20, 2, 21, 1], [6, 3, 7, 4], [22, 6, 23, 5], [7, 11, 8, 10], [9, 15, 10, 14], [18, 12, 19, 11], [13, 9, 14, 8], [24, 15, 1, 16], [2, 18, 3, 17]]"
12n_0125_66,"[[2, 18, 3, 17], [12, 20, 13, 19], [16, 21, 17, 22], [4, 24, 5, 23], [20, 2, 21, 1], [6, 3, 7, 4], [22, 6, 23, 5], [7, 11, 8, 10], [9, 15, 10, 14], [18, 12, 19, 11], [13, 9, 14, 8], [24, 15, 1, 16]]"
12n_0125_67,"[[24, 15, 1, 16], [2, 18, 3, 17], [12, 20, 13, 19], [16, 21, 17, 22], [4, 24, 5, 23], [20, 2, 21, 1], [6, 3, 7, 4], [22, 6, 23, 5], [7, 11, 8, 10], [9, 15, 10, 14], [18, 12, 19, 11], [13, 9, 14, 8]]"
12n_0125_68,"[[13, 9, 14, 8], [24, 15, 1, 16], [2, 18, 3, 17], [12, 20, 13, 19], [16, 21, 17, 22], [4, 24, 5, 23], [20, 2, 21, 1], [6, 3, 7, 4], [22, 6, 23, 5], [7, 11, 8, 10], [9, 15, 10, 14], [18, 12, 19, 11]]"
12n_0125_69,"[[18, 12, 19, 11], [13, 9, 14, 8], [24, 15, 1, 16], [2, 18, 3, 17], [12, 20, 13, 19], [16, 21, 17, 22], [4, 24, 5, 23], [20, 2, 21, 1], [6, 3, 7, 4], [22, 6, 23, 5], [7, 11, 8, 10], [9, 15, 10, 14]]"
12n_0125_70,"[[9, 15, 10, 14], [18, 12, 19, 11], [13, 9, 14, 8], [24, 15, 1, 16], [2, 18, 3, 17], [12, 20, 13, 19], [16, 21, 17, 22], [4, 24, 5, 23], [20, 2, 21, 1], [6, 3, 7, 4], [22, 6, 23, 5], [7, 11, 8, 10]]"
12n_0125_71,"[[7, 11, 8, 10], [9, 15, 10, 14], [18, 12, 19, 11], [13, 9, 14, 8], [24, 15, 1, 16], [2, 18, 3, 17], [12, 20, 13, 19], [16, 21, 17, 22], [4, 24, 5, 23], [20, 2, 21, 1], [6, 3, 7, 4], [22, 6, 23, 5]]"
12n_0125_72,"[[23, 7, 24, 6], [8, 12, 9, 11], [10, 16, 11, 15], [19, 13, 20, 12], [14, 10, 15, 9], [1, 16, 2, 17], [3, 19, 4, 18], [13, 21, 14, 20], [17, 22, 18, 23], [5, 1, 6, 24], [21, 3, 22, 2], [7, 4, 8, 5]]"
12n_0125_73,"[[7, 4, 8, 5], [23, 7, 24, 6], [8, 12, 9, 11], [10, 16, 11, 15], [19, 13, 20, 12], [14, 10, 15, 9], [1, 16, 2, 17], [3, 19, 4, 18], [13, 21, 14, 20], [17, 22, 18, 23], [5, 1, 6, 24], [21, 3, 22, 2]]"
12n_0125_74,"[[21, 3, 22, 2], [7, 4, 8, 5], [23, 7, 24, 6], [8, 12, 9, 11], [10, 16, 11, 15], [19, 13, 20, 12], [14, 10, 15, 9], [1, 16, 2, 17], [3, 19, 4, 18], [13, 21, 14, 20], [17, 22, 18, 23], [5, 1, 6, 24]]"
12n_0125_75,"[[5, 1, 6, 24], [21, 3, 22, 2], [7, 4, 8, 5], [23, 7, 24, 6], [8, 12, 9, 11], [10, 16, 11, 15], [19, 13, 20, 12], [14, 10, 15, 9], [1, 16, 2, 17], [3, 19, 4, 18], [13, 21, 14, 20], [17, 22, 18, 23]]"
12n_0125_76,"[[17, 22, 18, 23], [5, 1, 6, 24], [21, 3, 22, 2], [7, 4, 8, 5], [23, 7, 24, 6], [8, 12, 9, 11], [10, 16, 11, 15], [19, 13, 20, 12], [14, 10, 15, 9], [1, 16, 2, 17], [3, 19, 4, 18], [13, 21, 14, 20]]"
12n_0125_77,"[[13, 21, 14, 20], [17, 22, 18, 23], [5, 1, 6, 24], [21, 3, 22, 2], [7, 4, 8, 5], [23, 7, 24, 6], [8, 12, 9, 11], [10, 16, 11, 15], [19, 13, 20, 12], [14, 10, 15, 9], [1, 16, 2, 17], [3, 19, 4, 18]]"
12n_0125_78,"[[3, 19, 4, 18], [13, 21, 14, 20], [17, 22, 18, 23], [5, 1, 6, 24], [21, 3, 22, 2], [7, 4, 8, 5], [23, 7, 24, 6], [8, 12, 9, 11], [10, 16, 11, 15], [19, 13, 20, 12], [14, 10, 15, 9], [1, 16, 2, 17]]"
12n_0125_79,"[[1, 16, 2, 17], [3, 19, 4, 18], [13, 21, 14, 20], [17, 22, 18, 23], [5, 1, 6, 24], [21, 3, 22, 2], [7, 4, 8, 5], [23, 7, 24, 6], [8, 12, 9, 11], [10, 16, 11, 15], [19, 13, 20, 12], [14, 10, 15, 9]]"
12n_0125_80,"[[14, 10, 15, 9], [1, 16, 2, 17], [3, 19, 4, 18], [13, 21, 14, 20], [17, 22, 18, 23], [5, 1, 6, 24], [21, 3, 22, 2], [7, 4, 8, 5], [23, 7, 24, 6], [8, 12, 9, 11], [10, 16, 11, 15], [19, 13, 20, 12]]"
12n_0125_81,"[[19, 13, 20, 12], [14, 10, 15, 9], [1, 16, 2, 17], [3, 19, 4, 18], [13, 21, 14, 20], [17, 22, 18, 23], [5, 1, 6, 24], [21, 3, 22, 2], [7, 4, 8, 5], [23, 7, 24, 6], [8, 12, 9, 11], [10, 16, 11, 15]]"
12n_0125_82,"[[10, 16, 11, 15], [19, 13, 20, 12], [14, 10, 15, 9], [1, 16, 2, 17], [3, 19, 4, 18], [13, 21, 14, 20], [17, 22, 18, 23], [5, 1, 6, 24], [21, 3, 22, 2], [7, 4, 8, 5], [23, 7, 24, 6], [8, 12, 9, 11]]"
12n_0125_83,"[[8, 12, 9, 11], [10, 16, 11, 15], [19, 13, 20, 12], [14, 10, 15, 9], [1, 16, 2, 17], [3, 19, 4, 18], [13, 21, 14, 20], [17, 22, 18, 23], [5, 1, 6, 24], [21, 3, 22, 2], [7, 4, 8, 5], [23, 7, 24, 6]]"
12n_0125_84,"[[24, 8, 1, 7], [9, 13, 10, 12], [11, 17, 12, 16], [20, 14, 21, 13], [15, 11, 16, 10], [2, 17, 3, 18], [4, 20, 5, 19], [14, 22, 15, 21], [18, 23, 19, 24], [6, 2, 7, 1], [22, 4, 23, 3], [8, 5, 9, 6]]"
12n_0125_85,"[[8, 5, 9, 6], [24, 8, 1, 7], [9, 13, 10, 12], [11, 17, 12, 16], [20, 14, 21, 13], [15, 11, 16, 10], [2, 17, 3, 18], [4, 20, 5, 19], [14, 22, 15, 21], [18, 23, 19, 24], [6, 2, 7, 1], [22, 4, 23, 3]]"
12n_0125_86,"[[22, 4, 23, 3], [8, 5, 9, 6], [24, 8, 1, 7], [9, 13, 10, 12], [11, 17, 12, 16], [20, 14, 21, 13], [15, 11, 16, 10], [2, 17, 3, 18], [4, 20, 5, 19], [14, 22, 15, 21], [18, 23, 19, 24], [6, 2, 7, 1]]"
12n_0125_87,"[[6, 2, 7, 1], [22, 4, 23, 3], [8, 5, 9, 6], [24, 8, 1, 7], [9, 13, 10, 12], [11, 17, 12, 16], [20, 14, 21, 13], [15, 11, 16, 10], [2, 17, 3, 18], [4, 20, 5, 19], [14, 22, 15, 21], [18, 23, 19, 24]]"
12n_0125_88,"[[18, 23, 19, 24], [6, 2, 7, 1], [22, 4, 23, 3], [8, 5, 9, 6], [24, 8, 1, 7], [9, 13, 10, 12], [11, 17, 12, 16], [20, 14, 21, 13], [15, 11, 16, 10], [2, 17, 3, 18], [4, 20, 5, 19], [14, 22, 15, 21]]"
12n_0125_89,"[[14, 22, 15, 21], [18, 23, 19, 24], [6, 2, 7, 1], [22, 4, 23, 3], [8, 5, 9, 6], [24, 8, 1, 7], [9, 13, 10, 12], [11, 17, 12, 16], [20, 14, 21, 13], [15, 11, 16, 10], [2, 17, 3, 18], [4, 20, 5, 19]]"
12n_0125_90,"[[4, 20, 5, 19], [14, 22, 15, 21], [18, 23, 19, 24], [6, 2, 7, 1], [22, 4, 23, 3], [8, 5, 9, 6], [24, 8, 1, 7], [9, 13, 10, 12], [11, 17, 12, 16], [20, 14, 21, 13], [15, 11, 16, 10], [2, 17, 3, 18]]"
12n_0125_91,"[[2, 17, 3, 18], [4, 20, 5, 19], [14, 22, 15, 21], [18, 23, 19, 24], [6, 2, 7, 1], [22, 4, 23, 3], [8, 5, 9, 6], [24, 8, 1, 7], [9, 13, 10, 12], [11, 17, 12, 16], [20, 14, 21, 13], [15, 11, 16, 10]]"
12n_0125_92,"[[15, 11, 16, 10], [2, 17, 3, 18], [4, 20, 5, 19], [14, 22, 15, 21], [18, 23, 19, 24], [6, 2, 7, 1], [22, 4, 23, 3], [8, 5, 9, 6], [24, 8, 1, 7], [9, 13, 10, 12], [11, 17, 12, 16], [20, 14, 21, 13]]"
12n_0125_93,"[[20, 14, 21, 13], [15, 11, 16, 10], [2, 17, 3, 18], [4, 20, 5, 19], [14, 22, 15, 21], [18, 23, 19, 24], [6, 2, 7, 1], [22, 4, 23, 3], [8, 5, 9, 6], [24, 8, 1, 7], [9, 13, 10, 12], [11, 17, 12, 16]]"
12n_0125_94,"[[11, 17, 12, 16], [20, 14, 21, 13], [15, 11, 16, 10], [2, 17, 3, 18], [4, 20, 5, 19], [14, 22, 15, 21], [18, 23, 19, 24], [6, 2, 7, 1], [22, 4, 23, 3], [8, 5, 9, 6], [24, 8, 1, 7], [9, 13, 10, 12]]"
12n_0125_95,"[[9, 13, 10, 12], [11, 17, 12, 16], [20, 14, 21, 13], [15, 11, 16, 10], [2, 17, 3, 18], [4, 20, 5, 19], [14, 22, 15, 21], [18, 23, 19, 24], [6, 2, 7, 1], [22, 4, 23, 3], [8, 5, 9, 6], [24, 8, 1, 7]]"
12n_0125_96,"[[1, 9, 2, 8], [10, 14, 11, 13], [12, 18, 13, 17], [21, 15, 22, 14], [16, 12, 17, 11], [3, 18, 4, 19], [5, 21, 6, 20], [15, 23, 16, 22], [19, 24, 20, 1], [7, 3, 8, 2], [23, 5, 24, 4], [9, 6, 10, 7]]"
12n_0125_97,"[[9, 6, 10, 7], [1, 9, 2, 8], [10, 14, 11, 13], [12, 18, 13, 17], [21, 15, 22, 14], [16, 12, 17, 11], [3, 18, 4, 19], [5, 21, 6, 20], [15, 23, 16, 22], [19, 24, 20, 1], [7, 3, 8, 2], [23, 5, 24, 4]]"
12n_0125_98,"[[23, 5, 24, 4], [9, 6, 10, 7], [1, 9, 2, 8], [10, 14, 11, 13], [12, 18, 13, 17], [21, 15, 22, 14], [16, 12, 17, 11], [3, 18, 4, 19], [5, 21, 6, 20], [15, 23, 16, 22], [19, 24, 20, 1], [7, 3, 8, 2]]"
12n_0125_99,"[[7, 3, 8, 2], [23, 5, 24, 4], [9, 6, 10, 7], [1, 9, 2, 8], [10, 14, 11, 13], [12, 18, 13, 17], [21, 15, 22, 14], [16, 12, 17, 11], [3, 18, 4, 19], [5, 21, 6, 20], [15, 23, 16, 22], [19, 24, 20, 1]]"
12n_0125_100,"[[19, 24, 20, 1], [7, 3, 8, 2], [23, 5, 24, 4], [9, 6, 10, 7], [1, 9, 2, 8], [10, 14, 11, 13], [12, 18, 13, 17], [21, 15, 22, 14], [16, 12, 17, 11], [3, 18, 4, 19], [5, 21, 6, 20], [15, 23, 16, 22]]"
12n_0125_101,"[[15, 23, 16, 22], [19, 24, 20, 1], [7, 3, 8, 2], [23, 5, 24, 4], [9, 6, 10, 7], [1, 9, 2, 8], [10, 14, 11, 13], [12, 18, 13, 17], [21, 15, 22, 14], [16, 12, 17, 11], [3, 18, 4, 19], [5, 21, 6, 20]]"
12n_0125_102,"[[5, 21, 6, 20], [15, 23, 16, 22], [19, 24, 20, 1], [7, 3, 8, 2], [23, 5, 24, 4], [9, 6, 10, 7], [1, 9, 2, 8], [10, 14, 11, 13], [12, 18, 13, 17], [21, 15, 22, 14], [16, 12, 17, 11], [3, 18, 4, 19]]"
12n_0125_103,"[[3, 18, 4, 19], [5, 21, 6, 20], [15, 23, 16, 22], [19, 24, 20, 1], [7, 3, 8, 2], [23, 5, 24, 4], [9, 6, 10, 7], [1, 9, 2, 8], [10, 14, 11, 13], [12, 18, 13, 17], [21, 15, 22, 14], [16, 12, 17, 11]]"
12n_0125_104,"[[16, 12, 17, 11], [3, 18, 4, 19], [5, 21, 6, 20], [15, 23, 16, 22], [19, 24, 20, 1], [7, 3, 8, 2], [23, 5, 24, 4], [9, 6, 10, 7], [1, 9, 2, 8], [10, 14, 11, 13], [12, 18, 13, 17], [21, 15, 22, 14]]"
12n_0125_105,"[[21, 15, 22, 14], [16, 12, 17, 11], [3, 18, 4, 19], [5, 21, 6, 20], [15, 23, 16, 22], [19, 24, 20, 1], [7, 3, 8, 2], [23, 5, 24, 4], [9, 6, 10, 7], [1, 9, 2, 8], [10, 14, 11, 13], [12, 18, 13, 17]]"
12n_0125_106,"[[12, 18, 13, 17], [21, 15, 22, 14], [16, 12, 17, 11], [3, 18, 4, 19], [5, 21, 6, 20], [15, 23, 16, 22], [19, 24, 20, 1], [7, 3, 8, 2], [23, 5, 24, 4], [9, 6, 10, 7], [1, 9, 2, 8], [10, 14, 11, 13]]"
12n_0125_107,"[[10, 14, 11, 13], [12, 18, 13, 17], [21, 15, 22, 14], [16, 12, 17, 11], [3, 18, 4, 19], [5, 21, 6, 20], [15, 23, 16, 22], [19, 24, 20, 1], [7, 3, 8, 2], [23, 5, 24, 4], [9, 6, 10, 7], [1, 9, 2, 8]]"
12n_0125_108,"[[2, 10, 3, 9], [11, 15, 12, 14], [13, 19, 14, 18], [22, 16, 23, 15], [17, 13, 18, 12], [4, 19, 5, 20], [6, 22, 7, 21], [16, 24, 17, 23], [20, 1, 21, 2], [8, 4, 9, 3], [24, 6, 1, 5], [10, 7, 11, 8]]"
12n_0125_109,"[[10, 7, 11, 8], [2, 10, 3, 9], [11, 15, 12, 14], [13, 19, 14, 18], [22, 16, 23, 15], [17, 13, 18, 12], [4, 19, 5, 20], [6, 22, 7, 21], [16, 24, 17, 23], [20, 1, 21, 2], [8, 4, 9, 3], [24, 6, 1, 5]]"
12n_0125_110,"[[24, 6, 1, 5], [10, 7, 11, 8], [2, 10, 3, 9], [11, 15, 12, 14], [13, 19, 14, 18], [22, 16, 23, 15], [17, 13, 18, 12], [4, 19, 5, 20], [6, 22, 7, 21], [16, 24, 17, 23], [20, 1, 21, 2], [8, 4, 9, 3]]"
12n_0125_111,"[[8, 4, 9, 3], [24, 6, 1, 5], [10, 7, 11, 8], [2, 10, 3, 9], [11, 15, 12, 14], [13, 19, 14, 18], [22, 16, 23, 15], [17, 13, 18, 12], [4, 19, 5, 20], [6, 22, 7, 21], [16, 24, 17, 23], [20, 1, 21, 2]]"
12n_0125_112,"[[20, 1, 21, 2], [8, 4, 9, 3], [24, 6, 1, 5], [10, 7, 11, 8], [2, 10, 3, 9], [11, 15, 12, 14], [13, 19, 14, 18], [22, 16, 23, 15], [17, 13, 18, 12], [4, 19, 5, 20], [6, 22, 7, 21], [16, 24, 17, 23]]"
12n_0125_113,"[[16, 24, 17, 23], [20, 1, 21, 2], [8, 4, 9, 3], [24, 6, 1, 5], [10, 7, 11, 8], [2, 10, 3, 9], [11, 15, 12, 14], [13, 19, 14, 18], [22, 16, 23, 15], [17, 13, 18, 12], [4, 19, 5, 20], [6, 22, 7, 21]]"
12n_0125_114,"[[6, 22, 7, 21], [16, 24, 17, 23], [20, 1, 21, 2], [8, 4, 9, 3], [24, 6, 1, 5], [10, 7, 11, 8], [2, 10, 3, 9], [11, 15, 12, 14], [13, 19, 14, 18], [22, 16, 23, 15], [17, 13, 18, 12], [4, 19, 5, 20]]"
12n_0125_115,"[[4, 19, 5, 20], [6, 22, 7, 21], [16, 24, 17, 23], [20, 1, 21, 2], [8, 4, 9, 3], [24, 6, 1, 5], [10, 7, 11, 8], [2, 10, 3, 9], [11, 15, 12, 14], [13, 19, 14, 18], [22, 16, 23, 15], [17, 13, 18, 12]]"
12n_0125_116,"[[17, 13, 18, 12], [4, 19, 5, 20], [6, 22, 7, 21], [16, 24, 17, 23], [20, 1, 21, 2], [8, 4, 9, 3], [24, 6, 1, 5], [10, 7, 11, 8], [2, 10, 3, 9], [11, 15, 12, 14], [13, 19, 14, 18], [22, 16, 23, 15]]"
12n_0125_117,"[[22, 16, 23, 15], [17, 13, 18, 12], [4, 19, 5, 20], [6, 22, 7, 21], [16, 24, 17, 23], [20, 1, 21, 2], [8, 4, 9, 3], [24, 6, 1, 5], [10, 7, 11, 8], [2, 10, 3, 9], [11, 15, 12, 14], [13, 19, 14, 18]]"
12n_0125_118,"[[13, 19, 14, 18], [22, 16, 23, 15], [17, 13, 18, 12], [4, 19, 5, 20], [6, 22, 7, 21], [16, 24, 17, 23], [20, 1, 21, 2], [8, 4, 9, 3], [24, 6, 1, 5], [10, 7, 11, 8], [2, 10, 3, 9], [11, 15, 12, 14]]"
12n_0125_119,"[[11, 15, 12, 14], [13, 19, 14, 18], [22, 16, 23, 15], [17, 13, 18, 12], [4, 19, 5, 20], [6, 22, 7, 21], [16, 24, 17, 23], [20, 1, 21, 2], [8, 4, 9, 3], [24, 6, 1, 5], [10, 7, 11, 8], [2, 10, 3, 9]]"
12n_0125_120,"[[3, 11, 4, 10], [12, 16, 13, 15], [14, 20, 15, 19], [23, 17, 24, 16], [18, 14, 19, 13], [5, 20, 6, 21], [7, 23, 8, 22], [17, 1, 18, 24], [21, 2, 22, 3], [9, 5, 10, 4], [1, 7, 2, 6], [11, 8, 12, 9]]"
12n_0125_121,"[[11, 8, 12, 9], [3, 11, 4, 10], [12, 16, 13, 15], [14, 20, 15, 19], [23, 17, 24, 16], [18, 14, 19, 13], [5, 20, 6, 21], [7, 23, 8, 22], [17, 1, 18, 24], [21, 2, 22, 3], [9, 5, 10, 4], [1, 7, 2, 6]]"
12n_0125_122,"[[1, 7, 2, 6], [11, 8, 12, 9], [3, 11, 4, 10], [12, 16, 13, 15], [14, 20, 15, 19], [23, 17, 24, 16], [18, 14, 19, 13], [5, 20, 6, 21], [7, 23, 8, 22], [17, 1, 18, 24], [21, 2, 22, 3], [9, 5, 10, 4]]"
12n_0125_123,"[[9, 5, 10, 4], [1, 7, 2, 6], [11, 8, 12, 9], [3, 11, 4, 10], [12, 16, 13, 15], [14, 20, 15, 19], [23, 17, 24, 16], [18, 14, 19, 13], [5, 20, 6, 21], [7, 23, 8, 22], [17, 1, 18, 24], [21, 2, 22, 3]]"
12n_0125_124,"[[21, 2, 22, 3], [9, 5, 10, 4], [1, 7, 2, 6], [11, 8, 12, 9], [3, 11, 4, 10], [12, 16, 13, 15], [14, 20, 15, 19], [23, 17, 24, 16], [18, 14, 19, 13], [5, 20, 6, 21], [7, 23, 8, 22], [17, 1, 18, 24]]"
12n_0125_125,"[[17, 1, 18, 24], [21, 2, 22, 3], [9, 5, 10, 4], [1, 7, 2, 6], [11, 8, 12, 9], [3, 11, 4, 10], [12, 16, 13, 15], [14, 20, 15, 19], [23, 17, 24, 16], [18, 14, 19, 13], [5, 20, 6, 21], [7, 23, 8, 22]]"
12n_0125_126,"[[7, 23, 8, 22], [17, 1, 18, 24], [21, 2, 22, 3], [9, 5, 10, 4], [1, 7, 2, 6], [11, 8, 12, 9], [3, 11, 4, 10], [12, 16, 13, 15], [14, 20, 15, 19], [23, 17, 24, 16], [18, 14, 19, 13], [5, 20, 6, 21]]"
12n_0125_127,"[[5, 20, 6, 21], [7, 23, 8, 22], [17, 1, 18, 24], [21, 2, 22, 3], [9, 5, 10, 4], [1, 7, 2, 6], [11, 8, 12, 9], [3, 11, 4, 10], [12, 16, 13, 15], [14, 20, 15, 19], [23, 17, 24, 16], [18, 14, 19, 13]]"
12n_0125_128,"[[18, 14, 19, 13], [5, 20, 6, 21], [7, 23, 8, 22], [17, 1, 18, 24], [21, 2, 22, 3], [9, 5, 10, 4], [1, 7, 2, 6], [11, 8, 12, 9], [3, 11, 4, 10], [12, 16, 13, 15], [14, 20, 15, 19], [23, 17, 24, 16]]"
12n_0125_129,"[[23, 17, 24, 16], [18, 14, 19, 13], [5, 20, 6, 21], [7, 23, 8, 22], [17, 1, 18, 24], [21, 2, 22, 3], [9, 5, 10, 4], [1, 7, 2, 6], [11, 8, 12, 9], [3, 11, 4, 10], [12, 16, 13, 15], [14, 20, 15, 19]]"
12n_0125_130,"[[14, 20, 15, 19], [23, 17, 24, 16], [18, 14, 19, 13], [5, 20, 6, 21], [7, 23, 8, 22], [17, 1, 18, 24], [21, 2, 22, 3], [9, 5, 10, 4], [1, 7, 2, 6], [11, 8, 12, 9], [3, 11, 4, 10], [12, 16, 13, 15]]"
12n_0125_131,"[[12, 16, 13, 15], [14, 20, 15, 19], [23, 17, 24, 16], [18, 14, 19, 13], [5, 20, 6, 21], [7, 23, 8, 22], [17, 1, 18, 24], [21, 2, 22, 3], [9, 5, 10, 4], [1, 7, 2, 6], [11, 8, 12, 9], [3, 11, 4, 10]]"
12n_0125_132,"[[4, 12, 5, 11], [13, 17, 14, 16], [15, 21, 16, 20], [24, 18, 1, 17], [19, 15, 20, 14], [6, 21, 7, 22], [8, 24, 9, 23], [18, 2, 19, 1], [22, 3, 23, 4], [10, 6, 11, 5], [2, 8, 3, 7], [12, 9, 13, 10]]"
12n_0125_133,"[[12, 9, 13, 10], [4, 12, 5, 11], [13, 17, 14, 16], [15, 21, 16, 20], [24, 18, 1, 17], [19, 15, 20, 14], [6, 21, 7, 22], [8, 24, 9, 23], [18, 2, 19, 1], [22, 3, 23, 4], [10, 6, 11, 5], [2, 8, 3, 7]]"
12n_0125_134,"[[2, 8, 3, 7], [12, 9, 13, 10], [4, 12, 5, 11], [13, 17, 14, 16], [15, 21, 16, 20], [24, 18, 1, 17], [19, 15, 20, 14], [6, 21, 7, 22], [8, 24, 9, 23], [18, 2, 19, 1], [22, 3, 23, 4], [10, 6, 11, 5]]"
12n_0125_135,"[[10, 6, 11, 5], [2, 8, 3, 7], [12, 9, 13, 10], [4, 12, 5, 11], [13, 17, 14, 16], [15, 21, 16, 20], [24, 18, 1, 17], [19, 15, 20, 14], [6, 21, 7, 22], [8, 24, 9, 23], [18, 2, 19, 1], [22, 3, 23, 4]]"
12n_0125_136,"[[22, 3, 23, 4], [10, 6, 11, 5], [2, 8, 3, 7], [12, 9, 13, 10], [4, 12, 5, 11], [13, 17, 14, 16], [15, 21, 16, 20], [24, 18, 1, 17], [19, 15, 20, 14], [6, 21, 7, 22], [8, 24, 9, 23], [18, 2, 19, 1]]"
12n_0125_137,"[[18, 2, 19, 1], [22, 3, 23, 4], [10, 6, 11, 5], [2, 8, 3, 7], [12, 9, 13, 10], [4, 12, 5, 11], [13, 17, 14, 16], [15, 21, 16, 20], [24, 18, 1, 17], [19, 15, 20, 14], [6, 21, 7, 22], [8, 24, 9, 23]]"
12n_0125_138,"[[8, 24, 9, 23], [18, 2, 19, 1], [22, 3, 23, 4], [10, 6, 11, 5], [2, 8, 3, 7], [12, 9, 13, 10], [4, 12, 5, 11], [13, 17, 14, 16], [15, 21, 16, 20], [24, 18, 1, 17], [19, 15, 20, 14], [6, 21, 7, 22]]"
12n_0125_139,"[[6, 21, 7, 22], [8, 24, 9, 23], [18, 2, 19, 1], [22, 3, 23, 4], [10, 6, 11, 5], [2, 8, 3, 7], [12, 9, 13, 10], [4, 12, 5, 11], [13, 17, 14, 16], [15, 21, 16, 20], [24, 18, 1, 17], [19, 15, 20, 14]]"
12n_0125_140,"[[19, 15, 20, 14], [6, 21, 7, 22], [8, 24, 9, 23], [18, 2, 19, 1], [22, 3, 23, 4], [10, 6, 11, 5], [2, 8, 3, 7], [12, 9, 13, 10], [4, 12, 5, 11], [13, 17, 14, 16], [15, 21, 16, 20], [24, 18, 1, 17]]"
12n_0125_141,"[[24, 18, 1, 17], [19, 15, 20, 14], [6, 21, 7, 22], [8, 24, 9, 23], [18, 2, 19, 1], [22, 3, 23, 4], [10, 6, 11, 5], [2, 8, 3, 7], [12, 9, 13, 10], [4, 12, 5, 11], [13, 17, 14, 16], [15, 21, 16, 20]]"
12n_0125_142,"[[15, 21, 16, 20], [24, 18, 1, 17], [19, 15, 20, 14], [6, 21, 7, 22], [8, 24, 9, 23], [18, 2, 19, 1], [22, 3, 23, 4], [10, 6, 11, 5], [2, 8, 3, 7], [12, 9, 13, 10], [4, 12, 5, 11], [13, 17, 14, 16]]"
12n_0125_143,"[[13, 17, 14, 16], [15, 21, 16, 20], [24, 18, 1, 17], [19, 15, 20, 14], [6, 21, 7, 22], [8, 24, 9, 23], [18, 2, 19, 1], [22, 3, 23, 4], [10, 6, 11, 5], [2, 8, 3, 7], [12, 9, 13, 10], [4, 12, 5, 11]]"
12n_0125_144,"[[5, 13, 6, 12], [14, 18, 15, 17], [16, 22, 17, 21], [1, 19, 2, 18], [20, 16, 21, 15], [7, 22, 8, 23], [9, 1, 10, 24], [19, 3, 20, 2], [23, 4, 24, 5], [11, 7, 12, 6], [3, 9, 4, 8], [13, 10, 14, 11]]"
12n_0125_145,"[[13, 10, 14, 11], [5, 13, 6, 12], [14, 18, 15, 17], [16, 22, 17, 21], [1, 19, 2, 18], [20, 16, 21, 15], [7, 22, 8, 23], [9, 1, 10, 24], [19, 3, 20, 2], [23, 4, 24, 5], [11, 7, 12, 6], [3, 9, 4, 8]]"
12n_0125_146,"[[3, 9, 4, 8], [13, 10, 14, 11], [5, 13, 6, 12], [14, 18, 15, 17], [16, 22, 17, 21], [1, 19, 2, 18], [20, 16, 21, 15], [7, 22, 8, 23], [9, 1, 10, 24], [19, 3, 20, 2], [23, 4, 24, 5], [11, 7, 12, 6]]"
12n_0125_147,"[[11, 7, 12, 6], [3, 9, 4, 8], [13, 10, 14, 11], [5, 13, 6, 12], [14, 18, 15, 17], [16, 22, 17, 21], [1, 19, 2, 18], [20, 16, 21, 15], [7, 22, 8, 23], [9, 1, 10, 24], [19, 3, 20, 2], [23, 4, 24, 5]]"
12n_0125_148,"[[23, 4, 24, 5], [11, 7, 12, 6], [3, 9, 4, 8], [13, 10, 14, 11], [5, 13, 6, 12], [14, 18, 15, 17], [16, 22, 17, 21], [1, 19, 2, 18], [20, 16, 21, 15], [7, 22, 8, 23], [9, 1, 10, 24], [19, 3, 20, 2]]"
12n_0125_149,"[[19, 3, 20, 2], [23, 4, 24, 5], [11, 7, 12, 6], [3, 9, 4, 8], [13, 10, 14, 11], [5, 13, 6, 12], [14, 18, 15, 17], [16, 22, 17, 21], [1, 19, 2, 18], [20, 16, 21, 15], [7, 22, 8, 23], [9, 1, 10, 24]]"
12n_0125_150,"[[9, 1, 10, 24], [19, 3, 20, 2], [23, 4, 24, 5], [11, 7, 12, 6], [3, 9, 4, 8], [13, 10, 14, 11], [5, 13, 6, 12], [14, 18, 15, 17], [16, 22, 17, 21], [1, 19, 2, 18], [20, 16, 21, 15], [7, 22, 8, 23]]"
12n_0125_151,"[[7, 22, 8, 23], [9, 1, 10, 24], [19, 3, 20, 2], [23, 4, 24, 5], [11, 7, 12, 6], [3, 9, 4, 8], [13, 10, 14, 11], [5, 13, 6, 12], [14, 18, 15, 17], [16, 22, 17, 21], [1, 19, 2, 18], [20, 16, 21, 15]]"
12n_0125_152,"[[20, 16, 21, 15], [7, 22, 8, 23], [9, 1, 10, 24], [19, 3, 20, 2], [23, 4, 24, 5], [11, 7, 12, 6], [3, 9, 4, 8], [13, 10, 14, 11], [5, 13, 6, 12], [14, 18, 15, 17], [16, 22, 17, 21], [1, 19, 2, 18]]"
12n_0125_153,"[[1, 19, 2, 18], [20, 16, 21, 15], [7, 22, 8, 23], [9, 1, 10, 24], [19, 3, 20, 2], [23, 4, 24, 5], [11, 7, 12, 6], [3, 9, 4, 8], [13, 10, 14, 11], [5, 13, 6, 12], [14, 18, 15, 17], [16, 22, 17, 21]]"
12n_0125_154,"[[16, 22, 17, 21], [1, 19, 2, 18], [20, 16, 21, 15], [7, 22, 8, 23], [9, 1, 10, 24], [19, 3, 20, 2], [23, 4, 24, 5], [11, 7, 12, 6], [3, 9, 4, 8], [13, 10, 14, 11], [5, 13, 6, 12], [14, 18, 15, 17]]"
12n_0125_155,"[[14, 18, 15, 17], [16, 22, 17, 21], [1, 19, 2, 18], [20, 16, 21, 15], [7, 22, 8, 23], [9, 1, 10, 24], [19, 3, 20, 2], [23, 4, 24, 5], [11, 7, 12, 6], [3, 9, 4, 8], [13, 10, 14, 11], [5, 13, 6, 12]]"
12n_0125_156,"[[6, 14, 7, 13], [15, 19, 16, 18], [17, 23, 18, 22], [2, 20, 3, 19], [21, 17, 22, 16], [8, 23, 9, 24], [10, 2, 11, 1], [20, 4, 21, 3], [24, 5, 1, 6], [12, 8, 13, 7], [4, 10, 5, 9], [14, 11, 15, 12]]"
12n_0125_157,"[[14, 11, 15, 12], [6, 14, 7, 13], [15, 19, 16, 18], [17, 23, 18, 22], [2, 20, 3, 19], [21, 17, 22, 16], [8, 23, 9, 24], [10, 2, 11, 1], [20, 4, 21, 3], [24, 5, 1, 6], [12, 8, 13, 7], [4, 10, 5, 9]]"
12n_0125_158,"[[4, 10, 5, 9], [14, 11, 15, 12], [6, 14, 7, 13], [15, 19, 16, 18], [17, 23, 18, 22], [2, 20, 3, 19], [21, 17, 22, 16], [8, 23, 9, 24], [10, 2, 11, 1], [20, 4, 21, 3], [24, 5, 1, 6], [12, 8, 13, 7]]"
12n_0125_159,"[[12, 8, 13, 7], [4, 10, 5, 9], [14, 11, 15, 12], [6, 14, 7, 13], [15, 19, 16, 18], [17, 23, 18, 22], [2, 20, 3, 19], [21, 17, 22, 16], [8, 23, 9, 24], [10, 2, 11, 1], [20, 4, 21, 3], [24, 5, 1, 6]]"
12n_0125_160,"[[24, 5, 1, 6], [12, 8, 13, 7], [4, 10, 5, 9], [14, 11, 15, 12], [6, 14, 7, 13], [15, 19, 16, 18], [17, 23, 18, 22], [2, 20, 3, 19], [21, 17, 22, 16], [8, 23, 9, 24], [10, 2, 11, 1], [20, 4, 21, 3]]"
12n_0125_161,"[[20, 4, 21, 3], [24, 5, 1, 6], [12, 8, 13, 7], [4, 10, 5, 9], [14, 11, 15, 12], [6, 14, 7, 13], [15, 19, 16, 18], [17, 23, 18, 22], [2, 20, 3, 19], [21, 17, 22, 16], [8, 23, 9, 24], [10, 2, 11, 1]]"
12n_0125_162,"[[10, 2, 11, 1], [20, 4, 21, 3], [24, 5, 1, 6], [12, 8, 13, 7], [4, 10, 5, 9], [14, 11, 15, 12], [6, 14, 7, 13], [15, 19, 16, 18], [17, 23, 18, 22], [2, 20, 3, 19], [21, 17, 22, 16], [8, 23, 9, 24]]"
12n_0125_163,"[[8, 23, 9, 24], [10, 2, 11, 1], [20, 4, 21, 3], [24, 5, 1, 6], [12, 8, 13, 7], [4, 10, 5, 9], [14, 11, 15, 12], [6, 14, 7, 13], [15, 19, 16, 18], [17, 23, 18, 22], [2, 20, 3, 19], [21, 17, 22, 16]]"
12n_0125_164,"[[21, 17, 22, 16], [8, 23, 9, 24], [10, 2, 11, 1], [20, 4, 21, 3], [24, 5, 1, 6], [12, 8, 13, 7], [4, 10, 5, 9], [14, 11, 15, 12], [6, 14, 7, 13], [15, 19, 16, 18], [17, 23, 18, 22], [2, 20, 3, 19]]"
12n_0125_165,"[[2, 20, 3, 19], [21, 17, 22, 16], [8, 23, 9, 24], [10, 2, 11, 1], [20, 4, 21, 3], [24, 5, 1, 6], [12, 8, 13, 7], [4, 10, 5, 9], [14, 11, 15, 12], [6, 14, 7, 13], [15, 19, 16, 18], [17, 23, 18, 22]]"
12n_0125_166,"[[17, 23, 18, 22], [2, 20, 3, 19], [21, 17, 22, 16], [8, 23, 9, 24], [10, 2, 11, 1], [20, 4, 21, 3], [24, 5, 1, 6], [12, 8, 13, 7], [4, 10, 5, 9], [14, 11, 15, 12], [6, 14, 7, 13], [15, 19, 16, 18]]"
12n_0125_167,"[[15, 19, 16, 18], [17, 23, 18, 22], [2, 20, 3, 19], [21, 17, 22, 16], [8, 23, 9, 24], [10, 2, 11, 1], [20, 4, 21, 3], [24, 5, 1, 6], [12, 8, 13, 7], [4, 10, 5, 9], [14, 11, 15, 12], [6, 14, 7, 13]]"
12n_0125_168,"[[7, 15, 8, 14], [16, 20, 17, 19], [18, 24, 19, 23], [3, 21, 4, 20], [22, 18, 23, 17], [9, 24, 10, 1], [11, 3, 12, 2], [21, 5, 22, 4], [1, 6, 2, 7], [13, 9, 14, 8], [5, 11, 6, 10], [15, 12, 16, 13]]"
12n_0125_169,"[[15, 12, 16, 13], [7, 15, 8, 14], [16, 20, 17, 19], [18, 24, 19, 23], [3, 21, 4, 20], [22, 18, 23, 17], [9, 24, 10, 1], [11, 3, 12, 2], [21, 5, 22, 4], [1, 6, 2, 7], [13, 9, 14, 8], [5, 11, 6, 10]]"
12n_0125_170,"[[5, 11, 6, 10], [15, 12, 16, 13], [7, 15, 8, 14], [16, 20, 17, 19], [18, 24, 19, 23], [3, 21, 4, 20], [22, 18, 23, 17], [9, 24, 10, 1], [11, 3, 12, 2], [21, 5, 22, 4], [1, 6, 2, 7], [13, 9, 14, 8]]"
12n_0125_171,"[[13, 9, 14, 8], [5, 11, 6, 10], [15, 12, 16, 13], [7, 15, 8, 14], [16, 20, 17, 19], [18, 24, 19, 23], [3, 21, 4, 20], [22, 18, 23, 17], [9, 24, 10, 1], [11, 3, 12, 2], [21, 5, 22, 4], [1, 6, 2, 7]]"
12n_0125_172,"[[1, 6, 2, 7], [13, 9, 14, 8], [5, 11, 6, 10], [15, 12, 16, 13], [7, 15, 8, 14], [16, 20, 17, 19], [18, 24, 19, 23], [3, 21, 4, 20], [22, 18, 23, 17], [9, 24, 10, 1], [11, 3, 12, 2], [21, 5, 22, 4]]"
12n_0125_173,"[[21, 5, 22, 4], [1, 6, 2, 7], [13, 9, 14, 8], [5, 11, 6, 10], [15, 12, 16, 13], [7, 15, 8, 14], [16, 20, 17, 19], [18, 24, 19, 23], [3, 21, 4, 20], [22, 18, 23, 17], [9, 24, 10, 1], [11, 3, 12, 2]]"
12n_0125_174,"[[11, 3, 12, 2], [21, 5, 22, 4], [1, 6, 2, 7], [13, 9, 14, 8], [5, 11, 6, 10], [15, 12, 16, 13], [7, 15, 8, 14], [16, 20, 17, 19], [18, 24, 19, 23], [3, 21, 4, 20], [22, 18, 23, 17], [9, 24, 10, 1]]"
12n_0125_175,"[[9, 24, 10, 1], [11, 3, 12, 2], [21, 5, 22, 4], [1, 6, 2, 7], [13, 9, 14, 8], [5, 11, 6, 10], [15, 12, 16, 13], [7, 15, 8, 14], [16, 20, 17, 19], [18, 24, 19, 23], [3, 21, 4, 20], [22, 18, 23, 17]]"
12n_0125_176,"[[22, 18, 23, 17], [9, 24, 10, 1], [11, 3, 12, 2], [21, 5, 22, 4], [1, 6, 2, 7], [13, 9, 14, 8], [5, 11, 6, 10], [15, 12, 16, 13], [7, 15, 8, 14], [16, 20, 17, 19], [18, 24, 19, 23], [3, 21, 4, 20]]"
12n_0125_177,"[[3, 21, 4, 20], [22, 18, 23, 17], [9, 24, 10, 1], [11, 3, 12, 2], [21, 5, 22, 4], [1, 6, 2, 7], [13, 9, 14, 8], [5, 11, 6, 10], [15, 12, 16, 13], [7, 15, 8, 14], [16, 20, 17, 19], [18, 24, 19, 23]]"
12n_0125_178,"[[18, 24, 19, 23], [3, 21, 4, 20], [22, 18, 23, 17], [9, 24, 10, 1], [11, 3, 12, 2], [21, 5, 22, 4], [1, 6, 2, 7], [13, 9, 14, 8], [5, 11, 6, 10], [15, 12, 16, 13], [7, 15, 8, 14], [16, 20, 17, 19]]"
12n_0125_179,"[[16, 20, 17, 19], [18, 24, 19, 23], [3, 21, 4, 20], [22, 18, 23, 17], [9, 24, 10, 1], [11, 3, 12, 2], [21, 5, 22, 4], [1, 6, 2, 7], [13, 9, 14, 8], [5, 11, 6, 10], [15, 12, 16, 13], [7, 15, 8, 14]]"
12n_0125_180,"[[8, 16, 9, 15], [17, 21, 18, 20], [19, 1, 20, 24], [4, 22, 5, 21], [23, 19, 24, 18], [10, 1, 11, 2], [12, 4, 13, 3], [22, 6, 23, 5], [2, 7, 3, 8], [14, 10, 15, 9], [6, 12, 7, 11], [16, 13, 17, 14]]"
12n_0125_181,"[[16, 13, 17, 14], [8, 16, 9, 15], [17, 21, 18, 20], [19, 1, 20, 24], [4, 22, 5, 21], [23, 19, 24, 18], [10, 1, 11, 2], [12, 4, 13, 3], [22, 6, 23, 5], [2, 7, 3, 8], [14, 10, 15, 9], [6, 12, 7, 11]]"
12n_0125_182,"[[6, 12, 7, 11], [16, 13, 17, 14], [8, 16, 9, 15], [17, 21, 18, 20], [19, 1, 20, 24], [4, 22, 5, 21], [23, 19, 24, 18], [10, 1, 11, 2], [12, 4, 13, 3], [22, 6, 23, 5], [2, 7, 3, 8], [14, 10, 15, 9]]"
12n_0125_183,"[[14, 10, 15, 9], [6, 12, 7, 11], [16, 13, 17, 14], [8, 16, 9, 15], [17, 21, 18, 20], [19, 1, 20, 24], [4, 22, 5, 21], [23, 19, 24, 18], [10, 1, 11, 2], [12, 4, 13, 3], [22, 6, 23, 5], [2, 7, 3, 8]]"
12n_0125_184,"[[2, 7, 3, 8], [14, 10, 15, 9], [6, 12, 7, 11], [16, 13, 17, 14], [8, 16, 9, 15], [17, 21, 18, 20], [19, 1, 20, 24], [4, 22, 5, 21], [23, 19, 24, 18], [10, 1, 11, 2], [12, 4, 13, 3], [22, 6, 23, 5]]"
12n_0125_185,"[[22, 6, 23, 5], [2, 7, 3, 8], [14, 10, 15, 9], [6, 12, 7, 11], [16, 13, 17, 14], [8, 16, 9, 15], [17, 21, 18, 20], [19, 1, 20, 24], [4, 22, 5, 21], [23, 19, 24, 18], [10, 1, 11, 2], [12, 4, 13, 3]]"
