name,pd_notation
12n_0156_0,"[[13, 24, 14, 1], [2, 6, 3, 5], [4, 10, 5, 9], [15, 7, 16, 6], [8, 4, 9, 3], [17, 11, 18, 10], [19, 12, 20, 13], [23, 14, 24, 15], [7, 17, 8, 16], [21, 19, 22, 18], [11, 20, 12, 21], [1, 23, 2, 22]]"
12n_0156_1,"[[1, 23, 2, 22], [13, 24, 14, 1], [2, 6, 3, 5], [4, 10, 5, 9], [15, 7, 16, 6], [8, 4, 9, 3], [17, 11, 18, 10], [19, 12, 20, 13], [23, 14, 24, 15], [7, 17, 8, 16], [21, 19, 22, 18], [11, 20, 12, 21]]"
12n_0156_2,"[[11, 20, 12, 21], [1, 23, 2, 22], [13, 24, 14, 1], [2, 6, 3, 5], [4, 10, 5, 9], [15, 7, 16, 6], [8, 4, 9, 3], [17, 11, 18, 10], [19, 12, 20, 13], [23, 14, 24, 15], [7, 17, 8, 16], [21, 19, 22, 18]]"
12n_0156_3,"[[21, 19, 22, 18], [11, 20, 12, 21], [1, 23, 2, 22], [13, 24, 14, 1], [2, 6, 3, 5], [4, 10, 5, 9], [15, 7, 16, 6], [8, 4, 9, 3], [17, 11, 18, 10], [19, 12, 20, 13], [23, 14, 24, 15], [7, 17, 8, 16]]"
12n_0156_4,"[[7, 17, 8, 16], [21, 19, 22, 18], [11, 20, 12, 21], [1, 23, 2, 22], [13, 24, 14, 1], [2, 6, 3, 5], [4, 10, 5, 9], [15, 7, 16, 6], [8, 4, 9, 3], [17, 11, 18, 10], [19, 12, 20, 13], [23, 14, 24, 15]]"
12n_0156_5,"[[23, 14, 24, 15], [7, 17, 8, 16], [21, 19, 22, 18], [11, 20, 12, 21], [1, 23, 2, 22], [13, 24, 14, 1], [2, 6, 3, 5], [4, 10, 5, 9], [15, 7, 16, 6], [8, 4, 9, 3], [17, 11, 18, 10], [19, 12, 20, 13]]"
12n_0156_6,"[[19, 12, 20, 13], [23, 14, 24, 15], [7, 17, 8, 16], [21, 19, 22, 18], [11, 20, 12, 21], [1, 23, 2, 22], [13, 24, 14, 1], [2, 6, 3, 5], [4, 10, 5, 9], [15, 7, 16, 6], [8, 4, 9, 3], [17, 11, 18, 10]]"
12n_0156_7,"[[17, 11, 18, 10], [19, 12, 20, 13], [23, 14, 24, 15], [7, 17, 8, 16], [21, 19, 22, 18], [11, 20, 12, 21], [1, 23, 2, 22], [13, 24, 14, 1], [2, 6, 3, 5], [4, 10, 5, 9], [15, 7, 16, 6], [8, 4, 9, 3]]"
12n_0156_8,"[[8, 4, 9, 3], [17, 11, 18, 10], [19, 12, 20, 13], [23, 14, 24, 15], [7, 17, 8, 16], [21, 19, 22, 18], [11, 20, 12, 21], [1, 23, 2, 22], [13, 24, 14, 1], [2, 6, 3, 5], [4, 10, 5, 9], [15, 7, 16, 6]]"
12n_0156_9,"[[15, 7, 16, 6], [8, 4, 9, 3], [17, 11, 18, 10], [19, 12, 20, 13], [23, 14, 24, 15], [7, 17, 8, 16], [21, 19, 22, 18], [11, 20, 12, 21], [1, 23, 2, 22], [13, 24, 14, 1], [2, 6, 3, 5], [4, 10, 5, 9]]"
12n_0156_10,"[[4, 10, 5, 9], [15, 7, 16, 6], [8, 4, 9, 3], [17, 11, 18, 10], [19, 12, 20, 13], [23, 14, 24, 15], [7, 17, 8, 16], [21, 19, 22, 18], [11, 20, 12, 21], [1, 23, 2, 22], [13, 24, 14, 1], [2, 6, 3, 5]]"
12n_0156_11,"[[2, 6, 3, 5], [4, 10, 5, 9], [15, 7, 16, 6], [8, 4, 9, 3], [17, 11, 18, 10], [19, 12, 20, 13], [23, 14, 24, 15], [7, 17, 8, 16], [21, 19, 22, 18], [11, 20, 12, 21], [1, 23, 2, 22], [13, 24, 14, 1]]"
12n_0156_12,"[[14, 1, 15, 2], [3, 7, 4, 6], [5, 11, 6, 10], [16, 8, 17, 7], [9, 5, 10, 4], [18, 12, 19, 11], [20, 13, 21, 14], [24, 15, 1, 16], [8, 18, 9, 17], [22, 20, 23, 19], [12, 21, 13, 22], [2, 24, 3, 23]]"
12n_0156_13,"[[2, 24, 3, 23], [14, 1, 15, 2], [3, 7, 4, 6], [5, 11, 6, 10], [16, 8, 17, 7], [9, 5, 10, 4], [18, 12, 19, 11], [20, 13, 21, 14], [24, 15, 1, 16], [8, 18, 9, 17], [22, 20, 23, 19], [12, 21, 13, 22]]"
12n_0156_14,"[[12, 21, 13, 22], [2, 24, 3, 23], [14, 1, 15, 2], [3, 7, 4, 6], [5, 11, 6, 10], [16, 8, 17, 7], [9, 5, 10, 4], [18, 12, 19, 11], [20, 13, 21, 14], [24, 15, 1, 16], [8, 18, 9, 17], [22, 20, 23, 19]]"
12n_0156_15,"[[22, 20, 23, 19], [12, 21, 13, 22], [2, 24, 3, 23], [14, 1, 15, 2], [3, 7, 4, 6], [5, 11, 6, 10], [16, 8, 17, 7], [9, 5, 10, 4], [18, 12, 19, 11], [20, 13, 21, 14], [24, 15, 1, 16], [8, 18, 9, 17]]"
12n_0156_16,"[[8, 18, 9, 17], [22, 20, 23, 19], [12, 21, 13, 22], [2, 24, 3, 23], [14, 1, 15, 2], [3, 7, 4, 6], [5, 11, 6, 10], [16, 8, 17, 7], [9, 5, 10, 4], [18, 12, 19, 11], [20, 13, 21, 14], [24, 15, 1, 16]]"
12n_0156_17,"[[24, 15, 1, 16], [8, 18, 9, 17], [22, 20, 23, 19], [12, 21, 13, 22], [2, 24, 3, 23], [14, 1, 15, 2], [3, 7, 4, 6], [5, 11, 6, 10], [16, 8, 17, 7], [9, 5, 10, 4], [18, 12, 19, 11], [20, 13, 21, 14]]"
12n_0156_18,"[[20, 13, 21, 14], [24, 15, 1, 16], [8, 18, 9, 17], [22, 20, 23, 19], [12, 21, 13, 22], [2, 24, 3, 23], [14, 1, 15, 2], [3, 7, 4, 6], [5, 11, 6, 10], [16, 8, 17, 7], [9, 5, 10, 4], [18, 12, 19, 11]]"
12n_0156_19,"[[18, 12, 19, 11], [20, 13, 21, 14], [24, 15, 1, 16], [8, 18, 9, 17], [22, 20, 23, 19], [12, 21, 13, 22], [2, 24, 3, 23], [14, 1, 15, 2], [3, 7, 4, 6], [5, 11, 6, 10], [16, 8, 17, 7], [9, 5, 10, 4]]"
12n_0156_20,"[[9, 5, 10, 4], [18, 12, 19, 11], [20, 13, 21, 14], [24, 15, 1, 16], [8, 18, 9, 17], [22, 20, 23, 19], [12, 21, 13, 22], [2, 24, 3, 23], [14, 1, 15, 2], [3, 7, 4, 6], [5, 11, 6, 10], [16, 8, 17, 7]]"
12n_0156_21,"[[16, 8, 17, 7], [9, 5, 10, 4], [18, 12, 19, 11], [20, 13, 21, 14], [24, 15, 1, 16], [8, 18, 9, 17], [22, 20, 23, 19], [12, 21, 13, 22], [2, 24, 3, 23], [14, 1, 15, 2], [3, 7, 4, 6], [5, 11, 6, 10]]"
12n_0156_22,"[[5, 11, 6, 10], [16, 8, 17, 7], [9, 5, 10, 4], [18, 12, 19, 11], [20, 13, 21, 14], [24, 15, 1, 16], [8, 18, 9, 17], [22, 20, 23, 19], [12, 21, 13, 22], [2, 24, 3, 23], [14, 1, 15, 2], [3, 7, 4, 6]]"
12n_0156_23,"[[3, 7, 4, 6], [5, 11, 6, 10], [16, 8, 17, 7], [9, 5, 10, 4], [18, 12, 19, 11], [20, 13, 21, 14], [24, 15, 1, 16], [8, 18, 9, 17], [22, 20, 23, 19], [12, 21, 13, 22], [2, 24, 3, 23], [14, 1, 15, 2]]"
12n_0156_24,"[[15, 2, 16, 3], [4, 8, 5, 7], [6, 12, 7, 11], [17, 9, 18, 8], [10, 6, 11, 5], [19, 13, 20, 12], [21, 14, 22, 15], [1, 16, 2, 17], [9, 19, 10, 18], [23, 21, 24, 20], [13, 22, 14, 23], [3, 1, 4, 24]]"
12n_0156_25,"[[3, 1, 4, 24], [15, 2, 16, 3], [4, 8, 5, 7], [6, 12, 7, 11], [17, 9, 18, 8], [10, 6, 11, 5], [19, 13, 20, 12], [21, 14, 22, 15], [1, 16, 2, 17], [9, 19, 10, 18], [23, 21, 24, 20], [13, 22, 14, 23]]"
12n_0156_26,"[[13, 22, 14, 23], [3, 1, 4, 24], [15, 2, 16, 3], [4, 8, 5, 7], [6, 12, 7, 11], [17, 9, 18, 8], [10, 6, 11, 5], [19, 13, 20, 12], [21, 14, 22, 15], [1, 16, 2, 17], [9, 19, 10, 18], [23, 21, 24, 20]]"
12n_0156_27,"[[23, 21, 24, 20], [13, 22, 14, 23], [3, 1, 4, 24], [15, 2, 16, 3], [4, 8, 5, 7], [6, 12, 7, 11], [17, 9, 18, 8], [10, 6, 11, 5], [19, 13, 20, 12], [21, 14, 22, 15], [1, 16, 2, 17], [9, 19, 10, 18]]"
12n_0156_28,"[[9, 19, 10, 18], [23, 21, 24, 20], [13, 22, 14, 23], [3, 1, 4, 24], [15, 2, 16, 3], [4, 8, 5, 7], [6, 12, 7, 11], [17, 9, 18, 8], [10, 6, 11, 5], [19, 13, 20, 12], [21, 14, 22, 15], [1, 16, 2, 17]]"
12n_0156_29,"[[1, 16, 2, 17], [9, 19, 10, 18], [23, 21, 24, 20], [13, 22, 14, 23], [3, 1, 4, 24], [15, 2, 16, 3], [4, 8, 5, 7], [6, 12, 7, 11], [17, 9, 18, 8], [10, 6, 11, 5], [19, 13, 20, 12], [21, 14, 22, 15]]"
12n_0156_30,"[[21, 14, 22, 15], [1, 16, 2, 17], [9, 19, 10, 18], [23, 21, 24, 20], [13, 22, 14, 23], [3, 1, 4, 24], [15, 2, 16, 3], [4, 8, 5, 7], [6, 12, 7, 11], [17, 9, 18, 8], [10, 6, 11, 5], [19, 13, 20, 12]]"
12n_0156_31,"[[19, 13, 20, 12], [21, 14, 22, 15], [1, 16, 2, 17], [9, 19, 10, 18], [23, 21, 24, 20], [13, 22, 14, 23], [3, 1, 4, 24], [15, 2, 16, 3], [4, 8, 5, 7], [6, 12, 7, 11], [17, 9, 18, 8], [10, 6, 11, 5]]"
12n_0156_32,"[[10, 6, 11, 5], [19, 13, 20, 12], [21, 14, 22, 15], [1, 16, 2, 17], [9, 19, 10, 18], [23, 21, 24, 20], [13, 22, 14, 23], [3, 1, 4, 24], [15, 2, 16, 3], [4, 8, 5, 7], [6, 12, 7, 11], [17, 9, 18, 8]]"
12n_0156_33,"[[17, 9, 18, 8], [10, 6, 11, 5], [19, 13, 20, 12], [21, 14, 22, 15], [1, 16, 2, 17], [9, 19, 10, 18], [23, 21, 24, 20], [13, 22, 14, 23], [3, 1, 4, 24], [15, 2, 16, 3], [4, 8, 5, 7], [6, 12, 7, 11]]"
12n_0156_34,"[[6, 12, 7, 11], [17, 9, 18, 8], [10, 6, 11, 5], [19, 13, 20, 12], [21, 14, 22, 15], [1, 16, 2, 17], [9, 19, 10, 18], [23, 21, 24, 20], [13, 22, 14, 23], [3, 1, 4, 24], [15, 2, 16, 3], [4, 8, 5, 7]]"
12n_0156_35,"[[4, 8, 5, 7], [6, 12, 7, 11], [17, 9, 18, 8], [10, 6, 11, 5], [19, 13, 20, 12], [21, 14, 22, 15], [1, 16, 2, 17], [9, 19, 10, 18], [23, 21, 24, 20], [13, 22, 14, 23], [3, 1, 4, 24], [15, 2, 16, 3]]"
12n_0156_36,"[[16, 3, 17, 4], [5, 9, 6, 8], [7, 13, 8, 12], [18, 10, 19, 9], [11, 7, 12, 6], [20, 14, 21, 13], [22, 15, 23, 16], [2, 17, 3, 18], [10, 20, 11, 19], [24, 22, 1, 21], [14, 23, 15, 24], [4, 2, 5, 1]]"
12n_0156_37,"[[4, 2, 5, 1], [16, 3, 17, 4], [5, 9, 6, 8], [7, 13, 8, 12], [18, 10, 19, 9], [11, 7, 12, 6], [20, 14, 21, 13], [22, 15, 23, 16], [2, 17, 3, 18], [10, 20, 11, 19], [24, 22, 1, 21], [14, 23, 15, 24]]"
12n_0156_38,"[[14, 23, 15, 24], [4, 2, 5, 1], [16, 3, 17, 4], [5, 9, 6, 8], [7, 13, 8, 12], [18, 10, 19, 9], [11, 7, 12, 6], [20, 14, 21, 13], [22, 15, 23, 16], [2, 17, 3, 18], [10, 20, 11, 19], [24, 22, 1, 21]]"
12n_0156_39,"[[24, 22, 1, 21], [14, 23, 15, 24], [4, 2, 5, 1], [16, 3, 17, 4], [5, 9, 6, 8], [7, 13, 8, 12], [18, 10, 19, 9], [11, 7, 12, 6], [20, 14, 21, 13], [22, 15, 23, 16], [2, 17, 3, 18], [10, 20, 11, 19]]"
12n_0156_40,"[[10, 20, 11, 19], [24, 22, 1, 21], [14, 23, 15, 24], [4, 2, 5, 1], [16, 3, 17, 4], [5, 9, 6, 8], [7, 13, 8, 12], [18, 10, 19, 9], [11, 7, 12, 6], [20, 14, 21, 13], [22, 15, 23, 16], [2, 17, 3, 18]]"
12n_0156_41,"[[2, 17, 3, 18], [10, 20, 11, 19], [24, 22, 1, 21], [14, 23, 15, 24], [4, 2, 5, 1], [16, 3, 17, 4], [5, 9, 6, 8], [7, 13, 8, 12], [18, 10, 19, 9], [11, 7, 12, 6], [20, 14, 21, 13], [22, 15, 23, 16]]"
12n_0156_42,"[[22, 15, 23, 16], [2, 17, 3, 18], [10, 20, 11, 19], [24, 22, 1, 21], [14, 23, 15, 24], [4, 2, 5, 1], [16, 3, 17, 4], [5, 9, 6, 8], [7, 13, 8, 12], [18, 10, 19, 9], [11, 7, 12, 6], [20, 14, 21, 13]]"
12n_0156_43,"[[20, 14, 21, 13], [22, 15, 23, 16], [2, 17, 3, 18], [10, 20, 11, 19], [24, 22, 1, 21], [14, 23, 15, 24], [4, 2, 5, 1], [16, 3, 17, 4], [5, 9, 6, 8], [7, 13, 8, 12], [18, 10, 19, 9], [11, 7, 12, 6]]"
12n_0156_44,"[[11, 7, 12, 6], [20, 14, 21, 13], [22, 15, 23, 16], [2, 17, 3, 18], [10, 20, 11, 19], [24, 22, 1, 21], [14, 23, 15, 24], [4, 2, 5, 1], [16, 3, 17, 4], [5, 9, 6, 8], [7, 13, 8, 12], [18, 10, 19, 9]]"
12n_0156_45,"[[18, 10, 19, 9], [11, 7, 12, 6], [20, 14, 21, 13], [22, 15, 23, 16], [2, 17, 3, 18], [10, 20, 11, 19], [24, 22, 1, 21], [14, 23, 15, 24], [4, 2, 5, 1], [16, 3, 17, 4], [5, 9, 6, 8], [7, 13, 8, 12]]"
12n_0156_46,"[[7, 13, 8, 12], [18, 10, 19, 9], [11, 7, 12, 6], [20, 14, 21, 13], [22, 15, 23, 16], [2, 17, 3, 18], [10, 20, 11, 19], [24, 22, 1, 21], [14, 23, 15, 24], [4, 2, 5, 1], [16, 3, 17, 4], [5, 9, 6, 8]]"
12n_0156_47,"[[5, 9, 6, 8], [7, 13, 8, 12], [18, 10, 19, 9], [11, 7, 12, 6], [20, 14, 21, 13], [22, 15, 23, 16], [2, 17, 3, 18], [10, 20, 11, 19], [24, 22, 1, 21], [14, 23, 15, 24], [4, 2, 5, 1], [16, 3, 17, 4]]"
12n_0156_48,"[[17, 4, 18, 5], [6, 10, 7, 9], [8, 14, 9, 13], [19, 11, 20, 10], [12, 8, 13, 7], [21, 15, 22, 14], [23, 16, 24, 17], [3, 18, 4, 19], [11, 21, 12, 20], [1, 23, 2, 22], [15, 24, 16, 1], [5, 3, 6, 2]]"
12n_0156_49,"[[5, 3, 6, 2], [17, 4, 18, 5], [6, 10, 7, 9], [8, 14, 9, 13], [19, 11, 20, 10], [12, 8, 13, 7], [21, 15, 22, 14], [23, 16, 24, 17], [3, 18, 4, 19], [11, 21, 12, 20], [1, 23, 2, 22], [15, 24, 16, 1]]"
12n_0156_50,"[[15, 24, 16, 1], [5, 3, 6, 2], [17, 4, 18, 5], [6, 10, 7, 9], [8, 14, 9, 13], [19, 11, 20, 10], [12, 8, 13, 7], [21, 15, 22, 14], [23, 16, 24, 17], [3, 18, 4, 19], [11, 21, 12, 20], [1, 23, 2, 22]]"
12n_0156_51,"[[1, 23, 2, 22], [15, 24, 16, 1], [5, 3, 6, 2], [17, 4, 18, 5], [6, 10, 7, 9], [8, 14, 9, 13], [19, 11, 20, 10], [12, 8, 13, 7], [21, 15, 22, 14], [23, 16, 24, 17], [3, 18, 4, 19], [11, 21, 12, 20]]"
12n_0156_52,"[[11, 21, 12, 20], [1, 23, 2, 22], [15, 24, 16, 1], [5, 3, 6, 2], [17, 4, 18, 5], [6, 10, 7, 9], [8, 14, 9, 13], [19, 11, 20, 10], [12, 8, 13, 7], [21, 15, 22, 14], [23, 16, 24, 17], [3, 18, 4, 19]]"
12n_0156_53,"[[3, 18, 4, 19], [11, 21, 12, 20], [1, 23, 2, 22], [15, 24, 16, 1], [5, 3, 6, 2], [17, 4, 18, 5], [6, 10, 7, 9], [8, 14, 9, 13], [19, 11, 20, 10], [12, 8, 13, 7], [21, 15, 22, 14], [23, 16, 24, 17]]"
12n_0156_54,"[[23, 16, 24, 17], [3, 18, 4, 19], [11, 21, 12, 20], [1, 23, 2, 22], [15, 24, 16, 1], [5, 3, 6, 2], [17, 4, 18, 5], [6, 10, 7, 9], [8, 14, 9, 13], [19, 11, 20, 10], [12, 8, 13, 7], [21, 15, 22, 14]]"
12n_0156_55,"[[21, 15, 22, 14], [23, 16, 24, 17], [3, 18, 4, 19], [11, 21, 12, 20], [1, 23, 2, 22], [15, 24, 16, 1], [5, 3, 6, 2], [17, 4, 18, 5], [6, 10, 7, 9], [8, 14, 9, 13], [19, 11, 20, 10], [12, 8, 13, 7]]"
12n_0156_56,"[[12, 8, 13, 7], [21, 15, 22, 14], [23, 16, 24, 17], [3, 18, 4, 19], [11, 21, 12, 20], [1, 23, 2, 22], [15, 24, 16, 1], [5, 3, 6, 2], [17, 4, 18, 5], [6, 10, 7, 9], [8, 14, 9, 13], [19, 11, 20, 10]]"
12n_0156_57,"[[19, 11, 20, 10], [12, 8, 13, 7], [21, 15, 22, 14], [23, 16, 24, 17], [3, 18, 4, 19], [11, 21, 12, 20], [1, 23, 2, 22], [15, 24, 16, 1], [5, 3, 6, 2], [17, 4, 18, 5], [6, 10, 7, 9], [8, 14, 9, 13]]"
12n_0156_58,"[[8, 14, 9, 13], [19, 11, 20, 10], [12, 8, 13, 7], [21, 15, 22, 14], [23, 16, 24, 17], [3, 18, 4, 19], [11, 21, 12, 20], [1, 23, 2, 22], [15, 24, 16, 1], [5, 3, 6, 2], [17, 4, 18, 5], [6, 10, 7, 9]]"
12n_0156_59,"[[6, 10, 7, 9], [8, 14, 9, 13], [19, 11, 20, 10], [12, 8, 13, 7], [21, 15, 22, 14], [23, 16, 24, 17], [3, 18, 4, 19], [11, 21, 12, 20], [1, 23, 2, 22], [15, 24, 16, 1], [5, 3, 6, 2], [17, 4, 18, 5]]"
12n_0156_60,"[[18, 5, 19, 6], [7, 11, 8, 10], [9, 15, 10, 14], [20, 12, 21, 11], [13, 9, 14, 8], [22, 16, 23, 15], [24, 17, 1, 18], [4, 19, 5, 20], [12, 22, 13, 21], [2, 24, 3, 23], [16, 1, 17, 2], [6, 4, 7, 3]]"
12n_0156_61,"[[6, 4, 7, 3], [18, 5, 19, 6], [7, 11, 8, 10], [9, 15, 10, 14], [20, 12, 21, 11], [13, 9, 14, 8], [22, 16, 23, 15], [24, 17, 1, 18], [4, 19, 5, 20], [12, 22, 13, 21], [2, 24, 3, 23], [16, 1, 17, 2]]"
12n_0156_62,"[[16, 1, 17, 2], [6, 4, 7, 3], [18, 5, 19, 6], [7, 11, 8, 10], [9, 15, 10, 14], [20, 12, 21, 11], [13, 9, 14, 8], [22, 16, 23, 15], [24, 17, 1, 18], [4, 19, 5, 20], [12, 22, 13, 21], [2, 24, 3, 23]]"
12n_0156_63,"[[2, 24, 3, 23], [16, 1, 17, 2], [6, 4, 7, 3], [18, 5, 19, 6], [7, 11, 8, 10], [9, 15, 10, 14], [20, 12, 21, 11], [13, 9, 14, 8], [22, 16, 23, 15], [24, 17, 1, 18], [4, 19, 5, 20], [12, 22, 13, 21]]"
12n_0156_64,"[[12, 22, 13, 21], [2, 24, 3, 23], [16, 1, 17, 2], [6, 4, 7, 3], [18, 5, 19, 6], [7, 11, 8, 10], [9, 15, 10, 14], [20, 12, 21, 11], [13, 9, 14, 8], [22, 16, 23, 15], [24, 17, 1, 18], [4, 19, 5, 20]]"
12n_0156_65,"[[4, 19, 5, 20], [12, 22, 13, 21], [2, 24, 3, 23], [16, 1, 17, 2], [6, 4, 7, 3], [18, 5, 19, 6], [7, 11, 8, 10], [9, 15, 10, 14], [20, 12, 21, 11], [13, 9, 14, 8], [22, 16, 23, 15], [24, 17, 1, 18]]"
12n_0156_66,"[[24, 17, 1, 18], [4, 19, 5, 20], [12, 22, 13, 21], [2, 24, 3, 23], [16, 1, 17, 2], [6, 4, 7, 3], [18, 5, 19, 6], [7, 11, 8, 10], [9, 15, 10, 14], [20, 12, 21, 11], [13, 9, 14, 8], [22, 16, 23, 15]]"
12n_0156_67,"[[22, 16, 23, 15], [24, 17, 1, 18], [4, 19, 5, 20], [12, 22, 13, 21], [2, 24, 3, 23], [16, 1, 17, 2], [6, 4, 7, 3], [18, 5, 19, 6], [7, 11, 8, 10], [9, 15, 10, 14], [20, 12, 21, 11], [13, 9, 14, 8]]"
12n_0156_68,"[[13, 9, 14, 8], [22, 16, 23, 15], [24, 17, 1, 18], [4, 19, 5, 20], [12, 22, 13, 21], [2, 24, 3, 23], [16, 1, 17, 2], [6, 4, 7, 3], [18, 5, 19, 6], [7, 11, 8, 10], [9, 15, 10, 14], [20, 12, 21, 11]]"
12n_0156_69,"[[20, 12, 21, 11], [13, 9, 14, 8], [22, 16, 23, 15], [24, 17, 1, 18], [4, 19, 5, 20], [12, 22, 13, 21], [2, 24, 3, 23], [16, 1, 17, 2], [6, 4, 7, 3], [18, 5, 19, 6], [7, 11, 8, 10], [9, 15, 10, 14]]"
12n_0156_70,"[[9, 15, 10, 14], [20, 12, 21, 11], [13, 9, 14, 8], [22, 16, 23, 15], [24, 17, 1, 18], [4, 19, 5, 20], [12, 22, 13, 21], [2, 24, 3, 23], [16, 1, 17, 2], [6, 4, 7, 3], [18, 5, 19, 6], [7, 11, 8, 10]]"
12n_0156_71,"[[7, 11, 8, 10], [9, 15, 10, 14], [20, 12, 21, 11], [13, 9, 14, 8], [22, 16, 23, 15], [24, 17, 1, 18], [4, 19, 5, 20], [12, 22, 13, 21], [2, 24, 3, 23], [16, 1, 17, 2], [6, 4, 7, 3], [18, 5, 19, 6]]"
12n_0156_72,"[[19, 6, 20, 7], [8, 12, 9, 11], [10, 16, 11, 15], [21, 13, 22, 12], [14, 10, 15, 9], [23, 17, 24, 16], [1, 18, 2, 19], [5, 20, 6, 21], [13, 23, 14, 22], [3, 1, 4, 24], [17, 2, 18, 3], [7, 5, 8, 4]]"
12n_0156_73,"[[7, 5, 8, 4], [19, 6, 20, 7], [8, 12, 9, 11], [10, 16, 11, 15], [21, 13, 22, 12], [14, 10, 15, 9], [23, 17, 24, 16], [1, 18, 2, 19], [5, 20, 6, 21], [13, 23, 14, 22], [3, 1, 4, 24], [17, 2, 18, 3]]"
12n_0156_74,"[[17, 2, 18, 3], [7, 5, 8, 4], [19, 6, 20, 7], [8, 12, 9, 11], [10, 16, 11, 15], [21, 13, 22, 12], [14, 10, 15, 9], [23, 17, 24, 16], [1, 18, 2, 19], [5, 20, 6, 21], [13, 23, 14, 22], [3, 1, 4, 24]]"
12n_0156_75,"[[3, 1, 4, 24], [17, 2, 18, 3], [7, 5, 8, 4], [19, 6, 20, 7], [8, 12, 9, 11], [10, 16, 11, 15], [21, 13, 22, 12], [14, 10, 15, 9], [23, 17, 24, 16], [1, 18, 2, 19], [5, 20, 6, 21], [13, 23, 14, 22]]"
12n_0156_76,"[[13, 23, 14, 22], [3, 1, 4, 24], [17, 2, 18, 3], [7, 5, 8, 4], [19, 6, 20, 7], [8, 12, 9, 11], [10, 16, 11, 15], [21, 13, 22, 12], [14, 10, 15, 9], [23, 17, 24, 16], [1, 18, 2, 19], [5, 20, 6, 21]]"
12n_0156_77,"[[5, 20, 6, 21], [13, 23, 14, 22], [3, 1, 4, 24], [17, 2, 18, 3], [7, 5, 8, 4], [19, 6, 20, 7], [8, 12, 9, 11], [10, 16, 11, 15], [21, 13, 22, 12], [14, 10, 15, 9], [23, 17, 24, 16], [1, 18, 2, 19]]"
12n_0156_78,"[[1, 18, 2, 19], [5, 20, 6, 21], [13, 23, 14, 22], [3, 1, 4, 24], [17, 2, 18, 3], [7, 5, 8, 4], [19, 6, 20, 7], [8, 12, 9, 11], [10, 16, 11, 15], [21, 13, 22, 12], [14, 10, 15, 9], [23, 17, 24, 16]]"
12n_0156_79,"[[23, 17, 24, 16], [1, 18, 2, 19], [5, 20, 6, 21], [13, 23, 14, 22], [3, 1, 4, 24], [17, 2, 18, 3], [7, 5, 8, 4], [19, 6, 20, 7], [8, 12, 9, 11], [10, 16, 11, 15], [21, 13, 22, 12], [14, 10, 15, 9]]"
12n_0156_80,"[[14, 10, 15, 9], [23, 17, 24, 16], [1, 18, 2, 19], [5, 20, 6, 21], [13, 23, 14, 22], [3, 1, 4, 24], [17, 2, 18, 3], [7, 5, 8, 4], [19, 6, 20, 7], [8, 12, 9, 11], [10, 16, 11, 15], [21, 13, 22, 12]]"
12n_0156_81,"[[21, 13, 22, 12], [14, 10, 15, 9], [23, 17, 24, 16], [1, 18, 2, 19], [5, 20, 6, 21], [13, 23, 14, 22], [3, 1, 4, 24], [17, 2, 18, 3], [7, 5, 8, 4], [19, 6, 20, 7], [8, 12, 9, 11], [10, 16, 11, 15]]"
12n_0156_82,"[[10, 16, 11, 15], [21, 13, 22, 12], [14, 10, 15, 9], [23, 17, 24, 16], [1, 18, 2, 19], [5, 20, 6, 21], [13, 23, 14, 22], [3, 1, 4, 24], [17, 2, 18, 3], [7, 5, 8, 4], [19, 6, 20, 7], [8, 12, 9, 11]]"
12n_0156_83,"[[8, 12, 9, 11], [10, 16, 11, 15], [21, 13, 22, 12], [14, 10, 15, 9], [23, 17, 24, 16], [1, 18, 2, 19], [5, 20, 6, 21], [13, 23, 14, 22], [3, 1, 4, 24], [17, 2, 18, 3], [7, 5, 8, 4], [19, 6, 20, 7]]"
12n_0156_84,"[[20, 7, 21, 8], [9, 13, 10, 12], [11, 17, 12, 16], [22, 14, 23, 13], [15, 11, 16, 10], [24, 18, 1, 17], [2, 19, 3, 20], [6, 21, 7, 22], [14, 24, 15, 23], [4, 2, 5, 1], [18, 3, 19, 4], [8, 6, 9, 5]]"
12n_0156_85,"[[8, 6, 9, 5], [20, 7, 21, 8], [9, 13, 10, 12], [11, 17, 12, 16], [22, 14, 23, 13], [15, 11, 16, 10], [24, 18, 1, 17], [2, 19, 3, 20], [6, 21, 7, 22], [14, 24, 15, 23], [4, 2, 5, 1], [18, 3, 19, 4]]"
12n_0156_86,"[[18, 3, 19, 4], [8, 6, 9, 5], [20, 7, 21, 8], [9, 13, 10, 12], [11, 17, 12, 16], [22, 14, 23, 13], [15, 11, 16, 10], [24, 18, 1, 17], [2, 19, 3, 20], [6, 21, 7, 22], [14, 24, 15, 23], [4, 2, 5, 1]]"
12n_0156_87,"[[4, 2, 5, 1], [18, 3, 19, 4], [8, 6, 9, 5], [20, 7, 21, 8], [9, 13, 10, 12], [11, 17, 12, 16], [22, 14, 23, 13], [15, 11, 16, 10], [24, 18, 1, 17], [2, 19, 3, 20], [6, 21, 7, 22], [14, 24, 15, 23]]"
12n_0156_88,"[[14, 24, 15, 23], [4, 2, 5, 1], [18, 3, 19, 4], [8, 6, 9, 5], [20, 7, 21, 8], [9, 13, 10, 12], [11, 17, 12, 16], [22, 14, 23, 13], [15, 11, 16, 10], [24, 18, 1, 17], [2, 19, 3, 20], [6, 21, 7, 22]]"
12n_0156_89,"[[6, 21, 7, 22], [14, 24, 15, 23], [4, 2, 5, 1], [18, 3, 19, 4], [8, 6, 9, 5], [20, 7, 21, 8], [9, 13, 10, 12], [11, 17, 12, 16], [22, 14, 23, 13], [15, 11, 16, 10], [24, 18, 1, 17], [2, 19, 3, 20]]"
12n_0156_90,"[[2, 19, 3, 20], [6, 21, 7, 22], [14, 24, 15, 23], [4, 2, 5, 1], [18, 3, 19, 4], [8, 6, 9, 5], [20, 7, 21, 8], [9, 13, 10, 12], [11, 17, 12, 16], [22, 14, 23, 13], [15, 11, 16, 10], [24, 18, 1, 17]]"
12n_0156_91,"[[24, 18, 1, 17], [2, 19, 3, 20], [6, 21, 7, 22], [14, 24, 15, 23], [4, 2, 5, 1], [18, 3, 19, 4], [8, 6, 9, 5], [20, 7, 21, 8], [9, 13, 10, 12], [11, 17, 12, 16], [22, 14, 23, 13], [15, 11, 16, 10]]"
12n_0156_92,"[[15, 11, 16, 10], [24, 18, 1, 17], [2, 19, 3, 20], [6, 21, 7, 22], [14, 24, 15, 23], [4, 2, 5, 1], [18, 3, 19, 4], [8, 6, 9, 5], [20, 7, 21, 8], [9, 13, 10, 12], [11, 17, 12, 16], [22, 14, 23, 13]]"
12n_0156_93,"[[22, 14, 23, 13], [15, 11, 16, 10], [24, 18, 1, 17], [2, 19, 3, 20], [6, 21, 7, 22], [14, 24, 15, 23], [4, 2, 5, 1], [18, 3, 19, 4], [8, 6, 9, 5], [20, 7, 21, 8], [9, 13, 10, 12], [11, 17, 12, 16]]"
12n_0156_94,"[[11, 17, 12, 16], [22, 14, 23, 13], [15, 11, 16, 10], [24, 18, 1, 17], [2, 19, 3, 20], [6, 21, 7, 22], [14, 24, 15, 23], [4, 2, 5, 1], [18, 3, 19, 4], [8, 6, 9, 5], [20, 7, 21, 8], [9, 13, 10, 12]]"
12n_0156_95,"[[9, 13, 10, 12], [11, 17, 12, 16], [22, 14, 23, 13], [15, 11, 16, 10], [24, 18, 1, 17], [2, 19, 3, 20], [6, 21, 7, 22], [14, 24, 15, 23], [4, 2, 5, 1], [18, 3, 19, 4], [8, 6, 9, 5], [20, 7, 21, 8]]"
12n_0156_96,"[[21, 8, 22, 9], [10, 14, 11, 13], [12, 18, 13, 17], [23, 15, 24, 14], [16, 12, 17, 11], [1, 19, 2, 18], [3, 20, 4, 21], [7, 22, 8, 23], [15, 1, 16, 24], [5, 3, 6, 2], [19, 4, 20, 5], [9, 7, 10, 6]]"
12n_0156_97,"[[9, 7, 10, 6], [21, 8, 22, 9], [10, 14, 11, 13], [12, 18, 13, 17], [23, 15, 24, 14], [16, 12, 17, 11], [1, 19, 2, 18], [3, 20, 4, 21], [7, 22, 8, 23], [15, 1, 16, 24], [5, 3, 6, 2], [19, 4, 20, 5]]"
12n_0156_98,"[[19, 4, 20, 5], [9, 7, 10, 6], [21, 8, 22, 9], [10, 14, 11, 13], [12, 18, 13, 17], [23, 15, 24, 14], [16, 12, 17, 11], [1, 19, 2, 18], [3, 20, 4, 21], [7, 22, 8, 23], [15, 1, 16, 24], [5, 3, 6, 2]]"
12n_0156_99,"[[5, 3, 6, 2], [19, 4, 20, 5], [9, 7, 10, 6], [21, 8, 22, 9], [10, 14, 11, 13], [12, 18, 13, 17], [23, 15, 24, 14], [16, 12, 17, 11], [1, 19, 2, 18], [3, 20, 4, 21], [7, 22, 8, 23], [15, 1, 16, 24]]"
12n_0156_100,"[[15, 1, 16, 24], [5, 3, 6, 2], [19, 4, 20, 5], [9, 7, 10, 6], [21, 8, 22, 9], [10, 14, 11, 13], [12, 18, 13, 17], [23, 15, 24, 14], [16, 12, 17, 11], [1, 19, 2, 18], [3, 20, 4, 21], [7, 22, 8, 23]]"
12n_0156_101,"[[7, 22, 8, 23], [15, 1, 16, 24], [5, 3, 6, 2], [19, 4, 20, 5], [9, 7, 10, 6], [21, 8, 22, 9], [10, 14, 11, 13], [12, 18, 13, 17], [23, 15, 24, 14], [16, 12, 17, 11], [1, 19, 2, 18], [3, 20, 4, 21]]"
12n_0156_102,"[[3, 20, 4, 21], [7, 22, 8, 23], [15, 1, 16, 24], [5, 3, 6, 2], [19, 4, 20, 5], [9, 7, 10, 6], [21, 8, 22, 9], [10, 14, 11, 13], [12, 18, 13, 17], [23, 15, 24, 14], [16, 12, 17, 11], [1, 19, 2, 18]]"
12n_0156_103,"[[1, 19, 2, 18], [3, 20, 4, 21], [7, 22, 8, 23], [15, 1, 16, 24], [5, 3, 6, 2], [19, 4, 20, 5], [9, 7, 10, 6], [21, 8, 22, 9], [10, 14, 11, 13], [12, 18, 13, 17], [23, 15, 24, 14], [16, 12, 17, 11]]"
12n_0156_104,"[[16, 12, 17, 11], [1, 19, 2, 18], [3, 20, 4, 21], [7, 22, 8, 23], [15, 1, 16, 24], [5, 3, 6, 2], [19, 4, 20, 5], [9, 7, 10, 6], [21, 8, 22, 9], [10, 14, 11, 13], [12, 18, 13, 17], [23, 15, 24, 14]]"
12n_0156_105,"[[23, 15, 24, 14], [16, 12, 17, 11], [1, 19, 2, 18], [3, 20, 4, 21], [7, 22, 8, 23], [15, 1, 16, 24], [5, 3, 6, 2], [19, 4, 20, 5], [9, 7, 10, 6], [21, 8, 22, 9], [10, 14, 11, 13], [12, 18, 13, 17]]"
12n_0156_106,"[[12, 18, 13, 17], [23, 15, 24, 14], [16, 12, 17, 11], [1, 19, 2, 18], [3, 20, 4, 21], [7, 22, 8, 23], [15, 1, 16, 24], [5, 3, 6, 2], [19, 4, 20, 5], [9, 7, 10, 6], [21, 8, 22, 9], [10, 14, 11, 13]]"
12n_0156_107,"[[10, 14, 11, 13], [12, 18, 13, 17], [23, 15, 24, 14], [16, 12, 17, 11], [1, 19, 2, 18], [3, 20, 4, 21], [7, 22, 8, 23], [15, 1, 16, 24], [5, 3, 6, 2], [19, 4, 20, 5], [9, 7, 10, 6], [21, 8, 22, 9]]"
12n_0156_108,"[[22, 9, 23, 10], [11, 15, 12, 14], [13, 19, 14, 18], [24, 16, 1, 15], [17, 13, 18, 12], [2, 20, 3, 19], [4, 21, 5, 22], [8, 23, 9, 24], [16, 2, 17, 1], [6, 4, 7, 3], [20, 5, 21, 6], [10, 8, 11, 7]]"
12n_0156_109,"[[10, 8, 11, 7], [22, 9, 23, 10], [11, 15, 12, 14], [13, 19, 14, 18], [24, 16, 1, 15], [17, 13, 18, 12], [2, 20, 3, 19], [4, 21, 5, 22], [8, 23, 9, 24], [16, 2, 17, 1], [6, 4, 7, 3], [20, 5, 21, 6]]"
12n_0156_110,"[[20, 5, 21, 6], [10, 8, 11, 7], [22, 9, 23, 10], [11, 15, 12, 14], [13, 19, 14, 18], [24, 16, 1, 15], [17, 13, 18, 12], [2, 20, 3, 19], [4, 21, 5, 22], [8, 23, 9, 24], [16, 2, 17, 1], [6, 4, 7, 3]]"
12n_0156_111,"[[6, 4, 7, 3], [20, 5, 21, 6], [10, 8, 11, 7], [22, 9, 23, 10], [11, 15, 12, 14], [13, 19, 14, 18], [24, 16, 1, 15], [17, 13, 18, 12], [2, 20, 3, 19], [4, 21, 5, 22], [8, 23, 9, 24], [16, 2, 17, 1]]"
12n_0156_112,"[[16, 2, 17, 1], [6, 4, 7, 3], [20, 5, 21, 6], [10, 8, 11, 7], [22, 9, 23, 10], [11, 15, 12, 14], [13, 19, 14, 18], [24, 16, 1, 15], [17, 13, 18, 12], [2, 20, 3, 19], [4, 21, 5, 22], [8, 23, 9, 24]]"
12n_0156_113,"[[8, 23, 9, 24], [16, 2, 17, 1], [6, 4, 7, 3], [20, 5, 21, 6], [10, 8, 11, 7], [22, 9, 23, 10], [11, 15, 12, 14], [13, 19, 14, 18], [24, 16, 1, 15], [17, 13, 18, 12], [2, 20, 3, 19], [4, 21, 5, 22]]"
12n_0156_114,"[[4, 21, 5, 22], [8, 23, 9, 24], [16, 2, 17, 1], [6, 4, 7, 3], [20, 5, 21, 6], [10, 8, 11, 7], [22, 9, 23, 10], [11, 15, 12, 14], [13, 19, 14, 18], [24, 16, 1, 15], [17, 13, 18, 12], [2, 20, 3, 19]]"
12n_0156_115,"[[2, 20, 3, 19], [4, 21, 5, 22], [8, 23, 9, 24], [16, 2, 17, 1], [6, 4, 7, 3], [20, 5, 21, 6], [10, 8, 11, 7], [22, 9, 23, 10], [11, 15, 12, 14], [13, 19, 14, 18], [24, 16, 1, 15], [17, 13, 18, 12]]"
12n_0156_116,"[[17, 13, 18, 12], [2, 20, 3, 19], [4, 21, 5, 22], [8, 23, 9, 24], [16, 2, 17, 1], [6, 4, 7, 3], [20, 5, 21, 6], [10, 8, 11, 7], [22, 9, 23, 10], [11, 15, 12, 14], [13, 19, 14, 18], [24, 16, 1, 15]]"
12n_0156_117,"[[24, 16, 1, 15], [17, 13, 18, 12], [2, 20, 3, 19], [4, 21, 5, 22], [8, 23, 9, 24], [16, 2, 17, 1], [6, 4, 7, 3], [20, 5, 21, 6], [10, 8, 11, 7], [22, 9, 23, 10], [11, 15, 12, 14], [13, 19, 14, 18]]"
12n_0156_118,"[[13, 19, 14, 18], [24, 16, 1, 15], [17, 13, 18, 12], [2, 20, 3, 19], [4, 21, 5, 22], [8, 23, 9, 24], [16, 2, 17, 1], [6, 4, 7, 3], [20, 5, 21, 6], [10, 8, 11, 7], [22, 9, 23, 10], [11, 15, 12, 14]]"
12n_0156_119,"[[11, 15, 12, 14], [13, 19, 14, 18], [24, 16, 1, 15], [17, 13, 18, 12], [2, 20, 3, 19], [4, 21, 5, 22], [8, 23, 9, 24], [16, 2, 17, 1], [6, 4, 7, 3], [20, 5, 21, 6], [10, 8, 11, 7], [22, 9, 23, 10]]"
12n_0156_120,"[[23, 10, 24, 11], [12, 16, 13, 15], [14, 20, 15, 19], [1, 17, 2, 16], [18, 14, 19, 13], [3, 21, 4, 20], [5, 22, 6, 23], [9, 24, 10, 1], [17, 3, 18, 2], [7, 5, 8, 4], [21, 6, 22, 7], [11, 9, 12, 8]]"
12n_0156_121,"[[11, 9, 12, 8], [23, 10, 24, 11], [12, 16, 13, 15], [14, 20, 15, 19], [1, 17, 2, 16], [18, 14, 19, 13], [3, 21, 4, 20], [5, 22, 6, 23], [9, 24, 10, 1], [17, 3, 18, 2], [7, 5, 8, 4], [21, 6, 22, 7]]"
12n_0156_122,"[[21, 6, 22, 7], [11, 9, 12, 8], [23, 10, 24, 11], [12, 16, 13, 15], [14, 20, 15, 19], [1, 17, 2, 16], [18, 14, 19, 13], [3, 21, 4, 20], [5, 22, 6, 23], [9, 24, 10, 1], [17, 3, 18, 2], [7, 5, 8, 4]]"
12n_0156_123,"[[7, 5, 8, 4], [21, 6, 22, 7], [11, 9, 12, 8], [23, 10, 24, 11], [12, 16, 13, 15], [14, 20, 15, 19], [1, 17, 2, 16], [18, 14, 19, 13], [3, 21, 4, 20], [5, 22, 6, 23], [9, 24, 10, 1], [17, 3, 18, 2]]"
12n_0156_124,"[[17, 3, 18, 2], [7, 5, 8, 4], [21, 6, 22, 7], [11, 9, 12, 8], [23, 10, 24, 11], [12, 16, 13, 15], [14, 20, 15, 19], [1, 17, 2, 16], [18, 14, 19, 13], [3, 21, 4, 20], [5, 22, 6, 23], [9, 24, 10, 1]]"
12n_0156_125,"[[9, 24, 10, 1], [17, 3, 18, 2], [7, 5, 8, 4], [21, 6, 22, 7], [11, 9, 12, 8], [23, 10, 24, 11], [12, 16, 13, 15], [14, 20, 15, 19], [1, 17, 2, 16], [18, 14, 19, 13], [3, 21, 4, 20], [5, 22, 6, 23]]"
12n_0156_126,"[[5, 22, 6, 23], [9, 24, 10, 1], [17, 3, 18, 2], [7, 5, 8, 4], [21, 6, 22, 7], [11, 9, 12, 8], [23, 10, 24, 11], [12, 16, 13, 15], [14, 20, 15, 19], [1, 17, 2, 16], [18, 14, 19, 13], [3, 21, 4, 20]]"
12n_0156_127,"[[3, 21, 4, 20], [5, 22, 6, 23], [9, 24, 10, 1], [17, 3, 18, 2], [7, 5, 8, 4], [21, 6, 22, 7], [11, 9, 12, 8], [23, 10, 24, 11], [12, 16, 13, 15], [14, 20, 15, 19], [1, 17, 2, 16], [18, 14, 19, 13]]"
12n_0156_128,"[[18, 14, 19, 13], [3, 21, 4, 20], [5, 22, 6, 23], [9, 24, 10, 1], [17, 3, 18, 2], [7, 5, 8, 4], [21, 6, 22, 7], [11, 9, 12, 8], [23, 10, 24, 11], [12, 16, 13, 15], [14, 20, 15, 19], [1, 17, 2, 16]]"
12n_0156_129,"[[1, 17, 2, 16], [18, 14, 19, 13], [3, 21, 4, 20], [5, 22, 6, 23], [9, 24, 10, 1], [17, 3, 18, 2], [7, 5, 8, 4], [21, 6, 22, 7], [11, 9, 12, 8], [23, 10, 24, 11], [12, 16, 13, 15], [14, 20, 15, 19]]"
12n_0156_130,"[[14, 20, 15, 19], [1, 17, 2, 16], [18, 14, 19, 13], [3, 21, 4, 20], [5, 22, 6, 23], [9, 24, 10, 1], [17, 3, 18, 2], [7, 5, 8, 4], [21, 6, 22, 7], [11, 9, 12, 8], [23, 10, 24, 11], [12, 16, 13, 15]]"
12n_0156_131,"[[12, 16, 13, 15], [14, 20, 15, 19], [1, 17, 2, 16], [18, 14, 19, 13], [3, 21, 4, 20], [5, 22, 6, 23], [9, 24, 10, 1], [17, 3, 18, 2], [7, 5, 8, 4], [21, 6, 22, 7], [11, 9, 12, 8], [23, 10, 24, 11]]"
12n_0156_132,"[[24, 11, 1, 12], [13, 17, 14, 16], [15, 21, 16, 20], [2, 18, 3, 17], [19, 15, 20, 14], [4, 22, 5, 21], [6, 23, 7, 24], [10, 1, 11, 2], [18, 4, 19, 3], [8, 6, 9, 5], [22, 7, 23, 8], [12, 10, 13, 9]]"
12n_0156_133,"[[12, 10, 13, 9], [24, 11, 1, 12], [13, 17, 14, 16], [15, 21, 16, 20], [2, 18, 3, 17], [19, 15, 20, 14], [4, 22, 5, 21], [6, 23, 7, 24], [10, 1, 11, 2], [18, 4, 19, 3], [8, 6, 9, 5], [22, 7, 23, 8]]"
12n_0156_134,"[[22, 7, 23, 8], [12, 10, 13, 9], [24, 11, 1, 12], [13, 17, 14, 16], [15, 21, 16, 20], [2, 18, 3, 17], [19, 15, 20, 14], [4, 22, 5, 21], [6, 23, 7, 24], [10, 1, 11, 2], [18, 4, 19, 3], [8, 6, 9, 5]]"
12n_0156_135,"[[8, 6, 9, 5], [22, 7, 23, 8], [12, 10, 13, 9], [24, 11, 1, 12], [13, 17, 14, 16], [15, 21, 16, 20], [2, 18, 3, 17], [19, 15, 20, 14], [4, 22, 5, 21], [6, 23, 7, 24], [10, 1, 11, 2], [18, 4, 19, 3]]"
12n_0156_136,"[[18, 4, 19, 3], [8, 6, 9, 5], [22, 7, 23, 8], [12, 10, 13, 9], [24, 11, 1, 12], [13, 17, 14, 16], [15, 21, 16, 20], [2, 18, 3, 17], [19, 15, 20, 14], [4, 22, 5, 21], [6, 23, 7, 24], [10, 1, 11, 2]]"
12n_0156_137,"[[10, 1, 11, 2], [18, 4, 19, 3], [8, 6, 9, 5], [22, 7, 23, 8], [12, 10, 13, 9], [24, 11, 1, 12], [13, 17, 14, 16], [15, 21, 16, 20], [2, 18, 3, 17], [19, 15, 20, 14], [4, 22, 5, 21], [6, 23, 7, 24]]"
12n_0156_138,"[[6, 23, 7, 24], [10, 1, 11, 2], [18, 4, 19, 3], [8, 6, 9, 5], [22, 7, 23, 8], [12, 10, 13, 9], [24, 11, 1, 12], [13, 17, 14, 16], [15, 21, 16, 20], [2, 18, 3, 17], [19, 15, 20, 14], [4, 22, 5, 21]]"
12n_0156_139,"[[4, 22, 5, 21], [6, 23, 7, 24], [10, 1, 11, 2], [18, 4, 19, 3], [8, 6, 9, 5], [22, 7, 23, 8], [12, 10, 13, 9], [24, 11, 1, 12], [13, 17, 14, 16], [15, 21, 16, 20], [2, 18, 3, 17], [19, 15, 20, 14]]"
12n_0156_140,"[[19, 15, 20, 14], [4, 22, 5, 21], [6, 23, 7, 24], [10, 1, 11, 2], [18, 4, 19, 3], [8, 6, 9, 5], [22, 7, 23, 8], [12, 10, 13, 9], [24, 11, 1, 12], [13, 17, 14, 16], [15, 21, 16, 20], [2, 18, 3, 17]]"
12n_0156_141,"[[2, 18, 3, 17], [19, 15, 20, 14], [4, 22, 5, 21], [6, 23, 7, 24], [10, 1, 11, 2], [18, 4, 19, 3], [8, 6, 9, 5], [22, 7, 23, 8], [12, 10, 13, 9], [24, 11, 1, 12], [13, 17, 14, 16], [15, 21, 16, 20]]"
12n_0156_142,"[[15, 21, 16, 20], [2, 18, 3, 17], [19, 15, 20, 14], [4, 22, 5, 21], [6, 23, 7, 24], [10, 1, 11, 2], [18, 4, 19, 3], [8, 6, 9, 5], [22, 7, 23, 8], [12, 10, 13, 9], [24, 11, 1, 12], [13, 17, 14, 16]]"
12n_0156_143,"[[13, 17, 14, 16], [15, 21, 16, 20], [2, 18, 3, 17], [19, 15, 20, 14], [4, 22, 5, 21], [6, 23, 7, 24], [10, 1, 11, 2], [18, 4, 19, 3], [8, 6, 9, 5], [22, 7, 23, 8], [12, 10, 13, 9], [24, 11, 1, 12]]"
12n_0156_144,"[[1, 12, 2, 13], [14, 18, 15, 17], [16, 22, 17, 21], [3, 19, 4, 18], [20, 16, 21, 15], [5, 23, 6, 22], [7, 24, 8, 1], [11, 2, 12, 3], [19, 5, 20, 4], [9, 7, 10, 6], [23, 8, 24, 9], [13, 11, 14, 10]]"
12n_0156_145,"[[13, 11, 14, 10], [1, 12, 2, 13], [14, 18, 15, 17], [16, 22, 17, 21], [3, 19, 4, 18], [20, 16, 21, 15], [5, 23, 6, 22], [7, 24, 8, 1], [11, 2, 12, 3], [19, 5, 20, 4], [9, 7, 10, 6], [23, 8, 24, 9]]"
12n_0156_146,"[[23, 8, 24, 9], [13, 11, 14, 10], [1, 12, 2, 13], [14, 18, 15, 17], [16, 22, 17, 21], [3, 19, 4, 18], [20, 16, 21, 15], [5, 23, 6, 22], [7, 24, 8, 1], [11, 2, 12, 3], [19, 5, 20, 4], [9, 7, 10, 6]]"
12n_0156_147,"[[9, 7, 10, 6], [23, 8, 24, 9], [13, 11, 14, 10], [1, 12, 2, 13], [14, 18, 15, 17], [16, 22, 17, 21], [3, 19, 4, 18], [20, 16, 21, 15], [5, 23, 6, 22], [7, 24, 8, 1], [11, 2, 12, 3], [19, 5, 20, 4]]"
12n_0156_148,"[[19, 5, 20, 4], [9, 7, 10, 6], [23, 8, 24, 9], [13, 11, 14, 10], [1, 12, 2, 13], [14, 18, 15, 17], [16, 22, 17, 21], [3, 19, 4, 18], [20, 16, 21, 15], [5, 23, 6, 22], [7, 24, 8, 1], [11, 2, 12, 3]]"
12n_0156_149,"[[11, 2, 12, 3], [19, 5, 20, 4], [9, 7, 10, 6], [23, 8, 24, 9], [13, 11, 14, 10], [1, 12, 2, 13], [14, 18, 15, 17], [16, 22, 17, 21], [3, 19, 4, 18], [20, 16, 21, 15], [5, 23, 6, 22], [7, 24, 8, 1]]"
12n_0156_150,"[[7, 24, 8, 1], [11, 2, 12, 3], [19, 5, 20, 4], [9, 7, 10, 6], [23, 8, 24, 9], [13, 11, 14, 10], [1, 12, 2, 13], [14, 18, 15, 17], [16, 22, 17, 21], [3, 19, 4, 18], [20, 16, 21, 15], [5, 23, 6, 22]]"
12n_0156_151,"[[5, 23, 6, 22], [7, 24, 8, 1], [11, 2, 12, 3], [19, 5, 20, 4], [9, 7, 10, 6], [23, 8, 24, 9], [13, 11, 14, 10], [1, 12, 2, 13], [14, 18, 15, 17], [16, 22, 17, 21], [3, 19, 4, 18], [20, 16, 21, 15]]"
12n_0156_152,"[[20, 16, 21, 15], [5, 23, 6, 22], [7, 24, 8, 1], [11, 2, 12, 3], [19, 5, 20, 4], [9, 7, 10, 6], [23, 8, 24, 9], [13, 11, 14, 10], [1, 12, 2, 13], [14, 18, 15, 17], [16, 22, 17, 21], [3, 19, 4, 18]]"
12n_0156_153,"[[3, 19, 4, 18], [20, 16, 21, 15], [5, 23, 6, 22], [7, 24, 8, 1], [11, 2, 12, 3], [19, 5, 20, 4], [9, 7, 10, 6], [23, 8, 24, 9], [13, 11, 14, 10], [1, 12, 2, 13], [14, 18, 15, 17], [16, 22, 17, 21]]"
12n_0156_154,"[[16, 22, 17, 21], [3, 19, 4, 18], [20, 16, 21, 15], [5, 23, 6, 22], [7, 24, 8, 1], [11, 2, 12, 3], [19, 5, 20, 4], [9, 7, 10, 6], [23, 8, 24, 9], [13, 11, 14, 10], [1, 12, 2, 13], [14, 18, 15, 17]]"
12n_0156_155,"[[14, 18, 15, 17], [16, 22, 17, 21], [3, 19, 4, 18], [20, 16, 21, 15], [5, 23, 6, 22], [7, 24, 8, 1], [11, 2, 12, 3], [19, 5, 20, 4], [9, 7, 10, 6], [23, 8, 24, 9], [13, 11, 14, 10], [1, 12, 2, 13]]"
12n_0156_156,"[[2, 13, 3, 14], [15, 19, 16, 18], [17, 23, 18, 22], [4, 20, 5, 19], [21, 17, 22, 16], [6, 24, 7, 23], [8, 1, 9, 2], [12, 3, 13, 4], [20, 6, 21, 5], [10, 8, 11, 7], [24, 9, 1, 10], [14, 12, 15, 11]]"
12n_0156_157,"[[14, 12, 15, 11], [2, 13, 3, 14], [15, 19, 16, 18], [17, 23, 18, 22], [4, 20, 5, 19], [21, 17, 22, 16], [6, 24, 7, 23], [8, 1, 9, 2], [12, 3, 13, 4], [20, 6, 21, 5], [10, 8, 11, 7], [24, 9, 1, 10]]"
12n_0156_158,"[[24, 9, 1, 10], [14, 12, 15, 11], [2, 13, 3, 14], [15, 19, 16, 18], [17, 23, 18, 22], [4, 20, 5, 19], [21, 17, 22, 16], [6, 24, 7, 23], [8, 1, 9, 2], [12, 3, 13, 4], [20, 6, 21, 5], [10, 8, 11, 7]]"
12n_0156_159,"[[10, 8, 11, 7], [24, 9, 1, 10], [14, 12, 15, 11], [2, 13, 3, 14], [15, 19, 16, 18], [17, 23, 18, 22], [4, 20, 5, 19], [21, 17, 22, 16], [6, 24, 7, 23], [8, 1, 9, 2], [12, 3, 13, 4], [20, 6, 21, 5]]"
12n_0156_160,"[[20, 6, 21, 5], [10, 8, 11, 7], [24, 9, 1, 10], [14, 12, 15, 11], [2, 13, 3, 14], [15, 19, 16, 18], [17, 23, 18, 22], [4, 20, 5, 19], [21, 17, 22, 16], [6, 24, 7, 23], [8, 1, 9, 2], [12, 3, 13, 4]]"
12n_0156_161,"[[12, 3, 13, 4], [20, 6, 21, 5], [10, 8, 11, 7], [24, 9, 1, 10], [14, 12, 15, 11], [2, 13, 3, 14], [15, 19, 16, 18], [17, 23, 18, 22], [4, 20, 5, 19], [21, 17, 22, 16], [6, 24, 7, 23], [8, 1, 9, 2]]"
12n_0156_162,"[[8, 1, 9, 2], [12, 3, 13, 4], [20, 6, 21, 5], [10, 8, 11, 7], [24, 9, 1, 10], [14, 12, 15, 11], [2, 13, 3, 14], [15, 19, 16, 18], [17, 23, 18, 22], [4, 20, 5, 19], [21, 17, 22, 16], [6, 24, 7, 23]]"
12n_0156_163,"[[6, 24, 7, 23], [8, 1, 9, 2], [12, 3, 13, 4], [20, 6, 21, 5], [10, 8, 11, 7], [24, 9, 1, 10], [14, 12, 15, 11], [2, 13, 3, 14], [15, 19, 16, 18], [17, 23, 18, 22], [4, 20, 5, 19], [21, 17, 22, 16]]"
12n_0156_164,"[[21, 17, 22, 16], [6, 24, 7, 23], [8, 1, 9, 2], [12, 3, 13, 4], [20, 6, 21, 5], [10, 8, 11, 7], [24, 9, 1, 10], [14, 12, 15, 11], [2, 13, 3, 14], [15, 19, 16, 18], [17, 23, 18, 22], [4, 20, 5, 19]]"
12n_0156_165,"[[4, 20, 5, 19], [21, 17, 22, 16], [6, 24, 7, 23], [8, 1, 9, 2], [12, 3, 13, 4], [20, 6, 21, 5], [10, 8, 11, 7], [24, 9, 1, 10], [14, 12, 15, 11], [2, 13, 3, 14], [15, 19, 16, 18], [17, 23, 18, 22]]"
12n_0156_166,"[[17, 23, 18, 22], [4, 20, 5, 19], [21, 17, 22, 16], [6, 24, 7, 23], [8, 1, 9, 2], [12, 3, 13, 4], [20, 6, 21, 5], [10, 8, 11, 7], [24, 9, 1, 10], [14, 12, 15, 11], [2, 13, 3, 14], [15, 19, 16, 18]]"
12n_0156_167,"[[15, 19, 16, 18], [17, 23, 18, 22], [4, 20, 5, 19], [21, 17, 22, 16], [6, 24, 7, 23], [8, 1, 9, 2], [12, 3, 13, 4], [20, 6, 21, 5], [10, 8, 11, 7], [24, 9, 1, 10], [14, 12, 15, 11], [2, 13, 3, 14]]"
12n_0156_168,"[[3, 14, 4, 15], [16, 20, 17, 19], [18, 24, 19, 23], [5, 21, 6, 20], [22, 18, 23, 17], [7, 1, 8, 24], [9, 2, 10, 3], [13, 4, 14, 5], [21, 7, 22, 6], [11, 9, 12, 8], [1, 10, 2, 11], [15, 13, 16, 12]]"
12n_0156_169,"[[15, 13, 16, 12], [3, 14, 4, 15], [16, 20, 17, 19], [18, 24, 19, 23], [5, 21, 6, 20], [22, 18, 23, 17], [7, 1, 8, 24], [9, 2, 10, 3], [13, 4, 14, 5], [21, 7, 22, 6], [11, 9, 12, 8], [1, 10, 2, 11]]"
12n_0156_170,"[[1, 10, 2, 11], [15, 13, 16, 12], [3, 14, 4, 15], [16, 20, 17, 19], [18, 24, 19, 23], [5, 21, 6, 20], [22, 18, 23, 17], [7, 1, 8, 24], [9, 2, 10, 3], [13, 4, 14, 5], [21, 7, 22, 6], [11, 9, 12, 8]]"
12n_0156_171,"[[11, 9, 12, 8], [1, 10, 2, 11], [15, 13, 16, 12], [3, 14, 4, 15], [16, 20, 17, 19], [18, 24, 19, 23], [5, 21, 6, 20], [22, 18, 23, 17], [7, 1, 8, 24], [9, 2, 10, 3], [13, 4, 14, 5], [21, 7, 22, 6]]"
12n_0156_172,"[[21, 7, 22, 6], [11, 9, 12, 8], [1, 10, 2, 11], [15, 13, 16, 12], [3, 14, 4, 15], [16, 20, 17, 19], [18, 24, 19, 23], [5, 21, 6, 20], [22, 18, 23, 17], [7, 1, 8, 24], [9, 2, 10, 3], [13, 4, 14, 5]]"
12n_0156_173,"[[13, 4, 14, 5], [21, 7, 22, 6], [11, 9, 12, 8], [1, 10, 2, 11], [15, 13, 16, 12], [3, 14, 4, 15], [16, 20, 17, 19], [18, 24, 19, 23], [5, 21, 6, 20], [22, 18, 23, 17], [7, 1, 8, 24], [9, 2, 10, 3]]"
12n_0156_174,"[[9, 2, 10, 3], [13, 4, 14, 5], [21, 7, 22, 6], [11, 9, 12, 8], [1, 10, 2, 11], [15, 13, 16, 12], [3, 14, 4, 15], [16, 20, 17, 19], [18, 24, 19, 23], [5, 21, 6, 20], [22, 18, 23, 17], [7, 1, 8, 24]]"
12n_0156_175,"[[7, 1, 8, 24], [9, 2, 10, 3], [13, 4, 14, 5], [21, 7, 22, 6], [11, 9, 12, 8], [1, 10, 2, 11], [15, 13, 16, 12], [3, 14, 4, 15], [16, 20, 17, 19], [18, 24, 19, 23], [5, 21, 6, 20], [22, 18, 23, 17]]"
12n_0156_176,"[[22, 18, 23, 17], [7, 1, 8, 24], [9, 2, 10, 3], [13, 4, 14, 5], [21, 7, 22, 6], [11, 9, 12, 8], [1, 10, 2, 11], [15, 13, 16, 12], [3, 14, 4, 15], [16, 20, 17, 19], [18, 24, 19, 23], [5, 21, 6, 20]]"
12n_0156_177,"[[5, 21, 6, 20], [22, 18, 23, 17], [7, 1, 8, 24], [9, 2, 10, 3], [13, 4, 14, 5], [21, 7, 22, 6], [11, 9, 12, 8], [1, 10, 2, 11], [15, 13, 16, 12], [3, 14, 4, 15], [16, 20, 17, 19], [18, 24, 19, 23]]"
12n_0156_178,"[[18, 24, 19, 23], [5, 21, 6, 20], [22, 18, 23, 17], [7, 1, 8, 24], [9, 2, 10, 3], [13, 4, 14, 5], [21, 7, 22, 6], [11, 9, 12, 8], [1, 10, 2, 11], [15, 13, 16, 12], [3, 14, 4, 15], [16, 20, 17, 19]]"
12n_0156_179,"[[16, 20, 17, 19], [18, 24, 19, 23], [5, 21, 6, 20], [22, 18, 23, 17], [7, 1, 8, 24], [9, 2, 10, 3], [13, 4, 14, 5], [21, 7, 22, 6], [11, 9, 12, 8], [1, 10, 2, 11], [15, 13, 16, 12], [3, 14, 4, 15]]"
12n_0156_180,"[[4, 15, 5, 16], [17, 21, 18, 20], [19, 1, 20, 24], [6, 22, 7, 21], [23, 19, 24, 18], [8, 2, 9, 1], [10, 3, 11, 4], [14, 5, 15, 6], [22, 8, 23, 7], [12, 10, 13, 9], [2, 11, 3, 12], [16, 14, 17, 13]]"
12n_0156_181,"[[16, 14, 17, 13], [4, 15, 5, 16], [17, 21, 18, 20], [19, 1, 20, 24], [6, 22, 7, 21], [23, 19, 24, 18], [8, 2, 9, 1], [10, 3, 11, 4], [14, 5, 15, 6], [22, 8, 23, 7], [12, 10, 13, 9], [2, 11, 3, 12]]"
12n_0156_182,"[[2, 11, 3, 12], [16, 14, 17, 13], [4, 15, 5, 16], [17, 21, 18, 20], [19, 1, 20, 24], [6, 22, 7, 21], [23, 19, 24, 18], [8, 2, 9, 1], [10, 3, 11, 4], [14, 5, 15, 6], [22, 8, 23, 7], [12, 10, 13, 9]]"
12n_0156_183,"[[12, 10, 13, 9], [2, 11, 3, 12], [16, 14, 17, 13], [4, 15, 5, 16], [17, 21, 18, 20], [19, 1, 20, 24], [6, 22, 7, 21], [23, 19, 24, 18], [8, 2, 9, 1], [10, 3, 11, 4], [14, 5, 15, 6], [22, 8, 23, 7]]"
12n_0156_184,"[[22, 8, 23, 7], [12, 10, 13, 9], [2, 11, 3, 12], [16, 14, 17, 13], [4, 15, 5, 16], [17, 21, 18, 20], [19, 1, 20, 24], [6, 22, 7, 21], [23, 19, 24, 18], [8, 2, 9, 1], [10, 3, 11, 4], [14, 5, 15, 6]]"
12n_0156_185,"[[14, 5, 15, 6], [22, 8, 23, 7], [12, 10, 13, 9], [2, 11, 3, 12], [16, 14, 17, 13], [4, 15, 5, 16], [17, 21, 18, 20], [19, 1, 20, 24], [6, 22, 7, 21], [23, 19, 24, 18], [8, 2, 9, 1], [10, 3, 11, 4]]"
