name,pd_notation
12n_0053_0,"[[15, 1, 16, 24], [2, 6, 3, 5], [4, 9, 5, 10], [6, 12, 7, 11], [8, 17, 9, 18], [10, 3, 11, 4], [12, 22, 13, 21], [14, 20, 15, 19], [23, 17, 24, 16], [18, 7, 19, 8], [20, 14, 21, 13], [1, 22, 2, 23]]"
12n_0053_1,"[[1, 22, 2, 23], [15, 1, 16, 24], [2, 6, 3, 5], [4, 9, 5, 10], [6, 12, 7, 11], [8, 17, 9, 18], [10, 3, 11, 4], [12, 22, 13, 21], [14, 20, 15, 19], [23, 17, 24, 16], [18, 7, 19, 8], [20, 14, 21, 13]]"
12n_0053_2,"[[20, 14, 21, 13], [1, 22, 2, 23], [15, 1, 16, 24], [2, 6, 3, 5], [4, 9, 5, 10], [6, 12, 7, 11], [8, 17, 9, 18], [10, 3, 11, 4], [12, 22, 13, 21], [14, 20, 15, 19], [23, 17, 24, 16], [18, 7, 19, 8]]"
12n_0053_3,"[[18, 7, 19, 8], [20, 14, 21, 13], [1, 22, 2, 23], [15, 1, 16, 24], [2, 6, 3, 5], [4, 9, 5, 10], [6, 12, 7, 11], [8, 17, 9, 18], [10, 3, 11, 4], [12, 22, 13, 21], [14, 20, 15, 19], [23, 17, 24, 16]]"
12n_0053_4,"[[23, 17, 24, 16], [18, 7, 19, 8], [20, 14, 21, 13], [1, 22, 2, 23], [15, 1, 16, 24], [2, 6, 3, 5], [4, 9, 5, 10], [6, 12, 7, 11], [8, 17, 9, 18], [10, 3, 11, 4], [12, 22, 13, 21], [14, 20, 15, 19]]"
12n_0053_5,"[[14, 20, 15, 19], [23, 17, 24, 16], [18, 7, 19, 8], [20, 14, 21, 13], [1, 22, 2, 23], [15, 1, 16, 24], [2, 6, 3, 5], [4, 9, 5, 10], [6, 12, 7, 11], [8, 17, 9, 18], [10, 3, 11, 4], [12, 22, 13, 21]]"
12n_0053_6,"[[12, 22, 13, 21], [14, 20, 15, 19], [23, 17, 24, 16], [18, 7, 19, 8], [20, 14, 21, 13], [1, 22, 2, 23], [15, 1, 16, 24], [2, 6, 3, 5], [4, 9, 5, 10], [6, 12, 7, 11], [8, 17, 9, 18], [10, 3, 11, 4]]"
12n_0053_7,"[[10, 3, 11, 4], [12, 22, 13, 21], [14, 20, 15, 19], [23, 17, 24, 16], [18, 7, 19, 8], [20, 14, 21, 13], [1, 22, 2, 23], [15, 1, 16, 24], [2, 6, 3, 5], [4, 9, 5, 10], [6, 12, 7, 11], [8, 17, 9, 18]]"
12n_0053_8,"[[8, 17, 9, 18], [10, 3, 11, 4], [12, 22, 13, 21], [14, 20, 15, 19], [23, 17, 24, 16], [18, 7, 19, 8], [20, 14, 21, 13], [1, 22, 2, 23], [15, 1, 16, 24], [2, 6, 3, 5], [4, 9, 5, 10], [6, 12, 7, 11]]"
12n_0053_9,"[[6, 12, 7, 11], [8, 17, 9, 18], [10, 3, 11, 4], [12, 22, 13, 21], [14, 20, 15, 19], [23, 17, 24, 16], [18, 7, 19, 8], [20, 14, 21, 13], [1, 22, 2, 23], [15, 1, 16, 24], [2, 6, 3, 5], [4, 9, 5, 10]]"
12n_0053_10,"[[4, 9, 5, 10], [6, 12, 7, 11], [8, 17, 9, 18], [10, 3, 11, 4], [12, 22, 13, 21], [14, 20, 15, 19], [23, 17, 24, 16], [18, 7, 19, 8], [20, 14, 21, 13], [1, 22, 2, 23], [15, 1, 16, 24], [2, 6, 3, 5]]"
12n_0053_11,"[[2, 6, 3, 5], [4, 9, 5, 10], [6, 12, 7, 11], [8, 17, 9, 18], [10, 3, 11, 4], [12, 22, 13, 21], [14, 20, 15, 19], [23, 17, 24, 16], [18, 7, 19, 8], [20, 14, 21, 13], [1, 22, 2, 23], [15, 1, 16, 24]]"
12n_0053_12,"[[16, 2, 17, 1], [3, 7, 4, 6], [5, 10, 6, 11], [7, 13, 8, 12], [9, 18, 10, 19], [11, 4, 12, 5], [13, 23, 14, 22], [15, 21, 16, 20], [24, 18, 1, 17], [19, 8, 20, 9], [21, 15, 22, 14], [2, 23, 3, 24]]"
12n_0053_13,"[[2, 23, 3, 24], [16, 2, 17, 1], [3, 7, 4, 6], [5, 10, 6, 11], [7, 13, 8, 12], [9, 18, 10, 19], [11, 4, 12, 5], [13, 23, 14, 22], [15, 21, 16, 20], [24, 18, 1, 17], [19, 8, 20, 9], [21, 15, 22, 14]]"
12n_0053_14,"[[21, 15, 22, 14], [2, 23, 3, 24], [16, 2, 17, 1], [3, 7, 4, 6], [5, 10, 6, 11], [7, 13, 8, 12], [9, 18, 10, 19], [11, 4, 12, 5], [13, 23, 14, 22], [15, 21, 16, 20], [24, 18, 1, 17], [19, 8, 20, 9]]"
12n_0053_15,"[[19, 8, 20, 9], [21, 15, 22, 14], [2, 23, 3, 24], [16, 2, 17, 1], [3, 7, 4, 6], [5, 10, 6, 11], [7, 13, 8, 12], [9, 18, 10, 19], [11, 4, 12, 5], [13, 23, 14, 22], [15, 21, 16, 20], [24, 18, 1, 17]]"
12n_0053_16,"[[24, 18, 1, 17], [19, 8, 20, 9], [21, 15, 22, 14], [2, 23, 3, 24], [16, 2, 17, 1], [3, 7, 4, 6], [5, 10, 6, 11], [7, 13, 8, 12], [9, 18, 10, 19], [11, 4, 12, 5], [13, 23, 14, 22], [15, 21, 16, 20]]"
12n_0053_17,"[[15, 21, 16, 20], [24, 18, 1, 17], [19, 8, 20, 9], [21, 15, 22, 14], [2, 23, 3, 24], [16, 2, 17, 1], [3, 7, 4, 6], [5, 10, 6, 11], [7, 13, 8, 12], [9, 18, 10, 19], [11, 4, 12, 5], [13, 23, 14, 22]]"
12n_0053_18,"[[13, 23, 14, 22], [15, 21, 16, 20], [24, 18, 1, 17], [19, 8, 20, 9], [21, 15, 22, 14], [2, 23, 3, 24], [16, 2, 17, 1], [3, 7, 4, 6], [5, 10, 6, 11], [7, 13, 8, 12], [9, 18, 10, 19], [11, 4, 12, 5]]"
12n_0053_19,"[[11, 4, 12, 5], [13, 23, 14, 22], [15, 21, 16, 20], [24, 18, 1, 17], [19, 8, 20, 9], [21, 15, 22, 14], [2, 23, 3, 24], [16, 2, 17, 1], [3, 7, 4, 6], [5, 10, 6, 11], [7, 13, 8, 12], [9, 18, 10, 19]]"
12n_0053_20,"[[9, 18, 10, 19], [11, 4, 12, 5], [13, 23, 14, 22], [15, 21, 16, 20], [24, 18, 1, 17], [19, 8, 20, 9], [21, 15, 22, 14], [2, 23, 3, 24], [16, 2, 17, 1], [3, 7, 4, 6], [5, 10, 6, 11], [7, 13, 8, 12]]"
12n_0053_21,"[[7, 13, 8, 12], [9, 18, 10, 19], [11, 4, 12, 5], [13, 23, 14, 22], [15, 21, 16, 20], [24, 18, 1, 17], [19, 8, 20, 9], [21, 15, 22, 14], [2, 23, 3, 24], [16, 2, 17, 1], [3, 7, 4, 6], [5, 10, 6, 11]]"
12n_0053_22,"[[5, 10, 6, 11], [7, 13, 8, 12], [9, 18, 10, 19], [11, 4, 12, 5], [13, 23, 14, 22], [15, 21, 16, 20], [24, 18, 1, 17], [19, 8, 20, 9], [21, 15, 22, 14], [2, 23, 3, 24], [16, 2, 17, 1], [3, 7, 4, 6]]"
12n_0053_23,"[[3, 7, 4, 6], [5, 10, 6, 11], [7, 13, 8, 12], [9, 18, 10, 19], [11, 4, 12, 5], [13, 23, 14, 22], [15, 21, 16, 20], [24, 18, 1, 17], [19, 8, 20, 9], [21, 15, 22, 14], [2, 23, 3, 24], [16, 2, 17, 1]]"
12n_0053_24,"[[17, 3, 18, 2], [4, 8, 5, 7], [6, 11, 7, 12], [8, 14, 9, 13], [10, 19, 11, 20], [12, 5, 13, 6], [14, 24, 15, 23], [16, 22, 17, 21], [1, 19, 2, 18], [20, 9, 21, 10], [22, 16, 23, 15], [3, 24, 4, 1]]"
12n_0053_25,"[[3, 24, 4, 1], [17, 3, 18, 2], [4, 8, 5, 7], [6, 11, 7, 12], [8, 14, 9, 13], [10, 19, 11, 20], [12, 5, 13, 6], [14, 24, 15, 23], [16, 22, 17, 21], [1, 19, 2, 18], [20, 9, 21, 10], [22, 16, 23, 15]]"
12n_0053_26,"[[22, 16, 23, 15], [3, 24, 4, 1], [17, 3, 18, 2], [4, 8, 5, 7], [6, 11, 7, 12], [8, 14, 9, 13], [10, 19, 11, 20], [12, 5, 13, 6], [14, 24, 15, 23], [16, 22, 17, 21], [1, 19, 2, 18], [20, 9, 21, 10]]"
12n_0053_27,"[[20, 9, 21, 10], [22, 16, 23, 15], [3, 24, 4, 1], [17, 3, 18, 2], [4, 8, 5, 7], [6, 11, 7, 12], [8, 14, 9, 13], [10, 19, 11, 20], [12, 5, 13, 6], [14, 24, 15, 23], [16, 22, 17, 21], [1, 19, 2, 18]]"
12n_0053_28,"[[1, 19, 2, 18], [20, 9, 21, 10], [22, 16, 23, 15], [3, 24, 4, 1], [17, 3, 18, 2], [4, 8, 5, 7], [6, 11, 7, 12], [8, 14, 9, 13], [10, 19, 11, 20], [12, 5, 13, 6], [14, 24, 15, 23], [16, 22, 17, 21]]"
12n_0053_29,"[[16, 22, 17, 21], [1, 19, 2, 18], [20, 9, 21, 10], [22, 16, 23, 15], [3, 24, 4, 1], [17, 3, 18, 2], [4, 8, 5, 7], [6, 11, 7, 12], [8, 14, 9, 13], [10, 19, 11, 20], [12, 5, 13, 6], [14, 24, 15, 23]]"
12n_0053_30,"[[14, 24, 15, 23], [16, 22, 17, 21], [1, 19, 2, 18], [20, 9, 21, 10], [22, 16, 23, 15], [3, 24, 4, 1], [17, 3, 18, 2], [4, 8, 5, 7], [6, 11, 7, 12], [8, 14, 9, 13], [10, 19, 11, 20], [12, 5, 13, 6]]"
12n_0053_31,"[[12, 5, 13, 6], [14, 24, 15, 23], [16, 22, 17, 21], [1, 19, 2, 18], [20, 9, 21, 10], [22, 16, 23, 15], [3, 24, 4, 1], [17, 3, 18, 2], [4, 8, 5, 7], [6, 11, 7, 12], [8, 14, 9, 13], [10, 19, 11, 20]]"
12n_0053_32,"[[10, 19, 11, 20], [12, 5, 13, 6], [14, 24, 15, 23], [16, 22, 17, 21], [1, 19, 2, 18], [20, 9, 21, 10], [22, 16, 23, 15], [3, 24, 4, 1], [17, 3, 18, 2], [4, 8, 5, 7], [6, 11, 7, 12], [8, 14, 9, 13]]"
12n_0053_33,"[[8, 14, 9, 13], [10, 19, 11, 20], [12, 5, 13, 6], [14, 24, 15, 23], [16, 22, 17, 21], [1, 19, 2, 18], [20, 9, 21, 10], [22, 16, 23, 15], [3, 24, 4, 1], [17, 3, 18, 2], [4, 8, 5, 7], [6, 11, 7, 12]]"
12n_0053_34,"[[6, 11, 7, 12], [8, 14, 9, 13], [10, 19, 11, 20], [12, 5, 13, 6], [14, 24, 15, 23], [16, 22, 17, 21], [1, 19, 2, 18], [20, 9, 21, 10], [22, 16, 23, 15], [3, 24, 4, 1], [17, 3, 18, 2], [4, 8, 5, 7]]"
12n_0053_35,"[[4, 8, 5, 7], [6, 11, 7, 12], [8, 14, 9, 13], [10, 19, 11, 20], [12, 5, 13, 6], [14, 24, 15, 23], [16, 22, 17, 21], [1, 19, 2, 18], [20, 9, 21, 10], [22, 16, 23, 15], [3, 24, 4, 1], [17, 3, 18, 2]]"
12n_0053_36,"[[18, 4, 19, 3], [5, 9, 6, 8], [7, 12, 8, 13], [9, 15, 10, 14], [11, 20, 12, 21], [13, 6, 14, 7], [15, 1, 16, 24], [17, 23, 18, 22], [2, 20, 3, 19], [21, 10, 22, 11], [23, 17, 24, 16], [4, 1, 5, 2]]"
12n_0053_37,"[[4, 1, 5, 2], [18, 4, 19, 3], [5, 9, 6, 8], [7, 12, 8, 13], [9, 15, 10, 14], [11, 20, 12, 21], [13, 6, 14, 7], [15, 1, 16, 24], [17, 23, 18, 22], [2, 20, 3, 19], [21, 10, 22, 11], [23, 17, 24, 16]]"
12n_0053_38,"[[23, 17, 24, 16], [4, 1, 5, 2], [18, 4, 19, 3], [5, 9, 6, 8], [7, 12, 8, 13], [9, 15, 10, 14], [11, 20, 12, 21], [13, 6, 14, 7], [15, 1, 16, 24], [17, 23, 18, 22], [2, 20, 3, 19], [21, 10, 22, 11]]"
12n_0053_39,"[[21, 10, 22, 11], [23, 17, 24, 16], [4, 1, 5, 2], [18, 4, 19, 3], [5, 9, 6, 8], [7, 12, 8, 13], [9, 15, 10, 14], [11, 20, 12, 21], [13, 6, 14, 7], [15, 1, 16, 24], [17, 23, 18, 22], [2, 20, 3, 19]]"
12n_0053_40,"[[2, 20, 3, 19], [21, 10, 22, 11], [23, 17, 24, 16], [4, 1, 5, 2], [18, 4, 19, 3], [5, 9, 6, 8], [7, 12, 8, 13], [9, 15, 10, 14], [11, 20, 12, 21], [13, 6, 14, 7], [15, 1, 16, 24], [17, 23, 18, 22]]"
12n_0053_41,"[[17, 23, 18, 22], [2, 20, 3, 19], [21, 10, 22, 11], [23, 17, 24, 16], [4, 1, 5, 2], [18, 4, 19, 3], [5, 9, 6, 8], [7, 12, 8, 13], [9, 15, 10, 14], [11, 20, 12, 21], [13, 6, 14, 7], [15, 1, 16, 24]]"
12n_0053_42,"[[15, 1, 16, 24], [17, 23, 18, 22], [2, 20, 3, 19], [21, 10, 22, 11], [23, 17, 24, 16], [4, 1, 5, 2], [18, 4, 19, 3], [5, 9, 6, 8], [7, 12, 8, 13], [9, 15, 10, 14], [11, 20, 12, 21], [13, 6, 14, 7]]"
12n_0053_43,"[[13, 6, 14, 7], [15, 1, 16, 24], [17, 23, 18, 22], [2, 20, 3, 19], [21, 10, 22, 11], [23, 17, 24, 16], [4, 1, 5, 2], [18, 4, 19, 3], [5, 9, 6, 8], [7, 12, 8, 13], [9, 15, 10, 14], [11, 20, 12, 21]]"
12n_0053_44,"[[11, 20, 12, 21], [13, 6, 14, 7], [15, 1, 16, 24], [17, 23, 18, 22], [2, 20, 3, 19], [21, 10, 22, 11], [23, 17, 24, 16], [4, 1, 5, 2], [18, 4, 19, 3], [5, 9, 6, 8], [7, 12, 8, 13], [9, 15, 10, 14]]"
12n_0053_45,"[[9, 15, 10, 14], [11, 20, 12, 21], [13, 6, 14, 7], [15, 1, 16, 24], [17, 23, 18, 22], [2, 20, 3, 19], [21, 10, 22, 11], [23, 17, 24, 16], [4, 1, 5, 2], [18, 4, 19, 3], [5, 9, 6, 8], [7, 12, 8, 13]]"
12n_0053_46,"[[7, 12, 8, 13], [9, 15, 10, 14], [11, 20, 12, 21], [13, 6, 14, 7], [15, 1, 16, 24], [17, 23, 18, 22], [2, 20, 3, 19], [21, 10, 22, 11], [23, 17, 24, 16], [4, 1, 5, 2], [18, 4, 19, 3], [5, 9, 6, 8]]"
12n_0053_47,"[[5, 9, 6, 8], [7, 12, 8, 13], [9, 15, 10, 14], [11, 20, 12, 21], [13, 6, 14, 7], [15, 1, 16, 24], [17, 23, 18, 22], [2, 20, 3, 19], [21, 10, 22, 11], [23, 17, 24, 16], [4, 1, 5, 2], [18, 4, 19, 3]]"
12n_0053_48,"[[19, 5, 20, 4], [6, 10, 7, 9], [8, 13, 9, 14], [10, 16, 11, 15], [12, 21, 13, 22], [14, 7, 15, 8], [16, 2, 17, 1], [18, 24, 19, 23], [3, 21, 4, 20], [22, 11, 23, 12], [24, 18, 1, 17], [5, 2, 6, 3]]"
12n_0053_49,"[[5, 2, 6, 3], [19, 5, 20, 4], [6, 10, 7, 9], [8, 13, 9, 14], [10, 16, 11, 15], [12, 21, 13, 22], [14, 7, 15, 8], [16, 2, 17, 1], [18, 24, 19, 23], [3, 21, 4, 20], [22, 11, 23, 12], [24, 18, 1, 17]]"
12n_0053_50,"[[24, 18, 1, 17], [5, 2, 6, 3], [19, 5, 20, 4], [6, 10, 7, 9], [8, 13, 9, 14], [10, 16, 11, 15], [12, 21, 13, 22], [14, 7, 15, 8], [16, 2, 17, 1], [18, 24, 19, 23], [3, 21, 4, 20], [22, 11, 23, 12]]"
12n_0053_51,"[[22, 11, 23, 12], [24, 18, 1, 17], [5, 2, 6, 3], [19, 5, 20, 4], [6, 10, 7, 9], [8, 13, 9, 14], [10, 16, 11, 15], [12, 21, 13, 22], [14, 7, 15, 8], [16, 2, 17, 1], [18, 24, 19, 23], [3, 21, 4, 20]]"
12n_0053_52,"[[3, 21, 4, 20], [22, 11, 23, 12], [24, 18, 1, 17], [5, 2, 6, 3], [19, 5, 20, 4], [6, 10, 7, 9], [8, 13, 9, 14], [10, 16, 11, 15], [12, 21, 13, 22], [14, 7, 15, 8], [16, 2, 17, 1], [18, 24, 19, 23]]"
12n_0053_53,"[[18, 24, 19, 23], [3, 21, 4, 20], [22, 11, 23, 12], [24, 18, 1, 17], [5, 2, 6, 3], [19, 5, 20, 4], [6, 10, 7, 9], [8, 13, 9, 14], [10, 16, 11, 15], [12, 21, 13, 22], [14, 7, 15, 8], [16, 2, 17, 1]]"
12n_0053_54,"[[16, 2, 17, 1], [18, 24, 19, 23], [3, 21, 4, 20], [22, 11, 23, 12], [24, 18, 1, 17], [5, 2, 6, 3], [19, 5, 20, 4], [6, 10, 7, 9], [8, 13, 9, 14], [10, 16, 11, 15], [12, 21, 13, 22], [14, 7, 15, 8]]"
12n_0053_55,"[[14, 7, 15, 8], [16, 2, 17, 1], [18, 24, 19, 23], [3, 21, 4, 20], [22, 11, 23, 12], [24, 18, 1, 17], [5, 2, 6, 3], [19, 5, 20, 4], [6, 10, 7, 9], [8, 13, 9, 14], [10, 16, 11, 15], [12, 21, 13, 22]]"
12n_0053_56,"[[12, 21, 13, 22], [14, 7, 15, 8], [16, 2, 17, 1], [18, 24, 19, 23], [3, 21, 4, 20], [22, 11, 23, 12], [24, 18, 1, 17], [5, 2, 6, 3], [19, 5, 20, 4], [6, 10, 7, 9], [8, 13, 9, 14], [10, 16, 11, 15]]"
12n_0053_57,"[[10, 16, 11, 15], [12, 21, 13, 22], [14, 7, 15, 8], [16, 2, 17, 1], [18, 24, 19, 23], [3, 21, 4, 20], [22, 11, 23, 12], [24, 18, 1, 17], [5, 2, 6, 3], [19, 5, 20, 4], [6, 10, 7, 9], [8, 13, 9, 14]]"
12n_0053_58,"[[8, 13, 9, 14], [10, 16, 11, 15], [12, 21, 13, 22], [14, 7, 15, 8], [16, 2, 17, 1], [18, 24, 19, 23], [3, 21, 4, 20], [22, 11, 23, 12], [24, 18, 1, 17], [5, 2, 6, 3], [19, 5, 20, 4], [6, 10, 7, 9]]"
12n_0053_59,"[[6, 10, 7, 9], [8, 13, 9, 14], [10, 16, 11, 15], [12, 21, 13, 22], [14, 7, 15, 8], [16, 2, 17, 1], [18, 24, 19, 23], [3, 21, 4, 20], [22, 11, 23, 12], [24, 18, 1, 17], [5, 2, 6, 3], [19, 5, 20, 4]]"
12n_0053_60,"[[20, 6, 21, 5], [7, 11, 8, 10], [9, 14, 10, 15], [11, 17, 12, 16], [13, 22, 14, 23], [15, 8, 16, 9], [17, 3, 18, 2], [19, 1, 20, 24], [4, 22, 5, 21], [23, 12, 24, 13], [1, 19, 2, 18], [6, 3, 7, 4]]"
12n_0053_61,"[[6, 3, 7, 4], [20, 6, 21, 5], [7, 11, 8, 10], [9, 14, 10, 15], [11, 17, 12, 16], [13, 22, 14, 23], [15, 8, 16, 9], [17, 3, 18, 2], [19, 1, 20, 24], [4, 22, 5, 21], [23, 12, 24, 13], [1, 19, 2, 18]]"
12n_0053_62,"[[1, 19, 2, 18], [6, 3, 7, 4], [20, 6, 21, 5], [7, 11, 8, 10], [9, 14, 10, 15], [11, 17, 12, 16], [13, 22, 14, 23], [15, 8, 16, 9], [17, 3, 18, 2], [19, 1, 20, 24], [4, 22, 5, 21], [23, 12, 24, 13]]"
12n_0053_63,"[[23, 12, 24, 13], [1, 19, 2, 18], [6, 3, 7, 4], [20, 6, 21, 5], [7, 11, 8, 10], [9, 14, 10, 15], [11, 17, 12, 16], [13, 22, 14, 23], [15, 8, 16, 9], [17, 3, 18, 2], [19, 1, 20, 24], [4, 22, 5, 21]]"
12n_0053_64,"[[4, 22, 5, 21], [23, 12, 24, 13], [1, 19, 2, 18], [6, 3, 7, 4], [20, 6, 21, 5], [7, 11, 8, 10], [9, 14, 10, 15], [11, 17, 12, 16], [13, 22, 14, 23], [15, 8, 16, 9], [17, 3, 18, 2], [19, 1, 20, 24]]"
12n_0053_65,"[[19, 1, 20, 24], [4, 22, 5, 21], [23, 12, 24, 13], [1, 19, 2, 18], [6, 3, 7, 4], [20, 6, 21, 5], [7, 11, 8, 10], [9, 14, 10, 15], [11, 17, 12, 16], [13, 22, 14, 23], [15, 8, 16, 9], [17, 3, 18, 2]]"
12n_0053_66,"[[17, 3, 18, 2], [19, 1, 20, 24], [4, 22, 5, 21], [23, 12, 24, 13], [1, 19, 2, 18], [6, 3, 7, 4], [20, 6, 21, 5], [7, 11, 8, 10], [9, 14, 10, 15], [11, 17, 12, 16], [13, 22, 14, 23], [15, 8, 16, 9]]"
12n_0053_67,"[[15, 8, 16, 9], [17, 3, 18, 2], [19, 1, 20, 24], [4, 22, 5, 21], [23, 12, 24, 13], [1, 19, 2, 18], [6, 3, 7, 4], [20, 6, 21, 5], [7, 11, 8, 10], [9, 14, 10, 15], [11, 17, 12, 16], [13, 22, 14, 23]]"
12n_0053_68,"[[13, 22, 14, 23], [15, 8, 16, 9], [17, 3, 18, 2], [19, 1, 20, 24], [4, 22, 5, 21], [23, 12, 24, 13], [1, 19, 2, 18], [6, 3, 7, 4], [20, 6, 21, 5], [7, 11, 8, 10], [9, 14, 10, 15], [11, 17, 12, 16]]"
12n_0053_69,"[[11, 17, 12, 16], [13, 22, 14, 23], [15, 8, 16, 9], [17, 3, 18, 2], [19, 1, 20, 24], [4, 22, 5, 21], [23, 12, 24, 13], [1, 19, 2, 18], [6, 3, 7, 4], [20, 6, 21, 5], [7, 11, 8, 10], [9, 14, 10, 15]]"
12n_0053_70,"[[9, 14, 10, 15], [11, 17, 12, 16], [13, 22, 14, 23], [15, 8, 16, 9], [17, 3, 18, 2], [19, 1, 20, 24], [4, 22, 5, 21], [23, 12, 24, 13], [1, 19, 2, 18], [6, 3, 7, 4], [20, 6, 21, 5], [7, 11, 8, 10]]"
12n_0053_71,"[[7, 11, 8, 10], [9, 14, 10, 15], [11, 17, 12, 16], [13, 22, 14, 23], [15, 8, 16, 9], [17, 3, 18, 2], [19, 1, 20, 24], [4, 22, 5, 21], [23, 12, 24, 13], [1, 19, 2, 18], [6, 3, 7, 4], [20, 6, 21, 5]]"
12n_0053_72,"[[21, 7, 22, 6], [8, 12, 9, 11], [10, 15, 11, 16], [12, 18, 13, 17], [14, 23, 15, 24], [16, 9, 17, 10], [18, 4, 19, 3], [20, 2, 21, 1], [5, 23, 6, 22], [24, 13, 1, 14], [2, 20, 3, 19], [7, 4, 8, 5]]"
12n_0053_73,"[[7, 4, 8, 5], [21, 7, 22, 6], [8, 12, 9, 11], [10, 15, 11, 16], [12, 18, 13, 17], [14, 23, 15, 24], [16, 9, 17, 10], [18, 4, 19, 3], [20, 2, 21, 1], [5, 23, 6, 22], [24, 13, 1, 14], [2, 20, 3, 19]]"
12n_0053_74,"[[2, 20, 3, 19], [7, 4, 8, 5], [21, 7, 22, 6], [8, 12, 9, 11], [10, 15, 11, 16], [12, 18, 13, 17], [14, 23, 15, 24], [16, 9, 17, 10], [18, 4, 19, 3], [20, 2, 21, 1], [5, 23, 6, 22], [24, 13, 1, 14]]"
12n_0053_75,"[[24, 13, 1, 14], [2, 20, 3, 19], [7, 4, 8, 5], [21, 7, 22, 6], [8, 12, 9, 11], [10, 15, 11, 16], [12, 18, 13, 17], [14, 23, 15, 24], [16, 9, 17, 10], [18, 4, 19, 3], [20, 2, 21, 1], [5, 23, 6, 22]]"
12n_0053_76,"[[5, 23, 6, 22], [24, 13, 1, 14], [2, 20, 3, 19], [7, 4, 8, 5], [21, 7, 22, 6], [8, 12, 9, 11], [10, 15, 11, 16], [12, 18, 13, 17], [14, 23, 15, 24], [16, 9, 17, 10], [18, 4, 19, 3], [20, 2, 21, 1]]"
12n_0053_77,"[[20, 2, 21, 1], [5, 23, 6, 22], [24, 13, 1, 14], [2, 20, 3, 19], [7, 4, 8, 5], [21, 7, 22, 6], [8, 12, 9, 11], [10, 15, 11, 16], [12, 18, 13, 17], [14, 23, 15, 24], [16, 9, 17, 10], [18, 4, 19, 3]]"
12n_0053_78,"[[18, 4, 19, 3], [20, 2, 21, 1], [5, 23, 6, 22], [24, 13, 1, 14], [2, 20, 3, 19], [7, 4, 8, 5], [21, 7, 22, 6], [8, 12, 9, 11], [10, 15, 11, 16], [12, 18, 13, 17], [14, 23, 15, 24], [16, 9, 17, 10]]"
12n_0053_79,"[[16, 9, 17, 10], [18, 4, 19, 3], [20, 2, 21, 1], [5, 23, 6, 22], [24, 13, 1, 14], [2, 20, 3, 19], [7, 4, 8, 5], [21, 7, 22, 6], [8, 12, 9, 11], [10, 15, 11, 16], [12, 18, 13, 17], [14, 23, 15, 24]]"
12n_0053_80,"[[14, 23, 15, 24], [16, 9, 17, 10], [18, 4, 19, 3], [20, 2, 21, 1], [5, 23, 6, 22], [24, 13, 1, 14], [2, 20, 3, 19], [7, 4, 8, 5], [21, 7, 22, 6], [8, 12, 9, 11], [10, 15, 11, 16], [12, 18, 13, 17]]"
12n_0053_81,"[[12, 18, 13, 17], [14, 23, 15, 24], [16, 9, 17, 10], [18, 4, 19, 3], [20, 2, 21, 1], [5, 23, 6, 22], [24, 13, 1, 14], [2, 20, 3, 19], [7, 4, 8, 5], [21, 7, 22, 6], [8, 12, 9, 11], [10, 15, 11, 16]]"
12n_0053_82,"[[10, 15, 11, 16], [12, 18, 13, 17], [14, 23, 15, 24], [16, 9, 17, 10], [18, 4, 19, 3], [20, 2, 21, 1], [5, 23, 6, 22], [24, 13, 1, 14], [2, 20, 3, 19], [7, 4, 8, 5], [21, 7, 22, 6], [8, 12, 9, 11]]"
12n_0053_83,"[[8, 12, 9, 11], [10, 15, 11, 16], [12, 18, 13, 17], [14, 23, 15, 24], [16, 9, 17, 10], [18, 4, 19, 3], [20, 2, 21, 1], [5, 23, 6, 22], [24, 13, 1, 14], [2, 20, 3, 19], [7, 4, 8, 5], [21, 7, 22, 6]]"
12n_0053_84,"[[22, 8, 23, 7], [9, 13, 10, 12], [11, 16, 12, 17], [13, 19, 14, 18], [15, 24, 16, 1], [17, 10, 18, 11], [19, 5, 20, 4], [21, 3, 22, 2], [6, 24, 7, 23], [1, 14, 2, 15], [3, 21, 4, 20], [8, 5, 9, 6]]"
12n_0053_85,"[[8, 5, 9, 6], [22, 8, 23, 7], [9, 13, 10, 12], [11, 16, 12, 17], [13, 19, 14, 18], [15, 24, 16, 1], [17, 10, 18, 11], [19, 5, 20, 4], [21, 3, 22, 2], [6, 24, 7, 23], [1, 14, 2, 15], [3, 21, 4, 20]]"
12n_0053_86,"[[3, 21, 4, 20], [8, 5, 9, 6], [22, 8, 23, 7], [9, 13, 10, 12], [11, 16, 12, 17], [13, 19, 14, 18], [15, 24, 16, 1], [17, 10, 18, 11], [19, 5, 20, 4], [21, 3, 22, 2], [6, 24, 7, 23], [1, 14, 2, 15]]"
12n_0053_87,"[[1, 14, 2, 15], [3, 21, 4, 20], [8, 5, 9, 6], [22, 8, 23, 7], [9, 13, 10, 12], [11, 16, 12, 17], [13, 19, 14, 18], [15, 24, 16, 1], [17, 10, 18, 11], [19, 5, 20, 4], [21, 3, 22, 2], [6, 24, 7, 23]]"
12n_0053_88,"[[6, 24, 7, 23], [1, 14, 2, 15], [3, 21, 4, 20], [8, 5, 9, 6], [22, 8, 23, 7], [9, 13, 10, 12], [11, 16, 12, 17], [13, 19, 14, 18], [15, 24, 16, 1], [17, 10, 18, 11], [19, 5, 20, 4], [21, 3, 22, 2]]"
12n_0053_89,"[[21, 3, 22, 2], [6, 24, 7, 23], [1, 14, 2, 15], [3, 21, 4, 20], [8, 5, 9, 6], [22, 8, 23, 7], [9, 13, 10, 12], [11, 16, 12, 17], [13, 19, 14, 18], [15, 24, 16, 1], [17, 10, 18, 11], [19, 5, 20, 4]]"
12n_0053_90,"[[19, 5, 20, 4], [21, 3, 22, 2], [6, 24, 7, 23], [1, 14, 2, 15], [3, 21, 4, 20], [8, 5, 9, 6], [22, 8, 23, 7], [9, 13, 10, 12], [11, 16, 12, 17], [13, 19, 14, 18], [15, 24, 16, 1], [17, 10, 18, 11]]"
12n_0053_91,"[[17, 10, 18, 11], [19, 5, 20, 4], [21, 3, 22, 2], [6, 24, 7, 23], [1, 14, 2, 15], [3, 21, 4, 20], [8, 5, 9, 6], [22, 8, 23, 7], [9, 13, 10, 12], [11, 16, 12, 17], [13, 19, 14, 18], [15, 24, 16, 1]]"
12n_0053_92,"[[15, 24, 16, 1], [17, 10, 18, 11], [19, 5, 20, 4], [21, 3, 22, 2], [6, 24, 7, 23], [1, 14, 2, 15], [3, 21, 4, 20], [8, 5, 9, 6], [22, 8, 23, 7], [9, 13, 10, 12], [11, 16, 12, 17], [13, 19, 14, 18]]"
12n_0053_93,"[[13, 19, 14, 18], [15, 24, 16, 1], [17, 10, 18, 11], [19, 5, 20, 4], [21, 3, 22, 2], [6, 24, 7, 23], [1, 14, 2, 15], [3, 21, 4, 20], [8, 5, 9, 6], [22, 8, 23, 7], [9, 13, 10, 12], [11, 16, 12, 17]]"
12n_0053_94,"[[11, 16, 12, 17], [13, 19, 14, 18], [15, 24, 16, 1], [17, 10, 18, 11], [19, 5, 20, 4], [21, 3, 22, 2], [6, 24, 7, 23], [1, 14, 2, 15], [3, 21, 4, 20], [8, 5, 9, 6], [22, 8, 23, 7], [9, 13, 10, 12]]"
12n_0053_95,"[[9, 13, 10, 12], [11, 16, 12, 17], [13, 19, 14, 18], [15, 24, 16, 1], [17, 10, 18, 11], [19, 5, 20, 4], [21, 3, 22, 2], [6, 24, 7, 23], [1, 14, 2, 15], [3, 21, 4, 20], [8, 5, 9, 6], [22, 8, 23, 7]]"
12n_0053_96,"[[23, 9, 24, 8], [10, 14, 11, 13], [12, 17, 13, 18], [14, 20, 15, 19], [16, 1, 17, 2], [18, 11, 19, 12], [20, 6, 21, 5], [22, 4, 23, 3], [7, 1, 8, 24], [2, 15, 3, 16], [4, 22, 5, 21], [9, 6, 10, 7]]"
12n_0053_97,"[[9, 6, 10, 7], [23, 9, 24, 8], [10, 14, 11, 13], [12, 17, 13, 18], [14, 20, 15, 19], [16, 1, 17, 2], [18, 11, 19, 12], [20, 6, 21, 5], [22, 4, 23, 3], [7, 1, 8, 24], [2, 15, 3, 16], [4, 22, 5, 21]]"
12n_0053_98,"[[4, 22, 5, 21], [9, 6, 10, 7], [23, 9, 24, 8], [10, 14, 11, 13], [12, 17, 13, 18], [14, 20, 15, 19], [16, 1, 17, 2], [18, 11, 19, 12], [20, 6, 21, 5], [22, 4, 23, 3], [7, 1, 8, 24], [2, 15, 3, 16]]"
12n_0053_99,"[[2, 15, 3, 16], [4, 22, 5, 21], [9, 6, 10, 7], [23, 9, 24, 8], [10, 14, 11, 13], [12, 17, 13, 18], [14, 20, 15, 19], [16, 1, 17, 2], [18, 11, 19, 12], [20, 6, 21, 5], [22, 4, 23, 3], [7, 1, 8, 24]]"
12n_0053_100,"[[7, 1, 8, 24], [2, 15, 3, 16], [4, 22, 5, 21], [9, 6, 10, 7], [23, 9, 24, 8], [10, 14, 11, 13], [12, 17, 13, 18], [14, 20, 15, 19], [16, 1, 17, 2], [18, 11, 19, 12], [20, 6, 21, 5], [22, 4, 23, 3]]"
12n_0053_101,"[[22, 4, 23, 3], [7, 1, 8, 24], [2, 15, 3, 16], [4, 22, 5, 21], [9, 6, 10, 7], [23, 9, 24, 8], [10, 14, 11, 13], [12, 17, 13, 18], [14, 20, 15, 19], [16, 1, 17, 2], [18, 11, 19, 12], [20, 6, 21, 5]]"
12n_0053_102,"[[20, 6, 21, 5], [22, 4, 23, 3], [7, 1, 8, 24], [2, 15, 3, 16], [4, 22, 5, 21], [9, 6, 10, 7], [23, 9, 24, 8], [10, 14, 11, 13], [12, 17, 13, 18], [14, 20, 15, 19], [16, 1, 17, 2], [18, 11, 19, 12]]"
12n_0053_103,"[[18, 11, 19, 12], [20, 6, 21, 5], [22, 4, 23, 3], [7, 1, 8, 24], [2, 15, 3, 16], [4, 22, 5, 21], [9, 6, 10, 7], [23, 9, 24, 8], [10, 14, 11, 13], [12, 17, 13, 18], [14, 20, 15, 19], [16, 1, 17, 2]]"
12n_0053_104,"[[16, 1, 17, 2], [18, 11, 19, 12], [20, 6, 21, 5], [22, 4, 23, 3], [7, 1, 8, 24], [2, 15, 3, 16], [4, 22, 5, 21], [9, 6, 10, 7], [23, 9, 24, 8], [10, 14, 11, 13], [12, 17, 13, 18], [14, 20, 15, 19]]"
12n_0053_105,"[[14, 20, 15, 19], [16, 1, 17, 2], [18, 11, 19, 12], [20, 6, 21, 5], [22, 4, 23, 3], [7, 1, 8, 24], [2, 15, 3, 16], [4, 22, 5, 21], [9, 6, 10, 7], [23, 9, 24, 8], [10, 14, 11, 13], [12, 17, 13, 18]]"
12n_0053_106,"[[12, 17, 13, 18], [14, 20, 15, 19], [16, 1, 17, 2], [18, 11, 19, 12], [20, 6, 21, 5], [22, 4, 23, 3], [7, 1, 8, 24], [2, 15, 3, 16], [4, 22, 5, 21], [9, 6, 10, 7], [23, 9, 24, 8], [10, 14, 11, 13]]"
12n_0053_107,"[[10, 14, 11, 13], [12, 17, 13, 18], [14, 20, 15, 19], [16, 1, 17, 2], [18, 11, 19, 12], [20, 6, 21, 5], [22, 4, 23, 3], [7, 1, 8, 24], [2, 15, 3, 16], [4, 22, 5, 21], [9, 6, 10, 7], [23, 9, 24, 8]]"
12n_0053_108,"[[24, 10, 1, 9], [11, 15, 12, 14], [13, 18, 14, 19], [15, 21, 16, 20], [17, 2, 18, 3], [19, 12, 20, 13], [21, 7, 22, 6], [23, 5, 24, 4], [8, 2, 9, 1], [3, 16, 4, 17], [5, 23, 6, 22], [10, 7, 11, 8]]"
12n_0053_109,"[[10, 7, 11, 8], [24, 10, 1, 9], [11, 15, 12, 14], [13, 18, 14, 19], [15, 21, 16, 20], [17, 2, 18, 3], [19, 12, 20, 13], [21, 7, 22, 6], [23, 5, 24, 4], [8, 2, 9, 1], [3, 16, 4, 17], [5, 23, 6, 22]]"
12n_0053_110,"[[5, 23, 6, 22], [10, 7, 11, 8], [24, 10, 1, 9], [11, 15, 12, 14], [13, 18, 14, 19], [15, 21, 16, 20], [17, 2, 18, 3], [19, 12, 20, 13], [21, 7, 22, 6], [23, 5, 24, 4], [8, 2, 9, 1], [3, 16, 4, 17]]"
12n_0053_111,"[[3, 16, 4, 17], [5, 23, 6, 22], [10, 7, 11, 8], [24, 10, 1, 9], [11, 15, 12, 14], [13, 18, 14, 19], [15, 21, 16, 20], [17, 2, 18, 3], [19, 12, 20, 13], [21, 7, 22, 6], [23, 5, 24, 4], [8, 2, 9, 1]]"
12n_0053_112,"[[8, 2, 9, 1], [3, 16, 4, 17], [5, 23, 6, 22], [10, 7, 11, 8], [24, 10, 1, 9], [11, 15, 12, 14], [13, 18, 14, 19], [15, 21, 16, 20], [17, 2, 18, 3], [19, 12, 20, 13], [21, 7, 22, 6], [23, 5, 24, 4]]"
12n_0053_113,"[[23, 5, 24, 4], [8, 2, 9, 1], [3, 16, 4, 17], [5, 23, 6, 22], [10, 7, 11, 8], [24, 10, 1, 9], [11, 15, 12, 14], [13, 18, 14, 19], [15, 21, 16, 20], [17, 2, 18, 3], [19, 12, 20, 13], [21, 7, 22, 6]]"
12n_0053_114,"[[21, 7, 22, 6], [23, 5, 24, 4], [8, 2, 9, 1], [3, 16, 4, 17], [5, 23, 6, 22], [10, 7, 11, 8], [24, 10, 1, 9], [11, 15, 12, 14], [13, 18, 14, 19], [15, 21, 16, 20], [17, 2, 18, 3], [19, 12, 20, 13]]"
12n_0053_115,"[[19, 12, 20, 13], [21, 7, 22, 6], [23, 5, 24, 4], [8, 2, 9, 1], [3, 16, 4, 17], [5, 23, 6, 22], [10, 7, 11, 8], [24, 10, 1, 9], [11, 15, 12, 14], [13, 18, 14, 19], [15, 21, 16, 20], [17, 2, 18, 3]]"
12n_0053_116,"[[17, 2, 18, 3], [19, 12, 20, 13], [21, 7, 22, 6], [23, 5, 24, 4], [8, 2, 9, 1], [3, 16, 4, 17], [5, 23, 6, 22], [10, 7, 11, 8], [24, 10, 1, 9], [11, 15, 12, 14], [13, 18, 14, 19], [15, 21, 16, 20]]"
12n_0053_117,"[[15, 21, 16, 20], [17, 2, 18, 3], [19, 12, 20, 13], [21, 7, 22, 6], [23, 5, 24, 4], [8, 2, 9, 1], [3, 16, 4, 17], [5, 23, 6, 22], [10, 7, 11, 8], [24, 10, 1, 9], [11, 15, 12, 14], [13, 18, 14, 19]]"
12n_0053_118,"[[13, 18, 14, 19], [15, 21, 16, 20], [17, 2, 18, 3], [19, 12, 20, 13], [21, 7, 22, 6], [23, 5, 24, 4], [8, 2, 9, 1], [3, 16, 4, 17], [5, 23, 6, 22], [10, 7, 11, 8], [24, 10, 1, 9], [11, 15, 12, 14]]"
12n_0053_119,"[[11, 15, 12, 14], [13, 18, 14, 19], [15, 21, 16, 20], [17, 2, 18, 3], [19, 12, 20, 13], [21, 7, 22, 6], [23, 5, 24, 4], [8, 2, 9, 1], [3, 16, 4, 17], [5, 23, 6, 22], [10, 7, 11, 8], [24, 10, 1, 9]]"
12n_0053_120,"[[1, 11, 2, 10], [12, 16, 13, 15], [14, 19, 15, 20], [16, 22, 17, 21], [18, 3, 19, 4], [20, 13, 21, 14], [22, 8, 23, 7], [24, 6, 1, 5], [9, 3, 10, 2], [4, 17, 5, 18], [6, 24, 7, 23], [11, 8, 12, 9]]"
12n_0053_121,"[[11, 8, 12, 9], [1, 11, 2, 10], [12, 16, 13, 15], [14, 19, 15, 20], [16, 22, 17, 21], [18, 3, 19, 4], [20, 13, 21, 14], [22, 8, 23, 7], [24, 6, 1, 5], [9, 3, 10, 2], [4, 17, 5, 18], [6, 24, 7, 23]]"
12n_0053_122,"[[6, 24, 7, 23], [11, 8, 12, 9], [1, 11, 2, 10], [12, 16, 13, 15], [14, 19, 15, 20], [16, 22, 17, 21], [18, 3, 19, 4], [20, 13, 21, 14], [22, 8, 23, 7], [24, 6, 1, 5], [9, 3, 10, 2], [4, 17, 5, 18]]"
12n_0053_123,"[[4, 17, 5, 18], [6, 24, 7, 23], [11, 8, 12, 9], [1, 11, 2, 10], [12, 16, 13, 15], [14, 19, 15, 20], [16, 22, 17, 21], [18, 3, 19, 4], [20, 13, 21, 14], [22, 8, 23, 7], [24, 6, 1, 5], [9, 3, 10, 2]]"
12n_0053_124,"[[9, 3, 10, 2], [4, 17, 5, 18], [6, 24, 7, 23], [11, 8, 12, 9], [1, 11, 2, 10], [12, 16, 13, 15], [14, 19, 15, 20], [16, 22, 17, 21], [18, 3, 19, 4], [20, 13, 21, 14], [22, 8, 23, 7], [24, 6, 1, 5]]"
12n_0053_125,"[[24, 6, 1, 5], [9, 3, 10, 2], [4, 17, 5, 18], [6, 24, 7, 23], [11, 8, 12, 9], [1, 11, 2, 10], [12, 16, 13, 15], [14, 19, 15, 20], [16, 22, 17, 21], [18, 3, 19, 4], [20, 13, 21, 14], [22, 8, 23, 7]]"
12n_0053_126,"[[22, 8, 23, 7], [24, 6, 1, 5], [9, 3, 10, 2], [4, 17, 5, 18], [6, 24, 7, 23], [11, 8, 12, 9], [1, 11, 2, 10], [12, 16, 13, 15], [14, 19, 15, 20], [16, 22, 17, 21], [18, 3, 19, 4], [20, 13, 21, 14]]"
12n_0053_127,"[[20, 13, 21, 14], [22, 8, 23, 7], [24, 6, 1, 5], [9, 3, 10, 2], [4, 17, 5, 18], [6, 24, 7, 23], [11, 8, 12, 9], [1, 11, 2, 10], [12, 16, 13, 15], [14, 19, 15, 20], [16, 22, 17, 21], [18, 3, 19, 4]]"
12n_0053_128,"[[18, 3, 19, 4], [20, 13, 21, 14], [22, 8, 23, 7], [24, 6, 1, 5], [9, 3, 10, 2], [4, 17, 5, 18], [6, 24, 7, 23], [11, 8, 12, 9], [1, 11, 2, 10], [12, 16, 13, 15], [14, 19, 15, 20], [16, 22, 17, 21]]"
12n_0053_129,"[[16, 22, 17, 21], [18, 3, 19, 4], [20, 13, 21, 14], [22, 8, 23, 7], [24, 6, 1, 5], [9, 3, 10, 2], [4, 17, 5, 18], [6, 24, 7, 23], [11, 8, 12, 9], [1, 11, 2, 10], [12, 16, 13, 15], [14, 19, 15, 20]]"
12n_0053_130,"[[14, 19, 15, 20], [16, 22, 17, 21], [18, 3, 19, 4], [20, 13, 21, 14], [22, 8, 23, 7], [24, 6, 1, 5], [9, 3, 10, 2], [4, 17, 5, 18], [6, 24, 7, 23], [11, 8, 12, 9], [1, 11, 2, 10], [12, 16, 13, 15]]"
12n_0053_131,"[[12, 16, 13, 15], [14, 19, 15, 20], [16, 22, 17, 21], [18, 3, 19, 4], [20, 13, 21, 14], [22, 8, 23, 7], [24, 6, 1, 5], [9, 3, 10, 2], [4, 17, 5, 18], [6, 24, 7, 23], [11, 8, 12, 9], [1, 11, 2, 10]]"
12n_0053_132,"[[2, 12, 3, 11], [13, 17, 14, 16], [15, 20, 16, 21], [17, 23, 18, 22], [19, 4, 20, 5], [21, 14, 22, 15], [23, 9, 24, 8], [1, 7, 2, 6], [10, 4, 11, 3], [5, 18, 6, 19], [7, 1, 8, 24], [12, 9, 13, 10]]"
12n_0053_133,"[[12, 9, 13, 10], [2, 12, 3, 11], [13, 17, 14, 16], [15, 20, 16, 21], [17, 23, 18, 22], [19, 4, 20, 5], [21, 14, 22, 15], [23, 9, 24, 8], [1, 7, 2, 6], [10, 4, 11, 3], [5, 18, 6, 19], [7, 1, 8, 24]]"
12n_0053_134,"[[7, 1, 8, 24], [12, 9, 13, 10], [2, 12, 3, 11], [13, 17, 14, 16], [15, 20, 16, 21], [17, 23, 18, 22], [19, 4, 20, 5], [21, 14, 22, 15], [23, 9, 24, 8], [1, 7, 2, 6], [10, 4, 11, 3], [5, 18, 6, 19]]"
12n_0053_135,"[[5, 18, 6, 19], [7, 1, 8, 24], [12, 9, 13, 10], [2, 12, 3, 11], [13, 17, 14, 16], [15, 20, 16, 21], [17, 23, 18, 22], [19, 4, 20, 5], [21, 14, 22, 15], [23, 9, 24, 8], [1, 7, 2, 6], [10, 4, 11, 3]]"
12n_0053_136,"[[10, 4, 11, 3], [5, 18, 6, 19], [7, 1, 8, 24], [12, 9, 13, 10], [2, 12, 3, 11], [13, 17, 14, 16], [15, 20, 16, 21], [17, 23, 18, 22], [19, 4, 20, 5], [21, 14, 22, 15], [23, 9, 24, 8], [1, 7, 2, 6]]"
12n_0053_137,"[[1, 7, 2, 6], [10, 4, 11, 3], [5, 18, 6, 19], [7, 1, 8, 24], [12, 9, 13, 10], [2, 12, 3, 11], [13, 17, 14, 16], [15, 20, 16, 21], [17, 23, 18, 22], [19, 4, 20, 5], [21, 14, 22, 15], [23, 9, 24, 8]]"
12n_0053_138,"[[23, 9, 24, 8], [1, 7, 2, 6], [10, 4, 11, 3], [5, 18, 6, 19], [7, 1, 8, 24], [12, 9, 13, 10], [2, 12, 3, 11], [13, 17, 14, 16], [15, 20, 16, 21], [17, 23, 18, 22], [19, 4, 20, 5], [21, 14, 22, 15]]"
12n_0053_139,"[[21, 14, 22, 15], [23, 9, 24, 8], [1, 7, 2, 6], [10, 4, 11, 3], [5, 18, 6, 19], [7, 1, 8, 24], [12, 9, 13, 10], [2, 12, 3, 11], [13, 17, 14, 16], [15, 20, 16, 21], [17, 23, 18, 22], [19, 4, 20, 5]]"
12n_0053_140,"[[19, 4, 20, 5], [21, 14, 22, 15], [23, 9, 24, 8], [1, 7, 2, 6], [10, 4, 11, 3], [5, 18, 6, 19], [7, 1, 8, 24], [12, 9, 13, 10], [2, 12, 3, 11], [13, 17, 14, 16], [15, 20, 16, 21], [17, 23, 18, 22]]"
12n_0053_141,"[[17, 23, 18, 22], [19, 4, 20, 5], [21, 14, 22, 15], [23, 9, 24, 8], [1, 7, 2, 6], [10, 4, 11, 3], [5, 18, 6, 19], [7, 1, 8, 24], [12, 9, 13, 10], [2, 12, 3, 11], [13, 17, 14, 16], [15, 20, 16, 21]]"
12n_0053_142,"[[15, 20, 16, 21], [17, 23, 18, 22], [19, 4, 20, 5], [21, 14, 22, 15], [23, 9, 24, 8], [1, 7, 2, 6], [10, 4, 11, 3], [5, 18, 6, 19], [7, 1, 8, 24], [12, 9, 13, 10], [2, 12, 3, 11], [13, 17, 14, 16]]"
12n_0053_143,"[[13, 17, 14, 16], [15, 20, 16, 21], [17, 23, 18, 22], [19, 4, 20, 5], [21, 14, 22, 15], [23, 9, 24, 8], [1, 7, 2, 6], [10, 4, 11, 3], [5, 18, 6, 19], [7, 1, 8, 24], [12, 9, 13, 10], [2, 12, 3, 11]]"
12n_0053_144,"[[3, 13, 4, 12], [14, 18, 15, 17], [16, 21, 17, 22], [18, 24, 19, 23], [20, 5, 21, 6], [22, 15, 23, 16], [24, 10, 1, 9], [2, 8, 3, 7], [11, 5, 12, 4], [6, 19, 7, 20], [8, 2, 9, 1], [13, 10, 14, 11]]"
12n_0053_145,"[[13, 10, 14, 11], [3, 13, 4, 12], [14, 18, 15, 17], [16, 21, 17, 22], [18, 24, 19, 23], [20, 5, 21, 6], [22, 15, 23, 16], [24, 10, 1, 9], [2, 8, 3, 7], [11, 5, 12, 4], [6, 19, 7, 20], [8, 2, 9, 1]]"
12n_0053_146,"[[8, 2, 9, 1], [13, 10, 14, 11], [3, 13, 4, 12], [14, 18, 15, 17], [16, 21, 17, 22], [18, 24, 19, 23], [20, 5, 21, 6], [22, 15, 23, 16], [24, 10, 1, 9], [2, 8, 3, 7], [11, 5, 12, 4], [6, 19, 7, 20]]"
12n_0053_147,"[[6, 19, 7, 20], [8, 2, 9, 1], [13, 10, 14, 11], [3, 13, 4, 12], [14, 18, 15, 17], [16, 21, 17, 22], [18, 24, 19, 23], [20, 5, 21, 6], [22, 15, 23, 16], [24, 10, 1, 9], [2, 8, 3, 7], [11, 5, 12, 4]]"
12n_0053_148,"[[11, 5, 12, 4], [6, 19, 7, 20], [8, 2, 9, 1], [13, 10, 14, 11], [3, 13, 4, 12], [14, 18, 15, 17], [16, 21, 17, 22], [18, 24, 19, 23], [20, 5, 21, 6], [22, 15, 23, 16], [24, 10, 1, 9], [2, 8, 3, 7]]"
12n_0053_149,"[[2, 8, 3, 7], [11, 5, 12, 4], [6, 19, 7, 20], [8, 2, 9, 1], [13, 10, 14, 11], [3, 13, 4, 12], [14, 18, 15, 17], [16, 21, 17, 22], [18, 24, 19, 23], [20, 5, 21, 6], [22, 15, 23, 16], [24, 10, 1, 9]]"
12n_0053_150,"[[24, 10, 1, 9], [2, 8, 3, 7], [11, 5, 12, 4], [6, 19, 7, 20], [8, 2, 9, 1], [13, 10, 14, 11], [3, 13, 4, 12], [14, 18, 15, 17], [16, 21, 17, 22], [18, 24, 19, 23], [20, 5, 21, 6], [22, 15, 23, 16]]"
12n_0053_151,"[[22, 15, 23, 16], [24, 10, 1, 9], [2, 8, 3, 7], [11, 5, 12, 4], [6, 19, 7, 20], [8, 2, 9, 1], [13, 10, 14, 11], [3, 13, 4, 12], [14, 18, 15, 17], [16, 21, 17, 22], [18, 24, 19, 23], [20, 5, 21, 6]]"
12n_0053_152,"[[20, 5, 21, 6], [22, 15, 23, 16], [24, 10, 1, 9], [2, 8, 3, 7], [11, 5, 12, 4], [6, 19, 7, 20], [8, 2, 9, 1], [13, 10, 14, 11], [3, 13, 4, 12], [14, 18, 15, 17], [16, 21, 17, 22], [18, 24, 19, 23]]"
12n_0053_153,"[[18, 24, 19, 23], [20, 5, 21, 6], [22, 15, 23, 16], [24, 10, 1, 9], [2, 8, 3, 7], [11, 5, 12, 4], [6, 19, 7, 20], [8, 2, 9, 1], [13, 10, 14, 11], [3, 13, 4, 12], [14, 18, 15, 17], [16, 21, 17, 22]]"
12n_0053_154,"[[16, 21, 17, 22], [18, 24, 19, 23], [20, 5, 21, 6], [22, 15, 23, 16], [24, 10, 1, 9], [2, 8, 3, 7], [11, 5, 12, 4], [6, 19, 7, 20], [8, 2, 9, 1], [13, 10, 14, 11], [3, 13, 4, 12], [14, 18, 15, 17]]"
12n_0053_155,"[[14, 18, 15, 17], [16, 21, 17, 22], [18, 24, 19, 23], [20, 5, 21, 6], [22, 15, 23, 16], [24, 10, 1, 9], [2, 8, 3, 7], [11, 5, 12, 4], [6, 19, 7, 20], [8, 2, 9, 1], [13, 10, 14, 11], [3, 13, 4, 12]]"
12n_0053_156,"[[4, 14, 5, 13], [15, 19, 16, 18], [17, 22, 18, 23], [19, 1, 20, 24], [21, 6, 22, 7], [23, 16, 24, 17], [1, 11, 2, 10], [3, 9, 4, 8], [12, 6, 13, 5], [7, 20, 8, 21], [9, 3, 10, 2], [14, 11, 15, 12]]"
12n_0053_157,"[[14, 11, 15, 12], [4, 14, 5, 13], [15, 19, 16, 18], [17, 22, 18, 23], [19, 1, 20, 24], [21, 6, 22, 7], [23, 16, 24, 17], [1, 11, 2, 10], [3, 9, 4, 8], [12, 6, 13, 5], [7, 20, 8, 21], [9, 3, 10, 2]]"
12n_0053_158,"[[9, 3, 10, 2], [14, 11, 15, 12], [4, 14, 5, 13], [15, 19, 16, 18], [17, 22, 18, 23], [19, 1, 20, 24], [21, 6, 22, 7], [23, 16, 24, 17], [1, 11, 2, 10], [3, 9, 4, 8], [12, 6, 13, 5], [7, 20, 8, 21]]"
12n_0053_159,"[[7, 20, 8, 21], [9, 3, 10, 2], [14, 11, 15, 12], [4, 14, 5, 13], [15, 19, 16, 18], [17, 22, 18, 23], [19, 1, 20, 24], [21, 6, 22, 7], [23, 16, 24, 17], [1, 11, 2, 10], [3, 9, 4, 8], [12, 6, 13, 5]]"
12n_0053_160,"[[12, 6, 13, 5], [7, 20, 8, 21], [9, 3, 10, 2], [14, 11, 15, 12], [4, 14, 5, 13], [15, 19, 16, 18], [17, 22, 18, 23], [19, 1, 20, 24], [21, 6, 22, 7], [23, 16, 24, 17], [1, 11, 2, 10], [3, 9, 4, 8]]"
12n_0053_161,"[[3, 9, 4, 8], [12, 6, 13, 5], [7, 20, 8, 21], [9, 3, 10, 2], [14, 11, 15, 12], [4, 14, 5, 13], [15, 19, 16, 18], [17, 22, 18, 23], [19, 1, 20, 24], [21, 6, 22, 7], [23, 16, 24, 17], [1, 11, 2, 10]]"
12n_0053_162,"[[1, 11, 2, 10], [3, 9, 4, 8], [12, 6, 13, 5], [7, 20, 8, 21], [9, 3, 10, 2], [14, 11, 15, 12], [4, 14, 5, 13], [15, 19, 16, 18], [17, 22, 18, 23], [19, 1, 20, 24], [21, 6, 22, 7], [23, 16, 24, 17]]"
12n_0053_163,"[[23, 16, 24, 17], [1, 11, 2, 10], [3, 9, 4, 8], [12, 6, 13, 5], [7, 20, 8, 21], [9, 3, 10, 2], [14, 11, 15, 12], [4, 14, 5, 13], [15, 19, 16, 18], [17, 22, 18, 23], [19, 1, 20, 24], [21, 6, 22, 7]]"
12n_0053_164,"[[21, 6, 22, 7], [23, 16, 24, 17], [1, 11, 2, 10], [3, 9, 4, 8], [12, 6, 13, 5], [7, 20, 8, 21], [9, 3, 10, 2], [14, 11, 15, 12], [4, 14, 5, 13], [15, 19, 16, 18], [17, 22, 18, 23], [19, 1, 20, 24]]"
12n_0053_165,"[[19, 1, 20, 24], [21, 6, 22, 7], [23, 16, 24, 17], [1, 11, 2, 10], [3, 9, 4, 8], [12, 6, 13, 5], [7, 20, 8, 21], [9, 3, 10, 2], [14, 11, 15, 12], [4, 14, 5, 13], [15, 19, 16, 18], [17, 22, 18, 23]]"
12n_0053_166,"[[17, 22, 18, 23], [19, 1, 20, 24], [21, 6, 22, 7], [23, 16, 24, 17], [1, 11, 2, 10], [3, 9, 4, 8], [12, 6, 13, 5], [7, 20, 8, 21], [9, 3, 10, 2], [14, 11, 15, 12], [4, 14, 5, 13], [15, 19, 16, 18]]"
12n_0053_167,"[[15, 19, 16, 18], [17, 22, 18, 23], [19, 1, 20, 24], [21, 6, 22, 7], [23, 16, 24, 17], [1, 11, 2, 10], [3, 9, 4, 8], [12, 6, 13, 5], [7, 20, 8, 21], [9, 3, 10, 2], [14, 11, 15, 12], [4, 14, 5, 13]]"
12n_0053_168,"[[5, 15, 6, 14], [16, 20, 17, 19], [18, 23, 19, 24], [20, 2, 21, 1], [22, 7, 23, 8], [24, 17, 1, 18], [2, 12, 3, 11], [4, 10, 5, 9], [13, 7, 14, 6], [8, 21, 9, 22], [10, 4, 11, 3], [15, 12, 16, 13]]"
12n_0053_169,"[[15, 12, 16, 13], [5, 15, 6, 14], [16, 20, 17, 19], [18, 23, 19, 24], [20, 2, 21, 1], [22, 7, 23, 8], [24, 17, 1, 18], [2, 12, 3, 11], [4, 10, 5, 9], [13, 7, 14, 6], [8, 21, 9, 22], [10, 4, 11, 3]]"
12n_0053_170,"[[10, 4, 11, 3], [15, 12, 16, 13], [5, 15, 6, 14], [16, 20, 17, 19], [18, 23, 19, 24], [20, 2, 21, 1], [22, 7, 23, 8], [24, 17, 1, 18], [2, 12, 3, 11], [4, 10, 5, 9], [13, 7, 14, 6], [8, 21, 9, 22]]"
12n_0053_171,"[[8, 21, 9, 22], [10, 4, 11, 3], [15, 12, 16, 13], [5, 15, 6, 14], [16, 20, 17, 19], [18, 23, 19, 24], [20, 2, 21, 1], [22, 7, 23, 8], [24, 17, 1, 18], [2, 12, 3, 11], [4, 10, 5, 9], [13, 7, 14, 6]]"
12n_0053_172,"[[13, 7, 14, 6], [8, 21, 9, 22], [10, 4, 11, 3], [15, 12, 16, 13], [5, 15, 6, 14], [16, 20, 17, 19], [18, 23, 19, 24], [20, 2, 21, 1], [22, 7, 23, 8], [24, 17, 1, 18], [2, 12, 3, 11], [4, 10, 5, 9]]"
12n_0053_173,"[[4, 10, 5, 9], [13, 7, 14, 6], [8, 21, 9, 22], [10, 4, 11, 3], [15, 12, 16, 13], [5, 15, 6, 14], [16, 20, 17, 19], [18, 23, 19, 24], [20, 2, 21, 1], [22, 7, 23, 8], [24, 17, 1, 18], [2, 12, 3, 11]]"
12n_0053_174,"[[2, 12, 3, 11], [4, 10, 5, 9], [13, 7, 14, 6], [8, 21, 9, 22], [10, 4, 11, 3], [15, 12, 16, 13], [5, 15, 6, 14], [16, 20, 17, 19], [18, 23, 19, 24], [20, 2, 21, 1], [22, 7, 23, 8], [24, 17, 1, 18]]"
12n_0053_175,"[[24, 17, 1, 18], [2, 12, 3, 11], [4, 10, 5, 9], [13, 7, 14, 6], [8, 21, 9, 22], [10, 4, 11, 3], [15, 12, 16, 13], [5, 15, 6, 14], [16, 20, 17, 19], [18, 23, 19, 24], [20, 2, 21, 1], [22, 7, 23, 8]]"
12n_0053_176,"[[22, 7, 23, 8], [24, 17, 1, 18], [2, 12, 3, 11], [4, 10, 5, 9], [13, 7, 14, 6], [8, 21, 9, 22], [10, 4, 11, 3], [15, 12, 16, 13], [5, 15, 6, 14], [16, 20, 17, 19], [18, 23, 19, 24], [20, 2, 21, 1]]"
12n_0053_177,"[[20, 2, 21, 1], [22, 7, 23, 8], [24, 17, 1, 18], [2, 12, 3, 11], [4, 10, 5, 9], [13, 7, 14, 6], [8, 21, 9, 22], [10, 4, 11, 3], [15, 12, 16, 13], [5, 15, 6, 14], [16, 20, 17, 19], [18, 23, 19, 24]]"
12n_0053_178,"[[18, 23, 19, 24], [20, 2, 21, 1], [22, 7, 23, 8], [24, 17, 1, 18], [2, 12, 3, 11], [4, 10, 5, 9], [13, 7, 14, 6], [8, 21, 9, 22], [10, 4, 11, 3], [15, 12, 16, 13], [5, 15, 6, 14], [16, 20, 17, 19]]"
12n_0053_179,"[[16, 20, 17, 19], [18, 23, 19, 24], [20, 2, 21, 1], [22, 7, 23, 8], [24, 17, 1, 18], [2, 12, 3, 11], [4, 10, 5, 9], [13, 7, 14, 6], [8, 21, 9, 22], [10, 4, 11, 3], [15, 12, 16, 13], [5, 15, 6, 14]]"
12n_0053_180,"[[6, 16, 7, 15], [17, 21, 18, 20], [19, 24, 20, 1], [21, 3, 22, 2], [23, 8, 24, 9], [1, 18, 2, 19], [3, 13, 4, 12], [5, 11, 6, 10], [14, 8, 15, 7], [9, 22, 10, 23], [11, 5, 12, 4], [16, 13, 17, 14]]"
12n_0053_181,"[[16, 13, 17, 14], [6, 16, 7, 15], [17, 21, 18, 20], [19, 24, 20, 1], [21, 3, 22, 2], [23, 8, 24, 9], [1, 18, 2, 19], [3, 13, 4, 12], [5, 11, 6, 10], [14, 8, 15, 7], [9, 22, 10, 23], [11, 5, 12, 4]]"
12n_0053_182,"[[11, 5, 12, 4], [16, 13, 17, 14], [6, 16, 7, 15], [17, 21, 18, 20], [19, 24, 20, 1], [21, 3, 22, 2], [23, 8, 24, 9], [1, 18, 2, 19], [3, 13, 4, 12], [5, 11, 6, 10], [14, 8, 15, 7], [9, 22, 10, 23]]"
12n_0053_183,"[[9, 22, 10, 23], [11, 5, 12, 4], [16, 13, 17, 14], [6, 16, 7, 15], [17, 21, 18, 20], [19, 24, 20, 1], [21, 3, 22, 2], [23, 8, 24, 9], [1, 18, 2, 19], [3, 13, 4, 12], [5, 11, 6, 10], [14, 8, 15, 7]]"
12n_0053_184,"[[14, 8, 15, 7], [9, 22, 10, 23], [11, 5, 12, 4], [16, 13, 17, 14], [6, 16, 7, 15], [17, 21, 18, 20], [19, 24, 20, 1], [21, 3, 22, 2], [23, 8, 24, 9], [1, 18, 2, 19], [3, 13, 4, 12], [5, 11, 6, 10]]"
12n_0053_185,"[[5, 11, 6, 10], [14, 8, 15, 7], [9, 22, 10, 23], [11, 5, 12, 4], [16, 13, 17, 14], [6, 16, 7, 15], [17, 21, 18, 20], [19, 24, 20, 1], [21, 3, 22, 2], [23, 8, 24, 9], [1, 18, 2, 19], [3, 13, 4, 12]]"
