name,pd_notation
12n_0224_0,"[[21, 24, 22, 1], [2, 6, 3, 5], [4, 10, 5, 9], [15, 6, 16, 7], [8, 4, 9, 3], [23, 11, 24, 10], [17, 12, 18, 13], [7, 14, 8, 15], [19, 16, 20, 17], [13, 18, 14, 19], [1, 20, 2, 21], [11, 23, 12, 22]]"
12n_0224_1,"[[11, 23, 12, 22], [21, 24, 22, 1], [2, 6, 3, 5], [4, 10, 5, 9], [15, 6, 16, 7], [8, 4, 9, 3], [23, 11, 24, 10], [17, 12, 18, 13], [7, 14, 8, 15], [19, 16, 20, 17], [13, 18, 14, 19], [1, 20, 2, 21]]"
12n_0224_2,"[[1, 20, 2, 21], [11, 23, 12, 22], [21, 24, 22, 1], [2, 6, 3, 5], [4, 10, 5, 9], [15, 6, 16, 7], [8, 4, 9, 3], [23, 11, 24, 10], [17, 12, 18, 13], [7, 14, 8, 15], [19, 16, 20, 17], [13, 18, 14, 19]]"
12n_0224_3,"[[13, 18, 14, 19], [1, 20, 2, 21], [11, 23, 12, 22], [21, 24, 22, 1], [2, 6, 3, 5], [4, 10, 5, 9], [15, 6, 16, 7], [8, 4, 9, 3], [23, 11, 24, 10], [17, 12, 18, 13], [7, 14, 8, 15], [19, 16, 20, 17]]"
12n_0224_4,"[[19, 16, 20, 17], [13, 18, 14, 19], [1, 20, 2, 21], [11, 23, 12, 22], [21, 24, 22, 1], [2, 6, 3, 5], [4, 10, 5, 9], [15, 6, 16, 7], [8, 4, 9, 3], [23, 11, 24, 10], [17, 12, 18, 13], [7, 14, 8, 15]]"
12n_0224_5,"[[7, 14, 8, 15], [19, 16, 20, 17], [13, 18, 14, 19], [1, 20, 2, 21], [11, 23, 12, 22], [21, 24, 22, 1], [2, 6, 3, 5], [4, 10, 5, 9], [15, 6, 16, 7], [8, 4, 9, 3], [23, 11, 24, 10], [17, 12, 18, 13]]"
12n_0224_6,"[[17, 12, 18, 13], [7, 14, 8, 15], [19, 16, 20, 17], [13, 18, 14, 19], [1, 20, 2, 21], [11, 23, 12, 22], [21, 24, 22, 1], [2, 6, 3, 5], [4, 10, 5, 9], [15, 6, 16, 7], [8, 4, 9, 3], [23, 11, 24, 10]]"
12n_0224_7,"[[23, 11, 24, 10], [17, 12, 18, 13], [7, 14, 8, 15], [19, 16, 20, 17], [13, 18, 14, 19], [1, 20, 2, 21], [11, 23, 12, 22], [21, 24, 22, 1], [2, 6, 3, 5], [4, 10, 5, 9], [15, 6, 16, 7], [8, 4, 9, 3]]"
12n_0224_8,"[[8, 4, 9, 3], [23, 11, 24, 10], [17, 12, 18, 13], [7, 14, 8, 15], [19, 16, 20, 17], [13, 18, 14, 19], [1, 20, 2, 21], [11, 23, 12, 22], [21, 24, 22, 1], [2, 6, 3, 5], [4, 10, 5, 9], [15, 6, 16, 7]]"
12n_0224_9,"[[15, 6, 16, 7], [8, 4, 9, 3], [23, 11, 24, 10], [17, 12, 18, 13], [7, 14, 8, 15], [19, 16, 20, 17], [13, 18, 14, 19], [1, 20, 2, 21], [11, 23, 12, 22], [21, 24, 22, 1], [2, 6, 3, 5], [4, 10, 5, 9]]"
12n_0224_10,"[[4, 10, 5, 9], [15, 6, 16, 7], [8, 4, 9, 3], [23, 11, 24, 10], [17, 12, 18, 13], [7, 14, 8, 15], [19, 16, 20, 17], [13, 18, 14, 19], [1, 20, 2, 21], [11, 23, 12, 22], [21, 24, 22, 1], [2, 6, 3, 5]]"
12n_0224_11,"[[2, 6, 3, 5], [4, 10, 5, 9], [15, 6, 16, 7], [8, 4, 9, 3], [23, 11, 24, 10], [17, 12, 18, 13], [7, 14, 8, 15], [19, 16, 20, 17], [13, 18, 14, 19], [1, 20, 2, 21], [11, 23, 12, 22], [21, 24, 22, 1]]"
12n_0224_12,"[[22, 1, 23, 2], [3, 7, 4, 6], [5, 11, 6, 10], [16, 7, 17, 8], [9, 5, 10, 4], [24, 12, 1, 11], [18, 13, 19, 14], [8, 15, 9, 16], [20, 17, 21, 18], [14, 19, 15, 20], [2, 21, 3, 22], [12, 24, 13, 23]]"
12n_0224_13,"[[12, 24, 13, 23], [22, 1, 23, 2], [3, 7, 4, 6], [5, 11, 6, 10], [16, 7, 17, 8], [9, 5, 10, 4], [24, 12, 1, 11], [18, 13, 19, 14], [8, 15, 9, 16], [20, 17, 21, 18], [14, 19, 15, 20], [2, 21, 3, 22]]"
12n_0224_14,"[[2, 21, 3, 22], [12, 24, 13, 23], [22, 1, 23, 2], [3, 7, 4, 6], [5, 11, 6, 10], [16, 7, 17, 8], [9, 5, 10, 4], [24, 12, 1, 11], [18, 13, 19, 14], [8, 15, 9, 16], [20, 17, 21, 18], [14, 19, 15, 20]]"
12n_0224_15,"[[14, 19, 15, 20], [2, 21, 3, 22], [12, 24, 13, 23], [22, 1, 23, 2], [3, 7, 4, 6], [5, 11, 6, 10], [16, 7, 17, 8], [9, 5, 10, 4], [24, 12, 1, 11], [18, 13, 19, 14], [8, 15, 9, 16], [20, 17, 21, 18]]"
12n_0224_16,"[[20, 17, 21, 18], [14, 19, 15, 20], [2, 21, 3, 22], [12, 24, 13, 23], [22, 1, 23, 2], [3, 7, 4, 6], [5, 11, 6, 10], [16, 7, 17, 8], [9, 5, 10, 4], [24, 12, 1, 11], [18, 13, 19, 14], [8, 15, 9, 16]]"
12n_0224_17,"[[8, 15, 9, 16], [20, 17, 21, 18], [14, 19, 15, 20], [2, 21, 3, 22], [12, 24, 13, 23], [22, 1, 23, 2], [3, 7, 4, 6], [5, 11, 6, 10], [16, 7, 17, 8], [9, 5, 10, 4], [24, 12, 1, 11], [18, 13, 19, 14]]"
12n_0224_18,"[[18, 13, 19, 14], [8, 15, 9, 16], [20, 17, 21, 18], [14, 19, 15, 20], [2, 21, 3, 22], [12, 24, 13, 23], [22, 1, 23, 2], [3, 7, 4, 6], [5, 11, 6, 10], [16, 7, 17, 8], [9, 5, 10, 4], [24, 12, 1, 11]]"
12n_0224_19,"[[24, 12, 1, 11], [18, 13, 19, 14], [8, 15, 9, 16], [20, 17, 21, 18], [14, 19, 15, 20], [2, 21, 3, 22], [12, 24, 13, 23], [22, 1, 23, 2], [3, 7, 4, 6], [5, 11, 6, 10], [16, 7, 17, 8], [9, 5, 10, 4]]"
12n_0224_20,"[[9, 5, 10, 4], [24, 12, 1, 11], [18, 13, 19, 14], [8, 15, 9, 16], [20, 17, 21, 18], [14, 19, 15, 20], [2, 21, 3, 22], [12, 24, 13, 23], [22, 1, 23, 2], [3, 7, 4, 6], [5, 11, 6, 10], [16, 7, 17, 8]]"
12n_0224_21,"[[16, 7, 17, 8], [9, 5, 10, 4], [24, 12, 1, 11], [18, 13, 19, 14], [8, 15, 9, 16], [20, 17, 21, 18], [14, 19, 15, 20], [2, 21, 3, 22], [12, 24, 13, 23], [22, 1, 23, 2], [3, 7, 4, 6], [5, 11, 6, 10]]"
12n_0224_22,"[[5, 11, 6, 10], [16, 7, 17, 8], [9, 5, 10, 4], [24, 12, 1, 11], [18, 13, 19, 14], [8, 15, 9, 16], [20, 17, 21, 18], [14, 19, 15, 20], [2, 21, 3, 22], [12, 24, 13, 23], [22, 1, 23, 2], [3, 7, 4, 6]]"
12n_0224_23,"[[3, 7, 4, 6], [5, 11, 6, 10], [16, 7, 17, 8], [9, 5, 10, 4], [24, 12, 1, 11], [18, 13, 19, 14], [8, 15, 9, 16], [20, 17, 21, 18], [14, 19, 15, 20], [2, 21, 3, 22], [12, 24, 13, 23], [22, 1, 23, 2]]"
12n_0224_24,"[[23, 2, 24, 3], [4, 8, 5, 7], [6, 12, 7, 11], [17, 8, 18, 9], [10, 6, 11, 5], [1, 13, 2, 12], [19, 14, 20, 15], [9, 16, 10, 17], [21, 18, 22, 19], [15, 20, 16, 21], [3, 22, 4, 23], [13, 1, 14, 24]]"
12n_0224_25,"[[13, 1, 14, 24], [23, 2, 24, 3], [4, 8, 5, 7], [6, 12, 7, 11], [17, 8, 18, 9], [10, 6, 11, 5], [1, 13, 2, 12], [19, 14, 20, 15], [9, 16, 10, 17], [21, 18, 22, 19], [15, 20, 16, 21], [3, 22, 4, 23]]"
12n_0224_26,"[[3, 22, 4, 23], [13, 1, 14, 24], [23, 2, 24, 3], [4, 8, 5, 7], [6, 12, 7, 11], [17, 8, 18, 9], [10, 6, 11, 5], [1, 13, 2, 12], [19, 14, 20, 15], [9, 16, 10, 17], [21, 18, 22, 19], [15, 20, 16, 21]]"
12n_0224_27,"[[15, 20, 16, 21], [3, 22, 4, 23], [13, 1, 14, 24], [23, 2, 24, 3], [4, 8, 5, 7], [6, 12, 7, 11], [17, 8, 18, 9], [10, 6, 11, 5], [1, 13, 2, 12], [19, 14, 20, 15], [9, 16, 10, 17], [21, 18, 22, 19]]"
12n_0224_28,"[[21, 18, 22, 19], [15, 20, 16, 21], [3, 22, 4, 23], [13, 1, 14, 24], [23, 2, 24, 3], [4, 8, 5, 7], [6, 12, 7, 11], [17, 8, 18, 9], [10, 6, 11, 5], [1, 13, 2, 12], [19, 14, 20, 15], [9, 16, 10, 17]]"
12n_0224_29,"[[9, 16, 10, 17], [21, 18, 22, 19], [15, 20, 16, 21], [3, 22, 4, 23], [13, 1, 14, 24], [23, 2, 24, 3], [4, 8, 5, 7], [6, 12, 7, 11], [17, 8, 18, 9], [10, 6, 11, 5], [1, 13, 2, 12], [19, 14, 20, 15]]"
12n_0224_30,"[[19, 14, 20, 15], [9, 16, 10, 17], [21, 18, 22, 19], [15, 20, 16, 21], [3, 22, 4, 23], [13, 1, 14, 24], [23, 2, 24, 3], [4, 8, 5, 7], [6, 12, 7, 11], [17, 8, 18, 9], [10, 6, 11, 5], [1, 13, 2, 12]]"
12n_0224_31,"[[1, 13, 2, 12], [19, 14, 20, 15], [9, 16, 10, 17], [21, 18, 22, 19], [15, 20, 16, 21], [3, 22, 4, 23], [13, 1, 14, 24], [23, 2, 24, 3], [4, 8, 5, 7], [6, 12, 7, 11], [17, 8, 18, 9], [10, 6, 11, 5]]"
12n_0224_32,"[[10, 6, 11, 5], [1, 13, 2, 12], [19, 14, 20, 15], [9, 16, 10, 17], [21, 18, 22, 19], [15, 20, 16, 21], [3, 22, 4, 23], [13, 1, 14, 24], [23, 2, 24, 3], [4, 8, 5, 7], [6, 12, 7, 11], [17, 8, 18, 9]]"
12n_0224_33,"[[17, 8, 18, 9], [10, 6, 11, 5], [1, 13, 2, 12], [19, 14, 20, 15], [9, 16, 10, 17], [21, 18, 22, 19], [15, 20, 16, 21], [3, 22, 4, 23], [13, 1, 14, 24], [23, 2, 24, 3], [4, 8, 5, 7], [6, 12, 7, 11]]"
12n_0224_34,"[[6, 12, 7, 11], [17, 8, 18, 9], [10, 6, 11, 5], [1, 13, 2, 12], [19, 14, 20, 15], [9, 16, 10, 17], [21, 18, 22, 19], [15, 20, 16, 21], [3, 22, 4, 23], [13, 1, 14, 24], [23, 2, 24, 3], [4, 8, 5, 7]]"
12n_0224_35,"[[4, 8, 5, 7], [6, 12, 7, 11], [17, 8, 18, 9], [10, 6, 11, 5], [1, 13, 2, 12], [19, 14, 20, 15], [9, 16, 10, 17], [21, 18, 22, 19], [15, 20, 16, 21], [3, 22, 4, 23], [13, 1, 14, 24], [23, 2, 24, 3]]"
12n_0224_36,"[[24, 3, 1, 4], [5, 9, 6, 8], [7, 13, 8, 12], [18, 9, 19, 10], [11, 7, 12, 6], [2, 14, 3, 13], [20, 15, 21, 16], [10, 17, 11, 18], [22, 19, 23, 20], [16, 21, 17, 22], [4, 23, 5, 24], [14, 2, 15, 1]]"
12n_0224_37,"[[14, 2, 15, 1], [24, 3, 1, 4], [5, 9, 6, 8], [7, 13, 8, 12], [18, 9, 19, 10], [11, 7, 12, 6], [2, 14, 3, 13], [20, 15, 21, 16], [10, 17, 11, 18], [22, 19, 23, 20], [16, 21, 17, 22], [4, 23, 5, 24]]"
12n_0224_38,"[[4, 23, 5, 24], [14, 2, 15, 1], [24, 3, 1, 4], [5, 9, 6, 8], [7, 13, 8, 12], [18, 9, 19, 10], [11, 7, 12, 6], [2, 14, 3, 13], [20, 15, 21, 16], [10, 17, 11, 18], [22, 19, 23, 20], [16, 21, 17, 22]]"
12n_0224_39,"[[16, 21, 17, 22], [4, 23, 5, 24], [14, 2, 15, 1], [24, 3, 1, 4], [5, 9, 6, 8], [7, 13, 8, 12], [18, 9, 19, 10], [11, 7, 12, 6], [2, 14, 3, 13], [20, 15, 21, 16], [10, 17, 11, 18], [22, 19, 23, 20]]"
12n_0224_40,"[[22, 19, 23, 20], [16, 21, 17, 22], [4, 23, 5, 24], [14, 2, 15, 1], [24, 3, 1, 4], [5, 9, 6, 8], [7, 13, 8, 12], [18, 9, 19, 10], [11, 7, 12, 6], [2, 14, 3, 13], [20, 15, 21, 16], [10, 17, 11, 18]]"
12n_0224_41,"[[10, 17, 11, 18], [22, 19, 23, 20], [16, 21, 17, 22], [4, 23, 5, 24], [14, 2, 15, 1], [24, 3, 1, 4], [5, 9, 6, 8], [7, 13, 8, 12], [18, 9, 19, 10], [11, 7, 12, 6], [2, 14, 3, 13], [20, 15, 21, 16]]"
12n_0224_42,"[[20, 15, 21, 16], [10, 17, 11, 18], [22, 19, 23, 20], [16, 21, 17, 22], [4, 23, 5, 24], [14, 2, 15, 1], [24, 3, 1, 4], [5, 9, 6, 8], [7, 13, 8, 12], [18, 9, 19, 10], [11, 7, 12, 6], [2, 14, 3, 13]]"
12n_0224_43,"[[2, 14, 3, 13], [20, 15, 21, 16], [10, 17, 11, 18], [22, 19, 23, 20], [16, 21, 17, 22], [4, 23, 5, 24], [14, 2, 15, 1], [24, 3, 1, 4], [5, 9, 6, 8], [7, 13, 8, 12], [18, 9, 19, 10], [11, 7, 12, 6]]"
12n_0224_44,"[[11, 7, 12, 6], [2, 14, 3, 13], [20, 15, 21, 16], [10, 17, 11, 18], [22, 19, 23, 20], [16, 21, 17, 22], [4, 23, 5, 24], [14, 2, 15, 1], [24, 3, 1, 4], [5, 9, 6, 8], [7, 13, 8, 12], [18, 9, 19, 10]]"
12n_0224_45,"[[18, 9, 19, 10], [11, 7, 12, 6], [2, 14, 3, 13], [20, 15, 21, 16], [10, 17, 11, 18], [22, 19, 23, 20], [16, 21, 17, 22], [4, 23, 5, 24], [14, 2, 15, 1], [24, 3, 1, 4], [5, 9, 6, 8], [7, 13, 8, 12]]"
12n_0224_46,"[[7, 13, 8, 12], [18, 9, 19, 10], [11, 7, 12, 6], [2, 14, 3, 13], [20, 15, 21, 16], [10, 17, 11, 18], [22, 19, 23, 20], [16, 21, 17, 22], [4, 23, 5, 24], [14, 2, 15, 1], [24, 3, 1, 4], [5, 9, 6, 8]]"
12n_0224_47,"[[5, 9, 6, 8], [7, 13, 8, 12], [18, 9, 19, 10], [11, 7, 12, 6], [2, 14, 3, 13], [20, 15, 21, 16], [10, 17, 11, 18], [22, 19, 23, 20], [16, 21, 17, 22], [4, 23, 5, 24], [14, 2, 15, 1], [24, 3, 1, 4]]"
12n_0224_48,"[[1, 4, 2, 5], [6, 10, 7, 9], [8, 14, 9, 13], [19, 10, 20, 11], [12, 8, 13, 7], [3, 15, 4, 14], [21, 16, 22, 17], [11, 18, 12, 19], [23, 20, 24, 21], [17, 22, 18, 23], [5, 24, 6, 1], [15, 3, 16, 2]]"
12n_0224_49,"[[15, 3, 16, 2], [1, 4, 2, 5], [6, 10, 7, 9], [8, 14, 9, 13], [19, 10, 20, 11], [12, 8, 13, 7], [3, 15, 4, 14], [21, 16, 22, 17], [11, 18, 12, 19], [23, 20, 24, 21], [17, 22, 18, 23], [5, 24, 6, 1]]"
12n_0224_50,"[[5, 24, 6, 1], [15, 3, 16, 2], [1, 4, 2, 5], [6, 10, 7, 9], [8, 14, 9, 13], [19, 10, 20, 11], [12, 8, 13, 7], [3, 15, 4, 14], [21, 16, 22, 17], [11, 18, 12, 19], [23, 20, 24, 21], [17, 22, 18, 23]]"
12n_0224_51,"[[17, 22, 18, 23], [5, 24, 6, 1], [15, 3, 16, 2], [1, 4, 2, 5], [6, 10, 7, 9], [8, 14, 9, 13], [19, 10, 20, 11], [12, 8, 13, 7], [3, 15, 4, 14], [21, 16, 22, 17], [11, 18, 12, 19], [23, 20, 24, 21]]"
12n_0224_52,"[[23, 20, 24, 21], [17, 22, 18, 23], [5, 24, 6, 1], [15, 3, 16, 2], [1, 4, 2, 5], [6, 10, 7, 9], [8, 14, 9, 13], [19, 10, 20, 11], [12, 8, 13, 7], [3, 15, 4, 14], [21, 16, 22, 17], [11, 18, 12, 19]]"
12n_0224_53,"[[11, 18, 12, 19], [23, 20, 24, 21], [17, 22, 18, 23], [5, 24, 6, 1], [15, 3, 16, 2], [1, 4, 2, 5], [6, 10, 7, 9], [8, 14, 9, 13], [19, 10, 20, 11], [12, 8, 13, 7], [3, 15, 4, 14], [21, 16, 22, 17]]"
12n_0224_54,"[[21, 16, 22, 17], [11, 18, 12, 19], [23, 20, 24, 21], [17, 22, 18, 23], [5, 24, 6, 1], [15, 3, 16, 2], [1, 4, 2, 5], [6, 10, 7, 9], [8, 14, 9, 13], [19, 10, 20, 11], [12, 8, 13, 7], [3, 15, 4, 14]]"
12n_0224_55,"[[3, 15, 4, 14], [21, 16, 22, 17], [11, 18, 12, 19], [23, 20, 24, 21], [17, 22, 18, 23], [5, 24, 6, 1], [15, 3, 16, 2], [1, 4, 2, 5], [6, 10, 7, 9], [8, 14, 9, 13], [19, 10, 20, 11], [12, 8, 13, 7]]"
12n_0224_56,"[[12, 8, 13, 7], [3, 15, 4, 14], [21, 16, 22, 17], [11, 18, 12, 19], [23, 20, 24, 21], [17, 22, 18, 23], [5, 24, 6, 1], [15, 3, 16, 2], [1, 4, 2, 5], [6, 10, 7, 9], [8, 14, 9, 13], [19, 10, 20, 11]]"
12n_0224_57,"[[19, 10, 20, 11], [12, 8, 13, 7], [3, 15, 4, 14], [21, 16, 22, 17], [11, 18, 12, 19], [23, 20, 24, 21], [17, 22, 18, 23], [5, 24, 6, 1], [15, 3, 16, 2], [1, 4, 2, 5], [6, 10, 7, 9], [8, 14, 9, 13]]"
12n_0224_58,"[[8, 14, 9, 13], [19, 10, 20, 11], [12, 8, 13, 7], [3, 15, 4, 14], [21, 16, 22, 17], [11, 18, 12, 19], [23, 20, 24, 21], [17, 22, 18, 23], [5, 24, 6, 1], [15, 3, 16, 2], [1, 4, 2, 5], [6, 10, 7, 9]]"
12n_0224_59,"[[6, 10, 7, 9], [8, 14, 9, 13], [19, 10, 20, 11], [12, 8, 13, 7], [3, 15, 4, 14], [21, 16, 22, 17], [11, 18, 12, 19], [23, 20, 24, 21], [17, 22, 18, 23], [5, 24, 6, 1], [15, 3, 16, 2], [1, 4, 2, 5]]"
12n_0224_60,"[[2, 5, 3, 6], [7, 11, 8, 10], [9, 15, 10, 14], [20, 11, 21, 12], [13, 9, 14, 8], [4, 16, 5, 15], [22, 17, 23, 18], [12, 19, 13, 20], [24, 21, 1, 22], [18, 23, 19, 24], [6, 1, 7, 2], [16, 4, 17, 3]]"
12n_0224_61,"[[16, 4, 17, 3], [2, 5, 3, 6], [7, 11, 8, 10], [9, 15, 10, 14], [20, 11, 21, 12], [13, 9, 14, 8], [4, 16, 5, 15], [22, 17, 23, 18], [12, 19, 13, 20], [24, 21, 1, 22], [18, 23, 19, 24], [6, 1, 7, 2]]"
12n_0224_62,"[[6, 1, 7, 2], [16, 4, 17, 3], [2, 5, 3, 6], [7, 11, 8, 10], [9, 15, 10, 14], [20, 11, 21, 12], [13, 9, 14, 8], [4, 16, 5, 15], [22, 17, 23, 18], [12, 19, 13, 20], [24, 21, 1, 22], [18, 23, 19, 24]]"
12n_0224_63,"[[18, 23, 19, 24], [6, 1, 7, 2], [16, 4, 17, 3], [2, 5, 3, 6], [7, 11, 8, 10], [9, 15, 10, 14], [20, 11, 21, 12], [13, 9, 14, 8], [4, 16, 5, 15], [22, 17, 23, 18], [12, 19, 13, 20], [24, 21, 1, 22]]"
12n_0224_64,"[[24, 21, 1, 22], [18, 23, 19, 24], [6, 1, 7, 2], [16, 4, 17, 3], [2, 5, 3, 6], [7, 11, 8, 10], [9, 15, 10, 14], [20, 11, 21, 12], [13, 9, 14, 8], [4, 16, 5, 15], [22, 17, 23, 18], [12, 19, 13, 20]]"
12n_0224_65,"[[12, 19, 13, 20], [24, 21, 1, 22], [18, 23, 19, 24], [6, 1, 7, 2], [16, 4, 17, 3], [2, 5, 3, 6], [7, 11, 8, 10], [9, 15, 10, 14], [20, 11, 21, 12], [13, 9, 14, 8], [4, 16, 5, 15], [22, 17, 23, 18]]"
12n_0224_66,"[[22, 17, 23, 18], [12, 19, 13, 20], [24, 21, 1, 22], [18, 23, 19, 24], [6, 1, 7, 2], [16, 4, 17, 3], [2, 5, 3, 6], [7, 11, 8, 10], [9, 15, 10, 14], [20, 11, 21, 12], [13, 9, 14, 8], [4, 16, 5, 15]]"
12n_0224_67,"[[4, 16, 5, 15], [22, 17, 23, 18], [12, 19, 13, 20], [24, 21, 1, 22], [18, 23, 19, 24], [6, 1, 7, 2], [16, 4, 17, 3], [2, 5, 3, 6], [7, 11, 8, 10], [9, 15, 10, 14], [20, 11, 21, 12], [13, 9, 14, 8]]"
12n_0224_68,"[[13, 9, 14, 8], [4, 16, 5, 15], [22, 17, 23, 18], [12, 19, 13, 20], [24, 21, 1, 22], [18, 23, 19, 24], [6, 1, 7, 2], [16, 4, 17, 3], [2, 5, 3, 6], [7, 11, 8, 10], [9, 15, 10, 14], [20, 11, 21, 12]]"
12n_0224_69,"[[20, 11, 21, 12], [13, 9, 14, 8], [4, 16, 5, 15], [22, 17, 23, 18], [12, 19, 13, 20], [24, 21, 1, 22], [18, 23, 19, 24], [6, 1, 7, 2], [16, 4, 17, 3], [2, 5, 3, 6], [7, 11, 8, 10], [9, 15, 10, 14]]"
12n_0224_70,"[[9, 15, 10, 14], [20, 11, 21, 12], [13, 9, 14, 8], [4, 16, 5, 15], [22, 17, 23, 18], [12, 19, 13, 20], [24, 21, 1, 22], [18, 23, 19, 24], [6, 1, 7, 2], [16, 4, 17, 3], [2, 5, 3, 6], [7, 11, 8, 10]]"
12n_0224_71,"[[7, 11, 8, 10], [9, 15, 10, 14], [20, 11, 21, 12], [13, 9, 14, 8], [4, 16, 5, 15], [22, 17, 23, 18], [12, 19, 13, 20], [24, 21, 1, 22], [18, 23, 19, 24], [6, 1, 7, 2], [16, 4, 17, 3], [2, 5, 3, 6]]"
12n_0224_72,"[[3, 6, 4, 7], [8, 12, 9, 11], [10, 16, 11, 15], [21, 12, 22, 13], [14, 10, 15, 9], [5, 17, 6, 16], [23, 18, 24, 19], [13, 20, 14, 21], [1, 22, 2, 23], [19, 24, 20, 1], [7, 2, 8, 3], [17, 5, 18, 4]]"
12n_0224_73,"[[17, 5, 18, 4], [3, 6, 4, 7], [8, 12, 9, 11], [10, 16, 11, 15], [21, 12, 22, 13], [14, 10, 15, 9], [5, 17, 6, 16], [23, 18, 24, 19], [13, 20, 14, 21], [1, 22, 2, 23], [19, 24, 20, 1], [7, 2, 8, 3]]"
12n_0224_74,"[[7, 2, 8, 3], [17, 5, 18, 4], [3, 6, 4, 7], [8, 12, 9, 11], [10, 16, 11, 15], [21, 12, 22, 13], [14, 10, 15, 9], [5, 17, 6, 16], [23, 18, 24, 19], [13, 20, 14, 21], [1, 22, 2, 23], [19, 24, 20, 1]]"
12n_0224_75,"[[19, 24, 20, 1], [7, 2, 8, 3], [17, 5, 18, 4], [3, 6, 4, 7], [8, 12, 9, 11], [10, 16, 11, 15], [21, 12, 22, 13], [14, 10, 15, 9], [5, 17, 6, 16], [23, 18, 24, 19], [13, 20, 14, 21], [1, 22, 2, 23]]"
12n_0224_76,"[[1, 22, 2, 23], [19, 24, 20, 1], [7, 2, 8, 3], [17, 5, 18, 4], [3, 6, 4, 7], [8, 12, 9, 11], [10, 16, 11, 15], [21, 12, 22, 13], [14, 10, 15, 9], [5, 17, 6, 16], [23, 18, 24, 19], [13, 20, 14, 21]]"
12n_0224_77,"[[13, 20, 14, 21], [1, 22, 2, 23], [19, 24, 20, 1], [7, 2, 8, 3], [17, 5, 18, 4], [3, 6, 4, 7], [8, 12, 9, 11], [10, 16, 11, 15], [21, 12, 22, 13], [14, 10, 15, 9], [5, 17, 6, 16], [23, 18, 24, 19]]"
12n_0224_78,"[[23, 18, 24, 19], [13, 20, 14, 21], [1, 22, 2, 23], [19, 24, 20, 1], [7, 2, 8, 3], [17, 5, 18, 4], [3, 6, 4, 7], [8, 12, 9, 11], [10, 16, 11, 15], [21, 12, 22, 13], [14, 10, 15, 9], [5, 17, 6, 16]]"
12n_0224_79,"[[5, 17, 6, 16], [23, 18, 24, 19], [13, 20, 14, 21], [1, 22, 2, 23], [19, 24, 20, 1], [7, 2, 8, 3], [17, 5, 18, 4], [3, 6, 4, 7], [8, 12, 9, 11], [10, 16, 11, 15], [21, 12, 22, 13], [14, 10, 15, 9]]"
12n_0224_80,"[[14, 10, 15, 9], [5, 17, 6, 16], [23, 18, 24, 19], [13, 20, 14, 21], [1, 22, 2, 23], [19, 24, 20, 1], [7, 2, 8, 3], [17, 5, 18, 4], [3, 6, 4, 7], [8, 12, 9, 11], [10, 16, 11, 15], [21, 12, 22, 13]]"
12n_0224_81,"[[21, 12, 22, 13], [14, 10, 15, 9], [5, 17, 6, 16], [23, 18, 24, 19], [13, 20, 14, 21], [1, 22, 2, 23], [19, 24, 20, 1], [7, 2, 8, 3], [17, 5, 18, 4], [3, 6, 4, 7], [8, 12, 9, 11], [10, 16, 11, 15]]"
12n_0224_82,"[[10, 16, 11, 15], [21, 12, 22, 13], [14, 10, 15, 9], [5, 17, 6, 16], [23, 18, 24, 19], [13, 20, 14, 21], [1, 22, 2, 23], [19, 24, 20, 1], [7, 2, 8, 3], [17, 5, 18, 4], [3, 6, 4, 7], [8, 12, 9, 11]]"
12n_0224_83,"[[8, 12, 9, 11], [10, 16, 11, 15], [21, 12, 22, 13], [14, 10, 15, 9], [5, 17, 6, 16], [23, 18, 24, 19], [13, 20, 14, 21], [1, 22, 2, 23], [19, 24, 20, 1], [7, 2, 8, 3], [17, 5, 18, 4], [3, 6, 4, 7]]"
12n_0224_84,"[[4, 7, 5, 8], [9, 13, 10, 12], [11, 17, 12, 16], [22, 13, 23, 14], [15, 11, 16, 10], [6, 18, 7, 17], [24, 19, 1, 20], [14, 21, 15, 22], [2, 23, 3, 24], [20, 1, 21, 2], [8, 3, 9, 4], [18, 6, 19, 5]]"
12n_0224_85,"[[18, 6, 19, 5], [4, 7, 5, 8], [9, 13, 10, 12], [11, 17, 12, 16], [22, 13, 23, 14], [15, 11, 16, 10], [6, 18, 7, 17], [24, 19, 1, 20], [14, 21, 15, 22], [2, 23, 3, 24], [20, 1, 21, 2], [8, 3, 9, 4]]"
12n_0224_86,"[[8, 3, 9, 4], [18, 6, 19, 5], [4, 7, 5, 8], [9, 13, 10, 12], [11, 17, 12, 16], [22, 13, 23, 14], [15, 11, 16, 10], [6, 18, 7, 17], [24, 19, 1, 20], [14, 21, 15, 22], [2, 23, 3, 24], [20, 1, 21, 2]]"
12n_0224_87,"[[20, 1, 21, 2], [8, 3, 9, 4], [18, 6, 19, 5], [4, 7, 5, 8], [9, 13, 10, 12], [11, 17, 12, 16], [22, 13, 23, 14], [15, 11, 16, 10], [6, 18, 7, 17], [24, 19, 1, 20], [14, 21, 15, 22], [2, 23, 3, 24]]"
12n_0224_88,"[[2, 23, 3, 24], [20, 1, 21, 2], [8, 3, 9, 4], [18, 6, 19, 5], [4, 7, 5, 8], [9, 13, 10, 12], [11, 17, 12, 16], [22, 13, 23, 14], [15, 11, 16, 10], [6, 18, 7, 17], [24, 19, 1, 20], [14, 21, 15, 22]]"
12n_0224_89,"[[14, 21, 15, 22], [2, 23, 3, 24], [20, 1, 21, 2], [8, 3, 9, 4], [18, 6, 19, 5], [4, 7, 5, 8], [9, 13, 10, 12], [11, 17, 12, 16], [22, 13, 23, 14], [15, 11, 16, 10], [6, 18, 7, 17], [24, 19, 1, 20]]"
12n_0224_90,"[[24, 19, 1, 20], [14, 21, 15, 22], [2, 23, 3, 24], [20, 1, 21, 2], [8, 3, 9, 4], [18, 6, 19, 5], [4, 7, 5, 8], [9, 13, 10, 12], [11, 17, 12, 16], [22, 13, 23, 14], [15, 11, 16, 10], [6, 18, 7, 17]]"
12n_0224_91,"[[6, 18, 7, 17], [24, 19, 1, 20], [14, 21, 15, 22], [2, 23, 3, 24], [20, 1, 21, 2], [8, 3, 9, 4], [18, 6, 19, 5], [4, 7, 5, 8], [9, 13, 10, 12], [11, 17, 12, 16], [22, 13, 23, 14], [15, 11, 16, 10]]"
12n_0224_92,"[[15, 11, 16, 10], [6, 18, 7, 17], [24, 19, 1, 20], [14, 21, 15, 22], [2, 23, 3, 24], [20, 1, 21, 2], [8, 3, 9, 4], [18, 6, 19, 5], [4, 7, 5, 8], [9, 13, 10, 12], [11, 17, 12, 16], [22, 13, 23, 14]]"
12n_0224_93,"[[22, 13, 23, 14], [15, 11, 16, 10], [6, 18, 7, 17], [24, 19, 1, 20], [14, 21, 15, 22], [2, 23, 3, 24], [20, 1, 21, 2], [8, 3, 9, 4], [18, 6, 19, 5], [4, 7, 5, 8], [9, 13, 10, 12], [11, 17, 12, 16]]"
12n_0224_94,"[[11, 17, 12, 16], [22, 13, 23, 14], [15, 11, 16, 10], [6, 18, 7, 17], [24, 19, 1, 20], [14, 21, 15, 22], [2, 23, 3, 24], [20, 1, 21, 2], [8, 3, 9, 4], [18, 6, 19, 5], [4, 7, 5, 8], [9, 13, 10, 12]]"
12n_0224_95,"[[9, 13, 10, 12], [11, 17, 12, 16], [22, 13, 23, 14], [15, 11, 16, 10], [6, 18, 7, 17], [24, 19, 1, 20], [14, 21, 15, 22], [2, 23, 3, 24], [20, 1, 21, 2], [8, 3, 9, 4], [18, 6, 19, 5], [4, 7, 5, 8]]"
12n_0224_96,"[[5, 8, 6, 9], [10, 14, 11, 13], [12, 18, 13, 17], [23, 14, 24, 15], [16, 12, 17, 11], [7, 19, 8, 18], [1, 20, 2, 21], [15, 22, 16, 23], [3, 24, 4, 1], [21, 2, 22, 3], [9, 4, 10, 5], [19, 7, 20, 6]]"
12n_0224_97,"[[19, 7, 20, 6], [5, 8, 6, 9], [10, 14, 11, 13], [12, 18, 13, 17], [23, 14, 24, 15], [16, 12, 17, 11], [7, 19, 8, 18], [1, 20, 2, 21], [15, 22, 16, 23], [3, 24, 4, 1], [21, 2, 22, 3], [9, 4, 10, 5]]"
12n_0224_98,"[[9, 4, 10, 5], [19, 7, 20, 6], [5, 8, 6, 9], [10, 14, 11, 13], [12, 18, 13, 17], [23, 14, 24, 15], [16, 12, 17, 11], [7, 19, 8, 18], [1, 20, 2, 21], [15, 22, 16, 23], [3, 24, 4, 1], [21, 2, 22, 3]]"
12n_0224_99,"[[21, 2, 22, 3], [9, 4, 10, 5], [19, 7, 20, 6], [5, 8, 6, 9], [10, 14, 11, 13], [12, 18, 13, 17], [23, 14, 24, 15], [16, 12, 17, 11], [7, 19, 8, 18], [1, 20, 2, 21], [15, 22, 16, 23], [3, 24, 4, 1]]"
12n_0224_100,"[[3, 24, 4, 1], [21, 2, 22, 3], [9, 4, 10, 5], [19, 7, 20, 6], [5, 8, 6, 9], [10, 14, 11, 13], [12, 18, 13, 17], [23, 14, 24, 15], [16, 12, 17, 11], [7, 19, 8, 18], [1, 20, 2, 21], [15, 22, 16, 23]]"
12n_0224_101,"[[15, 22, 16, 23], [3, 24, 4, 1], [21, 2, 22, 3], [9, 4, 10, 5], [19, 7, 20, 6], [5, 8, 6, 9], [10, 14, 11, 13], [12, 18, 13, 17], [23, 14, 24, 15], [16, 12, 17, 11], [7, 19, 8, 18], [1, 20, 2, 21]]"
12n_0224_102,"[[1, 20, 2, 21], [15, 22, 16, 23], [3, 24, 4, 1], [21, 2, 22, 3], [9, 4, 10, 5], [19, 7, 20, 6], [5, 8, 6, 9], [10, 14, 11, 13], [12, 18, 13, 17], [23, 14, 24, 15], [16, 12, 17, 11], [7, 19, 8, 18]]"
12n_0224_103,"[[7, 19, 8, 18], [1, 20, 2, 21], [15, 22, 16, 23], [3, 24, 4, 1], [21, 2, 22, 3], [9, 4, 10, 5], [19, 7, 20, 6], [5, 8, 6, 9], [10, 14, 11, 13], [12, 18, 13, 17], [23, 14, 24, 15], [16, 12, 17, 11]]"
12n_0224_104,"[[16, 12, 17, 11], [7, 19, 8, 18], [1, 20, 2, 21], [15, 22, 16, 23], [3, 24, 4, 1], [21, 2, 22, 3], [9, 4, 10, 5], [19, 7, 20, 6], [5, 8, 6, 9], [10, 14, 11, 13], [12, 18, 13, 17], [23, 14, 24, 15]]"
12n_0224_105,"[[23, 14, 24, 15], [16, 12, 17, 11], [7, 19, 8, 18], [1, 20, 2, 21], [15, 22, 16, 23], [3, 24, 4, 1], [21, 2, 22, 3], [9, 4, 10, 5], [19, 7, 20, 6], [5, 8, 6, 9], [10, 14, 11, 13], [12, 18, 13, 17]]"
12n_0224_106,"[[12, 18, 13, 17], [23, 14, 24, 15], [16, 12, 17, 11], [7, 19, 8, 18], [1, 20, 2, 21], [15, 22, 16, 23], [3, 24, 4, 1], [21, 2, 22, 3], [9, 4, 10, 5], [19, 7, 20, 6], [5, 8, 6, 9], [10, 14, 11, 13]]"
12n_0224_107,"[[10, 14, 11, 13], [12, 18, 13, 17], [23, 14, 24, 15], [16, 12, 17, 11], [7, 19, 8, 18], [1, 20, 2, 21], [15, 22, 16, 23], [3, 24, 4, 1], [21, 2, 22, 3], [9, 4, 10, 5], [19, 7, 20, 6], [5, 8, 6, 9]]"
12n_0224_108,"[[6, 9, 7, 10], [11, 15, 12, 14], [13, 19, 14, 18], [24, 15, 1, 16], [17, 13, 18, 12], [8, 20, 9, 19], [2, 21, 3, 22], [16, 23, 17, 24], [4, 1, 5, 2], [22, 3, 23, 4], [10, 5, 11, 6], [20, 8, 21, 7]]"
12n_0224_109,"[[20, 8, 21, 7], [6, 9, 7, 10], [11, 15, 12, 14], [13, 19, 14, 18], [24, 15, 1, 16], [17, 13, 18, 12], [8, 20, 9, 19], [2, 21, 3, 22], [16, 23, 17, 24], [4, 1, 5, 2], [22, 3, 23, 4], [10, 5, 11, 6]]"
12n_0224_110,"[[10, 5, 11, 6], [20, 8, 21, 7], [6, 9, 7, 10], [11, 15, 12, 14], [13, 19, 14, 18], [24, 15, 1, 16], [17, 13, 18, 12], [8, 20, 9, 19], [2, 21, 3, 22], [16, 23, 17, 24], [4, 1, 5, 2], [22, 3, 23, 4]]"
12n_0224_111,"[[22, 3, 23, 4], [10, 5, 11, 6], [20, 8, 21, 7], [6, 9, 7, 10], [11, 15, 12, 14], [13, 19, 14, 18], [24, 15, 1, 16], [17, 13, 18, 12], [8, 20, 9, 19], [2, 21, 3, 22], [16, 23, 17, 24], [4, 1, 5, 2]]"
12n_0224_112,"[[4, 1, 5, 2], [22, 3, 23, 4], [10, 5, 11, 6], [20, 8, 21, 7], [6, 9, 7, 10], [11, 15, 12, 14], [13, 19, 14, 18], [24, 15, 1, 16], [17, 13, 18, 12], [8, 20, 9, 19], [2, 21, 3, 22], [16, 23, 17, 24]]"
12n_0224_113,"[[16, 23, 17, 24], [4, 1, 5, 2], [22, 3, 23, 4], [10, 5, 11, 6], [20, 8, 21, 7], [6, 9, 7, 10], [11, 15, 12, 14], [13, 19, 14, 18], [24, 15, 1, 16], [17, 13, 18, 12], [8, 20, 9, 19], [2, 21, 3, 22]]"
12n_0224_114,"[[2, 21, 3, 22], [16, 23, 17, 24], [4, 1, 5, 2], [22, 3, 23, 4], [10, 5, 11, 6], [20, 8, 21, 7], [6, 9, 7, 10], [11, 15, 12, 14], [13, 19, 14, 18], [24, 15, 1, 16], [17, 13, 18, 12], [8, 20, 9, 19]]"
12n_0224_115,"[[8, 20, 9, 19], [2, 21, 3, 22], [16, 23, 17, 24], [4, 1, 5, 2], [22, 3, 23, 4], [10, 5, 11, 6], [20, 8, 21, 7], [6, 9, 7, 10], [11, 15, 12, 14], [13, 19, 14, 18], [24, 15, 1, 16], [17, 13, 18, 12]]"
12n_0224_116,"[[17, 13, 18, 12], [8, 20, 9, 19], [2, 21, 3, 22], [16, 23, 17, 24], [4, 1, 5, 2], [22, 3, 23, 4], [10, 5, 11, 6], [20, 8, 21, 7], [6, 9, 7, 10], [11, 15, 12, 14], [13, 19, 14, 18], [24, 15, 1, 16]]"
12n_0224_117,"[[24, 15, 1, 16], [17, 13, 18, 12], [8, 20, 9, 19], [2, 21, 3, 22], [16, 23, 17, 24], [4, 1, 5, 2], [22, 3, 23, 4], [10, 5, 11, 6], [20, 8, 21, 7], [6, 9, 7, 10], [11, 15, 12, 14], [13, 19, 14, 18]]"
12n_0224_118,"[[13, 19, 14, 18], [24, 15, 1, 16], [17, 13, 18, 12], [8, 20, 9, 19], [2, 21, 3, 22], [16, 23, 17, 24], [4, 1, 5, 2], [22, 3, 23, 4], [10, 5, 11, 6], [20, 8, 21, 7], [6, 9, 7, 10], [11, 15, 12, 14]]"
12n_0224_119,"[[11, 15, 12, 14], [13, 19, 14, 18], [24, 15, 1, 16], [17, 13, 18, 12], [8, 20, 9, 19], [2, 21, 3, 22], [16, 23, 17, 24], [4, 1, 5, 2], [22, 3, 23, 4], [10, 5, 11, 6], [20, 8, 21, 7], [6, 9, 7, 10]]"
12n_0224_120,"[[7, 10, 8, 11], [12, 16, 13, 15], [14, 20, 15, 19], [1, 16, 2, 17], [18, 14, 19, 13], [9, 21, 10, 20], [3, 22, 4, 23], [17, 24, 18, 1], [5, 2, 6, 3], [23, 4, 24, 5], [11, 6, 12, 7], [21, 9, 22, 8]]"
12n_0224_121,"[[21, 9, 22, 8], [7, 10, 8, 11], [12, 16, 13, 15], [14, 20, 15, 19], [1, 16, 2, 17], [18, 14, 19, 13], [9, 21, 10, 20], [3, 22, 4, 23], [17, 24, 18, 1], [5, 2, 6, 3], [23, 4, 24, 5], [11, 6, 12, 7]]"
12n_0224_122,"[[11, 6, 12, 7], [21, 9, 22, 8], [7, 10, 8, 11], [12, 16, 13, 15], [14, 20, 15, 19], [1, 16, 2, 17], [18, 14, 19, 13], [9, 21, 10, 20], [3, 22, 4, 23], [17, 24, 18, 1], [5, 2, 6, 3], [23, 4, 24, 5]]"
12n_0224_123,"[[23, 4, 24, 5], [11, 6, 12, 7], [21, 9, 22, 8], [7, 10, 8, 11], [12, 16, 13, 15], [14, 20, 15, 19], [1, 16, 2, 17], [18, 14, 19, 13], [9, 21, 10, 20], [3, 22, 4, 23], [17, 24, 18, 1], [5, 2, 6, 3]]"
12n_0224_124,"[[5, 2, 6, 3], [23, 4, 24, 5], [11, 6, 12, 7], [21, 9, 22, 8], [7, 10, 8, 11], [12, 16, 13, 15], [14, 20, 15, 19], [1, 16, 2, 17], [18, 14, 19, 13], [9, 21, 10, 20], [3, 22, 4, 23], [17, 24, 18, 1]]"
12n_0224_125,"[[17, 24, 18, 1], [5, 2, 6, 3], [23, 4, 24, 5], [11, 6, 12, 7], [21, 9, 22, 8], [7, 10, 8, 11], [12, 16, 13, 15], [14, 20, 15, 19], [1, 16, 2, 17], [18, 14, 19, 13], [9, 21, 10, 20], [3, 22, 4, 23]]"
12n_0224_126,"[[3, 22, 4, 23], [17, 24, 18, 1], [5, 2, 6, 3], [23, 4, 24, 5], [11, 6, 12, 7], [21, 9, 22, 8], [7, 10, 8, 11], [12, 16, 13, 15], [14, 20, 15, 19], [1, 16, 2, 17], [18, 14, 19, 13], [9, 21, 10, 20]]"
12n_0224_127,"[[9, 21, 10, 20], [3, 22, 4, 23], [17, 24, 18, 1], [5, 2, 6, 3], [23, 4, 24, 5], [11, 6, 12, 7], [21, 9, 22, 8], [7, 10, 8, 11], [12, 16, 13, 15], [14, 20, 15, 19], [1, 16, 2, 17], [18, 14, 19, 13]]"
12n_0224_128,"[[18, 14, 19, 13], [9, 21, 10, 20], [3, 22, 4, 23], [17, 24, 18, 1], [5, 2, 6, 3], [23, 4, 24, 5], [11, 6, 12, 7], [21, 9, 22, 8], [7, 10, 8, 11], [12, 16, 13, 15], [14, 20, 15, 19], [1, 16, 2, 17]]"
12n_0224_129,"[[1, 16, 2, 17], [18, 14, 19, 13], [9, 21, 10, 20], [3, 22, 4, 23], [17, 24, 18, 1], [5, 2, 6, 3], [23, 4, 24, 5], [11, 6, 12, 7], [21, 9, 22, 8], [7, 10, 8, 11], [12, 16, 13, 15], [14, 20, 15, 19]]"
12n_0224_130,"[[14, 20, 15, 19], [1, 16, 2, 17], [18, 14, 19, 13], [9, 21, 10, 20], [3, 22, 4, 23], [17, 24, 18, 1], [5, 2, 6, 3], [23, 4, 24, 5], [11, 6, 12, 7], [21, 9, 22, 8], [7, 10, 8, 11], [12, 16, 13, 15]]"
12n_0224_131,"[[12, 16, 13, 15], [14, 20, 15, 19], [1, 16, 2, 17], [18, 14, 19, 13], [9, 21, 10, 20], [3, 22, 4, 23], [17, 24, 18, 1], [5, 2, 6, 3], [23, 4, 24, 5], [11, 6, 12, 7], [21, 9, 22, 8], [7, 10, 8, 11]]"
12n_0224_132,"[[8, 11, 9, 12], [13, 17, 14, 16], [15, 21, 16, 20], [2, 17, 3, 18], [19, 15, 20, 14], [10, 22, 11, 21], [4, 23, 5, 24], [18, 1, 19, 2], [6, 3, 7, 4], [24, 5, 1, 6], [12, 7, 13, 8], [22, 10, 23, 9]]"
12n_0224_133,"[[22, 10, 23, 9], [8, 11, 9, 12], [13, 17, 14, 16], [15, 21, 16, 20], [2, 17, 3, 18], [19, 15, 20, 14], [10, 22, 11, 21], [4, 23, 5, 24], [18, 1, 19, 2], [6, 3, 7, 4], [24, 5, 1, 6], [12, 7, 13, 8]]"
12n_0224_134,"[[12, 7, 13, 8], [22, 10, 23, 9], [8, 11, 9, 12], [13, 17, 14, 16], [15, 21, 16, 20], [2, 17, 3, 18], [19, 15, 20, 14], [10, 22, 11, 21], [4, 23, 5, 24], [18, 1, 19, 2], [6, 3, 7, 4], [24, 5, 1, 6]]"
12n_0224_135,"[[24, 5, 1, 6], [12, 7, 13, 8], [22, 10, 23, 9], [8, 11, 9, 12], [13, 17, 14, 16], [15, 21, 16, 20], [2, 17, 3, 18], [19, 15, 20, 14], [10, 22, 11, 21], [4, 23, 5, 24], [18, 1, 19, 2], [6, 3, 7, 4]]"
12n_0224_136,"[[6, 3, 7, 4], [24, 5, 1, 6], [12, 7, 13, 8], [22, 10, 23, 9], [8, 11, 9, 12], [13, 17, 14, 16], [15, 21, 16, 20], [2, 17, 3, 18], [19, 15, 20, 14], [10, 22, 11, 21], [4, 23, 5, 24], [18, 1, 19, 2]]"
12n_0224_137,"[[18, 1, 19, 2], [6, 3, 7, 4], [24, 5, 1, 6], [12, 7, 13, 8], [22, 10, 23, 9], [8, 11, 9, 12], [13, 17, 14, 16], [15, 21, 16, 20], [2, 17, 3, 18], [19, 15, 20, 14], [10, 22, 11, 21], [4, 23, 5, 24]]"
12n_0224_138,"[[4, 23, 5, 24], [18, 1, 19, 2], [6, 3, 7, 4], [24, 5, 1, 6], [12, 7, 13, 8], [22, 10, 23, 9], [8, 11, 9, 12], [13, 17, 14, 16], [15, 21, 16, 20], [2, 17, 3, 18], [19, 15, 20, 14], [10, 22, 11, 21]]"
12n_0224_139,"[[10, 22, 11, 21], [4, 23, 5, 24], [18, 1, 19, 2], [6, 3, 7, 4], [24, 5, 1, 6], [12, 7, 13, 8], [22, 10, 23, 9], [8, 11, 9, 12], [13, 17, 14, 16], [15, 21, 16, 20], [2, 17, 3, 18], [19, 15, 20, 14]]"
12n_0224_140,"[[19, 15, 20, 14], [10, 22, 11, 21], [4, 23, 5, 24], [18, 1, 19, 2], [6, 3, 7, 4], [24, 5, 1, 6], [12, 7, 13, 8], [22, 10, 23, 9], [8, 11, 9, 12], [13, 17, 14, 16], [15, 21, 16, 20], [2, 17, 3, 18]]"
12n_0224_141,"[[2, 17, 3, 18], [19, 15, 20, 14], [10, 22, 11, 21], [4, 23, 5, 24], [18, 1, 19, 2], [6, 3, 7, 4], [24, 5, 1, 6], [12, 7, 13, 8], [22, 10, 23, 9], [8, 11, 9, 12], [13, 17, 14, 16], [15, 21, 16, 20]]"
12n_0224_142,"[[15, 21, 16, 20], [2, 17, 3, 18], [19, 15, 20, 14], [10, 22, 11, 21], [4, 23, 5, 24], [18, 1, 19, 2], [6, 3, 7, 4], [24, 5, 1, 6], [12, 7, 13, 8], [22, 10, 23, 9], [8, 11, 9, 12], [13, 17, 14, 16]]"
12n_0224_143,"[[13, 17, 14, 16], [15, 21, 16, 20], [2, 17, 3, 18], [19, 15, 20, 14], [10, 22, 11, 21], [4, 23, 5, 24], [18, 1, 19, 2], [6, 3, 7, 4], [24, 5, 1, 6], [12, 7, 13, 8], [22, 10, 23, 9], [8, 11, 9, 12]]"
12n_0224_144,"[[9, 12, 10, 13], [14, 18, 15, 17], [16, 22, 17, 21], [3, 18, 4, 19], [20, 16, 21, 15], [11, 23, 12, 22], [5, 24, 6, 1], [19, 2, 20, 3], [7, 4, 8, 5], [1, 6, 2, 7], [13, 8, 14, 9], [23, 11, 24, 10]]"
12n_0224_145,"[[23, 11, 24, 10], [9, 12, 10, 13], [14, 18, 15, 17], [16, 22, 17, 21], [3, 18, 4, 19], [20, 16, 21, 15], [11, 23, 12, 22], [5, 24, 6, 1], [19, 2, 20, 3], [7, 4, 8, 5], [1, 6, 2, 7], [13, 8, 14, 9]]"
12n_0224_146,"[[13, 8, 14, 9], [23, 11, 24, 10], [9, 12, 10, 13], [14, 18, 15, 17], [16, 22, 17, 21], [3, 18, 4, 19], [20, 16, 21, 15], [11, 23, 12, 22], [5, 24, 6, 1], [19, 2, 20, 3], [7, 4, 8, 5], [1, 6, 2, 7]]"
12n_0224_147,"[[1, 6, 2, 7], [13, 8, 14, 9], [23, 11, 24, 10], [9, 12, 10, 13], [14, 18, 15, 17], [16, 22, 17, 21], [3, 18, 4, 19], [20, 16, 21, 15], [11, 23, 12, 22], [5, 24, 6, 1], [19, 2, 20, 3], [7, 4, 8, 5]]"
12n_0224_148,"[[7, 4, 8, 5], [1, 6, 2, 7], [13, 8, 14, 9], [23, 11, 24, 10], [9, 12, 10, 13], [14, 18, 15, 17], [16, 22, 17, 21], [3, 18, 4, 19], [20, 16, 21, 15], [11, 23, 12, 22], [5, 24, 6, 1], [19, 2, 20, 3]]"
12n_0224_149,"[[19, 2, 20, 3], [7, 4, 8, 5], [1, 6, 2, 7], [13, 8, 14, 9], [23, 11, 24, 10], [9, 12, 10, 13], [14, 18, 15, 17], [16, 22, 17, 21], [3, 18, 4, 19], [20, 16, 21, 15], [11, 23, 12, 22], [5, 24, 6, 1]]"
12n_0224_150,"[[5, 24, 6, 1], [19, 2, 20, 3], [7, 4, 8, 5], [1, 6, 2, 7], [13, 8, 14, 9], [23, 11, 24, 10], [9, 12, 10, 13], [14, 18, 15, 17], [16, 22, 17, 21], [3, 18, 4, 19], [20, 16, 21, 15], [11, 23, 12, 22]]"
12n_0224_151,"[[11, 23, 12, 22], [5, 24, 6, 1], [19, 2, 20, 3], [7, 4, 8, 5], [1, 6, 2, 7], [13, 8, 14, 9], [23, 11, 24, 10], [9, 12, 10, 13], [14, 18, 15, 17], [16, 22, 17, 21], [3, 18, 4, 19], [20, 16, 21, 15]]"
12n_0224_152,"[[20, 16, 21, 15], [11, 23, 12, 22], [5, 24, 6, 1], [19, 2, 20, 3], [7, 4, 8, 5], [1, 6, 2, 7], [13, 8, 14, 9], [23, 11, 24, 10], [9, 12, 10, 13], [14, 18, 15, 17], [16, 22, 17, 21], [3, 18, 4, 19]]"
12n_0224_153,"[[3, 18, 4, 19], [20, 16, 21, 15], [11, 23, 12, 22], [5, 24, 6, 1], [19, 2, 20, 3], [7, 4, 8, 5], [1, 6, 2, 7], [13, 8, 14, 9], [23, 11, 24, 10], [9, 12, 10, 13], [14, 18, 15, 17], [16, 22, 17, 21]]"
12n_0224_154,"[[16, 22, 17, 21], [3, 18, 4, 19], [20, 16, 21, 15], [11, 23, 12, 22], [5, 24, 6, 1], [19, 2, 20, 3], [7, 4, 8, 5], [1, 6, 2, 7], [13, 8, 14, 9], [23, 11, 24, 10], [9, 12, 10, 13], [14, 18, 15, 17]]"
12n_0224_155,"[[14, 18, 15, 17], [16, 22, 17, 21], [3, 18, 4, 19], [20, 16, 21, 15], [11, 23, 12, 22], [5, 24, 6, 1], [19, 2, 20, 3], [7, 4, 8, 5], [1, 6, 2, 7], [13, 8, 14, 9], [23, 11, 24, 10], [9, 12, 10, 13]]"
12n_0224_156,"[[10, 13, 11, 14], [15, 19, 16, 18], [17, 23, 18, 22], [4, 19, 5, 20], [21, 17, 22, 16], [12, 24, 13, 23], [6, 1, 7, 2], [20, 3, 21, 4], [8, 5, 9, 6], [2, 7, 3, 8], [14, 9, 15, 10], [24, 12, 1, 11]]"
12n_0224_157,"[[24, 12, 1, 11], [10, 13, 11, 14], [15, 19, 16, 18], [17, 23, 18, 22], [4, 19, 5, 20], [21, 17, 22, 16], [12, 24, 13, 23], [6, 1, 7, 2], [20, 3, 21, 4], [8, 5, 9, 6], [2, 7, 3, 8], [14, 9, 15, 10]]"
12n_0224_158,"[[14, 9, 15, 10], [24, 12, 1, 11], [10, 13, 11, 14], [15, 19, 16, 18], [17, 23, 18, 22], [4, 19, 5, 20], [21, 17, 22, 16], [12, 24, 13, 23], [6, 1, 7, 2], [20, 3, 21, 4], [8, 5, 9, 6], [2, 7, 3, 8]]"
12n_0224_159,"[[2, 7, 3, 8], [14, 9, 15, 10], [24, 12, 1, 11], [10, 13, 11, 14], [15, 19, 16, 18], [17, 23, 18, 22], [4, 19, 5, 20], [21, 17, 22, 16], [12, 24, 13, 23], [6, 1, 7, 2], [20, 3, 21, 4], [8, 5, 9, 6]]"
12n_0224_160,"[[8, 5, 9, 6], [2, 7, 3, 8], [14, 9, 15, 10], [24, 12, 1, 11], [10, 13, 11, 14], [15, 19, 16, 18], [17, 23, 18, 22], [4, 19, 5, 20], [21, 17, 22, 16], [12, 24, 13, 23], [6, 1, 7, 2], [20, 3, 21, 4]]"
12n_0224_161,"[[20, 3, 21, 4], [8, 5, 9, 6], [2, 7, 3, 8], [14, 9, 15, 10], [24, 12, 1, 11], [10, 13, 11, 14], [15, 19, 16, 18], [17, 23, 18, 22], [4, 19, 5, 20], [21, 17, 22, 16], [12, 24, 13, 23], [6, 1, 7, 2]]"
12n_0224_162,"[[6, 1, 7, 2], [20, 3, 21, 4], [8, 5, 9, 6], [2, 7, 3, 8], [14, 9, 15, 10], [24, 12, 1, 11], [10, 13, 11, 14], [15, 19, 16, 18], [17, 23, 18, 22], [4, 19, 5, 20], [21, 17, 22, 16], [12, 24, 13, 23]]"
12n_0224_163,"[[12, 24, 13, 23], [6, 1, 7, 2], [20, 3, 21, 4], [8, 5, 9, 6], [2, 7, 3, 8], [14, 9, 15, 10], [24, 12, 1, 11], [10, 13, 11, 14], [15, 19, 16, 18], [17, 23, 18, 22], [4, 19, 5, 20], [21, 17, 22, 16]]"
12n_0224_164,"[[21, 17, 22, 16], [12, 24, 13, 23], [6, 1, 7, 2], [20, 3, 21, 4], [8, 5, 9, 6], [2, 7, 3, 8], [14, 9, 15, 10], [24, 12, 1, 11], [10, 13, 11, 14], [15, 19, 16, 18], [17, 23, 18, 22], [4, 19, 5, 20]]"
12n_0224_165,"[[4, 19, 5, 20], [21, 17, 22, 16], [12, 24, 13, 23], [6, 1, 7, 2], [20, 3, 21, 4], [8, 5, 9, 6], [2, 7, 3, 8], [14, 9, 15, 10], [24, 12, 1, 11], [10, 13, 11, 14], [15, 19, 16, 18], [17, 23, 18, 22]]"
12n_0224_166,"[[17, 23, 18, 22], [4, 19, 5, 20], [21, 17, 22, 16], [12, 24, 13, 23], [6, 1, 7, 2], [20, 3, 21, 4], [8, 5, 9, 6], [2, 7, 3, 8], [14, 9, 15, 10], [24, 12, 1, 11], [10, 13, 11, 14], [15, 19, 16, 18]]"
12n_0224_167,"[[15, 19, 16, 18], [17, 23, 18, 22], [4, 19, 5, 20], [21, 17, 22, 16], [12, 24, 13, 23], [6, 1, 7, 2], [20, 3, 21, 4], [8, 5, 9, 6], [2, 7, 3, 8], [14, 9, 15, 10], [24, 12, 1, 11], [10, 13, 11, 14]]"
12n_0224_168,"[[11, 14, 12, 15], [16, 20, 17, 19], [18, 24, 19, 23], [5, 20, 6, 21], [22, 18, 23, 17], [13, 1, 14, 24], [7, 2, 8, 3], [21, 4, 22, 5], [9, 6, 10, 7], [3, 8, 4, 9], [15, 10, 16, 11], [1, 13, 2, 12]]"
12n_0224_169,"[[1, 13, 2, 12], [11, 14, 12, 15], [16, 20, 17, 19], [18, 24, 19, 23], [5, 20, 6, 21], [22, 18, 23, 17], [13, 1, 14, 24], [7, 2, 8, 3], [21, 4, 22, 5], [9, 6, 10, 7], [3, 8, 4, 9], [15, 10, 16, 11]]"
12n_0224_170,"[[15, 10, 16, 11], [1, 13, 2, 12], [11, 14, 12, 15], [16, 20, 17, 19], [18, 24, 19, 23], [5, 20, 6, 21], [22, 18, 23, 17], [13, 1, 14, 24], [7, 2, 8, 3], [21, 4, 22, 5], [9, 6, 10, 7], [3, 8, 4, 9]]"
12n_0224_171,"[[3, 8, 4, 9], [15, 10, 16, 11], [1, 13, 2, 12], [11, 14, 12, 15], [16, 20, 17, 19], [18, 24, 19, 23], [5, 20, 6, 21], [22, 18, 23, 17], [13, 1, 14, 24], [7, 2, 8, 3], [21, 4, 22, 5], [9, 6, 10, 7]]"
12n_0224_172,"[[9, 6, 10, 7], [3, 8, 4, 9], [15, 10, 16, 11], [1, 13, 2, 12], [11, 14, 12, 15], [16, 20, 17, 19], [18, 24, 19, 23], [5, 20, 6, 21], [22, 18, 23, 17], [13, 1, 14, 24], [7, 2, 8, 3], [21, 4, 22, 5]]"
12n_0224_173,"[[21, 4, 22, 5], [9, 6, 10, 7], [3, 8, 4, 9], [15, 10, 16, 11], [1, 13, 2, 12], [11, 14, 12, 15], [16, 20, 17, 19], [18, 24, 19, 23], [5, 20, 6, 21], [22, 18, 23, 17], [13, 1, 14, 24], [7, 2, 8, 3]]"
12n_0224_174,"[[7, 2, 8, 3], [21, 4, 22, 5], [9, 6, 10, 7], [3, 8, 4, 9], [15, 10, 16, 11], [1, 13, 2, 12], [11, 14, 12, 15], [16, 20, 17, 19], [18, 24, 19, 23], [5, 20, 6, 21], [22, 18, 23, 17], [13, 1, 14, 24]]"
12n_0224_175,"[[13, 1, 14, 24], [7, 2, 8, 3], [21, 4, 22, 5], [9, 6, 10, 7], [3, 8, 4, 9], [15, 10, 16, 11], [1, 13, 2, 12], [11, 14, 12, 15], [16, 20, 17, 19], [18, 24, 19, 23], [5, 20, 6, 21], [22, 18, 23, 17]]"
12n_0224_176,"[[22, 18, 23, 17], [13, 1, 14, 24], [7, 2, 8, 3], [21, 4, 22, 5], [9, 6, 10, 7], [3, 8, 4, 9], [15, 10, 16, 11], [1, 13, 2, 12], [11, 14, 12, 15], [16, 20, 17, 19], [18, 24, 19, 23], [5, 20, 6, 21]]"
12n_0224_177,"[[5, 20, 6, 21], [22, 18, 23, 17], [13, 1, 14, 24], [7, 2, 8, 3], [21, 4, 22, 5], [9, 6, 10, 7], [3, 8, 4, 9], [15, 10, 16, 11], [1, 13, 2, 12], [11, 14, 12, 15], [16, 20, 17, 19], [18, 24, 19, 23]]"
12n_0224_178,"[[18, 24, 19, 23], [5, 20, 6, 21], [22, 18, 23, 17], [13, 1, 14, 24], [7, 2, 8, 3], [21, 4, 22, 5], [9, 6, 10, 7], [3, 8, 4, 9], [15, 10, 16, 11], [1, 13, 2, 12], [11, 14, 12, 15], [16, 20, 17, 19]]"
12n_0224_179,"[[16, 20, 17, 19], [18, 24, 19, 23], [5, 20, 6, 21], [22, 18, 23, 17], [13, 1, 14, 24], [7, 2, 8, 3], [21, 4, 22, 5], [9, 6, 10, 7], [3, 8, 4, 9], [15, 10, 16, 11], [1, 13, 2, 12], [11, 14, 12, 15]]"
12n_0224_180,"[[12, 15, 13, 16], [17, 21, 18, 20], [19, 1, 20, 24], [6, 21, 7, 22], [23, 19, 24, 18], [14, 2, 15, 1], [8, 3, 9, 4], [22, 5, 23, 6], [10, 7, 11, 8], [4, 9, 5, 10], [16, 11, 17, 12], [2, 14, 3, 13]]"
12n_0224_181,"[[2, 14, 3, 13], [12, 15, 13, 16], [17, 21, 18, 20], [19, 1, 20, 24], [6, 21, 7, 22], [23, 19, 24, 18], [14, 2, 15, 1], [8, 3, 9, 4], [22, 5, 23, 6], [10, 7, 11, 8], [4, 9, 5, 10], [16, 11, 17, 12]]"
12n_0224_182,"[[16, 11, 17, 12], [2, 14, 3, 13], [12, 15, 13, 16], [17, 21, 18, 20], [19, 1, 20, 24], [6, 21, 7, 22], [23, 19, 24, 18], [14, 2, 15, 1], [8, 3, 9, 4], [22, 5, 23, 6], [10, 7, 11, 8], [4, 9, 5, 10]]"
12n_0224_183,"[[4, 9, 5, 10], [16, 11, 17, 12], [2, 14, 3, 13], [12, 15, 13, 16], [17, 21, 18, 20], [19, 1, 20, 24], [6, 21, 7, 22], [23, 19, 24, 18], [14, 2, 15, 1], [8, 3, 9, 4], [22, 5, 23, 6], [10, 7, 11, 8]]"
12n_0224_184,"[[10, 7, 11, 8], [4, 9, 5, 10], [16, 11, 17, 12], [2, 14, 3, 13], [12, 15, 13, 16], [17, 21, 18, 20], [19, 1, 20, 24], [6, 21, 7, 22], [23, 19, 24, 18], [14, 2, 15, 1], [8, 3, 9, 4], [22, 5, 23, 6]]"
12n_0224_185,"[[22, 5, 23, 6], [10, 7, 11, 8], [4, 9, 5, 10], [16, 11, 17, 12], [2, 14, 3, 13], [12, 15, 13, 16], [17, 21, 18, 20], [19, 1, 20, 24], [6, 21, 7, 22], [23, 19, 24, 18], [14, 2, 15, 1], [8, 3, 9, 4]]"
