name,pd_notation
12n_0059_0,"[[13, 1, 14, 24], [2, 6, 3, 5], [4, 9, 5, 10], [6, 12, 7, 11], [8, 18, 9, 17], [10, 3, 11, 4], [23, 13, 24, 12], [19, 15, 20, 14], [16, 8, 17, 7], [21, 19, 22, 18], [15, 21, 16, 20], [1, 23, 2, 22]]"
12n_0059_1,"[[1, 23, 2, 22], [13, 1, 14, 24], [2, 6, 3, 5], [4, 9, 5, 10], [6, 12, 7, 11], [8, 18, 9, 17], [10, 3, 11, 4], [23, 13, 24, 12], [19, 15, 20, 14], [16, 8, 17, 7], [21, 19, 22, 18], [15, 21, 16, 20]]"
12n_0059_2,"[[15, 21, 16, 20], [1, 23, 2, 22], [13, 1, 14, 24], [2, 6, 3, 5], [4, 9, 5, 10], [6, 12, 7, 11], [8, 18, 9, 17], [10, 3, 11, 4], [23, 13, 24, 12], [19, 15, 20, 14], [16, 8, 17, 7], [21, 19, 22, 18]]"
12n_0059_3,"[[21, 19, 22, 18], [15, 21, 16, 20], [1, 23, 2, 22], [13, 1, 14, 24], [2, 6, 3, 5], [4, 9, 5, 10], [6, 12, 7, 11], [8, 18, 9, 17], [10, 3, 11, 4], [23, 13, 24, 12], [19, 15, 20, 14], [16, 8, 17, 7]]"
12n_0059_4,"[[16, 8, 17, 7], [21, 19, 22, 18], [15, 21, 16, 20], [1, 23, 2, 22], [13, 1, 14, 24], [2, 6, 3, 5], [4, 9, 5, 10], [6, 12, 7, 11], [8, 18, 9, 17], [10, 3, 11, 4], [23, 13, 24, 12], [19, 15, 20, 14]]"
12n_0059_5,"[[19, 15, 20, 14], [16, 8, 17, 7], [21, 19, 22, 18], [15, 21, 16, 20], [1, 23, 2, 22], [13, 1, 14, 24], [2, 6, 3, 5], [4, 9, 5, 10], [6, 12, 7, 11], [8, 18, 9, 17], [10, 3, 11, 4], [23, 13, 24, 12]]"
12n_0059_6,"[[23, 13, 24, 12], [19, 15, 20, 14], [16, 8, 17, 7], [21, 19, 22, 18], [15, 21, 16, 20], [1, 23, 2, 22], [13, 1, 14, 24], [2, 6, 3, 5], [4, 9, 5, 10], [6, 12, 7, 11], [8, 18, 9, 17], [10, 3, 11, 4]]"
12n_0059_7,"[[10, 3, 11, 4], [23, 13, 24, 12], [19, 15, 20, 14], [16, 8, 17, 7], [21, 19, 22, 18], [15, 21, 16, 20], [1, 23, 2, 22], [13, 1, 14, 24], [2, 6, 3, 5], [4, 9, 5, 10], [6, 12, 7, 11], [8, 18, 9, 17]]"
12n_0059_8,"[[8, 18, 9, 17], [10, 3, 11, 4], [23, 13, 24, 12], [19, 15, 20, 14], [16, 8, 17, 7], [21, 19, 22, 18], [15, 21, 16, 20], [1, 23, 2, 22], [13, 1, 14, 24], [2, 6, 3, 5], [4, 9, 5, 10], [6, 12, 7, 11]]"
12n_0059_9,"[[6, 12, 7, 11], [8, 18, 9, 17], [10, 3, 11, 4], [23, 13, 24, 12], [19, 15, 20, 14], [16, 8, 17, 7], [21, 19, 22, 18], [15, 21, 16, 20], [1, 23, 2, 22], [13, 1, 14, 24], [2, 6, 3, 5], [4, 9, 5, 10]]"
12n_0059_10,"[[4, 9, 5, 10], [6, 12, 7, 11], [8, 18, 9, 17], [10, 3, 11, 4], [23, 13, 24, 12], [19, 15, 20, 14], [16, 8, 17, 7], [21, 19, 22, 18], [15, 21, 16, 20], [1, 23, 2, 22], [13, 1, 14, 24], [2, 6, 3, 5]]"
12n_0059_11,"[[2, 6, 3, 5], [4, 9, 5, 10], [6, 12, 7, 11], [8, 18, 9, 17], [10, 3, 11, 4], [23, 13, 24, 12], [19, 15, 20, 14], [16, 8, 17, 7], [21, 19, 22, 18], [15, 21, 16, 20], [1, 23, 2, 22], [13, 1, 14, 24]]"
12n_0059_12,"[[14, 2, 15, 1], [3, 7, 4, 6], [5, 10, 6, 11], [7, 13, 8, 12], [9, 19, 10, 18], [11, 4, 12, 5], [24, 14, 1, 13], [20, 16, 21, 15], [17, 9, 18, 8], [22, 20, 23, 19], [16, 22, 17, 21], [2, 24, 3, 23]]"
12n_0059_13,"[[2, 24, 3, 23], [14, 2, 15, 1], [3, 7, 4, 6], [5, 10, 6, 11], [7, 13, 8, 12], [9, 19, 10, 18], [11, 4, 12, 5], [24, 14, 1, 13], [20, 16, 21, 15], [17, 9, 18, 8], [22, 20, 23, 19], [16, 22, 17, 21]]"
12n_0059_14,"[[16, 22, 17, 21], [2, 24, 3, 23], [14, 2, 15, 1], [3, 7, 4, 6], [5, 10, 6, 11], [7, 13, 8, 12], [9, 19, 10, 18], [11, 4, 12, 5], [24, 14, 1, 13], [20, 16, 21, 15], [17, 9, 18, 8], [22, 20, 23, 19]]"
12n_0059_15,"[[22, 20, 23, 19], [16, 22, 17, 21], [2, 24, 3, 23], [14, 2, 15, 1], [3, 7, 4, 6], [5, 10, 6, 11], [7, 13, 8, 12], [9, 19, 10, 18], [11, 4, 12, 5], [24, 14, 1, 13], [20, 16, 21, 15], [17, 9, 18, 8]]"
12n_0059_16,"[[17, 9, 18, 8], [22, 20, 23, 19], [16, 22, 17, 21], [2, 24, 3, 23], [14, 2, 15, 1], [3, 7, 4, 6], [5, 10, 6, 11], [7, 13, 8, 12], [9, 19, 10, 18], [11, 4, 12, 5], [24, 14, 1, 13], [20, 16, 21, 15]]"
12n_0059_17,"[[20, 16, 21, 15], [17, 9, 18, 8], [22, 20, 23, 19], [16, 22, 17, 21], [2, 24, 3, 23], [14, 2, 15, 1], [3, 7, 4, 6], [5, 10, 6, 11], [7, 13, 8, 12], [9, 19, 10, 18], [11, 4, 12, 5], [24, 14, 1, 13]]"
12n_0059_18,"[[24, 14, 1, 13], [20, 16, 21, 15], [17, 9, 18, 8], [22, 20, 23, 19], [16, 22, 17, 21], [2, 24, 3, 23], [14, 2, 15, 1], [3, 7, 4, 6], [5, 10, 6, 11], [7, 13, 8, 12], [9, 19, 10, 18], [11, 4, 12, 5]]"
12n_0059_19,"[[11, 4, 12, 5], [24, 14, 1, 13], [20, 16, 21, 15], [17, 9, 18, 8], [22, 20, 23, 19], [16, 22, 17, 21], [2, 24, 3, 23], [14, 2, 15, 1], [3, 7, 4, 6], [5, 10, 6, 11], [7, 13, 8, 12], [9, 19, 10, 18]]"
12n_0059_20,"[[9, 19, 10, 18], [11, 4, 12, 5], [24, 14, 1, 13], [20, 16, 21, 15], [17, 9, 18, 8], [22, 20, 23, 19], [16, 22, 17, 21], [2, 24, 3, 23], [14, 2, 15, 1], [3, 7, 4, 6], [5, 10, 6, 11], [7, 13, 8, 12]]"
12n_0059_21,"[[7, 13, 8, 12], [9, 19, 10, 18], [11, 4, 12, 5], [24, 14, 1, 13], [20, 16, 21, 15], [17, 9, 18, 8], [22, 20, 23, 19], [16, 22, 17, 21], [2, 24, 3, 23], [14, 2, 15, 1], [3, 7, 4, 6], [5, 10, 6, 11]]"
12n_0059_22,"[[5, 10, 6, 11], [7, 13, 8, 12], [9, 19, 10, 18], [11, 4, 12, 5], [24, 14, 1, 13], [20, 16, 21, 15], [17, 9, 18, 8], [22, 20, 23, 19], [16, 22, 17, 21], [2, 24, 3, 23], [14, 2, 15, 1], [3, 7, 4, 6]]"
12n_0059_23,"[[3, 7, 4, 6], [5, 10, 6, 11], [7, 13, 8, 12], [9, 19, 10, 18], [11, 4, 12, 5], [24, 14, 1, 13], [20, 16, 21, 15], [17, 9, 18, 8], [22, 20, 23, 19], [16, 22, 17, 21], [2, 24, 3, 23], [14, 2, 15, 1]]"
12n_0059_24,"[[15, 3, 16, 2], [4, 8, 5, 7], [6, 11, 7, 12], [8, 14, 9, 13], [10, 20, 11, 19], [12, 5, 13, 6], [1, 15, 2, 14], [21, 17, 22, 16], [18, 10, 19, 9], [23, 21, 24, 20], [17, 23, 18, 22], [3, 1, 4, 24]]"
12n_0059_25,"[[3, 1, 4, 24], [15, 3, 16, 2], [4, 8, 5, 7], [6, 11, 7, 12], [8, 14, 9, 13], [10, 20, 11, 19], [12, 5, 13, 6], [1, 15, 2, 14], [21, 17, 22, 16], [18, 10, 19, 9], [23, 21, 24, 20], [17, 23, 18, 22]]"
12n_0059_26,"[[17, 23, 18, 22], [3, 1, 4, 24], [15, 3, 16, 2], [4, 8, 5, 7], [6, 11, 7, 12], [8, 14, 9, 13], [10, 20, 11, 19], [12, 5, 13, 6], [1, 15, 2, 14], [21, 17, 22, 16], [18, 10, 19, 9], [23, 21, 24, 20]]"
12n_0059_27,"[[23, 21, 24, 20], [17, 23, 18, 22], [3, 1, 4, 24], [15, 3, 16, 2], [4, 8, 5, 7], [6, 11, 7, 12], [8, 14, 9, 13], [10, 20, 11, 19], [12, 5, 13, 6], [1, 15, 2, 14], [21, 17, 22, 16], [18, 10, 19, 9]]"
12n_0059_28,"[[18, 10, 19, 9], [23, 21, 24, 20], [17, 23, 18, 22], [3, 1, 4, 24], [15, 3, 16, 2], [4, 8, 5, 7], [6, 11, 7, 12], [8, 14, 9, 13], [10, 20, 11, 19], [12, 5, 13, 6], [1, 15, 2, 14], [21, 17, 22, 16]]"
12n_0059_29,"[[21, 17, 22, 16], [18, 10, 19, 9], [23, 21, 24, 20], [17, 23, 18, 22], [3, 1, 4, 24], [15, 3, 16, 2], [4, 8, 5, 7], [6, 11, 7, 12], [8, 14, 9, 13], [10, 20, 11, 19], [12, 5, 13, 6], [1, 15, 2, 14]]"
12n_0059_30,"[[1, 15, 2, 14], [21, 17, 22, 16], [18, 10, 19, 9], [23, 21, 24, 20], [17, 23, 18, 22], [3, 1, 4, 24], [15, 3, 16, 2], [4, 8, 5, 7], [6, 11, 7, 12], [8, 14, 9, 13], [10, 20, 11, 19], [12, 5, 13, 6]]"
12n_0059_31,"[[12, 5, 13, 6], [1, 15, 2, 14], [21, 17, 22, 16], [18, 10, 19, 9], [23, 21, 24, 20], [17, 23, 18, 22], [3, 1, 4, 24], [15, 3, 16, 2], [4, 8, 5, 7], [6, 11, 7, 12], [8, 14, 9, 13], [10, 20, 11, 19]]"
12n_0059_32,"[[10, 20, 11, 19], [12, 5, 13, 6], [1, 15, 2, 14], [21, 17, 22, 16], [18, 10, 19, 9], [23, 21, 24, 20], [17, 23, 18, 22], [3, 1, 4, 24], [15, 3, 16, 2], [4, 8, 5, 7], [6, 11, 7, 12], [8, 14, 9, 13]]"
12n_0059_33,"[[8, 14, 9, 13], [10, 20, 11, 19], [12, 5, 13, 6], [1, 15, 2, 14], [21, 17, 22, 16], [18, 10, 19, 9], [23, 21, 24, 20], [17, 23, 18, 22], [3, 1, 4, 24], [15, 3, 16, 2], [4, 8, 5, 7], [6, 11, 7, 12]]"
12n_0059_34,"[[6, 11, 7, 12], [8, 14, 9, 13], [10, 20, 11, 19], [12, 5, 13, 6], [1, 15, 2, 14], [21, 17, 22, 16], [18, 10, 19, 9], [23, 21, 24, 20], [17, 23, 18, 22], [3, 1, 4, 24], [15, 3, 16, 2], [4, 8, 5, 7]]"
12n_0059_35,"[[4, 8, 5, 7], [6, 11, 7, 12], [8, 14, 9, 13], [10, 20, 11, 19], [12, 5, 13, 6], [1, 15, 2, 14], [21, 17, 22, 16], [18, 10, 19, 9], [23, 21, 24, 20], [17, 23, 18, 22], [3, 1, 4, 24], [15, 3, 16, 2]]"
12n_0059_36,"[[16, 4, 17, 3], [5, 9, 6, 8], [7, 12, 8, 13], [9, 15, 10, 14], [11, 21, 12, 20], [13, 6, 14, 7], [2, 16, 3, 15], [22, 18, 23, 17], [19, 11, 20, 10], [24, 22, 1, 21], [18, 24, 19, 23], [4, 2, 5, 1]]"
12n_0059_37,"[[4, 2, 5, 1], [16, 4, 17, 3], [5, 9, 6, 8], [7, 12, 8, 13], [9, 15, 10, 14], [11, 21, 12, 20], [13, 6, 14, 7], [2, 16, 3, 15], [22, 18, 23, 17], [19, 11, 20, 10], [24, 22, 1, 21], [18, 24, 19, 23]]"
12n_0059_38,"[[18, 24, 19, 23], [4, 2, 5, 1], [16, 4, 17, 3], [5, 9, 6, 8], [7, 12, 8, 13], [9, 15, 10, 14], [11, 21, 12, 20], [13, 6, 14, 7], [2, 16, 3, 15], [22, 18, 23, 17], [19, 11, 20, 10], [24, 22, 1, 21]]"
12n_0059_39,"[[24, 22, 1, 21], [18, 24, 19, 23], [4, 2, 5, 1], [16, 4, 17, 3], [5, 9, 6, 8], [7, 12, 8, 13], [9, 15, 10, 14], [11, 21, 12, 20], [13, 6, 14, 7], [2, 16, 3, 15], [22, 18, 23, 17], [19, 11, 20, 10]]"
12n_0059_40,"[[19, 11, 20, 10], [24, 22, 1, 21], [18, 24, 19, 23], [4, 2, 5, 1], [16, 4, 17, 3], [5, 9, 6, 8], [7, 12, 8, 13], [9, 15, 10, 14], [11, 21, 12, 20], [13, 6, 14, 7], [2, 16, 3, 15], [22, 18, 23, 17]]"
12n_0059_41,"[[22, 18, 23, 17], [19, 11, 20, 10], [24, 22, 1, 21], [18, 24, 19, 23], [4, 2, 5, 1], [16, 4, 17, 3], [5, 9, 6, 8], [7, 12, 8, 13], [9, 15, 10, 14], [11, 21, 12, 20], [13, 6, 14, 7], [2, 16, 3, 15]]"
12n_0059_42,"[[2, 16, 3, 15], [22, 18, 23, 17], [19, 11, 20, 10], [24, 22, 1, 21], [18, 24, 19, 23], [4, 2, 5, 1], [16, 4, 17, 3], [5, 9, 6, 8], [7, 12, 8, 13], [9, 15, 10, 14], [11, 21, 12, 20], [13, 6, 14, 7]]"
12n_0059_43,"[[13, 6, 14, 7], [2, 16, 3, 15], [22, 18, 23, 17], [19, 11, 20, 10], [24, 22, 1, 21], [18, 24, 19, 23], [4, 2, 5, 1], [16, 4, 17, 3], [5, 9, 6, 8], [7, 12, 8, 13], [9, 15, 10, 14], [11, 21, 12, 20]]"
12n_0059_44,"[[11, 21, 12, 20], [13, 6, 14, 7], [2, 16, 3, 15], [22, 18, 23, 17], [19, 11, 20, 10], [24, 22, 1, 21], [18, 24, 19, 23], [4, 2, 5, 1], [16, 4, 17, 3], [5, 9, 6, 8], [7, 12, 8, 13], [9, 15, 10, 14]]"
12n_0059_45,"[[9, 15, 10, 14], [11, 21, 12, 20], [13, 6, 14, 7], [2, 16, 3, 15], [22, 18, 23, 17], [19, 11, 20, 10], [24, 22, 1, 21], [18, 24, 19, 23], [4, 2, 5, 1], [16, 4, 17, 3], [5, 9, 6, 8], [7, 12, 8, 13]]"
12n_0059_46,"[[7, 12, 8, 13], [9, 15, 10, 14], [11, 21, 12, 20], [13, 6, 14, 7], [2, 16, 3, 15], [22, 18, 23, 17], [19, 11, 20, 10], [24, 22, 1, 21], [18, 24, 19, 23], [4, 2, 5, 1], [16, 4, 17, 3], [5, 9, 6, 8]]"
12n_0059_47,"[[5, 9, 6, 8], [7, 12, 8, 13], [9, 15, 10, 14], [11, 21, 12, 20], [13, 6, 14, 7], [2, 16, 3, 15], [22, 18, 23, 17], [19, 11, 20, 10], [24, 22, 1, 21], [18, 24, 19, 23], [4, 2, 5, 1], [16, 4, 17, 3]]"
12n_0059_48,"[[17, 5, 18, 4], [6, 10, 7, 9], [8, 13, 9, 14], [10, 16, 11, 15], [12, 22, 13, 21], [14, 7, 15, 8], [3, 17, 4, 16], [23, 19, 24, 18], [20, 12, 21, 11], [1, 23, 2, 22], [19, 1, 20, 24], [5, 3, 6, 2]]"
12n_0059_49,"[[5, 3, 6, 2], [17, 5, 18, 4], [6, 10, 7, 9], [8, 13, 9, 14], [10, 16, 11, 15], [12, 22, 13, 21], [14, 7, 15, 8], [3, 17, 4, 16], [23, 19, 24, 18], [20, 12, 21, 11], [1, 23, 2, 22], [19, 1, 20, 24]]"
12n_0059_50,"[[19, 1, 20, 24], [5, 3, 6, 2], [17, 5, 18, 4], [6, 10, 7, 9], [8, 13, 9, 14], [10, 16, 11, 15], [12, 22, 13, 21], [14, 7, 15, 8], [3, 17, 4, 16], [23, 19, 24, 18], [20, 12, 21, 11], [1, 23, 2, 22]]"
12n_0059_51,"[[1, 23, 2, 22], [19, 1, 20, 24], [5, 3, 6, 2], [17, 5, 18, 4], [6, 10, 7, 9], [8, 13, 9, 14], [10, 16, 11, 15], [12, 22, 13, 21], [14, 7, 15, 8], [3, 17, 4, 16], [23, 19, 24, 18], [20, 12, 21, 11]]"
12n_0059_52,"[[20, 12, 21, 11], [1, 23, 2, 22], [19, 1, 20, 24], [5, 3, 6, 2], [17, 5, 18, 4], [6, 10, 7, 9], [8, 13, 9, 14], [10, 16, 11, 15], [12, 22, 13, 21], [14, 7, 15, 8], [3, 17, 4, 16], [23, 19, 24, 18]]"
12n_0059_53,"[[23, 19, 24, 18], [20, 12, 21, 11], [1, 23, 2, 22], [19, 1, 20, 24], [5, 3, 6, 2], [17, 5, 18, 4], [6, 10, 7, 9], [8, 13, 9, 14], [10, 16, 11, 15], [12, 22, 13, 21], [14, 7, 15, 8], [3, 17, 4, 16]]"
12n_0059_54,"[[3, 17, 4, 16], [23, 19, 24, 18], [20, 12, 21, 11], [1, 23, 2, 22], [19, 1, 20, 24], [5, 3, 6, 2], [17, 5, 18, 4], [6, 10, 7, 9], [8, 13, 9, 14], [10, 16, 11, 15], [12, 22, 13, 21], [14, 7, 15, 8]]"
12n_0059_55,"[[14, 7, 15, 8], [3, 17, 4, 16], [23, 19, 24, 18], [20, 12, 21, 11], [1, 23, 2, 22], [19, 1, 20, 24], [5, 3, 6, 2], [17, 5, 18, 4], [6, 10, 7, 9], [8, 13, 9, 14], [10, 16, 11, 15], [12, 22, 13, 21]]"
12n_0059_56,"[[12, 22, 13, 21], [14, 7, 15, 8], [3, 17, 4, 16], [23, 19, 24, 18], [20, 12, 21, 11], [1, 23, 2, 22], [19, 1, 20, 24], [5, 3, 6, 2], [17, 5, 18, 4], [6, 10, 7, 9], [8, 13, 9, 14], [10, 16, 11, 15]]"
12n_0059_57,"[[10, 16, 11, 15], [12, 22, 13, 21], [14, 7, 15, 8], [3, 17, 4, 16], [23, 19, 24, 18], [20, 12, 21, 11], [1, 23, 2, 22], [19, 1, 20, 24], [5, 3, 6, 2], [17, 5, 18, 4], [6, 10, 7, 9], [8, 13, 9, 14]]"
12n_0059_58,"[[8, 13, 9, 14], [10, 16, 11, 15], [12, 22, 13, 21], [14, 7, 15, 8], [3, 17, 4, 16], [23, 19, 24, 18], [20, 12, 21, 11], [1, 23, 2, 22], [19, 1, 20, 24], [5, 3, 6, 2], [17, 5, 18, 4], [6, 10, 7, 9]]"
12n_0059_59,"[[6, 10, 7, 9], [8, 13, 9, 14], [10, 16, 11, 15], [12, 22, 13, 21], [14, 7, 15, 8], [3, 17, 4, 16], [23, 19, 24, 18], [20, 12, 21, 11], [1, 23, 2, 22], [19, 1, 20, 24], [5, 3, 6, 2], [17, 5, 18, 4]]"
12n_0059_60,"[[18, 6, 19, 5], [7, 11, 8, 10], [9, 14, 10, 15], [11, 17, 12, 16], [13, 23, 14, 22], [15, 8, 16, 9], [4, 18, 5, 17], [24, 20, 1, 19], [21, 13, 22, 12], [2, 24, 3, 23], [20, 2, 21, 1], [6, 4, 7, 3]]"
12n_0059_61,"[[6, 4, 7, 3], [18, 6, 19, 5], [7, 11, 8, 10], [9, 14, 10, 15], [11, 17, 12, 16], [13, 23, 14, 22], [15, 8, 16, 9], [4, 18, 5, 17], [24, 20, 1, 19], [21, 13, 22, 12], [2, 24, 3, 23], [20, 2, 21, 1]]"
12n_0059_62,"[[20, 2, 21, 1], [6, 4, 7, 3], [18, 6, 19, 5], [7, 11, 8, 10], [9, 14, 10, 15], [11, 17, 12, 16], [13, 23, 14, 22], [15, 8, 16, 9], [4, 18, 5, 17], [24, 20, 1, 19], [21, 13, 22, 12], [2, 24, 3, 23]]"
12n_0059_63,"[[2, 24, 3, 23], [20, 2, 21, 1], [6, 4, 7, 3], [18, 6, 19, 5], [7, 11, 8, 10], [9, 14, 10, 15], [11, 17, 12, 16], [13, 23, 14, 22], [15, 8, 16, 9], [4, 18, 5, 17], [24, 20, 1, 19], [21, 13, 22, 12]]"
12n_0059_64,"[[21, 13, 22, 12], [2, 24, 3, 23], [20, 2, 21, 1], [6, 4, 7, 3], [18, 6, 19, 5], [7, 11, 8, 10], [9, 14, 10, 15], [11, 17, 12, 16], [13, 23, 14, 22], [15, 8, 16, 9], [4, 18, 5, 17], [24, 20, 1, 19]]"
12n_0059_65,"[[24, 20, 1, 19], [21, 13, 22, 12], [2, 24, 3, 23], [20, 2, 21, 1], [6, 4, 7, 3], [18, 6, 19, 5], [7, 11, 8, 10], [9, 14, 10, 15], [11, 17, 12, 16], [13, 23, 14, 22], [15, 8, 16, 9], [4, 18, 5, 17]]"
12n_0059_66,"[[4, 18, 5, 17], [24, 20, 1, 19], [21, 13, 22, 12], [2, 24, 3, 23], [20, 2, 21, 1], [6, 4, 7, 3], [18, 6, 19, 5], [7, 11, 8, 10], [9, 14, 10, 15], [11, 17, 12, 16], [13, 23, 14, 22], [15, 8, 16, 9]]"
12n_0059_67,"[[15, 8, 16, 9], [4, 18, 5, 17], [24, 20, 1, 19], [21, 13, 22, 12], [2, 24, 3, 23], [20, 2, 21, 1], [6, 4, 7, 3], [18, 6, 19, 5], [7, 11, 8, 10], [9, 14, 10, 15], [11, 17, 12, 16], [13, 23, 14, 22]]"
12n_0059_68,"[[13, 23, 14, 22], [15, 8, 16, 9], [4, 18, 5, 17], [24, 20, 1, 19], [21, 13, 22, 12], [2, 24, 3, 23], [20, 2, 21, 1], [6, 4, 7, 3], [18, 6, 19, 5], [7, 11, 8, 10], [9, 14, 10, 15], [11, 17, 12, 16]]"
12n_0059_69,"[[11, 17, 12, 16], [13, 23, 14, 22], [15, 8, 16, 9], [4, 18, 5, 17], [24, 20, 1, 19], [21, 13, 22, 12], [2, 24, 3, 23], [20, 2, 21, 1], [6, 4, 7, 3], [18, 6, 19, 5], [7, 11, 8, 10], [9, 14, 10, 15]]"
12n_0059_70,"[[9, 14, 10, 15], [11, 17, 12, 16], [13, 23, 14, 22], [15, 8, 16, 9], [4, 18, 5, 17], [24, 20, 1, 19], [21, 13, 22, 12], [2, 24, 3, 23], [20, 2, 21, 1], [6, 4, 7, 3], [18, 6, 19, 5], [7, 11, 8, 10]]"
12n_0059_71,"[[7, 11, 8, 10], [9, 14, 10, 15], [11, 17, 12, 16], [13, 23, 14, 22], [15, 8, 16, 9], [4, 18, 5, 17], [24, 20, 1, 19], [21, 13, 22, 12], [2, 24, 3, 23], [20, 2, 21, 1], [6, 4, 7, 3], [18, 6, 19, 5]]"
12n_0059_72,"[[19, 7, 20, 6], [8, 12, 9, 11], [10, 15, 11, 16], [12, 18, 13, 17], [14, 24, 15, 23], [16, 9, 17, 10], [5, 19, 6, 18], [1, 21, 2, 20], [22, 14, 23, 13], [3, 1, 4, 24], [21, 3, 22, 2], [7, 5, 8, 4]]"
12n_0059_73,"[[7, 5, 8, 4], [19, 7, 20, 6], [8, 12, 9, 11], [10, 15, 11, 16], [12, 18, 13, 17], [14, 24, 15, 23], [16, 9, 17, 10], [5, 19, 6, 18], [1, 21, 2, 20], [22, 14, 23, 13], [3, 1, 4, 24], [21, 3, 22, 2]]"
12n_0059_74,"[[21, 3, 22, 2], [7, 5, 8, 4], [19, 7, 20, 6], [8, 12, 9, 11], [10, 15, 11, 16], [12, 18, 13, 17], [14, 24, 15, 23], [16, 9, 17, 10], [5, 19, 6, 18], [1, 21, 2, 20], [22, 14, 23, 13], [3, 1, 4, 24]]"
12n_0059_75,"[[3, 1, 4, 24], [21, 3, 22, 2], [7, 5, 8, 4], [19, 7, 20, 6], [8, 12, 9, 11], [10, 15, 11, 16], [12, 18, 13, 17], [14, 24, 15, 23], [16, 9, 17, 10], [5, 19, 6, 18], [1, 21, 2, 20], [22, 14, 23, 13]]"
12n_0059_76,"[[22, 14, 23, 13], [3, 1, 4, 24], [21, 3, 22, 2], [7, 5, 8, 4], [19, 7, 20, 6], [8, 12, 9, 11], [10, 15, 11, 16], [12, 18, 13, 17], [14, 24, 15, 23], [16, 9, 17, 10], [5, 19, 6, 18], [1, 21, 2, 20]]"
12n_0059_77,"[[1, 21, 2, 20], [22, 14, 23, 13], [3, 1, 4, 24], [21, 3, 22, 2], [7, 5, 8, 4], [19, 7, 20, 6], [8, 12, 9, 11], [10, 15, 11, 16], [12, 18, 13, 17], [14, 24, 15, 23], [16, 9, 17, 10], [5, 19, 6, 18]]"
12n_0059_78,"[[5, 19, 6, 18], [1, 21, 2, 20], [22, 14, 23, 13], [3, 1, 4, 24], [21, 3, 22, 2], [7, 5, 8, 4], [19, 7, 20, 6], [8, 12, 9, 11], [10, 15, 11, 16], [12, 18, 13, 17], [14, 24, 15, 23], [16, 9, 17, 10]]"
12n_0059_79,"[[16, 9, 17, 10], [5, 19, 6, 18], [1, 21, 2, 20], [22, 14, 23, 13], [3, 1, 4, 24], [21, 3, 22, 2], [7, 5, 8, 4], [19, 7, 20, 6], [8, 12, 9, 11], [10, 15, 11, 16], [12, 18, 13, 17], [14, 24, 15, 23]]"
12n_0059_80,"[[14, 24, 15, 23], [16, 9, 17, 10], [5, 19, 6, 18], [1, 21, 2, 20], [22, 14, 23, 13], [3, 1, 4, 24], [21, 3, 22, 2], [7, 5, 8, 4], [19, 7, 20, 6], [8, 12, 9, 11], [10, 15, 11, 16], [12, 18, 13, 17]]"
12n_0059_81,"[[12, 18, 13, 17], [14, 24, 15, 23], [16, 9, 17, 10], [5, 19, 6, 18], [1, 21, 2, 20], [22, 14, 23, 13], [3, 1, 4, 24], [21, 3, 22, 2], [7, 5, 8, 4], [19, 7, 20, 6], [8, 12, 9, 11], [10, 15, 11, 16]]"
12n_0059_82,"[[10, 15, 11, 16], [12, 18, 13, 17], [14, 24, 15, 23], [16, 9, 17, 10], [5, 19, 6, 18], [1, 21, 2, 20], [22, 14, 23, 13], [3, 1, 4, 24], [21, 3, 22, 2], [7, 5, 8, 4], [19, 7, 20, 6], [8, 12, 9, 11]]"
12n_0059_83,"[[8, 12, 9, 11], [10, 15, 11, 16], [12, 18, 13, 17], [14, 24, 15, 23], [16, 9, 17, 10], [5, 19, 6, 18], [1, 21, 2, 20], [22, 14, 23, 13], [3, 1, 4, 24], [21, 3, 22, 2], [7, 5, 8, 4], [19, 7, 20, 6]]"
12n_0059_84,"[[20, 8, 21, 7], [9, 13, 10, 12], [11, 16, 12, 17], [13, 19, 14, 18], [15, 1, 16, 24], [17, 10, 18, 11], [6, 20, 7, 19], [2, 22, 3, 21], [23, 15, 24, 14], [4, 2, 5, 1], [22, 4, 23, 3], [8, 6, 9, 5]]"
12n_0059_85,"[[8, 6, 9, 5], [20, 8, 21, 7], [9, 13, 10, 12], [11, 16, 12, 17], [13, 19, 14, 18], [15, 1, 16, 24], [17, 10, 18, 11], [6, 20, 7, 19], [2, 22, 3, 21], [23, 15, 24, 14], [4, 2, 5, 1], [22, 4, 23, 3]]"
12n_0059_86,"[[22, 4, 23, 3], [8, 6, 9, 5], [20, 8, 21, 7], [9, 13, 10, 12], [11, 16, 12, 17], [13, 19, 14, 18], [15, 1, 16, 24], [17, 10, 18, 11], [6, 20, 7, 19], [2, 22, 3, 21], [23, 15, 24, 14], [4, 2, 5, 1]]"
12n_0059_87,"[[4, 2, 5, 1], [22, 4, 23, 3], [8, 6, 9, 5], [20, 8, 21, 7], [9, 13, 10, 12], [11, 16, 12, 17], [13, 19, 14, 18], [15, 1, 16, 24], [17, 10, 18, 11], [6, 20, 7, 19], [2, 22, 3, 21], [23, 15, 24, 14]]"
12n_0059_88,"[[23, 15, 24, 14], [4, 2, 5, 1], [22, 4, 23, 3], [8, 6, 9, 5], [20, 8, 21, 7], [9, 13, 10, 12], [11, 16, 12, 17], [13, 19, 14, 18], [15, 1, 16, 24], [17, 10, 18, 11], [6, 20, 7, 19], [2, 22, 3, 21]]"
12n_0059_89,"[[2, 22, 3, 21], [23, 15, 24, 14], [4, 2, 5, 1], [22, 4, 23, 3], [8, 6, 9, 5], [20, 8, 21, 7], [9, 13, 10, 12], [11, 16, 12, 17], [13, 19, 14, 18], [15, 1, 16, 24], [17, 10, 18, 11], [6, 20, 7, 19]]"
12n_0059_90,"[[6, 20, 7, 19], [2, 22, 3, 21], [23, 15, 24, 14], [4, 2, 5, 1], [22, 4, 23, 3], [8, 6, 9, 5], [20, 8, 21, 7], [9, 13, 10, 12], [11, 16, 12, 17], [13, 19, 14, 18], [15, 1, 16, 24], [17, 10, 18, 11]]"
12n_0059_91,"[[17, 10, 18, 11], [6, 20, 7, 19], [2, 22, 3, 21], [23, 15, 24, 14], [4, 2, 5, 1], [22, 4, 23, 3], [8, 6, 9, 5], [20, 8, 21, 7], [9, 13, 10, 12], [11, 16, 12, 17], [13, 19, 14, 18], [15, 1, 16, 24]]"
12n_0059_92,"[[15, 1, 16, 24], [17, 10, 18, 11], [6, 20, 7, 19], [2, 22, 3, 21], [23, 15, 24, 14], [4, 2, 5, 1], [22, 4, 23, 3], [8, 6, 9, 5], [20, 8, 21, 7], [9, 13, 10, 12], [11, 16, 12, 17], [13, 19, 14, 18]]"
12n_0059_93,"[[13, 19, 14, 18], [15, 1, 16, 24], [17, 10, 18, 11], [6, 20, 7, 19], [2, 22, 3, 21], [23, 15, 24, 14], [4, 2, 5, 1], [22, 4, 23, 3], [8, 6, 9, 5], [20, 8, 21, 7], [9, 13, 10, 12], [11, 16, 12, 17]]"
12n_0059_94,"[[11, 16, 12, 17], [13, 19, 14, 18], [15, 1, 16, 24], [17, 10, 18, 11], [6, 20, 7, 19], [2, 22, 3, 21], [23, 15, 24, 14], [4, 2, 5, 1], [22, 4, 23, 3], [8, 6, 9, 5], [20, 8, 21, 7], [9, 13, 10, 12]]"
12n_0059_95,"[[9, 13, 10, 12], [11, 16, 12, 17], [13, 19, 14, 18], [15, 1, 16, 24], [17, 10, 18, 11], [6, 20, 7, 19], [2, 22, 3, 21], [23, 15, 24, 14], [4, 2, 5, 1], [22, 4, 23, 3], [8, 6, 9, 5], [20, 8, 21, 7]]"
12n_0059_96,"[[21, 9, 22, 8], [10, 14, 11, 13], [12, 17, 13, 18], [14, 20, 15, 19], [16, 2, 17, 1], [18, 11, 19, 12], [7, 21, 8, 20], [3, 23, 4, 22], [24, 16, 1, 15], [5, 3, 6, 2], [23, 5, 24, 4], [9, 7, 10, 6]]"
12n_0059_97,"[[9, 7, 10, 6], [21, 9, 22, 8], [10, 14, 11, 13], [12, 17, 13, 18], [14, 20, 15, 19], [16, 2, 17, 1], [18, 11, 19, 12], [7, 21, 8, 20], [3, 23, 4, 22], [24, 16, 1, 15], [5, 3, 6, 2], [23, 5, 24, 4]]"
12n_0059_98,"[[23, 5, 24, 4], [9, 7, 10, 6], [21, 9, 22, 8], [10, 14, 11, 13], [12, 17, 13, 18], [14, 20, 15, 19], [16, 2, 17, 1], [18, 11, 19, 12], [7, 21, 8, 20], [3, 23, 4, 22], [24, 16, 1, 15], [5, 3, 6, 2]]"
12n_0059_99,"[[5, 3, 6, 2], [23, 5, 24, 4], [9, 7, 10, 6], [21, 9, 22, 8], [10, 14, 11, 13], [12, 17, 13, 18], [14, 20, 15, 19], [16, 2, 17, 1], [18, 11, 19, 12], [7, 21, 8, 20], [3, 23, 4, 22], [24, 16, 1, 15]]"
12n_0059_100,"[[24, 16, 1, 15], [5, 3, 6, 2], [23, 5, 24, 4], [9, 7, 10, 6], [21, 9, 22, 8], [10, 14, 11, 13], [12, 17, 13, 18], [14, 20, 15, 19], [16, 2, 17, 1], [18, 11, 19, 12], [7, 21, 8, 20], [3, 23, 4, 22]]"
12n_0059_101,"[[3, 23, 4, 22], [24, 16, 1, 15], [5, 3, 6, 2], [23, 5, 24, 4], [9, 7, 10, 6], [21, 9, 22, 8], [10, 14, 11, 13], [12, 17, 13, 18], [14, 20, 15, 19], [16, 2, 17, 1], [18, 11, 19, 12], [7, 21, 8, 20]]"
12n_0059_102,"[[7, 21, 8, 20], [3, 23, 4, 22], [24, 16, 1, 15], [5, 3, 6, 2], [23, 5, 24, 4], [9, 7, 10, 6], [21, 9, 22, 8], [10, 14, 11, 13], [12, 17, 13, 18], [14, 20, 15, 19], [16, 2, 17, 1], [18, 11, 19, 12]]"
12n_0059_103,"[[18, 11, 19, 12], [7, 21, 8, 20], [3, 23, 4, 22], [24, 16, 1, 15], [5, 3, 6, 2], [23, 5, 24, 4], [9, 7, 10, 6], [21, 9, 22, 8], [10, 14, 11, 13], [12, 17, 13, 18], [14, 20, 15, 19], [16, 2, 17, 1]]"
12n_0059_104,"[[16, 2, 17, 1], [18, 11, 19, 12], [7, 21, 8, 20], [3, 23, 4, 22], [24, 16, 1, 15], [5, 3, 6, 2], [23, 5, 24, 4], [9, 7, 10, 6], [21, 9, 22, 8], [10, 14, 11, 13], [12, 17, 13, 18], [14, 20, 15, 19]]"
12n_0059_105,"[[14, 20, 15, 19], [16, 2, 17, 1], [18, 11, 19, 12], [7, 21, 8, 20], [3, 23, 4, 22], [24, 16, 1, 15], [5, 3, 6, 2], [23, 5, 24, 4], [9, 7, 10, 6], [21, 9, 22, 8], [10, 14, 11, 13], [12, 17, 13, 18]]"
12n_0059_106,"[[12, 17, 13, 18], [14, 20, 15, 19], [16, 2, 17, 1], [18, 11, 19, 12], [7, 21, 8, 20], [3, 23, 4, 22], [24, 16, 1, 15], [5, 3, 6, 2], [23, 5, 24, 4], [9, 7, 10, 6], [21, 9, 22, 8], [10, 14, 11, 13]]"
12n_0059_107,"[[10, 14, 11, 13], [12, 17, 13, 18], [14, 20, 15, 19], [16, 2, 17, 1], [18, 11, 19, 12], [7, 21, 8, 20], [3, 23, 4, 22], [24, 16, 1, 15], [5, 3, 6, 2], [23, 5, 24, 4], [9, 7, 10, 6], [21, 9, 22, 8]]"
12n_0059_108,"[[22, 10, 23, 9], [11, 15, 12, 14], [13, 18, 14, 19], [15, 21, 16, 20], [17, 3, 18, 2], [19, 12, 20, 13], [8, 22, 9, 21], [4, 24, 5, 23], [1, 17, 2, 16], [6, 4, 7, 3], [24, 6, 1, 5], [10, 8, 11, 7]]"
12n_0059_109,"[[10, 8, 11, 7], [22, 10, 23, 9], [11, 15, 12, 14], [13, 18, 14, 19], [15, 21, 16, 20], [17, 3, 18, 2], [19, 12, 20, 13], [8, 22, 9, 21], [4, 24, 5, 23], [1, 17, 2, 16], [6, 4, 7, 3], [24, 6, 1, 5]]"
12n_0059_110,"[[24, 6, 1, 5], [10, 8, 11, 7], [22, 10, 23, 9], [11, 15, 12, 14], [13, 18, 14, 19], [15, 21, 16, 20], [17, 3, 18, 2], [19, 12, 20, 13], [8, 22, 9, 21], [4, 24, 5, 23], [1, 17, 2, 16], [6, 4, 7, 3]]"
12n_0059_111,"[[6, 4, 7, 3], [24, 6, 1, 5], [10, 8, 11, 7], [22, 10, 23, 9], [11, 15, 12, 14], [13, 18, 14, 19], [15, 21, 16, 20], [17, 3, 18, 2], [19, 12, 20, 13], [8, 22, 9, 21], [4, 24, 5, 23], [1, 17, 2, 16]]"
12n_0059_112,"[[1, 17, 2, 16], [6, 4, 7, 3], [24, 6, 1, 5], [10, 8, 11, 7], [22, 10, 23, 9], [11, 15, 12, 14], [13, 18, 14, 19], [15, 21, 16, 20], [17, 3, 18, 2], [19, 12, 20, 13], [8, 22, 9, 21], [4, 24, 5, 23]]"
12n_0059_113,"[[4, 24, 5, 23], [1, 17, 2, 16], [6, 4, 7, 3], [24, 6, 1, 5], [10, 8, 11, 7], [22, 10, 23, 9], [11, 15, 12, 14], [13, 18, 14, 19], [15, 21, 16, 20], [17, 3, 18, 2], [19, 12, 20, 13], [8, 22, 9, 21]]"
12n_0059_114,"[[8, 22, 9, 21], [4, 24, 5, 23], [1, 17, 2, 16], [6, 4, 7, 3], [24, 6, 1, 5], [10, 8, 11, 7], [22, 10, 23, 9], [11, 15, 12, 14], [13, 18, 14, 19], [15, 21, 16, 20], [17, 3, 18, 2], [19, 12, 20, 13]]"
12n_0059_115,"[[19, 12, 20, 13], [8, 22, 9, 21], [4, 24, 5, 23], [1, 17, 2, 16], [6, 4, 7, 3], [24, 6, 1, 5], [10, 8, 11, 7], [22, 10, 23, 9], [11, 15, 12, 14], [13, 18, 14, 19], [15, 21, 16, 20], [17, 3, 18, 2]]"
12n_0059_116,"[[17, 3, 18, 2], [19, 12, 20, 13], [8, 22, 9, 21], [4, 24, 5, 23], [1, 17, 2, 16], [6, 4, 7, 3], [24, 6, 1, 5], [10, 8, 11, 7], [22, 10, 23, 9], [11, 15, 12, 14], [13, 18, 14, 19], [15, 21, 16, 20]]"
12n_0059_117,"[[15, 21, 16, 20], [17, 3, 18, 2], [19, 12, 20, 13], [8, 22, 9, 21], [4, 24, 5, 23], [1, 17, 2, 16], [6, 4, 7, 3], [24, 6, 1, 5], [10, 8, 11, 7], [22, 10, 23, 9], [11, 15, 12, 14], [13, 18, 14, 19]]"
12n_0059_118,"[[13, 18, 14, 19], [15, 21, 16, 20], [17, 3, 18, 2], [19, 12, 20, 13], [8, 22, 9, 21], [4, 24, 5, 23], [1, 17, 2, 16], [6, 4, 7, 3], [24, 6, 1, 5], [10, 8, 11, 7], [22, 10, 23, 9], [11, 15, 12, 14]]"
12n_0059_119,"[[11, 15, 12, 14], [13, 18, 14, 19], [15, 21, 16, 20], [17, 3, 18, 2], [19, 12, 20, 13], [8, 22, 9, 21], [4, 24, 5, 23], [1, 17, 2, 16], [6, 4, 7, 3], [24, 6, 1, 5], [10, 8, 11, 7], [22, 10, 23, 9]]"
12n_0059_120,"[[23, 11, 24, 10], [12, 16, 13, 15], [14, 19, 15, 20], [16, 22, 17, 21], [18, 4, 19, 3], [20, 13, 21, 14], [9, 23, 10, 22], [5, 1, 6, 24], [2, 18, 3, 17], [7, 5, 8, 4], [1, 7, 2, 6], [11, 9, 12, 8]]"
12n_0059_121,"[[11, 9, 12, 8], [23, 11, 24, 10], [12, 16, 13, 15], [14, 19, 15, 20], [16, 22, 17, 21], [18, 4, 19, 3], [20, 13, 21, 14], [9, 23, 10, 22], [5, 1, 6, 24], [2, 18, 3, 17], [7, 5, 8, 4], [1, 7, 2, 6]]"
12n_0059_122,"[[1, 7, 2, 6], [11, 9, 12, 8], [23, 11, 24, 10], [12, 16, 13, 15], [14, 19, 15, 20], [16, 22, 17, 21], [18, 4, 19, 3], [20, 13, 21, 14], [9, 23, 10, 22], [5, 1, 6, 24], [2, 18, 3, 17], [7, 5, 8, 4]]"
12n_0059_123,"[[7, 5, 8, 4], [1, 7, 2, 6], [11, 9, 12, 8], [23, 11, 24, 10], [12, 16, 13, 15], [14, 19, 15, 20], [16, 22, 17, 21], [18, 4, 19, 3], [20, 13, 21, 14], [9, 23, 10, 22], [5, 1, 6, 24], [2, 18, 3, 17]]"
12n_0059_124,"[[2, 18, 3, 17], [7, 5, 8, 4], [1, 7, 2, 6], [11, 9, 12, 8], [23, 11, 24, 10], [12, 16, 13, 15], [14, 19, 15, 20], [16, 22, 17, 21], [18, 4, 19, 3], [20, 13, 21, 14], [9, 23, 10, 22], [5, 1, 6, 24]]"
12n_0059_125,"[[5, 1, 6, 24], [2, 18, 3, 17], [7, 5, 8, 4], [1, 7, 2, 6], [11, 9, 12, 8], [23, 11, 24, 10], [12, 16, 13, 15], [14, 19, 15, 20], [16, 22, 17, 21], [18, 4, 19, 3], [20, 13, 21, 14], [9, 23, 10, 22]]"
12n_0059_126,"[[9, 23, 10, 22], [5, 1, 6, 24], [2, 18, 3, 17], [7, 5, 8, 4], [1, 7, 2, 6], [11, 9, 12, 8], [23, 11, 24, 10], [12, 16, 13, 15], [14, 19, 15, 20], [16, 22, 17, 21], [18, 4, 19, 3], [20, 13, 21, 14]]"
12n_0059_127,"[[20, 13, 21, 14], [9, 23, 10, 22], [5, 1, 6, 24], [2, 18, 3, 17], [7, 5, 8, 4], [1, 7, 2, 6], [11, 9, 12, 8], [23, 11, 24, 10], [12, 16, 13, 15], [14, 19, 15, 20], [16, 22, 17, 21], [18, 4, 19, 3]]"
12n_0059_128,"[[18, 4, 19, 3], [20, 13, 21, 14], [9, 23, 10, 22], [5, 1, 6, 24], [2, 18, 3, 17], [7, 5, 8, 4], [1, 7, 2, 6], [11, 9, 12, 8], [23, 11, 24, 10], [12, 16, 13, 15], [14, 19, 15, 20], [16, 22, 17, 21]]"
12n_0059_129,"[[16, 22, 17, 21], [18, 4, 19, 3], [20, 13, 21, 14], [9, 23, 10, 22], [5, 1, 6, 24], [2, 18, 3, 17], [7, 5, 8, 4], [1, 7, 2, 6], [11, 9, 12, 8], [23, 11, 24, 10], [12, 16, 13, 15], [14, 19, 15, 20]]"
12n_0059_130,"[[14, 19, 15, 20], [16, 22, 17, 21], [18, 4, 19, 3], [20, 13, 21, 14], [9, 23, 10, 22], [5, 1, 6, 24], [2, 18, 3, 17], [7, 5, 8, 4], [1, 7, 2, 6], [11, 9, 12, 8], [23, 11, 24, 10], [12, 16, 13, 15]]"
12n_0059_131,"[[12, 16, 13, 15], [14, 19, 15, 20], [16, 22, 17, 21], [18, 4, 19, 3], [20, 13, 21, 14], [9, 23, 10, 22], [5, 1, 6, 24], [2, 18, 3, 17], [7, 5, 8, 4], [1, 7, 2, 6], [11, 9, 12, 8], [23, 11, 24, 10]]"
12n_0059_132,"[[24, 12, 1, 11], [13, 17, 14, 16], [15, 20, 16, 21], [17, 23, 18, 22], [19, 5, 20, 4], [21, 14, 22, 15], [10, 24, 11, 23], [6, 2, 7, 1], [3, 19, 4, 18], [8, 6, 9, 5], [2, 8, 3, 7], [12, 10, 13, 9]]"
12n_0059_133,"[[12, 10, 13, 9], [24, 12, 1, 11], [13, 17, 14, 16], [15, 20, 16, 21], [17, 23, 18, 22], [19, 5, 20, 4], [21, 14, 22, 15], [10, 24, 11, 23], [6, 2, 7, 1], [3, 19, 4, 18], [8, 6, 9, 5], [2, 8, 3, 7]]"
12n_0059_134,"[[2, 8, 3, 7], [12, 10, 13, 9], [24, 12, 1, 11], [13, 17, 14, 16], [15, 20, 16, 21], [17, 23, 18, 22], [19, 5, 20, 4], [21, 14, 22, 15], [10, 24, 11, 23], [6, 2, 7, 1], [3, 19, 4, 18], [8, 6, 9, 5]]"
12n_0059_135,"[[8, 6, 9, 5], [2, 8, 3, 7], [12, 10, 13, 9], [24, 12, 1, 11], [13, 17, 14, 16], [15, 20, 16, 21], [17, 23, 18, 22], [19, 5, 20, 4], [21, 14, 22, 15], [10, 24, 11, 23], [6, 2, 7, 1], [3, 19, 4, 18]]"
12n_0059_136,"[[3, 19, 4, 18], [8, 6, 9, 5], [2, 8, 3, 7], [12, 10, 13, 9], [24, 12, 1, 11], [13, 17, 14, 16], [15, 20, 16, 21], [17, 23, 18, 22], [19, 5, 20, 4], [21, 14, 22, 15], [10, 24, 11, 23], [6, 2, 7, 1]]"
12n_0059_137,"[[6, 2, 7, 1], [3, 19, 4, 18], [8, 6, 9, 5], [2, 8, 3, 7], [12, 10, 13, 9], [24, 12, 1, 11], [13, 17, 14, 16], [15, 20, 16, 21], [17, 23, 18, 22], [19, 5, 20, 4], [21, 14, 22, 15], [10, 24, 11, 23]]"
12n_0059_138,"[[10, 24, 11, 23], [6, 2, 7, 1], [3, 19, 4, 18], [8, 6, 9, 5], [2, 8, 3, 7], [12, 10, 13, 9], [24, 12, 1, 11], [13, 17, 14, 16], [15, 20, 16, 21], [17, 23, 18, 22], [19, 5, 20, 4], [21, 14, 22, 15]]"
12n_0059_139,"[[21, 14, 22, 15], [10, 24, 11, 23], [6, 2, 7, 1], [3, 19, 4, 18], [8, 6, 9, 5], [2, 8, 3, 7], [12, 10, 13, 9], [24, 12, 1, 11], [13, 17, 14, 16], [15, 20, 16, 21], [17, 23, 18, 22], [19, 5, 20, 4]]"
12n_0059_140,"[[19, 5, 20, 4], [21, 14, 22, 15], [10, 24, 11, 23], [6, 2, 7, 1], [3, 19, 4, 18], [8, 6, 9, 5], [2, 8, 3, 7], [12, 10, 13, 9], [24, 12, 1, 11], [13, 17, 14, 16], [15, 20, 16, 21], [17, 23, 18, 22]]"
12n_0059_141,"[[17, 23, 18, 22], [19, 5, 20, 4], [21, 14, 22, 15], [10, 24, 11, 23], [6, 2, 7, 1], [3, 19, 4, 18], [8, 6, 9, 5], [2, 8, 3, 7], [12, 10, 13, 9], [24, 12, 1, 11], [13, 17, 14, 16], [15, 20, 16, 21]]"
12n_0059_142,"[[15, 20, 16, 21], [17, 23, 18, 22], [19, 5, 20, 4], [21, 14, 22, 15], [10, 24, 11, 23], [6, 2, 7, 1], [3, 19, 4, 18], [8, 6, 9, 5], [2, 8, 3, 7], [12, 10, 13, 9], [24, 12, 1, 11], [13, 17, 14, 16]]"
12n_0059_143,"[[13, 17, 14, 16], [15, 20, 16, 21], [17, 23, 18, 22], [19, 5, 20, 4], [21, 14, 22, 15], [10, 24, 11, 23], [6, 2, 7, 1], [3, 19, 4, 18], [8, 6, 9, 5], [2, 8, 3, 7], [12, 10, 13, 9], [24, 12, 1, 11]]"
12n_0059_144,"[[1, 13, 2, 12], [14, 18, 15, 17], [16, 21, 17, 22], [18, 24, 19, 23], [20, 6, 21, 5], [22, 15, 23, 16], [11, 1, 12, 24], [7, 3, 8, 2], [4, 20, 5, 19], [9, 7, 10, 6], [3, 9, 4, 8], [13, 11, 14, 10]]"
12n_0059_145,"[[13, 11, 14, 10], [1, 13, 2, 12], [14, 18, 15, 17], [16, 21, 17, 22], [18, 24, 19, 23], [20, 6, 21, 5], [22, 15, 23, 16], [11, 1, 12, 24], [7, 3, 8, 2], [4, 20, 5, 19], [9, 7, 10, 6], [3, 9, 4, 8]]"
12n_0059_146,"[[3, 9, 4, 8], [13, 11, 14, 10], [1, 13, 2, 12], [14, 18, 15, 17], [16, 21, 17, 22], [18, 24, 19, 23], [20, 6, 21, 5], [22, 15, 23, 16], [11, 1, 12, 24], [7, 3, 8, 2], [4, 20, 5, 19], [9, 7, 10, 6]]"
12n_0059_147,"[[9, 7, 10, 6], [3, 9, 4, 8], [13, 11, 14, 10], [1, 13, 2, 12], [14, 18, 15, 17], [16, 21, 17, 22], [18, 24, 19, 23], [20, 6, 21, 5], [22, 15, 23, 16], [11, 1, 12, 24], [7, 3, 8, 2], [4, 20, 5, 19]]"
12n_0059_148,"[[4, 20, 5, 19], [9, 7, 10, 6], [3, 9, 4, 8], [13, 11, 14, 10], [1, 13, 2, 12], [14, 18, 15, 17], [16, 21, 17, 22], [18, 24, 19, 23], [20, 6, 21, 5], [22, 15, 23, 16], [11, 1, 12, 24], [7, 3, 8, 2]]"
12n_0059_149,"[[7, 3, 8, 2], [4, 20, 5, 19], [9, 7, 10, 6], [3, 9, 4, 8], [13, 11, 14, 10], [1, 13, 2, 12], [14, 18, 15, 17], [16, 21, 17, 22], [18, 24, 19, 23], [20, 6, 21, 5], [22, 15, 23, 16], [11, 1, 12, 24]]"
12n_0059_150,"[[11, 1, 12, 24], [7, 3, 8, 2], [4, 20, 5, 19], [9, 7, 10, 6], [3, 9, 4, 8], [13, 11, 14, 10], [1, 13, 2, 12], [14, 18, 15, 17], [16, 21, 17, 22], [18, 24, 19, 23], [20, 6, 21, 5], [22, 15, 23, 16]]"
12n_0059_151,"[[22, 15, 23, 16], [11, 1, 12, 24], [7, 3, 8, 2], [4, 20, 5, 19], [9, 7, 10, 6], [3, 9, 4, 8], [13, 11, 14, 10], [1, 13, 2, 12], [14, 18, 15, 17], [16, 21, 17, 22], [18, 24, 19, 23], [20, 6, 21, 5]]"
12n_0059_152,"[[20, 6, 21, 5], [22, 15, 23, 16], [11, 1, 12, 24], [7, 3, 8, 2], [4, 20, 5, 19], [9, 7, 10, 6], [3, 9, 4, 8], [13, 11, 14, 10], [1, 13, 2, 12], [14, 18, 15, 17], [16, 21, 17, 22], [18, 24, 19, 23]]"
12n_0059_153,"[[18, 24, 19, 23], [20, 6, 21, 5], [22, 15, 23, 16], [11, 1, 12, 24], [7, 3, 8, 2], [4, 20, 5, 19], [9, 7, 10, 6], [3, 9, 4, 8], [13, 11, 14, 10], [1, 13, 2, 12], [14, 18, 15, 17], [16, 21, 17, 22]]"
12n_0059_154,"[[16, 21, 17, 22], [18, 24, 19, 23], [20, 6, 21, 5], [22, 15, 23, 16], [11, 1, 12, 24], [7, 3, 8, 2], [4, 20, 5, 19], [9, 7, 10, 6], [3, 9, 4, 8], [13, 11, 14, 10], [1, 13, 2, 12], [14, 18, 15, 17]]"
12n_0059_155,"[[14, 18, 15, 17], [16, 21, 17, 22], [18, 24, 19, 23], [20, 6, 21, 5], [22, 15, 23, 16], [11, 1, 12, 24], [7, 3, 8, 2], [4, 20, 5, 19], [9, 7, 10, 6], [3, 9, 4, 8], [13, 11, 14, 10], [1, 13, 2, 12]]"
12n_0059_156,"[[2, 14, 3, 13], [15, 19, 16, 18], [17, 22, 18, 23], [19, 1, 20, 24], [21, 7, 22, 6], [23, 16, 24, 17], [12, 2, 13, 1], [8, 4, 9, 3], [5, 21, 6, 20], [10, 8, 11, 7], [4, 10, 5, 9], [14, 12, 15, 11]]"
12n_0059_157,"[[14, 12, 15, 11], [2, 14, 3, 13], [15, 19, 16, 18], [17, 22, 18, 23], [19, 1, 20, 24], [21, 7, 22, 6], [23, 16, 24, 17], [12, 2, 13, 1], [8, 4, 9, 3], [5, 21, 6, 20], [10, 8, 11, 7], [4, 10, 5, 9]]"
12n_0059_158,"[[4, 10, 5, 9], [14, 12, 15, 11], [2, 14, 3, 13], [15, 19, 16, 18], [17, 22, 18, 23], [19, 1, 20, 24], [21, 7, 22, 6], [23, 16, 24, 17], [12, 2, 13, 1], [8, 4, 9, 3], [5, 21, 6, 20], [10, 8, 11, 7]]"
12n_0059_159,"[[10, 8, 11, 7], [4, 10, 5, 9], [14, 12, 15, 11], [2, 14, 3, 13], [15, 19, 16, 18], [17, 22, 18, 23], [19, 1, 20, 24], [21, 7, 22, 6], [23, 16, 24, 17], [12, 2, 13, 1], [8, 4, 9, 3], [5, 21, 6, 20]]"
12n_0059_160,"[[5, 21, 6, 20], [10, 8, 11, 7], [4, 10, 5, 9], [14, 12, 15, 11], [2, 14, 3, 13], [15, 19, 16, 18], [17, 22, 18, 23], [19, 1, 20, 24], [21, 7, 22, 6], [23, 16, 24, 17], [12, 2, 13, 1], [8, 4, 9, 3]]"
12n_0059_161,"[[8, 4, 9, 3], [5, 21, 6, 20], [10, 8, 11, 7], [4, 10, 5, 9], [14, 12, 15, 11], [2, 14, 3, 13], [15, 19, 16, 18], [17, 22, 18, 23], [19, 1, 20, 24], [21, 7, 22, 6], [23, 16, 24, 17], [12, 2, 13, 1]]"
12n_0059_162,"[[12, 2, 13, 1], [8, 4, 9, 3], [5, 21, 6, 20], [10, 8, 11, 7], [4, 10, 5, 9], [14, 12, 15, 11], [2, 14, 3, 13], [15, 19, 16, 18], [17, 22, 18, 23], [19, 1, 20, 24], [21, 7, 22, 6], [23, 16, 24, 17]]"
12n_0059_163,"[[23, 16, 24, 17], [12, 2, 13, 1], [8, 4, 9, 3], [5, 21, 6, 20], [10, 8, 11, 7], [4, 10, 5, 9], [14, 12, 15, 11], [2, 14, 3, 13], [15, 19, 16, 18], [17, 22, 18, 23], [19, 1, 20, 24], [21, 7, 22, 6]]"
12n_0059_164,"[[21, 7, 22, 6], [23, 16, 24, 17], [12, 2, 13, 1], [8, 4, 9, 3], [5, 21, 6, 20], [10, 8, 11, 7], [4, 10, 5, 9], [14, 12, 15, 11], [2, 14, 3, 13], [15, 19, 16, 18], [17, 22, 18, 23], [19, 1, 20, 24]]"
12n_0059_165,"[[19, 1, 20, 24], [21, 7, 22, 6], [23, 16, 24, 17], [12, 2, 13, 1], [8, 4, 9, 3], [5, 21, 6, 20], [10, 8, 11, 7], [4, 10, 5, 9], [14, 12, 15, 11], [2, 14, 3, 13], [15, 19, 16, 18], [17, 22, 18, 23]]"
12n_0059_166,"[[17, 22, 18, 23], [19, 1, 20, 24], [21, 7, 22, 6], [23, 16, 24, 17], [12, 2, 13, 1], [8, 4, 9, 3], [5, 21, 6, 20], [10, 8, 11, 7], [4, 10, 5, 9], [14, 12, 15, 11], [2, 14, 3, 13], [15, 19, 16, 18]]"
12n_0059_167,"[[15, 19, 16, 18], [17, 22, 18, 23], [19, 1, 20, 24], [21, 7, 22, 6], [23, 16, 24, 17], [12, 2, 13, 1], [8, 4, 9, 3], [5, 21, 6, 20], [10, 8, 11, 7], [4, 10, 5, 9], [14, 12, 15, 11], [2, 14, 3, 13]]"
12n_0059_168,"[[3, 15, 4, 14], [16, 20, 17, 19], [18, 23, 19, 24], [20, 2, 21, 1], [22, 8, 23, 7], [24, 17, 1, 18], [13, 3, 14, 2], [9, 5, 10, 4], [6, 22, 7, 21], [11, 9, 12, 8], [5, 11, 6, 10], [15, 13, 16, 12]]"
12n_0059_169,"[[15, 13, 16, 12], [3, 15, 4, 14], [16, 20, 17, 19], [18, 23, 19, 24], [20, 2, 21, 1], [22, 8, 23, 7], [24, 17, 1, 18], [13, 3, 14, 2], [9, 5, 10, 4], [6, 22, 7, 21], [11, 9, 12, 8], [5, 11, 6, 10]]"
12n_0059_170,"[[5, 11, 6, 10], [15, 13, 16, 12], [3, 15, 4, 14], [16, 20, 17, 19], [18, 23, 19, 24], [20, 2, 21, 1], [22, 8, 23, 7], [24, 17, 1, 18], [13, 3, 14, 2], [9, 5, 10, 4], [6, 22, 7, 21], [11, 9, 12, 8]]"
12n_0059_171,"[[11, 9, 12, 8], [5, 11, 6, 10], [15, 13, 16, 12], [3, 15, 4, 14], [16, 20, 17, 19], [18, 23, 19, 24], [20, 2, 21, 1], [22, 8, 23, 7], [24, 17, 1, 18], [13, 3, 14, 2], [9, 5, 10, 4], [6, 22, 7, 21]]"
12n_0059_172,"[[6, 22, 7, 21], [11, 9, 12, 8], [5, 11, 6, 10], [15, 13, 16, 12], [3, 15, 4, 14], [16, 20, 17, 19], [18, 23, 19, 24], [20, 2, 21, 1], [22, 8, 23, 7], [24, 17, 1, 18], [13, 3, 14, 2], [9, 5, 10, 4]]"
12n_0059_173,"[[9, 5, 10, 4], [6, 22, 7, 21], [11, 9, 12, 8], [5, 11, 6, 10], [15, 13, 16, 12], [3, 15, 4, 14], [16, 20, 17, 19], [18, 23, 19, 24], [20, 2, 21, 1], [22, 8, 23, 7], [24, 17, 1, 18], [13, 3, 14, 2]]"
12n_0059_174,"[[13, 3, 14, 2], [9, 5, 10, 4], [6, 22, 7, 21], [11, 9, 12, 8], [5, 11, 6, 10], [15, 13, 16, 12], [3, 15, 4, 14], [16, 20, 17, 19], [18, 23, 19, 24], [20, 2, 21, 1], [22, 8, 23, 7], [24, 17, 1, 18]]"
12n_0059_175,"[[24, 17, 1, 18], [13, 3, 14, 2], [9, 5, 10, 4], [6, 22, 7, 21], [11, 9, 12, 8], [5, 11, 6, 10], [15, 13, 16, 12], [3, 15, 4, 14], [16, 20, 17, 19], [18, 23, 19, 24], [20, 2, 21, 1], [22, 8, 23, 7]]"
12n_0059_176,"[[22, 8, 23, 7], [24, 17, 1, 18], [13, 3, 14, 2], [9, 5, 10, 4], [6, 22, 7, 21], [11, 9, 12, 8], [5, 11, 6, 10], [15, 13, 16, 12], [3, 15, 4, 14], [16, 20, 17, 19], [18, 23, 19, 24], [20, 2, 21, 1]]"
12n_0059_177,"[[20, 2, 21, 1], [22, 8, 23, 7], [24, 17, 1, 18], [13, 3, 14, 2], [9, 5, 10, 4], [6, 22, 7, 21], [11, 9, 12, 8], [5, 11, 6, 10], [15, 13, 16, 12], [3, 15, 4, 14], [16, 20, 17, 19], [18, 23, 19, 24]]"
12n_0059_178,"[[18, 23, 19, 24], [20, 2, 21, 1], [22, 8, 23, 7], [24, 17, 1, 18], [13, 3, 14, 2], [9, 5, 10, 4], [6, 22, 7, 21], [11, 9, 12, 8], [5, 11, 6, 10], [15, 13, 16, 12], [3, 15, 4, 14], [16, 20, 17, 19]]"
12n_0059_179,"[[16, 20, 17, 19], [18, 23, 19, 24], [20, 2, 21, 1], [22, 8, 23, 7], [24, 17, 1, 18], [13, 3, 14, 2], [9, 5, 10, 4], [6, 22, 7, 21], [11, 9, 12, 8], [5, 11, 6, 10], [15, 13, 16, 12], [3, 15, 4, 14]]"
12n_0059_180,"[[4, 16, 5, 15], [17, 21, 18, 20], [19, 24, 20, 1], [21, 3, 22, 2], [23, 9, 24, 8], [1, 18, 2, 19], [14, 4, 15, 3], [10, 6, 11, 5], [7, 23, 8, 22], [12, 10, 13, 9], [6, 12, 7, 11], [16, 14, 17, 13]]"
12n_0059_181,"[[16, 14, 17, 13], [4, 16, 5, 15], [17, 21, 18, 20], [19, 24, 20, 1], [21, 3, 22, 2], [23, 9, 24, 8], [1, 18, 2, 19], [14, 4, 15, 3], [10, 6, 11, 5], [7, 23, 8, 22], [12, 10, 13, 9], [6, 12, 7, 11]]"
12n_0059_182,"[[6, 12, 7, 11], [16, 14, 17, 13], [4, 16, 5, 15], [17, 21, 18, 20], [19, 24, 20, 1], [21, 3, 22, 2], [23, 9, 24, 8], [1, 18, 2, 19], [14, 4, 15, 3], [10, 6, 11, 5], [7, 23, 8, 22], [12, 10, 13, 9]]"
12n_0059_183,"[[12, 10, 13, 9], [6, 12, 7, 11], [16, 14, 17, 13], [4, 16, 5, 15], [17, 21, 18, 20], [19, 24, 20, 1], [21, 3, 22, 2], [23, 9, 24, 8], [1, 18, 2, 19], [14, 4, 15, 3], [10, 6, 11, 5], [7, 23, 8, 22]]"
12n_0059_184,"[[7, 23, 8, 22], [12, 10, 13, 9], [6, 12, 7, 11], [16, 14, 17, 13], [4, 16, 5, 15], [17, 21, 18, 20], [19, 24, 20, 1], [21, 3, 22, 2], [23, 9, 24, 8], [1, 18, 2, 19], [14, 4, 15, 3], [10, 6, 11, 5]]"
12n_0059_185,"[[10, 6, 11, 5], [7, 23, 8, 22], [12, 10, 13, 9], [6, 12, 7, 11], [16, 14, 17, 13], [4, 16, 5, 15], [17, 21, 18, 20], [19, 24, 20, 1], [21, 3, 22, 2], [23, 9, 24, 8], [1, 18, 2, 19], [14, 4, 15, 3]]"
