name,pd_notation
12n_0062_0,"[[13, 1, 14, 24], [2, 6, 3, 5], [4, 9, 5, 10], [6, 12, 7, 11], [17, 9, 18, 8], [10, 3, 11, 4], [23, 13, 24, 12], [19, 14, 20, 15], [21, 16, 22, 17], [7, 19, 8, 18], [15, 20, 16, 21], [1, 23, 2, 22]]"
12n_0062_1,"[[1, 23, 2, 22], [13, 1, 14, 24], [2, 6, 3, 5], [4, 9, 5, 10], [6, 12, 7, 11], [17, 9, 18, 8], [10, 3, 11, 4], [23, 13, 24, 12], [19, 14, 20, 15], [21, 16, 22, 17], [7, 19, 8, 18], [15, 20, 16, 21]]"
12n_0062_2,"[[15, 20, 16, 21], [1, 23, 2, 22], [13, 1, 14, 24], [2, 6, 3, 5], [4, 9, 5, 10], [6, 12, 7, 11], [17, 9, 18, 8], [10, 3, 11, 4], [23, 13, 24, 12], [19, 14, 20, 15], [21, 16, 22, 17], [7, 19, 8, 18]]"
12n_0062_3,"[[7, 19, 8, 18], [15, 20, 16, 21], [1, 23, 2, 22], [13, 1, 14, 24], [2, 6, 3, 5], [4, 9, 5, 10], [6, 12, 7, 11], [17, 9, 18, 8], [10, 3, 11, 4], [23, 13, 24, 12], [19, 14, 20, 15], [21, 16, 22, 17]]"
12n_0062_4,"[[21, 16, 22, 17], [7, 19, 8, 18], [15, 20, 16, 21], [1, 23, 2, 22], [13, 1, 14, 24], [2, 6, 3, 5], [4, 9, 5, 10], [6, 12, 7, 11], [17, 9, 18, 8], [10, 3, 11, 4], [23, 13, 24, 12], [19, 14, 20, 15]]"
12n_0062_5,"[[19, 14, 20, 15], [21, 16, 22, 17], [7, 19, 8, 18], [15, 20, 16, 21], [1, 23, 2, 22], [13, 1, 14, 24], [2, 6, 3, 5], [4, 9, 5, 10], [6, 12, 7, 11], [17, 9, 18, 8], [10, 3, 11, 4], [23, 13, 24, 12]]"
12n_0062_6,"[[23, 13, 24, 12], [19, 14, 20, 15], [21, 16, 22, 17], [7, 19, 8, 18], [15, 20, 16, 21], [1, 23, 2, 22], [13, 1, 14, 24], [2, 6, 3, 5], [4, 9, 5, 10], [6, 12, 7, 11], [17, 9, 18, 8], [10, 3, 11, 4]]"
12n_0062_7,"[[10, 3, 11, 4], [23, 13, 24, 12], [19, 14, 20, 15], [21, 16, 22, 17], [7, 19, 8, 18], [15, 20, 16, 21], [1, 23, 2, 22], [13, 1, 14, 24], [2, 6, 3, 5], [4, 9, 5, 10], [6, 12, 7, 11], [17, 9, 18, 8]]"
12n_0062_8,"[[17, 9, 18, 8], [10, 3, 11, 4], [23, 13, 24, 12], [19, 14, 20, 15], [21, 16, 22, 17], [7, 19, 8, 18], [15, 20, 16, 21], [1, 23, 2, 22], [13, 1, 14, 24], [2, 6, 3, 5], [4, 9, 5, 10], [6, 12, 7, 11]]"
12n_0062_9,"[[6, 12, 7, 11], [17, 9, 18, 8], [10, 3, 11, 4], [23, 13, 24, 12], [19, 14, 20, 15], [21, 16, 22, 17], [7, 19, 8, 18], [15, 20, 16, 21], [1, 23, 2, 22], [13, 1, 14, 24], [2, 6, 3, 5], [4, 9, 5, 10]]"
12n_0062_10,"[[4, 9, 5, 10], [6, 12, 7, 11], [17, 9, 18, 8], [10, 3, 11, 4], [23, 13, 24, 12], [19, 14, 20, 15], [21, 16, 22, 17], [7, 19, 8, 18], [15, 20, 16, 21], [1, 23, 2, 22], [13, 1, 14, 24], [2, 6, 3, 5]]"
12n_0062_11,"[[2, 6, 3, 5], [4, 9, 5, 10], [6, 12, 7, 11], [17, 9, 18, 8], [10, 3, 11, 4], [23, 13, 24, 12], [19, 14, 20, 15], [21, 16, 22, 17], [7, 19, 8, 18], [15, 20, 16, 21], [1, 23, 2, 22], [13, 1, 14, 24]]"
12n_0062_12,"[[14, 2, 15, 1], [3, 7, 4, 6], [5, 10, 6, 11], [7, 13, 8, 12], [18, 10, 19, 9], [11, 4, 12, 5], [24, 14, 1, 13], [20, 15, 21, 16], [22, 17, 23, 18], [8, 20, 9, 19], [16, 21, 17, 22], [2, 24, 3, 23]]"
12n_0062_13,"[[2, 24, 3, 23], [14, 2, 15, 1], [3, 7, 4, 6], [5, 10, 6, 11], [7, 13, 8, 12], [18, 10, 19, 9], [11, 4, 12, 5], [24, 14, 1, 13], [20, 15, 21, 16], [22, 17, 23, 18], [8, 20, 9, 19], [16, 21, 17, 22]]"
12n_0062_14,"[[16, 21, 17, 22], [2, 24, 3, 23], [14, 2, 15, 1], [3, 7, 4, 6], [5, 10, 6, 11], [7, 13, 8, 12], [18, 10, 19, 9], [11, 4, 12, 5], [24, 14, 1, 13], [20, 15, 21, 16], [22, 17, 23, 18], [8, 20, 9, 19]]"
12n_0062_15,"[[8, 20, 9, 19], [16, 21, 17, 22], [2, 24, 3, 23], [14, 2, 15, 1], [3, 7, 4, 6], [5, 10, 6, 11], [7, 13, 8, 12], [18, 10, 19, 9], [11, 4, 12, 5], [24, 14, 1, 13], [20, 15, 21, 16], [22, 17, 23, 18]]"
12n_0062_16,"[[22, 17, 23, 18], [8, 20, 9, 19], [16, 21, 17, 22], [2, 24, 3, 23], [14, 2, 15, 1], [3, 7, 4, 6], [5, 10, 6, 11], [7, 13, 8, 12], [18, 10, 19, 9], [11, 4, 12, 5], [24, 14, 1, 13], [20, 15, 21, 16]]"
12n_0062_17,"[[20, 15, 21, 16], [22, 17, 23, 18], [8, 20, 9, 19], [16, 21, 17, 22], [2, 24, 3, 23], [14, 2, 15, 1], [3, 7, 4, 6], [5, 10, 6, 11], [7, 13, 8, 12], [18, 10, 19, 9], [11, 4, 12, 5], [24, 14, 1, 13]]"
12n_0062_18,"[[24, 14, 1, 13], [20, 15, 21, 16], [22, 17, 23, 18], [8, 20, 9, 19], [16, 21, 17, 22], [2, 24, 3, 23], [14, 2, 15, 1], [3, 7, 4, 6], [5, 10, 6, 11], [7, 13, 8, 12], [18, 10, 19, 9], [11, 4, 12, 5]]"
12n_0062_19,"[[11, 4, 12, 5], [24, 14, 1, 13], [20, 15, 21, 16], [22, 17, 23, 18], [8, 20, 9, 19], [16, 21, 17, 22], [2, 24, 3, 23], [14, 2, 15, 1], [3, 7, 4, 6], [5, 10, 6, 11], [7, 13, 8, 12], [18, 10, 19, 9]]"
12n_0062_20,"[[18, 10, 19, 9], [11, 4, 12, 5], [24, 14, 1, 13], [20, 15, 21, 16], [22, 17, 23, 18], [8, 20, 9, 19], [16, 21, 17, 22], [2, 24, 3, 23], [14, 2, 15, 1], [3, 7, 4, 6], [5, 10, 6, 11], [7, 13, 8, 12]]"
12n_0062_21,"[[7, 13, 8, 12], [18, 10, 19, 9], [11, 4, 12, 5], [24, 14, 1, 13], [20, 15, 21, 16], [22, 17, 23, 18], [8, 20, 9, 19], [16, 21, 17, 22], [2, 24, 3, 23], [14, 2, 15, 1], [3, 7, 4, 6], [5, 10, 6, 11]]"
12n_0062_22,"[[5, 10, 6, 11], [7, 13, 8, 12], [18, 10, 19, 9], [11, 4, 12, 5], [24, 14, 1, 13], [20, 15, 21, 16], [22, 17, 23, 18], [8, 20, 9, 19], [16, 21, 17, 22], [2, 24, 3, 23], [14, 2, 15, 1], [3, 7, 4, 6]]"
12n_0062_23,"[[3, 7, 4, 6], [5, 10, 6, 11], [7, 13, 8, 12], [18, 10, 19, 9], [11, 4, 12, 5], [24, 14, 1, 13], [20, 15, 21, 16], [22, 17, 23, 18], [8, 20, 9, 19], [16, 21, 17, 22], [2, 24, 3, 23], [14, 2, 15, 1]]"
12n_0062_24,"[[15, 3, 16, 2], [4, 8, 5, 7], [6, 11, 7, 12], [8, 14, 9, 13], [19, 11, 20, 10], [12, 5, 13, 6], [1, 15, 2, 14], [21, 16, 22, 17], [23, 18, 24, 19], [9, 21, 10, 20], [17, 22, 18, 23], [3, 1, 4, 24]]"
12n_0062_25,"[[3, 1, 4, 24], [15, 3, 16, 2], [4, 8, 5, 7], [6, 11, 7, 12], [8, 14, 9, 13], [19, 11, 20, 10], [12, 5, 13, 6], [1, 15, 2, 14], [21, 16, 22, 17], [23, 18, 24, 19], [9, 21, 10, 20], [17, 22, 18, 23]]"
12n_0062_26,"[[17, 22, 18, 23], [3, 1, 4, 24], [15, 3, 16, 2], [4, 8, 5, 7], [6, 11, 7, 12], [8, 14, 9, 13], [19, 11, 20, 10], [12, 5, 13, 6], [1, 15, 2, 14], [21, 16, 22, 17], [23, 18, 24, 19], [9, 21, 10, 20]]"
12n_0062_27,"[[9, 21, 10, 20], [17, 22, 18, 23], [3, 1, 4, 24], [15, 3, 16, 2], [4, 8, 5, 7], [6, 11, 7, 12], [8, 14, 9, 13], [19, 11, 20, 10], [12, 5, 13, 6], [1, 15, 2, 14], [21, 16, 22, 17], [23, 18, 24, 19]]"
12n_0062_28,"[[23, 18, 24, 19], [9, 21, 10, 20], [17, 22, 18, 23], [3, 1, 4, 24], [15, 3, 16, 2], [4, 8, 5, 7], [6, 11, 7, 12], [8, 14, 9, 13], [19, 11, 20, 10], [12, 5, 13, 6], [1, 15, 2, 14], [21, 16, 22, 17]]"
12n_0062_29,"[[21, 16, 22, 17], [23, 18, 24, 19], [9, 21, 10, 20], [17, 22, 18, 23], [3, 1, 4, 24], [15, 3, 16, 2], [4, 8, 5, 7], [6, 11, 7, 12], [8, 14, 9, 13], [19, 11, 20, 10], [12, 5, 13, 6], [1, 15, 2, 14]]"
12n_0062_30,"[[1, 15, 2, 14], [21, 16, 22, 17], [23, 18, 24, 19], [9, 21, 10, 20], [17, 22, 18, 23], [3, 1, 4, 24], [15, 3, 16, 2], [4, 8, 5, 7], [6, 11, 7, 12], [8, 14, 9, 13], [19, 11, 20, 10], [12, 5, 13, 6]]"
12n_0062_31,"[[12, 5, 13, 6], [1, 15, 2, 14], [21, 16, 22, 17], [23, 18, 24, 19], [9, 21, 10, 20], [17, 22, 18, 23], [3, 1, 4, 24], [15, 3, 16, 2], [4, 8, 5, 7], [6, 11, 7, 12], [8, 14, 9, 13], [19, 11, 20, 10]]"
12n_0062_32,"[[19, 11, 20, 10], [12, 5, 13, 6], [1, 15, 2, 14], [21, 16, 22, 17], [23, 18, 24, 19], [9, 21, 10, 20], [17, 22, 18, 23], [3, 1, 4, 24], [15, 3, 16, 2], [4, 8, 5, 7], [6, 11, 7, 12], [8, 14, 9, 13]]"
12n_0062_33,"[[8, 14, 9, 13], [19, 11, 20, 10], [12, 5, 13, 6], [1, 15, 2, 14], [21, 16, 22, 17], [23, 18, 24, 19], [9, 21, 10, 20], [17, 22, 18, 23], [3, 1, 4, 24], [15, 3, 16, 2], [4, 8, 5, 7], [6, 11, 7, 12]]"
12n_0062_34,"[[6, 11, 7, 12], [8, 14, 9, 13], [19, 11, 20, 10], [12, 5, 13, 6], [1, 15, 2, 14], [21, 16, 22, 17], [23, 18, 24, 19], [9, 21, 10, 20], [17, 22, 18, 23], [3, 1, 4, 24], [15, 3, 16, 2], [4, 8, 5, 7]]"
12n_0062_35,"[[4, 8, 5, 7], [6, 11, 7, 12], [8, 14, 9, 13], [19, 11, 20, 10], [12, 5, 13, 6], [1, 15, 2, 14], [21, 16, 22, 17], [23, 18, 24, 19], [9, 21, 10, 20], [17, 22, 18, 23], [3, 1, 4, 24], [15, 3, 16, 2]]"
12n_0062_36,"[[16, 4, 17, 3], [5, 9, 6, 8], [7, 12, 8, 13], [9, 15, 10, 14], [20, 12, 21, 11], [13, 6, 14, 7], [2, 16, 3, 15], [22, 17, 23, 18], [24, 19, 1, 20], [10, 22, 11, 21], [18, 23, 19, 24], [4, 2, 5, 1]]"
12n_0062_37,"[[4, 2, 5, 1], [16, 4, 17, 3], [5, 9, 6, 8], [7, 12, 8, 13], [9, 15, 10, 14], [20, 12, 21, 11], [13, 6, 14, 7], [2, 16, 3, 15], [22, 17, 23, 18], [24, 19, 1, 20], [10, 22, 11, 21], [18, 23, 19, 24]]"
12n_0062_38,"[[18, 23, 19, 24], [4, 2, 5, 1], [16, 4, 17, 3], [5, 9, 6, 8], [7, 12, 8, 13], [9, 15, 10, 14], [20, 12, 21, 11], [13, 6, 14, 7], [2, 16, 3, 15], [22, 17, 23, 18], [24, 19, 1, 20], [10, 22, 11, 21]]"
12n_0062_39,"[[10, 22, 11, 21], [18, 23, 19, 24], [4, 2, 5, 1], [16, 4, 17, 3], [5, 9, 6, 8], [7, 12, 8, 13], [9, 15, 10, 14], [20, 12, 21, 11], [13, 6, 14, 7], [2, 16, 3, 15], [22, 17, 23, 18], [24, 19, 1, 20]]"
12n_0062_40,"[[24, 19, 1, 20], [10, 22, 11, 21], [18, 23, 19, 24], [4, 2, 5, 1], [16, 4, 17, 3], [5, 9, 6, 8], [7, 12, 8, 13], [9, 15, 10, 14], [20, 12, 21, 11], [13, 6, 14, 7], [2, 16, 3, 15], [22, 17, 23, 18]]"
12n_0062_41,"[[22, 17, 23, 18], [24, 19, 1, 20], [10, 22, 11, 21], [18, 23, 19, 24], [4, 2, 5, 1], [16, 4, 17, 3], [5, 9, 6, 8], [7, 12, 8, 13], [9, 15, 10, 14], [20, 12, 21, 11], [13, 6, 14, 7], [2, 16, 3, 15]]"
12n_0062_42,"[[2, 16, 3, 15], [22, 17, 23, 18], [24, 19, 1, 20], [10, 22, 11, 21], [18, 23, 19, 24], [4, 2, 5, 1], [16, 4, 17, 3], [5, 9, 6, 8], [7, 12, 8, 13], [9, 15, 10, 14], [20, 12, 21, 11], [13, 6, 14, 7]]"
12n_0062_43,"[[13, 6, 14, 7], [2, 16, 3, 15], [22, 17, 23, 18], [24, 19, 1, 20], [10, 22, 11, 21], [18, 23, 19, 24], [4, 2, 5, 1], [16, 4, 17, 3], [5, 9, 6, 8], [7, 12, 8, 13], [9, 15, 10, 14], [20, 12, 21, 11]]"
12n_0062_44,"[[20, 12, 21, 11], [13, 6, 14, 7], [2, 16, 3, 15], [22, 17, 23, 18], [24, 19, 1, 20], [10, 22, 11, 21], [18, 23, 19, 24], [4, 2, 5, 1], [16, 4, 17, 3], [5, 9, 6, 8], [7, 12, 8, 13], [9, 15, 10, 14]]"
12n_0062_45,"[[9, 15, 10, 14], [20, 12, 21, 11], [13, 6, 14, 7], [2, 16, 3, 15], [22, 17, 23, 18], [24, 19, 1, 20], [10, 22, 11, 21], [18, 23, 19, 24], [4, 2, 5, 1], [16, 4, 17, 3], [5, 9, 6, 8], [7, 12, 8, 13]]"
12n_0062_46,"[[7, 12, 8, 13], [9, 15, 10, 14], [20, 12, 21, 11], [13, 6, 14, 7], [2, 16, 3, 15], [22, 17, 23, 18], [24, 19, 1, 20], [10, 22, 11, 21], [18, 23, 19, 24], [4, 2, 5, 1], [16, 4, 17, 3], [5, 9, 6, 8]]"
12n_0062_47,"[[5, 9, 6, 8], [7, 12, 8, 13], [9, 15, 10, 14], [20, 12, 21, 11], [13, 6, 14, 7], [2, 16, 3, 15], [22, 17, 23, 18], [24, 19, 1, 20], [10, 22, 11, 21], [18, 23, 19, 24], [4, 2, 5, 1], [16, 4, 17, 3]]"
12n_0062_48,"[[17, 5, 18, 4], [6, 10, 7, 9], [8, 13, 9, 14], [10, 16, 11, 15], [21, 13, 22, 12], [14, 7, 15, 8], [3, 17, 4, 16], [23, 18, 24, 19], [1, 20, 2, 21], [11, 23, 12, 22], [19, 24, 20, 1], [5, 3, 6, 2]]"
12n_0062_49,"[[5, 3, 6, 2], [17, 5, 18, 4], [6, 10, 7, 9], [8, 13, 9, 14], [10, 16, 11, 15], [21, 13, 22, 12], [14, 7, 15, 8], [3, 17, 4, 16], [23, 18, 24, 19], [1, 20, 2, 21], [11, 23, 12, 22], [19, 24, 20, 1]]"
12n_0062_50,"[[19, 24, 20, 1], [5, 3, 6, 2], [17, 5, 18, 4], [6, 10, 7, 9], [8, 13, 9, 14], [10, 16, 11, 15], [21, 13, 22, 12], [14, 7, 15, 8], [3, 17, 4, 16], [23, 18, 24, 19], [1, 20, 2, 21], [11, 23, 12, 22]]"
12n_0062_51,"[[11, 23, 12, 22], [19, 24, 20, 1], [5, 3, 6, 2], [17, 5, 18, 4], [6, 10, 7, 9], [8, 13, 9, 14], [10, 16, 11, 15], [21, 13, 22, 12], [14, 7, 15, 8], [3, 17, 4, 16], [23, 18, 24, 19], [1, 20, 2, 21]]"
12n_0062_52,"[[1, 20, 2, 21], [11, 23, 12, 22], [19, 24, 20, 1], [5, 3, 6, 2], [17, 5, 18, 4], [6, 10, 7, 9], [8, 13, 9, 14], [10, 16, 11, 15], [21, 13, 22, 12], [14, 7, 15, 8], [3, 17, 4, 16], [23, 18, 24, 19]]"
12n_0062_53,"[[23, 18, 24, 19], [1, 20, 2, 21], [11, 23, 12, 22], [19, 24, 20, 1], [5, 3, 6, 2], [17, 5, 18, 4], [6, 10, 7, 9], [8, 13, 9, 14], [10, 16, 11, 15], [21, 13, 22, 12], [14, 7, 15, 8], [3, 17, 4, 16]]"
12n_0062_54,"[[3, 17, 4, 16], [23, 18, 24, 19], [1, 20, 2, 21], [11, 23, 12, 22], [19, 24, 20, 1], [5, 3, 6, 2], [17, 5, 18, 4], [6, 10, 7, 9], [8, 13, 9, 14], [10, 16, 11, 15], [21, 13, 22, 12], [14, 7, 15, 8]]"
12n_0062_55,"[[14, 7, 15, 8], [3, 17, 4, 16], [23, 18, 24, 19], [1, 20, 2, 21], [11, 23, 12, 22], [19, 24, 20, 1], [5, 3, 6, 2], [17, 5, 18, 4], [6, 10, 7, 9], [8, 13, 9, 14], [10, 16, 11, 15], [21, 13, 22, 12]]"
12n_0062_56,"[[21, 13, 22, 12], [14, 7, 15, 8], [3, 17, 4, 16], [23, 18, 24, 19], [1, 20, 2, 21], [11, 23, 12, 22], [19, 24, 20, 1], [5, 3, 6, 2], [17, 5, 18, 4], [6, 10, 7, 9], [8, 13, 9, 14], [10, 16, 11, 15]]"
12n_0062_57,"[[10, 16, 11, 15], [21, 13, 22, 12], [14, 7, 15, 8], [3, 17, 4, 16], [23, 18, 24, 19], [1, 20, 2, 21], [11, 23, 12, 22], [19, 24, 20, 1], [5, 3, 6, 2], [17, 5, 18, 4], [6, 10, 7, 9], [8, 13, 9, 14]]"
12n_0062_58,"[[8, 13, 9, 14], [10, 16, 11, 15], [21, 13, 22, 12], [14, 7, 15, 8], [3, 17, 4, 16], [23, 18, 24, 19], [1, 20, 2, 21], [11, 23, 12, 22], [19, 24, 20, 1], [5, 3, 6, 2], [17, 5, 18, 4], [6, 10, 7, 9]]"
12n_0062_59,"[[6, 10, 7, 9], [8, 13, 9, 14], [10, 16, 11, 15], [21, 13, 22, 12], [14, 7, 15, 8], [3, 17, 4, 16], [23, 18, 24, 19], [1, 20, 2, 21], [11, 23, 12, 22], [19, 24, 20, 1], [5, 3, 6, 2], [17, 5, 18, 4]]"
12n_0062_60,"[[18, 6, 19, 5], [7, 11, 8, 10], [9, 14, 10, 15], [11, 17, 12, 16], [22, 14, 23, 13], [15, 8, 16, 9], [4, 18, 5, 17], [24, 19, 1, 20], [2, 21, 3, 22], [12, 24, 13, 23], [20, 1, 21, 2], [6, 4, 7, 3]]"
12n_0062_61,"[[6, 4, 7, 3], [18, 6, 19, 5], [7, 11, 8, 10], [9, 14, 10, 15], [11, 17, 12, 16], [22, 14, 23, 13], [15, 8, 16, 9], [4, 18, 5, 17], [24, 19, 1, 20], [2, 21, 3, 22], [12, 24, 13, 23], [20, 1, 21, 2]]"
12n_0062_62,"[[20, 1, 21, 2], [6, 4, 7, 3], [18, 6, 19, 5], [7, 11, 8, 10], [9, 14, 10, 15], [11, 17, 12, 16], [22, 14, 23, 13], [15, 8, 16, 9], [4, 18, 5, 17], [24, 19, 1, 20], [2, 21, 3, 22], [12, 24, 13, 23]]"
12n_0062_63,"[[12, 24, 13, 23], [20, 1, 21, 2], [6, 4, 7, 3], [18, 6, 19, 5], [7, 11, 8, 10], [9, 14, 10, 15], [11, 17, 12, 16], [22, 14, 23, 13], [15, 8, 16, 9], [4, 18, 5, 17], [24, 19, 1, 20], [2, 21, 3, 22]]"
12n_0062_64,"[[2, 21, 3, 22], [12, 24, 13, 23], [20, 1, 21, 2], [6, 4, 7, 3], [18, 6, 19, 5], [7, 11, 8, 10], [9, 14, 10, 15], [11, 17, 12, 16], [22, 14, 23, 13], [15, 8, 16, 9], [4, 18, 5, 17], [24, 19, 1, 20]]"
12n_0062_65,"[[24, 19, 1, 20], [2, 21, 3, 22], [12, 24, 13, 23], [20, 1, 21, 2], [6, 4, 7, 3], [18, 6, 19, 5], [7, 11, 8, 10], [9, 14, 10, 15], [11, 17, 12, 16], [22, 14, 23, 13], [15, 8, 16, 9], [4, 18, 5, 17]]"
12n_0062_66,"[[4, 18, 5, 17], [24, 19, 1, 20], [2, 21, 3, 22], [12, 24, 13, 23], [20, 1, 21, 2], [6, 4, 7, 3], [18, 6, 19, 5], [7, 11, 8, 10], [9, 14, 10, 15], [11, 17, 12, 16], [22, 14, 23, 13], [15, 8, 16, 9]]"
12n_0062_67,"[[15, 8, 16, 9], [4, 18, 5, 17], [24, 19, 1, 20], [2, 21, 3, 22], [12, 24, 13, 23], [20, 1, 21, 2], [6, 4, 7, 3], [18, 6, 19, 5], [7, 11, 8, 10], [9, 14, 10, 15], [11, 17, 12, 16], [22, 14, 23, 13]]"
12n_0062_68,"[[22, 14, 23, 13], [15, 8, 16, 9], [4, 18, 5, 17], [24, 19, 1, 20], [2, 21, 3, 22], [12, 24, 13, 23], [20, 1, 21, 2], [6, 4, 7, 3], [18, 6, 19, 5], [7, 11, 8, 10], [9, 14, 10, 15], [11, 17, 12, 16]]"
12n_0062_69,"[[11, 17, 12, 16], [22, 14, 23, 13], [15, 8, 16, 9], [4, 18, 5, 17], [24, 19, 1, 20], [2, 21, 3, 22], [12, 24, 13, 23], [20, 1, 21, 2], [6, 4, 7, 3], [18, 6, 19, 5], [7, 11, 8, 10], [9, 14, 10, 15]]"
12n_0062_70,"[[9, 14, 10, 15], [11, 17, 12, 16], [22, 14, 23, 13], [15, 8, 16, 9], [4, 18, 5, 17], [24, 19, 1, 20], [2, 21, 3, 22], [12, 24, 13, 23], [20, 1, 21, 2], [6, 4, 7, 3], [18, 6, 19, 5], [7, 11, 8, 10]]"
12n_0062_71,"[[7, 11, 8, 10], [9, 14, 10, 15], [11, 17, 12, 16], [22, 14, 23, 13], [15, 8, 16, 9], [4, 18, 5, 17], [24, 19, 1, 20], [2, 21, 3, 22], [12, 24, 13, 23], [20, 1, 21, 2], [6, 4, 7, 3], [18, 6, 19, 5]]"
12n_0062_72,"[[19, 7, 20, 6], [8, 12, 9, 11], [10, 15, 11, 16], [12, 18, 13, 17], [23, 15, 24, 14], [16, 9, 17, 10], [5, 19, 6, 18], [1, 20, 2, 21], [3, 22, 4, 23], [13, 1, 14, 24], [21, 2, 22, 3], [7, 5, 8, 4]]"
12n_0062_73,"[[7, 5, 8, 4], [19, 7, 20, 6], [8, 12, 9, 11], [10, 15, 11, 16], [12, 18, 13, 17], [23, 15, 24, 14], [16, 9, 17, 10], [5, 19, 6, 18], [1, 20, 2, 21], [3, 22, 4, 23], [13, 1, 14, 24], [21, 2, 22, 3]]"
12n_0062_74,"[[21, 2, 22, 3], [7, 5, 8, 4], [19, 7, 20, 6], [8, 12, 9, 11], [10, 15, 11, 16], [12, 18, 13, 17], [23, 15, 24, 14], [16, 9, 17, 10], [5, 19, 6, 18], [1, 20, 2, 21], [3, 22, 4, 23], [13, 1, 14, 24]]"
12n_0062_75,"[[13, 1, 14, 24], [21, 2, 22, 3], [7, 5, 8, 4], [19, 7, 20, 6], [8, 12, 9, 11], [10, 15, 11, 16], [12, 18, 13, 17], [23, 15, 24, 14], [16, 9, 17, 10], [5, 19, 6, 18], [1, 20, 2, 21], [3, 22, 4, 23]]"
12n_0062_76,"[[3, 22, 4, 23], [13, 1, 14, 24], [21, 2, 22, 3], [7, 5, 8, 4], [19, 7, 20, 6], [8, 12, 9, 11], [10, 15, 11, 16], [12, 18, 13, 17], [23, 15, 24, 14], [16, 9, 17, 10], [5, 19, 6, 18], [1, 20, 2, 21]]"
12n_0062_77,"[[1, 20, 2, 21], [3, 22, 4, 23], [13, 1, 14, 24], [21, 2, 22, 3], [7, 5, 8, 4], [19, 7, 20, 6], [8, 12, 9, 11], [10, 15, 11, 16], [12, 18, 13, 17], [23, 15, 24, 14], [16, 9, 17, 10], [5, 19, 6, 18]]"
12n_0062_78,"[[5, 19, 6, 18], [1, 20, 2, 21], [3, 22, 4, 23], [13, 1, 14, 24], [21, 2, 22, 3], [7, 5, 8, 4], [19, 7, 20, 6], [8, 12, 9, 11], [10, 15, 11, 16], [12, 18, 13, 17], [23, 15, 24, 14], [16, 9, 17, 10]]"
12n_0062_79,"[[16, 9, 17, 10], [5, 19, 6, 18], [1, 20, 2, 21], [3, 22, 4, 23], [13, 1, 14, 24], [21, 2, 22, 3], [7, 5, 8, 4], [19, 7, 20, 6], [8, 12, 9, 11], [10, 15, 11, 16], [12, 18, 13, 17], [23, 15, 24, 14]]"
12n_0062_80,"[[23, 15, 24, 14], [16, 9, 17, 10], [5, 19, 6, 18], [1, 20, 2, 21], [3, 22, 4, 23], [13, 1, 14, 24], [21, 2, 22, 3], [7, 5, 8, 4], [19, 7, 20, 6], [8, 12, 9, 11], [10, 15, 11, 16], [12, 18, 13, 17]]"
12n_0062_81,"[[12, 18, 13, 17], [23, 15, 24, 14], [16, 9, 17, 10], [5, 19, 6, 18], [1, 20, 2, 21], [3, 22, 4, 23], [13, 1, 14, 24], [21, 2, 22, 3], [7, 5, 8, 4], [19, 7, 20, 6], [8, 12, 9, 11], [10, 15, 11, 16]]"
12n_0062_82,"[[10, 15, 11, 16], [12, 18, 13, 17], [23, 15, 24, 14], [16, 9, 17, 10], [5, 19, 6, 18], [1, 20, 2, 21], [3, 22, 4, 23], [13, 1, 14, 24], [21, 2, 22, 3], [7, 5, 8, 4], [19, 7, 20, 6], [8, 12, 9, 11]]"
12n_0062_83,"[[8, 12, 9, 11], [10, 15, 11, 16], [12, 18, 13, 17], [23, 15, 24, 14], [16, 9, 17, 10], [5, 19, 6, 18], [1, 20, 2, 21], [3, 22, 4, 23], [13, 1, 14, 24], [21, 2, 22, 3], [7, 5, 8, 4], [19, 7, 20, 6]]"
12n_0062_84,"[[20, 8, 21, 7], [9, 13, 10, 12], [11, 16, 12, 17], [13, 19, 14, 18], [24, 16, 1, 15], [17, 10, 18, 11], [6, 20, 7, 19], [2, 21, 3, 22], [4, 23, 5, 24], [14, 2, 15, 1], [22, 3, 23, 4], [8, 6, 9, 5]]"
12n_0062_85,"[[8, 6, 9, 5], [20, 8, 21, 7], [9, 13, 10, 12], [11, 16, 12, 17], [13, 19, 14, 18], [24, 16, 1, 15], [17, 10, 18, 11], [6, 20, 7, 19], [2, 21, 3, 22], [4, 23, 5, 24], [14, 2, 15, 1], [22, 3, 23, 4]]"
12n_0062_86,"[[22, 3, 23, 4], [8, 6, 9, 5], [20, 8, 21, 7], [9, 13, 10, 12], [11, 16, 12, 17], [13, 19, 14, 18], [24, 16, 1, 15], [17, 10, 18, 11], [6, 20, 7, 19], [2, 21, 3, 22], [4, 23, 5, 24], [14, 2, 15, 1]]"
12n_0062_87,"[[14, 2, 15, 1], [22, 3, 23, 4], [8, 6, 9, 5], [20, 8, 21, 7], [9, 13, 10, 12], [11, 16, 12, 17], [13, 19, 14, 18], [24, 16, 1, 15], [17, 10, 18, 11], [6, 20, 7, 19], [2, 21, 3, 22], [4, 23, 5, 24]]"
12n_0062_88,"[[4, 23, 5, 24], [14, 2, 15, 1], [22, 3, 23, 4], [8, 6, 9, 5], [20, 8, 21, 7], [9, 13, 10, 12], [11, 16, 12, 17], [13, 19, 14, 18], [24, 16, 1, 15], [17, 10, 18, 11], [6, 20, 7, 19], [2, 21, 3, 22]]"
12n_0062_89,"[[2, 21, 3, 22], [4, 23, 5, 24], [14, 2, 15, 1], [22, 3, 23, 4], [8, 6, 9, 5], [20, 8, 21, 7], [9, 13, 10, 12], [11, 16, 12, 17], [13, 19, 14, 18], [24, 16, 1, 15], [17, 10, 18, 11], [6, 20, 7, 19]]"
12n_0062_90,"[[6, 20, 7, 19], [2, 21, 3, 22], [4, 23, 5, 24], [14, 2, 15, 1], [22, 3, 23, 4], [8, 6, 9, 5], [20, 8, 21, 7], [9, 13, 10, 12], [11, 16, 12, 17], [13, 19, 14, 18], [24, 16, 1, 15], [17, 10, 18, 11]]"
12n_0062_91,"[[17, 10, 18, 11], [6, 20, 7, 19], [2, 21, 3, 22], [4, 23, 5, 24], [14, 2, 15, 1], [22, 3, 23, 4], [8, 6, 9, 5], [20, 8, 21, 7], [9, 13, 10, 12], [11, 16, 12, 17], [13, 19, 14, 18], [24, 16, 1, 15]]"
12n_0062_92,"[[24, 16, 1, 15], [17, 10, 18, 11], [6, 20, 7, 19], [2, 21, 3, 22], [4, 23, 5, 24], [14, 2, 15, 1], [22, 3, 23, 4], [8, 6, 9, 5], [20, 8, 21, 7], [9, 13, 10, 12], [11, 16, 12, 17], [13, 19, 14, 18]]"
12n_0062_93,"[[13, 19, 14, 18], [24, 16, 1, 15], [17, 10, 18, 11], [6, 20, 7, 19], [2, 21, 3, 22], [4, 23, 5, 24], [14, 2, 15, 1], [22, 3, 23, 4], [8, 6, 9, 5], [20, 8, 21, 7], [9, 13, 10, 12], [11, 16, 12, 17]]"
12n_0062_94,"[[11, 16, 12, 17], [13, 19, 14, 18], [24, 16, 1, 15], [17, 10, 18, 11], [6, 20, 7, 19], [2, 21, 3, 22], [4, 23, 5, 24], [14, 2, 15, 1], [22, 3, 23, 4], [8, 6, 9, 5], [20, 8, 21, 7], [9, 13, 10, 12]]"
12n_0062_95,"[[9, 13, 10, 12], [11, 16, 12, 17], [13, 19, 14, 18], [24, 16, 1, 15], [17, 10, 18, 11], [6, 20, 7, 19], [2, 21, 3, 22], [4, 23, 5, 24], [14, 2, 15, 1], [22, 3, 23, 4], [8, 6, 9, 5], [20, 8, 21, 7]]"
12n_0062_96,"[[21, 9, 22, 8], [10, 14, 11, 13], [12, 17, 13, 18], [14, 20, 15, 19], [1, 17, 2, 16], [18, 11, 19, 12], [7, 21, 8, 20], [3, 22, 4, 23], [5, 24, 6, 1], [15, 3, 16, 2], [23, 4, 24, 5], [9, 7, 10, 6]]"
12n_0062_97,"[[9, 7, 10, 6], [21, 9, 22, 8], [10, 14, 11, 13], [12, 17, 13, 18], [14, 20, 15, 19], [1, 17, 2, 16], [18, 11, 19, 12], [7, 21, 8, 20], [3, 22, 4, 23], [5, 24, 6, 1], [15, 3, 16, 2], [23, 4, 24, 5]]"
12n_0062_98,"[[23, 4, 24, 5], [9, 7, 10, 6], [21, 9, 22, 8], [10, 14, 11, 13], [12, 17, 13, 18], [14, 20, 15, 19], [1, 17, 2, 16], [18, 11, 19, 12], [7, 21, 8, 20], [3, 22, 4, 23], [5, 24, 6, 1], [15, 3, 16, 2]]"
12n_0062_99,"[[15, 3, 16, 2], [23, 4, 24, 5], [9, 7, 10, 6], [21, 9, 22, 8], [10, 14, 11, 13], [12, 17, 13, 18], [14, 20, 15, 19], [1, 17, 2, 16], [18, 11, 19, 12], [7, 21, 8, 20], [3, 22, 4, 23], [5, 24, 6, 1]]"
12n_0062_100,"[[5, 24, 6, 1], [15, 3, 16, 2], [23, 4, 24, 5], [9, 7, 10, 6], [21, 9, 22, 8], [10, 14, 11, 13], [12, 17, 13, 18], [14, 20, 15, 19], [1, 17, 2, 16], [18, 11, 19, 12], [7, 21, 8, 20], [3, 22, 4, 23]]"
12n_0062_101,"[[3, 22, 4, 23], [5, 24, 6, 1], [15, 3, 16, 2], [23, 4, 24, 5], [9, 7, 10, 6], [21, 9, 22, 8], [10, 14, 11, 13], [12, 17, 13, 18], [14, 20, 15, 19], [1, 17, 2, 16], [18, 11, 19, 12], [7, 21, 8, 20]]"
12n_0062_102,"[[7, 21, 8, 20], [3, 22, 4, 23], [5, 24, 6, 1], [15, 3, 16, 2], [23, 4, 24, 5], [9, 7, 10, 6], [21, 9, 22, 8], [10, 14, 11, 13], [12, 17, 13, 18], [14, 20, 15, 19], [1, 17, 2, 16], [18, 11, 19, 12]]"
12n_0062_103,"[[18, 11, 19, 12], [7, 21, 8, 20], [3, 22, 4, 23], [5, 24, 6, 1], [15, 3, 16, 2], [23, 4, 24, 5], [9, 7, 10, 6], [21, 9, 22, 8], [10, 14, 11, 13], [12, 17, 13, 18], [14, 20, 15, 19], [1, 17, 2, 16]]"
12n_0062_104,"[[1, 17, 2, 16], [18, 11, 19, 12], [7, 21, 8, 20], [3, 22, 4, 23], [5, 24, 6, 1], [15, 3, 16, 2], [23, 4, 24, 5], [9, 7, 10, 6], [21, 9, 22, 8], [10, 14, 11, 13], [12, 17, 13, 18], [14, 20, 15, 19]]"
12n_0062_105,"[[14, 20, 15, 19], [1, 17, 2, 16], [18, 11, 19, 12], [7, 21, 8, 20], [3, 22, 4, 23], [5, 24, 6, 1], [15, 3, 16, 2], [23, 4, 24, 5], [9, 7, 10, 6], [21, 9, 22, 8], [10, 14, 11, 13], [12, 17, 13, 18]]"
12n_0062_106,"[[12, 17, 13, 18], [14, 20, 15, 19], [1, 17, 2, 16], [18, 11, 19, 12], [7, 21, 8, 20], [3, 22, 4, 23], [5, 24, 6, 1], [15, 3, 16, 2], [23, 4, 24, 5], [9, 7, 10, 6], [21, 9, 22, 8], [10, 14, 11, 13]]"
12n_0062_107,"[[10, 14, 11, 13], [12, 17, 13, 18], [14, 20, 15, 19], [1, 17, 2, 16], [18, 11, 19, 12], [7, 21, 8, 20], [3, 22, 4, 23], [5, 24, 6, 1], [15, 3, 16, 2], [23, 4, 24, 5], [9, 7, 10, 6], [21, 9, 22, 8]]"
12n_0062_108,"[[22, 10, 23, 9], [11, 15, 12, 14], [13, 18, 14, 19], [15, 21, 16, 20], [2, 18, 3, 17], [19, 12, 20, 13], [8, 22, 9, 21], [4, 23, 5, 24], [6, 1, 7, 2], [16, 4, 17, 3], [24, 5, 1, 6], [10, 8, 11, 7]]"
12n_0062_109,"[[10, 8, 11, 7], [22, 10, 23, 9], [11, 15, 12, 14], [13, 18, 14, 19], [15, 21, 16, 20], [2, 18, 3, 17], [19, 12, 20, 13], [8, 22, 9, 21], [4, 23, 5, 24], [6, 1, 7, 2], [16, 4, 17, 3], [24, 5, 1, 6]]"
12n_0062_110,"[[24, 5, 1, 6], [10, 8, 11, 7], [22, 10, 23, 9], [11, 15, 12, 14], [13, 18, 14, 19], [15, 21, 16, 20], [2, 18, 3, 17], [19, 12, 20, 13], [8, 22, 9, 21], [4, 23, 5, 24], [6, 1, 7, 2], [16, 4, 17, 3]]"
12n_0062_111,"[[16, 4, 17, 3], [24, 5, 1, 6], [10, 8, 11, 7], [22, 10, 23, 9], [11, 15, 12, 14], [13, 18, 14, 19], [15, 21, 16, 20], [2, 18, 3, 17], [19, 12, 20, 13], [8, 22, 9, 21], [4, 23, 5, 24], [6, 1, 7, 2]]"
12n_0062_112,"[[6, 1, 7, 2], [16, 4, 17, 3], [24, 5, 1, 6], [10, 8, 11, 7], [22, 10, 23, 9], [11, 15, 12, 14], [13, 18, 14, 19], [15, 21, 16, 20], [2, 18, 3, 17], [19, 12, 20, 13], [8, 22, 9, 21], [4, 23, 5, 24]]"
12n_0062_113,"[[4, 23, 5, 24], [6, 1, 7, 2], [16, 4, 17, 3], [24, 5, 1, 6], [10, 8, 11, 7], [22, 10, 23, 9], [11, 15, 12, 14], [13, 18, 14, 19], [15, 21, 16, 20], [2, 18, 3, 17], [19, 12, 20, 13], [8, 22, 9, 21]]"
12n_0062_114,"[[8, 22, 9, 21], [4, 23, 5, 24], [6, 1, 7, 2], [16, 4, 17, 3], [24, 5, 1, 6], [10, 8, 11, 7], [22, 10, 23, 9], [11, 15, 12, 14], [13, 18, 14, 19], [15, 21, 16, 20], [2, 18, 3, 17], [19, 12, 20, 13]]"
12n_0062_115,"[[19, 12, 20, 13], [8, 22, 9, 21], [4, 23, 5, 24], [6, 1, 7, 2], [16, 4, 17, 3], [24, 5, 1, 6], [10, 8, 11, 7], [22, 10, 23, 9], [11, 15, 12, 14], [13, 18, 14, 19], [15, 21, 16, 20], [2, 18, 3, 17]]"
12n_0062_116,"[[2, 18, 3, 17], [19, 12, 20, 13], [8, 22, 9, 21], [4, 23, 5, 24], [6, 1, 7, 2], [16, 4, 17, 3], [24, 5, 1, 6], [10, 8, 11, 7], [22, 10, 23, 9], [11, 15, 12, 14], [13, 18, 14, 19], [15, 21, 16, 20]]"
12n_0062_117,"[[15, 21, 16, 20], [2, 18, 3, 17], [19, 12, 20, 13], [8, 22, 9, 21], [4, 23, 5, 24], [6, 1, 7, 2], [16, 4, 17, 3], [24, 5, 1, 6], [10, 8, 11, 7], [22, 10, 23, 9], [11, 15, 12, 14], [13, 18, 14, 19]]"
12n_0062_118,"[[13, 18, 14, 19], [15, 21, 16, 20], [2, 18, 3, 17], [19, 12, 20, 13], [8, 22, 9, 21], [4, 23, 5, 24], [6, 1, 7, 2], [16, 4, 17, 3], [24, 5, 1, 6], [10, 8, 11, 7], [22, 10, 23, 9], [11, 15, 12, 14]]"
12n_0062_119,"[[11, 15, 12, 14], [13, 18, 14, 19], [15, 21, 16, 20], [2, 18, 3, 17], [19, 12, 20, 13], [8, 22, 9, 21], [4, 23, 5, 24], [6, 1, 7, 2], [16, 4, 17, 3], [24, 5, 1, 6], [10, 8, 11, 7], [22, 10, 23, 9]]"
12n_0062_120,"[[23, 11, 24, 10], [12, 16, 13, 15], [14, 19, 15, 20], [16, 22, 17, 21], [3, 19, 4, 18], [20, 13, 21, 14], [9, 23, 10, 22], [5, 24, 6, 1], [7, 2, 8, 3], [17, 5, 18, 4], [1, 6, 2, 7], [11, 9, 12, 8]]"
12n_0062_121,"[[11, 9, 12, 8], [23, 11, 24, 10], [12, 16, 13, 15], [14, 19, 15, 20], [16, 22, 17, 21], [3, 19, 4, 18], [20, 13, 21, 14], [9, 23, 10, 22], [5, 24, 6, 1], [7, 2, 8, 3], [17, 5, 18, 4], [1, 6, 2, 7]]"
12n_0062_122,"[[1, 6, 2, 7], [11, 9, 12, 8], [23, 11, 24, 10], [12, 16, 13, 15], [14, 19, 15, 20], [16, 22, 17, 21], [3, 19, 4, 18], [20, 13, 21, 14], [9, 23, 10, 22], [5, 24, 6, 1], [7, 2, 8, 3], [17, 5, 18, 4]]"
12n_0062_123,"[[17, 5, 18, 4], [1, 6, 2, 7], [11, 9, 12, 8], [23, 11, 24, 10], [12, 16, 13, 15], [14, 19, 15, 20], [16, 22, 17, 21], [3, 19, 4, 18], [20, 13, 21, 14], [9, 23, 10, 22], [5, 24, 6, 1], [7, 2, 8, 3]]"
12n_0062_124,"[[7, 2, 8, 3], [17, 5, 18, 4], [1, 6, 2, 7], [11, 9, 12, 8], [23, 11, 24, 10], [12, 16, 13, 15], [14, 19, 15, 20], [16, 22, 17, 21], [3, 19, 4, 18], [20, 13, 21, 14], [9, 23, 10, 22], [5, 24, 6, 1]]"
12n_0062_125,"[[5, 24, 6, 1], [7, 2, 8, 3], [17, 5, 18, 4], [1, 6, 2, 7], [11, 9, 12, 8], [23, 11, 24, 10], [12, 16, 13, 15], [14, 19, 15, 20], [16, 22, 17, 21], [3, 19, 4, 18], [20, 13, 21, 14], [9, 23, 10, 22]]"
12n_0062_126,"[[9, 23, 10, 22], [5, 24, 6, 1], [7, 2, 8, 3], [17, 5, 18, 4], [1, 6, 2, 7], [11, 9, 12, 8], [23, 11, 24, 10], [12, 16, 13, 15], [14, 19, 15, 20], [16, 22, 17, 21], [3, 19, 4, 18], [20, 13, 21, 14]]"
12n_0062_127,"[[20, 13, 21, 14], [9, 23, 10, 22], [5, 24, 6, 1], [7, 2, 8, 3], [17, 5, 18, 4], [1, 6, 2, 7], [11, 9, 12, 8], [23, 11, 24, 10], [12, 16, 13, 15], [14, 19, 15, 20], [16, 22, 17, 21], [3, 19, 4, 18]]"
12n_0062_128,"[[3, 19, 4, 18], [20, 13, 21, 14], [9, 23, 10, 22], [5, 24, 6, 1], [7, 2, 8, 3], [17, 5, 18, 4], [1, 6, 2, 7], [11, 9, 12, 8], [23, 11, 24, 10], [12, 16, 13, 15], [14, 19, 15, 20], [16, 22, 17, 21]]"
12n_0062_129,"[[16, 22, 17, 21], [3, 19, 4, 18], [20, 13, 21, 14], [9, 23, 10, 22], [5, 24, 6, 1], [7, 2, 8, 3], [17, 5, 18, 4], [1, 6, 2, 7], [11, 9, 12, 8], [23, 11, 24, 10], [12, 16, 13, 15], [14, 19, 15, 20]]"
12n_0062_130,"[[14, 19, 15, 20], [16, 22, 17, 21], [3, 19, 4, 18], [20, 13, 21, 14], [9, 23, 10, 22], [5, 24, 6, 1], [7, 2, 8, 3], [17, 5, 18, 4], [1, 6, 2, 7], [11, 9, 12, 8], [23, 11, 24, 10], [12, 16, 13, 15]]"
12n_0062_131,"[[12, 16, 13, 15], [14, 19, 15, 20], [16, 22, 17, 21], [3, 19, 4, 18], [20, 13, 21, 14], [9, 23, 10, 22], [5, 24, 6, 1], [7, 2, 8, 3], [17, 5, 18, 4], [1, 6, 2, 7], [11, 9, 12, 8], [23, 11, 24, 10]]"
12n_0062_132,"[[24, 12, 1, 11], [13, 17, 14, 16], [15, 20, 16, 21], [17, 23, 18, 22], [4, 20, 5, 19], [21, 14, 22, 15], [10, 24, 11, 23], [6, 1, 7, 2], [8, 3, 9, 4], [18, 6, 19, 5], [2, 7, 3, 8], [12, 10, 13, 9]]"
12n_0062_133,"[[12, 10, 13, 9], [24, 12, 1, 11], [13, 17, 14, 16], [15, 20, 16, 21], [17, 23, 18, 22], [4, 20, 5, 19], [21, 14, 22, 15], [10, 24, 11, 23], [6, 1, 7, 2], [8, 3, 9, 4], [18, 6, 19, 5], [2, 7, 3, 8]]"
12n_0062_134,"[[2, 7, 3, 8], [12, 10, 13, 9], [24, 12, 1, 11], [13, 17, 14, 16], [15, 20, 16, 21], [17, 23, 18, 22], [4, 20, 5, 19], [21, 14, 22, 15], [10, 24, 11, 23], [6, 1, 7, 2], [8, 3, 9, 4], [18, 6, 19, 5]]"
12n_0062_135,"[[18, 6, 19, 5], [2, 7, 3, 8], [12, 10, 13, 9], [24, 12, 1, 11], [13, 17, 14, 16], [15, 20, 16, 21], [17, 23, 18, 22], [4, 20, 5, 19], [21, 14, 22, 15], [10, 24, 11, 23], [6, 1, 7, 2], [8, 3, 9, 4]]"
12n_0062_136,"[[8, 3, 9, 4], [18, 6, 19, 5], [2, 7, 3, 8], [12, 10, 13, 9], [24, 12, 1, 11], [13, 17, 14, 16], [15, 20, 16, 21], [17, 23, 18, 22], [4, 20, 5, 19], [21, 14, 22, 15], [10, 24, 11, 23], [6, 1, 7, 2]]"
12n_0062_137,"[[6, 1, 7, 2], [8, 3, 9, 4], [18, 6, 19, 5], [2, 7, 3, 8], [12, 10, 13, 9], [24, 12, 1, 11], [13, 17, 14, 16], [15, 20, 16, 21], [17, 23, 18, 22], [4, 20, 5, 19], [21, 14, 22, 15], [10, 24, 11, 23]]"
12n_0062_138,"[[10, 24, 11, 23], [6, 1, 7, 2], [8, 3, 9, 4], [18, 6, 19, 5], [2, 7, 3, 8], [12, 10, 13, 9], [24, 12, 1, 11], [13, 17, 14, 16], [15, 20, 16, 21], [17, 23, 18, 22], [4, 20, 5, 19], [21, 14, 22, 15]]"
12n_0062_139,"[[21, 14, 22, 15], [10, 24, 11, 23], [6, 1, 7, 2], [8, 3, 9, 4], [18, 6, 19, 5], [2, 7, 3, 8], [12, 10, 13, 9], [24, 12, 1, 11], [13, 17, 14, 16], [15, 20, 16, 21], [17, 23, 18, 22], [4, 20, 5, 19]]"
12n_0062_140,"[[4, 20, 5, 19], [21, 14, 22, 15], [10, 24, 11, 23], [6, 1, 7, 2], [8, 3, 9, 4], [18, 6, 19, 5], [2, 7, 3, 8], [12, 10, 13, 9], [24, 12, 1, 11], [13, 17, 14, 16], [15, 20, 16, 21], [17, 23, 18, 22]]"
12n_0062_141,"[[17, 23, 18, 22], [4, 20, 5, 19], [21, 14, 22, 15], [10, 24, 11, 23], [6, 1, 7, 2], [8, 3, 9, 4], [18, 6, 19, 5], [2, 7, 3, 8], [12, 10, 13, 9], [24, 12, 1, 11], [13, 17, 14, 16], [15, 20, 16, 21]]"
12n_0062_142,"[[15, 20, 16, 21], [17, 23, 18, 22], [4, 20, 5, 19], [21, 14, 22, 15], [10, 24, 11, 23], [6, 1, 7, 2], [8, 3, 9, 4], [18, 6, 19, 5], [2, 7, 3, 8], [12, 10, 13, 9], [24, 12, 1, 11], [13, 17, 14, 16]]"
12n_0062_143,"[[13, 17, 14, 16], [15, 20, 16, 21], [17, 23, 18, 22], [4, 20, 5, 19], [21, 14, 22, 15], [10, 24, 11, 23], [6, 1, 7, 2], [8, 3, 9, 4], [18, 6, 19, 5], [2, 7, 3, 8], [12, 10, 13, 9], [24, 12, 1, 11]]"
12n_0062_144,"[[1, 13, 2, 12], [14, 18, 15, 17], [16, 21, 17, 22], [18, 24, 19, 23], [5, 21, 6, 20], [22, 15, 23, 16], [11, 1, 12, 24], [7, 2, 8, 3], [9, 4, 10, 5], [19, 7, 20, 6], [3, 8, 4, 9], [13, 11, 14, 10]]"
12n_0062_145,"[[13, 11, 14, 10], [1, 13, 2, 12], [14, 18, 15, 17], [16, 21, 17, 22], [18, 24, 19, 23], [5, 21, 6, 20], [22, 15, 23, 16], [11, 1, 12, 24], [7, 2, 8, 3], [9, 4, 10, 5], [19, 7, 20, 6], [3, 8, 4, 9]]"
12n_0062_146,"[[3, 8, 4, 9], [13, 11, 14, 10], [1, 13, 2, 12], [14, 18, 15, 17], [16, 21, 17, 22], [18, 24, 19, 23], [5, 21, 6, 20], [22, 15, 23, 16], [11, 1, 12, 24], [7, 2, 8, 3], [9, 4, 10, 5], [19, 7, 20, 6]]"
12n_0062_147,"[[19, 7, 20, 6], [3, 8, 4, 9], [13, 11, 14, 10], [1, 13, 2, 12], [14, 18, 15, 17], [16, 21, 17, 22], [18, 24, 19, 23], [5, 21, 6, 20], [22, 15, 23, 16], [11, 1, 12, 24], [7, 2, 8, 3], [9, 4, 10, 5]]"
12n_0062_148,"[[9, 4, 10, 5], [19, 7, 20, 6], [3, 8, 4, 9], [13, 11, 14, 10], [1, 13, 2, 12], [14, 18, 15, 17], [16, 21, 17, 22], [18, 24, 19, 23], [5, 21, 6, 20], [22, 15, 23, 16], [11, 1, 12, 24], [7, 2, 8, 3]]"
12n_0062_149,"[[7, 2, 8, 3], [9, 4, 10, 5], [19, 7, 20, 6], [3, 8, 4, 9], [13, 11, 14, 10], [1, 13, 2, 12], [14, 18, 15, 17], [16, 21, 17, 22], [18, 24, 19, 23], [5, 21, 6, 20], [22, 15, 23, 16], [11, 1, 12, 24]]"
12n_0062_150,"[[11, 1, 12, 24], [7, 2, 8, 3], [9, 4, 10, 5], [19, 7, 20, 6], [3, 8, 4, 9], [13, 11, 14, 10], [1, 13, 2, 12], [14, 18, 15, 17], [16, 21, 17, 22], [18, 24, 19, 23], [5, 21, 6, 20], [22, 15, 23, 16]]"
12n_0062_151,"[[22, 15, 23, 16], [11, 1, 12, 24], [7, 2, 8, 3], [9, 4, 10, 5], [19, 7, 20, 6], [3, 8, 4, 9], [13, 11, 14, 10], [1, 13, 2, 12], [14, 18, 15, 17], [16, 21, 17, 22], [18, 24, 19, 23], [5, 21, 6, 20]]"
12n_0062_152,"[[5, 21, 6, 20], [22, 15, 23, 16], [11, 1, 12, 24], [7, 2, 8, 3], [9, 4, 10, 5], [19, 7, 20, 6], [3, 8, 4, 9], [13, 11, 14, 10], [1, 13, 2, 12], [14, 18, 15, 17], [16, 21, 17, 22], [18, 24, 19, 23]]"
12n_0062_153,"[[18, 24, 19, 23], [5, 21, 6, 20], [22, 15, 23, 16], [11, 1, 12, 24], [7, 2, 8, 3], [9, 4, 10, 5], [19, 7, 20, 6], [3, 8, 4, 9], [13, 11, 14, 10], [1, 13, 2, 12], [14, 18, 15, 17], [16, 21, 17, 22]]"
12n_0062_154,"[[16, 21, 17, 22], [18, 24, 19, 23], [5, 21, 6, 20], [22, 15, 23, 16], [11, 1, 12, 24], [7, 2, 8, 3], [9, 4, 10, 5], [19, 7, 20, 6], [3, 8, 4, 9], [13, 11, 14, 10], [1, 13, 2, 12], [14, 18, 15, 17]]"
12n_0062_155,"[[14, 18, 15, 17], [16, 21, 17, 22], [18, 24, 19, 23], [5, 21, 6, 20], [22, 15, 23, 16], [11, 1, 12, 24], [7, 2, 8, 3], [9, 4, 10, 5], [19, 7, 20, 6], [3, 8, 4, 9], [13, 11, 14, 10], [1, 13, 2, 12]]"
12n_0062_156,"[[2, 14, 3, 13], [15, 19, 16, 18], [17, 22, 18, 23], [19, 1, 20, 24], [6, 22, 7, 21], [23, 16, 24, 17], [12, 2, 13, 1], [8, 3, 9, 4], [10, 5, 11, 6], [20, 8, 21, 7], [4, 9, 5, 10], [14, 12, 15, 11]]"
12n_0062_157,"[[14, 12, 15, 11], [2, 14, 3, 13], [15, 19, 16, 18], [17, 22, 18, 23], [19, 1, 20, 24], [6, 22, 7, 21], [23, 16, 24, 17], [12, 2, 13, 1], [8, 3, 9, 4], [10, 5, 11, 6], [20, 8, 21, 7], [4, 9, 5, 10]]"
12n_0062_158,"[[4, 9, 5, 10], [14, 12, 15, 11], [2, 14, 3, 13], [15, 19, 16, 18], [17, 22, 18, 23], [19, 1, 20, 24], [6, 22, 7, 21], [23, 16, 24, 17], [12, 2, 13, 1], [8, 3, 9, 4], [10, 5, 11, 6], [20, 8, 21, 7]]"
12n_0062_159,"[[20, 8, 21, 7], [4, 9, 5, 10], [14, 12, 15, 11], [2, 14, 3, 13], [15, 19, 16, 18], [17, 22, 18, 23], [19, 1, 20, 24], [6, 22, 7, 21], [23, 16, 24, 17], [12, 2, 13, 1], [8, 3, 9, 4], [10, 5, 11, 6]]"
12n_0062_160,"[[10, 5, 11, 6], [20, 8, 21, 7], [4, 9, 5, 10], [14, 12, 15, 11], [2, 14, 3, 13], [15, 19, 16, 18], [17, 22, 18, 23], [19, 1, 20, 24], [6, 22, 7, 21], [23, 16, 24, 17], [12, 2, 13, 1], [8, 3, 9, 4]]"
12n_0062_161,"[[8, 3, 9, 4], [10, 5, 11, 6], [20, 8, 21, 7], [4, 9, 5, 10], [14, 12, 15, 11], [2, 14, 3, 13], [15, 19, 16, 18], [17, 22, 18, 23], [19, 1, 20, 24], [6, 22, 7, 21], [23, 16, 24, 17], [12, 2, 13, 1]]"
12n_0062_162,"[[12, 2, 13, 1], [8, 3, 9, 4], [10, 5, 11, 6], [20, 8, 21, 7], [4, 9, 5, 10], [14, 12, 15, 11], [2, 14, 3, 13], [15, 19, 16, 18], [17, 22, 18, 23], [19, 1, 20, 24], [6, 22, 7, 21], [23, 16, 24, 17]]"
12n_0062_163,"[[23, 16, 24, 17], [12, 2, 13, 1], [8, 3, 9, 4], [10, 5, 11, 6], [20, 8, 21, 7], [4, 9, 5, 10], [14, 12, 15, 11], [2, 14, 3, 13], [15, 19, 16, 18], [17, 22, 18, 23], [19, 1, 20, 24], [6, 22, 7, 21]]"
12n_0062_164,"[[6, 22, 7, 21], [23, 16, 24, 17], [12, 2, 13, 1], [8, 3, 9, 4], [10, 5, 11, 6], [20, 8, 21, 7], [4, 9, 5, 10], [14, 12, 15, 11], [2, 14, 3, 13], [15, 19, 16, 18], [17, 22, 18, 23], [19, 1, 20, 24]]"
12n_0062_165,"[[19, 1, 20, 24], [6, 22, 7, 21], [23, 16, 24, 17], [12, 2, 13, 1], [8, 3, 9, 4], [10, 5, 11, 6], [20, 8, 21, 7], [4, 9, 5, 10], [14, 12, 15, 11], [2, 14, 3, 13], [15, 19, 16, 18], [17, 22, 18, 23]]"
12n_0062_166,"[[17, 22, 18, 23], [19, 1, 20, 24], [6, 22, 7, 21], [23, 16, 24, 17], [12, 2, 13, 1], [8, 3, 9, 4], [10, 5, 11, 6], [20, 8, 21, 7], [4, 9, 5, 10], [14, 12, 15, 11], [2, 14, 3, 13], [15, 19, 16, 18]]"
12n_0062_167,"[[15, 19, 16, 18], [17, 22, 18, 23], [19, 1, 20, 24], [6, 22, 7, 21], [23, 16, 24, 17], [12, 2, 13, 1], [8, 3, 9, 4], [10, 5, 11, 6], [20, 8, 21, 7], [4, 9, 5, 10], [14, 12, 15, 11], [2, 14, 3, 13]]"
12n_0062_168,"[[3, 15, 4, 14], [16, 20, 17, 19], [18, 23, 19, 24], [20, 2, 21, 1], [7, 23, 8, 22], [24, 17, 1, 18], [13, 3, 14, 2], [9, 4, 10, 5], [11, 6, 12, 7], [21, 9, 22, 8], [5, 10, 6, 11], [15, 13, 16, 12]]"
12n_0062_169,"[[15, 13, 16, 12], [3, 15, 4, 14], [16, 20, 17, 19], [18, 23, 19, 24], [20, 2, 21, 1], [7, 23, 8, 22], [24, 17, 1, 18], [13, 3, 14, 2], [9, 4, 10, 5], [11, 6, 12, 7], [21, 9, 22, 8], [5, 10, 6, 11]]"
12n_0062_170,"[[5, 10, 6, 11], [15, 13, 16, 12], [3, 15, 4, 14], [16, 20, 17, 19], [18, 23, 19, 24], [20, 2, 21, 1], [7, 23, 8, 22], [24, 17, 1, 18], [13, 3, 14, 2], [9, 4, 10, 5], [11, 6, 12, 7], [21, 9, 22, 8]]"
12n_0062_171,"[[21, 9, 22, 8], [5, 10, 6, 11], [15, 13, 16, 12], [3, 15, 4, 14], [16, 20, 17, 19], [18, 23, 19, 24], [20, 2, 21, 1], [7, 23, 8, 22], [24, 17, 1, 18], [13, 3, 14, 2], [9, 4, 10, 5], [11, 6, 12, 7]]"
12n_0062_172,"[[11, 6, 12, 7], [21, 9, 22, 8], [5, 10, 6, 11], [15, 13, 16, 12], [3, 15, 4, 14], [16, 20, 17, 19], [18, 23, 19, 24], [20, 2, 21, 1], [7, 23, 8, 22], [24, 17, 1, 18], [13, 3, 14, 2], [9, 4, 10, 5]]"
12n_0062_173,"[[9, 4, 10, 5], [11, 6, 12, 7], [21, 9, 22, 8], [5, 10, 6, 11], [15, 13, 16, 12], [3, 15, 4, 14], [16, 20, 17, 19], [18, 23, 19, 24], [20, 2, 21, 1], [7, 23, 8, 22], [24, 17, 1, 18], [13, 3, 14, 2]]"
12n_0062_174,"[[13, 3, 14, 2], [9, 4, 10, 5], [11, 6, 12, 7], [21, 9, 22, 8], [5, 10, 6, 11], [15, 13, 16, 12], [3, 15, 4, 14], [16, 20, 17, 19], [18, 23, 19, 24], [20, 2, 21, 1], [7, 23, 8, 22], [24, 17, 1, 18]]"
12n_0062_175,"[[24, 17, 1, 18], [13, 3, 14, 2], [9, 4, 10, 5], [11, 6, 12, 7], [21, 9, 22, 8], [5, 10, 6, 11], [15, 13, 16, 12], [3, 15, 4, 14], [16, 20, 17, 19], [18, 23, 19, 24], [20, 2, 21, 1], [7, 23, 8, 22]]"
12n_0062_176,"[[7, 23, 8, 22], [24, 17, 1, 18], [13, 3, 14, 2], [9, 4, 10, 5], [11, 6, 12, 7], [21, 9, 22, 8], [5, 10, 6, 11], [15, 13, 16, 12], [3, 15, 4, 14], [16, 20, 17, 19], [18, 23, 19, 24], [20, 2, 21, 1]]"
12n_0062_177,"[[20, 2, 21, 1], [7, 23, 8, 22], [24, 17, 1, 18], [13, 3, 14, 2], [9, 4, 10, 5], [11, 6, 12, 7], [21, 9, 22, 8], [5, 10, 6, 11], [15, 13, 16, 12], [3, 15, 4, 14], [16, 20, 17, 19], [18, 23, 19, 24]]"
12n_0062_178,"[[18, 23, 19, 24], [20, 2, 21, 1], [7, 23, 8, 22], [24, 17, 1, 18], [13, 3, 14, 2], [9, 4, 10, 5], [11, 6, 12, 7], [21, 9, 22, 8], [5, 10, 6, 11], [15, 13, 16, 12], [3, 15, 4, 14], [16, 20, 17, 19]]"
12n_0062_179,"[[16, 20, 17, 19], [18, 23, 19, 24], [20, 2, 21, 1], [7, 23, 8, 22], [24, 17, 1, 18], [13, 3, 14, 2], [9, 4, 10, 5], [11, 6, 12, 7], [21, 9, 22, 8], [5, 10, 6, 11], [15, 13, 16, 12], [3, 15, 4, 14]]"
12n_0062_180,"[[4, 16, 5, 15], [17, 21, 18, 20], [19, 24, 20, 1], [21, 3, 22, 2], [8, 24, 9, 23], [1, 18, 2, 19], [14, 4, 15, 3], [10, 5, 11, 6], [12, 7, 13, 8], [22, 10, 23, 9], [6, 11, 7, 12], [16, 14, 17, 13]]"
12n_0062_181,"[[16, 14, 17, 13], [4, 16, 5, 15], [17, 21, 18, 20], [19, 24, 20, 1], [21, 3, 22, 2], [8, 24, 9, 23], [1, 18, 2, 19], [14, 4, 15, 3], [10, 5, 11, 6], [12, 7, 13, 8], [22, 10, 23, 9], [6, 11, 7, 12]]"
12n_0062_182,"[[6, 11, 7, 12], [16, 14, 17, 13], [4, 16, 5, 15], [17, 21, 18, 20], [19, 24, 20, 1], [21, 3, 22, 2], [8, 24, 9, 23], [1, 18, 2, 19], [14, 4, 15, 3], [10, 5, 11, 6], [12, 7, 13, 8], [22, 10, 23, 9]]"
12n_0062_183,"[[22, 10, 23, 9], [6, 11, 7, 12], [16, 14, 17, 13], [4, 16, 5, 15], [17, 21, 18, 20], [19, 24, 20, 1], [21, 3, 22, 2], [8, 24, 9, 23], [1, 18, 2, 19], [14, 4, 15, 3], [10, 5, 11, 6], [12, 7, 13, 8]]"
12n_0062_184,"[[12, 7, 13, 8], [22, 10, 23, 9], [6, 11, 7, 12], [16, 14, 17, 13], [4, 16, 5, 15], [17, 21, 18, 20], [19, 24, 20, 1], [21, 3, 22, 2], [8, 24, 9, 23], [1, 18, 2, 19], [14, 4, 15, 3], [10, 5, 11, 6]]"
12n_0062_185,"[[10, 5, 11, 6], [12, 7, 13, 8], [22, 10, 23, 9], [6, 11, 7, 12], [16, 14, 17, 13], [4, 16, 5, 15], [17, 21, 18, 20], [19, 24, 20, 1], [21, 3, 22, 2], [8, 24, 9, 23], [1, 18, 2, 19], [14, 4, 15, 3]]"
