name,pd_notation
12n_0392_0,"[[24, 7, 1, 8], [2, 6, 3, 5], [4, 11, 5, 12], [6, 16, 7, 15], [19, 9, 20, 8], [17, 11, 18, 10], [12, 3, 13, 4], [14, 22, 15, 21], [16, 2, 17, 1], [9, 19, 10, 18], [20, 23, 21, 24], [22, 14, 23, 13]]"
12n_0392_1,"[[22, 14, 23, 13], [24, 7, 1, 8], [2, 6, 3, 5], [4, 11, 5, 12], [6, 16, 7, 15], [19, 9, 20, 8], [17, 11, 18, 10], [12, 3, 13, 4], [14, 22, 15, 21], [16, 2, 17, 1], [9, 19, 10, 18], [20, 23, 21, 24]]"
12n_0392_2,"[[20, 23, 21, 24], [22, 14, 23, 13], [24, 7, 1, 8], [2, 6, 3, 5], [4, 11, 5, 12], [6, 16, 7, 15], [19, 9, 20, 8], [17, 11, 18, 10], [12, 3, 13, 4], [14, 22, 15, 21], [16, 2, 17, 1], [9, 19, 10, 18]]"
12n_0392_3,"[[9, 19, 10, 18], [20, 23, 21, 24], [22, 14, 23, 13], [24, 7, 1, 8], [2, 6, 3, 5], [4, 11, 5, 12], [6, 16, 7, 15], [19, 9, 20, 8], [17, 11, 18, 10], [12, 3, 13, 4], [14, 22, 15, 21], [16, 2, 17, 1]]"
12n_0392_4,"[[16, 2, 17, 1], [9, 19, 10, 18], [20, 23, 21, 24], [22, 14, 23, 13], [24, 7, 1, 8], [2, 6, 3, 5], [4, 11, 5, 12], [6, 16, 7, 15], [19, 9, 20, 8], [17, 11, 18, 10], [12, 3, 13, 4], [14, 22, 15, 21]]"
12n_0392_5,"[[14, 22, 15, 21], [16, 2, 17, 1], [9, 19, 10, 18], [20, 23, 21, 24], [22, 14, 23, 13], [24, 7, 1, 8], [2, 6, 3, 5], [4, 11, 5, 12], [6, 16, 7, 15], [19, 9, 20, 8], [17, 11, 18, 10], [12, 3, 13, 4]]"
12n_0392_6,"[[12, 3, 13, 4], [14, 22, 15, 21], [16, 2, 17, 1], [9, 19, 10, 18], [20, 23, 21, 24], [22, 14, 23, 13], [24, 7, 1, 8], [2, 6, 3, 5], [4, 11, 5, 12], [6, 16, 7, 15], [19, 9, 20, 8], [17, 11, 18, 10]]"
12n_0392_7,"[[17, 11, 18, 10], [12, 3, 13, 4], [14, 22, 15, 21], [16, 2, 17, 1], [9, 19, 10, 18], [20, 23, 21, 24], [22, 14, 23, 13], [24, 7, 1, 8], [2, 6, 3, 5], [4, 11, 5, 12], [6, 16, 7, 15], [19, 9, 20, 8]]"
12n_0392_8,"[[19, 9, 20, 8], [17, 11, 18, 10], [12, 3, 13, 4], [14, 22, 15, 21], [16, 2, 17, 1], [9, 19, 10, 18], [20, 23, 21, 24], [22, 14, 23, 13], [24, 7, 1, 8], [2, 6, 3, 5], [4, 11, 5, 12], [6, 16, 7, 15]]"
12n_0392_9,"[[6, 16, 7, 15], [19, 9, 20, 8], [17, 11, 18, 10], [12, 3, 13, 4], [14, 22, 15, 21], [16, 2, 17, 1], [9, 19, 10, 18], [20, 23, 21, 24], [22, 14, 23, 13], [24, 7, 1, 8], [2, 6, 3, 5], [4, 11, 5, 12]]"
12n_0392_10,"[[4, 11, 5, 12], [6, 16, 7, 15], [19, 9, 20, 8], [17, 11, 18, 10], [12, 3, 13, 4], [14, 22, 15, 21], [16, 2, 17, 1], [9, 19, 10, 18], [20, 23, 21, 24], [22, 14, 23, 13], [24, 7, 1, 8], [2, 6, 3, 5]]"
12n_0392_11,"[[2, 6, 3, 5], [4, 11, 5, 12], [6, 16, 7, 15], [19, 9, 20, 8], [17, 11, 18, 10], [12, 3, 13, 4], [14, 22, 15, 21], [16, 2, 17, 1], [9, 19, 10, 18], [20, 23, 21, 24], [22, 14, 23, 13], [24, 7, 1, 8]]"
12n_0392_12,"[[1, 8, 2, 9], [3, 7, 4, 6], [5, 12, 6, 13], [7, 17, 8, 16], [20, 10, 21, 9], [18, 12, 19, 11], [13, 4, 14, 5], [15, 23, 16, 22], [17, 3, 18, 2], [10, 20, 11, 19], [21, 24, 22, 1], [23, 15, 24, 14]]"
12n_0392_13,"[[23, 15, 24, 14], [1, 8, 2, 9], [3, 7, 4, 6], [5, 12, 6, 13], [7, 17, 8, 16], [20, 10, 21, 9], [18, 12, 19, 11], [13, 4, 14, 5], [15, 23, 16, 22], [17, 3, 18, 2], [10, 20, 11, 19], [21, 24, 22, 1]]"
12n_0392_14,"[[21, 24, 22, 1], [23, 15, 24, 14], [1, 8, 2, 9], [3, 7, 4, 6], [5, 12, 6, 13], [7, 17, 8, 16], [20, 10, 21, 9], [18, 12, 19, 11], [13, 4, 14, 5], [15, 23, 16, 22], [17, 3, 18, 2], [10, 20, 11, 19]]"
12n_0392_15,"[[10, 20, 11, 19], [21, 24, 22, 1], [23, 15, 24, 14], [1, 8, 2, 9], [3, 7, 4, 6], [5, 12, 6, 13], [7, 17, 8, 16], [20, 10, 21, 9], [18, 12, 19, 11], [13, 4, 14, 5], [15, 23, 16, 22], [17, 3, 18, 2]]"
12n_0392_16,"[[17, 3, 18, 2], [10, 20, 11, 19], [21, 24, 22, 1], [23, 15, 24, 14], [1, 8, 2, 9], [3, 7, 4, 6], [5, 12, 6, 13], [7, 17, 8, 16], [20, 10, 21, 9], [18, 12, 19, 11], [13, 4, 14, 5], [15, 23, 16, 22]]"
12n_0392_17,"[[15, 23, 16, 22], [17, 3, 18, 2], [10, 20, 11, 19], [21, 24, 22, 1], [23, 15, 24, 14], [1, 8, 2, 9], [3, 7, 4, 6], [5, 12, 6, 13], [7, 17, 8, 16], [20, 10, 21, 9], [18, 12, 19, 11], [13, 4, 14, 5]]"
12n_0392_18,"[[13, 4, 14, 5], [15, 23, 16, 22], [17, 3, 18, 2], [10, 20, 11, 19], [21, 24, 22, 1], [23, 15, 24, 14], [1, 8, 2, 9], [3, 7, 4, 6], [5, 12, 6, 13], [7, 17, 8, 16], [20, 10, 21, 9], [18, 12, 19, 11]]"
12n_0392_19,"[[18, 12, 19, 11], [13, 4, 14, 5], [15, 23, 16, 22], [17, 3, 18, 2], [10, 20, 11, 19], [21, 24, 22, 1], [23, 15, 24, 14], [1, 8, 2, 9], [3, 7, 4, 6], [5, 12, 6, 13], [7, 17, 8, 16], [20, 10, 21, 9]]"
12n_0392_20,"[[20, 10, 21, 9], [18, 12, 19, 11], [13, 4, 14, 5], [15, 23, 16, 22], [17, 3, 18, 2], [10, 20, 11, 19], [21, 24, 22, 1], [23, 15, 24, 14], [1, 8, 2, 9], [3, 7, 4, 6], [5, 12, 6, 13], [7, 17, 8, 16]]"
12n_0392_21,"[[7, 17, 8, 16], [20, 10, 21, 9], [18, 12, 19, 11], [13, 4, 14, 5], [15, 23, 16, 22], [17, 3, 18, 2], [10, 20, 11, 19], [21, 24, 22, 1], [23, 15, 24, 14], [1, 8, 2, 9], [3, 7, 4, 6], [5, 12, 6, 13]]"
12n_0392_22,"[[5, 12, 6, 13], [7, 17, 8, 16], [20, 10, 21, 9], [18, 12, 19, 11], [13, 4, 14, 5], [15, 23, 16, 22], [17, 3, 18, 2], [10, 20, 11, 19], [21, 24, 22, 1], [23, 15, 24, 14], [1, 8, 2, 9], [3, 7, 4, 6]]"
12n_0392_23,"[[3, 7, 4, 6], [5, 12, 6, 13], [7, 17, 8, 16], [20, 10, 21, 9], [18, 12, 19, 11], [13, 4, 14, 5], [15, 23, 16, 22], [17, 3, 18, 2], [10, 20, 11, 19], [21, 24, 22, 1], [23, 15, 24, 14], [1, 8, 2, 9]]"
12n_0392_24,"[[2, 9, 3, 10], [4, 8, 5, 7], [6, 13, 7, 14], [8, 18, 9, 17], [21, 11, 22, 10], [19, 13, 20, 12], [14, 5, 15, 6], [16, 24, 17, 23], [18, 4, 19, 3], [11, 21, 12, 20], [22, 1, 23, 2], [24, 16, 1, 15]]"
12n_0392_25,"[[24, 16, 1, 15], [2, 9, 3, 10], [4, 8, 5, 7], [6, 13, 7, 14], [8, 18, 9, 17], [21, 11, 22, 10], [19, 13, 20, 12], [14, 5, 15, 6], [16, 24, 17, 23], [18, 4, 19, 3], [11, 21, 12, 20], [22, 1, 23, 2]]"
12n_0392_26,"[[22, 1, 23, 2], [24, 16, 1, 15], [2, 9, 3, 10], [4, 8, 5, 7], [6, 13, 7, 14], [8, 18, 9, 17], [21, 11, 22, 10], [19, 13, 20, 12], [14, 5, 15, 6], [16, 24, 17, 23], [18, 4, 19, 3], [11, 21, 12, 20]]"
12n_0392_27,"[[11, 21, 12, 20], [22, 1, 23, 2], [24, 16, 1, 15], [2, 9, 3, 10], [4, 8, 5, 7], [6, 13, 7, 14], [8, 18, 9, 17], [21, 11, 22, 10], [19, 13, 20, 12], [14, 5, 15, 6], [16, 24, 17, 23], [18, 4, 19, 3]]"
12n_0392_28,"[[18, 4, 19, 3], [11, 21, 12, 20], [22, 1, 23, 2], [24, 16, 1, 15], [2, 9, 3, 10], [4, 8, 5, 7], [6, 13, 7, 14], [8, 18, 9, 17], [21, 11, 22, 10], [19, 13, 20, 12], [14, 5, 15, 6], [16, 24, 17, 23]]"
12n_0392_29,"[[16, 24, 17, 23], [18, 4, 19, 3], [11, 21, 12, 20], [22, 1, 23, 2], [24, 16, 1, 15], [2, 9, 3, 10], [4, 8, 5, 7], [6, 13, 7, 14], [8, 18, 9, 17], [21, 11, 22, 10], [19, 13, 20, 12], [14, 5, 15, 6]]"
12n_0392_30,"[[14, 5, 15, 6], [16, 24, 17, 23], [18, 4, 19, 3], [11, 21, 12, 20], [22, 1, 23, 2], [24, 16, 1, 15], [2, 9, 3, 10], [4, 8, 5, 7], [6, 13, 7, 14], [8, 18, 9, 17], [21, 11, 22, 10], [19, 13, 20, 12]]"
12n_0392_31,"[[19, 13, 20, 12], [14, 5, 15, 6], [16, 24, 17, 23], [18, 4, 19, 3], [11, 21, 12, 20], [22, 1, 23, 2], [24, 16, 1, 15], [2, 9, 3, 10], [4, 8, 5, 7], [6, 13, 7, 14], [8, 18, 9, 17], [21, 11, 22, 10]]"
12n_0392_32,"[[21, 11, 22, 10], [19, 13, 20, 12], [14, 5, 15, 6], [16, 24, 17, 23], [18, 4, 19, 3], [11, 21, 12, 20], [22, 1, 23, 2], [24, 16, 1, 15], [2, 9, 3, 10], [4, 8, 5, 7], [6, 13, 7, 14], [8, 18, 9, 17]]"
12n_0392_33,"[[8, 18, 9, 17], [21, 11, 22, 10], [19, 13, 20, 12], [14, 5, 15, 6], [16, 24, 17, 23], [18, 4, 19, 3], [11, 21, 12, 20], [22, 1, 23, 2], [24, 16, 1, 15], [2, 9, 3, 10], [4, 8, 5, 7], [6, 13, 7, 14]]"
12n_0392_34,"[[6, 13, 7, 14], [8, 18, 9, 17], [21, 11, 22, 10], [19, 13, 20, 12], [14, 5, 15, 6], [16, 24, 17, 23], [18, 4, 19, 3], [11, 21, 12, 20], [22, 1, 23, 2], [24, 16, 1, 15], [2, 9, 3, 10], [4, 8, 5, 7]]"
12n_0392_35,"[[4, 8, 5, 7], [6, 13, 7, 14], [8, 18, 9, 17], [21, 11, 22, 10], [19, 13, 20, 12], [14, 5, 15, 6], [16, 24, 17, 23], [18, 4, 19, 3], [11, 21, 12, 20], [22, 1, 23, 2], [24, 16, 1, 15], [2, 9, 3, 10]]"
12n_0392_36,"[[3, 10, 4, 11], [5, 9, 6, 8], [7, 14, 8, 15], [9, 19, 10, 18], [22, 12, 23, 11], [20, 14, 21, 13], [15, 6, 16, 7], [17, 1, 18, 24], [19, 5, 20, 4], [12, 22, 13, 21], [23, 2, 24, 3], [1, 17, 2, 16]]"
12n_0392_37,"[[1, 17, 2, 16], [3, 10, 4, 11], [5, 9, 6, 8], [7, 14, 8, 15], [9, 19, 10, 18], [22, 12, 23, 11], [20, 14, 21, 13], [15, 6, 16, 7], [17, 1, 18, 24], [19, 5, 20, 4], [12, 22, 13, 21], [23, 2, 24, 3]]"
12n_0392_38,"[[23, 2, 24, 3], [1, 17, 2, 16], [3, 10, 4, 11], [5, 9, 6, 8], [7, 14, 8, 15], [9, 19, 10, 18], [22, 12, 23, 11], [20, 14, 21, 13], [15, 6, 16, 7], [17, 1, 18, 24], [19, 5, 20, 4], [12, 22, 13, 21]]"
12n_0392_39,"[[12, 22, 13, 21], [23, 2, 24, 3], [1, 17, 2, 16], [3, 10, 4, 11], [5, 9, 6, 8], [7, 14, 8, 15], [9, 19, 10, 18], [22, 12, 23, 11], [20, 14, 21, 13], [15, 6, 16, 7], [17, 1, 18, 24], [19, 5, 20, 4]]"
12n_0392_40,"[[19, 5, 20, 4], [12, 22, 13, 21], [23, 2, 24, 3], [1, 17, 2, 16], [3, 10, 4, 11], [5, 9, 6, 8], [7, 14, 8, 15], [9, 19, 10, 18], [22, 12, 23, 11], [20, 14, 21, 13], [15, 6, 16, 7], [17, 1, 18, 24]]"
12n_0392_41,"[[17, 1, 18, 24], [19, 5, 20, 4], [12, 22, 13, 21], [23, 2, 24, 3], [1, 17, 2, 16], [3, 10, 4, 11], [5, 9, 6, 8], [7, 14, 8, 15], [9, 19, 10, 18], [22, 12, 23, 11], [20, 14, 21, 13], [15, 6, 16, 7]]"
12n_0392_42,"[[15, 6, 16, 7], [17, 1, 18, 24], [19, 5, 20, 4], [12, 22, 13, 21], [23, 2, 24, 3], [1, 17, 2, 16], [3, 10, 4, 11], [5, 9, 6, 8], [7, 14, 8, 15], [9, 19, 10, 18], [22, 12, 23, 11], [20, 14, 21, 13]]"
12n_0392_43,"[[20, 14, 21, 13], [15, 6, 16, 7], [17, 1, 18, 24], [19, 5, 20, 4], [12, 22, 13, 21], [23, 2, 24, 3], [1, 17, 2, 16], [3, 10, 4, 11], [5, 9, 6, 8], [7, 14, 8, 15], [9, 19, 10, 18], [22, 12, 23, 11]]"
12n_0392_44,"[[22, 12, 23, 11], [20, 14, 21, 13], [15, 6, 16, 7], [17, 1, 18, 24], [19, 5, 20, 4], [12, 22, 13, 21], [23, 2, 24, 3], [1, 17, 2, 16], [3, 10, 4, 11], [5, 9, 6, 8], [7, 14, 8, 15], [9, 19, 10, 18]]"
12n_0392_45,"[[9, 19, 10, 18], [22, 12, 23, 11], [20, 14, 21, 13], [15, 6, 16, 7], [17, 1, 18, 24], [19, 5, 20, 4], [12, 22, 13, 21], [23, 2, 24, 3], [1, 17, 2, 16], [3, 10, 4, 11], [5, 9, 6, 8], [7, 14, 8, 15]]"
12n_0392_46,"[[7, 14, 8, 15], [9, 19, 10, 18], [22, 12, 23, 11], [20, 14, 21, 13], [15, 6, 16, 7], [17, 1, 18, 24], [19, 5, 20, 4], [12, 22, 13, 21], [23, 2, 24, 3], [1, 17, 2, 16], [3, 10, 4, 11], [5, 9, 6, 8]]"
12n_0392_47,"[[5, 9, 6, 8], [7, 14, 8, 15], [9, 19, 10, 18], [22, 12, 23, 11], [20, 14, 21, 13], [15, 6, 16, 7], [17, 1, 18, 24], [19, 5, 20, 4], [12, 22, 13, 21], [23, 2, 24, 3], [1, 17, 2, 16], [3, 10, 4, 11]]"
12n_0392_48,"[[4, 11, 5, 12], [6, 10, 7, 9], [8, 15, 9, 16], [10, 20, 11, 19], [23, 13, 24, 12], [21, 15, 22, 14], [16, 7, 17, 8], [18, 2, 19, 1], [20, 6, 21, 5], [13, 23, 14, 22], [24, 3, 1, 4], [2, 18, 3, 17]]"
12n_0392_49,"[[2, 18, 3, 17], [4, 11, 5, 12], [6, 10, 7, 9], [8, 15, 9, 16], [10, 20, 11, 19], [23, 13, 24, 12], [21, 15, 22, 14], [16, 7, 17, 8], [18, 2, 19, 1], [20, 6, 21, 5], [13, 23, 14, 22], [24, 3, 1, 4]]"
12n_0392_50,"[[24, 3, 1, 4], [2, 18, 3, 17], [4, 11, 5, 12], [6, 10, 7, 9], [8, 15, 9, 16], [10, 20, 11, 19], [23, 13, 24, 12], [21, 15, 22, 14], [16, 7, 17, 8], [18, 2, 19, 1], [20, 6, 21, 5], [13, 23, 14, 22]]"
12n_0392_51,"[[13, 23, 14, 22], [24, 3, 1, 4], [2, 18, 3, 17], [4, 11, 5, 12], [6, 10, 7, 9], [8, 15, 9, 16], [10, 20, 11, 19], [23, 13, 24, 12], [21, 15, 22, 14], [16, 7, 17, 8], [18, 2, 19, 1], [20, 6, 21, 5]]"
12n_0392_52,"[[20, 6, 21, 5], [13, 23, 14, 22], [24, 3, 1, 4], [2, 18, 3, 17], [4, 11, 5, 12], [6, 10, 7, 9], [8, 15, 9, 16], [10, 20, 11, 19], [23, 13, 24, 12], [21, 15, 22, 14], [16, 7, 17, 8], [18, 2, 19, 1]]"
12n_0392_53,"[[18, 2, 19, 1], [20, 6, 21, 5], [13, 23, 14, 22], [24, 3, 1, 4], [2, 18, 3, 17], [4, 11, 5, 12], [6, 10, 7, 9], [8, 15, 9, 16], [10, 20, 11, 19], [23, 13, 24, 12], [21, 15, 22, 14], [16, 7, 17, 8]]"
12n_0392_54,"[[16, 7, 17, 8], [18, 2, 19, 1], [20, 6, 21, 5], [13, 23, 14, 22], [24, 3, 1, 4], [2, 18, 3, 17], [4, 11, 5, 12], [6, 10, 7, 9], [8, 15, 9, 16], [10, 20, 11, 19], [23, 13, 24, 12], [21, 15, 22, 14]]"
12n_0392_55,"[[21, 15, 22, 14], [16, 7, 17, 8], [18, 2, 19, 1], [20, 6, 21, 5], [13, 23, 14, 22], [24, 3, 1, 4], [2, 18, 3, 17], [4, 11, 5, 12], [6, 10, 7, 9], [8, 15, 9, 16], [10, 20, 11, 19], [23, 13, 24, 12]]"
12n_0392_56,"[[23, 13, 24, 12], [21, 15, 22, 14], [16, 7, 17, 8], [18, 2, 19, 1], [20, 6, 21, 5], [13, 23, 14, 22], [24, 3, 1, 4], [2, 18, 3, 17], [4, 11, 5, 12], [6, 10, 7, 9], [8, 15, 9, 16], [10, 20, 11, 19]]"
12n_0392_57,"[[10, 20, 11, 19], [23, 13, 24, 12], [21, 15, 22, 14], [16, 7, 17, 8], [18, 2, 19, 1], [20, 6, 21, 5], [13, 23, 14, 22], [24, 3, 1, 4], [2, 18, 3, 17], [4, 11, 5, 12], [6, 10, 7, 9], [8, 15, 9, 16]]"
12n_0392_58,"[[8, 15, 9, 16], [10, 20, 11, 19], [23, 13, 24, 12], [21, 15, 22, 14], [16, 7, 17, 8], [18, 2, 19, 1], [20, 6, 21, 5], [13, 23, 14, 22], [24, 3, 1, 4], [2, 18, 3, 17], [4, 11, 5, 12], [6, 10, 7, 9]]"
12n_0392_59,"[[6, 10, 7, 9], [8, 15, 9, 16], [10, 20, 11, 19], [23, 13, 24, 12], [21, 15, 22, 14], [16, 7, 17, 8], [18, 2, 19, 1], [20, 6, 21, 5], [13, 23, 14, 22], [24, 3, 1, 4], [2, 18, 3, 17], [4, 11, 5, 12]]"
12n_0392_60,"[[5, 12, 6, 13], [7, 11, 8, 10], [9, 16, 10, 17], [11, 21, 12, 20], [24, 14, 1, 13], [22, 16, 23, 15], [17, 8, 18, 9], [19, 3, 20, 2], [21, 7, 22, 6], [14, 24, 15, 23], [1, 4, 2, 5], [3, 19, 4, 18]]"
12n_0392_61,"[[3, 19, 4, 18], [5, 12, 6, 13], [7, 11, 8, 10], [9, 16, 10, 17], [11, 21, 12, 20], [24, 14, 1, 13], [22, 16, 23, 15], [17, 8, 18, 9], [19, 3, 20, 2], [21, 7, 22, 6], [14, 24, 15, 23], [1, 4, 2, 5]]"
12n_0392_62,"[[1, 4, 2, 5], [3, 19, 4, 18], [5, 12, 6, 13], [7, 11, 8, 10], [9, 16, 10, 17], [11, 21, 12, 20], [24, 14, 1, 13], [22, 16, 23, 15], [17, 8, 18, 9], [19, 3, 20, 2], [21, 7, 22, 6], [14, 24, 15, 23]]"
12n_0392_63,"[[14, 24, 15, 23], [1, 4, 2, 5], [3, 19, 4, 18], [5, 12, 6, 13], [7, 11, 8, 10], [9, 16, 10, 17], [11, 21, 12, 20], [24, 14, 1, 13], [22, 16, 23, 15], [17, 8, 18, 9], [19, 3, 20, 2], [21, 7, 22, 6]]"
12n_0392_64,"[[21, 7, 22, 6], [14, 24, 15, 23], [1, 4, 2, 5], [3, 19, 4, 18], [5, 12, 6, 13], [7, 11, 8, 10], [9, 16, 10, 17], [11, 21, 12, 20], [24, 14, 1, 13], [22, 16, 23, 15], [17, 8, 18, 9], [19, 3, 20, 2]]"
12n_0392_65,"[[19, 3, 20, 2], [21, 7, 22, 6], [14, 24, 15, 23], [1, 4, 2, 5], [3, 19, 4, 18], [5, 12, 6, 13], [7, 11, 8, 10], [9, 16, 10, 17], [11, 21, 12, 20], [24, 14, 1, 13], [22, 16, 23, 15], [17, 8, 18, 9]]"
12n_0392_66,"[[17, 8, 18, 9], [19, 3, 20, 2], [21, 7, 22, 6], [14, 24, 15, 23], [1, 4, 2, 5], [3, 19, 4, 18], [5, 12, 6, 13], [7, 11, 8, 10], [9, 16, 10, 17], [11, 21, 12, 20], [24, 14, 1, 13], [22, 16, 23, 15]]"
12n_0392_67,"[[22, 16, 23, 15], [17, 8, 18, 9], [19, 3, 20, 2], [21, 7, 22, 6], [14, 24, 15, 23], [1, 4, 2, 5], [3, 19, 4, 18], [5, 12, 6, 13], [7, 11, 8, 10], [9, 16, 10, 17], [11, 21, 12, 20], [24, 14, 1, 13]]"
12n_0392_68,"[[24, 14, 1, 13], [22, 16, 23, 15], [17, 8, 18, 9], [19, 3, 20, 2], [21, 7, 22, 6], [14, 24, 15, 23], [1, 4, 2, 5], [3, 19, 4, 18], [5, 12, 6, 13], [7, 11, 8, 10], [9, 16, 10, 17], [11, 21, 12, 20]]"
12n_0392_69,"[[11, 21, 12, 20], [24, 14, 1, 13], [22, 16, 23, 15], [17, 8, 18, 9], [19, 3, 20, 2], [21, 7, 22, 6], [14, 24, 15, 23], [1, 4, 2, 5], [3, 19, 4, 18], [5, 12, 6, 13], [7, 11, 8, 10], [9, 16, 10, 17]]"
12n_0392_70,"[[9, 16, 10, 17], [11, 21, 12, 20], [24, 14, 1, 13], [22, 16, 23, 15], [17, 8, 18, 9], [19, 3, 20, 2], [21, 7, 22, 6], [14, 24, 15, 23], [1, 4, 2, 5], [3, 19, 4, 18], [5, 12, 6, 13], [7, 11, 8, 10]]"
12n_0392_71,"[[7, 11, 8, 10], [9, 16, 10, 17], [11, 21, 12, 20], [24, 14, 1, 13], [22, 16, 23, 15], [17, 8, 18, 9], [19, 3, 20, 2], [21, 7, 22, 6], [14, 24, 15, 23], [1, 4, 2, 5], [3, 19, 4, 18], [5, 12, 6, 13]]"
12n_0392_72,"[[6, 13, 7, 14], [8, 12, 9, 11], [10, 17, 11, 18], [12, 22, 13, 21], [1, 15, 2, 14], [23, 17, 24, 16], [18, 9, 19, 10], [20, 4, 21, 3], [22, 8, 23, 7], [15, 1, 16, 24], [2, 5, 3, 6], [4, 20, 5, 19]]"
12n_0392_73,"[[4, 20, 5, 19], [6, 13, 7, 14], [8, 12, 9, 11], [10, 17, 11, 18], [12, 22, 13, 21], [1, 15, 2, 14], [23, 17, 24, 16], [18, 9, 19, 10], [20, 4, 21, 3], [22, 8, 23, 7], [15, 1, 16, 24], [2, 5, 3, 6]]"
12n_0392_74,"[[2, 5, 3, 6], [4, 20, 5, 19], [6, 13, 7, 14], [8, 12, 9, 11], [10, 17, 11, 18], [12, 22, 13, 21], [1, 15, 2, 14], [23, 17, 24, 16], [18, 9, 19, 10], [20, 4, 21, 3], [22, 8, 23, 7], [15, 1, 16, 24]]"
12n_0392_75,"[[15, 1, 16, 24], [2, 5, 3, 6], [4, 20, 5, 19], [6, 13, 7, 14], [8, 12, 9, 11], [10, 17, 11, 18], [12, 22, 13, 21], [1, 15, 2, 14], [23, 17, 24, 16], [18, 9, 19, 10], [20, 4, 21, 3], [22, 8, 23, 7]]"
12n_0392_76,"[[22, 8, 23, 7], [15, 1, 16, 24], [2, 5, 3, 6], [4, 20, 5, 19], [6, 13, 7, 14], [8, 12, 9, 11], [10, 17, 11, 18], [12, 22, 13, 21], [1, 15, 2, 14], [23, 17, 24, 16], [18, 9, 19, 10], [20, 4, 21, 3]]"
12n_0392_77,"[[20, 4, 21, 3], [22, 8, 23, 7], [15, 1, 16, 24], [2, 5, 3, 6], [4, 20, 5, 19], [6, 13, 7, 14], [8, 12, 9, 11], [10, 17, 11, 18], [12, 22, 13, 21], [1, 15, 2, 14], [23, 17, 24, 16], [18, 9, 19, 10]]"
12n_0392_78,"[[18, 9, 19, 10], [20, 4, 21, 3], [22, 8, 23, 7], [15, 1, 16, 24], [2, 5, 3, 6], [4, 20, 5, 19], [6, 13, 7, 14], [8, 12, 9, 11], [10, 17, 11, 18], [12, 22, 13, 21], [1, 15, 2, 14], [23, 17, 24, 16]]"
12n_0392_79,"[[23, 17, 24, 16], [18, 9, 19, 10], [20, 4, 21, 3], [22, 8, 23, 7], [15, 1, 16, 24], [2, 5, 3, 6], [4, 20, 5, 19], [6, 13, 7, 14], [8, 12, 9, 11], [10, 17, 11, 18], [12, 22, 13, 21], [1, 15, 2, 14]]"
12n_0392_80,"[[1, 15, 2, 14], [23, 17, 24, 16], [18, 9, 19, 10], [20, 4, 21, 3], [22, 8, 23, 7], [15, 1, 16, 24], [2, 5, 3, 6], [4, 20, 5, 19], [6, 13, 7, 14], [8, 12, 9, 11], [10, 17, 11, 18], [12, 22, 13, 21]]"
12n_0392_81,"[[12, 22, 13, 21], [1, 15, 2, 14], [23, 17, 24, 16], [18, 9, 19, 10], [20, 4, 21, 3], [22, 8, 23, 7], [15, 1, 16, 24], [2, 5, 3, 6], [4, 20, 5, 19], [6, 13, 7, 14], [8, 12, 9, 11], [10, 17, 11, 18]]"
12n_0392_82,"[[10, 17, 11, 18], [12, 22, 13, 21], [1, 15, 2, 14], [23, 17, 24, 16], [18, 9, 19, 10], [20, 4, 21, 3], [22, 8, 23, 7], [15, 1, 16, 24], [2, 5, 3, 6], [4, 20, 5, 19], [6, 13, 7, 14], [8, 12, 9, 11]]"
12n_0392_83,"[[8, 12, 9, 11], [10, 17, 11, 18], [12, 22, 13, 21], [1, 15, 2, 14], [23, 17, 24, 16], [18, 9, 19, 10], [20, 4, 21, 3], [22, 8, 23, 7], [15, 1, 16, 24], [2, 5, 3, 6], [4, 20, 5, 19], [6, 13, 7, 14]]"
12n_0392_84,"[[7, 14, 8, 15], [9, 13, 10, 12], [11, 18, 12, 19], [13, 23, 14, 22], [2, 16, 3, 15], [24, 18, 1, 17], [19, 10, 20, 11], [21, 5, 22, 4], [23, 9, 24, 8], [16, 2, 17, 1], [3, 6, 4, 7], [5, 21, 6, 20]]"
12n_0392_85,"[[5, 21, 6, 20], [7, 14, 8, 15], [9, 13, 10, 12], [11, 18, 12, 19], [13, 23, 14, 22], [2, 16, 3, 15], [24, 18, 1, 17], [19, 10, 20, 11], [21, 5, 22, 4], [23, 9, 24, 8], [16, 2, 17, 1], [3, 6, 4, 7]]"
12n_0392_86,"[[3, 6, 4, 7], [5, 21, 6, 20], [7, 14, 8, 15], [9, 13, 10, 12], [11, 18, 12, 19], [13, 23, 14, 22], [2, 16, 3, 15], [24, 18, 1, 17], [19, 10, 20, 11], [21, 5, 22, 4], [23, 9, 24, 8], [16, 2, 17, 1]]"
12n_0392_87,"[[16, 2, 17, 1], [3, 6, 4, 7], [5, 21, 6, 20], [7, 14, 8, 15], [9, 13, 10, 12], [11, 18, 12, 19], [13, 23, 14, 22], [2, 16, 3, 15], [24, 18, 1, 17], [19, 10, 20, 11], [21, 5, 22, 4], [23, 9, 24, 8]]"
12n_0392_88,"[[23, 9, 24, 8], [16, 2, 17, 1], [3, 6, 4, 7], [5, 21, 6, 20], [7, 14, 8, 15], [9, 13, 10, 12], [11, 18, 12, 19], [13, 23, 14, 22], [2, 16, 3, 15], [24, 18, 1, 17], [19, 10, 20, 11], [21, 5, 22, 4]]"
12n_0392_89,"[[21, 5, 22, 4], [23, 9, 24, 8], [16, 2, 17, 1], [3, 6, 4, 7], [5, 21, 6, 20], [7, 14, 8, 15], [9, 13, 10, 12], [11, 18, 12, 19], [13, 23, 14, 22], [2, 16, 3, 15], [24, 18, 1, 17], [19, 10, 20, 11]]"
12n_0392_90,"[[19, 10, 20, 11], [21, 5, 22, 4], [23, 9, 24, 8], [16, 2, 17, 1], [3, 6, 4, 7], [5, 21, 6, 20], [7, 14, 8, 15], [9, 13, 10, 12], [11, 18, 12, 19], [13, 23, 14, 22], [2, 16, 3, 15], [24, 18, 1, 17]]"
12n_0392_91,"[[24, 18, 1, 17], [19, 10, 20, 11], [21, 5, 22, 4], [23, 9, 24, 8], [16, 2, 17, 1], [3, 6, 4, 7], [5, 21, 6, 20], [7, 14, 8, 15], [9, 13, 10, 12], [11, 18, 12, 19], [13, 23, 14, 22], [2, 16, 3, 15]]"
12n_0392_92,"[[2, 16, 3, 15], [24, 18, 1, 17], [19, 10, 20, 11], [21, 5, 22, 4], [23, 9, 24, 8], [16, 2, 17, 1], [3, 6, 4, 7], [5, 21, 6, 20], [7, 14, 8, 15], [9, 13, 10, 12], [11, 18, 12, 19], [13, 23, 14, 22]]"
12n_0392_93,"[[13, 23, 14, 22], [2, 16, 3, 15], [24, 18, 1, 17], [19, 10, 20, 11], [21, 5, 22, 4], [23, 9, 24, 8], [16, 2, 17, 1], [3, 6, 4, 7], [5, 21, 6, 20], [7, 14, 8, 15], [9, 13, 10, 12], [11, 18, 12, 19]]"
12n_0392_94,"[[11, 18, 12, 19], [13, 23, 14, 22], [2, 16, 3, 15], [24, 18, 1, 17], [19, 10, 20, 11], [21, 5, 22, 4], [23, 9, 24, 8], [16, 2, 17, 1], [3, 6, 4, 7], [5, 21, 6, 20], [7, 14, 8, 15], [9, 13, 10, 12]]"
12n_0392_95,"[[9, 13, 10, 12], [11, 18, 12, 19], [13, 23, 14, 22], [2, 16, 3, 15], [24, 18, 1, 17], [19, 10, 20, 11], [21, 5, 22, 4], [23, 9, 24, 8], [16, 2, 17, 1], [3, 6, 4, 7], [5, 21, 6, 20], [7, 14, 8, 15]]"
12n_0392_96,"[[8, 15, 9, 16], [10, 14, 11, 13], [12, 19, 13, 20], [14, 24, 15, 23], [3, 17, 4, 16], [1, 19, 2, 18], [20, 11, 21, 12], [22, 6, 23, 5], [24, 10, 1, 9], [17, 3, 18, 2], [4, 7, 5, 8], [6, 22, 7, 21]]"
12n_0392_97,"[[6, 22, 7, 21], [8, 15, 9, 16], [10, 14, 11, 13], [12, 19, 13, 20], [14, 24, 15, 23], [3, 17, 4, 16], [1, 19, 2, 18], [20, 11, 21, 12], [22, 6, 23, 5], [24, 10, 1, 9], [17, 3, 18, 2], [4, 7, 5, 8]]"
12n_0392_98,"[[4, 7, 5, 8], [6, 22, 7, 21], [8, 15, 9, 16], [10, 14, 11, 13], [12, 19, 13, 20], [14, 24, 15, 23], [3, 17, 4, 16], [1, 19, 2, 18], [20, 11, 21, 12], [22, 6, 23, 5], [24, 10, 1, 9], [17, 3, 18, 2]]"
12n_0392_99,"[[17, 3, 18, 2], [4, 7, 5, 8], [6, 22, 7, 21], [8, 15, 9, 16], [10, 14, 11, 13], [12, 19, 13, 20], [14, 24, 15, 23], [3, 17, 4, 16], [1, 19, 2, 18], [20, 11, 21, 12], [22, 6, 23, 5], [24, 10, 1, 9]]"
12n_0392_100,"[[24, 10, 1, 9], [17, 3, 18, 2], [4, 7, 5, 8], [6, 22, 7, 21], [8, 15, 9, 16], [10, 14, 11, 13], [12, 19, 13, 20], [14, 24, 15, 23], [3, 17, 4, 16], [1, 19, 2, 18], [20, 11, 21, 12], [22, 6, 23, 5]]"
12n_0392_101,"[[22, 6, 23, 5], [24, 10, 1, 9], [17, 3, 18, 2], [4, 7, 5, 8], [6, 22, 7, 21], [8, 15, 9, 16], [10, 14, 11, 13], [12, 19, 13, 20], [14, 24, 15, 23], [3, 17, 4, 16], [1, 19, 2, 18], [20, 11, 21, 12]]"
12n_0392_102,"[[20, 11, 21, 12], [22, 6, 23, 5], [24, 10, 1, 9], [17, 3, 18, 2], [4, 7, 5, 8], [6, 22, 7, 21], [8, 15, 9, 16], [10, 14, 11, 13], [12, 19, 13, 20], [14, 24, 15, 23], [3, 17, 4, 16], [1, 19, 2, 18]]"
12n_0392_103,"[[1, 19, 2, 18], [20, 11, 21, 12], [22, 6, 23, 5], [24, 10, 1, 9], [17, 3, 18, 2], [4, 7, 5, 8], [6, 22, 7, 21], [8, 15, 9, 16], [10, 14, 11, 13], [12, 19, 13, 20], [14, 24, 15, 23], [3, 17, 4, 16]]"
12n_0392_104,"[[3, 17, 4, 16], [1, 19, 2, 18], [20, 11, 21, 12], [22, 6, 23, 5], [24, 10, 1, 9], [17, 3, 18, 2], [4, 7, 5, 8], [6, 22, 7, 21], [8, 15, 9, 16], [10, 14, 11, 13], [12, 19, 13, 20], [14, 24, 15, 23]]"
12n_0392_105,"[[14, 24, 15, 23], [3, 17, 4, 16], [1, 19, 2, 18], [20, 11, 21, 12], [22, 6, 23, 5], [24, 10, 1, 9], [17, 3, 18, 2], [4, 7, 5, 8], [6, 22, 7, 21], [8, 15, 9, 16], [10, 14, 11, 13], [12, 19, 13, 20]]"
12n_0392_106,"[[12, 19, 13, 20], [14, 24, 15, 23], [3, 17, 4, 16], [1, 19, 2, 18], [20, 11, 21, 12], [22, 6, 23, 5], [24, 10, 1, 9], [17, 3, 18, 2], [4, 7, 5, 8], [6, 22, 7, 21], [8, 15, 9, 16], [10, 14, 11, 13]]"
12n_0392_107,"[[10, 14, 11, 13], [12, 19, 13, 20], [14, 24, 15, 23], [3, 17, 4, 16], [1, 19, 2, 18], [20, 11, 21, 12], [22, 6, 23, 5], [24, 10, 1, 9], [17, 3, 18, 2], [4, 7, 5, 8], [6, 22, 7, 21], [8, 15, 9, 16]]"
12n_0392_108,"[[9, 16, 10, 17], [11, 15, 12, 14], [13, 20, 14, 21], [15, 1, 16, 24], [4, 18, 5, 17], [2, 20, 3, 19], [21, 12, 22, 13], [23, 7, 24, 6], [1, 11, 2, 10], [18, 4, 19, 3], [5, 8, 6, 9], [7, 23, 8, 22]]"
12n_0392_109,"[[7, 23, 8, 22], [9, 16, 10, 17], [11, 15, 12, 14], [13, 20, 14, 21], [15, 1, 16, 24], [4, 18, 5, 17], [2, 20, 3, 19], [21, 12, 22, 13], [23, 7, 24, 6], [1, 11, 2, 10], [18, 4, 19, 3], [5, 8, 6, 9]]"
12n_0392_110,"[[5, 8, 6, 9], [7, 23, 8, 22], [9, 16, 10, 17], [11, 15, 12, 14], [13, 20, 14, 21], [15, 1, 16, 24], [4, 18, 5, 17], [2, 20, 3, 19], [21, 12, 22, 13], [23, 7, 24, 6], [1, 11, 2, 10], [18, 4, 19, 3]]"
12n_0392_111,"[[18, 4, 19, 3], [5, 8, 6, 9], [7, 23, 8, 22], [9, 16, 10, 17], [11, 15, 12, 14], [13, 20, 14, 21], [15, 1, 16, 24], [4, 18, 5, 17], [2, 20, 3, 19], [21, 12, 22, 13], [23, 7, 24, 6], [1, 11, 2, 10]]"
12n_0392_112,"[[1, 11, 2, 10], [18, 4, 19, 3], [5, 8, 6, 9], [7, 23, 8, 22], [9, 16, 10, 17], [11, 15, 12, 14], [13, 20, 14, 21], [15, 1, 16, 24], [4, 18, 5, 17], [2, 20, 3, 19], [21, 12, 22, 13], [23, 7, 24, 6]]"
12n_0392_113,"[[23, 7, 24, 6], [1, 11, 2, 10], [18, 4, 19, 3], [5, 8, 6, 9], [7, 23, 8, 22], [9, 16, 10, 17], [11, 15, 12, 14], [13, 20, 14, 21], [15, 1, 16, 24], [4, 18, 5, 17], [2, 20, 3, 19], [21, 12, 22, 13]]"
12n_0392_114,"[[21, 12, 22, 13], [23, 7, 24, 6], [1, 11, 2, 10], [18, 4, 19, 3], [5, 8, 6, 9], [7, 23, 8, 22], [9, 16, 10, 17], [11, 15, 12, 14], [13, 20, 14, 21], [15, 1, 16, 24], [4, 18, 5, 17], [2, 20, 3, 19]]"
12n_0392_115,"[[2, 20, 3, 19], [21, 12, 22, 13], [23, 7, 24, 6], [1, 11, 2, 10], [18, 4, 19, 3], [5, 8, 6, 9], [7, 23, 8, 22], [9, 16, 10, 17], [11, 15, 12, 14], [13, 20, 14, 21], [15, 1, 16, 24], [4, 18, 5, 17]]"
12n_0392_116,"[[4, 18, 5, 17], [2, 20, 3, 19], [21, 12, 22, 13], [23, 7, 24, 6], [1, 11, 2, 10], [18, 4, 19, 3], [5, 8, 6, 9], [7, 23, 8, 22], [9, 16, 10, 17], [11, 15, 12, 14], [13, 20, 14, 21], [15, 1, 16, 24]]"
12n_0392_117,"[[15, 1, 16, 24], [4, 18, 5, 17], [2, 20, 3, 19], [21, 12, 22, 13], [23, 7, 24, 6], [1, 11, 2, 10], [18, 4, 19, 3], [5, 8, 6, 9], [7, 23, 8, 22], [9, 16, 10, 17], [11, 15, 12, 14], [13, 20, 14, 21]]"
12n_0392_118,"[[13, 20, 14, 21], [15, 1, 16, 24], [4, 18, 5, 17], [2, 20, 3, 19], [21, 12, 22, 13], [23, 7, 24, 6], [1, 11, 2, 10], [18, 4, 19, 3], [5, 8, 6, 9], [7, 23, 8, 22], [9, 16, 10, 17], [11, 15, 12, 14]]"
12n_0392_119,"[[11, 15, 12, 14], [13, 20, 14, 21], [15, 1, 16, 24], [4, 18, 5, 17], [2, 20, 3, 19], [21, 12, 22, 13], [23, 7, 24, 6], [1, 11, 2, 10], [18, 4, 19, 3], [5, 8, 6, 9], [7, 23, 8, 22], [9, 16, 10, 17]]"
12n_0392_120,"[[10, 17, 11, 18], [12, 16, 13, 15], [14, 21, 15, 22], [16, 2, 17, 1], [5, 19, 6, 18], [3, 21, 4, 20], [22, 13, 23, 14], [24, 8, 1, 7], [2, 12, 3, 11], [19, 5, 20, 4], [6, 9, 7, 10], [8, 24, 9, 23]]"
12n_0392_121,"[[8, 24, 9, 23], [10, 17, 11, 18], [12, 16, 13, 15], [14, 21, 15, 22], [16, 2, 17, 1], [5, 19, 6, 18], [3, 21, 4, 20], [22, 13, 23, 14], [24, 8, 1, 7], [2, 12, 3, 11], [19, 5, 20, 4], [6, 9, 7, 10]]"
12n_0392_122,"[[6, 9, 7, 10], [8, 24, 9, 23], [10, 17, 11, 18], [12, 16, 13, 15], [14, 21, 15, 22], [16, 2, 17, 1], [5, 19, 6, 18], [3, 21, 4, 20], [22, 13, 23, 14], [24, 8, 1, 7], [2, 12, 3, 11], [19, 5, 20, 4]]"
12n_0392_123,"[[19, 5, 20, 4], [6, 9, 7, 10], [8, 24, 9, 23], [10, 17, 11, 18], [12, 16, 13, 15], [14, 21, 15, 22], [16, 2, 17, 1], [5, 19, 6, 18], [3, 21, 4, 20], [22, 13, 23, 14], [24, 8, 1, 7], [2, 12, 3, 11]]"
12n_0392_124,"[[2, 12, 3, 11], [19, 5, 20, 4], [6, 9, 7, 10], [8, 24, 9, 23], [10, 17, 11, 18], [12, 16, 13, 15], [14, 21, 15, 22], [16, 2, 17, 1], [5, 19, 6, 18], [3, 21, 4, 20], [22, 13, 23, 14], [24, 8, 1, 7]]"
12n_0392_125,"[[24, 8, 1, 7], [2, 12, 3, 11], [19, 5, 20, 4], [6, 9, 7, 10], [8, 24, 9, 23], [10, 17, 11, 18], [12, 16, 13, 15], [14, 21, 15, 22], [16, 2, 17, 1], [5, 19, 6, 18], [3, 21, 4, 20], [22, 13, 23, 14]]"
12n_0392_126,"[[22, 13, 23, 14], [24, 8, 1, 7], [2, 12, 3, 11], [19, 5, 20, 4], [6, 9, 7, 10], [8, 24, 9, 23], [10, 17, 11, 18], [12, 16, 13, 15], [14, 21, 15, 22], [16, 2, 17, 1], [5, 19, 6, 18], [3, 21, 4, 20]]"
12n_0392_127,"[[3, 21, 4, 20], [22, 13, 23, 14], [24, 8, 1, 7], [2, 12, 3, 11], [19, 5, 20, 4], [6, 9, 7, 10], [8, 24, 9, 23], [10, 17, 11, 18], [12, 16, 13, 15], [14, 21, 15, 22], [16, 2, 17, 1], [5, 19, 6, 18]]"
12n_0392_128,"[[5, 19, 6, 18], [3, 21, 4, 20], [22, 13, 23, 14], [24, 8, 1, 7], [2, 12, 3, 11], [19, 5, 20, 4], [6, 9, 7, 10], [8, 24, 9, 23], [10, 17, 11, 18], [12, 16, 13, 15], [14, 21, 15, 22], [16, 2, 17, 1]]"
12n_0392_129,"[[16, 2, 17, 1], [5, 19, 6, 18], [3, 21, 4, 20], [22, 13, 23, 14], [24, 8, 1, 7], [2, 12, 3, 11], [19, 5, 20, 4], [6, 9, 7, 10], [8, 24, 9, 23], [10, 17, 11, 18], [12, 16, 13, 15], [14, 21, 15, 22]]"
12n_0392_130,"[[14, 21, 15, 22], [16, 2, 17, 1], [5, 19, 6, 18], [3, 21, 4, 20], [22, 13, 23, 14], [24, 8, 1, 7], [2, 12, 3, 11], [19, 5, 20, 4], [6, 9, 7, 10], [8, 24, 9, 23], [10, 17, 11, 18], [12, 16, 13, 15]]"
12n_0392_131,"[[12, 16, 13, 15], [14, 21, 15, 22], [16, 2, 17, 1], [5, 19, 6, 18], [3, 21, 4, 20], [22, 13, 23, 14], [24, 8, 1, 7], [2, 12, 3, 11], [19, 5, 20, 4], [6, 9, 7, 10], [8, 24, 9, 23], [10, 17, 11, 18]]"
12n_0392_132,"[[11, 18, 12, 19], [13, 17, 14, 16], [15, 22, 16, 23], [17, 3, 18, 2], [6, 20, 7, 19], [4, 22, 5, 21], [23, 14, 24, 15], [1, 9, 2, 8], [3, 13, 4, 12], [20, 6, 21, 5], [7, 10, 8, 11], [9, 1, 10, 24]]"
12n_0392_133,"[[9, 1, 10, 24], [11, 18, 12, 19], [13, 17, 14, 16], [15, 22, 16, 23], [17, 3, 18, 2], [6, 20, 7, 19], [4, 22, 5, 21], [23, 14, 24, 15], [1, 9, 2, 8], [3, 13, 4, 12], [20, 6, 21, 5], [7, 10, 8, 11]]"
12n_0392_134,"[[7, 10, 8, 11], [9, 1, 10, 24], [11, 18, 12, 19], [13, 17, 14, 16], [15, 22, 16, 23], [17, 3, 18, 2], [6, 20, 7, 19], [4, 22, 5, 21], [23, 14, 24, 15], [1, 9, 2, 8], [3, 13, 4, 12], [20, 6, 21, 5]]"
12n_0392_135,"[[20, 6, 21, 5], [7, 10, 8, 11], [9, 1, 10, 24], [11, 18, 12, 19], [13, 17, 14, 16], [15, 22, 16, 23], [17, 3, 18, 2], [6, 20, 7, 19], [4, 22, 5, 21], [23, 14, 24, 15], [1, 9, 2, 8], [3, 13, 4, 12]]"
12n_0392_136,"[[3, 13, 4, 12], [20, 6, 21, 5], [7, 10, 8, 11], [9, 1, 10, 24], [11, 18, 12, 19], [13, 17, 14, 16], [15, 22, 16, 23], [17, 3, 18, 2], [6, 20, 7, 19], [4, 22, 5, 21], [23, 14, 24, 15], [1, 9, 2, 8]]"
12n_0392_137,"[[1, 9, 2, 8], [3, 13, 4, 12], [20, 6, 21, 5], [7, 10, 8, 11], [9, 1, 10, 24], [11, 18, 12, 19], [13, 17, 14, 16], [15, 22, 16, 23], [17, 3, 18, 2], [6, 20, 7, 19], [4, 22, 5, 21], [23, 14, 24, 15]]"
12n_0392_138,"[[23, 14, 24, 15], [1, 9, 2, 8], [3, 13, 4, 12], [20, 6, 21, 5], [7, 10, 8, 11], [9, 1, 10, 24], [11, 18, 12, 19], [13, 17, 14, 16], [15, 22, 16, 23], [17, 3, 18, 2], [6, 20, 7, 19], [4, 22, 5, 21]]"
12n_0392_139,"[[4, 22, 5, 21], [23, 14, 24, 15], [1, 9, 2, 8], [3, 13, 4, 12], [20, 6, 21, 5], [7, 10, 8, 11], [9, 1, 10, 24], [11, 18, 12, 19], [13, 17, 14, 16], [15, 22, 16, 23], [17, 3, 18, 2], [6, 20, 7, 19]]"
12n_0392_140,"[[6, 20, 7, 19], [4, 22, 5, 21], [23, 14, 24, 15], [1, 9, 2, 8], [3, 13, 4, 12], [20, 6, 21, 5], [7, 10, 8, 11], [9, 1, 10, 24], [11, 18, 12, 19], [13, 17, 14, 16], [15, 22, 16, 23], [17, 3, 18, 2]]"
12n_0392_141,"[[17, 3, 18, 2], [6, 20, 7, 19], [4, 22, 5, 21], [23, 14, 24, 15], [1, 9, 2, 8], [3, 13, 4, 12], [20, 6, 21, 5], [7, 10, 8, 11], [9, 1, 10, 24], [11, 18, 12, 19], [13, 17, 14, 16], [15, 22, 16, 23]]"
12n_0392_142,"[[15, 22, 16, 23], [17, 3, 18, 2], [6, 20, 7, 19], [4, 22, 5, 21], [23, 14, 24, 15], [1, 9, 2, 8], [3, 13, 4, 12], [20, 6, 21, 5], [7, 10, 8, 11], [9, 1, 10, 24], [11, 18, 12, 19], [13, 17, 14, 16]]"
12n_0392_143,"[[13, 17, 14, 16], [15, 22, 16, 23], [17, 3, 18, 2], [6, 20, 7, 19], [4, 22, 5, 21], [23, 14, 24, 15], [1, 9, 2, 8], [3, 13, 4, 12], [20, 6, 21, 5], [7, 10, 8, 11], [9, 1, 10, 24], [11, 18, 12, 19]]"
12n_0392_144,"[[12, 19, 13, 20], [14, 18, 15, 17], [16, 23, 17, 24], [18, 4, 19, 3], [7, 21, 8, 20], [5, 23, 6, 22], [24, 15, 1, 16], [2, 10, 3, 9], [4, 14, 5, 13], [21, 7, 22, 6], [8, 11, 9, 12], [10, 2, 11, 1]]"
12n_0392_145,"[[10, 2, 11, 1], [12, 19, 13, 20], [14, 18, 15, 17], [16, 23, 17, 24], [18, 4, 19, 3], [7, 21, 8, 20], [5, 23, 6, 22], [24, 15, 1, 16], [2, 10, 3, 9], [4, 14, 5, 13], [21, 7, 22, 6], [8, 11, 9, 12]]"
12n_0392_146,"[[8, 11, 9, 12], [10, 2, 11, 1], [12, 19, 13, 20], [14, 18, 15, 17], [16, 23, 17, 24], [18, 4, 19, 3], [7, 21, 8, 20], [5, 23, 6, 22], [24, 15, 1, 16], [2, 10, 3, 9], [4, 14, 5, 13], [21, 7, 22, 6]]"
12n_0392_147,"[[21, 7, 22, 6], [8, 11, 9, 12], [10, 2, 11, 1], [12, 19, 13, 20], [14, 18, 15, 17], [16, 23, 17, 24], [18, 4, 19, 3], [7, 21, 8, 20], [5, 23, 6, 22], [24, 15, 1, 16], [2, 10, 3, 9], [4, 14, 5, 13]]"
12n_0392_148,"[[4, 14, 5, 13], [21, 7, 22, 6], [8, 11, 9, 12], [10, 2, 11, 1], [12, 19, 13, 20], [14, 18, 15, 17], [16, 23, 17, 24], [18, 4, 19, 3], [7, 21, 8, 20], [5, 23, 6, 22], [24, 15, 1, 16], [2, 10, 3, 9]]"
12n_0392_149,"[[2, 10, 3, 9], [4, 14, 5, 13], [21, 7, 22, 6], [8, 11, 9, 12], [10, 2, 11, 1], [12, 19, 13, 20], [14, 18, 15, 17], [16, 23, 17, 24], [18, 4, 19, 3], [7, 21, 8, 20], [5, 23, 6, 22], [24, 15, 1, 16]]"
12n_0392_150,"[[24, 15, 1, 16], [2, 10, 3, 9], [4, 14, 5, 13], [21, 7, 22, 6], [8, 11, 9, 12], [10, 2, 11, 1], [12, 19, 13, 20], [14, 18, 15, 17], [16, 23, 17, 24], [18, 4, 19, 3], [7, 21, 8, 20], [5, 23, 6, 22]]"
12n_0392_151,"[[5, 23, 6, 22], [24, 15, 1, 16], [2, 10, 3, 9], [4, 14, 5, 13], [21, 7, 22, 6], [8, 11, 9, 12], [10, 2, 11, 1], [12, 19, 13, 20], [14, 18, 15, 17], [16, 23, 17, 24], [18, 4, 19, 3], [7, 21, 8, 20]]"
12n_0392_152,"[[7, 21, 8, 20], [5, 23, 6, 22], [24, 15, 1, 16], [2, 10, 3, 9], [4, 14, 5, 13], [21, 7, 22, 6], [8, 11, 9, 12], [10, 2, 11, 1], [12, 19, 13, 20], [14, 18, 15, 17], [16, 23, 17, 24], [18, 4, 19, 3]]"
12n_0392_153,"[[18, 4, 19, 3], [7, 21, 8, 20], [5, 23, 6, 22], [24, 15, 1, 16], [2, 10, 3, 9], [4, 14, 5, 13], [21, 7, 22, 6], [8, 11, 9, 12], [10, 2, 11, 1], [12, 19, 13, 20], [14, 18, 15, 17], [16, 23, 17, 24]]"
12n_0392_154,"[[16, 23, 17, 24], [18, 4, 19, 3], [7, 21, 8, 20], [5, 23, 6, 22], [24, 15, 1, 16], [2, 10, 3, 9], [4, 14, 5, 13], [21, 7, 22, 6], [8, 11, 9, 12], [10, 2, 11, 1], [12, 19, 13, 20], [14, 18, 15, 17]]"
12n_0392_155,"[[14, 18, 15, 17], [16, 23, 17, 24], [18, 4, 19, 3], [7, 21, 8, 20], [5, 23, 6, 22], [24, 15, 1, 16], [2, 10, 3, 9], [4, 14, 5, 13], [21, 7, 22, 6], [8, 11, 9, 12], [10, 2, 11, 1], [12, 19, 13, 20]]"
12n_0392_156,"[[13, 20, 14, 21], [15, 19, 16, 18], [17, 24, 18, 1], [19, 5, 20, 4], [8, 22, 9, 21], [6, 24, 7, 23], [1, 16, 2, 17], [3, 11, 4, 10], [5, 15, 6, 14], [22, 8, 23, 7], [9, 12, 10, 13], [11, 3, 12, 2]]"
12n_0392_157,"[[11, 3, 12, 2], [13, 20, 14, 21], [15, 19, 16, 18], [17, 24, 18, 1], [19, 5, 20, 4], [8, 22, 9, 21], [6, 24, 7, 23], [1, 16, 2, 17], [3, 11, 4, 10], [5, 15, 6, 14], [22, 8, 23, 7], [9, 12, 10, 13]]"
12n_0392_158,"[[9, 12, 10, 13], [11, 3, 12, 2], [13, 20, 14, 21], [15, 19, 16, 18], [17, 24, 18, 1], [19, 5, 20, 4], [8, 22, 9, 21], [6, 24, 7, 23], [1, 16, 2, 17], [3, 11, 4, 10], [5, 15, 6, 14], [22, 8, 23, 7]]"
12n_0392_159,"[[22, 8, 23, 7], [9, 12, 10, 13], [11, 3, 12, 2], [13, 20, 14, 21], [15, 19, 16, 18], [17, 24, 18, 1], [19, 5, 20, 4], [8, 22, 9, 21], [6, 24, 7, 23], [1, 16, 2, 17], [3, 11, 4, 10], [5, 15, 6, 14]]"
12n_0392_160,"[[5, 15, 6, 14], [22, 8, 23, 7], [9, 12, 10, 13], [11, 3, 12, 2], [13, 20, 14, 21], [15, 19, 16, 18], [17, 24, 18, 1], [19, 5, 20, 4], [8, 22, 9, 21], [6, 24, 7, 23], [1, 16, 2, 17], [3, 11, 4, 10]]"
12n_0392_161,"[[3, 11, 4, 10], [5, 15, 6, 14], [22, 8, 23, 7], [9, 12, 10, 13], [11, 3, 12, 2], [13, 20, 14, 21], [15, 19, 16, 18], [17, 24, 18, 1], [19, 5, 20, 4], [8, 22, 9, 21], [6, 24, 7, 23], [1, 16, 2, 17]]"
12n_0392_162,"[[1, 16, 2, 17], [3, 11, 4, 10], [5, 15, 6, 14], [22, 8, 23, 7], [9, 12, 10, 13], [11, 3, 12, 2], [13, 20, 14, 21], [15, 19, 16, 18], [17, 24, 18, 1], [19, 5, 20, 4], [8, 22, 9, 21], [6, 24, 7, 23]]"
12n_0392_163,"[[6, 24, 7, 23], [1, 16, 2, 17], [3, 11, 4, 10], [5, 15, 6, 14], [22, 8, 23, 7], [9, 12, 10, 13], [11, 3, 12, 2], [13, 20, 14, 21], [15, 19, 16, 18], [17, 24, 18, 1], [19, 5, 20, 4], [8, 22, 9, 21]]"
12n_0392_164,"[[8, 22, 9, 21], [6, 24, 7, 23], [1, 16, 2, 17], [3, 11, 4, 10], [5, 15, 6, 14], [22, 8, 23, 7], [9, 12, 10, 13], [11, 3, 12, 2], [13, 20, 14, 21], [15, 19, 16, 18], [17, 24, 18, 1], [19, 5, 20, 4]]"
12n_0392_165,"[[19, 5, 20, 4], [8, 22, 9, 21], [6, 24, 7, 23], [1, 16, 2, 17], [3, 11, 4, 10], [5, 15, 6, 14], [22, 8, 23, 7], [9, 12, 10, 13], [11, 3, 12, 2], [13, 20, 14, 21], [15, 19, 16, 18], [17, 24, 18, 1]]"
12n_0392_166,"[[17, 24, 18, 1], [19, 5, 20, 4], [8, 22, 9, 21], [6, 24, 7, 23], [1, 16, 2, 17], [3, 11, 4, 10], [5, 15, 6, 14], [22, 8, 23, 7], [9, 12, 10, 13], [11, 3, 12, 2], [13, 20, 14, 21], [15, 19, 16, 18]]"
12n_0392_167,"[[15, 19, 16, 18], [17, 24, 18, 1], [19, 5, 20, 4], [8, 22, 9, 21], [6, 24, 7, 23], [1, 16, 2, 17], [3, 11, 4, 10], [5, 15, 6, 14], [22, 8, 23, 7], [9, 12, 10, 13], [11, 3, 12, 2], [13, 20, 14, 21]]"
12n_0392_168,"[[14, 21, 15, 22], [16, 20, 17, 19], [18, 1, 19, 2], [20, 6, 21, 5], [9, 23, 10, 22], [7, 1, 8, 24], [2, 17, 3, 18], [4, 12, 5, 11], [6, 16, 7, 15], [23, 9, 24, 8], [10, 13, 11, 14], [12, 4, 13, 3]]"
12n_0392_169,"[[12, 4, 13, 3], [14, 21, 15, 22], [16, 20, 17, 19], [18, 1, 19, 2], [20, 6, 21, 5], [9, 23, 10, 22], [7, 1, 8, 24], [2, 17, 3, 18], [4, 12, 5, 11], [6, 16, 7, 15], [23, 9, 24, 8], [10, 13, 11, 14]]"
12n_0392_170,"[[10, 13, 11, 14], [12, 4, 13, 3], [14, 21, 15, 22], [16, 20, 17, 19], [18, 1, 19, 2], [20, 6, 21, 5], [9, 23, 10, 22], [7, 1, 8, 24], [2, 17, 3, 18], [4, 12, 5, 11], [6, 16, 7, 15], [23, 9, 24, 8]]"
12n_0392_171,"[[23, 9, 24, 8], [10, 13, 11, 14], [12, 4, 13, 3], [14, 21, 15, 22], [16, 20, 17, 19], [18, 1, 19, 2], [20, 6, 21, 5], [9, 23, 10, 22], [7, 1, 8, 24], [2, 17, 3, 18], [4, 12, 5, 11], [6, 16, 7, 15]]"
12n_0392_172,"[[6, 16, 7, 15], [23, 9, 24, 8], [10, 13, 11, 14], [12, 4, 13, 3], [14, 21, 15, 22], [16, 20, 17, 19], [18, 1, 19, 2], [20, 6, 21, 5], [9, 23, 10, 22], [7, 1, 8, 24], [2, 17, 3, 18], [4, 12, 5, 11]]"
12n_0392_173,"[[4, 12, 5, 11], [6, 16, 7, 15], [23, 9, 24, 8], [10, 13, 11, 14], [12, 4, 13, 3], [14, 21, 15, 22], [16, 20, 17, 19], [18, 1, 19, 2], [20, 6, 21, 5], [9, 23, 10, 22], [7, 1, 8, 24], [2, 17, 3, 18]]"
12n_0392_174,"[[2, 17, 3, 18], [4, 12, 5, 11], [6, 16, 7, 15], [23, 9, 24, 8], [10, 13, 11, 14], [12, 4, 13, 3], [14, 21, 15, 22], [16, 20, 17, 19], [18, 1, 19, 2], [20, 6, 21, 5], [9, 23, 10, 22], [7, 1, 8, 24]]"
12n_0392_175,"[[7, 1, 8, 24], [2, 17, 3, 18], [4, 12, 5, 11], [6, 16, 7, 15], [23, 9, 24, 8], [10, 13, 11, 14], [12, 4, 13, 3], [14, 21, 15, 22], [16, 20, 17, 19], [18, 1, 19, 2], [20, 6, 21, 5], [9, 23, 10, 22]]"
12n_0392_176,"[[9, 23, 10, 22], [7, 1, 8, 24], [2, 17, 3, 18], [4, 12, 5, 11], [6, 16, 7, 15], [23, 9, 24, 8], [10, 13, 11, 14], [12, 4, 13, 3], [14, 21, 15, 22], [16, 20, 17, 19], [18, 1, 19, 2], [20, 6, 21, 5]]"
12n_0392_177,"[[20, 6, 21, 5], [9, 23, 10, 22], [7, 1, 8, 24], [2, 17, 3, 18], [4, 12, 5, 11], [6, 16, 7, 15], [23, 9, 24, 8], [10, 13, 11, 14], [12, 4, 13, 3], [14, 21, 15, 22], [16, 20, 17, 19], [18, 1, 19, 2]]"
12n_0392_178,"[[18, 1, 19, 2], [20, 6, 21, 5], [9, 23, 10, 22], [7, 1, 8, 24], [2, 17, 3, 18], [4, 12, 5, 11], [6, 16, 7, 15], [23, 9, 24, 8], [10, 13, 11, 14], [12, 4, 13, 3], [14, 21, 15, 22], [16, 20, 17, 19]]"
12n_0392_179,"[[16, 20, 17, 19], [18, 1, 19, 2], [20, 6, 21, 5], [9, 23, 10, 22], [7, 1, 8, 24], [2, 17, 3, 18], [4, 12, 5, 11], [6, 16, 7, 15], [23, 9, 24, 8], [10, 13, 11, 14], [12, 4, 13, 3], [14, 21, 15, 22]]"
12n_0392_180,"[[15, 22, 16, 23], [17, 21, 18, 20], [19, 2, 20, 3], [21, 7, 22, 6], [10, 24, 11, 23], [8, 2, 9, 1], [3, 18, 4, 19], [5, 13, 6, 12], [7, 17, 8, 16], [24, 10, 1, 9], [11, 14, 12, 15], [13, 5, 14, 4]]"
12n_0392_181,"[[13, 5, 14, 4], [15, 22, 16, 23], [17, 21, 18, 20], [19, 2, 20, 3], [21, 7, 22, 6], [10, 24, 11, 23], [8, 2, 9, 1], [3, 18, 4, 19], [5, 13, 6, 12], [7, 17, 8, 16], [24, 10, 1, 9], [11, 14, 12, 15]]"
12n_0392_182,"[[11, 14, 12, 15], [13, 5, 14, 4], [15, 22, 16, 23], [17, 21, 18, 20], [19, 2, 20, 3], [21, 7, 22, 6], [10, 24, 11, 23], [8, 2, 9, 1], [3, 18, 4, 19], [5, 13, 6, 12], [7, 17, 8, 16], [24, 10, 1, 9]]"
12n_0392_183,"[[24, 10, 1, 9], [11, 14, 12, 15], [13, 5, 14, 4], [15, 22, 16, 23], [17, 21, 18, 20], [19, 2, 20, 3], [21, 7, 22, 6], [10, 24, 11, 23], [8, 2, 9, 1], [3, 18, 4, 19], [5, 13, 6, 12], [7, 17, 8, 16]]"
12n_0392_184,"[[7, 17, 8, 16], [24, 10, 1, 9], [11, 14, 12, 15], [13, 5, 14, 4], [15, 22, 16, 23], [17, 21, 18, 20], [19, 2, 20, 3], [21, 7, 22, 6], [10, 24, 11, 23], [8, 2, 9, 1], [3, 18, 4, 19], [5, 13, 6, 12]]"
12n_0392_185,"[[5, 13, 6, 12], [7, 17, 8, 16], [24, 10, 1, 9], [11, 14, 12, 15], [13, 5, 14, 4], [15, 22, 16, 23], [17, 21, 18, 20], [19, 2, 20, 3], [21, 7, 22, 6], [10, 24, 11, 23], [8, 2, 9, 1], [3, 18, 4, 19]]"
