name,pd_notation
12n_0101_0,"[[24, 19, 1, 20], [2, 6, 3, 5], [4, 10, 5, 9], [13, 7, 14, 6], [8, 4, 9, 3], [10, 17, 11, 18], [12, 23, 13, 24], [7, 15, 8, 14], [16, 21, 17, 22], [18, 1, 19, 2], [20, 11, 21, 12], [22, 15, 23, 16]]"
12n_0101_1,"[[22, 15, 23, 16], [24, 19, 1, 20], [2, 6, 3, 5], [4, 10, 5, 9], [13, 7, 14, 6], [8, 4, 9, 3], [10, 17, 11, 18], [12, 23, 13, 24], [7, 15, 8, 14], [16, 21, 17, 22], [18, 1, 19, 2], [20, 11, 21, 12]]"
12n_0101_2,"[[20, 11, 21, 12], [22, 15, 23, 16], [24, 19, 1, 20], [2, 6, 3, 5], [4, 10, 5, 9], [13, 7, 14, 6], [8, 4, 9, 3], [10, 17, 11, 18], [12, 23, 13, 24], [7, 15, 8, 14], [16, 21, 17, 22], [18, 1, 19, 2]]"
12n_0101_3,"[[18, 1, 19, 2], [20, 11, 21, 12], [22, 15, 23, 16], [24, 19, 1, 20], [2, 6, 3, 5], [4, 10, 5, 9], [13, 7, 14, 6], [8, 4, 9, 3], [10, 17, 11, 18], [12, 23, 13, 24], [7, 15, 8, 14], [16, 21, 17, 22]]"
12n_0101_4,"[[16, 21, 17, 22], [18, 1, 19, 2], [20, 11, 21, 12], [22, 15, 23, 16], [24, 19, 1, 20], [2, 6, 3, 5], [4, 10, 5, 9], [13, 7, 14, 6], [8, 4, 9, 3], [10, 17, 11, 18], [12, 23, 13, 24], [7, 15, 8, 14]]"
12n_0101_5,"[[7, 15, 8, 14], [16, 21, 17, 22], [18, 1, 19, 2], [20, 11, 21, 12], [22, 15, 23, 16], [24, 19, 1, 20], [2, 6, 3, 5], [4, 10, 5, 9], [13, 7, 14, 6], [8, 4, 9, 3], [10, 17, 11, 18], [12, 23, 13, 24]]"
12n_0101_6,"[[12, 23, 13, 24], [7, 15, 8, 14], [16, 21, 17, 22], [18, 1, 19, 2], [20, 11, 21, 12], [22, 15, 23, 16], [24, 19, 1, 20], [2, 6, 3, 5], [4, 10, 5, 9], [13, 7, 14, 6], [8, 4, 9, 3], [10, 17, 11, 18]]"
12n_0101_7,"[[10, 17, 11, 18], [12, 23, 13, 24], [7, 15, 8, 14], [16, 21, 17, 22], [18, 1, 19, 2], [20, 11, 21, 12], [22, 15, 23, 16], [24, 19, 1, 20], [2, 6, 3, 5], [4, 10, 5, 9], [13, 7, 14, 6], [8, 4, 9, 3]]"
12n_0101_8,"[[8, 4, 9, 3], [10, 17, 11, 18], [12, 23, 13, 24], [7, 15, 8, 14], [16, 21, 17, 22], [18, 1, 19, 2], [20, 11, 21, 12], [22, 15, 23, 16], [24, 19, 1, 20], [2, 6, 3, 5], [4, 10, 5, 9], [13, 7, 14, 6]]"
12n_0101_9,"[[13, 7, 14, 6], [8, 4, 9, 3], [10, 17, 11, 18], [12, 23, 13, 24], [7, 15, 8, 14], [16, 21, 17, 22], [18, 1, 19, 2], [20, 11, 21, 12], [22, 15, 23, 16], [24, 19, 1, 20], [2, 6, 3, 5], [4, 10, 5, 9]]"
12n_0101_10,"[[4, 10, 5, 9], [13, 7, 14, 6], [8, 4, 9, 3], [10, 17, 11, 18], [12, 23, 13, 24], [7, 15, 8, 14], [16, 21, 17, 22], [18, 1, 19, 2], [20, 11, 21, 12], [22, 15, 23, 16], [24, 19, 1, 20], [2, 6, 3, 5]]"
12n_0101_11,"[[2, 6, 3, 5], [4, 10, 5, 9], [13, 7, 14, 6], [8, 4, 9, 3], [10, 17, 11, 18], [12, 23, 13, 24], [7, 15, 8, 14], [16, 21, 17, 22], [18, 1, 19, 2], [20, 11, 21, 12], [22, 15, 23, 16], [24, 19, 1, 20]]"
12n_0101_12,"[[1, 20, 2, 21], [3, 7, 4, 6], [5, 11, 6, 10], [14, 8, 15, 7], [9, 5, 10, 4], [11, 18, 12, 19], [13, 24, 14, 1], [8, 16, 9, 15], [17, 22, 18, 23], [19, 2, 20, 3], [21, 12, 22, 13], [23, 16, 24, 17]]"
12n_0101_13,"[[23, 16, 24, 17], [1, 20, 2, 21], [3, 7, 4, 6], [5, 11, 6, 10], [14, 8, 15, 7], [9, 5, 10, 4], [11, 18, 12, 19], [13, 24, 14, 1], [8, 16, 9, 15], [17, 22, 18, 23], [19, 2, 20, 3], [21, 12, 22, 13]]"
12n_0101_14,"[[21, 12, 22, 13], [23, 16, 24, 17], [1, 20, 2, 21], [3, 7, 4, 6], [5, 11, 6, 10], [14, 8, 15, 7], [9, 5, 10, 4], [11, 18, 12, 19], [13, 24, 14, 1], [8, 16, 9, 15], [17, 22, 18, 23], [19, 2, 20, 3]]"
12n_0101_15,"[[19, 2, 20, 3], [21, 12, 22, 13], [23, 16, 24, 17], [1, 20, 2, 21], [3, 7, 4, 6], [5, 11, 6, 10], [14, 8, 15, 7], [9, 5, 10, 4], [11, 18, 12, 19], [13, 24, 14, 1], [8, 16, 9, 15], [17, 22, 18, 23]]"
12n_0101_16,"[[17, 22, 18, 23], [19, 2, 20, 3], [21, 12, 22, 13], [23, 16, 24, 17], [1, 20, 2, 21], [3, 7, 4, 6], [5, 11, 6, 10], [14, 8, 15, 7], [9, 5, 10, 4], [11, 18, 12, 19], [13, 24, 14, 1], [8, 16, 9, 15]]"
12n_0101_17,"[[8, 16, 9, 15], [17, 22, 18, 23], [19, 2, 20, 3], [21, 12, 22, 13], [23, 16, 24, 17], [1, 20, 2, 21], [3, 7, 4, 6], [5, 11, 6, 10], [14, 8, 15, 7], [9, 5, 10, 4], [11, 18, 12, 19], [13, 24, 14, 1]]"
12n_0101_18,"[[13, 24, 14, 1], [8, 16, 9, 15], [17, 22, 18, 23], [19, 2, 20, 3], [21, 12, 22, 13], [23, 16, 24, 17], [1, 20, 2, 21], [3, 7, 4, 6], [5, 11, 6, 10], [14, 8, 15, 7], [9, 5, 10, 4], [11, 18, 12, 19]]"
12n_0101_19,"[[11, 18, 12, 19], [13, 24, 14, 1], [8, 16, 9, 15], [17, 22, 18, 23], [19, 2, 20, 3], [21, 12, 22, 13], [23, 16, 24, 17], [1, 20, 2, 21], [3, 7, 4, 6], [5, 11, 6, 10], [14, 8, 15, 7], [9, 5, 10, 4]]"
12n_0101_20,"[[9, 5, 10, 4], [11, 18, 12, 19], [13, 24, 14, 1], [8, 16, 9, 15], [17, 22, 18, 23], [19, 2, 20, 3], [21, 12, 22, 13], [23, 16, 24, 17], [1, 20, 2, 21], [3, 7, 4, 6], [5, 11, 6, 10], [14, 8, 15, 7]]"
12n_0101_21,"[[14, 8, 15, 7], [9, 5, 10, 4], [11, 18, 12, 19], [13, 24, 14, 1], [8, 16, 9, 15], [17, 22, 18, 23], [19, 2, 20, 3], [21, 12, 22, 13], [23, 16, 24, 17], [1, 20, 2, 21], [3, 7, 4, 6], [5, 11, 6, 10]]"
12n_0101_22,"[[5, 11, 6, 10], [14, 8, 15, 7], [9, 5, 10, 4], [11, 18, 12, 19], [13, 24, 14, 1], [8, 16, 9, 15], [17, 22, 18, 23], [19, 2, 20, 3], [21, 12, 22, 13], [23, 16, 24, 17], [1, 20, 2, 21], [3, 7, 4, 6]]"
12n_0101_23,"[[3, 7, 4, 6], [5, 11, 6, 10], [14, 8, 15, 7], [9, 5, 10, 4], [11, 18, 12, 19], [13, 24, 14, 1], [8, 16, 9, 15], [17, 22, 18, 23], [19, 2, 20, 3], [21, 12, 22, 13], [23, 16, 24, 17], [1, 20, 2, 21]]"
12n_0101_24,"[[2, 21, 3, 22], [4, 8, 5, 7], [6, 12, 7, 11], [15, 9, 16, 8], [10, 6, 11, 5], [12, 19, 13, 20], [14, 1, 15, 2], [9, 17, 10, 16], [18, 23, 19, 24], [20, 3, 21, 4], [22, 13, 23, 14], [24, 17, 1, 18]]"
12n_0101_25,"[[24, 17, 1, 18], [2, 21, 3, 22], [4, 8, 5, 7], [6, 12, 7, 11], [15, 9, 16, 8], [10, 6, 11, 5], [12, 19, 13, 20], [14, 1, 15, 2], [9, 17, 10, 16], [18, 23, 19, 24], [20, 3, 21, 4], [22, 13, 23, 14]]"
12n_0101_26,"[[22, 13, 23, 14], [24, 17, 1, 18], [2, 21, 3, 22], [4, 8, 5, 7], [6, 12, 7, 11], [15, 9, 16, 8], [10, 6, 11, 5], [12, 19, 13, 20], [14, 1, 15, 2], [9, 17, 10, 16], [18, 23, 19, 24], [20, 3, 21, 4]]"
12n_0101_27,"[[20, 3, 21, 4], [22, 13, 23, 14], [24, 17, 1, 18], [2, 21, 3, 22], [4, 8, 5, 7], [6, 12, 7, 11], [15, 9, 16, 8], [10, 6, 11, 5], [12, 19, 13, 20], [14, 1, 15, 2], [9, 17, 10, 16], [18, 23, 19, 24]]"
12n_0101_28,"[[18, 23, 19, 24], [20, 3, 21, 4], [22, 13, 23, 14], [24, 17, 1, 18], [2, 21, 3, 22], [4, 8, 5, 7], [6, 12, 7, 11], [15, 9, 16, 8], [10, 6, 11, 5], [12, 19, 13, 20], [14, 1, 15, 2], [9, 17, 10, 16]]"
12n_0101_29,"[[9, 17, 10, 16], [18, 23, 19, 24], [20, 3, 21, 4], [22, 13, 23, 14], [24, 17, 1, 18], [2, 21, 3, 22], [4, 8, 5, 7], [6, 12, 7, 11], [15, 9, 16, 8], [10, 6, 11, 5], [12, 19, 13, 20], [14, 1, 15, 2]]"
12n_0101_30,"[[14, 1, 15, 2], [9, 17, 10, 16], [18, 23, 19, 24], [20, 3, 21, 4], [22, 13, 23, 14], [24, 17, 1, 18], [2, 21, 3, 22], [4, 8, 5, 7], [6, 12, 7, 11], [15, 9, 16, 8], [10, 6, 11, 5], [12, 19, 13, 20]]"
12n_0101_31,"[[12, 19, 13, 20], [14, 1, 15, 2], [9, 17, 10, 16], [18, 23, 19, 24], [20, 3, 21, 4], [22, 13, 23, 14], [24, 17, 1, 18], [2, 21, 3, 22], [4, 8, 5, 7], [6, 12, 7, 11], [15, 9, 16, 8], [10, 6, 11, 5]]"
12n_0101_32,"[[10, 6, 11, 5], [12, 19, 13, 20], [14, 1, 15, 2], [9, 17, 10, 16], [18, 23, 19, 24], [20, 3, 21, 4], [22, 13, 23, 14], [24, 17, 1, 18], [2, 21, 3, 22], [4, 8, 5, 7], [6, 12, 7, 11], [15, 9, 16, 8]]"
12n_0101_33,"[[15, 9, 16, 8], [10, 6, 11, 5], [12, 19, 13, 20], [14, 1, 15, 2], [9, 17, 10, 16], [18, 23, 19, 24], [20, 3, 21, 4], [22, 13, 23, 14], [24, 17, 1, 18], [2, 21, 3, 22], [4, 8, 5, 7], [6, 12, 7, 11]]"
12n_0101_34,"[[6, 12, 7, 11], [15, 9, 16, 8], [10, 6, 11, 5], [12, 19, 13, 20], [14, 1, 15, 2], [9, 17, 10, 16], [18, 23, 19, 24], [20, 3, 21, 4], [22, 13, 23, 14], [24, 17, 1, 18], [2, 21, 3, 22], [4, 8, 5, 7]]"
12n_0101_35,"[[4, 8, 5, 7], [6, 12, 7, 11], [15, 9, 16, 8], [10, 6, 11, 5], [12, 19, 13, 20], [14, 1, 15, 2], [9, 17, 10, 16], [18, 23, 19, 24], [20, 3, 21, 4], [22, 13, 23, 14], [24, 17, 1, 18], [2, 21, 3, 22]]"
12n_0101_36,"[[3, 22, 4, 23], [5, 9, 6, 8], [7, 13, 8, 12], [16, 10, 17, 9], [11, 7, 12, 6], [13, 20, 14, 21], [15, 2, 16, 3], [10, 18, 11, 17], [19, 24, 20, 1], [21, 4, 22, 5], [23, 14, 24, 15], [1, 18, 2, 19]]"
12n_0101_37,"[[1, 18, 2, 19], [3, 22, 4, 23], [5, 9, 6, 8], [7, 13, 8, 12], [16, 10, 17, 9], [11, 7, 12, 6], [13, 20, 14, 21], [15, 2, 16, 3], [10, 18, 11, 17], [19, 24, 20, 1], [21, 4, 22, 5], [23, 14, 24, 15]]"
12n_0101_38,"[[23, 14, 24, 15], [1, 18, 2, 19], [3, 22, 4, 23], [5, 9, 6, 8], [7, 13, 8, 12], [16, 10, 17, 9], [11, 7, 12, 6], [13, 20, 14, 21], [15, 2, 16, 3], [10, 18, 11, 17], [19, 24, 20, 1], [21, 4, 22, 5]]"
12n_0101_39,"[[21, 4, 22, 5], [23, 14, 24, 15], [1, 18, 2, 19], [3, 22, 4, 23], [5, 9, 6, 8], [7, 13, 8, 12], [16, 10, 17, 9], [11, 7, 12, 6], [13, 20, 14, 21], [15, 2, 16, 3], [10, 18, 11, 17], [19, 24, 20, 1]]"
12n_0101_40,"[[19, 24, 20, 1], [21, 4, 22, 5], [23, 14, 24, 15], [1, 18, 2, 19], [3, 22, 4, 23], [5, 9, 6, 8], [7, 13, 8, 12], [16, 10, 17, 9], [11, 7, 12, 6], [13, 20, 14, 21], [15, 2, 16, 3], [10, 18, 11, 17]]"
12n_0101_41,"[[10, 18, 11, 17], [19, 24, 20, 1], [21, 4, 22, 5], [23, 14, 24, 15], [1, 18, 2, 19], [3, 22, 4, 23], [5, 9, 6, 8], [7, 13, 8, 12], [16, 10, 17, 9], [11, 7, 12, 6], [13, 20, 14, 21], [15, 2, 16, 3]]"
12n_0101_42,"[[15, 2, 16, 3], [10, 18, 11, 17], [19, 24, 20, 1], [21, 4, 22, 5], [23, 14, 24, 15], [1, 18, 2, 19], [3, 22, 4, 23], [5, 9, 6, 8], [7, 13, 8, 12], [16, 10, 17, 9], [11, 7, 12, 6], [13, 20, 14, 21]]"
12n_0101_43,"[[13, 20, 14, 21], [15, 2, 16, 3], [10, 18, 11, 17], [19, 24, 20, 1], [21, 4, 22, 5], [23, 14, 24, 15], [1, 18, 2, 19], [3, 22, 4, 23], [5, 9, 6, 8], [7, 13, 8, 12], [16, 10, 17, 9], [11, 7, 12, 6]]"
12n_0101_44,"[[11, 7, 12, 6], [13, 20, 14, 21], [15, 2, 16, 3], [10, 18, 11, 17], [19, 24, 20, 1], [21, 4, 22, 5], [23, 14, 24, 15], [1, 18, 2, 19], [3, 22, 4, 23], [5, 9, 6, 8], [7, 13, 8, 12], [16, 10, 17, 9]]"
12n_0101_45,"[[16, 10, 17, 9], [11, 7, 12, 6], [13, 20, 14, 21], [15, 2, 16, 3], [10, 18, 11, 17], [19, 24, 20, 1], [21, 4, 22, 5], [23, 14, 24, 15], [1, 18, 2, 19], [3, 22, 4, 23], [5, 9, 6, 8], [7, 13, 8, 12]]"
12n_0101_46,"[[7, 13, 8, 12], [16, 10, 17, 9], [11, 7, 12, 6], [13, 20, 14, 21], [15, 2, 16, 3], [10, 18, 11, 17], [19, 24, 20, 1], [21, 4, 22, 5], [23, 14, 24, 15], [1, 18, 2, 19], [3, 22, 4, 23], [5, 9, 6, 8]]"
12n_0101_47,"[[5, 9, 6, 8], [7, 13, 8, 12], [16, 10, 17, 9], [11, 7, 12, 6], [13, 20, 14, 21], [15, 2, 16, 3], [10, 18, 11, 17], [19, 24, 20, 1], [21, 4, 22, 5], [23, 14, 24, 15], [1, 18, 2, 19], [3, 22, 4, 23]]"
12n_0101_48,"[[4, 23, 5, 24], [6, 10, 7, 9], [8, 14, 9, 13], [17, 11, 18, 10], [12, 8, 13, 7], [14, 21, 15, 22], [16, 3, 17, 4], [11, 19, 12, 18], [20, 1, 21, 2], [22, 5, 23, 6], [24, 15, 1, 16], [2, 19, 3, 20]]"
12n_0101_49,"[[2, 19, 3, 20], [4, 23, 5, 24], [6, 10, 7, 9], [8, 14, 9, 13], [17, 11, 18, 10], [12, 8, 13, 7], [14, 21, 15, 22], [16, 3, 17, 4], [11, 19, 12, 18], [20, 1, 21, 2], [22, 5, 23, 6], [24, 15, 1, 16]]"
12n_0101_50,"[[24, 15, 1, 16], [2, 19, 3, 20], [4, 23, 5, 24], [6, 10, 7, 9], [8, 14, 9, 13], [17, 11, 18, 10], [12, 8, 13, 7], [14, 21, 15, 22], [16, 3, 17, 4], [11, 19, 12, 18], [20, 1, 21, 2], [22, 5, 23, 6]]"
12n_0101_51,"[[22, 5, 23, 6], [24, 15, 1, 16], [2, 19, 3, 20], [4, 23, 5, 24], [6, 10, 7, 9], [8, 14, 9, 13], [17, 11, 18, 10], [12, 8, 13, 7], [14, 21, 15, 22], [16, 3, 17, 4], [11, 19, 12, 18], [20, 1, 21, 2]]"
12n_0101_52,"[[20, 1, 21, 2], [22, 5, 23, 6], [24, 15, 1, 16], [2, 19, 3, 20], [4, 23, 5, 24], [6, 10, 7, 9], [8, 14, 9, 13], [17, 11, 18, 10], [12, 8, 13, 7], [14, 21, 15, 22], [16, 3, 17, 4], [11, 19, 12, 18]]"
12n_0101_53,"[[11, 19, 12, 18], [20, 1, 21, 2], [22, 5, 23, 6], [24, 15, 1, 16], [2, 19, 3, 20], [4, 23, 5, 24], [6, 10, 7, 9], [8, 14, 9, 13], [17, 11, 18, 10], [12, 8, 13, 7], [14, 21, 15, 22], [16, 3, 17, 4]]"
12n_0101_54,"[[16, 3, 17, 4], [11, 19, 12, 18], [20, 1, 21, 2], [22, 5, 23, 6], [24, 15, 1, 16], [2, 19, 3, 20], [4, 23, 5, 24], [6, 10, 7, 9], [8, 14, 9, 13], [17, 11, 18, 10], [12, 8, 13, 7], [14, 21, 15, 22]]"
12n_0101_55,"[[14, 21, 15, 22], [16, 3, 17, 4], [11, 19, 12, 18], [20, 1, 21, 2], [22, 5, 23, 6], [24, 15, 1, 16], [2, 19, 3, 20], [4, 23, 5, 24], [6, 10, 7, 9], [8, 14, 9, 13], [17, 11, 18, 10], [12, 8, 13, 7]]"
12n_0101_56,"[[12, 8, 13, 7], [14, 21, 15, 22], [16, 3, 17, 4], [11, 19, 12, 18], [20, 1, 21, 2], [22, 5, 23, 6], [24, 15, 1, 16], [2, 19, 3, 20], [4, 23, 5, 24], [6, 10, 7, 9], [8, 14, 9, 13], [17, 11, 18, 10]]"
12n_0101_57,"[[17, 11, 18, 10], [12, 8, 13, 7], [14, 21, 15, 22], [16, 3, 17, 4], [11, 19, 12, 18], [20, 1, 21, 2], [22, 5, 23, 6], [24, 15, 1, 16], [2, 19, 3, 20], [4, 23, 5, 24], [6, 10, 7, 9], [8, 14, 9, 13]]"
12n_0101_58,"[[8, 14, 9, 13], [17, 11, 18, 10], [12, 8, 13, 7], [14, 21, 15, 22], [16, 3, 17, 4], [11, 19, 12, 18], [20, 1, 21, 2], [22, 5, 23, 6], [24, 15, 1, 16], [2, 19, 3, 20], [4, 23, 5, 24], [6, 10, 7, 9]]"
12n_0101_59,"[[6, 10, 7, 9], [8, 14, 9, 13], [17, 11, 18, 10], [12, 8, 13, 7], [14, 21, 15, 22], [16, 3, 17, 4], [11, 19, 12, 18], [20, 1, 21, 2], [22, 5, 23, 6], [24, 15, 1, 16], [2, 19, 3, 20], [4, 23, 5, 24]]"
12n_0101_60,"[[5, 24, 6, 1], [7, 11, 8, 10], [9, 15, 10, 14], [18, 12, 19, 11], [13, 9, 14, 8], [15, 22, 16, 23], [17, 4, 18, 5], [12, 20, 13, 19], [21, 2, 22, 3], [23, 6, 24, 7], [1, 16, 2, 17], [3, 20, 4, 21]]"
12n_0101_61,"[[3, 20, 4, 21], [5, 24, 6, 1], [7, 11, 8, 10], [9, 15, 10, 14], [18, 12, 19, 11], [13, 9, 14, 8], [15, 22, 16, 23], [17, 4, 18, 5], [12, 20, 13, 19], [21, 2, 22, 3], [23, 6, 24, 7], [1, 16, 2, 17]]"
12n_0101_62,"[[1, 16, 2, 17], [3, 20, 4, 21], [5, 24, 6, 1], [7, 11, 8, 10], [9, 15, 10, 14], [18, 12, 19, 11], [13, 9, 14, 8], [15, 22, 16, 23], [17, 4, 18, 5], [12, 20, 13, 19], [21, 2, 22, 3], [23, 6, 24, 7]]"
12n_0101_63,"[[23, 6, 24, 7], [1, 16, 2, 17], [3, 20, 4, 21], [5, 24, 6, 1], [7, 11, 8, 10], [9, 15, 10, 14], [18, 12, 19, 11], [13, 9, 14, 8], [15, 22, 16, 23], [17, 4, 18, 5], [12, 20, 13, 19], [21, 2, 22, 3]]"
12n_0101_64,"[[21, 2, 22, 3], [23, 6, 24, 7], [1, 16, 2, 17], [3, 20, 4, 21], [5, 24, 6, 1], [7, 11, 8, 10], [9, 15, 10, 14], [18, 12, 19, 11], [13, 9, 14, 8], [15, 22, 16, 23], [17, 4, 18, 5], [12, 20, 13, 19]]"
12n_0101_65,"[[12, 20, 13, 19], [21, 2, 22, 3], [23, 6, 24, 7], [1, 16, 2, 17], [3, 20, 4, 21], [5, 24, 6, 1], [7, 11, 8, 10], [9, 15, 10, 14], [18, 12, 19, 11], [13, 9, 14, 8], [15, 22, 16, 23], [17, 4, 18, 5]]"
12n_0101_66,"[[17, 4, 18, 5], [12, 20, 13, 19], [21, 2, 22, 3], [23, 6, 24, 7], [1, 16, 2, 17], [3, 20, 4, 21], [5, 24, 6, 1], [7, 11, 8, 10], [9, 15, 10, 14], [18, 12, 19, 11], [13, 9, 14, 8], [15, 22, 16, 23]]"
12n_0101_67,"[[15, 22, 16, 23], [17, 4, 18, 5], [12, 20, 13, 19], [21, 2, 22, 3], [23, 6, 24, 7], [1, 16, 2, 17], [3, 20, 4, 21], [5, 24, 6, 1], [7, 11, 8, 10], [9, 15, 10, 14], [18, 12, 19, 11], [13, 9, 14, 8]]"
12n_0101_68,"[[13, 9, 14, 8], [15, 22, 16, 23], [17, 4, 18, 5], [12, 20, 13, 19], [21, 2, 22, 3], [23, 6, 24, 7], [1, 16, 2, 17], [3, 20, 4, 21], [5, 24, 6, 1], [7, 11, 8, 10], [9, 15, 10, 14], [18, 12, 19, 11]]"
12n_0101_69,"[[18, 12, 19, 11], [13, 9, 14, 8], [15, 22, 16, 23], [17, 4, 18, 5], [12, 20, 13, 19], [21, 2, 22, 3], [23, 6, 24, 7], [1, 16, 2, 17], [3, 20, 4, 21], [5, 24, 6, 1], [7, 11, 8, 10], [9, 15, 10, 14]]"
12n_0101_70,"[[9, 15, 10, 14], [18, 12, 19, 11], [13, 9, 14, 8], [15, 22, 16, 23], [17, 4, 18, 5], [12, 20, 13, 19], [21, 2, 22, 3], [23, 6, 24, 7], [1, 16, 2, 17], [3, 20, 4, 21], [5, 24, 6, 1], [7, 11, 8, 10]]"
12n_0101_71,"[[7, 11, 8, 10], [9, 15, 10, 14], [18, 12, 19, 11], [13, 9, 14, 8], [15, 22, 16, 23], [17, 4, 18, 5], [12, 20, 13, 19], [21, 2, 22, 3], [23, 6, 24, 7], [1, 16, 2, 17], [3, 20, 4, 21], [5, 24, 6, 1]]"
12n_0101_72,"[[6, 1, 7, 2], [8, 12, 9, 11], [10, 16, 11, 15], [19, 13, 20, 12], [14, 10, 15, 9], [16, 23, 17, 24], [18, 5, 19, 6], [13, 21, 14, 20], [22, 3, 23, 4], [24, 7, 1, 8], [2, 17, 3, 18], [4, 21, 5, 22]]"
12n_0101_73,"[[4, 21, 5, 22], [6, 1, 7, 2], [8, 12, 9, 11], [10, 16, 11, 15], [19, 13, 20, 12], [14, 10, 15, 9], [16, 23, 17, 24], [18, 5, 19, 6], [13, 21, 14, 20], [22, 3, 23, 4], [24, 7, 1, 8], [2, 17, 3, 18]]"
12n_0101_74,"[[2, 17, 3, 18], [4, 21, 5, 22], [6, 1, 7, 2], [8, 12, 9, 11], [10, 16, 11, 15], [19, 13, 20, 12], [14, 10, 15, 9], [16, 23, 17, 24], [18, 5, 19, 6], [13, 21, 14, 20], [22, 3, 23, 4], [24, 7, 1, 8]]"
12n_0101_75,"[[24, 7, 1, 8], [2, 17, 3, 18], [4, 21, 5, 22], [6, 1, 7, 2], [8, 12, 9, 11], [10, 16, 11, 15], [19, 13, 20, 12], [14, 10, 15, 9], [16, 23, 17, 24], [18, 5, 19, 6], [13, 21, 14, 20], [22, 3, 23, 4]]"
12n_0101_76,"[[22, 3, 23, 4], [24, 7, 1, 8], [2, 17, 3, 18], [4, 21, 5, 22], [6, 1, 7, 2], [8, 12, 9, 11], [10, 16, 11, 15], [19, 13, 20, 12], [14, 10, 15, 9], [16, 23, 17, 24], [18, 5, 19, 6], [13, 21, 14, 20]]"
12n_0101_77,"[[13, 21, 14, 20], [22, 3, 23, 4], [24, 7, 1, 8], [2, 17, 3, 18], [4, 21, 5, 22], [6, 1, 7, 2], [8, 12, 9, 11], [10, 16, 11, 15], [19, 13, 20, 12], [14, 10, 15, 9], [16, 23, 17, 24], [18, 5, 19, 6]]"
12n_0101_78,"[[18, 5, 19, 6], [13, 21, 14, 20], [22, 3, 23, 4], [24, 7, 1, 8], [2, 17, 3, 18], [4, 21, 5, 22], [6, 1, 7, 2], [8, 12, 9, 11], [10, 16, 11, 15], [19, 13, 20, 12], [14, 10, 15, 9], [16, 23, 17, 24]]"
12n_0101_79,"[[16, 23, 17, 24], [18, 5, 19, 6], [13, 21, 14, 20], [22, 3, 23, 4], [24, 7, 1, 8], [2, 17, 3, 18], [4, 21, 5, 22], [6, 1, 7, 2], [8, 12, 9, 11], [10, 16, 11, 15], [19, 13, 20, 12], [14, 10, 15, 9]]"
12n_0101_80,"[[14, 10, 15, 9], [16, 23, 17, 24], [18, 5, 19, 6], [13, 21, 14, 20], [22, 3, 23, 4], [24, 7, 1, 8], [2, 17, 3, 18], [4, 21, 5, 22], [6, 1, 7, 2], [8, 12, 9, 11], [10, 16, 11, 15], [19, 13, 20, 12]]"
12n_0101_81,"[[19, 13, 20, 12], [14, 10, 15, 9], [16, 23, 17, 24], [18, 5, 19, 6], [13, 21, 14, 20], [22, 3, 23, 4], [24, 7, 1, 8], [2, 17, 3, 18], [4, 21, 5, 22], [6, 1, 7, 2], [8, 12, 9, 11], [10, 16, 11, 15]]"
12n_0101_82,"[[10, 16, 11, 15], [19, 13, 20, 12], [14, 10, 15, 9], [16, 23, 17, 24], [18, 5, 19, 6], [13, 21, 14, 20], [22, 3, 23, 4], [24, 7, 1, 8], [2, 17, 3, 18], [4, 21, 5, 22], [6, 1, 7, 2], [8, 12, 9, 11]]"
12n_0101_83,"[[8, 12, 9, 11], [10, 16, 11, 15], [19, 13, 20, 12], [14, 10, 15, 9], [16, 23, 17, 24], [18, 5, 19, 6], [13, 21, 14, 20], [22, 3, 23, 4], [24, 7, 1, 8], [2, 17, 3, 18], [4, 21, 5, 22], [6, 1, 7, 2]]"
12n_0101_84,"[[7, 2, 8, 3], [9, 13, 10, 12], [11, 17, 12, 16], [20, 14, 21, 13], [15, 11, 16, 10], [17, 24, 18, 1], [19, 6, 20, 7], [14, 22, 15, 21], [23, 4, 24, 5], [1, 8, 2, 9], [3, 18, 4, 19], [5, 22, 6, 23]]"
12n_0101_85,"[[5, 22, 6, 23], [7, 2, 8, 3], [9, 13, 10, 12], [11, 17, 12, 16], [20, 14, 21, 13], [15, 11, 16, 10], [17, 24, 18, 1], [19, 6, 20, 7], [14, 22, 15, 21], [23, 4, 24, 5], [1, 8, 2, 9], [3, 18, 4, 19]]"
12n_0101_86,"[[3, 18, 4, 19], [5, 22, 6, 23], [7, 2, 8, 3], [9, 13, 10, 12], [11, 17, 12, 16], [20, 14, 21, 13], [15, 11, 16, 10], [17, 24, 18, 1], [19, 6, 20, 7], [14, 22, 15, 21], [23, 4, 24, 5], [1, 8, 2, 9]]"
12n_0101_87,"[[1, 8, 2, 9], [3, 18, 4, 19], [5, 22, 6, 23], [7, 2, 8, 3], [9, 13, 10, 12], [11, 17, 12, 16], [20, 14, 21, 13], [15, 11, 16, 10], [17, 24, 18, 1], [19, 6, 20, 7], [14, 22, 15, 21], [23, 4, 24, 5]]"
12n_0101_88,"[[23, 4, 24, 5], [1, 8, 2, 9], [3, 18, 4, 19], [5, 22, 6, 23], [7, 2, 8, 3], [9, 13, 10, 12], [11, 17, 12, 16], [20, 14, 21, 13], [15, 11, 16, 10], [17, 24, 18, 1], [19, 6, 20, 7], [14, 22, 15, 21]]"
12n_0101_89,"[[14, 22, 15, 21], [23, 4, 24, 5], [1, 8, 2, 9], [3, 18, 4, 19], [5, 22, 6, 23], [7, 2, 8, 3], [9, 13, 10, 12], [11, 17, 12, 16], [20, 14, 21, 13], [15, 11, 16, 10], [17, 24, 18, 1], [19, 6, 20, 7]]"
12n_0101_90,"[[19, 6, 20, 7], [14, 22, 15, 21], [23, 4, 24, 5], [1, 8, 2, 9], [3, 18, 4, 19], [5, 22, 6, 23], [7, 2, 8, 3], [9, 13, 10, 12], [11, 17, 12, 16], [20, 14, 21, 13], [15, 11, 16, 10], [17, 24, 18, 1]]"
12n_0101_91,"[[17, 24, 18, 1], [19, 6, 20, 7], [14, 22, 15, 21], [23, 4, 24, 5], [1, 8, 2, 9], [3, 18, 4, 19], [5, 22, 6, 23], [7, 2, 8, 3], [9, 13, 10, 12], [11, 17, 12, 16], [20, 14, 21, 13], [15, 11, 16, 10]]"
12n_0101_92,"[[15, 11, 16, 10], [17, 24, 18, 1], [19, 6, 20, 7], [14, 22, 15, 21], [23, 4, 24, 5], [1, 8, 2, 9], [3, 18, 4, 19], [5, 22, 6, 23], [7, 2, 8, 3], [9, 13, 10, 12], [11, 17, 12, 16], [20, 14, 21, 13]]"
12n_0101_93,"[[20, 14, 21, 13], [15, 11, 16, 10], [17, 24, 18, 1], [19, 6, 20, 7], [14, 22, 15, 21], [23, 4, 24, 5], [1, 8, 2, 9], [3, 18, 4, 19], [5, 22, 6, 23], [7, 2, 8, 3], [9, 13, 10, 12], [11, 17, 12, 16]]"
12n_0101_94,"[[11, 17, 12, 16], [20, 14, 21, 13], [15, 11, 16, 10], [17, 24, 18, 1], [19, 6, 20, 7], [14, 22, 15, 21], [23, 4, 24, 5], [1, 8, 2, 9], [3, 18, 4, 19], [5, 22, 6, 23], [7, 2, 8, 3], [9, 13, 10, 12]]"
12n_0101_95,"[[9, 13, 10, 12], [11, 17, 12, 16], [20, 14, 21, 13], [15, 11, 16, 10], [17, 24, 18, 1], [19, 6, 20, 7], [14, 22, 15, 21], [23, 4, 24, 5], [1, 8, 2, 9], [3, 18, 4, 19], [5, 22, 6, 23], [7, 2, 8, 3]]"
12n_0101_96,"[[8, 3, 9, 4], [10, 14, 11, 13], [12, 18, 13, 17], [21, 15, 22, 14], [16, 12, 17, 11], [18, 1, 19, 2], [20, 7, 21, 8], [15, 23, 16, 22], [24, 5, 1, 6], [2, 9, 3, 10], [4, 19, 5, 20], [6, 23, 7, 24]]"
12n_0101_97,"[[6, 23, 7, 24], [8, 3, 9, 4], [10, 14, 11, 13], [12, 18, 13, 17], [21, 15, 22, 14], [16, 12, 17, 11], [18, 1, 19, 2], [20, 7, 21, 8], [15, 23, 16, 22], [24, 5, 1, 6], [2, 9, 3, 10], [4, 19, 5, 20]]"
12n_0101_98,"[[4, 19, 5, 20], [6, 23, 7, 24], [8, 3, 9, 4], [10, 14, 11, 13], [12, 18, 13, 17], [21, 15, 22, 14], [16, 12, 17, 11], [18, 1, 19, 2], [20, 7, 21, 8], [15, 23, 16, 22], [24, 5, 1, 6], [2, 9, 3, 10]]"
12n_0101_99,"[[2, 9, 3, 10], [4, 19, 5, 20], [6, 23, 7, 24], [8, 3, 9, 4], [10, 14, 11, 13], [12, 18, 13, 17], [21, 15, 22, 14], [16, 12, 17, 11], [18, 1, 19, 2], [20, 7, 21, 8], [15, 23, 16, 22], [24, 5, 1, 6]]"
12n_0101_100,"[[24, 5, 1, 6], [2, 9, 3, 10], [4, 19, 5, 20], [6, 23, 7, 24], [8, 3, 9, 4], [10, 14, 11, 13], [12, 18, 13, 17], [21, 15, 22, 14], [16, 12, 17, 11], [18, 1, 19, 2], [20, 7, 21, 8], [15, 23, 16, 22]]"
12n_0101_101,"[[15, 23, 16, 22], [24, 5, 1, 6], [2, 9, 3, 10], [4, 19, 5, 20], [6, 23, 7, 24], [8, 3, 9, 4], [10, 14, 11, 13], [12, 18, 13, 17], [21, 15, 22, 14], [16, 12, 17, 11], [18, 1, 19, 2], [20, 7, 21, 8]]"
12n_0101_102,"[[20, 7, 21, 8], [15, 23, 16, 22], [24, 5, 1, 6], [2, 9, 3, 10], [4, 19, 5, 20], [6, 23, 7, 24], [8, 3, 9, 4], [10, 14, 11, 13], [12, 18, 13, 17], [21, 15, 22, 14], [16, 12, 17, 11], [18, 1, 19, 2]]"
12n_0101_103,"[[18, 1, 19, 2], [20, 7, 21, 8], [15, 23, 16, 22], [24, 5, 1, 6], [2, 9, 3, 10], [4, 19, 5, 20], [6, 23, 7, 24], [8, 3, 9, 4], [10, 14, 11, 13], [12, 18, 13, 17], [21, 15, 22, 14], [16, 12, 17, 11]]"
12n_0101_104,"[[16, 12, 17, 11], [18, 1, 19, 2], [20, 7, 21, 8], [15, 23, 16, 22], [24, 5, 1, 6], [2, 9, 3, 10], [4, 19, 5, 20], [6, 23, 7, 24], [8, 3, 9, 4], [10, 14, 11, 13], [12, 18, 13, 17], [21, 15, 22, 14]]"
12n_0101_105,"[[21, 15, 22, 14], [16, 12, 17, 11], [18, 1, 19, 2], [20, 7, 21, 8], [15, 23, 16, 22], [24, 5, 1, 6], [2, 9, 3, 10], [4, 19, 5, 20], [6, 23, 7, 24], [8, 3, 9, 4], [10, 14, 11, 13], [12, 18, 13, 17]]"
12n_0101_106,"[[12, 18, 13, 17], [21, 15, 22, 14], [16, 12, 17, 11], [18, 1, 19, 2], [20, 7, 21, 8], [15, 23, 16, 22], [24, 5, 1, 6], [2, 9, 3, 10], [4, 19, 5, 20], [6, 23, 7, 24], [8, 3, 9, 4], [10, 14, 11, 13]]"
12n_0101_107,"[[10, 14, 11, 13], [12, 18, 13, 17], [21, 15, 22, 14], [16, 12, 17, 11], [18, 1, 19, 2], [20, 7, 21, 8], [15, 23, 16, 22], [24, 5, 1, 6], [2, 9, 3, 10], [4, 19, 5, 20], [6, 23, 7, 24], [8, 3, 9, 4]]"
12n_0101_108,"[[9, 4, 10, 5], [11, 15, 12, 14], [13, 19, 14, 18], [22, 16, 23, 15], [17, 13, 18, 12], [19, 2, 20, 3], [21, 8, 22, 9], [16, 24, 17, 23], [1, 6, 2, 7], [3, 10, 4, 11], [5, 20, 6, 21], [7, 24, 8, 1]]"
12n_0101_109,"[[7, 24, 8, 1], [9, 4, 10, 5], [11, 15, 12, 14], [13, 19, 14, 18], [22, 16, 23, 15], [17, 13, 18, 12], [19, 2, 20, 3], [21, 8, 22, 9], [16, 24, 17, 23], [1, 6, 2, 7], [3, 10, 4, 11], [5, 20, 6, 21]]"
12n_0101_110,"[[5, 20, 6, 21], [7, 24, 8, 1], [9, 4, 10, 5], [11, 15, 12, 14], [13, 19, 14, 18], [22, 16, 23, 15], [17, 13, 18, 12], [19, 2, 20, 3], [21, 8, 22, 9], [16, 24, 17, 23], [1, 6, 2, 7], [3, 10, 4, 11]]"
12n_0101_111,"[[3, 10, 4, 11], [5, 20, 6, 21], [7, 24, 8, 1], [9, 4, 10, 5], [11, 15, 12, 14], [13, 19, 14, 18], [22, 16, 23, 15], [17, 13, 18, 12], [19, 2, 20, 3], [21, 8, 22, 9], [16, 24, 17, 23], [1, 6, 2, 7]]"
12n_0101_112,"[[1, 6, 2, 7], [3, 10, 4, 11], [5, 20, 6, 21], [7, 24, 8, 1], [9, 4, 10, 5], [11, 15, 12, 14], [13, 19, 14, 18], [22, 16, 23, 15], [17, 13, 18, 12], [19, 2, 20, 3], [21, 8, 22, 9], [16, 24, 17, 23]]"
12n_0101_113,"[[16, 24, 17, 23], [1, 6, 2, 7], [3, 10, 4, 11], [5, 20, 6, 21], [7, 24, 8, 1], [9, 4, 10, 5], [11, 15, 12, 14], [13, 19, 14, 18], [22, 16, 23, 15], [17, 13, 18, 12], [19, 2, 20, 3], [21, 8, 22, 9]]"
12n_0101_114,"[[21, 8, 22, 9], [16, 24, 17, 23], [1, 6, 2, 7], [3, 10, 4, 11], [5, 20, 6, 21], [7, 24, 8, 1], [9, 4, 10, 5], [11, 15, 12, 14], [13, 19, 14, 18], [22, 16, 23, 15], [17, 13, 18, 12], [19, 2, 20, 3]]"
12n_0101_115,"[[19, 2, 20, 3], [21, 8, 22, 9], [16, 24, 17, 23], [1, 6, 2, 7], [3, 10, 4, 11], [5, 20, 6, 21], [7, 24, 8, 1], [9, 4, 10, 5], [11, 15, 12, 14], [13, 19, 14, 18], [22, 16, 23, 15], [17, 13, 18, 12]]"
12n_0101_116,"[[17, 13, 18, 12], [19, 2, 20, 3], [21, 8, 22, 9], [16, 24, 17, 23], [1, 6, 2, 7], [3, 10, 4, 11], [5, 20, 6, 21], [7, 24, 8, 1], [9, 4, 10, 5], [11, 15, 12, 14], [13, 19, 14, 18], [22, 16, 23, 15]]"
12n_0101_117,"[[22, 16, 23, 15], [17, 13, 18, 12], [19, 2, 20, 3], [21, 8, 22, 9], [16, 24, 17, 23], [1, 6, 2, 7], [3, 10, 4, 11], [5, 20, 6, 21], [7, 24, 8, 1], [9, 4, 10, 5], [11, 15, 12, 14], [13, 19, 14, 18]]"
12n_0101_118,"[[13, 19, 14, 18], [22, 16, 23, 15], [17, 13, 18, 12], [19, 2, 20, 3], [21, 8, 22, 9], [16, 24, 17, 23], [1, 6, 2, 7], [3, 10, 4, 11], [5, 20, 6, 21], [7, 24, 8, 1], [9, 4, 10, 5], [11, 15, 12, 14]]"
12n_0101_119,"[[11, 15, 12, 14], [13, 19, 14, 18], [22, 16, 23, 15], [17, 13, 18, 12], [19, 2, 20, 3], [21, 8, 22, 9], [16, 24, 17, 23], [1, 6, 2, 7], [3, 10, 4, 11], [5, 20, 6, 21], [7, 24, 8, 1], [9, 4, 10, 5]]"
12n_0101_120,"[[10, 5, 11, 6], [12, 16, 13, 15], [14, 20, 15, 19], [23, 17, 24, 16], [18, 14, 19, 13], [20, 3, 21, 4], [22, 9, 23, 10], [17, 1, 18, 24], [2, 7, 3, 8], [4, 11, 5, 12], [6, 21, 7, 22], [8, 1, 9, 2]]"
12n_0101_121,"[[8, 1, 9, 2], [10, 5, 11, 6], [12, 16, 13, 15], [14, 20, 15, 19], [23, 17, 24, 16], [18, 14, 19, 13], [20, 3, 21, 4], [22, 9, 23, 10], [17, 1, 18, 24], [2, 7, 3, 8], [4, 11, 5, 12], [6, 21, 7, 22]]"
12n_0101_122,"[[6, 21, 7, 22], [8, 1, 9, 2], [10, 5, 11, 6], [12, 16, 13, 15], [14, 20, 15, 19], [23, 17, 24, 16], [18, 14, 19, 13], [20, 3, 21, 4], [22, 9, 23, 10], [17, 1, 18, 24], [2, 7, 3, 8], [4, 11, 5, 12]]"
12n_0101_123,"[[4, 11, 5, 12], [6, 21, 7, 22], [8, 1, 9, 2], [10, 5, 11, 6], [12, 16, 13, 15], [14, 20, 15, 19], [23, 17, 24, 16], [18, 14, 19, 13], [20, 3, 21, 4], [22, 9, 23, 10], [17, 1, 18, 24], [2, 7, 3, 8]]"
12n_0101_124,"[[2, 7, 3, 8], [4, 11, 5, 12], [6, 21, 7, 22], [8, 1, 9, 2], [10, 5, 11, 6], [12, 16, 13, 15], [14, 20, 15, 19], [23, 17, 24, 16], [18, 14, 19, 13], [20, 3, 21, 4], [22, 9, 23, 10], [17, 1, 18, 24]]"
12n_0101_125,"[[17, 1, 18, 24], [2, 7, 3, 8], [4, 11, 5, 12], [6, 21, 7, 22], [8, 1, 9, 2], [10, 5, 11, 6], [12, 16, 13, 15], [14, 20, 15, 19], [23, 17, 24, 16], [18, 14, 19, 13], [20, 3, 21, 4], [22, 9, 23, 10]]"
12n_0101_126,"[[22, 9, 23, 10], [17, 1, 18, 24], [2, 7, 3, 8], [4, 11, 5, 12], [6, 21, 7, 22], [8, 1, 9, 2], [10, 5, 11, 6], [12, 16, 13, 15], [14, 20, 15, 19], [23, 17, 24, 16], [18, 14, 19, 13], [20, 3, 21, 4]]"
12n_0101_127,"[[20, 3, 21, 4], [22, 9, 23, 10], [17, 1, 18, 24], [2, 7, 3, 8], [4, 11, 5, 12], [6, 21, 7, 22], [8, 1, 9, 2], [10, 5, 11, 6], [12, 16, 13, 15], [14, 20, 15, 19], [23, 17, 24, 16], [18, 14, 19, 13]]"
12n_0101_128,"[[18, 14, 19, 13], [20, 3, 21, 4], [22, 9, 23, 10], [17, 1, 18, 24], [2, 7, 3, 8], [4, 11, 5, 12], [6, 21, 7, 22], [8, 1, 9, 2], [10, 5, 11, 6], [12, 16, 13, 15], [14, 20, 15, 19], [23, 17, 24, 16]]"
12n_0101_129,"[[23, 17, 24, 16], [18, 14, 19, 13], [20, 3, 21, 4], [22, 9, 23, 10], [17, 1, 18, 24], [2, 7, 3, 8], [4, 11, 5, 12], [6, 21, 7, 22], [8, 1, 9, 2], [10, 5, 11, 6], [12, 16, 13, 15], [14, 20, 15, 19]]"
12n_0101_130,"[[14, 20, 15, 19], [23, 17, 24, 16], [18, 14, 19, 13], [20, 3, 21, 4], [22, 9, 23, 10], [17, 1, 18, 24], [2, 7, 3, 8], [4, 11, 5, 12], [6, 21, 7, 22], [8, 1, 9, 2], [10, 5, 11, 6], [12, 16, 13, 15]]"
12n_0101_131,"[[12, 16, 13, 15], [14, 20, 15, 19], [23, 17, 24, 16], [18, 14, 19, 13], [20, 3, 21, 4], [22, 9, 23, 10], [17, 1, 18, 24], [2, 7, 3, 8], [4, 11, 5, 12], [6, 21, 7, 22], [8, 1, 9, 2], [10, 5, 11, 6]]"
12n_0101_132,"[[11, 6, 12, 7], [13, 17, 14, 16], [15, 21, 16, 20], [24, 18, 1, 17], [19, 15, 20, 14], [21, 4, 22, 5], [23, 10, 24, 11], [18, 2, 19, 1], [3, 8, 4, 9], [5, 12, 6, 13], [7, 22, 8, 23], [9, 2, 10, 3]]"
12n_0101_133,"[[9, 2, 10, 3], [11, 6, 12, 7], [13, 17, 14, 16], [15, 21, 16, 20], [24, 18, 1, 17], [19, 15, 20, 14], [21, 4, 22, 5], [23, 10, 24, 11], [18, 2, 19, 1], [3, 8, 4, 9], [5, 12, 6, 13], [7, 22, 8, 23]]"
12n_0101_134,"[[7, 22, 8, 23], [9, 2, 10, 3], [11, 6, 12, 7], [13, 17, 14, 16], [15, 21, 16, 20], [24, 18, 1, 17], [19, 15, 20, 14], [21, 4, 22, 5], [23, 10, 24, 11], [18, 2, 19, 1], [3, 8, 4, 9], [5, 12, 6, 13]]"
12n_0101_135,"[[5, 12, 6, 13], [7, 22, 8, 23], [9, 2, 10, 3], [11, 6, 12, 7], [13, 17, 14, 16], [15, 21, 16, 20], [24, 18, 1, 17], [19, 15, 20, 14], [21, 4, 22, 5], [23, 10, 24, 11], [18, 2, 19, 1], [3, 8, 4, 9]]"
12n_0101_136,"[[3, 8, 4, 9], [5, 12, 6, 13], [7, 22, 8, 23], [9, 2, 10, 3], [11, 6, 12, 7], [13, 17, 14, 16], [15, 21, 16, 20], [24, 18, 1, 17], [19, 15, 20, 14], [21, 4, 22, 5], [23, 10, 24, 11], [18, 2, 19, 1]]"
12n_0101_137,"[[18, 2, 19, 1], [3, 8, 4, 9], [5, 12, 6, 13], [7, 22, 8, 23], [9, 2, 10, 3], [11, 6, 12, 7], [13, 17, 14, 16], [15, 21, 16, 20], [24, 18, 1, 17], [19, 15, 20, 14], [21, 4, 22, 5], [23, 10, 24, 11]]"
12n_0101_138,"[[23, 10, 24, 11], [18, 2, 19, 1], [3, 8, 4, 9], [5, 12, 6, 13], [7, 22, 8, 23], [9, 2, 10, 3], [11, 6, 12, 7], [13, 17, 14, 16], [15, 21, 16, 20], [24, 18, 1, 17], [19, 15, 20, 14], [21, 4, 22, 5]]"
12n_0101_139,"[[21, 4, 22, 5], [23, 10, 24, 11], [18, 2, 19, 1], [3, 8, 4, 9], [5, 12, 6, 13], [7, 22, 8, 23], [9, 2, 10, 3], [11, 6, 12, 7], [13, 17, 14, 16], [15, 21, 16, 20], [24, 18, 1, 17], [19, 15, 20, 14]]"
12n_0101_140,"[[19, 15, 20, 14], [21, 4, 22, 5], [23, 10, 24, 11], [18, 2, 19, 1], [3, 8, 4, 9], [5, 12, 6, 13], [7, 22, 8, 23], [9, 2, 10, 3], [11, 6, 12, 7], [13, 17, 14, 16], [15, 21, 16, 20], [24, 18, 1, 17]]"
12n_0101_141,"[[24, 18, 1, 17], [19, 15, 20, 14], [21, 4, 22, 5], [23, 10, 24, 11], [18, 2, 19, 1], [3, 8, 4, 9], [5, 12, 6, 13], [7, 22, 8, 23], [9, 2, 10, 3], [11, 6, 12, 7], [13, 17, 14, 16], [15, 21, 16, 20]]"
12n_0101_142,"[[15, 21, 16, 20], [24, 18, 1, 17], [19, 15, 20, 14], [21, 4, 22, 5], [23, 10, 24, 11], [18, 2, 19, 1], [3, 8, 4, 9], [5, 12, 6, 13], [7, 22, 8, 23], [9, 2, 10, 3], [11, 6, 12, 7], [13, 17, 14, 16]]"
12n_0101_143,"[[13, 17, 14, 16], [15, 21, 16, 20], [24, 18, 1, 17], [19, 15, 20, 14], [21, 4, 22, 5], [23, 10, 24, 11], [18, 2, 19, 1], [3, 8, 4, 9], [5, 12, 6, 13], [7, 22, 8, 23], [9, 2, 10, 3], [11, 6, 12, 7]]"
12n_0101_144,"[[12, 7, 13, 8], [14, 18, 15, 17], [16, 22, 17, 21], [1, 19, 2, 18], [20, 16, 21, 15], [22, 5, 23, 6], [24, 11, 1, 12], [19, 3, 20, 2], [4, 9, 5, 10], [6, 13, 7, 14], [8, 23, 9, 24], [10, 3, 11, 4]]"
12n_0101_145,"[[10, 3, 11, 4], [12, 7, 13, 8], [14, 18, 15, 17], [16, 22, 17, 21], [1, 19, 2, 18], [20, 16, 21, 15], [22, 5, 23, 6], [24, 11, 1, 12], [19, 3, 20, 2], [4, 9, 5, 10], [6, 13, 7, 14], [8, 23, 9, 24]]"
12n_0101_146,"[[8, 23, 9, 24], [10, 3, 11, 4], [12, 7, 13, 8], [14, 18, 15, 17], [16, 22, 17, 21], [1, 19, 2, 18], [20, 16, 21, 15], [22, 5, 23, 6], [24, 11, 1, 12], [19, 3, 20, 2], [4, 9, 5, 10], [6, 13, 7, 14]]"
12n_0101_147,"[[6, 13, 7, 14], [8, 23, 9, 24], [10, 3, 11, 4], [12, 7, 13, 8], [14, 18, 15, 17], [16, 22, 17, 21], [1, 19, 2, 18], [20, 16, 21, 15], [22, 5, 23, 6], [24, 11, 1, 12], [19, 3, 20, 2], [4, 9, 5, 10]]"
12n_0101_148,"[[4, 9, 5, 10], [6, 13, 7, 14], [8, 23, 9, 24], [10, 3, 11, 4], [12, 7, 13, 8], [14, 18, 15, 17], [16, 22, 17, 21], [1, 19, 2, 18], [20, 16, 21, 15], [22, 5, 23, 6], [24, 11, 1, 12], [19, 3, 20, 2]]"
12n_0101_149,"[[19, 3, 20, 2], [4, 9, 5, 10], [6, 13, 7, 14], [8, 23, 9, 24], [10, 3, 11, 4], [12, 7, 13, 8], [14, 18, 15, 17], [16, 22, 17, 21], [1, 19, 2, 18], [20, 16, 21, 15], [22, 5, 23, 6], [24, 11, 1, 12]]"
12n_0101_150,"[[24, 11, 1, 12], [19, 3, 20, 2], [4, 9, 5, 10], [6, 13, 7, 14], [8, 23, 9, 24], [10, 3, 11, 4], [12, 7, 13, 8], [14, 18, 15, 17], [16, 22, 17, 21], [1, 19, 2, 18], [20, 16, 21, 15], [22, 5, 23, 6]]"
12n_0101_151,"[[22, 5, 23, 6], [24, 11, 1, 12], [19, 3, 20, 2], [4, 9, 5, 10], [6, 13, 7, 14], [8, 23, 9, 24], [10, 3, 11, 4], [12, 7, 13, 8], [14, 18, 15, 17], [16, 22, 17, 21], [1, 19, 2, 18], [20, 16, 21, 15]]"
12n_0101_152,"[[20, 16, 21, 15], [22, 5, 23, 6], [24, 11, 1, 12], [19, 3, 20, 2], [4, 9, 5, 10], [6, 13, 7, 14], [8, 23, 9, 24], [10, 3, 11, 4], [12, 7, 13, 8], [14, 18, 15, 17], [16, 22, 17, 21], [1, 19, 2, 18]]"
12n_0101_153,"[[1, 19, 2, 18], [20, 16, 21, 15], [22, 5, 23, 6], [24, 11, 1, 12], [19, 3, 20, 2], [4, 9, 5, 10], [6, 13, 7, 14], [8, 23, 9, 24], [10, 3, 11, 4], [12, 7, 13, 8], [14, 18, 15, 17], [16, 22, 17, 21]]"
12n_0101_154,"[[16, 22, 17, 21], [1, 19, 2, 18], [20, 16, 21, 15], [22, 5, 23, 6], [24, 11, 1, 12], [19, 3, 20, 2], [4, 9, 5, 10], [6, 13, 7, 14], [8, 23, 9, 24], [10, 3, 11, 4], [12, 7, 13, 8], [14, 18, 15, 17]]"
12n_0101_155,"[[14, 18, 15, 17], [16, 22, 17, 21], [1, 19, 2, 18], [20, 16, 21, 15], [22, 5, 23, 6], [24, 11, 1, 12], [19, 3, 20, 2], [4, 9, 5, 10], [6, 13, 7, 14], [8, 23, 9, 24], [10, 3, 11, 4], [12, 7, 13, 8]]"
12n_0101_156,"[[13, 8, 14, 9], [15, 19, 16, 18], [17, 23, 18, 22], [2, 20, 3, 19], [21, 17, 22, 16], [23, 6, 24, 7], [1, 12, 2, 13], [20, 4, 21, 3], [5, 10, 6, 11], [7, 14, 8, 15], [9, 24, 10, 1], [11, 4, 12, 5]]"
12n_0101_157,"[[11, 4, 12, 5], [13, 8, 14, 9], [15, 19, 16, 18], [17, 23, 18, 22], [2, 20, 3, 19], [21, 17, 22, 16], [23, 6, 24, 7], [1, 12, 2, 13], [20, 4, 21, 3], [5, 10, 6, 11], [7, 14, 8, 15], [9, 24, 10, 1]]"
12n_0101_158,"[[9, 24, 10, 1], [11, 4, 12, 5], [13, 8, 14, 9], [15, 19, 16, 18], [17, 23, 18, 22], [2, 20, 3, 19], [21, 17, 22, 16], [23, 6, 24, 7], [1, 12, 2, 13], [20, 4, 21, 3], [5, 10, 6, 11], [7, 14, 8, 15]]"
12n_0101_159,"[[7, 14, 8, 15], [9, 24, 10, 1], [11, 4, 12, 5], [13, 8, 14, 9], [15, 19, 16, 18], [17, 23, 18, 22], [2, 20, 3, 19], [21, 17, 22, 16], [23, 6, 24, 7], [1, 12, 2, 13], [20, 4, 21, 3], [5, 10, 6, 11]]"
12n_0101_160,"[[5, 10, 6, 11], [7, 14, 8, 15], [9, 24, 10, 1], [11, 4, 12, 5], [13, 8, 14, 9], [15, 19, 16, 18], [17, 23, 18, 22], [2, 20, 3, 19], [21, 17, 22, 16], [23, 6, 24, 7], [1, 12, 2, 13], [20, 4, 21, 3]]"
12n_0101_161,"[[20, 4, 21, 3], [5, 10, 6, 11], [7, 14, 8, 15], [9, 24, 10, 1], [11, 4, 12, 5], [13, 8, 14, 9], [15, 19, 16, 18], [17, 23, 18, 22], [2, 20, 3, 19], [21, 17, 22, 16], [23, 6, 24, 7], [1, 12, 2, 13]]"
12n_0101_162,"[[1, 12, 2, 13], [20, 4, 21, 3], [5, 10, 6, 11], [7, 14, 8, 15], [9, 24, 10, 1], [11, 4, 12, 5], [13, 8, 14, 9], [15, 19, 16, 18], [17, 23, 18, 22], [2, 20, 3, 19], [21, 17, 22, 16], [23, 6, 24, 7]]"
12n_0101_163,"[[23, 6, 24, 7], [1, 12, 2, 13], [20, 4, 21, 3], [5, 10, 6, 11], [7, 14, 8, 15], [9, 24, 10, 1], [11, 4, 12, 5], [13, 8, 14, 9], [15, 19, 16, 18], [17, 23, 18, 22], [2, 20, 3, 19], [21, 17, 22, 16]]"
12n_0101_164,"[[21, 17, 22, 16], [23, 6, 24, 7], [1, 12, 2, 13], [20, 4, 21, 3], [5, 10, 6, 11], [7, 14, 8, 15], [9, 24, 10, 1], [11, 4, 12, 5], [13, 8, 14, 9], [15, 19, 16, 18], [17, 23, 18, 22], [2, 20, 3, 19]]"
12n_0101_165,"[[2, 20, 3, 19], [21, 17, 22, 16], [23, 6, 24, 7], [1, 12, 2, 13], [20, 4, 21, 3], [5, 10, 6, 11], [7, 14, 8, 15], [9, 24, 10, 1], [11, 4, 12, 5], [13, 8, 14, 9], [15, 19, 16, 18], [17, 23, 18, 22]]"
12n_0101_166,"[[17, 23, 18, 22], [2, 20, 3, 19], [21, 17, 22, 16], [23, 6, 24, 7], [1, 12, 2, 13], [20, 4, 21, 3], [5, 10, 6, 11], [7, 14, 8, 15], [9, 24, 10, 1], [11, 4, 12, 5], [13, 8, 14, 9], [15, 19, 16, 18]]"
12n_0101_167,"[[15, 19, 16, 18], [17, 23, 18, 22], [2, 20, 3, 19], [21, 17, 22, 16], [23, 6, 24, 7], [1, 12, 2, 13], [20, 4, 21, 3], [5, 10, 6, 11], [7, 14, 8, 15], [9, 24, 10, 1], [11, 4, 12, 5], [13, 8, 14, 9]]"
12n_0101_168,"[[14, 9, 15, 10], [16, 20, 17, 19], [18, 24, 19, 23], [3, 21, 4, 20], [22, 18, 23, 17], [24, 7, 1, 8], [2, 13, 3, 14], [21, 5, 22, 4], [6, 11, 7, 12], [8, 15, 9, 16], [10, 1, 11, 2], [12, 5, 13, 6]]"
12n_0101_169,"[[12, 5, 13, 6], [14, 9, 15, 10], [16, 20, 17, 19], [18, 24, 19, 23], [3, 21, 4, 20], [22, 18, 23, 17], [24, 7, 1, 8], [2, 13, 3, 14], [21, 5, 22, 4], [6, 11, 7, 12], [8, 15, 9, 16], [10, 1, 11, 2]]"
12n_0101_170,"[[10, 1, 11, 2], [12, 5, 13, 6], [14, 9, 15, 10], [16, 20, 17, 19], [18, 24, 19, 23], [3, 21, 4, 20], [22, 18, 23, 17], [24, 7, 1, 8], [2, 13, 3, 14], [21, 5, 22, 4], [6, 11, 7, 12], [8, 15, 9, 16]]"
12n_0101_171,"[[8, 15, 9, 16], [10, 1, 11, 2], [12, 5, 13, 6], [14, 9, 15, 10], [16, 20, 17, 19], [18, 24, 19, 23], [3, 21, 4, 20], [22, 18, 23, 17], [24, 7, 1, 8], [2, 13, 3, 14], [21, 5, 22, 4], [6, 11, 7, 12]]"
12n_0101_172,"[[6, 11, 7, 12], [8, 15, 9, 16], [10, 1, 11, 2], [12, 5, 13, 6], [14, 9, 15, 10], [16, 20, 17, 19], [18, 24, 19, 23], [3, 21, 4, 20], [22, 18, 23, 17], [24, 7, 1, 8], [2, 13, 3, 14], [21, 5, 22, 4]]"
12n_0101_173,"[[21, 5, 22, 4], [6, 11, 7, 12], [8, 15, 9, 16], [10, 1, 11, 2], [12, 5, 13, 6], [14, 9, 15, 10], [16, 20, 17, 19], [18, 24, 19, 23], [3, 21, 4, 20], [22, 18, 23, 17], [24, 7, 1, 8], [2, 13, 3, 14]]"
12n_0101_174,"[[2, 13, 3, 14], [21, 5, 22, 4], [6, 11, 7, 12], [8, 15, 9, 16], [10, 1, 11, 2], [12, 5, 13, 6], [14, 9, 15, 10], [16, 20, 17, 19], [18, 24, 19, 23], [3, 21, 4, 20], [22, 18, 23, 17], [24, 7, 1, 8]]"
12n_0101_175,"[[24, 7, 1, 8], [2, 13, 3, 14], [21, 5, 22, 4], [6, 11, 7, 12], [8, 15, 9, 16], [10, 1, 11, 2], [12, 5, 13, 6], [14, 9, 15, 10], [16, 20, 17, 19], [18, 24, 19, 23], [3, 21, 4, 20], [22, 18, 23, 17]]"
12n_0101_176,"[[22, 18, 23, 17], [24, 7, 1, 8], [2, 13, 3, 14], [21, 5, 22, 4], [6, 11, 7, 12], [8, 15, 9, 16], [10, 1, 11, 2], [12, 5, 13, 6], [14, 9, 15, 10], [16, 20, 17, 19], [18, 24, 19, 23], [3, 21, 4, 20]]"
12n_0101_177,"[[3, 21, 4, 20], [22, 18, 23, 17], [24, 7, 1, 8], [2, 13, 3, 14], [21, 5, 22, 4], [6, 11, 7, 12], [8, 15, 9, 16], [10, 1, 11, 2], [12, 5, 13, 6], [14, 9, 15, 10], [16, 20, 17, 19], [18, 24, 19, 23]]"
12n_0101_178,"[[18, 24, 19, 23], [3, 21, 4, 20], [22, 18, 23, 17], [24, 7, 1, 8], [2, 13, 3, 14], [21, 5, 22, 4], [6, 11, 7, 12], [8, 15, 9, 16], [10, 1, 11, 2], [12, 5, 13, 6], [14, 9, 15, 10], [16, 20, 17, 19]]"
12n_0101_179,"[[16, 20, 17, 19], [18, 24, 19, 23], [3, 21, 4, 20], [22, 18, 23, 17], [24, 7, 1, 8], [2, 13, 3, 14], [21, 5, 22, 4], [6, 11, 7, 12], [8, 15, 9, 16], [10, 1, 11, 2], [12, 5, 13, 6], [14, 9, 15, 10]]"
12n_0101_180,"[[15, 10, 16, 11], [17, 21, 18, 20], [19, 1, 20, 24], [4, 22, 5, 21], [23, 19, 24, 18], [1, 8, 2, 9], [3, 14, 4, 15], [22, 6, 23, 5], [7, 12, 8, 13], [9, 16, 10, 17], [11, 2, 12, 3], [13, 6, 14, 7]]"
12n_0101_181,"[[13, 6, 14, 7], [15, 10, 16, 11], [17, 21, 18, 20], [19, 1, 20, 24], [4, 22, 5, 21], [23, 19, 24, 18], [1, 8, 2, 9], [3, 14, 4, 15], [22, 6, 23, 5], [7, 12, 8, 13], [9, 16, 10, 17], [11, 2, 12, 3]]"
12n_0101_182,"[[11, 2, 12, 3], [13, 6, 14, 7], [15, 10, 16, 11], [17, 21, 18, 20], [19, 1, 20, 24], [4, 22, 5, 21], [23, 19, 24, 18], [1, 8, 2, 9], [3, 14, 4, 15], [22, 6, 23, 5], [7, 12, 8, 13], [9, 16, 10, 17]]"
12n_0101_183,"[[9, 16, 10, 17], [11, 2, 12, 3], [13, 6, 14, 7], [15, 10, 16, 11], [17, 21, 18, 20], [19, 1, 20, 24], [4, 22, 5, 21], [23, 19, 24, 18], [1, 8, 2, 9], [3, 14, 4, 15], [22, 6, 23, 5], [7, 12, 8, 13]]"
12n_0101_184,"[[7, 12, 8, 13], [9, 16, 10, 17], [11, 2, 12, 3], [13, 6, 14, 7], [15, 10, 16, 11], [17, 21, 18, 20], [19, 1, 20, 24], [4, 22, 5, 21], [23, 19, 24, 18], [1, 8, 2, 9], [3, 14, 4, 15], [22, 6, 23, 5]]"
12n_0101_185,"[[22, 6, 23, 5], [7, 12, 8, 13], [9, 16, 10, 17], [11, 2, 12, 3], [13, 6, 14, 7], [15, 10, 16, 11], [17, 21, 18, 20], [19, 1, 20, 24], [4, 22, 5, 21], [23, 19, 24, 18], [1, 8, 2, 9], [3, 14, 4, 15]]"
