name,pd_notation
12n_0075_0,"[[24, 17, 1, 18], [2, 6, 3, 5], [4, 10, 5, 9], [13, 7, 14, 6], [8, 4, 9, 3], [10, 15, 11, 16], [12, 21, 13, 22], [7, 15, 8, 14], [16, 23, 17, 24], [18, 1, 19, 2], [20, 11, 21, 12], [22, 19, 23, 20]]"
12n_0075_1,"[[22, 19, 23, 20], [24, 17, 1, 18], [2, 6, 3, 5], [4, 10, 5, 9], [13, 7, 14, 6], [8, 4, 9, 3], [10, 15, 11, 16], [12, 21, 13, 22], [7, 15, 8, 14], [16, 23, 17, 24], [18, 1, 19, 2], [20, 11, 21, 12]]"
12n_0075_2,"[[20, 11, 21, 12], [22, 19, 23, 20], [24, 17, 1, 18], [2, 6, 3, 5], [4, 10, 5, 9], [13, 7, 14, 6], [8, 4, 9, 3], [10, 15, 11, 16], [12, 21, 13, 22], [7, 15, 8, 14], [16, 23, 17, 24], [18, 1, 19, 2]]"
12n_0075_3,"[[18, 1, 19, 2], [20, 11, 21, 12], [22, 19, 23, 20], [24, 17, 1, 18], [2, 6, 3, 5], [4, 10, 5, 9], [13, 7, 14, 6], [8, 4, 9, 3], [10, 15, 11, 16], [12, 21, 13, 22], [7, 15, 8, 14], [16, 23, 17, 24]]"
12n_0075_4,"[[16, 23, 17, 24], [18, 1, 19, 2], [20, 11, 21, 12], [22, 19, 23, 20], [24, 17, 1, 18], [2, 6, 3, 5], [4, 10, 5, 9], [13, 7, 14, 6], [8, 4, 9, 3], [10, 15, 11, 16], [12, 21, 13, 22], [7, 15, 8, 14]]"
12n_0075_5,"[[7, 15, 8, 14], [16, 23, 17, 24], [18, 1, 19, 2], [20, 11, 21, 12], [22, 19, 23, 20], [24, 17, 1, 18], [2, 6, 3, 5], [4, 10, 5, 9], [13, 7, 14, 6], [8, 4, 9, 3], [10, 15, 11, 16], [12, 21, 13, 22]]"
12n_0075_6,"[[12, 21, 13, 22], [7, 15, 8, 14], [16, 23, 17, 24], [18, 1, 19, 2], [20, 11, 21, 12], [22, 19, 23, 20], [24, 17, 1, 18], [2, 6, 3, 5], [4, 10, 5, 9], [13, 7, 14, 6], [8, 4, 9, 3], [10, 15, 11, 16]]"
12n_0075_7,"[[10, 15, 11, 16], [12, 21, 13, 22], [7, 15, 8, 14], [16, 23, 17, 24], [18, 1, 19, 2], [20, 11, 21, 12], [22, 19, 23, 20], [24, 17, 1, 18], [2, 6, 3, 5], [4, 10, 5, 9], [13, 7, 14, 6], [8, 4, 9, 3]]"
12n_0075_8,"[[8, 4, 9, 3], [10, 15, 11, 16], [12, 21, 13, 22], [7, 15, 8, 14], [16, 23, 17, 24], [18, 1, 19, 2], [20, 11, 21, 12], [22, 19, 23, 20], [24, 17, 1, 18], [2, 6, 3, 5], [4, 10, 5, 9], [13, 7, 14, 6]]"
12n_0075_9,"[[13, 7, 14, 6], [8, 4, 9, 3], [10, 15, 11, 16], [12, 21, 13, 22], [7, 15, 8, 14], [16, 23, 17, 24], [18, 1, 19, 2], [20, 11, 21, 12], [22, 19, 23, 20], [24, 17, 1, 18], [2, 6, 3, 5], [4, 10, 5, 9]]"
12n_0075_10,"[[4, 10, 5, 9], [13, 7, 14, 6], [8, 4, 9, 3], [10, 15, 11, 16], [12, 21, 13, 22], [7, 15, 8, 14], [16, 23, 17, 24], [18, 1, 19, 2], [20, 11, 21, 12], [22, 19, 23, 20], [24, 17, 1, 18], [2, 6, 3, 5]]"
12n_0075_11,"[[2, 6, 3, 5], [4, 10, 5, 9], [13, 7, 14, 6], [8, 4, 9, 3], [10, 15, 11, 16], [12, 21, 13, 22], [7, 15, 8, 14], [16, 23, 17, 24], [18, 1, 19, 2], [20, 11, 21, 12], [22, 19, 23, 20], [24, 17, 1, 18]]"
12n_0075_12,"[[1, 18, 2, 19], [3, 7, 4, 6], [5, 11, 6, 10], [14, 8, 15, 7], [9, 5, 10, 4], [11, 16, 12, 17], [13, 22, 14, 23], [8, 16, 9, 15], [17, 24, 18, 1], [19, 2, 20, 3], [21, 12, 22, 13], [23, 20, 24, 21]]"
12n_0075_13,"[[23, 20, 24, 21], [1, 18, 2, 19], [3, 7, 4, 6], [5, 11, 6, 10], [14, 8, 15, 7], [9, 5, 10, 4], [11, 16, 12, 17], [13, 22, 14, 23], [8, 16, 9, 15], [17, 24, 18, 1], [19, 2, 20, 3], [21, 12, 22, 13]]"
12n_0075_14,"[[21, 12, 22, 13], [23, 20, 24, 21], [1, 18, 2, 19], [3, 7, 4, 6], [5, 11, 6, 10], [14, 8, 15, 7], [9, 5, 10, 4], [11, 16, 12, 17], [13, 22, 14, 23], [8, 16, 9, 15], [17, 24, 18, 1], [19, 2, 20, 3]]"
12n_0075_15,"[[19, 2, 20, 3], [21, 12, 22, 13], [23, 20, 24, 21], [1, 18, 2, 19], [3, 7, 4, 6], [5, 11, 6, 10], [14, 8, 15, 7], [9, 5, 10, 4], [11, 16, 12, 17], [13, 22, 14, 23], [8, 16, 9, 15], [17, 24, 18, 1]]"
12n_0075_16,"[[17, 24, 18, 1], [19, 2, 20, 3], [21, 12, 22, 13], [23, 20, 24, 21], [1, 18, 2, 19], [3, 7, 4, 6], [5, 11, 6, 10], [14, 8, 15, 7], [9, 5, 10, 4], [11, 16, 12, 17], [13, 22, 14, 23], [8, 16, 9, 15]]"
12n_0075_17,"[[8, 16, 9, 15], [17, 24, 18, 1], [19, 2, 20, 3], [21, 12, 22, 13], [23, 20, 24, 21], [1, 18, 2, 19], [3, 7, 4, 6], [5, 11, 6, 10], [14, 8, 15, 7], [9, 5, 10, 4], [11, 16, 12, 17], [13, 22, 14, 23]]"
12n_0075_18,"[[13, 22, 14, 23], [8, 16, 9, 15], [17, 24, 18, 1], [19, 2, 20, 3], [21, 12, 22, 13], [23, 20, 24, 21], [1, 18, 2, 19], [3, 7, 4, 6], [5, 11, 6, 10], [14, 8, 15, 7], [9, 5, 10, 4], [11, 16, 12, 17]]"
12n_0075_19,"[[11, 16, 12, 17], [13, 22, 14, 23], [8, 16, 9, 15], [17, 24, 18, 1], [19, 2, 20, 3], [21, 12, 22, 13], [23, 20, 24, 21], [1, 18, 2, 19], [3, 7, 4, 6], [5, 11, 6, 10], [14, 8, 15, 7], [9, 5, 10, 4]]"
12n_0075_20,"[[9, 5, 10, 4], [11, 16, 12, 17], [13, 22, 14, 23], [8, 16, 9, 15], [17, 24, 18, 1], [19, 2, 20, 3], [21, 12, 22, 13], [23, 20, 24, 21], [1, 18, 2, 19], [3, 7, 4, 6], [5, 11, 6, 10], [14, 8, 15, 7]]"
12n_0075_21,"[[14, 8, 15, 7], [9, 5, 10, 4], [11, 16, 12, 17], [13, 22, 14, 23], [8, 16, 9, 15], [17, 24, 18, 1], [19, 2, 20, 3], [21, 12, 22, 13], [23, 20, 24, 21], [1, 18, 2, 19], [3, 7, 4, 6], [5, 11, 6, 10]]"
12n_0075_22,"[[5, 11, 6, 10], [14, 8, 15, 7], [9, 5, 10, 4], [11, 16, 12, 17], [13, 22, 14, 23], [8, 16, 9, 15], [17, 24, 18, 1], [19, 2, 20, 3], [21, 12, 22, 13], [23, 20, 24, 21], [1, 18, 2, 19], [3, 7, 4, 6]]"
12n_0075_23,"[[3, 7, 4, 6], [5, 11, 6, 10], [14, 8, 15, 7], [9, 5, 10, 4], [11, 16, 12, 17], [13, 22, 14, 23], [8, 16, 9, 15], [17, 24, 18, 1], [19, 2, 20, 3], [21, 12, 22, 13], [23, 20, 24, 21], [1, 18, 2, 19]]"
12n_0075_24,"[[2, 19, 3, 20], [4, 8, 5, 7], [6, 12, 7, 11], [15, 9, 16, 8], [10, 6, 11, 5], [12, 17, 13, 18], [14, 23, 15, 24], [9, 17, 10, 16], [18, 1, 19, 2], [20, 3, 21, 4], [22, 13, 23, 14], [24, 21, 1, 22]]"
12n_0075_25,"[[24, 21, 1, 22], [2, 19, 3, 20], [4, 8, 5, 7], [6, 12, 7, 11], [15, 9, 16, 8], [10, 6, 11, 5], [12, 17, 13, 18], [14, 23, 15, 24], [9, 17, 10, 16], [18, 1, 19, 2], [20, 3, 21, 4], [22, 13, 23, 14]]"
12n_0075_26,"[[22, 13, 23, 14], [24, 21, 1, 22], [2, 19, 3, 20], [4, 8, 5, 7], [6, 12, 7, 11], [15, 9, 16, 8], [10, 6, 11, 5], [12, 17, 13, 18], [14, 23, 15, 24], [9, 17, 10, 16], [18, 1, 19, 2], [20, 3, 21, 4]]"
12n_0075_27,"[[20, 3, 21, 4], [22, 13, 23, 14], [24, 21, 1, 22], [2, 19, 3, 20], [4, 8, 5, 7], [6, 12, 7, 11], [15, 9, 16, 8], [10, 6, 11, 5], [12, 17, 13, 18], [14, 23, 15, 24], [9, 17, 10, 16], [18, 1, 19, 2]]"
12n_0075_28,"[[18, 1, 19, 2], [20, 3, 21, 4], [22, 13, 23, 14], [24, 21, 1, 22], [2, 19, 3, 20], [4, 8, 5, 7], [6, 12, 7, 11], [15, 9, 16, 8], [10, 6, 11, 5], [12, 17, 13, 18], [14, 23, 15, 24], [9, 17, 10, 16]]"
12n_0075_29,"[[9, 17, 10, 16], [18, 1, 19, 2], [20, 3, 21, 4], [22, 13, 23, 14], [24, 21, 1, 22], [2, 19, 3, 20], [4, 8, 5, 7], [6, 12, 7, 11], [15, 9, 16, 8], [10, 6, 11, 5], [12, 17, 13, 18], [14, 23, 15, 24]]"
12n_0075_30,"[[14, 23, 15, 24], [9, 17, 10, 16], [18, 1, 19, 2], [20, 3, 21, 4], [22, 13, 23, 14], [24, 21, 1, 22], [2, 19, 3, 20], [4, 8, 5, 7], [6, 12, 7, 11], [15, 9, 16, 8], [10, 6, 11, 5], [12, 17, 13, 18]]"
12n_0075_31,"[[12, 17, 13, 18], [14, 23, 15, 24], [9, 17, 10, 16], [18, 1, 19, 2], [20, 3, 21, 4], [22, 13, 23, 14], [24, 21, 1, 22], [2, 19, 3, 20], [4, 8, 5, 7], [6, 12, 7, 11], [15, 9, 16, 8], [10, 6, 11, 5]]"
12n_0075_32,"[[10, 6, 11, 5], [12, 17, 13, 18], [14, 23, 15, 24], [9, 17, 10, 16], [18, 1, 19, 2], [20, 3, 21, 4], [22, 13, 23, 14], [24, 21, 1, 22], [2, 19, 3, 20], [4, 8, 5, 7], [6, 12, 7, 11], [15, 9, 16, 8]]"
12n_0075_33,"[[15, 9, 16, 8], [10, 6, 11, 5], [12, 17, 13, 18], [14, 23, 15, 24], [9, 17, 10, 16], [18, 1, 19, 2], [20, 3, 21, 4], [22, 13, 23, 14], [24, 21, 1, 22], [2, 19, 3, 20], [4, 8, 5, 7], [6, 12, 7, 11]]"
12n_0075_34,"[[6, 12, 7, 11], [15, 9, 16, 8], [10, 6, 11, 5], [12, 17, 13, 18], [14, 23, 15, 24], [9, 17, 10, 16], [18, 1, 19, 2], [20, 3, 21, 4], [22, 13, 23, 14], [24, 21, 1, 22], [2, 19, 3, 20], [4, 8, 5, 7]]"
12n_0075_35,"[[4, 8, 5, 7], [6, 12, 7, 11], [15, 9, 16, 8], [10, 6, 11, 5], [12, 17, 13, 18], [14, 23, 15, 24], [9, 17, 10, 16], [18, 1, 19, 2], [20, 3, 21, 4], [22, 13, 23, 14], [24, 21, 1, 22], [2, 19, 3, 20]]"
12n_0075_36,"[[3, 20, 4, 21], [5, 9, 6, 8], [7, 13, 8, 12], [16, 10, 17, 9], [11, 7, 12, 6], [13, 18, 14, 19], [15, 24, 16, 1], [10, 18, 11, 17], [19, 2, 20, 3], [21, 4, 22, 5], [23, 14, 24, 15], [1, 22, 2, 23]]"
12n_0075_37,"[[1, 22, 2, 23], [3, 20, 4, 21], [5, 9, 6, 8], [7, 13, 8, 12], [16, 10, 17, 9], [11, 7, 12, 6], [13, 18, 14, 19], [15, 24, 16, 1], [10, 18, 11, 17], [19, 2, 20, 3], [21, 4, 22, 5], [23, 14, 24, 15]]"
12n_0075_38,"[[23, 14, 24, 15], [1, 22, 2, 23], [3, 20, 4, 21], [5, 9, 6, 8], [7, 13, 8, 12], [16, 10, 17, 9], [11, 7, 12, 6], [13, 18, 14, 19], [15, 24, 16, 1], [10, 18, 11, 17], [19, 2, 20, 3], [21, 4, 22, 5]]"
12n_0075_39,"[[21, 4, 22, 5], [23, 14, 24, 15], [1, 22, 2, 23], [3, 20, 4, 21], [5, 9, 6, 8], [7, 13, 8, 12], [16, 10, 17, 9], [11, 7, 12, 6], [13, 18, 14, 19], [15, 24, 16, 1], [10, 18, 11, 17], [19, 2, 20, 3]]"
12n_0075_40,"[[19, 2, 20, 3], [21, 4, 22, 5], [23, 14, 24, 15], [1, 22, 2, 23], [3, 20, 4, 21], [5, 9, 6, 8], [7, 13, 8, 12], [16, 10, 17, 9], [11, 7, 12, 6], [13, 18, 14, 19], [15, 24, 16, 1], [10, 18, 11, 17]]"
12n_0075_41,"[[10, 18, 11, 17], [19, 2, 20, 3], [21, 4, 22, 5], [23, 14, 24, 15], [1, 22, 2, 23], [3, 20, 4, 21], [5, 9, 6, 8], [7, 13, 8, 12], [16, 10, 17, 9], [11, 7, 12, 6], [13, 18, 14, 19], [15, 24, 16, 1]]"
12n_0075_42,"[[15, 24, 16, 1], [10, 18, 11, 17], [19, 2, 20, 3], [21, 4, 22, 5], [23, 14, 24, 15], [1, 22, 2, 23], [3, 20, 4, 21], [5, 9, 6, 8], [7, 13, 8, 12], [16, 10, 17, 9], [11, 7, 12, 6], [13, 18, 14, 19]]"
12n_0075_43,"[[13, 18, 14, 19], [15, 24, 16, 1], [10, 18, 11, 17], [19, 2, 20, 3], [21, 4, 22, 5], [23, 14, 24, 15], [1, 22, 2, 23], [3, 20, 4, 21], [5, 9, 6, 8], [7, 13, 8, 12], [16, 10, 17, 9], [11, 7, 12, 6]]"
12n_0075_44,"[[11, 7, 12, 6], [13, 18, 14, 19], [15, 24, 16, 1], [10, 18, 11, 17], [19, 2, 20, 3], [21, 4, 22, 5], [23, 14, 24, 15], [1, 22, 2, 23], [3, 20, 4, 21], [5, 9, 6, 8], [7, 13, 8, 12], [16, 10, 17, 9]]"
12n_0075_45,"[[16, 10, 17, 9], [11, 7, 12, 6], [13, 18, 14, 19], [15, 24, 16, 1], [10, 18, 11, 17], [19, 2, 20, 3], [21, 4, 22, 5], [23, 14, 24, 15], [1, 22, 2, 23], [3, 20, 4, 21], [5, 9, 6, 8], [7, 13, 8, 12]]"
12n_0075_46,"[[7, 13, 8, 12], [16, 10, 17, 9], [11, 7, 12, 6], [13, 18, 14, 19], [15, 24, 16, 1], [10, 18, 11, 17], [19, 2, 20, 3], [21, 4, 22, 5], [23, 14, 24, 15], [1, 22, 2, 23], [3, 20, 4, 21], [5, 9, 6, 8]]"
12n_0075_47,"[[5, 9, 6, 8], [7, 13, 8, 12], [16, 10, 17, 9], [11, 7, 12, 6], [13, 18, 14, 19], [15, 24, 16, 1], [10, 18, 11, 17], [19, 2, 20, 3], [21, 4, 22, 5], [23, 14, 24, 15], [1, 22, 2, 23], [3, 20, 4, 21]]"
12n_0075_48,"[[4, 21, 5, 22], [6, 10, 7, 9], [8, 14, 9, 13], [17, 11, 18, 10], [12, 8, 13, 7], [14, 19, 15, 20], [16, 1, 17, 2], [11, 19, 12, 18], [20, 3, 21, 4], [22, 5, 23, 6], [24, 15, 1, 16], [2, 23, 3, 24]]"
12n_0075_49,"[[2, 23, 3, 24], [4, 21, 5, 22], [6, 10, 7, 9], [8, 14, 9, 13], [17, 11, 18, 10], [12, 8, 13, 7], [14, 19, 15, 20], [16, 1, 17, 2], [11, 19, 12, 18], [20, 3, 21, 4], [22, 5, 23, 6], [24, 15, 1, 16]]"
12n_0075_50,"[[24, 15, 1, 16], [2, 23, 3, 24], [4, 21, 5, 22], [6, 10, 7, 9], [8, 14, 9, 13], [17, 11, 18, 10], [12, 8, 13, 7], [14, 19, 15, 20], [16, 1, 17, 2], [11, 19, 12, 18], [20, 3, 21, 4], [22, 5, 23, 6]]"
12n_0075_51,"[[22, 5, 23, 6], [24, 15, 1, 16], [2, 23, 3, 24], [4, 21, 5, 22], [6, 10, 7, 9], [8, 14, 9, 13], [17, 11, 18, 10], [12, 8, 13, 7], [14, 19, 15, 20], [16, 1, 17, 2], [11, 19, 12, 18], [20, 3, 21, 4]]"
12n_0075_52,"[[20, 3, 21, 4], [22, 5, 23, 6], [24, 15, 1, 16], [2, 23, 3, 24], [4, 21, 5, 22], [6, 10, 7, 9], [8, 14, 9, 13], [17, 11, 18, 10], [12, 8, 13, 7], [14, 19, 15, 20], [16, 1, 17, 2], [11, 19, 12, 18]]"
12n_0075_53,"[[11, 19, 12, 18], [20, 3, 21, 4], [22, 5, 23, 6], [24, 15, 1, 16], [2, 23, 3, 24], [4, 21, 5, 22], [6, 10, 7, 9], [8, 14, 9, 13], [17, 11, 18, 10], [12, 8, 13, 7], [14, 19, 15, 20], [16, 1, 17, 2]]"
12n_0075_54,"[[16, 1, 17, 2], [11, 19, 12, 18], [20, 3, 21, 4], [22, 5, 23, 6], [24, 15, 1, 16], [2, 23, 3, 24], [4, 21, 5, 22], [6, 10, 7, 9], [8, 14, 9, 13], [17, 11, 18, 10], [12, 8, 13, 7], [14, 19, 15, 20]]"
12n_0075_55,"[[14, 19, 15, 20], [16, 1, 17, 2], [11, 19, 12, 18], [20, 3, 21, 4], [22, 5, 23, 6], [24, 15, 1, 16], [2, 23, 3, 24], [4, 21, 5, 22], [6, 10, 7, 9], [8, 14, 9, 13], [17, 11, 18, 10], [12, 8, 13, 7]]"
12n_0075_56,"[[12, 8, 13, 7], [14, 19, 15, 20], [16, 1, 17, 2], [11, 19, 12, 18], [20, 3, 21, 4], [22, 5, 23, 6], [24, 15, 1, 16], [2, 23, 3, 24], [4, 21, 5, 22], [6, 10, 7, 9], [8, 14, 9, 13], [17, 11, 18, 10]]"
12n_0075_57,"[[17, 11, 18, 10], [12, 8, 13, 7], [14, 19, 15, 20], [16, 1, 17, 2], [11, 19, 12, 18], [20, 3, 21, 4], [22, 5, 23, 6], [24, 15, 1, 16], [2, 23, 3, 24], [4, 21, 5, 22], [6, 10, 7, 9], [8, 14, 9, 13]]"
12n_0075_58,"[[8, 14, 9, 13], [17, 11, 18, 10], [12, 8, 13, 7], [14, 19, 15, 20], [16, 1, 17, 2], [11, 19, 12, 18], [20, 3, 21, 4], [22, 5, 23, 6], [24, 15, 1, 16], [2, 23, 3, 24], [4, 21, 5, 22], [6, 10, 7, 9]]"
12n_0075_59,"[[6, 10, 7, 9], [8, 14, 9, 13], [17, 11, 18, 10], [12, 8, 13, 7], [14, 19, 15, 20], [16, 1, 17, 2], [11, 19, 12, 18], [20, 3, 21, 4], [22, 5, 23, 6], [24, 15, 1, 16], [2, 23, 3, 24], [4, 21, 5, 22]]"
12n_0075_60,"[[5, 22, 6, 23], [7, 11, 8, 10], [9, 15, 10, 14], [18, 12, 19, 11], [13, 9, 14, 8], [15, 20, 16, 21], [17, 2, 18, 3], [12, 20, 13, 19], [21, 4, 22, 5], [23, 6, 24, 7], [1, 16, 2, 17], [3, 24, 4, 1]]"
12n_0075_61,"[[3, 24, 4, 1], [5, 22, 6, 23], [7, 11, 8, 10], [9, 15, 10, 14], [18, 12, 19, 11], [13, 9, 14, 8], [15, 20, 16, 21], [17, 2, 18, 3], [12, 20, 13, 19], [21, 4, 22, 5], [23, 6, 24, 7], [1, 16, 2, 17]]"
12n_0075_62,"[[1, 16, 2, 17], [3, 24, 4, 1], [5, 22, 6, 23], [7, 11, 8, 10], [9, 15, 10, 14], [18, 12, 19, 11], [13, 9, 14, 8], [15, 20, 16, 21], [17, 2, 18, 3], [12, 20, 13, 19], [21, 4, 22, 5], [23, 6, 24, 7]]"
12n_0075_63,"[[23, 6, 24, 7], [1, 16, 2, 17], [3, 24, 4, 1], [5, 22, 6, 23], [7, 11, 8, 10], [9, 15, 10, 14], [18, 12, 19, 11], [13, 9, 14, 8], [15, 20, 16, 21], [17, 2, 18, 3], [12, 20, 13, 19], [21, 4, 22, 5]]"
12n_0075_64,"[[21, 4, 22, 5], [23, 6, 24, 7], [1, 16, 2, 17], [3, 24, 4, 1], [5, 22, 6, 23], [7, 11, 8, 10], [9, 15, 10, 14], [18, 12, 19, 11], [13, 9, 14, 8], [15, 20, 16, 21], [17, 2, 18, 3], [12, 20, 13, 19]]"
12n_0075_65,"[[12, 20, 13, 19], [21, 4, 22, 5], [23, 6, 24, 7], [1, 16, 2, 17], [3, 24, 4, 1], [5, 22, 6, 23], [7, 11, 8, 10], [9, 15, 10, 14], [18, 12, 19, 11], [13, 9, 14, 8], [15, 20, 16, 21], [17, 2, 18, 3]]"
12n_0075_66,"[[17, 2, 18, 3], [12, 20, 13, 19], [21, 4, 22, 5], [23, 6, 24, 7], [1, 16, 2, 17], [3, 24, 4, 1], [5, 22, 6, 23], [7, 11, 8, 10], [9, 15, 10, 14], [18, 12, 19, 11], [13, 9, 14, 8], [15, 20, 16, 21]]"
12n_0075_67,"[[15, 20, 16, 21], [17, 2, 18, 3], [12, 20, 13, 19], [21, 4, 22, 5], [23, 6, 24, 7], [1, 16, 2, 17], [3, 24, 4, 1], [5, 22, 6, 23], [7, 11, 8, 10], [9, 15, 10, 14], [18, 12, 19, 11], [13, 9, 14, 8]]"
12n_0075_68,"[[13, 9, 14, 8], [15, 20, 16, 21], [17, 2, 18, 3], [12, 20, 13, 19], [21, 4, 22, 5], [23, 6, 24, 7], [1, 16, 2, 17], [3, 24, 4, 1], [5, 22, 6, 23], [7, 11, 8, 10], [9, 15, 10, 14], [18, 12, 19, 11]]"
12n_0075_69,"[[18, 12, 19, 11], [13, 9, 14, 8], [15, 20, 16, 21], [17, 2, 18, 3], [12, 20, 13, 19], [21, 4, 22, 5], [23, 6, 24, 7], [1, 16, 2, 17], [3, 24, 4, 1], [5, 22, 6, 23], [7, 11, 8, 10], [9, 15, 10, 14]]"
12n_0075_70,"[[9, 15, 10, 14], [18, 12, 19, 11], [13, 9, 14, 8], [15, 20, 16, 21], [17, 2, 18, 3], [12, 20, 13, 19], [21, 4, 22, 5], [23, 6, 24, 7], [1, 16, 2, 17], [3, 24, 4, 1], [5, 22, 6, 23], [7, 11, 8, 10]]"
12n_0075_71,"[[7, 11, 8, 10], [9, 15, 10, 14], [18, 12, 19, 11], [13, 9, 14, 8], [15, 20, 16, 21], [17, 2, 18, 3], [12, 20, 13, 19], [21, 4, 22, 5], [23, 6, 24, 7], [1, 16, 2, 17], [3, 24, 4, 1], [5, 22, 6, 23]]"
12n_0075_72,"[[6, 23, 7, 24], [8, 12, 9, 11], [10, 16, 11, 15], [19, 13, 20, 12], [14, 10, 15, 9], [16, 21, 17, 22], [18, 3, 19, 4], [13, 21, 14, 20], [22, 5, 23, 6], [24, 7, 1, 8], [2, 17, 3, 18], [4, 1, 5, 2]]"
12n_0075_73,"[[4, 1, 5, 2], [6, 23, 7, 24], [8, 12, 9, 11], [10, 16, 11, 15], [19, 13, 20, 12], [14, 10, 15, 9], [16, 21, 17, 22], [18, 3, 19, 4], [13, 21, 14, 20], [22, 5, 23, 6], [24, 7, 1, 8], [2, 17, 3, 18]]"
12n_0075_74,"[[2, 17, 3, 18], [4, 1, 5, 2], [6, 23, 7, 24], [8, 12, 9, 11], [10, 16, 11, 15], [19, 13, 20, 12], [14, 10, 15, 9], [16, 21, 17, 22], [18, 3, 19, 4], [13, 21, 14, 20], [22, 5, 23, 6], [24, 7, 1, 8]]"
12n_0075_75,"[[24, 7, 1, 8], [2, 17, 3, 18], [4, 1, 5, 2], [6, 23, 7, 24], [8, 12, 9, 11], [10, 16, 11, 15], [19, 13, 20, 12], [14, 10, 15, 9], [16, 21, 17, 22], [18, 3, 19, 4], [13, 21, 14, 20], [22, 5, 23, 6]]"
12n_0075_76,"[[22, 5, 23, 6], [24, 7, 1, 8], [2, 17, 3, 18], [4, 1, 5, 2], [6, 23, 7, 24], [8, 12, 9, 11], [10, 16, 11, 15], [19, 13, 20, 12], [14, 10, 15, 9], [16, 21, 17, 22], [18, 3, 19, 4], [13, 21, 14, 20]]"
12n_0075_77,"[[13, 21, 14, 20], [22, 5, 23, 6], [24, 7, 1, 8], [2, 17, 3, 18], [4, 1, 5, 2], [6, 23, 7, 24], [8, 12, 9, 11], [10, 16, 11, 15], [19, 13, 20, 12], [14, 10, 15, 9], [16, 21, 17, 22], [18, 3, 19, 4]]"
12n_0075_78,"[[18, 3, 19, 4], [13, 21, 14, 20], [22, 5, 23, 6], [24, 7, 1, 8], [2, 17, 3, 18], [4, 1, 5, 2], [6, 23, 7, 24], [8, 12, 9, 11], [10, 16, 11, 15], [19, 13, 20, 12], [14, 10, 15, 9], [16, 21, 17, 22]]"
12n_0075_79,"[[16, 21, 17, 22], [18, 3, 19, 4], [13, 21, 14, 20], [22, 5, 23, 6], [24, 7, 1, 8], [2, 17, 3, 18], [4, 1, 5, 2], [6, 23, 7, 24], [8, 12, 9, 11], [10, 16, 11, 15], [19, 13, 20, 12], [14, 10, 15, 9]]"
12n_0075_80,"[[14, 10, 15, 9], [16, 21, 17, 22], [18, 3, 19, 4], [13, 21, 14, 20], [22, 5, 23, 6], [24, 7, 1, 8], [2, 17, 3, 18], [4, 1, 5, 2], [6, 23, 7, 24], [8, 12, 9, 11], [10, 16, 11, 15], [19, 13, 20, 12]]"
12n_0075_81,"[[19, 13, 20, 12], [14, 10, 15, 9], [16, 21, 17, 22], [18, 3, 19, 4], [13, 21, 14, 20], [22, 5, 23, 6], [24, 7, 1, 8], [2, 17, 3, 18], [4, 1, 5, 2], [6, 23, 7, 24], [8, 12, 9, 11], [10, 16, 11, 15]]"
12n_0075_82,"[[10, 16, 11, 15], [19, 13, 20, 12], [14, 10, 15, 9], [16, 21, 17, 22], [18, 3, 19, 4], [13, 21, 14, 20], [22, 5, 23, 6], [24, 7, 1, 8], [2, 17, 3, 18], [4, 1, 5, 2], [6, 23, 7, 24], [8, 12, 9, 11]]"
12n_0075_83,"[[8, 12, 9, 11], [10, 16, 11, 15], [19, 13, 20, 12], [14, 10, 15, 9], [16, 21, 17, 22], [18, 3, 19, 4], [13, 21, 14, 20], [22, 5, 23, 6], [24, 7, 1, 8], [2, 17, 3, 18], [4, 1, 5, 2], [6, 23, 7, 24]]"
12n_0075_84,"[[7, 24, 8, 1], [9, 13, 10, 12], [11, 17, 12, 16], [20, 14, 21, 13], [15, 11, 16, 10], [17, 22, 18, 23], [19, 4, 20, 5], [14, 22, 15, 21], [23, 6, 24, 7], [1, 8, 2, 9], [3, 18, 4, 19], [5, 2, 6, 3]]"
12n_0075_85,"[[5, 2, 6, 3], [7, 24, 8, 1], [9, 13, 10, 12], [11, 17, 12, 16], [20, 14, 21, 13], [15, 11, 16, 10], [17, 22, 18, 23], [19, 4, 20, 5], [14, 22, 15, 21], [23, 6, 24, 7], [1, 8, 2, 9], [3, 18, 4, 19]]"
12n_0075_86,"[[3, 18, 4, 19], [5, 2, 6, 3], [7, 24, 8, 1], [9, 13, 10, 12], [11, 17, 12, 16], [20, 14, 21, 13], [15, 11, 16, 10], [17, 22, 18, 23], [19, 4, 20, 5], [14, 22, 15, 21], [23, 6, 24, 7], [1, 8, 2, 9]]"
12n_0075_87,"[[1, 8, 2, 9], [3, 18, 4, 19], [5, 2, 6, 3], [7, 24, 8, 1], [9, 13, 10, 12], [11, 17, 12, 16], [20, 14, 21, 13], [15, 11, 16, 10], [17, 22, 18, 23], [19, 4, 20, 5], [14, 22, 15, 21], [23, 6, 24, 7]]"
12n_0075_88,"[[23, 6, 24, 7], [1, 8, 2, 9], [3, 18, 4, 19], [5, 2, 6, 3], [7, 24, 8, 1], [9, 13, 10, 12], [11, 17, 12, 16], [20, 14, 21, 13], [15, 11, 16, 10], [17, 22, 18, 23], [19, 4, 20, 5], [14, 22, 15, 21]]"
12n_0075_89,"[[14, 22, 15, 21], [23, 6, 24, 7], [1, 8, 2, 9], [3, 18, 4, 19], [5, 2, 6, 3], [7, 24, 8, 1], [9, 13, 10, 12], [11, 17, 12, 16], [20, 14, 21, 13], [15, 11, 16, 10], [17, 22, 18, 23], [19, 4, 20, 5]]"
12n_0075_90,"[[19, 4, 20, 5], [14, 22, 15, 21], [23, 6, 24, 7], [1, 8, 2, 9], [3, 18, 4, 19], [5, 2, 6, 3], [7, 24, 8, 1], [9, 13, 10, 12], [11, 17, 12, 16], [20, 14, 21, 13], [15, 11, 16, 10], [17, 22, 18, 23]]"
12n_0075_91,"[[17, 22, 18, 23], [19, 4, 20, 5], [14, 22, 15, 21], [23, 6, 24, 7], [1, 8, 2, 9], [3, 18, 4, 19], [5, 2, 6, 3], [7, 24, 8, 1], [9, 13, 10, 12], [11, 17, 12, 16], [20, 14, 21, 13], [15, 11, 16, 10]]"
12n_0075_92,"[[15, 11, 16, 10], [17, 22, 18, 23], [19, 4, 20, 5], [14, 22, 15, 21], [23, 6, 24, 7], [1, 8, 2, 9], [3, 18, 4, 19], [5, 2, 6, 3], [7, 24, 8, 1], [9, 13, 10, 12], [11, 17, 12, 16], [20, 14, 21, 13]]"
12n_0075_93,"[[20, 14, 21, 13], [15, 11, 16, 10], [17, 22, 18, 23], [19, 4, 20, 5], [14, 22, 15, 21], [23, 6, 24, 7], [1, 8, 2, 9], [3, 18, 4, 19], [5, 2, 6, 3], [7, 24, 8, 1], [9, 13, 10, 12], [11, 17, 12, 16]]"
12n_0075_94,"[[11, 17, 12, 16], [20, 14, 21, 13], [15, 11, 16, 10], [17, 22, 18, 23], [19, 4, 20, 5], [14, 22, 15, 21], [23, 6, 24, 7], [1, 8, 2, 9], [3, 18, 4, 19], [5, 2, 6, 3], [7, 24, 8, 1], [9, 13, 10, 12]]"
12n_0075_95,"[[9, 13, 10, 12], [11, 17, 12, 16], [20, 14, 21, 13], [15, 11, 16, 10], [17, 22, 18, 23], [19, 4, 20, 5], [14, 22, 15, 21], [23, 6, 24, 7], [1, 8, 2, 9], [3, 18, 4, 19], [5, 2, 6, 3], [7, 24, 8, 1]]"
12n_0075_96,"[[8, 1, 9, 2], [10, 14, 11, 13], [12, 18, 13, 17], [21, 15, 22, 14], [16, 12, 17, 11], [18, 23, 19, 24], [20, 5, 21, 6], [15, 23, 16, 22], [24, 7, 1, 8], [2, 9, 3, 10], [4, 19, 5, 20], [6, 3, 7, 4]]"
12n_0075_97,"[[6, 3, 7, 4], [8, 1, 9, 2], [10, 14, 11, 13], [12, 18, 13, 17], [21, 15, 22, 14], [16, 12, 17, 11], [18, 23, 19, 24], [20, 5, 21, 6], [15, 23, 16, 22], [24, 7, 1, 8], [2, 9, 3, 10], [4, 19, 5, 20]]"
12n_0075_98,"[[4, 19, 5, 20], [6, 3, 7, 4], [8, 1, 9, 2], [10, 14, 11, 13], [12, 18, 13, 17], [21, 15, 22, 14], [16, 12, 17, 11], [18, 23, 19, 24], [20, 5, 21, 6], [15, 23, 16, 22], [24, 7, 1, 8], [2, 9, 3, 10]]"
12n_0075_99,"[[2, 9, 3, 10], [4, 19, 5, 20], [6, 3, 7, 4], [8, 1, 9, 2], [10, 14, 11, 13], [12, 18, 13, 17], [21, 15, 22, 14], [16, 12, 17, 11], [18, 23, 19, 24], [20, 5, 21, 6], [15, 23, 16, 22], [24, 7, 1, 8]]"
12n_0075_100,"[[24, 7, 1, 8], [2, 9, 3, 10], [4, 19, 5, 20], [6, 3, 7, 4], [8, 1, 9, 2], [10, 14, 11, 13], [12, 18, 13, 17], [21, 15, 22, 14], [16, 12, 17, 11], [18, 23, 19, 24], [20, 5, 21, 6], [15, 23, 16, 22]]"
12n_0075_101,"[[15, 23, 16, 22], [24, 7, 1, 8], [2, 9, 3, 10], [4, 19, 5, 20], [6, 3, 7, 4], [8, 1, 9, 2], [10, 14, 11, 13], [12, 18, 13, 17], [21, 15, 22, 14], [16, 12, 17, 11], [18, 23, 19, 24], [20, 5, 21, 6]]"
12n_0075_102,"[[20, 5, 21, 6], [15, 23, 16, 22], [24, 7, 1, 8], [2, 9, 3, 10], [4, 19, 5, 20], [6, 3, 7, 4], [8, 1, 9, 2], [10, 14, 11, 13], [12, 18, 13, 17], [21, 15, 22, 14], [16, 12, 17, 11], [18, 23, 19, 24]]"
12n_0075_103,"[[18, 23, 19, 24], [20, 5, 21, 6], [15, 23, 16, 22], [24, 7, 1, 8], [2, 9, 3, 10], [4, 19, 5, 20], [6, 3, 7, 4], [8, 1, 9, 2], [10, 14, 11, 13], [12, 18, 13, 17], [21, 15, 22, 14], [16, 12, 17, 11]]"
12n_0075_104,"[[16, 12, 17, 11], [18, 23, 19, 24], [20, 5, 21, 6], [15, 23, 16, 22], [24, 7, 1, 8], [2, 9, 3, 10], [4, 19, 5, 20], [6, 3, 7, 4], [8, 1, 9, 2], [10, 14, 11, 13], [12, 18, 13, 17], [21, 15, 22, 14]]"
12n_0075_105,"[[21, 15, 22, 14], [16, 12, 17, 11], [18, 23, 19, 24], [20, 5, 21, 6], [15, 23, 16, 22], [24, 7, 1, 8], [2, 9, 3, 10], [4, 19, 5, 20], [6, 3, 7, 4], [8, 1, 9, 2], [10, 14, 11, 13], [12, 18, 13, 17]]"
12n_0075_106,"[[12, 18, 13, 17], [21, 15, 22, 14], [16, 12, 17, 11], [18, 23, 19, 24], [20, 5, 21, 6], [15, 23, 16, 22], [24, 7, 1, 8], [2, 9, 3, 10], [4, 19, 5, 20], [6, 3, 7, 4], [8, 1, 9, 2], [10, 14, 11, 13]]"
12n_0075_107,"[[10, 14, 11, 13], [12, 18, 13, 17], [21, 15, 22, 14], [16, 12, 17, 11], [18, 23, 19, 24], [20, 5, 21, 6], [15, 23, 16, 22], [24, 7, 1, 8], [2, 9, 3, 10], [4, 19, 5, 20], [6, 3, 7, 4], [8, 1, 9, 2]]"
12n_0075_108,"[[9, 2, 10, 3], [11, 15, 12, 14], [13, 19, 14, 18], [22, 16, 23, 15], [17, 13, 18, 12], [19, 24, 20, 1], [21, 6, 22, 7], [16, 24, 17, 23], [1, 8, 2, 9], [3, 10, 4, 11], [5, 20, 6, 21], [7, 4, 8, 5]]"
12n_0075_109,"[[7, 4, 8, 5], [9, 2, 10, 3], [11, 15, 12, 14], [13, 19, 14, 18], [22, 16, 23, 15], [17, 13, 18, 12], [19, 24, 20, 1], [21, 6, 22, 7], [16, 24, 17, 23], [1, 8, 2, 9], [3, 10, 4, 11], [5, 20, 6, 21]]"
12n_0075_110,"[[5, 20, 6, 21], [7, 4, 8, 5], [9, 2, 10, 3], [11, 15, 12, 14], [13, 19, 14, 18], [22, 16, 23, 15], [17, 13, 18, 12], [19, 24, 20, 1], [21, 6, 22, 7], [16, 24, 17, 23], [1, 8, 2, 9], [3, 10, 4, 11]]"
12n_0075_111,"[[3, 10, 4, 11], [5, 20, 6, 21], [7, 4, 8, 5], [9, 2, 10, 3], [11, 15, 12, 14], [13, 19, 14, 18], [22, 16, 23, 15], [17, 13, 18, 12], [19, 24, 20, 1], [21, 6, 22, 7], [16, 24, 17, 23], [1, 8, 2, 9]]"
12n_0075_112,"[[1, 8, 2, 9], [3, 10, 4, 11], [5, 20, 6, 21], [7, 4, 8, 5], [9, 2, 10, 3], [11, 15, 12, 14], [13, 19, 14, 18], [22, 16, 23, 15], [17, 13, 18, 12], [19, 24, 20, 1], [21, 6, 22, 7], [16, 24, 17, 23]]"
12n_0075_113,"[[16, 24, 17, 23], [1, 8, 2, 9], [3, 10, 4, 11], [5, 20, 6, 21], [7, 4, 8, 5], [9, 2, 10, 3], [11, 15, 12, 14], [13, 19, 14, 18], [22, 16, 23, 15], [17, 13, 18, 12], [19, 24, 20, 1], [21, 6, 22, 7]]"
12n_0075_114,"[[21, 6, 22, 7], [16, 24, 17, 23], [1, 8, 2, 9], [3, 10, 4, 11], [5, 20, 6, 21], [7, 4, 8, 5], [9, 2, 10, 3], [11, 15, 12, 14], [13, 19, 14, 18], [22, 16, 23, 15], [17, 13, 18, 12], [19, 24, 20, 1]]"
12n_0075_115,"[[19, 24, 20, 1], [21, 6, 22, 7], [16, 24, 17, 23], [1, 8, 2, 9], [3, 10, 4, 11], [5, 20, 6, 21], [7, 4, 8, 5], [9, 2, 10, 3], [11, 15, 12, 14], [13, 19, 14, 18], [22, 16, 23, 15], [17, 13, 18, 12]]"
12n_0075_116,"[[17, 13, 18, 12], [19, 24, 20, 1], [21, 6, 22, 7], [16, 24, 17, 23], [1, 8, 2, 9], [3, 10, 4, 11], [5, 20, 6, 21], [7, 4, 8, 5], [9, 2, 10, 3], [11, 15, 12, 14], [13, 19, 14, 18], [22, 16, 23, 15]]"
12n_0075_117,"[[22, 16, 23, 15], [17, 13, 18, 12], [19, 24, 20, 1], [21, 6, 22, 7], [16, 24, 17, 23], [1, 8, 2, 9], [3, 10, 4, 11], [5, 20, 6, 21], [7, 4, 8, 5], [9, 2, 10, 3], [11, 15, 12, 14], [13, 19, 14, 18]]"
12n_0075_118,"[[13, 19, 14, 18], [22, 16, 23, 15], [17, 13, 18, 12], [19, 24, 20, 1], [21, 6, 22, 7], [16, 24, 17, 23], [1, 8, 2, 9], [3, 10, 4, 11], [5, 20, 6, 21], [7, 4, 8, 5], [9, 2, 10, 3], [11, 15, 12, 14]]"
12n_0075_119,"[[11, 15, 12, 14], [13, 19, 14, 18], [22, 16, 23, 15], [17, 13, 18, 12], [19, 24, 20, 1], [21, 6, 22, 7], [16, 24, 17, 23], [1, 8, 2, 9], [3, 10, 4, 11], [5, 20, 6, 21], [7, 4, 8, 5], [9, 2, 10, 3]]"
12n_0075_120,"[[10, 3, 11, 4], [12, 16, 13, 15], [14, 20, 15, 19], [23, 17, 24, 16], [18, 14, 19, 13], [20, 1, 21, 2], [22, 7, 23, 8], [17, 1, 18, 24], [2, 9, 3, 10], [4, 11, 5, 12], [6, 21, 7, 22], [8, 5, 9, 6]]"
12n_0075_121,"[[8, 5, 9, 6], [10, 3, 11, 4], [12, 16, 13, 15], [14, 20, 15, 19], [23, 17, 24, 16], [18, 14, 19, 13], [20, 1, 21, 2], [22, 7, 23, 8], [17, 1, 18, 24], [2, 9, 3, 10], [4, 11, 5, 12], [6, 21, 7, 22]]"
12n_0075_122,"[[6, 21, 7, 22], [8, 5, 9, 6], [10, 3, 11, 4], [12, 16, 13, 15], [14, 20, 15, 19], [23, 17, 24, 16], [18, 14, 19, 13], [20, 1, 21, 2], [22, 7, 23, 8], [17, 1, 18, 24], [2, 9, 3, 10], [4, 11, 5, 12]]"
12n_0075_123,"[[4, 11, 5, 12], [6, 21, 7, 22], [8, 5, 9, 6], [10, 3, 11, 4], [12, 16, 13, 15], [14, 20, 15, 19], [23, 17, 24, 16], [18, 14, 19, 13], [20, 1, 21, 2], [22, 7, 23, 8], [17, 1, 18, 24], [2, 9, 3, 10]]"
12n_0075_124,"[[2, 9, 3, 10], [4, 11, 5, 12], [6, 21, 7, 22], [8, 5, 9, 6], [10, 3, 11, 4], [12, 16, 13, 15], [14, 20, 15, 19], [23, 17, 24, 16], [18, 14, 19, 13], [20, 1, 21, 2], [22, 7, 23, 8], [17, 1, 18, 24]]"
12n_0075_125,"[[17, 1, 18, 24], [2, 9, 3, 10], [4, 11, 5, 12], [6, 21, 7, 22], [8, 5, 9, 6], [10, 3, 11, 4], [12, 16, 13, 15], [14, 20, 15, 19], [23, 17, 24, 16], [18, 14, 19, 13], [20, 1, 21, 2], [22, 7, 23, 8]]"
12n_0075_126,"[[22, 7, 23, 8], [17, 1, 18, 24], [2, 9, 3, 10], [4, 11, 5, 12], [6, 21, 7, 22], [8, 5, 9, 6], [10, 3, 11, 4], [12, 16, 13, 15], [14, 20, 15, 19], [23, 17, 24, 16], [18, 14, 19, 13], [20, 1, 21, 2]]"
12n_0075_127,"[[20, 1, 21, 2], [22, 7, 23, 8], [17, 1, 18, 24], [2, 9, 3, 10], [4, 11, 5, 12], [6, 21, 7, 22], [8, 5, 9, 6], [10, 3, 11, 4], [12, 16, 13, 15], [14, 20, 15, 19], [23, 17, 24, 16], [18, 14, 19, 13]]"
12n_0075_128,"[[18, 14, 19, 13], [20, 1, 21, 2], [22, 7, 23, 8], [17, 1, 18, 24], [2, 9, 3, 10], [4, 11, 5, 12], [6, 21, 7, 22], [8, 5, 9, 6], [10, 3, 11, 4], [12, 16, 13, 15], [14, 20, 15, 19], [23, 17, 24, 16]]"
12n_0075_129,"[[23, 17, 24, 16], [18, 14, 19, 13], [20, 1, 21, 2], [22, 7, 23, 8], [17, 1, 18, 24], [2, 9, 3, 10], [4, 11, 5, 12], [6, 21, 7, 22], [8, 5, 9, 6], [10, 3, 11, 4], [12, 16, 13, 15], [14, 20, 15, 19]]"
12n_0075_130,"[[14, 20, 15, 19], [23, 17, 24, 16], [18, 14, 19, 13], [20, 1, 21, 2], [22, 7, 23, 8], [17, 1, 18, 24], [2, 9, 3, 10], [4, 11, 5, 12], [6, 21, 7, 22], [8, 5, 9, 6], [10, 3, 11, 4], [12, 16, 13, 15]]"
12n_0075_131,"[[12, 16, 13, 15], [14, 20, 15, 19], [23, 17, 24, 16], [18, 14, 19, 13], [20, 1, 21, 2], [22, 7, 23, 8], [17, 1, 18, 24], [2, 9, 3, 10], [4, 11, 5, 12], [6, 21, 7, 22], [8, 5, 9, 6], [10, 3, 11, 4]]"
12n_0075_132,"[[11, 4, 12, 5], [13, 17, 14, 16], [15, 21, 16, 20], [24, 18, 1, 17], [19, 15, 20, 14], [21, 2, 22, 3], [23, 8, 24, 9], [18, 2, 19, 1], [3, 10, 4, 11], [5, 12, 6, 13], [7, 22, 8, 23], [9, 6, 10, 7]]"
12n_0075_133,"[[9, 6, 10, 7], [11, 4, 12, 5], [13, 17, 14, 16], [15, 21, 16, 20], [24, 18, 1, 17], [19, 15, 20, 14], [21, 2, 22, 3], [23, 8, 24, 9], [18, 2, 19, 1], [3, 10, 4, 11], [5, 12, 6, 13], [7, 22, 8, 23]]"
12n_0075_134,"[[7, 22, 8, 23], [9, 6, 10, 7], [11, 4, 12, 5], [13, 17, 14, 16], [15, 21, 16, 20], [24, 18, 1, 17], [19, 15, 20, 14], [21, 2, 22, 3], [23, 8, 24, 9], [18, 2, 19, 1], [3, 10, 4, 11], [5, 12, 6, 13]]"
12n_0075_135,"[[5, 12, 6, 13], [7, 22, 8, 23], [9, 6, 10, 7], [11, 4, 12, 5], [13, 17, 14, 16], [15, 21, 16, 20], [24, 18, 1, 17], [19, 15, 20, 14], [21, 2, 22, 3], [23, 8, 24, 9], [18, 2, 19, 1], [3, 10, 4, 11]]"
12n_0075_136,"[[3, 10, 4, 11], [5, 12, 6, 13], [7, 22, 8, 23], [9, 6, 10, 7], [11, 4, 12, 5], [13, 17, 14, 16], [15, 21, 16, 20], [24, 18, 1, 17], [19, 15, 20, 14], [21, 2, 22, 3], [23, 8, 24, 9], [18, 2, 19, 1]]"
12n_0075_137,"[[18, 2, 19, 1], [3, 10, 4, 11], [5, 12, 6, 13], [7, 22, 8, 23], [9, 6, 10, 7], [11, 4, 12, 5], [13, 17, 14, 16], [15, 21, 16, 20], [24, 18, 1, 17], [19, 15, 20, 14], [21, 2, 22, 3], [23, 8, 24, 9]]"
12n_0075_138,"[[23, 8, 24, 9], [18, 2, 19, 1], [3, 10, 4, 11], [5, 12, 6, 13], [7, 22, 8, 23], [9, 6, 10, 7], [11, 4, 12, 5], [13, 17, 14, 16], [15, 21, 16, 20], [24, 18, 1, 17], [19, 15, 20, 14], [21, 2, 22, 3]]"
12n_0075_139,"[[21, 2, 22, 3], [23, 8, 24, 9], [18, 2, 19, 1], [3, 10, 4, 11], [5, 12, 6, 13], [7, 22, 8, 23], [9, 6, 10, 7], [11, 4, 12, 5], [13, 17, 14, 16], [15, 21, 16, 20], [24, 18, 1, 17], [19, 15, 20, 14]]"
12n_0075_140,"[[19, 15, 20, 14], [21, 2, 22, 3], [23, 8, 24, 9], [18, 2, 19, 1], [3, 10, 4, 11], [5, 12, 6, 13], [7, 22, 8, 23], [9, 6, 10, 7], [11, 4, 12, 5], [13, 17, 14, 16], [15, 21, 16, 20], [24, 18, 1, 17]]"
12n_0075_141,"[[24, 18, 1, 17], [19, 15, 20, 14], [21, 2, 22, 3], [23, 8, 24, 9], [18, 2, 19, 1], [3, 10, 4, 11], [5, 12, 6, 13], [7, 22, 8, 23], [9, 6, 10, 7], [11, 4, 12, 5], [13, 17, 14, 16], [15, 21, 16, 20]]"
12n_0075_142,"[[15, 21, 16, 20], [24, 18, 1, 17], [19, 15, 20, 14], [21, 2, 22, 3], [23, 8, 24, 9], [18, 2, 19, 1], [3, 10, 4, 11], [5, 12, 6, 13], [7, 22, 8, 23], [9, 6, 10, 7], [11, 4, 12, 5], [13, 17, 14, 16]]"
12n_0075_143,"[[13, 17, 14, 16], [15, 21, 16, 20], [24, 18, 1, 17], [19, 15, 20, 14], [21, 2, 22, 3], [23, 8, 24, 9], [18, 2, 19, 1], [3, 10, 4, 11], [5, 12, 6, 13], [7, 22, 8, 23], [9, 6, 10, 7], [11, 4, 12, 5]]"
12n_0075_144,"[[12, 5, 13, 6], [14, 18, 15, 17], [16, 22, 17, 21], [1, 19, 2, 18], [20, 16, 21, 15], [22, 3, 23, 4], [24, 9, 1, 10], [19, 3, 20, 2], [4, 11, 5, 12], [6, 13, 7, 14], [8, 23, 9, 24], [10, 7, 11, 8]]"
12n_0075_145,"[[10, 7, 11, 8], [12, 5, 13, 6], [14, 18, 15, 17], [16, 22, 17, 21], [1, 19, 2, 18], [20, 16, 21, 15], [22, 3, 23, 4], [24, 9, 1, 10], [19, 3, 20, 2], [4, 11, 5, 12], [6, 13, 7, 14], [8, 23, 9, 24]]"
12n_0075_146,"[[8, 23, 9, 24], [10, 7, 11, 8], [12, 5, 13, 6], [14, 18, 15, 17], [16, 22, 17, 21], [1, 19, 2, 18], [20, 16, 21, 15], [22, 3, 23, 4], [24, 9, 1, 10], [19, 3, 20, 2], [4, 11, 5, 12], [6, 13, 7, 14]]"
12n_0075_147,"[[6, 13, 7, 14], [8, 23, 9, 24], [10, 7, 11, 8], [12, 5, 13, 6], [14, 18, 15, 17], [16, 22, 17, 21], [1, 19, 2, 18], [20, 16, 21, 15], [22, 3, 23, 4], [24, 9, 1, 10], [19, 3, 20, 2], [4, 11, 5, 12]]"
12n_0075_148,"[[4, 11, 5, 12], [6, 13, 7, 14], [8, 23, 9, 24], [10, 7, 11, 8], [12, 5, 13, 6], [14, 18, 15, 17], [16, 22, 17, 21], [1, 19, 2, 18], [20, 16, 21, 15], [22, 3, 23, 4], [24, 9, 1, 10], [19, 3, 20, 2]]"
12n_0075_149,"[[19, 3, 20, 2], [4, 11, 5, 12], [6, 13, 7, 14], [8, 23, 9, 24], [10, 7, 11, 8], [12, 5, 13, 6], [14, 18, 15, 17], [16, 22, 17, 21], [1, 19, 2, 18], [20, 16, 21, 15], [22, 3, 23, 4], [24, 9, 1, 10]]"
12n_0075_150,"[[24, 9, 1, 10], [19, 3, 20, 2], [4, 11, 5, 12], [6, 13, 7, 14], [8, 23, 9, 24], [10, 7, 11, 8], [12, 5, 13, 6], [14, 18, 15, 17], [16, 22, 17, 21], [1, 19, 2, 18], [20, 16, 21, 15], [22, 3, 23, 4]]"
12n_0075_151,"[[22, 3, 23, 4], [24, 9, 1, 10], [19, 3, 20, 2], [4, 11, 5, 12], [6, 13, 7, 14], [8, 23, 9, 24], [10, 7, 11, 8], [12, 5, 13, 6], [14, 18, 15, 17], [16, 22, 17, 21], [1, 19, 2, 18], [20, 16, 21, 15]]"
12n_0075_152,"[[20, 16, 21, 15], [22, 3, 23, 4], [24, 9, 1, 10], [19, 3, 20, 2], [4, 11, 5, 12], [6, 13, 7, 14], [8, 23, 9, 24], [10, 7, 11, 8], [12, 5, 13, 6], [14, 18, 15, 17], [16, 22, 17, 21], [1, 19, 2, 18]]"
12n_0075_153,"[[1, 19, 2, 18], [20, 16, 21, 15], [22, 3, 23, 4], [24, 9, 1, 10], [19, 3, 20, 2], [4, 11, 5, 12], [6, 13, 7, 14], [8, 23, 9, 24], [10, 7, 11, 8], [12, 5, 13, 6], [14, 18, 15, 17], [16, 22, 17, 21]]"
12n_0075_154,"[[16, 22, 17, 21], [1, 19, 2, 18], [20, 16, 21, 15], [22, 3, 23, 4], [24, 9, 1, 10], [19, 3, 20, 2], [4, 11, 5, 12], [6, 13, 7, 14], [8, 23, 9, 24], [10, 7, 11, 8], [12, 5, 13, 6], [14, 18, 15, 17]]"
12n_0075_155,"[[14, 18, 15, 17], [16, 22, 17, 21], [1, 19, 2, 18], [20, 16, 21, 15], [22, 3, 23, 4], [24, 9, 1, 10], [19, 3, 20, 2], [4, 11, 5, 12], [6, 13, 7, 14], [8, 23, 9, 24], [10, 7, 11, 8], [12, 5, 13, 6]]"
12n_0075_156,"[[13, 6, 14, 7], [15, 19, 16, 18], [17, 23, 18, 22], [2, 20, 3, 19], [21, 17, 22, 16], [23, 4, 24, 5], [1, 10, 2, 11], [20, 4, 21, 3], [5, 12, 6, 13], [7, 14, 8, 15], [9, 24, 10, 1], [11, 8, 12, 9]]"
12n_0075_157,"[[11, 8, 12, 9], [13, 6, 14, 7], [15, 19, 16, 18], [17, 23, 18, 22], [2, 20, 3, 19], [21, 17, 22, 16], [23, 4, 24, 5], [1, 10, 2, 11], [20, 4, 21, 3], [5, 12, 6, 13], [7, 14, 8, 15], [9, 24, 10, 1]]"
12n_0075_158,"[[9, 24, 10, 1], [11, 8, 12, 9], [13, 6, 14, 7], [15, 19, 16, 18], [17, 23, 18, 22], [2, 20, 3, 19], [21, 17, 22, 16], [23, 4, 24, 5], [1, 10, 2, 11], [20, 4, 21, 3], [5, 12, 6, 13], [7, 14, 8, 15]]"
12n_0075_159,"[[7, 14, 8, 15], [9, 24, 10, 1], [11, 8, 12, 9], [13, 6, 14, 7], [15, 19, 16, 18], [17, 23, 18, 22], [2, 20, 3, 19], [21, 17, 22, 16], [23, 4, 24, 5], [1, 10, 2, 11], [20, 4, 21, 3], [5, 12, 6, 13]]"
12n_0075_160,"[[5, 12, 6, 13], [7, 14, 8, 15], [9, 24, 10, 1], [11, 8, 12, 9], [13, 6, 14, 7], [15, 19, 16, 18], [17, 23, 18, 22], [2, 20, 3, 19], [21, 17, 22, 16], [23, 4, 24, 5], [1, 10, 2, 11], [20, 4, 21, 3]]"
12n_0075_161,"[[20, 4, 21, 3], [5, 12, 6, 13], [7, 14, 8, 15], [9, 24, 10, 1], [11, 8, 12, 9], [13, 6, 14, 7], [15, 19, 16, 18], [17, 23, 18, 22], [2, 20, 3, 19], [21, 17, 22, 16], [23, 4, 24, 5], [1, 10, 2, 11]]"
12n_0075_162,"[[1, 10, 2, 11], [20, 4, 21, 3], [5, 12, 6, 13], [7, 14, 8, 15], [9, 24, 10, 1], [11, 8, 12, 9], [13, 6, 14, 7], [15, 19, 16, 18], [17, 23, 18, 22], [2, 20, 3, 19], [21, 17, 22, 16], [23, 4, 24, 5]]"
12n_0075_163,"[[23, 4, 24, 5], [1, 10, 2, 11], [20, 4, 21, 3], [5, 12, 6, 13], [7, 14, 8, 15], [9, 24, 10, 1], [11, 8, 12, 9], [13, 6, 14, 7], [15, 19, 16, 18], [17, 23, 18, 22], [2, 20, 3, 19], [21, 17, 22, 16]]"
12n_0075_164,"[[21, 17, 22, 16], [23, 4, 24, 5], [1, 10, 2, 11], [20, 4, 21, 3], [5, 12, 6, 13], [7, 14, 8, 15], [9, 24, 10, 1], [11, 8, 12, 9], [13, 6, 14, 7], [15, 19, 16, 18], [17, 23, 18, 22], [2, 20, 3, 19]]"
12n_0075_165,"[[2, 20, 3, 19], [21, 17, 22, 16], [23, 4, 24, 5], [1, 10, 2, 11], [20, 4, 21, 3], [5, 12, 6, 13], [7, 14, 8, 15], [9, 24, 10, 1], [11, 8, 12, 9], [13, 6, 14, 7], [15, 19, 16, 18], [17, 23, 18, 22]]"
12n_0075_166,"[[17, 23, 18, 22], [2, 20, 3, 19], [21, 17, 22, 16], [23, 4, 24, 5], [1, 10, 2, 11], [20, 4, 21, 3], [5, 12, 6, 13], [7, 14, 8, 15], [9, 24, 10, 1], [11, 8, 12, 9], [13, 6, 14, 7], [15, 19, 16, 18]]"
12n_0075_167,"[[15, 19, 16, 18], [17, 23, 18, 22], [2, 20, 3, 19], [21, 17, 22, 16], [23, 4, 24, 5], [1, 10, 2, 11], [20, 4, 21, 3], [5, 12, 6, 13], [7, 14, 8, 15], [9, 24, 10, 1], [11, 8, 12, 9], [13, 6, 14, 7]]"
12n_0075_168,"[[14, 7, 15, 8], [16, 20, 17, 19], [18, 24, 19, 23], [3, 21, 4, 20], [22, 18, 23, 17], [24, 5, 1, 6], [2, 11, 3, 12], [21, 5, 22, 4], [6, 13, 7, 14], [8, 15, 9, 16], [10, 1, 11, 2], [12, 9, 13, 10]]"
12n_0075_169,"[[12, 9, 13, 10], [14, 7, 15, 8], [16, 20, 17, 19], [18, 24, 19, 23], [3, 21, 4, 20], [22, 18, 23, 17], [24, 5, 1, 6], [2, 11, 3, 12], [21, 5, 22, 4], [6, 13, 7, 14], [8, 15, 9, 16], [10, 1, 11, 2]]"
12n_0075_170,"[[10, 1, 11, 2], [12, 9, 13, 10], [14, 7, 15, 8], [16, 20, 17, 19], [18, 24, 19, 23], [3, 21, 4, 20], [22, 18, 23, 17], [24, 5, 1, 6], [2, 11, 3, 12], [21, 5, 22, 4], [6, 13, 7, 14], [8, 15, 9, 16]]"
12n_0075_171,"[[8, 15, 9, 16], [10, 1, 11, 2], [12, 9, 13, 10], [14, 7, 15, 8], [16, 20, 17, 19], [18, 24, 19, 23], [3, 21, 4, 20], [22, 18, 23, 17], [24, 5, 1, 6], [2, 11, 3, 12], [21, 5, 22, 4], [6, 13, 7, 14]]"
12n_0075_172,"[[6, 13, 7, 14], [8, 15, 9, 16], [10, 1, 11, 2], [12, 9, 13, 10], [14, 7, 15, 8], [16, 20, 17, 19], [18, 24, 19, 23], [3, 21, 4, 20], [22, 18, 23, 17], [24, 5, 1, 6], [2, 11, 3, 12], [21, 5, 22, 4]]"
12n_0075_173,"[[21, 5, 22, 4], [6, 13, 7, 14], [8, 15, 9, 16], [10, 1, 11, 2], [12, 9, 13, 10], [14, 7, 15, 8], [16, 20, 17, 19], [18, 24, 19, 23], [3, 21, 4, 20], [22, 18, 23, 17], [24, 5, 1, 6], [2, 11, 3, 12]]"
12n_0075_174,"[[2, 11, 3, 12], [21, 5, 22, 4], [6, 13, 7, 14], [8, 15, 9, 16], [10, 1, 11, 2], [12, 9, 13, 10], [14, 7, 15, 8], [16, 20, 17, 19], [18, 24, 19, 23], [3, 21, 4, 20], [22, 18, 23, 17], [24, 5, 1, 6]]"
12n_0075_175,"[[24, 5, 1, 6], [2, 11, 3, 12], [21, 5, 22, 4], [6, 13, 7, 14], [8, 15, 9, 16], [10, 1, 11, 2], [12, 9, 13, 10], [14, 7, 15, 8], [16, 20, 17, 19], [18, 24, 19, 23], [3, 21, 4, 20], [22, 18, 23, 17]]"
12n_0075_176,"[[22, 18, 23, 17], [24, 5, 1, 6], [2, 11, 3, 12], [21, 5, 22, 4], [6, 13, 7, 14], [8, 15, 9, 16], [10, 1, 11, 2], [12, 9, 13, 10], [14, 7, 15, 8], [16, 20, 17, 19], [18, 24, 19, 23], [3, 21, 4, 20]]"
12n_0075_177,"[[3, 21, 4, 20], [22, 18, 23, 17], [24, 5, 1, 6], [2, 11, 3, 12], [21, 5, 22, 4], [6, 13, 7, 14], [8, 15, 9, 16], [10, 1, 11, 2], [12, 9, 13, 10], [14, 7, 15, 8], [16, 20, 17, 19], [18, 24, 19, 23]]"
12n_0075_178,"[[18, 24, 19, 23], [3, 21, 4, 20], [22, 18, 23, 17], [24, 5, 1, 6], [2, 11, 3, 12], [21, 5, 22, 4], [6, 13, 7, 14], [8, 15, 9, 16], [10, 1, 11, 2], [12, 9, 13, 10], [14, 7, 15, 8], [16, 20, 17, 19]]"
12n_0075_179,"[[16, 20, 17, 19], [18, 24, 19, 23], [3, 21, 4, 20], [22, 18, 23, 17], [24, 5, 1, 6], [2, 11, 3, 12], [21, 5, 22, 4], [6, 13, 7, 14], [8, 15, 9, 16], [10, 1, 11, 2], [12, 9, 13, 10], [14, 7, 15, 8]]"
12n_0075_180,"[[15, 8, 16, 9], [17, 21, 18, 20], [19, 1, 20, 24], [4, 22, 5, 21], [23, 19, 24, 18], [1, 6, 2, 7], [3, 12, 4, 13], [22, 6, 23, 5], [7, 14, 8, 15], [9, 16, 10, 17], [11, 2, 12, 3], [13, 10, 14, 11]]"
12n_0075_181,"[[13, 10, 14, 11], [15, 8, 16, 9], [17, 21, 18, 20], [19, 1, 20, 24], [4, 22, 5, 21], [23, 19, 24, 18], [1, 6, 2, 7], [3, 12, 4, 13], [22, 6, 23, 5], [7, 14, 8, 15], [9, 16, 10, 17], [11, 2, 12, 3]]"
12n_0075_182,"[[11, 2, 12, 3], [13, 10, 14, 11], [15, 8, 16, 9], [17, 21, 18, 20], [19, 1, 20, 24], [4, 22, 5, 21], [23, 19, 24, 18], [1, 6, 2, 7], [3, 12, 4, 13], [22, 6, 23, 5], [7, 14, 8, 15], [9, 16, 10, 17]]"
12n_0075_183,"[[9, 16, 10, 17], [11, 2, 12, 3], [13, 10, 14, 11], [15, 8, 16, 9], [17, 21, 18, 20], [19, 1, 20, 24], [4, 22, 5, 21], [23, 19, 24, 18], [1, 6, 2, 7], [3, 12, 4, 13], [22, 6, 23, 5], [7, 14, 8, 15]]"
12n_0075_184,"[[7, 14, 8, 15], [9, 16, 10, 17], [11, 2, 12, 3], [13, 10, 14, 11], [15, 8, 16, 9], [17, 21, 18, 20], [19, 1, 20, 24], [4, 22, 5, 21], [23, 19, 24, 18], [1, 6, 2, 7], [3, 12, 4, 13], [22, 6, 23, 5]]"
12n_0075_185,"[[22, 6, 23, 5], [7, 14, 8, 15], [9, 16, 10, 17], [11, 2, 12, 3], [13, 10, 14, 11], [15, 8, 16, 9], [17, 21, 18, 20], [19, 1, 20, 24], [4, 22, 5, 21], [23, 19, 24, 18], [1, 6, 2, 7], [3, 12, 4, 13]]"
