name,pd_notation
12n_0720_0,"[[24, 16, 1, 15], [2, 8, 3, 7], [11, 5, 12, 4], [13, 6, 14, 7], [8, 18, 9, 17], [10, 24, 11, 23], [21, 13, 22, 12], [14, 20, 15, 19], [16, 10, 17, 9], [18, 2, 19, 1], [5, 20, 6, 21], [3, 23, 4, 22]]"
12n_0720_1,"[[3, 23, 4, 22], [24, 16, 1, 15], [2, 8, 3, 7], [11, 5, 12, 4], [13, 6, 14, 7], [8, 18, 9, 17], [10, 24, 11, 23], [21, 13, 22, 12], [14, 20, 15, 19], [16, 10, 17, 9], [18, 2, 19, 1], [5, 20, 6, 21]]"
12n_0720_2,"[[5, 20, 6, 21], [3, 23, 4, 22], [24, 16, 1, 15], [2, 8, 3, 7], [11, 5, 12, 4], [13, 6, 14, 7], [8, 18, 9, 17], [10, 24, 11, 23], [21, 13, 22, 12], [14, 20, 15, 19], [16, 10, 17, 9], [18, 2, 19, 1]]"
12n_0720_3,"[[18, 2, 19, 1], [5, 20, 6, 21], [3, 23, 4, 22], [24, 16, 1, 15], [2, 8, 3, 7], [11, 5, 12, 4], [13, 6, 14, 7], [8, 18, 9, 17], [10, 24, 11, 23], [21, 13, 22, 12], [14, 20, 15, 19], [16, 10, 17, 9]]"
12n_0720_4,"[[16, 10, 17, 9], [18, 2, 19, 1], [5, 20, 6, 21], [3, 23, 4, 22], [24, 16, 1, 15], [2, 8, 3, 7], [11, 5, 12, 4], [13, 6, 14, 7], [8, 18, 9, 17], [10, 24, 11, 23], [21, 13, 22, 12], [14, 20, 15, 19]]"
12n_0720_5,"[[14, 20, 15, 19], [16, 10, 17, 9], [18, 2, 19, 1], [5, 20, 6, 21], [3, 23, 4, 22], [24, 16, 1, 15], [2, 8, 3, 7], [11, 5, 12, 4], [13, 6, 14, 7], [8, 18, 9, 17], [10, 24, 11, 23], [21, 13, 22, 12]]"
12n_0720_6,"[[21, 13, 22, 12], [14, 20, 15, 19], [16, 10, 17, 9], [18, 2, 19, 1], [5, 20, 6, 21], [3, 23, 4, 22], [24, 16, 1, 15], [2, 8, 3, 7], [11, 5, 12, 4], [13, 6, 14, 7], [8, 18, 9, 17], [10, 24, 11, 23]]"
12n_0720_7,"[[10, 24, 11, 23], [21, 13, 22, 12], [14, 20, 15, 19], [16, 10, 17, 9], [18, 2, 19, 1], [5, 20, 6, 21], [3, 23, 4, 22], [24, 16, 1, 15], [2, 8, 3, 7], [11, 5, 12, 4], [13, 6, 14, 7], [8, 18, 9, 17]]"
12n_0720_8,"[[8, 18, 9, 17], [10, 24, 11, 23], [21, 13, 22, 12], [14, 20, 15, 19], [16, 10, 17, 9], [18, 2, 19, 1], [5, 20, 6, 21], [3, 23, 4, 22], [24, 16, 1, 15], [2, 8, 3, 7], [11, 5, 12, 4], [13, 6, 14, 7]]"
12n_0720_9,"[[13, 6, 14, 7], [8, 18, 9, 17], [10, 24, 11, 23], [21, 13, 22, 12], [14, 20, 15, 19], [16, 10, 17, 9], [18, 2, 19, 1], [5, 20, 6, 21], [3, 23, 4, 22], [24, 16, 1, 15], [2, 8, 3, 7], [11, 5, 12, 4]]"
12n_0720_10,"[[11, 5, 12, 4], [13, 6, 14, 7], [8, 18, 9, 17], [10, 24, 11, 23], [21, 13, 22, 12], [14, 20, 15, 19], [16, 10, 17, 9], [18, 2, 19, 1], [5, 20, 6, 21], [3, 23, 4, 22], [24, 16, 1, 15], [2, 8, 3, 7]]"
12n_0720_11,"[[2, 8, 3, 7], [11, 5, 12, 4], [13, 6, 14, 7], [8, 18, 9, 17], [10, 24, 11, 23], [21, 13, 22, 12], [14, 20, 15, 19], [16, 10, 17, 9], [18, 2, 19, 1], [5, 20, 6, 21], [3, 23, 4, 22], [24, 16, 1, 15]]"
12n_0720_12,"[[1, 17, 2, 16], [3, 9, 4, 8], [12, 6, 13, 5], [14, 7, 15, 8], [9, 19, 10, 18], [11, 1, 12, 24], [22, 14, 23, 13], [15, 21, 16, 20], [17, 11, 18, 10], [19, 3, 20, 2], [6, 21, 7, 22], [4, 24, 5, 23]]"
12n_0720_13,"[[4, 24, 5, 23], [1, 17, 2, 16], [3, 9, 4, 8], [12, 6, 13, 5], [14, 7, 15, 8], [9, 19, 10, 18], [11, 1, 12, 24], [22, 14, 23, 13], [15, 21, 16, 20], [17, 11, 18, 10], [19, 3, 20, 2], [6, 21, 7, 22]]"
12n_0720_14,"[[6, 21, 7, 22], [4, 24, 5, 23], [1, 17, 2, 16], [3, 9, 4, 8], [12, 6, 13, 5], [14, 7, 15, 8], [9, 19, 10, 18], [11, 1, 12, 24], [22, 14, 23, 13], [15, 21, 16, 20], [17, 11, 18, 10], [19, 3, 20, 2]]"
12n_0720_15,"[[19, 3, 20, 2], [6, 21, 7, 22], [4, 24, 5, 23], [1, 17, 2, 16], [3, 9, 4, 8], [12, 6, 13, 5], [14, 7, 15, 8], [9, 19, 10, 18], [11, 1, 12, 24], [22, 14, 23, 13], [15, 21, 16, 20], [17, 11, 18, 10]]"
12n_0720_16,"[[17, 11, 18, 10], [19, 3, 20, 2], [6, 21, 7, 22], [4, 24, 5, 23], [1, 17, 2, 16], [3, 9, 4, 8], [12, 6, 13, 5], [14, 7, 15, 8], [9, 19, 10, 18], [11, 1, 12, 24], [22, 14, 23, 13], [15, 21, 16, 20]]"
12n_0720_17,"[[15, 21, 16, 20], [17, 11, 18, 10], [19, 3, 20, 2], [6, 21, 7, 22], [4, 24, 5, 23], [1, 17, 2, 16], [3, 9, 4, 8], [12, 6, 13, 5], [14, 7, 15, 8], [9, 19, 10, 18], [11, 1, 12, 24], [22, 14, 23, 13]]"
12n_0720_18,"[[22, 14, 23, 13], [15, 21, 16, 20], [17, 11, 18, 10], [19, 3, 20, 2], [6, 21, 7, 22], [4, 24, 5, 23], [1, 17, 2, 16], [3, 9, 4, 8], [12, 6, 13, 5], [14, 7, 15, 8], [9, 19, 10, 18], [11, 1, 12, 24]]"
12n_0720_19,"[[11, 1, 12, 24], [22, 14, 23, 13], [15, 21, 16, 20], [17, 11, 18, 10], [19, 3, 20, 2], [6, 21, 7, 22], [4, 24, 5, 23], [1, 17, 2, 16], [3, 9, 4, 8], [12, 6, 13, 5], [14, 7, 15, 8], [9, 19, 10, 18]]"
12n_0720_20,"[[9, 19, 10, 18], [11, 1, 12, 24], [22, 14, 23, 13], [15, 21, 16, 20], [17, 11, 18, 10], [19, 3, 20, 2], [6, 21, 7, 22], [4, 24, 5, 23], [1, 17, 2, 16], [3, 9, 4, 8], [12, 6, 13, 5], [14, 7, 15, 8]]"
12n_0720_21,"[[14, 7, 15, 8], [9, 19, 10, 18], [11, 1, 12, 24], [22, 14, 23, 13], [15, 21, 16, 20], [17, 11, 18, 10], [19, 3, 20, 2], [6, 21, 7, 22], [4, 24, 5, 23], [1, 17, 2, 16], [3, 9, 4, 8], [12, 6, 13, 5]]"
12n_0720_22,"[[12, 6, 13, 5], [14, 7, 15, 8], [9, 19, 10, 18], [11, 1, 12, 24], [22, 14, 23, 13], [15, 21, 16, 20], [17, 11, 18, 10], [19, 3, 20, 2], [6, 21, 7, 22], [4, 24, 5, 23], [1, 17, 2, 16], [3, 9, 4, 8]]"
12n_0720_23,"[[3, 9, 4, 8], [12, 6, 13, 5], [14, 7, 15, 8], [9, 19, 10, 18], [11, 1, 12, 24], [22, 14, 23, 13], [15, 21, 16, 20], [17, 11, 18, 10], [19, 3, 20, 2], [6, 21, 7, 22], [4, 24, 5, 23], [1, 17, 2, 16]]"
12n_0720_24,"[[2, 18, 3, 17], [4, 10, 5, 9], [13, 7, 14, 6], [15, 8, 16, 9], [10, 20, 11, 19], [12, 2, 13, 1], [23, 15, 24, 14], [16, 22, 17, 21], [18, 12, 19, 11], [20, 4, 21, 3], [7, 22, 8, 23], [5, 1, 6, 24]]"
12n_0720_25,"[[5, 1, 6, 24], [2, 18, 3, 17], [4, 10, 5, 9], [13, 7, 14, 6], [15, 8, 16, 9], [10, 20, 11, 19], [12, 2, 13, 1], [23, 15, 24, 14], [16, 22, 17, 21], [18, 12, 19, 11], [20, 4, 21, 3], [7, 22, 8, 23]]"
12n_0720_26,"[[7, 22, 8, 23], [5, 1, 6, 24], [2, 18, 3, 17], [4, 10, 5, 9], [13, 7, 14, 6], [15, 8, 16, 9], [10, 20, 11, 19], [12, 2, 13, 1], [23, 15, 24, 14], [16, 22, 17, 21], [18, 12, 19, 11], [20, 4, 21, 3]]"
12n_0720_27,"[[20, 4, 21, 3], [7, 22, 8, 23], [5, 1, 6, 24], [2, 18, 3, 17], [4, 10, 5, 9], [13, 7, 14, 6], [15, 8, 16, 9], [10, 20, 11, 19], [12, 2, 13, 1], [23, 15, 24, 14], [16, 22, 17, 21], [18, 12, 19, 11]]"
12n_0720_28,"[[18, 12, 19, 11], [20, 4, 21, 3], [7, 22, 8, 23], [5, 1, 6, 24], [2, 18, 3, 17], [4, 10, 5, 9], [13, 7, 14, 6], [15, 8, 16, 9], [10, 20, 11, 19], [12, 2, 13, 1], [23, 15, 24, 14], [16, 22, 17, 21]]"
12n_0720_29,"[[16, 22, 17, 21], [18, 12, 19, 11], [20, 4, 21, 3], [7, 22, 8, 23], [5, 1, 6, 24], [2, 18, 3, 17], [4, 10, 5, 9], [13, 7, 14, 6], [15, 8, 16, 9], [10, 20, 11, 19], [12, 2, 13, 1], [23, 15, 24, 14]]"
12n_0720_30,"[[23, 15, 24, 14], [16, 22, 17, 21], [18, 12, 19, 11], [20, 4, 21, 3], [7, 22, 8, 23], [5, 1, 6, 24], [2, 18, 3, 17], [4, 10, 5, 9], [13, 7, 14, 6], [15, 8, 16, 9], [10, 20, 11, 19], [12, 2, 13, 1]]"
12n_0720_31,"[[12, 2, 13, 1], [23, 15, 24, 14], [16, 22, 17, 21], [18, 12, 19, 11], [20, 4, 21, 3], [7, 22, 8, 23], [5, 1, 6, 24], [2, 18, 3, 17], [4, 10, 5, 9], [13, 7, 14, 6], [15, 8, 16, 9], [10, 20, 11, 19]]"
12n_0720_32,"[[10, 20, 11, 19], [12, 2, 13, 1], [23, 15, 24, 14], [16, 22, 17, 21], [18, 12, 19, 11], [20, 4, 21, 3], [7, 22, 8, 23], [5, 1, 6, 24], [2, 18, 3, 17], [4, 10, 5, 9], [13, 7, 14, 6], [15, 8, 16, 9]]"
12n_0720_33,"[[15, 8, 16, 9], [10, 20, 11, 19], [12, 2, 13, 1], [23, 15, 24, 14], [16, 22, 17, 21], [18, 12, 19, 11], [20, 4, 21, 3], [7, 22, 8, 23], [5, 1, 6, 24], [2, 18, 3, 17], [4, 10, 5, 9], [13, 7, 14, 6]]"
12n_0720_34,"[[13, 7, 14, 6], [15, 8, 16, 9], [10, 20, 11, 19], [12, 2, 13, 1], [23, 15, 24, 14], [16, 22, 17, 21], [18, 12, 19, 11], [20, 4, 21, 3], [7, 22, 8, 23], [5, 1, 6, 24], [2, 18, 3, 17], [4, 10, 5, 9]]"
12n_0720_35,"[[4, 10, 5, 9], [13, 7, 14, 6], [15, 8, 16, 9], [10, 20, 11, 19], [12, 2, 13, 1], [23, 15, 24, 14], [16, 22, 17, 21], [18, 12, 19, 11], [20, 4, 21, 3], [7, 22, 8, 23], [5, 1, 6, 24], [2, 18, 3, 17]]"
12n_0720_36,"[[3, 19, 4, 18], [5, 11, 6, 10], [14, 8, 15, 7], [16, 9, 17, 10], [11, 21, 12, 20], [13, 3, 14, 2], [24, 16, 1, 15], [17, 23, 18, 22], [19, 13, 20, 12], [21, 5, 22, 4], [8, 23, 9, 24], [6, 2, 7, 1]]"
12n_0720_37,"[[6, 2, 7, 1], [3, 19, 4, 18], [5, 11, 6, 10], [14, 8, 15, 7], [16, 9, 17, 10], [11, 21, 12, 20], [13, 3, 14, 2], [24, 16, 1, 15], [17, 23, 18, 22], [19, 13, 20, 12], [21, 5, 22, 4], [8, 23, 9, 24]]"
12n_0720_38,"[[8, 23, 9, 24], [6, 2, 7, 1], [3, 19, 4, 18], [5, 11, 6, 10], [14, 8, 15, 7], [16, 9, 17, 10], [11, 21, 12, 20], [13, 3, 14, 2], [24, 16, 1, 15], [17, 23, 18, 22], [19, 13, 20, 12], [21, 5, 22, 4]]"
12n_0720_39,"[[21, 5, 22, 4], [8, 23, 9, 24], [6, 2, 7, 1], [3, 19, 4, 18], [5, 11, 6, 10], [14, 8, 15, 7], [16, 9, 17, 10], [11, 21, 12, 20], [13, 3, 14, 2], [24, 16, 1, 15], [17, 23, 18, 22], [19, 13, 20, 12]]"
12n_0720_40,"[[19, 13, 20, 12], [21, 5, 22, 4], [8, 23, 9, 24], [6, 2, 7, 1], [3, 19, 4, 18], [5, 11, 6, 10], [14, 8, 15, 7], [16, 9, 17, 10], [11, 21, 12, 20], [13, 3, 14, 2], [24, 16, 1, 15], [17, 23, 18, 22]]"
12n_0720_41,"[[17, 23, 18, 22], [19, 13, 20, 12], [21, 5, 22, 4], [8, 23, 9, 24], [6, 2, 7, 1], [3, 19, 4, 18], [5, 11, 6, 10], [14, 8, 15, 7], [16, 9, 17, 10], [11, 21, 12, 20], [13, 3, 14, 2], [24, 16, 1, 15]]"
12n_0720_42,"[[24, 16, 1, 15], [17, 23, 18, 22], [19, 13, 20, 12], [21, 5, 22, 4], [8, 23, 9, 24], [6, 2, 7, 1], [3, 19, 4, 18], [5, 11, 6, 10], [14, 8, 15, 7], [16, 9, 17, 10], [11, 21, 12, 20], [13, 3, 14, 2]]"
12n_0720_43,"[[13, 3, 14, 2], [24, 16, 1, 15], [17, 23, 18, 22], [19, 13, 20, 12], [21, 5, 22, 4], [8, 23, 9, 24], [6, 2, 7, 1], [3, 19, 4, 18], [5, 11, 6, 10], [14, 8, 15, 7], [16, 9, 17, 10], [11, 21, 12, 20]]"
12n_0720_44,"[[11, 21, 12, 20], [13, 3, 14, 2], [24, 16, 1, 15], [17, 23, 18, 22], [19, 13, 20, 12], [21, 5, 22, 4], [8, 23, 9, 24], [6, 2, 7, 1], [3, 19, 4, 18], [5, 11, 6, 10], [14, 8, 15, 7], [16, 9, 17, 10]]"
12n_0720_45,"[[16, 9, 17, 10], [11, 21, 12, 20], [13, 3, 14, 2], [24, 16, 1, 15], [17, 23, 18, 22], [19, 13, 20, 12], [21, 5, 22, 4], [8, 23, 9, 24], [6, 2, 7, 1], [3, 19, 4, 18], [5, 11, 6, 10], [14, 8, 15, 7]]"
12n_0720_46,"[[14, 8, 15, 7], [16, 9, 17, 10], [11, 21, 12, 20], [13, 3, 14, 2], [24, 16, 1, 15], [17, 23, 18, 22], [19, 13, 20, 12], [21, 5, 22, 4], [8, 23, 9, 24], [6, 2, 7, 1], [3, 19, 4, 18], [5, 11, 6, 10]]"
12n_0720_47,"[[5, 11, 6, 10], [14, 8, 15, 7], [16, 9, 17, 10], [11, 21, 12, 20], [13, 3, 14, 2], [24, 16, 1, 15], [17, 23, 18, 22], [19, 13, 20, 12], [21, 5, 22, 4], [8, 23, 9, 24], [6, 2, 7, 1], [3, 19, 4, 18]]"
12n_0720_48,"[[4, 20, 5, 19], [6, 12, 7, 11], [15, 9, 16, 8], [17, 10, 18, 11], [12, 22, 13, 21], [14, 4, 15, 3], [1, 17, 2, 16], [18, 24, 19, 23], [20, 14, 21, 13], [22, 6, 23, 5], [9, 24, 10, 1], [7, 3, 8, 2]]"
12n_0720_49,"[[7, 3, 8, 2], [4, 20, 5, 19], [6, 12, 7, 11], [15, 9, 16, 8], [17, 10, 18, 11], [12, 22, 13, 21], [14, 4, 15, 3], [1, 17, 2, 16], [18, 24, 19, 23], [20, 14, 21, 13], [22, 6, 23, 5], [9, 24, 10, 1]]"
12n_0720_50,"[[9, 24, 10, 1], [7, 3, 8, 2], [4, 20, 5, 19], [6, 12, 7, 11], [15, 9, 16, 8], [17, 10, 18, 11], [12, 22, 13, 21], [14, 4, 15, 3], [1, 17, 2, 16], [18, 24, 19, 23], [20, 14, 21, 13], [22, 6, 23, 5]]"
12n_0720_51,"[[22, 6, 23, 5], [9, 24, 10, 1], [7, 3, 8, 2], [4, 20, 5, 19], [6, 12, 7, 11], [15, 9, 16, 8], [17, 10, 18, 11], [12, 22, 13, 21], [14, 4, 15, 3], [1, 17, 2, 16], [18, 24, 19, 23], [20, 14, 21, 13]]"
12n_0720_52,"[[20, 14, 21, 13], [22, 6, 23, 5], [9, 24, 10, 1], [7, 3, 8, 2], [4, 20, 5, 19], [6, 12, 7, 11], [15, 9, 16, 8], [17, 10, 18, 11], [12, 22, 13, 21], [14, 4, 15, 3], [1, 17, 2, 16], [18, 24, 19, 23]]"
12n_0720_53,"[[18, 24, 19, 23], [20, 14, 21, 13], [22, 6, 23, 5], [9, 24, 10, 1], [7, 3, 8, 2], [4, 20, 5, 19], [6, 12, 7, 11], [15, 9, 16, 8], [17, 10, 18, 11], [12, 22, 13, 21], [14, 4, 15, 3], [1, 17, 2, 16]]"
12n_0720_54,"[[1, 17, 2, 16], [18, 24, 19, 23], [20, 14, 21, 13], [22, 6, 23, 5], [9, 24, 10, 1], [7, 3, 8, 2], [4, 20, 5, 19], [6, 12, 7, 11], [15, 9, 16, 8], [17, 10, 18, 11], [12, 22, 13, 21], [14, 4, 15, 3]]"
12n_0720_55,"[[14, 4, 15, 3], [1, 17, 2, 16], [18, 24, 19, 23], [20, 14, 21, 13], [22, 6, 23, 5], [9, 24, 10, 1], [7, 3, 8, 2], [4, 20, 5, 19], [6, 12, 7, 11], [15, 9, 16, 8], [17, 10, 18, 11], [12, 22, 13, 21]]"
12n_0720_56,"[[12, 22, 13, 21], [14, 4, 15, 3], [1, 17, 2, 16], [18, 24, 19, 23], [20, 14, 21, 13], [22, 6, 23, 5], [9, 24, 10, 1], [7, 3, 8, 2], [4, 20, 5, 19], [6, 12, 7, 11], [15, 9, 16, 8], [17, 10, 18, 11]]"
12n_0720_57,"[[17, 10, 18, 11], [12, 22, 13, 21], [14, 4, 15, 3], [1, 17, 2, 16], [18, 24, 19, 23], [20, 14, 21, 13], [22, 6, 23, 5], [9, 24, 10, 1], [7, 3, 8, 2], [4, 20, 5, 19], [6, 12, 7, 11], [15, 9, 16, 8]]"
12n_0720_58,"[[15, 9, 16, 8], [17, 10, 18, 11], [12, 22, 13, 21], [14, 4, 15, 3], [1, 17, 2, 16], [18, 24, 19, 23], [20, 14, 21, 13], [22, 6, 23, 5], [9, 24, 10, 1], [7, 3, 8, 2], [4, 20, 5, 19], [6, 12, 7, 11]]"
12n_0720_59,"[[6, 12, 7, 11], [15, 9, 16, 8], [17, 10, 18, 11], [12, 22, 13, 21], [14, 4, 15, 3], [1, 17, 2, 16], [18, 24, 19, 23], [20, 14, 21, 13], [22, 6, 23, 5], [9, 24, 10, 1], [7, 3, 8, 2], [4, 20, 5, 19]]"
12n_0720_60,"[[5, 21, 6, 20], [7, 13, 8, 12], [16, 10, 17, 9], [18, 11, 19, 12], [13, 23, 14, 22], [15, 5, 16, 4], [2, 18, 3, 17], [19, 1, 20, 24], [21, 15, 22, 14], [23, 7, 24, 6], [10, 1, 11, 2], [8, 4, 9, 3]]"
12n_0720_61,"[[8, 4, 9, 3], [5, 21, 6, 20], [7, 13, 8, 12], [16, 10, 17, 9], [18, 11, 19, 12], [13, 23, 14, 22], [15, 5, 16, 4], [2, 18, 3, 17], [19, 1, 20, 24], [21, 15, 22, 14], [23, 7, 24, 6], [10, 1, 11, 2]]"
12n_0720_62,"[[10, 1, 11, 2], [8, 4, 9, 3], [5, 21, 6, 20], [7, 13, 8, 12], [16, 10, 17, 9], [18, 11, 19, 12], [13, 23, 14, 22], [15, 5, 16, 4], [2, 18, 3, 17], [19, 1, 20, 24], [21, 15, 22, 14], [23, 7, 24, 6]]"
12n_0720_63,"[[23, 7, 24, 6], [10, 1, 11, 2], [8, 4, 9, 3], [5, 21, 6, 20], [7, 13, 8, 12], [16, 10, 17, 9], [18, 11, 19, 12], [13, 23, 14, 22], [15, 5, 16, 4], [2, 18, 3, 17], [19, 1, 20, 24], [21, 15, 22, 14]]"
12n_0720_64,"[[21, 15, 22, 14], [23, 7, 24, 6], [10, 1, 11, 2], [8, 4, 9, 3], [5, 21, 6, 20], [7, 13, 8, 12], [16, 10, 17, 9], [18, 11, 19, 12], [13, 23, 14, 22], [15, 5, 16, 4], [2, 18, 3, 17], [19, 1, 20, 24]]"
12n_0720_65,"[[19, 1, 20, 24], [21, 15, 22, 14], [23, 7, 24, 6], [10, 1, 11, 2], [8, 4, 9, 3], [5, 21, 6, 20], [7, 13, 8, 12], [16, 10, 17, 9], [18, 11, 19, 12], [13, 23, 14, 22], [15, 5, 16, 4], [2, 18, 3, 17]]"
12n_0720_66,"[[2, 18, 3, 17], [19, 1, 20, 24], [21, 15, 22, 14], [23, 7, 24, 6], [10, 1, 11, 2], [8, 4, 9, 3], [5, 21, 6, 20], [7, 13, 8, 12], [16, 10, 17, 9], [18, 11, 19, 12], [13, 23, 14, 22], [15, 5, 16, 4]]"
12n_0720_67,"[[15, 5, 16, 4], [2, 18, 3, 17], [19, 1, 20, 24], [21, 15, 22, 14], [23, 7, 24, 6], [10, 1, 11, 2], [8, 4, 9, 3], [5, 21, 6, 20], [7, 13, 8, 12], [16, 10, 17, 9], [18, 11, 19, 12], [13, 23, 14, 22]]"
12n_0720_68,"[[13, 23, 14, 22], [15, 5, 16, 4], [2, 18, 3, 17], [19, 1, 20, 24], [21, 15, 22, 14], [23, 7, 24, 6], [10, 1, 11, 2], [8, 4, 9, 3], [5, 21, 6, 20], [7, 13, 8, 12], [16, 10, 17, 9], [18, 11, 19, 12]]"
12n_0720_69,"[[18, 11, 19, 12], [13, 23, 14, 22], [15, 5, 16, 4], [2, 18, 3, 17], [19, 1, 20, 24], [21, 15, 22, 14], [23, 7, 24, 6], [10, 1, 11, 2], [8, 4, 9, 3], [5, 21, 6, 20], [7, 13, 8, 12], [16, 10, 17, 9]]"
12n_0720_70,"[[16, 10, 17, 9], [18, 11, 19, 12], [13, 23, 14, 22], [15, 5, 16, 4], [2, 18, 3, 17], [19, 1, 20, 24], [21, 15, 22, 14], [23, 7, 24, 6], [10, 1, 11, 2], [8, 4, 9, 3], [5, 21, 6, 20], [7, 13, 8, 12]]"
12n_0720_71,"[[7, 13, 8, 12], [16, 10, 17, 9], [18, 11, 19, 12], [13, 23, 14, 22], [15, 5, 16, 4], [2, 18, 3, 17], [19, 1, 20, 24], [21, 15, 22, 14], [23, 7, 24, 6], [10, 1, 11, 2], [8, 4, 9, 3], [5, 21, 6, 20]]"
12n_0720_72,"[[6, 22, 7, 21], [8, 14, 9, 13], [17, 11, 18, 10], [19, 12, 20, 13], [14, 24, 15, 23], [16, 6, 17, 5], [3, 19, 4, 18], [20, 2, 21, 1], [22, 16, 23, 15], [24, 8, 1, 7], [11, 2, 12, 3], [9, 5, 10, 4]]"
12n_0720_73,"[[9, 5, 10, 4], [6, 22, 7, 21], [8, 14, 9, 13], [17, 11, 18, 10], [19, 12, 20, 13], [14, 24, 15, 23], [16, 6, 17, 5], [3, 19, 4, 18], [20, 2, 21, 1], [22, 16, 23, 15], [24, 8, 1, 7], [11, 2, 12, 3]]"
12n_0720_74,"[[11, 2, 12, 3], [9, 5, 10, 4], [6, 22, 7, 21], [8, 14, 9, 13], [17, 11, 18, 10], [19, 12, 20, 13], [14, 24, 15, 23], [16, 6, 17, 5], [3, 19, 4, 18], [20, 2, 21, 1], [22, 16, 23, 15], [24, 8, 1, 7]]"
12n_0720_75,"[[24, 8, 1, 7], [11, 2, 12, 3], [9, 5, 10, 4], [6, 22, 7, 21], [8, 14, 9, 13], [17, 11, 18, 10], [19, 12, 20, 13], [14, 24, 15, 23], [16, 6, 17, 5], [3, 19, 4, 18], [20, 2, 21, 1], [22, 16, 23, 15]]"
12n_0720_76,"[[22, 16, 23, 15], [24, 8, 1, 7], [11, 2, 12, 3], [9, 5, 10, 4], [6, 22, 7, 21], [8, 14, 9, 13], [17, 11, 18, 10], [19, 12, 20, 13], [14, 24, 15, 23], [16, 6, 17, 5], [3, 19, 4, 18], [20, 2, 21, 1]]"
12n_0720_77,"[[20, 2, 21, 1], [22, 16, 23, 15], [24, 8, 1, 7], [11, 2, 12, 3], [9, 5, 10, 4], [6, 22, 7, 21], [8, 14, 9, 13], [17, 11, 18, 10], [19, 12, 20, 13], [14, 24, 15, 23], [16, 6, 17, 5], [3, 19, 4, 18]]"
12n_0720_78,"[[3, 19, 4, 18], [20, 2, 21, 1], [22, 16, 23, 15], [24, 8, 1, 7], [11, 2, 12, 3], [9, 5, 10, 4], [6, 22, 7, 21], [8, 14, 9, 13], [17, 11, 18, 10], [19, 12, 20, 13], [14, 24, 15, 23], [16, 6, 17, 5]]"
12n_0720_79,"[[16, 6, 17, 5], [3, 19, 4, 18], [20, 2, 21, 1], [22, 16, 23, 15], [24, 8, 1, 7], [11, 2, 12, 3], [9, 5, 10, 4], [6, 22, 7, 21], [8, 14, 9, 13], [17, 11, 18, 10], [19, 12, 20, 13], [14, 24, 15, 23]]"
12n_0720_80,"[[14, 24, 15, 23], [16, 6, 17, 5], [3, 19, 4, 18], [20, 2, 21, 1], [22, 16, 23, 15], [24, 8, 1, 7], [11, 2, 12, 3], [9, 5, 10, 4], [6, 22, 7, 21], [8, 14, 9, 13], [17, 11, 18, 10], [19, 12, 20, 13]]"
12n_0720_81,"[[19, 12, 20, 13], [14, 24, 15, 23], [16, 6, 17, 5], [3, 19, 4, 18], [20, 2, 21, 1], [22, 16, 23, 15], [24, 8, 1, 7], [11, 2, 12, 3], [9, 5, 10, 4], [6, 22, 7, 21], [8, 14, 9, 13], [17, 11, 18, 10]]"
12n_0720_82,"[[17, 11, 18, 10], [19, 12, 20, 13], [14, 24, 15, 23], [16, 6, 17, 5], [3, 19, 4, 18], [20, 2, 21, 1], [22, 16, 23, 15], [24, 8, 1, 7], [11, 2, 12, 3], [9, 5, 10, 4], [6, 22, 7, 21], [8, 14, 9, 13]]"
12n_0720_83,"[[8, 14, 9, 13], [17, 11, 18, 10], [19, 12, 20, 13], [14, 24, 15, 23], [16, 6, 17, 5], [3, 19, 4, 18], [20, 2, 21, 1], [22, 16, 23, 15], [24, 8, 1, 7], [11, 2, 12, 3], [9, 5, 10, 4], [6, 22, 7, 21]]"
12n_0720_84,"[[7, 23, 8, 22], [9, 15, 10, 14], [18, 12, 19, 11], [20, 13, 21, 14], [15, 1, 16, 24], [17, 7, 18, 6], [4, 20, 5, 19], [21, 3, 22, 2], [23, 17, 24, 16], [1, 9, 2, 8], [12, 3, 13, 4], [10, 6, 11, 5]]"
12n_0720_85,"[[10, 6, 11, 5], [7, 23, 8, 22], [9, 15, 10, 14], [18, 12, 19, 11], [20, 13, 21, 14], [15, 1, 16, 24], [17, 7, 18, 6], [4, 20, 5, 19], [21, 3, 22, 2], [23, 17, 24, 16], [1, 9, 2, 8], [12, 3, 13, 4]]"
12n_0720_86,"[[12, 3, 13, 4], [10, 6, 11, 5], [7, 23, 8, 22], [9, 15, 10, 14], [18, 12, 19, 11], [20, 13, 21, 14], [15, 1, 16, 24], [17, 7, 18, 6], [4, 20, 5, 19], [21, 3, 22, 2], [23, 17, 24, 16], [1, 9, 2, 8]]"
12n_0720_87,"[[1, 9, 2, 8], [12, 3, 13, 4], [10, 6, 11, 5], [7, 23, 8, 22], [9, 15, 10, 14], [18, 12, 19, 11], [20, 13, 21, 14], [15, 1, 16, 24], [17, 7, 18, 6], [4, 20, 5, 19], [21, 3, 22, 2], [23, 17, 24, 16]]"
12n_0720_88,"[[23, 17, 24, 16], [1, 9, 2, 8], [12, 3, 13, 4], [10, 6, 11, 5], [7, 23, 8, 22], [9, 15, 10, 14], [18, 12, 19, 11], [20, 13, 21, 14], [15, 1, 16, 24], [17, 7, 18, 6], [4, 20, 5, 19], [21, 3, 22, 2]]"
12n_0720_89,"[[21, 3, 22, 2], [23, 17, 24, 16], [1, 9, 2, 8], [12, 3, 13, 4], [10, 6, 11, 5], [7, 23, 8, 22], [9, 15, 10, 14], [18, 12, 19, 11], [20, 13, 21, 14], [15, 1, 16, 24], [17, 7, 18, 6], [4, 20, 5, 19]]"
12n_0720_90,"[[4, 20, 5, 19], [21, 3, 22, 2], [23, 17, 24, 16], [1, 9, 2, 8], [12, 3, 13, 4], [10, 6, 11, 5], [7, 23, 8, 22], [9, 15, 10, 14], [18, 12, 19, 11], [20, 13, 21, 14], [15, 1, 16, 24], [17, 7, 18, 6]]"
12n_0720_91,"[[17, 7, 18, 6], [4, 20, 5, 19], [21, 3, 22, 2], [23, 17, 24, 16], [1, 9, 2, 8], [12, 3, 13, 4], [10, 6, 11, 5], [7, 23, 8, 22], [9, 15, 10, 14], [18, 12, 19, 11], [20, 13, 21, 14], [15, 1, 16, 24]]"
12n_0720_92,"[[15, 1, 16, 24], [17, 7, 18, 6], [4, 20, 5, 19], [21, 3, 22, 2], [23, 17, 24, 16], [1, 9, 2, 8], [12, 3, 13, 4], [10, 6, 11, 5], [7, 23, 8, 22], [9, 15, 10, 14], [18, 12, 19, 11], [20, 13, 21, 14]]"
12n_0720_93,"[[20, 13, 21, 14], [15, 1, 16, 24], [17, 7, 18, 6], [4, 20, 5, 19], [21, 3, 22, 2], [23, 17, 24, 16], [1, 9, 2, 8], [12, 3, 13, 4], [10, 6, 11, 5], [7, 23, 8, 22], [9, 15, 10, 14], [18, 12, 19, 11]]"
12n_0720_94,"[[18, 12, 19, 11], [20, 13, 21, 14], [15, 1, 16, 24], [17, 7, 18, 6], [4, 20, 5, 19], [21, 3, 22, 2], [23, 17, 24, 16], [1, 9, 2, 8], [12, 3, 13, 4], [10, 6, 11, 5], [7, 23, 8, 22], [9, 15, 10, 14]]"
12n_0720_95,"[[9, 15, 10, 14], [18, 12, 19, 11], [20, 13, 21, 14], [15, 1, 16, 24], [17, 7, 18, 6], [4, 20, 5, 19], [21, 3, 22, 2], [23, 17, 24, 16], [1, 9, 2, 8], [12, 3, 13, 4], [10, 6, 11, 5], [7, 23, 8, 22]]"
12n_0720_96,"[[8, 24, 9, 23], [10, 16, 11, 15], [19, 13, 20, 12], [21, 14, 22, 15], [16, 2, 17, 1], [18, 8, 19, 7], [5, 21, 6, 20], [22, 4, 23, 3], [24, 18, 1, 17], [2, 10, 3, 9], [13, 4, 14, 5], [11, 7, 12, 6]]"
12n_0720_97,"[[11, 7, 12, 6], [8, 24, 9, 23], [10, 16, 11, 15], [19, 13, 20, 12], [21, 14, 22, 15], [16, 2, 17, 1], [18, 8, 19, 7], [5, 21, 6, 20], [22, 4, 23, 3], [24, 18, 1, 17], [2, 10, 3, 9], [13, 4, 14, 5]]"
12n_0720_98,"[[13, 4, 14, 5], [11, 7, 12, 6], [8, 24, 9, 23], [10, 16, 11, 15], [19, 13, 20, 12], [21, 14, 22, 15], [16, 2, 17, 1], [18, 8, 19, 7], [5, 21, 6, 20], [22, 4, 23, 3], [24, 18, 1, 17], [2, 10, 3, 9]]"
12n_0720_99,"[[2, 10, 3, 9], [13, 4, 14, 5], [11, 7, 12, 6], [8, 24, 9, 23], [10, 16, 11, 15], [19, 13, 20, 12], [21, 14, 22, 15], [16, 2, 17, 1], [18, 8, 19, 7], [5, 21, 6, 20], [22, 4, 23, 3], [24, 18, 1, 17]]"
12n_0720_100,"[[24, 18, 1, 17], [2, 10, 3, 9], [13, 4, 14, 5], [11, 7, 12, 6], [8, 24, 9, 23], [10, 16, 11, 15], [19, 13, 20, 12], [21, 14, 22, 15], [16, 2, 17, 1], [18, 8, 19, 7], [5, 21, 6, 20], [22, 4, 23, 3]]"
12n_0720_101,"[[22, 4, 23, 3], [24, 18, 1, 17], [2, 10, 3, 9], [13, 4, 14, 5], [11, 7, 12, 6], [8, 24, 9, 23], [10, 16, 11, 15], [19, 13, 20, 12], [21, 14, 22, 15], [16, 2, 17, 1], [18, 8, 19, 7], [5, 21, 6, 20]]"
12n_0720_102,"[[5, 21, 6, 20], [22, 4, 23, 3], [24, 18, 1, 17], [2, 10, 3, 9], [13, 4, 14, 5], [11, 7, 12, 6], [8, 24, 9, 23], [10, 16, 11, 15], [19, 13, 20, 12], [21, 14, 22, 15], [16, 2, 17, 1], [18, 8, 19, 7]]"
12n_0720_103,"[[18, 8, 19, 7], [5, 21, 6, 20], [22, 4, 23, 3], [24, 18, 1, 17], [2, 10, 3, 9], [13, 4, 14, 5], [11, 7, 12, 6], [8, 24, 9, 23], [10, 16, 11, 15], [19, 13, 20, 12], [21, 14, 22, 15], [16, 2, 17, 1]]"
12n_0720_104,"[[16, 2, 17, 1], [18, 8, 19, 7], [5, 21, 6, 20], [22, 4, 23, 3], [24, 18, 1, 17], [2, 10, 3, 9], [13, 4, 14, 5], [11, 7, 12, 6], [8, 24, 9, 23], [10, 16, 11, 15], [19, 13, 20, 12], [21, 14, 22, 15]]"
12n_0720_105,"[[21, 14, 22, 15], [16, 2, 17, 1], [18, 8, 19, 7], [5, 21, 6, 20], [22, 4, 23, 3], [24, 18, 1, 17], [2, 10, 3, 9], [13, 4, 14, 5], [11, 7, 12, 6], [8, 24, 9, 23], [10, 16, 11, 15], [19, 13, 20, 12]]"
12n_0720_106,"[[19, 13, 20, 12], [21, 14, 22, 15], [16, 2, 17, 1], [18, 8, 19, 7], [5, 21, 6, 20], [22, 4, 23, 3], [24, 18, 1, 17], [2, 10, 3, 9], [13, 4, 14, 5], [11, 7, 12, 6], [8, 24, 9, 23], [10, 16, 11, 15]]"
12n_0720_107,"[[10, 16, 11, 15], [19, 13, 20, 12], [21, 14, 22, 15], [16, 2, 17, 1], [18, 8, 19, 7], [5, 21, 6, 20], [22, 4, 23, 3], [24, 18, 1, 17], [2, 10, 3, 9], [13, 4, 14, 5], [11, 7, 12, 6], [8, 24, 9, 23]]"
12n_0720_108,"[[9, 1, 10, 24], [11, 17, 12, 16], [20, 14, 21, 13], [22, 15, 23, 16], [17, 3, 18, 2], [19, 9, 20, 8], [6, 22, 7, 21], [23, 5, 24, 4], [1, 19, 2, 18], [3, 11, 4, 10], [14, 5, 15, 6], [12, 8, 13, 7]]"
12n_0720_109,"[[12, 8, 13, 7], [9, 1, 10, 24], [11, 17, 12, 16], [20, 14, 21, 13], [22, 15, 23, 16], [17, 3, 18, 2], [19, 9, 20, 8], [6, 22, 7, 21], [23, 5, 24, 4], [1, 19, 2, 18], [3, 11, 4, 10], [14, 5, 15, 6]]"
12n_0720_110,"[[14, 5, 15, 6], [12, 8, 13, 7], [9, 1, 10, 24], [11, 17, 12, 16], [20, 14, 21, 13], [22, 15, 23, 16], [17, 3, 18, 2], [19, 9, 20, 8], [6, 22, 7, 21], [23, 5, 24, 4], [1, 19, 2, 18], [3, 11, 4, 10]]"
12n_0720_111,"[[3, 11, 4, 10], [14, 5, 15, 6], [12, 8, 13, 7], [9, 1, 10, 24], [11, 17, 12, 16], [20, 14, 21, 13], [22, 15, 23, 16], [17, 3, 18, 2], [19, 9, 20, 8], [6, 22, 7, 21], [23, 5, 24, 4], [1, 19, 2, 18]]"
12n_0720_112,"[[1, 19, 2, 18], [3, 11, 4, 10], [14, 5, 15, 6], [12, 8, 13, 7], [9, 1, 10, 24], [11, 17, 12, 16], [20, 14, 21, 13], [22, 15, 23, 16], [17, 3, 18, 2], [19, 9, 20, 8], [6, 22, 7, 21], [23, 5, 24, 4]]"
12n_0720_113,"[[23, 5, 24, 4], [1, 19, 2, 18], [3, 11, 4, 10], [14, 5, 15, 6], [12, 8, 13, 7], [9, 1, 10, 24], [11, 17, 12, 16], [20, 14, 21, 13], [22, 15, 23, 16], [17, 3, 18, 2], [19, 9, 20, 8], [6, 22, 7, 21]]"
12n_0720_114,"[[6, 22, 7, 21], [23, 5, 24, 4], [1, 19, 2, 18], [3, 11, 4, 10], [14, 5, 15, 6], [12, 8, 13, 7], [9, 1, 10, 24], [11, 17, 12, 16], [20, 14, 21, 13], [22, 15, 23, 16], [17, 3, 18, 2], [19, 9, 20, 8]]"
12n_0720_115,"[[19, 9, 20, 8], [6, 22, 7, 21], [23, 5, 24, 4], [1, 19, 2, 18], [3, 11, 4, 10], [14, 5, 15, 6], [12, 8, 13, 7], [9, 1, 10, 24], [11, 17, 12, 16], [20, 14, 21, 13], [22, 15, 23, 16], [17, 3, 18, 2]]"
12n_0720_116,"[[17, 3, 18, 2], [19, 9, 20, 8], [6, 22, 7, 21], [23, 5, 24, 4], [1, 19, 2, 18], [3, 11, 4, 10], [14, 5, 15, 6], [12, 8, 13, 7], [9, 1, 10, 24], [11, 17, 12, 16], [20, 14, 21, 13], [22, 15, 23, 16]]"
12n_0720_117,"[[22, 15, 23, 16], [17, 3, 18, 2], [19, 9, 20, 8], [6, 22, 7, 21], [23, 5, 24, 4], [1, 19, 2, 18], [3, 11, 4, 10], [14, 5, 15, 6], [12, 8, 13, 7], [9, 1, 10, 24], [11, 17, 12, 16], [20, 14, 21, 13]]"
12n_0720_118,"[[20, 14, 21, 13], [22, 15, 23, 16], [17, 3, 18, 2], [19, 9, 20, 8], [6, 22, 7, 21], [23, 5, 24, 4], [1, 19, 2, 18], [3, 11, 4, 10], [14, 5, 15, 6], [12, 8, 13, 7], [9, 1, 10, 24], [11, 17, 12, 16]]"
12n_0720_119,"[[11, 17, 12, 16], [20, 14, 21, 13], [22, 15, 23, 16], [17, 3, 18, 2], [19, 9, 20, 8], [6, 22, 7, 21], [23, 5, 24, 4], [1, 19, 2, 18], [3, 11, 4, 10], [14, 5, 15, 6], [12, 8, 13, 7], [9, 1, 10, 24]]"
12n_0720_120,"[[10, 2, 11, 1], [12, 18, 13, 17], [21, 15, 22, 14], [23, 16, 24, 17], [18, 4, 19, 3], [20, 10, 21, 9], [7, 23, 8, 22], [24, 6, 1, 5], [2, 20, 3, 19], [4, 12, 5, 11], [15, 6, 16, 7], [13, 9, 14, 8]]"
12n_0720_121,"[[13, 9, 14, 8], [10, 2, 11, 1], [12, 18, 13, 17], [21, 15, 22, 14], [23, 16, 24, 17], [18, 4, 19, 3], [20, 10, 21, 9], [7, 23, 8, 22], [24, 6, 1, 5], [2, 20, 3, 19], [4, 12, 5, 11], [15, 6, 16, 7]]"
12n_0720_122,"[[15, 6, 16, 7], [13, 9, 14, 8], [10, 2, 11, 1], [12, 18, 13, 17], [21, 15, 22, 14], [23, 16, 24, 17], [18, 4, 19, 3], [20, 10, 21, 9], [7, 23, 8, 22], [24, 6, 1, 5], [2, 20, 3, 19], [4, 12, 5, 11]]"
12n_0720_123,"[[4, 12, 5, 11], [15, 6, 16, 7], [13, 9, 14, 8], [10, 2, 11, 1], [12, 18, 13, 17], [21, 15, 22, 14], [23, 16, 24, 17], [18, 4, 19, 3], [20, 10, 21, 9], [7, 23, 8, 22], [24, 6, 1, 5], [2, 20, 3, 19]]"
12n_0720_124,"[[2, 20, 3, 19], [4, 12, 5, 11], [15, 6, 16, 7], [13, 9, 14, 8], [10, 2, 11, 1], [12, 18, 13, 17], [21, 15, 22, 14], [23, 16, 24, 17], [18, 4, 19, 3], [20, 10, 21, 9], [7, 23, 8, 22], [24, 6, 1, 5]]"
12n_0720_125,"[[24, 6, 1, 5], [2, 20, 3, 19], [4, 12, 5, 11], [15, 6, 16, 7], [13, 9, 14, 8], [10, 2, 11, 1], [12, 18, 13, 17], [21, 15, 22, 14], [23, 16, 24, 17], [18, 4, 19, 3], [20, 10, 21, 9], [7, 23, 8, 22]]"
12n_0720_126,"[[7, 23, 8, 22], [24, 6, 1, 5], [2, 20, 3, 19], [4, 12, 5, 11], [15, 6, 16, 7], [13, 9, 14, 8], [10, 2, 11, 1], [12, 18, 13, 17], [21, 15, 22, 14], [23, 16, 24, 17], [18, 4, 19, 3], [20, 10, 21, 9]]"
12n_0720_127,"[[20, 10, 21, 9], [7, 23, 8, 22], [24, 6, 1, 5], [2, 20, 3, 19], [4, 12, 5, 11], [15, 6, 16, 7], [13, 9, 14, 8], [10, 2, 11, 1], [12, 18, 13, 17], [21, 15, 22, 14], [23, 16, 24, 17], [18, 4, 19, 3]]"
12n_0720_128,"[[18, 4, 19, 3], [20, 10, 21, 9], [7, 23, 8, 22], [24, 6, 1, 5], [2, 20, 3, 19], [4, 12, 5, 11], [15, 6, 16, 7], [13, 9, 14, 8], [10, 2, 11, 1], [12, 18, 13, 17], [21, 15, 22, 14], [23, 16, 24, 17]]"
12n_0720_129,"[[23, 16, 24, 17], [18, 4, 19, 3], [20, 10, 21, 9], [7, 23, 8, 22], [24, 6, 1, 5], [2, 20, 3, 19], [4, 12, 5, 11], [15, 6, 16, 7], [13, 9, 14, 8], [10, 2, 11, 1], [12, 18, 13, 17], [21, 15, 22, 14]]"
12n_0720_130,"[[21, 15, 22, 14], [23, 16, 24, 17], [18, 4, 19, 3], [20, 10, 21, 9], [7, 23, 8, 22], [24, 6, 1, 5], [2, 20, 3, 19], [4, 12, 5, 11], [15, 6, 16, 7], [13, 9, 14, 8], [10, 2, 11, 1], [12, 18, 13, 17]]"
12n_0720_131,"[[12, 18, 13, 17], [21, 15, 22, 14], [23, 16, 24, 17], [18, 4, 19, 3], [20, 10, 21, 9], [7, 23, 8, 22], [24, 6, 1, 5], [2, 20, 3, 19], [4, 12, 5, 11], [15, 6, 16, 7], [13, 9, 14, 8], [10, 2, 11, 1]]"
12n_0720_132,"[[11, 3, 12, 2], [13, 19, 14, 18], [22, 16, 23, 15], [24, 17, 1, 18], [19, 5, 20, 4], [21, 11, 22, 10], [8, 24, 9, 23], [1, 7, 2, 6], [3, 21, 4, 20], [5, 13, 6, 12], [16, 7, 17, 8], [14, 10, 15, 9]]"
12n_0720_133,"[[14, 10, 15, 9], [11, 3, 12, 2], [13, 19, 14, 18], [22, 16, 23, 15], [24, 17, 1, 18], [19, 5, 20, 4], [21, 11, 22, 10], [8, 24, 9, 23], [1, 7, 2, 6], [3, 21, 4, 20], [5, 13, 6, 12], [16, 7, 17, 8]]"
12n_0720_134,"[[16, 7, 17, 8], [14, 10, 15, 9], [11, 3, 12, 2], [13, 19, 14, 18], [22, 16, 23, 15], [24, 17, 1, 18], [19, 5, 20, 4], [21, 11, 22, 10], [8, 24, 9, 23], [1, 7, 2, 6], [3, 21, 4, 20], [5, 13, 6, 12]]"
12n_0720_135,"[[5, 13, 6, 12], [16, 7, 17, 8], [14, 10, 15, 9], [11, 3, 12, 2], [13, 19, 14, 18], [22, 16, 23, 15], [24, 17, 1, 18], [19, 5, 20, 4], [21, 11, 22, 10], [8, 24, 9, 23], [1, 7, 2, 6], [3, 21, 4, 20]]"
12n_0720_136,"[[3, 21, 4, 20], [5, 13, 6, 12], [16, 7, 17, 8], [14, 10, 15, 9], [11, 3, 12, 2], [13, 19, 14, 18], [22, 16, 23, 15], [24, 17, 1, 18], [19, 5, 20, 4], [21, 11, 22, 10], [8, 24, 9, 23], [1, 7, 2, 6]]"
12n_0720_137,"[[1, 7, 2, 6], [3, 21, 4, 20], [5, 13, 6, 12], [16, 7, 17, 8], [14, 10, 15, 9], [11, 3, 12, 2], [13, 19, 14, 18], [22, 16, 23, 15], [24, 17, 1, 18], [19, 5, 20, 4], [21, 11, 22, 10], [8, 24, 9, 23]]"
12n_0720_138,"[[8, 24, 9, 23], [1, 7, 2, 6], [3, 21, 4, 20], [5, 13, 6, 12], [16, 7, 17, 8], [14, 10, 15, 9], [11, 3, 12, 2], [13, 19, 14, 18], [22, 16, 23, 15], [24, 17, 1, 18], [19, 5, 20, 4], [21, 11, 22, 10]]"
12n_0720_139,"[[21, 11, 22, 10], [8, 24, 9, 23], [1, 7, 2, 6], [3, 21, 4, 20], [5, 13, 6, 12], [16, 7, 17, 8], [14, 10, 15, 9], [11, 3, 12, 2], [13, 19, 14, 18], [22, 16, 23, 15], [24, 17, 1, 18], [19, 5, 20, 4]]"
12n_0720_140,"[[19, 5, 20, 4], [21, 11, 22, 10], [8, 24, 9, 23], [1, 7, 2, 6], [3, 21, 4, 20], [5, 13, 6, 12], [16, 7, 17, 8], [14, 10, 15, 9], [11, 3, 12, 2], [13, 19, 14, 18], [22, 16, 23, 15], [24, 17, 1, 18]]"
12n_0720_141,"[[24, 17, 1, 18], [19, 5, 20, 4], [21, 11, 22, 10], [8, 24, 9, 23], [1, 7, 2, 6], [3, 21, 4, 20], [5, 13, 6, 12], [16, 7, 17, 8], [14, 10, 15, 9], [11, 3, 12, 2], [13, 19, 14, 18], [22, 16, 23, 15]]"
12n_0720_142,"[[22, 16, 23, 15], [24, 17, 1, 18], [19, 5, 20, 4], [21, 11, 22, 10], [8, 24, 9, 23], [1, 7, 2, 6], [3, 21, 4, 20], [5, 13, 6, 12], [16, 7, 17, 8], [14, 10, 15, 9], [11, 3, 12, 2], [13, 19, 14, 18]]"
12n_0720_143,"[[13, 19, 14, 18], [22, 16, 23, 15], [24, 17, 1, 18], [19, 5, 20, 4], [21, 11, 22, 10], [8, 24, 9, 23], [1, 7, 2, 6], [3, 21, 4, 20], [5, 13, 6, 12], [16, 7, 17, 8], [14, 10, 15, 9], [11, 3, 12, 2]]"
12n_0720_144,"[[12, 4, 13, 3], [14, 20, 15, 19], [23, 17, 24, 16], [1, 18, 2, 19], [20, 6, 21, 5], [22, 12, 23, 11], [9, 1, 10, 24], [2, 8, 3, 7], [4, 22, 5, 21], [6, 14, 7, 13], [17, 8, 18, 9], [15, 11, 16, 10]]"
12n_0720_145,"[[15, 11, 16, 10], [12, 4, 13, 3], [14, 20, 15, 19], [23, 17, 24, 16], [1, 18, 2, 19], [20, 6, 21, 5], [22, 12, 23, 11], [9, 1, 10, 24], [2, 8, 3, 7], [4, 22, 5, 21], [6, 14, 7, 13], [17, 8, 18, 9]]"
12n_0720_146,"[[17, 8, 18, 9], [15, 11, 16, 10], [12, 4, 13, 3], [14, 20, 15, 19], [23, 17, 24, 16], [1, 18, 2, 19], [20, 6, 21, 5], [22, 12, 23, 11], [9, 1, 10, 24], [2, 8, 3, 7], [4, 22, 5, 21], [6, 14, 7, 13]]"
12n_0720_147,"[[6, 14, 7, 13], [17, 8, 18, 9], [15, 11, 16, 10], [12, 4, 13, 3], [14, 20, 15, 19], [23, 17, 24, 16], [1, 18, 2, 19], [20, 6, 21, 5], [22, 12, 23, 11], [9, 1, 10, 24], [2, 8, 3, 7], [4, 22, 5, 21]]"
12n_0720_148,"[[4, 22, 5, 21], [6, 14, 7, 13], [17, 8, 18, 9], [15, 11, 16, 10], [12, 4, 13, 3], [14, 20, 15, 19], [23, 17, 24, 16], [1, 18, 2, 19], [20, 6, 21, 5], [22, 12, 23, 11], [9, 1, 10, 24], [2, 8, 3, 7]]"
12n_0720_149,"[[2, 8, 3, 7], [4, 22, 5, 21], [6, 14, 7, 13], [17, 8, 18, 9], [15, 11, 16, 10], [12, 4, 13, 3], [14, 20, 15, 19], [23, 17, 24, 16], [1, 18, 2, 19], [20, 6, 21, 5], [22, 12, 23, 11], [9, 1, 10, 24]]"
12n_0720_150,"[[9, 1, 10, 24], [2, 8, 3, 7], [4, 22, 5, 21], [6, 14, 7, 13], [17, 8, 18, 9], [15, 11, 16, 10], [12, 4, 13, 3], [14, 20, 15, 19], [23, 17, 24, 16], [1, 18, 2, 19], [20, 6, 21, 5], [22, 12, 23, 11]]"
12n_0720_151,"[[22, 12, 23, 11], [9, 1, 10, 24], [2, 8, 3, 7], [4, 22, 5, 21], [6, 14, 7, 13], [17, 8, 18, 9], [15, 11, 16, 10], [12, 4, 13, 3], [14, 20, 15, 19], [23, 17, 24, 16], [1, 18, 2, 19], [20, 6, 21, 5]]"
12n_0720_152,"[[20, 6, 21, 5], [22, 12, 23, 11], [9, 1, 10, 24], [2, 8, 3, 7], [4, 22, 5, 21], [6, 14, 7, 13], [17, 8, 18, 9], [15, 11, 16, 10], [12, 4, 13, 3], [14, 20, 15, 19], [23, 17, 24, 16], [1, 18, 2, 19]]"
12n_0720_153,"[[1, 18, 2, 19], [20, 6, 21, 5], [22, 12, 23, 11], [9, 1, 10, 24], [2, 8, 3, 7], [4, 22, 5, 21], [6, 14, 7, 13], [17, 8, 18, 9], [15, 11, 16, 10], [12, 4, 13, 3], [14, 20, 15, 19], [23, 17, 24, 16]]"
12n_0720_154,"[[23, 17, 24, 16], [1, 18, 2, 19], [20, 6, 21, 5], [22, 12, 23, 11], [9, 1, 10, 24], [2, 8, 3, 7], [4, 22, 5, 21], [6, 14, 7, 13], [17, 8, 18, 9], [15, 11, 16, 10], [12, 4, 13, 3], [14, 20, 15, 19]]"
12n_0720_155,"[[14, 20, 15, 19], [23, 17, 24, 16], [1, 18, 2, 19], [20, 6, 21, 5], [22, 12, 23, 11], [9, 1, 10, 24], [2, 8, 3, 7], [4, 22, 5, 21], [6, 14, 7, 13], [17, 8, 18, 9], [15, 11, 16, 10], [12, 4, 13, 3]]"
12n_0720_156,"[[13, 5, 14, 4], [15, 21, 16, 20], [24, 18, 1, 17], [2, 19, 3, 20], [21, 7, 22, 6], [23, 13, 24, 12], [10, 2, 11, 1], [3, 9, 4, 8], [5, 23, 6, 22], [7, 15, 8, 14], [18, 9, 19, 10], [16, 12, 17, 11]]"
12n_0720_157,"[[16, 12, 17, 11], [13, 5, 14, 4], [15, 21, 16, 20], [24, 18, 1, 17], [2, 19, 3, 20], [21, 7, 22, 6], [23, 13, 24, 12], [10, 2, 11, 1], [3, 9, 4, 8], [5, 23, 6, 22], [7, 15, 8, 14], [18, 9, 19, 10]]"
12n_0720_158,"[[18, 9, 19, 10], [16, 12, 17, 11], [13, 5, 14, 4], [15, 21, 16, 20], [24, 18, 1, 17], [2, 19, 3, 20], [21, 7, 22, 6], [23, 13, 24, 12], [10, 2, 11, 1], [3, 9, 4, 8], [5, 23, 6, 22], [7, 15, 8, 14]]"
12n_0720_159,"[[7, 15, 8, 14], [18, 9, 19, 10], [16, 12, 17, 11], [13, 5, 14, 4], [15, 21, 16, 20], [24, 18, 1, 17], [2, 19, 3, 20], [21, 7, 22, 6], [23, 13, 24, 12], [10, 2, 11, 1], [3, 9, 4, 8], [5, 23, 6, 22]]"
12n_0720_160,"[[5, 23, 6, 22], [7, 15, 8, 14], [18, 9, 19, 10], [16, 12, 17, 11], [13, 5, 14, 4], [15, 21, 16, 20], [24, 18, 1, 17], [2, 19, 3, 20], [21, 7, 22, 6], [23, 13, 24, 12], [10, 2, 11, 1], [3, 9, 4, 8]]"
12n_0720_161,"[[3, 9, 4, 8], [5, 23, 6, 22], [7, 15, 8, 14], [18, 9, 19, 10], [16, 12, 17, 11], [13, 5, 14, 4], [15, 21, 16, 20], [24, 18, 1, 17], [2, 19, 3, 20], [21, 7, 22, 6], [23, 13, 24, 12], [10, 2, 11, 1]]"
12n_0720_162,"[[10, 2, 11, 1], [3, 9, 4, 8], [5, 23, 6, 22], [7, 15, 8, 14], [18, 9, 19, 10], [16, 12, 17, 11], [13, 5, 14, 4], [15, 21, 16, 20], [24, 18, 1, 17], [2, 19, 3, 20], [21, 7, 22, 6], [23, 13, 24, 12]]"
12n_0720_163,"[[23, 13, 24, 12], [10, 2, 11, 1], [3, 9, 4, 8], [5, 23, 6, 22], [7, 15, 8, 14], [18, 9, 19, 10], [16, 12, 17, 11], [13, 5, 14, 4], [15, 21, 16, 20], [24, 18, 1, 17], [2, 19, 3, 20], [21, 7, 22, 6]]"
12n_0720_164,"[[21, 7, 22, 6], [23, 13, 24, 12], [10, 2, 11, 1], [3, 9, 4, 8], [5, 23, 6, 22], [7, 15, 8, 14], [18, 9, 19, 10], [16, 12, 17, 11], [13, 5, 14, 4], [15, 21, 16, 20], [24, 18, 1, 17], [2, 19, 3, 20]]"
12n_0720_165,"[[2, 19, 3, 20], [21, 7, 22, 6], [23, 13, 24, 12], [10, 2, 11, 1], [3, 9, 4, 8], [5, 23, 6, 22], [7, 15, 8, 14], [18, 9, 19, 10], [16, 12, 17, 11], [13, 5, 14, 4], [15, 21, 16, 20], [24, 18, 1, 17]]"
12n_0720_166,"[[24, 18, 1, 17], [2, 19, 3, 20], [21, 7, 22, 6], [23, 13, 24, 12], [10, 2, 11, 1], [3, 9, 4, 8], [5, 23, 6, 22], [7, 15, 8, 14], [18, 9, 19, 10], [16, 12, 17, 11], [13, 5, 14, 4], [15, 21, 16, 20]]"
12n_0720_167,"[[15, 21, 16, 20], [24, 18, 1, 17], [2, 19, 3, 20], [21, 7, 22, 6], [23, 13, 24, 12], [10, 2, 11, 1], [3, 9, 4, 8], [5, 23, 6, 22], [7, 15, 8, 14], [18, 9, 19, 10], [16, 12, 17, 11], [13, 5, 14, 4]]"
12n_0720_168,"[[14, 6, 15, 5], [16, 22, 17, 21], [1, 19, 2, 18], [3, 20, 4, 21], [22, 8, 23, 7], [24, 14, 1, 13], [11, 3, 12, 2], [4, 10, 5, 9], [6, 24, 7, 23], [8, 16, 9, 15], [19, 10, 20, 11], [17, 13, 18, 12]]"
12n_0720_169,"[[17, 13, 18, 12], [14, 6, 15, 5], [16, 22, 17, 21], [1, 19, 2, 18], [3, 20, 4, 21], [22, 8, 23, 7], [24, 14, 1, 13], [11, 3, 12, 2], [4, 10, 5, 9], [6, 24, 7, 23], [8, 16, 9, 15], [19, 10, 20, 11]]"
12n_0720_170,"[[19, 10, 20, 11], [17, 13, 18, 12], [14, 6, 15, 5], [16, 22, 17, 21], [1, 19, 2, 18], [3, 20, 4, 21], [22, 8, 23, 7], [24, 14, 1, 13], [11, 3, 12, 2], [4, 10, 5, 9], [6, 24, 7, 23], [8, 16, 9, 15]]"
12n_0720_171,"[[8, 16, 9, 15], [19, 10, 20, 11], [17, 13, 18, 12], [14, 6, 15, 5], [16, 22, 17, 21], [1, 19, 2, 18], [3, 20, 4, 21], [22, 8, 23, 7], [24, 14, 1, 13], [11, 3, 12, 2], [4, 10, 5, 9], [6, 24, 7, 23]]"
12n_0720_172,"[[6, 24, 7, 23], [8, 16, 9, 15], [19, 10, 20, 11], [17, 13, 18, 12], [14, 6, 15, 5], [16, 22, 17, 21], [1, 19, 2, 18], [3, 20, 4, 21], [22, 8, 23, 7], [24, 14, 1, 13], [11, 3, 12, 2], [4, 10, 5, 9]]"
12n_0720_173,"[[4, 10, 5, 9], [6, 24, 7, 23], [8, 16, 9, 15], [19, 10, 20, 11], [17, 13, 18, 12], [14, 6, 15, 5], [16, 22, 17, 21], [1, 19, 2, 18], [3, 20, 4, 21], [22, 8, 23, 7], [24, 14, 1, 13], [11, 3, 12, 2]]"
12n_0720_174,"[[11, 3, 12, 2], [4, 10, 5, 9], [6, 24, 7, 23], [8, 16, 9, 15], [19, 10, 20, 11], [17, 13, 18, 12], [14, 6, 15, 5], [16, 22, 17, 21], [1, 19, 2, 18], [3, 20, 4, 21], [22, 8, 23, 7], [24, 14, 1, 13]]"
12n_0720_175,"[[24, 14, 1, 13], [11, 3, 12, 2], [4, 10, 5, 9], [6, 24, 7, 23], [8, 16, 9, 15], [19, 10, 20, 11], [17, 13, 18, 12], [14, 6, 15, 5], [16, 22, 17, 21], [1, 19, 2, 18], [3, 20, 4, 21], [22, 8, 23, 7]]"
12n_0720_176,"[[22, 8, 23, 7], [24, 14, 1, 13], [11, 3, 12, 2], [4, 10, 5, 9], [6, 24, 7, 23], [8, 16, 9, 15], [19, 10, 20, 11], [17, 13, 18, 12], [14, 6, 15, 5], [16, 22, 17, 21], [1, 19, 2, 18], [3, 20, 4, 21]]"
12n_0720_177,"[[3, 20, 4, 21], [22, 8, 23, 7], [24, 14, 1, 13], [11, 3, 12, 2], [4, 10, 5, 9], [6, 24, 7, 23], [8, 16, 9, 15], [19, 10, 20, 11], [17, 13, 18, 12], [14, 6, 15, 5], [16, 22, 17, 21], [1, 19, 2, 18]]"
12n_0720_178,"[[1, 19, 2, 18], [3, 20, 4, 21], [22, 8, 23, 7], [24, 14, 1, 13], [11, 3, 12, 2], [4, 10, 5, 9], [6, 24, 7, 23], [8, 16, 9, 15], [19, 10, 20, 11], [17, 13, 18, 12], [14, 6, 15, 5], [16, 22, 17, 21]]"
12n_0720_179,"[[16, 22, 17, 21], [1, 19, 2, 18], [3, 20, 4, 21], [22, 8, 23, 7], [24, 14, 1, 13], [11, 3, 12, 2], [4, 10, 5, 9], [6, 24, 7, 23], [8, 16, 9, 15], [19, 10, 20, 11], [17, 13, 18, 12], [14, 6, 15, 5]]"
12n_0720_180,"[[15, 7, 16, 6], [17, 23, 18, 22], [2, 20, 3, 19], [4, 21, 5, 22], [23, 9, 24, 8], [1, 15, 2, 14], [12, 4, 13, 3], [5, 11, 6, 10], [7, 1, 8, 24], [9, 17, 10, 16], [20, 11, 21, 12], [18, 14, 19, 13]]"
12n_0720_181,"[[18, 14, 19, 13], [15, 7, 16, 6], [17, 23, 18, 22], [2, 20, 3, 19], [4, 21, 5, 22], [23, 9, 24, 8], [1, 15, 2, 14], [12, 4, 13, 3], [5, 11, 6, 10], [7, 1, 8, 24], [9, 17, 10, 16], [20, 11, 21, 12]]"
12n_0720_182,"[[20, 11, 21, 12], [18, 14, 19, 13], [15, 7, 16, 6], [17, 23, 18, 22], [2, 20, 3, 19], [4, 21, 5, 22], [23, 9, 24, 8], [1, 15, 2, 14], [12, 4, 13, 3], [5, 11, 6, 10], [7, 1, 8, 24], [9, 17, 10, 16]]"
12n_0720_183,"[[9, 17, 10, 16], [20, 11, 21, 12], [18, 14, 19, 13], [15, 7, 16, 6], [17, 23, 18, 22], [2, 20, 3, 19], [4, 21, 5, 22], [23, 9, 24, 8], [1, 15, 2, 14], [12, 4, 13, 3], [5, 11, 6, 10], [7, 1, 8, 24]]"
12n_0720_184,"[[7, 1, 8, 24], [9, 17, 10, 16], [20, 11, 21, 12], [18, 14, 19, 13], [15, 7, 16, 6], [17, 23, 18, 22], [2, 20, 3, 19], [4, 21, 5, 22], [23, 9, 24, 8], [1, 15, 2, 14], [12, 4, 13, 3], [5, 11, 6, 10]]"
12n_0720_185,"[[5, 11, 6, 10], [7, 1, 8, 24], [9, 17, 10, 16], [20, 11, 21, 12], [18, 14, 19, 13], [15, 7, 16, 6], [17, 23, 18, 22], [2, 20, 3, 19], [4, 21, 5, 22], [23, 9, 24, 8], [1, 15, 2, 14], [12, 4, 13, 3]]"
