name,pd_notation
12n_0612_0,"[[9, 1, 10, 24], [2, 6, 3, 5], [4, 13, 5, 14], [6, 22, 7, 21], [17, 9, 18, 8], [10, 20, 11, 19], [12, 16, 13, 15], [14, 3, 15, 4], [16, 1, 17, 2], [23, 18, 24, 19], [20, 12, 21, 11], [22, 8, 23, 7]]"
12n_0612_1,"[[22, 8, 23, 7], [9, 1, 10, 24], [2, 6, 3, 5], [4, 13, 5, 14], [6, 22, 7, 21], [17, 9, 18, 8], [10, 20, 11, 19], [12, 16, 13, 15], [14, 3, 15, 4], [16, 1, 17, 2], [23, 18, 24, 19], [20, 12, 21, 11]]"
12n_0612_2,"[[20, 12, 21, 11], [22, 8, 23, 7], [9, 1, 10, 24], [2, 6, 3, 5], [4, 13, 5, 14], [6, 22, 7, 21], [17, 9, 18, 8], [10, 20, 11, 19], [12, 16, 13, 15], [14, 3, 15, 4], [16, 1, 17, 2], [23, 18, 24, 19]]"
12n_0612_3,"[[23, 18, 24, 19], [20, 12, 21, 11], [22, 8, 23, 7], [9, 1, 10, 24], [2, 6, 3, 5], [4, 13, 5, 14], [6, 22, 7, 21], [17, 9, 18, 8], [10, 20, 11, 19], [12, 16, 13, 15], [14, 3, 15, 4], [16, 1, 17, 2]]"
12n_0612_4,"[[16, 1, 17, 2], [23, 18, 24, 19], [20, 12, 21, 11], [22, 8, 23, 7], [9, 1, 10, 24], [2, 6, 3, 5], [4, 13, 5, 14], [6, 22, 7, 21], [17, 9, 18, 8], [10, 20, 11, 19], [12, 16, 13, 15], [14, 3, 15, 4]]"
12n_0612_5,"[[14, 3, 15, 4], [16, 1, 17, 2], [23, 18, 24, 19], [20, 12, 21, 11], [22, 8, 23, 7], [9, 1, 10, 24], [2, 6, 3, 5], [4, 13, 5, 14], [6, 22, 7, 21], [17, 9, 18, 8], [10, 20, 11, 19], [12, 16, 13, 15]]"
12n_0612_6,"[[12, 16, 13, 15], [14, 3, 15, 4], [16, 1, 17, 2], [23, 18, 24, 19], [20, 12, 21, 11], [22, 8, 23, 7], [9, 1, 10, 24], [2, 6, 3, 5], [4, 13, 5, 14], [6, 22, 7, 21], [17, 9, 18, 8], [10, 20, 11, 19]]"
12n_0612_7,"[[10, 20, 11, 19], [12, 16, 13, 15], [14, 3, 15, 4], [16, 1, 17, 2], [23, 18, 24, 19], [20, 12, 21, 11], [22, 8, 23, 7], [9, 1, 10, 24], [2, 6, 3, 5], [4, 13, 5, 14], [6, 22, 7, 21], [17, 9, 18, 8]]"
12n_0612_8,"[[17, 9, 18, 8], [10, 20, 11, 19], [12, 16, 13, 15], [14, 3, 15, 4], [16, 1, 17, 2], [23, 18, 24, 19], [20, 12, 21, 11], [22, 8, 23, 7], [9, 1, 10, 24], [2, 6, 3, 5], [4, 13, 5, 14], [6, 22, 7, 21]]"
12n_0612_9,"[[6, 22, 7, 21], [17, 9, 18, 8], [10, 20, 11, 19], [12, 16, 13, 15], [14, 3, 15, 4], [16, 1, 17, 2], [23, 18, 24, 19], [20, 12, 21, 11], [22, 8, 23, 7], [9, 1, 10, 24], [2, 6, 3, 5], [4, 13, 5, 14]]"
12n_0612_10,"[[4, 13, 5, 14], [6, 22, 7, 21], [17, 9, 18, 8], [10, 20, 11, 19], [12, 16, 13, 15], [14, 3, 15, 4], [16, 1, 17, 2], [23, 18, 24, 19], [20, 12, 21, 11], [22, 8, 23, 7], [9, 1, 10, 24], [2, 6, 3, 5]]"
12n_0612_11,"[[2, 6, 3, 5], [4, 13, 5, 14], [6, 22, 7, 21], [17, 9, 18, 8], [10, 20, 11, 19], [12, 16, 13, 15], [14, 3, 15, 4], [16, 1, 17, 2], [23, 18, 24, 19], [20, 12, 21, 11], [22, 8, 23, 7], [9, 1, 10, 24]]"
12n_0612_12,"[[10, 2, 11, 1], [3, 7, 4, 6], [5, 14, 6, 15], [7, 23, 8, 22], [18, 10, 19, 9], [11, 21, 12, 20], [13, 17, 14, 16], [15, 4, 16, 5], [17, 2, 18, 3], [24, 19, 1, 20], [21, 13, 22, 12], [23, 9, 24, 8]]"
12n_0612_13,"[[23, 9, 24, 8], [10, 2, 11, 1], [3, 7, 4, 6], [5, 14, 6, 15], [7, 23, 8, 22], [18, 10, 19, 9], [11, 21, 12, 20], [13, 17, 14, 16], [15, 4, 16, 5], [17, 2, 18, 3], [24, 19, 1, 20], [21, 13, 22, 12]]"
12n_0612_14,"[[21, 13, 22, 12], [23, 9, 24, 8], [10, 2, 11, 1], [3, 7, 4, 6], [5, 14, 6, 15], [7, 23, 8, 22], [18, 10, 19, 9], [11, 21, 12, 20], [13, 17, 14, 16], [15, 4, 16, 5], [17, 2, 18, 3], [24, 19, 1, 20]]"
12n_0612_15,"[[24, 19, 1, 20], [21, 13, 22, 12], [23, 9, 24, 8], [10, 2, 11, 1], [3, 7, 4, 6], [5, 14, 6, 15], [7, 23, 8, 22], [18, 10, 19, 9], [11, 21, 12, 20], [13, 17, 14, 16], [15, 4, 16, 5], [17, 2, 18, 3]]"
12n_0612_16,"[[17, 2, 18, 3], [24, 19, 1, 20], [21, 13, 22, 12], [23, 9, 24, 8], [10, 2, 11, 1], [3, 7, 4, 6], [5, 14, 6, 15], [7, 23, 8, 22], [18, 10, 19, 9], [11, 21, 12, 20], [13, 17, 14, 16], [15, 4, 16, 5]]"
12n_0612_17,"[[15, 4, 16, 5], [17, 2, 18, 3], [24, 19, 1, 20], [21, 13, 22, 12], [23, 9, 24, 8], [10, 2, 11, 1], [3, 7, 4, 6], [5, 14, 6, 15], [7, 23, 8, 22], [18, 10, 19, 9], [11, 21, 12, 20], [13, 17, 14, 16]]"
12n_0612_18,"[[13, 17, 14, 16], [15, 4, 16, 5], [17, 2, 18, 3], [24, 19, 1, 20], [21, 13, 22, 12], [23, 9, 24, 8], [10, 2, 11, 1], [3, 7, 4, 6], [5, 14, 6, 15], [7, 23, 8, 22], [18, 10, 19, 9], [11, 21, 12, 20]]"
12n_0612_19,"[[11, 21, 12, 20], [13, 17, 14, 16], [15, 4, 16, 5], [17, 2, 18, 3], [24, 19, 1, 20], [21, 13, 22, 12], [23, 9, 24, 8], [10, 2, 11, 1], [3, 7, 4, 6], [5, 14, 6, 15], [7, 23, 8, 22], [18, 10, 19, 9]]"
12n_0612_20,"[[18, 10, 19, 9], [11, 21, 12, 20], [13, 17, 14, 16], [15, 4, 16, 5], [17, 2, 18, 3], [24, 19, 1, 20], [21, 13, 22, 12], [23, 9, 24, 8], [10, 2, 11, 1], [3, 7, 4, 6], [5, 14, 6, 15], [7, 23, 8, 22]]"
12n_0612_21,"[[7, 23, 8, 22], [18, 10, 19, 9], [11, 21, 12, 20], [13, 17, 14, 16], [15, 4, 16, 5], [17, 2, 18, 3], [24, 19, 1, 20], [21, 13, 22, 12], [23, 9, 24, 8], [10, 2, 11, 1], [3, 7, 4, 6], [5, 14, 6, 15]]"
12n_0612_22,"[[5, 14, 6, 15], [7, 23, 8, 22], [18, 10, 19, 9], [11, 21, 12, 20], [13, 17, 14, 16], [15, 4, 16, 5], [17, 2, 18, 3], [24, 19, 1, 20], [21, 13, 22, 12], [23, 9, 24, 8], [10, 2, 11, 1], [3, 7, 4, 6]]"
12n_0612_23,"[[3, 7, 4, 6], [5, 14, 6, 15], [7, 23, 8, 22], [18, 10, 19, 9], [11, 21, 12, 20], [13, 17, 14, 16], [15, 4, 16, 5], [17, 2, 18, 3], [24, 19, 1, 20], [21, 13, 22, 12], [23, 9, 24, 8], [10, 2, 11, 1]]"
12n_0612_24,"[[11, 3, 12, 2], [4, 8, 5, 7], [6, 15, 7, 16], [8, 24, 9, 23], [19, 11, 20, 10], [12, 22, 13, 21], [14, 18, 15, 17], [16, 5, 17, 6], [18, 3, 19, 4], [1, 20, 2, 21], [22, 14, 23, 13], [24, 10, 1, 9]]"
12n_0612_25,"[[24, 10, 1, 9], [11, 3, 12, 2], [4, 8, 5, 7], [6, 15, 7, 16], [8, 24, 9, 23], [19, 11, 20, 10], [12, 22, 13, 21], [14, 18, 15, 17], [16, 5, 17, 6], [18, 3, 19, 4], [1, 20, 2, 21], [22, 14, 23, 13]]"
12n_0612_26,"[[22, 14, 23, 13], [24, 10, 1, 9], [11, 3, 12, 2], [4, 8, 5, 7], [6, 15, 7, 16], [8, 24, 9, 23], [19, 11, 20, 10], [12, 22, 13, 21], [14, 18, 15, 17], [16, 5, 17, 6], [18, 3, 19, 4], [1, 20, 2, 21]]"
12n_0612_27,"[[1, 20, 2, 21], [22, 14, 23, 13], [24, 10, 1, 9], [11, 3, 12, 2], [4, 8, 5, 7], [6, 15, 7, 16], [8, 24, 9, 23], [19, 11, 20, 10], [12, 22, 13, 21], [14, 18, 15, 17], [16, 5, 17, 6], [18, 3, 19, 4]]"
12n_0612_28,"[[18, 3, 19, 4], [1, 20, 2, 21], [22, 14, 23, 13], [24, 10, 1, 9], [11, 3, 12, 2], [4, 8, 5, 7], [6, 15, 7, 16], [8, 24, 9, 23], [19, 11, 20, 10], [12, 22, 13, 21], [14, 18, 15, 17], [16, 5, 17, 6]]"
12n_0612_29,"[[16, 5, 17, 6], [18, 3, 19, 4], [1, 20, 2, 21], [22, 14, 23, 13], [24, 10, 1, 9], [11, 3, 12, 2], [4, 8, 5, 7], [6, 15, 7, 16], [8, 24, 9, 23], [19, 11, 20, 10], [12, 22, 13, 21], [14, 18, 15, 17]]"
12n_0612_30,"[[14, 18, 15, 17], [16, 5, 17, 6], [18, 3, 19, 4], [1, 20, 2, 21], [22, 14, 23, 13], [24, 10, 1, 9], [11, 3, 12, 2], [4, 8, 5, 7], [6, 15, 7, 16], [8, 24, 9, 23], [19, 11, 20, 10], [12, 22, 13, 21]]"
12n_0612_31,"[[12, 22, 13, 21], [14, 18, 15, 17], [16, 5, 17, 6], [18, 3, 19, 4], [1, 20, 2, 21], [22, 14, 23, 13], [24, 10, 1, 9], [11, 3, 12, 2], [4, 8, 5, 7], [6, 15, 7, 16], [8, 24, 9, 23], [19, 11, 20, 10]]"
12n_0612_32,"[[19, 11, 20, 10], [12, 22, 13, 21], [14, 18, 15, 17], [16, 5, 17, 6], [18, 3, 19, 4], [1, 20, 2, 21], [22, 14, 23, 13], [24, 10, 1, 9], [11, 3, 12, 2], [4, 8, 5, 7], [6, 15, 7, 16], [8, 24, 9, 23]]"
12n_0612_33,"[[8, 24, 9, 23], [19, 11, 20, 10], [12, 22, 13, 21], [14, 18, 15, 17], [16, 5, 17, 6], [18, 3, 19, 4], [1, 20, 2, 21], [22, 14, 23, 13], [24, 10, 1, 9], [11, 3, 12, 2], [4, 8, 5, 7], [6, 15, 7, 16]]"
12n_0612_34,"[[6, 15, 7, 16], [8, 24, 9, 23], [19, 11, 20, 10], [12, 22, 13, 21], [14, 18, 15, 17], [16, 5, 17, 6], [18, 3, 19, 4], [1, 20, 2, 21], [22, 14, 23, 13], [24, 10, 1, 9], [11, 3, 12, 2], [4, 8, 5, 7]]"
12n_0612_35,"[[4, 8, 5, 7], [6, 15, 7, 16], [8, 24, 9, 23], [19, 11, 20, 10], [12, 22, 13, 21], [14, 18, 15, 17], [16, 5, 17, 6], [18, 3, 19, 4], [1, 20, 2, 21], [22, 14, 23, 13], [24, 10, 1, 9], [11, 3, 12, 2]]"
12n_0612_36,"[[12, 4, 13, 3], [5, 9, 6, 8], [7, 16, 8, 17], [9, 1, 10, 24], [20, 12, 21, 11], [13, 23, 14, 22], [15, 19, 16, 18], [17, 6, 18, 7], [19, 4, 20, 5], [2, 21, 3, 22], [23, 15, 24, 14], [1, 11, 2, 10]]"
12n_0612_37,"[[1, 11, 2, 10], [12, 4, 13, 3], [5, 9, 6, 8], [7, 16, 8, 17], [9, 1, 10, 24], [20, 12, 21, 11], [13, 23, 14, 22], [15, 19, 16, 18], [17, 6, 18, 7], [19, 4, 20, 5], [2, 21, 3, 22], [23, 15, 24, 14]]"
12n_0612_38,"[[23, 15, 24, 14], [1, 11, 2, 10], [12, 4, 13, 3], [5, 9, 6, 8], [7, 16, 8, 17], [9, 1, 10, 24], [20, 12, 21, 11], [13, 23, 14, 22], [15, 19, 16, 18], [17, 6, 18, 7], [19, 4, 20, 5], [2, 21, 3, 22]]"
12n_0612_39,"[[2, 21, 3, 22], [23, 15, 24, 14], [1, 11, 2, 10], [12, 4, 13, 3], [5, 9, 6, 8], [7, 16, 8, 17], [9, 1, 10, 24], [20, 12, 21, 11], [13, 23, 14, 22], [15, 19, 16, 18], [17, 6, 18, 7], [19, 4, 20, 5]]"
12n_0612_40,"[[19, 4, 20, 5], [2, 21, 3, 22], [23, 15, 24, 14], [1, 11, 2, 10], [12, 4, 13, 3], [5, 9, 6, 8], [7, 16, 8, 17], [9, 1, 10, 24], [20, 12, 21, 11], [13, 23, 14, 22], [15, 19, 16, 18], [17, 6, 18, 7]]"
12n_0612_41,"[[17, 6, 18, 7], [19, 4, 20, 5], [2, 21, 3, 22], [23, 15, 24, 14], [1, 11, 2, 10], [12, 4, 13, 3], [5, 9, 6, 8], [7, 16, 8, 17], [9, 1, 10, 24], [20, 12, 21, 11], [13, 23, 14, 22], [15, 19, 16, 18]]"
12n_0612_42,"[[15, 19, 16, 18], [17, 6, 18, 7], [19, 4, 20, 5], [2, 21, 3, 22], [23, 15, 24, 14], [1, 11, 2, 10], [12, 4, 13, 3], [5, 9, 6, 8], [7, 16, 8, 17], [9, 1, 10, 24], [20, 12, 21, 11], [13, 23, 14, 22]]"
12n_0612_43,"[[13, 23, 14, 22], [15, 19, 16, 18], [17, 6, 18, 7], [19, 4, 20, 5], [2, 21, 3, 22], [23, 15, 24, 14], [1, 11, 2, 10], [12, 4, 13, 3], [5, 9, 6, 8], [7, 16, 8, 17], [9, 1, 10, 24], [20, 12, 21, 11]]"
12n_0612_44,"[[20, 12, 21, 11], [13, 23, 14, 22], [15, 19, 16, 18], [17, 6, 18, 7], [19, 4, 20, 5], [2, 21, 3, 22], [23, 15, 24, 14], [1, 11, 2, 10], [12, 4, 13, 3], [5, 9, 6, 8], [7, 16, 8, 17], [9, 1, 10, 24]]"
12n_0612_45,"[[9, 1, 10, 24], [20, 12, 21, 11], [13, 23, 14, 22], [15, 19, 16, 18], [17, 6, 18, 7], [19, 4, 20, 5], [2, 21, 3, 22], [23, 15, 24, 14], [1, 11, 2, 10], [12, 4, 13, 3], [5, 9, 6, 8], [7, 16, 8, 17]]"
12n_0612_46,"[[7, 16, 8, 17], [9, 1, 10, 24], [20, 12, 21, 11], [13, 23, 14, 22], [15, 19, 16, 18], [17, 6, 18, 7], [19, 4, 20, 5], [2, 21, 3, 22], [23, 15, 24, 14], [1, 11, 2, 10], [12, 4, 13, 3], [5, 9, 6, 8]]"
12n_0612_47,"[[5, 9, 6, 8], [7, 16, 8, 17], [9, 1, 10, 24], [20, 12, 21, 11], [13, 23, 14, 22], [15, 19, 16, 18], [17, 6, 18, 7], [19, 4, 20, 5], [2, 21, 3, 22], [23, 15, 24, 14], [1, 11, 2, 10], [12, 4, 13, 3]]"
12n_0612_48,"[[13, 5, 14, 4], [6, 10, 7, 9], [8, 17, 9, 18], [10, 2, 11, 1], [21, 13, 22, 12], [14, 24, 15, 23], [16, 20, 17, 19], [18, 7, 19, 8], [20, 5, 21, 6], [3, 22, 4, 23], [24, 16, 1, 15], [2, 12, 3, 11]]"
12n_0612_49,"[[2, 12, 3, 11], [13, 5, 14, 4], [6, 10, 7, 9], [8, 17, 9, 18], [10, 2, 11, 1], [21, 13, 22, 12], [14, 24, 15, 23], [16, 20, 17, 19], [18, 7, 19, 8], [20, 5, 21, 6], [3, 22, 4, 23], [24, 16, 1, 15]]"
12n_0612_50,"[[24, 16, 1, 15], [2, 12, 3, 11], [13, 5, 14, 4], [6, 10, 7, 9], [8, 17, 9, 18], [10, 2, 11, 1], [21, 13, 22, 12], [14, 24, 15, 23], [16, 20, 17, 19], [18, 7, 19, 8], [20, 5, 21, 6], [3, 22, 4, 23]]"
12n_0612_51,"[[3, 22, 4, 23], [24, 16, 1, 15], [2, 12, 3, 11], [13, 5, 14, 4], [6, 10, 7, 9], [8, 17, 9, 18], [10, 2, 11, 1], [21, 13, 22, 12], [14, 24, 15, 23], [16, 20, 17, 19], [18, 7, 19, 8], [20, 5, 21, 6]]"
12n_0612_52,"[[20, 5, 21, 6], [3, 22, 4, 23], [24, 16, 1, 15], [2, 12, 3, 11], [13, 5, 14, 4], [6, 10, 7, 9], [8, 17, 9, 18], [10, 2, 11, 1], [21, 13, 22, 12], [14, 24, 15, 23], [16, 20, 17, 19], [18, 7, 19, 8]]"
12n_0612_53,"[[18, 7, 19, 8], [20, 5, 21, 6], [3, 22, 4, 23], [24, 16, 1, 15], [2, 12, 3, 11], [13, 5, 14, 4], [6, 10, 7, 9], [8, 17, 9, 18], [10, 2, 11, 1], [21, 13, 22, 12], [14, 24, 15, 23], [16, 20, 17, 19]]"
12n_0612_54,"[[16, 20, 17, 19], [18, 7, 19, 8], [20, 5, 21, 6], [3, 22, 4, 23], [24, 16, 1, 15], [2, 12, 3, 11], [13, 5, 14, 4], [6, 10, 7, 9], [8, 17, 9, 18], [10, 2, 11, 1], [21, 13, 22, 12], [14, 24, 15, 23]]"
12n_0612_55,"[[14, 24, 15, 23], [16, 20, 17, 19], [18, 7, 19, 8], [20, 5, 21, 6], [3, 22, 4, 23], [24, 16, 1, 15], [2, 12, 3, 11], [13, 5, 14, 4], [6, 10, 7, 9], [8, 17, 9, 18], [10, 2, 11, 1], [21, 13, 22, 12]]"
12n_0612_56,"[[21, 13, 22, 12], [14, 24, 15, 23], [16, 20, 17, 19], [18, 7, 19, 8], [20, 5, 21, 6], [3, 22, 4, 23], [24, 16, 1, 15], [2, 12, 3, 11], [13, 5, 14, 4], [6, 10, 7, 9], [8, 17, 9, 18], [10, 2, 11, 1]]"
12n_0612_57,"[[10, 2, 11, 1], [21, 13, 22, 12], [14, 24, 15, 23], [16, 20, 17, 19], [18, 7, 19, 8], [20, 5, 21, 6], [3, 22, 4, 23], [24, 16, 1, 15], [2, 12, 3, 11], [13, 5, 14, 4], [6, 10, 7, 9], [8, 17, 9, 18]]"
12n_0612_58,"[[8, 17, 9, 18], [10, 2, 11, 1], [21, 13, 22, 12], [14, 24, 15, 23], [16, 20, 17, 19], [18, 7, 19, 8], [20, 5, 21, 6], [3, 22, 4, 23], [24, 16, 1, 15], [2, 12, 3, 11], [13, 5, 14, 4], [6, 10, 7, 9]]"
12n_0612_59,"[[6, 10, 7, 9], [8, 17, 9, 18], [10, 2, 11, 1], [21, 13, 22, 12], [14, 24, 15, 23], [16, 20, 17, 19], [18, 7, 19, 8], [20, 5, 21, 6], [3, 22, 4, 23], [24, 16, 1, 15], [2, 12, 3, 11], [13, 5, 14, 4]]"
12n_0612_60,"[[14, 6, 15, 5], [7, 11, 8, 10], [9, 18, 10, 19], [11, 3, 12, 2], [22, 14, 23, 13], [15, 1, 16, 24], [17, 21, 18, 20], [19, 8, 20, 9], [21, 6, 22, 7], [4, 23, 5, 24], [1, 17, 2, 16], [3, 13, 4, 12]]"
12n_0612_61,"[[3, 13, 4, 12], [14, 6, 15, 5], [7, 11, 8, 10], [9, 18, 10, 19], [11, 3, 12, 2], [22, 14, 23, 13], [15, 1, 16, 24], [17, 21, 18, 20], [19, 8, 20, 9], [21, 6, 22, 7], [4, 23, 5, 24], [1, 17, 2, 16]]"
12n_0612_62,"[[1, 17, 2, 16], [3, 13, 4, 12], [14, 6, 15, 5], [7, 11, 8, 10], [9, 18, 10, 19], [11, 3, 12, 2], [22, 14, 23, 13], [15, 1, 16, 24], [17, 21, 18, 20], [19, 8, 20, 9], [21, 6, 22, 7], [4, 23, 5, 24]]"
12n_0612_63,"[[4, 23, 5, 24], [1, 17, 2, 16], [3, 13, 4, 12], [14, 6, 15, 5], [7, 11, 8, 10], [9, 18, 10, 19], [11, 3, 12, 2], [22, 14, 23, 13], [15, 1, 16, 24], [17, 21, 18, 20], [19, 8, 20, 9], [21, 6, 22, 7]]"
12n_0612_64,"[[21, 6, 22, 7], [4, 23, 5, 24], [1, 17, 2, 16], [3, 13, 4, 12], [14, 6, 15, 5], [7, 11, 8, 10], [9, 18, 10, 19], [11, 3, 12, 2], [22, 14, 23, 13], [15, 1, 16, 24], [17, 21, 18, 20], [19, 8, 20, 9]]"
12n_0612_65,"[[19, 8, 20, 9], [21, 6, 22, 7], [4, 23, 5, 24], [1, 17, 2, 16], [3, 13, 4, 12], [14, 6, 15, 5], [7, 11, 8, 10], [9, 18, 10, 19], [11, 3, 12, 2], [22, 14, 23, 13], [15, 1, 16, 24], [17, 21, 18, 20]]"
12n_0612_66,"[[17, 21, 18, 20], [19, 8, 20, 9], [21, 6, 22, 7], [4, 23, 5, 24], [1, 17, 2, 16], [3, 13, 4, 12], [14, 6, 15, 5], [7, 11, 8, 10], [9, 18, 10, 19], [11, 3, 12, 2], [22, 14, 23, 13], [15, 1, 16, 24]]"
12n_0612_67,"[[15, 1, 16, 24], [17, 21, 18, 20], [19, 8, 20, 9], [21, 6, 22, 7], [4, 23, 5, 24], [1, 17, 2, 16], [3, 13, 4, 12], [14, 6, 15, 5], [7, 11, 8, 10], [9, 18, 10, 19], [11, 3, 12, 2], [22, 14, 23, 13]]"
12n_0612_68,"[[22, 14, 23, 13], [15, 1, 16, 24], [17, 21, 18, 20], [19, 8, 20, 9], [21, 6, 22, 7], [4, 23, 5, 24], [1, 17, 2, 16], [3, 13, 4, 12], [14, 6, 15, 5], [7, 11, 8, 10], [9, 18, 10, 19], [11, 3, 12, 2]]"
12n_0612_69,"[[11, 3, 12, 2], [22, 14, 23, 13], [15, 1, 16, 24], [17, 21, 18, 20], [19, 8, 20, 9], [21, 6, 22, 7], [4, 23, 5, 24], [1, 17, 2, 16], [3, 13, 4, 12], [14, 6, 15, 5], [7, 11, 8, 10], [9, 18, 10, 19]]"
12n_0612_70,"[[9, 18, 10, 19], [11, 3, 12, 2], [22, 14, 23, 13], [15, 1, 16, 24], [17, 21, 18, 20], [19, 8, 20, 9], [21, 6, 22, 7], [4, 23, 5, 24], [1, 17, 2, 16], [3, 13, 4, 12], [14, 6, 15, 5], [7, 11, 8, 10]]"
12n_0612_71,"[[7, 11, 8, 10], [9, 18, 10, 19], [11, 3, 12, 2], [22, 14, 23, 13], [15, 1, 16, 24], [17, 21, 18, 20], [19, 8, 20, 9], [21, 6, 22, 7], [4, 23, 5, 24], [1, 17, 2, 16], [3, 13, 4, 12], [14, 6, 15, 5]]"
12n_0612_72,"[[15, 7, 16, 6], [8, 12, 9, 11], [10, 19, 11, 20], [12, 4, 13, 3], [23, 15, 24, 14], [16, 2, 17, 1], [18, 22, 19, 21], [20, 9, 21, 10], [22, 7, 23, 8], [5, 24, 6, 1], [2, 18, 3, 17], [4, 14, 5, 13]]"
12n_0612_73,"[[4, 14, 5, 13], [15, 7, 16, 6], [8, 12, 9, 11], [10, 19, 11, 20], [12, 4, 13, 3], [23, 15, 24, 14], [16, 2, 17, 1], [18, 22, 19, 21], [20, 9, 21, 10], [22, 7, 23, 8], [5, 24, 6, 1], [2, 18, 3, 17]]"
12n_0612_74,"[[2, 18, 3, 17], [4, 14, 5, 13], [15, 7, 16, 6], [8, 12, 9, 11], [10, 19, 11, 20], [12, 4, 13, 3], [23, 15, 24, 14], [16, 2, 17, 1], [18, 22, 19, 21], [20, 9, 21, 10], [22, 7, 23, 8], [5, 24, 6, 1]]"
12n_0612_75,"[[5, 24, 6, 1], [2, 18, 3, 17], [4, 14, 5, 13], [15, 7, 16, 6], [8, 12, 9, 11], [10, 19, 11, 20], [12, 4, 13, 3], [23, 15, 24, 14], [16, 2, 17, 1], [18, 22, 19, 21], [20, 9, 21, 10], [22, 7, 23, 8]]"
12n_0612_76,"[[22, 7, 23, 8], [5, 24, 6, 1], [2, 18, 3, 17], [4, 14, 5, 13], [15, 7, 16, 6], [8, 12, 9, 11], [10, 19, 11, 20], [12, 4, 13, 3], [23, 15, 24, 14], [16, 2, 17, 1], [18, 22, 19, 21], [20, 9, 21, 10]]"
12n_0612_77,"[[20, 9, 21, 10], [22, 7, 23, 8], [5, 24, 6, 1], [2, 18, 3, 17], [4, 14, 5, 13], [15, 7, 16, 6], [8, 12, 9, 11], [10, 19, 11, 20], [12, 4, 13, 3], [23, 15, 24, 14], [16, 2, 17, 1], [18, 22, 19, 21]]"
12n_0612_78,"[[18, 22, 19, 21], [20, 9, 21, 10], [22, 7, 23, 8], [5, 24, 6, 1], [2, 18, 3, 17], [4, 14, 5, 13], [15, 7, 16, 6], [8, 12, 9, 11], [10, 19, 11, 20], [12, 4, 13, 3], [23, 15, 24, 14], [16, 2, 17, 1]]"
12n_0612_79,"[[16, 2, 17, 1], [18, 22, 19, 21], [20, 9, 21, 10], [22, 7, 23, 8], [5, 24, 6, 1], [2, 18, 3, 17], [4, 14, 5, 13], [15, 7, 16, 6], [8, 12, 9, 11], [10, 19, 11, 20], [12, 4, 13, 3], [23, 15, 24, 14]]"
12n_0612_80,"[[23, 15, 24, 14], [16, 2, 17, 1], [18, 22, 19, 21], [20, 9, 21, 10], [22, 7, 23, 8], [5, 24, 6, 1], [2, 18, 3, 17], [4, 14, 5, 13], [15, 7, 16, 6], [8, 12, 9, 11], [10, 19, 11, 20], [12, 4, 13, 3]]"
12n_0612_81,"[[12, 4, 13, 3], [23, 15, 24, 14], [16, 2, 17, 1], [18, 22, 19, 21], [20, 9, 21, 10], [22, 7, 23, 8], [5, 24, 6, 1], [2, 18, 3, 17], [4, 14, 5, 13], [15, 7, 16, 6], [8, 12, 9, 11], [10, 19, 11, 20]]"
12n_0612_82,"[[10, 19, 11, 20], [12, 4, 13, 3], [23, 15, 24, 14], [16, 2, 17, 1], [18, 22, 19, 21], [20, 9, 21, 10], [22, 7, 23, 8], [5, 24, 6, 1], [2, 18, 3, 17], [4, 14, 5, 13], [15, 7, 16, 6], [8, 12, 9, 11]]"
12n_0612_83,"[[8, 12, 9, 11], [10, 19, 11, 20], [12, 4, 13, 3], [23, 15, 24, 14], [16, 2, 17, 1], [18, 22, 19, 21], [20, 9, 21, 10], [22, 7, 23, 8], [5, 24, 6, 1], [2, 18, 3, 17], [4, 14, 5, 13], [15, 7, 16, 6]]"
12n_0612_84,"[[16, 8, 17, 7], [9, 13, 10, 12], [11, 20, 12, 21], [13, 5, 14, 4], [24, 16, 1, 15], [17, 3, 18, 2], [19, 23, 20, 22], [21, 10, 22, 11], [23, 8, 24, 9], [6, 1, 7, 2], [3, 19, 4, 18], [5, 15, 6, 14]]"
12n_0612_85,"[[5, 15, 6, 14], [16, 8, 17, 7], [9, 13, 10, 12], [11, 20, 12, 21], [13, 5, 14, 4], [24, 16, 1, 15], [17, 3, 18, 2], [19, 23, 20, 22], [21, 10, 22, 11], [23, 8, 24, 9], [6, 1, 7, 2], [3, 19, 4, 18]]"
12n_0612_86,"[[3, 19, 4, 18], [5, 15, 6, 14], [16, 8, 17, 7], [9, 13, 10, 12], [11, 20, 12, 21], [13, 5, 14, 4], [24, 16, 1, 15], [17, 3, 18, 2], [19, 23, 20, 22], [21, 10, 22, 11], [23, 8, 24, 9], [6, 1, 7, 2]]"
12n_0612_87,"[[6, 1, 7, 2], [3, 19, 4, 18], [5, 15, 6, 14], [16, 8, 17, 7], [9, 13, 10, 12], [11, 20, 12, 21], [13, 5, 14, 4], [24, 16, 1, 15], [17, 3, 18, 2], [19, 23, 20, 22], [21, 10, 22, 11], [23, 8, 24, 9]]"
12n_0612_88,"[[23, 8, 24, 9], [6, 1, 7, 2], [3, 19, 4, 18], [5, 15, 6, 14], [16, 8, 17, 7], [9, 13, 10, 12], [11, 20, 12, 21], [13, 5, 14, 4], [24, 16, 1, 15], [17, 3, 18, 2], [19, 23, 20, 22], [21, 10, 22, 11]]"
12n_0612_89,"[[21, 10, 22, 11], [23, 8, 24, 9], [6, 1, 7, 2], [3, 19, 4, 18], [5, 15, 6, 14], [16, 8, 17, 7], [9, 13, 10, 12], [11, 20, 12, 21], [13, 5, 14, 4], [24, 16, 1, 15], [17, 3, 18, 2], [19, 23, 20, 22]]"
12n_0612_90,"[[19, 23, 20, 22], [21, 10, 22, 11], [23, 8, 24, 9], [6, 1, 7, 2], [3, 19, 4, 18], [5, 15, 6, 14], [16, 8, 17, 7], [9, 13, 10, 12], [11, 20, 12, 21], [13, 5, 14, 4], [24, 16, 1, 15], [17, 3, 18, 2]]"
12n_0612_91,"[[17, 3, 18, 2], [19, 23, 20, 22], [21, 10, 22, 11], [23, 8, 24, 9], [6, 1, 7, 2], [3, 19, 4, 18], [5, 15, 6, 14], [16, 8, 17, 7], [9, 13, 10, 12], [11, 20, 12, 21], [13, 5, 14, 4], [24, 16, 1, 15]]"
12n_0612_92,"[[24, 16, 1, 15], [17, 3, 18, 2], [19, 23, 20, 22], [21, 10, 22, 11], [23, 8, 24, 9], [6, 1, 7, 2], [3, 19, 4, 18], [5, 15, 6, 14], [16, 8, 17, 7], [9, 13, 10, 12], [11, 20, 12, 21], [13, 5, 14, 4]]"
12n_0612_93,"[[13, 5, 14, 4], [24, 16, 1, 15], [17, 3, 18, 2], [19, 23, 20, 22], [21, 10, 22, 11], [23, 8, 24, 9], [6, 1, 7, 2], [3, 19, 4, 18], [5, 15, 6, 14], [16, 8, 17, 7], [9, 13, 10, 12], [11, 20, 12, 21]]"
12n_0612_94,"[[11, 20, 12, 21], [13, 5, 14, 4], [24, 16, 1, 15], [17, 3, 18, 2], [19, 23, 20, 22], [21, 10, 22, 11], [23, 8, 24, 9], [6, 1, 7, 2], [3, 19, 4, 18], [5, 15, 6, 14], [16, 8, 17, 7], [9, 13, 10, 12]]"
12n_0612_95,"[[9, 13, 10, 12], [11, 20, 12, 21], [13, 5, 14, 4], [24, 16, 1, 15], [17, 3, 18, 2], [19, 23, 20, 22], [21, 10, 22, 11], [23, 8, 24, 9], [6, 1, 7, 2], [3, 19, 4, 18], [5, 15, 6, 14], [16, 8, 17, 7]]"
12n_0612_96,"[[17, 9, 18, 8], [10, 14, 11, 13], [12, 21, 13, 22], [14, 6, 15, 5], [1, 17, 2, 16], [18, 4, 19, 3], [20, 24, 21, 23], [22, 11, 23, 12], [24, 9, 1, 10], [7, 2, 8, 3], [4, 20, 5, 19], [6, 16, 7, 15]]"
12n_0612_97,"[[6, 16, 7, 15], [17, 9, 18, 8], [10, 14, 11, 13], [12, 21, 13, 22], [14, 6, 15, 5], [1, 17, 2, 16], [18, 4, 19, 3], [20, 24, 21, 23], [22, 11, 23, 12], [24, 9, 1, 10], [7, 2, 8, 3], [4, 20, 5, 19]]"
12n_0612_98,"[[4, 20, 5, 19], [6, 16, 7, 15], [17, 9, 18, 8], [10, 14, 11, 13], [12, 21, 13, 22], [14, 6, 15, 5], [1, 17, 2, 16], [18, 4, 19, 3], [20, 24, 21, 23], [22, 11, 23, 12], [24, 9, 1, 10], [7, 2, 8, 3]]"
12n_0612_99,"[[7, 2, 8, 3], [4, 20, 5, 19], [6, 16, 7, 15], [17, 9, 18, 8], [10, 14, 11, 13], [12, 21, 13, 22], [14, 6, 15, 5], [1, 17, 2, 16], [18, 4, 19, 3], [20, 24, 21, 23], [22, 11, 23, 12], [24, 9, 1, 10]]"
12n_0612_100,"[[24, 9, 1, 10], [7, 2, 8, 3], [4, 20, 5, 19], [6, 16, 7, 15], [17, 9, 18, 8], [10, 14, 11, 13], [12, 21, 13, 22], [14, 6, 15, 5], [1, 17, 2, 16], [18, 4, 19, 3], [20, 24, 21, 23], [22, 11, 23, 12]]"
12n_0612_101,"[[22, 11, 23, 12], [24, 9, 1, 10], [7, 2, 8, 3], [4, 20, 5, 19], [6, 16, 7, 15], [17, 9, 18, 8], [10, 14, 11, 13], [12, 21, 13, 22], [14, 6, 15, 5], [1, 17, 2, 16], [18, 4, 19, 3], [20, 24, 21, 23]]"
12n_0612_102,"[[20, 24, 21, 23], [22, 11, 23, 12], [24, 9, 1, 10], [7, 2, 8, 3], [4, 20, 5, 19], [6, 16, 7, 15], [17, 9, 18, 8], [10, 14, 11, 13], [12, 21, 13, 22], [14, 6, 15, 5], [1, 17, 2, 16], [18, 4, 19, 3]]"
12n_0612_103,"[[18, 4, 19, 3], [20, 24, 21, 23], [22, 11, 23, 12], [24, 9, 1, 10], [7, 2, 8, 3], [4, 20, 5, 19], [6, 16, 7, 15], [17, 9, 18, 8], [10, 14, 11, 13], [12, 21, 13, 22], [14, 6, 15, 5], [1, 17, 2, 16]]"
12n_0612_104,"[[1, 17, 2, 16], [18, 4, 19, 3], [20, 24, 21, 23], [22, 11, 23, 12], [24, 9, 1, 10], [7, 2, 8, 3], [4, 20, 5, 19], [6, 16, 7, 15], [17, 9, 18, 8], [10, 14, 11, 13], [12, 21, 13, 22], [14, 6, 15, 5]]"
12n_0612_105,"[[14, 6, 15, 5], [1, 17, 2, 16], [18, 4, 19, 3], [20, 24, 21, 23], [22, 11, 23, 12], [24, 9, 1, 10], [7, 2, 8, 3], [4, 20, 5, 19], [6, 16, 7, 15], [17, 9, 18, 8], [10, 14, 11, 13], [12, 21, 13, 22]]"
12n_0612_106,"[[12, 21, 13, 22], [14, 6, 15, 5], [1, 17, 2, 16], [18, 4, 19, 3], [20, 24, 21, 23], [22, 11, 23, 12], [24, 9, 1, 10], [7, 2, 8, 3], [4, 20, 5, 19], [6, 16, 7, 15], [17, 9, 18, 8], [10, 14, 11, 13]]"
12n_0612_107,"[[10, 14, 11, 13], [12, 21, 13, 22], [14, 6, 15, 5], [1, 17, 2, 16], [18, 4, 19, 3], [20, 24, 21, 23], [22, 11, 23, 12], [24, 9, 1, 10], [7, 2, 8, 3], [4, 20, 5, 19], [6, 16, 7, 15], [17, 9, 18, 8]]"
12n_0612_108,"[[18, 10, 19, 9], [11, 15, 12, 14], [13, 22, 14, 23], [15, 7, 16, 6], [2, 18, 3, 17], [19, 5, 20, 4], [21, 1, 22, 24], [23, 12, 24, 13], [1, 10, 2, 11], [8, 3, 9, 4], [5, 21, 6, 20], [7, 17, 8, 16]]"
12n_0612_109,"[[7, 17, 8, 16], [18, 10, 19, 9], [11, 15, 12, 14], [13, 22, 14, 23], [15, 7, 16, 6], [2, 18, 3, 17], [19, 5, 20, 4], [21, 1, 22, 24], [23, 12, 24, 13], [1, 10, 2, 11], [8, 3, 9, 4], [5, 21, 6, 20]]"
12n_0612_110,"[[5, 21, 6, 20], [7, 17, 8, 16], [18, 10, 19, 9], [11, 15, 12, 14], [13, 22, 14, 23], [15, 7, 16, 6], [2, 18, 3, 17], [19, 5, 20, 4], [21, 1, 22, 24], [23, 12, 24, 13], [1, 10, 2, 11], [8, 3, 9, 4]]"
12n_0612_111,"[[8, 3, 9, 4], [5, 21, 6, 20], [7, 17, 8, 16], [18, 10, 19, 9], [11, 15, 12, 14], [13, 22, 14, 23], [15, 7, 16, 6], [2, 18, 3, 17], [19, 5, 20, 4], [21, 1, 22, 24], [23, 12, 24, 13], [1, 10, 2, 11]]"
12n_0612_112,"[[1, 10, 2, 11], [8, 3, 9, 4], [5, 21, 6, 20], [7, 17, 8, 16], [18, 10, 19, 9], [11, 15, 12, 14], [13, 22, 14, 23], [15, 7, 16, 6], [2, 18, 3, 17], [19, 5, 20, 4], [21, 1, 22, 24], [23, 12, 24, 13]]"
12n_0612_113,"[[23, 12, 24, 13], [1, 10, 2, 11], [8, 3, 9, 4], [5, 21, 6, 20], [7, 17, 8, 16], [18, 10, 19, 9], [11, 15, 12, 14], [13, 22, 14, 23], [15, 7, 16, 6], [2, 18, 3, 17], [19, 5, 20, 4], [21, 1, 22, 24]]"
12n_0612_114,"[[21, 1, 22, 24], [23, 12, 24, 13], [1, 10, 2, 11], [8, 3, 9, 4], [5, 21, 6, 20], [7, 17, 8, 16], [18, 10, 19, 9], [11, 15, 12, 14], [13, 22, 14, 23], [15, 7, 16, 6], [2, 18, 3, 17], [19, 5, 20, 4]]"
12n_0612_115,"[[19, 5, 20, 4], [21, 1, 22, 24], [23, 12, 24, 13], [1, 10, 2, 11], [8, 3, 9, 4], [5, 21, 6, 20], [7, 17, 8, 16], [18, 10, 19, 9], [11, 15, 12, 14], [13, 22, 14, 23], [15, 7, 16, 6], [2, 18, 3, 17]]"
12n_0612_116,"[[2, 18, 3, 17], [19, 5, 20, 4], [21, 1, 22, 24], [23, 12, 24, 13], [1, 10, 2, 11], [8, 3, 9, 4], [5, 21, 6, 20], [7, 17, 8, 16], [18, 10, 19, 9], [11, 15, 12, 14], [13, 22, 14, 23], [15, 7, 16, 6]]"
12n_0612_117,"[[15, 7, 16, 6], [2, 18, 3, 17], [19, 5, 20, 4], [21, 1, 22, 24], [23, 12, 24, 13], [1, 10, 2, 11], [8, 3, 9, 4], [5, 21, 6, 20], [7, 17, 8, 16], [18, 10, 19, 9], [11, 15, 12, 14], [13, 22, 14, 23]]"
12n_0612_118,"[[13, 22, 14, 23], [15, 7, 16, 6], [2, 18, 3, 17], [19, 5, 20, 4], [21, 1, 22, 24], [23, 12, 24, 13], [1, 10, 2, 11], [8, 3, 9, 4], [5, 21, 6, 20], [7, 17, 8, 16], [18, 10, 19, 9], [11, 15, 12, 14]]"
12n_0612_119,"[[11, 15, 12, 14], [13, 22, 14, 23], [15, 7, 16, 6], [2, 18, 3, 17], [19, 5, 20, 4], [21, 1, 22, 24], [23, 12, 24, 13], [1, 10, 2, 11], [8, 3, 9, 4], [5, 21, 6, 20], [7, 17, 8, 16], [18, 10, 19, 9]]"
12n_0612_120,"[[19, 11, 20, 10], [12, 16, 13, 15], [14, 23, 15, 24], [16, 8, 17, 7], [3, 19, 4, 18], [20, 6, 21, 5], [22, 2, 23, 1], [24, 13, 1, 14], [2, 11, 3, 12], [9, 4, 10, 5], [6, 22, 7, 21], [8, 18, 9, 17]]"
12n_0612_121,"[[8, 18, 9, 17], [19, 11, 20, 10], [12, 16, 13, 15], [14, 23, 15, 24], [16, 8, 17, 7], [3, 19, 4, 18], [20, 6, 21, 5], [22, 2, 23, 1], [24, 13, 1, 14], [2, 11, 3, 12], [9, 4, 10, 5], [6, 22, 7, 21]]"
12n_0612_122,"[[6, 22, 7, 21], [8, 18, 9, 17], [19, 11, 20, 10], [12, 16, 13, 15], [14, 23, 15, 24], [16, 8, 17, 7], [3, 19, 4, 18], [20, 6, 21, 5], [22, 2, 23, 1], [24, 13, 1, 14], [2, 11, 3, 12], [9, 4, 10, 5]]"
12n_0612_123,"[[9, 4, 10, 5], [6, 22, 7, 21], [8, 18, 9, 17], [19, 11, 20, 10], [12, 16, 13, 15], [14, 23, 15, 24], [16, 8, 17, 7], [3, 19, 4, 18], [20, 6, 21, 5], [22, 2, 23, 1], [24, 13, 1, 14], [2, 11, 3, 12]]"
12n_0612_124,"[[2, 11, 3, 12], [9, 4, 10, 5], [6, 22, 7, 21], [8, 18, 9, 17], [19, 11, 20, 10], [12, 16, 13, 15], [14, 23, 15, 24], [16, 8, 17, 7], [3, 19, 4, 18], [20, 6, 21, 5], [22, 2, 23, 1], [24, 13, 1, 14]]"
12n_0612_125,"[[24, 13, 1, 14], [2, 11, 3, 12], [9, 4, 10, 5], [6, 22, 7, 21], [8, 18, 9, 17], [19, 11, 20, 10], [12, 16, 13, 15], [14, 23, 15, 24], [16, 8, 17, 7], [3, 19, 4, 18], [20, 6, 21, 5], [22, 2, 23, 1]]"
12n_0612_126,"[[22, 2, 23, 1], [24, 13, 1, 14], [2, 11, 3, 12], [9, 4, 10, 5], [6, 22, 7, 21], [8, 18, 9, 17], [19, 11, 20, 10], [12, 16, 13, 15], [14, 23, 15, 24], [16, 8, 17, 7], [3, 19, 4, 18], [20, 6, 21, 5]]"
12n_0612_127,"[[20, 6, 21, 5], [22, 2, 23, 1], [24, 13, 1, 14], [2, 11, 3, 12], [9, 4, 10, 5], [6, 22, 7, 21], [8, 18, 9, 17], [19, 11, 20, 10], [12, 16, 13, 15], [14, 23, 15, 24], [16, 8, 17, 7], [3, 19, 4, 18]]"
12n_0612_128,"[[3, 19, 4, 18], [20, 6, 21, 5], [22, 2, 23, 1], [24, 13, 1, 14], [2, 11, 3, 12], [9, 4, 10, 5], [6, 22, 7, 21], [8, 18, 9, 17], [19, 11, 20, 10], [12, 16, 13, 15], [14, 23, 15, 24], [16, 8, 17, 7]]"
12n_0612_129,"[[16, 8, 17, 7], [3, 19, 4, 18], [20, 6, 21, 5], [22, 2, 23, 1], [24, 13, 1, 14], [2, 11, 3, 12], [9, 4, 10, 5], [6, 22, 7, 21], [8, 18, 9, 17], [19, 11, 20, 10], [12, 16, 13, 15], [14, 23, 15, 24]]"
12n_0612_130,"[[14, 23, 15, 24], [16, 8, 17, 7], [3, 19, 4, 18], [20, 6, 21, 5], [22, 2, 23, 1], [24, 13, 1, 14], [2, 11, 3, 12], [9, 4, 10, 5], [6, 22, 7, 21], [8, 18, 9, 17], [19, 11, 20, 10], [12, 16, 13, 15]]"
12n_0612_131,"[[12, 16, 13, 15], [14, 23, 15, 24], [16, 8, 17, 7], [3, 19, 4, 18], [20, 6, 21, 5], [22, 2, 23, 1], [24, 13, 1, 14], [2, 11, 3, 12], [9, 4, 10, 5], [6, 22, 7, 21], [8, 18, 9, 17], [19, 11, 20, 10]]"
12n_0612_132,"[[20, 12, 21, 11], [13, 17, 14, 16], [15, 24, 16, 1], [17, 9, 18, 8], [4, 20, 5, 19], [21, 7, 22, 6], [23, 3, 24, 2], [1, 14, 2, 15], [3, 12, 4, 13], [10, 5, 11, 6], [7, 23, 8, 22], [9, 19, 10, 18]]"
12n_0612_133,"[[9, 19, 10, 18], [20, 12, 21, 11], [13, 17, 14, 16], [15, 24, 16, 1], [17, 9, 18, 8], [4, 20, 5, 19], [21, 7, 22, 6], [23, 3, 24, 2], [1, 14, 2, 15], [3, 12, 4, 13], [10, 5, 11, 6], [7, 23, 8, 22]]"
12n_0612_134,"[[7, 23, 8, 22], [9, 19, 10, 18], [20, 12, 21, 11], [13, 17, 14, 16], [15, 24, 16, 1], [17, 9, 18, 8], [4, 20, 5, 19], [21, 7, 22, 6], [23, 3, 24, 2], [1, 14, 2, 15], [3, 12, 4, 13], [10, 5, 11, 6]]"
12n_0612_135,"[[10, 5, 11, 6], [7, 23, 8, 22], [9, 19, 10, 18], [20, 12, 21, 11], [13, 17, 14, 16], [15, 24, 16, 1], [17, 9, 18, 8], [4, 20, 5, 19], [21, 7, 22, 6], [23, 3, 24, 2], [1, 14, 2, 15], [3, 12, 4, 13]]"
12n_0612_136,"[[3, 12, 4, 13], [10, 5, 11, 6], [7, 23, 8, 22], [9, 19, 10, 18], [20, 12, 21, 11], [13, 17, 14, 16], [15, 24, 16, 1], [17, 9, 18, 8], [4, 20, 5, 19], [21, 7, 22, 6], [23, 3, 24, 2], [1, 14, 2, 15]]"
12n_0612_137,"[[1, 14, 2, 15], [3, 12, 4, 13], [10, 5, 11, 6], [7, 23, 8, 22], [9, 19, 10, 18], [20, 12, 21, 11], [13, 17, 14, 16], [15, 24, 16, 1], [17, 9, 18, 8], [4, 20, 5, 19], [21, 7, 22, 6], [23, 3, 24, 2]]"
12n_0612_138,"[[23, 3, 24, 2], [1, 14, 2, 15], [3, 12, 4, 13], [10, 5, 11, 6], [7, 23, 8, 22], [9, 19, 10, 18], [20, 12, 21, 11], [13, 17, 14, 16], [15, 24, 16, 1], [17, 9, 18, 8], [4, 20, 5, 19], [21, 7, 22, 6]]"
12n_0612_139,"[[21, 7, 22, 6], [23, 3, 24, 2], [1, 14, 2, 15], [3, 12, 4, 13], [10, 5, 11, 6], [7, 23, 8, 22], [9, 19, 10, 18], [20, 12, 21, 11], [13, 17, 14, 16], [15, 24, 16, 1], [17, 9, 18, 8], [4, 20, 5, 19]]"
12n_0612_140,"[[4, 20, 5, 19], [21, 7, 22, 6], [23, 3, 24, 2], [1, 14, 2, 15], [3, 12, 4, 13], [10, 5, 11, 6], [7, 23, 8, 22], [9, 19, 10, 18], [20, 12, 21, 11], [13, 17, 14, 16], [15, 24, 16, 1], [17, 9, 18, 8]]"
12n_0612_141,"[[17, 9, 18, 8], [4, 20, 5, 19], [21, 7, 22, 6], [23, 3, 24, 2], [1, 14, 2, 15], [3, 12, 4, 13], [10, 5, 11, 6], [7, 23, 8, 22], [9, 19, 10, 18], [20, 12, 21, 11], [13, 17, 14, 16], [15, 24, 16, 1]]"
12n_0612_142,"[[15, 24, 16, 1], [17, 9, 18, 8], [4, 20, 5, 19], [21, 7, 22, 6], [23, 3, 24, 2], [1, 14, 2, 15], [3, 12, 4, 13], [10, 5, 11, 6], [7, 23, 8, 22], [9, 19, 10, 18], [20, 12, 21, 11], [13, 17, 14, 16]]"
12n_0612_143,"[[13, 17, 14, 16], [15, 24, 16, 1], [17, 9, 18, 8], [4, 20, 5, 19], [21, 7, 22, 6], [23, 3, 24, 2], [1, 14, 2, 15], [3, 12, 4, 13], [10, 5, 11, 6], [7, 23, 8, 22], [9, 19, 10, 18], [20, 12, 21, 11]]"
12n_0612_144,"[[21, 13, 22, 12], [14, 18, 15, 17], [16, 1, 17, 2], [18, 10, 19, 9], [5, 21, 6, 20], [22, 8, 23, 7], [24, 4, 1, 3], [2, 15, 3, 16], [4, 13, 5, 14], [11, 6, 12, 7], [8, 24, 9, 23], [10, 20, 11, 19]]"
12n_0612_145,"[[10, 20, 11, 19], [21, 13, 22, 12], [14, 18, 15, 17], [16, 1, 17, 2], [18, 10, 19, 9], [5, 21, 6, 20], [22, 8, 23, 7], [24, 4, 1, 3], [2, 15, 3, 16], [4, 13, 5, 14], [11, 6, 12, 7], [8, 24, 9, 23]]"
12n_0612_146,"[[8, 24, 9, 23], [10, 20, 11, 19], [21, 13, 22, 12], [14, 18, 15, 17], [16, 1, 17, 2], [18, 10, 19, 9], [5, 21, 6, 20], [22, 8, 23, 7], [24, 4, 1, 3], [2, 15, 3, 16], [4, 13, 5, 14], [11, 6, 12, 7]]"
12n_0612_147,"[[11, 6, 12, 7], [8, 24, 9, 23], [10, 20, 11, 19], [21, 13, 22, 12], [14, 18, 15, 17], [16, 1, 17, 2], [18, 10, 19, 9], [5, 21, 6, 20], [22, 8, 23, 7], [24, 4, 1, 3], [2, 15, 3, 16], [4, 13, 5, 14]]"
12n_0612_148,"[[4, 13, 5, 14], [11, 6, 12, 7], [8, 24, 9, 23], [10, 20, 11, 19], [21, 13, 22, 12], [14, 18, 15, 17], [16, 1, 17, 2], [18, 10, 19, 9], [5, 21, 6, 20], [22, 8, 23, 7], [24, 4, 1, 3], [2, 15, 3, 16]]"
12n_0612_149,"[[2, 15, 3, 16], [4, 13, 5, 14], [11, 6, 12, 7], [8, 24, 9, 23], [10, 20, 11, 19], [21, 13, 22, 12], [14, 18, 15, 17], [16, 1, 17, 2], [18, 10, 19, 9], [5, 21, 6, 20], [22, 8, 23, 7], [24, 4, 1, 3]]"
12n_0612_150,"[[24, 4, 1, 3], [2, 15, 3, 16], [4, 13, 5, 14], [11, 6, 12, 7], [8, 24, 9, 23], [10, 20, 11, 19], [21, 13, 22, 12], [14, 18, 15, 17], [16, 1, 17, 2], [18, 10, 19, 9], [5, 21, 6, 20], [22, 8, 23, 7]]"
12n_0612_151,"[[22, 8, 23, 7], [24, 4, 1, 3], [2, 15, 3, 16], [4, 13, 5, 14], [11, 6, 12, 7], [8, 24, 9, 23], [10, 20, 11, 19], [21, 13, 22, 12], [14, 18, 15, 17], [16, 1, 17, 2], [18, 10, 19, 9], [5, 21, 6, 20]]"
12n_0612_152,"[[5, 21, 6, 20], [22, 8, 23, 7], [24, 4, 1, 3], [2, 15, 3, 16], [4, 13, 5, 14], [11, 6, 12, 7], [8, 24, 9, 23], [10, 20, 11, 19], [21, 13, 22, 12], [14, 18, 15, 17], [16, 1, 17, 2], [18, 10, 19, 9]]"
12n_0612_153,"[[18, 10, 19, 9], [5, 21, 6, 20], [22, 8, 23, 7], [24, 4, 1, 3], [2, 15, 3, 16], [4, 13, 5, 14], [11, 6, 12, 7], [8, 24, 9, 23], [10, 20, 11, 19], [21, 13, 22, 12], [14, 18, 15, 17], [16, 1, 17, 2]]"
12n_0612_154,"[[16, 1, 17, 2], [18, 10, 19, 9], [5, 21, 6, 20], [22, 8, 23, 7], [24, 4, 1, 3], [2, 15, 3, 16], [4, 13, 5, 14], [11, 6, 12, 7], [8, 24, 9, 23], [10, 20, 11, 19], [21, 13, 22, 12], [14, 18, 15, 17]]"
12n_0612_155,"[[14, 18, 15, 17], [16, 1, 17, 2], [18, 10, 19, 9], [5, 21, 6, 20], [22, 8, 23, 7], [24, 4, 1, 3], [2, 15, 3, 16], [4, 13, 5, 14], [11, 6, 12, 7], [8, 24, 9, 23], [10, 20, 11, 19], [21, 13, 22, 12]]"
12n_0612_156,"[[22, 14, 23, 13], [15, 19, 16, 18], [17, 2, 18, 3], [19, 11, 20, 10], [6, 22, 7, 21], [23, 9, 24, 8], [1, 5, 2, 4], [3, 16, 4, 17], [5, 14, 6, 15], [12, 7, 13, 8], [9, 1, 10, 24], [11, 21, 12, 20]]"
12n_0612_157,"[[11, 21, 12, 20], [22, 14, 23, 13], [15, 19, 16, 18], [17, 2, 18, 3], [19, 11, 20, 10], [6, 22, 7, 21], [23, 9, 24, 8], [1, 5, 2, 4], [3, 16, 4, 17], [5, 14, 6, 15], [12, 7, 13, 8], [9, 1, 10, 24]]"
12n_0612_158,"[[9, 1, 10, 24], [11, 21, 12, 20], [22, 14, 23, 13], [15, 19, 16, 18], [17, 2, 18, 3], [19, 11, 20, 10], [6, 22, 7, 21], [23, 9, 24, 8], [1, 5, 2, 4], [3, 16, 4, 17], [5, 14, 6, 15], [12, 7, 13, 8]]"
12n_0612_159,"[[12, 7, 13, 8], [9, 1, 10, 24], [11, 21, 12, 20], [22, 14, 23, 13], [15, 19, 16, 18], [17, 2, 18, 3], [19, 11, 20, 10], [6, 22, 7, 21], [23, 9, 24, 8], [1, 5, 2, 4], [3, 16, 4, 17], [5, 14, 6, 15]]"
12n_0612_160,"[[5, 14, 6, 15], [12, 7, 13, 8], [9, 1, 10, 24], [11, 21, 12, 20], [22, 14, 23, 13], [15, 19, 16, 18], [17, 2, 18, 3], [19, 11, 20, 10], [6, 22, 7, 21], [23, 9, 24, 8], [1, 5, 2, 4], [3, 16, 4, 17]]"
12n_0612_161,"[[3, 16, 4, 17], [5, 14, 6, 15], [12, 7, 13, 8], [9, 1, 10, 24], [11, 21, 12, 20], [22, 14, 23, 13], [15, 19, 16, 18], [17, 2, 18, 3], [19, 11, 20, 10], [6, 22, 7, 21], [23, 9, 24, 8], [1, 5, 2, 4]]"
12n_0612_162,"[[1, 5, 2, 4], [3, 16, 4, 17], [5, 14, 6, 15], [12, 7, 13, 8], [9, 1, 10, 24], [11, 21, 12, 20], [22, 14, 23, 13], [15, 19, 16, 18], [17, 2, 18, 3], [19, 11, 20, 10], [6, 22, 7, 21], [23, 9, 24, 8]]"
12n_0612_163,"[[23, 9, 24, 8], [1, 5, 2, 4], [3, 16, 4, 17], [5, 14, 6, 15], [12, 7, 13, 8], [9, 1, 10, 24], [11, 21, 12, 20], [22, 14, 23, 13], [15, 19, 16, 18], [17, 2, 18, 3], [19, 11, 20, 10], [6, 22, 7, 21]]"
12n_0612_164,"[[6, 22, 7, 21], [23, 9, 24, 8], [1, 5, 2, 4], [3, 16, 4, 17], [5, 14, 6, 15], [12, 7, 13, 8], [9, 1, 10, 24], [11, 21, 12, 20], [22, 14, 23, 13], [15, 19, 16, 18], [17, 2, 18, 3], [19, 11, 20, 10]]"
12n_0612_165,"[[19, 11, 20, 10], [6, 22, 7, 21], [23, 9, 24, 8], [1, 5, 2, 4], [3, 16, 4, 17], [5, 14, 6, 15], [12, 7, 13, 8], [9, 1, 10, 24], [11, 21, 12, 20], [22, 14, 23, 13], [15, 19, 16, 18], [17, 2, 18, 3]]"
12n_0612_166,"[[17, 2, 18, 3], [19, 11, 20, 10], [6, 22, 7, 21], [23, 9, 24, 8], [1, 5, 2, 4], [3, 16, 4, 17], [5, 14, 6, 15], [12, 7, 13, 8], [9, 1, 10, 24], [11, 21, 12, 20], [22, 14, 23, 13], [15, 19, 16, 18]]"
12n_0612_167,"[[15, 19, 16, 18], [17, 2, 18, 3], [19, 11, 20, 10], [6, 22, 7, 21], [23, 9, 24, 8], [1, 5, 2, 4], [3, 16, 4, 17], [5, 14, 6, 15], [12, 7, 13, 8], [9, 1, 10, 24], [11, 21, 12, 20], [22, 14, 23, 13]]"
12n_0612_168,"[[23, 15, 24, 14], [16, 20, 17, 19], [18, 3, 19, 4], [20, 12, 21, 11], [7, 23, 8, 22], [24, 10, 1, 9], [2, 6, 3, 5], [4, 17, 5, 18], [6, 15, 7, 16], [13, 8, 14, 9], [10, 2, 11, 1], [12, 22, 13, 21]]"
12n_0612_169,"[[12, 22, 13, 21], [23, 15, 24, 14], [16, 20, 17, 19], [18, 3, 19, 4], [20, 12, 21, 11], [7, 23, 8, 22], [24, 10, 1, 9], [2, 6, 3, 5], [4, 17, 5, 18], [6, 15, 7, 16], [13, 8, 14, 9], [10, 2, 11, 1]]"
12n_0612_170,"[[10, 2, 11, 1], [12, 22, 13, 21], [23, 15, 24, 14], [16, 20, 17, 19], [18, 3, 19, 4], [20, 12, 21, 11], [7, 23, 8, 22], [24, 10, 1, 9], [2, 6, 3, 5], [4, 17, 5, 18], [6, 15, 7, 16], [13, 8, 14, 9]]"
12n_0612_171,"[[13, 8, 14, 9], [10, 2, 11, 1], [12, 22, 13, 21], [23, 15, 24, 14], [16, 20, 17, 19], [18, 3, 19, 4], [20, 12, 21, 11], [7, 23, 8, 22], [24, 10, 1, 9], [2, 6, 3, 5], [4, 17, 5, 18], [6, 15, 7, 16]]"
12n_0612_172,"[[6, 15, 7, 16], [13, 8, 14, 9], [10, 2, 11, 1], [12, 22, 13, 21], [23, 15, 24, 14], [16, 20, 17, 19], [18, 3, 19, 4], [20, 12, 21, 11], [7, 23, 8, 22], [24, 10, 1, 9], [2, 6, 3, 5], [4, 17, 5, 18]]"
12n_0612_173,"[[4, 17, 5, 18], [6, 15, 7, 16], [13, 8, 14, 9], [10, 2, 11, 1], [12, 22, 13, 21], [23, 15, 24, 14], [16, 20, 17, 19], [18, 3, 19, 4], [20, 12, 21, 11], [7, 23, 8, 22], [24, 10, 1, 9], [2, 6, 3, 5]]"
12n_0612_174,"[[2, 6, 3, 5], [4, 17, 5, 18], [6, 15, 7, 16], [13, 8, 14, 9], [10, 2, 11, 1], [12, 22, 13, 21], [23, 15, 24, 14], [16, 20, 17, 19], [18, 3, 19, 4], [20, 12, 21, 11], [7, 23, 8, 22], [24, 10, 1, 9]]"
12n_0612_175,"[[24, 10, 1, 9], [2, 6, 3, 5], [4, 17, 5, 18], [6, 15, 7, 16], [13, 8, 14, 9], [10, 2, 11, 1], [12, 22, 13, 21], [23, 15, 24, 14], [16, 20, 17, 19], [18, 3, 19, 4], [20, 12, 21, 11], [7, 23, 8, 22]]"
12n_0612_176,"[[7, 23, 8, 22], [24, 10, 1, 9], [2, 6, 3, 5], [4, 17, 5, 18], [6, 15, 7, 16], [13, 8, 14, 9], [10, 2, 11, 1], [12, 22, 13, 21], [23, 15, 24, 14], [16, 20, 17, 19], [18, 3, 19, 4], [20, 12, 21, 11]]"
12n_0612_177,"[[20, 12, 21, 11], [7, 23, 8, 22], [24, 10, 1, 9], [2, 6, 3, 5], [4, 17, 5, 18], [6, 15, 7, 16], [13, 8, 14, 9], [10, 2, 11, 1], [12, 22, 13, 21], [23, 15, 24, 14], [16, 20, 17, 19], [18, 3, 19, 4]]"
12n_0612_178,"[[18, 3, 19, 4], [20, 12, 21, 11], [7, 23, 8, 22], [24, 10, 1, 9], [2, 6, 3, 5], [4, 17, 5, 18], [6, 15, 7, 16], [13, 8, 14, 9], [10, 2, 11, 1], [12, 22, 13, 21], [23, 15, 24, 14], [16, 20, 17, 19]]"
12n_0612_179,"[[16, 20, 17, 19], [18, 3, 19, 4], [20, 12, 21, 11], [7, 23, 8, 22], [24, 10, 1, 9], [2, 6, 3, 5], [4, 17, 5, 18], [6, 15, 7, 16], [13, 8, 14, 9], [10, 2, 11, 1], [12, 22, 13, 21], [23, 15, 24, 14]]"
12n_0612_180,"[[24, 16, 1, 15], [17, 21, 18, 20], [19, 4, 20, 5], [21, 13, 22, 12], [8, 24, 9, 23], [1, 11, 2, 10], [3, 7, 4, 6], [5, 18, 6, 19], [7, 16, 8, 17], [14, 9, 15, 10], [11, 3, 12, 2], [13, 23, 14, 22]]"
12n_0612_181,"[[13, 23, 14, 22], [24, 16, 1, 15], [17, 21, 18, 20], [19, 4, 20, 5], [21, 13, 22, 12], [8, 24, 9, 23], [1, 11, 2, 10], [3, 7, 4, 6], [5, 18, 6, 19], [7, 16, 8, 17], [14, 9, 15, 10], [11, 3, 12, 2]]"
12n_0612_182,"[[11, 3, 12, 2], [13, 23, 14, 22], [24, 16, 1, 15], [17, 21, 18, 20], [19, 4, 20, 5], [21, 13, 22, 12], [8, 24, 9, 23], [1, 11, 2, 10], [3, 7, 4, 6], [5, 18, 6, 19], [7, 16, 8, 17], [14, 9, 15, 10]]"
12n_0612_183,"[[14, 9, 15, 10], [11, 3, 12, 2], [13, 23, 14, 22], [24, 16, 1, 15], [17, 21, 18, 20], [19, 4, 20, 5], [21, 13, 22, 12], [8, 24, 9, 23], [1, 11, 2, 10], [3, 7, 4, 6], [5, 18, 6, 19], [7, 16, 8, 17]]"
12n_0612_184,"[[7, 16, 8, 17], [14, 9, 15, 10], [11, 3, 12, 2], [13, 23, 14, 22], [24, 16, 1, 15], [17, 21, 18, 20], [19, 4, 20, 5], [21, 13, 22, 12], [8, 24, 9, 23], [1, 11, 2, 10], [3, 7, 4, 6], [5, 18, 6, 19]]"
12n_0612_185,"[[5, 18, 6, 19], [7, 16, 8, 17], [14, 9, 15, 10], [11, 3, 12, 2], [13, 23, 14, 22], [24, 16, 1, 15], [17, 21, 18, 20], [19, 4, 20, 5], [21, 13, 22, 12], [8, 24, 9, 23], [1, 11, 2, 10], [3, 7, 4, 6]]"
