name,pd_notation
12n_0819_0,"[[24, 17, 1, 18], [2, 8, 3, 7], [4, 12, 5, 11], [6, 22, 7, 21], [15, 9, 16, 8], [10, 4, 11, 3], [12, 19, 13, 20], [14, 1, 15, 2], [9, 17, 10, 16], [18, 23, 19, 24], [20, 6, 21, 5], [22, 13, 23, 14]]"
12n_0819_1,"[[22, 13, 23, 14], [24, 17, 1, 18], [2, 8, 3, 7], [4, 12, 5, 11], [6, 22, 7, 21], [15, 9, 16, 8], [10, 4, 11, 3], [12, 19, 13, 20], [14, 1, 15, 2], [9, 17, 10, 16], [18, 23, 19, 24], [20, 6, 21, 5]]"
12n_0819_2,"[[20, 6, 21, 5], [22, 13, 23, 14], [24, 17, 1, 18], [2, 8, 3, 7], [4, 12, 5, 11], [6, 22, 7, 21], [15, 9, 16, 8], [10, 4, 11, 3], [12, 19, 13, 20], [14, 1, 15, 2], [9, 17, 10, 16], [18, 23, 19, 24]]"
12n_0819_3,"[[18, 23, 19, 24], [20, 6, 21, 5], [22, 13, 23, 14], [24, 17, 1, 18], [2, 8, 3, 7], [4, 12, 5, 11], [6, 22, 7, 21], [15, 9, 16, 8], [10, 4, 11, 3], [12, 19, 13, 20], [14, 1, 15, 2], [9, 17, 10, 16]]"
12n_0819_4,"[[9, 17, 10, 16], [18, 23, 19, 24], [20, 6, 21, 5], [22, 13, 23, 14], [24, 17, 1, 18], [2, 8, 3, 7], [4, 12, 5, 11], [6, 22, 7, 21], [15, 9, 16, 8], [10, 4, 11, 3], [12, 19, 13, 20], [14, 1, 15, 2]]"
12n_0819_5,"[[14, 1, 15, 2], [9, 17, 10, 16], [18, 23, 19, 24], [20, 6, 21, 5], [22, 13, 23, 14], [24, 17, 1, 18], [2, 8, 3, 7], [4, 12, 5, 11], [6, 22, 7, 21], [15, 9, 16, 8], [10, 4, 11, 3], [12, 19, 13, 20]]"
12n_0819_6,"[[12, 19, 13, 20], [14, 1, 15, 2], [9, 17, 10, 16], [18, 23, 19, 24], [20, 6, 21, 5], [22, 13, 23, 14], [24, 17, 1, 18], [2, 8, 3, 7], [4, 12, 5, 11], [6, 22, 7, 21], [15, 9, 16, 8], [10, 4, 11, 3]]"
12n_0819_7,"[[10, 4, 11, 3], [12, 19, 13, 20], [14, 1, 15, 2], [9, 17, 10, 16], [18, 23, 19, 24], [20, 6, 21, 5], [22, 13, 23, 14], [24, 17, 1, 18], [2, 8, 3, 7], [4, 12, 5, 11], [6, 22, 7, 21], [15, 9, 16, 8]]"
12n_0819_8,"[[15, 9, 16, 8], [10, 4, 11, 3], [12, 19, 13, 20], [14, 1, 15, 2], [9, 17, 10, 16], [18, 23, 19, 24], [20, 6, 21, 5], [22, 13, 23, 14], [24, 17, 1, 18], [2, 8, 3, 7], [4, 12, 5, 11], [6, 22, 7, 21]]"
12n_0819_9,"[[6, 22, 7, 21], [15, 9, 16, 8], [10, 4, 11, 3], [12, 19, 13, 20], [14, 1, 15, 2], [9, 17, 10, 16], [18, 23, 19, 24], [20, 6, 21, 5], [22, 13, 23, 14], [24, 17, 1, 18], [2, 8, 3, 7], [4, 12, 5, 11]]"
12n_0819_10,"[[4, 12, 5, 11], [6, 22, 7, 21], [15, 9, 16, 8], [10, 4, 11, 3], [12, 19, 13, 20], [14, 1, 15, 2], [9, 17, 10, 16], [18, 23, 19, 24], [20, 6, 21, 5], [22, 13, 23, 14], [24, 17, 1, 18], [2, 8, 3, 7]]"
12n_0819_11,"[[2, 8, 3, 7], [4, 12, 5, 11], [6, 22, 7, 21], [15, 9, 16, 8], [10, 4, 11, 3], [12, 19, 13, 20], [14, 1, 15, 2], [9, 17, 10, 16], [18, 23, 19, 24], [20, 6, 21, 5], [22, 13, 23, 14], [24, 17, 1, 18]]"
12n_0819_12,"[[1, 18, 2, 19], [3, 9, 4, 8], [5, 13, 6, 12], [7, 23, 8, 22], [16, 10, 17, 9], [11, 5, 12, 4], [13, 20, 14, 21], [15, 2, 16, 3], [10, 18, 11, 17], [19, 24, 20, 1], [21, 7, 22, 6], [23, 14, 24, 15]]"
12n_0819_13,"[[23, 14, 24, 15], [1, 18, 2, 19], [3, 9, 4, 8], [5, 13, 6, 12], [7, 23, 8, 22], [16, 10, 17, 9], [11, 5, 12, 4], [13, 20, 14, 21], [15, 2, 16, 3], [10, 18, 11, 17], [19, 24, 20, 1], [21, 7, 22, 6]]"
12n_0819_14,"[[21, 7, 22, 6], [23, 14, 24, 15], [1, 18, 2, 19], [3, 9, 4, 8], [5, 13, 6, 12], [7, 23, 8, 22], [16, 10, 17, 9], [11, 5, 12, 4], [13, 20, 14, 21], [15, 2, 16, 3], [10, 18, 11, 17], [19, 24, 20, 1]]"
12n_0819_15,"[[19, 24, 20, 1], [21, 7, 22, 6], [23, 14, 24, 15], [1, 18, 2, 19], [3, 9, 4, 8], [5, 13, 6, 12], [7, 23, 8, 22], [16, 10, 17, 9], [11, 5, 12, 4], [13, 20, 14, 21], [15, 2, 16, 3], [10, 18, 11, 17]]"
12n_0819_16,"[[10, 18, 11, 17], [19, 24, 20, 1], [21, 7, 22, 6], [23, 14, 24, 15], [1, 18, 2, 19], [3, 9, 4, 8], [5, 13, 6, 12], [7, 23, 8, 22], [16, 10, 17, 9], [11, 5, 12, 4], [13, 20, 14, 21], [15, 2, 16, 3]]"
12n_0819_17,"[[15, 2, 16, 3], [10, 18, 11, 17], [19, 24, 20, 1], [21, 7, 22, 6], [23, 14, 24, 15], [1, 18, 2, 19], [3, 9, 4, 8], [5, 13, 6, 12], [7, 23, 8, 22], [16, 10, 17, 9], [11, 5, 12, 4], [13, 20, 14, 21]]"
12n_0819_18,"[[13, 20, 14, 21], [15, 2, 16, 3], [10, 18, 11, 17], [19, 24, 20, 1], [21, 7, 22, 6], [23, 14, 24, 15], [1, 18, 2, 19], [3, 9, 4, 8], [5, 13, 6, 12], [7, 23, 8, 22], [16, 10, 17, 9], [11, 5, 12, 4]]"
12n_0819_19,"[[11, 5, 12, 4], [13, 20, 14, 21], [15, 2, 16, 3], [10, 18, 11, 17], [19, 24, 20, 1], [21, 7, 22, 6], [23, 14, 24, 15], [1, 18, 2, 19], [3, 9, 4, 8], [5, 13, 6, 12], [7, 23, 8, 22], [16, 10, 17, 9]]"
12n_0819_20,"[[16, 10, 17, 9], [11, 5, 12, 4], [13, 20, 14, 21], [15, 2, 16, 3], [10, 18, 11, 17], [19, 24, 20, 1], [21, 7, 22, 6], [23, 14, 24, 15], [1, 18, 2, 19], [3, 9, 4, 8], [5, 13, 6, 12], [7, 23, 8, 22]]"
12n_0819_21,"[[7, 23, 8, 22], [16, 10, 17, 9], [11, 5, 12, 4], [13, 20, 14, 21], [15, 2, 16, 3], [10, 18, 11, 17], [19, 24, 20, 1], [21, 7, 22, 6], [23, 14, 24, 15], [1, 18, 2, 19], [3, 9, 4, 8], [5, 13, 6, 12]]"
12n_0819_22,"[[5, 13, 6, 12], [7, 23, 8, 22], [16, 10, 17, 9], [11, 5, 12, 4], [13, 20, 14, 21], [15, 2, 16, 3], [10, 18, 11, 17], [19, 24, 20, 1], [21, 7, 22, 6], [23, 14, 24, 15], [1, 18, 2, 19], [3, 9, 4, 8]]"
12n_0819_23,"[[3, 9, 4, 8], [5, 13, 6, 12], [7, 23, 8, 22], [16, 10, 17, 9], [11, 5, 12, 4], [13, 20, 14, 21], [15, 2, 16, 3], [10, 18, 11, 17], [19, 24, 20, 1], [21, 7, 22, 6], [23, 14, 24, 15], [1, 18, 2, 19]]"
12n_0819_24,"[[2, 19, 3, 20], [4, 10, 5, 9], [6, 14, 7, 13], [8, 24, 9, 23], [17, 11, 18, 10], [12, 6, 13, 5], [14, 21, 15, 22], [16, 3, 17, 4], [11, 19, 12, 18], [20, 1, 21, 2], [22, 8, 23, 7], [24, 15, 1, 16]]"
12n_0819_25,"[[24, 15, 1, 16], [2, 19, 3, 20], [4, 10, 5, 9], [6, 14, 7, 13], [8, 24, 9, 23], [17, 11, 18, 10], [12, 6, 13, 5], [14, 21, 15, 22], [16, 3, 17, 4], [11, 19, 12, 18], [20, 1, 21, 2], [22, 8, 23, 7]]"
12n_0819_26,"[[22, 8, 23, 7], [24, 15, 1, 16], [2, 19, 3, 20], [4, 10, 5, 9], [6, 14, 7, 13], [8, 24, 9, 23], [17, 11, 18, 10], [12, 6, 13, 5], [14, 21, 15, 22], [16, 3, 17, 4], [11, 19, 12, 18], [20, 1, 21, 2]]"
12n_0819_27,"[[20, 1, 21, 2], [22, 8, 23, 7], [24, 15, 1, 16], [2, 19, 3, 20], [4, 10, 5, 9], [6, 14, 7, 13], [8, 24, 9, 23], [17, 11, 18, 10], [12, 6, 13, 5], [14, 21, 15, 22], [16, 3, 17, 4], [11, 19, 12, 18]]"
12n_0819_28,"[[11, 19, 12, 18], [20, 1, 21, 2], [22, 8, 23, 7], [24, 15, 1, 16], [2, 19, 3, 20], [4, 10, 5, 9], [6, 14, 7, 13], [8, 24, 9, 23], [17, 11, 18, 10], [12, 6, 13, 5], [14, 21, 15, 22], [16, 3, 17, 4]]"
12n_0819_29,"[[16, 3, 17, 4], [11, 19, 12, 18], [20, 1, 21, 2], [22, 8, 23, 7], [24, 15, 1, 16], [2, 19, 3, 20], [4, 10, 5, 9], [6, 14, 7, 13], [8, 24, 9, 23], [17, 11, 18, 10], [12, 6, 13, 5], [14, 21, 15, 22]]"
12n_0819_30,"[[14, 21, 15, 22], [16, 3, 17, 4], [11, 19, 12, 18], [20, 1, 21, 2], [22, 8, 23, 7], [24, 15, 1, 16], [2, 19, 3, 20], [4, 10, 5, 9], [6, 14, 7, 13], [8, 24, 9, 23], [17, 11, 18, 10], [12, 6, 13, 5]]"
12n_0819_31,"[[12, 6, 13, 5], [14, 21, 15, 22], [16, 3, 17, 4], [11, 19, 12, 18], [20, 1, 21, 2], [22, 8, 23, 7], [24, 15, 1, 16], [2, 19, 3, 20], [4, 10, 5, 9], [6, 14, 7, 13], [8, 24, 9, 23], [17, 11, 18, 10]]"
12n_0819_32,"[[17, 11, 18, 10], [12, 6, 13, 5], [14, 21, 15, 22], [16, 3, 17, 4], [11, 19, 12, 18], [20, 1, 21, 2], [22, 8, 23, 7], [24, 15, 1, 16], [2, 19, 3, 20], [4, 10, 5, 9], [6, 14, 7, 13], [8, 24, 9, 23]]"
12n_0819_33,"[[8, 24, 9, 23], [17, 11, 18, 10], [12, 6, 13, 5], [14, 21, 15, 22], [16, 3, 17, 4], [11, 19, 12, 18], [20, 1, 21, 2], [22, 8, 23, 7], [24, 15, 1, 16], [2, 19, 3, 20], [4, 10, 5, 9], [6, 14, 7, 13]]"
12n_0819_34,"[[6, 14, 7, 13], [8, 24, 9, 23], [17, 11, 18, 10], [12, 6, 13, 5], [14, 21, 15, 22], [16, 3, 17, 4], [11, 19, 12, 18], [20, 1, 21, 2], [22, 8, 23, 7], [24, 15, 1, 16], [2, 19, 3, 20], [4, 10, 5, 9]]"
12n_0819_35,"[[4, 10, 5, 9], [6, 14, 7, 13], [8, 24, 9, 23], [17, 11, 18, 10], [12, 6, 13, 5], [14, 21, 15, 22], [16, 3, 17, 4], [11, 19, 12, 18], [20, 1, 21, 2], [22, 8, 23, 7], [24, 15, 1, 16], [2, 19, 3, 20]]"
12n_0819_36,"[[3, 20, 4, 21], [5, 11, 6, 10], [7, 15, 8, 14], [9, 1, 10, 24], [18, 12, 19, 11], [13, 7, 14, 6], [15, 22, 16, 23], [17, 4, 18, 5], [12, 20, 13, 19], [21, 2, 22, 3], [23, 9, 24, 8], [1, 16, 2, 17]]"
12n_0819_37,"[[1, 16, 2, 17], [3, 20, 4, 21], [5, 11, 6, 10], [7, 15, 8, 14], [9, 1, 10, 24], [18, 12, 19, 11], [13, 7, 14, 6], [15, 22, 16, 23], [17, 4, 18, 5], [12, 20, 13, 19], [21, 2, 22, 3], [23, 9, 24, 8]]"
12n_0819_38,"[[23, 9, 24, 8], [1, 16, 2, 17], [3, 20, 4, 21], [5, 11, 6, 10], [7, 15, 8, 14], [9, 1, 10, 24], [18, 12, 19, 11], [13, 7, 14, 6], [15, 22, 16, 23], [17, 4, 18, 5], [12, 20, 13, 19], [21, 2, 22, 3]]"
12n_0819_39,"[[21, 2, 22, 3], [23, 9, 24, 8], [1, 16, 2, 17], [3, 20, 4, 21], [5, 11, 6, 10], [7, 15, 8, 14], [9, 1, 10, 24], [18, 12, 19, 11], [13, 7, 14, 6], [15, 22, 16, 23], [17, 4, 18, 5], [12, 20, 13, 19]]"
12n_0819_40,"[[12, 20, 13, 19], [21, 2, 22, 3], [23, 9, 24, 8], [1, 16, 2, 17], [3, 20, 4, 21], [5, 11, 6, 10], [7, 15, 8, 14], [9, 1, 10, 24], [18, 12, 19, 11], [13, 7, 14, 6], [15, 22, 16, 23], [17, 4, 18, 5]]"
12n_0819_41,"[[17, 4, 18, 5], [12, 20, 13, 19], [21, 2, 22, 3], [23, 9, 24, 8], [1, 16, 2, 17], [3, 20, 4, 21], [5, 11, 6, 10], [7, 15, 8, 14], [9, 1, 10, 24], [18, 12, 19, 11], [13, 7, 14, 6], [15, 22, 16, 23]]"
12n_0819_42,"[[15, 22, 16, 23], [17, 4, 18, 5], [12, 20, 13, 19], [21, 2, 22, 3], [23, 9, 24, 8], [1, 16, 2, 17], [3, 20, 4, 21], [5, 11, 6, 10], [7, 15, 8, 14], [9, 1, 10, 24], [18, 12, 19, 11], [13, 7, 14, 6]]"
12n_0819_43,"[[13, 7, 14, 6], [15, 22, 16, 23], [17, 4, 18, 5], [12, 20, 13, 19], [21, 2, 22, 3], [23, 9, 24, 8], [1, 16, 2, 17], [3, 20, 4, 21], [5, 11, 6, 10], [7, 15, 8, 14], [9, 1, 10, 24], [18, 12, 19, 11]]"
12n_0819_44,"[[18, 12, 19, 11], [13, 7, 14, 6], [15, 22, 16, 23], [17, 4, 18, 5], [12, 20, 13, 19], [21, 2, 22, 3], [23, 9, 24, 8], [1, 16, 2, 17], [3, 20, 4, 21], [5, 11, 6, 10], [7, 15, 8, 14], [9, 1, 10, 24]]"
12n_0819_45,"[[9, 1, 10, 24], [18, 12, 19, 11], [13, 7, 14, 6], [15, 22, 16, 23], [17, 4, 18, 5], [12, 20, 13, 19], [21, 2, 22, 3], [23, 9, 24, 8], [1, 16, 2, 17], [3, 20, 4, 21], [5, 11, 6, 10], [7, 15, 8, 14]]"
12n_0819_46,"[[7, 15, 8, 14], [9, 1, 10, 24], [18, 12, 19, 11], [13, 7, 14, 6], [15, 22, 16, 23], [17, 4, 18, 5], [12, 20, 13, 19], [21, 2, 22, 3], [23, 9, 24, 8], [1, 16, 2, 17], [3, 20, 4, 21], [5, 11, 6, 10]]"
12n_0819_47,"[[5, 11, 6, 10], [7, 15, 8, 14], [9, 1, 10, 24], [18, 12, 19, 11], [13, 7, 14, 6], [15, 22, 16, 23], [17, 4, 18, 5], [12, 20, 13, 19], [21, 2, 22, 3], [23, 9, 24, 8], [1, 16, 2, 17], [3, 20, 4, 21]]"
12n_0819_48,"[[4, 21, 5, 22], [6, 12, 7, 11], [8, 16, 9, 15], [10, 2, 11, 1], [19, 13, 20, 12], [14, 8, 15, 7], [16, 23, 17, 24], [18, 5, 19, 6], [13, 21, 14, 20], [22, 3, 23, 4], [24, 10, 1, 9], [2, 17, 3, 18]]"
12n_0819_49,"[[2, 17, 3, 18], [4, 21, 5, 22], [6, 12, 7, 11], [8, 16, 9, 15], [10, 2, 11, 1], [19, 13, 20, 12], [14, 8, 15, 7], [16, 23, 17, 24], [18, 5, 19, 6], [13, 21, 14, 20], [22, 3, 23, 4], [24, 10, 1, 9]]"
12n_0819_50,"[[24, 10, 1, 9], [2, 17, 3, 18], [4, 21, 5, 22], [6, 12, 7, 11], [8, 16, 9, 15], [10, 2, 11, 1], [19, 13, 20, 12], [14, 8, 15, 7], [16, 23, 17, 24], [18, 5, 19, 6], [13, 21, 14, 20], [22, 3, 23, 4]]"
12n_0819_51,"[[22, 3, 23, 4], [24, 10, 1, 9], [2, 17, 3, 18], [4, 21, 5, 22], [6, 12, 7, 11], [8, 16, 9, 15], [10, 2, 11, 1], [19, 13, 20, 12], [14, 8, 15, 7], [16, 23, 17, 24], [18, 5, 19, 6], [13, 21, 14, 20]]"
12n_0819_52,"[[13, 21, 14, 20], [22, 3, 23, 4], [24, 10, 1, 9], [2, 17, 3, 18], [4, 21, 5, 22], [6, 12, 7, 11], [8, 16, 9, 15], [10, 2, 11, 1], [19, 13, 20, 12], [14, 8, 15, 7], [16, 23, 17, 24], [18, 5, 19, 6]]"
12n_0819_53,"[[18, 5, 19, 6], [13, 21, 14, 20], [22, 3, 23, 4], [24, 10, 1, 9], [2, 17, 3, 18], [4, 21, 5, 22], [6, 12, 7, 11], [8, 16, 9, 15], [10, 2, 11, 1], [19, 13, 20, 12], [14, 8, 15, 7], [16, 23, 17, 24]]"
12n_0819_54,"[[16, 23, 17, 24], [18, 5, 19, 6], [13, 21, 14, 20], [22, 3, 23, 4], [24, 10, 1, 9], [2, 17, 3, 18], [4, 21, 5, 22], [6, 12, 7, 11], [8, 16, 9, 15], [10, 2, 11, 1], [19, 13, 20, 12], [14, 8, 15, 7]]"
12n_0819_55,"[[14, 8, 15, 7], [16, 23, 17, 24], [18, 5, 19, 6], [13, 21, 14, 20], [22, 3, 23, 4], [24, 10, 1, 9], [2, 17, 3, 18], [4, 21, 5, 22], [6, 12, 7, 11], [8, 16, 9, 15], [10, 2, 11, 1], [19, 13, 20, 12]]"
12n_0819_56,"[[19, 13, 20, 12], [14, 8, 15, 7], [16, 23, 17, 24], [18, 5, 19, 6], [13, 21, 14, 20], [22, 3, 23, 4], [24, 10, 1, 9], [2, 17, 3, 18], [4, 21, 5, 22], [6, 12, 7, 11], [8, 16, 9, 15], [10, 2, 11, 1]]"
12n_0819_57,"[[10, 2, 11, 1], [19, 13, 20, 12], [14, 8, 15, 7], [16, 23, 17, 24], [18, 5, 19, 6], [13, 21, 14, 20], [22, 3, 23, 4], [24, 10, 1, 9], [2, 17, 3, 18], [4, 21, 5, 22], [6, 12, 7, 11], [8, 16, 9, 15]]"
12n_0819_58,"[[8, 16, 9, 15], [10, 2, 11, 1], [19, 13, 20, 12], [14, 8, 15, 7], [16, 23, 17, 24], [18, 5, 19, 6], [13, 21, 14, 20], [22, 3, 23, 4], [24, 10, 1, 9], [2, 17, 3, 18], [4, 21, 5, 22], [6, 12, 7, 11]]"
12n_0819_59,"[[6, 12, 7, 11], [8, 16, 9, 15], [10, 2, 11, 1], [19, 13, 20, 12], [14, 8, 15, 7], [16, 23, 17, 24], [18, 5, 19, 6], [13, 21, 14, 20], [22, 3, 23, 4], [24, 10, 1, 9], [2, 17, 3, 18], [4, 21, 5, 22]]"
12n_0819_60,"[[5, 22, 6, 23], [7, 13, 8, 12], [9, 17, 10, 16], [11, 3, 12, 2], [20, 14, 21, 13], [15, 9, 16, 8], [17, 24, 18, 1], [19, 6, 20, 7], [14, 22, 15, 21], [23, 4, 24, 5], [1, 11, 2, 10], [3, 18, 4, 19]]"
12n_0819_61,"[[3, 18, 4, 19], [5, 22, 6, 23], [7, 13, 8, 12], [9, 17, 10, 16], [11, 3, 12, 2], [20, 14, 21, 13], [15, 9, 16, 8], [17, 24, 18, 1], [19, 6, 20, 7], [14, 22, 15, 21], [23, 4, 24, 5], [1, 11, 2, 10]]"
12n_0819_62,"[[1, 11, 2, 10], [3, 18, 4, 19], [5, 22, 6, 23], [7, 13, 8, 12], [9, 17, 10, 16], [11, 3, 12, 2], [20, 14, 21, 13], [15, 9, 16, 8], [17, 24, 18, 1], [19, 6, 20, 7], [14, 22, 15, 21], [23, 4, 24, 5]]"
12n_0819_63,"[[23, 4, 24, 5], [1, 11, 2, 10], [3, 18, 4, 19], [5, 22, 6, 23], [7, 13, 8, 12], [9, 17, 10, 16], [11, 3, 12, 2], [20, 14, 21, 13], [15, 9, 16, 8], [17, 24, 18, 1], [19, 6, 20, 7], [14, 22, 15, 21]]"
12n_0819_64,"[[14, 22, 15, 21], [23, 4, 24, 5], [1, 11, 2, 10], [3, 18, 4, 19], [5, 22, 6, 23], [7, 13, 8, 12], [9, 17, 10, 16], [11, 3, 12, 2], [20, 14, 21, 13], [15, 9, 16, 8], [17, 24, 18, 1], [19, 6, 20, 7]]"
12n_0819_65,"[[19, 6, 20, 7], [14, 22, 15, 21], [23, 4, 24, 5], [1, 11, 2, 10], [3, 18, 4, 19], [5, 22, 6, 23], [7, 13, 8, 12], [9, 17, 10, 16], [11, 3, 12, 2], [20, 14, 21, 13], [15, 9, 16, 8], [17, 24, 18, 1]]"
12n_0819_66,"[[17, 24, 18, 1], [19, 6, 20, 7], [14, 22, 15, 21], [23, 4, 24, 5], [1, 11, 2, 10], [3, 18, 4, 19], [5, 22, 6, 23], [7, 13, 8, 12], [9, 17, 10, 16], [11, 3, 12, 2], [20, 14, 21, 13], [15, 9, 16, 8]]"
12n_0819_67,"[[15, 9, 16, 8], [17, 24, 18, 1], [19, 6, 20, 7], [14, 22, 15, 21], [23, 4, 24, 5], [1, 11, 2, 10], [3, 18, 4, 19], [5, 22, 6, 23], [7, 13, 8, 12], [9, 17, 10, 16], [11, 3, 12, 2], [20, 14, 21, 13]]"
12n_0819_68,"[[20, 14, 21, 13], [15, 9, 16, 8], [17, 24, 18, 1], [19, 6, 20, 7], [14, 22, 15, 21], [23, 4, 24, 5], [1, 11, 2, 10], [3, 18, 4, 19], [5, 22, 6, 23], [7, 13, 8, 12], [9, 17, 10, 16], [11, 3, 12, 2]]"
12n_0819_69,"[[11, 3, 12, 2], [20, 14, 21, 13], [15, 9, 16, 8], [17, 24, 18, 1], [19, 6, 20, 7], [14, 22, 15, 21], [23, 4, 24, 5], [1, 11, 2, 10], [3, 18, 4, 19], [5, 22, 6, 23], [7, 13, 8, 12], [9, 17, 10, 16]]"
12n_0819_70,"[[9, 17, 10, 16], [11, 3, 12, 2], [20, 14, 21, 13], [15, 9, 16, 8], [17, 24, 18, 1], [19, 6, 20, 7], [14, 22, 15, 21], [23, 4, 24, 5], [1, 11, 2, 10], [3, 18, 4, 19], [5, 22, 6, 23], [7, 13, 8, 12]]"
12n_0819_71,"[[7, 13, 8, 12], [9, 17, 10, 16], [11, 3, 12, 2], [20, 14, 21, 13], [15, 9, 16, 8], [17, 24, 18, 1], [19, 6, 20, 7], [14, 22, 15, 21], [23, 4, 24, 5], [1, 11, 2, 10], [3, 18, 4, 19], [5, 22, 6, 23]]"
12n_0819_72,"[[6, 23, 7, 24], [8, 14, 9, 13], [10, 18, 11, 17], [12, 4, 13, 3], [21, 15, 22, 14], [16, 10, 17, 9], [18, 1, 19, 2], [20, 7, 21, 8], [15, 23, 16, 22], [24, 5, 1, 6], [2, 12, 3, 11], [4, 19, 5, 20]]"
12n_0819_73,"[[4, 19, 5, 20], [6, 23, 7, 24], [8, 14, 9, 13], [10, 18, 11, 17], [12, 4, 13, 3], [21, 15, 22, 14], [16, 10, 17, 9], [18, 1, 19, 2], [20, 7, 21, 8], [15, 23, 16, 22], [24, 5, 1, 6], [2, 12, 3, 11]]"
12n_0819_74,"[[2, 12, 3, 11], [4, 19, 5, 20], [6, 23, 7, 24], [8, 14, 9, 13], [10, 18, 11, 17], [12, 4, 13, 3], [21, 15, 22, 14], [16, 10, 17, 9], [18, 1, 19, 2], [20, 7, 21, 8], [15, 23, 16, 22], [24, 5, 1, 6]]"
12n_0819_75,"[[24, 5, 1, 6], [2, 12, 3, 11], [4, 19, 5, 20], [6, 23, 7, 24], [8, 14, 9, 13], [10, 18, 11, 17], [12, 4, 13, 3], [21, 15, 22, 14], [16, 10, 17, 9], [18, 1, 19, 2], [20, 7, 21, 8], [15, 23, 16, 22]]"
12n_0819_76,"[[15, 23, 16, 22], [24, 5, 1, 6], [2, 12, 3, 11], [4, 19, 5, 20], [6, 23, 7, 24], [8, 14, 9, 13], [10, 18, 11, 17], [12, 4, 13, 3], [21, 15, 22, 14], [16, 10, 17, 9], [18, 1, 19, 2], [20, 7, 21, 8]]"
12n_0819_77,"[[20, 7, 21, 8], [15, 23, 16, 22], [24, 5, 1, 6], [2, 12, 3, 11], [4, 19, 5, 20], [6, 23, 7, 24], [8, 14, 9, 13], [10, 18, 11, 17], [12, 4, 13, 3], [21, 15, 22, 14], [16, 10, 17, 9], [18, 1, 19, 2]]"
12n_0819_78,"[[18, 1, 19, 2], [20, 7, 21, 8], [15, 23, 16, 22], [24, 5, 1, 6], [2, 12, 3, 11], [4, 19, 5, 20], [6, 23, 7, 24], [8, 14, 9, 13], [10, 18, 11, 17], [12, 4, 13, 3], [21, 15, 22, 14], [16, 10, 17, 9]]"
12n_0819_79,"[[16, 10, 17, 9], [18, 1, 19, 2], [20, 7, 21, 8], [15, 23, 16, 22], [24, 5, 1, 6], [2, 12, 3, 11], [4, 19, 5, 20], [6, 23, 7, 24], [8, 14, 9, 13], [10, 18, 11, 17], [12, 4, 13, 3], [21, 15, 22, 14]]"
12n_0819_80,"[[21, 15, 22, 14], [16, 10, 17, 9], [18, 1, 19, 2], [20, 7, 21, 8], [15, 23, 16, 22], [24, 5, 1, 6], [2, 12, 3, 11], [4, 19, 5, 20], [6, 23, 7, 24], [8, 14, 9, 13], [10, 18, 11, 17], [12, 4, 13, 3]]"
12n_0819_81,"[[12, 4, 13, 3], [21, 15, 22, 14], [16, 10, 17, 9], [18, 1, 19, 2], [20, 7, 21, 8], [15, 23, 16, 22], [24, 5, 1, 6], [2, 12, 3, 11], [4, 19, 5, 20], [6, 23, 7, 24], [8, 14, 9, 13], [10, 18, 11, 17]]"
12n_0819_82,"[[10, 18, 11, 17], [12, 4, 13, 3], [21, 15, 22, 14], [16, 10, 17, 9], [18, 1, 19, 2], [20, 7, 21, 8], [15, 23, 16, 22], [24, 5, 1, 6], [2, 12, 3, 11], [4, 19, 5, 20], [6, 23, 7, 24], [8, 14, 9, 13]]"
12n_0819_83,"[[8, 14, 9, 13], [10, 18, 11, 17], [12, 4, 13, 3], [21, 15, 22, 14], [16, 10, 17, 9], [18, 1, 19, 2], [20, 7, 21, 8], [15, 23, 16, 22], [24, 5, 1, 6], [2, 12, 3, 11], [4, 19, 5, 20], [6, 23, 7, 24]]"
12n_0819_84,"[[7, 24, 8, 1], [9, 15, 10, 14], [11, 19, 12, 18], [13, 5, 14, 4], [22, 16, 23, 15], [17, 11, 18, 10], [19, 2, 20, 3], [21, 8, 22, 9], [16, 24, 17, 23], [1, 6, 2, 7], [3, 13, 4, 12], [5, 20, 6, 21]]"
12n_0819_85,"[[5, 20, 6, 21], [7, 24, 8, 1], [9, 15, 10, 14], [11, 19, 12, 18], [13, 5, 14, 4], [22, 16, 23, 15], [17, 11, 18, 10], [19, 2, 20, 3], [21, 8, 22, 9], [16, 24, 17, 23], [1, 6, 2, 7], [3, 13, 4, 12]]"
12n_0819_86,"[[3, 13, 4, 12], [5, 20, 6, 21], [7, 24, 8, 1], [9, 15, 10, 14], [11, 19, 12, 18], [13, 5, 14, 4], [22, 16, 23, 15], [17, 11, 18, 10], [19, 2, 20, 3], [21, 8, 22, 9], [16, 24, 17, 23], [1, 6, 2, 7]]"
12n_0819_87,"[[1, 6, 2, 7], [3, 13, 4, 12], [5, 20, 6, 21], [7, 24, 8, 1], [9, 15, 10, 14], [11, 19, 12, 18], [13, 5, 14, 4], [22, 16, 23, 15], [17, 11, 18, 10], [19, 2, 20, 3], [21, 8, 22, 9], [16, 24, 17, 23]]"
12n_0819_88,"[[16, 24, 17, 23], [1, 6, 2, 7], [3, 13, 4, 12], [5, 20, 6, 21], [7, 24, 8, 1], [9, 15, 10, 14], [11, 19, 12, 18], [13, 5, 14, 4], [22, 16, 23, 15], [17, 11, 18, 10], [19, 2, 20, 3], [21, 8, 22, 9]]"
12n_0819_89,"[[21, 8, 22, 9], [16, 24, 17, 23], [1, 6, 2, 7], [3, 13, 4, 12], [5, 20, 6, 21], [7, 24, 8, 1], [9, 15, 10, 14], [11, 19, 12, 18], [13, 5, 14, 4], [22, 16, 23, 15], [17, 11, 18, 10], [19, 2, 20, 3]]"
12n_0819_90,"[[19, 2, 20, 3], [21, 8, 22, 9], [16, 24, 17, 23], [1, 6, 2, 7], [3, 13, 4, 12], [5, 20, 6, 21], [7, 24, 8, 1], [9, 15, 10, 14], [11, 19, 12, 18], [13, 5, 14, 4], [22, 16, 23, 15], [17, 11, 18, 10]]"
12n_0819_91,"[[17, 11, 18, 10], [19, 2, 20, 3], [21, 8, 22, 9], [16, 24, 17, 23], [1, 6, 2, 7], [3, 13, 4, 12], [5, 20, 6, 21], [7, 24, 8, 1], [9, 15, 10, 14], [11, 19, 12, 18], [13, 5, 14, 4], [22, 16, 23, 15]]"
12n_0819_92,"[[22, 16, 23, 15], [17, 11, 18, 10], [19, 2, 20, 3], [21, 8, 22, 9], [16, 24, 17, 23], [1, 6, 2, 7], [3, 13, 4, 12], [5, 20, 6, 21], [7, 24, 8, 1], [9, 15, 10, 14], [11, 19, 12, 18], [13, 5, 14, 4]]"
12n_0819_93,"[[13, 5, 14, 4], [22, 16, 23, 15], [17, 11, 18, 10], [19, 2, 20, 3], [21, 8, 22, 9], [16, 24, 17, 23], [1, 6, 2, 7], [3, 13, 4, 12], [5, 20, 6, 21], [7, 24, 8, 1], [9, 15, 10, 14], [11, 19, 12, 18]]"
12n_0819_94,"[[11, 19, 12, 18], [13, 5, 14, 4], [22, 16, 23, 15], [17, 11, 18, 10], [19, 2, 20, 3], [21, 8, 22, 9], [16, 24, 17, 23], [1, 6, 2, 7], [3, 13, 4, 12], [5, 20, 6, 21], [7, 24, 8, 1], [9, 15, 10, 14]]"
12n_0819_95,"[[9, 15, 10, 14], [11, 19, 12, 18], [13, 5, 14, 4], [22, 16, 23, 15], [17, 11, 18, 10], [19, 2, 20, 3], [21, 8, 22, 9], [16, 24, 17, 23], [1, 6, 2, 7], [3, 13, 4, 12], [5, 20, 6, 21], [7, 24, 8, 1]]"
12n_0819_96,"[[8, 1, 9, 2], [10, 16, 11, 15], [12, 20, 13, 19], [14, 6, 15, 5], [23, 17, 24, 16], [18, 12, 19, 11], [20, 3, 21, 4], [22, 9, 23, 10], [17, 1, 18, 24], [2, 7, 3, 8], [4, 14, 5, 13], [6, 21, 7, 22]]"
12n_0819_97,"[[6, 21, 7, 22], [8, 1, 9, 2], [10, 16, 11, 15], [12, 20, 13, 19], [14, 6, 15, 5], [23, 17, 24, 16], [18, 12, 19, 11], [20, 3, 21, 4], [22, 9, 23, 10], [17, 1, 18, 24], [2, 7, 3, 8], [4, 14, 5, 13]]"
12n_0819_98,"[[4, 14, 5, 13], [6, 21, 7, 22], [8, 1, 9, 2], [10, 16, 11, 15], [12, 20, 13, 19], [14, 6, 15, 5], [23, 17, 24, 16], [18, 12, 19, 11], [20, 3, 21, 4], [22, 9, 23, 10], [17, 1, 18, 24], [2, 7, 3, 8]]"
12n_0819_99,"[[2, 7, 3, 8], [4, 14, 5, 13], [6, 21, 7, 22], [8, 1, 9, 2], [10, 16, 11, 15], [12, 20, 13, 19], [14, 6, 15, 5], [23, 17, 24, 16], [18, 12, 19, 11], [20, 3, 21, 4], [22, 9, 23, 10], [17, 1, 18, 24]]"
12n_0819_100,"[[17, 1, 18, 24], [2, 7, 3, 8], [4, 14, 5, 13], [6, 21, 7, 22], [8, 1, 9, 2], [10, 16, 11, 15], [12, 20, 13, 19], [14, 6, 15, 5], [23, 17, 24, 16], [18, 12, 19, 11], [20, 3, 21, 4], [22, 9, 23, 10]]"
12n_0819_101,"[[22, 9, 23, 10], [17, 1, 18, 24], [2, 7, 3, 8], [4, 14, 5, 13], [6, 21, 7, 22], [8, 1, 9, 2], [10, 16, 11, 15], [12, 20, 13, 19], [14, 6, 15, 5], [23, 17, 24, 16], [18, 12, 19, 11], [20, 3, 21, 4]]"
12n_0819_102,"[[20, 3, 21, 4], [22, 9, 23, 10], [17, 1, 18, 24], [2, 7, 3, 8], [4, 14, 5, 13], [6, 21, 7, 22], [8, 1, 9, 2], [10, 16, 11, 15], [12, 20, 13, 19], [14, 6, 15, 5], [23, 17, 24, 16], [18, 12, 19, 11]]"
12n_0819_103,"[[18, 12, 19, 11], [20, 3, 21, 4], [22, 9, 23, 10], [17, 1, 18, 24], [2, 7, 3, 8], [4, 14, 5, 13], [6, 21, 7, 22], [8, 1, 9, 2], [10, 16, 11, 15], [12, 20, 13, 19], [14, 6, 15, 5], [23, 17, 24, 16]]"
12n_0819_104,"[[23, 17, 24, 16], [18, 12, 19, 11], [20, 3, 21, 4], [22, 9, 23, 10], [17, 1, 18, 24], [2, 7, 3, 8], [4, 14, 5, 13], [6, 21, 7, 22], [8, 1, 9, 2], [10, 16, 11, 15], [12, 20, 13, 19], [14, 6, 15, 5]]"
12n_0819_105,"[[14, 6, 15, 5], [23, 17, 24, 16], [18, 12, 19, 11], [20, 3, 21, 4], [22, 9, 23, 10], [17, 1, 18, 24], [2, 7, 3, 8], [4, 14, 5, 13], [6, 21, 7, 22], [8, 1, 9, 2], [10, 16, 11, 15], [12, 20, 13, 19]]"
12n_0819_106,"[[12, 20, 13, 19], [14, 6, 15, 5], [23, 17, 24, 16], [18, 12, 19, 11], [20, 3, 21, 4], [22, 9, 23, 10], [17, 1, 18, 24], [2, 7, 3, 8], [4, 14, 5, 13], [6, 21, 7, 22], [8, 1, 9, 2], [10, 16, 11, 15]]"
12n_0819_107,"[[10, 16, 11, 15], [12, 20, 13, 19], [14, 6, 15, 5], [23, 17, 24, 16], [18, 12, 19, 11], [20, 3, 21, 4], [22, 9, 23, 10], [17, 1, 18, 24], [2, 7, 3, 8], [4, 14, 5, 13], [6, 21, 7, 22], [8, 1, 9, 2]]"
12n_0819_108,"[[9, 2, 10, 3], [11, 17, 12, 16], [13, 21, 14, 20], [15, 7, 16, 6], [24, 18, 1, 17], [19, 13, 20, 12], [21, 4, 22, 5], [23, 10, 24, 11], [18, 2, 19, 1], [3, 8, 4, 9], [5, 15, 6, 14], [7, 22, 8, 23]]"
12n_0819_109,"[[7, 22, 8, 23], [9, 2, 10, 3], [11, 17, 12, 16], [13, 21, 14, 20], [15, 7, 16, 6], [24, 18, 1, 17], [19, 13, 20, 12], [21, 4, 22, 5], [23, 10, 24, 11], [18, 2, 19, 1], [3, 8, 4, 9], [5, 15, 6, 14]]"
12n_0819_110,"[[5, 15, 6, 14], [7, 22, 8, 23], [9, 2, 10, 3], [11, 17, 12, 16], [13, 21, 14, 20], [15, 7, 16, 6], [24, 18, 1, 17], [19, 13, 20, 12], [21, 4, 22, 5], [23, 10, 24, 11], [18, 2, 19, 1], [3, 8, 4, 9]]"
12n_0819_111,"[[3, 8, 4, 9], [5, 15, 6, 14], [7, 22, 8, 23], [9, 2, 10, 3], [11, 17, 12, 16], [13, 21, 14, 20], [15, 7, 16, 6], [24, 18, 1, 17], [19, 13, 20, 12], [21, 4, 22, 5], [23, 10, 24, 11], [18, 2, 19, 1]]"
12n_0819_112,"[[18, 2, 19, 1], [3, 8, 4, 9], [5, 15, 6, 14], [7, 22, 8, 23], [9, 2, 10, 3], [11, 17, 12, 16], [13, 21, 14, 20], [15, 7, 16, 6], [24, 18, 1, 17], [19, 13, 20, 12], [21, 4, 22, 5], [23, 10, 24, 11]]"
12n_0819_113,"[[23, 10, 24, 11], [18, 2, 19, 1], [3, 8, 4, 9], [5, 15, 6, 14], [7, 22, 8, 23], [9, 2, 10, 3], [11, 17, 12, 16], [13, 21, 14, 20], [15, 7, 16, 6], [24, 18, 1, 17], [19, 13, 20, 12], [21, 4, 22, 5]]"
12n_0819_114,"[[21, 4, 22, 5], [23, 10, 24, 11], [18, 2, 19, 1], [3, 8, 4, 9], [5, 15, 6, 14], [7, 22, 8, 23], [9, 2, 10, 3], [11, 17, 12, 16], [13, 21, 14, 20], [15, 7, 16, 6], [24, 18, 1, 17], [19, 13, 20, 12]]"
12n_0819_115,"[[19, 13, 20, 12], [21, 4, 22, 5], [23, 10, 24, 11], [18, 2, 19, 1], [3, 8, 4, 9], [5, 15, 6, 14], [7, 22, 8, 23], [9, 2, 10, 3], [11, 17, 12, 16], [13, 21, 14, 20], [15, 7, 16, 6], [24, 18, 1, 17]]"
12n_0819_116,"[[24, 18, 1, 17], [19, 13, 20, 12], [21, 4, 22, 5], [23, 10, 24, 11], [18, 2, 19, 1], [3, 8, 4, 9], [5, 15, 6, 14], [7, 22, 8, 23], [9, 2, 10, 3], [11, 17, 12, 16], [13, 21, 14, 20], [15, 7, 16, 6]]"
12n_0819_117,"[[15, 7, 16, 6], [24, 18, 1, 17], [19, 13, 20, 12], [21, 4, 22, 5], [23, 10, 24, 11], [18, 2, 19, 1], [3, 8, 4, 9], [5, 15, 6, 14], [7, 22, 8, 23], [9, 2, 10, 3], [11, 17, 12, 16], [13, 21, 14, 20]]"
12n_0819_118,"[[13, 21, 14, 20], [15, 7, 16, 6], [24, 18, 1, 17], [19, 13, 20, 12], [21, 4, 22, 5], [23, 10, 24, 11], [18, 2, 19, 1], [3, 8, 4, 9], [5, 15, 6, 14], [7, 22, 8, 23], [9, 2, 10, 3], [11, 17, 12, 16]]"
12n_0819_119,"[[11, 17, 12, 16], [13, 21, 14, 20], [15, 7, 16, 6], [24, 18, 1, 17], [19, 13, 20, 12], [21, 4, 22, 5], [23, 10, 24, 11], [18, 2, 19, 1], [3, 8, 4, 9], [5, 15, 6, 14], [7, 22, 8, 23], [9, 2, 10, 3]]"
12n_0819_120,"[[10, 3, 11, 4], [12, 18, 13, 17], [14, 22, 15, 21], [16, 8, 17, 7], [1, 19, 2, 18], [20, 14, 21, 13], [22, 5, 23, 6], [24, 11, 1, 12], [19, 3, 20, 2], [4, 9, 5, 10], [6, 16, 7, 15], [8, 23, 9, 24]]"
12n_0819_121,"[[8, 23, 9, 24], [10, 3, 11, 4], [12, 18, 13, 17], [14, 22, 15, 21], [16, 8, 17, 7], [1, 19, 2, 18], [20, 14, 21, 13], [22, 5, 23, 6], [24, 11, 1, 12], [19, 3, 20, 2], [4, 9, 5, 10], [6, 16, 7, 15]]"
12n_0819_122,"[[6, 16, 7, 15], [8, 23, 9, 24], [10, 3, 11, 4], [12, 18, 13, 17], [14, 22, 15, 21], [16, 8, 17, 7], [1, 19, 2, 18], [20, 14, 21, 13], [22, 5, 23, 6], [24, 11, 1, 12], [19, 3, 20, 2], [4, 9, 5, 10]]"
12n_0819_123,"[[4, 9, 5, 10], [6, 16, 7, 15], [8, 23, 9, 24], [10, 3, 11, 4], [12, 18, 13, 17], [14, 22, 15, 21], [16, 8, 17, 7], [1, 19, 2, 18], [20, 14, 21, 13], [22, 5, 23, 6], [24, 11, 1, 12], [19, 3, 20, 2]]"
12n_0819_124,"[[19, 3, 20, 2], [4, 9, 5, 10], [6, 16, 7, 15], [8, 23, 9, 24], [10, 3, 11, 4], [12, 18, 13, 17], [14, 22, 15, 21], [16, 8, 17, 7], [1, 19, 2, 18], [20, 14, 21, 13], [22, 5, 23, 6], [24, 11, 1, 12]]"
12n_0819_125,"[[24, 11, 1, 12], [19, 3, 20, 2], [4, 9, 5, 10], [6, 16, 7, 15], [8, 23, 9, 24], [10, 3, 11, 4], [12, 18, 13, 17], [14, 22, 15, 21], [16, 8, 17, 7], [1, 19, 2, 18], [20, 14, 21, 13], [22, 5, 23, 6]]"
12n_0819_126,"[[22, 5, 23, 6], [24, 11, 1, 12], [19, 3, 20, 2], [4, 9, 5, 10], [6, 16, 7, 15], [8, 23, 9, 24], [10, 3, 11, 4], [12, 18, 13, 17], [14, 22, 15, 21], [16, 8, 17, 7], [1, 19, 2, 18], [20, 14, 21, 13]]"
12n_0819_127,"[[20, 14, 21, 13], [22, 5, 23, 6], [24, 11, 1, 12], [19, 3, 20, 2], [4, 9, 5, 10], [6, 16, 7, 15], [8, 23, 9, 24], [10, 3, 11, 4], [12, 18, 13, 17], [14, 22, 15, 21], [16, 8, 17, 7], [1, 19, 2, 18]]"
12n_0819_128,"[[1, 19, 2, 18], [20, 14, 21, 13], [22, 5, 23, 6], [24, 11, 1, 12], [19, 3, 20, 2], [4, 9, 5, 10], [6, 16, 7, 15], [8, 23, 9, 24], [10, 3, 11, 4], [12, 18, 13, 17], [14, 22, 15, 21], [16, 8, 17, 7]]"
12n_0819_129,"[[16, 8, 17, 7], [1, 19, 2, 18], [20, 14, 21, 13], [22, 5, 23, 6], [24, 11, 1, 12], [19, 3, 20, 2], [4, 9, 5, 10], [6, 16, 7, 15], [8, 23, 9, 24], [10, 3, 11, 4], [12, 18, 13, 17], [14, 22, 15, 21]]"
12n_0819_130,"[[14, 22, 15, 21], [16, 8, 17, 7], [1, 19, 2, 18], [20, 14, 21, 13], [22, 5, 23, 6], [24, 11, 1, 12], [19, 3, 20, 2], [4, 9, 5, 10], [6, 16, 7, 15], [8, 23, 9, 24], [10, 3, 11, 4], [12, 18, 13, 17]]"
12n_0819_131,"[[12, 18, 13, 17], [14, 22, 15, 21], [16, 8, 17, 7], [1, 19, 2, 18], [20, 14, 21, 13], [22, 5, 23, 6], [24, 11, 1, 12], [19, 3, 20, 2], [4, 9, 5, 10], [6, 16, 7, 15], [8, 23, 9, 24], [10, 3, 11, 4]]"
12n_0819_132,"[[11, 4, 12, 5], [13, 19, 14, 18], [15, 23, 16, 22], [17, 9, 18, 8], [2, 20, 3, 19], [21, 15, 22, 14], [23, 6, 24, 7], [1, 12, 2, 13], [20, 4, 21, 3], [5, 10, 6, 11], [7, 17, 8, 16], [9, 24, 10, 1]]"
12n_0819_133,"[[9, 24, 10, 1], [11, 4, 12, 5], [13, 19, 14, 18], [15, 23, 16, 22], [17, 9, 18, 8], [2, 20, 3, 19], [21, 15, 22, 14], [23, 6, 24, 7], [1, 12, 2, 13], [20, 4, 21, 3], [5, 10, 6, 11], [7, 17, 8, 16]]"
12n_0819_134,"[[7, 17, 8, 16], [9, 24, 10, 1], [11, 4, 12, 5], [13, 19, 14, 18], [15, 23, 16, 22], [17, 9, 18, 8], [2, 20, 3, 19], [21, 15, 22, 14], [23, 6, 24, 7], [1, 12, 2, 13], [20, 4, 21, 3], [5, 10, 6, 11]]"
12n_0819_135,"[[5, 10, 6, 11], [7, 17, 8, 16], [9, 24, 10, 1], [11, 4, 12, 5], [13, 19, 14, 18], [15, 23, 16, 22], [17, 9, 18, 8], [2, 20, 3, 19], [21, 15, 22, 14], [23, 6, 24, 7], [1, 12, 2, 13], [20, 4, 21, 3]]"
12n_0819_136,"[[20, 4, 21, 3], [5, 10, 6, 11], [7, 17, 8, 16], [9, 24, 10, 1], [11, 4, 12, 5], [13, 19, 14, 18], [15, 23, 16, 22], [17, 9, 18, 8], [2, 20, 3, 19], [21, 15, 22, 14], [23, 6, 24, 7], [1, 12, 2, 13]]"
12n_0819_137,"[[1, 12, 2, 13], [20, 4, 21, 3], [5, 10, 6, 11], [7, 17, 8, 16], [9, 24, 10, 1], [11, 4, 12, 5], [13, 19, 14, 18], [15, 23, 16, 22], [17, 9, 18, 8], [2, 20, 3, 19], [21, 15, 22, 14], [23, 6, 24, 7]]"
12n_0819_138,"[[23, 6, 24, 7], [1, 12, 2, 13], [20, 4, 21, 3], [5, 10, 6, 11], [7, 17, 8, 16], [9, 24, 10, 1], [11, 4, 12, 5], [13, 19, 14, 18], [15, 23, 16, 22], [17, 9, 18, 8], [2, 20, 3, 19], [21, 15, 22, 14]]"
12n_0819_139,"[[21, 15, 22, 14], [23, 6, 24, 7], [1, 12, 2, 13], [20, 4, 21, 3], [5, 10, 6, 11], [7, 17, 8, 16], [9, 24, 10, 1], [11, 4, 12, 5], [13, 19, 14, 18], [15, 23, 16, 22], [17, 9, 18, 8], [2, 20, 3, 19]]"
12n_0819_140,"[[2, 20, 3, 19], [21, 15, 22, 14], [23, 6, 24, 7], [1, 12, 2, 13], [20, 4, 21, 3], [5, 10, 6, 11], [7, 17, 8, 16], [9, 24, 10, 1], [11, 4, 12, 5], [13, 19, 14, 18], [15, 23, 16, 22], [17, 9, 18, 8]]"
12n_0819_141,"[[17, 9, 18, 8], [2, 20, 3, 19], [21, 15, 22, 14], [23, 6, 24, 7], [1, 12, 2, 13], [20, 4, 21, 3], [5, 10, 6, 11], [7, 17, 8, 16], [9, 24, 10, 1], [11, 4, 12, 5], [13, 19, 14, 18], [15, 23, 16, 22]]"
12n_0819_142,"[[15, 23, 16, 22], [17, 9, 18, 8], [2, 20, 3, 19], [21, 15, 22, 14], [23, 6, 24, 7], [1, 12, 2, 13], [20, 4, 21, 3], [5, 10, 6, 11], [7, 17, 8, 16], [9, 24, 10, 1], [11, 4, 12, 5], [13, 19, 14, 18]]"
12n_0819_143,"[[13, 19, 14, 18], [15, 23, 16, 22], [17, 9, 18, 8], [2, 20, 3, 19], [21, 15, 22, 14], [23, 6, 24, 7], [1, 12, 2, 13], [20, 4, 21, 3], [5, 10, 6, 11], [7, 17, 8, 16], [9, 24, 10, 1], [11, 4, 12, 5]]"
12n_0819_144,"[[12, 5, 13, 6], [14, 20, 15, 19], [16, 24, 17, 23], [18, 10, 19, 9], [3, 21, 4, 20], [22, 16, 23, 15], [24, 7, 1, 8], [2, 13, 3, 14], [21, 5, 22, 4], [6, 11, 7, 12], [8, 18, 9, 17], [10, 1, 11, 2]]"
12n_0819_145,"[[10, 1, 11, 2], [12, 5, 13, 6], [14, 20, 15, 19], [16, 24, 17, 23], [18, 10, 19, 9], [3, 21, 4, 20], [22, 16, 23, 15], [24, 7, 1, 8], [2, 13, 3, 14], [21, 5, 22, 4], [6, 11, 7, 12], [8, 18, 9, 17]]"
12n_0819_146,"[[8, 18, 9, 17], [10, 1, 11, 2], [12, 5, 13, 6], [14, 20, 15, 19], [16, 24, 17, 23], [18, 10, 19, 9], [3, 21, 4, 20], [22, 16, 23, 15], [24, 7, 1, 8], [2, 13, 3, 14], [21, 5, 22, 4], [6, 11, 7, 12]]"
12n_0819_147,"[[6, 11, 7, 12], [8, 18, 9, 17], [10, 1, 11, 2], [12, 5, 13, 6], [14, 20, 15, 19], [16, 24, 17, 23], [18, 10, 19, 9], [3, 21, 4, 20], [22, 16, 23, 15], [24, 7, 1, 8], [2, 13, 3, 14], [21, 5, 22, 4]]"
12n_0819_148,"[[21, 5, 22, 4], [6, 11, 7, 12], [8, 18, 9, 17], [10, 1, 11, 2], [12, 5, 13, 6], [14, 20, 15, 19], [16, 24, 17, 23], [18, 10, 19, 9], [3, 21, 4, 20], [22, 16, 23, 15], [24, 7, 1, 8], [2, 13, 3, 14]]"
12n_0819_149,"[[2, 13, 3, 14], [21, 5, 22, 4], [6, 11, 7, 12], [8, 18, 9, 17], [10, 1, 11, 2], [12, 5, 13, 6], [14, 20, 15, 19], [16, 24, 17, 23], [18, 10, 19, 9], [3, 21, 4, 20], [22, 16, 23, 15], [24, 7, 1, 8]]"
12n_0819_150,"[[24, 7, 1, 8], [2, 13, 3, 14], [21, 5, 22, 4], [6, 11, 7, 12], [8, 18, 9, 17], [10, 1, 11, 2], [12, 5, 13, 6], [14, 20, 15, 19], [16, 24, 17, 23], [18, 10, 19, 9], [3, 21, 4, 20], [22, 16, 23, 15]]"
12n_0819_151,"[[22, 16, 23, 15], [24, 7, 1, 8], [2, 13, 3, 14], [21, 5, 22, 4], [6, 11, 7, 12], [8, 18, 9, 17], [10, 1, 11, 2], [12, 5, 13, 6], [14, 20, 15, 19], [16, 24, 17, 23], [18, 10, 19, 9], [3, 21, 4, 20]]"
12n_0819_152,"[[3, 21, 4, 20], [22, 16, 23, 15], [24, 7, 1, 8], [2, 13, 3, 14], [21, 5, 22, 4], [6, 11, 7, 12], [8, 18, 9, 17], [10, 1, 11, 2], [12, 5, 13, 6], [14, 20, 15, 19], [16, 24, 17, 23], [18, 10, 19, 9]]"
12n_0819_153,"[[18, 10, 19, 9], [3, 21, 4, 20], [22, 16, 23, 15], [24, 7, 1, 8], [2, 13, 3, 14], [21, 5, 22, 4], [6, 11, 7, 12], [8, 18, 9, 17], [10, 1, 11, 2], [12, 5, 13, 6], [14, 20, 15, 19], [16, 24, 17, 23]]"
12n_0819_154,"[[16, 24, 17, 23], [18, 10, 19, 9], [3, 21, 4, 20], [22, 16, 23, 15], [24, 7, 1, 8], [2, 13, 3, 14], [21, 5, 22, 4], [6, 11, 7, 12], [8, 18, 9, 17], [10, 1, 11, 2], [12, 5, 13, 6], [14, 20, 15, 19]]"
12n_0819_155,"[[14, 20, 15, 19], [16, 24, 17, 23], [18, 10, 19, 9], [3, 21, 4, 20], [22, 16, 23, 15], [24, 7, 1, 8], [2, 13, 3, 14], [21, 5, 22, 4], [6, 11, 7, 12], [8, 18, 9, 17], [10, 1, 11, 2], [12, 5, 13, 6]]"
12n_0819_156,"[[13, 6, 14, 7], [15, 21, 16, 20], [17, 1, 18, 24], [19, 11, 20, 10], [4, 22, 5, 21], [23, 17, 24, 16], [1, 8, 2, 9], [3, 14, 4, 15], [22, 6, 23, 5], [7, 12, 8, 13], [9, 19, 10, 18], [11, 2, 12, 3]]"
12n_0819_157,"[[11, 2, 12, 3], [13, 6, 14, 7], [15, 21, 16, 20], [17, 1, 18, 24], [19, 11, 20, 10], [4, 22, 5, 21], [23, 17, 24, 16], [1, 8, 2, 9], [3, 14, 4, 15], [22, 6, 23, 5], [7, 12, 8, 13], [9, 19, 10, 18]]"
12n_0819_158,"[[9, 19, 10, 18], [11, 2, 12, 3], [13, 6, 14, 7], [15, 21, 16, 20], [17, 1, 18, 24], [19, 11, 20, 10], [4, 22, 5, 21], [23, 17, 24, 16], [1, 8, 2, 9], [3, 14, 4, 15], [22, 6, 23, 5], [7, 12, 8, 13]]"
12n_0819_159,"[[7, 12, 8, 13], [9, 19, 10, 18], [11, 2, 12, 3], [13, 6, 14, 7], [15, 21, 16, 20], [17, 1, 18, 24], [19, 11, 20, 10], [4, 22, 5, 21], [23, 17, 24, 16], [1, 8, 2, 9], [3, 14, 4, 15], [22, 6, 23, 5]]"
12n_0819_160,"[[22, 6, 23, 5], [7, 12, 8, 13], [9, 19, 10, 18], [11, 2, 12, 3], [13, 6, 14, 7], [15, 21, 16, 20], [17, 1, 18, 24], [19, 11, 20, 10], [4, 22, 5, 21], [23, 17, 24, 16], [1, 8, 2, 9], [3, 14, 4, 15]]"
12n_0819_161,"[[3, 14, 4, 15], [22, 6, 23, 5], [7, 12, 8, 13], [9, 19, 10, 18], [11, 2, 12, 3], [13, 6, 14, 7], [15, 21, 16, 20], [17, 1, 18, 24], [19, 11, 20, 10], [4, 22, 5, 21], [23, 17, 24, 16], [1, 8, 2, 9]]"
12n_0819_162,"[[1, 8, 2, 9], [3, 14, 4, 15], [22, 6, 23, 5], [7, 12, 8, 13], [9, 19, 10, 18], [11, 2, 12, 3], [13, 6, 14, 7], [15, 21, 16, 20], [17, 1, 18, 24], [19, 11, 20, 10], [4, 22, 5, 21], [23, 17, 24, 16]]"
12n_0819_163,"[[23, 17, 24, 16], [1, 8, 2, 9], [3, 14, 4, 15], [22, 6, 23, 5], [7, 12, 8, 13], [9, 19, 10, 18], [11, 2, 12, 3], [13, 6, 14, 7], [15, 21, 16, 20], [17, 1, 18, 24], [19, 11, 20, 10], [4, 22, 5, 21]]"
12n_0819_164,"[[4, 22, 5, 21], [23, 17, 24, 16], [1, 8, 2, 9], [3, 14, 4, 15], [22, 6, 23, 5], [7, 12, 8, 13], [9, 19, 10, 18], [11, 2, 12, 3], [13, 6, 14, 7], [15, 21, 16, 20], [17, 1, 18, 24], [19, 11, 20, 10]]"
12n_0819_165,"[[19, 11, 20, 10], [4, 22, 5, 21], [23, 17, 24, 16], [1, 8, 2, 9], [3, 14, 4, 15], [22, 6, 23, 5], [7, 12, 8, 13], [9, 19, 10, 18], [11, 2, 12, 3], [13, 6, 14, 7], [15, 21, 16, 20], [17, 1, 18, 24]]"
12n_0819_166,"[[17, 1, 18, 24], [19, 11, 20, 10], [4, 22, 5, 21], [23, 17, 24, 16], [1, 8, 2, 9], [3, 14, 4, 15], [22, 6, 23, 5], [7, 12, 8, 13], [9, 19, 10, 18], [11, 2, 12, 3], [13, 6, 14, 7], [15, 21, 16, 20]]"
12n_0819_167,"[[15, 21, 16, 20], [17, 1, 18, 24], [19, 11, 20, 10], [4, 22, 5, 21], [23, 17, 24, 16], [1, 8, 2, 9], [3, 14, 4, 15], [22, 6, 23, 5], [7, 12, 8, 13], [9, 19, 10, 18], [11, 2, 12, 3], [13, 6, 14, 7]]"
12n_0819_168,"[[14, 7, 15, 8], [16, 22, 17, 21], [18, 2, 19, 1], [20, 12, 21, 11], [5, 23, 6, 22], [24, 18, 1, 17], [2, 9, 3, 10], [4, 15, 5, 16], [23, 7, 24, 6], [8, 13, 9, 14], [10, 20, 11, 19], [12, 3, 13, 4]]"
12n_0819_169,"[[12, 3, 13, 4], [14, 7, 15, 8], [16, 22, 17, 21], [18, 2, 19, 1], [20, 12, 21, 11], [5, 23, 6, 22], [24, 18, 1, 17], [2, 9, 3, 10], [4, 15, 5, 16], [23, 7, 24, 6], [8, 13, 9, 14], [10, 20, 11, 19]]"
12n_0819_170,"[[10, 20, 11, 19], [12, 3, 13, 4], [14, 7, 15, 8], [16, 22, 17, 21], [18, 2, 19, 1], [20, 12, 21, 11], [5, 23, 6, 22], [24, 18, 1, 17], [2, 9, 3, 10], [4, 15, 5, 16], [23, 7, 24, 6], [8, 13, 9, 14]]"
12n_0819_171,"[[8, 13, 9, 14], [10, 20, 11, 19], [12, 3, 13, 4], [14, 7, 15, 8], [16, 22, 17, 21], [18, 2, 19, 1], [20, 12, 21, 11], [5, 23, 6, 22], [24, 18, 1, 17], [2, 9, 3, 10], [4, 15, 5, 16], [23, 7, 24, 6]]"
12n_0819_172,"[[23, 7, 24, 6], [8, 13, 9, 14], [10, 20, 11, 19], [12, 3, 13, 4], [14, 7, 15, 8], [16, 22, 17, 21], [18, 2, 19, 1], [20, 12, 21, 11], [5, 23, 6, 22], [24, 18, 1, 17], [2, 9, 3, 10], [4, 15, 5, 16]]"
12n_0819_173,"[[4, 15, 5, 16], [23, 7, 24, 6], [8, 13, 9, 14], [10, 20, 11, 19], [12, 3, 13, 4], [14, 7, 15, 8], [16, 22, 17, 21], [18, 2, 19, 1], [20, 12, 21, 11], [5, 23, 6, 22], [24, 18, 1, 17], [2, 9, 3, 10]]"
12n_0819_174,"[[2, 9, 3, 10], [4, 15, 5, 16], [23, 7, 24, 6], [8, 13, 9, 14], [10, 20, 11, 19], [12, 3, 13, 4], [14, 7, 15, 8], [16, 22, 17, 21], [18, 2, 19, 1], [20, 12, 21, 11], [5, 23, 6, 22], [24, 18, 1, 17]]"
12n_0819_175,"[[24, 18, 1, 17], [2, 9, 3, 10], [4, 15, 5, 16], [23, 7, 24, 6], [8, 13, 9, 14], [10, 20, 11, 19], [12, 3, 13, 4], [14, 7, 15, 8], [16, 22, 17, 21], [18, 2, 19, 1], [20, 12, 21, 11], [5, 23, 6, 22]]"
12n_0819_176,"[[5, 23, 6, 22], [24, 18, 1, 17], [2, 9, 3, 10], [4, 15, 5, 16], [23, 7, 24, 6], [8, 13, 9, 14], [10, 20, 11, 19], [12, 3, 13, 4], [14, 7, 15, 8], [16, 22, 17, 21], [18, 2, 19, 1], [20, 12, 21, 11]]"
12n_0819_177,"[[20, 12, 21, 11], [5, 23, 6, 22], [24, 18, 1, 17], [2, 9, 3, 10], [4, 15, 5, 16], [23, 7, 24, 6], [8, 13, 9, 14], [10, 20, 11, 19], [12, 3, 13, 4], [14, 7, 15, 8], [16, 22, 17, 21], [18, 2, 19, 1]]"
12n_0819_178,"[[18, 2, 19, 1], [20, 12, 21, 11], [5, 23, 6, 22], [24, 18, 1, 17], [2, 9, 3, 10], [4, 15, 5, 16], [23, 7, 24, 6], [8, 13, 9, 14], [10, 20, 11, 19], [12, 3, 13, 4], [14, 7, 15, 8], [16, 22, 17, 21]]"
12n_0819_179,"[[16, 22, 17, 21], [18, 2, 19, 1], [20, 12, 21, 11], [5, 23, 6, 22], [24, 18, 1, 17], [2, 9, 3, 10], [4, 15, 5, 16], [23, 7, 24, 6], [8, 13, 9, 14], [10, 20, 11, 19], [12, 3, 13, 4], [14, 7, 15, 8]]"
12n_0819_180,"[[15, 8, 16, 9], [17, 23, 18, 22], [19, 3, 20, 2], [21, 13, 22, 12], [6, 24, 7, 23], [1, 19, 2, 18], [3, 10, 4, 11], [5, 16, 6, 17], [24, 8, 1, 7], [9, 14, 10, 15], [11, 21, 12, 20], [13, 4, 14, 5]]"
12n_0819_181,"[[13, 4, 14, 5], [15, 8, 16, 9], [17, 23, 18, 22], [19, 3, 20, 2], [21, 13, 22, 12], [6, 24, 7, 23], [1, 19, 2, 18], [3, 10, 4, 11], [5, 16, 6, 17], [24, 8, 1, 7], [9, 14, 10, 15], [11, 21, 12, 20]]"
12n_0819_182,"[[11, 21, 12, 20], [13, 4, 14, 5], [15, 8, 16, 9], [17, 23, 18, 22], [19, 3, 20, 2], [21, 13, 22, 12], [6, 24, 7, 23], [1, 19, 2, 18], [3, 10, 4, 11], [5, 16, 6, 17], [24, 8, 1, 7], [9, 14, 10, 15]]"
12n_0819_183,"[[9, 14, 10, 15], [11, 21, 12, 20], [13, 4, 14, 5], [15, 8, 16, 9], [17, 23, 18, 22], [19, 3, 20, 2], [21, 13, 22, 12], [6, 24, 7, 23], [1, 19, 2, 18], [3, 10, 4, 11], [5, 16, 6, 17], [24, 8, 1, 7]]"
12n_0819_184,"[[24, 8, 1, 7], [9, 14, 10, 15], [11, 21, 12, 20], [13, 4, 14, 5], [15, 8, 16, 9], [17, 23, 18, 22], [19, 3, 20, 2], [21, 13, 22, 12], [6, 24, 7, 23], [1, 19, 2, 18], [3, 10, 4, 11], [5, 16, 6, 17]]"
12n_0819_185,"[[5, 16, 6, 17], [24, 8, 1, 7], [9, 14, 10, 15], [11, 21, 12, 20], [13, 4, 14, 5], [15, 8, 16, 9], [17, 23, 18, 22], [19, 3, 20, 2], [21, 13, 22, 12], [6, 24, 7, 23], [1, 19, 2, 18], [3, 10, 4, 11]]"
