name,pd_notation
12n_0338_0,"[[21, 1, 22, 24], [2, 6, 3, 5], [4, 12, 5, 11], [15, 7, 16, 6], [17, 9, 18, 8], [10, 4, 11, 3], [19, 13, 20, 12], [23, 15, 24, 14], [7, 17, 8, 16], [9, 19, 10, 18], [1, 21, 2, 20], [13, 23, 14, 22]]"
12n_0338_1,"[[13, 23, 14, 22], [21, 1, 22, 24], [2, 6, 3, 5], [4, 12, 5, 11], [15, 7, 16, 6], [17, 9, 18, 8], [10, 4, 11, 3], [19, 13, 20, 12], [23, 15, 24, 14], [7, 17, 8, 16], [9, 19, 10, 18], [1, 21, 2, 20]]"
12n_0338_2,"[[1, 21, 2, 20], [13, 23, 14, 22], [21, 1, 22, 24], [2, 6, 3, 5], [4, 12, 5, 11], [15, 7, 16, 6], [17, 9, 18, 8], [10, 4, 11, 3], [19, 13, 20, 12], [23, 15, 24, 14], [7, 17, 8, 16], [9, 19, 10, 18]]"
12n_0338_3,"[[9, 19, 10, 18], [1, 21, 2, 20], [13, 23, 14, 22], [21, 1, 22, 24], [2, 6, 3, 5], [4, 12, 5, 11], [15, 7, 16, 6], [17, 9, 18, 8], [10, 4, 11, 3], [19, 13, 20, 12], [23, 15, 24, 14], [7, 17, 8, 16]]"
12n_0338_4,"[[7, 17, 8, 16], [9, 19, 10, 18], [1, 21, 2, 20], [13, 23, 14, 22], [21, 1, 22, 24], [2, 6, 3, 5], [4, 12, 5, 11], [15, 7, 16, 6], [17, 9, 18, 8], [10, 4, 11, 3], [19, 13, 20, 12], [23, 15, 24, 14]]"
12n_0338_5,"[[23, 15, 24, 14], [7, 17, 8, 16], [9, 19, 10, 18], [1, 21, 2, 20], [13, 23, 14, 22], [21, 1, 22, 24], [2, 6, 3, 5], [4, 12, 5, 11], [15, 7, 16, 6], [17, 9, 18, 8], [10, 4, 11, 3], [19, 13, 20, 12]]"
12n_0338_6,"[[19, 13, 20, 12], [23, 15, 24, 14], [7, 17, 8, 16], [9, 19, 10, 18], [1, 21, 2, 20], [13, 23, 14, 22], [21, 1, 22, 24], [2, 6, 3, 5], [4, 12, 5, 11], [15, 7, 16, 6], [17, 9, 18, 8], [10, 4, 11, 3]]"
12n_0338_7,"[[10, 4, 11, 3], [19, 13, 20, 12], [23, 15, 24, 14], [7, 17, 8, 16], [9, 19, 10, 18], [1, 21, 2, 20], [13, 23, 14, 22], [21, 1, 22, 24], [2, 6, 3, 5], [4, 12, 5, 11], [15, 7, 16, 6], [17, 9, 18, 8]]"
12n_0338_8,"[[17, 9, 18, 8], [10, 4, 11, 3], [19, 13, 20, 12], [23, 15, 24, 14], [7, 17, 8, 16], [9, 19, 10, 18], [1, 21, 2, 20], [13, 23, 14, 22], [21, 1, 22, 24], [2, 6, 3, 5], [4, 12, 5, 11], [15, 7, 16, 6]]"
12n_0338_9,"[[15, 7, 16, 6], [17, 9, 18, 8], [10, 4, 11, 3], [19, 13, 20, 12], [23, 15, 24, 14], [7, 17, 8, 16], [9, 19, 10, 18], [1, 21, 2, 20], [13, 23, 14, 22], [21, 1, 22, 24], [2, 6, 3, 5], [4, 12, 5, 11]]"
12n_0338_10,"[[4, 12, 5, 11], [15, 7, 16, 6], [17, 9, 18, 8], [10, 4, 11, 3], [19, 13, 20, 12], [23, 15, 24, 14], [7, 17, 8, 16], [9, 19, 10, 18], [1, 21, 2, 20], [13, 23, 14, 22], [21, 1, 22, 24], [2, 6, 3, 5]]"
12n_0338_11,"[[2, 6, 3, 5], [4, 12, 5, 11], [15, 7, 16, 6], [17, 9, 18, 8], [10, 4, 11, 3], [19, 13, 20, 12], [23, 15, 24, 14], [7, 17, 8, 16], [9, 19, 10, 18], [1, 21, 2, 20], [13, 23, 14, 22], [21, 1, 22, 24]]"
12n_0338_12,"[[22, 2, 23, 1], [3, 7, 4, 6], [5, 13, 6, 12], [16, 8, 17, 7], [18, 10, 19, 9], [11, 5, 12, 4], [20, 14, 21, 13], [24, 16, 1, 15], [8, 18, 9, 17], [10, 20, 11, 19], [2, 22, 3, 21], [14, 24, 15, 23]]"
12n_0338_13,"[[14, 24, 15, 23], [22, 2, 23, 1], [3, 7, 4, 6], [5, 13, 6, 12], [16, 8, 17, 7], [18, 10, 19, 9], [11, 5, 12, 4], [20, 14, 21, 13], [24, 16, 1, 15], [8, 18, 9, 17], [10, 20, 11, 19], [2, 22, 3, 21]]"
12n_0338_14,"[[2, 22, 3, 21], [14, 24, 15, 23], [22, 2, 23, 1], [3, 7, 4, 6], [5, 13, 6, 12], [16, 8, 17, 7], [18, 10, 19, 9], [11, 5, 12, 4], [20, 14, 21, 13], [24, 16, 1, 15], [8, 18, 9, 17], [10, 20, 11, 19]]"
12n_0338_15,"[[10, 20, 11, 19], [2, 22, 3, 21], [14, 24, 15, 23], [22, 2, 23, 1], [3, 7, 4, 6], [5, 13, 6, 12], [16, 8, 17, 7], [18, 10, 19, 9], [11, 5, 12, 4], [20, 14, 21, 13], [24, 16, 1, 15], [8, 18, 9, 17]]"
12n_0338_16,"[[8, 18, 9, 17], [10, 20, 11, 19], [2, 22, 3, 21], [14, 24, 15, 23], [22, 2, 23, 1], [3, 7, 4, 6], [5, 13, 6, 12], [16, 8, 17, 7], [18, 10, 19, 9], [11, 5, 12, 4], [20, 14, 21, 13], [24, 16, 1, 15]]"
12n_0338_17,"[[24, 16, 1, 15], [8, 18, 9, 17], [10, 20, 11, 19], [2, 22, 3, 21], [14, 24, 15, 23], [22, 2, 23, 1], [3, 7, 4, 6], [5, 13, 6, 12], [16, 8, 17, 7], [18, 10, 19, 9], [11, 5, 12, 4], [20, 14, 21, 13]]"
12n_0338_18,"[[20, 14, 21, 13], [24, 16, 1, 15], [8, 18, 9, 17], [10, 20, 11, 19], [2, 22, 3, 21], [14, 24, 15, 23], [22, 2, 23, 1], [3, 7, 4, 6], [5, 13, 6, 12], [16, 8, 17, 7], [18, 10, 19, 9], [11, 5, 12, 4]]"
12n_0338_19,"[[11, 5, 12, 4], [20, 14, 21, 13], [24, 16, 1, 15], [8, 18, 9, 17], [10, 20, 11, 19], [2, 22, 3, 21], [14, 24, 15, 23], [22, 2, 23, 1], [3, 7, 4, 6], [5, 13, 6, 12], [16, 8, 17, 7], [18, 10, 19, 9]]"
12n_0338_20,"[[18, 10, 19, 9], [11, 5, 12, 4], [20, 14, 21, 13], [24, 16, 1, 15], [8, 18, 9, 17], [10, 20, 11, 19], [2, 22, 3, 21], [14, 24, 15, 23], [22, 2, 23, 1], [3, 7, 4, 6], [5, 13, 6, 12], [16, 8, 17, 7]]"
12n_0338_21,"[[16, 8, 17, 7], [18, 10, 19, 9], [11, 5, 12, 4], [20, 14, 21, 13], [24, 16, 1, 15], [8, 18, 9, 17], [10, 20, 11, 19], [2, 22, 3, 21], [14, 24, 15, 23], [22, 2, 23, 1], [3, 7, 4, 6], [5, 13, 6, 12]]"
12n_0338_22,"[[5, 13, 6, 12], [16, 8, 17, 7], [18, 10, 19, 9], [11, 5, 12, 4], [20, 14, 21, 13], [24, 16, 1, 15], [8, 18, 9, 17], [10, 20, 11, 19], [2, 22, 3, 21], [14, 24, 15, 23], [22, 2, 23, 1], [3, 7, 4, 6]]"
12n_0338_23,"[[3, 7, 4, 6], [5, 13, 6, 12], [16, 8, 17, 7], [18, 10, 19, 9], [11, 5, 12, 4], [20, 14, 21, 13], [24, 16, 1, 15], [8, 18, 9, 17], [10, 20, 11, 19], [2, 22, 3, 21], [14, 24, 15, 23], [22, 2, 23, 1]]"
12n_0338_24,"[[23, 3, 24, 2], [4, 8, 5, 7], [6, 14, 7, 13], [17, 9, 18, 8], [19, 11, 20, 10], [12, 6, 13, 5], [21, 15, 22, 14], [1, 17, 2, 16], [9, 19, 10, 18], [11, 21, 12, 20], [3, 23, 4, 22], [15, 1, 16, 24]]"
12n_0338_25,"[[15, 1, 16, 24], [23, 3, 24, 2], [4, 8, 5, 7], [6, 14, 7, 13], [17, 9, 18, 8], [19, 11, 20, 10], [12, 6, 13, 5], [21, 15, 22, 14], [1, 17, 2, 16], [9, 19, 10, 18], [11, 21, 12, 20], [3, 23, 4, 22]]"
12n_0338_26,"[[3, 23, 4, 22], [15, 1, 16, 24], [23, 3, 24, 2], [4, 8, 5, 7], [6, 14, 7, 13], [17, 9, 18, 8], [19, 11, 20, 10], [12, 6, 13, 5], [21, 15, 22, 14], [1, 17, 2, 16], [9, 19, 10, 18], [11, 21, 12, 20]]"
12n_0338_27,"[[11, 21, 12, 20], [3, 23, 4, 22], [15, 1, 16, 24], [23, 3, 24, 2], [4, 8, 5, 7], [6, 14, 7, 13], [17, 9, 18, 8], [19, 11, 20, 10], [12, 6, 13, 5], [21, 15, 22, 14], [1, 17, 2, 16], [9, 19, 10, 18]]"
12n_0338_28,"[[9, 19, 10, 18], [11, 21, 12, 20], [3, 23, 4, 22], [15, 1, 16, 24], [23, 3, 24, 2], [4, 8, 5, 7], [6, 14, 7, 13], [17, 9, 18, 8], [19, 11, 20, 10], [12, 6, 13, 5], [21, 15, 22, 14], [1, 17, 2, 16]]"
12n_0338_29,"[[1, 17, 2, 16], [9, 19, 10, 18], [11, 21, 12, 20], [3, 23, 4, 22], [15, 1, 16, 24], [23, 3, 24, 2], [4, 8, 5, 7], [6, 14, 7, 13], [17, 9, 18, 8], [19, 11, 20, 10], [12, 6, 13, 5], [21, 15, 22, 14]]"
12n_0338_30,"[[21, 15, 22, 14], [1, 17, 2, 16], [9, 19, 10, 18], [11, 21, 12, 20], [3, 23, 4, 22], [15, 1, 16, 24], [23, 3, 24, 2], [4, 8, 5, 7], [6, 14, 7, 13], [17, 9, 18, 8], [19, 11, 20, 10], [12, 6, 13, 5]]"
12n_0338_31,"[[12, 6, 13, 5], [21, 15, 22, 14], [1, 17, 2, 16], [9, 19, 10, 18], [11, 21, 12, 20], [3, 23, 4, 22], [15, 1, 16, 24], [23, 3, 24, 2], [4, 8, 5, 7], [6, 14, 7, 13], [17, 9, 18, 8], [19, 11, 20, 10]]"
12n_0338_32,"[[19, 11, 20, 10], [12, 6, 13, 5], [21, 15, 22, 14], [1, 17, 2, 16], [9, 19, 10, 18], [11, 21, 12, 20], [3, 23, 4, 22], [15, 1, 16, 24], [23, 3, 24, 2], [4, 8, 5, 7], [6, 14, 7, 13], [17, 9, 18, 8]]"
12n_0338_33,"[[17, 9, 18, 8], [19, 11, 20, 10], [12, 6, 13, 5], [21, 15, 22, 14], [1, 17, 2, 16], [9, 19, 10, 18], [11, 21, 12, 20], [3, 23, 4, 22], [15, 1, 16, 24], [23, 3, 24, 2], [4, 8, 5, 7], [6, 14, 7, 13]]"
12n_0338_34,"[[6, 14, 7, 13], [17, 9, 18, 8], [19, 11, 20, 10], [12, 6, 13, 5], [21, 15, 22, 14], [1, 17, 2, 16], [9, 19, 10, 18], [11, 21, 12, 20], [3, 23, 4, 22], [15, 1, 16, 24], [23, 3, 24, 2], [4, 8, 5, 7]]"
12n_0338_35,"[[4, 8, 5, 7], [6, 14, 7, 13], [17, 9, 18, 8], [19, 11, 20, 10], [12, 6, 13, 5], [21, 15, 22, 14], [1, 17, 2, 16], [9, 19, 10, 18], [11, 21, 12, 20], [3, 23, 4, 22], [15, 1, 16, 24], [23, 3, 24, 2]]"
12n_0338_36,"[[24, 4, 1, 3], [5, 9, 6, 8], [7, 15, 8, 14], [18, 10, 19, 9], [20, 12, 21, 11], [13, 7, 14, 6], [22, 16, 23, 15], [2, 18, 3, 17], [10, 20, 11, 19], [12, 22, 13, 21], [4, 24, 5, 23], [16, 2, 17, 1]]"
12n_0338_37,"[[16, 2, 17, 1], [24, 4, 1, 3], [5, 9, 6, 8], [7, 15, 8, 14], [18, 10, 19, 9], [20, 12, 21, 11], [13, 7, 14, 6], [22, 16, 23, 15], [2, 18, 3, 17], [10, 20, 11, 19], [12, 22, 13, 21], [4, 24, 5, 23]]"
12n_0338_38,"[[4, 24, 5, 23], [16, 2, 17, 1], [24, 4, 1, 3], [5, 9, 6, 8], [7, 15, 8, 14], [18, 10, 19, 9], [20, 12, 21, 11], [13, 7, 14, 6], [22, 16, 23, 15], [2, 18, 3, 17], [10, 20, 11, 19], [12, 22, 13, 21]]"
12n_0338_39,"[[12, 22, 13, 21], [4, 24, 5, 23], [16, 2, 17, 1], [24, 4, 1, 3], [5, 9, 6, 8], [7, 15, 8, 14], [18, 10, 19, 9], [20, 12, 21, 11], [13, 7, 14, 6], [22, 16, 23, 15], [2, 18, 3, 17], [10, 20, 11, 19]]"
12n_0338_40,"[[10, 20, 11, 19], [12, 22, 13, 21], [4, 24, 5, 23], [16, 2, 17, 1], [24, 4, 1, 3], [5, 9, 6, 8], [7, 15, 8, 14], [18, 10, 19, 9], [20, 12, 21, 11], [13, 7, 14, 6], [22, 16, 23, 15], [2, 18, 3, 17]]"
12n_0338_41,"[[2, 18, 3, 17], [10, 20, 11, 19], [12, 22, 13, 21], [4, 24, 5, 23], [16, 2, 17, 1], [24, 4, 1, 3], [5, 9, 6, 8], [7, 15, 8, 14], [18, 10, 19, 9], [20, 12, 21, 11], [13, 7, 14, 6], [22, 16, 23, 15]]"
12n_0338_42,"[[22, 16, 23, 15], [2, 18, 3, 17], [10, 20, 11, 19], [12, 22, 13, 21], [4, 24, 5, 23], [16, 2, 17, 1], [24, 4, 1, 3], [5, 9, 6, 8], [7, 15, 8, 14], [18, 10, 19, 9], [20, 12, 21, 11], [13, 7, 14, 6]]"
12n_0338_43,"[[13, 7, 14, 6], [22, 16, 23, 15], [2, 18, 3, 17], [10, 20, 11, 19], [12, 22, 13, 21], [4, 24, 5, 23], [16, 2, 17, 1], [24, 4, 1, 3], [5, 9, 6, 8], [7, 15, 8, 14], [18, 10, 19, 9], [20, 12, 21, 11]]"
12n_0338_44,"[[20, 12, 21, 11], [13, 7, 14, 6], [22, 16, 23, 15], [2, 18, 3, 17], [10, 20, 11, 19], [12, 22, 13, 21], [4, 24, 5, 23], [16, 2, 17, 1], [24, 4, 1, 3], [5, 9, 6, 8], [7, 15, 8, 14], [18, 10, 19, 9]]"
12n_0338_45,"[[18, 10, 19, 9], [20, 12, 21, 11], [13, 7, 14, 6], [22, 16, 23, 15], [2, 18, 3, 17], [10, 20, 11, 19], [12, 22, 13, 21], [4, 24, 5, 23], [16, 2, 17, 1], [24, 4, 1, 3], [5, 9, 6, 8], [7, 15, 8, 14]]"
12n_0338_46,"[[7, 15, 8, 14], [18, 10, 19, 9], [20, 12, 21, 11], [13, 7, 14, 6], [22, 16, 23, 15], [2, 18, 3, 17], [10, 20, 11, 19], [12, 22, 13, 21], [4, 24, 5, 23], [16, 2, 17, 1], [24, 4, 1, 3], [5, 9, 6, 8]]"
12n_0338_47,"[[5, 9, 6, 8], [7, 15, 8, 14], [18, 10, 19, 9], [20, 12, 21, 11], [13, 7, 14, 6], [22, 16, 23, 15], [2, 18, 3, 17], [10, 20, 11, 19], [12, 22, 13, 21], [4, 24, 5, 23], [16, 2, 17, 1], [24, 4, 1, 3]]"
12n_0338_48,"[[1, 5, 2, 4], [6, 10, 7, 9], [8, 16, 9, 15], [19, 11, 20, 10], [21, 13, 22, 12], [14, 8, 15, 7], [23, 17, 24, 16], [3, 19, 4, 18], [11, 21, 12, 20], [13, 23, 14, 22], [5, 1, 6, 24], [17, 3, 18, 2]]"
12n_0338_49,"[[17, 3, 18, 2], [1, 5, 2, 4], [6, 10, 7, 9], [8, 16, 9, 15], [19, 11, 20, 10], [21, 13, 22, 12], [14, 8, 15, 7], [23, 17, 24, 16], [3, 19, 4, 18], [11, 21, 12, 20], [13, 23, 14, 22], [5, 1, 6, 24]]"
12n_0338_50,"[[5, 1, 6, 24], [17, 3, 18, 2], [1, 5, 2, 4], [6, 10, 7, 9], [8, 16, 9, 15], [19, 11, 20, 10], [21, 13, 22, 12], [14, 8, 15, 7], [23, 17, 24, 16], [3, 19, 4, 18], [11, 21, 12, 20], [13, 23, 14, 22]]"
12n_0338_51,"[[13, 23, 14, 22], [5, 1, 6, 24], [17, 3, 18, 2], [1, 5, 2, 4], [6, 10, 7, 9], [8, 16, 9, 15], [19, 11, 20, 10], [21, 13, 22, 12], [14, 8, 15, 7], [23, 17, 24, 16], [3, 19, 4, 18], [11, 21, 12, 20]]"
12n_0338_52,"[[11, 21, 12, 20], [13, 23, 14, 22], [5, 1, 6, 24], [17, 3, 18, 2], [1, 5, 2, 4], [6, 10, 7, 9], [8, 16, 9, 15], [19, 11, 20, 10], [21, 13, 22, 12], [14, 8, 15, 7], [23, 17, 24, 16], [3, 19, 4, 18]]"
12n_0338_53,"[[3, 19, 4, 18], [11, 21, 12, 20], [13, 23, 14, 22], [5, 1, 6, 24], [17, 3, 18, 2], [1, 5, 2, 4], [6, 10, 7, 9], [8, 16, 9, 15], [19, 11, 20, 10], [21, 13, 22, 12], [14, 8, 15, 7], [23, 17, 24, 16]]"
12n_0338_54,"[[23, 17, 24, 16], [3, 19, 4, 18], [11, 21, 12, 20], [13, 23, 14, 22], [5, 1, 6, 24], [17, 3, 18, 2], [1, 5, 2, 4], [6, 10, 7, 9], [8, 16, 9, 15], [19, 11, 20, 10], [21, 13, 22, 12], [14, 8, 15, 7]]"
12n_0338_55,"[[14, 8, 15, 7], [23, 17, 24, 16], [3, 19, 4, 18], [11, 21, 12, 20], [13, 23, 14, 22], [5, 1, 6, 24], [17, 3, 18, 2], [1, 5, 2, 4], [6, 10, 7, 9], [8, 16, 9, 15], [19, 11, 20, 10], [21, 13, 22, 12]]"
12n_0338_56,"[[21, 13, 22, 12], [14, 8, 15, 7], [23, 17, 24, 16], [3, 19, 4, 18], [11, 21, 12, 20], [13, 23, 14, 22], [5, 1, 6, 24], [17, 3, 18, 2], [1, 5, 2, 4], [6, 10, 7, 9], [8, 16, 9, 15], [19, 11, 20, 10]]"
12n_0338_57,"[[19, 11, 20, 10], [21, 13, 22, 12], [14, 8, 15, 7], [23, 17, 24, 16], [3, 19, 4, 18], [11, 21, 12, 20], [13, 23, 14, 22], [5, 1, 6, 24], [17, 3, 18, 2], [1, 5, 2, 4], [6, 10, 7, 9], [8, 16, 9, 15]]"
12n_0338_58,"[[8, 16, 9, 15], [19, 11, 20, 10], [21, 13, 22, 12], [14, 8, 15, 7], [23, 17, 24, 16], [3, 19, 4, 18], [11, 21, 12, 20], [13, 23, 14, 22], [5, 1, 6, 24], [17, 3, 18, 2], [1, 5, 2, 4], [6, 10, 7, 9]]"
12n_0338_59,"[[6, 10, 7, 9], [8, 16, 9, 15], [19, 11, 20, 10], [21, 13, 22, 12], [14, 8, 15, 7], [23, 17, 24, 16], [3, 19, 4, 18], [11, 21, 12, 20], [13, 23, 14, 22], [5, 1, 6, 24], [17, 3, 18, 2], [1, 5, 2, 4]]"
12n_0338_60,"[[2, 6, 3, 5], [7, 11, 8, 10], [9, 17, 10, 16], [20, 12, 21, 11], [22, 14, 23, 13], [15, 9, 16, 8], [24, 18, 1, 17], [4, 20, 5, 19], [12, 22, 13, 21], [14, 24, 15, 23], [6, 2, 7, 1], [18, 4, 19, 3]]"
12n_0338_61,"[[18, 4, 19, 3], [2, 6, 3, 5], [7, 11, 8, 10], [9, 17, 10, 16], [20, 12, 21, 11], [22, 14, 23, 13], [15, 9, 16, 8], [24, 18, 1, 17], [4, 20, 5, 19], [12, 22, 13, 21], [14, 24, 15, 23], [6, 2, 7, 1]]"
12n_0338_62,"[[6, 2, 7, 1], [18, 4, 19, 3], [2, 6, 3, 5], [7, 11, 8, 10], [9, 17, 10, 16], [20, 12, 21, 11], [22, 14, 23, 13], [15, 9, 16, 8], [24, 18, 1, 17], [4, 20, 5, 19], [12, 22, 13, 21], [14, 24, 15, 23]]"
12n_0338_63,"[[14, 24, 15, 23], [6, 2, 7, 1], [18, 4, 19, 3], [2, 6, 3, 5], [7, 11, 8, 10], [9, 17, 10, 16], [20, 12, 21, 11], [22, 14, 23, 13], [15, 9, 16, 8], [24, 18, 1, 17], [4, 20, 5, 19], [12, 22, 13, 21]]"
12n_0338_64,"[[12, 22, 13, 21], [14, 24, 15, 23], [6, 2, 7, 1], [18, 4, 19, 3], [2, 6, 3, 5], [7, 11, 8, 10], [9, 17, 10, 16], [20, 12, 21, 11], [22, 14, 23, 13], [15, 9, 16, 8], [24, 18, 1, 17], [4, 20, 5, 19]]"
12n_0338_65,"[[4, 20, 5, 19], [12, 22, 13, 21], [14, 24, 15, 23], [6, 2, 7, 1], [18, 4, 19, 3], [2, 6, 3, 5], [7, 11, 8, 10], [9, 17, 10, 16], [20, 12, 21, 11], [22, 14, 23, 13], [15, 9, 16, 8], [24, 18, 1, 17]]"
12n_0338_66,"[[24, 18, 1, 17], [4, 20, 5, 19], [12, 22, 13, 21], [14, 24, 15, 23], [6, 2, 7, 1], [18, 4, 19, 3], [2, 6, 3, 5], [7, 11, 8, 10], [9, 17, 10, 16], [20, 12, 21, 11], [22, 14, 23, 13], [15, 9, 16, 8]]"
12n_0338_67,"[[15, 9, 16, 8], [24, 18, 1, 17], [4, 20, 5, 19], [12, 22, 13, 21], [14, 24, 15, 23], [6, 2, 7, 1], [18, 4, 19, 3], [2, 6, 3, 5], [7, 11, 8, 10], [9, 17, 10, 16], [20, 12, 21, 11], [22, 14, 23, 13]]"
12n_0338_68,"[[22, 14, 23, 13], [15, 9, 16, 8], [24, 18, 1, 17], [4, 20, 5, 19], [12, 22, 13, 21], [14, 24, 15, 23], [6, 2, 7, 1], [18, 4, 19, 3], [2, 6, 3, 5], [7, 11, 8, 10], [9, 17, 10, 16], [20, 12, 21, 11]]"
12n_0338_69,"[[20, 12, 21, 11], [22, 14, 23, 13], [15, 9, 16, 8], [24, 18, 1, 17], [4, 20, 5, 19], [12, 22, 13, 21], [14, 24, 15, 23], [6, 2, 7, 1], [18, 4, 19, 3], [2, 6, 3, 5], [7, 11, 8, 10], [9, 17, 10, 16]]"
12n_0338_70,"[[9, 17, 10, 16], [20, 12, 21, 11], [22, 14, 23, 13], [15, 9, 16, 8], [24, 18, 1, 17], [4, 20, 5, 19], [12, 22, 13, 21], [14, 24, 15, 23], [6, 2, 7, 1], [18, 4, 19, 3], [2, 6, 3, 5], [7, 11, 8, 10]]"
12n_0338_71,"[[7, 11, 8, 10], [9, 17, 10, 16], [20, 12, 21, 11], [22, 14, 23, 13], [15, 9, 16, 8], [24, 18, 1, 17], [4, 20, 5, 19], [12, 22, 13, 21], [14, 24, 15, 23], [6, 2, 7, 1], [18, 4, 19, 3], [2, 6, 3, 5]]"
12n_0338_72,"[[3, 7, 4, 6], [8, 12, 9, 11], [10, 18, 11, 17], [21, 13, 22, 12], [23, 15, 24, 14], [16, 10, 17, 9], [1, 19, 2, 18], [5, 21, 6, 20], [13, 23, 14, 22], [15, 1, 16, 24], [7, 3, 8, 2], [19, 5, 20, 4]]"
12n_0338_73,"[[19, 5, 20, 4], [3, 7, 4, 6], [8, 12, 9, 11], [10, 18, 11, 17], [21, 13, 22, 12], [23, 15, 24, 14], [16, 10, 17, 9], [1, 19, 2, 18], [5, 21, 6, 20], [13, 23, 14, 22], [15, 1, 16, 24], [7, 3, 8, 2]]"
12n_0338_74,"[[7, 3, 8, 2], [19, 5, 20, 4], [3, 7, 4, 6], [8, 12, 9, 11], [10, 18, 11, 17], [21, 13, 22, 12], [23, 15, 24, 14], [16, 10, 17, 9], [1, 19, 2, 18], [5, 21, 6, 20], [13, 23, 14, 22], [15, 1, 16, 24]]"
12n_0338_75,"[[15, 1, 16, 24], [7, 3, 8, 2], [19, 5, 20, 4], [3, 7, 4, 6], [8, 12, 9, 11], [10, 18, 11, 17], [21, 13, 22, 12], [23, 15, 24, 14], [16, 10, 17, 9], [1, 19, 2, 18], [5, 21, 6, 20], [13, 23, 14, 22]]"
12n_0338_76,"[[13, 23, 14, 22], [15, 1, 16, 24], [7, 3, 8, 2], [19, 5, 20, 4], [3, 7, 4, 6], [8, 12, 9, 11], [10, 18, 11, 17], [21, 13, 22, 12], [23, 15, 24, 14], [16, 10, 17, 9], [1, 19, 2, 18], [5, 21, 6, 20]]"
12n_0338_77,"[[5, 21, 6, 20], [13, 23, 14, 22], [15, 1, 16, 24], [7, 3, 8, 2], [19, 5, 20, 4], [3, 7, 4, 6], [8, 12, 9, 11], [10, 18, 11, 17], [21, 13, 22, 12], [23, 15, 24, 14], [16, 10, 17, 9], [1, 19, 2, 18]]"
12n_0338_78,"[[1, 19, 2, 18], [5, 21, 6, 20], [13, 23, 14, 22], [15, 1, 16, 24], [7, 3, 8, 2], [19, 5, 20, 4], [3, 7, 4, 6], [8, 12, 9, 11], [10, 18, 11, 17], [21, 13, 22, 12], [23, 15, 24, 14], [16, 10, 17, 9]]"
12n_0338_79,"[[16, 10, 17, 9], [1, 19, 2, 18], [5, 21, 6, 20], [13, 23, 14, 22], [15, 1, 16, 24], [7, 3, 8, 2], [19, 5, 20, 4], [3, 7, 4, 6], [8, 12, 9, 11], [10, 18, 11, 17], [21, 13, 22, 12], [23, 15, 24, 14]]"
12n_0338_80,"[[23, 15, 24, 14], [16, 10, 17, 9], [1, 19, 2, 18], [5, 21, 6, 20], [13, 23, 14, 22], [15, 1, 16, 24], [7, 3, 8, 2], [19, 5, 20, 4], [3, 7, 4, 6], [8, 12, 9, 11], [10, 18, 11, 17], [21, 13, 22, 12]]"
12n_0338_81,"[[21, 13, 22, 12], [23, 15, 24, 14], [16, 10, 17, 9], [1, 19, 2, 18], [5, 21, 6, 20], [13, 23, 14, 22], [15, 1, 16, 24], [7, 3, 8, 2], [19, 5, 20, 4], [3, 7, 4, 6], [8, 12, 9, 11], [10, 18, 11, 17]]"
12n_0338_82,"[[10, 18, 11, 17], [21, 13, 22, 12], [23, 15, 24, 14], [16, 10, 17, 9], [1, 19, 2, 18], [5, 21, 6, 20], [13, 23, 14, 22], [15, 1, 16, 24], [7, 3, 8, 2], [19, 5, 20, 4], [3, 7, 4, 6], [8, 12, 9, 11]]"
12n_0338_83,"[[8, 12, 9, 11], [10, 18, 11, 17], [21, 13, 22, 12], [23, 15, 24, 14], [16, 10, 17, 9], [1, 19, 2, 18], [5, 21, 6, 20], [13, 23, 14, 22], [15, 1, 16, 24], [7, 3, 8, 2], [19, 5, 20, 4], [3, 7, 4, 6]]"
12n_0338_84,"[[4, 8, 5, 7], [9, 13, 10, 12], [11, 19, 12, 18], [22, 14, 23, 13], [24, 16, 1, 15], [17, 11, 18, 10], [2, 20, 3, 19], [6, 22, 7, 21], [14, 24, 15, 23], [16, 2, 17, 1], [8, 4, 9, 3], [20, 6, 21, 5]]"
12n_0338_85,"[[20, 6, 21, 5], [4, 8, 5, 7], [9, 13, 10, 12], [11, 19, 12, 18], [22, 14, 23, 13], [24, 16, 1, 15], [17, 11, 18, 10], [2, 20, 3, 19], [6, 22, 7, 21], [14, 24, 15, 23], [16, 2, 17, 1], [8, 4, 9, 3]]"
12n_0338_86,"[[8, 4, 9, 3], [20, 6, 21, 5], [4, 8, 5, 7], [9, 13, 10, 12], [11, 19, 12, 18], [22, 14, 23, 13], [24, 16, 1, 15], [17, 11, 18, 10], [2, 20, 3, 19], [6, 22, 7, 21], [14, 24, 15, 23], [16, 2, 17, 1]]"
12n_0338_87,"[[16, 2, 17, 1], [8, 4, 9, 3], [20, 6, 21, 5], [4, 8, 5, 7], [9, 13, 10, 12], [11, 19, 12, 18], [22, 14, 23, 13], [24, 16, 1, 15], [17, 11, 18, 10], [2, 20, 3, 19], [6, 22, 7, 21], [14, 24, 15, 23]]"
12n_0338_88,"[[14, 24, 15, 23], [16, 2, 17, 1], [8, 4, 9, 3], [20, 6, 21, 5], [4, 8, 5, 7], [9, 13, 10, 12], [11, 19, 12, 18], [22, 14, 23, 13], [24, 16, 1, 15], [17, 11, 18, 10], [2, 20, 3, 19], [6, 22, 7, 21]]"
12n_0338_89,"[[6, 22, 7, 21], [14, 24, 15, 23], [16, 2, 17, 1], [8, 4, 9, 3], [20, 6, 21, 5], [4, 8, 5, 7], [9, 13, 10, 12], [11, 19, 12, 18], [22, 14, 23, 13], [24, 16, 1, 15], [17, 11, 18, 10], [2, 20, 3, 19]]"
12n_0338_90,"[[2, 20, 3, 19], [6, 22, 7, 21], [14, 24, 15, 23], [16, 2, 17, 1], [8, 4, 9, 3], [20, 6, 21, 5], [4, 8, 5, 7], [9, 13, 10, 12], [11, 19, 12, 18], [22, 14, 23, 13], [24, 16, 1, 15], [17, 11, 18, 10]]"
12n_0338_91,"[[17, 11, 18, 10], [2, 20, 3, 19], [6, 22, 7, 21], [14, 24, 15, 23], [16, 2, 17, 1], [8, 4, 9, 3], [20, 6, 21, 5], [4, 8, 5, 7], [9, 13, 10, 12], [11, 19, 12, 18], [22, 14, 23, 13], [24, 16, 1, 15]]"
12n_0338_92,"[[24, 16, 1, 15], [17, 11, 18, 10], [2, 20, 3, 19], [6, 22, 7, 21], [14, 24, 15, 23], [16, 2, 17, 1], [8, 4, 9, 3], [20, 6, 21, 5], [4, 8, 5, 7], [9, 13, 10, 12], [11, 19, 12, 18], [22, 14, 23, 13]]"
12n_0338_93,"[[22, 14, 23, 13], [24, 16, 1, 15], [17, 11, 18, 10], [2, 20, 3, 19], [6, 22, 7, 21], [14, 24, 15, 23], [16, 2, 17, 1], [8, 4, 9, 3], [20, 6, 21, 5], [4, 8, 5, 7], [9, 13, 10, 12], [11, 19, 12, 18]]"
12n_0338_94,"[[11, 19, 12, 18], [22, 14, 23, 13], [24, 16, 1, 15], [17, 11, 18, 10], [2, 20, 3, 19], [6, 22, 7, 21], [14, 24, 15, 23], [16, 2, 17, 1], [8, 4, 9, 3], [20, 6, 21, 5], [4, 8, 5, 7], [9, 13, 10, 12]]"
12n_0338_95,"[[9, 13, 10, 12], [11, 19, 12, 18], [22, 14, 23, 13], [24, 16, 1, 15], [17, 11, 18, 10], [2, 20, 3, 19], [6, 22, 7, 21], [14, 24, 15, 23], [16, 2, 17, 1], [8, 4, 9, 3], [20, 6, 21, 5], [4, 8, 5, 7]]"
12n_0338_96,"[[5, 9, 6, 8], [10, 14, 11, 13], [12, 20, 13, 19], [23, 15, 24, 14], [1, 17, 2, 16], [18, 12, 19, 11], [3, 21, 4, 20], [7, 23, 8, 22], [15, 1, 16, 24], [17, 3, 18, 2], [9, 5, 10, 4], [21, 7, 22, 6]]"
12n_0338_97,"[[21, 7, 22, 6], [5, 9, 6, 8], [10, 14, 11, 13], [12, 20, 13, 19], [23, 15, 24, 14], [1, 17, 2, 16], [18, 12, 19, 11], [3, 21, 4, 20], [7, 23, 8, 22], [15, 1, 16, 24], [17, 3, 18, 2], [9, 5, 10, 4]]"
12n_0338_98,"[[9, 5, 10, 4], [21, 7, 22, 6], [5, 9, 6, 8], [10, 14, 11, 13], [12, 20, 13, 19], [23, 15, 24, 14], [1, 17, 2, 16], [18, 12, 19, 11], [3, 21, 4, 20], [7, 23, 8, 22], [15, 1, 16, 24], [17, 3, 18, 2]]"
12n_0338_99,"[[17, 3, 18, 2], [9, 5, 10, 4], [21, 7, 22, 6], [5, 9, 6, 8], [10, 14, 11, 13], [12, 20, 13, 19], [23, 15, 24, 14], [1, 17, 2, 16], [18, 12, 19, 11], [3, 21, 4, 20], [7, 23, 8, 22], [15, 1, 16, 24]]"
12n_0338_100,"[[15, 1, 16, 24], [17, 3, 18, 2], [9, 5, 10, 4], [21, 7, 22, 6], [5, 9, 6, 8], [10, 14, 11, 13], [12, 20, 13, 19], [23, 15, 24, 14], [1, 17, 2, 16], [18, 12, 19, 11], [3, 21, 4, 20], [7, 23, 8, 22]]"
12n_0338_101,"[[7, 23, 8, 22], [15, 1, 16, 24], [17, 3, 18, 2], [9, 5, 10, 4], [21, 7, 22, 6], [5, 9, 6, 8], [10, 14, 11, 13], [12, 20, 13, 19], [23, 15, 24, 14], [1, 17, 2, 16], [18, 12, 19, 11], [3, 21, 4, 20]]"
12n_0338_102,"[[3, 21, 4, 20], [7, 23, 8, 22], [15, 1, 16, 24], [17, 3, 18, 2], [9, 5, 10, 4], [21, 7, 22, 6], [5, 9, 6, 8], [10, 14, 11, 13], [12, 20, 13, 19], [23, 15, 24, 14], [1, 17, 2, 16], [18, 12, 19, 11]]"
12n_0338_103,"[[18, 12, 19, 11], [3, 21, 4, 20], [7, 23, 8, 22], [15, 1, 16, 24], [17, 3, 18, 2], [9, 5, 10, 4], [21, 7, 22, 6], [5, 9, 6, 8], [10, 14, 11, 13], [12, 20, 13, 19], [23, 15, 24, 14], [1, 17, 2, 16]]"
12n_0338_104,"[[1, 17, 2, 16], [18, 12, 19, 11], [3, 21, 4, 20], [7, 23, 8, 22], [15, 1, 16, 24], [17, 3, 18, 2], [9, 5, 10, 4], [21, 7, 22, 6], [5, 9, 6, 8], [10, 14, 11, 13], [12, 20, 13, 19], [23, 15, 24, 14]]"
12n_0338_105,"[[23, 15, 24, 14], [1, 17, 2, 16], [18, 12, 19, 11], [3, 21, 4, 20], [7, 23, 8, 22], [15, 1, 16, 24], [17, 3, 18, 2], [9, 5, 10, 4], [21, 7, 22, 6], [5, 9, 6, 8], [10, 14, 11, 13], [12, 20, 13, 19]]"
12n_0338_106,"[[12, 20, 13, 19], [23, 15, 24, 14], [1, 17, 2, 16], [18, 12, 19, 11], [3, 21, 4, 20], [7, 23, 8, 22], [15, 1, 16, 24], [17, 3, 18, 2], [9, 5, 10, 4], [21, 7, 22, 6], [5, 9, 6, 8], [10, 14, 11, 13]]"
12n_0338_107,"[[10, 14, 11, 13], [12, 20, 13, 19], [23, 15, 24, 14], [1, 17, 2, 16], [18, 12, 19, 11], [3, 21, 4, 20], [7, 23, 8, 22], [15, 1, 16, 24], [17, 3, 18, 2], [9, 5, 10, 4], [21, 7, 22, 6], [5, 9, 6, 8]]"
12n_0338_108,"[[6, 10, 7, 9], [11, 15, 12, 14], [13, 21, 14, 20], [24, 16, 1, 15], [2, 18, 3, 17], [19, 13, 20, 12], [4, 22, 5, 21], [8, 24, 9, 23], [16, 2, 17, 1], [18, 4, 19, 3], [10, 6, 11, 5], [22, 8, 23, 7]]"
12n_0338_109,"[[22, 8, 23, 7], [6, 10, 7, 9], [11, 15, 12, 14], [13, 21, 14, 20], [24, 16, 1, 15], [2, 18, 3, 17], [19, 13, 20, 12], [4, 22, 5, 21], [8, 24, 9, 23], [16, 2, 17, 1], [18, 4, 19, 3], [10, 6, 11, 5]]"
12n_0338_110,"[[10, 6, 11, 5], [22, 8, 23, 7], [6, 10, 7, 9], [11, 15, 12, 14], [13, 21, 14, 20], [24, 16, 1, 15], [2, 18, 3, 17], [19, 13, 20, 12], [4, 22, 5, 21], [8, 24, 9, 23], [16, 2, 17, 1], [18, 4, 19, 3]]"
12n_0338_111,"[[18, 4, 19, 3], [10, 6, 11, 5], [22, 8, 23, 7], [6, 10, 7, 9], [11, 15, 12, 14], [13, 21, 14, 20], [24, 16, 1, 15], [2, 18, 3, 17], [19, 13, 20, 12], [4, 22, 5, 21], [8, 24, 9, 23], [16, 2, 17, 1]]"
12n_0338_112,"[[16, 2, 17, 1], [18, 4, 19, 3], [10, 6, 11, 5], [22, 8, 23, 7], [6, 10, 7, 9], [11, 15, 12, 14], [13, 21, 14, 20], [24, 16, 1, 15], [2, 18, 3, 17], [19, 13, 20, 12], [4, 22, 5, 21], [8, 24, 9, 23]]"
12n_0338_113,"[[8, 24, 9, 23], [16, 2, 17, 1], [18, 4, 19, 3], [10, 6, 11, 5], [22, 8, 23, 7], [6, 10, 7, 9], [11, 15, 12, 14], [13, 21, 14, 20], [24, 16, 1, 15], [2, 18, 3, 17], [19, 13, 20, 12], [4, 22, 5, 21]]"
12n_0338_114,"[[4, 22, 5, 21], [8, 24, 9, 23], [16, 2, 17, 1], [18, 4, 19, 3], [10, 6, 11, 5], [22, 8, 23, 7], [6, 10, 7, 9], [11, 15, 12, 14], [13, 21, 14, 20], [24, 16, 1, 15], [2, 18, 3, 17], [19, 13, 20, 12]]"
12n_0338_115,"[[19, 13, 20, 12], [4, 22, 5, 21], [8, 24, 9, 23], [16, 2, 17, 1], [18, 4, 19, 3], [10, 6, 11, 5], [22, 8, 23, 7], [6, 10, 7, 9], [11, 15, 12, 14], [13, 21, 14, 20], [24, 16, 1, 15], [2, 18, 3, 17]]"
12n_0338_116,"[[2, 18, 3, 17], [19, 13, 20, 12], [4, 22, 5, 21], [8, 24, 9, 23], [16, 2, 17, 1], [18, 4, 19, 3], [10, 6, 11, 5], [22, 8, 23, 7], [6, 10, 7, 9], [11, 15, 12, 14], [13, 21, 14, 20], [24, 16, 1, 15]]"
12n_0338_117,"[[24, 16, 1, 15], [2, 18, 3, 17], [19, 13, 20, 12], [4, 22, 5, 21], [8, 24, 9, 23], [16, 2, 17, 1], [18, 4, 19, 3], [10, 6, 11, 5], [22, 8, 23, 7], [6, 10, 7, 9], [11, 15, 12, 14], [13, 21, 14, 20]]"
12n_0338_118,"[[13, 21, 14, 20], [24, 16, 1, 15], [2, 18, 3, 17], [19, 13, 20, 12], [4, 22, 5, 21], [8, 24, 9, 23], [16, 2, 17, 1], [18, 4, 19, 3], [10, 6, 11, 5], [22, 8, 23, 7], [6, 10, 7, 9], [11, 15, 12, 14]]"
12n_0338_119,"[[11, 15, 12, 14], [13, 21, 14, 20], [24, 16, 1, 15], [2, 18, 3, 17], [19, 13, 20, 12], [4, 22, 5, 21], [8, 24, 9, 23], [16, 2, 17, 1], [18, 4, 19, 3], [10, 6, 11, 5], [22, 8, 23, 7], [6, 10, 7, 9]]"
12n_0338_120,"[[7, 11, 8, 10], [12, 16, 13, 15], [14, 22, 15, 21], [1, 17, 2, 16], [3, 19, 4, 18], [20, 14, 21, 13], [5, 23, 6, 22], [9, 1, 10, 24], [17, 3, 18, 2], [19, 5, 20, 4], [11, 7, 12, 6], [23, 9, 24, 8]]"
12n_0338_121,"[[23, 9, 24, 8], [7, 11, 8, 10], [12, 16, 13, 15], [14, 22, 15, 21], [1, 17, 2, 16], [3, 19, 4, 18], [20, 14, 21, 13], [5, 23, 6, 22], [9, 1, 10, 24], [17, 3, 18, 2], [19, 5, 20, 4], [11, 7, 12, 6]]"
12n_0338_122,"[[11, 7, 12, 6], [23, 9, 24, 8], [7, 11, 8, 10], [12, 16, 13, 15], [14, 22, 15, 21], [1, 17, 2, 16], [3, 19, 4, 18], [20, 14, 21, 13], [5, 23, 6, 22], [9, 1, 10, 24], [17, 3, 18, 2], [19, 5, 20, 4]]"
12n_0338_123,"[[19, 5, 20, 4], [11, 7, 12, 6], [23, 9, 24, 8], [7, 11, 8, 10], [12, 16, 13, 15], [14, 22, 15, 21], [1, 17, 2, 16], [3, 19, 4, 18], [20, 14, 21, 13], [5, 23, 6, 22], [9, 1, 10, 24], [17, 3, 18, 2]]"
12n_0338_124,"[[17, 3, 18, 2], [19, 5, 20, 4], [11, 7, 12, 6], [23, 9, 24, 8], [7, 11, 8, 10], [12, 16, 13, 15], [14, 22, 15, 21], [1, 17, 2, 16], [3, 19, 4, 18], [20, 14, 21, 13], [5, 23, 6, 22], [9, 1, 10, 24]]"
12n_0338_125,"[[9, 1, 10, 24], [17, 3, 18, 2], [19, 5, 20, 4], [11, 7, 12, 6], [23, 9, 24, 8], [7, 11, 8, 10], [12, 16, 13, 15], [14, 22, 15, 21], [1, 17, 2, 16], [3, 19, 4, 18], [20, 14, 21, 13], [5, 23, 6, 22]]"
12n_0338_126,"[[5, 23, 6, 22], [9, 1, 10, 24], [17, 3, 18, 2], [19, 5, 20, 4], [11, 7, 12, 6], [23, 9, 24, 8], [7, 11, 8, 10], [12, 16, 13, 15], [14, 22, 15, 21], [1, 17, 2, 16], [3, 19, 4, 18], [20, 14, 21, 13]]"
12n_0338_127,"[[20, 14, 21, 13], [5, 23, 6, 22], [9, 1, 10, 24], [17, 3, 18, 2], [19, 5, 20, 4], [11, 7, 12, 6], [23, 9, 24, 8], [7, 11, 8, 10], [12, 16, 13, 15], [14, 22, 15, 21], [1, 17, 2, 16], [3, 19, 4, 18]]"
12n_0338_128,"[[3, 19, 4, 18], [20, 14, 21, 13], [5, 23, 6, 22], [9, 1, 10, 24], [17, 3, 18, 2], [19, 5, 20, 4], [11, 7, 12, 6], [23, 9, 24, 8], [7, 11, 8, 10], [12, 16, 13, 15], [14, 22, 15, 21], [1, 17, 2, 16]]"
12n_0338_129,"[[1, 17, 2, 16], [3, 19, 4, 18], [20, 14, 21, 13], [5, 23, 6, 22], [9, 1, 10, 24], [17, 3, 18, 2], [19, 5, 20, 4], [11, 7, 12, 6], [23, 9, 24, 8], [7, 11, 8, 10], [12, 16, 13, 15], [14, 22, 15, 21]]"
12n_0338_130,"[[14, 22, 15, 21], [1, 17, 2, 16], [3, 19, 4, 18], [20, 14, 21, 13], [5, 23, 6, 22], [9, 1, 10, 24], [17, 3, 18, 2], [19, 5, 20, 4], [11, 7, 12, 6], [23, 9, 24, 8], [7, 11, 8, 10], [12, 16, 13, 15]]"
12n_0338_131,"[[12, 16, 13, 15], [14, 22, 15, 21], [1, 17, 2, 16], [3, 19, 4, 18], [20, 14, 21, 13], [5, 23, 6, 22], [9, 1, 10, 24], [17, 3, 18, 2], [19, 5, 20, 4], [11, 7, 12, 6], [23, 9, 24, 8], [7, 11, 8, 10]]"
12n_0338_132,"[[8, 12, 9, 11], [13, 17, 14, 16], [15, 23, 16, 22], [2, 18, 3, 17], [4, 20, 5, 19], [21, 15, 22, 14], [6, 24, 7, 23], [10, 2, 11, 1], [18, 4, 19, 3], [20, 6, 21, 5], [12, 8, 13, 7], [24, 10, 1, 9]]"
12n_0338_133,"[[24, 10, 1, 9], [8, 12, 9, 11], [13, 17, 14, 16], [15, 23, 16, 22], [2, 18, 3, 17], [4, 20, 5, 19], [21, 15, 22, 14], [6, 24, 7, 23], [10, 2, 11, 1], [18, 4, 19, 3], [20, 6, 21, 5], [12, 8, 13, 7]]"
12n_0338_134,"[[12, 8, 13, 7], [24, 10, 1, 9], [8, 12, 9, 11], [13, 17, 14, 16], [15, 23, 16, 22], [2, 18, 3, 17], [4, 20, 5, 19], [21, 15, 22, 14], [6, 24, 7, 23], [10, 2, 11, 1], [18, 4, 19, 3], [20, 6, 21, 5]]"
12n_0338_135,"[[20, 6, 21, 5], [12, 8, 13, 7], [24, 10, 1, 9], [8, 12, 9, 11], [13, 17, 14, 16], [15, 23, 16, 22], [2, 18, 3, 17], [4, 20, 5, 19], [21, 15, 22, 14], [6, 24, 7, 23], [10, 2, 11, 1], [18, 4, 19, 3]]"
12n_0338_136,"[[18, 4, 19, 3], [20, 6, 21, 5], [12, 8, 13, 7], [24, 10, 1, 9], [8, 12, 9, 11], [13, 17, 14, 16], [15, 23, 16, 22], [2, 18, 3, 17], [4, 20, 5, 19], [21, 15, 22, 14], [6, 24, 7, 23], [10, 2, 11, 1]]"
12n_0338_137,"[[10, 2, 11, 1], [18, 4, 19, 3], [20, 6, 21, 5], [12, 8, 13, 7], [24, 10, 1, 9], [8, 12, 9, 11], [13, 17, 14, 16], [15, 23, 16, 22], [2, 18, 3, 17], [4, 20, 5, 19], [21, 15, 22, 14], [6, 24, 7, 23]]"
12n_0338_138,"[[6, 24, 7, 23], [10, 2, 11, 1], [18, 4, 19, 3], [20, 6, 21, 5], [12, 8, 13, 7], [24, 10, 1, 9], [8, 12, 9, 11], [13, 17, 14, 16], [15, 23, 16, 22], [2, 18, 3, 17], [4, 20, 5, 19], [21, 15, 22, 14]]"
12n_0338_139,"[[21, 15, 22, 14], [6, 24, 7, 23], [10, 2, 11, 1], [18, 4, 19, 3], [20, 6, 21, 5], [12, 8, 13, 7], [24, 10, 1, 9], [8, 12, 9, 11], [13, 17, 14, 16], [15, 23, 16, 22], [2, 18, 3, 17], [4, 20, 5, 19]]"
12n_0338_140,"[[4, 20, 5, 19], [21, 15, 22, 14], [6, 24, 7, 23], [10, 2, 11, 1], [18, 4, 19, 3], [20, 6, 21, 5], [12, 8, 13, 7], [24, 10, 1, 9], [8, 12, 9, 11], [13, 17, 14, 16], [15, 23, 16, 22], [2, 18, 3, 17]]"
12n_0338_141,"[[2, 18, 3, 17], [4, 20, 5, 19], [21, 15, 22, 14], [6, 24, 7, 23], [10, 2, 11, 1], [18, 4, 19, 3], [20, 6, 21, 5], [12, 8, 13, 7], [24, 10, 1, 9], [8, 12, 9, 11], [13, 17, 14, 16], [15, 23, 16, 22]]"
12n_0338_142,"[[15, 23, 16, 22], [2, 18, 3, 17], [4, 20, 5, 19], [21, 15, 22, 14], [6, 24, 7, 23], [10, 2, 11, 1], [18, 4, 19, 3], [20, 6, 21, 5], [12, 8, 13, 7], [24, 10, 1, 9], [8, 12, 9, 11], [13, 17, 14, 16]]"
12n_0338_143,"[[13, 17, 14, 16], [15, 23, 16, 22], [2, 18, 3, 17], [4, 20, 5, 19], [21, 15, 22, 14], [6, 24, 7, 23], [10, 2, 11, 1], [18, 4, 19, 3], [20, 6, 21, 5], [12, 8, 13, 7], [24, 10, 1, 9], [8, 12, 9, 11]]"
12n_0338_144,"[[9, 13, 10, 12], [14, 18, 15, 17], [16, 24, 17, 23], [3, 19, 4, 18], [5, 21, 6, 20], [22, 16, 23, 15], [7, 1, 8, 24], [11, 3, 12, 2], [19, 5, 20, 4], [21, 7, 22, 6], [13, 9, 14, 8], [1, 11, 2, 10]]"
12n_0338_145,"[[1, 11, 2, 10], [9, 13, 10, 12], [14, 18, 15, 17], [16, 24, 17, 23], [3, 19, 4, 18], [5, 21, 6, 20], [22, 16, 23, 15], [7, 1, 8, 24], [11, 3, 12, 2], [19, 5, 20, 4], [21, 7, 22, 6], [13, 9, 14, 8]]"
12n_0338_146,"[[13, 9, 14, 8], [1, 11, 2, 10], [9, 13, 10, 12], [14, 18, 15, 17], [16, 24, 17, 23], [3, 19, 4, 18], [5, 21, 6, 20], [22, 16, 23, 15], [7, 1, 8, 24], [11, 3, 12, 2], [19, 5, 20, 4], [21, 7, 22, 6]]"
12n_0338_147,"[[21, 7, 22, 6], [13, 9, 14, 8], [1, 11, 2, 10], [9, 13, 10, 12], [14, 18, 15, 17], [16, 24, 17, 23], [3, 19, 4, 18], [5, 21, 6, 20], [22, 16, 23, 15], [7, 1, 8, 24], [11, 3, 12, 2], [19, 5, 20, 4]]"
12n_0338_148,"[[19, 5, 20, 4], [21, 7, 22, 6], [13, 9, 14, 8], [1, 11, 2, 10], [9, 13, 10, 12], [14, 18, 15, 17], [16, 24, 17, 23], [3, 19, 4, 18], [5, 21, 6, 20], [22, 16, 23, 15], [7, 1, 8, 24], [11, 3, 12, 2]]"
12n_0338_149,"[[11, 3, 12, 2], [19, 5, 20, 4], [21, 7, 22, 6], [13, 9, 14, 8], [1, 11, 2, 10], [9, 13, 10, 12], [14, 18, 15, 17], [16, 24, 17, 23], [3, 19, 4, 18], [5, 21, 6, 20], [22, 16, 23, 15], [7, 1, 8, 24]]"
12n_0338_150,"[[7, 1, 8, 24], [11, 3, 12, 2], [19, 5, 20, 4], [21, 7, 22, 6], [13, 9, 14, 8], [1, 11, 2, 10], [9, 13, 10, 12], [14, 18, 15, 17], [16, 24, 17, 23], [3, 19, 4, 18], [5, 21, 6, 20], [22, 16, 23, 15]]"
12n_0338_151,"[[22, 16, 23, 15], [7, 1, 8, 24], [11, 3, 12, 2], [19, 5, 20, 4], [21, 7, 22, 6], [13, 9, 14, 8], [1, 11, 2, 10], [9, 13, 10, 12], [14, 18, 15, 17], [16, 24, 17, 23], [3, 19, 4, 18], [5, 21, 6, 20]]"
12n_0338_152,"[[5, 21, 6, 20], [22, 16, 23, 15], [7, 1, 8, 24], [11, 3, 12, 2], [19, 5, 20, 4], [21, 7, 22, 6], [13, 9, 14, 8], [1, 11, 2, 10], [9, 13, 10, 12], [14, 18, 15, 17], [16, 24, 17, 23], [3, 19, 4, 18]]"
12n_0338_153,"[[3, 19, 4, 18], [5, 21, 6, 20], [22, 16, 23, 15], [7, 1, 8, 24], [11, 3, 12, 2], [19, 5, 20, 4], [21, 7, 22, 6], [13, 9, 14, 8], [1, 11, 2, 10], [9, 13, 10, 12], [14, 18, 15, 17], [16, 24, 17, 23]]"
12n_0338_154,"[[16, 24, 17, 23], [3, 19, 4, 18], [5, 21, 6, 20], [22, 16, 23, 15], [7, 1, 8, 24], [11, 3, 12, 2], [19, 5, 20, 4], [21, 7, 22, 6], [13, 9, 14, 8], [1, 11, 2, 10], [9, 13, 10, 12], [14, 18, 15, 17]]"
12n_0338_155,"[[14, 18, 15, 17], [16, 24, 17, 23], [3, 19, 4, 18], [5, 21, 6, 20], [22, 16, 23, 15], [7, 1, 8, 24], [11, 3, 12, 2], [19, 5, 20, 4], [21, 7, 22, 6], [13, 9, 14, 8], [1, 11, 2, 10], [9, 13, 10, 12]]"
12n_0338_156,"[[10, 14, 11, 13], [15, 19, 16, 18], [17, 1, 18, 24], [4, 20, 5, 19], [6, 22, 7, 21], [23, 17, 24, 16], [8, 2, 9, 1], [12, 4, 13, 3], [20, 6, 21, 5], [22, 8, 23, 7], [14, 10, 15, 9], [2, 12, 3, 11]]"
12n_0338_157,"[[2, 12, 3, 11], [10, 14, 11, 13], [15, 19, 16, 18], [17, 1, 18, 24], [4, 20, 5, 19], [6, 22, 7, 21], [23, 17, 24, 16], [8, 2, 9, 1], [12, 4, 13, 3], [20, 6, 21, 5], [22, 8, 23, 7], [14, 10, 15, 9]]"
12n_0338_158,"[[14, 10, 15, 9], [2, 12, 3, 11], [10, 14, 11, 13], [15, 19, 16, 18], [17, 1, 18, 24], [4, 20, 5, 19], [6, 22, 7, 21], [23, 17, 24, 16], [8, 2, 9, 1], [12, 4, 13, 3], [20, 6, 21, 5], [22, 8, 23, 7]]"
12n_0338_159,"[[22, 8, 23, 7], [14, 10, 15, 9], [2, 12, 3, 11], [10, 14, 11, 13], [15, 19, 16, 18], [17, 1, 18, 24], [4, 20, 5, 19], [6, 22, 7, 21], [23, 17, 24, 16], [8, 2, 9, 1], [12, 4, 13, 3], [20, 6, 21, 5]]"
12n_0338_160,"[[20, 6, 21, 5], [22, 8, 23, 7], [14, 10, 15, 9], [2, 12, 3, 11], [10, 14, 11, 13], [15, 19, 16, 18], [17, 1, 18, 24], [4, 20, 5, 19], [6, 22, 7, 21], [23, 17, 24, 16], [8, 2, 9, 1], [12, 4, 13, 3]]"
12n_0338_161,"[[12, 4, 13, 3], [20, 6, 21, 5], [22, 8, 23, 7], [14, 10, 15, 9], [2, 12, 3, 11], [10, 14, 11, 13], [15, 19, 16, 18], [17, 1, 18, 24], [4, 20, 5, 19], [6, 22, 7, 21], [23, 17, 24, 16], [8, 2, 9, 1]]"
12n_0338_162,"[[8, 2, 9, 1], [12, 4, 13, 3], [20, 6, 21, 5], [22, 8, 23, 7], [14, 10, 15, 9], [2, 12, 3, 11], [10, 14, 11, 13], [15, 19, 16, 18], [17, 1, 18, 24], [4, 20, 5, 19], [6, 22, 7, 21], [23, 17, 24, 16]]"
12n_0338_163,"[[23, 17, 24, 16], [8, 2, 9, 1], [12, 4, 13, 3], [20, 6, 21, 5], [22, 8, 23, 7], [14, 10, 15, 9], [2, 12, 3, 11], [10, 14, 11, 13], [15, 19, 16, 18], [17, 1, 18, 24], [4, 20, 5, 19], [6, 22, 7, 21]]"
12n_0338_164,"[[6, 22, 7, 21], [23, 17, 24, 16], [8, 2, 9, 1], [12, 4, 13, 3], [20, 6, 21, 5], [22, 8, 23, 7], [14, 10, 15, 9], [2, 12, 3, 11], [10, 14, 11, 13], [15, 19, 16, 18], [17, 1, 18, 24], [4, 20, 5, 19]]"
12n_0338_165,"[[4, 20, 5, 19], [6, 22, 7, 21], [23, 17, 24, 16], [8, 2, 9, 1], [12, 4, 13, 3], [20, 6, 21, 5], [22, 8, 23, 7], [14, 10, 15, 9], [2, 12, 3, 11], [10, 14, 11, 13], [15, 19, 16, 18], [17, 1, 18, 24]]"
12n_0338_166,"[[17, 1, 18, 24], [4, 20, 5, 19], [6, 22, 7, 21], [23, 17, 24, 16], [8, 2, 9, 1], [12, 4, 13, 3], [20, 6, 21, 5], [22, 8, 23, 7], [14, 10, 15, 9], [2, 12, 3, 11], [10, 14, 11, 13], [15, 19, 16, 18]]"
12n_0338_167,"[[15, 19, 16, 18], [17, 1, 18, 24], [4, 20, 5, 19], [6, 22, 7, 21], [23, 17, 24, 16], [8, 2, 9, 1], [12, 4, 13, 3], [20, 6, 21, 5], [22, 8, 23, 7], [14, 10, 15, 9], [2, 12, 3, 11], [10, 14, 11, 13]]"
12n_0338_168,"[[11, 15, 12, 14], [16, 20, 17, 19], [18, 2, 19, 1], [5, 21, 6, 20], [7, 23, 8, 22], [24, 18, 1, 17], [9, 3, 10, 2], [13, 5, 14, 4], [21, 7, 22, 6], [23, 9, 24, 8], [15, 11, 16, 10], [3, 13, 4, 12]]"
12n_0338_169,"[[3, 13, 4, 12], [11, 15, 12, 14], [16, 20, 17, 19], [18, 2, 19, 1], [5, 21, 6, 20], [7, 23, 8, 22], [24, 18, 1, 17], [9, 3, 10, 2], [13, 5, 14, 4], [21, 7, 22, 6], [23, 9, 24, 8], [15, 11, 16, 10]]"
12n_0338_170,"[[15, 11, 16, 10], [3, 13, 4, 12], [11, 15, 12, 14], [16, 20, 17, 19], [18, 2, 19, 1], [5, 21, 6, 20], [7, 23, 8, 22], [24, 18, 1, 17], [9, 3, 10, 2], [13, 5, 14, 4], [21, 7, 22, 6], [23, 9, 24, 8]]"
12n_0338_171,"[[23, 9, 24, 8], [15, 11, 16, 10], [3, 13, 4, 12], [11, 15, 12, 14], [16, 20, 17, 19], [18, 2, 19, 1], [5, 21, 6, 20], [7, 23, 8, 22], [24, 18, 1, 17], [9, 3, 10, 2], [13, 5, 14, 4], [21, 7, 22, 6]]"
12n_0338_172,"[[21, 7, 22, 6], [23, 9, 24, 8], [15, 11, 16, 10], [3, 13, 4, 12], [11, 15, 12, 14], [16, 20, 17, 19], [18, 2, 19, 1], [5, 21, 6, 20], [7, 23, 8, 22], [24, 18, 1, 17], [9, 3, 10, 2], [13, 5, 14, 4]]"
12n_0338_173,"[[13, 5, 14, 4], [21, 7, 22, 6], [23, 9, 24, 8], [15, 11, 16, 10], [3, 13, 4, 12], [11, 15, 12, 14], [16, 20, 17, 19], [18, 2, 19, 1], [5, 21, 6, 20], [7, 23, 8, 22], [24, 18, 1, 17], [9, 3, 10, 2]]"
12n_0338_174,"[[9, 3, 10, 2], [13, 5, 14, 4], [21, 7, 22, 6], [23, 9, 24, 8], [15, 11, 16, 10], [3, 13, 4, 12], [11, 15, 12, 14], [16, 20, 17, 19], [18, 2, 19, 1], [5, 21, 6, 20], [7, 23, 8, 22], [24, 18, 1, 17]]"
12n_0338_175,"[[24, 18, 1, 17], [9, 3, 10, 2], [13, 5, 14, 4], [21, 7, 22, 6], [23, 9, 24, 8], [15, 11, 16, 10], [3, 13, 4, 12], [11, 15, 12, 14], [16, 20, 17, 19], [18, 2, 19, 1], [5, 21, 6, 20], [7, 23, 8, 22]]"
12n_0338_176,"[[7, 23, 8, 22], [24, 18, 1, 17], [9, 3, 10, 2], [13, 5, 14, 4], [21, 7, 22, 6], [23, 9, 24, 8], [15, 11, 16, 10], [3, 13, 4, 12], [11, 15, 12, 14], [16, 20, 17, 19], [18, 2, 19, 1], [5, 21, 6, 20]]"
12n_0338_177,"[[5, 21, 6, 20], [7, 23, 8, 22], [24, 18, 1, 17], [9, 3, 10, 2], [13, 5, 14, 4], [21, 7, 22, 6], [23, 9, 24, 8], [15, 11, 16, 10], [3, 13, 4, 12], [11, 15, 12, 14], [16, 20, 17, 19], [18, 2, 19, 1]]"
12n_0338_178,"[[18, 2, 19, 1], [5, 21, 6, 20], [7, 23, 8, 22], [24, 18, 1, 17], [9, 3, 10, 2], [13, 5, 14, 4], [21, 7, 22, 6], [23, 9, 24, 8], [15, 11, 16, 10], [3, 13, 4, 12], [11, 15, 12, 14], [16, 20, 17, 19]]"
12n_0338_179,"[[16, 20, 17, 19], [18, 2, 19, 1], [5, 21, 6, 20], [7, 23, 8, 22], [24, 18, 1, 17], [9, 3, 10, 2], [13, 5, 14, 4], [21, 7, 22, 6], [23, 9, 24, 8], [15, 11, 16, 10], [3, 13, 4, 12], [11, 15, 12, 14]]"
12n_0338_180,"[[12, 16, 13, 15], [17, 21, 18, 20], [19, 3, 20, 2], [6, 22, 7, 21], [8, 24, 9, 23], [1, 19, 2, 18], [10, 4, 11, 3], [14, 6, 15, 5], [22, 8, 23, 7], [24, 10, 1, 9], [16, 12, 17, 11], [4, 14, 5, 13]]"
12n_0338_181,"[[4, 14, 5, 13], [12, 16, 13, 15], [17, 21, 18, 20], [19, 3, 20, 2], [6, 22, 7, 21], [8, 24, 9, 23], [1, 19, 2, 18], [10, 4, 11, 3], [14, 6, 15, 5], [22, 8, 23, 7], [24, 10, 1, 9], [16, 12, 17, 11]]"
12n_0338_182,"[[16, 12, 17, 11], [4, 14, 5, 13], [12, 16, 13, 15], [17, 21, 18, 20], [19, 3, 20, 2], [6, 22, 7, 21], [8, 24, 9, 23], [1, 19, 2, 18], [10, 4, 11, 3], [14, 6, 15, 5], [22, 8, 23, 7], [24, 10, 1, 9]]"
12n_0338_183,"[[24, 10, 1, 9], [16, 12, 17, 11], [4, 14, 5, 13], [12, 16, 13, 15], [17, 21, 18, 20], [19, 3, 20, 2], [6, 22, 7, 21], [8, 24, 9, 23], [1, 19, 2, 18], [10, 4, 11, 3], [14, 6, 15, 5], [22, 8, 23, 7]]"
12n_0338_184,"[[22, 8, 23, 7], [24, 10, 1, 9], [16, 12, 17, 11], [4, 14, 5, 13], [12, 16, 13, 15], [17, 21, 18, 20], [19, 3, 20, 2], [6, 22, 7, 21], [8, 24, 9, 23], [1, 19, 2, 18], [10, 4, 11, 3], [14, 6, 15, 5]]"
12n_0338_185,"[[14, 6, 15, 5], [22, 8, 23, 7], [24, 10, 1, 9], [16, 12, 17, 11], [4, 14, 5, 13], [12, 16, 13, 15], [17, 21, 18, 20], [19, 3, 20, 2], [6, 22, 7, 21], [8, 24, 9, 23], [1, 19, 2, 18], [10, 4, 11, 3]]"
