name,pd_notation
12n_0262_0,"[[13, 1, 14, 24], [2, 6, 3, 5], [4, 10, 5, 9], [17, 6, 18, 7], [8, 4, 9, 3], [21, 10, 22, 11], [1, 13, 2, 12], [19, 14, 20, 15], [7, 16, 8, 17], [23, 18, 24, 19], [11, 20, 12, 21], [15, 22, 16, 23]]"
12n_0262_1,"[[15, 22, 16, 23], [13, 1, 14, 24], [2, 6, 3, 5], [4, 10, 5, 9], [17, 6, 18, 7], [8, 4, 9, 3], [21, 10, 22, 11], [1, 13, 2, 12], [19, 14, 20, 15], [7, 16, 8, 17], [23, 18, 24, 19], [11, 20, 12, 21]]"
12n_0262_2,"[[11, 20, 12, 21], [15, 22, 16, 23], [13, 1, 14, 24], [2, 6, 3, 5], [4, 10, 5, 9], [17, 6, 18, 7], [8, 4, 9, 3], [21, 10, 22, 11], [1, 13, 2, 12], [19, 14, 20, 15], [7, 16, 8, 17], [23, 18, 24, 19]]"
12n_0262_3,"[[23, 18, 24, 19], [11, 20, 12, 21], [15, 22, 16, 23], [13, 1, 14, 24], [2, 6, 3, 5], [4, 10, 5, 9], [17, 6, 18, 7], [8, 4, 9, 3], [21, 10, 22, 11], [1, 13, 2, 12], [19, 14, 20, 15], [7, 16, 8, 17]]"
12n_0262_4,"[[7, 16, 8, 17], [23, 18, 24, 19], [11, 20, 12, 21], [15, 22, 16, 23], [13, 1, 14, 24], [2, 6, 3, 5], [4, 10, 5, 9], [17, 6, 18, 7], [8, 4, 9, 3], [21, 10, 22, 11], [1, 13, 2, 12], [19, 14, 20, 15]]"
12n_0262_5,"[[19, 14, 20, 15], [7, 16, 8, 17], [23, 18, 24, 19], [11, 20, 12, 21], [15, 22, 16, 23], [13, 1, 14, 24], [2, 6, 3, 5], [4, 10, 5, 9], [17, 6, 18, 7], [8, 4, 9, 3], [21, 10, 22, 11], [1, 13, 2, 12]]"
12n_0262_6,"[[1, 13, 2, 12], [19, 14, 20, 15], [7, 16, 8, 17], [23, 18, 24, 19], [11, 20, 12, 21], [15, 22, 16, 23], [13, 1, 14, 24], [2, 6, 3, 5], [4, 10, 5, 9], [17, 6, 18, 7], [8, 4, 9, 3], [21, 10, 22, 11]]"
12n_0262_7,"[[21, 10, 22, 11], [1, 13, 2, 12], [19, 14, 20, 15], [7, 16, 8, 17], [23, 18, 24, 19], [11, 20, 12, 21], [15, 22, 16, 23], [13, 1, 14, 24], [2, 6, 3, 5], [4, 10, 5, 9], [17, 6, 18, 7], [8, 4, 9, 3]]"
12n_0262_8,"[[8, 4, 9, 3], [21, 10, 22, 11], [1, 13, 2, 12], [19, 14, 20, 15], [7, 16, 8, 17], [23, 18, 24, 19], [11, 20, 12, 21], [15, 22, 16, 23], [13, 1, 14, 24], [2, 6, 3, 5], [4, 10, 5, 9], [17, 6, 18, 7]]"
12n_0262_9,"[[17, 6, 18, 7], [8, 4, 9, 3], [21, 10, 22, 11], [1, 13, 2, 12], [19, 14, 20, 15], [7, 16, 8, 17], [23, 18, 24, 19], [11, 20, 12, 21], [15, 22, 16, 23], [13, 1, 14, 24], [2, 6, 3, 5], [4, 10, 5, 9]]"
12n_0262_10,"[[4, 10, 5, 9], [17, 6, 18, 7], [8, 4, 9, 3], [21, 10, 22, 11], [1, 13, 2, 12], [19, 14, 20, 15], [7, 16, 8, 17], [23, 18, 24, 19], [11, 20, 12, 21], [15, 22, 16, 23], [13, 1, 14, 24], [2, 6, 3, 5]]"
12n_0262_11,"[[2, 6, 3, 5], [4, 10, 5, 9], [17, 6, 18, 7], [8, 4, 9, 3], [21, 10, 22, 11], [1, 13, 2, 12], [19, 14, 20, 15], [7, 16, 8, 17], [23, 18, 24, 19], [11, 20, 12, 21], [15, 22, 16, 23], [13, 1, 14, 24]]"
12n_0262_12,"[[14, 2, 15, 1], [3, 7, 4, 6], [5, 11, 6, 10], [18, 7, 19, 8], [9, 5, 10, 4], [22, 11, 23, 12], [2, 14, 3, 13], [20, 15, 21, 16], [8, 17, 9, 18], [24, 19, 1, 20], [12, 21, 13, 22], [16, 23, 17, 24]]"
12n_0262_13,"[[16, 23, 17, 24], [14, 2, 15, 1], [3, 7, 4, 6], [5, 11, 6, 10], [18, 7, 19, 8], [9, 5, 10, 4], [22, 11, 23, 12], [2, 14, 3, 13], [20, 15, 21, 16], [8, 17, 9, 18], [24, 19, 1, 20], [12, 21, 13, 22]]"
12n_0262_14,"[[12, 21, 13, 22], [16, 23, 17, 24], [14, 2, 15, 1], [3, 7, 4, 6], [5, 11, 6, 10], [18, 7, 19, 8], [9, 5, 10, 4], [22, 11, 23, 12], [2, 14, 3, 13], [20, 15, 21, 16], [8, 17, 9, 18], [24, 19, 1, 20]]"
12n_0262_15,"[[24, 19, 1, 20], [12, 21, 13, 22], [16, 23, 17, 24], [14, 2, 15, 1], [3, 7, 4, 6], [5, 11, 6, 10], [18, 7, 19, 8], [9, 5, 10, 4], [22, 11, 23, 12], [2, 14, 3, 13], [20, 15, 21, 16], [8, 17, 9, 18]]"
12n_0262_16,"[[8, 17, 9, 18], [24, 19, 1, 20], [12, 21, 13, 22], [16, 23, 17, 24], [14, 2, 15, 1], [3, 7, 4, 6], [5, 11, 6, 10], [18, 7, 19, 8], [9, 5, 10, 4], [22, 11, 23, 12], [2, 14, 3, 13], [20, 15, 21, 16]]"
12n_0262_17,"[[20, 15, 21, 16], [8, 17, 9, 18], [24, 19, 1, 20], [12, 21, 13, 22], [16, 23, 17, 24], [14, 2, 15, 1], [3, 7, 4, 6], [5, 11, 6, 10], [18, 7, 19, 8], [9, 5, 10, 4], [22, 11, 23, 12], [2, 14, 3, 13]]"
12n_0262_18,"[[2, 14, 3, 13], [20, 15, 21, 16], [8, 17, 9, 18], [24, 19, 1, 20], [12, 21, 13, 22], [16, 23, 17, 24], [14, 2, 15, 1], [3, 7, 4, 6], [5, 11, 6, 10], [18, 7, 19, 8], [9, 5, 10, 4], [22, 11, 23, 12]]"
12n_0262_19,"[[22, 11, 23, 12], [2, 14, 3, 13], [20, 15, 21, 16], [8, 17, 9, 18], [24, 19, 1, 20], [12, 21, 13, 22], [16, 23, 17, 24], [14, 2, 15, 1], [3, 7, 4, 6], [5, 11, 6, 10], [18, 7, 19, 8], [9, 5, 10, 4]]"
12n_0262_20,"[[9, 5, 10, 4], [22, 11, 23, 12], [2, 14, 3, 13], [20, 15, 21, 16], [8, 17, 9, 18], [24, 19, 1, 20], [12, 21, 13, 22], [16, 23, 17, 24], [14, 2, 15, 1], [3, 7, 4, 6], [5, 11, 6, 10], [18, 7, 19, 8]]"
12n_0262_21,"[[18, 7, 19, 8], [9, 5, 10, 4], [22, 11, 23, 12], [2, 14, 3, 13], [20, 15, 21, 16], [8, 17, 9, 18], [24, 19, 1, 20], [12, 21, 13, 22], [16, 23, 17, 24], [14, 2, 15, 1], [3, 7, 4, 6], [5, 11, 6, 10]]"
12n_0262_22,"[[5, 11, 6, 10], [18, 7, 19, 8], [9, 5, 10, 4], [22, 11, 23, 12], [2, 14, 3, 13], [20, 15, 21, 16], [8, 17, 9, 18], [24, 19, 1, 20], [12, 21, 13, 22], [16, 23, 17, 24], [14, 2, 15, 1], [3, 7, 4, 6]]"
12n_0262_23,"[[3, 7, 4, 6], [5, 11, 6, 10], [18, 7, 19, 8], [9, 5, 10, 4], [22, 11, 23, 12], [2, 14, 3, 13], [20, 15, 21, 16], [8, 17, 9, 18], [24, 19, 1, 20], [12, 21, 13, 22], [16, 23, 17, 24], [14, 2, 15, 1]]"
12n_0262_24,"[[15, 3, 16, 2], [4, 8, 5, 7], [6, 12, 7, 11], [19, 8, 20, 9], [10, 6, 11, 5], [23, 12, 24, 13], [3, 15, 4, 14], [21, 16, 22, 17], [9, 18, 10, 19], [1, 20, 2, 21], [13, 22, 14, 23], [17, 24, 18, 1]]"
12n_0262_25,"[[17, 24, 18, 1], [15, 3, 16, 2], [4, 8, 5, 7], [6, 12, 7, 11], [19, 8, 20, 9], [10, 6, 11, 5], [23, 12, 24, 13], [3, 15, 4, 14], [21, 16, 22, 17], [9, 18, 10, 19], [1, 20, 2, 21], [13, 22, 14, 23]]"
12n_0262_26,"[[13, 22, 14, 23], [17, 24, 18, 1], [15, 3, 16, 2], [4, 8, 5, 7], [6, 12, 7, 11], [19, 8, 20, 9], [10, 6, 11, 5], [23, 12, 24, 13], [3, 15, 4, 14], [21, 16, 22, 17], [9, 18, 10, 19], [1, 20, 2, 21]]"
12n_0262_27,"[[1, 20, 2, 21], [13, 22, 14, 23], [17, 24, 18, 1], [15, 3, 16, 2], [4, 8, 5, 7], [6, 12, 7, 11], [19, 8, 20, 9], [10, 6, 11, 5], [23, 12, 24, 13], [3, 15, 4, 14], [21, 16, 22, 17], [9, 18, 10, 19]]"
12n_0262_28,"[[9, 18, 10, 19], [1, 20, 2, 21], [13, 22, 14, 23], [17, 24, 18, 1], [15, 3, 16, 2], [4, 8, 5, 7], [6, 12, 7, 11], [19, 8, 20, 9], [10, 6, 11, 5], [23, 12, 24, 13], [3, 15, 4, 14], [21, 16, 22, 17]]"
12n_0262_29,"[[21, 16, 22, 17], [9, 18, 10, 19], [1, 20, 2, 21], [13, 22, 14, 23], [17, 24, 18, 1], [15, 3, 16, 2], [4, 8, 5, 7], [6, 12, 7, 11], [19, 8, 20, 9], [10, 6, 11, 5], [23, 12, 24, 13], [3, 15, 4, 14]]"
12n_0262_30,"[[3, 15, 4, 14], [21, 16, 22, 17], [9, 18, 10, 19], [1, 20, 2, 21], [13, 22, 14, 23], [17, 24, 18, 1], [15, 3, 16, 2], [4, 8, 5, 7], [6, 12, 7, 11], [19, 8, 20, 9], [10, 6, 11, 5], [23, 12, 24, 13]]"
12n_0262_31,"[[23, 12, 24, 13], [3, 15, 4, 14], [21, 16, 22, 17], [9, 18, 10, 19], [1, 20, 2, 21], [13, 22, 14, 23], [17, 24, 18, 1], [15, 3, 16, 2], [4, 8, 5, 7], [6, 12, 7, 11], [19, 8, 20, 9], [10, 6, 11, 5]]"
12n_0262_32,"[[10, 6, 11, 5], [23, 12, 24, 13], [3, 15, 4, 14], [21, 16, 22, 17], [9, 18, 10, 19], [1, 20, 2, 21], [13, 22, 14, 23], [17, 24, 18, 1], [15, 3, 16, 2], [4, 8, 5, 7], [6, 12, 7, 11], [19, 8, 20, 9]]"
12n_0262_33,"[[19, 8, 20, 9], [10, 6, 11, 5], [23, 12, 24, 13], [3, 15, 4, 14], [21, 16, 22, 17], [9, 18, 10, 19], [1, 20, 2, 21], [13, 22, 14, 23], [17, 24, 18, 1], [15, 3, 16, 2], [4, 8, 5, 7], [6, 12, 7, 11]]"
12n_0262_34,"[[6, 12, 7, 11], [19, 8, 20, 9], [10, 6, 11, 5], [23, 12, 24, 13], [3, 15, 4, 14], [21, 16, 22, 17], [9, 18, 10, 19], [1, 20, 2, 21], [13, 22, 14, 23], [17, 24, 18, 1], [15, 3, 16, 2], [4, 8, 5, 7]]"
12n_0262_35,"[[4, 8, 5, 7], [6, 12, 7, 11], [19, 8, 20, 9], [10, 6, 11, 5], [23, 12, 24, 13], [3, 15, 4, 14], [21, 16, 22, 17], [9, 18, 10, 19], [1, 20, 2, 21], [13, 22, 14, 23], [17, 24, 18, 1], [15, 3, 16, 2]]"
12n_0262_36,"[[16, 4, 17, 3], [5, 9, 6, 8], [7, 13, 8, 12], [20, 9, 21, 10], [11, 7, 12, 6], [24, 13, 1, 14], [4, 16, 5, 15], [22, 17, 23, 18], [10, 19, 11, 20], [2, 21, 3, 22], [14, 23, 15, 24], [18, 1, 19, 2]]"
12n_0262_37,"[[18, 1, 19, 2], [16, 4, 17, 3], [5, 9, 6, 8], [7, 13, 8, 12], [20, 9, 21, 10], [11, 7, 12, 6], [24, 13, 1, 14], [4, 16, 5, 15], [22, 17, 23, 18], [10, 19, 11, 20], [2, 21, 3, 22], [14, 23, 15, 24]]"
12n_0262_38,"[[14, 23, 15, 24], [18, 1, 19, 2], [16, 4, 17, 3], [5, 9, 6, 8], [7, 13, 8, 12], [20, 9, 21, 10], [11, 7, 12, 6], [24, 13, 1, 14], [4, 16, 5, 15], [22, 17, 23, 18], [10, 19, 11, 20], [2, 21, 3, 22]]"
12n_0262_39,"[[2, 21, 3, 22], [14, 23, 15, 24], [18, 1, 19, 2], [16, 4, 17, 3], [5, 9, 6, 8], [7, 13, 8, 12], [20, 9, 21, 10], [11, 7, 12, 6], [24, 13, 1, 14], [4, 16, 5, 15], [22, 17, 23, 18], [10, 19, 11, 20]]"
12n_0262_40,"[[10, 19, 11, 20], [2, 21, 3, 22], [14, 23, 15, 24], [18, 1, 19, 2], [16, 4, 17, 3], [5, 9, 6, 8], [7, 13, 8, 12], [20, 9, 21, 10], [11, 7, 12, 6], [24, 13, 1, 14], [4, 16, 5, 15], [22, 17, 23, 18]]"
12n_0262_41,"[[22, 17, 23, 18], [10, 19, 11, 20], [2, 21, 3, 22], [14, 23, 15, 24], [18, 1, 19, 2], [16, 4, 17, 3], [5, 9, 6, 8], [7, 13, 8, 12], [20, 9, 21, 10], [11, 7, 12, 6], [24, 13, 1, 14], [4, 16, 5, 15]]"
12n_0262_42,"[[4, 16, 5, 15], [22, 17, 23, 18], [10, 19, 11, 20], [2, 21, 3, 22], [14, 23, 15, 24], [18, 1, 19, 2], [16, 4, 17, 3], [5, 9, 6, 8], [7, 13, 8, 12], [20, 9, 21, 10], [11, 7, 12, 6], [24, 13, 1, 14]]"
12n_0262_43,"[[24, 13, 1, 14], [4, 16, 5, 15], [22, 17, 23, 18], [10, 19, 11, 20], [2, 21, 3, 22], [14, 23, 15, 24], [18, 1, 19, 2], [16, 4, 17, 3], [5, 9, 6, 8], [7, 13, 8, 12], [20, 9, 21, 10], [11, 7, 12, 6]]"
12n_0262_44,"[[11, 7, 12, 6], [24, 13, 1, 14], [4, 16, 5, 15], [22, 17, 23, 18], [10, 19, 11, 20], [2, 21, 3, 22], [14, 23, 15, 24], [18, 1, 19, 2], [16, 4, 17, 3], [5, 9, 6, 8], [7, 13, 8, 12], [20, 9, 21, 10]]"
12n_0262_45,"[[20, 9, 21, 10], [11, 7, 12, 6], [24, 13, 1, 14], [4, 16, 5, 15], [22, 17, 23, 18], [10, 19, 11, 20], [2, 21, 3, 22], [14, 23, 15, 24], [18, 1, 19, 2], [16, 4, 17, 3], [5, 9, 6, 8], [7, 13, 8, 12]]"
12n_0262_46,"[[7, 13, 8, 12], [20, 9, 21, 10], [11, 7, 12, 6], [24, 13, 1, 14], [4, 16, 5, 15], [22, 17, 23, 18], [10, 19, 11, 20], [2, 21, 3, 22], [14, 23, 15, 24], [18, 1, 19, 2], [16, 4, 17, 3], [5, 9, 6, 8]]"
12n_0262_47,"[[5, 9, 6, 8], [7, 13, 8, 12], [20, 9, 21, 10], [11, 7, 12, 6], [24, 13, 1, 14], [4, 16, 5, 15], [22, 17, 23, 18], [10, 19, 11, 20], [2, 21, 3, 22], [14, 23, 15, 24], [18, 1, 19, 2], [16, 4, 17, 3]]"
12n_0262_48,"[[17, 5, 18, 4], [6, 10, 7, 9], [8, 14, 9, 13], [21, 10, 22, 11], [12, 8, 13, 7], [1, 14, 2, 15], [5, 17, 6, 16], [23, 18, 24, 19], [11, 20, 12, 21], [3, 22, 4, 23], [15, 24, 16, 1], [19, 2, 20, 3]]"
12n_0262_49,"[[19, 2, 20, 3], [17, 5, 18, 4], [6, 10, 7, 9], [8, 14, 9, 13], [21, 10, 22, 11], [12, 8, 13, 7], [1, 14, 2, 15], [5, 17, 6, 16], [23, 18, 24, 19], [11, 20, 12, 21], [3, 22, 4, 23], [15, 24, 16, 1]]"
12n_0262_50,"[[15, 24, 16, 1], [19, 2, 20, 3], [17, 5, 18, 4], [6, 10, 7, 9], [8, 14, 9, 13], [21, 10, 22, 11], [12, 8, 13, 7], [1, 14, 2, 15], [5, 17, 6, 16], [23, 18, 24, 19], [11, 20, 12, 21], [3, 22, 4, 23]]"
12n_0262_51,"[[3, 22, 4, 23], [15, 24, 16, 1], [19, 2, 20, 3], [17, 5, 18, 4], [6, 10, 7, 9], [8, 14, 9, 13], [21, 10, 22, 11], [12, 8, 13, 7], [1, 14, 2, 15], [5, 17, 6, 16], [23, 18, 24, 19], [11, 20, 12, 21]]"
12n_0262_52,"[[11, 20, 12, 21], [3, 22, 4, 23], [15, 24, 16, 1], [19, 2, 20, 3], [17, 5, 18, 4], [6, 10, 7, 9], [8, 14, 9, 13], [21, 10, 22, 11], [12, 8, 13, 7], [1, 14, 2, 15], [5, 17, 6, 16], [23, 18, 24, 19]]"
12n_0262_53,"[[23, 18, 24, 19], [11, 20, 12, 21], [3, 22, 4, 23], [15, 24, 16, 1], [19, 2, 20, 3], [17, 5, 18, 4], [6, 10, 7, 9], [8, 14, 9, 13], [21, 10, 22, 11], [12, 8, 13, 7], [1, 14, 2, 15], [5, 17, 6, 16]]"
12n_0262_54,"[[5, 17, 6, 16], [23, 18, 24, 19], [11, 20, 12, 21], [3, 22, 4, 23], [15, 24, 16, 1], [19, 2, 20, 3], [17, 5, 18, 4], [6, 10, 7, 9], [8, 14, 9, 13], [21, 10, 22, 11], [12, 8, 13, 7], [1, 14, 2, 15]]"
12n_0262_55,"[[1, 14, 2, 15], [5, 17, 6, 16], [23, 18, 24, 19], [11, 20, 12, 21], [3, 22, 4, 23], [15, 24, 16, 1], [19, 2, 20, 3], [17, 5, 18, 4], [6, 10, 7, 9], [8, 14, 9, 13], [21, 10, 22, 11], [12, 8, 13, 7]]"
12n_0262_56,"[[12, 8, 13, 7], [1, 14, 2, 15], [5, 17, 6, 16], [23, 18, 24, 19], [11, 20, 12, 21], [3, 22, 4, 23], [15, 24, 16, 1], [19, 2, 20, 3], [17, 5, 18, 4], [6, 10, 7, 9], [8, 14, 9, 13], [21, 10, 22, 11]]"
12n_0262_57,"[[21, 10, 22, 11], [12, 8, 13, 7], [1, 14, 2, 15], [5, 17, 6, 16], [23, 18, 24, 19], [11, 20, 12, 21], [3, 22, 4, 23], [15, 24, 16, 1], [19, 2, 20, 3], [17, 5, 18, 4], [6, 10, 7, 9], [8, 14, 9, 13]]"
12n_0262_58,"[[8, 14, 9, 13], [21, 10, 22, 11], [12, 8, 13, 7], [1, 14, 2, 15], [5, 17, 6, 16], [23, 18, 24, 19], [11, 20, 12, 21], [3, 22, 4, 23], [15, 24, 16, 1], [19, 2, 20, 3], [17, 5, 18, 4], [6, 10, 7, 9]]"
12n_0262_59,"[[6, 10, 7, 9], [8, 14, 9, 13], [21, 10, 22, 11], [12, 8, 13, 7], [1, 14, 2, 15], [5, 17, 6, 16], [23, 18, 24, 19], [11, 20, 12, 21], [3, 22, 4, 23], [15, 24, 16, 1], [19, 2, 20, 3], [17, 5, 18, 4]]"
12n_0262_60,"[[18, 6, 19, 5], [7, 11, 8, 10], [9, 15, 10, 14], [22, 11, 23, 12], [13, 9, 14, 8], [2, 15, 3, 16], [6, 18, 7, 17], [24, 19, 1, 20], [12, 21, 13, 22], [4, 23, 5, 24], [16, 1, 17, 2], [20, 3, 21, 4]]"
12n_0262_61,"[[20, 3, 21, 4], [18, 6, 19, 5], [7, 11, 8, 10], [9, 15, 10, 14], [22, 11, 23, 12], [13, 9, 14, 8], [2, 15, 3, 16], [6, 18, 7, 17], [24, 19, 1, 20], [12, 21, 13, 22], [4, 23, 5, 24], [16, 1, 17, 2]]"
12n_0262_62,"[[16, 1, 17, 2], [20, 3, 21, 4], [18, 6, 19, 5], [7, 11, 8, 10], [9, 15, 10, 14], [22, 11, 23, 12], [13, 9, 14, 8], [2, 15, 3, 16], [6, 18, 7, 17], [24, 19, 1, 20], [12, 21, 13, 22], [4, 23, 5, 24]]"
12n_0262_63,"[[4, 23, 5, 24], [16, 1, 17, 2], [20, 3, 21, 4], [18, 6, 19, 5], [7, 11, 8, 10], [9, 15, 10, 14], [22, 11, 23, 12], [13, 9, 14, 8], [2, 15, 3, 16], [6, 18, 7, 17], [24, 19, 1, 20], [12, 21, 13, 22]]"
12n_0262_64,"[[12, 21, 13, 22], [4, 23, 5, 24], [16, 1, 17, 2], [20, 3, 21, 4], [18, 6, 19, 5], [7, 11, 8, 10], [9, 15, 10, 14], [22, 11, 23, 12], [13, 9, 14, 8], [2, 15, 3, 16], [6, 18, 7, 17], [24, 19, 1, 20]]"
12n_0262_65,"[[24, 19, 1, 20], [12, 21, 13, 22], [4, 23, 5, 24], [16, 1, 17, 2], [20, 3, 21, 4], [18, 6, 19, 5], [7, 11, 8, 10], [9, 15, 10, 14], [22, 11, 23, 12], [13, 9, 14, 8], [2, 15, 3, 16], [6, 18, 7, 17]]"
12n_0262_66,"[[6, 18, 7, 17], [24, 19, 1, 20], [12, 21, 13, 22], [4, 23, 5, 24], [16, 1, 17, 2], [20, 3, 21, 4], [18, 6, 19, 5], [7, 11, 8, 10], [9, 15, 10, 14], [22, 11, 23, 12], [13, 9, 14, 8], [2, 15, 3, 16]]"
12n_0262_67,"[[2, 15, 3, 16], [6, 18, 7, 17], [24, 19, 1, 20], [12, 21, 13, 22], [4, 23, 5, 24], [16, 1, 17, 2], [20, 3, 21, 4], [18, 6, 19, 5], [7, 11, 8, 10], [9, 15, 10, 14], [22, 11, 23, 12], [13, 9, 14, 8]]"
12n_0262_68,"[[13, 9, 14, 8], [2, 15, 3, 16], [6, 18, 7, 17], [24, 19, 1, 20], [12, 21, 13, 22], [4, 23, 5, 24], [16, 1, 17, 2], [20, 3, 21, 4], [18, 6, 19, 5], [7, 11, 8, 10], [9, 15, 10, 14], [22, 11, 23, 12]]"
12n_0262_69,"[[22, 11, 23, 12], [13, 9, 14, 8], [2, 15, 3, 16], [6, 18, 7, 17], [24, 19, 1, 20], [12, 21, 13, 22], [4, 23, 5, 24], [16, 1, 17, 2], [20, 3, 21, 4], [18, 6, 19, 5], [7, 11, 8, 10], [9, 15, 10, 14]]"
12n_0262_70,"[[9, 15, 10, 14], [22, 11, 23, 12], [13, 9, 14, 8], [2, 15, 3, 16], [6, 18, 7, 17], [24, 19, 1, 20], [12, 21, 13, 22], [4, 23, 5, 24], [16, 1, 17, 2], [20, 3, 21, 4], [18, 6, 19, 5], [7, 11, 8, 10]]"
12n_0262_71,"[[7, 11, 8, 10], [9, 15, 10, 14], [22, 11, 23, 12], [13, 9, 14, 8], [2, 15, 3, 16], [6, 18, 7, 17], [24, 19, 1, 20], [12, 21, 13, 22], [4, 23, 5, 24], [16, 1, 17, 2], [20, 3, 21, 4], [18, 6, 19, 5]]"
12n_0262_72,"[[19, 7, 20, 6], [8, 12, 9, 11], [10, 16, 11, 15], [23, 12, 24, 13], [14, 10, 15, 9], [3, 16, 4, 17], [7, 19, 8, 18], [1, 20, 2, 21], [13, 22, 14, 23], [5, 24, 6, 1], [17, 2, 18, 3], [21, 4, 22, 5]]"
12n_0262_73,"[[21, 4, 22, 5], [19, 7, 20, 6], [8, 12, 9, 11], [10, 16, 11, 15], [23, 12, 24, 13], [14, 10, 15, 9], [3, 16, 4, 17], [7, 19, 8, 18], [1, 20, 2, 21], [13, 22, 14, 23], [5, 24, 6, 1], [17, 2, 18, 3]]"
12n_0262_74,"[[17, 2, 18, 3], [21, 4, 22, 5], [19, 7, 20, 6], [8, 12, 9, 11], [10, 16, 11, 15], [23, 12, 24, 13], [14, 10, 15, 9], [3, 16, 4, 17], [7, 19, 8, 18], [1, 20, 2, 21], [13, 22, 14, 23], [5, 24, 6, 1]]"
12n_0262_75,"[[5, 24, 6, 1], [17, 2, 18, 3], [21, 4, 22, 5], [19, 7, 20, 6], [8, 12, 9, 11], [10, 16, 11, 15], [23, 12, 24, 13], [14, 10, 15, 9], [3, 16, 4, 17], [7, 19, 8, 18], [1, 20, 2, 21], [13, 22, 14, 23]]"
12n_0262_76,"[[13, 22, 14, 23], [5, 24, 6, 1], [17, 2, 18, 3], [21, 4, 22, 5], [19, 7, 20, 6], [8, 12, 9, 11], [10, 16, 11, 15], [23, 12, 24, 13], [14, 10, 15, 9], [3, 16, 4, 17], [7, 19, 8, 18], [1, 20, 2, 21]]"
12n_0262_77,"[[1, 20, 2, 21], [13, 22, 14, 23], [5, 24, 6, 1], [17, 2, 18, 3], [21, 4, 22, 5], [19, 7, 20, 6], [8, 12, 9, 11], [10, 16, 11, 15], [23, 12, 24, 13], [14, 10, 15, 9], [3, 16, 4, 17], [7, 19, 8, 18]]"
12n_0262_78,"[[7, 19, 8, 18], [1, 20, 2, 21], [13, 22, 14, 23], [5, 24, 6, 1], [17, 2, 18, 3], [21, 4, 22, 5], [19, 7, 20, 6], [8, 12, 9, 11], [10, 16, 11, 15], [23, 12, 24, 13], [14, 10, 15, 9], [3, 16, 4, 17]]"
12n_0262_79,"[[3, 16, 4, 17], [7, 19, 8, 18], [1, 20, 2, 21], [13, 22, 14, 23], [5, 24, 6, 1], [17, 2, 18, 3], [21, 4, 22, 5], [19, 7, 20, 6], [8, 12, 9, 11], [10, 16, 11, 15], [23, 12, 24, 13], [14, 10, 15, 9]]"
12n_0262_80,"[[14, 10, 15, 9], [3, 16, 4, 17], [7, 19, 8, 18], [1, 20, 2, 21], [13, 22, 14, 23], [5, 24, 6, 1], [17, 2, 18, 3], [21, 4, 22, 5], [19, 7, 20, 6], [8, 12, 9, 11], [10, 16, 11, 15], [23, 12, 24, 13]]"
12n_0262_81,"[[23, 12, 24, 13], [14, 10, 15, 9], [3, 16, 4, 17], [7, 19, 8, 18], [1, 20, 2, 21], [13, 22, 14, 23], [5, 24, 6, 1], [17, 2, 18, 3], [21, 4, 22, 5], [19, 7, 20, 6], [8, 12, 9, 11], [10, 16, 11, 15]]"
12n_0262_82,"[[10, 16, 11, 15], [23, 12, 24, 13], [14, 10, 15, 9], [3, 16, 4, 17], [7, 19, 8, 18], [1, 20, 2, 21], [13, 22, 14, 23], [5, 24, 6, 1], [17, 2, 18, 3], [21, 4, 22, 5], [19, 7, 20, 6], [8, 12, 9, 11]]"
12n_0262_83,"[[8, 12, 9, 11], [10, 16, 11, 15], [23, 12, 24, 13], [14, 10, 15, 9], [3, 16, 4, 17], [7, 19, 8, 18], [1, 20, 2, 21], [13, 22, 14, 23], [5, 24, 6, 1], [17, 2, 18, 3], [21, 4, 22, 5], [19, 7, 20, 6]]"
12n_0262_84,"[[20, 8, 21, 7], [9, 13, 10, 12], [11, 17, 12, 16], [24, 13, 1, 14], [15, 11, 16, 10], [4, 17, 5, 18], [8, 20, 9, 19], [2, 21, 3, 22], [14, 23, 15, 24], [6, 1, 7, 2], [18, 3, 19, 4], [22, 5, 23, 6]]"
12n_0262_85,"[[22, 5, 23, 6], [20, 8, 21, 7], [9, 13, 10, 12], [11, 17, 12, 16], [24, 13, 1, 14], [15, 11, 16, 10], [4, 17, 5, 18], [8, 20, 9, 19], [2, 21, 3, 22], [14, 23, 15, 24], [6, 1, 7, 2], [18, 3, 19, 4]]"
12n_0262_86,"[[18, 3, 19, 4], [22, 5, 23, 6], [20, 8, 21, 7], [9, 13, 10, 12], [11, 17, 12, 16], [24, 13, 1, 14], [15, 11, 16, 10], [4, 17, 5, 18], [8, 20, 9, 19], [2, 21, 3, 22], [14, 23, 15, 24], [6, 1, 7, 2]]"
12n_0262_87,"[[6, 1, 7, 2], [18, 3, 19, 4], [22, 5, 23, 6], [20, 8, 21, 7], [9, 13, 10, 12], [11, 17, 12, 16], [24, 13, 1, 14], [15, 11, 16, 10], [4, 17, 5, 18], [8, 20, 9, 19], [2, 21, 3, 22], [14, 23, 15, 24]]"
12n_0262_88,"[[14, 23, 15, 24], [6, 1, 7, 2], [18, 3, 19, 4], [22, 5, 23, 6], [20, 8, 21, 7], [9, 13, 10, 12], [11, 17, 12, 16], [24, 13, 1, 14], [15, 11, 16, 10], [4, 17, 5, 18], [8, 20, 9, 19], [2, 21, 3, 22]]"
12n_0262_89,"[[2, 21, 3, 22], [14, 23, 15, 24], [6, 1, 7, 2], [18, 3, 19, 4], [22, 5, 23, 6], [20, 8, 21, 7], [9, 13, 10, 12], [11, 17, 12, 16], [24, 13, 1, 14], [15, 11, 16, 10], [4, 17, 5, 18], [8, 20, 9, 19]]"
12n_0262_90,"[[8, 20, 9, 19], [2, 21, 3, 22], [14, 23, 15, 24], [6, 1, 7, 2], [18, 3, 19, 4], [22, 5, 23, 6], [20, 8, 21, 7], [9, 13, 10, 12], [11, 17, 12, 16], [24, 13, 1, 14], [15, 11, 16, 10], [4, 17, 5, 18]]"
12n_0262_91,"[[4, 17, 5, 18], [8, 20, 9, 19], [2, 21, 3, 22], [14, 23, 15, 24], [6, 1, 7, 2], [18, 3, 19, 4], [22, 5, 23, 6], [20, 8, 21, 7], [9, 13, 10, 12], [11, 17, 12, 16], [24, 13, 1, 14], [15, 11, 16, 10]]"
12n_0262_92,"[[15, 11, 16, 10], [4, 17, 5, 18], [8, 20, 9, 19], [2, 21, 3, 22], [14, 23, 15, 24], [6, 1, 7, 2], [18, 3, 19, 4], [22, 5, 23, 6], [20, 8, 21, 7], [9, 13, 10, 12], [11, 17, 12, 16], [24, 13, 1, 14]]"
12n_0262_93,"[[24, 13, 1, 14], [15, 11, 16, 10], [4, 17, 5, 18], [8, 20, 9, 19], [2, 21, 3, 22], [14, 23, 15, 24], [6, 1, 7, 2], [18, 3, 19, 4], [22, 5, 23, 6], [20, 8, 21, 7], [9, 13, 10, 12], [11, 17, 12, 16]]"
12n_0262_94,"[[11, 17, 12, 16], [24, 13, 1, 14], [15, 11, 16, 10], [4, 17, 5, 18], [8, 20, 9, 19], [2, 21, 3, 22], [14, 23, 15, 24], [6, 1, 7, 2], [18, 3, 19, 4], [22, 5, 23, 6], [20, 8, 21, 7], [9, 13, 10, 12]]"
12n_0262_95,"[[9, 13, 10, 12], [11, 17, 12, 16], [24, 13, 1, 14], [15, 11, 16, 10], [4, 17, 5, 18], [8, 20, 9, 19], [2, 21, 3, 22], [14, 23, 15, 24], [6, 1, 7, 2], [18, 3, 19, 4], [22, 5, 23, 6], [20, 8, 21, 7]]"
12n_0262_96,"[[21, 9, 22, 8], [10, 14, 11, 13], [12, 18, 13, 17], [1, 14, 2, 15], [16, 12, 17, 11], [5, 18, 6, 19], [9, 21, 10, 20], [3, 22, 4, 23], [15, 24, 16, 1], [7, 2, 8, 3], [19, 4, 20, 5], [23, 6, 24, 7]]"
12n_0262_97,"[[23, 6, 24, 7], [21, 9, 22, 8], [10, 14, 11, 13], [12, 18, 13, 17], [1, 14, 2, 15], [16, 12, 17, 11], [5, 18, 6, 19], [9, 21, 10, 20], [3, 22, 4, 23], [15, 24, 16, 1], [7, 2, 8, 3], [19, 4, 20, 5]]"
12n_0262_98,"[[19, 4, 20, 5], [23, 6, 24, 7], [21, 9, 22, 8], [10, 14, 11, 13], [12, 18, 13, 17], [1, 14, 2, 15], [16, 12, 17, 11], [5, 18, 6, 19], [9, 21, 10, 20], [3, 22, 4, 23], [15, 24, 16, 1], [7, 2, 8, 3]]"
12n_0262_99,"[[7, 2, 8, 3], [19, 4, 20, 5], [23, 6, 24, 7], [21, 9, 22, 8], [10, 14, 11, 13], [12, 18, 13, 17], [1, 14, 2, 15], [16, 12, 17, 11], [5, 18, 6, 19], [9, 21, 10, 20], [3, 22, 4, 23], [15, 24, 16, 1]]"
12n_0262_100,"[[15, 24, 16, 1], [7, 2, 8, 3], [19, 4, 20, 5], [23, 6, 24, 7], [21, 9, 22, 8], [10, 14, 11, 13], [12, 18, 13, 17], [1, 14, 2, 15], [16, 12, 17, 11], [5, 18, 6, 19], [9, 21, 10, 20], [3, 22, 4, 23]]"
12n_0262_101,"[[3, 22, 4, 23], [15, 24, 16, 1], [7, 2, 8, 3], [19, 4, 20, 5], [23, 6, 24, 7], [21, 9, 22, 8], [10, 14, 11, 13], [12, 18, 13, 17], [1, 14, 2, 15], [16, 12, 17, 11], [5, 18, 6, 19], [9, 21, 10, 20]]"
12n_0262_102,"[[9, 21, 10, 20], [3, 22, 4, 23], [15, 24, 16, 1], [7, 2, 8, 3], [19, 4, 20, 5], [23, 6, 24, 7], [21, 9, 22, 8], [10, 14, 11, 13], [12, 18, 13, 17], [1, 14, 2, 15], [16, 12, 17, 11], [5, 18, 6, 19]]"
12n_0262_103,"[[5, 18, 6, 19], [9, 21, 10, 20], [3, 22, 4, 23], [15, 24, 16, 1], [7, 2, 8, 3], [19, 4, 20, 5], [23, 6, 24, 7], [21, 9, 22, 8], [10, 14, 11, 13], [12, 18, 13, 17], [1, 14, 2, 15], [16, 12, 17, 11]]"
12n_0262_104,"[[16, 12, 17, 11], [5, 18, 6, 19], [9, 21, 10, 20], [3, 22, 4, 23], [15, 24, 16, 1], [7, 2, 8, 3], [19, 4, 20, 5], [23, 6, 24, 7], [21, 9, 22, 8], [10, 14, 11, 13], [12, 18, 13, 17], [1, 14, 2, 15]]"
12n_0262_105,"[[1, 14, 2, 15], [16, 12, 17, 11], [5, 18, 6, 19], [9, 21, 10, 20], [3, 22, 4, 23], [15, 24, 16, 1], [7, 2, 8, 3], [19, 4, 20, 5], [23, 6, 24, 7], [21, 9, 22, 8], [10, 14, 11, 13], [12, 18, 13, 17]]"
12n_0262_106,"[[12, 18, 13, 17], [1, 14, 2, 15], [16, 12, 17, 11], [5, 18, 6, 19], [9, 21, 10, 20], [3, 22, 4, 23], [15, 24, 16, 1], [7, 2, 8, 3], [19, 4, 20, 5], [23, 6, 24, 7], [21, 9, 22, 8], [10, 14, 11, 13]]"
12n_0262_107,"[[10, 14, 11, 13], [12, 18, 13, 17], [1, 14, 2, 15], [16, 12, 17, 11], [5, 18, 6, 19], [9, 21, 10, 20], [3, 22, 4, 23], [15, 24, 16, 1], [7, 2, 8, 3], [19, 4, 20, 5], [23, 6, 24, 7], [21, 9, 22, 8]]"
12n_0262_108,"[[22, 10, 23, 9], [11, 15, 12, 14], [13, 19, 14, 18], [2, 15, 3, 16], [17, 13, 18, 12], [6, 19, 7, 20], [10, 22, 11, 21], [4, 23, 5, 24], [16, 1, 17, 2], [8, 3, 9, 4], [20, 5, 21, 6], [24, 7, 1, 8]]"
12n_0262_109,"[[24, 7, 1, 8], [22, 10, 23, 9], [11, 15, 12, 14], [13, 19, 14, 18], [2, 15, 3, 16], [17, 13, 18, 12], [6, 19, 7, 20], [10, 22, 11, 21], [4, 23, 5, 24], [16, 1, 17, 2], [8, 3, 9, 4], [20, 5, 21, 6]]"
12n_0262_110,"[[20, 5, 21, 6], [24, 7, 1, 8], [22, 10, 23, 9], [11, 15, 12, 14], [13, 19, 14, 18], [2, 15, 3, 16], [17, 13, 18, 12], [6, 19, 7, 20], [10, 22, 11, 21], [4, 23, 5, 24], [16, 1, 17, 2], [8, 3, 9, 4]]"
12n_0262_111,"[[8, 3, 9, 4], [20, 5, 21, 6], [24, 7, 1, 8], [22, 10, 23, 9], [11, 15, 12, 14], [13, 19, 14, 18], [2, 15, 3, 16], [17, 13, 18, 12], [6, 19, 7, 20], [10, 22, 11, 21], [4, 23, 5, 24], [16, 1, 17, 2]]"
12n_0262_112,"[[16, 1, 17, 2], [8, 3, 9, 4], [20, 5, 21, 6], [24, 7, 1, 8], [22, 10, 23, 9], [11, 15, 12, 14], [13, 19, 14, 18], [2, 15, 3, 16], [17, 13, 18, 12], [6, 19, 7, 20], [10, 22, 11, 21], [4, 23, 5, 24]]"
12n_0262_113,"[[4, 23, 5, 24], [16, 1, 17, 2], [8, 3, 9, 4], [20, 5, 21, 6], [24, 7, 1, 8], [22, 10, 23, 9], [11, 15, 12, 14], [13, 19, 14, 18], [2, 15, 3, 16], [17, 13, 18, 12], [6, 19, 7, 20], [10, 22, 11, 21]]"
12n_0262_114,"[[10, 22, 11, 21], [4, 23, 5, 24], [16, 1, 17, 2], [8, 3, 9, 4], [20, 5, 21, 6], [24, 7, 1, 8], [22, 10, 23, 9], [11, 15, 12, 14], [13, 19, 14, 18], [2, 15, 3, 16], [17, 13, 18, 12], [6, 19, 7, 20]]"
12n_0262_115,"[[6, 19, 7, 20], [10, 22, 11, 21], [4, 23, 5, 24], [16, 1, 17, 2], [8, 3, 9, 4], [20, 5, 21, 6], [24, 7, 1, 8], [22, 10, 23, 9], [11, 15, 12, 14], [13, 19, 14, 18], [2, 15, 3, 16], [17, 13, 18, 12]]"
12n_0262_116,"[[17, 13, 18, 12], [6, 19, 7, 20], [10, 22, 11, 21], [4, 23, 5, 24], [16, 1, 17, 2], [8, 3, 9, 4], [20, 5, 21, 6], [24, 7, 1, 8], [22, 10, 23, 9], [11, 15, 12, 14], [13, 19, 14, 18], [2, 15, 3, 16]]"
12n_0262_117,"[[2, 15, 3, 16], [17, 13, 18, 12], [6, 19, 7, 20], [10, 22, 11, 21], [4, 23, 5, 24], [16, 1, 17, 2], [8, 3, 9, 4], [20, 5, 21, 6], [24, 7, 1, 8], [22, 10, 23, 9], [11, 15, 12, 14], [13, 19, 14, 18]]"
12n_0262_118,"[[13, 19, 14, 18], [2, 15, 3, 16], [17, 13, 18, 12], [6, 19, 7, 20], [10, 22, 11, 21], [4, 23, 5, 24], [16, 1, 17, 2], [8, 3, 9, 4], [20, 5, 21, 6], [24, 7, 1, 8], [22, 10, 23, 9], [11, 15, 12, 14]]"
12n_0262_119,"[[11, 15, 12, 14], [13, 19, 14, 18], [2, 15, 3, 16], [17, 13, 18, 12], [6, 19, 7, 20], [10, 22, 11, 21], [4, 23, 5, 24], [16, 1, 17, 2], [8, 3, 9, 4], [20, 5, 21, 6], [24, 7, 1, 8], [22, 10, 23, 9]]"
12n_0262_120,"[[23, 11, 24, 10], [12, 16, 13, 15], [14, 20, 15, 19], [3, 16, 4, 17], [18, 14, 19, 13], [7, 20, 8, 21], [11, 23, 12, 22], [5, 24, 6, 1], [17, 2, 18, 3], [9, 4, 10, 5], [21, 6, 22, 7], [1, 8, 2, 9]]"
12n_0262_121,"[[1, 8, 2, 9], [23, 11, 24, 10], [12, 16, 13, 15], [14, 20, 15, 19], [3, 16, 4, 17], [18, 14, 19, 13], [7, 20, 8, 21], [11, 23, 12, 22], [5, 24, 6, 1], [17, 2, 18, 3], [9, 4, 10, 5], [21, 6, 22, 7]]"
12n_0262_122,"[[21, 6, 22, 7], [1, 8, 2, 9], [23, 11, 24, 10], [12, 16, 13, 15], [14, 20, 15, 19], [3, 16, 4, 17], [18, 14, 19, 13], [7, 20, 8, 21], [11, 23, 12, 22], [5, 24, 6, 1], [17, 2, 18, 3], [9, 4, 10, 5]]"
12n_0262_123,"[[9, 4, 10, 5], [21, 6, 22, 7], [1, 8, 2, 9], [23, 11, 24, 10], [12, 16, 13, 15], [14, 20, 15, 19], [3, 16, 4, 17], [18, 14, 19, 13], [7, 20, 8, 21], [11, 23, 12, 22], [5, 24, 6, 1], [17, 2, 18, 3]]"
12n_0262_124,"[[17, 2, 18, 3], [9, 4, 10, 5], [21, 6, 22, 7], [1, 8, 2, 9], [23, 11, 24, 10], [12, 16, 13, 15], [14, 20, 15, 19], [3, 16, 4, 17], [18, 14, 19, 13], [7, 20, 8, 21], [11, 23, 12, 22], [5, 24, 6, 1]]"
12n_0262_125,"[[5, 24, 6, 1], [17, 2, 18, 3], [9, 4, 10, 5], [21, 6, 22, 7], [1, 8, 2, 9], [23, 11, 24, 10], [12, 16, 13, 15], [14, 20, 15, 19], [3, 16, 4, 17], [18, 14, 19, 13], [7, 20, 8, 21], [11, 23, 12, 22]]"
12n_0262_126,"[[11, 23, 12, 22], [5, 24, 6, 1], [17, 2, 18, 3], [9, 4, 10, 5], [21, 6, 22, 7], [1, 8, 2, 9], [23, 11, 24, 10], [12, 16, 13, 15], [14, 20, 15, 19], [3, 16, 4, 17], [18, 14, 19, 13], [7, 20, 8, 21]]"
12n_0262_127,"[[7, 20, 8, 21], [11, 23, 12, 22], [5, 24, 6, 1], [17, 2, 18, 3], [9, 4, 10, 5], [21, 6, 22, 7], [1, 8, 2, 9], [23, 11, 24, 10], [12, 16, 13, 15], [14, 20, 15, 19], [3, 16, 4, 17], [18, 14, 19, 13]]"
12n_0262_128,"[[18, 14, 19, 13], [7, 20, 8, 21], [11, 23, 12, 22], [5, 24, 6, 1], [17, 2, 18, 3], [9, 4, 10, 5], [21, 6, 22, 7], [1, 8, 2, 9], [23, 11, 24, 10], [12, 16, 13, 15], [14, 20, 15, 19], [3, 16, 4, 17]]"
12n_0262_129,"[[3, 16, 4, 17], [18, 14, 19, 13], [7, 20, 8, 21], [11, 23, 12, 22], [5, 24, 6, 1], [17, 2, 18, 3], [9, 4, 10, 5], [21, 6, 22, 7], [1, 8, 2, 9], [23, 11, 24, 10], [12, 16, 13, 15], [14, 20, 15, 19]]"
12n_0262_130,"[[14, 20, 15, 19], [3, 16, 4, 17], [18, 14, 19, 13], [7, 20, 8, 21], [11, 23, 12, 22], [5, 24, 6, 1], [17, 2, 18, 3], [9, 4, 10, 5], [21, 6, 22, 7], [1, 8, 2, 9], [23, 11, 24, 10], [12, 16, 13, 15]]"
12n_0262_131,"[[12, 16, 13, 15], [14, 20, 15, 19], [3, 16, 4, 17], [18, 14, 19, 13], [7, 20, 8, 21], [11, 23, 12, 22], [5, 24, 6, 1], [17, 2, 18, 3], [9, 4, 10, 5], [21, 6, 22, 7], [1, 8, 2, 9], [23, 11, 24, 10]]"
12n_0262_132,"[[24, 12, 1, 11], [13, 17, 14, 16], [15, 21, 16, 20], [4, 17, 5, 18], [19, 15, 20, 14], [8, 21, 9, 22], [12, 24, 13, 23], [6, 1, 7, 2], [18, 3, 19, 4], [10, 5, 11, 6], [22, 7, 23, 8], [2, 9, 3, 10]]"
12n_0262_133,"[[2, 9, 3, 10], [24, 12, 1, 11], [13, 17, 14, 16], [15, 21, 16, 20], [4, 17, 5, 18], [19, 15, 20, 14], [8, 21, 9, 22], [12, 24, 13, 23], [6, 1, 7, 2], [18, 3, 19, 4], [10, 5, 11, 6], [22, 7, 23, 8]]"
12n_0262_134,"[[22, 7, 23, 8], [2, 9, 3, 10], [24, 12, 1, 11], [13, 17, 14, 16], [15, 21, 16, 20], [4, 17, 5, 18], [19, 15, 20, 14], [8, 21, 9, 22], [12, 24, 13, 23], [6, 1, 7, 2], [18, 3, 19, 4], [10, 5, 11, 6]]"
12n_0262_135,"[[10, 5, 11, 6], [22, 7, 23, 8], [2, 9, 3, 10], [24, 12, 1, 11], [13, 17, 14, 16], [15, 21, 16, 20], [4, 17, 5, 18], [19, 15, 20, 14], [8, 21, 9, 22], [12, 24, 13, 23], [6, 1, 7, 2], [18, 3, 19, 4]]"
12n_0262_136,"[[18, 3, 19, 4], [10, 5, 11, 6], [22, 7, 23, 8], [2, 9, 3, 10], [24, 12, 1, 11], [13, 17, 14, 16], [15, 21, 16, 20], [4, 17, 5, 18], [19, 15, 20, 14], [8, 21, 9, 22], [12, 24, 13, 23], [6, 1, 7, 2]]"
12n_0262_137,"[[6, 1, 7, 2], [18, 3, 19, 4], [10, 5, 11, 6], [22, 7, 23, 8], [2, 9, 3, 10], [24, 12, 1, 11], [13, 17, 14, 16], [15, 21, 16, 20], [4, 17, 5, 18], [19, 15, 20, 14], [8, 21, 9, 22], [12, 24, 13, 23]]"
12n_0262_138,"[[12, 24, 13, 23], [6, 1, 7, 2], [18, 3, 19, 4], [10, 5, 11, 6], [22, 7, 23, 8], [2, 9, 3, 10], [24, 12, 1, 11], [13, 17, 14, 16], [15, 21, 16, 20], [4, 17, 5, 18], [19, 15, 20, 14], [8, 21, 9, 22]]"
12n_0262_139,"[[8, 21, 9, 22], [12, 24, 13, 23], [6, 1, 7, 2], [18, 3, 19, 4], [10, 5, 11, 6], [22, 7, 23, 8], [2, 9, 3, 10], [24, 12, 1, 11], [13, 17, 14, 16], [15, 21, 16, 20], [4, 17, 5, 18], [19, 15, 20, 14]]"
12n_0262_140,"[[19, 15, 20, 14], [8, 21, 9, 22], [12, 24, 13, 23], [6, 1, 7, 2], [18, 3, 19, 4], [10, 5, 11, 6], [22, 7, 23, 8], [2, 9, 3, 10], [24, 12, 1, 11], [13, 17, 14, 16], [15, 21, 16, 20], [4, 17, 5, 18]]"
12n_0262_141,"[[4, 17, 5, 18], [19, 15, 20, 14], [8, 21, 9, 22], [12, 24, 13, 23], [6, 1, 7, 2], [18, 3, 19, 4], [10, 5, 11, 6], [22, 7, 23, 8], [2, 9, 3, 10], [24, 12, 1, 11], [13, 17, 14, 16], [15, 21, 16, 20]]"
12n_0262_142,"[[15, 21, 16, 20], [4, 17, 5, 18], [19, 15, 20, 14], [8, 21, 9, 22], [12, 24, 13, 23], [6, 1, 7, 2], [18, 3, 19, 4], [10, 5, 11, 6], [22, 7, 23, 8], [2, 9, 3, 10], [24, 12, 1, 11], [13, 17, 14, 16]]"
12n_0262_143,"[[13, 17, 14, 16], [15, 21, 16, 20], [4, 17, 5, 18], [19, 15, 20, 14], [8, 21, 9, 22], [12, 24, 13, 23], [6, 1, 7, 2], [18, 3, 19, 4], [10, 5, 11, 6], [22, 7, 23, 8], [2, 9, 3, 10], [24, 12, 1, 11]]"
12n_0262_144,"[[1, 13, 2, 12], [14, 18, 15, 17], [16, 22, 17, 21], [5, 18, 6, 19], [20, 16, 21, 15], [9, 22, 10, 23], [13, 1, 14, 24], [7, 2, 8, 3], [19, 4, 20, 5], [11, 6, 12, 7], [23, 8, 24, 9], [3, 10, 4, 11]]"
12n_0262_145,"[[3, 10, 4, 11], [1, 13, 2, 12], [14, 18, 15, 17], [16, 22, 17, 21], [5, 18, 6, 19], [20, 16, 21, 15], [9, 22, 10, 23], [13, 1, 14, 24], [7, 2, 8, 3], [19, 4, 20, 5], [11, 6, 12, 7], [23, 8, 24, 9]]"
12n_0262_146,"[[23, 8, 24, 9], [3, 10, 4, 11], [1, 13, 2, 12], [14, 18, 15, 17], [16, 22, 17, 21], [5, 18, 6, 19], [20, 16, 21, 15], [9, 22, 10, 23], [13, 1, 14, 24], [7, 2, 8, 3], [19, 4, 20, 5], [11, 6, 12, 7]]"
12n_0262_147,"[[11, 6, 12, 7], [23, 8, 24, 9], [3, 10, 4, 11], [1, 13, 2, 12], [14, 18, 15, 17], [16, 22, 17, 21], [5, 18, 6, 19], [20, 16, 21, 15], [9, 22, 10, 23], [13, 1, 14, 24], [7, 2, 8, 3], [19, 4, 20, 5]]"
12n_0262_148,"[[19, 4, 20, 5], [11, 6, 12, 7], [23, 8, 24, 9], [3, 10, 4, 11], [1, 13, 2, 12], [14, 18, 15, 17], [16, 22, 17, 21], [5, 18, 6, 19], [20, 16, 21, 15], [9, 22, 10, 23], [13, 1, 14, 24], [7, 2, 8, 3]]"
12n_0262_149,"[[7, 2, 8, 3], [19, 4, 20, 5], [11, 6, 12, 7], [23, 8, 24, 9], [3, 10, 4, 11], [1, 13, 2, 12], [14, 18, 15, 17], [16, 22, 17, 21], [5, 18, 6, 19], [20, 16, 21, 15], [9, 22, 10, 23], [13, 1, 14, 24]]"
12n_0262_150,"[[13, 1, 14, 24], [7, 2, 8, 3], [19, 4, 20, 5], [11, 6, 12, 7], [23, 8, 24, 9], [3, 10, 4, 11], [1, 13, 2, 12], [14, 18, 15, 17], [16, 22, 17, 21], [5, 18, 6, 19], [20, 16, 21, 15], [9, 22, 10, 23]]"
12n_0262_151,"[[9, 22, 10, 23], [13, 1, 14, 24], [7, 2, 8, 3], [19, 4, 20, 5], [11, 6, 12, 7], [23, 8, 24, 9], [3, 10, 4, 11], [1, 13, 2, 12], [14, 18, 15, 17], [16, 22, 17, 21], [5, 18, 6, 19], [20, 16, 21, 15]]"
12n_0262_152,"[[20, 16, 21, 15], [9, 22, 10, 23], [13, 1, 14, 24], [7, 2, 8, 3], [19, 4, 20, 5], [11, 6, 12, 7], [23, 8, 24, 9], [3, 10, 4, 11], [1, 13, 2, 12], [14, 18, 15, 17], [16, 22, 17, 21], [5, 18, 6, 19]]"
12n_0262_153,"[[5, 18, 6, 19], [20, 16, 21, 15], [9, 22, 10, 23], [13, 1, 14, 24], [7, 2, 8, 3], [19, 4, 20, 5], [11, 6, 12, 7], [23, 8, 24, 9], [3, 10, 4, 11], [1, 13, 2, 12], [14, 18, 15, 17], [16, 22, 17, 21]]"
12n_0262_154,"[[16, 22, 17, 21], [5, 18, 6, 19], [20, 16, 21, 15], [9, 22, 10, 23], [13, 1, 14, 24], [7, 2, 8, 3], [19, 4, 20, 5], [11, 6, 12, 7], [23, 8, 24, 9], [3, 10, 4, 11], [1, 13, 2, 12], [14, 18, 15, 17]]"
12n_0262_155,"[[14, 18, 15, 17], [16, 22, 17, 21], [5, 18, 6, 19], [20, 16, 21, 15], [9, 22, 10, 23], [13, 1, 14, 24], [7, 2, 8, 3], [19, 4, 20, 5], [11, 6, 12, 7], [23, 8, 24, 9], [3, 10, 4, 11], [1, 13, 2, 12]]"
12n_0262_156,"[[2, 14, 3, 13], [15, 19, 16, 18], [17, 23, 18, 22], [6, 19, 7, 20], [21, 17, 22, 16], [10, 23, 11, 24], [14, 2, 15, 1], [8, 3, 9, 4], [20, 5, 21, 6], [12, 7, 13, 8], [24, 9, 1, 10], [4, 11, 5, 12]]"
12n_0262_157,"[[4, 11, 5, 12], [2, 14, 3, 13], [15, 19, 16, 18], [17, 23, 18, 22], [6, 19, 7, 20], [21, 17, 22, 16], [10, 23, 11, 24], [14, 2, 15, 1], [8, 3, 9, 4], [20, 5, 21, 6], [12, 7, 13, 8], [24, 9, 1, 10]]"
12n_0262_158,"[[24, 9, 1, 10], [4, 11, 5, 12], [2, 14, 3, 13], [15, 19, 16, 18], [17, 23, 18, 22], [6, 19, 7, 20], [21, 17, 22, 16], [10, 23, 11, 24], [14, 2, 15, 1], [8, 3, 9, 4], [20, 5, 21, 6], [12, 7, 13, 8]]"
12n_0262_159,"[[12, 7, 13, 8], [24, 9, 1, 10], [4, 11, 5, 12], [2, 14, 3, 13], [15, 19, 16, 18], [17, 23, 18, 22], [6, 19, 7, 20], [21, 17, 22, 16], [10, 23, 11, 24], [14, 2, 15, 1], [8, 3, 9, 4], [20, 5, 21, 6]]"
12n_0262_160,"[[20, 5, 21, 6], [12, 7, 13, 8], [24, 9, 1, 10], [4, 11, 5, 12], [2, 14, 3, 13], [15, 19, 16, 18], [17, 23, 18, 22], [6, 19, 7, 20], [21, 17, 22, 16], [10, 23, 11, 24], [14, 2, 15, 1], [8, 3, 9, 4]]"
12n_0262_161,"[[8, 3, 9, 4], [20, 5, 21, 6], [12, 7, 13, 8], [24, 9, 1, 10], [4, 11, 5, 12], [2, 14, 3, 13], [15, 19, 16, 18], [17, 23, 18, 22], [6, 19, 7, 20], [21, 17, 22, 16], [10, 23, 11, 24], [14, 2, 15, 1]]"
12n_0262_162,"[[14, 2, 15, 1], [8, 3, 9, 4], [20, 5, 21, 6], [12, 7, 13, 8], [24, 9, 1, 10], [4, 11, 5, 12], [2, 14, 3, 13], [15, 19, 16, 18], [17, 23, 18, 22], [6, 19, 7, 20], [21, 17, 22, 16], [10, 23, 11, 24]]"
12n_0262_163,"[[10, 23, 11, 24], [14, 2, 15, 1], [8, 3, 9, 4], [20, 5, 21, 6], [12, 7, 13, 8], [24, 9, 1, 10], [4, 11, 5, 12], [2, 14, 3, 13], [15, 19, 16, 18], [17, 23, 18, 22], [6, 19, 7, 20], [21, 17, 22, 16]]"
12n_0262_164,"[[21, 17, 22, 16], [10, 23, 11, 24], [14, 2, 15, 1], [8, 3, 9, 4], [20, 5, 21, 6], [12, 7, 13, 8], [24, 9, 1, 10], [4, 11, 5, 12], [2, 14, 3, 13], [15, 19, 16, 18], [17, 23, 18, 22], [6, 19, 7, 20]]"
12n_0262_165,"[[6, 19, 7, 20], [21, 17, 22, 16], [10, 23, 11, 24], [14, 2, 15, 1], [8, 3, 9, 4], [20, 5, 21, 6], [12, 7, 13, 8], [24, 9, 1, 10], [4, 11, 5, 12], [2, 14, 3, 13], [15, 19, 16, 18], [17, 23, 18, 22]]"
12n_0262_166,"[[17, 23, 18, 22], [6, 19, 7, 20], [21, 17, 22, 16], [10, 23, 11, 24], [14, 2, 15, 1], [8, 3, 9, 4], [20, 5, 21, 6], [12, 7, 13, 8], [24, 9, 1, 10], [4, 11, 5, 12], [2, 14, 3, 13], [15, 19, 16, 18]]"
12n_0262_167,"[[15, 19, 16, 18], [17, 23, 18, 22], [6, 19, 7, 20], [21, 17, 22, 16], [10, 23, 11, 24], [14, 2, 15, 1], [8, 3, 9, 4], [20, 5, 21, 6], [12, 7, 13, 8], [24, 9, 1, 10], [4, 11, 5, 12], [2, 14, 3, 13]]"
12n_0262_168,"[[3, 15, 4, 14], [16, 20, 17, 19], [18, 24, 19, 23], [7, 20, 8, 21], [22, 18, 23, 17], [11, 24, 12, 1], [15, 3, 16, 2], [9, 4, 10, 5], [21, 6, 22, 7], [13, 8, 14, 9], [1, 10, 2, 11], [5, 12, 6, 13]]"
12n_0262_169,"[[5, 12, 6, 13], [3, 15, 4, 14], [16, 20, 17, 19], [18, 24, 19, 23], [7, 20, 8, 21], [22, 18, 23, 17], [11, 24, 12, 1], [15, 3, 16, 2], [9, 4, 10, 5], [21, 6, 22, 7], [13, 8, 14, 9], [1, 10, 2, 11]]"
12n_0262_170,"[[1, 10, 2, 11], [5, 12, 6, 13], [3, 15, 4, 14], [16, 20, 17, 19], [18, 24, 19, 23], [7, 20, 8, 21], [22, 18, 23, 17], [11, 24, 12, 1], [15, 3, 16, 2], [9, 4, 10, 5], [21, 6, 22, 7], [13, 8, 14, 9]]"
12n_0262_171,"[[13, 8, 14, 9], [1, 10, 2, 11], [5, 12, 6, 13], [3, 15, 4, 14], [16, 20, 17, 19], [18, 24, 19, 23], [7, 20, 8, 21], [22, 18, 23, 17], [11, 24, 12, 1], [15, 3, 16, 2], [9, 4, 10, 5], [21, 6, 22, 7]]"
12n_0262_172,"[[21, 6, 22, 7], [13, 8, 14, 9], [1, 10, 2, 11], [5, 12, 6, 13], [3, 15, 4, 14], [16, 20, 17, 19], [18, 24, 19, 23], [7, 20, 8, 21], [22, 18, 23, 17], [11, 24, 12, 1], [15, 3, 16, 2], [9, 4, 10, 5]]"
12n_0262_173,"[[9, 4, 10, 5], [21, 6, 22, 7], [13, 8, 14, 9], [1, 10, 2, 11], [5, 12, 6, 13], [3, 15, 4, 14], [16, 20, 17, 19], [18, 24, 19, 23], [7, 20, 8, 21], [22, 18, 23, 17], [11, 24, 12, 1], [15, 3, 16, 2]]"
12n_0262_174,"[[15, 3, 16, 2], [9, 4, 10, 5], [21, 6, 22, 7], [13, 8, 14, 9], [1, 10, 2, 11], [5, 12, 6, 13], [3, 15, 4, 14], [16, 20, 17, 19], [18, 24, 19, 23], [7, 20, 8, 21], [22, 18, 23, 17], [11, 24, 12, 1]]"
12n_0262_175,"[[11, 24, 12, 1], [15, 3, 16, 2], [9, 4, 10, 5], [21, 6, 22, 7], [13, 8, 14, 9], [1, 10, 2, 11], [5, 12, 6, 13], [3, 15, 4, 14], [16, 20, 17, 19], [18, 24, 19, 23], [7, 20, 8, 21], [22, 18, 23, 17]]"
12n_0262_176,"[[22, 18, 23, 17], [11, 24, 12, 1], [15, 3, 16, 2], [9, 4, 10, 5], [21, 6, 22, 7], [13, 8, 14, 9], [1, 10, 2, 11], [5, 12, 6, 13], [3, 15, 4, 14], [16, 20, 17, 19], [18, 24, 19, 23], [7, 20, 8, 21]]"
12n_0262_177,"[[7, 20, 8, 21], [22, 18, 23, 17], [11, 24, 12, 1], [15, 3, 16, 2], [9, 4, 10, 5], [21, 6, 22, 7], [13, 8, 14, 9], [1, 10, 2, 11], [5, 12, 6, 13], [3, 15, 4, 14], [16, 20, 17, 19], [18, 24, 19, 23]]"
12n_0262_178,"[[18, 24, 19, 23], [7, 20, 8, 21], [22, 18, 23, 17], [11, 24, 12, 1], [15, 3, 16, 2], [9, 4, 10, 5], [21, 6, 22, 7], [13, 8, 14, 9], [1, 10, 2, 11], [5, 12, 6, 13], [3, 15, 4, 14], [16, 20, 17, 19]]"
12n_0262_179,"[[16, 20, 17, 19], [18, 24, 19, 23], [7, 20, 8, 21], [22, 18, 23, 17], [11, 24, 12, 1], [15, 3, 16, 2], [9, 4, 10, 5], [21, 6, 22, 7], [13, 8, 14, 9], [1, 10, 2, 11], [5, 12, 6, 13], [3, 15, 4, 14]]"
12n_0262_180,"[[4, 16, 5, 15], [17, 21, 18, 20], [19, 1, 20, 24], [8, 21, 9, 22], [23, 19, 24, 18], [12, 1, 13, 2], [16, 4, 17, 3], [10, 5, 11, 6], [22, 7, 23, 8], [14, 9, 15, 10], [2, 11, 3, 12], [6, 13, 7, 14]]"
12n_0262_181,"[[6, 13, 7, 14], [4, 16, 5, 15], [17, 21, 18, 20], [19, 1, 20, 24], [8, 21, 9, 22], [23, 19, 24, 18], [12, 1, 13, 2], [16, 4, 17, 3], [10, 5, 11, 6], [22, 7, 23, 8], [14, 9, 15, 10], [2, 11, 3, 12]]"
12n_0262_182,"[[2, 11, 3, 12], [6, 13, 7, 14], [4, 16, 5, 15], [17, 21, 18, 20], [19, 1, 20, 24], [8, 21, 9, 22], [23, 19, 24, 18], [12, 1, 13, 2], [16, 4, 17, 3], [10, 5, 11, 6], [22, 7, 23, 8], [14, 9, 15, 10]]"
12n_0262_183,"[[14, 9, 15, 10], [2, 11, 3, 12], [6, 13, 7, 14], [4, 16, 5, 15], [17, 21, 18, 20], [19, 1, 20, 24], [8, 21, 9, 22], [23, 19, 24, 18], [12, 1, 13, 2], [16, 4, 17, 3], [10, 5, 11, 6], [22, 7, 23, 8]]"
12n_0262_184,"[[22, 7, 23, 8], [14, 9, 15, 10], [2, 11, 3, 12], [6, 13, 7, 14], [4, 16, 5, 15], [17, 21, 18, 20], [19, 1, 20, 24], [8, 21, 9, 22], [23, 19, 24, 18], [12, 1, 13, 2], [16, 4, 17, 3], [10, 5, 11, 6]]"
12n_0262_185,"[[10, 5, 11, 6], [22, 7, 23, 8], [14, 9, 15, 10], [2, 11, 3, 12], [6, 13, 7, 14], [4, 16, 5, 15], [17, 21, 18, 20], [19, 1, 20, 24], [8, 21, 9, 22], [23, 19, 24, 18], [12, 1, 13, 2], [16, 4, 17, 3]]"
