name,pd_notation
12n_0514_0,"[[17, 24, 18, 1], [2, 6, 3, 5], [4, 12, 5, 11], [19, 6, 20, 7], [15, 8, 16, 9], [10, 4, 11, 3], [21, 12, 22, 13], [9, 14, 10, 15], [23, 16, 24, 17], [7, 18, 8, 19], [1, 20, 2, 21], [13, 22, 14, 23]]"
12n_0514_1,"[[13, 22, 14, 23], [17, 24, 18, 1], [2, 6, 3, 5], [4, 12, 5, 11], [19, 6, 20, 7], [15, 8, 16, 9], [10, 4, 11, 3], [21, 12, 22, 13], [9, 14, 10, 15], [23, 16, 24, 17], [7, 18, 8, 19], [1, 20, 2, 21]]"
12n_0514_2,"[[1, 20, 2, 21], [13, 22, 14, 23], [17, 24, 18, 1], [2, 6, 3, 5], [4, 12, 5, 11], [19, 6, 20, 7], [15, 8, 16, 9], [10, 4, 11, 3], [21, 12, 22, 13], [9, 14, 10, 15], [23, 16, 24, 17], [7, 18, 8, 19]]"
12n_0514_3,"[[7, 18, 8, 19], [1, 20, 2, 21], [13, 22, 14, 23], [17, 24, 18, 1], [2, 6, 3, 5], [4, 12, 5, 11], [19, 6, 20, 7], [15, 8, 16, 9], [10, 4, 11, 3], [21, 12, 22, 13], [9, 14, 10, 15], [23, 16, 24, 17]]"
12n_0514_4,"[[23, 16, 24, 17], [7, 18, 8, 19], [1, 20, 2, 21], [13, 22, 14, 23], [17, 24, 18, 1], [2, 6, 3, 5], [4, 12, 5, 11], [19, 6, 20, 7], [15, 8, 16, 9], [10, 4, 11, 3], [21, 12, 22, 13], [9, 14, 10, 15]]"
12n_0514_5,"[[9, 14, 10, 15], [23, 16, 24, 17], [7, 18, 8, 19], [1, 20, 2, 21], [13, 22, 14, 23], [17, 24, 18, 1], [2, 6, 3, 5], [4, 12, 5, 11], [19, 6, 20, 7], [15, 8, 16, 9], [10, 4, 11, 3], [21, 12, 22, 13]]"
12n_0514_6,"[[21, 12, 22, 13], [9, 14, 10, 15], [23, 16, 24, 17], [7, 18, 8, 19], [1, 20, 2, 21], [13, 22, 14, 23], [17, 24, 18, 1], [2, 6, 3, 5], [4, 12, 5, 11], [19, 6, 20, 7], [15, 8, 16, 9], [10, 4, 11, 3]]"
12n_0514_7,"[[10, 4, 11, 3], [21, 12, 22, 13], [9, 14, 10, 15], [23, 16, 24, 17], [7, 18, 8, 19], [1, 20, 2, 21], [13, 22, 14, 23], [17, 24, 18, 1], [2, 6, 3, 5], [4, 12, 5, 11], [19, 6, 20, 7], [15, 8, 16, 9]]"
12n_0514_8,"[[15, 8, 16, 9], [10, 4, 11, 3], [21, 12, 22, 13], [9, 14, 10, 15], [23, 16, 24, 17], [7, 18, 8, 19], [1, 20, 2, 21], [13, 22, 14, 23], [17, 24, 18, 1], [2, 6, 3, 5], [4, 12, 5, 11], [19, 6, 20, 7]]"
12n_0514_9,"[[19, 6, 20, 7], [15, 8, 16, 9], [10, 4, 11, 3], [21, 12, 22, 13], [9, 14, 10, 15], [23, 16, 24, 17], [7, 18, 8, 19], [1, 20, 2, 21], [13, 22, 14, 23], [17, 24, 18, 1], [2, 6, 3, 5], [4, 12, 5, 11]]"
12n_0514_10,"[[4, 12, 5, 11], [19, 6, 20, 7], [15, 8, 16, 9], [10, 4, 11, 3], [21, 12, 22, 13], [9, 14, 10, 15], [23, 16, 24, 17], [7, 18, 8, 19], [1, 20, 2, 21], [13, 22, 14, 23], [17, 24, 18, 1], [2, 6, 3, 5]]"
12n_0514_11,"[[2, 6, 3, 5], [4, 12, 5, 11], [19, 6, 20, 7], [15, 8, 16, 9], [10, 4, 11, 3], [21, 12, 22, 13], [9, 14, 10, 15], [23, 16, 24, 17], [7, 18, 8, 19], [1, 20, 2, 21], [13, 22, 14, 23], [17, 24, 18, 1]]"
12n_0514_12,"[[18, 1, 19, 2], [3, 7, 4, 6], [5, 13, 6, 12], [20, 7, 21, 8], [16, 9, 17, 10], [11, 5, 12, 4], [22, 13, 23, 14], [10, 15, 11, 16], [24, 17, 1, 18], [8, 19, 9, 20], [2, 21, 3, 22], [14, 23, 15, 24]]"
12n_0514_13,"[[14, 23, 15, 24], [18, 1, 19, 2], [3, 7, 4, 6], [5, 13, 6, 12], [20, 7, 21, 8], [16, 9, 17, 10], [11, 5, 12, 4], [22, 13, 23, 14], [10, 15, 11, 16], [24, 17, 1, 18], [8, 19, 9, 20], [2, 21, 3, 22]]"
12n_0514_14,"[[2, 21, 3, 22], [14, 23, 15, 24], [18, 1, 19, 2], [3, 7, 4, 6], [5, 13, 6, 12], [20, 7, 21, 8], [16, 9, 17, 10], [11, 5, 12, 4], [22, 13, 23, 14], [10, 15, 11, 16], [24, 17, 1, 18], [8, 19, 9, 20]]"
12n_0514_15,"[[8, 19, 9, 20], [2, 21, 3, 22], [14, 23, 15, 24], [18, 1, 19, 2], [3, 7, 4, 6], [5, 13, 6, 12], [20, 7, 21, 8], [16, 9, 17, 10], [11, 5, 12, 4], [22, 13, 23, 14], [10, 15, 11, 16], [24, 17, 1, 18]]"
12n_0514_16,"[[24, 17, 1, 18], [8, 19, 9, 20], [2, 21, 3, 22], [14, 23, 15, 24], [18, 1, 19, 2], [3, 7, 4, 6], [5, 13, 6, 12], [20, 7, 21, 8], [16, 9, 17, 10], [11, 5, 12, 4], [22, 13, 23, 14], [10, 15, 11, 16]]"
12n_0514_17,"[[10, 15, 11, 16], [24, 17, 1, 18], [8, 19, 9, 20], [2, 21, 3, 22], [14, 23, 15, 24], [18, 1, 19, 2], [3, 7, 4, 6], [5, 13, 6, 12], [20, 7, 21, 8], [16, 9, 17, 10], [11, 5, 12, 4], [22, 13, 23, 14]]"
12n_0514_18,"[[22, 13, 23, 14], [10, 15, 11, 16], [24, 17, 1, 18], [8, 19, 9, 20], [2, 21, 3, 22], [14, 23, 15, 24], [18, 1, 19, 2], [3, 7, 4, 6], [5, 13, 6, 12], [20, 7, 21, 8], [16, 9, 17, 10], [11, 5, 12, 4]]"
12n_0514_19,"[[11, 5, 12, 4], [22, 13, 23, 14], [10, 15, 11, 16], [24, 17, 1, 18], [8, 19, 9, 20], [2, 21, 3, 22], [14, 23, 15, 24], [18, 1, 19, 2], [3, 7, 4, 6], [5, 13, 6, 12], [20, 7, 21, 8], [16, 9, 17, 10]]"
12n_0514_20,"[[16, 9, 17, 10], [11, 5, 12, 4], [22, 13, 23, 14], [10, 15, 11, 16], [24, 17, 1, 18], [8, 19, 9, 20], [2, 21, 3, 22], [14, 23, 15, 24], [18, 1, 19, 2], [3, 7, 4, 6], [5, 13, 6, 12], [20, 7, 21, 8]]"
12n_0514_21,"[[20, 7, 21, 8], [16, 9, 17, 10], [11, 5, 12, 4], [22, 13, 23, 14], [10, 15, 11, 16], [24, 17, 1, 18], [8, 19, 9, 20], [2, 21, 3, 22], [14, 23, 15, 24], [18, 1, 19, 2], [3, 7, 4, 6], [5, 13, 6, 12]]"
12n_0514_22,"[[5, 13, 6, 12], [20, 7, 21, 8], [16, 9, 17, 10], [11, 5, 12, 4], [22, 13, 23, 14], [10, 15, 11, 16], [24, 17, 1, 18], [8, 19, 9, 20], [2, 21, 3, 22], [14, 23, 15, 24], [18, 1, 19, 2], [3, 7, 4, 6]]"
12n_0514_23,"[[3, 7, 4, 6], [5, 13, 6, 12], [20, 7, 21, 8], [16, 9, 17, 10], [11, 5, 12, 4], [22, 13, 23, 14], [10, 15, 11, 16], [24, 17, 1, 18], [8, 19, 9, 20], [2, 21, 3, 22], [14, 23, 15, 24], [18, 1, 19, 2]]"
12n_0514_24,"[[19, 2, 20, 3], [4, 8, 5, 7], [6, 14, 7, 13], [21, 8, 22, 9], [17, 10, 18, 11], [12, 6, 13, 5], [23, 14, 24, 15], [11, 16, 12, 17], [1, 18, 2, 19], [9, 20, 10, 21], [3, 22, 4, 23], [15, 24, 16, 1]]"
12n_0514_25,"[[15, 24, 16, 1], [19, 2, 20, 3], [4, 8, 5, 7], [6, 14, 7, 13], [21, 8, 22, 9], [17, 10, 18, 11], [12, 6, 13, 5], [23, 14, 24, 15], [11, 16, 12, 17], [1, 18, 2, 19], [9, 20, 10, 21], [3, 22, 4, 23]]"
12n_0514_26,"[[3, 22, 4, 23], [15, 24, 16, 1], [19, 2, 20, 3], [4, 8, 5, 7], [6, 14, 7, 13], [21, 8, 22, 9], [17, 10, 18, 11], [12, 6, 13, 5], [23, 14, 24, 15], [11, 16, 12, 17], [1, 18, 2, 19], [9, 20, 10, 21]]"
12n_0514_27,"[[9, 20, 10, 21], [3, 22, 4, 23], [15, 24, 16, 1], [19, 2, 20, 3], [4, 8, 5, 7], [6, 14, 7, 13], [21, 8, 22, 9], [17, 10, 18, 11], [12, 6, 13, 5], [23, 14, 24, 15], [11, 16, 12, 17], [1, 18, 2, 19]]"
12n_0514_28,"[[1, 18, 2, 19], [9, 20, 10, 21], [3, 22, 4, 23], [15, 24, 16, 1], [19, 2, 20, 3], [4, 8, 5, 7], [6, 14, 7, 13], [21, 8, 22, 9], [17, 10, 18, 11], [12, 6, 13, 5], [23, 14, 24, 15], [11, 16, 12, 17]]"
12n_0514_29,"[[11, 16, 12, 17], [1, 18, 2, 19], [9, 20, 10, 21], [3, 22, 4, 23], [15, 24, 16, 1], [19, 2, 20, 3], [4, 8, 5, 7], [6, 14, 7, 13], [21, 8, 22, 9], [17, 10, 18, 11], [12, 6, 13, 5], [23, 14, 24, 15]]"
12n_0514_30,"[[23, 14, 24, 15], [11, 16, 12, 17], [1, 18, 2, 19], [9, 20, 10, 21], [3, 22, 4, 23], [15, 24, 16, 1], [19, 2, 20, 3], [4, 8, 5, 7], [6, 14, 7, 13], [21, 8, 22, 9], [17, 10, 18, 11], [12, 6, 13, 5]]"
12n_0514_31,"[[12, 6, 13, 5], [23, 14, 24, 15], [11, 16, 12, 17], [1, 18, 2, 19], [9, 20, 10, 21], [3, 22, 4, 23], [15, 24, 16, 1], [19, 2, 20, 3], [4, 8, 5, 7], [6, 14, 7, 13], [21, 8, 22, 9], [17, 10, 18, 11]]"
12n_0514_32,"[[17, 10, 18, 11], [12, 6, 13, 5], [23, 14, 24, 15], [11, 16, 12, 17], [1, 18, 2, 19], [9, 20, 10, 21], [3, 22, 4, 23], [15, 24, 16, 1], [19, 2, 20, 3], [4, 8, 5, 7], [6, 14, 7, 13], [21, 8, 22, 9]]"
12n_0514_33,"[[21, 8, 22, 9], [17, 10, 18, 11], [12, 6, 13, 5], [23, 14, 24, 15], [11, 16, 12, 17], [1, 18, 2, 19], [9, 20, 10, 21], [3, 22, 4, 23], [15, 24, 16, 1], [19, 2, 20, 3], [4, 8, 5, 7], [6, 14, 7, 13]]"
12n_0514_34,"[[6, 14, 7, 13], [21, 8, 22, 9], [17, 10, 18, 11], [12, 6, 13, 5], [23, 14, 24, 15], [11, 16, 12, 17], [1, 18, 2, 19], [9, 20, 10, 21], [3, 22, 4, 23], [15, 24, 16, 1], [19, 2, 20, 3], [4, 8, 5, 7]]"
12n_0514_35,"[[4, 8, 5, 7], [6, 14, 7, 13], [21, 8, 22, 9], [17, 10, 18, 11], [12, 6, 13, 5], [23, 14, 24, 15], [11, 16, 12, 17], [1, 18, 2, 19], [9, 20, 10, 21], [3, 22, 4, 23], [15, 24, 16, 1], [19, 2, 20, 3]]"
12n_0514_36,"[[20, 3, 21, 4], [5, 9, 6, 8], [7, 15, 8, 14], [22, 9, 23, 10], [18, 11, 19, 12], [13, 7, 14, 6], [24, 15, 1, 16], [12, 17, 13, 18], [2, 19, 3, 20], [10, 21, 11, 22], [4, 23, 5, 24], [16, 1, 17, 2]]"
12n_0514_37,"[[16, 1, 17, 2], [20, 3, 21, 4], [5, 9, 6, 8], [7, 15, 8, 14], [22, 9, 23, 10], [18, 11, 19, 12], [13, 7, 14, 6], [24, 15, 1, 16], [12, 17, 13, 18], [2, 19, 3, 20], [10, 21, 11, 22], [4, 23, 5, 24]]"
12n_0514_38,"[[4, 23, 5, 24], [16, 1, 17, 2], [20, 3, 21, 4], [5, 9, 6, 8], [7, 15, 8, 14], [22, 9, 23, 10], [18, 11, 19, 12], [13, 7, 14, 6], [24, 15, 1, 16], [12, 17, 13, 18], [2, 19, 3, 20], [10, 21, 11, 22]]"
12n_0514_39,"[[10, 21, 11, 22], [4, 23, 5, 24], [16, 1, 17, 2], [20, 3, 21, 4], [5, 9, 6, 8], [7, 15, 8, 14], [22, 9, 23, 10], [18, 11, 19, 12], [13, 7, 14, 6], [24, 15, 1, 16], [12, 17, 13, 18], [2, 19, 3, 20]]"
12n_0514_40,"[[2, 19, 3, 20], [10, 21, 11, 22], [4, 23, 5, 24], [16, 1, 17, 2], [20, 3, 21, 4], [5, 9, 6, 8], [7, 15, 8, 14], [22, 9, 23, 10], [18, 11, 19, 12], [13, 7, 14, 6], [24, 15, 1, 16], [12, 17, 13, 18]]"
12n_0514_41,"[[12, 17, 13, 18], [2, 19, 3, 20], [10, 21, 11, 22], [4, 23, 5, 24], [16, 1, 17, 2], [20, 3, 21, 4], [5, 9, 6, 8], [7, 15, 8, 14], [22, 9, 23, 10], [18, 11, 19, 12], [13, 7, 14, 6], [24, 15, 1, 16]]"
12n_0514_42,"[[24, 15, 1, 16], [12, 17, 13, 18], [2, 19, 3, 20], [10, 21, 11, 22], [4, 23, 5, 24], [16, 1, 17, 2], [20, 3, 21, 4], [5, 9, 6, 8], [7, 15, 8, 14], [22, 9, 23, 10], [18, 11, 19, 12], [13, 7, 14, 6]]"
12n_0514_43,"[[13, 7, 14, 6], [24, 15, 1, 16], [12, 17, 13, 18], [2, 19, 3, 20], [10, 21, 11, 22], [4, 23, 5, 24], [16, 1, 17, 2], [20, 3, 21, 4], [5, 9, 6, 8], [7, 15, 8, 14], [22, 9, 23, 10], [18, 11, 19, 12]]"
12n_0514_44,"[[18, 11, 19, 12], [13, 7, 14, 6], [24, 15, 1, 16], [12, 17, 13, 18], [2, 19, 3, 20], [10, 21, 11, 22], [4, 23, 5, 24], [16, 1, 17, 2], [20, 3, 21, 4], [5, 9, 6, 8], [7, 15, 8, 14], [22, 9, 23, 10]]"
12n_0514_45,"[[22, 9, 23, 10], [18, 11, 19, 12], [13, 7, 14, 6], [24, 15, 1, 16], [12, 17, 13, 18], [2, 19, 3, 20], [10, 21, 11, 22], [4, 23, 5, 24], [16, 1, 17, 2], [20, 3, 21, 4], [5, 9, 6, 8], [7, 15, 8, 14]]"
12n_0514_46,"[[7, 15, 8, 14], [22, 9, 23, 10], [18, 11, 19, 12], [13, 7, 14, 6], [24, 15, 1, 16], [12, 17, 13, 18], [2, 19, 3, 20], [10, 21, 11, 22], [4, 23, 5, 24], [16, 1, 17, 2], [20, 3, 21, 4], [5, 9, 6, 8]]"
12n_0514_47,"[[5, 9, 6, 8], [7, 15, 8, 14], [22, 9, 23, 10], [18, 11, 19, 12], [13, 7, 14, 6], [24, 15, 1, 16], [12, 17, 13, 18], [2, 19, 3, 20], [10, 21, 11, 22], [4, 23, 5, 24], [16, 1, 17, 2], [20, 3, 21, 4]]"
12n_0514_48,"[[21, 4, 22, 5], [6, 10, 7, 9], [8, 16, 9, 15], [23, 10, 24, 11], [19, 12, 20, 13], [14, 8, 15, 7], [1, 16, 2, 17], [13, 18, 14, 19], [3, 20, 4, 21], [11, 22, 12, 23], [5, 24, 6, 1], [17, 2, 18, 3]]"
12n_0514_49,"[[17, 2, 18, 3], [21, 4, 22, 5], [6, 10, 7, 9], [8, 16, 9, 15], [23, 10, 24, 11], [19, 12, 20, 13], [14, 8, 15, 7], [1, 16, 2, 17], [13, 18, 14, 19], [3, 20, 4, 21], [11, 22, 12, 23], [5, 24, 6, 1]]"
12n_0514_50,"[[5, 24, 6, 1], [17, 2, 18, 3], [21, 4, 22, 5], [6, 10, 7, 9], [8, 16, 9, 15], [23, 10, 24, 11], [19, 12, 20, 13], [14, 8, 15, 7], [1, 16, 2, 17], [13, 18, 14, 19], [3, 20, 4, 21], [11, 22, 12, 23]]"
12n_0514_51,"[[11, 22, 12, 23], [5, 24, 6, 1], [17, 2, 18, 3], [21, 4, 22, 5], [6, 10, 7, 9], [8, 16, 9, 15], [23, 10, 24, 11], [19, 12, 20, 13], [14, 8, 15, 7], [1, 16, 2, 17], [13, 18, 14, 19], [3, 20, 4, 21]]"
12n_0514_52,"[[3, 20, 4, 21], [11, 22, 12, 23], [5, 24, 6, 1], [17, 2, 18, 3], [21, 4, 22, 5], [6, 10, 7, 9], [8, 16, 9, 15], [23, 10, 24, 11], [19, 12, 20, 13], [14, 8, 15, 7], [1, 16, 2, 17], [13, 18, 14, 19]]"
12n_0514_53,"[[13, 18, 14, 19], [3, 20, 4, 21], [11, 22, 12, 23], [5, 24, 6, 1], [17, 2, 18, 3], [21, 4, 22, 5], [6, 10, 7, 9], [8, 16, 9, 15], [23, 10, 24, 11], [19, 12, 20, 13], [14, 8, 15, 7], [1, 16, 2, 17]]"
12n_0514_54,"[[1, 16, 2, 17], [13, 18, 14, 19], [3, 20, 4, 21], [11, 22, 12, 23], [5, 24, 6, 1], [17, 2, 18, 3], [21, 4, 22, 5], [6, 10, 7, 9], [8, 16, 9, 15], [23, 10, 24, 11], [19, 12, 20, 13], [14, 8, 15, 7]]"
12n_0514_55,"[[14, 8, 15, 7], [1, 16, 2, 17], [13, 18, 14, 19], [3, 20, 4, 21], [11, 22, 12, 23], [5, 24, 6, 1], [17, 2, 18, 3], [21, 4, 22, 5], [6, 10, 7, 9], [8, 16, 9, 15], [23, 10, 24, 11], [19, 12, 20, 13]]"
12n_0514_56,"[[19, 12, 20, 13], [14, 8, 15, 7], [1, 16, 2, 17], [13, 18, 14, 19], [3, 20, 4, 21], [11, 22, 12, 23], [5, 24, 6, 1], [17, 2, 18, 3], [21, 4, 22, 5], [6, 10, 7, 9], [8, 16, 9, 15], [23, 10, 24, 11]]"
12n_0514_57,"[[23, 10, 24, 11], [19, 12, 20, 13], [14, 8, 15, 7], [1, 16, 2, 17], [13, 18, 14, 19], [3, 20, 4, 21], [11, 22, 12, 23], [5, 24, 6, 1], [17, 2, 18, 3], [21, 4, 22, 5], [6, 10, 7, 9], [8, 16, 9, 15]]"
12n_0514_58,"[[8, 16, 9, 15], [23, 10, 24, 11], [19, 12, 20, 13], [14, 8, 15, 7], [1, 16, 2, 17], [13, 18, 14, 19], [3, 20, 4, 21], [11, 22, 12, 23], [5, 24, 6, 1], [17, 2, 18, 3], [21, 4, 22, 5], [6, 10, 7, 9]]"
12n_0514_59,"[[6, 10, 7, 9], [8, 16, 9, 15], [23, 10, 24, 11], [19, 12, 20, 13], [14, 8, 15, 7], [1, 16, 2, 17], [13, 18, 14, 19], [3, 20, 4, 21], [11, 22, 12, 23], [5, 24, 6, 1], [17, 2, 18, 3], [21, 4, 22, 5]]"
12n_0514_60,"[[22, 5, 23, 6], [7, 11, 8, 10], [9, 17, 10, 16], [24, 11, 1, 12], [20, 13, 21, 14], [15, 9, 16, 8], [2, 17, 3, 18], [14, 19, 15, 20], [4, 21, 5, 22], [12, 23, 13, 24], [6, 1, 7, 2], [18, 3, 19, 4]]"
12n_0514_61,"[[18, 3, 19, 4], [22, 5, 23, 6], [7, 11, 8, 10], [9, 17, 10, 16], [24, 11, 1, 12], [20, 13, 21, 14], [15, 9, 16, 8], [2, 17, 3, 18], [14, 19, 15, 20], [4, 21, 5, 22], [12, 23, 13, 24], [6, 1, 7, 2]]"
12n_0514_62,"[[6, 1, 7, 2], [18, 3, 19, 4], [22, 5, 23, 6], [7, 11, 8, 10], [9, 17, 10, 16], [24, 11, 1, 12], [20, 13, 21, 14], [15, 9, 16, 8], [2, 17, 3, 18], [14, 19, 15, 20], [4, 21, 5, 22], [12, 23, 13, 24]]"
12n_0514_63,"[[12, 23, 13, 24], [6, 1, 7, 2], [18, 3, 19, 4], [22, 5, 23, 6], [7, 11, 8, 10], [9, 17, 10, 16], [24, 11, 1, 12], [20, 13, 21, 14], [15, 9, 16, 8], [2, 17, 3, 18], [14, 19, 15, 20], [4, 21, 5, 22]]"
12n_0514_64,"[[4, 21, 5, 22], [12, 23, 13, 24], [6, 1, 7, 2], [18, 3, 19, 4], [22, 5, 23, 6], [7, 11, 8, 10], [9, 17, 10, 16], [24, 11, 1, 12], [20, 13, 21, 14], [15, 9, 16, 8], [2, 17, 3, 18], [14, 19, 15, 20]]"
12n_0514_65,"[[14, 19, 15, 20], [4, 21, 5, 22], [12, 23, 13, 24], [6, 1, 7, 2], [18, 3, 19, 4], [22, 5, 23, 6], [7, 11, 8, 10], [9, 17, 10, 16], [24, 11, 1, 12], [20, 13, 21, 14], [15, 9, 16, 8], [2, 17, 3, 18]]"
12n_0514_66,"[[2, 17, 3, 18], [14, 19, 15, 20], [4, 21, 5, 22], [12, 23, 13, 24], [6, 1, 7, 2], [18, 3, 19, 4], [22, 5, 23, 6], [7, 11, 8, 10], [9, 17, 10, 16], [24, 11, 1, 12], [20, 13, 21, 14], [15, 9, 16, 8]]"
12n_0514_67,"[[15, 9, 16, 8], [2, 17, 3, 18], [14, 19, 15, 20], [4, 21, 5, 22], [12, 23, 13, 24], [6, 1, 7, 2], [18, 3, 19, 4], [22, 5, 23, 6], [7, 11, 8, 10], [9, 17, 10, 16], [24, 11, 1, 12], [20, 13, 21, 14]]"
12n_0514_68,"[[20, 13, 21, 14], [15, 9, 16, 8], [2, 17, 3, 18], [14, 19, 15, 20], [4, 21, 5, 22], [12, 23, 13, 24], [6, 1, 7, 2], [18, 3, 19, 4], [22, 5, 23, 6], [7, 11, 8, 10], [9, 17, 10, 16], [24, 11, 1, 12]]"
12n_0514_69,"[[24, 11, 1, 12], [20, 13, 21, 14], [15, 9, 16, 8], [2, 17, 3, 18], [14, 19, 15, 20], [4, 21, 5, 22], [12, 23, 13, 24], [6, 1, 7, 2], [18, 3, 19, 4], [22, 5, 23, 6], [7, 11, 8, 10], [9, 17, 10, 16]]"
12n_0514_70,"[[9, 17, 10, 16], [24, 11, 1, 12], [20, 13, 21, 14], [15, 9, 16, 8], [2, 17, 3, 18], [14, 19, 15, 20], [4, 21, 5, 22], [12, 23, 13, 24], [6, 1, 7, 2], [18, 3, 19, 4], [22, 5, 23, 6], [7, 11, 8, 10]]"
12n_0514_71,"[[7, 11, 8, 10], [9, 17, 10, 16], [24, 11, 1, 12], [20, 13, 21, 14], [15, 9, 16, 8], [2, 17, 3, 18], [14, 19, 15, 20], [4, 21, 5, 22], [12, 23, 13, 24], [6, 1, 7, 2], [18, 3, 19, 4], [22, 5, 23, 6]]"
12n_0514_72,"[[23, 6, 24, 7], [8, 12, 9, 11], [10, 18, 11, 17], [1, 12, 2, 13], [21, 14, 22, 15], [16, 10, 17, 9], [3, 18, 4, 19], [15, 20, 16, 21], [5, 22, 6, 23], [13, 24, 14, 1], [7, 2, 8, 3], [19, 4, 20, 5]]"
12n_0514_73,"[[19, 4, 20, 5], [23, 6, 24, 7], [8, 12, 9, 11], [10, 18, 11, 17], [1, 12, 2, 13], [21, 14, 22, 15], [16, 10, 17, 9], [3, 18, 4, 19], [15, 20, 16, 21], [5, 22, 6, 23], [13, 24, 14, 1], [7, 2, 8, 3]]"
12n_0514_74,"[[7, 2, 8, 3], [19, 4, 20, 5], [23, 6, 24, 7], [8, 12, 9, 11], [10, 18, 11, 17], [1, 12, 2, 13], [21, 14, 22, 15], [16, 10, 17, 9], [3, 18, 4, 19], [15, 20, 16, 21], [5, 22, 6, 23], [13, 24, 14, 1]]"
12n_0514_75,"[[13, 24, 14, 1], [7, 2, 8, 3], [19, 4, 20, 5], [23, 6, 24, 7], [8, 12, 9, 11], [10, 18, 11, 17], [1, 12, 2, 13], [21, 14, 22, 15], [16, 10, 17, 9], [3, 18, 4, 19], [15, 20, 16, 21], [5, 22, 6, 23]]"
12n_0514_76,"[[5, 22, 6, 23], [13, 24, 14, 1], [7, 2, 8, 3], [19, 4, 20, 5], [23, 6, 24, 7], [8, 12, 9, 11], [10, 18, 11, 17], [1, 12, 2, 13], [21, 14, 22, 15], [16, 10, 17, 9], [3, 18, 4, 19], [15, 20, 16, 21]]"
12n_0514_77,"[[15, 20, 16, 21], [5, 22, 6, 23], [13, 24, 14, 1], [7, 2, 8, 3], [19, 4, 20, 5], [23, 6, 24, 7], [8, 12, 9, 11], [10, 18, 11, 17], [1, 12, 2, 13], [21, 14, 22, 15], [16, 10, 17, 9], [3, 18, 4, 19]]"
12n_0514_78,"[[3, 18, 4, 19], [15, 20, 16, 21], [5, 22, 6, 23], [13, 24, 14, 1], [7, 2, 8, 3], [19, 4, 20, 5], [23, 6, 24, 7], [8, 12, 9, 11], [10, 18, 11, 17], [1, 12, 2, 13], [21, 14, 22, 15], [16, 10, 17, 9]]"
12n_0514_79,"[[16, 10, 17, 9], [3, 18, 4, 19], [15, 20, 16, 21], [5, 22, 6, 23], [13, 24, 14, 1], [7, 2, 8, 3], [19, 4, 20, 5], [23, 6, 24, 7], [8, 12, 9, 11], [10, 18, 11, 17], [1, 12, 2, 13], [21, 14, 22, 15]]"
12n_0514_80,"[[21, 14, 22, 15], [16, 10, 17, 9], [3, 18, 4, 19], [15, 20, 16, 21], [5, 22, 6, 23], [13, 24, 14, 1], [7, 2, 8, 3], [19, 4, 20, 5], [23, 6, 24, 7], [8, 12, 9, 11], [10, 18, 11, 17], [1, 12, 2, 13]]"
12n_0514_81,"[[1, 12, 2, 13], [21, 14, 22, 15], [16, 10, 17, 9], [3, 18, 4, 19], [15, 20, 16, 21], [5, 22, 6, 23], [13, 24, 14, 1], [7, 2, 8, 3], [19, 4, 20, 5], [23, 6, 24, 7], [8, 12, 9, 11], [10, 18, 11, 17]]"
12n_0514_82,"[[10, 18, 11, 17], [1, 12, 2, 13], [21, 14, 22, 15], [16, 10, 17, 9], [3, 18, 4, 19], [15, 20, 16, 21], [5, 22, 6, 23], [13, 24, 14, 1], [7, 2, 8, 3], [19, 4, 20, 5], [23, 6, 24, 7], [8, 12, 9, 11]]"
12n_0514_83,"[[8, 12, 9, 11], [10, 18, 11, 17], [1, 12, 2, 13], [21, 14, 22, 15], [16, 10, 17, 9], [3, 18, 4, 19], [15, 20, 16, 21], [5, 22, 6, 23], [13, 24, 14, 1], [7, 2, 8, 3], [19, 4, 20, 5], [23, 6, 24, 7]]"
12n_0514_84,"[[24, 7, 1, 8], [9, 13, 10, 12], [11, 19, 12, 18], [2, 13, 3, 14], [22, 15, 23, 16], [17, 11, 18, 10], [4, 19, 5, 20], [16, 21, 17, 22], [6, 23, 7, 24], [14, 1, 15, 2], [8, 3, 9, 4], [20, 5, 21, 6]]"
12n_0514_85,"[[20, 5, 21, 6], [24, 7, 1, 8], [9, 13, 10, 12], [11, 19, 12, 18], [2, 13, 3, 14], [22, 15, 23, 16], [17, 11, 18, 10], [4, 19, 5, 20], [16, 21, 17, 22], [6, 23, 7, 24], [14, 1, 15, 2], [8, 3, 9, 4]]"
12n_0514_86,"[[8, 3, 9, 4], [20, 5, 21, 6], [24, 7, 1, 8], [9, 13, 10, 12], [11, 19, 12, 18], [2, 13, 3, 14], [22, 15, 23, 16], [17, 11, 18, 10], [4, 19, 5, 20], [16, 21, 17, 22], [6, 23, 7, 24], [14, 1, 15, 2]]"
12n_0514_87,"[[14, 1, 15, 2], [8, 3, 9, 4], [20, 5, 21, 6], [24, 7, 1, 8], [9, 13, 10, 12], [11, 19, 12, 18], [2, 13, 3, 14], [22, 15, 23, 16], [17, 11, 18, 10], [4, 19, 5, 20], [16, 21, 17, 22], [6, 23, 7, 24]]"
12n_0514_88,"[[6, 23, 7, 24], [14, 1, 15, 2], [8, 3, 9, 4], [20, 5, 21, 6], [24, 7, 1, 8], [9, 13, 10, 12], [11, 19, 12, 18], [2, 13, 3, 14], [22, 15, 23, 16], [17, 11, 18, 10], [4, 19, 5, 20], [16, 21, 17, 22]]"
12n_0514_89,"[[16, 21, 17, 22], [6, 23, 7, 24], [14, 1, 15, 2], [8, 3, 9, 4], [20, 5, 21, 6], [24, 7, 1, 8], [9, 13, 10, 12], [11, 19, 12, 18], [2, 13, 3, 14], [22, 15, 23, 16], [17, 11, 18, 10], [4, 19, 5, 20]]"
12n_0514_90,"[[4, 19, 5, 20], [16, 21, 17, 22], [6, 23, 7, 24], [14, 1, 15, 2], [8, 3, 9, 4], [20, 5, 21, 6], [24, 7, 1, 8], [9, 13, 10, 12], [11, 19, 12, 18], [2, 13, 3, 14], [22, 15, 23, 16], [17, 11, 18, 10]]"
12n_0514_91,"[[17, 11, 18, 10], [4, 19, 5, 20], [16, 21, 17, 22], [6, 23, 7, 24], [14, 1, 15, 2], [8, 3, 9, 4], [20, 5, 21, 6], [24, 7, 1, 8], [9, 13, 10, 12], [11, 19, 12, 18], [2, 13, 3, 14], [22, 15, 23, 16]]"
12n_0514_92,"[[22, 15, 23, 16], [17, 11, 18, 10], [4, 19, 5, 20], [16, 21, 17, 22], [6, 23, 7, 24], [14, 1, 15, 2], [8, 3, 9, 4], [20, 5, 21, 6], [24, 7, 1, 8], [9, 13, 10, 12], [11, 19, 12, 18], [2, 13, 3, 14]]"
12n_0514_93,"[[2, 13, 3, 14], [22, 15, 23, 16], [17, 11, 18, 10], [4, 19, 5, 20], [16, 21, 17, 22], [6, 23, 7, 24], [14, 1, 15, 2], [8, 3, 9, 4], [20, 5, 21, 6], [24, 7, 1, 8], [9, 13, 10, 12], [11, 19, 12, 18]]"
12n_0514_94,"[[11, 19, 12, 18], [2, 13, 3, 14], [22, 15, 23, 16], [17, 11, 18, 10], [4, 19, 5, 20], [16, 21, 17, 22], [6, 23, 7, 24], [14, 1, 15, 2], [8, 3, 9, 4], [20, 5, 21, 6], [24, 7, 1, 8], [9, 13, 10, 12]]"
12n_0514_95,"[[9, 13, 10, 12], [11, 19, 12, 18], [2, 13, 3, 14], [22, 15, 23, 16], [17, 11, 18, 10], [4, 19, 5, 20], [16, 21, 17, 22], [6, 23, 7, 24], [14, 1, 15, 2], [8, 3, 9, 4], [20, 5, 21, 6], [24, 7, 1, 8]]"
12n_0514_96,"[[1, 8, 2, 9], [10, 14, 11, 13], [12, 20, 13, 19], [3, 14, 4, 15], [23, 16, 24, 17], [18, 12, 19, 11], [5, 20, 6, 21], [17, 22, 18, 23], [7, 24, 8, 1], [15, 2, 16, 3], [9, 4, 10, 5], [21, 6, 22, 7]]"
12n_0514_97,"[[21, 6, 22, 7], [1, 8, 2, 9], [10, 14, 11, 13], [12, 20, 13, 19], [3, 14, 4, 15], [23, 16, 24, 17], [18, 12, 19, 11], [5, 20, 6, 21], [17, 22, 18, 23], [7, 24, 8, 1], [15, 2, 16, 3], [9, 4, 10, 5]]"
12n_0514_98,"[[9, 4, 10, 5], [21, 6, 22, 7], [1, 8, 2, 9], [10, 14, 11, 13], [12, 20, 13, 19], [3, 14, 4, 15], [23, 16, 24, 17], [18, 12, 19, 11], [5, 20, 6, 21], [17, 22, 18, 23], [7, 24, 8, 1], [15, 2, 16, 3]]"
12n_0514_99,"[[15, 2, 16, 3], [9, 4, 10, 5], [21, 6, 22, 7], [1, 8, 2, 9], [10, 14, 11, 13], [12, 20, 13, 19], [3, 14, 4, 15], [23, 16, 24, 17], [18, 12, 19, 11], [5, 20, 6, 21], [17, 22, 18, 23], [7, 24, 8, 1]]"
12n_0514_100,"[[7, 24, 8, 1], [15, 2, 16, 3], [9, 4, 10, 5], [21, 6, 22, 7], [1, 8, 2, 9], [10, 14, 11, 13], [12, 20, 13, 19], [3, 14, 4, 15], [23, 16, 24, 17], [18, 12, 19, 11], [5, 20, 6, 21], [17, 22, 18, 23]]"
12n_0514_101,"[[17, 22, 18, 23], [7, 24, 8, 1], [15, 2, 16, 3], [9, 4, 10, 5], [21, 6, 22, 7], [1, 8, 2, 9], [10, 14, 11, 13], [12, 20, 13, 19], [3, 14, 4, 15], [23, 16, 24, 17], [18, 12, 19, 11], [5, 20, 6, 21]]"
12n_0514_102,"[[5, 20, 6, 21], [17, 22, 18, 23], [7, 24, 8, 1], [15, 2, 16, 3], [9, 4, 10, 5], [21, 6, 22, 7], [1, 8, 2, 9], [10, 14, 11, 13], [12, 20, 13, 19], [3, 14, 4, 15], [23, 16, 24, 17], [18, 12, 19, 11]]"
12n_0514_103,"[[18, 12, 19, 11], [5, 20, 6, 21], [17, 22, 18, 23], [7, 24, 8, 1], [15, 2, 16, 3], [9, 4, 10, 5], [21, 6, 22, 7], [1, 8, 2, 9], [10, 14, 11, 13], [12, 20, 13, 19], [3, 14, 4, 15], [23, 16, 24, 17]]"
12n_0514_104,"[[23, 16, 24, 17], [18, 12, 19, 11], [5, 20, 6, 21], [17, 22, 18, 23], [7, 24, 8, 1], [15, 2, 16, 3], [9, 4, 10, 5], [21, 6, 22, 7], [1, 8, 2, 9], [10, 14, 11, 13], [12, 20, 13, 19], [3, 14, 4, 15]]"
12n_0514_105,"[[3, 14, 4, 15], [23, 16, 24, 17], [18, 12, 19, 11], [5, 20, 6, 21], [17, 22, 18, 23], [7, 24, 8, 1], [15, 2, 16, 3], [9, 4, 10, 5], [21, 6, 22, 7], [1, 8, 2, 9], [10, 14, 11, 13], [12, 20, 13, 19]]"
12n_0514_106,"[[12, 20, 13, 19], [3, 14, 4, 15], [23, 16, 24, 17], [18, 12, 19, 11], [5, 20, 6, 21], [17, 22, 18, 23], [7, 24, 8, 1], [15, 2, 16, 3], [9, 4, 10, 5], [21, 6, 22, 7], [1, 8, 2, 9], [10, 14, 11, 13]]"
12n_0514_107,"[[10, 14, 11, 13], [12, 20, 13, 19], [3, 14, 4, 15], [23, 16, 24, 17], [18, 12, 19, 11], [5, 20, 6, 21], [17, 22, 18, 23], [7, 24, 8, 1], [15, 2, 16, 3], [9, 4, 10, 5], [21, 6, 22, 7], [1, 8, 2, 9]]"
12n_0514_108,"[[2, 9, 3, 10], [11, 15, 12, 14], [13, 21, 14, 20], [4, 15, 5, 16], [24, 17, 1, 18], [19, 13, 20, 12], [6, 21, 7, 22], [18, 23, 19, 24], [8, 1, 9, 2], [16, 3, 17, 4], [10, 5, 11, 6], [22, 7, 23, 8]]"
12n_0514_109,"[[22, 7, 23, 8], [2, 9, 3, 10], [11, 15, 12, 14], [13, 21, 14, 20], [4, 15, 5, 16], [24, 17, 1, 18], [19, 13, 20, 12], [6, 21, 7, 22], [18, 23, 19, 24], [8, 1, 9, 2], [16, 3, 17, 4], [10, 5, 11, 6]]"
12n_0514_110,"[[10, 5, 11, 6], [22, 7, 23, 8], [2, 9, 3, 10], [11, 15, 12, 14], [13, 21, 14, 20], [4, 15, 5, 16], [24, 17, 1, 18], [19, 13, 20, 12], [6, 21, 7, 22], [18, 23, 19, 24], [8, 1, 9, 2], [16, 3, 17, 4]]"
12n_0514_111,"[[16, 3, 17, 4], [10, 5, 11, 6], [22, 7, 23, 8], [2, 9, 3, 10], [11, 15, 12, 14], [13, 21, 14, 20], [4, 15, 5, 16], [24, 17, 1, 18], [19, 13, 20, 12], [6, 21, 7, 22], [18, 23, 19, 24], [8, 1, 9, 2]]"
12n_0514_112,"[[8, 1, 9, 2], [16, 3, 17, 4], [10, 5, 11, 6], [22, 7, 23, 8], [2, 9, 3, 10], [11, 15, 12, 14], [13, 21, 14, 20], [4, 15, 5, 16], [24, 17, 1, 18], [19, 13, 20, 12], [6, 21, 7, 22], [18, 23, 19, 24]]"
12n_0514_113,"[[18, 23, 19, 24], [8, 1, 9, 2], [16, 3, 17, 4], [10, 5, 11, 6], [22, 7, 23, 8], [2, 9, 3, 10], [11, 15, 12, 14], [13, 21, 14, 20], [4, 15, 5, 16], [24, 17, 1, 18], [19, 13, 20, 12], [6, 21, 7, 22]]"
12n_0514_114,"[[6, 21, 7, 22], [18, 23, 19, 24], [8, 1, 9, 2], [16, 3, 17, 4], [10, 5, 11, 6], [22, 7, 23, 8], [2, 9, 3, 10], [11, 15, 12, 14], [13, 21, 14, 20], [4, 15, 5, 16], [24, 17, 1, 18], [19, 13, 20, 12]]"
12n_0514_115,"[[19, 13, 20, 12], [6, 21, 7, 22], [18, 23, 19, 24], [8, 1, 9, 2], [16, 3, 17, 4], [10, 5, 11, 6], [22, 7, 23, 8], [2, 9, 3, 10], [11, 15, 12, 14], [13, 21, 14, 20], [4, 15, 5, 16], [24, 17, 1, 18]]"
12n_0514_116,"[[24, 17, 1, 18], [19, 13, 20, 12], [6, 21, 7, 22], [18, 23, 19, 24], [8, 1, 9, 2], [16, 3, 17, 4], [10, 5, 11, 6], [22, 7, 23, 8], [2, 9, 3, 10], [11, 15, 12, 14], [13, 21, 14, 20], [4, 15, 5, 16]]"
12n_0514_117,"[[4, 15, 5, 16], [24, 17, 1, 18], [19, 13, 20, 12], [6, 21, 7, 22], [18, 23, 19, 24], [8, 1, 9, 2], [16, 3, 17, 4], [10, 5, 11, 6], [22, 7, 23, 8], [2, 9, 3, 10], [11, 15, 12, 14], [13, 21, 14, 20]]"
12n_0514_118,"[[13, 21, 14, 20], [4, 15, 5, 16], [24, 17, 1, 18], [19, 13, 20, 12], [6, 21, 7, 22], [18, 23, 19, 24], [8, 1, 9, 2], [16, 3, 17, 4], [10, 5, 11, 6], [22, 7, 23, 8], [2, 9, 3, 10], [11, 15, 12, 14]]"
12n_0514_119,"[[11, 15, 12, 14], [13, 21, 14, 20], [4, 15, 5, 16], [24, 17, 1, 18], [19, 13, 20, 12], [6, 21, 7, 22], [18, 23, 19, 24], [8, 1, 9, 2], [16, 3, 17, 4], [10, 5, 11, 6], [22, 7, 23, 8], [2, 9, 3, 10]]"
12n_0514_120,"[[3, 10, 4, 11], [12, 16, 13, 15], [14, 22, 15, 21], [5, 16, 6, 17], [1, 18, 2, 19], [20, 14, 21, 13], [7, 22, 8, 23], [19, 24, 20, 1], [9, 2, 10, 3], [17, 4, 18, 5], [11, 6, 12, 7], [23, 8, 24, 9]]"
12n_0514_121,"[[23, 8, 24, 9], [3, 10, 4, 11], [12, 16, 13, 15], [14, 22, 15, 21], [5, 16, 6, 17], [1, 18, 2, 19], [20, 14, 21, 13], [7, 22, 8, 23], [19, 24, 20, 1], [9, 2, 10, 3], [17, 4, 18, 5], [11, 6, 12, 7]]"
12n_0514_122,"[[11, 6, 12, 7], [23, 8, 24, 9], [3, 10, 4, 11], [12, 16, 13, 15], [14, 22, 15, 21], [5, 16, 6, 17], [1, 18, 2, 19], [20, 14, 21, 13], [7, 22, 8, 23], [19, 24, 20, 1], [9, 2, 10, 3], [17, 4, 18, 5]]"
12n_0514_123,"[[17, 4, 18, 5], [11, 6, 12, 7], [23, 8, 24, 9], [3, 10, 4, 11], [12, 16, 13, 15], [14, 22, 15, 21], [5, 16, 6, 17], [1, 18, 2, 19], [20, 14, 21, 13], [7, 22, 8, 23], [19, 24, 20, 1], [9, 2, 10, 3]]"
12n_0514_124,"[[9, 2, 10, 3], [17, 4, 18, 5], [11, 6, 12, 7], [23, 8, 24, 9], [3, 10, 4, 11], [12, 16, 13, 15], [14, 22, 15, 21], [5, 16, 6, 17], [1, 18, 2, 19], [20, 14, 21, 13], [7, 22, 8, 23], [19, 24, 20, 1]]"
12n_0514_125,"[[19, 24, 20, 1], [9, 2, 10, 3], [17, 4, 18, 5], [11, 6, 12, 7], [23, 8, 24, 9], [3, 10, 4, 11], [12, 16, 13, 15], [14, 22, 15, 21], [5, 16, 6, 17], [1, 18, 2, 19], [20, 14, 21, 13], [7, 22, 8, 23]]"
12n_0514_126,"[[7, 22, 8, 23], [19, 24, 20, 1], [9, 2, 10, 3], [17, 4, 18, 5], [11, 6, 12, 7], [23, 8, 24, 9], [3, 10, 4, 11], [12, 16, 13, 15], [14, 22, 15, 21], [5, 16, 6, 17], [1, 18, 2, 19], [20, 14, 21, 13]]"
12n_0514_127,"[[20, 14, 21, 13], [7, 22, 8, 23], [19, 24, 20, 1], [9, 2, 10, 3], [17, 4, 18, 5], [11, 6, 12, 7], [23, 8, 24, 9], [3, 10, 4, 11], [12, 16, 13, 15], [14, 22, 15, 21], [5, 16, 6, 17], [1, 18, 2, 19]]"
12n_0514_128,"[[1, 18, 2, 19], [20, 14, 21, 13], [7, 22, 8, 23], [19, 24, 20, 1], [9, 2, 10, 3], [17, 4, 18, 5], [11, 6, 12, 7], [23, 8, 24, 9], [3, 10, 4, 11], [12, 16, 13, 15], [14, 22, 15, 21], [5, 16, 6, 17]]"
12n_0514_129,"[[5, 16, 6, 17], [1, 18, 2, 19], [20, 14, 21, 13], [7, 22, 8, 23], [19, 24, 20, 1], [9, 2, 10, 3], [17, 4, 18, 5], [11, 6, 12, 7], [23, 8, 24, 9], [3, 10, 4, 11], [12, 16, 13, 15], [14, 22, 15, 21]]"
12n_0514_130,"[[14, 22, 15, 21], [5, 16, 6, 17], [1, 18, 2, 19], [20, 14, 21, 13], [7, 22, 8, 23], [19, 24, 20, 1], [9, 2, 10, 3], [17, 4, 18, 5], [11, 6, 12, 7], [23, 8, 24, 9], [3, 10, 4, 11], [12, 16, 13, 15]]"
12n_0514_131,"[[12, 16, 13, 15], [14, 22, 15, 21], [5, 16, 6, 17], [1, 18, 2, 19], [20, 14, 21, 13], [7, 22, 8, 23], [19, 24, 20, 1], [9, 2, 10, 3], [17, 4, 18, 5], [11, 6, 12, 7], [23, 8, 24, 9], [3, 10, 4, 11]]"
12n_0514_132,"[[4, 11, 5, 12], [13, 17, 14, 16], [15, 23, 16, 22], [6, 17, 7, 18], [2, 19, 3, 20], [21, 15, 22, 14], [8, 23, 9, 24], [20, 1, 21, 2], [10, 3, 11, 4], [18, 5, 19, 6], [12, 7, 13, 8], [24, 9, 1, 10]]"
12n_0514_133,"[[24, 9, 1, 10], [4, 11, 5, 12], [13, 17, 14, 16], [15, 23, 16, 22], [6, 17, 7, 18], [2, 19, 3, 20], [21, 15, 22, 14], [8, 23, 9, 24], [20, 1, 21, 2], [10, 3, 11, 4], [18, 5, 19, 6], [12, 7, 13, 8]]"
12n_0514_134,"[[12, 7, 13, 8], [24, 9, 1, 10], [4, 11, 5, 12], [13, 17, 14, 16], [15, 23, 16, 22], [6, 17, 7, 18], [2, 19, 3, 20], [21, 15, 22, 14], [8, 23, 9, 24], [20, 1, 21, 2], [10, 3, 11, 4], [18, 5, 19, 6]]"
12n_0514_135,"[[18, 5, 19, 6], [12, 7, 13, 8], [24, 9, 1, 10], [4, 11, 5, 12], [13, 17, 14, 16], [15, 23, 16, 22], [6, 17, 7, 18], [2, 19, 3, 20], [21, 15, 22, 14], [8, 23, 9, 24], [20, 1, 21, 2], [10, 3, 11, 4]]"
12n_0514_136,"[[10, 3, 11, 4], [18, 5, 19, 6], [12, 7, 13, 8], [24, 9, 1, 10], [4, 11, 5, 12], [13, 17, 14, 16], [15, 23, 16, 22], [6, 17, 7, 18], [2, 19, 3, 20], [21, 15, 22, 14], [8, 23, 9, 24], [20, 1, 21, 2]]"
12n_0514_137,"[[20, 1, 21, 2], [10, 3, 11, 4], [18, 5, 19, 6], [12, 7, 13, 8], [24, 9, 1, 10], [4, 11, 5, 12], [13, 17, 14, 16], [15, 23, 16, 22], [6, 17, 7, 18], [2, 19, 3, 20], [21, 15, 22, 14], [8, 23, 9, 24]]"
12n_0514_138,"[[8, 23, 9, 24], [20, 1, 21, 2], [10, 3, 11, 4], [18, 5, 19, 6], [12, 7, 13, 8], [24, 9, 1, 10], [4, 11, 5, 12], [13, 17, 14, 16], [15, 23, 16, 22], [6, 17, 7, 18], [2, 19, 3, 20], [21, 15, 22, 14]]"
12n_0514_139,"[[21, 15, 22, 14], [8, 23, 9, 24], [20, 1, 21, 2], [10, 3, 11, 4], [18, 5, 19, 6], [12, 7, 13, 8], [24, 9, 1, 10], [4, 11, 5, 12], [13, 17, 14, 16], [15, 23, 16, 22], [6, 17, 7, 18], [2, 19, 3, 20]]"
12n_0514_140,"[[2, 19, 3, 20], [21, 15, 22, 14], [8, 23, 9, 24], [20, 1, 21, 2], [10, 3, 11, 4], [18, 5, 19, 6], [12, 7, 13, 8], [24, 9, 1, 10], [4, 11, 5, 12], [13, 17, 14, 16], [15, 23, 16, 22], [6, 17, 7, 18]]"
12n_0514_141,"[[6, 17, 7, 18], [2, 19, 3, 20], [21, 15, 22, 14], [8, 23, 9, 24], [20, 1, 21, 2], [10, 3, 11, 4], [18, 5, 19, 6], [12, 7, 13, 8], [24, 9, 1, 10], [4, 11, 5, 12], [13, 17, 14, 16], [15, 23, 16, 22]]"
12n_0514_142,"[[15, 23, 16, 22], [6, 17, 7, 18], [2, 19, 3, 20], [21, 15, 22, 14], [8, 23, 9, 24], [20, 1, 21, 2], [10, 3, 11, 4], [18, 5, 19, 6], [12, 7, 13, 8], [24, 9, 1, 10], [4, 11, 5, 12], [13, 17, 14, 16]]"
12n_0514_143,"[[13, 17, 14, 16], [15, 23, 16, 22], [6, 17, 7, 18], [2, 19, 3, 20], [21, 15, 22, 14], [8, 23, 9, 24], [20, 1, 21, 2], [10, 3, 11, 4], [18, 5, 19, 6], [12, 7, 13, 8], [24, 9, 1, 10], [4, 11, 5, 12]]"
12n_0514_144,"[[5, 12, 6, 13], [14, 18, 15, 17], [16, 24, 17, 23], [7, 18, 8, 19], [3, 20, 4, 21], [22, 16, 23, 15], [9, 24, 10, 1], [21, 2, 22, 3], [11, 4, 12, 5], [19, 6, 20, 7], [13, 8, 14, 9], [1, 10, 2, 11]]"
12n_0514_145,"[[1, 10, 2, 11], [5, 12, 6, 13], [14, 18, 15, 17], [16, 24, 17, 23], [7, 18, 8, 19], [3, 20, 4, 21], [22, 16, 23, 15], [9, 24, 10, 1], [21, 2, 22, 3], [11, 4, 12, 5], [19, 6, 20, 7], [13, 8, 14, 9]]"
12n_0514_146,"[[13, 8, 14, 9], [1, 10, 2, 11], [5, 12, 6, 13], [14, 18, 15, 17], [16, 24, 17, 23], [7, 18, 8, 19], [3, 20, 4, 21], [22, 16, 23, 15], [9, 24, 10, 1], [21, 2, 22, 3], [11, 4, 12, 5], [19, 6, 20, 7]]"
12n_0514_147,"[[19, 6, 20, 7], [13, 8, 14, 9], [1, 10, 2, 11], [5, 12, 6, 13], [14, 18, 15, 17], [16, 24, 17, 23], [7, 18, 8, 19], [3, 20, 4, 21], [22, 16, 23, 15], [9, 24, 10, 1], [21, 2, 22, 3], [11, 4, 12, 5]]"
12n_0514_148,"[[11, 4, 12, 5], [19, 6, 20, 7], [13, 8, 14, 9], [1, 10, 2, 11], [5, 12, 6, 13], [14, 18, 15, 17], [16, 24, 17, 23], [7, 18, 8, 19], [3, 20, 4, 21], [22, 16, 23, 15], [9, 24, 10, 1], [21, 2, 22, 3]]"
12n_0514_149,"[[21, 2, 22, 3], [11, 4, 12, 5], [19, 6, 20, 7], [13, 8, 14, 9], [1, 10, 2, 11], [5, 12, 6, 13], [14, 18, 15, 17], [16, 24, 17, 23], [7, 18, 8, 19], [3, 20, 4, 21], [22, 16, 23, 15], [9, 24, 10, 1]]"
12n_0514_150,"[[9, 24, 10, 1], [21, 2, 22, 3], [11, 4, 12, 5], [19, 6, 20, 7], [13, 8, 14, 9], [1, 10, 2, 11], [5, 12, 6, 13], [14, 18, 15, 17], [16, 24, 17, 23], [7, 18, 8, 19], [3, 20, 4, 21], [22, 16, 23, 15]]"
12n_0514_151,"[[22, 16, 23, 15], [9, 24, 10, 1], [21, 2, 22, 3], [11, 4, 12, 5], [19, 6, 20, 7], [13, 8, 14, 9], [1, 10, 2, 11], [5, 12, 6, 13], [14, 18, 15, 17], [16, 24, 17, 23], [7, 18, 8, 19], [3, 20, 4, 21]]"
12n_0514_152,"[[3, 20, 4, 21], [22, 16, 23, 15], [9, 24, 10, 1], [21, 2, 22, 3], [11, 4, 12, 5], [19, 6, 20, 7], [13, 8, 14, 9], [1, 10, 2, 11], [5, 12, 6, 13], [14, 18, 15, 17], [16, 24, 17, 23], [7, 18, 8, 19]]"
12n_0514_153,"[[7, 18, 8, 19], [3, 20, 4, 21], [22, 16, 23, 15], [9, 24, 10, 1], [21, 2, 22, 3], [11, 4, 12, 5], [19, 6, 20, 7], [13, 8, 14, 9], [1, 10, 2, 11], [5, 12, 6, 13], [14, 18, 15, 17], [16, 24, 17, 23]]"
12n_0514_154,"[[16, 24, 17, 23], [7, 18, 8, 19], [3, 20, 4, 21], [22, 16, 23, 15], [9, 24, 10, 1], [21, 2, 22, 3], [11, 4, 12, 5], [19, 6, 20, 7], [13, 8, 14, 9], [1, 10, 2, 11], [5, 12, 6, 13], [14, 18, 15, 17]]"
12n_0514_155,"[[14, 18, 15, 17], [16, 24, 17, 23], [7, 18, 8, 19], [3, 20, 4, 21], [22, 16, 23, 15], [9, 24, 10, 1], [21, 2, 22, 3], [11, 4, 12, 5], [19, 6, 20, 7], [13, 8, 14, 9], [1, 10, 2, 11], [5, 12, 6, 13]]"
12n_0514_156,"[[6, 13, 7, 14], [15, 19, 16, 18], [17, 1, 18, 24], [8, 19, 9, 20], [4, 21, 5, 22], [23, 17, 24, 16], [10, 1, 11, 2], [22, 3, 23, 4], [12, 5, 13, 6], [20, 7, 21, 8], [14, 9, 15, 10], [2, 11, 3, 12]]"
12n_0514_157,"[[2, 11, 3, 12], [6, 13, 7, 14], [15, 19, 16, 18], [17, 1, 18, 24], [8, 19, 9, 20], [4, 21, 5, 22], [23, 17, 24, 16], [10, 1, 11, 2], [22, 3, 23, 4], [12, 5, 13, 6], [20, 7, 21, 8], [14, 9, 15, 10]]"
12n_0514_158,"[[14, 9, 15, 10], [2, 11, 3, 12], [6, 13, 7, 14], [15, 19, 16, 18], [17, 1, 18, 24], [8, 19, 9, 20], [4, 21, 5, 22], [23, 17, 24, 16], [10, 1, 11, 2], [22, 3, 23, 4], [12, 5, 13, 6], [20, 7, 21, 8]]"
12n_0514_159,"[[20, 7, 21, 8], [14, 9, 15, 10], [2, 11, 3, 12], [6, 13, 7, 14], [15, 19, 16, 18], [17, 1, 18, 24], [8, 19, 9, 20], [4, 21, 5, 22], [23, 17, 24, 16], [10, 1, 11, 2], [22, 3, 23, 4], [12, 5, 13, 6]]"
12n_0514_160,"[[12, 5, 13, 6], [20, 7, 21, 8], [14, 9, 15, 10], [2, 11, 3, 12], [6, 13, 7, 14], [15, 19, 16, 18], [17, 1, 18, 24], [8, 19, 9, 20], [4, 21, 5, 22], [23, 17, 24, 16], [10, 1, 11, 2], [22, 3, 23, 4]]"
12n_0514_161,"[[22, 3, 23, 4], [12, 5, 13, 6], [20, 7, 21, 8], [14, 9, 15, 10], [2, 11, 3, 12], [6, 13, 7, 14], [15, 19, 16, 18], [17, 1, 18, 24], [8, 19, 9, 20], [4, 21, 5, 22], [23, 17, 24, 16], [10, 1, 11, 2]]"
12n_0514_162,"[[10, 1, 11, 2], [22, 3, 23, 4], [12, 5, 13, 6], [20, 7, 21, 8], [14, 9, 15, 10], [2, 11, 3, 12], [6, 13, 7, 14], [15, 19, 16, 18], [17, 1, 18, 24], [8, 19, 9, 20], [4, 21, 5, 22], [23, 17, 24, 16]]"
12n_0514_163,"[[23, 17, 24, 16], [10, 1, 11, 2], [22, 3, 23, 4], [12, 5, 13, 6], [20, 7, 21, 8], [14, 9, 15, 10], [2, 11, 3, 12], [6, 13, 7, 14], [15, 19, 16, 18], [17, 1, 18, 24], [8, 19, 9, 20], [4, 21, 5, 22]]"
12n_0514_164,"[[4, 21, 5, 22], [23, 17, 24, 16], [10, 1, 11, 2], [22, 3, 23, 4], [12, 5, 13, 6], [20, 7, 21, 8], [14, 9, 15, 10], [2, 11, 3, 12], [6, 13, 7, 14], [15, 19, 16, 18], [17, 1, 18, 24], [8, 19, 9, 20]]"
12n_0514_165,"[[8, 19, 9, 20], [4, 21, 5, 22], [23, 17, 24, 16], [10, 1, 11, 2], [22, 3, 23, 4], [12, 5, 13, 6], [20, 7, 21, 8], [14, 9, 15, 10], [2, 11, 3, 12], [6, 13, 7, 14], [15, 19, 16, 18], [17, 1, 18, 24]]"
12n_0514_166,"[[17, 1, 18, 24], [8, 19, 9, 20], [4, 21, 5, 22], [23, 17, 24, 16], [10, 1, 11, 2], [22, 3, 23, 4], [12, 5, 13, 6], [20, 7, 21, 8], [14, 9, 15, 10], [2, 11, 3, 12], [6, 13, 7, 14], [15, 19, 16, 18]]"
12n_0514_167,"[[15, 19, 16, 18], [17, 1, 18, 24], [8, 19, 9, 20], [4, 21, 5, 22], [23, 17, 24, 16], [10, 1, 11, 2], [22, 3, 23, 4], [12, 5, 13, 6], [20, 7, 21, 8], [14, 9, 15, 10], [2, 11, 3, 12], [6, 13, 7, 14]]"
12n_0514_168,"[[7, 14, 8, 15], [16, 20, 17, 19], [18, 2, 19, 1], [9, 20, 10, 21], [5, 22, 6, 23], [24, 18, 1, 17], [11, 2, 12, 3], [23, 4, 24, 5], [13, 6, 14, 7], [21, 8, 22, 9], [15, 10, 16, 11], [3, 12, 4, 13]]"
12n_0514_169,"[[3, 12, 4, 13], [7, 14, 8, 15], [16, 20, 17, 19], [18, 2, 19, 1], [9, 20, 10, 21], [5, 22, 6, 23], [24, 18, 1, 17], [11, 2, 12, 3], [23, 4, 24, 5], [13, 6, 14, 7], [21, 8, 22, 9], [15, 10, 16, 11]]"
12n_0514_170,"[[15, 10, 16, 11], [3, 12, 4, 13], [7, 14, 8, 15], [16, 20, 17, 19], [18, 2, 19, 1], [9, 20, 10, 21], [5, 22, 6, 23], [24, 18, 1, 17], [11, 2, 12, 3], [23, 4, 24, 5], [13, 6, 14, 7], [21, 8, 22, 9]]"
12n_0514_171,"[[21, 8, 22, 9], [15, 10, 16, 11], [3, 12, 4, 13], [7, 14, 8, 15], [16, 20, 17, 19], [18, 2, 19, 1], [9, 20, 10, 21], [5, 22, 6, 23], [24, 18, 1, 17], [11, 2, 12, 3], [23, 4, 24, 5], [13, 6, 14, 7]]"
12n_0514_172,"[[13, 6, 14, 7], [21, 8, 22, 9], [15, 10, 16, 11], [3, 12, 4, 13], [7, 14, 8, 15], [16, 20, 17, 19], [18, 2, 19, 1], [9, 20, 10, 21], [5, 22, 6, 23], [24, 18, 1, 17], [11, 2, 12, 3], [23, 4, 24, 5]]"
12n_0514_173,"[[23, 4, 24, 5], [13, 6, 14, 7], [21, 8, 22, 9], [15, 10, 16, 11], [3, 12, 4, 13], [7, 14, 8, 15], [16, 20, 17, 19], [18, 2, 19, 1], [9, 20, 10, 21], [5, 22, 6, 23], [24, 18, 1, 17], [11, 2, 12, 3]]"
12n_0514_174,"[[11, 2, 12, 3], [23, 4, 24, 5], [13, 6, 14, 7], [21, 8, 22, 9], [15, 10, 16, 11], [3, 12, 4, 13], [7, 14, 8, 15], [16, 20, 17, 19], [18, 2, 19, 1], [9, 20, 10, 21], [5, 22, 6, 23], [24, 18, 1, 17]]"
12n_0514_175,"[[24, 18, 1, 17], [11, 2, 12, 3], [23, 4, 24, 5], [13, 6, 14, 7], [21, 8, 22, 9], [15, 10, 16, 11], [3, 12, 4, 13], [7, 14, 8, 15], [16, 20, 17, 19], [18, 2, 19, 1], [9, 20, 10, 21], [5, 22, 6, 23]]"
12n_0514_176,"[[5, 22, 6, 23], [24, 18, 1, 17], [11, 2, 12, 3], [23, 4, 24, 5], [13, 6, 14, 7], [21, 8, 22, 9], [15, 10, 16, 11], [3, 12, 4, 13], [7, 14, 8, 15], [16, 20, 17, 19], [18, 2, 19, 1], [9, 20, 10, 21]]"
12n_0514_177,"[[9, 20, 10, 21], [5, 22, 6, 23], [24, 18, 1, 17], [11, 2, 12, 3], [23, 4, 24, 5], [13, 6, 14, 7], [21, 8, 22, 9], [15, 10, 16, 11], [3, 12, 4, 13], [7, 14, 8, 15], [16, 20, 17, 19], [18, 2, 19, 1]]"
12n_0514_178,"[[18, 2, 19, 1], [9, 20, 10, 21], [5, 22, 6, 23], [24, 18, 1, 17], [11, 2, 12, 3], [23, 4, 24, 5], [13, 6, 14, 7], [21, 8, 22, 9], [15, 10, 16, 11], [3, 12, 4, 13], [7, 14, 8, 15], [16, 20, 17, 19]]"
12n_0514_179,"[[16, 20, 17, 19], [18, 2, 19, 1], [9, 20, 10, 21], [5, 22, 6, 23], [24, 18, 1, 17], [11, 2, 12, 3], [23, 4, 24, 5], [13, 6, 14, 7], [21, 8, 22, 9], [15, 10, 16, 11], [3, 12, 4, 13], [7, 14, 8, 15]]"
12n_0514_180,"[[8, 15, 9, 16], [17, 21, 18, 20], [19, 3, 20, 2], [10, 21, 11, 22], [6, 23, 7, 24], [1, 19, 2, 18], [12, 3, 13, 4], [24, 5, 1, 6], [14, 7, 15, 8], [22, 9, 23, 10], [16, 11, 17, 12], [4, 13, 5, 14]]"
12n_0514_181,"[[4, 13, 5, 14], [8, 15, 9, 16], [17, 21, 18, 20], [19, 3, 20, 2], [10, 21, 11, 22], [6, 23, 7, 24], [1, 19, 2, 18], [12, 3, 13, 4], [24, 5, 1, 6], [14, 7, 15, 8], [22, 9, 23, 10], [16, 11, 17, 12]]"
12n_0514_182,"[[16, 11, 17, 12], [4, 13, 5, 14], [8, 15, 9, 16], [17, 21, 18, 20], [19, 3, 20, 2], [10, 21, 11, 22], [6, 23, 7, 24], [1, 19, 2, 18], [12, 3, 13, 4], [24, 5, 1, 6], [14, 7, 15, 8], [22, 9, 23, 10]]"
12n_0514_183,"[[22, 9, 23, 10], [16, 11, 17, 12], [4, 13, 5, 14], [8, 15, 9, 16], [17, 21, 18, 20], [19, 3, 20, 2], [10, 21, 11, 22], [6, 23, 7, 24], [1, 19, 2, 18], [12, 3, 13, 4], [24, 5, 1, 6], [14, 7, 15, 8]]"
12n_0514_184,"[[14, 7, 15, 8], [22, 9, 23, 10], [16, 11, 17, 12], [4, 13, 5, 14], [8, 15, 9, 16], [17, 21, 18, 20], [19, 3, 20, 2], [10, 21, 11, 22], [6, 23, 7, 24], [1, 19, 2, 18], [12, 3, 13, 4], [24, 5, 1, 6]]"
12n_0514_185,"[[24, 5, 1, 6], [14, 7, 15, 8], [22, 9, 23, 10], [16, 11, 17, 12], [4, 13, 5, 14], [8, 15, 9, 16], [17, 21, 18, 20], [19, 3, 20, 2], [10, 21, 11, 22], [6, 23, 7, 24], [1, 19, 2, 18], [12, 3, 13, 4]]"
