name,pd_notation
12n_0146_0,"[[21, 1, 22, 24], [2, 6, 3, 5], [4, 9, 5, 10], [13, 6, 14, 7], [19, 8, 20, 9], [10, 3, 11, 4], [17, 12, 18, 13], [23, 14, 24, 15], [7, 16, 8, 17], [11, 18, 12, 19], [1, 21, 2, 20], [15, 22, 16, 23]]"
12n_0146_1,"[[15, 22, 16, 23], [21, 1, 22, 24], [2, 6, 3, 5], [4, 9, 5, 10], [13, 6, 14, 7], [19, 8, 20, 9], [10, 3, 11, 4], [17, 12, 18, 13], [23, 14, 24, 15], [7, 16, 8, 17], [11, 18, 12, 19], [1, 21, 2, 20]]"
12n_0146_2,"[[1, 21, 2, 20], [15, 22, 16, 23], [21, 1, 22, 24], [2, 6, 3, 5], [4, 9, 5, 10], [13, 6, 14, 7], [19, 8, 20, 9], [10, 3, 11, 4], [17, 12, 18, 13], [23, 14, 24, 15], [7, 16, 8, 17], [11, 18, 12, 19]]"
12n_0146_3,"[[11, 18, 12, 19], [1, 21, 2, 20], [15, 22, 16, 23], [21, 1, 22, 24], [2, 6, 3, 5], [4, 9, 5, 10], [13, 6, 14, 7], [19, 8, 20, 9], [10, 3, 11, 4], [17, 12, 18, 13], [23, 14, 24, 15], [7, 16, 8, 17]]"
12n_0146_4,"[[7, 16, 8, 17], [11, 18, 12, 19], [1, 21, 2, 20], [15, 22, 16, 23], [21, 1, 22, 24], [2, 6, 3, 5], [4, 9, 5, 10], [13, 6, 14, 7], [19, 8, 20, 9], [10, 3, 11, 4], [17, 12, 18, 13], [23, 14, 24, 15]]"
12n_0146_5,"[[23, 14, 24, 15], [7, 16, 8, 17], [11, 18, 12, 19], [1, 21, 2, 20], [15, 22, 16, 23], [21, 1, 22, 24], [2, 6, 3, 5], [4, 9, 5, 10], [13, 6, 14, 7], [19, 8, 20, 9], [10, 3, 11, 4], [17, 12, 18, 13]]"
12n_0146_6,"[[17, 12, 18, 13], [23, 14, 24, 15], [7, 16, 8, 17], [11, 18, 12, 19], [1, 21, 2, 20], [15, 22, 16, 23], [21, 1, 22, 24], [2, 6, 3, 5], [4, 9, 5, 10], [13, 6, 14, 7], [19, 8, 20, 9], [10, 3, 11, 4]]"
12n_0146_7,"[[10, 3, 11, 4], [17, 12, 18, 13], [23, 14, 24, 15], [7, 16, 8, 17], [11, 18, 12, 19], [1, 21, 2, 20], [15, 22, 16, 23], [21, 1, 22, 24], [2, 6, 3, 5], [4, 9, 5, 10], [13, 6, 14, 7], [19, 8, 20, 9]]"
12n_0146_8,"[[19, 8, 20, 9], [10, 3, 11, 4], [17, 12, 18, 13], [23, 14, 24, 15], [7, 16, 8, 17], [11, 18, 12, 19], [1, 21, 2, 20], [15, 22, 16, 23], [21, 1, 22, 24], [2, 6, 3, 5], [4, 9, 5, 10], [13, 6, 14, 7]]"
12n_0146_9,"[[13, 6, 14, 7], [19, 8, 20, 9], [10, 3, 11, 4], [17, 12, 18, 13], [23, 14, 24, 15], [7, 16, 8, 17], [11, 18, 12, 19], [1, 21, 2, 20], [15, 22, 16, 23], [21, 1, 22, 24], [2, 6, 3, 5], [4, 9, 5, 10]]"
12n_0146_10,"[[4, 9, 5, 10], [13, 6, 14, 7], [19, 8, 20, 9], [10, 3, 11, 4], [17, 12, 18, 13], [23, 14, 24, 15], [7, 16, 8, 17], [11, 18, 12, 19], [1, 21, 2, 20], [15, 22, 16, 23], [21, 1, 22, 24], [2, 6, 3, 5]]"
12n_0146_11,"[[2, 6, 3, 5], [4, 9, 5, 10], [13, 6, 14, 7], [19, 8, 20, 9], [10, 3, 11, 4], [17, 12, 18, 13], [23, 14, 24, 15], [7, 16, 8, 17], [11, 18, 12, 19], [1, 21, 2, 20], [15, 22, 16, 23], [21, 1, 22, 24]]"
12n_0146_12,"[[22, 2, 23, 1], [3, 7, 4, 6], [5, 10, 6, 11], [14, 7, 15, 8], [20, 9, 21, 10], [11, 4, 12, 5], [18, 13, 19, 14], [24, 15, 1, 16], [8, 17, 9, 18], [12, 19, 13, 20], [2, 22, 3, 21], [16, 23, 17, 24]]"
12n_0146_13,"[[16, 23, 17, 24], [22, 2, 23, 1], [3, 7, 4, 6], [5, 10, 6, 11], [14, 7, 15, 8], [20, 9, 21, 10], [11, 4, 12, 5], [18, 13, 19, 14], [24, 15, 1, 16], [8, 17, 9, 18], [12, 19, 13, 20], [2, 22, 3, 21]]"
12n_0146_14,"[[2, 22, 3, 21], [16, 23, 17, 24], [22, 2, 23, 1], [3, 7, 4, 6], [5, 10, 6, 11], [14, 7, 15, 8], [20, 9, 21, 10], [11, 4, 12, 5], [18, 13, 19, 14], [24, 15, 1, 16], [8, 17, 9, 18], [12, 19, 13, 20]]"
12n_0146_15,"[[12, 19, 13, 20], [2, 22, 3, 21], [16, 23, 17, 24], [22, 2, 23, 1], [3, 7, 4, 6], [5, 10, 6, 11], [14, 7, 15, 8], [20, 9, 21, 10], [11, 4, 12, 5], [18, 13, 19, 14], [24, 15, 1, 16], [8, 17, 9, 18]]"
12n_0146_16,"[[8, 17, 9, 18], [12, 19, 13, 20], [2, 22, 3, 21], [16, 23, 17, 24], [22, 2, 23, 1], [3, 7, 4, 6], [5, 10, 6, 11], [14, 7, 15, 8], [20, 9, 21, 10], [11, 4, 12, 5], [18, 13, 19, 14], [24, 15, 1, 16]]"
12n_0146_17,"[[24, 15, 1, 16], [8, 17, 9, 18], [12, 19, 13, 20], [2, 22, 3, 21], [16, 23, 17, 24], [22, 2, 23, 1], [3, 7, 4, 6], [5, 10, 6, 11], [14, 7, 15, 8], [20, 9, 21, 10], [11, 4, 12, 5], [18, 13, 19, 14]]"
12n_0146_18,"[[18, 13, 19, 14], [24, 15, 1, 16], [8, 17, 9, 18], [12, 19, 13, 20], [2, 22, 3, 21], [16, 23, 17, 24], [22, 2, 23, 1], [3, 7, 4, 6], [5, 10, 6, 11], [14, 7, 15, 8], [20, 9, 21, 10], [11, 4, 12, 5]]"
12n_0146_19,"[[11, 4, 12, 5], [18, 13, 19, 14], [24, 15, 1, 16], [8, 17, 9, 18], [12, 19, 13, 20], [2, 22, 3, 21], [16, 23, 17, 24], [22, 2, 23, 1], [3, 7, 4, 6], [5, 10, 6, 11], [14, 7, 15, 8], [20, 9, 21, 10]]"
12n_0146_20,"[[20, 9, 21, 10], [11, 4, 12, 5], [18, 13, 19, 14], [24, 15, 1, 16], [8, 17, 9, 18], [12, 19, 13, 20], [2, 22, 3, 21], [16, 23, 17, 24], [22, 2, 23, 1], [3, 7, 4, 6], [5, 10, 6, 11], [14, 7, 15, 8]]"
12n_0146_21,"[[14, 7, 15, 8], [20, 9, 21, 10], [11, 4, 12, 5], [18, 13, 19, 14], [24, 15, 1, 16], [8, 17, 9, 18], [12, 19, 13, 20], [2, 22, 3, 21], [16, 23, 17, 24], [22, 2, 23, 1], [3, 7, 4, 6], [5, 10, 6, 11]]"
12n_0146_22,"[[5, 10, 6, 11], [14, 7, 15, 8], [20, 9, 21, 10], [11, 4, 12, 5], [18, 13, 19, 14], [24, 15, 1, 16], [8, 17, 9, 18], [12, 19, 13, 20], [2, 22, 3, 21], [16, 23, 17, 24], [22, 2, 23, 1], [3, 7, 4, 6]]"
12n_0146_23,"[[3, 7, 4, 6], [5, 10, 6, 11], [14, 7, 15, 8], [20, 9, 21, 10], [11, 4, 12, 5], [18, 13, 19, 14], [24, 15, 1, 16], [8, 17, 9, 18], [12, 19, 13, 20], [2, 22, 3, 21], [16, 23, 17, 24], [22, 2, 23, 1]]"
12n_0146_24,"[[23, 3, 24, 2], [4, 8, 5, 7], [6, 11, 7, 12], [15, 8, 16, 9], [21, 10, 22, 11], [12, 5, 13, 6], [19, 14, 20, 15], [1, 16, 2, 17], [9, 18, 10, 19], [13, 20, 14, 21], [3, 23, 4, 22], [17, 24, 18, 1]]"
12n_0146_25,"[[17, 24, 18, 1], [23, 3, 24, 2], [4, 8, 5, 7], [6, 11, 7, 12], [15, 8, 16, 9], [21, 10, 22, 11], [12, 5, 13, 6], [19, 14, 20, 15], [1, 16, 2, 17], [9, 18, 10, 19], [13, 20, 14, 21], [3, 23, 4, 22]]"
12n_0146_26,"[[3, 23, 4, 22], [17, 24, 18, 1], [23, 3, 24, 2], [4, 8, 5, 7], [6, 11, 7, 12], [15, 8, 16, 9], [21, 10, 22, 11], [12, 5, 13, 6], [19, 14, 20, 15], [1, 16, 2, 17], [9, 18, 10, 19], [13, 20, 14, 21]]"
12n_0146_27,"[[13, 20, 14, 21], [3, 23, 4, 22], [17, 24, 18, 1], [23, 3, 24, 2], [4, 8, 5, 7], [6, 11, 7, 12], [15, 8, 16, 9], [21, 10, 22, 11], [12, 5, 13, 6], [19, 14, 20, 15], [1, 16, 2, 17], [9, 18, 10, 19]]"
12n_0146_28,"[[9, 18, 10, 19], [13, 20, 14, 21], [3, 23, 4, 22], [17, 24, 18, 1], [23, 3, 24, 2], [4, 8, 5, 7], [6, 11, 7, 12], [15, 8, 16, 9], [21, 10, 22, 11], [12, 5, 13, 6], [19, 14, 20, 15], [1, 16, 2, 17]]"
12n_0146_29,"[[1, 16, 2, 17], [9, 18, 10, 19], [13, 20, 14, 21], [3, 23, 4, 22], [17, 24, 18, 1], [23, 3, 24, 2], [4, 8, 5, 7], [6, 11, 7, 12], [15, 8, 16, 9], [21, 10, 22, 11], [12, 5, 13, 6], [19, 14, 20, 15]]"
12n_0146_30,"[[19, 14, 20, 15], [1, 16, 2, 17], [9, 18, 10, 19], [13, 20, 14, 21], [3, 23, 4, 22], [17, 24, 18, 1], [23, 3, 24, 2], [4, 8, 5, 7], [6, 11, 7, 12], [15, 8, 16, 9], [21, 10, 22, 11], [12, 5, 13, 6]]"
12n_0146_31,"[[12, 5, 13, 6], [19, 14, 20, 15], [1, 16, 2, 17], [9, 18, 10, 19], [13, 20, 14, 21], [3, 23, 4, 22], [17, 24, 18, 1], [23, 3, 24, 2], [4, 8, 5, 7], [6, 11, 7, 12], [15, 8, 16, 9], [21, 10, 22, 11]]"
12n_0146_32,"[[21, 10, 22, 11], [12, 5, 13, 6], [19, 14, 20, 15], [1, 16, 2, 17], [9, 18, 10, 19], [13, 20, 14, 21], [3, 23, 4, 22], [17, 24, 18, 1], [23, 3, 24, 2], [4, 8, 5, 7], [6, 11, 7, 12], [15, 8, 16, 9]]"
12n_0146_33,"[[15, 8, 16, 9], [21, 10, 22, 11], [12, 5, 13, 6], [19, 14, 20, 15], [1, 16, 2, 17], [9, 18, 10, 19], [13, 20, 14, 21], [3, 23, 4, 22], [17, 24, 18, 1], [23, 3, 24, 2], [4, 8, 5, 7], [6, 11, 7, 12]]"
12n_0146_34,"[[6, 11, 7, 12], [15, 8, 16, 9], [21, 10, 22, 11], [12, 5, 13, 6], [19, 14, 20, 15], [1, 16, 2, 17], [9, 18, 10, 19], [13, 20, 14, 21], [3, 23, 4, 22], [17, 24, 18, 1], [23, 3, 24, 2], [4, 8, 5, 7]]"
12n_0146_35,"[[4, 8, 5, 7], [6, 11, 7, 12], [15, 8, 16, 9], [21, 10, 22, 11], [12, 5, 13, 6], [19, 14, 20, 15], [1, 16, 2, 17], [9, 18, 10, 19], [13, 20, 14, 21], [3, 23, 4, 22], [17, 24, 18, 1], [23, 3, 24, 2]]"
12n_0146_36,"[[24, 4, 1, 3], [5, 9, 6, 8], [7, 12, 8, 13], [16, 9, 17, 10], [22, 11, 23, 12], [13, 6, 14, 7], [20, 15, 21, 16], [2, 17, 3, 18], [10, 19, 11, 20], [14, 21, 15, 22], [4, 24, 5, 23], [18, 1, 19, 2]]"
12n_0146_37,"[[18, 1, 19, 2], [24, 4, 1, 3], [5, 9, 6, 8], [7, 12, 8, 13], [16, 9, 17, 10], [22, 11, 23, 12], [13, 6, 14, 7], [20, 15, 21, 16], [2, 17, 3, 18], [10, 19, 11, 20], [14, 21, 15, 22], [4, 24, 5, 23]]"
12n_0146_38,"[[4, 24, 5, 23], [18, 1, 19, 2], [24, 4, 1, 3], [5, 9, 6, 8], [7, 12, 8, 13], [16, 9, 17, 10], [22, 11, 23, 12], [13, 6, 14, 7], [20, 15, 21, 16], [2, 17, 3, 18], [10, 19, 11, 20], [14, 21, 15, 22]]"
12n_0146_39,"[[14, 21, 15, 22], [4, 24, 5, 23], [18, 1, 19, 2], [24, 4, 1, 3], [5, 9, 6, 8], [7, 12, 8, 13], [16, 9, 17, 10], [22, 11, 23, 12], [13, 6, 14, 7], [20, 15, 21, 16], [2, 17, 3, 18], [10, 19, 11, 20]]"
12n_0146_40,"[[10, 19, 11, 20], [14, 21, 15, 22], [4, 24, 5, 23], [18, 1, 19, 2], [24, 4, 1, 3], [5, 9, 6, 8], [7, 12, 8, 13], [16, 9, 17, 10], [22, 11, 23, 12], [13, 6, 14, 7], [20, 15, 21, 16], [2, 17, 3, 18]]"
12n_0146_41,"[[2, 17, 3, 18], [10, 19, 11, 20], [14, 21, 15, 22], [4, 24, 5, 23], [18, 1, 19, 2], [24, 4, 1, 3], [5, 9, 6, 8], [7, 12, 8, 13], [16, 9, 17, 10], [22, 11, 23, 12], [13, 6, 14, 7], [20, 15, 21, 16]]"
12n_0146_42,"[[20, 15, 21, 16], [2, 17, 3, 18], [10, 19, 11, 20], [14, 21, 15, 22], [4, 24, 5, 23], [18, 1, 19, 2], [24, 4, 1, 3], [5, 9, 6, 8], [7, 12, 8, 13], [16, 9, 17, 10], [22, 11, 23, 12], [13, 6, 14, 7]]"
12n_0146_43,"[[13, 6, 14, 7], [20, 15, 21, 16], [2, 17, 3, 18], [10, 19, 11, 20], [14, 21, 15, 22], [4, 24, 5, 23], [18, 1, 19, 2], [24, 4, 1, 3], [5, 9, 6, 8], [7, 12, 8, 13], [16, 9, 17, 10], [22, 11, 23, 12]]"
12n_0146_44,"[[22, 11, 23, 12], [13, 6, 14, 7], [20, 15, 21, 16], [2, 17, 3, 18], [10, 19, 11, 20], [14, 21, 15, 22], [4, 24, 5, 23], [18, 1, 19, 2], [24, 4, 1, 3], [5, 9, 6, 8], [7, 12, 8, 13], [16, 9, 17, 10]]"
12n_0146_45,"[[16, 9, 17, 10], [22, 11, 23, 12], [13, 6, 14, 7], [20, 15, 21, 16], [2, 17, 3, 18], [10, 19, 11, 20], [14, 21, 15, 22], [4, 24, 5, 23], [18, 1, 19, 2], [24, 4, 1, 3], [5, 9, 6, 8], [7, 12, 8, 13]]"
12n_0146_46,"[[7, 12, 8, 13], [16, 9, 17, 10], [22, 11, 23, 12], [13, 6, 14, 7], [20, 15, 21, 16], [2, 17, 3, 18], [10, 19, 11, 20], [14, 21, 15, 22], [4, 24, 5, 23], [18, 1, 19, 2], [24, 4, 1, 3], [5, 9, 6, 8]]"
12n_0146_47,"[[5, 9, 6, 8], [7, 12, 8, 13], [16, 9, 17, 10], [22, 11, 23, 12], [13, 6, 14, 7], [20, 15, 21, 16], [2, 17, 3, 18], [10, 19, 11, 20], [14, 21, 15, 22], [4, 24, 5, 23], [18, 1, 19, 2], [24, 4, 1, 3]]"
12n_0146_48,"[[1, 5, 2, 4], [6, 10, 7, 9], [8, 13, 9, 14], [17, 10, 18, 11], [23, 12, 24, 13], [14, 7, 15, 8], [21, 16, 22, 17], [3, 18, 4, 19], [11, 20, 12, 21], [15, 22, 16, 23], [5, 1, 6, 24], [19, 2, 20, 3]]"
12n_0146_49,"[[19, 2, 20, 3], [1, 5, 2, 4], [6, 10, 7, 9], [8, 13, 9, 14], [17, 10, 18, 11], [23, 12, 24, 13], [14, 7, 15, 8], [21, 16, 22, 17], [3, 18, 4, 19], [11, 20, 12, 21], [15, 22, 16, 23], [5, 1, 6, 24]]"
12n_0146_50,"[[5, 1, 6, 24], [19, 2, 20, 3], [1, 5, 2, 4], [6, 10, 7, 9], [8, 13, 9, 14], [17, 10, 18, 11], [23, 12, 24, 13], [14, 7, 15, 8], [21, 16, 22, 17], [3, 18, 4, 19], [11, 20, 12, 21], [15, 22, 16, 23]]"
12n_0146_51,"[[15, 22, 16, 23], [5, 1, 6, 24], [19, 2, 20, 3], [1, 5, 2, 4], [6, 10, 7, 9], [8, 13, 9, 14], [17, 10, 18, 11], [23, 12, 24, 13], [14, 7, 15, 8], [21, 16, 22, 17], [3, 18, 4, 19], [11, 20, 12, 21]]"
12n_0146_52,"[[11, 20, 12, 21], [15, 22, 16, 23], [5, 1, 6, 24], [19, 2, 20, 3], [1, 5, 2, 4], [6, 10, 7, 9], [8, 13, 9, 14], [17, 10, 18, 11], [23, 12, 24, 13], [14, 7, 15, 8], [21, 16, 22, 17], [3, 18, 4, 19]]"
12n_0146_53,"[[3, 18, 4, 19], [11, 20, 12, 21], [15, 22, 16, 23], [5, 1, 6, 24], [19, 2, 20, 3], [1, 5, 2, 4], [6, 10, 7, 9], [8, 13, 9, 14], [17, 10, 18, 11], [23, 12, 24, 13], [14, 7, 15, 8], [21, 16, 22, 17]]"
12n_0146_54,"[[21, 16, 22, 17], [3, 18, 4, 19], [11, 20, 12, 21], [15, 22, 16, 23], [5, 1, 6, 24], [19, 2, 20, 3], [1, 5, 2, 4], [6, 10, 7, 9], [8, 13, 9, 14], [17, 10, 18, 11], [23, 12, 24, 13], [14, 7, 15, 8]]"
12n_0146_55,"[[14, 7, 15, 8], [21, 16, 22, 17], [3, 18, 4, 19], [11, 20, 12, 21], [15, 22, 16, 23], [5, 1, 6, 24], [19, 2, 20, 3], [1, 5, 2, 4], [6, 10, 7, 9], [8, 13, 9, 14], [17, 10, 18, 11], [23, 12, 24, 13]]"
12n_0146_56,"[[23, 12, 24, 13], [14, 7, 15, 8], [21, 16, 22, 17], [3, 18, 4, 19], [11, 20, 12, 21], [15, 22, 16, 23], [5, 1, 6, 24], [19, 2, 20, 3], [1, 5, 2, 4], [6, 10, 7, 9], [8, 13, 9, 14], [17, 10, 18, 11]]"
12n_0146_57,"[[17, 10, 18, 11], [23, 12, 24, 13], [14, 7, 15, 8], [21, 16, 22, 17], [3, 18, 4, 19], [11, 20, 12, 21], [15, 22, 16, 23], [5, 1, 6, 24], [19, 2, 20, 3], [1, 5, 2, 4], [6, 10, 7, 9], [8, 13, 9, 14]]"
12n_0146_58,"[[8, 13, 9, 14], [17, 10, 18, 11], [23, 12, 24, 13], [14, 7, 15, 8], [21, 16, 22, 17], [3, 18, 4, 19], [11, 20, 12, 21], [15, 22, 16, 23], [5, 1, 6, 24], [19, 2, 20, 3], [1, 5, 2, 4], [6, 10, 7, 9]]"
12n_0146_59,"[[6, 10, 7, 9], [8, 13, 9, 14], [17, 10, 18, 11], [23, 12, 24, 13], [14, 7, 15, 8], [21, 16, 22, 17], [3, 18, 4, 19], [11, 20, 12, 21], [15, 22, 16, 23], [5, 1, 6, 24], [19, 2, 20, 3], [1, 5, 2, 4]]"
12n_0146_60,"[[2, 6, 3, 5], [7, 11, 8, 10], [9, 14, 10, 15], [18, 11, 19, 12], [24, 13, 1, 14], [15, 8, 16, 9], [22, 17, 23, 18], [4, 19, 5, 20], [12, 21, 13, 22], [16, 23, 17, 24], [6, 2, 7, 1], [20, 3, 21, 4]]"
12n_0146_61,"[[20, 3, 21, 4], [2, 6, 3, 5], [7, 11, 8, 10], [9, 14, 10, 15], [18, 11, 19, 12], [24, 13, 1, 14], [15, 8, 16, 9], [22, 17, 23, 18], [4, 19, 5, 20], [12, 21, 13, 22], [16, 23, 17, 24], [6, 2, 7, 1]]"
12n_0146_62,"[[6, 2, 7, 1], [20, 3, 21, 4], [2, 6, 3, 5], [7, 11, 8, 10], [9, 14, 10, 15], [18, 11, 19, 12], [24, 13, 1, 14], [15, 8, 16, 9], [22, 17, 23, 18], [4, 19, 5, 20], [12, 21, 13, 22], [16, 23, 17, 24]]"
12n_0146_63,"[[16, 23, 17, 24], [6, 2, 7, 1], [20, 3, 21, 4], [2, 6, 3, 5], [7, 11, 8, 10], [9, 14, 10, 15], [18, 11, 19, 12], [24, 13, 1, 14], [15, 8, 16, 9], [22, 17, 23, 18], [4, 19, 5, 20], [12, 21, 13, 22]]"
12n_0146_64,"[[12, 21, 13, 22], [16, 23, 17, 24], [6, 2, 7, 1], [20, 3, 21, 4], [2, 6, 3, 5], [7, 11, 8, 10], [9, 14, 10, 15], [18, 11, 19, 12], [24, 13, 1, 14], [15, 8, 16, 9], [22, 17, 23, 18], [4, 19, 5, 20]]"
12n_0146_65,"[[4, 19, 5, 20], [12, 21, 13, 22], [16, 23, 17, 24], [6, 2, 7, 1], [20, 3, 21, 4], [2, 6, 3, 5], [7, 11, 8, 10], [9, 14, 10, 15], [18, 11, 19, 12], [24, 13, 1, 14], [15, 8, 16, 9], [22, 17, 23, 18]]"
12n_0146_66,"[[22, 17, 23, 18], [4, 19, 5, 20], [12, 21, 13, 22], [16, 23, 17, 24], [6, 2, 7, 1], [20, 3, 21, 4], [2, 6, 3, 5], [7, 11, 8, 10], [9, 14, 10, 15], [18, 11, 19, 12], [24, 13, 1, 14], [15, 8, 16, 9]]"
12n_0146_67,"[[15, 8, 16, 9], [22, 17, 23, 18], [4, 19, 5, 20], [12, 21, 13, 22], [16, 23, 17, 24], [6, 2, 7, 1], [20, 3, 21, 4], [2, 6, 3, 5], [7, 11, 8, 10], [9, 14, 10, 15], [18, 11, 19, 12], [24, 13, 1, 14]]"
12n_0146_68,"[[24, 13, 1, 14], [15, 8, 16, 9], [22, 17, 23, 18], [4, 19, 5, 20], [12, 21, 13, 22], [16, 23, 17, 24], [6, 2, 7, 1], [20, 3, 21, 4], [2, 6, 3, 5], [7, 11, 8, 10], [9, 14, 10, 15], [18, 11, 19, 12]]"
12n_0146_69,"[[18, 11, 19, 12], [24, 13, 1, 14], [15, 8, 16, 9], [22, 17, 23, 18], [4, 19, 5, 20], [12, 21, 13, 22], [16, 23, 17, 24], [6, 2, 7, 1], [20, 3, 21, 4], [2, 6, 3, 5], [7, 11, 8, 10], [9, 14, 10, 15]]"
12n_0146_70,"[[9, 14, 10, 15], [18, 11, 19, 12], [24, 13, 1, 14], [15, 8, 16, 9], [22, 17, 23, 18], [4, 19, 5, 20], [12, 21, 13, 22], [16, 23, 17, 24], [6, 2, 7, 1], [20, 3, 21, 4], [2, 6, 3, 5], [7, 11, 8, 10]]"
12n_0146_71,"[[7, 11, 8, 10], [9, 14, 10, 15], [18, 11, 19, 12], [24, 13, 1, 14], [15, 8, 16, 9], [22, 17, 23, 18], [4, 19, 5, 20], [12, 21, 13, 22], [16, 23, 17, 24], [6, 2, 7, 1], [20, 3, 21, 4], [2, 6, 3, 5]]"
12n_0146_72,"[[3, 7, 4, 6], [8, 12, 9, 11], [10, 15, 11, 16], [19, 12, 20, 13], [1, 14, 2, 15], [16, 9, 17, 10], [23, 18, 24, 19], [5, 20, 6, 21], [13, 22, 14, 23], [17, 24, 18, 1], [7, 3, 8, 2], [21, 4, 22, 5]]"
12n_0146_73,"[[21, 4, 22, 5], [3, 7, 4, 6], [8, 12, 9, 11], [10, 15, 11, 16], [19, 12, 20, 13], [1, 14, 2, 15], [16, 9, 17, 10], [23, 18, 24, 19], [5, 20, 6, 21], [13, 22, 14, 23], [17, 24, 18, 1], [7, 3, 8, 2]]"
12n_0146_74,"[[7, 3, 8, 2], [21, 4, 22, 5], [3, 7, 4, 6], [8, 12, 9, 11], [10, 15, 11, 16], [19, 12, 20, 13], [1, 14, 2, 15], [16, 9, 17, 10], [23, 18, 24, 19], [5, 20, 6, 21], [13, 22, 14, 23], [17, 24, 18, 1]]"
12n_0146_75,"[[17, 24, 18, 1], [7, 3, 8, 2], [21, 4, 22, 5], [3, 7, 4, 6], [8, 12, 9, 11], [10, 15, 11, 16], [19, 12, 20, 13], [1, 14, 2, 15], [16, 9, 17, 10], [23, 18, 24, 19], [5, 20, 6, 21], [13, 22, 14, 23]]"
12n_0146_76,"[[13, 22, 14, 23], [17, 24, 18, 1], [7, 3, 8, 2], [21, 4, 22, 5], [3, 7, 4, 6], [8, 12, 9, 11], [10, 15, 11, 16], [19, 12, 20, 13], [1, 14, 2, 15], [16, 9, 17, 10], [23, 18, 24, 19], [5, 20, 6, 21]]"
12n_0146_77,"[[5, 20, 6, 21], [13, 22, 14, 23], [17, 24, 18, 1], [7, 3, 8, 2], [21, 4, 22, 5], [3, 7, 4, 6], [8, 12, 9, 11], [10, 15, 11, 16], [19, 12, 20, 13], [1, 14, 2, 15], [16, 9, 17, 10], [23, 18, 24, 19]]"
12n_0146_78,"[[23, 18, 24, 19], [5, 20, 6, 21], [13, 22, 14, 23], [17, 24, 18, 1], [7, 3, 8, 2], [21, 4, 22, 5], [3, 7, 4, 6], [8, 12, 9, 11], [10, 15, 11, 16], [19, 12, 20, 13], [1, 14, 2, 15], [16, 9, 17, 10]]"
12n_0146_79,"[[16, 9, 17, 10], [23, 18, 24, 19], [5, 20, 6, 21], [13, 22, 14, 23], [17, 24, 18, 1], [7, 3, 8, 2], [21, 4, 22, 5], [3, 7, 4, 6], [8, 12, 9, 11], [10, 15, 11, 16], [19, 12, 20, 13], [1, 14, 2, 15]]"
12n_0146_80,"[[1, 14, 2, 15], [16, 9, 17, 10], [23, 18, 24, 19], [5, 20, 6, 21], [13, 22, 14, 23], [17, 24, 18, 1], [7, 3, 8, 2], [21, 4, 22, 5], [3, 7, 4, 6], [8, 12, 9, 11], [10, 15, 11, 16], [19, 12, 20, 13]]"
12n_0146_81,"[[19, 12, 20, 13], [1, 14, 2, 15], [16, 9, 17, 10], [23, 18, 24, 19], [5, 20, 6, 21], [13, 22, 14, 23], [17, 24, 18, 1], [7, 3, 8, 2], [21, 4, 22, 5], [3, 7, 4, 6], [8, 12, 9, 11], [10, 15, 11, 16]]"
12n_0146_82,"[[10, 15, 11, 16], [19, 12, 20, 13], [1, 14, 2, 15], [16, 9, 17, 10], [23, 18, 24, 19], [5, 20, 6, 21], [13, 22, 14, 23], [17, 24, 18, 1], [7, 3, 8, 2], [21, 4, 22, 5], [3, 7, 4, 6], [8, 12, 9, 11]]"
12n_0146_83,"[[8, 12, 9, 11], [10, 15, 11, 16], [19, 12, 20, 13], [1, 14, 2, 15], [16, 9, 17, 10], [23, 18, 24, 19], [5, 20, 6, 21], [13, 22, 14, 23], [17, 24, 18, 1], [7, 3, 8, 2], [21, 4, 22, 5], [3, 7, 4, 6]]"
12n_0146_84,"[[4, 8, 5, 7], [9, 13, 10, 12], [11, 16, 12, 17], [20, 13, 21, 14], [2, 15, 3, 16], [17, 10, 18, 11], [24, 19, 1, 20], [6, 21, 7, 22], [14, 23, 15, 24], [18, 1, 19, 2], [8, 4, 9, 3], [22, 5, 23, 6]]"
12n_0146_85,"[[22, 5, 23, 6], [4, 8, 5, 7], [9, 13, 10, 12], [11, 16, 12, 17], [20, 13, 21, 14], [2, 15, 3, 16], [17, 10, 18, 11], [24, 19, 1, 20], [6, 21, 7, 22], [14, 23, 15, 24], [18, 1, 19, 2], [8, 4, 9, 3]]"
12n_0146_86,"[[8, 4, 9, 3], [22, 5, 23, 6], [4, 8, 5, 7], [9, 13, 10, 12], [11, 16, 12, 17], [20, 13, 21, 14], [2, 15, 3, 16], [17, 10, 18, 11], [24, 19, 1, 20], [6, 21, 7, 22], [14, 23, 15, 24], [18, 1, 19, 2]]"
12n_0146_87,"[[18, 1, 19, 2], [8, 4, 9, 3], [22, 5, 23, 6], [4, 8, 5, 7], [9, 13, 10, 12], [11, 16, 12, 17], [20, 13, 21, 14], [2, 15, 3, 16], [17, 10, 18, 11], [24, 19, 1, 20], [6, 21, 7, 22], [14, 23, 15, 24]]"
12n_0146_88,"[[14, 23, 15, 24], [18, 1, 19, 2], [8, 4, 9, 3], [22, 5, 23, 6], [4, 8, 5, 7], [9, 13, 10, 12], [11, 16, 12, 17], [20, 13, 21, 14], [2, 15, 3, 16], [17, 10, 18, 11], [24, 19, 1, 20], [6, 21, 7, 22]]"
12n_0146_89,"[[6, 21, 7, 22], [14, 23, 15, 24], [18, 1, 19, 2], [8, 4, 9, 3], [22, 5, 23, 6], [4, 8, 5, 7], [9, 13, 10, 12], [11, 16, 12, 17], [20, 13, 21, 14], [2, 15, 3, 16], [17, 10, 18, 11], [24, 19, 1, 20]]"
12n_0146_90,"[[24, 19, 1, 20], [6, 21, 7, 22], [14, 23, 15, 24], [18, 1, 19, 2], [8, 4, 9, 3], [22, 5, 23, 6], [4, 8, 5, 7], [9, 13, 10, 12], [11, 16, 12, 17], [20, 13, 21, 14], [2, 15, 3, 16], [17, 10, 18, 11]]"
12n_0146_91,"[[17, 10, 18, 11], [24, 19, 1, 20], [6, 21, 7, 22], [14, 23, 15, 24], [18, 1, 19, 2], [8, 4, 9, 3], [22, 5, 23, 6], [4, 8, 5, 7], [9, 13, 10, 12], [11, 16, 12, 17], [20, 13, 21, 14], [2, 15, 3, 16]]"
12n_0146_92,"[[2, 15, 3, 16], [17, 10, 18, 11], [24, 19, 1, 20], [6, 21, 7, 22], [14, 23, 15, 24], [18, 1, 19, 2], [8, 4, 9, 3], [22, 5, 23, 6], [4, 8, 5, 7], [9, 13, 10, 12], [11, 16, 12, 17], [20, 13, 21, 14]]"
12n_0146_93,"[[20, 13, 21, 14], [2, 15, 3, 16], [17, 10, 18, 11], [24, 19, 1, 20], [6, 21, 7, 22], [14, 23, 15, 24], [18, 1, 19, 2], [8, 4, 9, 3], [22, 5, 23, 6], [4, 8, 5, 7], [9, 13, 10, 12], [11, 16, 12, 17]]"
12n_0146_94,"[[11, 16, 12, 17], [20, 13, 21, 14], [2, 15, 3, 16], [17, 10, 18, 11], [24, 19, 1, 20], [6, 21, 7, 22], [14, 23, 15, 24], [18, 1, 19, 2], [8, 4, 9, 3], [22, 5, 23, 6], [4, 8, 5, 7], [9, 13, 10, 12]]"
12n_0146_95,"[[9, 13, 10, 12], [11, 16, 12, 17], [20, 13, 21, 14], [2, 15, 3, 16], [17, 10, 18, 11], [24, 19, 1, 20], [6, 21, 7, 22], [14, 23, 15, 24], [18, 1, 19, 2], [8, 4, 9, 3], [22, 5, 23, 6], [4, 8, 5, 7]]"
12n_0146_96,"[[5, 9, 6, 8], [10, 14, 11, 13], [12, 17, 13, 18], [21, 14, 22, 15], [3, 16, 4, 17], [18, 11, 19, 12], [1, 20, 2, 21], [7, 22, 8, 23], [15, 24, 16, 1], [19, 2, 20, 3], [9, 5, 10, 4], [23, 6, 24, 7]]"
12n_0146_97,"[[23, 6, 24, 7], [5, 9, 6, 8], [10, 14, 11, 13], [12, 17, 13, 18], [21, 14, 22, 15], [3, 16, 4, 17], [18, 11, 19, 12], [1, 20, 2, 21], [7, 22, 8, 23], [15, 24, 16, 1], [19, 2, 20, 3], [9, 5, 10, 4]]"
12n_0146_98,"[[9, 5, 10, 4], [23, 6, 24, 7], [5, 9, 6, 8], [10, 14, 11, 13], [12, 17, 13, 18], [21, 14, 22, 15], [3, 16, 4, 17], [18, 11, 19, 12], [1, 20, 2, 21], [7, 22, 8, 23], [15, 24, 16, 1], [19, 2, 20, 3]]"
12n_0146_99,"[[19, 2, 20, 3], [9, 5, 10, 4], [23, 6, 24, 7], [5, 9, 6, 8], [10, 14, 11, 13], [12, 17, 13, 18], [21, 14, 22, 15], [3, 16, 4, 17], [18, 11, 19, 12], [1, 20, 2, 21], [7, 22, 8, 23], [15, 24, 16, 1]]"
12n_0146_100,"[[15, 24, 16, 1], [19, 2, 20, 3], [9, 5, 10, 4], [23, 6, 24, 7], [5, 9, 6, 8], [10, 14, 11, 13], [12, 17, 13, 18], [21, 14, 22, 15], [3, 16, 4, 17], [18, 11, 19, 12], [1, 20, 2, 21], [7, 22, 8, 23]]"
12n_0146_101,"[[7, 22, 8, 23], [15, 24, 16, 1], [19, 2, 20, 3], [9, 5, 10, 4], [23, 6, 24, 7], [5, 9, 6, 8], [10, 14, 11, 13], [12, 17, 13, 18], [21, 14, 22, 15], [3, 16, 4, 17], [18, 11, 19, 12], [1, 20, 2, 21]]"
12n_0146_102,"[[1, 20, 2, 21], [7, 22, 8, 23], [15, 24, 16, 1], [19, 2, 20, 3], [9, 5, 10, 4], [23, 6, 24, 7], [5, 9, 6, 8], [10, 14, 11, 13], [12, 17, 13, 18], [21, 14, 22, 15], [3, 16, 4, 17], [18, 11, 19, 12]]"
12n_0146_103,"[[18, 11, 19, 12], [1, 20, 2, 21], [7, 22, 8, 23], [15, 24, 16, 1], [19, 2, 20, 3], [9, 5, 10, 4], [23, 6, 24, 7], [5, 9, 6, 8], [10, 14, 11, 13], [12, 17, 13, 18], [21, 14, 22, 15], [3, 16, 4, 17]]"
12n_0146_104,"[[3, 16, 4, 17], [18, 11, 19, 12], [1, 20, 2, 21], [7, 22, 8, 23], [15, 24, 16, 1], [19, 2, 20, 3], [9, 5, 10, 4], [23, 6, 24, 7], [5, 9, 6, 8], [10, 14, 11, 13], [12, 17, 13, 18], [21, 14, 22, 15]]"
12n_0146_105,"[[21, 14, 22, 15], [3, 16, 4, 17], [18, 11, 19, 12], [1, 20, 2, 21], [7, 22, 8, 23], [15, 24, 16, 1], [19, 2, 20, 3], [9, 5, 10, 4], [23, 6, 24, 7], [5, 9, 6, 8], [10, 14, 11, 13], [12, 17, 13, 18]]"
12n_0146_106,"[[12, 17, 13, 18], [21, 14, 22, 15], [3, 16, 4, 17], [18, 11, 19, 12], [1, 20, 2, 21], [7, 22, 8, 23], [15, 24, 16, 1], [19, 2, 20, 3], [9, 5, 10, 4], [23, 6, 24, 7], [5, 9, 6, 8], [10, 14, 11, 13]]"
12n_0146_107,"[[10, 14, 11, 13], [12, 17, 13, 18], [21, 14, 22, 15], [3, 16, 4, 17], [18, 11, 19, 12], [1, 20, 2, 21], [7, 22, 8, 23], [15, 24, 16, 1], [19, 2, 20, 3], [9, 5, 10, 4], [23, 6, 24, 7], [5, 9, 6, 8]]"
12n_0146_108,"[[6, 10, 7, 9], [11, 15, 12, 14], [13, 18, 14, 19], [22, 15, 23, 16], [4, 17, 5, 18], [19, 12, 20, 13], [2, 21, 3, 22], [8, 23, 9, 24], [16, 1, 17, 2], [20, 3, 21, 4], [10, 6, 11, 5], [24, 7, 1, 8]]"
12n_0146_109,"[[24, 7, 1, 8], [6, 10, 7, 9], [11, 15, 12, 14], [13, 18, 14, 19], [22, 15, 23, 16], [4, 17, 5, 18], [19, 12, 20, 13], [2, 21, 3, 22], [8, 23, 9, 24], [16, 1, 17, 2], [20, 3, 21, 4], [10, 6, 11, 5]]"
12n_0146_110,"[[10, 6, 11, 5], [24, 7, 1, 8], [6, 10, 7, 9], [11, 15, 12, 14], [13, 18, 14, 19], [22, 15, 23, 16], [4, 17, 5, 18], [19, 12, 20, 13], [2, 21, 3, 22], [8, 23, 9, 24], [16, 1, 17, 2], [20, 3, 21, 4]]"
12n_0146_111,"[[20, 3, 21, 4], [10, 6, 11, 5], [24, 7, 1, 8], [6, 10, 7, 9], [11, 15, 12, 14], [13, 18, 14, 19], [22, 15, 23, 16], [4, 17, 5, 18], [19, 12, 20, 13], [2, 21, 3, 22], [8, 23, 9, 24], [16, 1, 17, 2]]"
12n_0146_112,"[[16, 1, 17, 2], [20, 3, 21, 4], [10, 6, 11, 5], [24, 7, 1, 8], [6, 10, 7, 9], [11, 15, 12, 14], [13, 18, 14, 19], [22, 15, 23, 16], [4, 17, 5, 18], [19, 12, 20, 13], [2, 21, 3, 22], [8, 23, 9, 24]]"
12n_0146_113,"[[8, 23, 9, 24], [16, 1, 17, 2], [20, 3, 21, 4], [10, 6, 11, 5], [24, 7, 1, 8], [6, 10, 7, 9], [11, 15, 12, 14], [13, 18, 14, 19], [22, 15, 23, 16], [4, 17, 5, 18], [19, 12, 20, 13], [2, 21, 3, 22]]"
12n_0146_114,"[[2, 21, 3, 22], [8, 23, 9, 24], [16, 1, 17, 2], [20, 3, 21, 4], [10, 6, 11, 5], [24, 7, 1, 8], [6, 10, 7, 9], [11, 15, 12, 14], [13, 18, 14, 19], [22, 15, 23, 16], [4, 17, 5, 18], [19, 12, 20, 13]]"
12n_0146_115,"[[19, 12, 20, 13], [2, 21, 3, 22], [8, 23, 9, 24], [16, 1, 17, 2], [20, 3, 21, 4], [10, 6, 11, 5], [24, 7, 1, 8], [6, 10, 7, 9], [11, 15, 12, 14], [13, 18, 14, 19], [22, 15, 23, 16], [4, 17, 5, 18]]"
12n_0146_116,"[[4, 17, 5, 18], [19, 12, 20, 13], [2, 21, 3, 22], [8, 23, 9, 24], [16, 1, 17, 2], [20, 3, 21, 4], [10, 6, 11, 5], [24, 7, 1, 8], [6, 10, 7, 9], [11, 15, 12, 14], [13, 18, 14, 19], [22, 15, 23, 16]]"
12n_0146_117,"[[22, 15, 23, 16], [4, 17, 5, 18], [19, 12, 20, 13], [2, 21, 3, 22], [8, 23, 9, 24], [16, 1, 17, 2], [20, 3, 21, 4], [10, 6, 11, 5], [24, 7, 1, 8], [6, 10, 7, 9], [11, 15, 12, 14], [13, 18, 14, 19]]"
12n_0146_118,"[[13, 18, 14, 19], [22, 15, 23, 16], [4, 17, 5, 18], [19, 12, 20, 13], [2, 21, 3, 22], [8, 23, 9, 24], [16, 1, 17, 2], [20, 3, 21, 4], [10, 6, 11, 5], [24, 7, 1, 8], [6, 10, 7, 9], [11, 15, 12, 14]]"
12n_0146_119,"[[11, 15, 12, 14], [13, 18, 14, 19], [22, 15, 23, 16], [4, 17, 5, 18], [19, 12, 20, 13], [2, 21, 3, 22], [8, 23, 9, 24], [16, 1, 17, 2], [20, 3, 21, 4], [10, 6, 11, 5], [24, 7, 1, 8], [6, 10, 7, 9]]"
12n_0146_120,"[[7, 11, 8, 10], [12, 16, 13, 15], [14, 19, 15, 20], [23, 16, 24, 17], [5, 18, 6, 19], [20, 13, 21, 14], [3, 22, 4, 23], [9, 24, 10, 1], [17, 2, 18, 3], [21, 4, 22, 5], [11, 7, 12, 6], [1, 8, 2, 9]]"
12n_0146_121,"[[1, 8, 2, 9], [7, 11, 8, 10], [12, 16, 13, 15], [14, 19, 15, 20], [23, 16, 24, 17], [5, 18, 6, 19], [20, 13, 21, 14], [3, 22, 4, 23], [9, 24, 10, 1], [17, 2, 18, 3], [21, 4, 22, 5], [11, 7, 12, 6]]"
12n_0146_122,"[[11, 7, 12, 6], [1, 8, 2, 9], [7, 11, 8, 10], [12, 16, 13, 15], [14, 19, 15, 20], [23, 16, 24, 17], [5, 18, 6, 19], [20, 13, 21, 14], [3, 22, 4, 23], [9, 24, 10, 1], [17, 2, 18, 3], [21, 4, 22, 5]]"
12n_0146_123,"[[21, 4, 22, 5], [11, 7, 12, 6], [1, 8, 2, 9], [7, 11, 8, 10], [12, 16, 13, 15], [14, 19, 15, 20], [23, 16, 24, 17], [5, 18, 6, 19], [20, 13, 21, 14], [3, 22, 4, 23], [9, 24, 10, 1], [17, 2, 18, 3]]"
12n_0146_124,"[[17, 2, 18, 3], [21, 4, 22, 5], [11, 7, 12, 6], [1, 8, 2, 9], [7, 11, 8, 10], [12, 16, 13, 15], [14, 19, 15, 20], [23, 16, 24, 17], [5, 18, 6, 19], [20, 13, 21, 14], [3, 22, 4, 23], [9, 24, 10, 1]]"
12n_0146_125,"[[9, 24, 10, 1], [17, 2, 18, 3], [21, 4, 22, 5], [11, 7, 12, 6], [1, 8, 2, 9], [7, 11, 8, 10], [12, 16, 13, 15], [14, 19, 15, 20], [23, 16, 24, 17], [5, 18, 6, 19], [20, 13, 21, 14], [3, 22, 4, 23]]"
12n_0146_126,"[[3, 22, 4, 23], [9, 24, 10, 1], [17, 2, 18, 3], [21, 4, 22, 5], [11, 7, 12, 6], [1, 8, 2, 9], [7, 11, 8, 10], [12, 16, 13, 15], [14, 19, 15, 20], [23, 16, 24, 17], [5, 18, 6, 19], [20, 13, 21, 14]]"
12n_0146_127,"[[20, 13, 21, 14], [3, 22, 4, 23], [9, 24, 10, 1], [17, 2, 18, 3], [21, 4, 22, 5], [11, 7, 12, 6], [1, 8, 2, 9], [7, 11, 8, 10], [12, 16, 13, 15], [14, 19, 15, 20], [23, 16, 24, 17], [5, 18, 6, 19]]"
12n_0146_128,"[[5, 18, 6, 19], [20, 13, 21, 14], [3, 22, 4, 23], [9, 24, 10, 1], [17, 2, 18, 3], [21, 4, 22, 5], [11, 7, 12, 6], [1, 8, 2, 9], [7, 11, 8, 10], [12, 16, 13, 15], [14, 19, 15, 20], [23, 16, 24, 17]]"
12n_0146_129,"[[23, 16, 24, 17], [5, 18, 6, 19], [20, 13, 21, 14], [3, 22, 4, 23], [9, 24, 10, 1], [17, 2, 18, 3], [21, 4, 22, 5], [11, 7, 12, 6], [1, 8, 2, 9], [7, 11, 8, 10], [12, 16, 13, 15], [14, 19, 15, 20]]"
12n_0146_130,"[[14, 19, 15, 20], [23, 16, 24, 17], [5, 18, 6, 19], [20, 13, 21, 14], [3, 22, 4, 23], [9, 24, 10, 1], [17, 2, 18, 3], [21, 4, 22, 5], [11, 7, 12, 6], [1, 8, 2, 9], [7, 11, 8, 10], [12, 16, 13, 15]]"
12n_0146_131,"[[12, 16, 13, 15], [14, 19, 15, 20], [23, 16, 24, 17], [5, 18, 6, 19], [20, 13, 21, 14], [3, 22, 4, 23], [9, 24, 10, 1], [17, 2, 18, 3], [21, 4, 22, 5], [11, 7, 12, 6], [1, 8, 2, 9], [7, 11, 8, 10]]"
12n_0146_132,"[[8, 12, 9, 11], [13, 17, 14, 16], [15, 20, 16, 21], [24, 17, 1, 18], [6, 19, 7, 20], [21, 14, 22, 15], [4, 23, 5, 24], [10, 1, 11, 2], [18, 3, 19, 4], [22, 5, 23, 6], [12, 8, 13, 7], [2, 9, 3, 10]]"
12n_0146_133,"[[2, 9, 3, 10], [8, 12, 9, 11], [13, 17, 14, 16], [15, 20, 16, 21], [24, 17, 1, 18], [6, 19, 7, 20], [21, 14, 22, 15], [4, 23, 5, 24], [10, 1, 11, 2], [18, 3, 19, 4], [22, 5, 23, 6], [12, 8, 13, 7]]"
12n_0146_134,"[[12, 8, 13, 7], [2, 9, 3, 10], [8, 12, 9, 11], [13, 17, 14, 16], [15, 20, 16, 21], [24, 17, 1, 18], [6, 19, 7, 20], [21, 14, 22, 15], [4, 23, 5, 24], [10, 1, 11, 2], [18, 3, 19, 4], [22, 5, 23, 6]]"
12n_0146_135,"[[22, 5, 23, 6], [12, 8, 13, 7], [2, 9, 3, 10], [8, 12, 9, 11], [13, 17, 14, 16], [15, 20, 16, 21], [24, 17, 1, 18], [6, 19, 7, 20], [21, 14, 22, 15], [4, 23, 5, 24], [10, 1, 11, 2], [18, 3, 19, 4]]"
12n_0146_136,"[[18, 3, 19, 4], [22, 5, 23, 6], [12, 8, 13, 7], [2, 9, 3, 10], [8, 12, 9, 11], [13, 17, 14, 16], [15, 20, 16, 21], [24, 17, 1, 18], [6, 19, 7, 20], [21, 14, 22, 15], [4, 23, 5, 24], [10, 1, 11, 2]]"
12n_0146_137,"[[10, 1, 11, 2], [18, 3, 19, 4], [22, 5, 23, 6], [12, 8, 13, 7], [2, 9, 3, 10], [8, 12, 9, 11], [13, 17, 14, 16], [15, 20, 16, 21], [24, 17, 1, 18], [6, 19, 7, 20], [21, 14, 22, 15], [4, 23, 5, 24]]"
12n_0146_138,"[[4, 23, 5, 24], [10, 1, 11, 2], [18, 3, 19, 4], [22, 5, 23, 6], [12, 8, 13, 7], [2, 9, 3, 10], [8, 12, 9, 11], [13, 17, 14, 16], [15, 20, 16, 21], [24, 17, 1, 18], [6, 19, 7, 20], [21, 14, 22, 15]]"
12n_0146_139,"[[21, 14, 22, 15], [4, 23, 5, 24], [10, 1, 11, 2], [18, 3, 19, 4], [22, 5, 23, 6], [12, 8, 13, 7], [2, 9, 3, 10], [8, 12, 9, 11], [13, 17, 14, 16], [15, 20, 16, 21], [24, 17, 1, 18], [6, 19, 7, 20]]"
12n_0146_140,"[[6, 19, 7, 20], [21, 14, 22, 15], [4, 23, 5, 24], [10, 1, 11, 2], [18, 3, 19, 4], [22, 5, 23, 6], [12, 8, 13, 7], [2, 9, 3, 10], [8, 12, 9, 11], [13, 17, 14, 16], [15, 20, 16, 21], [24, 17, 1, 18]]"
12n_0146_141,"[[24, 17, 1, 18], [6, 19, 7, 20], [21, 14, 22, 15], [4, 23, 5, 24], [10, 1, 11, 2], [18, 3, 19, 4], [22, 5, 23, 6], [12, 8, 13, 7], [2, 9, 3, 10], [8, 12, 9, 11], [13, 17, 14, 16], [15, 20, 16, 21]]"
12n_0146_142,"[[15, 20, 16, 21], [24, 17, 1, 18], [6, 19, 7, 20], [21, 14, 22, 15], [4, 23, 5, 24], [10, 1, 11, 2], [18, 3, 19, 4], [22, 5, 23, 6], [12, 8, 13, 7], [2, 9, 3, 10], [8, 12, 9, 11], [13, 17, 14, 16]]"
12n_0146_143,"[[13, 17, 14, 16], [15, 20, 16, 21], [24, 17, 1, 18], [6, 19, 7, 20], [21, 14, 22, 15], [4, 23, 5, 24], [10, 1, 11, 2], [18, 3, 19, 4], [22, 5, 23, 6], [12, 8, 13, 7], [2, 9, 3, 10], [8, 12, 9, 11]]"
12n_0146_144,"[[9, 13, 10, 12], [14, 18, 15, 17], [16, 21, 17, 22], [1, 18, 2, 19], [7, 20, 8, 21], [22, 15, 23, 16], [5, 24, 6, 1], [11, 2, 12, 3], [19, 4, 20, 5], [23, 6, 24, 7], [13, 9, 14, 8], [3, 10, 4, 11]]"
12n_0146_145,"[[3, 10, 4, 11], [9, 13, 10, 12], [14, 18, 15, 17], [16, 21, 17, 22], [1, 18, 2, 19], [7, 20, 8, 21], [22, 15, 23, 16], [5, 24, 6, 1], [11, 2, 12, 3], [19, 4, 20, 5], [23, 6, 24, 7], [13, 9, 14, 8]]"
12n_0146_146,"[[13, 9, 14, 8], [3, 10, 4, 11], [9, 13, 10, 12], [14, 18, 15, 17], [16, 21, 17, 22], [1, 18, 2, 19], [7, 20, 8, 21], [22, 15, 23, 16], [5, 24, 6, 1], [11, 2, 12, 3], [19, 4, 20, 5], [23, 6, 24, 7]]"
12n_0146_147,"[[23, 6, 24, 7], [13, 9, 14, 8], [3, 10, 4, 11], [9, 13, 10, 12], [14, 18, 15, 17], [16, 21, 17, 22], [1, 18, 2, 19], [7, 20, 8, 21], [22, 15, 23, 16], [5, 24, 6, 1], [11, 2, 12, 3], [19, 4, 20, 5]]"
12n_0146_148,"[[19, 4, 20, 5], [23, 6, 24, 7], [13, 9, 14, 8], [3, 10, 4, 11], [9, 13, 10, 12], [14, 18, 15, 17], [16, 21, 17, 22], [1, 18, 2, 19], [7, 20, 8, 21], [22, 15, 23, 16], [5, 24, 6, 1], [11, 2, 12, 3]]"
12n_0146_149,"[[11, 2, 12, 3], [19, 4, 20, 5], [23, 6, 24, 7], [13, 9, 14, 8], [3, 10, 4, 11], [9, 13, 10, 12], [14, 18, 15, 17], [16, 21, 17, 22], [1, 18, 2, 19], [7, 20, 8, 21], [22, 15, 23, 16], [5, 24, 6, 1]]"
12n_0146_150,"[[5, 24, 6, 1], [11, 2, 12, 3], [19, 4, 20, 5], [23, 6, 24, 7], [13, 9, 14, 8], [3, 10, 4, 11], [9, 13, 10, 12], [14, 18, 15, 17], [16, 21, 17, 22], [1, 18, 2, 19], [7, 20, 8, 21], [22, 15, 23, 16]]"
12n_0146_151,"[[22, 15, 23, 16], [5, 24, 6, 1], [11, 2, 12, 3], [19, 4, 20, 5], [23, 6, 24, 7], [13, 9, 14, 8], [3, 10, 4, 11], [9, 13, 10, 12], [14, 18, 15, 17], [16, 21, 17, 22], [1, 18, 2, 19], [7, 20, 8, 21]]"
12n_0146_152,"[[7, 20, 8, 21], [22, 15, 23, 16], [5, 24, 6, 1], [11, 2, 12, 3], [19, 4, 20, 5], [23, 6, 24, 7], [13, 9, 14, 8], [3, 10, 4, 11], [9, 13, 10, 12], [14, 18, 15, 17], [16, 21, 17, 22], [1, 18, 2, 19]]"
12n_0146_153,"[[1, 18, 2, 19], [7, 20, 8, 21], [22, 15, 23, 16], [5, 24, 6, 1], [11, 2, 12, 3], [19, 4, 20, 5], [23, 6, 24, 7], [13, 9, 14, 8], [3, 10, 4, 11], [9, 13, 10, 12], [14, 18, 15, 17], [16, 21, 17, 22]]"
12n_0146_154,"[[16, 21, 17, 22], [1, 18, 2, 19], [7, 20, 8, 21], [22, 15, 23, 16], [5, 24, 6, 1], [11, 2, 12, 3], [19, 4, 20, 5], [23, 6, 24, 7], [13, 9, 14, 8], [3, 10, 4, 11], [9, 13, 10, 12], [14, 18, 15, 17]]"
12n_0146_155,"[[14, 18, 15, 17], [16, 21, 17, 22], [1, 18, 2, 19], [7, 20, 8, 21], [22, 15, 23, 16], [5, 24, 6, 1], [11, 2, 12, 3], [19, 4, 20, 5], [23, 6, 24, 7], [13, 9, 14, 8], [3, 10, 4, 11], [9, 13, 10, 12]]"
12n_0146_156,"[[10, 14, 11, 13], [15, 19, 16, 18], [17, 22, 18, 23], [2, 19, 3, 20], [8, 21, 9, 22], [23, 16, 24, 17], [6, 1, 7, 2], [12, 3, 13, 4], [20, 5, 21, 6], [24, 7, 1, 8], [14, 10, 15, 9], [4, 11, 5, 12]]"
12n_0146_157,"[[4, 11, 5, 12], [10, 14, 11, 13], [15, 19, 16, 18], [17, 22, 18, 23], [2, 19, 3, 20], [8, 21, 9, 22], [23, 16, 24, 17], [6, 1, 7, 2], [12, 3, 13, 4], [20, 5, 21, 6], [24, 7, 1, 8], [14, 10, 15, 9]]"
12n_0146_158,"[[14, 10, 15, 9], [4, 11, 5, 12], [10, 14, 11, 13], [15, 19, 16, 18], [17, 22, 18, 23], [2, 19, 3, 20], [8, 21, 9, 22], [23, 16, 24, 17], [6, 1, 7, 2], [12, 3, 13, 4], [20, 5, 21, 6], [24, 7, 1, 8]]"
12n_0146_159,"[[24, 7, 1, 8], [14, 10, 15, 9], [4, 11, 5, 12], [10, 14, 11, 13], [15, 19, 16, 18], [17, 22, 18, 23], [2, 19, 3, 20], [8, 21, 9, 22], [23, 16, 24, 17], [6, 1, 7, 2], [12, 3, 13, 4], [20, 5, 21, 6]]"
12n_0146_160,"[[20, 5, 21, 6], [24, 7, 1, 8], [14, 10, 15, 9], [4, 11, 5, 12], [10, 14, 11, 13], [15, 19, 16, 18], [17, 22, 18, 23], [2, 19, 3, 20], [8, 21, 9, 22], [23, 16, 24, 17], [6, 1, 7, 2], [12, 3, 13, 4]]"
12n_0146_161,"[[12, 3, 13, 4], [20, 5, 21, 6], [24, 7, 1, 8], [14, 10, 15, 9], [4, 11, 5, 12], [10, 14, 11, 13], [15, 19, 16, 18], [17, 22, 18, 23], [2, 19, 3, 20], [8, 21, 9, 22], [23, 16, 24, 17], [6, 1, 7, 2]]"
12n_0146_162,"[[6, 1, 7, 2], [12, 3, 13, 4], [20, 5, 21, 6], [24, 7, 1, 8], [14, 10, 15, 9], [4, 11, 5, 12], [10, 14, 11, 13], [15, 19, 16, 18], [17, 22, 18, 23], [2, 19, 3, 20], [8, 21, 9, 22], [23, 16, 24, 17]]"
12n_0146_163,"[[23, 16, 24, 17], [6, 1, 7, 2], [12, 3, 13, 4], [20, 5, 21, 6], [24, 7, 1, 8], [14, 10, 15, 9], [4, 11, 5, 12], [10, 14, 11, 13], [15, 19, 16, 18], [17, 22, 18, 23], [2, 19, 3, 20], [8, 21, 9, 22]]"
12n_0146_164,"[[8, 21, 9, 22], [23, 16, 24, 17], [6, 1, 7, 2], [12, 3, 13, 4], [20, 5, 21, 6], [24, 7, 1, 8], [14, 10, 15, 9], [4, 11, 5, 12], [10, 14, 11, 13], [15, 19, 16, 18], [17, 22, 18, 23], [2, 19, 3, 20]]"
12n_0146_165,"[[2, 19, 3, 20], [8, 21, 9, 22], [23, 16, 24, 17], [6, 1, 7, 2], [12, 3, 13, 4], [20, 5, 21, 6], [24, 7, 1, 8], [14, 10, 15, 9], [4, 11, 5, 12], [10, 14, 11, 13], [15, 19, 16, 18], [17, 22, 18, 23]]"
12n_0146_166,"[[17, 22, 18, 23], [2, 19, 3, 20], [8, 21, 9, 22], [23, 16, 24, 17], [6, 1, 7, 2], [12, 3, 13, 4], [20, 5, 21, 6], [24, 7, 1, 8], [14, 10, 15, 9], [4, 11, 5, 12], [10, 14, 11, 13], [15, 19, 16, 18]]"
12n_0146_167,"[[15, 19, 16, 18], [17, 22, 18, 23], [2, 19, 3, 20], [8, 21, 9, 22], [23, 16, 24, 17], [6, 1, 7, 2], [12, 3, 13, 4], [20, 5, 21, 6], [24, 7, 1, 8], [14, 10, 15, 9], [4, 11, 5, 12], [10, 14, 11, 13]]"
12n_0146_168,"[[11, 15, 12, 14], [16, 20, 17, 19], [18, 23, 19, 24], [3, 20, 4, 21], [9, 22, 10, 23], [24, 17, 1, 18], [7, 2, 8, 3], [13, 4, 14, 5], [21, 6, 22, 7], [1, 8, 2, 9], [15, 11, 16, 10], [5, 12, 6, 13]]"
12n_0146_169,"[[5, 12, 6, 13], [11, 15, 12, 14], [16, 20, 17, 19], [18, 23, 19, 24], [3, 20, 4, 21], [9, 22, 10, 23], [24, 17, 1, 18], [7, 2, 8, 3], [13, 4, 14, 5], [21, 6, 22, 7], [1, 8, 2, 9], [15, 11, 16, 10]]"
12n_0146_170,"[[15, 11, 16, 10], [5, 12, 6, 13], [11, 15, 12, 14], [16, 20, 17, 19], [18, 23, 19, 24], [3, 20, 4, 21], [9, 22, 10, 23], [24, 17, 1, 18], [7, 2, 8, 3], [13, 4, 14, 5], [21, 6, 22, 7], [1, 8, 2, 9]]"
12n_0146_171,"[[1, 8, 2, 9], [15, 11, 16, 10], [5, 12, 6, 13], [11, 15, 12, 14], [16, 20, 17, 19], [18, 23, 19, 24], [3, 20, 4, 21], [9, 22, 10, 23], [24, 17, 1, 18], [7, 2, 8, 3], [13, 4, 14, 5], [21, 6, 22, 7]]"
12n_0146_172,"[[21, 6, 22, 7], [1, 8, 2, 9], [15, 11, 16, 10], [5, 12, 6, 13], [11, 15, 12, 14], [16, 20, 17, 19], [18, 23, 19, 24], [3, 20, 4, 21], [9, 22, 10, 23], [24, 17, 1, 18], [7, 2, 8, 3], [13, 4, 14, 5]]"
12n_0146_173,"[[13, 4, 14, 5], [21, 6, 22, 7], [1, 8, 2, 9], [15, 11, 16, 10], [5, 12, 6, 13], [11, 15, 12, 14], [16, 20, 17, 19], [18, 23, 19, 24], [3, 20, 4, 21], [9, 22, 10, 23], [24, 17, 1, 18], [7, 2, 8, 3]]"
12n_0146_174,"[[7, 2, 8, 3], [13, 4, 14, 5], [21, 6, 22, 7], [1, 8, 2, 9], [15, 11, 16, 10], [5, 12, 6, 13], [11, 15, 12, 14], [16, 20, 17, 19], [18, 23, 19, 24], [3, 20, 4, 21], [9, 22, 10, 23], [24, 17, 1, 18]]"
12n_0146_175,"[[24, 17, 1, 18], [7, 2, 8, 3], [13, 4, 14, 5], [21, 6, 22, 7], [1, 8, 2, 9], [15, 11, 16, 10], [5, 12, 6, 13], [11, 15, 12, 14], [16, 20, 17, 19], [18, 23, 19, 24], [3, 20, 4, 21], [9, 22, 10, 23]]"
12n_0146_176,"[[9, 22, 10, 23], [24, 17, 1, 18], [7, 2, 8, 3], [13, 4, 14, 5], [21, 6, 22, 7], [1, 8, 2, 9], [15, 11, 16, 10], [5, 12, 6, 13], [11, 15, 12, 14], [16, 20, 17, 19], [18, 23, 19, 24], [3, 20, 4, 21]]"
12n_0146_177,"[[3, 20, 4, 21], [9, 22, 10, 23], [24, 17, 1, 18], [7, 2, 8, 3], [13, 4, 14, 5], [21, 6, 22, 7], [1, 8, 2, 9], [15, 11, 16, 10], [5, 12, 6, 13], [11, 15, 12, 14], [16, 20, 17, 19], [18, 23, 19, 24]]"
12n_0146_178,"[[18, 23, 19, 24], [3, 20, 4, 21], [9, 22, 10, 23], [24, 17, 1, 18], [7, 2, 8, 3], [13, 4, 14, 5], [21, 6, 22, 7], [1, 8, 2, 9], [15, 11, 16, 10], [5, 12, 6, 13], [11, 15, 12, 14], [16, 20, 17, 19]]"
12n_0146_179,"[[16, 20, 17, 19], [18, 23, 19, 24], [3, 20, 4, 21], [9, 22, 10, 23], [24, 17, 1, 18], [7, 2, 8, 3], [13, 4, 14, 5], [21, 6, 22, 7], [1, 8, 2, 9], [15, 11, 16, 10], [5, 12, 6, 13], [11, 15, 12, 14]]"
12n_0146_180,"[[12, 16, 13, 15], [17, 21, 18, 20], [19, 24, 20, 1], [4, 21, 5, 22], [10, 23, 11, 24], [1, 18, 2, 19], [8, 3, 9, 4], [14, 5, 15, 6], [22, 7, 23, 8], [2, 9, 3, 10], [16, 12, 17, 11], [6, 13, 7, 14]]"
12n_0146_181,"[[6, 13, 7, 14], [12, 16, 13, 15], [17, 21, 18, 20], [19, 24, 20, 1], [4, 21, 5, 22], [10, 23, 11, 24], [1, 18, 2, 19], [8, 3, 9, 4], [14, 5, 15, 6], [22, 7, 23, 8], [2, 9, 3, 10], [16, 12, 17, 11]]"
12n_0146_182,"[[16, 12, 17, 11], [6, 13, 7, 14], [12, 16, 13, 15], [17, 21, 18, 20], [19, 24, 20, 1], [4, 21, 5, 22], [10, 23, 11, 24], [1, 18, 2, 19], [8, 3, 9, 4], [14, 5, 15, 6], [22, 7, 23, 8], [2, 9, 3, 10]]"
12n_0146_183,"[[2, 9, 3, 10], [16, 12, 17, 11], [6, 13, 7, 14], [12, 16, 13, 15], [17, 21, 18, 20], [19, 24, 20, 1], [4, 21, 5, 22], [10, 23, 11, 24], [1, 18, 2, 19], [8, 3, 9, 4], [14, 5, 15, 6], [22, 7, 23, 8]]"
12n_0146_184,"[[22, 7, 23, 8], [2, 9, 3, 10], [16, 12, 17, 11], [6, 13, 7, 14], [12, 16, 13, 15], [17, 21, 18, 20], [19, 24, 20, 1], [4, 21, 5, 22], [10, 23, 11, 24], [1, 18, 2, 19], [8, 3, 9, 4], [14, 5, 15, 6]]"
12n_0146_185,"[[14, 5, 15, 6], [22, 7, 23, 8], [2, 9, 3, 10], [16, 12, 17, 11], [6, 13, 7, 14], [12, 16, 13, 15], [17, 21, 18, 20], [19, 24, 20, 1], [4, 21, 5, 22], [10, 23, 11, 24], [1, 18, 2, 19], [8, 3, 9, 4]]"
