name,pd_notation
12n_0220_0,"[[11, 24, 12, 1], [2, 6, 3, 5], [4, 10, 5, 9], [15, 7, 16, 6], [8, 4, 9, 3], [21, 11, 22, 10], [23, 12, 24, 13], [14, 20, 15, 19], [7, 17, 8, 16], [18, 14, 19, 13], [20, 18, 21, 17], [1, 23, 2, 22]]"
12n_0220_1,"[[1, 23, 2, 22], [11, 24, 12, 1], [2, 6, 3, 5], [4, 10, 5, 9], [15, 7, 16, 6], [8, 4, 9, 3], [21, 11, 22, 10], [23, 12, 24, 13], [14, 20, 15, 19], [7, 17, 8, 16], [18, 14, 19, 13], [20, 18, 21, 17]]"
12n_0220_2,"[[20, 18, 21, 17], [1, 23, 2, 22], [11, 24, 12, 1], [2, 6, 3, 5], [4, 10, 5, 9], [15, 7, 16, 6], [8, 4, 9, 3], [21, 11, 22, 10], [23, 12, 24, 13], [14, 20, 15, 19], [7, 17, 8, 16], [18, 14, 19, 13]]"
12n_0220_3,"[[18, 14, 19, 13], [20, 18, 21, 17], [1, 23, 2, 22], [11, 24, 12, 1], [2, 6, 3, 5], [4, 10, 5, 9], [15, 7, 16, 6], [8, 4, 9, 3], [21, 11, 22, 10], [23, 12, 24, 13], [14, 20, 15, 19], [7, 17, 8, 16]]"
12n_0220_4,"[[7, 17, 8, 16], [18, 14, 19, 13], [20, 18, 21, 17], [1, 23, 2, 22], [11, 24, 12, 1], [2, 6, 3, 5], [4, 10, 5, 9], [15, 7, 16, 6], [8, 4, 9, 3], [21, 11, 22, 10], [23, 12, 24, 13], [14, 20, 15, 19]]"
12n_0220_5,"[[14, 20, 15, 19], [7, 17, 8, 16], [18, 14, 19, 13], [20, 18, 21, 17], [1, 23, 2, 22], [11, 24, 12, 1], [2, 6, 3, 5], [4, 10, 5, 9], [15, 7, 16, 6], [8, 4, 9, 3], [21, 11, 22, 10], [23, 12, 24, 13]]"
12n_0220_6,"[[23, 12, 24, 13], [14, 20, 15, 19], [7, 17, 8, 16], [18, 14, 19, 13], [20, 18, 21, 17], [1, 23, 2, 22], [11, 24, 12, 1], [2, 6, 3, 5], [4, 10, 5, 9], [15, 7, 16, 6], [8, 4, 9, 3], [21, 11, 22, 10]]"
12n_0220_7,"[[21, 11, 22, 10], [23, 12, 24, 13], [14, 20, 15, 19], [7, 17, 8, 16], [18, 14, 19, 13], [20, 18, 21, 17], [1, 23, 2, 22], [11, 24, 12, 1], [2, 6, 3, 5], [4, 10, 5, 9], [15, 7, 16, 6], [8, 4, 9, 3]]"
12n_0220_8,"[[8, 4, 9, 3], [21, 11, 22, 10], [23, 12, 24, 13], [14, 20, 15, 19], [7, 17, 8, 16], [18, 14, 19, 13], [20, 18, 21, 17], [1, 23, 2, 22], [11, 24, 12, 1], [2, 6, 3, 5], [4, 10, 5, 9], [15, 7, 16, 6]]"
12n_0220_9,"[[15, 7, 16, 6], [8, 4, 9, 3], [21, 11, 22, 10], [23, 12, 24, 13], [14, 20, 15, 19], [7, 17, 8, 16], [18, 14, 19, 13], [20, 18, 21, 17], [1, 23, 2, 22], [11, 24, 12, 1], [2, 6, 3, 5], [4, 10, 5, 9]]"
12n_0220_10,"[[4, 10, 5, 9], [15, 7, 16, 6], [8, 4, 9, 3], [21, 11, 22, 10], [23, 12, 24, 13], [14, 20, 15, 19], [7, 17, 8, 16], [18, 14, 19, 13], [20, 18, 21, 17], [1, 23, 2, 22], [11, 24, 12, 1], [2, 6, 3, 5]]"
12n_0220_11,"[[2, 6, 3, 5], [4, 10, 5, 9], [15, 7, 16, 6], [8, 4, 9, 3], [21, 11, 22, 10], [23, 12, 24, 13], [14, 20, 15, 19], [7, 17, 8, 16], [18, 14, 19, 13], [20, 18, 21, 17], [1, 23, 2, 22], [11, 24, 12, 1]]"
12n_0220_12,"[[12, 1, 13, 2], [3, 7, 4, 6], [5, 11, 6, 10], [16, 8, 17, 7], [9, 5, 10, 4], [22, 12, 23, 11], [24, 13, 1, 14], [15, 21, 16, 20], [8, 18, 9, 17], [19, 15, 20, 14], [21, 19, 22, 18], [2, 24, 3, 23]]"
12n_0220_13,"[[2, 24, 3, 23], [12, 1, 13, 2], [3, 7, 4, 6], [5, 11, 6, 10], [16, 8, 17, 7], [9, 5, 10, 4], [22, 12, 23, 11], [24, 13, 1, 14], [15, 21, 16, 20], [8, 18, 9, 17], [19, 15, 20, 14], [21, 19, 22, 18]]"
12n_0220_14,"[[21, 19, 22, 18], [2, 24, 3, 23], [12, 1, 13, 2], [3, 7, 4, 6], [5, 11, 6, 10], [16, 8, 17, 7], [9, 5, 10, 4], [22, 12, 23, 11], [24, 13, 1, 14], [15, 21, 16, 20], [8, 18, 9, 17], [19, 15, 20, 14]]"
12n_0220_15,"[[19, 15, 20, 14], [21, 19, 22, 18], [2, 24, 3, 23], [12, 1, 13, 2], [3, 7, 4, 6], [5, 11, 6, 10], [16, 8, 17, 7], [9, 5, 10, 4], [22, 12, 23, 11], [24, 13, 1, 14], [15, 21, 16, 20], [8, 18, 9, 17]]"
12n_0220_16,"[[8, 18, 9, 17], [19, 15, 20, 14], [21, 19, 22, 18], [2, 24, 3, 23], [12, 1, 13, 2], [3, 7, 4, 6], [5, 11, 6, 10], [16, 8, 17, 7], [9, 5, 10, 4], [22, 12, 23, 11], [24, 13, 1, 14], [15, 21, 16, 20]]"
12n_0220_17,"[[15, 21, 16, 20], [8, 18, 9, 17], [19, 15, 20, 14], [21, 19, 22, 18], [2, 24, 3, 23], [12, 1, 13, 2], [3, 7, 4, 6], [5, 11, 6, 10], [16, 8, 17, 7], [9, 5, 10, 4], [22, 12, 23, 11], [24, 13, 1, 14]]"
12n_0220_18,"[[24, 13, 1, 14], [15, 21, 16, 20], [8, 18, 9, 17], [19, 15, 20, 14], [21, 19, 22, 18], [2, 24, 3, 23], [12, 1, 13, 2], [3, 7, 4, 6], [5, 11, 6, 10], [16, 8, 17, 7], [9, 5, 10, 4], [22, 12, 23, 11]]"
12n_0220_19,"[[22, 12, 23, 11], [24, 13, 1, 14], [15, 21, 16, 20], [8, 18, 9, 17], [19, 15, 20, 14], [21, 19, 22, 18], [2, 24, 3, 23], [12, 1, 13, 2], [3, 7, 4, 6], [5, 11, 6, 10], [16, 8, 17, 7], [9, 5, 10, 4]]"
12n_0220_20,"[[9, 5, 10, 4], [22, 12, 23, 11], [24, 13, 1, 14], [15, 21, 16, 20], [8, 18, 9, 17], [19, 15, 20, 14], [21, 19, 22, 18], [2, 24, 3, 23], [12, 1, 13, 2], [3, 7, 4, 6], [5, 11, 6, 10], [16, 8, 17, 7]]"
12n_0220_21,"[[16, 8, 17, 7], [9, 5, 10, 4], [22, 12, 23, 11], [24, 13, 1, 14], [15, 21, 16, 20], [8, 18, 9, 17], [19, 15, 20, 14], [21, 19, 22, 18], [2, 24, 3, 23], [12, 1, 13, 2], [3, 7, 4, 6], [5, 11, 6, 10]]"
12n_0220_22,"[[5, 11, 6, 10], [16, 8, 17, 7], [9, 5, 10, 4], [22, 12, 23, 11], [24, 13, 1, 14], [15, 21, 16, 20], [8, 18, 9, 17], [19, 15, 20, 14], [21, 19, 22, 18], [2, 24, 3, 23], [12, 1, 13, 2], [3, 7, 4, 6]]"
12n_0220_23,"[[3, 7, 4, 6], [5, 11, 6, 10], [16, 8, 17, 7], [9, 5, 10, 4], [22, 12, 23, 11], [24, 13, 1, 14], [15, 21, 16, 20], [8, 18, 9, 17], [19, 15, 20, 14], [21, 19, 22, 18], [2, 24, 3, 23], [12, 1, 13, 2]]"
12n_0220_24,"[[13, 2, 14, 3], [4, 8, 5, 7], [6, 12, 7, 11], [17, 9, 18, 8], [10, 6, 11, 5], [23, 13, 24, 12], [1, 14, 2, 15], [16, 22, 17, 21], [9, 19, 10, 18], [20, 16, 21, 15], [22, 20, 23, 19], [3, 1, 4, 24]]"
12n_0220_25,"[[3, 1, 4, 24], [13, 2, 14, 3], [4, 8, 5, 7], [6, 12, 7, 11], [17, 9, 18, 8], [10, 6, 11, 5], [23, 13, 24, 12], [1, 14, 2, 15], [16, 22, 17, 21], [9, 19, 10, 18], [20, 16, 21, 15], [22, 20, 23, 19]]"
12n_0220_26,"[[22, 20, 23, 19], [3, 1, 4, 24], [13, 2, 14, 3], [4, 8, 5, 7], [6, 12, 7, 11], [17, 9, 18, 8], [10, 6, 11, 5], [23, 13, 24, 12], [1, 14, 2, 15], [16, 22, 17, 21], [9, 19, 10, 18], [20, 16, 21, 15]]"
12n_0220_27,"[[20, 16, 21, 15], [22, 20, 23, 19], [3, 1, 4, 24], [13, 2, 14, 3], [4, 8, 5, 7], [6, 12, 7, 11], [17, 9, 18, 8], [10, 6, 11, 5], [23, 13, 24, 12], [1, 14, 2, 15], [16, 22, 17, 21], [9, 19, 10, 18]]"
12n_0220_28,"[[9, 19, 10, 18], [20, 16, 21, 15], [22, 20, 23, 19], [3, 1, 4, 24], [13, 2, 14, 3], [4, 8, 5, 7], [6, 12, 7, 11], [17, 9, 18, 8], [10, 6, 11, 5], [23, 13, 24, 12], [1, 14, 2, 15], [16, 22, 17, 21]]"
12n_0220_29,"[[16, 22, 17, 21], [9, 19, 10, 18], [20, 16, 21, 15], [22, 20, 23, 19], [3, 1, 4, 24], [13, 2, 14, 3], [4, 8, 5, 7], [6, 12, 7, 11], [17, 9, 18, 8], [10, 6, 11, 5], [23, 13, 24, 12], [1, 14, 2, 15]]"
12n_0220_30,"[[1, 14, 2, 15], [16, 22, 17, 21], [9, 19, 10, 18], [20, 16, 21, 15], [22, 20, 23, 19], [3, 1, 4, 24], [13, 2, 14, 3], [4, 8, 5, 7], [6, 12, 7, 11], [17, 9, 18, 8], [10, 6, 11, 5], [23, 13, 24, 12]]"
12n_0220_31,"[[23, 13, 24, 12], [1, 14, 2, 15], [16, 22, 17, 21], [9, 19, 10, 18], [20, 16, 21, 15], [22, 20, 23, 19], [3, 1, 4, 24], [13, 2, 14, 3], [4, 8, 5, 7], [6, 12, 7, 11], [17, 9, 18, 8], [10, 6, 11, 5]]"
12n_0220_32,"[[10, 6, 11, 5], [23, 13, 24, 12], [1, 14, 2, 15], [16, 22, 17, 21], [9, 19, 10, 18], [20, 16, 21, 15], [22, 20, 23, 19], [3, 1, 4, 24], [13, 2, 14, 3], [4, 8, 5, 7], [6, 12, 7, 11], [17, 9, 18, 8]]"
12n_0220_33,"[[17, 9, 18, 8], [10, 6, 11, 5], [23, 13, 24, 12], [1, 14, 2, 15], [16, 22, 17, 21], [9, 19, 10, 18], [20, 16, 21, 15], [22, 20, 23, 19], [3, 1, 4, 24], [13, 2, 14, 3], [4, 8, 5, 7], [6, 12, 7, 11]]"
12n_0220_34,"[[6, 12, 7, 11], [17, 9, 18, 8], [10, 6, 11, 5], [23, 13, 24, 12], [1, 14, 2, 15], [16, 22, 17, 21], [9, 19, 10, 18], [20, 16, 21, 15], [22, 20, 23, 19], [3, 1, 4, 24], [13, 2, 14, 3], [4, 8, 5, 7]]"
12n_0220_35,"[[4, 8, 5, 7], [6, 12, 7, 11], [17, 9, 18, 8], [10, 6, 11, 5], [23, 13, 24, 12], [1, 14, 2, 15], [16, 22, 17, 21], [9, 19, 10, 18], [20, 16, 21, 15], [22, 20, 23, 19], [3, 1, 4, 24], [13, 2, 14, 3]]"
12n_0220_36,"[[14, 3, 15, 4], [5, 9, 6, 8], [7, 13, 8, 12], [18, 10, 19, 9], [11, 7, 12, 6], [24, 14, 1, 13], [2, 15, 3, 16], [17, 23, 18, 22], [10, 20, 11, 19], [21, 17, 22, 16], [23, 21, 24, 20], [4, 2, 5, 1]]"
12n_0220_37,"[[4, 2, 5, 1], [14, 3, 15, 4], [5, 9, 6, 8], [7, 13, 8, 12], [18, 10, 19, 9], [11, 7, 12, 6], [24, 14, 1, 13], [2, 15, 3, 16], [17, 23, 18, 22], [10, 20, 11, 19], [21, 17, 22, 16], [23, 21, 24, 20]]"
12n_0220_38,"[[23, 21, 24, 20], [4, 2, 5, 1], [14, 3, 15, 4], [5, 9, 6, 8], [7, 13, 8, 12], [18, 10, 19, 9], [11, 7, 12, 6], [24, 14, 1, 13], [2, 15, 3, 16], [17, 23, 18, 22], [10, 20, 11, 19], [21, 17, 22, 16]]"
12n_0220_39,"[[21, 17, 22, 16], [23, 21, 24, 20], [4, 2, 5, 1], [14, 3, 15, 4], [5, 9, 6, 8], [7, 13, 8, 12], [18, 10, 19, 9], [11, 7, 12, 6], [24, 14, 1, 13], [2, 15, 3, 16], [17, 23, 18, 22], [10, 20, 11, 19]]"
12n_0220_40,"[[10, 20, 11, 19], [21, 17, 22, 16], [23, 21, 24, 20], [4, 2, 5, 1], [14, 3, 15, 4], [5, 9, 6, 8], [7, 13, 8, 12], [18, 10, 19, 9], [11, 7, 12, 6], [24, 14, 1, 13], [2, 15, 3, 16], [17, 23, 18, 22]]"
12n_0220_41,"[[17, 23, 18, 22], [10, 20, 11, 19], [21, 17, 22, 16], [23, 21, 24, 20], [4, 2, 5, 1], [14, 3, 15, 4], [5, 9, 6, 8], [7, 13, 8, 12], [18, 10, 19, 9], [11, 7, 12, 6], [24, 14, 1, 13], [2, 15, 3, 16]]"
12n_0220_42,"[[2, 15, 3, 16], [17, 23, 18, 22], [10, 20, 11, 19], [21, 17, 22, 16], [23, 21, 24, 20], [4, 2, 5, 1], [14, 3, 15, 4], [5, 9, 6, 8], [7, 13, 8, 12], [18, 10, 19, 9], [11, 7, 12, 6], [24, 14, 1, 13]]"
12n_0220_43,"[[24, 14, 1, 13], [2, 15, 3, 16], [17, 23, 18, 22], [10, 20, 11, 19], [21, 17, 22, 16], [23, 21, 24, 20], [4, 2, 5, 1], [14, 3, 15, 4], [5, 9, 6, 8], [7, 13, 8, 12], [18, 10, 19, 9], [11, 7, 12, 6]]"
12n_0220_44,"[[11, 7, 12, 6], [24, 14, 1, 13], [2, 15, 3, 16], [17, 23, 18, 22], [10, 20, 11, 19], [21, 17, 22, 16], [23, 21, 24, 20], [4, 2, 5, 1], [14, 3, 15, 4], [5, 9, 6, 8], [7, 13, 8, 12], [18, 10, 19, 9]]"
12n_0220_45,"[[18, 10, 19, 9], [11, 7, 12, 6], [24, 14, 1, 13], [2, 15, 3, 16], [17, 23, 18, 22], [10, 20, 11, 19], [21, 17, 22, 16], [23, 21, 24, 20], [4, 2, 5, 1], [14, 3, 15, 4], [5, 9, 6, 8], [7, 13, 8, 12]]"
12n_0220_46,"[[7, 13, 8, 12], [18, 10, 19, 9], [11, 7, 12, 6], [24, 14, 1, 13], [2, 15, 3, 16], [17, 23, 18, 22], [10, 20, 11, 19], [21, 17, 22, 16], [23, 21, 24, 20], [4, 2, 5, 1], [14, 3, 15, 4], [5, 9, 6, 8]]"
12n_0220_47,"[[5, 9, 6, 8], [7, 13, 8, 12], [18, 10, 19, 9], [11, 7, 12, 6], [24, 14, 1, 13], [2, 15, 3, 16], [17, 23, 18, 22], [10, 20, 11, 19], [21, 17, 22, 16], [23, 21, 24, 20], [4, 2, 5, 1], [14, 3, 15, 4]]"
12n_0220_48,"[[15, 4, 16, 5], [6, 10, 7, 9], [8, 14, 9, 13], [19, 11, 20, 10], [12, 8, 13, 7], [1, 15, 2, 14], [3, 16, 4, 17], [18, 24, 19, 23], [11, 21, 12, 20], [22, 18, 23, 17], [24, 22, 1, 21], [5, 3, 6, 2]]"
12n_0220_49,"[[5, 3, 6, 2], [15, 4, 16, 5], [6, 10, 7, 9], [8, 14, 9, 13], [19, 11, 20, 10], [12, 8, 13, 7], [1, 15, 2, 14], [3, 16, 4, 17], [18, 24, 19, 23], [11, 21, 12, 20], [22, 18, 23, 17], [24, 22, 1, 21]]"
12n_0220_50,"[[24, 22, 1, 21], [5, 3, 6, 2], [15, 4, 16, 5], [6, 10, 7, 9], [8, 14, 9, 13], [19, 11, 20, 10], [12, 8, 13, 7], [1, 15, 2, 14], [3, 16, 4, 17], [18, 24, 19, 23], [11, 21, 12, 20], [22, 18, 23, 17]]"
12n_0220_51,"[[22, 18, 23, 17], [24, 22, 1, 21], [5, 3, 6, 2], [15, 4, 16, 5], [6, 10, 7, 9], [8, 14, 9, 13], [19, 11, 20, 10], [12, 8, 13, 7], [1, 15, 2, 14], [3, 16, 4, 17], [18, 24, 19, 23], [11, 21, 12, 20]]"
12n_0220_52,"[[11, 21, 12, 20], [22, 18, 23, 17], [24, 22, 1, 21], [5, 3, 6, 2], [15, 4, 16, 5], [6, 10, 7, 9], [8, 14, 9, 13], [19, 11, 20, 10], [12, 8, 13, 7], [1, 15, 2, 14], [3, 16, 4, 17], [18, 24, 19, 23]]"
12n_0220_53,"[[18, 24, 19, 23], [11, 21, 12, 20], [22, 18, 23, 17], [24, 22, 1, 21], [5, 3, 6, 2], [15, 4, 16, 5], [6, 10, 7, 9], [8, 14, 9, 13], [19, 11, 20, 10], [12, 8, 13, 7], [1, 15, 2, 14], [3, 16, 4, 17]]"
12n_0220_54,"[[3, 16, 4, 17], [18, 24, 19, 23], [11, 21, 12, 20], [22, 18, 23, 17], [24, 22, 1, 21], [5, 3, 6, 2], [15, 4, 16, 5], [6, 10, 7, 9], [8, 14, 9, 13], [19, 11, 20, 10], [12, 8, 13, 7], [1, 15, 2, 14]]"
12n_0220_55,"[[1, 15, 2, 14], [3, 16, 4, 17], [18, 24, 19, 23], [11, 21, 12, 20], [22, 18, 23, 17], [24, 22, 1, 21], [5, 3, 6, 2], [15, 4, 16, 5], [6, 10, 7, 9], [8, 14, 9, 13], [19, 11, 20, 10], [12, 8, 13, 7]]"
12n_0220_56,"[[12, 8, 13, 7], [1, 15, 2, 14], [3, 16, 4, 17], [18, 24, 19, 23], [11, 21, 12, 20], [22, 18, 23, 17], [24, 22, 1, 21], [5, 3, 6, 2], [15, 4, 16, 5], [6, 10, 7, 9], [8, 14, 9, 13], [19, 11, 20, 10]]"
12n_0220_57,"[[19, 11, 20, 10], [12, 8, 13, 7], [1, 15, 2, 14], [3, 16, 4, 17], [18, 24, 19, 23], [11, 21, 12, 20], [22, 18, 23, 17], [24, 22, 1, 21], [5, 3, 6, 2], [15, 4, 16, 5], [6, 10, 7, 9], [8, 14, 9, 13]]"
12n_0220_58,"[[8, 14, 9, 13], [19, 11, 20, 10], [12, 8, 13, 7], [1, 15, 2, 14], [3, 16, 4, 17], [18, 24, 19, 23], [11, 21, 12, 20], [22, 18, 23, 17], [24, 22, 1, 21], [5, 3, 6, 2], [15, 4, 16, 5], [6, 10, 7, 9]]"
12n_0220_59,"[[6, 10, 7, 9], [8, 14, 9, 13], [19, 11, 20, 10], [12, 8, 13, 7], [1, 15, 2, 14], [3, 16, 4, 17], [18, 24, 19, 23], [11, 21, 12, 20], [22, 18, 23, 17], [24, 22, 1, 21], [5, 3, 6, 2], [15, 4, 16, 5]]"
12n_0220_60,"[[16, 5, 17, 6], [7, 11, 8, 10], [9, 15, 10, 14], [20, 12, 21, 11], [13, 9, 14, 8], [2, 16, 3, 15], [4, 17, 5, 18], [19, 1, 20, 24], [12, 22, 13, 21], [23, 19, 24, 18], [1, 23, 2, 22], [6, 4, 7, 3]]"
12n_0220_61,"[[6, 4, 7, 3], [16, 5, 17, 6], [7, 11, 8, 10], [9, 15, 10, 14], [20, 12, 21, 11], [13, 9, 14, 8], [2, 16, 3, 15], [4, 17, 5, 18], [19, 1, 20, 24], [12, 22, 13, 21], [23, 19, 24, 18], [1, 23, 2, 22]]"
12n_0220_62,"[[1, 23, 2, 22], [6, 4, 7, 3], [16, 5, 17, 6], [7, 11, 8, 10], [9, 15, 10, 14], [20, 12, 21, 11], [13, 9, 14, 8], [2, 16, 3, 15], [4, 17, 5, 18], [19, 1, 20, 24], [12, 22, 13, 21], [23, 19, 24, 18]]"
12n_0220_63,"[[23, 19, 24, 18], [1, 23, 2, 22], [6, 4, 7, 3], [16, 5, 17, 6], [7, 11, 8, 10], [9, 15, 10, 14], [20, 12, 21, 11], [13, 9, 14, 8], [2, 16, 3, 15], [4, 17, 5, 18], [19, 1, 20, 24], [12, 22, 13, 21]]"
12n_0220_64,"[[12, 22, 13, 21], [23, 19, 24, 18], [1, 23, 2, 22], [6, 4, 7, 3], [16, 5, 17, 6], [7, 11, 8, 10], [9, 15, 10, 14], [20, 12, 21, 11], [13, 9, 14, 8], [2, 16, 3, 15], [4, 17, 5, 18], [19, 1, 20, 24]]"
12n_0220_65,"[[19, 1, 20, 24], [12, 22, 13, 21], [23, 19, 24, 18], [1, 23, 2, 22], [6, 4, 7, 3], [16, 5, 17, 6], [7, 11, 8, 10], [9, 15, 10, 14], [20, 12, 21, 11], [13, 9, 14, 8], [2, 16, 3, 15], [4, 17, 5, 18]]"
12n_0220_66,"[[4, 17, 5, 18], [19, 1, 20, 24], [12, 22, 13, 21], [23, 19, 24, 18], [1, 23, 2, 22], [6, 4, 7, 3], [16, 5, 17, 6], [7, 11, 8, 10], [9, 15, 10, 14], [20, 12, 21, 11], [13, 9, 14, 8], [2, 16, 3, 15]]"
12n_0220_67,"[[2, 16, 3, 15], [4, 17, 5, 18], [19, 1, 20, 24], [12, 22, 13, 21], [23, 19, 24, 18], [1, 23, 2, 22], [6, 4, 7, 3], [16, 5, 17, 6], [7, 11, 8, 10], [9, 15, 10, 14], [20, 12, 21, 11], [13, 9, 14, 8]]"
12n_0220_68,"[[13, 9, 14, 8], [2, 16, 3, 15], [4, 17, 5, 18], [19, 1, 20, 24], [12, 22, 13, 21], [23, 19, 24, 18], [1, 23, 2, 22], [6, 4, 7, 3], [16, 5, 17, 6], [7, 11, 8, 10], [9, 15, 10, 14], [20, 12, 21, 11]]"
12n_0220_69,"[[20, 12, 21, 11], [13, 9, 14, 8], [2, 16, 3, 15], [4, 17, 5, 18], [19, 1, 20, 24], [12, 22, 13, 21], [23, 19, 24, 18], [1, 23, 2, 22], [6, 4, 7, 3], [16, 5, 17, 6], [7, 11, 8, 10], [9, 15, 10, 14]]"
12n_0220_70,"[[9, 15, 10, 14], [20, 12, 21, 11], [13, 9, 14, 8], [2, 16, 3, 15], [4, 17, 5, 18], [19, 1, 20, 24], [12, 22, 13, 21], [23, 19, 24, 18], [1, 23, 2, 22], [6, 4, 7, 3], [16, 5, 17, 6], [7, 11, 8, 10]]"
12n_0220_71,"[[7, 11, 8, 10], [9, 15, 10, 14], [20, 12, 21, 11], [13, 9, 14, 8], [2, 16, 3, 15], [4, 17, 5, 18], [19, 1, 20, 24], [12, 22, 13, 21], [23, 19, 24, 18], [1, 23, 2, 22], [6, 4, 7, 3], [16, 5, 17, 6]]"
12n_0220_72,"[[17, 6, 18, 7], [8, 12, 9, 11], [10, 16, 11, 15], [21, 13, 22, 12], [14, 10, 15, 9], [3, 17, 4, 16], [5, 18, 6, 19], [20, 2, 21, 1], [13, 23, 14, 22], [24, 20, 1, 19], [2, 24, 3, 23], [7, 5, 8, 4]]"
12n_0220_73,"[[7, 5, 8, 4], [17, 6, 18, 7], [8, 12, 9, 11], [10, 16, 11, 15], [21, 13, 22, 12], [14, 10, 15, 9], [3, 17, 4, 16], [5, 18, 6, 19], [20, 2, 21, 1], [13, 23, 14, 22], [24, 20, 1, 19], [2, 24, 3, 23]]"
12n_0220_74,"[[2, 24, 3, 23], [7, 5, 8, 4], [17, 6, 18, 7], [8, 12, 9, 11], [10, 16, 11, 15], [21, 13, 22, 12], [14, 10, 15, 9], [3, 17, 4, 16], [5, 18, 6, 19], [20, 2, 21, 1], [13, 23, 14, 22], [24, 20, 1, 19]]"
12n_0220_75,"[[24, 20, 1, 19], [2, 24, 3, 23], [7, 5, 8, 4], [17, 6, 18, 7], [8, 12, 9, 11], [10, 16, 11, 15], [21, 13, 22, 12], [14, 10, 15, 9], [3, 17, 4, 16], [5, 18, 6, 19], [20, 2, 21, 1], [13, 23, 14, 22]]"
12n_0220_76,"[[13, 23, 14, 22], [24, 20, 1, 19], [2, 24, 3, 23], [7, 5, 8, 4], [17, 6, 18, 7], [8, 12, 9, 11], [10, 16, 11, 15], [21, 13, 22, 12], [14, 10, 15, 9], [3, 17, 4, 16], [5, 18, 6, 19], [20, 2, 21, 1]]"
12n_0220_77,"[[20, 2, 21, 1], [13, 23, 14, 22], [24, 20, 1, 19], [2, 24, 3, 23], [7, 5, 8, 4], [17, 6, 18, 7], [8, 12, 9, 11], [10, 16, 11, 15], [21, 13, 22, 12], [14, 10, 15, 9], [3, 17, 4, 16], [5, 18, 6, 19]]"
12n_0220_78,"[[5, 18, 6, 19], [20, 2, 21, 1], [13, 23, 14, 22], [24, 20, 1, 19], [2, 24, 3, 23], [7, 5, 8, 4], [17, 6, 18, 7], [8, 12, 9, 11], [10, 16, 11, 15], [21, 13, 22, 12], [14, 10, 15, 9], [3, 17, 4, 16]]"
12n_0220_79,"[[3, 17, 4, 16], [5, 18, 6, 19], [20, 2, 21, 1], [13, 23, 14, 22], [24, 20, 1, 19], [2, 24, 3, 23], [7, 5, 8, 4], [17, 6, 18, 7], [8, 12, 9, 11], [10, 16, 11, 15], [21, 13, 22, 12], [14, 10, 15, 9]]"
12n_0220_80,"[[14, 10, 15, 9], [3, 17, 4, 16], [5, 18, 6, 19], [20, 2, 21, 1], [13, 23, 14, 22], [24, 20, 1, 19], [2, 24, 3, 23], [7, 5, 8, 4], [17, 6, 18, 7], [8, 12, 9, 11], [10, 16, 11, 15], [21, 13, 22, 12]]"
12n_0220_81,"[[21, 13, 22, 12], [14, 10, 15, 9], [3, 17, 4, 16], [5, 18, 6, 19], [20, 2, 21, 1], [13, 23, 14, 22], [24, 20, 1, 19], [2, 24, 3, 23], [7, 5, 8, 4], [17, 6, 18, 7], [8, 12, 9, 11], [10, 16, 11, 15]]"
12n_0220_82,"[[10, 16, 11, 15], [21, 13, 22, 12], [14, 10, 15, 9], [3, 17, 4, 16], [5, 18, 6, 19], [20, 2, 21, 1], [13, 23, 14, 22], [24, 20, 1, 19], [2, 24, 3, 23], [7, 5, 8, 4], [17, 6, 18, 7], [8, 12, 9, 11]]"
12n_0220_83,"[[8, 12, 9, 11], [10, 16, 11, 15], [21, 13, 22, 12], [14, 10, 15, 9], [3, 17, 4, 16], [5, 18, 6, 19], [20, 2, 21, 1], [13, 23, 14, 22], [24, 20, 1, 19], [2, 24, 3, 23], [7, 5, 8, 4], [17, 6, 18, 7]]"
12n_0220_84,"[[18, 7, 19, 8], [9, 13, 10, 12], [11, 17, 12, 16], [22, 14, 23, 13], [15, 11, 16, 10], [4, 18, 5, 17], [6, 19, 7, 20], [21, 3, 22, 2], [14, 24, 15, 23], [1, 21, 2, 20], [3, 1, 4, 24], [8, 6, 9, 5]]"
12n_0220_85,"[[8, 6, 9, 5], [18, 7, 19, 8], [9, 13, 10, 12], [11, 17, 12, 16], [22, 14, 23, 13], [15, 11, 16, 10], [4, 18, 5, 17], [6, 19, 7, 20], [21, 3, 22, 2], [14, 24, 15, 23], [1, 21, 2, 20], [3, 1, 4, 24]]"
12n_0220_86,"[[3, 1, 4, 24], [8, 6, 9, 5], [18, 7, 19, 8], [9, 13, 10, 12], [11, 17, 12, 16], [22, 14, 23, 13], [15, 11, 16, 10], [4, 18, 5, 17], [6, 19, 7, 20], [21, 3, 22, 2], [14, 24, 15, 23], [1, 21, 2, 20]]"
12n_0220_87,"[[1, 21, 2, 20], [3, 1, 4, 24], [8, 6, 9, 5], [18, 7, 19, 8], [9, 13, 10, 12], [11, 17, 12, 16], [22, 14, 23, 13], [15, 11, 16, 10], [4, 18, 5, 17], [6, 19, 7, 20], [21, 3, 22, 2], [14, 24, 15, 23]]"
12n_0220_88,"[[14, 24, 15, 23], [1, 21, 2, 20], [3, 1, 4, 24], [8, 6, 9, 5], [18, 7, 19, 8], [9, 13, 10, 12], [11, 17, 12, 16], [22, 14, 23, 13], [15, 11, 16, 10], [4, 18, 5, 17], [6, 19, 7, 20], [21, 3, 22, 2]]"
12n_0220_89,"[[21, 3, 22, 2], [14, 24, 15, 23], [1, 21, 2, 20], [3, 1, 4, 24], [8, 6, 9, 5], [18, 7, 19, 8], [9, 13, 10, 12], [11, 17, 12, 16], [22, 14, 23, 13], [15, 11, 16, 10], [4, 18, 5, 17], [6, 19, 7, 20]]"
12n_0220_90,"[[6, 19, 7, 20], [21, 3, 22, 2], [14, 24, 15, 23], [1, 21, 2, 20], [3, 1, 4, 24], [8, 6, 9, 5], [18, 7, 19, 8], [9, 13, 10, 12], [11, 17, 12, 16], [22, 14, 23, 13], [15, 11, 16, 10], [4, 18, 5, 17]]"
12n_0220_91,"[[4, 18, 5, 17], [6, 19, 7, 20], [21, 3, 22, 2], [14, 24, 15, 23], [1, 21, 2, 20], [3, 1, 4, 24], [8, 6, 9, 5], [18, 7, 19, 8], [9, 13, 10, 12], [11, 17, 12, 16], [22, 14, 23, 13], [15, 11, 16, 10]]"
12n_0220_92,"[[15, 11, 16, 10], [4, 18, 5, 17], [6, 19, 7, 20], [21, 3, 22, 2], [14, 24, 15, 23], [1, 21, 2, 20], [3, 1, 4, 24], [8, 6, 9, 5], [18, 7, 19, 8], [9, 13, 10, 12], [11, 17, 12, 16], [22, 14, 23, 13]]"
12n_0220_93,"[[22, 14, 23, 13], [15, 11, 16, 10], [4, 18, 5, 17], [6, 19, 7, 20], [21, 3, 22, 2], [14, 24, 15, 23], [1, 21, 2, 20], [3, 1, 4, 24], [8, 6, 9, 5], [18, 7, 19, 8], [9, 13, 10, 12], [11, 17, 12, 16]]"
12n_0220_94,"[[11, 17, 12, 16], [22, 14, 23, 13], [15, 11, 16, 10], [4, 18, 5, 17], [6, 19, 7, 20], [21, 3, 22, 2], [14, 24, 15, 23], [1, 21, 2, 20], [3, 1, 4, 24], [8, 6, 9, 5], [18, 7, 19, 8], [9, 13, 10, 12]]"
12n_0220_95,"[[9, 13, 10, 12], [11, 17, 12, 16], [22, 14, 23, 13], [15, 11, 16, 10], [4, 18, 5, 17], [6, 19, 7, 20], [21, 3, 22, 2], [14, 24, 15, 23], [1, 21, 2, 20], [3, 1, 4, 24], [8, 6, 9, 5], [18, 7, 19, 8]]"
12n_0220_96,"[[19, 8, 20, 9], [10, 14, 11, 13], [12, 18, 13, 17], [23, 15, 24, 14], [16, 12, 17, 11], [5, 19, 6, 18], [7, 20, 8, 21], [22, 4, 23, 3], [15, 1, 16, 24], [2, 22, 3, 21], [4, 2, 5, 1], [9, 7, 10, 6]]"
12n_0220_97,"[[9, 7, 10, 6], [19, 8, 20, 9], [10, 14, 11, 13], [12, 18, 13, 17], [23, 15, 24, 14], [16, 12, 17, 11], [5, 19, 6, 18], [7, 20, 8, 21], [22, 4, 23, 3], [15, 1, 16, 24], [2, 22, 3, 21], [4, 2, 5, 1]]"
12n_0220_98,"[[4, 2, 5, 1], [9, 7, 10, 6], [19, 8, 20, 9], [10, 14, 11, 13], [12, 18, 13, 17], [23, 15, 24, 14], [16, 12, 17, 11], [5, 19, 6, 18], [7, 20, 8, 21], [22, 4, 23, 3], [15, 1, 16, 24], [2, 22, 3, 21]]"
12n_0220_99,"[[2, 22, 3, 21], [4, 2, 5, 1], [9, 7, 10, 6], [19, 8, 20, 9], [10, 14, 11, 13], [12, 18, 13, 17], [23, 15, 24, 14], [16, 12, 17, 11], [5, 19, 6, 18], [7, 20, 8, 21], [22, 4, 23, 3], [15, 1, 16, 24]]"
12n_0220_100,"[[15, 1, 16, 24], [2, 22, 3, 21], [4, 2, 5, 1], [9, 7, 10, 6], [19, 8, 20, 9], [10, 14, 11, 13], [12, 18, 13, 17], [23, 15, 24, 14], [16, 12, 17, 11], [5, 19, 6, 18], [7, 20, 8, 21], [22, 4, 23, 3]]"
12n_0220_101,"[[22, 4, 23, 3], [15, 1, 16, 24], [2, 22, 3, 21], [4, 2, 5, 1], [9, 7, 10, 6], [19, 8, 20, 9], [10, 14, 11, 13], [12, 18, 13, 17], [23, 15, 24, 14], [16, 12, 17, 11], [5, 19, 6, 18], [7, 20, 8, 21]]"
12n_0220_102,"[[7, 20, 8, 21], [22, 4, 23, 3], [15, 1, 16, 24], [2, 22, 3, 21], [4, 2, 5, 1], [9, 7, 10, 6], [19, 8, 20, 9], [10, 14, 11, 13], [12, 18, 13, 17], [23, 15, 24, 14], [16, 12, 17, 11], [5, 19, 6, 18]]"
12n_0220_103,"[[5, 19, 6, 18], [7, 20, 8, 21], [22, 4, 23, 3], [15, 1, 16, 24], [2, 22, 3, 21], [4, 2, 5, 1], [9, 7, 10, 6], [19, 8, 20, 9], [10, 14, 11, 13], [12, 18, 13, 17], [23, 15, 24, 14], [16, 12, 17, 11]]"
12n_0220_104,"[[16, 12, 17, 11], [5, 19, 6, 18], [7, 20, 8, 21], [22, 4, 23, 3], [15, 1, 16, 24], [2, 22, 3, 21], [4, 2, 5, 1], [9, 7, 10, 6], [19, 8, 20, 9], [10, 14, 11, 13], [12, 18, 13, 17], [23, 15, 24, 14]]"
12n_0220_105,"[[23, 15, 24, 14], [16, 12, 17, 11], [5, 19, 6, 18], [7, 20, 8, 21], [22, 4, 23, 3], [15, 1, 16, 24], [2, 22, 3, 21], [4, 2, 5, 1], [9, 7, 10, 6], [19, 8, 20, 9], [10, 14, 11, 13], [12, 18, 13, 17]]"
12n_0220_106,"[[12, 18, 13, 17], [23, 15, 24, 14], [16, 12, 17, 11], [5, 19, 6, 18], [7, 20, 8, 21], [22, 4, 23, 3], [15, 1, 16, 24], [2, 22, 3, 21], [4, 2, 5, 1], [9, 7, 10, 6], [19, 8, 20, 9], [10, 14, 11, 13]]"
12n_0220_107,"[[10, 14, 11, 13], [12, 18, 13, 17], [23, 15, 24, 14], [16, 12, 17, 11], [5, 19, 6, 18], [7, 20, 8, 21], [22, 4, 23, 3], [15, 1, 16, 24], [2, 22, 3, 21], [4, 2, 5, 1], [9, 7, 10, 6], [19, 8, 20, 9]]"
12n_0220_108,"[[20, 9, 21, 10], [11, 15, 12, 14], [13, 19, 14, 18], [24, 16, 1, 15], [17, 13, 18, 12], [6, 20, 7, 19], [8, 21, 9, 22], [23, 5, 24, 4], [16, 2, 17, 1], [3, 23, 4, 22], [5, 3, 6, 2], [10, 8, 11, 7]]"
12n_0220_109,"[[10, 8, 11, 7], [20, 9, 21, 10], [11, 15, 12, 14], [13, 19, 14, 18], [24, 16, 1, 15], [17, 13, 18, 12], [6, 20, 7, 19], [8, 21, 9, 22], [23, 5, 24, 4], [16, 2, 17, 1], [3, 23, 4, 22], [5, 3, 6, 2]]"
12n_0220_110,"[[5, 3, 6, 2], [10, 8, 11, 7], [20, 9, 21, 10], [11, 15, 12, 14], [13, 19, 14, 18], [24, 16, 1, 15], [17, 13, 18, 12], [6, 20, 7, 19], [8, 21, 9, 22], [23, 5, 24, 4], [16, 2, 17, 1], [3, 23, 4, 22]]"
12n_0220_111,"[[3, 23, 4, 22], [5, 3, 6, 2], [10, 8, 11, 7], [20, 9, 21, 10], [11, 15, 12, 14], [13, 19, 14, 18], [24, 16, 1, 15], [17, 13, 18, 12], [6, 20, 7, 19], [8, 21, 9, 22], [23, 5, 24, 4], [16, 2, 17, 1]]"
12n_0220_112,"[[16, 2, 17, 1], [3, 23, 4, 22], [5, 3, 6, 2], [10, 8, 11, 7], [20, 9, 21, 10], [11, 15, 12, 14], [13, 19, 14, 18], [24, 16, 1, 15], [17, 13, 18, 12], [6, 20, 7, 19], [8, 21, 9, 22], [23, 5, 24, 4]]"
12n_0220_113,"[[23, 5, 24, 4], [16, 2, 17, 1], [3, 23, 4, 22], [5, 3, 6, 2], [10, 8, 11, 7], [20, 9, 21, 10], [11, 15, 12, 14], [13, 19, 14, 18], [24, 16, 1, 15], [17, 13, 18, 12], [6, 20, 7, 19], [8, 21, 9, 22]]"
12n_0220_114,"[[8, 21, 9, 22], [23, 5, 24, 4], [16, 2, 17, 1], [3, 23, 4, 22], [5, 3, 6, 2], [10, 8, 11, 7], [20, 9, 21, 10], [11, 15, 12, 14], [13, 19, 14, 18], [24, 16, 1, 15], [17, 13, 18, 12], [6, 20, 7, 19]]"
12n_0220_115,"[[6, 20, 7, 19], [8, 21, 9, 22], [23, 5, 24, 4], [16, 2, 17, 1], [3, 23, 4, 22], [5, 3, 6, 2], [10, 8, 11, 7], [20, 9, 21, 10], [11, 15, 12, 14], [13, 19, 14, 18], [24, 16, 1, 15], [17, 13, 18, 12]]"
12n_0220_116,"[[17, 13, 18, 12], [6, 20, 7, 19], [8, 21, 9, 22], [23, 5, 24, 4], [16, 2, 17, 1], [3, 23, 4, 22], [5, 3, 6, 2], [10, 8, 11, 7], [20, 9, 21, 10], [11, 15, 12, 14], [13, 19, 14, 18], [24, 16, 1, 15]]"
12n_0220_117,"[[24, 16, 1, 15], [17, 13, 18, 12], [6, 20, 7, 19], [8, 21, 9, 22], [23, 5, 24, 4], [16, 2, 17, 1], [3, 23, 4, 22], [5, 3, 6, 2], [10, 8, 11, 7], [20, 9, 21, 10], [11, 15, 12, 14], [13, 19, 14, 18]]"
12n_0220_118,"[[13, 19, 14, 18], [24, 16, 1, 15], [17, 13, 18, 12], [6, 20, 7, 19], [8, 21, 9, 22], [23, 5, 24, 4], [16, 2, 17, 1], [3, 23, 4, 22], [5, 3, 6, 2], [10, 8, 11, 7], [20, 9, 21, 10], [11, 15, 12, 14]]"
12n_0220_119,"[[11, 15, 12, 14], [13, 19, 14, 18], [24, 16, 1, 15], [17, 13, 18, 12], [6, 20, 7, 19], [8, 21, 9, 22], [23, 5, 24, 4], [16, 2, 17, 1], [3, 23, 4, 22], [5, 3, 6, 2], [10, 8, 11, 7], [20, 9, 21, 10]]"
12n_0220_120,"[[21, 10, 22, 11], [12, 16, 13, 15], [14, 20, 15, 19], [1, 17, 2, 16], [18, 14, 19, 13], [7, 21, 8, 20], [9, 22, 10, 23], [24, 6, 1, 5], [17, 3, 18, 2], [4, 24, 5, 23], [6, 4, 7, 3], [11, 9, 12, 8]]"
12n_0220_121,"[[11, 9, 12, 8], [21, 10, 22, 11], [12, 16, 13, 15], [14, 20, 15, 19], [1, 17, 2, 16], [18, 14, 19, 13], [7, 21, 8, 20], [9, 22, 10, 23], [24, 6, 1, 5], [17, 3, 18, 2], [4, 24, 5, 23], [6, 4, 7, 3]]"
12n_0220_122,"[[6, 4, 7, 3], [11, 9, 12, 8], [21, 10, 22, 11], [12, 16, 13, 15], [14, 20, 15, 19], [1, 17, 2, 16], [18, 14, 19, 13], [7, 21, 8, 20], [9, 22, 10, 23], [24, 6, 1, 5], [17, 3, 18, 2], [4, 24, 5, 23]]"
12n_0220_123,"[[4, 24, 5, 23], [6, 4, 7, 3], [11, 9, 12, 8], [21, 10, 22, 11], [12, 16, 13, 15], [14, 20, 15, 19], [1, 17, 2, 16], [18, 14, 19, 13], [7, 21, 8, 20], [9, 22, 10, 23], [24, 6, 1, 5], [17, 3, 18, 2]]"
12n_0220_124,"[[17, 3, 18, 2], [4, 24, 5, 23], [6, 4, 7, 3], [11, 9, 12, 8], [21, 10, 22, 11], [12, 16, 13, 15], [14, 20, 15, 19], [1, 17, 2, 16], [18, 14, 19, 13], [7, 21, 8, 20], [9, 22, 10, 23], [24, 6, 1, 5]]"
12n_0220_125,"[[24, 6, 1, 5], [17, 3, 18, 2], [4, 24, 5, 23], [6, 4, 7, 3], [11, 9, 12, 8], [21, 10, 22, 11], [12, 16, 13, 15], [14, 20, 15, 19], [1, 17, 2, 16], [18, 14, 19, 13], [7, 21, 8, 20], [9, 22, 10, 23]]"
12n_0220_126,"[[9, 22, 10, 23], [24, 6, 1, 5], [17, 3, 18, 2], [4, 24, 5, 23], [6, 4, 7, 3], [11, 9, 12, 8], [21, 10, 22, 11], [12, 16, 13, 15], [14, 20, 15, 19], [1, 17, 2, 16], [18, 14, 19, 13], [7, 21, 8, 20]]"
12n_0220_127,"[[7, 21, 8, 20], [9, 22, 10, 23], [24, 6, 1, 5], [17, 3, 18, 2], [4, 24, 5, 23], [6, 4, 7, 3], [11, 9, 12, 8], [21, 10, 22, 11], [12, 16, 13, 15], [14, 20, 15, 19], [1, 17, 2, 16], [18, 14, 19, 13]]"
12n_0220_128,"[[18, 14, 19, 13], [7, 21, 8, 20], [9, 22, 10, 23], [24, 6, 1, 5], [17, 3, 18, 2], [4, 24, 5, 23], [6, 4, 7, 3], [11, 9, 12, 8], [21, 10, 22, 11], [12, 16, 13, 15], [14, 20, 15, 19], [1, 17, 2, 16]]"
12n_0220_129,"[[1, 17, 2, 16], [18, 14, 19, 13], [7, 21, 8, 20], [9, 22, 10, 23], [24, 6, 1, 5], [17, 3, 18, 2], [4, 24, 5, 23], [6, 4, 7, 3], [11, 9, 12, 8], [21, 10, 22, 11], [12, 16, 13, 15], [14, 20, 15, 19]]"
12n_0220_130,"[[14, 20, 15, 19], [1, 17, 2, 16], [18, 14, 19, 13], [7, 21, 8, 20], [9, 22, 10, 23], [24, 6, 1, 5], [17, 3, 18, 2], [4, 24, 5, 23], [6, 4, 7, 3], [11, 9, 12, 8], [21, 10, 22, 11], [12, 16, 13, 15]]"
12n_0220_131,"[[12, 16, 13, 15], [14, 20, 15, 19], [1, 17, 2, 16], [18, 14, 19, 13], [7, 21, 8, 20], [9, 22, 10, 23], [24, 6, 1, 5], [17, 3, 18, 2], [4, 24, 5, 23], [6, 4, 7, 3], [11, 9, 12, 8], [21, 10, 22, 11]]"
12n_0220_132,"[[22, 11, 23, 12], [13, 17, 14, 16], [15, 21, 16, 20], [2, 18, 3, 17], [19, 15, 20, 14], [8, 22, 9, 21], [10, 23, 11, 24], [1, 7, 2, 6], [18, 4, 19, 3], [5, 1, 6, 24], [7, 5, 8, 4], [12, 10, 13, 9]]"
12n_0220_133,"[[12, 10, 13, 9], [22, 11, 23, 12], [13, 17, 14, 16], [15, 21, 16, 20], [2, 18, 3, 17], [19, 15, 20, 14], [8, 22, 9, 21], [10, 23, 11, 24], [1, 7, 2, 6], [18, 4, 19, 3], [5, 1, 6, 24], [7, 5, 8, 4]]"
12n_0220_134,"[[7, 5, 8, 4], [12, 10, 13, 9], [22, 11, 23, 12], [13, 17, 14, 16], [15, 21, 16, 20], [2, 18, 3, 17], [19, 15, 20, 14], [8, 22, 9, 21], [10, 23, 11, 24], [1, 7, 2, 6], [18, 4, 19, 3], [5, 1, 6, 24]]"
12n_0220_135,"[[5, 1, 6, 24], [7, 5, 8, 4], [12, 10, 13, 9], [22, 11, 23, 12], [13, 17, 14, 16], [15, 21, 16, 20], [2, 18, 3, 17], [19, 15, 20, 14], [8, 22, 9, 21], [10, 23, 11, 24], [1, 7, 2, 6], [18, 4, 19, 3]]"
12n_0220_136,"[[18, 4, 19, 3], [5, 1, 6, 24], [7, 5, 8, 4], [12, 10, 13, 9], [22, 11, 23, 12], [13, 17, 14, 16], [15, 21, 16, 20], [2, 18, 3, 17], [19, 15, 20, 14], [8, 22, 9, 21], [10, 23, 11, 24], [1, 7, 2, 6]]"
12n_0220_137,"[[1, 7, 2, 6], [18, 4, 19, 3], [5, 1, 6, 24], [7, 5, 8, 4], [12, 10, 13, 9], [22, 11, 23, 12], [13, 17, 14, 16], [15, 21, 16, 20], [2, 18, 3, 17], [19, 15, 20, 14], [8, 22, 9, 21], [10, 23, 11, 24]]"
12n_0220_138,"[[10, 23, 11, 24], [1, 7, 2, 6], [18, 4, 19, 3], [5, 1, 6, 24], [7, 5, 8, 4], [12, 10, 13, 9], [22, 11, 23, 12], [13, 17, 14, 16], [15, 21, 16, 20], [2, 18, 3, 17], [19, 15, 20, 14], [8, 22, 9, 21]]"
12n_0220_139,"[[8, 22, 9, 21], [10, 23, 11, 24], [1, 7, 2, 6], [18, 4, 19, 3], [5, 1, 6, 24], [7, 5, 8, 4], [12, 10, 13, 9], [22, 11, 23, 12], [13, 17, 14, 16], [15, 21, 16, 20], [2, 18, 3, 17], [19, 15, 20, 14]]"
12n_0220_140,"[[19, 15, 20, 14], [8, 22, 9, 21], [10, 23, 11, 24], [1, 7, 2, 6], [18, 4, 19, 3], [5, 1, 6, 24], [7, 5, 8, 4], [12, 10, 13, 9], [22, 11, 23, 12], [13, 17, 14, 16], [15, 21, 16, 20], [2, 18, 3, 17]]"
12n_0220_141,"[[2, 18, 3, 17], [19, 15, 20, 14], [8, 22, 9, 21], [10, 23, 11, 24], [1, 7, 2, 6], [18, 4, 19, 3], [5, 1, 6, 24], [7, 5, 8, 4], [12, 10, 13, 9], [22, 11, 23, 12], [13, 17, 14, 16], [15, 21, 16, 20]]"
12n_0220_142,"[[15, 21, 16, 20], [2, 18, 3, 17], [19, 15, 20, 14], [8, 22, 9, 21], [10, 23, 11, 24], [1, 7, 2, 6], [18, 4, 19, 3], [5, 1, 6, 24], [7, 5, 8, 4], [12, 10, 13, 9], [22, 11, 23, 12], [13, 17, 14, 16]]"
12n_0220_143,"[[13, 17, 14, 16], [15, 21, 16, 20], [2, 18, 3, 17], [19, 15, 20, 14], [8, 22, 9, 21], [10, 23, 11, 24], [1, 7, 2, 6], [18, 4, 19, 3], [5, 1, 6, 24], [7, 5, 8, 4], [12, 10, 13, 9], [22, 11, 23, 12]]"
12n_0220_144,"[[23, 12, 24, 13], [14, 18, 15, 17], [16, 22, 17, 21], [3, 19, 4, 18], [20, 16, 21, 15], [9, 23, 10, 22], [11, 24, 12, 1], [2, 8, 3, 7], [19, 5, 20, 4], [6, 2, 7, 1], [8, 6, 9, 5], [13, 11, 14, 10]]"
12n_0220_145,"[[13, 11, 14, 10], [23, 12, 24, 13], [14, 18, 15, 17], [16, 22, 17, 21], [3, 19, 4, 18], [20, 16, 21, 15], [9, 23, 10, 22], [11, 24, 12, 1], [2, 8, 3, 7], [19, 5, 20, 4], [6, 2, 7, 1], [8, 6, 9, 5]]"
12n_0220_146,"[[8, 6, 9, 5], [13, 11, 14, 10], [23, 12, 24, 13], [14, 18, 15, 17], [16, 22, 17, 21], [3, 19, 4, 18], [20, 16, 21, 15], [9, 23, 10, 22], [11, 24, 12, 1], [2, 8, 3, 7], [19, 5, 20, 4], [6, 2, 7, 1]]"
12n_0220_147,"[[6, 2, 7, 1], [8, 6, 9, 5], [13, 11, 14, 10], [23, 12, 24, 13], [14, 18, 15, 17], [16, 22, 17, 21], [3, 19, 4, 18], [20, 16, 21, 15], [9, 23, 10, 22], [11, 24, 12, 1], [2, 8, 3, 7], [19, 5, 20, 4]]"
12n_0220_148,"[[19, 5, 20, 4], [6, 2, 7, 1], [8, 6, 9, 5], [13, 11, 14, 10], [23, 12, 24, 13], [14, 18, 15, 17], [16, 22, 17, 21], [3, 19, 4, 18], [20, 16, 21, 15], [9, 23, 10, 22], [11, 24, 12, 1], [2, 8, 3, 7]]"
12n_0220_149,"[[2, 8, 3, 7], [19, 5, 20, 4], [6, 2, 7, 1], [8, 6, 9, 5], [13, 11, 14, 10], [23, 12, 24, 13], [14, 18, 15, 17], [16, 22, 17, 21], [3, 19, 4, 18], [20, 16, 21, 15], [9, 23, 10, 22], [11, 24, 12, 1]]"
12n_0220_150,"[[11, 24, 12, 1], [2, 8, 3, 7], [19, 5, 20, 4], [6, 2, 7, 1], [8, 6, 9, 5], [13, 11, 14, 10], [23, 12, 24, 13], [14, 18, 15, 17], [16, 22, 17, 21], [3, 19, 4, 18], [20, 16, 21, 15], [9, 23, 10, 22]]"
12n_0220_151,"[[9, 23, 10, 22], [11, 24, 12, 1], [2, 8, 3, 7], [19, 5, 20, 4], [6, 2, 7, 1], [8, 6, 9, 5], [13, 11, 14, 10], [23, 12, 24, 13], [14, 18, 15, 17], [16, 22, 17, 21], [3, 19, 4, 18], [20, 16, 21, 15]]"
12n_0220_152,"[[20, 16, 21, 15], [9, 23, 10, 22], [11, 24, 12, 1], [2, 8, 3, 7], [19, 5, 20, 4], [6, 2, 7, 1], [8, 6, 9, 5], [13, 11, 14, 10], [23, 12, 24, 13], [14, 18, 15, 17], [16, 22, 17, 21], [3, 19, 4, 18]]"
12n_0220_153,"[[3, 19, 4, 18], [20, 16, 21, 15], [9, 23, 10, 22], [11, 24, 12, 1], [2, 8, 3, 7], [19, 5, 20, 4], [6, 2, 7, 1], [8, 6, 9, 5], [13, 11, 14, 10], [23, 12, 24, 13], [14, 18, 15, 17], [16, 22, 17, 21]]"
12n_0220_154,"[[16, 22, 17, 21], [3, 19, 4, 18], [20, 16, 21, 15], [9, 23, 10, 22], [11, 24, 12, 1], [2, 8, 3, 7], [19, 5, 20, 4], [6, 2, 7, 1], [8, 6, 9, 5], [13, 11, 14, 10], [23, 12, 24, 13], [14, 18, 15, 17]]"
12n_0220_155,"[[14, 18, 15, 17], [16, 22, 17, 21], [3, 19, 4, 18], [20, 16, 21, 15], [9, 23, 10, 22], [11, 24, 12, 1], [2, 8, 3, 7], [19, 5, 20, 4], [6, 2, 7, 1], [8, 6, 9, 5], [13, 11, 14, 10], [23, 12, 24, 13]]"
12n_0220_156,"[[24, 13, 1, 14], [15, 19, 16, 18], [17, 23, 18, 22], [4, 20, 5, 19], [21, 17, 22, 16], [10, 24, 11, 23], [12, 1, 13, 2], [3, 9, 4, 8], [20, 6, 21, 5], [7, 3, 8, 2], [9, 7, 10, 6], [14, 12, 15, 11]]"
12n_0220_157,"[[14, 12, 15, 11], [24, 13, 1, 14], [15, 19, 16, 18], [17, 23, 18, 22], [4, 20, 5, 19], [21, 17, 22, 16], [10, 24, 11, 23], [12, 1, 13, 2], [3, 9, 4, 8], [20, 6, 21, 5], [7, 3, 8, 2], [9, 7, 10, 6]]"
12n_0220_158,"[[9, 7, 10, 6], [14, 12, 15, 11], [24, 13, 1, 14], [15, 19, 16, 18], [17, 23, 18, 22], [4, 20, 5, 19], [21, 17, 22, 16], [10, 24, 11, 23], [12, 1, 13, 2], [3, 9, 4, 8], [20, 6, 21, 5], [7, 3, 8, 2]]"
12n_0220_159,"[[7, 3, 8, 2], [9, 7, 10, 6], [14, 12, 15, 11], [24, 13, 1, 14], [15, 19, 16, 18], [17, 23, 18, 22], [4, 20, 5, 19], [21, 17, 22, 16], [10, 24, 11, 23], [12, 1, 13, 2], [3, 9, 4, 8], [20, 6, 21, 5]]"
12n_0220_160,"[[20, 6, 21, 5], [7, 3, 8, 2], [9, 7, 10, 6], [14, 12, 15, 11], [24, 13, 1, 14], [15, 19, 16, 18], [17, 23, 18, 22], [4, 20, 5, 19], [21, 17, 22, 16], [10, 24, 11, 23], [12, 1, 13, 2], [3, 9, 4, 8]]"
12n_0220_161,"[[3, 9, 4, 8], [20, 6, 21, 5], [7, 3, 8, 2], [9, 7, 10, 6], [14, 12, 15, 11], [24, 13, 1, 14], [15, 19, 16, 18], [17, 23, 18, 22], [4, 20, 5, 19], [21, 17, 22, 16], [10, 24, 11, 23], [12, 1, 13, 2]]"
12n_0220_162,"[[12, 1, 13, 2], [3, 9, 4, 8], [20, 6, 21, 5], [7, 3, 8, 2], [9, 7, 10, 6], [14, 12, 15, 11], [24, 13, 1, 14], [15, 19, 16, 18], [17, 23, 18, 22], [4, 20, 5, 19], [21, 17, 22, 16], [10, 24, 11, 23]]"
12n_0220_163,"[[10, 24, 11, 23], [12, 1, 13, 2], [3, 9, 4, 8], [20, 6, 21, 5], [7, 3, 8, 2], [9, 7, 10, 6], [14, 12, 15, 11], [24, 13, 1, 14], [15, 19, 16, 18], [17, 23, 18, 22], [4, 20, 5, 19], [21, 17, 22, 16]]"
12n_0220_164,"[[21, 17, 22, 16], [10, 24, 11, 23], [12, 1, 13, 2], [3, 9, 4, 8], [20, 6, 21, 5], [7, 3, 8, 2], [9, 7, 10, 6], [14, 12, 15, 11], [24, 13, 1, 14], [15, 19, 16, 18], [17, 23, 18, 22], [4, 20, 5, 19]]"
12n_0220_165,"[[4, 20, 5, 19], [21, 17, 22, 16], [10, 24, 11, 23], [12, 1, 13, 2], [3, 9, 4, 8], [20, 6, 21, 5], [7, 3, 8, 2], [9, 7, 10, 6], [14, 12, 15, 11], [24, 13, 1, 14], [15, 19, 16, 18], [17, 23, 18, 22]]"
12n_0220_166,"[[17, 23, 18, 22], [4, 20, 5, 19], [21, 17, 22, 16], [10, 24, 11, 23], [12, 1, 13, 2], [3, 9, 4, 8], [20, 6, 21, 5], [7, 3, 8, 2], [9, 7, 10, 6], [14, 12, 15, 11], [24, 13, 1, 14], [15, 19, 16, 18]]"
12n_0220_167,"[[15, 19, 16, 18], [17, 23, 18, 22], [4, 20, 5, 19], [21, 17, 22, 16], [10, 24, 11, 23], [12, 1, 13, 2], [3, 9, 4, 8], [20, 6, 21, 5], [7, 3, 8, 2], [9, 7, 10, 6], [14, 12, 15, 11], [24, 13, 1, 14]]"
12n_0220_168,"[[1, 14, 2, 15], [16, 20, 17, 19], [18, 24, 19, 23], [5, 21, 6, 20], [22, 18, 23, 17], [11, 1, 12, 24], [13, 2, 14, 3], [4, 10, 5, 9], [21, 7, 22, 6], [8, 4, 9, 3], [10, 8, 11, 7], [15, 13, 16, 12]]"
12n_0220_169,"[[15, 13, 16, 12], [1, 14, 2, 15], [16, 20, 17, 19], [18, 24, 19, 23], [5, 21, 6, 20], [22, 18, 23, 17], [11, 1, 12, 24], [13, 2, 14, 3], [4, 10, 5, 9], [21, 7, 22, 6], [8, 4, 9, 3], [10, 8, 11, 7]]"
12n_0220_170,"[[10, 8, 11, 7], [15, 13, 16, 12], [1, 14, 2, 15], [16, 20, 17, 19], [18, 24, 19, 23], [5, 21, 6, 20], [22, 18, 23, 17], [11, 1, 12, 24], [13, 2, 14, 3], [4, 10, 5, 9], [21, 7, 22, 6], [8, 4, 9, 3]]"
12n_0220_171,"[[8, 4, 9, 3], [10, 8, 11, 7], [15, 13, 16, 12], [1, 14, 2, 15], [16, 20, 17, 19], [18, 24, 19, 23], [5, 21, 6, 20], [22, 18, 23, 17], [11, 1, 12, 24], [13, 2, 14, 3], [4, 10, 5, 9], [21, 7, 22, 6]]"
12n_0220_172,"[[21, 7, 22, 6], [8, 4, 9, 3], [10, 8, 11, 7], [15, 13, 16, 12], [1, 14, 2, 15], [16, 20, 17, 19], [18, 24, 19, 23], [5, 21, 6, 20], [22, 18, 23, 17], [11, 1, 12, 24], [13, 2, 14, 3], [4, 10, 5, 9]]"
12n_0220_173,"[[4, 10, 5, 9], [21, 7, 22, 6], [8, 4, 9, 3], [10, 8, 11, 7], [15, 13, 16, 12], [1, 14, 2, 15], [16, 20, 17, 19], [18, 24, 19, 23], [5, 21, 6, 20], [22, 18, 23, 17], [11, 1, 12, 24], [13, 2, 14, 3]]"
12n_0220_174,"[[13, 2, 14, 3], [4, 10, 5, 9], [21, 7, 22, 6], [8, 4, 9, 3], [10, 8, 11, 7], [15, 13, 16, 12], [1, 14, 2, 15], [16, 20, 17, 19], [18, 24, 19, 23], [5, 21, 6, 20], [22, 18, 23, 17], [11, 1, 12, 24]]"
12n_0220_175,"[[11, 1, 12, 24], [13, 2, 14, 3], [4, 10, 5, 9], [21, 7, 22, 6], [8, 4, 9, 3], [10, 8, 11, 7], [15, 13, 16, 12], [1, 14, 2, 15], [16, 20, 17, 19], [18, 24, 19, 23], [5, 21, 6, 20], [22, 18, 23, 17]]"
12n_0220_176,"[[22, 18, 23, 17], [11, 1, 12, 24], [13, 2, 14, 3], [4, 10, 5, 9], [21, 7, 22, 6], [8, 4, 9, 3], [10, 8, 11, 7], [15, 13, 16, 12], [1, 14, 2, 15], [16, 20, 17, 19], [18, 24, 19, 23], [5, 21, 6, 20]]"
12n_0220_177,"[[5, 21, 6, 20], [22, 18, 23, 17], [11, 1, 12, 24], [13, 2, 14, 3], [4, 10, 5, 9], [21, 7, 22, 6], [8, 4, 9, 3], [10, 8, 11, 7], [15, 13, 16, 12], [1, 14, 2, 15], [16, 20, 17, 19], [18, 24, 19, 23]]"
12n_0220_178,"[[18, 24, 19, 23], [5, 21, 6, 20], [22, 18, 23, 17], [11, 1, 12, 24], [13, 2, 14, 3], [4, 10, 5, 9], [21, 7, 22, 6], [8, 4, 9, 3], [10, 8, 11, 7], [15, 13, 16, 12], [1, 14, 2, 15], [16, 20, 17, 19]]"
12n_0220_179,"[[16, 20, 17, 19], [18, 24, 19, 23], [5, 21, 6, 20], [22, 18, 23, 17], [11, 1, 12, 24], [13, 2, 14, 3], [4, 10, 5, 9], [21, 7, 22, 6], [8, 4, 9, 3], [10, 8, 11, 7], [15, 13, 16, 12], [1, 14, 2, 15]]"
12n_0220_180,"[[2, 15, 3, 16], [17, 21, 18, 20], [19, 1, 20, 24], [6, 22, 7, 21], [23, 19, 24, 18], [12, 2, 13, 1], [14, 3, 15, 4], [5, 11, 6, 10], [22, 8, 23, 7], [9, 5, 10, 4], [11, 9, 12, 8], [16, 14, 17, 13]]"
12n_0220_181,"[[16, 14, 17, 13], [2, 15, 3, 16], [17, 21, 18, 20], [19, 1, 20, 24], [6, 22, 7, 21], [23, 19, 24, 18], [12, 2, 13, 1], [14, 3, 15, 4], [5, 11, 6, 10], [22, 8, 23, 7], [9, 5, 10, 4], [11, 9, 12, 8]]"
12n_0220_182,"[[11, 9, 12, 8], [16, 14, 17, 13], [2, 15, 3, 16], [17, 21, 18, 20], [19, 1, 20, 24], [6, 22, 7, 21], [23, 19, 24, 18], [12, 2, 13, 1], [14, 3, 15, 4], [5, 11, 6, 10], [22, 8, 23, 7], [9, 5, 10, 4]]"
12n_0220_183,"[[9, 5, 10, 4], [11, 9, 12, 8], [16, 14, 17, 13], [2, 15, 3, 16], [17, 21, 18, 20], [19, 1, 20, 24], [6, 22, 7, 21], [23, 19, 24, 18], [12, 2, 13, 1], [14, 3, 15, 4], [5, 11, 6, 10], [22, 8, 23, 7]]"
12n_0220_184,"[[22, 8, 23, 7], [9, 5, 10, 4], [11, 9, 12, 8], [16, 14, 17, 13], [2, 15, 3, 16], [17, 21, 18, 20], [19, 1, 20, 24], [6, 22, 7, 21], [23, 19, 24, 18], [12, 2, 13, 1], [14, 3, 15, 4], [5, 11, 6, 10]]"
12n_0220_185,"[[5, 11, 6, 10], [22, 8, 23, 7], [9, 5, 10, 4], [11, 9, 12, 8], [16, 14, 17, 13], [2, 15, 3, 16], [17, 21, 18, 20], [19, 1, 20, 24], [6, 22, 7, 21], [23, 19, 24, 18], [12, 2, 13, 1], [14, 3, 15, 4]]"
