name,pd_notation
12n_0428_0,"[[17, 1, 18, 24], [2, 6, 3, 5], [4, 12, 5, 11], [6, 16, 7, 15], [8, 24, 9, 23], [10, 4, 11, 3], [12, 19, 13, 20], [14, 10, 15, 9], [21, 17, 22, 16], [18, 13, 19, 14], [1, 21, 2, 20], [22, 8, 23, 7]]"
12n_0428_1,"[[22, 8, 23, 7], [17, 1, 18, 24], [2, 6, 3, 5], [4, 12, 5, 11], [6, 16, 7, 15], [8, 24, 9, 23], [10, 4, 11, 3], [12, 19, 13, 20], [14, 10, 15, 9], [21, 17, 22, 16], [18, 13, 19, 14], [1, 21, 2, 20]]"
12n_0428_2,"[[1, 21, 2, 20], [22, 8, 23, 7], [17, 1, 18, 24], [2, 6, 3, 5], [4, 12, 5, 11], [6, 16, 7, 15], [8, 24, 9, 23], [10, 4, 11, 3], [12, 19, 13, 20], [14, 10, 15, 9], [21, 17, 22, 16], [18, 13, 19, 14]]"
12n_0428_3,"[[18, 13, 19, 14], [1, 21, 2, 20], [22, 8, 23, 7], [17, 1, 18, 24], [2, 6, 3, 5], [4, 12, 5, 11], [6, 16, 7, 15], [8, 24, 9, 23], [10, 4, 11, 3], [12, 19, 13, 20], [14, 10, 15, 9], [21, 17, 22, 16]]"
12n_0428_4,"[[21, 17, 22, 16], [18, 13, 19, 14], [1, 21, 2, 20], [22, 8, 23, 7], [17, 1, 18, 24], [2, 6, 3, 5], [4, 12, 5, 11], [6, 16, 7, 15], [8, 24, 9, 23], [10, 4, 11, 3], [12, 19, 13, 20], [14, 10, 15, 9]]"
12n_0428_5,"[[14, 10, 15, 9], [21, 17, 22, 16], [18, 13, 19, 14], [1, 21, 2, 20], [22, 8, 23, 7], [17, 1, 18, 24], [2, 6, 3, 5], [4, 12, 5, 11], [6, 16, 7, 15], [8, 24, 9, 23], [10, 4, 11, 3], [12, 19, 13, 20]]"
12n_0428_6,"[[12, 19, 13, 20], [14, 10, 15, 9], [21, 17, 22, 16], [18, 13, 19, 14], [1, 21, 2, 20], [22, 8, 23, 7], [17, 1, 18, 24], [2, 6, 3, 5], [4, 12, 5, 11], [6, 16, 7, 15], [8, 24, 9, 23], [10, 4, 11, 3]]"
12n_0428_7,"[[10, 4, 11, 3], [12, 19, 13, 20], [14, 10, 15, 9], [21, 17, 22, 16], [18, 13, 19, 14], [1, 21, 2, 20], [22, 8, 23, 7], [17, 1, 18, 24], [2, 6, 3, 5], [4, 12, 5, 11], [6, 16, 7, 15], [8, 24, 9, 23]]"
12n_0428_8,"[[8, 24, 9, 23], [10, 4, 11, 3], [12, 19, 13, 20], [14, 10, 15, 9], [21, 17, 22, 16], [18, 13, 19, 14], [1, 21, 2, 20], [22, 8, 23, 7], [17, 1, 18, 24], [2, 6, 3, 5], [4, 12, 5, 11], [6, 16, 7, 15]]"
12n_0428_9,"[[6, 16, 7, 15], [8, 24, 9, 23], [10, 4, 11, 3], [12, 19, 13, 20], [14, 10, 15, 9], [21, 17, 22, 16], [18, 13, 19, 14], [1, 21, 2, 20], [22, 8, 23, 7], [17, 1, 18, 24], [2, 6, 3, 5], [4, 12, 5, 11]]"
12n_0428_10,"[[4, 12, 5, 11], [6, 16, 7, 15], [8, 24, 9, 23], [10, 4, 11, 3], [12, 19, 13, 20], [14, 10, 15, 9], [21, 17, 22, 16], [18, 13, 19, 14], [1, 21, 2, 20], [22, 8, 23, 7], [17, 1, 18, 24], [2, 6, 3, 5]]"
12n_0428_11,"[[2, 6, 3, 5], [4, 12, 5, 11], [6, 16, 7, 15], [8, 24, 9, 23], [10, 4, 11, 3], [12, 19, 13, 20], [14, 10, 15, 9], [21, 17, 22, 16], [18, 13, 19, 14], [1, 21, 2, 20], [22, 8, 23, 7], [17, 1, 18, 24]]"
12n_0428_12,"[[18, 2, 19, 1], [3, 7, 4, 6], [5, 13, 6, 12], [7, 17, 8, 16], [9, 1, 10, 24], [11, 5, 12, 4], [13, 20, 14, 21], [15, 11, 16, 10], [22, 18, 23, 17], [19, 14, 20, 15], [2, 22, 3, 21], [23, 9, 24, 8]]"
12n_0428_13,"[[23, 9, 24, 8], [18, 2, 19, 1], [3, 7, 4, 6], [5, 13, 6, 12], [7, 17, 8, 16], [9, 1, 10, 24], [11, 5, 12, 4], [13, 20, 14, 21], [15, 11, 16, 10], [22, 18, 23, 17], [19, 14, 20, 15], [2, 22, 3, 21]]"
12n_0428_14,"[[2, 22, 3, 21], [23, 9, 24, 8], [18, 2, 19, 1], [3, 7, 4, 6], [5, 13, 6, 12], [7, 17, 8, 16], [9, 1, 10, 24], [11, 5, 12, 4], [13, 20, 14, 21], [15, 11, 16, 10], [22, 18, 23, 17], [19, 14, 20, 15]]"
12n_0428_15,"[[19, 14, 20, 15], [2, 22, 3, 21], [23, 9, 24, 8], [18, 2, 19, 1], [3, 7, 4, 6], [5, 13, 6, 12], [7, 17, 8, 16], [9, 1, 10, 24], [11, 5, 12, 4], [13, 20, 14, 21], [15, 11, 16, 10], [22, 18, 23, 17]]"
12n_0428_16,"[[22, 18, 23, 17], [19, 14, 20, 15], [2, 22, 3, 21], [23, 9, 24, 8], [18, 2, 19, 1], [3, 7, 4, 6], [5, 13, 6, 12], [7, 17, 8, 16], [9, 1, 10, 24], [11, 5, 12, 4], [13, 20, 14, 21], [15, 11, 16, 10]]"
12n_0428_17,"[[15, 11, 16, 10], [22, 18, 23, 17], [19, 14, 20, 15], [2, 22, 3, 21], [23, 9, 24, 8], [18, 2, 19, 1], [3, 7, 4, 6], [5, 13, 6, 12], [7, 17, 8, 16], [9, 1, 10, 24], [11, 5, 12, 4], [13, 20, 14, 21]]"
12n_0428_18,"[[13, 20, 14, 21], [15, 11, 16, 10], [22, 18, 23, 17], [19, 14, 20, 15], [2, 22, 3, 21], [23, 9, 24, 8], [18, 2, 19, 1], [3, 7, 4, 6], [5, 13, 6, 12], [7, 17, 8, 16], [9, 1, 10, 24], [11, 5, 12, 4]]"
12n_0428_19,"[[11, 5, 12, 4], [13, 20, 14, 21], [15, 11, 16, 10], [22, 18, 23, 17], [19, 14, 20, 15], [2, 22, 3, 21], [23, 9, 24, 8], [18, 2, 19, 1], [3, 7, 4, 6], [5, 13, 6, 12], [7, 17, 8, 16], [9, 1, 10, 24]]"
12n_0428_20,"[[9, 1, 10, 24], [11, 5, 12, 4], [13, 20, 14, 21], [15, 11, 16, 10], [22, 18, 23, 17], [19, 14, 20, 15], [2, 22, 3, 21], [23, 9, 24, 8], [18, 2, 19, 1], [3, 7, 4, 6], [5, 13, 6, 12], [7, 17, 8, 16]]"
12n_0428_21,"[[7, 17, 8, 16], [9, 1, 10, 24], [11, 5, 12, 4], [13, 20, 14, 21], [15, 11, 16, 10], [22, 18, 23, 17], [19, 14, 20, 15], [2, 22, 3, 21], [23, 9, 24, 8], [18, 2, 19, 1], [3, 7, 4, 6], [5, 13, 6, 12]]"
12n_0428_22,"[[5, 13, 6, 12], [7, 17, 8, 16], [9, 1, 10, 24], [11, 5, 12, 4], [13, 20, 14, 21], [15, 11, 16, 10], [22, 18, 23, 17], [19, 14, 20, 15], [2, 22, 3, 21], [23, 9, 24, 8], [18, 2, 19, 1], [3, 7, 4, 6]]"
12n_0428_23,"[[3, 7, 4, 6], [5, 13, 6, 12], [7, 17, 8, 16], [9, 1, 10, 24], [11, 5, 12, 4], [13, 20, 14, 21], [15, 11, 16, 10], [22, 18, 23, 17], [19, 14, 20, 15], [2, 22, 3, 21], [23, 9, 24, 8], [18, 2, 19, 1]]"
12n_0428_24,"[[19, 3, 20, 2], [4, 8, 5, 7], [6, 14, 7, 13], [8, 18, 9, 17], [10, 2, 11, 1], [12, 6, 13, 5], [14, 21, 15, 22], [16, 12, 17, 11], [23, 19, 24, 18], [20, 15, 21, 16], [3, 23, 4, 22], [24, 10, 1, 9]]"
12n_0428_25,"[[24, 10, 1, 9], [19, 3, 20, 2], [4, 8, 5, 7], [6, 14, 7, 13], [8, 18, 9, 17], [10, 2, 11, 1], [12, 6, 13, 5], [14, 21, 15, 22], [16, 12, 17, 11], [23, 19, 24, 18], [20, 15, 21, 16], [3, 23, 4, 22]]"
12n_0428_26,"[[3, 23, 4, 22], [24, 10, 1, 9], [19, 3, 20, 2], [4, 8, 5, 7], [6, 14, 7, 13], [8, 18, 9, 17], [10, 2, 11, 1], [12, 6, 13, 5], [14, 21, 15, 22], [16, 12, 17, 11], [23, 19, 24, 18], [20, 15, 21, 16]]"
12n_0428_27,"[[20, 15, 21, 16], [3, 23, 4, 22], [24, 10, 1, 9], [19, 3, 20, 2], [4, 8, 5, 7], [6, 14, 7, 13], [8, 18, 9, 17], [10, 2, 11, 1], [12, 6, 13, 5], [14, 21, 15, 22], [16, 12, 17, 11], [23, 19, 24, 18]]"
12n_0428_28,"[[23, 19, 24, 18], [20, 15, 21, 16], [3, 23, 4, 22], [24, 10, 1, 9], [19, 3, 20, 2], [4, 8, 5, 7], [6, 14, 7, 13], [8, 18, 9, 17], [10, 2, 11, 1], [12, 6, 13, 5], [14, 21, 15, 22], [16, 12, 17, 11]]"
12n_0428_29,"[[16, 12, 17, 11], [23, 19, 24, 18], [20, 15, 21, 16], [3, 23, 4, 22], [24, 10, 1, 9], [19, 3, 20, 2], [4, 8, 5, 7], [6, 14, 7, 13], [8, 18, 9, 17], [10, 2, 11, 1], [12, 6, 13, 5], [14, 21, 15, 22]]"
12n_0428_30,"[[14, 21, 15, 22], [16, 12, 17, 11], [23, 19, 24, 18], [20, 15, 21, 16], [3, 23, 4, 22], [24, 10, 1, 9], [19, 3, 20, 2], [4, 8, 5, 7], [6, 14, 7, 13], [8, 18, 9, 17], [10, 2, 11, 1], [12, 6, 13, 5]]"
12n_0428_31,"[[12, 6, 13, 5], [14, 21, 15, 22], [16, 12, 17, 11], [23, 19, 24, 18], [20, 15, 21, 16], [3, 23, 4, 22], [24, 10, 1, 9], [19, 3, 20, 2], [4, 8, 5, 7], [6, 14, 7, 13], [8, 18, 9, 17], [10, 2, 11, 1]]"
12n_0428_32,"[[10, 2, 11, 1], [12, 6, 13, 5], [14, 21, 15, 22], [16, 12, 17, 11], [23, 19, 24, 18], [20, 15, 21, 16], [3, 23, 4, 22], [24, 10, 1, 9], [19, 3, 20, 2], [4, 8, 5, 7], [6, 14, 7, 13], [8, 18, 9, 17]]"
12n_0428_33,"[[8, 18, 9, 17], [10, 2, 11, 1], [12, 6, 13, 5], [14, 21, 15, 22], [16, 12, 17, 11], [23, 19, 24, 18], [20, 15, 21, 16], [3, 23, 4, 22], [24, 10, 1, 9], [19, 3, 20, 2], [4, 8, 5, 7], [6, 14, 7, 13]]"
12n_0428_34,"[[6, 14, 7, 13], [8, 18, 9, 17], [10, 2, 11, 1], [12, 6, 13, 5], [14, 21, 15, 22], [16, 12, 17, 11], [23, 19, 24, 18], [20, 15, 21, 16], [3, 23, 4, 22], [24, 10, 1, 9], [19, 3, 20, 2], [4, 8, 5, 7]]"
12n_0428_35,"[[4, 8, 5, 7], [6, 14, 7, 13], [8, 18, 9, 17], [10, 2, 11, 1], [12, 6, 13, 5], [14, 21, 15, 22], [16, 12, 17, 11], [23, 19, 24, 18], [20, 15, 21, 16], [3, 23, 4, 22], [24, 10, 1, 9], [19, 3, 20, 2]]"
12n_0428_36,"[[20, 4, 21, 3], [5, 9, 6, 8], [7, 15, 8, 14], [9, 19, 10, 18], [11, 3, 12, 2], [13, 7, 14, 6], [15, 22, 16, 23], [17, 13, 18, 12], [24, 20, 1, 19], [21, 16, 22, 17], [4, 24, 5, 23], [1, 11, 2, 10]]"
12n_0428_37,"[[1, 11, 2, 10], [20, 4, 21, 3], [5, 9, 6, 8], [7, 15, 8, 14], [9, 19, 10, 18], [11, 3, 12, 2], [13, 7, 14, 6], [15, 22, 16, 23], [17, 13, 18, 12], [24, 20, 1, 19], [21, 16, 22, 17], [4, 24, 5, 23]]"
12n_0428_38,"[[4, 24, 5, 23], [1, 11, 2, 10], [20, 4, 21, 3], [5, 9, 6, 8], [7, 15, 8, 14], [9, 19, 10, 18], [11, 3, 12, 2], [13, 7, 14, 6], [15, 22, 16, 23], [17, 13, 18, 12], [24, 20, 1, 19], [21, 16, 22, 17]]"
12n_0428_39,"[[21, 16, 22, 17], [4, 24, 5, 23], [1, 11, 2, 10], [20, 4, 21, 3], [5, 9, 6, 8], [7, 15, 8, 14], [9, 19, 10, 18], [11, 3, 12, 2], [13, 7, 14, 6], [15, 22, 16, 23], [17, 13, 18, 12], [24, 20, 1, 19]]"
12n_0428_40,"[[24, 20, 1, 19], [21, 16, 22, 17], [4, 24, 5, 23], [1, 11, 2, 10], [20, 4, 21, 3], [5, 9, 6, 8], [7, 15, 8, 14], [9, 19, 10, 18], [11, 3, 12, 2], [13, 7, 14, 6], [15, 22, 16, 23], [17, 13, 18, 12]]"
12n_0428_41,"[[17, 13, 18, 12], [24, 20, 1, 19], [21, 16, 22, 17], [4, 24, 5, 23], [1, 11, 2, 10], [20, 4, 21, 3], [5, 9, 6, 8], [7, 15, 8, 14], [9, 19, 10, 18], [11, 3, 12, 2], [13, 7, 14, 6], [15, 22, 16, 23]]"
12n_0428_42,"[[15, 22, 16, 23], [17, 13, 18, 12], [24, 20, 1, 19], [21, 16, 22, 17], [4, 24, 5, 23], [1, 11, 2, 10], [20, 4, 21, 3], [5, 9, 6, 8], [7, 15, 8, 14], [9, 19, 10, 18], [11, 3, 12, 2], [13, 7, 14, 6]]"
12n_0428_43,"[[13, 7, 14, 6], [15, 22, 16, 23], [17, 13, 18, 12], [24, 20, 1, 19], [21, 16, 22, 17], [4, 24, 5, 23], [1, 11, 2, 10], [20, 4, 21, 3], [5, 9, 6, 8], [7, 15, 8, 14], [9, 19, 10, 18], [11, 3, 12, 2]]"
12n_0428_44,"[[11, 3, 12, 2], [13, 7, 14, 6], [15, 22, 16, 23], [17, 13, 18, 12], [24, 20, 1, 19], [21, 16, 22, 17], [4, 24, 5, 23], [1, 11, 2, 10], [20, 4, 21, 3], [5, 9, 6, 8], [7, 15, 8, 14], [9, 19, 10, 18]]"
12n_0428_45,"[[9, 19, 10, 18], [11, 3, 12, 2], [13, 7, 14, 6], [15, 22, 16, 23], [17, 13, 18, 12], [24, 20, 1, 19], [21, 16, 22, 17], [4, 24, 5, 23], [1, 11, 2, 10], [20, 4, 21, 3], [5, 9, 6, 8], [7, 15, 8, 14]]"
12n_0428_46,"[[7, 15, 8, 14], [9, 19, 10, 18], [11, 3, 12, 2], [13, 7, 14, 6], [15, 22, 16, 23], [17, 13, 18, 12], [24, 20, 1, 19], [21, 16, 22, 17], [4, 24, 5, 23], [1, 11, 2, 10], [20, 4, 21, 3], [5, 9, 6, 8]]"
12n_0428_47,"[[5, 9, 6, 8], [7, 15, 8, 14], [9, 19, 10, 18], [11, 3, 12, 2], [13, 7, 14, 6], [15, 22, 16, 23], [17, 13, 18, 12], [24, 20, 1, 19], [21, 16, 22, 17], [4, 24, 5, 23], [1, 11, 2, 10], [20, 4, 21, 3]]"
12n_0428_48,"[[21, 5, 22, 4], [6, 10, 7, 9], [8, 16, 9, 15], [10, 20, 11, 19], [12, 4, 13, 3], [14, 8, 15, 7], [16, 23, 17, 24], [18, 14, 19, 13], [1, 21, 2, 20], [22, 17, 23, 18], [5, 1, 6, 24], [2, 12, 3, 11]]"
12n_0428_49,"[[2, 12, 3, 11], [21, 5, 22, 4], [6, 10, 7, 9], [8, 16, 9, 15], [10, 20, 11, 19], [12, 4, 13, 3], [14, 8, 15, 7], [16, 23, 17, 24], [18, 14, 19, 13], [1, 21, 2, 20], [22, 17, 23, 18], [5, 1, 6, 24]]"
12n_0428_50,"[[5, 1, 6, 24], [2, 12, 3, 11], [21, 5, 22, 4], [6, 10, 7, 9], [8, 16, 9, 15], [10, 20, 11, 19], [12, 4, 13, 3], [14, 8, 15, 7], [16, 23, 17, 24], [18, 14, 19, 13], [1, 21, 2, 20], [22, 17, 23, 18]]"
12n_0428_51,"[[22, 17, 23, 18], [5, 1, 6, 24], [2, 12, 3, 11], [21, 5, 22, 4], [6, 10, 7, 9], [8, 16, 9, 15], [10, 20, 11, 19], [12, 4, 13, 3], [14, 8, 15, 7], [16, 23, 17, 24], [18, 14, 19, 13], [1, 21, 2, 20]]"
12n_0428_52,"[[1, 21, 2, 20], [22, 17, 23, 18], [5, 1, 6, 24], [2, 12, 3, 11], [21, 5, 22, 4], [6, 10, 7, 9], [8, 16, 9, 15], [10, 20, 11, 19], [12, 4, 13, 3], [14, 8, 15, 7], [16, 23, 17, 24], [18, 14, 19, 13]]"
12n_0428_53,"[[18, 14, 19, 13], [1, 21, 2, 20], [22, 17, 23, 18], [5, 1, 6, 24], [2, 12, 3, 11], [21, 5, 22, 4], [6, 10, 7, 9], [8, 16, 9, 15], [10, 20, 11, 19], [12, 4, 13, 3], [14, 8, 15, 7], [16, 23, 17, 24]]"
12n_0428_54,"[[16, 23, 17, 24], [18, 14, 19, 13], [1, 21, 2, 20], [22, 17, 23, 18], [5, 1, 6, 24], [2, 12, 3, 11], [21, 5, 22, 4], [6, 10, 7, 9], [8, 16, 9, 15], [10, 20, 11, 19], [12, 4, 13, 3], [14, 8, 15, 7]]"
12n_0428_55,"[[14, 8, 15, 7], [16, 23, 17, 24], [18, 14, 19, 13], [1, 21, 2, 20], [22, 17, 23, 18], [5, 1, 6, 24], [2, 12, 3, 11], [21, 5, 22, 4], [6, 10, 7, 9], [8, 16, 9, 15], [10, 20, 11, 19], [12, 4, 13, 3]]"
12n_0428_56,"[[12, 4, 13, 3], [14, 8, 15, 7], [16, 23, 17, 24], [18, 14, 19, 13], [1, 21, 2, 20], [22, 17, 23, 18], [5, 1, 6, 24], [2, 12, 3, 11], [21, 5, 22, 4], [6, 10, 7, 9], [8, 16, 9, 15], [10, 20, 11, 19]]"
12n_0428_57,"[[10, 20, 11, 19], [12, 4, 13, 3], [14, 8, 15, 7], [16, 23, 17, 24], [18, 14, 19, 13], [1, 21, 2, 20], [22, 17, 23, 18], [5, 1, 6, 24], [2, 12, 3, 11], [21, 5, 22, 4], [6, 10, 7, 9], [8, 16, 9, 15]]"
12n_0428_58,"[[8, 16, 9, 15], [10, 20, 11, 19], [12, 4, 13, 3], [14, 8, 15, 7], [16, 23, 17, 24], [18, 14, 19, 13], [1, 21, 2, 20], [22, 17, 23, 18], [5, 1, 6, 24], [2, 12, 3, 11], [21, 5, 22, 4], [6, 10, 7, 9]]"
12n_0428_59,"[[6, 10, 7, 9], [8, 16, 9, 15], [10, 20, 11, 19], [12, 4, 13, 3], [14, 8, 15, 7], [16, 23, 17, 24], [18, 14, 19, 13], [1, 21, 2, 20], [22, 17, 23, 18], [5, 1, 6, 24], [2, 12, 3, 11], [21, 5, 22, 4]]"
12n_0428_60,"[[22, 6, 23, 5], [7, 11, 8, 10], [9, 17, 10, 16], [11, 21, 12, 20], [13, 5, 14, 4], [15, 9, 16, 8], [17, 24, 18, 1], [19, 15, 20, 14], [2, 22, 3, 21], [23, 18, 24, 19], [6, 2, 7, 1], [3, 13, 4, 12]]"
12n_0428_61,"[[3, 13, 4, 12], [22, 6, 23, 5], [7, 11, 8, 10], [9, 17, 10, 16], [11, 21, 12, 20], [13, 5, 14, 4], [15, 9, 16, 8], [17, 24, 18, 1], [19, 15, 20, 14], [2, 22, 3, 21], [23, 18, 24, 19], [6, 2, 7, 1]]"
12n_0428_62,"[[6, 2, 7, 1], [3, 13, 4, 12], [22, 6, 23, 5], [7, 11, 8, 10], [9, 17, 10, 16], [11, 21, 12, 20], [13, 5, 14, 4], [15, 9, 16, 8], [17, 24, 18, 1], [19, 15, 20, 14], [2, 22, 3, 21], [23, 18, 24, 19]]"
12n_0428_63,"[[23, 18, 24, 19], [6, 2, 7, 1], [3, 13, 4, 12], [22, 6, 23, 5], [7, 11, 8, 10], [9, 17, 10, 16], [11, 21, 12, 20], [13, 5, 14, 4], [15, 9, 16, 8], [17, 24, 18, 1], [19, 15, 20, 14], [2, 22, 3, 21]]"
12n_0428_64,"[[2, 22, 3, 21], [23, 18, 24, 19], [6, 2, 7, 1], [3, 13, 4, 12], [22, 6, 23, 5], [7, 11, 8, 10], [9, 17, 10, 16], [11, 21, 12, 20], [13, 5, 14, 4], [15, 9, 16, 8], [17, 24, 18, 1], [19, 15, 20, 14]]"
12n_0428_65,"[[19, 15, 20, 14], [2, 22, 3, 21], [23, 18, 24, 19], [6, 2, 7, 1], [3, 13, 4, 12], [22, 6, 23, 5], [7, 11, 8, 10], [9, 17, 10, 16], [11, 21, 12, 20], [13, 5, 14, 4], [15, 9, 16, 8], [17, 24, 18, 1]]"
12n_0428_66,"[[17, 24, 18, 1], [19, 15, 20, 14], [2, 22, 3, 21], [23, 18, 24, 19], [6, 2, 7, 1], [3, 13, 4, 12], [22, 6, 23, 5], [7, 11, 8, 10], [9, 17, 10, 16], [11, 21, 12, 20], [13, 5, 14, 4], [15, 9, 16, 8]]"
12n_0428_67,"[[15, 9, 16, 8], [17, 24, 18, 1], [19, 15, 20, 14], [2, 22, 3, 21], [23, 18, 24, 19], [6, 2, 7, 1], [3, 13, 4, 12], [22, 6, 23, 5], [7, 11, 8, 10], [9, 17, 10, 16], [11, 21, 12, 20], [13, 5, 14, 4]]"
12n_0428_68,"[[13, 5, 14, 4], [15, 9, 16, 8], [17, 24, 18, 1], [19, 15, 20, 14], [2, 22, 3, 21], [23, 18, 24, 19], [6, 2, 7, 1], [3, 13, 4, 12], [22, 6, 23, 5], [7, 11, 8, 10], [9, 17, 10, 16], [11, 21, 12, 20]]"
12n_0428_69,"[[11, 21, 12, 20], [13, 5, 14, 4], [15, 9, 16, 8], [17, 24, 18, 1], [19, 15, 20, 14], [2, 22, 3, 21], [23, 18, 24, 19], [6, 2, 7, 1], [3, 13, 4, 12], [22, 6, 23, 5], [7, 11, 8, 10], [9, 17, 10, 16]]"
12n_0428_70,"[[9, 17, 10, 16], [11, 21, 12, 20], [13, 5, 14, 4], [15, 9, 16, 8], [17, 24, 18, 1], [19, 15, 20, 14], [2, 22, 3, 21], [23, 18, 24, 19], [6, 2, 7, 1], [3, 13, 4, 12], [22, 6, 23, 5], [7, 11, 8, 10]]"
12n_0428_71,"[[7, 11, 8, 10], [9, 17, 10, 16], [11, 21, 12, 20], [13, 5, 14, 4], [15, 9, 16, 8], [17, 24, 18, 1], [19, 15, 20, 14], [2, 22, 3, 21], [23, 18, 24, 19], [6, 2, 7, 1], [3, 13, 4, 12], [22, 6, 23, 5]]"
12n_0428_72,"[[23, 7, 24, 6], [8, 12, 9, 11], [10, 18, 11, 17], [12, 22, 13, 21], [14, 6, 15, 5], [16, 10, 17, 9], [18, 1, 19, 2], [20, 16, 21, 15], [3, 23, 4, 22], [24, 19, 1, 20], [7, 3, 8, 2], [4, 14, 5, 13]]"
12n_0428_73,"[[4, 14, 5, 13], [23, 7, 24, 6], [8, 12, 9, 11], [10, 18, 11, 17], [12, 22, 13, 21], [14, 6, 15, 5], [16, 10, 17, 9], [18, 1, 19, 2], [20, 16, 21, 15], [3, 23, 4, 22], [24, 19, 1, 20], [7, 3, 8, 2]]"
12n_0428_74,"[[7, 3, 8, 2], [4, 14, 5, 13], [23, 7, 24, 6], [8, 12, 9, 11], [10, 18, 11, 17], [12, 22, 13, 21], [14, 6, 15, 5], [16, 10, 17, 9], [18, 1, 19, 2], [20, 16, 21, 15], [3, 23, 4, 22], [24, 19, 1, 20]]"
12n_0428_75,"[[24, 19, 1, 20], [7, 3, 8, 2], [4, 14, 5, 13], [23, 7, 24, 6], [8, 12, 9, 11], [10, 18, 11, 17], [12, 22, 13, 21], [14, 6, 15, 5], [16, 10, 17, 9], [18, 1, 19, 2], [20, 16, 21, 15], [3, 23, 4, 22]]"
12n_0428_76,"[[3, 23, 4, 22], [24, 19, 1, 20], [7, 3, 8, 2], [4, 14, 5, 13], [23, 7, 24, 6], [8, 12, 9, 11], [10, 18, 11, 17], [12, 22, 13, 21], [14, 6, 15, 5], [16, 10, 17, 9], [18, 1, 19, 2], [20, 16, 21, 15]]"
12n_0428_77,"[[20, 16, 21, 15], [3, 23, 4, 22], [24, 19, 1, 20], [7, 3, 8, 2], [4, 14, 5, 13], [23, 7, 24, 6], [8, 12, 9, 11], [10, 18, 11, 17], [12, 22, 13, 21], [14, 6, 15, 5], [16, 10, 17, 9], [18, 1, 19, 2]]"
12n_0428_78,"[[18, 1, 19, 2], [20, 16, 21, 15], [3, 23, 4, 22], [24, 19, 1, 20], [7, 3, 8, 2], [4, 14, 5, 13], [23, 7, 24, 6], [8, 12, 9, 11], [10, 18, 11, 17], [12, 22, 13, 21], [14, 6, 15, 5], [16, 10, 17, 9]]"
12n_0428_79,"[[16, 10, 17, 9], [18, 1, 19, 2], [20, 16, 21, 15], [3, 23, 4, 22], [24, 19, 1, 20], [7, 3, 8, 2], [4, 14, 5, 13], [23, 7, 24, 6], [8, 12, 9, 11], [10, 18, 11, 17], [12, 22, 13, 21], [14, 6, 15, 5]]"
12n_0428_80,"[[14, 6, 15, 5], [16, 10, 17, 9], [18, 1, 19, 2], [20, 16, 21, 15], [3, 23, 4, 22], [24, 19, 1, 20], [7, 3, 8, 2], [4, 14, 5, 13], [23, 7, 24, 6], [8, 12, 9, 11], [10, 18, 11, 17], [12, 22, 13, 21]]"
12n_0428_81,"[[12, 22, 13, 21], [14, 6, 15, 5], [16, 10, 17, 9], [18, 1, 19, 2], [20, 16, 21, 15], [3, 23, 4, 22], [24, 19, 1, 20], [7, 3, 8, 2], [4, 14, 5, 13], [23, 7, 24, 6], [8, 12, 9, 11], [10, 18, 11, 17]]"
12n_0428_82,"[[10, 18, 11, 17], [12, 22, 13, 21], [14, 6, 15, 5], [16, 10, 17, 9], [18, 1, 19, 2], [20, 16, 21, 15], [3, 23, 4, 22], [24, 19, 1, 20], [7, 3, 8, 2], [4, 14, 5, 13], [23, 7, 24, 6], [8, 12, 9, 11]]"
12n_0428_83,"[[8, 12, 9, 11], [10, 18, 11, 17], [12, 22, 13, 21], [14, 6, 15, 5], [16, 10, 17, 9], [18, 1, 19, 2], [20, 16, 21, 15], [3, 23, 4, 22], [24, 19, 1, 20], [7, 3, 8, 2], [4, 14, 5, 13], [23, 7, 24, 6]]"
12n_0428_84,"[[24, 8, 1, 7], [9, 13, 10, 12], [11, 19, 12, 18], [13, 23, 14, 22], [15, 7, 16, 6], [17, 11, 18, 10], [19, 2, 20, 3], [21, 17, 22, 16], [4, 24, 5, 23], [1, 20, 2, 21], [8, 4, 9, 3], [5, 15, 6, 14]]"
12n_0428_85,"[[5, 15, 6, 14], [24, 8, 1, 7], [9, 13, 10, 12], [11, 19, 12, 18], [13, 23, 14, 22], [15, 7, 16, 6], [17, 11, 18, 10], [19, 2, 20, 3], [21, 17, 22, 16], [4, 24, 5, 23], [1, 20, 2, 21], [8, 4, 9, 3]]"
12n_0428_86,"[[8, 4, 9, 3], [5, 15, 6, 14], [24, 8, 1, 7], [9, 13, 10, 12], [11, 19, 12, 18], [13, 23, 14, 22], [15, 7, 16, 6], [17, 11, 18, 10], [19, 2, 20, 3], [21, 17, 22, 16], [4, 24, 5, 23], [1, 20, 2, 21]]"
12n_0428_87,"[[1, 20, 2, 21], [8, 4, 9, 3], [5, 15, 6, 14], [24, 8, 1, 7], [9, 13, 10, 12], [11, 19, 12, 18], [13, 23, 14, 22], [15, 7, 16, 6], [17, 11, 18, 10], [19, 2, 20, 3], [21, 17, 22, 16], [4, 24, 5, 23]]"
12n_0428_88,"[[4, 24, 5, 23], [1, 20, 2, 21], [8, 4, 9, 3], [5, 15, 6, 14], [24, 8, 1, 7], [9, 13, 10, 12], [11, 19, 12, 18], [13, 23, 14, 22], [15, 7, 16, 6], [17, 11, 18, 10], [19, 2, 20, 3], [21, 17, 22, 16]]"
12n_0428_89,"[[21, 17, 22, 16], [4, 24, 5, 23], [1, 20, 2, 21], [8, 4, 9, 3], [5, 15, 6, 14], [24, 8, 1, 7], [9, 13, 10, 12], [11, 19, 12, 18], [13, 23, 14, 22], [15, 7, 16, 6], [17, 11, 18, 10], [19, 2, 20, 3]]"
12n_0428_90,"[[19, 2, 20, 3], [21, 17, 22, 16], [4, 24, 5, 23], [1, 20, 2, 21], [8, 4, 9, 3], [5, 15, 6, 14], [24, 8, 1, 7], [9, 13, 10, 12], [11, 19, 12, 18], [13, 23, 14, 22], [15, 7, 16, 6], [17, 11, 18, 10]]"
12n_0428_91,"[[17, 11, 18, 10], [19, 2, 20, 3], [21, 17, 22, 16], [4, 24, 5, 23], [1, 20, 2, 21], [8, 4, 9, 3], [5, 15, 6, 14], [24, 8, 1, 7], [9, 13, 10, 12], [11, 19, 12, 18], [13, 23, 14, 22], [15, 7, 16, 6]]"
12n_0428_92,"[[15, 7, 16, 6], [17, 11, 18, 10], [19, 2, 20, 3], [21, 17, 22, 16], [4, 24, 5, 23], [1, 20, 2, 21], [8, 4, 9, 3], [5, 15, 6, 14], [24, 8, 1, 7], [9, 13, 10, 12], [11, 19, 12, 18], [13, 23, 14, 22]]"
12n_0428_93,"[[13, 23, 14, 22], [15, 7, 16, 6], [17, 11, 18, 10], [19, 2, 20, 3], [21, 17, 22, 16], [4, 24, 5, 23], [1, 20, 2, 21], [8, 4, 9, 3], [5, 15, 6, 14], [24, 8, 1, 7], [9, 13, 10, 12], [11, 19, 12, 18]]"
12n_0428_94,"[[11, 19, 12, 18], [13, 23, 14, 22], [15, 7, 16, 6], [17, 11, 18, 10], [19, 2, 20, 3], [21, 17, 22, 16], [4, 24, 5, 23], [1, 20, 2, 21], [8, 4, 9, 3], [5, 15, 6, 14], [24, 8, 1, 7], [9, 13, 10, 12]]"
12n_0428_95,"[[9, 13, 10, 12], [11, 19, 12, 18], [13, 23, 14, 22], [15, 7, 16, 6], [17, 11, 18, 10], [19, 2, 20, 3], [21, 17, 22, 16], [4, 24, 5, 23], [1, 20, 2, 21], [8, 4, 9, 3], [5, 15, 6, 14], [24, 8, 1, 7]]"
12n_0428_96,"[[1, 9, 2, 8], [10, 14, 11, 13], [12, 20, 13, 19], [14, 24, 15, 23], [16, 8, 17, 7], [18, 12, 19, 11], [20, 3, 21, 4], [22, 18, 23, 17], [5, 1, 6, 24], [2, 21, 3, 22], [9, 5, 10, 4], [6, 16, 7, 15]]"
12n_0428_97,"[[6, 16, 7, 15], [1, 9, 2, 8], [10, 14, 11, 13], [12, 20, 13, 19], [14, 24, 15, 23], [16, 8, 17, 7], [18, 12, 19, 11], [20, 3, 21, 4], [22, 18, 23, 17], [5, 1, 6, 24], [2, 21, 3, 22], [9, 5, 10, 4]]"
12n_0428_98,"[[9, 5, 10, 4], [6, 16, 7, 15], [1, 9, 2, 8], [10, 14, 11, 13], [12, 20, 13, 19], [14, 24, 15, 23], [16, 8, 17, 7], [18, 12, 19, 11], [20, 3, 21, 4], [22, 18, 23, 17], [5, 1, 6, 24], [2, 21, 3, 22]]"
12n_0428_99,"[[2, 21, 3, 22], [9, 5, 10, 4], [6, 16, 7, 15], [1, 9, 2, 8], [10, 14, 11, 13], [12, 20, 13, 19], [14, 24, 15, 23], [16, 8, 17, 7], [18, 12, 19, 11], [20, 3, 21, 4], [22, 18, 23, 17], [5, 1, 6, 24]]"
12n_0428_100,"[[5, 1, 6, 24], [2, 21, 3, 22], [9, 5, 10, 4], [6, 16, 7, 15], [1, 9, 2, 8], [10, 14, 11, 13], [12, 20, 13, 19], [14, 24, 15, 23], [16, 8, 17, 7], [18, 12, 19, 11], [20, 3, 21, 4], [22, 18, 23, 17]]"
12n_0428_101,"[[22, 18, 23, 17], [5, 1, 6, 24], [2, 21, 3, 22], [9, 5, 10, 4], [6, 16, 7, 15], [1, 9, 2, 8], [10, 14, 11, 13], [12, 20, 13, 19], [14, 24, 15, 23], [16, 8, 17, 7], [18, 12, 19, 11], [20, 3, 21, 4]]"
12n_0428_102,"[[20, 3, 21, 4], [22, 18, 23, 17], [5, 1, 6, 24], [2, 21, 3, 22], [9, 5, 10, 4], [6, 16, 7, 15], [1, 9, 2, 8], [10, 14, 11, 13], [12, 20, 13, 19], [14, 24, 15, 23], [16, 8, 17, 7], [18, 12, 19, 11]]"
12n_0428_103,"[[18, 12, 19, 11], [20, 3, 21, 4], [22, 18, 23, 17], [5, 1, 6, 24], [2, 21, 3, 22], [9, 5, 10, 4], [6, 16, 7, 15], [1, 9, 2, 8], [10, 14, 11, 13], [12, 20, 13, 19], [14, 24, 15, 23], [16, 8, 17, 7]]"
12n_0428_104,"[[16, 8, 17, 7], [18, 12, 19, 11], [20, 3, 21, 4], [22, 18, 23, 17], [5, 1, 6, 24], [2, 21, 3, 22], [9, 5, 10, 4], [6, 16, 7, 15], [1, 9, 2, 8], [10, 14, 11, 13], [12, 20, 13, 19], [14, 24, 15, 23]]"
12n_0428_105,"[[14, 24, 15, 23], [16, 8, 17, 7], [18, 12, 19, 11], [20, 3, 21, 4], [22, 18, 23, 17], [5, 1, 6, 24], [2, 21, 3, 22], [9, 5, 10, 4], [6, 16, 7, 15], [1, 9, 2, 8], [10, 14, 11, 13], [12, 20, 13, 19]]"
12n_0428_106,"[[12, 20, 13, 19], [14, 24, 15, 23], [16, 8, 17, 7], [18, 12, 19, 11], [20, 3, 21, 4], [22, 18, 23, 17], [5, 1, 6, 24], [2, 21, 3, 22], [9, 5, 10, 4], [6, 16, 7, 15], [1, 9, 2, 8], [10, 14, 11, 13]]"
12n_0428_107,"[[10, 14, 11, 13], [12, 20, 13, 19], [14, 24, 15, 23], [16, 8, 17, 7], [18, 12, 19, 11], [20, 3, 21, 4], [22, 18, 23, 17], [5, 1, 6, 24], [2, 21, 3, 22], [9, 5, 10, 4], [6, 16, 7, 15], [1, 9, 2, 8]]"
12n_0428_108,"[[2, 10, 3, 9], [11, 15, 12, 14], [13, 21, 14, 20], [15, 1, 16, 24], [17, 9, 18, 8], [19, 13, 20, 12], [21, 4, 22, 5], [23, 19, 24, 18], [6, 2, 7, 1], [3, 22, 4, 23], [10, 6, 11, 5], [7, 17, 8, 16]]"
12n_0428_109,"[[7, 17, 8, 16], [2, 10, 3, 9], [11, 15, 12, 14], [13, 21, 14, 20], [15, 1, 16, 24], [17, 9, 18, 8], [19, 13, 20, 12], [21, 4, 22, 5], [23, 19, 24, 18], [6, 2, 7, 1], [3, 22, 4, 23], [10, 6, 11, 5]]"
12n_0428_110,"[[10, 6, 11, 5], [7, 17, 8, 16], [2, 10, 3, 9], [11, 15, 12, 14], [13, 21, 14, 20], [15, 1, 16, 24], [17, 9, 18, 8], [19, 13, 20, 12], [21, 4, 22, 5], [23, 19, 24, 18], [6, 2, 7, 1], [3, 22, 4, 23]]"
12n_0428_111,"[[3, 22, 4, 23], [10, 6, 11, 5], [7, 17, 8, 16], [2, 10, 3, 9], [11, 15, 12, 14], [13, 21, 14, 20], [15, 1, 16, 24], [17, 9, 18, 8], [19, 13, 20, 12], [21, 4, 22, 5], [23, 19, 24, 18], [6, 2, 7, 1]]"
12n_0428_112,"[[6, 2, 7, 1], [3, 22, 4, 23], [10, 6, 11, 5], [7, 17, 8, 16], [2, 10, 3, 9], [11, 15, 12, 14], [13, 21, 14, 20], [15, 1, 16, 24], [17, 9, 18, 8], [19, 13, 20, 12], [21, 4, 22, 5], [23, 19, 24, 18]]"
12n_0428_113,"[[23, 19, 24, 18], [6, 2, 7, 1], [3, 22, 4, 23], [10, 6, 11, 5], [7, 17, 8, 16], [2, 10, 3, 9], [11, 15, 12, 14], [13, 21, 14, 20], [15, 1, 16, 24], [17, 9, 18, 8], [19, 13, 20, 12], [21, 4, 22, 5]]"
12n_0428_114,"[[21, 4, 22, 5], [23, 19, 24, 18], [6, 2, 7, 1], [3, 22, 4, 23], [10, 6, 11, 5], [7, 17, 8, 16], [2, 10, 3, 9], [11, 15, 12, 14], [13, 21, 14, 20], [15, 1, 16, 24], [17, 9, 18, 8], [19, 13, 20, 12]]"
12n_0428_115,"[[19, 13, 20, 12], [21, 4, 22, 5], [23, 19, 24, 18], [6, 2, 7, 1], [3, 22, 4, 23], [10, 6, 11, 5], [7, 17, 8, 16], [2, 10, 3, 9], [11, 15, 12, 14], [13, 21, 14, 20], [15, 1, 16, 24], [17, 9, 18, 8]]"
12n_0428_116,"[[17, 9, 18, 8], [19, 13, 20, 12], [21, 4, 22, 5], [23, 19, 24, 18], [6, 2, 7, 1], [3, 22, 4, 23], [10, 6, 11, 5], [7, 17, 8, 16], [2, 10, 3, 9], [11, 15, 12, 14], [13, 21, 14, 20], [15, 1, 16, 24]]"
12n_0428_117,"[[15, 1, 16, 24], [17, 9, 18, 8], [19, 13, 20, 12], [21, 4, 22, 5], [23, 19, 24, 18], [6, 2, 7, 1], [3, 22, 4, 23], [10, 6, 11, 5], [7, 17, 8, 16], [2, 10, 3, 9], [11, 15, 12, 14], [13, 21, 14, 20]]"
12n_0428_118,"[[13, 21, 14, 20], [15, 1, 16, 24], [17, 9, 18, 8], [19, 13, 20, 12], [21, 4, 22, 5], [23, 19, 24, 18], [6, 2, 7, 1], [3, 22, 4, 23], [10, 6, 11, 5], [7, 17, 8, 16], [2, 10, 3, 9], [11, 15, 12, 14]]"
12n_0428_119,"[[11, 15, 12, 14], [13, 21, 14, 20], [15, 1, 16, 24], [17, 9, 18, 8], [19, 13, 20, 12], [21, 4, 22, 5], [23, 19, 24, 18], [6, 2, 7, 1], [3, 22, 4, 23], [10, 6, 11, 5], [7, 17, 8, 16], [2, 10, 3, 9]]"
12n_0428_120,"[[3, 11, 4, 10], [12, 16, 13, 15], [14, 22, 15, 21], [16, 2, 17, 1], [18, 10, 19, 9], [20, 14, 21, 13], [22, 5, 23, 6], [24, 20, 1, 19], [7, 3, 8, 2], [4, 23, 5, 24], [11, 7, 12, 6], [8, 18, 9, 17]]"
12n_0428_121,"[[8, 18, 9, 17], [3, 11, 4, 10], [12, 16, 13, 15], [14, 22, 15, 21], [16, 2, 17, 1], [18, 10, 19, 9], [20, 14, 21, 13], [22, 5, 23, 6], [24, 20, 1, 19], [7, 3, 8, 2], [4, 23, 5, 24], [11, 7, 12, 6]]"
12n_0428_122,"[[11, 7, 12, 6], [8, 18, 9, 17], [3, 11, 4, 10], [12, 16, 13, 15], [14, 22, 15, 21], [16, 2, 17, 1], [18, 10, 19, 9], [20, 14, 21, 13], [22, 5, 23, 6], [24, 20, 1, 19], [7, 3, 8, 2], [4, 23, 5, 24]]"
12n_0428_123,"[[4, 23, 5, 24], [11, 7, 12, 6], [8, 18, 9, 17], [3, 11, 4, 10], [12, 16, 13, 15], [14, 22, 15, 21], [16, 2, 17, 1], [18, 10, 19, 9], [20, 14, 21, 13], [22, 5, 23, 6], [24, 20, 1, 19], [7, 3, 8, 2]]"
12n_0428_124,"[[7, 3, 8, 2], [4, 23, 5, 24], [11, 7, 12, 6], [8, 18, 9, 17], [3, 11, 4, 10], [12, 16, 13, 15], [14, 22, 15, 21], [16, 2, 17, 1], [18, 10, 19, 9], [20, 14, 21, 13], [22, 5, 23, 6], [24, 20, 1, 19]]"
12n_0428_125,"[[24, 20, 1, 19], [7, 3, 8, 2], [4, 23, 5, 24], [11, 7, 12, 6], [8, 18, 9, 17], [3, 11, 4, 10], [12, 16, 13, 15], [14, 22, 15, 21], [16, 2, 17, 1], [18, 10, 19, 9], [20, 14, 21, 13], [22, 5, 23, 6]]"
12n_0428_126,"[[22, 5, 23, 6], [24, 20, 1, 19], [7, 3, 8, 2], [4, 23, 5, 24], [11, 7, 12, 6], [8, 18, 9, 17], [3, 11, 4, 10], [12, 16, 13, 15], [14, 22, 15, 21], [16, 2, 17, 1], [18, 10, 19, 9], [20, 14, 21, 13]]"
12n_0428_127,"[[20, 14, 21, 13], [22, 5, 23, 6], [24, 20, 1, 19], [7, 3, 8, 2], [4, 23, 5, 24], [11, 7, 12, 6], [8, 18, 9, 17], [3, 11, 4, 10], [12, 16, 13, 15], [14, 22, 15, 21], [16, 2, 17, 1], [18, 10, 19, 9]]"
12n_0428_128,"[[18, 10, 19, 9], [20, 14, 21, 13], [22, 5, 23, 6], [24, 20, 1, 19], [7, 3, 8, 2], [4, 23, 5, 24], [11, 7, 12, 6], [8, 18, 9, 17], [3, 11, 4, 10], [12, 16, 13, 15], [14, 22, 15, 21], [16, 2, 17, 1]]"
12n_0428_129,"[[16, 2, 17, 1], [18, 10, 19, 9], [20, 14, 21, 13], [22, 5, 23, 6], [24, 20, 1, 19], [7, 3, 8, 2], [4, 23, 5, 24], [11, 7, 12, 6], [8, 18, 9, 17], [3, 11, 4, 10], [12, 16, 13, 15], [14, 22, 15, 21]]"
12n_0428_130,"[[14, 22, 15, 21], [16, 2, 17, 1], [18, 10, 19, 9], [20, 14, 21, 13], [22, 5, 23, 6], [24, 20, 1, 19], [7, 3, 8, 2], [4, 23, 5, 24], [11, 7, 12, 6], [8, 18, 9, 17], [3, 11, 4, 10], [12, 16, 13, 15]]"
12n_0428_131,"[[12, 16, 13, 15], [14, 22, 15, 21], [16, 2, 17, 1], [18, 10, 19, 9], [20, 14, 21, 13], [22, 5, 23, 6], [24, 20, 1, 19], [7, 3, 8, 2], [4, 23, 5, 24], [11, 7, 12, 6], [8, 18, 9, 17], [3, 11, 4, 10]]"
12n_0428_132,"[[4, 12, 5, 11], [13, 17, 14, 16], [15, 23, 16, 22], [17, 3, 18, 2], [19, 11, 20, 10], [21, 15, 22, 14], [23, 6, 24, 7], [1, 21, 2, 20], [8, 4, 9, 3], [5, 24, 6, 1], [12, 8, 13, 7], [9, 19, 10, 18]]"
12n_0428_133,"[[9, 19, 10, 18], [4, 12, 5, 11], [13, 17, 14, 16], [15, 23, 16, 22], [17, 3, 18, 2], [19, 11, 20, 10], [21, 15, 22, 14], [23, 6, 24, 7], [1, 21, 2, 20], [8, 4, 9, 3], [5, 24, 6, 1], [12, 8, 13, 7]]"
12n_0428_134,"[[12, 8, 13, 7], [9, 19, 10, 18], [4, 12, 5, 11], [13, 17, 14, 16], [15, 23, 16, 22], [17, 3, 18, 2], [19, 11, 20, 10], [21, 15, 22, 14], [23, 6, 24, 7], [1, 21, 2, 20], [8, 4, 9, 3], [5, 24, 6, 1]]"
12n_0428_135,"[[5, 24, 6, 1], [12, 8, 13, 7], [9, 19, 10, 18], [4, 12, 5, 11], [13, 17, 14, 16], [15, 23, 16, 22], [17, 3, 18, 2], [19, 11, 20, 10], [21, 15, 22, 14], [23, 6, 24, 7], [1, 21, 2, 20], [8, 4, 9, 3]]"
12n_0428_136,"[[8, 4, 9, 3], [5, 24, 6, 1], [12, 8, 13, 7], [9, 19, 10, 18], [4, 12, 5, 11], [13, 17, 14, 16], [15, 23, 16, 22], [17, 3, 18, 2], [19, 11, 20, 10], [21, 15, 22, 14], [23, 6, 24, 7], [1, 21, 2, 20]]"
12n_0428_137,"[[1, 21, 2, 20], [8, 4, 9, 3], [5, 24, 6, 1], [12, 8, 13, 7], [9, 19, 10, 18], [4, 12, 5, 11], [13, 17, 14, 16], [15, 23, 16, 22], [17, 3, 18, 2], [19, 11, 20, 10], [21, 15, 22, 14], [23, 6, 24, 7]]"
12n_0428_138,"[[23, 6, 24, 7], [1, 21, 2, 20], [8, 4, 9, 3], [5, 24, 6, 1], [12, 8, 13, 7], [9, 19, 10, 18], [4, 12, 5, 11], [13, 17, 14, 16], [15, 23, 16, 22], [17, 3, 18, 2], [19, 11, 20, 10], [21, 15, 22, 14]]"
12n_0428_139,"[[21, 15, 22, 14], [23, 6, 24, 7], [1, 21, 2, 20], [8, 4, 9, 3], [5, 24, 6, 1], [12, 8, 13, 7], [9, 19, 10, 18], [4, 12, 5, 11], [13, 17, 14, 16], [15, 23, 16, 22], [17, 3, 18, 2], [19, 11, 20, 10]]"
12n_0428_140,"[[19, 11, 20, 10], [21, 15, 22, 14], [23, 6, 24, 7], [1, 21, 2, 20], [8, 4, 9, 3], [5, 24, 6, 1], [12, 8, 13, 7], [9, 19, 10, 18], [4, 12, 5, 11], [13, 17, 14, 16], [15, 23, 16, 22], [17, 3, 18, 2]]"
12n_0428_141,"[[17, 3, 18, 2], [19, 11, 20, 10], [21, 15, 22, 14], [23, 6, 24, 7], [1, 21, 2, 20], [8, 4, 9, 3], [5, 24, 6, 1], [12, 8, 13, 7], [9, 19, 10, 18], [4, 12, 5, 11], [13, 17, 14, 16], [15, 23, 16, 22]]"
12n_0428_142,"[[15, 23, 16, 22], [17, 3, 18, 2], [19, 11, 20, 10], [21, 15, 22, 14], [23, 6, 24, 7], [1, 21, 2, 20], [8, 4, 9, 3], [5, 24, 6, 1], [12, 8, 13, 7], [9, 19, 10, 18], [4, 12, 5, 11], [13, 17, 14, 16]]"
12n_0428_143,"[[13, 17, 14, 16], [15, 23, 16, 22], [17, 3, 18, 2], [19, 11, 20, 10], [21, 15, 22, 14], [23, 6, 24, 7], [1, 21, 2, 20], [8, 4, 9, 3], [5, 24, 6, 1], [12, 8, 13, 7], [9, 19, 10, 18], [4, 12, 5, 11]]"
12n_0428_144,"[[5, 13, 6, 12], [14, 18, 15, 17], [16, 24, 17, 23], [18, 4, 19, 3], [20, 12, 21, 11], [22, 16, 23, 15], [24, 7, 1, 8], [2, 22, 3, 21], [9, 5, 10, 4], [6, 1, 7, 2], [13, 9, 14, 8], [10, 20, 11, 19]]"
12n_0428_145,"[[10, 20, 11, 19], [5, 13, 6, 12], [14, 18, 15, 17], [16, 24, 17, 23], [18, 4, 19, 3], [20, 12, 21, 11], [22, 16, 23, 15], [24, 7, 1, 8], [2, 22, 3, 21], [9, 5, 10, 4], [6, 1, 7, 2], [13, 9, 14, 8]]"
12n_0428_146,"[[13, 9, 14, 8], [10, 20, 11, 19], [5, 13, 6, 12], [14, 18, 15, 17], [16, 24, 17, 23], [18, 4, 19, 3], [20, 12, 21, 11], [22, 16, 23, 15], [24, 7, 1, 8], [2, 22, 3, 21], [9, 5, 10, 4], [6, 1, 7, 2]]"
12n_0428_147,"[[6, 1, 7, 2], [13, 9, 14, 8], [10, 20, 11, 19], [5, 13, 6, 12], [14, 18, 15, 17], [16, 24, 17, 23], [18, 4, 19, 3], [20, 12, 21, 11], [22, 16, 23, 15], [24, 7, 1, 8], [2, 22, 3, 21], [9, 5, 10, 4]]"
12n_0428_148,"[[9, 5, 10, 4], [6, 1, 7, 2], [13, 9, 14, 8], [10, 20, 11, 19], [5, 13, 6, 12], [14, 18, 15, 17], [16, 24, 17, 23], [18, 4, 19, 3], [20, 12, 21, 11], [22, 16, 23, 15], [24, 7, 1, 8], [2, 22, 3, 21]]"
12n_0428_149,"[[2, 22, 3, 21], [9, 5, 10, 4], [6, 1, 7, 2], [13, 9, 14, 8], [10, 20, 11, 19], [5, 13, 6, 12], [14, 18, 15, 17], [16, 24, 17, 23], [18, 4, 19, 3], [20, 12, 21, 11], [22, 16, 23, 15], [24, 7, 1, 8]]"
12n_0428_150,"[[24, 7, 1, 8], [2, 22, 3, 21], [9, 5, 10, 4], [6, 1, 7, 2], [13, 9, 14, 8], [10, 20, 11, 19], [5, 13, 6, 12], [14, 18, 15, 17], [16, 24, 17, 23], [18, 4, 19, 3], [20, 12, 21, 11], [22, 16, 23, 15]]"
12n_0428_151,"[[22, 16, 23, 15], [24, 7, 1, 8], [2, 22, 3, 21], [9, 5, 10, 4], [6, 1, 7, 2], [13, 9, 14, 8], [10, 20, 11, 19], [5, 13, 6, 12], [14, 18, 15, 17], [16, 24, 17, 23], [18, 4, 19, 3], [20, 12, 21, 11]]"
12n_0428_152,"[[20, 12, 21, 11], [22, 16, 23, 15], [24, 7, 1, 8], [2, 22, 3, 21], [9, 5, 10, 4], [6, 1, 7, 2], [13, 9, 14, 8], [10, 20, 11, 19], [5, 13, 6, 12], [14, 18, 15, 17], [16, 24, 17, 23], [18, 4, 19, 3]]"
12n_0428_153,"[[18, 4, 19, 3], [20, 12, 21, 11], [22, 16, 23, 15], [24, 7, 1, 8], [2, 22, 3, 21], [9, 5, 10, 4], [6, 1, 7, 2], [13, 9, 14, 8], [10, 20, 11, 19], [5, 13, 6, 12], [14, 18, 15, 17], [16, 24, 17, 23]]"
12n_0428_154,"[[16, 24, 17, 23], [18, 4, 19, 3], [20, 12, 21, 11], [22, 16, 23, 15], [24, 7, 1, 8], [2, 22, 3, 21], [9, 5, 10, 4], [6, 1, 7, 2], [13, 9, 14, 8], [10, 20, 11, 19], [5, 13, 6, 12], [14, 18, 15, 17]]"
12n_0428_155,"[[14, 18, 15, 17], [16, 24, 17, 23], [18, 4, 19, 3], [20, 12, 21, 11], [22, 16, 23, 15], [24, 7, 1, 8], [2, 22, 3, 21], [9, 5, 10, 4], [6, 1, 7, 2], [13, 9, 14, 8], [10, 20, 11, 19], [5, 13, 6, 12]]"
12n_0428_156,"[[6, 14, 7, 13], [15, 19, 16, 18], [17, 1, 18, 24], [19, 5, 20, 4], [21, 13, 22, 12], [23, 17, 24, 16], [1, 8, 2, 9], [3, 23, 4, 22], [10, 6, 11, 5], [7, 2, 8, 3], [14, 10, 15, 9], [11, 21, 12, 20]]"
12n_0428_157,"[[11, 21, 12, 20], [6, 14, 7, 13], [15, 19, 16, 18], [17, 1, 18, 24], [19, 5, 20, 4], [21, 13, 22, 12], [23, 17, 24, 16], [1, 8, 2, 9], [3, 23, 4, 22], [10, 6, 11, 5], [7, 2, 8, 3], [14, 10, 15, 9]]"
12n_0428_158,"[[14, 10, 15, 9], [11, 21, 12, 20], [6, 14, 7, 13], [15, 19, 16, 18], [17, 1, 18, 24], [19, 5, 20, 4], [21, 13, 22, 12], [23, 17, 24, 16], [1, 8, 2, 9], [3, 23, 4, 22], [10, 6, 11, 5], [7, 2, 8, 3]]"
12n_0428_159,"[[7, 2, 8, 3], [14, 10, 15, 9], [11, 21, 12, 20], [6, 14, 7, 13], [15, 19, 16, 18], [17, 1, 18, 24], [19, 5, 20, 4], [21, 13, 22, 12], [23, 17, 24, 16], [1, 8, 2, 9], [3, 23, 4, 22], [10, 6, 11, 5]]"
12n_0428_160,"[[10, 6, 11, 5], [7, 2, 8, 3], [14, 10, 15, 9], [11, 21, 12, 20], [6, 14, 7, 13], [15, 19, 16, 18], [17, 1, 18, 24], [19, 5, 20, 4], [21, 13, 22, 12], [23, 17, 24, 16], [1, 8, 2, 9], [3, 23, 4, 22]]"
12n_0428_161,"[[3, 23, 4, 22], [10, 6, 11, 5], [7, 2, 8, 3], [14, 10, 15, 9], [11, 21, 12, 20], [6, 14, 7, 13], [15, 19, 16, 18], [17, 1, 18, 24], [19, 5, 20, 4], [21, 13, 22, 12], [23, 17, 24, 16], [1, 8, 2, 9]]"
12n_0428_162,"[[1, 8, 2, 9], [3, 23, 4, 22], [10, 6, 11, 5], [7, 2, 8, 3], [14, 10, 15, 9], [11, 21, 12, 20], [6, 14, 7, 13], [15, 19, 16, 18], [17, 1, 18, 24], [19, 5, 20, 4], [21, 13, 22, 12], [23, 17, 24, 16]]"
12n_0428_163,"[[23, 17, 24, 16], [1, 8, 2, 9], [3, 23, 4, 22], [10, 6, 11, 5], [7, 2, 8, 3], [14, 10, 15, 9], [11, 21, 12, 20], [6, 14, 7, 13], [15, 19, 16, 18], [17, 1, 18, 24], [19, 5, 20, 4], [21, 13, 22, 12]]"
12n_0428_164,"[[21, 13, 22, 12], [23, 17, 24, 16], [1, 8, 2, 9], [3, 23, 4, 22], [10, 6, 11, 5], [7, 2, 8, 3], [14, 10, 15, 9], [11, 21, 12, 20], [6, 14, 7, 13], [15, 19, 16, 18], [17, 1, 18, 24], [19, 5, 20, 4]]"
12n_0428_165,"[[19, 5, 20, 4], [21, 13, 22, 12], [23, 17, 24, 16], [1, 8, 2, 9], [3, 23, 4, 22], [10, 6, 11, 5], [7, 2, 8, 3], [14, 10, 15, 9], [11, 21, 12, 20], [6, 14, 7, 13], [15, 19, 16, 18], [17, 1, 18, 24]]"
12n_0428_166,"[[17, 1, 18, 24], [19, 5, 20, 4], [21, 13, 22, 12], [23, 17, 24, 16], [1, 8, 2, 9], [3, 23, 4, 22], [10, 6, 11, 5], [7, 2, 8, 3], [14, 10, 15, 9], [11, 21, 12, 20], [6, 14, 7, 13], [15, 19, 16, 18]]"
12n_0428_167,"[[15, 19, 16, 18], [17, 1, 18, 24], [19, 5, 20, 4], [21, 13, 22, 12], [23, 17, 24, 16], [1, 8, 2, 9], [3, 23, 4, 22], [10, 6, 11, 5], [7, 2, 8, 3], [14, 10, 15, 9], [11, 21, 12, 20], [6, 14, 7, 13]]"
12n_0428_168,"[[7, 15, 8, 14], [16, 20, 17, 19], [18, 2, 19, 1], [20, 6, 21, 5], [22, 14, 23, 13], [24, 18, 1, 17], [2, 9, 3, 10], [4, 24, 5, 23], [11, 7, 12, 6], [8, 3, 9, 4], [15, 11, 16, 10], [12, 22, 13, 21]]"
12n_0428_169,"[[12, 22, 13, 21], [7, 15, 8, 14], [16, 20, 17, 19], [18, 2, 19, 1], [20, 6, 21, 5], [22, 14, 23, 13], [24, 18, 1, 17], [2, 9, 3, 10], [4, 24, 5, 23], [11, 7, 12, 6], [8, 3, 9, 4], [15, 11, 16, 10]]"
12n_0428_170,"[[15, 11, 16, 10], [12, 22, 13, 21], [7, 15, 8, 14], [16, 20, 17, 19], [18, 2, 19, 1], [20, 6, 21, 5], [22, 14, 23, 13], [24, 18, 1, 17], [2, 9, 3, 10], [4, 24, 5, 23], [11, 7, 12, 6], [8, 3, 9, 4]]"
12n_0428_171,"[[8, 3, 9, 4], [15, 11, 16, 10], [12, 22, 13, 21], [7, 15, 8, 14], [16, 20, 17, 19], [18, 2, 19, 1], [20, 6, 21, 5], [22, 14, 23, 13], [24, 18, 1, 17], [2, 9, 3, 10], [4, 24, 5, 23], [11, 7, 12, 6]]"
12n_0428_172,"[[11, 7, 12, 6], [8, 3, 9, 4], [15, 11, 16, 10], [12, 22, 13, 21], [7, 15, 8, 14], [16, 20, 17, 19], [18, 2, 19, 1], [20, 6, 21, 5], [22, 14, 23, 13], [24, 18, 1, 17], [2, 9, 3, 10], [4, 24, 5, 23]]"
12n_0428_173,"[[4, 24, 5, 23], [11, 7, 12, 6], [8, 3, 9, 4], [15, 11, 16, 10], [12, 22, 13, 21], [7, 15, 8, 14], [16, 20, 17, 19], [18, 2, 19, 1], [20, 6, 21, 5], [22, 14, 23, 13], [24, 18, 1, 17], [2, 9, 3, 10]]"
12n_0428_174,"[[2, 9, 3, 10], [4, 24, 5, 23], [11, 7, 12, 6], [8, 3, 9, 4], [15, 11, 16, 10], [12, 22, 13, 21], [7, 15, 8, 14], [16, 20, 17, 19], [18, 2, 19, 1], [20, 6, 21, 5], [22, 14, 23, 13], [24, 18, 1, 17]]"
12n_0428_175,"[[24, 18, 1, 17], [2, 9, 3, 10], [4, 24, 5, 23], [11, 7, 12, 6], [8, 3, 9, 4], [15, 11, 16, 10], [12, 22, 13, 21], [7, 15, 8, 14], [16, 20, 17, 19], [18, 2, 19, 1], [20, 6, 21, 5], [22, 14, 23, 13]]"
12n_0428_176,"[[22, 14, 23, 13], [24, 18, 1, 17], [2, 9, 3, 10], [4, 24, 5, 23], [11, 7, 12, 6], [8, 3, 9, 4], [15, 11, 16, 10], [12, 22, 13, 21], [7, 15, 8, 14], [16, 20, 17, 19], [18, 2, 19, 1], [20, 6, 21, 5]]"
12n_0428_177,"[[20, 6, 21, 5], [22, 14, 23, 13], [24, 18, 1, 17], [2, 9, 3, 10], [4, 24, 5, 23], [11, 7, 12, 6], [8, 3, 9, 4], [15, 11, 16, 10], [12, 22, 13, 21], [7, 15, 8, 14], [16, 20, 17, 19], [18, 2, 19, 1]]"
12n_0428_178,"[[18, 2, 19, 1], [20, 6, 21, 5], [22, 14, 23, 13], [24, 18, 1, 17], [2, 9, 3, 10], [4, 24, 5, 23], [11, 7, 12, 6], [8, 3, 9, 4], [15, 11, 16, 10], [12, 22, 13, 21], [7, 15, 8, 14], [16, 20, 17, 19]]"
12n_0428_179,"[[16, 20, 17, 19], [18, 2, 19, 1], [20, 6, 21, 5], [22, 14, 23, 13], [24, 18, 1, 17], [2, 9, 3, 10], [4, 24, 5, 23], [11, 7, 12, 6], [8, 3, 9, 4], [15, 11, 16, 10], [12, 22, 13, 21], [7, 15, 8, 14]]"
12n_0428_180,"[[8, 16, 9, 15], [17, 21, 18, 20], [19, 3, 20, 2], [21, 7, 22, 6], [23, 15, 24, 14], [1, 19, 2, 18], [3, 10, 4, 11], [5, 1, 6, 24], [12, 8, 13, 7], [9, 4, 10, 5], [16, 12, 17, 11], [13, 23, 14, 22]]"
12n_0428_181,"[[13, 23, 14, 22], [8, 16, 9, 15], [17, 21, 18, 20], [19, 3, 20, 2], [21, 7, 22, 6], [23, 15, 24, 14], [1, 19, 2, 18], [3, 10, 4, 11], [5, 1, 6, 24], [12, 8, 13, 7], [9, 4, 10, 5], [16, 12, 17, 11]]"
12n_0428_182,"[[16, 12, 17, 11], [13, 23, 14, 22], [8, 16, 9, 15], [17, 21, 18, 20], [19, 3, 20, 2], [21, 7, 22, 6], [23, 15, 24, 14], [1, 19, 2, 18], [3, 10, 4, 11], [5, 1, 6, 24], [12, 8, 13, 7], [9, 4, 10, 5]]"
12n_0428_183,"[[9, 4, 10, 5], [16, 12, 17, 11], [13, 23, 14, 22], [8, 16, 9, 15], [17, 21, 18, 20], [19, 3, 20, 2], [21, 7, 22, 6], [23, 15, 24, 14], [1, 19, 2, 18], [3, 10, 4, 11], [5, 1, 6, 24], [12, 8, 13, 7]]"
12n_0428_184,"[[12, 8, 13, 7], [9, 4, 10, 5], [16, 12, 17, 11], [13, 23, 14, 22], [8, 16, 9, 15], [17, 21, 18, 20], [19, 3, 20, 2], [21, 7, 22, 6], [23, 15, 24, 14], [1, 19, 2, 18], [3, 10, 4, 11], [5, 1, 6, 24]]"
12n_0428_185,"[[5, 1, 6, 24], [12, 8, 13, 7], [9, 4, 10, 5], [16, 12, 17, 11], [13, 23, 14, 22], [8, 16, 9, 15], [17, 21, 18, 20], [19, 3, 20, 2], [21, 7, 22, 6], [23, 15, 24, 14], [1, 19, 2, 18], [3, 10, 4, 11]]"
