name,pd_notation
12n_0846_0,"[[9, 1, 10, 24], [2, 8, 3, 7], [13, 5, 14, 4], [15, 6, 16, 7], [8, 17, 9, 18], [23, 11, 24, 10], [21, 13, 22, 12], [19, 14, 20, 15], [16, 1, 17, 2], [3, 18, 4, 19], [5, 21, 6, 20], [11, 23, 12, 22]]"
12n_0846_1,"[[11, 23, 12, 22], [9, 1, 10, 24], [2, 8, 3, 7], [13, 5, 14, 4], [15, 6, 16, 7], [8, 17, 9, 18], [23, 11, 24, 10], [21, 13, 22, 12], [19, 14, 20, 15], [16, 1, 17, 2], [3, 18, 4, 19], [5, 21, 6, 20]]"
12n_0846_2,"[[5, 21, 6, 20], [11, 23, 12, 22], [9, 1, 10, 24], [2, 8, 3, 7], [13, 5, 14, 4], [15, 6, 16, 7], [8, 17, 9, 18], [23, 11, 24, 10], [21, 13, 22, 12], [19, 14, 20, 15], [16, 1, 17, 2], [3, 18, 4, 19]]"
12n_0846_3,"[[3, 18, 4, 19], [5, 21, 6, 20], [11, 23, 12, 22], [9, 1, 10, 24], [2, 8, 3, 7], [13, 5, 14, 4], [15, 6, 16, 7], [8, 17, 9, 18], [23, 11, 24, 10], [21, 13, 22, 12], [19, 14, 20, 15], [16, 1, 17, 2]]"
12n_0846_4,"[[16, 1, 17, 2], [3, 18, 4, 19], [5, 21, 6, 20], [11, 23, 12, 22], [9, 1, 10, 24], [2, 8, 3, 7], [13, 5, 14, 4], [15, 6, 16, 7], [8, 17, 9, 18], [23, 11, 24, 10], [21, 13, 22, 12], [19, 14, 20, 15]]"
12n_0846_5,"[[19, 14, 20, 15], [16, 1, 17, 2], [3, 18, 4, 19], [5, 21, 6, 20], [11, 23, 12, 22], [9, 1, 10, 24], [2, 8, 3, 7], [13, 5, 14, 4], [15, 6, 16, 7], [8, 17, 9, 18], [23, 11, 24, 10], [21, 13, 22, 12]]"
12n_0846_6,"[[21, 13, 22, 12], [19, 14, 20, 15], [16, 1, 17, 2], [3, 18, 4, 19], [5, 21, 6, 20], [11, 23, 12, 22], [9, 1, 10, 24], [2, 8, 3, 7], [13, 5, 14, 4], [15, 6, 16, 7], [8, 17, 9, 18], [23, 11, 24, 10]]"
12n_0846_7,"[[23, 11, 24, 10], [21, 13, 22, 12], [19, 14, 20, 15], [16, 1, 17, 2], [3, 18, 4, 19], [5, 21, 6, 20], [11, 23, 12, 22], [9, 1, 10, 24], [2, 8, 3, 7], [13, 5, 14, 4], [15, 6, 16, 7], [8, 17, 9, 18]]"
12n_0846_8,"[[8, 17, 9, 18], [23, 11, 24, 10], [21, 13, 22, 12], [19, 14, 20, 15], [16, 1, 17, 2], [3, 18, 4, 19], [5, 21, 6, 20], [11, 23, 12, 22], [9, 1, 10, 24], [2, 8, 3, 7], [13, 5, 14, 4], [15, 6, 16, 7]]"
12n_0846_9,"[[15, 6, 16, 7], [8, 17, 9, 18], [23, 11, 24, 10], [21, 13, 22, 12], [19, 14, 20, 15], [16, 1, 17, 2], [3, 18, 4, 19], [5, 21, 6, 20], [11, 23, 12, 22], [9, 1, 10, 24], [2, 8, 3, 7], [13, 5, 14, 4]]"
12n_0846_10,"[[13, 5, 14, 4], [15, 6, 16, 7], [8, 17, 9, 18], [23, 11, 24, 10], [21, 13, 22, 12], [19, 14, 20, 15], [16, 1, 17, 2], [3, 18, 4, 19], [5, 21, 6, 20], [11, 23, 12, 22], [9, 1, 10, 24], [2, 8, 3, 7]]"
12n_0846_11,"[[2, 8, 3, 7], [13, 5, 14, 4], [15, 6, 16, 7], [8, 17, 9, 18], [23, 11, 24, 10], [21, 13, 22, 12], [19, 14, 20, 15], [16, 1, 17, 2], [3, 18, 4, 19], [5, 21, 6, 20], [11, 23, 12, 22], [9, 1, 10, 24]]"
12n_0846_12,"[[10, 2, 11, 1], [3, 9, 4, 8], [14, 6, 15, 5], [16, 7, 17, 8], [9, 18, 10, 19], [24, 12, 1, 11], [22, 14, 23, 13], [20, 15, 21, 16], [17, 2, 18, 3], [4, 19, 5, 20], [6, 22, 7, 21], [12, 24, 13, 23]]"
12n_0846_13,"[[12, 24, 13, 23], [10, 2, 11, 1], [3, 9, 4, 8], [14, 6, 15, 5], [16, 7, 17, 8], [9, 18, 10, 19], [24, 12, 1, 11], [22, 14, 23, 13], [20, 15, 21, 16], [17, 2, 18, 3], [4, 19, 5, 20], [6, 22, 7, 21]]"
12n_0846_14,"[[6, 22, 7, 21], [12, 24, 13, 23], [10, 2, 11, 1], [3, 9, 4, 8], [14, 6, 15, 5], [16, 7, 17, 8], [9, 18, 10, 19], [24, 12, 1, 11], [22, 14, 23, 13], [20, 15, 21, 16], [17, 2, 18, 3], [4, 19, 5, 20]]"
12n_0846_15,"[[4, 19, 5, 20], [6, 22, 7, 21], [12, 24, 13, 23], [10, 2, 11, 1], [3, 9, 4, 8], [14, 6, 15, 5], [16, 7, 17, 8], [9, 18, 10, 19], [24, 12, 1, 11], [22, 14, 23, 13], [20, 15, 21, 16], [17, 2, 18, 3]]"
12n_0846_16,"[[17, 2, 18, 3], [4, 19, 5, 20], [6, 22, 7, 21], [12, 24, 13, 23], [10, 2, 11, 1], [3, 9, 4, 8], [14, 6, 15, 5], [16, 7, 17, 8], [9, 18, 10, 19], [24, 12, 1, 11], [22, 14, 23, 13], [20, 15, 21, 16]]"
12n_0846_17,"[[20, 15, 21, 16], [17, 2, 18, 3], [4, 19, 5, 20], [6, 22, 7, 21], [12, 24, 13, 23], [10, 2, 11, 1], [3, 9, 4, 8], [14, 6, 15, 5], [16, 7, 17, 8], [9, 18, 10, 19], [24, 12, 1, 11], [22, 14, 23, 13]]"
12n_0846_18,"[[22, 14, 23, 13], [20, 15, 21, 16], [17, 2, 18, 3], [4, 19, 5, 20], [6, 22, 7, 21], [12, 24, 13, 23], [10, 2, 11, 1], [3, 9, 4, 8], [14, 6, 15, 5], [16, 7, 17, 8], [9, 18, 10, 19], [24, 12, 1, 11]]"
12n_0846_19,"[[24, 12, 1, 11], [22, 14, 23, 13], [20, 15, 21, 16], [17, 2, 18, 3], [4, 19, 5, 20], [6, 22, 7, 21], [12, 24, 13, 23], [10, 2, 11, 1], [3, 9, 4, 8], [14, 6, 15, 5], [16, 7, 17, 8], [9, 18, 10, 19]]"
12n_0846_20,"[[9, 18, 10, 19], [24, 12, 1, 11], [22, 14, 23, 13], [20, 15, 21, 16], [17, 2, 18, 3], [4, 19, 5, 20], [6, 22, 7, 21], [12, 24, 13, 23], [10, 2, 11, 1], [3, 9, 4, 8], [14, 6, 15, 5], [16, 7, 17, 8]]"
12n_0846_21,"[[16, 7, 17, 8], [9, 18, 10, 19], [24, 12, 1, 11], [22, 14, 23, 13], [20, 15, 21, 16], [17, 2, 18, 3], [4, 19, 5, 20], [6, 22, 7, 21], [12, 24, 13, 23], [10, 2, 11, 1], [3, 9, 4, 8], [14, 6, 15, 5]]"
12n_0846_22,"[[14, 6, 15, 5], [16, 7, 17, 8], [9, 18, 10, 19], [24, 12, 1, 11], [22, 14, 23, 13], [20, 15, 21, 16], [17, 2, 18, 3], [4, 19, 5, 20], [6, 22, 7, 21], [12, 24, 13, 23], [10, 2, 11, 1], [3, 9, 4, 8]]"
12n_0846_23,"[[3, 9, 4, 8], [14, 6, 15, 5], [16, 7, 17, 8], [9, 18, 10, 19], [24, 12, 1, 11], [22, 14, 23, 13], [20, 15, 21, 16], [17, 2, 18, 3], [4, 19, 5, 20], [6, 22, 7, 21], [12, 24, 13, 23], [10, 2, 11, 1]]"
12n_0846_24,"[[11, 3, 12, 2], [4, 10, 5, 9], [15, 7, 16, 6], [17, 8, 18, 9], [10, 19, 11, 20], [1, 13, 2, 12], [23, 15, 24, 14], [21, 16, 22, 17], [18, 3, 19, 4], [5, 20, 6, 21], [7, 23, 8, 22], [13, 1, 14, 24]]"
12n_0846_25,"[[13, 1, 14, 24], [11, 3, 12, 2], [4, 10, 5, 9], [15, 7, 16, 6], [17, 8, 18, 9], [10, 19, 11, 20], [1, 13, 2, 12], [23, 15, 24, 14], [21, 16, 22, 17], [18, 3, 19, 4], [5, 20, 6, 21], [7, 23, 8, 22]]"
12n_0846_26,"[[7, 23, 8, 22], [13, 1, 14, 24], [11, 3, 12, 2], [4, 10, 5, 9], [15, 7, 16, 6], [17, 8, 18, 9], [10, 19, 11, 20], [1, 13, 2, 12], [23, 15, 24, 14], [21, 16, 22, 17], [18, 3, 19, 4], [5, 20, 6, 21]]"
12n_0846_27,"[[5, 20, 6, 21], [7, 23, 8, 22], [13, 1, 14, 24], [11, 3, 12, 2], [4, 10, 5, 9], [15, 7, 16, 6], [17, 8, 18, 9], [10, 19, 11, 20], [1, 13, 2, 12], [23, 15, 24, 14], [21, 16, 22, 17], [18, 3, 19, 4]]"
12n_0846_28,"[[18, 3, 19, 4], [5, 20, 6, 21], [7, 23, 8, 22], [13, 1, 14, 24], [11, 3, 12, 2], [4, 10, 5, 9], [15, 7, 16, 6], [17, 8, 18, 9], [10, 19, 11, 20], [1, 13, 2, 12], [23, 15, 24, 14], [21, 16, 22, 17]]"
12n_0846_29,"[[21, 16, 22, 17], [18, 3, 19, 4], [5, 20, 6, 21], [7, 23, 8, 22], [13, 1, 14, 24], [11, 3, 12, 2], [4, 10, 5, 9], [15, 7, 16, 6], [17, 8, 18, 9], [10, 19, 11, 20], [1, 13, 2, 12], [23, 15, 24, 14]]"
12n_0846_30,"[[23, 15, 24, 14], [21, 16, 22, 17], [18, 3, 19, 4], [5, 20, 6, 21], [7, 23, 8, 22], [13, 1, 14, 24], [11, 3, 12, 2], [4, 10, 5, 9], [15, 7, 16, 6], [17, 8, 18, 9], [10, 19, 11, 20], [1, 13, 2, 12]]"
12n_0846_31,"[[1, 13, 2, 12], [23, 15, 24, 14], [21, 16, 22, 17], [18, 3, 19, 4], [5, 20, 6, 21], [7, 23, 8, 22], [13, 1, 14, 24], [11, 3, 12, 2], [4, 10, 5, 9], [15, 7, 16, 6], [17, 8, 18, 9], [10, 19, 11, 20]]"
12n_0846_32,"[[10, 19, 11, 20], [1, 13, 2, 12], [23, 15, 24, 14], [21, 16, 22, 17], [18, 3, 19, 4], [5, 20, 6, 21], [7, 23, 8, 22], [13, 1, 14, 24], [11, 3, 12, 2], [4, 10, 5, 9], [15, 7, 16, 6], [17, 8, 18, 9]]"
12n_0846_33,"[[17, 8, 18, 9], [10, 19, 11, 20], [1, 13, 2, 12], [23, 15, 24, 14], [21, 16, 22, 17], [18, 3, 19, 4], [5, 20, 6, 21], [7, 23, 8, 22], [13, 1, 14, 24], [11, 3, 12, 2], [4, 10, 5, 9], [15, 7, 16, 6]]"
12n_0846_34,"[[15, 7, 16, 6], [17, 8, 18, 9], [10, 19, 11, 20], [1, 13, 2, 12], [23, 15, 24, 14], [21, 16, 22, 17], [18, 3, 19, 4], [5, 20, 6, 21], [7, 23, 8, 22], [13, 1, 14, 24], [11, 3, 12, 2], [4, 10, 5, 9]]"
12n_0846_35,"[[4, 10, 5, 9], [15, 7, 16, 6], [17, 8, 18, 9], [10, 19, 11, 20], [1, 13, 2, 12], [23, 15, 24, 14], [21, 16, 22, 17], [18, 3, 19, 4], [5, 20, 6, 21], [7, 23, 8, 22], [13, 1, 14, 24], [11, 3, 12, 2]]"
12n_0846_36,"[[12, 4, 13, 3], [5, 11, 6, 10], [16, 8, 17, 7], [18, 9, 19, 10], [11, 20, 12, 21], [2, 14, 3, 13], [24, 16, 1, 15], [22, 17, 23, 18], [19, 4, 20, 5], [6, 21, 7, 22], [8, 24, 9, 23], [14, 2, 15, 1]]"
12n_0846_37,"[[14, 2, 15, 1], [12, 4, 13, 3], [5, 11, 6, 10], [16, 8, 17, 7], [18, 9, 19, 10], [11, 20, 12, 21], [2, 14, 3, 13], [24, 16, 1, 15], [22, 17, 23, 18], [19, 4, 20, 5], [6, 21, 7, 22], [8, 24, 9, 23]]"
12n_0846_38,"[[8, 24, 9, 23], [14, 2, 15, 1], [12, 4, 13, 3], [5, 11, 6, 10], [16, 8, 17, 7], [18, 9, 19, 10], [11, 20, 12, 21], [2, 14, 3, 13], [24, 16, 1, 15], [22, 17, 23, 18], [19, 4, 20, 5], [6, 21, 7, 22]]"
12n_0846_39,"[[6, 21, 7, 22], [8, 24, 9, 23], [14, 2, 15, 1], [12, 4, 13, 3], [5, 11, 6, 10], [16, 8, 17, 7], [18, 9, 19, 10], [11, 20, 12, 21], [2, 14, 3, 13], [24, 16, 1, 15], [22, 17, 23, 18], [19, 4, 20, 5]]"
12n_0846_40,"[[19, 4, 20, 5], [6, 21, 7, 22], [8, 24, 9, 23], [14, 2, 15, 1], [12, 4, 13, 3], [5, 11, 6, 10], [16, 8, 17, 7], [18, 9, 19, 10], [11, 20, 12, 21], [2, 14, 3, 13], [24, 16, 1, 15], [22, 17, 23, 18]]"
12n_0846_41,"[[22, 17, 23, 18], [19, 4, 20, 5], [6, 21, 7, 22], [8, 24, 9, 23], [14, 2, 15, 1], [12, 4, 13, 3], [5, 11, 6, 10], [16, 8, 17, 7], [18, 9, 19, 10], [11, 20, 12, 21], [2, 14, 3, 13], [24, 16, 1, 15]]"
12n_0846_42,"[[24, 16, 1, 15], [22, 17, 23, 18], [19, 4, 20, 5], [6, 21, 7, 22], [8, 24, 9, 23], [14, 2, 15, 1], [12, 4, 13, 3], [5, 11, 6, 10], [16, 8, 17, 7], [18, 9, 19, 10], [11, 20, 12, 21], [2, 14, 3, 13]]"
12n_0846_43,"[[2, 14, 3, 13], [24, 16, 1, 15], [22, 17, 23, 18], [19, 4, 20, 5], [6, 21, 7, 22], [8, 24, 9, 23], [14, 2, 15, 1], [12, 4, 13, 3], [5, 11, 6, 10], [16, 8, 17, 7], [18, 9, 19, 10], [11, 20, 12, 21]]"
12n_0846_44,"[[11, 20, 12, 21], [2, 14, 3, 13], [24, 16, 1, 15], [22, 17, 23, 18], [19, 4, 20, 5], [6, 21, 7, 22], [8, 24, 9, 23], [14, 2, 15, 1], [12, 4, 13, 3], [5, 11, 6, 10], [16, 8, 17, 7], [18, 9, 19, 10]]"
12n_0846_45,"[[18, 9, 19, 10], [11, 20, 12, 21], [2, 14, 3, 13], [24, 16, 1, 15], [22, 17, 23, 18], [19, 4, 20, 5], [6, 21, 7, 22], [8, 24, 9, 23], [14, 2, 15, 1], [12, 4, 13, 3], [5, 11, 6, 10], [16, 8, 17, 7]]"
12n_0846_46,"[[16, 8, 17, 7], [18, 9, 19, 10], [11, 20, 12, 21], [2, 14, 3, 13], [24, 16, 1, 15], [22, 17, 23, 18], [19, 4, 20, 5], [6, 21, 7, 22], [8, 24, 9, 23], [14, 2, 15, 1], [12, 4, 13, 3], [5, 11, 6, 10]]"
12n_0846_47,"[[5, 11, 6, 10], [16, 8, 17, 7], [18, 9, 19, 10], [11, 20, 12, 21], [2, 14, 3, 13], [24, 16, 1, 15], [22, 17, 23, 18], [19, 4, 20, 5], [6, 21, 7, 22], [8, 24, 9, 23], [14, 2, 15, 1], [12, 4, 13, 3]]"
12n_0846_48,"[[13, 5, 14, 4], [6, 12, 7, 11], [17, 9, 18, 8], [19, 10, 20, 11], [12, 21, 13, 22], [3, 15, 4, 14], [1, 17, 2, 16], [23, 18, 24, 19], [20, 5, 21, 6], [7, 22, 8, 23], [9, 1, 10, 24], [15, 3, 16, 2]]"
12n_0846_49,"[[15, 3, 16, 2], [13, 5, 14, 4], [6, 12, 7, 11], [17, 9, 18, 8], [19, 10, 20, 11], [12, 21, 13, 22], [3, 15, 4, 14], [1, 17, 2, 16], [23, 18, 24, 19], [20, 5, 21, 6], [7, 22, 8, 23], [9, 1, 10, 24]]"
12n_0846_50,"[[9, 1, 10, 24], [15, 3, 16, 2], [13, 5, 14, 4], [6, 12, 7, 11], [17, 9, 18, 8], [19, 10, 20, 11], [12, 21, 13, 22], [3, 15, 4, 14], [1, 17, 2, 16], [23, 18, 24, 19], [20, 5, 21, 6], [7, 22, 8, 23]]"
12n_0846_51,"[[7, 22, 8, 23], [9, 1, 10, 24], [15, 3, 16, 2], [13, 5, 14, 4], [6, 12, 7, 11], [17, 9, 18, 8], [19, 10, 20, 11], [12, 21, 13, 22], [3, 15, 4, 14], [1, 17, 2, 16], [23, 18, 24, 19], [20, 5, 21, 6]]"
12n_0846_52,"[[20, 5, 21, 6], [7, 22, 8, 23], [9, 1, 10, 24], [15, 3, 16, 2], [13, 5, 14, 4], [6, 12, 7, 11], [17, 9, 18, 8], [19, 10, 20, 11], [12, 21, 13, 22], [3, 15, 4, 14], [1, 17, 2, 16], [23, 18, 24, 19]]"
12n_0846_53,"[[23, 18, 24, 19], [20, 5, 21, 6], [7, 22, 8, 23], [9, 1, 10, 24], [15, 3, 16, 2], [13, 5, 14, 4], [6, 12, 7, 11], [17, 9, 18, 8], [19, 10, 20, 11], [12, 21, 13, 22], [3, 15, 4, 14], [1, 17, 2, 16]]"
12n_0846_54,"[[1, 17, 2, 16], [23, 18, 24, 19], [20, 5, 21, 6], [7, 22, 8, 23], [9, 1, 10, 24], [15, 3, 16, 2], [13, 5, 14, 4], [6, 12, 7, 11], [17, 9, 18, 8], [19, 10, 20, 11], [12, 21, 13, 22], [3, 15, 4, 14]]"
12n_0846_55,"[[3, 15, 4, 14], [1, 17, 2, 16], [23, 18, 24, 19], [20, 5, 21, 6], [7, 22, 8, 23], [9, 1, 10, 24], [15, 3, 16, 2], [13, 5, 14, 4], [6, 12, 7, 11], [17, 9, 18, 8], [19, 10, 20, 11], [12, 21, 13, 22]]"
12n_0846_56,"[[12, 21, 13, 22], [3, 15, 4, 14], [1, 17, 2, 16], [23, 18, 24, 19], [20, 5, 21, 6], [7, 22, 8, 23], [9, 1, 10, 24], [15, 3, 16, 2], [13, 5, 14, 4], [6, 12, 7, 11], [17, 9, 18, 8], [19, 10, 20, 11]]"
12n_0846_57,"[[19, 10, 20, 11], [12, 21, 13, 22], [3, 15, 4, 14], [1, 17, 2, 16], [23, 18, 24, 19], [20, 5, 21, 6], [7, 22, 8, 23], [9, 1, 10, 24], [15, 3, 16, 2], [13, 5, 14, 4], [6, 12, 7, 11], [17, 9, 18, 8]]"
12n_0846_58,"[[17, 9, 18, 8], [19, 10, 20, 11], [12, 21, 13, 22], [3, 15, 4, 14], [1, 17, 2, 16], [23, 18, 24, 19], [20, 5, 21, 6], [7, 22, 8, 23], [9, 1, 10, 24], [15, 3, 16, 2], [13, 5, 14, 4], [6, 12, 7, 11]]"
12n_0846_59,"[[6, 12, 7, 11], [17, 9, 18, 8], [19, 10, 20, 11], [12, 21, 13, 22], [3, 15, 4, 14], [1, 17, 2, 16], [23, 18, 24, 19], [20, 5, 21, 6], [7, 22, 8, 23], [9, 1, 10, 24], [15, 3, 16, 2], [13, 5, 14, 4]]"
12n_0846_60,"[[14, 6, 15, 5], [7, 13, 8, 12], [18, 10, 19, 9], [20, 11, 21, 12], [13, 22, 14, 23], [4, 16, 5, 15], [2, 18, 3, 17], [24, 19, 1, 20], [21, 6, 22, 7], [8, 23, 9, 24], [10, 2, 11, 1], [16, 4, 17, 3]]"
12n_0846_61,"[[16, 4, 17, 3], [14, 6, 15, 5], [7, 13, 8, 12], [18, 10, 19, 9], [20, 11, 21, 12], [13, 22, 14, 23], [4, 16, 5, 15], [2, 18, 3, 17], [24, 19, 1, 20], [21, 6, 22, 7], [8, 23, 9, 24], [10, 2, 11, 1]]"
12n_0846_62,"[[10, 2, 11, 1], [16, 4, 17, 3], [14, 6, 15, 5], [7, 13, 8, 12], [18, 10, 19, 9], [20, 11, 21, 12], [13, 22, 14, 23], [4, 16, 5, 15], [2, 18, 3, 17], [24, 19, 1, 20], [21, 6, 22, 7], [8, 23, 9, 24]]"
12n_0846_63,"[[8, 23, 9, 24], [10, 2, 11, 1], [16, 4, 17, 3], [14, 6, 15, 5], [7, 13, 8, 12], [18, 10, 19, 9], [20, 11, 21, 12], [13, 22, 14, 23], [4, 16, 5, 15], [2, 18, 3, 17], [24, 19, 1, 20], [21, 6, 22, 7]]"
12n_0846_64,"[[21, 6, 22, 7], [8, 23, 9, 24], [10, 2, 11, 1], [16, 4, 17, 3], [14, 6, 15, 5], [7, 13, 8, 12], [18, 10, 19, 9], [20, 11, 21, 12], [13, 22, 14, 23], [4, 16, 5, 15], [2, 18, 3, 17], [24, 19, 1, 20]]"
12n_0846_65,"[[24, 19, 1, 20], [21, 6, 22, 7], [8, 23, 9, 24], [10, 2, 11, 1], [16, 4, 17, 3], [14, 6, 15, 5], [7, 13, 8, 12], [18, 10, 19, 9], [20, 11, 21, 12], [13, 22, 14, 23], [4, 16, 5, 15], [2, 18, 3, 17]]"
12n_0846_66,"[[2, 18, 3, 17], [24, 19, 1, 20], [21, 6, 22, 7], [8, 23, 9, 24], [10, 2, 11, 1], [16, 4, 17, 3], [14, 6, 15, 5], [7, 13, 8, 12], [18, 10, 19, 9], [20, 11, 21, 12], [13, 22, 14, 23], [4, 16, 5, 15]]"
12n_0846_67,"[[4, 16, 5, 15], [2, 18, 3, 17], [24, 19, 1, 20], [21, 6, 22, 7], [8, 23, 9, 24], [10, 2, 11, 1], [16, 4, 17, 3], [14, 6, 15, 5], [7, 13, 8, 12], [18, 10, 19, 9], [20, 11, 21, 12], [13, 22, 14, 23]]"
12n_0846_68,"[[13, 22, 14, 23], [4, 16, 5, 15], [2, 18, 3, 17], [24, 19, 1, 20], [21, 6, 22, 7], [8, 23, 9, 24], [10, 2, 11, 1], [16, 4, 17, 3], [14, 6, 15, 5], [7, 13, 8, 12], [18, 10, 19, 9], [20, 11, 21, 12]]"
12n_0846_69,"[[20, 11, 21, 12], [13, 22, 14, 23], [4, 16, 5, 15], [2, 18, 3, 17], [24, 19, 1, 20], [21, 6, 22, 7], [8, 23, 9, 24], [10, 2, 11, 1], [16, 4, 17, 3], [14, 6, 15, 5], [7, 13, 8, 12], [18, 10, 19, 9]]"
12n_0846_70,"[[18, 10, 19, 9], [20, 11, 21, 12], [13, 22, 14, 23], [4, 16, 5, 15], [2, 18, 3, 17], [24, 19, 1, 20], [21, 6, 22, 7], [8, 23, 9, 24], [10, 2, 11, 1], [16, 4, 17, 3], [14, 6, 15, 5], [7, 13, 8, 12]]"
12n_0846_71,"[[7, 13, 8, 12], [18, 10, 19, 9], [20, 11, 21, 12], [13, 22, 14, 23], [4, 16, 5, 15], [2, 18, 3, 17], [24, 19, 1, 20], [21, 6, 22, 7], [8, 23, 9, 24], [10, 2, 11, 1], [16, 4, 17, 3], [14, 6, 15, 5]]"
12n_0846_72,"[[15, 7, 16, 6], [8, 14, 9, 13], [19, 11, 20, 10], [21, 12, 22, 13], [14, 23, 15, 24], [5, 17, 6, 16], [3, 19, 4, 18], [1, 20, 2, 21], [22, 7, 23, 8], [9, 24, 10, 1], [11, 3, 12, 2], [17, 5, 18, 4]]"
12n_0846_73,"[[17, 5, 18, 4], [15, 7, 16, 6], [8, 14, 9, 13], [19, 11, 20, 10], [21, 12, 22, 13], [14, 23, 15, 24], [5, 17, 6, 16], [3, 19, 4, 18], [1, 20, 2, 21], [22, 7, 23, 8], [9, 24, 10, 1], [11, 3, 12, 2]]"
12n_0846_74,"[[11, 3, 12, 2], [17, 5, 18, 4], [15, 7, 16, 6], [8, 14, 9, 13], [19, 11, 20, 10], [21, 12, 22, 13], [14, 23, 15, 24], [5, 17, 6, 16], [3, 19, 4, 18], [1, 20, 2, 21], [22, 7, 23, 8], [9, 24, 10, 1]]"
12n_0846_75,"[[9, 24, 10, 1], [11, 3, 12, 2], [17, 5, 18, 4], [15, 7, 16, 6], [8, 14, 9, 13], [19, 11, 20, 10], [21, 12, 22, 13], [14, 23, 15, 24], [5, 17, 6, 16], [3, 19, 4, 18], [1, 20, 2, 21], [22, 7, 23, 8]]"
12n_0846_76,"[[22, 7, 23, 8], [9, 24, 10, 1], [11, 3, 12, 2], [17, 5, 18, 4], [15, 7, 16, 6], [8, 14, 9, 13], [19, 11, 20, 10], [21, 12, 22, 13], [14, 23, 15, 24], [5, 17, 6, 16], [3, 19, 4, 18], [1, 20, 2, 21]]"
12n_0846_77,"[[1, 20, 2, 21], [22, 7, 23, 8], [9, 24, 10, 1], [11, 3, 12, 2], [17, 5, 18, 4], [15, 7, 16, 6], [8, 14, 9, 13], [19, 11, 20, 10], [21, 12, 22, 13], [14, 23, 15, 24], [5, 17, 6, 16], [3, 19, 4, 18]]"
12n_0846_78,"[[3, 19, 4, 18], [1, 20, 2, 21], [22, 7, 23, 8], [9, 24, 10, 1], [11, 3, 12, 2], [17, 5, 18, 4], [15, 7, 16, 6], [8, 14, 9, 13], [19, 11, 20, 10], [21, 12, 22, 13], [14, 23, 15, 24], [5, 17, 6, 16]]"
12n_0846_79,"[[5, 17, 6, 16], [3, 19, 4, 18], [1, 20, 2, 21], [22, 7, 23, 8], [9, 24, 10, 1], [11, 3, 12, 2], [17, 5, 18, 4], [15, 7, 16, 6], [8, 14, 9, 13], [19, 11, 20, 10], [21, 12, 22, 13], [14, 23, 15, 24]]"
12n_0846_80,"[[14, 23, 15, 24], [5, 17, 6, 16], [3, 19, 4, 18], [1, 20, 2, 21], [22, 7, 23, 8], [9, 24, 10, 1], [11, 3, 12, 2], [17, 5, 18, 4], [15, 7, 16, 6], [8, 14, 9, 13], [19, 11, 20, 10], [21, 12, 22, 13]]"
12n_0846_81,"[[21, 12, 22, 13], [14, 23, 15, 24], [5, 17, 6, 16], [3, 19, 4, 18], [1, 20, 2, 21], [22, 7, 23, 8], [9, 24, 10, 1], [11, 3, 12, 2], [17, 5, 18, 4], [15, 7, 16, 6], [8, 14, 9, 13], [19, 11, 20, 10]]"
12n_0846_82,"[[19, 11, 20, 10], [21, 12, 22, 13], [14, 23, 15, 24], [5, 17, 6, 16], [3, 19, 4, 18], [1, 20, 2, 21], [22, 7, 23, 8], [9, 24, 10, 1], [11, 3, 12, 2], [17, 5, 18, 4], [15, 7, 16, 6], [8, 14, 9, 13]]"
12n_0846_83,"[[8, 14, 9, 13], [19, 11, 20, 10], [21, 12, 22, 13], [14, 23, 15, 24], [5, 17, 6, 16], [3, 19, 4, 18], [1, 20, 2, 21], [22, 7, 23, 8], [9, 24, 10, 1], [11, 3, 12, 2], [17, 5, 18, 4], [15, 7, 16, 6]]"
12n_0846_84,"[[16, 8, 17, 7], [9, 15, 10, 14], [20, 12, 21, 11], [22, 13, 23, 14], [15, 24, 16, 1], [6, 18, 7, 17], [4, 20, 5, 19], [2, 21, 3, 22], [23, 8, 24, 9], [10, 1, 11, 2], [12, 4, 13, 3], [18, 6, 19, 5]]"
12n_0846_85,"[[18, 6, 19, 5], [16, 8, 17, 7], [9, 15, 10, 14], [20, 12, 21, 11], [22, 13, 23, 14], [15, 24, 16, 1], [6, 18, 7, 17], [4, 20, 5, 19], [2, 21, 3, 22], [23, 8, 24, 9], [10, 1, 11, 2], [12, 4, 13, 3]]"
12n_0846_86,"[[12, 4, 13, 3], [18, 6, 19, 5], [16, 8, 17, 7], [9, 15, 10, 14], [20, 12, 21, 11], [22, 13, 23, 14], [15, 24, 16, 1], [6, 18, 7, 17], [4, 20, 5, 19], [2, 21, 3, 22], [23, 8, 24, 9], [10, 1, 11, 2]]"
12n_0846_87,"[[10, 1, 11, 2], [12, 4, 13, 3], [18, 6, 19, 5], [16, 8, 17, 7], [9, 15, 10, 14], [20, 12, 21, 11], [22, 13, 23, 14], [15, 24, 16, 1], [6, 18, 7, 17], [4, 20, 5, 19], [2, 21, 3, 22], [23, 8, 24, 9]]"
12n_0846_88,"[[23, 8, 24, 9], [10, 1, 11, 2], [12, 4, 13, 3], [18, 6, 19, 5], [16, 8, 17, 7], [9, 15, 10, 14], [20, 12, 21, 11], [22, 13, 23, 14], [15, 24, 16, 1], [6, 18, 7, 17], [4, 20, 5, 19], [2, 21, 3, 22]]"
12n_0846_89,"[[2, 21, 3, 22], [23, 8, 24, 9], [10, 1, 11, 2], [12, 4, 13, 3], [18, 6, 19, 5], [16, 8, 17, 7], [9, 15, 10, 14], [20, 12, 21, 11], [22, 13, 23, 14], [15, 24, 16, 1], [6, 18, 7, 17], [4, 20, 5, 19]]"
12n_0846_90,"[[4, 20, 5, 19], [2, 21, 3, 22], [23, 8, 24, 9], [10, 1, 11, 2], [12, 4, 13, 3], [18, 6, 19, 5], [16, 8, 17, 7], [9, 15, 10, 14], [20, 12, 21, 11], [22, 13, 23, 14], [15, 24, 16, 1], [6, 18, 7, 17]]"
12n_0846_91,"[[6, 18, 7, 17], [4, 20, 5, 19], [2, 21, 3, 22], [23, 8, 24, 9], [10, 1, 11, 2], [12, 4, 13, 3], [18, 6, 19, 5], [16, 8, 17, 7], [9, 15, 10, 14], [20, 12, 21, 11], [22, 13, 23, 14], [15, 24, 16, 1]]"
12n_0846_92,"[[15, 24, 16, 1], [6, 18, 7, 17], [4, 20, 5, 19], [2, 21, 3, 22], [23, 8, 24, 9], [10, 1, 11, 2], [12, 4, 13, 3], [18, 6, 19, 5], [16, 8, 17, 7], [9, 15, 10, 14], [20, 12, 21, 11], [22, 13, 23, 14]]"
12n_0846_93,"[[22, 13, 23, 14], [15, 24, 16, 1], [6, 18, 7, 17], [4, 20, 5, 19], [2, 21, 3, 22], [23, 8, 24, 9], [10, 1, 11, 2], [12, 4, 13, 3], [18, 6, 19, 5], [16, 8, 17, 7], [9, 15, 10, 14], [20, 12, 21, 11]]"
12n_0846_94,"[[20, 12, 21, 11], [22, 13, 23, 14], [15, 24, 16, 1], [6, 18, 7, 17], [4, 20, 5, 19], [2, 21, 3, 22], [23, 8, 24, 9], [10, 1, 11, 2], [12, 4, 13, 3], [18, 6, 19, 5], [16, 8, 17, 7], [9, 15, 10, 14]]"
12n_0846_95,"[[9, 15, 10, 14], [20, 12, 21, 11], [22, 13, 23, 14], [15, 24, 16, 1], [6, 18, 7, 17], [4, 20, 5, 19], [2, 21, 3, 22], [23, 8, 24, 9], [10, 1, 11, 2], [12, 4, 13, 3], [18, 6, 19, 5], [16, 8, 17, 7]]"
12n_0846_96,"[[17, 9, 18, 8], [10, 16, 11, 15], [21, 13, 22, 12], [23, 14, 24, 15], [16, 1, 17, 2], [7, 19, 8, 18], [5, 21, 6, 20], [3, 22, 4, 23], [24, 9, 1, 10], [11, 2, 12, 3], [13, 5, 14, 4], [19, 7, 20, 6]]"
12n_0846_97,"[[19, 7, 20, 6], [17, 9, 18, 8], [10, 16, 11, 15], [21, 13, 22, 12], [23, 14, 24, 15], [16, 1, 17, 2], [7, 19, 8, 18], [5, 21, 6, 20], [3, 22, 4, 23], [24, 9, 1, 10], [11, 2, 12, 3], [13, 5, 14, 4]]"
12n_0846_98,"[[13, 5, 14, 4], [19, 7, 20, 6], [17, 9, 18, 8], [10, 16, 11, 15], [21, 13, 22, 12], [23, 14, 24, 15], [16, 1, 17, 2], [7, 19, 8, 18], [5, 21, 6, 20], [3, 22, 4, 23], [24, 9, 1, 10], [11, 2, 12, 3]]"
12n_0846_99,"[[11, 2, 12, 3], [13, 5, 14, 4], [19, 7, 20, 6], [17, 9, 18, 8], [10, 16, 11, 15], [21, 13, 22, 12], [23, 14, 24, 15], [16, 1, 17, 2], [7, 19, 8, 18], [5, 21, 6, 20], [3, 22, 4, 23], [24, 9, 1, 10]]"
12n_0846_100,"[[24, 9, 1, 10], [11, 2, 12, 3], [13, 5, 14, 4], [19, 7, 20, 6], [17, 9, 18, 8], [10, 16, 11, 15], [21, 13, 22, 12], [23, 14, 24, 15], [16, 1, 17, 2], [7, 19, 8, 18], [5, 21, 6, 20], [3, 22, 4, 23]]"
12n_0846_101,"[[3, 22, 4, 23], [24, 9, 1, 10], [11, 2, 12, 3], [13, 5, 14, 4], [19, 7, 20, 6], [17, 9, 18, 8], [10, 16, 11, 15], [21, 13, 22, 12], [23, 14, 24, 15], [16, 1, 17, 2], [7, 19, 8, 18], [5, 21, 6, 20]]"
12n_0846_102,"[[5, 21, 6, 20], [3, 22, 4, 23], [24, 9, 1, 10], [11, 2, 12, 3], [13, 5, 14, 4], [19, 7, 20, 6], [17, 9, 18, 8], [10, 16, 11, 15], [21, 13, 22, 12], [23, 14, 24, 15], [16, 1, 17, 2], [7, 19, 8, 18]]"
12n_0846_103,"[[7, 19, 8, 18], [5, 21, 6, 20], [3, 22, 4, 23], [24, 9, 1, 10], [11, 2, 12, 3], [13, 5, 14, 4], [19, 7, 20, 6], [17, 9, 18, 8], [10, 16, 11, 15], [21, 13, 22, 12], [23, 14, 24, 15], [16, 1, 17, 2]]"
12n_0846_104,"[[16, 1, 17, 2], [7, 19, 8, 18], [5, 21, 6, 20], [3, 22, 4, 23], [24, 9, 1, 10], [11, 2, 12, 3], [13, 5, 14, 4], [19, 7, 20, 6], [17, 9, 18, 8], [10, 16, 11, 15], [21, 13, 22, 12], [23, 14, 24, 15]]"
12n_0846_105,"[[23, 14, 24, 15], [16, 1, 17, 2], [7, 19, 8, 18], [5, 21, 6, 20], [3, 22, 4, 23], [24, 9, 1, 10], [11, 2, 12, 3], [13, 5, 14, 4], [19, 7, 20, 6], [17, 9, 18, 8], [10, 16, 11, 15], [21, 13, 22, 12]]"
12n_0846_106,"[[21, 13, 22, 12], [23, 14, 24, 15], [16, 1, 17, 2], [7, 19, 8, 18], [5, 21, 6, 20], [3, 22, 4, 23], [24, 9, 1, 10], [11, 2, 12, 3], [13, 5, 14, 4], [19, 7, 20, 6], [17, 9, 18, 8], [10, 16, 11, 15]]"
12n_0846_107,"[[10, 16, 11, 15], [21, 13, 22, 12], [23, 14, 24, 15], [16, 1, 17, 2], [7, 19, 8, 18], [5, 21, 6, 20], [3, 22, 4, 23], [24, 9, 1, 10], [11, 2, 12, 3], [13, 5, 14, 4], [19, 7, 20, 6], [17, 9, 18, 8]]"
12n_0846_108,"[[18, 10, 19, 9], [11, 17, 12, 16], [22, 14, 23, 13], [24, 15, 1, 16], [17, 2, 18, 3], [8, 20, 9, 19], [6, 22, 7, 21], [4, 23, 5, 24], [1, 10, 2, 11], [12, 3, 13, 4], [14, 6, 15, 5], [20, 8, 21, 7]]"
12n_0846_109,"[[20, 8, 21, 7], [18, 10, 19, 9], [11, 17, 12, 16], [22, 14, 23, 13], [24, 15, 1, 16], [17, 2, 18, 3], [8, 20, 9, 19], [6, 22, 7, 21], [4, 23, 5, 24], [1, 10, 2, 11], [12, 3, 13, 4], [14, 6, 15, 5]]"
12n_0846_110,"[[14, 6, 15, 5], [20, 8, 21, 7], [18, 10, 19, 9], [11, 17, 12, 16], [22, 14, 23, 13], [24, 15, 1, 16], [17, 2, 18, 3], [8, 20, 9, 19], [6, 22, 7, 21], [4, 23, 5, 24], [1, 10, 2, 11], [12, 3, 13, 4]]"
12n_0846_111,"[[12, 3, 13, 4], [14, 6, 15, 5], [20, 8, 21, 7], [18, 10, 19, 9], [11, 17, 12, 16], [22, 14, 23, 13], [24, 15, 1, 16], [17, 2, 18, 3], [8, 20, 9, 19], [6, 22, 7, 21], [4, 23, 5, 24], [1, 10, 2, 11]]"
12n_0846_112,"[[1, 10, 2, 11], [12, 3, 13, 4], [14, 6, 15, 5], [20, 8, 21, 7], [18, 10, 19, 9], [11, 17, 12, 16], [22, 14, 23, 13], [24, 15, 1, 16], [17, 2, 18, 3], [8, 20, 9, 19], [6, 22, 7, 21], [4, 23, 5, 24]]"
12n_0846_113,"[[4, 23, 5, 24], [1, 10, 2, 11], [12, 3, 13, 4], [14, 6, 15, 5], [20, 8, 21, 7], [18, 10, 19, 9], [11, 17, 12, 16], [22, 14, 23, 13], [24, 15, 1, 16], [17, 2, 18, 3], [8, 20, 9, 19], [6, 22, 7, 21]]"
12n_0846_114,"[[6, 22, 7, 21], [4, 23, 5, 24], [1, 10, 2, 11], [12, 3, 13, 4], [14, 6, 15, 5], [20, 8, 21, 7], [18, 10, 19, 9], [11, 17, 12, 16], [22, 14, 23, 13], [24, 15, 1, 16], [17, 2, 18, 3], [8, 20, 9, 19]]"
12n_0846_115,"[[8, 20, 9, 19], [6, 22, 7, 21], [4, 23, 5, 24], [1, 10, 2, 11], [12, 3, 13, 4], [14, 6, 15, 5], [20, 8, 21, 7], [18, 10, 19, 9], [11, 17, 12, 16], [22, 14, 23, 13], [24, 15, 1, 16], [17, 2, 18, 3]]"
12n_0846_116,"[[17, 2, 18, 3], [8, 20, 9, 19], [6, 22, 7, 21], [4, 23, 5, 24], [1, 10, 2, 11], [12, 3, 13, 4], [14, 6, 15, 5], [20, 8, 21, 7], [18, 10, 19, 9], [11, 17, 12, 16], [22, 14, 23, 13], [24, 15, 1, 16]]"
12n_0846_117,"[[24, 15, 1, 16], [17, 2, 18, 3], [8, 20, 9, 19], [6, 22, 7, 21], [4, 23, 5, 24], [1, 10, 2, 11], [12, 3, 13, 4], [14, 6, 15, 5], [20, 8, 21, 7], [18, 10, 19, 9], [11, 17, 12, 16], [22, 14, 23, 13]]"
12n_0846_118,"[[22, 14, 23, 13], [24, 15, 1, 16], [17, 2, 18, 3], [8, 20, 9, 19], [6, 22, 7, 21], [4, 23, 5, 24], [1, 10, 2, 11], [12, 3, 13, 4], [14, 6, 15, 5], [20, 8, 21, 7], [18, 10, 19, 9], [11, 17, 12, 16]]"
12n_0846_119,"[[11, 17, 12, 16], [22, 14, 23, 13], [24, 15, 1, 16], [17, 2, 18, 3], [8, 20, 9, 19], [6, 22, 7, 21], [4, 23, 5, 24], [1, 10, 2, 11], [12, 3, 13, 4], [14, 6, 15, 5], [20, 8, 21, 7], [18, 10, 19, 9]]"
12n_0846_120,"[[19, 11, 20, 10], [12, 18, 13, 17], [23, 15, 24, 14], [1, 16, 2, 17], [18, 3, 19, 4], [9, 21, 10, 20], [7, 23, 8, 22], [5, 24, 6, 1], [2, 11, 3, 12], [13, 4, 14, 5], [15, 7, 16, 6], [21, 9, 22, 8]]"
12n_0846_121,"[[21, 9, 22, 8], [19, 11, 20, 10], [12, 18, 13, 17], [23, 15, 24, 14], [1, 16, 2, 17], [18, 3, 19, 4], [9, 21, 10, 20], [7, 23, 8, 22], [5, 24, 6, 1], [2, 11, 3, 12], [13, 4, 14, 5], [15, 7, 16, 6]]"
12n_0846_122,"[[15, 7, 16, 6], [21, 9, 22, 8], [19, 11, 20, 10], [12, 18, 13, 17], [23, 15, 24, 14], [1, 16, 2, 17], [18, 3, 19, 4], [9, 21, 10, 20], [7, 23, 8, 22], [5, 24, 6, 1], [2, 11, 3, 12], [13, 4, 14, 5]]"
12n_0846_123,"[[13, 4, 14, 5], [15, 7, 16, 6], [21, 9, 22, 8], [19, 11, 20, 10], [12, 18, 13, 17], [23, 15, 24, 14], [1, 16, 2, 17], [18, 3, 19, 4], [9, 21, 10, 20], [7, 23, 8, 22], [5, 24, 6, 1], [2, 11, 3, 12]]"
12n_0846_124,"[[2, 11, 3, 12], [13, 4, 14, 5], [15, 7, 16, 6], [21, 9, 22, 8], [19, 11, 20, 10], [12, 18, 13, 17], [23, 15, 24, 14], [1, 16, 2, 17], [18, 3, 19, 4], [9, 21, 10, 20], [7, 23, 8, 22], [5, 24, 6, 1]]"
12n_0846_125,"[[5, 24, 6, 1], [2, 11, 3, 12], [13, 4, 14, 5], [15, 7, 16, 6], [21, 9, 22, 8], [19, 11, 20, 10], [12, 18, 13, 17], [23, 15, 24, 14], [1, 16, 2, 17], [18, 3, 19, 4], [9, 21, 10, 20], [7, 23, 8, 22]]"
12n_0846_126,"[[7, 23, 8, 22], [5, 24, 6, 1], [2, 11, 3, 12], [13, 4, 14, 5], [15, 7, 16, 6], [21, 9, 22, 8], [19, 11, 20, 10], [12, 18, 13, 17], [23, 15, 24, 14], [1, 16, 2, 17], [18, 3, 19, 4], [9, 21, 10, 20]]"
12n_0846_127,"[[9, 21, 10, 20], [7, 23, 8, 22], [5, 24, 6, 1], [2, 11, 3, 12], [13, 4, 14, 5], [15, 7, 16, 6], [21, 9, 22, 8], [19, 11, 20, 10], [12, 18, 13, 17], [23, 15, 24, 14], [1, 16, 2, 17], [18, 3, 19, 4]]"
12n_0846_128,"[[18, 3, 19, 4], [9, 21, 10, 20], [7, 23, 8, 22], [5, 24, 6, 1], [2, 11, 3, 12], [13, 4, 14, 5], [15, 7, 16, 6], [21, 9, 22, 8], [19, 11, 20, 10], [12, 18, 13, 17], [23, 15, 24, 14], [1, 16, 2, 17]]"
12n_0846_129,"[[1, 16, 2, 17], [18, 3, 19, 4], [9, 21, 10, 20], [7, 23, 8, 22], [5, 24, 6, 1], [2, 11, 3, 12], [13, 4, 14, 5], [15, 7, 16, 6], [21, 9, 22, 8], [19, 11, 20, 10], [12, 18, 13, 17], [23, 15, 24, 14]]"
12n_0846_130,"[[23, 15, 24, 14], [1, 16, 2, 17], [18, 3, 19, 4], [9, 21, 10, 20], [7, 23, 8, 22], [5, 24, 6, 1], [2, 11, 3, 12], [13, 4, 14, 5], [15, 7, 16, 6], [21, 9, 22, 8], [19, 11, 20, 10], [12, 18, 13, 17]]"
12n_0846_131,"[[12, 18, 13, 17], [23, 15, 24, 14], [1, 16, 2, 17], [18, 3, 19, 4], [9, 21, 10, 20], [7, 23, 8, 22], [5, 24, 6, 1], [2, 11, 3, 12], [13, 4, 14, 5], [15, 7, 16, 6], [21, 9, 22, 8], [19, 11, 20, 10]]"
12n_0846_132,"[[20, 12, 21, 11], [13, 19, 14, 18], [24, 16, 1, 15], [2, 17, 3, 18], [19, 4, 20, 5], [10, 22, 11, 21], [8, 24, 9, 23], [6, 1, 7, 2], [3, 12, 4, 13], [14, 5, 15, 6], [16, 8, 17, 7], [22, 10, 23, 9]]"
12n_0846_133,"[[22, 10, 23, 9], [20, 12, 21, 11], [13, 19, 14, 18], [24, 16, 1, 15], [2, 17, 3, 18], [19, 4, 20, 5], [10, 22, 11, 21], [8, 24, 9, 23], [6, 1, 7, 2], [3, 12, 4, 13], [14, 5, 15, 6], [16, 8, 17, 7]]"
12n_0846_134,"[[16, 8, 17, 7], [22, 10, 23, 9], [20, 12, 21, 11], [13, 19, 14, 18], [24, 16, 1, 15], [2, 17, 3, 18], [19, 4, 20, 5], [10, 22, 11, 21], [8, 24, 9, 23], [6, 1, 7, 2], [3, 12, 4, 13], [14, 5, 15, 6]]"
12n_0846_135,"[[14, 5, 15, 6], [16, 8, 17, 7], [22, 10, 23, 9], [20, 12, 21, 11], [13, 19, 14, 18], [24, 16, 1, 15], [2, 17, 3, 18], [19, 4, 20, 5], [10, 22, 11, 21], [8, 24, 9, 23], [6, 1, 7, 2], [3, 12, 4, 13]]"
12n_0846_136,"[[3, 12, 4, 13], [14, 5, 15, 6], [16, 8, 17, 7], [22, 10, 23, 9], [20, 12, 21, 11], [13, 19, 14, 18], [24, 16, 1, 15], [2, 17, 3, 18], [19, 4, 20, 5], [10, 22, 11, 21], [8, 24, 9, 23], [6, 1, 7, 2]]"
12n_0846_137,"[[6, 1, 7, 2], [3, 12, 4, 13], [14, 5, 15, 6], [16, 8, 17, 7], [22, 10, 23, 9], [20, 12, 21, 11], [13, 19, 14, 18], [24, 16, 1, 15], [2, 17, 3, 18], [19, 4, 20, 5], [10, 22, 11, 21], [8, 24, 9, 23]]"
12n_0846_138,"[[8, 24, 9, 23], [6, 1, 7, 2], [3, 12, 4, 13], [14, 5, 15, 6], [16, 8, 17, 7], [22, 10, 23, 9], [20, 12, 21, 11], [13, 19, 14, 18], [24, 16, 1, 15], [2, 17, 3, 18], [19, 4, 20, 5], [10, 22, 11, 21]]"
12n_0846_139,"[[10, 22, 11, 21], [8, 24, 9, 23], [6, 1, 7, 2], [3, 12, 4, 13], [14, 5, 15, 6], [16, 8, 17, 7], [22, 10, 23, 9], [20, 12, 21, 11], [13, 19, 14, 18], [24, 16, 1, 15], [2, 17, 3, 18], [19, 4, 20, 5]]"
12n_0846_140,"[[19, 4, 20, 5], [10, 22, 11, 21], [8, 24, 9, 23], [6, 1, 7, 2], [3, 12, 4, 13], [14, 5, 15, 6], [16, 8, 17, 7], [22, 10, 23, 9], [20, 12, 21, 11], [13, 19, 14, 18], [24, 16, 1, 15], [2, 17, 3, 18]]"
12n_0846_141,"[[2, 17, 3, 18], [19, 4, 20, 5], [10, 22, 11, 21], [8, 24, 9, 23], [6, 1, 7, 2], [3, 12, 4, 13], [14, 5, 15, 6], [16, 8, 17, 7], [22, 10, 23, 9], [20, 12, 21, 11], [13, 19, 14, 18], [24, 16, 1, 15]]"
12n_0846_142,"[[24, 16, 1, 15], [2, 17, 3, 18], [19, 4, 20, 5], [10, 22, 11, 21], [8, 24, 9, 23], [6, 1, 7, 2], [3, 12, 4, 13], [14, 5, 15, 6], [16, 8, 17, 7], [22, 10, 23, 9], [20, 12, 21, 11], [13, 19, 14, 18]]"
12n_0846_143,"[[13, 19, 14, 18], [24, 16, 1, 15], [2, 17, 3, 18], [19, 4, 20, 5], [10, 22, 11, 21], [8, 24, 9, 23], [6, 1, 7, 2], [3, 12, 4, 13], [14, 5, 15, 6], [16, 8, 17, 7], [22, 10, 23, 9], [20, 12, 21, 11]]"
12n_0846_144,"[[21, 13, 22, 12], [14, 20, 15, 19], [1, 17, 2, 16], [3, 18, 4, 19], [20, 5, 21, 6], [11, 23, 12, 22], [9, 1, 10, 24], [7, 2, 8, 3], [4, 13, 5, 14], [15, 6, 16, 7], [17, 9, 18, 8], [23, 11, 24, 10]]"
12n_0846_145,"[[23, 11, 24, 10], [21, 13, 22, 12], [14, 20, 15, 19], [1, 17, 2, 16], [3, 18, 4, 19], [20, 5, 21, 6], [11, 23, 12, 22], [9, 1, 10, 24], [7, 2, 8, 3], [4, 13, 5, 14], [15, 6, 16, 7], [17, 9, 18, 8]]"
12n_0846_146,"[[17, 9, 18, 8], [23, 11, 24, 10], [21, 13, 22, 12], [14, 20, 15, 19], [1, 17, 2, 16], [3, 18, 4, 19], [20, 5, 21, 6], [11, 23, 12, 22], [9, 1, 10, 24], [7, 2, 8, 3], [4, 13, 5, 14], [15, 6, 16, 7]]"
12n_0846_147,"[[15, 6, 16, 7], [17, 9, 18, 8], [23, 11, 24, 10], [21, 13, 22, 12], [14, 20, 15, 19], [1, 17, 2, 16], [3, 18, 4, 19], [20, 5, 21, 6], [11, 23, 12, 22], [9, 1, 10, 24], [7, 2, 8, 3], [4, 13, 5, 14]]"
12n_0846_148,"[[4, 13, 5, 14], [15, 6, 16, 7], [17, 9, 18, 8], [23, 11, 24, 10], [21, 13, 22, 12], [14, 20, 15, 19], [1, 17, 2, 16], [3, 18, 4, 19], [20, 5, 21, 6], [11, 23, 12, 22], [9, 1, 10, 24], [7, 2, 8, 3]]"
12n_0846_149,"[[7, 2, 8, 3], [4, 13, 5, 14], [15, 6, 16, 7], [17, 9, 18, 8], [23, 11, 24, 10], [21, 13, 22, 12], [14, 20, 15, 19], [1, 17, 2, 16], [3, 18, 4, 19], [20, 5, 21, 6], [11, 23, 12, 22], [9, 1, 10, 24]]"
12n_0846_150,"[[9, 1, 10, 24], [7, 2, 8, 3], [4, 13, 5, 14], [15, 6, 16, 7], [17, 9, 18, 8], [23, 11, 24, 10], [21, 13, 22, 12], [14, 20, 15, 19], [1, 17, 2, 16], [3, 18, 4, 19], [20, 5, 21, 6], [11, 23, 12, 22]]"
12n_0846_151,"[[11, 23, 12, 22], [9, 1, 10, 24], [7, 2, 8, 3], [4, 13, 5, 14], [15, 6, 16, 7], [17, 9, 18, 8], [23, 11, 24, 10], [21, 13, 22, 12], [14, 20, 15, 19], [1, 17, 2, 16], [3, 18, 4, 19], [20, 5, 21, 6]]"
12n_0846_152,"[[20, 5, 21, 6], [11, 23, 12, 22], [9, 1, 10, 24], [7, 2, 8, 3], [4, 13, 5, 14], [15, 6, 16, 7], [17, 9, 18, 8], [23, 11, 24, 10], [21, 13, 22, 12], [14, 20, 15, 19], [1, 17, 2, 16], [3, 18, 4, 19]]"
12n_0846_153,"[[3, 18, 4, 19], [20, 5, 21, 6], [11, 23, 12, 22], [9, 1, 10, 24], [7, 2, 8, 3], [4, 13, 5, 14], [15, 6, 16, 7], [17, 9, 18, 8], [23, 11, 24, 10], [21, 13, 22, 12], [14, 20, 15, 19], [1, 17, 2, 16]]"
12n_0846_154,"[[1, 17, 2, 16], [3, 18, 4, 19], [20, 5, 21, 6], [11, 23, 12, 22], [9, 1, 10, 24], [7, 2, 8, 3], [4, 13, 5, 14], [15, 6, 16, 7], [17, 9, 18, 8], [23, 11, 24, 10], [21, 13, 22, 12], [14, 20, 15, 19]]"
12n_0846_155,"[[14, 20, 15, 19], [1, 17, 2, 16], [3, 18, 4, 19], [20, 5, 21, 6], [11, 23, 12, 22], [9, 1, 10, 24], [7, 2, 8, 3], [4, 13, 5, 14], [15, 6, 16, 7], [17, 9, 18, 8], [23, 11, 24, 10], [21, 13, 22, 12]]"
12n_0846_156,"[[22, 14, 23, 13], [15, 21, 16, 20], [2, 18, 3, 17], [4, 19, 5, 20], [21, 6, 22, 7], [12, 24, 13, 23], [10, 2, 11, 1], [8, 3, 9, 4], [5, 14, 6, 15], [16, 7, 17, 8], [18, 10, 19, 9], [24, 12, 1, 11]]"
12n_0846_157,"[[24, 12, 1, 11], [22, 14, 23, 13], [15, 21, 16, 20], [2, 18, 3, 17], [4, 19, 5, 20], [21, 6, 22, 7], [12, 24, 13, 23], [10, 2, 11, 1], [8, 3, 9, 4], [5, 14, 6, 15], [16, 7, 17, 8], [18, 10, 19, 9]]"
12n_0846_158,"[[18, 10, 19, 9], [24, 12, 1, 11], [22, 14, 23, 13], [15, 21, 16, 20], [2, 18, 3, 17], [4, 19, 5, 20], [21, 6, 22, 7], [12, 24, 13, 23], [10, 2, 11, 1], [8, 3, 9, 4], [5, 14, 6, 15], [16, 7, 17, 8]]"
12n_0846_159,"[[16, 7, 17, 8], [18, 10, 19, 9], [24, 12, 1, 11], [22, 14, 23, 13], [15, 21, 16, 20], [2, 18, 3, 17], [4, 19, 5, 20], [21, 6, 22, 7], [12, 24, 13, 23], [10, 2, 11, 1], [8, 3, 9, 4], [5, 14, 6, 15]]"
12n_0846_160,"[[5, 14, 6, 15], [16, 7, 17, 8], [18, 10, 19, 9], [24, 12, 1, 11], [22, 14, 23, 13], [15, 21, 16, 20], [2, 18, 3, 17], [4, 19, 5, 20], [21, 6, 22, 7], [12, 24, 13, 23], [10, 2, 11, 1], [8, 3, 9, 4]]"
12n_0846_161,"[[8, 3, 9, 4], [5, 14, 6, 15], [16, 7, 17, 8], [18, 10, 19, 9], [24, 12, 1, 11], [22, 14, 23, 13], [15, 21, 16, 20], [2, 18, 3, 17], [4, 19, 5, 20], [21, 6, 22, 7], [12, 24, 13, 23], [10, 2, 11, 1]]"
12n_0846_162,"[[10, 2, 11, 1], [8, 3, 9, 4], [5, 14, 6, 15], [16, 7, 17, 8], [18, 10, 19, 9], [24, 12, 1, 11], [22, 14, 23, 13], [15, 21, 16, 20], [2, 18, 3, 17], [4, 19, 5, 20], [21, 6, 22, 7], [12, 24, 13, 23]]"
12n_0846_163,"[[12, 24, 13, 23], [10, 2, 11, 1], [8, 3, 9, 4], [5, 14, 6, 15], [16, 7, 17, 8], [18, 10, 19, 9], [24, 12, 1, 11], [22, 14, 23, 13], [15, 21, 16, 20], [2, 18, 3, 17], [4, 19, 5, 20], [21, 6, 22, 7]]"
12n_0846_164,"[[21, 6, 22, 7], [12, 24, 13, 23], [10, 2, 11, 1], [8, 3, 9, 4], [5, 14, 6, 15], [16, 7, 17, 8], [18, 10, 19, 9], [24, 12, 1, 11], [22, 14, 23, 13], [15, 21, 16, 20], [2, 18, 3, 17], [4, 19, 5, 20]]"
12n_0846_165,"[[4, 19, 5, 20], [21, 6, 22, 7], [12, 24, 13, 23], [10, 2, 11, 1], [8, 3, 9, 4], [5, 14, 6, 15], [16, 7, 17, 8], [18, 10, 19, 9], [24, 12, 1, 11], [22, 14, 23, 13], [15, 21, 16, 20], [2, 18, 3, 17]]"
12n_0846_166,"[[2, 18, 3, 17], [4, 19, 5, 20], [21, 6, 22, 7], [12, 24, 13, 23], [10, 2, 11, 1], [8, 3, 9, 4], [5, 14, 6, 15], [16, 7, 17, 8], [18, 10, 19, 9], [24, 12, 1, 11], [22, 14, 23, 13], [15, 21, 16, 20]]"
12n_0846_167,"[[15, 21, 16, 20], [2, 18, 3, 17], [4, 19, 5, 20], [21, 6, 22, 7], [12, 24, 13, 23], [10, 2, 11, 1], [8, 3, 9, 4], [5, 14, 6, 15], [16, 7, 17, 8], [18, 10, 19, 9], [24, 12, 1, 11], [22, 14, 23, 13]]"
12n_0846_168,"[[23, 15, 24, 14], [16, 22, 17, 21], [3, 19, 4, 18], [5, 20, 6, 21], [22, 7, 23, 8], [13, 1, 14, 24], [11, 3, 12, 2], [9, 4, 10, 5], [6, 15, 7, 16], [17, 8, 18, 9], [19, 11, 20, 10], [1, 13, 2, 12]]"
12n_0846_169,"[[1, 13, 2, 12], [23, 15, 24, 14], [16, 22, 17, 21], [3, 19, 4, 18], [5, 20, 6, 21], [22, 7, 23, 8], [13, 1, 14, 24], [11, 3, 12, 2], [9, 4, 10, 5], [6, 15, 7, 16], [17, 8, 18, 9], [19, 11, 20, 10]]"
12n_0846_170,"[[19, 11, 20, 10], [1, 13, 2, 12], [23, 15, 24, 14], [16, 22, 17, 21], [3, 19, 4, 18], [5, 20, 6, 21], [22, 7, 23, 8], [13, 1, 14, 24], [11, 3, 12, 2], [9, 4, 10, 5], [6, 15, 7, 16], [17, 8, 18, 9]]"
12n_0846_171,"[[17, 8, 18, 9], [19, 11, 20, 10], [1, 13, 2, 12], [23, 15, 24, 14], [16, 22, 17, 21], [3, 19, 4, 18], [5, 20, 6, 21], [22, 7, 23, 8], [13, 1, 14, 24], [11, 3, 12, 2], [9, 4, 10, 5], [6, 15, 7, 16]]"
12n_0846_172,"[[6, 15, 7, 16], [17, 8, 18, 9], [19, 11, 20, 10], [1, 13, 2, 12], [23, 15, 24, 14], [16, 22, 17, 21], [3, 19, 4, 18], [5, 20, 6, 21], [22, 7, 23, 8], [13, 1, 14, 24], [11, 3, 12, 2], [9, 4, 10, 5]]"
12n_0846_173,"[[9, 4, 10, 5], [6, 15, 7, 16], [17, 8, 18, 9], [19, 11, 20, 10], [1, 13, 2, 12], [23, 15, 24, 14], [16, 22, 17, 21], [3, 19, 4, 18], [5, 20, 6, 21], [22, 7, 23, 8], [13, 1, 14, 24], [11, 3, 12, 2]]"
12n_0846_174,"[[11, 3, 12, 2], [9, 4, 10, 5], [6, 15, 7, 16], [17, 8, 18, 9], [19, 11, 20, 10], [1, 13, 2, 12], [23, 15, 24, 14], [16, 22, 17, 21], [3, 19, 4, 18], [5, 20, 6, 21], [22, 7, 23, 8], [13, 1, 14, 24]]"
12n_0846_175,"[[13, 1, 14, 24], [11, 3, 12, 2], [9, 4, 10, 5], [6, 15, 7, 16], [17, 8, 18, 9], [19, 11, 20, 10], [1, 13, 2, 12], [23, 15, 24, 14], [16, 22, 17, 21], [3, 19, 4, 18], [5, 20, 6, 21], [22, 7, 23, 8]]"
12n_0846_176,"[[22, 7, 23, 8], [13, 1, 14, 24], [11, 3, 12, 2], [9, 4, 10, 5], [6, 15, 7, 16], [17, 8, 18, 9], [19, 11, 20, 10], [1, 13, 2, 12], [23, 15, 24, 14], [16, 22, 17, 21], [3, 19, 4, 18], [5, 20, 6, 21]]"
12n_0846_177,"[[5, 20, 6, 21], [22, 7, 23, 8], [13, 1, 14, 24], [11, 3, 12, 2], [9, 4, 10, 5], [6, 15, 7, 16], [17, 8, 18, 9], [19, 11, 20, 10], [1, 13, 2, 12], [23, 15, 24, 14], [16, 22, 17, 21], [3, 19, 4, 18]]"
12n_0846_178,"[[3, 19, 4, 18], [5, 20, 6, 21], [22, 7, 23, 8], [13, 1, 14, 24], [11, 3, 12, 2], [9, 4, 10, 5], [6, 15, 7, 16], [17, 8, 18, 9], [19, 11, 20, 10], [1, 13, 2, 12], [23, 15, 24, 14], [16, 22, 17, 21]]"
12n_0846_179,"[[16, 22, 17, 21], [3, 19, 4, 18], [5, 20, 6, 21], [22, 7, 23, 8], [13, 1, 14, 24], [11, 3, 12, 2], [9, 4, 10, 5], [6, 15, 7, 16], [17, 8, 18, 9], [19, 11, 20, 10], [1, 13, 2, 12], [23, 15, 24, 14]]"
12n_0846_180,"[[24, 16, 1, 15], [17, 23, 18, 22], [4, 20, 5, 19], [6, 21, 7, 22], [23, 8, 24, 9], [14, 2, 15, 1], [12, 4, 13, 3], [10, 5, 11, 6], [7, 16, 8, 17], [18, 9, 19, 10], [20, 12, 21, 11], [2, 14, 3, 13]]"
12n_0846_181,"[[2, 14, 3, 13], [24, 16, 1, 15], [17, 23, 18, 22], [4, 20, 5, 19], [6, 21, 7, 22], [23, 8, 24, 9], [14, 2, 15, 1], [12, 4, 13, 3], [10, 5, 11, 6], [7, 16, 8, 17], [18, 9, 19, 10], [20, 12, 21, 11]]"
12n_0846_182,"[[20, 12, 21, 11], [2, 14, 3, 13], [24, 16, 1, 15], [17, 23, 18, 22], [4, 20, 5, 19], [6, 21, 7, 22], [23, 8, 24, 9], [14, 2, 15, 1], [12, 4, 13, 3], [10, 5, 11, 6], [7, 16, 8, 17], [18, 9, 19, 10]]"
12n_0846_183,"[[18, 9, 19, 10], [20, 12, 21, 11], [2, 14, 3, 13], [24, 16, 1, 15], [17, 23, 18, 22], [4, 20, 5, 19], [6, 21, 7, 22], [23, 8, 24, 9], [14, 2, 15, 1], [12, 4, 13, 3], [10, 5, 11, 6], [7, 16, 8, 17]]"
12n_0846_184,"[[7, 16, 8, 17], [18, 9, 19, 10], [20, 12, 21, 11], [2, 14, 3, 13], [24, 16, 1, 15], [17, 23, 18, 22], [4, 20, 5, 19], [6, 21, 7, 22], [23, 8, 24, 9], [14, 2, 15, 1], [12, 4, 13, 3], [10, 5, 11, 6]]"
12n_0846_185,"[[10, 5, 11, 6], [7, 16, 8, 17], [18, 9, 19, 10], [20, 12, 21, 11], [2, 14, 3, 13], [24, 16, 1, 15], [17, 23, 18, 22], [4, 20, 5, 19], [6, 21, 7, 22], [23, 8, 24, 9], [14, 2, 15, 1], [12, 4, 13, 3]]"
