name,pd_notation
12n_0801_0,"[[15, 1, 16, 24], [2, 8, 3, 7], [4, 12, 5, 11], [19, 6, 20, 7], [8, 24, 9, 23], [10, 4, 11, 3], [17, 13, 18, 12], [1, 15, 2, 14], [21, 17, 22, 16], [5, 18, 6, 19], [13, 21, 14, 20], [22, 10, 23, 9]]"
12n_0801_1,"[[22, 10, 23, 9], [15, 1, 16, 24], [2, 8, 3, 7], [4, 12, 5, 11], [19, 6, 20, 7], [8, 24, 9, 23], [10, 4, 11, 3], [17, 13, 18, 12], [1, 15, 2, 14], [21, 17, 22, 16], [5, 18, 6, 19], [13, 21, 14, 20]]"
12n_0801_2,"[[13, 21, 14, 20], [22, 10, 23, 9], [15, 1, 16, 24], [2, 8, 3, 7], [4, 12, 5, 11], [19, 6, 20, 7], [8, 24, 9, 23], [10, 4, 11, 3], [17, 13, 18, 12], [1, 15, 2, 14], [21, 17, 22, 16], [5, 18, 6, 19]]"
12n_0801_3,"[[5, 18, 6, 19], [13, 21, 14, 20], [22, 10, 23, 9], [15, 1, 16, 24], [2, 8, 3, 7], [4, 12, 5, 11], [19, 6, 20, 7], [8, 24, 9, 23], [10, 4, 11, 3], [17, 13, 18, 12], [1, 15, 2, 14], [21, 17, 22, 16]]"
12n_0801_4,"[[21, 17, 22, 16], [5, 18, 6, 19], [13, 21, 14, 20], [22, 10, 23, 9], [15, 1, 16, 24], [2, 8, 3, 7], [4, 12, 5, 11], [19, 6, 20, 7], [8, 24, 9, 23], [10, 4, 11, 3], [17, 13, 18, 12], [1, 15, 2, 14]]"
12n_0801_5,"[[1, 15, 2, 14], [21, 17, 22, 16], [5, 18, 6, 19], [13, 21, 14, 20], [22, 10, 23, 9], [15, 1, 16, 24], [2, 8, 3, 7], [4, 12, 5, 11], [19, 6, 20, 7], [8, 24, 9, 23], [10, 4, 11, 3], [17, 13, 18, 12]]"
12n_0801_6,"[[17, 13, 18, 12], [1, 15, 2, 14], [21, 17, 22, 16], [5, 18, 6, 19], [13, 21, 14, 20], [22, 10, 23, 9], [15, 1, 16, 24], [2, 8, 3, 7], [4, 12, 5, 11], [19, 6, 20, 7], [8, 24, 9, 23], [10, 4, 11, 3]]"
12n_0801_7,"[[10, 4, 11, 3], [17, 13, 18, 12], [1, 15, 2, 14], [21, 17, 22, 16], [5, 18, 6, 19], [13, 21, 14, 20], [22, 10, 23, 9], [15, 1, 16, 24], [2, 8, 3, 7], [4, 12, 5, 11], [19, 6, 20, 7], [8, 24, 9, 23]]"
12n_0801_8,"[[8, 24, 9, 23], [10, 4, 11, 3], [17, 13, 18, 12], [1, 15, 2, 14], [21, 17, 22, 16], [5, 18, 6, 19], [13, 21, 14, 20], [22, 10, 23, 9], [15, 1, 16, 24], [2, 8, 3, 7], [4, 12, 5, 11], [19, 6, 20, 7]]"
12n_0801_9,"[[19, 6, 20, 7], [8, 24, 9, 23], [10, 4, 11, 3], [17, 13, 18, 12], [1, 15, 2, 14], [21, 17, 22, 16], [5, 18, 6, 19], [13, 21, 14, 20], [22, 10, 23, 9], [15, 1, 16, 24], [2, 8, 3, 7], [4, 12, 5, 11]]"
12n_0801_10,"[[4, 12, 5, 11], [19, 6, 20, 7], [8, 24, 9, 23], [10, 4, 11, 3], [17, 13, 18, 12], [1, 15, 2, 14], [21, 17, 22, 16], [5, 18, 6, 19], [13, 21, 14, 20], [22, 10, 23, 9], [15, 1, 16, 24], [2, 8, 3, 7]]"
12n_0801_11,"[[2, 8, 3, 7], [4, 12, 5, 11], [19, 6, 20, 7], [8, 24, 9, 23], [10, 4, 11, 3], [17, 13, 18, 12], [1, 15, 2, 14], [21, 17, 22, 16], [5, 18, 6, 19], [13, 21, 14, 20], [22, 10, 23, 9], [15, 1, 16, 24]]"
12n_0801_12,"[[16, 2, 17, 1], [3, 9, 4, 8], [5, 13, 6, 12], [20, 7, 21, 8], [9, 1, 10, 24], [11, 5, 12, 4], [18, 14, 19, 13], [2, 16, 3, 15], [22, 18, 23, 17], [6, 19, 7, 20], [14, 22, 15, 21], [23, 11, 24, 10]]"
12n_0801_13,"[[23, 11, 24, 10], [16, 2, 17, 1], [3, 9, 4, 8], [5, 13, 6, 12], [20, 7, 21, 8], [9, 1, 10, 24], [11, 5, 12, 4], [18, 14, 19, 13], [2, 16, 3, 15], [22, 18, 23, 17], [6, 19, 7, 20], [14, 22, 15, 21]]"
12n_0801_14,"[[14, 22, 15, 21], [23, 11, 24, 10], [16, 2, 17, 1], [3, 9, 4, 8], [5, 13, 6, 12], [20, 7, 21, 8], [9, 1, 10, 24], [11, 5, 12, 4], [18, 14, 19, 13], [2, 16, 3, 15], [22, 18, 23, 17], [6, 19, 7, 20]]"
12n_0801_15,"[[6, 19, 7, 20], [14, 22, 15, 21], [23, 11, 24, 10], [16, 2, 17, 1], [3, 9, 4, 8], [5, 13, 6, 12], [20, 7, 21, 8], [9, 1, 10, 24], [11, 5, 12, 4], [18, 14, 19, 13], [2, 16, 3, 15], [22, 18, 23, 17]]"
12n_0801_16,"[[22, 18, 23, 17], [6, 19, 7, 20], [14, 22, 15, 21], [23, 11, 24, 10], [16, 2, 17, 1], [3, 9, 4, 8], [5, 13, 6, 12], [20, 7, 21, 8], [9, 1, 10, 24], [11, 5, 12, 4], [18, 14, 19, 13], [2, 16, 3, 15]]"
12n_0801_17,"[[2, 16, 3, 15], [22, 18, 23, 17], [6, 19, 7, 20], [14, 22, 15, 21], [23, 11, 24, 10], [16, 2, 17, 1], [3, 9, 4, 8], [5, 13, 6, 12], [20, 7, 21, 8], [9, 1, 10, 24], [11, 5, 12, 4], [18, 14, 19, 13]]"
12n_0801_18,"[[18, 14, 19, 13], [2, 16, 3, 15], [22, 18, 23, 17], [6, 19, 7, 20], [14, 22, 15, 21], [23, 11, 24, 10], [16, 2, 17, 1], [3, 9, 4, 8], [5, 13, 6, 12], [20, 7, 21, 8], [9, 1, 10, 24], [11, 5, 12, 4]]"
12n_0801_19,"[[11, 5, 12, 4], [18, 14, 19, 13], [2, 16, 3, 15], [22, 18, 23, 17], [6, 19, 7, 20], [14, 22, 15, 21], [23, 11, 24, 10], [16, 2, 17, 1], [3, 9, 4, 8], [5, 13, 6, 12], [20, 7, 21, 8], [9, 1, 10, 24]]"
12n_0801_20,"[[9, 1, 10, 24], [11, 5, 12, 4], [18, 14, 19, 13], [2, 16, 3, 15], [22, 18, 23, 17], [6, 19, 7, 20], [14, 22, 15, 21], [23, 11, 24, 10], [16, 2, 17, 1], [3, 9, 4, 8], [5, 13, 6, 12], [20, 7, 21, 8]]"
12n_0801_21,"[[20, 7, 21, 8], [9, 1, 10, 24], [11, 5, 12, 4], [18, 14, 19, 13], [2, 16, 3, 15], [22, 18, 23, 17], [6, 19, 7, 20], [14, 22, 15, 21], [23, 11, 24, 10], [16, 2, 17, 1], [3, 9, 4, 8], [5, 13, 6, 12]]"
12n_0801_22,"[[5, 13, 6, 12], [20, 7, 21, 8], [9, 1, 10, 24], [11, 5, 12, 4], [18, 14, 19, 13], [2, 16, 3, 15], [22, 18, 23, 17], [6, 19, 7, 20], [14, 22, 15, 21], [23, 11, 24, 10], [16, 2, 17, 1], [3, 9, 4, 8]]"
12n_0801_23,"[[3, 9, 4, 8], [5, 13, 6, 12], [20, 7, 21, 8], [9, 1, 10, 24], [11, 5, 12, 4], [18, 14, 19, 13], [2, 16, 3, 15], [22, 18, 23, 17], [6, 19, 7, 20], [14, 22, 15, 21], [23, 11, 24, 10], [16, 2, 17, 1]]"
12n_0801_24,"[[17, 3, 18, 2], [4, 10, 5, 9], [6, 14, 7, 13], [21, 8, 22, 9], [10, 2, 11, 1], [12, 6, 13, 5], [19, 15, 20, 14], [3, 17, 4, 16], [23, 19, 24, 18], [7, 20, 8, 21], [15, 23, 16, 22], [24, 12, 1, 11]]"
12n_0801_25,"[[24, 12, 1, 11], [17, 3, 18, 2], [4, 10, 5, 9], [6, 14, 7, 13], [21, 8, 22, 9], [10, 2, 11, 1], [12, 6, 13, 5], [19, 15, 20, 14], [3, 17, 4, 16], [23, 19, 24, 18], [7, 20, 8, 21], [15, 23, 16, 22]]"
12n_0801_26,"[[15, 23, 16, 22], [24, 12, 1, 11], [17, 3, 18, 2], [4, 10, 5, 9], [6, 14, 7, 13], [21, 8, 22, 9], [10, 2, 11, 1], [12, 6, 13, 5], [19, 15, 20, 14], [3, 17, 4, 16], [23, 19, 24, 18], [7, 20, 8, 21]]"
12n_0801_27,"[[7, 20, 8, 21], [15, 23, 16, 22], [24, 12, 1, 11], [17, 3, 18, 2], [4, 10, 5, 9], [6, 14, 7, 13], [21, 8, 22, 9], [10, 2, 11, 1], [12, 6, 13, 5], [19, 15, 20, 14], [3, 17, 4, 16], [23, 19, 24, 18]]"
12n_0801_28,"[[23, 19, 24, 18], [7, 20, 8, 21], [15, 23, 16, 22], [24, 12, 1, 11], [17, 3, 18, 2], [4, 10, 5, 9], [6, 14, 7, 13], [21, 8, 22, 9], [10, 2, 11, 1], [12, 6, 13, 5], [19, 15, 20, 14], [3, 17, 4, 16]]"
12n_0801_29,"[[3, 17, 4, 16], [23, 19, 24, 18], [7, 20, 8, 21], [15, 23, 16, 22], [24, 12, 1, 11], [17, 3, 18, 2], [4, 10, 5, 9], [6, 14, 7, 13], [21, 8, 22, 9], [10, 2, 11, 1], [12, 6, 13, 5], [19, 15, 20, 14]]"
12n_0801_30,"[[19, 15, 20, 14], [3, 17, 4, 16], [23, 19, 24, 18], [7, 20, 8, 21], [15, 23, 16, 22], [24, 12, 1, 11], [17, 3, 18, 2], [4, 10, 5, 9], [6, 14, 7, 13], [21, 8, 22, 9], [10, 2, 11, 1], [12, 6, 13, 5]]"
12n_0801_31,"[[12, 6, 13, 5], [19, 15, 20, 14], [3, 17, 4, 16], [23, 19, 24, 18], [7, 20, 8, 21], [15, 23, 16, 22], [24, 12, 1, 11], [17, 3, 18, 2], [4, 10, 5, 9], [6, 14, 7, 13], [21, 8, 22, 9], [10, 2, 11, 1]]"
12n_0801_32,"[[10, 2, 11, 1], [12, 6, 13, 5], [19, 15, 20, 14], [3, 17, 4, 16], [23, 19, 24, 18], [7, 20, 8, 21], [15, 23, 16, 22], [24, 12, 1, 11], [17, 3, 18, 2], [4, 10, 5, 9], [6, 14, 7, 13], [21, 8, 22, 9]]"
12n_0801_33,"[[21, 8, 22, 9], [10, 2, 11, 1], [12, 6, 13, 5], [19, 15, 20, 14], [3, 17, 4, 16], [23, 19, 24, 18], [7, 20, 8, 21], [15, 23, 16, 22], [24, 12, 1, 11], [17, 3, 18, 2], [4, 10, 5, 9], [6, 14, 7, 13]]"
12n_0801_34,"[[6, 14, 7, 13], [21, 8, 22, 9], [10, 2, 11, 1], [12, 6, 13, 5], [19, 15, 20, 14], [3, 17, 4, 16], [23, 19, 24, 18], [7, 20, 8, 21], [15, 23, 16, 22], [24, 12, 1, 11], [17, 3, 18, 2], [4, 10, 5, 9]]"
12n_0801_35,"[[4, 10, 5, 9], [6, 14, 7, 13], [21, 8, 22, 9], [10, 2, 11, 1], [12, 6, 13, 5], [19, 15, 20, 14], [3, 17, 4, 16], [23, 19, 24, 18], [7, 20, 8, 21], [15, 23, 16, 22], [24, 12, 1, 11], [17, 3, 18, 2]]"
12n_0801_36,"[[18, 4, 19, 3], [5, 11, 6, 10], [7, 15, 8, 14], [22, 9, 23, 10], [11, 3, 12, 2], [13, 7, 14, 6], [20, 16, 21, 15], [4, 18, 5, 17], [24, 20, 1, 19], [8, 21, 9, 22], [16, 24, 17, 23], [1, 13, 2, 12]]"
12n_0801_37,"[[1, 13, 2, 12], [18, 4, 19, 3], [5, 11, 6, 10], [7, 15, 8, 14], [22, 9, 23, 10], [11, 3, 12, 2], [13, 7, 14, 6], [20, 16, 21, 15], [4, 18, 5, 17], [24, 20, 1, 19], [8, 21, 9, 22], [16, 24, 17, 23]]"
12n_0801_38,"[[16, 24, 17, 23], [1, 13, 2, 12], [18, 4, 19, 3], [5, 11, 6, 10], [7, 15, 8, 14], [22, 9, 23, 10], [11, 3, 12, 2], [13, 7, 14, 6], [20, 16, 21, 15], [4, 18, 5, 17], [24, 20, 1, 19], [8, 21, 9, 22]]"
12n_0801_39,"[[8, 21, 9, 22], [16, 24, 17, 23], [1, 13, 2, 12], [18, 4, 19, 3], [5, 11, 6, 10], [7, 15, 8, 14], [22, 9, 23, 10], [11, 3, 12, 2], [13, 7, 14, 6], [20, 16, 21, 15], [4, 18, 5, 17], [24, 20, 1, 19]]"
12n_0801_40,"[[24, 20, 1, 19], [8, 21, 9, 22], [16, 24, 17, 23], [1, 13, 2, 12], [18, 4, 19, 3], [5, 11, 6, 10], [7, 15, 8, 14], [22, 9, 23, 10], [11, 3, 12, 2], [13, 7, 14, 6], [20, 16, 21, 15], [4, 18, 5, 17]]"
12n_0801_41,"[[4, 18, 5, 17], [24, 20, 1, 19], [8, 21, 9, 22], [16, 24, 17, 23], [1, 13, 2, 12], [18, 4, 19, 3], [5, 11, 6, 10], [7, 15, 8, 14], [22, 9, 23, 10], [11, 3, 12, 2], [13, 7, 14, 6], [20, 16, 21, 15]]"
12n_0801_42,"[[20, 16, 21, 15], [4, 18, 5, 17], [24, 20, 1, 19], [8, 21, 9, 22], [16, 24, 17, 23], [1, 13, 2, 12], [18, 4, 19, 3], [5, 11, 6, 10], [7, 15, 8, 14], [22, 9, 23, 10], [11, 3, 12, 2], [13, 7, 14, 6]]"
12n_0801_43,"[[13, 7, 14, 6], [20, 16, 21, 15], [4, 18, 5, 17], [24, 20, 1, 19], [8, 21, 9, 22], [16, 24, 17, 23], [1, 13, 2, 12], [18, 4, 19, 3], [5, 11, 6, 10], [7, 15, 8, 14], [22, 9, 23, 10], [11, 3, 12, 2]]"
12n_0801_44,"[[11, 3, 12, 2], [13, 7, 14, 6], [20, 16, 21, 15], [4, 18, 5, 17], [24, 20, 1, 19], [8, 21, 9, 22], [16, 24, 17, 23], [1, 13, 2, 12], [18, 4, 19, 3], [5, 11, 6, 10], [7, 15, 8, 14], [22, 9, 23, 10]]"
12n_0801_45,"[[22, 9, 23, 10], [11, 3, 12, 2], [13, 7, 14, 6], [20, 16, 21, 15], [4, 18, 5, 17], [24, 20, 1, 19], [8, 21, 9, 22], [16, 24, 17, 23], [1, 13, 2, 12], [18, 4, 19, 3], [5, 11, 6, 10], [7, 15, 8, 14]]"
12n_0801_46,"[[7, 15, 8, 14], [22, 9, 23, 10], [11, 3, 12, 2], [13, 7, 14, 6], [20, 16, 21, 15], [4, 18, 5, 17], [24, 20, 1, 19], [8, 21, 9, 22], [16, 24, 17, 23], [1, 13, 2, 12], [18, 4, 19, 3], [5, 11, 6, 10]]"
12n_0801_47,"[[5, 11, 6, 10], [7, 15, 8, 14], [22, 9, 23, 10], [11, 3, 12, 2], [13, 7, 14, 6], [20, 16, 21, 15], [4, 18, 5, 17], [24, 20, 1, 19], [8, 21, 9, 22], [16, 24, 17, 23], [1, 13, 2, 12], [18, 4, 19, 3]]"
12n_0801_48,"[[19, 5, 20, 4], [6, 12, 7, 11], [8, 16, 9, 15], [23, 10, 24, 11], [12, 4, 13, 3], [14, 8, 15, 7], [21, 17, 22, 16], [5, 19, 6, 18], [1, 21, 2, 20], [9, 22, 10, 23], [17, 1, 18, 24], [2, 14, 3, 13]]"
12n_0801_49,"[[2, 14, 3, 13], [19, 5, 20, 4], [6, 12, 7, 11], [8, 16, 9, 15], [23, 10, 24, 11], [12, 4, 13, 3], [14, 8, 15, 7], [21, 17, 22, 16], [5, 19, 6, 18], [1, 21, 2, 20], [9, 22, 10, 23], [17, 1, 18, 24]]"
12n_0801_50,"[[17, 1, 18, 24], [2, 14, 3, 13], [19, 5, 20, 4], [6, 12, 7, 11], [8, 16, 9, 15], [23, 10, 24, 11], [12, 4, 13, 3], [14, 8, 15, 7], [21, 17, 22, 16], [5, 19, 6, 18], [1, 21, 2, 20], [9, 22, 10, 23]]"
12n_0801_51,"[[9, 22, 10, 23], [17, 1, 18, 24], [2, 14, 3, 13], [19, 5, 20, 4], [6, 12, 7, 11], [8, 16, 9, 15], [23, 10, 24, 11], [12, 4, 13, 3], [14, 8, 15, 7], [21, 17, 22, 16], [5, 19, 6, 18], [1, 21, 2, 20]]"
12n_0801_52,"[[1, 21, 2, 20], [9, 22, 10, 23], [17, 1, 18, 24], [2, 14, 3, 13], [19, 5, 20, 4], [6, 12, 7, 11], [8, 16, 9, 15], [23, 10, 24, 11], [12, 4, 13, 3], [14, 8, 15, 7], [21, 17, 22, 16], [5, 19, 6, 18]]"
12n_0801_53,"[[5, 19, 6, 18], [1, 21, 2, 20], [9, 22, 10, 23], [17, 1, 18, 24], [2, 14, 3, 13], [19, 5, 20, 4], [6, 12, 7, 11], [8, 16, 9, 15], [23, 10, 24, 11], [12, 4, 13, 3], [14, 8, 15, 7], [21, 17, 22, 16]]"
12n_0801_54,"[[21, 17, 22, 16], [5, 19, 6, 18], [1, 21, 2, 20], [9, 22, 10, 23], [17, 1, 18, 24], [2, 14, 3, 13], [19, 5, 20, 4], [6, 12, 7, 11], [8, 16, 9, 15], [23, 10, 24, 11], [12, 4, 13, 3], [14, 8, 15, 7]]"
12n_0801_55,"[[14, 8, 15, 7], [21, 17, 22, 16], [5, 19, 6, 18], [1, 21, 2, 20], [9, 22, 10, 23], [17, 1, 18, 24], [2, 14, 3, 13], [19, 5, 20, 4], [6, 12, 7, 11], [8, 16, 9, 15], [23, 10, 24, 11], [12, 4, 13, 3]]"
12n_0801_56,"[[12, 4, 13, 3], [14, 8, 15, 7], [21, 17, 22, 16], [5, 19, 6, 18], [1, 21, 2, 20], [9, 22, 10, 23], [17, 1, 18, 24], [2, 14, 3, 13], [19, 5, 20, 4], [6, 12, 7, 11], [8, 16, 9, 15], [23, 10, 24, 11]]"
12n_0801_57,"[[23, 10, 24, 11], [12, 4, 13, 3], [14, 8, 15, 7], [21, 17, 22, 16], [5, 19, 6, 18], [1, 21, 2, 20], [9, 22, 10, 23], [17, 1, 18, 24], [2, 14, 3, 13], [19, 5, 20, 4], [6, 12, 7, 11], [8, 16, 9, 15]]"
12n_0801_58,"[[8, 16, 9, 15], [23, 10, 24, 11], [12, 4, 13, 3], [14, 8, 15, 7], [21, 17, 22, 16], [5, 19, 6, 18], [1, 21, 2, 20], [9, 22, 10, 23], [17, 1, 18, 24], [2, 14, 3, 13], [19, 5, 20, 4], [6, 12, 7, 11]]"
12n_0801_59,"[[6, 12, 7, 11], [8, 16, 9, 15], [23, 10, 24, 11], [12, 4, 13, 3], [14, 8, 15, 7], [21, 17, 22, 16], [5, 19, 6, 18], [1, 21, 2, 20], [9, 22, 10, 23], [17, 1, 18, 24], [2, 14, 3, 13], [19, 5, 20, 4]]"
12n_0801_60,"[[20, 6, 21, 5], [7, 13, 8, 12], [9, 17, 10, 16], [24, 11, 1, 12], [13, 5, 14, 4], [15, 9, 16, 8], [22, 18, 23, 17], [6, 20, 7, 19], [2, 22, 3, 21], [10, 23, 11, 24], [18, 2, 19, 1], [3, 15, 4, 14]]"
12n_0801_61,"[[3, 15, 4, 14], [20, 6, 21, 5], [7, 13, 8, 12], [9, 17, 10, 16], [24, 11, 1, 12], [13, 5, 14, 4], [15, 9, 16, 8], [22, 18, 23, 17], [6, 20, 7, 19], [2, 22, 3, 21], [10, 23, 11, 24], [18, 2, 19, 1]]"
12n_0801_62,"[[18, 2, 19, 1], [3, 15, 4, 14], [20, 6, 21, 5], [7, 13, 8, 12], [9, 17, 10, 16], [24, 11, 1, 12], [13, 5, 14, 4], [15, 9, 16, 8], [22, 18, 23, 17], [6, 20, 7, 19], [2, 22, 3, 21], [10, 23, 11, 24]]"
12n_0801_63,"[[10, 23, 11, 24], [18, 2, 19, 1], [3, 15, 4, 14], [20, 6, 21, 5], [7, 13, 8, 12], [9, 17, 10, 16], [24, 11, 1, 12], [13, 5, 14, 4], [15, 9, 16, 8], [22, 18, 23, 17], [6, 20, 7, 19], [2, 22, 3, 21]]"
12n_0801_64,"[[2, 22, 3, 21], [10, 23, 11, 24], [18, 2, 19, 1], [3, 15, 4, 14], [20, 6, 21, 5], [7, 13, 8, 12], [9, 17, 10, 16], [24, 11, 1, 12], [13, 5, 14, 4], [15, 9, 16, 8], [22, 18, 23, 17], [6, 20, 7, 19]]"
12n_0801_65,"[[6, 20, 7, 19], [2, 22, 3, 21], [10, 23, 11, 24], [18, 2, 19, 1], [3, 15, 4, 14], [20, 6, 21, 5], [7, 13, 8, 12], [9, 17, 10, 16], [24, 11, 1, 12], [13, 5, 14, 4], [15, 9, 16, 8], [22, 18, 23, 17]]"
12n_0801_66,"[[22, 18, 23, 17], [6, 20, 7, 19], [2, 22, 3, 21], [10, 23, 11, 24], [18, 2, 19, 1], [3, 15, 4, 14], [20, 6, 21, 5], [7, 13, 8, 12], [9, 17, 10, 16], [24, 11, 1, 12], [13, 5, 14, 4], [15, 9, 16, 8]]"
12n_0801_67,"[[15, 9, 16, 8], [22, 18, 23, 17], [6, 20, 7, 19], [2, 22, 3, 21], [10, 23, 11, 24], [18, 2, 19, 1], [3, 15, 4, 14], [20, 6, 21, 5], [7, 13, 8, 12], [9, 17, 10, 16], [24, 11, 1, 12], [13, 5, 14, 4]]"
12n_0801_68,"[[13, 5, 14, 4], [15, 9, 16, 8], [22, 18, 23, 17], [6, 20, 7, 19], [2, 22, 3, 21], [10, 23, 11, 24], [18, 2, 19, 1], [3, 15, 4, 14], [20, 6, 21, 5], [7, 13, 8, 12], [9, 17, 10, 16], [24, 11, 1, 12]]"
12n_0801_69,"[[24, 11, 1, 12], [13, 5, 14, 4], [15, 9, 16, 8], [22, 18, 23, 17], [6, 20, 7, 19], [2, 22, 3, 21], [10, 23, 11, 24], [18, 2, 19, 1], [3, 15, 4, 14], [20, 6, 21, 5], [7, 13, 8, 12], [9, 17, 10, 16]]"
12n_0801_70,"[[9, 17, 10, 16], [24, 11, 1, 12], [13, 5, 14, 4], [15, 9, 16, 8], [22, 18, 23, 17], [6, 20, 7, 19], [2, 22, 3, 21], [10, 23, 11, 24], [18, 2, 19, 1], [3, 15, 4, 14], [20, 6, 21, 5], [7, 13, 8, 12]]"
12n_0801_71,"[[7, 13, 8, 12], [9, 17, 10, 16], [24, 11, 1, 12], [13, 5, 14, 4], [15, 9, 16, 8], [22, 18, 23, 17], [6, 20, 7, 19], [2, 22, 3, 21], [10, 23, 11, 24], [18, 2, 19, 1], [3, 15, 4, 14], [20, 6, 21, 5]]"
12n_0801_72,"[[21, 7, 22, 6], [8, 14, 9, 13], [10, 18, 11, 17], [1, 12, 2, 13], [14, 6, 15, 5], [16, 10, 17, 9], [23, 19, 24, 18], [7, 21, 8, 20], [3, 23, 4, 22], [11, 24, 12, 1], [19, 3, 20, 2], [4, 16, 5, 15]]"
12n_0801_73,"[[4, 16, 5, 15], [21, 7, 22, 6], [8, 14, 9, 13], [10, 18, 11, 17], [1, 12, 2, 13], [14, 6, 15, 5], [16, 10, 17, 9], [23, 19, 24, 18], [7, 21, 8, 20], [3, 23, 4, 22], [11, 24, 12, 1], [19, 3, 20, 2]]"
12n_0801_74,"[[19, 3, 20, 2], [4, 16, 5, 15], [21, 7, 22, 6], [8, 14, 9, 13], [10, 18, 11, 17], [1, 12, 2, 13], [14, 6, 15, 5], [16, 10, 17, 9], [23, 19, 24, 18], [7, 21, 8, 20], [3, 23, 4, 22], [11, 24, 12, 1]]"
12n_0801_75,"[[11, 24, 12, 1], [19, 3, 20, 2], [4, 16, 5, 15], [21, 7, 22, 6], [8, 14, 9, 13], [10, 18, 11, 17], [1, 12, 2, 13], [14, 6, 15, 5], [16, 10, 17, 9], [23, 19, 24, 18], [7, 21, 8, 20], [3, 23, 4, 22]]"
12n_0801_76,"[[3, 23, 4, 22], [11, 24, 12, 1], [19, 3, 20, 2], [4, 16, 5, 15], [21, 7, 22, 6], [8, 14, 9, 13], [10, 18, 11, 17], [1, 12, 2, 13], [14, 6, 15, 5], [16, 10, 17, 9], [23, 19, 24, 18], [7, 21, 8, 20]]"
12n_0801_77,"[[7, 21, 8, 20], [3, 23, 4, 22], [11, 24, 12, 1], [19, 3, 20, 2], [4, 16, 5, 15], [21, 7, 22, 6], [8, 14, 9, 13], [10, 18, 11, 17], [1, 12, 2, 13], [14, 6, 15, 5], [16, 10, 17, 9], [23, 19, 24, 18]]"
12n_0801_78,"[[23, 19, 24, 18], [7, 21, 8, 20], [3, 23, 4, 22], [11, 24, 12, 1], [19, 3, 20, 2], [4, 16, 5, 15], [21, 7, 22, 6], [8, 14, 9, 13], [10, 18, 11, 17], [1, 12, 2, 13], [14, 6, 15, 5], [16, 10, 17, 9]]"
12n_0801_79,"[[16, 10, 17, 9], [23, 19, 24, 18], [7, 21, 8, 20], [3, 23, 4, 22], [11, 24, 12, 1], [19, 3, 20, 2], [4, 16, 5, 15], [21, 7, 22, 6], [8, 14, 9, 13], [10, 18, 11, 17], [1, 12, 2, 13], [14, 6, 15, 5]]"
12n_0801_80,"[[14, 6, 15, 5], [16, 10, 17, 9], [23, 19, 24, 18], [7, 21, 8, 20], [3, 23, 4, 22], [11, 24, 12, 1], [19, 3, 20, 2], [4, 16, 5, 15], [21, 7, 22, 6], [8, 14, 9, 13], [10, 18, 11, 17], [1, 12, 2, 13]]"
12n_0801_81,"[[1, 12, 2, 13], [14, 6, 15, 5], [16, 10, 17, 9], [23, 19, 24, 18], [7, 21, 8, 20], [3, 23, 4, 22], [11, 24, 12, 1], [19, 3, 20, 2], [4, 16, 5, 15], [21, 7, 22, 6], [8, 14, 9, 13], [10, 18, 11, 17]]"
12n_0801_82,"[[10, 18, 11, 17], [1, 12, 2, 13], [14, 6, 15, 5], [16, 10, 17, 9], [23, 19, 24, 18], [7, 21, 8, 20], [3, 23, 4, 22], [11, 24, 12, 1], [19, 3, 20, 2], [4, 16, 5, 15], [21, 7, 22, 6], [8, 14, 9, 13]]"
12n_0801_83,"[[8, 14, 9, 13], [10, 18, 11, 17], [1, 12, 2, 13], [14, 6, 15, 5], [16, 10, 17, 9], [23, 19, 24, 18], [7, 21, 8, 20], [3, 23, 4, 22], [11, 24, 12, 1], [19, 3, 20, 2], [4, 16, 5, 15], [21, 7, 22, 6]]"
12n_0801_84,"[[22, 8, 23, 7], [9, 15, 10, 14], [11, 19, 12, 18], [2, 13, 3, 14], [15, 7, 16, 6], [17, 11, 18, 10], [24, 20, 1, 19], [8, 22, 9, 21], [4, 24, 5, 23], [12, 1, 13, 2], [20, 4, 21, 3], [5, 17, 6, 16]]"
12n_0801_85,"[[5, 17, 6, 16], [22, 8, 23, 7], [9, 15, 10, 14], [11, 19, 12, 18], [2, 13, 3, 14], [15, 7, 16, 6], [17, 11, 18, 10], [24, 20, 1, 19], [8, 22, 9, 21], [4, 24, 5, 23], [12, 1, 13, 2], [20, 4, 21, 3]]"
12n_0801_86,"[[20, 4, 21, 3], [5, 17, 6, 16], [22, 8, 23, 7], [9, 15, 10, 14], [11, 19, 12, 18], [2, 13, 3, 14], [15, 7, 16, 6], [17, 11, 18, 10], [24, 20, 1, 19], [8, 22, 9, 21], [4, 24, 5, 23], [12, 1, 13, 2]]"
12n_0801_87,"[[12, 1, 13, 2], [20, 4, 21, 3], [5, 17, 6, 16], [22, 8, 23, 7], [9, 15, 10, 14], [11, 19, 12, 18], [2, 13, 3, 14], [15, 7, 16, 6], [17, 11, 18, 10], [24, 20, 1, 19], [8, 22, 9, 21], [4, 24, 5, 23]]"
12n_0801_88,"[[4, 24, 5, 23], [12, 1, 13, 2], [20, 4, 21, 3], [5, 17, 6, 16], [22, 8, 23, 7], [9, 15, 10, 14], [11, 19, 12, 18], [2, 13, 3, 14], [15, 7, 16, 6], [17, 11, 18, 10], [24, 20, 1, 19], [8, 22, 9, 21]]"
12n_0801_89,"[[8, 22, 9, 21], [4, 24, 5, 23], [12, 1, 13, 2], [20, 4, 21, 3], [5, 17, 6, 16], [22, 8, 23, 7], [9, 15, 10, 14], [11, 19, 12, 18], [2, 13, 3, 14], [15, 7, 16, 6], [17, 11, 18, 10], [24, 20, 1, 19]]"
12n_0801_90,"[[24, 20, 1, 19], [8, 22, 9, 21], [4, 24, 5, 23], [12, 1, 13, 2], [20, 4, 21, 3], [5, 17, 6, 16], [22, 8, 23, 7], [9, 15, 10, 14], [11, 19, 12, 18], [2, 13, 3, 14], [15, 7, 16, 6], [17, 11, 18, 10]]"
12n_0801_91,"[[17, 11, 18, 10], [24, 20, 1, 19], [8, 22, 9, 21], [4, 24, 5, 23], [12, 1, 13, 2], [20, 4, 21, 3], [5, 17, 6, 16], [22, 8, 23, 7], [9, 15, 10, 14], [11, 19, 12, 18], [2, 13, 3, 14], [15, 7, 16, 6]]"
12n_0801_92,"[[15, 7, 16, 6], [17, 11, 18, 10], [24, 20, 1, 19], [8, 22, 9, 21], [4, 24, 5, 23], [12, 1, 13, 2], [20, 4, 21, 3], [5, 17, 6, 16], [22, 8, 23, 7], [9, 15, 10, 14], [11, 19, 12, 18], [2, 13, 3, 14]]"
12n_0801_93,"[[2, 13, 3, 14], [15, 7, 16, 6], [17, 11, 18, 10], [24, 20, 1, 19], [8, 22, 9, 21], [4, 24, 5, 23], [12, 1, 13, 2], [20, 4, 21, 3], [5, 17, 6, 16], [22, 8, 23, 7], [9, 15, 10, 14], [11, 19, 12, 18]]"
12n_0801_94,"[[11, 19, 12, 18], [2, 13, 3, 14], [15, 7, 16, 6], [17, 11, 18, 10], [24, 20, 1, 19], [8, 22, 9, 21], [4, 24, 5, 23], [12, 1, 13, 2], [20, 4, 21, 3], [5, 17, 6, 16], [22, 8, 23, 7], [9, 15, 10, 14]]"
12n_0801_95,"[[9, 15, 10, 14], [11, 19, 12, 18], [2, 13, 3, 14], [15, 7, 16, 6], [17, 11, 18, 10], [24, 20, 1, 19], [8, 22, 9, 21], [4, 24, 5, 23], [12, 1, 13, 2], [20, 4, 21, 3], [5, 17, 6, 16], [22, 8, 23, 7]]"
12n_0801_96,"[[23, 9, 24, 8], [10, 16, 11, 15], [12, 20, 13, 19], [3, 14, 4, 15], [16, 8, 17, 7], [18, 12, 19, 11], [1, 21, 2, 20], [9, 23, 10, 22], [5, 1, 6, 24], [13, 2, 14, 3], [21, 5, 22, 4], [6, 18, 7, 17]]"
12n_0801_97,"[[6, 18, 7, 17], [23, 9, 24, 8], [10, 16, 11, 15], [12, 20, 13, 19], [3, 14, 4, 15], [16, 8, 17, 7], [18, 12, 19, 11], [1, 21, 2, 20], [9, 23, 10, 22], [5, 1, 6, 24], [13, 2, 14, 3], [21, 5, 22, 4]]"
12n_0801_98,"[[21, 5, 22, 4], [6, 18, 7, 17], [23, 9, 24, 8], [10, 16, 11, 15], [12, 20, 13, 19], [3, 14, 4, 15], [16, 8, 17, 7], [18, 12, 19, 11], [1, 21, 2, 20], [9, 23, 10, 22], [5, 1, 6, 24], [13, 2, 14, 3]]"
12n_0801_99,"[[13, 2, 14, 3], [21, 5, 22, 4], [6, 18, 7, 17], [23, 9, 24, 8], [10, 16, 11, 15], [12, 20, 13, 19], [3, 14, 4, 15], [16, 8, 17, 7], [18, 12, 19, 11], [1, 21, 2, 20], [9, 23, 10, 22], [5, 1, 6, 24]]"
12n_0801_100,"[[5, 1, 6, 24], [13, 2, 14, 3], [21, 5, 22, 4], [6, 18, 7, 17], [23, 9, 24, 8], [10, 16, 11, 15], [12, 20, 13, 19], [3, 14, 4, 15], [16, 8, 17, 7], [18, 12, 19, 11], [1, 21, 2, 20], [9, 23, 10, 22]]"
12n_0801_101,"[[9, 23, 10, 22], [5, 1, 6, 24], [13, 2, 14, 3], [21, 5, 22, 4], [6, 18, 7, 17], [23, 9, 24, 8], [10, 16, 11, 15], [12, 20, 13, 19], [3, 14, 4, 15], [16, 8, 17, 7], [18, 12, 19, 11], [1, 21, 2, 20]]"
12n_0801_102,"[[1, 21, 2, 20], [9, 23, 10, 22], [5, 1, 6, 24], [13, 2, 14, 3], [21, 5, 22, 4], [6, 18, 7, 17], [23, 9, 24, 8], [10, 16, 11, 15], [12, 20, 13, 19], [3, 14, 4, 15], [16, 8, 17, 7], [18, 12, 19, 11]]"
12n_0801_103,"[[18, 12, 19, 11], [1, 21, 2, 20], [9, 23, 10, 22], [5, 1, 6, 24], [13, 2, 14, 3], [21, 5, 22, 4], [6, 18, 7, 17], [23, 9, 24, 8], [10, 16, 11, 15], [12, 20, 13, 19], [3, 14, 4, 15], [16, 8, 17, 7]]"
12n_0801_104,"[[16, 8, 17, 7], [18, 12, 19, 11], [1, 21, 2, 20], [9, 23, 10, 22], [5, 1, 6, 24], [13, 2, 14, 3], [21, 5, 22, 4], [6, 18, 7, 17], [23, 9, 24, 8], [10, 16, 11, 15], [12, 20, 13, 19], [3, 14, 4, 15]]"
12n_0801_105,"[[3, 14, 4, 15], [16, 8, 17, 7], [18, 12, 19, 11], [1, 21, 2, 20], [9, 23, 10, 22], [5, 1, 6, 24], [13, 2, 14, 3], [21, 5, 22, 4], [6, 18, 7, 17], [23, 9, 24, 8], [10, 16, 11, 15], [12, 20, 13, 19]]"
12n_0801_106,"[[12, 20, 13, 19], [3, 14, 4, 15], [16, 8, 17, 7], [18, 12, 19, 11], [1, 21, 2, 20], [9, 23, 10, 22], [5, 1, 6, 24], [13, 2, 14, 3], [21, 5, 22, 4], [6, 18, 7, 17], [23, 9, 24, 8], [10, 16, 11, 15]]"
12n_0801_107,"[[10, 16, 11, 15], [12, 20, 13, 19], [3, 14, 4, 15], [16, 8, 17, 7], [18, 12, 19, 11], [1, 21, 2, 20], [9, 23, 10, 22], [5, 1, 6, 24], [13, 2, 14, 3], [21, 5, 22, 4], [6, 18, 7, 17], [23, 9, 24, 8]]"
12n_0801_108,"[[24, 10, 1, 9], [11, 17, 12, 16], [13, 21, 14, 20], [4, 15, 5, 16], [17, 9, 18, 8], [19, 13, 20, 12], [2, 22, 3, 21], [10, 24, 11, 23], [6, 2, 7, 1], [14, 3, 15, 4], [22, 6, 23, 5], [7, 19, 8, 18]]"
12n_0801_109,"[[7, 19, 8, 18], [24, 10, 1, 9], [11, 17, 12, 16], [13, 21, 14, 20], [4, 15, 5, 16], [17, 9, 18, 8], [19, 13, 20, 12], [2, 22, 3, 21], [10, 24, 11, 23], [6, 2, 7, 1], [14, 3, 15, 4], [22, 6, 23, 5]]"
12n_0801_110,"[[22, 6, 23, 5], [7, 19, 8, 18], [24, 10, 1, 9], [11, 17, 12, 16], [13, 21, 14, 20], [4, 15, 5, 16], [17, 9, 18, 8], [19, 13, 20, 12], [2, 22, 3, 21], [10, 24, 11, 23], [6, 2, 7, 1], [14, 3, 15, 4]]"
12n_0801_111,"[[14, 3, 15, 4], [22, 6, 23, 5], [7, 19, 8, 18], [24, 10, 1, 9], [11, 17, 12, 16], [13, 21, 14, 20], [4, 15, 5, 16], [17, 9, 18, 8], [19, 13, 20, 12], [2, 22, 3, 21], [10, 24, 11, 23], [6, 2, 7, 1]]"
12n_0801_112,"[[6, 2, 7, 1], [14, 3, 15, 4], [22, 6, 23, 5], [7, 19, 8, 18], [24, 10, 1, 9], [11, 17, 12, 16], [13, 21, 14, 20], [4, 15, 5, 16], [17, 9, 18, 8], [19, 13, 20, 12], [2, 22, 3, 21], [10, 24, 11, 23]]"
12n_0801_113,"[[10, 24, 11, 23], [6, 2, 7, 1], [14, 3, 15, 4], [22, 6, 23, 5], [7, 19, 8, 18], [24, 10, 1, 9], [11, 17, 12, 16], [13, 21, 14, 20], [4, 15, 5, 16], [17, 9, 18, 8], [19, 13, 20, 12], [2, 22, 3, 21]]"
12n_0801_114,"[[2, 22, 3, 21], [10, 24, 11, 23], [6, 2, 7, 1], [14, 3, 15, 4], [22, 6, 23, 5], [7, 19, 8, 18], [24, 10, 1, 9], [11, 17, 12, 16], [13, 21, 14, 20], [4, 15, 5, 16], [17, 9, 18, 8], [19, 13, 20, 12]]"
12n_0801_115,"[[19, 13, 20, 12], [2, 22, 3, 21], [10, 24, 11, 23], [6, 2, 7, 1], [14, 3, 15, 4], [22, 6, 23, 5], [7, 19, 8, 18], [24, 10, 1, 9], [11, 17, 12, 16], [13, 21, 14, 20], [4, 15, 5, 16], [17, 9, 18, 8]]"
12n_0801_116,"[[17, 9, 18, 8], [19, 13, 20, 12], [2, 22, 3, 21], [10, 24, 11, 23], [6, 2, 7, 1], [14, 3, 15, 4], [22, 6, 23, 5], [7, 19, 8, 18], [24, 10, 1, 9], [11, 17, 12, 16], [13, 21, 14, 20], [4, 15, 5, 16]]"
12n_0801_117,"[[4, 15, 5, 16], [17, 9, 18, 8], [19, 13, 20, 12], [2, 22, 3, 21], [10, 24, 11, 23], [6, 2, 7, 1], [14, 3, 15, 4], [22, 6, 23, 5], [7, 19, 8, 18], [24, 10, 1, 9], [11, 17, 12, 16], [13, 21, 14, 20]]"
12n_0801_118,"[[13, 21, 14, 20], [4, 15, 5, 16], [17, 9, 18, 8], [19, 13, 20, 12], [2, 22, 3, 21], [10, 24, 11, 23], [6, 2, 7, 1], [14, 3, 15, 4], [22, 6, 23, 5], [7, 19, 8, 18], [24, 10, 1, 9], [11, 17, 12, 16]]"
12n_0801_119,"[[11, 17, 12, 16], [13, 21, 14, 20], [4, 15, 5, 16], [17, 9, 18, 8], [19, 13, 20, 12], [2, 22, 3, 21], [10, 24, 11, 23], [6, 2, 7, 1], [14, 3, 15, 4], [22, 6, 23, 5], [7, 19, 8, 18], [24, 10, 1, 9]]"
12n_0801_120,"[[1, 11, 2, 10], [12, 18, 13, 17], [14, 22, 15, 21], [5, 16, 6, 17], [18, 10, 19, 9], [20, 14, 21, 13], [3, 23, 4, 22], [11, 1, 12, 24], [7, 3, 8, 2], [15, 4, 16, 5], [23, 7, 24, 6], [8, 20, 9, 19]]"
12n_0801_121,"[[8, 20, 9, 19], [1, 11, 2, 10], [12, 18, 13, 17], [14, 22, 15, 21], [5, 16, 6, 17], [18, 10, 19, 9], [20, 14, 21, 13], [3, 23, 4, 22], [11, 1, 12, 24], [7, 3, 8, 2], [15, 4, 16, 5], [23, 7, 24, 6]]"
12n_0801_122,"[[23, 7, 24, 6], [8, 20, 9, 19], [1, 11, 2, 10], [12, 18, 13, 17], [14, 22, 15, 21], [5, 16, 6, 17], [18, 10, 19, 9], [20, 14, 21, 13], [3, 23, 4, 22], [11, 1, 12, 24], [7, 3, 8, 2], [15, 4, 16, 5]]"
12n_0801_123,"[[15, 4, 16, 5], [23, 7, 24, 6], [8, 20, 9, 19], [1, 11, 2, 10], [12, 18, 13, 17], [14, 22, 15, 21], [5, 16, 6, 17], [18, 10, 19, 9], [20, 14, 21, 13], [3, 23, 4, 22], [11, 1, 12, 24], [7, 3, 8, 2]]"
12n_0801_124,"[[7, 3, 8, 2], [15, 4, 16, 5], [23, 7, 24, 6], [8, 20, 9, 19], [1, 11, 2, 10], [12, 18, 13, 17], [14, 22, 15, 21], [5, 16, 6, 17], [18, 10, 19, 9], [20, 14, 21, 13], [3, 23, 4, 22], [11, 1, 12, 24]]"
12n_0801_125,"[[11, 1, 12, 24], [7, 3, 8, 2], [15, 4, 16, 5], [23, 7, 24, 6], [8, 20, 9, 19], [1, 11, 2, 10], [12, 18, 13, 17], [14, 22, 15, 21], [5, 16, 6, 17], [18, 10, 19, 9], [20, 14, 21, 13], [3, 23, 4, 22]]"
12n_0801_126,"[[3, 23, 4, 22], [11, 1, 12, 24], [7, 3, 8, 2], [15, 4, 16, 5], [23, 7, 24, 6], [8, 20, 9, 19], [1, 11, 2, 10], [12, 18, 13, 17], [14, 22, 15, 21], [5, 16, 6, 17], [18, 10, 19, 9], [20, 14, 21, 13]]"
12n_0801_127,"[[20, 14, 21, 13], [3, 23, 4, 22], [11, 1, 12, 24], [7, 3, 8, 2], [15, 4, 16, 5], [23, 7, 24, 6], [8, 20, 9, 19], [1, 11, 2, 10], [12, 18, 13, 17], [14, 22, 15, 21], [5, 16, 6, 17], [18, 10, 19, 9]]"
12n_0801_128,"[[18, 10, 19, 9], [20, 14, 21, 13], [3, 23, 4, 22], [11, 1, 12, 24], [7, 3, 8, 2], [15, 4, 16, 5], [23, 7, 24, 6], [8, 20, 9, 19], [1, 11, 2, 10], [12, 18, 13, 17], [14, 22, 15, 21], [5, 16, 6, 17]]"
12n_0801_129,"[[5, 16, 6, 17], [18, 10, 19, 9], [20, 14, 21, 13], [3, 23, 4, 22], [11, 1, 12, 24], [7, 3, 8, 2], [15, 4, 16, 5], [23, 7, 24, 6], [8, 20, 9, 19], [1, 11, 2, 10], [12, 18, 13, 17], [14, 22, 15, 21]]"
12n_0801_130,"[[14, 22, 15, 21], [5, 16, 6, 17], [18, 10, 19, 9], [20, 14, 21, 13], [3, 23, 4, 22], [11, 1, 12, 24], [7, 3, 8, 2], [15, 4, 16, 5], [23, 7, 24, 6], [8, 20, 9, 19], [1, 11, 2, 10], [12, 18, 13, 17]]"
12n_0801_131,"[[12, 18, 13, 17], [14, 22, 15, 21], [5, 16, 6, 17], [18, 10, 19, 9], [20, 14, 21, 13], [3, 23, 4, 22], [11, 1, 12, 24], [7, 3, 8, 2], [15, 4, 16, 5], [23, 7, 24, 6], [8, 20, 9, 19], [1, 11, 2, 10]]"
12n_0801_132,"[[2, 12, 3, 11], [13, 19, 14, 18], [15, 23, 16, 22], [6, 17, 7, 18], [19, 11, 20, 10], [21, 15, 22, 14], [4, 24, 5, 23], [12, 2, 13, 1], [8, 4, 9, 3], [16, 5, 17, 6], [24, 8, 1, 7], [9, 21, 10, 20]]"
12n_0801_133,"[[9, 21, 10, 20], [2, 12, 3, 11], [13, 19, 14, 18], [15, 23, 16, 22], [6, 17, 7, 18], [19, 11, 20, 10], [21, 15, 22, 14], [4, 24, 5, 23], [12, 2, 13, 1], [8, 4, 9, 3], [16, 5, 17, 6], [24, 8, 1, 7]]"
12n_0801_134,"[[24, 8, 1, 7], [9, 21, 10, 20], [2, 12, 3, 11], [13, 19, 14, 18], [15, 23, 16, 22], [6, 17, 7, 18], [19, 11, 20, 10], [21, 15, 22, 14], [4, 24, 5, 23], [12, 2, 13, 1], [8, 4, 9, 3], [16, 5, 17, 6]]"
12n_0801_135,"[[16, 5, 17, 6], [24, 8, 1, 7], [9, 21, 10, 20], [2, 12, 3, 11], [13, 19, 14, 18], [15, 23, 16, 22], [6, 17, 7, 18], [19, 11, 20, 10], [21, 15, 22, 14], [4, 24, 5, 23], [12, 2, 13, 1], [8, 4, 9, 3]]"
12n_0801_136,"[[8, 4, 9, 3], [16, 5, 17, 6], [24, 8, 1, 7], [9, 21, 10, 20], [2, 12, 3, 11], [13, 19, 14, 18], [15, 23, 16, 22], [6, 17, 7, 18], [19, 11, 20, 10], [21, 15, 22, 14], [4, 24, 5, 23], [12, 2, 13, 1]]"
12n_0801_137,"[[12, 2, 13, 1], [8, 4, 9, 3], [16, 5, 17, 6], [24, 8, 1, 7], [9, 21, 10, 20], [2, 12, 3, 11], [13, 19, 14, 18], [15, 23, 16, 22], [6, 17, 7, 18], [19, 11, 20, 10], [21, 15, 22, 14], [4, 24, 5, 23]]"
12n_0801_138,"[[4, 24, 5, 23], [12, 2, 13, 1], [8, 4, 9, 3], [16, 5, 17, 6], [24, 8, 1, 7], [9, 21, 10, 20], [2, 12, 3, 11], [13, 19, 14, 18], [15, 23, 16, 22], [6, 17, 7, 18], [19, 11, 20, 10], [21, 15, 22, 14]]"
12n_0801_139,"[[21, 15, 22, 14], [4, 24, 5, 23], [12, 2, 13, 1], [8, 4, 9, 3], [16, 5, 17, 6], [24, 8, 1, 7], [9, 21, 10, 20], [2, 12, 3, 11], [13, 19, 14, 18], [15, 23, 16, 22], [6, 17, 7, 18], [19, 11, 20, 10]]"
12n_0801_140,"[[19, 11, 20, 10], [21, 15, 22, 14], [4, 24, 5, 23], [12, 2, 13, 1], [8, 4, 9, 3], [16, 5, 17, 6], [24, 8, 1, 7], [9, 21, 10, 20], [2, 12, 3, 11], [13, 19, 14, 18], [15, 23, 16, 22], [6, 17, 7, 18]]"
12n_0801_141,"[[6, 17, 7, 18], [19, 11, 20, 10], [21, 15, 22, 14], [4, 24, 5, 23], [12, 2, 13, 1], [8, 4, 9, 3], [16, 5, 17, 6], [24, 8, 1, 7], [9, 21, 10, 20], [2, 12, 3, 11], [13, 19, 14, 18], [15, 23, 16, 22]]"
12n_0801_142,"[[15, 23, 16, 22], [6, 17, 7, 18], [19, 11, 20, 10], [21, 15, 22, 14], [4, 24, 5, 23], [12, 2, 13, 1], [8, 4, 9, 3], [16, 5, 17, 6], [24, 8, 1, 7], [9, 21, 10, 20], [2, 12, 3, 11], [13, 19, 14, 18]]"
12n_0801_143,"[[13, 19, 14, 18], [15, 23, 16, 22], [6, 17, 7, 18], [19, 11, 20, 10], [21, 15, 22, 14], [4, 24, 5, 23], [12, 2, 13, 1], [8, 4, 9, 3], [16, 5, 17, 6], [24, 8, 1, 7], [9, 21, 10, 20], [2, 12, 3, 11]]"
12n_0801_144,"[[3, 13, 4, 12], [14, 20, 15, 19], [16, 24, 17, 23], [7, 18, 8, 19], [20, 12, 21, 11], [22, 16, 23, 15], [5, 1, 6, 24], [13, 3, 14, 2], [9, 5, 10, 4], [17, 6, 18, 7], [1, 9, 2, 8], [10, 22, 11, 21]]"
12n_0801_145,"[[10, 22, 11, 21], [3, 13, 4, 12], [14, 20, 15, 19], [16, 24, 17, 23], [7, 18, 8, 19], [20, 12, 21, 11], [22, 16, 23, 15], [5, 1, 6, 24], [13, 3, 14, 2], [9, 5, 10, 4], [17, 6, 18, 7], [1, 9, 2, 8]]"
12n_0801_146,"[[1, 9, 2, 8], [10, 22, 11, 21], [3, 13, 4, 12], [14, 20, 15, 19], [16, 24, 17, 23], [7, 18, 8, 19], [20, 12, 21, 11], [22, 16, 23, 15], [5, 1, 6, 24], [13, 3, 14, 2], [9, 5, 10, 4], [17, 6, 18, 7]]"
12n_0801_147,"[[17, 6, 18, 7], [1, 9, 2, 8], [10, 22, 11, 21], [3, 13, 4, 12], [14, 20, 15, 19], [16, 24, 17, 23], [7, 18, 8, 19], [20, 12, 21, 11], [22, 16, 23, 15], [5, 1, 6, 24], [13, 3, 14, 2], [9, 5, 10, 4]]"
12n_0801_148,"[[9, 5, 10, 4], [17, 6, 18, 7], [1, 9, 2, 8], [10, 22, 11, 21], [3, 13, 4, 12], [14, 20, 15, 19], [16, 24, 17, 23], [7, 18, 8, 19], [20, 12, 21, 11], [22, 16, 23, 15], [5, 1, 6, 24], [13, 3, 14, 2]]"
12n_0801_149,"[[13, 3, 14, 2], [9, 5, 10, 4], [17, 6, 18, 7], [1, 9, 2, 8], [10, 22, 11, 21], [3, 13, 4, 12], [14, 20, 15, 19], [16, 24, 17, 23], [7, 18, 8, 19], [20, 12, 21, 11], [22, 16, 23, 15], [5, 1, 6, 24]]"
12n_0801_150,"[[5, 1, 6, 24], [13, 3, 14, 2], [9, 5, 10, 4], [17, 6, 18, 7], [1, 9, 2, 8], [10, 22, 11, 21], [3, 13, 4, 12], [14, 20, 15, 19], [16, 24, 17, 23], [7, 18, 8, 19], [20, 12, 21, 11], [22, 16, 23, 15]]"
12n_0801_151,"[[22, 16, 23, 15], [5, 1, 6, 24], [13, 3, 14, 2], [9, 5, 10, 4], [17, 6, 18, 7], [1, 9, 2, 8], [10, 22, 11, 21], [3, 13, 4, 12], [14, 20, 15, 19], [16, 24, 17, 23], [7, 18, 8, 19], [20, 12, 21, 11]]"
12n_0801_152,"[[20, 12, 21, 11], [22, 16, 23, 15], [5, 1, 6, 24], [13, 3, 14, 2], [9, 5, 10, 4], [17, 6, 18, 7], [1, 9, 2, 8], [10, 22, 11, 21], [3, 13, 4, 12], [14, 20, 15, 19], [16, 24, 17, 23], [7, 18, 8, 19]]"
12n_0801_153,"[[7, 18, 8, 19], [20, 12, 21, 11], [22, 16, 23, 15], [5, 1, 6, 24], [13, 3, 14, 2], [9, 5, 10, 4], [17, 6, 18, 7], [1, 9, 2, 8], [10, 22, 11, 21], [3, 13, 4, 12], [14, 20, 15, 19], [16, 24, 17, 23]]"
12n_0801_154,"[[16, 24, 17, 23], [7, 18, 8, 19], [20, 12, 21, 11], [22, 16, 23, 15], [5, 1, 6, 24], [13, 3, 14, 2], [9, 5, 10, 4], [17, 6, 18, 7], [1, 9, 2, 8], [10, 22, 11, 21], [3, 13, 4, 12], [14, 20, 15, 19]]"
12n_0801_155,"[[14, 20, 15, 19], [16, 24, 17, 23], [7, 18, 8, 19], [20, 12, 21, 11], [22, 16, 23, 15], [5, 1, 6, 24], [13, 3, 14, 2], [9, 5, 10, 4], [17, 6, 18, 7], [1, 9, 2, 8], [10, 22, 11, 21], [3, 13, 4, 12]]"
12n_0801_156,"[[4, 14, 5, 13], [15, 21, 16, 20], [17, 1, 18, 24], [8, 19, 9, 20], [21, 13, 22, 12], [23, 17, 24, 16], [6, 2, 7, 1], [14, 4, 15, 3], [10, 6, 11, 5], [18, 7, 19, 8], [2, 10, 3, 9], [11, 23, 12, 22]]"
12n_0801_157,"[[11, 23, 12, 22], [4, 14, 5, 13], [15, 21, 16, 20], [17, 1, 18, 24], [8, 19, 9, 20], [21, 13, 22, 12], [23, 17, 24, 16], [6, 2, 7, 1], [14, 4, 15, 3], [10, 6, 11, 5], [18, 7, 19, 8], [2, 10, 3, 9]]"
12n_0801_158,"[[2, 10, 3, 9], [11, 23, 12, 22], [4, 14, 5, 13], [15, 21, 16, 20], [17, 1, 18, 24], [8, 19, 9, 20], [21, 13, 22, 12], [23, 17, 24, 16], [6, 2, 7, 1], [14, 4, 15, 3], [10, 6, 11, 5], [18, 7, 19, 8]]"
12n_0801_159,"[[18, 7, 19, 8], [2, 10, 3, 9], [11, 23, 12, 22], [4, 14, 5, 13], [15, 21, 16, 20], [17, 1, 18, 24], [8, 19, 9, 20], [21, 13, 22, 12], [23, 17, 24, 16], [6, 2, 7, 1], [14, 4, 15, 3], [10, 6, 11, 5]]"
12n_0801_160,"[[10, 6, 11, 5], [18, 7, 19, 8], [2, 10, 3, 9], [11, 23, 12, 22], [4, 14, 5, 13], [15, 21, 16, 20], [17, 1, 18, 24], [8, 19, 9, 20], [21, 13, 22, 12], [23, 17, 24, 16], [6, 2, 7, 1], [14, 4, 15, 3]]"
12n_0801_161,"[[14, 4, 15, 3], [10, 6, 11, 5], [18, 7, 19, 8], [2, 10, 3, 9], [11, 23, 12, 22], [4, 14, 5, 13], [15, 21, 16, 20], [17, 1, 18, 24], [8, 19, 9, 20], [21, 13, 22, 12], [23, 17, 24, 16], [6, 2, 7, 1]]"
12n_0801_162,"[[6, 2, 7, 1], [14, 4, 15, 3], [10, 6, 11, 5], [18, 7, 19, 8], [2, 10, 3, 9], [11, 23, 12, 22], [4, 14, 5, 13], [15, 21, 16, 20], [17, 1, 18, 24], [8, 19, 9, 20], [21, 13, 22, 12], [23, 17, 24, 16]]"
12n_0801_163,"[[23, 17, 24, 16], [6, 2, 7, 1], [14, 4, 15, 3], [10, 6, 11, 5], [18, 7, 19, 8], [2, 10, 3, 9], [11, 23, 12, 22], [4, 14, 5, 13], [15, 21, 16, 20], [17, 1, 18, 24], [8, 19, 9, 20], [21, 13, 22, 12]]"
12n_0801_164,"[[21, 13, 22, 12], [23, 17, 24, 16], [6, 2, 7, 1], [14, 4, 15, 3], [10, 6, 11, 5], [18, 7, 19, 8], [2, 10, 3, 9], [11, 23, 12, 22], [4, 14, 5, 13], [15, 21, 16, 20], [17, 1, 18, 24], [8, 19, 9, 20]]"
12n_0801_165,"[[8, 19, 9, 20], [21, 13, 22, 12], [23, 17, 24, 16], [6, 2, 7, 1], [14, 4, 15, 3], [10, 6, 11, 5], [18, 7, 19, 8], [2, 10, 3, 9], [11, 23, 12, 22], [4, 14, 5, 13], [15, 21, 16, 20], [17, 1, 18, 24]]"
12n_0801_166,"[[17, 1, 18, 24], [8, 19, 9, 20], [21, 13, 22, 12], [23, 17, 24, 16], [6, 2, 7, 1], [14, 4, 15, 3], [10, 6, 11, 5], [18, 7, 19, 8], [2, 10, 3, 9], [11, 23, 12, 22], [4, 14, 5, 13], [15, 21, 16, 20]]"
12n_0801_167,"[[15, 21, 16, 20], [17, 1, 18, 24], [8, 19, 9, 20], [21, 13, 22, 12], [23, 17, 24, 16], [6, 2, 7, 1], [14, 4, 15, 3], [10, 6, 11, 5], [18, 7, 19, 8], [2, 10, 3, 9], [11, 23, 12, 22], [4, 14, 5, 13]]"
12n_0801_168,"[[5, 15, 6, 14], [16, 22, 17, 21], [18, 2, 19, 1], [9, 20, 10, 21], [22, 14, 23, 13], [24, 18, 1, 17], [7, 3, 8, 2], [15, 5, 16, 4], [11, 7, 12, 6], [19, 8, 20, 9], [3, 11, 4, 10], [12, 24, 13, 23]]"
12n_0801_169,"[[12, 24, 13, 23], [5, 15, 6, 14], [16, 22, 17, 21], [18, 2, 19, 1], [9, 20, 10, 21], [22, 14, 23, 13], [24, 18, 1, 17], [7, 3, 8, 2], [15, 5, 16, 4], [11, 7, 12, 6], [19, 8, 20, 9], [3, 11, 4, 10]]"
12n_0801_170,"[[3, 11, 4, 10], [12, 24, 13, 23], [5, 15, 6, 14], [16, 22, 17, 21], [18, 2, 19, 1], [9, 20, 10, 21], [22, 14, 23, 13], [24, 18, 1, 17], [7, 3, 8, 2], [15, 5, 16, 4], [11, 7, 12, 6], [19, 8, 20, 9]]"
12n_0801_171,"[[19, 8, 20, 9], [3, 11, 4, 10], [12, 24, 13, 23], [5, 15, 6, 14], [16, 22, 17, 21], [18, 2, 19, 1], [9, 20, 10, 21], [22, 14, 23, 13], [24, 18, 1, 17], [7, 3, 8, 2], [15, 5, 16, 4], [11, 7, 12, 6]]"
12n_0801_172,"[[11, 7, 12, 6], [19, 8, 20, 9], [3, 11, 4, 10], [12, 24, 13, 23], [5, 15, 6, 14], [16, 22, 17, 21], [18, 2, 19, 1], [9, 20, 10, 21], [22, 14, 23, 13], [24, 18, 1, 17], [7, 3, 8, 2], [15, 5, 16, 4]]"
12n_0801_173,"[[15, 5, 16, 4], [11, 7, 12, 6], [19, 8, 20, 9], [3, 11, 4, 10], [12, 24, 13, 23], [5, 15, 6, 14], [16, 22, 17, 21], [18, 2, 19, 1], [9, 20, 10, 21], [22, 14, 23, 13], [24, 18, 1, 17], [7, 3, 8, 2]]"
12n_0801_174,"[[7, 3, 8, 2], [15, 5, 16, 4], [11, 7, 12, 6], [19, 8, 20, 9], [3, 11, 4, 10], [12, 24, 13, 23], [5, 15, 6, 14], [16, 22, 17, 21], [18, 2, 19, 1], [9, 20, 10, 21], [22, 14, 23, 13], [24, 18, 1, 17]]"
12n_0801_175,"[[24, 18, 1, 17], [7, 3, 8, 2], [15, 5, 16, 4], [11, 7, 12, 6], [19, 8, 20, 9], [3, 11, 4, 10], [12, 24, 13, 23], [5, 15, 6, 14], [16, 22, 17, 21], [18, 2, 19, 1], [9, 20, 10, 21], [22, 14, 23, 13]]"
12n_0801_176,"[[22, 14, 23, 13], [24, 18, 1, 17], [7, 3, 8, 2], [15, 5, 16, 4], [11, 7, 12, 6], [19, 8, 20, 9], [3, 11, 4, 10], [12, 24, 13, 23], [5, 15, 6, 14], [16, 22, 17, 21], [18, 2, 19, 1], [9, 20, 10, 21]]"
12n_0801_177,"[[9, 20, 10, 21], [22, 14, 23, 13], [24, 18, 1, 17], [7, 3, 8, 2], [15, 5, 16, 4], [11, 7, 12, 6], [19, 8, 20, 9], [3, 11, 4, 10], [12, 24, 13, 23], [5, 15, 6, 14], [16, 22, 17, 21], [18, 2, 19, 1]]"
12n_0801_178,"[[18, 2, 19, 1], [9, 20, 10, 21], [22, 14, 23, 13], [24, 18, 1, 17], [7, 3, 8, 2], [15, 5, 16, 4], [11, 7, 12, 6], [19, 8, 20, 9], [3, 11, 4, 10], [12, 24, 13, 23], [5, 15, 6, 14], [16, 22, 17, 21]]"
12n_0801_179,"[[16, 22, 17, 21], [18, 2, 19, 1], [9, 20, 10, 21], [22, 14, 23, 13], [24, 18, 1, 17], [7, 3, 8, 2], [15, 5, 16, 4], [11, 7, 12, 6], [19, 8, 20, 9], [3, 11, 4, 10], [12, 24, 13, 23], [5, 15, 6, 14]]"
12n_0801_180,"[[6, 16, 7, 15], [17, 23, 18, 22], [19, 3, 20, 2], [10, 21, 11, 22], [23, 15, 24, 14], [1, 19, 2, 18], [8, 4, 9, 3], [16, 6, 17, 5], [12, 8, 13, 7], [20, 9, 21, 10], [4, 12, 5, 11], [13, 1, 14, 24]]"
12n_0801_181,"[[13, 1, 14, 24], [6, 16, 7, 15], [17, 23, 18, 22], [19, 3, 20, 2], [10, 21, 11, 22], [23, 15, 24, 14], [1, 19, 2, 18], [8, 4, 9, 3], [16, 6, 17, 5], [12, 8, 13, 7], [20, 9, 21, 10], [4, 12, 5, 11]]"
12n_0801_182,"[[4, 12, 5, 11], [13, 1, 14, 24], [6, 16, 7, 15], [17, 23, 18, 22], [19, 3, 20, 2], [10, 21, 11, 22], [23, 15, 24, 14], [1, 19, 2, 18], [8, 4, 9, 3], [16, 6, 17, 5], [12, 8, 13, 7], [20, 9, 21, 10]]"
12n_0801_183,"[[20, 9, 21, 10], [4, 12, 5, 11], [13, 1, 14, 24], [6, 16, 7, 15], [17, 23, 18, 22], [19, 3, 20, 2], [10, 21, 11, 22], [23, 15, 24, 14], [1, 19, 2, 18], [8, 4, 9, 3], [16, 6, 17, 5], [12, 8, 13, 7]]"
12n_0801_184,"[[12, 8, 13, 7], [20, 9, 21, 10], [4, 12, 5, 11], [13, 1, 14, 24], [6, 16, 7, 15], [17, 23, 18, 22], [19, 3, 20, 2], [10, 21, 11, 22], [23, 15, 24, 14], [1, 19, 2, 18], [8, 4, 9, 3], [16, 6, 17, 5]]"
12n_0801_185,"[[16, 6, 17, 5], [12, 8, 13, 7], [20, 9, 21, 10], [4, 12, 5, 11], [13, 1, 14, 24], [6, 16, 7, 15], [17, 23, 18, 22], [19, 3, 20, 2], [10, 21, 11, 22], [23, 15, 24, 14], [1, 19, 2, 18], [8, 4, 9, 3]]"
