name,pd_notation
12n_0483_0,"[[7, 1, 8, 24], [2, 6, 3, 5], [4, 11, 5, 12], [17, 7, 18, 6], [19, 8, 20, 9], [21, 11, 22, 10], [12, 3, 13, 4], [9, 15, 10, 14], [1, 17, 2, 16], [23, 18, 24, 19], [15, 20, 16, 21], [13, 23, 14, 22]]"
12n_0483_1,"[[13, 23, 14, 22], [7, 1, 8, 24], [2, 6, 3, 5], [4, 11, 5, 12], [17, 7, 18, 6], [19, 8, 20, 9], [21, 11, 22, 10], [12, 3, 13, 4], [9, 15, 10, 14], [1, 17, 2, 16], [23, 18, 24, 19], [15, 20, 16, 21]]"
12n_0483_2,"[[15, 20, 16, 21], [13, 23, 14, 22], [7, 1, 8, 24], [2, 6, 3, 5], [4, 11, 5, 12], [17, 7, 18, 6], [19, 8, 20, 9], [21, 11, 22, 10], [12, 3, 13, 4], [9, 15, 10, 14], [1, 17, 2, 16], [23, 18, 24, 19]]"
12n_0483_3,"[[23, 18, 24, 19], [15, 20, 16, 21], [13, 23, 14, 22], [7, 1, 8, 24], [2, 6, 3, 5], [4, 11, 5, 12], [17, 7, 18, 6], [19, 8, 20, 9], [21, 11, 22, 10], [12, 3, 13, 4], [9, 15, 10, 14], [1, 17, 2, 16]]"
12n_0483_4,"[[1, 17, 2, 16], [23, 18, 24, 19], [15, 20, 16, 21], [13, 23, 14, 22], [7, 1, 8, 24], [2, 6, 3, 5], [4, 11, 5, 12], [17, 7, 18, 6], [19, 8, 20, 9], [21, 11, 22, 10], [12, 3, 13, 4], [9, 15, 10, 14]]"
12n_0483_5,"[[9, 15, 10, 14], [1, 17, 2, 16], [23, 18, 24, 19], [15, 20, 16, 21], [13, 23, 14, 22], [7, 1, 8, 24], [2, 6, 3, 5], [4, 11, 5, 12], [17, 7, 18, 6], [19, 8, 20, 9], [21, 11, 22, 10], [12, 3, 13, 4]]"
12n_0483_6,"[[12, 3, 13, 4], [9, 15, 10, 14], [1, 17, 2, 16], [23, 18, 24, 19], [15, 20, 16, 21], [13, 23, 14, 22], [7, 1, 8, 24], [2, 6, 3, 5], [4, 11, 5, 12], [17, 7, 18, 6], [19, 8, 20, 9], [21, 11, 22, 10]]"
12n_0483_7,"[[21, 11, 22, 10], [12, 3, 13, 4], [9, 15, 10, 14], [1, 17, 2, 16], [23, 18, 24, 19], [15, 20, 16, 21], [13, 23, 14, 22], [7, 1, 8, 24], [2, 6, 3, 5], [4, 11, 5, 12], [17, 7, 18, 6], [19, 8, 20, 9]]"
12n_0483_8,"[[19, 8, 20, 9], [21, 11, 22, 10], [12, 3, 13, 4], [9, 15, 10, 14], [1, 17, 2, 16], [23, 18, 24, 19], [15, 20, 16, 21], [13, 23, 14, 22], [7, 1, 8, 24], [2, 6, 3, 5], [4, 11, 5, 12], [17, 7, 18, 6]]"
12n_0483_9,"[[17, 7, 18, 6], [19, 8, 20, 9], [21, 11, 22, 10], [12, 3, 13, 4], [9, 15, 10, 14], [1, 17, 2, 16], [23, 18, 24, 19], [15, 20, 16, 21], [13, 23, 14, 22], [7, 1, 8, 24], [2, 6, 3, 5], [4, 11, 5, 12]]"
12n_0483_10,"[[4, 11, 5, 12], [17, 7, 18, 6], [19, 8, 20, 9], [21, 11, 22, 10], [12, 3, 13, 4], [9, 15, 10, 14], [1, 17, 2, 16], [23, 18, 24, 19], [15, 20, 16, 21], [13, 23, 14, 22], [7, 1, 8, 24], [2, 6, 3, 5]]"
12n_0483_11,"[[2, 6, 3, 5], [4, 11, 5, 12], [17, 7, 18, 6], [19, 8, 20, 9], [21, 11, 22, 10], [12, 3, 13, 4], [9, 15, 10, 14], [1, 17, 2, 16], [23, 18, 24, 19], [15, 20, 16, 21], [13, 23, 14, 22], [7, 1, 8, 24]]"
12n_0483_12,"[[8, 2, 9, 1], [3, 7, 4, 6], [5, 12, 6, 13], [18, 8, 19, 7], [20, 9, 21, 10], [22, 12, 23, 11], [13, 4, 14, 5], [10, 16, 11, 15], [2, 18, 3, 17], [24, 19, 1, 20], [16, 21, 17, 22], [14, 24, 15, 23]]"
12n_0483_13,"[[14, 24, 15, 23], [8, 2, 9, 1], [3, 7, 4, 6], [5, 12, 6, 13], [18, 8, 19, 7], [20, 9, 21, 10], [22, 12, 23, 11], [13, 4, 14, 5], [10, 16, 11, 15], [2, 18, 3, 17], [24, 19, 1, 20], [16, 21, 17, 22]]"
12n_0483_14,"[[16, 21, 17, 22], [14, 24, 15, 23], [8, 2, 9, 1], [3, 7, 4, 6], [5, 12, 6, 13], [18, 8, 19, 7], [20, 9, 21, 10], [22, 12, 23, 11], [13, 4, 14, 5], [10, 16, 11, 15], [2, 18, 3, 17], [24, 19, 1, 20]]"
12n_0483_15,"[[24, 19, 1, 20], [16, 21, 17, 22], [14, 24, 15, 23], [8, 2, 9, 1], [3, 7, 4, 6], [5, 12, 6, 13], [18, 8, 19, 7], [20, 9, 21, 10], [22, 12, 23, 11], [13, 4, 14, 5], [10, 16, 11, 15], [2, 18, 3, 17]]"
12n_0483_16,"[[2, 18, 3, 17], [24, 19, 1, 20], [16, 21, 17, 22], [14, 24, 15, 23], [8, 2, 9, 1], [3, 7, 4, 6], [5, 12, 6, 13], [18, 8, 19, 7], [20, 9, 21, 10], [22, 12, 23, 11], [13, 4, 14, 5], [10, 16, 11, 15]]"
12n_0483_17,"[[10, 16, 11, 15], [2, 18, 3, 17], [24, 19, 1, 20], [16, 21, 17, 22], [14, 24, 15, 23], [8, 2, 9, 1], [3, 7, 4, 6], [5, 12, 6, 13], [18, 8, 19, 7], [20, 9, 21, 10], [22, 12, 23, 11], [13, 4, 14, 5]]"
12n_0483_18,"[[13, 4, 14, 5], [10, 16, 11, 15], [2, 18, 3, 17], [24, 19, 1, 20], [16, 21, 17, 22], [14, 24, 15, 23], [8, 2, 9, 1], [3, 7, 4, 6], [5, 12, 6, 13], [18, 8, 19, 7], [20, 9, 21, 10], [22, 12, 23, 11]]"
12n_0483_19,"[[22, 12, 23, 11], [13, 4, 14, 5], [10, 16, 11, 15], [2, 18, 3, 17], [24, 19, 1, 20], [16, 21, 17, 22], [14, 24, 15, 23], [8, 2, 9, 1], [3, 7, 4, 6], [5, 12, 6, 13], [18, 8, 19, 7], [20, 9, 21, 10]]"
12n_0483_20,"[[20, 9, 21, 10], [22, 12, 23, 11], [13, 4, 14, 5], [10, 16, 11, 15], [2, 18, 3, 17], [24, 19, 1, 20], [16, 21, 17, 22], [14, 24, 15, 23], [8, 2, 9, 1], [3, 7, 4, 6], [5, 12, 6, 13], [18, 8, 19, 7]]"
12n_0483_21,"[[18, 8, 19, 7], [20, 9, 21, 10], [22, 12, 23, 11], [13, 4, 14, 5], [10, 16, 11, 15], [2, 18, 3, 17], [24, 19, 1, 20], [16, 21, 17, 22], [14, 24, 15, 23], [8, 2, 9, 1], [3, 7, 4, 6], [5, 12, 6, 13]]"
12n_0483_22,"[[5, 12, 6, 13], [18, 8, 19, 7], [20, 9, 21, 10], [22, 12, 23, 11], [13, 4, 14, 5], [10, 16, 11, 15], [2, 18, 3, 17], [24, 19, 1, 20], [16, 21, 17, 22], [14, 24, 15, 23], [8, 2, 9, 1], [3, 7, 4, 6]]"
12n_0483_23,"[[3, 7, 4, 6], [5, 12, 6, 13], [18, 8, 19, 7], [20, 9, 21, 10], [22, 12, 23, 11], [13, 4, 14, 5], [10, 16, 11, 15], [2, 18, 3, 17], [24, 19, 1, 20], [16, 21, 17, 22], [14, 24, 15, 23], [8, 2, 9, 1]]"
12n_0483_24,"[[9, 3, 10, 2], [4, 8, 5, 7], [6, 13, 7, 14], [19, 9, 20, 8], [21, 10, 22, 11], [23, 13, 24, 12], [14, 5, 15, 6], [11, 17, 12, 16], [3, 19, 4, 18], [1, 20, 2, 21], [17, 22, 18, 23], [15, 1, 16, 24]]"
12n_0483_25,"[[15, 1, 16, 24], [9, 3, 10, 2], [4, 8, 5, 7], [6, 13, 7, 14], [19, 9, 20, 8], [21, 10, 22, 11], [23, 13, 24, 12], [14, 5, 15, 6], [11, 17, 12, 16], [3, 19, 4, 18], [1, 20, 2, 21], [17, 22, 18, 23]]"
12n_0483_26,"[[17, 22, 18, 23], [15, 1, 16, 24], [9, 3, 10, 2], [4, 8, 5, 7], [6, 13, 7, 14], [19, 9, 20, 8], [21, 10, 22, 11], [23, 13, 24, 12], [14, 5, 15, 6], [11, 17, 12, 16], [3, 19, 4, 18], [1, 20, 2, 21]]"
12n_0483_27,"[[1, 20, 2, 21], [17, 22, 18, 23], [15, 1, 16, 24], [9, 3, 10, 2], [4, 8, 5, 7], [6, 13, 7, 14], [19, 9, 20, 8], [21, 10, 22, 11], [23, 13, 24, 12], [14, 5, 15, 6], [11, 17, 12, 16], [3, 19, 4, 18]]"
12n_0483_28,"[[3, 19, 4, 18], [1, 20, 2, 21], [17, 22, 18, 23], [15, 1, 16, 24], [9, 3, 10, 2], [4, 8, 5, 7], [6, 13, 7, 14], [19, 9, 20, 8], [21, 10, 22, 11], [23, 13, 24, 12], [14, 5, 15, 6], [11, 17, 12, 16]]"
12n_0483_29,"[[11, 17, 12, 16], [3, 19, 4, 18], [1, 20, 2, 21], [17, 22, 18, 23], [15, 1, 16, 24], [9, 3, 10, 2], [4, 8, 5, 7], [6, 13, 7, 14], [19, 9, 20, 8], [21, 10, 22, 11], [23, 13, 24, 12], [14, 5, 15, 6]]"
12n_0483_30,"[[14, 5, 15, 6], [11, 17, 12, 16], [3, 19, 4, 18], [1, 20, 2, 21], [17, 22, 18, 23], [15, 1, 16, 24], [9, 3, 10, 2], [4, 8, 5, 7], [6, 13, 7, 14], [19, 9, 20, 8], [21, 10, 22, 11], [23, 13, 24, 12]]"
12n_0483_31,"[[23, 13, 24, 12], [14, 5, 15, 6], [11, 17, 12, 16], [3, 19, 4, 18], [1, 20, 2, 21], [17, 22, 18, 23], [15, 1, 16, 24], [9, 3, 10, 2], [4, 8, 5, 7], [6, 13, 7, 14], [19, 9, 20, 8], [21, 10, 22, 11]]"
12n_0483_32,"[[21, 10, 22, 11], [23, 13, 24, 12], [14, 5, 15, 6], [11, 17, 12, 16], [3, 19, 4, 18], [1, 20, 2, 21], [17, 22, 18, 23], [15, 1, 16, 24], [9, 3, 10, 2], [4, 8, 5, 7], [6, 13, 7, 14], [19, 9, 20, 8]]"
12n_0483_33,"[[19, 9, 20, 8], [21, 10, 22, 11], [23, 13, 24, 12], [14, 5, 15, 6], [11, 17, 12, 16], [3, 19, 4, 18], [1, 20, 2, 21], [17, 22, 18, 23], [15, 1, 16, 24], [9, 3, 10, 2], [4, 8, 5, 7], [6, 13, 7, 14]]"
12n_0483_34,"[[6, 13, 7, 14], [19, 9, 20, 8], [21, 10, 22, 11], [23, 13, 24, 12], [14, 5, 15, 6], [11, 17, 12, 16], [3, 19, 4, 18], [1, 20, 2, 21], [17, 22, 18, 23], [15, 1, 16, 24], [9, 3, 10, 2], [4, 8, 5, 7]]"
12n_0483_35,"[[4, 8, 5, 7], [6, 13, 7, 14], [19, 9, 20, 8], [21, 10, 22, 11], [23, 13, 24, 12], [14, 5, 15, 6], [11, 17, 12, 16], [3, 19, 4, 18], [1, 20, 2, 21], [17, 22, 18, 23], [15, 1, 16, 24], [9, 3, 10, 2]]"
12n_0483_36,"[[10, 4, 11, 3], [5, 9, 6, 8], [7, 14, 8, 15], [20, 10, 21, 9], [22, 11, 23, 12], [24, 14, 1, 13], [15, 6, 16, 7], [12, 18, 13, 17], [4, 20, 5, 19], [2, 21, 3, 22], [18, 23, 19, 24], [16, 2, 17, 1]]"
12n_0483_37,"[[16, 2, 17, 1], [10, 4, 11, 3], [5, 9, 6, 8], [7, 14, 8, 15], [20, 10, 21, 9], [22, 11, 23, 12], [24, 14, 1, 13], [15, 6, 16, 7], [12, 18, 13, 17], [4, 20, 5, 19], [2, 21, 3, 22], [18, 23, 19, 24]]"
12n_0483_38,"[[18, 23, 19, 24], [16, 2, 17, 1], [10, 4, 11, 3], [5, 9, 6, 8], [7, 14, 8, 15], [20, 10, 21, 9], [22, 11, 23, 12], [24, 14, 1, 13], [15, 6, 16, 7], [12, 18, 13, 17], [4, 20, 5, 19], [2, 21, 3, 22]]"
12n_0483_39,"[[2, 21, 3, 22], [18, 23, 19, 24], [16, 2, 17, 1], [10, 4, 11, 3], [5, 9, 6, 8], [7, 14, 8, 15], [20, 10, 21, 9], [22, 11, 23, 12], [24, 14, 1, 13], [15, 6, 16, 7], [12, 18, 13, 17], [4, 20, 5, 19]]"
12n_0483_40,"[[4, 20, 5, 19], [2, 21, 3, 22], [18, 23, 19, 24], [16, 2, 17, 1], [10, 4, 11, 3], [5, 9, 6, 8], [7, 14, 8, 15], [20, 10, 21, 9], [22, 11, 23, 12], [24, 14, 1, 13], [15, 6, 16, 7], [12, 18, 13, 17]]"
12n_0483_41,"[[12, 18, 13, 17], [4, 20, 5, 19], [2, 21, 3, 22], [18, 23, 19, 24], [16, 2, 17, 1], [10, 4, 11, 3], [5, 9, 6, 8], [7, 14, 8, 15], [20, 10, 21, 9], [22, 11, 23, 12], [24, 14, 1, 13], [15, 6, 16, 7]]"
12n_0483_42,"[[15, 6, 16, 7], [12, 18, 13, 17], [4, 20, 5, 19], [2, 21, 3, 22], [18, 23, 19, 24], [16, 2, 17, 1], [10, 4, 11, 3], [5, 9, 6, 8], [7, 14, 8, 15], [20, 10, 21, 9], [22, 11, 23, 12], [24, 14, 1, 13]]"
12n_0483_43,"[[24, 14, 1, 13], [15, 6, 16, 7], [12, 18, 13, 17], [4, 20, 5, 19], [2, 21, 3, 22], [18, 23, 19, 24], [16, 2, 17, 1], [10, 4, 11, 3], [5, 9, 6, 8], [7, 14, 8, 15], [20, 10, 21, 9], [22, 11, 23, 12]]"
12n_0483_44,"[[22, 11, 23, 12], [24, 14, 1, 13], [15, 6, 16, 7], [12, 18, 13, 17], [4, 20, 5, 19], [2, 21, 3, 22], [18, 23, 19, 24], [16, 2, 17, 1], [10, 4, 11, 3], [5, 9, 6, 8], [7, 14, 8, 15], [20, 10, 21, 9]]"
12n_0483_45,"[[20, 10, 21, 9], [22, 11, 23, 12], [24, 14, 1, 13], [15, 6, 16, 7], [12, 18, 13, 17], [4, 20, 5, 19], [2, 21, 3, 22], [18, 23, 19, 24], [16, 2, 17, 1], [10, 4, 11, 3], [5, 9, 6, 8], [7, 14, 8, 15]]"
12n_0483_46,"[[7, 14, 8, 15], [20, 10, 21, 9], [22, 11, 23, 12], [24, 14, 1, 13], [15, 6, 16, 7], [12, 18, 13, 17], [4, 20, 5, 19], [2, 21, 3, 22], [18, 23, 19, 24], [16, 2, 17, 1], [10, 4, 11, 3], [5, 9, 6, 8]]"
12n_0483_47,"[[5, 9, 6, 8], [7, 14, 8, 15], [20, 10, 21, 9], [22, 11, 23, 12], [24, 14, 1, 13], [15, 6, 16, 7], [12, 18, 13, 17], [4, 20, 5, 19], [2, 21, 3, 22], [18, 23, 19, 24], [16, 2, 17, 1], [10, 4, 11, 3]]"
12n_0483_48,"[[11, 5, 12, 4], [6, 10, 7, 9], [8, 15, 9, 16], [21, 11, 22, 10], [23, 12, 24, 13], [1, 15, 2, 14], [16, 7, 17, 8], [13, 19, 14, 18], [5, 21, 6, 20], [3, 22, 4, 23], [19, 24, 20, 1], [17, 3, 18, 2]]"
12n_0483_49,"[[17, 3, 18, 2], [11, 5, 12, 4], [6, 10, 7, 9], [8, 15, 9, 16], [21, 11, 22, 10], [23, 12, 24, 13], [1, 15, 2, 14], [16, 7, 17, 8], [13, 19, 14, 18], [5, 21, 6, 20], [3, 22, 4, 23], [19, 24, 20, 1]]"
12n_0483_50,"[[19, 24, 20, 1], [17, 3, 18, 2], [11, 5, 12, 4], [6, 10, 7, 9], [8, 15, 9, 16], [21, 11, 22, 10], [23, 12, 24, 13], [1, 15, 2, 14], [16, 7, 17, 8], [13, 19, 14, 18], [5, 21, 6, 20], [3, 22, 4, 23]]"
12n_0483_51,"[[3, 22, 4, 23], [19, 24, 20, 1], [17, 3, 18, 2], [11, 5, 12, 4], [6, 10, 7, 9], [8, 15, 9, 16], [21, 11, 22, 10], [23, 12, 24, 13], [1, 15, 2, 14], [16, 7, 17, 8], [13, 19, 14, 18], [5, 21, 6, 20]]"
12n_0483_52,"[[5, 21, 6, 20], [3, 22, 4, 23], [19, 24, 20, 1], [17, 3, 18, 2], [11, 5, 12, 4], [6, 10, 7, 9], [8, 15, 9, 16], [21, 11, 22, 10], [23, 12, 24, 13], [1, 15, 2, 14], [16, 7, 17, 8], [13, 19, 14, 18]]"
12n_0483_53,"[[13, 19, 14, 18], [5, 21, 6, 20], [3, 22, 4, 23], [19, 24, 20, 1], [17, 3, 18, 2], [11, 5, 12, 4], [6, 10, 7, 9], [8, 15, 9, 16], [21, 11, 22, 10], [23, 12, 24, 13], [1, 15, 2, 14], [16, 7, 17, 8]]"
12n_0483_54,"[[16, 7, 17, 8], [13, 19, 14, 18], [5, 21, 6, 20], [3, 22, 4, 23], [19, 24, 20, 1], [17, 3, 18, 2], [11, 5, 12, 4], [6, 10, 7, 9], [8, 15, 9, 16], [21, 11, 22, 10], [23, 12, 24, 13], [1, 15, 2, 14]]"
12n_0483_55,"[[1, 15, 2, 14], [16, 7, 17, 8], [13, 19, 14, 18], [5, 21, 6, 20], [3, 22, 4, 23], [19, 24, 20, 1], [17, 3, 18, 2], [11, 5, 12, 4], [6, 10, 7, 9], [8, 15, 9, 16], [21, 11, 22, 10], [23, 12, 24, 13]]"
12n_0483_56,"[[23, 12, 24, 13], [1, 15, 2, 14], [16, 7, 17, 8], [13, 19, 14, 18], [5, 21, 6, 20], [3, 22, 4, 23], [19, 24, 20, 1], [17, 3, 18, 2], [11, 5, 12, 4], [6, 10, 7, 9], [8, 15, 9, 16], [21, 11, 22, 10]]"
12n_0483_57,"[[21, 11, 22, 10], [23, 12, 24, 13], [1, 15, 2, 14], [16, 7, 17, 8], [13, 19, 14, 18], [5, 21, 6, 20], [3, 22, 4, 23], [19, 24, 20, 1], [17, 3, 18, 2], [11, 5, 12, 4], [6, 10, 7, 9], [8, 15, 9, 16]]"
12n_0483_58,"[[8, 15, 9, 16], [21, 11, 22, 10], [23, 12, 24, 13], [1, 15, 2, 14], [16, 7, 17, 8], [13, 19, 14, 18], [5, 21, 6, 20], [3, 22, 4, 23], [19, 24, 20, 1], [17, 3, 18, 2], [11, 5, 12, 4], [6, 10, 7, 9]]"
12n_0483_59,"[[6, 10, 7, 9], [8, 15, 9, 16], [21, 11, 22, 10], [23, 12, 24, 13], [1, 15, 2, 14], [16, 7, 17, 8], [13, 19, 14, 18], [5, 21, 6, 20], [3, 22, 4, 23], [19, 24, 20, 1], [17, 3, 18, 2], [11, 5, 12, 4]]"
12n_0483_60,"[[12, 6, 13, 5], [7, 11, 8, 10], [9, 16, 10, 17], [22, 12, 23, 11], [24, 13, 1, 14], [2, 16, 3, 15], [17, 8, 18, 9], [14, 20, 15, 19], [6, 22, 7, 21], [4, 23, 5, 24], [20, 1, 21, 2], [18, 4, 19, 3]]"
12n_0483_61,"[[18, 4, 19, 3], [12, 6, 13, 5], [7, 11, 8, 10], [9, 16, 10, 17], [22, 12, 23, 11], [24, 13, 1, 14], [2, 16, 3, 15], [17, 8, 18, 9], [14, 20, 15, 19], [6, 22, 7, 21], [4, 23, 5, 24], [20, 1, 21, 2]]"
12n_0483_62,"[[20, 1, 21, 2], [18, 4, 19, 3], [12, 6, 13, 5], [7, 11, 8, 10], [9, 16, 10, 17], [22, 12, 23, 11], [24, 13, 1, 14], [2, 16, 3, 15], [17, 8, 18, 9], [14, 20, 15, 19], [6, 22, 7, 21], [4, 23, 5, 24]]"
12n_0483_63,"[[4, 23, 5, 24], [20, 1, 21, 2], [18, 4, 19, 3], [12, 6, 13, 5], [7, 11, 8, 10], [9, 16, 10, 17], [22, 12, 23, 11], [24, 13, 1, 14], [2, 16, 3, 15], [17, 8, 18, 9], [14, 20, 15, 19], [6, 22, 7, 21]]"
12n_0483_64,"[[6, 22, 7, 21], [4, 23, 5, 24], [20, 1, 21, 2], [18, 4, 19, 3], [12, 6, 13, 5], [7, 11, 8, 10], [9, 16, 10, 17], [22, 12, 23, 11], [24, 13, 1, 14], [2, 16, 3, 15], [17, 8, 18, 9], [14, 20, 15, 19]]"
12n_0483_65,"[[14, 20, 15, 19], [6, 22, 7, 21], [4, 23, 5, 24], [20, 1, 21, 2], [18, 4, 19, 3], [12, 6, 13, 5], [7, 11, 8, 10], [9, 16, 10, 17], [22, 12, 23, 11], [24, 13, 1, 14], [2, 16, 3, 15], [17, 8, 18, 9]]"
12n_0483_66,"[[17, 8, 18, 9], [14, 20, 15, 19], [6, 22, 7, 21], [4, 23, 5, 24], [20, 1, 21, 2], [18, 4, 19, 3], [12, 6, 13, 5], [7, 11, 8, 10], [9, 16, 10, 17], [22, 12, 23, 11], [24, 13, 1, 14], [2, 16, 3, 15]]"
12n_0483_67,"[[2, 16, 3, 15], [17, 8, 18, 9], [14, 20, 15, 19], [6, 22, 7, 21], [4, 23, 5, 24], [20, 1, 21, 2], [18, 4, 19, 3], [12, 6, 13, 5], [7, 11, 8, 10], [9, 16, 10, 17], [22, 12, 23, 11], [24, 13, 1, 14]]"
12n_0483_68,"[[24, 13, 1, 14], [2, 16, 3, 15], [17, 8, 18, 9], [14, 20, 15, 19], [6, 22, 7, 21], [4, 23, 5, 24], [20, 1, 21, 2], [18, 4, 19, 3], [12, 6, 13, 5], [7, 11, 8, 10], [9, 16, 10, 17], [22, 12, 23, 11]]"
12n_0483_69,"[[22, 12, 23, 11], [24, 13, 1, 14], [2, 16, 3, 15], [17, 8, 18, 9], [14, 20, 15, 19], [6, 22, 7, 21], [4, 23, 5, 24], [20, 1, 21, 2], [18, 4, 19, 3], [12, 6, 13, 5], [7, 11, 8, 10], [9, 16, 10, 17]]"
12n_0483_70,"[[9, 16, 10, 17], [22, 12, 23, 11], [24, 13, 1, 14], [2, 16, 3, 15], [17, 8, 18, 9], [14, 20, 15, 19], [6, 22, 7, 21], [4, 23, 5, 24], [20, 1, 21, 2], [18, 4, 19, 3], [12, 6, 13, 5], [7, 11, 8, 10]]"
12n_0483_71,"[[7, 11, 8, 10], [9, 16, 10, 17], [22, 12, 23, 11], [24, 13, 1, 14], [2, 16, 3, 15], [17, 8, 18, 9], [14, 20, 15, 19], [6, 22, 7, 21], [4, 23, 5, 24], [20, 1, 21, 2], [18, 4, 19, 3], [12, 6, 13, 5]]"
12n_0483_72,"[[13, 7, 14, 6], [8, 12, 9, 11], [10, 17, 11, 18], [23, 13, 24, 12], [1, 14, 2, 15], [3, 17, 4, 16], [18, 9, 19, 10], [15, 21, 16, 20], [7, 23, 8, 22], [5, 24, 6, 1], [21, 2, 22, 3], [19, 5, 20, 4]]"
12n_0483_73,"[[19, 5, 20, 4], [13, 7, 14, 6], [8, 12, 9, 11], [10, 17, 11, 18], [23, 13, 24, 12], [1, 14, 2, 15], [3, 17, 4, 16], [18, 9, 19, 10], [15, 21, 16, 20], [7, 23, 8, 22], [5, 24, 6, 1], [21, 2, 22, 3]]"
12n_0483_74,"[[21, 2, 22, 3], [19, 5, 20, 4], [13, 7, 14, 6], [8, 12, 9, 11], [10, 17, 11, 18], [23, 13, 24, 12], [1, 14, 2, 15], [3, 17, 4, 16], [18, 9, 19, 10], [15, 21, 16, 20], [7, 23, 8, 22], [5, 24, 6, 1]]"
12n_0483_75,"[[5, 24, 6, 1], [21, 2, 22, 3], [19, 5, 20, 4], [13, 7, 14, 6], [8, 12, 9, 11], [10, 17, 11, 18], [23, 13, 24, 12], [1, 14, 2, 15], [3, 17, 4, 16], [18, 9, 19, 10], [15, 21, 16, 20], [7, 23, 8, 22]]"
12n_0483_76,"[[7, 23, 8, 22], [5, 24, 6, 1], [21, 2, 22, 3], [19, 5, 20, 4], [13, 7, 14, 6], [8, 12, 9, 11], [10, 17, 11, 18], [23, 13, 24, 12], [1, 14, 2, 15], [3, 17, 4, 16], [18, 9, 19, 10], [15, 21, 16, 20]]"
12n_0483_77,"[[15, 21, 16, 20], [7, 23, 8, 22], [5, 24, 6, 1], [21, 2, 22, 3], [19, 5, 20, 4], [13, 7, 14, 6], [8, 12, 9, 11], [10, 17, 11, 18], [23, 13, 24, 12], [1, 14, 2, 15], [3, 17, 4, 16], [18, 9, 19, 10]]"
12n_0483_78,"[[18, 9, 19, 10], [15, 21, 16, 20], [7, 23, 8, 22], [5, 24, 6, 1], [21, 2, 22, 3], [19, 5, 20, 4], [13, 7, 14, 6], [8, 12, 9, 11], [10, 17, 11, 18], [23, 13, 24, 12], [1, 14, 2, 15], [3, 17, 4, 16]]"
12n_0483_79,"[[3, 17, 4, 16], [18, 9, 19, 10], [15, 21, 16, 20], [7, 23, 8, 22], [5, 24, 6, 1], [21, 2, 22, 3], [19, 5, 20, 4], [13, 7, 14, 6], [8, 12, 9, 11], [10, 17, 11, 18], [23, 13, 24, 12], [1, 14, 2, 15]]"
12n_0483_80,"[[1, 14, 2, 15], [3, 17, 4, 16], [18, 9, 19, 10], [15, 21, 16, 20], [7, 23, 8, 22], [5, 24, 6, 1], [21, 2, 22, 3], [19, 5, 20, 4], [13, 7, 14, 6], [8, 12, 9, 11], [10, 17, 11, 18], [23, 13, 24, 12]]"
12n_0483_81,"[[23, 13, 24, 12], [1, 14, 2, 15], [3, 17, 4, 16], [18, 9, 19, 10], [15, 21, 16, 20], [7, 23, 8, 22], [5, 24, 6, 1], [21, 2, 22, 3], [19, 5, 20, 4], [13, 7, 14, 6], [8, 12, 9, 11], [10, 17, 11, 18]]"
12n_0483_82,"[[10, 17, 11, 18], [23, 13, 24, 12], [1, 14, 2, 15], [3, 17, 4, 16], [18, 9, 19, 10], [15, 21, 16, 20], [7, 23, 8, 22], [5, 24, 6, 1], [21, 2, 22, 3], [19, 5, 20, 4], [13, 7, 14, 6], [8, 12, 9, 11]]"
12n_0483_83,"[[8, 12, 9, 11], [10, 17, 11, 18], [23, 13, 24, 12], [1, 14, 2, 15], [3, 17, 4, 16], [18, 9, 19, 10], [15, 21, 16, 20], [7, 23, 8, 22], [5, 24, 6, 1], [21, 2, 22, 3], [19, 5, 20, 4], [13, 7, 14, 6]]"
12n_0483_84,"[[14, 8, 15, 7], [9, 13, 10, 12], [11, 18, 12, 19], [24, 14, 1, 13], [2, 15, 3, 16], [4, 18, 5, 17], [19, 10, 20, 11], [16, 22, 17, 21], [8, 24, 9, 23], [6, 1, 7, 2], [22, 3, 23, 4], [20, 6, 21, 5]]"
12n_0483_85,"[[20, 6, 21, 5], [14, 8, 15, 7], [9, 13, 10, 12], [11, 18, 12, 19], [24, 14, 1, 13], [2, 15, 3, 16], [4, 18, 5, 17], [19, 10, 20, 11], [16, 22, 17, 21], [8, 24, 9, 23], [6, 1, 7, 2], [22, 3, 23, 4]]"
12n_0483_86,"[[22, 3, 23, 4], [20, 6, 21, 5], [14, 8, 15, 7], [9, 13, 10, 12], [11, 18, 12, 19], [24, 14, 1, 13], [2, 15, 3, 16], [4, 18, 5, 17], [19, 10, 20, 11], [16, 22, 17, 21], [8, 24, 9, 23], [6, 1, 7, 2]]"
12n_0483_87,"[[6, 1, 7, 2], [22, 3, 23, 4], [20, 6, 21, 5], [14, 8, 15, 7], [9, 13, 10, 12], [11, 18, 12, 19], [24, 14, 1, 13], [2, 15, 3, 16], [4, 18, 5, 17], [19, 10, 20, 11], [16, 22, 17, 21], [8, 24, 9, 23]]"
12n_0483_88,"[[8, 24, 9, 23], [6, 1, 7, 2], [22, 3, 23, 4], [20, 6, 21, 5], [14, 8, 15, 7], [9, 13, 10, 12], [11, 18, 12, 19], [24, 14, 1, 13], [2, 15, 3, 16], [4, 18, 5, 17], [19, 10, 20, 11], [16, 22, 17, 21]]"
12n_0483_89,"[[16, 22, 17, 21], [8, 24, 9, 23], [6, 1, 7, 2], [22, 3, 23, 4], [20, 6, 21, 5], [14, 8, 15, 7], [9, 13, 10, 12], [11, 18, 12, 19], [24, 14, 1, 13], [2, 15, 3, 16], [4, 18, 5, 17], [19, 10, 20, 11]]"
12n_0483_90,"[[19, 10, 20, 11], [16, 22, 17, 21], [8, 24, 9, 23], [6, 1, 7, 2], [22, 3, 23, 4], [20, 6, 21, 5], [14, 8, 15, 7], [9, 13, 10, 12], [11, 18, 12, 19], [24, 14, 1, 13], [2, 15, 3, 16], [4, 18, 5, 17]]"
12n_0483_91,"[[4, 18, 5, 17], [19, 10, 20, 11], [16, 22, 17, 21], [8, 24, 9, 23], [6, 1, 7, 2], [22, 3, 23, 4], [20, 6, 21, 5], [14, 8, 15, 7], [9, 13, 10, 12], [11, 18, 12, 19], [24, 14, 1, 13], [2, 15, 3, 16]]"
12n_0483_92,"[[2, 15, 3, 16], [4, 18, 5, 17], [19, 10, 20, 11], [16, 22, 17, 21], [8, 24, 9, 23], [6, 1, 7, 2], [22, 3, 23, 4], [20, 6, 21, 5], [14, 8, 15, 7], [9, 13, 10, 12], [11, 18, 12, 19], [24, 14, 1, 13]]"
12n_0483_93,"[[24, 14, 1, 13], [2, 15, 3, 16], [4, 18, 5, 17], [19, 10, 20, 11], [16, 22, 17, 21], [8, 24, 9, 23], [6, 1, 7, 2], [22, 3, 23, 4], [20, 6, 21, 5], [14, 8, 15, 7], [9, 13, 10, 12], [11, 18, 12, 19]]"
12n_0483_94,"[[11, 18, 12, 19], [24, 14, 1, 13], [2, 15, 3, 16], [4, 18, 5, 17], [19, 10, 20, 11], [16, 22, 17, 21], [8, 24, 9, 23], [6, 1, 7, 2], [22, 3, 23, 4], [20, 6, 21, 5], [14, 8, 15, 7], [9, 13, 10, 12]]"
12n_0483_95,"[[9, 13, 10, 12], [11, 18, 12, 19], [24, 14, 1, 13], [2, 15, 3, 16], [4, 18, 5, 17], [19, 10, 20, 11], [16, 22, 17, 21], [8, 24, 9, 23], [6, 1, 7, 2], [22, 3, 23, 4], [20, 6, 21, 5], [14, 8, 15, 7]]"
12n_0483_96,"[[15, 9, 16, 8], [10, 14, 11, 13], [12, 19, 13, 20], [1, 15, 2, 14], [3, 16, 4, 17], [5, 19, 6, 18], [20, 11, 21, 12], [17, 23, 18, 22], [9, 1, 10, 24], [7, 2, 8, 3], [23, 4, 24, 5], [21, 7, 22, 6]]"
12n_0483_97,"[[21, 7, 22, 6], [15, 9, 16, 8], [10, 14, 11, 13], [12, 19, 13, 20], [1, 15, 2, 14], [3, 16, 4, 17], [5, 19, 6, 18], [20, 11, 21, 12], [17, 23, 18, 22], [9, 1, 10, 24], [7, 2, 8, 3], [23, 4, 24, 5]]"
12n_0483_98,"[[23, 4, 24, 5], [21, 7, 22, 6], [15, 9, 16, 8], [10, 14, 11, 13], [12, 19, 13, 20], [1, 15, 2, 14], [3, 16, 4, 17], [5, 19, 6, 18], [20, 11, 21, 12], [17, 23, 18, 22], [9, 1, 10, 24], [7, 2, 8, 3]]"
12n_0483_99,"[[7, 2, 8, 3], [23, 4, 24, 5], [21, 7, 22, 6], [15, 9, 16, 8], [10, 14, 11, 13], [12, 19, 13, 20], [1, 15, 2, 14], [3, 16, 4, 17], [5, 19, 6, 18], [20, 11, 21, 12], [17, 23, 18, 22], [9, 1, 10, 24]]"
12n_0483_100,"[[9, 1, 10, 24], [7, 2, 8, 3], [23, 4, 24, 5], [21, 7, 22, 6], [15, 9, 16, 8], [10, 14, 11, 13], [12, 19, 13, 20], [1, 15, 2, 14], [3, 16, 4, 17], [5, 19, 6, 18], [20, 11, 21, 12], [17, 23, 18, 22]]"
12n_0483_101,"[[17, 23, 18, 22], [9, 1, 10, 24], [7, 2, 8, 3], [23, 4, 24, 5], [21, 7, 22, 6], [15, 9, 16, 8], [10, 14, 11, 13], [12, 19, 13, 20], [1, 15, 2, 14], [3, 16, 4, 17], [5, 19, 6, 18], [20, 11, 21, 12]]"
12n_0483_102,"[[20, 11, 21, 12], [17, 23, 18, 22], [9, 1, 10, 24], [7, 2, 8, 3], [23, 4, 24, 5], [21, 7, 22, 6], [15, 9, 16, 8], [10, 14, 11, 13], [12, 19, 13, 20], [1, 15, 2, 14], [3, 16, 4, 17], [5, 19, 6, 18]]"
12n_0483_103,"[[5, 19, 6, 18], [20, 11, 21, 12], [17, 23, 18, 22], [9, 1, 10, 24], [7, 2, 8, 3], [23, 4, 24, 5], [21, 7, 22, 6], [15, 9, 16, 8], [10, 14, 11, 13], [12, 19, 13, 20], [1, 15, 2, 14], [3, 16, 4, 17]]"
12n_0483_104,"[[3, 16, 4, 17], [5, 19, 6, 18], [20, 11, 21, 12], [17, 23, 18, 22], [9, 1, 10, 24], [7, 2, 8, 3], [23, 4, 24, 5], [21, 7, 22, 6], [15, 9, 16, 8], [10, 14, 11, 13], [12, 19, 13, 20], [1, 15, 2, 14]]"
12n_0483_105,"[[1, 15, 2, 14], [3, 16, 4, 17], [5, 19, 6, 18], [20, 11, 21, 12], [17, 23, 18, 22], [9, 1, 10, 24], [7, 2, 8, 3], [23, 4, 24, 5], [21, 7, 22, 6], [15, 9, 16, 8], [10, 14, 11, 13], [12, 19, 13, 20]]"
12n_0483_106,"[[12, 19, 13, 20], [1, 15, 2, 14], [3, 16, 4, 17], [5, 19, 6, 18], [20, 11, 21, 12], [17, 23, 18, 22], [9, 1, 10, 24], [7, 2, 8, 3], [23, 4, 24, 5], [21, 7, 22, 6], [15, 9, 16, 8], [10, 14, 11, 13]]"
12n_0483_107,"[[10, 14, 11, 13], [12, 19, 13, 20], [1, 15, 2, 14], [3, 16, 4, 17], [5, 19, 6, 18], [20, 11, 21, 12], [17, 23, 18, 22], [9, 1, 10, 24], [7, 2, 8, 3], [23, 4, 24, 5], [21, 7, 22, 6], [15, 9, 16, 8]]"
12n_0483_108,"[[16, 10, 17, 9], [11, 15, 12, 14], [13, 20, 14, 21], [2, 16, 3, 15], [4, 17, 5, 18], [6, 20, 7, 19], [21, 12, 22, 13], [18, 24, 19, 23], [10, 2, 11, 1], [8, 3, 9, 4], [24, 5, 1, 6], [22, 8, 23, 7]]"
12n_0483_109,"[[22, 8, 23, 7], [16, 10, 17, 9], [11, 15, 12, 14], [13, 20, 14, 21], [2, 16, 3, 15], [4, 17, 5, 18], [6, 20, 7, 19], [21, 12, 22, 13], [18, 24, 19, 23], [10, 2, 11, 1], [8, 3, 9, 4], [24, 5, 1, 6]]"
12n_0483_110,"[[24, 5, 1, 6], [22, 8, 23, 7], [16, 10, 17, 9], [11, 15, 12, 14], [13, 20, 14, 21], [2, 16, 3, 15], [4, 17, 5, 18], [6, 20, 7, 19], [21, 12, 22, 13], [18, 24, 19, 23], [10, 2, 11, 1], [8, 3, 9, 4]]"
12n_0483_111,"[[8, 3, 9, 4], [24, 5, 1, 6], [22, 8, 23, 7], [16, 10, 17, 9], [11, 15, 12, 14], [13, 20, 14, 21], [2, 16, 3, 15], [4, 17, 5, 18], [6, 20, 7, 19], [21, 12, 22, 13], [18, 24, 19, 23], [10, 2, 11, 1]]"
12n_0483_112,"[[10, 2, 11, 1], [8, 3, 9, 4], [24, 5, 1, 6], [22, 8, 23, 7], [16, 10, 17, 9], [11, 15, 12, 14], [13, 20, 14, 21], [2, 16, 3, 15], [4, 17, 5, 18], [6, 20, 7, 19], [21, 12, 22, 13], [18, 24, 19, 23]]"
12n_0483_113,"[[18, 24, 19, 23], [10, 2, 11, 1], [8, 3, 9, 4], [24, 5, 1, 6], [22, 8, 23, 7], [16, 10, 17, 9], [11, 15, 12, 14], [13, 20, 14, 21], [2, 16, 3, 15], [4, 17, 5, 18], [6, 20, 7, 19], [21, 12, 22, 13]]"
12n_0483_114,"[[21, 12, 22, 13], [18, 24, 19, 23], [10, 2, 11, 1], [8, 3, 9, 4], [24, 5, 1, 6], [22, 8, 23, 7], [16, 10, 17, 9], [11, 15, 12, 14], [13, 20, 14, 21], [2, 16, 3, 15], [4, 17, 5, 18], [6, 20, 7, 19]]"
12n_0483_115,"[[6, 20, 7, 19], [21, 12, 22, 13], [18, 24, 19, 23], [10, 2, 11, 1], [8, 3, 9, 4], [24, 5, 1, 6], [22, 8, 23, 7], [16, 10, 17, 9], [11, 15, 12, 14], [13, 20, 14, 21], [2, 16, 3, 15], [4, 17, 5, 18]]"
12n_0483_116,"[[4, 17, 5, 18], [6, 20, 7, 19], [21, 12, 22, 13], [18, 24, 19, 23], [10, 2, 11, 1], [8, 3, 9, 4], [24, 5, 1, 6], [22, 8, 23, 7], [16, 10, 17, 9], [11, 15, 12, 14], [13, 20, 14, 21], [2, 16, 3, 15]]"
12n_0483_117,"[[2, 16, 3, 15], [4, 17, 5, 18], [6, 20, 7, 19], [21, 12, 22, 13], [18, 24, 19, 23], [10, 2, 11, 1], [8, 3, 9, 4], [24, 5, 1, 6], [22, 8, 23, 7], [16, 10, 17, 9], [11, 15, 12, 14], [13, 20, 14, 21]]"
12n_0483_118,"[[13, 20, 14, 21], [2, 16, 3, 15], [4, 17, 5, 18], [6, 20, 7, 19], [21, 12, 22, 13], [18, 24, 19, 23], [10, 2, 11, 1], [8, 3, 9, 4], [24, 5, 1, 6], [22, 8, 23, 7], [16, 10, 17, 9], [11, 15, 12, 14]]"
12n_0483_119,"[[11, 15, 12, 14], [13, 20, 14, 21], [2, 16, 3, 15], [4, 17, 5, 18], [6, 20, 7, 19], [21, 12, 22, 13], [18, 24, 19, 23], [10, 2, 11, 1], [8, 3, 9, 4], [24, 5, 1, 6], [22, 8, 23, 7], [16, 10, 17, 9]]"
12n_0483_120,"[[17, 11, 18, 10], [12, 16, 13, 15], [14, 21, 15, 22], [3, 17, 4, 16], [5, 18, 6, 19], [7, 21, 8, 20], [22, 13, 23, 14], [19, 1, 20, 24], [11, 3, 12, 2], [9, 4, 10, 5], [1, 6, 2, 7], [23, 9, 24, 8]]"
12n_0483_121,"[[23, 9, 24, 8], [17, 11, 18, 10], [12, 16, 13, 15], [14, 21, 15, 22], [3, 17, 4, 16], [5, 18, 6, 19], [7, 21, 8, 20], [22, 13, 23, 14], [19, 1, 20, 24], [11, 3, 12, 2], [9, 4, 10, 5], [1, 6, 2, 7]]"
12n_0483_122,"[[1, 6, 2, 7], [23, 9, 24, 8], [17, 11, 18, 10], [12, 16, 13, 15], [14, 21, 15, 22], [3, 17, 4, 16], [5, 18, 6, 19], [7, 21, 8, 20], [22, 13, 23, 14], [19, 1, 20, 24], [11, 3, 12, 2], [9, 4, 10, 5]]"
12n_0483_123,"[[9, 4, 10, 5], [1, 6, 2, 7], [23, 9, 24, 8], [17, 11, 18, 10], [12, 16, 13, 15], [14, 21, 15, 22], [3, 17, 4, 16], [5, 18, 6, 19], [7, 21, 8, 20], [22, 13, 23, 14], [19, 1, 20, 24], [11, 3, 12, 2]]"
12n_0483_124,"[[11, 3, 12, 2], [9, 4, 10, 5], [1, 6, 2, 7], [23, 9, 24, 8], [17, 11, 18, 10], [12, 16, 13, 15], [14, 21, 15, 22], [3, 17, 4, 16], [5, 18, 6, 19], [7, 21, 8, 20], [22, 13, 23, 14], [19, 1, 20, 24]]"
12n_0483_125,"[[19, 1, 20, 24], [11, 3, 12, 2], [9, 4, 10, 5], [1, 6, 2, 7], [23, 9, 24, 8], [17, 11, 18, 10], [12, 16, 13, 15], [14, 21, 15, 22], [3, 17, 4, 16], [5, 18, 6, 19], [7, 21, 8, 20], [22, 13, 23, 14]]"
12n_0483_126,"[[22, 13, 23, 14], [19, 1, 20, 24], [11, 3, 12, 2], [9, 4, 10, 5], [1, 6, 2, 7], [23, 9, 24, 8], [17, 11, 18, 10], [12, 16, 13, 15], [14, 21, 15, 22], [3, 17, 4, 16], [5, 18, 6, 19], [7, 21, 8, 20]]"
12n_0483_127,"[[7, 21, 8, 20], [22, 13, 23, 14], [19, 1, 20, 24], [11, 3, 12, 2], [9, 4, 10, 5], [1, 6, 2, 7], [23, 9, 24, 8], [17, 11, 18, 10], [12, 16, 13, 15], [14, 21, 15, 22], [3, 17, 4, 16], [5, 18, 6, 19]]"
12n_0483_128,"[[5, 18, 6, 19], [7, 21, 8, 20], [22, 13, 23, 14], [19, 1, 20, 24], [11, 3, 12, 2], [9, 4, 10, 5], [1, 6, 2, 7], [23, 9, 24, 8], [17, 11, 18, 10], [12, 16, 13, 15], [14, 21, 15, 22], [3, 17, 4, 16]]"
12n_0483_129,"[[3, 17, 4, 16], [5, 18, 6, 19], [7, 21, 8, 20], [22, 13, 23, 14], [19, 1, 20, 24], [11, 3, 12, 2], [9, 4, 10, 5], [1, 6, 2, 7], [23, 9, 24, 8], [17, 11, 18, 10], [12, 16, 13, 15], [14, 21, 15, 22]]"
12n_0483_130,"[[14, 21, 15, 22], [3, 17, 4, 16], [5, 18, 6, 19], [7, 21, 8, 20], [22, 13, 23, 14], [19, 1, 20, 24], [11, 3, 12, 2], [9, 4, 10, 5], [1, 6, 2, 7], [23, 9, 24, 8], [17, 11, 18, 10], [12, 16, 13, 15]]"
12n_0483_131,"[[12, 16, 13, 15], [14, 21, 15, 22], [3, 17, 4, 16], [5, 18, 6, 19], [7, 21, 8, 20], [22, 13, 23, 14], [19, 1, 20, 24], [11, 3, 12, 2], [9, 4, 10, 5], [1, 6, 2, 7], [23, 9, 24, 8], [17, 11, 18, 10]]"
12n_0483_132,"[[18, 12, 19, 11], [13, 17, 14, 16], [15, 22, 16, 23], [4, 18, 5, 17], [6, 19, 7, 20], [8, 22, 9, 21], [23, 14, 24, 15], [20, 2, 21, 1], [12, 4, 13, 3], [10, 5, 11, 6], [2, 7, 3, 8], [24, 10, 1, 9]]"
12n_0483_133,"[[24, 10, 1, 9], [18, 12, 19, 11], [13, 17, 14, 16], [15, 22, 16, 23], [4, 18, 5, 17], [6, 19, 7, 20], [8, 22, 9, 21], [23, 14, 24, 15], [20, 2, 21, 1], [12, 4, 13, 3], [10, 5, 11, 6], [2, 7, 3, 8]]"
12n_0483_134,"[[2, 7, 3, 8], [24, 10, 1, 9], [18, 12, 19, 11], [13, 17, 14, 16], [15, 22, 16, 23], [4, 18, 5, 17], [6, 19, 7, 20], [8, 22, 9, 21], [23, 14, 24, 15], [20, 2, 21, 1], [12, 4, 13, 3], [10, 5, 11, 6]]"
12n_0483_135,"[[10, 5, 11, 6], [2, 7, 3, 8], [24, 10, 1, 9], [18, 12, 19, 11], [13, 17, 14, 16], [15, 22, 16, 23], [4, 18, 5, 17], [6, 19, 7, 20], [8, 22, 9, 21], [23, 14, 24, 15], [20, 2, 21, 1], [12, 4, 13, 3]]"
12n_0483_136,"[[12, 4, 13, 3], [10, 5, 11, 6], [2, 7, 3, 8], [24, 10, 1, 9], [18, 12, 19, 11], [13, 17, 14, 16], [15, 22, 16, 23], [4, 18, 5, 17], [6, 19, 7, 20], [8, 22, 9, 21], [23, 14, 24, 15], [20, 2, 21, 1]]"
12n_0483_137,"[[20, 2, 21, 1], [12, 4, 13, 3], [10, 5, 11, 6], [2, 7, 3, 8], [24, 10, 1, 9], [18, 12, 19, 11], [13, 17, 14, 16], [15, 22, 16, 23], [4, 18, 5, 17], [6, 19, 7, 20], [8, 22, 9, 21], [23, 14, 24, 15]]"
12n_0483_138,"[[23, 14, 24, 15], [20, 2, 21, 1], [12, 4, 13, 3], [10, 5, 11, 6], [2, 7, 3, 8], [24, 10, 1, 9], [18, 12, 19, 11], [13, 17, 14, 16], [15, 22, 16, 23], [4, 18, 5, 17], [6, 19, 7, 20], [8, 22, 9, 21]]"
12n_0483_139,"[[8, 22, 9, 21], [23, 14, 24, 15], [20, 2, 21, 1], [12, 4, 13, 3], [10, 5, 11, 6], [2, 7, 3, 8], [24, 10, 1, 9], [18, 12, 19, 11], [13, 17, 14, 16], [15, 22, 16, 23], [4, 18, 5, 17], [6, 19, 7, 20]]"
12n_0483_140,"[[6, 19, 7, 20], [8, 22, 9, 21], [23, 14, 24, 15], [20, 2, 21, 1], [12, 4, 13, 3], [10, 5, 11, 6], [2, 7, 3, 8], [24, 10, 1, 9], [18, 12, 19, 11], [13, 17, 14, 16], [15, 22, 16, 23], [4, 18, 5, 17]]"
12n_0483_141,"[[4, 18, 5, 17], [6, 19, 7, 20], [8, 22, 9, 21], [23, 14, 24, 15], [20, 2, 21, 1], [12, 4, 13, 3], [10, 5, 11, 6], [2, 7, 3, 8], [24, 10, 1, 9], [18, 12, 19, 11], [13, 17, 14, 16], [15, 22, 16, 23]]"
12n_0483_142,"[[15, 22, 16, 23], [4, 18, 5, 17], [6, 19, 7, 20], [8, 22, 9, 21], [23, 14, 24, 15], [20, 2, 21, 1], [12, 4, 13, 3], [10, 5, 11, 6], [2, 7, 3, 8], [24, 10, 1, 9], [18, 12, 19, 11], [13, 17, 14, 16]]"
12n_0483_143,"[[13, 17, 14, 16], [15, 22, 16, 23], [4, 18, 5, 17], [6, 19, 7, 20], [8, 22, 9, 21], [23, 14, 24, 15], [20, 2, 21, 1], [12, 4, 13, 3], [10, 5, 11, 6], [2, 7, 3, 8], [24, 10, 1, 9], [18, 12, 19, 11]]"
12n_0483_144,"[[19, 13, 20, 12], [14, 18, 15, 17], [16, 23, 17, 24], [5, 19, 6, 18], [7, 20, 8, 21], [9, 23, 10, 22], [24, 15, 1, 16], [21, 3, 22, 2], [13, 5, 14, 4], [11, 6, 12, 7], [3, 8, 4, 9], [1, 11, 2, 10]]"
12n_0483_145,"[[1, 11, 2, 10], [19, 13, 20, 12], [14, 18, 15, 17], [16, 23, 17, 24], [5, 19, 6, 18], [7, 20, 8, 21], [9, 23, 10, 22], [24, 15, 1, 16], [21, 3, 22, 2], [13, 5, 14, 4], [11, 6, 12, 7], [3, 8, 4, 9]]"
12n_0483_146,"[[3, 8, 4, 9], [1, 11, 2, 10], [19, 13, 20, 12], [14, 18, 15, 17], [16, 23, 17, 24], [5, 19, 6, 18], [7, 20, 8, 21], [9, 23, 10, 22], [24, 15, 1, 16], [21, 3, 22, 2], [13, 5, 14, 4], [11, 6, 12, 7]]"
12n_0483_147,"[[11, 6, 12, 7], [3, 8, 4, 9], [1, 11, 2, 10], [19, 13, 20, 12], [14, 18, 15, 17], [16, 23, 17, 24], [5, 19, 6, 18], [7, 20, 8, 21], [9, 23, 10, 22], [24, 15, 1, 16], [21, 3, 22, 2], [13, 5, 14, 4]]"
12n_0483_148,"[[13, 5, 14, 4], [11, 6, 12, 7], [3, 8, 4, 9], [1, 11, 2, 10], [19, 13, 20, 12], [14, 18, 15, 17], [16, 23, 17, 24], [5, 19, 6, 18], [7, 20, 8, 21], [9, 23, 10, 22], [24, 15, 1, 16], [21, 3, 22, 2]]"
12n_0483_149,"[[21, 3, 22, 2], [13, 5, 14, 4], [11, 6, 12, 7], [3, 8, 4, 9], [1, 11, 2, 10], [19, 13, 20, 12], [14, 18, 15, 17], [16, 23, 17, 24], [5, 19, 6, 18], [7, 20, 8, 21], [9, 23, 10, 22], [24, 15, 1, 16]]"
12n_0483_150,"[[24, 15, 1, 16], [21, 3, 22, 2], [13, 5, 14, 4], [11, 6, 12, 7], [3, 8, 4, 9], [1, 11, 2, 10], [19, 13, 20, 12], [14, 18, 15, 17], [16, 23, 17, 24], [5, 19, 6, 18], [7, 20, 8, 21], [9, 23, 10, 22]]"
12n_0483_151,"[[9, 23, 10, 22], [24, 15, 1, 16], [21, 3, 22, 2], [13, 5, 14, 4], [11, 6, 12, 7], [3, 8, 4, 9], [1, 11, 2, 10], [19, 13, 20, 12], [14, 18, 15, 17], [16, 23, 17, 24], [5, 19, 6, 18], [7, 20, 8, 21]]"
12n_0483_152,"[[7, 20, 8, 21], [9, 23, 10, 22], [24, 15, 1, 16], [21, 3, 22, 2], [13, 5, 14, 4], [11, 6, 12, 7], [3, 8, 4, 9], [1, 11, 2, 10], [19, 13, 20, 12], [14, 18, 15, 17], [16, 23, 17, 24], [5, 19, 6, 18]]"
12n_0483_153,"[[5, 19, 6, 18], [7, 20, 8, 21], [9, 23, 10, 22], [24, 15, 1, 16], [21, 3, 22, 2], [13, 5, 14, 4], [11, 6, 12, 7], [3, 8, 4, 9], [1, 11, 2, 10], [19, 13, 20, 12], [14, 18, 15, 17], [16, 23, 17, 24]]"
12n_0483_154,"[[16, 23, 17, 24], [5, 19, 6, 18], [7, 20, 8, 21], [9, 23, 10, 22], [24, 15, 1, 16], [21, 3, 22, 2], [13, 5, 14, 4], [11, 6, 12, 7], [3, 8, 4, 9], [1, 11, 2, 10], [19, 13, 20, 12], [14, 18, 15, 17]]"
12n_0483_155,"[[14, 18, 15, 17], [16, 23, 17, 24], [5, 19, 6, 18], [7, 20, 8, 21], [9, 23, 10, 22], [24, 15, 1, 16], [21, 3, 22, 2], [13, 5, 14, 4], [11, 6, 12, 7], [3, 8, 4, 9], [1, 11, 2, 10], [19, 13, 20, 12]]"
12n_0483_156,"[[20, 14, 21, 13], [15, 19, 16, 18], [17, 24, 18, 1], [6, 20, 7, 19], [8, 21, 9, 22], [10, 24, 11, 23], [1, 16, 2, 17], [22, 4, 23, 3], [14, 6, 15, 5], [12, 7, 13, 8], [4, 9, 5, 10], [2, 12, 3, 11]]"
12n_0483_157,"[[2, 12, 3, 11], [20, 14, 21, 13], [15, 19, 16, 18], [17, 24, 18, 1], [6, 20, 7, 19], [8, 21, 9, 22], [10, 24, 11, 23], [1, 16, 2, 17], [22, 4, 23, 3], [14, 6, 15, 5], [12, 7, 13, 8], [4, 9, 5, 10]]"
12n_0483_158,"[[4, 9, 5, 10], [2, 12, 3, 11], [20, 14, 21, 13], [15, 19, 16, 18], [17, 24, 18, 1], [6, 20, 7, 19], [8, 21, 9, 22], [10, 24, 11, 23], [1, 16, 2, 17], [22, 4, 23, 3], [14, 6, 15, 5], [12, 7, 13, 8]]"
12n_0483_159,"[[12, 7, 13, 8], [4, 9, 5, 10], [2, 12, 3, 11], [20, 14, 21, 13], [15, 19, 16, 18], [17, 24, 18, 1], [6, 20, 7, 19], [8, 21, 9, 22], [10, 24, 11, 23], [1, 16, 2, 17], [22, 4, 23, 3], [14, 6, 15, 5]]"
12n_0483_160,"[[14, 6, 15, 5], [12, 7, 13, 8], [4, 9, 5, 10], [2, 12, 3, 11], [20, 14, 21, 13], [15, 19, 16, 18], [17, 24, 18, 1], [6, 20, 7, 19], [8, 21, 9, 22], [10, 24, 11, 23], [1, 16, 2, 17], [22, 4, 23, 3]]"
12n_0483_161,"[[22, 4, 23, 3], [14, 6, 15, 5], [12, 7, 13, 8], [4, 9, 5, 10], [2, 12, 3, 11], [20, 14, 21, 13], [15, 19, 16, 18], [17, 24, 18, 1], [6, 20, 7, 19], [8, 21, 9, 22], [10, 24, 11, 23], [1, 16, 2, 17]]"
12n_0483_162,"[[1, 16, 2, 17], [22, 4, 23, 3], [14, 6, 15, 5], [12, 7, 13, 8], [4, 9, 5, 10], [2, 12, 3, 11], [20, 14, 21, 13], [15, 19, 16, 18], [17, 24, 18, 1], [6, 20, 7, 19], [8, 21, 9, 22], [10, 24, 11, 23]]"
12n_0483_163,"[[10, 24, 11, 23], [1, 16, 2, 17], [22, 4, 23, 3], [14, 6, 15, 5], [12, 7, 13, 8], [4, 9, 5, 10], [2, 12, 3, 11], [20, 14, 21, 13], [15, 19, 16, 18], [17, 24, 18, 1], [6, 20, 7, 19], [8, 21, 9, 22]]"
12n_0483_164,"[[8, 21, 9, 22], [10, 24, 11, 23], [1, 16, 2, 17], [22, 4, 23, 3], [14, 6, 15, 5], [12, 7, 13, 8], [4, 9, 5, 10], [2, 12, 3, 11], [20, 14, 21, 13], [15, 19, 16, 18], [17, 24, 18, 1], [6, 20, 7, 19]]"
12n_0483_165,"[[6, 20, 7, 19], [8, 21, 9, 22], [10, 24, 11, 23], [1, 16, 2, 17], [22, 4, 23, 3], [14, 6, 15, 5], [12, 7, 13, 8], [4, 9, 5, 10], [2, 12, 3, 11], [20, 14, 21, 13], [15, 19, 16, 18], [17, 24, 18, 1]]"
12n_0483_166,"[[17, 24, 18, 1], [6, 20, 7, 19], [8, 21, 9, 22], [10, 24, 11, 23], [1, 16, 2, 17], [22, 4, 23, 3], [14, 6, 15, 5], [12, 7, 13, 8], [4, 9, 5, 10], [2, 12, 3, 11], [20, 14, 21, 13], [15, 19, 16, 18]]"
12n_0483_167,"[[15, 19, 16, 18], [17, 24, 18, 1], [6, 20, 7, 19], [8, 21, 9, 22], [10, 24, 11, 23], [1, 16, 2, 17], [22, 4, 23, 3], [14, 6, 15, 5], [12, 7, 13, 8], [4, 9, 5, 10], [2, 12, 3, 11], [20, 14, 21, 13]]"
12n_0483_168,"[[21, 15, 22, 14], [16, 20, 17, 19], [18, 1, 19, 2], [7, 21, 8, 20], [9, 22, 10, 23], [11, 1, 12, 24], [2, 17, 3, 18], [23, 5, 24, 4], [15, 7, 16, 6], [13, 8, 14, 9], [5, 10, 6, 11], [3, 13, 4, 12]]"
12n_0483_169,"[[3, 13, 4, 12], [21, 15, 22, 14], [16, 20, 17, 19], [18, 1, 19, 2], [7, 21, 8, 20], [9, 22, 10, 23], [11, 1, 12, 24], [2, 17, 3, 18], [23, 5, 24, 4], [15, 7, 16, 6], [13, 8, 14, 9], [5, 10, 6, 11]]"
12n_0483_170,"[[5, 10, 6, 11], [3, 13, 4, 12], [21, 15, 22, 14], [16, 20, 17, 19], [18, 1, 19, 2], [7, 21, 8, 20], [9, 22, 10, 23], [11, 1, 12, 24], [2, 17, 3, 18], [23, 5, 24, 4], [15, 7, 16, 6], [13, 8, 14, 9]]"
12n_0483_171,"[[13, 8, 14, 9], [5, 10, 6, 11], [3, 13, 4, 12], [21, 15, 22, 14], [16, 20, 17, 19], [18, 1, 19, 2], [7, 21, 8, 20], [9, 22, 10, 23], [11, 1, 12, 24], [2, 17, 3, 18], [23, 5, 24, 4], [15, 7, 16, 6]]"
12n_0483_172,"[[15, 7, 16, 6], [13, 8, 14, 9], [5, 10, 6, 11], [3, 13, 4, 12], [21, 15, 22, 14], [16, 20, 17, 19], [18, 1, 19, 2], [7, 21, 8, 20], [9, 22, 10, 23], [11, 1, 12, 24], [2, 17, 3, 18], [23, 5, 24, 4]]"
12n_0483_173,"[[23, 5, 24, 4], [15, 7, 16, 6], [13, 8, 14, 9], [5, 10, 6, 11], [3, 13, 4, 12], [21, 15, 22, 14], [16, 20, 17, 19], [18, 1, 19, 2], [7, 21, 8, 20], [9, 22, 10, 23], [11, 1, 12, 24], [2, 17, 3, 18]]"
12n_0483_174,"[[2, 17, 3, 18], [23, 5, 24, 4], [15, 7, 16, 6], [13, 8, 14, 9], [5, 10, 6, 11], [3, 13, 4, 12], [21, 15, 22, 14], [16, 20, 17, 19], [18, 1, 19, 2], [7, 21, 8, 20], [9, 22, 10, 23], [11, 1, 12, 24]]"
12n_0483_175,"[[11, 1, 12, 24], [2, 17, 3, 18], [23, 5, 24, 4], [15, 7, 16, 6], [13, 8, 14, 9], [5, 10, 6, 11], [3, 13, 4, 12], [21, 15, 22, 14], [16, 20, 17, 19], [18, 1, 19, 2], [7, 21, 8, 20], [9, 22, 10, 23]]"
12n_0483_176,"[[9, 22, 10, 23], [11, 1, 12, 24], [2, 17, 3, 18], [23, 5, 24, 4], [15, 7, 16, 6], [13, 8, 14, 9], [5, 10, 6, 11], [3, 13, 4, 12], [21, 15, 22, 14], [16, 20, 17, 19], [18, 1, 19, 2], [7, 21, 8, 20]]"
12n_0483_177,"[[7, 21, 8, 20], [9, 22, 10, 23], [11, 1, 12, 24], [2, 17, 3, 18], [23, 5, 24, 4], [15, 7, 16, 6], [13, 8, 14, 9], [5, 10, 6, 11], [3, 13, 4, 12], [21, 15, 22, 14], [16, 20, 17, 19], [18, 1, 19, 2]]"
12n_0483_178,"[[18, 1, 19, 2], [7, 21, 8, 20], [9, 22, 10, 23], [11, 1, 12, 24], [2, 17, 3, 18], [23, 5, 24, 4], [15, 7, 16, 6], [13, 8, 14, 9], [5, 10, 6, 11], [3, 13, 4, 12], [21, 15, 22, 14], [16, 20, 17, 19]]"
12n_0483_179,"[[16, 20, 17, 19], [18, 1, 19, 2], [7, 21, 8, 20], [9, 22, 10, 23], [11, 1, 12, 24], [2, 17, 3, 18], [23, 5, 24, 4], [15, 7, 16, 6], [13, 8, 14, 9], [5, 10, 6, 11], [3, 13, 4, 12], [21, 15, 22, 14]]"
12n_0483_180,"[[22, 16, 23, 15], [17, 21, 18, 20], [19, 2, 20, 3], [8, 22, 9, 21], [10, 23, 11, 24], [12, 2, 13, 1], [3, 18, 4, 19], [24, 6, 1, 5], [16, 8, 17, 7], [14, 9, 15, 10], [6, 11, 7, 12], [4, 14, 5, 13]]"
12n_0483_181,"[[4, 14, 5, 13], [22, 16, 23, 15], [17, 21, 18, 20], [19, 2, 20, 3], [8, 22, 9, 21], [10, 23, 11, 24], [12, 2, 13, 1], [3, 18, 4, 19], [24, 6, 1, 5], [16, 8, 17, 7], [14, 9, 15, 10], [6, 11, 7, 12]]"
12n_0483_182,"[[6, 11, 7, 12], [4, 14, 5, 13], [22, 16, 23, 15], [17, 21, 18, 20], [19, 2, 20, 3], [8, 22, 9, 21], [10, 23, 11, 24], [12, 2, 13, 1], [3, 18, 4, 19], [24, 6, 1, 5], [16, 8, 17, 7], [14, 9, 15, 10]]"
12n_0483_183,"[[14, 9, 15, 10], [6, 11, 7, 12], [4, 14, 5, 13], [22, 16, 23, 15], [17, 21, 18, 20], [19, 2, 20, 3], [8, 22, 9, 21], [10, 23, 11, 24], [12, 2, 13, 1], [3, 18, 4, 19], [24, 6, 1, 5], [16, 8, 17, 7]]"
12n_0483_184,"[[16, 8, 17, 7], [14, 9, 15, 10], [6, 11, 7, 12], [4, 14, 5, 13], [22, 16, 23, 15], [17, 21, 18, 20], [19, 2, 20, 3], [8, 22, 9, 21], [10, 23, 11, 24], [12, 2, 13, 1], [3, 18, 4, 19], [24, 6, 1, 5]]"
12n_0483_185,"[[24, 6, 1, 5], [16, 8, 17, 7], [14, 9, 15, 10], [6, 11, 7, 12], [4, 14, 5, 13], [22, 16, 23, 15], [17, 21, 18, 20], [19, 2, 20, 3], [8, 22, 9, 21], [10, 23, 11, 24], [12, 2, 13, 1], [3, 18, 4, 19]]"
