name,pd_notation
12n_0520_0,"[[7, 1, 8, 24], [2, 6, 3, 5], [4, 11, 5, 12], [19, 6, 20, 7], [15, 8, 16, 9], [10, 17, 11, 18], [12, 3, 13, 4], [23, 14, 24, 15], [16, 21, 17, 22], [18, 13, 19, 14], [1, 20, 2, 21], [22, 10, 23, 9]]"
12n_0520_1,"[[22, 10, 23, 9], [7, 1, 8, 24], [2, 6, 3, 5], [4, 11, 5, 12], [19, 6, 20, 7], [15, 8, 16, 9], [10, 17, 11, 18], [12, 3, 13, 4], [23, 14, 24, 15], [16, 21, 17, 22], [18, 13, 19, 14], [1, 20, 2, 21]]"
12n_0520_2,"[[1, 20, 2, 21], [22, 10, 23, 9], [7, 1, 8, 24], [2, 6, 3, 5], [4, 11, 5, 12], [19, 6, 20, 7], [15, 8, 16, 9], [10, 17, 11, 18], [12, 3, 13, 4], [23, 14, 24, 15], [16, 21, 17, 22], [18, 13, 19, 14]]"
12n_0520_3,"[[18, 13, 19, 14], [1, 20, 2, 21], [22, 10, 23, 9], [7, 1, 8, 24], [2, 6, 3, 5], [4, 11, 5, 12], [19, 6, 20, 7], [15, 8, 16, 9], [10, 17, 11, 18], [12, 3, 13, 4], [23, 14, 24, 15], [16, 21, 17, 22]]"
12n_0520_4,"[[16, 21, 17, 22], [18, 13, 19, 14], [1, 20, 2, 21], [22, 10, 23, 9], [7, 1, 8, 24], [2, 6, 3, 5], [4, 11, 5, 12], [19, 6, 20, 7], [15, 8, 16, 9], [10, 17, 11, 18], [12, 3, 13, 4], [23, 14, 24, 15]]"
12n_0520_5,"[[23, 14, 24, 15], [16, 21, 17, 22], [18, 13, 19, 14], [1, 20, 2, 21], [22, 10, 23, 9], [7, 1, 8, 24], [2, 6, 3, 5], [4, 11, 5, 12], [19, 6, 20, 7], [15, 8, 16, 9], [10, 17, 11, 18], [12, 3, 13, 4]]"
12n_0520_6,"[[12, 3, 13, 4], [23, 14, 24, 15], [16, 21, 17, 22], [18, 13, 19, 14], [1, 20, 2, 21], [22, 10, 23, 9], [7, 1, 8, 24], [2, 6, 3, 5], [4, 11, 5, 12], [19, 6, 20, 7], [15, 8, 16, 9], [10, 17, 11, 18]]"
12n_0520_7,"[[10, 17, 11, 18], [12, 3, 13, 4], [23, 14, 24, 15], [16, 21, 17, 22], [18, 13, 19, 14], [1, 20, 2, 21], [22, 10, 23, 9], [7, 1, 8, 24], [2, 6, 3, 5], [4, 11, 5, 12], [19, 6, 20, 7], [15, 8, 16, 9]]"
12n_0520_8,"[[15, 8, 16, 9], [10, 17, 11, 18], [12, 3, 13, 4], [23, 14, 24, 15], [16, 21, 17, 22], [18, 13, 19, 14], [1, 20, 2, 21], [22, 10, 23, 9], [7, 1, 8, 24], [2, 6, 3, 5], [4, 11, 5, 12], [19, 6, 20, 7]]"
12n_0520_9,"[[19, 6, 20, 7], [15, 8, 16, 9], [10, 17, 11, 18], [12, 3, 13, 4], [23, 14, 24, 15], [16, 21, 17, 22], [18, 13, 19, 14], [1, 20, 2, 21], [22, 10, 23, 9], [7, 1, 8, 24], [2, 6, 3, 5], [4, 11, 5, 12]]"
12n_0520_10,"[[4, 11, 5, 12], [19, 6, 20, 7], [15, 8, 16, 9], [10, 17, 11, 18], [12, 3, 13, 4], [23, 14, 24, 15], [16, 21, 17, 22], [18, 13, 19, 14], [1, 20, 2, 21], [22, 10, 23, 9], [7, 1, 8, 24], [2, 6, 3, 5]]"
12n_0520_11,"[[2, 6, 3, 5], [4, 11, 5, 12], [19, 6, 20, 7], [15, 8, 16, 9], [10, 17, 11, 18], [12, 3, 13, 4], [23, 14, 24, 15], [16, 21, 17, 22], [18, 13, 19, 14], [1, 20, 2, 21], [22, 10, 23, 9], [7, 1, 8, 24]]"
12n_0520_12,"[[8, 2, 9, 1], [3, 7, 4, 6], [5, 12, 6, 13], [20, 7, 21, 8], [16, 9, 17, 10], [11, 18, 12, 19], [13, 4, 14, 5], [24, 15, 1, 16], [17, 22, 18, 23], [19, 14, 20, 15], [2, 21, 3, 22], [23, 11, 24, 10]]"
12n_0520_13,"[[23, 11, 24, 10], [8, 2, 9, 1], [3, 7, 4, 6], [5, 12, 6, 13], [20, 7, 21, 8], [16, 9, 17, 10], [11, 18, 12, 19], [13, 4, 14, 5], [24, 15, 1, 16], [17, 22, 18, 23], [19, 14, 20, 15], [2, 21, 3, 22]]"
12n_0520_14,"[[2, 21, 3, 22], [23, 11, 24, 10], [8, 2, 9, 1], [3, 7, 4, 6], [5, 12, 6, 13], [20, 7, 21, 8], [16, 9, 17, 10], [11, 18, 12, 19], [13, 4, 14, 5], [24, 15, 1, 16], [17, 22, 18, 23], [19, 14, 20, 15]]"
12n_0520_15,"[[19, 14, 20, 15], [2, 21, 3, 22], [23, 11, 24, 10], [8, 2, 9, 1], [3, 7, 4, 6], [5, 12, 6, 13], [20, 7, 21, 8], [16, 9, 17, 10], [11, 18, 12, 19], [13, 4, 14, 5], [24, 15, 1, 16], [17, 22, 18, 23]]"
12n_0520_16,"[[17, 22, 18, 23], [19, 14, 20, 15], [2, 21, 3, 22], [23, 11, 24, 10], [8, 2, 9, 1], [3, 7, 4, 6], [5, 12, 6, 13], [20, 7, 21, 8], [16, 9, 17, 10], [11, 18, 12, 19], [13, 4, 14, 5], [24, 15, 1, 16]]"
12n_0520_17,"[[24, 15, 1, 16], [17, 22, 18, 23], [19, 14, 20, 15], [2, 21, 3, 22], [23, 11, 24, 10], [8, 2, 9, 1], [3, 7, 4, 6], [5, 12, 6, 13], [20, 7, 21, 8], [16, 9, 17, 10], [11, 18, 12, 19], [13, 4, 14, 5]]"
12n_0520_18,"[[13, 4, 14, 5], [24, 15, 1, 16], [17, 22, 18, 23], [19, 14, 20, 15], [2, 21, 3, 22], [23, 11, 24, 10], [8, 2, 9, 1], [3, 7, 4, 6], [5, 12, 6, 13], [20, 7, 21, 8], [16, 9, 17, 10], [11, 18, 12, 19]]"
12n_0520_19,"[[11, 18, 12, 19], [13, 4, 14, 5], [24, 15, 1, 16], [17, 22, 18, 23], [19, 14, 20, 15], [2, 21, 3, 22], [23, 11, 24, 10], [8, 2, 9, 1], [3, 7, 4, 6], [5, 12, 6, 13], [20, 7, 21, 8], [16, 9, 17, 10]]"
12n_0520_20,"[[16, 9, 17, 10], [11, 18, 12, 19], [13, 4, 14, 5], [24, 15, 1, 16], [17, 22, 18, 23], [19, 14, 20, 15], [2, 21, 3, 22], [23, 11, 24, 10], [8, 2, 9, 1], [3, 7, 4, 6], [5, 12, 6, 13], [20, 7, 21, 8]]"
12n_0520_21,"[[20, 7, 21, 8], [16, 9, 17, 10], [11, 18, 12, 19], [13, 4, 14, 5], [24, 15, 1, 16], [17, 22, 18, 23], [19, 14, 20, 15], [2, 21, 3, 22], [23, 11, 24, 10], [8, 2, 9, 1], [3, 7, 4, 6], [5, 12, 6, 13]]"
12n_0520_22,"[[5, 12, 6, 13], [20, 7, 21, 8], [16, 9, 17, 10], [11, 18, 12, 19], [13, 4, 14, 5], [24, 15, 1, 16], [17, 22, 18, 23], [19, 14, 20, 15], [2, 21, 3, 22], [23, 11, 24, 10], [8, 2, 9, 1], [3, 7, 4, 6]]"
12n_0520_23,"[[3, 7, 4, 6], [5, 12, 6, 13], [20, 7, 21, 8], [16, 9, 17, 10], [11, 18, 12, 19], [13, 4, 14, 5], [24, 15, 1, 16], [17, 22, 18, 23], [19, 14, 20, 15], [2, 21, 3, 22], [23, 11, 24, 10], [8, 2, 9, 1]]"
12n_0520_24,"[[9, 3, 10, 2], [4, 8, 5, 7], [6, 13, 7, 14], [21, 8, 22, 9], [17, 10, 18, 11], [12, 19, 13, 20], [14, 5, 15, 6], [1, 16, 2, 17], [18, 23, 19, 24], [20, 15, 21, 16], [3, 22, 4, 23], [24, 12, 1, 11]]"
12n_0520_25,"[[24, 12, 1, 11], [9, 3, 10, 2], [4, 8, 5, 7], [6, 13, 7, 14], [21, 8, 22, 9], [17, 10, 18, 11], [12, 19, 13, 20], [14, 5, 15, 6], [1, 16, 2, 17], [18, 23, 19, 24], [20, 15, 21, 16], [3, 22, 4, 23]]"
12n_0520_26,"[[3, 22, 4, 23], [24, 12, 1, 11], [9, 3, 10, 2], [4, 8, 5, 7], [6, 13, 7, 14], [21, 8, 22, 9], [17, 10, 18, 11], [12, 19, 13, 20], [14, 5, 15, 6], [1, 16, 2, 17], [18, 23, 19, 24], [20, 15, 21, 16]]"
12n_0520_27,"[[20, 15, 21, 16], [3, 22, 4, 23], [24, 12, 1, 11], [9, 3, 10, 2], [4, 8, 5, 7], [6, 13, 7, 14], [21, 8, 22, 9], [17, 10, 18, 11], [12, 19, 13, 20], [14, 5, 15, 6], [1, 16, 2, 17], [18, 23, 19, 24]]"
12n_0520_28,"[[18, 23, 19, 24], [20, 15, 21, 16], [3, 22, 4, 23], [24, 12, 1, 11], [9, 3, 10, 2], [4, 8, 5, 7], [6, 13, 7, 14], [21, 8, 22, 9], [17, 10, 18, 11], [12, 19, 13, 20], [14, 5, 15, 6], [1, 16, 2, 17]]"
12n_0520_29,"[[1, 16, 2, 17], [18, 23, 19, 24], [20, 15, 21, 16], [3, 22, 4, 23], [24, 12, 1, 11], [9, 3, 10, 2], [4, 8, 5, 7], [6, 13, 7, 14], [21, 8, 22, 9], [17, 10, 18, 11], [12, 19, 13, 20], [14, 5, 15, 6]]"
12n_0520_30,"[[14, 5, 15, 6], [1, 16, 2, 17], [18, 23, 19, 24], [20, 15, 21, 16], [3, 22, 4, 23], [24, 12, 1, 11], [9, 3, 10, 2], [4, 8, 5, 7], [6, 13, 7, 14], [21, 8, 22, 9], [17, 10, 18, 11], [12, 19, 13, 20]]"
12n_0520_31,"[[12, 19, 13, 20], [14, 5, 15, 6], [1, 16, 2, 17], [18, 23, 19, 24], [20, 15, 21, 16], [3, 22, 4, 23], [24, 12, 1, 11], [9, 3, 10, 2], [4, 8, 5, 7], [6, 13, 7, 14], [21, 8, 22, 9], [17, 10, 18, 11]]"
12n_0520_32,"[[17, 10, 18, 11], [12, 19, 13, 20], [14, 5, 15, 6], [1, 16, 2, 17], [18, 23, 19, 24], [20, 15, 21, 16], [3, 22, 4, 23], [24, 12, 1, 11], [9, 3, 10, 2], [4, 8, 5, 7], [6, 13, 7, 14], [21, 8, 22, 9]]"
12n_0520_33,"[[21, 8, 22, 9], [17, 10, 18, 11], [12, 19, 13, 20], [14, 5, 15, 6], [1, 16, 2, 17], [18, 23, 19, 24], [20, 15, 21, 16], [3, 22, 4, 23], [24, 12, 1, 11], [9, 3, 10, 2], [4, 8, 5, 7], [6, 13, 7, 14]]"
12n_0520_34,"[[6, 13, 7, 14], [21, 8, 22, 9], [17, 10, 18, 11], [12, 19, 13, 20], [14, 5, 15, 6], [1, 16, 2, 17], [18, 23, 19, 24], [20, 15, 21, 16], [3, 22, 4, 23], [24, 12, 1, 11], [9, 3, 10, 2], [4, 8, 5, 7]]"
12n_0520_35,"[[4, 8, 5, 7], [6, 13, 7, 14], [21, 8, 22, 9], [17, 10, 18, 11], [12, 19, 13, 20], [14, 5, 15, 6], [1, 16, 2, 17], [18, 23, 19, 24], [20, 15, 21, 16], [3, 22, 4, 23], [24, 12, 1, 11], [9, 3, 10, 2]]"
12n_0520_36,"[[10, 4, 11, 3], [5, 9, 6, 8], [7, 14, 8, 15], [22, 9, 23, 10], [18, 11, 19, 12], [13, 20, 14, 21], [15, 6, 16, 7], [2, 17, 3, 18], [19, 24, 20, 1], [21, 16, 22, 17], [4, 23, 5, 24], [1, 13, 2, 12]]"
12n_0520_37,"[[1, 13, 2, 12], [10, 4, 11, 3], [5, 9, 6, 8], [7, 14, 8, 15], [22, 9, 23, 10], [18, 11, 19, 12], [13, 20, 14, 21], [15, 6, 16, 7], [2, 17, 3, 18], [19, 24, 20, 1], [21, 16, 22, 17], [4, 23, 5, 24]]"
12n_0520_38,"[[4, 23, 5, 24], [1, 13, 2, 12], [10, 4, 11, 3], [5, 9, 6, 8], [7, 14, 8, 15], [22, 9, 23, 10], [18, 11, 19, 12], [13, 20, 14, 21], [15, 6, 16, 7], [2, 17, 3, 18], [19, 24, 20, 1], [21, 16, 22, 17]]"
12n_0520_39,"[[21, 16, 22, 17], [4, 23, 5, 24], [1, 13, 2, 12], [10, 4, 11, 3], [5, 9, 6, 8], [7, 14, 8, 15], [22, 9, 23, 10], [18, 11, 19, 12], [13, 20, 14, 21], [15, 6, 16, 7], [2, 17, 3, 18], [19, 24, 20, 1]]"
12n_0520_40,"[[19, 24, 20, 1], [21, 16, 22, 17], [4, 23, 5, 24], [1, 13, 2, 12], [10, 4, 11, 3], [5, 9, 6, 8], [7, 14, 8, 15], [22, 9, 23, 10], [18, 11, 19, 12], [13, 20, 14, 21], [15, 6, 16, 7], [2, 17, 3, 18]]"
12n_0520_41,"[[2, 17, 3, 18], [19, 24, 20, 1], [21, 16, 22, 17], [4, 23, 5, 24], [1, 13, 2, 12], [10, 4, 11, 3], [5, 9, 6, 8], [7, 14, 8, 15], [22, 9, 23, 10], [18, 11, 19, 12], [13, 20, 14, 21], [15, 6, 16, 7]]"
12n_0520_42,"[[15, 6, 16, 7], [2, 17, 3, 18], [19, 24, 20, 1], [21, 16, 22, 17], [4, 23, 5, 24], [1, 13, 2, 12], [10, 4, 11, 3], [5, 9, 6, 8], [7, 14, 8, 15], [22, 9, 23, 10], [18, 11, 19, 12], [13, 20, 14, 21]]"
12n_0520_43,"[[13, 20, 14, 21], [15, 6, 16, 7], [2, 17, 3, 18], [19, 24, 20, 1], [21, 16, 22, 17], [4, 23, 5, 24], [1, 13, 2, 12], [10, 4, 11, 3], [5, 9, 6, 8], [7, 14, 8, 15], [22, 9, 23, 10], [18, 11, 19, 12]]"
12n_0520_44,"[[18, 11, 19, 12], [13, 20, 14, 21], [15, 6, 16, 7], [2, 17, 3, 18], [19, 24, 20, 1], [21, 16, 22, 17], [4, 23, 5, 24], [1, 13, 2, 12], [10, 4, 11, 3], [5, 9, 6, 8], [7, 14, 8, 15], [22, 9, 23, 10]]"
12n_0520_45,"[[22, 9, 23, 10], [18, 11, 19, 12], [13, 20, 14, 21], [15, 6, 16, 7], [2, 17, 3, 18], [19, 24, 20, 1], [21, 16, 22, 17], [4, 23, 5, 24], [1, 13, 2, 12], [10, 4, 11, 3], [5, 9, 6, 8], [7, 14, 8, 15]]"
12n_0520_46,"[[7, 14, 8, 15], [22, 9, 23, 10], [18, 11, 19, 12], [13, 20, 14, 21], [15, 6, 16, 7], [2, 17, 3, 18], [19, 24, 20, 1], [21, 16, 22, 17], [4, 23, 5, 24], [1, 13, 2, 12], [10, 4, 11, 3], [5, 9, 6, 8]]"
12n_0520_47,"[[5, 9, 6, 8], [7, 14, 8, 15], [22, 9, 23, 10], [18, 11, 19, 12], [13, 20, 14, 21], [15, 6, 16, 7], [2, 17, 3, 18], [19, 24, 20, 1], [21, 16, 22, 17], [4, 23, 5, 24], [1, 13, 2, 12], [10, 4, 11, 3]]"
12n_0520_48,"[[11, 5, 12, 4], [6, 10, 7, 9], [8, 15, 9, 16], [23, 10, 24, 11], [19, 12, 20, 13], [14, 21, 15, 22], [16, 7, 17, 8], [3, 18, 4, 19], [20, 1, 21, 2], [22, 17, 23, 18], [5, 24, 6, 1], [2, 14, 3, 13]]"
12n_0520_49,"[[2, 14, 3, 13], [11, 5, 12, 4], [6, 10, 7, 9], [8, 15, 9, 16], [23, 10, 24, 11], [19, 12, 20, 13], [14, 21, 15, 22], [16, 7, 17, 8], [3, 18, 4, 19], [20, 1, 21, 2], [22, 17, 23, 18], [5, 24, 6, 1]]"
12n_0520_50,"[[5, 24, 6, 1], [2, 14, 3, 13], [11, 5, 12, 4], [6, 10, 7, 9], [8, 15, 9, 16], [23, 10, 24, 11], [19, 12, 20, 13], [14, 21, 15, 22], [16, 7, 17, 8], [3, 18, 4, 19], [20, 1, 21, 2], [22, 17, 23, 18]]"
12n_0520_51,"[[22, 17, 23, 18], [5, 24, 6, 1], [2, 14, 3, 13], [11, 5, 12, 4], [6, 10, 7, 9], [8, 15, 9, 16], [23, 10, 24, 11], [19, 12, 20, 13], [14, 21, 15, 22], [16, 7, 17, 8], [3, 18, 4, 19], [20, 1, 21, 2]]"
12n_0520_52,"[[20, 1, 21, 2], [22, 17, 23, 18], [5, 24, 6, 1], [2, 14, 3, 13], [11, 5, 12, 4], [6, 10, 7, 9], [8, 15, 9, 16], [23, 10, 24, 11], [19, 12, 20, 13], [14, 21, 15, 22], [16, 7, 17, 8], [3, 18, 4, 19]]"
12n_0520_53,"[[3, 18, 4, 19], [20, 1, 21, 2], [22, 17, 23, 18], [5, 24, 6, 1], [2, 14, 3, 13], [11, 5, 12, 4], [6, 10, 7, 9], [8, 15, 9, 16], [23, 10, 24, 11], [19, 12, 20, 13], [14, 21, 15, 22], [16, 7, 17, 8]]"
12n_0520_54,"[[16, 7, 17, 8], [3, 18, 4, 19], [20, 1, 21, 2], [22, 17, 23, 18], [5, 24, 6, 1], [2, 14, 3, 13], [11, 5, 12, 4], [6, 10, 7, 9], [8, 15, 9, 16], [23, 10, 24, 11], [19, 12, 20, 13], [14, 21, 15, 22]]"
12n_0520_55,"[[14, 21, 15, 22], [16, 7, 17, 8], [3, 18, 4, 19], [20, 1, 21, 2], [22, 17, 23, 18], [5, 24, 6, 1], [2, 14, 3, 13], [11, 5, 12, 4], [6, 10, 7, 9], [8, 15, 9, 16], [23, 10, 24, 11], [19, 12, 20, 13]]"
12n_0520_56,"[[19, 12, 20, 13], [14, 21, 15, 22], [16, 7, 17, 8], [3, 18, 4, 19], [20, 1, 21, 2], [22, 17, 23, 18], [5, 24, 6, 1], [2, 14, 3, 13], [11, 5, 12, 4], [6, 10, 7, 9], [8, 15, 9, 16], [23, 10, 24, 11]]"
12n_0520_57,"[[23, 10, 24, 11], [19, 12, 20, 13], [14, 21, 15, 22], [16, 7, 17, 8], [3, 18, 4, 19], [20, 1, 21, 2], [22, 17, 23, 18], [5, 24, 6, 1], [2, 14, 3, 13], [11, 5, 12, 4], [6, 10, 7, 9], [8, 15, 9, 16]]"
12n_0520_58,"[[8, 15, 9, 16], [23, 10, 24, 11], [19, 12, 20, 13], [14, 21, 15, 22], [16, 7, 17, 8], [3, 18, 4, 19], [20, 1, 21, 2], [22, 17, 23, 18], [5, 24, 6, 1], [2, 14, 3, 13], [11, 5, 12, 4], [6, 10, 7, 9]]"
12n_0520_59,"[[6, 10, 7, 9], [8, 15, 9, 16], [23, 10, 24, 11], [19, 12, 20, 13], [14, 21, 15, 22], [16, 7, 17, 8], [3, 18, 4, 19], [20, 1, 21, 2], [22, 17, 23, 18], [5, 24, 6, 1], [2, 14, 3, 13], [11, 5, 12, 4]]"
12n_0520_60,"[[12, 6, 13, 5], [7, 11, 8, 10], [9, 16, 10, 17], [24, 11, 1, 12], [20, 13, 21, 14], [15, 22, 16, 23], [17, 8, 18, 9], [4, 19, 5, 20], [21, 2, 22, 3], [23, 18, 24, 19], [6, 1, 7, 2], [3, 15, 4, 14]]"
12n_0520_61,"[[3, 15, 4, 14], [12, 6, 13, 5], [7, 11, 8, 10], [9, 16, 10, 17], [24, 11, 1, 12], [20, 13, 21, 14], [15, 22, 16, 23], [17, 8, 18, 9], [4, 19, 5, 20], [21, 2, 22, 3], [23, 18, 24, 19], [6, 1, 7, 2]]"
12n_0520_62,"[[6, 1, 7, 2], [3, 15, 4, 14], [12, 6, 13, 5], [7, 11, 8, 10], [9, 16, 10, 17], [24, 11, 1, 12], [20, 13, 21, 14], [15, 22, 16, 23], [17, 8, 18, 9], [4, 19, 5, 20], [21, 2, 22, 3], [23, 18, 24, 19]]"
12n_0520_63,"[[23, 18, 24, 19], [6, 1, 7, 2], [3, 15, 4, 14], [12, 6, 13, 5], [7, 11, 8, 10], [9, 16, 10, 17], [24, 11, 1, 12], [20, 13, 21, 14], [15, 22, 16, 23], [17, 8, 18, 9], [4, 19, 5, 20], [21, 2, 22, 3]]"
12n_0520_64,"[[21, 2, 22, 3], [23, 18, 24, 19], [6, 1, 7, 2], [3, 15, 4, 14], [12, 6, 13, 5], [7, 11, 8, 10], [9, 16, 10, 17], [24, 11, 1, 12], [20, 13, 21, 14], [15, 22, 16, 23], [17, 8, 18, 9], [4, 19, 5, 20]]"
12n_0520_65,"[[4, 19, 5, 20], [21, 2, 22, 3], [23, 18, 24, 19], [6, 1, 7, 2], [3, 15, 4, 14], [12, 6, 13, 5], [7, 11, 8, 10], [9, 16, 10, 17], [24, 11, 1, 12], [20, 13, 21, 14], [15, 22, 16, 23], [17, 8, 18, 9]]"
12n_0520_66,"[[17, 8, 18, 9], [4, 19, 5, 20], [21, 2, 22, 3], [23, 18, 24, 19], [6, 1, 7, 2], [3, 15, 4, 14], [12, 6, 13, 5], [7, 11, 8, 10], [9, 16, 10, 17], [24, 11, 1, 12], [20, 13, 21, 14], [15, 22, 16, 23]]"
12n_0520_67,"[[15, 22, 16, 23], [17, 8, 18, 9], [4, 19, 5, 20], [21, 2, 22, 3], [23, 18, 24, 19], [6, 1, 7, 2], [3, 15, 4, 14], [12, 6, 13, 5], [7, 11, 8, 10], [9, 16, 10, 17], [24, 11, 1, 12], [20, 13, 21, 14]]"
12n_0520_68,"[[20, 13, 21, 14], [15, 22, 16, 23], [17, 8, 18, 9], [4, 19, 5, 20], [21, 2, 22, 3], [23, 18, 24, 19], [6, 1, 7, 2], [3, 15, 4, 14], [12, 6, 13, 5], [7, 11, 8, 10], [9, 16, 10, 17], [24, 11, 1, 12]]"
12n_0520_69,"[[24, 11, 1, 12], [20, 13, 21, 14], [15, 22, 16, 23], [17, 8, 18, 9], [4, 19, 5, 20], [21, 2, 22, 3], [23, 18, 24, 19], [6, 1, 7, 2], [3, 15, 4, 14], [12, 6, 13, 5], [7, 11, 8, 10], [9, 16, 10, 17]]"
12n_0520_70,"[[9, 16, 10, 17], [24, 11, 1, 12], [20, 13, 21, 14], [15, 22, 16, 23], [17, 8, 18, 9], [4, 19, 5, 20], [21, 2, 22, 3], [23, 18, 24, 19], [6, 1, 7, 2], [3, 15, 4, 14], [12, 6, 13, 5], [7, 11, 8, 10]]"
12n_0520_71,"[[7, 11, 8, 10], [9, 16, 10, 17], [24, 11, 1, 12], [20, 13, 21, 14], [15, 22, 16, 23], [17, 8, 18, 9], [4, 19, 5, 20], [21, 2, 22, 3], [23, 18, 24, 19], [6, 1, 7, 2], [3, 15, 4, 14], [12, 6, 13, 5]]"
12n_0520_72,"[[13, 7, 14, 6], [8, 12, 9, 11], [10, 17, 11, 18], [1, 12, 2, 13], [21, 14, 22, 15], [16, 23, 17, 24], [18, 9, 19, 10], [5, 20, 6, 21], [22, 3, 23, 4], [24, 19, 1, 20], [7, 2, 8, 3], [4, 16, 5, 15]]"
12n_0520_73,"[[4, 16, 5, 15], [13, 7, 14, 6], [8, 12, 9, 11], [10, 17, 11, 18], [1, 12, 2, 13], [21, 14, 22, 15], [16, 23, 17, 24], [18, 9, 19, 10], [5, 20, 6, 21], [22, 3, 23, 4], [24, 19, 1, 20], [7, 2, 8, 3]]"
12n_0520_74,"[[7, 2, 8, 3], [4, 16, 5, 15], [13, 7, 14, 6], [8, 12, 9, 11], [10, 17, 11, 18], [1, 12, 2, 13], [21, 14, 22, 15], [16, 23, 17, 24], [18, 9, 19, 10], [5, 20, 6, 21], [22, 3, 23, 4], [24, 19, 1, 20]]"
12n_0520_75,"[[24, 19, 1, 20], [7, 2, 8, 3], [4, 16, 5, 15], [13, 7, 14, 6], [8, 12, 9, 11], [10, 17, 11, 18], [1, 12, 2, 13], [21, 14, 22, 15], [16, 23, 17, 24], [18, 9, 19, 10], [5, 20, 6, 21], [22, 3, 23, 4]]"
12n_0520_76,"[[22, 3, 23, 4], [24, 19, 1, 20], [7, 2, 8, 3], [4, 16, 5, 15], [13, 7, 14, 6], [8, 12, 9, 11], [10, 17, 11, 18], [1, 12, 2, 13], [21, 14, 22, 15], [16, 23, 17, 24], [18, 9, 19, 10], [5, 20, 6, 21]]"
12n_0520_77,"[[5, 20, 6, 21], [22, 3, 23, 4], [24, 19, 1, 20], [7, 2, 8, 3], [4, 16, 5, 15], [13, 7, 14, 6], [8, 12, 9, 11], [10, 17, 11, 18], [1, 12, 2, 13], [21, 14, 22, 15], [16, 23, 17, 24], [18, 9, 19, 10]]"
12n_0520_78,"[[18, 9, 19, 10], [5, 20, 6, 21], [22, 3, 23, 4], [24, 19, 1, 20], [7, 2, 8, 3], [4, 16, 5, 15], [13, 7, 14, 6], [8, 12, 9, 11], [10, 17, 11, 18], [1, 12, 2, 13], [21, 14, 22, 15], [16, 23, 17, 24]]"
12n_0520_79,"[[16, 23, 17, 24], [18, 9, 19, 10], [5, 20, 6, 21], [22, 3, 23, 4], [24, 19, 1, 20], [7, 2, 8, 3], [4, 16, 5, 15], [13, 7, 14, 6], [8, 12, 9, 11], [10, 17, 11, 18], [1, 12, 2, 13], [21, 14, 22, 15]]"
12n_0520_80,"[[21, 14, 22, 15], [16, 23, 17, 24], [18, 9, 19, 10], [5, 20, 6, 21], [22, 3, 23, 4], [24, 19, 1, 20], [7, 2, 8, 3], [4, 16, 5, 15], [13, 7, 14, 6], [8, 12, 9, 11], [10, 17, 11, 18], [1, 12, 2, 13]]"
12n_0520_81,"[[1, 12, 2, 13], [21, 14, 22, 15], [16, 23, 17, 24], [18, 9, 19, 10], [5, 20, 6, 21], [22, 3, 23, 4], [24, 19, 1, 20], [7, 2, 8, 3], [4, 16, 5, 15], [13, 7, 14, 6], [8, 12, 9, 11], [10, 17, 11, 18]]"
12n_0520_82,"[[10, 17, 11, 18], [1, 12, 2, 13], [21, 14, 22, 15], [16, 23, 17, 24], [18, 9, 19, 10], [5, 20, 6, 21], [22, 3, 23, 4], [24, 19, 1, 20], [7, 2, 8, 3], [4, 16, 5, 15], [13, 7, 14, 6], [8, 12, 9, 11]]"
12n_0520_83,"[[8, 12, 9, 11], [10, 17, 11, 18], [1, 12, 2, 13], [21, 14, 22, 15], [16, 23, 17, 24], [18, 9, 19, 10], [5, 20, 6, 21], [22, 3, 23, 4], [24, 19, 1, 20], [7, 2, 8, 3], [4, 16, 5, 15], [13, 7, 14, 6]]"
12n_0520_84,"[[14, 8, 15, 7], [9, 13, 10, 12], [11, 18, 12, 19], [2, 13, 3, 14], [22, 15, 23, 16], [17, 24, 18, 1], [19, 10, 20, 11], [6, 21, 7, 22], [23, 4, 24, 5], [1, 20, 2, 21], [8, 3, 9, 4], [5, 17, 6, 16]]"
12n_0520_85,"[[5, 17, 6, 16], [14, 8, 15, 7], [9, 13, 10, 12], [11, 18, 12, 19], [2, 13, 3, 14], [22, 15, 23, 16], [17, 24, 18, 1], [19, 10, 20, 11], [6, 21, 7, 22], [23, 4, 24, 5], [1, 20, 2, 21], [8, 3, 9, 4]]"
12n_0520_86,"[[8, 3, 9, 4], [5, 17, 6, 16], [14, 8, 15, 7], [9, 13, 10, 12], [11, 18, 12, 19], [2, 13, 3, 14], [22, 15, 23, 16], [17, 24, 18, 1], [19, 10, 20, 11], [6, 21, 7, 22], [23, 4, 24, 5], [1, 20, 2, 21]]"
12n_0520_87,"[[1, 20, 2, 21], [8, 3, 9, 4], [5, 17, 6, 16], [14, 8, 15, 7], [9, 13, 10, 12], [11, 18, 12, 19], [2, 13, 3, 14], [22, 15, 23, 16], [17, 24, 18, 1], [19, 10, 20, 11], [6, 21, 7, 22], [23, 4, 24, 5]]"
12n_0520_88,"[[23, 4, 24, 5], [1, 20, 2, 21], [8, 3, 9, 4], [5, 17, 6, 16], [14, 8, 15, 7], [9, 13, 10, 12], [11, 18, 12, 19], [2, 13, 3, 14], [22, 15, 23, 16], [17, 24, 18, 1], [19, 10, 20, 11], [6, 21, 7, 22]]"
12n_0520_89,"[[6, 21, 7, 22], [23, 4, 24, 5], [1, 20, 2, 21], [8, 3, 9, 4], [5, 17, 6, 16], [14, 8, 15, 7], [9, 13, 10, 12], [11, 18, 12, 19], [2, 13, 3, 14], [22, 15, 23, 16], [17, 24, 18, 1], [19, 10, 20, 11]]"
12n_0520_90,"[[19, 10, 20, 11], [6, 21, 7, 22], [23, 4, 24, 5], [1, 20, 2, 21], [8, 3, 9, 4], [5, 17, 6, 16], [14, 8, 15, 7], [9, 13, 10, 12], [11, 18, 12, 19], [2, 13, 3, 14], [22, 15, 23, 16], [17, 24, 18, 1]]"
12n_0520_91,"[[17, 24, 18, 1], [19, 10, 20, 11], [6, 21, 7, 22], [23, 4, 24, 5], [1, 20, 2, 21], [8, 3, 9, 4], [5, 17, 6, 16], [14, 8, 15, 7], [9, 13, 10, 12], [11, 18, 12, 19], [2, 13, 3, 14], [22, 15, 23, 16]]"
12n_0520_92,"[[22, 15, 23, 16], [17, 24, 18, 1], [19, 10, 20, 11], [6, 21, 7, 22], [23, 4, 24, 5], [1, 20, 2, 21], [8, 3, 9, 4], [5, 17, 6, 16], [14, 8, 15, 7], [9, 13, 10, 12], [11, 18, 12, 19], [2, 13, 3, 14]]"
12n_0520_93,"[[2, 13, 3, 14], [22, 15, 23, 16], [17, 24, 18, 1], [19, 10, 20, 11], [6, 21, 7, 22], [23, 4, 24, 5], [1, 20, 2, 21], [8, 3, 9, 4], [5, 17, 6, 16], [14, 8, 15, 7], [9, 13, 10, 12], [11, 18, 12, 19]]"
12n_0520_94,"[[11, 18, 12, 19], [2, 13, 3, 14], [22, 15, 23, 16], [17, 24, 18, 1], [19, 10, 20, 11], [6, 21, 7, 22], [23, 4, 24, 5], [1, 20, 2, 21], [8, 3, 9, 4], [5, 17, 6, 16], [14, 8, 15, 7], [9, 13, 10, 12]]"
12n_0520_95,"[[9, 13, 10, 12], [11, 18, 12, 19], [2, 13, 3, 14], [22, 15, 23, 16], [17, 24, 18, 1], [19, 10, 20, 11], [6, 21, 7, 22], [23, 4, 24, 5], [1, 20, 2, 21], [8, 3, 9, 4], [5, 17, 6, 16], [14, 8, 15, 7]]"
12n_0520_96,"[[15, 9, 16, 8], [10, 14, 11, 13], [12, 19, 13, 20], [3, 14, 4, 15], [23, 16, 24, 17], [18, 1, 19, 2], [20, 11, 21, 12], [7, 22, 8, 23], [24, 5, 1, 6], [2, 21, 3, 22], [9, 4, 10, 5], [6, 18, 7, 17]]"
12n_0520_97,"[[6, 18, 7, 17], [15, 9, 16, 8], [10, 14, 11, 13], [12, 19, 13, 20], [3, 14, 4, 15], [23, 16, 24, 17], [18, 1, 19, 2], [20, 11, 21, 12], [7, 22, 8, 23], [24, 5, 1, 6], [2, 21, 3, 22], [9, 4, 10, 5]]"
12n_0520_98,"[[9, 4, 10, 5], [6, 18, 7, 17], [15, 9, 16, 8], [10, 14, 11, 13], [12, 19, 13, 20], [3, 14, 4, 15], [23, 16, 24, 17], [18, 1, 19, 2], [20, 11, 21, 12], [7, 22, 8, 23], [24, 5, 1, 6], [2, 21, 3, 22]]"
12n_0520_99,"[[2, 21, 3, 22], [9, 4, 10, 5], [6, 18, 7, 17], [15, 9, 16, 8], [10, 14, 11, 13], [12, 19, 13, 20], [3, 14, 4, 15], [23, 16, 24, 17], [18, 1, 19, 2], [20, 11, 21, 12], [7, 22, 8, 23], [24, 5, 1, 6]]"
12n_0520_100,"[[24, 5, 1, 6], [2, 21, 3, 22], [9, 4, 10, 5], [6, 18, 7, 17], [15, 9, 16, 8], [10, 14, 11, 13], [12, 19, 13, 20], [3, 14, 4, 15], [23, 16, 24, 17], [18, 1, 19, 2], [20, 11, 21, 12], [7, 22, 8, 23]]"
12n_0520_101,"[[7, 22, 8, 23], [24, 5, 1, 6], [2, 21, 3, 22], [9, 4, 10, 5], [6, 18, 7, 17], [15, 9, 16, 8], [10, 14, 11, 13], [12, 19, 13, 20], [3, 14, 4, 15], [23, 16, 24, 17], [18, 1, 19, 2], [20, 11, 21, 12]]"
12n_0520_102,"[[20, 11, 21, 12], [7, 22, 8, 23], [24, 5, 1, 6], [2, 21, 3, 22], [9, 4, 10, 5], [6, 18, 7, 17], [15, 9, 16, 8], [10, 14, 11, 13], [12, 19, 13, 20], [3, 14, 4, 15], [23, 16, 24, 17], [18, 1, 19, 2]]"
12n_0520_103,"[[18, 1, 19, 2], [20, 11, 21, 12], [7, 22, 8, 23], [24, 5, 1, 6], [2, 21, 3, 22], [9, 4, 10, 5], [6, 18, 7, 17], [15, 9, 16, 8], [10, 14, 11, 13], [12, 19, 13, 20], [3, 14, 4, 15], [23, 16, 24, 17]]"
12n_0520_104,"[[23, 16, 24, 17], [18, 1, 19, 2], [20, 11, 21, 12], [7, 22, 8, 23], [24, 5, 1, 6], [2, 21, 3, 22], [9, 4, 10, 5], [6, 18, 7, 17], [15, 9, 16, 8], [10, 14, 11, 13], [12, 19, 13, 20], [3, 14, 4, 15]]"
12n_0520_105,"[[3, 14, 4, 15], [23, 16, 24, 17], [18, 1, 19, 2], [20, 11, 21, 12], [7, 22, 8, 23], [24, 5, 1, 6], [2, 21, 3, 22], [9, 4, 10, 5], [6, 18, 7, 17], [15, 9, 16, 8], [10, 14, 11, 13], [12, 19, 13, 20]]"
12n_0520_106,"[[12, 19, 13, 20], [3, 14, 4, 15], [23, 16, 24, 17], [18, 1, 19, 2], [20, 11, 21, 12], [7, 22, 8, 23], [24, 5, 1, 6], [2, 21, 3, 22], [9, 4, 10, 5], [6, 18, 7, 17], [15, 9, 16, 8], [10, 14, 11, 13]]"
12n_0520_107,"[[10, 14, 11, 13], [12, 19, 13, 20], [3, 14, 4, 15], [23, 16, 24, 17], [18, 1, 19, 2], [20, 11, 21, 12], [7, 22, 8, 23], [24, 5, 1, 6], [2, 21, 3, 22], [9, 4, 10, 5], [6, 18, 7, 17], [15, 9, 16, 8]]"
12n_0520_108,"[[16, 10, 17, 9], [11, 15, 12, 14], [13, 20, 14, 21], [4, 15, 5, 16], [24, 17, 1, 18], [19, 2, 20, 3], [21, 12, 22, 13], [8, 23, 9, 24], [1, 6, 2, 7], [3, 22, 4, 23], [10, 5, 11, 6], [7, 19, 8, 18]]"
12n_0520_109,"[[7, 19, 8, 18], [16, 10, 17, 9], [11, 15, 12, 14], [13, 20, 14, 21], [4, 15, 5, 16], [24, 17, 1, 18], [19, 2, 20, 3], [21, 12, 22, 13], [8, 23, 9, 24], [1, 6, 2, 7], [3, 22, 4, 23], [10, 5, 11, 6]]"
12n_0520_110,"[[10, 5, 11, 6], [7, 19, 8, 18], [16, 10, 17, 9], [11, 15, 12, 14], [13, 20, 14, 21], [4, 15, 5, 16], [24, 17, 1, 18], [19, 2, 20, 3], [21, 12, 22, 13], [8, 23, 9, 24], [1, 6, 2, 7], [3, 22, 4, 23]]"
12n_0520_111,"[[3, 22, 4, 23], [10, 5, 11, 6], [7, 19, 8, 18], [16, 10, 17, 9], [11, 15, 12, 14], [13, 20, 14, 21], [4, 15, 5, 16], [24, 17, 1, 18], [19, 2, 20, 3], [21, 12, 22, 13], [8, 23, 9, 24], [1, 6, 2, 7]]"
12n_0520_112,"[[1, 6, 2, 7], [3, 22, 4, 23], [10, 5, 11, 6], [7, 19, 8, 18], [16, 10, 17, 9], [11, 15, 12, 14], [13, 20, 14, 21], [4, 15, 5, 16], [24, 17, 1, 18], [19, 2, 20, 3], [21, 12, 22, 13], [8, 23, 9, 24]]"
12n_0520_113,"[[8, 23, 9, 24], [1, 6, 2, 7], [3, 22, 4, 23], [10, 5, 11, 6], [7, 19, 8, 18], [16, 10, 17, 9], [11, 15, 12, 14], [13, 20, 14, 21], [4, 15, 5, 16], [24, 17, 1, 18], [19, 2, 20, 3], [21, 12, 22, 13]]"
12n_0520_114,"[[21, 12, 22, 13], [8, 23, 9, 24], [1, 6, 2, 7], [3, 22, 4, 23], [10, 5, 11, 6], [7, 19, 8, 18], [16, 10, 17, 9], [11, 15, 12, 14], [13, 20, 14, 21], [4, 15, 5, 16], [24, 17, 1, 18], [19, 2, 20, 3]]"
12n_0520_115,"[[19, 2, 20, 3], [21, 12, 22, 13], [8, 23, 9, 24], [1, 6, 2, 7], [3, 22, 4, 23], [10, 5, 11, 6], [7, 19, 8, 18], [16, 10, 17, 9], [11, 15, 12, 14], [13, 20, 14, 21], [4, 15, 5, 16], [24, 17, 1, 18]]"
12n_0520_116,"[[24, 17, 1, 18], [19, 2, 20, 3], [21, 12, 22, 13], [8, 23, 9, 24], [1, 6, 2, 7], [3, 22, 4, 23], [10, 5, 11, 6], [7, 19, 8, 18], [16, 10, 17, 9], [11, 15, 12, 14], [13, 20, 14, 21], [4, 15, 5, 16]]"
12n_0520_117,"[[4, 15, 5, 16], [24, 17, 1, 18], [19, 2, 20, 3], [21, 12, 22, 13], [8, 23, 9, 24], [1, 6, 2, 7], [3, 22, 4, 23], [10, 5, 11, 6], [7, 19, 8, 18], [16, 10, 17, 9], [11, 15, 12, 14], [13, 20, 14, 21]]"
12n_0520_118,"[[13, 20, 14, 21], [4, 15, 5, 16], [24, 17, 1, 18], [19, 2, 20, 3], [21, 12, 22, 13], [8, 23, 9, 24], [1, 6, 2, 7], [3, 22, 4, 23], [10, 5, 11, 6], [7, 19, 8, 18], [16, 10, 17, 9], [11, 15, 12, 14]]"
12n_0520_119,"[[11, 15, 12, 14], [13, 20, 14, 21], [4, 15, 5, 16], [24, 17, 1, 18], [19, 2, 20, 3], [21, 12, 22, 13], [8, 23, 9, 24], [1, 6, 2, 7], [3, 22, 4, 23], [10, 5, 11, 6], [7, 19, 8, 18], [16, 10, 17, 9]]"
12n_0520_120,"[[17, 11, 18, 10], [12, 16, 13, 15], [14, 21, 15, 22], [5, 16, 6, 17], [1, 18, 2, 19], [20, 3, 21, 4], [22, 13, 23, 14], [9, 24, 10, 1], [2, 7, 3, 8], [4, 23, 5, 24], [11, 6, 12, 7], [8, 20, 9, 19]]"
12n_0520_121,"[[8, 20, 9, 19], [17, 11, 18, 10], [12, 16, 13, 15], [14, 21, 15, 22], [5, 16, 6, 17], [1, 18, 2, 19], [20, 3, 21, 4], [22, 13, 23, 14], [9, 24, 10, 1], [2, 7, 3, 8], [4, 23, 5, 24], [11, 6, 12, 7]]"
12n_0520_122,"[[11, 6, 12, 7], [8, 20, 9, 19], [17, 11, 18, 10], [12, 16, 13, 15], [14, 21, 15, 22], [5, 16, 6, 17], [1, 18, 2, 19], [20, 3, 21, 4], [22, 13, 23, 14], [9, 24, 10, 1], [2, 7, 3, 8], [4, 23, 5, 24]]"
12n_0520_123,"[[4, 23, 5, 24], [11, 6, 12, 7], [8, 20, 9, 19], [17, 11, 18, 10], [12, 16, 13, 15], [14, 21, 15, 22], [5, 16, 6, 17], [1, 18, 2, 19], [20, 3, 21, 4], [22, 13, 23, 14], [9, 24, 10, 1], [2, 7, 3, 8]]"
12n_0520_124,"[[2, 7, 3, 8], [4, 23, 5, 24], [11, 6, 12, 7], [8, 20, 9, 19], [17, 11, 18, 10], [12, 16, 13, 15], [14, 21, 15, 22], [5, 16, 6, 17], [1, 18, 2, 19], [20, 3, 21, 4], [22, 13, 23, 14], [9, 24, 10, 1]]"
12n_0520_125,"[[9, 24, 10, 1], [2, 7, 3, 8], [4, 23, 5, 24], [11, 6, 12, 7], [8, 20, 9, 19], [17, 11, 18, 10], [12, 16, 13, 15], [14, 21, 15, 22], [5, 16, 6, 17], [1, 18, 2, 19], [20, 3, 21, 4], [22, 13, 23, 14]]"
12n_0520_126,"[[22, 13, 23, 14], [9, 24, 10, 1], [2, 7, 3, 8], [4, 23, 5, 24], [11, 6, 12, 7], [8, 20, 9, 19], [17, 11, 18, 10], [12, 16, 13, 15], [14, 21, 15, 22], [5, 16, 6, 17], [1, 18, 2, 19], [20, 3, 21, 4]]"
12n_0520_127,"[[20, 3, 21, 4], [22, 13, 23, 14], [9, 24, 10, 1], [2, 7, 3, 8], [4, 23, 5, 24], [11, 6, 12, 7], [8, 20, 9, 19], [17, 11, 18, 10], [12, 16, 13, 15], [14, 21, 15, 22], [5, 16, 6, 17], [1, 18, 2, 19]]"
12n_0520_128,"[[1, 18, 2, 19], [20, 3, 21, 4], [22, 13, 23, 14], [9, 24, 10, 1], [2, 7, 3, 8], [4, 23, 5, 24], [11, 6, 12, 7], [8, 20, 9, 19], [17, 11, 18, 10], [12, 16, 13, 15], [14, 21, 15, 22], [5, 16, 6, 17]]"
12n_0520_129,"[[5, 16, 6, 17], [1, 18, 2, 19], [20, 3, 21, 4], [22, 13, 23, 14], [9, 24, 10, 1], [2, 7, 3, 8], [4, 23, 5, 24], [11, 6, 12, 7], [8, 20, 9, 19], [17, 11, 18, 10], [12, 16, 13, 15], [14, 21, 15, 22]]"
12n_0520_130,"[[14, 21, 15, 22], [5, 16, 6, 17], [1, 18, 2, 19], [20, 3, 21, 4], [22, 13, 23, 14], [9, 24, 10, 1], [2, 7, 3, 8], [4, 23, 5, 24], [11, 6, 12, 7], [8, 20, 9, 19], [17, 11, 18, 10], [12, 16, 13, 15]]"
12n_0520_131,"[[12, 16, 13, 15], [14, 21, 15, 22], [5, 16, 6, 17], [1, 18, 2, 19], [20, 3, 21, 4], [22, 13, 23, 14], [9, 24, 10, 1], [2, 7, 3, 8], [4, 23, 5, 24], [11, 6, 12, 7], [8, 20, 9, 19], [17, 11, 18, 10]]"
12n_0520_132,"[[18, 12, 19, 11], [13, 17, 14, 16], [15, 22, 16, 23], [6, 17, 7, 18], [2, 19, 3, 20], [21, 4, 22, 5], [23, 14, 24, 15], [10, 1, 11, 2], [3, 8, 4, 9], [5, 24, 6, 1], [12, 7, 13, 8], [9, 21, 10, 20]]"
12n_0520_133,"[[9, 21, 10, 20], [18, 12, 19, 11], [13, 17, 14, 16], [15, 22, 16, 23], [6, 17, 7, 18], [2, 19, 3, 20], [21, 4, 22, 5], [23, 14, 24, 15], [10, 1, 11, 2], [3, 8, 4, 9], [5, 24, 6, 1], [12, 7, 13, 8]]"
12n_0520_134,"[[12, 7, 13, 8], [9, 21, 10, 20], [18, 12, 19, 11], [13, 17, 14, 16], [15, 22, 16, 23], [6, 17, 7, 18], [2, 19, 3, 20], [21, 4, 22, 5], [23, 14, 24, 15], [10, 1, 11, 2], [3, 8, 4, 9], [5, 24, 6, 1]]"
12n_0520_135,"[[5, 24, 6, 1], [12, 7, 13, 8], [9, 21, 10, 20], [18, 12, 19, 11], [13, 17, 14, 16], [15, 22, 16, 23], [6, 17, 7, 18], [2, 19, 3, 20], [21, 4, 22, 5], [23, 14, 24, 15], [10, 1, 11, 2], [3, 8, 4, 9]]"
12n_0520_136,"[[3, 8, 4, 9], [5, 24, 6, 1], [12, 7, 13, 8], [9, 21, 10, 20], [18, 12, 19, 11], [13, 17, 14, 16], [15, 22, 16, 23], [6, 17, 7, 18], [2, 19, 3, 20], [21, 4, 22, 5], [23, 14, 24, 15], [10, 1, 11, 2]]"
12n_0520_137,"[[10, 1, 11, 2], [3, 8, 4, 9], [5, 24, 6, 1], [12, 7, 13, 8], [9, 21, 10, 20], [18, 12, 19, 11], [13, 17, 14, 16], [15, 22, 16, 23], [6, 17, 7, 18], [2, 19, 3, 20], [21, 4, 22, 5], [23, 14, 24, 15]]"
12n_0520_138,"[[23, 14, 24, 15], [10, 1, 11, 2], [3, 8, 4, 9], [5, 24, 6, 1], [12, 7, 13, 8], [9, 21, 10, 20], [18, 12, 19, 11], [13, 17, 14, 16], [15, 22, 16, 23], [6, 17, 7, 18], [2, 19, 3, 20], [21, 4, 22, 5]]"
12n_0520_139,"[[21, 4, 22, 5], [23, 14, 24, 15], [10, 1, 11, 2], [3, 8, 4, 9], [5, 24, 6, 1], [12, 7, 13, 8], [9, 21, 10, 20], [18, 12, 19, 11], [13, 17, 14, 16], [15, 22, 16, 23], [6, 17, 7, 18], [2, 19, 3, 20]]"
12n_0520_140,"[[2, 19, 3, 20], [21, 4, 22, 5], [23, 14, 24, 15], [10, 1, 11, 2], [3, 8, 4, 9], [5, 24, 6, 1], [12, 7, 13, 8], [9, 21, 10, 20], [18, 12, 19, 11], [13, 17, 14, 16], [15, 22, 16, 23], [6, 17, 7, 18]]"
12n_0520_141,"[[6, 17, 7, 18], [2, 19, 3, 20], [21, 4, 22, 5], [23, 14, 24, 15], [10, 1, 11, 2], [3, 8, 4, 9], [5, 24, 6, 1], [12, 7, 13, 8], [9, 21, 10, 20], [18, 12, 19, 11], [13, 17, 14, 16], [15, 22, 16, 23]]"
12n_0520_142,"[[15, 22, 16, 23], [6, 17, 7, 18], [2, 19, 3, 20], [21, 4, 22, 5], [23, 14, 24, 15], [10, 1, 11, 2], [3, 8, 4, 9], [5, 24, 6, 1], [12, 7, 13, 8], [9, 21, 10, 20], [18, 12, 19, 11], [13, 17, 14, 16]]"
12n_0520_143,"[[13, 17, 14, 16], [15, 22, 16, 23], [6, 17, 7, 18], [2, 19, 3, 20], [21, 4, 22, 5], [23, 14, 24, 15], [10, 1, 11, 2], [3, 8, 4, 9], [5, 24, 6, 1], [12, 7, 13, 8], [9, 21, 10, 20], [18, 12, 19, 11]]"
12n_0520_144,"[[19, 13, 20, 12], [14, 18, 15, 17], [16, 23, 17, 24], [7, 18, 8, 19], [3, 20, 4, 21], [22, 5, 23, 6], [24, 15, 1, 16], [11, 2, 12, 3], [4, 9, 5, 10], [6, 1, 7, 2], [13, 8, 14, 9], [10, 22, 11, 21]]"
12n_0520_145,"[[10, 22, 11, 21], [19, 13, 20, 12], [14, 18, 15, 17], [16, 23, 17, 24], [7, 18, 8, 19], [3, 20, 4, 21], [22, 5, 23, 6], [24, 15, 1, 16], [11, 2, 12, 3], [4, 9, 5, 10], [6, 1, 7, 2], [13, 8, 14, 9]]"
12n_0520_146,"[[13, 8, 14, 9], [10, 22, 11, 21], [19, 13, 20, 12], [14, 18, 15, 17], [16, 23, 17, 24], [7, 18, 8, 19], [3, 20, 4, 21], [22, 5, 23, 6], [24, 15, 1, 16], [11, 2, 12, 3], [4, 9, 5, 10], [6, 1, 7, 2]]"
12n_0520_147,"[[6, 1, 7, 2], [13, 8, 14, 9], [10, 22, 11, 21], [19, 13, 20, 12], [14, 18, 15, 17], [16, 23, 17, 24], [7, 18, 8, 19], [3, 20, 4, 21], [22, 5, 23, 6], [24, 15, 1, 16], [11, 2, 12, 3], [4, 9, 5, 10]]"
12n_0520_148,"[[4, 9, 5, 10], [6, 1, 7, 2], [13, 8, 14, 9], [10, 22, 11, 21], [19, 13, 20, 12], [14, 18, 15, 17], [16, 23, 17, 24], [7, 18, 8, 19], [3, 20, 4, 21], [22, 5, 23, 6], [24, 15, 1, 16], [11, 2, 12, 3]]"
12n_0520_149,"[[11, 2, 12, 3], [4, 9, 5, 10], [6, 1, 7, 2], [13, 8, 14, 9], [10, 22, 11, 21], [19, 13, 20, 12], [14, 18, 15, 17], [16, 23, 17, 24], [7, 18, 8, 19], [3, 20, 4, 21], [22, 5, 23, 6], [24, 15, 1, 16]]"
12n_0520_150,"[[24, 15, 1, 16], [11, 2, 12, 3], [4, 9, 5, 10], [6, 1, 7, 2], [13, 8, 14, 9], [10, 22, 11, 21], [19, 13, 20, 12], [14, 18, 15, 17], [16, 23, 17, 24], [7, 18, 8, 19], [3, 20, 4, 21], [22, 5, 23, 6]]"
12n_0520_151,"[[22, 5, 23, 6], [24, 15, 1, 16], [11, 2, 12, 3], [4, 9, 5, 10], [6, 1, 7, 2], [13, 8, 14, 9], [10, 22, 11, 21], [19, 13, 20, 12], [14, 18, 15, 17], [16, 23, 17, 24], [7, 18, 8, 19], [3, 20, 4, 21]]"
12n_0520_152,"[[3, 20, 4, 21], [22, 5, 23, 6], [24, 15, 1, 16], [11, 2, 12, 3], [4, 9, 5, 10], [6, 1, 7, 2], [13, 8, 14, 9], [10, 22, 11, 21], [19, 13, 20, 12], [14, 18, 15, 17], [16, 23, 17, 24], [7, 18, 8, 19]]"
12n_0520_153,"[[7, 18, 8, 19], [3, 20, 4, 21], [22, 5, 23, 6], [24, 15, 1, 16], [11, 2, 12, 3], [4, 9, 5, 10], [6, 1, 7, 2], [13, 8, 14, 9], [10, 22, 11, 21], [19, 13, 20, 12], [14, 18, 15, 17], [16, 23, 17, 24]]"
12n_0520_154,"[[16, 23, 17, 24], [7, 18, 8, 19], [3, 20, 4, 21], [22, 5, 23, 6], [24, 15, 1, 16], [11, 2, 12, 3], [4, 9, 5, 10], [6, 1, 7, 2], [13, 8, 14, 9], [10, 22, 11, 21], [19, 13, 20, 12], [14, 18, 15, 17]]"
12n_0520_155,"[[14, 18, 15, 17], [16, 23, 17, 24], [7, 18, 8, 19], [3, 20, 4, 21], [22, 5, 23, 6], [24, 15, 1, 16], [11, 2, 12, 3], [4, 9, 5, 10], [6, 1, 7, 2], [13, 8, 14, 9], [10, 22, 11, 21], [19, 13, 20, 12]]"
12n_0520_156,"[[20, 14, 21, 13], [15, 19, 16, 18], [17, 24, 18, 1], [8, 19, 9, 20], [4, 21, 5, 22], [23, 6, 24, 7], [1, 16, 2, 17], [12, 3, 13, 4], [5, 10, 6, 11], [7, 2, 8, 3], [14, 9, 15, 10], [11, 23, 12, 22]]"
12n_0520_157,"[[11, 23, 12, 22], [20, 14, 21, 13], [15, 19, 16, 18], [17, 24, 18, 1], [8, 19, 9, 20], [4, 21, 5, 22], [23, 6, 24, 7], [1, 16, 2, 17], [12, 3, 13, 4], [5, 10, 6, 11], [7, 2, 8, 3], [14, 9, 15, 10]]"
12n_0520_158,"[[14, 9, 15, 10], [11, 23, 12, 22], [20, 14, 21, 13], [15, 19, 16, 18], [17, 24, 18, 1], [8, 19, 9, 20], [4, 21, 5, 22], [23, 6, 24, 7], [1, 16, 2, 17], [12, 3, 13, 4], [5, 10, 6, 11], [7, 2, 8, 3]]"
12n_0520_159,"[[7, 2, 8, 3], [14, 9, 15, 10], [11, 23, 12, 22], [20, 14, 21, 13], [15, 19, 16, 18], [17, 24, 18, 1], [8, 19, 9, 20], [4, 21, 5, 22], [23, 6, 24, 7], [1, 16, 2, 17], [12, 3, 13, 4], [5, 10, 6, 11]]"
12n_0520_160,"[[5, 10, 6, 11], [7, 2, 8, 3], [14, 9, 15, 10], [11, 23, 12, 22], [20, 14, 21, 13], [15, 19, 16, 18], [17, 24, 18, 1], [8, 19, 9, 20], [4, 21, 5, 22], [23, 6, 24, 7], [1, 16, 2, 17], [12, 3, 13, 4]]"
12n_0520_161,"[[12, 3, 13, 4], [5, 10, 6, 11], [7, 2, 8, 3], [14, 9, 15, 10], [11, 23, 12, 22], [20, 14, 21, 13], [15, 19, 16, 18], [17, 24, 18, 1], [8, 19, 9, 20], [4, 21, 5, 22], [23, 6, 24, 7], [1, 16, 2, 17]]"
12n_0520_162,"[[1, 16, 2, 17], [12, 3, 13, 4], [5, 10, 6, 11], [7, 2, 8, 3], [14, 9, 15, 10], [11, 23, 12, 22], [20, 14, 21, 13], [15, 19, 16, 18], [17, 24, 18, 1], [8, 19, 9, 20], [4, 21, 5, 22], [23, 6, 24, 7]]"
12n_0520_163,"[[23, 6, 24, 7], [1, 16, 2, 17], [12, 3, 13, 4], [5, 10, 6, 11], [7, 2, 8, 3], [14, 9, 15, 10], [11, 23, 12, 22], [20, 14, 21, 13], [15, 19, 16, 18], [17, 24, 18, 1], [8, 19, 9, 20], [4, 21, 5, 22]]"
12n_0520_164,"[[4, 21, 5, 22], [23, 6, 24, 7], [1, 16, 2, 17], [12, 3, 13, 4], [5, 10, 6, 11], [7, 2, 8, 3], [14, 9, 15, 10], [11, 23, 12, 22], [20, 14, 21, 13], [15, 19, 16, 18], [17, 24, 18, 1], [8, 19, 9, 20]]"
12n_0520_165,"[[8, 19, 9, 20], [4, 21, 5, 22], [23, 6, 24, 7], [1, 16, 2, 17], [12, 3, 13, 4], [5, 10, 6, 11], [7, 2, 8, 3], [14, 9, 15, 10], [11, 23, 12, 22], [20, 14, 21, 13], [15, 19, 16, 18], [17, 24, 18, 1]]"
12n_0520_166,"[[17, 24, 18, 1], [8, 19, 9, 20], [4, 21, 5, 22], [23, 6, 24, 7], [1, 16, 2, 17], [12, 3, 13, 4], [5, 10, 6, 11], [7, 2, 8, 3], [14, 9, 15, 10], [11, 23, 12, 22], [20, 14, 21, 13], [15, 19, 16, 18]]"
12n_0520_167,"[[15, 19, 16, 18], [17, 24, 18, 1], [8, 19, 9, 20], [4, 21, 5, 22], [23, 6, 24, 7], [1, 16, 2, 17], [12, 3, 13, 4], [5, 10, 6, 11], [7, 2, 8, 3], [14, 9, 15, 10], [11, 23, 12, 22], [20, 14, 21, 13]]"
12n_0520_168,"[[21, 15, 22, 14], [16, 20, 17, 19], [18, 1, 19, 2], [9, 20, 10, 21], [5, 22, 6, 23], [24, 7, 1, 8], [2, 17, 3, 18], [13, 4, 14, 5], [6, 11, 7, 12], [8, 3, 9, 4], [15, 10, 16, 11], [12, 24, 13, 23]]"
12n_0520_169,"[[12, 24, 13, 23], [21, 15, 22, 14], [16, 20, 17, 19], [18, 1, 19, 2], [9, 20, 10, 21], [5, 22, 6, 23], [24, 7, 1, 8], [2, 17, 3, 18], [13, 4, 14, 5], [6, 11, 7, 12], [8, 3, 9, 4], [15, 10, 16, 11]]"
12n_0520_170,"[[15, 10, 16, 11], [12, 24, 13, 23], [21, 15, 22, 14], [16, 20, 17, 19], [18, 1, 19, 2], [9, 20, 10, 21], [5, 22, 6, 23], [24, 7, 1, 8], [2, 17, 3, 18], [13, 4, 14, 5], [6, 11, 7, 12], [8, 3, 9, 4]]"
12n_0520_171,"[[8, 3, 9, 4], [15, 10, 16, 11], [12, 24, 13, 23], [21, 15, 22, 14], [16, 20, 17, 19], [18, 1, 19, 2], [9, 20, 10, 21], [5, 22, 6, 23], [24, 7, 1, 8], [2, 17, 3, 18], [13, 4, 14, 5], [6, 11, 7, 12]]"
12n_0520_172,"[[6, 11, 7, 12], [8, 3, 9, 4], [15, 10, 16, 11], [12, 24, 13, 23], [21, 15, 22, 14], [16, 20, 17, 19], [18, 1, 19, 2], [9, 20, 10, 21], [5, 22, 6, 23], [24, 7, 1, 8], [2, 17, 3, 18], [13, 4, 14, 5]]"
12n_0520_173,"[[13, 4, 14, 5], [6, 11, 7, 12], [8, 3, 9, 4], [15, 10, 16, 11], [12, 24, 13, 23], [21, 15, 22, 14], [16, 20, 17, 19], [18, 1, 19, 2], [9, 20, 10, 21], [5, 22, 6, 23], [24, 7, 1, 8], [2, 17, 3, 18]]"
12n_0520_174,"[[2, 17, 3, 18], [13, 4, 14, 5], [6, 11, 7, 12], [8, 3, 9, 4], [15, 10, 16, 11], [12, 24, 13, 23], [21, 15, 22, 14], [16, 20, 17, 19], [18, 1, 19, 2], [9, 20, 10, 21], [5, 22, 6, 23], [24, 7, 1, 8]]"
12n_0520_175,"[[24, 7, 1, 8], [2, 17, 3, 18], [13, 4, 14, 5], [6, 11, 7, 12], [8, 3, 9, 4], [15, 10, 16, 11], [12, 24, 13, 23], [21, 15, 22, 14], [16, 20, 17, 19], [18, 1, 19, 2], [9, 20, 10, 21], [5, 22, 6, 23]]"
12n_0520_176,"[[5, 22, 6, 23], [24, 7, 1, 8], [2, 17, 3, 18], [13, 4, 14, 5], [6, 11, 7, 12], [8, 3, 9, 4], [15, 10, 16, 11], [12, 24, 13, 23], [21, 15, 22, 14], [16, 20, 17, 19], [18, 1, 19, 2], [9, 20, 10, 21]]"
12n_0520_177,"[[9, 20, 10, 21], [5, 22, 6, 23], [24, 7, 1, 8], [2, 17, 3, 18], [13, 4, 14, 5], [6, 11, 7, 12], [8, 3, 9, 4], [15, 10, 16, 11], [12, 24, 13, 23], [21, 15, 22, 14], [16, 20, 17, 19], [18, 1, 19, 2]]"
12n_0520_178,"[[18, 1, 19, 2], [9, 20, 10, 21], [5, 22, 6, 23], [24, 7, 1, 8], [2, 17, 3, 18], [13, 4, 14, 5], [6, 11, 7, 12], [8, 3, 9, 4], [15, 10, 16, 11], [12, 24, 13, 23], [21, 15, 22, 14], [16, 20, 17, 19]]"
12n_0520_179,"[[16, 20, 17, 19], [18, 1, 19, 2], [9, 20, 10, 21], [5, 22, 6, 23], [24, 7, 1, 8], [2, 17, 3, 18], [13, 4, 14, 5], [6, 11, 7, 12], [8, 3, 9, 4], [15, 10, 16, 11], [12, 24, 13, 23], [21, 15, 22, 14]]"
12n_0520_180,"[[22, 16, 23, 15], [17, 21, 18, 20], [19, 2, 20, 3], [10, 21, 11, 22], [6, 23, 7, 24], [1, 8, 2, 9], [3, 18, 4, 19], [14, 5, 15, 6], [7, 12, 8, 13], [9, 4, 10, 5], [16, 11, 17, 12], [13, 1, 14, 24]]"
12n_0520_181,"[[13, 1, 14, 24], [22, 16, 23, 15], [17, 21, 18, 20], [19, 2, 20, 3], [10, 21, 11, 22], [6, 23, 7, 24], [1, 8, 2, 9], [3, 18, 4, 19], [14, 5, 15, 6], [7, 12, 8, 13], [9, 4, 10, 5], [16, 11, 17, 12]]"
12n_0520_182,"[[16, 11, 17, 12], [13, 1, 14, 24], [22, 16, 23, 15], [17, 21, 18, 20], [19, 2, 20, 3], [10, 21, 11, 22], [6, 23, 7, 24], [1, 8, 2, 9], [3, 18, 4, 19], [14, 5, 15, 6], [7, 12, 8, 13], [9, 4, 10, 5]]"
12n_0520_183,"[[9, 4, 10, 5], [16, 11, 17, 12], [13, 1, 14, 24], [22, 16, 23, 15], [17, 21, 18, 20], [19, 2, 20, 3], [10, 21, 11, 22], [6, 23, 7, 24], [1, 8, 2, 9], [3, 18, 4, 19], [14, 5, 15, 6], [7, 12, 8, 13]]"
12n_0520_184,"[[7, 12, 8, 13], [9, 4, 10, 5], [16, 11, 17, 12], [13, 1, 14, 24], [22, 16, 23, 15], [17, 21, 18, 20], [19, 2, 20, 3], [10, 21, 11, 22], [6, 23, 7, 24], [1, 8, 2, 9], [3, 18, 4, 19], [14, 5, 15, 6]]"
12n_0520_185,"[[14, 5, 15, 6], [7, 12, 8, 13], [9, 4, 10, 5], [16, 11, 17, 12], [13, 1, 14, 24], [22, 16, 23, 15], [17, 21, 18, 20], [19, 2, 20, 3], [10, 21, 11, 22], [6, 23, 7, 24], [1, 8, 2, 9], [3, 18, 4, 19]]"
