name,pd_notation
12n_0430_0,"[[19, 24, 20, 1], [2, 6, 3, 5], [4, 11, 5, 12], [15, 6, 16, 7], [23, 8, 24, 9], [17, 11, 18, 10], [12, 3, 13, 4], [14, 22, 15, 21], [1, 16, 2, 17], [9, 19, 10, 18], [7, 20, 8, 21], [22, 14, 23, 13]]"
12n_0430_1,"[[22, 14, 23, 13], [19, 24, 20, 1], [2, 6, 3, 5], [4, 11, 5, 12], [15, 6, 16, 7], [23, 8, 24, 9], [17, 11, 18, 10], [12, 3, 13, 4], [14, 22, 15, 21], [1, 16, 2, 17], [9, 19, 10, 18], [7, 20, 8, 21]]"
12n_0430_2,"[[7, 20, 8, 21], [22, 14, 23, 13], [19, 24, 20, 1], [2, 6, 3, 5], [4, 11, 5, 12], [15, 6, 16, 7], [23, 8, 24, 9], [17, 11, 18, 10], [12, 3, 13, 4], [14, 22, 15, 21], [1, 16, 2, 17], [9, 19, 10, 18]]"
12n_0430_3,"[[9, 19, 10, 18], [7, 20, 8, 21], [22, 14, 23, 13], [19, 24, 20, 1], [2, 6, 3, 5], [4, 11, 5, 12], [15, 6, 16, 7], [23, 8, 24, 9], [17, 11, 18, 10], [12, 3, 13, 4], [14, 22, 15, 21], [1, 16, 2, 17]]"
12n_0430_4,"[[1, 16, 2, 17], [9, 19, 10, 18], [7, 20, 8, 21], [22, 14, 23, 13], [19, 24, 20, 1], [2, 6, 3, 5], [4, 11, 5, 12], [15, 6, 16, 7], [23, 8, 24, 9], [17, 11, 18, 10], [12, 3, 13, 4], [14, 22, 15, 21]]"
12n_0430_5,"[[14, 22, 15, 21], [1, 16, 2, 17], [9, 19, 10, 18], [7, 20, 8, 21], [22, 14, 23, 13], [19, 24, 20, 1], [2, 6, 3, 5], [4, 11, 5, 12], [15, 6, 16, 7], [23, 8, 24, 9], [17, 11, 18, 10], [12, 3, 13, 4]]"
12n_0430_6,"[[12, 3, 13, 4], [14, 22, 15, 21], [1, 16, 2, 17], [9, 19, 10, 18], [7, 20, 8, 21], [22, 14, 23, 13], [19, 24, 20, 1], [2, 6, 3, 5], [4, 11, 5, 12], [15, 6, 16, 7], [23, 8, 24, 9], [17, 11, 18, 10]]"
12n_0430_7,"[[17, 11, 18, 10], [12, 3, 13, 4], [14, 22, 15, 21], [1, 16, 2, 17], [9, 19, 10, 18], [7, 20, 8, 21], [22, 14, 23, 13], [19, 24, 20, 1], [2, 6, 3, 5], [4, 11, 5, 12], [15, 6, 16, 7], [23, 8, 24, 9]]"
12n_0430_8,"[[23, 8, 24, 9], [17, 11, 18, 10], [12, 3, 13, 4], [14, 22, 15, 21], [1, 16, 2, 17], [9, 19, 10, 18], [7, 20, 8, 21], [22, 14, 23, 13], [19, 24, 20, 1], [2, 6, 3, 5], [4, 11, 5, 12], [15, 6, 16, 7]]"
12n_0430_9,"[[15, 6, 16, 7], [23, 8, 24, 9], [17, 11, 18, 10], [12, 3, 13, 4], [14, 22, 15, 21], [1, 16, 2, 17], [9, 19, 10, 18], [7, 20, 8, 21], [22, 14, 23, 13], [19, 24, 20, 1], [2, 6, 3, 5], [4, 11, 5, 12]]"
12n_0430_10,"[[4, 11, 5, 12], [15, 6, 16, 7], [23, 8, 24, 9], [17, 11, 18, 10], [12, 3, 13, 4], [14, 22, 15, 21], [1, 16, 2, 17], [9, 19, 10, 18], [7, 20, 8, 21], [22, 14, 23, 13], [19, 24, 20, 1], [2, 6, 3, 5]]"
12n_0430_11,"[[2, 6, 3, 5], [4, 11, 5, 12], [15, 6, 16, 7], [23, 8, 24, 9], [17, 11, 18, 10], [12, 3, 13, 4], [14, 22, 15, 21], [1, 16, 2, 17], [9, 19, 10, 18], [7, 20, 8, 21], [22, 14, 23, 13], [19, 24, 20, 1]]"
12n_0430_12,"[[20, 1, 21, 2], [3, 7, 4, 6], [5, 12, 6, 13], [16, 7, 17, 8], [24, 9, 1, 10], [18, 12, 19, 11], [13, 4, 14, 5], [15, 23, 16, 22], [2, 17, 3, 18], [10, 20, 11, 19], [8, 21, 9, 22], [23, 15, 24, 14]]"
12n_0430_13,"[[23, 15, 24, 14], [20, 1, 21, 2], [3, 7, 4, 6], [5, 12, 6, 13], [16, 7, 17, 8], [24, 9, 1, 10], [18, 12, 19, 11], [13, 4, 14, 5], [15, 23, 16, 22], [2, 17, 3, 18], [10, 20, 11, 19], [8, 21, 9, 22]]"
12n_0430_14,"[[8, 21, 9, 22], [23, 15, 24, 14], [20, 1, 21, 2], [3, 7, 4, 6], [5, 12, 6, 13], [16, 7, 17, 8], [24, 9, 1, 10], [18, 12, 19, 11], [13, 4, 14, 5], [15, 23, 16, 22], [2, 17, 3, 18], [10, 20, 11, 19]]"
12n_0430_15,"[[10, 20, 11, 19], [8, 21, 9, 22], [23, 15, 24, 14], [20, 1, 21, 2], [3, 7, 4, 6], [5, 12, 6, 13], [16, 7, 17, 8], [24, 9, 1, 10], [18, 12, 19, 11], [13, 4, 14, 5], [15, 23, 16, 22], [2, 17, 3, 18]]"
12n_0430_16,"[[2, 17, 3, 18], [10, 20, 11, 19], [8, 21, 9, 22], [23, 15, 24, 14], [20, 1, 21, 2], [3, 7, 4, 6], [5, 12, 6, 13], [16, 7, 17, 8], [24, 9, 1, 10], [18, 12, 19, 11], [13, 4, 14, 5], [15, 23, 16, 22]]"
12n_0430_17,"[[15, 23, 16, 22], [2, 17, 3, 18], [10, 20, 11, 19], [8, 21, 9, 22], [23, 15, 24, 14], [20, 1, 21, 2], [3, 7, 4, 6], [5, 12, 6, 13], [16, 7, 17, 8], [24, 9, 1, 10], [18, 12, 19, 11], [13, 4, 14, 5]]"
12n_0430_18,"[[13, 4, 14, 5], [15, 23, 16, 22], [2, 17, 3, 18], [10, 20, 11, 19], [8, 21, 9, 22], [23, 15, 24, 14], [20, 1, 21, 2], [3, 7, 4, 6], [5, 12, 6, 13], [16, 7, 17, 8], [24, 9, 1, 10], [18, 12, 19, 11]]"
12n_0430_19,"[[18, 12, 19, 11], [13, 4, 14, 5], [15, 23, 16, 22], [2, 17, 3, 18], [10, 20, 11, 19], [8, 21, 9, 22], [23, 15, 24, 14], [20, 1, 21, 2], [3, 7, 4, 6], [5, 12, 6, 13], [16, 7, 17, 8], [24, 9, 1, 10]]"
12n_0430_20,"[[24, 9, 1, 10], [18, 12, 19, 11], [13, 4, 14, 5], [15, 23, 16, 22], [2, 17, 3, 18], [10, 20, 11, 19], [8, 21, 9, 22], [23, 15, 24, 14], [20, 1, 21, 2], [3, 7, 4, 6], [5, 12, 6, 13], [16, 7, 17, 8]]"
12n_0430_21,"[[16, 7, 17, 8], [24, 9, 1, 10], [18, 12, 19, 11], [13, 4, 14, 5], [15, 23, 16, 22], [2, 17, 3, 18], [10, 20, 11, 19], [8, 21, 9, 22], [23, 15, 24, 14], [20, 1, 21, 2], [3, 7, 4, 6], [5, 12, 6, 13]]"
12n_0430_22,"[[5, 12, 6, 13], [16, 7, 17, 8], [24, 9, 1, 10], [18, 12, 19, 11], [13, 4, 14, 5], [15, 23, 16, 22], [2, 17, 3, 18], [10, 20, 11, 19], [8, 21, 9, 22], [23, 15, 24, 14], [20, 1, 21, 2], [3, 7, 4, 6]]"
12n_0430_23,"[[3, 7, 4, 6], [5, 12, 6, 13], [16, 7, 17, 8], [24, 9, 1, 10], [18, 12, 19, 11], [13, 4, 14, 5], [15, 23, 16, 22], [2, 17, 3, 18], [10, 20, 11, 19], [8, 21, 9, 22], [23, 15, 24, 14], [20, 1, 21, 2]]"
12n_0430_24,"[[21, 2, 22, 3], [4, 8, 5, 7], [6, 13, 7, 14], [17, 8, 18, 9], [1, 10, 2, 11], [19, 13, 20, 12], [14, 5, 15, 6], [16, 24, 17, 23], [3, 18, 4, 19], [11, 21, 12, 20], [9, 22, 10, 23], [24, 16, 1, 15]]"
12n_0430_25,"[[24, 16, 1, 15], [21, 2, 22, 3], [4, 8, 5, 7], [6, 13, 7, 14], [17, 8, 18, 9], [1, 10, 2, 11], [19, 13, 20, 12], [14, 5, 15, 6], [16, 24, 17, 23], [3, 18, 4, 19], [11, 21, 12, 20], [9, 22, 10, 23]]"
12n_0430_26,"[[9, 22, 10, 23], [24, 16, 1, 15], [21, 2, 22, 3], [4, 8, 5, 7], [6, 13, 7, 14], [17, 8, 18, 9], [1, 10, 2, 11], [19, 13, 20, 12], [14, 5, 15, 6], [16, 24, 17, 23], [3, 18, 4, 19], [11, 21, 12, 20]]"
12n_0430_27,"[[11, 21, 12, 20], [9, 22, 10, 23], [24, 16, 1, 15], [21, 2, 22, 3], [4, 8, 5, 7], [6, 13, 7, 14], [17, 8, 18, 9], [1, 10, 2, 11], [19, 13, 20, 12], [14, 5, 15, 6], [16, 24, 17, 23], [3, 18, 4, 19]]"
12n_0430_28,"[[3, 18, 4, 19], [11, 21, 12, 20], [9, 22, 10, 23], [24, 16, 1, 15], [21, 2, 22, 3], [4, 8, 5, 7], [6, 13, 7, 14], [17, 8, 18, 9], [1, 10, 2, 11], [19, 13, 20, 12], [14, 5, 15, 6], [16, 24, 17, 23]]"
12n_0430_29,"[[16, 24, 17, 23], [3, 18, 4, 19], [11, 21, 12, 20], [9, 22, 10, 23], [24, 16, 1, 15], [21, 2, 22, 3], [4, 8, 5, 7], [6, 13, 7, 14], [17, 8, 18, 9], [1, 10, 2, 11], [19, 13, 20, 12], [14, 5, 15, 6]]"
12n_0430_30,"[[14, 5, 15, 6], [16, 24, 17, 23], [3, 18, 4, 19], [11, 21, 12, 20], [9, 22, 10, 23], [24, 16, 1, 15], [21, 2, 22, 3], [4, 8, 5, 7], [6, 13, 7, 14], [17, 8, 18, 9], [1, 10, 2, 11], [19, 13, 20, 12]]"
12n_0430_31,"[[19, 13, 20, 12], [14, 5, 15, 6], [16, 24, 17, 23], [3, 18, 4, 19], [11, 21, 12, 20], [9, 22, 10, 23], [24, 16, 1, 15], [21, 2, 22, 3], [4, 8, 5, 7], [6, 13, 7, 14], [17, 8, 18, 9], [1, 10, 2, 11]]"
12n_0430_32,"[[1, 10, 2, 11], [19, 13, 20, 12], [14, 5, 15, 6], [16, 24, 17, 23], [3, 18, 4, 19], [11, 21, 12, 20], [9, 22, 10, 23], [24, 16, 1, 15], [21, 2, 22, 3], [4, 8, 5, 7], [6, 13, 7, 14], [17, 8, 18, 9]]"
12n_0430_33,"[[17, 8, 18, 9], [1, 10, 2, 11], [19, 13, 20, 12], [14, 5, 15, 6], [16, 24, 17, 23], [3, 18, 4, 19], [11, 21, 12, 20], [9, 22, 10, 23], [24, 16, 1, 15], [21, 2, 22, 3], [4, 8, 5, 7], [6, 13, 7, 14]]"
12n_0430_34,"[[6, 13, 7, 14], [17, 8, 18, 9], [1, 10, 2, 11], [19, 13, 20, 12], [14, 5, 15, 6], [16, 24, 17, 23], [3, 18, 4, 19], [11, 21, 12, 20], [9, 22, 10, 23], [24, 16, 1, 15], [21, 2, 22, 3], [4, 8, 5, 7]]"
12n_0430_35,"[[4, 8, 5, 7], [6, 13, 7, 14], [17, 8, 18, 9], [1, 10, 2, 11], [19, 13, 20, 12], [14, 5, 15, 6], [16, 24, 17, 23], [3, 18, 4, 19], [11, 21, 12, 20], [9, 22, 10, 23], [24, 16, 1, 15], [21, 2, 22, 3]]"
12n_0430_36,"[[22, 3, 23, 4], [5, 9, 6, 8], [7, 14, 8, 15], [18, 9, 19, 10], [2, 11, 3, 12], [20, 14, 21, 13], [15, 6, 16, 7], [17, 1, 18, 24], [4, 19, 5, 20], [12, 22, 13, 21], [10, 23, 11, 24], [1, 17, 2, 16]]"
12n_0430_37,"[[1, 17, 2, 16], [22, 3, 23, 4], [5, 9, 6, 8], [7, 14, 8, 15], [18, 9, 19, 10], [2, 11, 3, 12], [20, 14, 21, 13], [15, 6, 16, 7], [17, 1, 18, 24], [4, 19, 5, 20], [12, 22, 13, 21], [10, 23, 11, 24]]"
12n_0430_38,"[[10, 23, 11, 24], [1, 17, 2, 16], [22, 3, 23, 4], [5, 9, 6, 8], [7, 14, 8, 15], [18, 9, 19, 10], [2, 11, 3, 12], [20, 14, 21, 13], [15, 6, 16, 7], [17, 1, 18, 24], [4, 19, 5, 20], [12, 22, 13, 21]]"
12n_0430_39,"[[12, 22, 13, 21], [10, 23, 11, 24], [1, 17, 2, 16], [22, 3, 23, 4], [5, 9, 6, 8], [7, 14, 8, 15], [18, 9, 19, 10], [2, 11, 3, 12], [20, 14, 21, 13], [15, 6, 16, 7], [17, 1, 18, 24], [4, 19, 5, 20]]"
12n_0430_40,"[[4, 19, 5, 20], [12, 22, 13, 21], [10, 23, 11, 24], [1, 17, 2, 16], [22, 3, 23, 4], [5, 9, 6, 8], [7, 14, 8, 15], [18, 9, 19, 10], [2, 11, 3, 12], [20, 14, 21, 13], [15, 6, 16, 7], [17, 1, 18, 24]]"
12n_0430_41,"[[17, 1, 18, 24], [4, 19, 5, 20], [12, 22, 13, 21], [10, 23, 11, 24], [1, 17, 2, 16], [22, 3, 23, 4], [5, 9, 6, 8], [7, 14, 8, 15], [18, 9, 19, 10], [2, 11, 3, 12], [20, 14, 21, 13], [15, 6, 16, 7]]"
12n_0430_42,"[[15, 6, 16, 7], [17, 1, 18, 24], [4, 19, 5, 20], [12, 22, 13, 21], [10, 23, 11, 24], [1, 17, 2, 16], [22, 3, 23, 4], [5, 9, 6, 8], [7, 14, 8, 15], [18, 9, 19, 10], [2, 11, 3, 12], [20, 14, 21, 13]]"
12n_0430_43,"[[20, 14, 21, 13], [15, 6, 16, 7], [17, 1, 18, 24], [4, 19, 5, 20], [12, 22, 13, 21], [10, 23, 11, 24], [1, 17, 2, 16], [22, 3, 23, 4], [5, 9, 6, 8], [7, 14, 8, 15], [18, 9, 19, 10], [2, 11, 3, 12]]"
12n_0430_44,"[[2, 11, 3, 12], [20, 14, 21, 13], [15, 6, 16, 7], [17, 1, 18, 24], [4, 19, 5, 20], [12, 22, 13, 21], [10, 23, 11, 24], [1, 17, 2, 16], [22, 3, 23, 4], [5, 9, 6, 8], [7, 14, 8, 15], [18, 9, 19, 10]]"
12n_0430_45,"[[18, 9, 19, 10], [2, 11, 3, 12], [20, 14, 21, 13], [15, 6, 16, 7], [17, 1, 18, 24], [4, 19, 5, 20], [12, 22, 13, 21], [10, 23, 11, 24], [1, 17, 2, 16], [22, 3, 23, 4], [5, 9, 6, 8], [7, 14, 8, 15]]"
12n_0430_46,"[[7, 14, 8, 15], [18, 9, 19, 10], [2, 11, 3, 12], [20, 14, 21, 13], [15, 6, 16, 7], [17, 1, 18, 24], [4, 19, 5, 20], [12, 22, 13, 21], [10, 23, 11, 24], [1, 17, 2, 16], [22, 3, 23, 4], [5, 9, 6, 8]]"
12n_0430_47,"[[5, 9, 6, 8], [7, 14, 8, 15], [18, 9, 19, 10], [2, 11, 3, 12], [20, 14, 21, 13], [15, 6, 16, 7], [17, 1, 18, 24], [4, 19, 5, 20], [12, 22, 13, 21], [10, 23, 11, 24], [1, 17, 2, 16], [22, 3, 23, 4]]"
12n_0430_48,"[[23, 4, 24, 5], [6, 10, 7, 9], [8, 15, 9, 16], [19, 10, 20, 11], [3, 12, 4, 13], [21, 15, 22, 14], [16, 7, 17, 8], [18, 2, 19, 1], [5, 20, 6, 21], [13, 23, 14, 22], [11, 24, 12, 1], [2, 18, 3, 17]]"
12n_0430_49,"[[2, 18, 3, 17], [23, 4, 24, 5], [6, 10, 7, 9], [8, 15, 9, 16], [19, 10, 20, 11], [3, 12, 4, 13], [21, 15, 22, 14], [16, 7, 17, 8], [18, 2, 19, 1], [5, 20, 6, 21], [13, 23, 14, 22], [11, 24, 12, 1]]"
12n_0430_50,"[[11, 24, 12, 1], [2, 18, 3, 17], [23, 4, 24, 5], [6, 10, 7, 9], [8, 15, 9, 16], [19, 10, 20, 11], [3, 12, 4, 13], [21, 15, 22, 14], [16, 7, 17, 8], [18, 2, 19, 1], [5, 20, 6, 21], [13, 23, 14, 22]]"
12n_0430_51,"[[13, 23, 14, 22], [11, 24, 12, 1], [2, 18, 3, 17], [23, 4, 24, 5], [6, 10, 7, 9], [8, 15, 9, 16], [19, 10, 20, 11], [3, 12, 4, 13], [21, 15, 22, 14], [16, 7, 17, 8], [18, 2, 19, 1], [5, 20, 6, 21]]"
12n_0430_52,"[[5, 20, 6, 21], [13, 23, 14, 22], [11, 24, 12, 1], [2, 18, 3, 17], [23, 4, 24, 5], [6, 10, 7, 9], [8, 15, 9, 16], [19, 10, 20, 11], [3, 12, 4, 13], [21, 15, 22, 14], [16, 7, 17, 8], [18, 2, 19, 1]]"
12n_0430_53,"[[18, 2, 19, 1], [5, 20, 6, 21], [13, 23, 14, 22], [11, 24, 12, 1], [2, 18, 3, 17], [23, 4, 24, 5], [6, 10, 7, 9], [8, 15, 9, 16], [19, 10, 20, 11], [3, 12, 4, 13], [21, 15, 22, 14], [16, 7, 17, 8]]"
12n_0430_54,"[[16, 7, 17, 8], [18, 2, 19, 1], [5, 20, 6, 21], [13, 23, 14, 22], [11, 24, 12, 1], [2, 18, 3, 17], [23, 4, 24, 5], [6, 10, 7, 9], [8, 15, 9, 16], [19, 10, 20, 11], [3, 12, 4, 13], [21, 15, 22, 14]]"
12n_0430_55,"[[21, 15, 22, 14], [16, 7, 17, 8], [18, 2, 19, 1], [5, 20, 6, 21], [13, 23, 14, 22], [11, 24, 12, 1], [2, 18, 3, 17], [23, 4, 24, 5], [6, 10, 7, 9], [8, 15, 9, 16], [19, 10, 20, 11], [3, 12, 4, 13]]"
12n_0430_56,"[[3, 12, 4, 13], [21, 15, 22, 14], [16, 7, 17, 8], [18, 2, 19, 1], [5, 20, 6, 21], [13, 23, 14, 22], [11, 24, 12, 1], [2, 18, 3, 17], [23, 4, 24, 5], [6, 10, 7, 9], [8, 15, 9, 16], [19, 10, 20, 11]]"
12n_0430_57,"[[19, 10, 20, 11], [3, 12, 4, 13], [21, 15, 22, 14], [16, 7, 17, 8], [18, 2, 19, 1], [5, 20, 6, 21], [13, 23, 14, 22], [11, 24, 12, 1], [2, 18, 3, 17], [23, 4, 24, 5], [6, 10, 7, 9], [8, 15, 9, 16]]"
12n_0430_58,"[[8, 15, 9, 16], [19, 10, 20, 11], [3, 12, 4, 13], [21, 15, 22, 14], [16, 7, 17, 8], [18, 2, 19, 1], [5, 20, 6, 21], [13, 23, 14, 22], [11, 24, 12, 1], [2, 18, 3, 17], [23, 4, 24, 5], [6, 10, 7, 9]]"
12n_0430_59,"[[6, 10, 7, 9], [8, 15, 9, 16], [19, 10, 20, 11], [3, 12, 4, 13], [21, 15, 22, 14], [16, 7, 17, 8], [18, 2, 19, 1], [5, 20, 6, 21], [13, 23, 14, 22], [11, 24, 12, 1], [2, 18, 3, 17], [23, 4, 24, 5]]"
12n_0430_60,"[[24, 5, 1, 6], [7, 11, 8, 10], [9, 16, 10, 17], [20, 11, 21, 12], [4, 13, 5, 14], [22, 16, 23, 15], [17, 8, 18, 9], [19, 3, 20, 2], [6, 21, 7, 22], [14, 24, 15, 23], [12, 1, 13, 2], [3, 19, 4, 18]]"
12n_0430_61,"[[3, 19, 4, 18], [24, 5, 1, 6], [7, 11, 8, 10], [9, 16, 10, 17], [20, 11, 21, 12], [4, 13, 5, 14], [22, 16, 23, 15], [17, 8, 18, 9], [19, 3, 20, 2], [6, 21, 7, 22], [14, 24, 15, 23], [12, 1, 13, 2]]"
12n_0430_62,"[[12, 1, 13, 2], [3, 19, 4, 18], [24, 5, 1, 6], [7, 11, 8, 10], [9, 16, 10, 17], [20, 11, 21, 12], [4, 13, 5, 14], [22, 16, 23, 15], [17, 8, 18, 9], [19, 3, 20, 2], [6, 21, 7, 22], [14, 24, 15, 23]]"
12n_0430_63,"[[14, 24, 15, 23], [12, 1, 13, 2], [3, 19, 4, 18], [24, 5, 1, 6], [7, 11, 8, 10], [9, 16, 10, 17], [20, 11, 21, 12], [4, 13, 5, 14], [22, 16, 23, 15], [17, 8, 18, 9], [19, 3, 20, 2], [6, 21, 7, 22]]"
12n_0430_64,"[[6, 21, 7, 22], [14, 24, 15, 23], [12, 1, 13, 2], [3, 19, 4, 18], [24, 5, 1, 6], [7, 11, 8, 10], [9, 16, 10, 17], [20, 11, 21, 12], [4, 13, 5, 14], [22, 16, 23, 15], [17, 8, 18, 9], [19, 3, 20, 2]]"
12n_0430_65,"[[19, 3, 20, 2], [6, 21, 7, 22], [14, 24, 15, 23], [12, 1, 13, 2], [3, 19, 4, 18], [24, 5, 1, 6], [7, 11, 8, 10], [9, 16, 10, 17], [20, 11, 21, 12], [4, 13, 5, 14], [22, 16, 23, 15], [17, 8, 18, 9]]"
12n_0430_66,"[[17, 8, 18, 9], [19, 3, 20, 2], [6, 21, 7, 22], [14, 24, 15, 23], [12, 1, 13, 2], [3, 19, 4, 18], [24, 5, 1, 6], [7, 11, 8, 10], [9, 16, 10, 17], [20, 11, 21, 12], [4, 13, 5, 14], [22, 16, 23, 15]]"
12n_0430_67,"[[22, 16, 23, 15], [17, 8, 18, 9], [19, 3, 20, 2], [6, 21, 7, 22], [14, 24, 15, 23], [12, 1, 13, 2], [3, 19, 4, 18], [24, 5, 1, 6], [7, 11, 8, 10], [9, 16, 10, 17], [20, 11, 21, 12], [4, 13, 5, 14]]"
12n_0430_68,"[[4, 13, 5, 14], [22, 16, 23, 15], [17, 8, 18, 9], [19, 3, 20, 2], [6, 21, 7, 22], [14, 24, 15, 23], [12, 1, 13, 2], [3, 19, 4, 18], [24, 5, 1, 6], [7, 11, 8, 10], [9, 16, 10, 17], [20, 11, 21, 12]]"
12n_0430_69,"[[20, 11, 21, 12], [4, 13, 5, 14], [22, 16, 23, 15], [17, 8, 18, 9], [19, 3, 20, 2], [6, 21, 7, 22], [14, 24, 15, 23], [12, 1, 13, 2], [3, 19, 4, 18], [24, 5, 1, 6], [7, 11, 8, 10], [9, 16, 10, 17]]"
12n_0430_70,"[[9, 16, 10, 17], [20, 11, 21, 12], [4, 13, 5, 14], [22, 16, 23, 15], [17, 8, 18, 9], [19, 3, 20, 2], [6, 21, 7, 22], [14, 24, 15, 23], [12, 1, 13, 2], [3, 19, 4, 18], [24, 5, 1, 6], [7, 11, 8, 10]]"
12n_0430_71,"[[7, 11, 8, 10], [9, 16, 10, 17], [20, 11, 21, 12], [4, 13, 5, 14], [22, 16, 23, 15], [17, 8, 18, 9], [19, 3, 20, 2], [6, 21, 7, 22], [14, 24, 15, 23], [12, 1, 13, 2], [3, 19, 4, 18], [24, 5, 1, 6]]"
12n_0430_72,"[[1, 6, 2, 7], [8, 12, 9, 11], [10, 17, 11, 18], [21, 12, 22, 13], [5, 14, 6, 15], [23, 17, 24, 16], [18, 9, 19, 10], [20, 4, 21, 3], [7, 22, 8, 23], [15, 1, 16, 24], [13, 2, 14, 3], [4, 20, 5, 19]]"
12n_0430_73,"[[4, 20, 5, 19], [1, 6, 2, 7], [8, 12, 9, 11], [10, 17, 11, 18], [21, 12, 22, 13], [5, 14, 6, 15], [23, 17, 24, 16], [18, 9, 19, 10], [20, 4, 21, 3], [7, 22, 8, 23], [15, 1, 16, 24], [13, 2, 14, 3]]"
12n_0430_74,"[[13, 2, 14, 3], [4, 20, 5, 19], [1, 6, 2, 7], [8, 12, 9, 11], [10, 17, 11, 18], [21, 12, 22, 13], [5, 14, 6, 15], [23, 17, 24, 16], [18, 9, 19, 10], [20, 4, 21, 3], [7, 22, 8, 23], [15, 1, 16, 24]]"
12n_0430_75,"[[15, 1, 16, 24], [13, 2, 14, 3], [4, 20, 5, 19], [1, 6, 2, 7], [8, 12, 9, 11], [10, 17, 11, 18], [21, 12, 22, 13], [5, 14, 6, 15], [23, 17, 24, 16], [18, 9, 19, 10], [20, 4, 21, 3], [7, 22, 8, 23]]"
12n_0430_76,"[[7, 22, 8, 23], [15, 1, 16, 24], [13, 2, 14, 3], [4, 20, 5, 19], [1, 6, 2, 7], [8, 12, 9, 11], [10, 17, 11, 18], [21, 12, 22, 13], [5, 14, 6, 15], [23, 17, 24, 16], [18, 9, 19, 10], [20, 4, 21, 3]]"
12n_0430_77,"[[20, 4, 21, 3], [7, 22, 8, 23], [15, 1, 16, 24], [13, 2, 14, 3], [4, 20, 5, 19], [1, 6, 2, 7], [8, 12, 9, 11], [10, 17, 11, 18], [21, 12, 22, 13], [5, 14, 6, 15], [23, 17, 24, 16], [18, 9, 19, 10]]"
12n_0430_78,"[[18, 9, 19, 10], [20, 4, 21, 3], [7, 22, 8, 23], [15, 1, 16, 24], [13, 2, 14, 3], [4, 20, 5, 19], [1, 6, 2, 7], [8, 12, 9, 11], [10, 17, 11, 18], [21, 12, 22, 13], [5, 14, 6, 15], [23, 17, 24, 16]]"
12n_0430_79,"[[23, 17, 24, 16], [18, 9, 19, 10], [20, 4, 21, 3], [7, 22, 8, 23], [15, 1, 16, 24], [13, 2, 14, 3], [4, 20, 5, 19], [1, 6, 2, 7], [8, 12, 9, 11], [10, 17, 11, 18], [21, 12, 22, 13], [5, 14, 6, 15]]"
12n_0430_80,"[[5, 14, 6, 15], [23, 17, 24, 16], [18, 9, 19, 10], [20, 4, 21, 3], [7, 22, 8, 23], [15, 1, 16, 24], [13, 2, 14, 3], [4, 20, 5, 19], [1, 6, 2, 7], [8, 12, 9, 11], [10, 17, 11, 18], [21, 12, 22, 13]]"
12n_0430_81,"[[21, 12, 22, 13], [5, 14, 6, 15], [23, 17, 24, 16], [18, 9, 19, 10], [20, 4, 21, 3], [7, 22, 8, 23], [15, 1, 16, 24], [13, 2, 14, 3], [4, 20, 5, 19], [1, 6, 2, 7], [8, 12, 9, 11], [10, 17, 11, 18]]"
12n_0430_82,"[[10, 17, 11, 18], [21, 12, 22, 13], [5, 14, 6, 15], [23, 17, 24, 16], [18, 9, 19, 10], [20, 4, 21, 3], [7, 22, 8, 23], [15, 1, 16, 24], [13, 2, 14, 3], [4, 20, 5, 19], [1, 6, 2, 7], [8, 12, 9, 11]]"
12n_0430_83,"[[8, 12, 9, 11], [10, 17, 11, 18], [21, 12, 22, 13], [5, 14, 6, 15], [23, 17, 24, 16], [18, 9, 19, 10], [20, 4, 21, 3], [7, 22, 8, 23], [15, 1, 16, 24], [13, 2, 14, 3], [4, 20, 5, 19], [1, 6, 2, 7]]"
12n_0430_84,"[[2, 7, 3, 8], [9, 13, 10, 12], [11, 18, 12, 19], [22, 13, 23, 14], [6, 15, 7, 16], [24, 18, 1, 17], [19, 10, 20, 11], [21, 5, 22, 4], [8, 23, 9, 24], [16, 2, 17, 1], [14, 3, 15, 4], [5, 21, 6, 20]]"
12n_0430_85,"[[5, 21, 6, 20], [2, 7, 3, 8], [9, 13, 10, 12], [11, 18, 12, 19], [22, 13, 23, 14], [6, 15, 7, 16], [24, 18, 1, 17], [19, 10, 20, 11], [21, 5, 22, 4], [8, 23, 9, 24], [16, 2, 17, 1], [14, 3, 15, 4]]"
12n_0430_86,"[[14, 3, 15, 4], [5, 21, 6, 20], [2, 7, 3, 8], [9, 13, 10, 12], [11, 18, 12, 19], [22, 13, 23, 14], [6, 15, 7, 16], [24, 18, 1, 17], [19, 10, 20, 11], [21, 5, 22, 4], [8, 23, 9, 24], [16, 2, 17, 1]]"
12n_0430_87,"[[16, 2, 17, 1], [14, 3, 15, 4], [5, 21, 6, 20], [2, 7, 3, 8], [9, 13, 10, 12], [11, 18, 12, 19], [22, 13, 23, 14], [6, 15, 7, 16], [24, 18, 1, 17], [19, 10, 20, 11], [21, 5, 22, 4], [8, 23, 9, 24]]"
12n_0430_88,"[[8, 23, 9, 24], [16, 2, 17, 1], [14, 3, 15, 4], [5, 21, 6, 20], [2, 7, 3, 8], [9, 13, 10, 12], [11, 18, 12, 19], [22, 13, 23, 14], [6, 15, 7, 16], [24, 18, 1, 17], [19, 10, 20, 11], [21, 5, 22, 4]]"
12n_0430_89,"[[21, 5, 22, 4], [8, 23, 9, 24], [16, 2, 17, 1], [14, 3, 15, 4], [5, 21, 6, 20], [2, 7, 3, 8], [9, 13, 10, 12], [11, 18, 12, 19], [22, 13, 23, 14], [6, 15, 7, 16], [24, 18, 1, 17], [19, 10, 20, 11]]"
12n_0430_90,"[[19, 10, 20, 11], [21, 5, 22, 4], [8, 23, 9, 24], [16, 2, 17, 1], [14, 3, 15, 4], [5, 21, 6, 20], [2, 7, 3, 8], [9, 13, 10, 12], [11, 18, 12, 19], [22, 13, 23, 14], [6, 15, 7, 16], [24, 18, 1, 17]]"
12n_0430_91,"[[24, 18, 1, 17], [19, 10, 20, 11], [21, 5, 22, 4], [8, 23, 9, 24], [16, 2, 17, 1], [14, 3, 15, 4], [5, 21, 6, 20], [2, 7, 3, 8], [9, 13, 10, 12], [11, 18, 12, 19], [22, 13, 23, 14], [6, 15, 7, 16]]"
12n_0430_92,"[[6, 15, 7, 16], [24, 18, 1, 17], [19, 10, 20, 11], [21, 5, 22, 4], [8, 23, 9, 24], [16, 2, 17, 1], [14, 3, 15, 4], [5, 21, 6, 20], [2, 7, 3, 8], [9, 13, 10, 12], [11, 18, 12, 19], [22, 13, 23, 14]]"
12n_0430_93,"[[22, 13, 23, 14], [6, 15, 7, 16], [24, 18, 1, 17], [19, 10, 20, 11], [21, 5, 22, 4], [8, 23, 9, 24], [16, 2, 17, 1], [14, 3, 15, 4], [5, 21, 6, 20], [2, 7, 3, 8], [9, 13, 10, 12], [11, 18, 12, 19]]"
12n_0430_94,"[[11, 18, 12, 19], [22, 13, 23, 14], [6, 15, 7, 16], [24, 18, 1, 17], [19, 10, 20, 11], [21, 5, 22, 4], [8, 23, 9, 24], [16, 2, 17, 1], [14, 3, 15, 4], [5, 21, 6, 20], [2, 7, 3, 8], [9, 13, 10, 12]]"
12n_0430_95,"[[9, 13, 10, 12], [11, 18, 12, 19], [22, 13, 23, 14], [6, 15, 7, 16], [24, 18, 1, 17], [19, 10, 20, 11], [21, 5, 22, 4], [8, 23, 9, 24], [16, 2, 17, 1], [14, 3, 15, 4], [5, 21, 6, 20], [2, 7, 3, 8]]"
12n_0430_96,"[[3, 8, 4, 9], [10, 14, 11, 13], [12, 19, 13, 20], [23, 14, 24, 15], [7, 16, 8, 17], [1, 19, 2, 18], [20, 11, 21, 12], [22, 6, 23, 5], [9, 24, 10, 1], [17, 3, 18, 2], [15, 4, 16, 5], [6, 22, 7, 21]]"
12n_0430_97,"[[6, 22, 7, 21], [3, 8, 4, 9], [10, 14, 11, 13], [12, 19, 13, 20], [23, 14, 24, 15], [7, 16, 8, 17], [1, 19, 2, 18], [20, 11, 21, 12], [22, 6, 23, 5], [9, 24, 10, 1], [17, 3, 18, 2], [15, 4, 16, 5]]"
12n_0430_98,"[[15, 4, 16, 5], [6, 22, 7, 21], [3, 8, 4, 9], [10, 14, 11, 13], [12, 19, 13, 20], [23, 14, 24, 15], [7, 16, 8, 17], [1, 19, 2, 18], [20, 11, 21, 12], [22, 6, 23, 5], [9, 24, 10, 1], [17, 3, 18, 2]]"
12n_0430_99,"[[17, 3, 18, 2], [15, 4, 16, 5], [6, 22, 7, 21], [3, 8, 4, 9], [10, 14, 11, 13], [12, 19, 13, 20], [23, 14, 24, 15], [7, 16, 8, 17], [1, 19, 2, 18], [20, 11, 21, 12], [22, 6, 23, 5], [9, 24, 10, 1]]"
12n_0430_100,"[[9, 24, 10, 1], [17, 3, 18, 2], [15, 4, 16, 5], [6, 22, 7, 21], [3, 8, 4, 9], [10, 14, 11, 13], [12, 19, 13, 20], [23, 14, 24, 15], [7, 16, 8, 17], [1, 19, 2, 18], [20, 11, 21, 12], [22, 6, 23, 5]]"
12n_0430_101,"[[22, 6, 23, 5], [9, 24, 10, 1], [17, 3, 18, 2], [15, 4, 16, 5], [6, 22, 7, 21], [3, 8, 4, 9], [10, 14, 11, 13], [12, 19, 13, 20], [23, 14, 24, 15], [7, 16, 8, 17], [1, 19, 2, 18], [20, 11, 21, 12]]"
12n_0430_102,"[[20, 11, 21, 12], [22, 6, 23, 5], [9, 24, 10, 1], [17, 3, 18, 2], [15, 4, 16, 5], [6, 22, 7, 21], [3, 8, 4, 9], [10, 14, 11, 13], [12, 19, 13, 20], [23, 14, 24, 15], [7, 16, 8, 17], [1, 19, 2, 18]]"
12n_0430_103,"[[1, 19, 2, 18], [20, 11, 21, 12], [22, 6, 23, 5], [9, 24, 10, 1], [17, 3, 18, 2], [15, 4, 16, 5], [6, 22, 7, 21], [3, 8, 4, 9], [10, 14, 11, 13], [12, 19, 13, 20], [23, 14, 24, 15], [7, 16, 8, 17]]"
12n_0430_104,"[[7, 16, 8, 17], [1, 19, 2, 18], [20, 11, 21, 12], [22, 6, 23, 5], [9, 24, 10, 1], [17, 3, 18, 2], [15, 4, 16, 5], [6, 22, 7, 21], [3, 8, 4, 9], [10, 14, 11, 13], [12, 19, 13, 20], [23, 14, 24, 15]]"
12n_0430_105,"[[23, 14, 24, 15], [7, 16, 8, 17], [1, 19, 2, 18], [20, 11, 21, 12], [22, 6, 23, 5], [9, 24, 10, 1], [17, 3, 18, 2], [15, 4, 16, 5], [6, 22, 7, 21], [3, 8, 4, 9], [10, 14, 11, 13], [12, 19, 13, 20]]"
12n_0430_106,"[[12, 19, 13, 20], [23, 14, 24, 15], [7, 16, 8, 17], [1, 19, 2, 18], [20, 11, 21, 12], [22, 6, 23, 5], [9, 24, 10, 1], [17, 3, 18, 2], [15, 4, 16, 5], [6, 22, 7, 21], [3, 8, 4, 9], [10, 14, 11, 13]]"
12n_0430_107,"[[10, 14, 11, 13], [12, 19, 13, 20], [23, 14, 24, 15], [7, 16, 8, 17], [1, 19, 2, 18], [20, 11, 21, 12], [22, 6, 23, 5], [9, 24, 10, 1], [17, 3, 18, 2], [15, 4, 16, 5], [6, 22, 7, 21], [3, 8, 4, 9]]"
12n_0430_108,"[[4, 9, 5, 10], [11, 15, 12, 14], [13, 20, 14, 21], [24, 15, 1, 16], [8, 17, 9, 18], [2, 20, 3, 19], [21, 12, 22, 13], [23, 7, 24, 6], [10, 1, 11, 2], [18, 4, 19, 3], [16, 5, 17, 6], [7, 23, 8, 22]]"
12n_0430_109,"[[7, 23, 8, 22], [4, 9, 5, 10], [11, 15, 12, 14], [13, 20, 14, 21], [24, 15, 1, 16], [8, 17, 9, 18], [2, 20, 3, 19], [21, 12, 22, 13], [23, 7, 24, 6], [10, 1, 11, 2], [18, 4, 19, 3], [16, 5, 17, 6]]"
12n_0430_110,"[[16, 5, 17, 6], [7, 23, 8, 22], [4, 9, 5, 10], [11, 15, 12, 14], [13, 20, 14, 21], [24, 15, 1, 16], [8, 17, 9, 18], [2, 20, 3, 19], [21, 12, 22, 13], [23, 7, 24, 6], [10, 1, 11, 2], [18, 4, 19, 3]]"
12n_0430_111,"[[18, 4, 19, 3], [16, 5, 17, 6], [7, 23, 8, 22], [4, 9, 5, 10], [11, 15, 12, 14], [13, 20, 14, 21], [24, 15, 1, 16], [8, 17, 9, 18], [2, 20, 3, 19], [21, 12, 22, 13], [23, 7, 24, 6], [10, 1, 11, 2]]"
12n_0430_112,"[[10, 1, 11, 2], [18, 4, 19, 3], [16, 5, 17, 6], [7, 23, 8, 22], [4, 9, 5, 10], [11, 15, 12, 14], [13, 20, 14, 21], [24, 15, 1, 16], [8, 17, 9, 18], [2, 20, 3, 19], [21, 12, 22, 13], [23, 7, 24, 6]]"
12n_0430_113,"[[23, 7, 24, 6], [10, 1, 11, 2], [18, 4, 19, 3], [16, 5, 17, 6], [7, 23, 8, 22], [4, 9, 5, 10], [11, 15, 12, 14], [13, 20, 14, 21], [24, 15, 1, 16], [8, 17, 9, 18], [2, 20, 3, 19], [21, 12, 22, 13]]"
12n_0430_114,"[[21, 12, 22, 13], [23, 7, 24, 6], [10, 1, 11, 2], [18, 4, 19, 3], [16, 5, 17, 6], [7, 23, 8, 22], [4, 9, 5, 10], [11, 15, 12, 14], [13, 20, 14, 21], [24, 15, 1, 16], [8, 17, 9, 18], [2, 20, 3, 19]]"
12n_0430_115,"[[2, 20, 3, 19], [21, 12, 22, 13], [23, 7, 24, 6], [10, 1, 11, 2], [18, 4, 19, 3], [16, 5, 17, 6], [7, 23, 8, 22], [4, 9, 5, 10], [11, 15, 12, 14], [13, 20, 14, 21], [24, 15, 1, 16], [8, 17, 9, 18]]"
12n_0430_116,"[[8, 17, 9, 18], [2, 20, 3, 19], [21, 12, 22, 13], [23, 7, 24, 6], [10, 1, 11, 2], [18, 4, 19, 3], [16, 5, 17, 6], [7, 23, 8, 22], [4, 9, 5, 10], [11, 15, 12, 14], [13, 20, 14, 21], [24, 15, 1, 16]]"
12n_0430_117,"[[24, 15, 1, 16], [8, 17, 9, 18], [2, 20, 3, 19], [21, 12, 22, 13], [23, 7, 24, 6], [10, 1, 11, 2], [18, 4, 19, 3], [16, 5, 17, 6], [7, 23, 8, 22], [4, 9, 5, 10], [11, 15, 12, 14], [13, 20, 14, 21]]"
12n_0430_118,"[[13, 20, 14, 21], [24, 15, 1, 16], [8, 17, 9, 18], [2, 20, 3, 19], [21, 12, 22, 13], [23, 7, 24, 6], [10, 1, 11, 2], [18, 4, 19, 3], [16, 5, 17, 6], [7, 23, 8, 22], [4, 9, 5, 10], [11, 15, 12, 14]]"
12n_0430_119,"[[11, 15, 12, 14], [13, 20, 14, 21], [24, 15, 1, 16], [8, 17, 9, 18], [2, 20, 3, 19], [21, 12, 22, 13], [23, 7, 24, 6], [10, 1, 11, 2], [18, 4, 19, 3], [16, 5, 17, 6], [7, 23, 8, 22], [4, 9, 5, 10]]"
12n_0430_120,"[[5, 10, 6, 11], [12, 16, 13, 15], [14, 21, 15, 22], [1, 16, 2, 17], [9, 18, 10, 19], [3, 21, 4, 20], [22, 13, 23, 14], [24, 8, 1, 7], [11, 2, 12, 3], [19, 5, 20, 4], [17, 6, 18, 7], [8, 24, 9, 23]]"
12n_0430_121,"[[8, 24, 9, 23], [5, 10, 6, 11], [12, 16, 13, 15], [14, 21, 15, 22], [1, 16, 2, 17], [9, 18, 10, 19], [3, 21, 4, 20], [22, 13, 23, 14], [24, 8, 1, 7], [11, 2, 12, 3], [19, 5, 20, 4], [17, 6, 18, 7]]"
12n_0430_122,"[[17, 6, 18, 7], [8, 24, 9, 23], [5, 10, 6, 11], [12, 16, 13, 15], [14, 21, 15, 22], [1, 16, 2, 17], [9, 18, 10, 19], [3, 21, 4, 20], [22, 13, 23, 14], [24, 8, 1, 7], [11, 2, 12, 3], [19, 5, 20, 4]]"
12n_0430_123,"[[19, 5, 20, 4], [17, 6, 18, 7], [8, 24, 9, 23], [5, 10, 6, 11], [12, 16, 13, 15], [14, 21, 15, 22], [1, 16, 2, 17], [9, 18, 10, 19], [3, 21, 4, 20], [22, 13, 23, 14], [24, 8, 1, 7], [11, 2, 12, 3]]"
12n_0430_124,"[[11, 2, 12, 3], [19, 5, 20, 4], [17, 6, 18, 7], [8, 24, 9, 23], [5, 10, 6, 11], [12, 16, 13, 15], [14, 21, 15, 22], [1, 16, 2, 17], [9, 18, 10, 19], [3, 21, 4, 20], [22, 13, 23, 14], [24, 8, 1, 7]]"
12n_0430_125,"[[24, 8, 1, 7], [11, 2, 12, 3], [19, 5, 20, 4], [17, 6, 18, 7], [8, 24, 9, 23], [5, 10, 6, 11], [12, 16, 13, 15], [14, 21, 15, 22], [1, 16, 2, 17], [9, 18, 10, 19], [3, 21, 4, 20], [22, 13, 23, 14]]"
12n_0430_126,"[[22, 13, 23, 14], [24, 8, 1, 7], [11, 2, 12, 3], [19, 5, 20, 4], [17, 6, 18, 7], [8, 24, 9, 23], [5, 10, 6, 11], [12, 16, 13, 15], [14, 21, 15, 22], [1, 16, 2, 17], [9, 18, 10, 19], [3, 21, 4, 20]]"
12n_0430_127,"[[3, 21, 4, 20], [22, 13, 23, 14], [24, 8, 1, 7], [11, 2, 12, 3], [19, 5, 20, 4], [17, 6, 18, 7], [8, 24, 9, 23], [5, 10, 6, 11], [12, 16, 13, 15], [14, 21, 15, 22], [1, 16, 2, 17], [9, 18, 10, 19]]"
12n_0430_128,"[[9, 18, 10, 19], [3, 21, 4, 20], [22, 13, 23, 14], [24, 8, 1, 7], [11, 2, 12, 3], [19, 5, 20, 4], [17, 6, 18, 7], [8, 24, 9, 23], [5, 10, 6, 11], [12, 16, 13, 15], [14, 21, 15, 22], [1, 16, 2, 17]]"
12n_0430_129,"[[1, 16, 2, 17], [9, 18, 10, 19], [3, 21, 4, 20], [22, 13, 23, 14], [24, 8, 1, 7], [11, 2, 12, 3], [19, 5, 20, 4], [17, 6, 18, 7], [8, 24, 9, 23], [5, 10, 6, 11], [12, 16, 13, 15], [14, 21, 15, 22]]"
12n_0430_130,"[[14, 21, 15, 22], [1, 16, 2, 17], [9, 18, 10, 19], [3, 21, 4, 20], [22, 13, 23, 14], [24, 8, 1, 7], [11, 2, 12, 3], [19, 5, 20, 4], [17, 6, 18, 7], [8, 24, 9, 23], [5, 10, 6, 11], [12, 16, 13, 15]]"
12n_0430_131,"[[12, 16, 13, 15], [14, 21, 15, 22], [1, 16, 2, 17], [9, 18, 10, 19], [3, 21, 4, 20], [22, 13, 23, 14], [24, 8, 1, 7], [11, 2, 12, 3], [19, 5, 20, 4], [17, 6, 18, 7], [8, 24, 9, 23], [5, 10, 6, 11]]"
12n_0430_132,"[[6, 11, 7, 12], [13, 17, 14, 16], [15, 22, 16, 23], [2, 17, 3, 18], [10, 19, 11, 20], [4, 22, 5, 21], [23, 14, 24, 15], [1, 9, 2, 8], [12, 3, 13, 4], [20, 6, 21, 5], [18, 7, 19, 8], [9, 1, 10, 24]]"
12n_0430_133,"[[9, 1, 10, 24], [6, 11, 7, 12], [13, 17, 14, 16], [15, 22, 16, 23], [2, 17, 3, 18], [10, 19, 11, 20], [4, 22, 5, 21], [23, 14, 24, 15], [1, 9, 2, 8], [12, 3, 13, 4], [20, 6, 21, 5], [18, 7, 19, 8]]"
12n_0430_134,"[[18, 7, 19, 8], [9, 1, 10, 24], [6, 11, 7, 12], [13, 17, 14, 16], [15, 22, 16, 23], [2, 17, 3, 18], [10, 19, 11, 20], [4, 22, 5, 21], [23, 14, 24, 15], [1, 9, 2, 8], [12, 3, 13, 4], [20, 6, 21, 5]]"
12n_0430_135,"[[20, 6, 21, 5], [18, 7, 19, 8], [9, 1, 10, 24], [6, 11, 7, 12], [13, 17, 14, 16], [15, 22, 16, 23], [2, 17, 3, 18], [10, 19, 11, 20], [4, 22, 5, 21], [23, 14, 24, 15], [1, 9, 2, 8], [12, 3, 13, 4]]"
12n_0430_136,"[[12, 3, 13, 4], [20, 6, 21, 5], [18, 7, 19, 8], [9, 1, 10, 24], [6, 11, 7, 12], [13, 17, 14, 16], [15, 22, 16, 23], [2, 17, 3, 18], [10, 19, 11, 20], [4, 22, 5, 21], [23, 14, 24, 15], [1, 9, 2, 8]]"
12n_0430_137,"[[1, 9, 2, 8], [12, 3, 13, 4], [20, 6, 21, 5], [18, 7, 19, 8], [9, 1, 10, 24], [6, 11, 7, 12], [13, 17, 14, 16], [15, 22, 16, 23], [2, 17, 3, 18], [10, 19, 11, 20], [4, 22, 5, 21], [23, 14, 24, 15]]"
12n_0430_138,"[[23, 14, 24, 15], [1, 9, 2, 8], [12, 3, 13, 4], [20, 6, 21, 5], [18, 7, 19, 8], [9, 1, 10, 24], [6, 11, 7, 12], [13, 17, 14, 16], [15, 22, 16, 23], [2, 17, 3, 18], [10, 19, 11, 20], [4, 22, 5, 21]]"
12n_0430_139,"[[4, 22, 5, 21], [23, 14, 24, 15], [1, 9, 2, 8], [12, 3, 13, 4], [20, 6, 21, 5], [18, 7, 19, 8], [9, 1, 10, 24], [6, 11, 7, 12], [13, 17, 14, 16], [15, 22, 16, 23], [2, 17, 3, 18], [10, 19, 11, 20]]"
12n_0430_140,"[[10, 19, 11, 20], [4, 22, 5, 21], [23, 14, 24, 15], [1, 9, 2, 8], [12, 3, 13, 4], [20, 6, 21, 5], [18, 7, 19, 8], [9, 1, 10, 24], [6, 11, 7, 12], [13, 17, 14, 16], [15, 22, 16, 23], [2, 17, 3, 18]]"
12n_0430_141,"[[2, 17, 3, 18], [10, 19, 11, 20], [4, 22, 5, 21], [23, 14, 24, 15], [1, 9, 2, 8], [12, 3, 13, 4], [20, 6, 21, 5], [18, 7, 19, 8], [9, 1, 10, 24], [6, 11, 7, 12], [13, 17, 14, 16], [15, 22, 16, 23]]"
12n_0430_142,"[[15, 22, 16, 23], [2, 17, 3, 18], [10, 19, 11, 20], [4, 22, 5, 21], [23, 14, 24, 15], [1, 9, 2, 8], [12, 3, 13, 4], [20, 6, 21, 5], [18, 7, 19, 8], [9, 1, 10, 24], [6, 11, 7, 12], [13, 17, 14, 16]]"
12n_0430_143,"[[13, 17, 14, 16], [15, 22, 16, 23], [2, 17, 3, 18], [10, 19, 11, 20], [4, 22, 5, 21], [23, 14, 24, 15], [1, 9, 2, 8], [12, 3, 13, 4], [20, 6, 21, 5], [18, 7, 19, 8], [9, 1, 10, 24], [6, 11, 7, 12]]"
12n_0430_144,"[[7, 12, 8, 13], [14, 18, 15, 17], [16, 23, 17, 24], [3, 18, 4, 19], [11, 20, 12, 21], [5, 23, 6, 22], [24, 15, 1, 16], [2, 10, 3, 9], [13, 4, 14, 5], [21, 7, 22, 6], [19, 8, 20, 9], [10, 2, 11, 1]]"
12n_0430_145,"[[10, 2, 11, 1], [7, 12, 8, 13], [14, 18, 15, 17], [16, 23, 17, 24], [3, 18, 4, 19], [11, 20, 12, 21], [5, 23, 6, 22], [24, 15, 1, 16], [2, 10, 3, 9], [13, 4, 14, 5], [21, 7, 22, 6], [19, 8, 20, 9]]"
12n_0430_146,"[[19, 8, 20, 9], [10, 2, 11, 1], [7, 12, 8, 13], [14, 18, 15, 17], [16, 23, 17, 24], [3, 18, 4, 19], [11, 20, 12, 21], [5, 23, 6, 22], [24, 15, 1, 16], [2, 10, 3, 9], [13, 4, 14, 5], [21, 7, 22, 6]]"
12n_0430_147,"[[21, 7, 22, 6], [19, 8, 20, 9], [10, 2, 11, 1], [7, 12, 8, 13], [14, 18, 15, 17], [16, 23, 17, 24], [3, 18, 4, 19], [11, 20, 12, 21], [5, 23, 6, 22], [24, 15, 1, 16], [2, 10, 3, 9], [13, 4, 14, 5]]"
12n_0430_148,"[[13, 4, 14, 5], [21, 7, 22, 6], [19, 8, 20, 9], [10, 2, 11, 1], [7, 12, 8, 13], [14, 18, 15, 17], [16, 23, 17, 24], [3, 18, 4, 19], [11, 20, 12, 21], [5, 23, 6, 22], [24, 15, 1, 16], [2, 10, 3, 9]]"
12n_0430_149,"[[2, 10, 3, 9], [13, 4, 14, 5], [21, 7, 22, 6], [19, 8, 20, 9], [10, 2, 11, 1], [7, 12, 8, 13], [14, 18, 15, 17], [16, 23, 17, 24], [3, 18, 4, 19], [11, 20, 12, 21], [5, 23, 6, 22], [24, 15, 1, 16]]"
12n_0430_150,"[[24, 15, 1, 16], [2, 10, 3, 9], [13, 4, 14, 5], [21, 7, 22, 6], [19, 8, 20, 9], [10, 2, 11, 1], [7, 12, 8, 13], [14, 18, 15, 17], [16, 23, 17, 24], [3, 18, 4, 19], [11, 20, 12, 21], [5, 23, 6, 22]]"
12n_0430_151,"[[5, 23, 6, 22], [24, 15, 1, 16], [2, 10, 3, 9], [13, 4, 14, 5], [21, 7, 22, 6], [19, 8, 20, 9], [10, 2, 11, 1], [7, 12, 8, 13], [14, 18, 15, 17], [16, 23, 17, 24], [3, 18, 4, 19], [11, 20, 12, 21]]"
12n_0430_152,"[[11, 20, 12, 21], [5, 23, 6, 22], [24, 15, 1, 16], [2, 10, 3, 9], [13, 4, 14, 5], [21, 7, 22, 6], [19, 8, 20, 9], [10, 2, 11, 1], [7, 12, 8, 13], [14, 18, 15, 17], [16, 23, 17, 24], [3, 18, 4, 19]]"
12n_0430_153,"[[3, 18, 4, 19], [11, 20, 12, 21], [5, 23, 6, 22], [24, 15, 1, 16], [2, 10, 3, 9], [13, 4, 14, 5], [21, 7, 22, 6], [19, 8, 20, 9], [10, 2, 11, 1], [7, 12, 8, 13], [14, 18, 15, 17], [16, 23, 17, 24]]"
12n_0430_154,"[[16, 23, 17, 24], [3, 18, 4, 19], [11, 20, 12, 21], [5, 23, 6, 22], [24, 15, 1, 16], [2, 10, 3, 9], [13, 4, 14, 5], [21, 7, 22, 6], [19, 8, 20, 9], [10, 2, 11, 1], [7, 12, 8, 13], [14, 18, 15, 17]]"
12n_0430_155,"[[14, 18, 15, 17], [16, 23, 17, 24], [3, 18, 4, 19], [11, 20, 12, 21], [5, 23, 6, 22], [24, 15, 1, 16], [2, 10, 3, 9], [13, 4, 14, 5], [21, 7, 22, 6], [19, 8, 20, 9], [10, 2, 11, 1], [7, 12, 8, 13]]"
12n_0430_156,"[[8, 13, 9, 14], [15, 19, 16, 18], [17, 24, 18, 1], [4, 19, 5, 20], [12, 21, 13, 22], [6, 24, 7, 23], [1, 16, 2, 17], [3, 11, 4, 10], [14, 5, 15, 6], [22, 8, 23, 7], [20, 9, 21, 10], [11, 3, 12, 2]]"
12n_0430_157,"[[11, 3, 12, 2], [8, 13, 9, 14], [15, 19, 16, 18], [17, 24, 18, 1], [4, 19, 5, 20], [12, 21, 13, 22], [6, 24, 7, 23], [1, 16, 2, 17], [3, 11, 4, 10], [14, 5, 15, 6], [22, 8, 23, 7], [20, 9, 21, 10]]"
12n_0430_158,"[[20, 9, 21, 10], [11, 3, 12, 2], [8, 13, 9, 14], [15, 19, 16, 18], [17, 24, 18, 1], [4, 19, 5, 20], [12, 21, 13, 22], [6, 24, 7, 23], [1, 16, 2, 17], [3, 11, 4, 10], [14, 5, 15, 6], [22, 8, 23, 7]]"
12n_0430_159,"[[22, 8, 23, 7], [20, 9, 21, 10], [11, 3, 12, 2], [8, 13, 9, 14], [15, 19, 16, 18], [17, 24, 18, 1], [4, 19, 5, 20], [12, 21, 13, 22], [6, 24, 7, 23], [1, 16, 2, 17], [3, 11, 4, 10], [14, 5, 15, 6]]"
12n_0430_160,"[[14, 5, 15, 6], [22, 8, 23, 7], [20, 9, 21, 10], [11, 3, 12, 2], [8, 13, 9, 14], [15, 19, 16, 18], [17, 24, 18, 1], [4, 19, 5, 20], [12, 21, 13, 22], [6, 24, 7, 23], [1, 16, 2, 17], [3, 11, 4, 10]]"
12n_0430_161,"[[3, 11, 4, 10], [14, 5, 15, 6], [22, 8, 23, 7], [20, 9, 21, 10], [11, 3, 12, 2], [8, 13, 9, 14], [15, 19, 16, 18], [17, 24, 18, 1], [4, 19, 5, 20], [12, 21, 13, 22], [6, 24, 7, 23], [1, 16, 2, 17]]"
12n_0430_162,"[[1, 16, 2, 17], [3, 11, 4, 10], [14, 5, 15, 6], [22, 8, 23, 7], [20, 9, 21, 10], [11, 3, 12, 2], [8, 13, 9, 14], [15, 19, 16, 18], [17, 24, 18, 1], [4, 19, 5, 20], [12, 21, 13, 22], [6, 24, 7, 23]]"
12n_0430_163,"[[6, 24, 7, 23], [1, 16, 2, 17], [3, 11, 4, 10], [14, 5, 15, 6], [22, 8, 23, 7], [20, 9, 21, 10], [11, 3, 12, 2], [8, 13, 9, 14], [15, 19, 16, 18], [17, 24, 18, 1], [4, 19, 5, 20], [12, 21, 13, 22]]"
12n_0430_164,"[[12, 21, 13, 22], [6, 24, 7, 23], [1, 16, 2, 17], [3, 11, 4, 10], [14, 5, 15, 6], [22, 8, 23, 7], [20, 9, 21, 10], [11, 3, 12, 2], [8, 13, 9, 14], [15, 19, 16, 18], [17, 24, 18, 1], [4, 19, 5, 20]]"
12n_0430_165,"[[4, 19, 5, 20], [12, 21, 13, 22], [6, 24, 7, 23], [1, 16, 2, 17], [3, 11, 4, 10], [14, 5, 15, 6], [22, 8, 23, 7], [20, 9, 21, 10], [11, 3, 12, 2], [8, 13, 9, 14], [15, 19, 16, 18], [17, 24, 18, 1]]"
12n_0430_166,"[[17, 24, 18, 1], [4, 19, 5, 20], [12, 21, 13, 22], [6, 24, 7, 23], [1, 16, 2, 17], [3, 11, 4, 10], [14, 5, 15, 6], [22, 8, 23, 7], [20, 9, 21, 10], [11, 3, 12, 2], [8, 13, 9, 14], [15, 19, 16, 18]]"
12n_0430_167,"[[15, 19, 16, 18], [17, 24, 18, 1], [4, 19, 5, 20], [12, 21, 13, 22], [6, 24, 7, 23], [1, 16, 2, 17], [3, 11, 4, 10], [14, 5, 15, 6], [22, 8, 23, 7], [20, 9, 21, 10], [11, 3, 12, 2], [8, 13, 9, 14]]"
12n_0430_168,"[[9, 14, 10, 15], [16, 20, 17, 19], [18, 1, 19, 2], [5, 20, 6, 21], [13, 22, 14, 23], [7, 1, 8, 24], [2, 17, 3, 18], [4, 12, 5, 11], [15, 6, 16, 7], [23, 9, 24, 8], [21, 10, 22, 11], [12, 4, 13, 3]]"
12n_0430_169,"[[12, 4, 13, 3], [9, 14, 10, 15], [16, 20, 17, 19], [18, 1, 19, 2], [5, 20, 6, 21], [13, 22, 14, 23], [7, 1, 8, 24], [2, 17, 3, 18], [4, 12, 5, 11], [15, 6, 16, 7], [23, 9, 24, 8], [21, 10, 22, 11]]"
12n_0430_170,"[[21, 10, 22, 11], [12, 4, 13, 3], [9, 14, 10, 15], [16, 20, 17, 19], [18, 1, 19, 2], [5, 20, 6, 21], [13, 22, 14, 23], [7, 1, 8, 24], [2, 17, 3, 18], [4, 12, 5, 11], [15, 6, 16, 7], [23, 9, 24, 8]]"
12n_0430_171,"[[23, 9, 24, 8], [21, 10, 22, 11], [12, 4, 13, 3], [9, 14, 10, 15], [16, 20, 17, 19], [18, 1, 19, 2], [5, 20, 6, 21], [13, 22, 14, 23], [7, 1, 8, 24], [2, 17, 3, 18], [4, 12, 5, 11], [15, 6, 16, 7]]"
12n_0430_172,"[[15, 6, 16, 7], [23, 9, 24, 8], [21, 10, 22, 11], [12, 4, 13, 3], [9, 14, 10, 15], [16, 20, 17, 19], [18, 1, 19, 2], [5, 20, 6, 21], [13, 22, 14, 23], [7, 1, 8, 24], [2, 17, 3, 18], [4, 12, 5, 11]]"
12n_0430_173,"[[4, 12, 5, 11], [15, 6, 16, 7], [23, 9, 24, 8], [21, 10, 22, 11], [12, 4, 13, 3], [9, 14, 10, 15], [16, 20, 17, 19], [18, 1, 19, 2], [5, 20, 6, 21], [13, 22, 14, 23], [7, 1, 8, 24], [2, 17, 3, 18]]"
12n_0430_174,"[[2, 17, 3, 18], [4, 12, 5, 11], [15, 6, 16, 7], [23, 9, 24, 8], [21, 10, 22, 11], [12, 4, 13, 3], [9, 14, 10, 15], [16, 20, 17, 19], [18, 1, 19, 2], [5, 20, 6, 21], [13, 22, 14, 23], [7, 1, 8, 24]]"
12n_0430_175,"[[7, 1, 8, 24], [2, 17, 3, 18], [4, 12, 5, 11], [15, 6, 16, 7], [23, 9, 24, 8], [21, 10, 22, 11], [12, 4, 13, 3], [9, 14, 10, 15], [16, 20, 17, 19], [18, 1, 19, 2], [5, 20, 6, 21], [13, 22, 14, 23]]"
12n_0430_176,"[[13, 22, 14, 23], [7, 1, 8, 24], [2, 17, 3, 18], [4, 12, 5, 11], [15, 6, 16, 7], [23, 9, 24, 8], [21, 10, 22, 11], [12, 4, 13, 3], [9, 14, 10, 15], [16, 20, 17, 19], [18, 1, 19, 2], [5, 20, 6, 21]]"
12n_0430_177,"[[5, 20, 6, 21], [13, 22, 14, 23], [7, 1, 8, 24], [2, 17, 3, 18], [4, 12, 5, 11], [15, 6, 16, 7], [23, 9, 24, 8], [21, 10, 22, 11], [12, 4, 13, 3], [9, 14, 10, 15], [16, 20, 17, 19], [18, 1, 19, 2]]"
12n_0430_178,"[[18, 1, 19, 2], [5, 20, 6, 21], [13, 22, 14, 23], [7, 1, 8, 24], [2, 17, 3, 18], [4, 12, 5, 11], [15, 6, 16, 7], [23, 9, 24, 8], [21, 10, 22, 11], [12, 4, 13, 3], [9, 14, 10, 15], [16, 20, 17, 19]]"
12n_0430_179,"[[16, 20, 17, 19], [18, 1, 19, 2], [5, 20, 6, 21], [13, 22, 14, 23], [7, 1, 8, 24], [2, 17, 3, 18], [4, 12, 5, 11], [15, 6, 16, 7], [23, 9, 24, 8], [21, 10, 22, 11], [12, 4, 13, 3], [9, 14, 10, 15]]"
12n_0430_180,"[[10, 15, 11, 16], [17, 21, 18, 20], [19, 2, 20, 3], [6, 21, 7, 22], [14, 23, 15, 24], [8, 2, 9, 1], [3, 18, 4, 19], [5, 13, 6, 12], [16, 7, 17, 8], [24, 10, 1, 9], [22, 11, 23, 12], [13, 5, 14, 4]]"
12n_0430_181,"[[13, 5, 14, 4], [10, 15, 11, 16], [17, 21, 18, 20], [19, 2, 20, 3], [6, 21, 7, 22], [14, 23, 15, 24], [8, 2, 9, 1], [3, 18, 4, 19], [5, 13, 6, 12], [16, 7, 17, 8], [24, 10, 1, 9], [22, 11, 23, 12]]"
12n_0430_182,"[[22, 11, 23, 12], [13, 5, 14, 4], [10, 15, 11, 16], [17, 21, 18, 20], [19, 2, 20, 3], [6, 21, 7, 22], [14, 23, 15, 24], [8, 2, 9, 1], [3, 18, 4, 19], [5, 13, 6, 12], [16, 7, 17, 8], [24, 10, 1, 9]]"
12n_0430_183,"[[24, 10, 1, 9], [22, 11, 23, 12], [13, 5, 14, 4], [10, 15, 11, 16], [17, 21, 18, 20], [19, 2, 20, 3], [6, 21, 7, 22], [14, 23, 15, 24], [8, 2, 9, 1], [3, 18, 4, 19], [5, 13, 6, 12], [16, 7, 17, 8]]"
12n_0430_184,"[[16, 7, 17, 8], [24, 10, 1, 9], [22, 11, 23, 12], [13, 5, 14, 4], [10, 15, 11, 16], [17, 21, 18, 20], [19, 2, 20, 3], [6, 21, 7, 22], [14, 23, 15, 24], [8, 2, 9, 1], [3, 18, 4, 19], [5, 13, 6, 12]]"
12n_0430_185,"[[5, 13, 6, 12], [16, 7, 17, 8], [24, 10, 1, 9], [22, 11, 23, 12], [13, 5, 14, 4], [10, 15, 11, 16], [17, 21, 18, 20], [19, 2, 20, 3], [6, 21, 7, 22], [14, 23, 15, 24], [8, 2, 9, 1], [3, 18, 4, 19]]"
