name,pd_notation
12n_0382_0,"[[17, 24, 18, 1], [2, 6, 3, 5], [4, 12, 5, 11], [6, 16, 7, 15], [19, 9, 20, 8], [10, 4, 11, 3], [12, 23, 13, 24], [14, 10, 15, 9], [1, 16, 2, 17], [21, 18, 22, 19], [7, 21, 8, 20], [22, 13, 23, 14]]"
12n_0382_1,"[[22, 13, 23, 14], [17, 24, 18, 1], [2, 6, 3, 5], [4, 12, 5, 11], [6, 16, 7, 15], [19, 9, 20, 8], [10, 4, 11, 3], [12, 23, 13, 24], [14, 10, 15, 9], [1, 16, 2, 17], [21, 18, 22, 19], [7, 21, 8, 20]]"
12n_0382_2,"[[7, 21, 8, 20], [22, 13, 23, 14], [17, 24, 18, 1], [2, 6, 3, 5], [4, 12, 5, 11], [6, 16, 7, 15], [19, 9, 20, 8], [10, 4, 11, 3], [12, 23, 13, 24], [14, 10, 15, 9], [1, 16, 2, 17], [21, 18, 22, 19]]"
12n_0382_3,"[[21, 18, 22, 19], [7, 21, 8, 20], [22, 13, 23, 14], [17, 24, 18, 1], [2, 6, 3, 5], [4, 12, 5, 11], [6, 16, 7, 15], [19, 9, 20, 8], [10, 4, 11, 3], [12, 23, 13, 24], [14, 10, 15, 9], [1, 16, 2, 17]]"
12n_0382_4,"[[1, 16, 2, 17], [21, 18, 22, 19], [7, 21, 8, 20], [22, 13, 23, 14], [17, 24, 18, 1], [2, 6, 3, 5], [4, 12, 5, 11], [6, 16, 7, 15], [19, 9, 20, 8], [10, 4, 11, 3], [12, 23, 13, 24], [14, 10, 15, 9]]"
12n_0382_5,"[[14, 10, 15, 9], [1, 16, 2, 17], [21, 18, 22, 19], [7, 21, 8, 20], [22, 13, 23, 14], [17, 24, 18, 1], [2, 6, 3, 5], [4, 12, 5, 11], [6, 16, 7, 15], [19, 9, 20, 8], [10, 4, 11, 3], [12, 23, 13, 24]]"
12n_0382_6,"[[12, 23, 13, 24], [14, 10, 15, 9], [1, 16, 2, 17], [21, 18, 22, 19], [7, 21, 8, 20], [22, 13, 23, 14], [17, 24, 18, 1], [2, 6, 3, 5], [4, 12, 5, 11], [6, 16, 7, 15], [19, 9, 20, 8], [10, 4, 11, 3]]"
12n_0382_7,"[[10, 4, 11, 3], [12, 23, 13, 24], [14, 10, 15, 9], [1, 16, 2, 17], [21, 18, 22, 19], [7, 21, 8, 20], [22, 13, 23, 14], [17, 24, 18, 1], [2, 6, 3, 5], [4, 12, 5, 11], [6, 16, 7, 15], [19, 9, 20, 8]]"
12n_0382_8,"[[19, 9, 20, 8], [10, 4, 11, 3], [12, 23, 13, 24], [14, 10, 15, 9], [1, 16, 2, 17], [21, 18, 22, 19], [7, 21, 8, 20], [22, 13, 23, 14], [17, 24, 18, 1], [2, 6, 3, 5], [4, 12, 5, 11], [6, 16, 7, 15]]"
12n_0382_9,"[[6, 16, 7, 15], [19, 9, 20, 8], [10, 4, 11, 3], [12, 23, 13, 24], [14, 10, 15, 9], [1, 16, 2, 17], [21, 18, 22, 19], [7, 21, 8, 20], [22, 13, 23, 14], [17, 24, 18, 1], [2, 6, 3, 5], [4, 12, 5, 11]]"
12n_0382_10,"[[4, 12, 5, 11], [6, 16, 7, 15], [19, 9, 20, 8], [10, 4, 11, 3], [12, 23, 13, 24], [14, 10, 15, 9], [1, 16, 2, 17], [21, 18, 22, 19], [7, 21, 8, 20], [22, 13, 23, 14], [17, 24, 18, 1], [2, 6, 3, 5]]"
12n_0382_11,"[[2, 6, 3, 5], [4, 12, 5, 11], [6, 16, 7, 15], [19, 9, 20, 8], [10, 4, 11, 3], [12, 23, 13, 24], [14, 10, 15, 9], [1, 16, 2, 17], [21, 18, 22, 19], [7, 21, 8, 20], [22, 13, 23, 14], [17, 24, 18, 1]]"
12n_0382_12,"[[18, 1, 19, 2], [3, 7, 4, 6], [5, 13, 6, 12], [7, 17, 8, 16], [20, 10, 21, 9], [11, 5, 12, 4], [13, 24, 14, 1], [15, 11, 16, 10], [2, 17, 3, 18], [22, 19, 23, 20], [8, 22, 9, 21], [23, 14, 24, 15]]"
12n_0382_13,"[[23, 14, 24, 15], [18, 1, 19, 2], [3, 7, 4, 6], [5, 13, 6, 12], [7, 17, 8, 16], [20, 10, 21, 9], [11, 5, 12, 4], [13, 24, 14, 1], [15, 11, 16, 10], [2, 17, 3, 18], [22, 19, 23, 20], [8, 22, 9, 21]]"
12n_0382_14,"[[8, 22, 9, 21], [23, 14, 24, 15], [18, 1, 19, 2], [3, 7, 4, 6], [5, 13, 6, 12], [7, 17, 8, 16], [20, 10, 21, 9], [11, 5, 12, 4], [13, 24, 14, 1], [15, 11, 16, 10], [2, 17, 3, 18], [22, 19, 23, 20]]"
12n_0382_15,"[[22, 19, 23, 20], [8, 22, 9, 21], [23, 14, 24, 15], [18, 1, 19, 2], [3, 7, 4, 6], [5, 13, 6, 12], [7, 17, 8, 16], [20, 10, 21, 9], [11, 5, 12, 4], [13, 24, 14, 1], [15, 11, 16, 10], [2, 17, 3, 18]]"
12n_0382_16,"[[2, 17, 3, 18], [22, 19, 23, 20], [8, 22, 9, 21], [23, 14, 24, 15], [18, 1, 19, 2], [3, 7, 4, 6], [5, 13, 6, 12], [7, 17, 8, 16], [20, 10, 21, 9], [11, 5, 12, 4], [13, 24, 14, 1], [15, 11, 16, 10]]"
12n_0382_17,"[[15, 11, 16, 10], [2, 17, 3, 18], [22, 19, 23, 20], [8, 22, 9, 21], [23, 14, 24, 15], [18, 1, 19, 2], [3, 7, 4, 6], [5, 13, 6, 12], [7, 17, 8, 16], [20, 10, 21, 9], [11, 5, 12, 4], [13, 24, 14, 1]]"
12n_0382_18,"[[13, 24, 14, 1], [15, 11, 16, 10], [2, 17, 3, 18], [22, 19, 23, 20], [8, 22, 9, 21], [23, 14, 24, 15], [18, 1, 19, 2], [3, 7, 4, 6], [5, 13, 6, 12], [7, 17, 8, 16], [20, 10, 21, 9], [11, 5, 12, 4]]"
12n_0382_19,"[[11, 5, 12, 4], [13, 24, 14, 1], [15, 11, 16, 10], [2, 17, 3, 18], [22, 19, 23, 20], [8, 22, 9, 21], [23, 14, 24, 15], [18, 1, 19, 2], [3, 7, 4, 6], [5, 13, 6, 12], [7, 17, 8, 16], [20, 10, 21, 9]]"
12n_0382_20,"[[20, 10, 21, 9], [11, 5, 12, 4], [13, 24, 14, 1], [15, 11, 16, 10], [2, 17, 3, 18], [22, 19, 23, 20], [8, 22, 9, 21], [23, 14, 24, 15], [18, 1, 19, 2], [3, 7, 4, 6], [5, 13, 6, 12], [7, 17, 8, 16]]"
12n_0382_21,"[[7, 17, 8, 16], [20, 10, 21, 9], [11, 5, 12, 4], [13, 24, 14, 1], [15, 11, 16, 10], [2, 17, 3, 18], [22, 19, 23, 20], [8, 22, 9, 21], [23, 14, 24, 15], [18, 1, 19, 2], [3, 7, 4, 6], [5, 13, 6, 12]]"
12n_0382_22,"[[5, 13, 6, 12], [7, 17, 8, 16], [20, 10, 21, 9], [11, 5, 12, 4], [13, 24, 14, 1], [15, 11, 16, 10], [2, 17, 3, 18], [22, 19, 23, 20], [8, 22, 9, 21], [23, 14, 24, 15], [18, 1, 19, 2], [3, 7, 4, 6]]"
12n_0382_23,"[[3, 7, 4, 6], [5, 13, 6, 12], [7, 17, 8, 16], [20, 10, 21, 9], [11, 5, 12, 4], [13, 24, 14, 1], [15, 11, 16, 10], [2, 17, 3, 18], [22, 19, 23, 20], [8, 22, 9, 21], [23, 14, 24, 15], [18, 1, 19, 2]]"
12n_0382_24,"[[19, 2, 20, 3], [4, 8, 5, 7], [6, 14, 7, 13], [8, 18, 9, 17], [21, 11, 22, 10], [12, 6, 13, 5], [14, 1, 15, 2], [16, 12, 17, 11], [3, 18, 4, 19], [23, 20, 24, 21], [9, 23, 10, 22], [24, 15, 1, 16]]"
12n_0382_25,"[[24, 15, 1, 16], [19, 2, 20, 3], [4, 8, 5, 7], [6, 14, 7, 13], [8, 18, 9, 17], [21, 11, 22, 10], [12, 6, 13, 5], [14, 1, 15, 2], [16, 12, 17, 11], [3, 18, 4, 19], [23, 20, 24, 21], [9, 23, 10, 22]]"
12n_0382_26,"[[9, 23, 10, 22], [24, 15, 1, 16], [19, 2, 20, 3], [4, 8, 5, 7], [6, 14, 7, 13], [8, 18, 9, 17], [21, 11, 22, 10], [12, 6, 13, 5], [14, 1, 15, 2], [16, 12, 17, 11], [3, 18, 4, 19], [23, 20, 24, 21]]"
12n_0382_27,"[[23, 20, 24, 21], [9, 23, 10, 22], [24, 15, 1, 16], [19, 2, 20, 3], [4, 8, 5, 7], [6, 14, 7, 13], [8, 18, 9, 17], [21, 11, 22, 10], [12, 6, 13, 5], [14, 1, 15, 2], [16, 12, 17, 11], [3, 18, 4, 19]]"
12n_0382_28,"[[3, 18, 4, 19], [23, 20, 24, 21], [9, 23, 10, 22], [24, 15, 1, 16], [19, 2, 20, 3], [4, 8, 5, 7], [6, 14, 7, 13], [8, 18, 9, 17], [21, 11, 22, 10], [12, 6, 13, 5], [14, 1, 15, 2], [16, 12, 17, 11]]"
12n_0382_29,"[[16, 12, 17, 11], [3, 18, 4, 19], [23, 20, 24, 21], [9, 23, 10, 22], [24, 15, 1, 16], [19, 2, 20, 3], [4, 8, 5, 7], [6, 14, 7, 13], [8, 18, 9, 17], [21, 11, 22, 10], [12, 6, 13, 5], [14, 1, 15, 2]]"
12n_0382_30,"[[14, 1, 15, 2], [16, 12, 17, 11], [3, 18, 4, 19], [23, 20, 24, 21], [9, 23, 10, 22], [24, 15, 1, 16], [19, 2, 20, 3], [4, 8, 5, 7], [6, 14, 7, 13], [8, 18, 9, 17], [21, 11, 22, 10], [12, 6, 13, 5]]"
12n_0382_31,"[[12, 6, 13, 5], [14, 1, 15, 2], [16, 12, 17, 11], [3, 18, 4, 19], [23, 20, 24, 21], [9, 23, 10, 22], [24, 15, 1, 16], [19, 2, 20, 3], [4, 8, 5, 7], [6, 14, 7, 13], [8, 18, 9, 17], [21, 11, 22, 10]]"
12n_0382_32,"[[21, 11, 22, 10], [12, 6, 13, 5], [14, 1, 15, 2], [16, 12, 17, 11], [3, 18, 4, 19], [23, 20, 24, 21], [9, 23, 10, 22], [24, 15, 1, 16], [19, 2, 20, 3], [4, 8, 5, 7], [6, 14, 7, 13], [8, 18, 9, 17]]"
12n_0382_33,"[[8, 18, 9, 17], [21, 11, 22, 10], [12, 6, 13, 5], [14, 1, 15, 2], [16, 12, 17, 11], [3, 18, 4, 19], [23, 20, 24, 21], [9, 23, 10, 22], [24, 15, 1, 16], [19, 2, 20, 3], [4, 8, 5, 7], [6, 14, 7, 13]]"
12n_0382_34,"[[6, 14, 7, 13], [8, 18, 9, 17], [21, 11, 22, 10], [12, 6, 13, 5], [14, 1, 15, 2], [16, 12, 17, 11], [3, 18, 4, 19], [23, 20, 24, 21], [9, 23, 10, 22], [24, 15, 1, 16], [19, 2, 20, 3], [4, 8, 5, 7]]"
12n_0382_35,"[[4, 8, 5, 7], [6, 14, 7, 13], [8, 18, 9, 17], [21, 11, 22, 10], [12, 6, 13, 5], [14, 1, 15, 2], [16, 12, 17, 11], [3, 18, 4, 19], [23, 20, 24, 21], [9, 23, 10, 22], [24, 15, 1, 16], [19, 2, 20, 3]]"
12n_0382_36,"[[20, 3, 21, 4], [5, 9, 6, 8], [7, 15, 8, 14], [9, 19, 10, 18], [22, 12, 23, 11], [13, 7, 14, 6], [15, 2, 16, 3], [17, 13, 18, 12], [4, 19, 5, 20], [24, 21, 1, 22], [10, 24, 11, 23], [1, 16, 2, 17]]"
12n_0382_37,"[[1, 16, 2, 17], [20, 3, 21, 4], [5, 9, 6, 8], [7, 15, 8, 14], [9, 19, 10, 18], [22, 12, 23, 11], [13, 7, 14, 6], [15, 2, 16, 3], [17, 13, 18, 12], [4, 19, 5, 20], [24, 21, 1, 22], [10, 24, 11, 23]]"
12n_0382_38,"[[10, 24, 11, 23], [1, 16, 2, 17], [20, 3, 21, 4], [5, 9, 6, 8], [7, 15, 8, 14], [9, 19, 10, 18], [22, 12, 23, 11], [13, 7, 14, 6], [15, 2, 16, 3], [17, 13, 18, 12], [4, 19, 5, 20], [24, 21, 1, 22]]"
12n_0382_39,"[[24, 21, 1, 22], [10, 24, 11, 23], [1, 16, 2, 17], [20, 3, 21, 4], [5, 9, 6, 8], [7, 15, 8, 14], [9, 19, 10, 18], [22, 12, 23, 11], [13, 7, 14, 6], [15, 2, 16, 3], [17, 13, 18, 12], [4, 19, 5, 20]]"
12n_0382_40,"[[4, 19, 5, 20], [24, 21, 1, 22], [10, 24, 11, 23], [1, 16, 2, 17], [20, 3, 21, 4], [5, 9, 6, 8], [7, 15, 8, 14], [9, 19, 10, 18], [22, 12, 23, 11], [13, 7, 14, 6], [15, 2, 16, 3], [17, 13, 18, 12]]"
12n_0382_41,"[[17, 13, 18, 12], [4, 19, 5, 20], [24, 21, 1, 22], [10, 24, 11, 23], [1, 16, 2, 17], [20, 3, 21, 4], [5, 9, 6, 8], [7, 15, 8, 14], [9, 19, 10, 18], [22, 12, 23, 11], [13, 7, 14, 6], [15, 2, 16, 3]]"
12n_0382_42,"[[15, 2, 16, 3], [17, 13, 18, 12], [4, 19, 5, 20], [24, 21, 1, 22], [10, 24, 11, 23], [1, 16, 2, 17], [20, 3, 21, 4], [5, 9, 6, 8], [7, 15, 8, 14], [9, 19, 10, 18], [22, 12, 23, 11], [13, 7, 14, 6]]"
12n_0382_43,"[[13, 7, 14, 6], [15, 2, 16, 3], [17, 13, 18, 12], [4, 19, 5, 20], [24, 21, 1, 22], [10, 24, 11, 23], [1, 16, 2, 17], [20, 3, 21, 4], [5, 9, 6, 8], [7, 15, 8, 14], [9, 19, 10, 18], [22, 12, 23, 11]]"
12n_0382_44,"[[22, 12, 23, 11], [13, 7, 14, 6], [15, 2, 16, 3], [17, 13, 18, 12], [4, 19, 5, 20], [24, 21, 1, 22], [10, 24, 11, 23], [1, 16, 2, 17], [20, 3, 21, 4], [5, 9, 6, 8], [7, 15, 8, 14], [9, 19, 10, 18]]"
12n_0382_45,"[[9, 19, 10, 18], [22, 12, 23, 11], [13, 7, 14, 6], [15, 2, 16, 3], [17, 13, 18, 12], [4, 19, 5, 20], [24, 21, 1, 22], [10, 24, 11, 23], [1, 16, 2, 17], [20, 3, 21, 4], [5, 9, 6, 8], [7, 15, 8, 14]]"
12n_0382_46,"[[7, 15, 8, 14], [9, 19, 10, 18], [22, 12, 23, 11], [13, 7, 14, 6], [15, 2, 16, 3], [17, 13, 18, 12], [4, 19, 5, 20], [24, 21, 1, 22], [10, 24, 11, 23], [1, 16, 2, 17], [20, 3, 21, 4], [5, 9, 6, 8]]"
12n_0382_47,"[[5, 9, 6, 8], [7, 15, 8, 14], [9, 19, 10, 18], [22, 12, 23, 11], [13, 7, 14, 6], [15, 2, 16, 3], [17, 13, 18, 12], [4, 19, 5, 20], [24, 21, 1, 22], [10, 24, 11, 23], [1, 16, 2, 17], [20, 3, 21, 4]]"
12n_0382_48,"[[21, 4, 22, 5], [6, 10, 7, 9], [8, 16, 9, 15], [10, 20, 11, 19], [23, 13, 24, 12], [14, 8, 15, 7], [16, 3, 17, 4], [18, 14, 19, 13], [5, 20, 6, 21], [1, 22, 2, 23], [11, 1, 12, 24], [2, 17, 3, 18]]"
12n_0382_49,"[[2, 17, 3, 18], [21, 4, 22, 5], [6, 10, 7, 9], [8, 16, 9, 15], [10, 20, 11, 19], [23, 13, 24, 12], [14, 8, 15, 7], [16, 3, 17, 4], [18, 14, 19, 13], [5, 20, 6, 21], [1, 22, 2, 23], [11, 1, 12, 24]]"
12n_0382_50,"[[11, 1, 12, 24], [2, 17, 3, 18], [21, 4, 22, 5], [6, 10, 7, 9], [8, 16, 9, 15], [10, 20, 11, 19], [23, 13, 24, 12], [14, 8, 15, 7], [16, 3, 17, 4], [18, 14, 19, 13], [5, 20, 6, 21], [1, 22, 2, 23]]"
12n_0382_51,"[[1, 22, 2, 23], [11, 1, 12, 24], [2, 17, 3, 18], [21, 4, 22, 5], [6, 10, 7, 9], [8, 16, 9, 15], [10, 20, 11, 19], [23, 13, 24, 12], [14, 8, 15, 7], [16, 3, 17, 4], [18, 14, 19, 13], [5, 20, 6, 21]]"
12n_0382_52,"[[5, 20, 6, 21], [1, 22, 2, 23], [11, 1, 12, 24], [2, 17, 3, 18], [21, 4, 22, 5], [6, 10, 7, 9], [8, 16, 9, 15], [10, 20, 11, 19], [23, 13, 24, 12], [14, 8, 15, 7], [16, 3, 17, 4], [18, 14, 19, 13]]"
12n_0382_53,"[[18, 14, 19, 13], [5, 20, 6, 21], [1, 22, 2, 23], [11, 1, 12, 24], [2, 17, 3, 18], [21, 4, 22, 5], [6, 10, 7, 9], [8, 16, 9, 15], [10, 20, 11, 19], [23, 13, 24, 12], [14, 8, 15, 7], [16, 3, 17, 4]]"
12n_0382_54,"[[16, 3, 17, 4], [18, 14, 19, 13], [5, 20, 6, 21], [1, 22, 2, 23], [11, 1, 12, 24], [2, 17, 3, 18], [21, 4, 22, 5], [6, 10, 7, 9], [8, 16, 9, 15], [10, 20, 11, 19], [23, 13, 24, 12], [14, 8, 15, 7]]"
12n_0382_55,"[[14, 8, 15, 7], [16, 3, 17, 4], [18, 14, 19, 13], [5, 20, 6, 21], [1, 22, 2, 23], [11, 1, 12, 24], [2, 17, 3, 18], [21, 4, 22, 5], [6, 10, 7, 9], [8, 16, 9, 15], [10, 20, 11, 19], [23, 13, 24, 12]]"
12n_0382_56,"[[23, 13, 24, 12], [14, 8, 15, 7], [16, 3, 17, 4], [18, 14, 19, 13], [5, 20, 6, 21], [1, 22, 2, 23], [11, 1, 12, 24], [2, 17, 3, 18], [21, 4, 22, 5], [6, 10, 7, 9], [8, 16, 9, 15], [10, 20, 11, 19]]"
12n_0382_57,"[[10, 20, 11, 19], [23, 13, 24, 12], [14, 8, 15, 7], [16, 3, 17, 4], [18, 14, 19, 13], [5, 20, 6, 21], [1, 22, 2, 23], [11, 1, 12, 24], [2, 17, 3, 18], [21, 4, 22, 5], [6, 10, 7, 9], [8, 16, 9, 15]]"
12n_0382_58,"[[8, 16, 9, 15], [10, 20, 11, 19], [23, 13, 24, 12], [14, 8, 15, 7], [16, 3, 17, 4], [18, 14, 19, 13], [5, 20, 6, 21], [1, 22, 2, 23], [11, 1, 12, 24], [2, 17, 3, 18], [21, 4, 22, 5], [6, 10, 7, 9]]"
12n_0382_59,"[[6, 10, 7, 9], [8, 16, 9, 15], [10, 20, 11, 19], [23, 13, 24, 12], [14, 8, 15, 7], [16, 3, 17, 4], [18, 14, 19, 13], [5, 20, 6, 21], [1, 22, 2, 23], [11, 1, 12, 24], [2, 17, 3, 18], [21, 4, 22, 5]]"
12n_0382_60,"[[22, 5, 23, 6], [7, 11, 8, 10], [9, 17, 10, 16], [11, 21, 12, 20], [24, 14, 1, 13], [15, 9, 16, 8], [17, 4, 18, 5], [19, 15, 20, 14], [6, 21, 7, 22], [2, 23, 3, 24], [12, 2, 13, 1], [3, 18, 4, 19]]"
12n_0382_61,"[[3, 18, 4, 19], [22, 5, 23, 6], [7, 11, 8, 10], [9, 17, 10, 16], [11, 21, 12, 20], [24, 14, 1, 13], [15, 9, 16, 8], [17, 4, 18, 5], [19, 15, 20, 14], [6, 21, 7, 22], [2, 23, 3, 24], [12, 2, 13, 1]]"
12n_0382_62,"[[12, 2, 13, 1], [3, 18, 4, 19], [22, 5, 23, 6], [7, 11, 8, 10], [9, 17, 10, 16], [11, 21, 12, 20], [24, 14, 1, 13], [15, 9, 16, 8], [17, 4, 18, 5], [19, 15, 20, 14], [6, 21, 7, 22], [2, 23, 3, 24]]"
12n_0382_63,"[[2, 23, 3, 24], [12, 2, 13, 1], [3, 18, 4, 19], [22, 5, 23, 6], [7, 11, 8, 10], [9, 17, 10, 16], [11, 21, 12, 20], [24, 14, 1, 13], [15, 9, 16, 8], [17, 4, 18, 5], [19, 15, 20, 14], [6, 21, 7, 22]]"
12n_0382_64,"[[6, 21, 7, 22], [2, 23, 3, 24], [12, 2, 13, 1], [3, 18, 4, 19], [22, 5, 23, 6], [7, 11, 8, 10], [9, 17, 10, 16], [11, 21, 12, 20], [24, 14, 1, 13], [15, 9, 16, 8], [17, 4, 18, 5], [19, 15, 20, 14]]"
12n_0382_65,"[[19, 15, 20, 14], [6, 21, 7, 22], [2, 23, 3, 24], [12, 2, 13, 1], [3, 18, 4, 19], [22, 5, 23, 6], [7, 11, 8, 10], [9, 17, 10, 16], [11, 21, 12, 20], [24, 14, 1, 13], [15, 9, 16, 8], [17, 4, 18, 5]]"
12n_0382_66,"[[17, 4, 18, 5], [19, 15, 20, 14], [6, 21, 7, 22], [2, 23, 3, 24], [12, 2, 13, 1], [3, 18, 4, 19], [22, 5, 23, 6], [7, 11, 8, 10], [9, 17, 10, 16], [11, 21, 12, 20], [24, 14, 1, 13], [15, 9, 16, 8]]"
12n_0382_67,"[[15, 9, 16, 8], [17, 4, 18, 5], [19, 15, 20, 14], [6, 21, 7, 22], [2, 23, 3, 24], [12, 2, 13, 1], [3, 18, 4, 19], [22, 5, 23, 6], [7, 11, 8, 10], [9, 17, 10, 16], [11, 21, 12, 20], [24, 14, 1, 13]]"
12n_0382_68,"[[24, 14, 1, 13], [15, 9, 16, 8], [17, 4, 18, 5], [19, 15, 20, 14], [6, 21, 7, 22], [2, 23, 3, 24], [12, 2, 13, 1], [3, 18, 4, 19], [22, 5, 23, 6], [7, 11, 8, 10], [9, 17, 10, 16], [11, 21, 12, 20]]"
12n_0382_69,"[[11, 21, 12, 20], [24, 14, 1, 13], [15, 9, 16, 8], [17, 4, 18, 5], [19, 15, 20, 14], [6, 21, 7, 22], [2, 23, 3, 24], [12, 2, 13, 1], [3, 18, 4, 19], [22, 5, 23, 6], [7, 11, 8, 10], [9, 17, 10, 16]]"
12n_0382_70,"[[9, 17, 10, 16], [11, 21, 12, 20], [24, 14, 1, 13], [15, 9, 16, 8], [17, 4, 18, 5], [19, 15, 20, 14], [6, 21, 7, 22], [2, 23, 3, 24], [12, 2, 13, 1], [3, 18, 4, 19], [22, 5, 23, 6], [7, 11, 8, 10]]"
12n_0382_71,"[[7, 11, 8, 10], [9, 17, 10, 16], [11, 21, 12, 20], [24, 14, 1, 13], [15, 9, 16, 8], [17, 4, 18, 5], [19, 15, 20, 14], [6, 21, 7, 22], [2, 23, 3, 24], [12, 2, 13, 1], [3, 18, 4, 19], [22, 5, 23, 6]]"
12n_0382_72,"[[23, 6, 24, 7], [8, 12, 9, 11], [10, 18, 11, 17], [12, 22, 13, 21], [1, 15, 2, 14], [16, 10, 17, 9], [18, 5, 19, 6], [20, 16, 21, 15], [7, 22, 8, 23], [3, 24, 4, 1], [13, 3, 14, 2], [4, 19, 5, 20]]"
12n_0382_73,"[[4, 19, 5, 20], [23, 6, 24, 7], [8, 12, 9, 11], [10, 18, 11, 17], [12, 22, 13, 21], [1, 15, 2, 14], [16, 10, 17, 9], [18, 5, 19, 6], [20, 16, 21, 15], [7, 22, 8, 23], [3, 24, 4, 1], [13, 3, 14, 2]]"
12n_0382_74,"[[13, 3, 14, 2], [4, 19, 5, 20], [23, 6, 24, 7], [8, 12, 9, 11], [10, 18, 11, 17], [12, 22, 13, 21], [1, 15, 2, 14], [16, 10, 17, 9], [18, 5, 19, 6], [20, 16, 21, 15], [7, 22, 8, 23], [3, 24, 4, 1]]"
12n_0382_75,"[[3, 24, 4, 1], [13, 3, 14, 2], [4, 19, 5, 20], [23, 6, 24, 7], [8, 12, 9, 11], [10, 18, 11, 17], [12, 22, 13, 21], [1, 15, 2, 14], [16, 10, 17, 9], [18, 5, 19, 6], [20, 16, 21, 15], [7, 22, 8, 23]]"
12n_0382_76,"[[7, 22, 8, 23], [3, 24, 4, 1], [13, 3, 14, 2], [4, 19, 5, 20], [23, 6, 24, 7], [8, 12, 9, 11], [10, 18, 11, 17], [12, 22, 13, 21], [1, 15, 2, 14], [16, 10, 17, 9], [18, 5, 19, 6], [20, 16, 21, 15]]"
12n_0382_77,"[[20, 16, 21, 15], [7, 22, 8, 23], [3, 24, 4, 1], [13, 3, 14, 2], [4, 19, 5, 20], [23, 6, 24, 7], [8, 12, 9, 11], [10, 18, 11, 17], [12, 22, 13, 21], [1, 15, 2, 14], [16, 10, 17, 9], [18, 5, 19, 6]]"
12n_0382_78,"[[18, 5, 19, 6], [20, 16, 21, 15], [7, 22, 8, 23], [3, 24, 4, 1], [13, 3, 14, 2], [4, 19, 5, 20], [23, 6, 24, 7], [8, 12, 9, 11], [10, 18, 11, 17], [12, 22, 13, 21], [1, 15, 2, 14], [16, 10, 17, 9]]"
12n_0382_79,"[[16, 10, 17, 9], [18, 5, 19, 6], [20, 16, 21, 15], [7, 22, 8, 23], [3, 24, 4, 1], [13, 3, 14, 2], [4, 19, 5, 20], [23, 6, 24, 7], [8, 12, 9, 11], [10, 18, 11, 17], [12, 22, 13, 21], [1, 15, 2, 14]]"
12n_0382_80,"[[1, 15, 2, 14], [16, 10, 17, 9], [18, 5, 19, 6], [20, 16, 21, 15], [7, 22, 8, 23], [3, 24, 4, 1], [13, 3, 14, 2], [4, 19, 5, 20], [23, 6, 24, 7], [8, 12, 9, 11], [10, 18, 11, 17], [12, 22, 13, 21]]"
12n_0382_81,"[[12, 22, 13, 21], [1, 15, 2, 14], [16, 10, 17, 9], [18, 5, 19, 6], [20, 16, 21, 15], [7, 22, 8, 23], [3, 24, 4, 1], [13, 3, 14, 2], [4, 19, 5, 20], [23, 6, 24, 7], [8, 12, 9, 11], [10, 18, 11, 17]]"
12n_0382_82,"[[10, 18, 11, 17], [12, 22, 13, 21], [1, 15, 2, 14], [16, 10, 17, 9], [18, 5, 19, 6], [20, 16, 21, 15], [7, 22, 8, 23], [3, 24, 4, 1], [13, 3, 14, 2], [4, 19, 5, 20], [23, 6, 24, 7], [8, 12, 9, 11]]"
12n_0382_83,"[[8, 12, 9, 11], [10, 18, 11, 17], [12, 22, 13, 21], [1, 15, 2, 14], [16, 10, 17, 9], [18, 5, 19, 6], [20, 16, 21, 15], [7, 22, 8, 23], [3, 24, 4, 1], [13, 3, 14, 2], [4, 19, 5, 20], [23, 6, 24, 7]]"
12n_0382_84,"[[24, 7, 1, 8], [9, 13, 10, 12], [11, 19, 12, 18], [13, 23, 14, 22], [2, 16, 3, 15], [17, 11, 18, 10], [19, 6, 20, 7], [21, 17, 22, 16], [8, 23, 9, 24], [4, 1, 5, 2], [14, 4, 15, 3], [5, 20, 6, 21]]"
12n_0382_85,"[[5, 20, 6, 21], [24, 7, 1, 8], [9, 13, 10, 12], [11, 19, 12, 18], [13, 23, 14, 22], [2, 16, 3, 15], [17, 11, 18, 10], [19, 6, 20, 7], [21, 17, 22, 16], [8, 23, 9, 24], [4, 1, 5, 2], [14, 4, 15, 3]]"
12n_0382_86,"[[14, 4, 15, 3], [5, 20, 6, 21], [24, 7, 1, 8], [9, 13, 10, 12], [11, 19, 12, 18], [13, 23, 14, 22], [2, 16, 3, 15], [17, 11, 18, 10], [19, 6, 20, 7], [21, 17, 22, 16], [8, 23, 9, 24], [4, 1, 5, 2]]"
12n_0382_87,"[[4, 1, 5, 2], [14, 4, 15, 3], [5, 20, 6, 21], [24, 7, 1, 8], [9, 13, 10, 12], [11, 19, 12, 18], [13, 23, 14, 22], [2, 16, 3, 15], [17, 11, 18, 10], [19, 6, 20, 7], [21, 17, 22, 16], [8, 23, 9, 24]]"
12n_0382_88,"[[8, 23, 9, 24], [4, 1, 5, 2], [14, 4, 15, 3], [5, 20, 6, 21], [24, 7, 1, 8], [9, 13, 10, 12], [11, 19, 12, 18], [13, 23, 14, 22], [2, 16, 3, 15], [17, 11, 18, 10], [19, 6, 20, 7], [21, 17, 22, 16]]"
12n_0382_89,"[[21, 17, 22, 16], [8, 23, 9, 24], [4, 1, 5, 2], [14, 4, 15, 3], [5, 20, 6, 21], [24, 7, 1, 8], [9, 13, 10, 12], [11, 19, 12, 18], [13, 23, 14, 22], [2, 16, 3, 15], [17, 11, 18, 10], [19, 6, 20, 7]]"
12n_0382_90,"[[19, 6, 20, 7], [21, 17, 22, 16], [8, 23, 9, 24], [4, 1, 5, 2], [14, 4, 15, 3], [5, 20, 6, 21], [24, 7, 1, 8], [9, 13, 10, 12], [11, 19, 12, 18], [13, 23, 14, 22], [2, 16, 3, 15], [17, 11, 18, 10]]"
12n_0382_91,"[[17, 11, 18, 10], [19, 6, 20, 7], [21, 17, 22, 16], [8, 23, 9, 24], [4, 1, 5, 2], [14, 4, 15, 3], [5, 20, 6, 21], [24, 7, 1, 8], [9, 13, 10, 12], [11, 19, 12, 18], [13, 23, 14, 22], [2, 16, 3, 15]]"
12n_0382_92,"[[2, 16, 3, 15], [17, 11, 18, 10], [19, 6, 20, 7], [21, 17, 22, 16], [8, 23, 9, 24], [4, 1, 5, 2], [14, 4, 15, 3], [5, 20, 6, 21], [24, 7, 1, 8], [9, 13, 10, 12], [11, 19, 12, 18], [13, 23, 14, 22]]"
12n_0382_93,"[[13, 23, 14, 22], [2, 16, 3, 15], [17, 11, 18, 10], [19, 6, 20, 7], [21, 17, 22, 16], [8, 23, 9, 24], [4, 1, 5, 2], [14, 4, 15, 3], [5, 20, 6, 21], [24, 7, 1, 8], [9, 13, 10, 12], [11, 19, 12, 18]]"
12n_0382_94,"[[11, 19, 12, 18], [13, 23, 14, 22], [2, 16, 3, 15], [17, 11, 18, 10], [19, 6, 20, 7], [21, 17, 22, 16], [8, 23, 9, 24], [4, 1, 5, 2], [14, 4, 15, 3], [5, 20, 6, 21], [24, 7, 1, 8], [9, 13, 10, 12]]"
12n_0382_95,"[[9, 13, 10, 12], [11, 19, 12, 18], [13, 23, 14, 22], [2, 16, 3, 15], [17, 11, 18, 10], [19, 6, 20, 7], [21, 17, 22, 16], [8, 23, 9, 24], [4, 1, 5, 2], [14, 4, 15, 3], [5, 20, 6, 21], [24, 7, 1, 8]]"
12n_0382_96,"[[1, 8, 2, 9], [10, 14, 11, 13], [12, 20, 13, 19], [14, 24, 15, 23], [3, 17, 4, 16], [18, 12, 19, 11], [20, 7, 21, 8], [22, 18, 23, 17], [9, 24, 10, 1], [5, 2, 6, 3], [15, 5, 16, 4], [6, 21, 7, 22]]"
12n_0382_97,"[[6, 21, 7, 22], [1, 8, 2, 9], [10, 14, 11, 13], [12, 20, 13, 19], [14, 24, 15, 23], [3, 17, 4, 16], [18, 12, 19, 11], [20, 7, 21, 8], [22, 18, 23, 17], [9, 24, 10, 1], [5, 2, 6, 3], [15, 5, 16, 4]]"
12n_0382_98,"[[15, 5, 16, 4], [6, 21, 7, 22], [1, 8, 2, 9], [10, 14, 11, 13], [12, 20, 13, 19], [14, 24, 15, 23], [3, 17, 4, 16], [18, 12, 19, 11], [20, 7, 21, 8], [22, 18, 23, 17], [9, 24, 10, 1], [5, 2, 6, 3]]"
12n_0382_99,"[[5, 2, 6, 3], [15, 5, 16, 4], [6, 21, 7, 22], [1, 8, 2, 9], [10, 14, 11, 13], [12, 20, 13, 19], [14, 24, 15, 23], [3, 17, 4, 16], [18, 12, 19, 11], [20, 7, 21, 8], [22, 18, 23, 17], [9, 24, 10, 1]]"
12n_0382_100,"[[9, 24, 10, 1], [5, 2, 6, 3], [15, 5, 16, 4], [6, 21, 7, 22], [1, 8, 2, 9], [10, 14, 11, 13], [12, 20, 13, 19], [14, 24, 15, 23], [3, 17, 4, 16], [18, 12, 19, 11], [20, 7, 21, 8], [22, 18, 23, 17]]"
12n_0382_101,"[[22, 18, 23, 17], [9, 24, 10, 1], [5, 2, 6, 3], [15, 5, 16, 4], [6, 21, 7, 22], [1, 8, 2, 9], [10, 14, 11, 13], [12, 20, 13, 19], [14, 24, 15, 23], [3, 17, 4, 16], [18, 12, 19, 11], [20, 7, 21, 8]]"
12n_0382_102,"[[20, 7, 21, 8], [22, 18, 23, 17], [9, 24, 10, 1], [5, 2, 6, 3], [15, 5, 16, 4], [6, 21, 7, 22], [1, 8, 2, 9], [10, 14, 11, 13], [12, 20, 13, 19], [14, 24, 15, 23], [3, 17, 4, 16], [18, 12, 19, 11]]"
12n_0382_103,"[[18, 12, 19, 11], [20, 7, 21, 8], [22, 18, 23, 17], [9, 24, 10, 1], [5, 2, 6, 3], [15, 5, 16, 4], [6, 21, 7, 22], [1, 8, 2, 9], [10, 14, 11, 13], [12, 20, 13, 19], [14, 24, 15, 23], [3, 17, 4, 16]]"
12n_0382_104,"[[3, 17, 4, 16], [18, 12, 19, 11], [20, 7, 21, 8], [22, 18, 23, 17], [9, 24, 10, 1], [5, 2, 6, 3], [15, 5, 16, 4], [6, 21, 7, 22], [1, 8, 2, 9], [10, 14, 11, 13], [12, 20, 13, 19], [14, 24, 15, 23]]"
12n_0382_105,"[[14, 24, 15, 23], [3, 17, 4, 16], [18, 12, 19, 11], [20, 7, 21, 8], [22, 18, 23, 17], [9, 24, 10, 1], [5, 2, 6, 3], [15, 5, 16, 4], [6, 21, 7, 22], [1, 8, 2, 9], [10, 14, 11, 13], [12, 20, 13, 19]]"
12n_0382_106,"[[12, 20, 13, 19], [14, 24, 15, 23], [3, 17, 4, 16], [18, 12, 19, 11], [20, 7, 21, 8], [22, 18, 23, 17], [9, 24, 10, 1], [5, 2, 6, 3], [15, 5, 16, 4], [6, 21, 7, 22], [1, 8, 2, 9], [10, 14, 11, 13]]"
12n_0382_107,"[[10, 14, 11, 13], [12, 20, 13, 19], [14, 24, 15, 23], [3, 17, 4, 16], [18, 12, 19, 11], [20, 7, 21, 8], [22, 18, 23, 17], [9, 24, 10, 1], [5, 2, 6, 3], [15, 5, 16, 4], [6, 21, 7, 22], [1, 8, 2, 9]]"
12n_0382_108,"[[2, 9, 3, 10], [11, 15, 12, 14], [13, 21, 14, 20], [15, 1, 16, 24], [4, 18, 5, 17], [19, 13, 20, 12], [21, 8, 22, 9], [23, 19, 24, 18], [10, 1, 11, 2], [6, 3, 7, 4], [16, 6, 17, 5], [7, 22, 8, 23]]"
12n_0382_109,"[[7, 22, 8, 23], [2, 9, 3, 10], [11, 15, 12, 14], [13, 21, 14, 20], [15, 1, 16, 24], [4, 18, 5, 17], [19, 13, 20, 12], [21, 8, 22, 9], [23, 19, 24, 18], [10, 1, 11, 2], [6, 3, 7, 4], [16, 6, 17, 5]]"
12n_0382_110,"[[16, 6, 17, 5], [7, 22, 8, 23], [2, 9, 3, 10], [11, 15, 12, 14], [13, 21, 14, 20], [15, 1, 16, 24], [4, 18, 5, 17], [19, 13, 20, 12], [21, 8, 22, 9], [23, 19, 24, 18], [10, 1, 11, 2], [6, 3, 7, 4]]"
12n_0382_111,"[[6, 3, 7, 4], [16, 6, 17, 5], [7, 22, 8, 23], [2, 9, 3, 10], [11, 15, 12, 14], [13, 21, 14, 20], [15, 1, 16, 24], [4, 18, 5, 17], [19, 13, 20, 12], [21, 8, 22, 9], [23, 19, 24, 18], [10, 1, 11, 2]]"
12n_0382_112,"[[10, 1, 11, 2], [6, 3, 7, 4], [16, 6, 17, 5], [7, 22, 8, 23], [2, 9, 3, 10], [11, 15, 12, 14], [13, 21, 14, 20], [15, 1, 16, 24], [4, 18, 5, 17], [19, 13, 20, 12], [21, 8, 22, 9], [23, 19, 24, 18]]"
12n_0382_113,"[[23, 19, 24, 18], [10, 1, 11, 2], [6, 3, 7, 4], [16, 6, 17, 5], [7, 22, 8, 23], [2, 9, 3, 10], [11, 15, 12, 14], [13, 21, 14, 20], [15, 1, 16, 24], [4, 18, 5, 17], [19, 13, 20, 12], [21, 8, 22, 9]]"
12n_0382_114,"[[21, 8, 22, 9], [23, 19, 24, 18], [10, 1, 11, 2], [6, 3, 7, 4], [16, 6, 17, 5], [7, 22, 8, 23], [2, 9, 3, 10], [11, 15, 12, 14], [13, 21, 14, 20], [15, 1, 16, 24], [4, 18, 5, 17], [19, 13, 20, 12]]"
12n_0382_115,"[[19, 13, 20, 12], [21, 8, 22, 9], [23, 19, 24, 18], [10, 1, 11, 2], [6, 3, 7, 4], [16, 6, 17, 5], [7, 22, 8, 23], [2, 9, 3, 10], [11, 15, 12, 14], [13, 21, 14, 20], [15, 1, 16, 24], [4, 18, 5, 17]]"
12n_0382_116,"[[4, 18, 5, 17], [19, 13, 20, 12], [21, 8, 22, 9], [23, 19, 24, 18], [10, 1, 11, 2], [6, 3, 7, 4], [16, 6, 17, 5], [7, 22, 8, 23], [2, 9, 3, 10], [11, 15, 12, 14], [13, 21, 14, 20], [15, 1, 16, 24]]"
12n_0382_117,"[[15, 1, 16, 24], [4, 18, 5, 17], [19, 13, 20, 12], [21, 8, 22, 9], [23, 19, 24, 18], [10, 1, 11, 2], [6, 3, 7, 4], [16, 6, 17, 5], [7, 22, 8, 23], [2, 9, 3, 10], [11, 15, 12, 14], [13, 21, 14, 20]]"
12n_0382_118,"[[13, 21, 14, 20], [15, 1, 16, 24], [4, 18, 5, 17], [19, 13, 20, 12], [21, 8, 22, 9], [23, 19, 24, 18], [10, 1, 11, 2], [6, 3, 7, 4], [16, 6, 17, 5], [7, 22, 8, 23], [2, 9, 3, 10], [11, 15, 12, 14]]"
12n_0382_119,"[[11, 15, 12, 14], [13, 21, 14, 20], [15, 1, 16, 24], [4, 18, 5, 17], [19, 13, 20, 12], [21, 8, 22, 9], [23, 19, 24, 18], [10, 1, 11, 2], [6, 3, 7, 4], [16, 6, 17, 5], [7, 22, 8, 23], [2, 9, 3, 10]]"
12n_0382_120,"[[3, 10, 4, 11], [12, 16, 13, 15], [14, 22, 15, 21], [16, 2, 17, 1], [5, 19, 6, 18], [20, 14, 21, 13], [22, 9, 23, 10], [24, 20, 1, 19], [11, 2, 12, 3], [7, 4, 8, 5], [17, 7, 18, 6], [8, 23, 9, 24]]"
12n_0382_121,"[[8, 23, 9, 24], [3, 10, 4, 11], [12, 16, 13, 15], [14, 22, 15, 21], [16, 2, 17, 1], [5, 19, 6, 18], [20, 14, 21, 13], [22, 9, 23, 10], [24, 20, 1, 19], [11, 2, 12, 3], [7, 4, 8, 5], [17, 7, 18, 6]]"
12n_0382_122,"[[17, 7, 18, 6], [8, 23, 9, 24], [3, 10, 4, 11], [12, 16, 13, 15], [14, 22, 15, 21], [16, 2, 17, 1], [5, 19, 6, 18], [20, 14, 21, 13], [22, 9, 23, 10], [24, 20, 1, 19], [11, 2, 12, 3], [7, 4, 8, 5]]"
12n_0382_123,"[[7, 4, 8, 5], [17, 7, 18, 6], [8, 23, 9, 24], [3, 10, 4, 11], [12, 16, 13, 15], [14, 22, 15, 21], [16, 2, 17, 1], [5, 19, 6, 18], [20, 14, 21, 13], [22, 9, 23, 10], [24, 20, 1, 19], [11, 2, 12, 3]]"
12n_0382_124,"[[11, 2, 12, 3], [7, 4, 8, 5], [17, 7, 18, 6], [8, 23, 9, 24], [3, 10, 4, 11], [12, 16, 13, 15], [14, 22, 15, 21], [16, 2, 17, 1], [5, 19, 6, 18], [20, 14, 21, 13], [22, 9, 23, 10], [24, 20, 1, 19]]"
12n_0382_125,"[[24, 20, 1, 19], [11, 2, 12, 3], [7, 4, 8, 5], [17, 7, 18, 6], [8, 23, 9, 24], [3, 10, 4, 11], [12, 16, 13, 15], [14, 22, 15, 21], [16, 2, 17, 1], [5, 19, 6, 18], [20, 14, 21, 13], [22, 9, 23, 10]]"
12n_0382_126,"[[22, 9, 23, 10], [24, 20, 1, 19], [11, 2, 12, 3], [7, 4, 8, 5], [17, 7, 18, 6], [8, 23, 9, 24], [3, 10, 4, 11], [12, 16, 13, 15], [14, 22, 15, 21], [16, 2, 17, 1], [5, 19, 6, 18], [20, 14, 21, 13]]"
12n_0382_127,"[[20, 14, 21, 13], [22, 9, 23, 10], [24, 20, 1, 19], [11, 2, 12, 3], [7, 4, 8, 5], [17, 7, 18, 6], [8, 23, 9, 24], [3, 10, 4, 11], [12, 16, 13, 15], [14, 22, 15, 21], [16, 2, 17, 1], [5, 19, 6, 18]]"
12n_0382_128,"[[5, 19, 6, 18], [20, 14, 21, 13], [22, 9, 23, 10], [24, 20, 1, 19], [11, 2, 12, 3], [7, 4, 8, 5], [17, 7, 18, 6], [8, 23, 9, 24], [3, 10, 4, 11], [12, 16, 13, 15], [14, 22, 15, 21], [16, 2, 17, 1]]"
12n_0382_129,"[[16, 2, 17, 1], [5, 19, 6, 18], [20, 14, 21, 13], [22, 9, 23, 10], [24, 20, 1, 19], [11, 2, 12, 3], [7, 4, 8, 5], [17, 7, 18, 6], [8, 23, 9, 24], [3, 10, 4, 11], [12, 16, 13, 15], [14, 22, 15, 21]]"
12n_0382_130,"[[14, 22, 15, 21], [16, 2, 17, 1], [5, 19, 6, 18], [20, 14, 21, 13], [22, 9, 23, 10], [24, 20, 1, 19], [11, 2, 12, 3], [7, 4, 8, 5], [17, 7, 18, 6], [8, 23, 9, 24], [3, 10, 4, 11], [12, 16, 13, 15]]"
12n_0382_131,"[[12, 16, 13, 15], [14, 22, 15, 21], [16, 2, 17, 1], [5, 19, 6, 18], [20, 14, 21, 13], [22, 9, 23, 10], [24, 20, 1, 19], [11, 2, 12, 3], [7, 4, 8, 5], [17, 7, 18, 6], [8, 23, 9, 24], [3, 10, 4, 11]]"
12n_0382_132,"[[4, 11, 5, 12], [13, 17, 14, 16], [15, 23, 16, 22], [17, 3, 18, 2], [6, 20, 7, 19], [21, 15, 22, 14], [23, 10, 24, 11], [1, 21, 2, 20], [12, 3, 13, 4], [8, 5, 9, 6], [18, 8, 19, 7], [9, 24, 10, 1]]"
12n_0382_133,"[[9, 24, 10, 1], [4, 11, 5, 12], [13, 17, 14, 16], [15, 23, 16, 22], [17, 3, 18, 2], [6, 20, 7, 19], [21, 15, 22, 14], [23, 10, 24, 11], [1, 21, 2, 20], [12, 3, 13, 4], [8, 5, 9, 6], [18, 8, 19, 7]]"
12n_0382_134,"[[18, 8, 19, 7], [9, 24, 10, 1], [4, 11, 5, 12], [13, 17, 14, 16], [15, 23, 16, 22], [17, 3, 18, 2], [6, 20, 7, 19], [21, 15, 22, 14], [23, 10, 24, 11], [1, 21, 2, 20], [12, 3, 13, 4], [8, 5, 9, 6]]"
12n_0382_135,"[[8, 5, 9, 6], [18, 8, 19, 7], [9, 24, 10, 1], [4, 11, 5, 12], [13, 17, 14, 16], [15, 23, 16, 22], [17, 3, 18, 2], [6, 20, 7, 19], [21, 15, 22, 14], [23, 10, 24, 11], [1, 21, 2, 20], [12, 3, 13, 4]]"
12n_0382_136,"[[12, 3, 13, 4], [8, 5, 9, 6], [18, 8, 19, 7], [9, 24, 10, 1], [4, 11, 5, 12], [13, 17, 14, 16], [15, 23, 16, 22], [17, 3, 18, 2], [6, 20, 7, 19], [21, 15, 22, 14], [23, 10, 24, 11], [1, 21, 2, 20]]"
12n_0382_137,"[[1, 21, 2, 20], [12, 3, 13, 4], [8, 5, 9, 6], [18, 8, 19, 7], [9, 24, 10, 1], [4, 11, 5, 12], [13, 17, 14, 16], [15, 23, 16, 22], [17, 3, 18, 2], [6, 20, 7, 19], [21, 15, 22, 14], [23, 10, 24, 11]]"
12n_0382_138,"[[23, 10, 24, 11], [1, 21, 2, 20], [12, 3, 13, 4], [8, 5, 9, 6], [18, 8, 19, 7], [9, 24, 10, 1], [4, 11, 5, 12], [13, 17, 14, 16], [15, 23, 16, 22], [17, 3, 18, 2], [6, 20, 7, 19], [21, 15, 22, 14]]"
12n_0382_139,"[[21, 15, 22, 14], [23, 10, 24, 11], [1, 21, 2, 20], [12, 3, 13, 4], [8, 5, 9, 6], [18, 8, 19, 7], [9, 24, 10, 1], [4, 11, 5, 12], [13, 17, 14, 16], [15, 23, 16, 22], [17, 3, 18, 2], [6, 20, 7, 19]]"
12n_0382_140,"[[6, 20, 7, 19], [21, 15, 22, 14], [23, 10, 24, 11], [1, 21, 2, 20], [12, 3, 13, 4], [8, 5, 9, 6], [18, 8, 19, 7], [9, 24, 10, 1], [4, 11, 5, 12], [13, 17, 14, 16], [15, 23, 16, 22], [17, 3, 18, 2]]"
12n_0382_141,"[[17, 3, 18, 2], [6, 20, 7, 19], [21, 15, 22, 14], [23, 10, 24, 11], [1, 21, 2, 20], [12, 3, 13, 4], [8, 5, 9, 6], [18, 8, 19, 7], [9, 24, 10, 1], [4, 11, 5, 12], [13, 17, 14, 16], [15, 23, 16, 22]]"
12n_0382_142,"[[15, 23, 16, 22], [17, 3, 18, 2], [6, 20, 7, 19], [21, 15, 22, 14], [23, 10, 24, 11], [1, 21, 2, 20], [12, 3, 13, 4], [8, 5, 9, 6], [18, 8, 19, 7], [9, 24, 10, 1], [4, 11, 5, 12], [13, 17, 14, 16]]"
12n_0382_143,"[[13, 17, 14, 16], [15, 23, 16, 22], [17, 3, 18, 2], [6, 20, 7, 19], [21, 15, 22, 14], [23, 10, 24, 11], [1, 21, 2, 20], [12, 3, 13, 4], [8, 5, 9, 6], [18, 8, 19, 7], [9, 24, 10, 1], [4, 11, 5, 12]]"
12n_0382_144,"[[5, 12, 6, 13], [14, 18, 15, 17], [16, 24, 17, 23], [18, 4, 19, 3], [7, 21, 8, 20], [22, 16, 23, 15], [24, 11, 1, 12], [2, 22, 3, 21], [13, 4, 14, 5], [9, 6, 10, 7], [19, 9, 20, 8], [10, 1, 11, 2]]"
12n_0382_145,"[[10, 1, 11, 2], [5, 12, 6, 13], [14, 18, 15, 17], [16, 24, 17, 23], [18, 4, 19, 3], [7, 21, 8, 20], [22, 16, 23, 15], [24, 11, 1, 12], [2, 22, 3, 21], [13, 4, 14, 5], [9, 6, 10, 7], [19, 9, 20, 8]]"
12n_0382_146,"[[19, 9, 20, 8], [10, 1, 11, 2], [5, 12, 6, 13], [14, 18, 15, 17], [16, 24, 17, 23], [18, 4, 19, 3], [7, 21, 8, 20], [22, 16, 23, 15], [24, 11, 1, 12], [2, 22, 3, 21], [13, 4, 14, 5], [9, 6, 10, 7]]"
12n_0382_147,"[[9, 6, 10, 7], [19, 9, 20, 8], [10, 1, 11, 2], [5, 12, 6, 13], [14, 18, 15, 17], [16, 24, 17, 23], [18, 4, 19, 3], [7, 21, 8, 20], [22, 16, 23, 15], [24, 11, 1, 12], [2, 22, 3, 21], [13, 4, 14, 5]]"
12n_0382_148,"[[13, 4, 14, 5], [9, 6, 10, 7], [19, 9, 20, 8], [10, 1, 11, 2], [5, 12, 6, 13], [14, 18, 15, 17], [16, 24, 17, 23], [18, 4, 19, 3], [7, 21, 8, 20], [22, 16, 23, 15], [24, 11, 1, 12], [2, 22, 3, 21]]"
12n_0382_149,"[[2, 22, 3, 21], [13, 4, 14, 5], [9, 6, 10, 7], [19, 9, 20, 8], [10, 1, 11, 2], [5, 12, 6, 13], [14, 18, 15, 17], [16, 24, 17, 23], [18, 4, 19, 3], [7, 21, 8, 20], [22, 16, 23, 15], [24, 11, 1, 12]]"
12n_0382_150,"[[24, 11, 1, 12], [2, 22, 3, 21], [13, 4, 14, 5], [9, 6, 10, 7], [19, 9, 20, 8], [10, 1, 11, 2], [5, 12, 6, 13], [14, 18, 15, 17], [16, 24, 17, 23], [18, 4, 19, 3], [7, 21, 8, 20], [22, 16, 23, 15]]"
12n_0382_151,"[[22, 16, 23, 15], [24, 11, 1, 12], [2, 22, 3, 21], [13, 4, 14, 5], [9, 6, 10, 7], [19, 9, 20, 8], [10, 1, 11, 2], [5, 12, 6, 13], [14, 18, 15, 17], [16, 24, 17, 23], [18, 4, 19, 3], [7, 21, 8, 20]]"
12n_0382_152,"[[7, 21, 8, 20], [22, 16, 23, 15], [24, 11, 1, 12], [2, 22, 3, 21], [13, 4, 14, 5], [9, 6, 10, 7], [19, 9, 20, 8], [10, 1, 11, 2], [5, 12, 6, 13], [14, 18, 15, 17], [16, 24, 17, 23], [18, 4, 19, 3]]"
12n_0382_153,"[[18, 4, 19, 3], [7, 21, 8, 20], [22, 16, 23, 15], [24, 11, 1, 12], [2, 22, 3, 21], [13, 4, 14, 5], [9, 6, 10, 7], [19, 9, 20, 8], [10, 1, 11, 2], [5, 12, 6, 13], [14, 18, 15, 17], [16, 24, 17, 23]]"
12n_0382_154,"[[16, 24, 17, 23], [18, 4, 19, 3], [7, 21, 8, 20], [22, 16, 23, 15], [24, 11, 1, 12], [2, 22, 3, 21], [13, 4, 14, 5], [9, 6, 10, 7], [19, 9, 20, 8], [10, 1, 11, 2], [5, 12, 6, 13], [14, 18, 15, 17]]"
12n_0382_155,"[[14, 18, 15, 17], [16, 24, 17, 23], [18, 4, 19, 3], [7, 21, 8, 20], [22, 16, 23, 15], [24, 11, 1, 12], [2, 22, 3, 21], [13, 4, 14, 5], [9, 6, 10, 7], [19, 9, 20, 8], [10, 1, 11, 2], [5, 12, 6, 13]]"
12n_0382_156,"[[6, 13, 7, 14], [15, 19, 16, 18], [17, 1, 18, 24], [19, 5, 20, 4], [8, 22, 9, 21], [23, 17, 24, 16], [1, 12, 2, 13], [3, 23, 4, 22], [14, 5, 15, 6], [10, 7, 11, 8], [20, 10, 21, 9], [11, 2, 12, 3]]"
12n_0382_157,"[[11, 2, 12, 3], [6, 13, 7, 14], [15, 19, 16, 18], [17, 1, 18, 24], [19, 5, 20, 4], [8, 22, 9, 21], [23, 17, 24, 16], [1, 12, 2, 13], [3, 23, 4, 22], [14, 5, 15, 6], [10, 7, 11, 8], [20, 10, 21, 9]]"
12n_0382_158,"[[20, 10, 21, 9], [11, 2, 12, 3], [6, 13, 7, 14], [15, 19, 16, 18], [17, 1, 18, 24], [19, 5, 20, 4], [8, 22, 9, 21], [23, 17, 24, 16], [1, 12, 2, 13], [3, 23, 4, 22], [14, 5, 15, 6], [10, 7, 11, 8]]"
12n_0382_159,"[[10, 7, 11, 8], [20, 10, 21, 9], [11, 2, 12, 3], [6, 13, 7, 14], [15, 19, 16, 18], [17, 1, 18, 24], [19, 5, 20, 4], [8, 22, 9, 21], [23, 17, 24, 16], [1, 12, 2, 13], [3, 23, 4, 22], [14, 5, 15, 6]]"
12n_0382_160,"[[14, 5, 15, 6], [10, 7, 11, 8], [20, 10, 21, 9], [11, 2, 12, 3], [6, 13, 7, 14], [15, 19, 16, 18], [17, 1, 18, 24], [19, 5, 20, 4], [8, 22, 9, 21], [23, 17, 24, 16], [1, 12, 2, 13], [3, 23, 4, 22]]"
12n_0382_161,"[[3, 23, 4, 22], [14, 5, 15, 6], [10, 7, 11, 8], [20, 10, 21, 9], [11, 2, 12, 3], [6, 13, 7, 14], [15, 19, 16, 18], [17, 1, 18, 24], [19, 5, 20, 4], [8, 22, 9, 21], [23, 17, 24, 16], [1, 12, 2, 13]]"
12n_0382_162,"[[1, 12, 2, 13], [3, 23, 4, 22], [14, 5, 15, 6], [10, 7, 11, 8], [20, 10, 21, 9], [11, 2, 12, 3], [6, 13, 7, 14], [15, 19, 16, 18], [17, 1, 18, 24], [19, 5, 20, 4], [8, 22, 9, 21], [23, 17, 24, 16]]"
12n_0382_163,"[[23, 17, 24, 16], [1, 12, 2, 13], [3, 23, 4, 22], [14, 5, 15, 6], [10, 7, 11, 8], [20, 10, 21, 9], [11, 2, 12, 3], [6, 13, 7, 14], [15, 19, 16, 18], [17, 1, 18, 24], [19, 5, 20, 4], [8, 22, 9, 21]]"
12n_0382_164,"[[8, 22, 9, 21], [23, 17, 24, 16], [1, 12, 2, 13], [3, 23, 4, 22], [14, 5, 15, 6], [10, 7, 11, 8], [20, 10, 21, 9], [11, 2, 12, 3], [6, 13, 7, 14], [15, 19, 16, 18], [17, 1, 18, 24], [19, 5, 20, 4]]"
12n_0382_165,"[[19, 5, 20, 4], [8, 22, 9, 21], [23, 17, 24, 16], [1, 12, 2, 13], [3, 23, 4, 22], [14, 5, 15, 6], [10, 7, 11, 8], [20, 10, 21, 9], [11, 2, 12, 3], [6, 13, 7, 14], [15, 19, 16, 18], [17, 1, 18, 24]]"
12n_0382_166,"[[17, 1, 18, 24], [19, 5, 20, 4], [8, 22, 9, 21], [23, 17, 24, 16], [1, 12, 2, 13], [3, 23, 4, 22], [14, 5, 15, 6], [10, 7, 11, 8], [20, 10, 21, 9], [11, 2, 12, 3], [6, 13, 7, 14], [15, 19, 16, 18]]"
12n_0382_167,"[[15, 19, 16, 18], [17, 1, 18, 24], [19, 5, 20, 4], [8, 22, 9, 21], [23, 17, 24, 16], [1, 12, 2, 13], [3, 23, 4, 22], [14, 5, 15, 6], [10, 7, 11, 8], [20, 10, 21, 9], [11, 2, 12, 3], [6, 13, 7, 14]]"
12n_0382_168,"[[7, 14, 8, 15], [16, 20, 17, 19], [18, 2, 19, 1], [20, 6, 21, 5], [9, 23, 10, 22], [24, 18, 1, 17], [2, 13, 3, 14], [4, 24, 5, 23], [15, 6, 16, 7], [11, 8, 12, 9], [21, 11, 22, 10], [12, 3, 13, 4]]"
12n_0382_169,"[[12, 3, 13, 4], [7, 14, 8, 15], [16, 20, 17, 19], [18, 2, 19, 1], [20, 6, 21, 5], [9, 23, 10, 22], [24, 18, 1, 17], [2, 13, 3, 14], [4, 24, 5, 23], [15, 6, 16, 7], [11, 8, 12, 9], [21, 11, 22, 10]]"
12n_0382_170,"[[21, 11, 22, 10], [12, 3, 13, 4], [7, 14, 8, 15], [16, 20, 17, 19], [18, 2, 19, 1], [20, 6, 21, 5], [9, 23, 10, 22], [24, 18, 1, 17], [2, 13, 3, 14], [4, 24, 5, 23], [15, 6, 16, 7], [11, 8, 12, 9]]"
12n_0382_171,"[[11, 8, 12, 9], [21, 11, 22, 10], [12, 3, 13, 4], [7, 14, 8, 15], [16, 20, 17, 19], [18, 2, 19, 1], [20, 6, 21, 5], [9, 23, 10, 22], [24, 18, 1, 17], [2, 13, 3, 14], [4, 24, 5, 23], [15, 6, 16, 7]]"
12n_0382_172,"[[15, 6, 16, 7], [11, 8, 12, 9], [21, 11, 22, 10], [12, 3, 13, 4], [7, 14, 8, 15], [16, 20, 17, 19], [18, 2, 19, 1], [20, 6, 21, 5], [9, 23, 10, 22], [24, 18, 1, 17], [2, 13, 3, 14], [4, 24, 5, 23]]"
12n_0382_173,"[[4, 24, 5, 23], [15, 6, 16, 7], [11, 8, 12, 9], [21, 11, 22, 10], [12, 3, 13, 4], [7, 14, 8, 15], [16, 20, 17, 19], [18, 2, 19, 1], [20, 6, 21, 5], [9, 23, 10, 22], [24, 18, 1, 17], [2, 13, 3, 14]]"
12n_0382_174,"[[2, 13, 3, 14], [4, 24, 5, 23], [15, 6, 16, 7], [11, 8, 12, 9], [21, 11, 22, 10], [12, 3, 13, 4], [7, 14, 8, 15], [16, 20, 17, 19], [18, 2, 19, 1], [20, 6, 21, 5], [9, 23, 10, 22], [24, 18, 1, 17]]"
12n_0382_175,"[[24, 18, 1, 17], [2, 13, 3, 14], [4, 24, 5, 23], [15, 6, 16, 7], [11, 8, 12, 9], [21, 11, 22, 10], [12, 3, 13, 4], [7, 14, 8, 15], [16, 20, 17, 19], [18, 2, 19, 1], [20, 6, 21, 5], [9, 23, 10, 22]]"
12n_0382_176,"[[9, 23, 10, 22], [24, 18, 1, 17], [2, 13, 3, 14], [4, 24, 5, 23], [15, 6, 16, 7], [11, 8, 12, 9], [21, 11, 22, 10], [12, 3, 13, 4], [7, 14, 8, 15], [16, 20, 17, 19], [18, 2, 19, 1], [20, 6, 21, 5]]"
12n_0382_177,"[[20, 6, 21, 5], [9, 23, 10, 22], [24, 18, 1, 17], [2, 13, 3, 14], [4, 24, 5, 23], [15, 6, 16, 7], [11, 8, 12, 9], [21, 11, 22, 10], [12, 3, 13, 4], [7, 14, 8, 15], [16, 20, 17, 19], [18, 2, 19, 1]]"
12n_0382_178,"[[18, 2, 19, 1], [20, 6, 21, 5], [9, 23, 10, 22], [24, 18, 1, 17], [2, 13, 3, 14], [4, 24, 5, 23], [15, 6, 16, 7], [11, 8, 12, 9], [21, 11, 22, 10], [12, 3, 13, 4], [7, 14, 8, 15], [16, 20, 17, 19]]"
12n_0382_179,"[[16, 20, 17, 19], [18, 2, 19, 1], [20, 6, 21, 5], [9, 23, 10, 22], [24, 18, 1, 17], [2, 13, 3, 14], [4, 24, 5, 23], [15, 6, 16, 7], [11, 8, 12, 9], [21, 11, 22, 10], [12, 3, 13, 4], [7, 14, 8, 15]]"
12n_0382_180,"[[8, 15, 9, 16], [17, 21, 18, 20], [19, 3, 20, 2], [21, 7, 22, 6], [10, 24, 11, 23], [1, 19, 2, 18], [3, 14, 4, 15], [5, 1, 6, 24], [16, 7, 17, 8], [12, 9, 13, 10], [22, 12, 23, 11], [13, 4, 14, 5]]"
12n_0382_181,"[[13, 4, 14, 5], [8, 15, 9, 16], [17, 21, 18, 20], [19, 3, 20, 2], [21, 7, 22, 6], [10, 24, 11, 23], [1, 19, 2, 18], [3, 14, 4, 15], [5, 1, 6, 24], [16, 7, 17, 8], [12, 9, 13, 10], [22, 12, 23, 11]]"
12n_0382_182,"[[22, 12, 23, 11], [13, 4, 14, 5], [8, 15, 9, 16], [17, 21, 18, 20], [19, 3, 20, 2], [21, 7, 22, 6], [10, 24, 11, 23], [1, 19, 2, 18], [3, 14, 4, 15], [5, 1, 6, 24], [16, 7, 17, 8], [12, 9, 13, 10]]"
12n_0382_183,"[[12, 9, 13, 10], [22, 12, 23, 11], [13, 4, 14, 5], [8, 15, 9, 16], [17, 21, 18, 20], [19, 3, 20, 2], [21, 7, 22, 6], [10, 24, 11, 23], [1, 19, 2, 18], [3, 14, 4, 15], [5, 1, 6, 24], [16, 7, 17, 8]]"
12n_0382_184,"[[16, 7, 17, 8], [12, 9, 13, 10], [22, 12, 23, 11], [13, 4, 14, 5], [8, 15, 9, 16], [17, 21, 18, 20], [19, 3, 20, 2], [21, 7, 22, 6], [10, 24, 11, 23], [1, 19, 2, 18], [3, 14, 4, 15], [5, 1, 6, 24]]"
12n_0382_185,"[[5, 1, 6, 24], [16, 7, 17, 8], [12, 9, 13, 10], [22, 12, 23, 11], [13, 4, 14, 5], [8, 15, 9, 16], [17, 21, 18, 20], [19, 3, 20, 2], [21, 7, 22, 6], [10, 24, 11, 23], [1, 19, 2, 18], [3, 14, 4, 15]]"
