name,pd_notation
12n_0238_0,"[[13, 24, 14, 1], [2, 6, 3, 5], [4, 10, 5, 9], [6, 18, 7, 17], [8, 4, 9, 3], [19, 10, 20, 11], [21, 12, 22, 13], [23, 14, 24, 15], [16, 8, 17, 7], [1, 18, 2, 19], [11, 20, 12, 21], [15, 22, 16, 23]]"
12n_0238_1,"[[15, 22, 16, 23], [13, 24, 14, 1], [2, 6, 3, 5], [4, 10, 5, 9], [6, 18, 7, 17], [8, 4, 9, 3], [19, 10, 20, 11], [21, 12, 22, 13], [23, 14, 24, 15], [16, 8, 17, 7], [1, 18, 2, 19], [11, 20, 12, 21]]"
12n_0238_2,"[[11, 20, 12, 21], [15, 22, 16, 23], [13, 24, 14, 1], [2, 6, 3, 5], [4, 10, 5, 9], [6, 18, 7, 17], [8, 4, 9, 3], [19, 10, 20, 11], [21, 12, 22, 13], [23, 14, 24, 15], [16, 8, 17, 7], [1, 18, 2, 19]]"
12n_0238_3,"[[1, 18, 2, 19], [11, 20, 12, 21], [15, 22, 16, 23], [13, 24, 14, 1], [2, 6, 3, 5], [4, 10, 5, 9], [6, 18, 7, 17], [8, 4, 9, 3], [19, 10, 20, 11], [21, 12, 22, 13], [23, 14, 24, 15], [16, 8, 17, 7]]"
12n_0238_4,"[[16, 8, 17, 7], [1, 18, 2, 19], [11, 20, 12, 21], [15, 22, 16, 23], [13, 24, 14, 1], [2, 6, 3, 5], [4, 10, 5, 9], [6, 18, 7, 17], [8, 4, 9, 3], [19, 10, 20, 11], [21, 12, 22, 13], [23, 14, 24, 15]]"
12n_0238_5,"[[23, 14, 24, 15], [16, 8, 17, 7], [1, 18, 2, 19], [11, 20, 12, 21], [15, 22, 16, 23], [13, 24, 14, 1], [2, 6, 3, 5], [4, 10, 5, 9], [6, 18, 7, 17], [8, 4, 9, 3], [19, 10, 20, 11], [21, 12, 22, 13]]"
12n_0238_6,"[[21, 12, 22, 13], [23, 14, 24, 15], [16, 8, 17, 7], [1, 18, 2, 19], [11, 20, 12, 21], [15, 22, 16, 23], [13, 24, 14, 1], [2, 6, 3, 5], [4, 10, 5, 9], [6, 18, 7, 17], [8, 4, 9, 3], [19, 10, 20, 11]]"
12n_0238_7,"[[19, 10, 20, 11], [21, 12, 22, 13], [23, 14, 24, 15], [16, 8, 17, 7], [1, 18, 2, 19], [11, 20, 12, 21], [15, 22, 16, 23], [13, 24, 14, 1], [2, 6, 3, 5], [4, 10, 5, 9], [6, 18, 7, 17], [8, 4, 9, 3]]"
12n_0238_8,"[[8, 4, 9, 3], [19, 10, 20, 11], [21, 12, 22, 13], [23, 14, 24, 15], [16, 8, 17, 7], [1, 18, 2, 19], [11, 20, 12, 21], [15, 22, 16, 23], [13, 24, 14, 1], [2, 6, 3, 5], [4, 10, 5, 9], [6, 18, 7, 17]]"
12n_0238_9,"[[6, 18, 7, 17], [8, 4, 9, 3], [19, 10, 20, 11], [21, 12, 22, 13], [23, 14, 24, 15], [16, 8, 17, 7], [1, 18, 2, 19], [11, 20, 12, 21], [15, 22, 16, 23], [13, 24, 14, 1], [2, 6, 3, 5], [4, 10, 5, 9]]"
12n_0238_10,"[[4, 10, 5, 9], [6, 18, 7, 17], [8, 4, 9, 3], [19, 10, 20, 11], [21, 12, 22, 13], [23, 14, 24, 15], [16, 8, 17, 7], [1, 18, 2, 19], [11, 20, 12, 21], [15, 22, 16, 23], [13, 24, 14, 1], [2, 6, 3, 5]]"
12n_0238_11,"[[2, 6, 3, 5], [4, 10, 5, 9], [6, 18, 7, 17], [8, 4, 9, 3], [19, 10, 20, 11], [21, 12, 22, 13], [23, 14, 24, 15], [16, 8, 17, 7], [1, 18, 2, 19], [11, 20, 12, 21], [15, 22, 16, 23], [13, 24, 14, 1]]"
12n_0238_12,"[[14, 1, 15, 2], [3, 7, 4, 6], [5, 11, 6, 10], [7, 19, 8, 18], [9, 5, 10, 4], [20, 11, 21, 12], [22, 13, 23, 14], [24, 15, 1, 16], [17, 9, 18, 8], [2, 19, 3, 20], [12, 21, 13, 22], [16, 23, 17, 24]]"
12n_0238_13,"[[16, 23, 17, 24], [14, 1, 15, 2], [3, 7, 4, 6], [5, 11, 6, 10], [7, 19, 8, 18], [9, 5, 10, 4], [20, 11, 21, 12], [22, 13, 23, 14], [24, 15, 1, 16], [17, 9, 18, 8], [2, 19, 3, 20], [12, 21, 13, 22]]"
12n_0238_14,"[[12, 21, 13, 22], [16, 23, 17, 24], [14, 1, 15, 2], [3, 7, 4, 6], [5, 11, 6, 10], [7, 19, 8, 18], [9, 5, 10, 4], [20, 11, 21, 12], [22, 13, 23, 14], [24, 15, 1, 16], [17, 9, 18, 8], [2, 19, 3, 20]]"
12n_0238_15,"[[2, 19, 3, 20], [12, 21, 13, 22], [16, 23, 17, 24], [14, 1, 15, 2], [3, 7, 4, 6], [5, 11, 6, 10], [7, 19, 8, 18], [9, 5, 10, 4], [20, 11, 21, 12], [22, 13, 23, 14], [24, 15, 1, 16], [17, 9, 18, 8]]"
12n_0238_16,"[[17, 9, 18, 8], [2, 19, 3, 20], [12, 21, 13, 22], [16, 23, 17, 24], [14, 1, 15, 2], [3, 7, 4, 6], [5, 11, 6, 10], [7, 19, 8, 18], [9, 5, 10, 4], [20, 11, 21, 12], [22, 13, 23, 14], [24, 15, 1, 16]]"
12n_0238_17,"[[24, 15, 1, 16], [17, 9, 18, 8], [2, 19, 3, 20], [12, 21, 13, 22], [16, 23, 17, 24], [14, 1, 15, 2], [3, 7, 4, 6], [5, 11, 6, 10], [7, 19, 8, 18], [9, 5, 10, 4], [20, 11, 21, 12], [22, 13, 23, 14]]"
12n_0238_18,"[[22, 13, 23, 14], [24, 15, 1, 16], [17, 9, 18, 8], [2, 19, 3, 20], [12, 21, 13, 22], [16, 23, 17, 24], [14, 1, 15, 2], [3, 7, 4, 6], [5, 11, 6, 10], [7, 19, 8, 18], [9, 5, 10, 4], [20, 11, 21, 12]]"
12n_0238_19,"[[20, 11, 21, 12], [22, 13, 23, 14], [24, 15, 1, 16], [17, 9, 18, 8], [2, 19, 3, 20], [12, 21, 13, 22], [16, 23, 17, 24], [14, 1, 15, 2], [3, 7, 4, 6], [5, 11, 6, 10], [7, 19, 8, 18], [9, 5, 10, 4]]"
12n_0238_20,"[[9, 5, 10, 4], [20, 11, 21, 12], [22, 13, 23, 14], [24, 15, 1, 16], [17, 9, 18, 8], [2, 19, 3, 20], [12, 21, 13, 22], [16, 23, 17, 24], [14, 1, 15, 2], [3, 7, 4, 6], [5, 11, 6, 10], [7, 19, 8, 18]]"
12n_0238_21,"[[7, 19, 8, 18], [9, 5, 10, 4], [20, 11, 21, 12], [22, 13, 23, 14], [24, 15, 1, 16], [17, 9, 18, 8], [2, 19, 3, 20], [12, 21, 13, 22], [16, 23, 17, 24], [14, 1, 15, 2], [3, 7, 4, 6], [5, 11, 6, 10]]"
12n_0238_22,"[[5, 11, 6, 10], [7, 19, 8, 18], [9, 5, 10, 4], [20, 11, 21, 12], [22, 13, 23, 14], [24, 15, 1, 16], [17, 9, 18, 8], [2, 19, 3, 20], [12, 21, 13, 22], [16, 23, 17, 24], [14, 1, 15, 2], [3, 7, 4, 6]]"
12n_0238_23,"[[3, 7, 4, 6], [5, 11, 6, 10], [7, 19, 8, 18], [9, 5, 10, 4], [20, 11, 21, 12], [22, 13, 23, 14], [24, 15, 1, 16], [17, 9, 18, 8], [2, 19, 3, 20], [12, 21, 13, 22], [16, 23, 17, 24], [14, 1, 15, 2]]"
12n_0238_24,"[[15, 2, 16, 3], [4, 8, 5, 7], [6, 12, 7, 11], [8, 20, 9, 19], [10, 6, 11, 5], [21, 12, 22, 13], [23, 14, 24, 15], [1, 16, 2, 17], [18, 10, 19, 9], [3, 20, 4, 21], [13, 22, 14, 23], [17, 24, 18, 1]]"
12n_0238_25,"[[17, 24, 18, 1], [15, 2, 16, 3], [4, 8, 5, 7], [6, 12, 7, 11], [8, 20, 9, 19], [10, 6, 11, 5], [21, 12, 22, 13], [23, 14, 24, 15], [1, 16, 2, 17], [18, 10, 19, 9], [3, 20, 4, 21], [13, 22, 14, 23]]"
12n_0238_26,"[[13, 22, 14, 23], [17, 24, 18, 1], [15, 2, 16, 3], [4, 8, 5, 7], [6, 12, 7, 11], [8, 20, 9, 19], [10, 6, 11, 5], [21, 12, 22, 13], [23, 14, 24, 15], [1, 16, 2, 17], [18, 10, 19, 9], [3, 20, 4, 21]]"
12n_0238_27,"[[3, 20, 4, 21], [13, 22, 14, 23], [17, 24, 18, 1], [15, 2, 16, 3], [4, 8, 5, 7], [6, 12, 7, 11], [8, 20, 9, 19], [10, 6, 11, 5], [21, 12, 22, 13], [23, 14, 24, 15], [1, 16, 2, 17], [18, 10, 19, 9]]"
12n_0238_28,"[[18, 10, 19, 9], [3, 20, 4, 21], [13, 22, 14, 23], [17, 24, 18, 1], [15, 2, 16, 3], [4, 8, 5, 7], [6, 12, 7, 11], [8, 20, 9, 19], [10, 6, 11, 5], [21, 12, 22, 13], [23, 14, 24, 15], [1, 16, 2, 17]]"
12n_0238_29,"[[1, 16, 2, 17], [18, 10, 19, 9], [3, 20, 4, 21], [13, 22, 14, 23], [17, 24, 18, 1], [15, 2, 16, 3], [4, 8, 5, 7], [6, 12, 7, 11], [8, 20, 9, 19], [10, 6, 11, 5], [21, 12, 22, 13], [23, 14, 24, 15]]"
12n_0238_30,"[[23, 14, 24, 15], [1, 16, 2, 17], [18, 10, 19, 9], [3, 20, 4, 21], [13, 22, 14, 23], [17, 24, 18, 1], [15, 2, 16, 3], [4, 8, 5, 7], [6, 12, 7, 11], [8, 20, 9, 19], [10, 6, 11, 5], [21, 12, 22, 13]]"
12n_0238_31,"[[21, 12, 22, 13], [23, 14, 24, 15], [1, 16, 2, 17], [18, 10, 19, 9], [3, 20, 4, 21], [13, 22, 14, 23], [17, 24, 18, 1], [15, 2, 16, 3], [4, 8, 5, 7], [6, 12, 7, 11], [8, 20, 9, 19], [10, 6, 11, 5]]"
12n_0238_32,"[[10, 6, 11, 5], [21, 12, 22, 13], [23, 14, 24, 15], [1, 16, 2, 17], [18, 10, 19, 9], [3, 20, 4, 21], [13, 22, 14, 23], [17, 24, 18, 1], [15, 2, 16, 3], [4, 8, 5, 7], [6, 12, 7, 11], [8, 20, 9, 19]]"
12n_0238_33,"[[8, 20, 9, 19], [10, 6, 11, 5], [21, 12, 22, 13], [23, 14, 24, 15], [1, 16, 2, 17], [18, 10, 19, 9], [3, 20, 4, 21], [13, 22, 14, 23], [17, 24, 18, 1], [15, 2, 16, 3], [4, 8, 5, 7], [6, 12, 7, 11]]"
12n_0238_34,"[[6, 12, 7, 11], [8, 20, 9, 19], [10, 6, 11, 5], [21, 12, 22, 13], [23, 14, 24, 15], [1, 16, 2, 17], [18, 10, 19, 9], [3, 20, 4, 21], [13, 22, 14, 23], [17, 24, 18, 1], [15, 2, 16, 3], [4, 8, 5, 7]]"
12n_0238_35,"[[4, 8, 5, 7], [6, 12, 7, 11], [8, 20, 9, 19], [10, 6, 11, 5], [21, 12, 22, 13], [23, 14, 24, 15], [1, 16, 2, 17], [18, 10, 19, 9], [3, 20, 4, 21], [13, 22, 14, 23], [17, 24, 18, 1], [15, 2, 16, 3]]"
12n_0238_36,"[[16, 3, 17, 4], [5, 9, 6, 8], [7, 13, 8, 12], [9, 21, 10, 20], [11, 7, 12, 6], [22, 13, 23, 14], [24, 15, 1, 16], [2, 17, 3, 18], [19, 11, 20, 10], [4, 21, 5, 22], [14, 23, 15, 24], [18, 1, 19, 2]]"
12n_0238_37,"[[18, 1, 19, 2], [16, 3, 17, 4], [5, 9, 6, 8], [7, 13, 8, 12], [9, 21, 10, 20], [11, 7, 12, 6], [22, 13, 23, 14], [24, 15, 1, 16], [2, 17, 3, 18], [19, 11, 20, 10], [4, 21, 5, 22], [14, 23, 15, 24]]"
12n_0238_38,"[[14, 23, 15, 24], [18, 1, 19, 2], [16, 3, 17, 4], [5, 9, 6, 8], [7, 13, 8, 12], [9, 21, 10, 20], [11, 7, 12, 6], [22, 13, 23, 14], [24, 15, 1, 16], [2, 17, 3, 18], [19, 11, 20, 10], [4, 21, 5, 22]]"
12n_0238_39,"[[4, 21, 5, 22], [14, 23, 15, 24], [18, 1, 19, 2], [16, 3, 17, 4], [5, 9, 6, 8], [7, 13, 8, 12], [9, 21, 10, 20], [11, 7, 12, 6], [22, 13, 23, 14], [24, 15, 1, 16], [2, 17, 3, 18], [19, 11, 20, 10]]"
12n_0238_40,"[[19, 11, 20, 10], [4, 21, 5, 22], [14, 23, 15, 24], [18, 1, 19, 2], [16, 3, 17, 4], [5, 9, 6, 8], [7, 13, 8, 12], [9, 21, 10, 20], [11, 7, 12, 6], [22, 13, 23, 14], [24, 15, 1, 16], [2, 17, 3, 18]]"
12n_0238_41,"[[2, 17, 3, 18], [19, 11, 20, 10], [4, 21, 5, 22], [14, 23, 15, 24], [18, 1, 19, 2], [16, 3, 17, 4], [5, 9, 6, 8], [7, 13, 8, 12], [9, 21, 10, 20], [11, 7, 12, 6], [22, 13, 23, 14], [24, 15, 1, 16]]"
12n_0238_42,"[[24, 15, 1, 16], [2, 17, 3, 18], [19, 11, 20, 10], [4, 21, 5, 22], [14, 23, 15, 24], [18, 1, 19, 2], [16, 3, 17, 4], [5, 9, 6, 8], [7, 13, 8, 12], [9, 21, 10, 20], [11, 7, 12, 6], [22, 13, 23, 14]]"
12n_0238_43,"[[22, 13, 23, 14], [24, 15, 1, 16], [2, 17, 3, 18], [19, 11, 20, 10], [4, 21, 5, 22], [14, 23, 15, 24], [18, 1, 19, 2], [16, 3, 17, 4], [5, 9, 6, 8], [7, 13, 8, 12], [9, 21, 10, 20], [11, 7, 12, 6]]"
12n_0238_44,"[[11, 7, 12, 6], [22, 13, 23, 14], [24, 15, 1, 16], [2, 17, 3, 18], [19, 11, 20, 10], [4, 21, 5, 22], [14, 23, 15, 24], [18, 1, 19, 2], [16, 3, 17, 4], [5, 9, 6, 8], [7, 13, 8, 12], [9, 21, 10, 20]]"
12n_0238_45,"[[9, 21, 10, 20], [11, 7, 12, 6], [22, 13, 23, 14], [24, 15, 1, 16], [2, 17, 3, 18], [19, 11, 20, 10], [4, 21, 5, 22], [14, 23, 15, 24], [18, 1, 19, 2], [16, 3, 17, 4], [5, 9, 6, 8], [7, 13, 8, 12]]"
12n_0238_46,"[[7, 13, 8, 12], [9, 21, 10, 20], [11, 7, 12, 6], [22, 13, 23, 14], [24, 15, 1, 16], [2, 17, 3, 18], [19, 11, 20, 10], [4, 21, 5, 22], [14, 23, 15, 24], [18, 1, 19, 2], [16, 3, 17, 4], [5, 9, 6, 8]]"
12n_0238_47,"[[5, 9, 6, 8], [7, 13, 8, 12], [9, 21, 10, 20], [11, 7, 12, 6], [22, 13, 23, 14], [24, 15, 1, 16], [2, 17, 3, 18], [19, 11, 20, 10], [4, 21, 5, 22], [14, 23, 15, 24], [18, 1, 19, 2], [16, 3, 17, 4]]"
12n_0238_48,"[[17, 4, 18, 5], [6, 10, 7, 9], [8, 14, 9, 13], [10, 22, 11, 21], [12, 8, 13, 7], [23, 14, 24, 15], [1, 16, 2, 17], [3, 18, 4, 19], [20, 12, 21, 11], [5, 22, 6, 23], [15, 24, 16, 1], [19, 2, 20, 3]]"
12n_0238_49,"[[19, 2, 20, 3], [17, 4, 18, 5], [6, 10, 7, 9], [8, 14, 9, 13], [10, 22, 11, 21], [12, 8, 13, 7], [23, 14, 24, 15], [1, 16, 2, 17], [3, 18, 4, 19], [20, 12, 21, 11], [5, 22, 6, 23], [15, 24, 16, 1]]"
12n_0238_50,"[[15, 24, 16, 1], [19, 2, 20, 3], [17, 4, 18, 5], [6, 10, 7, 9], [8, 14, 9, 13], [10, 22, 11, 21], [12, 8, 13, 7], [23, 14, 24, 15], [1, 16, 2, 17], [3, 18, 4, 19], [20, 12, 21, 11], [5, 22, 6, 23]]"
12n_0238_51,"[[5, 22, 6, 23], [15, 24, 16, 1], [19, 2, 20, 3], [17, 4, 18, 5], [6, 10, 7, 9], [8, 14, 9, 13], [10, 22, 11, 21], [12, 8, 13, 7], [23, 14, 24, 15], [1, 16, 2, 17], [3, 18, 4, 19], [20, 12, 21, 11]]"
12n_0238_52,"[[20, 12, 21, 11], [5, 22, 6, 23], [15, 24, 16, 1], [19, 2, 20, 3], [17, 4, 18, 5], [6, 10, 7, 9], [8, 14, 9, 13], [10, 22, 11, 21], [12, 8, 13, 7], [23, 14, 24, 15], [1, 16, 2, 17], [3, 18, 4, 19]]"
12n_0238_53,"[[3, 18, 4, 19], [20, 12, 21, 11], [5, 22, 6, 23], [15, 24, 16, 1], [19, 2, 20, 3], [17, 4, 18, 5], [6, 10, 7, 9], [8, 14, 9, 13], [10, 22, 11, 21], [12, 8, 13, 7], [23, 14, 24, 15], [1, 16, 2, 17]]"
12n_0238_54,"[[1, 16, 2, 17], [3, 18, 4, 19], [20, 12, 21, 11], [5, 22, 6, 23], [15, 24, 16, 1], [19, 2, 20, 3], [17, 4, 18, 5], [6, 10, 7, 9], [8, 14, 9, 13], [10, 22, 11, 21], [12, 8, 13, 7], [23, 14, 24, 15]]"
12n_0238_55,"[[23, 14, 24, 15], [1, 16, 2, 17], [3, 18, 4, 19], [20, 12, 21, 11], [5, 22, 6, 23], [15, 24, 16, 1], [19, 2, 20, 3], [17, 4, 18, 5], [6, 10, 7, 9], [8, 14, 9, 13], [10, 22, 11, 21], [12, 8, 13, 7]]"
12n_0238_56,"[[12, 8, 13, 7], [23, 14, 24, 15], [1, 16, 2, 17], [3, 18, 4, 19], [20, 12, 21, 11], [5, 22, 6, 23], [15, 24, 16, 1], [19, 2, 20, 3], [17, 4, 18, 5], [6, 10, 7, 9], [8, 14, 9, 13], [10, 22, 11, 21]]"
12n_0238_57,"[[10, 22, 11, 21], [12, 8, 13, 7], [23, 14, 24, 15], [1, 16, 2, 17], [3, 18, 4, 19], [20, 12, 21, 11], [5, 22, 6, 23], [15, 24, 16, 1], [19, 2, 20, 3], [17, 4, 18, 5], [6, 10, 7, 9], [8, 14, 9, 13]]"
12n_0238_58,"[[8, 14, 9, 13], [10, 22, 11, 21], [12, 8, 13, 7], [23, 14, 24, 15], [1, 16, 2, 17], [3, 18, 4, 19], [20, 12, 21, 11], [5, 22, 6, 23], [15, 24, 16, 1], [19, 2, 20, 3], [17, 4, 18, 5], [6, 10, 7, 9]]"
12n_0238_59,"[[6, 10, 7, 9], [8, 14, 9, 13], [10, 22, 11, 21], [12, 8, 13, 7], [23, 14, 24, 15], [1, 16, 2, 17], [3, 18, 4, 19], [20, 12, 21, 11], [5, 22, 6, 23], [15, 24, 16, 1], [19, 2, 20, 3], [17, 4, 18, 5]]"
12n_0238_60,"[[18, 5, 19, 6], [7, 11, 8, 10], [9, 15, 10, 14], [11, 23, 12, 22], [13, 9, 14, 8], [24, 15, 1, 16], [2, 17, 3, 18], [4, 19, 5, 20], [21, 13, 22, 12], [6, 23, 7, 24], [16, 1, 17, 2], [20, 3, 21, 4]]"
12n_0238_61,"[[20, 3, 21, 4], [18, 5, 19, 6], [7, 11, 8, 10], [9, 15, 10, 14], [11, 23, 12, 22], [13, 9, 14, 8], [24, 15, 1, 16], [2, 17, 3, 18], [4, 19, 5, 20], [21, 13, 22, 12], [6, 23, 7, 24], [16, 1, 17, 2]]"
12n_0238_62,"[[16, 1, 17, 2], [20, 3, 21, 4], [18, 5, 19, 6], [7, 11, 8, 10], [9, 15, 10, 14], [11, 23, 12, 22], [13, 9, 14, 8], [24, 15, 1, 16], [2, 17, 3, 18], [4, 19, 5, 20], [21, 13, 22, 12], [6, 23, 7, 24]]"
12n_0238_63,"[[6, 23, 7, 24], [16, 1, 17, 2], [20, 3, 21, 4], [18, 5, 19, 6], [7, 11, 8, 10], [9, 15, 10, 14], [11, 23, 12, 22], [13, 9, 14, 8], [24, 15, 1, 16], [2, 17, 3, 18], [4, 19, 5, 20], [21, 13, 22, 12]]"
12n_0238_64,"[[21, 13, 22, 12], [6, 23, 7, 24], [16, 1, 17, 2], [20, 3, 21, 4], [18, 5, 19, 6], [7, 11, 8, 10], [9, 15, 10, 14], [11, 23, 12, 22], [13, 9, 14, 8], [24, 15, 1, 16], [2, 17, 3, 18], [4, 19, 5, 20]]"
12n_0238_65,"[[4, 19, 5, 20], [21, 13, 22, 12], [6, 23, 7, 24], [16, 1, 17, 2], [20, 3, 21, 4], [18, 5, 19, 6], [7, 11, 8, 10], [9, 15, 10, 14], [11, 23, 12, 22], [13, 9, 14, 8], [24, 15, 1, 16], [2, 17, 3, 18]]"
12n_0238_66,"[[2, 17, 3, 18], [4, 19, 5, 20], [21, 13, 22, 12], [6, 23, 7, 24], [16, 1, 17, 2], [20, 3, 21, 4], [18, 5, 19, 6], [7, 11, 8, 10], [9, 15, 10, 14], [11, 23, 12, 22], [13, 9, 14, 8], [24, 15, 1, 16]]"
12n_0238_67,"[[24, 15, 1, 16], [2, 17, 3, 18], [4, 19, 5, 20], [21, 13, 22, 12], [6, 23, 7, 24], [16, 1, 17, 2], [20, 3, 21, 4], [18, 5, 19, 6], [7, 11, 8, 10], [9, 15, 10, 14], [11, 23, 12, 22], [13, 9, 14, 8]]"
12n_0238_68,"[[13, 9, 14, 8], [24, 15, 1, 16], [2, 17, 3, 18], [4, 19, 5, 20], [21, 13, 22, 12], [6, 23, 7, 24], [16, 1, 17, 2], [20, 3, 21, 4], [18, 5, 19, 6], [7, 11, 8, 10], [9, 15, 10, 14], [11, 23, 12, 22]]"
12n_0238_69,"[[11, 23, 12, 22], [13, 9, 14, 8], [24, 15, 1, 16], [2, 17, 3, 18], [4, 19, 5, 20], [21, 13, 22, 12], [6, 23, 7, 24], [16, 1, 17, 2], [20, 3, 21, 4], [18, 5, 19, 6], [7, 11, 8, 10], [9, 15, 10, 14]]"
12n_0238_70,"[[9, 15, 10, 14], [11, 23, 12, 22], [13, 9, 14, 8], [24, 15, 1, 16], [2, 17, 3, 18], [4, 19, 5, 20], [21, 13, 22, 12], [6, 23, 7, 24], [16, 1, 17, 2], [20, 3, 21, 4], [18, 5, 19, 6], [7, 11, 8, 10]]"
12n_0238_71,"[[7, 11, 8, 10], [9, 15, 10, 14], [11, 23, 12, 22], [13, 9, 14, 8], [24, 15, 1, 16], [2, 17, 3, 18], [4, 19, 5, 20], [21, 13, 22, 12], [6, 23, 7, 24], [16, 1, 17, 2], [20, 3, 21, 4], [18, 5, 19, 6]]"
12n_0238_72,"[[19, 6, 20, 7], [8, 12, 9, 11], [10, 16, 11, 15], [12, 24, 13, 23], [14, 10, 15, 9], [1, 16, 2, 17], [3, 18, 4, 19], [5, 20, 6, 21], [22, 14, 23, 13], [7, 24, 8, 1], [17, 2, 18, 3], [21, 4, 22, 5]]"
12n_0238_73,"[[21, 4, 22, 5], [19, 6, 20, 7], [8, 12, 9, 11], [10, 16, 11, 15], [12, 24, 13, 23], [14, 10, 15, 9], [1, 16, 2, 17], [3, 18, 4, 19], [5, 20, 6, 21], [22, 14, 23, 13], [7, 24, 8, 1], [17, 2, 18, 3]]"
12n_0238_74,"[[17, 2, 18, 3], [21, 4, 22, 5], [19, 6, 20, 7], [8, 12, 9, 11], [10, 16, 11, 15], [12, 24, 13, 23], [14, 10, 15, 9], [1, 16, 2, 17], [3, 18, 4, 19], [5, 20, 6, 21], [22, 14, 23, 13], [7, 24, 8, 1]]"
12n_0238_75,"[[7, 24, 8, 1], [17, 2, 18, 3], [21, 4, 22, 5], [19, 6, 20, 7], [8, 12, 9, 11], [10, 16, 11, 15], [12, 24, 13, 23], [14, 10, 15, 9], [1, 16, 2, 17], [3, 18, 4, 19], [5, 20, 6, 21], [22, 14, 23, 13]]"
12n_0238_76,"[[22, 14, 23, 13], [7, 24, 8, 1], [17, 2, 18, 3], [21, 4, 22, 5], [19, 6, 20, 7], [8, 12, 9, 11], [10, 16, 11, 15], [12, 24, 13, 23], [14, 10, 15, 9], [1, 16, 2, 17], [3, 18, 4, 19], [5, 20, 6, 21]]"
12n_0238_77,"[[5, 20, 6, 21], [22, 14, 23, 13], [7, 24, 8, 1], [17, 2, 18, 3], [21, 4, 22, 5], [19, 6, 20, 7], [8, 12, 9, 11], [10, 16, 11, 15], [12, 24, 13, 23], [14, 10, 15, 9], [1, 16, 2, 17], [3, 18, 4, 19]]"
12n_0238_78,"[[3, 18, 4, 19], [5, 20, 6, 21], [22, 14, 23, 13], [7, 24, 8, 1], [17, 2, 18, 3], [21, 4, 22, 5], [19, 6, 20, 7], [8, 12, 9, 11], [10, 16, 11, 15], [12, 24, 13, 23], [14, 10, 15, 9], [1, 16, 2, 17]]"
12n_0238_79,"[[1, 16, 2, 17], [3, 18, 4, 19], [5, 20, 6, 21], [22, 14, 23, 13], [7, 24, 8, 1], [17, 2, 18, 3], [21, 4, 22, 5], [19, 6, 20, 7], [8, 12, 9, 11], [10, 16, 11, 15], [12, 24, 13, 23], [14, 10, 15, 9]]"
12n_0238_80,"[[14, 10, 15, 9], [1, 16, 2, 17], [3, 18, 4, 19], [5, 20, 6, 21], [22, 14, 23, 13], [7, 24, 8, 1], [17, 2, 18, 3], [21, 4, 22, 5], [19, 6, 20, 7], [8, 12, 9, 11], [10, 16, 11, 15], [12, 24, 13, 23]]"
12n_0238_81,"[[12, 24, 13, 23], [14, 10, 15, 9], [1, 16, 2, 17], [3, 18, 4, 19], [5, 20, 6, 21], [22, 14, 23, 13], [7, 24, 8, 1], [17, 2, 18, 3], [21, 4, 22, 5], [19, 6, 20, 7], [8, 12, 9, 11], [10, 16, 11, 15]]"
12n_0238_82,"[[10, 16, 11, 15], [12, 24, 13, 23], [14, 10, 15, 9], [1, 16, 2, 17], [3, 18, 4, 19], [5, 20, 6, 21], [22, 14, 23, 13], [7, 24, 8, 1], [17, 2, 18, 3], [21, 4, 22, 5], [19, 6, 20, 7], [8, 12, 9, 11]]"
12n_0238_83,"[[8, 12, 9, 11], [10, 16, 11, 15], [12, 24, 13, 23], [14, 10, 15, 9], [1, 16, 2, 17], [3, 18, 4, 19], [5, 20, 6, 21], [22, 14, 23, 13], [7, 24, 8, 1], [17, 2, 18, 3], [21, 4, 22, 5], [19, 6, 20, 7]]"
12n_0238_84,"[[20, 7, 21, 8], [9, 13, 10, 12], [11, 17, 12, 16], [13, 1, 14, 24], [15, 11, 16, 10], [2, 17, 3, 18], [4, 19, 5, 20], [6, 21, 7, 22], [23, 15, 24, 14], [8, 1, 9, 2], [18, 3, 19, 4], [22, 5, 23, 6]]"
12n_0238_85,"[[22, 5, 23, 6], [20, 7, 21, 8], [9, 13, 10, 12], [11, 17, 12, 16], [13, 1, 14, 24], [15, 11, 16, 10], [2, 17, 3, 18], [4, 19, 5, 20], [6, 21, 7, 22], [23, 15, 24, 14], [8, 1, 9, 2], [18, 3, 19, 4]]"
12n_0238_86,"[[18, 3, 19, 4], [22, 5, 23, 6], [20, 7, 21, 8], [9, 13, 10, 12], [11, 17, 12, 16], [13, 1, 14, 24], [15, 11, 16, 10], [2, 17, 3, 18], [4, 19, 5, 20], [6, 21, 7, 22], [23, 15, 24, 14], [8, 1, 9, 2]]"
12n_0238_87,"[[8, 1, 9, 2], [18, 3, 19, 4], [22, 5, 23, 6], [20, 7, 21, 8], [9, 13, 10, 12], [11, 17, 12, 16], [13, 1, 14, 24], [15, 11, 16, 10], [2, 17, 3, 18], [4, 19, 5, 20], [6, 21, 7, 22], [23, 15, 24, 14]]"
12n_0238_88,"[[23, 15, 24, 14], [8, 1, 9, 2], [18, 3, 19, 4], [22, 5, 23, 6], [20, 7, 21, 8], [9, 13, 10, 12], [11, 17, 12, 16], [13, 1, 14, 24], [15, 11, 16, 10], [2, 17, 3, 18], [4, 19, 5, 20], [6, 21, 7, 22]]"
12n_0238_89,"[[6, 21, 7, 22], [23, 15, 24, 14], [8, 1, 9, 2], [18, 3, 19, 4], [22, 5, 23, 6], [20, 7, 21, 8], [9, 13, 10, 12], [11, 17, 12, 16], [13, 1, 14, 24], [15, 11, 16, 10], [2, 17, 3, 18], [4, 19, 5, 20]]"
12n_0238_90,"[[4, 19, 5, 20], [6, 21, 7, 22], [23, 15, 24, 14], [8, 1, 9, 2], [18, 3, 19, 4], [22, 5, 23, 6], [20, 7, 21, 8], [9, 13, 10, 12], [11, 17, 12, 16], [13, 1, 14, 24], [15, 11, 16, 10], [2, 17, 3, 18]]"
12n_0238_91,"[[2, 17, 3, 18], [4, 19, 5, 20], [6, 21, 7, 22], [23, 15, 24, 14], [8, 1, 9, 2], [18, 3, 19, 4], [22, 5, 23, 6], [20, 7, 21, 8], [9, 13, 10, 12], [11, 17, 12, 16], [13, 1, 14, 24], [15, 11, 16, 10]]"
12n_0238_92,"[[15, 11, 16, 10], [2, 17, 3, 18], [4, 19, 5, 20], [6, 21, 7, 22], [23, 15, 24, 14], [8, 1, 9, 2], [18, 3, 19, 4], [22, 5, 23, 6], [20, 7, 21, 8], [9, 13, 10, 12], [11, 17, 12, 16], [13, 1, 14, 24]]"
12n_0238_93,"[[13, 1, 14, 24], [15, 11, 16, 10], [2, 17, 3, 18], [4, 19, 5, 20], [6, 21, 7, 22], [23, 15, 24, 14], [8, 1, 9, 2], [18, 3, 19, 4], [22, 5, 23, 6], [20, 7, 21, 8], [9, 13, 10, 12], [11, 17, 12, 16]]"
12n_0238_94,"[[11, 17, 12, 16], [13, 1, 14, 24], [15, 11, 16, 10], [2, 17, 3, 18], [4, 19, 5, 20], [6, 21, 7, 22], [23, 15, 24, 14], [8, 1, 9, 2], [18, 3, 19, 4], [22, 5, 23, 6], [20, 7, 21, 8], [9, 13, 10, 12]]"
12n_0238_95,"[[9, 13, 10, 12], [11, 17, 12, 16], [13, 1, 14, 24], [15, 11, 16, 10], [2, 17, 3, 18], [4, 19, 5, 20], [6, 21, 7, 22], [23, 15, 24, 14], [8, 1, 9, 2], [18, 3, 19, 4], [22, 5, 23, 6], [20, 7, 21, 8]]"
12n_0238_96,"[[21, 8, 22, 9], [10, 14, 11, 13], [12, 18, 13, 17], [14, 2, 15, 1], [16, 12, 17, 11], [3, 18, 4, 19], [5, 20, 6, 21], [7, 22, 8, 23], [24, 16, 1, 15], [9, 2, 10, 3], [19, 4, 20, 5], [23, 6, 24, 7]]"
12n_0238_97,"[[23, 6, 24, 7], [21, 8, 22, 9], [10, 14, 11, 13], [12, 18, 13, 17], [14, 2, 15, 1], [16, 12, 17, 11], [3, 18, 4, 19], [5, 20, 6, 21], [7, 22, 8, 23], [24, 16, 1, 15], [9, 2, 10, 3], [19, 4, 20, 5]]"
12n_0238_98,"[[19, 4, 20, 5], [23, 6, 24, 7], [21, 8, 22, 9], [10, 14, 11, 13], [12, 18, 13, 17], [14, 2, 15, 1], [16, 12, 17, 11], [3, 18, 4, 19], [5, 20, 6, 21], [7, 22, 8, 23], [24, 16, 1, 15], [9, 2, 10, 3]]"
12n_0238_99,"[[9, 2, 10, 3], [19, 4, 20, 5], [23, 6, 24, 7], [21, 8, 22, 9], [10, 14, 11, 13], [12, 18, 13, 17], [14, 2, 15, 1], [16, 12, 17, 11], [3, 18, 4, 19], [5, 20, 6, 21], [7, 22, 8, 23], [24, 16, 1, 15]]"
12n_0238_100,"[[24, 16, 1, 15], [9, 2, 10, 3], [19, 4, 20, 5], [23, 6, 24, 7], [21, 8, 22, 9], [10, 14, 11, 13], [12, 18, 13, 17], [14, 2, 15, 1], [16, 12, 17, 11], [3, 18, 4, 19], [5, 20, 6, 21], [7, 22, 8, 23]]"
12n_0238_101,"[[7, 22, 8, 23], [24, 16, 1, 15], [9, 2, 10, 3], [19, 4, 20, 5], [23, 6, 24, 7], [21, 8, 22, 9], [10, 14, 11, 13], [12, 18, 13, 17], [14, 2, 15, 1], [16, 12, 17, 11], [3, 18, 4, 19], [5, 20, 6, 21]]"
12n_0238_102,"[[5, 20, 6, 21], [7, 22, 8, 23], [24, 16, 1, 15], [9, 2, 10, 3], [19, 4, 20, 5], [23, 6, 24, 7], [21, 8, 22, 9], [10, 14, 11, 13], [12, 18, 13, 17], [14, 2, 15, 1], [16, 12, 17, 11], [3, 18, 4, 19]]"
12n_0238_103,"[[3, 18, 4, 19], [5, 20, 6, 21], [7, 22, 8, 23], [24, 16, 1, 15], [9, 2, 10, 3], [19, 4, 20, 5], [23, 6, 24, 7], [21, 8, 22, 9], [10, 14, 11, 13], [12, 18, 13, 17], [14, 2, 15, 1], [16, 12, 17, 11]]"
12n_0238_104,"[[16, 12, 17, 11], [3, 18, 4, 19], [5, 20, 6, 21], [7, 22, 8, 23], [24, 16, 1, 15], [9, 2, 10, 3], [19, 4, 20, 5], [23, 6, 24, 7], [21, 8, 22, 9], [10, 14, 11, 13], [12, 18, 13, 17], [14, 2, 15, 1]]"
12n_0238_105,"[[14, 2, 15, 1], [16, 12, 17, 11], [3, 18, 4, 19], [5, 20, 6, 21], [7, 22, 8, 23], [24, 16, 1, 15], [9, 2, 10, 3], [19, 4, 20, 5], [23, 6, 24, 7], [21, 8, 22, 9], [10, 14, 11, 13], [12, 18, 13, 17]]"
12n_0238_106,"[[12, 18, 13, 17], [14, 2, 15, 1], [16, 12, 17, 11], [3, 18, 4, 19], [5, 20, 6, 21], [7, 22, 8, 23], [24, 16, 1, 15], [9, 2, 10, 3], [19, 4, 20, 5], [23, 6, 24, 7], [21, 8, 22, 9], [10, 14, 11, 13]]"
12n_0238_107,"[[10, 14, 11, 13], [12, 18, 13, 17], [14, 2, 15, 1], [16, 12, 17, 11], [3, 18, 4, 19], [5, 20, 6, 21], [7, 22, 8, 23], [24, 16, 1, 15], [9, 2, 10, 3], [19, 4, 20, 5], [23, 6, 24, 7], [21, 8, 22, 9]]"
12n_0238_108,"[[22, 9, 23, 10], [11, 15, 12, 14], [13, 19, 14, 18], [15, 3, 16, 2], [17, 13, 18, 12], [4, 19, 5, 20], [6, 21, 7, 22], [8, 23, 9, 24], [1, 17, 2, 16], [10, 3, 11, 4], [20, 5, 21, 6], [24, 7, 1, 8]]"
12n_0238_109,"[[24, 7, 1, 8], [22, 9, 23, 10], [11, 15, 12, 14], [13, 19, 14, 18], [15, 3, 16, 2], [17, 13, 18, 12], [4, 19, 5, 20], [6, 21, 7, 22], [8, 23, 9, 24], [1, 17, 2, 16], [10, 3, 11, 4], [20, 5, 21, 6]]"
12n_0238_110,"[[20, 5, 21, 6], [24, 7, 1, 8], [22, 9, 23, 10], [11, 15, 12, 14], [13, 19, 14, 18], [15, 3, 16, 2], [17, 13, 18, 12], [4, 19, 5, 20], [6, 21, 7, 22], [8, 23, 9, 24], [1, 17, 2, 16], [10, 3, 11, 4]]"
12n_0238_111,"[[10, 3, 11, 4], [20, 5, 21, 6], [24, 7, 1, 8], [22, 9, 23, 10], [11, 15, 12, 14], [13, 19, 14, 18], [15, 3, 16, 2], [17, 13, 18, 12], [4, 19, 5, 20], [6, 21, 7, 22], [8, 23, 9, 24], [1, 17, 2, 16]]"
12n_0238_112,"[[1, 17, 2, 16], [10, 3, 11, 4], [20, 5, 21, 6], [24, 7, 1, 8], [22, 9, 23, 10], [11, 15, 12, 14], [13, 19, 14, 18], [15, 3, 16, 2], [17, 13, 18, 12], [4, 19, 5, 20], [6, 21, 7, 22], [8, 23, 9, 24]]"
12n_0238_113,"[[8, 23, 9, 24], [1, 17, 2, 16], [10, 3, 11, 4], [20, 5, 21, 6], [24, 7, 1, 8], [22, 9, 23, 10], [11, 15, 12, 14], [13, 19, 14, 18], [15, 3, 16, 2], [17, 13, 18, 12], [4, 19, 5, 20], [6, 21, 7, 22]]"
12n_0238_114,"[[6, 21, 7, 22], [8, 23, 9, 24], [1, 17, 2, 16], [10, 3, 11, 4], [20, 5, 21, 6], [24, 7, 1, 8], [22, 9, 23, 10], [11, 15, 12, 14], [13, 19, 14, 18], [15, 3, 16, 2], [17, 13, 18, 12], [4, 19, 5, 20]]"
12n_0238_115,"[[4, 19, 5, 20], [6, 21, 7, 22], [8, 23, 9, 24], [1, 17, 2, 16], [10, 3, 11, 4], [20, 5, 21, 6], [24, 7, 1, 8], [22, 9, 23, 10], [11, 15, 12, 14], [13, 19, 14, 18], [15, 3, 16, 2], [17, 13, 18, 12]]"
12n_0238_116,"[[17, 13, 18, 12], [4, 19, 5, 20], [6, 21, 7, 22], [8, 23, 9, 24], [1, 17, 2, 16], [10, 3, 11, 4], [20, 5, 21, 6], [24, 7, 1, 8], [22, 9, 23, 10], [11, 15, 12, 14], [13, 19, 14, 18], [15, 3, 16, 2]]"
12n_0238_117,"[[15, 3, 16, 2], [17, 13, 18, 12], [4, 19, 5, 20], [6, 21, 7, 22], [8, 23, 9, 24], [1, 17, 2, 16], [10, 3, 11, 4], [20, 5, 21, 6], [24, 7, 1, 8], [22, 9, 23, 10], [11, 15, 12, 14], [13, 19, 14, 18]]"
12n_0238_118,"[[13, 19, 14, 18], [15, 3, 16, 2], [17, 13, 18, 12], [4, 19, 5, 20], [6, 21, 7, 22], [8, 23, 9, 24], [1, 17, 2, 16], [10, 3, 11, 4], [20, 5, 21, 6], [24, 7, 1, 8], [22, 9, 23, 10], [11, 15, 12, 14]]"
12n_0238_119,"[[11, 15, 12, 14], [13, 19, 14, 18], [15, 3, 16, 2], [17, 13, 18, 12], [4, 19, 5, 20], [6, 21, 7, 22], [8, 23, 9, 24], [1, 17, 2, 16], [10, 3, 11, 4], [20, 5, 21, 6], [24, 7, 1, 8], [22, 9, 23, 10]]"
12n_0238_120,"[[23, 10, 24, 11], [12, 16, 13, 15], [14, 20, 15, 19], [16, 4, 17, 3], [18, 14, 19, 13], [5, 20, 6, 21], [7, 22, 8, 23], [9, 24, 10, 1], [2, 18, 3, 17], [11, 4, 12, 5], [21, 6, 22, 7], [1, 8, 2, 9]]"
12n_0238_121,"[[1, 8, 2, 9], [23, 10, 24, 11], [12, 16, 13, 15], [14, 20, 15, 19], [16, 4, 17, 3], [18, 14, 19, 13], [5, 20, 6, 21], [7, 22, 8, 23], [9, 24, 10, 1], [2, 18, 3, 17], [11, 4, 12, 5], [21, 6, 22, 7]]"
12n_0238_122,"[[21, 6, 22, 7], [1, 8, 2, 9], [23, 10, 24, 11], [12, 16, 13, 15], [14, 20, 15, 19], [16, 4, 17, 3], [18, 14, 19, 13], [5, 20, 6, 21], [7, 22, 8, 23], [9, 24, 10, 1], [2, 18, 3, 17], [11, 4, 12, 5]]"
12n_0238_123,"[[11, 4, 12, 5], [21, 6, 22, 7], [1, 8, 2, 9], [23, 10, 24, 11], [12, 16, 13, 15], [14, 20, 15, 19], [16, 4, 17, 3], [18, 14, 19, 13], [5, 20, 6, 21], [7, 22, 8, 23], [9, 24, 10, 1], [2, 18, 3, 17]]"
12n_0238_124,"[[2, 18, 3, 17], [11, 4, 12, 5], [21, 6, 22, 7], [1, 8, 2, 9], [23, 10, 24, 11], [12, 16, 13, 15], [14, 20, 15, 19], [16, 4, 17, 3], [18, 14, 19, 13], [5, 20, 6, 21], [7, 22, 8, 23], [9, 24, 10, 1]]"
12n_0238_125,"[[9, 24, 10, 1], [2, 18, 3, 17], [11, 4, 12, 5], [21, 6, 22, 7], [1, 8, 2, 9], [23, 10, 24, 11], [12, 16, 13, 15], [14, 20, 15, 19], [16, 4, 17, 3], [18, 14, 19, 13], [5, 20, 6, 21], [7, 22, 8, 23]]"
12n_0238_126,"[[7, 22, 8, 23], [9, 24, 10, 1], [2, 18, 3, 17], [11, 4, 12, 5], [21, 6, 22, 7], [1, 8, 2, 9], [23, 10, 24, 11], [12, 16, 13, 15], [14, 20, 15, 19], [16, 4, 17, 3], [18, 14, 19, 13], [5, 20, 6, 21]]"
12n_0238_127,"[[5, 20, 6, 21], [7, 22, 8, 23], [9, 24, 10, 1], [2, 18, 3, 17], [11, 4, 12, 5], [21, 6, 22, 7], [1, 8, 2, 9], [23, 10, 24, 11], [12, 16, 13, 15], [14, 20, 15, 19], [16, 4, 17, 3], [18, 14, 19, 13]]"
12n_0238_128,"[[18, 14, 19, 13], [5, 20, 6, 21], [7, 22, 8, 23], [9, 24, 10, 1], [2, 18, 3, 17], [11, 4, 12, 5], [21, 6, 22, 7], [1, 8, 2, 9], [23, 10, 24, 11], [12, 16, 13, 15], [14, 20, 15, 19], [16, 4, 17, 3]]"
12n_0238_129,"[[16, 4, 17, 3], [18, 14, 19, 13], [5, 20, 6, 21], [7, 22, 8, 23], [9, 24, 10, 1], [2, 18, 3, 17], [11, 4, 12, 5], [21, 6, 22, 7], [1, 8, 2, 9], [23, 10, 24, 11], [12, 16, 13, 15], [14, 20, 15, 19]]"
12n_0238_130,"[[14, 20, 15, 19], [16, 4, 17, 3], [18, 14, 19, 13], [5, 20, 6, 21], [7, 22, 8, 23], [9, 24, 10, 1], [2, 18, 3, 17], [11, 4, 12, 5], [21, 6, 22, 7], [1, 8, 2, 9], [23, 10, 24, 11], [12, 16, 13, 15]]"
12n_0238_131,"[[12, 16, 13, 15], [14, 20, 15, 19], [16, 4, 17, 3], [18, 14, 19, 13], [5, 20, 6, 21], [7, 22, 8, 23], [9, 24, 10, 1], [2, 18, 3, 17], [11, 4, 12, 5], [21, 6, 22, 7], [1, 8, 2, 9], [23, 10, 24, 11]]"
12n_0238_132,"[[24, 11, 1, 12], [13, 17, 14, 16], [15, 21, 16, 20], [17, 5, 18, 4], [19, 15, 20, 14], [6, 21, 7, 22], [8, 23, 9, 24], [10, 1, 11, 2], [3, 19, 4, 18], [12, 5, 13, 6], [22, 7, 23, 8], [2, 9, 3, 10]]"
12n_0238_133,"[[2, 9, 3, 10], [24, 11, 1, 12], [13, 17, 14, 16], [15, 21, 16, 20], [17, 5, 18, 4], [19, 15, 20, 14], [6, 21, 7, 22], [8, 23, 9, 24], [10, 1, 11, 2], [3, 19, 4, 18], [12, 5, 13, 6], [22, 7, 23, 8]]"
12n_0238_134,"[[22, 7, 23, 8], [2, 9, 3, 10], [24, 11, 1, 12], [13, 17, 14, 16], [15, 21, 16, 20], [17, 5, 18, 4], [19, 15, 20, 14], [6, 21, 7, 22], [8, 23, 9, 24], [10, 1, 11, 2], [3, 19, 4, 18], [12, 5, 13, 6]]"
12n_0238_135,"[[12, 5, 13, 6], [22, 7, 23, 8], [2, 9, 3, 10], [24, 11, 1, 12], [13, 17, 14, 16], [15, 21, 16, 20], [17, 5, 18, 4], [19, 15, 20, 14], [6, 21, 7, 22], [8, 23, 9, 24], [10, 1, 11, 2], [3, 19, 4, 18]]"
12n_0238_136,"[[3, 19, 4, 18], [12, 5, 13, 6], [22, 7, 23, 8], [2, 9, 3, 10], [24, 11, 1, 12], [13, 17, 14, 16], [15, 21, 16, 20], [17, 5, 18, 4], [19, 15, 20, 14], [6, 21, 7, 22], [8, 23, 9, 24], [10, 1, 11, 2]]"
12n_0238_137,"[[10, 1, 11, 2], [3, 19, 4, 18], [12, 5, 13, 6], [22, 7, 23, 8], [2, 9, 3, 10], [24, 11, 1, 12], [13, 17, 14, 16], [15, 21, 16, 20], [17, 5, 18, 4], [19, 15, 20, 14], [6, 21, 7, 22], [8, 23, 9, 24]]"
12n_0238_138,"[[8, 23, 9, 24], [10, 1, 11, 2], [3, 19, 4, 18], [12, 5, 13, 6], [22, 7, 23, 8], [2, 9, 3, 10], [24, 11, 1, 12], [13, 17, 14, 16], [15, 21, 16, 20], [17, 5, 18, 4], [19, 15, 20, 14], [6, 21, 7, 22]]"
12n_0238_139,"[[6, 21, 7, 22], [8, 23, 9, 24], [10, 1, 11, 2], [3, 19, 4, 18], [12, 5, 13, 6], [22, 7, 23, 8], [2, 9, 3, 10], [24, 11, 1, 12], [13, 17, 14, 16], [15, 21, 16, 20], [17, 5, 18, 4], [19, 15, 20, 14]]"
12n_0238_140,"[[19, 15, 20, 14], [6, 21, 7, 22], [8, 23, 9, 24], [10, 1, 11, 2], [3, 19, 4, 18], [12, 5, 13, 6], [22, 7, 23, 8], [2, 9, 3, 10], [24, 11, 1, 12], [13, 17, 14, 16], [15, 21, 16, 20], [17, 5, 18, 4]]"
12n_0238_141,"[[17, 5, 18, 4], [19, 15, 20, 14], [6, 21, 7, 22], [8, 23, 9, 24], [10, 1, 11, 2], [3, 19, 4, 18], [12, 5, 13, 6], [22, 7, 23, 8], [2, 9, 3, 10], [24, 11, 1, 12], [13, 17, 14, 16], [15, 21, 16, 20]]"
12n_0238_142,"[[15, 21, 16, 20], [17, 5, 18, 4], [19, 15, 20, 14], [6, 21, 7, 22], [8, 23, 9, 24], [10, 1, 11, 2], [3, 19, 4, 18], [12, 5, 13, 6], [22, 7, 23, 8], [2, 9, 3, 10], [24, 11, 1, 12], [13, 17, 14, 16]]"
12n_0238_143,"[[13, 17, 14, 16], [15, 21, 16, 20], [17, 5, 18, 4], [19, 15, 20, 14], [6, 21, 7, 22], [8, 23, 9, 24], [10, 1, 11, 2], [3, 19, 4, 18], [12, 5, 13, 6], [22, 7, 23, 8], [2, 9, 3, 10], [24, 11, 1, 12]]"
12n_0238_144,"[[1, 12, 2, 13], [14, 18, 15, 17], [16, 22, 17, 21], [18, 6, 19, 5], [20, 16, 21, 15], [7, 22, 8, 23], [9, 24, 10, 1], [11, 2, 12, 3], [4, 20, 5, 19], [13, 6, 14, 7], [23, 8, 24, 9], [3, 10, 4, 11]]"
12n_0238_145,"[[3, 10, 4, 11], [1, 12, 2, 13], [14, 18, 15, 17], [16, 22, 17, 21], [18, 6, 19, 5], [20, 16, 21, 15], [7, 22, 8, 23], [9, 24, 10, 1], [11, 2, 12, 3], [4, 20, 5, 19], [13, 6, 14, 7], [23, 8, 24, 9]]"
12n_0238_146,"[[23, 8, 24, 9], [3, 10, 4, 11], [1, 12, 2, 13], [14, 18, 15, 17], [16, 22, 17, 21], [18, 6, 19, 5], [20, 16, 21, 15], [7, 22, 8, 23], [9, 24, 10, 1], [11, 2, 12, 3], [4, 20, 5, 19], [13, 6, 14, 7]]"
12n_0238_147,"[[13, 6, 14, 7], [23, 8, 24, 9], [3, 10, 4, 11], [1, 12, 2, 13], [14, 18, 15, 17], [16, 22, 17, 21], [18, 6, 19, 5], [20, 16, 21, 15], [7, 22, 8, 23], [9, 24, 10, 1], [11, 2, 12, 3], [4, 20, 5, 19]]"
12n_0238_148,"[[4, 20, 5, 19], [13, 6, 14, 7], [23, 8, 24, 9], [3, 10, 4, 11], [1, 12, 2, 13], [14, 18, 15, 17], [16, 22, 17, 21], [18, 6, 19, 5], [20, 16, 21, 15], [7, 22, 8, 23], [9, 24, 10, 1], [11, 2, 12, 3]]"
12n_0238_149,"[[11, 2, 12, 3], [4, 20, 5, 19], [13, 6, 14, 7], [23, 8, 24, 9], [3, 10, 4, 11], [1, 12, 2, 13], [14, 18, 15, 17], [16, 22, 17, 21], [18, 6, 19, 5], [20, 16, 21, 15], [7, 22, 8, 23], [9, 24, 10, 1]]"
12n_0238_150,"[[9, 24, 10, 1], [11, 2, 12, 3], [4, 20, 5, 19], [13, 6, 14, 7], [23, 8, 24, 9], [3, 10, 4, 11], [1, 12, 2, 13], [14, 18, 15, 17], [16, 22, 17, 21], [18, 6, 19, 5], [20, 16, 21, 15], [7, 22, 8, 23]]"
12n_0238_151,"[[7, 22, 8, 23], [9, 24, 10, 1], [11, 2, 12, 3], [4, 20, 5, 19], [13, 6, 14, 7], [23, 8, 24, 9], [3, 10, 4, 11], [1, 12, 2, 13], [14, 18, 15, 17], [16, 22, 17, 21], [18, 6, 19, 5], [20, 16, 21, 15]]"
12n_0238_152,"[[20, 16, 21, 15], [7, 22, 8, 23], [9, 24, 10, 1], [11, 2, 12, 3], [4, 20, 5, 19], [13, 6, 14, 7], [23, 8, 24, 9], [3, 10, 4, 11], [1, 12, 2, 13], [14, 18, 15, 17], [16, 22, 17, 21], [18, 6, 19, 5]]"
12n_0238_153,"[[18, 6, 19, 5], [20, 16, 21, 15], [7, 22, 8, 23], [9, 24, 10, 1], [11, 2, 12, 3], [4, 20, 5, 19], [13, 6, 14, 7], [23, 8, 24, 9], [3, 10, 4, 11], [1, 12, 2, 13], [14, 18, 15, 17], [16, 22, 17, 21]]"
12n_0238_154,"[[16, 22, 17, 21], [18, 6, 19, 5], [20, 16, 21, 15], [7, 22, 8, 23], [9, 24, 10, 1], [11, 2, 12, 3], [4, 20, 5, 19], [13, 6, 14, 7], [23, 8, 24, 9], [3, 10, 4, 11], [1, 12, 2, 13], [14, 18, 15, 17]]"
12n_0238_155,"[[14, 18, 15, 17], [16, 22, 17, 21], [18, 6, 19, 5], [20, 16, 21, 15], [7, 22, 8, 23], [9, 24, 10, 1], [11, 2, 12, 3], [4, 20, 5, 19], [13, 6, 14, 7], [23, 8, 24, 9], [3, 10, 4, 11], [1, 12, 2, 13]]"
12n_0238_156,"[[2, 13, 3, 14], [15, 19, 16, 18], [17, 23, 18, 22], [19, 7, 20, 6], [21, 17, 22, 16], [8, 23, 9, 24], [10, 1, 11, 2], [12, 3, 13, 4], [5, 21, 6, 20], [14, 7, 15, 8], [24, 9, 1, 10], [4, 11, 5, 12]]"
12n_0238_157,"[[4, 11, 5, 12], [2, 13, 3, 14], [15, 19, 16, 18], [17, 23, 18, 22], [19, 7, 20, 6], [21, 17, 22, 16], [8, 23, 9, 24], [10, 1, 11, 2], [12, 3, 13, 4], [5, 21, 6, 20], [14, 7, 15, 8], [24, 9, 1, 10]]"
12n_0238_158,"[[24, 9, 1, 10], [4, 11, 5, 12], [2, 13, 3, 14], [15, 19, 16, 18], [17, 23, 18, 22], [19, 7, 20, 6], [21, 17, 22, 16], [8, 23, 9, 24], [10, 1, 11, 2], [12, 3, 13, 4], [5, 21, 6, 20], [14, 7, 15, 8]]"
12n_0238_159,"[[14, 7, 15, 8], [24, 9, 1, 10], [4, 11, 5, 12], [2, 13, 3, 14], [15, 19, 16, 18], [17, 23, 18, 22], [19, 7, 20, 6], [21, 17, 22, 16], [8, 23, 9, 24], [10, 1, 11, 2], [12, 3, 13, 4], [5, 21, 6, 20]]"
12n_0238_160,"[[5, 21, 6, 20], [14, 7, 15, 8], [24, 9, 1, 10], [4, 11, 5, 12], [2, 13, 3, 14], [15, 19, 16, 18], [17, 23, 18, 22], [19, 7, 20, 6], [21, 17, 22, 16], [8, 23, 9, 24], [10, 1, 11, 2], [12, 3, 13, 4]]"
12n_0238_161,"[[12, 3, 13, 4], [5, 21, 6, 20], [14, 7, 15, 8], [24, 9, 1, 10], [4, 11, 5, 12], [2, 13, 3, 14], [15, 19, 16, 18], [17, 23, 18, 22], [19, 7, 20, 6], [21, 17, 22, 16], [8, 23, 9, 24], [10, 1, 11, 2]]"
12n_0238_162,"[[10, 1, 11, 2], [12, 3, 13, 4], [5, 21, 6, 20], [14, 7, 15, 8], [24, 9, 1, 10], [4, 11, 5, 12], [2, 13, 3, 14], [15, 19, 16, 18], [17, 23, 18, 22], [19, 7, 20, 6], [21, 17, 22, 16], [8, 23, 9, 24]]"
12n_0238_163,"[[8, 23, 9, 24], [10, 1, 11, 2], [12, 3, 13, 4], [5, 21, 6, 20], [14, 7, 15, 8], [24, 9, 1, 10], [4, 11, 5, 12], [2, 13, 3, 14], [15, 19, 16, 18], [17, 23, 18, 22], [19, 7, 20, 6], [21, 17, 22, 16]]"
12n_0238_164,"[[21, 17, 22, 16], [8, 23, 9, 24], [10, 1, 11, 2], [12, 3, 13, 4], [5, 21, 6, 20], [14, 7, 15, 8], [24, 9, 1, 10], [4, 11, 5, 12], [2, 13, 3, 14], [15, 19, 16, 18], [17, 23, 18, 22], [19, 7, 20, 6]]"
12n_0238_165,"[[19, 7, 20, 6], [21, 17, 22, 16], [8, 23, 9, 24], [10, 1, 11, 2], [12, 3, 13, 4], [5, 21, 6, 20], [14, 7, 15, 8], [24, 9, 1, 10], [4, 11, 5, 12], [2, 13, 3, 14], [15, 19, 16, 18], [17, 23, 18, 22]]"
12n_0238_166,"[[17, 23, 18, 22], [19, 7, 20, 6], [21, 17, 22, 16], [8, 23, 9, 24], [10, 1, 11, 2], [12, 3, 13, 4], [5, 21, 6, 20], [14, 7, 15, 8], [24, 9, 1, 10], [4, 11, 5, 12], [2, 13, 3, 14], [15, 19, 16, 18]]"
12n_0238_167,"[[15, 19, 16, 18], [17, 23, 18, 22], [19, 7, 20, 6], [21, 17, 22, 16], [8, 23, 9, 24], [10, 1, 11, 2], [12, 3, 13, 4], [5, 21, 6, 20], [14, 7, 15, 8], [24, 9, 1, 10], [4, 11, 5, 12], [2, 13, 3, 14]]"
12n_0238_168,"[[3, 14, 4, 15], [16, 20, 17, 19], [18, 24, 19, 23], [20, 8, 21, 7], [22, 18, 23, 17], [9, 24, 10, 1], [11, 2, 12, 3], [13, 4, 14, 5], [6, 22, 7, 21], [15, 8, 16, 9], [1, 10, 2, 11], [5, 12, 6, 13]]"
12n_0238_169,"[[5, 12, 6, 13], [3, 14, 4, 15], [16, 20, 17, 19], [18, 24, 19, 23], [20, 8, 21, 7], [22, 18, 23, 17], [9, 24, 10, 1], [11, 2, 12, 3], [13, 4, 14, 5], [6, 22, 7, 21], [15, 8, 16, 9], [1, 10, 2, 11]]"
12n_0238_170,"[[1, 10, 2, 11], [5, 12, 6, 13], [3, 14, 4, 15], [16, 20, 17, 19], [18, 24, 19, 23], [20, 8, 21, 7], [22, 18, 23, 17], [9, 24, 10, 1], [11, 2, 12, 3], [13, 4, 14, 5], [6, 22, 7, 21], [15, 8, 16, 9]]"
12n_0238_171,"[[15, 8, 16, 9], [1, 10, 2, 11], [5, 12, 6, 13], [3, 14, 4, 15], [16, 20, 17, 19], [18, 24, 19, 23], [20, 8, 21, 7], [22, 18, 23, 17], [9, 24, 10, 1], [11, 2, 12, 3], [13, 4, 14, 5], [6, 22, 7, 21]]"
12n_0238_172,"[[6, 22, 7, 21], [15, 8, 16, 9], [1, 10, 2, 11], [5, 12, 6, 13], [3, 14, 4, 15], [16, 20, 17, 19], [18, 24, 19, 23], [20, 8, 21, 7], [22, 18, 23, 17], [9, 24, 10, 1], [11, 2, 12, 3], [13, 4, 14, 5]]"
12n_0238_173,"[[13, 4, 14, 5], [6, 22, 7, 21], [15, 8, 16, 9], [1, 10, 2, 11], [5, 12, 6, 13], [3, 14, 4, 15], [16, 20, 17, 19], [18, 24, 19, 23], [20, 8, 21, 7], [22, 18, 23, 17], [9, 24, 10, 1], [11, 2, 12, 3]]"
12n_0238_174,"[[11, 2, 12, 3], [13, 4, 14, 5], [6, 22, 7, 21], [15, 8, 16, 9], [1, 10, 2, 11], [5, 12, 6, 13], [3, 14, 4, 15], [16, 20, 17, 19], [18, 24, 19, 23], [20, 8, 21, 7], [22, 18, 23, 17], [9, 24, 10, 1]]"
12n_0238_175,"[[9, 24, 10, 1], [11, 2, 12, 3], [13, 4, 14, 5], [6, 22, 7, 21], [15, 8, 16, 9], [1, 10, 2, 11], [5, 12, 6, 13], [3, 14, 4, 15], [16, 20, 17, 19], [18, 24, 19, 23], [20, 8, 21, 7], [22, 18, 23, 17]]"
12n_0238_176,"[[22, 18, 23, 17], [9, 24, 10, 1], [11, 2, 12, 3], [13, 4, 14, 5], [6, 22, 7, 21], [15, 8, 16, 9], [1, 10, 2, 11], [5, 12, 6, 13], [3, 14, 4, 15], [16, 20, 17, 19], [18, 24, 19, 23], [20, 8, 21, 7]]"
12n_0238_177,"[[20, 8, 21, 7], [22, 18, 23, 17], [9, 24, 10, 1], [11, 2, 12, 3], [13, 4, 14, 5], [6, 22, 7, 21], [15, 8, 16, 9], [1, 10, 2, 11], [5, 12, 6, 13], [3, 14, 4, 15], [16, 20, 17, 19], [18, 24, 19, 23]]"
12n_0238_178,"[[18, 24, 19, 23], [20, 8, 21, 7], [22, 18, 23, 17], [9, 24, 10, 1], [11, 2, 12, 3], [13, 4, 14, 5], [6, 22, 7, 21], [15, 8, 16, 9], [1, 10, 2, 11], [5, 12, 6, 13], [3, 14, 4, 15], [16, 20, 17, 19]]"
12n_0238_179,"[[16, 20, 17, 19], [18, 24, 19, 23], [20, 8, 21, 7], [22, 18, 23, 17], [9, 24, 10, 1], [11, 2, 12, 3], [13, 4, 14, 5], [6, 22, 7, 21], [15, 8, 16, 9], [1, 10, 2, 11], [5, 12, 6, 13], [3, 14, 4, 15]]"
12n_0238_180,"[[4, 15, 5, 16], [17, 21, 18, 20], [19, 1, 20, 24], [21, 9, 22, 8], [23, 19, 24, 18], [10, 1, 11, 2], [12, 3, 13, 4], [14, 5, 15, 6], [7, 23, 8, 22], [16, 9, 17, 10], [2, 11, 3, 12], [6, 13, 7, 14]]"
12n_0238_181,"[[6, 13, 7, 14], [4, 15, 5, 16], [17, 21, 18, 20], [19, 1, 20, 24], [21, 9, 22, 8], [23, 19, 24, 18], [10, 1, 11, 2], [12, 3, 13, 4], [14, 5, 15, 6], [7, 23, 8, 22], [16, 9, 17, 10], [2, 11, 3, 12]]"
12n_0238_182,"[[2, 11, 3, 12], [6, 13, 7, 14], [4, 15, 5, 16], [17, 21, 18, 20], [19, 1, 20, 24], [21, 9, 22, 8], [23, 19, 24, 18], [10, 1, 11, 2], [12, 3, 13, 4], [14, 5, 15, 6], [7, 23, 8, 22], [16, 9, 17, 10]]"
12n_0238_183,"[[16, 9, 17, 10], [2, 11, 3, 12], [6, 13, 7, 14], [4, 15, 5, 16], [17, 21, 18, 20], [19, 1, 20, 24], [21, 9, 22, 8], [23, 19, 24, 18], [10, 1, 11, 2], [12, 3, 13, 4], [14, 5, 15, 6], [7, 23, 8, 22]]"
12n_0238_184,"[[7, 23, 8, 22], [16, 9, 17, 10], [2, 11, 3, 12], [6, 13, 7, 14], [4, 15, 5, 16], [17, 21, 18, 20], [19, 1, 20, 24], [21, 9, 22, 8], [23, 19, 24, 18], [10, 1, 11, 2], [12, 3, 13, 4], [14, 5, 15, 6]]"
12n_0238_185,"[[14, 5, 15, 6], [7, 23, 8, 22], [16, 9, 17, 10], [2, 11, 3, 12], [6, 13, 7, 14], [4, 15, 5, 16], [17, 21, 18, 20], [19, 1, 20, 24], [21, 9, 22, 8], [23, 19, 24, 18], [10, 1, 11, 2], [12, 3, 13, 4]]"
