name,pd_notation
12n_0505_0,"[[24, 16, 1, 15], [2, 6, 3, 5], [4, 11, 5, 12], [6, 17, 7, 18], [23, 8, 24, 9], [10, 14, 11, 13], [12, 3, 13, 4], [14, 19, 15, 20], [16, 22, 17, 21], [18, 9, 19, 10], [20, 1, 21, 2], [7, 22, 8, 23]]"
12n_0505_1,"[[7, 22, 8, 23], [24, 16, 1, 15], [2, 6, 3, 5], [4, 11, 5, 12], [6, 17, 7, 18], [23, 8, 24, 9], [10, 14, 11, 13], [12, 3, 13, 4], [14, 19, 15, 20], [16, 22, 17, 21], [18, 9, 19, 10], [20, 1, 21, 2]]"
12n_0505_2,"[[20, 1, 21, 2], [7, 22, 8, 23], [24, 16, 1, 15], [2, 6, 3, 5], [4, 11, 5, 12], [6, 17, 7, 18], [23, 8, 24, 9], [10, 14, 11, 13], [12, 3, 13, 4], [14, 19, 15, 20], [16, 22, 17, 21], [18, 9, 19, 10]]"
12n_0505_3,"[[18, 9, 19, 10], [20, 1, 21, 2], [7, 22, 8, 23], [24, 16, 1, 15], [2, 6, 3, 5], [4, 11, 5, 12], [6, 17, 7, 18], [23, 8, 24, 9], [10, 14, 11, 13], [12, 3, 13, 4], [14, 19, 15, 20], [16, 22, 17, 21]]"
12n_0505_4,"[[16, 22, 17, 21], [18, 9, 19, 10], [20, 1, 21, 2], [7, 22, 8, 23], [24, 16, 1, 15], [2, 6, 3, 5], [4, 11, 5, 12], [6, 17, 7, 18], [23, 8, 24, 9], [10, 14, 11, 13], [12, 3, 13, 4], [14, 19, 15, 20]]"
12n_0505_5,"[[14, 19, 15, 20], [16, 22, 17, 21], [18, 9, 19, 10], [20, 1, 21, 2], [7, 22, 8, 23], [24, 16, 1, 15], [2, 6, 3, 5], [4, 11, 5, 12], [6, 17, 7, 18], [23, 8, 24, 9], [10, 14, 11, 13], [12, 3, 13, 4]]"
12n_0505_6,"[[12, 3, 13, 4], [14, 19, 15, 20], [16, 22, 17, 21], [18, 9, 19, 10], [20, 1, 21, 2], [7, 22, 8, 23], [24, 16, 1, 15], [2, 6, 3, 5], [4, 11, 5, 12], [6, 17, 7, 18], [23, 8, 24, 9], [10, 14, 11, 13]]"
12n_0505_7,"[[10, 14, 11, 13], [12, 3, 13, 4], [14, 19, 15, 20], [16, 22, 17, 21], [18, 9, 19, 10], [20, 1, 21, 2], [7, 22, 8, 23], [24, 16, 1, 15], [2, 6, 3, 5], [4, 11, 5, 12], [6, 17, 7, 18], [23, 8, 24, 9]]"
12n_0505_8,"[[23, 8, 24, 9], [10, 14, 11, 13], [12, 3, 13, 4], [14, 19, 15, 20], [16, 22, 17, 21], [18, 9, 19, 10], [20, 1, 21, 2], [7, 22, 8, 23], [24, 16, 1, 15], [2, 6, 3, 5], [4, 11, 5, 12], [6, 17, 7, 18]]"
12n_0505_9,"[[6, 17, 7, 18], [23, 8, 24, 9], [10, 14, 11, 13], [12, 3, 13, 4], [14, 19, 15, 20], [16, 22, 17, 21], [18, 9, 19, 10], [20, 1, 21, 2], [7, 22, 8, 23], [24, 16, 1, 15], [2, 6, 3, 5], [4, 11, 5, 12]]"
12n_0505_10,"[[4, 11, 5, 12], [6, 17, 7, 18], [23, 8, 24, 9], [10, 14, 11, 13], [12, 3, 13, 4], [14, 19, 15, 20], [16, 22, 17, 21], [18, 9, 19, 10], [20, 1, 21, 2], [7, 22, 8, 23], [24, 16, 1, 15], [2, 6, 3, 5]]"
12n_0505_11,"[[2, 6, 3, 5], [4, 11, 5, 12], [6, 17, 7, 18], [23, 8, 24, 9], [10, 14, 11, 13], [12, 3, 13, 4], [14, 19, 15, 20], [16, 22, 17, 21], [18, 9, 19, 10], [20, 1, 21, 2], [7, 22, 8, 23], [24, 16, 1, 15]]"
12n_0505_12,"[[1, 17, 2, 16], [3, 7, 4, 6], [5, 12, 6, 13], [7, 18, 8, 19], [24, 9, 1, 10], [11, 15, 12, 14], [13, 4, 14, 5], [15, 20, 16, 21], [17, 23, 18, 22], [19, 10, 20, 11], [21, 2, 22, 3], [8, 23, 9, 24]]"
12n_0505_13,"[[8, 23, 9, 24], [1, 17, 2, 16], [3, 7, 4, 6], [5, 12, 6, 13], [7, 18, 8, 19], [24, 9, 1, 10], [11, 15, 12, 14], [13, 4, 14, 5], [15, 20, 16, 21], [17, 23, 18, 22], [19, 10, 20, 11], [21, 2, 22, 3]]"
12n_0505_14,"[[21, 2, 22, 3], [8, 23, 9, 24], [1, 17, 2, 16], [3, 7, 4, 6], [5, 12, 6, 13], [7, 18, 8, 19], [24, 9, 1, 10], [11, 15, 12, 14], [13, 4, 14, 5], [15, 20, 16, 21], [17, 23, 18, 22], [19, 10, 20, 11]]"
12n_0505_15,"[[19, 10, 20, 11], [21, 2, 22, 3], [8, 23, 9, 24], [1, 17, 2, 16], [3, 7, 4, 6], [5, 12, 6, 13], [7, 18, 8, 19], [24, 9, 1, 10], [11, 15, 12, 14], [13, 4, 14, 5], [15, 20, 16, 21], [17, 23, 18, 22]]"
12n_0505_16,"[[17, 23, 18, 22], [19, 10, 20, 11], [21, 2, 22, 3], [8, 23, 9, 24], [1, 17, 2, 16], [3, 7, 4, 6], [5, 12, 6, 13], [7, 18, 8, 19], [24, 9, 1, 10], [11, 15, 12, 14], [13, 4, 14, 5], [15, 20, 16, 21]]"
12n_0505_17,"[[15, 20, 16, 21], [17, 23, 18, 22], [19, 10, 20, 11], [21, 2, 22, 3], [8, 23, 9, 24], [1, 17, 2, 16], [3, 7, 4, 6], [5, 12, 6, 13], [7, 18, 8, 19], [24, 9, 1, 10], [11, 15, 12, 14], [13, 4, 14, 5]]"
12n_0505_18,"[[13, 4, 14, 5], [15, 20, 16, 21], [17, 23, 18, 22], [19, 10, 20, 11], [21, 2, 22, 3], [8, 23, 9, 24], [1, 17, 2, 16], [3, 7, 4, 6], [5, 12, 6, 13], [7, 18, 8, 19], [24, 9, 1, 10], [11, 15, 12, 14]]"
12n_0505_19,"[[11, 15, 12, 14], [13, 4, 14, 5], [15, 20, 16, 21], [17, 23, 18, 22], [19, 10, 20, 11], [21, 2, 22, 3], [8, 23, 9, 24], [1, 17, 2, 16], [3, 7, 4, 6], [5, 12, 6, 13], [7, 18, 8, 19], [24, 9, 1, 10]]"
12n_0505_20,"[[24, 9, 1, 10], [11, 15, 12, 14], [13, 4, 14, 5], [15, 20, 16, 21], [17, 23, 18, 22], [19, 10, 20, 11], [21, 2, 22, 3], [8, 23, 9, 24], [1, 17, 2, 16], [3, 7, 4, 6], [5, 12, 6, 13], [7, 18, 8, 19]]"
12n_0505_21,"[[7, 18, 8, 19], [24, 9, 1, 10], [11, 15, 12, 14], [13, 4, 14, 5], [15, 20, 16, 21], [17, 23, 18, 22], [19, 10, 20, 11], [21, 2, 22, 3], [8, 23, 9, 24], [1, 17, 2, 16], [3, 7, 4, 6], [5, 12, 6, 13]]"
12n_0505_22,"[[5, 12, 6, 13], [7, 18, 8, 19], [24, 9, 1, 10], [11, 15, 12, 14], [13, 4, 14, 5], [15, 20, 16, 21], [17, 23, 18, 22], [19, 10, 20, 11], [21, 2, 22, 3], [8, 23, 9, 24], [1, 17, 2, 16], [3, 7, 4, 6]]"
12n_0505_23,"[[3, 7, 4, 6], [5, 12, 6, 13], [7, 18, 8, 19], [24, 9, 1, 10], [11, 15, 12, 14], [13, 4, 14, 5], [15, 20, 16, 21], [17, 23, 18, 22], [19, 10, 20, 11], [21, 2, 22, 3], [8, 23, 9, 24], [1, 17, 2, 16]]"
12n_0505_24,"[[2, 18, 3, 17], [4, 8, 5, 7], [6, 13, 7, 14], [8, 19, 9, 20], [1, 10, 2, 11], [12, 16, 13, 15], [14, 5, 15, 6], [16, 21, 17, 22], [18, 24, 19, 23], [20, 11, 21, 12], [22, 3, 23, 4], [9, 24, 10, 1]]"
12n_0505_25,"[[9, 24, 10, 1], [2, 18, 3, 17], [4, 8, 5, 7], [6, 13, 7, 14], [8, 19, 9, 20], [1, 10, 2, 11], [12, 16, 13, 15], [14, 5, 15, 6], [16, 21, 17, 22], [18, 24, 19, 23], [20, 11, 21, 12], [22, 3, 23, 4]]"
12n_0505_26,"[[22, 3, 23, 4], [9, 24, 10, 1], [2, 18, 3, 17], [4, 8, 5, 7], [6, 13, 7, 14], [8, 19, 9, 20], [1, 10, 2, 11], [12, 16, 13, 15], [14, 5, 15, 6], [16, 21, 17, 22], [18, 24, 19, 23], [20, 11, 21, 12]]"
12n_0505_27,"[[20, 11, 21, 12], [22, 3, 23, 4], [9, 24, 10, 1], [2, 18, 3, 17], [4, 8, 5, 7], [6, 13, 7, 14], [8, 19, 9, 20], [1, 10, 2, 11], [12, 16, 13, 15], [14, 5, 15, 6], [16, 21, 17, 22], [18, 24, 19, 23]]"
12n_0505_28,"[[18, 24, 19, 23], [20, 11, 21, 12], [22, 3, 23, 4], [9, 24, 10, 1], [2, 18, 3, 17], [4, 8, 5, 7], [6, 13, 7, 14], [8, 19, 9, 20], [1, 10, 2, 11], [12, 16, 13, 15], [14, 5, 15, 6], [16, 21, 17, 22]]"
12n_0505_29,"[[16, 21, 17, 22], [18, 24, 19, 23], [20, 11, 21, 12], [22, 3, 23, 4], [9, 24, 10, 1], [2, 18, 3, 17], [4, 8, 5, 7], [6, 13, 7, 14], [8, 19, 9, 20], [1, 10, 2, 11], [12, 16, 13, 15], [14, 5, 15, 6]]"
12n_0505_30,"[[14, 5, 15, 6], [16, 21, 17, 22], [18, 24, 19, 23], [20, 11, 21, 12], [22, 3, 23, 4], [9, 24, 10, 1], [2, 18, 3, 17], [4, 8, 5, 7], [6, 13, 7, 14], [8, 19, 9, 20], [1, 10, 2, 11], [12, 16, 13, 15]]"
12n_0505_31,"[[12, 16, 13, 15], [14, 5, 15, 6], [16, 21, 17, 22], [18, 24, 19, 23], [20, 11, 21, 12], [22, 3, 23, 4], [9, 24, 10, 1], [2, 18, 3, 17], [4, 8, 5, 7], [6, 13, 7, 14], [8, 19, 9, 20], [1, 10, 2, 11]]"
12n_0505_32,"[[1, 10, 2, 11], [12, 16, 13, 15], [14, 5, 15, 6], [16, 21, 17, 22], [18, 24, 19, 23], [20, 11, 21, 12], [22, 3, 23, 4], [9, 24, 10, 1], [2, 18, 3, 17], [4, 8, 5, 7], [6, 13, 7, 14], [8, 19, 9, 20]]"
12n_0505_33,"[[8, 19, 9, 20], [1, 10, 2, 11], [12, 16, 13, 15], [14, 5, 15, 6], [16, 21, 17, 22], [18, 24, 19, 23], [20, 11, 21, 12], [22, 3, 23, 4], [9, 24, 10, 1], [2, 18, 3, 17], [4, 8, 5, 7], [6, 13, 7, 14]]"
12n_0505_34,"[[6, 13, 7, 14], [8, 19, 9, 20], [1, 10, 2, 11], [12, 16, 13, 15], [14, 5, 15, 6], [16, 21, 17, 22], [18, 24, 19, 23], [20, 11, 21, 12], [22, 3, 23, 4], [9, 24, 10, 1], [2, 18, 3, 17], [4, 8, 5, 7]]"
12n_0505_35,"[[4, 8, 5, 7], [6, 13, 7, 14], [8, 19, 9, 20], [1, 10, 2, 11], [12, 16, 13, 15], [14, 5, 15, 6], [16, 21, 17, 22], [18, 24, 19, 23], [20, 11, 21, 12], [22, 3, 23, 4], [9, 24, 10, 1], [2, 18, 3, 17]]"
12n_0505_36,"[[3, 19, 4, 18], [5, 9, 6, 8], [7, 14, 8, 15], [9, 20, 10, 21], [2, 11, 3, 12], [13, 17, 14, 16], [15, 6, 16, 7], [17, 22, 18, 23], [19, 1, 20, 24], [21, 12, 22, 13], [23, 4, 24, 5], [10, 1, 11, 2]]"
12n_0505_37,"[[10, 1, 11, 2], [3, 19, 4, 18], [5, 9, 6, 8], [7, 14, 8, 15], [9, 20, 10, 21], [2, 11, 3, 12], [13, 17, 14, 16], [15, 6, 16, 7], [17, 22, 18, 23], [19, 1, 20, 24], [21, 12, 22, 13], [23, 4, 24, 5]]"
12n_0505_38,"[[23, 4, 24, 5], [10, 1, 11, 2], [3, 19, 4, 18], [5, 9, 6, 8], [7, 14, 8, 15], [9, 20, 10, 21], [2, 11, 3, 12], [13, 17, 14, 16], [15, 6, 16, 7], [17, 22, 18, 23], [19, 1, 20, 24], [21, 12, 22, 13]]"
12n_0505_39,"[[21, 12, 22, 13], [23, 4, 24, 5], [10, 1, 11, 2], [3, 19, 4, 18], [5, 9, 6, 8], [7, 14, 8, 15], [9, 20, 10, 21], [2, 11, 3, 12], [13, 17, 14, 16], [15, 6, 16, 7], [17, 22, 18, 23], [19, 1, 20, 24]]"
12n_0505_40,"[[19, 1, 20, 24], [21, 12, 22, 13], [23, 4, 24, 5], [10, 1, 11, 2], [3, 19, 4, 18], [5, 9, 6, 8], [7, 14, 8, 15], [9, 20, 10, 21], [2, 11, 3, 12], [13, 17, 14, 16], [15, 6, 16, 7], [17, 22, 18, 23]]"
12n_0505_41,"[[17, 22, 18, 23], [19, 1, 20, 24], [21, 12, 22, 13], [23, 4, 24, 5], [10, 1, 11, 2], [3, 19, 4, 18], [5, 9, 6, 8], [7, 14, 8, 15], [9, 20, 10, 21], [2, 11, 3, 12], [13, 17, 14, 16], [15, 6, 16, 7]]"
12n_0505_42,"[[15, 6, 16, 7], [17, 22, 18, 23], [19, 1, 20, 24], [21, 12, 22, 13], [23, 4, 24, 5], [10, 1, 11, 2], [3, 19, 4, 18], [5, 9, 6, 8], [7, 14, 8, 15], [9, 20, 10, 21], [2, 11, 3, 12], [13, 17, 14, 16]]"
12n_0505_43,"[[13, 17, 14, 16], [15, 6, 16, 7], [17, 22, 18, 23], [19, 1, 20, 24], [21, 12, 22, 13], [23, 4, 24, 5], [10, 1, 11, 2], [3, 19, 4, 18], [5, 9, 6, 8], [7, 14, 8, 15], [9, 20, 10, 21], [2, 11, 3, 12]]"
12n_0505_44,"[[2, 11, 3, 12], [13, 17, 14, 16], [15, 6, 16, 7], [17, 22, 18, 23], [19, 1, 20, 24], [21, 12, 22, 13], [23, 4, 24, 5], [10, 1, 11, 2], [3, 19, 4, 18], [5, 9, 6, 8], [7, 14, 8, 15], [9, 20, 10, 21]]"
12n_0505_45,"[[9, 20, 10, 21], [2, 11, 3, 12], [13, 17, 14, 16], [15, 6, 16, 7], [17, 22, 18, 23], [19, 1, 20, 24], [21, 12, 22, 13], [23, 4, 24, 5], [10, 1, 11, 2], [3, 19, 4, 18], [5, 9, 6, 8], [7, 14, 8, 15]]"
12n_0505_46,"[[7, 14, 8, 15], [9, 20, 10, 21], [2, 11, 3, 12], [13, 17, 14, 16], [15, 6, 16, 7], [17, 22, 18, 23], [19, 1, 20, 24], [21, 12, 22, 13], [23, 4, 24, 5], [10, 1, 11, 2], [3, 19, 4, 18], [5, 9, 6, 8]]"
12n_0505_47,"[[5, 9, 6, 8], [7, 14, 8, 15], [9, 20, 10, 21], [2, 11, 3, 12], [13, 17, 14, 16], [15, 6, 16, 7], [17, 22, 18, 23], [19, 1, 20, 24], [21, 12, 22, 13], [23, 4, 24, 5], [10, 1, 11, 2], [3, 19, 4, 18]]"
12n_0505_48,"[[4, 20, 5, 19], [6, 10, 7, 9], [8, 15, 9, 16], [10, 21, 11, 22], [3, 12, 4, 13], [14, 18, 15, 17], [16, 7, 17, 8], [18, 23, 19, 24], [20, 2, 21, 1], [22, 13, 23, 14], [24, 5, 1, 6], [11, 2, 12, 3]]"
12n_0505_49,"[[11, 2, 12, 3], [4, 20, 5, 19], [6, 10, 7, 9], [8, 15, 9, 16], [10, 21, 11, 22], [3, 12, 4, 13], [14, 18, 15, 17], [16, 7, 17, 8], [18, 23, 19, 24], [20, 2, 21, 1], [22, 13, 23, 14], [24, 5, 1, 6]]"
12n_0505_50,"[[24, 5, 1, 6], [11, 2, 12, 3], [4, 20, 5, 19], [6, 10, 7, 9], [8, 15, 9, 16], [10, 21, 11, 22], [3, 12, 4, 13], [14, 18, 15, 17], [16, 7, 17, 8], [18, 23, 19, 24], [20, 2, 21, 1], [22, 13, 23, 14]]"
12n_0505_51,"[[22, 13, 23, 14], [24, 5, 1, 6], [11, 2, 12, 3], [4, 20, 5, 19], [6, 10, 7, 9], [8, 15, 9, 16], [10, 21, 11, 22], [3, 12, 4, 13], [14, 18, 15, 17], [16, 7, 17, 8], [18, 23, 19, 24], [20, 2, 21, 1]]"
12n_0505_52,"[[20, 2, 21, 1], [22, 13, 23, 14], [24, 5, 1, 6], [11, 2, 12, 3], [4, 20, 5, 19], [6, 10, 7, 9], [8, 15, 9, 16], [10, 21, 11, 22], [3, 12, 4, 13], [14, 18, 15, 17], [16, 7, 17, 8], [18, 23, 19, 24]]"
12n_0505_53,"[[18, 23, 19, 24], [20, 2, 21, 1], [22, 13, 23, 14], [24, 5, 1, 6], [11, 2, 12, 3], [4, 20, 5, 19], [6, 10, 7, 9], [8, 15, 9, 16], [10, 21, 11, 22], [3, 12, 4, 13], [14, 18, 15, 17], [16, 7, 17, 8]]"
12n_0505_54,"[[16, 7, 17, 8], [18, 23, 19, 24], [20, 2, 21, 1], [22, 13, 23, 14], [24, 5, 1, 6], [11, 2, 12, 3], [4, 20, 5, 19], [6, 10, 7, 9], [8, 15, 9, 16], [10, 21, 11, 22], [3, 12, 4, 13], [14, 18, 15, 17]]"
12n_0505_55,"[[14, 18, 15, 17], [16, 7, 17, 8], [18, 23, 19, 24], [20, 2, 21, 1], [22, 13, 23, 14], [24, 5, 1, 6], [11, 2, 12, 3], [4, 20, 5, 19], [6, 10, 7, 9], [8, 15, 9, 16], [10, 21, 11, 22], [3, 12, 4, 13]]"
12n_0505_56,"[[3, 12, 4, 13], [14, 18, 15, 17], [16, 7, 17, 8], [18, 23, 19, 24], [20, 2, 21, 1], [22, 13, 23, 14], [24, 5, 1, 6], [11, 2, 12, 3], [4, 20, 5, 19], [6, 10, 7, 9], [8, 15, 9, 16], [10, 21, 11, 22]]"
12n_0505_57,"[[10, 21, 11, 22], [3, 12, 4, 13], [14, 18, 15, 17], [16, 7, 17, 8], [18, 23, 19, 24], [20, 2, 21, 1], [22, 13, 23, 14], [24, 5, 1, 6], [11, 2, 12, 3], [4, 20, 5, 19], [6, 10, 7, 9], [8, 15, 9, 16]]"
12n_0505_58,"[[8, 15, 9, 16], [10, 21, 11, 22], [3, 12, 4, 13], [14, 18, 15, 17], [16, 7, 17, 8], [18, 23, 19, 24], [20, 2, 21, 1], [22, 13, 23, 14], [24, 5, 1, 6], [11, 2, 12, 3], [4, 20, 5, 19], [6, 10, 7, 9]]"
12n_0505_59,"[[6, 10, 7, 9], [8, 15, 9, 16], [10, 21, 11, 22], [3, 12, 4, 13], [14, 18, 15, 17], [16, 7, 17, 8], [18, 23, 19, 24], [20, 2, 21, 1], [22, 13, 23, 14], [24, 5, 1, 6], [11, 2, 12, 3], [4, 20, 5, 19]]"
12n_0505_60,"[[5, 21, 6, 20], [7, 11, 8, 10], [9, 16, 10, 17], [11, 22, 12, 23], [4, 13, 5, 14], [15, 19, 16, 18], [17, 8, 18, 9], [19, 24, 20, 1], [21, 3, 22, 2], [23, 14, 24, 15], [1, 6, 2, 7], [12, 3, 13, 4]]"
12n_0505_61,"[[12, 3, 13, 4], [5, 21, 6, 20], [7, 11, 8, 10], [9, 16, 10, 17], [11, 22, 12, 23], [4, 13, 5, 14], [15, 19, 16, 18], [17, 8, 18, 9], [19, 24, 20, 1], [21, 3, 22, 2], [23, 14, 24, 15], [1, 6, 2, 7]]"
12n_0505_62,"[[1, 6, 2, 7], [12, 3, 13, 4], [5, 21, 6, 20], [7, 11, 8, 10], [9, 16, 10, 17], [11, 22, 12, 23], [4, 13, 5, 14], [15, 19, 16, 18], [17, 8, 18, 9], [19, 24, 20, 1], [21, 3, 22, 2], [23, 14, 24, 15]]"
12n_0505_63,"[[23, 14, 24, 15], [1, 6, 2, 7], [12, 3, 13, 4], [5, 21, 6, 20], [7, 11, 8, 10], [9, 16, 10, 17], [11, 22, 12, 23], [4, 13, 5, 14], [15, 19, 16, 18], [17, 8, 18, 9], [19, 24, 20, 1], [21, 3, 22, 2]]"
12n_0505_64,"[[21, 3, 22, 2], [23, 14, 24, 15], [1, 6, 2, 7], [12, 3, 13, 4], [5, 21, 6, 20], [7, 11, 8, 10], [9, 16, 10, 17], [11, 22, 12, 23], [4, 13, 5, 14], [15, 19, 16, 18], [17, 8, 18, 9], [19, 24, 20, 1]]"
12n_0505_65,"[[19, 24, 20, 1], [21, 3, 22, 2], [23, 14, 24, 15], [1, 6, 2, 7], [12, 3, 13, 4], [5, 21, 6, 20], [7, 11, 8, 10], [9, 16, 10, 17], [11, 22, 12, 23], [4, 13, 5, 14], [15, 19, 16, 18], [17, 8, 18, 9]]"
12n_0505_66,"[[17, 8, 18, 9], [19, 24, 20, 1], [21, 3, 22, 2], [23, 14, 24, 15], [1, 6, 2, 7], [12, 3, 13, 4], [5, 21, 6, 20], [7, 11, 8, 10], [9, 16, 10, 17], [11, 22, 12, 23], [4, 13, 5, 14], [15, 19, 16, 18]]"
12n_0505_67,"[[15, 19, 16, 18], [17, 8, 18, 9], [19, 24, 20, 1], [21, 3, 22, 2], [23, 14, 24, 15], [1, 6, 2, 7], [12, 3, 13, 4], [5, 21, 6, 20], [7, 11, 8, 10], [9, 16, 10, 17], [11, 22, 12, 23], [4, 13, 5, 14]]"
12n_0505_68,"[[4, 13, 5, 14], [15, 19, 16, 18], [17, 8, 18, 9], [19, 24, 20, 1], [21, 3, 22, 2], [23, 14, 24, 15], [1, 6, 2, 7], [12, 3, 13, 4], [5, 21, 6, 20], [7, 11, 8, 10], [9, 16, 10, 17], [11, 22, 12, 23]]"
12n_0505_69,"[[11, 22, 12, 23], [4, 13, 5, 14], [15, 19, 16, 18], [17, 8, 18, 9], [19, 24, 20, 1], [21, 3, 22, 2], [23, 14, 24, 15], [1, 6, 2, 7], [12, 3, 13, 4], [5, 21, 6, 20], [7, 11, 8, 10], [9, 16, 10, 17]]"
12n_0505_70,"[[9, 16, 10, 17], [11, 22, 12, 23], [4, 13, 5, 14], [15, 19, 16, 18], [17, 8, 18, 9], [19, 24, 20, 1], [21, 3, 22, 2], [23, 14, 24, 15], [1, 6, 2, 7], [12, 3, 13, 4], [5, 21, 6, 20], [7, 11, 8, 10]]"
12n_0505_71,"[[7, 11, 8, 10], [9, 16, 10, 17], [11, 22, 12, 23], [4, 13, 5, 14], [15, 19, 16, 18], [17, 8, 18, 9], [19, 24, 20, 1], [21, 3, 22, 2], [23, 14, 24, 15], [1, 6, 2, 7], [12, 3, 13, 4], [5, 21, 6, 20]]"
12n_0505_72,"[[6, 22, 7, 21], [8, 12, 9, 11], [10, 17, 11, 18], [12, 23, 13, 24], [5, 14, 6, 15], [16, 20, 17, 19], [18, 9, 19, 10], [20, 1, 21, 2], [22, 4, 23, 3], [24, 15, 1, 16], [2, 7, 3, 8], [13, 4, 14, 5]]"
12n_0505_73,"[[13, 4, 14, 5], [6, 22, 7, 21], [8, 12, 9, 11], [10, 17, 11, 18], [12, 23, 13, 24], [5, 14, 6, 15], [16, 20, 17, 19], [18, 9, 19, 10], [20, 1, 21, 2], [22, 4, 23, 3], [24, 15, 1, 16], [2, 7, 3, 8]]"
12n_0505_74,"[[2, 7, 3, 8], [13, 4, 14, 5], [6, 22, 7, 21], [8, 12, 9, 11], [10, 17, 11, 18], [12, 23, 13, 24], [5, 14, 6, 15], [16, 20, 17, 19], [18, 9, 19, 10], [20, 1, 21, 2], [22, 4, 23, 3], [24, 15, 1, 16]]"
12n_0505_75,"[[24, 15, 1, 16], [2, 7, 3, 8], [13, 4, 14, 5], [6, 22, 7, 21], [8, 12, 9, 11], [10, 17, 11, 18], [12, 23, 13, 24], [5, 14, 6, 15], [16, 20, 17, 19], [18, 9, 19, 10], [20, 1, 21, 2], [22, 4, 23, 3]]"
12n_0505_76,"[[22, 4, 23, 3], [24, 15, 1, 16], [2, 7, 3, 8], [13, 4, 14, 5], [6, 22, 7, 21], [8, 12, 9, 11], [10, 17, 11, 18], [12, 23, 13, 24], [5, 14, 6, 15], [16, 20, 17, 19], [18, 9, 19, 10], [20, 1, 21, 2]]"
12n_0505_77,"[[20, 1, 21, 2], [22, 4, 23, 3], [24, 15, 1, 16], [2, 7, 3, 8], [13, 4, 14, 5], [6, 22, 7, 21], [8, 12, 9, 11], [10, 17, 11, 18], [12, 23, 13, 24], [5, 14, 6, 15], [16, 20, 17, 19], [18, 9, 19, 10]]"
12n_0505_78,"[[18, 9, 19, 10], [20, 1, 21, 2], [22, 4, 23, 3], [24, 15, 1, 16], [2, 7, 3, 8], [13, 4, 14, 5], [6, 22, 7, 21], [8, 12, 9, 11], [10, 17, 11, 18], [12, 23, 13, 24], [5, 14, 6, 15], [16, 20, 17, 19]]"
12n_0505_79,"[[16, 20, 17, 19], [18, 9, 19, 10], [20, 1, 21, 2], [22, 4, 23, 3], [24, 15, 1, 16], [2, 7, 3, 8], [13, 4, 14, 5], [6, 22, 7, 21], [8, 12, 9, 11], [10, 17, 11, 18], [12, 23, 13, 24], [5, 14, 6, 15]]"
12n_0505_80,"[[5, 14, 6, 15], [16, 20, 17, 19], [18, 9, 19, 10], [20, 1, 21, 2], [22, 4, 23, 3], [24, 15, 1, 16], [2, 7, 3, 8], [13, 4, 14, 5], [6, 22, 7, 21], [8, 12, 9, 11], [10, 17, 11, 18], [12, 23, 13, 24]]"
12n_0505_81,"[[12, 23, 13, 24], [5, 14, 6, 15], [16, 20, 17, 19], [18, 9, 19, 10], [20, 1, 21, 2], [22, 4, 23, 3], [24, 15, 1, 16], [2, 7, 3, 8], [13, 4, 14, 5], [6, 22, 7, 21], [8, 12, 9, 11], [10, 17, 11, 18]]"
12n_0505_82,"[[10, 17, 11, 18], [12, 23, 13, 24], [5, 14, 6, 15], [16, 20, 17, 19], [18, 9, 19, 10], [20, 1, 21, 2], [22, 4, 23, 3], [24, 15, 1, 16], [2, 7, 3, 8], [13, 4, 14, 5], [6, 22, 7, 21], [8, 12, 9, 11]]"
12n_0505_83,"[[8, 12, 9, 11], [10, 17, 11, 18], [12, 23, 13, 24], [5, 14, 6, 15], [16, 20, 17, 19], [18, 9, 19, 10], [20, 1, 21, 2], [22, 4, 23, 3], [24, 15, 1, 16], [2, 7, 3, 8], [13, 4, 14, 5], [6, 22, 7, 21]]"
12n_0505_84,"[[7, 23, 8, 22], [9, 13, 10, 12], [11, 18, 12, 19], [13, 24, 14, 1], [6, 15, 7, 16], [17, 21, 18, 20], [19, 10, 20, 11], [21, 2, 22, 3], [23, 5, 24, 4], [1, 16, 2, 17], [3, 8, 4, 9], [14, 5, 15, 6]]"
12n_0505_85,"[[14, 5, 15, 6], [7, 23, 8, 22], [9, 13, 10, 12], [11, 18, 12, 19], [13, 24, 14, 1], [6, 15, 7, 16], [17, 21, 18, 20], [19, 10, 20, 11], [21, 2, 22, 3], [23, 5, 24, 4], [1, 16, 2, 17], [3, 8, 4, 9]]"
12n_0505_86,"[[3, 8, 4, 9], [14, 5, 15, 6], [7, 23, 8, 22], [9, 13, 10, 12], [11, 18, 12, 19], [13, 24, 14, 1], [6, 15, 7, 16], [17, 21, 18, 20], [19, 10, 20, 11], [21, 2, 22, 3], [23, 5, 24, 4], [1, 16, 2, 17]]"
12n_0505_87,"[[1, 16, 2, 17], [3, 8, 4, 9], [14, 5, 15, 6], [7, 23, 8, 22], [9, 13, 10, 12], [11, 18, 12, 19], [13, 24, 14, 1], [6, 15, 7, 16], [17, 21, 18, 20], [19, 10, 20, 11], [21, 2, 22, 3], [23, 5, 24, 4]]"
12n_0505_88,"[[23, 5, 24, 4], [1, 16, 2, 17], [3, 8, 4, 9], [14, 5, 15, 6], [7, 23, 8, 22], [9, 13, 10, 12], [11, 18, 12, 19], [13, 24, 14, 1], [6, 15, 7, 16], [17, 21, 18, 20], [19, 10, 20, 11], [21, 2, 22, 3]]"
12n_0505_89,"[[21, 2, 22, 3], [23, 5, 24, 4], [1, 16, 2, 17], [3, 8, 4, 9], [14, 5, 15, 6], [7, 23, 8, 22], [9, 13, 10, 12], [11, 18, 12, 19], [13, 24, 14, 1], [6, 15, 7, 16], [17, 21, 18, 20], [19, 10, 20, 11]]"
12n_0505_90,"[[19, 10, 20, 11], [21, 2, 22, 3], [23, 5, 24, 4], [1, 16, 2, 17], [3, 8, 4, 9], [14, 5, 15, 6], [7, 23, 8, 22], [9, 13, 10, 12], [11, 18, 12, 19], [13, 24, 14, 1], [6, 15, 7, 16], [17, 21, 18, 20]]"
12n_0505_91,"[[17, 21, 18, 20], [19, 10, 20, 11], [21, 2, 22, 3], [23, 5, 24, 4], [1, 16, 2, 17], [3, 8, 4, 9], [14, 5, 15, 6], [7, 23, 8, 22], [9, 13, 10, 12], [11, 18, 12, 19], [13, 24, 14, 1], [6, 15, 7, 16]]"
12n_0505_92,"[[6, 15, 7, 16], [17, 21, 18, 20], [19, 10, 20, 11], [21, 2, 22, 3], [23, 5, 24, 4], [1, 16, 2, 17], [3, 8, 4, 9], [14, 5, 15, 6], [7, 23, 8, 22], [9, 13, 10, 12], [11, 18, 12, 19], [13, 24, 14, 1]]"
12n_0505_93,"[[13, 24, 14, 1], [6, 15, 7, 16], [17, 21, 18, 20], [19, 10, 20, 11], [21, 2, 22, 3], [23, 5, 24, 4], [1, 16, 2, 17], [3, 8, 4, 9], [14, 5, 15, 6], [7, 23, 8, 22], [9, 13, 10, 12], [11, 18, 12, 19]]"
12n_0505_94,"[[11, 18, 12, 19], [13, 24, 14, 1], [6, 15, 7, 16], [17, 21, 18, 20], [19, 10, 20, 11], [21, 2, 22, 3], [23, 5, 24, 4], [1, 16, 2, 17], [3, 8, 4, 9], [14, 5, 15, 6], [7, 23, 8, 22], [9, 13, 10, 12]]"
12n_0505_95,"[[9, 13, 10, 12], [11, 18, 12, 19], [13, 24, 14, 1], [6, 15, 7, 16], [17, 21, 18, 20], [19, 10, 20, 11], [21, 2, 22, 3], [23, 5, 24, 4], [1, 16, 2, 17], [3, 8, 4, 9], [14, 5, 15, 6], [7, 23, 8, 22]]"
12n_0505_96,"[[8, 24, 9, 23], [10, 14, 11, 13], [12, 19, 13, 20], [14, 1, 15, 2], [7, 16, 8, 17], [18, 22, 19, 21], [20, 11, 21, 12], [22, 3, 23, 4], [24, 6, 1, 5], [2, 17, 3, 18], [4, 9, 5, 10], [15, 6, 16, 7]]"
12n_0505_97,"[[15, 6, 16, 7], [8, 24, 9, 23], [10, 14, 11, 13], [12, 19, 13, 20], [14, 1, 15, 2], [7, 16, 8, 17], [18, 22, 19, 21], [20, 11, 21, 12], [22, 3, 23, 4], [24, 6, 1, 5], [2, 17, 3, 18], [4, 9, 5, 10]]"
12n_0505_98,"[[4, 9, 5, 10], [15, 6, 16, 7], [8, 24, 9, 23], [10, 14, 11, 13], [12, 19, 13, 20], [14, 1, 15, 2], [7, 16, 8, 17], [18, 22, 19, 21], [20, 11, 21, 12], [22, 3, 23, 4], [24, 6, 1, 5], [2, 17, 3, 18]]"
12n_0505_99,"[[2, 17, 3, 18], [4, 9, 5, 10], [15, 6, 16, 7], [8, 24, 9, 23], [10, 14, 11, 13], [12, 19, 13, 20], [14, 1, 15, 2], [7, 16, 8, 17], [18, 22, 19, 21], [20, 11, 21, 12], [22, 3, 23, 4], [24, 6, 1, 5]]"
12n_0505_100,"[[24, 6, 1, 5], [2, 17, 3, 18], [4, 9, 5, 10], [15, 6, 16, 7], [8, 24, 9, 23], [10, 14, 11, 13], [12, 19, 13, 20], [14, 1, 15, 2], [7, 16, 8, 17], [18, 22, 19, 21], [20, 11, 21, 12], [22, 3, 23, 4]]"
12n_0505_101,"[[22, 3, 23, 4], [24, 6, 1, 5], [2, 17, 3, 18], [4, 9, 5, 10], [15, 6, 16, 7], [8, 24, 9, 23], [10, 14, 11, 13], [12, 19, 13, 20], [14, 1, 15, 2], [7, 16, 8, 17], [18, 22, 19, 21], [20, 11, 21, 12]]"
12n_0505_102,"[[20, 11, 21, 12], [22, 3, 23, 4], [24, 6, 1, 5], [2, 17, 3, 18], [4, 9, 5, 10], [15, 6, 16, 7], [8, 24, 9, 23], [10, 14, 11, 13], [12, 19, 13, 20], [14, 1, 15, 2], [7, 16, 8, 17], [18, 22, 19, 21]]"
12n_0505_103,"[[18, 22, 19, 21], [20, 11, 21, 12], [22, 3, 23, 4], [24, 6, 1, 5], [2, 17, 3, 18], [4, 9, 5, 10], [15, 6, 16, 7], [8, 24, 9, 23], [10, 14, 11, 13], [12, 19, 13, 20], [14, 1, 15, 2], [7, 16, 8, 17]]"
12n_0505_104,"[[7, 16, 8, 17], [18, 22, 19, 21], [20, 11, 21, 12], [22, 3, 23, 4], [24, 6, 1, 5], [2, 17, 3, 18], [4, 9, 5, 10], [15, 6, 16, 7], [8, 24, 9, 23], [10, 14, 11, 13], [12, 19, 13, 20], [14, 1, 15, 2]]"
12n_0505_105,"[[14, 1, 15, 2], [7, 16, 8, 17], [18, 22, 19, 21], [20, 11, 21, 12], [22, 3, 23, 4], [24, 6, 1, 5], [2, 17, 3, 18], [4, 9, 5, 10], [15, 6, 16, 7], [8, 24, 9, 23], [10, 14, 11, 13], [12, 19, 13, 20]]"
12n_0505_106,"[[12, 19, 13, 20], [14, 1, 15, 2], [7, 16, 8, 17], [18, 22, 19, 21], [20, 11, 21, 12], [22, 3, 23, 4], [24, 6, 1, 5], [2, 17, 3, 18], [4, 9, 5, 10], [15, 6, 16, 7], [8, 24, 9, 23], [10, 14, 11, 13]]"
12n_0505_107,"[[10, 14, 11, 13], [12, 19, 13, 20], [14, 1, 15, 2], [7, 16, 8, 17], [18, 22, 19, 21], [20, 11, 21, 12], [22, 3, 23, 4], [24, 6, 1, 5], [2, 17, 3, 18], [4, 9, 5, 10], [15, 6, 16, 7], [8, 24, 9, 23]]"
12n_0505_108,"[[9, 1, 10, 24], [11, 15, 12, 14], [13, 20, 14, 21], [15, 2, 16, 3], [8, 17, 9, 18], [19, 23, 20, 22], [21, 12, 22, 13], [23, 4, 24, 5], [1, 7, 2, 6], [3, 18, 4, 19], [5, 10, 6, 11], [16, 7, 17, 8]]"
12n_0505_109,"[[16, 7, 17, 8], [9, 1, 10, 24], [11, 15, 12, 14], [13, 20, 14, 21], [15, 2, 16, 3], [8, 17, 9, 18], [19, 23, 20, 22], [21, 12, 22, 13], [23, 4, 24, 5], [1, 7, 2, 6], [3, 18, 4, 19], [5, 10, 6, 11]]"
12n_0505_110,"[[5, 10, 6, 11], [16, 7, 17, 8], [9, 1, 10, 24], [11, 15, 12, 14], [13, 20, 14, 21], [15, 2, 16, 3], [8, 17, 9, 18], [19, 23, 20, 22], [21, 12, 22, 13], [23, 4, 24, 5], [1, 7, 2, 6], [3, 18, 4, 19]]"
12n_0505_111,"[[3, 18, 4, 19], [5, 10, 6, 11], [16, 7, 17, 8], [9, 1, 10, 24], [11, 15, 12, 14], [13, 20, 14, 21], [15, 2, 16, 3], [8, 17, 9, 18], [19, 23, 20, 22], [21, 12, 22, 13], [23, 4, 24, 5], [1, 7, 2, 6]]"
12n_0505_112,"[[1, 7, 2, 6], [3, 18, 4, 19], [5, 10, 6, 11], [16, 7, 17, 8], [9, 1, 10, 24], [11, 15, 12, 14], [13, 20, 14, 21], [15, 2, 16, 3], [8, 17, 9, 18], [19, 23, 20, 22], [21, 12, 22, 13], [23, 4, 24, 5]]"
12n_0505_113,"[[23, 4, 24, 5], [1, 7, 2, 6], [3, 18, 4, 19], [5, 10, 6, 11], [16, 7, 17, 8], [9, 1, 10, 24], [11, 15, 12, 14], [13, 20, 14, 21], [15, 2, 16, 3], [8, 17, 9, 18], [19, 23, 20, 22], [21, 12, 22, 13]]"
12n_0505_114,"[[21, 12, 22, 13], [23, 4, 24, 5], [1, 7, 2, 6], [3, 18, 4, 19], [5, 10, 6, 11], [16, 7, 17, 8], [9, 1, 10, 24], [11, 15, 12, 14], [13, 20, 14, 21], [15, 2, 16, 3], [8, 17, 9, 18], [19, 23, 20, 22]]"
12n_0505_115,"[[19, 23, 20, 22], [21, 12, 22, 13], [23, 4, 24, 5], [1, 7, 2, 6], [3, 18, 4, 19], [5, 10, 6, 11], [16, 7, 17, 8], [9, 1, 10, 24], [11, 15, 12, 14], [13, 20, 14, 21], [15, 2, 16, 3], [8, 17, 9, 18]]"
12n_0505_116,"[[8, 17, 9, 18], [19, 23, 20, 22], [21, 12, 22, 13], [23, 4, 24, 5], [1, 7, 2, 6], [3, 18, 4, 19], [5, 10, 6, 11], [16, 7, 17, 8], [9, 1, 10, 24], [11, 15, 12, 14], [13, 20, 14, 21], [15, 2, 16, 3]]"
12n_0505_117,"[[15, 2, 16, 3], [8, 17, 9, 18], [19, 23, 20, 22], [21, 12, 22, 13], [23, 4, 24, 5], [1, 7, 2, 6], [3, 18, 4, 19], [5, 10, 6, 11], [16, 7, 17, 8], [9, 1, 10, 24], [11, 15, 12, 14], [13, 20, 14, 21]]"
12n_0505_118,"[[13, 20, 14, 21], [15, 2, 16, 3], [8, 17, 9, 18], [19, 23, 20, 22], [21, 12, 22, 13], [23, 4, 24, 5], [1, 7, 2, 6], [3, 18, 4, 19], [5, 10, 6, 11], [16, 7, 17, 8], [9, 1, 10, 24], [11, 15, 12, 14]]"
12n_0505_119,"[[11, 15, 12, 14], [13, 20, 14, 21], [15, 2, 16, 3], [8, 17, 9, 18], [19, 23, 20, 22], [21, 12, 22, 13], [23, 4, 24, 5], [1, 7, 2, 6], [3, 18, 4, 19], [5, 10, 6, 11], [16, 7, 17, 8], [9, 1, 10, 24]]"
12n_0505_120,"[[10, 2, 11, 1], [12, 16, 13, 15], [14, 21, 15, 22], [16, 3, 17, 4], [9, 18, 10, 19], [20, 24, 21, 23], [22, 13, 23, 14], [24, 5, 1, 6], [2, 8, 3, 7], [4, 19, 5, 20], [6, 11, 7, 12], [17, 8, 18, 9]]"
12n_0505_121,"[[17, 8, 18, 9], [10, 2, 11, 1], [12, 16, 13, 15], [14, 21, 15, 22], [16, 3, 17, 4], [9, 18, 10, 19], [20, 24, 21, 23], [22, 13, 23, 14], [24, 5, 1, 6], [2, 8, 3, 7], [4, 19, 5, 20], [6, 11, 7, 12]]"
12n_0505_122,"[[6, 11, 7, 12], [17, 8, 18, 9], [10, 2, 11, 1], [12, 16, 13, 15], [14, 21, 15, 22], [16, 3, 17, 4], [9, 18, 10, 19], [20, 24, 21, 23], [22, 13, 23, 14], [24, 5, 1, 6], [2, 8, 3, 7], [4, 19, 5, 20]]"
12n_0505_123,"[[4, 19, 5, 20], [6, 11, 7, 12], [17, 8, 18, 9], [10, 2, 11, 1], [12, 16, 13, 15], [14, 21, 15, 22], [16, 3, 17, 4], [9, 18, 10, 19], [20, 24, 21, 23], [22, 13, 23, 14], [24, 5, 1, 6], [2, 8, 3, 7]]"
12n_0505_124,"[[2, 8, 3, 7], [4, 19, 5, 20], [6, 11, 7, 12], [17, 8, 18, 9], [10, 2, 11, 1], [12, 16, 13, 15], [14, 21, 15, 22], [16, 3, 17, 4], [9, 18, 10, 19], [20, 24, 21, 23], [22, 13, 23, 14], [24, 5, 1, 6]]"
12n_0505_125,"[[24, 5, 1, 6], [2, 8, 3, 7], [4, 19, 5, 20], [6, 11, 7, 12], [17, 8, 18, 9], [10, 2, 11, 1], [12, 16, 13, 15], [14, 21, 15, 22], [16, 3, 17, 4], [9, 18, 10, 19], [20, 24, 21, 23], [22, 13, 23, 14]]"
12n_0505_126,"[[22, 13, 23, 14], [24, 5, 1, 6], [2, 8, 3, 7], [4, 19, 5, 20], [6, 11, 7, 12], [17, 8, 18, 9], [10, 2, 11, 1], [12, 16, 13, 15], [14, 21, 15, 22], [16, 3, 17, 4], [9, 18, 10, 19], [20, 24, 21, 23]]"
12n_0505_127,"[[20, 24, 21, 23], [22, 13, 23, 14], [24, 5, 1, 6], [2, 8, 3, 7], [4, 19, 5, 20], [6, 11, 7, 12], [17, 8, 18, 9], [10, 2, 11, 1], [12, 16, 13, 15], [14, 21, 15, 22], [16, 3, 17, 4], [9, 18, 10, 19]]"
12n_0505_128,"[[9, 18, 10, 19], [20, 24, 21, 23], [22, 13, 23, 14], [24, 5, 1, 6], [2, 8, 3, 7], [4, 19, 5, 20], [6, 11, 7, 12], [17, 8, 18, 9], [10, 2, 11, 1], [12, 16, 13, 15], [14, 21, 15, 22], [16, 3, 17, 4]]"
12n_0505_129,"[[16, 3, 17, 4], [9, 18, 10, 19], [20, 24, 21, 23], [22, 13, 23, 14], [24, 5, 1, 6], [2, 8, 3, 7], [4, 19, 5, 20], [6, 11, 7, 12], [17, 8, 18, 9], [10, 2, 11, 1], [12, 16, 13, 15], [14, 21, 15, 22]]"
12n_0505_130,"[[14, 21, 15, 22], [16, 3, 17, 4], [9, 18, 10, 19], [20, 24, 21, 23], [22, 13, 23, 14], [24, 5, 1, 6], [2, 8, 3, 7], [4, 19, 5, 20], [6, 11, 7, 12], [17, 8, 18, 9], [10, 2, 11, 1], [12, 16, 13, 15]]"
12n_0505_131,"[[12, 16, 13, 15], [14, 21, 15, 22], [16, 3, 17, 4], [9, 18, 10, 19], [20, 24, 21, 23], [22, 13, 23, 14], [24, 5, 1, 6], [2, 8, 3, 7], [4, 19, 5, 20], [6, 11, 7, 12], [17, 8, 18, 9], [10, 2, 11, 1]]"
12n_0505_132,"[[11, 3, 12, 2], [13, 17, 14, 16], [15, 22, 16, 23], [17, 4, 18, 5], [10, 19, 11, 20], [21, 1, 22, 24], [23, 14, 24, 15], [1, 6, 2, 7], [3, 9, 4, 8], [5, 20, 6, 21], [7, 12, 8, 13], [18, 9, 19, 10]]"
12n_0505_133,"[[18, 9, 19, 10], [11, 3, 12, 2], [13, 17, 14, 16], [15, 22, 16, 23], [17, 4, 18, 5], [10, 19, 11, 20], [21, 1, 22, 24], [23, 14, 24, 15], [1, 6, 2, 7], [3, 9, 4, 8], [5, 20, 6, 21], [7, 12, 8, 13]]"
12n_0505_134,"[[7, 12, 8, 13], [18, 9, 19, 10], [11, 3, 12, 2], [13, 17, 14, 16], [15, 22, 16, 23], [17, 4, 18, 5], [10, 19, 11, 20], [21, 1, 22, 24], [23, 14, 24, 15], [1, 6, 2, 7], [3, 9, 4, 8], [5, 20, 6, 21]]"
12n_0505_135,"[[5, 20, 6, 21], [7, 12, 8, 13], [18, 9, 19, 10], [11, 3, 12, 2], [13, 17, 14, 16], [15, 22, 16, 23], [17, 4, 18, 5], [10, 19, 11, 20], [21, 1, 22, 24], [23, 14, 24, 15], [1, 6, 2, 7], [3, 9, 4, 8]]"
12n_0505_136,"[[3, 9, 4, 8], [5, 20, 6, 21], [7, 12, 8, 13], [18, 9, 19, 10], [11, 3, 12, 2], [13, 17, 14, 16], [15, 22, 16, 23], [17, 4, 18, 5], [10, 19, 11, 20], [21, 1, 22, 24], [23, 14, 24, 15], [1, 6, 2, 7]]"
12n_0505_137,"[[1, 6, 2, 7], [3, 9, 4, 8], [5, 20, 6, 21], [7, 12, 8, 13], [18, 9, 19, 10], [11, 3, 12, 2], [13, 17, 14, 16], [15, 22, 16, 23], [17, 4, 18, 5], [10, 19, 11, 20], [21, 1, 22, 24], [23, 14, 24, 15]]"
12n_0505_138,"[[23, 14, 24, 15], [1, 6, 2, 7], [3, 9, 4, 8], [5, 20, 6, 21], [7, 12, 8, 13], [18, 9, 19, 10], [11, 3, 12, 2], [13, 17, 14, 16], [15, 22, 16, 23], [17, 4, 18, 5], [10, 19, 11, 20], [21, 1, 22, 24]]"
12n_0505_139,"[[21, 1, 22, 24], [23, 14, 24, 15], [1, 6, 2, 7], [3, 9, 4, 8], [5, 20, 6, 21], [7, 12, 8, 13], [18, 9, 19, 10], [11, 3, 12, 2], [13, 17, 14, 16], [15, 22, 16, 23], [17, 4, 18, 5], [10, 19, 11, 20]]"
12n_0505_140,"[[10, 19, 11, 20], [21, 1, 22, 24], [23, 14, 24, 15], [1, 6, 2, 7], [3, 9, 4, 8], [5, 20, 6, 21], [7, 12, 8, 13], [18, 9, 19, 10], [11, 3, 12, 2], [13, 17, 14, 16], [15, 22, 16, 23], [17, 4, 18, 5]]"
12n_0505_141,"[[17, 4, 18, 5], [10, 19, 11, 20], [21, 1, 22, 24], [23, 14, 24, 15], [1, 6, 2, 7], [3, 9, 4, 8], [5, 20, 6, 21], [7, 12, 8, 13], [18, 9, 19, 10], [11, 3, 12, 2], [13, 17, 14, 16], [15, 22, 16, 23]]"
12n_0505_142,"[[15, 22, 16, 23], [17, 4, 18, 5], [10, 19, 11, 20], [21, 1, 22, 24], [23, 14, 24, 15], [1, 6, 2, 7], [3, 9, 4, 8], [5, 20, 6, 21], [7, 12, 8, 13], [18, 9, 19, 10], [11, 3, 12, 2], [13, 17, 14, 16]]"
12n_0505_143,"[[13, 17, 14, 16], [15, 22, 16, 23], [17, 4, 18, 5], [10, 19, 11, 20], [21, 1, 22, 24], [23, 14, 24, 15], [1, 6, 2, 7], [3, 9, 4, 8], [5, 20, 6, 21], [7, 12, 8, 13], [18, 9, 19, 10], [11, 3, 12, 2]]"
12n_0505_144,"[[12, 4, 13, 3], [14, 18, 15, 17], [16, 23, 17, 24], [18, 5, 19, 6], [11, 20, 12, 21], [22, 2, 23, 1], [24, 15, 1, 16], [2, 7, 3, 8], [4, 10, 5, 9], [6, 21, 7, 22], [8, 13, 9, 14], [19, 10, 20, 11]]"
12n_0505_145,"[[19, 10, 20, 11], [12, 4, 13, 3], [14, 18, 15, 17], [16, 23, 17, 24], [18, 5, 19, 6], [11, 20, 12, 21], [22, 2, 23, 1], [24, 15, 1, 16], [2, 7, 3, 8], [4, 10, 5, 9], [6, 21, 7, 22], [8, 13, 9, 14]]"
12n_0505_146,"[[8, 13, 9, 14], [19, 10, 20, 11], [12, 4, 13, 3], [14, 18, 15, 17], [16, 23, 17, 24], [18, 5, 19, 6], [11, 20, 12, 21], [22, 2, 23, 1], [24, 15, 1, 16], [2, 7, 3, 8], [4, 10, 5, 9], [6, 21, 7, 22]]"
12n_0505_147,"[[6, 21, 7, 22], [8, 13, 9, 14], [19, 10, 20, 11], [12, 4, 13, 3], [14, 18, 15, 17], [16, 23, 17, 24], [18, 5, 19, 6], [11, 20, 12, 21], [22, 2, 23, 1], [24, 15, 1, 16], [2, 7, 3, 8], [4, 10, 5, 9]]"
12n_0505_148,"[[4, 10, 5, 9], [6, 21, 7, 22], [8, 13, 9, 14], [19, 10, 20, 11], [12, 4, 13, 3], [14, 18, 15, 17], [16, 23, 17, 24], [18, 5, 19, 6], [11, 20, 12, 21], [22, 2, 23, 1], [24, 15, 1, 16], [2, 7, 3, 8]]"
12n_0505_149,"[[2, 7, 3, 8], [4, 10, 5, 9], [6, 21, 7, 22], [8, 13, 9, 14], [19, 10, 20, 11], [12, 4, 13, 3], [14, 18, 15, 17], [16, 23, 17, 24], [18, 5, 19, 6], [11, 20, 12, 21], [22, 2, 23, 1], [24, 15, 1, 16]]"
12n_0505_150,"[[24, 15, 1, 16], [2, 7, 3, 8], [4, 10, 5, 9], [6, 21, 7, 22], [8, 13, 9, 14], [19, 10, 20, 11], [12, 4, 13, 3], [14, 18, 15, 17], [16, 23, 17, 24], [18, 5, 19, 6], [11, 20, 12, 21], [22, 2, 23, 1]]"
12n_0505_151,"[[22, 2, 23, 1], [24, 15, 1, 16], [2, 7, 3, 8], [4, 10, 5, 9], [6, 21, 7, 22], [8, 13, 9, 14], [19, 10, 20, 11], [12, 4, 13, 3], [14, 18, 15, 17], [16, 23, 17, 24], [18, 5, 19, 6], [11, 20, 12, 21]]"
12n_0505_152,"[[11, 20, 12, 21], [22, 2, 23, 1], [24, 15, 1, 16], [2, 7, 3, 8], [4, 10, 5, 9], [6, 21, 7, 22], [8, 13, 9, 14], [19, 10, 20, 11], [12, 4, 13, 3], [14, 18, 15, 17], [16, 23, 17, 24], [18, 5, 19, 6]]"
12n_0505_153,"[[18, 5, 19, 6], [11, 20, 12, 21], [22, 2, 23, 1], [24, 15, 1, 16], [2, 7, 3, 8], [4, 10, 5, 9], [6, 21, 7, 22], [8, 13, 9, 14], [19, 10, 20, 11], [12, 4, 13, 3], [14, 18, 15, 17], [16, 23, 17, 24]]"
12n_0505_154,"[[16, 23, 17, 24], [18, 5, 19, 6], [11, 20, 12, 21], [22, 2, 23, 1], [24, 15, 1, 16], [2, 7, 3, 8], [4, 10, 5, 9], [6, 21, 7, 22], [8, 13, 9, 14], [19, 10, 20, 11], [12, 4, 13, 3], [14, 18, 15, 17]]"
12n_0505_155,"[[14, 18, 15, 17], [16, 23, 17, 24], [18, 5, 19, 6], [11, 20, 12, 21], [22, 2, 23, 1], [24, 15, 1, 16], [2, 7, 3, 8], [4, 10, 5, 9], [6, 21, 7, 22], [8, 13, 9, 14], [19, 10, 20, 11], [12, 4, 13, 3]]"
12n_0505_156,"[[13, 5, 14, 4], [15, 19, 16, 18], [17, 24, 18, 1], [19, 6, 20, 7], [12, 21, 13, 22], [23, 3, 24, 2], [1, 16, 2, 17], [3, 8, 4, 9], [5, 11, 6, 10], [7, 22, 8, 23], [9, 14, 10, 15], [20, 11, 21, 12]]"
12n_0505_157,"[[20, 11, 21, 12], [13, 5, 14, 4], [15, 19, 16, 18], [17, 24, 18, 1], [19, 6, 20, 7], [12, 21, 13, 22], [23, 3, 24, 2], [1, 16, 2, 17], [3, 8, 4, 9], [5, 11, 6, 10], [7, 22, 8, 23], [9, 14, 10, 15]]"
12n_0505_158,"[[9, 14, 10, 15], [20, 11, 21, 12], [13, 5, 14, 4], [15, 19, 16, 18], [17, 24, 18, 1], [19, 6, 20, 7], [12, 21, 13, 22], [23, 3, 24, 2], [1, 16, 2, 17], [3, 8, 4, 9], [5, 11, 6, 10], [7, 22, 8, 23]]"
12n_0505_159,"[[7, 22, 8, 23], [9, 14, 10, 15], [20, 11, 21, 12], [13, 5, 14, 4], [15, 19, 16, 18], [17, 24, 18, 1], [19, 6, 20, 7], [12, 21, 13, 22], [23, 3, 24, 2], [1, 16, 2, 17], [3, 8, 4, 9], [5, 11, 6, 10]]"
12n_0505_160,"[[5, 11, 6, 10], [7, 22, 8, 23], [9, 14, 10, 15], [20, 11, 21, 12], [13, 5, 14, 4], [15, 19, 16, 18], [17, 24, 18, 1], [19, 6, 20, 7], [12, 21, 13, 22], [23, 3, 24, 2], [1, 16, 2, 17], [3, 8, 4, 9]]"
12n_0505_161,"[[3, 8, 4, 9], [5, 11, 6, 10], [7, 22, 8, 23], [9, 14, 10, 15], [20, 11, 21, 12], [13, 5, 14, 4], [15, 19, 16, 18], [17, 24, 18, 1], [19, 6, 20, 7], [12, 21, 13, 22], [23, 3, 24, 2], [1, 16, 2, 17]]"
12n_0505_162,"[[1, 16, 2, 17], [3, 8, 4, 9], [5, 11, 6, 10], [7, 22, 8, 23], [9, 14, 10, 15], [20, 11, 21, 12], [13, 5, 14, 4], [15, 19, 16, 18], [17, 24, 18, 1], [19, 6, 20, 7], [12, 21, 13, 22], [23, 3, 24, 2]]"
12n_0505_163,"[[23, 3, 24, 2], [1, 16, 2, 17], [3, 8, 4, 9], [5, 11, 6, 10], [7, 22, 8, 23], [9, 14, 10, 15], [20, 11, 21, 12], [13, 5, 14, 4], [15, 19, 16, 18], [17, 24, 18, 1], [19, 6, 20, 7], [12, 21, 13, 22]]"
12n_0505_164,"[[12, 21, 13, 22], [23, 3, 24, 2], [1, 16, 2, 17], [3, 8, 4, 9], [5, 11, 6, 10], [7, 22, 8, 23], [9, 14, 10, 15], [20, 11, 21, 12], [13, 5, 14, 4], [15, 19, 16, 18], [17, 24, 18, 1], [19, 6, 20, 7]]"
12n_0505_165,"[[19, 6, 20, 7], [12, 21, 13, 22], [23, 3, 24, 2], [1, 16, 2, 17], [3, 8, 4, 9], [5, 11, 6, 10], [7, 22, 8, 23], [9, 14, 10, 15], [20, 11, 21, 12], [13, 5, 14, 4], [15, 19, 16, 18], [17, 24, 18, 1]]"
12n_0505_166,"[[17, 24, 18, 1], [19, 6, 20, 7], [12, 21, 13, 22], [23, 3, 24, 2], [1, 16, 2, 17], [3, 8, 4, 9], [5, 11, 6, 10], [7, 22, 8, 23], [9, 14, 10, 15], [20, 11, 21, 12], [13, 5, 14, 4], [15, 19, 16, 18]]"
12n_0505_167,"[[15, 19, 16, 18], [17, 24, 18, 1], [19, 6, 20, 7], [12, 21, 13, 22], [23, 3, 24, 2], [1, 16, 2, 17], [3, 8, 4, 9], [5, 11, 6, 10], [7, 22, 8, 23], [9, 14, 10, 15], [20, 11, 21, 12], [13, 5, 14, 4]]"
12n_0505_168,"[[14, 6, 15, 5], [16, 20, 17, 19], [18, 1, 19, 2], [20, 7, 21, 8], [13, 22, 14, 23], [24, 4, 1, 3], [2, 17, 3, 18], [4, 9, 5, 10], [6, 12, 7, 11], [8, 23, 9, 24], [10, 15, 11, 16], [21, 12, 22, 13]]"
12n_0505_169,"[[21, 12, 22, 13], [14, 6, 15, 5], [16, 20, 17, 19], [18, 1, 19, 2], [20, 7, 21, 8], [13, 22, 14, 23], [24, 4, 1, 3], [2, 17, 3, 18], [4, 9, 5, 10], [6, 12, 7, 11], [8, 23, 9, 24], [10, 15, 11, 16]]"
12n_0505_170,"[[10, 15, 11, 16], [21, 12, 22, 13], [14, 6, 15, 5], [16, 20, 17, 19], [18, 1, 19, 2], [20, 7, 21, 8], [13, 22, 14, 23], [24, 4, 1, 3], [2, 17, 3, 18], [4, 9, 5, 10], [6, 12, 7, 11], [8, 23, 9, 24]]"
12n_0505_171,"[[8, 23, 9, 24], [10, 15, 11, 16], [21, 12, 22, 13], [14, 6, 15, 5], [16, 20, 17, 19], [18, 1, 19, 2], [20, 7, 21, 8], [13, 22, 14, 23], [24, 4, 1, 3], [2, 17, 3, 18], [4, 9, 5, 10], [6, 12, 7, 11]]"
12n_0505_172,"[[6, 12, 7, 11], [8, 23, 9, 24], [10, 15, 11, 16], [21, 12, 22, 13], [14, 6, 15, 5], [16, 20, 17, 19], [18, 1, 19, 2], [20, 7, 21, 8], [13, 22, 14, 23], [24, 4, 1, 3], [2, 17, 3, 18], [4, 9, 5, 10]]"
12n_0505_173,"[[4, 9, 5, 10], [6, 12, 7, 11], [8, 23, 9, 24], [10, 15, 11, 16], [21, 12, 22, 13], [14, 6, 15, 5], [16, 20, 17, 19], [18, 1, 19, 2], [20, 7, 21, 8], [13, 22, 14, 23], [24, 4, 1, 3], [2, 17, 3, 18]]"
12n_0505_174,"[[2, 17, 3, 18], [4, 9, 5, 10], [6, 12, 7, 11], [8, 23, 9, 24], [10, 15, 11, 16], [21, 12, 22, 13], [14, 6, 15, 5], [16, 20, 17, 19], [18, 1, 19, 2], [20, 7, 21, 8], [13, 22, 14, 23], [24, 4, 1, 3]]"
12n_0505_175,"[[24, 4, 1, 3], [2, 17, 3, 18], [4, 9, 5, 10], [6, 12, 7, 11], [8, 23, 9, 24], [10, 15, 11, 16], [21, 12, 22, 13], [14, 6, 15, 5], [16, 20, 17, 19], [18, 1, 19, 2], [20, 7, 21, 8], [13, 22, 14, 23]]"
12n_0505_176,"[[13, 22, 14, 23], [24, 4, 1, 3], [2, 17, 3, 18], [4, 9, 5, 10], [6, 12, 7, 11], [8, 23, 9, 24], [10, 15, 11, 16], [21, 12, 22, 13], [14, 6, 15, 5], [16, 20, 17, 19], [18, 1, 19, 2], [20, 7, 21, 8]]"
12n_0505_177,"[[20, 7, 21, 8], [13, 22, 14, 23], [24, 4, 1, 3], [2, 17, 3, 18], [4, 9, 5, 10], [6, 12, 7, 11], [8, 23, 9, 24], [10, 15, 11, 16], [21, 12, 22, 13], [14, 6, 15, 5], [16, 20, 17, 19], [18, 1, 19, 2]]"
12n_0505_178,"[[18, 1, 19, 2], [20, 7, 21, 8], [13, 22, 14, 23], [24, 4, 1, 3], [2, 17, 3, 18], [4, 9, 5, 10], [6, 12, 7, 11], [8, 23, 9, 24], [10, 15, 11, 16], [21, 12, 22, 13], [14, 6, 15, 5], [16, 20, 17, 19]]"
12n_0505_179,"[[16, 20, 17, 19], [18, 1, 19, 2], [20, 7, 21, 8], [13, 22, 14, 23], [24, 4, 1, 3], [2, 17, 3, 18], [4, 9, 5, 10], [6, 12, 7, 11], [8, 23, 9, 24], [10, 15, 11, 16], [21, 12, 22, 13], [14, 6, 15, 5]]"
12n_0505_180,"[[15, 7, 16, 6], [17, 21, 18, 20], [19, 2, 20, 3], [21, 8, 22, 9], [14, 23, 15, 24], [1, 5, 2, 4], [3, 18, 4, 19], [5, 10, 6, 11], [7, 13, 8, 12], [9, 24, 10, 1], [11, 16, 12, 17], [22, 13, 23, 14]]"
12n_0505_181,"[[22, 13, 23, 14], [15, 7, 16, 6], [17, 21, 18, 20], [19, 2, 20, 3], [21, 8, 22, 9], [14, 23, 15, 24], [1, 5, 2, 4], [3, 18, 4, 19], [5, 10, 6, 11], [7, 13, 8, 12], [9, 24, 10, 1], [11, 16, 12, 17]]"
12n_0505_182,"[[11, 16, 12, 17], [22, 13, 23, 14], [15, 7, 16, 6], [17, 21, 18, 20], [19, 2, 20, 3], [21, 8, 22, 9], [14, 23, 15, 24], [1, 5, 2, 4], [3, 18, 4, 19], [5, 10, 6, 11], [7, 13, 8, 12], [9, 24, 10, 1]]"
12n_0505_183,"[[9, 24, 10, 1], [11, 16, 12, 17], [22, 13, 23, 14], [15, 7, 16, 6], [17, 21, 18, 20], [19, 2, 20, 3], [21, 8, 22, 9], [14, 23, 15, 24], [1, 5, 2, 4], [3, 18, 4, 19], [5, 10, 6, 11], [7, 13, 8, 12]]"
12n_0505_184,"[[7, 13, 8, 12], [9, 24, 10, 1], [11, 16, 12, 17], [22, 13, 23, 14], [15, 7, 16, 6], [17, 21, 18, 20], [19, 2, 20, 3], [21, 8, 22, 9], [14, 23, 15, 24], [1, 5, 2, 4], [3, 18, 4, 19], [5, 10, 6, 11]]"
12n_0505_185,"[[5, 10, 6, 11], [7, 13, 8, 12], [9, 24, 10, 1], [11, 16, 12, 17], [22, 13, 23, 14], [15, 7, 16, 6], [17, 21, 18, 20], [19, 2, 20, 3], [21, 8, 22, 9], [14, 23, 15, 24], [1, 5, 2, 4], [3, 18, 4, 19]]"
