name,pd_notation
12n_0605_0,"[[24, 16, 1, 15], [2, 6, 3, 5], [4, 14, 5, 13], [19, 6, 20, 7], [21, 8, 22, 9], [17, 10, 18, 11], [12, 4, 13, 3], [14, 24, 15, 23], [9, 16, 10, 17], [11, 18, 12, 19], [7, 20, 8, 21], [22, 2, 23, 1]]"
12n_0605_1,"[[22, 2, 23, 1], [24, 16, 1, 15], [2, 6, 3, 5], [4, 14, 5, 13], [19, 6, 20, 7], [21, 8, 22, 9], [17, 10, 18, 11], [12, 4, 13, 3], [14, 24, 15, 23], [9, 16, 10, 17], [11, 18, 12, 19], [7, 20, 8, 21]]"
12n_0605_2,"[[7, 20, 8, 21], [22, 2, 23, 1], [24, 16, 1, 15], [2, 6, 3, 5], [4, 14, 5, 13], [19, 6, 20, 7], [21, 8, 22, 9], [17, 10, 18, 11], [12, 4, 13, 3], [14, 24, 15, 23], [9, 16, 10, 17], [11, 18, 12, 19]]"
12n_0605_3,"[[11, 18, 12, 19], [7, 20, 8, 21], [22, 2, 23, 1], [24, 16, 1, 15], [2, 6, 3, 5], [4, 14, 5, 13], [19, 6, 20, 7], [21, 8, 22, 9], [17, 10, 18, 11], [12, 4, 13, 3], [14, 24, 15, 23], [9, 16, 10, 17]]"
12n_0605_4,"[[9, 16, 10, 17], [11, 18, 12, 19], [7, 20, 8, 21], [22, 2, 23, 1], [24, 16, 1, 15], [2, 6, 3, 5], [4, 14, 5, 13], [19, 6, 20, 7], [21, 8, 22, 9], [17, 10, 18, 11], [12, 4, 13, 3], [14, 24, 15, 23]]"
12n_0605_5,"[[14, 24, 15, 23], [9, 16, 10, 17], [11, 18, 12, 19], [7, 20, 8, 21], [22, 2, 23, 1], [24, 16, 1, 15], [2, 6, 3, 5], [4, 14, 5, 13], [19, 6, 20, 7], [21, 8, 22, 9], [17, 10, 18, 11], [12, 4, 13, 3]]"
12n_0605_6,"[[12, 4, 13, 3], [14, 24, 15, 23], [9, 16, 10, 17], [11, 18, 12, 19], [7, 20, 8, 21], [22, 2, 23, 1], [24, 16, 1, 15], [2, 6, 3, 5], [4, 14, 5, 13], [19, 6, 20, 7], [21, 8, 22, 9], [17, 10, 18, 11]]"
12n_0605_7,"[[17, 10, 18, 11], [12, 4, 13, 3], [14, 24, 15, 23], [9, 16, 10, 17], [11, 18, 12, 19], [7, 20, 8, 21], [22, 2, 23, 1], [24, 16, 1, 15], [2, 6, 3, 5], [4, 14, 5, 13], [19, 6, 20, 7], [21, 8, 22, 9]]"
12n_0605_8,"[[21, 8, 22, 9], [17, 10, 18, 11], [12, 4, 13, 3], [14, 24, 15, 23], [9, 16, 10, 17], [11, 18, 12, 19], [7, 20, 8, 21], [22, 2, 23, 1], [24, 16, 1, 15], [2, 6, 3, 5], [4, 14, 5, 13], [19, 6, 20, 7]]"
12n_0605_9,"[[19, 6, 20, 7], [21, 8, 22, 9], [17, 10, 18, 11], [12, 4, 13, 3], [14, 24, 15, 23], [9, 16, 10, 17], [11, 18, 12, 19], [7, 20, 8, 21], [22, 2, 23, 1], [24, 16, 1, 15], [2, 6, 3, 5], [4, 14, 5, 13]]"
12n_0605_10,"[[4, 14, 5, 13], [19, 6, 20, 7], [21, 8, 22, 9], [17, 10, 18, 11], [12, 4, 13, 3], [14, 24, 15, 23], [9, 16, 10, 17], [11, 18, 12, 19], [7, 20, 8, 21], [22, 2, 23, 1], [24, 16, 1, 15], [2, 6, 3, 5]]"
12n_0605_11,"[[2, 6, 3, 5], [4, 14, 5, 13], [19, 6, 20, 7], [21, 8, 22, 9], [17, 10, 18, 11], [12, 4, 13, 3], [14, 24, 15, 23], [9, 16, 10, 17], [11, 18, 12, 19], [7, 20, 8, 21], [22, 2, 23, 1], [24, 16, 1, 15]]"
12n_0605_12,"[[1, 17, 2, 16], [3, 7, 4, 6], [5, 15, 6, 14], [20, 7, 21, 8], [22, 9, 23, 10], [18, 11, 19, 12], [13, 5, 14, 4], [15, 1, 16, 24], [10, 17, 11, 18], [12, 19, 13, 20], [8, 21, 9, 22], [23, 3, 24, 2]]"
12n_0605_13,"[[23, 3, 24, 2], [1, 17, 2, 16], [3, 7, 4, 6], [5, 15, 6, 14], [20, 7, 21, 8], [22, 9, 23, 10], [18, 11, 19, 12], [13, 5, 14, 4], [15, 1, 16, 24], [10, 17, 11, 18], [12, 19, 13, 20], [8, 21, 9, 22]]"
12n_0605_14,"[[8, 21, 9, 22], [23, 3, 24, 2], [1, 17, 2, 16], [3, 7, 4, 6], [5, 15, 6, 14], [20, 7, 21, 8], [22, 9, 23, 10], [18, 11, 19, 12], [13, 5, 14, 4], [15, 1, 16, 24], [10, 17, 11, 18], [12, 19, 13, 20]]"
12n_0605_15,"[[12, 19, 13, 20], [8, 21, 9, 22], [23, 3, 24, 2], [1, 17, 2, 16], [3, 7, 4, 6], [5, 15, 6, 14], [20, 7, 21, 8], [22, 9, 23, 10], [18, 11, 19, 12], [13, 5, 14, 4], [15, 1, 16, 24], [10, 17, 11, 18]]"
12n_0605_16,"[[10, 17, 11, 18], [12, 19, 13, 20], [8, 21, 9, 22], [23, 3, 24, 2], [1, 17, 2, 16], [3, 7, 4, 6], [5, 15, 6, 14], [20, 7, 21, 8], [22, 9, 23, 10], [18, 11, 19, 12], [13, 5, 14, 4], [15, 1, 16, 24]]"
12n_0605_17,"[[15, 1, 16, 24], [10, 17, 11, 18], [12, 19, 13, 20], [8, 21, 9, 22], [23, 3, 24, 2], [1, 17, 2, 16], [3, 7, 4, 6], [5, 15, 6, 14], [20, 7, 21, 8], [22, 9, 23, 10], [18, 11, 19, 12], [13, 5, 14, 4]]"
12n_0605_18,"[[13, 5, 14, 4], [15, 1, 16, 24], [10, 17, 11, 18], [12, 19, 13, 20], [8, 21, 9, 22], [23, 3, 24, 2], [1, 17, 2, 16], [3, 7, 4, 6], [5, 15, 6, 14], [20, 7, 21, 8], [22, 9, 23, 10], [18, 11, 19, 12]]"
12n_0605_19,"[[18, 11, 19, 12], [13, 5, 14, 4], [15, 1, 16, 24], [10, 17, 11, 18], [12, 19, 13, 20], [8, 21, 9, 22], [23, 3, 24, 2], [1, 17, 2, 16], [3, 7, 4, 6], [5, 15, 6, 14], [20, 7, 21, 8], [22, 9, 23, 10]]"
12n_0605_20,"[[22, 9, 23, 10], [18, 11, 19, 12], [13, 5, 14, 4], [15, 1, 16, 24], [10, 17, 11, 18], [12, 19, 13, 20], [8, 21, 9, 22], [23, 3, 24, 2], [1, 17, 2, 16], [3, 7, 4, 6], [5, 15, 6, 14], [20, 7, 21, 8]]"
12n_0605_21,"[[20, 7, 21, 8], [22, 9, 23, 10], [18, 11, 19, 12], [13, 5, 14, 4], [15, 1, 16, 24], [10, 17, 11, 18], [12, 19, 13, 20], [8, 21, 9, 22], [23, 3, 24, 2], [1, 17, 2, 16], [3, 7, 4, 6], [5, 15, 6, 14]]"
12n_0605_22,"[[5, 15, 6, 14], [20, 7, 21, 8], [22, 9, 23, 10], [18, 11, 19, 12], [13, 5, 14, 4], [15, 1, 16, 24], [10, 17, 11, 18], [12, 19, 13, 20], [8, 21, 9, 22], [23, 3, 24, 2], [1, 17, 2, 16], [3, 7, 4, 6]]"
12n_0605_23,"[[3, 7, 4, 6], [5, 15, 6, 14], [20, 7, 21, 8], [22, 9, 23, 10], [18, 11, 19, 12], [13, 5, 14, 4], [15, 1, 16, 24], [10, 17, 11, 18], [12, 19, 13, 20], [8, 21, 9, 22], [23, 3, 24, 2], [1, 17, 2, 16]]"
12n_0605_24,"[[2, 18, 3, 17], [4, 8, 5, 7], [6, 16, 7, 15], [21, 8, 22, 9], [23, 10, 24, 11], [19, 12, 20, 13], [14, 6, 15, 5], [16, 2, 17, 1], [11, 18, 12, 19], [13, 20, 14, 21], [9, 22, 10, 23], [24, 4, 1, 3]]"
12n_0605_25,"[[24, 4, 1, 3], [2, 18, 3, 17], [4, 8, 5, 7], [6, 16, 7, 15], [21, 8, 22, 9], [23, 10, 24, 11], [19, 12, 20, 13], [14, 6, 15, 5], [16, 2, 17, 1], [11, 18, 12, 19], [13, 20, 14, 21], [9, 22, 10, 23]]"
12n_0605_26,"[[9, 22, 10, 23], [24, 4, 1, 3], [2, 18, 3, 17], [4, 8, 5, 7], [6, 16, 7, 15], [21, 8, 22, 9], [23, 10, 24, 11], [19, 12, 20, 13], [14, 6, 15, 5], [16, 2, 17, 1], [11, 18, 12, 19], [13, 20, 14, 21]]"
12n_0605_27,"[[13, 20, 14, 21], [9, 22, 10, 23], [24, 4, 1, 3], [2, 18, 3, 17], [4, 8, 5, 7], [6, 16, 7, 15], [21, 8, 22, 9], [23, 10, 24, 11], [19, 12, 20, 13], [14, 6, 15, 5], [16, 2, 17, 1], [11, 18, 12, 19]]"
12n_0605_28,"[[11, 18, 12, 19], [13, 20, 14, 21], [9, 22, 10, 23], [24, 4, 1, 3], [2, 18, 3, 17], [4, 8, 5, 7], [6, 16, 7, 15], [21, 8, 22, 9], [23, 10, 24, 11], [19, 12, 20, 13], [14, 6, 15, 5], [16, 2, 17, 1]]"
12n_0605_29,"[[16, 2, 17, 1], [11, 18, 12, 19], [13, 20, 14, 21], [9, 22, 10, 23], [24, 4, 1, 3], [2, 18, 3, 17], [4, 8, 5, 7], [6, 16, 7, 15], [21, 8, 22, 9], [23, 10, 24, 11], [19, 12, 20, 13], [14, 6, 15, 5]]"
12n_0605_30,"[[14, 6, 15, 5], [16, 2, 17, 1], [11, 18, 12, 19], [13, 20, 14, 21], [9, 22, 10, 23], [24, 4, 1, 3], [2, 18, 3, 17], [4, 8, 5, 7], [6, 16, 7, 15], [21, 8, 22, 9], [23, 10, 24, 11], [19, 12, 20, 13]]"
12n_0605_31,"[[19, 12, 20, 13], [14, 6, 15, 5], [16, 2, 17, 1], [11, 18, 12, 19], [13, 20, 14, 21], [9, 22, 10, 23], [24, 4, 1, 3], [2, 18, 3, 17], [4, 8, 5, 7], [6, 16, 7, 15], [21, 8, 22, 9], [23, 10, 24, 11]]"
12n_0605_32,"[[23, 10, 24, 11], [19, 12, 20, 13], [14, 6, 15, 5], [16, 2, 17, 1], [11, 18, 12, 19], [13, 20, 14, 21], [9, 22, 10, 23], [24, 4, 1, 3], [2, 18, 3, 17], [4, 8, 5, 7], [6, 16, 7, 15], [21, 8, 22, 9]]"
12n_0605_33,"[[21, 8, 22, 9], [23, 10, 24, 11], [19, 12, 20, 13], [14, 6, 15, 5], [16, 2, 17, 1], [11, 18, 12, 19], [13, 20, 14, 21], [9, 22, 10, 23], [24, 4, 1, 3], [2, 18, 3, 17], [4, 8, 5, 7], [6, 16, 7, 15]]"
12n_0605_34,"[[6, 16, 7, 15], [21, 8, 22, 9], [23, 10, 24, 11], [19, 12, 20, 13], [14, 6, 15, 5], [16, 2, 17, 1], [11, 18, 12, 19], [13, 20, 14, 21], [9, 22, 10, 23], [24, 4, 1, 3], [2, 18, 3, 17], [4, 8, 5, 7]]"
12n_0605_35,"[[4, 8, 5, 7], [6, 16, 7, 15], [21, 8, 22, 9], [23, 10, 24, 11], [19, 12, 20, 13], [14, 6, 15, 5], [16, 2, 17, 1], [11, 18, 12, 19], [13, 20, 14, 21], [9, 22, 10, 23], [24, 4, 1, 3], [2, 18, 3, 17]]"
12n_0605_36,"[[3, 19, 4, 18], [5, 9, 6, 8], [7, 17, 8, 16], [22, 9, 23, 10], [24, 11, 1, 12], [20, 13, 21, 14], [15, 7, 16, 6], [17, 3, 18, 2], [12, 19, 13, 20], [14, 21, 15, 22], [10, 23, 11, 24], [1, 5, 2, 4]]"
12n_0605_37,"[[1, 5, 2, 4], [3, 19, 4, 18], [5, 9, 6, 8], [7, 17, 8, 16], [22, 9, 23, 10], [24, 11, 1, 12], [20, 13, 21, 14], [15, 7, 16, 6], [17, 3, 18, 2], [12, 19, 13, 20], [14, 21, 15, 22], [10, 23, 11, 24]]"
12n_0605_38,"[[10, 23, 11, 24], [1, 5, 2, 4], [3, 19, 4, 18], [5, 9, 6, 8], [7, 17, 8, 16], [22, 9, 23, 10], [24, 11, 1, 12], [20, 13, 21, 14], [15, 7, 16, 6], [17, 3, 18, 2], [12, 19, 13, 20], [14, 21, 15, 22]]"
12n_0605_39,"[[14, 21, 15, 22], [10, 23, 11, 24], [1, 5, 2, 4], [3, 19, 4, 18], [5, 9, 6, 8], [7, 17, 8, 16], [22, 9, 23, 10], [24, 11, 1, 12], [20, 13, 21, 14], [15, 7, 16, 6], [17, 3, 18, 2], [12, 19, 13, 20]]"
12n_0605_40,"[[12, 19, 13, 20], [14, 21, 15, 22], [10, 23, 11, 24], [1, 5, 2, 4], [3, 19, 4, 18], [5, 9, 6, 8], [7, 17, 8, 16], [22, 9, 23, 10], [24, 11, 1, 12], [20, 13, 21, 14], [15, 7, 16, 6], [17, 3, 18, 2]]"
12n_0605_41,"[[17, 3, 18, 2], [12, 19, 13, 20], [14, 21, 15, 22], [10, 23, 11, 24], [1, 5, 2, 4], [3, 19, 4, 18], [5, 9, 6, 8], [7, 17, 8, 16], [22, 9, 23, 10], [24, 11, 1, 12], [20, 13, 21, 14], [15, 7, 16, 6]]"
12n_0605_42,"[[15, 7, 16, 6], [17, 3, 18, 2], [12, 19, 13, 20], [14, 21, 15, 22], [10, 23, 11, 24], [1, 5, 2, 4], [3, 19, 4, 18], [5, 9, 6, 8], [7, 17, 8, 16], [22, 9, 23, 10], [24, 11, 1, 12], [20, 13, 21, 14]]"
12n_0605_43,"[[20, 13, 21, 14], [15, 7, 16, 6], [17, 3, 18, 2], [12, 19, 13, 20], [14, 21, 15, 22], [10, 23, 11, 24], [1, 5, 2, 4], [3, 19, 4, 18], [5, 9, 6, 8], [7, 17, 8, 16], [22, 9, 23, 10], [24, 11, 1, 12]]"
12n_0605_44,"[[24, 11, 1, 12], [20, 13, 21, 14], [15, 7, 16, 6], [17, 3, 18, 2], [12, 19, 13, 20], [14, 21, 15, 22], [10, 23, 11, 24], [1, 5, 2, 4], [3, 19, 4, 18], [5, 9, 6, 8], [7, 17, 8, 16], [22, 9, 23, 10]]"
12n_0605_45,"[[22, 9, 23, 10], [24, 11, 1, 12], [20, 13, 21, 14], [15, 7, 16, 6], [17, 3, 18, 2], [12, 19, 13, 20], [14, 21, 15, 22], [10, 23, 11, 24], [1, 5, 2, 4], [3, 19, 4, 18], [5, 9, 6, 8], [7, 17, 8, 16]]"
12n_0605_46,"[[7, 17, 8, 16], [22, 9, 23, 10], [24, 11, 1, 12], [20, 13, 21, 14], [15, 7, 16, 6], [17, 3, 18, 2], [12, 19, 13, 20], [14, 21, 15, 22], [10, 23, 11, 24], [1, 5, 2, 4], [3, 19, 4, 18], [5, 9, 6, 8]]"
12n_0605_47,"[[5, 9, 6, 8], [7, 17, 8, 16], [22, 9, 23, 10], [24, 11, 1, 12], [20, 13, 21, 14], [15, 7, 16, 6], [17, 3, 18, 2], [12, 19, 13, 20], [14, 21, 15, 22], [10, 23, 11, 24], [1, 5, 2, 4], [3, 19, 4, 18]]"
12n_0605_48,"[[4, 20, 5, 19], [6, 10, 7, 9], [8, 18, 9, 17], [23, 10, 24, 11], [1, 12, 2, 13], [21, 14, 22, 15], [16, 8, 17, 7], [18, 4, 19, 3], [13, 20, 14, 21], [15, 22, 16, 23], [11, 24, 12, 1], [2, 6, 3, 5]]"
12n_0605_49,"[[2, 6, 3, 5], [4, 20, 5, 19], [6, 10, 7, 9], [8, 18, 9, 17], [23, 10, 24, 11], [1, 12, 2, 13], [21, 14, 22, 15], [16, 8, 17, 7], [18, 4, 19, 3], [13, 20, 14, 21], [15, 22, 16, 23], [11, 24, 12, 1]]"
12n_0605_50,"[[11, 24, 12, 1], [2, 6, 3, 5], [4, 20, 5, 19], [6, 10, 7, 9], [8, 18, 9, 17], [23, 10, 24, 11], [1, 12, 2, 13], [21, 14, 22, 15], [16, 8, 17, 7], [18, 4, 19, 3], [13, 20, 14, 21], [15, 22, 16, 23]]"
12n_0605_51,"[[15, 22, 16, 23], [11, 24, 12, 1], [2, 6, 3, 5], [4, 20, 5, 19], [6, 10, 7, 9], [8, 18, 9, 17], [23, 10, 24, 11], [1, 12, 2, 13], [21, 14, 22, 15], [16, 8, 17, 7], [18, 4, 19, 3], [13, 20, 14, 21]]"
12n_0605_52,"[[13, 20, 14, 21], [15, 22, 16, 23], [11, 24, 12, 1], [2, 6, 3, 5], [4, 20, 5, 19], [6, 10, 7, 9], [8, 18, 9, 17], [23, 10, 24, 11], [1, 12, 2, 13], [21, 14, 22, 15], [16, 8, 17, 7], [18, 4, 19, 3]]"
12n_0605_53,"[[18, 4, 19, 3], [13, 20, 14, 21], [15, 22, 16, 23], [11, 24, 12, 1], [2, 6, 3, 5], [4, 20, 5, 19], [6, 10, 7, 9], [8, 18, 9, 17], [23, 10, 24, 11], [1, 12, 2, 13], [21, 14, 22, 15], [16, 8, 17, 7]]"
12n_0605_54,"[[16, 8, 17, 7], [18, 4, 19, 3], [13, 20, 14, 21], [15, 22, 16, 23], [11, 24, 12, 1], [2, 6, 3, 5], [4, 20, 5, 19], [6, 10, 7, 9], [8, 18, 9, 17], [23, 10, 24, 11], [1, 12, 2, 13], [21, 14, 22, 15]]"
12n_0605_55,"[[21, 14, 22, 15], [16, 8, 17, 7], [18, 4, 19, 3], [13, 20, 14, 21], [15, 22, 16, 23], [11, 24, 12, 1], [2, 6, 3, 5], [4, 20, 5, 19], [6, 10, 7, 9], [8, 18, 9, 17], [23, 10, 24, 11], [1, 12, 2, 13]]"
12n_0605_56,"[[1, 12, 2, 13], [21, 14, 22, 15], [16, 8, 17, 7], [18, 4, 19, 3], [13, 20, 14, 21], [15, 22, 16, 23], [11, 24, 12, 1], [2, 6, 3, 5], [4, 20, 5, 19], [6, 10, 7, 9], [8, 18, 9, 17], [23, 10, 24, 11]]"
12n_0605_57,"[[23, 10, 24, 11], [1, 12, 2, 13], [21, 14, 22, 15], [16, 8, 17, 7], [18, 4, 19, 3], [13, 20, 14, 21], [15, 22, 16, 23], [11, 24, 12, 1], [2, 6, 3, 5], [4, 20, 5, 19], [6, 10, 7, 9], [8, 18, 9, 17]]"
12n_0605_58,"[[8, 18, 9, 17], [23, 10, 24, 11], [1, 12, 2, 13], [21, 14, 22, 15], [16, 8, 17, 7], [18, 4, 19, 3], [13, 20, 14, 21], [15, 22, 16, 23], [11, 24, 12, 1], [2, 6, 3, 5], [4, 20, 5, 19], [6, 10, 7, 9]]"
12n_0605_59,"[[6, 10, 7, 9], [8, 18, 9, 17], [23, 10, 24, 11], [1, 12, 2, 13], [21, 14, 22, 15], [16, 8, 17, 7], [18, 4, 19, 3], [13, 20, 14, 21], [15, 22, 16, 23], [11, 24, 12, 1], [2, 6, 3, 5], [4, 20, 5, 19]]"
12n_0605_60,"[[5, 21, 6, 20], [7, 11, 8, 10], [9, 19, 10, 18], [24, 11, 1, 12], [2, 13, 3, 14], [22, 15, 23, 16], [17, 9, 18, 8], [19, 5, 20, 4], [14, 21, 15, 22], [16, 23, 17, 24], [12, 1, 13, 2], [3, 7, 4, 6]]"
12n_0605_61,"[[3, 7, 4, 6], [5, 21, 6, 20], [7, 11, 8, 10], [9, 19, 10, 18], [24, 11, 1, 12], [2, 13, 3, 14], [22, 15, 23, 16], [17, 9, 18, 8], [19, 5, 20, 4], [14, 21, 15, 22], [16, 23, 17, 24], [12, 1, 13, 2]]"
12n_0605_62,"[[12, 1, 13, 2], [3, 7, 4, 6], [5, 21, 6, 20], [7, 11, 8, 10], [9, 19, 10, 18], [24, 11, 1, 12], [2, 13, 3, 14], [22, 15, 23, 16], [17, 9, 18, 8], [19, 5, 20, 4], [14, 21, 15, 22], [16, 23, 17, 24]]"
12n_0605_63,"[[16, 23, 17, 24], [12, 1, 13, 2], [3, 7, 4, 6], [5, 21, 6, 20], [7, 11, 8, 10], [9, 19, 10, 18], [24, 11, 1, 12], [2, 13, 3, 14], [22, 15, 23, 16], [17, 9, 18, 8], [19, 5, 20, 4], [14, 21, 15, 22]]"
12n_0605_64,"[[14, 21, 15, 22], [16, 23, 17, 24], [12, 1, 13, 2], [3, 7, 4, 6], [5, 21, 6, 20], [7, 11, 8, 10], [9, 19, 10, 18], [24, 11, 1, 12], [2, 13, 3, 14], [22, 15, 23, 16], [17, 9, 18, 8], [19, 5, 20, 4]]"
12n_0605_65,"[[19, 5, 20, 4], [14, 21, 15, 22], [16, 23, 17, 24], [12, 1, 13, 2], [3, 7, 4, 6], [5, 21, 6, 20], [7, 11, 8, 10], [9, 19, 10, 18], [24, 11, 1, 12], [2, 13, 3, 14], [22, 15, 23, 16], [17, 9, 18, 8]]"
12n_0605_66,"[[17, 9, 18, 8], [19, 5, 20, 4], [14, 21, 15, 22], [16, 23, 17, 24], [12, 1, 13, 2], [3, 7, 4, 6], [5, 21, 6, 20], [7, 11, 8, 10], [9, 19, 10, 18], [24, 11, 1, 12], [2, 13, 3, 14], [22, 15, 23, 16]]"
12n_0605_67,"[[22, 15, 23, 16], [17, 9, 18, 8], [19, 5, 20, 4], [14, 21, 15, 22], [16, 23, 17, 24], [12, 1, 13, 2], [3, 7, 4, 6], [5, 21, 6, 20], [7, 11, 8, 10], [9, 19, 10, 18], [24, 11, 1, 12], [2, 13, 3, 14]]"
12n_0605_68,"[[2, 13, 3, 14], [22, 15, 23, 16], [17, 9, 18, 8], [19, 5, 20, 4], [14, 21, 15, 22], [16, 23, 17, 24], [12, 1, 13, 2], [3, 7, 4, 6], [5, 21, 6, 20], [7, 11, 8, 10], [9, 19, 10, 18], [24, 11, 1, 12]]"
12n_0605_69,"[[24, 11, 1, 12], [2, 13, 3, 14], [22, 15, 23, 16], [17, 9, 18, 8], [19, 5, 20, 4], [14, 21, 15, 22], [16, 23, 17, 24], [12, 1, 13, 2], [3, 7, 4, 6], [5, 21, 6, 20], [7, 11, 8, 10], [9, 19, 10, 18]]"
12n_0605_70,"[[9, 19, 10, 18], [24, 11, 1, 12], [2, 13, 3, 14], [22, 15, 23, 16], [17, 9, 18, 8], [19, 5, 20, 4], [14, 21, 15, 22], [16, 23, 17, 24], [12, 1, 13, 2], [3, 7, 4, 6], [5, 21, 6, 20], [7, 11, 8, 10]]"
12n_0605_71,"[[7, 11, 8, 10], [9, 19, 10, 18], [24, 11, 1, 12], [2, 13, 3, 14], [22, 15, 23, 16], [17, 9, 18, 8], [19, 5, 20, 4], [14, 21, 15, 22], [16, 23, 17, 24], [12, 1, 13, 2], [3, 7, 4, 6], [5, 21, 6, 20]]"
12n_0605_72,"[[6, 22, 7, 21], [8, 12, 9, 11], [10, 20, 11, 19], [1, 12, 2, 13], [3, 14, 4, 15], [23, 16, 24, 17], [18, 10, 19, 9], [20, 6, 21, 5], [15, 22, 16, 23], [17, 24, 18, 1], [13, 2, 14, 3], [4, 8, 5, 7]]"
12n_0605_73,"[[4, 8, 5, 7], [6, 22, 7, 21], [8, 12, 9, 11], [10, 20, 11, 19], [1, 12, 2, 13], [3, 14, 4, 15], [23, 16, 24, 17], [18, 10, 19, 9], [20, 6, 21, 5], [15, 22, 16, 23], [17, 24, 18, 1], [13, 2, 14, 3]]"
12n_0605_74,"[[13, 2, 14, 3], [4, 8, 5, 7], [6, 22, 7, 21], [8, 12, 9, 11], [10, 20, 11, 19], [1, 12, 2, 13], [3, 14, 4, 15], [23, 16, 24, 17], [18, 10, 19, 9], [20, 6, 21, 5], [15, 22, 16, 23], [17, 24, 18, 1]]"
12n_0605_75,"[[17, 24, 18, 1], [13, 2, 14, 3], [4, 8, 5, 7], [6, 22, 7, 21], [8, 12, 9, 11], [10, 20, 11, 19], [1, 12, 2, 13], [3, 14, 4, 15], [23, 16, 24, 17], [18, 10, 19, 9], [20, 6, 21, 5], [15, 22, 16, 23]]"
12n_0605_76,"[[15, 22, 16, 23], [17, 24, 18, 1], [13, 2, 14, 3], [4, 8, 5, 7], [6, 22, 7, 21], [8, 12, 9, 11], [10, 20, 11, 19], [1, 12, 2, 13], [3, 14, 4, 15], [23, 16, 24, 17], [18, 10, 19, 9], [20, 6, 21, 5]]"
12n_0605_77,"[[20, 6, 21, 5], [15, 22, 16, 23], [17, 24, 18, 1], [13, 2, 14, 3], [4, 8, 5, 7], [6, 22, 7, 21], [8, 12, 9, 11], [10, 20, 11, 19], [1, 12, 2, 13], [3, 14, 4, 15], [23, 16, 24, 17], [18, 10, 19, 9]]"
12n_0605_78,"[[18, 10, 19, 9], [20, 6, 21, 5], [15, 22, 16, 23], [17, 24, 18, 1], [13, 2, 14, 3], [4, 8, 5, 7], [6, 22, 7, 21], [8, 12, 9, 11], [10, 20, 11, 19], [1, 12, 2, 13], [3, 14, 4, 15], [23, 16, 24, 17]]"
12n_0605_79,"[[23, 16, 24, 17], [18, 10, 19, 9], [20, 6, 21, 5], [15, 22, 16, 23], [17, 24, 18, 1], [13, 2, 14, 3], [4, 8, 5, 7], [6, 22, 7, 21], [8, 12, 9, 11], [10, 20, 11, 19], [1, 12, 2, 13], [3, 14, 4, 15]]"
12n_0605_80,"[[3, 14, 4, 15], [23, 16, 24, 17], [18, 10, 19, 9], [20, 6, 21, 5], [15, 22, 16, 23], [17, 24, 18, 1], [13, 2, 14, 3], [4, 8, 5, 7], [6, 22, 7, 21], [8, 12, 9, 11], [10, 20, 11, 19], [1, 12, 2, 13]]"
12n_0605_81,"[[1, 12, 2, 13], [3, 14, 4, 15], [23, 16, 24, 17], [18, 10, 19, 9], [20, 6, 21, 5], [15, 22, 16, 23], [17, 24, 18, 1], [13, 2, 14, 3], [4, 8, 5, 7], [6, 22, 7, 21], [8, 12, 9, 11], [10, 20, 11, 19]]"
12n_0605_82,"[[10, 20, 11, 19], [1, 12, 2, 13], [3, 14, 4, 15], [23, 16, 24, 17], [18, 10, 19, 9], [20, 6, 21, 5], [15, 22, 16, 23], [17, 24, 18, 1], [13, 2, 14, 3], [4, 8, 5, 7], [6, 22, 7, 21], [8, 12, 9, 11]]"
12n_0605_83,"[[8, 12, 9, 11], [10, 20, 11, 19], [1, 12, 2, 13], [3, 14, 4, 15], [23, 16, 24, 17], [18, 10, 19, 9], [20, 6, 21, 5], [15, 22, 16, 23], [17, 24, 18, 1], [13, 2, 14, 3], [4, 8, 5, 7], [6, 22, 7, 21]]"
12n_0605_84,"[[7, 23, 8, 22], [9, 13, 10, 12], [11, 21, 12, 20], [2, 13, 3, 14], [4, 15, 5, 16], [24, 17, 1, 18], [19, 11, 20, 10], [21, 7, 22, 6], [16, 23, 17, 24], [18, 1, 19, 2], [14, 3, 15, 4], [5, 9, 6, 8]]"
12n_0605_85,"[[5, 9, 6, 8], [7, 23, 8, 22], [9, 13, 10, 12], [11, 21, 12, 20], [2, 13, 3, 14], [4, 15, 5, 16], [24, 17, 1, 18], [19, 11, 20, 10], [21, 7, 22, 6], [16, 23, 17, 24], [18, 1, 19, 2], [14, 3, 15, 4]]"
12n_0605_86,"[[14, 3, 15, 4], [5, 9, 6, 8], [7, 23, 8, 22], [9, 13, 10, 12], [11, 21, 12, 20], [2, 13, 3, 14], [4, 15, 5, 16], [24, 17, 1, 18], [19, 11, 20, 10], [21, 7, 22, 6], [16, 23, 17, 24], [18, 1, 19, 2]]"
12n_0605_87,"[[18, 1, 19, 2], [14, 3, 15, 4], [5, 9, 6, 8], [7, 23, 8, 22], [9, 13, 10, 12], [11, 21, 12, 20], [2, 13, 3, 14], [4, 15, 5, 16], [24, 17, 1, 18], [19, 11, 20, 10], [21, 7, 22, 6], [16, 23, 17, 24]]"
12n_0605_88,"[[16, 23, 17, 24], [18, 1, 19, 2], [14, 3, 15, 4], [5, 9, 6, 8], [7, 23, 8, 22], [9, 13, 10, 12], [11, 21, 12, 20], [2, 13, 3, 14], [4, 15, 5, 16], [24, 17, 1, 18], [19, 11, 20, 10], [21, 7, 22, 6]]"
12n_0605_89,"[[21, 7, 22, 6], [16, 23, 17, 24], [18, 1, 19, 2], [14, 3, 15, 4], [5, 9, 6, 8], [7, 23, 8, 22], [9, 13, 10, 12], [11, 21, 12, 20], [2, 13, 3, 14], [4, 15, 5, 16], [24, 17, 1, 18], [19, 11, 20, 10]]"
12n_0605_90,"[[19, 11, 20, 10], [21, 7, 22, 6], [16, 23, 17, 24], [18, 1, 19, 2], [14, 3, 15, 4], [5, 9, 6, 8], [7, 23, 8, 22], [9, 13, 10, 12], [11, 21, 12, 20], [2, 13, 3, 14], [4, 15, 5, 16], [24, 17, 1, 18]]"
12n_0605_91,"[[24, 17, 1, 18], [19, 11, 20, 10], [21, 7, 22, 6], [16, 23, 17, 24], [18, 1, 19, 2], [14, 3, 15, 4], [5, 9, 6, 8], [7, 23, 8, 22], [9, 13, 10, 12], [11, 21, 12, 20], [2, 13, 3, 14], [4, 15, 5, 16]]"
12n_0605_92,"[[4, 15, 5, 16], [24, 17, 1, 18], [19, 11, 20, 10], [21, 7, 22, 6], [16, 23, 17, 24], [18, 1, 19, 2], [14, 3, 15, 4], [5, 9, 6, 8], [7, 23, 8, 22], [9, 13, 10, 12], [11, 21, 12, 20], [2, 13, 3, 14]]"
12n_0605_93,"[[2, 13, 3, 14], [4, 15, 5, 16], [24, 17, 1, 18], [19, 11, 20, 10], [21, 7, 22, 6], [16, 23, 17, 24], [18, 1, 19, 2], [14, 3, 15, 4], [5, 9, 6, 8], [7, 23, 8, 22], [9, 13, 10, 12], [11, 21, 12, 20]]"
12n_0605_94,"[[11, 21, 12, 20], [2, 13, 3, 14], [4, 15, 5, 16], [24, 17, 1, 18], [19, 11, 20, 10], [21, 7, 22, 6], [16, 23, 17, 24], [18, 1, 19, 2], [14, 3, 15, 4], [5, 9, 6, 8], [7, 23, 8, 22], [9, 13, 10, 12]]"
12n_0605_95,"[[9, 13, 10, 12], [11, 21, 12, 20], [2, 13, 3, 14], [4, 15, 5, 16], [24, 17, 1, 18], [19, 11, 20, 10], [21, 7, 22, 6], [16, 23, 17, 24], [18, 1, 19, 2], [14, 3, 15, 4], [5, 9, 6, 8], [7, 23, 8, 22]]"
12n_0605_96,"[[8, 24, 9, 23], [10, 14, 11, 13], [12, 22, 13, 21], [3, 14, 4, 15], [5, 16, 6, 17], [1, 18, 2, 19], [20, 12, 21, 11], [22, 8, 23, 7], [17, 24, 18, 1], [19, 2, 20, 3], [15, 4, 16, 5], [6, 10, 7, 9]]"
12n_0605_97,"[[6, 10, 7, 9], [8, 24, 9, 23], [10, 14, 11, 13], [12, 22, 13, 21], [3, 14, 4, 15], [5, 16, 6, 17], [1, 18, 2, 19], [20, 12, 21, 11], [22, 8, 23, 7], [17, 24, 18, 1], [19, 2, 20, 3], [15, 4, 16, 5]]"
12n_0605_98,"[[15, 4, 16, 5], [6, 10, 7, 9], [8, 24, 9, 23], [10, 14, 11, 13], [12, 22, 13, 21], [3, 14, 4, 15], [5, 16, 6, 17], [1, 18, 2, 19], [20, 12, 21, 11], [22, 8, 23, 7], [17, 24, 18, 1], [19, 2, 20, 3]]"
12n_0605_99,"[[19, 2, 20, 3], [15, 4, 16, 5], [6, 10, 7, 9], [8, 24, 9, 23], [10, 14, 11, 13], [12, 22, 13, 21], [3, 14, 4, 15], [5, 16, 6, 17], [1, 18, 2, 19], [20, 12, 21, 11], [22, 8, 23, 7], [17, 24, 18, 1]]"
12n_0605_100,"[[17, 24, 18, 1], [19, 2, 20, 3], [15, 4, 16, 5], [6, 10, 7, 9], [8, 24, 9, 23], [10, 14, 11, 13], [12, 22, 13, 21], [3, 14, 4, 15], [5, 16, 6, 17], [1, 18, 2, 19], [20, 12, 21, 11], [22, 8, 23, 7]]"
12n_0605_101,"[[22, 8, 23, 7], [17, 24, 18, 1], [19, 2, 20, 3], [15, 4, 16, 5], [6, 10, 7, 9], [8, 24, 9, 23], [10, 14, 11, 13], [12, 22, 13, 21], [3, 14, 4, 15], [5, 16, 6, 17], [1, 18, 2, 19], [20, 12, 21, 11]]"
12n_0605_102,"[[20, 12, 21, 11], [22, 8, 23, 7], [17, 24, 18, 1], [19, 2, 20, 3], [15, 4, 16, 5], [6, 10, 7, 9], [8, 24, 9, 23], [10, 14, 11, 13], [12, 22, 13, 21], [3, 14, 4, 15], [5, 16, 6, 17], [1, 18, 2, 19]]"
12n_0605_103,"[[1, 18, 2, 19], [20, 12, 21, 11], [22, 8, 23, 7], [17, 24, 18, 1], [19, 2, 20, 3], [15, 4, 16, 5], [6, 10, 7, 9], [8, 24, 9, 23], [10, 14, 11, 13], [12, 22, 13, 21], [3, 14, 4, 15], [5, 16, 6, 17]]"
12n_0605_104,"[[5, 16, 6, 17], [1, 18, 2, 19], [20, 12, 21, 11], [22, 8, 23, 7], [17, 24, 18, 1], [19, 2, 20, 3], [15, 4, 16, 5], [6, 10, 7, 9], [8, 24, 9, 23], [10, 14, 11, 13], [12, 22, 13, 21], [3, 14, 4, 15]]"
12n_0605_105,"[[3, 14, 4, 15], [5, 16, 6, 17], [1, 18, 2, 19], [20, 12, 21, 11], [22, 8, 23, 7], [17, 24, 18, 1], [19, 2, 20, 3], [15, 4, 16, 5], [6, 10, 7, 9], [8, 24, 9, 23], [10, 14, 11, 13], [12, 22, 13, 21]]"
12n_0605_106,"[[12, 22, 13, 21], [3, 14, 4, 15], [5, 16, 6, 17], [1, 18, 2, 19], [20, 12, 21, 11], [22, 8, 23, 7], [17, 24, 18, 1], [19, 2, 20, 3], [15, 4, 16, 5], [6, 10, 7, 9], [8, 24, 9, 23], [10, 14, 11, 13]]"
12n_0605_107,"[[10, 14, 11, 13], [12, 22, 13, 21], [3, 14, 4, 15], [5, 16, 6, 17], [1, 18, 2, 19], [20, 12, 21, 11], [22, 8, 23, 7], [17, 24, 18, 1], [19, 2, 20, 3], [15, 4, 16, 5], [6, 10, 7, 9], [8, 24, 9, 23]]"
12n_0605_108,"[[9, 1, 10, 24], [11, 15, 12, 14], [13, 23, 14, 22], [4, 15, 5, 16], [6, 17, 7, 18], [2, 19, 3, 20], [21, 13, 22, 12], [23, 9, 24, 8], [18, 1, 19, 2], [20, 3, 21, 4], [16, 5, 17, 6], [7, 11, 8, 10]]"
12n_0605_109,"[[7, 11, 8, 10], [9, 1, 10, 24], [11, 15, 12, 14], [13, 23, 14, 22], [4, 15, 5, 16], [6, 17, 7, 18], [2, 19, 3, 20], [21, 13, 22, 12], [23, 9, 24, 8], [18, 1, 19, 2], [20, 3, 21, 4], [16, 5, 17, 6]]"
12n_0605_110,"[[16, 5, 17, 6], [7, 11, 8, 10], [9, 1, 10, 24], [11, 15, 12, 14], [13, 23, 14, 22], [4, 15, 5, 16], [6, 17, 7, 18], [2, 19, 3, 20], [21, 13, 22, 12], [23, 9, 24, 8], [18, 1, 19, 2], [20, 3, 21, 4]]"
12n_0605_111,"[[20, 3, 21, 4], [16, 5, 17, 6], [7, 11, 8, 10], [9, 1, 10, 24], [11, 15, 12, 14], [13, 23, 14, 22], [4, 15, 5, 16], [6, 17, 7, 18], [2, 19, 3, 20], [21, 13, 22, 12], [23, 9, 24, 8], [18, 1, 19, 2]]"
12n_0605_112,"[[18, 1, 19, 2], [20, 3, 21, 4], [16, 5, 17, 6], [7, 11, 8, 10], [9, 1, 10, 24], [11, 15, 12, 14], [13, 23, 14, 22], [4, 15, 5, 16], [6, 17, 7, 18], [2, 19, 3, 20], [21, 13, 22, 12], [23, 9, 24, 8]]"
12n_0605_113,"[[23, 9, 24, 8], [18, 1, 19, 2], [20, 3, 21, 4], [16, 5, 17, 6], [7, 11, 8, 10], [9, 1, 10, 24], [11, 15, 12, 14], [13, 23, 14, 22], [4, 15, 5, 16], [6, 17, 7, 18], [2, 19, 3, 20], [21, 13, 22, 12]]"
12n_0605_114,"[[21, 13, 22, 12], [23, 9, 24, 8], [18, 1, 19, 2], [20, 3, 21, 4], [16, 5, 17, 6], [7, 11, 8, 10], [9, 1, 10, 24], [11, 15, 12, 14], [13, 23, 14, 22], [4, 15, 5, 16], [6, 17, 7, 18], [2, 19, 3, 20]]"
12n_0605_115,"[[2, 19, 3, 20], [21, 13, 22, 12], [23, 9, 24, 8], [18, 1, 19, 2], [20, 3, 21, 4], [16, 5, 17, 6], [7, 11, 8, 10], [9, 1, 10, 24], [11, 15, 12, 14], [13, 23, 14, 22], [4, 15, 5, 16], [6, 17, 7, 18]]"
12n_0605_116,"[[6, 17, 7, 18], [2, 19, 3, 20], [21, 13, 22, 12], [23, 9, 24, 8], [18, 1, 19, 2], [20, 3, 21, 4], [16, 5, 17, 6], [7, 11, 8, 10], [9, 1, 10, 24], [11, 15, 12, 14], [13, 23, 14, 22], [4, 15, 5, 16]]"
12n_0605_117,"[[4, 15, 5, 16], [6, 17, 7, 18], [2, 19, 3, 20], [21, 13, 22, 12], [23, 9, 24, 8], [18, 1, 19, 2], [20, 3, 21, 4], [16, 5, 17, 6], [7, 11, 8, 10], [9, 1, 10, 24], [11, 15, 12, 14], [13, 23, 14, 22]]"
12n_0605_118,"[[13, 23, 14, 22], [4, 15, 5, 16], [6, 17, 7, 18], [2, 19, 3, 20], [21, 13, 22, 12], [23, 9, 24, 8], [18, 1, 19, 2], [20, 3, 21, 4], [16, 5, 17, 6], [7, 11, 8, 10], [9, 1, 10, 24], [11, 15, 12, 14]]"
12n_0605_119,"[[11, 15, 12, 14], [13, 23, 14, 22], [4, 15, 5, 16], [6, 17, 7, 18], [2, 19, 3, 20], [21, 13, 22, 12], [23, 9, 24, 8], [18, 1, 19, 2], [20, 3, 21, 4], [16, 5, 17, 6], [7, 11, 8, 10], [9, 1, 10, 24]]"
12n_0605_120,"[[10, 2, 11, 1], [12, 16, 13, 15], [14, 24, 15, 23], [5, 16, 6, 17], [7, 18, 8, 19], [3, 20, 4, 21], [22, 14, 23, 13], [24, 10, 1, 9], [19, 2, 20, 3], [21, 4, 22, 5], [17, 6, 18, 7], [8, 12, 9, 11]]"
12n_0605_121,"[[8, 12, 9, 11], [10, 2, 11, 1], [12, 16, 13, 15], [14, 24, 15, 23], [5, 16, 6, 17], [7, 18, 8, 19], [3, 20, 4, 21], [22, 14, 23, 13], [24, 10, 1, 9], [19, 2, 20, 3], [21, 4, 22, 5], [17, 6, 18, 7]]"
12n_0605_122,"[[17, 6, 18, 7], [8, 12, 9, 11], [10, 2, 11, 1], [12, 16, 13, 15], [14, 24, 15, 23], [5, 16, 6, 17], [7, 18, 8, 19], [3, 20, 4, 21], [22, 14, 23, 13], [24, 10, 1, 9], [19, 2, 20, 3], [21, 4, 22, 5]]"
12n_0605_123,"[[21, 4, 22, 5], [17, 6, 18, 7], [8, 12, 9, 11], [10, 2, 11, 1], [12, 16, 13, 15], [14, 24, 15, 23], [5, 16, 6, 17], [7, 18, 8, 19], [3, 20, 4, 21], [22, 14, 23, 13], [24, 10, 1, 9], [19, 2, 20, 3]]"
12n_0605_124,"[[19, 2, 20, 3], [21, 4, 22, 5], [17, 6, 18, 7], [8, 12, 9, 11], [10, 2, 11, 1], [12, 16, 13, 15], [14, 24, 15, 23], [5, 16, 6, 17], [7, 18, 8, 19], [3, 20, 4, 21], [22, 14, 23, 13], [24, 10, 1, 9]]"
12n_0605_125,"[[24, 10, 1, 9], [19, 2, 20, 3], [21, 4, 22, 5], [17, 6, 18, 7], [8, 12, 9, 11], [10, 2, 11, 1], [12, 16, 13, 15], [14, 24, 15, 23], [5, 16, 6, 17], [7, 18, 8, 19], [3, 20, 4, 21], [22, 14, 23, 13]]"
12n_0605_126,"[[22, 14, 23, 13], [24, 10, 1, 9], [19, 2, 20, 3], [21, 4, 22, 5], [17, 6, 18, 7], [8, 12, 9, 11], [10, 2, 11, 1], [12, 16, 13, 15], [14, 24, 15, 23], [5, 16, 6, 17], [7, 18, 8, 19], [3, 20, 4, 21]]"
12n_0605_127,"[[3, 20, 4, 21], [22, 14, 23, 13], [24, 10, 1, 9], [19, 2, 20, 3], [21, 4, 22, 5], [17, 6, 18, 7], [8, 12, 9, 11], [10, 2, 11, 1], [12, 16, 13, 15], [14, 24, 15, 23], [5, 16, 6, 17], [7, 18, 8, 19]]"
12n_0605_128,"[[7, 18, 8, 19], [3, 20, 4, 21], [22, 14, 23, 13], [24, 10, 1, 9], [19, 2, 20, 3], [21, 4, 22, 5], [17, 6, 18, 7], [8, 12, 9, 11], [10, 2, 11, 1], [12, 16, 13, 15], [14, 24, 15, 23], [5, 16, 6, 17]]"
12n_0605_129,"[[5, 16, 6, 17], [7, 18, 8, 19], [3, 20, 4, 21], [22, 14, 23, 13], [24, 10, 1, 9], [19, 2, 20, 3], [21, 4, 22, 5], [17, 6, 18, 7], [8, 12, 9, 11], [10, 2, 11, 1], [12, 16, 13, 15], [14, 24, 15, 23]]"
12n_0605_130,"[[14, 24, 15, 23], [5, 16, 6, 17], [7, 18, 8, 19], [3, 20, 4, 21], [22, 14, 23, 13], [24, 10, 1, 9], [19, 2, 20, 3], [21, 4, 22, 5], [17, 6, 18, 7], [8, 12, 9, 11], [10, 2, 11, 1], [12, 16, 13, 15]]"
12n_0605_131,"[[12, 16, 13, 15], [14, 24, 15, 23], [5, 16, 6, 17], [7, 18, 8, 19], [3, 20, 4, 21], [22, 14, 23, 13], [24, 10, 1, 9], [19, 2, 20, 3], [21, 4, 22, 5], [17, 6, 18, 7], [8, 12, 9, 11], [10, 2, 11, 1]]"
12n_0605_132,"[[11, 3, 12, 2], [13, 17, 14, 16], [15, 1, 16, 24], [6, 17, 7, 18], [8, 19, 9, 20], [4, 21, 5, 22], [23, 15, 24, 14], [1, 11, 2, 10], [20, 3, 21, 4], [22, 5, 23, 6], [18, 7, 19, 8], [9, 13, 10, 12]]"
12n_0605_133,"[[9, 13, 10, 12], [11, 3, 12, 2], [13, 17, 14, 16], [15, 1, 16, 24], [6, 17, 7, 18], [8, 19, 9, 20], [4, 21, 5, 22], [23, 15, 24, 14], [1, 11, 2, 10], [20, 3, 21, 4], [22, 5, 23, 6], [18, 7, 19, 8]]"
12n_0605_134,"[[18, 7, 19, 8], [9, 13, 10, 12], [11, 3, 12, 2], [13, 17, 14, 16], [15, 1, 16, 24], [6, 17, 7, 18], [8, 19, 9, 20], [4, 21, 5, 22], [23, 15, 24, 14], [1, 11, 2, 10], [20, 3, 21, 4], [22, 5, 23, 6]]"
12n_0605_135,"[[22, 5, 23, 6], [18, 7, 19, 8], [9, 13, 10, 12], [11, 3, 12, 2], [13, 17, 14, 16], [15, 1, 16, 24], [6, 17, 7, 18], [8, 19, 9, 20], [4, 21, 5, 22], [23, 15, 24, 14], [1, 11, 2, 10], [20, 3, 21, 4]]"
12n_0605_136,"[[20, 3, 21, 4], [22, 5, 23, 6], [18, 7, 19, 8], [9, 13, 10, 12], [11, 3, 12, 2], [13, 17, 14, 16], [15, 1, 16, 24], [6, 17, 7, 18], [8, 19, 9, 20], [4, 21, 5, 22], [23, 15, 24, 14], [1, 11, 2, 10]]"
12n_0605_137,"[[1, 11, 2, 10], [20, 3, 21, 4], [22, 5, 23, 6], [18, 7, 19, 8], [9, 13, 10, 12], [11, 3, 12, 2], [13, 17, 14, 16], [15, 1, 16, 24], [6, 17, 7, 18], [8, 19, 9, 20], [4, 21, 5, 22], [23, 15, 24, 14]]"
12n_0605_138,"[[23, 15, 24, 14], [1, 11, 2, 10], [20, 3, 21, 4], [22, 5, 23, 6], [18, 7, 19, 8], [9, 13, 10, 12], [11, 3, 12, 2], [13, 17, 14, 16], [15, 1, 16, 24], [6, 17, 7, 18], [8, 19, 9, 20], [4, 21, 5, 22]]"
12n_0605_139,"[[4, 21, 5, 22], [23, 15, 24, 14], [1, 11, 2, 10], [20, 3, 21, 4], [22, 5, 23, 6], [18, 7, 19, 8], [9, 13, 10, 12], [11, 3, 12, 2], [13, 17, 14, 16], [15, 1, 16, 24], [6, 17, 7, 18], [8, 19, 9, 20]]"
12n_0605_140,"[[8, 19, 9, 20], [4, 21, 5, 22], [23, 15, 24, 14], [1, 11, 2, 10], [20, 3, 21, 4], [22, 5, 23, 6], [18, 7, 19, 8], [9, 13, 10, 12], [11, 3, 12, 2], [13, 17, 14, 16], [15, 1, 16, 24], [6, 17, 7, 18]]"
12n_0605_141,"[[6, 17, 7, 18], [8, 19, 9, 20], [4, 21, 5, 22], [23, 15, 24, 14], [1, 11, 2, 10], [20, 3, 21, 4], [22, 5, 23, 6], [18, 7, 19, 8], [9, 13, 10, 12], [11, 3, 12, 2], [13, 17, 14, 16], [15, 1, 16, 24]]"
12n_0605_142,"[[15, 1, 16, 24], [6, 17, 7, 18], [8, 19, 9, 20], [4, 21, 5, 22], [23, 15, 24, 14], [1, 11, 2, 10], [20, 3, 21, 4], [22, 5, 23, 6], [18, 7, 19, 8], [9, 13, 10, 12], [11, 3, 12, 2], [13, 17, 14, 16]]"
12n_0605_143,"[[13, 17, 14, 16], [15, 1, 16, 24], [6, 17, 7, 18], [8, 19, 9, 20], [4, 21, 5, 22], [23, 15, 24, 14], [1, 11, 2, 10], [20, 3, 21, 4], [22, 5, 23, 6], [18, 7, 19, 8], [9, 13, 10, 12], [11, 3, 12, 2]]"
12n_0605_144,"[[12, 4, 13, 3], [14, 18, 15, 17], [16, 2, 17, 1], [7, 18, 8, 19], [9, 20, 10, 21], [5, 22, 6, 23], [24, 16, 1, 15], [2, 12, 3, 11], [21, 4, 22, 5], [23, 6, 24, 7], [19, 8, 20, 9], [10, 14, 11, 13]]"
12n_0605_145,"[[10, 14, 11, 13], [12, 4, 13, 3], [14, 18, 15, 17], [16, 2, 17, 1], [7, 18, 8, 19], [9, 20, 10, 21], [5, 22, 6, 23], [24, 16, 1, 15], [2, 12, 3, 11], [21, 4, 22, 5], [23, 6, 24, 7], [19, 8, 20, 9]]"
12n_0605_146,"[[19, 8, 20, 9], [10, 14, 11, 13], [12, 4, 13, 3], [14, 18, 15, 17], [16, 2, 17, 1], [7, 18, 8, 19], [9, 20, 10, 21], [5, 22, 6, 23], [24, 16, 1, 15], [2, 12, 3, 11], [21, 4, 22, 5], [23, 6, 24, 7]]"
12n_0605_147,"[[23, 6, 24, 7], [19, 8, 20, 9], [10, 14, 11, 13], [12, 4, 13, 3], [14, 18, 15, 17], [16, 2, 17, 1], [7, 18, 8, 19], [9, 20, 10, 21], [5, 22, 6, 23], [24, 16, 1, 15], [2, 12, 3, 11], [21, 4, 22, 5]]"
12n_0605_148,"[[21, 4, 22, 5], [23, 6, 24, 7], [19, 8, 20, 9], [10, 14, 11, 13], [12, 4, 13, 3], [14, 18, 15, 17], [16, 2, 17, 1], [7, 18, 8, 19], [9, 20, 10, 21], [5, 22, 6, 23], [24, 16, 1, 15], [2, 12, 3, 11]]"
12n_0605_149,"[[2, 12, 3, 11], [21, 4, 22, 5], [23, 6, 24, 7], [19, 8, 20, 9], [10, 14, 11, 13], [12, 4, 13, 3], [14, 18, 15, 17], [16, 2, 17, 1], [7, 18, 8, 19], [9, 20, 10, 21], [5, 22, 6, 23], [24, 16, 1, 15]]"
12n_0605_150,"[[24, 16, 1, 15], [2, 12, 3, 11], [21, 4, 22, 5], [23, 6, 24, 7], [19, 8, 20, 9], [10, 14, 11, 13], [12, 4, 13, 3], [14, 18, 15, 17], [16, 2, 17, 1], [7, 18, 8, 19], [9, 20, 10, 21], [5, 22, 6, 23]]"
12n_0605_151,"[[5, 22, 6, 23], [24, 16, 1, 15], [2, 12, 3, 11], [21, 4, 22, 5], [23, 6, 24, 7], [19, 8, 20, 9], [10, 14, 11, 13], [12, 4, 13, 3], [14, 18, 15, 17], [16, 2, 17, 1], [7, 18, 8, 19], [9, 20, 10, 21]]"
12n_0605_152,"[[9, 20, 10, 21], [5, 22, 6, 23], [24, 16, 1, 15], [2, 12, 3, 11], [21, 4, 22, 5], [23, 6, 24, 7], [19, 8, 20, 9], [10, 14, 11, 13], [12, 4, 13, 3], [14, 18, 15, 17], [16, 2, 17, 1], [7, 18, 8, 19]]"
12n_0605_153,"[[7, 18, 8, 19], [9, 20, 10, 21], [5, 22, 6, 23], [24, 16, 1, 15], [2, 12, 3, 11], [21, 4, 22, 5], [23, 6, 24, 7], [19, 8, 20, 9], [10, 14, 11, 13], [12, 4, 13, 3], [14, 18, 15, 17], [16, 2, 17, 1]]"
12n_0605_154,"[[16, 2, 17, 1], [7, 18, 8, 19], [9, 20, 10, 21], [5, 22, 6, 23], [24, 16, 1, 15], [2, 12, 3, 11], [21, 4, 22, 5], [23, 6, 24, 7], [19, 8, 20, 9], [10, 14, 11, 13], [12, 4, 13, 3], [14, 18, 15, 17]]"
12n_0605_155,"[[14, 18, 15, 17], [16, 2, 17, 1], [7, 18, 8, 19], [9, 20, 10, 21], [5, 22, 6, 23], [24, 16, 1, 15], [2, 12, 3, 11], [21, 4, 22, 5], [23, 6, 24, 7], [19, 8, 20, 9], [10, 14, 11, 13], [12, 4, 13, 3]]"
12n_0605_156,"[[13, 5, 14, 4], [15, 19, 16, 18], [17, 3, 18, 2], [8, 19, 9, 20], [10, 21, 11, 22], [6, 23, 7, 24], [1, 17, 2, 16], [3, 13, 4, 12], [22, 5, 23, 6], [24, 7, 1, 8], [20, 9, 21, 10], [11, 15, 12, 14]]"
12n_0605_157,"[[11, 15, 12, 14], [13, 5, 14, 4], [15, 19, 16, 18], [17, 3, 18, 2], [8, 19, 9, 20], [10, 21, 11, 22], [6, 23, 7, 24], [1, 17, 2, 16], [3, 13, 4, 12], [22, 5, 23, 6], [24, 7, 1, 8], [20, 9, 21, 10]]"
12n_0605_158,"[[20, 9, 21, 10], [11, 15, 12, 14], [13, 5, 14, 4], [15, 19, 16, 18], [17, 3, 18, 2], [8, 19, 9, 20], [10, 21, 11, 22], [6, 23, 7, 24], [1, 17, 2, 16], [3, 13, 4, 12], [22, 5, 23, 6], [24, 7, 1, 8]]"
12n_0605_159,"[[24, 7, 1, 8], [20, 9, 21, 10], [11, 15, 12, 14], [13, 5, 14, 4], [15, 19, 16, 18], [17, 3, 18, 2], [8, 19, 9, 20], [10, 21, 11, 22], [6, 23, 7, 24], [1, 17, 2, 16], [3, 13, 4, 12], [22, 5, 23, 6]]"
12n_0605_160,"[[22, 5, 23, 6], [24, 7, 1, 8], [20, 9, 21, 10], [11, 15, 12, 14], [13, 5, 14, 4], [15, 19, 16, 18], [17, 3, 18, 2], [8, 19, 9, 20], [10, 21, 11, 22], [6, 23, 7, 24], [1, 17, 2, 16], [3, 13, 4, 12]]"
12n_0605_161,"[[3, 13, 4, 12], [22, 5, 23, 6], [24, 7, 1, 8], [20, 9, 21, 10], [11, 15, 12, 14], [13, 5, 14, 4], [15, 19, 16, 18], [17, 3, 18, 2], [8, 19, 9, 20], [10, 21, 11, 22], [6, 23, 7, 24], [1, 17, 2, 16]]"
12n_0605_162,"[[1, 17, 2, 16], [3, 13, 4, 12], [22, 5, 23, 6], [24, 7, 1, 8], [20, 9, 21, 10], [11, 15, 12, 14], [13, 5, 14, 4], [15, 19, 16, 18], [17, 3, 18, 2], [8, 19, 9, 20], [10, 21, 11, 22], [6, 23, 7, 24]]"
12n_0605_163,"[[6, 23, 7, 24], [1, 17, 2, 16], [3, 13, 4, 12], [22, 5, 23, 6], [24, 7, 1, 8], [20, 9, 21, 10], [11, 15, 12, 14], [13, 5, 14, 4], [15, 19, 16, 18], [17, 3, 18, 2], [8, 19, 9, 20], [10, 21, 11, 22]]"
12n_0605_164,"[[10, 21, 11, 22], [6, 23, 7, 24], [1, 17, 2, 16], [3, 13, 4, 12], [22, 5, 23, 6], [24, 7, 1, 8], [20, 9, 21, 10], [11, 15, 12, 14], [13, 5, 14, 4], [15, 19, 16, 18], [17, 3, 18, 2], [8, 19, 9, 20]]"
12n_0605_165,"[[8, 19, 9, 20], [10, 21, 11, 22], [6, 23, 7, 24], [1, 17, 2, 16], [3, 13, 4, 12], [22, 5, 23, 6], [24, 7, 1, 8], [20, 9, 21, 10], [11, 15, 12, 14], [13, 5, 14, 4], [15, 19, 16, 18], [17, 3, 18, 2]]"
12n_0605_166,"[[17, 3, 18, 2], [8, 19, 9, 20], [10, 21, 11, 22], [6, 23, 7, 24], [1, 17, 2, 16], [3, 13, 4, 12], [22, 5, 23, 6], [24, 7, 1, 8], [20, 9, 21, 10], [11, 15, 12, 14], [13, 5, 14, 4], [15, 19, 16, 18]]"
12n_0605_167,"[[15, 19, 16, 18], [17, 3, 18, 2], [8, 19, 9, 20], [10, 21, 11, 22], [6, 23, 7, 24], [1, 17, 2, 16], [3, 13, 4, 12], [22, 5, 23, 6], [24, 7, 1, 8], [20, 9, 21, 10], [11, 15, 12, 14], [13, 5, 14, 4]]"
12n_0605_168,"[[14, 6, 15, 5], [16, 20, 17, 19], [18, 4, 19, 3], [9, 20, 10, 21], [11, 22, 12, 23], [7, 24, 8, 1], [2, 18, 3, 17], [4, 14, 5, 13], [23, 6, 24, 7], [1, 8, 2, 9], [21, 10, 22, 11], [12, 16, 13, 15]]"
12n_0605_169,"[[12, 16, 13, 15], [14, 6, 15, 5], [16, 20, 17, 19], [18, 4, 19, 3], [9, 20, 10, 21], [11, 22, 12, 23], [7, 24, 8, 1], [2, 18, 3, 17], [4, 14, 5, 13], [23, 6, 24, 7], [1, 8, 2, 9], [21, 10, 22, 11]]"
12n_0605_170,"[[21, 10, 22, 11], [12, 16, 13, 15], [14, 6, 15, 5], [16, 20, 17, 19], [18, 4, 19, 3], [9, 20, 10, 21], [11, 22, 12, 23], [7, 24, 8, 1], [2, 18, 3, 17], [4, 14, 5, 13], [23, 6, 24, 7], [1, 8, 2, 9]]"
12n_0605_171,"[[1, 8, 2, 9], [21, 10, 22, 11], [12, 16, 13, 15], [14, 6, 15, 5], [16, 20, 17, 19], [18, 4, 19, 3], [9, 20, 10, 21], [11, 22, 12, 23], [7, 24, 8, 1], [2, 18, 3, 17], [4, 14, 5, 13], [23, 6, 24, 7]]"
12n_0605_172,"[[23, 6, 24, 7], [1, 8, 2, 9], [21, 10, 22, 11], [12, 16, 13, 15], [14, 6, 15, 5], [16, 20, 17, 19], [18, 4, 19, 3], [9, 20, 10, 21], [11, 22, 12, 23], [7, 24, 8, 1], [2, 18, 3, 17], [4, 14, 5, 13]]"
12n_0605_173,"[[4, 14, 5, 13], [23, 6, 24, 7], [1, 8, 2, 9], [21, 10, 22, 11], [12, 16, 13, 15], [14, 6, 15, 5], [16, 20, 17, 19], [18, 4, 19, 3], [9, 20, 10, 21], [11, 22, 12, 23], [7, 24, 8, 1], [2, 18, 3, 17]]"
12n_0605_174,"[[2, 18, 3, 17], [4, 14, 5, 13], [23, 6, 24, 7], [1, 8, 2, 9], [21, 10, 22, 11], [12, 16, 13, 15], [14, 6, 15, 5], [16, 20, 17, 19], [18, 4, 19, 3], [9, 20, 10, 21], [11, 22, 12, 23], [7, 24, 8, 1]]"
12n_0605_175,"[[7, 24, 8, 1], [2, 18, 3, 17], [4, 14, 5, 13], [23, 6, 24, 7], [1, 8, 2, 9], [21, 10, 22, 11], [12, 16, 13, 15], [14, 6, 15, 5], [16, 20, 17, 19], [18, 4, 19, 3], [9, 20, 10, 21], [11, 22, 12, 23]]"
12n_0605_176,"[[11, 22, 12, 23], [7, 24, 8, 1], [2, 18, 3, 17], [4, 14, 5, 13], [23, 6, 24, 7], [1, 8, 2, 9], [21, 10, 22, 11], [12, 16, 13, 15], [14, 6, 15, 5], [16, 20, 17, 19], [18, 4, 19, 3], [9, 20, 10, 21]]"
12n_0605_177,"[[9, 20, 10, 21], [11, 22, 12, 23], [7, 24, 8, 1], [2, 18, 3, 17], [4, 14, 5, 13], [23, 6, 24, 7], [1, 8, 2, 9], [21, 10, 22, 11], [12, 16, 13, 15], [14, 6, 15, 5], [16, 20, 17, 19], [18, 4, 19, 3]]"
12n_0605_178,"[[18, 4, 19, 3], [9, 20, 10, 21], [11, 22, 12, 23], [7, 24, 8, 1], [2, 18, 3, 17], [4, 14, 5, 13], [23, 6, 24, 7], [1, 8, 2, 9], [21, 10, 22, 11], [12, 16, 13, 15], [14, 6, 15, 5], [16, 20, 17, 19]]"
12n_0605_179,"[[16, 20, 17, 19], [18, 4, 19, 3], [9, 20, 10, 21], [11, 22, 12, 23], [7, 24, 8, 1], [2, 18, 3, 17], [4, 14, 5, 13], [23, 6, 24, 7], [1, 8, 2, 9], [21, 10, 22, 11], [12, 16, 13, 15], [14, 6, 15, 5]]"
12n_0605_180,"[[15, 7, 16, 6], [17, 21, 18, 20], [19, 5, 20, 4], [10, 21, 11, 22], [12, 23, 13, 24], [8, 1, 9, 2], [3, 19, 4, 18], [5, 15, 6, 14], [24, 7, 1, 8], [2, 9, 3, 10], [22, 11, 23, 12], [13, 17, 14, 16]]"
12n_0605_181,"[[13, 17, 14, 16], [15, 7, 16, 6], [17, 21, 18, 20], [19, 5, 20, 4], [10, 21, 11, 22], [12, 23, 13, 24], [8, 1, 9, 2], [3, 19, 4, 18], [5, 15, 6, 14], [24, 7, 1, 8], [2, 9, 3, 10], [22, 11, 23, 12]]"
12n_0605_182,"[[22, 11, 23, 12], [13, 17, 14, 16], [15, 7, 16, 6], [17, 21, 18, 20], [19, 5, 20, 4], [10, 21, 11, 22], [12, 23, 13, 24], [8, 1, 9, 2], [3, 19, 4, 18], [5, 15, 6, 14], [24, 7, 1, 8], [2, 9, 3, 10]]"
12n_0605_183,"[[2, 9, 3, 10], [22, 11, 23, 12], [13, 17, 14, 16], [15, 7, 16, 6], [17, 21, 18, 20], [19, 5, 20, 4], [10, 21, 11, 22], [12, 23, 13, 24], [8, 1, 9, 2], [3, 19, 4, 18], [5, 15, 6, 14], [24, 7, 1, 8]]"
12n_0605_184,"[[24, 7, 1, 8], [2, 9, 3, 10], [22, 11, 23, 12], [13, 17, 14, 16], [15, 7, 16, 6], [17, 21, 18, 20], [19, 5, 20, 4], [10, 21, 11, 22], [12, 23, 13, 24], [8, 1, 9, 2], [3, 19, 4, 18], [5, 15, 6, 14]]"
12n_0605_185,"[[5, 15, 6, 14], [24, 7, 1, 8], [2, 9, 3, 10], [22, 11, 23, 12], [13, 17, 14, 16], [15, 7, 16, 6], [17, 21, 18, 20], [19, 5, 20, 4], [10, 21, 11, 22], [12, 23, 13, 24], [8, 1, 9, 2], [3, 19, 4, 18]]"
