name,pd_notation
12n_0307_0,"[[24, 15, 1, 16], [2, 6, 3, 5], [4, 12, 5, 11], [6, 14, 7, 13], [19, 8, 20, 9], [10, 4, 11, 3], [12, 10, 13, 9], [14, 21, 15, 22], [16, 23, 17, 24], [7, 18, 8, 19], [20, 1, 21, 2], [22, 17, 23, 18]]"
12n_0307_1,"[[22, 17, 23, 18], [24, 15, 1, 16], [2, 6, 3, 5], [4, 12, 5, 11], [6, 14, 7, 13], [19, 8, 20, 9], [10, 4, 11, 3], [12, 10, 13, 9], [14, 21, 15, 22], [16, 23, 17, 24], [7, 18, 8, 19], [20, 1, 21, 2]]"
12n_0307_2,"[[20, 1, 21, 2], [22, 17, 23, 18], [24, 15, 1, 16], [2, 6, 3, 5], [4, 12, 5, 11], [6, 14, 7, 13], [19, 8, 20, 9], [10, 4, 11, 3], [12, 10, 13, 9], [14, 21, 15, 22], [16, 23, 17, 24], [7, 18, 8, 19]]"
12n_0307_3,"[[7, 18, 8, 19], [20, 1, 21, 2], [22, 17, 23, 18], [24, 15, 1, 16], [2, 6, 3, 5], [4, 12, 5, 11], [6, 14, 7, 13], [19, 8, 20, 9], [10, 4, 11, 3], [12, 10, 13, 9], [14, 21, 15, 22], [16, 23, 17, 24]]"
12n_0307_4,"[[16, 23, 17, 24], [7, 18, 8, 19], [20, 1, 21, 2], [22, 17, 23, 18], [24, 15, 1, 16], [2, 6, 3, 5], [4, 12, 5, 11], [6, 14, 7, 13], [19, 8, 20, 9], [10, 4, 11, 3], [12, 10, 13, 9], [14, 21, 15, 22]]"
12n_0307_5,"[[14, 21, 15, 22], [16, 23, 17, 24], [7, 18, 8, 19], [20, 1, 21, 2], [22, 17, 23, 18], [24, 15, 1, 16], [2, 6, 3, 5], [4, 12, 5, 11], [6, 14, 7, 13], [19, 8, 20, 9], [10, 4, 11, 3], [12, 10, 13, 9]]"
12n_0307_6,"[[12, 10, 13, 9], [14, 21, 15, 22], [16, 23, 17, 24], [7, 18, 8, 19], [20, 1, 21, 2], [22, 17, 23, 18], [24, 15, 1, 16], [2, 6, 3, 5], [4, 12, 5, 11], [6, 14, 7, 13], [19, 8, 20, 9], [10, 4, 11, 3]]"
12n_0307_7,"[[10, 4, 11, 3], [12, 10, 13, 9], [14, 21, 15, 22], [16, 23, 17, 24], [7, 18, 8, 19], [20, 1, 21, 2], [22, 17, 23, 18], [24, 15, 1, 16], [2, 6, 3, 5], [4, 12, 5, 11], [6, 14, 7, 13], [19, 8, 20, 9]]"
12n_0307_8,"[[19, 8, 20, 9], [10, 4, 11, 3], [12, 10, 13, 9], [14, 21, 15, 22], [16, 23, 17, 24], [7, 18, 8, 19], [20, 1, 21, 2], [22, 17, 23, 18], [24, 15, 1, 16], [2, 6, 3, 5], [4, 12, 5, 11], [6, 14, 7, 13]]"
12n_0307_9,"[[6, 14, 7, 13], [19, 8, 20, 9], [10, 4, 11, 3], [12, 10, 13, 9], [14, 21, 15, 22], [16, 23, 17, 24], [7, 18, 8, 19], [20, 1, 21, 2], [22, 17, 23, 18], [24, 15, 1, 16], [2, 6, 3, 5], [4, 12, 5, 11]]"
12n_0307_10,"[[4, 12, 5, 11], [6, 14, 7, 13], [19, 8, 20, 9], [10, 4, 11, 3], [12, 10, 13, 9], [14, 21, 15, 22], [16, 23, 17, 24], [7, 18, 8, 19], [20, 1, 21, 2], [22, 17, 23, 18], [24, 15, 1, 16], [2, 6, 3, 5]]"
12n_0307_11,"[[2, 6, 3, 5], [4, 12, 5, 11], [6, 14, 7, 13], [19, 8, 20, 9], [10, 4, 11, 3], [12, 10, 13, 9], [14, 21, 15, 22], [16, 23, 17, 24], [7, 18, 8, 19], [20, 1, 21, 2], [22, 17, 23, 18], [24, 15, 1, 16]]"
12n_0307_12,"[[1, 16, 2, 17], [3, 7, 4, 6], [5, 13, 6, 12], [7, 15, 8, 14], [20, 9, 21, 10], [11, 5, 12, 4], [13, 11, 14, 10], [15, 22, 16, 23], [17, 24, 18, 1], [8, 19, 9, 20], [21, 2, 22, 3], [23, 18, 24, 19]]"
12n_0307_13,"[[23, 18, 24, 19], [1, 16, 2, 17], [3, 7, 4, 6], [5, 13, 6, 12], [7, 15, 8, 14], [20, 9, 21, 10], [11, 5, 12, 4], [13, 11, 14, 10], [15, 22, 16, 23], [17, 24, 18, 1], [8, 19, 9, 20], [21, 2, 22, 3]]"
12n_0307_14,"[[21, 2, 22, 3], [23, 18, 24, 19], [1, 16, 2, 17], [3, 7, 4, 6], [5, 13, 6, 12], [7, 15, 8, 14], [20, 9, 21, 10], [11, 5, 12, 4], [13, 11, 14, 10], [15, 22, 16, 23], [17, 24, 18, 1], [8, 19, 9, 20]]"
12n_0307_15,"[[8, 19, 9, 20], [21, 2, 22, 3], [23, 18, 24, 19], [1, 16, 2, 17], [3, 7, 4, 6], [5, 13, 6, 12], [7, 15, 8, 14], [20, 9, 21, 10], [11, 5, 12, 4], [13, 11, 14, 10], [15, 22, 16, 23], [17, 24, 18, 1]]"
12n_0307_16,"[[17, 24, 18, 1], [8, 19, 9, 20], [21, 2, 22, 3], [23, 18, 24, 19], [1, 16, 2, 17], [3, 7, 4, 6], [5, 13, 6, 12], [7, 15, 8, 14], [20, 9, 21, 10], [11, 5, 12, 4], [13, 11, 14, 10], [15, 22, 16, 23]]"
12n_0307_17,"[[15, 22, 16, 23], [17, 24, 18, 1], [8, 19, 9, 20], [21, 2, 22, 3], [23, 18, 24, 19], [1, 16, 2, 17], [3, 7, 4, 6], [5, 13, 6, 12], [7, 15, 8, 14], [20, 9, 21, 10], [11, 5, 12, 4], [13, 11, 14, 10]]"
12n_0307_18,"[[13, 11, 14, 10], [15, 22, 16, 23], [17, 24, 18, 1], [8, 19, 9, 20], [21, 2, 22, 3], [23, 18, 24, 19], [1, 16, 2, 17], [3, 7, 4, 6], [5, 13, 6, 12], [7, 15, 8, 14], [20, 9, 21, 10], [11, 5, 12, 4]]"
12n_0307_19,"[[11, 5, 12, 4], [13, 11, 14, 10], [15, 22, 16, 23], [17, 24, 18, 1], [8, 19, 9, 20], [21, 2, 22, 3], [23, 18, 24, 19], [1, 16, 2, 17], [3, 7, 4, 6], [5, 13, 6, 12], [7, 15, 8, 14], [20, 9, 21, 10]]"
12n_0307_20,"[[20, 9, 21, 10], [11, 5, 12, 4], [13, 11, 14, 10], [15, 22, 16, 23], [17, 24, 18, 1], [8, 19, 9, 20], [21, 2, 22, 3], [23, 18, 24, 19], [1, 16, 2, 17], [3, 7, 4, 6], [5, 13, 6, 12], [7, 15, 8, 14]]"
12n_0307_21,"[[7, 15, 8, 14], [20, 9, 21, 10], [11, 5, 12, 4], [13, 11, 14, 10], [15, 22, 16, 23], [17, 24, 18, 1], [8, 19, 9, 20], [21, 2, 22, 3], [23, 18, 24, 19], [1, 16, 2, 17], [3, 7, 4, 6], [5, 13, 6, 12]]"
12n_0307_22,"[[5, 13, 6, 12], [7, 15, 8, 14], [20, 9, 21, 10], [11, 5, 12, 4], [13, 11, 14, 10], [15, 22, 16, 23], [17, 24, 18, 1], [8, 19, 9, 20], [21, 2, 22, 3], [23, 18, 24, 19], [1, 16, 2, 17], [3, 7, 4, 6]]"
12n_0307_23,"[[3, 7, 4, 6], [5, 13, 6, 12], [7, 15, 8, 14], [20, 9, 21, 10], [11, 5, 12, 4], [13, 11, 14, 10], [15, 22, 16, 23], [17, 24, 18, 1], [8, 19, 9, 20], [21, 2, 22, 3], [23, 18, 24, 19], [1, 16, 2, 17]]"
12n_0307_24,"[[2, 17, 3, 18], [4, 8, 5, 7], [6, 14, 7, 13], [8, 16, 9, 15], [21, 10, 22, 11], [12, 6, 13, 5], [14, 12, 15, 11], [16, 23, 17, 24], [18, 1, 19, 2], [9, 20, 10, 21], [22, 3, 23, 4], [24, 19, 1, 20]]"
12n_0307_25,"[[24, 19, 1, 20], [2, 17, 3, 18], [4, 8, 5, 7], [6, 14, 7, 13], [8, 16, 9, 15], [21, 10, 22, 11], [12, 6, 13, 5], [14, 12, 15, 11], [16, 23, 17, 24], [18, 1, 19, 2], [9, 20, 10, 21], [22, 3, 23, 4]]"
12n_0307_26,"[[22, 3, 23, 4], [24, 19, 1, 20], [2, 17, 3, 18], [4, 8, 5, 7], [6, 14, 7, 13], [8, 16, 9, 15], [21, 10, 22, 11], [12, 6, 13, 5], [14, 12, 15, 11], [16, 23, 17, 24], [18, 1, 19, 2], [9, 20, 10, 21]]"
12n_0307_27,"[[9, 20, 10, 21], [22, 3, 23, 4], [24, 19, 1, 20], [2, 17, 3, 18], [4, 8, 5, 7], [6, 14, 7, 13], [8, 16, 9, 15], [21, 10, 22, 11], [12, 6, 13, 5], [14, 12, 15, 11], [16, 23, 17, 24], [18, 1, 19, 2]]"
12n_0307_28,"[[18, 1, 19, 2], [9, 20, 10, 21], [22, 3, 23, 4], [24, 19, 1, 20], [2, 17, 3, 18], [4, 8, 5, 7], [6, 14, 7, 13], [8, 16, 9, 15], [21, 10, 22, 11], [12, 6, 13, 5], [14, 12, 15, 11], [16, 23, 17, 24]]"
12n_0307_29,"[[16, 23, 17, 24], [18, 1, 19, 2], [9, 20, 10, 21], [22, 3, 23, 4], [24, 19, 1, 20], [2, 17, 3, 18], [4, 8, 5, 7], [6, 14, 7, 13], [8, 16, 9, 15], [21, 10, 22, 11], [12, 6, 13, 5], [14, 12, 15, 11]]"
12n_0307_30,"[[14, 12, 15, 11], [16, 23, 17, 24], [18, 1, 19, 2], [9, 20, 10, 21], [22, 3, 23, 4], [24, 19, 1, 20], [2, 17, 3, 18], [4, 8, 5, 7], [6, 14, 7, 13], [8, 16, 9, 15], [21, 10, 22, 11], [12, 6, 13, 5]]"
12n_0307_31,"[[12, 6, 13, 5], [14, 12, 15, 11], [16, 23, 17, 24], [18, 1, 19, 2], [9, 20, 10, 21], [22, 3, 23, 4], [24, 19, 1, 20], [2, 17, 3, 18], [4, 8, 5, 7], [6, 14, 7, 13], [8, 16, 9, 15], [21, 10, 22, 11]]"
12n_0307_32,"[[21, 10, 22, 11], [12, 6, 13, 5], [14, 12, 15, 11], [16, 23, 17, 24], [18, 1, 19, 2], [9, 20, 10, 21], [22, 3, 23, 4], [24, 19, 1, 20], [2, 17, 3, 18], [4, 8, 5, 7], [6, 14, 7, 13], [8, 16, 9, 15]]"
12n_0307_33,"[[8, 16, 9, 15], [21, 10, 22, 11], [12, 6, 13, 5], [14, 12, 15, 11], [16, 23, 17, 24], [18, 1, 19, 2], [9, 20, 10, 21], [22, 3, 23, 4], [24, 19, 1, 20], [2, 17, 3, 18], [4, 8, 5, 7], [6, 14, 7, 13]]"
12n_0307_34,"[[6, 14, 7, 13], [8, 16, 9, 15], [21, 10, 22, 11], [12, 6, 13, 5], [14, 12, 15, 11], [16, 23, 17, 24], [18, 1, 19, 2], [9, 20, 10, 21], [22, 3, 23, 4], [24, 19, 1, 20], [2, 17, 3, 18], [4, 8, 5, 7]]"
12n_0307_35,"[[4, 8, 5, 7], [6, 14, 7, 13], [8, 16, 9, 15], [21, 10, 22, 11], [12, 6, 13, 5], [14, 12, 15, 11], [16, 23, 17, 24], [18, 1, 19, 2], [9, 20, 10, 21], [22, 3, 23, 4], [24, 19, 1, 20], [2, 17, 3, 18]]"
12n_0307_36,"[[3, 18, 4, 19], [5, 9, 6, 8], [7, 15, 8, 14], [9, 17, 10, 16], [22, 11, 23, 12], [13, 7, 14, 6], [15, 13, 16, 12], [17, 24, 18, 1], [19, 2, 20, 3], [10, 21, 11, 22], [23, 4, 24, 5], [1, 20, 2, 21]]"
12n_0307_37,"[[1, 20, 2, 21], [3, 18, 4, 19], [5, 9, 6, 8], [7, 15, 8, 14], [9, 17, 10, 16], [22, 11, 23, 12], [13, 7, 14, 6], [15, 13, 16, 12], [17, 24, 18, 1], [19, 2, 20, 3], [10, 21, 11, 22], [23, 4, 24, 5]]"
12n_0307_38,"[[23, 4, 24, 5], [1, 20, 2, 21], [3, 18, 4, 19], [5, 9, 6, 8], [7, 15, 8, 14], [9, 17, 10, 16], [22, 11, 23, 12], [13, 7, 14, 6], [15, 13, 16, 12], [17, 24, 18, 1], [19, 2, 20, 3], [10, 21, 11, 22]]"
12n_0307_39,"[[10, 21, 11, 22], [23, 4, 24, 5], [1, 20, 2, 21], [3, 18, 4, 19], [5, 9, 6, 8], [7, 15, 8, 14], [9, 17, 10, 16], [22, 11, 23, 12], [13, 7, 14, 6], [15, 13, 16, 12], [17, 24, 18, 1], [19, 2, 20, 3]]"
12n_0307_40,"[[19, 2, 20, 3], [10, 21, 11, 22], [23, 4, 24, 5], [1, 20, 2, 21], [3, 18, 4, 19], [5, 9, 6, 8], [7, 15, 8, 14], [9, 17, 10, 16], [22, 11, 23, 12], [13, 7, 14, 6], [15, 13, 16, 12], [17, 24, 18, 1]]"
12n_0307_41,"[[17, 24, 18, 1], [19, 2, 20, 3], [10, 21, 11, 22], [23, 4, 24, 5], [1, 20, 2, 21], [3, 18, 4, 19], [5, 9, 6, 8], [7, 15, 8, 14], [9, 17, 10, 16], [22, 11, 23, 12], [13, 7, 14, 6], [15, 13, 16, 12]]"
12n_0307_42,"[[15, 13, 16, 12], [17, 24, 18, 1], [19, 2, 20, 3], [10, 21, 11, 22], [23, 4, 24, 5], [1, 20, 2, 21], [3, 18, 4, 19], [5, 9, 6, 8], [7, 15, 8, 14], [9, 17, 10, 16], [22, 11, 23, 12], [13, 7, 14, 6]]"
12n_0307_43,"[[13, 7, 14, 6], [15, 13, 16, 12], [17, 24, 18, 1], [19, 2, 20, 3], [10, 21, 11, 22], [23, 4, 24, 5], [1, 20, 2, 21], [3, 18, 4, 19], [5, 9, 6, 8], [7, 15, 8, 14], [9, 17, 10, 16], [22, 11, 23, 12]]"
12n_0307_44,"[[22, 11, 23, 12], [13, 7, 14, 6], [15, 13, 16, 12], [17, 24, 18, 1], [19, 2, 20, 3], [10, 21, 11, 22], [23, 4, 24, 5], [1, 20, 2, 21], [3, 18, 4, 19], [5, 9, 6, 8], [7, 15, 8, 14], [9, 17, 10, 16]]"
12n_0307_45,"[[9, 17, 10, 16], [22, 11, 23, 12], [13, 7, 14, 6], [15, 13, 16, 12], [17, 24, 18, 1], [19, 2, 20, 3], [10, 21, 11, 22], [23, 4, 24, 5], [1, 20, 2, 21], [3, 18, 4, 19], [5, 9, 6, 8], [7, 15, 8, 14]]"
12n_0307_46,"[[7, 15, 8, 14], [9, 17, 10, 16], [22, 11, 23, 12], [13, 7, 14, 6], [15, 13, 16, 12], [17, 24, 18, 1], [19, 2, 20, 3], [10, 21, 11, 22], [23, 4, 24, 5], [1, 20, 2, 21], [3, 18, 4, 19], [5, 9, 6, 8]]"
12n_0307_47,"[[5, 9, 6, 8], [7, 15, 8, 14], [9, 17, 10, 16], [22, 11, 23, 12], [13, 7, 14, 6], [15, 13, 16, 12], [17, 24, 18, 1], [19, 2, 20, 3], [10, 21, 11, 22], [23, 4, 24, 5], [1, 20, 2, 21], [3, 18, 4, 19]]"
12n_0307_48,"[[4, 19, 5, 20], [6, 10, 7, 9], [8, 16, 9, 15], [10, 18, 11, 17], [23, 12, 24, 13], [14, 8, 15, 7], [16, 14, 17, 13], [18, 1, 19, 2], [20, 3, 21, 4], [11, 22, 12, 23], [24, 5, 1, 6], [2, 21, 3, 22]]"
12n_0307_49,"[[2, 21, 3, 22], [4, 19, 5, 20], [6, 10, 7, 9], [8, 16, 9, 15], [10, 18, 11, 17], [23, 12, 24, 13], [14, 8, 15, 7], [16, 14, 17, 13], [18, 1, 19, 2], [20, 3, 21, 4], [11, 22, 12, 23], [24, 5, 1, 6]]"
12n_0307_50,"[[24, 5, 1, 6], [2, 21, 3, 22], [4, 19, 5, 20], [6, 10, 7, 9], [8, 16, 9, 15], [10, 18, 11, 17], [23, 12, 24, 13], [14, 8, 15, 7], [16, 14, 17, 13], [18, 1, 19, 2], [20, 3, 21, 4], [11, 22, 12, 23]]"
12n_0307_51,"[[11, 22, 12, 23], [24, 5, 1, 6], [2, 21, 3, 22], [4, 19, 5, 20], [6, 10, 7, 9], [8, 16, 9, 15], [10, 18, 11, 17], [23, 12, 24, 13], [14, 8, 15, 7], [16, 14, 17, 13], [18, 1, 19, 2], [20, 3, 21, 4]]"
12n_0307_52,"[[20, 3, 21, 4], [11, 22, 12, 23], [24, 5, 1, 6], [2, 21, 3, 22], [4, 19, 5, 20], [6, 10, 7, 9], [8, 16, 9, 15], [10, 18, 11, 17], [23, 12, 24, 13], [14, 8, 15, 7], [16, 14, 17, 13], [18, 1, 19, 2]]"
12n_0307_53,"[[18, 1, 19, 2], [20, 3, 21, 4], [11, 22, 12, 23], [24, 5, 1, 6], [2, 21, 3, 22], [4, 19, 5, 20], [6, 10, 7, 9], [8, 16, 9, 15], [10, 18, 11, 17], [23, 12, 24, 13], [14, 8, 15, 7], [16, 14, 17, 13]]"
12n_0307_54,"[[16, 14, 17, 13], [18, 1, 19, 2], [20, 3, 21, 4], [11, 22, 12, 23], [24, 5, 1, 6], [2, 21, 3, 22], [4, 19, 5, 20], [6, 10, 7, 9], [8, 16, 9, 15], [10, 18, 11, 17], [23, 12, 24, 13], [14, 8, 15, 7]]"
12n_0307_55,"[[14, 8, 15, 7], [16, 14, 17, 13], [18, 1, 19, 2], [20, 3, 21, 4], [11, 22, 12, 23], [24, 5, 1, 6], [2, 21, 3, 22], [4, 19, 5, 20], [6, 10, 7, 9], [8, 16, 9, 15], [10, 18, 11, 17], [23, 12, 24, 13]]"
12n_0307_56,"[[23, 12, 24, 13], [14, 8, 15, 7], [16, 14, 17, 13], [18, 1, 19, 2], [20, 3, 21, 4], [11, 22, 12, 23], [24, 5, 1, 6], [2, 21, 3, 22], [4, 19, 5, 20], [6, 10, 7, 9], [8, 16, 9, 15], [10, 18, 11, 17]]"
12n_0307_57,"[[10, 18, 11, 17], [23, 12, 24, 13], [14, 8, 15, 7], [16, 14, 17, 13], [18, 1, 19, 2], [20, 3, 21, 4], [11, 22, 12, 23], [24, 5, 1, 6], [2, 21, 3, 22], [4, 19, 5, 20], [6, 10, 7, 9], [8, 16, 9, 15]]"
12n_0307_58,"[[8, 16, 9, 15], [10, 18, 11, 17], [23, 12, 24, 13], [14, 8, 15, 7], [16, 14, 17, 13], [18, 1, 19, 2], [20, 3, 21, 4], [11, 22, 12, 23], [24, 5, 1, 6], [2, 21, 3, 22], [4, 19, 5, 20], [6, 10, 7, 9]]"
12n_0307_59,"[[6, 10, 7, 9], [8, 16, 9, 15], [10, 18, 11, 17], [23, 12, 24, 13], [14, 8, 15, 7], [16, 14, 17, 13], [18, 1, 19, 2], [20, 3, 21, 4], [11, 22, 12, 23], [24, 5, 1, 6], [2, 21, 3, 22], [4, 19, 5, 20]]"
12n_0307_60,"[[5, 20, 6, 21], [7, 11, 8, 10], [9, 17, 10, 16], [11, 19, 12, 18], [24, 13, 1, 14], [15, 9, 16, 8], [17, 15, 18, 14], [19, 2, 20, 3], [21, 4, 22, 5], [12, 23, 13, 24], [1, 6, 2, 7], [3, 22, 4, 23]]"
12n_0307_61,"[[3, 22, 4, 23], [5, 20, 6, 21], [7, 11, 8, 10], [9, 17, 10, 16], [11, 19, 12, 18], [24, 13, 1, 14], [15, 9, 16, 8], [17, 15, 18, 14], [19, 2, 20, 3], [21, 4, 22, 5], [12, 23, 13, 24], [1, 6, 2, 7]]"
12n_0307_62,"[[1, 6, 2, 7], [3, 22, 4, 23], [5, 20, 6, 21], [7, 11, 8, 10], [9, 17, 10, 16], [11, 19, 12, 18], [24, 13, 1, 14], [15, 9, 16, 8], [17, 15, 18, 14], [19, 2, 20, 3], [21, 4, 22, 5], [12, 23, 13, 24]]"
12n_0307_63,"[[12, 23, 13, 24], [1, 6, 2, 7], [3, 22, 4, 23], [5, 20, 6, 21], [7, 11, 8, 10], [9, 17, 10, 16], [11, 19, 12, 18], [24, 13, 1, 14], [15, 9, 16, 8], [17, 15, 18, 14], [19, 2, 20, 3], [21, 4, 22, 5]]"
12n_0307_64,"[[21, 4, 22, 5], [12, 23, 13, 24], [1, 6, 2, 7], [3, 22, 4, 23], [5, 20, 6, 21], [7, 11, 8, 10], [9, 17, 10, 16], [11, 19, 12, 18], [24, 13, 1, 14], [15, 9, 16, 8], [17, 15, 18, 14], [19, 2, 20, 3]]"
12n_0307_65,"[[19, 2, 20, 3], [21, 4, 22, 5], [12, 23, 13, 24], [1, 6, 2, 7], [3, 22, 4, 23], [5, 20, 6, 21], [7, 11, 8, 10], [9, 17, 10, 16], [11, 19, 12, 18], [24, 13, 1, 14], [15, 9, 16, 8], [17, 15, 18, 14]]"
12n_0307_66,"[[17, 15, 18, 14], [19, 2, 20, 3], [21, 4, 22, 5], [12, 23, 13, 24], [1, 6, 2, 7], [3, 22, 4, 23], [5, 20, 6, 21], [7, 11, 8, 10], [9, 17, 10, 16], [11, 19, 12, 18], [24, 13, 1, 14], [15, 9, 16, 8]]"
12n_0307_67,"[[15, 9, 16, 8], [17, 15, 18, 14], [19, 2, 20, 3], [21, 4, 22, 5], [12, 23, 13, 24], [1, 6, 2, 7], [3, 22, 4, 23], [5, 20, 6, 21], [7, 11, 8, 10], [9, 17, 10, 16], [11, 19, 12, 18], [24, 13, 1, 14]]"
12n_0307_68,"[[24, 13, 1, 14], [15, 9, 16, 8], [17, 15, 18, 14], [19, 2, 20, 3], [21, 4, 22, 5], [12, 23, 13, 24], [1, 6, 2, 7], [3, 22, 4, 23], [5, 20, 6, 21], [7, 11, 8, 10], [9, 17, 10, 16], [11, 19, 12, 18]]"
12n_0307_69,"[[11, 19, 12, 18], [24, 13, 1, 14], [15, 9, 16, 8], [17, 15, 18, 14], [19, 2, 20, 3], [21, 4, 22, 5], [12, 23, 13, 24], [1, 6, 2, 7], [3, 22, 4, 23], [5, 20, 6, 21], [7, 11, 8, 10], [9, 17, 10, 16]]"
12n_0307_70,"[[9, 17, 10, 16], [11, 19, 12, 18], [24, 13, 1, 14], [15, 9, 16, 8], [17, 15, 18, 14], [19, 2, 20, 3], [21, 4, 22, 5], [12, 23, 13, 24], [1, 6, 2, 7], [3, 22, 4, 23], [5, 20, 6, 21], [7, 11, 8, 10]]"
12n_0307_71,"[[7, 11, 8, 10], [9, 17, 10, 16], [11, 19, 12, 18], [24, 13, 1, 14], [15, 9, 16, 8], [17, 15, 18, 14], [19, 2, 20, 3], [21, 4, 22, 5], [12, 23, 13, 24], [1, 6, 2, 7], [3, 22, 4, 23], [5, 20, 6, 21]]"
12n_0307_72,"[[6, 21, 7, 22], [8, 12, 9, 11], [10, 18, 11, 17], [12, 20, 13, 19], [1, 14, 2, 15], [16, 10, 17, 9], [18, 16, 19, 15], [20, 3, 21, 4], [22, 5, 23, 6], [13, 24, 14, 1], [2, 7, 3, 8], [4, 23, 5, 24]]"
12n_0307_73,"[[4, 23, 5, 24], [6, 21, 7, 22], [8, 12, 9, 11], [10, 18, 11, 17], [12, 20, 13, 19], [1, 14, 2, 15], [16, 10, 17, 9], [18, 16, 19, 15], [20, 3, 21, 4], [22, 5, 23, 6], [13, 24, 14, 1], [2, 7, 3, 8]]"
12n_0307_74,"[[2, 7, 3, 8], [4, 23, 5, 24], [6, 21, 7, 22], [8, 12, 9, 11], [10, 18, 11, 17], [12, 20, 13, 19], [1, 14, 2, 15], [16, 10, 17, 9], [18, 16, 19, 15], [20, 3, 21, 4], [22, 5, 23, 6], [13, 24, 14, 1]]"
12n_0307_75,"[[13, 24, 14, 1], [2, 7, 3, 8], [4, 23, 5, 24], [6, 21, 7, 22], [8, 12, 9, 11], [10, 18, 11, 17], [12, 20, 13, 19], [1, 14, 2, 15], [16, 10, 17, 9], [18, 16, 19, 15], [20, 3, 21, 4], [22, 5, 23, 6]]"
12n_0307_76,"[[22, 5, 23, 6], [13, 24, 14, 1], [2, 7, 3, 8], [4, 23, 5, 24], [6, 21, 7, 22], [8, 12, 9, 11], [10, 18, 11, 17], [12, 20, 13, 19], [1, 14, 2, 15], [16, 10, 17, 9], [18, 16, 19, 15], [20, 3, 21, 4]]"
12n_0307_77,"[[20, 3, 21, 4], [22, 5, 23, 6], [13, 24, 14, 1], [2, 7, 3, 8], [4, 23, 5, 24], [6, 21, 7, 22], [8, 12, 9, 11], [10, 18, 11, 17], [12, 20, 13, 19], [1, 14, 2, 15], [16, 10, 17, 9], [18, 16, 19, 15]]"
12n_0307_78,"[[18, 16, 19, 15], [20, 3, 21, 4], [22, 5, 23, 6], [13, 24, 14, 1], [2, 7, 3, 8], [4, 23, 5, 24], [6, 21, 7, 22], [8, 12, 9, 11], [10, 18, 11, 17], [12, 20, 13, 19], [1, 14, 2, 15], [16, 10, 17, 9]]"
12n_0307_79,"[[16, 10, 17, 9], [18, 16, 19, 15], [20, 3, 21, 4], [22, 5, 23, 6], [13, 24, 14, 1], [2, 7, 3, 8], [4, 23, 5, 24], [6, 21, 7, 22], [8, 12, 9, 11], [10, 18, 11, 17], [12, 20, 13, 19], [1, 14, 2, 15]]"
12n_0307_80,"[[1, 14, 2, 15], [16, 10, 17, 9], [18, 16, 19, 15], [20, 3, 21, 4], [22, 5, 23, 6], [13, 24, 14, 1], [2, 7, 3, 8], [4, 23, 5, 24], [6, 21, 7, 22], [8, 12, 9, 11], [10, 18, 11, 17], [12, 20, 13, 19]]"
12n_0307_81,"[[12, 20, 13, 19], [1, 14, 2, 15], [16, 10, 17, 9], [18, 16, 19, 15], [20, 3, 21, 4], [22, 5, 23, 6], [13, 24, 14, 1], [2, 7, 3, 8], [4, 23, 5, 24], [6, 21, 7, 22], [8, 12, 9, 11], [10, 18, 11, 17]]"
12n_0307_82,"[[10, 18, 11, 17], [12, 20, 13, 19], [1, 14, 2, 15], [16, 10, 17, 9], [18, 16, 19, 15], [20, 3, 21, 4], [22, 5, 23, 6], [13, 24, 14, 1], [2, 7, 3, 8], [4, 23, 5, 24], [6, 21, 7, 22], [8, 12, 9, 11]]"
12n_0307_83,"[[8, 12, 9, 11], [10, 18, 11, 17], [12, 20, 13, 19], [1, 14, 2, 15], [16, 10, 17, 9], [18, 16, 19, 15], [20, 3, 21, 4], [22, 5, 23, 6], [13, 24, 14, 1], [2, 7, 3, 8], [4, 23, 5, 24], [6, 21, 7, 22]]"
12n_0307_84,"[[7, 22, 8, 23], [9, 13, 10, 12], [11, 19, 12, 18], [13, 21, 14, 20], [2, 15, 3, 16], [17, 11, 18, 10], [19, 17, 20, 16], [21, 4, 22, 5], [23, 6, 24, 7], [14, 1, 15, 2], [3, 8, 4, 9], [5, 24, 6, 1]]"
12n_0307_85,"[[5, 24, 6, 1], [7, 22, 8, 23], [9, 13, 10, 12], [11, 19, 12, 18], [13, 21, 14, 20], [2, 15, 3, 16], [17, 11, 18, 10], [19, 17, 20, 16], [21, 4, 22, 5], [23, 6, 24, 7], [14, 1, 15, 2], [3, 8, 4, 9]]"
12n_0307_86,"[[3, 8, 4, 9], [5, 24, 6, 1], [7, 22, 8, 23], [9, 13, 10, 12], [11, 19, 12, 18], [13, 21, 14, 20], [2, 15, 3, 16], [17, 11, 18, 10], [19, 17, 20, 16], [21, 4, 22, 5], [23, 6, 24, 7], [14, 1, 15, 2]]"
12n_0307_87,"[[14, 1, 15, 2], [3, 8, 4, 9], [5, 24, 6, 1], [7, 22, 8, 23], [9, 13, 10, 12], [11, 19, 12, 18], [13, 21, 14, 20], [2, 15, 3, 16], [17, 11, 18, 10], [19, 17, 20, 16], [21, 4, 22, 5], [23, 6, 24, 7]]"
12n_0307_88,"[[23, 6, 24, 7], [14, 1, 15, 2], [3, 8, 4, 9], [5, 24, 6, 1], [7, 22, 8, 23], [9, 13, 10, 12], [11, 19, 12, 18], [13, 21, 14, 20], [2, 15, 3, 16], [17, 11, 18, 10], [19, 17, 20, 16], [21, 4, 22, 5]]"
12n_0307_89,"[[21, 4, 22, 5], [23, 6, 24, 7], [14, 1, 15, 2], [3, 8, 4, 9], [5, 24, 6, 1], [7, 22, 8, 23], [9, 13, 10, 12], [11, 19, 12, 18], [13, 21, 14, 20], [2, 15, 3, 16], [17, 11, 18, 10], [19, 17, 20, 16]]"
12n_0307_90,"[[19, 17, 20, 16], [21, 4, 22, 5], [23, 6, 24, 7], [14, 1, 15, 2], [3, 8, 4, 9], [5, 24, 6, 1], [7, 22, 8, 23], [9, 13, 10, 12], [11, 19, 12, 18], [13, 21, 14, 20], [2, 15, 3, 16], [17, 11, 18, 10]]"
12n_0307_91,"[[17, 11, 18, 10], [19, 17, 20, 16], [21, 4, 22, 5], [23, 6, 24, 7], [14, 1, 15, 2], [3, 8, 4, 9], [5, 24, 6, 1], [7, 22, 8, 23], [9, 13, 10, 12], [11, 19, 12, 18], [13, 21, 14, 20], [2, 15, 3, 16]]"
12n_0307_92,"[[2, 15, 3, 16], [17, 11, 18, 10], [19, 17, 20, 16], [21, 4, 22, 5], [23, 6, 24, 7], [14, 1, 15, 2], [3, 8, 4, 9], [5, 24, 6, 1], [7, 22, 8, 23], [9, 13, 10, 12], [11, 19, 12, 18], [13, 21, 14, 20]]"
12n_0307_93,"[[13, 21, 14, 20], [2, 15, 3, 16], [17, 11, 18, 10], [19, 17, 20, 16], [21, 4, 22, 5], [23, 6, 24, 7], [14, 1, 15, 2], [3, 8, 4, 9], [5, 24, 6, 1], [7, 22, 8, 23], [9, 13, 10, 12], [11, 19, 12, 18]]"
12n_0307_94,"[[11, 19, 12, 18], [13, 21, 14, 20], [2, 15, 3, 16], [17, 11, 18, 10], [19, 17, 20, 16], [21, 4, 22, 5], [23, 6, 24, 7], [14, 1, 15, 2], [3, 8, 4, 9], [5, 24, 6, 1], [7, 22, 8, 23], [9, 13, 10, 12]]"
12n_0307_95,"[[9, 13, 10, 12], [11, 19, 12, 18], [13, 21, 14, 20], [2, 15, 3, 16], [17, 11, 18, 10], [19, 17, 20, 16], [21, 4, 22, 5], [23, 6, 24, 7], [14, 1, 15, 2], [3, 8, 4, 9], [5, 24, 6, 1], [7, 22, 8, 23]]"
12n_0307_96,"[[8, 23, 9, 24], [10, 14, 11, 13], [12, 20, 13, 19], [14, 22, 15, 21], [3, 16, 4, 17], [18, 12, 19, 11], [20, 18, 21, 17], [22, 5, 23, 6], [24, 7, 1, 8], [15, 2, 16, 3], [4, 9, 5, 10], [6, 1, 7, 2]]"
12n_0307_97,"[[6, 1, 7, 2], [8, 23, 9, 24], [10, 14, 11, 13], [12, 20, 13, 19], [14, 22, 15, 21], [3, 16, 4, 17], [18, 12, 19, 11], [20, 18, 21, 17], [22, 5, 23, 6], [24, 7, 1, 8], [15, 2, 16, 3], [4, 9, 5, 10]]"
12n_0307_98,"[[4, 9, 5, 10], [6, 1, 7, 2], [8, 23, 9, 24], [10, 14, 11, 13], [12, 20, 13, 19], [14, 22, 15, 21], [3, 16, 4, 17], [18, 12, 19, 11], [20, 18, 21, 17], [22, 5, 23, 6], [24, 7, 1, 8], [15, 2, 16, 3]]"
12n_0307_99,"[[15, 2, 16, 3], [4, 9, 5, 10], [6, 1, 7, 2], [8, 23, 9, 24], [10, 14, 11, 13], [12, 20, 13, 19], [14, 22, 15, 21], [3, 16, 4, 17], [18, 12, 19, 11], [20, 18, 21, 17], [22, 5, 23, 6], [24, 7, 1, 8]]"
12n_0307_100,"[[24, 7, 1, 8], [15, 2, 16, 3], [4, 9, 5, 10], [6, 1, 7, 2], [8, 23, 9, 24], [10, 14, 11, 13], [12, 20, 13, 19], [14, 22, 15, 21], [3, 16, 4, 17], [18, 12, 19, 11], [20, 18, 21, 17], [22, 5, 23, 6]]"
12n_0307_101,"[[22, 5, 23, 6], [24, 7, 1, 8], [15, 2, 16, 3], [4, 9, 5, 10], [6, 1, 7, 2], [8, 23, 9, 24], [10, 14, 11, 13], [12, 20, 13, 19], [14, 22, 15, 21], [3, 16, 4, 17], [18, 12, 19, 11], [20, 18, 21, 17]]"
12n_0307_102,"[[20, 18, 21, 17], [22, 5, 23, 6], [24, 7, 1, 8], [15, 2, 16, 3], [4, 9, 5, 10], [6, 1, 7, 2], [8, 23, 9, 24], [10, 14, 11, 13], [12, 20, 13, 19], [14, 22, 15, 21], [3, 16, 4, 17], [18, 12, 19, 11]]"
12n_0307_103,"[[18, 12, 19, 11], [20, 18, 21, 17], [22, 5, 23, 6], [24, 7, 1, 8], [15, 2, 16, 3], [4, 9, 5, 10], [6, 1, 7, 2], [8, 23, 9, 24], [10, 14, 11, 13], [12, 20, 13, 19], [14, 22, 15, 21], [3, 16, 4, 17]]"
12n_0307_104,"[[3, 16, 4, 17], [18, 12, 19, 11], [20, 18, 21, 17], [22, 5, 23, 6], [24, 7, 1, 8], [15, 2, 16, 3], [4, 9, 5, 10], [6, 1, 7, 2], [8, 23, 9, 24], [10, 14, 11, 13], [12, 20, 13, 19], [14, 22, 15, 21]]"
12n_0307_105,"[[14, 22, 15, 21], [3, 16, 4, 17], [18, 12, 19, 11], [20, 18, 21, 17], [22, 5, 23, 6], [24, 7, 1, 8], [15, 2, 16, 3], [4, 9, 5, 10], [6, 1, 7, 2], [8, 23, 9, 24], [10, 14, 11, 13], [12, 20, 13, 19]]"
12n_0307_106,"[[12, 20, 13, 19], [14, 22, 15, 21], [3, 16, 4, 17], [18, 12, 19, 11], [20, 18, 21, 17], [22, 5, 23, 6], [24, 7, 1, 8], [15, 2, 16, 3], [4, 9, 5, 10], [6, 1, 7, 2], [8, 23, 9, 24], [10, 14, 11, 13]]"
12n_0307_107,"[[10, 14, 11, 13], [12, 20, 13, 19], [14, 22, 15, 21], [3, 16, 4, 17], [18, 12, 19, 11], [20, 18, 21, 17], [22, 5, 23, 6], [24, 7, 1, 8], [15, 2, 16, 3], [4, 9, 5, 10], [6, 1, 7, 2], [8, 23, 9, 24]]"
12n_0307_108,"[[9, 24, 10, 1], [11, 15, 12, 14], [13, 21, 14, 20], [15, 23, 16, 22], [4, 17, 5, 18], [19, 13, 20, 12], [21, 19, 22, 18], [23, 6, 24, 7], [1, 8, 2, 9], [16, 3, 17, 4], [5, 10, 6, 11], [7, 2, 8, 3]]"
12n_0307_109,"[[7, 2, 8, 3], [9, 24, 10, 1], [11, 15, 12, 14], [13, 21, 14, 20], [15, 23, 16, 22], [4, 17, 5, 18], [19, 13, 20, 12], [21, 19, 22, 18], [23, 6, 24, 7], [1, 8, 2, 9], [16, 3, 17, 4], [5, 10, 6, 11]]"
12n_0307_110,"[[5, 10, 6, 11], [7, 2, 8, 3], [9, 24, 10, 1], [11, 15, 12, 14], [13, 21, 14, 20], [15, 23, 16, 22], [4, 17, 5, 18], [19, 13, 20, 12], [21, 19, 22, 18], [23, 6, 24, 7], [1, 8, 2, 9], [16, 3, 17, 4]]"
12n_0307_111,"[[16, 3, 17, 4], [5, 10, 6, 11], [7, 2, 8, 3], [9, 24, 10, 1], [11, 15, 12, 14], [13, 21, 14, 20], [15, 23, 16, 22], [4, 17, 5, 18], [19, 13, 20, 12], [21, 19, 22, 18], [23, 6, 24, 7], [1, 8, 2, 9]]"
12n_0307_112,"[[1, 8, 2, 9], [16, 3, 17, 4], [5, 10, 6, 11], [7, 2, 8, 3], [9, 24, 10, 1], [11, 15, 12, 14], [13, 21, 14, 20], [15, 23, 16, 22], [4, 17, 5, 18], [19, 13, 20, 12], [21, 19, 22, 18], [23, 6, 24, 7]]"
12n_0307_113,"[[23, 6, 24, 7], [1, 8, 2, 9], [16, 3, 17, 4], [5, 10, 6, 11], [7, 2, 8, 3], [9, 24, 10, 1], [11, 15, 12, 14], [13, 21, 14, 20], [15, 23, 16, 22], [4, 17, 5, 18], [19, 13, 20, 12], [21, 19, 22, 18]]"
12n_0307_114,"[[21, 19, 22, 18], [23, 6, 24, 7], [1, 8, 2, 9], [16, 3, 17, 4], [5, 10, 6, 11], [7, 2, 8, 3], [9, 24, 10, 1], [11, 15, 12, 14], [13, 21, 14, 20], [15, 23, 16, 22], [4, 17, 5, 18], [19, 13, 20, 12]]"
12n_0307_115,"[[19, 13, 20, 12], [21, 19, 22, 18], [23, 6, 24, 7], [1, 8, 2, 9], [16, 3, 17, 4], [5, 10, 6, 11], [7, 2, 8, 3], [9, 24, 10, 1], [11, 15, 12, 14], [13, 21, 14, 20], [15, 23, 16, 22], [4, 17, 5, 18]]"
12n_0307_116,"[[4, 17, 5, 18], [19, 13, 20, 12], [21, 19, 22, 18], [23, 6, 24, 7], [1, 8, 2, 9], [16, 3, 17, 4], [5, 10, 6, 11], [7, 2, 8, 3], [9, 24, 10, 1], [11, 15, 12, 14], [13, 21, 14, 20], [15, 23, 16, 22]]"
12n_0307_117,"[[15, 23, 16, 22], [4, 17, 5, 18], [19, 13, 20, 12], [21, 19, 22, 18], [23, 6, 24, 7], [1, 8, 2, 9], [16, 3, 17, 4], [5, 10, 6, 11], [7, 2, 8, 3], [9, 24, 10, 1], [11, 15, 12, 14], [13, 21, 14, 20]]"
12n_0307_118,"[[13, 21, 14, 20], [15, 23, 16, 22], [4, 17, 5, 18], [19, 13, 20, 12], [21, 19, 22, 18], [23, 6, 24, 7], [1, 8, 2, 9], [16, 3, 17, 4], [5, 10, 6, 11], [7, 2, 8, 3], [9, 24, 10, 1], [11, 15, 12, 14]]"
12n_0307_119,"[[11, 15, 12, 14], [13, 21, 14, 20], [15, 23, 16, 22], [4, 17, 5, 18], [19, 13, 20, 12], [21, 19, 22, 18], [23, 6, 24, 7], [1, 8, 2, 9], [16, 3, 17, 4], [5, 10, 6, 11], [7, 2, 8, 3], [9, 24, 10, 1]]"
12n_0307_120,"[[10, 1, 11, 2], [12, 16, 13, 15], [14, 22, 15, 21], [16, 24, 17, 23], [5, 18, 6, 19], [20, 14, 21, 13], [22, 20, 23, 19], [24, 7, 1, 8], [2, 9, 3, 10], [17, 4, 18, 5], [6, 11, 7, 12], [8, 3, 9, 4]]"
12n_0307_121,"[[8, 3, 9, 4], [10, 1, 11, 2], [12, 16, 13, 15], [14, 22, 15, 21], [16, 24, 17, 23], [5, 18, 6, 19], [20, 14, 21, 13], [22, 20, 23, 19], [24, 7, 1, 8], [2, 9, 3, 10], [17, 4, 18, 5], [6, 11, 7, 12]]"
12n_0307_122,"[[6, 11, 7, 12], [8, 3, 9, 4], [10, 1, 11, 2], [12, 16, 13, 15], [14, 22, 15, 21], [16, 24, 17, 23], [5, 18, 6, 19], [20, 14, 21, 13], [22, 20, 23, 19], [24, 7, 1, 8], [2, 9, 3, 10], [17, 4, 18, 5]]"
12n_0307_123,"[[17, 4, 18, 5], [6, 11, 7, 12], [8, 3, 9, 4], [10, 1, 11, 2], [12, 16, 13, 15], [14, 22, 15, 21], [16, 24, 17, 23], [5, 18, 6, 19], [20, 14, 21, 13], [22, 20, 23, 19], [24, 7, 1, 8], [2, 9, 3, 10]]"
12n_0307_124,"[[2, 9, 3, 10], [17, 4, 18, 5], [6, 11, 7, 12], [8, 3, 9, 4], [10, 1, 11, 2], [12, 16, 13, 15], [14, 22, 15, 21], [16, 24, 17, 23], [5, 18, 6, 19], [20, 14, 21, 13], [22, 20, 23, 19], [24, 7, 1, 8]]"
12n_0307_125,"[[24, 7, 1, 8], [2, 9, 3, 10], [17, 4, 18, 5], [6, 11, 7, 12], [8, 3, 9, 4], [10, 1, 11, 2], [12, 16, 13, 15], [14, 22, 15, 21], [16, 24, 17, 23], [5, 18, 6, 19], [20, 14, 21, 13], [22, 20, 23, 19]]"
12n_0307_126,"[[22, 20, 23, 19], [24, 7, 1, 8], [2, 9, 3, 10], [17, 4, 18, 5], [6, 11, 7, 12], [8, 3, 9, 4], [10, 1, 11, 2], [12, 16, 13, 15], [14, 22, 15, 21], [16, 24, 17, 23], [5, 18, 6, 19], [20, 14, 21, 13]]"
12n_0307_127,"[[20, 14, 21, 13], [22, 20, 23, 19], [24, 7, 1, 8], [2, 9, 3, 10], [17, 4, 18, 5], [6, 11, 7, 12], [8, 3, 9, 4], [10, 1, 11, 2], [12, 16, 13, 15], [14, 22, 15, 21], [16, 24, 17, 23], [5, 18, 6, 19]]"
12n_0307_128,"[[5, 18, 6, 19], [20, 14, 21, 13], [22, 20, 23, 19], [24, 7, 1, 8], [2, 9, 3, 10], [17, 4, 18, 5], [6, 11, 7, 12], [8, 3, 9, 4], [10, 1, 11, 2], [12, 16, 13, 15], [14, 22, 15, 21], [16, 24, 17, 23]]"
12n_0307_129,"[[16, 24, 17, 23], [5, 18, 6, 19], [20, 14, 21, 13], [22, 20, 23, 19], [24, 7, 1, 8], [2, 9, 3, 10], [17, 4, 18, 5], [6, 11, 7, 12], [8, 3, 9, 4], [10, 1, 11, 2], [12, 16, 13, 15], [14, 22, 15, 21]]"
12n_0307_130,"[[14, 22, 15, 21], [16, 24, 17, 23], [5, 18, 6, 19], [20, 14, 21, 13], [22, 20, 23, 19], [24, 7, 1, 8], [2, 9, 3, 10], [17, 4, 18, 5], [6, 11, 7, 12], [8, 3, 9, 4], [10, 1, 11, 2], [12, 16, 13, 15]]"
12n_0307_131,"[[12, 16, 13, 15], [14, 22, 15, 21], [16, 24, 17, 23], [5, 18, 6, 19], [20, 14, 21, 13], [22, 20, 23, 19], [24, 7, 1, 8], [2, 9, 3, 10], [17, 4, 18, 5], [6, 11, 7, 12], [8, 3, 9, 4], [10, 1, 11, 2]]"
12n_0307_132,"[[11, 2, 12, 3], [13, 17, 14, 16], [15, 23, 16, 22], [17, 1, 18, 24], [6, 19, 7, 20], [21, 15, 22, 14], [23, 21, 24, 20], [1, 8, 2, 9], [3, 10, 4, 11], [18, 5, 19, 6], [7, 12, 8, 13], [9, 4, 10, 5]]"
12n_0307_133,"[[9, 4, 10, 5], [11, 2, 12, 3], [13, 17, 14, 16], [15, 23, 16, 22], [17, 1, 18, 24], [6, 19, 7, 20], [21, 15, 22, 14], [23, 21, 24, 20], [1, 8, 2, 9], [3, 10, 4, 11], [18, 5, 19, 6], [7, 12, 8, 13]]"
12n_0307_134,"[[7, 12, 8, 13], [9, 4, 10, 5], [11, 2, 12, 3], [13, 17, 14, 16], [15, 23, 16, 22], [17, 1, 18, 24], [6, 19, 7, 20], [21, 15, 22, 14], [23, 21, 24, 20], [1, 8, 2, 9], [3, 10, 4, 11], [18, 5, 19, 6]]"
12n_0307_135,"[[18, 5, 19, 6], [7, 12, 8, 13], [9, 4, 10, 5], [11, 2, 12, 3], [13, 17, 14, 16], [15, 23, 16, 22], [17, 1, 18, 24], [6, 19, 7, 20], [21, 15, 22, 14], [23, 21, 24, 20], [1, 8, 2, 9], [3, 10, 4, 11]]"
12n_0307_136,"[[3, 10, 4, 11], [18, 5, 19, 6], [7, 12, 8, 13], [9, 4, 10, 5], [11, 2, 12, 3], [13, 17, 14, 16], [15, 23, 16, 22], [17, 1, 18, 24], [6, 19, 7, 20], [21, 15, 22, 14], [23, 21, 24, 20], [1, 8, 2, 9]]"
12n_0307_137,"[[1, 8, 2, 9], [3, 10, 4, 11], [18, 5, 19, 6], [7, 12, 8, 13], [9, 4, 10, 5], [11, 2, 12, 3], [13, 17, 14, 16], [15, 23, 16, 22], [17, 1, 18, 24], [6, 19, 7, 20], [21, 15, 22, 14], [23, 21, 24, 20]]"
12n_0307_138,"[[23, 21, 24, 20], [1, 8, 2, 9], [3, 10, 4, 11], [18, 5, 19, 6], [7, 12, 8, 13], [9, 4, 10, 5], [11, 2, 12, 3], [13, 17, 14, 16], [15, 23, 16, 22], [17, 1, 18, 24], [6, 19, 7, 20], [21, 15, 22, 14]]"
12n_0307_139,"[[21, 15, 22, 14], [23, 21, 24, 20], [1, 8, 2, 9], [3, 10, 4, 11], [18, 5, 19, 6], [7, 12, 8, 13], [9, 4, 10, 5], [11, 2, 12, 3], [13, 17, 14, 16], [15, 23, 16, 22], [17, 1, 18, 24], [6, 19, 7, 20]]"
12n_0307_140,"[[6, 19, 7, 20], [21, 15, 22, 14], [23, 21, 24, 20], [1, 8, 2, 9], [3, 10, 4, 11], [18, 5, 19, 6], [7, 12, 8, 13], [9, 4, 10, 5], [11, 2, 12, 3], [13, 17, 14, 16], [15, 23, 16, 22], [17, 1, 18, 24]]"
12n_0307_141,"[[17, 1, 18, 24], [6, 19, 7, 20], [21, 15, 22, 14], [23, 21, 24, 20], [1, 8, 2, 9], [3, 10, 4, 11], [18, 5, 19, 6], [7, 12, 8, 13], [9, 4, 10, 5], [11, 2, 12, 3], [13, 17, 14, 16], [15, 23, 16, 22]]"
12n_0307_142,"[[15, 23, 16, 22], [17, 1, 18, 24], [6, 19, 7, 20], [21, 15, 22, 14], [23, 21, 24, 20], [1, 8, 2, 9], [3, 10, 4, 11], [18, 5, 19, 6], [7, 12, 8, 13], [9, 4, 10, 5], [11, 2, 12, 3], [13, 17, 14, 16]]"
12n_0307_143,"[[13, 17, 14, 16], [15, 23, 16, 22], [17, 1, 18, 24], [6, 19, 7, 20], [21, 15, 22, 14], [23, 21, 24, 20], [1, 8, 2, 9], [3, 10, 4, 11], [18, 5, 19, 6], [7, 12, 8, 13], [9, 4, 10, 5], [11, 2, 12, 3]]"
12n_0307_144,"[[12, 3, 13, 4], [14, 18, 15, 17], [16, 24, 17, 23], [18, 2, 19, 1], [7, 20, 8, 21], [22, 16, 23, 15], [24, 22, 1, 21], [2, 9, 3, 10], [4, 11, 5, 12], [19, 6, 20, 7], [8, 13, 9, 14], [10, 5, 11, 6]]"
12n_0307_145,"[[10, 5, 11, 6], [12, 3, 13, 4], [14, 18, 15, 17], [16, 24, 17, 23], [18, 2, 19, 1], [7, 20, 8, 21], [22, 16, 23, 15], [24, 22, 1, 21], [2, 9, 3, 10], [4, 11, 5, 12], [19, 6, 20, 7], [8, 13, 9, 14]]"
12n_0307_146,"[[8, 13, 9, 14], [10, 5, 11, 6], [12, 3, 13, 4], [14, 18, 15, 17], [16, 24, 17, 23], [18, 2, 19, 1], [7, 20, 8, 21], [22, 16, 23, 15], [24, 22, 1, 21], [2, 9, 3, 10], [4, 11, 5, 12], [19, 6, 20, 7]]"
12n_0307_147,"[[19, 6, 20, 7], [8, 13, 9, 14], [10, 5, 11, 6], [12, 3, 13, 4], [14, 18, 15, 17], [16, 24, 17, 23], [18, 2, 19, 1], [7, 20, 8, 21], [22, 16, 23, 15], [24, 22, 1, 21], [2, 9, 3, 10], [4, 11, 5, 12]]"
12n_0307_148,"[[4, 11, 5, 12], [19, 6, 20, 7], [8, 13, 9, 14], [10, 5, 11, 6], [12, 3, 13, 4], [14, 18, 15, 17], [16, 24, 17, 23], [18, 2, 19, 1], [7, 20, 8, 21], [22, 16, 23, 15], [24, 22, 1, 21], [2, 9, 3, 10]]"
12n_0307_149,"[[2, 9, 3, 10], [4, 11, 5, 12], [19, 6, 20, 7], [8, 13, 9, 14], [10, 5, 11, 6], [12, 3, 13, 4], [14, 18, 15, 17], [16, 24, 17, 23], [18, 2, 19, 1], [7, 20, 8, 21], [22, 16, 23, 15], [24, 22, 1, 21]]"
12n_0307_150,"[[24, 22, 1, 21], [2, 9, 3, 10], [4, 11, 5, 12], [19, 6, 20, 7], [8, 13, 9, 14], [10, 5, 11, 6], [12, 3, 13, 4], [14, 18, 15, 17], [16, 24, 17, 23], [18, 2, 19, 1], [7, 20, 8, 21], [22, 16, 23, 15]]"
12n_0307_151,"[[22, 16, 23, 15], [24, 22, 1, 21], [2, 9, 3, 10], [4, 11, 5, 12], [19, 6, 20, 7], [8, 13, 9, 14], [10, 5, 11, 6], [12, 3, 13, 4], [14, 18, 15, 17], [16, 24, 17, 23], [18, 2, 19, 1], [7, 20, 8, 21]]"
12n_0307_152,"[[7, 20, 8, 21], [22, 16, 23, 15], [24, 22, 1, 21], [2, 9, 3, 10], [4, 11, 5, 12], [19, 6, 20, 7], [8, 13, 9, 14], [10, 5, 11, 6], [12, 3, 13, 4], [14, 18, 15, 17], [16, 24, 17, 23], [18, 2, 19, 1]]"
12n_0307_153,"[[18, 2, 19, 1], [7, 20, 8, 21], [22, 16, 23, 15], [24, 22, 1, 21], [2, 9, 3, 10], [4, 11, 5, 12], [19, 6, 20, 7], [8, 13, 9, 14], [10, 5, 11, 6], [12, 3, 13, 4], [14, 18, 15, 17], [16, 24, 17, 23]]"
12n_0307_154,"[[16, 24, 17, 23], [18, 2, 19, 1], [7, 20, 8, 21], [22, 16, 23, 15], [24, 22, 1, 21], [2, 9, 3, 10], [4, 11, 5, 12], [19, 6, 20, 7], [8, 13, 9, 14], [10, 5, 11, 6], [12, 3, 13, 4], [14, 18, 15, 17]]"
12n_0307_155,"[[14, 18, 15, 17], [16, 24, 17, 23], [18, 2, 19, 1], [7, 20, 8, 21], [22, 16, 23, 15], [24, 22, 1, 21], [2, 9, 3, 10], [4, 11, 5, 12], [19, 6, 20, 7], [8, 13, 9, 14], [10, 5, 11, 6], [12, 3, 13, 4]]"
12n_0307_156,"[[13, 4, 14, 5], [15, 19, 16, 18], [17, 1, 18, 24], [19, 3, 20, 2], [8, 21, 9, 22], [23, 17, 24, 16], [1, 23, 2, 22], [3, 10, 4, 11], [5, 12, 6, 13], [20, 7, 21, 8], [9, 14, 10, 15], [11, 6, 12, 7]]"
12n_0307_157,"[[11, 6, 12, 7], [13, 4, 14, 5], [15, 19, 16, 18], [17, 1, 18, 24], [19, 3, 20, 2], [8, 21, 9, 22], [23, 17, 24, 16], [1, 23, 2, 22], [3, 10, 4, 11], [5, 12, 6, 13], [20, 7, 21, 8], [9, 14, 10, 15]]"
12n_0307_158,"[[9, 14, 10, 15], [11, 6, 12, 7], [13, 4, 14, 5], [15, 19, 16, 18], [17, 1, 18, 24], [19, 3, 20, 2], [8, 21, 9, 22], [23, 17, 24, 16], [1, 23, 2, 22], [3, 10, 4, 11], [5, 12, 6, 13], [20, 7, 21, 8]]"
12n_0307_159,"[[20, 7, 21, 8], [9, 14, 10, 15], [11, 6, 12, 7], [13, 4, 14, 5], [15, 19, 16, 18], [17, 1, 18, 24], [19, 3, 20, 2], [8, 21, 9, 22], [23, 17, 24, 16], [1, 23, 2, 22], [3, 10, 4, 11], [5, 12, 6, 13]]"
12n_0307_160,"[[5, 12, 6, 13], [20, 7, 21, 8], [9, 14, 10, 15], [11, 6, 12, 7], [13, 4, 14, 5], [15, 19, 16, 18], [17, 1, 18, 24], [19, 3, 20, 2], [8, 21, 9, 22], [23, 17, 24, 16], [1, 23, 2, 22], [3, 10, 4, 11]]"
12n_0307_161,"[[3, 10, 4, 11], [5, 12, 6, 13], [20, 7, 21, 8], [9, 14, 10, 15], [11, 6, 12, 7], [13, 4, 14, 5], [15, 19, 16, 18], [17, 1, 18, 24], [19, 3, 20, 2], [8, 21, 9, 22], [23, 17, 24, 16], [1, 23, 2, 22]]"
12n_0307_162,"[[1, 23, 2, 22], [3, 10, 4, 11], [5, 12, 6, 13], [20, 7, 21, 8], [9, 14, 10, 15], [11, 6, 12, 7], [13, 4, 14, 5], [15, 19, 16, 18], [17, 1, 18, 24], [19, 3, 20, 2], [8, 21, 9, 22], [23, 17, 24, 16]]"
12n_0307_163,"[[23, 17, 24, 16], [1, 23, 2, 22], [3, 10, 4, 11], [5, 12, 6, 13], [20, 7, 21, 8], [9, 14, 10, 15], [11, 6, 12, 7], [13, 4, 14, 5], [15, 19, 16, 18], [17, 1, 18, 24], [19, 3, 20, 2], [8, 21, 9, 22]]"
12n_0307_164,"[[8, 21, 9, 22], [23, 17, 24, 16], [1, 23, 2, 22], [3, 10, 4, 11], [5, 12, 6, 13], [20, 7, 21, 8], [9, 14, 10, 15], [11, 6, 12, 7], [13, 4, 14, 5], [15, 19, 16, 18], [17, 1, 18, 24], [19, 3, 20, 2]]"
12n_0307_165,"[[19, 3, 20, 2], [8, 21, 9, 22], [23, 17, 24, 16], [1, 23, 2, 22], [3, 10, 4, 11], [5, 12, 6, 13], [20, 7, 21, 8], [9, 14, 10, 15], [11, 6, 12, 7], [13, 4, 14, 5], [15, 19, 16, 18], [17, 1, 18, 24]]"
12n_0307_166,"[[17, 1, 18, 24], [19, 3, 20, 2], [8, 21, 9, 22], [23, 17, 24, 16], [1, 23, 2, 22], [3, 10, 4, 11], [5, 12, 6, 13], [20, 7, 21, 8], [9, 14, 10, 15], [11, 6, 12, 7], [13, 4, 14, 5], [15, 19, 16, 18]]"
12n_0307_167,"[[15, 19, 16, 18], [17, 1, 18, 24], [19, 3, 20, 2], [8, 21, 9, 22], [23, 17, 24, 16], [1, 23, 2, 22], [3, 10, 4, 11], [5, 12, 6, 13], [20, 7, 21, 8], [9, 14, 10, 15], [11, 6, 12, 7], [13, 4, 14, 5]]"
12n_0307_168,"[[14, 5, 15, 6], [16, 20, 17, 19], [18, 2, 19, 1], [20, 4, 21, 3], [9, 22, 10, 23], [24, 18, 1, 17], [2, 24, 3, 23], [4, 11, 5, 12], [6, 13, 7, 14], [21, 8, 22, 9], [10, 15, 11, 16], [12, 7, 13, 8]]"
12n_0307_169,"[[12, 7, 13, 8], [14, 5, 15, 6], [16, 20, 17, 19], [18, 2, 19, 1], [20, 4, 21, 3], [9, 22, 10, 23], [24, 18, 1, 17], [2, 24, 3, 23], [4, 11, 5, 12], [6, 13, 7, 14], [21, 8, 22, 9], [10, 15, 11, 16]]"
12n_0307_170,"[[10, 15, 11, 16], [12, 7, 13, 8], [14, 5, 15, 6], [16, 20, 17, 19], [18, 2, 19, 1], [20, 4, 21, 3], [9, 22, 10, 23], [24, 18, 1, 17], [2, 24, 3, 23], [4, 11, 5, 12], [6, 13, 7, 14], [21, 8, 22, 9]]"
12n_0307_171,"[[21, 8, 22, 9], [10, 15, 11, 16], [12, 7, 13, 8], [14, 5, 15, 6], [16, 20, 17, 19], [18, 2, 19, 1], [20, 4, 21, 3], [9, 22, 10, 23], [24, 18, 1, 17], [2, 24, 3, 23], [4, 11, 5, 12], [6, 13, 7, 14]]"
12n_0307_172,"[[6, 13, 7, 14], [21, 8, 22, 9], [10, 15, 11, 16], [12, 7, 13, 8], [14, 5, 15, 6], [16, 20, 17, 19], [18, 2, 19, 1], [20, 4, 21, 3], [9, 22, 10, 23], [24, 18, 1, 17], [2, 24, 3, 23], [4, 11, 5, 12]]"
12n_0307_173,"[[4, 11, 5, 12], [6, 13, 7, 14], [21, 8, 22, 9], [10, 15, 11, 16], [12, 7, 13, 8], [14, 5, 15, 6], [16, 20, 17, 19], [18, 2, 19, 1], [20, 4, 21, 3], [9, 22, 10, 23], [24, 18, 1, 17], [2, 24, 3, 23]]"
12n_0307_174,"[[2, 24, 3, 23], [4, 11, 5, 12], [6, 13, 7, 14], [21, 8, 22, 9], [10, 15, 11, 16], [12, 7, 13, 8], [14, 5, 15, 6], [16, 20, 17, 19], [18, 2, 19, 1], [20, 4, 21, 3], [9, 22, 10, 23], [24, 18, 1, 17]]"
12n_0307_175,"[[24, 18, 1, 17], [2, 24, 3, 23], [4, 11, 5, 12], [6, 13, 7, 14], [21, 8, 22, 9], [10, 15, 11, 16], [12, 7, 13, 8], [14, 5, 15, 6], [16, 20, 17, 19], [18, 2, 19, 1], [20, 4, 21, 3], [9, 22, 10, 23]]"
12n_0307_176,"[[9, 22, 10, 23], [24, 18, 1, 17], [2, 24, 3, 23], [4, 11, 5, 12], [6, 13, 7, 14], [21, 8, 22, 9], [10, 15, 11, 16], [12, 7, 13, 8], [14, 5, 15, 6], [16, 20, 17, 19], [18, 2, 19, 1], [20, 4, 21, 3]]"
12n_0307_177,"[[20, 4, 21, 3], [9, 22, 10, 23], [24, 18, 1, 17], [2, 24, 3, 23], [4, 11, 5, 12], [6, 13, 7, 14], [21, 8, 22, 9], [10, 15, 11, 16], [12, 7, 13, 8], [14, 5, 15, 6], [16, 20, 17, 19], [18, 2, 19, 1]]"
12n_0307_178,"[[18, 2, 19, 1], [20, 4, 21, 3], [9, 22, 10, 23], [24, 18, 1, 17], [2, 24, 3, 23], [4, 11, 5, 12], [6, 13, 7, 14], [21, 8, 22, 9], [10, 15, 11, 16], [12, 7, 13, 8], [14, 5, 15, 6], [16, 20, 17, 19]]"
12n_0307_179,"[[16, 20, 17, 19], [18, 2, 19, 1], [20, 4, 21, 3], [9, 22, 10, 23], [24, 18, 1, 17], [2, 24, 3, 23], [4, 11, 5, 12], [6, 13, 7, 14], [21, 8, 22, 9], [10, 15, 11, 16], [12, 7, 13, 8], [14, 5, 15, 6]]"
12n_0307_180,"[[15, 6, 16, 7], [17, 21, 18, 20], [19, 3, 20, 2], [21, 5, 22, 4], [10, 23, 11, 24], [1, 19, 2, 18], [3, 1, 4, 24], [5, 12, 6, 13], [7, 14, 8, 15], [22, 9, 23, 10], [11, 16, 12, 17], [13, 8, 14, 9]]"
12n_0307_181,"[[13, 8, 14, 9], [15, 6, 16, 7], [17, 21, 18, 20], [19, 3, 20, 2], [21, 5, 22, 4], [10, 23, 11, 24], [1, 19, 2, 18], [3, 1, 4, 24], [5, 12, 6, 13], [7, 14, 8, 15], [22, 9, 23, 10], [11, 16, 12, 17]]"
12n_0307_182,"[[11, 16, 12, 17], [13, 8, 14, 9], [15, 6, 16, 7], [17, 21, 18, 20], [19, 3, 20, 2], [21, 5, 22, 4], [10, 23, 11, 24], [1, 19, 2, 18], [3, 1, 4, 24], [5, 12, 6, 13], [7, 14, 8, 15], [22, 9, 23, 10]]"
12n_0307_183,"[[22, 9, 23, 10], [11, 16, 12, 17], [13, 8, 14, 9], [15, 6, 16, 7], [17, 21, 18, 20], [19, 3, 20, 2], [21, 5, 22, 4], [10, 23, 11, 24], [1, 19, 2, 18], [3, 1, 4, 24], [5, 12, 6, 13], [7, 14, 8, 15]]"
12n_0307_184,"[[7, 14, 8, 15], [22, 9, 23, 10], [11, 16, 12, 17], [13, 8, 14, 9], [15, 6, 16, 7], [17, 21, 18, 20], [19, 3, 20, 2], [21, 5, 22, 4], [10, 23, 11, 24], [1, 19, 2, 18], [3, 1, 4, 24], [5, 12, 6, 13]]"
12n_0307_185,"[[5, 12, 6, 13], [7, 14, 8, 15], [22, 9, 23, 10], [11, 16, 12, 17], [13, 8, 14, 9], [15, 6, 16, 7], [17, 21, 18, 20], [19, 3, 20, 2], [21, 5, 22, 4], [10, 23, 11, 24], [1, 19, 2, 18], [3, 1, 4, 24]]"
