name,pd_notation
12n_0458_0,"[[24, 13, 1, 14], [2, 6, 3, 5], [4, 12, 5, 11], [17, 6, 18, 7], [15, 9, 16, 8], [10, 4, 11, 3], [12, 1, 13, 2], [19, 14, 20, 15], [21, 17, 22, 16], [23, 18, 24, 19], [9, 20, 10, 21], [7, 23, 8, 22]]"
12n_0458_1,"[[7, 23, 8, 22], [24, 13, 1, 14], [2, 6, 3, 5], [4, 12, 5, 11], [17, 6, 18, 7], [15, 9, 16, 8], [10, 4, 11, 3], [12, 1, 13, 2], [19, 14, 20, 15], [21, 17, 22, 16], [23, 18, 24, 19], [9, 20, 10, 21]]"
12n_0458_2,"[[9, 20, 10, 21], [7, 23, 8, 22], [24, 13, 1, 14], [2, 6, 3, 5], [4, 12, 5, 11], [17, 6, 18, 7], [15, 9, 16, 8], [10, 4, 11, 3], [12, 1, 13, 2], [19, 14, 20, 15], [21, 17, 22, 16], [23, 18, 24, 19]]"
12n_0458_3,"[[23, 18, 24, 19], [9, 20, 10, 21], [7, 23, 8, 22], [24, 13, 1, 14], [2, 6, 3, 5], [4, 12, 5, 11], [17, 6, 18, 7], [15, 9, 16, 8], [10, 4, 11, 3], [12, 1, 13, 2], [19, 14, 20, 15], [21, 17, 22, 16]]"
12n_0458_4,"[[21, 17, 22, 16], [23, 18, 24, 19], [9, 20, 10, 21], [7, 23, 8, 22], [24, 13, 1, 14], [2, 6, 3, 5], [4, 12, 5, 11], [17, 6, 18, 7], [15, 9, 16, 8], [10, 4, 11, 3], [12, 1, 13, 2], [19, 14, 20, 15]]"
12n_0458_5,"[[19, 14, 20, 15], [21, 17, 22, 16], [23, 18, 24, 19], [9, 20, 10, 21], [7, 23, 8, 22], [24, 13, 1, 14], [2, 6, 3, 5], [4, 12, 5, 11], [17, 6, 18, 7], [15, 9, 16, 8], [10, 4, 11, 3], [12, 1, 13, 2]]"
12n_0458_6,"[[12, 1, 13, 2], [19, 14, 20, 15], [21, 17, 22, 16], [23, 18, 24, 19], [9, 20, 10, 21], [7, 23, 8, 22], [24, 13, 1, 14], [2, 6, 3, 5], [4, 12, 5, 11], [17, 6, 18, 7], [15, 9, 16, 8], [10, 4, 11, 3]]"
12n_0458_7,"[[10, 4, 11, 3], [12, 1, 13, 2], [19, 14, 20, 15], [21, 17, 22, 16], [23, 18, 24, 19], [9, 20, 10, 21], [7, 23, 8, 22], [24, 13, 1, 14], [2, 6, 3, 5], [4, 12, 5, 11], [17, 6, 18, 7], [15, 9, 16, 8]]"
12n_0458_8,"[[15, 9, 16, 8], [10, 4, 11, 3], [12, 1, 13, 2], [19, 14, 20, 15], [21, 17, 22, 16], [23, 18, 24, 19], [9, 20, 10, 21], [7, 23, 8, 22], [24, 13, 1, 14], [2, 6, 3, 5], [4, 12, 5, 11], [17, 6, 18, 7]]"
12n_0458_9,"[[17, 6, 18, 7], [15, 9, 16, 8], [10, 4, 11, 3], [12, 1, 13, 2], [19, 14, 20, 15], [21, 17, 22, 16], [23, 18, 24, 19], [9, 20, 10, 21], [7, 23, 8, 22], [24, 13, 1, 14], [2, 6, 3, 5], [4, 12, 5, 11]]"
12n_0458_10,"[[4, 12, 5, 11], [17, 6, 18, 7], [15, 9, 16, 8], [10, 4, 11, 3], [12, 1, 13, 2], [19, 14, 20, 15], [21, 17, 22, 16], [23, 18, 24, 19], [9, 20, 10, 21], [7, 23, 8, 22], [24, 13, 1, 14], [2, 6, 3, 5]]"
12n_0458_11,"[[2, 6, 3, 5], [4, 12, 5, 11], [17, 6, 18, 7], [15, 9, 16, 8], [10, 4, 11, 3], [12, 1, 13, 2], [19, 14, 20, 15], [21, 17, 22, 16], [23, 18, 24, 19], [9, 20, 10, 21], [7, 23, 8, 22], [24, 13, 1, 14]]"
12n_0458_12,"[[1, 14, 2, 15], [3, 7, 4, 6], [5, 13, 6, 12], [18, 7, 19, 8], [16, 10, 17, 9], [11, 5, 12, 4], [13, 2, 14, 3], [20, 15, 21, 16], [22, 18, 23, 17], [24, 19, 1, 20], [10, 21, 11, 22], [8, 24, 9, 23]]"
12n_0458_13,"[[8, 24, 9, 23], [1, 14, 2, 15], [3, 7, 4, 6], [5, 13, 6, 12], [18, 7, 19, 8], [16, 10, 17, 9], [11, 5, 12, 4], [13, 2, 14, 3], [20, 15, 21, 16], [22, 18, 23, 17], [24, 19, 1, 20], [10, 21, 11, 22]]"
12n_0458_14,"[[10, 21, 11, 22], [8, 24, 9, 23], [1, 14, 2, 15], [3, 7, 4, 6], [5, 13, 6, 12], [18, 7, 19, 8], [16, 10, 17, 9], [11, 5, 12, 4], [13, 2, 14, 3], [20, 15, 21, 16], [22, 18, 23, 17], [24, 19, 1, 20]]"
12n_0458_15,"[[24, 19, 1, 20], [10, 21, 11, 22], [8, 24, 9, 23], [1, 14, 2, 15], [3, 7, 4, 6], [5, 13, 6, 12], [18, 7, 19, 8], [16, 10, 17, 9], [11, 5, 12, 4], [13, 2, 14, 3], [20, 15, 21, 16], [22, 18, 23, 17]]"
12n_0458_16,"[[22, 18, 23, 17], [24, 19, 1, 20], [10, 21, 11, 22], [8, 24, 9, 23], [1, 14, 2, 15], [3, 7, 4, 6], [5, 13, 6, 12], [18, 7, 19, 8], [16, 10, 17, 9], [11, 5, 12, 4], [13, 2, 14, 3], [20, 15, 21, 16]]"
12n_0458_17,"[[20, 15, 21, 16], [22, 18, 23, 17], [24, 19, 1, 20], [10, 21, 11, 22], [8, 24, 9, 23], [1, 14, 2, 15], [3, 7, 4, 6], [5, 13, 6, 12], [18, 7, 19, 8], [16, 10, 17, 9], [11, 5, 12, 4], [13, 2, 14, 3]]"
12n_0458_18,"[[13, 2, 14, 3], [20, 15, 21, 16], [22, 18, 23, 17], [24, 19, 1, 20], [10, 21, 11, 22], [8, 24, 9, 23], [1, 14, 2, 15], [3, 7, 4, 6], [5, 13, 6, 12], [18, 7, 19, 8], [16, 10, 17, 9], [11, 5, 12, 4]]"
12n_0458_19,"[[11, 5, 12, 4], [13, 2, 14, 3], [20, 15, 21, 16], [22, 18, 23, 17], [24, 19, 1, 20], [10, 21, 11, 22], [8, 24, 9, 23], [1, 14, 2, 15], [3, 7, 4, 6], [5, 13, 6, 12], [18, 7, 19, 8], [16, 10, 17, 9]]"
12n_0458_20,"[[16, 10, 17, 9], [11, 5, 12, 4], [13, 2, 14, 3], [20, 15, 21, 16], [22, 18, 23, 17], [24, 19, 1, 20], [10, 21, 11, 22], [8, 24, 9, 23], [1, 14, 2, 15], [3, 7, 4, 6], [5, 13, 6, 12], [18, 7, 19, 8]]"
12n_0458_21,"[[18, 7, 19, 8], [16, 10, 17, 9], [11, 5, 12, 4], [13, 2, 14, 3], [20, 15, 21, 16], [22, 18, 23, 17], [24, 19, 1, 20], [10, 21, 11, 22], [8, 24, 9, 23], [1, 14, 2, 15], [3, 7, 4, 6], [5, 13, 6, 12]]"
12n_0458_22,"[[5, 13, 6, 12], [18, 7, 19, 8], [16, 10, 17, 9], [11, 5, 12, 4], [13, 2, 14, 3], [20, 15, 21, 16], [22, 18, 23, 17], [24, 19, 1, 20], [10, 21, 11, 22], [8, 24, 9, 23], [1, 14, 2, 15], [3, 7, 4, 6]]"
12n_0458_23,"[[3, 7, 4, 6], [5, 13, 6, 12], [18, 7, 19, 8], [16, 10, 17, 9], [11, 5, 12, 4], [13, 2, 14, 3], [20, 15, 21, 16], [22, 18, 23, 17], [24, 19, 1, 20], [10, 21, 11, 22], [8, 24, 9, 23], [1, 14, 2, 15]]"
12n_0458_24,"[[2, 15, 3, 16], [4, 8, 5, 7], [6, 14, 7, 13], [19, 8, 20, 9], [17, 11, 18, 10], [12, 6, 13, 5], [14, 3, 15, 4], [21, 16, 22, 17], [23, 19, 24, 18], [1, 20, 2, 21], [11, 22, 12, 23], [9, 1, 10, 24]]"
12n_0458_25,"[[9, 1, 10, 24], [2, 15, 3, 16], [4, 8, 5, 7], [6, 14, 7, 13], [19, 8, 20, 9], [17, 11, 18, 10], [12, 6, 13, 5], [14, 3, 15, 4], [21, 16, 22, 17], [23, 19, 24, 18], [1, 20, 2, 21], [11, 22, 12, 23]]"
12n_0458_26,"[[11, 22, 12, 23], [9, 1, 10, 24], [2, 15, 3, 16], [4, 8, 5, 7], [6, 14, 7, 13], [19, 8, 20, 9], [17, 11, 18, 10], [12, 6, 13, 5], [14, 3, 15, 4], [21, 16, 22, 17], [23, 19, 24, 18], [1, 20, 2, 21]]"
12n_0458_27,"[[1, 20, 2, 21], [11, 22, 12, 23], [9, 1, 10, 24], [2, 15, 3, 16], [4, 8, 5, 7], [6, 14, 7, 13], [19, 8, 20, 9], [17, 11, 18, 10], [12, 6, 13, 5], [14, 3, 15, 4], [21, 16, 22, 17], [23, 19, 24, 18]]"
12n_0458_28,"[[23, 19, 24, 18], [1, 20, 2, 21], [11, 22, 12, 23], [9, 1, 10, 24], [2, 15, 3, 16], [4, 8, 5, 7], [6, 14, 7, 13], [19, 8, 20, 9], [17, 11, 18, 10], [12, 6, 13, 5], [14, 3, 15, 4], [21, 16, 22, 17]]"
12n_0458_29,"[[21, 16, 22, 17], [23, 19, 24, 18], [1, 20, 2, 21], [11, 22, 12, 23], [9, 1, 10, 24], [2, 15, 3, 16], [4, 8, 5, 7], [6, 14, 7, 13], [19, 8, 20, 9], [17, 11, 18, 10], [12, 6, 13, 5], [14, 3, 15, 4]]"
12n_0458_30,"[[14, 3, 15, 4], [21, 16, 22, 17], [23, 19, 24, 18], [1, 20, 2, 21], [11, 22, 12, 23], [9, 1, 10, 24], [2, 15, 3, 16], [4, 8, 5, 7], [6, 14, 7, 13], [19, 8, 20, 9], [17, 11, 18, 10], [12, 6, 13, 5]]"
12n_0458_31,"[[12, 6, 13, 5], [14, 3, 15, 4], [21, 16, 22, 17], [23, 19, 24, 18], [1, 20, 2, 21], [11, 22, 12, 23], [9, 1, 10, 24], [2, 15, 3, 16], [4, 8, 5, 7], [6, 14, 7, 13], [19, 8, 20, 9], [17, 11, 18, 10]]"
12n_0458_32,"[[17, 11, 18, 10], [12, 6, 13, 5], [14, 3, 15, 4], [21, 16, 22, 17], [23, 19, 24, 18], [1, 20, 2, 21], [11, 22, 12, 23], [9, 1, 10, 24], [2, 15, 3, 16], [4, 8, 5, 7], [6, 14, 7, 13], [19, 8, 20, 9]]"
12n_0458_33,"[[19, 8, 20, 9], [17, 11, 18, 10], [12, 6, 13, 5], [14, 3, 15, 4], [21, 16, 22, 17], [23, 19, 24, 18], [1, 20, 2, 21], [11, 22, 12, 23], [9, 1, 10, 24], [2, 15, 3, 16], [4, 8, 5, 7], [6, 14, 7, 13]]"
12n_0458_34,"[[6, 14, 7, 13], [19, 8, 20, 9], [17, 11, 18, 10], [12, 6, 13, 5], [14, 3, 15, 4], [21, 16, 22, 17], [23, 19, 24, 18], [1, 20, 2, 21], [11, 22, 12, 23], [9, 1, 10, 24], [2, 15, 3, 16], [4, 8, 5, 7]]"
12n_0458_35,"[[4, 8, 5, 7], [6, 14, 7, 13], [19, 8, 20, 9], [17, 11, 18, 10], [12, 6, 13, 5], [14, 3, 15, 4], [21, 16, 22, 17], [23, 19, 24, 18], [1, 20, 2, 21], [11, 22, 12, 23], [9, 1, 10, 24], [2, 15, 3, 16]]"
12n_0458_36,"[[3, 16, 4, 17], [5, 9, 6, 8], [7, 15, 8, 14], [20, 9, 21, 10], [18, 12, 19, 11], [13, 7, 14, 6], [15, 4, 16, 5], [22, 17, 23, 18], [24, 20, 1, 19], [2, 21, 3, 22], [12, 23, 13, 24], [10, 2, 11, 1]]"
12n_0458_37,"[[10, 2, 11, 1], [3, 16, 4, 17], [5, 9, 6, 8], [7, 15, 8, 14], [20, 9, 21, 10], [18, 12, 19, 11], [13, 7, 14, 6], [15, 4, 16, 5], [22, 17, 23, 18], [24, 20, 1, 19], [2, 21, 3, 22], [12, 23, 13, 24]]"
12n_0458_38,"[[12, 23, 13, 24], [10, 2, 11, 1], [3, 16, 4, 17], [5, 9, 6, 8], [7, 15, 8, 14], [20, 9, 21, 10], [18, 12, 19, 11], [13, 7, 14, 6], [15, 4, 16, 5], [22, 17, 23, 18], [24, 20, 1, 19], [2, 21, 3, 22]]"
12n_0458_39,"[[2, 21, 3, 22], [12, 23, 13, 24], [10, 2, 11, 1], [3, 16, 4, 17], [5, 9, 6, 8], [7, 15, 8, 14], [20, 9, 21, 10], [18, 12, 19, 11], [13, 7, 14, 6], [15, 4, 16, 5], [22, 17, 23, 18], [24, 20, 1, 19]]"
12n_0458_40,"[[24, 20, 1, 19], [2, 21, 3, 22], [12, 23, 13, 24], [10, 2, 11, 1], [3, 16, 4, 17], [5, 9, 6, 8], [7, 15, 8, 14], [20, 9, 21, 10], [18, 12, 19, 11], [13, 7, 14, 6], [15, 4, 16, 5], [22, 17, 23, 18]]"
12n_0458_41,"[[22, 17, 23, 18], [24, 20, 1, 19], [2, 21, 3, 22], [12, 23, 13, 24], [10, 2, 11, 1], [3, 16, 4, 17], [5, 9, 6, 8], [7, 15, 8, 14], [20, 9, 21, 10], [18, 12, 19, 11], [13, 7, 14, 6], [15, 4, 16, 5]]"
12n_0458_42,"[[15, 4, 16, 5], [22, 17, 23, 18], [24, 20, 1, 19], [2, 21, 3, 22], [12, 23, 13, 24], [10, 2, 11, 1], [3, 16, 4, 17], [5, 9, 6, 8], [7, 15, 8, 14], [20, 9, 21, 10], [18, 12, 19, 11], [13, 7, 14, 6]]"
12n_0458_43,"[[13, 7, 14, 6], [15, 4, 16, 5], [22, 17, 23, 18], [24, 20, 1, 19], [2, 21, 3, 22], [12, 23, 13, 24], [10, 2, 11, 1], [3, 16, 4, 17], [5, 9, 6, 8], [7, 15, 8, 14], [20, 9, 21, 10], [18, 12, 19, 11]]"
12n_0458_44,"[[18, 12, 19, 11], [13, 7, 14, 6], [15, 4, 16, 5], [22, 17, 23, 18], [24, 20, 1, 19], [2, 21, 3, 22], [12, 23, 13, 24], [10, 2, 11, 1], [3, 16, 4, 17], [5, 9, 6, 8], [7, 15, 8, 14], [20, 9, 21, 10]]"
12n_0458_45,"[[20, 9, 21, 10], [18, 12, 19, 11], [13, 7, 14, 6], [15, 4, 16, 5], [22, 17, 23, 18], [24, 20, 1, 19], [2, 21, 3, 22], [12, 23, 13, 24], [10, 2, 11, 1], [3, 16, 4, 17], [5, 9, 6, 8], [7, 15, 8, 14]]"
12n_0458_46,"[[7, 15, 8, 14], [20, 9, 21, 10], [18, 12, 19, 11], [13, 7, 14, 6], [15, 4, 16, 5], [22, 17, 23, 18], [24, 20, 1, 19], [2, 21, 3, 22], [12, 23, 13, 24], [10, 2, 11, 1], [3, 16, 4, 17], [5, 9, 6, 8]]"
12n_0458_47,"[[5, 9, 6, 8], [7, 15, 8, 14], [20, 9, 21, 10], [18, 12, 19, 11], [13, 7, 14, 6], [15, 4, 16, 5], [22, 17, 23, 18], [24, 20, 1, 19], [2, 21, 3, 22], [12, 23, 13, 24], [10, 2, 11, 1], [3, 16, 4, 17]]"
12n_0458_48,"[[4, 17, 5, 18], [6, 10, 7, 9], [8, 16, 9, 15], [21, 10, 22, 11], [19, 13, 20, 12], [14, 8, 15, 7], [16, 5, 17, 6], [23, 18, 24, 19], [1, 21, 2, 20], [3, 22, 4, 23], [13, 24, 14, 1], [11, 3, 12, 2]]"
12n_0458_49,"[[11, 3, 12, 2], [4, 17, 5, 18], [6, 10, 7, 9], [8, 16, 9, 15], [21, 10, 22, 11], [19, 13, 20, 12], [14, 8, 15, 7], [16, 5, 17, 6], [23, 18, 24, 19], [1, 21, 2, 20], [3, 22, 4, 23], [13, 24, 14, 1]]"
12n_0458_50,"[[13, 24, 14, 1], [11, 3, 12, 2], [4, 17, 5, 18], [6, 10, 7, 9], [8, 16, 9, 15], [21, 10, 22, 11], [19, 13, 20, 12], [14, 8, 15, 7], [16, 5, 17, 6], [23, 18, 24, 19], [1, 21, 2, 20], [3, 22, 4, 23]]"
12n_0458_51,"[[3, 22, 4, 23], [13, 24, 14, 1], [11, 3, 12, 2], [4, 17, 5, 18], [6, 10, 7, 9], [8, 16, 9, 15], [21, 10, 22, 11], [19, 13, 20, 12], [14, 8, 15, 7], [16, 5, 17, 6], [23, 18, 24, 19], [1, 21, 2, 20]]"
12n_0458_52,"[[1, 21, 2, 20], [3, 22, 4, 23], [13, 24, 14, 1], [11, 3, 12, 2], [4, 17, 5, 18], [6, 10, 7, 9], [8, 16, 9, 15], [21, 10, 22, 11], [19, 13, 20, 12], [14, 8, 15, 7], [16, 5, 17, 6], [23, 18, 24, 19]]"
12n_0458_53,"[[23, 18, 24, 19], [1, 21, 2, 20], [3, 22, 4, 23], [13, 24, 14, 1], [11, 3, 12, 2], [4, 17, 5, 18], [6, 10, 7, 9], [8, 16, 9, 15], [21, 10, 22, 11], [19, 13, 20, 12], [14, 8, 15, 7], [16, 5, 17, 6]]"
12n_0458_54,"[[16, 5, 17, 6], [23, 18, 24, 19], [1, 21, 2, 20], [3, 22, 4, 23], [13, 24, 14, 1], [11, 3, 12, 2], [4, 17, 5, 18], [6, 10, 7, 9], [8, 16, 9, 15], [21, 10, 22, 11], [19, 13, 20, 12], [14, 8, 15, 7]]"
12n_0458_55,"[[14, 8, 15, 7], [16, 5, 17, 6], [23, 18, 24, 19], [1, 21, 2, 20], [3, 22, 4, 23], [13, 24, 14, 1], [11, 3, 12, 2], [4, 17, 5, 18], [6, 10, 7, 9], [8, 16, 9, 15], [21, 10, 22, 11], [19, 13, 20, 12]]"
12n_0458_56,"[[19, 13, 20, 12], [14, 8, 15, 7], [16, 5, 17, 6], [23, 18, 24, 19], [1, 21, 2, 20], [3, 22, 4, 23], [13, 24, 14, 1], [11, 3, 12, 2], [4, 17, 5, 18], [6, 10, 7, 9], [8, 16, 9, 15], [21, 10, 22, 11]]"
12n_0458_57,"[[21, 10, 22, 11], [19, 13, 20, 12], [14, 8, 15, 7], [16, 5, 17, 6], [23, 18, 24, 19], [1, 21, 2, 20], [3, 22, 4, 23], [13, 24, 14, 1], [11, 3, 12, 2], [4, 17, 5, 18], [6, 10, 7, 9], [8, 16, 9, 15]]"
12n_0458_58,"[[8, 16, 9, 15], [21, 10, 22, 11], [19, 13, 20, 12], [14, 8, 15, 7], [16, 5, 17, 6], [23, 18, 24, 19], [1, 21, 2, 20], [3, 22, 4, 23], [13, 24, 14, 1], [11, 3, 12, 2], [4, 17, 5, 18], [6, 10, 7, 9]]"
12n_0458_59,"[[6, 10, 7, 9], [8, 16, 9, 15], [21, 10, 22, 11], [19, 13, 20, 12], [14, 8, 15, 7], [16, 5, 17, 6], [23, 18, 24, 19], [1, 21, 2, 20], [3, 22, 4, 23], [13, 24, 14, 1], [11, 3, 12, 2], [4, 17, 5, 18]]"
12n_0458_60,"[[5, 18, 6, 19], [7, 11, 8, 10], [9, 17, 10, 16], [22, 11, 23, 12], [20, 14, 21, 13], [15, 9, 16, 8], [17, 6, 18, 7], [24, 19, 1, 20], [2, 22, 3, 21], [4, 23, 5, 24], [14, 1, 15, 2], [12, 4, 13, 3]]"
12n_0458_61,"[[12, 4, 13, 3], [5, 18, 6, 19], [7, 11, 8, 10], [9, 17, 10, 16], [22, 11, 23, 12], [20, 14, 21, 13], [15, 9, 16, 8], [17, 6, 18, 7], [24, 19, 1, 20], [2, 22, 3, 21], [4, 23, 5, 24], [14, 1, 15, 2]]"
12n_0458_62,"[[14, 1, 15, 2], [12, 4, 13, 3], [5, 18, 6, 19], [7, 11, 8, 10], [9, 17, 10, 16], [22, 11, 23, 12], [20, 14, 21, 13], [15, 9, 16, 8], [17, 6, 18, 7], [24, 19, 1, 20], [2, 22, 3, 21], [4, 23, 5, 24]]"
12n_0458_63,"[[4, 23, 5, 24], [14, 1, 15, 2], [12, 4, 13, 3], [5, 18, 6, 19], [7, 11, 8, 10], [9, 17, 10, 16], [22, 11, 23, 12], [20, 14, 21, 13], [15, 9, 16, 8], [17, 6, 18, 7], [24, 19, 1, 20], [2, 22, 3, 21]]"
12n_0458_64,"[[2, 22, 3, 21], [4, 23, 5, 24], [14, 1, 15, 2], [12, 4, 13, 3], [5, 18, 6, 19], [7, 11, 8, 10], [9, 17, 10, 16], [22, 11, 23, 12], [20, 14, 21, 13], [15, 9, 16, 8], [17, 6, 18, 7], [24, 19, 1, 20]]"
12n_0458_65,"[[24, 19, 1, 20], [2, 22, 3, 21], [4, 23, 5, 24], [14, 1, 15, 2], [12, 4, 13, 3], [5, 18, 6, 19], [7, 11, 8, 10], [9, 17, 10, 16], [22, 11, 23, 12], [20, 14, 21, 13], [15, 9, 16, 8], [17, 6, 18, 7]]"
12n_0458_66,"[[17, 6, 18, 7], [24, 19, 1, 20], [2, 22, 3, 21], [4, 23, 5, 24], [14, 1, 15, 2], [12, 4, 13, 3], [5, 18, 6, 19], [7, 11, 8, 10], [9, 17, 10, 16], [22, 11, 23, 12], [20, 14, 21, 13], [15, 9, 16, 8]]"
12n_0458_67,"[[15, 9, 16, 8], [17, 6, 18, 7], [24, 19, 1, 20], [2, 22, 3, 21], [4, 23, 5, 24], [14, 1, 15, 2], [12, 4, 13, 3], [5, 18, 6, 19], [7, 11, 8, 10], [9, 17, 10, 16], [22, 11, 23, 12], [20, 14, 21, 13]]"
12n_0458_68,"[[20, 14, 21, 13], [15, 9, 16, 8], [17, 6, 18, 7], [24, 19, 1, 20], [2, 22, 3, 21], [4, 23, 5, 24], [14, 1, 15, 2], [12, 4, 13, 3], [5, 18, 6, 19], [7, 11, 8, 10], [9, 17, 10, 16], [22, 11, 23, 12]]"
12n_0458_69,"[[22, 11, 23, 12], [20, 14, 21, 13], [15, 9, 16, 8], [17, 6, 18, 7], [24, 19, 1, 20], [2, 22, 3, 21], [4, 23, 5, 24], [14, 1, 15, 2], [12, 4, 13, 3], [5, 18, 6, 19], [7, 11, 8, 10], [9, 17, 10, 16]]"
12n_0458_70,"[[9, 17, 10, 16], [22, 11, 23, 12], [20, 14, 21, 13], [15, 9, 16, 8], [17, 6, 18, 7], [24, 19, 1, 20], [2, 22, 3, 21], [4, 23, 5, 24], [14, 1, 15, 2], [12, 4, 13, 3], [5, 18, 6, 19], [7, 11, 8, 10]]"
12n_0458_71,"[[7, 11, 8, 10], [9, 17, 10, 16], [22, 11, 23, 12], [20, 14, 21, 13], [15, 9, 16, 8], [17, 6, 18, 7], [24, 19, 1, 20], [2, 22, 3, 21], [4, 23, 5, 24], [14, 1, 15, 2], [12, 4, 13, 3], [5, 18, 6, 19]]"
12n_0458_72,"[[6, 19, 7, 20], [8, 12, 9, 11], [10, 18, 11, 17], [23, 12, 24, 13], [21, 15, 22, 14], [16, 10, 17, 9], [18, 7, 19, 8], [1, 20, 2, 21], [3, 23, 4, 22], [5, 24, 6, 1], [15, 2, 16, 3], [13, 5, 14, 4]]"
12n_0458_73,"[[13, 5, 14, 4], [6, 19, 7, 20], [8, 12, 9, 11], [10, 18, 11, 17], [23, 12, 24, 13], [21, 15, 22, 14], [16, 10, 17, 9], [18, 7, 19, 8], [1, 20, 2, 21], [3, 23, 4, 22], [5, 24, 6, 1], [15, 2, 16, 3]]"
12n_0458_74,"[[15, 2, 16, 3], [13, 5, 14, 4], [6, 19, 7, 20], [8, 12, 9, 11], [10, 18, 11, 17], [23, 12, 24, 13], [21, 15, 22, 14], [16, 10, 17, 9], [18, 7, 19, 8], [1, 20, 2, 21], [3, 23, 4, 22], [5, 24, 6, 1]]"
12n_0458_75,"[[5, 24, 6, 1], [15, 2, 16, 3], [13, 5, 14, 4], [6, 19, 7, 20], [8, 12, 9, 11], [10, 18, 11, 17], [23, 12, 24, 13], [21, 15, 22, 14], [16, 10, 17, 9], [18, 7, 19, 8], [1, 20, 2, 21], [3, 23, 4, 22]]"
12n_0458_76,"[[3, 23, 4, 22], [5, 24, 6, 1], [15, 2, 16, 3], [13, 5, 14, 4], [6, 19, 7, 20], [8, 12, 9, 11], [10, 18, 11, 17], [23, 12, 24, 13], [21, 15, 22, 14], [16, 10, 17, 9], [18, 7, 19, 8], [1, 20, 2, 21]]"
12n_0458_77,"[[1, 20, 2, 21], [3, 23, 4, 22], [5, 24, 6, 1], [15, 2, 16, 3], [13, 5, 14, 4], [6, 19, 7, 20], [8, 12, 9, 11], [10, 18, 11, 17], [23, 12, 24, 13], [21, 15, 22, 14], [16, 10, 17, 9], [18, 7, 19, 8]]"
12n_0458_78,"[[18, 7, 19, 8], [1, 20, 2, 21], [3, 23, 4, 22], [5, 24, 6, 1], [15, 2, 16, 3], [13, 5, 14, 4], [6, 19, 7, 20], [8, 12, 9, 11], [10, 18, 11, 17], [23, 12, 24, 13], [21, 15, 22, 14], [16, 10, 17, 9]]"
12n_0458_79,"[[16, 10, 17, 9], [18, 7, 19, 8], [1, 20, 2, 21], [3, 23, 4, 22], [5, 24, 6, 1], [15, 2, 16, 3], [13, 5, 14, 4], [6, 19, 7, 20], [8, 12, 9, 11], [10, 18, 11, 17], [23, 12, 24, 13], [21, 15, 22, 14]]"
12n_0458_80,"[[21, 15, 22, 14], [16, 10, 17, 9], [18, 7, 19, 8], [1, 20, 2, 21], [3, 23, 4, 22], [5, 24, 6, 1], [15, 2, 16, 3], [13, 5, 14, 4], [6, 19, 7, 20], [8, 12, 9, 11], [10, 18, 11, 17], [23, 12, 24, 13]]"
12n_0458_81,"[[23, 12, 24, 13], [21, 15, 22, 14], [16, 10, 17, 9], [18, 7, 19, 8], [1, 20, 2, 21], [3, 23, 4, 22], [5, 24, 6, 1], [15, 2, 16, 3], [13, 5, 14, 4], [6, 19, 7, 20], [8, 12, 9, 11], [10, 18, 11, 17]]"
12n_0458_82,"[[10, 18, 11, 17], [23, 12, 24, 13], [21, 15, 22, 14], [16, 10, 17, 9], [18, 7, 19, 8], [1, 20, 2, 21], [3, 23, 4, 22], [5, 24, 6, 1], [15, 2, 16, 3], [13, 5, 14, 4], [6, 19, 7, 20], [8, 12, 9, 11]]"
12n_0458_83,"[[8, 12, 9, 11], [10, 18, 11, 17], [23, 12, 24, 13], [21, 15, 22, 14], [16, 10, 17, 9], [18, 7, 19, 8], [1, 20, 2, 21], [3, 23, 4, 22], [5, 24, 6, 1], [15, 2, 16, 3], [13, 5, 14, 4], [6, 19, 7, 20]]"
12n_0458_84,"[[7, 20, 8, 21], [9, 13, 10, 12], [11, 19, 12, 18], [24, 13, 1, 14], [22, 16, 23, 15], [17, 11, 18, 10], [19, 8, 20, 9], [2, 21, 3, 22], [4, 24, 5, 23], [6, 1, 7, 2], [16, 3, 17, 4], [14, 6, 15, 5]]"
12n_0458_85,"[[14, 6, 15, 5], [7, 20, 8, 21], [9, 13, 10, 12], [11, 19, 12, 18], [24, 13, 1, 14], [22, 16, 23, 15], [17, 11, 18, 10], [19, 8, 20, 9], [2, 21, 3, 22], [4, 24, 5, 23], [6, 1, 7, 2], [16, 3, 17, 4]]"
12n_0458_86,"[[16, 3, 17, 4], [14, 6, 15, 5], [7, 20, 8, 21], [9, 13, 10, 12], [11, 19, 12, 18], [24, 13, 1, 14], [22, 16, 23, 15], [17, 11, 18, 10], [19, 8, 20, 9], [2, 21, 3, 22], [4, 24, 5, 23], [6, 1, 7, 2]]"
12n_0458_87,"[[6, 1, 7, 2], [16, 3, 17, 4], [14, 6, 15, 5], [7, 20, 8, 21], [9, 13, 10, 12], [11, 19, 12, 18], [24, 13, 1, 14], [22, 16, 23, 15], [17, 11, 18, 10], [19, 8, 20, 9], [2, 21, 3, 22], [4, 24, 5, 23]]"
12n_0458_88,"[[4, 24, 5, 23], [6, 1, 7, 2], [16, 3, 17, 4], [14, 6, 15, 5], [7, 20, 8, 21], [9, 13, 10, 12], [11, 19, 12, 18], [24, 13, 1, 14], [22, 16, 23, 15], [17, 11, 18, 10], [19, 8, 20, 9], [2, 21, 3, 22]]"
12n_0458_89,"[[2, 21, 3, 22], [4, 24, 5, 23], [6, 1, 7, 2], [16, 3, 17, 4], [14, 6, 15, 5], [7, 20, 8, 21], [9, 13, 10, 12], [11, 19, 12, 18], [24, 13, 1, 14], [22, 16, 23, 15], [17, 11, 18, 10], [19, 8, 20, 9]]"
12n_0458_90,"[[19, 8, 20, 9], [2, 21, 3, 22], [4, 24, 5, 23], [6, 1, 7, 2], [16, 3, 17, 4], [14, 6, 15, 5], [7, 20, 8, 21], [9, 13, 10, 12], [11, 19, 12, 18], [24, 13, 1, 14], [22, 16, 23, 15], [17, 11, 18, 10]]"
12n_0458_91,"[[17, 11, 18, 10], [19, 8, 20, 9], [2, 21, 3, 22], [4, 24, 5, 23], [6, 1, 7, 2], [16, 3, 17, 4], [14, 6, 15, 5], [7, 20, 8, 21], [9, 13, 10, 12], [11, 19, 12, 18], [24, 13, 1, 14], [22, 16, 23, 15]]"
12n_0458_92,"[[22, 16, 23, 15], [17, 11, 18, 10], [19, 8, 20, 9], [2, 21, 3, 22], [4, 24, 5, 23], [6, 1, 7, 2], [16, 3, 17, 4], [14, 6, 15, 5], [7, 20, 8, 21], [9, 13, 10, 12], [11, 19, 12, 18], [24, 13, 1, 14]]"
12n_0458_93,"[[24, 13, 1, 14], [22, 16, 23, 15], [17, 11, 18, 10], [19, 8, 20, 9], [2, 21, 3, 22], [4, 24, 5, 23], [6, 1, 7, 2], [16, 3, 17, 4], [14, 6, 15, 5], [7, 20, 8, 21], [9, 13, 10, 12], [11, 19, 12, 18]]"
12n_0458_94,"[[11, 19, 12, 18], [24, 13, 1, 14], [22, 16, 23, 15], [17, 11, 18, 10], [19, 8, 20, 9], [2, 21, 3, 22], [4, 24, 5, 23], [6, 1, 7, 2], [16, 3, 17, 4], [14, 6, 15, 5], [7, 20, 8, 21], [9, 13, 10, 12]]"
12n_0458_95,"[[9, 13, 10, 12], [11, 19, 12, 18], [24, 13, 1, 14], [22, 16, 23, 15], [17, 11, 18, 10], [19, 8, 20, 9], [2, 21, 3, 22], [4, 24, 5, 23], [6, 1, 7, 2], [16, 3, 17, 4], [14, 6, 15, 5], [7, 20, 8, 21]]"
12n_0458_96,"[[8, 21, 9, 22], [10, 14, 11, 13], [12, 20, 13, 19], [1, 14, 2, 15], [23, 17, 24, 16], [18, 12, 19, 11], [20, 9, 21, 10], [3, 22, 4, 23], [5, 1, 6, 24], [7, 2, 8, 3], [17, 4, 18, 5], [15, 7, 16, 6]]"
12n_0458_97,"[[15, 7, 16, 6], [8, 21, 9, 22], [10, 14, 11, 13], [12, 20, 13, 19], [1, 14, 2, 15], [23, 17, 24, 16], [18, 12, 19, 11], [20, 9, 21, 10], [3, 22, 4, 23], [5, 1, 6, 24], [7, 2, 8, 3], [17, 4, 18, 5]]"
12n_0458_98,"[[17, 4, 18, 5], [15, 7, 16, 6], [8, 21, 9, 22], [10, 14, 11, 13], [12, 20, 13, 19], [1, 14, 2, 15], [23, 17, 24, 16], [18, 12, 19, 11], [20, 9, 21, 10], [3, 22, 4, 23], [5, 1, 6, 24], [7, 2, 8, 3]]"
12n_0458_99,"[[7, 2, 8, 3], [17, 4, 18, 5], [15, 7, 16, 6], [8, 21, 9, 22], [10, 14, 11, 13], [12, 20, 13, 19], [1, 14, 2, 15], [23, 17, 24, 16], [18, 12, 19, 11], [20, 9, 21, 10], [3, 22, 4, 23], [5, 1, 6, 24]]"
12n_0458_100,"[[5, 1, 6, 24], [7, 2, 8, 3], [17, 4, 18, 5], [15, 7, 16, 6], [8, 21, 9, 22], [10, 14, 11, 13], [12, 20, 13, 19], [1, 14, 2, 15], [23, 17, 24, 16], [18, 12, 19, 11], [20, 9, 21, 10], [3, 22, 4, 23]]"
12n_0458_101,"[[3, 22, 4, 23], [5, 1, 6, 24], [7, 2, 8, 3], [17, 4, 18, 5], [15, 7, 16, 6], [8, 21, 9, 22], [10, 14, 11, 13], [12, 20, 13, 19], [1, 14, 2, 15], [23, 17, 24, 16], [18, 12, 19, 11], [20, 9, 21, 10]]"
12n_0458_102,"[[20, 9, 21, 10], [3, 22, 4, 23], [5, 1, 6, 24], [7, 2, 8, 3], [17, 4, 18, 5], [15, 7, 16, 6], [8, 21, 9, 22], [10, 14, 11, 13], [12, 20, 13, 19], [1, 14, 2, 15], [23, 17, 24, 16], [18, 12, 19, 11]]"
12n_0458_103,"[[18, 12, 19, 11], [20, 9, 21, 10], [3, 22, 4, 23], [5, 1, 6, 24], [7, 2, 8, 3], [17, 4, 18, 5], [15, 7, 16, 6], [8, 21, 9, 22], [10, 14, 11, 13], [12, 20, 13, 19], [1, 14, 2, 15], [23, 17, 24, 16]]"
12n_0458_104,"[[23, 17, 24, 16], [18, 12, 19, 11], [20, 9, 21, 10], [3, 22, 4, 23], [5, 1, 6, 24], [7, 2, 8, 3], [17, 4, 18, 5], [15, 7, 16, 6], [8, 21, 9, 22], [10, 14, 11, 13], [12, 20, 13, 19], [1, 14, 2, 15]]"
12n_0458_105,"[[1, 14, 2, 15], [23, 17, 24, 16], [18, 12, 19, 11], [20, 9, 21, 10], [3, 22, 4, 23], [5, 1, 6, 24], [7, 2, 8, 3], [17, 4, 18, 5], [15, 7, 16, 6], [8, 21, 9, 22], [10, 14, 11, 13], [12, 20, 13, 19]]"
12n_0458_106,"[[12, 20, 13, 19], [1, 14, 2, 15], [23, 17, 24, 16], [18, 12, 19, 11], [20, 9, 21, 10], [3, 22, 4, 23], [5, 1, 6, 24], [7, 2, 8, 3], [17, 4, 18, 5], [15, 7, 16, 6], [8, 21, 9, 22], [10, 14, 11, 13]]"
12n_0458_107,"[[10, 14, 11, 13], [12, 20, 13, 19], [1, 14, 2, 15], [23, 17, 24, 16], [18, 12, 19, 11], [20, 9, 21, 10], [3, 22, 4, 23], [5, 1, 6, 24], [7, 2, 8, 3], [17, 4, 18, 5], [15, 7, 16, 6], [8, 21, 9, 22]]"
12n_0458_108,"[[9, 22, 10, 23], [11, 15, 12, 14], [13, 21, 14, 20], [2, 15, 3, 16], [24, 18, 1, 17], [19, 13, 20, 12], [21, 10, 22, 11], [4, 23, 5, 24], [6, 2, 7, 1], [8, 3, 9, 4], [18, 5, 19, 6], [16, 8, 17, 7]]"
12n_0458_109,"[[16, 8, 17, 7], [9, 22, 10, 23], [11, 15, 12, 14], [13, 21, 14, 20], [2, 15, 3, 16], [24, 18, 1, 17], [19, 13, 20, 12], [21, 10, 22, 11], [4, 23, 5, 24], [6, 2, 7, 1], [8, 3, 9, 4], [18, 5, 19, 6]]"
12n_0458_110,"[[18, 5, 19, 6], [16, 8, 17, 7], [9, 22, 10, 23], [11, 15, 12, 14], [13, 21, 14, 20], [2, 15, 3, 16], [24, 18, 1, 17], [19, 13, 20, 12], [21, 10, 22, 11], [4, 23, 5, 24], [6, 2, 7, 1], [8, 3, 9, 4]]"
12n_0458_111,"[[8, 3, 9, 4], [18, 5, 19, 6], [16, 8, 17, 7], [9, 22, 10, 23], [11, 15, 12, 14], [13, 21, 14, 20], [2, 15, 3, 16], [24, 18, 1, 17], [19, 13, 20, 12], [21, 10, 22, 11], [4, 23, 5, 24], [6, 2, 7, 1]]"
12n_0458_112,"[[6, 2, 7, 1], [8, 3, 9, 4], [18, 5, 19, 6], [16, 8, 17, 7], [9, 22, 10, 23], [11, 15, 12, 14], [13, 21, 14, 20], [2, 15, 3, 16], [24, 18, 1, 17], [19, 13, 20, 12], [21, 10, 22, 11], [4, 23, 5, 24]]"
12n_0458_113,"[[4, 23, 5, 24], [6, 2, 7, 1], [8, 3, 9, 4], [18, 5, 19, 6], [16, 8, 17, 7], [9, 22, 10, 23], [11, 15, 12, 14], [13, 21, 14, 20], [2, 15, 3, 16], [24, 18, 1, 17], [19, 13, 20, 12], [21, 10, 22, 11]]"
12n_0458_114,"[[21, 10, 22, 11], [4, 23, 5, 24], [6, 2, 7, 1], [8, 3, 9, 4], [18, 5, 19, 6], [16, 8, 17, 7], [9, 22, 10, 23], [11, 15, 12, 14], [13, 21, 14, 20], [2, 15, 3, 16], [24, 18, 1, 17], [19, 13, 20, 12]]"
12n_0458_115,"[[19, 13, 20, 12], [21, 10, 22, 11], [4, 23, 5, 24], [6, 2, 7, 1], [8, 3, 9, 4], [18, 5, 19, 6], [16, 8, 17, 7], [9, 22, 10, 23], [11, 15, 12, 14], [13, 21, 14, 20], [2, 15, 3, 16], [24, 18, 1, 17]]"
12n_0458_116,"[[24, 18, 1, 17], [19, 13, 20, 12], [21, 10, 22, 11], [4, 23, 5, 24], [6, 2, 7, 1], [8, 3, 9, 4], [18, 5, 19, 6], [16, 8, 17, 7], [9, 22, 10, 23], [11, 15, 12, 14], [13, 21, 14, 20], [2, 15, 3, 16]]"
12n_0458_117,"[[2, 15, 3, 16], [24, 18, 1, 17], [19, 13, 20, 12], [21, 10, 22, 11], [4, 23, 5, 24], [6, 2, 7, 1], [8, 3, 9, 4], [18, 5, 19, 6], [16, 8, 17, 7], [9, 22, 10, 23], [11, 15, 12, 14], [13, 21, 14, 20]]"
12n_0458_118,"[[13, 21, 14, 20], [2, 15, 3, 16], [24, 18, 1, 17], [19, 13, 20, 12], [21, 10, 22, 11], [4, 23, 5, 24], [6, 2, 7, 1], [8, 3, 9, 4], [18, 5, 19, 6], [16, 8, 17, 7], [9, 22, 10, 23], [11, 15, 12, 14]]"
12n_0458_119,"[[11, 15, 12, 14], [13, 21, 14, 20], [2, 15, 3, 16], [24, 18, 1, 17], [19, 13, 20, 12], [21, 10, 22, 11], [4, 23, 5, 24], [6, 2, 7, 1], [8, 3, 9, 4], [18, 5, 19, 6], [16, 8, 17, 7], [9, 22, 10, 23]]"
12n_0458_120,"[[10, 23, 11, 24], [12, 16, 13, 15], [14, 22, 15, 21], [3, 16, 4, 17], [1, 19, 2, 18], [20, 14, 21, 13], [22, 11, 23, 12], [5, 24, 6, 1], [7, 3, 8, 2], [9, 4, 10, 5], [19, 6, 20, 7], [17, 9, 18, 8]]"
12n_0458_121,"[[17, 9, 18, 8], [10, 23, 11, 24], [12, 16, 13, 15], [14, 22, 15, 21], [3, 16, 4, 17], [1, 19, 2, 18], [20, 14, 21, 13], [22, 11, 23, 12], [5, 24, 6, 1], [7, 3, 8, 2], [9, 4, 10, 5], [19, 6, 20, 7]]"
12n_0458_122,"[[19, 6, 20, 7], [17, 9, 18, 8], [10, 23, 11, 24], [12, 16, 13, 15], [14, 22, 15, 21], [3, 16, 4, 17], [1, 19, 2, 18], [20, 14, 21, 13], [22, 11, 23, 12], [5, 24, 6, 1], [7, 3, 8, 2], [9, 4, 10, 5]]"
12n_0458_123,"[[9, 4, 10, 5], [19, 6, 20, 7], [17, 9, 18, 8], [10, 23, 11, 24], [12, 16, 13, 15], [14, 22, 15, 21], [3, 16, 4, 17], [1, 19, 2, 18], [20, 14, 21, 13], [22, 11, 23, 12], [5, 24, 6, 1], [7, 3, 8, 2]]"
12n_0458_124,"[[7, 3, 8, 2], [9, 4, 10, 5], [19, 6, 20, 7], [17, 9, 18, 8], [10, 23, 11, 24], [12, 16, 13, 15], [14, 22, 15, 21], [3, 16, 4, 17], [1, 19, 2, 18], [20, 14, 21, 13], [22, 11, 23, 12], [5, 24, 6, 1]]"
12n_0458_125,"[[5, 24, 6, 1], [7, 3, 8, 2], [9, 4, 10, 5], [19, 6, 20, 7], [17, 9, 18, 8], [10, 23, 11, 24], [12, 16, 13, 15], [14, 22, 15, 21], [3, 16, 4, 17], [1, 19, 2, 18], [20, 14, 21, 13], [22, 11, 23, 12]]"
12n_0458_126,"[[22, 11, 23, 12], [5, 24, 6, 1], [7, 3, 8, 2], [9, 4, 10, 5], [19, 6, 20, 7], [17, 9, 18, 8], [10, 23, 11, 24], [12, 16, 13, 15], [14, 22, 15, 21], [3, 16, 4, 17], [1, 19, 2, 18], [20, 14, 21, 13]]"
12n_0458_127,"[[20, 14, 21, 13], [22, 11, 23, 12], [5, 24, 6, 1], [7, 3, 8, 2], [9, 4, 10, 5], [19, 6, 20, 7], [17, 9, 18, 8], [10, 23, 11, 24], [12, 16, 13, 15], [14, 22, 15, 21], [3, 16, 4, 17], [1, 19, 2, 18]]"
12n_0458_128,"[[1, 19, 2, 18], [20, 14, 21, 13], [22, 11, 23, 12], [5, 24, 6, 1], [7, 3, 8, 2], [9, 4, 10, 5], [19, 6, 20, 7], [17, 9, 18, 8], [10, 23, 11, 24], [12, 16, 13, 15], [14, 22, 15, 21], [3, 16, 4, 17]]"
12n_0458_129,"[[3, 16, 4, 17], [1, 19, 2, 18], [20, 14, 21, 13], [22, 11, 23, 12], [5, 24, 6, 1], [7, 3, 8, 2], [9, 4, 10, 5], [19, 6, 20, 7], [17, 9, 18, 8], [10, 23, 11, 24], [12, 16, 13, 15], [14, 22, 15, 21]]"
12n_0458_130,"[[14, 22, 15, 21], [3, 16, 4, 17], [1, 19, 2, 18], [20, 14, 21, 13], [22, 11, 23, 12], [5, 24, 6, 1], [7, 3, 8, 2], [9, 4, 10, 5], [19, 6, 20, 7], [17, 9, 18, 8], [10, 23, 11, 24], [12, 16, 13, 15]]"
12n_0458_131,"[[12, 16, 13, 15], [14, 22, 15, 21], [3, 16, 4, 17], [1, 19, 2, 18], [20, 14, 21, 13], [22, 11, 23, 12], [5, 24, 6, 1], [7, 3, 8, 2], [9, 4, 10, 5], [19, 6, 20, 7], [17, 9, 18, 8], [10, 23, 11, 24]]"
12n_0458_132,"[[11, 24, 12, 1], [13, 17, 14, 16], [15, 23, 16, 22], [4, 17, 5, 18], [2, 20, 3, 19], [21, 15, 22, 14], [23, 12, 24, 13], [6, 1, 7, 2], [8, 4, 9, 3], [10, 5, 11, 6], [20, 7, 21, 8], [18, 10, 19, 9]]"
12n_0458_133,"[[18, 10, 19, 9], [11, 24, 12, 1], [13, 17, 14, 16], [15, 23, 16, 22], [4, 17, 5, 18], [2, 20, 3, 19], [21, 15, 22, 14], [23, 12, 24, 13], [6, 1, 7, 2], [8, 4, 9, 3], [10, 5, 11, 6], [20, 7, 21, 8]]"
12n_0458_134,"[[20, 7, 21, 8], [18, 10, 19, 9], [11, 24, 12, 1], [13, 17, 14, 16], [15, 23, 16, 22], [4, 17, 5, 18], [2, 20, 3, 19], [21, 15, 22, 14], [23, 12, 24, 13], [6, 1, 7, 2], [8, 4, 9, 3], [10, 5, 11, 6]]"
12n_0458_135,"[[10, 5, 11, 6], [20, 7, 21, 8], [18, 10, 19, 9], [11, 24, 12, 1], [13, 17, 14, 16], [15, 23, 16, 22], [4, 17, 5, 18], [2, 20, 3, 19], [21, 15, 22, 14], [23, 12, 24, 13], [6, 1, 7, 2], [8, 4, 9, 3]]"
12n_0458_136,"[[8, 4, 9, 3], [10, 5, 11, 6], [20, 7, 21, 8], [18, 10, 19, 9], [11, 24, 12, 1], [13, 17, 14, 16], [15, 23, 16, 22], [4, 17, 5, 18], [2, 20, 3, 19], [21, 15, 22, 14], [23, 12, 24, 13], [6, 1, 7, 2]]"
12n_0458_137,"[[6, 1, 7, 2], [8, 4, 9, 3], [10, 5, 11, 6], [20, 7, 21, 8], [18, 10, 19, 9], [11, 24, 12, 1], [13, 17, 14, 16], [15, 23, 16, 22], [4, 17, 5, 18], [2, 20, 3, 19], [21, 15, 22, 14], [23, 12, 24, 13]]"
12n_0458_138,"[[23, 12, 24, 13], [6, 1, 7, 2], [8, 4, 9, 3], [10, 5, 11, 6], [20, 7, 21, 8], [18, 10, 19, 9], [11, 24, 12, 1], [13, 17, 14, 16], [15, 23, 16, 22], [4, 17, 5, 18], [2, 20, 3, 19], [21, 15, 22, 14]]"
12n_0458_139,"[[21, 15, 22, 14], [23, 12, 24, 13], [6, 1, 7, 2], [8, 4, 9, 3], [10, 5, 11, 6], [20, 7, 21, 8], [18, 10, 19, 9], [11, 24, 12, 1], [13, 17, 14, 16], [15, 23, 16, 22], [4, 17, 5, 18], [2, 20, 3, 19]]"
12n_0458_140,"[[2, 20, 3, 19], [21, 15, 22, 14], [23, 12, 24, 13], [6, 1, 7, 2], [8, 4, 9, 3], [10, 5, 11, 6], [20, 7, 21, 8], [18, 10, 19, 9], [11, 24, 12, 1], [13, 17, 14, 16], [15, 23, 16, 22], [4, 17, 5, 18]]"
12n_0458_141,"[[4, 17, 5, 18], [2, 20, 3, 19], [21, 15, 22, 14], [23, 12, 24, 13], [6, 1, 7, 2], [8, 4, 9, 3], [10, 5, 11, 6], [20, 7, 21, 8], [18, 10, 19, 9], [11, 24, 12, 1], [13, 17, 14, 16], [15, 23, 16, 22]]"
12n_0458_142,"[[15, 23, 16, 22], [4, 17, 5, 18], [2, 20, 3, 19], [21, 15, 22, 14], [23, 12, 24, 13], [6, 1, 7, 2], [8, 4, 9, 3], [10, 5, 11, 6], [20, 7, 21, 8], [18, 10, 19, 9], [11, 24, 12, 1], [13, 17, 14, 16]]"
12n_0458_143,"[[13, 17, 14, 16], [15, 23, 16, 22], [4, 17, 5, 18], [2, 20, 3, 19], [21, 15, 22, 14], [23, 12, 24, 13], [6, 1, 7, 2], [8, 4, 9, 3], [10, 5, 11, 6], [20, 7, 21, 8], [18, 10, 19, 9], [11, 24, 12, 1]]"
12n_0458_144,"[[12, 1, 13, 2], [14, 18, 15, 17], [16, 24, 17, 23], [5, 18, 6, 19], [3, 21, 4, 20], [22, 16, 23, 15], [24, 13, 1, 14], [7, 2, 8, 3], [9, 5, 10, 4], [11, 6, 12, 7], [21, 8, 22, 9], [19, 11, 20, 10]]"
12n_0458_145,"[[19, 11, 20, 10], [12, 1, 13, 2], [14, 18, 15, 17], [16, 24, 17, 23], [5, 18, 6, 19], [3, 21, 4, 20], [22, 16, 23, 15], [24, 13, 1, 14], [7, 2, 8, 3], [9, 5, 10, 4], [11, 6, 12, 7], [21, 8, 22, 9]]"
12n_0458_146,"[[21, 8, 22, 9], [19, 11, 20, 10], [12, 1, 13, 2], [14, 18, 15, 17], [16, 24, 17, 23], [5, 18, 6, 19], [3, 21, 4, 20], [22, 16, 23, 15], [24, 13, 1, 14], [7, 2, 8, 3], [9, 5, 10, 4], [11, 6, 12, 7]]"
12n_0458_147,"[[11, 6, 12, 7], [21, 8, 22, 9], [19, 11, 20, 10], [12, 1, 13, 2], [14, 18, 15, 17], [16, 24, 17, 23], [5, 18, 6, 19], [3, 21, 4, 20], [22, 16, 23, 15], [24, 13, 1, 14], [7, 2, 8, 3], [9, 5, 10, 4]]"
12n_0458_148,"[[9, 5, 10, 4], [11, 6, 12, 7], [21, 8, 22, 9], [19, 11, 20, 10], [12, 1, 13, 2], [14, 18, 15, 17], [16, 24, 17, 23], [5, 18, 6, 19], [3, 21, 4, 20], [22, 16, 23, 15], [24, 13, 1, 14], [7, 2, 8, 3]]"
12n_0458_149,"[[7, 2, 8, 3], [9, 5, 10, 4], [11, 6, 12, 7], [21, 8, 22, 9], [19, 11, 20, 10], [12, 1, 13, 2], [14, 18, 15, 17], [16, 24, 17, 23], [5, 18, 6, 19], [3, 21, 4, 20], [22, 16, 23, 15], [24, 13, 1, 14]]"
12n_0458_150,"[[24, 13, 1, 14], [7, 2, 8, 3], [9, 5, 10, 4], [11, 6, 12, 7], [21, 8, 22, 9], [19, 11, 20, 10], [12, 1, 13, 2], [14, 18, 15, 17], [16, 24, 17, 23], [5, 18, 6, 19], [3, 21, 4, 20], [22, 16, 23, 15]]"
12n_0458_151,"[[22, 16, 23, 15], [24, 13, 1, 14], [7, 2, 8, 3], [9, 5, 10, 4], [11, 6, 12, 7], [21, 8, 22, 9], [19, 11, 20, 10], [12, 1, 13, 2], [14, 18, 15, 17], [16, 24, 17, 23], [5, 18, 6, 19], [3, 21, 4, 20]]"
12n_0458_152,"[[3, 21, 4, 20], [22, 16, 23, 15], [24, 13, 1, 14], [7, 2, 8, 3], [9, 5, 10, 4], [11, 6, 12, 7], [21, 8, 22, 9], [19, 11, 20, 10], [12, 1, 13, 2], [14, 18, 15, 17], [16, 24, 17, 23], [5, 18, 6, 19]]"
12n_0458_153,"[[5, 18, 6, 19], [3, 21, 4, 20], [22, 16, 23, 15], [24, 13, 1, 14], [7, 2, 8, 3], [9, 5, 10, 4], [11, 6, 12, 7], [21, 8, 22, 9], [19, 11, 20, 10], [12, 1, 13, 2], [14, 18, 15, 17], [16, 24, 17, 23]]"
12n_0458_154,"[[16, 24, 17, 23], [5, 18, 6, 19], [3, 21, 4, 20], [22, 16, 23, 15], [24, 13, 1, 14], [7, 2, 8, 3], [9, 5, 10, 4], [11, 6, 12, 7], [21, 8, 22, 9], [19, 11, 20, 10], [12, 1, 13, 2], [14, 18, 15, 17]]"
12n_0458_155,"[[14, 18, 15, 17], [16, 24, 17, 23], [5, 18, 6, 19], [3, 21, 4, 20], [22, 16, 23, 15], [24, 13, 1, 14], [7, 2, 8, 3], [9, 5, 10, 4], [11, 6, 12, 7], [21, 8, 22, 9], [19, 11, 20, 10], [12, 1, 13, 2]]"
12n_0458_156,"[[13, 2, 14, 3], [15, 19, 16, 18], [17, 1, 18, 24], [6, 19, 7, 20], [4, 22, 5, 21], [23, 17, 24, 16], [1, 14, 2, 15], [8, 3, 9, 4], [10, 6, 11, 5], [12, 7, 13, 8], [22, 9, 23, 10], [20, 12, 21, 11]]"
12n_0458_157,"[[20, 12, 21, 11], [13, 2, 14, 3], [15, 19, 16, 18], [17, 1, 18, 24], [6, 19, 7, 20], [4, 22, 5, 21], [23, 17, 24, 16], [1, 14, 2, 15], [8, 3, 9, 4], [10, 6, 11, 5], [12, 7, 13, 8], [22, 9, 23, 10]]"
12n_0458_158,"[[22, 9, 23, 10], [20, 12, 21, 11], [13, 2, 14, 3], [15, 19, 16, 18], [17, 1, 18, 24], [6, 19, 7, 20], [4, 22, 5, 21], [23, 17, 24, 16], [1, 14, 2, 15], [8, 3, 9, 4], [10, 6, 11, 5], [12, 7, 13, 8]]"
12n_0458_159,"[[12, 7, 13, 8], [22, 9, 23, 10], [20, 12, 21, 11], [13, 2, 14, 3], [15, 19, 16, 18], [17, 1, 18, 24], [6, 19, 7, 20], [4, 22, 5, 21], [23, 17, 24, 16], [1, 14, 2, 15], [8, 3, 9, 4], [10, 6, 11, 5]]"
12n_0458_160,"[[10, 6, 11, 5], [12, 7, 13, 8], [22, 9, 23, 10], [20, 12, 21, 11], [13, 2, 14, 3], [15, 19, 16, 18], [17, 1, 18, 24], [6, 19, 7, 20], [4, 22, 5, 21], [23, 17, 24, 16], [1, 14, 2, 15], [8, 3, 9, 4]]"
12n_0458_161,"[[8, 3, 9, 4], [10, 6, 11, 5], [12, 7, 13, 8], [22, 9, 23, 10], [20, 12, 21, 11], [13, 2, 14, 3], [15, 19, 16, 18], [17, 1, 18, 24], [6, 19, 7, 20], [4, 22, 5, 21], [23, 17, 24, 16], [1, 14, 2, 15]]"
12n_0458_162,"[[1, 14, 2, 15], [8, 3, 9, 4], [10, 6, 11, 5], [12, 7, 13, 8], [22, 9, 23, 10], [20, 12, 21, 11], [13, 2, 14, 3], [15, 19, 16, 18], [17, 1, 18, 24], [6, 19, 7, 20], [4, 22, 5, 21], [23, 17, 24, 16]]"
12n_0458_163,"[[23, 17, 24, 16], [1, 14, 2, 15], [8, 3, 9, 4], [10, 6, 11, 5], [12, 7, 13, 8], [22, 9, 23, 10], [20, 12, 21, 11], [13, 2, 14, 3], [15, 19, 16, 18], [17, 1, 18, 24], [6, 19, 7, 20], [4, 22, 5, 21]]"
12n_0458_164,"[[4, 22, 5, 21], [23, 17, 24, 16], [1, 14, 2, 15], [8, 3, 9, 4], [10, 6, 11, 5], [12, 7, 13, 8], [22, 9, 23, 10], [20, 12, 21, 11], [13, 2, 14, 3], [15, 19, 16, 18], [17, 1, 18, 24], [6, 19, 7, 20]]"
12n_0458_165,"[[6, 19, 7, 20], [4, 22, 5, 21], [23, 17, 24, 16], [1, 14, 2, 15], [8, 3, 9, 4], [10, 6, 11, 5], [12, 7, 13, 8], [22, 9, 23, 10], [20, 12, 21, 11], [13, 2, 14, 3], [15, 19, 16, 18], [17, 1, 18, 24]]"
12n_0458_166,"[[17, 1, 18, 24], [6, 19, 7, 20], [4, 22, 5, 21], [23, 17, 24, 16], [1, 14, 2, 15], [8, 3, 9, 4], [10, 6, 11, 5], [12, 7, 13, 8], [22, 9, 23, 10], [20, 12, 21, 11], [13, 2, 14, 3], [15, 19, 16, 18]]"
12n_0458_167,"[[15, 19, 16, 18], [17, 1, 18, 24], [6, 19, 7, 20], [4, 22, 5, 21], [23, 17, 24, 16], [1, 14, 2, 15], [8, 3, 9, 4], [10, 6, 11, 5], [12, 7, 13, 8], [22, 9, 23, 10], [20, 12, 21, 11], [13, 2, 14, 3]]"
12n_0458_168,"[[14, 3, 15, 4], [16, 20, 17, 19], [18, 2, 19, 1], [7, 20, 8, 21], [5, 23, 6, 22], [24, 18, 1, 17], [2, 15, 3, 16], [9, 4, 10, 5], [11, 7, 12, 6], [13, 8, 14, 9], [23, 10, 24, 11], [21, 13, 22, 12]]"
12n_0458_169,"[[21, 13, 22, 12], [14, 3, 15, 4], [16, 20, 17, 19], [18, 2, 19, 1], [7, 20, 8, 21], [5, 23, 6, 22], [24, 18, 1, 17], [2, 15, 3, 16], [9, 4, 10, 5], [11, 7, 12, 6], [13, 8, 14, 9], [23, 10, 24, 11]]"
12n_0458_170,"[[23, 10, 24, 11], [21, 13, 22, 12], [14, 3, 15, 4], [16, 20, 17, 19], [18, 2, 19, 1], [7, 20, 8, 21], [5, 23, 6, 22], [24, 18, 1, 17], [2, 15, 3, 16], [9, 4, 10, 5], [11, 7, 12, 6], [13, 8, 14, 9]]"
12n_0458_171,"[[13, 8, 14, 9], [23, 10, 24, 11], [21, 13, 22, 12], [14, 3, 15, 4], [16, 20, 17, 19], [18, 2, 19, 1], [7, 20, 8, 21], [5, 23, 6, 22], [24, 18, 1, 17], [2, 15, 3, 16], [9, 4, 10, 5], [11, 7, 12, 6]]"
12n_0458_172,"[[11, 7, 12, 6], [13, 8, 14, 9], [23, 10, 24, 11], [21, 13, 22, 12], [14, 3, 15, 4], [16, 20, 17, 19], [18, 2, 19, 1], [7, 20, 8, 21], [5, 23, 6, 22], [24, 18, 1, 17], [2, 15, 3, 16], [9, 4, 10, 5]]"
12n_0458_173,"[[9, 4, 10, 5], [11, 7, 12, 6], [13, 8, 14, 9], [23, 10, 24, 11], [21, 13, 22, 12], [14, 3, 15, 4], [16, 20, 17, 19], [18, 2, 19, 1], [7, 20, 8, 21], [5, 23, 6, 22], [24, 18, 1, 17], [2, 15, 3, 16]]"
12n_0458_174,"[[2, 15, 3, 16], [9, 4, 10, 5], [11, 7, 12, 6], [13, 8, 14, 9], [23, 10, 24, 11], [21, 13, 22, 12], [14, 3, 15, 4], [16, 20, 17, 19], [18, 2, 19, 1], [7, 20, 8, 21], [5, 23, 6, 22], [24, 18, 1, 17]]"
12n_0458_175,"[[24, 18, 1, 17], [2, 15, 3, 16], [9, 4, 10, 5], [11, 7, 12, 6], [13, 8, 14, 9], [23, 10, 24, 11], [21, 13, 22, 12], [14, 3, 15, 4], [16, 20, 17, 19], [18, 2, 19, 1], [7, 20, 8, 21], [5, 23, 6, 22]]"
12n_0458_176,"[[5, 23, 6, 22], [24, 18, 1, 17], [2, 15, 3, 16], [9, 4, 10, 5], [11, 7, 12, 6], [13, 8, 14, 9], [23, 10, 24, 11], [21, 13, 22, 12], [14, 3, 15, 4], [16, 20, 17, 19], [18, 2, 19, 1], [7, 20, 8, 21]]"
12n_0458_177,"[[7, 20, 8, 21], [5, 23, 6, 22], [24, 18, 1, 17], [2, 15, 3, 16], [9, 4, 10, 5], [11, 7, 12, 6], [13, 8, 14, 9], [23, 10, 24, 11], [21, 13, 22, 12], [14, 3, 15, 4], [16, 20, 17, 19], [18, 2, 19, 1]]"
12n_0458_178,"[[18, 2, 19, 1], [7, 20, 8, 21], [5, 23, 6, 22], [24, 18, 1, 17], [2, 15, 3, 16], [9, 4, 10, 5], [11, 7, 12, 6], [13, 8, 14, 9], [23, 10, 24, 11], [21, 13, 22, 12], [14, 3, 15, 4], [16, 20, 17, 19]]"
12n_0458_179,"[[16, 20, 17, 19], [18, 2, 19, 1], [7, 20, 8, 21], [5, 23, 6, 22], [24, 18, 1, 17], [2, 15, 3, 16], [9, 4, 10, 5], [11, 7, 12, 6], [13, 8, 14, 9], [23, 10, 24, 11], [21, 13, 22, 12], [14, 3, 15, 4]]"
12n_0458_180,"[[15, 4, 16, 5], [17, 21, 18, 20], [19, 3, 20, 2], [8, 21, 9, 22], [6, 24, 7, 23], [1, 19, 2, 18], [3, 16, 4, 17], [10, 5, 11, 6], [12, 8, 13, 7], [14, 9, 15, 10], [24, 11, 1, 12], [22, 14, 23, 13]]"
12n_0458_181,"[[22, 14, 23, 13], [15, 4, 16, 5], [17, 21, 18, 20], [19, 3, 20, 2], [8, 21, 9, 22], [6, 24, 7, 23], [1, 19, 2, 18], [3, 16, 4, 17], [10, 5, 11, 6], [12, 8, 13, 7], [14, 9, 15, 10], [24, 11, 1, 12]]"
12n_0458_182,"[[24, 11, 1, 12], [22, 14, 23, 13], [15, 4, 16, 5], [17, 21, 18, 20], [19, 3, 20, 2], [8, 21, 9, 22], [6, 24, 7, 23], [1, 19, 2, 18], [3, 16, 4, 17], [10, 5, 11, 6], [12, 8, 13, 7], [14, 9, 15, 10]]"
12n_0458_183,"[[14, 9, 15, 10], [24, 11, 1, 12], [22, 14, 23, 13], [15, 4, 16, 5], [17, 21, 18, 20], [19, 3, 20, 2], [8, 21, 9, 22], [6, 24, 7, 23], [1, 19, 2, 18], [3, 16, 4, 17], [10, 5, 11, 6], [12, 8, 13, 7]]"
12n_0458_184,"[[12, 8, 13, 7], [14, 9, 15, 10], [24, 11, 1, 12], [22, 14, 23, 13], [15, 4, 16, 5], [17, 21, 18, 20], [19, 3, 20, 2], [8, 21, 9, 22], [6, 24, 7, 23], [1, 19, 2, 18], [3, 16, 4, 17], [10, 5, 11, 6]]"
12n_0458_185,"[[10, 5, 11, 6], [12, 8, 13, 7], [14, 9, 15, 10], [24, 11, 1, 12], [22, 14, 23, 13], [15, 4, 16, 5], [17, 21, 18, 20], [19, 3, 20, 2], [8, 21, 9, 22], [6, 24, 7, 23], [1, 19, 2, 18], [3, 16, 4, 17]]"
