name,pd_notation
12n_0475_0,"[[24, 15, 1, 16], [2, 6, 3, 5], [4, 12, 5, 11], [17, 7, 18, 6], [19, 9, 20, 8], [10, 4, 11, 3], [12, 21, 13, 22], [14, 23, 15, 24], [16, 1, 17, 2], [9, 19, 10, 18], [7, 21, 8, 20], [22, 13, 23, 14]]"
12n_0475_1,"[[22, 13, 23, 14], [24, 15, 1, 16], [2, 6, 3, 5], [4, 12, 5, 11], [17, 7, 18, 6], [19, 9, 20, 8], [10, 4, 11, 3], [12, 21, 13, 22], [14, 23, 15, 24], [16, 1, 17, 2], [9, 19, 10, 18], [7, 21, 8, 20]]"
12n_0475_2,"[[7, 21, 8, 20], [22, 13, 23, 14], [24, 15, 1, 16], [2, 6, 3, 5], [4, 12, 5, 11], [17, 7, 18, 6], [19, 9, 20, 8], [10, 4, 11, 3], [12, 21, 13, 22], [14, 23, 15, 24], [16, 1, 17, 2], [9, 19, 10, 18]]"
12n_0475_3,"[[9, 19, 10, 18], [7, 21, 8, 20], [22, 13, 23, 14], [24, 15, 1, 16], [2, 6, 3, 5], [4, 12, 5, 11], [17, 7, 18, 6], [19, 9, 20, 8], [10, 4, 11, 3], [12, 21, 13, 22], [14, 23, 15, 24], [16, 1, 17, 2]]"
12n_0475_4,"[[16, 1, 17, 2], [9, 19, 10, 18], [7, 21, 8, 20], [22, 13, 23, 14], [24, 15, 1, 16], [2, 6, 3, 5], [4, 12, 5, 11], [17, 7, 18, 6], [19, 9, 20, 8], [10, 4, 11, 3], [12, 21, 13, 22], [14, 23, 15, 24]]"
12n_0475_5,"[[14, 23, 15, 24], [16, 1, 17, 2], [9, 19, 10, 18], [7, 21, 8, 20], [22, 13, 23, 14], [24, 15, 1, 16], [2, 6, 3, 5], [4, 12, 5, 11], [17, 7, 18, 6], [19, 9, 20, 8], [10, 4, 11, 3], [12, 21, 13, 22]]"
12n_0475_6,"[[12, 21, 13, 22], [14, 23, 15, 24], [16, 1, 17, 2], [9, 19, 10, 18], [7, 21, 8, 20], [22, 13, 23, 14], [24, 15, 1, 16], [2, 6, 3, 5], [4, 12, 5, 11], [17, 7, 18, 6], [19, 9, 20, 8], [10, 4, 11, 3]]"
12n_0475_7,"[[10, 4, 11, 3], [12, 21, 13, 22], [14, 23, 15, 24], [16, 1, 17, 2], [9, 19, 10, 18], [7, 21, 8, 20], [22, 13, 23, 14], [24, 15, 1, 16], [2, 6, 3, 5], [4, 12, 5, 11], [17, 7, 18, 6], [19, 9, 20, 8]]"
12n_0475_8,"[[19, 9, 20, 8], [10, 4, 11, 3], [12, 21, 13, 22], [14, 23, 15, 24], [16, 1, 17, 2], [9, 19, 10, 18], [7, 21, 8, 20], [22, 13, 23, 14], [24, 15, 1, 16], [2, 6, 3, 5], [4, 12, 5, 11], [17, 7, 18, 6]]"
12n_0475_9,"[[17, 7, 18, 6], [19, 9, 20, 8], [10, 4, 11, 3], [12, 21, 13, 22], [14, 23, 15, 24], [16, 1, 17, 2], [9, 19, 10, 18], [7, 21, 8, 20], [22, 13, 23, 14], [24, 15, 1, 16], [2, 6, 3, 5], [4, 12, 5, 11]]"
12n_0475_10,"[[4, 12, 5, 11], [17, 7, 18, 6], [19, 9, 20, 8], [10, 4, 11, 3], [12, 21, 13, 22], [14, 23, 15, 24], [16, 1, 17, 2], [9, 19, 10, 18], [7, 21, 8, 20], [22, 13, 23, 14], [24, 15, 1, 16], [2, 6, 3, 5]]"
12n_0475_11,"[[2, 6, 3, 5], [4, 12, 5, 11], [17, 7, 18, 6], [19, 9, 20, 8], [10, 4, 11, 3], [12, 21, 13, 22], [14, 23, 15, 24], [16, 1, 17, 2], [9, 19, 10, 18], [7, 21, 8, 20], [22, 13, 23, 14], [24, 15, 1, 16]]"
12n_0475_12,"[[1, 16, 2, 17], [3, 7, 4, 6], [5, 13, 6, 12], [18, 8, 19, 7], [20, 10, 21, 9], [11, 5, 12, 4], [13, 22, 14, 23], [15, 24, 16, 1], [17, 2, 18, 3], [10, 20, 11, 19], [8, 22, 9, 21], [23, 14, 24, 15]]"
12n_0475_13,"[[23, 14, 24, 15], [1, 16, 2, 17], [3, 7, 4, 6], [5, 13, 6, 12], [18, 8, 19, 7], [20, 10, 21, 9], [11, 5, 12, 4], [13, 22, 14, 23], [15, 24, 16, 1], [17, 2, 18, 3], [10, 20, 11, 19], [8, 22, 9, 21]]"
12n_0475_14,"[[8, 22, 9, 21], [23, 14, 24, 15], [1, 16, 2, 17], [3, 7, 4, 6], [5, 13, 6, 12], [18, 8, 19, 7], [20, 10, 21, 9], [11, 5, 12, 4], [13, 22, 14, 23], [15, 24, 16, 1], [17, 2, 18, 3], [10, 20, 11, 19]]"
12n_0475_15,"[[10, 20, 11, 19], [8, 22, 9, 21], [23, 14, 24, 15], [1, 16, 2, 17], [3, 7, 4, 6], [5, 13, 6, 12], [18, 8, 19, 7], [20, 10, 21, 9], [11, 5, 12, 4], [13, 22, 14, 23], [15, 24, 16, 1], [17, 2, 18, 3]]"
12n_0475_16,"[[17, 2, 18, 3], [10, 20, 11, 19], [8, 22, 9, 21], [23, 14, 24, 15], [1, 16, 2, 17], [3, 7, 4, 6], [5, 13, 6, 12], [18, 8, 19, 7], [20, 10, 21, 9], [11, 5, 12, 4], [13, 22, 14, 23], [15, 24, 16, 1]]"
12n_0475_17,"[[15, 24, 16, 1], [17, 2, 18, 3], [10, 20, 11, 19], [8, 22, 9, 21], [23, 14, 24, 15], [1, 16, 2, 17], [3, 7, 4, 6], [5, 13, 6, 12], [18, 8, 19, 7], [20, 10, 21, 9], [11, 5, 12, 4], [13, 22, 14, 23]]"
12n_0475_18,"[[13, 22, 14, 23], [15, 24, 16, 1], [17, 2, 18, 3], [10, 20, 11, 19], [8, 22, 9, 21], [23, 14, 24, 15], [1, 16, 2, 17], [3, 7, 4, 6], [5, 13, 6, 12], [18, 8, 19, 7], [20, 10, 21, 9], [11, 5, 12, 4]]"
12n_0475_19,"[[11, 5, 12, 4], [13, 22, 14, 23], [15, 24, 16, 1], [17, 2, 18, 3], [10, 20, 11, 19], [8, 22, 9, 21], [23, 14, 24, 15], [1, 16, 2, 17], [3, 7, 4, 6], [5, 13, 6, 12], [18, 8, 19, 7], [20, 10, 21, 9]]"
12n_0475_20,"[[20, 10, 21, 9], [11, 5, 12, 4], [13, 22, 14, 23], [15, 24, 16, 1], [17, 2, 18, 3], [10, 20, 11, 19], [8, 22, 9, 21], [23, 14, 24, 15], [1, 16, 2, 17], [3, 7, 4, 6], [5, 13, 6, 12], [18, 8, 19, 7]]"
12n_0475_21,"[[18, 8, 19, 7], [20, 10, 21, 9], [11, 5, 12, 4], [13, 22, 14, 23], [15, 24, 16, 1], [17, 2, 18, 3], [10, 20, 11, 19], [8, 22, 9, 21], [23, 14, 24, 15], [1, 16, 2, 17], [3, 7, 4, 6], [5, 13, 6, 12]]"
12n_0475_22,"[[5, 13, 6, 12], [18, 8, 19, 7], [20, 10, 21, 9], [11, 5, 12, 4], [13, 22, 14, 23], [15, 24, 16, 1], [17, 2, 18, 3], [10, 20, 11, 19], [8, 22, 9, 21], [23, 14, 24, 15], [1, 16, 2, 17], [3, 7, 4, 6]]"
12n_0475_23,"[[3, 7, 4, 6], [5, 13, 6, 12], [18, 8, 19, 7], [20, 10, 21, 9], [11, 5, 12, 4], [13, 22, 14, 23], [15, 24, 16, 1], [17, 2, 18, 3], [10, 20, 11, 19], [8, 22, 9, 21], [23, 14, 24, 15], [1, 16, 2, 17]]"
12n_0475_24,"[[2, 17, 3, 18], [4, 8, 5, 7], [6, 14, 7, 13], [19, 9, 20, 8], [21, 11, 22, 10], [12, 6, 13, 5], [14, 23, 15, 24], [16, 1, 17, 2], [18, 3, 19, 4], [11, 21, 12, 20], [9, 23, 10, 22], [24, 15, 1, 16]]"
12n_0475_25,"[[24, 15, 1, 16], [2, 17, 3, 18], [4, 8, 5, 7], [6, 14, 7, 13], [19, 9, 20, 8], [21, 11, 22, 10], [12, 6, 13, 5], [14, 23, 15, 24], [16, 1, 17, 2], [18, 3, 19, 4], [11, 21, 12, 20], [9, 23, 10, 22]]"
12n_0475_26,"[[9, 23, 10, 22], [24, 15, 1, 16], [2, 17, 3, 18], [4, 8, 5, 7], [6, 14, 7, 13], [19, 9, 20, 8], [21, 11, 22, 10], [12, 6, 13, 5], [14, 23, 15, 24], [16, 1, 17, 2], [18, 3, 19, 4], [11, 21, 12, 20]]"
12n_0475_27,"[[11, 21, 12, 20], [9, 23, 10, 22], [24, 15, 1, 16], [2, 17, 3, 18], [4, 8, 5, 7], [6, 14, 7, 13], [19, 9, 20, 8], [21, 11, 22, 10], [12, 6, 13, 5], [14, 23, 15, 24], [16, 1, 17, 2], [18, 3, 19, 4]]"
12n_0475_28,"[[18, 3, 19, 4], [11, 21, 12, 20], [9, 23, 10, 22], [24, 15, 1, 16], [2, 17, 3, 18], [4, 8, 5, 7], [6, 14, 7, 13], [19, 9, 20, 8], [21, 11, 22, 10], [12, 6, 13, 5], [14, 23, 15, 24], [16, 1, 17, 2]]"
12n_0475_29,"[[16, 1, 17, 2], [18, 3, 19, 4], [11, 21, 12, 20], [9, 23, 10, 22], [24, 15, 1, 16], [2, 17, 3, 18], [4, 8, 5, 7], [6, 14, 7, 13], [19, 9, 20, 8], [21, 11, 22, 10], [12, 6, 13, 5], [14, 23, 15, 24]]"
12n_0475_30,"[[14, 23, 15, 24], [16, 1, 17, 2], [18, 3, 19, 4], [11, 21, 12, 20], [9, 23, 10, 22], [24, 15, 1, 16], [2, 17, 3, 18], [4, 8, 5, 7], [6, 14, 7, 13], [19, 9, 20, 8], [21, 11, 22, 10], [12, 6, 13, 5]]"
12n_0475_31,"[[12, 6, 13, 5], [14, 23, 15, 24], [16, 1, 17, 2], [18, 3, 19, 4], [11, 21, 12, 20], [9, 23, 10, 22], [24, 15, 1, 16], [2, 17, 3, 18], [4, 8, 5, 7], [6, 14, 7, 13], [19, 9, 20, 8], [21, 11, 22, 10]]"
12n_0475_32,"[[21, 11, 22, 10], [12, 6, 13, 5], [14, 23, 15, 24], [16, 1, 17, 2], [18, 3, 19, 4], [11, 21, 12, 20], [9, 23, 10, 22], [24, 15, 1, 16], [2, 17, 3, 18], [4, 8, 5, 7], [6, 14, 7, 13], [19, 9, 20, 8]]"
12n_0475_33,"[[19, 9, 20, 8], [21, 11, 22, 10], [12, 6, 13, 5], [14, 23, 15, 24], [16, 1, 17, 2], [18, 3, 19, 4], [11, 21, 12, 20], [9, 23, 10, 22], [24, 15, 1, 16], [2, 17, 3, 18], [4, 8, 5, 7], [6, 14, 7, 13]]"
12n_0475_34,"[[6, 14, 7, 13], [19, 9, 20, 8], [21, 11, 22, 10], [12, 6, 13, 5], [14, 23, 15, 24], [16, 1, 17, 2], [18, 3, 19, 4], [11, 21, 12, 20], [9, 23, 10, 22], [24, 15, 1, 16], [2, 17, 3, 18], [4, 8, 5, 7]]"
12n_0475_35,"[[4, 8, 5, 7], [6, 14, 7, 13], [19, 9, 20, 8], [21, 11, 22, 10], [12, 6, 13, 5], [14, 23, 15, 24], [16, 1, 17, 2], [18, 3, 19, 4], [11, 21, 12, 20], [9, 23, 10, 22], [24, 15, 1, 16], [2, 17, 3, 18]]"
12n_0475_36,"[[3, 18, 4, 19], [5, 9, 6, 8], [7, 15, 8, 14], [20, 10, 21, 9], [22, 12, 23, 11], [13, 7, 14, 6], [15, 24, 16, 1], [17, 2, 18, 3], [19, 4, 20, 5], [12, 22, 13, 21], [10, 24, 11, 23], [1, 16, 2, 17]]"
12n_0475_37,"[[1, 16, 2, 17], [3, 18, 4, 19], [5, 9, 6, 8], [7, 15, 8, 14], [20, 10, 21, 9], [22, 12, 23, 11], [13, 7, 14, 6], [15, 24, 16, 1], [17, 2, 18, 3], [19, 4, 20, 5], [12, 22, 13, 21], [10, 24, 11, 23]]"
12n_0475_38,"[[10, 24, 11, 23], [1, 16, 2, 17], [3, 18, 4, 19], [5, 9, 6, 8], [7, 15, 8, 14], [20, 10, 21, 9], [22, 12, 23, 11], [13, 7, 14, 6], [15, 24, 16, 1], [17, 2, 18, 3], [19, 4, 20, 5], [12, 22, 13, 21]]"
12n_0475_39,"[[12, 22, 13, 21], [10, 24, 11, 23], [1, 16, 2, 17], [3, 18, 4, 19], [5, 9, 6, 8], [7, 15, 8, 14], [20, 10, 21, 9], [22, 12, 23, 11], [13, 7, 14, 6], [15, 24, 16, 1], [17, 2, 18, 3], [19, 4, 20, 5]]"
12n_0475_40,"[[19, 4, 20, 5], [12, 22, 13, 21], [10, 24, 11, 23], [1, 16, 2, 17], [3, 18, 4, 19], [5, 9, 6, 8], [7, 15, 8, 14], [20, 10, 21, 9], [22, 12, 23, 11], [13, 7, 14, 6], [15, 24, 16, 1], [17, 2, 18, 3]]"
12n_0475_41,"[[17, 2, 18, 3], [19, 4, 20, 5], [12, 22, 13, 21], [10, 24, 11, 23], [1, 16, 2, 17], [3, 18, 4, 19], [5, 9, 6, 8], [7, 15, 8, 14], [20, 10, 21, 9], [22, 12, 23, 11], [13, 7, 14, 6], [15, 24, 16, 1]]"
12n_0475_42,"[[15, 24, 16, 1], [17, 2, 18, 3], [19, 4, 20, 5], [12, 22, 13, 21], [10, 24, 11, 23], [1, 16, 2, 17], [3, 18, 4, 19], [5, 9, 6, 8], [7, 15, 8, 14], [20, 10, 21, 9], [22, 12, 23, 11], [13, 7, 14, 6]]"
12n_0475_43,"[[13, 7, 14, 6], [15, 24, 16, 1], [17, 2, 18, 3], [19, 4, 20, 5], [12, 22, 13, 21], [10, 24, 11, 23], [1, 16, 2, 17], [3, 18, 4, 19], [5, 9, 6, 8], [7, 15, 8, 14], [20, 10, 21, 9], [22, 12, 23, 11]]"
12n_0475_44,"[[22, 12, 23, 11], [13, 7, 14, 6], [15, 24, 16, 1], [17, 2, 18, 3], [19, 4, 20, 5], [12, 22, 13, 21], [10, 24, 11, 23], [1, 16, 2, 17], [3, 18, 4, 19], [5, 9, 6, 8], [7, 15, 8, 14], [20, 10, 21, 9]]"
12n_0475_45,"[[20, 10, 21, 9], [22, 12, 23, 11], [13, 7, 14, 6], [15, 24, 16, 1], [17, 2, 18, 3], [19, 4, 20, 5], [12, 22, 13, 21], [10, 24, 11, 23], [1, 16, 2, 17], [3, 18, 4, 19], [5, 9, 6, 8], [7, 15, 8, 14]]"
12n_0475_46,"[[7, 15, 8, 14], [20, 10, 21, 9], [22, 12, 23, 11], [13, 7, 14, 6], [15, 24, 16, 1], [17, 2, 18, 3], [19, 4, 20, 5], [12, 22, 13, 21], [10, 24, 11, 23], [1, 16, 2, 17], [3, 18, 4, 19], [5, 9, 6, 8]]"
12n_0475_47,"[[5, 9, 6, 8], [7, 15, 8, 14], [20, 10, 21, 9], [22, 12, 23, 11], [13, 7, 14, 6], [15, 24, 16, 1], [17, 2, 18, 3], [19, 4, 20, 5], [12, 22, 13, 21], [10, 24, 11, 23], [1, 16, 2, 17], [3, 18, 4, 19]]"
12n_0475_48,"[[4, 19, 5, 20], [6, 10, 7, 9], [8, 16, 9, 15], [21, 11, 22, 10], [23, 13, 24, 12], [14, 8, 15, 7], [16, 1, 17, 2], [18, 3, 19, 4], [20, 5, 21, 6], [13, 23, 14, 22], [11, 1, 12, 24], [2, 17, 3, 18]]"
12n_0475_49,"[[2, 17, 3, 18], [4, 19, 5, 20], [6, 10, 7, 9], [8, 16, 9, 15], [21, 11, 22, 10], [23, 13, 24, 12], [14, 8, 15, 7], [16, 1, 17, 2], [18, 3, 19, 4], [20, 5, 21, 6], [13, 23, 14, 22], [11, 1, 12, 24]]"
12n_0475_50,"[[11, 1, 12, 24], [2, 17, 3, 18], [4, 19, 5, 20], [6, 10, 7, 9], [8, 16, 9, 15], [21, 11, 22, 10], [23, 13, 24, 12], [14, 8, 15, 7], [16, 1, 17, 2], [18, 3, 19, 4], [20, 5, 21, 6], [13, 23, 14, 22]]"
12n_0475_51,"[[13, 23, 14, 22], [11, 1, 12, 24], [2, 17, 3, 18], [4, 19, 5, 20], [6, 10, 7, 9], [8, 16, 9, 15], [21, 11, 22, 10], [23, 13, 24, 12], [14, 8, 15, 7], [16, 1, 17, 2], [18, 3, 19, 4], [20, 5, 21, 6]]"
12n_0475_52,"[[20, 5, 21, 6], [13, 23, 14, 22], [11, 1, 12, 24], [2, 17, 3, 18], [4, 19, 5, 20], [6, 10, 7, 9], [8, 16, 9, 15], [21, 11, 22, 10], [23, 13, 24, 12], [14, 8, 15, 7], [16, 1, 17, 2], [18, 3, 19, 4]]"
12n_0475_53,"[[18, 3, 19, 4], [20, 5, 21, 6], [13, 23, 14, 22], [11, 1, 12, 24], [2, 17, 3, 18], [4, 19, 5, 20], [6, 10, 7, 9], [8, 16, 9, 15], [21, 11, 22, 10], [23, 13, 24, 12], [14, 8, 15, 7], [16, 1, 17, 2]]"
12n_0475_54,"[[16, 1, 17, 2], [18, 3, 19, 4], [20, 5, 21, 6], [13, 23, 14, 22], [11, 1, 12, 24], [2, 17, 3, 18], [4, 19, 5, 20], [6, 10, 7, 9], [8, 16, 9, 15], [21, 11, 22, 10], [23, 13, 24, 12], [14, 8, 15, 7]]"
12n_0475_55,"[[14, 8, 15, 7], [16, 1, 17, 2], [18, 3, 19, 4], [20, 5, 21, 6], [13, 23, 14, 22], [11, 1, 12, 24], [2, 17, 3, 18], [4, 19, 5, 20], [6, 10, 7, 9], [8, 16, 9, 15], [21, 11, 22, 10], [23, 13, 24, 12]]"
12n_0475_56,"[[23, 13, 24, 12], [14, 8, 15, 7], [16, 1, 17, 2], [18, 3, 19, 4], [20, 5, 21, 6], [13, 23, 14, 22], [11, 1, 12, 24], [2, 17, 3, 18], [4, 19, 5, 20], [6, 10, 7, 9], [8, 16, 9, 15], [21, 11, 22, 10]]"
12n_0475_57,"[[21, 11, 22, 10], [23, 13, 24, 12], [14, 8, 15, 7], [16, 1, 17, 2], [18, 3, 19, 4], [20, 5, 21, 6], [13, 23, 14, 22], [11, 1, 12, 24], [2, 17, 3, 18], [4, 19, 5, 20], [6, 10, 7, 9], [8, 16, 9, 15]]"
12n_0475_58,"[[8, 16, 9, 15], [21, 11, 22, 10], [23, 13, 24, 12], [14, 8, 15, 7], [16, 1, 17, 2], [18, 3, 19, 4], [20, 5, 21, 6], [13, 23, 14, 22], [11, 1, 12, 24], [2, 17, 3, 18], [4, 19, 5, 20], [6, 10, 7, 9]]"
12n_0475_59,"[[6, 10, 7, 9], [8, 16, 9, 15], [21, 11, 22, 10], [23, 13, 24, 12], [14, 8, 15, 7], [16, 1, 17, 2], [18, 3, 19, 4], [20, 5, 21, 6], [13, 23, 14, 22], [11, 1, 12, 24], [2, 17, 3, 18], [4, 19, 5, 20]]"
12n_0475_60,"[[5, 20, 6, 21], [7, 11, 8, 10], [9, 17, 10, 16], [22, 12, 23, 11], [24, 14, 1, 13], [15, 9, 16, 8], [17, 2, 18, 3], [19, 4, 20, 5], [21, 6, 22, 7], [14, 24, 15, 23], [12, 2, 13, 1], [3, 18, 4, 19]]"
12n_0475_61,"[[3, 18, 4, 19], [5, 20, 6, 21], [7, 11, 8, 10], [9, 17, 10, 16], [22, 12, 23, 11], [24, 14, 1, 13], [15, 9, 16, 8], [17, 2, 18, 3], [19, 4, 20, 5], [21, 6, 22, 7], [14, 24, 15, 23], [12, 2, 13, 1]]"
12n_0475_62,"[[12, 2, 13, 1], [3, 18, 4, 19], [5, 20, 6, 21], [7, 11, 8, 10], [9, 17, 10, 16], [22, 12, 23, 11], [24, 14, 1, 13], [15, 9, 16, 8], [17, 2, 18, 3], [19, 4, 20, 5], [21, 6, 22, 7], [14, 24, 15, 23]]"
12n_0475_63,"[[14, 24, 15, 23], [12, 2, 13, 1], [3, 18, 4, 19], [5, 20, 6, 21], [7, 11, 8, 10], [9, 17, 10, 16], [22, 12, 23, 11], [24, 14, 1, 13], [15, 9, 16, 8], [17, 2, 18, 3], [19, 4, 20, 5], [21, 6, 22, 7]]"
12n_0475_64,"[[21, 6, 22, 7], [14, 24, 15, 23], [12, 2, 13, 1], [3, 18, 4, 19], [5, 20, 6, 21], [7, 11, 8, 10], [9, 17, 10, 16], [22, 12, 23, 11], [24, 14, 1, 13], [15, 9, 16, 8], [17, 2, 18, 3], [19, 4, 20, 5]]"
12n_0475_65,"[[19, 4, 20, 5], [21, 6, 22, 7], [14, 24, 15, 23], [12, 2, 13, 1], [3, 18, 4, 19], [5, 20, 6, 21], [7, 11, 8, 10], [9, 17, 10, 16], [22, 12, 23, 11], [24, 14, 1, 13], [15, 9, 16, 8], [17, 2, 18, 3]]"
12n_0475_66,"[[17, 2, 18, 3], [19, 4, 20, 5], [21, 6, 22, 7], [14, 24, 15, 23], [12, 2, 13, 1], [3, 18, 4, 19], [5, 20, 6, 21], [7, 11, 8, 10], [9, 17, 10, 16], [22, 12, 23, 11], [24, 14, 1, 13], [15, 9, 16, 8]]"
12n_0475_67,"[[15, 9, 16, 8], [17, 2, 18, 3], [19, 4, 20, 5], [21, 6, 22, 7], [14, 24, 15, 23], [12, 2, 13, 1], [3, 18, 4, 19], [5, 20, 6, 21], [7, 11, 8, 10], [9, 17, 10, 16], [22, 12, 23, 11], [24, 14, 1, 13]]"
12n_0475_68,"[[24, 14, 1, 13], [15, 9, 16, 8], [17, 2, 18, 3], [19, 4, 20, 5], [21, 6, 22, 7], [14, 24, 15, 23], [12, 2, 13, 1], [3, 18, 4, 19], [5, 20, 6, 21], [7, 11, 8, 10], [9, 17, 10, 16], [22, 12, 23, 11]]"
12n_0475_69,"[[22, 12, 23, 11], [24, 14, 1, 13], [15, 9, 16, 8], [17, 2, 18, 3], [19, 4, 20, 5], [21, 6, 22, 7], [14, 24, 15, 23], [12, 2, 13, 1], [3, 18, 4, 19], [5, 20, 6, 21], [7, 11, 8, 10], [9, 17, 10, 16]]"
12n_0475_70,"[[9, 17, 10, 16], [22, 12, 23, 11], [24, 14, 1, 13], [15, 9, 16, 8], [17, 2, 18, 3], [19, 4, 20, 5], [21, 6, 22, 7], [14, 24, 15, 23], [12, 2, 13, 1], [3, 18, 4, 19], [5, 20, 6, 21], [7, 11, 8, 10]]"
12n_0475_71,"[[7, 11, 8, 10], [9, 17, 10, 16], [22, 12, 23, 11], [24, 14, 1, 13], [15, 9, 16, 8], [17, 2, 18, 3], [19, 4, 20, 5], [21, 6, 22, 7], [14, 24, 15, 23], [12, 2, 13, 1], [3, 18, 4, 19], [5, 20, 6, 21]]"
12n_0475_72,"[[6, 21, 7, 22], [8, 12, 9, 11], [10, 18, 11, 17], [23, 13, 24, 12], [1, 15, 2, 14], [16, 10, 17, 9], [18, 3, 19, 4], [20, 5, 21, 6], [22, 7, 23, 8], [15, 1, 16, 24], [13, 3, 14, 2], [4, 19, 5, 20]]"
12n_0475_73,"[[4, 19, 5, 20], [6, 21, 7, 22], [8, 12, 9, 11], [10, 18, 11, 17], [23, 13, 24, 12], [1, 15, 2, 14], [16, 10, 17, 9], [18, 3, 19, 4], [20, 5, 21, 6], [22, 7, 23, 8], [15, 1, 16, 24], [13, 3, 14, 2]]"
12n_0475_74,"[[13, 3, 14, 2], [4, 19, 5, 20], [6, 21, 7, 22], [8, 12, 9, 11], [10, 18, 11, 17], [23, 13, 24, 12], [1, 15, 2, 14], [16, 10, 17, 9], [18, 3, 19, 4], [20, 5, 21, 6], [22, 7, 23, 8], [15, 1, 16, 24]]"
12n_0475_75,"[[15, 1, 16, 24], [13, 3, 14, 2], [4, 19, 5, 20], [6, 21, 7, 22], [8, 12, 9, 11], [10, 18, 11, 17], [23, 13, 24, 12], [1, 15, 2, 14], [16, 10, 17, 9], [18, 3, 19, 4], [20, 5, 21, 6], [22, 7, 23, 8]]"
12n_0475_76,"[[22, 7, 23, 8], [15, 1, 16, 24], [13, 3, 14, 2], [4, 19, 5, 20], [6, 21, 7, 22], [8, 12, 9, 11], [10, 18, 11, 17], [23, 13, 24, 12], [1, 15, 2, 14], [16, 10, 17, 9], [18, 3, 19, 4], [20, 5, 21, 6]]"
12n_0475_77,"[[20, 5, 21, 6], [22, 7, 23, 8], [15, 1, 16, 24], [13, 3, 14, 2], [4, 19, 5, 20], [6, 21, 7, 22], [8, 12, 9, 11], [10, 18, 11, 17], [23, 13, 24, 12], [1, 15, 2, 14], [16, 10, 17, 9], [18, 3, 19, 4]]"
12n_0475_78,"[[18, 3, 19, 4], [20, 5, 21, 6], [22, 7, 23, 8], [15, 1, 16, 24], [13, 3, 14, 2], [4, 19, 5, 20], [6, 21, 7, 22], [8, 12, 9, 11], [10, 18, 11, 17], [23, 13, 24, 12], [1, 15, 2, 14], [16, 10, 17, 9]]"
12n_0475_79,"[[16, 10, 17, 9], [18, 3, 19, 4], [20, 5, 21, 6], [22, 7, 23, 8], [15, 1, 16, 24], [13, 3, 14, 2], [4, 19, 5, 20], [6, 21, 7, 22], [8, 12, 9, 11], [10, 18, 11, 17], [23, 13, 24, 12], [1, 15, 2, 14]]"
12n_0475_80,"[[1, 15, 2, 14], [16, 10, 17, 9], [18, 3, 19, 4], [20, 5, 21, 6], [22, 7, 23, 8], [15, 1, 16, 24], [13, 3, 14, 2], [4, 19, 5, 20], [6, 21, 7, 22], [8, 12, 9, 11], [10, 18, 11, 17], [23, 13, 24, 12]]"
12n_0475_81,"[[23, 13, 24, 12], [1, 15, 2, 14], [16, 10, 17, 9], [18, 3, 19, 4], [20, 5, 21, 6], [22, 7, 23, 8], [15, 1, 16, 24], [13, 3, 14, 2], [4, 19, 5, 20], [6, 21, 7, 22], [8, 12, 9, 11], [10, 18, 11, 17]]"
12n_0475_82,"[[10, 18, 11, 17], [23, 13, 24, 12], [1, 15, 2, 14], [16, 10, 17, 9], [18, 3, 19, 4], [20, 5, 21, 6], [22, 7, 23, 8], [15, 1, 16, 24], [13, 3, 14, 2], [4, 19, 5, 20], [6, 21, 7, 22], [8, 12, 9, 11]]"
12n_0475_83,"[[8, 12, 9, 11], [10, 18, 11, 17], [23, 13, 24, 12], [1, 15, 2, 14], [16, 10, 17, 9], [18, 3, 19, 4], [20, 5, 21, 6], [22, 7, 23, 8], [15, 1, 16, 24], [13, 3, 14, 2], [4, 19, 5, 20], [6, 21, 7, 22]]"
12n_0475_84,"[[7, 22, 8, 23], [9, 13, 10, 12], [11, 19, 12, 18], [24, 14, 1, 13], [2, 16, 3, 15], [17, 11, 18, 10], [19, 4, 20, 5], [21, 6, 22, 7], [23, 8, 24, 9], [16, 2, 17, 1], [14, 4, 15, 3], [5, 20, 6, 21]]"
12n_0475_85,"[[5, 20, 6, 21], [7, 22, 8, 23], [9, 13, 10, 12], [11, 19, 12, 18], [24, 14, 1, 13], [2, 16, 3, 15], [17, 11, 18, 10], [19, 4, 20, 5], [21, 6, 22, 7], [23, 8, 24, 9], [16, 2, 17, 1], [14, 4, 15, 3]]"
12n_0475_86,"[[14, 4, 15, 3], [5, 20, 6, 21], [7, 22, 8, 23], [9, 13, 10, 12], [11, 19, 12, 18], [24, 14, 1, 13], [2, 16, 3, 15], [17, 11, 18, 10], [19, 4, 20, 5], [21, 6, 22, 7], [23, 8, 24, 9], [16, 2, 17, 1]]"
12n_0475_87,"[[16, 2, 17, 1], [14, 4, 15, 3], [5, 20, 6, 21], [7, 22, 8, 23], [9, 13, 10, 12], [11, 19, 12, 18], [24, 14, 1, 13], [2, 16, 3, 15], [17, 11, 18, 10], [19, 4, 20, 5], [21, 6, 22, 7], [23, 8, 24, 9]]"
12n_0475_88,"[[23, 8, 24, 9], [16, 2, 17, 1], [14, 4, 15, 3], [5, 20, 6, 21], [7, 22, 8, 23], [9, 13, 10, 12], [11, 19, 12, 18], [24, 14, 1, 13], [2, 16, 3, 15], [17, 11, 18, 10], [19, 4, 20, 5], [21, 6, 22, 7]]"
12n_0475_89,"[[21, 6, 22, 7], [23, 8, 24, 9], [16, 2, 17, 1], [14, 4, 15, 3], [5, 20, 6, 21], [7, 22, 8, 23], [9, 13, 10, 12], [11, 19, 12, 18], [24, 14, 1, 13], [2, 16, 3, 15], [17, 11, 18, 10], [19, 4, 20, 5]]"
12n_0475_90,"[[19, 4, 20, 5], [21, 6, 22, 7], [23, 8, 24, 9], [16, 2, 17, 1], [14, 4, 15, 3], [5, 20, 6, 21], [7, 22, 8, 23], [9, 13, 10, 12], [11, 19, 12, 18], [24, 14, 1, 13], [2, 16, 3, 15], [17, 11, 18, 10]]"
12n_0475_91,"[[17, 11, 18, 10], [19, 4, 20, 5], [21, 6, 22, 7], [23, 8, 24, 9], [16, 2, 17, 1], [14, 4, 15, 3], [5, 20, 6, 21], [7, 22, 8, 23], [9, 13, 10, 12], [11, 19, 12, 18], [24, 14, 1, 13], [2, 16, 3, 15]]"
12n_0475_92,"[[2, 16, 3, 15], [17, 11, 18, 10], [19, 4, 20, 5], [21, 6, 22, 7], [23, 8, 24, 9], [16, 2, 17, 1], [14, 4, 15, 3], [5, 20, 6, 21], [7, 22, 8, 23], [9, 13, 10, 12], [11, 19, 12, 18], [24, 14, 1, 13]]"
12n_0475_93,"[[24, 14, 1, 13], [2, 16, 3, 15], [17, 11, 18, 10], [19, 4, 20, 5], [21, 6, 22, 7], [23, 8, 24, 9], [16, 2, 17, 1], [14, 4, 15, 3], [5, 20, 6, 21], [7, 22, 8, 23], [9, 13, 10, 12], [11, 19, 12, 18]]"
12n_0475_94,"[[11, 19, 12, 18], [24, 14, 1, 13], [2, 16, 3, 15], [17, 11, 18, 10], [19, 4, 20, 5], [21, 6, 22, 7], [23, 8, 24, 9], [16, 2, 17, 1], [14, 4, 15, 3], [5, 20, 6, 21], [7, 22, 8, 23], [9, 13, 10, 12]]"
12n_0475_95,"[[9, 13, 10, 12], [11, 19, 12, 18], [24, 14, 1, 13], [2, 16, 3, 15], [17, 11, 18, 10], [19, 4, 20, 5], [21, 6, 22, 7], [23, 8, 24, 9], [16, 2, 17, 1], [14, 4, 15, 3], [5, 20, 6, 21], [7, 22, 8, 23]]"
12n_0475_96,"[[8, 23, 9, 24], [10, 14, 11, 13], [12, 20, 13, 19], [1, 15, 2, 14], [3, 17, 4, 16], [18, 12, 19, 11], [20, 5, 21, 6], [22, 7, 23, 8], [24, 9, 1, 10], [17, 3, 18, 2], [15, 5, 16, 4], [6, 21, 7, 22]]"
12n_0475_97,"[[6, 21, 7, 22], [8, 23, 9, 24], [10, 14, 11, 13], [12, 20, 13, 19], [1, 15, 2, 14], [3, 17, 4, 16], [18, 12, 19, 11], [20, 5, 21, 6], [22, 7, 23, 8], [24, 9, 1, 10], [17, 3, 18, 2], [15, 5, 16, 4]]"
12n_0475_98,"[[15, 5, 16, 4], [6, 21, 7, 22], [8, 23, 9, 24], [10, 14, 11, 13], [12, 20, 13, 19], [1, 15, 2, 14], [3, 17, 4, 16], [18, 12, 19, 11], [20, 5, 21, 6], [22, 7, 23, 8], [24, 9, 1, 10], [17, 3, 18, 2]]"
12n_0475_99,"[[17, 3, 18, 2], [15, 5, 16, 4], [6, 21, 7, 22], [8, 23, 9, 24], [10, 14, 11, 13], [12, 20, 13, 19], [1, 15, 2, 14], [3, 17, 4, 16], [18, 12, 19, 11], [20, 5, 21, 6], [22, 7, 23, 8], [24, 9, 1, 10]]"
12n_0475_100,"[[24, 9, 1, 10], [17, 3, 18, 2], [15, 5, 16, 4], [6, 21, 7, 22], [8, 23, 9, 24], [10, 14, 11, 13], [12, 20, 13, 19], [1, 15, 2, 14], [3, 17, 4, 16], [18, 12, 19, 11], [20, 5, 21, 6], [22, 7, 23, 8]]"
12n_0475_101,"[[22, 7, 23, 8], [24, 9, 1, 10], [17, 3, 18, 2], [15, 5, 16, 4], [6, 21, 7, 22], [8, 23, 9, 24], [10, 14, 11, 13], [12, 20, 13, 19], [1, 15, 2, 14], [3, 17, 4, 16], [18, 12, 19, 11], [20, 5, 21, 6]]"
12n_0475_102,"[[20, 5, 21, 6], [22, 7, 23, 8], [24, 9, 1, 10], [17, 3, 18, 2], [15, 5, 16, 4], [6, 21, 7, 22], [8, 23, 9, 24], [10, 14, 11, 13], [12, 20, 13, 19], [1, 15, 2, 14], [3, 17, 4, 16], [18, 12, 19, 11]]"
12n_0475_103,"[[18, 12, 19, 11], [20, 5, 21, 6], [22, 7, 23, 8], [24, 9, 1, 10], [17, 3, 18, 2], [15, 5, 16, 4], [6, 21, 7, 22], [8, 23, 9, 24], [10, 14, 11, 13], [12, 20, 13, 19], [1, 15, 2, 14], [3, 17, 4, 16]]"
12n_0475_104,"[[3, 17, 4, 16], [18, 12, 19, 11], [20, 5, 21, 6], [22, 7, 23, 8], [24, 9, 1, 10], [17, 3, 18, 2], [15, 5, 16, 4], [6, 21, 7, 22], [8, 23, 9, 24], [10, 14, 11, 13], [12, 20, 13, 19], [1, 15, 2, 14]]"
12n_0475_105,"[[1, 15, 2, 14], [3, 17, 4, 16], [18, 12, 19, 11], [20, 5, 21, 6], [22, 7, 23, 8], [24, 9, 1, 10], [17, 3, 18, 2], [15, 5, 16, 4], [6, 21, 7, 22], [8, 23, 9, 24], [10, 14, 11, 13], [12, 20, 13, 19]]"
12n_0475_106,"[[12, 20, 13, 19], [1, 15, 2, 14], [3, 17, 4, 16], [18, 12, 19, 11], [20, 5, 21, 6], [22, 7, 23, 8], [24, 9, 1, 10], [17, 3, 18, 2], [15, 5, 16, 4], [6, 21, 7, 22], [8, 23, 9, 24], [10, 14, 11, 13]]"
12n_0475_107,"[[10, 14, 11, 13], [12, 20, 13, 19], [1, 15, 2, 14], [3, 17, 4, 16], [18, 12, 19, 11], [20, 5, 21, 6], [22, 7, 23, 8], [24, 9, 1, 10], [17, 3, 18, 2], [15, 5, 16, 4], [6, 21, 7, 22], [8, 23, 9, 24]]"
12n_0475_108,"[[9, 24, 10, 1], [11, 15, 12, 14], [13, 21, 14, 20], [2, 16, 3, 15], [4, 18, 5, 17], [19, 13, 20, 12], [21, 6, 22, 7], [23, 8, 24, 9], [1, 10, 2, 11], [18, 4, 19, 3], [16, 6, 17, 5], [7, 22, 8, 23]]"
12n_0475_109,"[[7, 22, 8, 23], [9, 24, 10, 1], [11, 15, 12, 14], [13, 21, 14, 20], [2, 16, 3, 15], [4, 18, 5, 17], [19, 13, 20, 12], [21, 6, 22, 7], [23, 8, 24, 9], [1, 10, 2, 11], [18, 4, 19, 3], [16, 6, 17, 5]]"
12n_0475_110,"[[16, 6, 17, 5], [7, 22, 8, 23], [9, 24, 10, 1], [11, 15, 12, 14], [13, 21, 14, 20], [2, 16, 3, 15], [4, 18, 5, 17], [19, 13, 20, 12], [21, 6, 22, 7], [23, 8, 24, 9], [1, 10, 2, 11], [18, 4, 19, 3]]"
12n_0475_111,"[[18, 4, 19, 3], [16, 6, 17, 5], [7, 22, 8, 23], [9, 24, 10, 1], [11, 15, 12, 14], [13, 21, 14, 20], [2, 16, 3, 15], [4, 18, 5, 17], [19, 13, 20, 12], [21, 6, 22, 7], [23, 8, 24, 9], [1, 10, 2, 11]]"
12n_0475_112,"[[1, 10, 2, 11], [18, 4, 19, 3], [16, 6, 17, 5], [7, 22, 8, 23], [9, 24, 10, 1], [11, 15, 12, 14], [13, 21, 14, 20], [2, 16, 3, 15], [4, 18, 5, 17], [19, 13, 20, 12], [21, 6, 22, 7], [23, 8, 24, 9]]"
12n_0475_113,"[[23, 8, 24, 9], [1, 10, 2, 11], [18, 4, 19, 3], [16, 6, 17, 5], [7, 22, 8, 23], [9, 24, 10, 1], [11, 15, 12, 14], [13, 21, 14, 20], [2, 16, 3, 15], [4, 18, 5, 17], [19, 13, 20, 12], [21, 6, 22, 7]]"
12n_0475_114,"[[21, 6, 22, 7], [23, 8, 24, 9], [1, 10, 2, 11], [18, 4, 19, 3], [16, 6, 17, 5], [7, 22, 8, 23], [9, 24, 10, 1], [11, 15, 12, 14], [13, 21, 14, 20], [2, 16, 3, 15], [4, 18, 5, 17], [19, 13, 20, 12]]"
12n_0475_115,"[[19, 13, 20, 12], [21, 6, 22, 7], [23, 8, 24, 9], [1, 10, 2, 11], [18, 4, 19, 3], [16, 6, 17, 5], [7, 22, 8, 23], [9, 24, 10, 1], [11, 15, 12, 14], [13, 21, 14, 20], [2, 16, 3, 15], [4, 18, 5, 17]]"
12n_0475_116,"[[4, 18, 5, 17], [19, 13, 20, 12], [21, 6, 22, 7], [23, 8, 24, 9], [1, 10, 2, 11], [18, 4, 19, 3], [16, 6, 17, 5], [7, 22, 8, 23], [9, 24, 10, 1], [11, 15, 12, 14], [13, 21, 14, 20], [2, 16, 3, 15]]"
12n_0475_117,"[[2, 16, 3, 15], [4, 18, 5, 17], [19, 13, 20, 12], [21, 6, 22, 7], [23, 8, 24, 9], [1, 10, 2, 11], [18, 4, 19, 3], [16, 6, 17, 5], [7, 22, 8, 23], [9, 24, 10, 1], [11, 15, 12, 14], [13, 21, 14, 20]]"
12n_0475_118,"[[13, 21, 14, 20], [2, 16, 3, 15], [4, 18, 5, 17], [19, 13, 20, 12], [21, 6, 22, 7], [23, 8, 24, 9], [1, 10, 2, 11], [18, 4, 19, 3], [16, 6, 17, 5], [7, 22, 8, 23], [9, 24, 10, 1], [11, 15, 12, 14]]"
12n_0475_119,"[[11, 15, 12, 14], [13, 21, 14, 20], [2, 16, 3, 15], [4, 18, 5, 17], [19, 13, 20, 12], [21, 6, 22, 7], [23, 8, 24, 9], [1, 10, 2, 11], [18, 4, 19, 3], [16, 6, 17, 5], [7, 22, 8, 23], [9, 24, 10, 1]]"
12n_0475_120,"[[10, 1, 11, 2], [12, 16, 13, 15], [14, 22, 15, 21], [3, 17, 4, 16], [5, 19, 6, 18], [20, 14, 21, 13], [22, 7, 23, 8], [24, 9, 1, 10], [2, 11, 3, 12], [19, 5, 20, 4], [17, 7, 18, 6], [8, 23, 9, 24]]"
12n_0475_121,"[[8, 23, 9, 24], [10, 1, 11, 2], [12, 16, 13, 15], [14, 22, 15, 21], [3, 17, 4, 16], [5, 19, 6, 18], [20, 14, 21, 13], [22, 7, 23, 8], [24, 9, 1, 10], [2, 11, 3, 12], [19, 5, 20, 4], [17, 7, 18, 6]]"
12n_0475_122,"[[17, 7, 18, 6], [8, 23, 9, 24], [10, 1, 11, 2], [12, 16, 13, 15], [14, 22, 15, 21], [3, 17, 4, 16], [5, 19, 6, 18], [20, 14, 21, 13], [22, 7, 23, 8], [24, 9, 1, 10], [2, 11, 3, 12], [19, 5, 20, 4]]"
12n_0475_123,"[[19, 5, 20, 4], [17, 7, 18, 6], [8, 23, 9, 24], [10, 1, 11, 2], [12, 16, 13, 15], [14, 22, 15, 21], [3, 17, 4, 16], [5, 19, 6, 18], [20, 14, 21, 13], [22, 7, 23, 8], [24, 9, 1, 10], [2, 11, 3, 12]]"
12n_0475_124,"[[2, 11, 3, 12], [19, 5, 20, 4], [17, 7, 18, 6], [8, 23, 9, 24], [10, 1, 11, 2], [12, 16, 13, 15], [14, 22, 15, 21], [3, 17, 4, 16], [5, 19, 6, 18], [20, 14, 21, 13], [22, 7, 23, 8], [24, 9, 1, 10]]"
12n_0475_125,"[[24, 9, 1, 10], [2, 11, 3, 12], [19, 5, 20, 4], [17, 7, 18, 6], [8, 23, 9, 24], [10, 1, 11, 2], [12, 16, 13, 15], [14, 22, 15, 21], [3, 17, 4, 16], [5, 19, 6, 18], [20, 14, 21, 13], [22, 7, 23, 8]]"
12n_0475_126,"[[22, 7, 23, 8], [24, 9, 1, 10], [2, 11, 3, 12], [19, 5, 20, 4], [17, 7, 18, 6], [8, 23, 9, 24], [10, 1, 11, 2], [12, 16, 13, 15], [14, 22, 15, 21], [3, 17, 4, 16], [5, 19, 6, 18], [20, 14, 21, 13]]"
12n_0475_127,"[[20, 14, 21, 13], [22, 7, 23, 8], [24, 9, 1, 10], [2, 11, 3, 12], [19, 5, 20, 4], [17, 7, 18, 6], [8, 23, 9, 24], [10, 1, 11, 2], [12, 16, 13, 15], [14, 22, 15, 21], [3, 17, 4, 16], [5, 19, 6, 18]]"
12n_0475_128,"[[5, 19, 6, 18], [20, 14, 21, 13], [22, 7, 23, 8], [24, 9, 1, 10], [2, 11, 3, 12], [19, 5, 20, 4], [17, 7, 18, 6], [8, 23, 9, 24], [10, 1, 11, 2], [12, 16, 13, 15], [14, 22, 15, 21], [3, 17, 4, 16]]"
12n_0475_129,"[[3, 17, 4, 16], [5, 19, 6, 18], [20, 14, 21, 13], [22, 7, 23, 8], [24, 9, 1, 10], [2, 11, 3, 12], [19, 5, 20, 4], [17, 7, 18, 6], [8, 23, 9, 24], [10, 1, 11, 2], [12, 16, 13, 15], [14, 22, 15, 21]]"
12n_0475_130,"[[14, 22, 15, 21], [3, 17, 4, 16], [5, 19, 6, 18], [20, 14, 21, 13], [22, 7, 23, 8], [24, 9, 1, 10], [2, 11, 3, 12], [19, 5, 20, 4], [17, 7, 18, 6], [8, 23, 9, 24], [10, 1, 11, 2], [12, 16, 13, 15]]"
12n_0475_131,"[[12, 16, 13, 15], [14, 22, 15, 21], [3, 17, 4, 16], [5, 19, 6, 18], [20, 14, 21, 13], [22, 7, 23, 8], [24, 9, 1, 10], [2, 11, 3, 12], [19, 5, 20, 4], [17, 7, 18, 6], [8, 23, 9, 24], [10, 1, 11, 2]]"
12n_0475_132,"[[11, 2, 12, 3], [13, 17, 14, 16], [15, 23, 16, 22], [4, 18, 5, 17], [6, 20, 7, 19], [21, 15, 22, 14], [23, 8, 24, 9], [1, 10, 2, 11], [3, 12, 4, 13], [20, 6, 21, 5], [18, 8, 19, 7], [9, 24, 10, 1]]"
12n_0475_133,"[[9, 24, 10, 1], [11, 2, 12, 3], [13, 17, 14, 16], [15, 23, 16, 22], [4, 18, 5, 17], [6, 20, 7, 19], [21, 15, 22, 14], [23, 8, 24, 9], [1, 10, 2, 11], [3, 12, 4, 13], [20, 6, 21, 5], [18, 8, 19, 7]]"
12n_0475_134,"[[18, 8, 19, 7], [9, 24, 10, 1], [11, 2, 12, 3], [13, 17, 14, 16], [15, 23, 16, 22], [4, 18, 5, 17], [6, 20, 7, 19], [21, 15, 22, 14], [23, 8, 24, 9], [1, 10, 2, 11], [3, 12, 4, 13], [20, 6, 21, 5]]"
12n_0475_135,"[[20, 6, 21, 5], [18, 8, 19, 7], [9, 24, 10, 1], [11, 2, 12, 3], [13, 17, 14, 16], [15, 23, 16, 22], [4, 18, 5, 17], [6, 20, 7, 19], [21, 15, 22, 14], [23, 8, 24, 9], [1, 10, 2, 11], [3, 12, 4, 13]]"
12n_0475_136,"[[3, 12, 4, 13], [20, 6, 21, 5], [18, 8, 19, 7], [9, 24, 10, 1], [11, 2, 12, 3], [13, 17, 14, 16], [15, 23, 16, 22], [4, 18, 5, 17], [6, 20, 7, 19], [21, 15, 22, 14], [23, 8, 24, 9], [1, 10, 2, 11]]"
12n_0475_137,"[[1, 10, 2, 11], [3, 12, 4, 13], [20, 6, 21, 5], [18, 8, 19, 7], [9, 24, 10, 1], [11, 2, 12, 3], [13, 17, 14, 16], [15, 23, 16, 22], [4, 18, 5, 17], [6, 20, 7, 19], [21, 15, 22, 14], [23, 8, 24, 9]]"
12n_0475_138,"[[23, 8, 24, 9], [1, 10, 2, 11], [3, 12, 4, 13], [20, 6, 21, 5], [18, 8, 19, 7], [9, 24, 10, 1], [11, 2, 12, 3], [13, 17, 14, 16], [15, 23, 16, 22], [4, 18, 5, 17], [6, 20, 7, 19], [21, 15, 22, 14]]"
12n_0475_139,"[[21, 15, 22, 14], [23, 8, 24, 9], [1, 10, 2, 11], [3, 12, 4, 13], [20, 6, 21, 5], [18, 8, 19, 7], [9, 24, 10, 1], [11, 2, 12, 3], [13, 17, 14, 16], [15, 23, 16, 22], [4, 18, 5, 17], [6, 20, 7, 19]]"
12n_0475_140,"[[6, 20, 7, 19], [21, 15, 22, 14], [23, 8, 24, 9], [1, 10, 2, 11], [3, 12, 4, 13], [20, 6, 21, 5], [18, 8, 19, 7], [9, 24, 10, 1], [11, 2, 12, 3], [13, 17, 14, 16], [15, 23, 16, 22], [4, 18, 5, 17]]"
12n_0475_141,"[[4, 18, 5, 17], [6, 20, 7, 19], [21, 15, 22, 14], [23, 8, 24, 9], [1, 10, 2, 11], [3, 12, 4, 13], [20, 6, 21, 5], [18, 8, 19, 7], [9, 24, 10, 1], [11, 2, 12, 3], [13, 17, 14, 16], [15, 23, 16, 22]]"
12n_0475_142,"[[15, 23, 16, 22], [4, 18, 5, 17], [6, 20, 7, 19], [21, 15, 22, 14], [23, 8, 24, 9], [1, 10, 2, 11], [3, 12, 4, 13], [20, 6, 21, 5], [18, 8, 19, 7], [9, 24, 10, 1], [11, 2, 12, 3], [13, 17, 14, 16]]"
12n_0475_143,"[[13, 17, 14, 16], [15, 23, 16, 22], [4, 18, 5, 17], [6, 20, 7, 19], [21, 15, 22, 14], [23, 8, 24, 9], [1, 10, 2, 11], [3, 12, 4, 13], [20, 6, 21, 5], [18, 8, 19, 7], [9, 24, 10, 1], [11, 2, 12, 3]]"
12n_0475_144,"[[12, 3, 13, 4], [14, 18, 15, 17], [16, 24, 17, 23], [5, 19, 6, 18], [7, 21, 8, 20], [22, 16, 23, 15], [24, 9, 1, 10], [2, 11, 3, 12], [4, 13, 5, 14], [21, 7, 22, 6], [19, 9, 20, 8], [10, 1, 11, 2]]"
12n_0475_145,"[[10, 1, 11, 2], [12, 3, 13, 4], [14, 18, 15, 17], [16, 24, 17, 23], [5, 19, 6, 18], [7, 21, 8, 20], [22, 16, 23, 15], [24, 9, 1, 10], [2, 11, 3, 12], [4, 13, 5, 14], [21, 7, 22, 6], [19, 9, 20, 8]]"
12n_0475_146,"[[19, 9, 20, 8], [10, 1, 11, 2], [12, 3, 13, 4], [14, 18, 15, 17], [16, 24, 17, 23], [5, 19, 6, 18], [7, 21, 8, 20], [22, 16, 23, 15], [24, 9, 1, 10], [2, 11, 3, 12], [4, 13, 5, 14], [21, 7, 22, 6]]"
12n_0475_147,"[[21, 7, 22, 6], [19, 9, 20, 8], [10, 1, 11, 2], [12, 3, 13, 4], [14, 18, 15, 17], [16, 24, 17, 23], [5, 19, 6, 18], [7, 21, 8, 20], [22, 16, 23, 15], [24, 9, 1, 10], [2, 11, 3, 12], [4, 13, 5, 14]]"
12n_0475_148,"[[4, 13, 5, 14], [21, 7, 22, 6], [19, 9, 20, 8], [10, 1, 11, 2], [12, 3, 13, 4], [14, 18, 15, 17], [16, 24, 17, 23], [5, 19, 6, 18], [7, 21, 8, 20], [22, 16, 23, 15], [24, 9, 1, 10], [2, 11, 3, 12]]"
12n_0475_149,"[[2, 11, 3, 12], [4, 13, 5, 14], [21, 7, 22, 6], [19, 9, 20, 8], [10, 1, 11, 2], [12, 3, 13, 4], [14, 18, 15, 17], [16, 24, 17, 23], [5, 19, 6, 18], [7, 21, 8, 20], [22, 16, 23, 15], [24, 9, 1, 10]]"
12n_0475_150,"[[24, 9, 1, 10], [2, 11, 3, 12], [4, 13, 5, 14], [21, 7, 22, 6], [19, 9, 20, 8], [10, 1, 11, 2], [12, 3, 13, 4], [14, 18, 15, 17], [16, 24, 17, 23], [5, 19, 6, 18], [7, 21, 8, 20], [22, 16, 23, 15]]"
12n_0475_151,"[[22, 16, 23, 15], [24, 9, 1, 10], [2, 11, 3, 12], [4, 13, 5, 14], [21, 7, 22, 6], [19, 9, 20, 8], [10, 1, 11, 2], [12, 3, 13, 4], [14, 18, 15, 17], [16, 24, 17, 23], [5, 19, 6, 18], [7, 21, 8, 20]]"
12n_0475_152,"[[7, 21, 8, 20], [22, 16, 23, 15], [24, 9, 1, 10], [2, 11, 3, 12], [4, 13, 5, 14], [21, 7, 22, 6], [19, 9, 20, 8], [10, 1, 11, 2], [12, 3, 13, 4], [14, 18, 15, 17], [16, 24, 17, 23], [5, 19, 6, 18]]"
12n_0475_153,"[[5, 19, 6, 18], [7, 21, 8, 20], [22, 16, 23, 15], [24, 9, 1, 10], [2, 11, 3, 12], [4, 13, 5, 14], [21, 7, 22, 6], [19, 9, 20, 8], [10, 1, 11, 2], [12, 3, 13, 4], [14, 18, 15, 17], [16, 24, 17, 23]]"
12n_0475_154,"[[16, 24, 17, 23], [5, 19, 6, 18], [7, 21, 8, 20], [22, 16, 23, 15], [24, 9, 1, 10], [2, 11, 3, 12], [4, 13, 5, 14], [21, 7, 22, 6], [19, 9, 20, 8], [10, 1, 11, 2], [12, 3, 13, 4], [14, 18, 15, 17]]"
12n_0475_155,"[[14, 18, 15, 17], [16, 24, 17, 23], [5, 19, 6, 18], [7, 21, 8, 20], [22, 16, 23, 15], [24, 9, 1, 10], [2, 11, 3, 12], [4, 13, 5, 14], [21, 7, 22, 6], [19, 9, 20, 8], [10, 1, 11, 2], [12, 3, 13, 4]]"
12n_0475_156,"[[13, 4, 14, 5], [15, 19, 16, 18], [17, 1, 18, 24], [6, 20, 7, 19], [8, 22, 9, 21], [23, 17, 24, 16], [1, 10, 2, 11], [3, 12, 4, 13], [5, 14, 6, 15], [22, 8, 23, 7], [20, 10, 21, 9], [11, 2, 12, 3]]"
12n_0475_157,"[[11, 2, 12, 3], [13, 4, 14, 5], [15, 19, 16, 18], [17, 1, 18, 24], [6, 20, 7, 19], [8, 22, 9, 21], [23, 17, 24, 16], [1, 10, 2, 11], [3, 12, 4, 13], [5, 14, 6, 15], [22, 8, 23, 7], [20, 10, 21, 9]]"
12n_0475_158,"[[20, 10, 21, 9], [11, 2, 12, 3], [13, 4, 14, 5], [15, 19, 16, 18], [17, 1, 18, 24], [6, 20, 7, 19], [8, 22, 9, 21], [23, 17, 24, 16], [1, 10, 2, 11], [3, 12, 4, 13], [5, 14, 6, 15], [22, 8, 23, 7]]"
12n_0475_159,"[[22, 8, 23, 7], [20, 10, 21, 9], [11, 2, 12, 3], [13, 4, 14, 5], [15, 19, 16, 18], [17, 1, 18, 24], [6, 20, 7, 19], [8, 22, 9, 21], [23, 17, 24, 16], [1, 10, 2, 11], [3, 12, 4, 13], [5, 14, 6, 15]]"
12n_0475_160,"[[5, 14, 6, 15], [22, 8, 23, 7], [20, 10, 21, 9], [11, 2, 12, 3], [13, 4, 14, 5], [15, 19, 16, 18], [17, 1, 18, 24], [6, 20, 7, 19], [8, 22, 9, 21], [23, 17, 24, 16], [1, 10, 2, 11], [3, 12, 4, 13]]"
12n_0475_161,"[[3, 12, 4, 13], [5, 14, 6, 15], [22, 8, 23, 7], [20, 10, 21, 9], [11, 2, 12, 3], [13, 4, 14, 5], [15, 19, 16, 18], [17, 1, 18, 24], [6, 20, 7, 19], [8, 22, 9, 21], [23, 17, 24, 16], [1, 10, 2, 11]]"
12n_0475_162,"[[1, 10, 2, 11], [3, 12, 4, 13], [5, 14, 6, 15], [22, 8, 23, 7], [20, 10, 21, 9], [11, 2, 12, 3], [13, 4, 14, 5], [15, 19, 16, 18], [17, 1, 18, 24], [6, 20, 7, 19], [8, 22, 9, 21], [23, 17, 24, 16]]"
12n_0475_163,"[[23, 17, 24, 16], [1, 10, 2, 11], [3, 12, 4, 13], [5, 14, 6, 15], [22, 8, 23, 7], [20, 10, 21, 9], [11, 2, 12, 3], [13, 4, 14, 5], [15, 19, 16, 18], [17, 1, 18, 24], [6, 20, 7, 19], [8, 22, 9, 21]]"
12n_0475_164,"[[8, 22, 9, 21], [23, 17, 24, 16], [1, 10, 2, 11], [3, 12, 4, 13], [5, 14, 6, 15], [22, 8, 23, 7], [20, 10, 21, 9], [11, 2, 12, 3], [13, 4, 14, 5], [15, 19, 16, 18], [17, 1, 18, 24], [6, 20, 7, 19]]"
12n_0475_165,"[[6, 20, 7, 19], [8, 22, 9, 21], [23, 17, 24, 16], [1, 10, 2, 11], [3, 12, 4, 13], [5, 14, 6, 15], [22, 8, 23, 7], [20, 10, 21, 9], [11, 2, 12, 3], [13, 4, 14, 5], [15, 19, 16, 18], [17, 1, 18, 24]]"
12n_0475_166,"[[17, 1, 18, 24], [6, 20, 7, 19], [8, 22, 9, 21], [23, 17, 24, 16], [1, 10, 2, 11], [3, 12, 4, 13], [5, 14, 6, 15], [22, 8, 23, 7], [20, 10, 21, 9], [11, 2, 12, 3], [13, 4, 14, 5], [15, 19, 16, 18]]"
12n_0475_167,"[[15, 19, 16, 18], [17, 1, 18, 24], [6, 20, 7, 19], [8, 22, 9, 21], [23, 17, 24, 16], [1, 10, 2, 11], [3, 12, 4, 13], [5, 14, 6, 15], [22, 8, 23, 7], [20, 10, 21, 9], [11, 2, 12, 3], [13, 4, 14, 5]]"
12n_0475_168,"[[14, 5, 15, 6], [16, 20, 17, 19], [18, 2, 19, 1], [7, 21, 8, 20], [9, 23, 10, 22], [24, 18, 1, 17], [2, 11, 3, 12], [4, 13, 5, 14], [6, 15, 7, 16], [23, 9, 24, 8], [21, 11, 22, 10], [12, 3, 13, 4]]"
12n_0475_169,"[[12, 3, 13, 4], [14, 5, 15, 6], [16, 20, 17, 19], [18, 2, 19, 1], [7, 21, 8, 20], [9, 23, 10, 22], [24, 18, 1, 17], [2, 11, 3, 12], [4, 13, 5, 14], [6, 15, 7, 16], [23, 9, 24, 8], [21, 11, 22, 10]]"
12n_0475_170,"[[21, 11, 22, 10], [12, 3, 13, 4], [14, 5, 15, 6], [16, 20, 17, 19], [18, 2, 19, 1], [7, 21, 8, 20], [9, 23, 10, 22], [24, 18, 1, 17], [2, 11, 3, 12], [4, 13, 5, 14], [6, 15, 7, 16], [23, 9, 24, 8]]"
12n_0475_171,"[[23, 9, 24, 8], [21, 11, 22, 10], [12, 3, 13, 4], [14, 5, 15, 6], [16, 20, 17, 19], [18, 2, 19, 1], [7, 21, 8, 20], [9, 23, 10, 22], [24, 18, 1, 17], [2, 11, 3, 12], [4, 13, 5, 14], [6, 15, 7, 16]]"
12n_0475_172,"[[6, 15, 7, 16], [23, 9, 24, 8], [21, 11, 22, 10], [12, 3, 13, 4], [14, 5, 15, 6], [16, 20, 17, 19], [18, 2, 19, 1], [7, 21, 8, 20], [9, 23, 10, 22], [24, 18, 1, 17], [2, 11, 3, 12], [4, 13, 5, 14]]"
12n_0475_173,"[[4, 13, 5, 14], [6, 15, 7, 16], [23, 9, 24, 8], [21, 11, 22, 10], [12, 3, 13, 4], [14, 5, 15, 6], [16, 20, 17, 19], [18, 2, 19, 1], [7, 21, 8, 20], [9, 23, 10, 22], [24, 18, 1, 17], [2, 11, 3, 12]]"
12n_0475_174,"[[2, 11, 3, 12], [4, 13, 5, 14], [6, 15, 7, 16], [23, 9, 24, 8], [21, 11, 22, 10], [12, 3, 13, 4], [14, 5, 15, 6], [16, 20, 17, 19], [18, 2, 19, 1], [7, 21, 8, 20], [9, 23, 10, 22], [24, 18, 1, 17]]"
12n_0475_175,"[[24, 18, 1, 17], [2, 11, 3, 12], [4, 13, 5, 14], [6, 15, 7, 16], [23, 9, 24, 8], [21, 11, 22, 10], [12, 3, 13, 4], [14, 5, 15, 6], [16, 20, 17, 19], [18, 2, 19, 1], [7, 21, 8, 20], [9, 23, 10, 22]]"
12n_0475_176,"[[9, 23, 10, 22], [24, 18, 1, 17], [2, 11, 3, 12], [4, 13, 5, 14], [6, 15, 7, 16], [23, 9, 24, 8], [21, 11, 22, 10], [12, 3, 13, 4], [14, 5, 15, 6], [16, 20, 17, 19], [18, 2, 19, 1], [7, 21, 8, 20]]"
12n_0475_177,"[[7, 21, 8, 20], [9, 23, 10, 22], [24, 18, 1, 17], [2, 11, 3, 12], [4, 13, 5, 14], [6, 15, 7, 16], [23, 9, 24, 8], [21, 11, 22, 10], [12, 3, 13, 4], [14, 5, 15, 6], [16, 20, 17, 19], [18, 2, 19, 1]]"
12n_0475_178,"[[18, 2, 19, 1], [7, 21, 8, 20], [9, 23, 10, 22], [24, 18, 1, 17], [2, 11, 3, 12], [4, 13, 5, 14], [6, 15, 7, 16], [23, 9, 24, 8], [21, 11, 22, 10], [12, 3, 13, 4], [14, 5, 15, 6], [16, 20, 17, 19]]"
12n_0475_179,"[[16, 20, 17, 19], [18, 2, 19, 1], [7, 21, 8, 20], [9, 23, 10, 22], [24, 18, 1, 17], [2, 11, 3, 12], [4, 13, 5, 14], [6, 15, 7, 16], [23, 9, 24, 8], [21, 11, 22, 10], [12, 3, 13, 4], [14, 5, 15, 6]]"
12n_0475_180,"[[15, 6, 16, 7], [17, 21, 18, 20], [19, 3, 20, 2], [8, 22, 9, 21], [10, 24, 11, 23], [1, 19, 2, 18], [3, 12, 4, 13], [5, 14, 6, 15], [7, 16, 8, 17], [24, 10, 1, 9], [22, 12, 23, 11], [13, 4, 14, 5]]"
12n_0475_181,"[[13, 4, 14, 5], [15, 6, 16, 7], [17, 21, 18, 20], [19, 3, 20, 2], [8, 22, 9, 21], [10, 24, 11, 23], [1, 19, 2, 18], [3, 12, 4, 13], [5, 14, 6, 15], [7, 16, 8, 17], [24, 10, 1, 9], [22, 12, 23, 11]]"
12n_0475_182,"[[22, 12, 23, 11], [13, 4, 14, 5], [15, 6, 16, 7], [17, 21, 18, 20], [19, 3, 20, 2], [8, 22, 9, 21], [10, 24, 11, 23], [1, 19, 2, 18], [3, 12, 4, 13], [5, 14, 6, 15], [7, 16, 8, 17], [24, 10, 1, 9]]"
12n_0475_183,"[[24, 10, 1, 9], [22, 12, 23, 11], [13, 4, 14, 5], [15, 6, 16, 7], [17, 21, 18, 20], [19, 3, 20, 2], [8, 22, 9, 21], [10, 24, 11, 23], [1, 19, 2, 18], [3, 12, 4, 13], [5, 14, 6, 15], [7, 16, 8, 17]]"
12n_0475_184,"[[7, 16, 8, 17], [24, 10, 1, 9], [22, 12, 23, 11], [13, 4, 14, 5], [15, 6, 16, 7], [17, 21, 18, 20], [19, 3, 20, 2], [8, 22, 9, 21], [10, 24, 11, 23], [1, 19, 2, 18], [3, 12, 4, 13], [5, 14, 6, 15]]"
12n_0475_185,"[[5, 14, 6, 15], [7, 16, 8, 17], [24, 10, 1, 9], [22, 12, 23, 11], [13, 4, 14, 5], [15, 6, 16, 7], [17, 21, 18, 20], [19, 3, 20, 2], [8, 22, 9, 21], [10, 24, 11, 23], [1, 19, 2, 18], [3, 12, 4, 13]]"
