name,pd_notation
12n_0300_0,"[[24, 15, 1, 16], [2, 6, 3, 5], [4, 11, 5, 12], [6, 14, 7, 13], [17, 9, 18, 8], [21, 10, 22, 11], [12, 3, 13, 4], [14, 23, 15, 24], [19, 17, 20, 16], [9, 19, 10, 18], [7, 20, 8, 21], [22, 1, 23, 2]]"
12n_0300_1,"[[22, 1, 23, 2], [24, 15, 1, 16], [2, 6, 3, 5], [4, 11, 5, 12], [6, 14, 7, 13], [17, 9, 18, 8], [21, 10, 22, 11], [12, 3, 13, 4], [14, 23, 15, 24], [19, 17, 20, 16], [9, 19, 10, 18], [7, 20, 8, 21]]"
12n_0300_2,"[[7, 20, 8, 21], [22, 1, 23, 2], [24, 15, 1, 16], [2, 6, 3, 5], [4, 11, 5, 12], [6, 14, 7, 13], [17, 9, 18, 8], [21, 10, 22, 11], [12, 3, 13, 4], [14, 23, 15, 24], [19, 17, 20, 16], [9, 19, 10, 18]]"
12n_0300_3,"[[9, 19, 10, 18], [7, 20, 8, 21], [22, 1, 23, 2], [24, 15, 1, 16], [2, 6, 3, 5], [4, 11, 5, 12], [6, 14, 7, 13], [17, 9, 18, 8], [21, 10, 22, 11], [12, 3, 13, 4], [14, 23, 15, 24], [19, 17, 20, 16]]"
12n_0300_4,"[[19, 17, 20, 16], [9, 19, 10, 18], [7, 20, 8, 21], [22, 1, 23, 2], [24, 15, 1, 16], [2, 6, 3, 5], [4, 11, 5, 12], [6, 14, 7, 13], [17, 9, 18, 8], [21, 10, 22, 11], [12, 3, 13, 4], [14, 23, 15, 24]]"
12n_0300_5,"[[14, 23, 15, 24], [19, 17, 20, 16], [9, 19, 10, 18], [7, 20, 8, 21], [22, 1, 23, 2], [24, 15, 1, 16], [2, 6, 3, 5], [4, 11, 5, 12], [6, 14, 7, 13], [17, 9, 18, 8], [21, 10, 22, 11], [12, 3, 13, 4]]"
12n_0300_6,"[[12, 3, 13, 4], [14, 23, 15, 24], [19, 17, 20, 16], [9, 19, 10, 18], [7, 20, 8, 21], [22, 1, 23, 2], [24, 15, 1, 16], [2, 6, 3, 5], [4, 11, 5, 12], [6, 14, 7, 13], [17, 9, 18, 8], [21, 10, 22, 11]]"
12n_0300_7,"[[21, 10, 22, 11], [12, 3, 13, 4], [14, 23, 15, 24], [19, 17, 20, 16], [9, 19, 10, 18], [7, 20, 8, 21], [22, 1, 23, 2], [24, 15, 1, 16], [2, 6, 3, 5], [4, 11, 5, 12], [6, 14, 7, 13], [17, 9, 18, 8]]"
12n_0300_8,"[[17, 9, 18, 8], [21, 10, 22, 11], [12, 3, 13, 4], [14, 23, 15, 24], [19, 17, 20, 16], [9, 19, 10, 18], [7, 20, 8, 21], [22, 1, 23, 2], [24, 15, 1, 16], [2, 6, 3, 5], [4, 11, 5, 12], [6, 14, 7, 13]]"
12n_0300_9,"[[6, 14, 7, 13], [17, 9, 18, 8], [21, 10, 22, 11], [12, 3, 13, 4], [14, 23, 15, 24], [19, 17, 20, 16], [9, 19, 10, 18], [7, 20, 8, 21], [22, 1, 23, 2], [24, 15, 1, 16], [2, 6, 3, 5], [4, 11, 5, 12]]"
12n_0300_10,"[[4, 11, 5, 12], [6, 14, 7, 13], [17, 9, 18, 8], [21, 10, 22, 11], [12, 3, 13, 4], [14, 23, 15, 24], [19, 17, 20, 16], [9, 19, 10, 18], [7, 20, 8, 21], [22, 1, 23, 2], [24, 15, 1, 16], [2, 6, 3, 5]]"
12n_0300_11,"[[2, 6, 3, 5], [4, 11, 5, 12], [6, 14, 7, 13], [17, 9, 18, 8], [21, 10, 22, 11], [12, 3, 13, 4], [14, 23, 15, 24], [19, 17, 20, 16], [9, 19, 10, 18], [7, 20, 8, 21], [22, 1, 23, 2], [24, 15, 1, 16]]"
12n_0300_12,"[[1, 16, 2, 17], [3, 7, 4, 6], [5, 12, 6, 13], [7, 15, 8, 14], [18, 10, 19, 9], [22, 11, 23, 12], [13, 4, 14, 5], [15, 24, 16, 1], [20, 18, 21, 17], [10, 20, 11, 19], [8, 21, 9, 22], [23, 2, 24, 3]]"
12n_0300_13,"[[23, 2, 24, 3], [1, 16, 2, 17], [3, 7, 4, 6], [5, 12, 6, 13], [7, 15, 8, 14], [18, 10, 19, 9], [22, 11, 23, 12], [13, 4, 14, 5], [15, 24, 16, 1], [20, 18, 21, 17], [10, 20, 11, 19], [8, 21, 9, 22]]"
12n_0300_14,"[[8, 21, 9, 22], [23, 2, 24, 3], [1, 16, 2, 17], [3, 7, 4, 6], [5, 12, 6, 13], [7, 15, 8, 14], [18, 10, 19, 9], [22, 11, 23, 12], [13, 4, 14, 5], [15, 24, 16, 1], [20, 18, 21, 17], [10, 20, 11, 19]]"
12n_0300_15,"[[10, 20, 11, 19], [8, 21, 9, 22], [23, 2, 24, 3], [1, 16, 2, 17], [3, 7, 4, 6], [5, 12, 6, 13], [7, 15, 8, 14], [18, 10, 19, 9], [22, 11, 23, 12], [13, 4, 14, 5], [15, 24, 16, 1], [20, 18, 21, 17]]"
12n_0300_16,"[[20, 18, 21, 17], [10, 20, 11, 19], [8, 21, 9, 22], [23, 2, 24, 3], [1, 16, 2, 17], [3, 7, 4, 6], [5, 12, 6, 13], [7, 15, 8, 14], [18, 10, 19, 9], [22, 11, 23, 12], [13, 4, 14, 5], [15, 24, 16, 1]]"
12n_0300_17,"[[15, 24, 16, 1], [20, 18, 21, 17], [10, 20, 11, 19], [8, 21, 9, 22], [23, 2, 24, 3], [1, 16, 2, 17], [3, 7, 4, 6], [5, 12, 6, 13], [7, 15, 8, 14], [18, 10, 19, 9], [22, 11, 23, 12], [13, 4, 14, 5]]"
12n_0300_18,"[[13, 4, 14, 5], [15, 24, 16, 1], [20, 18, 21, 17], [10, 20, 11, 19], [8, 21, 9, 22], [23, 2, 24, 3], [1, 16, 2, 17], [3, 7, 4, 6], [5, 12, 6, 13], [7, 15, 8, 14], [18, 10, 19, 9], [22, 11, 23, 12]]"
12n_0300_19,"[[22, 11, 23, 12], [13, 4, 14, 5], [15, 24, 16, 1], [20, 18, 21, 17], [10, 20, 11, 19], [8, 21, 9, 22], [23, 2, 24, 3], [1, 16, 2, 17], [3, 7, 4, 6], [5, 12, 6, 13], [7, 15, 8, 14], [18, 10, 19, 9]]"
12n_0300_20,"[[18, 10, 19, 9], [22, 11, 23, 12], [13, 4, 14, 5], [15, 24, 16, 1], [20, 18, 21, 17], [10, 20, 11, 19], [8, 21, 9, 22], [23, 2, 24, 3], [1, 16, 2, 17], [3, 7, 4, 6], [5, 12, 6, 13], [7, 15, 8, 14]]"
12n_0300_21,"[[7, 15, 8, 14], [18, 10, 19, 9], [22, 11, 23, 12], [13, 4, 14, 5], [15, 24, 16, 1], [20, 18, 21, 17], [10, 20, 11, 19], [8, 21, 9, 22], [23, 2, 24, 3], [1, 16, 2, 17], [3, 7, 4, 6], [5, 12, 6, 13]]"
12n_0300_22,"[[5, 12, 6, 13], [7, 15, 8, 14], [18, 10, 19, 9], [22, 11, 23, 12], [13, 4, 14, 5], [15, 24, 16, 1], [20, 18, 21, 17], [10, 20, 11, 19], [8, 21, 9, 22], [23, 2, 24, 3], [1, 16, 2, 17], [3, 7, 4, 6]]"
12n_0300_23,"[[3, 7, 4, 6], [5, 12, 6, 13], [7, 15, 8, 14], [18, 10, 19, 9], [22, 11, 23, 12], [13, 4, 14, 5], [15, 24, 16, 1], [20, 18, 21, 17], [10, 20, 11, 19], [8, 21, 9, 22], [23, 2, 24, 3], [1, 16, 2, 17]]"
12n_0300_24,"[[2, 17, 3, 18], [4, 8, 5, 7], [6, 13, 7, 14], [8, 16, 9, 15], [19, 11, 20, 10], [23, 12, 24, 13], [14, 5, 15, 6], [16, 1, 17, 2], [21, 19, 22, 18], [11, 21, 12, 20], [9, 22, 10, 23], [24, 3, 1, 4]]"
12n_0300_25,"[[24, 3, 1, 4], [2, 17, 3, 18], [4, 8, 5, 7], [6, 13, 7, 14], [8, 16, 9, 15], [19, 11, 20, 10], [23, 12, 24, 13], [14, 5, 15, 6], [16, 1, 17, 2], [21, 19, 22, 18], [11, 21, 12, 20], [9, 22, 10, 23]]"
12n_0300_26,"[[9, 22, 10, 23], [24, 3, 1, 4], [2, 17, 3, 18], [4, 8, 5, 7], [6, 13, 7, 14], [8, 16, 9, 15], [19, 11, 20, 10], [23, 12, 24, 13], [14, 5, 15, 6], [16, 1, 17, 2], [21, 19, 22, 18], [11, 21, 12, 20]]"
12n_0300_27,"[[11, 21, 12, 20], [9, 22, 10, 23], [24, 3, 1, 4], [2, 17, 3, 18], [4, 8, 5, 7], [6, 13, 7, 14], [8, 16, 9, 15], [19, 11, 20, 10], [23, 12, 24, 13], [14, 5, 15, 6], [16, 1, 17, 2], [21, 19, 22, 18]]"
12n_0300_28,"[[21, 19, 22, 18], [11, 21, 12, 20], [9, 22, 10, 23], [24, 3, 1, 4], [2, 17, 3, 18], [4, 8, 5, 7], [6, 13, 7, 14], [8, 16, 9, 15], [19, 11, 20, 10], [23, 12, 24, 13], [14, 5, 15, 6], [16, 1, 17, 2]]"
12n_0300_29,"[[16, 1, 17, 2], [21, 19, 22, 18], [11, 21, 12, 20], [9, 22, 10, 23], [24, 3, 1, 4], [2, 17, 3, 18], [4, 8, 5, 7], [6, 13, 7, 14], [8, 16, 9, 15], [19, 11, 20, 10], [23, 12, 24, 13], [14, 5, 15, 6]]"
12n_0300_30,"[[14, 5, 15, 6], [16, 1, 17, 2], [21, 19, 22, 18], [11, 21, 12, 20], [9, 22, 10, 23], [24, 3, 1, 4], [2, 17, 3, 18], [4, 8, 5, 7], [6, 13, 7, 14], [8, 16, 9, 15], [19, 11, 20, 10], [23, 12, 24, 13]]"
12n_0300_31,"[[23, 12, 24, 13], [14, 5, 15, 6], [16, 1, 17, 2], [21, 19, 22, 18], [11, 21, 12, 20], [9, 22, 10, 23], [24, 3, 1, 4], [2, 17, 3, 18], [4, 8, 5, 7], [6, 13, 7, 14], [8, 16, 9, 15], [19, 11, 20, 10]]"
12n_0300_32,"[[19, 11, 20, 10], [23, 12, 24, 13], [14, 5, 15, 6], [16, 1, 17, 2], [21, 19, 22, 18], [11, 21, 12, 20], [9, 22, 10, 23], [24, 3, 1, 4], [2, 17, 3, 18], [4, 8, 5, 7], [6, 13, 7, 14], [8, 16, 9, 15]]"
12n_0300_33,"[[8, 16, 9, 15], [19, 11, 20, 10], [23, 12, 24, 13], [14, 5, 15, 6], [16, 1, 17, 2], [21, 19, 22, 18], [11, 21, 12, 20], [9, 22, 10, 23], [24, 3, 1, 4], [2, 17, 3, 18], [4, 8, 5, 7], [6, 13, 7, 14]]"
12n_0300_34,"[[6, 13, 7, 14], [8, 16, 9, 15], [19, 11, 20, 10], [23, 12, 24, 13], [14, 5, 15, 6], [16, 1, 17, 2], [21, 19, 22, 18], [11, 21, 12, 20], [9, 22, 10, 23], [24, 3, 1, 4], [2, 17, 3, 18], [4, 8, 5, 7]]"
12n_0300_35,"[[4, 8, 5, 7], [6, 13, 7, 14], [8, 16, 9, 15], [19, 11, 20, 10], [23, 12, 24, 13], [14, 5, 15, 6], [16, 1, 17, 2], [21, 19, 22, 18], [11, 21, 12, 20], [9, 22, 10, 23], [24, 3, 1, 4], [2, 17, 3, 18]]"
12n_0300_36,"[[3, 18, 4, 19], [5, 9, 6, 8], [7, 14, 8, 15], [9, 17, 10, 16], [20, 12, 21, 11], [24, 13, 1, 14], [15, 6, 16, 7], [17, 2, 18, 3], [22, 20, 23, 19], [12, 22, 13, 21], [10, 23, 11, 24], [1, 4, 2, 5]]"
12n_0300_37,"[[1, 4, 2, 5], [3, 18, 4, 19], [5, 9, 6, 8], [7, 14, 8, 15], [9, 17, 10, 16], [20, 12, 21, 11], [24, 13, 1, 14], [15, 6, 16, 7], [17, 2, 18, 3], [22, 20, 23, 19], [12, 22, 13, 21], [10, 23, 11, 24]]"
12n_0300_38,"[[10, 23, 11, 24], [1, 4, 2, 5], [3, 18, 4, 19], [5, 9, 6, 8], [7, 14, 8, 15], [9, 17, 10, 16], [20, 12, 21, 11], [24, 13, 1, 14], [15, 6, 16, 7], [17, 2, 18, 3], [22, 20, 23, 19], [12, 22, 13, 21]]"
12n_0300_39,"[[12, 22, 13, 21], [10, 23, 11, 24], [1, 4, 2, 5], [3, 18, 4, 19], [5, 9, 6, 8], [7, 14, 8, 15], [9, 17, 10, 16], [20, 12, 21, 11], [24, 13, 1, 14], [15, 6, 16, 7], [17, 2, 18, 3], [22, 20, 23, 19]]"
12n_0300_40,"[[22, 20, 23, 19], [12, 22, 13, 21], [10, 23, 11, 24], [1, 4, 2, 5], [3, 18, 4, 19], [5, 9, 6, 8], [7, 14, 8, 15], [9, 17, 10, 16], [20, 12, 21, 11], [24, 13, 1, 14], [15, 6, 16, 7], [17, 2, 18, 3]]"
12n_0300_41,"[[17, 2, 18, 3], [22, 20, 23, 19], [12, 22, 13, 21], [10, 23, 11, 24], [1, 4, 2, 5], [3, 18, 4, 19], [5, 9, 6, 8], [7, 14, 8, 15], [9, 17, 10, 16], [20, 12, 21, 11], [24, 13, 1, 14], [15, 6, 16, 7]]"
12n_0300_42,"[[15, 6, 16, 7], [17, 2, 18, 3], [22, 20, 23, 19], [12, 22, 13, 21], [10, 23, 11, 24], [1, 4, 2, 5], [3, 18, 4, 19], [5, 9, 6, 8], [7, 14, 8, 15], [9, 17, 10, 16], [20, 12, 21, 11], [24, 13, 1, 14]]"
12n_0300_43,"[[24, 13, 1, 14], [15, 6, 16, 7], [17, 2, 18, 3], [22, 20, 23, 19], [12, 22, 13, 21], [10, 23, 11, 24], [1, 4, 2, 5], [3, 18, 4, 19], [5, 9, 6, 8], [7, 14, 8, 15], [9, 17, 10, 16], [20, 12, 21, 11]]"
12n_0300_44,"[[20, 12, 21, 11], [24, 13, 1, 14], [15, 6, 16, 7], [17, 2, 18, 3], [22, 20, 23, 19], [12, 22, 13, 21], [10, 23, 11, 24], [1, 4, 2, 5], [3, 18, 4, 19], [5, 9, 6, 8], [7, 14, 8, 15], [9, 17, 10, 16]]"
12n_0300_45,"[[9, 17, 10, 16], [20, 12, 21, 11], [24, 13, 1, 14], [15, 6, 16, 7], [17, 2, 18, 3], [22, 20, 23, 19], [12, 22, 13, 21], [10, 23, 11, 24], [1, 4, 2, 5], [3, 18, 4, 19], [5, 9, 6, 8], [7, 14, 8, 15]]"
12n_0300_46,"[[7, 14, 8, 15], [9, 17, 10, 16], [20, 12, 21, 11], [24, 13, 1, 14], [15, 6, 16, 7], [17, 2, 18, 3], [22, 20, 23, 19], [12, 22, 13, 21], [10, 23, 11, 24], [1, 4, 2, 5], [3, 18, 4, 19], [5, 9, 6, 8]]"
12n_0300_47,"[[5, 9, 6, 8], [7, 14, 8, 15], [9, 17, 10, 16], [20, 12, 21, 11], [24, 13, 1, 14], [15, 6, 16, 7], [17, 2, 18, 3], [22, 20, 23, 19], [12, 22, 13, 21], [10, 23, 11, 24], [1, 4, 2, 5], [3, 18, 4, 19]]"
12n_0300_48,"[[4, 19, 5, 20], [6, 10, 7, 9], [8, 15, 9, 16], [10, 18, 11, 17], [21, 13, 22, 12], [1, 14, 2, 15], [16, 7, 17, 8], [18, 3, 19, 4], [23, 21, 24, 20], [13, 23, 14, 22], [11, 24, 12, 1], [2, 5, 3, 6]]"
12n_0300_49,"[[2, 5, 3, 6], [4, 19, 5, 20], [6, 10, 7, 9], [8, 15, 9, 16], [10, 18, 11, 17], [21, 13, 22, 12], [1, 14, 2, 15], [16, 7, 17, 8], [18, 3, 19, 4], [23, 21, 24, 20], [13, 23, 14, 22], [11, 24, 12, 1]]"
12n_0300_50,"[[11, 24, 12, 1], [2, 5, 3, 6], [4, 19, 5, 20], [6, 10, 7, 9], [8, 15, 9, 16], [10, 18, 11, 17], [21, 13, 22, 12], [1, 14, 2, 15], [16, 7, 17, 8], [18, 3, 19, 4], [23, 21, 24, 20], [13, 23, 14, 22]]"
12n_0300_51,"[[13, 23, 14, 22], [11, 24, 12, 1], [2, 5, 3, 6], [4, 19, 5, 20], [6, 10, 7, 9], [8, 15, 9, 16], [10, 18, 11, 17], [21, 13, 22, 12], [1, 14, 2, 15], [16, 7, 17, 8], [18, 3, 19, 4], [23, 21, 24, 20]]"
12n_0300_52,"[[23, 21, 24, 20], [13, 23, 14, 22], [11, 24, 12, 1], [2, 5, 3, 6], [4, 19, 5, 20], [6, 10, 7, 9], [8, 15, 9, 16], [10, 18, 11, 17], [21, 13, 22, 12], [1, 14, 2, 15], [16, 7, 17, 8], [18, 3, 19, 4]]"
12n_0300_53,"[[18, 3, 19, 4], [23, 21, 24, 20], [13, 23, 14, 22], [11, 24, 12, 1], [2, 5, 3, 6], [4, 19, 5, 20], [6, 10, 7, 9], [8, 15, 9, 16], [10, 18, 11, 17], [21, 13, 22, 12], [1, 14, 2, 15], [16, 7, 17, 8]]"
12n_0300_54,"[[16, 7, 17, 8], [18, 3, 19, 4], [23, 21, 24, 20], [13, 23, 14, 22], [11, 24, 12, 1], [2, 5, 3, 6], [4, 19, 5, 20], [6, 10, 7, 9], [8, 15, 9, 16], [10, 18, 11, 17], [21, 13, 22, 12], [1, 14, 2, 15]]"
12n_0300_55,"[[1, 14, 2, 15], [16, 7, 17, 8], [18, 3, 19, 4], [23, 21, 24, 20], [13, 23, 14, 22], [11, 24, 12, 1], [2, 5, 3, 6], [4, 19, 5, 20], [6, 10, 7, 9], [8, 15, 9, 16], [10, 18, 11, 17], [21, 13, 22, 12]]"
12n_0300_56,"[[21, 13, 22, 12], [1, 14, 2, 15], [16, 7, 17, 8], [18, 3, 19, 4], [23, 21, 24, 20], [13, 23, 14, 22], [11, 24, 12, 1], [2, 5, 3, 6], [4, 19, 5, 20], [6, 10, 7, 9], [8, 15, 9, 16], [10, 18, 11, 17]]"
12n_0300_57,"[[10, 18, 11, 17], [21, 13, 22, 12], [1, 14, 2, 15], [16, 7, 17, 8], [18, 3, 19, 4], [23, 21, 24, 20], [13, 23, 14, 22], [11, 24, 12, 1], [2, 5, 3, 6], [4, 19, 5, 20], [6, 10, 7, 9], [8, 15, 9, 16]]"
12n_0300_58,"[[8, 15, 9, 16], [10, 18, 11, 17], [21, 13, 22, 12], [1, 14, 2, 15], [16, 7, 17, 8], [18, 3, 19, 4], [23, 21, 24, 20], [13, 23, 14, 22], [11, 24, 12, 1], [2, 5, 3, 6], [4, 19, 5, 20], [6, 10, 7, 9]]"
12n_0300_59,"[[6, 10, 7, 9], [8, 15, 9, 16], [10, 18, 11, 17], [21, 13, 22, 12], [1, 14, 2, 15], [16, 7, 17, 8], [18, 3, 19, 4], [23, 21, 24, 20], [13, 23, 14, 22], [11, 24, 12, 1], [2, 5, 3, 6], [4, 19, 5, 20]]"
12n_0300_60,"[[5, 20, 6, 21], [7, 11, 8, 10], [9, 16, 10, 17], [11, 19, 12, 18], [22, 14, 23, 13], [2, 15, 3, 16], [17, 8, 18, 9], [19, 4, 20, 5], [24, 22, 1, 21], [14, 24, 15, 23], [12, 1, 13, 2], [3, 6, 4, 7]]"
12n_0300_61,"[[3, 6, 4, 7], [5, 20, 6, 21], [7, 11, 8, 10], [9, 16, 10, 17], [11, 19, 12, 18], [22, 14, 23, 13], [2, 15, 3, 16], [17, 8, 18, 9], [19, 4, 20, 5], [24, 22, 1, 21], [14, 24, 15, 23], [12, 1, 13, 2]]"
12n_0300_62,"[[12, 1, 13, 2], [3, 6, 4, 7], [5, 20, 6, 21], [7, 11, 8, 10], [9, 16, 10, 17], [11, 19, 12, 18], [22, 14, 23, 13], [2, 15, 3, 16], [17, 8, 18, 9], [19, 4, 20, 5], [24, 22, 1, 21], [14, 24, 15, 23]]"
12n_0300_63,"[[14, 24, 15, 23], [12, 1, 13, 2], [3, 6, 4, 7], [5, 20, 6, 21], [7, 11, 8, 10], [9, 16, 10, 17], [11, 19, 12, 18], [22, 14, 23, 13], [2, 15, 3, 16], [17, 8, 18, 9], [19, 4, 20, 5], [24, 22, 1, 21]]"
12n_0300_64,"[[24, 22, 1, 21], [14, 24, 15, 23], [12, 1, 13, 2], [3, 6, 4, 7], [5, 20, 6, 21], [7, 11, 8, 10], [9, 16, 10, 17], [11, 19, 12, 18], [22, 14, 23, 13], [2, 15, 3, 16], [17, 8, 18, 9], [19, 4, 20, 5]]"
12n_0300_65,"[[19, 4, 20, 5], [24, 22, 1, 21], [14, 24, 15, 23], [12, 1, 13, 2], [3, 6, 4, 7], [5, 20, 6, 21], [7, 11, 8, 10], [9, 16, 10, 17], [11, 19, 12, 18], [22, 14, 23, 13], [2, 15, 3, 16], [17, 8, 18, 9]]"
12n_0300_66,"[[17, 8, 18, 9], [19, 4, 20, 5], [24, 22, 1, 21], [14, 24, 15, 23], [12, 1, 13, 2], [3, 6, 4, 7], [5, 20, 6, 21], [7, 11, 8, 10], [9, 16, 10, 17], [11, 19, 12, 18], [22, 14, 23, 13], [2, 15, 3, 16]]"
12n_0300_67,"[[2, 15, 3, 16], [17, 8, 18, 9], [19, 4, 20, 5], [24, 22, 1, 21], [14, 24, 15, 23], [12, 1, 13, 2], [3, 6, 4, 7], [5, 20, 6, 21], [7, 11, 8, 10], [9, 16, 10, 17], [11, 19, 12, 18], [22, 14, 23, 13]]"
12n_0300_68,"[[22, 14, 23, 13], [2, 15, 3, 16], [17, 8, 18, 9], [19, 4, 20, 5], [24, 22, 1, 21], [14, 24, 15, 23], [12, 1, 13, 2], [3, 6, 4, 7], [5, 20, 6, 21], [7, 11, 8, 10], [9, 16, 10, 17], [11, 19, 12, 18]]"
12n_0300_69,"[[11, 19, 12, 18], [22, 14, 23, 13], [2, 15, 3, 16], [17, 8, 18, 9], [19, 4, 20, 5], [24, 22, 1, 21], [14, 24, 15, 23], [12, 1, 13, 2], [3, 6, 4, 7], [5, 20, 6, 21], [7, 11, 8, 10], [9, 16, 10, 17]]"
12n_0300_70,"[[9, 16, 10, 17], [11, 19, 12, 18], [22, 14, 23, 13], [2, 15, 3, 16], [17, 8, 18, 9], [19, 4, 20, 5], [24, 22, 1, 21], [14, 24, 15, 23], [12, 1, 13, 2], [3, 6, 4, 7], [5, 20, 6, 21], [7, 11, 8, 10]]"
12n_0300_71,"[[7, 11, 8, 10], [9, 16, 10, 17], [11, 19, 12, 18], [22, 14, 23, 13], [2, 15, 3, 16], [17, 8, 18, 9], [19, 4, 20, 5], [24, 22, 1, 21], [14, 24, 15, 23], [12, 1, 13, 2], [3, 6, 4, 7], [5, 20, 6, 21]]"
12n_0300_72,"[[6, 21, 7, 22], [8, 12, 9, 11], [10, 17, 11, 18], [12, 20, 13, 19], [23, 15, 24, 14], [3, 16, 4, 17], [18, 9, 19, 10], [20, 5, 21, 6], [1, 23, 2, 22], [15, 1, 16, 24], [13, 2, 14, 3], [4, 7, 5, 8]]"
12n_0300_73,"[[4, 7, 5, 8], [6, 21, 7, 22], [8, 12, 9, 11], [10, 17, 11, 18], [12, 20, 13, 19], [23, 15, 24, 14], [3, 16, 4, 17], [18, 9, 19, 10], [20, 5, 21, 6], [1, 23, 2, 22], [15, 1, 16, 24], [13, 2, 14, 3]]"
12n_0300_74,"[[13, 2, 14, 3], [4, 7, 5, 8], [6, 21, 7, 22], [8, 12, 9, 11], [10, 17, 11, 18], [12, 20, 13, 19], [23, 15, 24, 14], [3, 16, 4, 17], [18, 9, 19, 10], [20, 5, 21, 6], [1, 23, 2, 22], [15, 1, 16, 24]]"
12n_0300_75,"[[15, 1, 16, 24], [13, 2, 14, 3], [4, 7, 5, 8], [6, 21, 7, 22], [8, 12, 9, 11], [10, 17, 11, 18], [12, 20, 13, 19], [23, 15, 24, 14], [3, 16, 4, 17], [18, 9, 19, 10], [20, 5, 21, 6], [1, 23, 2, 22]]"
12n_0300_76,"[[1, 23, 2, 22], [15, 1, 16, 24], [13, 2, 14, 3], [4, 7, 5, 8], [6, 21, 7, 22], [8, 12, 9, 11], [10, 17, 11, 18], [12, 20, 13, 19], [23, 15, 24, 14], [3, 16, 4, 17], [18, 9, 19, 10], [20, 5, 21, 6]]"
12n_0300_77,"[[20, 5, 21, 6], [1, 23, 2, 22], [15, 1, 16, 24], [13, 2, 14, 3], [4, 7, 5, 8], [6, 21, 7, 22], [8, 12, 9, 11], [10, 17, 11, 18], [12, 20, 13, 19], [23, 15, 24, 14], [3, 16, 4, 17], [18, 9, 19, 10]]"
12n_0300_78,"[[18, 9, 19, 10], [20, 5, 21, 6], [1, 23, 2, 22], [15, 1, 16, 24], [13, 2, 14, 3], [4, 7, 5, 8], [6, 21, 7, 22], [8, 12, 9, 11], [10, 17, 11, 18], [12, 20, 13, 19], [23, 15, 24, 14], [3, 16, 4, 17]]"
12n_0300_79,"[[3, 16, 4, 17], [18, 9, 19, 10], [20, 5, 21, 6], [1, 23, 2, 22], [15, 1, 16, 24], [13, 2, 14, 3], [4, 7, 5, 8], [6, 21, 7, 22], [8, 12, 9, 11], [10, 17, 11, 18], [12, 20, 13, 19], [23, 15, 24, 14]]"
12n_0300_80,"[[23, 15, 24, 14], [3, 16, 4, 17], [18, 9, 19, 10], [20, 5, 21, 6], [1, 23, 2, 22], [15, 1, 16, 24], [13, 2, 14, 3], [4, 7, 5, 8], [6, 21, 7, 22], [8, 12, 9, 11], [10, 17, 11, 18], [12, 20, 13, 19]]"
12n_0300_81,"[[12, 20, 13, 19], [23, 15, 24, 14], [3, 16, 4, 17], [18, 9, 19, 10], [20, 5, 21, 6], [1, 23, 2, 22], [15, 1, 16, 24], [13, 2, 14, 3], [4, 7, 5, 8], [6, 21, 7, 22], [8, 12, 9, 11], [10, 17, 11, 18]]"
12n_0300_82,"[[10, 17, 11, 18], [12, 20, 13, 19], [23, 15, 24, 14], [3, 16, 4, 17], [18, 9, 19, 10], [20, 5, 21, 6], [1, 23, 2, 22], [15, 1, 16, 24], [13, 2, 14, 3], [4, 7, 5, 8], [6, 21, 7, 22], [8, 12, 9, 11]]"
12n_0300_83,"[[8, 12, 9, 11], [10, 17, 11, 18], [12, 20, 13, 19], [23, 15, 24, 14], [3, 16, 4, 17], [18, 9, 19, 10], [20, 5, 21, 6], [1, 23, 2, 22], [15, 1, 16, 24], [13, 2, 14, 3], [4, 7, 5, 8], [6, 21, 7, 22]]"
12n_0300_84,"[[7, 22, 8, 23], [9, 13, 10, 12], [11, 18, 12, 19], [13, 21, 14, 20], [24, 16, 1, 15], [4, 17, 5, 18], [19, 10, 20, 11], [21, 6, 22, 7], [2, 24, 3, 23], [16, 2, 17, 1], [14, 3, 15, 4], [5, 8, 6, 9]]"
12n_0300_85,"[[5, 8, 6, 9], [7, 22, 8, 23], [9, 13, 10, 12], [11, 18, 12, 19], [13, 21, 14, 20], [24, 16, 1, 15], [4, 17, 5, 18], [19, 10, 20, 11], [21, 6, 22, 7], [2, 24, 3, 23], [16, 2, 17, 1], [14, 3, 15, 4]]"
12n_0300_86,"[[14, 3, 15, 4], [5, 8, 6, 9], [7, 22, 8, 23], [9, 13, 10, 12], [11, 18, 12, 19], [13, 21, 14, 20], [24, 16, 1, 15], [4, 17, 5, 18], [19, 10, 20, 11], [21, 6, 22, 7], [2, 24, 3, 23], [16, 2, 17, 1]]"
12n_0300_87,"[[16, 2, 17, 1], [14, 3, 15, 4], [5, 8, 6, 9], [7, 22, 8, 23], [9, 13, 10, 12], [11, 18, 12, 19], [13, 21, 14, 20], [24, 16, 1, 15], [4, 17, 5, 18], [19, 10, 20, 11], [21, 6, 22, 7], [2, 24, 3, 23]]"
12n_0300_88,"[[2, 24, 3, 23], [16, 2, 17, 1], [14, 3, 15, 4], [5, 8, 6, 9], [7, 22, 8, 23], [9, 13, 10, 12], [11, 18, 12, 19], [13, 21, 14, 20], [24, 16, 1, 15], [4, 17, 5, 18], [19, 10, 20, 11], [21, 6, 22, 7]]"
12n_0300_89,"[[21, 6, 22, 7], [2, 24, 3, 23], [16, 2, 17, 1], [14, 3, 15, 4], [5, 8, 6, 9], [7, 22, 8, 23], [9, 13, 10, 12], [11, 18, 12, 19], [13, 21, 14, 20], [24, 16, 1, 15], [4, 17, 5, 18], [19, 10, 20, 11]]"
12n_0300_90,"[[19, 10, 20, 11], [21, 6, 22, 7], [2, 24, 3, 23], [16, 2, 17, 1], [14, 3, 15, 4], [5, 8, 6, 9], [7, 22, 8, 23], [9, 13, 10, 12], [11, 18, 12, 19], [13, 21, 14, 20], [24, 16, 1, 15], [4, 17, 5, 18]]"
12n_0300_91,"[[4, 17, 5, 18], [19, 10, 20, 11], [21, 6, 22, 7], [2, 24, 3, 23], [16, 2, 17, 1], [14, 3, 15, 4], [5, 8, 6, 9], [7, 22, 8, 23], [9, 13, 10, 12], [11, 18, 12, 19], [13, 21, 14, 20], [24, 16, 1, 15]]"
12n_0300_92,"[[24, 16, 1, 15], [4, 17, 5, 18], [19, 10, 20, 11], [21, 6, 22, 7], [2, 24, 3, 23], [16, 2, 17, 1], [14, 3, 15, 4], [5, 8, 6, 9], [7, 22, 8, 23], [9, 13, 10, 12], [11, 18, 12, 19], [13, 21, 14, 20]]"
12n_0300_93,"[[13, 21, 14, 20], [24, 16, 1, 15], [4, 17, 5, 18], [19, 10, 20, 11], [21, 6, 22, 7], [2, 24, 3, 23], [16, 2, 17, 1], [14, 3, 15, 4], [5, 8, 6, 9], [7, 22, 8, 23], [9, 13, 10, 12], [11, 18, 12, 19]]"
12n_0300_94,"[[11, 18, 12, 19], [13, 21, 14, 20], [24, 16, 1, 15], [4, 17, 5, 18], [19, 10, 20, 11], [21, 6, 22, 7], [2, 24, 3, 23], [16, 2, 17, 1], [14, 3, 15, 4], [5, 8, 6, 9], [7, 22, 8, 23], [9, 13, 10, 12]]"
12n_0300_95,"[[9, 13, 10, 12], [11, 18, 12, 19], [13, 21, 14, 20], [24, 16, 1, 15], [4, 17, 5, 18], [19, 10, 20, 11], [21, 6, 22, 7], [2, 24, 3, 23], [16, 2, 17, 1], [14, 3, 15, 4], [5, 8, 6, 9], [7, 22, 8, 23]]"
12n_0300_96,"[[8, 23, 9, 24], [10, 14, 11, 13], [12, 19, 13, 20], [14, 22, 15, 21], [1, 17, 2, 16], [5, 18, 6, 19], [20, 11, 21, 12], [22, 7, 23, 8], [3, 1, 4, 24], [17, 3, 18, 2], [15, 4, 16, 5], [6, 9, 7, 10]]"
12n_0300_97,"[[6, 9, 7, 10], [8, 23, 9, 24], [10, 14, 11, 13], [12, 19, 13, 20], [14, 22, 15, 21], [1, 17, 2, 16], [5, 18, 6, 19], [20, 11, 21, 12], [22, 7, 23, 8], [3, 1, 4, 24], [17, 3, 18, 2], [15, 4, 16, 5]]"
12n_0300_98,"[[15, 4, 16, 5], [6, 9, 7, 10], [8, 23, 9, 24], [10, 14, 11, 13], [12, 19, 13, 20], [14, 22, 15, 21], [1, 17, 2, 16], [5, 18, 6, 19], [20, 11, 21, 12], [22, 7, 23, 8], [3, 1, 4, 24], [17, 3, 18, 2]]"
12n_0300_99,"[[17, 3, 18, 2], [15, 4, 16, 5], [6, 9, 7, 10], [8, 23, 9, 24], [10, 14, 11, 13], [12, 19, 13, 20], [14, 22, 15, 21], [1, 17, 2, 16], [5, 18, 6, 19], [20, 11, 21, 12], [22, 7, 23, 8], [3, 1, 4, 24]]"
12n_0300_100,"[[3, 1, 4, 24], [17, 3, 18, 2], [15, 4, 16, 5], [6, 9, 7, 10], [8, 23, 9, 24], [10, 14, 11, 13], [12, 19, 13, 20], [14, 22, 15, 21], [1, 17, 2, 16], [5, 18, 6, 19], [20, 11, 21, 12], [22, 7, 23, 8]]"
12n_0300_101,"[[22, 7, 23, 8], [3, 1, 4, 24], [17, 3, 18, 2], [15, 4, 16, 5], [6, 9, 7, 10], [8, 23, 9, 24], [10, 14, 11, 13], [12, 19, 13, 20], [14, 22, 15, 21], [1, 17, 2, 16], [5, 18, 6, 19], [20, 11, 21, 12]]"
12n_0300_102,"[[20, 11, 21, 12], [22, 7, 23, 8], [3, 1, 4, 24], [17, 3, 18, 2], [15, 4, 16, 5], [6, 9, 7, 10], [8, 23, 9, 24], [10, 14, 11, 13], [12, 19, 13, 20], [14, 22, 15, 21], [1, 17, 2, 16], [5, 18, 6, 19]]"
12n_0300_103,"[[5, 18, 6, 19], [20, 11, 21, 12], [22, 7, 23, 8], [3, 1, 4, 24], [17, 3, 18, 2], [15, 4, 16, 5], [6, 9, 7, 10], [8, 23, 9, 24], [10, 14, 11, 13], [12, 19, 13, 20], [14, 22, 15, 21], [1, 17, 2, 16]]"
12n_0300_104,"[[1, 17, 2, 16], [5, 18, 6, 19], [20, 11, 21, 12], [22, 7, 23, 8], [3, 1, 4, 24], [17, 3, 18, 2], [15, 4, 16, 5], [6, 9, 7, 10], [8, 23, 9, 24], [10, 14, 11, 13], [12, 19, 13, 20], [14, 22, 15, 21]]"
12n_0300_105,"[[14, 22, 15, 21], [1, 17, 2, 16], [5, 18, 6, 19], [20, 11, 21, 12], [22, 7, 23, 8], [3, 1, 4, 24], [17, 3, 18, 2], [15, 4, 16, 5], [6, 9, 7, 10], [8, 23, 9, 24], [10, 14, 11, 13], [12, 19, 13, 20]]"
12n_0300_106,"[[12, 19, 13, 20], [14, 22, 15, 21], [1, 17, 2, 16], [5, 18, 6, 19], [20, 11, 21, 12], [22, 7, 23, 8], [3, 1, 4, 24], [17, 3, 18, 2], [15, 4, 16, 5], [6, 9, 7, 10], [8, 23, 9, 24], [10, 14, 11, 13]]"
12n_0300_107,"[[10, 14, 11, 13], [12, 19, 13, 20], [14, 22, 15, 21], [1, 17, 2, 16], [5, 18, 6, 19], [20, 11, 21, 12], [22, 7, 23, 8], [3, 1, 4, 24], [17, 3, 18, 2], [15, 4, 16, 5], [6, 9, 7, 10], [8, 23, 9, 24]]"
12n_0300_108,"[[9, 24, 10, 1], [11, 15, 12, 14], [13, 20, 14, 21], [15, 23, 16, 22], [2, 18, 3, 17], [6, 19, 7, 20], [21, 12, 22, 13], [23, 8, 24, 9], [4, 2, 5, 1], [18, 4, 19, 3], [16, 5, 17, 6], [7, 10, 8, 11]]"
12n_0300_109,"[[7, 10, 8, 11], [9, 24, 10, 1], [11, 15, 12, 14], [13, 20, 14, 21], [15, 23, 16, 22], [2, 18, 3, 17], [6, 19, 7, 20], [21, 12, 22, 13], [23, 8, 24, 9], [4, 2, 5, 1], [18, 4, 19, 3], [16, 5, 17, 6]]"
12n_0300_110,"[[16, 5, 17, 6], [7, 10, 8, 11], [9, 24, 10, 1], [11, 15, 12, 14], [13, 20, 14, 21], [15, 23, 16, 22], [2, 18, 3, 17], [6, 19, 7, 20], [21, 12, 22, 13], [23, 8, 24, 9], [4, 2, 5, 1], [18, 4, 19, 3]]"
12n_0300_111,"[[18, 4, 19, 3], [16, 5, 17, 6], [7, 10, 8, 11], [9, 24, 10, 1], [11, 15, 12, 14], [13, 20, 14, 21], [15, 23, 16, 22], [2, 18, 3, 17], [6, 19, 7, 20], [21, 12, 22, 13], [23, 8, 24, 9], [4, 2, 5, 1]]"
12n_0300_112,"[[4, 2, 5, 1], [18, 4, 19, 3], [16, 5, 17, 6], [7, 10, 8, 11], [9, 24, 10, 1], [11, 15, 12, 14], [13, 20, 14, 21], [15, 23, 16, 22], [2, 18, 3, 17], [6, 19, 7, 20], [21, 12, 22, 13], [23, 8, 24, 9]]"
12n_0300_113,"[[23, 8, 24, 9], [4, 2, 5, 1], [18, 4, 19, 3], [16, 5, 17, 6], [7, 10, 8, 11], [9, 24, 10, 1], [11, 15, 12, 14], [13, 20, 14, 21], [15, 23, 16, 22], [2, 18, 3, 17], [6, 19, 7, 20], [21, 12, 22, 13]]"
12n_0300_114,"[[21, 12, 22, 13], [23, 8, 24, 9], [4, 2, 5, 1], [18, 4, 19, 3], [16, 5, 17, 6], [7, 10, 8, 11], [9, 24, 10, 1], [11, 15, 12, 14], [13, 20, 14, 21], [15, 23, 16, 22], [2, 18, 3, 17], [6, 19, 7, 20]]"
12n_0300_115,"[[6, 19, 7, 20], [21, 12, 22, 13], [23, 8, 24, 9], [4, 2, 5, 1], [18, 4, 19, 3], [16, 5, 17, 6], [7, 10, 8, 11], [9, 24, 10, 1], [11, 15, 12, 14], [13, 20, 14, 21], [15, 23, 16, 22], [2, 18, 3, 17]]"
12n_0300_116,"[[2, 18, 3, 17], [6, 19, 7, 20], [21, 12, 22, 13], [23, 8, 24, 9], [4, 2, 5, 1], [18, 4, 19, 3], [16, 5, 17, 6], [7, 10, 8, 11], [9, 24, 10, 1], [11, 15, 12, 14], [13, 20, 14, 21], [15, 23, 16, 22]]"
12n_0300_117,"[[15, 23, 16, 22], [2, 18, 3, 17], [6, 19, 7, 20], [21, 12, 22, 13], [23, 8, 24, 9], [4, 2, 5, 1], [18, 4, 19, 3], [16, 5, 17, 6], [7, 10, 8, 11], [9, 24, 10, 1], [11, 15, 12, 14], [13, 20, 14, 21]]"
12n_0300_118,"[[13, 20, 14, 21], [15, 23, 16, 22], [2, 18, 3, 17], [6, 19, 7, 20], [21, 12, 22, 13], [23, 8, 24, 9], [4, 2, 5, 1], [18, 4, 19, 3], [16, 5, 17, 6], [7, 10, 8, 11], [9, 24, 10, 1], [11, 15, 12, 14]]"
12n_0300_119,"[[11, 15, 12, 14], [13, 20, 14, 21], [15, 23, 16, 22], [2, 18, 3, 17], [6, 19, 7, 20], [21, 12, 22, 13], [23, 8, 24, 9], [4, 2, 5, 1], [18, 4, 19, 3], [16, 5, 17, 6], [7, 10, 8, 11], [9, 24, 10, 1]]"
12n_0300_120,"[[10, 1, 11, 2], [12, 16, 13, 15], [14, 21, 15, 22], [16, 24, 17, 23], [3, 19, 4, 18], [7, 20, 8, 21], [22, 13, 23, 14], [24, 9, 1, 10], [5, 3, 6, 2], [19, 5, 20, 4], [17, 6, 18, 7], [8, 11, 9, 12]]"
12n_0300_121,"[[8, 11, 9, 12], [10, 1, 11, 2], [12, 16, 13, 15], [14, 21, 15, 22], [16, 24, 17, 23], [3, 19, 4, 18], [7, 20, 8, 21], [22, 13, 23, 14], [24, 9, 1, 10], [5, 3, 6, 2], [19, 5, 20, 4], [17, 6, 18, 7]]"
12n_0300_122,"[[17, 6, 18, 7], [8, 11, 9, 12], [10, 1, 11, 2], [12, 16, 13, 15], [14, 21, 15, 22], [16, 24, 17, 23], [3, 19, 4, 18], [7, 20, 8, 21], [22, 13, 23, 14], [24, 9, 1, 10], [5, 3, 6, 2], [19, 5, 20, 4]]"
12n_0300_123,"[[19, 5, 20, 4], [17, 6, 18, 7], [8, 11, 9, 12], [10, 1, 11, 2], [12, 16, 13, 15], [14, 21, 15, 22], [16, 24, 17, 23], [3, 19, 4, 18], [7, 20, 8, 21], [22, 13, 23, 14], [24, 9, 1, 10], [5, 3, 6, 2]]"
12n_0300_124,"[[5, 3, 6, 2], [19, 5, 20, 4], [17, 6, 18, 7], [8, 11, 9, 12], [10, 1, 11, 2], [12, 16, 13, 15], [14, 21, 15, 22], [16, 24, 17, 23], [3, 19, 4, 18], [7, 20, 8, 21], [22, 13, 23, 14], [24, 9, 1, 10]]"
12n_0300_125,"[[24, 9, 1, 10], [5, 3, 6, 2], [19, 5, 20, 4], [17, 6, 18, 7], [8, 11, 9, 12], [10, 1, 11, 2], [12, 16, 13, 15], [14, 21, 15, 22], [16, 24, 17, 23], [3, 19, 4, 18], [7, 20, 8, 21], [22, 13, 23, 14]]"
12n_0300_126,"[[22, 13, 23, 14], [24, 9, 1, 10], [5, 3, 6, 2], [19, 5, 20, 4], [17, 6, 18, 7], [8, 11, 9, 12], [10, 1, 11, 2], [12, 16, 13, 15], [14, 21, 15, 22], [16, 24, 17, 23], [3, 19, 4, 18], [7, 20, 8, 21]]"
12n_0300_127,"[[7, 20, 8, 21], [22, 13, 23, 14], [24, 9, 1, 10], [5, 3, 6, 2], [19, 5, 20, 4], [17, 6, 18, 7], [8, 11, 9, 12], [10, 1, 11, 2], [12, 16, 13, 15], [14, 21, 15, 22], [16, 24, 17, 23], [3, 19, 4, 18]]"
12n_0300_128,"[[3, 19, 4, 18], [7, 20, 8, 21], [22, 13, 23, 14], [24, 9, 1, 10], [5, 3, 6, 2], [19, 5, 20, 4], [17, 6, 18, 7], [8, 11, 9, 12], [10, 1, 11, 2], [12, 16, 13, 15], [14, 21, 15, 22], [16, 24, 17, 23]]"
12n_0300_129,"[[16, 24, 17, 23], [3, 19, 4, 18], [7, 20, 8, 21], [22, 13, 23, 14], [24, 9, 1, 10], [5, 3, 6, 2], [19, 5, 20, 4], [17, 6, 18, 7], [8, 11, 9, 12], [10, 1, 11, 2], [12, 16, 13, 15], [14, 21, 15, 22]]"
12n_0300_130,"[[14, 21, 15, 22], [16, 24, 17, 23], [3, 19, 4, 18], [7, 20, 8, 21], [22, 13, 23, 14], [24, 9, 1, 10], [5, 3, 6, 2], [19, 5, 20, 4], [17, 6, 18, 7], [8, 11, 9, 12], [10, 1, 11, 2], [12, 16, 13, 15]]"
12n_0300_131,"[[12, 16, 13, 15], [14, 21, 15, 22], [16, 24, 17, 23], [3, 19, 4, 18], [7, 20, 8, 21], [22, 13, 23, 14], [24, 9, 1, 10], [5, 3, 6, 2], [19, 5, 20, 4], [17, 6, 18, 7], [8, 11, 9, 12], [10, 1, 11, 2]]"
12n_0300_132,"[[11, 2, 12, 3], [13, 17, 14, 16], [15, 22, 16, 23], [17, 1, 18, 24], [4, 20, 5, 19], [8, 21, 9, 22], [23, 14, 24, 15], [1, 10, 2, 11], [6, 4, 7, 3], [20, 6, 21, 5], [18, 7, 19, 8], [9, 12, 10, 13]]"
12n_0300_133,"[[9, 12, 10, 13], [11, 2, 12, 3], [13, 17, 14, 16], [15, 22, 16, 23], [17, 1, 18, 24], [4, 20, 5, 19], [8, 21, 9, 22], [23, 14, 24, 15], [1, 10, 2, 11], [6, 4, 7, 3], [20, 6, 21, 5], [18, 7, 19, 8]]"
12n_0300_134,"[[18, 7, 19, 8], [9, 12, 10, 13], [11, 2, 12, 3], [13, 17, 14, 16], [15, 22, 16, 23], [17, 1, 18, 24], [4, 20, 5, 19], [8, 21, 9, 22], [23, 14, 24, 15], [1, 10, 2, 11], [6, 4, 7, 3], [20, 6, 21, 5]]"
12n_0300_135,"[[20, 6, 21, 5], [18, 7, 19, 8], [9, 12, 10, 13], [11, 2, 12, 3], [13, 17, 14, 16], [15, 22, 16, 23], [17, 1, 18, 24], [4, 20, 5, 19], [8, 21, 9, 22], [23, 14, 24, 15], [1, 10, 2, 11], [6, 4, 7, 3]]"
12n_0300_136,"[[6, 4, 7, 3], [20, 6, 21, 5], [18, 7, 19, 8], [9, 12, 10, 13], [11, 2, 12, 3], [13, 17, 14, 16], [15, 22, 16, 23], [17, 1, 18, 24], [4, 20, 5, 19], [8, 21, 9, 22], [23, 14, 24, 15], [1, 10, 2, 11]]"
12n_0300_137,"[[1, 10, 2, 11], [6, 4, 7, 3], [20, 6, 21, 5], [18, 7, 19, 8], [9, 12, 10, 13], [11, 2, 12, 3], [13, 17, 14, 16], [15, 22, 16, 23], [17, 1, 18, 24], [4, 20, 5, 19], [8, 21, 9, 22], [23, 14, 24, 15]]"
12n_0300_138,"[[23, 14, 24, 15], [1, 10, 2, 11], [6, 4, 7, 3], [20, 6, 21, 5], [18, 7, 19, 8], [9, 12, 10, 13], [11, 2, 12, 3], [13, 17, 14, 16], [15, 22, 16, 23], [17, 1, 18, 24], [4, 20, 5, 19], [8, 21, 9, 22]]"
12n_0300_139,"[[8, 21, 9, 22], [23, 14, 24, 15], [1, 10, 2, 11], [6, 4, 7, 3], [20, 6, 21, 5], [18, 7, 19, 8], [9, 12, 10, 13], [11, 2, 12, 3], [13, 17, 14, 16], [15, 22, 16, 23], [17, 1, 18, 24], [4, 20, 5, 19]]"
12n_0300_140,"[[4, 20, 5, 19], [8, 21, 9, 22], [23, 14, 24, 15], [1, 10, 2, 11], [6, 4, 7, 3], [20, 6, 21, 5], [18, 7, 19, 8], [9, 12, 10, 13], [11, 2, 12, 3], [13, 17, 14, 16], [15, 22, 16, 23], [17, 1, 18, 24]]"
12n_0300_141,"[[17, 1, 18, 24], [4, 20, 5, 19], [8, 21, 9, 22], [23, 14, 24, 15], [1, 10, 2, 11], [6, 4, 7, 3], [20, 6, 21, 5], [18, 7, 19, 8], [9, 12, 10, 13], [11, 2, 12, 3], [13, 17, 14, 16], [15, 22, 16, 23]]"
12n_0300_142,"[[15, 22, 16, 23], [17, 1, 18, 24], [4, 20, 5, 19], [8, 21, 9, 22], [23, 14, 24, 15], [1, 10, 2, 11], [6, 4, 7, 3], [20, 6, 21, 5], [18, 7, 19, 8], [9, 12, 10, 13], [11, 2, 12, 3], [13, 17, 14, 16]]"
12n_0300_143,"[[13, 17, 14, 16], [15, 22, 16, 23], [17, 1, 18, 24], [4, 20, 5, 19], [8, 21, 9, 22], [23, 14, 24, 15], [1, 10, 2, 11], [6, 4, 7, 3], [20, 6, 21, 5], [18, 7, 19, 8], [9, 12, 10, 13], [11, 2, 12, 3]]"
12n_0300_144,"[[12, 3, 13, 4], [14, 18, 15, 17], [16, 23, 17, 24], [18, 2, 19, 1], [5, 21, 6, 20], [9, 22, 10, 23], [24, 15, 1, 16], [2, 11, 3, 12], [7, 5, 8, 4], [21, 7, 22, 6], [19, 8, 20, 9], [10, 13, 11, 14]]"
12n_0300_145,"[[10, 13, 11, 14], [12, 3, 13, 4], [14, 18, 15, 17], [16, 23, 17, 24], [18, 2, 19, 1], [5, 21, 6, 20], [9, 22, 10, 23], [24, 15, 1, 16], [2, 11, 3, 12], [7, 5, 8, 4], [21, 7, 22, 6], [19, 8, 20, 9]]"
12n_0300_146,"[[19, 8, 20, 9], [10, 13, 11, 14], [12, 3, 13, 4], [14, 18, 15, 17], [16, 23, 17, 24], [18, 2, 19, 1], [5, 21, 6, 20], [9, 22, 10, 23], [24, 15, 1, 16], [2, 11, 3, 12], [7, 5, 8, 4], [21, 7, 22, 6]]"
12n_0300_147,"[[21, 7, 22, 6], [19, 8, 20, 9], [10, 13, 11, 14], [12, 3, 13, 4], [14, 18, 15, 17], [16, 23, 17, 24], [18, 2, 19, 1], [5, 21, 6, 20], [9, 22, 10, 23], [24, 15, 1, 16], [2, 11, 3, 12], [7, 5, 8, 4]]"
12n_0300_148,"[[7, 5, 8, 4], [21, 7, 22, 6], [19, 8, 20, 9], [10, 13, 11, 14], [12, 3, 13, 4], [14, 18, 15, 17], [16, 23, 17, 24], [18, 2, 19, 1], [5, 21, 6, 20], [9, 22, 10, 23], [24, 15, 1, 16], [2, 11, 3, 12]]"
12n_0300_149,"[[2, 11, 3, 12], [7, 5, 8, 4], [21, 7, 22, 6], [19, 8, 20, 9], [10, 13, 11, 14], [12, 3, 13, 4], [14, 18, 15, 17], [16, 23, 17, 24], [18, 2, 19, 1], [5, 21, 6, 20], [9, 22, 10, 23], [24, 15, 1, 16]]"
12n_0300_150,"[[24, 15, 1, 16], [2, 11, 3, 12], [7, 5, 8, 4], [21, 7, 22, 6], [19, 8, 20, 9], [10, 13, 11, 14], [12, 3, 13, 4], [14, 18, 15, 17], [16, 23, 17, 24], [18, 2, 19, 1], [5, 21, 6, 20], [9, 22, 10, 23]]"
12n_0300_151,"[[9, 22, 10, 23], [24, 15, 1, 16], [2, 11, 3, 12], [7, 5, 8, 4], [21, 7, 22, 6], [19, 8, 20, 9], [10, 13, 11, 14], [12, 3, 13, 4], [14, 18, 15, 17], [16, 23, 17, 24], [18, 2, 19, 1], [5, 21, 6, 20]]"
12n_0300_152,"[[5, 21, 6, 20], [9, 22, 10, 23], [24, 15, 1, 16], [2, 11, 3, 12], [7, 5, 8, 4], [21, 7, 22, 6], [19, 8, 20, 9], [10, 13, 11, 14], [12, 3, 13, 4], [14, 18, 15, 17], [16, 23, 17, 24], [18, 2, 19, 1]]"
12n_0300_153,"[[18, 2, 19, 1], [5, 21, 6, 20], [9, 22, 10, 23], [24, 15, 1, 16], [2, 11, 3, 12], [7, 5, 8, 4], [21, 7, 22, 6], [19, 8, 20, 9], [10, 13, 11, 14], [12, 3, 13, 4], [14, 18, 15, 17], [16, 23, 17, 24]]"
12n_0300_154,"[[16, 23, 17, 24], [18, 2, 19, 1], [5, 21, 6, 20], [9, 22, 10, 23], [24, 15, 1, 16], [2, 11, 3, 12], [7, 5, 8, 4], [21, 7, 22, 6], [19, 8, 20, 9], [10, 13, 11, 14], [12, 3, 13, 4], [14, 18, 15, 17]]"
12n_0300_155,"[[14, 18, 15, 17], [16, 23, 17, 24], [18, 2, 19, 1], [5, 21, 6, 20], [9, 22, 10, 23], [24, 15, 1, 16], [2, 11, 3, 12], [7, 5, 8, 4], [21, 7, 22, 6], [19, 8, 20, 9], [10, 13, 11, 14], [12, 3, 13, 4]]"
12n_0300_156,"[[13, 4, 14, 5], [15, 19, 16, 18], [17, 24, 18, 1], [19, 3, 20, 2], [6, 22, 7, 21], [10, 23, 11, 24], [1, 16, 2, 17], [3, 12, 4, 13], [8, 6, 9, 5], [22, 8, 23, 7], [20, 9, 21, 10], [11, 14, 12, 15]]"
12n_0300_157,"[[11, 14, 12, 15], [13, 4, 14, 5], [15, 19, 16, 18], [17, 24, 18, 1], [19, 3, 20, 2], [6, 22, 7, 21], [10, 23, 11, 24], [1, 16, 2, 17], [3, 12, 4, 13], [8, 6, 9, 5], [22, 8, 23, 7], [20, 9, 21, 10]]"
12n_0300_158,"[[20, 9, 21, 10], [11, 14, 12, 15], [13, 4, 14, 5], [15, 19, 16, 18], [17, 24, 18, 1], [19, 3, 20, 2], [6, 22, 7, 21], [10, 23, 11, 24], [1, 16, 2, 17], [3, 12, 4, 13], [8, 6, 9, 5], [22, 8, 23, 7]]"
12n_0300_159,"[[22, 8, 23, 7], [20, 9, 21, 10], [11, 14, 12, 15], [13, 4, 14, 5], [15, 19, 16, 18], [17, 24, 18, 1], [19, 3, 20, 2], [6, 22, 7, 21], [10, 23, 11, 24], [1, 16, 2, 17], [3, 12, 4, 13], [8, 6, 9, 5]]"
12n_0300_160,"[[8, 6, 9, 5], [22, 8, 23, 7], [20, 9, 21, 10], [11, 14, 12, 15], [13, 4, 14, 5], [15, 19, 16, 18], [17, 24, 18, 1], [19, 3, 20, 2], [6, 22, 7, 21], [10, 23, 11, 24], [1, 16, 2, 17], [3, 12, 4, 13]]"
12n_0300_161,"[[3, 12, 4, 13], [8, 6, 9, 5], [22, 8, 23, 7], [20, 9, 21, 10], [11, 14, 12, 15], [13, 4, 14, 5], [15, 19, 16, 18], [17, 24, 18, 1], [19, 3, 20, 2], [6, 22, 7, 21], [10, 23, 11, 24], [1, 16, 2, 17]]"
12n_0300_162,"[[1, 16, 2, 17], [3, 12, 4, 13], [8, 6, 9, 5], [22, 8, 23, 7], [20, 9, 21, 10], [11, 14, 12, 15], [13, 4, 14, 5], [15, 19, 16, 18], [17, 24, 18, 1], [19, 3, 20, 2], [6, 22, 7, 21], [10, 23, 11, 24]]"
12n_0300_163,"[[10, 23, 11, 24], [1, 16, 2, 17], [3, 12, 4, 13], [8, 6, 9, 5], [22, 8, 23, 7], [20, 9, 21, 10], [11, 14, 12, 15], [13, 4, 14, 5], [15, 19, 16, 18], [17, 24, 18, 1], [19, 3, 20, 2], [6, 22, 7, 21]]"
12n_0300_164,"[[6, 22, 7, 21], [10, 23, 11, 24], [1, 16, 2, 17], [3, 12, 4, 13], [8, 6, 9, 5], [22, 8, 23, 7], [20, 9, 21, 10], [11, 14, 12, 15], [13, 4, 14, 5], [15, 19, 16, 18], [17, 24, 18, 1], [19, 3, 20, 2]]"
12n_0300_165,"[[19, 3, 20, 2], [6, 22, 7, 21], [10, 23, 11, 24], [1, 16, 2, 17], [3, 12, 4, 13], [8, 6, 9, 5], [22, 8, 23, 7], [20, 9, 21, 10], [11, 14, 12, 15], [13, 4, 14, 5], [15, 19, 16, 18], [17, 24, 18, 1]]"
12n_0300_166,"[[17, 24, 18, 1], [19, 3, 20, 2], [6, 22, 7, 21], [10, 23, 11, 24], [1, 16, 2, 17], [3, 12, 4, 13], [8, 6, 9, 5], [22, 8, 23, 7], [20, 9, 21, 10], [11, 14, 12, 15], [13, 4, 14, 5], [15, 19, 16, 18]]"
12n_0300_167,"[[15, 19, 16, 18], [17, 24, 18, 1], [19, 3, 20, 2], [6, 22, 7, 21], [10, 23, 11, 24], [1, 16, 2, 17], [3, 12, 4, 13], [8, 6, 9, 5], [22, 8, 23, 7], [20, 9, 21, 10], [11, 14, 12, 15], [13, 4, 14, 5]]"
12n_0300_168,"[[14, 5, 15, 6], [16, 20, 17, 19], [18, 1, 19, 2], [20, 4, 21, 3], [7, 23, 8, 22], [11, 24, 12, 1], [2, 17, 3, 18], [4, 13, 5, 14], [9, 7, 10, 6], [23, 9, 24, 8], [21, 10, 22, 11], [12, 15, 13, 16]]"
12n_0300_169,"[[12, 15, 13, 16], [14, 5, 15, 6], [16, 20, 17, 19], [18, 1, 19, 2], [20, 4, 21, 3], [7, 23, 8, 22], [11, 24, 12, 1], [2, 17, 3, 18], [4, 13, 5, 14], [9, 7, 10, 6], [23, 9, 24, 8], [21, 10, 22, 11]]"
12n_0300_170,"[[21, 10, 22, 11], [12, 15, 13, 16], [14, 5, 15, 6], [16, 20, 17, 19], [18, 1, 19, 2], [20, 4, 21, 3], [7, 23, 8, 22], [11, 24, 12, 1], [2, 17, 3, 18], [4, 13, 5, 14], [9, 7, 10, 6], [23, 9, 24, 8]]"
12n_0300_171,"[[23, 9, 24, 8], [21, 10, 22, 11], [12, 15, 13, 16], [14, 5, 15, 6], [16, 20, 17, 19], [18, 1, 19, 2], [20, 4, 21, 3], [7, 23, 8, 22], [11, 24, 12, 1], [2, 17, 3, 18], [4, 13, 5, 14], [9, 7, 10, 6]]"
12n_0300_172,"[[9, 7, 10, 6], [23, 9, 24, 8], [21, 10, 22, 11], [12, 15, 13, 16], [14, 5, 15, 6], [16, 20, 17, 19], [18, 1, 19, 2], [20, 4, 21, 3], [7, 23, 8, 22], [11, 24, 12, 1], [2, 17, 3, 18], [4, 13, 5, 14]]"
12n_0300_173,"[[4, 13, 5, 14], [9, 7, 10, 6], [23, 9, 24, 8], [21, 10, 22, 11], [12, 15, 13, 16], [14, 5, 15, 6], [16, 20, 17, 19], [18, 1, 19, 2], [20, 4, 21, 3], [7, 23, 8, 22], [11, 24, 12, 1], [2, 17, 3, 18]]"
12n_0300_174,"[[2, 17, 3, 18], [4, 13, 5, 14], [9, 7, 10, 6], [23, 9, 24, 8], [21, 10, 22, 11], [12, 15, 13, 16], [14, 5, 15, 6], [16, 20, 17, 19], [18, 1, 19, 2], [20, 4, 21, 3], [7, 23, 8, 22], [11, 24, 12, 1]]"
12n_0300_175,"[[11, 24, 12, 1], [2, 17, 3, 18], [4, 13, 5, 14], [9, 7, 10, 6], [23, 9, 24, 8], [21, 10, 22, 11], [12, 15, 13, 16], [14, 5, 15, 6], [16, 20, 17, 19], [18, 1, 19, 2], [20, 4, 21, 3], [7, 23, 8, 22]]"
12n_0300_176,"[[7, 23, 8, 22], [11, 24, 12, 1], [2, 17, 3, 18], [4, 13, 5, 14], [9, 7, 10, 6], [23, 9, 24, 8], [21, 10, 22, 11], [12, 15, 13, 16], [14, 5, 15, 6], [16, 20, 17, 19], [18, 1, 19, 2], [20, 4, 21, 3]]"
12n_0300_177,"[[20, 4, 21, 3], [7, 23, 8, 22], [11, 24, 12, 1], [2, 17, 3, 18], [4, 13, 5, 14], [9, 7, 10, 6], [23, 9, 24, 8], [21, 10, 22, 11], [12, 15, 13, 16], [14, 5, 15, 6], [16, 20, 17, 19], [18, 1, 19, 2]]"
12n_0300_178,"[[18, 1, 19, 2], [20, 4, 21, 3], [7, 23, 8, 22], [11, 24, 12, 1], [2, 17, 3, 18], [4, 13, 5, 14], [9, 7, 10, 6], [23, 9, 24, 8], [21, 10, 22, 11], [12, 15, 13, 16], [14, 5, 15, 6], [16, 20, 17, 19]]"
12n_0300_179,"[[16, 20, 17, 19], [18, 1, 19, 2], [20, 4, 21, 3], [7, 23, 8, 22], [11, 24, 12, 1], [2, 17, 3, 18], [4, 13, 5, 14], [9, 7, 10, 6], [23, 9, 24, 8], [21, 10, 22, 11], [12, 15, 13, 16], [14, 5, 15, 6]]"
12n_0300_180,"[[15, 6, 16, 7], [17, 21, 18, 20], [19, 2, 20, 3], [21, 5, 22, 4], [8, 24, 9, 23], [12, 1, 13, 2], [3, 18, 4, 19], [5, 14, 6, 15], [10, 8, 11, 7], [24, 10, 1, 9], [22, 11, 23, 12], [13, 16, 14, 17]]"
12n_0300_181,"[[13, 16, 14, 17], [15, 6, 16, 7], [17, 21, 18, 20], [19, 2, 20, 3], [21, 5, 22, 4], [8, 24, 9, 23], [12, 1, 13, 2], [3, 18, 4, 19], [5, 14, 6, 15], [10, 8, 11, 7], [24, 10, 1, 9], [22, 11, 23, 12]]"
12n_0300_182,"[[22, 11, 23, 12], [13, 16, 14, 17], [15, 6, 16, 7], [17, 21, 18, 20], [19, 2, 20, 3], [21, 5, 22, 4], [8, 24, 9, 23], [12, 1, 13, 2], [3, 18, 4, 19], [5, 14, 6, 15], [10, 8, 11, 7], [24, 10, 1, 9]]"
12n_0300_183,"[[24, 10, 1, 9], [22, 11, 23, 12], [13, 16, 14, 17], [15, 6, 16, 7], [17, 21, 18, 20], [19, 2, 20, 3], [21, 5, 22, 4], [8, 24, 9, 23], [12, 1, 13, 2], [3, 18, 4, 19], [5, 14, 6, 15], [10, 8, 11, 7]]"
12n_0300_184,"[[10, 8, 11, 7], [24, 10, 1, 9], [22, 11, 23, 12], [13, 16, 14, 17], [15, 6, 16, 7], [17, 21, 18, 20], [19, 2, 20, 3], [21, 5, 22, 4], [8, 24, 9, 23], [12, 1, 13, 2], [3, 18, 4, 19], [5, 14, 6, 15]]"
12n_0300_185,"[[5, 14, 6, 15], [10, 8, 11, 7], [24, 10, 1, 9], [22, 11, 23, 12], [13, 16, 14, 17], [15, 6, 16, 7], [17, 21, 18, 20], [19, 2, 20, 3], [21, 5, 22, 4], [8, 24, 9, 23], [12, 1, 13, 2], [3, 18, 4, 19]]"
