name,pd_notation
12n_0167_0,"[[24, 19, 1, 20], [2, 6, 3, 5], [4, 10, 5, 9], [15, 7, 16, 6], [8, 4, 9, 3], [10, 17, 11, 18], [12, 21, 13, 22], [14, 23, 15, 24], [7, 17, 8, 16], [18, 1, 19, 2], [20, 11, 21, 12], [22, 13, 23, 14]]"
12n_0167_1,"[[22, 13, 23, 14], [24, 19, 1, 20], [2, 6, 3, 5], [4, 10, 5, 9], [15, 7, 16, 6], [8, 4, 9, 3], [10, 17, 11, 18], [12, 21, 13, 22], [14, 23, 15, 24], [7, 17, 8, 16], [18, 1, 19, 2], [20, 11, 21, 12]]"
12n_0167_2,"[[20, 11, 21, 12], [22, 13, 23, 14], [24, 19, 1, 20], [2, 6, 3, 5], [4, 10, 5, 9], [15, 7, 16, 6], [8, 4, 9, 3], [10, 17, 11, 18], [12, 21, 13, 22], [14, 23, 15, 24], [7, 17, 8, 16], [18, 1, 19, 2]]"
12n_0167_3,"[[18, 1, 19, 2], [20, 11, 21, 12], [22, 13, 23, 14], [24, 19, 1, 20], [2, 6, 3, 5], [4, 10, 5, 9], [15, 7, 16, 6], [8, 4, 9, 3], [10, 17, 11, 18], [12, 21, 13, 22], [14, 23, 15, 24], [7, 17, 8, 16]]"
12n_0167_4,"[[7, 17, 8, 16], [18, 1, 19, 2], [20, 11, 21, 12], [22, 13, 23, 14], [24, 19, 1, 20], [2, 6, 3, 5], [4, 10, 5, 9], [15, 7, 16, 6], [8, 4, 9, 3], [10, 17, 11, 18], [12, 21, 13, 22], [14, 23, 15, 24]]"
12n_0167_5,"[[14, 23, 15, 24], [7, 17, 8, 16], [18, 1, 19, 2], [20, 11, 21, 12], [22, 13, 23, 14], [24, 19, 1, 20], [2, 6, 3, 5], [4, 10, 5, 9], [15, 7, 16, 6], [8, 4, 9, 3], [10, 17, 11, 18], [12, 21, 13, 22]]"
12n_0167_6,"[[12, 21, 13, 22], [14, 23, 15, 24], [7, 17, 8, 16], [18, 1, 19, 2], [20, 11, 21, 12], [22, 13, 23, 14], [24, 19, 1, 20], [2, 6, 3, 5], [4, 10, 5, 9], [15, 7, 16, 6], [8, 4, 9, 3], [10, 17, 11, 18]]"
12n_0167_7,"[[10, 17, 11, 18], [12, 21, 13, 22], [14, 23, 15, 24], [7, 17, 8, 16], [18, 1, 19, 2], [20, 11, 21, 12], [22, 13, 23, 14], [24, 19, 1, 20], [2, 6, 3, 5], [4, 10, 5, 9], [15, 7, 16, 6], [8, 4, 9, 3]]"
12n_0167_8,"[[8, 4, 9, 3], [10, 17, 11, 18], [12, 21, 13, 22], [14, 23, 15, 24], [7, 17, 8, 16], [18, 1, 19, 2], [20, 11, 21, 12], [22, 13, 23, 14], [24, 19, 1, 20], [2, 6, 3, 5], [4, 10, 5, 9], [15, 7, 16, 6]]"
12n_0167_9,"[[15, 7, 16, 6], [8, 4, 9, 3], [10, 17, 11, 18], [12, 21, 13, 22], [14, 23, 15, 24], [7, 17, 8, 16], [18, 1, 19, 2], [20, 11, 21, 12], [22, 13, 23, 14], [24, 19, 1, 20], [2, 6, 3, 5], [4, 10, 5, 9]]"
12n_0167_10,"[[4, 10, 5, 9], [15, 7, 16, 6], [8, 4, 9, 3], [10, 17, 11, 18], [12, 21, 13, 22], [14, 23, 15, 24], [7, 17, 8, 16], [18, 1, 19, 2], [20, 11, 21, 12], [22, 13, 23, 14], [24, 19, 1, 20], [2, 6, 3, 5]]"
12n_0167_11,"[[2, 6, 3, 5], [4, 10, 5, 9], [15, 7, 16, 6], [8, 4, 9, 3], [10, 17, 11, 18], [12, 21, 13, 22], [14, 23, 15, 24], [7, 17, 8, 16], [18, 1, 19, 2], [20, 11, 21, 12], [22, 13, 23, 14], [24, 19, 1, 20]]"
12n_0167_12,"[[1, 20, 2, 21], [3, 7, 4, 6], [5, 11, 6, 10], [16, 8, 17, 7], [9, 5, 10, 4], [11, 18, 12, 19], [13, 22, 14, 23], [15, 24, 16, 1], [8, 18, 9, 17], [19, 2, 20, 3], [21, 12, 22, 13], [23, 14, 24, 15]]"
12n_0167_13,"[[23, 14, 24, 15], [1, 20, 2, 21], [3, 7, 4, 6], [5, 11, 6, 10], [16, 8, 17, 7], [9, 5, 10, 4], [11, 18, 12, 19], [13, 22, 14, 23], [15, 24, 16, 1], [8, 18, 9, 17], [19, 2, 20, 3], [21, 12, 22, 13]]"
12n_0167_14,"[[21, 12, 22, 13], [23, 14, 24, 15], [1, 20, 2, 21], [3, 7, 4, 6], [5, 11, 6, 10], [16, 8, 17, 7], [9, 5, 10, 4], [11, 18, 12, 19], [13, 22, 14, 23], [15, 24, 16, 1], [8, 18, 9, 17], [19, 2, 20, 3]]"
12n_0167_15,"[[19, 2, 20, 3], [21, 12, 22, 13], [23, 14, 24, 15], [1, 20, 2, 21], [3, 7, 4, 6], [5, 11, 6, 10], [16, 8, 17, 7], [9, 5, 10, 4], [11, 18, 12, 19], [13, 22, 14, 23], [15, 24, 16, 1], [8, 18, 9, 17]]"
12n_0167_16,"[[8, 18, 9, 17], [19, 2, 20, 3], [21, 12, 22, 13], [23, 14, 24, 15], [1, 20, 2, 21], [3, 7, 4, 6], [5, 11, 6, 10], [16, 8, 17, 7], [9, 5, 10, 4], [11, 18, 12, 19], [13, 22, 14, 23], [15, 24, 16, 1]]"
12n_0167_17,"[[15, 24, 16, 1], [8, 18, 9, 17], [19, 2, 20, 3], [21, 12, 22, 13], [23, 14, 24, 15], [1, 20, 2, 21], [3, 7, 4, 6], [5, 11, 6, 10], [16, 8, 17, 7], [9, 5, 10, 4], [11, 18, 12, 19], [13, 22, 14, 23]]"
12n_0167_18,"[[13, 22, 14, 23], [15, 24, 16, 1], [8, 18, 9, 17], [19, 2, 20, 3], [21, 12, 22, 13], [23, 14, 24, 15], [1, 20, 2, 21], [3, 7, 4, 6], [5, 11, 6, 10], [16, 8, 17, 7], [9, 5, 10, 4], [11, 18, 12, 19]]"
12n_0167_19,"[[11, 18, 12, 19], [13, 22, 14, 23], [15, 24, 16, 1], [8, 18, 9, 17], [19, 2, 20, 3], [21, 12, 22, 13], [23, 14, 24, 15], [1, 20, 2, 21], [3, 7, 4, 6], [5, 11, 6, 10], [16, 8, 17, 7], [9, 5, 10, 4]]"
12n_0167_20,"[[9, 5, 10, 4], [11, 18, 12, 19], [13, 22, 14, 23], [15, 24, 16, 1], [8, 18, 9, 17], [19, 2, 20, 3], [21, 12, 22, 13], [23, 14, 24, 15], [1, 20, 2, 21], [3, 7, 4, 6], [5, 11, 6, 10], [16, 8, 17, 7]]"
12n_0167_21,"[[16, 8, 17, 7], [9, 5, 10, 4], [11, 18, 12, 19], [13, 22, 14, 23], [15, 24, 16, 1], [8, 18, 9, 17], [19, 2, 20, 3], [21, 12, 22, 13], [23, 14, 24, 15], [1, 20, 2, 21], [3, 7, 4, 6], [5, 11, 6, 10]]"
12n_0167_22,"[[5, 11, 6, 10], [16, 8, 17, 7], [9, 5, 10, 4], [11, 18, 12, 19], [13, 22, 14, 23], [15, 24, 16, 1], [8, 18, 9, 17], [19, 2, 20, 3], [21, 12, 22, 13], [23, 14, 24, 15], [1, 20, 2, 21], [3, 7, 4, 6]]"
12n_0167_23,"[[3, 7, 4, 6], [5, 11, 6, 10], [16, 8, 17, 7], [9, 5, 10, 4], [11, 18, 12, 19], [13, 22, 14, 23], [15, 24, 16, 1], [8, 18, 9, 17], [19, 2, 20, 3], [21, 12, 22, 13], [23, 14, 24, 15], [1, 20, 2, 21]]"
12n_0167_24,"[[2, 21, 3, 22], [4, 8, 5, 7], [6, 12, 7, 11], [17, 9, 18, 8], [10, 6, 11, 5], [12, 19, 13, 20], [14, 23, 15, 24], [16, 1, 17, 2], [9, 19, 10, 18], [20, 3, 21, 4], [22, 13, 23, 14], [24, 15, 1, 16]]"
12n_0167_25,"[[24, 15, 1, 16], [2, 21, 3, 22], [4, 8, 5, 7], [6, 12, 7, 11], [17, 9, 18, 8], [10, 6, 11, 5], [12, 19, 13, 20], [14, 23, 15, 24], [16, 1, 17, 2], [9, 19, 10, 18], [20, 3, 21, 4], [22, 13, 23, 14]]"
12n_0167_26,"[[22, 13, 23, 14], [24, 15, 1, 16], [2, 21, 3, 22], [4, 8, 5, 7], [6, 12, 7, 11], [17, 9, 18, 8], [10, 6, 11, 5], [12, 19, 13, 20], [14, 23, 15, 24], [16, 1, 17, 2], [9, 19, 10, 18], [20, 3, 21, 4]]"
12n_0167_27,"[[20, 3, 21, 4], [22, 13, 23, 14], [24, 15, 1, 16], [2, 21, 3, 22], [4, 8, 5, 7], [6, 12, 7, 11], [17, 9, 18, 8], [10, 6, 11, 5], [12, 19, 13, 20], [14, 23, 15, 24], [16, 1, 17, 2], [9, 19, 10, 18]]"
12n_0167_28,"[[9, 19, 10, 18], [20, 3, 21, 4], [22, 13, 23, 14], [24, 15, 1, 16], [2, 21, 3, 22], [4, 8, 5, 7], [6, 12, 7, 11], [17, 9, 18, 8], [10, 6, 11, 5], [12, 19, 13, 20], [14, 23, 15, 24], [16, 1, 17, 2]]"
12n_0167_29,"[[16, 1, 17, 2], [9, 19, 10, 18], [20, 3, 21, 4], [22, 13, 23, 14], [24, 15, 1, 16], [2, 21, 3, 22], [4, 8, 5, 7], [6, 12, 7, 11], [17, 9, 18, 8], [10, 6, 11, 5], [12, 19, 13, 20], [14, 23, 15, 24]]"
12n_0167_30,"[[14, 23, 15, 24], [16, 1, 17, 2], [9, 19, 10, 18], [20, 3, 21, 4], [22, 13, 23, 14], [24, 15, 1, 16], [2, 21, 3, 22], [4, 8, 5, 7], [6, 12, 7, 11], [17, 9, 18, 8], [10, 6, 11, 5], [12, 19, 13, 20]]"
12n_0167_31,"[[12, 19, 13, 20], [14, 23, 15, 24], [16, 1, 17, 2], [9, 19, 10, 18], [20, 3, 21, 4], [22, 13, 23, 14], [24, 15, 1, 16], [2, 21, 3, 22], [4, 8, 5, 7], [6, 12, 7, 11], [17, 9, 18, 8], [10, 6, 11, 5]]"
12n_0167_32,"[[10, 6, 11, 5], [12, 19, 13, 20], [14, 23, 15, 24], [16, 1, 17, 2], [9, 19, 10, 18], [20, 3, 21, 4], [22, 13, 23, 14], [24, 15, 1, 16], [2, 21, 3, 22], [4, 8, 5, 7], [6, 12, 7, 11], [17, 9, 18, 8]]"
12n_0167_33,"[[17, 9, 18, 8], [10, 6, 11, 5], [12, 19, 13, 20], [14, 23, 15, 24], [16, 1, 17, 2], [9, 19, 10, 18], [20, 3, 21, 4], [22, 13, 23, 14], [24, 15, 1, 16], [2, 21, 3, 22], [4, 8, 5, 7], [6, 12, 7, 11]]"
12n_0167_34,"[[6, 12, 7, 11], [17, 9, 18, 8], [10, 6, 11, 5], [12, 19, 13, 20], [14, 23, 15, 24], [16, 1, 17, 2], [9, 19, 10, 18], [20, 3, 21, 4], [22, 13, 23, 14], [24, 15, 1, 16], [2, 21, 3, 22], [4, 8, 5, 7]]"
12n_0167_35,"[[4, 8, 5, 7], [6, 12, 7, 11], [17, 9, 18, 8], [10, 6, 11, 5], [12, 19, 13, 20], [14, 23, 15, 24], [16, 1, 17, 2], [9, 19, 10, 18], [20, 3, 21, 4], [22, 13, 23, 14], [24, 15, 1, 16], [2, 21, 3, 22]]"
12n_0167_36,"[[3, 22, 4, 23], [5, 9, 6, 8], [7, 13, 8, 12], [18, 10, 19, 9], [11, 7, 12, 6], [13, 20, 14, 21], [15, 24, 16, 1], [17, 2, 18, 3], [10, 20, 11, 19], [21, 4, 22, 5], [23, 14, 24, 15], [1, 16, 2, 17]]"
12n_0167_37,"[[1, 16, 2, 17], [3, 22, 4, 23], [5, 9, 6, 8], [7, 13, 8, 12], [18, 10, 19, 9], [11, 7, 12, 6], [13, 20, 14, 21], [15, 24, 16, 1], [17, 2, 18, 3], [10, 20, 11, 19], [21, 4, 22, 5], [23, 14, 24, 15]]"
12n_0167_38,"[[23, 14, 24, 15], [1, 16, 2, 17], [3, 22, 4, 23], [5, 9, 6, 8], [7, 13, 8, 12], [18, 10, 19, 9], [11, 7, 12, 6], [13, 20, 14, 21], [15, 24, 16, 1], [17, 2, 18, 3], [10, 20, 11, 19], [21, 4, 22, 5]]"
12n_0167_39,"[[21, 4, 22, 5], [23, 14, 24, 15], [1, 16, 2, 17], [3, 22, 4, 23], [5, 9, 6, 8], [7, 13, 8, 12], [18, 10, 19, 9], [11, 7, 12, 6], [13, 20, 14, 21], [15, 24, 16, 1], [17, 2, 18, 3], [10, 20, 11, 19]]"
12n_0167_40,"[[10, 20, 11, 19], [21, 4, 22, 5], [23, 14, 24, 15], [1, 16, 2, 17], [3, 22, 4, 23], [5, 9, 6, 8], [7, 13, 8, 12], [18, 10, 19, 9], [11, 7, 12, 6], [13, 20, 14, 21], [15, 24, 16, 1], [17, 2, 18, 3]]"
12n_0167_41,"[[17, 2, 18, 3], [10, 20, 11, 19], [21, 4, 22, 5], [23, 14, 24, 15], [1, 16, 2, 17], [3, 22, 4, 23], [5, 9, 6, 8], [7, 13, 8, 12], [18, 10, 19, 9], [11, 7, 12, 6], [13, 20, 14, 21], [15, 24, 16, 1]]"
12n_0167_42,"[[15, 24, 16, 1], [17, 2, 18, 3], [10, 20, 11, 19], [21, 4, 22, 5], [23, 14, 24, 15], [1, 16, 2, 17], [3, 22, 4, 23], [5, 9, 6, 8], [7, 13, 8, 12], [18, 10, 19, 9], [11, 7, 12, 6], [13, 20, 14, 21]]"
12n_0167_43,"[[13, 20, 14, 21], [15, 24, 16, 1], [17, 2, 18, 3], [10, 20, 11, 19], [21, 4, 22, 5], [23, 14, 24, 15], [1, 16, 2, 17], [3, 22, 4, 23], [5, 9, 6, 8], [7, 13, 8, 12], [18, 10, 19, 9], [11, 7, 12, 6]]"
12n_0167_44,"[[11, 7, 12, 6], [13, 20, 14, 21], [15, 24, 16, 1], [17, 2, 18, 3], [10, 20, 11, 19], [21, 4, 22, 5], [23, 14, 24, 15], [1, 16, 2, 17], [3, 22, 4, 23], [5, 9, 6, 8], [7, 13, 8, 12], [18, 10, 19, 9]]"
12n_0167_45,"[[18, 10, 19, 9], [11, 7, 12, 6], [13, 20, 14, 21], [15, 24, 16, 1], [17, 2, 18, 3], [10, 20, 11, 19], [21, 4, 22, 5], [23, 14, 24, 15], [1, 16, 2, 17], [3, 22, 4, 23], [5, 9, 6, 8], [7, 13, 8, 12]]"
12n_0167_46,"[[7, 13, 8, 12], [18, 10, 19, 9], [11, 7, 12, 6], [13, 20, 14, 21], [15, 24, 16, 1], [17, 2, 18, 3], [10, 20, 11, 19], [21, 4, 22, 5], [23, 14, 24, 15], [1, 16, 2, 17], [3, 22, 4, 23], [5, 9, 6, 8]]"
12n_0167_47,"[[5, 9, 6, 8], [7, 13, 8, 12], [18, 10, 19, 9], [11, 7, 12, 6], [13, 20, 14, 21], [15, 24, 16, 1], [17, 2, 18, 3], [10, 20, 11, 19], [21, 4, 22, 5], [23, 14, 24, 15], [1, 16, 2, 17], [3, 22, 4, 23]]"
12n_0167_48,"[[4, 23, 5, 24], [6, 10, 7, 9], [8, 14, 9, 13], [19, 11, 20, 10], [12, 8, 13, 7], [14, 21, 15, 22], [16, 1, 17, 2], [18, 3, 19, 4], [11, 21, 12, 20], [22, 5, 23, 6], [24, 15, 1, 16], [2, 17, 3, 18]]"
12n_0167_49,"[[2, 17, 3, 18], [4, 23, 5, 24], [6, 10, 7, 9], [8, 14, 9, 13], [19, 11, 20, 10], [12, 8, 13, 7], [14, 21, 15, 22], [16, 1, 17, 2], [18, 3, 19, 4], [11, 21, 12, 20], [22, 5, 23, 6], [24, 15, 1, 16]]"
12n_0167_50,"[[24, 15, 1, 16], [2, 17, 3, 18], [4, 23, 5, 24], [6, 10, 7, 9], [8, 14, 9, 13], [19, 11, 20, 10], [12, 8, 13, 7], [14, 21, 15, 22], [16, 1, 17, 2], [18, 3, 19, 4], [11, 21, 12, 20], [22, 5, 23, 6]]"
12n_0167_51,"[[22, 5, 23, 6], [24, 15, 1, 16], [2, 17, 3, 18], [4, 23, 5, 24], [6, 10, 7, 9], [8, 14, 9, 13], [19, 11, 20, 10], [12, 8, 13, 7], [14, 21, 15, 22], [16, 1, 17, 2], [18, 3, 19, 4], [11, 21, 12, 20]]"
12n_0167_52,"[[11, 21, 12, 20], [22, 5, 23, 6], [24, 15, 1, 16], [2, 17, 3, 18], [4, 23, 5, 24], [6, 10, 7, 9], [8, 14, 9, 13], [19, 11, 20, 10], [12, 8, 13, 7], [14, 21, 15, 22], [16, 1, 17, 2], [18, 3, 19, 4]]"
12n_0167_53,"[[18, 3, 19, 4], [11, 21, 12, 20], [22, 5, 23, 6], [24, 15, 1, 16], [2, 17, 3, 18], [4, 23, 5, 24], [6, 10, 7, 9], [8, 14, 9, 13], [19, 11, 20, 10], [12, 8, 13, 7], [14, 21, 15, 22], [16, 1, 17, 2]]"
12n_0167_54,"[[16, 1, 17, 2], [18, 3, 19, 4], [11, 21, 12, 20], [22, 5, 23, 6], [24, 15, 1, 16], [2, 17, 3, 18], [4, 23, 5, 24], [6, 10, 7, 9], [8, 14, 9, 13], [19, 11, 20, 10], [12, 8, 13, 7], [14, 21, 15, 22]]"
12n_0167_55,"[[14, 21, 15, 22], [16, 1, 17, 2], [18, 3, 19, 4], [11, 21, 12, 20], [22, 5, 23, 6], [24, 15, 1, 16], [2, 17, 3, 18], [4, 23, 5, 24], [6, 10, 7, 9], [8, 14, 9, 13], [19, 11, 20, 10], [12, 8, 13, 7]]"
12n_0167_56,"[[12, 8, 13, 7], [14, 21, 15, 22], [16, 1, 17, 2], [18, 3, 19, 4], [11, 21, 12, 20], [22, 5, 23, 6], [24, 15, 1, 16], [2, 17, 3, 18], [4, 23, 5, 24], [6, 10, 7, 9], [8, 14, 9, 13], [19, 11, 20, 10]]"
12n_0167_57,"[[19, 11, 20, 10], [12, 8, 13, 7], [14, 21, 15, 22], [16, 1, 17, 2], [18, 3, 19, 4], [11, 21, 12, 20], [22, 5, 23, 6], [24, 15, 1, 16], [2, 17, 3, 18], [4, 23, 5, 24], [6, 10, 7, 9], [8, 14, 9, 13]]"
12n_0167_58,"[[8, 14, 9, 13], [19, 11, 20, 10], [12, 8, 13, 7], [14, 21, 15, 22], [16, 1, 17, 2], [18, 3, 19, 4], [11, 21, 12, 20], [22, 5, 23, 6], [24, 15, 1, 16], [2, 17, 3, 18], [4, 23, 5, 24], [6, 10, 7, 9]]"
12n_0167_59,"[[6, 10, 7, 9], [8, 14, 9, 13], [19, 11, 20, 10], [12, 8, 13, 7], [14, 21, 15, 22], [16, 1, 17, 2], [18, 3, 19, 4], [11, 21, 12, 20], [22, 5, 23, 6], [24, 15, 1, 16], [2, 17, 3, 18], [4, 23, 5, 24]]"
12n_0167_60,"[[5, 24, 6, 1], [7, 11, 8, 10], [9, 15, 10, 14], [20, 12, 21, 11], [13, 9, 14, 8], [15, 22, 16, 23], [17, 2, 18, 3], [19, 4, 20, 5], [12, 22, 13, 21], [23, 6, 24, 7], [1, 16, 2, 17], [3, 18, 4, 19]]"
12n_0167_61,"[[3, 18, 4, 19], [5, 24, 6, 1], [7, 11, 8, 10], [9, 15, 10, 14], [20, 12, 21, 11], [13, 9, 14, 8], [15, 22, 16, 23], [17, 2, 18, 3], [19, 4, 20, 5], [12, 22, 13, 21], [23, 6, 24, 7], [1, 16, 2, 17]]"
12n_0167_62,"[[1, 16, 2, 17], [3, 18, 4, 19], [5, 24, 6, 1], [7, 11, 8, 10], [9, 15, 10, 14], [20, 12, 21, 11], [13, 9, 14, 8], [15, 22, 16, 23], [17, 2, 18, 3], [19, 4, 20, 5], [12, 22, 13, 21], [23, 6, 24, 7]]"
12n_0167_63,"[[23, 6, 24, 7], [1, 16, 2, 17], [3, 18, 4, 19], [5, 24, 6, 1], [7, 11, 8, 10], [9, 15, 10, 14], [20, 12, 21, 11], [13, 9, 14, 8], [15, 22, 16, 23], [17, 2, 18, 3], [19, 4, 20, 5], [12, 22, 13, 21]]"
12n_0167_64,"[[12, 22, 13, 21], [23, 6, 24, 7], [1, 16, 2, 17], [3, 18, 4, 19], [5, 24, 6, 1], [7, 11, 8, 10], [9, 15, 10, 14], [20, 12, 21, 11], [13, 9, 14, 8], [15, 22, 16, 23], [17, 2, 18, 3], [19, 4, 20, 5]]"
12n_0167_65,"[[19, 4, 20, 5], [12, 22, 13, 21], [23, 6, 24, 7], [1, 16, 2, 17], [3, 18, 4, 19], [5, 24, 6, 1], [7, 11, 8, 10], [9, 15, 10, 14], [20, 12, 21, 11], [13, 9, 14, 8], [15, 22, 16, 23], [17, 2, 18, 3]]"
12n_0167_66,"[[17, 2, 18, 3], [19, 4, 20, 5], [12, 22, 13, 21], [23, 6, 24, 7], [1, 16, 2, 17], [3, 18, 4, 19], [5, 24, 6, 1], [7, 11, 8, 10], [9, 15, 10, 14], [20, 12, 21, 11], [13, 9, 14, 8], [15, 22, 16, 23]]"
12n_0167_67,"[[15, 22, 16, 23], [17, 2, 18, 3], [19, 4, 20, 5], [12, 22, 13, 21], [23, 6, 24, 7], [1, 16, 2, 17], [3, 18, 4, 19], [5, 24, 6, 1], [7, 11, 8, 10], [9, 15, 10, 14], [20, 12, 21, 11], [13, 9, 14, 8]]"
12n_0167_68,"[[13, 9, 14, 8], [15, 22, 16, 23], [17, 2, 18, 3], [19, 4, 20, 5], [12, 22, 13, 21], [23, 6, 24, 7], [1, 16, 2, 17], [3, 18, 4, 19], [5, 24, 6, 1], [7, 11, 8, 10], [9, 15, 10, 14], [20, 12, 21, 11]]"
12n_0167_69,"[[20, 12, 21, 11], [13, 9, 14, 8], [15, 22, 16, 23], [17, 2, 18, 3], [19, 4, 20, 5], [12, 22, 13, 21], [23, 6, 24, 7], [1, 16, 2, 17], [3, 18, 4, 19], [5, 24, 6, 1], [7, 11, 8, 10], [9, 15, 10, 14]]"
12n_0167_70,"[[9, 15, 10, 14], [20, 12, 21, 11], [13, 9, 14, 8], [15, 22, 16, 23], [17, 2, 18, 3], [19, 4, 20, 5], [12, 22, 13, 21], [23, 6, 24, 7], [1, 16, 2, 17], [3, 18, 4, 19], [5, 24, 6, 1], [7, 11, 8, 10]]"
12n_0167_71,"[[7, 11, 8, 10], [9, 15, 10, 14], [20, 12, 21, 11], [13, 9, 14, 8], [15, 22, 16, 23], [17, 2, 18, 3], [19, 4, 20, 5], [12, 22, 13, 21], [23, 6, 24, 7], [1, 16, 2, 17], [3, 18, 4, 19], [5, 24, 6, 1]]"
12n_0167_72,"[[6, 1, 7, 2], [8, 12, 9, 11], [10, 16, 11, 15], [21, 13, 22, 12], [14, 10, 15, 9], [16, 23, 17, 24], [18, 3, 19, 4], [20, 5, 21, 6], [13, 23, 14, 22], [24, 7, 1, 8], [2, 17, 3, 18], [4, 19, 5, 20]]"
12n_0167_73,"[[4, 19, 5, 20], [6, 1, 7, 2], [8, 12, 9, 11], [10, 16, 11, 15], [21, 13, 22, 12], [14, 10, 15, 9], [16, 23, 17, 24], [18, 3, 19, 4], [20, 5, 21, 6], [13, 23, 14, 22], [24, 7, 1, 8], [2, 17, 3, 18]]"
12n_0167_74,"[[2, 17, 3, 18], [4, 19, 5, 20], [6, 1, 7, 2], [8, 12, 9, 11], [10, 16, 11, 15], [21, 13, 22, 12], [14, 10, 15, 9], [16, 23, 17, 24], [18, 3, 19, 4], [20, 5, 21, 6], [13, 23, 14, 22], [24, 7, 1, 8]]"
12n_0167_75,"[[24, 7, 1, 8], [2, 17, 3, 18], [4, 19, 5, 20], [6, 1, 7, 2], [8, 12, 9, 11], [10, 16, 11, 15], [21, 13, 22, 12], [14, 10, 15, 9], [16, 23, 17, 24], [18, 3, 19, 4], [20, 5, 21, 6], [13, 23, 14, 22]]"
12n_0167_76,"[[13, 23, 14, 22], [24, 7, 1, 8], [2, 17, 3, 18], [4, 19, 5, 20], [6, 1, 7, 2], [8, 12, 9, 11], [10, 16, 11, 15], [21, 13, 22, 12], [14, 10, 15, 9], [16, 23, 17, 24], [18, 3, 19, 4], [20, 5, 21, 6]]"
12n_0167_77,"[[20, 5, 21, 6], [13, 23, 14, 22], [24, 7, 1, 8], [2, 17, 3, 18], [4, 19, 5, 20], [6, 1, 7, 2], [8, 12, 9, 11], [10, 16, 11, 15], [21, 13, 22, 12], [14, 10, 15, 9], [16, 23, 17, 24], [18, 3, 19, 4]]"
12n_0167_78,"[[18, 3, 19, 4], [20, 5, 21, 6], [13, 23, 14, 22], [24, 7, 1, 8], [2, 17, 3, 18], [4, 19, 5, 20], [6, 1, 7, 2], [8, 12, 9, 11], [10, 16, 11, 15], [21, 13, 22, 12], [14, 10, 15, 9], [16, 23, 17, 24]]"
12n_0167_79,"[[16, 23, 17, 24], [18, 3, 19, 4], [20, 5, 21, 6], [13, 23, 14, 22], [24, 7, 1, 8], [2, 17, 3, 18], [4, 19, 5, 20], [6, 1, 7, 2], [8, 12, 9, 11], [10, 16, 11, 15], [21, 13, 22, 12], [14, 10, 15, 9]]"
12n_0167_80,"[[14, 10, 15, 9], [16, 23, 17, 24], [18, 3, 19, 4], [20, 5, 21, 6], [13, 23, 14, 22], [24, 7, 1, 8], [2, 17, 3, 18], [4, 19, 5, 20], [6, 1, 7, 2], [8, 12, 9, 11], [10, 16, 11, 15], [21, 13, 22, 12]]"
12n_0167_81,"[[21, 13, 22, 12], [14, 10, 15, 9], [16, 23, 17, 24], [18, 3, 19, 4], [20, 5, 21, 6], [13, 23, 14, 22], [24, 7, 1, 8], [2, 17, 3, 18], [4, 19, 5, 20], [6, 1, 7, 2], [8, 12, 9, 11], [10, 16, 11, 15]]"
12n_0167_82,"[[10, 16, 11, 15], [21, 13, 22, 12], [14, 10, 15, 9], [16, 23, 17, 24], [18, 3, 19, 4], [20, 5, 21, 6], [13, 23, 14, 22], [24, 7, 1, 8], [2, 17, 3, 18], [4, 19, 5, 20], [6, 1, 7, 2], [8, 12, 9, 11]]"
12n_0167_83,"[[8, 12, 9, 11], [10, 16, 11, 15], [21, 13, 22, 12], [14, 10, 15, 9], [16, 23, 17, 24], [18, 3, 19, 4], [20, 5, 21, 6], [13, 23, 14, 22], [24, 7, 1, 8], [2, 17, 3, 18], [4, 19, 5, 20], [6, 1, 7, 2]]"
12n_0167_84,"[[7, 2, 8, 3], [9, 13, 10, 12], [11, 17, 12, 16], [22, 14, 23, 13], [15, 11, 16, 10], [17, 24, 18, 1], [19, 4, 20, 5], [21, 6, 22, 7], [14, 24, 15, 23], [1, 8, 2, 9], [3, 18, 4, 19], [5, 20, 6, 21]]"
12n_0167_85,"[[5, 20, 6, 21], [7, 2, 8, 3], [9, 13, 10, 12], [11, 17, 12, 16], [22, 14, 23, 13], [15, 11, 16, 10], [17, 24, 18, 1], [19, 4, 20, 5], [21, 6, 22, 7], [14, 24, 15, 23], [1, 8, 2, 9], [3, 18, 4, 19]]"
12n_0167_86,"[[3, 18, 4, 19], [5, 20, 6, 21], [7, 2, 8, 3], [9, 13, 10, 12], [11, 17, 12, 16], [22, 14, 23, 13], [15, 11, 16, 10], [17, 24, 18, 1], [19, 4, 20, 5], [21, 6, 22, 7], [14, 24, 15, 23], [1, 8, 2, 9]]"
12n_0167_87,"[[1, 8, 2, 9], [3, 18, 4, 19], [5, 20, 6, 21], [7, 2, 8, 3], [9, 13, 10, 12], [11, 17, 12, 16], [22, 14, 23, 13], [15, 11, 16, 10], [17, 24, 18, 1], [19, 4, 20, 5], [21, 6, 22, 7], [14, 24, 15, 23]]"
12n_0167_88,"[[14, 24, 15, 23], [1, 8, 2, 9], [3, 18, 4, 19], [5, 20, 6, 21], [7, 2, 8, 3], [9, 13, 10, 12], [11, 17, 12, 16], [22, 14, 23, 13], [15, 11, 16, 10], [17, 24, 18, 1], [19, 4, 20, 5], [21, 6, 22, 7]]"
12n_0167_89,"[[21, 6, 22, 7], [14, 24, 15, 23], [1, 8, 2, 9], [3, 18, 4, 19], [5, 20, 6, 21], [7, 2, 8, 3], [9, 13, 10, 12], [11, 17, 12, 16], [22, 14, 23, 13], [15, 11, 16, 10], [17, 24, 18, 1], [19, 4, 20, 5]]"
12n_0167_90,"[[19, 4, 20, 5], [21, 6, 22, 7], [14, 24, 15, 23], [1, 8, 2, 9], [3, 18, 4, 19], [5, 20, 6, 21], [7, 2, 8, 3], [9, 13, 10, 12], [11, 17, 12, 16], [22, 14, 23, 13], [15, 11, 16, 10], [17, 24, 18, 1]]"
12n_0167_91,"[[17, 24, 18, 1], [19, 4, 20, 5], [21, 6, 22, 7], [14, 24, 15, 23], [1, 8, 2, 9], [3, 18, 4, 19], [5, 20, 6, 21], [7, 2, 8, 3], [9, 13, 10, 12], [11, 17, 12, 16], [22, 14, 23, 13], [15, 11, 16, 10]]"
12n_0167_92,"[[15, 11, 16, 10], [17, 24, 18, 1], [19, 4, 20, 5], [21, 6, 22, 7], [14, 24, 15, 23], [1, 8, 2, 9], [3, 18, 4, 19], [5, 20, 6, 21], [7, 2, 8, 3], [9, 13, 10, 12], [11, 17, 12, 16], [22, 14, 23, 13]]"
12n_0167_93,"[[22, 14, 23, 13], [15, 11, 16, 10], [17, 24, 18, 1], [19, 4, 20, 5], [21, 6, 22, 7], [14, 24, 15, 23], [1, 8, 2, 9], [3, 18, 4, 19], [5, 20, 6, 21], [7, 2, 8, 3], [9, 13, 10, 12], [11, 17, 12, 16]]"
12n_0167_94,"[[11, 17, 12, 16], [22, 14, 23, 13], [15, 11, 16, 10], [17, 24, 18, 1], [19, 4, 20, 5], [21, 6, 22, 7], [14, 24, 15, 23], [1, 8, 2, 9], [3, 18, 4, 19], [5, 20, 6, 21], [7, 2, 8, 3], [9, 13, 10, 12]]"
12n_0167_95,"[[9, 13, 10, 12], [11, 17, 12, 16], [22, 14, 23, 13], [15, 11, 16, 10], [17, 24, 18, 1], [19, 4, 20, 5], [21, 6, 22, 7], [14, 24, 15, 23], [1, 8, 2, 9], [3, 18, 4, 19], [5, 20, 6, 21], [7, 2, 8, 3]]"
12n_0167_96,"[[8, 3, 9, 4], [10, 14, 11, 13], [12, 18, 13, 17], [23, 15, 24, 14], [16, 12, 17, 11], [18, 1, 19, 2], [20, 5, 21, 6], [22, 7, 23, 8], [15, 1, 16, 24], [2, 9, 3, 10], [4, 19, 5, 20], [6, 21, 7, 22]]"
12n_0167_97,"[[6, 21, 7, 22], [8, 3, 9, 4], [10, 14, 11, 13], [12, 18, 13, 17], [23, 15, 24, 14], [16, 12, 17, 11], [18, 1, 19, 2], [20, 5, 21, 6], [22, 7, 23, 8], [15, 1, 16, 24], [2, 9, 3, 10], [4, 19, 5, 20]]"
12n_0167_98,"[[4, 19, 5, 20], [6, 21, 7, 22], [8, 3, 9, 4], [10, 14, 11, 13], [12, 18, 13, 17], [23, 15, 24, 14], [16, 12, 17, 11], [18, 1, 19, 2], [20, 5, 21, 6], [22, 7, 23, 8], [15, 1, 16, 24], [2, 9, 3, 10]]"
12n_0167_99,"[[2, 9, 3, 10], [4, 19, 5, 20], [6, 21, 7, 22], [8, 3, 9, 4], [10, 14, 11, 13], [12, 18, 13, 17], [23, 15, 24, 14], [16, 12, 17, 11], [18, 1, 19, 2], [20, 5, 21, 6], [22, 7, 23, 8], [15, 1, 16, 24]]"
12n_0167_100,"[[15, 1, 16, 24], [2, 9, 3, 10], [4, 19, 5, 20], [6, 21, 7, 22], [8, 3, 9, 4], [10, 14, 11, 13], [12, 18, 13, 17], [23, 15, 24, 14], [16, 12, 17, 11], [18, 1, 19, 2], [20, 5, 21, 6], [22, 7, 23, 8]]"
12n_0167_101,"[[22, 7, 23, 8], [15, 1, 16, 24], [2, 9, 3, 10], [4, 19, 5, 20], [6, 21, 7, 22], [8, 3, 9, 4], [10, 14, 11, 13], [12, 18, 13, 17], [23, 15, 24, 14], [16, 12, 17, 11], [18, 1, 19, 2], [20, 5, 21, 6]]"
12n_0167_102,"[[20, 5, 21, 6], [22, 7, 23, 8], [15, 1, 16, 24], [2, 9, 3, 10], [4, 19, 5, 20], [6, 21, 7, 22], [8, 3, 9, 4], [10, 14, 11, 13], [12, 18, 13, 17], [23, 15, 24, 14], [16, 12, 17, 11], [18, 1, 19, 2]]"
12n_0167_103,"[[18, 1, 19, 2], [20, 5, 21, 6], [22, 7, 23, 8], [15, 1, 16, 24], [2, 9, 3, 10], [4, 19, 5, 20], [6, 21, 7, 22], [8, 3, 9, 4], [10, 14, 11, 13], [12, 18, 13, 17], [23, 15, 24, 14], [16, 12, 17, 11]]"
12n_0167_104,"[[16, 12, 17, 11], [18, 1, 19, 2], [20, 5, 21, 6], [22, 7, 23, 8], [15, 1, 16, 24], [2, 9, 3, 10], [4, 19, 5, 20], [6, 21, 7, 22], [8, 3, 9, 4], [10, 14, 11, 13], [12, 18, 13, 17], [23, 15, 24, 14]]"
12n_0167_105,"[[23, 15, 24, 14], [16, 12, 17, 11], [18, 1, 19, 2], [20, 5, 21, 6], [22, 7, 23, 8], [15, 1, 16, 24], [2, 9, 3, 10], [4, 19, 5, 20], [6, 21, 7, 22], [8, 3, 9, 4], [10, 14, 11, 13], [12, 18, 13, 17]]"
12n_0167_106,"[[12, 18, 13, 17], [23, 15, 24, 14], [16, 12, 17, 11], [18, 1, 19, 2], [20, 5, 21, 6], [22, 7, 23, 8], [15, 1, 16, 24], [2, 9, 3, 10], [4, 19, 5, 20], [6, 21, 7, 22], [8, 3, 9, 4], [10, 14, 11, 13]]"
12n_0167_107,"[[10, 14, 11, 13], [12, 18, 13, 17], [23, 15, 24, 14], [16, 12, 17, 11], [18, 1, 19, 2], [20, 5, 21, 6], [22, 7, 23, 8], [15, 1, 16, 24], [2, 9, 3, 10], [4, 19, 5, 20], [6, 21, 7, 22], [8, 3, 9, 4]]"
12n_0167_108,"[[9, 4, 10, 5], [11, 15, 12, 14], [13, 19, 14, 18], [24, 16, 1, 15], [17, 13, 18, 12], [19, 2, 20, 3], [21, 6, 22, 7], [23, 8, 24, 9], [16, 2, 17, 1], [3, 10, 4, 11], [5, 20, 6, 21], [7, 22, 8, 23]]"
12n_0167_109,"[[7, 22, 8, 23], [9, 4, 10, 5], [11, 15, 12, 14], [13, 19, 14, 18], [24, 16, 1, 15], [17, 13, 18, 12], [19, 2, 20, 3], [21, 6, 22, 7], [23, 8, 24, 9], [16, 2, 17, 1], [3, 10, 4, 11], [5, 20, 6, 21]]"
12n_0167_110,"[[5, 20, 6, 21], [7, 22, 8, 23], [9, 4, 10, 5], [11, 15, 12, 14], [13, 19, 14, 18], [24, 16, 1, 15], [17, 13, 18, 12], [19, 2, 20, 3], [21, 6, 22, 7], [23, 8, 24, 9], [16, 2, 17, 1], [3, 10, 4, 11]]"
12n_0167_111,"[[3, 10, 4, 11], [5, 20, 6, 21], [7, 22, 8, 23], [9, 4, 10, 5], [11, 15, 12, 14], [13, 19, 14, 18], [24, 16, 1, 15], [17, 13, 18, 12], [19, 2, 20, 3], [21, 6, 22, 7], [23, 8, 24, 9], [16, 2, 17, 1]]"
12n_0167_112,"[[16, 2, 17, 1], [3, 10, 4, 11], [5, 20, 6, 21], [7, 22, 8, 23], [9, 4, 10, 5], [11, 15, 12, 14], [13, 19, 14, 18], [24, 16, 1, 15], [17, 13, 18, 12], [19, 2, 20, 3], [21, 6, 22, 7], [23, 8, 24, 9]]"
12n_0167_113,"[[23, 8, 24, 9], [16, 2, 17, 1], [3, 10, 4, 11], [5, 20, 6, 21], [7, 22, 8, 23], [9, 4, 10, 5], [11, 15, 12, 14], [13, 19, 14, 18], [24, 16, 1, 15], [17, 13, 18, 12], [19, 2, 20, 3], [21, 6, 22, 7]]"
12n_0167_114,"[[21, 6, 22, 7], [23, 8, 24, 9], [16, 2, 17, 1], [3, 10, 4, 11], [5, 20, 6, 21], [7, 22, 8, 23], [9, 4, 10, 5], [11, 15, 12, 14], [13, 19, 14, 18], [24, 16, 1, 15], [17, 13, 18, 12], [19, 2, 20, 3]]"
12n_0167_115,"[[19, 2, 20, 3], [21, 6, 22, 7], [23, 8, 24, 9], [16, 2, 17, 1], [3, 10, 4, 11], [5, 20, 6, 21], [7, 22, 8, 23], [9, 4, 10, 5], [11, 15, 12, 14], [13, 19, 14, 18], [24, 16, 1, 15], [17, 13, 18, 12]]"
12n_0167_116,"[[17, 13, 18, 12], [19, 2, 20, 3], [21, 6, 22, 7], [23, 8, 24, 9], [16, 2, 17, 1], [3, 10, 4, 11], [5, 20, 6, 21], [7, 22, 8, 23], [9, 4, 10, 5], [11, 15, 12, 14], [13, 19, 14, 18], [24, 16, 1, 15]]"
12n_0167_117,"[[24, 16, 1, 15], [17, 13, 18, 12], [19, 2, 20, 3], [21, 6, 22, 7], [23, 8, 24, 9], [16, 2, 17, 1], [3, 10, 4, 11], [5, 20, 6, 21], [7, 22, 8, 23], [9, 4, 10, 5], [11, 15, 12, 14], [13, 19, 14, 18]]"
12n_0167_118,"[[13, 19, 14, 18], [24, 16, 1, 15], [17, 13, 18, 12], [19, 2, 20, 3], [21, 6, 22, 7], [23, 8, 24, 9], [16, 2, 17, 1], [3, 10, 4, 11], [5, 20, 6, 21], [7, 22, 8, 23], [9, 4, 10, 5], [11, 15, 12, 14]]"
12n_0167_119,"[[11, 15, 12, 14], [13, 19, 14, 18], [24, 16, 1, 15], [17, 13, 18, 12], [19, 2, 20, 3], [21, 6, 22, 7], [23, 8, 24, 9], [16, 2, 17, 1], [3, 10, 4, 11], [5, 20, 6, 21], [7, 22, 8, 23], [9, 4, 10, 5]]"
12n_0167_120,"[[10, 5, 11, 6], [12, 16, 13, 15], [14, 20, 15, 19], [1, 17, 2, 16], [18, 14, 19, 13], [20, 3, 21, 4], [22, 7, 23, 8], [24, 9, 1, 10], [17, 3, 18, 2], [4, 11, 5, 12], [6, 21, 7, 22], [8, 23, 9, 24]]"
12n_0167_121,"[[8, 23, 9, 24], [10, 5, 11, 6], [12, 16, 13, 15], [14, 20, 15, 19], [1, 17, 2, 16], [18, 14, 19, 13], [20, 3, 21, 4], [22, 7, 23, 8], [24, 9, 1, 10], [17, 3, 18, 2], [4, 11, 5, 12], [6, 21, 7, 22]]"
12n_0167_122,"[[6, 21, 7, 22], [8, 23, 9, 24], [10, 5, 11, 6], [12, 16, 13, 15], [14, 20, 15, 19], [1, 17, 2, 16], [18, 14, 19, 13], [20, 3, 21, 4], [22, 7, 23, 8], [24, 9, 1, 10], [17, 3, 18, 2], [4, 11, 5, 12]]"
12n_0167_123,"[[4, 11, 5, 12], [6, 21, 7, 22], [8, 23, 9, 24], [10, 5, 11, 6], [12, 16, 13, 15], [14, 20, 15, 19], [1, 17, 2, 16], [18, 14, 19, 13], [20, 3, 21, 4], [22, 7, 23, 8], [24, 9, 1, 10], [17, 3, 18, 2]]"
12n_0167_124,"[[17, 3, 18, 2], [4, 11, 5, 12], [6, 21, 7, 22], [8, 23, 9, 24], [10, 5, 11, 6], [12, 16, 13, 15], [14, 20, 15, 19], [1, 17, 2, 16], [18, 14, 19, 13], [20, 3, 21, 4], [22, 7, 23, 8], [24, 9, 1, 10]]"
12n_0167_125,"[[24, 9, 1, 10], [17, 3, 18, 2], [4, 11, 5, 12], [6, 21, 7, 22], [8, 23, 9, 24], [10, 5, 11, 6], [12, 16, 13, 15], [14, 20, 15, 19], [1, 17, 2, 16], [18, 14, 19, 13], [20, 3, 21, 4], [22, 7, 23, 8]]"
12n_0167_126,"[[22, 7, 23, 8], [24, 9, 1, 10], [17, 3, 18, 2], [4, 11, 5, 12], [6, 21, 7, 22], [8, 23, 9, 24], [10, 5, 11, 6], [12, 16, 13, 15], [14, 20, 15, 19], [1, 17, 2, 16], [18, 14, 19, 13], [20, 3, 21, 4]]"
12n_0167_127,"[[20, 3, 21, 4], [22, 7, 23, 8], [24, 9, 1, 10], [17, 3, 18, 2], [4, 11, 5, 12], [6, 21, 7, 22], [8, 23, 9, 24], [10, 5, 11, 6], [12, 16, 13, 15], [14, 20, 15, 19], [1, 17, 2, 16], [18, 14, 19, 13]]"
12n_0167_128,"[[18, 14, 19, 13], [20, 3, 21, 4], [22, 7, 23, 8], [24, 9, 1, 10], [17, 3, 18, 2], [4, 11, 5, 12], [6, 21, 7, 22], [8, 23, 9, 24], [10, 5, 11, 6], [12, 16, 13, 15], [14, 20, 15, 19], [1, 17, 2, 16]]"
12n_0167_129,"[[1, 17, 2, 16], [18, 14, 19, 13], [20, 3, 21, 4], [22, 7, 23, 8], [24, 9, 1, 10], [17, 3, 18, 2], [4, 11, 5, 12], [6, 21, 7, 22], [8, 23, 9, 24], [10, 5, 11, 6], [12, 16, 13, 15], [14, 20, 15, 19]]"
12n_0167_130,"[[14, 20, 15, 19], [1, 17, 2, 16], [18, 14, 19, 13], [20, 3, 21, 4], [22, 7, 23, 8], [24, 9, 1, 10], [17, 3, 18, 2], [4, 11, 5, 12], [6, 21, 7, 22], [8, 23, 9, 24], [10, 5, 11, 6], [12, 16, 13, 15]]"
12n_0167_131,"[[12, 16, 13, 15], [14, 20, 15, 19], [1, 17, 2, 16], [18, 14, 19, 13], [20, 3, 21, 4], [22, 7, 23, 8], [24, 9, 1, 10], [17, 3, 18, 2], [4, 11, 5, 12], [6, 21, 7, 22], [8, 23, 9, 24], [10, 5, 11, 6]]"
12n_0167_132,"[[11, 6, 12, 7], [13, 17, 14, 16], [15, 21, 16, 20], [2, 18, 3, 17], [19, 15, 20, 14], [21, 4, 22, 5], [23, 8, 24, 9], [1, 10, 2, 11], [18, 4, 19, 3], [5, 12, 6, 13], [7, 22, 8, 23], [9, 24, 10, 1]]"
12n_0167_133,"[[9, 24, 10, 1], [11, 6, 12, 7], [13, 17, 14, 16], [15, 21, 16, 20], [2, 18, 3, 17], [19, 15, 20, 14], [21, 4, 22, 5], [23, 8, 24, 9], [1, 10, 2, 11], [18, 4, 19, 3], [5, 12, 6, 13], [7, 22, 8, 23]]"
12n_0167_134,"[[7, 22, 8, 23], [9, 24, 10, 1], [11, 6, 12, 7], [13, 17, 14, 16], [15, 21, 16, 20], [2, 18, 3, 17], [19, 15, 20, 14], [21, 4, 22, 5], [23, 8, 24, 9], [1, 10, 2, 11], [18, 4, 19, 3], [5, 12, 6, 13]]"
12n_0167_135,"[[5, 12, 6, 13], [7, 22, 8, 23], [9, 24, 10, 1], [11, 6, 12, 7], [13, 17, 14, 16], [15, 21, 16, 20], [2, 18, 3, 17], [19, 15, 20, 14], [21, 4, 22, 5], [23, 8, 24, 9], [1, 10, 2, 11], [18, 4, 19, 3]]"
12n_0167_136,"[[18, 4, 19, 3], [5, 12, 6, 13], [7, 22, 8, 23], [9, 24, 10, 1], [11, 6, 12, 7], [13, 17, 14, 16], [15, 21, 16, 20], [2, 18, 3, 17], [19, 15, 20, 14], [21, 4, 22, 5], [23, 8, 24, 9], [1, 10, 2, 11]]"
12n_0167_137,"[[1, 10, 2, 11], [18, 4, 19, 3], [5, 12, 6, 13], [7, 22, 8, 23], [9, 24, 10, 1], [11, 6, 12, 7], [13, 17, 14, 16], [15, 21, 16, 20], [2, 18, 3, 17], [19, 15, 20, 14], [21, 4, 22, 5], [23, 8, 24, 9]]"
12n_0167_138,"[[23, 8, 24, 9], [1, 10, 2, 11], [18, 4, 19, 3], [5, 12, 6, 13], [7, 22, 8, 23], [9, 24, 10, 1], [11, 6, 12, 7], [13, 17, 14, 16], [15, 21, 16, 20], [2, 18, 3, 17], [19, 15, 20, 14], [21, 4, 22, 5]]"
12n_0167_139,"[[21, 4, 22, 5], [23, 8, 24, 9], [1, 10, 2, 11], [18, 4, 19, 3], [5, 12, 6, 13], [7, 22, 8, 23], [9, 24, 10, 1], [11, 6, 12, 7], [13, 17, 14, 16], [15, 21, 16, 20], [2, 18, 3, 17], [19, 15, 20, 14]]"
12n_0167_140,"[[19, 15, 20, 14], [21, 4, 22, 5], [23, 8, 24, 9], [1, 10, 2, 11], [18, 4, 19, 3], [5, 12, 6, 13], [7, 22, 8, 23], [9, 24, 10, 1], [11, 6, 12, 7], [13, 17, 14, 16], [15, 21, 16, 20], [2, 18, 3, 17]]"
12n_0167_141,"[[2, 18, 3, 17], [19, 15, 20, 14], [21, 4, 22, 5], [23, 8, 24, 9], [1, 10, 2, 11], [18, 4, 19, 3], [5, 12, 6, 13], [7, 22, 8, 23], [9, 24, 10, 1], [11, 6, 12, 7], [13, 17, 14, 16], [15, 21, 16, 20]]"
12n_0167_142,"[[15, 21, 16, 20], [2, 18, 3, 17], [19, 15, 20, 14], [21, 4, 22, 5], [23, 8, 24, 9], [1, 10, 2, 11], [18, 4, 19, 3], [5, 12, 6, 13], [7, 22, 8, 23], [9, 24, 10, 1], [11, 6, 12, 7], [13, 17, 14, 16]]"
12n_0167_143,"[[13, 17, 14, 16], [15, 21, 16, 20], [2, 18, 3, 17], [19, 15, 20, 14], [21, 4, 22, 5], [23, 8, 24, 9], [1, 10, 2, 11], [18, 4, 19, 3], [5, 12, 6, 13], [7, 22, 8, 23], [9, 24, 10, 1], [11, 6, 12, 7]]"
12n_0167_144,"[[12, 7, 13, 8], [14, 18, 15, 17], [16, 22, 17, 21], [3, 19, 4, 18], [20, 16, 21, 15], [22, 5, 23, 6], [24, 9, 1, 10], [2, 11, 3, 12], [19, 5, 20, 4], [6, 13, 7, 14], [8, 23, 9, 24], [10, 1, 11, 2]]"
12n_0167_145,"[[10, 1, 11, 2], [12, 7, 13, 8], [14, 18, 15, 17], [16, 22, 17, 21], [3, 19, 4, 18], [20, 16, 21, 15], [22, 5, 23, 6], [24, 9, 1, 10], [2, 11, 3, 12], [19, 5, 20, 4], [6, 13, 7, 14], [8, 23, 9, 24]]"
12n_0167_146,"[[8, 23, 9, 24], [10, 1, 11, 2], [12, 7, 13, 8], [14, 18, 15, 17], [16, 22, 17, 21], [3, 19, 4, 18], [20, 16, 21, 15], [22, 5, 23, 6], [24, 9, 1, 10], [2, 11, 3, 12], [19, 5, 20, 4], [6, 13, 7, 14]]"
12n_0167_147,"[[6, 13, 7, 14], [8, 23, 9, 24], [10, 1, 11, 2], [12, 7, 13, 8], [14, 18, 15, 17], [16, 22, 17, 21], [3, 19, 4, 18], [20, 16, 21, 15], [22, 5, 23, 6], [24, 9, 1, 10], [2, 11, 3, 12], [19, 5, 20, 4]]"
12n_0167_148,"[[19, 5, 20, 4], [6, 13, 7, 14], [8, 23, 9, 24], [10, 1, 11, 2], [12, 7, 13, 8], [14, 18, 15, 17], [16, 22, 17, 21], [3, 19, 4, 18], [20, 16, 21, 15], [22, 5, 23, 6], [24, 9, 1, 10], [2, 11, 3, 12]]"
12n_0167_149,"[[2, 11, 3, 12], [19, 5, 20, 4], [6, 13, 7, 14], [8, 23, 9, 24], [10, 1, 11, 2], [12, 7, 13, 8], [14, 18, 15, 17], [16, 22, 17, 21], [3, 19, 4, 18], [20, 16, 21, 15], [22, 5, 23, 6], [24, 9, 1, 10]]"
12n_0167_150,"[[24, 9, 1, 10], [2, 11, 3, 12], [19, 5, 20, 4], [6, 13, 7, 14], [8, 23, 9, 24], [10, 1, 11, 2], [12, 7, 13, 8], [14, 18, 15, 17], [16, 22, 17, 21], [3, 19, 4, 18], [20, 16, 21, 15], [22, 5, 23, 6]]"
12n_0167_151,"[[22, 5, 23, 6], [24, 9, 1, 10], [2, 11, 3, 12], [19, 5, 20, 4], [6, 13, 7, 14], [8, 23, 9, 24], [10, 1, 11, 2], [12, 7, 13, 8], [14, 18, 15, 17], [16, 22, 17, 21], [3, 19, 4, 18], [20, 16, 21, 15]]"
12n_0167_152,"[[20, 16, 21, 15], [22, 5, 23, 6], [24, 9, 1, 10], [2, 11, 3, 12], [19, 5, 20, 4], [6, 13, 7, 14], [8, 23, 9, 24], [10, 1, 11, 2], [12, 7, 13, 8], [14, 18, 15, 17], [16, 22, 17, 21], [3, 19, 4, 18]]"
12n_0167_153,"[[3, 19, 4, 18], [20, 16, 21, 15], [22, 5, 23, 6], [24, 9, 1, 10], [2, 11, 3, 12], [19, 5, 20, 4], [6, 13, 7, 14], [8, 23, 9, 24], [10, 1, 11, 2], [12, 7, 13, 8], [14, 18, 15, 17], [16, 22, 17, 21]]"
12n_0167_154,"[[16, 22, 17, 21], [3, 19, 4, 18], [20, 16, 21, 15], [22, 5, 23, 6], [24, 9, 1, 10], [2, 11, 3, 12], [19, 5, 20, 4], [6, 13, 7, 14], [8, 23, 9, 24], [10, 1, 11, 2], [12, 7, 13, 8], [14, 18, 15, 17]]"
12n_0167_155,"[[14, 18, 15, 17], [16, 22, 17, 21], [3, 19, 4, 18], [20, 16, 21, 15], [22, 5, 23, 6], [24, 9, 1, 10], [2, 11, 3, 12], [19, 5, 20, 4], [6, 13, 7, 14], [8, 23, 9, 24], [10, 1, 11, 2], [12, 7, 13, 8]]"
12n_0167_156,"[[13, 8, 14, 9], [15, 19, 16, 18], [17, 23, 18, 22], [4, 20, 5, 19], [21, 17, 22, 16], [23, 6, 24, 7], [1, 10, 2, 11], [3, 12, 4, 13], [20, 6, 21, 5], [7, 14, 8, 15], [9, 24, 10, 1], [11, 2, 12, 3]]"
12n_0167_157,"[[11, 2, 12, 3], [13, 8, 14, 9], [15, 19, 16, 18], [17, 23, 18, 22], [4, 20, 5, 19], [21, 17, 22, 16], [23, 6, 24, 7], [1, 10, 2, 11], [3, 12, 4, 13], [20, 6, 21, 5], [7, 14, 8, 15], [9, 24, 10, 1]]"
12n_0167_158,"[[9, 24, 10, 1], [11, 2, 12, 3], [13, 8, 14, 9], [15, 19, 16, 18], [17, 23, 18, 22], [4, 20, 5, 19], [21, 17, 22, 16], [23, 6, 24, 7], [1, 10, 2, 11], [3, 12, 4, 13], [20, 6, 21, 5], [7, 14, 8, 15]]"
12n_0167_159,"[[7, 14, 8, 15], [9, 24, 10, 1], [11, 2, 12, 3], [13, 8, 14, 9], [15, 19, 16, 18], [17, 23, 18, 22], [4, 20, 5, 19], [21, 17, 22, 16], [23, 6, 24, 7], [1, 10, 2, 11], [3, 12, 4, 13], [20, 6, 21, 5]]"
12n_0167_160,"[[20, 6, 21, 5], [7, 14, 8, 15], [9, 24, 10, 1], [11, 2, 12, 3], [13, 8, 14, 9], [15, 19, 16, 18], [17, 23, 18, 22], [4, 20, 5, 19], [21, 17, 22, 16], [23, 6, 24, 7], [1, 10, 2, 11], [3, 12, 4, 13]]"
12n_0167_161,"[[3, 12, 4, 13], [20, 6, 21, 5], [7, 14, 8, 15], [9, 24, 10, 1], [11, 2, 12, 3], [13, 8, 14, 9], [15, 19, 16, 18], [17, 23, 18, 22], [4, 20, 5, 19], [21, 17, 22, 16], [23, 6, 24, 7], [1, 10, 2, 11]]"
12n_0167_162,"[[1, 10, 2, 11], [3, 12, 4, 13], [20, 6, 21, 5], [7, 14, 8, 15], [9, 24, 10, 1], [11, 2, 12, 3], [13, 8, 14, 9], [15, 19, 16, 18], [17, 23, 18, 22], [4, 20, 5, 19], [21, 17, 22, 16], [23, 6, 24, 7]]"
12n_0167_163,"[[23, 6, 24, 7], [1, 10, 2, 11], [3, 12, 4, 13], [20, 6, 21, 5], [7, 14, 8, 15], [9, 24, 10, 1], [11, 2, 12, 3], [13, 8, 14, 9], [15, 19, 16, 18], [17, 23, 18, 22], [4, 20, 5, 19], [21, 17, 22, 16]]"
12n_0167_164,"[[21, 17, 22, 16], [23, 6, 24, 7], [1, 10, 2, 11], [3, 12, 4, 13], [20, 6, 21, 5], [7, 14, 8, 15], [9, 24, 10, 1], [11, 2, 12, 3], [13, 8, 14, 9], [15, 19, 16, 18], [17, 23, 18, 22], [4, 20, 5, 19]]"
12n_0167_165,"[[4, 20, 5, 19], [21, 17, 22, 16], [23, 6, 24, 7], [1, 10, 2, 11], [3, 12, 4, 13], [20, 6, 21, 5], [7, 14, 8, 15], [9, 24, 10, 1], [11, 2, 12, 3], [13, 8, 14, 9], [15, 19, 16, 18], [17, 23, 18, 22]]"
12n_0167_166,"[[17, 23, 18, 22], [4, 20, 5, 19], [21, 17, 22, 16], [23, 6, 24, 7], [1, 10, 2, 11], [3, 12, 4, 13], [20, 6, 21, 5], [7, 14, 8, 15], [9, 24, 10, 1], [11, 2, 12, 3], [13, 8, 14, 9], [15, 19, 16, 18]]"
12n_0167_167,"[[15, 19, 16, 18], [17, 23, 18, 22], [4, 20, 5, 19], [21, 17, 22, 16], [23, 6, 24, 7], [1, 10, 2, 11], [3, 12, 4, 13], [20, 6, 21, 5], [7, 14, 8, 15], [9, 24, 10, 1], [11, 2, 12, 3], [13, 8, 14, 9]]"
12n_0167_168,"[[14, 9, 15, 10], [16, 20, 17, 19], [18, 24, 19, 23], [5, 21, 6, 20], [22, 18, 23, 17], [24, 7, 1, 8], [2, 11, 3, 12], [4, 13, 5, 14], [21, 7, 22, 6], [8, 15, 9, 16], [10, 1, 11, 2], [12, 3, 13, 4]]"
12n_0167_169,"[[12, 3, 13, 4], [14, 9, 15, 10], [16, 20, 17, 19], [18, 24, 19, 23], [5, 21, 6, 20], [22, 18, 23, 17], [24, 7, 1, 8], [2, 11, 3, 12], [4, 13, 5, 14], [21, 7, 22, 6], [8, 15, 9, 16], [10, 1, 11, 2]]"
12n_0167_170,"[[10, 1, 11, 2], [12, 3, 13, 4], [14, 9, 15, 10], [16, 20, 17, 19], [18, 24, 19, 23], [5, 21, 6, 20], [22, 18, 23, 17], [24, 7, 1, 8], [2, 11, 3, 12], [4, 13, 5, 14], [21, 7, 22, 6], [8, 15, 9, 16]]"
12n_0167_171,"[[8, 15, 9, 16], [10, 1, 11, 2], [12, 3, 13, 4], [14, 9, 15, 10], [16, 20, 17, 19], [18, 24, 19, 23], [5, 21, 6, 20], [22, 18, 23, 17], [24, 7, 1, 8], [2, 11, 3, 12], [4, 13, 5, 14], [21, 7, 22, 6]]"
12n_0167_172,"[[21, 7, 22, 6], [8, 15, 9, 16], [10, 1, 11, 2], [12, 3, 13, 4], [14, 9, 15, 10], [16, 20, 17, 19], [18, 24, 19, 23], [5, 21, 6, 20], [22, 18, 23, 17], [24, 7, 1, 8], [2, 11, 3, 12], [4, 13, 5, 14]]"
12n_0167_173,"[[4, 13, 5, 14], [21, 7, 22, 6], [8, 15, 9, 16], [10, 1, 11, 2], [12, 3, 13, 4], [14, 9, 15, 10], [16, 20, 17, 19], [18, 24, 19, 23], [5, 21, 6, 20], [22, 18, 23, 17], [24, 7, 1, 8], [2, 11, 3, 12]]"
12n_0167_174,"[[2, 11, 3, 12], [4, 13, 5, 14], [21, 7, 22, 6], [8, 15, 9, 16], [10, 1, 11, 2], [12, 3, 13, 4], [14, 9, 15, 10], [16, 20, 17, 19], [18, 24, 19, 23], [5, 21, 6, 20], [22, 18, 23, 17], [24, 7, 1, 8]]"
12n_0167_175,"[[24, 7, 1, 8], [2, 11, 3, 12], [4, 13, 5, 14], [21, 7, 22, 6], [8, 15, 9, 16], [10, 1, 11, 2], [12, 3, 13, 4], [14, 9, 15, 10], [16, 20, 17, 19], [18, 24, 19, 23], [5, 21, 6, 20], [22, 18, 23, 17]]"
12n_0167_176,"[[22, 18, 23, 17], [24, 7, 1, 8], [2, 11, 3, 12], [4, 13, 5, 14], [21, 7, 22, 6], [8, 15, 9, 16], [10, 1, 11, 2], [12, 3, 13, 4], [14, 9, 15, 10], [16, 20, 17, 19], [18, 24, 19, 23], [5, 21, 6, 20]]"
12n_0167_177,"[[5, 21, 6, 20], [22, 18, 23, 17], [24, 7, 1, 8], [2, 11, 3, 12], [4, 13, 5, 14], [21, 7, 22, 6], [8, 15, 9, 16], [10, 1, 11, 2], [12, 3, 13, 4], [14, 9, 15, 10], [16, 20, 17, 19], [18, 24, 19, 23]]"
12n_0167_178,"[[18, 24, 19, 23], [5, 21, 6, 20], [22, 18, 23, 17], [24, 7, 1, 8], [2, 11, 3, 12], [4, 13, 5, 14], [21, 7, 22, 6], [8, 15, 9, 16], [10, 1, 11, 2], [12, 3, 13, 4], [14, 9, 15, 10], [16, 20, 17, 19]]"
12n_0167_179,"[[16, 20, 17, 19], [18, 24, 19, 23], [5, 21, 6, 20], [22, 18, 23, 17], [24, 7, 1, 8], [2, 11, 3, 12], [4, 13, 5, 14], [21, 7, 22, 6], [8, 15, 9, 16], [10, 1, 11, 2], [12, 3, 13, 4], [14, 9, 15, 10]]"
12n_0167_180,"[[15, 10, 16, 11], [17, 21, 18, 20], [19, 1, 20, 24], [6, 22, 7, 21], [23, 19, 24, 18], [1, 8, 2, 9], [3, 12, 4, 13], [5, 14, 6, 15], [22, 8, 23, 7], [9, 16, 10, 17], [11, 2, 12, 3], [13, 4, 14, 5]]"
12n_0167_181,"[[13, 4, 14, 5], [15, 10, 16, 11], [17, 21, 18, 20], [19, 1, 20, 24], [6, 22, 7, 21], [23, 19, 24, 18], [1, 8, 2, 9], [3, 12, 4, 13], [5, 14, 6, 15], [22, 8, 23, 7], [9, 16, 10, 17], [11, 2, 12, 3]]"
12n_0167_182,"[[11, 2, 12, 3], [13, 4, 14, 5], [15, 10, 16, 11], [17, 21, 18, 20], [19, 1, 20, 24], [6, 22, 7, 21], [23, 19, 24, 18], [1, 8, 2, 9], [3, 12, 4, 13], [5, 14, 6, 15], [22, 8, 23, 7], [9, 16, 10, 17]]"
12n_0167_183,"[[9, 16, 10, 17], [11, 2, 12, 3], [13, 4, 14, 5], [15, 10, 16, 11], [17, 21, 18, 20], [19, 1, 20, 24], [6, 22, 7, 21], [23, 19, 24, 18], [1, 8, 2, 9], [3, 12, 4, 13], [5, 14, 6, 15], [22, 8, 23, 7]]"
12n_0167_184,"[[22, 8, 23, 7], [9, 16, 10, 17], [11, 2, 12, 3], [13, 4, 14, 5], [15, 10, 16, 11], [17, 21, 18, 20], [19, 1, 20, 24], [6, 22, 7, 21], [23, 19, 24, 18], [1, 8, 2, 9], [3, 12, 4, 13], [5, 14, 6, 15]]"
12n_0167_185,"[[5, 14, 6, 15], [22, 8, 23, 7], [9, 16, 10, 17], [11, 2, 12, 3], [13, 4, 14, 5], [15, 10, 16, 11], [17, 21, 18, 20], [19, 1, 20, 24], [6, 22, 7, 21], [23, 19, 24, 18], [1, 8, 2, 9], [3, 12, 4, 13]]"
