name,pd_notation
12n_0785_0,"[[15, 24, 16, 1], [2, 8, 3, 7], [4, 11, 5, 12], [6, 17, 7, 18], [8, 24, 9, 23], [10, 22, 11, 21], [12, 19, 13, 20], [14, 5, 15, 6], [1, 16, 2, 17], [18, 13, 19, 14], [20, 3, 21, 4], [22, 10, 23, 9]]"
12n_0785_1,"[[22, 10, 23, 9], [15, 24, 16, 1], [2, 8, 3, 7], [4, 11, 5, 12], [6, 17, 7, 18], [8, 24, 9, 23], [10, 22, 11, 21], [12, 19, 13, 20], [14, 5, 15, 6], [1, 16, 2, 17], [18, 13, 19, 14], [20, 3, 21, 4]]"
12n_0785_2,"[[20, 3, 21, 4], [22, 10, 23, 9], [15, 24, 16, 1], [2, 8, 3, 7], [4, 11, 5, 12], [6, 17, 7, 18], [8, 24, 9, 23], [10, 22, 11, 21], [12, 19, 13, 20], [14, 5, 15, 6], [1, 16, 2, 17], [18, 13, 19, 14]]"
12n_0785_3,"[[18, 13, 19, 14], [20, 3, 21, 4], [22, 10, 23, 9], [15, 24, 16, 1], [2, 8, 3, 7], [4, 11, 5, 12], [6, 17, 7, 18], [8, 24, 9, 23], [10, 22, 11, 21], [12, 19, 13, 20], [14, 5, 15, 6], [1, 16, 2, 17]]"
12n_0785_4,"[[1, 16, 2, 17], [18, 13, 19, 14], [20, 3, 21, 4], [22, 10, 23, 9], [15, 24, 16, 1], [2, 8, 3, 7], [4, 11, 5, 12], [6, 17, 7, 18], [8, 24, 9, 23], [10, 22, 11, 21], [12, 19, 13, 20], [14, 5, 15, 6]]"
12n_0785_5,"[[14, 5, 15, 6], [1, 16, 2, 17], [18, 13, 19, 14], [20, 3, 21, 4], [22, 10, 23, 9], [15, 24, 16, 1], [2, 8, 3, 7], [4, 11, 5, 12], [6, 17, 7, 18], [8, 24, 9, 23], [10, 22, 11, 21], [12, 19, 13, 20]]"
12n_0785_6,"[[12, 19, 13, 20], [14, 5, 15, 6], [1, 16, 2, 17], [18, 13, 19, 14], [20, 3, 21, 4], [22, 10, 23, 9], [15, 24, 16, 1], [2, 8, 3, 7], [4, 11, 5, 12], [6, 17, 7, 18], [8, 24, 9, 23], [10, 22, 11, 21]]"
12n_0785_7,"[[10, 22, 11, 21], [12, 19, 13, 20], [14, 5, 15, 6], [1, 16, 2, 17], [18, 13, 19, 14], [20, 3, 21, 4], [22, 10, 23, 9], [15, 24, 16, 1], [2, 8, 3, 7], [4, 11, 5, 12], [6, 17, 7, 18], [8, 24, 9, 23]]"
12n_0785_8,"[[8, 24, 9, 23], [10, 22, 11, 21], [12, 19, 13, 20], [14, 5, 15, 6], [1, 16, 2, 17], [18, 13, 19, 14], [20, 3, 21, 4], [22, 10, 23, 9], [15, 24, 16, 1], [2, 8, 3, 7], [4, 11, 5, 12], [6, 17, 7, 18]]"
12n_0785_9,"[[6, 17, 7, 18], [8, 24, 9, 23], [10, 22, 11, 21], [12, 19, 13, 20], [14, 5, 15, 6], [1, 16, 2, 17], [18, 13, 19, 14], [20, 3, 21, 4], [22, 10, 23, 9], [15, 24, 16, 1], [2, 8, 3, 7], [4, 11, 5, 12]]"
12n_0785_10,"[[4, 11, 5, 12], [6, 17, 7, 18], [8, 24, 9, 23], [10, 22, 11, 21], [12, 19, 13, 20], [14, 5, 15, 6], [1, 16, 2, 17], [18, 13, 19, 14], [20, 3, 21, 4], [22, 10, 23, 9], [15, 24, 16, 1], [2, 8, 3, 7]]"
12n_0785_11,"[[2, 8, 3, 7], [4, 11, 5, 12], [6, 17, 7, 18], [8, 24, 9, 23], [10, 22, 11, 21], [12, 19, 13, 20], [14, 5, 15, 6], [1, 16, 2, 17], [18, 13, 19, 14], [20, 3, 21, 4], [22, 10, 23, 9], [15, 24, 16, 1]]"
12n_0785_12,"[[16, 1, 17, 2], [3, 9, 4, 8], [5, 12, 6, 13], [7, 18, 8, 19], [9, 1, 10, 24], [11, 23, 12, 22], [13, 20, 14, 21], [15, 6, 16, 7], [2, 17, 3, 18], [19, 14, 20, 15], [21, 4, 22, 5], [23, 11, 24, 10]]"
12n_0785_13,"[[23, 11, 24, 10], [16, 1, 17, 2], [3, 9, 4, 8], [5, 12, 6, 13], [7, 18, 8, 19], [9, 1, 10, 24], [11, 23, 12, 22], [13, 20, 14, 21], [15, 6, 16, 7], [2, 17, 3, 18], [19, 14, 20, 15], [21, 4, 22, 5]]"
12n_0785_14,"[[21, 4, 22, 5], [23, 11, 24, 10], [16, 1, 17, 2], [3, 9, 4, 8], [5, 12, 6, 13], [7, 18, 8, 19], [9, 1, 10, 24], [11, 23, 12, 22], [13, 20, 14, 21], [15, 6, 16, 7], [2, 17, 3, 18], [19, 14, 20, 15]]"
12n_0785_15,"[[19, 14, 20, 15], [21, 4, 22, 5], [23, 11, 24, 10], [16, 1, 17, 2], [3, 9, 4, 8], [5, 12, 6, 13], [7, 18, 8, 19], [9, 1, 10, 24], [11, 23, 12, 22], [13, 20, 14, 21], [15, 6, 16, 7], [2, 17, 3, 18]]"
12n_0785_16,"[[2, 17, 3, 18], [19, 14, 20, 15], [21, 4, 22, 5], [23, 11, 24, 10], [16, 1, 17, 2], [3, 9, 4, 8], [5, 12, 6, 13], [7, 18, 8, 19], [9, 1, 10, 24], [11, 23, 12, 22], [13, 20, 14, 21], [15, 6, 16, 7]]"
12n_0785_17,"[[15, 6, 16, 7], [2, 17, 3, 18], [19, 14, 20, 15], [21, 4, 22, 5], [23, 11, 24, 10], [16, 1, 17, 2], [3, 9, 4, 8], [5, 12, 6, 13], [7, 18, 8, 19], [9, 1, 10, 24], [11, 23, 12, 22], [13, 20, 14, 21]]"
12n_0785_18,"[[13, 20, 14, 21], [15, 6, 16, 7], [2, 17, 3, 18], [19, 14, 20, 15], [21, 4, 22, 5], [23, 11, 24, 10], [16, 1, 17, 2], [3, 9, 4, 8], [5, 12, 6, 13], [7, 18, 8, 19], [9, 1, 10, 24], [11, 23, 12, 22]]"
12n_0785_19,"[[11, 23, 12, 22], [13, 20, 14, 21], [15, 6, 16, 7], [2, 17, 3, 18], [19, 14, 20, 15], [21, 4, 22, 5], [23, 11, 24, 10], [16, 1, 17, 2], [3, 9, 4, 8], [5, 12, 6, 13], [7, 18, 8, 19], [9, 1, 10, 24]]"
12n_0785_20,"[[9, 1, 10, 24], [11, 23, 12, 22], [13, 20, 14, 21], [15, 6, 16, 7], [2, 17, 3, 18], [19, 14, 20, 15], [21, 4, 22, 5], [23, 11, 24, 10], [16, 1, 17, 2], [3, 9, 4, 8], [5, 12, 6, 13], [7, 18, 8, 19]]"
12n_0785_21,"[[7, 18, 8, 19], [9, 1, 10, 24], [11, 23, 12, 22], [13, 20, 14, 21], [15, 6, 16, 7], [2, 17, 3, 18], [19, 14, 20, 15], [21, 4, 22, 5], [23, 11, 24, 10], [16, 1, 17, 2], [3, 9, 4, 8], [5, 12, 6, 13]]"
12n_0785_22,"[[5, 12, 6, 13], [7, 18, 8, 19], [9, 1, 10, 24], [11, 23, 12, 22], [13, 20, 14, 21], [15, 6, 16, 7], [2, 17, 3, 18], [19, 14, 20, 15], [21, 4, 22, 5], [23, 11, 24, 10], [16, 1, 17, 2], [3, 9, 4, 8]]"
12n_0785_23,"[[3, 9, 4, 8], [5, 12, 6, 13], [7, 18, 8, 19], [9, 1, 10, 24], [11, 23, 12, 22], [13, 20, 14, 21], [15, 6, 16, 7], [2, 17, 3, 18], [19, 14, 20, 15], [21, 4, 22, 5], [23, 11, 24, 10], [16, 1, 17, 2]]"
12n_0785_24,"[[17, 2, 18, 3], [4, 10, 5, 9], [6, 13, 7, 14], [8, 19, 9, 20], [10, 2, 11, 1], [12, 24, 13, 23], [14, 21, 15, 22], [16, 7, 17, 8], [3, 18, 4, 19], [20, 15, 21, 16], [22, 5, 23, 6], [24, 12, 1, 11]]"
12n_0785_25,"[[24, 12, 1, 11], [17, 2, 18, 3], [4, 10, 5, 9], [6, 13, 7, 14], [8, 19, 9, 20], [10, 2, 11, 1], [12, 24, 13, 23], [14, 21, 15, 22], [16, 7, 17, 8], [3, 18, 4, 19], [20, 15, 21, 16], [22, 5, 23, 6]]"
12n_0785_26,"[[22, 5, 23, 6], [24, 12, 1, 11], [17, 2, 18, 3], [4, 10, 5, 9], [6, 13, 7, 14], [8, 19, 9, 20], [10, 2, 11, 1], [12, 24, 13, 23], [14, 21, 15, 22], [16, 7, 17, 8], [3, 18, 4, 19], [20, 15, 21, 16]]"
12n_0785_27,"[[20, 15, 21, 16], [22, 5, 23, 6], [24, 12, 1, 11], [17, 2, 18, 3], [4, 10, 5, 9], [6, 13, 7, 14], [8, 19, 9, 20], [10, 2, 11, 1], [12, 24, 13, 23], [14, 21, 15, 22], [16, 7, 17, 8], [3, 18, 4, 19]]"
12n_0785_28,"[[3, 18, 4, 19], [20, 15, 21, 16], [22, 5, 23, 6], [24, 12, 1, 11], [17, 2, 18, 3], [4, 10, 5, 9], [6, 13, 7, 14], [8, 19, 9, 20], [10, 2, 11, 1], [12, 24, 13, 23], [14, 21, 15, 22], [16, 7, 17, 8]]"
12n_0785_29,"[[16, 7, 17, 8], [3, 18, 4, 19], [20, 15, 21, 16], [22, 5, 23, 6], [24, 12, 1, 11], [17, 2, 18, 3], [4, 10, 5, 9], [6, 13, 7, 14], [8, 19, 9, 20], [10, 2, 11, 1], [12, 24, 13, 23], [14, 21, 15, 22]]"
12n_0785_30,"[[14, 21, 15, 22], [16, 7, 17, 8], [3, 18, 4, 19], [20, 15, 21, 16], [22, 5, 23, 6], [24, 12, 1, 11], [17, 2, 18, 3], [4, 10, 5, 9], [6, 13, 7, 14], [8, 19, 9, 20], [10, 2, 11, 1], [12, 24, 13, 23]]"
12n_0785_31,"[[12, 24, 13, 23], [14, 21, 15, 22], [16, 7, 17, 8], [3, 18, 4, 19], [20, 15, 21, 16], [22, 5, 23, 6], [24, 12, 1, 11], [17, 2, 18, 3], [4, 10, 5, 9], [6, 13, 7, 14], [8, 19, 9, 20], [10, 2, 11, 1]]"
12n_0785_32,"[[10, 2, 11, 1], [12, 24, 13, 23], [14, 21, 15, 22], [16, 7, 17, 8], [3, 18, 4, 19], [20, 15, 21, 16], [22, 5, 23, 6], [24, 12, 1, 11], [17, 2, 18, 3], [4, 10, 5, 9], [6, 13, 7, 14], [8, 19, 9, 20]]"
12n_0785_33,"[[8, 19, 9, 20], [10, 2, 11, 1], [12, 24, 13, 23], [14, 21, 15, 22], [16, 7, 17, 8], [3, 18, 4, 19], [20, 15, 21, 16], [22, 5, 23, 6], [24, 12, 1, 11], [17, 2, 18, 3], [4, 10, 5, 9], [6, 13, 7, 14]]"
12n_0785_34,"[[6, 13, 7, 14], [8, 19, 9, 20], [10, 2, 11, 1], [12, 24, 13, 23], [14, 21, 15, 22], [16, 7, 17, 8], [3, 18, 4, 19], [20, 15, 21, 16], [22, 5, 23, 6], [24, 12, 1, 11], [17, 2, 18, 3], [4, 10, 5, 9]]"
12n_0785_35,"[[4, 10, 5, 9], [6, 13, 7, 14], [8, 19, 9, 20], [10, 2, 11, 1], [12, 24, 13, 23], [14, 21, 15, 22], [16, 7, 17, 8], [3, 18, 4, 19], [20, 15, 21, 16], [22, 5, 23, 6], [24, 12, 1, 11], [17, 2, 18, 3]]"
12n_0785_36,"[[18, 3, 19, 4], [5, 11, 6, 10], [7, 14, 8, 15], [9, 20, 10, 21], [11, 3, 12, 2], [13, 1, 14, 24], [15, 22, 16, 23], [17, 8, 18, 9], [4, 19, 5, 20], [21, 16, 22, 17], [23, 6, 24, 7], [1, 13, 2, 12]]"
12n_0785_37,"[[1, 13, 2, 12], [18, 3, 19, 4], [5, 11, 6, 10], [7, 14, 8, 15], [9, 20, 10, 21], [11, 3, 12, 2], [13, 1, 14, 24], [15, 22, 16, 23], [17, 8, 18, 9], [4, 19, 5, 20], [21, 16, 22, 17], [23, 6, 24, 7]]"
12n_0785_38,"[[23, 6, 24, 7], [1, 13, 2, 12], [18, 3, 19, 4], [5, 11, 6, 10], [7, 14, 8, 15], [9, 20, 10, 21], [11, 3, 12, 2], [13, 1, 14, 24], [15, 22, 16, 23], [17, 8, 18, 9], [4, 19, 5, 20], [21, 16, 22, 17]]"
12n_0785_39,"[[21, 16, 22, 17], [23, 6, 24, 7], [1, 13, 2, 12], [18, 3, 19, 4], [5, 11, 6, 10], [7, 14, 8, 15], [9, 20, 10, 21], [11, 3, 12, 2], [13, 1, 14, 24], [15, 22, 16, 23], [17, 8, 18, 9], [4, 19, 5, 20]]"
12n_0785_40,"[[4, 19, 5, 20], [21, 16, 22, 17], [23, 6, 24, 7], [1, 13, 2, 12], [18, 3, 19, 4], [5, 11, 6, 10], [7, 14, 8, 15], [9, 20, 10, 21], [11, 3, 12, 2], [13, 1, 14, 24], [15, 22, 16, 23], [17, 8, 18, 9]]"
12n_0785_41,"[[17, 8, 18, 9], [4, 19, 5, 20], [21, 16, 22, 17], [23, 6, 24, 7], [1, 13, 2, 12], [18, 3, 19, 4], [5, 11, 6, 10], [7, 14, 8, 15], [9, 20, 10, 21], [11, 3, 12, 2], [13, 1, 14, 24], [15, 22, 16, 23]]"
12n_0785_42,"[[15, 22, 16, 23], [17, 8, 18, 9], [4, 19, 5, 20], [21, 16, 22, 17], [23, 6, 24, 7], [1, 13, 2, 12], [18, 3, 19, 4], [5, 11, 6, 10], [7, 14, 8, 15], [9, 20, 10, 21], [11, 3, 12, 2], [13, 1, 14, 24]]"
12n_0785_43,"[[13, 1, 14, 24], [15, 22, 16, 23], [17, 8, 18, 9], [4, 19, 5, 20], [21, 16, 22, 17], [23, 6, 24, 7], [1, 13, 2, 12], [18, 3, 19, 4], [5, 11, 6, 10], [7, 14, 8, 15], [9, 20, 10, 21], [11, 3, 12, 2]]"
12n_0785_44,"[[11, 3, 12, 2], [13, 1, 14, 24], [15, 22, 16, 23], [17, 8, 18, 9], [4, 19, 5, 20], [21, 16, 22, 17], [23, 6, 24, 7], [1, 13, 2, 12], [18, 3, 19, 4], [5, 11, 6, 10], [7, 14, 8, 15], [9, 20, 10, 21]]"
12n_0785_45,"[[9, 20, 10, 21], [11, 3, 12, 2], [13, 1, 14, 24], [15, 22, 16, 23], [17, 8, 18, 9], [4, 19, 5, 20], [21, 16, 22, 17], [23, 6, 24, 7], [1, 13, 2, 12], [18, 3, 19, 4], [5, 11, 6, 10], [7, 14, 8, 15]]"
12n_0785_46,"[[7, 14, 8, 15], [9, 20, 10, 21], [11, 3, 12, 2], [13, 1, 14, 24], [15, 22, 16, 23], [17, 8, 18, 9], [4, 19, 5, 20], [21, 16, 22, 17], [23, 6, 24, 7], [1, 13, 2, 12], [18, 3, 19, 4], [5, 11, 6, 10]]"
12n_0785_47,"[[5, 11, 6, 10], [7, 14, 8, 15], [9, 20, 10, 21], [11, 3, 12, 2], [13, 1, 14, 24], [15, 22, 16, 23], [17, 8, 18, 9], [4, 19, 5, 20], [21, 16, 22, 17], [23, 6, 24, 7], [1, 13, 2, 12], [18, 3, 19, 4]]"
12n_0785_48,"[[19, 4, 20, 5], [6, 12, 7, 11], [8, 15, 9, 16], [10, 21, 11, 22], [12, 4, 13, 3], [14, 2, 15, 1], [16, 23, 17, 24], [18, 9, 19, 10], [5, 20, 6, 21], [22, 17, 23, 18], [24, 7, 1, 8], [2, 14, 3, 13]]"
12n_0785_49,"[[2, 14, 3, 13], [19, 4, 20, 5], [6, 12, 7, 11], [8, 15, 9, 16], [10, 21, 11, 22], [12, 4, 13, 3], [14, 2, 15, 1], [16, 23, 17, 24], [18, 9, 19, 10], [5, 20, 6, 21], [22, 17, 23, 18], [24, 7, 1, 8]]"
12n_0785_50,"[[24, 7, 1, 8], [2, 14, 3, 13], [19, 4, 20, 5], [6, 12, 7, 11], [8, 15, 9, 16], [10, 21, 11, 22], [12, 4, 13, 3], [14, 2, 15, 1], [16, 23, 17, 24], [18, 9, 19, 10], [5, 20, 6, 21], [22, 17, 23, 18]]"
12n_0785_51,"[[22, 17, 23, 18], [24, 7, 1, 8], [2, 14, 3, 13], [19, 4, 20, 5], [6, 12, 7, 11], [8, 15, 9, 16], [10, 21, 11, 22], [12, 4, 13, 3], [14, 2, 15, 1], [16, 23, 17, 24], [18, 9, 19, 10], [5, 20, 6, 21]]"
12n_0785_52,"[[5, 20, 6, 21], [22, 17, 23, 18], [24, 7, 1, 8], [2, 14, 3, 13], [19, 4, 20, 5], [6, 12, 7, 11], [8, 15, 9, 16], [10, 21, 11, 22], [12, 4, 13, 3], [14, 2, 15, 1], [16, 23, 17, 24], [18, 9, 19, 10]]"
12n_0785_53,"[[18, 9, 19, 10], [5, 20, 6, 21], [22, 17, 23, 18], [24, 7, 1, 8], [2, 14, 3, 13], [19, 4, 20, 5], [6, 12, 7, 11], [8, 15, 9, 16], [10, 21, 11, 22], [12, 4, 13, 3], [14, 2, 15, 1], [16, 23, 17, 24]]"
12n_0785_54,"[[16, 23, 17, 24], [18, 9, 19, 10], [5, 20, 6, 21], [22, 17, 23, 18], [24, 7, 1, 8], [2, 14, 3, 13], [19, 4, 20, 5], [6, 12, 7, 11], [8, 15, 9, 16], [10, 21, 11, 22], [12, 4, 13, 3], [14, 2, 15, 1]]"
12n_0785_55,"[[14, 2, 15, 1], [16, 23, 17, 24], [18, 9, 19, 10], [5, 20, 6, 21], [22, 17, 23, 18], [24, 7, 1, 8], [2, 14, 3, 13], [19, 4, 20, 5], [6, 12, 7, 11], [8, 15, 9, 16], [10, 21, 11, 22], [12, 4, 13, 3]]"
12n_0785_56,"[[12, 4, 13, 3], [14, 2, 15, 1], [16, 23, 17, 24], [18, 9, 19, 10], [5, 20, 6, 21], [22, 17, 23, 18], [24, 7, 1, 8], [2, 14, 3, 13], [19, 4, 20, 5], [6, 12, 7, 11], [8, 15, 9, 16], [10, 21, 11, 22]]"
12n_0785_57,"[[10, 21, 11, 22], [12, 4, 13, 3], [14, 2, 15, 1], [16, 23, 17, 24], [18, 9, 19, 10], [5, 20, 6, 21], [22, 17, 23, 18], [24, 7, 1, 8], [2, 14, 3, 13], [19, 4, 20, 5], [6, 12, 7, 11], [8, 15, 9, 16]]"
12n_0785_58,"[[8, 15, 9, 16], [10, 21, 11, 22], [12, 4, 13, 3], [14, 2, 15, 1], [16, 23, 17, 24], [18, 9, 19, 10], [5, 20, 6, 21], [22, 17, 23, 18], [24, 7, 1, 8], [2, 14, 3, 13], [19, 4, 20, 5], [6, 12, 7, 11]]"
12n_0785_59,"[[6, 12, 7, 11], [8, 15, 9, 16], [10, 21, 11, 22], [12, 4, 13, 3], [14, 2, 15, 1], [16, 23, 17, 24], [18, 9, 19, 10], [5, 20, 6, 21], [22, 17, 23, 18], [24, 7, 1, 8], [2, 14, 3, 13], [19, 4, 20, 5]]"
12n_0785_60,"[[20, 5, 21, 6], [7, 13, 8, 12], [9, 16, 10, 17], [11, 22, 12, 23], [13, 5, 14, 4], [15, 3, 16, 2], [17, 24, 18, 1], [19, 10, 20, 11], [6, 21, 7, 22], [23, 18, 24, 19], [1, 8, 2, 9], [3, 15, 4, 14]]"
12n_0785_61,"[[3, 15, 4, 14], [20, 5, 21, 6], [7, 13, 8, 12], [9, 16, 10, 17], [11, 22, 12, 23], [13, 5, 14, 4], [15, 3, 16, 2], [17, 24, 18, 1], [19, 10, 20, 11], [6, 21, 7, 22], [23, 18, 24, 19], [1, 8, 2, 9]]"
12n_0785_62,"[[1, 8, 2, 9], [3, 15, 4, 14], [20, 5, 21, 6], [7, 13, 8, 12], [9, 16, 10, 17], [11, 22, 12, 23], [13, 5, 14, 4], [15, 3, 16, 2], [17, 24, 18, 1], [19, 10, 20, 11], [6, 21, 7, 22], [23, 18, 24, 19]]"
12n_0785_63,"[[23, 18, 24, 19], [1, 8, 2, 9], [3, 15, 4, 14], [20, 5, 21, 6], [7, 13, 8, 12], [9, 16, 10, 17], [11, 22, 12, 23], [13, 5, 14, 4], [15, 3, 16, 2], [17, 24, 18, 1], [19, 10, 20, 11], [6, 21, 7, 22]]"
12n_0785_64,"[[6, 21, 7, 22], [23, 18, 24, 19], [1, 8, 2, 9], [3, 15, 4, 14], [20, 5, 21, 6], [7, 13, 8, 12], [9, 16, 10, 17], [11, 22, 12, 23], [13, 5, 14, 4], [15, 3, 16, 2], [17, 24, 18, 1], [19, 10, 20, 11]]"
12n_0785_65,"[[19, 10, 20, 11], [6, 21, 7, 22], [23, 18, 24, 19], [1, 8, 2, 9], [3, 15, 4, 14], [20, 5, 21, 6], [7, 13, 8, 12], [9, 16, 10, 17], [11, 22, 12, 23], [13, 5, 14, 4], [15, 3, 16, 2], [17, 24, 18, 1]]"
12n_0785_66,"[[17, 24, 18, 1], [19, 10, 20, 11], [6, 21, 7, 22], [23, 18, 24, 19], [1, 8, 2, 9], [3, 15, 4, 14], [20, 5, 21, 6], [7, 13, 8, 12], [9, 16, 10, 17], [11, 22, 12, 23], [13, 5, 14, 4], [15, 3, 16, 2]]"
12n_0785_67,"[[15, 3, 16, 2], [17, 24, 18, 1], [19, 10, 20, 11], [6, 21, 7, 22], [23, 18, 24, 19], [1, 8, 2, 9], [3, 15, 4, 14], [20, 5, 21, 6], [7, 13, 8, 12], [9, 16, 10, 17], [11, 22, 12, 23], [13, 5, 14, 4]]"
12n_0785_68,"[[13, 5, 14, 4], [15, 3, 16, 2], [17, 24, 18, 1], [19, 10, 20, 11], [6, 21, 7, 22], [23, 18, 24, 19], [1, 8, 2, 9], [3, 15, 4, 14], [20, 5, 21, 6], [7, 13, 8, 12], [9, 16, 10, 17], [11, 22, 12, 23]]"
12n_0785_69,"[[11, 22, 12, 23], [13, 5, 14, 4], [15, 3, 16, 2], [17, 24, 18, 1], [19, 10, 20, 11], [6, 21, 7, 22], [23, 18, 24, 19], [1, 8, 2, 9], [3, 15, 4, 14], [20, 5, 21, 6], [7, 13, 8, 12], [9, 16, 10, 17]]"
12n_0785_70,"[[9, 16, 10, 17], [11, 22, 12, 23], [13, 5, 14, 4], [15, 3, 16, 2], [17, 24, 18, 1], [19, 10, 20, 11], [6, 21, 7, 22], [23, 18, 24, 19], [1, 8, 2, 9], [3, 15, 4, 14], [20, 5, 21, 6], [7, 13, 8, 12]]"
12n_0785_71,"[[7, 13, 8, 12], [9, 16, 10, 17], [11, 22, 12, 23], [13, 5, 14, 4], [15, 3, 16, 2], [17, 24, 18, 1], [19, 10, 20, 11], [6, 21, 7, 22], [23, 18, 24, 19], [1, 8, 2, 9], [3, 15, 4, 14], [20, 5, 21, 6]]"
12n_0785_72,"[[21, 6, 22, 7], [8, 14, 9, 13], [10, 17, 11, 18], [12, 23, 13, 24], [14, 6, 15, 5], [16, 4, 17, 3], [18, 1, 19, 2], [20, 11, 21, 12], [7, 22, 8, 23], [24, 19, 1, 20], [2, 9, 3, 10], [4, 16, 5, 15]]"
12n_0785_73,"[[4, 16, 5, 15], [21, 6, 22, 7], [8, 14, 9, 13], [10, 17, 11, 18], [12, 23, 13, 24], [14, 6, 15, 5], [16, 4, 17, 3], [18, 1, 19, 2], [20, 11, 21, 12], [7, 22, 8, 23], [24, 19, 1, 20], [2, 9, 3, 10]]"
12n_0785_74,"[[2, 9, 3, 10], [4, 16, 5, 15], [21, 6, 22, 7], [8, 14, 9, 13], [10, 17, 11, 18], [12, 23, 13, 24], [14, 6, 15, 5], [16, 4, 17, 3], [18, 1, 19, 2], [20, 11, 21, 12], [7, 22, 8, 23], [24, 19, 1, 20]]"
12n_0785_75,"[[24, 19, 1, 20], [2, 9, 3, 10], [4, 16, 5, 15], [21, 6, 22, 7], [8, 14, 9, 13], [10, 17, 11, 18], [12, 23, 13, 24], [14, 6, 15, 5], [16, 4, 17, 3], [18, 1, 19, 2], [20, 11, 21, 12], [7, 22, 8, 23]]"
12n_0785_76,"[[7, 22, 8, 23], [24, 19, 1, 20], [2, 9, 3, 10], [4, 16, 5, 15], [21, 6, 22, 7], [8, 14, 9, 13], [10, 17, 11, 18], [12, 23, 13, 24], [14, 6, 15, 5], [16, 4, 17, 3], [18, 1, 19, 2], [20, 11, 21, 12]]"
12n_0785_77,"[[20, 11, 21, 12], [7, 22, 8, 23], [24, 19, 1, 20], [2, 9, 3, 10], [4, 16, 5, 15], [21, 6, 22, 7], [8, 14, 9, 13], [10, 17, 11, 18], [12, 23, 13, 24], [14, 6, 15, 5], [16, 4, 17, 3], [18, 1, 19, 2]]"
12n_0785_78,"[[18, 1, 19, 2], [20, 11, 21, 12], [7, 22, 8, 23], [24, 19, 1, 20], [2, 9, 3, 10], [4, 16, 5, 15], [21, 6, 22, 7], [8, 14, 9, 13], [10, 17, 11, 18], [12, 23, 13, 24], [14, 6, 15, 5], [16, 4, 17, 3]]"
12n_0785_79,"[[16, 4, 17, 3], [18, 1, 19, 2], [20, 11, 21, 12], [7, 22, 8, 23], [24, 19, 1, 20], [2, 9, 3, 10], [4, 16, 5, 15], [21, 6, 22, 7], [8, 14, 9, 13], [10, 17, 11, 18], [12, 23, 13, 24], [14, 6, 15, 5]]"
12n_0785_80,"[[14, 6, 15, 5], [16, 4, 17, 3], [18, 1, 19, 2], [20, 11, 21, 12], [7, 22, 8, 23], [24, 19, 1, 20], [2, 9, 3, 10], [4, 16, 5, 15], [21, 6, 22, 7], [8, 14, 9, 13], [10, 17, 11, 18], [12, 23, 13, 24]]"
12n_0785_81,"[[12, 23, 13, 24], [14, 6, 15, 5], [16, 4, 17, 3], [18, 1, 19, 2], [20, 11, 21, 12], [7, 22, 8, 23], [24, 19, 1, 20], [2, 9, 3, 10], [4, 16, 5, 15], [21, 6, 22, 7], [8, 14, 9, 13], [10, 17, 11, 18]]"
12n_0785_82,"[[10, 17, 11, 18], [12, 23, 13, 24], [14, 6, 15, 5], [16, 4, 17, 3], [18, 1, 19, 2], [20, 11, 21, 12], [7, 22, 8, 23], [24, 19, 1, 20], [2, 9, 3, 10], [4, 16, 5, 15], [21, 6, 22, 7], [8, 14, 9, 13]]"
12n_0785_83,"[[8, 14, 9, 13], [10, 17, 11, 18], [12, 23, 13, 24], [14, 6, 15, 5], [16, 4, 17, 3], [18, 1, 19, 2], [20, 11, 21, 12], [7, 22, 8, 23], [24, 19, 1, 20], [2, 9, 3, 10], [4, 16, 5, 15], [21, 6, 22, 7]]"
12n_0785_84,"[[22, 7, 23, 8], [9, 15, 10, 14], [11, 18, 12, 19], [13, 24, 14, 1], [15, 7, 16, 6], [17, 5, 18, 4], [19, 2, 20, 3], [21, 12, 22, 13], [8, 23, 9, 24], [1, 20, 2, 21], [3, 10, 4, 11], [5, 17, 6, 16]]"
12n_0785_85,"[[5, 17, 6, 16], [22, 7, 23, 8], [9, 15, 10, 14], [11, 18, 12, 19], [13, 24, 14, 1], [15, 7, 16, 6], [17, 5, 18, 4], [19, 2, 20, 3], [21, 12, 22, 13], [8, 23, 9, 24], [1, 20, 2, 21], [3, 10, 4, 11]]"
12n_0785_86,"[[3, 10, 4, 11], [5, 17, 6, 16], [22, 7, 23, 8], [9, 15, 10, 14], [11, 18, 12, 19], [13, 24, 14, 1], [15, 7, 16, 6], [17, 5, 18, 4], [19, 2, 20, 3], [21, 12, 22, 13], [8, 23, 9, 24], [1, 20, 2, 21]]"
12n_0785_87,"[[1, 20, 2, 21], [3, 10, 4, 11], [5, 17, 6, 16], [22, 7, 23, 8], [9, 15, 10, 14], [11, 18, 12, 19], [13, 24, 14, 1], [15, 7, 16, 6], [17, 5, 18, 4], [19, 2, 20, 3], [21, 12, 22, 13], [8, 23, 9, 24]]"
12n_0785_88,"[[8, 23, 9, 24], [1, 20, 2, 21], [3, 10, 4, 11], [5, 17, 6, 16], [22, 7, 23, 8], [9, 15, 10, 14], [11, 18, 12, 19], [13, 24, 14, 1], [15, 7, 16, 6], [17, 5, 18, 4], [19, 2, 20, 3], [21, 12, 22, 13]]"
12n_0785_89,"[[21, 12, 22, 13], [8, 23, 9, 24], [1, 20, 2, 21], [3, 10, 4, 11], [5, 17, 6, 16], [22, 7, 23, 8], [9, 15, 10, 14], [11, 18, 12, 19], [13, 24, 14, 1], [15, 7, 16, 6], [17, 5, 18, 4], [19, 2, 20, 3]]"
12n_0785_90,"[[19, 2, 20, 3], [21, 12, 22, 13], [8, 23, 9, 24], [1, 20, 2, 21], [3, 10, 4, 11], [5, 17, 6, 16], [22, 7, 23, 8], [9, 15, 10, 14], [11, 18, 12, 19], [13, 24, 14, 1], [15, 7, 16, 6], [17, 5, 18, 4]]"
12n_0785_91,"[[17, 5, 18, 4], [19, 2, 20, 3], [21, 12, 22, 13], [8, 23, 9, 24], [1, 20, 2, 21], [3, 10, 4, 11], [5, 17, 6, 16], [22, 7, 23, 8], [9, 15, 10, 14], [11, 18, 12, 19], [13, 24, 14, 1], [15, 7, 16, 6]]"
12n_0785_92,"[[15, 7, 16, 6], [17, 5, 18, 4], [19, 2, 20, 3], [21, 12, 22, 13], [8, 23, 9, 24], [1, 20, 2, 21], [3, 10, 4, 11], [5, 17, 6, 16], [22, 7, 23, 8], [9, 15, 10, 14], [11, 18, 12, 19], [13, 24, 14, 1]]"
12n_0785_93,"[[13, 24, 14, 1], [15, 7, 16, 6], [17, 5, 18, 4], [19, 2, 20, 3], [21, 12, 22, 13], [8, 23, 9, 24], [1, 20, 2, 21], [3, 10, 4, 11], [5, 17, 6, 16], [22, 7, 23, 8], [9, 15, 10, 14], [11, 18, 12, 19]]"
12n_0785_94,"[[11, 18, 12, 19], [13, 24, 14, 1], [15, 7, 16, 6], [17, 5, 18, 4], [19, 2, 20, 3], [21, 12, 22, 13], [8, 23, 9, 24], [1, 20, 2, 21], [3, 10, 4, 11], [5, 17, 6, 16], [22, 7, 23, 8], [9, 15, 10, 14]]"
12n_0785_95,"[[9, 15, 10, 14], [11, 18, 12, 19], [13, 24, 14, 1], [15, 7, 16, 6], [17, 5, 18, 4], [19, 2, 20, 3], [21, 12, 22, 13], [8, 23, 9, 24], [1, 20, 2, 21], [3, 10, 4, 11], [5, 17, 6, 16], [22, 7, 23, 8]]"
12n_0785_96,"[[23, 8, 24, 9], [10, 16, 11, 15], [12, 19, 13, 20], [14, 1, 15, 2], [16, 8, 17, 7], [18, 6, 19, 5], [20, 3, 21, 4], [22, 13, 23, 14], [9, 24, 10, 1], [2, 21, 3, 22], [4, 11, 5, 12], [6, 18, 7, 17]]"
12n_0785_97,"[[6, 18, 7, 17], [23, 8, 24, 9], [10, 16, 11, 15], [12, 19, 13, 20], [14, 1, 15, 2], [16, 8, 17, 7], [18, 6, 19, 5], [20, 3, 21, 4], [22, 13, 23, 14], [9, 24, 10, 1], [2, 21, 3, 22], [4, 11, 5, 12]]"
12n_0785_98,"[[4, 11, 5, 12], [6, 18, 7, 17], [23, 8, 24, 9], [10, 16, 11, 15], [12, 19, 13, 20], [14, 1, 15, 2], [16, 8, 17, 7], [18, 6, 19, 5], [20, 3, 21, 4], [22, 13, 23, 14], [9, 24, 10, 1], [2, 21, 3, 22]]"
12n_0785_99,"[[2, 21, 3, 22], [4, 11, 5, 12], [6, 18, 7, 17], [23, 8, 24, 9], [10, 16, 11, 15], [12, 19, 13, 20], [14, 1, 15, 2], [16, 8, 17, 7], [18, 6, 19, 5], [20, 3, 21, 4], [22, 13, 23, 14], [9, 24, 10, 1]]"
12n_0785_100,"[[9, 24, 10, 1], [2, 21, 3, 22], [4, 11, 5, 12], [6, 18, 7, 17], [23, 8, 24, 9], [10, 16, 11, 15], [12, 19, 13, 20], [14, 1, 15, 2], [16, 8, 17, 7], [18, 6, 19, 5], [20, 3, 21, 4], [22, 13, 23, 14]]"
12n_0785_101,"[[22, 13, 23, 14], [9, 24, 10, 1], [2, 21, 3, 22], [4, 11, 5, 12], [6, 18, 7, 17], [23, 8, 24, 9], [10, 16, 11, 15], [12, 19, 13, 20], [14, 1, 15, 2], [16, 8, 17, 7], [18, 6, 19, 5], [20, 3, 21, 4]]"
12n_0785_102,"[[20, 3, 21, 4], [22, 13, 23, 14], [9, 24, 10, 1], [2, 21, 3, 22], [4, 11, 5, 12], [6, 18, 7, 17], [23, 8, 24, 9], [10, 16, 11, 15], [12, 19, 13, 20], [14, 1, 15, 2], [16, 8, 17, 7], [18, 6, 19, 5]]"
12n_0785_103,"[[18, 6, 19, 5], [20, 3, 21, 4], [22, 13, 23, 14], [9, 24, 10, 1], [2, 21, 3, 22], [4, 11, 5, 12], [6, 18, 7, 17], [23, 8, 24, 9], [10, 16, 11, 15], [12, 19, 13, 20], [14, 1, 15, 2], [16, 8, 17, 7]]"
12n_0785_104,"[[16, 8, 17, 7], [18, 6, 19, 5], [20, 3, 21, 4], [22, 13, 23, 14], [9, 24, 10, 1], [2, 21, 3, 22], [4, 11, 5, 12], [6, 18, 7, 17], [23, 8, 24, 9], [10, 16, 11, 15], [12, 19, 13, 20], [14, 1, 15, 2]]"
12n_0785_105,"[[14, 1, 15, 2], [16, 8, 17, 7], [18, 6, 19, 5], [20, 3, 21, 4], [22, 13, 23, 14], [9, 24, 10, 1], [2, 21, 3, 22], [4, 11, 5, 12], [6, 18, 7, 17], [23, 8, 24, 9], [10, 16, 11, 15], [12, 19, 13, 20]]"
12n_0785_106,"[[12, 19, 13, 20], [14, 1, 15, 2], [16, 8, 17, 7], [18, 6, 19, 5], [20, 3, 21, 4], [22, 13, 23, 14], [9, 24, 10, 1], [2, 21, 3, 22], [4, 11, 5, 12], [6, 18, 7, 17], [23, 8, 24, 9], [10, 16, 11, 15]]"
12n_0785_107,"[[10, 16, 11, 15], [12, 19, 13, 20], [14, 1, 15, 2], [16, 8, 17, 7], [18, 6, 19, 5], [20, 3, 21, 4], [22, 13, 23, 14], [9, 24, 10, 1], [2, 21, 3, 22], [4, 11, 5, 12], [6, 18, 7, 17], [23, 8, 24, 9]]"
12n_0785_108,"[[24, 9, 1, 10], [11, 17, 12, 16], [13, 20, 14, 21], [15, 2, 16, 3], [17, 9, 18, 8], [19, 7, 20, 6], [21, 4, 22, 5], [23, 14, 24, 15], [10, 1, 11, 2], [3, 22, 4, 23], [5, 12, 6, 13], [7, 19, 8, 18]]"
12n_0785_109,"[[7, 19, 8, 18], [24, 9, 1, 10], [11, 17, 12, 16], [13, 20, 14, 21], [15, 2, 16, 3], [17, 9, 18, 8], [19, 7, 20, 6], [21, 4, 22, 5], [23, 14, 24, 15], [10, 1, 11, 2], [3, 22, 4, 23], [5, 12, 6, 13]]"
12n_0785_110,"[[5, 12, 6, 13], [7, 19, 8, 18], [24, 9, 1, 10], [11, 17, 12, 16], [13, 20, 14, 21], [15, 2, 16, 3], [17, 9, 18, 8], [19, 7, 20, 6], [21, 4, 22, 5], [23, 14, 24, 15], [10, 1, 11, 2], [3, 22, 4, 23]]"
12n_0785_111,"[[3, 22, 4, 23], [5, 12, 6, 13], [7, 19, 8, 18], [24, 9, 1, 10], [11, 17, 12, 16], [13, 20, 14, 21], [15, 2, 16, 3], [17, 9, 18, 8], [19, 7, 20, 6], [21, 4, 22, 5], [23, 14, 24, 15], [10, 1, 11, 2]]"
12n_0785_112,"[[10, 1, 11, 2], [3, 22, 4, 23], [5, 12, 6, 13], [7, 19, 8, 18], [24, 9, 1, 10], [11, 17, 12, 16], [13, 20, 14, 21], [15, 2, 16, 3], [17, 9, 18, 8], [19, 7, 20, 6], [21, 4, 22, 5], [23, 14, 24, 15]]"
12n_0785_113,"[[23, 14, 24, 15], [10, 1, 11, 2], [3, 22, 4, 23], [5, 12, 6, 13], [7, 19, 8, 18], [24, 9, 1, 10], [11, 17, 12, 16], [13, 20, 14, 21], [15, 2, 16, 3], [17, 9, 18, 8], [19, 7, 20, 6], [21, 4, 22, 5]]"
12n_0785_114,"[[21, 4, 22, 5], [23, 14, 24, 15], [10, 1, 11, 2], [3, 22, 4, 23], [5, 12, 6, 13], [7, 19, 8, 18], [24, 9, 1, 10], [11, 17, 12, 16], [13, 20, 14, 21], [15, 2, 16, 3], [17, 9, 18, 8], [19, 7, 20, 6]]"
12n_0785_115,"[[19, 7, 20, 6], [21, 4, 22, 5], [23, 14, 24, 15], [10, 1, 11, 2], [3, 22, 4, 23], [5, 12, 6, 13], [7, 19, 8, 18], [24, 9, 1, 10], [11, 17, 12, 16], [13, 20, 14, 21], [15, 2, 16, 3], [17, 9, 18, 8]]"
12n_0785_116,"[[17, 9, 18, 8], [19, 7, 20, 6], [21, 4, 22, 5], [23, 14, 24, 15], [10, 1, 11, 2], [3, 22, 4, 23], [5, 12, 6, 13], [7, 19, 8, 18], [24, 9, 1, 10], [11, 17, 12, 16], [13, 20, 14, 21], [15, 2, 16, 3]]"
12n_0785_117,"[[15, 2, 16, 3], [17, 9, 18, 8], [19, 7, 20, 6], [21, 4, 22, 5], [23, 14, 24, 15], [10, 1, 11, 2], [3, 22, 4, 23], [5, 12, 6, 13], [7, 19, 8, 18], [24, 9, 1, 10], [11, 17, 12, 16], [13, 20, 14, 21]]"
12n_0785_118,"[[13, 20, 14, 21], [15, 2, 16, 3], [17, 9, 18, 8], [19, 7, 20, 6], [21, 4, 22, 5], [23, 14, 24, 15], [10, 1, 11, 2], [3, 22, 4, 23], [5, 12, 6, 13], [7, 19, 8, 18], [24, 9, 1, 10], [11, 17, 12, 16]]"
12n_0785_119,"[[11, 17, 12, 16], [13, 20, 14, 21], [15, 2, 16, 3], [17, 9, 18, 8], [19, 7, 20, 6], [21, 4, 22, 5], [23, 14, 24, 15], [10, 1, 11, 2], [3, 22, 4, 23], [5, 12, 6, 13], [7, 19, 8, 18], [24, 9, 1, 10]]"
12n_0785_120,"[[1, 10, 2, 11], [12, 18, 13, 17], [14, 21, 15, 22], [16, 3, 17, 4], [18, 10, 19, 9], [20, 8, 21, 7], [22, 5, 23, 6], [24, 15, 1, 16], [11, 2, 12, 3], [4, 23, 5, 24], [6, 13, 7, 14], [8, 20, 9, 19]]"
12n_0785_121,"[[8, 20, 9, 19], [1, 10, 2, 11], [12, 18, 13, 17], [14, 21, 15, 22], [16, 3, 17, 4], [18, 10, 19, 9], [20, 8, 21, 7], [22, 5, 23, 6], [24, 15, 1, 16], [11, 2, 12, 3], [4, 23, 5, 24], [6, 13, 7, 14]]"
12n_0785_122,"[[6, 13, 7, 14], [8, 20, 9, 19], [1, 10, 2, 11], [12, 18, 13, 17], [14, 21, 15, 22], [16, 3, 17, 4], [18, 10, 19, 9], [20, 8, 21, 7], [22, 5, 23, 6], [24, 15, 1, 16], [11, 2, 12, 3], [4, 23, 5, 24]]"
12n_0785_123,"[[4, 23, 5, 24], [6, 13, 7, 14], [8, 20, 9, 19], [1, 10, 2, 11], [12, 18, 13, 17], [14, 21, 15, 22], [16, 3, 17, 4], [18, 10, 19, 9], [20, 8, 21, 7], [22, 5, 23, 6], [24, 15, 1, 16], [11, 2, 12, 3]]"
12n_0785_124,"[[11, 2, 12, 3], [4, 23, 5, 24], [6, 13, 7, 14], [8, 20, 9, 19], [1, 10, 2, 11], [12, 18, 13, 17], [14, 21, 15, 22], [16, 3, 17, 4], [18, 10, 19, 9], [20, 8, 21, 7], [22, 5, 23, 6], [24, 15, 1, 16]]"
12n_0785_125,"[[24, 15, 1, 16], [11, 2, 12, 3], [4, 23, 5, 24], [6, 13, 7, 14], [8, 20, 9, 19], [1, 10, 2, 11], [12, 18, 13, 17], [14, 21, 15, 22], [16, 3, 17, 4], [18, 10, 19, 9], [20, 8, 21, 7], [22, 5, 23, 6]]"
12n_0785_126,"[[22, 5, 23, 6], [24, 15, 1, 16], [11, 2, 12, 3], [4, 23, 5, 24], [6, 13, 7, 14], [8, 20, 9, 19], [1, 10, 2, 11], [12, 18, 13, 17], [14, 21, 15, 22], [16, 3, 17, 4], [18, 10, 19, 9], [20, 8, 21, 7]]"
12n_0785_127,"[[20, 8, 21, 7], [22, 5, 23, 6], [24, 15, 1, 16], [11, 2, 12, 3], [4, 23, 5, 24], [6, 13, 7, 14], [8, 20, 9, 19], [1, 10, 2, 11], [12, 18, 13, 17], [14, 21, 15, 22], [16, 3, 17, 4], [18, 10, 19, 9]]"
12n_0785_128,"[[18, 10, 19, 9], [20, 8, 21, 7], [22, 5, 23, 6], [24, 15, 1, 16], [11, 2, 12, 3], [4, 23, 5, 24], [6, 13, 7, 14], [8, 20, 9, 19], [1, 10, 2, 11], [12, 18, 13, 17], [14, 21, 15, 22], [16, 3, 17, 4]]"
12n_0785_129,"[[16, 3, 17, 4], [18, 10, 19, 9], [20, 8, 21, 7], [22, 5, 23, 6], [24, 15, 1, 16], [11, 2, 12, 3], [4, 23, 5, 24], [6, 13, 7, 14], [8, 20, 9, 19], [1, 10, 2, 11], [12, 18, 13, 17], [14, 21, 15, 22]]"
12n_0785_130,"[[14, 21, 15, 22], [16, 3, 17, 4], [18, 10, 19, 9], [20, 8, 21, 7], [22, 5, 23, 6], [24, 15, 1, 16], [11, 2, 12, 3], [4, 23, 5, 24], [6, 13, 7, 14], [8, 20, 9, 19], [1, 10, 2, 11], [12, 18, 13, 17]]"
12n_0785_131,"[[12, 18, 13, 17], [14, 21, 15, 22], [16, 3, 17, 4], [18, 10, 19, 9], [20, 8, 21, 7], [22, 5, 23, 6], [24, 15, 1, 16], [11, 2, 12, 3], [4, 23, 5, 24], [6, 13, 7, 14], [8, 20, 9, 19], [1, 10, 2, 11]]"
12n_0785_132,"[[2, 11, 3, 12], [13, 19, 14, 18], [15, 22, 16, 23], [17, 4, 18, 5], [19, 11, 20, 10], [21, 9, 22, 8], [23, 6, 24, 7], [1, 16, 2, 17], [12, 3, 13, 4], [5, 24, 6, 1], [7, 14, 8, 15], [9, 21, 10, 20]]"
12n_0785_133,"[[9, 21, 10, 20], [2, 11, 3, 12], [13, 19, 14, 18], [15, 22, 16, 23], [17, 4, 18, 5], [19, 11, 20, 10], [21, 9, 22, 8], [23, 6, 24, 7], [1, 16, 2, 17], [12, 3, 13, 4], [5, 24, 6, 1], [7, 14, 8, 15]]"
12n_0785_134,"[[7, 14, 8, 15], [9, 21, 10, 20], [2, 11, 3, 12], [13, 19, 14, 18], [15, 22, 16, 23], [17, 4, 18, 5], [19, 11, 20, 10], [21, 9, 22, 8], [23, 6, 24, 7], [1, 16, 2, 17], [12, 3, 13, 4], [5, 24, 6, 1]]"
12n_0785_135,"[[5, 24, 6, 1], [7, 14, 8, 15], [9, 21, 10, 20], [2, 11, 3, 12], [13, 19, 14, 18], [15, 22, 16, 23], [17, 4, 18, 5], [19, 11, 20, 10], [21, 9, 22, 8], [23, 6, 24, 7], [1, 16, 2, 17], [12, 3, 13, 4]]"
12n_0785_136,"[[12, 3, 13, 4], [5, 24, 6, 1], [7, 14, 8, 15], [9, 21, 10, 20], [2, 11, 3, 12], [13, 19, 14, 18], [15, 22, 16, 23], [17, 4, 18, 5], [19, 11, 20, 10], [21, 9, 22, 8], [23, 6, 24, 7], [1, 16, 2, 17]]"
12n_0785_137,"[[1, 16, 2, 17], [12, 3, 13, 4], [5, 24, 6, 1], [7, 14, 8, 15], [9, 21, 10, 20], [2, 11, 3, 12], [13, 19, 14, 18], [15, 22, 16, 23], [17, 4, 18, 5], [19, 11, 20, 10], [21, 9, 22, 8], [23, 6, 24, 7]]"
12n_0785_138,"[[23, 6, 24, 7], [1, 16, 2, 17], [12, 3, 13, 4], [5, 24, 6, 1], [7, 14, 8, 15], [9, 21, 10, 20], [2, 11, 3, 12], [13, 19, 14, 18], [15, 22, 16, 23], [17, 4, 18, 5], [19, 11, 20, 10], [21, 9, 22, 8]]"
12n_0785_139,"[[21, 9, 22, 8], [23, 6, 24, 7], [1, 16, 2, 17], [12, 3, 13, 4], [5, 24, 6, 1], [7, 14, 8, 15], [9, 21, 10, 20], [2, 11, 3, 12], [13, 19, 14, 18], [15, 22, 16, 23], [17, 4, 18, 5], [19, 11, 20, 10]]"
12n_0785_140,"[[19, 11, 20, 10], [21, 9, 22, 8], [23, 6, 24, 7], [1, 16, 2, 17], [12, 3, 13, 4], [5, 24, 6, 1], [7, 14, 8, 15], [9, 21, 10, 20], [2, 11, 3, 12], [13, 19, 14, 18], [15, 22, 16, 23], [17, 4, 18, 5]]"
12n_0785_141,"[[17, 4, 18, 5], [19, 11, 20, 10], [21, 9, 22, 8], [23, 6, 24, 7], [1, 16, 2, 17], [12, 3, 13, 4], [5, 24, 6, 1], [7, 14, 8, 15], [9, 21, 10, 20], [2, 11, 3, 12], [13, 19, 14, 18], [15, 22, 16, 23]]"
12n_0785_142,"[[15, 22, 16, 23], [17, 4, 18, 5], [19, 11, 20, 10], [21, 9, 22, 8], [23, 6, 24, 7], [1, 16, 2, 17], [12, 3, 13, 4], [5, 24, 6, 1], [7, 14, 8, 15], [9, 21, 10, 20], [2, 11, 3, 12], [13, 19, 14, 18]]"
12n_0785_143,"[[13, 19, 14, 18], [15, 22, 16, 23], [17, 4, 18, 5], [19, 11, 20, 10], [21, 9, 22, 8], [23, 6, 24, 7], [1, 16, 2, 17], [12, 3, 13, 4], [5, 24, 6, 1], [7, 14, 8, 15], [9, 21, 10, 20], [2, 11, 3, 12]]"
12n_0785_144,"[[3, 12, 4, 13], [14, 20, 15, 19], [16, 23, 17, 24], [18, 5, 19, 6], [20, 12, 21, 11], [22, 10, 23, 9], [24, 7, 1, 8], [2, 17, 3, 18], [13, 4, 14, 5], [6, 1, 7, 2], [8, 15, 9, 16], [10, 22, 11, 21]]"
12n_0785_145,"[[10, 22, 11, 21], [3, 12, 4, 13], [14, 20, 15, 19], [16, 23, 17, 24], [18, 5, 19, 6], [20, 12, 21, 11], [22, 10, 23, 9], [24, 7, 1, 8], [2, 17, 3, 18], [13, 4, 14, 5], [6, 1, 7, 2], [8, 15, 9, 16]]"
12n_0785_146,"[[8, 15, 9, 16], [10, 22, 11, 21], [3, 12, 4, 13], [14, 20, 15, 19], [16, 23, 17, 24], [18, 5, 19, 6], [20, 12, 21, 11], [22, 10, 23, 9], [24, 7, 1, 8], [2, 17, 3, 18], [13, 4, 14, 5], [6, 1, 7, 2]]"
12n_0785_147,"[[6, 1, 7, 2], [8, 15, 9, 16], [10, 22, 11, 21], [3, 12, 4, 13], [14, 20, 15, 19], [16, 23, 17, 24], [18, 5, 19, 6], [20, 12, 21, 11], [22, 10, 23, 9], [24, 7, 1, 8], [2, 17, 3, 18], [13, 4, 14, 5]]"
12n_0785_148,"[[13, 4, 14, 5], [6, 1, 7, 2], [8, 15, 9, 16], [10, 22, 11, 21], [3, 12, 4, 13], [14, 20, 15, 19], [16, 23, 17, 24], [18, 5, 19, 6], [20, 12, 21, 11], [22, 10, 23, 9], [24, 7, 1, 8], [2, 17, 3, 18]]"
12n_0785_149,"[[2, 17, 3, 18], [13, 4, 14, 5], [6, 1, 7, 2], [8, 15, 9, 16], [10, 22, 11, 21], [3, 12, 4, 13], [14, 20, 15, 19], [16, 23, 17, 24], [18, 5, 19, 6], [20, 12, 21, 11], [22, 10, 23, 9], [24, 7, 1, 8]]"
12n_0785_150,"[[24, 7, 1, 8], [2, 17, 3, 18], [13, 4, 14, 5], [6, 1, 7, 2], [8, 15, 9, 16], [10, 22, 11, 21], [3, 12, 4, 13], [14, 20, 15, 19], [16, 23, 17, 24], [18, 5, 19, 6], [20, 12, 21, 11], [22, 10, 23, 9]]"
12n_0785_151,"[[22, 10, 23, 9], [24, 7, 1, 8], [2, 17, 3, 18], [13, 4, 14, 5], [6, 1, 7, 2], [8, 15, 9, 16], [10, 22, 11, 21], [3, 12, 4, 13], [14, 20, 15, 19], [16, 23, 17, 24], [18, 5, 19, 6], [20, 12, 21, 11]]"
12n_0785_152,"[[20, 12, 21, 11], [22, 10, 23, 9], [24, 7, 1, 8], [2, 17, 3, 18], [13, 4, 14, 5], [6, 1, 7, 2], [8, 15, 9, 16], [10, 22, 11, 21], [3, 12, 4, 13], [14, 20, 15, 19], [16, 23, 17, 24], [18, 5, 19, 6]]"
12n_0785_153,"[[18, 5, 19, 6], [20, 12, 21, 11], [22, 10, 23, 9], [24, 7, 1, 8], [2, 17, 3, 18], [13, 4, 14, 5], [6, 1, 7, 2], [8, 15, 9, 16], [10, 22, 11, 21], [3, 12, 4, 13], [14, 20, 15, 19], [16, 23, 17, 24]]"
12n_0785_154,"[[16, 23, 17, 24], [18, 5, 19, 6], [20, 12, 21, 11], [22, 10, 23, 9], [24, 7, 1, 8], [2, 17, 3, 18], [13, 4, 14, 5], [6, 1, 7, 2], [8, 15, 9, 16], [10, 22, 11, 21], [3, 12, 4, 13], [14, 20, 15, 19]]"
12n_0785_155,"[[14, 20, 15, 19], [16, 23, 17, 24], [18, 5, 19, 6], [20, 12, 21, 11], [22, 10, 23, 9], [24, 7, 1, 8], [2, 17, 3, 18], [13, 4, 14, 5], [6, 1, 7, 2], [8, 15, 9, 16], [10, 22, 11, 21], [3, 12, 4, 13]]"
12n_0785_156,"[[4, 13, 5, 14], [15, 21, 16, 20], [17, 24, 18, 1], [19, 6, 20, 7], [21, 13, 22, 12], [23, 11, 24, 10], [1, 8, 2, 9], [3, 18, 4, 19], [14, 5, 15, 6], [7, 2, 8, 3], [9, 16, 10, 17], [11, 23, 12, 22]]"
12n_0785_157,"[[11, 23, 12, 22], [4, 13, 5, 14], [15, 21, 16, 20], [17, 24, 18, 1], [19, 6, 20, 7], [21, 13, 22, 12], [23, 11, 24, 10], [1, 8, 2, 9], [3, 18, 4, 19], [14, 5, 15, 6], [7, 2, 8, 3], [9, 16, 10, 17]]"
12n_0785_158,"[[9, 16, 10, 17], [11, 23, 12, 22], [4, 13, 5, 14], [15, 21, 16, 20], [17, 24, 18, 1], [19, 6, 20, 7], [21, 13, 22, 12], [23, 11, 24, 10], [1, 8, 2, 9], [3, 18, 4, 19], [14, 5, 15, 6], [7, 2, 8, 3]]"
12n_0785_159,"[[7, 2, 8, 3], [9, 16, 10, 17], [11, 23, 12, 22], [4, 13, 5, 14], [15, 21, 16, 20], [17, 24, 18, 1], [19, 6, 20, 7], [21, 13, 22, 12], [23, 11, 24, 10], [1, 8, 2, 9], [3, 18, 4, 19], [14, 5, 15, 6]]"
12n_0785_160,"[[14, 5, 15, 6], [7, 2, 8, 3], [9, 16, 10, 17], [11, 23, 12, 22], [4, 13, 5, 14], [15, 21, 16, 20], [17, 24, 18, 1], [19, 6, 20, 7], [21, 13, 22, 12], [23, 11, 24, 10], [1, 8, 2, 9], [3, 18, 4, 19]]"
12n_0785_161,"[[3, 18, 4, 19], [14, 5, 15, 6], [7, 2, 8, 3], [9, 16, 10, 17], [11, 23, 12, 22], [4, 13, 5, 14], [15, 21, 16, 20], [17, 24, 18, 1], [19, 6, 20, 7], [21, 13, 22, 12], [23, 11, 24, 10], [1, 8, 2, 9]]"
12n_0785_162,"[[1, 8, 2, 9], [3, 18, 4, 19], [14, 5, 15, 6], [7, 2, 8, 3], [9, 16, 10, 17], [11, 23, 12, 22], [4, 13, 5, 14], [15, 21, 16, 20], [17, 24, 18, 1], [19, 6, 20, 7], [21, 13, 22, 12], [23, 11, 24, 10]]"
12n_0785_163,"[[23, 11, 24, 10], [1, 8, 2, 9], [3, 18, 4, 19], [14, 5, 15, 6], [7, 2, 8, 3], [9, 16, 10, 17], [11, 23, 12, 22], [4, 13, 5, 14], [15, 21, 16, 20], [17, 24, 18, 1], [19, 6, 20, 7], [21, 13, 22, 12]]"
12n_0785_164,"[[21, 13, 22, 12], [23, 11, 24, 10], [1, 8, 2, 9], [3, 18, 4, 19], [14, 5, 15, 6], [7, 2, 8, 3], [9, 16, 10, 17], [11, 23, 12, 22], [4, 13, 5, 14], [15, 21, 16, 20], [17, 24, 18, 1], [19, 6, 20, 7]]"
12n_0785_165,"[[19, 6, 20, 7], [21, 13, 22, 12], [23, 11, 24, 10], [1, 8, 2, 9], [3, 18, 4, 19], [14, 5, 15, 6], [7, 2, 8, 3], [9, 16, 10, 17], [11, 23, 12, 22], [4, 13, 5, 14], [15, 21, 16, 20], [17, 24, 18, 1]]"
12n_0785_166,"[[17, 24, 18, 1], [19, 6, 20, 7], [21, 13, 22, 12], [23, 11, 24, 10], [1, 8, 2, 9], [3, 18, 4, 19], [14, 5, 15, 6], [7, 2, 8, 3], [9, 16, 10, 17], [11, 23, 12, 22], [4, 13, 5, 14], [15, 21, 16, 20]]"
12n_0785_167,"[[15, 21, 16, 20], [17, 24, 18, 1], [19, 6, 20, 7], [21, 13, 22, 12], [23, 11, 24, 10], [1, 8, 2, 9], [3, 18, 4, 19], [14, 5, 15, 6], [7, 2, 8, 3], [9, 16, 10, 17], [11, 23, 12, 22], [4, 13, 5, 14]]"
12n_0785_168,"[[5, 14, 6, 15], [16, 22, 17, 21], [18, 1, 19, 2], [20, 7, 21, 8], [22, 14, 23, 13], [24, 12, 1, 11], [2, 9, 3, 10], [4, 19, 5, 20], [15, 6, 16, 7], [8, 3, 9, 4], [10, 17, 11, 18], [12, 24, 13, 23]]"
12n_0785_169,"[[12, 24, 13, 23], [5, 14, 6, 15], [16, 22, 17, 21], [18, 1, 19, 2], [20, 7, 21, 8], [22, 14, 23, 13], [24, 12, 1, 11], [2, 9, 3, 10], [4, 19, 5, 20], [15, 6, 16, 7], [8, 3, 9, 4], [10, 17, 11, 18]]"
12n_0785_170,"[[10, 17, 11, 18], [12, 24, 13, 23], [5, 14, 6, 15], [16, 22, 17, 21], [18, 1, 19, 2], [20, 7, 21, 8], [22, 14, 23, 13], [24, 12, 1, 11], [2, 9, 3, 10], [4, 19, 5, 20], [15, 6, 16, 7], [8, 3, 9, 4]]"
12n_0785_171,"[[8, 3, 9, 4], [10, 17, 11, 18], [12, 24, 13, 23], [5, 14, 6, 15], [16, 22, 17, 21], [18, 1, 19, 2], [20, 7, 21, 8], [22, 14, 23, 13], [24, 12, 1, 11], [2, 9, 3, 10], [4, 19, 5, 20], [15, 6, 16, 7]]"
12n_0785_172,"[[15, 6, 16, 7], [8, 3, 9, 4], [10, 17, 11, 18], [12, 24, 13, 23], [5, 14, 6, 15], [16, 22, 17, 21], [18, 1, 19, 2], [20, 7, 21, 8], [22, 14, 23, 13], [24, 12, 1, 11], [2, 9, 3, 10], [4, 19, 5, 20]]"
12n_0785_173,"[[4, 19, 5, 20], [15, 6, 16, 7], [8, 3, 9, 4], [10, 17, 11, 18], [12, 24, 13, 23], [5, 14, 6, 15], [16, 22, 17, 21], [18, 1, 19, 2], [20, 7, 21, 8], [22, 14, 23, 13], [24, 12, 1, 11], [2, 9, 3, 10]]"
12n_0785_174,"[[2, 9, 3, 10], [4, 19, 5, 20], [15, 6, 16, 7], [8, 3, 9, 4], [10, 17, 11, 18], [12, 24, 13, 23], [5, 14, 6, 15], [16, 22, 17, 21], [18, 1, 19, 2], [20, 7, 21, 8], [22, 14, 23, 13], [24, 12, 1, 11]]"
12n_0785_175,"[[24, 12, 1, 11], [2, 9, 3, 10], [4, 19, 5, 20], [15, 6, 16, 7], [8, 3, 9, 4], [10, 17, 11, 18], [12, 24, 13, 23], [5, 14, 6, 15], [16, 22, 17, 21], [18, 1, 19, 2], [20, 7, 21, 8], [22, 14, 23, 13]]"
12n_0785_176,"[[22, 14, 23, 13], [24, 12, 1, 11], [2, 9, 3, 10], [4, 19, 5, 20], [15, 6, 16, 7], [8, 3, 9, 4], [10, 17, 11, 18], [12, 24, 13, 23], [5, 14, 6, 15], [16, 22, 17, 21], [18, 1, 19, 2], [20, 7, 21, 8]]"
12n_0785_177,"[[20, 7, 21, 8], [22, 14, 23, 13], [24, 12, 1, 11], [2, 9, 3, 10], [4, 19, 5, 20], [15, 6, 16, 7], [8, 3, 9, 4], [10, 17, 11, 18], [12, 24, 13, 23], [5, 14, 6, 15], [16, 22, 17, 21], [18, 1, 19, 2]]"
12n_0785_178,"[[18, 1, 19, 2], [20, 7, 21, 8], [22, 14, 23, 13], [24, 12, 1, 11], [2, 9, 3, 10], [4, 19, 5, 20], [15, 6, 16, 7], [8, 3, 9, 4], [10, 17, 11, 18], [12, 24, 13, 23], [5, 14, 6, 15], [16, 22, 17, 21]]"
12n_0785_179,"[[16, 22, 17, 21], [18, 1, 19, 2], [20, 7, 21, 8], [22, 14, 23, 13], [24, 12, 1, 11], [2, 9, 3, 10], [4, 19, 5, 20], [15, 6, 16, 7], [8, 3, 9, 4], [10, 17, 11, 18], [12, 24, 13, 23], [5, 14, 6, 15]]"
12n_0785_180,"[[6, 15, 7, 16], [17, 23, 18, 22], [19, 2, 20, 3], [21, 8, 22, 9], [23, 15, 24, 14], [1, 13, 2, 12], [3, 10, 4, 11], [5, 20, 6, 21], [16, 7, 17, 8], [9, 4, 10, 5], [11, 18, 12, 19], [13, 1, 14, 24]]"
12n_0785_181,"[[13, 1, 14, 24], [6, 15, 7, 16], [17, 23, 18, 22], [19, 2, 20, 3], [21, 8, 22, 9], [23, 15, 24, 14], [1, 13, 2, 12], [3, 10, 4, 11], [5, 20, 6, 21], [16, 7, 17, 8], [9, 4, 10, 5], [11, 18, 12, 19]]"
12n_0785_182,"[[11, 18, 12, 19], [13, 1, 14, 24], [6, 15, 7, 16], [17, 23, 18, 22], [19, 2, 20, 3], [21, 8, 22, 9], [23, 15, 24, 14], [1, 13, 2, 12], [3, 10, 4, 11], [5, 20, 6, 21], [16, 7, 17, 8], [9, 4, 10, 5]]"
12n_0785_183,"[[9, 4, 10, 5], [11, 18, 12, 19], [13, 1, 14, 24], [6, 15, 7, 16], [17, 23, 18, 22], [19, 2, 20, 3], [21, 8, 22, 9], [23, 15, 24, 14], [1, 13, 2, 12], [3, 10, 4, 11], [5, 20, 6, 21], [16, 7, 17, 8]]"
12n_0785_184,"[[16, 7, 17, 8], [9, 4, 10, 5], [11, 18, 12, 19], [13, 1, 14, 24], [6, 15, 7, 16], [17, 23, 18, 22], [19, 2, 20, 3], [21, 8, 22, 9], [23, 15, 24, 14], [1, 13, 2, 12], [3, 10, 4, 11], [5, 20, 6, 21]]"
12n_0785_185,"[[5, 20, 6, 21], [16, 7, 17, 8], [9, 4, 10, 5], [11, 18, 12, 19], [13, 1, 14, 24], [6, 15, 7, 16], [17, 23, 18, 22], [19, 2, 20, 3], [21, 8, 22, 9], [23, 15, 24, 14], [1, 13, 2, 12], [3, 10, 4, 11]]"
