name,pd_notation
12n_0094_0,"[[19, 1, 20, 24], [2, 6, 3, 5], [4, 10, 5, 9], [13, 6, 14, 7], [8, 4, 9, 3], [17, 11, 18, 10], [7, 12, 8, 13], [21, 15, 22, 14], [11, 17, 12, 16], [1, 19, 2, 18], [23, 21, 24, 20], [15, 23, 16, 22]]"
12n_0094_1,"[[15, 23, 16, 22], [19, 1, 20, 24], [2, 6, 3, 5], [4, 10, 5, 9], [13, 6, 14, 7], [8, 4, 9, 3], [17, 11, 18, 10], [7, 12, 8, 13], [21, 15, 22, 14], [11, 17, 12, 16], [1, 19, 2, 18], [23, 21, 24, 20]]"
12n_0094_2,"[[23, 21, 24, 20], [15, 23, 16, 22], [19, 1, 20, 24], [2, 6, 3, 5], [4, 10, 5, 9], [13, 6, 14, 7], [8, 4, 9, 3], [17, 11, 18, 10], [7, 12, 8, 13], [21, 15, 22, 14], [11, 17, 12, 16], [1, 19, 2, 18]]"
12n_0094_3,"[[1, 19, 2, 18], [23, 21, 24, 20], [15, 23, 16, 22], [19, 1, 20, 24], [2, 6, 3, 5], [4, 10, 5, 9], [13, 6, 14, 7], [8, 4, 9, 3], [17, 11, 18, 10], [7, 12, 8, 13], [21, 15, 22, 14], [11, 17, 12, 16]]"
12n_0094_4,"[[11, 17, 12, 16], [1, 19, 2, 18], [23, 21, 24, 20], [15, 23, 16, 22], [19, 1, 20, 24], [2, 6, 3, 5], [4, 10, 5, 9], [13, 6, 14, 7], [8, 4, 9, 3], [17, 11, 18, 10], [7, 12, 8, 13], [21, 15, 22, 14]]"
12n_0094_5,"[[21, 15, 22, 14], [11, 17, 12, 16], [1, 19, 2, 18], [23, 21, 24, 20], [15, 23, 16, 22], [19, 1, 20, 24], [2, 6, 3, 5], [4, 10, 5, 9], [13, 6, 14, 7], [8, 4, 9, 3], [17, 11, 18, 10], [7, 12, 8, 13]]"
12n_0094_6,"[[7, 12, 8, 13], [21, 15, 22, 14], [11, 17, 12, 16], [1, 19, 2, 18], [23, 21, 24, 20], [15, 23, 16, 22], [19, 1, 20, 24], [2, 6, 3, 5], [4, 10, 5, 9], [13, 6, 14, 7], [8, 4, 9, 3], [17, 11, 18, 10]]"
12n_0094_7,"[[17, 11, 18, 10], [7, 12, 8, 13], [21, 15, 22, 14], [11, 17, 12, 16], [1, 19, 2, 18], [23, 21, 24, 20], [15, 23, 16, 22], [19, 1, 20, 24], [2, 6, 3, 5], [4, 10, 5, 9], [13, 6, 14, 7], [8, 4, 9, 3]]"
12n_0094_8,"[[8, 4, 9, 3], [17, 11, 18, 10], [7, 12, 8, 13], [21, 15, 22, 14], [11, 17, 12, 16], [1, 19, 2, 18], [23, 21, 24, 20], [15, 23, 16, 22], [19, 1, 20, 24], [2, 6, 3, 5], [4, 10, 5, 9], [13, 6, 14, 7]]"
12n_0094_9,"[[13, 6, 14, 7], [8, 4, 9, 3], [17, 11, 18, 10], [7, 12, 8, 13], [21, 15, 22, 14], [11, 17, 12, 16], [1, 19, 2, 18], [23, 21, 24, 20], [15, 23, 16, 22], [19, 1, 20, 24], [2, 6, 3, 5], [4, 10, 5, 9]]"
12n_0094_10,"[[4, 10, 5, 9], [13, 6, 14, 7], [8, 4, 9, 3], [17, 11, 18, 10], [7, 12, 8, 13], [21, 15, 22, 14], [11, 17, 12, 16], [1, 19, 2, 18], [23, 21, 24, 20], [15, 23, 16, 22], [19, 1, 20, 24], [2, 6, 3, 5]]"
12n_0094_11,"[[2, 6, 3, 5], [4, 10, 5, 9], [13, 6, 14, 7], [8, 4, 9, 3], [17, 11, 18, 10], [7, 12, 8, 13], [21, 15, 22, 14], [11, 17, 12, 16], [1, 19, 2, 18], [23, 21, 24, 20], [15, 23, 16, 22], [19, 1, 20, 24]]"
12n_0094_12,"[[20, 2, 21, 1], [3, 7, 4, 6], [5, 11, 6, 10], [14, 7, 15, 8], [9, 5, 10, 4], [18, 12, 19, 11], [8, 13, 9, 14], [22, 16, 23, 15], [12, 18, 13, 17], [2, 20, 3, 19], [24, 22, 1, 21], [16, 24, 17, 23]]"
12n_0094_13,"[[16, 24, 17, 23], [20, 2, 21, 1], [3, 7, 4, 6], [5, 11, 6, 10], [14, 7, 15, 8], [9, 5, 10, 4], [18, 12, 19, 11], [8, 13, 9, 14], [22, 16, 23, 15], [12, 18, 13, 17], [2, 20, 3, 19], [24, 22, 1, 21]]"
12n_0094_14,"[[24, 22, 1, 21], [16, 24, 17, 23], [20, 2, 21, 1], [3, 7, 4, 6], [5, 11, 6, 10], [14, 7, 15, 8], [9, 5, 10, 4], [18, 12, 19, 11], [8, 13, 9, 14], [22, 16, 23, 15], [12, 18, 13, 17], [2, 20, 3, 19]]"
12n_0094_15,"[[2, 20, 3, 19], [24, 22, 1, 21], [16, 24, 17, 23], [20, 2, 21, 1], [3, 7, 4, 6], [5, 11, 6, 10], [14, 7, 15, 8], [9, 5, 10, 4], [18, 12, 19, 11], [8, 13, 9, 14], [22, 16, 23, 15], [12, 18, 13, 17]]"
12n_0094_16,"[[12, 18, 13, 17], [2, 20, 3, 19], [24, 22, 1, 21], [16, 24, 17, 23], [20, 2, 21, 1], [3, 7, 4, 6], [5, 11, 6, 10], [14, 7, 15, 8], [9, 5, 10, 4], [18, 12, 19, 11], [8, 13, 9, 14], [22, 16, 23, 15]]"
12n_0094_17,"[[22, 16, 23, 15], [12, 18, 13, 17], [2, 20, 3, 19], [24, 22, 1, 21], [16, 24, 17, 23], [20, 2, 21, 1], [3, 7, 4, 6], [5, 11, 6, 10], [14, 7, 15, 8], [9, 5, 10, 4], [18, 12, 19, 11], [8, 13, 9, 14]]"
12n_0094_18,"[[8, 13, 9, 14], [22, 16, 23, 15], [12, 18, 13, 17], [2, 20, 3, 19], [24, 22, 1, 21], [16, 24, 17, 23], [20, 2, 21, 1], [3, 7, 4, 6], [5, 11, 6, 10], [14, 7, 15, 8], [9, 5, 10, 4], [18, 12, 19, 11]]"
12n_0094_19,"[[18, 12, 19, 11], [8, 13, 9, 14], [22, 16, 23, 15], [12, 18, 13, 17], [2, 20, 3, 19], [24, 22, 1, 21], [16, 24, 17, 23], [20, 2, 21, 1], [3, 7, 4, 6], [5, 11, 6, 10], [14, 7, 15, 8], [9, 5, 10, 4]]"
12n_0094_20,"[[9, 5, 10, 4], [18, 12, 19, 11], [8, 13, 9, 14], [22, 16, 23, 15], [12, 18, 13, 17], [2, 20, 3, 19], [24, 22, 1, 21], [16, 24, 17, 23], [20, 2, 21, 1], [3, 7, 4, 6], [5, 11, 6, 10], [14, 7, 15, 8]]"
12n_0094_21,"[[14, 7, 15, 8], [9, 5, 10, 4], [18, 12, 19, 11], [8, 13, 9, 14], [22, 16, 23, 15], [12, 18, 13, 17], [2, 20, 3, 19], [24, 22, 1, 21], [16, 24, 17, 23], [20, 2, 21, 1], [3, 7, 4, 6], [5, 11, 6, 10]]"
12n_0094_22,"[[5, 11, 6, 10], [14, 7, 15, 8], [9, 5, 10, 4], [18, 12, 19, 11], [8, 13, 9, 14], [22, 16, 23, 15], [12, 18, 13, 17], [2, 20, 3, 19], [24, 22, 1, 21], [16, 24, 17, 23], [20, 2, 21, 1], [3, 7, 4, 6]]"
12n_0094_23,"[[3, 7, 4, 6], [5, 11, 6, 10], [14, 7, 15, 8], [9, 5, 10, 4], [18, 12, 19, 11], [8, 13, 9, 14], [22, 16, 23, 15], [12, 18, 13, 17], [2, 20, 3, 19], [24, 22, 1, 21], [16, 24, 17, 23], [20, 2, 21, 1]]"
12n_0094_24,"[[21, 3, 22, 2], [4, 8, 5, 7], [6, 12, 7, 11], [15, 8, 16, 9], [10, 6, 11, 5], [19, 13, 20, 12], [9, 14, 10, 15], [23, 17, 24, 16], [13, 19, 14, 18], [3, 21, 4, 20], [1, 23, 2, 22], [17, 1, 18, 24]]"
12n_0094_25,"[[17, 1, 18, 24], [21, 3, 22, 2], [4, 8, 5, 7], [6, 12, 7, 11], [15, 8, 16, 9], [10, 6, 11, 5], [19, 13, 20, 12], [9, 14, 10, 15], [23, 17, 24, 16], [13, 19, 14, 18], [3, 21, 4, 20], [1, 23, 2, 22]]"
12n_0094_26,"[[1, 23, 2, 22], [17, 1, 18, 24], [21, 3, 22, 2], [4, 8, 5, 7], [6, 12, 7, 11], [15, 8, 16, 9], [10, 6, 11, 5], [19, 13, 20, 12], [9, 14, 10, 15], [23, 17, 24, 16], [13, 19, 14, 18], [3, 21, 4, 20]]"
12n_0094_27,"[[3, 21, 4, 20], [1, 23, 2, 22], [17, 1, 18, 24], [21, 3, 22, 2], [4, 8, 5, 7], [6, 12, 7, 11], [15, 8, 16, 9], [10, 6, 11, 5], [19, 13, 20, 12], [9, 14, 10, 15], [23, 17, 24, 16], [13, 19, 14, 18]]"
12n_0094_28,"[[13, 19, 14, 18], [3, 21, 4, 20], [1, 23, 2, 22], [17, 1, 18, 24], [21, 3, 22, 2], [4, 8, 5, 7], [6, 12, 7, 11], [15, 8, 16, 9], [10, 6, 11, 5], [19, 13, 20, 12], [9, 14, 10, 15], [23, 17, 24, 16]]"
12n_0094_29,"[[23, 17, 24, 16], [13, 19, 14, 18], [3, 21, 4, 20], [1, 23, 2, 22], [17, 1, 18, 24], [21, 3, 22, 2], [4, 8, 5, 7], [6, 12, 7, 11], [15, 8, 16, 9], [10, 6, 11, 5], [19, 13, 20, 12], [9, 14, 10, 15]]"
12n_0094_30,"[[9, 14, 10, 15], [23, 17, 24, 16], [13, 19, 14, 18], [3, 21, 4, 20], [1, 23, 2, 22], [17, 1, 18, 24], [21, 3, 22, 2], [4, 8, 5, 7], [6, 12, 7, 11], [15, 8, 16, 9], [10, 6, 11, 5], [19, 13, 20, 12]]"
12n_0094_31,"[[19, 13, 20, 12], [9, 14, 10, 15], [23, 17, 24, 16], [13, 19, 14, 18], [3, 21, 4, 20], [1, 23, 2, 22], [17, 1, 18, 24], [21, 3, 22, 2], [4, 8, 5, 7], [6, 12, 7, 11], [15, 8, 16, 9], [10, 6, 11, 5]]"
12n_0094_32,"[[10, 6, 11, 5], [19, 13, 20, 12], [9, 14, 10, 15], [23, 17, 24, 16], [13, 19, 14, 18], [3, 21, 4, 20], [1, 23, 2, 22], [17, 1, 18, 24], [21, 3, 22, 2], [4, 8, 5, 7], [6, 12, 7, 11], [15, 8, 16, 9]]"
12n_0094_33,"[[15, 8, 16, 9], [10, 6, 11, 5], [19, 13, 20, 12], [9, 14, 10, 15], [23, 17, 24, 16], [13, 19, 14, 18], [3, 21, 4, 20], [1, 23, 2, 22], [17, 1, 18, 24], [21, 3, 22, 2], [4, 8, 5, 7], [6, 12, 7, 11]]"
12n_0094_34,"[[6, 12, 7, 11], [15, 8, 16, 9], [10, 6, 11, 5], [19, 13, 20, 12], [9, 14, 10, 15], [23, 17, 24, 16], [13, 19, 14, 18], [3, 21, 4, 20], [1, 23, 2, 22], [17, 1, 18, 24], [21, 3, 22, 2], [4, 8, 5, 7]]"
12n_0094_35,"[[4, 8, 5, 7], [6, 12, 7, 11], [15, 8, 16, 9], [10, 6, 11, 5], [19, 13, 20, 12], [9, 14, 10, 15], [23, 17, 24, 16], [13, 19, 14, 18], [3, 21, 4, 20], [1, 23, 2, 22], [17, 1, 18, 24], [21, 3, 22, 2]]"
12n_0094_36,"[[22, 4, 23, 3], [5, 9, 6, 8], [7, 13, 8, 12], [16, 9, 17, 10], [11, 7, 12, 6], [20, 14, 21, 13], [10, 15, 11, 16], [24, 18, 1, 17], [14, 20, 15, 19], [4, 22, 5, 21], [2, 24, 3, 23], [18, 2, 19, 1]]"
12n_0094_37,"[[18, 2, 19, 1], [22, 4, 23, 3], [5, 9, 6, 8], [7, 13, 8, 12], [16, 9, 17, 10], [11, 7, 12, 6], [20, 14, 21, 13], [10, 15, 11, 16], [24, 18, 1, 17], [14, 20, 15, 19], [4, 22, 5, 21], [2, 24, 3, 23]]"
12n_0094_38,"[[2, 24, 3, 23], [18, 2, 19, 1], [22, 4, 23, 3], [5, 9, 6, 8], [7, 13, 8, 12], [16, 9, 17, 10], [11, 7, 12, 6], [20, 14, 21, 13], [10, 15, 11, 16], [24, 18, 1, 17], [14, 20, 15, 19], [4, 22, 5, 21]]"
12n_0094_39,"[[4, 22, 5, 21], [2, 24, 3, 23], [18, 2, 19, 1], [22, 4, 23, 3], [5, 9, 6, 8], [7, 13, 8, 12], [16, 9, 17, 10], [11, 7, 12, 6], [20, 14, 21, 13], [10, 15, 11, 16], [24, 18, 1, 17], [14, 20, 15, 19]]"
12n_0094_40,"[[14, 20, 15, 19], [4, 22, 5, 21], [2, 24, 3, 23], [18, 2, 19, 1], [22, 4, 23, 3], [5, 9, 6, 8], [7, 13, 8, 12], [16, 9, 17, 10], [11, 7, 12, 6], [20, 14, 21, 13], [10, 15, 11, 16], [24, 18, 1, 17]]"
12n_0094_41,"[[24, 18, 1, 17], [14, 20, 15, 19], [4, 22, 5, 21], [2, 24, 3, 23], [18, 2, 19, 1], [22, 4, 23, 3], [5, 9, 6, 8], [7, 13, 8, 12], [16, 9, 17, 10], [11, 7, 12, 6], [20, 14, 21, 13], [10, 15, 11, 16]]"
12n_0094_42,"[[10, 15, 11, 16], [24, 18, 1, 17], [14, 20, 15, 19], [4, 22, 5, 21], [2, 24, 3, 23], [18, 2, 19, 1], [22, 4, 23, 3], [5, 9, 6, 8], [7, 13, 8, 12], [16, 9, 17, 10], [11, 7, 12, 6], [20, 14, 21, 13]]"
12n_0094_43,"[[20, 14, 21, 13], [10, 15, 11, 16], [24, 18, 1, 17], [14, 20, 15, 19], [4, 22, 5, 21], [2, 24, 3, 23], [18, 2, 19, 1], [22, 4, 23, 3], [5, 9, 6, 8], [7, 13, 8, 12], [16, 9, 17, 10], [11, 7, 12, 6]]"
12n_0094_44,"[[11, 7, 12, 6], [20, 14, 21, 13], [10, 15, 11, 16], [24, 18, 1, 17], [14, 20, 15, 19], [4, 22, 5, 21], [2, 24, 3, 23], [18, 2, 19, 1], [22, 4, 23, 3], [5, 9, 6, 8], [7, 13, 8, 12], [16, 9, 17, 10]]"
12n_0094_45,"[[16, 9, 17, 10], [11, 7, 12, 6], [20, 14, 21, 13], [10, 15, 11, 16], [24, 18, 1, 17], [14, 20, 15, 19], [4, 22, 5, 21], [2, 24, 3, 23], [18, 2, 19, 1], [22, 4, 23, 3], [5, 9, 6, 8], [7, 13, 8, 12]]"
12n_0094_46,"[[7, 13, 8, 12], [16, 9, 17, 10], [11, 7, 12, 6], [20, 14, 21, 13], [10, 15, 11, 16], [24, 18, 1, 17], [14, 20, 15, 19], [4, 22, 5, 21], [2, 24, 3, 23], [18, 2, 19, 1], [22, 4, 23, 3], [5, 9, 6, 8]]"
12n_0094_47,"[[5, 9, 6, 8], [7, 13, 8, 12], [16, 9, 17, 10], [11, 7, 12, 6], [20, 14, 21, 13], [10, 15, 11, 16], [24, 18, 1, 17], [14, 20, 15, 19], [4, 22, 5, 21], [2, 24, 3, 23], [18, 2, 19, 1], [22, 4, 23, 3]]"
12n_0094_48,"[[23, 5, 24, 4], [6, 10, 7, 9], [8, 14, 9, 13], [17, 10, 18, 11], [12, 8, 13, 7], [21, 15, 22, 14], [11, 16, 12, 17], [1, 19, 2, 18], [15, 21, 16, 20], [5, 23, 6, 22], [3, 1, 4, 24], [19, 3, 20, 2]]"
12n_0094_49,"[[19, 3, 20, 2], [23, 5, 24, 4], [6, 10, 7, 9], [8, 14, 9, 13], [17, 10, 18, 11], [12, 8, 13, 7], [21, 15, 22, 14], [11, 16, 12, 17], [1, 19, 2, 18], [15, 21, 16, 20], [5, 23, 6, 22], [3, 1, 4, 24]]"
12n_0094_50,"[[3, 1, 4, 24], [19, 3, 20, 2], [23, 5, 24, 4], [6, 10, 7, 9], [8, 14, 9, 13], [17, 10, 18, 11], [12, 8, 13, 7], [21, 15, 22, 14], [11, 16, 12, 17], [1, 19, 2, 18], [15, 21, 16, 20], [5, 23, 6, 22]]"
12n_0094_51,"[[5, 23, 6, 22], [3, 1, 4, 24], [19, 3, 20, 2], [23, 5, 24, 4], [6, 10, 7, 9], [8, 14, 9, 13], [17, 10, 18, 11], [12, 8, 13, 7], [21, 15, 22, 14], [11, 16, 12, 17], [1, 19, 2, 18], [15, 21, 16, 20]]"
12n_0094_52,"[[15, 21, 16, 20], [5, 23, 6, 22], [3, 1, 4, 24], [19, 3, 20, 2], [23, 5, 24, 4], [6, 10, 7, 9], [8, 14, 9, 13], [17, 10, 18, 11], [12, 8, 13, 7], [21, 15, 22, 14], [11, 16, 12, 17], [1, 19, 2, 18]]"
12n_0094_53,"[[1, 19, 2, 18], [15, 21, 16, 20], [5, 23, 6, 22], [3, 1, 4, 24], [19, 3, 20, 2], [23, 5, 24, 4], [6, 10, 7, 9], [8, 14, 9, 13], [17, 10, 18, 11], [12, 8, 13, 7], [21, 15, 22, 14], [11, 16, 12, 17]]"
12n_0094_54,"[[11, 16, 12, 17], [1, 19, 2, 18], [15, 21, 16, 20], [5, 23, 6, 22], [3, 1, 4, 24], [19, 3, 20, 2], [23, 5, 24, 4], [6, 10, 7, 9], [8, 14, 9, 13], [17, 10, 18, 11], [12, 8, 13, 7], [21, 15, 22, 14]]"
12n_0094_55,"[[21, 15, 22, 14], [11, 16, 12, 17], [1, 19, 2, 18], [15, 21, 16, 20], [5, 23, 6, 22], [3, 1, 4, 24], [19, 3, 20, 2], [23, 5, 24, 4], [6, 10, 7, 9], [8, 14, 9, 13], [17, 10, 18, 11], [12, 8, 13, 7]]"
12n_0094_56,"[[12, 8, 13, 7], [21, 15, 22, 14], [11, 16, 12, 17], [1, 19, 2, 18], [15, 21, 16, 20], [5, 23, 6, 22], [3, 1, 4, 24], [19, 3, 20, 2], [23, 5, 24, 4], [6, 10, 7, 9], [8, 14, 9, 13], [17, 10, 18, 11]]"
12n_0094_57,"[[17, 10, 18, 11], [12, 8, 13, 7], [21, 15, 22, 14], [11, 16, 12, 17], [1, 19, 2, 18], [15, 21, 16, 20], [5, 23, 6, 22], [3, 1, 4, 24], [19, 3, 20, 2], [23, 5, 24, 4], [6, 10, 7, 9], [8, 14, 9, 13]]"
12n_0094_58,"[[8, 14, 9, 13], [17, 10, 18, 11], [12, 8, 13, 7], [21, 15, 22, 14], [11, 16, 12, 17], [1, 19, 2, 18], [15, 21, 16, 20], [5, 23, 6, 22], [3, 1, 4, 24], [19, 3, 20, 2], [23, 5, 24, 4], [6, 10, 7, 9]]"
12n_0094_59,"[[6, 10, 7, 9], [8, 14, 9, 13], [17, 10, 18, 11], [12, 8, 13, 7], [21, 15, 22, 14], [11, 16, 12, 17], [1, 19, 2, 18], [15, 21, 16, 20], [5, 23, 6, 22], [3, 1, 4, 24], [19, 3, 20, 2], [23, 5, 24, 4]]"
12n_0094_60,"[[24, 6, 1, 5], [7, 11, 8, 10], [9, 15, 10, 14], [18, 11, 19, 12], [13, 9, 14, 8], [22, 16, 23, 15], [12, 17, 13, 18], [2, 20, 3, 19], [16, 22, 17, 21], [6, 24, 7, 23], [4, 2, 5, 1], [20, 4, 21, 3]]"
12n_0094_61,"[[20, 4, 21, 3], [24, 6, 1, 5], [7, 11, 8, 10], [9, 15, 10, 14], [18, 11, 19, 12], [13, 9, 14, 8], [22, 16, 23, 15], [12, 17, 13, 18], [2, 20, 3, 19], [16, 22, 17, 21], [6, 24, 7, 23], [4, 2, 5, 1]]"
12n_0094_62,"[[4, 2, 5, 1], [20, 4, 21, 3], [24, 6, 1, 5], [7, 11, 8, 10], [9, 15, 10, 14], [18, 11, 19, 12], [13, 9, 14, 8], [22, 16, 23, 15], [12, 17, 13, 18], [2, 20, 3, 19], [16, 22, 17, 21], [6, 24, 7, 23]]"
12n_0094_63,"[[6, 24, 7, 23], [4, 2, 5, 1], [20, 4, 21, 3], [24, 6, 1, 5], [7, 11, 8, 10], [9, 15, 10, 14], [18, 11, 19, 12], [13, 9, 14, 8], [22, 16, 23, 15], [12, 17, 13, 18], [2, 20, 3, 19], [16, 22, 17, 21]]"
12n_0094_64,"[[16, 22, 17, 21], [6, 24, 7, 23], [4, 2, 5, 1], [20, 4, 21, 3], [24, 6, 1, 5], [7, 11, 8, 10], [9, 15, 10, 14], [18, 11, 19, 12], [13, 9, 14, 8], [22, 16, 23, 15], [12, 17, 13, 18], [2, 20, 3, 19]]"
12n_0094_65,"[[2, 20, 3, 19], [16, 22, 17, 21], [6, 24, 7, 23], [4, 2, 5, 1], [20, 4, 21, 3], [24, 6, 1, 5], [7, 11, 8, 10], [9, 15, 10, 14], [18, 11, 19, 12], [13, 9, 14, 8], [22, 16, 23, 15], [12, 17, 13, 18]]"
12n_0094_66,"[[12, 17, 13, 18], [2, 20, 3, 19], [16, 22, 17, 21], [6, 24, 7, 23], [4, 2, 5, 1], [20, 4, 21, 3], [24, 6, 1, 5], [7, 11, 8, 10], [9, 15, 10, 14], [18, 11, 19, 12], [13, 9, 14, 8], [22, 16, 23, 15]]"
12n_0094_67,"[[22, 16, 23, 15], [12, 17, 13, 18], [2, 20, 3, 19], [16, 22, 17, 21], [6, 24, 7, 23], [4, 2, 5, 1], [20, 4, 21, 3], [24, 6, 1, 5], [7, 11, 8, 10], [9, 15, 10, 14], [18, 11, 19, 12], [13, 9, 14, 8]]"
12n_0094_68,"[[13, 9, 14, 8], [22, 16, 23, 15], [12, 17, 13, 18], [2, 20, 3, 19], [16, 22, 17, 21], [6, 24, 7, 23], [4, 2, 5, 1], [20, 4, 21, 3], [24, 6, 1, 5], [7, 11, 8, 10], [9, 15, 10, 14], [18, 11, 19, 12]]"
12n_0094_69,"[[18, 11, 19, 12], [13, 9, 14, 8], [22, 16, 23, 15], [12, 17, 13, 18], [2, 20, 3, 19], [16, 22, 17, 21], [6, 24, 7, 23], [4, 2, 5, 1], [20, 4, 21, 3], [24, 6, 1, 5], [7, 11, 8, 10], [9, 15, 10, 14]]"
12n_0094_70,"[[9, 15, 10, 14], [18, 11, 19, 12], [13, 9, 14, 8], [22, 16, 23, 15], [12, 17, 13, 18], [2, 20, 3, 19], [16, 22, 17, 21], [6, 24, 7, 23], [4, 2, 5, 1], [20, 4, 21, 3], [24, 6, 1, 5], [7, 11, 8, 10]]"
12n_0094_71,"[[7, 11, 8, 10], [9, 15, 10, 14], [18, 11, 19, 12], [13, 9, 14, 8], [22, 16, 23, 15], [12, 17, 13, 18], [2, 20, 3, 19], [16, 22, 17, 21], [6, 24, 7, 23], [4, 2, 5, 1], [20, 4, 21, 3], [24, 6, 1, 5]]"
12n_0094_72,"[[1, 7, 2, 6], [8, 12, 9, 11], [10, 16, 11, 15], [19, 12, 20, 13], [14, 10, 15, 9], [23, 17, 24, 16], [13, 18, 14, 19], [3, 21, 4, 20], [17, 23, 18, 22], [7, 1, 8, 24], [5, 3, 6, 2], [21, 5, 22, 4]]"
12n_0094_73,"[[21, 5, 22, 4], [1, 7, 2, 6], [8, 12, 9, 11], [10, 16, 11, 15], [19, 12, 20, 13], [14, 10, 15, 9], [23, 17, 24, 16], [13, 18, 14, 19], [3, 21, 4, 20], [17, 23, 18, 22], [7, 1, 8, 24], [5, 3, 6, 2]]"
12n_0094_74,"[[5, 3, 6, 2], [21, 5, 22, 4], [1, 7, 2, 6], [8, 12, 9, 11], [10, 16, 11, 15], [19, 12, 20, 13], [14, 10, 15, 9], [23, 17, 24, 16], [13, 18, 14, 19], [3, 21, 4, 20], [17, 23, 18, 22], [7, 1, 8, 24]]"
12n_0094_75,"[[7, 1, 8, 24], [5, 3, 6, 2], [21, 5, 22, 4], [1, 7, 2, 6], [8, 12, 9, 11], [10, 16, 11, 15], [19, 12, 20, 13], [14, 10, 15, 9], [23, 17, 24, 16], [13, 18, 14, 19], [3, 21, 4, 20], [17, 23, 18, 22]]"
12n_0094_76,"[[17, 23, 18, 22], [7, 1, 8, 24], [5, 3, 6, 2], [21, 5, 22, 4], [1, 7, 2, 6], [8, 12, 9, 11], [10, 16, 11, 15], [19, 12, 20, 13], [14, 10, 15, 9], [23, 17, 24, 16], [13, 18, 14, 19], [3, 21, 4, 20]]"
12n_0094_77,"[[3, 21, 4, 20], [17, 23, 18, 22], [7, 1, 8, 24], [5, 3, 6, 2], [21, 5, 22, 4], [1, 7, 2, 6], [8, 12, 9, 11], [10, 16, 11, 15], [19, 12, 20, 13], [14, 10, 15, 9], [23, 17, 24, 16], [13, 18, 14, 19]]"
12n_0094_78,"[[13, 18, 14, 19], [3, 21, 4, 20], [17, 23, 18, 22], [7, 1, 8, 24], [5, 3, 6, 2], [21, 5, 22, 4], [1, 7, 2, 6], [8, 12, 9, 11], [10, 16, 11, 15], [19, 12, 20, 13], [14, 10, 15, 9], [23, 17, 24, 16]]"
12n_0094_79,"[[23, 17, 24, 16], [13, 18, 14, 19], [3, 21, 4, 20], [17, 23, 18, 22], [7, 1, 8, 24], [5, 3, 6, 2], [21, 5, 22, 4], [1, 7, 2, 6], [8, 12, 9, 11], [10, 16, 11, 15], [19, 12, 20, 13], [14, 10, 15, 9]]"
12n_0094_80,"[[14, 10, 15, 9], [23, 17, 24, 16], [13, 18, 14, 19], [3, 21, 4, 20], [17, 23, 18, 22], [7, 1, 8, 24], [5, 3, 6, 2], [21, 5, 22, 4], [1, 7, 2, 6], [8, 12, 9, 11], [10, 16, 11, 15], [19, 12, 20, 13]]"
12n_0094_81,"[[19, 12, 20, 13], [14, 10, 15, 9], [23, 17, 24, 16], [13, 18, 14, 19], [3, 21, 4, 20], [17, 23, 18, 22], [7, 1, 8, 24], [5, 3, 6, 2], [21, 5, 22, 4], [1, 7, 2, 6], [8, 12, 9, 11], [10, 16, 11, 15]]"
12n_0094_82,"[[10, 16, 11, 15], [19, 12, 20, 13], [14, 10, 15, 9], [23, 17, 24, 16], [13, 18, 14, 19], [3, 21, 4, 20], [17, 23, 18, 22], [7, 1, 8, 24], [5, 3, 6, 2], [21, 5, 22, 4], [1, 7, 2, 6], [8, 12, 9, 11]]"
12n_0094_83,"[[8, 12, 9, 11], [10, 16, 11, 15], [19, 12, 20, 13], [14, 10, 15, 9], [23, 17, 24, 16], [13, 18, 14, 19], [3, 21, 4, 20], [17, 23, 18, 22], [7, 1, 8, 24], [5, 3, 6, 2], [21, 5, 22, 4], [1, 7, 2, 6]]"
12n_0094_84,"[[2, 8, 3, 7], [9, 13, 10, 12], [11, 17, 12, 16], [20, 13, 21, 14], [15, 11, 16, 10], [24, 18, 1, 17], [14, 19, 15, 20], [4, 22, 5, 21], [18, 24, 19, 23], [8, 2, 9, 1], [6, 4, 7, 3], [22, 6, 23, 5]]"
12n_0094_85,"[[22, 6, 23, 5], [2, 8, 3, 7], [9, 13, 10, 12], [11, 17, 12, 16], [20, 13, 21, 14], [15, 11, 16, 10], [24, 18, 1, 17], [14, 19, 15, 20], [4, 22, 5, 21], [18, 24, 19, 23], [8, 2, 9, 1], [6, 4, 7, 3]]"
12n_0094_86,"[[6, 4, 7, 3], [22, 6, 23, 5], [2, 8, 3, 7], [9, 13, 10, 12], [11, 17, 12, 16], [20, 13, 21, 14], [15, 11, 16, 10], [24, 18, 1, 17], [14, 19, 15, 20], [4, 22, 5, 21], [18, 24, 19, 23], [8, 2, 9, 1]]"
12n_0094_87,"[[8, 2, 9, 1], [6, 4, 7, 3], [22, 6, 23, 5], [2, 8, 3, 7], [9, 13, 10, 12], [11, 17, 12, 16], [20, 13, 21, 14], [15, 11, 16, 10], [24, 18, 1, 17], [14, 19, 15, 20], [4, 22, 5, 21], [18, 24, 19, 23]]"
12n_0094_88,"[[18, 24, 19, 23], [8, 2, 9, 1], [6, 4, 7, 3], [22, 6, 23, 5], [2, 8, 3, 7], [9, 13, 10, 12], [11, 17, 12, 16], [20, 13, 21, 14], [15, 11, 16, 10], [24, 18, 1, 17], [14, 19, 15, 20], [4, 22, 5, 21]]"
12n_0094_89,"[[4, 22, 5, 21], [18, 24, 19, 23], [8, 2, 9, 1], [6, 4, 7, 3], [22, 6, 23, 5], [2, 8, 3, 7], [9, 13, 10, 12], [11, 17, 12, 16], [20, 13, 21, 14], [15, 11, 16, 10], [24, 18, 1, 17], [14, 19, 15, 20]]"
12n_0094_90,"[[14, 19, 15, 20], [4, 22, 5, 21], [18, 24, 19, 23], [8, 2, 9, 1], [6, 4, 7, 3], [22, 6, 23, 5], [2, 8, 3, 7], [9, 13, 10, 12], [11, 17, 12, 16], [20, 13, 21, 14], [15, 11, 16, 10], [24, 18, 1, 17]]"
12n_0094_91,"[[24, 18, 1, 17], [14, 19, 15, 20], [4, 22, 5, 21], [18, 24, 19, 23], [8, 2, 9, 1], [6, 4, 7, 3], [22, 6, 23, 5], [2, 8, 3, 7], [9, 13, 10, 12], [11, 17, 12, 16], [20, 13, 21, 14], [15, 11, 16, 10]]"
12n_0094_92,"[[15, 11, 16, 10], [24, 18, 1, 17], [14, 19, 15, 20], [4, 22, 5, 21], [18, 24, 19, 23], [8, 2, 9, 1], [6, 4, 7, 3], [22, 6, 23, 5], [2, 8, 3, 7], [9, 13, 10, 12], [11, 17, 12, 16], [20, 13, 21, 14]]"
12n_0094_93,"[[20, 13, 21, 14], [15, 11, 16, 10], [24, 18, 1, 17], [14, 19, 15, 20], [4, 22, 5, 21], [18, 24, 19, 23], [8, 2, 9, 1], [6, 4, 7, 3], [22, 6, 23, 5], [2, 8, 3, 7], [9, 13, 10, 12], [11, 17, 12, 16]]"
12n_0094_94,"[[11, 17, 12, 16], [20, 13, 21, 14], [15, 11, 16, 10], [24, 18, 1, 17], [14, 19, 15, 20], [4, 22, 5, 21], [18, 24, 19, 23], [8, 2, 9, 1], [6, 4, 7, 3], [22, 6, 23, 5], [2, 8, 3, 7], [9, 13, 10, 12]]"
12n_0094_95,"[[9, 13, 10, 12], [11, 17, 12, 16], [20, 13, 21, 14], [15, 11, 16, 10], [24, 18, 1, 17], [14, 19, 15, 20], [4, 22, 5, 21], [18, 24, 19, 23], [8, 2, 9, 1], [6, 4, 7, 3], [22, 6, 23, 5], [2, 8, 3, 7]]"
12n_0094_96,"[[3, 9, 4, 8], [10, 14, 11, 13], [12, 18, 13, 17], [21, 14, 22, 15], [16, 12, 17, 11], [1, 19, 2, 18], [15, 20, 16, 21], [5, 23, 6, 22], [19, 1, 20, 24], [9, 3, 10, 2], [7, 5, 8, 4], [23, 7, 24, 6]]"
12n_0094_97,"[[23, 7, 24, 6], [3, 9, 4, 8], [10, 14, 11, 13], [12, 18, 13, 17], [21, 14, 22, 15], [16, 12, 17, 11], [1, 19, 2, 18], [15, 20, 16, 21], [5, 23, 6, 22], [19, 1, 20, 24], [9, 3, 10, 2], [7, 5, 8, 4]]"
12n_0094_98,"[[7, 5, 8, 4], [23, 7, 24, 6], [3, 9, 4, 8], [10, 14, 11, 13], [12, 18, 13, 17], [21, 14, 22, 15], [16, 12, 17, 11], [1, 19, 2, 18], [15, 20, 16, 21], [5, 23, 6, 22], [19, 1, 20, 24], [9, 3, 10, 2]]"
12n_0094_99,"[[9, 3, 10, 2], [7, 5, 8, 4], [23, 7, 24, 6], [3, 9, 4, 8], [10, 14, 11, 13], [12, 18, 13, 17], [21, 14, 22, 15], [16, 12, 17, 11], [1, 19, 2, 18], [15, 20, 16, 21], [5, 23, 6, 22], [19, 1, 20, 24]]"
12n_0094_100,"[[19, 1, 20, 24], [9, 3, 10, 2], [7, 5, 8, 4], [23, 7, 24, 6], [3, 9, 4, 8], [10, 14, 11, 13], [12, 18, 13, 17], [21, 14, 22, 15], [16, 12, 17, 11], [1, 19, 2, 18], [15, 20, 16, 21], [5, 23, 6, 22]]"
12n_0094_101,"[[5, 23, 6, 22], [19, 1, 20, 24], [9, 3, 10, 2], [7, 5, 8, 4], [23, 7, 24, 6], [3, 9, 4, 8], [10, 14, 11, 13], [12, 18, 13, 17], [21, 14, 22, 15], [16, 12, 17, 11], [1, 19, 2, 18], [15, 20, 16, 21]]"
12n_0094_102,"[[15, 20, 16, 21], [5, 23, 6, 22], [19, 1, 20, 24], [9, 3, 10, 2], [7, 5, 8, 4], [23, 7, 24, 6], [3, 9, 4, 8], [10, 14, 11, 13], [12, 18, 13, 17], [21, 14, 22, 15], [16, 12, 17, 11], [1, 19, 2, 18]]"
12n_0094_103,"[[1, 19, 2, 18], [15, 20, 16, 21], [5, 23, 6, 22], [19, 1, 20, 24], [9, 3, 10, 2], [7, 5, 8, 4], [23, 7, 24, 6], [3, 9, 4, 8], [10, 14, 11, 13], [12, 18, 13, 17], [21, 14, 22, 15], [16, 12, 17, 11]]"
12n_0094_104,"[[16, 12, 17, 11], [1, 19, 2, 18], [15, 20, 16, 21], [5, 23, 6, 22], [19, 1, 20, 24], [9, 3, 10, 2], [7, 5, 8, 4], [23, 7, 24, 6], [3, 9, 4, 8], [10, 14, 11, 13], [12, 18, 13, 17], [21, 14, 22, 15]]"
12n_0094_105,"[[21, 14, 22, 15], [16, 12, 17, 11], [1, 19, 2, 18], [15, 20, 16, 21], [5, 23, 6, 22], [19, 1, 20, 24], [9, 3, 10, 2], [7, 5, 8, 4], [23, 7, 24, 6], [3, 9, 4, 8], [10, 14, 11, 13], [12, 18, 13, 17]]"
12n_0094_106,"[[12, 18, 13, 17], [21, 14, 22, 15], [16, 12, 17, 11], [1, 19, 2, 18], [15, 20, 16, 21], [5, 23, 6, 22], [19, 1, 20, 24], [9, 3, 10, 2], [7, 5, 8, 4], [23, 7, 24, 6], [3, 9, 4, 8], [10, 14, 11, 13]]"
12n_0094_107,"[[10, 14, 11, 13], [12, 18, 13, 17], [21, 14, 22, 15], [16, 12, 17, 11], [1, 19, 2, 18], [15, 20, 16, 21], [5, 23, 6, 22], [19, 1, 20, 24], [9, 3, 10, 2], [7, 5, 8, 4], [23, 7, 24, 6], [3, 9, 4, 8]]"
12n_0094_108,"[[4, 10, 5, 9], [11, 15, 12, 14], [13, 19, 14, 18], [22, 15, 23, 16], [17, 13, 18, 12], [2, 20, 3, 19], [16, 21, 17, 22], [6, 24, 7, 23], [20, 2, 21, 1], [10, 4, 11, 3], [8, 6, 9, 5], [24, 8, 1, 7]]"
12n_0094_109,"[[24, 8, 1, 7], [4, 10, 5, 9], [11, 15, 12, 14], [13, 19, 14, 18], [22, 15, 23, 16], [17, 13, 18, 12], [2, 20, 3, 19], [16, 21, 17, 22], [6, 24, 7, 23], [20, 2, 21, 1], [10, 4, 11, 3], [8, 6, 9, 5]]"
12n_0094_110,"[[8, 6, 9, 5], [24, 8, 1, 7], [4, 10, 5, 9], [11, 15, 12, 14], [13, 19, 14, 18], [22, 15, 23, 16], [17, 13, 18, 12], [2, 20, 3, 19], [16, 21, 17, 22], [6, 24, 7, 23], [20, 2, 21, 1], [10, 4, 11, 3]]"
12n_0094_111,"[[10, 4, 11, 3], [8, 6, 9, 5], [24, 8, 1, 7], [4, 10, 5, 9], [11, 15, 12, 14], [13, 19, 14, 18], [22, 15, 23, 16], [17, 13, 18, 12], [2, 20, 3, 19], [16, 21, 17, 22], [6, 24, 7, 23], [20, 2, 21, 1]]"
12n_0094_112,"[[20, 2, 21, 1], [10, 4, 11, 3], [8, 6, 9, 5], [24, 8, 1, 7], [4, 10, 5, 9], [11, 15, 12, 14], [13, 19, 14, 18], [22, 15, 23, 16], [17, 13, 18, 12], [2, 20, 3, 19], [16, 21, 17, 22], [6, 24, 7, 23]]"
12n_0094_113,"[[6, 24, 7, 23], [20, 2, 21, 1], [10, 4, 11, 3], [8, 6, 9, 5], [24, 8, 1, 7], [4, 10, 5, 9], [11, 15, 12, 14], [13, 19, 14, 18], [22, 15, 23, 16], [17, 13, 18, 12], [2, 20, 3, 19], [16, 21, 17, 22]]"
12n_0094_114,"[[16, 21, 17, 22], [6, 24, 7, 23], [20, 2, 21, 1], [10, 4, 11, 3], [8, 6, 9, 5], [24, 8, 1, 7], [4, 10, 5, 9], [11, 15, 12, 14], [13, 19, 14, 18], [22, 15, 23, 16], [17, 13, 18, 12], [2, 20, 3, 19]]"
12n_0094_115,"[[2, 20, 3, 19], [16, 21, 17, 22], [6, 24, 7, 23], [20, 2, 21, 1], [10, 4, 11, 3], [8, 6, 9, 5], [24, 8, 1, 7], [4, 10, 5, 9], [11, 15, 12, 14], [13, 19, 14, 18], [22, 15, 23, 16], [17, 13, 18, 12]]"
12n_0094_116,"[[17, 13, 18, 12], [2, 20, 3, 19], [16, 21, 17, 22], [6, 24, 7, 23], [20, 2, 21, 1], [10, 4, 11, 3], [8, 6, 9, 5], [24, 8, 1, 7], [4, 10, 5, 9], [11, 15, 12, 14], [13, 19, 14, 18], [22, 15, 23, 16]]"
12n_0094_117,"[[22, 15, 23, 16], [17, 13, 18, 12], [2, 20, 3, 19], [16, 21, 17, 22], [6, 24, 7, 23], [20, 2, 21, 1], [10, 4, 11, 3], [8, 6, 9, 5], [24, 8, 1, 7], [4, 10, 5, 9], [11, 15, 12, 14], [13, 19, 14, 18]]"
12n_0094_118,"[[13, 19, 14, 18], [22, 15, 23, 16], [17, 13, 18, 12], [2, 20, 3, 19], [16, 21, 17, 22], [6, 24, 7, 23], [20, 2, 21, 1], [10, 4, 11, 3], [8, 6, 9, 5], [24, 8, 1, 7], [4, 10, 5, 9], [11, 15, 12, 14]]"
12n_0094_119,"[[11, 15, 12, 14], [13, 19, 14, 18], [22, 15, 23, 16], [17, 13, 18, 12], [2, 20, 3, 19], [16, 21, 17, 22], [6, 24, 7, 23], [20, 2, 21, 1], [10, 4, 11, 3], [8, 6, 9, 5], [24, 8, 1, 7], [4, 10, 5, 9]]"
12n_0094_120,"[[5, 11, 6, 10], [12, 16, 13, 15], [14, 20, 15, 19], [23, 16, 24, 17], [18, 14, 19, 13], [3, 21, 4, 20], [17, 22, 18, 23], [7, 1, 8, 24], [21, 3, 22, 2], [11, 5, 12, 4], [9, 7, 10, 6], [1, 9, 2, 8]]"
12n_0094_121,"[[1, 9, 2, 8], [5, 11, 6, 10], [12, 16, 13, 15], [14, 20, 15, 19], [23, 16, 24, 17], [18, 14, 19, 13], [3, 21, 4, 20], [17, 22, 18, 23], [7, 1, 8, 24], [21, 3, 22, 2], [11, 5, 12, 4], [9, 7, 10, 6]]"
12n_0094_122,"[[9, 7, 10, 6], [1, 9, 2, 8], [5, 11, 6, 10], [12, 16, 13, 15], [14, 20, 15, 19], [23, 16, 24, 17], [18, 14, 19, 13], [3, 21, 4, 20], [17, 22, 18, 23], [7, 1, 8, 24], [21, 3, 22, 2], [11, 5, 12, 4]]"
12n_0094_123,"[[11, 5, 12, 4], [9, 7, 10, 6], [1, 9, 2, 8], [5, 11, 6, 10], [12, 16, 13, 15], [14, 20, 15, 19], [23, 16, 24, 17], [18, 14, 19, 13], [3, 21, 4, 20], [17, 22, 18, 23], [7, 1, 8, 24], [21, 3, 22, 2]]"
12n_0094_124,"[[21, 3, 22, 2], [11, 5, 12, 4], [9, 7, 10, 6], [1, 9, 2, 8], [5, 11, 6, 10], [12, 16, 13, 15], [14, 20, 15, 19], [23, 16, 24, 17], [18, 14, 19, 13], [3, 21, 4, 20], [17, 22, 18, 23], [7, 1, 8, 24]]"
12n_0094_125,"[[7, 1, 8, 24], [21, 3, 22, 2], [11, 5, 12, 4], [9, 7, 10, 6], [1, 9, 2, 8], [5, 11, 6, 10], [12, 16, 13, 15], [14, 20, 15, 19], [23, 16, 24, 17], [18, 14, 19, 13], [3, 21, 4, 20], [17, 22, 18, 23]]"
12n_0094_126,"[[17, 22, 18, 23], [7, 1, 8, 24], [21, 3, 22, 2], [11, 5, 12, 4], [9, 7, 10, 6], [1, 9, 2, 8], [5, 11, 6, 10], [12, 16, 13, 15], [14, 20, 15, 19], [23, 16, 24, 17], [18, 14, 19, 13], [3, 21, 4, 20]]"
12n_0094_127,"[[3, 21, 4, 20], [17, 22, 18, 23], [7, 1, 8, 24], [21, 3, 22, 2], [11, 5, 12, 4], [9, 7, 10, 6], [1, 9, 2, 8], [5, 11, 6, 10], [12, 16, 13, 15], [14, 20, 15, 19], [23, 16, 24, 17], [18, 14, 19, 13]]"
12n_0094_128,"[[18, 14, 19, 13], [3, 21, 4, 20], [17, 22, 18, 23], [7, 1, 8, 24], [21, 3, 22, 2], [11, 5, 12, 4], [9, 7, 10, 6], [1, 9, 2, 8], [5, 11, 6, 10], [12, 16, 13, 15], [14, 20, 15, 19], [23, 16, 24, 17]]"
12n_0094_129,"[[23, 16, 24, 17], [18, 14, 19, 13], [3, 21, 4, 20], [17, 22, 18, 23], [7, 1, 8, 24], [21, 3, 22, 2], [11, 5, 12, 4], [9, 7, 10, 6], [1, 9, 2, 8], [5, 11, 6, 10], [12, 16, 13, 15], [14, 20, 15, 19]]"
12n_0094_130,"[[14, 20, 15, 19], [23, 16, 24, 17], [18, 14, 19, 13], [3, 21, 4, 20], [17, 22, 18, 23], [7, 1, 8, 24], [21, 3, 22, 2], [11, 5, 12, 4], [9, 7, 10, 6], [1, 9, 2, 8], [5, 11, 6, 10], [12, 16, 13, 15]]"
12n_0094_131,"[[12, 16, 13, 15], [14, 20, 15, 19], [23, 16, 24, 17], [18, 14, 19, 13], [3, 21, 4, 20], [17, 22, 18, 23], [7, 1, 8, 24], [21, 3, 22, 2], [11, 5, 12, 4], [9, 7, 10, 6], [1, 9, 2, 8], [5, 11, 6, 10]]"
12n_0094_132,"[[6, 12, 7, 11], [13, 17, 14, 16], [15, 21, 16, 20], [24, 17, 1, 18], [19, 15, 20, 14], [4, 22, 5, 21], [18, 23, 19, 24], [8, 2, 9, 1], [22, 4, 23, 3], [12, 6, 13, 5], [10, 8, 11, 7], [2, 10, 3, 9]]"
12n_0094_133,"[[2, 10, 3, 9], [6, 12, 7, 11], [13, 17, 14, 16], [15, 21, 16, 20], [24, 17, 1, 18], [19, 15, 20, 14], [4, 22, 5, 21], [18, 23, 19, 24], [8, 2, 9, 1], [22, 4, 23, 3], [12, 6, 13, 5], [10, 8, 11, 7]]"
12n_0094_134,"[[10, 8, 11, 7], [2, 10, 3, 9], [6, 12, 7, 11], [13, 17, 14, 16], [15, 21, 16, 20], [24, 17, 1, 18], [19, 15, 20, 14], [4, 22, 5, 21], [18, 23, 19, 24], [8, 2, 9, 1], [22, 4, 23, 3], [12, 6, 13, 5]]"
12n_0094_135,"[[12, 6, 13, 5], [10, 8, 11, 7], [2, 10, 3, 9], [6, 12, 7, 11], [13, 17, 14, 16], [15, 21, 16, 20], [24, 17, 1, 18], [19, 15, 20, 14], [4, 22, 5, 21], [18, 23, 19, 24], [8, 2, 9, 1], [22, 4, 23, 3]]"
12n_0094_136,"[[22, 4, 23, 3], [12, 6, 13, 5], [10, 8, 11, 7], [2, 10, 3, 9], [6, 12, 7, 11], [13, 17, 14, 16], [15, 21, 16, 20], [24, 17, 1, 18], [19, 15, 20, 14], [4, 22, 5, 21], [18, 23, 19, 24], [8, 2, 9, 1]]"
12n_0094_137,"[[8, 2, 9, 1], [22, 4, 23, 3], [12, 6, 13, 5], [10, 8, 11, 7], [2, 10, 3, 9], [6, 12, 7, 11], [13, 17, 14, 16], [15, 21, 16, 20], [24, 17, 1, 18], [19, 15, 20, 14], [4, 22, 5, 21], [18, 23, 19, 24]]"
12n_0094_138,"[[18, 23, 19, 24], [8, 2, 9, 1], [22, 4, 23, 3], [12, 6, 13, 5], [10, 8, 11, 7], [2, 10, 3, 9], [6, 12, 7, 11], [13, 17, 14, 16], [15, 21, 16, 20], [24, 17, 1, 18], [19, 15, 20, 14], [4, 22, 5, 21]]"
12n_0094_139,"[[4, 22, 5, 21], [18, 23, 19, 24], [8, 2, 9, 1], [22, 4, 23, 3], [12, 6, 13, 5], [10, 8, 11, 7], [2, 10, 3, 9], [6, 12, 7, 11], [13, 17, 14, 16], [15, 21, 16, 20], [24, 17, 1, 18], [19, 15, 20, 14]]"
12n_0094_140,"[[19, 15, 20, 14], [4, 22, 5, 21], [18, 23, 19, 24], [8, 2, 9, 1], [22, 4, 23, 3], [12, 6, 13, 5], [10, 8, 11, 7], [2, 10, 3, 9], [6, 12, 7, 11], [13, 17, 14, 16], [15, 21, 16, 20], [24, 17, 1, 18]]"
12n_0094_141,"[[24, 17, 1, 18], [19, 15, 20, 14], [4, 22, 5, 21], [18, 23, 19, 24], [8, 2, 9, 1], [22, 4, 23, 3], [12, 6, 13, 5], [10, 8, 11, 7], [2, 10, 3, 9], [6, 12, 7, 11], [13, 17, 14, 16], [15, 21, 16, 20]]"
12n_0094_142,"[[15, 21, 16, 20], [24, 17, 1, 18], [19, 15, 20, 14], [4, 22, 5, 21], [18, 23, 19, 24], [8, 2, 9, 1], [22, 4, 23, 3], [12, 6, 13, 5], [10, 8, 11, 7], [2, 10, 3, 9], [6, 12, 7, 11], [13, 17, 14, 16]]"
12n_0094_143,"[[13, 17, 14, 16], [15, 21, 16, 20], [24, 17, 1, 18], [19, 15, 20, 14], [4, 22, 5, 21], [18, 23, 19, 24], [8, 2, 9, 1], [22, 4, 23, 3], [12, 6, 13, 5], [10, 8, 11, 7], [2, 10, 3, 9], [6, 12, 7, 11]]"
12n_0094_144,"[[7, 13, 8, 12], [14, 18, 15, 17], [16, 22, 17, 21], [1, 18, 2, 19], [20, 16, 21, 15], [5, 23, 6, 22], [19, 24, 20, 1], [9, 3, 10, 2], [23, 5, 24, 4], [13, 7, 14, 6], [11, 9, 12, 8], [3, 11, 4, 10]]"
12n_0094_145,"[[3, 11, 4, 10], [7, 13, 8, 12], [14, 18, 15, 17], [16, 22, 17, 21], [1, 18, 2, 19], [20, 16, 21, 15], [5, 23, 6, 22], [19, 24, 20, 1], [9, 3, 10, 2], [23, 5, 24, 4], [13, 7, 14, 6], [11, 9, 12, 8]]"
12n_0094_146,"[[11, 9, 12, 8], [3, 11, 4, 10], [7, 13, 8, 12], [14, 18, 15, 17], [16, 22, 17, 21], [1, 18, 2, 19], [20, 16, 21, 15], [5, 23, 6, 22], [19, 24, 20, 1], [9, 3, 10, 2], [23, 5, 24, 4], [13, 7, 14, 6]]"
12n_0094_147,"[[13, 7, 14, 6], [11, 9, 12, 8], [3, 11, 4, 10], [7, 13, 8, 12], [14, 18, 15, 17], [16, 22, 17, 21], [1, 18, 2, 19], [20, 16, 21, 15], [5, 23, 6, 22], [19, 24, 20, 1], [9, 3, 10, 2], [23, 5, 24, 4]]"
12n_0094_148,"[[23, 5, 24, 4], [13, 7, 14, 6], [11, 9, 12, 8], [3, 11, 4, 10], [7, 13, 8, 12], [14, 18, 15, 17], [16, 22, 17, 21], [1, 18, 2, 19], [20, 16, 21, 15], [5, 23, 6, 22], [19, 24, 20, 1], [9, 3, 10, 2]]"
12n_0094_149,"[[9, 3, 10, 2], [23, 5, 24, 4], [13, 7, 14, 6], [11, 9, 12, 8], [3, 11, 4, 10], [7, 13, 8, 12], [14, 18, 15, 17], [16, 22, 17, 21], [1, 18, 2, 19], [20, 16, 21, 15], [5, 23, 6, 22], [19, 24, 20, 1]]"
12n_0094_150,"[[19, 24, 20, 1], [9, 3, 10, 2], [23, 5, 24, 4], [13, 7, 14, 6], [11, 9, 12, 8], [3, 11, 4, 10], [7, 13, 8, 12], [14, 18, 15, 17], [16, 22, 17, 21], [1, 18, 2, 19], [20, 16, 21, 15], [5, 23, 6, 22]]"
12n_0094_151,"[[5, 23, 6, 22], [19, 24, 20, 1], [9, 3, 10, 2], [23, 5, 24, 4], [13, 7, 14, 6], [11, 9, 12, 8], [3, 11, 4, 10], [7, 13, 8, 12], [14, 18, 15, 17], [16, 22, 17, 21], [1, 18, 2, 19], [20, 16, 21, 15]]"
12n_0094_152,"[[20, 16, 21, 15], [5, 23, 6, 22], [19, 24, 20, 1], [9, 3, 10, 2], [23, 5, 24, 4], [13, 7, 14, 6], [11, 9, 12, 8], [3, 11, 4, 10], [7, 13, 8, 12], [14, 18, 15, 17], [16, 22, 17, 21], [1, 18, 2, 19]]"
12n_0094_153,"[[1, 18, 2, 19], [20, 16, 21, 15], [5, 23, 6, 22], [19, 24, 20, 1], [9, 3, 10, 2], [23, 5, 24, 4], [13, 7, 14, 6], [11, 9, 12, 8], [3, 11, 4, 10], [7, 13, 8, 12], [14, 18, 15, 17], [16, 22, 17, 21]]"
12n_0094_154,"[[16, 22, 17, 21], [1, 18, 2, 19], [20, 16, 21, 15], [5, 23, 6, 22], [19, 24, 20, 1], [9, 3, 10, 2], [23, 5, 24, 4], [13, 7, 14, 6], [11, 9, 12, 8], [3, 11, 4, 10], [7, 13, 8, 12], [14, 18, 15, 17]]"
12n_0094_155,"[[14, 18, 15, 17], [16, 22, 17, 21], [1, 18, 2, 19], [20, 16, 21, 15], [5, 23, 6, 22], [19, 24, 20, 1], [9, 3, 10, 2], [23, 5, 24, 4], [13, 7, 14, 6], [11, 9, 12, 8], [3, 11, 4, 10], [7, 13, 8, 12]]"
12n_0094_156,"[[8, 14, 9, 13], [15, 19, 16, 18], [17, 23, 18, 22], [2, 19, 3, 20], [21, 17, 22, 16], [6, 24, 7, 23], [20, 1, 21, 2], [10, 4, 11, 3], [24, 6, 1, 5], [14, 8, 15, 7], [12, 10, 13, 9], [4, 12, 5, 11]]"
12n_0094_157,"[[4, 12, 5, 11], [8, 14, 9, 13], [15, 19, 16, 18], [17, 23, 18, 22], [2, 19, 3, 20], [21, 17, 22, 16], [6, 24, 7, 23], [20, 1, 21, 2], [10, 4, 11, 3], [24, 6, 1, 5], [14, 8, 15, 7], [12, 10, 13, 9]]"
12n_0094_158,"[[12, 10, 13, 9], [4, 12, 5, 11], [8, 14, 9, 13], [15, 19, 16, 18], [17, 23, 18, 22], [2, 19, 3, 20], [21, 17, 22, 16], [6, 24, 7, 23], [20, 1, 21, 2], [10, 4, 11, 3], [24, 6, 1, 5], [14, 8, 15, 7]]"
12n_0094_159,"[[14, 8, 15, 7], [12, 10, 13, 9], [4, 12, 5, 11], [8, 14, 9, 13], [15, 19, 16, 18], [17, 23, 18, 22], [2, 19, 3, 20], [21, 17, 22, 16], [6, 24, 7, 23], [20, 1, 21, 2], [10, 4, 11, 3], [24, 6, 1, 5]]"
12n_0094_160,"[[24, 6, 1, 5], [14, 8, 15, 7], [12, 10, 13, 9], [4, 12, 5, 11], [8, 14, 9, 13], [15, 19, 16, 18], [17, 23, 18, 22], [2, 19, 3, 20], [21, 17, 22, 16], [6, 24, 7, 23], [20, 1, 21, 2], [10, 4, 11, 3]]"
12n_0094_161,"[[10, 4, 11, 3], [24, 6, 1, 5], [14, 8, 15, 7], [12, 10, 13, 9], [4, 12, 5, 11], [8, 14, 9, 13], [15, 19, 16, 18], [17, 23, 18, 22], [2, 19, 3, 20], [21, 17, 22, 16], [6, 24, 7, 23], [20, 1, 21, 2]]"
12n_0094_162,"[[20, 1, 21, 2], [10, 4, 11, 3], [24, 6, 1, 5], [14, 8, 15, 7], [12, 10, 13, 9], [4, 12, 5, 11], [8, 14, 9, 13], [15, 19, 16, 18], [17, 23, 18, 22], [2, 19, 3, 20], [21, 17, 22, 16], [6, 24, 7, 23]]"
12n_0094_163,"[[6, 24, 7, 23], [20, 1, 21, 2], [10, 4, 11, 3], [24, 6, 1, 5], [14, 8, 15, 7], [12, 10, 13, 9], [4, 12, 5, 11], [8, 14, 9, 13], [15, 19, 16, 18], [17, 23, 18, 22], [2, 19, 3, 20], [21, 17, 22, 16]]"
12n_0094_164,"[[21, 17, 22, 16], [6, 24, 7, 23], [20, 1, 21, 2], [10, 4, 11, 3], [24, 6, 1, 5], [14, 8, 15, 7], [12, 10, 13, 9], [4, 12, 5, 11], [8, 14, 9, 13], [15, 19, 16, 18], [17, 23, 18, 22], [2, 19, 3, 20]]"
12n_0094_165,"[[2, 19, 3, 20], [21, 17, 22, 16], [6, 24, 7, 23], [20, 1, 21, 2], [10, 4, 11, 3], [24, 6, 1, 5], [14, 8, 15, 7], [12, 10, 13, 9], [4, 12, 5, 11], [8, 14, 9, 13], [15, 19, 16, 18], [17, 23, 18, 22]]"
12n_0094_166,"[[17, 23, 18, 22], [2, 19, 3, 20], [21, 17, 22, 16], [6, 24, 7, 23], [20, 1, 21, 2], [10, 4, 11, 3], [24, 6, 1, 5], [14, 8, 15, 7], [12, 10, 13, 9], [4, 12, 5, 11], [8, 14, 9, 13], [15, 19, 16, 18]]"
12n_0094_167,"[[15, 19, 16, 18], [17, 23, 18, 22], [2, 19, 3, 20], [21, 17, 22, 16], [6, 24, 7, 23], [20, 1, 21, 2], [10, 4, 11, 3], [24, 6, 1, 5], [14, 8, 15, 7], [12, 10, 13, 9], [4, 12, 5, 11], [8, 14, 9, 13]]"
12n_0094_168,"[[9, 15, 10, 14], [16, 20, 17, 19], [18, 24, 19, 23], [3, 20, 4, 21], [22, 18, 23, 17], [7, 1, 8, 24], [21, 2, 22, 3], [11, 5, 12, 4], [1, 7, 2, 6], [15, 9, 16, 8], [13, 11, 14, 10], [5, 13, 6, 12]]"
12n_0094_169,"[[5, 13, 6, 12], [9, 15, 10, 14], [16, 20, 17, 19], [18, 24, 19, 23], [3, 20, 4, 21], [22, 18, 23, 17], [7, 1, 8, 24], [21, 2, 22, 3], [11, 5, 12, 4], [1, 7, 2, 6], [15, 9, 16, 8], [13, 11, 14, 10]]"
12n_0094_170,"[[13, 11, 14, 10], [5, 13, 6, 12], [9, 15, 10, 14], [16, 20, 17, 19], [18, 24, 19, 23], [3, 20, 4, 21], [22, 18, 23, 17], [7, 1, 8, 24], [21, 2, 22, 3], [11, 5, 12, 4], [1, 7, 2, 6], [15, 9, 16, 8]]"
12n_0094_171,"[[15, 9, 16, 8], [13, 11, 14, 10], [5, 13, 6, 12], [9, 15, 10, 14], [16, 20, 17, 19], [18, 24, 19, 23], [3, 20, 4, 21], [22, 18, 23, 17], [7, 1, 8, 24], [21, 2, 22, 3], [11, 5, 12, 4], [1, 7, 2, 6]]"
12n_0094_172,"[[1, 7, 2, 6], [15, 9, 16, 8], [13, 11, 14, 10], [5, 13, 6, 12], [9, 15, 10, 14], [16, 20, 17, 19], [18, 24, 19, 23], [3, 20, 4, 21], [22, 18, 23, 17], [7, 1, 8, 24], [21, 2, 22, 3], [11, 5, 12, 4]]"
12n_0094_173,"[[11, 5, 12, 4], [1, 7, 2, 6], [15, 9, 16, 8], [13, 11, 14, 10], [5, 13, 6, 12], [9, 15, 10, 14], [16, 20, 17, 19], [18, 24, 19, 23], [3, 20, 4, 21], [22, 18, 23, 17], [7, 1, 8, 24], [21, 2, 22, 3]]"
12n_0094_174,"[[21, 2, 22, 3], [11, 5, 12, 4], [1, 7, 2, 6], [15, 9, 16, 8], [13, 11, 14, 10], [5, 13, 6, 12], [9, 15, 10, 14], [16, 20, 17, 19], [18, 24, 19, 23], [3, 20, 4, 21], [22, 18, 23, 17], [7, 1, 8, 24]]"
12n_0094_175,"[[7, 1, 8, 24], [21, 2, 22, 3], [11, 5, 12, 4], [1, 7, 2, 6], [15, 9, 16, 8], [13, 11, 14, 10], [5, 13, 6, 12], [9, 15, 10, 14], [16, 20, 17, 19], [18, 24, 19, 23], [3, 20, 4, 21], [22, 18, 23, 17]]"
12n_0094_176,"[[22, 18, 23, 17], [7, 1, 8, 24], [21, 2, 22, 3], [11, 5, 12, 4], [1, 7, 2, 6], [15, 9, 16, 8], [13, 11, 14, 10], [5, 13, 6, 12], [9, 15, 10, 14], [16, 20, 17, 19], [18, 24, 19, 23], [3, 20, 4, 21]]"
12n_0094_177,"[[3, 20, 4, 21], [22, 18, 23, 17], [7, 1, 8, 24], [21, 2, 22, 3], [11, 5, 12, 4], [1, 7, 2, 6], [15, 9, 16, 8], [13, 11, 14, 10], [5, 13, 6, 12], [9, 15, 10, 14], [16, 20, 17, 19], [18, 24, 19, 23]]"
12n_0094_178,"[[18, 24, 19, 23], [3, 20, 4, 21], [22, 18, 23, 17], [7, 1, 8, 24], [21, 2, 22, 3], [11, 5, 12, 4], [1, 7, 2, 6], [15, 9, 16, 8], [13, 11, 14, 10], [5, 13, 6, 12], [9, 15, 10, 14], [16, 20, 17, 19]]"
12n_0094_179,"[[16, 20, 17, 19], [18, 24, 19, 23], [3, 20, 4, 21], [22, 18, 23, 17], [7, 1, 8, 24], [21, 2, 22, 3], [11, 5, 12, 4], [1, 7, 2, 6], [15, 9, 16, 8], [13, 11, 14, 10], [5, 13, 6, 12], [9, 15, 10, 14]]"
12n_0094_180,"[[10, 16, 11, 15], [17, 21, 18, 20], [19, 1, 20, 24], [4, 21, 5, 22], [23, 19, 24, 18], [8, 2, 9, 1], [22, 3, 23, 4], [12, 6, 13, 5], [2, 8, 3, 7], [16, 10, 17, 9], [14, 12, 15, 11], [6, 14, 7, 13]]"
12n_0094_181,"[[6, 14, 7, 13], [10, 16, 11, 15], [17, 21, 18, 20], [19, 1, 20, 24], [4, 21, 5, 22], [23, 19, 24, 18], [8, 2, 9, 1], [22, 3, 23, 4], [12, 6, 13, 5], [2, 8, 3, 7], [16, 10, 17, 9], [14, 12, 15, 11]]"
12n_0094_182,"[[14, 12, 15, 11], [6, 14, 7, 13], [10, 16, 11, 15], [17, 21, 18, 20], [19, 1, 20, 24], [4, 21, 5, 22], [23, 19, 24, 18], [8, 2, 9, 1], [22, 3, 23, 4], [12, 6, 13, 5], [2, 8, 3, 7], [16, 10, 17, 9]]"
12n_0094_183,"[[16, 10, 17, 9], [14, 12, 15, 11], [6, 14, 7, 13], [10, 16, 11, 15], [17, 21, 18, 20], [19, 1, 20, 24], [4, 21, 5, 22], [23, 19, 24, 18], [8, 2, 9, 1], [22, 3, 23, 4], [12, 6, 13, 5], [2, 8, 3, 7]]"
12n_0094_184,"[[2, 8, 3, 7], [16, 10, 17, 9], [14, 12, 15, 11], [6, 14, 7, 13], [10, 16, 11, 15], [17, 21, 18, 20], [19, 1, 20, 24], [4, 21, 5, 22], [23, 19, 24, 18], [8, 2, 9, 1], [22, 3, 23, 4], [12, 6, 13, 5]]"
12n_0094_185,"[[12, 6, 13, 5], [2, 8, 3, 7], [16, 10, 17, 9], [14, 12, 15, 11], [6, 14, 7, 13], [10, 16, 11, 15], [17, 21, 18, 20], [19, 1, 20, 24], [4, 21, 5, 22], [23, 19, 24, 18], [8, 2, 9, 1], [22, 3, 23, 4]]"
