name,pd_notation
12n_0084_0,"[[21, 24, 22, 1], [2, 6, 3, 5], [4, 10, 5, 9], [6, 14, 7, 13], [8, 4, 9, 3], [10, 18, 11, 17], [12, 8, 13, 7], [19, 14, 20, 15], [23, 16, 24, 17], [18, 12, 19, 11], [1, 20, 2, 21], [15, 22, 16, 23]]"
12n_0084_1,"[[15, 22, 16, 23], [21, 24, 22, 1], [2, 6, 3, 5], [4, 10, 5, 9], [6, 14, 7, 13], [8, 4, 9, 3], [10, 18, 11, 17], [12, 8, 13, 7], [19, 14, 20, 15], [23, 16, 24, 17], [18, 12, 19, 11], [1, 20, 2, 21]]"
12n_0084_2,"[[1, 20, 2, 21], [15, 22, 16, 23], [21, 24, 22, 1], [2, 6, 3, 5], [4, 10, 5, 9], [6, 14, 7, 13], [8, 4, 9, 3], [10, 18, 11, 17], [12, 8, 13, 7], [19, 14, 20, 15], [23, 16, 24, 17], [18, 12, 19, 11]]"
12n_0084_3,"[[18, 12, 19, 11], [1, 20, 2, 21], [15, 22, 16, 23], [21, 24, 22, 1], [2, 6, 3, 5], [4, 10, 5, 9], [6, 14, 7, 13], [8, 4, 9, 3], [10, 18, 11, 17], [12, 8, 13, 7], [19, 14, 20, 15], [23, 16, 24, 17]]"
12n_0084_4,"[[23, 16, 24, 17], [18, 12, 19, 11], [1, 20, 2, 21], [15, 22, 16, 23], [21, 24, 22, 1], [2, 6, 3, 5], [4, 10, 5, 9], [6, 14, 7, 13], [8, 4, 9, 3], [10, 18, 11, 17], [12, 8, 13, 7], [19, 14, 20, 15]]"
12n_0084_5,"[[19, 14, 20, 15], [23, 16, 24, 17], [18, 12, 19, 11], [1, 20, 2, 21], [15, 22, 16, 23], [21, 24, 22, 1], [2, 6, 3, 5], [4, 10, 5, 9], [6, 14, 7, 13], [8, 4, 9, 3], [10, 18, 11, 17], [12, 8, 13, 7]]"
12n_0084_6,"[[12, 8, 13, 7], [19, 14, 20, 15], [23, 16, 24, 17], [18, 12, 19, 11], [1, 20, 2, 21], [15, 22, 16, 23], [21, 24, 22, 1], [2, 6, 3, 5], [4, 10, 5, 9], [6, 14, 7, 13], [8, 4, 9, 3], [10, 18, 11, 17]]"
12n_0084_7,"[[10, 18, 11, 17], [12, 8, 13, 7], [19, 14, 20, 15], [23, 16, 24, 17], [18, 12, 19, 11], [1, 20, 2, 21], [15, 22, 16, 23], [21, 24, 22, 1], [2, 6, 3, 5], [4, 10, 5, 9], [6, 14, 7, 13], [8, 4, 9, 3]]"
12n_0084_8,"[[8, 4, 9, 3], [10, 18, 11, 17], [12, 8, 13, 7], [19, 14, 20, 15], [23, 16, 24, 17], [18, 12, 19, 11], [1, 20, 2, 21], [15, 22, 16, 23], [21, 24, 22, 1], [2, 6, 3, 5], [4, 10, 5, 9], [6, 14, 7, 13]]"
12n_0084_9,"[[6, 14, 7, 13], [8, 4, 9, 3], [10, 18, 11, 17], [12, 8, 13, 7], [19, 14, 20, 15], [23, 16, 24, 17], [18, 12, 19, 11], [1, 20, 2, 21], [15, 22, 16, 23], [21, 24, 22, 1], [2, 6, 3, 5], [4, 10, 5, 9]]"
12n_0084_10,"[[4, 10, 5, 9], [6, 14, 7, 13], [8, 4, 9, 3], [10, 18, 11, 17], [12, 8, 13, 7], [19, 14, 20, 15], [23, 16, 24, 17], [18, 12, 19, 11], [1, 20, 2, 21], [15, 22, 16, 23], [21, 24, 22, 1], [2, 6, 3, 5]]"
12n_0084_11,"[[2, 6, 3, 5], [4, 10, 5, 9], [6, 14, 7, 13], [8, 4, 9, 3], [10, 18, 11, 17], [12, 8, 13, 7], [19, 14, 20, 15], [23, 16, 24, 17], [18, 12, 19, 11], [1, 20, 2, 21], [15, 22, 16, 23], [21, 24, 22, 1]]"
12n_0084_12,"[[22, 1, 23, 2], [3, 7, 4, 6], [5, 11, 6, 10], [7, 15, 8, 14], [9, 5, 10, 4], [11, 19, 12, 18], [13, 9, 14, 8], [20, 15, 21, 16], [24, 17, 1, 18], [19, 13, 20, 12], [2, 21, 3, 22], [16, 23, 17, 24]]"
12n_0084_13,"[[16, 23, 17, 24], [22, 1, 23, 2], [3, 7, 4, 6], [5, 11, 6, 10], [7, 15, 8, 14], [9, 5, 10, 4], [11, 19, 12, 18], [13, 9, 14, 8], [20, 15, 21, 16], [24, 17, 1, 18], [19, 13, 20, 12], [2, 21, 3, 22]]"
12n_0084_14,"[[2, 21, 3, 22], [16, 23, 17, 24], [22, 1, 23, 2], [3, 7, 4, 6], [5, 11, 6, 10], [7, 15, 8, 14], [9, 5, 10, 4], [11, 19, 12, 18], [13, 9, 14, 8], [20, 15, 21, 16], [24, 17, 1, 18], [19, 13, 20, 12]]"
12n_0084_15,"[[19, 13, 20, 12], [2, 21, 3, 22], [16, 23, 17, 24], [22, 1, 23, 2], [3, 7, 4, 6], [5, 11, 6, 10], [7, 15, 8, 14], [9, 5, 10, 4], [11, 19, 12, 18], [13, 9, 14, 8], [20, 15, 21, 16], [24, 17, 1, 18]]"
12n_0084_16,"[[24, 17, 1, 18], [19, 13, 20, 12], [2, 21, 3, 22], [16, 23, 17, 24], [22, 1, 23, 2], [3, 7, 4, 6], [5, 11, 6, 10], [7, 15, 8, 14], [9, 5, 10, 4], [11, 19, 12, 18], [13, 9, 14, 8], [20, 15, 21, 16]]"
12n_0084_17,"[[20, 15, 21, 16], [24, 17, 1, 18], [19, 13, 20, 12], [2, 21, 3, 22], [16, 23, 17, 24], [22, 1, 23, 2], [3, 7, 4, 6], [5, 11, 6, 10], [7, 15, 8, 14], [9, 5, 10, 4], [11, 19, 12, 18], [13, 9, 14, 8]]"
12n_0084_18,"[[13, 9, 14, 8], [20, 15, 21, 16], [24, 17, 1, 18], [19, 13, 20, 12], [2, 21, 3, 22], [16, 23, 17, 24], [22, 1, 23, 2], [3, 7, 4, 6], [5, 11, 6, 10], [7, 15, 8, 14], [9, 5, 10, 4], [11, 19, 12, 18]]"
12n_0084_19,"[[11, 19, 12, 18], [13, 9, 14, 8], [20, 15, 21, 16], [24, 17, 1, 18], [19, 13, 20, 12], [2, 21, 3, 22], [16, 23, 17, 24], [22, 1, 23, 2], [3, 7, 4, 6], [5, 11, 6, 10], [7, 15, 8, 14], [9, 5, 10, 4]]"
12n_0084_20,"[[9, 5, 10, 4], [11, 19, 12, 18], [13, 9, 14, 8], [20, 15, 21, 16], [24, 17, 1, 18], [19, 13, 20, 12], [2, 21, 3, 22], [16, 23, 17, 24], [22, 1, 23, 2], [3, 7, 4, 6], [5, 11, 6, 10], [7, 15, 8, 14]]"
12n_0084_21,"[[7, 15, 8, 14], [9, 5, 10, 4], [11, 19, 12, 18], [13, 9, 14, 8], [20, 15, 21, 16], [24, 17, 1, 18], [19, 13, 20, 12], [2, 21, 3, 22], [16, 23, 17, 24], [22, 1, 23, 2], [3, 7, 4, 6], [5, 11, 6, 10]]"
12n_0084_22,"[[5, 11, 6, 10], [7, 15, 8, 14], [9, 5, 10, 4], [11, 19, 12, 18], [13, 9, 14, 8], [20, 15, 21, 16], [24, 17, 1, 18], [19, 13, 20, 12], [2, 21, 3, 22], [16, 23, 17, 24], [22, 1, 23, 2], [3, 7, 4, 6]]"
12n_0084_23,"[[3, 7, 4, 6], [5, 11, 6, 10], [7, 15, 8, 14], [9, 5, 10, 4], [11, 19, 12, 18], [13, 9, 14, 8], [20, 15, 21, 16], [24, 17, 1, 18], [19, 13, 20, 12], [2, 21, 3, 22], [16, 23, 17, 24], [22, 1, 23, 2]]"
12n_0084_24,"[[23, 2, 24, 3], [4, 8, 5, 7], [6, 12, 7, 11], [8, 16, 9, 15], [10, 6, 11, 5], [12, 20, 13, 19], [14, 10, 15, 9], [21, 16, 22, 17], [1, 18, 2, 19], [20, 14, 21, 13], [3, 22, 4, 23], [17, 24, 18, 1]]"
12n_0084_25,"[[17, 24, 18, 1], [23, 2, 24, 3], [4, 8, 5, 7], [6, 12, 7, 11], [8, 16, 9, 15], [10, 6, 11, 5], [12, 20, 13, 19], [14, 10, 15, 9], [21, 16, 22, 17], [1, 18, 2, 19], [20, 14, 21, 13], [3, 22, 4, 23]]"
12n_0084_26,"[[3, 22, 4, 23], [17, 24, 18, 1], [23, 2, 24, 3], [4, 8, 5, 7], [6, 12, 7, 11], [8, 16, 9, 15], [10, 6, 11, 5], [12, 20, 13, 19], [14, 10, 15, 9], [21, 16, 22, 17], [1, 18, 2, 19], [20, 14, 21, 13]]"
12n_0084_27,"[[20, 14, 21, 13], [3, 22, 4, 23], [17, 24, 18, 1], [23, 2, 24, 3], [4, 8, 5, 7], [6, 12, 7, 11], [8, 16, 9, 15], [10, 6, 11, 5], [12, 20, 13, 19], [14, 10, 15, 9], [21, 16, 22, 17], [1, 18, 2, 19]]"
12n_0084_28,"[[1, 18, 2, 19], [20, 14, 21, 13], [3, 22, 4, 23], [17, 24, 18, 1], [23, 2, 24, 3], [4, 8, 5, 7], [6, 12, 7, 11], [8, 16, 9, 15], [10, 6, 11, 5], [12, 20, 13, 19], [14, 10, 15, 9], [21, 16, 22, 17]]"
12n_0084_29,"[[21, 16, 22, 17], [1, 18, 2, 19], [20, 14, 21, 13], [3, 22, 4, 23], [17, 24, 18, 1], [23, 2, 24, 3], [4, 8, 5, 7], [6, 12, 7, 11], [8, 16, 9, 15], [10, 6, 11, 5], [12, 20, 13, 19], [14, 10, 15, 9]]"
12n_0084_30,"[[14, 10, 15, 9], [21, 16, 22, 17], [1, 18, 2, 19], [20, 14, 21, 13], [3, 22, 4, 23], [17, 24, 18, 1], [23, 2, 24, 3], [4, 8, 5, 7], [6, 12, 7, 11], [8, 16, 9, 15], [10, 6, 11, 5], [12, 20, 13, 19]]"
12n_0084_31,"[[12, 20, 13, 19], [14, 10, 15, 9], [21, 16, 22, 17], [1, 18, 2, 19], [20, 14, 21, 13], [3, 22, 4, 23], [17, 24, 18, 1], [23, 2, 24, 3], [4, 8, 5, 7], [6, 12, 7, 11], [8, 16, 9, 15], [10, 6, 11, 5]]"
12n_0084_32,"[[10, 6, 11, 5], [12, 20, 13, 19], [14, 10, 15, 9], [21, 16, 22, 17], [1, 18, 2, 19], [20, 14, 21, 13], [3, 22, 4, 23], [17, 24, 18, 1], [23, 2, 24, 3], [4, 8, 5, 7], [6, 12, 7, 11], [8, 16, 9, 15]]"
12n_0084_33,"[[8, 16, 9, 15], [10, 6, 11, 5], [12, 20, 13, 19], [14, 10, 15, 9], [21, 16, 22, 17], [1, 18, 2, 19], [20, 14, 21, 13], [3, 22, 4, 23], [17, 24, 18, 1], [23, 2, 24, 3], [4, 8, 5, 7], [6, 12, 7, 11]]"
12n_0084_34,"[[6, 12, 7, 11], [8, 16, 9, 15], [10, 6, 11, 5], [12, 20, 13, 19], [14, 10, 15, 9], [21, 16, 22, 17], [1, 18, 2, 19], [20, 14, 21, 13], [3, 22, 4, 23], [17, 24, 18, 1], [23, 2, 24, 3], [4, 8, 5, 7]]"
12n_0084_35,"[[4, 8, 5, 7], [6, 12, 7, 11], [8, 16, 9, 15], [10, 6, 11, 5], [12, 20, 13, 19], [14, 10, 15, 9], [21, 16, 22, 17], [1, 18, 2, 19], [20, 14, 21, 13], [3, 22, 4, 23], [17, 24, 18, 1], [23, 2, 24, 3]]"
12n_0084_36,"[[24, 3, 1, 4], [5, 9, 6, 8], [7, 13, 8, 12], [9, 17, 10, 16], [11, 7, 12, 6], [13, 21, 14, 20], [15, 11, 16, 10], [22, 17, 23, 18], [2, 19, 3, 20], [21, 15, 22, 14], [4, 23, 5, 24], [18, 1, 19, 2]]"
12n_0084_37,"[[18, 1, 19, 2], [24, 3, 1, 4], [5, 9, 6, 8], [7, 13, 8, 12], [9, 17, 10, 16], [11, 7, 12, 6], [13, 21, 14, 20], [15, 11, 16, 10], [22, 17, 23, 18], [2, 19, 3, 20], [21, 15, 22, 14], [4, 23, 5, 24]]"
12n_0084_38,"[[4, 23, 5, 24], [18, 1, 19, 2], [24, 3, 1, 4], [5, 9, 6, 8], [7, 13, 8, 12], [9, 17, 10, 16], [11, 7, 12, 6], [13, 21, 14, 20], [15, 11, 16, 10], [22, 17, 23, 18], [2, 19, 3, 20], [21, 15, 22, 14]]"
12n_0084_39,"[[21, 15, 22, 14], [4, 23, 5, 24], [18, 1, 19, 2], [24, 3, 1, 4], [5, 9, 6, 8], [7, 13, 8, 12], [9, 17, 10, 16], [11, 7, 12, 6], [13, 21, 14, 20], [15, 11, 16, 10], [22, 17, 23, 18], [2, 19, 3, 20]]"
12n_0084_40,"[[2, 19, 3, 20], [21, 15, 22, 14], [4, 23, 5, 24], [18, 1, 19, 2], [24, 3, 1, 4], [5, 9, 6, 8], [7, 13, 8, 12], [9, 17, 10, 16], [11, 7, 12, 6], [13, 21, 14, 20], [15, 11, 16, 10], [22, 17, 23, 18]]"
12n_0084_41,"[[22, 17, 23, 18], [2, 19, 3, 20], [21, 15, 22, 14], [4, 23, 5, 24], [18, 1, 19, 2], [24, 3, 1, 4], [5, 9, 6, 8], [7, 13, 8, 12], [9, 17, 10, 16], [11, 7, 12, 6], [13, 21, 14, 20], [15, 11, 16, 10]]"
12n_0084_42,"[[15, 11, 16, 10], [22, 17, 23, 18], [2, 19, 3, 20], [21, 15, 22, 14], [4, 23, 5, 24], [18, 1, 19, 2], [24, 3, 1, 4], [5, 9, 6, 8], [7, 13, 8, 12], [9, 17, 10, 16], [11, 7, 12, 6], [13, 21, 14, 20]]"
12n_0084_43,"[[13, 21, 14, 20], [15, 11, 16, 10], [22, 17, 23, 18], [2, 19, 3, 20], [21, 15, 22, 14], [4, 23, 5, 24], [18, 1, 19, 2], [24, 3, 1, 4], [5, 9, 6, 8], [7, 13, 8, 12], [9, 17, 10, 16], [11, 7, 12, 6]]"
12n_0084_44,"[[11, 7, 12, 6], [13, 21, 14, 20], [15, 11, 16, 10], [22, 17, 23, 18], [2, 19, 3, 20], [21, 15, 22, 14], [4, 23, 5, 24], [18, 1, 19, 2], [24, 3, 1, 4], [5, 9, 6, 8], [7, 13, 8, 12], [9, 17, 10, 16]]"
12n_0084_45,"[[9, 17, 10, 16], [11, 7, 12, 6], [13, 21, 14, 20], [15, 11, 16, 10], [22, 17, 23, 18], [2, 19, 3, 20], [21, 15, 22, 14], [4, 23, 5, 24], [18, 1, 19, 2], [24, 3, 1, 4], [5, 9, 6, 8], [7, 13, 8, 12]]"
12n_0084_46,"[[7, 13, 8, 12], [9, 17, 10, 16], [11, 7, 12, 6], [13, 21, 14, 20], [15, 11, 16, 10], [22, 17, 23, 18], [2, 19, 3, 20], [21, 15, 22, 14], [4, 23, 5, 24], [18, 1, 19, 2], [24, 3, 1, 4], [5, 9, 6, 8]]"
12n_0084_47,"[[5, 9, 6, 8], [7, 13, 8, 12], [9, 17, 10, 16], [11, 7, 12, 6], [13, 21, 14, 20], [15, 11, 16, 10], [22, 17, 23, 18], [2, 19, 3, 20], [21, 15, 22, 14], [4, 23, 5, 24], [18, 1, 19, 2], [24, 3, 1, 4]]"
12n_0084_48,"[[1, 4, 2, 5], [6, 10, 7, 9], [8, 14, 9, 13], [10, 18, 11, 17], [12, 8, 13, 7], [14, 22, 15, 21], [16, 12, 17, 11], [23, 18, 24, 19], [3, 20, 4, 21], [22, 16, 23, 15], [5, 24, 6, 1], [19, 2, 20, 3]]"
12n_0084_49,"[[19, 2, 20, 3], [1, 4, 2, 5], [6, 10, 7, 9], [8, 14, 9, 13], [10, 18, 11, 17], [12, 8, 13, 7], [14, 22, 15, 21], [16, 12, 17, 11], [23, 18, 24, 19], [3, 20, 4, 21], [22, 16, 23, 15], [5, 24, 6, 1]]"
12n_0084_50,"[[5, 24, 6, 1], [19, 2, 20, 3], [1, 4, 2, 5], [6, 10, 7, 9], [8, 14, 9, 13], [10, 18, 11, 17], [12, 8, 13, 7], [14, 22, 15, 21], [16, 12, 17, 11], [23, 18, 24, 19], [3, 20, 4, 21], [22, 16, 23, 15]]"
12n_0084_51,"[[22, 16, 23, 15], [5, 24, 6, 1], [19, 2, 20, 3], [1, 4, 2, 5], [6, 10, 7, 9], [8, 14, 9, 13], [10, 18, 11, 17], [12, 8, 13, 7], [14, 22, 15, 21], [16, 12, 17, 11], [23, 18, 24, 19], [3, 20, 4, 21]]"
12n_0084_52,"[[3, 20, 4, 21], [22, 16, 23, 15], [5, 24, 6, 1], [19, 2, 20, 3], [1, 4, 2, 5], [6, 10, 7, 9], [8, 14, 9, 13], [10, 18, 11, 17], [12, 8, 13, 7], [14, 22, 15, 21], [16, 12, 17, 11], [23, 18, 24, 19]]"
12n_0084_53,"[[23, 18, 24, 19], [3, 20, 4, 21], [22, 16, 23, 15], [5, 24, 6, 1], [19, 2, 20, 3], [1, 4, 2, 5], [6, 10, 7, 9], [8, 14, 9, 13], [10, 18, 11, 17], [12, 8, 13, 7], [14, 22, 15, 21], [16, 12, 17, 11]]"
12n_0084_54,"[[16, 12, 17, 11], [23, 18, 24, 19], [3, 20, 4, 21], [22, 16, 23, 15], [5, 24, 6, 1], [19, 2, 20, 3], [1, 4, 2, 5], [6, 10, 7, 9], [8, 14, 9, 13], [10, 18, 11, 17], [12, 8, 13, 7], [14, 22, 15, 21]]"
12n_0084_55,"[[14, 22, 15, 21], [16, 12, 17, 11], [23, 18, 24, 19], [3, 20, 4, 21], [22, 16, 23, 15], [5, 24, 6, 1], [19, 2, 20, 3], [1, 4, 2, 5], [6, 10, 7, 9], [8, 14, 9, 13], [10, 18, 11, 17], [12, 8, 13, 7]]"
12n_0084_56,"[[12, 8, 13, 7], [14, 22, 15, 21], [16, 12, 17, 11], [23, 18, 24, 19], [3, 20, 4, 21], [22, 16, 23, 15], [5, 24, 6, 1], [19, 2, 20, 3], [1, 4, 2, 5], [6, 10, 7, 9], [8, 14, 9, 13], [10, 18, 11, 17]]"
12n_0084_57,"[[10, 18, 11, 17], [12, 8, 13, 7], [14, 22, 15, 21], [16, 12, 17, 11], [23, 18, 24, 19], [3, 20, 4, 21], [22, 16, 23, 15], [5, 24, 6, 1], [19, 2, 20, 3], [1, 4, 2, 5], [6, 10, 7, 9], [8, 14, 9, 13]]"
12n_0084_58,"[[8, 14, 9, 13], [10, 18, 11, 17], [12, 8, 13, 7], [14, 22, 15, 21], [16, 12, 17, 11], [23, 18, 24, 19], [3, 20, 4, 21], [22, 16, 23, 15], [5, 24, 6, 1], [19, 2, 20, 3], [1, 4, 2, 5], [6, 10, 7, 9]]"
12n_0084_59,"[[6, 10, 7, 9], [8, 14, 9, 13], [10, 18, 11, 17], [12, 8, 13, 7], [14, 22, 15, 21], [16, 12, 17, 11], [23, 18, 24, 19], [3, 20, 4, 21], [22, 16, 23, 15], [5, 24, 6, 1], [19, 2, 20, 3], [1, 4, 2, 5]]"
12n_0084_60,"[[2, 5, 3, 6], [7, 11, 8, 10], [9, 15, 10, 14], [11, 19, 12, 18], [13, 9, 14, 8], [15, 23, 16, 22], [17, 13, 18, 12], [24, 19, 1, 20], [4, 21, 5, 22], [23, 17, 24, 16], [6, 1, 7, 2], [20, 3, 21, 4]]"
12n_0084_61,"[[20, 3, 21, 4], [2, 5, 3, 6], [7, 11, 8, 10], [9, 15, 10, 14], [11, 19, 12, 18], [13, 9, 14, 8], [15, 23, 16, 22], [17, 13, 18, 12], [24, 19, 1, 20], [4, 21, 5, 22], [23, 17, 24, 16], [6, 1, 7, 2]]"
12n_0084_62,"[[6, 1, 7, 2], [20, 3, 21, 4], [2, 5, 3, 6], [7, 11, 8, 10], [9, 15, 10, 14], [11, 19, 12, 18], [13, 9, 14, 8], [15, 23, 16, 22], [17, 13, 18, 12], [24, 19, 1, 20], [4, 21, 5, 22], [23, 17, 24, 16]]"
12n_0084_63,"[[23, 17, 24, 16], [6, 1, 7, 2], [20, 3, 21, 4], [2, 5, 3, 6], [7, 11, 8, 10], [9, 15, 10, 14], [11, 19, 12, 18], [13, 9, 14, 8], [15, 23, 16, 22], [17, 13, 18, 12], [24, 19, 1, 20], [4, 21, 5, 22]]"
12n_0084_64,"[[4, 21, 5, 22], [23, 17, 24, 16], [6, 1, 7, 2], [20, 3, 21, 4], [2, 5, 3, 6], [7, 11, 8, 10], [9, 15, 10, 14], [11, 19, 12, 18], [13, 9, 14, 8], [15, 23, 16, 22], [17, 13, 18, 12], [24, 19, 1, 20]]"
12n_0084_65,"[[24, 19, 1, 20], [4, 21, 5, 22], [23, 17, 24, 16], [6, 1, 7, 2], [20, 3, 21, 4], [2, 5, 3, 6], [7, 11, 8, 10], [9, 15, 10, 14], [11, 19, 12, 18], [13, 9, 14, 8], [15, 23, 16, 22], [17, 13, 18, 12]]"
12n_0084_66,"[[17, 13, 18, 12], [24, 19, 1, 20], [4, 21, 5, 22], [23, 17, 24, 16], [6, 1, 7, 2], [20, 3, 21, 4], [2, 5, 3, 6], [7, 11, 8, 10], [9, 15, 10, 14], [11, 19, 12, 18], [13, 9, 14, 8], [15, 23, 16, 22]]"
12n_0084_67,"[[15, 23, 16, 22], [17, 13, 18, 12], [24, 19, 1, 20], [4, 21, 5, 22], [23, 17, 24, 16], [6, 1, 7, 2], [20, 3, 21, 4], [2, 5, 3, 6], [7, 11, 8, 10], [9, 15, 10, 14], [11, 19, 12, 18], [13, 9, 14, 8]]"
12n_0084_68,"[[13, 9, 14, 8], [15, 23, 16, 22], [17, 13, 18, 12], [24, 19, 1, 20], [4, 21, 5, 22], [23, 17, 24, 16], [6, 1, 7, 2], [20, 3, 21, 4], [2, 5, 3, 6], [7, 11, 8, 10], [9, 15, 10, 14], [11, 19, 12, 18]]"
12n_0084_69,"[[11, 19, 12, 18], [13, 9, 14, 8], [15, 23, 16, 22], [17, 13, 18, 12], [24, 19, 1, 20], [4, 21, 5, 22], [23, 17, 24, 16], [6, 1, 7, 2], [20, 3, 21, 4], [2, 5, 3, 6], [7, 11, 8, 10], [9, 15, 10, 14]]"
12n_0084_70,"[[9, 15, 10, 14], [11, 19, 12, 18], [13, 9, 14, 8], [15, 23, 16, 22], [17, 13, 18, 12], [24, 19, 1, 20], [4, 21, 5, 22], [23, 17, 24, 16], [6, 1, 7, 2], [20, 3, 21, 4], [2, 5, 3, 6], [7, 11, 8, 10]]"
12n_0084_71,"[[7, 11, 8, 10], [9, 15, 10, 14], [11, 19, 12, 18], [13, 9, 14, 8], [15, 23, 16, 22], [17, 13, 18, 12], [24, 19, 1, 20], [4, 21, 5, 22], [23, 17, 24, 16], [6, 1, 7, 2], [20, 3, 21, 4], [2, 5, 3, 6]]"
12n_0084_72,"[[3, 6, 4, 7], [8, 12, 9, 11], [10, 16, 11, 15], [12, 20, 13, 19], [14, 10, 15, 9], [16, 24, 17, 23], [18, 14, 19, 13], [1, 20, 2, 21], [5, 22, 6, 23], [24, 18, 1, 17], [7, 2, 8, 3], [21, 4, 22, 5]]"
12n_0084_73,"[[21, 4, 22, 5], [3, 6, 4, 7], [8, 12, 9, 11], [10, 16, 11, 15], [12, 20, 13, 19], [14, 10, 15, 9], [16, 24, 17, 23], [18, 14, 19, 13], [1, 20, 2, 21], [5, 22, 6, 23], [24, 18, 1, 17], [7, 2, 8, 3]]"
12n_0084_74,"[[7, 2, 8, 3], [21, 4, 22, 5], [3, 6, 4, 7], [8, 12, 9, 11], [10, 16, 11, 15], [12, 20, 13, 19], [14, 10, 15, 9], [16, 24, 17, 23], [18, 14, 19, 13], [1, 20, 2, 21], [5, 22, 6, 23], [24, 18, 1, 17]]"
12n_0084_75,"[[24, 18, 1, 17], [7, 2, 8, 3], [21, 4, 22, 5], [3, 6, 4, 7], [8, 12, 9, 11], [10, 16, 11, 15], [12, 20, 13, 19], [14, 10, 15, 9], [16, 24, 17, 23], [18, 14, 19, 13], [1, 20, 2, 21], [5, 22, 6, 23]]"
12n_0084_76,"[[5, 22, 6, 23], [24, 18, 1, 17], [7, 2, 8, 3], [21, 4, 22, 5], [3, 6, 4, 7], [8, 12, 9, 11], [10, 16, 11, 15], [12, 20, 13, 19], [14, 10, 15, 9], [16, 24, 17, 23], [18, 14, 19, 13], [1, 20, 2, 21]]"
12n_0084_77,"[[1, 20, 2, 21], [5, 22, 6, 23], [24, 18, 1, 17], [7, 2, 8, 3], [21, 4, 22, 5], [3, 6, 4, 7], [8, 12, 9, 11], [10, 16, 11, 15], [12, 20, 13, 19], [14, 10, 15, 9], [16, 24, 17, 23], [18, 14, 19, 13]]"
12n_0084_78,"[[18, 14, 19, 13], [1, 20, 2, 21], [5, 22, 6, 23], [24, 18, 1, 17], [7, 2, 8, 3], [21, 4, 22, 5], [3, 6, 4, 7], [8, 12, 9, 11], [10, 16, 11, 15], [12, 20, 13, 19], [14, 10, 15, 9], [16, 24, 17, 23]]"
12n_0084_79,"[[16, 24, 17, 23], [18, 14, 19, 13], [1, 20, 2, 21], [5, 22, 6, 23], [24, 18, 1, 17], [7, 2, 8, 3], [21, 4, 22, 5], [3, 6, 4, 7], [8, 12, 9, 11], [10, 16, 11, 15], [12, 20, 13, 19], [14, 10, 15, 9]]"
12n_0084_80,"[[14, 10, 15, 9], [16, 24, 17, 23], [18, 14, 19, 13], [1, 20, 2, 21], [5, 22, 6, 23], [24, 18, 1, 17], [7, 2, 8, 3], [21, 4, 22, 5], [3, 6, 4, 7], [8, 12, 9, 11], [10, 16, 11, 15], [12, 20, 13, 19]]"
12n_0084_81,"[[12, 20, 13, 19], [14, 10, 15, 9], [16, 24, 17, 23], [18, 14, 19, 13], [1, 20, 2, 21], [5, 22, 6, 23], [24, 18, 1, 17], [7, 2, 8, 3], [21, 4, 22, 5], [3, 6, 4, 7], [8, 12, 9, 11], [10, 16, 11, 15]]"
12n_0084_82,"[[10, 16, 11, 15], [12, 20, 13, 19], [14, 10, 15, 9], [16, 24, 17, 23], [18, 14, 19, 13], [1, 20, 2, 21], [5, 22, 6, 23], [24, 18, 1, 17], [7, 2, 8, 3], [21, 4, 22, 5], [3, 6, 4, 7], [8, 12, 9, 11]]"
12n_0084_83,"[[8, 12, 9, 11], [10, 16, 11, 15], [12, 20, 13, 19], [14, 10, 15, 9], [16, 24, 17, 23], [18, 14, 19, 13], [1, 20, 2, 21], [5, 22, 6, 23], [24, 18, 1, 17], [7, 2, 8, 3], [21, 4, 22, 5], [3, 6, 4, 7]]"
12n_0084_84,"[[4, 7, 5, 8], [9, 13, 10, 12], [11, 17, 12, 16], [13, 21, 14, 20], [15, 11, 16, 10], [17, 1, 18, 24], [19, 15, 20, 14], [2, 21, 3, 22], [6, 23, 7, 24], [1, 19, 2, 18], [8, 3, 9, 4], [22, 5, 23, 6]]"
12n_0084_85,"[[22, 5, 23, 6], [4, 7, 5, 8], [9, 13, 10, 12], [11, 17, 12, 16], [13, 21, 14, 20], [15, 11, 16, 10], [17, 1, 18, 24], [19, 15, 20, 14], [2, 21, 3, 22], [6, 23, 7, 24], [1, 19, 2, 18], [8, 3, 9, 4]]"
12n_0084_86,"[[8, 3, 9, 4], [22, 5, 23, 6], [4, 7, 5, 8], [9, 13, 10, 12], [11, 17, 12, 16], [13, 21, 14, 20], [15, 11, 16, 10], [17, 1, 18, 24], [19, 15, 20, 14], [2, 21, 3, 22], [6, 23, 7, 24], [1, 19, 2, 18]]"
12n_0084_87,"[[1, 19, 2, 18], [8, 3, 9, 4], [22, 5, 23, 6], [4, 7, 5, 8], [9, 13, 10, 12], [11, 17, 12, 16], [13, 21, 14, 20], [15, 11, 16, 10], [17, 1, 18, 24], [19, 15, 20, 14], [2, 21, 3, 22], [6, 23, 7, 24]]"
12n_0084_88,"[[6, 23, 7, 24], [1, 19, 2, 18], [8, 3, 9, 4], [22, 5, 23, 6], [4, 7, 5, 8], [9, 13, 10, 12], [11, 17, 12, 16], [13, 21, 14, 20], [15, 11, 16, 10], [17, 1, 18, 24], [19, 15, 20, 14], [2, 21, 3, 22]]"
12n_0084_89,"[[2, 21, 3, 22], [6, 23, 7, 24], [1, 19, 2, 18], [8, 3, 9, 4], [22, 5, 23, 6], [4, 7, 5, 8], [9, 13, 10, 12], [11, 17, 12, 16], [13, 21, 14, 20], [15, 11, 16, 10], [17, 1, 18, 24], [19, 15, 20, 14]]"
12n_0084_90,"[[19, 15, 20, 14], [2, 21, 3, 22], [6, 23, 7, 24], [1, 19, 2, 18], [8, 3, 9, 4], [22, 5, 23, 6], [4, 7, 5, 8], [9, 13, 10, 12], [11, 17, 12, 16], [13, 21, 14, 20], [15, 11, 16, 10], [17, 1, 18, 24]]"
12n_0084_91,"[[17, 1, 18, 24], [19, 15, 20, 14], [2, 21, 3, 22], [6, 23, 7, 24], [1, 19, 2, 18], [8, 3, 9, 4], [22, 5, 23, 6], [4, 7, 5, 8], [9, 13, 10, 12], [11, 17, 12, 16], [13, 21, 14, 20], [15, 11, 16, 10]]"
12n_0084_92,"[[15, 11, 16, 10], [17, 1, 18, 24], [19, 15, 20, 14], [2, 21, 3, 22], [6, 23, 7, 24], [1, 19, 2, 18], [8, 3, 9, 4], [22, 5, 23, 6], [4, 7, 5, 8], [9, 13, 10, 12], [11, 17, 12, 16], [13, 21, 14, 20]]"
12n_0084_93,"[[13, 21, 14, 20], [15, 11, 16, 10], [17, 1, 18, 24], [19, 15, 20, 14], [2, 21, 3, 22], [6, 23, 7, 24], [1, 19, 2, 18], [8, 3, 9, 4], [22, 5, 23, 6], [4, 7, 5, 8], [9, 13, 10, 12], [11, 17, 12, 16]]"
12n_0084_94,"[[11, 17, 12, 16], [13, 21, 14, 20], [15, 11, 16, 10], [17, 1, 18, 24], [19, 15, 20, 14], [2, 21, 3, 22], [6, 23, 7, 24], [1, 19, 2, 18], [8, 3, 9, 4], [22, 5, 23, 6], [4, 7, 5, 8], [9, 13, 10, 12]]"
12n_0084_95,"[[9, 13, 10, 12], [11, 17, 12, 16], [13, 21, 14, 20], [15, 11, 16, 10], [17, 1, 18, 24], [19, 15, 20, 14], [2, 21, 3, 22], [6, 23, 7, 24], [1, 19, 2, 18], [8, 3, 9, 4], [22, 5, 23, 6], [4, 7, 5, 8]]"
12n_0084_96,"[[5, 8, 6, 9], [10, 14, 11, 13], [12, 18, 13, 17], [14, 22, 15, 21], [16, 12, 17, 11], [18, 2, 19, 1], [20, 16, 21, 15], [3, 22, 4, 23], [7, 24, 8, 1], [2, 20, 3, 19], [9, 4, 10, 5], [23, 6, 24, 7]]"
12n_0084_97,"[[23, 6, 24, 7], [5, 8, 6, 9], [10, 14, 11, 13], [12, 18, 13, 17], [14, 22, 15, 21], [16, 12, 17, 11], [18, 2, 19, 1], [20, 16, 21, 15], [3, 22, 4, 23], [7, 24, 8, 1], [2, 20, 3, 19], [9, 4, 10, 5]]"
12n_0084_98,"[[9, 4, 10, 5], [23, 6, 24, 7], [5, 8, 6, 9], [10, 14, 11, 13], [12, 18, 13, 17], [14, 22, 15, 21], [16, 12, 17, 11], [18, 2, 19, 1], [20, 16, 21, 15], [3, 22, 4, 23], [7, 24, 8, 1], [2, 20, 3, 19]]"
12n_0084_99,"[[2, 20, 3, 19], [9, 4, 10, 5], [23, 6, 24, 7], [5, 8, 6, 9], [10, 14, 11, 13], [12, 18, 13, 17], [14, 22, 15, 21], [16, 12, 17, 11], [18, 2, 19, 1], [20, 16, 21, 15], [3, 22, 4, 23], [7, 24, 8, 1]]"
12n_0084_100,"[[7, 24, 8, 1], [2, 20, 3, 19], [9, 4, 10, 5], [23, 6, 24, 7], [5, 8, 6, 9], [10, 14, 11, 13], [12, 18, 13, 17], [14, 22, 15, 21], [16, 12, 17, 11], [18, 2, 19, 1], [20, 16, 21, 15], [3, 22, 4, 23]]"
12n_0084_101,"[[3, 22, 4, 23], [7, 24, 8, 1], [2, 20, 3, 19], [9, 4, 10, 5], [23, 6, 24, 7], [5, 8, 6, 9], [10, 14, 11, 13], [12, 18, 13, 17], [14, 22, 15, 21], [16, 12, 17, 11], [18, 2, 19, 1], [20, 16, 21, 15]]"
12n_0084_102,"[[20, 16, 21, 15], [3, 22, 4, 23], [7, 24, 8, 1], [2, 20, 3, 19], [9, 4, 10, 5], [23, 6, 24, 7], [5, 8, 6, 9], [10, 14, 11, 13], [12, 18, 13, 17], [14, 22, 15, 21], [16, 12, 17, 11], [18, 2, 19, 1]]"
12n_0084_103,"[[18, 2, 19, 1], [20, 16, 21, 15], [3, 22, 4, 23], [7, 24, 8, 1], [2, 20, 3, 19], [9, 4, 10, 5], [23, 6, 24, 7], [5, 8, 6, 9], [10, 14, 11, 13], [12, 18, 13, 17], [14, 22, 15, 21], [16, 12, 17, 11]]"
12n_0084_104,"[[16, 12, 17, 11], [18, 2, 19, 1], [20, 16, 21, 15], [3, 22, 4, 23], [7, 24, 8, 1], [2, 20, 3, 19], [9, 4, 10, 5], [23, 6, 24, 7], [5, 8, 6, 9], [10, 14, 11, 13], [12, 18, 13, 17], [14, 22, 15, 21]]"
12n_0084_105,"[[14, 22, 15, 21], [16, 12, 17, 11], [18, 2, 19, 1], [20, 16, 21, 15], [3, 22, 4, 23], [7, 24, 8, 1], [2, 20, 3, 19], [9, 4, 10, 5], [23, 6, 24, 7], [5, 8, 6, 9], [10, 14, 11, 13], [12, 18, 13, 17]]"
12n_0084_106,"[[12, 18, 13, 17], [14, 22, 15, 21], [16, 12, 17, 11], [18, 2, 19, 1], [20, 16, 21, 15], [3, 22, 4, 23], [7, 24, 8, 1], [2, 20, 3, 19], [9, 4, 10, 5], [23, 6, 24, 7], [5, 8, 6, 9], [10, 14, 11, 13]]"
12n_0084_107,"[[10, 14, 11, 13], [12, 18, 13, 17], [14, 22, 15, 21], [16, 12, 17, 11], [18, 2, 19, 1], [20, 16, 21, 15], [3, 22, 4, 23], [7, 24, 8, 1], [2, 20, 3, 19], [9, 4, 10, 5], [23, 6, 24, 7], [5, 8, 6, 9]]"
12n_0084_108,"[[6, 9, 7, 10], [11, 15, 12, 14], [13, 19, 14, 18], [15, 23, 16, 22], [17, 13, 18, 12], [19, 3, 20, 2], [21, 17, 22, 16], [4, 23, 5, 24], [8, 1, 9, 2], [3, 21, 4, 20], [10, 5, 11, 6], [24, 7, 1, 8]]"
12n_0084_109,"[[24, 7, 1, 8], [6, 9, 7, 10], [11, 15, 12, 14], [13, 19, 14, 18], [15, 23, 16, 22], [17, 13, 18, 12], [19, 3, 20, 2], [21, 17, 22, 16], [4, 23, 5, 24], [8, 1, 9, 2], [3, 21, 4, 20], [10, 5, 11, 6]]"
12n_0084_110,"[[10, 5, 11, 6], [24, 7, 1, 8], [6, 9, 7, 10], [11, 15, 12, 14], [13, 19, 14, 18], [15, 23, 16, 22], [17, 13, 18, 12], [19, 3, 20, 2], [21, 17, 22, 16], [4, 23, 5, 24], [8, 1, 9, 2], [3, 21, 4, 20]]"
12n_0084_111,"[[3, 21, 4, 20], [10, 5, 11, 6], [24, 7, 1, 8], [6, 9, 7, 10], [11, 15, 12, 14], [13, 19, 14, 18], [15, 23, 16, 22], [17, 13, 18, 12], [19, 3, 20, 2], [21, 17, 22, 16], [4, 23, 5, 24], [8, 1, 9, 2]]"
12n_0084_112,"[[8, 1, 9, 2], [3, 21, 4, 20], [10, 5, 11, 6], [24, 7, 1, 8], [6, 9, 7, 10], [11, 15, 12, 14], [13, 19, 14, 18], [15, 23, 16, 22], [17, 13, 18, 12], [19, 3, 20, 2], [21, 17, 22, 16], [4, 23, 5, 24]]"
12n_0084_113,"[[4, 23, 5, 24], [8, 1, 9, 2], [3, 21, 4, 20], [10, 5, 11, 6], [24, 7, 1, 8], [6, 9, 7, 10], [11, 15, 12, 14], [13, 19, 14, 18], [15, 23, 16, 22], [17, 13, 18, 12], [19, 3, 20, 2], [21, 17, 22, 16]]"
12n_0084_114,"[[21, 17, 22, 16], [4, 23, 5, 24], [8, 1, 9, 2], [3, 21, 4, 20], [10, 5, 11, 6], [24, 7, 1, 8], [6, 9, 7, 10], [11, 15, 12, 14], [13, 19, 14, 18], [15, 23, 16, 22], [17, 13, 18, 12], [19, 3, 20, 2]]"
12n_0084_115,"[[19, 3, 20, 2], [21, 17, 22, 16], [4, 23, 5, 24], [8, 1, 9, 2], [3, 21, 4, 20], [10, 5, 11, 6], [24, 7, 1, 8], [6, 9, 7, 10], [11, 15, 12, 14], [13, 19, 14, 18], [15, 23, 16, 22], [17, 13, 18, 12]]"
12n_0084_116,"[[17, 13, 18, 12], [19, 3, 20, 2], [21, 17, 22, 16], [4, 23, 5, 24], [8, 1, 9, 2], [3, 21, 4, 20], [10, 5, 11, 6], [24, 7, 1, 8], [6, 9, 7, 10], [11, 15, 12, 14], [13, 19, 14, 18], [15, 23, 16, 22]]"
12n_0084_117,"[[15, 23, 16, 22], [17, 13, 18, 12], [19, 3, 20, 2], [21, 17, 22, 16], [4, 23, 5, 24], [8, 1, 9, 2], [3, 21, 4, 20], [10, 5, 11, 6], [24, 7, 1, 8], [6, 9, 7, 10], [11, 15, 12, 14], [13, 19, 14, 18]]"
12n_0084_118,"[[13, 19, 14, 18], [15, 23, 16, 22], [17, 13, 18, 12], [19, 3, 20, 2], [21, 17, 22, 16], [4, 23, 5, 24], [8, 1, 9, 2], [3, 21, 4, 20], [10, 5, 11, 6], [24, 7, 1, 8], [6, 9, 7, 10], [11, 15, 12, 14]]"
12n_0084_119,"[[11, 15, 12, 14], [13, 19, 14, 18], [15, 23, 16, 22], [17, 13, 18, 12], [19, 3, 20, 2], [21, 17, 22, 16], [4, 23, 5, 24], [8, 1, 9, 2], [3, 21, 4, 20], [10, 5, 11, 6], [24, 7, 1, 8], [6, 9, 7, 10]]"
12n_0084_120,"[[7, 10, 8, 11], [12, 16, 13, 15], [14, 20, 15, 19], [16, 24, 17, 23], [18, 14, 19, 13], [20, 4, 21, 3], [22, 18, 23, 17], [5, 24, 6, 1], [9, 2, 10, 3], [4, 22, 5, 21], [11, 6, 12, 7], [1, 8, 2, 9]]"
12n_0084_121,"[[1, 8, 2, 9], [7, 10, 8, 11], [12, 16, 13, 15], [14, 20, 15, 19], [16, 24, 17, 23], [18, 14, 19, 13], [20, 4, 21, 3], [22, 18, 23, 17], [5, 24, 6, 1], [9, 2, 10, 3], [4, 22, 5, 21], [11, 6, 12, 7]]"
12n_0084_122,"[[11, 6, 12, 7], [1, 8, 2, 9], [7, 10, 8, 11], [12, 16, 13, 15], [14, 20, 15, 19], [16, 24, 17, 23], [18, 14, 19, 13], [20, 4, 21, 3], [22, 18, 23, 17], [5, 24, 6, 1], [9, 2, 10, 3], [4, 22, 5, 21]]"
12n_0084_123,"[[4, 22, 5, 21], [11, 6, 12, 7], [1, 8, 2, 9], [7, 10, 8, 11], [12, 16, 13, 15], [14, 20, 15, 19], [16, 24, 17, 23], [18, 14, 19, 13], [20, 4, 21, 3], [22, 18, 23, 17], [5, 24, 6, 1], [9, 2, 10, 3]]"
12n_0084_124,"[[9, 2, 10, 3], [4, 22, 5, 21], [11, 6, 12, 7], [1, 8, 2, 9], [7, 10, 8, 11], [12, 16, 13, 15], [14, 20, 15, 19], [16, 24, 17, 23], [18, 14, 19, 13], [20, 4, 21, 3], [22, 18, 23, 17], [5, 24, 6, 1]]"
12n_0084_125,"[[5, 24, 6, 1], [9, 2, 10, 3], [4, 22, 5, 21], [11, 6, 12, 7], [1, 8, 2, 9], [7, 10, 8, 11], [12, 16, 13, 15], [14, 20, 15, 19], [16, 24, 17, 23], [18, 14, 19, 13], [20, 4, 21, 3], [22, 18, 23, 17]]"
12n_0084_126,"[[22, 18, 23, 17], [5, 24, 6, 1], [9, 2, 10, 3], [4, 22, 5, 21], [11, 6, 12, 7], [1, 8, 2, 9], [7, 10, 8, 11], [12, 16, 13, 15], [14, 20, 15, 19], [16, 24, 17, 23], [18, 14, 19, 13], [20, 4, 21, 3]]"
12n_0084_127,"[[20, 4, 21, 3], [22, 18, 23, 17], [5, 24, 6, 1], [9, 2, 10, 3], [4, 22, 5, 21], [11, 6, 12, 7], [1, 8, 2, 9], [7, 10, 8, 11], [12, 16, 13, 15], [14, 20, 15, 19], [16, 24, 17, 23], [18, 14, 19, 13]]"
12n_0084_128,"[[18, 14, 19, 13], [20, 4, 21, 3], [22, 18, 23, 17], [5, 24, 6, 1], [9, 2, 10, 3], [4, 22, 5, 21], [11, 6, 12, 7], [1, 8, 2, 9], [7, 10, 8, 11], [12, 16, 13, 15], [14, 20, 15, 19], [16, 24, 17, 23]]"
12n_0084_129,"[[16, 24, 17, 23], [18, 14, 19, 13], [20, 4, 21, 3], [22, 18, 23, 17], [5, 24, 6, 1], [9, 2, 10, 3], [4, 22, 5, 21], [11, 6, 12, 7], [1, 8, 2, 9], [7, 10, 8, 11], [12, 16, 13, 15], [14, 20, 15, 19]]"
12n_0084_130,"[[14, 20, 15, 19], [16, 24, 17, 23], [18, 14, 19, 13], [20, 4, 21, 3], [22, 18, 23, 17], [5, 24, 6, 1], [9, 2, 10, 3], [4, 22, 5, 21], [11, 6, 12, 7], [1, 8, 2, 9], [7, 10, 8, 11], [12, 16, 13, 15]]"
12n_0084_131,"[[12, 16, 13, 15], [14, 20, 15, 19], [16, 24, 17, 23], [18, 14, 19, 13], [20, 4, 21, 3], [22, 18, 23, 17], [5, 24, 6, 1], [9, 2, 10, 3], [4, 22, 5, 21], [11, 6, 12, 7], [1, 8, 2, 9], [7, 10, 8, 11]]"
12n_0084_132,"[[8, 11, 9, 12], [13, 17, 14, 16], [15, 21, 16, 20], [17, 1, 18, 24], [19, 15, 20, 14], [21, 5, 22, 4], [23, 19, 24, 18], [6, 1, 7, 2], [10, 3, 11, 4], [5, 23, 6, 22], [12, 7, 13, 8], [2, 9, 3, 10]]"
12n_0084_133,"[[2, 9, 3, 10], [8, 11, 9, 12], [13, 17, 14, 16], [15, 21, 16, 20], [17, 1, 18, 24], [19, 15, 20, 14], [21, 5, 22, 4], [23, 19, 24, 18], [6, 1, 7, 2], [10, 3, 11, 4], [5, 23, 6, 22], [12, 7, 13, 8]]"
12n_0084_134,"[[12, 7, 13, 8], [2, 9, 3, 10], [8, 11, 9, 12], [13, 17, 14, 16], [15, 21, 16, 20], [17, 1, 18, 24], [19, 15, 20, 14], [21, 5, 22, 4], [23, 19, 24, 18], [6, 1, 7, 2], [10, 3, 11, 4], [5, 23, 6, 22]]"
12n_0084_135,"[[5, 23, 6, 22], [12, 7, 13, 8], [2, 9, 3, 10], [8, 11, 9, 12], [13, 17, 14, 16], [15, 21, 16, 20], [17, 1, 18, 24], [19, 15, 20, 14], [21, 5, 22, 4], [23, 19, 24, 18], [6, 1, 7, 2], [10, 3, 11, 4]]"
12n_0084_136,"[[10, 3, 11, 4], [5, 23, 6, 22], [12, 7, 13, 8], [2, 9, 3, 10], [8, 11, 9, 12], [13, 17, 14, 16], [15, 21, 16, 20], [17, 1, 18, 24], [19, 15, 20, 14], [21, 5, 22, 4], [23, 19, 24, 18], [6, 1, 7, 2]]"
12n_0084_137,"[[6, 1, 7, 2], [10, 3, 11, 4], [5, 23, 6, 22], [12, 7, 13, 8], [2, 9, 3, 10], [8, 11, 9, 12], [13, 17, 14, 16], [15, 21, 16, 20], [17, 1, 18, 24], [19, 15, 20, 14], [21, 5, 22, 4], [23, 19, 24, 18]]"
12n_0084_138,"[[23, 19, 24, 18], [6, 1, 7, 2], [10, 3, 11, 4], [5, 23, 6, 22], [12, 7, 13, 8], [2, 9, 3, 10], [8, 11, 9, 12], [13, 17, 14, 16], [15, 21, 16, 20], [17, 1, 18, 24], [19, 15, 20, 14], [21, 5, 22, 4]]"
12n_0084_139,"[[21, 5, 22, 4], [23, 19, 24, 18], [6, 1, 7, 2], [10, 3, 11, 4], [5, 23, 6, 22], [12, 7, 13, 8], [2, 9, 3, 10], [8, 11, 9, 12], [13, 17, 14, 16], [15, 21, 16, 20], [17, 1, 18, 24], [19, 15, 20, 14]]"
12n_0084_140,"[[19, 15, 20, 14], [21, 5, 22, 4], [23, 19, 24, 18], [6, 1, 7, 2], [10, 3, 11, 4], [5, 23, 6, 22], [12, 7, 13, 8], [2, 9, 3, 10], [8, 11, 9, 12], [13, 17, 14, 16], [15, 21, 16, 20], [17, 1, 18, 24]]"
12n_0084_141,"[[17, 1, 18, 24], [19, 15, 20, 14], [21, 5, 22, 4], [23, 19, 24, 18], [6, 1, 7, 2], [10, 3, 11, 4], [5, 23, 6, 22], [12, 7, 13, 8], [2, 9, 3, 10], [8, 11, 9, 12], [13, 17, 14, 16], [15, 21, 16, 20]]"
12n_0084_142,"[[15, 21, 16, 20], [17, 1, 18, 24], [19, 15, 20, 14], [21, 5, 22, 4], [23, 19, 24, 18], [6, 1, 7, 2], [10, 3, 11, 4], [5, 23, 6, 22], [12, 7, 13, 8], [2, 9, 3, 10], [8, 11, 9, 12], [13, 17, 14, 16]]"
12n_0084_143,"[[13, 17, 14, 16], [15, 21, 16, 20], [17, 1, 18, 24], [19, 15, 20, 14], [21, 5, 22, 4], [23, 19, 24, 18], [6, 1, 7, 2], [10, 3, 11, 4], [5, 23, 6, 22], [12, 7, 13, 8], [2, 9, 3, 10], [8, 11, 9, 12]]"
12n_0084_144,"[[9, 12, 10, 13], [14, 18, 15, 17], [16, 22, 17, 21], [18, 2, 19, 1], [20, 16, 21, 15], [22, 6, 23, 5], [24, 20, 1, 19], [7, 2, 8, 3], [11, 4, 12, 5], [6, 24, 7, 23], [13, 8, 14, 9], [3, 10, 4, 11]]"
12n_0084_145,"[[3, 10, 4, 11], [9, 12, 10, 13], [14, 18, 15, 17], [16, 22, 17, 21], [18, 2, 19, 1], [20, 16, 21, 15], [22, 6, 23, 5], [24, 20, 1, 19], [7, 2, 8, 3], [11, 4, 12, 5], [6, 24, 7, 23], [13, 8, 14, 9]]"
12n_0084_146,"[[13, 8, 14, 9], [3, 10, 4, 11], [9, 12, 10, 13], [14, 18, 15, 17], [16, 22, 17, 21], [18, 2, 19, 1], [20, 16, 21, 15], [22, 6, 23, 5], [24, 20, 1, 19], [7, 2, 8, 3], [11, 4, 12, 5], [6, 24, 7, 23]]"
12n_0084_147,"[[6, 24, 7, 23], [13, 8, 14, 9], [3, 10, 4, 11], [9, 12, 10, 13], [14, 18, 15, 17], [16, 22, 17, 21], [18, 2, 19, 1], [20, 16, 21, 15], [22, 6, 23, 5], [24, 20, 1, 19], [7, 2, 8, 3], [11, 4, 12, 5]]"
12n_0084_148,"[[11, 4, 12, 5], [6, 24, 7, 23], [13, 8, 14, 9], [3, 10, 4, 11], [9, 12, 10, 13], [14, 18, 15, 17], [16, 22, 17, 21], [18, 2, 19, 1], [20, 16, 21, 15], [22, 6, 23, 5], [24, 20, 1, 19], [7, 2, 8, 3]]"
12n_0084_149,"[[7, 2, 8, 3], [11, 4, 12, 5], [6, 24, 7, 23], [13, 8, 14, 9], [3, 10, 4, 11], [9, 12, 10, 13], [14, 18, 15, 17], [16, 22, 17, 21], [18, 2, 19, 1], [20, 16, 21, 15], [22, 6, 23, 5], [24, 20, 1, 19]]"
12n_0084_150,"[[24, 20, 1, 19], [7, 2, 8, 3], [11, 4, 12, 5], [6, 24, 7, 23], [13, 8, 14, 9], [3, 10, 4, 11], [9, 12, 10, 13], [14, 18, 15, 17], [16, 22, 17, 21], [18, 2, 19, 1], [20, 16, 21, 15], [22, 6, 23, 5]]"
12n_0084_151,"[[22, 6, 23, 5], [24, 20, 1, 19], [7, 2, 8, 3], [11, 4, 12, 5], [6, 24, 7, 23], [13, 8, 14, 9], [3, 10, 4, 11], [9, 12, 10, 13], [14, 18, 15, 17], [16, 22, 17, 21], [18, 2, 19, 1], [20, 16, 21, 15]]"
12n_0084_152,"[[20, 16, 21, 15], [22, 6, 23, 5], [24, 20, 1, 19], [7, 2, 8, 3], [11, 4, 12, 5], [6, 24, 7, 23], [13, 8, 14, 9], [3, 10, 4, 11], [9, 12, 10, 13], [14, 18, 15, 17], [16, 22, 17, 21], [18, 2, 19, 1]]"
12n_0084_153,"[[18, 2, 19, 1], [20, 16, 21, 15], [22, 6, 23, 5], [24, 20, 1, 19], [7, 2, 8, 3], [11, 4, 12, 5], [6, 24, 7, 23], [13, 8, 14, 9], [3, 10, 4, 11], [9, 12, 10, 13], [14, 18, 15, 17], [16, 22, 17, 21]]"
12n_0084_154,"[[16, 22, 17, 21], [18, 2, 19, 1], [20, 16, 21, 15], [22, 6, 23, 5], [24, 20, 1, 19], [7, 2, 8, 3], [11, 4, 12, 5], [6, 24, 7, 23], [13, 8, 14, 9], [3, 10, 4, 11], [9, 12, 10, 13], [14, 18, 15, 17]]"
12n_0084_155,"[[14, 18, 15, 17], [16, 22, 17, 21], [18, 2, 19, 1], [20, 16, 21, 15], [22, 6, 23, 5], [24, 20, 1, 19], [7, 2, 8, 3], [11, 4, 12, 5], [6, 24, 7, 23], [13, 8, 14, 9], [3, 10, 4, 11], [9, 12, 10, 13]]"
12n_0084_156,"[[10, 13, 11, 14], [15, 19, 16, 18], [17, 23, 18, 22], [19, 3, 20, 2], [21, 17, 22, 16], [23, 7, 24, 6], [1, 21, 2, 20], [8, 3, 9, 4], [12, 5, 13, 6], [7, 1, 8, 24], [14, 9, 15, 10], [4, 11, 5, 12]]"
12n_0084_157,"[[4, 11, 5, 12], [10, 13, 11, 14], [15, 19, 16, 18], [17, 23, 18, 22], [19, 3, 20, 2], [21, 17, 22, 16], [23, 7, 24, 6], [1, 21, 2, 20], [8, 3, 9, 4], [12, 5, 13, 6], [7, 1, 8, 24], [14, 9, 15, 10]]"
12n_0084_158,"[[14, 9, 15, 10], [4, 11, 5, 12], [10, 13, 11, 14], [15, 19, 16, 18], [17, 23, 18, 22], [19, 3, 20, 2], [21, 17, 22, 16], [23, 7, 24, 6], [1, 21, 2, 20], [8, 3, 9, 4], [12, 5, 13, 6], [7, 1, 8, 24]]"
12n_0084_159,"[[7, 1, 8, 24], [14, 9, 15, 10], [4, 11, 5, 12], [10, 13, 11, 14], [15, 19, 16, 18], [17, 23, 18, 22], [19, 3, 20, 2], [21, 17, 22, 16], [23, 7, 24, 6], [1, 21, 2, 20], [8, 3, 9, 4], [12, 5, 13, 6]]"
12n_0084_160,"[[12, 5, 13, 6], [7, 1, 8, 24], [14, 9, 15, 10], [4, 11, 5, 12], [10, 13, 11, 14], [15, 19, 16, 18], [17, 23, 18, 22], [19, 3, 20, 2], [21, 17, 22, 16], [23, 7, 24, 6], [1, 21, 2, 20], [8, 3, 9, 4]]"
12n_0084_161,"[[8, 3, 9, 4], [12, 5, 13, 6], [7, 1, 8, 24], [14, 9, 15, 10], [4, 11, 5, 12], [10, 13, 11, 14], [15, 19, 16, 18], [17, 23, 18, 22], [19, 3, 20, 2], [21, 17, 22, 16], [23, 7, 24, 6], [1, 21, 2, 20]]"
12n_0084_162,"[[1, 21, 2, 20], [8, 3, 9, 4], [12, 5, 13, 6], [7, 1, 8, 24], [14, 9, 15, 10], [4, 11, 5, 12], [10, 13, 11, 14], [15, 19, 16, 18], [17, 23, 18, 22], [19, 3, 20, 2], [21, 17, 22, 16], [23, 7, 24, 6]]"
12n_0084_163,"[[23, 7, 24, 6], [1, 21, 2, 20], [8, 3, 9, 4], [12, 5, 13, 6], [7, 1, 8, 24], [14, 9, 15, 10], [4, 11, 5, 12], [10, 13, 11, 14], [15, 19, 16, 18], [17, 23, 18, 22], [19, 3, 20, 2], [21, 17, 22, 16]]"
12n_0084_164,"[[21, 17, 22, 16], [23, 7, 24, 6], [1, 21, 2, 20], [8, 3, 9, 4], [12, 5, 13, 6], [7, 1, 8, 24], [14, 9, 15, 10], [4, 11, 5, 12], [10, 13, 11, 14], [15, 19, 16, 18], [17, 23, 18, 22], [19, 3, 20, 2]]"
12n_0084_165,"[[19, 3, 20, 2], [21, 17, 22, 16], [23, 7, 24, 6], [1, 21, 2, 20], [8, 3, 9, 4], [12, 5, 13, 6], [7, 1, 8, 24], [14, 9, 15, 10], [4, 11, 5, 12], [10, 13, 11, 14], [15, 19, 16, 18], [17, 23, 18, 22]]"
12n_0084_166,"[[17, 23, 18, 22], [19, 3, 20, 2], [21, 17, 22, 16], [23, 7, 24, 6], [1, 21, 2, 20], [8, 3, 9, 4], [12, 5, 13, 6], [7, 1, 8, 24], [14, 9, 15, 10], [4, 11, 5, 12], [10, 13, 11, 14], [15, 19, 16, 18]]"
12n_0084_167,"[[15, 19, 16, 18], [17, 23, 18, 22], [19, 3, 20, 2], [21, 17, 22, 16], [23, 7, 24, 6], [1, 21, 2, 20], [8, 3, 9, 4], [12, 5, 13, 6], [7, 1, 8, 24], [14, 9, 15, 10], [4, 11, 5, 12], [10, 13, 11, 14]]"
12n_0084_168,"[[11, 14, 12, 15], [16, 20, 17, 19], [18, 24, 19, 23], [20, 4, 21, 3], [22, 18, 23, 17], [24, 8, 1, 7], [2, 22, 3, 21], [9, 4, 10, 5], [13, 6, 14, 7], [8, 2, 9, 1], [15, 10, 16, 11], [5, 12, 6, 13]]"
12n_0084_169,"[[5, 12, 6, 13], [11, 14, 12, 15], [16, 20, 17, 19], [18, 24, 19, 23], [20, 4, 21, 3], [22, 18, 23, 17], [24, 8, 1, 7], [2, 22, 3, 21], [9, 4, 10, 5], [13, 6, 14, 7], [8, 2, 9, 1], [15, 10, 16, 11]]"
12n_0084_170,"[[15, 10, 16, 11], [5, 12, 6, 13], [11, 14, 12, 15], [16, 20, 17, 19], [18, 24, 19, 23], [20, 4, 21, 3], [22, 18, 23, 17], [24, 8, 1, 7], [2, 22, 3, 21], [9, 4, 10, 5], [13, 6, 14, 7], [8, 2, 9, 1]]"
12n_0084_171,"[[8, 2, 9, 1], [15, 10, 16, 11], [5, 12, 6, 13], [11, 14, 12, 15], [16, 20, 17, 19], [18, 24, 19, 23], [20, 4, 21, 3], [22, 18, 23, 17], [24, 8, 1, 7], [2, 22, 3, 21], [9, 4, 10, 5], [13, 6, 14, 7]]"
12n_0084_172,"[[13, 6, 14, 7], [8, 2, 9, 1], [15, 10, 16, 11], [5, 12, 6, 13], [11, 14, 12, 15], [16, 20, 17, 19], [18, 24, 19, 23], [20, 4, 21, 3], [22, 18, 23, 17], [24, 8, 1, 7], [2, 22, 3, 21], [9, 4, 10, 5]]"
12n_0084_173,"[[9, 4, 10, 5], [13, 6, 14, 7], [8, 2, 9, 1], [15, 10, 16, 11], [5, 12, 6, 13], [11, 14, 12, 15], [16, 20, 17, 19], [18, 24, 19, 23], [20, 4, 21, 3], [22, 18, 23, 17], [24, 8, 1, 7], [2, 22, 3, 21]]"
12n_0084_174,"[[2, 22, 3, 21], [9, 4, 10, 5], [13, 6, 14, 7], [8, 2, 9, 1], [15, 10, 16, 11], [5, 12, 6, 13], [11, 14, 12, 15], [16, 20, 17, 19], [18, 24, 19, 23], [20, 4, 21, 3], [22, 18, 23, 17], [24, 8, 1, 7]]"
12n_0084_175,"[[24, 8, 1, 7], [2, 22, 3, 21], [9, 4, 10, 5], [13, 6, 14, 7], [8, 2, 9, 1], [15, 10, 16, 11], [5, 12, 6, 13], [11, 14, 12, 15], [16, 20, 17, 19], [18, 24, 19, 23], [20, 4, 21, 3], [22, 18, 23, 17]]"
12n_0084_176,"[[22, 18, 23, 17], [24, 8, 1, 7], [2, 22, 3, 21], [9, 4, 10, 5], [13, 6, 14, 7], [8, 2, 9, 1], [15, 10, 16, 11], [5, 12, 6, 13], [11, 14, 12, 15], [16, 20, 17, 19], [18, 24, 19, 23], [20, 4, 21, 3]]"
12n_0084_177,"[[20, 4, 21, 3], [22, 18, 23, 17], [24, 8, 1, 7], [2, 22, 3, 21], [9, 4, 10, 5], [13, 6, 14, 7], [8, 2, 9, 1], [15, 10, 16, 11], [5, 12, 6, 13], [11, 14, 12, 15], [16, 20, 17, 19], [18, 24, 19, 23]]"
12n_0084_178,"[[18, 24, 19, 23], [20, 4, 21, 3], [22, 18, 23, 17], [24, 8, 1, 7], [2, 22, 3, 21], [9, 4, 10, 5], [13, 6, 14, 7], [8, 2, 9, 1], [15, 10, 16, 11], [5, 12, 6, 13], [11, 14, 12, 15], [16, 20, 17, 19]]"
12n_0084_179,"[[16, 20, 17, 19], [18, 24, 19, 23], [20, 4, 21, 3], [22, 18, 23, 17], [24, 8, 1, 7], [2, 22, 3, 21], [9, 4, 10, 5], [13, 6, 14, 7], [8, 2, 9, 1], [15, 10, 16, 11], [5, 12, 6, 13], [11, 14, 12, 15]]"
12n_0084_180,"[[12, 15, 13, 16], [17, 21, 18, 20], [19, 1, 20, 24], [21, 5, 22, 4], [23, 19, 24, 18], [1, 9, 2, 8], [3, 23, 4, 22], [10, 5, 11, 6], [14, 7, 15, 8], [9, 3, 10, 2], [16, 11, 17, 12], [6, 13, 7, 14]]"
12n_0084_181,"[[6, 13, 7, 14], [12, 15, 13, 16], [17, 21, 18, 20], [19, 1, 20, 24], [21, 5, 22, 4], [23, 19, 24, 18], [1, 9, 2, 8], [3, 23, 4, 22], [10, 5, 11, 6], [14, 7, 15, 8], [9, 3, 10, 2], [16, 11, 17, 12]]"
12n_0084_182,"[[16, 11, 17, 12], [6, 13, 7, 14], [12, 15, 13, 16], [17, 21, 18, 20], [19, 1, 20, 24], [21, 5, 22, 4], [23, 19, 24, 18], [1, 9, 2, 8], [3, 23, 4, 22], [10, 5, 11, 6], [14, 7, 15, 8], [9, 3, 10, 2]]"
12n_0084_183,"[[9, 3, 10, 2], [16, 11, 17, 12], [6, 13, 7, 14], [12, 15, 13, 16], [17, 21, 18, 20], [19, 1, 20, 24], [21, 5, 22, 4], [23, 19, 24, 18], [1, 9, 2, 8], [3, 23, 4, 22], [10, 5, 11, 6], [14, 7, 15, 8]]"
12n_0084_184,"[[14, 7, 15, 8], [9, 3, 10, 2], [16, 11, 17, 12], [6, 13, 7, 14], [12, 15, 13, 16], [17, 21, 18, 20], [19, 1, 20, 24], [21, 5, 22, 4], [23, 19, 24, 18], [1, 9, 2, 8], [3, 23, 4, 22], [10, 5, 11, 6]]"
12n_0084_185,"[[10, 5, 11, 6], [14, 7, 15, 8], [9, 3, 10, 2], [16, 11, 17, 12], [6, 13, 7, 14], [12, 15, 13, 16], [17, 21, 18, 20], [19, 1, 20, 24], [21, 5, 22, 4], [23, 19, 24, 18], [1, 9, 2, 8], [3, 23, 4, 22]]"
