name,pd_notation
12n_0454_0,"[[19, 24, 20, 1], [2, 6, 3, 5], [4, 12, 5, 11], [17, 6, 18, 7], [15, 8, 16, 9], [10, 4, 11, 3], [21, 12, 22, 13], [9, 14, 10, 15], [7, 16, 8, 17], [23, 18, 24, 19], [1, 20, 2, 21], [13, 22, 14, 23]]"
12n_0454_1,"[[13, 22, 14, 23], [19, 24, 20, 1], [2, 6, 3, 5], [4, 12, 5, 11], [17, 6, 18, 7], [15, 8, 16, 9], [10, 4, 11, 3], [21, 12, 22, 13], [9, 14, 10, 15], [7, 16, 8, 17], [23, 18, 24, 19], [1, 20, 2, 21]]"
12n_0454_2,"[[1, 20, 2, 21], [13, 22, 14, 23], [19, 24, 20, 1], [2, 6, 3, 5], [4, 12, 5, 11], [17, 6, 18, 7], [15, 8, 16, 9], [10, 4, 11, 3], [21, 12, 22, 13], [9, 14, 10, 15], [7, 16, 8, 17], [23, 18, 24, 19]]"
12n_0454_3,"[[23, 18, 24, 19], [1, 20, 2, 21], [13, 22, 14, 23], [19, 24, 20, 1], [2, 6, 3, 5], [4, 12, 5, 11], [17, 6, 18, 7], [15, 8, 16, 9], [10, 4, 11, 3], [21, 12, 22, 13], [9, 14, 10, 15], [7, 16, 8, 17]]"
12n_0454_4,"[[7, 16, 8, 17], [23, 18, 24, 19], [1, 20, 2, 21], [13, 22, 14, 23], [19, 24, 20, 1], [2, 6, 3, 5], [4, 12, 5, 11], [17, 6, 18, 7], [15, 8, 16, 9], [10, 4, 11, 3], [21, 12, 22, 13], [9, 14, 10, 15]]"
12n_0454_5,"[[9, 14, 10, 15], [7, 16, 8, 17], [23, 18, 24, 19], [1, 20, 2, 21], [13, 22, 14, 23], [19, 24, 20, 1], [2, 6, 3, 5], [4, 12, 5, 11], [17, 6, 18, 7], [15, 8, 16, 9], [10, 4, 11, 3], [21, 12, 22, 13]]"
12n_0454_6,"[[21, 12, 22, 13], [9, 14, 10, 15], [7, 16, 8, 17], [23, 18, 24, 19], [1, 20, 2, 21], [13, 22, 14, 23], [19, 24, 20, 1], [2, 6, 3, 5], [4, 12, 5, 11], [17, 6, 18, 7], [15, 8, 16, 9], [10, 4, 11, 3]]"
12n_0454_7,"[[10, 4, 11, 3], [21, 12, 22, 13], [9, 14, 10, 15], [7, 16, 8, 17], [23, 18, 24, 19], [1, 20, 2, 21], [13, 22, 14, 23], [19, 24, 20, 1], [2, 6, 3, 5], [4, 12, 5, 11], [17, 6, 18, 7], [15, 8, 16, 9]]"
12n_0454_8,"[[15, 8, 16, 9], [10, 4, 11, 3], [21, 12, 22, 13], [9, 14, 10, 15], [7, 16, 8, 17], [23, 18, 24, 19], [1, 20, 2, 21], [13, 22, 14, 23], [19, 24, 20, 1], [2, 6, 3, 5], [4, 12, 5, 11], [17, 6, 18, 7]]"
12n_0454_9,"[[17, 6, 18, 7], [15, 8, 16, 9], [10, 4, 11, 3], [21, 12, 22, 13], [9, 14, 10, 15], [7, 16, 8, 17], [23, 18, 24, 19], [1, 20, 2, 21], [13, 22, 14, 23], [19, 24, 20, 1], [2, 6, 3, 5], [4, 12, 5, 11]]"
12n_0454_10,"[[4, 12, 5, 11], [17, 6, 18, 7], [15, 8, 16, 9], [10, 4, 11, 3], [21, 12, 22, 13], [9, 14, 10, 15], [7, 16, 8, 17], [23, 18, 24, 19], [1, 20, 2, 21], [13, 22, 14, 23], [19, 24, 20, 1], [2, 6, 3, 5]]"
12n_0454_11,"[[2, 6, 3, 5], [4, 12, 5, 11], [17, 6, 18, 7], [15, 8, 16, 9], [10, 4, 11, 3], [21, 12, 22, 13], [9, 14, 10, 15], [7, 16, 8, 17], [23, 18, 24, 19], [1, 20, 2, 21], [13, 22, 14, 23], [19, 24, 20, 1]]"
12n_0454_12,"[[20, 1, 21, 2], [3, 7, 4, 6], [5, 13, 6, 12], [18, 7, 19, 8], [16, 9, 17, 10], [11, 5, 12, 4], [22, 13, 23, 14], [10, 15, 11, 16], [8, 17, 9, 18], [24, 19, 1, 20], [2, 21, 3, 22], [14, 23, 15, 24]]"
12n_0454_13,"[[14, 23, 15, 24], [20, 1, 21, 2], [3, 7, 4, 6], [5, 13, 6, 12], [18, 7, 19, 8], [16, 9, 17, 10], [11, 5, 12, 4], [22, 13, 23, 14], [10, 15, 11, 16], [8, 17, 9, 18], [24, 19, 1, 20], [2, 21, 3, 22]]"
12n_0454_14,"[[2, 21, 3, 22], [14, 23, 15, 24], [20, 1, 21, 2], [3, 7, 4, 6], [5, 13, 6, 12], [18, 7, 19, 8], [16, 9, 17, 10], [11, 5, 12, 4], [22, 13, 23, 14], [10, 15, 11, 16], [8, 17, 9, 18], [24, 19, 1, 20]]"
12n_0454_15,"[[24, 19, 1, 20], [2, 21, 3, 22], [14, 23, 15, 24], [20, 1, 21, 2], [3, 7, 4, 6], [5, 13, 6, 12], [18, 7, 19, 8], [16, 9, 17, 10], [11, 5, 12, 4], [22, 13, 23, 14], [10, 15, 11, 16], [8, 17, 9, 18]]"
12n_0454_16,"[[8, 17, 9, 18], [24, 19, 1, 20], [2, 21, 3, 22], [14, 23, 15, 24], [20, 1, 21, 2], [3, 7, 4, 6], [5, 13, 6, 12], [18, 7, 19, 8], [16, 9, 17, 10], [11, 5, 12, 4], [22, 13, 23, 14], [10, 15, 11, 16]]"
12n_0454_17,"[[10, 15, 11, 16], [8, 17, 9, 18], [24, 19, 1, 20], [2, 21, 3, 22], [14, 23, 15, 24], [20, 1, 21, 2], [3, 7, 4, 6], [5, 13, 6, 12], [18, 7, 19, 8], [16, 9, 17, 10], [11, 5, 12, 4], [22, 13, 23, 14]]"
12n_0454_18,"[[22, 13, 23, 14], [10, 15, 11, 16], [8, 17, 9, 18], [24, 19, 1, 20], [2, 21, 3, 22], [14, 23, 15, 24], [20, 1, 21, 2], [3, 7, 4, 6], [5, 13, 6, 12], [18, 7, 19, 8], [16, 9, 17, 10], [11, 5, 12, 4]]"
12n_0454_19,"[[11, 5, 12, 4], [22, 13, 23, 14], [10, 15, 11, 16], [8, 17, 9, 18], [24, 19, 1, 20], [2, 21, 3, 22], [14, 23, 15, 24], [20, 1, 21, 2], [3, 7, 4, 6], [5, 13, 6, 12], [18, 7, 19, 8], [16, 9, 17, 10]]"
12n_0454_20,"[[16, 9, 17, 10], [11, 5, 12, 4], [22, 13, 23, 14], [10, 15, 11, 16], [8, 17, 9, 18], [24, 19, 1, 20], [2, 21, 3, 22], [14, 23, 15, 24], [20, 1, 21, 2], [3, 7, 4, 6], [5, 13, 6, 12], [18, 7, 19, 8]]"
12n_0454_21,"[[18, 7, 19, 8], [16, 9, 17, 10], [11, 5, 12, 4], [22, 13, 23, 14], [10, 15, 11, 16], [8, 17, 9, 18], [24, 19, 1, 20], [2, 21, 3, 22], [14, 23, 15, 24], [20, 1, 21, 2], [3, 7, 4, 6], [5, 13, 6, 12]]"
12n_0454_22,"[[5, 13, 6, 12], [18, 7, 19, 8], [16, 9, 17, 10], [11, 5, 12, 4], [22, 13, 23, 14], [10, 15, 11, 16], [8, 17, 9, 18], [24, 19, 1, 20], [2, 21, 3, 22], [14, 23, 15, 24], [20, 1, 21, 2], [3, 7, 4, 6]]"
12n_0454_23,"[[3, 7, 4, 6], [5, 13, 6, 12], [18, 7, 19, 8], [16, 9, 17, 10], [11, 5, 12, 4], [22, 13, 23, 14], [10, 15, 11, 16], [8, 17, 9, 18], [24, 19, 1, 20], [2, 21, 3, 22], [14, 23, 15, 24], [20, 1, 21, 2]]"
12n_0454_24,"[[21, 2, 22, 3], [4, 8, 5, 7], [6, 14, 7, 13], [19, 8, 20, 9], [17, 10, 18, 11], [12, 6, 13, 5], [23, 14, 24, 15], [11, 16, 12, 17], [9, 18, 10, 19], [1, 20, 2, 21], [3, 22, 4, 23], [15, 24, 16, 1]]"
12n_0454_25,"[[15, 24, 16, 1], [21, 2, 22, 3], [4, 8, 5, 7], [6, 14, 7, 13], [19, 8, 20, 9], [17, 10, 18, 11], [12, 6, 13, 5], [23, 14, 24, 15], [11, 16, 12, 17], [9, 18, 10, 19], [1, 20, 2, 21], [3, 22, 4, 23]]"
12n_0454_26,"[[3, 22, 4, 23], [15, 24, 16, 1], [21, 2, 22, 3], [4, 8, 5, 7], [6, 14, 7, 13], [19, 8, 20, 9], [17, 10, 18, 11], [12, 6, 13, 5], [23, 14, 24, 15], [11, 16, 12, 17], [9, 18, 10, 19], [1, 20, 2, 21]]"
12n_0454_27,"[[1, 20, 2, 21], [3, 22, 4, 23], [15, 24, 16, 1], [21, 2, 22, 3], [4, 8, 5, 7], [6, 14, 7, 13], [19, 8, 20, 9], [17, 10, 18, 11], [12, 6, 13, 5], [23, 14, 24, 15], [11, 16, 12, 17], [9, 18, 10, 19]]"
12n_0454_28,"[[9, 18, 10, 19], [1, 20, 2, 21], [3, 22, 4, 23], [15, 24, 16, 1], [21, 2, 22, 3], [4, 8, 5, 7], [6, 14, 7, 13], [19, 8, 20, 9], [17, 10, 18, 11], [12, 6, 13, 5], [23, 14, 24, 15], [11, 16, 12, 17]]"
12n_0454_29,"[[11, 16, 12, 17], [9, 18, 10, 19], [1, 20, 2, 21], [3, 22, 4, 23], [15, 24, 16, 1], [21, 2, 22, 3], [4, 8, 5, 7], [6, 14, 7, 13], [19, 8, 20, 9], [17, 10, 18, 11], [12, 6, 13, 5], [23, 14, 24, 15]]"
12n_0454_30,"[[23, 14, 24, 15], [11, 16, 12, 17], [9, 18, 10, 19], [1, 20, 2, 21], [3, 22, 4, 23], [15, 24, 16, 1], [21, 2, 22, 3], [4, 8, 5, 7], [6, 14, 7, 13], [19, 8, 20, 9], [17, 10, 18, 11], [12, 6, 13, 5]]"
12n_0454_31,"[[12, 6, 13, 5], [23, 14, 24, 15], [11, 16, 12, 17], [9, 18, 10, 19], [1, 20, 2, 21], [3, 22, 4, 23], [15, 24, 16, 1], [21, 2, 22, 3], [4, 8, 5, 7], [6, 14, 7, 13], [19, 8, 20, 9], [17, 10, 18, 11]]"
12n_0454_32,"[[17, 10, 18, 11], [12, 6, 13, 5], [23, 14, 24, 15], [11, 16, 12, 17], [9, 18, 10, 19], [1, 20, 2, 21], [3, 22, 4, 23], [15, 24, 16, 1], [21, 2, 22, 3], [4, 8, 5, 7], [6, 14, 7, 13], [19, 8, 20, 9]]"
12n_0454_33,"[[19, 8, 20, 9], [17, 10, 18, 11], [12, 6, 13, 5], [23, 14, 24, 15], [11, 16, 12, 17], [9, 18, 10, 19], [1, 20, 2, 21], [3, 22, 4, 23], [15, 24, 16, 1], [21, 2, 22, 3], [4, 8, 5, 7], [6, 14, 7, 13]]"
12n_0454_34,"[[6, 14, 7, 13], [19, 8, 20, 9], [17, 10, 18, 11], [12, 6, 13, 5], [23, 14, 24, 15], [11, 16, 12, 17], [9, 18, 10, 19], [1, 20, 2, 21], [3, 22, 4, 23], [15, 24, 16, 1], [21, 2, 22, 3], [4, 8, 5, 7]]"
12n_0454_35,"[[4, 8, 5, 7], [6, 14, 7, 13], [19, 8, 20, 9], [17, 10, 18, 11], [12, 6, 13, 5], [23, 14, 24, 15], [11, 16, 12, 17], [9, 18, 10, 19], [1, 20, 2, 21], [3, 22, 4, 23], [15, 24, 16, 1], [21, 2, 22, 3]]"
12n_0454_36,"[[22, 3, 23, 4], [5, 9, 6, 8], [7, 15, 8, 14], [20, 9, 21, 10], [18, 11, 19, 12], [13, 7, 14, 6], [24, 15, 1, 16], [12, 17, 13, 18], [10, 19, 11, 20], [2, 21, 3, 22], [4, 23, 5, 24], [16, 1, 17, 2]]"
12n_0454_37,"[[16, 1, 17, 2], [22, 3, 23, 4], [5, 9, 6, 8], [7, 15, 8, 14], [20, 9, 21, 10], [18, 11, 19, 12], [13, 7, 14, 6], [24, 15, 1, 16], [12, 17, 13, 18], [10, 19, 11, 20], [2, 21, 3, 22], [4, 23, 5, 24]]"
12n_0454_38,"[[4, 23, 5, 24], [16, 1, 17, 2], [22, 3, 23, 4], [5, 9, 6, 8], [7, 15, 8, 14], [20, 9, 21, 10], [18, 11, 19, 12], [13, 7, 14, 6], [24, 15, 1, 16], [12, 17, 13, 18], [10, 19, 11, 20], [2, 21, 3, 22]]"
12n_0454_39,"[[2, 21, 3, 22], [4, 23, 5, 24], [16, 1, 17, 2], [22, 3, 23, 4], [5, 9, 6, 8], [7, 15, 8, 14], [20, 9, 21, 10], [18, 11, 19, 12], [13, 7, 14, 6], [24, 15, 1, 16], [12, 17, 13, 18], [10, 19, 11, 20]]"
12n_0454_40,"[[10, 19, 11, 20], [2, 21, 3, 22], [4, 23, 5, 24], [16, 1, 17, 2], [22, 3, 23, 4], [5, 9, 6, 8], [7, 15, 8, 14], [20, 9, 21, 10], [18, 11, 19, 12], [13, 7, 14, 6], [24, 15, 1, 16], [12, 17, 13, 18]]"
12n_0454_41,"[[12, 17, 13, 18], [10, 19, 11, 20], [2, 21, 3, 22], [4, 23, 5, 24], [16, 1, 17, 2], [22, 3, 23, 4], [5, 9, 6, 8], [7, 15, 8, 14], [20, 9, 21, 10], [18, 11, 19, 12], [13, 7, 14, 6], [24, 15, 1, 16]]"
12n_0454_42,"[[24, 15, 1, 16], [12, 17, 13, 18], [10, 19, 11, 20], [2, 21, 3, 22], [4, 23, 5, 24], [16, 1, 17, 2], [22, 3, 23, 4], [5, 9, 6, 8], [7, 15, 8, 14], [20, 9, 21, 10], [18, 11, 19, 12], [13, 7, 14, 6]]"
12n_0454_43,"[[13, 7, 14, 6], [24, 15, 1, 16], [12, 17, 13, 18], [10, 19, 11, 20], [2, 21, 3, 22], [4, 23, 5, 24], [16, 1, 17, 2], [22, 3, 23, 4], [5, 9, 6, 8], [7, 15, 8, 14], [20, 9, 21, 10], [18, 11, 19, 12]]"
12n_0454_44,"[[18, 11, 19, 12], [13, 7, 14, 6], [24, 15, 1, 16], [12, 17, 13, 18], [10, 19, 11, 20], [2, 21, 3, 22], [4, 23, 5, 24], [16, 1, 17, 2], [22, 3, 23, 4], [5, 9, 6, 8], [7, 15, 8, 14], [20, 9, 21, 10]]"
12n_0454_45,"[[20, 9, 21, 10], [18, 11, 19, 12], [13, 7, 14, 6], [24, 15, 1, 16], [12, 17, 13, 18], [10, 19, 11, 20], [2, 21, 3, 22], [4, 23, 5, 24], [16, 1, 17, 2], [22, 3, 23, 4], [5, 9, 6, 8], [7, 15, 8, 14]]"
12n_0454_46,"[[7, 15, 8, 14], [20, 9, 21, 10], [18, 11, 19, 12], [13, 7, 14, 6], [24, 15, 1, 16], [12, 17, 13, 18], [10, 19, 11, 20], [2, 21, 3, 22], [4, 23, 5, 24], [16, 1, 17, 2], [22, 3, 23, 4], [5, 9, 6, 8]]"
12n_0454_47,"[[5, 9, 6, 8], [7, 15, 8, 14], [20, 9, 21, 10], [18, 11, 19, 12], [13, 7, 14, 6], [24, 15, 1, 16], [12, 17, 13, 18], [10, 19, 11, 20], [2, 21, 3, 22], [4, 23, 5, 24], [16, 1, 17, 2], [22, 3, 23, 4]]"
12n_0454_48,"[[23, 4, 24, 5], [6, 10, 7, 9], [8, 16, 9, 15], [21, 10, 22, 11], [19, 12, 20, 13], [14, 8, 15, 7], [1, 16, 2, 17], [13, 18, 14, 19], [11, 20, 12, 21], [3, 22, 4, 23], [5, 24, 6, 1], [17, 2, 18, 3]]"
12n_0454_49,"[[17, 2, 18, 3], [23, 4, 24, 5], [6, 10, 7, 9], [8, 16, 9, 15], [21, 10, 22, 11], [19, 12, 20, 13], [14, 8, 15, 7], [1, 16, 2, 17], [13, 18, 14, 19], [11, 20, 12, 21], [3, 22, 4, 23], [5, 24, 6, 1]]"
12n_0454_50,"[[5, 24, 6, 1], [17, 2, 18, 3], [23, 4, 24, 5], [6, 10, 7, 9], [8, 16, 9, 15], [21, 10, 22, 11], [19, 12, 20, 13], [14, 8, 15, 7], [1, 16, 2, 17], [13, 18, 14, 19], [11, 20, 12, 21], [3, 22, 4, 23]]"
12n_0454_51,"[[3, 22, 4, 23], [5, 24, 6, 1], [17, 2, 18, 3], [23, 4, 24, 5], [6, 10, 7, 9], [8, 16, 9, 15], [21, 10, 22, 11], [19, 12, 20, 13], [14, 8, 15, 7], [1, 16, 2, 17], [13, 18, 14, 19], [11, 20, 12, 21]]"
12n_0454_52,"[[11, 20, 12, 21], [3, 22, 4, 23], [5, 24, 6, 1], [17, 2, 18, 3], [23, 4, 24, 5], [6, 10, 7, 9], [8, 16, 9, 15], [21, 10, 22, 11], [19, 12, 20, 13], [14, 8, 15, 7], [1, 16, 2, 17], [13, 18, 14, 19]]"
12n_0454_53,"[[13, 18, 14, 19], [11, 20, 12, 21], [3, 22, 4, 23], [5, 24, 6, 1], [17, 2, 18, 3], [23, 4, 24, 5], [6, 10, 7, 9], [8, 16, 9, 15], [21, 10, 22, 11], [19, 12, 20, 13], [14, 8, 15, 7], [1, 16, 2, 17]]"
12n_0454_54,"[[1, 16, 2, 17], [13, 18, 14, 19], [11, 20, 12, 21], [3, 22, 4, 23], [5, 24, 6, 1], [17, 2, 18, 3], [23, 4, 24, 5], [6, 10, 7, 9], [8, 16, 9, 15], [21, 10, 22, 11], [19, 12, 20, 13], [14, 8, 15, 7]]"
12n_0454_55,"[[14, 8, 15, 7], [1, 16, 2, 17], [13, 18, 14, 19], [11, 20, 12, 21], [3, 22, 4, 23], [5, 24, 6, 1], [17, 2, 18, 3], [23, 4, 24, 5], [6, 10, 7, 9], [8, 16, 9, 15], [21, 10, 22, 11], [19, 12, 20, 13]]"
12n_0454_56,"[[19, 12, 20, 13], [14, 8, 15, 7], [1, 16, 2, 17], [13, 18, 14, 19], [11, 20, 12, 21], [3, 22, 4, 23], [5, 24, 6, 1], [17, 2, 18, 3], [23, 4, 24, 5], [6, 10, 7, 9], [8, 16, 9, 15], [21, 10, 22, 11]]"
12n_0454_57,"[[21, 10, 22, 11], [19, 12, 20, 13], [14, 8, 15, 7], [1, 16, 2, 17], [13, 18, 14, 19], [11, 20, 12, 21], [3, 22, 4, 23], [5, 24, 6, 1], [17, 2, 18, 3], [23, 4, 24, 5], [6, 10, 7, 9], [8, 16, 9, 15]]"
12n_0454_58,"[[8, 16, 9, 15], [21, 10, 22, 11], [19, 12, 20, 13], [14, 8, 15, 7], [1, 16, 2, 17], [13, 18, 14, 19], [11, 20, 12, 21], [3, 22, 4, 23], [5, 24, 6, 1], [17, 2, 18, 3], [23, 4, 24, 5], [6, 10, 7, 9]]"
12n_0454_59,"[[6, 10, 7, 9], [8, 16, 9, 15], [21, 10, 22, 11], [19, 12, 20, 13], [14, 8, 15, 7], [1, 16, 2, 17], [13, 18, 14, 19], [11, 20, 12, 21], [3, 22, 4, 23], [5, 24, 6, 1], [17, 2, 18, 3], [23, 4, 24, 5]]"
12n_0454_60,"[[24, 5, 1, 6], [7, 11, 8, 10], [9, 17, 10, 16], [22, 11, 23, 12], [20, 13, 21, 14], [15, 9, 16, 8], [2, 17, 3, 18], [14, 19, 15, 20], [12, 21, 13, 22], [4, 23, 5, 24], [6, 1, 7, 2], [18, 3, 19, 4]]"
12n_0454_61,"[[18, 3, 19, 4], [24, 5, 1, 6], [7, 11, 8, 10], [9, 17, 10, 16], [22, 11, 23, 12], [20, 13, 21, 14], [15, 9, 16, 8], [2, 17, 3, 18], [14, 19, 15, 20], [12, 21, 13, 22], [4, 23, 5, 24], [6, 1, 7, 2]]"
12n_0454_62,"[[6, 1, 7, 2], [18, 3, 19, 4], [24, 5, 1, 6], [7, 11, 8, 10], [9, 17, 10, 16], [22, 11, 23, 12], [20, 13, 21, 14], [15, 9, 16, 8], [2, 17, 3, 18], [14, 19, 15, 20], [12, 21, 13, 22], [4, 23, 5, 24]]"
12n_0454_63,"[[4, 23, 5, 24], [6, 1, 7, 2], [18, 3, 19, 4], [24, 5, 1, 6], [7, 11, 8, 10], [9, 17, 10, 16], [22, 11, 23, 12], [20, 13, 21, 14], [15, 9, 16, 8], [2, 17, 3, 18], [14, 19, 15, 20], [12, 21, 13, 22]]"
12n_0454_64,"[[12, 21, 13, 22], [4, 23, 5, 24], [6, 1, 7, 2], [18, 3, 19, 4], [24, 5, 1, 6], [7, 11, 8, 10], [9, 17, 10, 16], [22, 11, 23, 12], [20, 13, 21, 14], [15, 9, 16, 8], [2, 17, 3, 18], [14, 19, 15, 20]]"
12n_0454_65,"[[14, 19, 15, 20], [12, 21, 13, 22], [4, 23, 5, 24], [6, 1, 7, 2], [18, 3, 19, 4], [24, 5, 1, 6], [7, 11, 8, 10], [9, 17, 10, 16], [22, 11, 23, 12], [20, 13, 21, 14], [15, 9, 16, 8], [2, 17, 3, 18]]"
12n_0454_66,"[[2, 17, 3, 18], [14, 19, 15, 20], [12, 21, 13, 22], [4, 23, 5, 24], [6, 1, 7, 2], [18, 3, 19, 4], [24, 5, 1, 6], [7, 11, 8, 10], [9, 17, 10, 16], [22, 11, 23, 12], [20, 13, 21, 14], [15, 9, 16, 8]]"
12n_0454_67,"[[15, 9, 16, 8], [2, 17, 3, 18], [14, 19, 15, 20], [12, 21, 13, 22], [4, 23, 5, 24], [6, 1, 7, 2], [18, 3, 19, 4], [24, 5, 1, 6], [7, 11, 8, 10], [9, 17, 10, 16], [22, 11, 23, 12], [20, 13, 21, 14]]"
12n_0454_68,"[[20, 13, 21, 14], [15, 9, 16, 8], [2, 17, 3, 18], [14, 19, 15, 20], [12, 21, 13, 22], [4, 23, 5, 24], [6, 1, 7, 2], [18, 3, 19, 4], [24, 5, 1, 6], [7, 11, 8, 10], [9, 17, 10, 16], [22, 11, 23, 12]]"
12n_0454_69,"[[22, 11, 23, 12], [20, 13, 21, 14], [15, 9, 16, 8], [2, 17, 3, 18], [14, 19, 15, 20], [12, 21, 13, 22], [4, 23, 5, 24], [6, 1, 7, 2], [18, 3, 19, 4], [24, 5, 1, 6], [7, 11, 8, 10], [9, 17, 10, 16]]"
12n_0454_70,"[[9, 17, 10, 16], [22, 11, 23, 12], [20, 13, 21, 14], [15, 9, 16, 8], [2, 17, 3, 18], [14, 19, 15, 20], [12, 21, 13, 22], [4, 23, 5, 24], [6, 1, 7, 2], [18, 3, 19, 4], [24, 5, 1, 6], [7, 11, 8, 10]]"
12n_0454_71,"[[7, 11, 8, 10], [9, 17, 10, 16], [22, 11, 23, 12], [20, 13, 21, 14], [15, 9, 16, 8], [2, 17, 3, 18], [14, 19, 15, 20], [12, 21, 13, 22], [4, 23, 5, 24], [6, 1, 7, 2], [18, 3, 19, 4], [24, 5, 1, 6]]"
12n_0454_72,"[[1, 6, 2, 7], [8, 12, 9, 11], [10, 18, 11, 17], [23, 12, 24, 13], [21, 14, 22, 15], [16, 10, 17, 9], [3, 18, 4, 19], [15, 20, 16, 21], [13, 22, 14, 23], [5, 24, 6, 1], [7, 2, 8, 3], [19, 4, 20, 5]]"
12n_0454_73,"[[19, 4, 20, 5], [1, 6, 2, 7], [8, 12, 9, 11], [10, 18, 11, 17], [23, 12, 24, 13], [21, 14, 22, 15], [16, 10, 17, 9], [3, 18, 4, 19], [15, 20, 16, 21], [13, 22, 14, 23], [5, 24, 6, 1], [7, 2, 8, 3]]"
12n_0454_74,"[[7, 2, 8, 3], [19, 4, 20, 5], [1, 6, 2, 7], [8, 12, 9, 11], [10, 18, 11, 17], [23, 12, 24, 13], [21, 14, 22, 15], [16, 10, 17, 9], [3, 18, 4, 19], [15, 20, 16, 21], [13, 22, 14, 23], [5, 24, 6, 1]]"
12n_0454_75,"[[5, 24, 6, 1], [7, 2, 8, 3], [19, 4, 20, 5], [1, 6, 2, 7], [8, 12, 9, 11], [10, 18, 11, 17], [23, 12, 24, 13], [21, 14, 22, 15], [16, 10, 17, 9], [3, 18, 4, 19], [15, 20, 16, 21], [13, 22, 14, 23]]"
12n_0454_76,"[[13, 22, 14, 23], [5, 24, 6, 1], [7, 2, 8, 3], [19, 4, 20, 5], [1, 6, 2, 7], [8, 12, 9, 11], [10, 18, 11, 17], [23, 12, 24, 13], [21, 14, 22, 15], [16, 10, 17, 9], [3, 18, 4, 19], [15, 20, 16, 21]]"
12n_0454_77,"[[15, 20, 16, 21], [13, 22, 14, 23], [5, 24, 6, 1], [7, 2, 8, 3], [19, 4, 20, 5], [1, 6, 2, 7], [8, 12, 9, 11], [10, 18, 11, 17], [23, 12, 24, 13], [21, 14, 22, 15], [16, 10, 17, 9], [3, 18, 4, 19]]"
12n_0454_78,"[[3, 18, 4, 19], [15, 20, 16, 21], [13, 22, 14, 23], [5, 24, 6, 1], [7, 2, 8, 3], [19, 4, 20, 5], [1, 6, 2, 7], [8, 12, 9, 11], [10, 18, 11, 17], [23, 12, 24, 13], [21, 14, 22, 15], [16, 10, 17, 9]]"
12n_0454_79,"[[16, 10, 17, 9], [3, 18, 4, 19], [15, 20, 16, 21], [13, 22, 14, 23], [5, 24, 6, 1], [7, 2, 8, 3], [19, 4, 20, 5], [1, 6, 2, 7], [8, 12, 9, 11], [10, 18, 11, 17], [23, 12, 24, 13], [21, 14, 22, 15]]"
12n_0454_80,"[[21, 14, 22, 15], [16, 10, 17, 9], [3, 18, 4, 19], [15, 20, 16, 21], [13, 22, 14, 23], [5, 24, 6, 1], [7, 2, 8, 3], [19, 4, 20, 5], [1, 6, 2, 7], [8, 12, 9, 11], [10, 18, 11, 17], [23, 12, 24, 13]]"
12n_0454_81,"[[23, 12, 24, 13], [21, 14, 22, 15], [16, 10, 17, 9], [3, 18, 4, 19], [15, 20, 16, 21], [13, 22, 14, 23], [5, 24, 6, 1], [7, 2, 8, 3], [19, 4, 20, 5], [1, 6, 2, 7], [8, 12, 9, 11], [10, 18, 11, 17]]"
12n_0454_82,"[[10, 18, 11, 17], [23, 12, 24, 13], [21, 14, 22, 15], [16, 10, 17, 9], [3, 18, 4, 19], [15, 20, 16, 21], [13, 22, 14, 23], [5, 24, 6, 1], [7, 2, 8, 3], [19, 4, 20, 5], [1, 6, 2, 7], [8, 12, 9, 11]]"
12n_0454_83,"[[8, 12, 9, 11], [10, 18, 11, 17], [23, 12, 24, 13], [21, 14, 22, 15], [16, 10, 17, 9], [3, 18, 4, 19], [15, 20, 16, 21], [13, 22, 14, 23], [5, 24, 6, 1], [7, 2, 8, 3], [19, 4, 20, 5], [1, 6, 2, 7]]"
12n_0454_84,"[[2, 7, 3, 8], [9, 13, 10, 12], [11, 19, 12, 18], [24, 13, 1, 14], [22, 15, 23, 16], [17, 11, 18, 10], [4, 19, 5, 20], [16, 21, 17, 22], [14, 23, 15, 24], [6, 1, 7, 2], [8, 3, 9, 4], [20, 5, 21, 6]]"
12n_0454_85,"[[20, 5, 21, 6], [2, 7, 3, 8], [9, 13, 10, 12], [11, 19, 12, 18], [24, 13, 1, 14], [22, 15, 23, 16], [17, 11, 18, 10], [4, 19, 5, 20], [16, 21, 17, 22], [14, 23, 15, 24], [6, 1, 7, 2], [8, 3, 9, 4]]"
12n_0454_86,"[[8, 3, 9, 4], [20, 5, 21, 6], [2, 7, 3, 8], [9, 13, 10, 12], [11, 19, 12, 18], [24, 13, 1, 14], [22, 15, 23, 16], [17, 11, 18, 10], [4, 19, 5, 20], [16, 21, 17, 22], [14, 23, 15, 24], [6, 1, 7, 2]]"
12n_0454_87,"[[6, 1, 7, 2], [8, 3, 9, 4], [20, 5, 21, 6], [2, 7, 3, 8], [9, 13, 10, 12], [11, 19, 12, 18], [24, 13, 1, 14], [22, 15, 23, 16], [17, 11, 18, 10], [4, 19, 5, 20], [16, 21, 17, 22], [14, 23, 15, 24]]"
12n_0454_88,"[[14, 23, 15, 24], [6, 1, 7, 2], [8, 3, 9, 4], [20, 5, 21, 6], [2, 7, 3, 8], [9, 13, 10, 12], [11, 19, 12, 18], [24, 13, 1, 14], [22, 15, 23, 16], [17, 11, 18, 10], [4, 19, 5, 20], [16, 21, 17, 22]]"
12n_0454_89,"[[16, 21, 17, 22], [14, 23, 15, 24], [6, 1, 7, 2], [8, 3, 9, 4], [20, 5, 21, 6], [2, 7, 3, 8], [9, 13, 10, 12], [11, 19, 12, 18], [24, 13, 1, 14], [22, 15, 23, 16], [17, 11, 18, 10], [4, 19, 5, 20]]"
12n_0454_90,"[[4, 19, 5, 20], [16, 21, 17, 22], [14, 23, 15, 24], [6, 1, 7, 2], [8, 3, 9, 4], [20, 5, 21, 6], [2, 7, 3, 8], [9, 13, 10, 12], [11, 19, 12, 18], [24, 13, 1, 14], [22, 15, 23, 16], [17, 11, 18, 10]]"
12n_0454_91,"[[17, 11, 18, 10], [4, 19, 5, 20], [16, 21, 17, 22], [14, 23, 15, 24], [6, 1, 7, 2], [8, 3, 9, 4], [20, 5, 21, 6], [2, 7, 3, 8], [9, 13, 10, 12], [11, 19, 12, 18], [24, 13, 1, 14], [22, 15, 23, 16]]"
12n_0454_92,"[[22, 15, 23, 16], [17, 11, 18, 10], [4, 19, 5, 20], [16, 21, 17, 22], [14, 23, 15, 24], [6, 1, 7, 2], [8, 3, 9, 4], [20, 5, 21, 6], [2, 7, 3, 8], [9, 13, 10, 12], [11, 19, 12, 18], [24, 13, 1, 14]]"
12n_0454_93,"[[24, 13, 1, 14], [22, 15, 23, 16], [17, 11, 18, 10], [4, 19, 5, 20], [16, 21, 17, 22], [14, 23, 15, 24], [6, 1, 7, 2], [8, 3, 9, 4], [20, 5, 21, 6], [2, 7, 3, 8], [9, 13, 10, 12], [11, 19, 12, 18]]"
12n_0454_94,"[[11, 19, 12, 18], [24, 13, 1, 14], [22, 15, 23, 16], [17, 11, 18, 10], [4, 19, 5, 20], [16, 21, 17, 22], [14, 23, 15, 24], [6, 1, 7, 2], [8, 3, 9, 4], [20, 5, 21, 6], [2, 7, 3, 8], [9, 13, 10, 12]]"
12n_0454_95,"[[9, 13, 10, 12], [11, 19, 12, 18], [24, 13, 1, 14], [22, 15, 23, 16], [17, 11, 18, 10], [4, 19, 5, 20], [16, 21, 17, 22], [14, 23, 15, 24], [6, 1, 7, 2], [8, 3, 9, 4], [20, 5, 21, 6], [2, 7, 3, 8]]"
12n_0454_96,"[[3, 8, 4, 9], [10, 14, 11, 13], [12, 20, 13, 19], [1, 14, 2, 15], [23, 16, 24, 17], [18, 12, 19, 11], [5, 20, 6, 21], [17, 22, 18, 23], [15, 24, 16, 1], [7, 2, 8, 3], [9, 4, 10, 5], [21, 6, 22, 7]]"
12n_0454_97,"[[21, 6, 22, 7], [3, 8, 4, 9], [10, 14, 11, 13], [12, 20, 13, 19], [1, 14, 2, 15], [23, 16, 24, 17], [18, 12, 19, 11], [5, 20, 6, 21], [17, 22, 18, 23], [15, 24, 16, 1], [7, 2, 8, 3], [9, 4, 10, 5]]"
12n_0454_98,"[[9, 4, 10, 5], [21, 6, 22, 7], [3, 8, 4, 9], [10, 14, 11, 13], [12, 20, 13, 19], [1, 14, 2, 15], [23, 16, 24, 17], [18, 12, 19, 11], [5, 20, 6, 21], [17, 22, 18, 23], [15, 24, 16, 1], [7, 2, 8, 3]]"
12n_0454_99,"[[7, 2, 8, 3], [9, 4, 10, 5], [21, 6, 22, 7], [3, 8, 4, 9], [10, 14, 11, 13], [12, 20, 13, 19], [1, 14, 2, 15], [23, 16, 24, 17], [18, 12, 19, 11], [5, 20, 6, 21], [17, 22, 18, 23], [15, 24, 16, 1]]"
12n_0454_100,"[[15, 24, 16, 1], [7, 2, 8, 3], [9, 4, 10, 5], [21, 6, 22, 7], [3, 8, 4, 9], [10, 14, 11, 13], [12, 20, 13, 19], [1, 14, 2, 15], [23, 16, 24, 17], [18, 12, 19, 11], [5, 20, 6, 21], [17, 22, 18, 23]]"
12n_0454_101,"[[17, 22, 18, 23], [15, 24, 16, 1], [7, 2, 8, 3], [9, 4, 10, 5], [21, 6, 22, 7], [3, 8, 4, 9], [10, 14, 11, 13], [12, 20, 13, 19], [1, 14, 2, 15], [23, 16, 24, 17], [18, 12, 19, 11], [5, 20, 6, 21]]"
12n_0454_102,"[[5, 20, 6, 21], [17, 22, 18, 23], [15, 24, 16, 1], [7, 2, 8, 3], [9, 4, 10, 5], [21, 6, 22, 7], [3, 8, 4, 9], [10, 14, 11, 13], [12, 20, 13, 19], [1, 14, 2, 15], [23, 16, 24, 17], [18, 12, 19, 11]]"
12n_0454_103,"[[18, 12, 19, 11], [5, 20, 6, 21], [17, 22, 18, 23], [15, 24, 16, 1], [7, 2, 8, 3], [9, 4, 10, 5], [21, 6, 22, 7], [3, 8, 4, 9], [10, 14, 11, 13], [12, 20, 13, 19], [1, 14, 2, 15], [23, 16, 24, 17]]"
12n_0454_104,"[[23, 16, 24, 17], [18, 12, 19, 11], [5, 20, 6, 21], [17, 22, 18, 23], [15, 24, 16, 1], [7, 2, 8, 3], [9, 4, 10, 5], [21, 6, 22, 7], [3, 8, 4, 9], [10, 14, 11, 13], [12, 20, 13, 19], [1, 14, 2, 15]]"
12n_0454_105,"[[1, 14, 2, 15], [23, 16, 24, 17], [18, 12, 19, 11], [5, 20, 6, 21], [17, 22, 18, 23], [15, 24, 16, 1], [7, 2, 8, 3], [9, 4, 10, 5], [21, 6, 22, 7], [3, 8, 4, 9], [10, 14, 11, 13], [12, 20, 13, 19]]"
12n_0454_106,"[[12, 20, 13, 19], [1, 14, 2, 15], [23, 16, 24, 17], [18, 12, 19, 11], [5, 20, 6, 21], [17, 22, 18, 23], [15, 24, 16, 1], [7, 2, 8, 3], [9, 4, 10, 5], [21, 6, 22, 7], [3, 8, 4, 9], [10, 14, 11, 13]]"
12n_0454_107,"[[10, 14, 11, 13], [12, 20, 13, 19], [1, 14, 2, 15], [23, 16, 24, 17], [18, 12, 19, 11], [5, 20, 6, 21], [17, 22, 18, 23], [15, 24, 16, 1], [7, 2, 8, 3], [9, 4, 10, 5], [21, 6, 22, 7], [3, 8, 4, 9]]"
12n_0454_108,"[[4, 9, 5, 10], [11, 15, 12, 14], [13, 21, 14, 20], [2, 15, 3, 16], [24, 17, 1, 18], [19, 13, 20, 12], [6, 21, 7, 22], [18, 23, 19, 24], [16, 1, 17, 2], [8, 3, 9, 4], [10, 5, 11, 6], [22, 7, 23, 8]]"
12n_0454_109,"[[22, 7, 23, 8], [4, 9, 5, 10], [11, 15, 12, 14], [13, 21, 14, 20], [2, 15, 3, 16], [24, 17, 1, 18], [19, 13, 20, 12], [6, 21, 7, 22], [18, 23, 19, 24], [16, 1, 17, 2], [8, 3, 9, 4], [10, 5, 11, 6]]"
12n_0454_110,"[[10, 5, 11, 6], [22, 7, 23, 8], [4, 9, 5, 10], [11, 15, 12, 14], [13, 21, 14, 20], [2, 15, 3, 16], [24, 17, 1, 18], [19, 13, 20, 12], [6, 21, 7, 22], [18, 23, 19, 24], [16, 1, 17, 2], [8, 3, 9, 4]]"
12n_0454_111,"[[8, 3, 9, 4], [10, 5, 11, 6], [22, 7, 23, 8], [4, 9, 5, 10], [11, 15, 12, 14], [13, 21, 14, 20], [2, 15, 3, 16], [24, 17, 1, 18], [19, 13, 20, 12], [6, 21, 7, 22], [18, 23, 19, 24], [16, 1, 17, 2]]"
12n_0454_112,"[[16, 1, 17, 2], [8, 3, 9, 4], [10, 5, 11, 6], [22, 7, 23, 8], [4, 9, 5, 10], [11, 15, 12, 14], [13, 21, 14, 20], [2, 15, 3, 16], [24, 17, 1, 18], [19, 13, 20, 12], [6, 21, 7, 22], [18, 23, 19, 24]]"
12n_0454_113,"[[18, 23, 19, 24], [16, 1, 17, 2], [8, 3, 9, 4], [10, 5, 11, 6], [22, 7, 23, 8], [4, 9, 5, 10], [11, 15, 12, 14], [13, 21, 14, 20], [2, 15, 3, 16], [24, 17, 1, 18], [19, 13, 20, 12], [6, 21, 7, 22]]"
12n_0454_114,"[[6, 21, 7, 22], [18, 23, 19, 24], [16, 1, 17, 2], [8, 3, 9, 4], [10, 5, 11, 6], [22, 7, 23, 8], [4, 9, 5, 10], [11, 15, 12, 14], [13, 21, 14, 20], [2, 15, 3, 16], [24, 17, 1, 18], [19, 13, 20, 12]]"
12n_0454_115,"[[19, 13, 20, 12], [6, 21, 7, 22], [18, 23, 19, 24], [16, 1, 17, 2], [8, 3, 9, 4], [10, 5, 11, 6], [22, 7, 23, 8], [4, 9, 5, 10], [11, 15, 12, 14], [13, 21, 14, 20], [2, 15, 3, 16], [24, 17, 1, 18]]"
12n_0454_116,"[[24, 17, 1, 18], [19, 13, 20, 12], [6, 21, 7, 22], [18, 23, 19, 24], [16, 1, 17, 2], [8, 3, 9, 4], [10, 5, 11, 6], [22, 7, 23, 8], [4, 9, 5, 10], [11, 15, 12, 14], [13, 21, 14, 20], [2, 15, 3, 16]]"
12n_0454_117,"[[2, 15, 3, 16], [24, 17, 1, 18], [19, 13, 20, 12], [6, 21, 7, 22], [18, 23, 19, 24], [16, 1, 17, 2], [8, 3, 9, 4], [10, 5, 11, 6], [22, 7, 23, 8], [4, 9, 5, 10], [11, 15, 12, 14], [13, 21, 14, 20]]"
12n_0454_118,"[[13, 21, 14, 20], [2, 15, 3, 16], [24, 17, 1, 18], [19, 13, 20, 12], [6, 21, 7, 22], [18, 23, 19, 24], [16, 1, 17, 2], [8, 3, 9, 4], [10, 5, 11, 6], [22, 7, 23, 8], [4, 9, 5, 10], [11, 15, 12, 14]]"
12n_0454_119,"[[11, 15, 12, 14], [13, 21, 14, 20], [2, 15, 3, 16], [24, 17, 1, 18], [19, 13, 20, 12], [6, 21, 7, 22], [18, 23, 19, 24], [16, 1, 17, 2], [8, 3, 9, 4], [10, 5, 11, 6], [22, 7, 23, 8], [4, 9, 5, 10]]"
12n_0454_120,"[[5, 10, 6, 11], [12, 16, 13, 15], [14, 22, 15, 21], [3, 16, 4, 17], [1, 18, 2, 19], [20, 14, 21, 13], [7, 22, 8, 23], [19, 24, 20, 1], [17, 2, 18, 3], [9, 4, 10, 5], [11, 6, 12, 7], [23, 8, 24, 9]]"
12n_0454_121,"[[23, 8, 24, 9], [5, 10, 6, 11], [12, 16, 13, 15], [14, 22, 15, 21], [3, 16, 4, 17], [1, 18, 2, 19], [20, 14, 21, 13], [7, 22, 8, 23], [19, 24, 20, 1], [17, 2, 18, 3], [9, 4, 10, 5], [11, 6, 12, 7]]"
12n_0454_122,"[[11, 6, 12, 7], [23, 8, 24, 9], [5, 10, 6, 11], [12, 16, 13, 15], [14, 22, 15, 21], [3, 16, 4, 17], [1, 18, 2, 19], [20, 14, 21, 13], [7, 22, 8, 23], [19, 24, 20, 1], [17, 2, 18, 3], [9, 4, 10, 5]]"
12n_0454_123,"[[9, 4, 10, 5], [11, 6, 12, 7], [23, 8, 24, 9], [5, 10, 6, 11], [12, 16, 13, 15], [14, 22, 15, 21], [3, 16, 4, 17], [1, 18, 2, 19], [20, 14, 21, 13], [7, 22, 8, 23], [19, 24, 20, 1], [17, 2, 18, 3]]"
12n_0454_124,"[[17, 2, 18, 3], [9, 4, 10, 5], [11, 6, 12, 7], [23, 8, 24, 9], [5, 10, 6, 11], [12, 16, 13, 15], [14, 22, 15, 21], [3, 16, 4, 17], [1, 18, 2, 19], [20, 14, 21, 13], [7, 22, 8, 23], [19, 24, 20, 1]]"
12n_0454_125,"[[19, 24, 20, 1], [17, 2, 18, 3], [9, 4, 10, 5], [11, 6, 12, 7], [23, 8, 24, 9], [5, 10, 6, 11], [12, 16, 13, 15], [14, 22, 15, 21], [3, 16, 4, 17], [1, 18, 2, 19], [20, 14, 21, 13], [7, 22, 8, 23]]"
12n_0454_126,"[[7, 22, 8, 23], [19, 24, 20, 1], [17, 2, 18, 3], [9, 4, 10, 5], [11, 6, 12, 7], [23, 8, 24, 9], [5, 10, 6, 11], [12, 16, 13, 15], [14, 22, 15, 21], [3, 16, 4, 17], [1, 18, 2, 19], [20, 14, 21, 13]]"
12n_0454_127,"[[20, 14, 21, 13], [7, 22, 8, 23], [19, 24, 20, 1], [17, 2, 18, 3], [9, 4, 10, 5], [11, 6, 12, 7], [23, 8, 24, 9], [5, 10, 6, 11], [12, 16, 13, 15], [14, 22, 15, 21], [3, 16, 4, 17], [1, 18, 2, 19]]"
12n_0454_128,"[[1, 18, 2, 19], [20, 14, 21, 13], [7, 22, 8, 23], [19, 24, 20, 1], [17, 2, 18, 3], [9, 4, 10, 5], [11, 6, 12, 7], [23, 8, 24, 9], [5, 10, 6, 11], [12, 16, 13, 15], [14, 22, 15, 21], [3, 16, 4, 17]]"
12n_0454_129,"[[3, 16, 4, 17], [1, 18, 2, 19], [20, 14, 21, 13], [7, 22, 8, 23], [19, 24, 20, 1], [17, 2, 18, 3], [9, 4, 10, 5], [11, 6, 12, 7], [23, 8, 24, 9], [5, 10, 6, 11], [12, 16, 13, 15], [14, 22, 15, 21]]"
12n_0454_130,"[[14, 22, 15, 21], [3, 16, 4, 17], [1, 18, 2, 19], [20, 14, 21, 13], [7, 22, 8, 23], [19, 24, 20, 1], [17, 2, 18, 3], [9, 4, 10, 5], [11, 6, 12, 7], [23, 8, 24, 9], [5, 10, 6, 11], [12, 16, 13, 15]]"
12n_0454_131,"[[12, 16, 13, 15], [14, 22, 15, 21], [3, 16, 4, 17], [1, 18, 2, 19], [20, 14, 21, 13], [7, 22, 8, 23], [19, 24, 20, 1], [17, 2, 18, 3], [9, 4, 10, 5], [11, 6, 12, 7], [23, 8, 24, 9], [5, 10, 6, 11]]"
12n_0454_132,"[[6, 11, 7, 12], [13, 17, 14, 16], [15, 23, 16, 22], [4, 17, 5, 18], [2, 19, 3, 20], [21, 15, 22, 14], [8, 23, 9, 24], [20, 1, 21, 2], [18, 3, 19, 4], [10, 5, 11, 6], [12, 7, 13, 8], [24, 9, 1, 10]]"
12n_0454_133,"[[24, 9, 1, 10], [6, 11, 7, 12], [13, 17, 14, 16], [15, 23, 16, 22], [4, 17, 5, 18], [2, 19, 3, 20], [21, 15, 22, 14], [8, 23, 9, 24], [20, 1, 21, 2], [18, 3, 19, 4], [10, 5, 11, 6], [12, 7, 13, 8]]"
12n_0454_134,"[[12, 7, 13, 8], [24, 9, 1, 10], [6, 11, 7, 12], [13, 17, 14, 16], [15, 23, 16, 22], [4, 17, 5, 18], [2, 19, 3, 20], [21, 15, 22, 14], [8, 23, 9, 24], [20, 1, 21, 2], [18, 3, 19, 4], [10, 5, 11, 6]]"
12n_0454_135,"[[10, 5, 11, 6], [12, 7, 13, 8], [24, 9, 1, 10], [6, 11, 7, 12], [13, 17, 14, 16], [15, 23, 16, 22], [4, 17, 5, 18], [2, 19, 3, 20], [21, 15, 22, 14], [8, 23, 9, 24], [20, 1, 21, 2], [18, 3, 19, 4]]"
12n_0454_136,"[[18, 3, 19, 4], [10, 5, 11, 6], [12, 7, 13, 8], [24, 9, 1, 10], [6, 11, 7, 12], [13, 17, 14, 16], [15, 23, 16, 22], [4, 17, 5, 18], [2, 19, 3, 20], [21, 15, 22, 14], [8, 23, 9, 24], [20, 1, 21, 2]]"
12n_0454_137,"[[20, 1, 21, 2], [18, 3, 19, 4], [10, 5, 11, 6], [12, 7, 13, 8], [24, 9, 1, 10], [6, 11, 7, 12], [13, 17, 14, 16], [15, 23, 16, 22], [4, 17, 5, 18], [2, 19, 3, 20], [21, 15, 22, 14], [8, 23, 9, 24]]"
12n_0454_138,"[[8, 23, 9, 24], [20, 1, 21, 2], [18, 3, 19, 4], [10, 5, 11, 6], [12, 7, 13, 8], [24, 9, 1, 10], [6, 11, 7, 12], [13, 17, 14, 16], [15, 23, 16, 22], [4, 17, 5, 18], [2, 19, 3, 20], [21, 15, 22, 14]]"
12n_0454_139,"[[21, 15, 22, 14], [8, 23, 9, 24], [20, 1, 21, 2], [18, 3, 19, 4], [10, 5, 11, 6], [12, 7, 13, 8], [24, 9, 1, 10], [6, 11, 7, 12], [13, 17, 14, 16], [15, 23, 16, 22], [4, 17, 5, 18], [2, 19, 3, 20]]"
12n_0454_140,"[[2, 19, 3, 20], [21, 15, 22, 14], [8, 23, 9, 24], [20, 1, 21, 2], [18, 3, 19, 4], [10, 5, 11, 6], [12, 7, 13, 8], [24, 9, 1, 10], [6, 11, 7, 12], [13, 17, 14, 16], [15, 23, 16, 22], [4, 17, 5, 18]]"
12n_0454_141,"[[4, 17, 5, 18], [2, 19, 3, 20], [21, 15, 22, 14], [8, 23, 9, 24], [20, 1, 21, 2], [18, 3, 19, 4], [10, 5, 11, 6], [12, 7, 13, 8], [24, 9, 1, 10], [6, 11, 7, 12], [13, 17, 14, 16], [15, 23, 16, 22]]"
12n_0454_142,"[[15, 23, 16, 22], [4, 17, 5, 18], [2, 19, 3, 20], [21, 15, 22, 14], [8, 23, 9, 24], [20, 1, 21, 2], [18, 3, 19, 4], [10, 5, 11, 6], [12, 7, 13, 8], [24, 9, 1, 10], [6, 11, 7, 12], [13, 17, 14, 16]]"
12n_0454_143,"[[13, 17, 14, 16], [15, 23, 16, 22], [4, 17, 5, 18], [2, 19, 3, 20], [21, 15, 22, 14], [8, 23, 9, 24], [20, 1, 21, 2], [18, 3, 19, 4], [10, 5, 11, 6], [12, 7, 13, 8], [24, 9, 1, 10], [6, 11, 7, 12]]"
12n_0454_144,"[[7, 12, 8, 13], [14, 18, 15, 17], [16, 24, 17, 23], [5, 18, 6, 19], [3, 20, 4, 21], [22, 16, 23, 15], [9, 24, 10, 1], [21, 2, 22, 3], [19, 4, 20, 5], [11, 6, 12, 7], [13, 8, 14, 9], [1, 10, 2, 11]]"
12n_0454_145,"[[1, 10, 2, 11], [7, 12, 8, 13], [14, 18, 15, 17], [16, 24, 17, 23], [5, 18, 6, 19], [3, 20, 4, 21], [22, 16, 23, 15], [9, 24, 10, 1], [21, 2, 22, 3], [19, 4, 20, 5], [11, 6, 12, 7], [13, 8, 14, 9]]"
12n_0454_146,"[[13, 8, 14, 9], [1, 10, 2, 11], [7, 12, 8, 13], [14, 18, 15, 17], [16, 24, 17, 23], [5, 18, 6, 19], [3, 20, 4, 21], [22, 16, 23, 15], [9, 24, 10, 1], [21, 2, 22, 3], [19, 4, 20, 5], [11, 6, 12, 7]]"
12n_0454_147,"[[11, 6, 12, 7], [13, 8, 14, 9], [1, 10, 2, 11], [7, 12, 8, 13], [14, 18, 15, 17], [16, 24, 17, 23], [5, 18, 6, 19], [3, 20, 4, 21], [22, 16, 23, 15], [9, 24, 10, 1], [21, 2, 22, 3], [19, 4, 20, 5]]"
12n_0454_148,"[[19, 4, 20, 5], [11, 6, 12, 7], [13, 8, 14, 9], [1, 10, 2, 11], [7, 12, 8, 13], [14, 18, 15, 17], [16, 24, 17, 23], [5, 18, 6, 19], [3, 20, 4, 21], [22, 16, 23, 15], [9, 24, 10, 1], [21, 2, 22, 3]]"
12n_0454_149,"[[21, 2, 22, 3], [19, 4, 20, 5], [11, 6, 12, 7], [13, 8, 14, 9], [1, 10, 2, 11], [7, 12, 8, 13], [14, 18, 15, 17], [16, 24, 17, 23], [5, 18, 6, 19], [3, 20, 4, 21], [22, 16, 23, 15], [9, 24, 10, 1]]"
12n_0454_150,"[[9, 24, 10, 1], [21, 2, 22, 3], [19, 4, 20, 5], [11, 6, 12, 7], [13, 8, 14, 9], [1, 10, 2, 11], [7, 12, 8, 13], [14, 18, 15, 17], [16, 24, 17, 23], [5, 18, 6, 19], [3, 20, 4, 21], [22, 16, 23, 15]]"
12n_0454_151,"[[22, 16, 23, 15], [9, 24, 10, 1], [21, 2, 22, 3], [19, 4, 20, 5], [11, 6, 12, 7], [13, 8, 14, 9], [1, 10, 2, 11], [7, 12, 8, 13], [14, 18, 15, 17], [16, 24, 17, 23], [5, 18, 6, 19], [3, 20, 4, 21]]"
12n_0454_152,"[[3, 20, 4, 21], [22, 16, 23, 15], [9, 24, 10, 1], [21, 2, 22, 3], [19, 4, 20, 5], [11, 6, 12, 7], [13, 8, 14, 9], [1, 10, 2, 11], [7, 12, 8, 13], [14, 18, 15, 17], [16, 24, 17, 23], [5, 18, 6, 19]]"
12n_0454_153,"[[5, 18, 6, 19], [3, 20, 4, 21], [22, 16, 23, 15], [9, 24, 10, 1], [21, 2, 22, 3], [19, 4, 20, 5], [11, 6, 12, 7], [13, 8, 14, 9], [1, 10, 2, 11], [7, 12, 8, 13], [14, 18, 15, 17], [16, 24, 17, 23]]"
12n_0454_154,"[[16, 24, 17, 23], [5, 18, 6, 19], [3, 20, 4, 21], [22, 16, 23, 15], [9, 24, 10, 1], [21, 2, 22, 3], [19, 4, 20, 5], [11, 6, 12, 7], [13, 8, 14, 9], [1, 10, 2, 11], [7, 12, 8, 13], [14, 18, 15, 17]]"
12n_0454_155,"[[14, 18, 15, 17], [16, 24, 17, 23], [5, 18, 6, 19], [3, 20, 4, 21], [22, 16, 23, 15], [9, 24, 10, 1], [21, 2, 22, 3], [19, 4, 20, 5], [11, 6, 12, 7], [13, 8, 14, 9], [1, 10, 2, 11], [7, 12, 8, 13]]"
12n_0454_156,"[[8, 13, 9, 14], [15, 19, 16, 18], [17, 1, 18, 24], [6, 19, 7, 20], [4, 21, 5, 22], [23, 17, 24, 16], [10, 1, 11, 2], [22, 3, 23, 4], [20, 5, 21, 6], [12, 7, 13, 8], [14, 9, 15, 10], [2, 11, 3, 12]]"
12n_0454_157,"[[2, 11, 3, 12], [8, 13, 9, 14], [15, 19, 16, 18], [17, 1, 18, 24], [6, 19, 7, 20], [4, 21, 5, 22], [23, 17, 24, 16], [10, 1, 11, 2], [22, 3, 23, 4], [20, 5, 21, 6], [12, 7, 13, 8], [14, 9, 15, 10]]"
12n_0454_158,"[[14, 9, 15, 10], [2, 11, 3, 12], [8, 13, 9, 14], [15, 19, 16, 18], [17, 1, 18, 24], [6, 19, 7, 20], [4, 21, 5, 22], [23, 17, 24, 16], [10, 1, 11, 2], [22, 3, 23, 4], [20, 5, 21, 6], [12, 7, 13, 8]]"
12n_0454_159,"[[12, 7, 13, 8], [14, 9, 15, 10], [2, 11, 3, 12], [8, 13, 9, 14], [15, 19, 16, 18], [17, 1, 18, 24], [6, 19, 7, 20], [4, 21, 5, 22], [23, 17, 24, 16], [10, 1, 11, 2], [22, 3, 23, 4], [20, 5, 21, 6]]"
12n_0454_160,"[[20, 5, 21, 6], [12, 7, 13, 8], [14, 9, 15, 10], [2, 11, 3, 12], [8, 13, 9, 14], [15, 19, 16, 18], [17, 1, 18, 24], [6, 19, 7, 20], [4, 21, 5, 22], [23, 17, 24, 16], [10, 1, 11, 2], [22, 3, 23, 4]]"
12n_0454_161,"[[22, 3, 23, 4], [20, 5, 21, 6], [12, 7, 13, 8], [14, 9, 15, 10], [2, 11, 3, 12], [8, 13, 9, 14], [15, 19, 16, 18], [17, 1, 18, 24], [6, 19, 7, 20], [4, 21, 5, 22], [23, 17, 24, 16], [10, 1, 11, 2]]"
12n_0454_162,"[[10, 1, 11, 2], [22, 3, 23, 4], [20, 5, 21, 6], [12, 7, 13, 8], [14, 9, 15, 10], [2, 11, 3, 12], [8, 13, 9, 14], [15, 19, 16, 18], [17, 1, 18, 24], [6, 19, 7, 20], [4, 21, 5, 22], [23, 17, 24, 16]]"
12n_0454_163,"[[23, 17, 24, 16], [10, 1, 11, 2], [22, 3, 23, 4], [20, 5, 21, 6], [12, 7, 13, 8], [14, 9, 15, 10], [2, 11, 3, 12], [8, 13, 9, 14], [15, 19, 16, 18], [17, 1, 18, 24], [6, 19, 7, 20], [4, 21, 5, 22]]"
12n_0454_164,"[[4, 21, 5, 22], [23, 17, 24, 16], [10, 1, 11, 2], [22, 3, 23, 4], [20, 5, 21, 6], [12, 7, 13, 8], [14, 9, 15, 10], [2, 11, 3, 12], [8, 13, 9, 14], [15, 19, 16, 18], [17, 1, 18, 24], [6, 19, 7, 20]]"
12n_0454_165,"[[6, 19, 7, 20], [4, 21, 5, 22], [23, 17, 24, 16], [10, 1, 11, 2], [22, 3, 23, 4], [20, 5, 21, 6], [12, 7, 13, 8], [14, 9, 15, 10], [2, 11, 3, 12], [8, 13, 9, 14], [15, 19, 16, 18], [17, 1, 18, 24]]"
12n_0454_166,"[[17, 1, 18, 24], [6, 19, 7, 20], [4, 21, 5, 22], [23, 17, 24, 16], [10, 1, 11, 2], [22, 3, 23, 4], [20, 5, 21, 6], [12, 7, 13, 8], [14, 9, 15, 10], [2, 11, 3, 12], [8, 13, 9, 14], [15, 19, 16, 18]]"
12n_0454_167,"[[15, 19, 16, 18], [17, 1, 18, 24], [6, 19, 7, 20], [4, 21, 5, 22], [23, 17, 24, 16], [10, 1, 11, 2], [22, 3, 23, 4], [20, 5, 21, 6], [12, 7, 13, 8], [14, 9, 15, 10], [2, 11, 3, 12], [8, 13, 9, 14]]"
12n_0454_168,"[[9, 14, 10, 15], [16, 20, 17, 19], [18, 2, 19, 1], [7, 20, 8, 21], [5, 22, 6, 23], [24, 18, 1, 17], [11, 2, 12, 3], [23, 4, 24, 5], [21, 6, 22, 7], [13, 8, 14, 9], [15, 10, 16, 11], [3, 12, 4, 13]]"
12n_0454_169,"[[3, 12, 4, 13], [9, 14, 10, 15], [16, 20, 17, 19], [18, 2, 19, 1], [7, 20, 8, 21], [5, 22, 6, 23], [24, 18, 1, 17], [11, 2, 12, 3], [23, 4, 24, 5], [21, 6, 22, 7], [13, 8, 14, 9], [15, 10, 16, 11]]"
12n_0454_170,"[[15, 10, 16, 11], [3, 12, 4, 13], [9, 14, 10, 15], [16, 20, 17, 19], [18, 2, 19, 1], [7, 20, 8, 21], [5, 22, 6, 23], [24, 18, 1, 17], [11, 2, 12, 3], [23, 4, 24, 5], [21, 6, 22, 7], [13, 8, 14, 9]]"
12n_0454_171,"[[13, 8, 14, 9], [15, 10, 16, 11], [3, 12, 4, 13], [9, 14, 10, 15], [16, 20, 17, 19], [18, 2, 19, 1], [7, 20, 8, 21], [5, 22, 6, 23], [24, 18, 1, 17], [11, 2, 12, 3], [23, 4, 24, 5], [21, 6, 22, 7]]"
12n_0454_172,"[[21, 6, 22, 7], [13, 8, 14, 9], [15, 10, 16, 11], [3, 12, 4, 13], [9, 14, 10, 15], [16, 20, 17, 19], [18, 2, 19, 1], [7, 20, 8, 21], [5, 22, 6, 23], [24, 18, 1, 17], [11, 2, 12, 3], [23, 4, 24, 5]]"
12n_0454_173,"[[23, 4, 24, 5], [21, 6, 22, 7], [13, 8, 14, 9], [15, 10, 16, 11], [3, 12, 4, 13], [9, 14, 10, 15], [16, 20, 17, 19], [18, 2, 19, 1], [7, 20, 8, 21], [5, 22, 6, 23], [24, 18, 1, 17], [11, 2, 12, 3]]"
12n_0454_174,"[[11, 2, 12, 3], [23, 4, 24, 5], [21, 6, 22, 7], [13, 8, 14, 9], [15, 10, 16, 11], [3, 12, 4, 13], [9, 14, 10, 15], [16, 20, 17, 19], [18, 2, 19, 1], [7, 20, 8, 21], [5, 22, 6, 23], [24, 18, 1, 17]]"
12n_0454_175,"[[24, 18, 1, 17], [11, 2, 12, 3], [23, 4, 24, 5], [21, 6, 22, 7], [13, 8, 14, 9], [15, 10, 16, 11], [3, 12, 4, 13], [9, 14, 10, 15], [16, 20, 17, 19], [18, 2, 19, 1], [7, 20, 8, 21], [5, 22, 6, 23]]"
12n_0454_176,"[[5, 22, 6, 23], [24, 18, 1, 17], [11, 2, 12, 3], [23, 4, 24, 5], [21, 6, 22, 7], [13, 8, 14, 9], [15, 10, 16, 11], [3, 12, 4, 13], [9, 14, 10, 15], [16, 20, 17, 19], [18, 2, 19, 1], [7, 20, 8, 21]]"
12n_0454_177,"[[7, 20, 8, 21], [5, 22, 6, 23], [24, 18, 1, 17], [11, 2, 12, 3], [23, 4, 24, 5], [21, 6, 22, 7], [13, 8, 14, 9], [15, 10, 16, 11], [3, 12, 4, 13], [9, 14, 10, 15], [16, 20, 17, 19], [18, 2, 19, 1]]"
12n_0454_178,"[[18, 2, 19, 1], [7, 20, 8, 21], [5, 22, 6, 23], [24, 18, 1, 17], [11, 2, 12, 3], [23, 4, 24, 5], [21, 6, 22, 7], [13, 8, 14, 9], [15, 10, 16, 11], [3, 12, 4, 13], [9, 14, 10, 15], [16, 20, 17, 19]]"
12n_0454_179,"[[16, 20, 17, 19], [18, 2, 19, 1], [7, 20, 8, 21], [5, 22, 6, 23], [24, 18, 1, 17], [11, 2, 12, 3], [23, 4, 24, 5], [21, 6, 22, 7], [13, 8, 14, 9], [15, 10, 16, 11], [3, 12, 4, 13], [9, 14, 10, 15]]"
12n_0454_180,"[[10, 15, 11, 16], [17, 21, 18, 20], [19, 3, 20, 2], [8, 21, 9, 22], [6, 23, 7, 24], [1, 19, 2, 18], [12, 3, 13, 4], [24, 5, 1, 6], [22, 7, 23, 8], [14, 9, 15, 10], [16, 11, 17, 12], [4, 13, 5, 14]]"
12n_0454_181,"[[4, 13, 5, 14], [10, 15, 11, 16], [17, 21, 18, 20], [19, 3, 20, 2], [8, 21, 9, 22], [6, 23, 7, 24], [1, 19, 2, 18], [12, 3, 13, 4], [24, 5, 1, 6], [22, 7, 23, 8], [14, 9, 15, 10], [16, 11, 17, 12]]"
12n_0454_182,"[[16, 11, 17, 12], [4, 13, 5, 14], [10, 15, 11, 16], [17, 21, 18, 20], [19, 3, 20, 2], [8, 21, 9, 22], [6, 23, 7, 24], [1, 19, 2, 18], [12, 3, 13, 4], [24, 5, 1, 6], [22, 7, 23, 8], [14, 9, 15, 10]]"
12n_0454_183,"[[14, 9, 15, 10], [16, 11, 17, 12], [4, 13, 5, 14], [10, 15, 11, 16], [17, 21, 18, 20], [19, 3, 20, 2], [8, 21, 9, 22], [6, 23, 7, 24], [1, 19, 2, 18], [12, 3, 13, 4], [24, 5, 1, 6], [22, 7, 23, 8]]"
12n_0454_184,"[[22, 7, 23, 8], [14, 9, 15, 10], [16, 11, 17, 12], [4, 13, 5, 14], [10, 15, 11, 16], [17, 21, 18, 20], [19, 3, 20, 2], [8, 21, 9, 22], [6, 23, 7, 24], [1, 19, 2, 18], [12, 3, 13, 4], [24, 5, 1, 6]]"
12n_0454_185,"[[24, 5, 1, 6], [22, 7, 23, 8], [14, 9, 15, 10], [16, 11, 17, 12], [4, 13, 5, 14], [10, 15, 11, 16], [17, 21, 18, 20], [19, 3, 20, 2], [8, 21, 9, 22], [6, 23, 7, 24], [1, 19, 2, 18], [12, 3, 13, 4]]"
