name,pd_notation
12n_0595_0,"[[24, 17, 1, 18], [2, 6, 3, 5], [4, 14, 5, 13], [6, 19, 7, 20], [15, 8, 16, 9], [10, 21, 11, 22], [12, 4, 13, 3], [9, 14, 10, 15], [16, 1, 17, 2], [18, 23, 19, 24], [20, 11, 21, 12], [22, 7, 23, 8]]"
12n_0595_1,"[[22, 7, 23, 8], [24, 17, 1, 18], [2, 6, 3, 5], [4, 14, 5, 13], [6, 19, 7, 20], [15, 8, 16, 9], [10, 21, 11, 22], [12, 4, 13, 3], [9, 14, 10, 15], [16, 1, 17, 2], [18, 23, 19, 24], [20, 11, 21, 12]]"
12n_0595_2,"[[20, 11, 21, 12], [22, 7, 23, 8], [24, 17, 1, 18], [2, 6, 3, 5], [4, 14, 5, 13], [6, 19, 7, 20], [15, 8, 16, 9], [10, 21, 11, 22], [12, 4, 13, 3], [9, 14, 10, 15], [16, 1, 17, 2], [18, 23, 19, 24]]"
12n_0595_3,"[[18, 23, 19, 24], [20, 11, 21, 12], [22, 7, 23, 8], [24, 17, 1, 18], [2, 6, 3, 5], [4, 14, 5, 13], [6, 19, 7, 20], [15, 8, 16, 9], [10, 21, 11, 22], [12, 4, 13, 3], [9, 14, 10, 15], [16, 1, 17, 2]]"
12n_0595_4,"[[16, 1, 17, 2], [18, 23, 19, 24], [20, 11, 21, 12], [22, 7, 23, 8], [24, 17, 1, 18], [2, 6, 3, 5], [4, 14, 5, 13], [6, 19, 7, 20], [15, 8, 16, 9], [10, 21, 11, 22], [12, 4, 13, 3], [9, 14, 10, 15]]"
12n_0595_5,"[[9, 14, 10, 15], [16, 1, 17, 2], [18, 23, 19, 24], [20, 11, 21, 12], [22, 7, 23, 8], [24, 17, 1, 18], [2, 6, 3, 5], [4, 14, 5, 13], [6, 19, 7, 20], [15, 8, 16, 9], [10, 21, 11, 22], [12, 4, 13, 3]]"
12n_0595_6,"[[12, 4, 13, 3], [9, 14, 10, 15], [16, 1, 17, 2], [18, 23, 19, 24], [20, 11, 21, 12], [22, 7, 23, 8], [24, 17, 1, 18], [2, 6, 3, 5], [4, 14, 5, 13], [6, 19, 7, 20], [15, 8, 16, 9], [10, 21, 11, 22]]"
12n_0595_7,"[[10, 21, 11, 22], [12, 4, 13, 3], [9, 14, 10, 15], [16, 1, 17, 2], [18, 23, 19, 24], [20, 11, 21, 12], [22, 7, 23, 8], [24, 17, 1, 18], [2, 6, 3, 5], [4, 14, 5, 13], [6, 19, 7, 20], [15, 8, 16, 9]]"
12n_0595_8,"[[15, 8, 16, 9], [10, 21, 11, 22], [12, 4, 13, 3], [9, 14, 10, 15], [16, 1, 17, 2], [18, 23, 19, 24], [20, 11, 21, 12], [22, 7, 23, 8], [24, 17, 1, 18], [2, 6, 3, 5], [4, 14, 5, 13], [6, 19, 7, 20]]"
12n_0595_9,"[[6, 19, 7, 20], [15, 8, 16, 9], [10, 21, 11, 22], [12, 4, 13, 3], [9, 14, 10, 15], [16, 1, 17, 2], [18, 23, 19, 24], [20, 11, 21, 12], [22, 7, 23, 8], [24, 17, 1, 18], [2, 6, 3, 5], [4, 14, 5, 13]]"
12n_0595_10,"[[4, 14, 5, 13], [6, 19, 7, 20], [15, 8, 16, 9], [10, 21, 11, 22], [12, 4, 13, 3], [9, 14, 10, 15], [16, 1, 17, 2], [18, 23, 19, 24], [20, 11, 21, 12], [22, 7, 23, 8], [24, 17, 1, 18], [2, 6, 3, 5]]"
12n_0595_11,"[[2, 6, 3, 5], [4, 14, 5, 13], [6, 19, 7, 20], [15, 8, 16, 9], [10, 21, 11, 22], [12, 4, 13, 3], [9, 14, 10, 15], [16, 1, 17, 2], [18, 23, 19, 24], [20, 11, 21, 12], [22, 7, 23, 8], [24, 17, 1, 18]]"
12n_0595_12,"[[1, 18, 2, 19], [3, 7, 4, 6], [5, 15, 6, 14], [7, 20, 8, 21], [16, 9, 17, 10], [11, 22, 12, 23], [13, 5, 14, 4], [10, 15, 11, 16], [17, 2, 18, 3], [19, 24, 20, 1], [21, 12, 22, 13], [23, 8, 24, 9]]"
12n_0595_13,"[[23, 8, 24, 9], [1, 18, 2, 19], [3, 7, 4, 6], [5, 15, 6, 14], [7, 20, 8, 21], [16, 9, 17, 10], [11, 22, 12, 23], [13, 5, 14, 4], [10, 15, 11, 16], [17, 2, 18, 3], [19, 24, 20, 1], [21, 12, 22, 13]]"
12n_0595_14,"[[21, 12, 22, 13], [23, 8, 24, 9], [1, 18, 2, 19], [3, 7, 4, 6], [5, 15, 6, 14], [7, 20, 8, 21], [16, 9, 17, 10], [11, 22, 12, 23], [13, 5, 14, 4], [10, 15, 11, 16], [17, 2, 18, 3], [19, 24, 20, 1]]"
12n_0595_15,"[[19, 24, 20, 1], [21, 12, 22, 13], [23, 8, 24, 9], [1, 18, 2, 19], [3, 7, 4, 6], [5, 15, 6, 14], [7, 20, 8, 21], [16, 9, 17, 10], [11, 22, 12, 23], [13, 5, 14, 4], [10, 15, 11, 16], [17, 2, 18, 3]]"
12n_0595_16,"[[17, 2, 18, 3], [19, 24, 20, 1], [21, 12, 22, 13], [23, 8, 24, 9], [1, 18, 2, 19], [3, 7, 4, 6], [5, 15, 6, 14], [7, 20, 8, 21], [16, 9, 17, 10], [11, 22, 12, 23], [13, 5, 14, 4], [10, 15, 11, 16]]"
12n_0595_17,"[[10, 15, 11, 16], [17, 2, 18, 3], [19, 24, 20, 1], [21, 12, 22, 13], [23, 8, 24, 9], [1, 18, 2, 19], [3, 7, 4, 6], [5, 15, 6, 14], [7, 20, 8, 21], [16, 9, 17, 10], [11, 22, 12, 23], [13, 5, 14, 4]]"
12n_0595_18,"[[13, 5, 14, 4], [10, 15, 11, 16], [17, 2, 18, 3], [19, 24, 20, 1], [21, 12, 22, 13], [23, 8, 24, 9], [1, 18, 2, 19], [3, 7, 4, 6], [5, 15, 6, 14], [7, 20, 8, 21], [16, 9, 17, 10], [11, 22, 12, 23]]"
12n_0595_19,"[[11, 22, 12, 23], [13, 5, 14, 4], [10, 15, 11, 16], [17, 2, 18, 3], [19, 24, 20, 1], [21, 12, 22, 13], [23, 8, 24, 9], [1, 18, 2, 19], [3, 7, 4, 6], [5, 15, 6, 14], [7, 20, 8, 21], [16, 9, 17, 10]]"
12n_0595_20,"[[16, 9, 17, 10], [11, 22, 12, 23], [13, 5, 14, 4], [10, 15, 11, 16], [17, 2, 18, 3], [19, 24, 20, 1], [21, 12, 22, 13], [23, 8, 24, 9], [1, 18, 2, 19], [3, 7, 4, 6], [5, 15, 6, 14], [7, 20, 8, 21]]"
12n_0595_21,"[[7, 20, 8, 21], [16, 9, 17, 10], [11, 22, 12, 23], [13, 5, 14, 4], [10, 15, 11, 16], [17, 2, 18, 3], [19, 24, 20, 1], [21, 12, 22, 13], [23, 8, 24, 9], [1, 18, 2, 19], [3, 7, 4, 6], [5, 15, 6, 14]]"
12n_0595_22,"[[5, 15, 6, 14], [7, 20, 8, 21], [16, 9, 17, 10], [11, 22, 12, 23], [13, 5, 14, 4], [10, 15, 11, 16], [17, 2, 18, 3], [19, 24, 20, 1], [21, 12, 22, 13], [23, 8, 24, 9], [1, 18, 2, 19], [3, 7, 4, 6]]"
12n_0595_23,"[[3, 7, 4, 6], [5, 15, 6, 14], [7, 20, 8, 21], [16, 9, 17, 10], [11, 22, 12, 23], [13, 5, 14, 4], [10, 15, 11, 16], [17, 2, 18, 3], [19, 24, 20, 1], [21, 12, 22, 13], [23, 8, 24, 9], [1, 18, 2, 19]]"
12n_0595_24,"[[2, 19, 3, 20], [4, 8, 5, 7], [6, 16, 7, 15], [8, 21, 9, 22], [17, 10, 18, 11], [12, 23, 13, 24], [14, 6, 15, 5], [11, 16, 12, 17], [18, 3, 19, 4], [20, 1, 21, 2], [22, 13, 23, 14], [24, 9, 1, 10]]"
12n_0595_25,"[[24, 9, 1, 10], [2, 19, 3, 20], [4, 8, 5, 7], [6, 16, 7, 15], [8, 21, 9, 22], [17, 10, 18, 11], [12, 23, 13, 24], [14, 6, 15, 5], [11, 16, 12, 17], [18, 3, 19, 4], [20, 1, 21, 2], [22, 13, 23, 14]]"
12n_0595_26,"[[22, 13, 23, 14], [24, 9, 1, 10], [2, 19, 3, 20], [4, 8, 5, 7], [6, 16, 7, 15], [8, 21, 9, 22], [17, 10, 18, 11], [12, 23, 13, 24], [14, 6, 15, 5], [11, 16, 12, 17], [18, 3, 19, 4], [20, 1, 21, 2]]"
12n_0595_27,"[[20, 1, 21, 2], [22, 13, 23, 14], [24, 9, 1, 10], [2, 19, 3, 20], [4, 8, 5, 7], [6, 16, 7, 15], [8, 21, 9, 22], [17, 10, 18, 11], [12, 23, 13, 24], [14, 6, 15, 5], [11, 16, 12, 17], [18, 3, 19, 4]]"
12n_0595_28,"[[18, 3, 19, 4], [20, 1, 21, 2], [22, 13, 23, 14], [24, 9, 1, 10], [2, 19, 3, 20], [4, 8, 5, 7], [6, 16, 7, 15], [8, 21, 9, 22], [17, 10, 18, 11], [12, 23, 13, 24], [14, 6, 15, 5], [11, 16, 12, 17]]"
12n_0595_29,"[[11, 16, 12, 17], [18, 3, 19, 4], [20, 1, 21, 2], [22, 13, 23, 14], [24, 9, 1, 10], [2, 19, 3, 20], [4, 8, 5, 7], [6, 16, 7, 15], [8, 21, 9, 22], [17, 10, 18, 11], [12, 23, 13, 24], [14, 6, 15, 5]]"
12n_0595_30,"[[14, 6, 15, 5], [11, 16, 12, 17], [18, 3, 19, 4], [20, 1, 21, 2], [22, 13, 23, 14], [24, 9, 1, 10], [2, 19, 3, 20], [4, 8, 5, 7], [6, 16, 7, 15], [8, 21, 9, 22], [17, 10, 18, 11], [12, 23, 13, 24]]"
12n_0595_31,"[[12, 23, 13, 24], [14, 6, 15, 5], [11, 16, 12, 17], [18, 3, 19, 4], [20, 1, 21, 2], [22, 13, 23, 14], [24, 9, 1, 10], [2, 19, 3, 20], [4, 8, 5, 7], [6, 16, 7, 15], [8, 21, 9, 22], [17, 10, 18, 11]]"
12n_0595_32,"[[17, 10, 18, 11], [12, 23, 13, 24], [14, 6, 15, 5], [11, 16, 12, 17], [18, 3, 19, 4], [20, 1, 21, 2], [22, 13, 23, 14], [24, 9, 1, 10], [2, 19, 3, 20], [4, 8, 5, 7], [6, 16, 7, 15], [8, 21, 9, 22]]"
12n_0595_33,"[[8, 21, 9, 22], [17, 10, 18, 11], [12, 23, 13, 24], [14, 6, 15, 5], [11, 16, 12, 17], [18, 3, 19, 4], [20, 1, 21, 2], [22, 13, 23, 14], [24, 9, 1, 10], [2, 19, 3, 20], [4, 8, 5, 7], [6, 16, 7, 15]]"
12n_0595_34,"[[6, 16, 7, 15], [8, 21, 9, 22], [17, 10, 18, 11], [12, 23, 13, 24], [14, 6, 15, 5], [11, 16, 12, 17], [18, 3, 19, 4], [20, 1, 21, 2], [22, 13, 23, 14], [24, 9, 1, 10], [2, 19, 3, 20], [4, 8, 5, 7]]"
12n_0595_35,"[[4, 8, 5, 7], [6, 16, 7, 15], [8, 21, 9, 22], [17, 10, 18, 11], [12, 23, 13, 24], [14, 6, 15, 5], [11, 16, 12, 17], [18, 3, 19, 4], [20, 1, 21, 2], [22, 13, 23, 14], [24, 9, 1, 10], [2, 19, 3, 20]]"
12n_0595_36,"[[3, 20, 4, 21], [5, 9, 6, 8], [7, 17, 8, 16], [9, 22, 10, 23], [18, 11, 19, 12], [13, 24, 14, 1], [15, 7, 16, 6], [12, 17, 13, 18], [19, 4, 20, 5], [21, 2, 22, 3], [23, 14, 24, 15], [1, 10, 2, 11]]"
12n_0595_37,"[[1, 10, 2, 11], [3, 20, 4, 21], [5, 9, 6, 8], [7, 17, 8, 16], [9, 22, 10, 23], [18, 11, 19, 12], [13, 24, 14, 1], [15, 7, 16, 6], [12, 17, 13, 18], [19, 4, 20, 5], [21, 2, 22, 3], [23, 14, 24, 15]]"
12n_0595_38,"[[23, 14, 24, 15], [1, 10, 2, 11], [3, 20, 4, 21], [5, 9, 6, 8], [7, 17, 8, 16], [9, 22, 10, 23], [18, 11, 19, 12], [13, 24, 14, 1], [15, 7, 16, 6], [12, 17, 13, 18], [19, 4, 20, 5], [21, 2, 22, 3]]"
12n_0595_39,"[[21, 2, 22, 3], [23, 14, 24, 15], [1, 10, 2, 11], [3, 20, 4, 21], [5, 9, 6, 8], [7, 17, 8, 16], [9, 22, 10, 23], [18, 11, 19, 12], [13, 24, 14, 1], [15, 7, 16, 6], [12, 17, 13, 18], [19, 4, 20, 5]]"
12n_0595_40,"[[19, 4, 20, 5], [21, 2, 22, 3], [23, 14, 24, 15], [1, 10, 2, 11], [3, 20, 4, 21], [5, 9, 6, 8], [7, 17, 8, 16], [9, 22, 10, 23], [18, 11, 19, 12], [13, 24, 14, 1], [15, 7, 16, 6], [12, 17, 13, 18]]"
12n_0595_41,"[[12, 17, 13, 18], [19, 4, 20, 5], [21, 2, 22, 3], [23, 14, 24, 15], [1, 10, 2, 11], [3, 20, 4, 21], [5, 9, 6, 8], [7, 17, 8, 16], [9, 22, 10, 23], [18, 11, 19, 12], [13, 24, 14, 1], [15, 7, 16, 6]]"
12n_0595_42,"[[15, 7, 16, 6], [12, 17, 13, 18], [19, 4, 20, 5], [21, 2, 22, 3], [23, 14, 24, 15], [1, 10, 2, 11], [3, 20, 4, 21], [5, 9, 6, 8], [7, 17, 8, 16], [9, 22, 10, 23], [18, 11, 19, 12], [13, 24, 14, 1]]"
12n_0595_43,"[[13, 24, 14, 1], [15, 7, 16, 6], [12, 17, 13, 18], [19, 4, 20, 5], [21, 2, 22, 3], [23, 14, 24, 15], [1, 10, 2, 11], [3, 20, 4, 21], [5, 9, 6, 8], [7, 17, 8, 16], [9, 22, 10, 23], [18, 11, 19, 12]]"
12n_0595_44,"[[18, 11, 19, 12], [13, 24, 14, 1], [15, 7, 16, 6], [12, 17, 13, 18], [19, 4, 20, 5], [21, 2, 22, 3], [23, 14, 24, 15], [1, 10, 2, 11], [3, 20, 4, 21], [5, 9, 6, 8], [7, 17, 8, 16], [9, 22, 10, 23]]"
12n_0595_45,"[[9, 22, 10, 23], [18, 11, 19, 12], [13, 24, 14, 1], [15, 7, 16, 6], [12, 17, 13, 18], [19, 4, 20, 5], [21, 2, 22, 3], [23, 14, 24, 15], [1, 10, 2, 11], [3, 20, 4, 21], [5, 9, 6, 8], [7, 17, 8, 16]]"
12n_0595_46,"[[7, 17, 8, 16], [9, 22, 10, 23], [18, 11, 19, 12], [13, 24, 14, 1], [15, 7, 16, 6], [12, 17, 13, 18], [19, 4, 20, 5], [21, 2, 22, 3], [23, 14, 24, 15], [1, 10, 2, 11], [3, 20, 4, 21], [5, 9, 6, 8]]"
12n_0595_47,"[[5, 9, 6, 8], [7, 17, 8, 16], [9, 22, 10, 23], [18, 11, 19, 12], [13, 24, 14, 1], [15, 7, 16, 6], [12, 17, 13, 18], [19, 4, 20, 5], [21, 2, 22, 3], [23, 14, 24, 15], [1, 10, 2, 11], [3, 20, 4, 21]]"
12n_0595_48,"[[4, 21, 5, 22], [6, 10, 7, 9], [8, 18, 9, 17], [10, 23, 11, 24], [19, 12, 20, 13], [14, 1, 15, 2], [16, 8, 17, 7], [13, 18, 14, 19], [20, 5, 21, 6], [22, 3, 23, 4], [24, 15, 1, 16], [2, 11, 3, 12]]"
12n_0595_49,"[[2, 11, 3, 12], [4, 21, 5, 22], [6, 10, 7, 9], [8, 18, 9, 17], [10, 23, 11, 24], [19, 12, 20, 13], [14, 1, 15, 2], [16, 8, 17, 7], [13, 18, 14, 19], [20, 5, 21, 6], [22, 3, 23, 4], [24, 15, 1, 16]]"
12n_0595_50,"[[24, 15, 1, 16], [2, 11, 3, 12], [4, 21, 5, 22], [6, 10, 7, 9], [8, 18, 9, 17], [10, 23, 11, 24], [19, 12, 20, 13], [14, 1, 15, 2], [16, 8, 17, 7], [13, 18, 14, 19], [20, 5, 21, 6], [22, 3, 23, 4]]"
12n_0595_51,"[[22, 3, 23, 4], [24, 15, 1, 16], [2, 11, 3, 12], [4, 21, 5, 22], [6, 10, 7, 9], [8, 18, 9, 17], [10, 23, 11, 24], [19, 12, 20, 13], [14, 1, 15, 2], [16, 8, 17, 7], [13, 18, 14, 19], [20, 5, 21, 6]]"
12n_0595_52,"[[20, 5, 21, 6], [22, 3, 23, 4], [24, 15, 1, 16], [2, 11, 3, 12], [4, 21, 5, 22], [6, 10, 7, 9], [8, 18, 9, 17], [10, 23, 11, 24], [19, 12, 20, 13], [14, 1, 15, 2], [16, 8, 17, 7], [13, 18, 14, 19]]"
12n_0595_53,"[[13, 18, 14, 19], [20, 5, 21, 6], [22, 3, 23, 4], [24, 15, 1, 16], [2, 11, 3, 12], [4, 21, 5, 22], [6, 10, 7, 9], [8, 18, 9, 17], [10, 23, 11, 24], [19, 12, 20, 13], [14, 1, 15, 2], [16, 8, 17, 7]]"
12n_0595_54,"[[16, 8, 17, 7], [13, 18, 14, 19], [20, 5, 21, 6], [22, 3, 23, 4], [24, 15, 1, 16], [2, 11, 3, 12], [4, 21, 5, 22], [6, 10, 7, 9], [8, 18, 9, 17], [10, 23, 11, 24], [19, 12, 20, 13], [14, 1, 15, 2]]"
12n_0595_55,"[[14, 1, 15, 2], [16, 8, 17, 7], [13, 18, 14, 19], [20, 5, 21, 6], [22, 3, 23, 4], [24, 15, 1, 16], [2, 11, 3, 12], [4, 21, 5, 22], [6, 10, 7, 9], [8, 18, 9, 17], [10, 23, 11, 24], [19, 12, 20, 13]]"
12n_0595_56,"[[19, 12, 20, 13], [14, 1, 15, 2], [16, 8, 17, 7], [13, 18, 14, 19], [20, 5, 21, 6], [22, 3, 23, 4], [24, 15, 1, 16], [2, 11, 3, 12], [4, 21, 5, 22], [6, 10, 7, 9], [8, 18, 9, 17], [10, 23, 11, 24]]"
12n_0595_57,"[[10, 23, 11, 24], [19, 12, 20, 13], [14, 1, 15, 2], [16, 8, 17, 7], [13, 18, 14, 19], [20, 5, 21, 6], [22, 3, 23, 4], [24, 15, 1, 16], [2, 11, 3, 12], [4, 21, 5, 22], [6, 10, 7, 9], [8, 18, 9, 17]]"
12n_0595_58,"[[8, 18, 9, 17], [10, 23, 11, 24], [19, 12, 20, 13], [14, 1, 15, 2], [16, 8, 17, 7], [13, 18, 14, 19], [20, 5, 21, 6], [22, 3, 23, 4], [24, 15, 1, 16], [2, 11, 3, 12], [4, 21, 5, 22], [6, 10, 7, 9]]"
12n_0595_59,"[[6, 10, 7, 9], [8, 18, 9, 17], [10, 23, 11, 24], [19, 12, 20, 13], [14, 1, 15, 2], [16, 8, 17, 7], [13, 18, 14, 19], [20, 5, 21, 6], [22, 3, 23, 4], [24, 15, 1, 16], [2, 11, 3, 12], [4, 21, 5, 22]]"
12n_0595_60,"[[5, 22, 6, 23], [7, 11, 8, 10], [9, 19, 10, 18], [11, 24, 12, 1], [20, 13, 21, 14], [15, 2, 16, 3], [17, 9, 18, 8], [14, 19, 15, 20], [21, 6, 22, 7], [23, 4, 24, 5], [1, 16, 2, 17], [3, 12, 4, 13]]"
12n_0595_61,"[[3, 12, 4, 13], [5, 22, 6, 23], [7, 11, 8, 10], [9, 19, 10, 18], [11, 24, 12, 1], [20, 13, 21, 14], [15, 2, 16, 3], [17, 9, 18, 8], [14, 19, 15, 20], [21, 6, 22, 7], [23, 4, 24, 5], [1, 16, 2, 17]]"
12n_0595_62,"[[1, 16, 2, 17], [3, 12, 4, 13], [5, 22, 6, 23], [7, 11, 8, 10], [9, 19, 10, 18], [11, 24, 12, 1], [20, 13, 21, 14], [15, 2, 16, 3], [17, 9, 18, 8], [14, 19, 15, 20], [21, 6, 22, 7], [23, 4, 24, 5]]"
12n_0595_63,"[[23, 4, 24, 5], [1, 16, 2, 17], [3, 12, 4, 13], [5, 22, 6, 23], [7, 11, 8, 10], [9, 19, 10, 18], [11, 24, 12, 1], [20, 13, 21, 14], [15, 2, 16, 3], [17, 9, 18, 8], [14, 19, 15, 20], [21, 6, 22, 7]]"
12n_0595_64,"[[21, 6, 22, 7], [23, 4, 24, 5], [1, 16, 2, 17], [3, 12, 4, 13], [5, 22, 6, 23], [7, 11, 8, 10], [9, 19, 10, 18], [11, 24, 12, 1], [20, 13, 21, 14], [15, 2, 16, 3], [17, 9, 18, 8], [14, 19, 15, 20]]"
12n_0595_65,"[[14, 19, 15, 20], [21, 6, 22, 7], [23, 4, 24, 5], [1, 16, 2, 17], [3, 12, 4, 13], [5, 22, 6, 23], [7, 11, 8, 10], [9, 19, 10, 18], [11, 24, 12, 1], [20, 13, 21, 14], [15, 2, 16, 3], [17, 9, 18, 8]]"
12n_0595_66,"[[17, 9, 18, 8], [14, 19, 15, 20], [21, 6, 22, 7], [23, 4, 24, 5], [1, 16, 2, 17], [3, 12, 4, 13], [5, 22, 6, 23], [7, 11, 8, 10], [9, 19, 10, 18], [11, 24, 12, 1], [20, 13, 21, 14], [15, 2, 16, 3]]"
12n_0595_67,"[[15, 2, 16, 3], [17, 9, 18, 8], [14, 19, 15, 20], [21, 6, 22, 7], [23, 4, 24, 5], [1, 16, 2, 17], [3, 12, 4, 13], [5, 22, 6, 23], [7, 11, 8, 10], [9, 19, 10, 18], [11, 24, 12, 1], [20, 13, 21, 14]]"
12n_0595_68,"[[20, 13, 21, 14], [15, 2, 16, 3], [17, 9, 18, 8], [14, 19, 15, 20], [21, 6, 22, 7], [23, 4, 24, 5], [1, 16, 2, 17], [3, 12, 4, 13], [5, 22, 6, 23], [7, 11, 8, 10], [9, 19, 10, 18], [11, 24, 12, 1]]"
12n_0595_69,"[[11, 24, 12, 1], [20, 13, 21, 14], [15, 2, 16, 3], [17, 9, 18, 8], [14, 19, 15, 20], [21, 6, 22, 7], [23, 4, 24, 5], [1, 16, 2, 17], [3, 12, 4, 13], [5, 22, 6, 23], [7, 11, 8, 10], [9, 19, 10, 18]]"
12n_0595_70,"[[9, 19, 10, 18], [11, 24, 12, 1], [20, 13, 21, 14], [15, 2, 16, 3], [17, 9, 18, 8], [14, 19, 15, 20], [21, 6, 22, 7], [23, 4, 24, 5], [1, 16, 2, 17], [3, 12, 4, 13], [5, 22, 6, 23], [7, 11, 8, 10]]"
12n_0595_71,"[[7, 11, 8, 10], [9, 19, 10, 18], [11, 24, 12, 1], [20, 13, 21, 14], [15, 2, 16, 3], [17, 9, 18, 8], [14, 19, 15, 20], [21, 6, 22, 7], [23, 4, 24, 5], [1, 16, 2, 17], [3, 12, 4, 13], [5, 22, 6, 23]]"
12n_0595_72,"[[6, 23, 7, 24], [8, 12, 9, 11], [10, 20, 11, 19], [12, 1, 13, 2], [21, 14, 22, 15], [16, 3, 17, 4], [18, 10, 19, 9], [15, 20, 16, 21], [22, 7, 23, 8], [24, 5, 1, 6], [2, 17, 3, 18], [4, 13, 5, 14]]"
12n_0595_73,"[[4, 13, 5, 14], [6, 23, 7, 24], [8, 12, 9, 11], [10, 20, 11, 19], [12, 1, 13, 2], [21, 14, 22, 15], [16, 3, 17, 4], [18, 10, 19, 9], [15, 20, 16, 21], [22, 7, 23, 8], [24, 5, 1, 6], [2, 17, 3, 18]]"
12n_0595_74,"[[2, 17, 3, 18], [4, 13, 5, 14], [6, 23, 7, 24], [8, 12, 9, 11], [10, 20, 11, 19], [12, 1, 13, 2], [21, 14, 22, 15], [16, 3, 17, 4], [18, 10, 19, 9], [15, 20, 16, 21], [22, 7, 23, 8], [24, 5, 1, 6]]"
12n_0595_75,"[[24, 5, 1, 6], [2, 17, 3, 18], [4, 13, 5, 14], [6, 23, 7, 24], [8, 12, 9, 11], [10, 20, 11, 19], [12, 1, 13, 2], [21, 14, 22, 15], [16, 3, 17, 4], [18, 10, 19, 9], [15, 20, 16, 21], [22, 7, 23, 8]]"
12n_0595_76,"[[22, 7, 23, 8], [24, 5, 1, 6], [2, 17, 3, 18], [4, 13, 5, 14], [6, 23, 7, 24], [8, 12, 9, 11], [10, 20, 11, 19], [12, 1, 13, 2], [21, 14, 22, 15], [16, 3, 17, 4], [18, 10, 19, 9], [15, 20, 16, 21]]"
12n_0595_77,"[[15, 20, 16, 21], [22, 7, 23, 8], [24, 5, 1, 6], [2, 17, 3, 18], [4, 13, 5, 14], [6, 23, 7, 24], [8, 12, 9, 11], [10, 20, 11, 19], [12, 1, 13, 2], [21, 14, 22, 15], [16, 3, 17, 4], [18, 10, 19, 9]]"
12n_0595_78,"[[18, 10, 19, 9], [15, 20, 16, 21], [22, 7, 23, 8], [24, 5, 1, 6], [2, 17, 3, 18], [4, 13, 5, 14], [6, 23, 7, 24], [8, 12, 9, 11], [10, 20, 11, 19], [12, 1, 13, 2], [21, 14, 22, 15], [16, 3, 17, 4]]"
12n_0595_79,"[[16, 3, 17, 4], [18, 10, 19, 9], [15, 20, 16, 21], [22, 7, 23, 8], [24, 5, 1, 6], [2, 17, 3, 18], [4, 13, 5, 14], [6, 23, 7, 24], [8, 12, 9, 11], [10, 20, 11, 19], [12, 1, 13, 2], [21, 14, 22, 15]]"
12n_0595_80,"[[21, 14, 22, 15], [16, 3, 17, 4], [18, 10, 19, 9], [15, 20, 16, 21], [22, 7, 23, 8], [24, 5, 1, 6], [2, 17, 3, 18], [4, 13, 5, 14], [6, 23, 7, 24], [8, 12, 9, 11], [10, 20, 11, 19], [12, 1, 13, 2]]"
12n_0595_81,"[[12, 1, 13, 2], [21, 14, 22, 15], [16, 3, 17, 4], [18, 10, 19, 9], [15, 20, 16, 21], [22, 7, 23, 8], [24, 5, 1, 6], [2, 17, 3, 18], [4, 13, 5, 14], [6, 23, 7, 24], [8, 12, 9, 11], [10, 20, 11, 19]]"
12n_0595_82,"[[10, 20, 11, 19], [12, 1, 13, 2], [21, 14, 22, 15], [16, 3, 17, 4], [18, 10, 19, 9], [15, 20, 16, 21], [22, 7, 23, 8], [24, 5, 1, 6], [2, 17, 3, 18], [4, 13, 5, 14], [6, 23, 7, 24], [8, 12, 9, 11]]"
12n_0595_83,"[[8, 12, 9, 11], [10, 20, 11, 19], [12, 1, 13, 2], [21, 14, 22, 15], [16, 3, 17, 4], [18, 10, 19, 9], [15, 20, 16, 21], [22, 7, 23, 8], [24, 5, 1, 6], [2, 17, 3, 18], [4, 13, 5, 14], [6, 23, 7, 24]]"
12n_0595_84,"[[7, 24, 8, 1], [9, 13, 10, 12], [11, 21, 12, 20], [13, 2, 14, 3], [22, 15, 23, 16], [17, 4, 18, 5], [19, 11, 20, 10], [16, 21, 17, 22], [23, 8, 24, 9], [1, 6, 2, 7], [3, 18, 4, 19], [5, 14, 6, 15]]"
12n_0595_85,"[[5, 14, 6, 15], [7, 24, 8, 1], [9, 13, 10, 12], [11, 21, 12, 20], [13, 2, 14, 3], [22, 15, 23, 16], [17, 4, 18, 5], [19, 11, 20, 10], [16, 21, 17, 22], [23, 8, 24, 9], [1, 6, 2, 7], [3, 18, 4, 19]]"
12n_0595_86,"[[3, 18, 4, 19], [5, 14, 6, 15], [7, 24, 8, 1], [9, 13, 10, 12], [11, 21, 12, 20], [13, 2, 14, 3], [22, 15, 23, 16], [17, 4, 18, 5], [19, 11, 20, 10], [16, 21, 17, 22], [23, 8, 24, 9], [1, 6, 2, 7]]"
12n_0595_87,"[[1, 6, 2, 7], [3, 18, 4, 19], [5, 14, 6, 15], [7, 24, 8, 1], [9, 13, 10, 12], [11, 21, 12, 20], [13, 2, 14, 3], [22, 15, 23, 16], [17, 4, 18, 5], [19, 11, 20, 10], [16, 21, 17, 22], [23, 8, 24, 9]]"
12n_0595_88,"[[23, 8, 24, 9], [1, 6, 2, 7], [3, 18, 4, 19], [5, 14, 6, 15], [7, 24, 8, 1], [9, 13, 10, 12], [11, 21, 12, 20], [13, 2, 14, 3], [22, 15, 23, 16], [17, 4, 18, 5], [19, 11, 20, 10], [16, 21, 17, 22]]"
12n_0595_89,"[[16, 21, 17, 22], [23, 8, 24, 9], [1, 6, 2, 7], [3, 18, 4, 19], [5, 14, 6, 15], [7, 24, 8, 1], [9, 13, 10, 12], [11, 21, 12, 20], [13, 2, 14, 3], [22, 15, 23, 16], [17, 4, 18, 5], [19, 11, 20, 10]]"
12n_0595_90,"[[19, 11, 20, 10], [16, 21, 17, 22], [23, 8, 24, 9], [1, 6, 2, 7], [3, 18, 4, 19], [5, 14, 6, 15], [7, 24, 8, 1], [9, 13, 10, 12], [11, 21, 12, 20], [13, 2, 14, 3], [22, 15, 23, 16], [17, 4, 18, 5]]"
12n_0595_91,"[[17, 4, 18, 5], [19, 11, 20, 10], [16, 21, 17, 22], [23, 8, 24, 9], [1, 6, 2, 7], [3, 18, 4, 19], [5, 14, 6, 15], [7, 24, 8, 1], [9, 13, 10, 12], [11, 21, 12, 20], [13, 2, 14, 3], [22, 15, 23, 16]]"
12n_0595_92,"[[22, 15, 23, 16], [17, 4, 18, 5], [19, 11, 20, 10], [16, 21, 17, 22], [23, 8, 24, 9], [1, 6, 2, 7], [3, 18, 4, 19], [5, 14, 6, 15], [7, 24, 8, 1], [9, 13, 10, 12], [11, 21, 12, 20], [13, 2, 14, 3]]"
12n_0595_93,"[[13, 2, 14, 3], [22, 15, 23, 16], [17, 4, 18, 5], [19, 11, 20, 10], [16, 21, 17, 22], [23, 8, 24, 9], [1, 6, 2, 7], [3, 18, 4, 19], [5, 14, 6, 15], [7, 24, 8, 1], [9, 13, 10, 12], [11, 21, 12, 20]]"
12n_0595_94,"[[11, 21, 12, 20], [13, 2, 14, 3], [22, 15, 23, 16], [17, 4, 18, 5], [19, 11, 20, 10], [16, 21, 17, 22], [23, 8, 24, 9], [1, 6, 2, 7], [3, 18, 4, 19], [5, 14, 6, 15], [7, 24, 8, 1], [9, 13, 10, 12]]"
12n_0595_95,"[[9, 13, 10, 12], [11, 21, 12, 20], [13, 2, 14, 3], [22, 15, 23, 16], [17, 4, 18, 5], [19, 11, 20, 10], [16, 21, 17, 22], [23, 8, 24, 9], [1, 6, 2, 7], [3, 18, 4, 19], [5, 14, 6, 15], [7, 24, 8, 1]]"
12n_0595_96,"[[8, 1, 9, 2], [10, 14, 11, 13], [12, 22, 13, 21], [14, 3, 15, 4], [23, 16, 24, 17], [18, 5, 19, 6], [20, 12, 21, 11], [17, 22, 18, 23], [24, 9, 1, 10], [2, 7, 3, 8], [4, 19, 5, 20], [6, 15, 7, 16]]"
12n_0595_97,"[[6, 15, 7, 16], [8, 1, 9, 2], [10, 14, 11, 13], [12, 22, 13, 21], [14, 3, 15, 4], [23, 16, 24, 17], [18, 5, 19, 6], [20, 12, 21, 11], [17, 22, 18, 23], [24, 9, 1, 10], [2, 7, 3, 8], [4, 19, 5, 20]]"
12n_0595_98,"[[4, 19, 5, 20], [6, 15, 7, 16], [8, 1, 9, 2], [10, 14, 11, 13], [12, 22, 13, 21], [14, 3, 15, 4], [23, 16, 24, 17], [18, 5, 19, 6], [20, 12, 21, 11], [17, 22, 18, 23], [24, 9, 1, 10], [2, 7, 3, 8]]"
12n_0595_99,"[[2, 7, 3, 8], [4, 19, 5, 20], [6, 15, 7, 16], [8, 1, 9, 2], [10, 14, 11, 13], [12, 22, 13, 21], [14, 3, 15, 4], [23, 16, 24, 17], [18, 5, 19, 6], [20, 12, 21, 11], [17, 22, 18, 23], [24, 9, 1, 10]]"
12n_0595_100,"[[24, 9, 1, 10], [2, 7, 3, 8], [4, 19, 5, 20], [6, 15, 7, 16], [8, 1, 9, 2], [10, 14, 11, 13], [12, 22, 13, 21], [14, 3, 15, 4], [23, 16, 24, 17], [18, 5, 19, 6], [20, 12, 21, 11], [17, 22, 18, 23]]"
12n_0595_101,"[[17, 22, 18, 23], [24, 9, 1, 10], [2, 7, 3, 8], [4, 19, 5, 20], [6, 15, 7, 16], [8, 1, 9, 2], [10, 14, 11, 13], [12, 22, 13, 21], [14, 3, 15, 4], [23, 16, 24, 17], [18, 5, 19, 6], [20, 12, 21, 11]]"
12n_0595_102,"[[20, 12, 21, 11], [17, 22, 18, 23], [24, 9, 1, 10], [2, 7, 3, 8], [4, 19, 5, 20], [6, 15, 7, 16], [8, 1, 9, 2], [10, 14, 11, 13], [12, 22, 13, 21], [14, 3, 15, 4], [23, 16, 24, 17], [18, 5, 19, 6]]"
12n_0595_103,"[[18, 5, 19, 6], [20, 12, 21, 11], [17, 22, 18, 23], [24, 9, 1, 10], [2, 7, 3, 8], [4, 19, 5, 20], [6, 15, 7, 16], [8, 1, 9, 2], [10, 14, 11, 13], [12, 22, 13, 21], [14, 3, 15, 4], [23, 16, 24, 17]]"
12n_0595_104,"[[23, 16, 24, 17], [18, 5, 19, 6], [20, 12, 21, 11], [17, 22, 18, 23], [24, 9, 1, 10], [2, 7, 3, 8], [4, 19, 5, 20], [6, 15, 7, 16], [8, 1, 9, 2], [10, 14, 11, 13], [12, 22, 13, 21], [14, 3, 15, 4]]"
12n_0595_105,"[[14, 3, 15, 4], [23, 16, 24, 17], [18, 5, 19, 6], [20, 12, 21, 11], [17, 22, 18, 23], [24, 9, 1, 10], [2, 7, 3, 8], [4, 19, 5, 20], [6, 15, 7, 16], [8, 1, 9, 2], [10, 14, 11, 13], [12, 22, 13, 21]]"
12n_0595_106,"[[12, 22, 13, 21], [14, 3, 15, 4], [23, 16, 24, 17], [18, 5, 19, 6], [20, 12, 21, 11], [17, 22, 18, 23], [24, 9, 1, 10], [2, 7, 3, 8], [4, 19, 5, 20], [6, 15, 7, 16], [8, 1, 9, 2], [10, 14, 11, 13]]"
12n_0595_107,"[[10, 14, 11, 13], [12, 22, 13, 21], [14, 3, 15, 4], [23, 16, 24, 17], [18, 5, 19, 6], [20, 12, 21, 11], [17, 22, 18, 23], [24, 9, 1, 10], [2, 7, 3, 8], [4, 19, 5, 20], [6, 15, 7, 16], [8, 1, 9, 2]]"
12n_0595_108,"[[9, 2, 10, 3], [11, 15, 12, 14], [13, 23, 14, 22], [15, 4, 16, 5], [24, 17, 1, 18], [19, 6, 20, 7], [21, 13, 22, 12], [18, 23, 19, 24], [1, 10, 2, 11], [3, 8, 4, 9], [5, 20, 6, 21], [7, 16, 8, 17]]"
12n_0595_109,"[[7, 16, 8, 17], [9, 2, 10, 3], [11, 15, 12, 14], [13, 23, 14, 22], [15, 4, 16, 5], [24, 17, 1, 18], [19, 6, 20, 7], [21, 13, 22, 12], [18, 23, 19, 24], [1, 10, 2, 11], [3, 8, 4, 9], [5, 20, 6, 21]]"
12n_0595_110,"[[5, 20, 6, 21], [7, 16, 8, 17], [9, 2, 10, 3], [11, 15, 12, 14], [13, 23, 14, 22], [15, 4, 16, 5], [24, 17, 1, 18], [19, 6, 20, 7], [21, 13, 22, 12], [18, 23, 19, 24], [1, 10, 2, 11], [3, 8, 4, 9]]"
12n_0595_111,"[[3, 8, 4, 9], [5, 20, 6, 21], [7, 16, 8, 17], [9, 2, 10, 3], [11, 15, 12, 14], [13, 23, 14, 22], [15, 4, 16, 5], [24, 17, 1, 18], [19, 6, 20, 7], [21, 13, 22, 12], [18, 23, 19, 24], [1, 10, 2, 11]]"
12n_0595_112,"[[1, 10, 2, 11], [3, 8, 4, 9], [5, 20, 6, 21], [7, 16, 8, 17], [9, 2, 10, 3], [11, 15, 12, 14], [13, 23, 14, 22], [15, 4, 16, 5], [24, 17, 1, 18], [19, 6, 20, 7], [21, 13, 22, 12], [18, 23, 19, 24]]"
12n_0595_113,"[[18, 23, 19, 24], [1, 10, 2, 11], [3, 8, 4, 9], [5, 20, 6, 21], [7, 16, 8, 17], [9, 2, 10, 3], [11, 15, 12, 14], [13, 23, 14, 22], [15, 4, 16, 5], [24, 17, 1, 18], [19, 6, 20, 7], [21, 13, 22, 12]]"
12n_0595_114,"[[21, 13, 22, 12], [18, 23, 19, 24], [1, 10, 2, 11], [3, 8, 4, 9], [5, 20, 6, 21], [7, 16, 8, 17], [9, 2, 10, 3], [11, 15, 12, 14], [13, 23, 14, 22], [15, 4, 16, 5], [24, 17, 1, 18], [19, 6, 20, 7]]"
12n_0595_115,"[[19, 6, 20, 7], [21, 13, 22, 12], [18, 23, 19, 24], [1, 10, 2, 11], [3, 8, 4, 9], [5, 20, 6, 21], [7, 16, 8, 17], [9, 2, 10, 3], [11, 15, 12, 14], [13, 23, 14, 22], [15, 4, 16, 5], [24, 17, 1, 18]]"
12n_0595_116,"[[24, 17, 1, 18], [19, 6, 20, 7], [21, 13, 22, 12], [18, 23, 19, 24], [1, 10, 2, 11], [3, 8, 4, 9], [5, 20, 6, 21], [7, 16, 8, 17], [9, 2, 10, 3], [11, 15, 12, 14], [13, 23, 14, 22], [15, 4, 16, 5]]"
12n_0595_117,"[[15, 4, 16, 5], [24, 17, 1, 18], [19, 6, 20, 7], [21, 13, 22, 12], [18, 23, 19, 24], [1, 10, 2, 11], [3, 8, 4, 9], [5, 20, 6, 21], [7, 16, 8, 17], [9, 2, 10, 3], [11, 15, 12, 14], [13, 23, 14, 22]]"
12n_0595_118,"[[13, 23, 14, 22], [15, 4, 16, 5], [24, 17, 1, 18], [19, 6, 20, 7], [21, 13, 22, 12], [18, 23, 19, 24], [1, 10, 2, 11], [3, 8, 4, 9], [5, 20, 6, 21], [7, 16, 8, 17], [9, 2, 10, 3], [11, 15, 12, 14]]"
12n_0595_119,"[[11, 15, 12, 14], [13, 23, 14, 22], [15, 4, 16, 5], [24, 17, 1, 18], [19, 6, 20, 7], [21, 13, 22, 12], [18, 23, 19, 24], [1, 10, 2, 11], [3, 8, 4, 9], [5, 20, 6, 21], [7, 16, 8, 17], [9, 2, 10, 3]]"
12n_0595_120,"[[10, 3, 11, 4], [12, 16, 13, 15], [14, 24, 15, 23], [16, 5, 17, 6], [1, 18, 2, 19], [20, 7, 21, 8], [22, 14, 23, 13], [19, 24, 20, 1], [2, 11, 3, 12], [4, 9, 5, 10], [6, 21, 7, 22], [8, 17, 9, 18]]"
12n_0595_121,"[[8, 17, 9, 18], [10, 3, 11, 4], [12, 16, 13, 15], [14, 24, 15, 23], [16, 5, 17, 6], [1, 18, 2, 19], [20, 7, 21, 8], [22, 14, 23, 13], [19, 24, 20, 1], [2, 11, 3, 12], [4, 9, 5, 10], [6, 21, 7, 22]]"
12n_0595_122,"[[6, 21, 7, 22], [8, 17, 9, 18], [10, 3, 11, 4], [12, 16, 13, 15], [14, 24, 15, 23], [16, 5, 17, 6], [1, 18, 2, 19], [20, 7, 21, 8], [22, 14, 23, 13], [19, 24, 20, 1], [2, 11, 3, 12], [4, 9, 5, 10]]"
12n_0595_123,"[[4, 9, 5, 10], [6, 21, 7, 22], [8, 17, 9, 18], [10, 3, 11, 4], [12, 16, 13, 15], [14, 24, 15, 23], [16, 5, 17, 6], [1, 18, 2, 19], [20, 7, 21, 8], [22, 14, 23, 13], [19, 24, 20, 1], [2, 11, 3, 12]]"
12n_0595_124,"[[2, 11, 3, 12], [4, 9, 5, 10], [6, 21, 7, 22], [8, 17, 9, 18], [10, 3, 11, 4], [12, 16, 13, 15], [14, 24, 15, 23], [16, 5, 17, 6], [1, 18, 2, 19], [20, 7, 21, 8], [22, 14, 23, 13], [19, 24, 20, 1]]"
12n_0595_125,"[[19, 24, 20, 1], [2, 11, 3, 12], [4, 9, 5, 10], [6, 21, 7, 22], [8, 17, 9, 18], [10, 3, 11, 4], [12, 16, 13, 15], [14, 24, 15, 23], [16, 5, 17, 6], [1, 18, 2, 19], [20, 7, 21, 8], [22, 14, 23, 13]]"
12n_0595_126,"[[22, 14, 23, 13], [19, 24, 20, 1], [2, 11, 3, 12], [4, 9, 5, 10], [6, 21, 7, 22], [8, 17, 9, 18], [10, 3, 11, 4], [12, 16, 13, 15], [14, 24, 15, 23], [16, 5, 17, 6], [1, 18, 2, 19], [20, 7, 21, 8]]"
12n_0595_127,"[[20, 7, 21, 8], [22, 14, 23, 13], [19, 24, 20, 1], [2, 11, 3, 12], [4, 9, 5, 10], [6, 21, 7, 22], [8, 17, 9, 18], [10, 3, 11, 4], [12, 16, 13, 15], [14, 24, 15, 23], [16, 5, 17, 6], [1, 18, 2, 19]]"
12n_0595_128,"[[1, 18, 2, 19], [20, 7, 21, 8], [22, 14, 23, 13], [19, 24, 20, 1], [2, 11, 3, 12], [4, 9, 5, 10], [6, 21, 7, 22], [8, 17, 9, 18], [10, 3, 11, 4], [12, 16, 13, 15], [14, 24, 15, 23], [16, 5, 17, 6]]"
12n_0595_129,"[[16, 5, 17, 6], [1, 18, 2, 19], [20, 7, 21, 8], [22, 14, 23, 13], [19, 24, 20, 1], [2, 11, 3, 12], [4, 9, 5, 10], [6, 21, 7, 22], [8, 17, 9, 18], [10, 3, 11, 4], [12, 16, 13, 15], [14, 24, 15, 23]]"
12n_0595_130,"[[14, 24, 15, 23], [16, 5, 17, 6], [1, 18, 2, 19], [20, 7, 21, 8], [22, 14, 23, 13], [19, 24, 20, 1], [2, 11, 3, 12], [4, 9, 5, 10], [6, 21, 7, 22], [8, 17, 9, 18], [10, 3, 11, 4], [12, 16, 13, 15]]"
12n_0595_131,"[[12, 16, 13, 15], [14, 24, 15, 23], [16, 5, 17, 6], [1, 18, 2, 19], [20, 7, 21, 8], [22, 14, 23, 13], [19, 24, 20, 1], [2, 11, 3, 12], [4, 9, 5, 10], [6, 21, 7, 22], [8, 17, 9, 18], [10, 3, 11, 4]]"
12n_0595_132,"[[11, 4, 12, 5], [13, 17, 14, 16], [15, 1, 16, 24], [17, 6, 18, 7], [2, 19, 3, 20], [21, 8, 22, 9], [23, 15, 24, 14], [20, 1, 21, 2], [3, 12, 4, 13], [5, 10, 6, 11], [7, 22, 8, 23], [9, 18, 10, 19]]"
12n_0595_133,"[[9, 18, 10, 19], [11, 4, 12, 5], [13, 17, 14, 16], [15, 1, 16, 24], [17, 6, 18, 7], [2, 19, 3, 20], [21, 8, 22, 9], [23, 15, 24, 14], [20, 1, 21, 2], [3, 12, 4, 13], [5, 10, 6, 11], [7, 22, 8, 23]]"
12n_0595_134,"[[7, 22, 8, 23], [9, 18, 10, 19], [11, 4, 12, 5], [13, 17, 14, 16], [15, 1, 16, 24], [17, 6, 18, 7], [2, 19, 3, 20], [21, 8, 22, 9], [23, 15, 24, 14], [20, 1, 21, 2], [3, 12, 4, 13], [5, 10, 6, 11]]"
12n_0595_135,"[[5, 10, 6, 11], [7, 22, 8, 23], [9, 18, 10, 19], [11, 4, 12, 5], [13, 17, 14, 16], [15, 1, 16, 24], [17, 6, 18, 7], [2, 19, 3, 20], [21, 8, 22, 9], [23, 15, 24, 14], [20, 1, 21, 2], [3, 12, 4, 13]]"
12n_0595_136,"[[3, 12, 4, 13], [5, 10, 6, 11], [7, 22, 8, 23], [9, 18, 10, 19], [11, 4, 12, 5], [13, 17, 14, 16], [15, 1, 16, 24], [17, 6, 18, 7], [2, 19, 3, 20], [21, 8, 22, 9], [23, 15, 24, 14], [20, 1, 21, 2]]"
12n_0595_137,"[[20, 1, 21, 2], [3, 12, 4, 13], [5, 10, 6, 11], [7, 22, 8, 23], [9, 18, 10, 19], [11, 4, 12, 5], [13, 17, 14, 16], [15, 1, 16, 24], [17, 6, 18, 7], [2, 19, 3, 20], [21, 8, 22, 9], [23, 15, 24, 14]]"
12n_0595_138,"[[23, 15, 24, 14], [20, 1, 21, 2], [3, 12, 4, 13], [5, 10, 6, 11], [7, 22, 8, 23], [9, 18, 10, 19], [11, 4, 12, 5], [13, 17, 14, 16], [15, 1, 16, 24], [17, 6, 18, 7], [2, 19, 3, 20], [21, 8, 22, 9]]"
12n_0595_139,"[[21, 8, 22, 9], [23, 15, 24, 14], [20, 1, 21, 2], [3, 12, 4, 13], [5, 10, 6, 11], [7, 22, 8, 23], [9, 18, 10, 19], [11, 4, 12, 5], [13, 17, 14, 16], [15, 1, 16, 24], [17, 6, 18, 7], [2, 19, 3, 20]]"
12n_0595_140,"[[2, 19, 3, 20], [21, 8, 22, 9], [23, 15, 24, 14], [20, 1, 21, 2], [3, 12, 4, 13], [5, 10, 6, 11], [7, 22, 8, 23], [9, 18, 10, 19], [11, 4, 12, 5], [13, 17, 14, 16], [15, 1, 16, 24], [17, 6, 18, 7]]"
12n_0595_141,"[[17, 6, 18, 7], [2, 19, 3, 20], [21, 8, 22, 9], [23, 15, 24, 14], [20, 1, 21, 2], [3, 12, 4, 13], [5, 10, 6, 11], [7, 22, 8, 23], [9, 18, 10, 19], [11, 4, 12, 5], [13, 17, 14, 16], [15, 1, 16, 24]]"
12n_0595_142,"[[15, 1, 16, 24], [17, 6, 18, 7], [2, 19, 3, 20], [21, 8, 22, 9], [23, 15, 24, 14], [20, 1, 21, 2], [3, 12, 4, 13], [5, 10, 6, 11], [7, 22, 8, 23], [9, 18, 10, 19], [11, 4, 12, 5], [13, 17, 14, 16]]"
12n_0595_143,"[[13, 17, 14, 16], [15, 1, 16, 24], [17, 6, 18, 7], [2, 19, 3, 20], [21, 8, 22, 9], [23, 15, 24, 14], [20, 1, 21, 2], [3, 12, 4, 13], [5, 10, 6, 11], [7, 22, 8, 23], [9, 18, 10, 19], [11, 4, 12, 5]]"
12n_0595_144,"[[12, 5, 13, 6], [14, 18, 15, 17], [16, 2, 17, 1], [18, 7, 19, 8], [3, 20, 4, 21], [22, 9, 23, 10], [24, 16, 1, 15], [21, 2, 22, 3], [4, 13, 5, 14], [6, 11, 7, 12], [8, 23, 9, 24], [10, 19, 11, 20]]"
12n_0595_145,"[[10, 19, 11, 20], [12, 5, 13, 6], [14, 18, 15, 17], [16, 2, 17, 1], [18, 7, 19, 8], [3, 20, 4, 21], [22, 9, 23, 10], [24, 16, 1, 15], [21, 2, 22, 3], [4, 13, 5, 14], [6, 11, 7, 12], [8, 23, 9, 24]]"
12n_0595_146,"[[8, 23, 9, 24], [10, 19, 11, 20], [12, 5, 13, 6], [14, 18, 15, 17], [16, 2, 17, 1], [18, 7, 19, 8], [3, 20, 4, 21], [22, 9, 23, 10], [24, 16, 1, 15], [21, 2, 22, 3], [4, 13, 5, 14], [6, 11, 7, 12]]"
12n_0595_147,"[[6, 11, 7, 12], [8, 23, 9, 24], [10, 19, 11, 20], [12, 5, 13, 6], [14, 18, 15, 17], [16, 2, 17, 1], [18, 7, 19, 8], [3, 20, 4, 21], [22, 9, 23, 10], [24, 16, 1, 15], [21, 2, 22, 3], [4, 13, 5, 14]]"
12n_0595_148,"[[4, 13, 5, 14], [6, 11, 7, 12], [8, 23, 9, 24], [10, 19, 11, 20], [12, 5, 13, 6], [14, 18, 15, 17], [16, 2, 17, 1], [18, 7, 19, 8], [3, 20, 4, 21], [22, 9, 23, 10], [24, 16, 1, 15], [21, 2, 22, 3]]"
12n_0595_149,"[[21, 2, 22, 3], [4, 13, 5, 14], [6, 11, 7, 12], [8, 23, 9, 24], [10, 19, 11, 20], [12, 5, 13, 6], [14, 18, 15, 17], [16, 2, 17, 1], [18, 7, 19, 8], [3, 20, 4, 21], [22, 9, 23, 10], [24, 16, 1, 15]]"
12n_0595_150,"[[24, 16, 1, 15], [21, 2, 22, 3], [4, 13, 5, 14], [6, 11, 7, 12], [8, 23, 9, 24], [10, 19, 11, 20], [12, 5, 13, 6], [14, 18, 15, 17], [16, 2, 17, 1], [18, 7, 19, 8], [3, 20, 4, 21], [22, 9, 23, 10]]"
12n_0595_151,"[[22, 9, 23, 10], [24, 16, 1, 15], [21, 2, 22, 3], [4, 13, 5, 14], [6, 11, 7, 12], [8, 23, 9, 24], [10, 19, 11, 20], [12, 5, 13, 6], [14, 18, 15, 17], [16, 2, 17, 1], [18, 7, 19, 8], [3, 20, 4, 21]]"
12n_0595_152,"[[3, 20, 4, 21], [22, 9, 23, 10], [24, 16, 1, 15], [21, 2, 22, 3], [4, 13, 5, 14], [6, 11, 7, 12], [8, 23, 9, 24], [10, 19, 11, 20], [12, 5, 13, 6], [14, 18, 15, 17], [16, 2, 17, 1], [18, 7, 19, 8]]"
12n_0595_153,"[[18, 7, 19, 8], [3, 20, 4, 21], [22, 9, 23, 10], [24, 16, 1, 15], [21, 2, 22, 3], [4, 13, 5, 14], [6, 11, 7, 12], [8, 23, 9, 24], [10, 19, 11, 20], [12, 5, 13, 6], [14, 18, 15, 17], [16, 2, 17, 1]]"
12n_0595_154,"[[16, 2, 17, 1], [18, 7, 19, 8], [3, 20, 4, 21], [22, 9, 23, 10], [24, 16, 1, 15], [21, 2, 22, 3], [4, 13, 5, 14], [6, 11, 7, 12], [8, 23, 9, 24], [10, 19, 11, 20], [12, 5, 13, 6], [14, 18, 15, 17]]"
12n_0595_155,"[[14, 18, 15, 17], [16, 2, 17, 1], [18, 7, 19, 8], [3, 20, 4, 21], [22, 9, 23, 10], [24, 16, 1, 15], [21, 2, 22, 3], [4, 13, 5, 14], [6, 11, 7, 12], [8, 23, 9, 24], [10, 19, 11, 20], [12, 5, 13, 6]]"
12n_0595_156,"[[13, 6, 14, 7], [15, 19, 16, 18], [17, 3, 18, 2], [19, 8, 20, 9], [4, 21, 5, 22], [23, 10, 24, 11], [1, 17, 2, 16], [22, 3, 23, 4], [5, 14, 6, 15], [7, 12, 8, 13], [9, 24, 10, 1], [11, 20, 12, 21]]"
12n_0595_157,"[[11, 20, 12, 21], [13, 6, 14, 7], [15, 19, 16, 18], [17, 3, 18, 2], [19, 8, 20, 9], [4, 21, 5, 22], [23, 10, 24, 11], [1, 17, 2, 16], [22, 3, 23, 4], [5, 14, 6, 15], [7, 12, 8, 13], [9, 24, 10, 1]]"
12n_0595_158,"[[9, 24, 10, 1], [11, 20, 12, 21], [13, 6, 14, 7], [15, 19, 16, 18], [17, 3, 18, 2], [19, 8, 20, 9], [4, 21, 5, 22], [23, 10, 24, 11], [1, 17, 2, 16], [22, 3, 23, 4], [5, 14, 6, 15], [7, 12, 8, 13]]"
12n_0595_159,"[[7, 12, 8, 13], [9, 24, 10, 1], [11, 20, 12, 21], [13, 6, 14, 7], [15, 19, 16, 18], [17, 3, 18, 2], [19, 8, 20, 9], [4, 21, 5, 22], [23, 10, 24, 11], [1, 17, 2, 16], [22, 3, 23, 4], [5, 14, 6, 15]]"
12n_0595_160,"[[5, 14, 6, 15], [7, 12, 8, 13], [9, 24, 10, 1], [11, 20, 12, 21], [13, 6, 14, 7], [15, 19, 16, 18], [17, 3, 18, 2], [19, 8, 20, 9], [4, 21, 5, 22], [23, 10, 24, 11], [1, 17, 2, 16], [22, 3, 23, 4]]"
12n_0595_161,"[[22, 3, 23, 4], [5, 14, 6, 15], [7, 12, 8, 13], [9, 24, 10, 1], [11, 20, 12, 21], [13, 6, 14, 7], [15, 19, 16, 18], [17, 3, 18, 2], [19, 8, 20, 9], [4, 21, 5, 22], [23, 10, 24, 11], [1, 17, 2, 16]]"
12n_0595_162,"[[1, 17, 2, 16], [22, 3, 23, 4], [5, 14, 6, 15], [7, 12, 8, 13], [9, 24, 10, 1], [11, 20, 12, 21], [13, 6, 14, 7], [15, 19, 16, 18], [17, 3, 18, 2], [19, 8, 20, 9], [4, 21, 5, 22], [23, 10, 24, 11]]"
12n_0595_163,"[[23, 10, 24, 11], [1, 17, 2, 16], [22, 3, 23, 4], [5, 14, 6, 15], [7, 12, 8, 13], [9, 24, 10, 1], [11, 20, 12, 21], [13, 6, 14, 7], [15, 19, 16, 18], [17, 3, 18, 2], [19, 8, 20, 9], [4, 21, 5, 22]]"
12n_0595_164,"[[4, 21, 5, 22], [23, 10, 24, 11], [1, 17, 2, 16], [22, 3, 23, 4], [5, 14, 6, 15], [7, 12, 8, 13], [9, 24, 10, 1], [11, 20, 12, 21], [13, 6, 14, 7], [15, 19, 16, 18], [17, 3, 18, 2], [19, 8, 20, 9]]"
12n_0595_165,"[[19, 8, 20, 9], [4, 21, 5, 22], [23, 10, 24, 11], [1, 17, 2, 16], [22, 3, 23, 4], [5, 14, 6, 15], [7, 12, 8, 13], [9, 24, 10, 1], [11, 20, 12, 21], [13, 6, 14, 7], [15, 19, 16, 18], [17, 3, 18, 2]]"
12n_0595_166,"[[17, 3, 18, 2], [19, 8, 20, 9], [4, 21, 5, 22], [23, 10, 24, 11], [1, 17, 2, 16], [22, 3, 23, 4], [5, 14, 6, 15], [7, 12, 8, 13], [9, 24, 10, 1], [11, 20, 12, 21], [13, 6, 14, 7], [15, 19, 16, 18]]"
12n_0595_167,"[[15, 19, 16, 18], [17, 3, 18, 2], [19, 8, 20, 9], [4, 21, 5, 22], [23, 10, 24, 11], [1, 17, 2, 16], [22, 3, 23, 4], [5, 14, 6, 15], [7, 12, 8, 13], [9, 24, 10, 1], [11, 20, 12, 21], [13, 6, 14, 7]]"
12n_0595_168,"[[14, 7, 15, 8], [16, 20, 17, 19], [18, 4, 19, 3], [20, 9, 21, 10], [5, 22, 6, 23], [24, 11, 1, 12], [2, 18, 3, 17], [23, 4, 24, 5], [6, 15, 7, 16], [8, 13, 9, 14], [10, 1, 11, 2], [12, 21, 13, 22]]"
12n_0595_169,"[[12, 21, 13, 22], [14, 7, 15, 8], [16, 20, 17, 19], [18, 4, 19, 3], [20, 9, 21, 10], [5, 22, 6, 23], [24, 11, 1, 12], [2, 18, 3, 17], [23, 4, 24, 5], [6, 15, 7, 16], [8, 13, 9, 14], [10, 1, 11, 2]]"
12n_0595_170,"[[10, 1, 11, 2], [12, 21, 13, 22], [14, 7, 15, 8], [16, 20, 17, 19], [18, 4, 19, 3], [20, 9, 21, 10], [5, 22, 6, 23], [24, 11, 1, 12], [2, 18, 3, 17], [23, 4, 24, 5], [6, 15, 7, 16], [8, 13, 9, 14]]"
12n_0595_171,"[[8, 13, 9, 14], [10, 1, 11, 2], [12, 21, 13, 22], [14, 7, 15, 8], [16, 20, 17, 19], [18, 4, 19, 3], [20, 9, 21, 10], [5, 22, 6, 23], [24, 11, 1, 12], [2, 18, 3, 17], [23, 4, 24, 5], [6, 15, 7, 16]]"
12n_0595_172,"[[6, 15, 7, 16], [8, 13, 9, 14], [10, 1, 11, 2], [12, 21, 13, 22], [14, 7, 15, 8], [16, 20, 17, 19], [18, 4, 19, 3], [20, 9, 21, 10], [5, 22, 6, 23], [24, 11, 1, 12], [2, 18, 3, 17], [23, 4, 24, 5]]"
12n_0595_173,"[[23, 4, 24, 5], [6, 15, 7, 16], [8, 13, 9, 14], [10, 1, 11, 2], [12, 21, 13, 22], [14, 7, 15, 8], [16, 20, 17, 19], [18, 4, 19, 3], [20, 9, 21, 10], [5, 22, 6, 23], [24, 11, 1, 12], [2, 18, 3, 17]]"
12n_0595_174,"[[2, 18, 3, 17], [23, 4, 24, 5], [6, 15, 7, 16], [8, 13, 9, 14], [10, 1, 11, 2], [12, 21, 13, 22], [14, 7, 15, 8], [16, 20, 17, 19], [18, 4, 19, 3], [20, 9, 21, 10], [5, 22, 6, 23], [24, 11, 1, 12]]"
12n_0595_175,"[[24, 11, 1, 12], [2, 18, 3, 17], [23, 4, 24, 5], [6, 15, 7, 16], [8, 13, 9, 14], [10, 1, 11, 2], [12, 21, 13, 22], [14, 7, 15, 8], [16, 20, 17, 19], [18, 4, 19, 3], [20, 9, 21, 10], [5, 22, 6, 23]]"
12n_0595_176,"[[5, 22, 6, 23], [24, 11, 1, 12], [2, 18, 3, 17], [23, 4, 24, 5], [6, 15, 7, 16], [8, 13, 9, 14], [10, 1, 11, 2], [12, 21, 13, 22], [14, 7, 15, 8], [16, 20, 17, 19], [18, 4, 19, 3], [20, 9, 21, 10]]"
12n_0595_177,"[[20, 9, 21, 10], [5, 22, 6, 23], [24, 11, 1, 12], [2, 18, 3, 17], [23, 4, 24, 5], [6, 15, 7, 16], [8, 13, 9, 14], [10, 1, 11, 2], [12, 21, 13, 22], [14, 7, 15, 8], [16, 20, 17, 19], [18, 4, 19, 3]]"
12n_0595_178,"[[18, 4, 19, 3], [20, 9, 21, 10], [5, 22, 6, 23], [24, 11, 1, 12], [2, 18, 3, 17], [23, 4, 24, 5], [6, 15, 7, 16], [8, 13, 9, 14], [10, 1, 11, 2], [12, 21, 13, 22], [14, 7, 15, 8], [16, 20, 17, 19]]"
12n_0595_179,"[[16, 20, 17, 19], [18, 4, 19, 3], [20, 9, 21, 10], [5, 22, 6, 23], [24, 11, 1, 12], [2, 18, 3, 17], [23, 4, 24, 5], [6, 15, 7, 16], [8, 13, 9, 14], [10, 1, 11, 2], [12, 21, 13, 22], [14, 7, 15, 8]]"
12n_0595_180,"[[15, 8, 16, 9], [17, 21, 18, 20], [19, 5, 20, 4], [21, 10, 22, 11], [6, 23, 7, 24], [1, 12, 2, 13], [3, 19, 4, 18], [24, 5, 1, 6], [7, 16, 8, 17], [9, 14, 10, 15], [11, 2, 12, 3], [13, 22, 14, 23]]"
12n_0595_181,"[[13, 22, 14, 23], [15, 8, 16, 9], [17, 21, 18, 20], [19, 5, 20, 4], [21, 10, 22, 11], [6, 23, 7, 24], [1, 12, 2, 13], [3, 19, 4, 18], [24, 5, 1, 6], [7, 16, 8, 17], [9, 14, 10, 15], [11, 2, 12, 3]]"
12n_0595_182,"[[11, 2, 12, 3], [13, 22, 14, 23], [15, 8, 16, 9], [17, 21, 18, 20], [19, 5, 20, 4], [21, 10, 22, 11], [6, 23, 7, 24], [1, 12, 2, 13], [3, 19, 4, 18], [24, 5, 1, 6], [7, 16, 8, 17], [9, 14, 10, 15]]"
12n_0595_183,"[[9, 14, 10, 15], [11, 2, 12, 3], [13, 22, 14, 23], [15, 8, 16, 9], [17, 21, 18, 20], [19, 5, 20, 4], [21, 10, 22, 11], [6, 23, 7, 24], [1, 12, 2, 13], [3, 19, 4, 18], [24, 5, 1, 6], [7, 16, 8, 17]]"
12n_0595_184,"[[7, 16, 8, 17], [9, 14, 10, 15], [11, 2, 12, 3], [13, 22, 14, 23], [15, 8, 16, 9], [17, 21, 18, 20], [19, 5, 20, 4], [21, 10, 22, 11], [6, 23, 7, 24], [1, 12, 2, 13], [3, 19, 4, 18], [24, 5, 1, 6]]"
12n_0595_185,"[[24, 5, 1, 6], [7, 16, 8, 17], [9, 14, 10, 15], [11, 2, 12, 3], [13, 22, 14, 23], [15, 8, 16, 9], [17, 21, 18, 20], [19, 5, 20, 4], [21, 10, 22, 11], [6, 23, 7, 24], [1, 12, 2, 13], [3, 19, 4, 18]]"
