name,pd_notation
12n_0423_0,"[[9, 1, 10, 24], [2, 6, 3, 5], [4, 11, 5, 12], [6, 15, 7, 16], [21, 9, 22, 8], [19, 10, 20, 11], [12, 3, 13, 4], [14, 7, 15, 8], [16, 14, 17, 13], [23, 18, 24, 19], [1, 21, 2, 20], [17, 22, 18, 23]]"
12n_0423_1,"[[17, 22, 18, 23], [9, 1, 10, 24], [2, 6, 3, 5], [4, 11, 5, 12], [6, 15, 7, 16], [21, 9, 22, 8], [19, 10, 20, 11], [12, 3, 13, 4], [14, 7, 15, 8], [16, 14, 17, 13], [23, 18, 24, 19], [1, 21, 2, 20]]"
12n_0423_2,"[[1, 21, 2, 20], [17, 22, 18, 23], [9, 1, 10, 24], [2, 6, 3, 5], [4, 11, 5, 12], [6, 15, 7, 16], [21, 9, 22, 8], [19, 10, 20, 11], [12, 3, 13, 4], [14, 7, 15, 8], [16, 14, 17, 13], [23, 18, 24, 19]]"
12n_0423_3,"[[23, 18, 24, 19], [1, 21, 2, 20], [17, 22, 18, 23], [9, 1, 10, 24], [2, 6, 3, 5], [4, 11, 5, 12], [6, 15, 7, 16], [21, 9, 22, 8], [19, 10, 20, 11], [12, 3, 13, 4], [14, 7, 15, 8], [16, 14, 17, 13]]"
12n_0423_4,"[[16, 14, 17, 13], [23, 18, 24, 19], [1, 21, 2, 20], [17, 22, 18, 23], [9, 1, 10, 24], [2, 6, 3, 5], [4, 11, 5, 12], [6, 15, 7, 16], [21, 9, 22, 8], [19, 10, 20, 11], [12, 3, 13, 4], [14, 7, 15, 8]]"
12n_0423_5,"[[14, 7, 15, 8], [16, 14, 17, 13], [23, 18, 24, 19], [1, 21, 2, 20], [17, 22, 18, 23], [9, 1, 10, 24], [2, 6, 3, 5], [4, 11, 5, 12], [6, 15, 7, 16], [21, 9, 22, 8], [19, 10, 20, 11], [12, 3, 13, 4]]"
12n_0423_6,"[[12, 3, 13, 4], [14, 7, 15, 8], [16, 14, 17, 13], [23, 18, 24, 19], [1, 21, 2, 20], [17, 22, 18, 23], [9, 1, 10, 24], [2, 6, 3, 5], [4, 11, 5, 12], [6, 15, 7, 16], [21, 9, 22, 8], [19, 10, 20, 11]]"
12n_0423_7,"[[19, 10, 20, 11], [12, 3, 13, 4], [14, 7, 15, 8], [16, 14, 17, 13], [23, 18, 24, 19], [1, 21, 2, 20], [17, 22, 18, 23], [9, 1, 10, 24], [2, 6, 3, 5], [4, 11, 5, 12], [6, 15, 7, 16], [21, 9, 22, 8]]"
12n_0423_8,"[[21, 9, 22, 8], [19, 10, 20, 11], [12, 3, 13, 4], [14, 7, 15, 8], [16, 14, 17, 13], [23, 18, 24, 19], [1, 21, 2, 20], [17, 22, 18, 23], [9, 1, 10, 24], [2, 6, 3, 5], [4, 11, 5, 12], [6, 15, 7, 16]]"
12n_0423_9,"[[6, 15, 7, 16], [21, 9, 22, 8], [19, 10, 20, 11], [12, 3, 13, 4], [14, 7, 15, 8], [16, 14, 17, 13], [23, 18, 24, 19], [1, 21, 2, 20], [17, 22, 18, 23], [9, 1, 10, 24], [2, 6, 3, 5], [4, 11, 5, 12]]"
12n_0423_10,"[[4, 11, 5, 12], [6, 15, 7, 16], [21, 9, 22, 8], [19, 10, 20, 11], [12, 3, 13, 4], [14, 7, 15, 8], [16, 14, 17, 13], [23, 18, 24, 19], [1, 21, 2, 20], [17, 22, 18, 23], [9, 1, 10, 24], [2, 6, 3, 5]]"
12n_0423_11,"[[2, 6, 3, 5], [4, 11, 5, 12], [6, 15, 7, 16], [21, 9, 22, 8], [19, 10, 20, 11], [12, 3, 13, 4], [14, 7, 15, 8], [16, 14, 17, 13], [23, 18, 24, 19], [1, 21, 2, 20], [17, 22, 18, 23], [9, 1, 10, 24]]"
12n_0423_12,"[[10, 2, 11, 1], [3, 7, 4, 6], [5, 12, 6, 13], [7, 16, 8, 17], [22, 10, 23, 9], [20, 11, 21, 12], [13, 4, 14, 5], [15, 8, 16, 9], [17, 15, 18, 14], [24, 19, 1, 20], [2, 22, 3, 21], [18, 23, 19, 24]]"
12n_0423_13,"[[18, 23, 19, 24], [10, 2, 11, 1], [3, 7, 4, 6], [5, 12, 6, 13], [7, 16, 8, 17], [22, 10, 23, 9], [20, 11, 21, 12], [13, 4, 14, 5], [15, 8, 16, 9], [17, 15, 18, 14], [24, 19, 1, 20], [2, 22, 3, 21]]"
12n_0423_14,"[[2, 22, 3, 21], [18, 23, 19, 24], [10, 2, 11, 1], [3, 7, 4, 6], [5, 12, 6, 13], [7, 16, 8, 17], [22, 10, 23, 9], [20, 11, 21, 12], [13, 4, 14, 5], [15, 8, 16, 9], [17, 15, 18, 14], [24, 19, 1, 20]]"
12n_0423_15,"[[24, 19, 1, 20], [2, 22, 3, 21], [18, 23, 19, 24], [10, 2, 11, 1], [3, 7, 4, 6], [5, 12, 6, 13], [7, 16, 8, 17], [22, 10, 23, 9], [20, 11, 21, 12], [13, 4, 14, 5], [15, 8, 16, 9], [17, 15, 18, 14]]"
12n_0423_16,"[[17, 15, 18, 14], [24, 19, 1, 20], [2, 22, 3, 21], [18, 23, 19, 24], [10, 2, 11, 1], [3, 7, 4, 6], [5, 12, 6, 13], [7, 16, 8, 17], [22, 10, 23, 9], [20, 11, 21, 12], [13, 4, 14, 5], [15, 8, 16, 9]]"
12n_0423_17,"[[15, 8, 16, 9], [17, 15, 18, 14], [24, 19, 1, 20], [2, 22, 3, 21], [18, 23, 19, 24], [10, 2, 11, 1], [3, 7, 4, 6], [5, 12, 6, 13], [7, 16, 8, 17], [22, 10, 23, 9], [20, 11, 21, 12], [13, 4, 14, 5]]"
12n_0423_18,"[[13, 4, 14, 5], [15, 8, 16, 9], [17, 15, 18, 14], [24, 19, 1, 20], [2, 22, 3, 21], [18, 23, 19, 24], [10, 2, 11, 1], [3, 7, 4, 6], [5, 12, 6, 13], [7, 16, 8, 17], [22, 10, 23, 9], [20, 11, 21, 12]]"
12n_0423_19,"[[20, 11, 21, 12], [13, 4, 14, 5], [15, 8, 16, 9], [17, 15, 18, 14], [24, 19, 1, 20], [2, 22, 3, 21], [18, 23, 19, 24], [10, 2, 11, 1], [3, 7, 4, 6], [5, 12, 6, 13], [7, 16, 8, 17], [22, 10, 23, 9]]"
12n_0423_20,"[[22, 10, 23, 9], [20, 11, 21, 12], [13, 4, 14, 5], [15, 8, 16, 9], [17, 15, 18, 14], [24, 19, 1, 20], [2, 22, 3, 21], [18, 23, 19, 24], [10, 2, 11, 1], [3, 7, 4, 6], [5, 12, 6, 13], [7, 16, 8, 17]]"
12n_0423_21,"[[7, 16, 8, 17], [22, 10, 23, 9], [20, 11, 21, 12], [13, 4, 14, 5], [15, 8, 16, 9], [17, 15, 18, 14], [24, 19, 1, 20], [2, 22, 3, 21], [18, 23, 19, 24], [10, 2, 11, 1], [3, 7, 4, 6], [5, 12, 6, 13]]"
12n_0423_22,"[[5, 12, 6, 13], [7, 16, 8, 17], [22, 10, 23, 9], [20, 11, 21, 12], [13, 4, 14, 5], [15, 8, 16, 9], [17, 15, 18, 14], [24, 19, 1, 20], [2, 22, 3, 21], [18, 23, 19, 24], [10, 2, 11, 1], [3, 7, 4, 6]]"
12n_0423_23,"[[3, 7, 4, 6], [5, 12, 6, 13], [7, 16, 8, 17], [22, 10, 23, 9], [20, 11, 21, 12], [13, 4, 14, 5], [15, 8, 16, 9], [17, 15, 18, 14], [24, 19, 1, 20], [2, 22, 3, 21], [18, 23, 19, 24], [10, 2, 11, 1]]"
12n_0423_24,"[[11, 3, 12, 2], [4, 8, 5, 7], [6, 13, 7, 14], [8, 17, 9, 18], [23, 11, 24, 10], [21, 12, 22, 13], [14, 5, 15, 6], [16, 9, 17, 10], [18, 16, 19, 15], [1, 20, 2, 21], [3, 23, 4, 22], [19, 24, 20, 1]]"
12n_0423_25,"[[19, 24, 20, 1], [11, 3, 12, 2], [4, 8, 5, 7], [6, 13, 7, 14], [8, 17, 9, 18], [23, 11, 24, 10], [21, 12, 22, 13], [14, 5, 15, 6], [16, 9, 17, 10], [18, 16, 19, 15], [1, 20, 2, 21], [3, 23, 4, 22]]"
12n_0423_26,"[[3, 23, 4, 22], [19, 24, 20, 1], [11, 3, 12, 2], [4, 8, 5, 7], [6, 13, 7, 14], [8, 17, 9, 18], [23, 11, 24, 10], [21, 12, 22, 13], [14, 5, 15, 6], [16, 9, 17, 10], [18, 16, 19, 15], [1, 20, 2, 21]]"
12n_0423_27,"[[1, 20, 2, 21], [3, 23, 4, 22], [19, 24, 20, 1], [11, 3, 12, 2], [4, 8, 5, 7], [6, 13, 7, 14], [8, 17, 9, 18], [23, 11, 24, 10], [21, 12, 22, 13], [14, 5, 15, 6], [16, 9, 17, 10], [18, 16, 19, 15]]"
12n_0423_28,"[[18, 16, 19, 15], [1, 20, 2, 21], [3, 23, 4, 22], [19, 24, 20, 1], [11, 3, 12, 2], [4, 8, 5, 7], [6, 13, 7, 14], [8, 17, 9, 18], [23, 11, 24, 10], [21, 12, 22, 13], [14, 5, 15, 6], [16, 9, 17, 10]]"
12n_0423_29,"[[16, 9, 17, 10], [18, 16, 19, 15], [1, 20, 2, 21], [3, 23, 4, 22], [19, 24, 20, 1], [11, 3, 12, 2], [4, 8, 5, 7], [6, 13, 7, 14], [8, 17, 9, 18], [23, 11, 24, 10], [21, 12, 22, 13], [14, 5, 15, 6]]"
12n_0423_30,"[[14, 5, 15, 6], [16, 9, 17, 10], [18, 16, 19, 15], [1, 20, 2, 21], [3, 23, 4, 22], [19, 24, 20, 1], [11, 3, 12, 2], [4, 8, 5, 7], [6, 13, 7, 14], [8, 17, 9, 18], [23, 11, 24, 10], [21, 12, 22, 13]]"
12n_0423_31,"[[21, 12, 22, 13], [14, 5, 15, 6], [16, 9, 17, 10], [18, 16, 19, 15], [1, 20, 2, 21], [3, 23, 4, 22], [19, 24, 20, 1], [11, 3, 12, 2], [4, 8, 5, 7], [6, 13, 7, 14], [8, 17, 9, 18], [23, 11, 24, 10]]"
12n_0423_32,"[[23, 11, 24, 10], [21, 12, 22, 13], [14, 5, 15, 6], [16, 9, 17, 10], [18, 16, 19, 15], [1, 20, 2, 21], [3, 23, 4, 22], [19, 24, 20, 1], [11, 3, 12, 2], [4, 8, 5, 7], [6, 13, 7, 14], [8, 17, 9, 18]]"
12n_0423_33,"[[8, 17, 9, 18], [23, 11, 24, 10], [21, 12, 22, 13], [14, 5, 15, 6], [16, 9, 17, 10], [18, 16, 19, 15], [1, 20, 2, 21], [3, 23, 4, 22], [19, 24, 20, 1], [11, 3, 12, 2], [4, 8, 5, 7], [6, 13, 7, 14]]"
12n_0423_34,"[[6, 13, 7, 14], [8, 17, 9, 18], [23, 11, 24, 10], [21, 12, 22, 13], [14, 5, 15, 6], [16, 9, 17, 10], [18, 16, 19, 15], [1, 20, 2, 21], [3, 23, 4, 22], [19, 24, 20, 1], [11, 3, 12, 2], [4, 8, 5, 7]]"
12n_0423_35,"[[4, 8, 5, 7], [6, 13, 7, 14], [8, 17, 9, 18], [23, 11, 24, 10], [21, 12, 22, 13], [14, 5, 15, 6], [16, 9, 17, 10], [18, 16, 19, 15], [1, 20, 2, 21], [3, 23, 4, 22], [19, 24, 20, 1], [11, 3, 12, 2]]"
12n_0423_36,"[[12, 4, 13, 3], [5, 9, 6, 8], [7, 14, 8, 15], [9, 18, 10, 19], [24, 12, 1, 11], [22, 13, 23, 14], [15, 6, 16, 7], [17, 10, 18, 11], [19, 17, 20, 16], [2, 21, 3, 22], [4, 24, 5, 23], [20, 1, 21, 2]]"
12n_0423_37,"[[20, 1, 21, 2], [12, 4, 13, 3], [5, 9, 6, 8], [7, 14, 8, 15], [9, 18, 10, 19], [24, 12, 1, 11], [22, 13, 23, 14], [15, 6, 16, 7], [17, 10, 18, 11], [19, 17, 20, 16], [2, 21, 3, 22], [4, 24, 5, 23]]"
12n_0423_38,"[[4, 24, 5, 23], [20, 1, 21, 2], [12, 4, 13, 3], [5, 9, 6, 8], [7, 14, 8, 15], [9, 18, 10, 19], [24, 12, 1, 11], [22, 13, 23, 14], [15, 6, 16, 7], [17, 10, 18, 11], [19, 17, 20, 16], [2, 21, 3, 22]]"
12n_0423_39,"[[2, 21, 3, 22], [4, 24, 5, 23], [20, 1, 21, 2], [12, 4, 13, 3], [5, 9, 6, 8], [7, 14, 8, 15], [9, 18, 10, 19], [24, 12, 1, 11], [22, 13, 23, 14], [15, 6, 16, 7], [17, 10, 18, 11], [19, 17, 20, 16]]"
12n_0423_40,"[[19, 17, 20, 16], [2, 21, 3, 22], [4, 24, 5, 23], [20, 1, 21, 2], [12, 4, 13, 3], [5, 9, 6, 8], [7, 14, 8, 15], [9, 18, 10, 19], [24, 12, 1, 11], [22, 13, 23, 14], [15, 6, 16, 7], [17, 10, 18, 11]]"
12n_0423_41,"[[17, 10, 18, 11], [19, 17, 20, 16], [2, 21, 3, 22], [4, 24, 5, 23], [20, 1, 21, 2], [12, 4, 13, 3], [5, 9, 6, 8], [7, 14, 8, 15], [9, 18, 10, 19], [24, 12, 1, 11], [22, 13, 23, 14], [15, 6, 16, 7]]"
12n_0423_42,"[[15, 6, 16, 7], [17, 10, 18, 11], [19, 17, 20, 16], [2, 21, 3, 22], [4, 24, 5, 23], [20, 1, 21, 2], [12, 4, 13, 3], [5, 9, 6, 8], [7, 14, 8, 15], [9, 18, 10, 19], [24, 12, 1, 11], [22, 13, 23, 14]]"
12n_0423_43,"[[22, 13, 23, 14], [15, 6, 16, 7], [17, 10, 18, 11], [19, 17, 20, 16], [2, 21, 3, 22], [4, 24, 5, 23], [20, 1, 21, 2], [12, 4, 13, 3], [5, 9, 6, 8], [7, 14, 8, 15], [9, 18, 10, 19], [24, 12, 1, 11]]"
12n_0423_44,"[[24, 12, 1, 11], [22, 13, 23, 14], [15, 6, 16, 7], [17, 10, 18, 11], [19, 17, 20, 16], [2, 21, 3, 22], [4, 24, 5, 23], [20, 1, 21, 2], [12, 4, 13, 3], [5, 9, 6, 8], [7, 14, 8, 15], [9, 18, 10, 19]]"
12n_0423_45,"[[9, 18, 10, 19], [24, 12, 1, 11], [22, 13, 23, 14], [15, 6, 16, 7], [17, 10, 18, 11], [19, 17, 20, 16], [2, 21, 3, 22], [4, 24, 5, 23], [20, 1, 21, 2], [12, 4, 13, 3], [5, 9, 6, 8], [7, 14, 8, 15]]"
12n_0423_46,"[[7, 14, 8, 15], [9, 18, 10, 19], [24, 12, 1, 11], [22, 13, 23, 14], [15, 6, 16, 7], [17, 10, 18, 11], [19, 17, 20, 16], [2, 21, 3, 22], [4, 24, 5, 23], [20, 1, 21, 2], [12, 4, 13, 3], [5, 9, 6, 8]]"
12n_0423_47,"[[5, 9, 6, 8], [7, 14, 8, 15], [9, 18, 10, 19], [24, 12, 1, 11], [22, 13, 23, 14], [15, 6, 16, 7], [17, 10, 18, 11], [19, 17, 20, 16], [2, 21, 3, 22], [4, 24, 5, 23], [20, 1, 21, 2], [12, 4, 13, 3]]"
12n_0423_48,"[[13, 5, 14, 4], [6, 10, 7, 9], [8, 15, 9, 16], [10, 19, 11, 20], [1, 13, 2, 12], [23, 14, 24, 15], [16, 7, 17, 8], [18, 11, 19, 12], [20, 18, 21, 17], [3, 22, 4, 23], [5, 1, 6, 24], [21, 2, 22, 3]]"
12n_0423_49,"[[21, 2, 22, 3], [13, 5, 14, 4], [6, 10, 7, 9], [8, 15, 9, 16], [10, 19, 11, 20], [1, 13, 2, 12], [23, 14, 24, 15], [16, 7, 17, 8], [18, 11, 19, 12], [20, 18, 21, 17], [3, 22, 4, 23], [5, 1, 6, 24]]"
12n_0423_50,"[[5, 1, 6, 24], [21, 2, 22, 3], [13, 5, 14, 4], [6, 10, 7, 9], [8, 15, 9, 16], [10, 19, 11, 20], [1, 13, 2, 12], [23, 14, 24, 15], [16, 7, 17, 8], [18, 11, 19, 12], [20, 18, 21, 17], [3, 22, 4, 23]]"
12n_0423_51,"[[3, 22, 4, 23], [5, 1, 6, 24], [21, 2, 22, 3], [13, 5, 14, 4], [6, 10, 7, 9], [8, 15, 9, 16], [10, 19, 11, 20], [1, 13, 2, 12], [23, 14, 24, 15], [16, 7, 17, 8], [18, 11, 19, 12], [20, 18, 21, 17]]"
12n_0423_52,"[[20, 18, 21, 17], [3, 22, 4, 23], [5, 1, 6, 24], [21, 2, 22, 3], [13, 5, 14, 4], [6, 10, 7, 9], [8, 15, 9, 16], [10, 19, 11, 20], [1, 13, 2, 12], [23, 14, 24, 15], [16, 7, 17, 8], [18, 11, 19, 12]]"
12n_0423_53,"[[18, 11, 19, 12], [20, 18, 21, 17], [3, 22, 4, 23], [5, 1, 6, 24], [21, 2, 22, 3], [13, 5, 14, 4], [6, 10, 7, 9], [8, 15, 9, 16], [10, 19, 11, 20], [1, 13, 2, 12], [23, 14, 24, 15], [16, 7, 17, 8]]"
12n_0423_54,"[[16, 7, 17, 8], [18, 11, 19, 12], [20, 18, 21, 17], [3, 22, 4, 23], [5, 1, 6, 24], [21, 2, 22, 3], [13, 5, 14, 4], [6, 10, 7, 9], [8, 15, 9, 16], [10, 19, 11, 20], [1, 13, 2, 12], [23, 14, 24, 15]]"
12n_0423_55,"[[23, 14, 24, 15], [16, 7, 17, 8], [18, 11, 19, 12], [20, 18, 21, 17], [3, 22, 4, 23], [5, 1, 6, 24], [21, 2, 22, 3], [13, 5, 14, 4], [6, 10, 7, 9], [8, 15, 9, 16], [10, 19, 11, 20], [1, 13, 2, 12]]"
12n_0423_56,"[[1, 13, 2, 12], [23, 14, 24, 15], [16, 7, 17, 8], [18, 11, 19, 12], [20, 18, 21, 17], [3, 22, 4, 23], [5, 1, 6, 24], [21, 2, 22, 3], [13, 5, 14, 4], [6, 10, 7, 9], [8, 15, 9, 16], [10, 19, 11, 20]]"
12n_0423_57,"[[10, 19, 11, 20], [1, 13, 2, 12], [23, 14, 24, 15], [16, 7, 17, 8], [18, 11, 19, 12], [20, 18, 21, 17], [3, 22, 4, 23], [5, 1, 6, 24], [21, 2, 22, 3], [13, 5, 14, 4], [6, 10, 7, 9], [8, 15, 9, 16]]"
12n_0423_58,"[[8, 15, 9, 16], [10, 19, 11, 20], [1, 13, 2, 12], [23, 14, 24, 15], [16, 7, 17, 8], [18, 11, 19, 12], [20, 18, 21, 17], [3, 22, 4, 23], [5, 1, 6, 24], [21, 2, 22, 3], [13, 5, 14, 4], [6, 10, 7, 9]]"
12n_0423_59,"[[6, 10, 7, 9], [8, 15, 9, 16], [10, 19, 11, 20], [1, 13, 2, 12], [23, 14, 24, 15], [16, 7, 17, 8], [18, 11, 19, 12], [20, 18, 21, 17], [3, 22, 4, 23], [5, 1, 6, 24], [21, 2, 22, 3], [13, 5, 14, 4]]"
12n_0423_60,"[[14, 6, 15, 5], [7, 11, 8, 10], [9, 16, 10, 17], [11, 20, 12, 21], [2, 14, 3, 13], [24, 15, 1, 16], [17, 8, 18, 9], [19, 12, 20, 13], [21, 19, 22, 18], [4, 23, 5, 24], [6, 2, 7, 1], [22, 3, 23, 4]]"
12n_0423_61,"[[22, 3, 23, 4], [14, 6, 15, 5], [7, 11, 8, 10], [9, 16, 10, 17], [11, 20, 12, 21], [2, 14, 3, 13], [24, 15, 1, 16], [17, 8, 18, 9], [19, 12, 20, 13], [21, 19, 22, 18], [4, 23, 5, 24], [6, 2, 7, 1]]"
12n_0423_62,"[[6, 2, 7, 1], [22, 3, 23, 4], [14, 6, 15, 5], [7, 11, 8, 10], [9, 16, 10, 17], [11, 20, 12, 21], [2, 14, 3, 13], [24, 15, 1, 16], [17, 8, 18, 9], [19, 12, 20, 13], [21, 19, 22, 18], [4, 23, 5, 24]]"
12n_0423_63,"[[4, 23, 5, 24], [6, 2, 7, 1], [22, 3, 23, 4], [14, 6, 15, 5], [7, 11, 8, 10], [9, 16, 10, 17], [11, 20, 12, 21], [2, 14, 3, 13], [24, 15, 1, 16], [17, 8, 18, 9], [19, 12, 20, 13], [21, 19, 22, 18]]"
12n_0423_64,"[[21, 19, 22, 18], [4, 23, 5, 24], [6, 2, 7, 1], [22, 3, 23, 4], [14, 6, 15, 5], [7, 11, 8, 10], [9, 16, 10, 17], [11, 20, 12, 21], [2, 14, 3, 13], [24, 15, 1, 16], [17, 8, 18, 9], [19, 12, 20, 13]]"
12n_0423_65,"[[19, 12, 20, 13], [21, 19, 22, 18], [4, 23, 5, 24], [6, 2, 7, 1], [22, 3, 23, 4], [14, 6, 15, 5], [7, 11, 8, 10], [9, 16, 10, 17], [11, 20, 12, 21], [2, 14, 3, 13], [24, 15, 1, 16], [17, 8, 18, 9]]"
12n_0423_66,"[[17, 8, 18, 9], [19, 12, 20, 13], [21, 19, 22, 18], [4, 23, 5, 24], [6, 2, 7, 1], [22, 3, 23, 4], [14, 6, 15, 5], [7, 11, 8, 10], [9, 16, 10, 17], [11, 20, 12, 21], [2, 14, 3, 13], [24, 15, 1, 16]]"
12n_0423_67,"[[24, 15, 1, 16], [17, 8, 18, 9], [19, 12, 20, 13], [21, 19, 22, 18], [4, 23, 5, 24], [6, 2, 7, 1], [22, 3, 23, 4], [14, 6, 15, 5], [7, 11, 8, 10], [9, 16, 10, 17], [11, 20, 12, 21], [2, 14, 3, 13]]"
12n_0423_68,"[[2, 14, 3, 13], [24, 15, 1, 16], [17, 8, 18, 9], [19, 12, 20, 13], [21, 19, 22, 18], [4, 23, 5, 24], [6, 2, 7, 1], [22, 3, 23, 4], [14, 6, 15, 5], [7, 11, 8, 10], [9, 16, 10, 17], [11, 20, 12, 21]]"
12n_0423_69,"[[11, 20, 12, 21], [2, 14, 3, 13], [24, 15, 1, 16], [17, 8, 18, 9], [19, 12, 20, 13], [21, 19, 22, 18], [4, 23, 5, 24], [6, 2, 7, 1], [22, 3, 23, 4], [14, 6, 15, 5], [7, 11, 8, 10], [9, 16, 10, 17]]"
12n_0423_70,"[[9, 16, 10, 17], [11, 20, 12, 21], [2, 14, 3, 13], [24, 15, 1, 16], [17, 8, 18, 9], [19, 12, 20, 13], [21, 19, 22, 18], [4, 23, 5, 24], [6, 2, 7, 1], [22, 3, 23, 4], [14, 6, 15, 5], [7, 11, 8, 10]]"
12n_0423_71,"[[7, 11, 8, 10], [9, 16, 10, 17], [11, 20, 12, 21], [2, 14, 3, 13], [24, 15, 1, 16], [17, 8, 18, 9], [19, 12, 20, 13], [21, 19, 22, 18], [4, 23, 5, 24], [6, 2, 7, 1], [22, 3, 23, 4], [14, 6, 15, 5]]"
12n_0423_72,"[[15, 7, 16, 6], [8, 12, 9, 11], [10, 17, 11, 18], [12, 21, 13, 22], [3, 15, 4, 14], [1, 16, 2, 17], [18, 9, 19, 10], [20, 13, 21, 14], [22, 20, 23, 19], [5, 24, 6, 1], [7, 3, 8, 2], [23, 4, 24, 5]]"
12n_0423_73,"[[23, 4, 24, 5], [15, 7, 16, 6], [8, 12, 9, 11], [10, 17, 11, 18], [12, 21, 13, 22], [3, 15, 4, 14], [1, 16, 2, 17], [18, 9, 19, 10], [20, 13, 21, 14], [22, 20, 23, 19], [5, 24, 6, 1], [7, 3, 8, 2]]"
12n_0423_74,"[[7, 3, 8, 2], [23, 4, 24, 5], [15, 7, 16, 6], [8, 12, 9, 11], [10, 17, 11, 18], [12, 21, 13, 22], [3, 15, 4, 14], [1, 16, 2, 17], [18, 9, 19, 10], [20, 13, 21, 14], [22, 20, 23, 19], [5, 24, 6, 1]]"
12n_0423_75,"[[5, 24, 6, 1], [7, 3, 8, 2], [23, 4, 24, 5], [15, 7, 16, 6], [8, 12, 9, 11], [10, 17, 11, 18], [12, 21, 13, 22], [3, 15, 4, 14], [1, 16, 2, 17], [18, 9, 19, 10], [20, 13, 21, 14], [22, 20, 23, 19]]"
12n_0423_76,"[[22, 20, 23, 19], [5, 24, 6, 1], [7, 3, 8, 2], [23, 4, 24, 5], [15, 7, 16, 6], [8, 12, 9, 11], [10, 17, 11, 18], [12, 21, 13, 22], [3, 15, 4, 14], [1, 16, 2, 17], [18, 9, 19, 10], [20, 13, 21, 14]]"
12n_0423_77,"[[20, 13, 21, 14], [22, 20, 23, 19], [5, 24, 6, 1], [7, 3, 8, 2], [23, 4, 24, 5], [15, 7, 16, 6], [8, 12, 9, 11], [10, 17, 11, 18], [12, 21, 13, 22], [3, 15, 4, 14], [1, 16, 2, 17], [18, 9, 19, 10]]"
12n_0423_78,"[[18, 9, 19, 10], [20, 13, 21, 14], [22, 20, 23, 19], [5, 24, 6, 1], [7, 3, 8, 2], [23, 4, 24, 5], [15, 7, 16, 6], [8, 12, 9, 11], [10, 17, 11, 18], [12, 21, 13, 22], [3, 15, 4, 14], [1, 16, 2, 17]]"
12n_0423_79,"[[1, 16, 2, 17], [18, 9, 19, 10], [20, 13, 21, 14], [22, 20, 23, 19], [5, 24, 6, 1], [7, 3, 8, 2], [23, 4, 24, 5], [15, 7, 16, 6], [8, 12, 9, 11], [10, 17, 11, 18], [12, 21, 13, 22], [3, 15, 4, 14]]"
12n_0423_80,"[[3, 15, 4, 14], [1, 16, 2, 17], [18, 9, 19, 10], [20, 13, 21, 14], [22, 20, 23, 19], [5, 24, 6, 1], [7, 3, 8, 2], [23, 4, 24, 5], [15, 7, 16, 6], [8, 12, 9, 11], [10, 17, 11, 18], [12, 21, 13, 22]]"
12n_0423_81,"[[12, 21, 13, 22], [3, 15, 4, 14], [1, 16, 2, 17], [18, 9, 19, 10], [20, 13, 21, 14], [22, 20, 23, 19], [5, 24, 6, 1], [7, 3, 8, 2], [23, 4, 24, 5], [15, 7, 16, 6], [8, 12, 9, 11], [10, 17, 11, 18]]"
12n_0423_82,"[[10, 17, 11, 18], [12, 21, 13, 22], [3, 15, 4, 14], [1, 16, 2, 17], [18, 9, 19, 10], [20, 13, 21, 14], [22, 20, 23, 19], [5, 24, 6, 1], [7, 3, 8, 2], [23, 4, 24, 5], [15, 7, 16, 6], [8, 12, 9, 11]]"
12n_0423_83,"[[8, 12, 9, 11], [10, 17, 11, 18], [12, 21, 13, 22], [3, 15, 4, 14], [1, 16, 2, 17], [18, 9, 19, 10], [20, 13, 21, 14], [22, 20, 23, 19], [5, 24, 6, 1], [7, 3, 8, 2], [23, 4, 24, 5], [15, 7, 16, 6]]"
12n_0423_84,"[[16, 8, 17, 7], [9, 13, 10, 12], [11, 18, 12, 19], [13, 22, 14, 23], [4, 16, 5, 15], [2, 17, 3, 18], [19, 10, 20, 11], [21, 14, 22, 15], [23, 21, 24, 20], [6, 1, 7, 2], [8, 4, 9, 3], [24, 5, 1, 6]]"
12n_0423_85,"[[24, 5, 1, 6], [16, 8, 17, 7], [9, 13, 10, 12], [11, 18, 12, 19], [13, 22, 14, 23], [4, 16, 5, 15], [2, 17, 3, 18], [19, 10, 20, 11], [21, 14, 22, 15], [23, 21, 24, 20], [6, 1, 7, 2], [8, 4, 9, 3]]"
12n_0423_86,"[[8, 4, 9, 3], [24, 5, 1, 6], [16, 8, 17, 7], [9, 13, 10, 12], [11, 18, 12, 19], [13, 22, 14, 23], [4, 16, 5, 15], [2, 17, 3, 18], [19, 10, 20, 11], [21, 14, 22, 15], [23, 21, 24, 20], [6, 1, 7, 2]]"
12n_0423_87,"[[6, 1, 7, 2], [8, 4, 9, 3], [24, 5, 1, 6], [16, 8, 17, 7], [9, 13, 10, 12], [11, 18, 12, 19], [13, 22, 14, 23], [4, 16, 5, 15], [2, 17, 3, 18], [19, 10, 20, 11], [21, 14, 22, 15], [23, 21, 24, 20]]"
12n_0423_88,"[[23, 21, 24, 20], [6, 1, 7, 2], [8, 4, 9, 3], [24, 5, 1, 6], [16, 8, 17, 7], [9, 13, 10, 12], [11, 18, 12, 19], [13, 22, 14, 23], [4, 16, 5, 15], [2, 17, 3, 18], [19, 10, 20, 11], [21, 14, 22, 15]]"
12n_0423_89,"[[21, 14, 22, 15], [23, 21, 24, 20], [6, 1, 7, 2], [8, 4, 9, 3], [24, 5, 1, 6], [16, 8, 17, 7], [9, 13, 10, 12], [11, 18, 12, 19], [13, 22, 14, 23], [4, 16, 5, 15], [2, 17, 3, 18], [19, 10, 20, 11]]"
12n_0423_90,"[[19, 10, 20, 11], [21, 14, 22, 15], [23, 21, 24, 20], [6, 1, 7, 2], [8, 4, 9, 3], [24, 5, 1, 6], [16, 8, 17, 7], [9, 13, 10, 12], [11, 18, 12, 19], [13, 22, 14, 23], [4, 16, 5, 15], [2, 17, 3, 18]]"
12n_0423_91,"[[2, 17, 3, 18], [19, 10, 20, 11], [21, 14, 22, 15], [23, 21, 24, 20], [6, 1, 7, 2], [8, 4, 9, 3], [24, 5, 1, 6], [16, 8, 17, 7], [9, 13, 10, 12], [11, 18, 12, 19], [13, 22, 14, 23], [4, 16, 5, 15]]"
12n_0423_92,"[[4, 16, 5, 15], [2, 17, 3, 18], [19, 10, 20, 11], [21, 14, 22, 15], [23, 21, 24, 20], [6, 1, 7, 2], [8, 4, 9, 3], [24, 5, 1, 6], [16, 8, 17, 7], [9, 13, 10, 12], [11, 18, 12, 19], [13, 22, 14, 23]]"
12n_0423_93,"[[13, 22, 14, 23], [4, 16, 5, 15], [2, 17, 3, 18], [19, 10, 20, 11], [21, 14, 22, 15], [23, 21, 24, 20], [6, 1, 7, 2], [8, 4, 9, 3], [24, 5, 1, 6], [16, 8, 17, 7], [9, 13, 10, 12], [11, 18, 12, 19]]"
12n_0423_94,"[[11, 18, 12, 19], [13, 22, 14, 23], [4, 16, 5, 15], [2, 17, 3, 18], [19, 10, 20, 11], [21, 14, 22, 15], [23, 21, 24, 20], [6, 1, 7, 2], [8, 4, 9, 3], [24, 5, 1, 6], [16, 8, 17, 7], [9, 13, 10, 12]]"
12n_0423_95,"[[9, 13, 10, 12], [11, 18, 12, 19], [13, 22, 14, 23], [4, 16, 5, 15], [2, 17, 3, 18], [19, 10, 20, 11], [21, 14, 22, 15], [23, 21, 24, 20], [6, 1, 7, 2], [8, 4, 9, 3], [24, 5, 1, 6], [16, 8, 17, 7]]"
12n_0423_96,"[[17, 9, 18, 8], [10, 14, 11, 13], [12, 19, 13, 20], [14, 23, 15, 24], [5, 17, 6, 16], [3, 18, 4, 19], [20, 11, 21, 12], [22, 15, 23, 16], [24, 22, 1, 21], [7, 2, 8, 3], [9, 5, 10, 4], [1, 6, 2, 7]]"
12n_0423_97,"[[1, 6, 2, 7], [17, 9, 18, 8], [10, 14, 11, 13], [12, 19, 13, 20], [14, 23, 15, 24], [5, 17, 6, 16], [3, 18, 4, 19], [20, 11, 21, 12], [22, 15, 23, 16], [24, 22, 1, 21], [7, 2, 8, 3], [9, 5, 10, 4]]"
12n_0423_98,"[[9, 5, 10, 4], [1, 6, 2, 7], [17, 9, 18, 8], [10, 14, 11, 13], [12, 19, 13, 20], [14, 23, 15, 24], [5, 17, 6, 16], [3, 18, 4, 19], [20, 11, 21, 12], [22, 15, 23, 16], [24, 22, 1, 21], [7, 2, 8, 3]]"
12n_0423_99,"[[7, 2, 8, 3], [9, 5, 10, 4], [1, 6, 2, 7], [17, 9, 18, 8], [10, 14, 11, 13], [12, 19, 13, 20], [14, 23, 15, 24], [5, 17, 6, 16], [3, 18, 4, 19], [20, 11, 21, 12], [22, 15, 23, 16], [24, 22, 1, 21]]"
12n_0423_100,"[[24, 22, 1, 21], [7, 2, 8, 3], [9, 5, 10, 4], [1, 6, 2, 7], [17, 9, 18, 8], [10, 14, 11, 13], [12, 19, 13, 20], [14, 23, 15, 24], [5, 17, 6, 16], [3, 18, 4, 19], [20, 11, 21, 12], [22, 15, 23, 16]]"
12n_0423_101,"[[22, 15, 23, 16], [24, 22, 1, 21], [7, 2, 8, 3], [9, 5, 10, 4], [1, 6, 2, 7], [17, 9, 18, 8], [10, 14, 11, 13], [12, 19, 13, 20], [14, 23, 15, 24], [5, 17, 6, 16], [3, 18, 4, 19], [20, 11, 21, 12]]"
12n_0423_102,"[[20, 11, 21, 12], [22, 15, 23, 16], [24, 22, 1, 21], [7, 2, 8, 3], [9, 5, 10, 4], [1, 6, 2, 7], [17, 9, 18, 8], [10, 14, 11, 13], [12, 19, 13, 20], [14, 23, 15, 24], [5, 17, 6, 16], [3, 18, 4, 19]]"
12n_0423_103,"[[3, 18, 4, 19], [20, 11, 21, 12], [22, 15, 23, 16], [24, 22, 1, 21], [7, 2, 8, 3], [9, 5, 10, 4], [1, 6, 2, 7], [17, 9, 18, 8], [10, 14, 11, 13], [12, 19, 13, 20], [14, 23, 15, 24], [5, 17, 6, 16]]"
12n_0423_104,"[[5, 17, 6, 16], [3, 18, 4, 19], [20, 11, 21, 12], [22, 15, 23, 16], [24, 22, 1, 21], [7, 2, 8, 3], [9, 5, 10, 4], [1, 6, 2, 7], [17, 9, 18, 8], [10, 14, 11, 13], [12, 19, 13, 20], [14, 23, 15, 24]]"
12n_0423_105,"[[14, 23, 15, 24], [5, 17, 6, 16], [3, 18, 4, 19], [20, 11, 21, 12], [22, 15, 23, 16], [24, 22, 1, 21], [7, 2, 8, 3], [9, 5, 10, 4], [1, 6, 2, 7], [17, 9, 18, 8], [10, 14, 11, 13], [12, 19, 13, 20]]"
12n_0423_106,"[[12, 19, 13, 20], [14, 23, 15, 24], [5, 17, 6, 16], [3, 18, 4, 19], [20, 11, 21, 12], [22, 15, 23, 16], [24, 22, 1, 21], [7, 2, 8, 3], [9, 5, 10, 4], [1, 6, 2, 7], [17, 9, 18, 8], [10, 14, 11, 13]]"
12n_0423_107,"[[10, 14, 11, 13], [12, 19, 13, 20], [14, 23, 15, 24], [5, 17, 6, 16], [3, 18, 4, 19], [20, 11, 21, 12], [22, 15, 23, 16], [24, 22, 1, 21], [7, 2, 8, 3], [9, 5, 10, 4], [1, 6, 2, 7], [17, 9, 18, 8]]"
12n_0423_108,"[[18, 10, 19, 9], [11, 15, 12, 14], [13, 20, 14, 21], [15, 24, 16, 1], [6, 18, 7, 17], [4, 19, 5, 20], [21, 12, 22, 13], [23, 16, 24, 17], [1, 23, 2, 22], [8, 3, 9, 4], [10, 6, 11, 5], [2, 7, 3, 8]]"
12n_0423_109,"[[2, 7, 3, 8], [18, 10, 19, 9], [11, 15, 12, 14], [13, 20, 14, 21], [15, 24, 16, 1], [6, 18, 7, 17], [4, 19, 5, 20], [21, 12, 22, 13], [23, 16, 24, 17], [1, 23, 2, 22], [8, 3, 9, 4], [10, 6, 11, 5]]"
12n_0423_110,"[[10, 6, 11, 5], [2, 7, 3, 8], [18, 10, 19, 9], [11, 15, 12, 14], [13, 20, 14, 21], [15, 24, 16, 1], [6, 18, 7, 17], [4, 19, 5, 20], [21, 12, 22, 13], [23, 16, 24, 17], [1, 23, 2, 22], [8, 3, 9, 4]]"
12n_0423_111,"[[8, 3, 9, 4], [10, 6, 11, 5], [2, 7, 3, 8], [18, 10, 19, 9], [11, 15, 12, 14], [13, 20, 14, 21], [15, 24, 16, 1], [6, 18, 7, 17], [4, 19, 5, 20], [21, 12, 22, 13], [23, 16, 24, 17], [1, 23, 2, 22]]"
12n_0423_112,"[[1, 23, 2, 22], [8, 3, 9, 4], [10, 6, 11, 5], [2, 7, 3, 8], [18, 10, 19, 9], [11, 15, 12, 14], [13, 20, 14, 21], [15, 24, 16, 1], [6, 18, 7, 17], [4, 19, 5, 20], [21, 12, 22, 13], [23, 16, 24, 17]]"
12n_0423_113,"[[23, 16, 24, 17], [1, 23, 2, 22], [8, 3, 9, 4], [10, 6, 11, 5], [2, 7, 3, 8], [18, 10, 19, 9], [11, 15, 12, 14], [13, 20, 14, 21], [15, 24, 16, 1], [6, 18, 7, 17], [4, 19, 5, 20], [21, 12, 22, 13]]"
12n_0423_114,"[[21, 12, 22, 13], [23, 16, 24, 17], [1, 23, 2, 22], [8, 3, 9, 4], [10, 6, 11, 5], [2, 7, 3, 8], [18, 10, 19, 9], [11, 15, 12, 14], [13, 20, 14, 21], [15, 24, 16, 1], [6, 18, 7, 17], [4, 19, 5, 20]]"
12n_0423_115,"[[4, 19, 5, 20], [21, 12, 22, 13], [23, 16, 24, 17], [1, 23, 2, 22], [8, 3, 9, 4], [10, 6, 11, 5], [2, 7, 3, 8], [18, 10, 19, 9], [11, 15, 12, 14], [13, 20, 14, 21], [15, 24, 16, 1], [6, 18, 7, 17]]"
12n_0423_116,"[[6, 18, 7, 17], [4, 19, 5, 20], [21, 12, 22, 13], [23, 16, 24, 17], [1, 23, 2, 22], [8, 3, 9, 4], [10, 6, 11, 5], [2, 7, 3, 8], [18, 10, 19, 9], [11, 15, 12, 14], [13, 20, 14, 21], [15, 24, 16, 1]]"
12n_0423_117,"[[15, 24, 16, 1], [6, 18, 7, 17], [4, 19, 5, 20], [21, 12, 22, 13], [23, 16, 24, 17], [1, 23, 2, 22], [8, 3, 9, 4], [10, 6, 11, 5], [2, 7, 3, 8], [18, 10, 19, 9], [11, 15, 12, 14], [13, 20, 14, 21]]"
12n_0423_118,"[[13, 20, 14, 21], [15, 24, 16, 1], [6, 18, 7, 17], [4, 19, 5, 20], [21, 12, 22, 13], [23, 16, 24, 17], [1, 23, 2, 22], [8, 3, 9, 4], [10, 6, 11, 5], [2, 7, 3, 8], [18, 10, 19, 9], [11, 15, 12, 14]]"
12n_0423_119,"[[11, 15, 12, 14], [13, 20, 14, 21], [15, 24, 16, 1], [6, 18, 7, 17], [4, 19, 5, 20], [21, 12, 22, 13], [23, 16, 24, 17], [1, 23, 2, 22], [8, 3, 9, 4], [10, 6, 11, 5], [2, 7, 3, 8], [18, 10, 19, 9]]"
12n_0423_120,"[[19, 11, 20, 10], [12, 16, 13, 15], [14, 21, 15, 22], [16, 1, 17, 2], [7, 19, 8, 18], [5, 20, 6, 21], [22, 13, 23, 14], [24, 17, 1, 18], [2, 24, 3, 23], [9, 4, 10, 5], [11, 7, 12, 6], [3, 8, 4, 9]]"
12n_0423_121,"[[3, 8, 4, 9], [19, 11, 20, 10], [12, 16, 13, 15], [14, 21, 15, 22], [16, 1, 17, 2], [7, 19, 8, 18], [5, 20, 6, 21], [22, 13, 23, 14], [24, 17, 1, 18], [2, 24, 3, 23], [9, 4, 10, 5], [11, 7, 12, 6]]"
12n_0423_122,"[[11, 7, 12, 6], [3, 8, 4, 9], [19, 11, 20, 10], [12, 16, 13, 15], [14, 21, 15, 22], [16, 1, 17, 2], [7, 19, 8, 18], [5, 20, 6, 21], [22, 13, 23, 14], [24, 17, 1, 18], [2, 24, 3, 23], [9, 4, 10, 5]]"
12n_0423_123,"[[9, 4, 10, 5], [11, 7, 12, 6], [3, 8, 4, 9], [19, 11, 20, 10], [12, 16, 13, 15], [14, 21, 15, 22], [16, 1, 17, 2], [7, 19, 8, 18], [5, 20, 6, 21], [22, 13, 23, 14], [24, 17, 1, 18], [2, 24, 3, 23]]"
12n_0423_124,"[[2, 24, 3, 23], [9, 4, 10, 5], [11, 7, 12, 6], [3, 8, 4, 9], [19, 11, 20, 10], [12, 16, 13, 15], [14, 21, 15, 22], [16, 1, 17, 2], [7, 19, 8, 18], [5, 20, 6, 21], [22, 13, 23, 14], [24, 17, 1, 18]]"
12n_0423_125,"[[24, 17, 1, 18], [2, 24, 3, 23], [9, 4, 10, 5], [11, 7, 12, 6], [3, 8, 4, 9], [19, 11, 20, 10], [12, 16, 13, 15], [14, 21, 15, 22], [16, 1, 17, 2], [7, 19, 8, 18], [5, 20, 6, 21], [22, 13, 23, 14]]"
12n_0423_126,"[[22, 13, 23, 14], [24, 17, 1, 18], [2, 24, 3, 23], [9, 4, 10, 5], [11, 7, 12, 6], [3, 8, 4, 9], [19, 11, 20, 10], [12, 16, 13, 15], [14, 21, 15, 22], [16, 1, 17, 2], [7, 19, 8, 18], [5, 20, 6, 21]]"
12n_0423_127,"[[5, 20, 6, 21], [22, 13, 23, 14], [24, 17, 1, 18], [2, 24, 3, 23], [9, 4, 10, 5], [11, 7, 12, 6], [3, 8, 4, 9], [19, 11, 20, 10], [12, 16, 13, 15], [14, 21, 15, 22], [16, 1, 17, 2], [7, 19, 8, 18]]"
12n_0423_128,"[[7, 19, 8, 18], [5, 20, 6, 21], [22, 13, 23, 14], [24, 17, 1, 18], [2, 24, 3, 23], [9, 4, 10, 5], [11, 7, 12, 6], [3, 8, 4, 9], [19, 11, 20, 10], [12, 16, 13, 15], [14, 21, 15, 22], [16, 1, 17, 2]]"
12n_0423_129,"[[16, 1, 17, 2], [7, 19, 8, 18], [5, 20, 6, 21], [22, 13, 23, 14], [24, 17, 1, 18], [2, 24, 3, 23], [9, 4, 10, 5], [11, 7, 12, 6], [3, 8, 4, 9], [19, 11, 20, 10], [12, 16, 13, 15], [14, 21, 15, 22]]"
12n_0423_130,"[[14, 21, 15, 22], [16, 1, 17, 2], [7, 19, 8, 18], [5, 20, 6, 21], [22, 13, 23, 14], [24, 17, 1, 18], [2, 24, 3, 23], [9, 4, 10, 5], [11, 7, 12, 6], [3, 8, 4, 9], [19, 11, 20, 10], [12, 16, 13, 15]]"
12n_0423_131,"[[12, 16, 13, 15], [14, 21, 15, 22], [16, 1, 17, 2], [7, 19, 8, 18], [5, 20, 6, 21], [22, 13, 23, 14], [24, 17, 1, 18], [2, 24, 3, 23], [9, 4, 10, 5], [11, 7, 12, 6], [3, 8, 4, 9], [19, 11, 20, 10]]"
12n_0423_132,"[[20, 12, 21, 11], [13, 17, 14, 16], [15, 22, 16, 23], [17, 2, 18, 3], [8, 20, 9, 19], [6, 21, 7, 22], [23, 14, 24, 15], [1, 18, 2, 19], [3, 1, 4, 24], [10, 5, 11, 6], [12, 8, 13, 7], [4, 9, 5, 10]]"
12n_0423_133,"[[4, 9, 5, 10], [20, 12, 21, 11], [13, 17, 14, 16], [15, 22, 16, 23], [17, 2, 18, 3], [8, 20, 9, 19], [6, 21, 7, 22], [23, 14, 24, 15], [1, 18, 2, 19], [3, 1, 4, 24], [10, 5, 11, 6], [12, 8, 13, 7]]"
12n_0423_134,"[[12, 8, 13, 7], [4, 9, 5, 10], [20, 12, 21, 11], [13, 17, 14, 16], [15, 22, 16, 23], [17, 2, 18, 3], [8, 20, 9, 19], [6, 21, 7, 22], [23, 14, 24, 15], [1, 18, 2, 19], [3, 1, 4, 24], [10, 5, 11, 6]]"
12n_0423_135,"[[10, 5, 11, 6], [12, 8, 13, 7], [4, 9, 5, 10], [20, 12, 21, 11], [13, 17, 14, 16], [15, 22, 16, 23], [17, 2, 18, 3], [8, 20, 9, 19], [6, 21, 7, 22], [23, 14, 24, 15], [1, 18, 2, 19], [3, 1, 4, 24]]"
12n_0423_136,"[[3, 1, 4, 24], [10, 5, 11, 6], [12, 8, 13, 7], [4, 9, 5, 10], [20, 12, 21, 11], [13, 17, 14, 16], [15, 22, 16, 23], [17, 2, 18, 3], [8, 20, 9, 19], [6, 21, 7, 22], [23, 14, 24, 15], [1, 18, 2, 19]]"
12n_0423_137,"[[1, 18, 2, 19], [3, 1, 4, 24], [10, 5, 11, 6], [12, 8, 13, 7], [4, 9, 5, 10], [20, 12, 21, 11], [13, 17, 14, 16], [15, 22, 16, 23], [17, 2, 18, 3], [8, 20, 9, 19], [6, 21, 7, 22], [23, 14, 24, 15]]"
12n_0423_138,"[[23, 14, 24, 15], [1, 18, 2, 19], [3, 1, 4, 24], [10, 5, 11, 6], [12, 8, 13, 7], [4, 9, 5, 10], [20, 12, 21, 11], [13, 17, 14, 16], [15, 22, 16, 23], [17, 2, 18, 3], [8, 20, 9, 19], [6, 21, 7, 22]]"
12n_0423_139,"[[6, 21, 7, 22], [23, 14, 24, 15], [1, 18, 2, 19], [3, 1, 4, 24], [10, 5, 11, 6], [12, 8, 13, 7], [4, 9, 5, 10], [20, 12, 21, 11], [13, 17, 14, 16], [15, 22, 16, 23], [17, 2, 18, 3], [8, 20, 9, 19]]"
12n_0423_140,"[[8, 20, 9, 19], [6, 21, 7, 22], [23, 14, 24, 15], [1, 18, 2, 19], [3, 1, 4, 24], [10, 5, 11, 6], [12, 8, 13, 7], [4, 9, 5, 10], [20, 12, 21, 11], [13, 17, 14, 16], [15, 22, 16, 23], [17, 2, 18, 3]]"
12n_0423_141,"[[17, 2, 18, 3], [8, 20, 9, 19], [6, 21, 7, 22], [23, 14, 24, 15], [1, 18, 2, 19], [3, 1, 4, 24], [10, 5, 11, 6], [12, 8, 13, 7], [4, 9, 5, 10], [20, 12, 21, 11], [13, 17, 14, 16], [15, 22, 16, 23]]"
12n_0423_142,"[[15, 22, 16, 23], [17, 2, 18, 3], [8, 20, 9, 19], [6, 21, 7, 22], [23, 14, 24, 15], [1, 18, 2, 19], [3, 1, 4, 24], [10, 5, 11, 6], [12, 8, 13, 7], [4, 9, 5, 10], [20, 12, 21, 11], [13, 17, 14, 16]]"
12n_0423_143,"[[13, 17, 14, 16], [15, 22, 16, 23], [17, 2, 18, 3], [8, 20, 9, 19], [6, 21, 7, 22], [23, 14, 24, 15], [1, 18, 2, 19], [3, 1, 4, 24], [10, 5, 11, 6], [12, 8, 13, 7], [4, 9, 5, 10], [20, 12, 21, 11]]"
12n_0423_144,"[[21, 13, 22, 12], [14, 18, 15, 17], [16, 23, 17, 24], [18, 3, 19, 4], [9, 21, 10, 20], [7, 22, 8, 23], [24, 15, 1, 16], [2, 19, 3, 20], [4, 2, 5, 1], [11, 6, 12, 7], [13, 9, 14, 8], [5, 10, 6, 11]]"
12n_0423_145,"[[5, 10, 6, 11], [21, 13, 22, 12], [14, 18, 15, 17], [16, 23, 17, 24], [18, 3, 19, 4], [9, 21, 10, 20], [7, 22, 8, 23], [24, 15, 1, 16], [2, 19, 3, 20], [4, 2, 5, 1], [11, 6, 12, 7], [13, 9, 14, 8]]"
12n_0423_146,"[[13, 9, 14, 8], [5, 10, 6, 11], [21, 13, 22, 12], [14, 18, 15, 17], [16, 23, 17, 24], [18, 3, 19, 4], [9, 21, 10, 20], [7, 22, 8, 23], [24, 15, 1, 16], [2, 19, 3, 20], [4, 2, 5, 1], [11, 6, 12, 7]]"
12n_0423_147,"[[11, 6, 12, 7], [13, 9, 14, 8], [5, 10, 6, 11], [21, 13, 22, 12], [14, 18, 15, 17], [16, 23, 17, 24], [18, 3, 19, 4], [9, 21, 10, 20], [7, 22, 8, 23], [24, 15, 1, 16], [2, 19, 3, 20], [4, 2, 5, 1]]"
12n_0423_148,"[[4, 2, 5, 1], [11, 6, 12, 7], [13, 9, 14, 8], [5, 10, 6, 11], [21, 13, 22, 12], [14, 18, 15, 17], [16, 23, 17, 24], [18, 3, 19, 4], [9, 21, 10, 20], [7, 22, 8, 23], [24, 15, 1, 16], [2, 19, 3, 20]]"
12n_0423_149,"[[2, 19, 3, 20], [4, 2, 5, 1], [11, 6, 12, 7], [13, 9, 14, 8], [5, 10, 6, 11], [21, 13, 22, 12], [14, 18, 15, 17], [16, 23, 17, 24], [18, 3, 19, 4], [9, 21, 10, 20], [7, 22, 8, 23], [24, 15, 1, 16]]"
12n_0423_150,"[[24, 15, 1, 16], [2, 19, 3, 20], [4, 2, 5, 1], [11, 6, 12, 7], [13, 9, 14, 8], [5, 10, 6, 11], [21, 13, 22, 12], [14, 18, 15, 17], [16, 23, 17, 24], [18, 3, 19, 4], [9, 21, 10, 20], [7, 22, 8, 23]]"
12n_0423_151,"[[7, 22, 8, 23], [24, 15, 1, 16], [2, 19, 3, 20], [4, 2, 5, 1], [11, 6, 12, 7], [13, 9, 14, 8], [5, 10, 6, 11], [21, 13, 22, 12], [14, 18, 15, 17], [16, 23, 17, 24], [18, 3, 19, 4], [9, 21, 10, 20]]"
12n_0423_152,"[[9, 21, 10, 20], [7, 22, 8, 23], [24, 15, 1, 16], [2, 19, 3, 20], [4, 2, 5, 1], [11, 6, 12, 7], [13, 9, 14, 8], [5, 10, 6, 11], [21, 13, 22, 12], [14, 18, 15, 17], [16, 23, 17, 24], [18, 3, 19, 4]]"
12n_0423_153,"[[18, 3, 19, 4], [9, 21, 10, 20], [7, 22, 8, 23], [24, 15, 1, 16], [2, 19, 3, 20], [4, 2, 5, 1], [11, 6, 12, 7], [13, 9, 14, 8], [5, 10, 6, 11], [21, 13, 22, 12], [14, 18, 15, 17], [16, 23, 17, 24]]"
12n_0423_154,"[[16, 23, 17, 24], [18, 3, 19, 4], [9, 21, 10, 20], [7, 22, 8, 23], [24, 15, 1, 16], [2, 19, 3, 20], [4, 2, 5, 1], [11, 6, 12, 7], [13, 9, 14, 8], [5, 10, 6, 11], [21, 13, 22, 12], [14, 18, 15, 17]]"
12n_0423_155,"[[14, 18, 15, 17], [16, 23, 17, 24], [18, 3, 19, 4], [9, 21, 10, 20], [7, 22, 8, 23], [24, 15, 1, 16], [2, 19, 3, 20], [4, 2, 5, 1], [11, 6, 12, 7], [13, 9, 14, 8], [5, 10, 6, 11], [21, 13, 22, 12]]"
12n_0423_156,"[[22, 14, 23, 13], [15, 19, 16, 18], [17, 24, 18, 1], [19, 4, 20, 5], [10, 22, 11, 21], [8, 23, 9, 24], [1, 16, 2, 17], [3, 20, 4, 21], [5, 3, 6, 2], [12, 7, 13, 8], [14, 10, 15, 9], [6, 11, 7, 12]]"
12n_0423_157,"[[6, 11, 7, 12], [22, 14, 23, 13], [15, 19, 16, 18], [17, 24, 18, 1], [19, 4, 20, 5], [10, 22, 11, 21], [8, 23, 9, 24], [1, 16, 2, 17], [3, 20, 4, 21], [5, 3, 6, 2], [12, 7, 13, 8], [14, 10, 15, 9]]"
12n_0423_158,"[[14, 10, 15, 9], [6, 11, 7, 12], [22, 14, 23, 13], [15, 19, 16, 18], [17, 24, 18, 1], [19, 4, 20, 5], [10, 22, 11, 21], [8, 23, 9, 24], [1, 16, 2, 17], [3, 20, 4, 21], [5, 3, 6, 2], [12, 7, 13, 8]]"
12n_0423_159,"[[12, 7, 13, 8], [14, 10, 15, 9], [6, 11, 7, 12], [22, 14, 23, 13], [15, 19, 16, 18], [17, 24, 18, 1], [19, 4, 20, 5], [10, 22, 11, 21], [8, 23, 9, 24], [1, 16, 2, 17], [3, 20, 4, 21], [5, 3, 6, 2]]"
12n_0423_160,"[[5, 3, 6, 2], [12, 7, 13, 8], [14, 10, 15, 9], [6, 11, 7, 12], [22, 14, 23, 13], [15, 19, 16, 18], [17, 24, 18, 1], [19, 4, 20, 5], [10, 22, 11, 21], [8, 23, 9, 24], [1, 16, 2, 17], [3, 20, 4, 21]]"
12n_0423_161,"[[3, 20, 4, 21], [5, 3, 6, 2], [12, 7, 13, 8], [14, 10, 15, 9], [6, 11, 7, 12], [22, 14, 23, 13], [15, 19, 16, 18], [17, 24, 18, 1], [19, 4, 20, 5], [10, 22, 11, 21], [8, 23, 9, 24], [1, 16, 2, 17]]"
12n_0423_162,"[[1, 16, 2, 17], [3, 20, 4, 21], [5, 3, 6, 2], [12, 7, 13, 8], [14, 10, 15, 9], [6, 11, 7, 12], [22, 14, 23, 13], [15, 19, 16, 18], [17, 24, 18, 1], [19, 4, 20, 5], [10, 22, 11, 21], [8, 23, 9, 24]]"
12n_0423_163,"[[8, 23, 9, 24], [1, 16, 2, 17], [3, 20, 4, 21], [5, 3, 6, 2], [12, 7, 13, 8], [14, 10, 15, 9], [6, 11, 7, 12], [22, 14, 23, 13], [15, 19, 16, 18], [17, 24, 18, 1], [19, 4, 20, 5], [10, 22, 11, 21]]"
12n_0423_164,"[[10, 22, 11, 21], [8, 23, 9, 24], [1, 16, 2, 17], [3, 20, 4, 21], [5, 3, 6, 2], [12, 7, 13, 8], [14, 10, 15, 9], [6, 11, 7, 12], [22, 14, 23, 13], [15, 19, 16, 18], [17, 24, 18, 1], [19, 4, 20, 5]]"
12n_0423_165,"[[19, 4, 20, 5], [10, 22, 11, 21], [8, 23, 9, 24], [1, 16, 2, 17], [3, 20, 4, 21], [5, 3, 6, 2], [12, 7, 13, 8], [14, 10, 15, 9], [6, 11, 7, 12], [22, 14, 23, 13], [15, 19, 16, 18], [17, 24, 18, 1]]"
12n_0423_166,"[[17, 24, 18, 1], [19, 4, 20, 5], [10, 22, 11, 21], [8, 23, 9, 24], [1, 16, 2, 17], [3, 20, 4, 21], [5, 3, 6, 2], [12, 7, 13, 8], [14, 10, 15, 9], [6, 11, 7, 12], [22, 14, 23, 13], [15, 19, 16, 18]]"
12n_0423_167,"[[15, 19, 16, 18], [17, 24, 18, 1], [19, 4, 20, 5], [10, 22, 11, 21], [8, 23, 9, 24], [1, 16, 2, 17], [3, 20, 4, 21], [5, 3, 6, 2], [12, 7, 13, 8], [14, 10, 15, 9], [6, 11, 7, 12], [22, 14, 23, 13]]"
12n_0423_168,"[[23, 15, 24, 14], [16, 20, 17, 19], [18, 1, 19, 2], [20, 5, 21, 6], [11, 23, 12, 22], [9, 24, 10, 1], [2, 17, 3, 18], [4, 21, 5, 22], [6, 4, 7, 3], [13, 8, 14, 9], [15, 11, 16, 10], [7, 12, 8, 13]]"
12n_0423_169,"[[7, 12, 8, 13], [23, 15, 24, 14], [16, 20, 17, 19], [18, 1, 19, 2], [20, 5, 21, 6], [11, 23, 12, 22], [9, 24, 10, 1], [2, 17, 3, 18], [4, 21, 5, 22], [6, 4, 7, 3], [13, 8, 14, 9], [15, 11, 16, 10]]"
12n_0423_170,"[[15, 11, 16, 10], [7, 12, 8, 13], [23, 15, 24, 14], [16, 20, 17, 19], [18, 1, 19, 2], [20, 5, 21, 6], [11, 23, 12, 22], [9, 24, 10, 1], [2, 17, 3, 18], [4, 21, 5, 22], [6, 4, 7, 3], [13, 8, 14, 9]]"
12n_0423_171,"[[13, 8, 14, 9], [15, 11, 16, 10], [7, 12, 8, 13], [23, 15, 24, 14], [16, 20, 17, 19], [18, 1, 19, 2], [20, 5, 21, 6], [11, 23, 12, 22], [9, 24, 10, 1], [2, 17, 3, 18], [4, 21, 5, 22], [6, 4, 7, 3]]"
12n_0423_172,"[[6, 4, 7, 3], [13, 8, 14, 9], [15, 11, 16, 10], [7, 12, 8, 13], [23, 15, 24, 14], [16, 20, 17, 19], [18, 1, 19, 2], [20, 5, 21, 6], [11, 23, 12, 22], [9, 24, 10, 1], [2, 17, 3, 18], [4, 21, 5, 22]]"
12n_0423_173,"[[4, 21, 5, 22], [6, 4, 7, 3], [13, 8, 14, 9], [15, 11, 16, 10], [7, 12, 8, 13], [23, 15, 24, 14], [16, 20, 17, 19], [18, 1, 19, 2], [20, 5, 21, 6], [11, 23, 12, 22], [9, 24, 10, 1], [2, 17, 3, 18]]"
12n_0423_174,"[[2, 17, 3, 18], [4, 21, 5, 22], [6, 4, 7, 3], [13, 8, 14, 9], [15, 11, 16, 10], [7, 12, 8, 13], [23, 15, 24, 14], [16, 20, 17, 19], [18, 1, 19, 2], [20, 5, 21, 6], [11, 23, 12, 22], [9, 24, 10, 1]]"
12n_0423_175,"[[9, 24, 10, 1], [2, 17, 3, 18], [4, 21, 5, 22], [6, 4, 7, 3], [13, 8, 14, 9], [15, 11, 16, 10], [7, 12, 8, 13], [23, 15, 24, 14], [16, 20, 17, 19], [18, 1, 19, 2], [20, 5, 21, 6], [11, 23, 12, 22]]"
12n_0423_176,"[[11, 23, 12, 22], [9, 24, 10, 1], [2, 17, 3, 18], [4, 21, 5, 22], [6, 4, 7, 3], [13, 8, 14, 9], [15, 11, 16, 10], [7, 12, 8, 13], [23, 15, 24, 14], [16, 20, 17, 19], [18, 1, 19, 2], [20, 5, 21, 6]]"
12n_0423_177,"[[20, 5, 21, 6], [11, 23, 12, 22], [9, 24, 10, 1], [2, 17, 3, 18], [4, 21, 5, 22], [6, 4, 7, 3], [13, 8, 14, 9], [15, 11, 16, 10], [7, 12, 8, 13], [23, 15, 24, 14], [16, 20, 17, 19], [18, 1, 19, 2]]"
12n_0423_178,"[[18, 1, 19, 2], [20, 5, 21, 6], [11, 23, 12, 22], [9, 24, 10, 1], [2, 17, 3, 18], [4, 21, 5, 22], [6, 4, 7, 3], [13, 8, 14, 9], [15, 11, 16, 10], [7, 12, 8, 13], [23, 15, 24, 14], [16, 20, 17, 19]]"
12n_0423_179,"[[16, 20, 17, 19], [18, 1, 19, 2], [20, 5, 21, 6], [11, 23, 12, 22], [9, 24, 10, 1], [2, 17, 3, 18], [4, 21, 5, 22], [6, 4, 7, 3], [13, 8, 14, 9], [15, 11, 16, 10], [7, 12, 8, 13], [23, 15, 24, 14]]"
12n_0423_180,"[[24, 16, 1, 15], [17, 21, 18, 20], [19, 2, 20, 3], [21, 6, 22, 7], [12, 24, 13, 23], [10, 1, 11, 2], [3, 18, 4, 19], [5, 22, 6, 23], [7, 5, 8, 4], [14, 9, 15, 10], [16, 12, 17, 11], [8, 13, 9, 14]]"
12n_0423_181,"[[8, 13, 9, 14], [24, 16, 1, 15], [17, 21, 18, 20], [19, 2, 20, 3], [21, 6, 22, 7], [12, 24, 13, 23], [10, 1, 11, 2], [3, 18, 4, 19], [5, 22, 6, 23], [7, 5, 8, 4], [14, 9, 15, 10], [16, 12, 17, 11]]"
12n_0423_182,"[[16, 12, 17, 11], [8, 13, 9, 14], [24, 16, 1, 15], [17, 21, 18, 20], [19, 2, 20, 3], [21, 6, 22, 7], [12, 24, 13, 23], [10, 1, 11, 2], [3, 18, 4, 19], [5, 22, 6, 23], [7, 5, 8, 4], [14, 9, 15, 10]]"
12n_0423_183,"[[14, 9, 15, 10], [16, 12, 17, 11], [8, 13, 9, 14], [24, 16, 1, 15], [17, 21, 18, 20], [19, 2, 20, 3], [21, 6, 22, 7], [12, 24, 13, 23], [10, 1, 11, 2], [3, 18, 4, 19], [5, 22, 6, 23], [7, 5, 8, 4]]"
12n_0423_184,"[[7, 5, 8, 4], [14, 9, 15, 10], [16, 12, 17, 11], [8, 13, 9, 14], [24, 16, 1, 15], [17, 21, 18, 20], [19, 2, 20, 3], [21, 6, 22, 7], [12, 24, 13, 23], [10, 1, 11, 2], [3, 18, 4, 19], [5, 22, 6, 23]]"
12n_0423_185,"[[5, 22, 6, 23], [7, 5, 8, 4], [14, 9, 15, 10], [16, 12, 17, 11], [8, 13, 9, 14], [24, 16, 1, 15], [17, 21, 18, 20], [19, 2, 20, 3], [21, 6, 22, 7], [12, 24, 13, 23], [10, 1, 11, 2], [3, 18, 4, 19]]"
