name,pd_notation
12n_0614_0,"[[9, 1, 10, 24], [2, 6, 3, 5], [4, 15, 5, 16], [11, 6, 12, 7], [19, 8, 20, 9], [17, 11, 18, 10], [21, 13, 22, 12], [14, 2, 15, 1], [16, 3, 17, 4], [23, 19, 24, 18], [13, 21, 14, 20], [7, 22, 8, 23]]"
12n_0614_1,"[[7, 22, 8, 23], [9, 1, 10, 24], [2, 6, 3, 5], [4, 15, 5, 16], [11, 6, 12, 7], [19, 8, 20, 9], [17, 11, 18, 10], [21, 13, 22, 12], [14, 2, 15, 1], [16, 3, 17, 4], [23, 19, 24, 18], [13, 21, 14, 20]]"
12n_0614_2,"[[13, 21, 14, 20], [7, 22, 8, 23], [9, 1, 10, 24], [2, 6, 3, 5], [4, 15, 5, 16], [11, 6, 12, 7], [19, 8, 20, 9], [17, 11, 18, 10], [21, 13, 22, 12], [14, 2, 15, 1], [16, 3, 17, 4], [23, 19, 24, 18]]"
12n_0614_3,"[[23, 19, 24, 18], [13, 21, 14, 20], [7, 22, 8, 23], [9, 1, 10, 24], [2, 6, 3, 5], [4, 15, 5, 16], [11, 6, 12, 7], [19, 8, 20, 9], [17, 11, 18, 10], [21, 13, 22, 12], [14, 2, 15, 1], [16, 3, 17, 4]]"
12n_0614_4,"[[16, 3, 17, 4], [23, 19, 24, 18], [13, 21, 14, 20], [7, 22, 8, 23], [9, 1, 10, 24], [2, 6, 3, 5], [4, 15, 5, 16], [11, 6, 12, 7], [19, 8, 20, 9], [17, 11, 18, 10], [21, 13, 22, 12], [14, 2, 15, 1]]"
12n_0614_5,"[[14, 2, 15, 1], [16, 3, 17, 4], [23, 19, 24, 18], [13, 21, 14, 20], [7, 22, 8, 23], [9, 1, 10, 24], [2, 6, 3, 5], [4, 15, 5, 16], [11, 6, 12, 7], [19, 8, 20, 9], [17, 11, 18, 10], [21, 13, 22, 12]]"
12n_0614_6,"[[21, 13, 22, 12], [14, 2, 15, 1], [16, 3, 17, 4], [23, 19, 24, 18], [13, 21, 14, 20], [7, 22, 8, 23], [9, 1, 10, 24], [2, 6, 3, 5], [4, 15, 5, 16], [11, 6, 12, 7], [19, 8, 20, 9], [17, 11, 18, 10]]"
12n_0614_7,"[[17, 11, 18, 10], [21, 13, 22, 12], [14, 2, 15, 1], [16, 3, 17, 4], [23, 19, 24, 18], [13, 21, 14, 20], [7, 22, 8, 23], [9, 1, 10, 24], [2, 6, 3, 5], [4, 15, 5, 16], [11, 6, 12, 7], [19, 8, 20, 9]]"
12n_0614_8,"[[19, 8, 20, 9], [17, 11, 18, 10], [21, 13, 22, 12], [14, 2, 15, 1], [16, 3, 17, 4], [23, 19, 24, 18], [13, 21, 14, 20], [7, 22, 8, 23], [9, 1, 10, 24], [2, 6, 3, 5], [4, 15, 5, 16], [11, 6, 12, 7]]"
12n_0614_9,"[[11, 6, 12, 7], [19, 8, 20, 9], [17, 11, 18, 10], [21, 13, 22, 12], [14, 2, 15, 1], [16, 3, 17, 4], [23, 19, 24, 18], [13, 21, 14, 20], [7, 22, 8, 23], [9, 1, 10, 24], [2, 6, 3, 5], [4, 15, 5, 16]]"
12n_0614_10,"[[4, 15, 5, 16], [11, 6, 12, 7], [19, 8, 20, 9], [17, 11, 18, 10], [21, 13, 22, 12], [14, 2, 15, 1], [16, 3, 17, 4], [23, 19, 24, 18], [13, 21, 14, 20], [7, 22, 8, 23], [9, 1, 10, 24], [2, 6, 3, 5]]"
12n_0614_11,"[[2, 6, 3, 5], [4, 15, 5, 16], [11, 6, 12, 7], [19, 8, 20, 9], [17, 11, 18, 10], [21, 13, 22, 12], [14, 2, 15, 1], [16, 3, 17, 4], [23, 19, 24, 18], [13, 21, 14, 20], [7, 22, 8, 23], [9, 1, 10, 24]]"
12n_0614_12,"[[10, 2, 11, 1], [3, 7, 4, 6], [5, 16, 6, 17], [12, 7, 13, 8], [20, 9, 21, 10], [18, 12, 19, 11], [22, 14, 23, 13], [15, 3, 16, 2], [17, 4, 18, 5], [24, 20, 1, 19], [14, 22, 15, 21], [8, 23, 9, 24]]"
12n_0614_13,"[[8, 23, 9, 24], [10, 2, 11, 1], [3, 7, 4, 6], [5, 16, 6, 17], [12, 7, 13, 8], [20, 9, 21, 10], [18, 12, 19, 11], [22, 14, 23, 13], [15, 3, 16, 2], [17, 4, 18, 5], [24, 20, 1, 19], [14, 22, 15, 21]]"
12n_0614_14,"[[14, 22, 15, 21], [8, 23, 9, 24], [10, 2, 11, 1], [3, 7, 4, 6], [5, 16, 6, 17], [12, 7, 13, 8], [20, 9, 21, 10], [18, 12, 19, 11], [22, 14, 23, 13], [15, 3, 16, 2], [17, 4, 18, 5], [24, 20, 1, 19]]"
12n_0614_15,"[[24, 20, 1, 19], [14, 22, 15, 21], [8, 23, 9, 24], [10, 2, 11, 1], [3, 7, 4, 6], [5, 16, 6, 17], [12, 7, 13, 8], [20, 9, 21, 10], [18, 12, 19, 11], [22, 14, 23, 13], [15, 3, 16, 2], [17, 4, 18, 5]]"
12n_0614_16,"[[17, 4, 18, 5], [24, 20, 1, 19], [14, 22, 15, 21], [8, 23, 9, 24], [10, 2, 11, 1], [3, 7, 4, 6], [5, 16, 6, 17], [12, 7, 13, 8], [20, 9, 21, 10], [18, 12, 19, 11], [22, 14, 23, 13], [15, 3, 16, 2]]"
12n_0614_17,"[[15, 3, 16, 2], [17, 4, 18, 5], [24, 20, 1, 19], [14, 22, 15, 21], [8, 23, 9, 24], [10, 2, 11, 1], [3, 7, 4, 6], [5, 16, 6, 17], [12, 7, 13, 8], [20, 9, 21, 10], [18, 12, 19, 11], [22, 14, 23, 13]]"
12n_0614_18,"[[22, 14, 23, 13], [15, 3, 16, 2], [17, 4, 18, 5], [24, 20, 1, 19], [14, 22, 15, 21], [8, 23, 9, 24], [10, 2, 11, 1], [3, 7, 4, 6], [5, 16, 6, 17], [12, 7, 13, 8], [20, 9, 21, 10], [18, 12, 19, 11]]"
12n_0614_19,"[[18, 12, 19, 11], [22, 14, 23, 13], [15, 3, 16, 2], [17, 4, 18, 5], [24, 20, 1, 19], [14, 22, 15, 21], [8, 23, 9, 24], [10, 2, 11, 1], [3, 7, 4, 6], [5, 16, 6, 17], [12, 7, 13, 8], [20, 9, 21, 10]]"
12n_0614_20,"[[20, 9, 21, 10], [18, 12, 19, 11], [22, 14, 23, 13], [15, 3, 16, 2], [17, 4, 18, 5], [24, 20, 1, 19], [14, 22, 15, 21], [8, 23, 9, 24], [10, 2, 11, 1], [3, 7, 4, 6], [5, 16, 6, 17], [12, 7, 13, 8]]"
12n_0614_21,"[[12, 7, 13, 8], [20, 9, 21, 10], [18, 12, 19, 11], [22, 14, 23, 13], [15, 3, 16, 2], [17, 4, 18, 5], [24, 20, 1, 19], [14, 22, 15, 21], [8, 23, 9, 24], [10, 2, 11, 1], [3, 7, 4, 6], [5, 16, 6, 17]]"
12n_0614_22,"[[5, 16, 6, 17], [12, 7, 13, 8], [20, 9, 21, 10], [18, 12, 19, 11], [22, 14, 23, 13], [15, 3, 16, 2], [17, 4, 18, 5], [24, 20, 1, 19], [14, 22, 15, 21], [8, 23, 9, 24], [10, 2, 11, 1], [3, 7, 4, 6]]"
12n_0614_23,"[[3, 7, 4, 6], [5, 16, 6, 17], [12, 7, 13, 8], [20, 9, 21, 10], [18, 12, 19, 11], [22, 14, 23, 13], [15, 3, 16, 2], [17, 4, 18, 5], [24, 20, 1, 19], [14, 22, 15, 21], [8, 23, 9, 24], [10, 2, 11, 1]]"
12n_0614_24,"[[11, 3, 12, 2], [4, 8, 5, 7], [6, 17, 7, 18], [13, 8, 14, 9], [21, 10, 22, 11], [19, 13, 20, 12], [23, 15, 24, 14], [16, 4, 17, 3], [18, 5, 19, 6], [1, 21, 2, 20], [15, 23, 16, 22], [9, 24, 10, 1]]"
12n_0614_25,"[[9, 24, 10, 1], [11, 3, 12, 2], [4, 8, 5, 7], [6, 17, 7, 18], [13, 8, 14, 9], [21, 10, 22, 11], [19, 13, 20, 12], [23, 15, 24, 14], [16, 4, 17, 3], [18, 5, 19, 6], [1, 21, 2, 20], [15, 23, 16, 22]]"
12n_0614_26,"[[15, 23, 16, 22], [9, 24, 10, 1], [11, 3, 12, 2], [4, 8, 5, 7], [6, 17, 7, 18], [13, 8, 14, 9], [21, 10, 22, 11], [19, 13, 20, 12], [23, 15, 24, 14], [16, 4, 17, 3], [18, 5, 19, 6], [1, 21, 2, 20]]"
12n_0614_27,"[[1, 21, 2, 20], [15, 23, 16, 22], [9, 24, 10, 1], [11, 3, 12, 2], [4, 8, 5, 7], [6, 17, 7, 18], [13, 8, 14, 9], [21, 10, 22, 11], [19, 13, 20, 12], [23, 15, 24, 14], [16, 4, 17, 3], [18, 5, 19, 6]]"
12n_0614_28,"[[18, 5, 19, 6], [1, 21, 2, 20], [15, 23, 16, 22], [9, 24, 10, 1], [11, 3, 12, 2], [4, 8, 5, 7], [6, 17, 7, 18], [13, 8, 14, 9], [21, 10, 22, 11], [19, 13, 20, 12], [23, 15, 24, 14], [16, 4, 17, 3]]"
12n_0614_29,"[[16, 4, 17, 3], [18, 5, 19, 6], [1, 21, 2, 20], [15, 23, 16, 22], [9, 24, 10, 1], [11, 3, 12, 2], [4, 8, 5, 7], [6, 17, 7, 18], [13, 8, 14, 9], [21, 10, 22, 11], [19, 13, 20, 12], [23, 15, 24, 14]]"
12n_0614_30,"[[23, 15, 24, 14], [16, 4, 17, 3], [18, 5, 19, 6], [1, 21, 2, 20], [15, 23, 16, 22], [9, 24, 10, 1], [11, 3, 12, 2], [4, 8, 5, 7], [6, 17, 7, 18], [13, 8, 14, 9], [21, 10, 22, 11], [19, 13, 20, 12]]"
12n_0614_31,"[[19, 13, 20, 12], [23, 15, 24, 14], [16, 4, 17, 3], [18, 5, 19, 6], [1, 21, 2, 20], [15, 23, 16, 22], [9, 24, 10, 1], [11, 3, 12, 2], [4, 8, 5, 7], [6, 17, 7, 18], [13, 8, 14, 9], [21, 10, 22, 11]]"
12n_0614_32,"[[21, 10, 22, 11], [19, 13, 20, 12], [23, 15, 24, 14], [16, 4, 17, 3], [18, 5, 19, 6], [1, 21, 2, 20], [15, 23, 16, 22], [9, 24, 10, 1], [11, 3, 12, 2], [4, 8, 5, 7], [6, 17, 7, 18], [13, 8, 14, 9]]"
12n_0614_33,"[[13, 8, 14, 9], [21, 10, 22, 11], [19, 13, 20, 12], [23, 15, 24, 14], [16, 4, 17, 3], [18, 5, 19, 6], [1, 21, 2, 20], [15, 23, 16, 22], [9, 24, 10, 1], [11, 3, 12, 2], [4, 8, 5, 7], [6, 17, 7, 18]]"
12n_0614_34,"[[6, 17, 7, 18], [13, 8, 14, 9], [21, 10, 22, 11], [19, 13, 20, 12], [23, 15, 24, 14], [16, 4, 17, 3], [18, 5, 19, 6], [1, 21, 2, 20], [15, 23, 16, 22], [9, 24, 10, 1], [11, 3, 12, 2], [4, 8, 5, 7]]"
12n_0614_35,"[[4, 8, 5, 7], [6, 17, 7, 18], [13, 8, 14, 9], [21, 10, 22, 11], [19, 13, 20, 12], [23, 15, 24, 14], [16, 4, 17, 3], [18, 5, 19, 6], [1, 21, 2, 20], [15, 23, 16, 22], [9, 24, 10, 1], [11, 3, 12, 2]]"
12n_0614_36,"[[12, 4, 13, 3], [5, 9, 6, 8], [7, 18, 8, 19], [14, 9, 15, 10], [22, 11, 23, 12], [20, 14, 21, 13], [24, 16, 1, 15], [17, 5, 18, 4], [19, 6, 20, 7], [2, 22, 3, 21], [16, 24, 17, 23], [10, 1, 11, 2]]"
12n_0614_37,"[[10, 1, 11, 2], [12, 4, 13, 3], [5, 9, 6, 8], [7, 18, 8, 19], [14, 9, 15, 10], [22, 11, 23, 12], [20, 14, 21, 13], [24, 16, 1, 15], [17, 5, 18, 4], [19, 6, 20, 7], [2, 22, 3, 21], [16, 24, 17, 23]]"
12n_0614_38,"[[16, 24, 17, 23], [10, 1, 11, 2], [12, 4, 13, 3], [5, 9, 6, 8], [7, 18, 8, 19], [14, 9, 15, 10], [22, 11, 23, 12], [20, 14, 21, 13], [24, 16, 1, 15], [17, 5, 18, 4], [19, 6, 20, 7], [2, 22, 3, 21]]"
12n_0614_39,"[[2, 22, 3, 21], [16, 24, 17, 23], [10, 1, 11, 2], [12, 4, 13, 3], [5, 9, 6, 8], [7, 18, 8, 19], [14, 9, 15, 10], [22, 11, 23, 12], [20, 14, 21, 13], [24, 16, 1, 15], [17, 5, 18, 4], [19, 6, 20, 7]]"
12n_0614_40,"[[19, 6, 20, 7], [2, 22, 3, 21], [16, 24, 17, 23], [10, 1, 11, 2], [12, 4, 13, 3], [5, 9, 6, 8], [7, 18, 8, 19], [14, 9, 15, 10], [22, 11, 23, 12], [20, 14, 21, 13], [24, 16, 1, 15], [17, 5, 18, 4]]"
12n_0614_41,"[[17, 5, 18, 4], [19, 6, 20, 7], [2, 22, 3, 21], [16, 24, 17, 23], [10, 1, 11, 2], [12, 4, 13, 3], [5, 9, 6, 8], [7, 18, 8, 19], [14, 9, 15, 10], [22, 11, 23, 12], [20, 14, 21, 13], [24, 16, 1, 15]]"
12n_0614_42,"[[24, 16, 1, 15], [17, 5, 18, 4], [19, 6, 20, 7], [2, 22, 3, 21], [16, 24, 17, 23], [10, 1, 11, 2], [12, 4, 13, 3], [5, 9, 6, 8], [7, 18, 8, 19], [14, 9, 15, 10], [22, 11, 23, 12], [20, 14, 21, 13]]"
12n_0614_43,"[[20, 14, 21, 13], [24, 16, 1, 15], [17, 5, 18, 4], [19, 6, 20, 7], [2, 22, 3, 21], [16, 24, 17, 23], [10, 1, 11, 2], [12, 4, 13, 3], [5, 9, 6, 8], [7, 18, 8, 19], [14, 9, 15, 10], [22, 11, 23, 12]]"
12n_0614_44,"[[22, 11, 23, 12], [20, 14, 21, 13], [24, 16, 1, 15], [17, 5, 18, 4], [19, 6, 20, 7], [2, 22, 3, 21], [16, 24, 17, 23], [10, 1, 11, 2], [12, 4, 13, 3], [5, 9, 6, 8], [7, 18, 8, 19], [14, 9, 15, 10]]"
12n_0614_45,"[[14, 9, 15, 10], [22, 11, 23, 12], [20, 14, 21, 13], [24, 16, 1, 15], [17, 5, 18, 4], [19, 6, 20, 7], [2, 22, 3, 21], [16, 24, 17, 23], [10, 1, 11, 2], [12, 4, 13, 3], [5, 9, 6, 8], [7, 18, 8, 19]]"
12n_0614_46,"[[7, 18, 8, 19], [14, 9, 15, 10], [22, 11, 23, 12], [20, 14, 21, 13], [24, 16, 1, 15], [17, 5, 18, 4], [19, 6, 20, 7], [2, 22, 3, 21], [16, 24, 17, 23], [10, 1, 11, 2], [12, 4, 13, 3], [5, 9, 6, 8]]"
12n_0614_47,"[[5, 9, 6, 8], [7, 18, 8, 19], [14, 9, 15, 10], [22, 11, 23, 12], [20, 14, 21, 13], [24, 16, 1, 15], [17, 5, 18, 4], [19, 6, 20, 7], [2, 22, 3, 21], [16, 24, 17, 23], [10, 1, 11, 2], [12, 4, 13, 3]]"
12n_0614_48,"[[13, 5, 14, 4], [6, 10, 7, 9], [8, 19, 9, 20], [15, 10, 16, 11], [23, 12, 24, 13], [21, 15, 22, 14], [1, 17, 2, 16], [18, 6, 19, 5], [20, 7, 21, 8], [3, 23, 4, 22], [17, 1, 18, 24], [11, 2, 12, 3]]"
12n_0614_49,"[[11, 2, 12, 3], [13, 5, 14, 4], [6, 10, 7, 9], [8, 19, 9, 20], [15, 10, 16, 11], [23, 12, 24, 13], [21, 15, 22, 14], [1, 17, 2, 16], [18, 6, 19, 5], [20, 7, 21, 8], [3, 23, 4, 22], [17, 1, 18, 24]]"
12n_0614_50,"[[17, 1, 18, 24], [11, 2, 12, 3], [13, 5, 14, 4], [6, 10, 7, 9], [8, 19, 9, 20], [15, 10, 16, 11], [23, 12, 24, 13], [21, 15, 22, 14], [1, 17, 2, 16], [18, 6, 19, 5], [20, 7, 21, 8], [3, 23, 4, 22]]"
12n_0614_51,"[[3, 23, 4, 22], [17, 1, 18, 24], [11, 2, 12, 3], [13, 5, 14, 4], [6, 10, 7, 9], [8, 19, 9, 20], [15, 10, 16, 11], [23, 12, 24, 13], [21, 15, 22, 14], [1, 17, 2, 16], [18, 6, 19, 5], [20, 7, 21, 8]]"
12n_0614_52,"[[20, 7, 21, 8], [3, 23, 4, 22], [17, 1, 18, 24], [11, 2, 12, 3], [13, 5, 14, 4], [6, 10, 7, 9], [8, 19, 9, 20], [15, 10, 16, 11], [23, 12, 24, 13], [21, 15, 22, 14], [1, 17, 2, 16], [18, 6, 19, 5]]"
12n_0614_53,"[[18, 6, 19, 5], [20, 7, 21, 8], [3, 23, 4, 22], [17, 1, 18, 24], [11, 2, 12, 3], [13, 5, 14, 4], [6, 10, 7, 9], [8, 19, 9, 20], [15, 10, 16, 11], [23, 12, 24, 13], [21, 15, 22, 14], [1, 17, 2, 16]]"
12n_0614_54,"[[1, 17, 2, 16], [18, 6, 19, 5], [20, 7, 21, 8], [3, 23, 4, 22], [17, 1, 18, 24], [11, 2, 12, 3], [13, 5, 14, 4], [6, 10, 7, 9], [8, 19, 9, 20], [15, 10, 16, 11], [23, 12, 24, 13], [21, 15, 22, 14]]"
12n_0614_55,"[[21, 15, 22, 14], [1, 17, 2, 16], [18, 6, 19, 5], [20, 7, 21, 8], [3, 23, 4, 22], [17, 1, 18, 24], [11, 2, 12, 3], [13, 5, 14, 4], [6, 10, 7, 9], [8, 19, 9, 20], [15, 10, 16, 11], [23, 12, 24, 13]]"
12n_0614_56,"[[23, 12, 24, 13], [21, 15, 22, 14], [1, 17, 2, 16], [18, 6, 19, 5], [20, 7, 21, 8], [3, 23, 4, 22], [17, 1, 18, 24], [11, 2, 12, 3], [13, 5, 14, 4], [6, 10, 7, 9], [8, 19, 9, 20], [15, 10, 16, 11]]"
12n_0614_57,"[[15, 10, 16, 11], [23, 12, 24, 13], [21, 15, 22, 14], [1, 17, 2, 16], [18, 6, 19, 5], [20, 7, 21, 8], [3, 23, 4, 22], [17, 1, 18, 24], [11, 2, 12, 3], [13, 5, 14, 4], [6, 10, 7, 9], [8, 19, 9, 20]]"
12n_0614_58,"[[8, 19, 9, 20], [15, 10, 16, 11], [23, 12, 24, 13], [21, 15, 22, 14], [1, 17, 2, 16], [18, 6, 19, 5], [20, 7, 21, 8], [3, 23, 4, 22], [17, 1, 18, 24], [11, 2, 12, 3], [13, 5, 14, 4], [6, 10, 7, 9]]"
12n_0614_59,"[[6, 10, 7, 9], [8, 19, 9, 20], [15, 10, 16, 11], [23, 12, 24, 13], [21, 15, 22, 14], [1, 17, 2, 16], [18, 6, 19, 5], [20, 7, 21, 8], [3, 23, 4, 22], [17, 1, 18, 24], [11, 2, 12, 3], [13, 5, 14, 4]]"
12n_0614_60,"[[14, 6, 15, 5], [7, 11, 8, 10], [9, 20, 10, 21], [16, 11, 17, 12], [24, 13, 1, 14], [22, 16, 23, 15], [2, 18, 3, 17], [19, 7, 20, 6], [21, 8, 22, 9], [4, 24, 5, 23], [18, 2, 19, 1], [12, 3, 13, 4]]"
12n_0614_61,"[[12, 3, 13, 4], [14, 6, 15, 5], [7, 11, 8, 10], [9, 20, 10, 21], [16, 11, 17, 12], [24, 13, 1, 14], [22, 16, 23, 15], [2, 18, 3, 17], [19, 7, 20, 6], [21, 8, 22, 9], [4, 24, 5, 23], [18, 2, 19, 1]]"
12n_0614_62,"[[18, 2, 19, 1], [12, 3, 13, 4], [14, 6, 15, 5], [7, 11, 8, 10], [9, 20, 10, 21], [16, 11, 17, 12], [24, 13, 1, 14], [22, 16, 23, 15], [2, 18, 3, 17], [19, 7, 20, 6], [21, 8, 22, 9], [4, 24, 5, 23]]"
12n_0614_63,"[[4, 24, 5, 23], [18, 2, 19, 1], [12, 3, 13, 4], [14, 6, 15, 5], [7, 11, 8, 10], [9, 20, 10, 21], [16, 11, 17, 12], [24, 13, 1, 14], [22, 16, 23, 15], [2, 18, 3, 17], [19, 7, 20, 6], [21, 8, 22, 9]]"
12n_0614_64,"[[21, 8, 22, 9], [4, 24, 5, 23], [18, 2, 19, 1], [12, 3, 13, 4], [14, 6, 15, 5], [7, 11, 8, 10], [9, 20, 10, 21], [16, 11, 17, 12], [24, 13, 1, 14], [22, 16, 23, 15], [2, 18, 3, 17], [19, 7, 20, 6]]"
12n_0614_65,"[[19, 7, 20, 6], [21, 8, 22, 9], [4, 24, 5, 23], [18, 2, 19, 1], [12, 3, 13, 4], [14, 6, 15, 5], [7, 11, 8, 10], [9, 20, 10, 21], [16, 11, 17, 12], [24, 13, 1, 14], [22, 16, 23, 15], [2, 18, 3, 17]]"
12n_0614_66,"[[2, 18, 3, 17], [19, 7, 20, 6], [21, 8, 22, 9], [4, 24, 5, 23], [18, 2, 19, 1], [12, 3, 13, 4], [14, 6, 15, 5], [7, 11, 8, 10], [9, 20, 10, 21], [16, 11, 17, 12], [24, 13, 1, 14], [22, 16, 23, 15]]"
12n_0614_67,"[[22, 16, 23, 15], [2, 18, 3, 17], [19, 7, 20, 6], [21, 8, 22, 9], [4, 24, 5, 23], [18, 2, 19, 1], [12, 3, 13, 4], [14, 6, 15, 5], [7, 11, 8, 10], [9, 20, 10, 21], [16, 11, 17, 12], [24, 13, 1, 14]]"
12n_0614_68,"[[24, 13, 1, 14], [22, 16, 23, 15], [2, 18, 3, 17], [19, 7, 20, 6], [21, 8, 22, 9], [4, 24, 5, 23], [18, 2, 19, 1], [12, 3, 13, 4], [14, 6, 15, 5], [7, 11, 8, 10], [9, 20, 10, 21], [16, 11, 17, 12]]"
12n_0614_69,"[[16, 11, 17, 12], [24, 13, 1, 14], [22, 16, 23, 15], [2, 18, 3, 17], [19, 7, 20, 6], [21, 8, 22, 9], [4, 24, 5, 23], [18, 2, 19, 1], [12, 3, 13, 4], [14, 6, 15, 5], [7, 11, 8, 10], [9, 20, 10, 21]]"
12n_0614_70,"[[9, 20, 10, 21], [16, 11, 17, 12], [24, 13, 1, 14], [22, 16, 23, 15], [2, 18, 3, 17], [19, 7, 20, 6], [21, 8, 22, 9], [4, 24, 5, 23], [18, 2, 19, 1], [12, 3, 13, 4], [14, 6, 15, 5], [7, 11, 8, 10]]"
12n_0614_71,"[[7, 11, 8, 10], [9, 20, 10, 21], [16, 11, 17, 12], [24, 13, 1, 14], [22, 16, 23, 15], [2, 18, 3, 17], [19, 7, 20, 6], [21, 8, 22, 9], [4, 24, 5, 23], [18, 2, 19, 1], [12, 3, 13, 4], [14, 6, 15, 5]]"
12n_0614_72,"[[15, 7, 16, 6], [8, 12, 9, 11], [10, 21, 11, 22], [17, 12, 18, 13], [1, 14, 2, 15], [23, 17, 24, 16], [3, 19, 4, 18], [20, 8, 21, 7], [22, 9, 23, 10], [5, 1, 6, 24], [19, 3, 20, 2], [13, 4, 14, 5]]"
12n_0614_73,"[[13, 4, 14, 5], [15, 7, 16, 6], [8, 12, 9, 11], [10, 21, 11, 22], [17, 12, 18, 13], [1, 14, 2, 15], [23, 17, 24, 16], [3, 19, 4, 18], [20, 8, 21, 7], [22, 9, 23, 10], [5, 1, 6, 24], [19, 3, 20, 2]]"
12n_0614_74,"[[19, 3, 20, 2], [13, 4, 14, 5], [15, 7, 16, 6], [8, 12, 9, 11], [10, 21, 11, 22], [17, 12, 18, 13], [1, 14, 2, 15], [23, 17, 24, 16], [3, 19, 4, 18], [20, 8, 21, 7], [22, 9, 23, 10], [5, 1, 6, 24]]"
12n_0614_75,"[[5, 1, 6, 24], [19, 3, 20, 2], [13, 4, 14, 5], [15, 7, 16, 6], [8, 12, 9, 11], [10, 21, 11, 22], [17, 12, 18, 13], [1, 14, 2, 15], [23, 17, 24, 16], [3, 19, 4, 18], [20, 8, 21, 7], [22, 9, 23, 10]]"
12n_0614_76,"[[22, 9, 23, 10], [5, 1, 6, 24], [19, 3, 20, 2], [13, 4, 14, 5], [15, 7, 16, 6], [8, 12, 9, 11], [10, 21, 11, 22], [17, 12, 18, 13], [1, 14, 2, 15], [23, 17, 24, 16], [3, 19, 4, 18], [20, 8, 21, 7]]"
12n_0614_77,"[[20, 8, 21, 7], [22, 9, 23, 10], [5, 1, 6, 24], [19, 3, 20, 2], [13, 4, 14, 5], [15, 7, 16, 6], [8, 12, 9, 11], [10, 21, 11, 22], [17, 12, 18, 13], [1, 14, 2, 15], [23, 17, 24, 16], [3, 19, 4, 18]]"
12n_0614_78,"[[3, 19, 4, 18], [20, 8, 21, 7], [22, 9, 23, 10], [5, 1, 6, 24], [19, 3, 20, 2], [13, 4, 14, 5], [15, 7, 16, 6], [8, 12, 9, 11], [10, 21, 11, 22], [17, 12, 18, 13], [1, 14, 2, 15], [23, 17, 24, 16]]"
12n_0614_79,"[[23, 17, 24, 16], [3, 19, 4, 18], [20, 8, 21, 7], [22, 9, 23, 10], [5, 1, 6, 24], [19, 3, 20, 2], [13, 4, 14, 5], [15, 7, 16, 6], [8, 12, 9, 11], [10, 21, 11, 22], [17, 12, 18, 13], [1, 14, 2, 15]]"
12n_0614_80,"[[1, 14, 2, 15], [23, 17, 24, 16], [3, 19, 4, 18], [20, 8, 21, 7], [22, 9, 23, 10], [5, 1, 6, 24], [19, 3, 20, 2], [13, 4, 14, 5], [15, 7, 16, 6], [8, 12, 9, 11], [10, 21, 11, 22], [17, 12, 18, 13]]"
12n_0614_81,"[[17, 12, 18, 13], [1, 14, 2, 15], [23, 17, 24, 16], [3, 19, 4, 18], [20, 8, 21, 7], [22, 9, 23, 10], [5, 1, 6, 24], [19, 3, 20, 2], [13, 4, 14, 5], [15, 7, 16, 6], [8, 12, 9, 11], [10, 21, 11, 22]]"
12n_0614_82,"[[10, 21, 11, 22], [17, 12, 18, 13], [1, 14, 2, 15], [23, 17, 24, 16], [3, 19, 4, 18], [20, 8, 21, 7], [22, 9, 23, 10], [5, 1, 6, 24], [19, 3, 20, 2], [13, 4, 14, 5], [15, 7, 16, 6], [8, 12, 9, 11]]"
12n_0614_83,"[[8, 12, 9, 11], [10, 21, 11, 22], [17, 12, 18, 13], [1, 14, 2, 15], [23, 17, 24, 16], [3, 19, 4, 18], [20, 8, 21, 7], [22, 9, 23, 10], [5, 1, 6, 24], [19, 3, 20, 2], [13, 4, 14, 5], [15, 7, 16, 6]]"
12n_0614_84,"[[16, 8, 17, 7], [9, 13, 10, 12], [11, 22, 12, 23], [18, 13, 19, 14], [2, 15, 3, 16], [24, 18, 1, 17], [4, 20, 5, 19], [21, 9, 22, 8], [23, 10, 24, 11], [6, 2, 7, 1], [20, 4, 21, 3], [14, 5, 15, 6]]"
12n_0614_85,"[[14, 5, 15, 6], [16, 8, 17, 7], [9, 13, 10, 12], [11, 22, 12, 23], [18, 13, 19, 14], [2, 15, 3, 16], [24, 18, 1, 17], [4, 20, 5, 19], [21, 9, 22, 8], [23, 10, 24, 11], [6, 2, 7, 1], [20, 4, 21, 3]]"
12n_0614_86,"[[20, 4, 21, 3], [14, 5, 15, 6], [16, 8, 17, 7], [9, 13, 10, 12], [11, 22, 12, 23], [18, 13, 19, 14], [2, 15, 3, 16], [24, 18, 1, 17], [4, 20, 5, 19], [21, 9, 22, 8], [23, 10, 24, 11], [6, 2, 7, 1]]"
12n_0614_87,"[[6, 2, 7, 1], [20, 4, 21, 3], [14, 5, 15, 6], [16, 8, 17, 7], [9, 13, 10, 12], [11, 22, 12, 23], [18, 13, 19, 14], [2, 15, 3, 16], [24, 18, 1, 17], [4, 20, 5, 19], [21, 9, 22, 8], [23, 10, 24, 11]]"
12n_0614_88,"[[23, 10, 24, 11], [6, 2, 7, 1], [20, 4, 21, 3], [14, 5, 15, 6], [16, 8, 17, 7], [9, 13, 10, 12], [11, 22, 12, 23], [18, 13, 19, 14], [2, 15, 3, 16], [24, 18, 1, 17], [4, 20, 5, 19], [21, 9, 22, 8]]"
12n_0614_89,"[[21, 9, 22, 8], [23, 10, 24, 11], [6, 2, 7, 1], [20, 4, 21, 3], [14, 5, 15, 6], [16, 8, 17, 7], [9, 13, 10, 12], [11, 22, 12, 23], [18, 13, 19, 14], [2, 15, 3, 16], [24, 18, 1, 17], [4, 20, 5, 19]]"
12n_0614_90,"[[4, 20, 5, 19], [21, 9, 22, 8], [23, 10, 24, 11], [6, 2, 7, 1], [20, 4, 21, 3], [14, 5, 15, 6], [16, 8, 17, 7], [9, 13, 10, 12], [11, 22, 12, 23], [18, 13, 19, 14], [2, 15, 3, 16], [24, 18, 1, 17]]"
12n_0614_91,"[[24, 18, 1, 17], [4, 20, 5, 19], [21, 9, 22, 8], [23, 10, 24, 11], [6, 2, 7, 1], [20, 4, 21, 3], [14, 5, 15, 6], [16, 8, 17, 7], [9, 13, 10, 12], [11, 22, 12, 23], [18, 13, 19, 14], [2, 15, 3, 16]]"
12n_0614_92,"[[2, 15, 3, 16], [24, 18, 1, 17], [4, 20, 5, 19], [21, 9, 22, 8], [23, 10, 24, 11], [6, 2, 7, 1], [20, 4, 21, 3], [14, 5, 15, 6], [16, 8, 17, 7], [9, 13, 10, 12], [11, 22, 12, 23], [18, 13, 19, 14]]"
12n_0614_93,"[[18, 13, 19, 14], [2, 15, 3, 16], [24, 18, 1, 17], [4, 20, 5, 19], [21, 9, 22, 8], [23, 10, 24, 11], [6, 2, 7, 1], [20, 4, 21, 3], [14, 5, 15, 6], [16, 8, 17, 7], [9, 13, 10, 12], [11, 22, 12, 23]]"
12n_0614_94,"[[11, 22, 12, 23], [18, 13, 19, 14], [2, 15, 3, 16], [24, 18, 1, 17], [4, 20, 5, 19], [21, 9, 22, 8], [23, 10, 24, 11], [6, 2, 7, 1], [20, 4, 21, 3], [14, 5, 15, 6], [16, 8, 17, 7], [9, 13, 10, 12]]"
12n_0614_95,"[[9, 13, 10, 12], [11, 22, 12, 23], [18, 13, 19, 14], [2, 15, 3, 16], [24, 18, 1, 17], [4, 20, 5, 19], [21, 9, 22, 8], [23, 10, 24, 11], [6, 2, 7, 1], [20, 4, 21, 3], [14, 5, 15, 6], [16, 8, 17, 7]]"
12n_0614_96,"[[17, 9, 18, 8], [10, 14, 11, 13], [12, 23, 13, 24], [19, 14, 20, 15], [3, 16, 4, 17], [1, 19, 2, 18], [5, 21, 6, 20], [22, 10, 23, 9], [24, 11, 1, 12], [7, 3, 8, 2], [21, 5, 22, 4], [15, 6, 16, 7]]"
12n_0614_97,"[[15, 6, 16, 7], [17, 9, 18, 8], [10, 14, 11, 13], [12, 23, 13, 24], [19, 14, 20, 15], [3, 16, 4, 17], [1, 19, 2, 18], [5, 21, 6, 20], [22, 10, 23, 9], [24, 11, 1, 12], [7, 3, 8, 2], [21, 5, 22, 4]]"
12n_0614_98,"[[21, 5, 22, 4], [15, 6, 16, 7], [17, 9, 18, 8], [10, 14, 11, 13], [12, 23, 13, 24], [19, 14, 20, 15], [3, 16, 4, 17], [1, 19, 2, 18], [5, 21, 6, 20], [22, 10, 23, 9], [24, 11, 1, 12], [7, 3, 8, 2]]"
12n_0614_99,"[[7, 3, 8, 2], [21, 5, 22, 4], [15, 6, 16, 7], [17, 9, 18, 8], [10, 14, 11, 13], [12, 23, 13, 24], [19, 14, 20, 15], [3, 16, 4, 17], [1, 19, 2, 18], [5, 21, 6, 20], [22, 10, 23, 9], [24, 11, 1, 12]]"
12n_0614_100,"[[24, 11, 1, 12], [7, 3, 8, 2], [21, 5, 22, 4], [15, 6, 16, 7], [17, 9, 18, 8], [10, 14, 11, 13], [12, 23, 13, 24], [19, 14, 20, 15], [3, 16, 4, 17], [1, 19, 2, 18], [5, 21, 6, 20], [22, 10, 23, 9]]"
12n_0614_101,"[[22, 10, 23, 9], [24, 11, 1, 12], [7, 3, 8, 2], [21, 5, 22, 4], [15, 6, 16, 7], [17, 9, 18, 8], [10, 14, 11, 13], [12, 23, 13, 24], [19, 14, 20, 15], [3, 16, 4, 17], [1, 19, 2, 18], [5, 21, 6, 20]]"
12n_0614_102,"[[5, 21, 6, 20], [22, 10, 23, 9], [24, 11, 1, 12], [7, 3, 8, 2], [21, 5, 22, 4], [15, 6, 16, 7], [17, 9, 18, 8], [10, 14, 11, 13], [12, 23, 13, 24], [19, 14, 20, 15], [3, 16, 4, 17], [1, 19, 2, 18]]"
12n_0614_103,"[[1, 19, 2, 18], [5, 21, 6, 20], [22, 10, 23, 9], [24, 11, 1, 12], [7, 3, 8, 2], [21, 5, 22, 4], [15, 6, 16, 7], [17, 9, 18, 8], [10, 14, 11, 13], [12, 23, 13, 24], [19, 14, 20, 15], [3, 16, 4, 17]]"
12n_0614_104,"[[3, 16, 4, 17], [1, 19, 2, 18], [5, 21, 6, 20], [22, 10, 23, 9], [24, 11, 1, 12], [7, 3, 8, 2], [21, 5, 22, 4], [15, 6, 16, 7], [17, 9, 18, 8], [10, 14, 11, 13], [12, 23, 13, 24], [19, 14, 20, 15]]"
12n_0614_105,"[[19, 14, 20, 15], [3, 16, 4, 17], [1, 19, 2, 18], [5, 21, 6, 20], [22, 10, 23, 9], [24, 11, 1, 12], [7, 3, 8, 2], [21, 5, 22, 4], [15, 6, 16, 7], [17, 9, 18, 8], [10, 14, 11, 13], [12, 23, 13, 24]]"
12n_0614_106,"[[12, 23, 13, 24], [19, 14, 20, 15], [3, 16, 4, 17], [1, 19, 2, 18], [5, 21, 6, 20], [22, 10, 23, 9], [24, 11, 1, 12], [7, 3, 8, 2], [21, 5, 22, 4], [15, 6, 16, 7], [17, 9, 18, 8], [10, 14, 11, 13]]"
12n_0614_107,"[[10, 14, 11, 13], [12, 23, 13, 24], [19, 14, 20, 15], [3, 16, 4, 17], [1, 19, 2, 18], [5, 21, 6, 20], [22, 10, 23, 9], [24, 11, 1, 12], [7, 3, 8, 2], [21, 5, 22, 4], [15, 6, 16, 7], [17, 9, 18, 8]]"
12n_0614_108,"[[18, 10, 19, 9], [11, 15, 12, 14], [13, 24, 14, 1], [20, 15, 21, 16], [4, 17, 5, 18], [2, 20, 3, 19], [6, 22, 7, 21], [23, 11, 24, 10], [1, 12, 2, 13], [8, 4, 9, 3], [22, 6, 23, 5], [16, 7, 17, 8]]"
12n_0614_109,"[[16, 7, 17, 8], [18, 10, 19, 9], [11, 15, 12, 14], [13, 24, 14, 1], [20, 15, 21, 16], [4, 17, 5, 18], [2, 20, 3, 19], [6, 22, 7, 21], [23, 11, 24, 10], [1, 12, 2, 13], [8, 4, 9, 3], [22, 6, 23, 5]]"
12n_0614_110,"[[22, 6, 23, 5], [16, 7, 17, 8], [18, 10, 19, 9], [11, 15, 12, 14], [13, 24, 14, 1], [20, 15, 21, 16], [4, 17, 5, 18], [2, 20, 3, 19], [6, 22, 7, 21], [23, 11, 24, 10], [1, 12, 2, 13], [8, 4, 9, 3]]"
12n_0614_111,"[[8, 4, 9, 3], [22, 6, 23, 5], [16, 7, 17, 8], [18, 10, 19, 9], [11, 15, 12, 14], [13, 24, 14, 1], [20, 15, 21, 16], [4, 17, 5, 18], [2, 20, 3, 19], [6, 22, 7, 21], [23, 11, 24, 10], [1, 12, 2, 13]]"
12n_0614_112,"[[1, 12, 2, 13], [8, 4, 9, 3], [22, 6, 23, 5], [16, 7, 17, 8], [18, 10, 19, 9], [11, 15, 12, 14], [13, 24, 14, 1], [20, 15, 21, 16], [4, 17, 5, 18], [2, 20, 3, 19], [6, 22, 7, 21], [23, 11, 24, 10]]"
12n_0614_113,"[[23, 11, 24, 10], [1, 12, 2, 13], [8, 4, 9, 3], [22, 6, 23, 5], [16, 7, 17, 8], [18, 10, 19, 9], [11, 15, 12, 14], [13, 24, 14, 1], [20, 15, 21, 16], [4, 17, 5, 18], [2, 20, 3, 19], [6, 22, 7, 21]]"
12n_0614_114,"[[6, 22, 7, 21], [23, 11, 24, 10], [1, 12, 2, 13], [8, 4, 9, 3], [22, 6, 23, 5], [16, 7, 17, 8], [18, 10, 19, 9], [11, 15, 12, 14], [13, 24, 14, 1], [20, 15, 21, 16], [4, 17, 5, 18], [2, 20, 3, 19]]"
12n_0614_115,"[[2, 20, 3, 19], [6, 22, 7, 21], [23, 11, 24, 10], [1, 12, 2, 13], [8, 4, 9, 3], [22, 6, 23, 5], [16, 7, 17, 8], [18, 10, 19, 9], [11, 15, 12, 14], [13, 24, 14, 1], [20, 15, 21, 16], [4, 17, 5, 18]]"
12n_0614_116,"[[4, 17, 5, 18], [2, 20, 3, 19], [6, 22, 7, 21], [23, 11, 24, 10], [1, 12, 2, 13], [8, 4, 9, 3], [22, 6, 23, 5], [16, 7, 17, 8], [18, 10, 19, 9], [11, 15, 12, 14], [13, 24, 14, 1], [20, 15, 21, 16]]"
12n_0614_117,"[[20, 15, 21, 16], [4, 17, 5, 18], [2, 20, 3, 19], [6, 22, 7, 21], [23, 11, 24, 10], [1, 12, 2, 13], [8, 4, 9, 3], [22, 6, 23, 5], [16, 7, 17, 8], [18, 10, 19, 9], [11, 15, 12, 14], [13, 24, 14, 1]]"
12n_0614_118,"[[13, 24, 14, 1], [20, 15, 21, 16], [4, 17, 5, 18], [2, 20, 3, 19], [6, 22, 7, 21], [23, 11, 24, 10], [1, 12, 2, 13], [8, 4, 9, 3], [22, 6, 23, 5], [16, 7, 17, 8], [18, 10, 19, 9], [11, 15, 12, 14]]"
12n_0614_119,"[[11, 15, 12, 14], [13, 24, 14, 1], [20, 15, 21, 16], [4, 17, 5, 18], [2, 20, 3, 19], [6, 22, 7, 21], [23, 11, 24, 10], [1, 12, 2, 13], [8, 4, 9, 3], [22, 6, 23, 5], [16, 7, 17, 8], [18, 10, 19, 9]]"
12n_0614_120,"[[19, 11, 20, 10], [12, 16, 13, 15], [14, 1, 15, 2], [21, 16, 22, 17], [5, 18, 6, 19], [3, 21, 4, 20], [7, 23, 8, 22], [24, 12, 1, 11], [2, 13, 3, 14], [9, 5, 10, 4], [23, 7, 24, 6], [17, 8, 18, 9]]"
12n_0614_121,"[[17, 8, 18, 9], [19, 11, 20, 10], [12, 16, 13, 15], [14, 1, 15, 2], [21, 16, 22, 17], [5, 18, 6, 19], [3, 21, 4, 20], [7, 23, 8, 22], [24, 12, 1, 11], [2, 13, 3, 14], [9, 5, 10, 4], [23, 7, 24, 6]]"
12n_0614_122,"[[23, 7, 24, 6], [17, 8, 18, 9], [19, 11, 20, 10], [12, 16, 13, 15], [14, 1, 15, 2], [21, 16, 22, 17], [5, 18, 6, 19], [3, 21, 4, 20], [7, 23, 8, 22], [24, 12, 1, 11], [2, 13, 3, 14], [9, 5, 10, 4]]"
12n_0614_123,"[[9, 5, 10, 4], [23, 7, 24, 6], [17, 8, 18, 9], [19, 11, 20, 10], [12, 16, 13, 15], [14, 1, 15, 2], [21, 16, 22, 17], [5, 18, 6, 19], [3, 21, 4, 20], [7, 23, 8, 22], [24, 12, 1, 11], [2, 13, 3, 14]]"
12n_0614_124,"[[2, 13, 3, 14], [9, 5, 10, 4], [23, 7, 24, 6], [17, 8, 18, 9], [19, 11, 20, 10], [12, 16, 13, 15], [14, 1, 15, 2], [21, 16, 22, 17], [5, 18, 6, 19], [3, 21, 4, 20], [7, 23, 8, 22], [24, 12, 1, 11]]"
12n_0614_125,"[[24, 12, 1, 11], [2, 13, 3, 14], [9, 5, 10, 4], [23, 7, 24, 6], [17, 8, 18, 9], [19, 11, 20, 10], [12, 16, 13, 15], [14, 1, 15, 2], [21, 16, 22, 17], [5, 18, 6, 19], [3, 21, 4, 20], [7, 23, 8, 22]]"
12n_0614_126,"[[7, 23, 8, 22], [24, 12, 1, 11], [2, 13, 3, 14], [9, 5, 10, 4], [23, 7, 24, 6], [17, 8, 18, 9], [19, 11, 20, 10], [12, 16, 13, 15], [14, 1, 15, 2], [21, 16, 22, 17], [5, 18, 6, 19], [3, 21, 4, 20]]"
12n_0614_127,"[[3, 21, 4, 20], [7, 23, 8, 22], [24, 12, 1, 11], [2, 13, 3, 14], [9, 5, 10, 4], [23, 7, 24, 6], [17, 8, 18, 9], [19, 11, 20, 10], [12, 16, 13, 15], [14, 1, 15, 2], [21, 16, 22, 17], [5, 18, 6, 19]]"
12n_0614_128,"[[5, 18, 6, 19], [3, 21, 4, 20], [7, 23, 8, 22], [24, 12, 1, 11], [2, 13, 3, 14], [9, 5, 10, 4], [23, 7, 24, 6], [17, 8, 18, 9], [19, 11, 20, 10], [12, 16, 13, 15], [14, 1, 15, 2], [21, 16, 22, 17]]"
12n_0614_129,"[[21, 16, 22, 17], [5, 18, 6, 19], [3, 21, 4, 20], [7, 23, 8, 22], [24, 12, 1, 11], [2, 13, 3, 14], [9, 5, 10, 4], [23, 7, 24, 6], [17, 8, 18, 9], [19, 11, 20, 10], [12, 16, 13, 15], [14, 1, 15, 2]]"
12n_0614_130,"[[14, 1, 15, 2], [21, 16, 22, 17], [5, 18, 6, 19], [3, 21, 4, 20], [7, 23, 8, 22], [24, 12, 1, 11], [2, 13, 3, 14], [9, 5, 10, 4], [23, 7, 24, 6], [17, 8, 18, 9], [19, 11, 20, 10], [12, 16, 13, 15]]"
12n_0614_131,"[[12, 16, 13, 15], [14, 1, 15, 2], [21, 16, 22, 17], [5, 18, 6, 19], [3, 21, 4, 20], [7, 23, 8, 22], [24, 12, 1, 11], [2, 13, 3, 14], [9, 5, 10, 4], [23, 7, 24, 6], [17, 8, 18, 9], [19, 11, 20, 10]]"
12n_0614_132,"[[20, 12, 21, 11], [13, 17, 14, 16], [15, 2, 16, 3], [22, 17, 23, 18], [6, 19, 7, 20], [4, 22, 5, 21], [8, 24, 9, 23], [1, 13, 2, 12], [3, 14, 4, 15], [10, 6, 11, 5], [24, 8, 1, 7], [18, 9, 19, 10]]"
12n_0614_133,"[[18, 9, 19, 10], [20, 12, 21, 11], [13, 17, 14, 16], [15, 2, 16, 3], [22, 17, 23, 18], [6, 19, 7, 20], [4, 22, 5, 21], [8, 24, 9, 23], [1, 13, 2, 12], [3, 14, 4, 15], [10, 6, 11, 5], [24, 8, 1, 7]]"
12n_0614_134,"[[24, 8, 1, 7], [18, 9, 19, 10], [20, 12, 21, 11], [13, 17, 14, 16], [15, 2, 16, 3], [22, 17, 23, 18], [6, 19, 7, 20], [4, 22, 5, 21], [8, 24, 9, 23], [1, 13, 2, 12], [3, 14, 4, 15], [10, 6, 11, 5]]"
12n_0614_135,"[[10, 6, 11, 5], [24, 8, 1, 7], [18, 9, 19, 10], [20, 12, 21, 11], [13, 17, 14, 16], [15, 2, 16, 3], [22, 17, 23, 18], [6, 19, 7, 20], [4, 22, 5, 21], [8, 24, 9, 23], [1, 13, 2, 12], [3, 14, 4, 15]]"
12n_0614_136,"[[3, 14, 4, 15], [10, 6, 11, 5], [24, 8, 1, 7], [18, 9, 19, 10], [20, 12, 21, 11], [13, 17, 14, 16], [15, 2, 16, 3], [22, 17, 23, 18], [6, 19, 7, 20], [4, 22, 5, 21], [8, 24, 9, 23], [1, 13, 2, 12]]"
12n_0614_137,"[[1, 13, 2, 12], [3, 14, 4, 15], [10, 6, 11, 5], [24, 8, 1, 7], [18, 9, 19, 10], [20, 12, 21, 11], [13, 17, 14, 16], [15, 2, 16, 3], [22, 17, 23, 18], [6, 19, 7, 20], [4, 22, 5, 21], [8, 24, 9, 23]]"
12n_0614_138,"[[8, 24, 9, 23], [1, 13, 2, 12], [3, 14, 4, 15], [10, 6, 11, 5], [24, 8, 1, 7], [18, 9, 19, 10], [20, 12, 21, 11], [13, 17, 14, 16], [15, 2, 16, 3], [22, 17, 23, 18], [6, 19, 7, 20], [4, 22, 5, 21]]"
12n_0614_139,"[[4, 22, 5, 21], [8, 24, 9, 23], [1, 13, 2, 12], [3, 14, 4, 15], [10, 6, 11, 5], [24, 8, 1, 7], [18, 9, 19, 10], [20, 12, 21, 11], [13, 17, 14, 16], [15, 2, 16, 3], [22, 17, 23, 18], [6, 19, 7, 20]]"
12n_0614_140,"[[6, 19, 7, 20], [4, 22, 5, 21], [8, 24, 9, 23], [1, 13, 2, 12], [3, 14, 4, 15], [10, 6, 11, 5], [24, 8, 1, 7], [18, 9, 19, 10], [20, 12, 21, 11], [13, 17, 14, 16], [15, 2, 16, 3], [22, 17, 23, 18]]"
12n_0614_141,"[[22, 17, 23, 18], [6, 19, 7, 20], [4, 22, 5, 21], [8, 24, 9, 23], [1, 13, 2, 12], [3, 14, 4, 15], [10, 6, 11, 5], [24, 8, 1, 7], [18, 9, 19, 10], [20, 12, 21, 11], [13, 17, 14, 16], [15, 2, 16, 3]]"
12n_0614_142,"[[15, 2, 16, 3], [22, 17, 23, 18], [6, 19, 7, 20], [4, 22, 5, 21], [8, 24, 9, 23], [1, 13, 2, 12], [3, 14, 4, 15], [10, 6, 11, 5], [24, 8, 1, 7], [18, 9, 19, 10], [20, 12, 21, 11], [13, 17, 14, 16]]"
12n_0614_143,"[[13, 17, 14, 16], [15, 2, 16, 3], [22, 17, 23, 18], [6, 19, 7, 20], [4, 22, 5, 21], [8, 24, 9, 23], [1, 13, 2, 12], [3, 14, 4, 15], [10, 6, 11, 5], [24, 8, 1, 7], [18, 9, 19, 10], [20, 12, 21, 11]]"
12n_0614_144,"[[21, 13, 22, 12], [14, 18, 15, 17], [16, 3, 17, 4], [23, 18, 24, 19], [7, 20, 8, 21], [5, 23, 6, 22], [9, 1, 10, 24], [2, 14, 3, 13], [4, 15, 5, 16], [11, 7, 12, 6], [1, 9, 2, 8], [19, 10, 20, 11]]"
12n_0614_145,"[[19, 10, 20, 11], [21, 13, 22, 12], [14, 18, 15, 17], [16, 3, 17, 4], [23, 18, 24, 19], [7, 20, 8, 21], [5, 23, 6, 22], [9, 1, 10, 24], [2, 14, 3, 13], [4, 15, 5, 16], [11, 7, 12, 6], [1, 9, 2, 8]]"
12n_0614_146,"[[1, 9, 2, 8], [19, 10, 20, 11], [21, 13, 22, 12], [14, 18, 15, 17], [16, 3, 17, 4], [23, 18, 24, 19], [7, 20, 8, 21], [5, 23, 6, 22], [9, 1, 10, 24], [2, 14, 3, 13], [4, 15, 5, 16], [11, 7, 12, 6]]"
12n_0614_147,"[[11, 7, 12, 6], [1, 9, 2, 8], [19, 10, 20, 11], [21, 13, 22, 12], [14, 18, 15, 17], [16, 3, 17, 4], [23, 18, 24, 19], [7, 20, 8, 21], [5, 23, 6, 22], [9, 1, 10, 24], [2, 14, 3, 13], [4, 15, 5, 16]]"
12n_0614_148,"[[4, 15, 5, 16], [11, 7, 12, 6], [1, 9, 2, 8], [19, 10, 20, 11], [21, 13, 22, 12], [14, 18, 15, 17], [16, 3, 17, 4], [23, 18, 24, 19], [7, 20, 8, 21], [5, 23, 6, 22], [9, 1, 10, 24], [2, 14, 3, 13]]"
12n_0614_149,"[[2, 14, 3, 13], [4, 15, 5, 16], [11, 7, 12, 6], [1, 9, 2, 8], [19, 10, 20, 11], [21, 13, 22, 12], [14, 18, 15, 17], [16, 3, 17, 4], [23, 18, 24, 19], [7, 20, 8, 21], [5, 23, 6, 22], [9, 1, 10, 24]]"
12n_0614_150,"[[9, 1, 10, 24], [2, 14, 3, 13], [4, 15, 5, 16], [11, 7, 12, 6], [1, 9, 2, 8], [19, 10, 20, 11], [21, 13, 22, 12], [14, 18, 15, 17], [16, 3, 17, 4], [23, 18, 24, 19], [7, 20, 8, 21], [5, 23, 6, 22]]"
12n_0614_151,"[[5, 23, 6, 22], [9, 1, 10, 24], [2, 14, 3, 13], [4, 15, 5, 16], [11, 7, 12, 6], [1, 9, 2, 8], [19, 10, 20, 11], [21, 13, 22, 12], [14, 18, 15, 17], [16, 3, 17, 4], [23, 18, 24, 19], [7, 20, 8, 21]]"
12n_0614_152,"[[7, 20, 8, 21], [5, 23, 6, 22], [9, 1, 10, 24], [2, 14, 3, 13], [4, 15, 5, 16], [11, 7, 12, 6], [1, 9, 2, 8], [19, 10, 20, 11], [21, 13, 22, 12], [14, 18, 15, 17], [16, 3, 17, 4], [23, 18, 24, 19]]"
12n_0614_153,"[[23, 18, 24, 19], [7, 20, 8, 21], [5, 23, 6, 22], [9, 1, 10, 24], [2, 14, 3, 13], [4, 15, 5, 16], [11, 7, 12, 6], [1, 9, 2, 8], [19, 10, 20, 11], [21, 13, 22, 12], [14, 18, 15, 17], [16, 3, 17, 4]]"
12n_0614_154,"[[16, 3, 17, 4], [23, 18, 24, 19], [7, 20, 8, 21], [5, 23, 6, 22], [9, 1, 10, 24], [2, 14, 3, 13], [4, 15, 5, 16], [11, 7, 12, 6], [1, 9, 2, 8], [19, 10, 20, 11], [21, 13, 22, 12], [14, 18, 15, 17]]"
12n_0614_155,"[[14, 18, 15, 17], [16, 3, 17, 4], [23, 18, 24, 19], [7, 20, 8, 21], [5, 23, 6, 22], [9, 1, 10, 24], [2, 14, 3, 13], [4, 15, 5, 16], [11, 7, 12, 6], [1, 9, 2, 8], [19, 10, 20, 11], [21, 13, 22, 12]]"
12n_0614_156,"[[22, 14, 23, 13], [15, 19, 16, 18], [17, 4, 18, 5], [24, 19, 1, 20], [8, 21, 9, 22], [6, 24, 7, 23], [10, 2, 11, 1], [3, 15, 4, 14], [5, 16, 6, 17], [12, 8, 13, 7], [2, 10, 3, 9], [20, 11, 21, 12]]"
12n_0614_157,"[[20, 11, 21, 12], [22, 14, 23, 13], [15, 19, 16, 18], [17, 4, 18, 5], [24, 19, 1, 20], [8, 21, 9, 22], [6, 24, 7, 23], [10, 2, 11, 1], [3, 15, 4, 14], [5, 16, 6, 17], [12, 8, 13, 7], [2, 10, 3, 9]]"
12n_0614_158,"[[2, 10, 3, 9], [20, 11, 21, 12], [22, 14, 23, 13], [15, 19, 16, 18], [17, 4, 18, 5], [24, 19, 1, 20], [8, 21, 9, 22], [6, 24, 7, 23], [10, 2, 11, 1], [3, 15, 4, 14], [5, 16, 6, 17], [12, 8, 13, 7]]"
12n_0614_159,"[[12, 8, 13, 7], [2, 10, 3, 9], [20, 11, 21, 12], [22, 14, 23, 13], [15, 19, 16, 18], [17, 4, 18, 5], [24, 19, 1, 20], [8, 21, 9, 22], [6, 24, 7, 23], [10, 2, 11, 1], [3, 15, 4, 14], [5, 16, 6, 17]]"
12n_0614_160,"[[5, 16, 6, 17], [12, 8, 13, 7], [2, 10, 3, 9], [20, 11, 21, 12], [22, 14, 23, 13], [15, 19, 16, 18], [17, 4, 18, 5], [24, 19, 1, 20], [8, 21, 9, 22], [6, 24, 7, 23], [10, 2, 11, 1], [3, 15, 4, 14]]"
12n_0614_161,"[[3, 15, 4, 14], [5, 16, 6, 17], [12, 8, 13, 7], [2, 10, 3, 9], [20, 11, 21, 12], [22, 14, 23, 13], [15, 19, 16, 18], [17, 4, 18, 5], [24, 19, 1, 20], [8, 21, 9, 22], [6, 24, 7, 23], [10, 2, 11, 1]]"
12n_0614_162,"[[10, 2, 11, 1], [3, 15, 4, 14], [5, 16, 6, 17], [12, 8, 13, 7], [2, 10, 3, 9], [20, 11, 21, 12], [22, 14, 23, 13], [15, 19, 16, 18], [17, 4, 18, 5], [24, 19, 1, 20], [8, 21, 9, 22], [6, 24, 7, 23]]"
12n_0614_163,"[[6, 24, 7, 23], [10, 2, 11, 1], [3, 15, 4, 14], [5, 16, 6, 17], [12, 8, 13, 7], [2, 10, 3, 9], [20, 11, 21, 12], [22, 14, 23, 13], [15, 19, 16, 18], [17, 4, 18, 5], [24, 19, 1, 20], [8, 21, 9, 22]]"
12n_0614_164,"[[8, 21, 9, 22], [6, 24, 7, 23], [10, 2, 11, 1], [3, 15, 4, 14], [5, 16, 6, 17], [12, 8, 13, 7], [2, 10, 3, 9], [20, 11, 21, 12], [22, 14, 23, 13], [15, 19, 16, 18], [17, 4, 18, 5], [24, 19, 1, 20]]"
12n_0614_165,"[[24, 19, 1, 20], [8, 21, 9, 22], [6, 24, 7, 23], [10, 2, 11, 1], [3, 15, 4, 14], [5, 16, 6, 17], [12, 8, 13, 7], [2, 10, 3, 9], [20, 11, 21, 12], [22, 14, 23, 13], [15, 19, 16, 18], [17, 4, 18, 5]]"
12n_0614_166,"[[17, 4, 18, 5], [24, 19, 1, 20], [8, 21, 9, 22], [6, 24, 7, 23], [10, 2, 11, 1], [3, 15, 4, 14], [5, 16, 6, 17], [12, 8, 13, 7], [2, 10, 3, 9], [20, 11, 21, 12], [22, 14, 23, 13], [15, 19, 16, 18]]"
12n_0614_167,"[[15, 19, 16, 18], [17, 4, 18, 5], [24, 19, 1, 20], [8, 21, 9, 22], [6, 24, 7, 23], [10, 2, 11, 1], [3, 15, 4, 14], [5, 16, 6, 17], [12, 8, 13, 7], [2, 10, 3, 9], [20, 11, 21, 12], [22, 14, 23, 13]]"
12n_0614_168,"[[23, 15, 24, 14], [16, 20, 17, 19], [18, 5, 19, 6], [1, 20, 2, 21], [9, 22, 10, 23], [7, 1, 8, 24], [11, 3, 12, 2], [4, 16, 5, 15], [6, 17, 7, 18], [13, 9, 14, 8], [3, 11, 4, 10], [21, 12, 22, 13]]"
12n_0614_169,"[[21, 12, 22, 13], [23, 15, 24, 14], [16, 20, 17, 19], [18, 5, 19, 6], [1, 20, 2, 21], [9, 22, 10, 23], [7, 1, 8, 24], [11, 3, 12, 2], [4, 16, 5, 15], [6, 17, 7, 18], [13, 9, 14, 8], [3, 11, 4, 10]]"
12n_0614_170,"[[3, 11, 4, 10], [21, 12, 22, 13], [23, 15, 24, 14], [16, 20, 17, 19], [18, 5, 19, 6], [1, 20, 2, 21], [9, 22, 10, 23], [7, 1, 8, 24], [11, 3, 12, 2], [4, 16, 5, 15], [6, 17, 7, 18], [13, 9, 14, 8]]"
12n_0614_171,"[[13, 9, 14, 8], [3, 11, 4, 10], [21, 12, 22, 13], [23, 15, 24, 14], [16, 20, 17, 19], [18, 5, 19, 6], [1, 20, 2, 21], [9, 22, 10, 23], [7, 1, 8, 24], [11, 3, 12, 2], [4, 16, 5, 15], [6, 17, 7, 18]]"
12n_0614_172,"[[6, 17, 7, 18], [13, 9, 14, 8], [3, 11, 4, 10], [21, 12, 22, 13], [23, 15, 24, 14], [16, 20, 17, 19], [18, 5, 19, 6], [1, 20, 2, 21], [9, 22, 10, 23], [7, 1, 8, 24], [11, 3, 12, 2], [4, 16, 5, 15]]"
12n_0614_173,"[[4, 16, 5, 15], [6, 17, 7, 18], [13, 9, 14, 8], [3, 11, 4, 10], [21, 12, 22, 13], [23, 15, 24, 14], [16, 20, 17, 19], [18, 5, 19, 6], [1, 20, 2, 21], [9, 22, 10, 23], [7, 1, 8, 24], [11, 3, 12, 2]]"
12n_0614_174,"[[11, 3, 12, 2], [4, 16, 5, 15], [6, 17, 7, 18], [13, 9, 14, 8], [3, 11, 4, 10], [21, 12, 22, 13], [23, 15, 24, 14], [16, 20, 17, 19], [18, 5, 19, 6], [1, 20, 2, 21], [9, 22, 10, 23], [7, 1, 8, 24]]"
12n_0614_175,"[[7, 1, 8, 24], [11, 3, 12, 2], [4, 16, 5, 15], [6, 17, 7, 18], [13, 9, 14, 8], [3, 11, 4, 10], [21, 12, 22, 13], [23, 15, 24, 14], [16, 20, 17, 19], [18, 5, 19, 6], [1, 20, 2, 21], [9, 22, 10, 23]]"
12n_0614_176,"[[9, 22, 10, 23], [7, 1, 8, 24], [11, 3, 12, 2], [4, 16, 5, 15], [6, 17, 7, 18], [13, 9, 14, 8], [3, 11, 4, 10], [21, 12, 22, 13], [23, 15, 24, 14], [16, 20, 17, 19], [18, 5, 19, 6], [1, 20, 2, 21]]"
12n_0614_177,"[[1, 20, 2, 21], [9, 22, 10, 23], [7, 1, 8, 24], [11, 3, 12, 2], [4, 16, 5, 15], [6, 17, 7, 18], [13, 9, 14, 8], [3, 11, 4, 10], [21, 12, 22, 13], [23, 15, 24, 14], [16, 20, 17, 19], [18, 5, 19, 6]]"
12n_0614_178,"[[18, 5, 19, 6], [1, 20, 2, 21], [9, 22, 10, 23], [7, 1, 8, 24], [11, 3, 12, 2], [4, 16, 5, 15], [6, 17, 7, 18], [13, 9, 14, 8], [3, 11, 4, 10], [21, 12, 22, 13], [23, 15, 24, 14], [16, 20, 17, 19]]"
12n_0614_179,"[[16, 20, 17, 19], [18, 5, 19, 6], [1, 20, 2, 21], [9, 22, 10, 23], [7, 1, 8, 24], [11, 3, 12, 2], [4, 16, 5, 15], [6, 17, 7, 18], [13, 9, 14, 8], [3, 11, 4, 10], [21, 12, 22, 13], [23, 15, 24, 14]]"
12n_0614_180,"[[24, 16, 1, 15], [17, 21, 18, 20], [19, 6, 20, 7], [2, 21, 3, 22], [10, 23, 11, 24], [8, 2, 9, 1], [12, 4, 13, 3], [5, 17, 6, 16], [7, 18, 8, 19], [14, 10, 15, 9], [4, 12, 5, 11], [22, 13, 23, 14]]"
12n_0614_181,"[[22, 13, 23, 14], [24, 16, 1, 15], [17, 21, 18, 20], [19, 6, 20, 7], [2, 21, 3, 22], [10, 23, 11, 24], [8, 2, 9, 1], [12, 4, 13, 3], [5, 17, 6, 16], [7, 18, 8, 19], [14, 10, 15, 9], [4, 12, 5, 11]]"
12n_0614_182,"[[4, 12, 5, 11], [22, 13, 23, 14], [24, 16, 1, 15], [17, 21, 18, 20], [19, 6, 20, 7], [2, 21, 3, 22], [10, 23, 11, 24], [8, 2, 9, 1], [12, 4, 13, 3], [5, 17, 6, 16], [7, 18, 8, 19], [14, 10, 15, 9]]"
12n_0614_183,"[[14, 10, 15, 9], [4, 12, 5, 11], [22, 13, 23, 14], [24, 16, 1, 15], [17, 21, 18, 20], [19, 6, 20, 7], [2, 21, 3, 22], [10, 23, 11, 24], [8, 2, 9, 1], [12, 4, 13, 3], [5, 17, 6, 16], [7, 18, 8, 19]]"
12n_0614_184,"[[7, 18, 8, 19], [14, 10, 15, 9], [4, 12, 5, 11], [22, 13, 23, 14], [24, 16, 1, 15], [17, 21, 18, 20], [19, 6, 20, 7], [2, 21, 3, 22], [10, 23, 11, 24], [8, 2, 9, 1], [12, 4, 13, 3], [5, 17, 6, 16]]"
12n_0614_185,"[[5, 17, 6, 16], [7, 18, 8, 19], [14, 10, 15, 9], [4, 12, 5, 11], [22, 13, 23, 14], [24, 16, 1, 15], [17, 21, 18, 20], [19, 6, 20, 7], [2, 21, 3, 22], [10, 23, 11, 24], [8, 2, 9, 1], [12, 4, 13, 3]]"
