name,pd_notation
12a_0420_0,"[[24, 18, 1, 17], [2, 6, 3, 5], [4, 12, 5, 11], [6, 20, 7, 19], [8, 14, 9, 13], [10, 4, 11, 3], [12, 10, 13, 9], [14, 22, 15, 21], [16, 24, 17, 23], [18, 8, 19, 7], [20, 2, 21, 1], [22, 16, 23, 15]]"
12a_0420_1,"[[22, 16, 23, 15], [24, 18, 1, 17], [2, 6, 3, 5], [4, 12, 5, 11], [6, 20, 7, 19], [8, 14, 9, 13], [10, 4, 11, 3], [12, 10, 13, 9], [14, 22, 15, 21], [16, 24, 17, 23], [18, 8, 19, 7], [20, 2, 21, 1]]"
12a_0420_2,"[[20, 2, 21, 1], [22, 16, 23, 15], [24, 18, 1, 17], [2, 6, 3, 5], [4, 12, 5, 11], [6, 20, 7, 19], [8, 14, 9, 13], [10, 4, 11, 3], [12, 10, 13, 9], [14, 22, 15, 21], [16, 24, 17, 23], [18, 8, 19, 7]]"
12a_0420_3,"[[18, 8, 19, 7], [20, 2, 21, 1], [22, 16, 23, 15], [24, 18, 1, 17], [2, 6, 3, 5], [4, 12, 5, 11], [6, 20, 7, 19], [8, 14, 9, 13], [10, 4, 11, 3], [12, 10, 13, 9], [14, 22, 15, 21], [16, 24, 17, 23]]"
12a_0420_4,"[[16, 24, 17, 23], [18, 8, 19, 7], [20, 2, 21, 1], [22, 16, 23, 15], [24, 18, 1, 17], [2, 6, 3, 5], [4, 12, 5, 11], [6, 20, 7, 19], [8, 14, 9, 13], [10, 4, 11, 3], [12, 10, 13, 9], [14, 22, 15, 21]]"
12a_0420_5,"[[14, 22, 15, 21], [16, 24, 17, 23], [18, 8, 19, 7], [20, 2, 21, 1], [22, 16, 23, 15], [24, 18, 1, 17], [2, 6, 3, 5], [4, 12, 5, 11], [6, 20, 7, 19], [8, 14, 9, 13], [10, 4, 11, 3], [12, 10, 13, 9]]"
12a_0420_6,"[[12, 10, 13, 9], [14, 22, 15, 21], [16, 24, 17, 23], [18, 8, 19, 7], [20, 2, 21, 1], [22, 16, 23, 15], [24, 18, 1, 17], [2, 6, 3, 5], [4, 12, 5, 11], [6, 20, 7, 19], [8, 14, 9, 13], [10, 4, 11, 3]]"
12a_0420_7,"[[10, 4, 11, 3], [12, 10, 13, 9], [14, 22, 15, 21], [16, 24, 17, 23], [18, 8, 19, 7], [20, 2, 21, 1], [22, 16, 23, 15], [24, 18, 1, 17], [2, 6, 3, 5], [4, 12, 5, 11], [6, 20, 7, 19], [8, 14, 9, 13]]"
12a_0420_8,"[[8, 14, 9, 13], [10, 4, 11, 3], [12, 10, 13, 9], [14, 22, 15, 21], [16, 24, 17, 23], [18, 8, 19, 7], [20, 2, 21, 1], [22, 16, 23, 15], [24, 18, 1, 17], [2, 6, 3, 5], [4, 12, 5, 11], [6, 20, 7, 19]]"
12a_0420_9,"[[6, 20, 7, 19], [8, 14, 9, 13], [10, 4, 11, 3], [12, 10, 13, 9], [14, 22, 15, 21], [16, 24, 17, 23], [18, 8, 19, 7], [20, 2, 21, 1], [22, 16, 23, 15], [24, 18, 1, 17], [2, 6, 3, 5], [4, 12, 5, 11]]"
12a_0420_10,"[[4, 12, 5, 11], [6, 20, 7, 19], [8, 14, 9, 13], [10, 4, 11, 3], [12, 10, 13, 9], [14, 22, 15, 21], [16, 24, 17, 23], [18, 8, 19, 7], [20, 2, 21, 1], [22, 16, 23, 15], [24, 18, 1, 17], [2, 6, 3, 5]]"
12a_0420_11,"[[2, 6, 3, 5], [4, 12, 5, 11], [6, 20, 7, 19], [8, 14, 9, 13], [10, 4, 11, 3], [12, 10, 13, 9], [14, 22, 15, 21], [16, 24, 17, 23], [18, 8, 19, 7], [20, 2, 21, 1], [22, 16, 23, 15], [24, 18, 1, 17]]"
12a_0420_12,"[[1, 19, 2, 18], [3, 7, 4, 6], [5, 13, 6, 12], [7, 21, 8, 20], [9, 15, 10, 14], [11, 5, 12, 4], [13, 11, 14, 10], [15, 23, 16, 22], [17, 1, 18, 24], [19, 9, 20, 8], [21, 3, 22, 2], [23, 17, 24, 16]]"
12a_0420_13,"[[23, 17, 24, 16], [1, 19, 2, 18], [3, 7, 4, 6], [5, 13, 6, 12], [7, 21, 8, 20], [9, 15, 10, 14], [11, 5, 12, 4], [13, 11, 14, 10], [15, 23, 16, 22], [17, 1, 18, 24], [19, 9, 20, 8], [21, 3, 22, 2]]"
12a_0420_14,"[[21, 3, 22, 2], [23, 17, 24, 16], [1, 19, 2, 18], [3, 7, 4, 6], [5, 13, 6, 12], [7, 21, 8, 20], [9, 15, 10, 14], [11, 5, 12, 4], [13, 11, 14, 10], [15, 23, 16, 22], [17, 1, 18, 24], [19, 9, 20, 8]]"
12a_0420_15,"[[19, 9, 20, 8], [21, 3, 22, 2], [23, 17, 24, 16], [1, 19, 2, 18], [3, 7, 4, 6], [5, 13, 6, 12], [7, 21, 8, 20], [9, 15, 10, 14], [11, 5, 12, 4], [13, 11, 14, 10], [15, 23, 16, 22], [17, 1, 18, 24]]"
12a_0420_16,"[[17, 1, 18, 24], [19, 9, 20, 8], [21, 3, 22, 2], [23, 17, 24, 16], [1, 19, 2, 18], [3, 7, 4, 6], [5, 13, 6, 12], [7, 21, 8, 20], [9, 15, 10, 14], [11, 5, 12, 4], [13, 11, 14, 10], [15, 23, 16, 22]]"
12a_0420_17,"[[15, 23, 16, 22], [17, 1, 18, 24], [19, 9, 20, 8], [21, 3, 22, 2], [23, 17, 24, 16], [1, 19, 2, 18], [3, 7, 4, 6], [5, 13, 6, 12], [7, 21, 8, 20], [9, 15, 10, 14], [11, 5, 12, 4], [13, 11, 14, 10]]"
12a_0420_18,"[[13, 11, 14, 10], [15, 23, 16, 22], [17, 1, 18, 24], [19, 9, 20, 8], [21, 3, 22, 2], [23, 17, 24, 16], [1, 19, 2, 18], [3, 7, 4, 6], [5, 13, 6, 12], [7, 21, 8, 20], [9, 15, 10, 14], [11, 5, 12, 4]]"
12a_0420_19,"[[11, 5, 12, 4], [13, 11, 14, 10], [15, 23, 16, 22], [17, 1, 18, 24], [19, 9, 20, 8], [21, 3, 22, 2], [23, 17, 24, 16], [1, 19, 2, 18], [3, 7, 4, 6], [5, 13, 6, 12], [7, 21, 8, 20], [9, 15, 10, 14]]"
12a_0420_20,"[[9, 15, 10, 14], [11, 5, 12, 4], [13, 11, 14, 10], [15, 23, 16, 22], [17, 1, 18, 24], [19, 9, 20, 8], [21, 3, 22, 2], [23, 17, 24, 16], [1, 19, 2, 18], [3, 7, 4, 6], [5, 13, 6, 12], [7, 21, 8, 20]]"
12a_0420_21,"[[7, 21, 8, 20], [9, 15, 10, 14], [11, 5, 12, 4], [13, 11, 14, 10], [15, 23, 16, 22], [17, 1, 18, 24], [19, 9, 20, 8], [21, 3, 22, 2], [23, 17, 24, 16], [1, 19, 2, 18], [3, 7, 4, 6], [5, 13, 6, 12]]"
12a_0420_22,"[[5, 13, 6, 12], [7, 21, 8, 20], [9, 15, 10, 14], [11, 5, 12, 4], [13, 11, 14, 10], [15, 23, 16, 22], [17, 1, 18, 24], [19, 9, 20, 8], [21, 3, 22, 2], [23, 17, 24, 16], [1, 19, 2, 18], [3, 7, 4, 6]]"
12a_0420_23,"[[3, 7, 4, 6], [5, 13, 6, 12], [7, 21, 8, 20], [9, 15, 10, 14], [11, 5, 12, 4], [13, 11, 14, 10], [15, 23, 16, 22], [17, 1, 18, 24], [19, 9, 20, 8], [21, 3, 22, 2], [23, 17, 24, 16], [1, 19, 2, 18]]"
12a_0420_24,"[[2, 20, 3, 19], [4, 8, 5, 7], [6, 14, 7, 13], [8, 22, 9, 21], [10, 16, 11, 15], [12, 6, 13, 5], [14, 12, 15, 11], [16, 24, 17, 23], [18, 2, 19, 1], [20, 10, 21, 9], [22, 4, 23, 3], [24, 18, 1, 17]]"
12a_0420_25,"[[24, 18, 1, 17], [2, 20, 3, 19], [4, 8, 5, 7], [6, 14, 7, 13], [8, 22, 9, 21], [10, 16, 11, 15], [12, 6, 13, 5], [14, 12, 15, 11], [16, 24, 17, 23], [18, 2, 19, 1], [20, 10, 21, 9], [22, 4, 23, 3]]"
12a_0420_26,"[[22, 4, 23, 3], [24, 18, 1, 17], [2, 20, 3, 19], [4, 8, 5, 7], [6, 14, 7, 13], [8, 22, 9, 21], [10, 16, 11, 15], [12, 6, 13, 5], [14, 12, 15, 11], [16, 24, 17, 23], [18, 2, 19, 1], [20, 10, 21, 9]]"
12a_0420_27,"[[20, 10, 21, 9], [22, 4, 23, 3], [24, 18, 1, 17], [2, 20, 3, 19], [4, 8, 5, 7], [6, 14, 7, 13], [8, 22, 9, 21], [10, 16, 11, 15], [12, 6, 13, 5], [14, 12, 15, 11], [16, 24, 17, 23], [18, 2, 19, 1]]"
12a_0420_28,"[[18, 2, 19, 1], [20, 10, 21, 9], [22, 4, 23, 3], [24, 18, 1, 17], [2, 20, 3, 19], [4, 8, 5, 7], [6, 14, 7, 13], [8, 22, 9, 21], [10, 16, 11, 15], [12, 6, 13, 5], [14, 12, 15, 11], [16, 24, 17, 23]]"
12a_0420_29,"[[16, 24, 17, 23], [18, 2, 19, 1], [20, 10, 21, 9], [22, 4, 23, 3], [24, 18, 1, 17], [2, 20, 3, 19], [4, 8, 5, 7], [6, 14, 7, 13], [8, 22, 9, 21], [10, 16, 11, 15], [12, 6, 13, 5], [14, 12, 15, 11]]"
12a_0420_30,"[[14, 12, 15, 11], [16, 24, 17, 23], [18, 2, 19, 1], [20, 10, 21, 9], [22, 4, 23, 3], [24, 18, 1, 17], [2, 20, 3, 19], [4, 8, 5, 7], [6, 14, 7, 13], [8, 22, 9, 21], [10, 16, 11, 15], [12, 6, 13, 5]]"
12a_0420_31,"[[12, 6, 13, 5], [14, 12, 15, 11], [16, 24, 17, 23], [18, 2, 19, 1], [20, 10, 21, 9], [22, 4, 23, 3], [24, 18, 1, 17], [2, 20, 3, 19], [4, 8, 5, 7], [6, 14, 7, 13], [8, 22, 9, 21], [10, 16, 11, 15]]"
12a_0420_32,"[[10, 16, 11, 15], [12, 6, 13, 5], [14, 12, 15, 11], [16, 24, 17, 23], [18, 2, 19, 1], [20, 10, 21, 9], [22, 4, 23, 3], [24, 18, 1, 17], [2, 20, 3, 19], [4, 8, 5, 7], [6, 14, 7, 13], [8, 22, 9, 21]]"
12a_0420_33,"[[8, 22, 9, 21], [10, 16, 11, 15], [12, 6, 13, 5], [14, 12, 15, 11], [16, 24, 17, 23], [18, 2, 19, 1], [20, 10, 21, 9], [22, 4, 23, 3], [24, 18, 1, 17], [2, 20, 3, 19], [4, 8, 5, 7], [6, 14, 7, 13]]"
12a_0420_34,"[[6, 14, 7, 13], [8, 22, 9, 21], [10, 16, 11, 15], [12, 6, 13, 5], [14, 12, 15, 11], [16, 24, 17, 23], [18, 2, 19, 1], [20, 10, 21, 9], [22, 4, 23, 3], [24, 18, 1, 17], [2, 20, 3, 19], [4, 8, 5, 7]]"
12a_0420_35,"[[4, 8, 5, 7], [6, 14, 7, 13], [8, 22, 9, 21], [10, 16, 11, 15], [12, 6, 13, 5], [14, 12, 15, 11], [16, 24, 17, 23], [18, 2, 19, 1], [20, 10, 21, 9], [22, 4, 23, 3], [24, 18, 1, 17], [2, 20, 3, 19]]"
12a_0420_36,"[[3, 21, 4, 20], [5, 9, 6, 8], [7, 15, 8, 14], [9, 23, 10, 22], [11, 17, 12, 16], [13, 7, 14, 6], [15, 13, 16, 12], [17, 1, 18, 24], [19, 3, 20, 2], [21, 11, 22, 10], [23, 5, 24, 4], [1, 19, 2, 18]]"
12a_0420_37,"[[1, 19, 2, 18], [3, 21, 4, 20], [5, 9, 6, 8], [7, 15, 8, 14], [9, 23, 10, 22], [11, 17, 12, 16], [13, 7, 14, 6], [15, 13, 16, 12], [17, 1, 18, 24], [19, 3, 20, 2], [21, 11, 22, 10], [23, 5, 24, 4]]"
12a_0420_38,"[[23, 5, 24, 4], [1, 19, 2, 18], [3, 21, 4, 20], [5, 9, 6, 8], [7, 15, 8, 14], [9, 23, 10, 22], [11, 17, 12, 16], [13, 7, 14, 6], [15, 13, 16, 12], [17, 1, 18, 24], [19, 3, 20, 2], [21, 11, 22, 10]]"
12a_0420_39,"[[21, 11, 22, 10], [23, 5, 24, 4], [1, 19, 2, 18], [3, 21, 4, 20], [5, 9, 6, 8], [7, 15, 8, 14], [9, 23, 10, 22], [11, 17, 12, 16], [13, 7, 14, 6], [15, 13, 16, 12], [17, 1, 18, 24], [19, 3, 20, 2]]"
12a_0420_40,"[[19, 3, 20, 2], [21, 11, 22, 10], [23, 5, 24, 4], [1, 19, 2, 18], [3, 21, 4, 20], [5, 9, 6, 8], [7, 15, 8, 14], [9, 23, 10, 22], [11, 17, 12, 16], [13, 7, 14, 6], [15, 13, 16, 12], [17, 1, 18, 24]]"
12a_0420_41,"[[17, 1, 18, 24], [19, 3, 20, 2], [21, 11, 22, 10], [23, 5, 24, 4], [1, 19, 2, 18], [3, 21, 4, 20], [5, 9, 6, 8], [7, 15, 8, 14], [9, 23, 10, 22], [11, 17, 12, 16], [13, 7, 14, 6], [15, 13, 16, 12]]"
12a_0420_42,"[[15, 13, 16, 12], [17, 1, 18, 24], [19, 3, 20, 2], [21, 11, 22, 10], [23, 5, 24, 4], [1, 19, 2, 18], [3, 21, 4, 20], [5, 9, 6, 8], [7, 15, 8, 14], [9, 23, 10, 22], [11, 17, 12, 16], [13, 7, 14, 6]]"
12a_0420_43,"[[13, 7, 14, 6], [15, 13, 16, 12], [17, 1, 18, 24], [19, 3, 20, 2], [21, 11, 22, 10], [23, 5, 24, 4], [1, 19, 2, 18], [3, 21, 4, 20], [5, 9, 6, 8], [7, 15, 8, 14], [9, 23, 10, 22], [11, 17, 12, 16]]"
12a_0420_44,"[[11, 17, 12, 16], [13, 7, 14, 6], [15, 13, 16, 12], [17, 1, 18, 24], [19, 3, 20, 2], [21, 11, 22, 10], [23, 5, 24, 4], [1, 19, 2, 18], [3, 21, 4, 20], [5, 9, 6, 8], [7, 15, 8, 14], [9, 23, 10, 22]]"
12a_0420_45,"[[9, 23, 10, 22], [11, 17, 12, 16], [13, 7, 14, 6], [15, 13, 16, 12], [17, 1, 18, 24], [19, 3, 20, 2], [21, 11, 22, 10], [23, 5, 24, 4], [1, 19, 2, 18], [3, 21, 4, 20], [5, 9, 6, 8], [7, 15, 8, 14]]"
12a_0420_46,"[[7, 15, 8, 14], [9, 23, 10, 22], [11, 17, 12, 16], [13, 7, 14, 6], [15, 13, 16, 12], [17, 1, 18, 24], [19, 3, 20, 2], [21, 11, 22, 10], [23, 5, 24, 4], [1, 19, 2, 18], [3, 21, 4, 20], [5, 9, 6, 8]]"
12a_0420_47,"[[5, 9, 6, 8], [7, 15, 8, 14], [9, 23, 10, 22], [11, 17, 12, 16], [13, 7, 14, 6], [15, 13, 16, 12], [17, 1, 18, 24], [19, 3, 20, 2], [21, 11, 22, 10], [23, 5, 24, 4], [1, 19, 2, 18], [3, 21, 4, 20]]"
12a_0420_48,"[[4, 22, 5, 21], [6, 10, 7, 9], [8, 16, 9, 15], [10, 24, 11, 23], [12, 18, 13, 17], [14, 8, 15, 7], [16, 14, 17, 13], [18, 2, 19, 1], [20, 4, 21, 3], [22, 12, 23, 11], [24, 6, 1, 5], [2, 20, 3, 19]]"
12a_0420_49,"[[2, 20, 3, 19], [4, 22, 5, 21], [6, 10, 7, 9], [8, 16, 9, 15], [10, 24, 11, 23], [12, 18, 13, 17], [14, 8, 15, 7], [16, 14, 17, 13], [18, 2, 19, 1], [20, 4, 21, 3], [22, 12, 23, 11], [24, 6, 1, 5]]"
12a_0420_50,"[[24, 6, 1, 5], [2, 20, 3, 19], [4, 22, 5, 21], [6, 10, 7, 9], [8, 16, 9, 15], [10, 24, 11, 23], [12, 18, 13, 17], [14, 8, 15, 7], [16, 14, 17, 13], [18, 2, 19, 1], [20, 4, 21, 3], [22, 12, 23, 11]]"
12a_0420_51,"[[22, 12, 23, 11], [24, 6, 1, 5], [2, 20, 3, 19], [4, 22, 5, 21], [6, 10, 7, 9], [8, 16, 9, 15], [10, 24, 11, 23], [12, 18, 13, 17], [14, 8, 15, 7], [16, 14, 17, 13], [18, 2, 19, 1], [20, 4, 21, 3]]"
12a_0420_52,"[[20, 4, 21, 3], [22, 12, 23, 11], [24, 6, 1, 5], [2, 20, 3, 19], [4, 22, 5, 21], [6, 10, 7, 9], [8, 16, 9, 15], [10, 24, 11, 23], [12, 18, 13, 17], [14, 8, 15, 7], [16, 14, 17, 13], [18, 2, 19, 1]]"
12a_0420_53,"[[18, 2, 19, 1], [20, 4, 21, 3], [22, 12, 23, 11], [24, 6, 1, 5], [2, 20, 3, 19], [4, 22, 5, 21], [6, 10, 7, 9], [8, 16, 9, 15], [10, 24, 11, 23], [12, 18, 13, 17], [14, 8, 15, 7], [16, 14, 17, 13]]"
12a_0420_54,"[[16, 14, 17, 13], [18, 2, 19, 1], [20, 4, 21, 3], [22, 12, 23, 11], [24, 6, 1, 5], [2, 20, 3, 19], [4, 22, 5, 21], [6, 10, 7, 9], [8, 16, 9, 15], [10, 24, 11, 23], [12, 18, 13, 17], [14, 8, 15, 7]]"
12a_0420_55,"[[14, 8, 15, 7], [16, 14, 17, 13], [18, 2, 19, 1], [20, 4, 21, 3], [22, 12, 23, 11], [24, 6, 1, 5], [2, 20, 3, 19], [4, 22, 5, 21], [6, 10, 7, 9], [8, 16, 9, 15], [10, 24, 11, 23], [12, 18, 13, 17]]"
12a_0420_56,"[[12, 18, 13, 17], [14, 8, 15, 7], [16, 14, 17, 13], [18, 2, 19, 1], [20, 4, 21, 3], [22, 12, 23, 11], [24, 6, 1, 5], [2, 20, 3, 19], [4, 22, 5, 21], [6, 10, 7, 9], [8, 16, 9, 15], [10, 24, 11, 23]]"
12a_0420_57,"[[10, 24, 11, 23], [12, 18, 13, 17], [14, 8, 15, 7], [16, 14, 17, 13], [18, 2, 19, 1], [20, 4, 21, 3], [22, 12, 23, 11], [24, 6, 1, 5], [2, 20, 3, 19], [4, 22, 5, 21], [6, 10, 7, 9], [8, 16, 9, 15]]"
12a_0420_58,"[[8, 16, 9, 15], [10, 24, 11, 23], [12, 18, 13, 17], [14, 8, 15, 7], [16, 14, 17, 13], [18, 2, 19, 1], [20, 4, 21, 3], [22, 12, 23, 11], [24, 6, 1, 5], [2, 20, 3, 19], [4, 22, 5, 21], [6, 10, 7, 9]]"
12a_0420_59,"[[6, 10, 7, 9], [8, 16, 9, 15], [10, 24, 11, 23], [12, 18, 13, 17], [14, 8, 15, 7], [16, 14, 17, 13], [18, 2, 19, 1], [20, 4, 21, 3], [22, 12, 23, 11], [24, 6, 1, 5], [2, 20, 3, 19], [4, 22, 5, 21]]"
12a_0420_60,"[[5, 23, 6, 22], [7, 11, 8, 10], [9, 17, 10, 16], [11, 1, 12, 24], [13, 19, 14, 18], [15, 9, 16, 8], [17, 15, 18, 14], [19, 3, 20, 2], [21, 5, 22, 4], [23, 13, 24, 12], [1, 7, 2, 6], [3, 21, 4, 20]]"
12a_0420_61,"[[3, 21, 4, 20], [5, 23, 6, 22], [7, 11, 8, 10], [9, 17, 10, 16], [11, 1, 12, 24], [13, 19, 14, 18], [15, 9, 16, 8], [17, 15, 18, 14], [19, 3, 20, 2], [21, 5, 22, 4], [23, 13, 24, 12], [1, 7, 2, 6]]"
12a_0420_62,"[[1, 7, 2, 6], [3, 21, 4, 20], [5, 23, 6, 22], [7, 11, 8, 10], [9, 17, 10, 16], [11, 1, 12, 24], [13, 19, 14, 18], [15, 9, 16, 8], [17, 15, 18, 14], [19, 3, 20, 2], [21, 5, 22, 4], [23, 13, 24, 12]]"
12a_0420_63,"[[23, 13, 24, 12], [1, 7, 2, 6], [3, 21, 4, 20], [5, 23, 6, 22], [7, 11, 8, 10], [9, 17, 10, 16], [11, 1, 12, 24], [13, 19, 14, 18], [15, 9, 16, 8], [17, 15, 18, 14], [19, 3, 20, 2], [21, 5, 22, 4]]"
12a_0420_64,"[[21, 5, 22, 4], [23, 13, 24, 12], [1, 7, 2, 6], [3, 21, 4, 20], [5, 23, 6, 22], [7, 11, 8, 10], [9, 17, 10, 16], [11, 1, 12, 24], [13, 19, 14, 18], [15, 9, 16, 8], [17, 15, 18, 14], [19, 3, 20, 2]]"
12a_0420_65,"[[19, 3, 20, 2], [21, 5, 22, 4], [23, 13, 24, 12], [1, 7, 2, 6], [3, 21, 4, 20], [5, 23, 6, 22], [7, 11, 8, 10], [9, 17, 10, 16], [11, 1, 12, 24], [13, 19, 14, 18], [15, 9, 16, 8], [17, 15, 18, 14]]"
12a_0420_66,"[[17, 15, 18, 14], [19, 3, 20, 2], [21, 5, 22, 4], [23, 13, 24, 12], [1, 7, 2, 6], [3, 21, 4, 20], [5, 23, 6, 22], [7, 11, 8, 10], [9, 17, 10, 16], [11, 1, 12, 24], [13, 19, 14, 18], [15, 9, 16, 8]]"
12a_0420_67,"[[15, 9, 16, 8], [17, 15, 18, 14], [19, 3, 20, 2], [21, 5, 22, 4], [23, 13, 24, 12], [1, 7, 2, 6], [3, 21, 4, 20], [5, 23, 6, 22], [7, 11, 8, 10], [9, 17, 10, 16], [11, 1, 12, 24], [13, 19, 14, 18]]"
12a_0420_68,"[[13, 19, 14, 18], [15, 9, 16, 8], [17, 15, 18, 14], [19, 3, 20, 2], [21, 5, 22, 4], [23, 13, 24, 12], [1, 7, 2, 6], [3, 21, 4, 20], [5, 23, 6, 22], [7, 11, 8, 10], [9, 17, 10, 16], [11, 1, 12, 24]]"
12a_0420_69,"[[11, 1, 12, 24], [13, 19, 14, 18], [15, 9, 16, 8], [17, 15, 18, 14], [19, 3, 20, 2], [21, 5, 22, 4], [23, 13, 24, 12], [1, 7, 2, 6], [3, 21, 4, 20], [5, 23, 6, 22], [7, 11, 8, 10], [9, 17, 10, 16]]"
12a_0420_70,"[[9, 17, 10, 16], [11, 1, 12, 24], [13, 19, 14, 18], [15, 9, 16, 8], [17, 15, 18, 14], [19, 3, 20, 2], [21, 5, 22, 4], [23, 13, 24, 12], [1, 7, 2, 6], [3, 21, 4, 20], [5, 23, 6, 22], [7, 11, 8, 10]]"
12a_0420_71,"[[7, 11, 8, 10], [9, 17, 10, 16], [11, 1, 12, 24], [13, 19, 14, 18], [15, 9, 16, 8], [17, 15, 18, 14], [19, 3, 20, 2], [21, 5, 22, 4], [23, 13, 24, 12], [1, 7, 2, 6], [3, 21, 4, 20], [5, 23, 6, 22]]"
12a_0420_72,"[[6, 24, 7, 23], [8, 12, 9, 11], [10, 18, 11, 17], [12, 2, 13, 1], [14, 20, 15, 19], [16, 10, 17, 9], [18, 16, 19, 15], [20, 4, 21, 3], [22, 6, 23, 5], [24, 14, 1, 13], [2, 8, 3, 7], [4, 22, 5, 21]]"
12a_0420_73,"[[4, 22, 5, 21], [6, 24, 7, 23], [8, 12, 9, 11], [10, 18, 11, 17], [12, 2, 13, 1], [14, 20, 15, 19], [16, 10, 17, 9], [18, 16, 19, 15], [20, 4, 21, 3], [22, 6, 23, 5], [24, 14, 1, 13], [2, 8, 3, 7]]"
12a_0420_74,"[[2, 8, 3, 7], [4, 22, 5, 21], [6, 24, 7, 23], [8, 12, 9, 11], [10, 18, 11, 17], [12, 2, 13, 1], [14, 20, 15, 19], [16, 10, 17, 9], [18, 16, 19, 15], [20, 4, 21, 3], [22, 6, 23, 5], [24, 14, 1, 13]]"
12a_0420_75,"[[24, 14, 1, 13], [2, 8, 3, 7], [4, 22, 5, 21], [6, 24, 7, 23], [8, 12, 9, 11], [10, 18, 11, 17], [12, 2, 13, 1], [14, 20, 15, 19], [16, 10, 17, 9], [18, 16, 19, 15], [20, 4, 21, 3], [22, 6, 23, 5]]"
12a_0420_76,"[[22, 6, 23, 5], [24, 14, 1, 13], [2, 8, 3, 7], [4, 22, 5, 21], [6, 24, 7, 23], [8, 12, 9, 11], [10, 18, 11, 17], [12, 2, 13, 1], [14, 20, 15, 19], [16, 10, 17, 9], [18, 16, 19, 15], [20, 4, 21, 3]]"
12a_0420_77,"[[20, 4, 21, 3], [22, 6, 23, 5], [24, 14, 1, 13], [2, 8, 3, 7], [4, 22, 5, 21], [6, 24, 7, 23], [8, 12, 9, 11], [10, 18, 11, 17], [12, 2, 13, 1], [14, 20, 15, 19], [16, 10, 17, 9], [18, 16, 19, 15]]"
12a_0420_78,"[[18, 16, 19, 15], [20, 4, 21, 3], [22, 6, 23, 5], [24, 14, 1, 13], [2, 8, 3, 7], [4, 22, 5, 21], [6, 24, 7, 23], [8, 12, 9, 11], [10, 18, 11, 17], [12, 2, 13, 1], [14, 20, 15, 19], [16, 10, 17, 9]]"
12a_0420_79,"[[16, 10, 17, 9], [18, 16, 19, 15], [20, 4, 21, 3], [22, 6, 23, 5], [24, 14, 1, 13], [2, 8, 3, 7], [4, 22, 5, 21], [6, 24, 7, 23], [8, 12, 9, 11], [10, 18, 11, 17], [12, 2, 13, 1], [14, 20, 15, 19]]"
12a_0420_80,"[[14, 20, 15, 19], [16, 10, 17, 9], [18, 16, 19, 15], [20, 4, 21, 3], [22, 6, 23, 5], [24, 14, 1, 13], [2, 8, 3, 7], [4, 22, 5, 21], [6, 24, 7, 23], [8, 12, 9, 11], [10, 18, 11, 17], [12, 2, 13, 1]]"
12a_0420_81,"[[12, 2, 13, 1], [14, 20, 15, 19], [16, 10, 17, 9], [18, 16, 19, 15], [20, 4, 21, 3], [22, 6, 23, 5], [24, 14, 1, 13], [2, 8, 3, 7], [4, 22, 5, 21], [6, 24, 7, 23], [8, 12, 9, 11], [10, 18, 11, 17]]"
12a_0420_82,"[[10, 18, 11, 17], [12, 2, 13, 1], [14, 20, 15, 19], [16, 10, 17, 9], [18, 16, 19, 15], [20, 4, 21, 3], [22, 6, 23, 5], [24, 14, 1, 13], [2, 8, 3, 7], [4, 22, 5, 21], [6, 24, 7, 23], [8, 12, 9, 11]]"
12a_0420_83,"[[8, 12, 9, 11], [10, 18, 11, 17], [12, 2, 13, 1], [14, 20, 15, 19], [16, 10, 17, 9], [18, 16, 19, 15], [20, 4, 21, 3], [22, 6, 23, 5], [24, 14, 1, 13], [2, 8, 3, 7], [4, 22, 5, 21], [6, 24, 7, 23]]"
12a_0420_84,"[[7, 1, 8, 24], [9, 13, 10, 12], [11, 19, 12, 18], [13, 3, 14, 2], [15, 21, 16, 20], [17, 11, 18, 10], [19, 17, 20, 16], [21, 5, 22, 4], [23, 7, 24, 6], [1, 15, 2, 14], [3, 9, 4, 8], [5, 23, 6, 22]]"
12a_0420_85,"[[5, 23, 6, 22], [7, 1, 8, 24], [9, 13, 10, 12], [11, 19, 12, 18], [13, 3, 14, 2], [15, 21, 16, 20], [17, 11, 18, 10], [19, 17, 20, 16], [21, 5, 22, 4], [23, 7, 24, 6], [1, 15, 2, 14], [3, 9, 4, 8]]"
12a_0420_86,"[[3, 9, 4, 8], [5, 23, 6, 22], [7, 1, 8, 24], [9, 13, 10, 12], [11, 19, 12, 18], [13, 3, 14, 2], [15, 21, 16, 20], [17, 11, 18, 10], [19, 17, 20, 16], [21, 5, 22, 4], [23, 7, 24, 6], [1, 15, 2, 14]]"
12a_0420_87,"[[1, 15, 2, 14], [3, 9, 4, 8], [5, 23, 6, 22], [7, 1, 8, 24], [9, 13, 10, 12], [11, 19, 12, 18], [13, 3, 14, 2], [15, 21, 16, 20], [17, 11, 18, 10], [19, 17, 20, 16], [21, 5, 22, 4], [23, 7, 24, 6]]"
12a_0420_88,"[[23, 7, 24, 6], [1, 15, 2, 14], [3, 9, 4, 8], [5, 23, 6, 22], [7, 1, 8, 24], [9, 13, 10, 12], [11, 19, 12, 18], [13, 3, 14, 2], [15, 21, 16, 20], [17, 11, 18, 10], [19, 17, 20, 16], [21, 5, 22, 4]]"
12a_0420_89,"[[21, 5, 22, 4], [23, 7, 24, 6], [1, 15, 2, 14], [3, 9, 4, 8], [5, 23, 6, 22], [7, 1, 8, 24], [9, 13, 10, 12], [11, 19, 12, 18], [13, 3, 14, 2], [15, 21, 16, 20], [17, 11, 18, 10], [19, 17, 20, 16]]"
12a_0420_90,"[[19, 17, 20, 16], [21, 5, 22, 4], [23, 7, 24, 6], [1, 15, 2, 14], [3, 9, 4, 8], [5, 23, 6, 22], [7, 1, 8, 24], [9, 13, 10, 12], [11, 19, 12, 18], [13, 3, 14, 2], [15, 21, 16, 20], [17, 11, 18, 10]]"
12a_0420_91,"[[17, 11, 18, 10], [19, 17, 20, 16], [21, 5, 22, 4], [23, 7, 24, 6], [1, 15, 2, 14], [3, 9, 4, 8], [5, 23, 6, 22], [7, 1, 8, 24], [9, 13, 10, 12], [11, 19, 12, 18], [13, 3, 14, 2], [15, 21, 16, 20]]"
12a_0420_92,"[[15, 21, 16, 20], [17, 11, 18, 10], [19, 17, 20, 16], [21, 5, 22, 4], [23, 7, 24, 6], [1, 15, 2, 14], [3, 9, 4, 8], [5, 23, 6, 22], [7, 1, 8, 24], [9, 13, 10, 12], [11, 19, 12, 18], [13, 3, 14, 2]]"
12a_0420_93,"[[13, 3, 14, 2], [15, 21, 16, 20], [17, 11, 18, 10], [19, 17, 20, 16], [21, 5, 22, 4], [23, 7, 24, 6], [1, 15, 2, 14], [3, 9, 4, 8], [5, 23, 6, 22], [7, 1, 8, 24], [9, 13, 10, 12], [11, 19, 12, 18]]"
12a_0420_94,"[[11, 19, 12, 18], [13, 3, 14, 2], [15, 21, 16, 20], [17, 11, 18, 10], [19, 17, 20, 16], [21, 5, 22, 4], [23, 7, 24, 6], [1, 15, 2, 14], [3, 9, 4, 8], [5, 23, 6, 22], [7, 1, 8, 24], [9, 13, 10, 12]]"
12a_0420_95,"[[9, 13, 10, 12], [11, 19, 12, 18], [13, 3, 14, 2], [15, 21, 16, 20], [17, 11, 18, 10], [19, 17, 20, 16], [21, 5, 22, 4], [23, 7, 24, 6], [1, 15, 2, 14], [3, 9, 4, 8], [5, 23, 6, 22], [7, 1, 8, 24]]"
12a_0420_96,"[[8, 2, 9, 1], [10, 14, 11, 13], [12, 20, 13, 19], [14, 4, 15, 3], [16, 22, 17, 21], [18, 12, 19, 11], [20, 18, 21, 17], [22, 6, 23, 5], [24, 8, 1, 7], [2, 16, 3, 15], [4, 10, 5, 9], [6, 24, 7, 23]]"
12a_0420_97,"[[6, 24, 7, 23], [8, 2, 9, 1], [10, 14, 11, 13], [12, 20, 13, 19], [14, 4, 15, 3], [16, 22, 17, 21], [18, 12, 19, 11], [20, 18, 21, 17], [22, 6, 23, 5], [24, 8, 1, 7], [2, 16, 3, 15], [4, 10, 5, 9]]"
12a_0420_98,"[[4, 10, 5, 9], [6, 24, 7, 23], [8, 2, 9, 1], [10, 14, 11, 13], [12, 20, 13, 19], [14, 4, 15, 3], [16, 22, 17, 21], [18, 12, 19, 11], [20, 18, 21, 17], [22, 6, 23, 5], [24, 8, 1, 7], [2, 16, 3, 15]]"
12a_0420_99,"[[2, 16, 3, 15], [4, 10, 5, 9], [6, 24, 7, 23], [8, 2, 9, 1], [10, 14, 11, 13], [12, 20, 13, 19], [14, 4, 15, 3], [16, 22, 17, 21], [18, 12, 19, 11], [20, 18, 21, 17], [22, 6, 23, 5], [24, 8, 1, 7]]"
12a_0420_100,"[[24, 8, 1, 7], [2, 16, 3, 15], [4, 10, 5, 9], [6, 24, 7, 23], [8, 2, 9, 1], [10, 14, 11, 13], [12, 20, 13, 19], [14, 4, 15, 3], [16, 22, 17, 21], [18, 12, 19, 11], [20, 18, 21, 17], [22, 6, 23, 5]]"
12a_0420_101,"[[22, 6, 23, 5], [24, 8, 1, 7], [2, 16, 3, 15], [4, 10, 5, 9], [6, 24, 7, 23], [8, 2, 9, 1], [10, 14, 11, 13], [12, 20, 13, 19], [14, 4, 15, 3], [16, 22, 17, 21], [18, 12, 19, 11], [20, 18, 21, 17]]"
12a_0420_102,"[[20, 18, 21, 17], [22, 6, 23, 5], [24, 8, 1, 7], [2, 16, 3, 15], [4, 10, 5, 9], [6, 24, 7, 23], [8, 2, 9, 1], [10, 14, 11, 13], [12, 20, 13, 19], [14, 4, 15, 3], [16, 22, 17, 21], [18, 12, 19, 11]]"
12a_0420_103,"[[18, 12, 19, 11], [20, 18, 21, 17], [22, 6, 23, 5], [24, 8, 1, 7], [2, 16, 3, 15], [4, 10, 5, 9], [6, 24, 7, 23], [8, 2, 9, 1], [10, 14, 11, 13], [12, 20, 13, 19], [14, 4, 15, 3], [16, 22, 17, 21]]"
12a_0420_104,"[[16, 22, 17, 21], [18, 12, 19, 11], [20, 18, 21, 17], [22, 6, 23, 5], [24, 8, 1, 7], [2, 16, 3, 15], [4, 10, 5, 9], [6, 24, 7, 23], [8, 2, 9, 1], [10, 14, 11, 13], [12, 20, 13, 19], [14, 4, 15, 3]]"
12a_0420_105,"[[14, 4, 15, 3], [16, 22, 17, 21], [18, 12, 19, 11], [20, 18, 21, 17], [22, 6, 23, 5], [24, 8, 1, 7], [2, 16, 3, 15], [4, 10, 5, 9], [6, 24, 7, 23], [8, 2, 9, 1], [10, 14, 11, 13], [12, 20, 13, 19]]"
12a_0420_106,"[[12, 20, 13, 19], [14, 4, 15, 3], [16, 22, 17, 21], [18, 12, 19, 11], [20, 18, 21, 17], [22, 6, 23, 5], [24, 8, 1, 7], [2, 16, 3, 15], [4, 10, 5, 9], [6, 24, 7, 23], [8, 2, 9, 1], [10, 14, 11, 13]]"
12a_0420_107,"[[10, 14, 11, 13], [12, 20, 13, 19], [14, 4, 15, 3], [16, 22, 17, 21], [18, 12, 19, 11], [20, 18, 21, 17], [22, 6, 23, 5], [24, 8, 1, 7], [2, 16, 3, 15], [4, 10, 5, 9], [6, 24, 7, 23], [8, 2, 9, 1]]"
12a_0420_108,"[[9, 3, 10, 2], [11, 15, 12, 14], [13, 21, 14, 20], [15, 5, 16, 4], [17, 23, 18, 22], [19, 13, 20, 12], [21, 19, 22, 18], [23, 7, 24, 6], [1, 9, 2, 8], [3, 17, 4, 16], [5, 11, 6, 10], [7, 1, 8, 24]]"
12a_0420_109,"[[7, 1, 8, 24], [9, 3, 10, 2], [11, 15, 12, 14], [13, 21, 14, 20], [15, 5, 16, 4], [17, 23, 18, 22], [19, 13, 20, 12], [21, 19, 22, 18], [23, 7, 24, 6], [1, 9, 2, 8], [3, 17, 4, 16], [5, 11, 6, 10]]"
12a_0420_110,"[[5, 11, 6, 10], [7, 1, 8, 24], [9, 3, 10, 2], [11, 15, 12, 14], [13, 21, 14, 20], [15, 5, 16, 4], [17, 23, 18, 22], [19, 13, 20, 12], [21, 19, 22, 18], [23, 7, 24, 6], [1, 9, 2, 8], [3, 17, 4, 16]]"
12a_0420_111,"[[3, 17, 4, 16], [5, 11, 6, 10], [7, 1, 8, 24], [9, 3, 10, 2], [11, 15, 12, 14], [13, 21, 14, 20], [15, 5, 16, 4], [17, 23, 18, 22], [19, 13, 20, 12], [21, 19, 22, 18], [23, 7, 24, 6], [1, 9, 2, 8]]"
12a_0420_112,"[[1, 9, 2, 8], [3, 17, 4, 16], [5, 11, 6, 10], [7, 1, 8, 24], [9, 3, 10, 2], [11, 15, 12, 14], [13, 21, 14, 20], [15, 5, 16, 4], [17, 23, 18, 22], [19, 13, 20, 12], [21, 19, 22, 18], [23, 7, 24, 6]]"
12a_0420_113,"[[23, 7, 24, 6], [1, 9, 2, 8], [3, 17, 4, 16], [5, 11, 6, 10], [7, 1, 8, 24], [9, 3, 10, 2], [11, 15, 12, 14], [13, 21, 14, 20], [15, 5, 16, 4], [17, 23, 18, 22], [19, 13, 20, 12], [21, 19, 22, 18]]"
12a_0420_114,"[[21, 19, 22, 18], [23, 7, 24, 6], [1, 9, 2, 8], [3, 17, 4, 16], [5, 11, 6, 10], [7, 1, 8, 24], [9, 3, 10, 2], [11, 15, 12, 14], [13, 21, 14, 20], [15, 5, 16, 4], [17, 23, 18, 22], [19, 13, 20, 12]]"
12a_0420_115,"[[19, 13, 20, 12], [21, 19, 22, 18], [23, 7, 24, 6], [1, 9, 2, 8], [3, 17, 4, 16], [5, 11, 6, 10], [7, 1, 8, 24], [9, 3, 10, 2], [11, 15, 12, 14], [13, 21, 14, 20], [15, 5, 16, 4], [17, 23, 18, 22]]"
12a_0420_116,"[[17, 23, 18, 22], [19, 13, 20, 12], [21, 19, 22, 18], [23, 7, 24, 6], [1, 9, 2, 8], [3, 17, 4, 16], [5, 11, 6, 10], [7, 1, 8, 24], [9, 3, 10, 2], [11, 15, 12, 14], [13, 21, 14, 20], [15, 5, 16, 4]]"
12a_0420_117,"[[15, 5, 16, 4], [17, 23, 18, 22], [19, 13, 20, 12], [21, 19, 22, 18], [23, 7, 24, 6], [1, 9, 2, 8], [3, 17, 4, 16], [5, 11, 6, 10], [7, 1, 8, 24], [9, 3, 10, 2], [11, 15, 12, 14], [13, 21, 14, 20]]"
12a_0420_118,"[[13, 21, 14, 20], [15, 5, 16, 4], [17, 23, 18, 22], [19, 13, 20, 12], [21, 19, 22, 18], [23, 7, 24, 6], [1, 9, 2, 8], [3, 17, 4, 16], [5, 11, 6, 10], [7, 1, 8, 24], [9, 3, 10, 2], [11, 15, 12, 14]]"
12a_0420_119,"[[11, 15, 12, 14], [13, 21, 14, 20], [15, 5, 16, 4], [17, 23, 18, 22], [19, 13, 20, 12], [21, 19, 22, 18], [23, 7, 24, 6], [1, 9, 2, 8], [3, 17, 4, 16], [5, 11, 6, 10], [7, 1, 8, 24], [9, 3, 10, 2]]"
12a_0420_120,"[[10, 4, 11, 3], [12, 16, 13, 15], [14, 22, 15, 21], [16, 6, 17, 5], [18, 24, 19, 23], [20, 14, 21, 13], [22, 20, 23, 19], [24, 8, 1, 7], [2, 10, 3, 9], [4, 18, 5, 17], [6, 12, 7, 11], [8, 2, 9, 1]]"
12a_0420_121,"[[8, 2, 9, 1], [10, 4, 11, 3], [12, 16, 13, 15], [14, 22, 15, 21], [16, 6, 17, 5], [18, 24, 19, 23], [20, 14, 21, 13], [22, 20, 23, 19], [24, 8, 1, 7], [2, 10, 3, 9], [4, 18, 5, 17], [6, 12, 7, 11]]"
12a_0420_122,"[[6, 12, 7, 11], [8, 2, 9, 1], [10, 4, 11, 3], [12, 16, 13, 15], [14, 22, 15, 21], [16, 6, 17, 5], [18, 24, 19, 23], [20, 14, 21, 13], [22, 20, 23, 19], [24, 8, 1, 7], [2, 10, 3, 9], [4, 18, 5, 17]]"
12a_0420_123,"[[4, 18, 5, 17], [6, 12, 7, 11], [8, 2, 9, 1], [10, 4, 11, 3], [12, 16, 13, 15], [14, 22, 15, 21], [16, 6, 17, 5], [18, 24, 19, 23], [20, 14, 21, 13], [22, 20, 23, 19], [24, 8, 1, 7], [2, 10, 3, 9]]"
12a_0420_124,"[[2, 10, 3, 9], [4, 18, 5, 17], [6, 12, 7, 11], [8, 2, 9, 1], [10, 4, 11, 3], [12, 16, 13, 15], [14, 22, 15, 21], [16, 6, 17, 5], [18, 24, 19, 23], [20, 14, 21, 13], [22, 20, 23, 19], [24, 8, 1, 7]]"
12a_0420_125,"[[24, 8, 1, 7], [2, 10, 3, 9], [4, 18, 5, 17], [6, 12, 7, 11], [8, 2, 9, 1], [10, 4, 11, 3], [12, 16, 13, 15], [14, 22, 15, 21], [16, 6, 17, 5], [18, 24, 19, 23], [20, 14, 21, 13], [22, 20, 23, 19]]"
12a_0420_126,"[[22, 20, 23, 19], [24, 8, 1, 7], [2, 10, 3, 9], [4, 18, 5, 17], [6, 12, 7, 11], [8, 2, 9, 1], [10, 4, 11, 3], [12, 16, 13, 15], [14, 22, 15, 21], [16, 6, 17, 5], [18, 24, 19, 23], [20, 14, 21, 13]]"
12a_0420_127,"[[20, 14, 21, 13], [22, 20, 23, 19], [24, 8, 1, 7], [2, 10, 3, 9], [4, 18, 5, 17], [6, 12, 7, 11], [8, 2, 9, 1], [10, 4, 11, 3], [12, 16, 13, 15], [14, 22, 15, 21], [16, 6, 17, 5], [18, 24, 19, 23]]"
12a_0420_128,"[[18, 24, 19, 23], [20, 14, 21, 13], [22, 20, 23, 19], [24, 8, 1, 7], [2, 10, 3, 9], [4, 18, 5, 17], [6, 12, 7, 11], [8, 2, 9, 1], [10, 4, 11, 3], [12, 16, 13, 15], [14, 22, 15, 21], [16, 6, 17, 5]]"
12a_0420_129,"[[16, 6, 17, 5], [18, 24, 19, 23], [20, 14, 21, 13], [22, 20, 23, 19], [24, 8, 1, 7], [2, 10, 3, 9], [4, 18, 5, 17], [6, 12, 7, 11], [8, 2, 9, 1], [10, 4, 11, 3], [12, 16, 13, 15], [14, 22, 15, 21]]"
12a_0420_130,"[[14, 22, 15, 21], [16, 6, 17, 5], [18, 24, 19, 23], [20, 14, 21, 13], [22, 20, 23, 19], [24, 8, 1, 7], [2, 10, 3, 9], [4, 18, 5, 17], [6, 12, 7, 11], [8, 2, 9, 1], [10, 4, 11, 3], [12, 16, 13, 15]]"
12a_0420_131,"[[12, 16, 13, 15], [14, 22, 15, 21], [16, 6, 17, 5], [18, 24, 19, 23], [20, 14, 21, 13], [22, 20, 23, 19], [24, 8, 1, 7], [2, 10, 3, 9], [4, 18, 5, 17], [6, 12, 7, 11], [8, 2, 9, 1], [10, 4, 11, 3]]"
12a_0420_132,"[[11, 5, 12, 4], [13, 17, 14, 16], [15, 23, 16, 22], [17, 7, 18, 6], [19, 1, 20, 24], [21, 15, 22, 14], [23, 21, 24, 20], [1, 9, 2, 8], [3, 11, 4, 10], [5, 19, 6, 18], [7, 13, 8, 12], [9, 3, 10, 2]]"
12a_0420_133,"[[9, 3, 10, 2], [11, 5, 12, 4], [13, 17, 14, 16], [15, 23, 16, 22], [17, 7, 18, 6], [19, 1, 20, 24], [21, 15, 22, 14], [23, 21, 24, 20], [1, 9, 2, 8], [3, 11, 4, 10], [5, 19, 6, 18], [7, 13, 8, 12]]"
12a_0420_134,"[[7, 13, 8, 12], [9, 3, 10, 2], [11, 5, 12, 4], [13, 17, 14, 16], [15, 23, 16, 22], [17, 7, 18, 6], [19, 1, 20, 24], [21, 15, 22, 14], [23, 21, 24, 20], [1, 9, 2, 8], [3, 11, 4, 10], [5, 19, 6, 18]]"
12a_0420_135,"[[5, 19, 6, 18], [7, 13, 8, 12], [9, 3, 10, 2], [11, 5, 12, 4], [13, 17, 14, 16], [15, 23, 16, 22], [17, 7, 18, 6], [19, 1, 20, 24], [21, 15, 22, 14], [23, 21, 24, 20], [1, 9, 2, 8], [3, 11, 4, 10]]"
12a_0420_136,"[[3, 11, 4, 10], [5, 19, 6, 18], [7, 13, 8, 12], [9, 3, 10, 2], [11, 5, 12, 4], [13, 17, 14, 16], [15, 23, 16, 22], [17, 7, 18, 6], [19, 1, 20, 24], [21, 15, 22, 14], [23, 21, 24, 20], [1, 9, 2, 8]]"
12a_0420_137,"[[1, 9, 2, 8], [3, 11, 4, 10], [5, 19, 6, 18], [7, 13, 8, 12], [9, 3, 10, 2], [11, 5, 12, 4], [13, 17, 14, 16], [15, 23, 16, 22], [17, 7, 18, 6], [19, 1, 20, 24], [21, 15, 22, 14], [23, 21, 24, 20]]"
12a_0420_138,"[[23, 21, 24, 20], [1, 9, 2, 8], [3, 11, 4, 10], [5, 19, 6, 18], [7, 13, 8, 12], [9, 3, 10, 2], [11, 5, 12, 4], [13, 17, 14, 16], [15, 23, 16, 22], [17, 7, 18, 6], [19, 1, 20, 24], [21, 15, 22, 14]]"
12a_0420_139,"[[21, 15, 22, 14], [23, 21, 24, 20], [1, 9, 2, 8], [3, 11, 4, 10], [5, 19, 6, 18], [7, 13, 8, 12], [9, 3, 10, 2], [11, 5, 12, 4], [13, 17, 14, 16], [15, 23, 16, 22], [17, 7, 18, 6], [19, 1, 20, 24]]"
12a_0420_140,"[[19, 1, 20, 24], [21, 15, 22, 14], [23, 21, 24, 20], [1, 9, 2, 8], [3, 11, 4, 10], [5, 19, 6, 18], [7, 13, 8, 12], [9, 3, 10, 2], [11, 5, 12, 4], [13, 17, 14, 16], [15, 23, 16, 22], [17, 7, 18, 6]]"
12a_0420_141,"[[17, 7, 18, 6], [19, 1, 20, 24], [21, 15, 22, 14], [23, 21, 24, 20], [1, 9, 2, 8], [3, 11, 4, 10], [5, 19, 6, 18], [7, 13, 8, 12], [9, 3, 10, 2], [11, 5, 12, 4], [13, 17, 14, 16], [15, 23, 16, 22]]"
12a_0420_142,"[[15, 23, 16, 22], [17, 7, 18, 6], [19, 1, 20, 24], [21, 15, 22, 14], [23, 21, 24, 20], [1, 9, 2, 8], [3, 11, 4, 10], [5, 19, 6, 18], [7, 13, 8, 12], [9, 3, 10, 2], [11, 5, 12, 4], [13, 17, 14, 16]]"
12a_0420_143,"[[13, 17, 14, 16], [15, 23, 16, 22], [17, 7, 18, 6], [19, 1, 20, 24], [21, 15, 22, 14], [23, 21, 24, 20], [1, 9, 2, 8], [3, 11, 4, 10], [5, 19, 6, 18], [7, 13, 8, 12], [9, 3, 10, 2], [11, 5, 12, 4]]"
12a_0420_144,"[[12, 6, 13, 5], [14, 18, 15, 17], [16, 24, 17, 23], [18, 8, 19, 7], [20, 2, 21, 1], [22, 16, 23, 15], [24, 22, 1, 21], [2, 10, 3, 9], [4, 12, 5, 11], [6, 20, 7, 19], [8, 14, 9, 13], [10, 4, 11, 3]]"
12a_0420_145,"[[10, 4, 11, 3], [12, 6, 13, 5], [14, 18, 15, 17], [16, 24, 17, 23], [18, 8, 19, 7], [20, 2, 21, 1], [22, 16, 23, 15], [24, 22, 1, 21], [2, 10, 3, 9], [4, 12, 5, 11], [6, 20, 7, 19], [8, 14, 9, 13]]"
12a_0420_146,"[[8, 14, 9, 13], [10, 4, 11, 3], [12, 6, 13, 5], [14, 18, 15, 17], [16, 24, 17, 23], [18, 8, 19, 7], [20, 2, 21, 1], [22, 16, 23, 15], [24, 22, 1, 21], [2, 10, 3, 9], [4, 12, 5, 11], [6, 20, 7, 19]]"
12a_0420_147,"[[6, 20, 7, 19], [8, 14, 9, 13], [10, 4, 11, 3], [12, 6, 13, 5], [14, 18, 15, 17], [16, 24, 17, 23], [18, 8, 19, 7], [20, 2, 21, 1], [22, 16, 23, 15], [24, 22, 1, 21], [2, 10, 3, 9], [4, 12, 5, 11]]"
12a_0420_148,"[[4, 12, 5, 11], [6, 20, 7, 19], [8, 14, 9, 13], [10, 4, 11, 3], [12, 6, 13, 5], [14, 18, 15, 17], [16, 24, 17, 23], [18, 8, 19, 7], [20, 2, 21, 1], [22, 16, 23, 15], [24, 22, 1, 21], [2, 10, 3, 9]]"
12a_0420_149,"[[2, 10, 3, 9], [4, 12, 5, 11], [6, 20, 7, 19], [8, 14, 9, 13], [10, 4, 11, 3], [12, 6, 13, 5], [14, 18, 15, 17], [16, 24, 17, 23], [18, 8, 19, 7], [20, 2, 21, 1], [22, 16, 23, 15], [24, 22, 1, 21]]"
12a_0420_150,"[[24, 22, 1, 21], [2, 10, 3, 9], [4, 12, 5, 11], [6, 20, 7, 19], [8, 14, 9, 13], [10, 4, 11, 3], [12, 6, 13, 5], [14, 18, 15, 17], [16, 24, 17, 23], [18, 8, 19, 7], [20, 2, 21, 1], [22, 16, 23, 15]]"
12a_0420_151,"[[22, 16, 23, 15], [24, 22, 1, 21], [2, 10, 3, 9], [4, 12, 5, 11], [6, 20, 7, 19], [8, 14, 9, 13], [10, 4, 11, 3], [12, 6, 13, 5], [14, 18, 15, 17], [16, 24, 17, 23], [18, 8, 19, 7], [20, 2, 21, 1]]"
12a_0420_152,"[[20, 2, 21, 1], [22, 16, 23, 15], [24, 22, 1, 21], [2, 10, 3, 9], [4, 12, 5, 11], [6, 20, 7, 19], [8, 14, 9, 13], [10, 4, 11, 3], [12, 6, 13, 5], [14, 18, 15, 17], [16, 24, 17, 23], [18, 8, 19, 7]]"
12a_0420_153,"[[18, 8, 19, 7], [20, 2, 21, 1], [22, 16, 23, 15], [24, 22, 1, 21], [2, 10, 3, 9], [4, 12, 5, 11], [6, 20, 7, 19], [8, 14, 9, 13], [10, 4, 11, 3], [12, 6, 13, 5], [14, 18, 15, 17], [16, 24, 17, 23]]"
12a_0420_154,"[[16, 24, 17, 23], [18, 8, 19, 7], [20, 2, 21, 1], [22, 16, 23, 15], [24, 22, 1, 21], [2, 10, 3, 9], [4, 12, 5, 11], [6, 20, 7, 19], [8, 14, 9, 13], [10, 4, 11, 3], [12, 6, 13, 5], [14, 18, 15, 17]]"
12a_0420_155,"[[14, 18, 15, 17], [16, 24, 17, 23], [18, 8, 19, 7], [20, 2, 21, 1], [22, 16, 23, 15], [24, 22, 1, 21], [2, 10, 3, 9], [4, 12, 5, 11], [6, 20, 7, 19], [8, 14, 9, 13], [10, 4, 11, 3], [12, 6, 13, 5]]"
12a_0420_156,"[[13, 7, 14, 6], [15, 19, 16, 18], [17, 1, 18, 24], [19, 9, 20, 8], [21, 3, 22, 2], [23, 17, 24, 16], [1, 23, 2, 22], [3, 11, 4, 10], [5, 13, 6, 12], [7, 21, 8, 20], [9, 15, 10, 14], [11, 5, 12, 4]]"
12a_0420_157,"[[11, 5, 12, 4], [13, 7, 14, 6], [15, 19, 16, 18], [17, 1, 18, 24], [19, 9, 20, 8], [21, 3, 22, 2], [23, 17, 24, 16], [1, 23, 2, 22], [3, 11, 4, 10], [5, 13, 6, 12], [7, 21, 8, 20], [9, 15, 10, 14]]"
12a_0420_158,"[[9, 15, 10, 14], [11, 5, 12, 4], [13, 7, 14, 6], [15, 19, 16, 18], [17, 1, 18, 24], [19, 9, 20, 8], [21, 3, 22, 2], [23, 17, 24, 16], [1, 23, 2, 22], [3, 11, 4, 10], [5, 13, 6, 12], [7, 21, 8, 20]]"
12a_0420_159,"[[7, 21, 8, 20], [9, 15, 10, 14], [11, 5, 12, 4], [13, 7, 14, 6], [15, 19, 16, 18], [17, 1, 18, 24], [19, 9, 20, 8], [21, 3, 22, 2], [23, 17, 24, 16], [1, 23, 2, 22], [3, 11, 4, 10], [5, 13, 6, 12]]"
12a_0420_160,"[[5, 13, 6, 12], [7, 21, 8, 20], [9, 15, 10, 14], [11, 5, 12, 4], [13, 7, 14, 6], [15, 19, 16, 18], [17, 1, 18, 24], [19, 9, 20, 8], [21, 3, 22, 2], [23, 17, 24, 16], [1, 23, 2, 22], [3, 11, 4, 10]]"
12a_0420_161,"[[3, 11, 4, 10], [5, 13, 6, 12], [7, 21, 8, 20], [9, 15, 10, 14], [11, 5, 12, 4], [13, 7, 14, 6], [15, 19, 16, 18], [17, 1, 18, 24], [19, 9, 20, 8], [21, 3, 22, 2], [23, 17, 24, 16], [1, 23, 2, 22]]"
12a_0420_162,"[[1, 23, 2, 22], [3, 11, 4, 10], [5, 13, 6, 12], [7, 21, 8, 20], [9, 15, 10, 14], [11, 5, 12, 4], [13, 7, 14, 6], [15, 19, 16, 18], [17, 1, 18, 24], [19, 9, 20, 8], [21, 3, 22, 2], [23, 17, 24, 16]]"
12a_0420_163,"[[23, 17, 24, 16], [1, 23, 2, 22], [3, 11, 4, 10], [5, 13, 6, 12], [7, 21, 8, 20], [9, 15, 10, 14], [11, 5, 12, 4], [13, 7, 14, 6], [15, 19, 16, 18], [17, 1, 18, 24], [19, 9, 20, 8], [21, 3, 22, 2]]"
12a_0420_164,"[[21, 3, 22, 2], [23, 17, 24, 16], [1, 23, 2, 22], [3, 11, 4, 10], [5, 13, 6, 12], [7, 21, 8, 20], [9, 15, 10, 14], [11, 5, 12, 4], [13, 7, 14, 6], [15, 19, 16, 18], [17, 1, 18, 24], [19, 9, 20, 8]]"
12a_0420_165,"[[19, 9, 20, 8], [21, 3, 22, 2], [23, 17, 24, 16], [1, 23, 2, 22], [3, 11, 4, 10], [5, 13, 6, 12], [7, 21, 8, 20], [9, 15, 10, 14], [11, 5, 12, 4], [13, 7, 14, 6], [15, 19, 16, 18], [17, 1, 18, 24]]"
12a_0420_166,"[[17, 1, 18, 24], [19, 9, 20, 8], [21, 3, 22, 2], [23, 17, 24, 16], [1, 23, 2, 22], [3, 11, 4, 10], [5, 13, 6, 12], [7, 21, 8, 20], [9, 15, 10, 14], [11, 5, 12, 4], [13, 7, 14, 6], [15, 19, 16, 18]]"
12a_0420_167,"[[15, 19, 16, 18], [17, 1, 18, 24], [19, 9, 20, 8], [21, 3, 22, 2], [23, 17, 24, 16], [1, 23, 2, 22], [3, 11, 4, 10], [5, 13, 6, 12], [7, 21, 8, 20], [9, 15, 10, 14], [11, 5, 12, 4], [13, 7, 14, 6]]"
12a_0420_168,"[[14, 8, 15, 7], [16, 20, 17, 19], [18, 2, 19, 1], [20, 10, 21, 9], [22, 4, 23, 3], [24, 18, 1, 17], [2, 24, 3, 23], [4, 12, 5, 11], [6, 14, 7, 13], [8, 22, 9, 21], [10, 16, 11, 15], [12, 6, 13, 5]]"
12a_0420_169,"[[12, 6, 13, 5], [14, 8, 15, 7], [16, 20, 17, 19], [18, 2, 19, 1], [20, 10, 21, 9], [22, 4, 23, 3], [24, 18, 1, 17], [2, 24, 3, 23], [4, 12, 5, 11], [6, 14, 7, 13], [8, 22, 9, 21], [10, 16, 11, 15]]"
12a_0420_170,"[[10, 16, 11, 15], [12, 6, 13, 5], [14, 8, 15, 7], [16, 20, 17, 19], [18, 2, 19, 1], [20, 10, 21, 9], [22, 4, 23, 3], [24, 18, 1, 17], [2, 24, 3, 23], [4, 12, 5, 11], [6, 14, 7, 13], [8, 22, 9, 21]]"
12a_0420_171,"[[8, 22, 9, 21], [10, 16, 11, 15], [12, 6, 13, 5], [14, 8, 15, 7], [16, 20, 17, 19], [18, 2, 19, 1], [20, 10, 21, 9], [22, 4, 23, 3], [24, 18, 1, 17], [2, 24, 3, 23], [4, 12, 5, 11], [6, 14, 7, 13]]"
12a_0420_172,"[[6, 14, 7, 13], [8, 22, 9, 21], [10, 16, 11, 15], [12, 6, 13, 5], [14, 8, 15, 7], [16, 20, 17, 19], [18, 2, 19, 1], [20, 10, 21, 9], [22, 4, 23, 3], [24, 18, 1, 17], [2, 24, 3, 23], [4, 12, 5, 11]]"
12a_0420_173,"[[4, 12, 5, 11], [6, 14, 7, 13], [8, 22, 9, 21], [10, 16, 11, 15], [12, 6, 13, 5], [14, 8, 15, 7], [16, 20, 17, 19], [18, 2, 19, 1], [20, 10, 21, 9], [22, 4, 23, 3], [24, 18, 1, 17], [2, 24, 3, 23]]"
12a_0420_174,"[[2, 24, 3, 23], [4, 12, 5, 11], [6, 14, 7, 13], [8, 22, 9, 21], [10, 16, 11, 15], [12, 6, 13, 5], [14, 8, 15, 7], [16, 20, 17, 19], [18, 2, 19, 1], [20, 10, 21, 9], [22, 4, 23, 3], [24, 18, 1, 17]]"
12a_0420_175,"[[24, 18, 1, 17], [2, 24, 3, 23], [4, 12, 5, 11], [6, 14, 7, 13], [8, 22, 9, 21], [10, 16, 11, 15], [12, 6, 13, 5], [14, 8, 15, 7], [16, 20, 17, 19], [18, 2, 19, 1], [20, 10, 21, 9], [22, 4, 23, 3]]"
12a_0420_176,"[[22, 4, 23, 3], [24, 18, 1, 17], [2, 24, 3, 23], [4, 12, 5, 11], [6, 14, 7, 13], [8, 22, 9, 21], [10, 16, 11, 15], [12, 6, 13, 5], [14, 8, 15, 7], [16, 20, 17, 19], [18, 2, 19, 1], [20, 10, 21, 9]]"
12a_0420_177,"[[20, 10, 21, 9], [22, 4, 23, 3], [24, 18, 1, 17], [2, 24, 3, 23], [4, 12, 5, 11], [6, 14, 7, 13], [8, 22, 9, 21], [10, 16, 11, 15], [12, 6, 13, 5], [14, 8, 15, 7], [16, 20, 17, 19], [18, 2, 19, 1]]"
12a_0420_178,"[[18, 2, 19, 1], [20, 10, 21, 9], [22, 4, 23, 3], [24, 18, 1, 17], [2, 24, 3, 23], [4, 12, 5, 11], [6, 14, 7, 13], [8, 22, 9, 21], [10, 16, 11, 15], [12, 6, 13, 5], [14, 8, 15, 7], [16, 20, 17, 19]]"
12a_0420_179,"[[16, 20, 17, 19], [18, 2, 19, 1], [20, 10, 21, 9], [22, 4, 23, 3], [24, 18, 1, 17], [2, 24, 3, 23], [4, 12, 5, 11], [6, 14, 7, 13], [8, 22, 9, 21], [10, 16, 11, 15], [12, 6, 13, 5], [14, 8, 15, 7]]"
12a_0420_180,"[[15, 9, 16, 8], [17, 21, 18, 20], [19, 3, 20, 2], [21, 11, 22, 10], [23, 5, 24, 4], [1, 19, 2, 18], [3, 1, 4, 24], [5, 13, 6, 12], [7, 15, 8, 14], [9, 23, 10, 22], [11, 17, 12, 16], [13, 7, 14, 6]]"
12a_0420_181,"[[13, 7, 14, 6], [15, 9, 16, 8], [17, 21, 18, 20], [19, 3, 20, 2], [21, 11, 22, 10], [23, 5, 24, 4], [1, 19, 2, 18], [3, 1, 4, 24], [5, 13, 6, 12], [7, 15, 8, 14], [9, 23, 10, 22], [11, 17, 12, 16]]"
12a_0420_182,"[[11, 17, 12, 16], [13, 7, 14, 6], [15, 9, 16, 8], [17, 21, 18, 20], [19, 3, 20, 2], [21, 11, 22, 10], [23, 5, 24, 4], [1, 19, 2, 18], [3, 1, 4, 24], [5, 13, 6, 12], [7, 15, 8, 14], [9, 23, 10, 22]]"
12a_0420_183,"[[9, 23, 10, 22], [11, 17, 12, 16], [13, 7, 14, 6], [15, 9, 16, 8], [17, 21, 18, 20], [19, 3, 20, 2], [21, 11, 22, 10], [23, 5, 24, 4], [1, 19, 2, 18], [3, 1, 4, 24], [5, 13, 6, 12], [7, 15, 8, 14]]"
12a_0420_184,"[[7, 15, 8, 14], [9, 23, 10, 22], [11, 17, 12, 16], [13, 7, 14, 6], [15, 9, 16, 8], [17, 21, 18, 20], [19, 3, 20, 2], [21, 11, 22, 10], [23, 5, 24, 4], [1, 19, 2, 18], [3, 1, 4, 24], [5, 13, 6, 12]]"
12a_0420_185,"[[5, 13, 6, 12], [7, 15, 8, 14], [9, 23, 10, 22], [11, 17, 12, 16], [13, 7, 14, 6], [15, 9, 16, 8], [17, 21, 18, 20], [19, 3, 20, 2], [21, 11, 22, 10], [23, 5, 24, 4], [1, 19, 2, 18], [3, 1, 4, 24]]"
