name,pd_notation
12a_0529_0,"[[24, 7, 1, 8], [2, 6, 3, 5], [4, 13, 5, 14], [6, 16, 7, 15], [8, 19, 9, 20], [10, 17, 11, 18], [12, 22, 13, 21], [14, 3, 15, 4], [16, 2, 17, 1], [18, 9, 19, 10], [20, 23, 21, 24], [22, 12, 23, 11]]"
12a_0529_1,"[[22, 12, 23, 11], [24, 7, 1, 8], [2, 6, 3, 5], [4, 13, 5, 14], [6, 16, 7, 15], [8, 19, 9, 20], [10, 17, 11, 18], [12, 22, 13, 21], [14, 3, 15, 4], [16, 2, 17, 1], [18, 9, 19, 10], [20, 23, 21, 24]]"
12a_0529_2,"[[20, 23, 21, 24], [22, 12, 23, 11], [24, 7, 1, 8], [2, 6, 3, 5], [4, 13, 5, 14], [6, 16, 7, 15], [8, 19, 9, 20], [10, 17, 11, 18], [12, 22, 13, 21], [14, 3, 15, 4], [16, 2, 17, 1], [18, 9, 19, 10]]"
12a_0529_3,"[[18, 9, 19, 10], [20, 23, 21, 24], [22, 12, 23, 11], [24, 7, 1, 8], [2, 6, 3, 5], [4, 13, 5, 14], [6, 16, 7, 15], [8, 19, 9, 20], [10, 17, 11, 18], [12, 22, 13, 21], [14, 3, 15, 4], [16, 2, 17, 1]]"
12a_0529_4,"[[16, 2, 17, 1], [18, 9, 19, 10], [20, 23, 21, 24], [22, 12, 23, 11], [24, 7, 1, 8], [2, 6, 3, 5], [4, 13, 5, 14], [6, 16, 7, 15], [8, 19, 9, 20], [10, 17, 11, 18], [12, 22, 13, 21], [14, 3, 15, 4]]"
12a_0529_5,"[[14, 3, 15, 4], [16, 2, 17, 1], [18, 9, 19, 10], [20, 23, 21, 24], [22, 12, 23, 11], [24, 7, 1, 8], [2, 6, 3, 5], [4, 13, 5, 14], [6, 16, 7, 15], [8, 19, 9, 20], [10, 17, 11, 18], [12, 22, 13, 21]]"
12a_0529_6,"[[12, 22, 13, 21], [14, 3, 15, 4], [16, 2, 17, 1], [18, 9, 19, 10], [20, 23, 21, 24], [22, 12, 23, 11], [24, 7, 1, 8], [2, 6, 3, 5], [4, 13, 5, 14], [6, 16, 7, 15], [8, 19, 9, 20], [10, 17, 11, 18]]"
12a_0529_7,"[[10, 17, 11, 18], [12, 22, 13, 21], [14, 3, 15, 4], [16, 2, 17, 1], [18, 9, 19, 10], [20, 23, 21, 24], [22, 12, 23, 11], [24, 7, 1, 8], [2, 6, 3, 5], [4, 13, 5, 14], [6, 16, 7, 15], [8, 19, 9, 20]]"
12a_0529_8,"[[8, 19, 9, 20], [10, 17, 11, 18], [12, 22, 13, 21], [14, 3, 15, 4], [16, 2, 17, 1], [18, 9, 19, 10], [20, 23, 21, 24], [22, 12, 23, 11], [24, 7, 1, 8], [2, 6, 3, 5], [4, 13, 5, 14], [6, 16, 7, 15]]"
12a_0529_9,"[[6, 16, 7, 15], [8, 19, 9, 20], [10, 17, 11, 18], [12, 22, 13, 21], [14, 3, 15, 4], [16, 2, 17, 1], [18, 9, 19, 10], [20, 23, 21, 24], [22, 12, 23, 11], [24, 7, 1, 8], [2, 6, 3, 5], [4, 13, 5, 14]]"
12a_0529_10,"[[4, 13, 5, 14], [6, 16, 7, 15], [8, 19, 9, 20], [10, 17, 11, 18], [12, 22, 13, 21], [14, 3, 15, 4], [16, 2, 17, 1], [18, 9, 19, 10], [20, 23, 21, 24], [22, 12, 23, 11], [24, 7, 1, 8], [2, 6, 3, 5]]"
12a_0529_11,"[[2, 6, 3, 5], [4, 13, 5, 14], [6, 16, 7, 15], [8, 19, 9, 20], [10, 17, 11, 18], [12, 22, 13, 21], [14, 3, 15, 4], [16, 2, 17, 1], [18, 9, 19, 10], [20, 23, 21, 24], [22, 12, 23, 11], [24, 7, 1, 8]]"
12a_0529_12,"[[1, 8, 2, 9], [3, 7, 4, 6], [5, 14, 6, 15], [7, 17, 8, 16], [9, 20, 10, 21], [11, 18, 12, 19], [13, 23, 14, 22], [15, 4, 16, 5], [17, 3, 18, 2], [19, 10, 20, 11], [21, 24, 22, 1], [23, 13, 24, 12]]"
12a_0529_13,"[[23, 13, 24, 12], [1, 8, 2, 9], [3, 7, 4, 6], [5, 14, 6, 15], [7, 17, 8, 16], [9, 20, 10, 21], [11, 18, 12, 19], [13, 23, 14, 22], [15, 4, 16, 5], [17, 3, 18, 2], [19, 10, 20, 11], [21, 24, 22, 1]]"
12a_0529_14,"[[21, 24, 22, 1], [23, 13, 24, 12], [1, 8, 2, 9], [3, 7, 4, 6], [5, 14, 6, 15], [7, 17, 8, 16], [9, 20, 10, 21], [11, 18, 12, 19], [13, 23, 14, 22], [15, 4, 16, 5], [17, 3, 18, 2], [19, 10, 20, 11]]"
12a_0529_15,"[[19, 10, 20, 11], [21, 24, 22, 1], [23, 13, 24, 12], [1, 8, 2, 9], [3, 7, 4, 6], [5, 14, 6, 15], [7, 17, 8, 16], [9, 20, 10, 21], [11, 18, 12, 19], [13, 23, 14, 22], [15, 4, 16, 5], [17, 3, 18, 2]]"
12a_0529_16,"[[17, 3, 18, 2], [19, 10, 20, 11], [21, 24, 22, 1], [23, 13, 24, 12], [1, 8, 2, 9], [3, 7, 4, 6], [5, 14, 6, 15], [7, 17, 8, 16], [9, 20, 10, 21], [11, 18, 12, 19], [13, 23, 14, 22], [15, 4, 16, 5]]"
12a_0529_17,"[[15, 4, 16, 5], [17, 3, 18, 2], [19, 10, 20, 11], [21, 24, 22, 1], [23, 13, 24, 12], [1, 8, 2, 9], [3, 7, 4, 6], [5, 14, 6, 15], [7, 17, 8, 16], [9, 20, 10, 21], [11, 18, 12, 19], [13, 23, 14, 22]]"
12a_0529_18,"[[13, 23, 14, 22], [15, 4, 16, 5], [17, 3, 18, 2], [19, 10, 20, 11], [21, 24, 22, 1], [23, 13, 24, 12], [1, 8, 2, 9], [3, 7, 4, 6], [5, 14, 6, 15], [7, 17, 8, 16], [9, 20, 10, 21], [11, 18, 12, 19]]"
12a_0529_19,"[[11, 18, 12, 19], [13, 23, 14, 22], [15, 4, 16, 5], [17, 3, 18, 2], [19, 10, 20, 11], [21, 24, 22, 1], [23, 13, 24, 12], [1, 8, 2, 9], [3, 7, 4, 6], [5, 14, 6, 15], [7, 17, 8, 16], [9, 20, 10, 21]]"
12a_0529_20,"[[9, 20, 10, 21], [11, 18, 12, 19], [13, 23, 14, 22], [15, 4, 16, 5], [17, 3, 18, 2], [19, 10, 20, 11], [21, 24, 22, 1], [23, 13, 24, 12], [1, 8, 2, 9], [3, 7, 4, 6], [5, 14, 6, 15], [7, 17, 8, 16]]"
12a_0529_21,"[[7, 17, 8, 16], [9, 20, 10, 21], [11, 18, 12, 19], [13, 23, 14, 22], [15, 4, 16, 5], [17, 3, 18, 2], [19, 10, 20, 11], [21, 24, 22, 1], [23, 13, 24, 12], [1, 8, 2, 9], [3, 7, 4, 6], [5, 14, 6, 15]]"
12a_0529_22,"[[5, 14, 6, 15], [7, 17, 8, 16], [9, 20, 10, 21], [11, 18, 12, 19], [13, 23, 14, 22], [15, 4, 16, 5], [17, 3, 18, 2], [19, 10, 20, 11], [21, 24, 22, 1], [23, 13, 24, 12], [1, 8, 2, 9], [3, 7, 4, 6]]"
12a_0529_23,"[[3, 7, 4, 6], [5, 14, 6, 15], [7, 17, 8, 16], [9, 20, 10, 21], [11, 18, 12, 19], [13, 23, 14, 22], [15, 4, 16, 5], [17, 3, 18, 2], [19, 10, 20, 11], [21, 24, 22, 1], [23, 13, 24, 12], [1, 8, 2, 9]]"
12a_0529_24,"[[2, 9, 3, 10], [4, 8, 5, 7], [6, 15, 7, 16], [8, 18, 9, 17], [10, 21, 11, 22], [12, 19, 13, 20], [14, 24, 15, 23], [16, 5, 17, 6], [18, 4, 19, 3], [20, 11, 21, 12], [22, 1, 23, 2], [24, 14, 1, 13]]"
12a_0529_25,"[[24, 14, 1, 13], [2, 9, 3, 10], [4, 8, 5, 7], [6, 15, 7, 16], [8, 18, 9, 17], [10, 21, 11, 22], [12, 19, 13, 20], [14, 24, 15, 23], [16, 5, 17, 6], [18, 4, 19, 3], [20, 11, 21, 12], [22, 1, 23, 2]]"
12a_0529_26,"[[22, 1, 23, 2], [24, 14, 1, 13], [2, 9, 3, 10], [4, 8, 5, 7], [6, 15, 7, 16], [8, 18, 9, 17], [10, 21, 11, 22], [12, 19, 13, 20], [14, 24, 15, 23], [16, 5, 17, 6], [18, 4, 19, 3], [20, 11, 21, 12]]"
12a_0529_27,"[[20, 11, 21, 12], [22, 1, 23, 2], [24, 14, 1, 13], [2, 9, 3, 10], [4, 8, 5, 7], [6, 15, 7, 16], [8, 18, 9, 17], [10, 21, 11, 22], [12, 19, 13, 20], [14, 24, 15, 23], [16, 5, 17, 6], [18, 4, 19, 3]]"
12a_0529_28,"[[18, 4, 19, 3], [20, 11, 21, 12], [22, 1, 23, 2], [24, 14, 1, 13], [2, 9, 3, 10], [4, 8, 5, 7], [6, 15, 7, 16], [8, 18, 9, 17], [10, 21, 11, 22], [12, 19, 13, 20], [14, 24, 15, 23], [16, 5, 17, 6]]"
12a_0529_29,"[[16, 5, 17, 6], [18, 4, 19, 3], [20, 11, 21, 12], [22, 1, 23, 2], [24, 14, 1, 13], [2, 9, 3, 10], [4, 8, 5, 7], [6, 15, 7, 16], [8, 18, 9, 17], [10, 21, 11, 22], [12, 19, 13, 20], [14, 24, 15, 23]]"
12a_0529_30,"[[14, 24, 15, 23], [16, 5, 17, 6], [18, 4, 19, 3], [20, 11, 21, 12], [22, 1, 23, 2], [24, 14, 1, 13], [2, 9, 3, 10], [4, 8, 5, 7], [6, 15, 7, 16], [8, 18, 9, 17], [10, 21, 11, 22], [12, 19, 13, 20]]"
12a_0529_31,"[[12, 19, 13, 20], [14, 24, 15, 23], [16, 5, 17, 6], [18, 4, 19, 3], [20, 11, 21, 12], [22, 1, 23, 2], [24, 14, 1, 13], [2, 9, 3, 10], [4, 8, 5, 7], [6, 15, 7, 16], [8, 18, 9, 17], [10, 21, 11, 22]]"
12a_0529_32,"[[10, 21, 11, 22], [12, 19, 13, 20], [14, 24, 15, 23], [16, 5, 17, 6], [18, 4, 19, 3], [20, 11, 21, 12], [22, 1, 23, 2], [24, 14, 1, 13], [2, 9, 3, 10], [4, 8, 5, 7], [6, 15, 7, 16], [8, 18, 9, 17]]"
12a_0529_33,"[[8, 18, 9, 17], [10, 21, 11, 22], [12, 19, 13, 20], [14, 24, 15, 23], [16, 5, 17, 6], [18, 4, 19, 3], [20, 11, 21, 12], [22, 1, 23, 2], [24, 14, 1, 13], [2, 9, 3, 10], [4, 8, 5, 7], [6, 15, 7, 16]]"
12a_0529_34,"[[6, 15, 7, 16], [8, 18, 9, 17], [10, 21, 11, 22], [12, 19, 13, 20], [14, 24, 15, 23], [16, 5, 17, 6], [18, 4, 19, 3], [20, 11, 21, 12], [22, 1, 23, 2], [24, 14, 1, 13], [2, 9, 3, 10], [4, 8, 5, 7]]"
12a_0529_35,"[[4, 8, 5, 7], [6, 15, 7, 16], [8, 18, 9, 17], [10, 21, 11, 22], [12, 19, 13, 20], [14, 24, 15, 23], [16, 5, 17, 6], [18, 4, 19, 3], [20, 11, 21, 12], [22, 1, 23, 2], [24, 14, 1, 13], [2, 9, 3, 10]]"
12a_0529_36,"[[3, 10, 4, 11], [5, 9, 6, 8], [7, 16, 8, 17], [9, 19, 10, 18], [11, 22, 12, 23], [13, 20, 14, 21], [15, 1, 16, 24], [17, 6, 18, 7], [19, 5, 20, 4], [21, 12, 22, 13], [23, 2, 24, 3], [1, 15, 2, 14]]"
12a_0529_37,"[[1, 15, 2, 14], [3, 10, 4, 11], [5, 9, 6, 8], [7, 16, 8, 17], [9, 19, 10, 18], [11, 22, 12, 23], [13, 20, 14, 21], [15, 1, 16, 24], [17, 6, 18, 7], [19, 5, 20, 4], [21, 12, 22, 13], [23, 2, 24, 3]]"
12a_0529_38,"[[23, 2, 24, 3], [1, 15, 2, 14], [3, 10, 4, 11], [5, 9, 6, 8], [7, 16, 8, 17], [9, 19, 10, 18], [11, 22, 12, 23], [13, 20, 14, 21], [15, 1, 16, 24], [17, 6, 18, 7], [19, 5, 20, 4], [21, 12, 22, 13]]"
12a_0529_39,"[[21, 12, 22, 13], [23, 2, 24, 3], [1, 15, 2, 14], [3, 10, 4, 11], [5, 9, 6, 8], [7, 16, 8, 17], [9, 19, 10, 18], [11, 22, 12, 23], [13, 20, 14, 21], [15, 1, 16, 24], [17, 6, 18, 7], [19, 5, 20, 4]]"
12a_0529_40,"[[19, 5, 20, 4], [21, 12, 22, 13], [23, 2, 24, 3], [1, 15, 2, 14], [3, 10, 4, 11], [5, 9, 6, 8], [7, 16, 8, 17], [9, 19, 10, 18], [11, 22, 12, 23], [13, 20, 14, 21], [15, 1, 16, 24], [17, 6, 18, 7]]"
12a_0529_41,"[[17, 6, 18, 7], [19, 5, 20, 4], [21, 12, 22, 13], [23, 2, 24, 3], [1, 15, 2, 14], [3, 10, 4, 11], [5, 9, 6, 8], [7, 16, 8, 17], [9, 19, 10, 18], [11, 22, 12, 23], [13, 20, 14, 21], [15, 1, 16, 24]]"
12a_0529_42,"[[15, 1, 16, 24], [17, 6, 18, 7], [19, 5, 20, 4], [21, 12, 22, 13], [23, 2, 24, 3], [1, 15, 2, 14], [3, 10, 4, 11], [5, 9, 6, 8], [7, 16, 8, 17], [9, 19, 10, 18], [11, 22, 12, 23], [13, 20, 14, 21]]"
12a_0529_43,"[[13, 20, 14, 21], [15, 1, 16, 24], [17, 6, 18, 7], [19, 5, 20, 4], [21, 12, 22, 13], [23, 2, 24, 3], [1, 15, 2, 14], [3, 10, 4, 11], [5, 9, 6, 8], [7, 16, 8, 17], [9, 19, 10, 18], [11, 22, 12, 23]]"
12a_0529_44,"[[11, 22, 12, 23], [13, 20, 14, 21], [15, 1, 16, 24], [17, 6, 18, 7], [19, 5, 20, 4], [21, 12, 22, 13], [23, 2, 24, 3], [1, 15, 2, 14], [3, 10, 4, 11], [5, 9, 6, 8], [7, 16, 8, 17], [9, 19, 10, 18]]"
12a_0529_45,"[[9, 19, 10, 18], [11, 22, 12, 23], [13, 20, 14, 21], [15, 1, 16, 24], [17, 6, 18, 7], [19, 5, 20, 4], [21, 12, 22, 13], [23, 2, 24, 3], [1, 15, 2, 14], [3, 10, 4, 11], [5, 9, 6, 8], [7, 16, 8, 17]]"
12a_0529_46,"[[7, 16, 8, 17], [9, 19, 10, 18], [11, 22, 12, 23], [13, 20, 14, 21], [15, 1, 16, 24], [17, 6, 18, 7], [19, 5, 20, 4], [21, 12, 22, 13], [23, 2, 24, 3], [1, 15, 2, 14], [3, 10, 4, 11], [5, 9, 6, 8]]"
12a_0529_47,"[[5, 9, 6, 8], [7, 16, 8, 17], [9, 19, 10, 18], [11, 22, 12, 23], [13, 20, 14, 21], [15, 1, 16, 24], [17, 6, 18, 7], [19, 5, 20, 4], [21, 12, 22, 13], [23, 2, 24, 3], [1, 15, 2, 14], [3, 10, 4, 11]]"
12a_0529_48,"[[4, 11, 5, 12], [6, 10, 7, 9], [8, 17, 9, 18], [10, 20, 11, 19], [12, 23, 13, 24], [14, 21, 15, 22], [16, 2, 17, 1], [18, 7, 19, 8], [20, 6, 21, 5], [22, 13, 23, 14], [24, 3, 1, 4], [2, 16, 3, 15]]"
12a_0529_49,"[[2, 16, 3, 15], [4, 11, 5, 12], [6, 10, 7, 9], [8, 17, 9, 18], [10, 20, 11, 19], [12, 23, 13, 24], [14, 21, 15, 22], [16, 2, 17, 1], [18, 7, 19, 8], [20, 6, 21, 5], [22, 13, 23, 14], [24, 3, 1, 4]]"
12a_0529_50,"[[24, 3, 1, 4], [2, 16, 3, 15], [4, 11, 5, 12], [6, 10, 7, 9], [8, 17, 9, 18], [10, 20, 11, 19], [12, 23, 13, 24], [14, 21, 15, 22], [16, 2, 17, 1], [18, 7, 19, 8], [20, 6, 21, 5], [22, 13, 23, 14]]"
12a_0529_51,"[[22, 13, 23, 14], [24, 3, 1, 4], [2, 16, 3, 15], [4, 11, 5, 12], [6, 10, 7, 9], [8, 17, 9, 18], [10, 20, 11, 19], [12, 23, 13, 24], [14, 21, 15, 22], [16, 2, 17, 1], [18, 7, 19, 8], [20, 6, 21, 5]]"
12a_0529_52,"[[20, 6, 21, 5], [22, 13, 23, 14], [24, 3, 1, 4], [2, 16, 3, 15], [4, 11, 5, 12], [6, 10, 7, 9], [8, 17, 9, 18], [10, 20, 11, 19], [12, 23, 13, 24], [14, 21, 15, 22], [16, 2, 17, 1], [18, 7, 19, 8]]"
12a_0529_53,"[[18, 7, 19, 8], [20, 6, 21, 5], [22, 13, 23, 14], [24, 3, 1, 4], [2, 16, 3, 15], [4, 11, 5, 12], [6, 10, 7, 9], [8, 17, 9, 18], [10, 20, 11, 19], [12, 23, 13, 24], [14, 21, 15, 22], [16, 2, 17, 1]]"
12a_0529_54,"[[16, 2, 17, 1], [18, 7, 19, 8], [20, 6, 21, 5], [22, 13, 23, 14], [24, 3, 1, 4], [2, 16, 3, 15], [4, 11, 5, 12], [6, 10, 7, 9], [8, 17, 9, 18], [10, 20, 11, 19], [12, 23, 13, 24], [14, 21, 15, 22]]"
12a_0529_55,"[[14, 21, 15, 22], [16, 2, 17, 1], [18, 7, 19, 8], [20, 6, 21, 5], [22, 13, 23, 14], [24, 3, 1, 4], [2, 16, 3, 15], [4, 11, 5, 12], [6, 10, 7, 9], [8, 17, 9, 18], [10, 20, 11, 19], [12, 23, 13, 24]]"
12a_0529_56,"[[12, 23, 13, 24], [14, 21, 15, 22], [16, 2, 17, 1], [18, 7, 19, 8], [20, 6, 21, 5], [22, 13, 23, 14], [24, 3, 1, 4], [2, 16, 3, 15], [4, 11, 5, 12], [6, 10, 7, 9], [8, 17, 9, 18], [10, 20, 11, 19]]"
12a_0529_57,"[[10, 20, 11, 19], [12, 23, 13, 24], [14, 21, 15, 22], [16, 2, 17, 1], [18, 7, 19, 8], [20, 6, 21, 5], [22, 13, 23, 14], [24, 3, 1, 4], [2, 16, 3, 15], [4, 11, 5, 12], [6, 10, 7, 9], [8, 17, 9, 18]]"
12a_0529_58,"[[8, 17, 9, 18], [10, 20, 11, 19], [12, 23, 13, 24], [14, 21, 15, 22], [16, 2, 17, 1], [18, 7, 19, 8], [20, 6, 21, 5], [22, 13, 23, 14], [24, 3, 1, 4], [2, 16, 3, 15], [4, 11, 5, 12], [6, 10, 7, 9]]"
12a_0529_59,"[[6, 10, 7, 9], [8, 17, 9, 18], [10, 20, 11, 19], [12, 23, 13, 24], [14, 21, 15, 22], [16, 2, 17, 1], [18, 7, 19, 8], [20, 6, 21, 5], [22, 13, 23, 14], [24, 3, 1, 4], [2, 16, 3, 15], [4, 11, 5, 12]]"
12a_0529_60,"[[5, 12, 6, 13], [7, 11, 8, 10], [9, 18, 10, 19], [11, 21, 12, 20], [13, 24, 14, 1], [15, 22, 16, 23], [17, 3, 18, 2], [19, 8, 20, 9], [21, 7, 22, 6], [23, 14, 24, 15], [1, 4, 2, 5], [3, 17, 4, 16]]"
12a_0529_61,"[[3, 17, 4, 16], [5, 12, 6, 13], [7, 11, 8, 10], [9, 18, 10, 19], [11, 21, 12, 20], [13, 24, 14, 1], [15, 22, 16, 23], [17, 3, 18, 2], [19, 8, 20, 9], [21, 7, 22, 6], [23, 14, 24, 15], [1, 4, 2, 5]]"
12a_0529_62,"[[1, 4, 2, 5], [3, 17, 4, 16], [5, 12, 6, 13], [7, 11, 8, 10], [9, 18, 10, 19], [11, 21, 12, 20], [13, 24, 14, 1], [15, 22, 16, 23], [17, 3, 18, 2], [19, 8, 20, 9], [21, 7, 22, 6], [23, 14, 24, 15]]"
12a_0529_63,"[[23, 14, 24, 15], [1, 4, 2, 5], [3, 17, 4, 16], [5, 12, 6, 13], [7, 11, 8, 10], [9, 18, 10, 19], [11, 21, 12, 20], [13, 24, 14, 1], [15, 22, 16, 23], [17, 3, 18, 2], [19, 8, 20, 9], [21, 7, 22, 6]]"
12a_0529_64,"[[21, 7, 22, 6], [23, 14, 24, 15], [1, 4, 2, 5], [3, 17, 4, 16], [5, 12, 6, 13], [7, 11, 8, 10], [9, 18, 10, 19], [11, 21, 12, 20], [13, 24, 14, 1], [15, 22, 16, 23], [17, 3, 18, 2], [19, 8, 20, 9]]"
12a_0529_65,"[[19, 8, 20, 9], [21, 7, 22, 6], [23, 14, 24, 15], [1, 4, 2, 5], [3, 17, 4, 16], [5, 12, 6, 13], [7, 11, 8, 10], [9, 18, 10, 19], [11, 21, 12, 20], [13, 24, 14, 1], [15, 22, 16, 23], [17, 3, 18, 2]]"
12a_0529_66,"[[17, 3, 18, 2], [19, 8, 20, 9], [21, 7, 22, 6], [23, 14, 24, 15], [1, 4, 2, 5], [3, 17, 4, 16], [5, 12, 6, 13], [7, 11, 8, 10], [9, 18, 10, 19], [11, 21, 12, 20], [13, 24, 14, 1], [15, 22, 16, 23]]"
12a_0529_67,"[[15, 22, 16, 23], [17, 3, 18, 2], [19, 8, 20, 9], [21, 7, 22, 6], [23, 14, 24, 15], [1, 4, 2, 5], [3, 17, 4, 16], [5, 12, 6, 13], [7, 11, 8, 10], [9, 18, 10, 19], [11, 21, 12, 20], [13, 24, 14, 1]]"
12a_0529_68,"[[13, 24, 14, 1], [15, 22, 16, 23], [17, 3, 18, 2], [19, 8, 20, 9], [21, 7, 22, 6], [23, 14, 24, 15], [1, 4, 2, 5], [3, 17, 4, 16], [5, 12, 6, 13], [7, 11, 8, 10], [9, 18, 10, 19], [11, 21, 12, 20]]"
12a_0529_69,"[[11, 21, 12, 20], [13, 24, 14, 1], [15, 22, 16, 23], [17, 3, 18, 2], [19, 8, 20, 9], [21, 7, 22, 6], [23, 14, 24, 15], [1, 4, 2, 5], [3, 17, 4, 16], [5, 12, 6, 13], [7, 11, 8, 10], [9, 18, 10, 19]]"
12a_0529_70,"[[9, 18, 10, 19], [11, 21, 12, 20], [13, 24, 14, 1], [15, 22, 16, 23], [17, 3, 18, 2], [19, 8, 20, 9], [21, 7, 22, 6], [23, 14, 24, 15], [1, 4, 2, 5], [3, 17, 4, 16], [5, 12, 6, 13], [7, 11, 8, 10]]"
12a_0529_71,"[[7, 11, 8, 10], [9, 18, 10, 19], [11, 21, 12, 20], [13, 24, 14, 1], [15, 22, 16, 23], [17, 3, 18, 2], [19, 8, 20, 9], [21, 7, 22, 6], [23, 14, 24, 15], [1, 4, 2, 5], [3, 17, 4, 16], [5, 12, 6, 13]]"
12a_0529_72,"[[6, 13, 7, 14], [8, 12, 9, 11], [10, 19, 11, 20], [12, 22, 13, 21], [14, 1, 15, 2], [16, 23, 17, 24], [18, 4, 19, 3], [20, 9, 21, 10], [22, 8, 23, 7], [24, 15, 1, 16], [2, 5, 3, 6], [4, 18, 5, 17]]"
12a_0529_73,"[[4, 18, 5, 17], [6, 13, 7, 14], [8, 12, 9, 11], [10, 19, 11, 20], [12, 22, 13, 21], [14, 1, 15, 2], [16, 23, 17, 24], [18, 4, 19, 3], [20, 9, 21, 10], [22, 8, 23, 7], [24, 15, 1, 16], [2, 5, 3, 6]]"
12a_0529_74,"[[2, 5, 3, 6], [4, 18, 5, 17], [6, 13, 7, 14], [8, 12, 9, 11], [10, 19, 11, 20], [12, 22, 13, 21], [14, 1, 15, 2], [16, 23, 17, 24], [18, 4, 19, 3], [20, 9, 21, 10], [22, 8, 23, 7], [24, 15, 1, 16]]"
12a_0529_75,"[[24, 15, 1, 16], [2, 5, 3, 6], [4, 18, 5, 17], [6, 13, 7, 14], [8, 12, 9, 11], [10, 19, 11, 20], [12, 22, 13, 21], [14, 1, 15, 2], [16, 23, 17, 24], [18, 4, 19, 3], [20, 9, 21, 10], [22, 8, 23, 7]]"
12a_0529_76,"[[22, 8, 23, 7], [24, 15, 1, 16], [2, 5, 3, 6], [4, 18, 5, 17], [6, 13, 7, 14], [8, 12, 9, 11], [10, 19, 11, 20], [12, 22, 13, 21], [14, 1, 15, 2], [16, 23, 17, 24], [18, 4, 19, 3], [20, 9, 21, 10]]"
12a_0529_77,"[[20, 9, 21, 10], [22, 8, 23, 7], [24, 15, 1, 16], [2, 5, 3, 6], [4, 18, 5, 17], [6, 13, 7, 14], [8, 12, 9, 11], [10, 19, 11, 20], [12, 22, 13, 21], [14, 1, 15, 2], [16, 23, 17, 24], [18, 4, 19, 3]]"
12a_0529_78,"[[18, 4, 19, 3], [20, 9, 21, 10], [22, 8, 23, 7], [24, 15, 1, 16], [2, 5, 3, 6], [4, 18, 5, 17], [6, 13, 7, 14], [8, 12, 9, 11], [10, 19, 11, 20], [12, 22, 13, 21], [14, 1, 15, 2], [16, 23, 17, 24]]"
12a_0529_79,"[[16, 23, 17, 24], [18, 4, 19, 3], [20, 9, 21, 10], [22, 8, 23, 7], [24, 15, 1, 16], [2, 5, 3, 6], [4, 18, 5, 17], [6, 13, 7, 14], [8, 12, 9, 11], [10, 19, 11, 20], [12, 22, 13, 21], [14, 1, 15, 2]]"
12a_0529_80,"[[14, 1, 15, 2], [16, 23, 17, 24], [18, 4, 19, 3], [20, 9, 21, 10], [22, 8, 23, 7], [24, 15, 1, 16], [2, 5, 3, 6], [4, 18, 5, 17], [6, 13, 7, 14], [8, 12, 9, 11], [10, 19, 11, 20], [12, 22, 13, 21]]"
12a_0529_81,"[[12, 22, 13, 21], [14, 1, 15, 2], [16, 23, 17, 24], [18, 4, 19, 3], [20, 9, 21, 10], [22, 8, 23, 7], [24, 15, 1, 16], [2, 5, 3, 6], [4, 18, 5, 17], [6, 13, 7, 14], [8, 12, 9, 11], [10, 19, 11, 20]]"
12a_0529_82,"[[10, 19, 11, 20], [12, 22, 13, 21], [14, 1, 15, 2], [16, 23, 17, 24], [18, 4, 19, 3], [20, 9, 21, 10], [22, 8, 23, 7], [24, 15, 1, 16], [2, 5, 3, 6], [4, 18, 5, 17], [6, 13, 7, 14], [8, 12, 9, 11]]"
12a_0529_83,"[[8, 12, 9, 11], [10, 19, 11, 20], [12, 22, 13, 21], [14, 1, 15, 2], [16, 23, 17, 24], [18, 4, 19, 3], [20, 9, 21, 10], [22, 8, 23, 7], [24, 15, 1, 16], [2, 5, 3, 6], [4, 18, 5, 17], [6, 13, 7, 14]]"
12a_0529_84,"[[7, 14, 8, 15], [9, 13, 10, 12], [11, 20, 12, 21], [13, 23, 14, 22], [15, 2, 16, 3], [17, 24, 18, 1], [19, 5, 20, 4], [21, 10, 22, 11], [23, 9, 24, 8], [1, 16, 2, 17], [3, 6, 4, 7], [5, 19, 6, 18]]"
12a_0529_85,"[[5, 19, 6, 18], [7, 14, 8, 15], [9, 13, 10, 12], [11, 20, 12, 21], [13, 23, 14, 22], [15, 2, 16, 3], [17, 24, 18, 1], [19, 5, 20, 4], [21, 10, 22, 11], [23, 9, 24, 8], [1, 16, 2, 17], [3, 6, 4, 7]]"
12a_0529_86,"[[3, 6, 4, 7], [5, 19, 6, 18], [7, 14, 8, 15], [9, 13, 10, 12], [11, 20, 12, 21], [13, 23, 14, 22], [15, 2, 16, 3], [17, 24, 18, 1], [19, 5, 20, 4], [21, 10, 22, 11], [23, 9, 24, 8], [1, 16, 2, 17]]"
12a_0529_87,"[[1, 16, 2, 17], [3, 6, 4, 7], [5, 19, 6, 18], [7, 14, 8, 15], [9, 13, 10, 12], [11, 20, 12, 21], [13, 23, 14, 22], [15, 2, 16, 3], [17, 24, 18, 1], [19, 5, 20, 4], [21, 10, 22, 11], [23, 9, 24, 8]]"
12a_0529_88,"[[23, 9, 24, 8], [1, 16, 2, 17], [3, 6, 4, 7], [5, 19, 6, 18], [7, 14, 8, 15], [9, 13, 10, 12], [11, 20, 12, 21], [13, 23, 14, 22], [15, 2, 16, 3], [17, 24, 18, 1], [19, 5, 20, 4], [21, 10, 22, 11]]"
12a_0529_89,"[[21, 10, 22, 11], [23, 9, 24, 8], [1, 16, 2, 17], [3, 6, 4, 7], [5, 19, 6, 18], [7, 14, 8, 15], [9, 13, 10, 12], [11, 20, 12, 21], [13, 23, 14, 22], [15, 2, 16, 3], [17, 24, 18, 1], [19, 5, 20, 4]]"
12a_0529_90,"[[19, 5, 20, 4], [21, 10, 22, 11], [23, 9, 24, 8], [1, 16, 2, 17], [3, 6, 4, 7], [5, 19, 6, 18], [7, 14, 8, 15], [9, 13, 10, 12], [11, 20, 12, 21], [13, 23, 14, 22], [15, 2, 16, 3], [17, 24, 18, 1]]"
12a_0529_91,"[[17, 24, 18, 1], [19, 5, 20, 4], [21, 10, 22, 11], [23, 9, 24, 8], [1, 16, 2, 17], [3, 6, 4, 7], [5, 19, 6, 18], [7, 14, 8, 15], [9, 13, 10, 12], [11, 20, 12, 21], [13, 23, 14, 22], [15, 2, 16, 3]]"
12a_0529_92,"[[15, 2, 16, 3], [17, 24, 18, 1], [19, 5, 20, 4], [21, 10, 22, 11], [23, 9, 24, 8], [1, 16, 2, 17], [3, 6, 4, 7], [5, 19, 6, 18], [7, 14, 8, 15], [9, 13, 10, 12], [11, 20, 12, 21], [13, 23, 14, 22]]"
12a_0529_93,"[[13, 23, 14, 22], [15, 2, 16, 3], [17, 24, 18, 1], [19, 5, 20, 4], [21, 10, 22, 11], [23, 9, 24, 8], [1, 16, 2, 17], [3, 6, 4, 7], [5, 19, 6, 18], [7, 14, 8, 15], [9, 13, 10, 12], [11, 20, 12, 21]]"
12a_0529_94,"[[11, 20, 12, 21], [13, 23, 14, 22], [15, 2, 16, 3], [17, 24, 18, 1], [19, 5, 20, 4], [21, 10, 22, 11], [23, 9, 24, 8], [1, 16, 2, 17], [3, 6, 4, 7], [5, 19, 6, 18], [7, 14, 8, 15], [9, 13, 10, 12]]"
12a_0529_95,"[[9, 13, 10, 12], [11, 20, 12, 21], [13, 23, 14, 22], [15, 2, 16, 3], [17, 24, 18, 1], [19, 5, 20, 4], [21, 10, 22, 11], [23, 9, 24, 8], [1, 16, 2, 17], [3, 6, 4, 7], [5, 19, 6, 18], [7, 14, 8, 15]]"
12a_0529_96,"[[8, 15, 9, 16], [10, 14, 11, 13], [12, 21, 13, 22], [14, 24, 15, 23], [16, 3, 17, 4], [18, 1, 19, 2], [20, 6, 21, 5], [22, 11, 23, 12], [24, 10, 1, 9], [2, 17, 3, 18], [4, 7, 5, 8], [6, 20, 7, 19]]"
12a_0529_97,"[[6, 20, 7, 19], [8, 15, 9, 16], [10, 14, 11, 13], [12, 21, 13, 22], [14, 24, 15, 23], [16, 3, 17, 4], [18, 1, 19, 2], [20, 6, 21, 5], [22, 11, 23, 12], [24, 10, 1, 9], [2, 17, 3, 18], [4, 7, 5, 8]]"
12a_0529_98,"[[4, 7, 5, 8], [6, 20, 7, 19], [8, 15, 9, 16], [10, 14, 11, 13], [12, 21, 13, 22], [14, 24, 15, 23], [16, 3, 17, 4], [18, 1, 19, 2], [20, 6, 21, 5], [22, 11, 23, 12], [24, 10, 1, 9], [2, 17, 3, 18]]"
12a_0529_99,"[[2, 17, 3, 18], [4, 7, 5, 8], [6, 20, 7, 19], [8, 15, 9, 16], [10, 14, 11, 13], [12, 21, 13, 22], [14, 24, 15, 23], [16, 3, 17, 4], [18, 1, 19, 2], [20, 6, 21, 5], [22, 11, 23, 12], [24, 10, 1, 9]]"
12a_0529_100,"[[24, 10, 1, 9], [2, 17, 3, 18], [4, 7, 5, 8], [6, 20, 7, 19], [8, 15, 9, 16], [10, 14, 11, 13], [12, 21, 13, 22], [14, 24, 15, 23], [16, 3, 17, 4], [18, 1, 19, 2], [20, 6, 21, 5], [22, 11, 23, 12]]"
12a_0529_101,"[[22, 11, 23, 12], [24, 10, 1, 9], [2, 17, 3, 18], [4, 7, 5, 8], [6, 20, 7, 19], [8, 15, 9, 16], [10, 14, 11, 13], [12, 21, 13, 22], [14, 24, 15, 23], [16, 3, 17, 4], [18, 1, 19, 2], [20, 6, 21, 5]]"
12a_0529_102,"[[20, 6, 21, 5], [22, 11, 23, 12], [24, 10, 1, 9], [2, 17, 3, 18], [4, 7, 5, 8], [6, 20, 7, 19], [8, 15, 9, 16], [10, 14, 11, 13], [12, 21, 13, 22], [14, 24, 15, 23], [16, 3, 17, 4], [18, 1, 19, 2]]"
12a_0529_103,"[[18, 1, 19, 2], [20, 6, 21, 5], [22, 11, 23, 12], [24, 10, 1, 9], [2, 17, 3, 18], [4, 7, 5, 8], [6, 20, 7, 19], [8, 15, 9, 16], [10, 14, 11, 13], [12, 21, 13, 22], [14, 24, 15, 23], [16, 3, 17, 4]]"
12a_0529_104,"[[16, 3, 17, 4], [18, 1, 19, 2], [20, 6, 21, 5], [22, 11, 23, 12], [24, 10, 1, 9], [2, 17, 3, 18], [4, 7, 5, 8], [6, 20, 7, 19], [8, 15, 9, 16], [10, 14, 11, 13], [12, 21, 13, 22], [14, 24, 15, 23]]"
12a_0529_105,"[[14, 24, 15, 23], [16, 3, 17, 4], [18, 1, 19, 2], [20, 6, 21, 5], [22, 11, 23, 12], [24, 10, 1, 9], [2, 17, 3, 18], [4, 7, 5, 8], [6, 20, 7, 19], [8, 15, 9, 16], [10, 14, 11, 13], [12, 21, 13, 22]]"
12a_0529_106,"[[12, 21, 13, 22], [14, 24, 15, 23], [16, 3, 17, 4], [18, 1, 19, 2], [20, 6, 21, 5], [22, 11, 23, 12], [24, 10, 1, 9], [2, 17, 3, 18], [4, 7, 5, 8], [6, 20, 7, 19], [8, 15, 9, 16], [10, 14, 11, 13]]"
12a_0529_107,"[[10, 14, 11, 13], [12, 21, 13, 22], [14, 24, 15, 23], [16, 3, 17, 4], [18, 1, 19, 2], [20, 6, 21, 5], [22, 11, 23, 12], [24, 10, 1, 9], [2, 17, 3, 18], [4, 7, 5, 8], [6, 20, 7, 19], [8, 15, 9, 16]]"
12a_0529_108,"[[9, 16, 10, 17], [11, 15, 12, 14], [13, 22, 14, 23], [15, 1, 16, 24], [17, 4, 18, 5], [19, 2, 20, 3], [21, 7, 22, 6], [23, 12, 24, 13], [1, 11, 2, 10], [3, 18, 4, 19], [5, 8, 6, 9], [7, 21, 8, 20]]"
12a_0529_109,"[[7, 21, 8, 20], [9, 16, 10, 17], [11, 15, 12, 14], [13, 22, 14, 23], [15, 1, 16, 24], [17, 4, 18, 5], [19, 2, 20, 3], [21, 7, 22, 6], [23, 12, 24, 13], [1, 11, 2, 10], [3, 18, 4, 19], [5, 8, 6, 9]]"
12a_0529_110,"[[5, 8, 6, 9], [7, 21, 8, 20], [9, 16, 10, 17], [11, 15, 12, 14], [13, 22, 14, 23], [15, 1, 16, 24], [17, 4, 18, 5], [19, 2, 20, 3], [21, 7, 22, 6], [23, 12, 24, 13], [1, 11, 2, 10], [3, 18, 4, 19]]"
12a_0529_111,"[[3, 18, 4, 19], [5, 8, 6, 9], [7, 21, 8, 20], [9, 16, 10, 17], [11, 15, 12, 14], [13, 22, 14, 23], [15, 1, 16, 24], [17, 4, 18, 5], [19, 2, 20, 3], [21, 7, 22, 6], [23, 12, 24, 13], [1, 11, 2, 10]]"
12a_0529_112,"[[1, 11, 2, 10], [3, 18, 4, 19], [5, 8, 6, 9], [7, 21, 8, 20], [9, 16, 10, 17], [11, 15, 12, 14], [13, 22, 14, 23], [15, 1, 16, 24], [17, 4, 18, 5], [19, 2, 20, 3], [21, 7, 22, 6], [23, 12, 24, 13]]"
12a_0529_113,"[[23, 12, 24, 13], [1, 11, 2, 10], [3, 18, 4, 19], [5, 8, 6, 9], [7, 21, 8, 20], [9, 16, 10, 17], [11, 15, 12, 14], [13, 22, 14, 23], [15, 1, 16, 24], [17, 4, 18, 5], [19, 2, 20, 3], [21, 7, 22, 6]]"
12a_0529_114,"[[21, 7, 22, 6], [23, 12, 24, 13], [1, 11, 2, 10], [3, 18, 4, 19], [5, 8, 6, 9], [7, 21, 8, 20], [9, 16, 10, 17], [11, 15, 12, 14], [13, 22, 14, 23], [15, 1, 16, 24], [17, 4, 18, 5], [19, 2, 20, 3]]"
12a_0529_115,"[[19, 2, 20, 3], [21, 7, 22, 6], [23, 12, 24, 13], [1, 11, 2, 10], [3, 18, 4, 19], [5, 8, 6, 9], [7, 21, 8, 20], [9, 16, 10, 17], [11, 15, 12, 14], [13, 22, 14, 23], [15, 1, 16, 24], [17, 4, 18, 5]]"
12a_0529_116,"[[17, 4, 18, 5], [19, 2, 20, 3], [21, 7, 22, 6], [23, 12, 24, 13], [1, 11, 2, 10], [3, 18, 4, 19], [5, 8, 6, 9], [7, 21, 8, 20], [9, 16, 10, 17], [11, 15, 12, 14], [13, 22, 14, 23], [15, 1, 16, 24]]"
12a_0529_117,"[[15, 1, 16, 24], [17, 4, 18, 5], [19, 2, 20, 3], [21, 7, 22, 6], [23, 12, 24, 13], [1, 11, 2, 10], [3, 18, 4, 19], [5, 8, 6, 9], [7, 21, 8, 20], [9, 16, 10, 17], [11, 15, 12, 14], [13, 22, 14, 23]]"
12a_0529_118,"[[13, 22, 14, 23], [15, 1, 16, 24], [17, 4, 18, 5], [19, 2, 20, 3], [21, 7, 22, 6], [23, 12, 24, 13], [1, 11, 2, 10], [3, 18, 4, 19], [5, 8, 6, 9], [7, 21, 8, 20], [9, 16, 10, 17], [11, 15, 12, 14]]"
12a_0529_119,"[[11, 15, 12, 14], [13, 22, 14, 23], [15, 1, 16, 24], [17, 4, 18, 5], [19, 2, 20, 3], [21, 7, 22, 6], [23, 12, 24, 13], [1, 11, 2, 10], [3, 18, 4, 19], [5, 8, 6, 9], [7, 21, 8, 20], [9, 16, 10, 17]]"
12a_0529_120,"[[10, 17, 11, 18], [12, 16, 13, 15], [14, 23, 15, 24], [16, 2, 17, 1], [18, 5, 19, 6], [20, 3, 21, 4], [22, 8, 23, 7], [24, 13, 1, 14], [2, 12, 3, 11], [4, 19, 5, 20], [6, 9, 7, 10], [8, 22, 9, 21]]"
12a_0529_121,"[[8, 22, 9, 21], [10, 17, 11, 18], [12, 16, 13, 15], [14, 23, 15, 24], [16, 2, 17, 1], [18, 5, 19, 6], [20, 3, 21, 4], [22, 8, 23, 7], [24, 13, 1, 14], [2, 12, 3, 11], [4, 19, 5, 20], [6, 9, 7, 10]]"
12a_0529_122,"[[6, 9, 7, 10], [8, 22, 9, 21], [10, 17, 11, 18], [12, 16, 13, 15], [14, 23, 15, 24], [16, 2, 17, 1], [18, 5, 19, 6], [20, 3, 21, 4], [22, 8, 23, 7], [24, 13, 1, 14], [2, 12, 3, 11], [4, 19, 5, 20]]"
12a_0529_123,"[[4, 19, 5, 20], [6, 9, 7, 10], [8, 22, 9, 21], [10, 17, 11, 18], [12, 16, 13, 15], [14, 23, 15, 24], [16, 2, 17, 1], [18, 5, 19, 6], [20, 3, 21, 4], [22, 8, 23, 7], [24, 13, 1, 14], [2, 12, 3, 11]]"
12a_0529_124,"[[2, 12, 3, 11], [4, 19, 5, 20], [6, 9, 7, 10], [8, 22, 9, 21], [10, 17, 11, 18], [12, 16, 13, 15], [14, 23, 15, 24], [16, 2, 17, 1], [18, 5, 19, 6], [20, 3, 21, 4], [22, 8, 23, 7], [24, 13, 1, 14]]"
12a_0529_125,"[[24, 13, 1, 14], [2, 12, 3, 11], [4, 19, 5, 20], [6, 9, 7, 10], [8, 22, 9, 21], [10, 17, 11, 18], [12, 16, 13, 15], [14, 23, 15, 24], [16, 2, 17, 1], [18, 5, 19, 6], [20, 3, 21, 4], [22, 8, 23, 7]]"
12a_0529_126,"[[22, 8, 23, 7], [24, 13, 1, 14], [2, 12, 3, 11], [4, 19, 5, 20], [6, 9, 7, 10], [8, 22, 9, 21], [10, 17, 11, 18], [12, 16, 13, 15], [14, 23, 15, 24], [16, 2, 17, 1], [18, 5, 19, 6], [20, 3, 21, 4]]"
12a_0529_127,"[[20, 3, 21, 4], [22, 8, 23, 7], [24, 13, 1, 14], [2, 12, 3, 11], [4, 19, 5, 20], [6, 9, 7, 10], [8, 22, 9, 21], [10, 17, 11, 18], [12, 16, 13, 15], [14, 23, 15, 24], [16, 2, 17, 1], [18, 5, 19, 6]]"
12a_0529_128,"[[18, 5, 19, 6], [20, 3, 21, 4], [22, 8, 23, 7], [24, 13, 1, 14], [2, 12, 3, 11], [4, 19, 5, 20], [6, 9, 7, 10], [8, 22, 9, 21], [10, 17, 11, 18], [12, 16, 13, 15], [14, 23, 15, 24], [16, 2, 17, 1]]"
12a_0529_129,"[[16, 2, 17, 1], [18, 5, 19, 6], [20, 3, 21, 4], [22, 8, 23, 7], [24, 13, 1, 14], [2, 12, 3, 11], [4, 19, 5, 20], [6, 9, 7, 10], [8, 22, 9, 21], [10, 17, 11, 18], [12, 16, 13, 15], [14, 23, 15, 24]]"
12a_0529_130,"[[14, 23, 15, 24], [16, 2, 17, 1], [18, 5, 19, 6], [20, 3, 21, 4], [22, 8, 23, 7], [24, 13, 1, 14], [2, 12, 3, 11], [4, 19, 5, 20], [6, 9, 7, 10], [8, 22, 9, 21], [10, 17, 11, 18], [12, 16, 13, 15]]"
12a_0529_131,"[[12, 16, 13, 15], [14, 23, 15, 24], [16, 2, 17, 1], [18, 5, 19, 6], [20, 3, 21, 4], [22, 8, 23, 7], [24, 13, 1, 14], [2, 12, 3, 11], [4, 19, 5, 20], [6, 9, 7, 10], [8, 22, 9, 21], [10, 17, 11, 18]]"
12a_0529_132,"[[11, 18, 12, 19], [13, 17, 14, 16], [15, 24, 16, 1], [17, 3, 18, 2], [19, 6, 20, 7], [21, 4, 22, 5], [23, 9, 24, 8], [1, 14, 2, 15], [3, 13, 4, 12], [5, 20, 6, 21], [7, 10, 8, 11], [9, 23, 10, 22]]"
12a_0529_133,"[[9, 23, 10, 22], [11, 18, 12, 19], [13, 17, 14, 16], [15, 24, 16, 1], [17, 3, 18, 2], [19, 6, 20, 7], [21, 4, 22, 5], [23, 9, 24, 8], [1, 14, 2, 15], [3, 13, 4, 12], [5, 20, 6, 21], [7, 10, 8, 11]]"
12a_0529_134,"[[7, 10, 8, 11], [9, 23, 10, 22], [11, 18, 12, 19], [13, 17, 14, 16], [15, 24, 16, 1], [17, 3, 18, 2], [19, 6, 20, 7], [21, 4, 22, 5], [23, 9, 24, 8], [1, 14, 2, 15], [3, 13, 4, 12], [5, 20, 6, 21]]"
12a_0529_135,"[[5, 20, 6, 21], [7, 10, 8, 11], [9, 23, 10, 22], [11, 18, 12, 19], [13, 17, 14, 16], [15, 24, 16, 1], [17, 3, 18, 2], [19, 6, 20, 7], [21, 4, 22, 5], [23, 9, 24, 8], [1, 14, 2, 15], [3, 13, 4, 12]]"
12a_0529_136,"[[3, 13, 4, 12], [5, 20, 6, 21], [7, 10, 8, 11], [9, 23, 10, 22], [11, 18, 12, 19], [13, 17, 14, 16], [15, 24, 16, 1], [17, 3, 18, 2], [19, 6, 20, 7], [21, 4, 22, 5], [23, 9, 24, 8], [1, 14, 2, 15]]"
12a_0529_137,"[[1, 14, 2, 15], [3, 13, 4, 12], [5, 20, 6, 21], [7, 10, 8, 11], [9, 23, 10, 22], [11, 18, 12, 19], [13, 17, 14, 16], [15, 24, 16, 1], [17, 3, 18, 2], [19, 6, 20, 7], [21, 4, 22, 5], [23, 9, 24, 8]]"
12a_0529_138,"[[23, 9, 24, 8], [1, 14, 2, 15], [3, 13, 4, 12], [5, 20, 6, 21], [7, 10, 8, 11], [9, 23, 10, 22], [11, 18, 12, 19], [13, 17, 14, 16], [15, 24, 16, 1], [17, 3, 18, 2], [19, 6, 20, 7], [21, 4, 22, 5]]"
12a_0529_139,"[[21, 4, 22, 5], [23, 9, 24, 8], [1, 14, 2, 15], [3, 13, 4, 12], [5, 20, 6, 21], [7, 10, 8, 11], [9, 23, 10, 22], [11, 18, 12, 19], [13, 17, 14, 16], [15, 24, 16, 1], [17, 3, 18, 2], [19, 6, 20, 7]]"
12a_0529_140,"[[19, 6, 20, 7], [21, 4, 22, 5], [23, 9, 24, 8], [1, 14, 2, 15], [3, 13, 4, 12], [5, 20, 6, 21], [7, 10, 8, 11], [9, 23, 10, 22], [11, 18, 12, 19], [13, 17, 14, 16], [15, 24, 16, 1], [17, 3, 18, 2]]"
12a_0529_141,"[[17, 3, 18, 2], [19, 6, 20, 7], [21, 4, 22, 5], [23, 9, 24, 8], [1, 14, 2, 15], [3, 13, 4, 12], [5, 20, 6, 21], [7, 10, 8, 11], [9, 23, 10, 22], [11, 18, 12, 19], [13, 17, 14, 16], [15, 24, 16, 1]]"
12a_0529_142,"[[15, 24, 16, 1], [17, 3, 18, 2], [19, 6, 20, 7], [21, 4, 22, 5], [23, 9, 24, 8], [1, 14, 2, 15], [3, 13, 4, 12], [5, 20, 6, 21], [7, 10, 8, 11], [9, 23, 10, 22], [11, 18, 12, 19], [13, 17, 14, 16]]"
12a_0529_143,"[[13, 17, 14, 16], [15, 24, 16, 1], [17, 3, 18, 2], [19, 6, 20, 7], [21, 4, 22, 5], [23, 9, 24, 8], [1, 14, 2, 15], [3, 13, 4, 12], [5, 20, 6, 21], [7, 10, 8, 11], [9, 23, 10, 22], [11, 18, 12, 19]]"
12a_0529_144,"[[12, 19, 13, 20], [14, 18, 15, 17], [16, 1, 17, 2], [18, 4, 19, 3], [20, 7, 21, 8], [22, 5, 23, 6], [24, 10, 1, 9], [2, 15, 3, 16], [4, 14, 5, 13], [6, 21, 7, 22], [8, 11, 9, 12], [10, 24, 11, 23]]"
12a_0529_145,"[[10, 24, 11, 23], [12, 19, 13, 20], [14, 18, 15, 17], [16, 1, 17, 2], [18, 4, 19, 3], [20, 7, 21, 8], [22, 5, 23, 6], [24, 10, 1, 9], [2, 15, 3, 16], [4, 14, 5, 13], [6, 21, 7, 22], [8, 11, 9, 12]]"
12a_0529_146,"[[8, 11, 9, 12], [10, 24, 11, 23], [12, 19, 13, 20], [14, 18, 15, 17], [16, 1, 17, 2], [18, 4, 19, 3], [20, 7, 21, 8], [22, 5, 23, 6], [24, 10, 1, 9], [2, 15, 3, 16], [4, 14, 5, 13], [6, 21, 7, 22]]"
12a_0529_147,"[[6, 21, 7, 22], [8, 11, 9, 12], [10, 24, 11, 23], [12, 19, 13, 20], [14, 18, 15, 17], [16, 1, 17, 2], [18, 4, 19, 3], [20, 7, 21, 8], [22, 5, 23, 6], [24, 10, 1, 9], [2, 15, 3, 16], [4, 14, 5, 13]]"
12a_0529_148,"[[4, 14, 5, 13], [6, 21, 7, 22], [8, 11, 9, 12], [10, 24, 11, 23], [12, 19, 13, 20], [14, 18, 15, 17], [16, 1, 17, 2], [18, 4, 19, 3], [20, 7, 21, 8], [22, 5, 23, 6], [24, 10, 1, 9], [2, 15, 3, 16]]"
12a_0529_149,"[[2, 15, 3, 16], [4, 14, 5, 13], [6, 21, 7, 22], [8, 11, 9, 12], [10, 24, 11, 23], [12, 19, 13, 20], [14, 18, 15, 17], [16, 1, 17, 2], [18, 4, 19, 3], [20, 7, 21, 8], [22, 5, 23, 6], [24, 10, 1, 9]]"
12a_0529_150,"[[24, 10, 1, 9], [2, 15, 3, 16], [4, 14, 5, 13], [6, 21, 7, 22], [8, 11, 9, 12], [10, 24, 11, 23], [12, 19, 13, 20], [14, 18, 15, 17], [16, 1, 17, 2], [18, 4, 19, 3], [20, 7, 21, 8], [22, 5, 23, 6]]"
12a_0529_151,"[[22, 5, 23, 6], [24, 10, 1, 9], [2, 15, 3, 16], [4, 14, 5, 13], [6, 21, 7, 22], [8, 11, 9, 12], [10, 24, 11, 23], [12, 19, 13, 20], [14, 18, 15, 17], [16, 1, 17, 2], [18, 4, 19, 3], [20, 7, 21, 8]]"
12a_0529_152,"[[20, 7, 21, 8], [22, 5, 23, 6], [24, 10, 1, 9], [2, 15, 3, 16], [4, 14, 5, 13], [6, 21, 7, 22], [8, 11, 9, 12], [10, 24, 11, 23], [12, 19, 13, 20], [14, 18, 15, 17], [16, 1, 17, 2], [18, 4, 19, 3]]"
12a_0529_153,"[[18, 4, 19, 3], [20, 7, 21, 8], [22, 5, 23, 6], [24, 10, 1, 9], [2, 15, 3, 16], [4, 14, 5, 13], [6, 21, 7, 22], [8, 11, 9, 12], [10, 24, 11, 23], [12, 19, 13, 20], [14, 18, 15, 17], [16, 1, 17, 2]]"
12a_0529_154,"[[16, 1, 17, 2], [18, 4, 19, 3], [20, 7, 21, 8], [22, 5, 23, 6], [24, 10, 1, 9], [2, 15, 3, 16], [4, 14, 5, 13], [6, 21, 7, 22], [8, 11, 9, 12], [10, 24, 11, 23], [12, 19, 13, 20], [14, 18, 15, 17]]"
12a_0529_155,"[[14, 18, 15, 17], [16, 1, 17, 2], [18, 4, 19, 3], [20, 7, 21, 8], [22, 5, 23, 6], [24, 10, 1, 9], [2, 15, 3, 16], [4, 14, 5, 13], [6, 21, 7, 22], [8, 11, 9, 12], [10, 24, 11, 23], [12, 19, 13, 20]]"
12a_0529_156,"[[13, 20, 14, 21], [15, 19, 16, 18], [17, 2, 18, 3], [19, 5, 20, 4], [21, 8, 22, 9], [23, 6, 24, 7], [1, 11, 2, 10], [3, 16, 4, 17], [5, 15, 6, 14], [7, 22, 8, 23], [9, 12, 10, 13], [11, 1, 12, 24]]"
12a_0529_157,"[[11, 1, 12, 24], [13, 20, 14, 21], [15, 19, 16, 18], [17, 2, 18, 3], [19, 5, 20, 4], [21, 8, 22, 9], [23, 6, 24, 7], [1, 11, 2, 10], [3, 16, 4, 17], [5, 15, 6, 14], [7, 22, 8, 23], [9, 12, 10, 13]]"
12a_0529_158,"[[9, 12, 10, 13], [11, 1, 12, 24], [13, 20, 14, 21], [15, 19, 16, 18], [17, 2, 18, 3], [19, 5, 20, 4], [21, 8, 22, 9], [23, 6, 24, 7], [1, 11, 2, 10], [3, 16, 4, 17], [5, 15, 6, 14], [7, 22, 8, 23]]"
12a_0529_159,"[[7, 22, 8, 23], [9, 12, 10, 13], [11, 1, 12, 24], [13, 20, 14, 21], [15, 19, 16, 18], [17, 2, 18, 3], [19, 5, 20, 4], [21, 8, 22, 9], [23, 6, 24, 7], [1, 11, 2, 10], [3, 16, 4, 17], [5, 15, 6, 14]]"
12a_0529_160,"[[5, 15, 6, 14], [7, 22, 8, 23], [9, 12, 10, 13], [11, 1, 12, 24], [13, 20, 14, 21], [15, 19, 16, 18], [17, 2, 18, 3], [19, 5, 20, 4], [21, 8, 22, 9], [23, 6, 24, 7], [1, 11, 2, 10], [3, 16, 4, 17]]"
12a_0529_161,"[[3, 16, 4, 17], [5, 15, 6, 14], [7, 22, 8, 23], [9, 12, 10, 13], [11, 1, 12, 24], [13, 20, 14, 21], [15, 19, 16, 18], [17, 2, 18, 3], [19, 5, 20, 4], [21, 8, 22, 9], [23, 6, 24, 7], [1, 11, 2, 10]]"
12a_0529_162,"[[1, 11, 2, 10], [3, 16, 4, 17], [5, 15, 6, 14], [7, 22, 8, 23], [9, 12, 10, 13], [11, 1, 12, 24], [13, 20, 14, 21], [15, 19, 16, 18], [17, 2, 18, 3], [19, 5, 20, 4], [21, 8, 22, 9], [23, 6, 24, 7]]"
12a_0529_163,"[[23, 6, 24, 7], [1, 11, 2, 10], [3, 16, 4, 17], [5, 15, 6, 14], [7, 22, 8, 23], [9, 12, 10, 13], [11, 1, 12, 24], [13, 20, 14, 21], [15, 19, 16, 18], [17, 2, 18, 3], [19, 5, 20, 4], [21, 8, 22, 9]]"
12a_0529_164,"[[21, 8, 22, 9], [23, 6, 24, 7], [1, 11, 2, 10], [3, 16, 4, 17], [5, 15, 6, 14], [7, 22, 8, 23], [9, 12, 10, 13], [11, 1, 12, 24], [13, 20, 14, 21], [15, 19, 16, 18], [17, 2, 18, 3], [19, 5, 20, 4]]"
12a_0529_165,"[[19, 5, 20, 4], [21, 8, 22, 9], [23, 6, 24, 7], [1, 11, 2, 10], [3, 16, 4, 17], [5, 15, 6, 14], [7, 22, 8, 23], [9, 12, 10, 13], [11, 1, 12, 24], [13, 20, 14, 21], [15, 19, 16, 18], [17, 2, 18, 3]]"
12a_0529_166,"[[17, 2, 18, 3], [19, 5, 20, 4], [21, 8, 22, 9], [23, 6, 24, 7], [1, 11, 2, 10], [3, 16, 4, 17], [5, 15, 6, 14], [7, 22, 8, 23], [9, 12, 10, 13], [11, 1, 12, 24], [13, 20, 14, 21], [15, 19, 16, 18]]"
12a_0529_167,"[[15, 19, 16, 18], [17, 2, 18, 3], [19, 5, 20, 4], [21, 8, 22, 9], [23, 6, 24, 7], [1, 11, 2, 10], [3, 16, 4, 17], [5, 15, 6, 14], [7, 22, 8, 23], [9, 12, 10, 13], [11, 1, 12, 24], [13, 20, 14, 21]]"
12a_0529_168,"[[14, 21, 15, 22], [16, 20, 17, 19], [18, 3, 19, 4], [20, 6, 21, 5], [22, 9, 23, 10], [24, 7, 1, 8], [2, 12, 3, 11], [4, 17, 5, 18], [6, 16, 7, 15], [8, 23, 9, 24], [10, 13, 11, 14], [12, 2, 13, 1]]"
12a_0529_169,"[[12, 2, 13, 1], [14, 21, 15, 22], [16, 20, 17, 19], [18, 3, 19, 4], [20, 6, 21, 5], [22, 9, 23, 10], [24, 7, 1, 8], [2, 12, 3, 11], [4, 17, 5, 18], [6, 16, 7, 15], [8, 23, 9, 24], [10, 13, 11, 14]]"
12a_0529_170,"[[10, 13, 11, 14], [12, 2, 13, 1], [14, 21, 15, 22], [16, 20, 17, 19], [18, 3, 19, 4], [20, 6, 21, 5], [22, 9, 23, 10], [24, 7, 1, 8], [2, 12, 3, 11], [4, 17, 5, 18], [6, 16, 7, 15], [8, 23, 9, 24]]"
12a_0529_171,"[[8, 23, 9, 24], [10, 13, 11, 14], [12, 2, 13, 1], [14, 21, 15, 22], [16, 20, 17, 19], [18, 3, 19, 4], [20, 6, 21, 5], [22, 9, 23, 10], [24, 7, 1, 8], [2, 12, 3, 11], [4, 17, 5, 18], [6, 16, 7, 15]]"
12a_0529_172,"[[6, 16, 7, 15], [8, 23, 9, 24], [10, 13, 11, 14], [12, 2, 13, 1], [14, 21, 15, 22], [16, 20, 17, 19], [18, 3, 19, 4], [20, 6, 21, 5], [22, 9, 23, 10], [24, 7, 1, 8], [2, 12, 3, 11], [4, 17, 5, 18]]"
12a_0529_173,"[[4, 17, 5, 18], [6, 16, 7, 15], [8, 23, 9, 24], [10, 13, 11, 14], [12, 2, 13, 1], [14, 21, 15, 22], [16, 20, 17, 19], [18, 3, 19, 4], [20, 6, 21, 5], [22, 9, 23, 10], [24, 7, 1, 8], [2, 12, 3, 11]]"
12a_0529_174,"[[2, 12, 3, 11], [4, 17, 5, 18], [6, 16, 7, 15], [8, 23, 9, 24], [10, 13, 11, 14], [12, 2, 13, 1], [14, 21, 15, 22], [16, 20, 17, 19], [18, 3, 19, 4], [20, 6, 21, 5], [22, 9, 23, 10], [24, 7, 1, 8]]"
12a_0529_175,"[[24, 7, 1, 8], [2, 12, 3, 11], [4, 17, 5, 18], [6, 16, 7, 15], [8, 23, 9, 24], [10, 13, 11, 14], [12, 2, 13, 1], [14, 21, 15, 22], [16, 20, 17, 19], [18, 3, 19, 4], [20, 6, 21, 5], [22, 9, 23, 10]]"
12a_0529_176,"[[22, 9, 23, 10], [24, 7, 1, 8], [2, 12, 3, 11], [4, 17, 5, 18], [6, 16, 7, 15], [8, 23, 9, 24], [10, 13, 11, 14], [12, 2, 13, 1], [14, 21, 15, 22], [16, 20, 17, 19], [18, 3, 19, 4], [20, 6, 21, 5]]"
12a_0529_177,"[[20, 6, 21, 5], [22, 9, 23, 10], [24, 7, 1, 8], [2, 12, 3, 11], [4, 17, 5, 18], [6, 16, 7, 15], [8, 23, 9, 24], [10, 13, 11, 14], [12, 2, 13, 1], [14, 21, 15, 22], [16, 20, 17, 19], [18, 3, 19, 4]]"
12a_0529_178,"[[18, 3, 19, 4], [20, 6, 21, 5], [22, 9, 23, 10], [24, 7, 1, 8], [2, 12, 3, 11], [4, 17, 5, 18], [6, 16, 7, 15], [8, 23, 9, 24], [10, 13, 11, 14], [12, 2, 13, 1], [14, 21, 15, 22], [16, 20, 17, 19]]"
12a_0529_179,"[[16, 20, 17, 19], [18, 3, 19, 4], [20, 6, 21, 5], [22, 9, 23, 10], [24, 7, 1, 8], [2, 12, 3, 11], [4, 17, 5, 18], [6, 16, 7, 15], [8, 23, 9, 24], [10, 13, 11, 14], [12, 2, 13, 1], [14, 21, 15, 22]]"
12a_0529_180,"[[15, 22, 16, 23], [17, 21, 18, 20], [19, 4, 20, 5], [21, 7, 22, 6], [23, 10, 24, 11], [1, 8, 2, 9], [3, 13, 4, 12], [5, 18, 6, 19], [7, 17, 8, 16], [9, 24, 10, 1], [11, 14, 12, 15], [13, 3, 14, 2]]"
12a_0529_181,"[[13, 3, 14, 2], [15, 22, 16, 23], [17, 21, 18, 20], [19, 4, 20, 5], [21, 7, 22, 6], [23, 10, 24, 11], [1, 8, 2, 9], [3, 13, 4, 12], [5, 18, 6, 19], [7, 17, 8, 16], [9, 24, 10, 1], [11, 14, 12, 15]]"
12a_0529_182,"[[11, 14, 12, 15], [13, 3, 14, 2], [15, 22, 16, 23], [17, 21, 18, 20], [19, 4, 20, 5], [21, 7, 22, 6], [23, 10, 24, 11], [1, 8, 2, 9], [3, 13, 4, 12], [5, 18, 6, 19], [7, 17, 8, 16], [9, 24, 10, 1]]"
12a_0529_183,"[[9, 24, 10, 1], [11, 14, 12, 15], [13, 3, 14, 2], [15, 22, 16, 23], [17, 21, 18, 20], [19, 4, 20, 5], [21, 7, 22, 6], [23, 10, 24, 11], [1, 8, 2, 9], [3, 13, 4, 12], [5, 18, 6, 19], [7, 17, 8, 16]]"
12a_0529_184,"[[7, 17, 8, 16], [9, 24, 10, 1], [11, 14, 12, 15], [13, 3, 14, 2], [15, 22, 16, 23], [17, 21, 18, 20], [19, 4, 20, 5], [21, 7, 22, 6], [23, 10, 24, 11], [1, 8, 2, 9], [3, 13, 4, 12], [5, 18, 6, 19]]"
12a_0529_185,"[[5, 18, 6, 19], [7, 17, 8, 16], [9, 24, 10, 1], [11, 14, 12, 15], [13, 3, 14, 2], [15, 22, 16, 23], [17, 21, 18, 20], [19, 4, 20, 5], [21, 7, 22, 6], [23, 10, 24, 11], [1, 8, 2, 9], [3, 13, 4, 12]]"
