name,pd_notation
12a_0572_0,"[[24, 9, 1, 10], [2, 6, 3, 5], [4, 14, 5, 13], [6, 18, 7, 17], [8, 20, 9, 19], [10, 21, 11, 22], [12, 4, 13, 3], [14, 12, 15, 11], [16, 23, 17, 24], [18, 8, 19, 7], [20, 2, 21, 1], [22, 15, 23, 16]]"
12a_0572_1,"[[22, 15, 23, 16], [24, 9, 1, 10], [2, 6, 3, 5], [4, 14, 5, 13], [6, 18, 7, 17], [8, 20, 9, 19], [10, 21, 11, 22], [12, 4, 13, 3], [14, 12, 15, 11], [16, 23, 17, 24], [18, 8, 19, 7], [20, 2, 21, 1]]"
12a_0572_2,"[[20, 2, 21, 1], [22, 15, 23, 16], [24, 9, 1, 10], [2, 6, 3, 5], [4, 14, 5, 13], [6, 18, 7, 17], [8, 20, 9, 19], [10, 21, 11, 22], [12, 4, 13, 3], [14, 12, 15, 11], [16, 23, 17, 24], [18, 8, 19, 7]]"
12a_0572_3,"[[18, 8, 19, 7], [20, 2, 21, 1], [22, 15, 23, 16], [24, 9, 1, 10], [2, 6, 3, 5], [4, 14, 5, 13], [6, 18, 7, 17], [8, 20, 9, 19], [10, 21, 11, 22], [12, 4, 13, 3], [14, 12, 15, 11], [16, 23, 17, 24]]"
12a_0572_4,"[[16, 23, 17, 24], [18, 8, 19, 7], [20, 2, 21, 1], [22, 15, 23, 16], [24, 9, 1, 10], [2, 6, 3, 5], [4, 14, 5, 13], [6, 18, 7, 17], [8, 20, 9, 19], [10, 21, 11, 22], [12, 4, 13, 3], [14, 12, 15, 11]]"
12a_0572_5,"[[14, 12, 15, 11], [16, 23, 17, 24], [18, 8, 19, 7], [20, 2, 21, 1], [22, 15, 23, 16], [24, 9, 1, 10], [2, 6, 3, 5], [4, 14, 5, 13], [6, 18, 7, 17], [8, 20, 9, 19], [10, 21, 11, 22], [12, 4, 13, 3]]"
12a_0572_6,"[[12, 4, 13, 3], [14, 12, 15, 11], [16, 23, 17, 24], [18, 8, 19, 7], [20, 2, 21, 1], [22, 15, 23, 16], [24, 9, 1, 10], [2, 6, 3, 5], [4, 14, 5, 13], [6, 18, 7, 17], [8, 20, 9, 19], [10, 21, 11, 22]]"
12a_0572_7,"[[10, 21, 11, 22], [12, 4, 13, 3], [14, 12, 15, 11], [16, 23, 17, 24], [18, 8, 19, 7], [20, 2, 21, 1], [22, 15, 23, 16], [24, 9, 1, 10], [2, 6, 3, 5], [4, 14, 5, 13], [6, 18, 7, 17], [8, 20, 9, 19]]"
12a_0572_8,"[[8, 20, 9, 19], [10, 21, 11, 22], [12, 4, 13, 3], [14, 12, 15, 11], [16, 23, 17, 24], [18, 8, 19, 7], [20, 2, 21, 1], [22, 15, 23, 16], [24, 9, 1, 10], [2, 6, 3, 5], [4, 14, 5, 13], [6, 18, 7, 17]]"
12a_0572_9,"[[6, 18, 7, 17], [8, 20, 9, 19], [10, 21, 11, 22], [12, 4, 13, 3], [14, 12, 15, 11], [16, 23, 17, 24], [18, 8, 19, 7], [20, 2, 21, 1], [22, 15, 23, 16], [24, 9, 1, 10], [2, 6, 3, 5], [4, 14, 5, 13]]"
12a_0572_10,"[[4, 14, 5, 13], [6, 18, 7, 17], [8, 20, 9, 19], [10, 21, 11, 22], [12, 4, 13, 3], [14, 12, 15, 11], [16, 23, 17, 24], [18, 8, 19, 7], [20, 2, 21, 1], [22, 15, 23, 16], [24, 9, 1, 10], [2, 6, 3, 5]]"
12a_0572_11,"[[2, 6, 3, 5], [4, 14, 5, 13], [6, 18, 7, 17], [8, 20, 9, 19], [10, 21, 11, 22], [12, 4, 13, 3], [14, 12, 15, 11], [16, 23, 17, 24], [18, 8, 19, 7], [20, 2, 21, 1], [22, 15, 23, 16], [24, 9, 1, 10]]"
12a_0572_12,"[[1, 10, 2, 11], [3, 7, 4, 6], [5, 15, 6, 14], [7, 19, 8, 18], [9, 21, 10, 20], [11, 22, 12, 23], [13, 5, 14, 4], [15, 13, 16, 12], [17, 24, 18, 1], [19, 9, 20, 8], [21, 3, 22, 2], [23, 16, 24, 17]]"
12a_0572_13,"[[23, 16, 24, 17], [1, 10, 2, 11], [3, 7, 4, 6], [5, 15, 6, 14], [7, 19, 8, 18], [9, 21, 10, 20], [11, 22, 12, 23], [13, 5, 14, 4], [15, 13, 16, 12], [17, 24, 18, 1], [19, 9, 20, 8], [21, 3, 22, 2]]"
12a_0572_14,"[[21, 3, 22, 2], [23, 16, 24, 17], [1, 10, 2, 11], [3, 7, 4, 6], [5, 15, 6, 14], [7, 19, 8, 18], [9, 21, 10, 20], [11, 22, 12, 23], [13, 5, 14, 4], [15, 13, 16, 12], [17, 24, 18, 1], [19, 9, 20, 8]]"
12a_0572_15,"[[19, 9, 20, 8], [21, 3, 22, 2], [23, 16, 24, 17], [1, 10, 2, 11], [3, 7, 4, 6], [5, 15, 6, 14], [7, 19, 8, 18], [9, 21, 10, 20], [11, 22, 12, 23], [13, 5, 14, 4], [15, 13, 16, 12], [17, 24, 18, 1]]"
12a_0572_16,"[[17, 24, 18, 1], [19, 9, 20, 8], [21, 3, 22, 2], [23, 16, 24, 17], [1, 10, 2, 11], [3, 7, 4, 6], [5, 15, 6, 14], [7, 19, 8, 18], [9, 21, 10, 20], [11, 22, 12, 23], [13, 5, 14, 4], [15, 13, 16, 12]]"
12a_0572_17,"[[15, 13, 16, 12], [17, 24, 18, 1], [19, 9, 20, 8], [21, 3, 22, 2], [23, 16, 24, 17], [1, 10, 2, 11], [3, 7, 4, 6], [5, 15, 6, 14], [7, 19, 8, 18], [9, 21, 10, 20], [11, 22, 12, 23], [13, 5, 14, 4]]"
12a_0572_18,"[[13, 5, 14, 4], [15, 13, 16, 12], [17, 24, 18, 1], [19, 9, 20, 8], [21, 3, 22, 2], [23, 16, 24, 17], [1, 10, 2, 11], [3, 7, 4, 6], [5, 15, 6, 14], [7, 19, 8, 18], [9, 21, 10, 20], [11, 22, 12, 23]]"
12a_0572_19,"[[11, 22, 12, 23], [13, 5, 14, 4], [15, 13, 16, 12], [17, 24, 18, 1], [19, 9, 20, 8], [21, 3, 22, 2], [23, 16, 24, 17], [1, 10, 2, 11], [3, 7, 4, 6], [5, 15, 6, 14], [7, 19, 8, 18], [9, 21, 10, 20]]"
12a_0572_20,"[[9, 21, 10, 20], [11, 22, 12, 23], [13, 5, 14, 4], [15, 13, 16, 12], [17, 24, 18, 1], [19, 9, 20, 8], [21, 3, 22, 2], [23, 16, 24, 17], [1, 10, 2, 11], [3, 7, 4, 6], [5, 15, 6, 14], [7, 19, 8, 18]]"
12a_0572_21,"[[7, 19, 8, 18], [9, 21, 10, 20], [11, 22, 12, 23], [13, 5, 14, 4], [15, 13, 16, 12], [17, 24, 18, 1], [19, 9, 20, 8], [21, 3, 22, 2], [23, 16, 24, 17], [1, 10, 2, 11], [3, 7, 4, 6], [5, 15, 6, 14]]"
12a_0572_22,"[[5, 15, 6, 14], [7, 19, 8, 18], [9, 21, 10, 20], [11, 22, 12, 23], [13, 5, 14, 4], [15, 13, 16, 12], [17, 24, 18, 1], [19, 9, 20, 8], [21, 3, 22, 2], [23, 16, 24, 17], [1, 10, 2, 11], [3, 7, 4, 6]]"
12a_0572_23,"[[3, 7, 4, 6], [5, 15, 6, 14], [7, 19, 8, 18], [9, 21, 10, 20], [11, 22, 12, 23], [13, 5, 14, 4], [15, 13, 16, 12], [17, 24, 18, 1], [19, 9, 20, 8], [21, 3, 22, 2], [23, 16, 24, 17], [1, 10, 2, 11]]"
12a_0572_24,"[[2, 11, 3, 12], [4, 8, 5, 7], [6, 16, 7, 15], [8, 20, 9, 19], [10, 22, 11, 21], [12, 23, 13, 24], [14, 6, 15, 5], [16, 14, 17, 13], [18, 1, 19, 2], [20, 10, 21, 9], [22, 4, 23, 3], [24, 17, 1, 18]]"
12a_0572_25,"[[24, 17, 1, 18], [2, 11, 3, 12], [4, 8, 5, 7], [6, 16, 7, 15], [8, 20, 9, 19], [10, 22, 11, 21], [12, 23, 13, 24], [14, 6, 15, 5], [16, 14, 17, 13], [18, 1, 19, 2], [20, 10, 21, 9], [22, 4, 23, 3]]"
12a_0572_26,"[[22, 4, 23, 3], [24, 17, 1, 18], [2, 11, 3, 12], [4, 8, 5, 7], [6, 16, 7, 15], [8, 20, 9, 19], [10, 22, 11, 21], [12, 23, 13, 24], [14, 6, 15, 5], [16, 14, 17, 13], [18, 1, 19, 2], [20, 10, 21, 9]]"
12a_0572_27,"[[20, 10, 21, 9], [22, 4, 23, 3], [24, 17, 1, 18], [2, 11, 3, 12], [4, 8, 5, 7], [6, 16, 7, 15], [8, 20, 9, 19], [10, 22, 11, 21], [12, 23, 13, 24], [14, 6, 15, 5], [16, 14, 17, 13], [18, 1, 19, 2]]"
12a_0572_28,"[[18, 1, 19, 2], [20, 10, 21, 9], [22, 4, 23, 3], [24, 17, 1, 18], [2, 11, 3, 12], [4, 8, 5, 7], [6, 16, 7, 15], [8, 20, 9, 19], [10, 22, 11, 21], [12, 23, 13, 24], [14, 6, 15, 5], [16, 14, 17, 13]]"
12a_0572_29,"[[16, 14, 17, 13], [18, 1, 19, 2], [20, 10, 21, 9], [22, 4, 23, 3], [24, 17, 1, 18], [2, 11, 3, 12], [4, 8, 5, 7], [6, 16, 7, 15], [8, 20, 9, 19], [10, 22, 11, 21], [12, 23, 13, 24], [14, 6, 15, 5]]"
12a_0572_30,"[[14, 6, 15, 5], [16, 14, 17, 13], [18, 1, 19, 2], [20, 10, 21, 9], [22, 4, 23, 3], [24, 17, 1, 18], [2, 11, 3, 12], [4, 8, 5, 7], [6, 16, 7, 15], [8, 20, 9, 19], [10, 22, 11, 21], [12, 23, 13, 24]]"
12a_0572_31,"[[12, 23, 13, 24], [14, 6, 15, 5], [16, 14, 17, 13], [18, 1, 19, 2], [20, 10, 21, 9], [22, 4, 23, 3], [24, 17, 1, 18], [2, 11, 3, 12], [4, 8, 5, 7], [6, 16, 7, 15], [8, 20, 9, 19], [10, 22, 11, 21]]"
12a_0572_32,"[[10, 22, 11, 21], [12, 23, 13, 24], [14, 6, 15, 5], [16, 14, 17, 13], [18, 1, 19, 2], [20, 10, 21, 9], [22, 4, 23, 3], [24, 17, 1, 18], [2, 11, 3, 12], [4, 8, 5, 7], [6, 16, 7, 15], [8, 20, 9, 19]]"
12a_0572_33,"[[8, 20, 9, 19], [10, 22, 11, 21], [12, 23, 13, 24], [14, 6, 15, 5], [16, 14, 17, 13], [18, 1, 19, 2], [20, 10, 21, 9], [22, 4, 23, 3], [24, 17, 1, 18], [2, 11, 3, 12], [4, 8, 5, 7], [6, 16, 7, 15]]"
12a_0572_34,"[[6, 16, 7, 15], [8, 20, 9, 19], [10, 22, 11, 21], [12, 23, 13, 24], [14, 6, 15, 5], [16, 14, 17, 13], [18, 1, 19, 2], [20, 10, 21, 9], [22, 4, 23, 3], [24, 17, 1, 18], [2, 11, 3, 12], [4, 8, 5, 7]]"
12a_0572_35,"[[4, 8, 5, 7], [6, 16, 7, 15], [8, 20, 9, 19], [10, 22, 11, 21], [12, 23, 13, 24], [14, 6, 15, 5], [16, 14, 17, 13], [18, 1, 19, 2], [20, 10, 21, 9], [22, 4, 23, 3], [24, 17, 1, 18], [2, 11, 3, 12]]"
12a_0572_36,"[[3, 12, 4, 13], [5, 9, 6, 8], [7, 17, 8, 16], [9, 21, 10, 20], [11, 23, 12, 22], [13, 24, 14, 1], [15, 7, 16, 6], [17, 15, 18, 14], [19, 2, 20, 3], [21, 11, 22, 10], [23, 5, 24, 4], [1, 18, 2, 19]]"
12a_0572_37,"[[1, 18, 2, 19], [3, 12, 4, 13], [5, 9, 6, 8], [7, 17, 8, 16], [9, 21, 10, 20], [11, 23, 12, 22], [13, 24, 14, 1], [15, 7, 16, 6], [17, 15, 18, 14], [19, 2, 20, 3], [21, 11, 22, 10], [23, 5, 24, 4]]"
12a_0572_38,"[[23, 5, 24, 4], [1, 18, 2, 19], [3, 12, 4, 13], [5, 9, 6, 8], [7, 17, 8, 16], [9, 21, 10, 20], [11, 23, 12, 22], [13, 24, 14, 1], [15, 7, 16, 6], [17, 15, 18, 14], [19, 2, 20, 3], [21, 11, 22, 10]]"
12a_0572_39,"[[21, 11, 22, 10], [23, 5, 24, 4], [1, 18, 2, 19], [3, 12, 4, 13], [5, 9, 6, 8], [7, 17, 8, 16], [9, 21, 10, 20], [11, 23, 12, 22], [13, 24, 14, 1], [15, 7, 16, 6], [17, 15, 18, 14], [19, 2, 20, 3]]"
12a_0572_40,"[[19, 2, 20, 3], [21, 11, 22, 10], [23, 5, 24, 4], [1, 18, 2, 19], [3, 12, 4, 13], [5, 9, 6, 8], [7, 17, 8, 16], [9, 21, 10, 20], [11, 23, 12, 22], [13, 24, 14, 1], [15, 7, 16, 6], [17, 15, 18, 14]]"
12a_0572_41,"[[17, 15, 18, 14], [19, 2, 20, 3], [21, 11, 22, 10], [23, 5, 24, 4], [1, 18, 2, 19], [3, 12, 4, 13], [5, 9, 6, 8], [7, 17, 8, 16], [9, 21, 10, 20], [11, 23, 12, 22], [13, 24, 14, 1], [15, 7, 16, 6]]"
12a_0572_42,"[[15, 7, 16, 6], [17, 15, 18, 14], [19, 2, 20, 3], [21, 11, 22, 10], [23, 5, 24, 4], [1, 18, 2, 19], [3, 12, 4, 13], [5, 9, 6, 8], [7, 17, 8, 16], [9, 21, 10, 20], [11, 23, 12, 22], [13, 24, 14, 1]]"
12a_0572_43,"[[13, 24, 14, 1], [15, 7, 16, 6], [17, 15, 18, 14], [19, 2, 20, 3], [21, 11, 22, 10], [23, 5, 24, 4], [1, 18, 2, 19], [3, 12, 4, 13], [5, 9, 6, 8], [7, 17, 8, 16], [9, 21, 10, 20], [11, 23, 12, 22]]"
12a_0572_44,"[[11, 23, 12, 22], [13, 24, 14, 1], [15, 7, 16, 6], [17, 15, 18, 14], [19, 2, 20, 3], [21, 11, 22, 10], [23, 5, 24, 4], [1, 18, 2, 19], [3, 12, 4, 13], [5, 9, 6, 8], [7, 17, 8, 16], [9, 21, 10, 20]]"
12a_0572_45,"[[9, 21, 10, 20], [11, 23, 12, 22], [13, 24, 14, 1], [15, 7, 16, 6], [17, 15, 18, 14], [19, 2, 20, 3], [21, 11, 22, 10], [23, 5, 24, 4], [1, 18, 2, 19], [3, 12, 4, 13], [5, 9, 6, 8], [7, 17, 8, 16]]"
12a_0572_46,"[[7, 17, 8, 16], [9, 21, 10, 20], [11, 23, 12, 22], [13, 24, 14, 1], [15, 7, 16, 6], [17, 15, 18, 14], [19, 2, 20, 3], [21, 11, 22, 10], [23, 5, 24, 4], [1, 18, 2, 19], [3, 12, 4, 13], [5, 9, 6, 8]]"
12a_0572_47,"[[5, 9, 6, 8], [7, 17, 8, 16], [9, 21, 10, 20], [11, 23, 12, 22], [13, 24, 14, 1], [15, 7, 16, 6], [17, 15, 18, 14], [19, 2, 20, 3], [21, 11, 22, 10], [23, 5, 24, 4], [1, 18, 2, 19], [3, 12, 4, 13]]"
12a_0572_48,"[[4, 13, 5, 14], [6, 10, 7, 9], [8, 18, 9, 17], [10, 22, 11, 21], [12, 24, 13, 23], [14, 1, 15, 2], [16, 8, 17, 7], [18, 16, 19, 15], [20, 3, 21, 4], [22, 12, 23, 11], [24, 6, 1, 5], [2, 19, 3, 20]]"
12a_0572_49,"[[2, 19, 3, 20], [4, 13, 5, 14], [6, 10, 7, 9], [8, 18, 9, 17], [10, 22, 11, 21], [12, 24, 13, 23], [14, 1, 15, 2], [16, 8, 17, 7], [18, 16, 19, 15], [20, 3, 21, 4], [22, 12, 23, 11], [24, 6, 1, 5]]"
12a_0572_50,"[[24, 6, 1, 5], [2, 19, 3, 20], [4, 13, 5, 14], [6, 10, 7, 9], [8, 18, 9, 17], [10, 22, 11, 21], [12, 24, 13, 23], [14, 1, 15, 2], [16, 8, 17, 7], [18, 16, 19, 15], [20, 3, 21, 4], [22, 12, 23, 11]]"
12a_0572_51,"[[22, 12, 23, 11], [24, 6, 1, 5], [2, 19, 3, 20], [4, 13, 5, 14], [6, 10, 7, 9], [8, 18, 9, 17], [10, 22, 11, 21], [12, 24, 13, 23], [14, 1, 15, 2], [16, 8, 17, 7], [18, 16, 19, 15], [20, 3, 21, 4]]"
12a_0572_52,"[[20, 3, 21, 4], [22, 12, 23, 11], [24, 6, 1, 5], [2, 19, 3, 20], [4, 13, 5, 14], [6, 10, 7, 9], [8, 18, 9, 17], [10, 22, 11, 21], [12, 24, 13, 23], [14, 1, 15, 2], [16, 8, 17, 7], [18, 16, 19, 15]]"
12a_0572_53,"[[18, 16, 19, 15], [20, 3, 21, 4], [22, 12, 23, 11], [24, 6, 1, 5], [2, 19, 3, 20], [4, 13, 5, 14], [6, 10, 7, 9], [8, 18, 9, 17], [10, 22, 11, 21], [12, 24, 13, 23], [14, 1, 15, 2], [16, 8, 17, 7]]"
12a_0572_54,"[[16, 8, 17, 7], [18, 16, 19, 15], [20, 3, 21, 4], [22, 12, 23, 11], [24, 6, 1, 5], [2, 19, 3, 20], [4, 13, 5, 14], [6, 10, 7, 9], [8, 18, 9, 17], [10, 22, 11, 21], [12, 24, 13, 23], [14, 1, 15, 2]]"
12a_0572_55,"[[14, 1, 15, 2], [16, 8, 17, 7], [18, 16, 19, 15], [20, 3, 21, 4], [22, 12, 23, 11], [24, 6, 1, 5], [2, 19, 3, 20], [4, 13, 5, 14], [6, 10, 7, 9], [8, 18, 9, 17], [10, 22, 11, 21], [12, 24, 13, 23]]"
12a_0572_56,"[[12, 24, 13, 23], [14, 1, 15, 2], [16, 8, 17, 7], [18, 16, 19, 15], [20, 3, 21, 4], [22, 12, 23, 11], [24, 6, 1, 5], [2, 19, 3, 20], [4, 13, 5, 14], [6, 10, 7, 9], [8, 18, 9, 17], [10, 22, 11, 21]]"
12a_0572_57,"[[10, 22, 11, 21], [12, 24, 13, 23], [14, 1, 15, 2], [16, 8, 17, 7], [18, 16, 19, 15], [20, 3, 21, 4], [22, 12, 23, 11], [24, 6, 1, 5], [2, 19, 3, 20], [4, 13, 5, 14], [6, 10, 7, 9], [8, 18, 9, 17]]"
12a_0572_58,"[[8, 18, 9, 17], [10, 22, 11, 21], [12, 24, 13, 23], [14, 1, 15, 2], [16, 8, 17, 7], [18, 16, 19, 15], [20, 3, 21, 4], [22, 12, 23, 11], [24, 6, 1, 5], [2, 19, 3, 20], [4, 13, 5, 14], [6, 10, 7, 9]]"
12a_0572_59,"[[6, 10, 7, 9], [8, 18, 9, 17], [10, 22, 11, 21], [12, 24, 13, 23], [14, 1, 15, 2], [16, 8, 17, 7], [18, 16, 19, 15], [20, 3, 21, 4], [22, 12, 23, 11], [24, 6, 1, 5], [2, 19, 3, 20], [4, 13, 5, 14]]"
12a_0572_60,"[[5, 14, 6, 15], [7, 11, 8, 10], [9, 19, 10, 18], [11, 23, 12, 22], [13, 1, 14, 24], [15, 2, 16, 3], [17, 9, 18, 8], [19, 17, 20, 16], [21, 4, 22, 5], [23, 13, 24, 12], [1, 7, 2, 6], [3, 20, 4, 21]]"
12a_0572_61,"[[3, 20, 4, 21], [5, 14, 6, 15], [7, 11, 8, 10], [9, 19, 10, 18], [11, 23, 12, 22], [13, 1, 14, 24], [15, 2, 16, 3], [17, 9, 18, 8], [19, 17, 20, 16], [21, 4, 22, 5], [23, 13, 24, 12], [1, 7, 2, 6]]"
12a_0572_62,"[[1, 7, 2, 6], [3, 20, 4, 21], [5, 14, 6, 15], [7, 11, 8, 10], [9, 19, 10, 18], [11, 23, 12, 22], [13, 1, 14, 24], [15, 2, 16, 3], [17, 9, 18, 8], [19, 17, 20, 16], [21, 4, 22, 5], [23, 13, 24, 12]]"
12a_0572_63,"[[23, 13, 24, 12], [1, 7, 2, 6], [3, 20, 4, 21], [5, 14, 6, 15], [7, 11, 8, 10], [9, 19, 10, 18], [11, 23, 12, 22], [13, 1, 14, 24], [15, 2, 16, 3], [17, 9, 18, 8], [19, 17, 20, 16], [21, 4, 22, 5]]"
12a_0572_64,"[[21, 4, 22, 5], [23, 13, 24, 12], [1, 7, 2, 6], [3, 20, 4, 21], [5, 14, 6, 15], [7, 11, 8, 10], [9, 19, 10, 18], [11, 23, 12, 22], [13, 1, 14, 24], [15, 2, 16, 3], [17, 9, 18, 8], [19, 17, 20, 16]]"
12a_0572_65,"[[19, 17, 20, 16], [21, 4, 22, 5], [23, 13, 24, 12], [1, 7, 2, 6], [3, 20, 4, 21], [5, 14, 6, 15], [7, 11, 8, 10], [9, 19, 10, 18], [11, 23, 12, 22], [13, 1, 14, 24], [15, 2, 16, 3], [17, 9, 18, 8]]"
12a_0572_66,"[[17, 9, 18, 8], [19, 17, 20, 16], [21, 4, 22, 5], [23, 13, 24, 12], [1, 7, 2, 6], [3, 20, 4, 21], [5, 14, 6, 15], [7, 11, 8, 10], [9, 19, 10, 18], [11, 23, 12, 22], [13, 1, 14, 24], [15, 2, 16, 3]]"
12a_0572_67,"[[15, 2, 16, 3], [17, 9, 18, 8], [19, 17, 20, 16], [21, 4, 22, 5], [23, 13, 24, 12], [1, 7, 2, 6], [3, 20, 4, 21], [5, 14, 6, 15], [7, 11, 8, 10], [9, 19, 10, 18], [11, 23, 12, 22], [13, 1, 14, 24]]"
12a_0572_68,"[[13, 1, 14, 24], [15, 2, 16, 3], [17, 9, 18, 8], [19, 17, 20, 16], [21, 4, 22, 5], [23, 13, 24, 12], [1, 7, 2, 6], [3, 20, 4, 21], [5, 14, 6, 15], [7, 11, 8, 10], [9, 19, 10, 18], [11, 23, 12, 22]]"
12a_0572_69,"[[11, 23, 12, 22], [13, 1, 14, 24], [15, 2, 16, 3], [17, 9, 18, 8], [19, 17, 20, 16], [21, 4, 22, 5], [23, 13, 24, 12], [1, 7, 2, 6], [3, 20, 4, 21], [5, 14, 6, 15], [7, 11, 8, 10], [9, 19, 10, 18]]"
12a_0572_70,"[[9, 19, 10, 18], [11, 23, 12, 22], [13, 1, 14, 24], [15, 2, 16, 3], [17, 9, 18, 8], [19, 17, 20, 16], [21, 4, 22, 5], [23, 13, 24, 12], [1, 7, 2, 6], [3, 20, 4, 21], [5, 14, 6, 15], [7, 11, 8, 10]]"
12a_0572_71,"[[7, 11, 8, 10], [9, 19, 10, 18], [11, 23, 12, 22], [13, 1, 14, 24], [15, 2, 16, 3], [17, 9, 18, 8], [19, 17, 20, 16], [21, 4, 22, 5], [23, 13, 24, 12], [1, 7, 2, 6], [3, 20, 4, 21], [5, 14, 6, 15]]"
12a_0572_72,"[[6, 15, 7, 16], [8, 12, 9, 11], [10, 20, 11, 19], [12, 24, 13, 23], [14, 2, 15, 1], [16, 3, 17, 4], [18, 10, 19, 9], [20, 18, 21, 17], [22, 5, 23, 6], [24, 14, 1, 13], [2, 8, 3, 7], [4, 21, 5, 22]]"
12a_0572_73,"[[4, 21, 5, 22], [6, 15, 7, 16], [8, 12, 9, 11], [10, 20, 11, 19], [12, 24, 13, 23], [14, 2, 15, 1], [16, 3, 17, 4], [18, 10, 19, 9], [20, 18, 21, 17], [22, 5, 23, 6], [24, 14, 1, 13], [2, 8, 3, 7]]"
12a_0572_74,"[[2, 8, 3, 7], [4, 21, 5, 22], [6, 15, 7, 16], [8, 12, 9, 11], [10, 20, 11, 19], [12, 24, 13, 23], [14, 2, 15, 1], [16, 3, 17, 4], [18, 10, 19, 9], [20, 18, 21, 17], [22, 5, 23, 6], [24, 14, 1, 13]]"
12a_0572_75,"[[24, 14, 1, 13], [2, 8, 3, 7], [4, 21, 5, 22], [6, 15, 7, 16], [8, 12, 9, 11], [10, 20, 11, 19], [12, 24, 13, 23], [14, 2, 15, 1], [16, 3, 17, 4], [18, 10, 19, 9], [20, 18, 21, 17], [22, 5, 23, 6]]"
12a_0572_76,"[[22, 5, 23, 6], [24, 14, 1, 13], [2, 8, 3, 7], [4, 21, 5, 22], [6, 15, 7, 16], [8, 12, 9, 11], [10, 20, 11, 19], [12, 24, 13, 23], [14, 2, 15, 1], [16, 3, 17, 4], [18, 10, 19, 9], [20, 18, 21, 17]]"
12a_0572_77,"[[20, 18, 21, 17], [22, 5, 23, 6], [24, 14, 1, 13], [2, 8, 3, 7], [4, 21, 5, 22], [6, 15, 7, 16], [8, 12, 9, 11], [10, 20, 11, 19], [12, 24, 13, 23], [14, 2, 15, 1], [16, 3, 17, 4], [18, 10, 19, 9]]"
12a_0572_78,"[[18, 10, 19, 9], [20, 18, 21, 17], [22, 5, 23, 6], [24, 14, 1, 13], [2, 8, 3, 7], [4, 21, 5, 22], [6, 15, 7, 16], [8, 12, 9, 11], [10, 20, 11, 19], [12, 24, 13, 23], [14, 2, 15, 1], [16, 3, 17, 4]]"
12a_0572_79,"[[16, 3, 17, 4], [18, 10, 19, 9], [20, 18, 21, 17], [22, 5, 23, 6], [24, 14, 1, 13], [2, 8, 3, 7], [4, 21, 5, 22], [6, 15, 7, 16], [8, 12, 9, 11], [10, 20, 11, 19], [12, 24, 13, 23], [14, 2, 15, 1]]"
12a_0572_80,"[[14, 2, 15, 1], [16, 3, 17, 4], [18, 10, 19, 9], [20, 18, 21, 17], [22, 5, 23, 6], [24, 14, 1, 13], [2, 8, 3, 7], [4, 21, 5, 22], [6, 15, 7, 16], [8, 12, 9, 11], [10, 20, 11, 19], [12, 24, 13, 23]]"
12a_0572_81,"[[12, 24, 13, 23], [14, 2, 15, 1], [16, 3, 17, 4], [18, 10, 19, 9], [20, 18, 21, 17], [22, 5, 23, 6], [24, 14, 1, 13], [2, 8, 3, 7], [4, 21, 5, 22], [6, 15, 7, 16], [8, 12, 9, 11], [10, 20, 11, 19]]"
12a_0572_82,"[[10, 20, 11, 19], [12, 24, 13, 23], [14, 2, 15, 1], [16, 3, 17, 4], [18, 10, 19, 9], [20, 18, 21, 17], [22, 5, 23, 6], [24, 14, 1, 13], [2, 8, 3, 7], [4, 21, 5, 22], [6, 15, 7, 16], [8, 12, 9, 11]]"
12a_0572_83,"[[8, 12, 9, 11], [10, 20, 11, 19], [12, 24, 13, 23], [14, 2, 15, 1], [16, 3, 17, 4], [18, 10, 19, 9], [20, 18, 21, 17], [22, 5, 23, 6], [24, 14, 1, 13], [2, 8, 3, 7], [4, 21, 5, 22], [6, 15, 7, 16]]"
12a_0572_84,"[[7, 16, 8, 17], [9, 13, 10, 12], [11, 21, 12, 20], [13, 1, 14, 24], [15, 3, 16, 2], [17, 4, 18, 5], [19, 11, 20, 10], [21, 19, 22, 18], [23, 6, 24, 7], [1, 15, 2, 14], [3, 9, 4, 8], [5, 22, 6, 23]]"
12a_0572_85,"[[5, 22, 6, 23], [7, 16, 8, 17], [9, 13, 10, 12], [11, 21, 12, 20], [13, 1, 14, 24], [15, 3, 16, 2], [17, 4, 18, 5], [19, 11, 20, 10], [21, 19, 22, 18], [23, 6, 24, 7], [1, 15, 2, 14], [3, 9, 4, 8]]"
12a_0572_86,"[[3, 9, 4, 8], [5, 22, 6, 23], [7, 16, 8, 17], [9, 13, 10, 12], [11, 21, 12, 20], [13, 1, 14, 24], [15, 3, 16, 2], [17, 4, 18, 5], [19, 11, 20, 10], [21, 19, 22, 18], [23, 6, 24, 7], [1, 15, 2, 14]]"
12a_0572_87,"[[1, 15, 2, 14], [3, 9, 4, 8], [5, 22, 6, 23], [7, 16, 8, 17], [9, 13, 10, 12], [11, 21, 12, 20], [13, 1, 14, 24], [15, 3, 16, 2], [17, 4, 18, 5], [19, 11, 20, 10], [21, 19, 22, 18], [23, 6, 24, 7]]"
12a_0572_88,"[[23, 6, 24, 7], [1, 15, 2, 14], [3, 9, 4, 8], [5, 22, 6, 23], [7, 16, 8, 17], [9, 13, 10, 12], [11, 21, 12, 20], [13, 1, 14, 24], [15, 3, 16, 2], [17, 4, 18, 5], [19, 11, 20, 10], [21, 19, 22, 18]]"
12a_0572_89,"[[21, 19, 22, 18], [23, 6, 24, 7], [1, 15, 2, 14], [3, 9, 4, 8], [5, 22, 6, 23], [7, 16, 8, 17], [9, 13, 10, 12], [11, 21, 12, 20], [13, 1, 14, 24], [15, 3, 16, 2], [17, 4, 18, 5], [19, 11, 20, 10]]"
12a_0572_90,"[[19, 11, 20, 10], [21, 19, 22, 18], [23, 6, 24, 7], [1, 15, 2, 14], [3, 9, 4, 8], [5, 22, 6, 23], [7, 16, 8, 17], [9, 13, 10, 12], [11, 21, 12, 20], [13, 1, 14, 24], [15, 3, 16, 2], [17, 4, 18, 5]]"
12a_0572_91,"[[17, 4, 18, 5], [19, 11, 20, 10], [21, 19, 22, 18], [23, 6, 24, 7], [1, 15, 2, 14], [3, 9, 4, 8], [5, 22, 6, 23], [7, 16, 8, 17], [9, 13, 10, 12], [11, 21, 12, 20], [13, 1, 14, 24], [15, 3, 16, 2]]"
12a_0572_92,"[[15, 3, 16, 2], [17, 4, 18, 5], [19, 11, 20, 10], [21, 19, 22, 18], [23, 6, 24, 7], [1, 15, 2, 14], [3, 9, 4, 8], [5, 22, 6, 23], [7, 16, 8, 17], [9, 13, 10, 12], [11, 21, 12, 20], [13, 1, 14, 24]]"
12a_0572_93,"[[13, 1, 14, 24], [15, 3, 16, 2], [17, 4, 18, 5], [19, 11, 20, 10], [21, 19, 22, 18], [23, 6, 24, 7], [1, 15, 2, 14], [3, 9, 4, 8], [5, 22, 6, 23], [7, 16, 8, 17], [9, 13, 10, 12], [11, 21, 12, 20]]"
12a_0572_94,"[[11, 21, 12, 20], [13, 1, 14, 24], [15, 3, 16, 2], [17, 4, 18, 5], [19, 11, 20, 10], [21, 19, 22, 18], [23, 6, 24, 7], [1, 15, 2, 14], [3, 9, 4, 8], [5, 22, 6, 23], [7, 16, 8, 17], [9, 13, 10, 12]]"
12a_0572_95,"[[9, 13, 10, 12], [11, 21, 12, 20], [13, 1, 14, 24], [15, 3, 16, 2], [17, 4, 18, 5], [19, 11, 20, 10], [21, 19, 22, 18], [23, 6, 24, 7], [1, 15, 2, 14], [3, 9, 4, 8], [5, 22, 6, 23], [7, 16, 8, 17]]"
12a_0572_96,"[[8, 17, 9, 18], [10, 14, 11, 13], [12, 22, 13, 21], [14, 2, 15, 1], [16, 4, 17, 3], [18, 5, 19, 6], [20, 12, 21, 11], [22, 20, 23, 19], [24, 7, 1, 8], [2, 16, 3, 15], [4, 10, 5, 9], [6, 23, 7, 24]]"
12a_0572_97,"[[6, 23, 7, 24], [8, 17, 9, 18], [10, 14, 11, 13], [12, 22, 13, 21], [14, 2, 15, 1], [16, 4, 17, 3], [18, 5, 19, 6], [20, 12, 21, 11], [22, 20, 23, 19], [24, 7, 1, 8], [2, 16, 3, 15], [4, 10, 5, 9]]"
12a_0572_98,"[[4, 10, 5, 9], [6, 23, 7, 24], [8, 17, 9, 18], [10, 14, 11, 13], [12, 22, 13, 21], [14, 2, 15, 1], [16, 4, 17, 3], [18, 5, 19, 6], [20, 12, 21, 11], [22, 20, 23, 19], [24, 7, 1, 8], [2, 16, 3, 15]]"
12a_0572_99,"[[2, 16, 3, 15], [4, 10, 5, 9], [6, 23, 7, 24], [8, 17, 9, 18], [10, 14, 11, 13], [12, 22, 13, 21], [14, 2, 15, 1], [16, 4, 17, 3], [18, 5, 19, 6], [20, 12, 21, 11], [22, 20, 23, 19], [24, 7, 1, 8]]"
12a_0572_100,"[[24, 7, 1, 8], [2, 16, 3, 15], [4, 10, 5, 9], [6, 23, 7, 24], [8, 17, 9, 18], [10, 14, 11, 13], [12, 22, 13, 21], [14, 2, 15, 1], [16, 4, 17, 3], [18, 5, 19, 6], [20, 12, 21, 11], [22, 20, 23, 19]]"
12a_0572_101,"[[22, 20, 23, 19], [24, 7, 1, 8], [2, 16, 3, 15], [4, 10, 5, 9], [6, 23, 7, 24], [8, 17, 9, 18], [10, 14, 11, 13], [12, 22, 13, 21], [14, 2, 15, 1], [16, 4, 17, 3], [18, 5, 19, 6], [20, 12, 21, 11]]"
12a_0572_102,"[[20, 12, 21, 11], [22, 20, 23, 19], [24, 7, 1, 8], [2, 16, 3, 15], [4, 10, 5, 9], [6, 23, 7, 24], [8, 17, 9, 18], [10, 14, 11, 13], [12, 22, 13, 21], [14, 2, 15, 1], [16, 4, 17, 3], [18, 5, 19, 6]]"
12a_0572_103,"[[18, 5, 19, 6], [20, 12, 21, 11], [22, 20, 23, 19], [24, 7, 1, 8], [2, 16, 3, 15], [4, 10, 5, 9], [6, 23, 7, 24], [8, 17, 9, 18], [10, 14, 11, 13], [12, 22, 13, 21], [14, 2, 15, 1], [16, 4, 17, 3]]"
12a_0572_104,"[[16, 4, 17, 3], [18, 5, 19, 6], [20, 12, 21, 11], [22, 20, 23, 19], [24, 7, 1, 8], [2, 16, 3, 15], [4, 10, 5, 9], [6, 23, 7, 24], [8, 17, 9, 18], [10, 14, 11, 13], [12, 22, 13, 21], [14, 2, 15, 1]]"
12a_0572_105,"[[14, 2, 15, 1], [16, 4, 17, 3], [18, 5, 19, 6], [20, 12, 21, 11], [22, 20, 23, 19], [24, 7, 1, 8], [2, 16, 3, 15], [4, 10, 5, 9], [6, 23, 7, 24], [8, 17, 9, 18], [10, 14, 11, 13], [12, 22, 13, 21]]"
12a_0572_106,"[[12, 22, 13, 21], [14, 2, 15, 1], [16, 4, 17, 3], [18, 5, 19, 6], [20, 12, 21, 11], [22, 20, 23, 19], [24, 7, 1, 8], [2, 16, 3, 15], [4, 10, 5, 9], [6, 23, 7, 24], [8, 17, 9, 18], [10, 14, 11, 13]]"
12a_0572_107,"[[10, 14, 11, 13], [12, 22, 13, 21], [14, 2, 15, 1], [16, 4, 17, 3], [18, 5, 19, 6], [20, 12, 21, 11], [22, 20, 23, 19], [24, 7, 1, 8], [2, 16, 3, 15], [4, 10, 5, 9], [6, 23, 7, 24], [8, 17, 9, 18]]"
12a_0572_108,"[[9, 18, 10, 19], [11, 15, 12, 14], [13, 23, 14, 22], [15, 3, 16, 2], [17, 5, 18, 4], [19, 6, 20, 7], [21, 13, 22, 12], [23, 21, 24, 20], [1, 8, 2, 9], [3, 17, 4, 16], [5, 11, 6, 10], [7, 24, 8, 1]]"
12a_0572_109,"[[7, 24, 8, 1], [9, 18, 10, 19], [11, 15, 12, 14], [13, 23, 14, 22], [15, 3, 16, 2], [17, 5, 18, 4], [19, 6, 20, 7], [21, 13, 22, 12], [23, 21, 24, 20], [1, 8, 2, 9], [3, 17, 4, 16], [5, 11, 6, 10]]"
12a_0572_110,"[[5, 11, 6, 10], [7, 24, 8, 1], [9, 18, 10, 19], [11, 15, 12, 14], [13, 23, 14, 22], [15, 3, 16, 2], [17, 5, 18, 4], [19, 6, 20, 7], [21, 13, 22, 12], [23, 21, 24, 20], [1, 8, 2, 9], [3, 17, 4, 16]]"
12a_0572_111,"[[3, 17, 4, 16], [5, 11, 6, 10], [7, 24, 8, 1], [9, 18, 10, 19], [11, 15, 12, 14], [13, 23, 14, 22], [15, 3, 16, 2], [17, 5, 18, 4], [19, 6, 20, 7], [21, 13, 22, 12], [23, 21, 24, 20], [1, 8, 2, 9]]"
12a_0572_112,"[[1, 8, 2, 9], [3, 17, 4, 16], [5, 11, 6, 10], [7, 24, 8, 1], [9, 18, 10, 19], [11, 15, 12, 14], [13, 23, 14, 22], [15, 3, 16, 2], [17, 5, 18, 4], [19, 6, 20, 7], [21, 13, 22, 12], [23, 21, 24, 20]]"
12a_0572_113,"[[23, 21, 24, 20], [1, 8, 2, 9], [3, 17, 4, 16], [5, 11, 6, 10], [7, 24, 8, 1], [9, 18, 10, 19], [11, 15, 12, 14], [13, 23, 14, 22], [15, 3, 16, 2], [17, 5, 18, 4], [19, 6, 20, 7], [21, 13, 22, 12]]"
12a_0572_114,"[[21, 13, 22, 12], [23, 21, 24, 20], [1, 8, 2, 9], [3, 17, 4, 16], [5, 11, 6, 10], [7, 24, 8, 1], [9, 18, 10, 19], [11, 15, 12, 14], [13, 23, 14, 22], [15, 3, 16, 2], [17, 5, 18, 4], [19, 6, 20, 7]]"
12a_0572_115,"[[19, 6, 20, 7], [21, 13, 22, 12], [23, 21, 24, 20], [1, 8, 2, 9], [3, 17, 4, 16], [5, 11, 6, 10], [7, 24, 8, 1], [9, 18, 10, 19], [11, 15, 12, 14], [13, 23, 14, 22], [15, 3, 16, 2], [17, 5, 18, 4]]"
12a_0572_116,"[[17, 5, 18, 4], [19, 6, 20, 7], [21, 13, 22, 12], [23, 21, 24, 20], [1, 8, 2, 9], [3, 17, 4, 16], [5, 11, 6, 10], [7, 24, 8, 1], [9, 18, 10, 19], [11, 15, 12, 14], [13, 23, 14, 22], [15, 3, 16, 2]]"
12a_0572_117,"[[15, 3, 16, 2], [17, 5, 18, 4], [19, 6, 20, 7], [21, 13, 22, 12], [23, 21, 24, 20], [1, 8, 2, 9], [3, 17, 4, 16], [5, 11, 6, 10], [7, 24, 8, 1], [9, 18, 10, 19], [11, 15, 12, 14], [13, 23, 14, 22]]"
12a_0572_118,"[[13, 23, 14, 22], [15, 3, 16, 2], [17, 5, 18, 4], [19, 6, 20, 7], [21, 13, 22, 12], [23, 21, 24, 20], [1, 8, 2, 9], [3, 17, 4, 16], [5, 11, 6, 10], [7, 24, 8, 1], [9, 18, 10, 19], [11, 15, 12, 14]]"
12a_0572_119,"[[11, 15, 12, 14], [13, 23, 14, 22], [15, 3, 16, 2], [17, 5, 18, 4], [19, 6, 20, 7], [21, 13, 22, 12], [23, 21, 24, 20], [1, 8, 2, 9], [3, 17, 4, 16], [5, 11, 6, 10], [7, 24, 8, 1], [9, 18, 10, 19]]"
12a_0572_120,"[[10, 19, 11, 20], [12, 16, 13, 15], [14, 24, 15, 23], [16, 4, 17, 3], [18, 6, 19, 5], [20, 7, 21, 8], [22, 14, 23, 13], [24, 22, 1, 21], [2, 9, 3, 10], [4, 18, 5, 17], [6, 12, 7, 11], [8, 1, 9, 2]]"
12a_0572_121,"[[8, 1, 9, 2], [10, 19, 11, 20], [12, 16, 13, 15], [14, 24, 15, 23], [16, 4, 17, 3], [18, 6, 19, 5], [20, 7, 21, 8], [22, 14, 23, 13], [24, 22, 1, 21], [2, 9, 3, 10], [4, 18, 5, 17], [6, 12, 7, 11]]"
12a_0572_122,"[[6, 12, 7, 11], [8, 1, 9, 2], [10, 19, 11, 20], [12, 16, 13, 15], [14, 24, 15, 23], [16, 4, 17, 3], [18, 6, 19, 5], [20, 7, 21, 8], [22, 14, 23, 13], [24, 22, 1, 21], [2, 9, 3, 10], [4, 18, 5, 17]]"
12a_0572_123,"[[4, 18, 5, 17], [6, 12, 7, 11], [8, 1, 9, 2], [10, 19, 11, 20], [12, 16, 13, 15], [14, 24, 15, 23], [16, 4, 17, 3], [18, 6, 19, 5], [20, 7, 21, 8], [22, 14, 23, 13], [24, 22, 1, 21], [2, 9, 3, 10]]"
12a_0572_124,"[[2, 9, 3, 10], [4, 18, 5, 17], [6, 12, 7, 11], [8, 1, 9, 2], [10, 19, 11, 20], [12, 16, 13, 15], [14, 24, 15, 23], [16, 4, 17, 3], [18, 6, 19, 5], [20, 7, 21, 8], [22, 14, 23, 13], [24, 22, 1, 21]]"
12a_0572_125,"[[24, 22, 1, 21], [2, 9, 3, 10], [4, 18, 5, 17], [6, 12, 7, 11], [8, 1, 9, 2], [10, 19, 11, 20], [12, 16, 13, 15], [14, 24, 15, 23], [16, 4, 17, 3], [18, 6, 19, 5], [20, 7, 21, 8], [22, 14, 23, 13]]"
12a_0572_126,"[[22, 14, 23, 13], [24, 22, 1, 21], [2, 9, 3, 10], [4, 18, 5, 17], [6, 12, 7, 11], [8, 1, 9, 2], [10, 19, 11, 20], [12, 16, 13, 15], [14, 24, 15, 23], [16, 4, 17, 3], [18, 6, 19, 5], [20, 7, 21, 8]]"
12a_0572_127,"[[20, 7, 21, 8], [22, 14, 23, 13], [24, 22, 1, 21], [2, 9, 3, 10], [4, 18, 5, 17], [6, 12, 7, 11], [8, 1, 9, 2], [10, 19, 11, 20], [12, 16, 13, 15], [14, 24, 15, 23], [16, 4, 17, 3], [18, 6, 19, 5]]"
12a_0572_128,"[[18, 6, 19, 5], [20, 7, 21, 8], [22, 14, 23, 13], [24, 22, 1, 21], [2, 9, 3, 10], [4, 18, 5, 17], [6, 12, 7, 11], [8, 1, 9, 2], [10, 19, 11, 20], [12, 16, 13, 15], [14, 24, 15, 23], [16, 4, 17, 3]]"
12a_0572_129,"[[16, 4, 17, 3], [18, 6, 19, 5], [20, 7, 21, 8], [22, 14, 23, 13], [24, 22, 1, 21], [2, 9, 3, 10], [4, 18, 5, 17], [6, 12, 7, 11], [8, 1, 9, 2], [10, 19, 11, 20], [12, 16, 13, 15], [14, 24, 15, 23]]"
12a_0572_130,"[[14, 24, 15, 23], [16, 4, 17, 3], [18, 6, 19, 5], [20, 7, 21, 8], [22, 14, 23, 13], [24, 22, 1, 21], [2, 9, 3, 10], [4, 18, 5, 17], [6, 12, 7, 11], [8, 1, 9, 2], [10, 19, 11, 20], [12, 16, 13, 15]]"
12a_0572_131,"[[12, 16, 13, 15], [14, 24, 15, 23], [16, 4, 17, 3], [18, 6, 19, 5], [20, 7, 21, 8], [22, 14, 23, 13], [24, 22, 1, 21], [2, 9, 3, 10], [4, 18, 5, 17], [6, 12, 7, 11], [8, 1, 9, 2], [10, 19, 11, 20]]"
12a_0572_132,"[[11, 20, 12, 21], [13, 17, 14, 16], [15, 1, 16, 24], [17, 5, 18, 4], [19, 7, 20, 6], [21, 8, 22, 9], [23, 15, 24, 14], [1, 23, 2, 22], [3, 10, 4, 11], [5, 19, 6, 18], [7, 13, 8, 12], [9, 2, 10, 3]]"
12a_0572_133,"[[9, 2, 10, 3], [11, 20, 12, 21], [13, 17, 14, 16], [15, 1, 16, 24], [17, 5, 18, 4], [19, 7, 20, 6], [21, 8, 22, 9], [23, 15, 24, 14], [1, 23, 2, 22], [3, 10, 4, 11], [5, 19, 6, 18], [7, 13, 8, 12]]"
12a_0572_134,"[[7, 13, 8, 12], [9, 2, 10, 3], [11, 20, 12, 21], [13, 17, 14, 16], [15, 1, 16, 24], [17, 5, 18, 4], [19, 7, 20, 6], [21, 8, 22, 9], [23, 15, 24, 14], [1, 23, 2, 22], [3, 10, 4, 11], [5, 19, 6, 18]]"
12a_0572_135,"[[5, 19, 6, 18], [7, 13, 8, 12], [9, 2, 10, 3], [11, 20, 12, 21], [13, 17, 14, 16], [15, 1, 16, 24], [17, 5, 18, 4], [19, 7, 20, 6], [21, 8, 22, 9], [23, 15, 24, 14], [1, 23, 2, 22], [3, 10, 4, 11]]"
12a_0572_136,"[[3, 10, 4, 11], [5, 19, 6, 18], [7, 13, 8, 12], [9, 2, 10, 3], [11, 20, 12, 21], [13, 17, 14, 16], [15, 1, 16, 24], [17, 5, 18, 4], [19, 7, 20, 6], [21, 8, 22, 9], [23, 15, 24, 14], [1, 23, 2, 22]]"
12a_0572_137,"[[1, 23, 2, 22], [3, 10, 4, 11], [5, 19, 6, 18], [7, 13, 8, 12], [9, 2, 10, 3], [11, 20, 12, 21], [13, 17, 14, 16], [15, 1, 16, 24], [17, 5, 18, 4], [19, 7, 20, 6], [21, 8, 22, 9], [23, 15, 24, 14]]"
12a_0572_138,"[[23, 15, 24, 14], [1, 23, 2, 22], [3, 10, 4, 11], [5, 19, 6, 18], [7, 13, 8, 12], [9, 2, 10, 3], [11, 20, 12, 21], [13, 17, 14, 16], [15, 1, 16, 24], [17, 5, 18, 4], [19, 7, 20, 6], [21, 8, 22, 9]]"
12a_0572_139,"[[21, 8, 22, 9], [23, 15, 24, 14], [1, 23, 2, 22], [3, 10, 4, 11], [5, 19, 6, 18], [7, 13, 8, 12], [9, 2, 10, 3], [11, 20, 12, 21], [13, 17, 14, 16], [15, 1, 16, 24], [17, 5, 18, 4], [19, 7, 20, 6]]"
12a_0572_140,"[[19, 7, 20, 6], [21, 8, 22, 9], [23, 15, 24, 14], [1, 23, 2, 22], [3, 10, 4, 11], [5, 19, 6, 18], [7, 13, 8, 12], [9, 2, 10, 3], [11, 20, 12, 21], [13, 17, 14, 16], [15, 1, 16, 24], [17, 5, 18, 4]]"
12a_0572_141,"[[17, 5, 18, 4], [19, 7, 20, 6], [21, 8, 22, 9], [23, 15, 24, 14], [1, 23, 2, 22], [3, 10, 4, 11], [5, 19, 6, 18], [7, 13, 8, 12], [9, 2, 10, 3], [11, 20, 12, 21], [13, 17, 14, 16], [15, 1, 16, 24]]"
12a_0572_142,"[[15, 1, 16, 24], [17, 5, 18, 4], [19, 7, 20, 6], [21, 8, 22, 9], [23, 15, 24, 14], [1, 23, 2, 22], [3, 10, 4, 11], [5, 19, 6, 18], [7, 13, 8, 12], [9, 2, 10, 3], [11, 20, 12, 21], [13, 17, 14, 16]]"
12a_0572_143,"[[13, 17, 14, 16], [15, 1, 16, 24], [17, 5, 18, 4], [19, 7, 20, 6], [21, 8, 22, 9], [23, 15, 24, 14], [1, 23, 2, 22], [3, 10, 4, 11], [5, 19, 6, 18], [7, 13, 8, 12], [9, 2, 10, 3], [11, 20, 12, 21]]"
12a_0572_144,"[[12, 21, 13, 22], [14, 18, 15, 17], [16, 2, 17, 1], [18, 6, 19, 5], [20, 8, 21, 7], [22, 9, 23, 10], [24, 16, 1, 15], [2, 24, 3, 23], [4, 11, 5, 12], [6, 20, 7, 19], [8, 14, 9, 13], [10, 3, 11, 4]]"
12a_0572_145,"[[10, 3, 11, 4], [12, 21, 13, 22], [14, 18, 15, 17], [16, 2, 17, 1], [18, 6, 19, 5], [20, 8, 21, 7], [22, 9, 23, 10], [24, 16, 1, 15], [2, 24, 3, 23], [4, 11, 5, 12], [6, 20, 7, 19], [8, 14, 9, 13]]"
12a_0572_146,"[[8, 14, 9, 13], [10, 3, 11, 4], [12, 21, 13, 22], [14, 18, 15, 17], [16, 2, 17, 1], [18, 6, 19, 5], [20, 8, 21, 7], [22, 9, 23, 10], [24, 16, 1, 15], [2, 24, 3, 23], [4, 11, 5, 12], [6, 20, 7, 19]]"
12a_0572_147,"[[6, 20, 7, 19], [8, 14, 9, 13], [10, 3, 11, 4], [12, 21, 13, 22], [14, 18, 15, 17], [16, 2, 17, 1], [18, 6, 19, 5], [20, 8, 21, 7], [22, 9, 23, 10], [24, 16, 1, 15], [2, 24, 3, 23], [4, 11, 5, 12]]"
12a_0572_148,"[[4, 11, 5, 12], [6, 20, 7, 19], [8, 14, 9, 13], [10, 3, 11, 4], [12, 21, 13, 22], [14, 18, 15, 17], [16, 2, 17, 1], [18, 6, 19, 5], [20, 8, 21, 7], [22, 9, 23, 10], [24, 16, 1, 15], [2, 24, 3, 23]]"
12a_0572_149,"[[2, 24, 3, 23], [4, 11, 5, 12], [6, 20, 7, 19], [8, 14, 9, 13], [10, 3, 11, 4], [12, 21, 13, 22], [14, 18, 15, 17], [16, 2, 17, 1], [18, 6, 19, 5], [20, 8, 21, 7], [22, 9, 23, 10], [24, 16, 1, 15]]"
12a_0572_150,"[[24, 16, 1, 15], [2, 24, 3, 23], [4, 11, 5, 12], [6, 20, 7, 19], [8, 14, 9, 13], [10, 3, 11, 4], [12, 21, 13, 22], [14, 18, 15, 17], [16, 2, 17, 1], [18, 6, 19, 5], [20, 8, 21, 7], [22, 9, 23, 10]]"
12a_0572_151,"[[22, 9, 23, 10], [24, 16, 1, 15], [2, 24, 3, 23], [4, 11, 5, 12], [6, 20, 7, 19], [8, 14, 9, 13], [10, 3, 11, 4], [12, 21, 13, 22], [14, 18, 15, 17], [16, 2, 17, 1], [18, 6, 19, 5], [20, 8, 21, 7]]"
12a_0572_152,"[[20, 8, 21, 7], [22, 9, 23, 10], [24, 16, 1, 15], [2, 24, 3, 23], [4, 11, 5, 12], [6, 20, 7, 19], [8, 14, 9, 13], [10, 3, 11, 4], [12, 21, 13, 22], [14, 18, 15, 17], [16, 2, 17, 1], [18, 6, 19, 5]]"
12a_0572_153,"[[18, 6, 19, 5], [20, 8, 21, 7], [22, 9, 23, 10], [24, 16, 1, 15], [2, 24, 3, 23], [4, 11, 5, 12], [6, 20, 7, 19], [8, 14, 9, 13], [10, 3, 11, 4], [12, 21, 13, 22], [14, 18, 15, 17], [16, 2, 17, 1]]"
12a_0572_154,"[[16, 2, 17, 1], [18, 6, 19, 5], [20, 8, 21, 7], [22, 9, 23, 10], [24, 16, 1, 15], [2, 24, 3, 23], [4, 11, 5, 12], [6, 20, 7, 19], [8, 14, 9, 13], [10, 3, 11, 4], [12, 21, 13, 22], [14, 18, 15, 17]]"
12a_0572_155,"[[14, 18, 15, 17], [16, 2, 17, 1], [18, 6, 19, 5], [20, 8, 21, 7], [22, 9, 23, 10], [24, 16, 1, 15], [2, 24, 3, 23], [4, 11, 5, 12], [6, 20, 7, 19], [8, 14, 9, 13], [10, 3, 11, 4], [12, 21, 13, 22]]"
12a_0572_156,"[[13, 22, 14, 23], [15, 19, 16, 18], [17, 3, 18, 2], [19, 7, 20, 6], [21, 9, 22, 8], [23, 10, 24, 11], [1, 17, 2, 16], [3, 1, 4, 24], [5, 12, 6, 13], [7, 21, 8, 20], [9, 15, 10, 14], [11, 4, 12, 5]]"
12a_0572_157,"[[11, 4, 12, 5], [13, 22, 14, 23], [15, 19, 16, 18], [17, 3, 18, 2], [19, 7, 20, 6], [21, 9, 22, 8], [23, 10, 24, 11], [1, 17, 2, 16], [3, 1, 4, 24], [5, 12, 6, 13], [7, 21, 8, 20], [9, 15, 10, 14]]"
12a_0572_158,"[[9, 15, 10, 14], [11, 4, 12, 5], [13, 22, 14, 23], [15, 19, 16, 18], [17, 3, 18, 2], [19, 7, 20, 6], [21, 9, 22, 8], [23, 10, 24, 11], [1, 17, 2, 16], [3, 1, 4, 24], [5, 12, 6, 13], [7, 21, 8, 20]]"
12a_0572_159,"[[7, 21, 8, 20], [9, 15, 10, 14], [11, 4, 12, 5], [13, 22, 14, 23], [15, 19, 16, 18], [17, 3, 18, 2], [19, 7, 20, 6], [21, 9, 22, 8], [23, 10, 24, 11], [1, 17, 2, 16], [3, 1, 4, 24], [5, 12, 6, 13]]"
12a_0572_160,"[[5, 12, 6, 13], [7, 21, 8, 20], [9, 15, 10, 14], [11, 4, 12, 5], [13, 22, 14, 23], [15, 19, 16, 18], [17, 3, 18, 2], [19, 7, 20, 6], [21, 9, 22, 8], [23, 10, 24, 11], [1, 17, 2, 16], [3, 1, 4, 24]]"
12a_0572_161,"[[3, 1, 4, 24], [5, 12, 6, 13], [7, 21, 8, 20], [9, 15, 10, 14], [11, 4, 12, 5], [13, 22, 14, 23], [15, 19, 16, 18], [17, 3, 18, 2], [19, 7, 20, 6], [21, 9, 22, 8], [23, 10, 24, 11], [1, 17, 2, 16]]"
12a_0572_162,"[[1, 17, 2, 16], [3, 1, 4, 24], [5, 12, 6, 13], [7, 21, 8, 20], [9, 15, 10, 14], [11, 4, 12, 5], [13, 22, 14, 23], [15, 19, 16, 18], [17, 3, 18, 2], [19, 7, 20, 6], [21, 9, 22, 8], [23, 10, 24, 11]]"
12a_0572_163,"[[23, 10, 24, 11], [1, 17, 2, 16], [3, 1, 4, 24], [5, 12, 6, 13], [7, 21, 8, 20], [9, 15, 10, 14], [11, 4, 12, 5], [13, 22, 14, 23], [15, 19, 16, 18], [17, 3, 18, 2], [19, 7, 20, 6], [21, 9, 22, 8]]"
12a_0572_164,"[[21, 9, 22, 8], [23, 10, 24, 11], [1, 17, 2, 16], [3, 1, 4, 24], [5, 12, 6, 13], [7, 21, 8, 20], [9, 15, 10, 14], [11, 4, 12, 5], [13, 22, 14, 23], [15, 19, 16, 18], [17, 3, 18, 2], [19, 7, 20, 6]]"
12a_0572_165,"[[19, 7, 20, 6], [21, 9, 22, 8], [23, 10, 24, 11], [1, 17, 2, 16], [3, 1, 4, 24], [5, 12, 6, 13], [7, 21, 8, 20], [9, 15, 10, 14], [11, 4, 12, 5], [13, 22, 14, 23], [15, 19, 16, 18], [17, 3, 18, 2]]"
12a_0572_166,"[[17, 3, 18, 2], [19, 7, 20, 6], [21, 9, 22, 8], [23, 10, 24, 11], [1, 17, 2, 16], [3, 1, 4, 24], [5, 12, 6, 13], [7, 21, 8, 20], [9, 15, 10, 14], [11, 4, 12, 5], [13, 22, 14, 23], [15, 19, 16, 18]]"
12a_0572_167,"[[15, 19, 16, 18], [17, 3, 18, 2], [19, 7, 20, 6], [21, 9, 22, 8], [23, 10, 24, 11], [1, 17, 2, 16], [3, 1, 4, 24], [5, 12, 6, 13], [7, 21, 8, 20], [9, 15, 10, 14], [11, 4, 12, 5], [13, 22, 14, 23]]"
12a_0572_168,"[[14, 23, 15, 24], [16, 20, 17, 19], [18, 4, 19, 3], [20, 8, 21, 7], [22, 10, 23, 9], [24, 11, 1, 12], [2, 18, 3, 17], [4, 2, 5, 1], [6, 13, 7, 14], [8, 22, 9, 21], [10, 16, 11, 15], [12, 5, 13, 6]]"
12a_0572_169,"[[12, 5, 13, 6], [14, 23, 15, 24], [16, 20, 17, 19], [18, 4, 19, 3], [20, 8, 21, 7], [22, 10, 23, 9], [24, 11, 1, 12], [2, 18, 3, 17], [4, 2, 5, 1], [6, 13, 7, 14], [8, 22, 9, 21], [10, 16, 11, 15]]"
12a_0572_170,"[[10, 16, 11, 15], [12, 5, 13, 6], [14, 23, 15, 24], [16, 20, 17, 19], [18, 4, 19, 3], [20, 8, 21, 7], [22, 10, 23, 9], [24, 11, 1, 12], [2, 18, 3, 17], [4, 2, 5, 1], [6, 13, 7, 14], [8, 22, 9, 21]]"
12a_0572_171,"[[8, 22, 9, 21], [10, 16, 11, 15], [12, 5, 13, 6], [14, 23, 15, 24], [16, 20, 17, 19], [18, 4, 19, 3], [20, 8, 21, 7], [22, 10, 23, 9], [24, 11, 1, 12], [2, 18, 3, 17], [4, 2, 5, 1], [6, 13, 7, 14]]"
12a_0572_172,"[[6, 13, 7, 14], [8, 22, 9, 21], [10, 16, 11, 15], [12, 5, 13, 6], [14, 23, 15, 24], [16, 20, 17, 19], [18, 4, 19, 3], [20, 8, 21, 7], [22, 10, 23, 9], [24, 11, 1, 12], [2, 18, 3, 17], [4, 2, 5, 1]]"
12a_0572_173,"[[4, 2, 5, 1], [6, 13, 7, 14], [8, 22, 9, 21], [10, 16, 11, 15], [12, 5, 13, 6], [14, 23, 15, 24], [16, 20, 17, 19], [18, 4, 19, 3], [20, 8, 21, 7], [22, 10, 23, 9], [24, 11, 1, 12], [2, 18, 3, 17]]"
12a_0572_174,"[[2, 18, 3, 17], [4, 2, 5, 1], [6, 13, 7, 14], [8, 22, 9, 21], [10, 16, 11, 15], [12, 5, 13, 6], [14, 23, 15, 24], [16, 20, 17, 19], [18, 4, 19, 3], [20, 8, 21, 7], [22, 10, 23, 9], [24, 11, 1, 12]]"
12a_0572_175,"[[24, 11, 1, 12], [2, 18, 3, 17], [4, 2, 5, 1], [6, 13, 7, 14], [8, 22, 9, 21], [10, 16, 11, 15], [12, 5, 13, 6], [14, 23, 15, 24], [16, 20, 17, 19], [18, 4, 19, 3], [20, 8, 21, 7], [22, 10, 23, 9]]"
12a_0572_176,"[[22, 10, 23, 9], [24, 11, 1, 12], [2, 18, 3, 17], [4, 2, 5, 1], [6, 13, 7, 14], [8, 22, 9, 21], [10, 16, 11, 15], [12, 5, 13, 6], [14, 23, 15, 24], [16, 20, 17, 19], [18, 4, 19, 3], [20, 8, 21, 7]]"
12a_0572_177,"[[20, 8, 21, 7], [22, 10, 23, 9], [24, 11, 1, 12], [2, 18, 3, 17], [4, 2, 5, 1], [6, 13, 7, 14], [8, 22, 9, 21], [10, 16, 11, 15], [12, 5, 13, 6], [14, 23, 15, 24], [16, 20, 17, 19], [18, 4, 19, 3]]"
12a_0572_178,"[[18, 4, 19, 3], [20, 8, 21, 7], [22, 10, 23, 9], [24, 11, 1, 12], [2, 18, 3, 17], [4, 2, 5, 1], [6, 13, 7, 14], [8, 22, 9, 21], [10, 16, 11, 15], [12, 5, 13, 6], [14, 23, 15, 24], [16, 20, 17, 19]]"
12a_0572_179,"[[16, 20, 17, 19], [18, 4, 19, 3], [20, 8, 21, 7], [22, 10, 23, 9], [24, 11, 1, 12], [2, 18, 3, 17], [4, 2, 5, 1], [6, 13, 7, 14], [8, 22, 9, 21], [10, 16, 11, 15], [12, 5, 13, 6], [14, 23, 15, 24]]"
12a_0572_180,"[[15, 24, 16, 1], [17, 21, 18, 20], [19, 5, 20, 4], [21, 9, 22, 8], [23, 11, 24, 10], [1, 12, 2, 13], [3, 19, 4, 18], [5, 3, 6, 2], [7, 14, 8, 15], [9, 23, 10, 22], [11, 17, 12, 16], [13, 6, 14, 7]]"
12a_0572_181,"[[13, 6, 14, 7], [15, 24, 16, 1], [17, 21, 18, 20], [19, 5, 20, 4], [21, 9, 22, 8], [23, 11, 24, 10], [1, 12, 2, 13], [3, 19, 4, 18], [5, 3, 6, 2], [7, 14, 8, 15], [9, 23, 10, 22], [11, 17, 12, 16]]"
12a_0572_182,"[[11, 17, 12, 16], [13, 6, 14, 7], [15, 24, 16, 1], [17, 21, 18, 20], [19, 5, 20, 4], [21, 9, 22, 8], [23, 11, 24, 10], [1, 12, 2, 13], [3, 19, 4, 18], [5, 3, 6, 2], [7, 14, 8, 15], [9, 23, 10, 22]]"
12a_0572_183,"[[9, 23, 10, 22], [11, 17, 12, 16], [13, 6, 14, 7], [15, 24, 16, 1], [17, 21, 18, 20], [19, 5, 20, 4], [21, 9, 22, 8], [23, 11, 24, 10], [1, 12, 2, 13], [3, 19, 4, 18], [5, 3, 6, 2], [7, 14, 8, 15]]"
12a_0572_184,"[[7, 14, 8, 15], [9, 23, 10, 22], [11, 17, 12, 16], [13, 6, 14, 7], [15, 24, 16, 1], [17, 21, 18, 20], [19, 5, 20, 4], [21, 9, 22, 8], [23, 11, 24, 10], [1, 12, 2, 13], [3, 19, 4, 18], [5, 3, 6, 2]]"
12a_0572_185,"[[5, 3, 6, 2], [7, 14, 8, 15], [9, 23, 10, 22], [11, 17, 12, 16], [13, 6, 14, 7], [15, 24, 16, 1], [17, 21, 18, 20], [19, 5, 20, 4], [21, 9, 22, 8], [23, 11, 24, 10], [1, 12, 2, 13], [3, 19, 4, 18]]"
