name,pd_notation
12a_0545_0,"[[24, 8, 1, 7], [2, 6, 3, 5], [4, 14, 5, 13], [6, 16, 7, 15], [8, 19, 9, 20], [10, 2, 11, 1], [12, 4, 13, 3], [14, 12, 15, 11], [16, 23, 17, 24], [18, 21, 19, 22], [20, 9, 21, 10], [22, 17, 23, 18]]"
12a_0545_1,"[[22, 17, 23, 18], [24, 8, 1, 7], [2, 6, 3, 5], [4, 14, 5, 13], [6, 16, 7, 15], [8, 19, 9, 20], [10, 2, 11, 1], [12, 4, 13, 3], [14, 12, 15, 11], [16, 23, 17, 24], [18, 21, 19, 22], [20, 9, 21, 10]]"
12a_0545_2,"[[20, 9, 21, 10], [22, 17, 23, 18], [24, 8, 1, 7], [2, 6, 3, 5], [4, 14, 5, 13], [6, 16, 7, 15], [8, 19, 9, 20], [10, 2, 11, 1], [12, 4, 13, 3], [14, 12, 15, 11], [16, 23, 17, 24], [18, 21, 19, 22]]"
12a_0545_3,"[[18, 21, 19, 22], [20, 9, 21, 10], [22, 17, 23, 18], [24, 8, 1, 7], [2, 6, 3, 5], [4, 14, 5, 13], [6, 16, 7, 15], [8, 19, 9, 20], [10, 2, 11, 1], [12, 4, 13, 3], [14, 12, 15, 11], [16, 23, 17, 24]]"
12a_0545_4,"[[16, 23, 17, 24], [18, 21, 19, 22], [20, 9, 21, 10], [22, 17, 23, 18], [24, 8, 1, 7], [2, 6, 3, 5], [4, 14, 5, 13], [6, 16, 7, 15], [8, 19, 9, 20], [10, 2, 11, 1], [12, 4, 13, 3], [14, 12, 15, 11]]"
12a_0545_5,"[[14, 12, 15, 11], [16, 23, 17, 24], [18, 21, 19, 22], [20, 9, 21, 10], [22, 17, 23, 18], [24, 8, 1, 7], [2, 6, 3, 5], [4, 14, 5, 13], [6, 16, 7, 15], [8, 19, 9, 20], [10, 2, 11, 1], [12, 4, 13, 3]]"
12a_0545_6,"[[12, 4, 13, 3], [14, 12, 15, 11], [16, 23, 17, 24], [18, 21, 19, 22], [20, 9, 21, 10], [22, 17, 23, 18], [24, 8, 1, 7], [2, 6, 3, 5], [4, 14, 5, 13], [6, 16, 7, 15], [8, 19, 9, 20], [10, 2, 11, 1]]"
12a_0545_7,"[[10, 2, 11, 1], [12, 4, 13, 3], [14, 12, 15, 11], [16, 23, 17, 24], [18, 21, 19, 22], [20, 9, 21, 10], [22, 17, 23, 18], [24, 8, 1, 7], [2, 6, 3, 5], [4, 14, 5, 13], [6, 16, 7, 15], [8, 19, 9, 20]]"
12a_0545_8,"[[8, 19, 9, 20], [10, 2, 11, 1], [12, 4, 13, 3], [14, 12, 15, 11], [16, 23, 17, 24], [18, 21, 19, 22], [20, 9, 21, 10], [22, 17, 23, 18], [24, 8, 1, 7], [2, 6, 3, 5], [4, 14, 5, 13], [6, 16, 7, 15]]"
12a_0545_9,"[[6, 16, 7, 15], [8, 19, 9, 20], [10, 2, 11, 1], [12, 4, 13, 3], [14, 12, 15, 11], [16, 23, 17, 24], [18, 21, 19, 22], [20, 9, 21, 10], [22, 17, 23, 18], [24, 8, 1, 7], [2, 6, 3, 5], [4, 14, 5, 13]]"
12a_0545_10,"[[4, 14, 5, 13], [6, 16, 7, 15], [8, 19, 9, 20], [10, 2, 11, 1], [12, 4, 13, 3], [14, 12, 15, 11], [16, 23, 17, 24], [18, 21, 19, 22], [20, 9, 21, 10], [22, 17, 23, 18], [24, 8, 1, 7], [2, 6, 3, 5]]"
12a_0545_11,"[[2, 6, 3, 5], [4, 14, 5, 13], [6, 16, 7, 15], [8, 19, 9, 20], [10, 2, 11, 1], [12, 4, 13, 3], [14, 12, 15, 11], [16, 23, 17, 24], [18, 21, 19, 22], [20, 9, 21, 10], [22, 17, 23, 18], [24, 8, 1, 7]]"
12a_0545_12,"[[1, 9, 2, 8], [3, 7, 4, 6], [5, 15, 6, 14], [7, 17, 8, 16], [9, 20, 10, 21], [11, 3, 12, 2], [13, 5, 14, 4], [15, 13, 16, 12], [17, 24, 18, 1], [19, 22, 20, 23], [21, 10, 22, 11], [23, 18, 24, 19]]"
12a_0545_13,"[[23, 18, 24, 19], [1, 9, 2, 8], [3, 7, 4, 6], [5, 15, 6, 14], [7, 17, 8, 16], [9, 20, 10, 21], [11, 3, 12, 2], [13, 5, 14, 4], [15, 13, 16, 12], [17, 24, 18, 1], [19, 22, 20, 23], [21, 10, 22, 11]]"
12a_0545_14,"[[21, 10, 22, 11], [23, 18, 24, 19], [1, 9, 2, 8], [3, 7, 4, 6], [5, 15, 6, 14], [7, 17, 8, 16], [9, 20, 10, 21], [11, 3, 12, 2], [13, 5, 14, 4], [15, 13, 16, 12], [17, 24, 18, 1], [19, 22, 20, 23]]"
12a_0545_15,"[[19, 22, 20, 23], [21, 10, 22, 11], [23, 18, 24, 19], [1, 9, 2, 8], [3, 7, 4, 6], [5, 15, 6, 14], [7, 17, 8, 16], [9, 20, 10, 21], [11, 3, 12, 2], [13, 5, 14, 4], [15, 13, 16, 12], [17, 24, 18, 1]]"
12a_0545_16,"[[17, 24, 18, 1], [19, 22, 20, 23], [21, 10, 22, 11], [23, 18, 24, 19], [1, 9, 2, 8], [3, 7, 4, 6], [5, 15, 6, 14], [7, 17, 8, 16], [9, 20, 10, 21], [11, 3, 12, 2], [13, 5, 14, 4], [15, 13, 16, 12]]"
12a_0545_17,"[[15, 13, 16, 12], [17, 24, 18, 1], [19, 22, 20, 23], [21, 10, 22, 11], [23, 18, 24, 19], [1, 9, 2, 8], [3, 7, 4, 6], [5, 15, 6, 14], [7, 17, 8, 16], [9, 20, 10, 21], [11, 3, 12, 2], [13, 5, 14, 4]]"
12a_0545_18,"[[13, 5, 14, 4], [15, 13, 16, 12], [17, 24, 18, 1], [19, 22, 20, 23], [21, 10, 22, 11], [23, 18, 24, 19], [1, 9, 2, 8], [3, 7, 4, 6], [5, 15, 6, 14], [7, 17, 8, 16], [9, 20, 10, 21], [11, 3, 12, 2]]"
12a_0545_19,"[[11, 3, 12, 2], [13, 5, 14, 4], [15, 13, 16, 12], [17, 24, 18, 1], [19, 22, 20, 23], [21, 10, 22, 11], [23, 18, 24, 19], [1, 9, 2, 8], [3, 7, 4, 6], [5, 15, 6, 14], [7, 17, 8, 16], [9, 20, 10, 21]]"
12a_0545_20,"[[9, 20, 10, 21], [11, 3, 12, 2], [13, 5, 14, 4], [15, 13, 16, 12], [17, 24, 18, 1], [19, 22, 20, 23], [21, 10, 22, 11], [23, 18, 24, 19], [1, 9, 2, 8], [3, 7, 4, 6], [5, 15, 6, 14], [7, 17, 8, 16]]"
12a_0545_21,"[[7, 17, 8, 16], [9, 20, 10, 21], [11, 3, 12, 2], [13, 5, 14, 4], [15, 13, 16, 12], [17, 24, 18, 1], [19, 22, 20, 23], [21, 10, 22, 11], [23, 18, 24, 19], [1, 9, 2, 8], [3, 7, 4, 6], [5, 15, 6, 14]]"
12a_0545_22,"[[5, 15, 6, 14], [7, 17, 8, 16], [9, 20, 10, 21], [11, 3, 12, 2], [13, 5, 14, 4], [15, 13, 16, 12], [17, 24, 18, 1], [19, 22, 20, 23], [21, 10, 22, 11], [23, 18, 24, 19], [1, 9, 2, 8], [3, 7, 4, 6]]"
12a_0545_23,"[[3, 7, 4, 6], [5, 15, 6, 14], [7, 17, 8, 16], [9, 20, 10, 21], [11, 3, 12, 2], [13, 5, 14, 4], [15, 13, 16, 12], [17, 24, 18, 1], [19, 22, 20, 23], [21, 10, 22, 11], [23, 18, 24, 19], [1, 9, 2, 8]]"
12a_0545_24,"[[2, 10, 3, 9], [4, 8, 5, 7], [6, 16, 7, 15], [8, 18, 9, 17], [10, 21, 11, 22], [12, 4, 13, 3], [14, 6, 15, 5], [16, 14, 17, 13], [18, 1, 19, 2], [20, 23, 21, 24], [22, 11, 23, 12], [24, 19, 1, 20]]"
12a_0545_25,"[[24, 19, 1, 20], [2, 10, 3, 9], [4, 8, 5, 7], [6, 16, 7, 15], [8, 18, 9, 17], [10, 21, 11, 22], [12, 4, 13, 3], [14, 6, 15, 5], [16, 14, 17, 13], [18, 1, 19, 2], [20, 23, 21, 24], [22, 11, 23, 12]]"
12a_0545_26,"[[22, 11, 23, 12], [24, 19, 1, 20], [2, 10, 3, 9], [4, 8, 5, 7], [6, 16, 7, 15], [8, 18, 9, 17], [10, 21, 11, 22], [12, 4, 13, 3], [14, 6, 15, 5], [16, 14, 17, 13], [18, 1, 19, 2], [20, 23, 21, 24]]"
12a_0545_27,"[[20, 23, 21, 24], [22, 11, 23, 12], [24, 19, 1, 20], [2, 10, 3, 9], [4, 8, 5, 7], [6, 16, 7, 15], [8, 18, 9, 17], [10, 21, 11, 22], [12, 4, 13, 3], [14, 6, 15, 5], [16, 14, 17, 13], [18, 1, 19, 2]]"
12a_0545_28,"[[18, 1, 19, 2], [20, 23, 21, 24], [22, 11, 23, 12], [24, 19, 1, 20], [2, 10, 3, 9], [4, 8, 5, 7], [6, 16, 7, 15], [8, 18, 9, 17], [10, 21, 11, 22], [12, 4, 13, 3], [14, 6, 15, 5], [16, 14, 17, 13]]"
12a_0545_29,"[[16, 14, 17, 13], [18, 1, 19, 2], [20, 23, 21, 24], [22, 11, 23, 12], [24, 19, 1, 20], [2, 10, 3, 9], [4, 8, 5, 7], [6, 16, 7, 15], [8, 18, 9, 17], [10, 21, 11, 22], [12, 4, 13, 3], [14, 6, 15, 5]]"
12a_0545_30,"[[14, 6, 15, 5], [16, 14, 17, 13], [18, 1, 19, 2], [20, 23, 21, 24], [22, 11, 23, 12], [24, 19, 1, 20], [2, 10, 3, 9], [4, 8, 5, 7], [6, 16, 7, 15], [8, 18, 9, 17], [10, 21, 11, 22], [12, 4, 13, 3]]"
12a_0545_31,"[[12, 4, 13, 3], [14, 6, 15, 5], [16, 14, 17, 13], [18, 1, 19, 2], [20, 23, 21, 24], [22, 11, 23, 12], [24, 19, 1, 20], [2, 10, 3, 9], [4, 8, 5, 7], [6, 16, 7, 15], [8, 18, 9, 17], [10, 21, 11, 22]]"
12a_0545_32,"[[10, 21, 11, 22], [12, 4, 13, 3], [14, 6, 15, 5], [16, 14, 17, 13], [18, 1, 19, 2], [20, 23, 21, 24], [22, 11, 23, 12], [24, 19, 1, 20], [2, 10, 3, 9], [4, 8, 5, 7], [6, 16, 7, 15], [8, 18, 9, 17]]"
12a_0545_33,"[[8, 18, 9, 17], [10, 21, 11, 22], [12, 4, 13, 3], [14, 6, 15, 5], [16, 14, 17, 13], [18, 1, 19, 2], [20, 23, 21, 24], [22, 11, 23, 12], [24, 19, 1, 20], [2, 10, 3, 9], [4, 8, 5, 7], [6, 16, 7, 15]]"
12a_0545_34,"[[6, 16, 7, 15], [8, 18, 9, 17], [10, 21, 11, 22], [12, 4, 13, 3], [14, 6, 15, 5], [16, 14, 17, 13], [18, 1, 19, 2], [20, 23, 21, 24], [22, 11, 23, 12], [24, 19, 1, 20], [2, 10, 3, 9], [4, 8, 5, 7]]"
12a_0545_35,"[[4, 8, 5, 7], [6, 16, 7, 15], [8, 18, 9, 17], [10, 21, 11, 22], [12, 4, 13, 3], [14, 6, 15, 5], [16, 14, 17, 13], [18, 1, 19, 2], [20, 23, 21, 24], [22, 11, 23, 12], [24, 19, 1, 20], [2, 10, 3, 9]]"
12a_0545_36,"[[3, 11, 4, 10], [5, 9, 6, 8], [7, 17, 8, 16], [9, 19, 10, 18], [11, 22, 12, 23], [13, 5, 14, 4], [15, 7, 16, 6], [17, 15, 18, 14], [19, 2, 20, 3], [21, 24, 22, 1], [23, 12, 24, 13], [1, 20, 2, 21]]"
12a_0545_37,"[[1, 20, 2, 21], [3, 11, 4, 10], [5, 9, 6, 8], [7, 17, 8, 16], [9, 19, 10, 18], [11, 22, 12, 23], [13, 5, 14, 4], [15, 7, 16, 6], [17, 15, 18, 14], [19, 2, 20, 3], [21, 24, 22, 1], [23, 12, 24, 13]]"
12a_0545_38,"[[23, 12, 24, 13], [1, 20, 2, 21], [3, 11, 4, 10], [5, 9, 6, 8], [7, 17, 8, 16], [9, 19, 10, 18], [11, 22, 12, 23], [13, 5, 14, 4], [15, 7, 16, 6], [17, 15, 18, 14], [19, 2, 20, 3], [21, 24, 22, 1]]"
12a_0545_39,"[[21, 24, 22, 1], [23, 12, 24, 13], [1, 20, 2, 21], [3, 11, 4, 10], [5, 9, 6, 8], [7, 17, 8, 16], [9, 19, 10, 18], [11, 22, 12, 23], [13, 5, 14, 4], [15, 7, 16, 6], [17, 15, 18, 14], [19, 2, 20, 3]]"
12a_0545_40,"[[19, 2, 20, 3], [21, 24, 22, 1], [23, 12, 24, 13], [1, 20, 2, 21], [3, 11, 4, 10], [5, 9, 6, 8], [7, 17, 8, 16], [9, 19, 10, 18], [11, 22, 12, 23], [13, 5, 14, 4], [15, 7, 16, 6], [17, 15, 18, 14]]"
12a_0545_41,"[[17, 15, 18, 14], [19, 2, 20, 3], [21, 24, 22, 1], [23, 12, 24, 13], [1, 20, 2, 21], [3, 11, 4, 10], [5, 9, 6, 8], [7, 17, 8, 16], [9, 19, 10, 18], [11, 22, 12, 23], [13, 5, 14, 4], [15, 7, 16, 6]]"
12a_0545_42,"[[15, 7, 16, 6], [17, 15, 18, 14], [19, 2, 20, 3], [21, 24, 22, 1], [23, 12, 24, 13], [1, 20, 2, 21], [3, 11, 4, 10], [5, 9, 6, 8], [7, 17, 8, 16], [9, 19, 10, 18], [11, 22, 12, 23], [13, 5, 14, 4]]"
12a_0545_43,"[[13, 5, 14, 4], [15, 7, 16, 6], [17, 15, 18, 14], [19, 2, 20, 3], [21, 24, 22, 1], [23, 12, 24, 13], [1, 20, 2, 21], [3, 11, 4, 10], [5, 9, 6, 8], [7, 17, 8, 16], [9, 19, 10, 18], [11, 22, 12, 23]]"
12a_0545_44,"[[11, 22, 12, 23], [13, 5, 14, 4], [15, 7, 16, 6], [17, 15, 18, 14], [19, 2, 20, 3], [21, 24, 22, 1], [23, 12, 24, 13], [1, 20, 2, 21], [3, 11, 4, 10], [5, 9, 6, 8], [7, 17, 8, 16], [9, 19, 10, 18]]"
12a_0545_45,"[[9, 19, 10, 18], [11, 22, 12, 23], [13, 5, 14, 4], [15, 7, 16, 6], [17, 15, 18, 14], [19, 2, 20, 3], [21, 24, 22, 1], [23, 12, 24, 13], [1, 20, 2, 21], [3, 11, 4, 10], [5, 9, 6, 8], [7, 17, 8, 16]]"
12a_0545_46,"[[7, 17, 8, 16], [9, 19, 10, 18], [11, 22, 12, 23], [13, 5, 14, 4], [15, 7, 16, 6], [17, 15, 18, 14], [19, 2, 20, 3], [21, 24, 22, 1], [23, 12, 24, 13], [1, 20, 2, 21], [3, 11, 4, 10], [5, 9, 6, 8]]"
12a_0545_47,"[[5, 9, 6, 8], [7, 17, 8, 16], [9, 19, 10, 18], [11, 22, 12, 23], [13, 5, 14, 4], [15, 7, 16, 6], [17, 15, 18, 14], [19, 2, 20, 3], [21, 24, 22, 1], [23, 12, 24, 13], [1, 20, 2, 21], [3, 11, 4, 10]]"
12a_0545_48,"[[4, 12, 5, 11], [6, 10, 7, 9], [8, 18, 9, 17], [10, 20, 11, 19], [12, 23, 13, 24], [14, 6, 15, 5], [16, 8, 17, 7], [18, 16, 19, 15], [20, 3, 21, 4], [22, 1, 23, 2], [24, 13, 1, 14], [2, 21, 3, 22]]"
12a_0545_49,"[[2, 21, 3, 22], [4, 12, 5, 11], [6, 10, 7, 9], [8, 18, 9, 17], [10, 20, 11, 19], [12, 23, 13, 24], [14, 6, 15, 5], [16, 8, 17, 7], [18, 16, 19, 15], [20, 3, 21, 4], [22, 1, 23, 2], [24, 13, 1, 14]]"
12a_0545_50,"[[24, 13, 1, 14], [2, 21, 3, 22], [4, 12, 5, 11], [6, 10, 7, 9], [8, 18, 9, 17], [10, 20, 11, 19], [12, 23, 13, 24], [14, 6, 15, 5], [16, 8, 17, 7], [18, 16, 19, 15], [20, 3, 21, 4], [22, 1, 23, 2]]"
12a_0545_51,"[[22, 1, 23, 2], [24, 13, 1, 14], [2, 21, 3, 22], [4, 12, 5, 11], [6, 10, 7, 9], [8, 18, 9, 17], [10, 20, 11, 19], [12, 23, 13, 24], [14, 6, 15, 5], [16, 8, 17, 7], [18, 16, 19, 15], [20, 3, 21, 4]]"
12a_0545_52,"[[20, 3, 21, 4], [22, 1, 23, 2], [24, 13, 1, 14], [2, 21, 3, 22], [4, 12, 5, 11], [6, 10, 7, 9], [8, 18, 9, 17], [10, 20, 11, 19], [12, 23, 13, 24], [14, 6, 15, 5], [16, 8, 17, 7], [18, 16, 19, 15]]"
12a_0545_53,"[[18, 16, 19, 15], [20, 3, 21, 4], [22, 1, 23, 2], [24, 13, 1, 14], [2, 21, 3, 22], [4, 12, 5, 11], [6, 10, 7, 9], [8, 18, 9, 17], [10, 20, 11, 19], [12, 23, 13, 24], [14, 6, 15, 5], [16, 8, 17, 7]]"
12a_0545_54,"[[16, 8, 17, 7], [18, 16, 19, 15], [20, 3, 21, 4], [22, 1, 23, 2], [24, 13, 1, 14], [2, 21, 3, 22], [4, 12, 5, 11], [6, 10, 7, 9], [8, 18, 9, 17], [10, 20, 11, 19], [12, 23, 13, 24], [14, 6, 15, 5]]"
12a_0545_55,"[[14, 6, 15, 5], [16, 8, 17, 7], [18, 16, 19, 15], [20, 3, 21, 4], [22, 1, 23, 2], [24, 13, 1, 14], [2, 21, 3, 22], [4, 12, 5, 11], [6, 10, 7, 9], [8, 18, 9, 17], [10, 20, 11, 19], [12, 23, 13, 24]]"
12a_0545_56,"[[12, 23, 13, 24], [14, 6, 15, 5], [16, 8, 17, 7], [18, 16, 19, 15], [20, 3, 21, 4], [22, 1, 23, 2], [24, 13, 1, 14], [2, 21, 3, 22], [4, 12, 5, 11], [6, 10, 7, 9], [8, 18, 9, 17], [10, 20, 11, 19]]"
12a_0545_57,"[[10, 20, 11, 19], [12, 23, 13, 24], [14, 6, 15, 5], [16, 8, 17, 7], [18, 16, 19, 15], [20, 3, 21, 4], [22, 1, 23, 2], [24, 13, 1, 14], [2, 21, 3, 22], [4, 12, 5, 11], [6, 10, 7, 9], [8, 18, 9, 17]]"
12a_0545_58,"[[8, 18, 9, 17], [10, 20, 11, 19], [12, 23, 13, 24], [14, 6, 15, 5], [16, 8, 17, 7], [18, 16, 19, 15], [20, 3, 21, 4], [22, 1, 23, 2], [24, 13, 1, 14], [2, 21, 3, 22], [4, 12, 5, 11], [6, 10, 7, 9]]"
12a_0545_59,"[[6, 10, 7, 9], [8, 18, 9, 17], [10, 20, 11, 19], [12, 23, 13, 24], [14, 6, 15, 5], [16, 8, 17, 7], [18, 16, 19, 15], [20, 3, 21, 4], [22, 1, 23, 2], [24, 13, 1, 14], [2, 21, 3, 22], [4, 12, 5, 11]]"
12a_0545_60,"[[5, 13, 6, 12], [7, 11, 8, 10], [9, 19, 10, 18], [11, 21, 12, 20], [13, 24, 14, 1], [15, 7, 16, 6], [17, 9, 18, 8], [19, 17, 20, 16], [21, 4, 22, 5], [23, 2, 24, 3], [1, 14, 2, 15], [3, 22, 4, 23]]"
12a_0545_61,"[[3, 22, 4, 23], [5, 13, 6, 12], [7, 11, 8, 10], [9, 19, 10, 18], [11, 21, 12, 20], [13, 24, 14, 1], [15, 7, 16, 6], [17, 9, 18, 8], [19, 17, 20, 16], [21, 4, 22, 5], [23, 2, 24, 3], [1, 14, 2, 15]]"
12a_0545_62,"[[1, 14, 2, 15], [3, 22, 4, 23], [5, 13, 6, 12], [7, 11, 8, 10], [9, 19, 10, 18], [11, 21, 12, 20], [13, 24, 14, 1], [15, 7, 16, 6], [17, 9, 18, 8], [19, 17, 20, 16], [21, 4, 22, 5], [23, 2, 24, 3]]"
12a_0545_63,"[[23, 2, 24, 3], [1, 14, 2, 15], [3, 22, 4, 23], [5, 13, 6, 12], [7, 11, 8, 10], [9, 19, 10, 18], [11, 21, 12, 20], [13, 24, 14, 1], [15, 7, 16, 6], [17, 9, 18, 8], [19, 17, 20, 16], [21, 4, 22, 5]]"
12a_0545_64,"[[21, 4, 22, 5], [23, 2, 24, 3], [1, 14, 2, 15], [3, 22, 4, 23], [5, 13, 6, 12], [7, 11, 8, 10], [9, 19, 10, 18], [11, 21, 12, 20], [13, 24, 14, 1], [15, 7, 16, 6], [17, 9, 18, 8], [19, 17, 20, 16]]"
12a_0545_65,"[[19, 17, 20, 16], [21, 4, 22, 5], [23, 2, 24, 3], [1, 14, 2, 15], [3, 22, 4, 23], [5, 13, 6, 12], [7, 11, 8, 10], [9, 19, 10, 18], [11, 21, 12, 20], [13, 24, 14, 1], [15, 7, 16, 6], [17, 9, 18, 8]]"
12a_0545_66,"[[17, 9, 18, 8], [19, 17, 20, 16], [21, 4, 22, 5], [23, 2, 24, 3], [1, 14, 2, 15], [3, 22, 4, 23], [5, 13, 6, 12], [7, 11, 8, 10], [9, 19, 10, 18], [11, 21, 12, 20], [13, 24, 14, 1], [15, 7, 16, 6]]"
12a_0545_67,"[[15, 7, 16, 6], [17, 9, 18, 8], [19, 17, 20, 16], [21, 4, 22, 5], [23, 2, 24, 3], [1, 14, 2, 15], [3, 22, 4, 23], [5, 13, 6, 12], [7, 11, 8, 10], [9, 19, 10, 18], [11, 21, 12, 20], [13, 24, 14, 1]]"
12a_0545_68,"[[13, 24, 14, 1], [15, 7, 16, 6], [17, 9, 18, 8], [19, 17, 20, 16], [21, 4, 22, 5], [23, 2, 24, 3], [1, 14, 2, 15], [3, 22, 4, 23], [5, 13, 6, 12], [7, 11, 8, 10], [9, 19, 10, 18], [11, 21, 12, 20]]"
12a_0545_69,"[[11, 21, 12, 20], [13, 24, 14, 1], [15, 7, 16, 6], [17, 9, 18, 8], [19, 17, 20, 16], [21, 4, 22, 5], [23, 2, 24, 3], [1, 14, 2, 15], [3, 22, 4, 23], [5, 13, 6, 12], [7, 11, 8, 10], [9, 19, 10, 18]]"
12a_0545_70,"[[9, 19, 10, 18], [11, 21, 12, 20], [13, 24, 14, 1], [15, 7, 16, 6], [17, 9, 18, 8], [19, 17, 20, 16], [21, 4, 22, 5], [23, 2, 24, 3], [1, 14, 2, 15], [3, 22, 4, 23], [5, 13, 6, 12], [7, 11, 8, 10]]"
12a_0545_71,"[[7, 11, 8, 10], [9, 19, 10, 18], [11, 21, 12, 20], [13, 24, 14, 1], [15, 7, 16, 6], [17, 9, 18, 8], [19, 17, 20, 16], [21, 4, 22, 5], [23, 2, 24, 3], [1, 14, 2, 15], [3, 22, 4, 23], [5, 13, 6, 12]]"
12a_0545_72,"[[6, 14, 7, 13], [8, 12, 9, 11], [10, 20, 11, 19], [12, 22, 13, 21], [14, 1, 15, 2], [16, 8, 17, 7], [18, 10, 19, 9], [20, 18, 21, 17], [22, 5, 23, 6], [24, 3, 1, 4], [2, 15, 3, 16], [4, 23, 5, 24]]"
12a_0545_73,"[[4, 23, 5, 24], [6, 14, 7, 13], [8, 12, 9, 11], [10, 20, 11, 19], [12, 22, 13, 21], [14, 1, 15, 2], [16, 8, 17, 7], [18, 10, 19, 9], [20, 18, 21, 17], [22, 5, 23, 6], [24, 3, 1, 4], [2, 15, 3, 16]]"
12a_0545_74,"[[2, 15, 3, 16], [4, 23, 5, 24], [6, 14, 7, 13], [8, 12, 9, 11], [10, 20, 11, 19], [12, 22, 13, 21], [14, 1, 15, 2], [16, 8, 17, 7], [18, 10, 19, 9], [20, 18, 21, 17], [22, 5, 23, 6], [24, 3, 1, 4]]"
12a_0545_75,"[[24, 3, 1, 4], [2, 15, 3, 16], [4, 23, 5, 24], [6, 14, 7, 13], [8, 12, 9, 11], [10, 20, 11, 19], [12, 22, 13, 21], [14, 1, 15, 2], [16, 8, 17, 7], [18, 10, 19, 9], [20, 18, 21, 17], [22, 5, 23, 6]]"
12a_0545_76,"[[22, 5, 23, 6], [24, 3, 1, 4], [2, 15, 3, 16], [4, 23, 5, 24], [6, 14, 7, 13], [8, 12, 9, 11], [10, 20, 11, 19], [12, 22, 13, 21], [14, 1, 15, 2], [16, 8, 17, 7], [18, 10, 19, 9], [20, 18, 21, 17]]"
12a_0545_77,"[[20, 18, 21, 17], [22, 5, 23, 6], [24, 3, 1, 4], [2, 15, 3, 16], [4, 23, 5, 24], [6, 14, 7, 13], [8, 12, 9, 11], [10, 20, 11, 19], [12, 22, 13, 21], [14, 1, 15, 2], [16, 8, 17, 7], [18, 10, 19, 9]]"
12a_0545_78,"[[18, 10, 19, 9], [20, 18, 21, 17], [22, 5, 23, 6], [24, 3, 1, 4], [2, 15, 3, 16], [4, 23, 5, 24], [6, 14, 7, 13], [8, 12, 9, 11], [10, 20, 11, 19], [12, 22, 13, 21], [14, 1, 15, 2], [16, 8, 17, 7]]"
12a_0545_79,"[[16, 8, 17, 7], [18, 10, 19, 9], [20, 18, 21, 17], [22, 5, 23, 6], [24, 3, 1, 4], [2, 15, 3, 16], [4, 23, 5, 24], [6, 14, 7, 13], [8, 12, 9, 11], [10, 20, 11, 19], [12, 22, 13, 21], [14, 1, 15, 2]]"
12a_0545_80,"[[14, 1, 15, 2], [16, 8, 17, 7], [18, 10, 19, 9], [20, 18, 21, 17], [22, 5, 23, 6], [24, 3, 1, 4], [2, 15, 3, 16], [4, 23, 5, 24], [6, 14, 7, 13], [8, 12, 9, 11], [10, 20, 11, 19], [12, 22, 13, 21]]"
12a_0545_81,"[[12, 22, 13, 21], [14, 1, 15, 2], [16, 8, 17, 7], [18, 10, 19, 9], [20, 18, 21, 17], [22, 5, 23, 6], [24, 3, 1, 4], [2, 15, 3, 16], [4, 23, 5, 24], [6, 14, 7, 13], [8, 12, 9, 11], [10, 20, 11, 19]]"
12a_0545_82,"[[10, 20, 11, 19], [12, 22, 13, 21], [14, 1, 15, 2], [16, 8, 17, 7], [18, 10, 19, 9], [20, 18, 21, 17], [22, 5, 23, 6], [24, 3, 1, 4], [2, 15, 3, 16], [4, 23, 5, 24], [6, 14, 7, 13], [8, 12, 9, 11]]"
12a_0545_83,"[[8, 12, 9, 11], [10, 20, 11, 19], [12, 22, 13, 21], [14, 1, 15, 2], [16, 8, 17, 7], [18, 10, 19, 9], [20, 18, 21, 17], [22, 5, 23, 6], [24, 3, 1, 4], [2, 15, 3, 16], [4, 23, 5, 24], [6, 14, 7, 13]]"
12a_0545_84,"[[7, 15, 8, 14], [9, 13, 10, 12], [11, 21, 12, 20], [13, 23, 14, 22], [15, 2, 16, 3], [17, 9, 18, 8], [19, 11, 20, 10], [21, 19, 22, 18], [23, 6, 24, 7], [1, 4, 2, 5], [3, 16, 4, 17], [5, 24, 6, 1]]"
12a_0545_85,"[[5, 24, 6, 1], [7, 15, 8, 14], [9, 13, 10, 12], [11, 21, 12, 20], [13, 23, 14, 22], [15, 2, 16, 3], [17, 9, 18, 8], [19, 11, 20, 10], [21, 19, 22, 18], [23, 6, 24, 7], [1, 4, 2, 5], [3, 16, 4, 17]]"
12a_0545_86,"[[3, 16, 4, 17], [5, 24, 6, 1], [7, 15, 8, 14], [9, 13, 10, 12], [11, 21, 12, 20], [13, 23, 14, 22], [15, 2, 16, 3], [17, 9, 18, 8], [19, 11, 20, 10], [21, 19, 22, 18], [23, 6, 24, 7], [1, 4, 2, 5]]"
12a_0545_87,"[[1, 4, 2, 5], [3, 16, 4, 17], [5, 24, 6, 1], [7, 15, 8, 14], [9, 13, 10, 12], [11, 21, 12, 20], [13, 23, 14, 22], [15, 2, 16, 3], [17, 9, 18, 8], [19, 11, 20, 10], [21, 19, 22, 18], [23, 6, 24, 7]]"
12a_0545_88,"[[23, 6, 24, 7], [1, 4, 2, 5], [3, 16, 4, 17], [5, 24, 6, 1], [7, 15, 8, 14], [9, 13, 10, 12], [11, 21, 12, 20], [13, 23, 14, 22], [15, 2, 16, 3], [17, 9, 18, 8], [19, 11, 20, 10], [21, 19, 22, 18]]"
12a_0545_89,"[[21, 19, 22, 18], [23, 6, 24, 7], [1, 4, 2, 5], [3, 16, 4, 17], [5, 24, 6, 1], [7, 15, 8, 14], [9, 13, 10, 12], [11, 21, 12, 20], [13, 23, 14, 22], [15, 2, 16, 3], [17, 9, 18, 8], [19, 11, 20, 10]]"
12a_0545_90,"[[19, 11, 20, 10], [21, 19, 22, 18], [23, 6, 24, 7], [1, 4, 2, 5], [3, 16, 4, 17], [5, 24, 6, 1], [7, 15, 8, 14], [9, 13, 10, 12], [11, 21, 12, 20], [13, 23, 14, 22], [15, 2, 16, 3], [17, 9, 18, 8]]"
12a_0545_91,"[[17, 9, 18, 8], [19, 11, 20, 10], [21, 19, 22, 18], [23, 6, 24, 7], [1, 4, 2, 5], [3, 16, 4, 17], [5, 24, 6, 1], [7, 15, 8, 14], [9, 13, 10, 12], [11, 21, 12, 20], [13, 23, 14, 22], [15, 2, 16, 3]]"
12a_0545_92,"[[15, 2, 16, 3], [17, 9, 18, 8], [19, 11, 20, 10], [21, 19, 22, 18], [23, 6, 24, 7], [1, 4, 2, 5], [3, 16, 4, 17], [5, 24, 6, 1], [7, 15, 8, 14], [9, 13, 10, 12], [11, 21, 12, 20], [13, 23, 14, 22]]"
12a_0545_93,"[[13, 23, 14, 22], [15, 2, 16, 3], [17, 9, 18, 8], [19, 11, 20, 10], [21, 19, 22, 18], [23, 6, 24, 7], [1, 4, 2, 5], [3, 16, 4, 17], [5, 24, 6, 1], [7, 15, 8, 14], [9, 13, 10, 12], [11, 21, 12, 20]]"
12a_0545_94,"[[11, 21, 12, 20], [13, 23, 14, 22], [15, 2, 16, 3], [17, 9, 18, 8], [19, 11, 20, 10], [21, 19, 22, 18], [23, 6, 24, 7], [1, 4, 2, 5], [3, 16, 4, 17], [5, 24, 6, 1], [7, 15, 8, 14], [9, 13, 10, 12]]"
12a_0545_95,"[[9, 13, 10, 12], [11, 21, 12, 20], [13, 23, 14, 22], [15, 2, 16, 3], [17, 9, 18, 8], [19, 11, 20, 10], [21, 19, 22, 18], [23, 6, 24, 7], [1, 4, 2, 5], [3, 16, 4, 17], [5, 24, 6, 1], [7, 15, 8, 14]]"
12a_0545_96,"[[8, 16, 9, 15], [10, 14, 11, 13], [12, 22, 13, 21], [14, 24, 15, 23], [16, 3, 17, 4], [18, 10, 19, 9], [20, 12, 21, 11], [22, 20, 23, 19], [24, 7, 1, 8], [2, 5, 3, 6], [4, 17, 5, 18], [6, 1, 7, 2]]"
12a_0545_97,"[[6, 1, 7, 2], [8, 16, 9, 15], [10, 14, 11, 13], [12, 22, 13, 21], [14, 24, 15, 23], [16, 3, 17, 4], [18, 10, 19, 9], [20, 12, 21, 11], [22, 20, 23, 19], [24, 7, 1, 8], [2, 5, 3, 6], [4, 17, 5, 18]]"
12a_0545_98,"[[4, 17, 5, 18], [6, 1, 7, 2], [8, 16, 9, 15], [10, 14, 11, 13], [12, 22, 13, 21], [14, 24, 15, 23], [16, 3, 17, 4], [18, 10, 19, 9], [20, 12, 21, 11], [22, 20, 23, 19], [24, 7, 1, 8], [2, 5, 3, 6]]"
12a_0545_99,"[[2, 5, 3, 6], [4, 17, 5, 18], [6, 1, 7, 2], [8, 16, 9, 15], [10, 14, 11, 13], [12, 22, 13, 21], [14, 24, 15, 23], [16, 3, 17, 4], [18, 10, 19, 9], [20, 12, 21, 11], [22, 20, 23, 19], [24, 7, 1, 8]]"
12a_0545_100,"[[24, 7, 1, 8], [2, 5, 3, 6], [4, 17, 5, 18], [6, 1, 7, 2], [8, 16, 9, 15], [10, 14, 11, 13], [12, 22, 13, 21], [14, 24, 15, 23], [16, 3, 17, 4], [18, 10, 19, 9], [20, 12, 21, 11], [22, 20, 23, 19]]"
12a_0545_101,"[[22, 20, 23, 19], [24, 7, 1, 8], [2, 5, 3, 6], [4, 17, 5, 18], [6, 1, 7, 2], [8, 16, 9, 15], [10, 14, 11, 13], [12, 22, 13, 21], [14, 24, 15, 23], [16, 3, 17, 4], [18, 10, 19, 9], [20, 12, 21, 11]]"
12a_0545_102,"[[20, 12, 21, 11], [22, 20, 23, 19], [24, 7, 1, 8], [2, 5, 3, 6], [4, 17, 5, 18], [6, 1, 7, 2], [8, 16, 9, 15], [10, 14, 11, 13], [12, 22, 13, 21], [14, 24, 15, 23], [16, 3, 17, 4], [18, 10, 19, 9]]"
12a_0545_103,"[[18, 10, 19, 9], [20, 12, 21, 11], [22, 20, 23, 19], [24, 7, 1, 8], [2, 5, 3, 6], [4, 17, 5, 18], [6, 1, 7, 2], [8, 16, 9, 15], [10, 14, 11, 13], [12, 22, 13, 21], [14, 24, 15, 23], [16, 3, 17, 4]]"
12a_0545_104,"[[16, 3, 17, 4], [18, 10, 19, 9], [20, 12, 21, 11], [22, 20, 23, 19], [24, 7, 1, 8], [2, 5, 3, 6], [4, 17, 5, 18], [6, 1, 7, 2], [8, 16, 9, 15], [10, 14, 11, 13], [12, 22, 13, 21], [14, 24, 15, 23]]"
12a_0545_105,"[[14, 24, 15, 23], [16, 3, 17, 4], [18, 10, 19, 9], [20, 12, 21, 11], [22, 20, 23, 19], [24, 7, 1, 8], [2, 5, 3, 6], [4, 17, 5, 18], [6, 1, 7, 2], [8, 16, 9, 15], [10, 14, 11, 13], [12, 22, 13, 21]]"
12a_0545_106,"[[12, 22, 13, 21], [14, 24, 15, 23], [16, 3, 17, 4], [18, 10, 19, 9], [20, 12, 21, 11], [22, 20, 23, 19], [24, 7, 1, 8], [2, 5, 3, 6], [4, 17, 5, 18], [6, 1, 7, 2], [8, 16, 9, 15], [10, 14, 11, 13]]"
12a_0545_107,"[[10, 14, 11, 13], [12, 22, 13, 21], [14, 24, 15, 23], [16, 3, 17, 4], [18, 10, 19, 9], [20, 12, 21, 11], [22, 20, 23, 19], [24, 7, 1, 8], [2, 5, 3, 6], [4, 17, 5, 18], [6, 1, 7, 2], [8, 16, 9, 15]]"
12a_0545_108,"[[9, 17, 10, 16], [11, 15, 12, 14], [13, 23, 14, 22], [15, 1, 16, 24], [17, 4, 18, 5], [19, 11, 20, 10], [21, 13, 22, 12], [23, 21, 24, 20], [1, 8, 2, 9], [3, 6, 4, 7], [5, 18, 6, 19], [7, 2, 8, 3]]"
12a_0545_109,"[[7, 2, 8, 3], [9, 17, 10, 16], [11, 15, 12, 14], [13, 23, 14, 22], [15, 1, 16, 24], [17, 4, 18, 5], [19, 11, 20, 10], [21, 13, 22, 12], [23, 21, 24, 20], [1, 8, 2, 9], [3, 6, 4, 7], [5, 18, 6, 19]]"
12a_0545_110,"[[5, 18, 6, 19], [7, 2, 8, 3], [9, 17, 10, 16], [11, 15, 12, 14], [13, 23, 14, 22], [15, 1, 16, 24], [17, 4, 18, 5], [19, 11, 20, 10], [21, 13, 22, 12], [23, 21, 24, 20], [1, 8, 2, 9], [3, 6, 4, 7]]"
12a_0545_111,"[[3, 6, 4, 7], [5, 18, 6, 19], [7, 2, 8, 3], [9, 17, 10, 16], [11, 15, 12, 14], [13, 23, 14, 22], [15, 1, 16, 24], [17, 4, 18, 5], [19, 11, 20, 10], [21, 13, 22, 12], [23, 21, 24, 20], [1, 8, 2, 9]]"
12a_0545_112,"[[1, 8, 2, 9], [3, 6, 4, 7], [5, 18, 6, 19], [7, 2, 8, 3], [9, 17, 10, 16], [11, 15, 12, 14], [13, 23, 14, 22], [15, 1, 16, 24], [17, 4, 18, 5], [19, 11, 20, 10], [21, 13, 22, 12], [23, 21, 24, 20]]"
12a_0545_113,"[[23, 21, 24, 20], [1, 8, 2, 9], [3, 6, 4, 7], [5, 18, 6, 19], [7, 2, 8, 3], [9, 17, 10, 16], [11, 15, 12, 14], [13, 23, 14, 22], [15, 1, 16, 24], [17, 4, 18, 5], [19, 11, 20, 10], [21, 13, 22, 12]]"
12a_0545_114,"[[21, 13, 22, 12], [23, 21, 24, 20], [1, 8, 2, 9], [3, 6, 4, 7], [5, 18, 6, 19], [7, 2, 8, 3], [9, 17, 10, 16], [11, 15, 12, 14], [13, 23, 14, 22], [15, 1, 16, 24], [17, 4, 18, 5], [19, 11, 20, 10]]"
12a_0545_115,"[[19, 11, 20, 10], [21, 13, 22, 12], [23, 21, 24, 20], [1, 8, 2, 9], [3, 6, 4, 7], [5, 18, 6, 19], [7, 2, 8, 3], [9, 17, 10, 16], [11, 15, 12, 14], [13, 23, 14, 22], [15, 1, 16, 24], [17, 4, 18, 5]]"
12a_0545_116,"[[17, 4, 18, 5], [19, 11, 20, 10], [21, 13, 22, 12], [23, 21, 24, 20], [1, 8, 2, 9], [3, 6, 4, 7], [5, 18, 6, 19], [7, 2, 8, 3], [9, 17, 10, 16], [11, 15, 12, 14], [13, 23, 14, 22], [15, 1, 16, 24]]"
12a_0545_117,"[[15, 1, 16, 24], [17, 4, 18, 5], [19, 11, 20, 10], [21, 13, 22, 12], [23, 21, 24, 20], [1, 8, 2, 9], [3, 6, 4, 7], [5, 18, 6, 19], [7, 2, 8, 3], [9, 17, 10, 16], [11, 15, 12, 14], [13, 23, 14, 22]]"
12a_0545_118,"[[13, 23, 14, 22], [15, 1, 16, 24], [17, 4, 18, 5], [19, 11, 20, 10], [21, 13, 22, 12], [23, 21, 24, 20], [1, 8, 2, 9], [3, 6, 4, 7], [5, 18, 6, 19], [7, 2, 8, 3], [9, 17, 10, 16], [11, 15, 12, 14]]"
12a_0545_119,"[[11, 15, 12, 14], [13, 23, 14, 22], [15, 1, 16, 24], [17, 4, 18, 5], [19, 11, 20, 10], [21, 13, 22, 12], [23, 21, 24, 20], [1, 8, 2, 9], [3, 6, 4, 7], [5, 18, 6, 19], [7, 2, 8, 3], [9, 17, 10, 16]]"
12a_0545_120,"[[10, 18, 11, 17], [12, 16, 13, 15], [14, 24, 15, 23], [16, 2, 17, 1], [18, 5, 19, 6], [20, 12, 21, 11], [22, 14, 23, 13], [24, 22, 1, 21], [2, 9, 3, 10], [4, 7, 5, 8], [6, 19, 7, 20], [8, 3, 9, 4]]"
12a_0545_121,"[[8, 3, 9, 4], [10, 18, 11, 17], [12, 16, 13, 15], [14, 24, 15, 23], [16, 2, 17, 1], [18, 5, 19, 6], [20, 12, 21, 11], [22, 14, 23, 13], [24, 22, 1, 21], [2, 9, 3, 10], [4, 7, 5, 8], [6, 19, 7, 20]]"
12a_0545_122,"[[6, 19, 7, 20], [8, 3, 9, 4], [10, 18, 11, 17], [12, 16, 13, 15], [14, 24, 15, 23], [16, 2, 17, 1], [18, 5, 19, 6], [20, 12, 21, 11], [22, 14, 23, 13], [24, 22, 1, 21], [2, 9, 3, 10], [4, 7, 5, 8]]"
12a_0545_123,"[[4, 7, 5, 8], [6, 19, 7, 20], [8, 3, 9, 4], [10, 18, 11, 17], [12, 16, 13, 15], [14, 24, 15, 23], [16, 2, 17, 1], [18, 5, 19, 6], [20, 12, 21, 11], [22, 14, 23, 13], [24, 22, 1, 21], [2, 9, 3, 10]]"
12a_0545_124,"[[2, 9, 3, 10], [4, 7, 5, 8], [6, 19, 7, 20], [8, 3, 9, 4], [10, 18, 11, 17], [12, 16, 13, 15], [14, 24, 15, 23], [16, 2, 17, 1], [18, 5, 19, 6], [20, 12, 21, 11], [22, 14, 23, 13], [24, 22, 1, 21]]"
12a_0545_125,"[[24, 22, 1, 21], [2, 9, 3, 10], [4, 7, 5, 8], [6, 19, 7, 20], [8, 3, 9, 4], [10, 18, 11, 17], [12, 16, 13, 15], [14, 24, 15, 23], [16, 2, 17, 1], [18, 5, 19, 6], [20, 12, 21, 11], [22, 14, 23, 13]]"
12a_0545_126,"[[22, 14, 23, 13], [24, 22, 1, 21], [2, 9, 3, 10], [4, 7, 5, 8], [6, 19, 7, 20], [8, 3, 9, 4], [10, 18, 11, 17], [12, 16, 13, 15], [14, 24, 15, 23], [16, 2, 17, 1], [18, 5, 19, 6], [20, 12, 21, 11]]"
12a_0545_127,"[[20, 12, 21, 11], [22, 14, 23, 13], [24, 22, 1, 21], [2, 9, 3, 10], [4, 7, 5, 8], [6, 19, 7, 20], [8, 3, 9, 4], [10, 18, 11, 17], [12, 16, 13, 15], [14, 24, 15, 23], [16, 2, 17, 1], [18, 5, 19, 6]]"
12a_0545_128,"[[18, 5, 19, 6], [20, 12, 21, 11], [22, 14, 23, 13], [24, 22, 1, 21], [2, 9, 3, 10], [4, 7, 5, 8], [6, 19, 7, 20], [8, 3, 9, 4], [10, 18, 11, 17], [12, 16, 13, 15], [14, 24, 15, 23], [16, 2, 17, 1]]"
12a_0545_129,"[[16, 2, 17, 1], [18, 5, 19, 6], [20, 12, 21, 11], [22, 14, 23, 13], [24, 22, 1, 21], [2, 9, 3, 10], [4, 7, 5, 8], [6, 19, 7, 20], [8, 3, 9, 4], [10, 18, 11, 17], [12, 16, 13, 15], [14, 24, 15, 23]]"
12a_0545_130,"[[14, 24, 15, 23], [16, 2, 17, 1], [18, 5, 19, 6], [20, 12, 21, 11], [22, 14, 23, 13], [24, 22, 1, 21], [2, 9, 3, 10], [4, 7, 5, 8], [6, 19, 7, 20], [8, 3, 9, 4], [10, 18, 11, 17], [12, 16, 13, 15]]"
12a_0545_131,"[[12, 16, 13, 15], [14, 24, 15, 23], [16, 2, 17, 1], [18, 5, 19, 6], [20, 12, 21, 11], [22, 14, 23, 13], [24, 22, 1, 21], [2, 9, 3, 10], [4, 7, 5, 8], [6, 19, 7, 20], [8, 3, 9, 4], [10, 18, 11, 17]]"
12a_0545_132,"[[11, 19, 12, 18], [13, 17, 14, 16], [15, 1, 16, 24], [17, 3, 18, 2], [19, 6, 20, 7], [21, 13, 22, 12], [23, 15, 24, 14], [1, 23, 2, 22], [3, 10, 4, 11], [5, 8, 6, 9], [7, 20, 8, 21], [9, 4, 10, 5]]"
12a_0545_133,"[[9, 4, 10, 5], [11, 19, 12, 18], [13, 17, 14, 16], [15, 1, 16, 24], [17, 3, 18, 2], [19, 6, 20, 7], [21, 13, 22, 12], [23, 15, 24, 14], [1, 23, 2, 22], [3, 10, 4, 11], [5, 8, 6, 9], [7, 20, 8, 21]]"
12a_0545_134,"[[7, 20, 8, 21], [9, 4, 10, 5], [11, 19, 12, 18], [13, 17, 14, 16], [15, 1, 16, 24], [17, 3, 18, 2], [19, 6, 20, 7], [21, 13, 22, 12], [23, 15, 24, 14], [1, 23, 2, 22], [3, 10, 4, 11], [5, 8, 6, 9]]"
12a_0545_135,"[[5, 8, 6, 9], [7, 20, 8, 21], [9, 4, 10, 5], [11, 19, 12, 18], [13, 17, 14, 16], [15, 1, 16, 24], [17, 3, 18, 2], [19, 6, 20, 7], [21, 13, 22, 12], [23, 15, 24, 14], [1, 23, 2, 22], [3, 10, 4, 11]]"
12a_0545_136,"[[3, 10, 4, 11], [5, 8, 6, 9], [7, 20, 8, 21], [9, 4, 10, 5], [11, 19, 12, 18], [13, 17, 14, 16], [15, 1, 16, 24], [17, 3, 18, 2], [19, 6, 20, 7], [21, 13, 22, 12], [23, 15, 24, 14], [1, 23, 2, 22]]"
12a_0545_137,"[[1, 23, 2, 22], [3, 10, 4, 11], [5, 8, 6, 9], [7, 20, 8, 21], [9, 4, 10, 5], [11, 19, 12, 18], [13, 17, 14, 16], [15, 1, 16, 24], [17, 3, 18, 2], [19, 6, 20, 7], [21, 13, 22, 12], [23, 15, 24, 14]]"
12a_0545_138,"[[23, 15, 24, 14], [1, 23, 2, 22], [3, 10, 4, 11], [5, 8, 6, 9], [7, 20, 8, 21], [9, 4, 10, 5], [11, 19, 12, 18], [13, 17, 14, 16], [15, 1, 16, 24], [17, 3, 18, 2], [19, 6, 20, 7], [21, 13, 22, 12]]"
12a_0545_139,"[[21, 13, 22, 12], [23, 15, 24, 14], [1, 23, 2, 22], [3, 10, 4, 11], [5, 8, 6, 9], [7, 20, 8, 21], [9, 4, 10, 5], [11, 19, 12, 18], [13, 17, 14, 16], [15, 1, 16, 24], [17, 3, 18, 2], [19, 6, 20, 7]]"
12a_0545_140,"[[19, 6, 20, 7], [21, 13, 22, 12], [23, 15, 24, 14], [1, 23, 2, 22], [3, 10, 4, 11], [5, 8, 6, 9], [7, 20, 8, 21], [9, 4, 10, 5], [11, 19, 12, 18], [13, 17, 14, 16], [15, 1, 16, 24], [17, 3, 18, 2]]"
12a_0545_141,"[[17, 3, 18, 2], [19, 6, 20, 7], [21, 13, 22, 12], [23, 15, 24, 14], [1, 23, 2, 22], [3, 10, 4, 11], [5, 8, 6, 9], [7, 20, 8, 21], [9, 4, 10, 5], [11, 19, 12, 18], [13, 17, 14, 16], [15, 1, 16, 24]]"
12a_0545_142,"[[15, 1, 16, 24], [17, 3, 18, 2], [19, 6, 20, 7], [21, 13, 22, 12], [23, 15, 24, 14], [1, 23, 2, 22], [3, 10, 4, 11], [5, 8, 6, 9], [7, 20, 8, 21], [9, 4, 10, 5], [11, 19, 12, 18], [13, 17, 14, 16]]"
12a_0545_143,"[[13, 17, 14, 16], [15, 1, 16, 24], [17, 3, 18, 2], [19, 6, 20, 7], [21, 13, 22, 12], [23, 15, 24, 14], [1, 23, 2, 22], [3, 10, 4, 11], [5, 8, 6, 9], [7, 20, 8, 21], [9, 4, 10, 5], [11, 19, 12, 18]]"
12a_0545_144,"[[12, 20, 13, 19], [14, 18, 15, 17], [16, 2, 17, 1], [18, 4, 19, 3], [20, 7, 21, 8], [22, 14, 23, 13], [24, 16, 1, 15], [2, 24, 3, 23], [4, 11, 5, 12], [6, 9, 7, 10], [8, 21, 9, 22], [10, 5, 11, 6]]"
12a_0545_145,"[[10, 5, 11, 6], [12, 20, 13, 19], [14, 18, 15, 17], [16, 2, 17, 1], [18, 4, 19, 3], [20, 7, 21, 8], [22, 14, 23, 13], [24, 16, 1, 15], [2, 24, 3, 23], [4, 11, 5, 12], [6, 9, 7, 10], [8, 21, 9, 22]]"
12a_0545_146,"[[8, 21, 9, 22], [10, 5, 11, 6], [12, 20, 13, 19], [14, 18, 15, 17], [16, 2, 17, 1], [18, 4, 19, 3], [20, 7, 21, 8], [22, 14, 23, 13], [24, 16, 1, 15], [2, 24, 3, 23], [4, 11, 5, 12], [6, 9, 7, 10]]"
12a_0545_147,"[[6, 9, 7, 10], [8, 21, 9, 22], [10, 5, 11, 6], [12, 20, 13, 19], [14, 18, 15, 17], [16, 2, 17, 1], [18, 4, 19, 3], [20, 7, 21, 8], [22, 14, 23, 13], [24, 16, 1, 15], [2, 24, 3, 23], [4, 11, 5, 12]]"
12a_0545_148,"[[4, 11, 5, 12], [6, 9, 7, 10], [8, 21, 9, 22], [10, 5, 11, 6], [12, 20, 13, 19], [14, 18, 15, 17], [16, 2, 17, 1], [18, 4, 19, 3], [20, 7, 21, 8], [22, 14, 23, 13], [24, 16, 1, 15], [2, 24, 3, 23]]"
12a_0545_149,"[[2, 24, 3, 23], [4, 11, 5, 12], [6, 9, 7, 10], [8, 21, 9, 22], [10, 5, 11, 6], [12, 20, 13, 19], [14, 18, 15, 17], [16, 2, 17, 1], [18, 4, 19, 3], [20, 7, 21, 8], [22, 14, 23, 13], [24, 16, 1, 15]]"
12a_0545_150,"[[24, 16, 1, 15], [2, 24, 3, 23], [4, 11, 5, 12], [6, 9, 7, 10], [8, 21, 9, 22], [10, 5, 11, 6], [12, 20, 13, 19], [14, 18, 15, 17], [16, 2, 17, 1], [18, 4, 19, 3], [20, 7, 21, 8], [22, 14, 23, 13]]"
12a_0545_151,"[[22, 14, 23, 13], [24, 16, 1, 15], [2, 24, 3, 23], [4, 11, 5, 12], [6, 9, 7, 10], [8, 21, 9, 22], [10, 5, 11, 6], [12, 20, 13, 19], [14, 18, 15, 17], [16, 2, 17, 1], [18, 4, 19, 3], [20, 7, 21, 8]]"
12a_0545_152,"[[20, 7, 21, 8], [22, 14, 23, 13], [24, 16, 1, 15], [2, 24, 3, 23], [4, 11, 5, 12], [6, 9, 7, 10], [8, 21, 9, 22], [10, 5, 11, 6], [12, 20, 13, 19], [14, 18, 15, 17], [16, 2, 17, 1], [18, 4, 19, 3]]"
12a_0545_153,"[[18, 4, 19, 3], [20, 7, 21, 8], [22, 14, 23, 13], [24, 16, 1, 15], [2, 24, 3, 23], [4, 11, 5, 12], [6, 9, 7, 10], [8, 21, 9, 22], [10, 5, 11, 6], [12, 20, 13, 19], [14, 18, 15, 17], [16, 2, 17, 1]]"
12a_0545_154,"[[16, 2, 17, 1], [18, 4, 19, 3], [20, 7, 21, 8], [22, 14, 23, 13], [24, 16, 1, 15], [2, 24, 3, 23], [4, 11, 5, 12], [6, 9, 7, 10], [8, 21, 9, 22], [10, 5, 11, 6], [12, 20, 13, 19], [14, 18, 15, 17]]"
12a_0545_155,"[[14, 18, 15, 17], [16, 2, 17, 1], [18, 4, 19, 3], [20, 7, 21, 8], [22, 14, 23, 13], [24, 16, 1, 15], [2, 24, 3, 23], [4, 11, 5, 12], [6, 9, 7, 10], [8, 21, 9, 22], [10, 5, 11, 6], [12, 20, 13, 19]]"
12a_0545_156,"[[13, 21, 14, 20], [15, 19, 16, 18], [17, 3, 18, 2], [19, 5, 20, 4], [21, 8, 22, 9], [23, 15, 24, 14], [1, 17, 2, 16], [3, 1, 4, 24], [5, 12, 6, 13], [7, 10, 8, 11], [9, 22, 10, 23], [11, 6, 12, 7]]"
12a_0545_157,"[[11, 6, 12, 7], [13, 21, 14, 20], [15, 19, 16, 18], [17, 3, 18, 2], [19, 5, 20, 4], [21, 8, 22, 9], [23, 15, 24, 14], [1, 17, 2, 16], [3, 1, 4, 24], [5, 12, 6, 13], [7, 10, 8, 11], [9, 22, 10, 23]]"
12a_0545_158,"[[9, 22, 10, 23], [11, 6, 12, 7], [13, 21, 14, 20], [15, 19, 16, 18], [17, 3, 18, 2], [19, 5, 20, 4], [21, 8, 22, 9], [23, 15, 24, 14], [1, 17, 2, 16], [3, 1, 4, 24], [5, 12, 6, 13], [7, 10, 8, 11]]"
12a_0545_159,"[[7, 10, 8, 11], [9, 22, 10, 23], [11, 6, 12, 7], [13, 21, 14, 20], [15, 19, 16, 18], [17, 3, 18, 2], [19, 5, 20, 4], [21, 8, 22, 9], [23, 15, 24, 14], [1, 17, 2, 16], [3, 1, 4, 24], [5, 12, 6, 13]]"
12a_0545_160,"[[5, 12, 6, 13], [7, 10, 8, 11], [9, 22, 10, 23], [11, 6, 12, 7], [13, 21, 14, 20], [15, 19, 16, 18], [17, 3, 18, 2], [19, 5, 20, 4], [21, 8, 22, 9], [23, 15, 24, 14], [1, 17, 2, 16], [3, 1, 4, 24]]"
12a_0545_161,"[[3, 1, 4, 24], [5, 12, 6, 13], [7, 10, 8, 11], [9, 22, 10, 23], [11, 6, 12, 7], [13, 21, 14, 20], [15, 19, 16, 18], [17, 3, 18, 2], [19, 5, 20, 4], [21, 8, 22, 9], [23, 15, 24, 14], [1, 17, 2, 16]]"
12a_0545_162,"[[1, 17, 2, 16], [3, 1, 4, 24], [5, 12, 6, 13], [7, 10, 8, 11], [9, 22, 10, 23], [11, 6, 12, 7], [13, 21, 14, 20], [15, 19, 16, 18], [17, 3, 18, 2], [19, 5, 20, 4], [21, 8, 22, 9], [23, 15, 24, 14]]"
12a_0545_163,"[[23, 15, 24, 14], [1, 17, 2, 16], [3, 1, 4, 24], [5, 12, 6, 13], [7, 10, 8, 11], [9, 22, 10, 23], [11, 6, 12, 7], [13, 21, 14, 20], [15, 19, 16, 18], [17, 3, 18, 2], [19, 5, 20, 4], [21, 8, 22, 9]]"
12a_0545_164,"[[21, 8, 22, 9], [23, 15, 24, 14], [1, 17, 2, 16], [3, 1, 4, 24], [5, 12, 6, 13], [7, 10, 8, 11], [9, 22, 10, 23], [11, 6, 12, 7], [13, 21, 14, 20], [15, 19, 16, 18], [17, 3, 18, 2], [19, 5, 20, 4]]"
12a_0545_165,"[[19, 5, 20, 4], [21, 8, 22, 9], [23, 15, 24, 14], [1, 17, 2, 16], [3, 1, 4, 24], [5, 12, 6, 13], [7, 10, 8, 11], [9, 22, 10, 23], [11, 6, 12, 7], [13, 21, 14, 20], [15, 19, 16, 18], [17, 3, 18, 2]]"
12a_0545_166,"[[17, 3, 18, 2], [19, 5, 20, 4], [21, 8, 22, 9], [23, 15, 24, 14], [1, 17, 2, 16], [3, 1, 4, 24], [5, 12, 6, 13], [7, 10, 8, 11], [9, 22, 10, 23], [11, 6, 12, 7], [13, 21, 14, 20], [15, 19, 16, 18]]"
12a_0545_167,"[[15, 19, 16, 18], [17, 3, 18, 2], [19, 5, 20, 4], [21, 8, 22, 9], [23, 15, 24, 14], [1, 17, 2, 16], [3, 1, 4, 24], [5, 12, 6, 13], [7, 10, 8, 11], [9, 22, 10, 23], [11, 6, 12, 7], [13, 21, 14, 20]]"
12a_0545_168,"[[14, 22, 15, 21], [16, 20, 17, 19], [18, 4, 19, 3], [20, 6, 21, 5], [22, 9, 23, 10], [24, 16, 1, 15], [2, 18, 3, 17], [4, 2, 5, 1], [6, 13, 7, 14], [8, 11, 9, 12], [10, 23, 11, 24], [12, 7, 13, 8]]"
12a_0545_169,"[[12, 7, 13, 8], [14, 22, 15, 21], [16, 20, 17, 19], [18, 4, 19, 3], [20, 6, 21, 5], [22, 9, 23, 10], [24, 16, 1, 15], [2, 18, 3, 17], [4, 2, 5, 1], [6, 13, 7, 14], [8, 11, 9, 12], [10, 23, 11, 24]]"
12a_0545_170,"[[10, 23, 11, 24], [12, 7, 13, 8], [14, 22, 15, 21], [16, 20, 17, 19], [18, 4, 19, 3], [20, 6, 21, 5], [22, 9, 23, 10], [24, 16, 1, 15], [2, 18, 3, 17], [4, 2, 5, 1], [6, 13, 7, 14], [8, 11, 9, 12]]"
12a_0545_171,"[[8, 11, 9, 12], [10, 23, 11, 24], [12, 7, 13, 8], [14, 22, 15, 21], [16, 20, 17, 19], [18, 4, 19, 3], [20, 6, 21, 5], [22, 9, 23, 10], [24, 16, 1, 15], [2, 18, 3, 17], [4, 2, 5, 1], [6, 13, 7, 14]]"
12a_0545_172,"[[6, 13, 7, 14], [8, 11, 9, 12], [10, 23, 11, 24], [12, 7, 13, 8], [14, 22, 15, 21], [16, 20, 17, 19], [18, 4, 19, 3], [20, 6, 21, 5], [22, 9, 23, 10], [24, 16, 1, 15], [2, 18, 3, 17], [4, 2, 5, 1]]"
12a_0545_173,"[[4, 2, 5, 1], [6, 13, 7, 14], [8, 11, 9, 12], [10, 23, 11, 24], [12, 7, 13, 8], [14, 22, 15, 21], [16, 20, 17, 19], [18, 4, 19, 3], [20, 6, 21, 5], [22, 9, 23, 10], [24, 16, 1, 15], [2, 18, 3, 17]]"
12a_0545_174,"[[2, 18, 3, 17], [4, 2, 5, 1], [6, 13, 7, 14], [8, 11, 9, 12], [10, 23, 11, 24], [12, 7, 13, 8], [14, 22, 15, 21], [16, 20, 17, 19], [18, 4, 19, 3], [20, 6, 21, 5], [22, 9, 23, 10], [24, 16, 1, 15]]"
12a_0545_175,"[[24, 16, 1, 15], [2, 18, 3, 17], [4, 2, 5, 1], [6, 13, 7, 14], [8, 11, 9, 12], [10, 23, 11, 24], [12, 7, 13, 8], [14, 22, 15, 21], [16, 20, 17, 19], [18, 4, 19, 3], [20, 6, 21, 5], [22, 9, 23, 10]]"
12a_0545_176,"[[22, 9, 23, 10], [24, 16, 1, 15], [2, 18, 3, 17], [4, 2, 5, 1], [6, 13, 7, 14], [8, 11, 9, 12], [10, 23, 11, 24], [12, 7, 13, 8], [14, 22, 15, 21], [16, 20, 17, 19], [18, 4, 19, 3], [20, 6, 21, 5]]"
12a_0545_177,"[[20, 6, 21, 5], [22, 9, 23, 10], [24, 16, 1, 15], [2, 18, 3, 17], [4, 2, 5, 1], [6, 13, 7, 14], [8, 11, 9, 12], [10, 23, 11, 24], [12, 7, 13, 8], [14, 22, 15, 21], [16, 20, 17, 19], [18, 4, 19, 3]]"
12a_0545_178,"[[18, 4, 19, 3], [20, 6, 21, 5], [22, 9, 23, 10], [24, 16, 1, 15], [2, 18, 3, 17], [4, 2, 5, 1], [6, 13, 7, 14], [8, 11, 9, 12], [10, 23, 11, 24], [12, 7, 13, 8], [14, 22, 15, 21], [16, 20, 17, 19]]"
12a_0545_179,"[[16, 20, 17, 19], [18, 4, 19, 3], [20, 6, 21, 5], [22, 9, 23, 10], [24, 16, 1, 15], [2, 18, 3, 17], [4, 2, 5, 1], [6, 13, 7, 14], [8, 11, 9, 12], [10, 23, 11, 24], [12, 7, 13, 8], [14, 22, 15, 21]]"
12a_0545_180,"[[15, 23, 16, 22], [17, 21, 18, 20], [19, 5, 20, 4], [21, 7, 22, 6], [23, 10, 24, 11], [1, 17, 2, 16], [3, 19, 4, 18], [5, 3, 6, 2], [7, 14, 8, 15], [9, 12, 10, 13], [11, 24, 12, 1], [13, 8, 14, 9]]"
12a_0545_181,"[[13, 8, 14, 9], [15, 23, 16, 22], [17, 21, 18, 20], [19, 5, 20, 4], [21, 7, 22, 6], [23, 10, 24, 11], [1, 17, 2, 16], [3, 19, 4, 18], [5, 3, 6, 2], [7, 14, 8, 15], [9, 12, 10, 13], [11, 24, 12, 1]]"
12a_0545_182,"[[11, 24, 12, 1], [13, 8, 14, 9], [15, 23, 16, 22], [17, 21, 18, 20], [19, 5, 20, 4], [21, 7, 22, 6], [23, 10, 24, 11], [1, 17, 2, 16], [3, 19, 4, 18], [5, 3, 6, 2], [7, 14, 8, 15], [9, 12, 10, 13]]"
12a_0545_183,"[[9, 12, 10, 13], [11, 24, 12, 1], [13, 8, 14, 9], [15, 23, 16, 22], [17, 21, 18, 20], [19, 5, 20, 4], [21, 7, 22, 6], [23, 10, 24, 11], [1, 17, 2, 16], [3, 19, 4, 18], [5, 3, 6, 2], [7, 14, 8, 15]]"
12a_0545_184,"[[7, 14, 8, 15], [9, 12, 10, 13], [11, 24, 12, 1], [13, 8, 14, 9], [15, 23, 16, 22], [17, 21, 18, 20], [19, 5, 20, 4], [21, 7, 22, 6], [23, 10, 24, 11], [1, 17, 2, 16], [3, 19, 4, 18], [5, 3, 6, 2]]"
12a_0545_185,"[[5, 3, 6, 2], [7, 14, 8, 15], [9, 12, 10, 13], [11, 24, 12, 1], [13, 8, 14, 9], [15, 23, 16, 22], [17, 21, 18, 20], [19, 5, 20, 4], [21, 7, 22, 6], [23, 10, 24, 11], [1, 17, 2, 16], [3, 19, 4, 18]]"
