name,pd_notation
12a_0457_0,"[[24, 15, 1, 16], [2, 6, 3, 5], [4, 11, 5, 12], [6, 20, 7, 19], [8, 24, 9, 23], [10, 17, 11, 18], [12, 3, 13, 4], [14, 7, 15, 8], [16, 21, 17, 22], [18, 13, 19, 14], [20, 2, 21, 1], [22, 10, 23, 9]]"
12a_0457_1,"[[22, 10, 23, 9], [24, 15, 1, 16], [2, 6, 3, 5], [4, 11, 5, 12], [6, 20, 7, 19], [8, 24, 9, 23], [10, 17, 11, 18], [12, 3, 13, 4], [14, 7, 15, 8], [16, 21, 17, 22], [18, 13, 19, 14], [20, 2, 21, 1]]"
12a_0457_2,"[[20, 2, 21, 1], [22, 10, 23, 9], [24, 15, 1, 16], [2, 6, 3, 5], [4, 11, 5, 12], [6, 20, 7, 19], [8, 24, 9, 23], [10, 17, 11, 18], [12, 3, 13, 4], [14, 7, 15, 8], [16, 21, 17, 22], [18, 13, 19, 14]]"
12a_0457_3,"[[18, 13, 19, 14], [20, 2, 21, 1], [22, 10, 23, 9], [24, 15, 1, 16], [2, 6, 3, 5], [4, 11, 5, 12], [6, 20, 7, 19], [8, 24, 9, 23], [10, 17, 11, 18], [12, 3, 13, 4], [14, 7, 15, 8], [16, 21, 17, 22]]"
12a_0457_4,"[[16, 21, 17, 22], [18, 13, 19, 14], [20, 2, 21, 1], [22, 10, 23, 9], [24, 15, 1, 16], [2, 6, 3, 5], [4, 11, 5, 12], [6, 20, 7, 19], [8, 24, 9, 23], [10, 17, 11, 18], [12, 3, 13, 4], [14, 7, 15, 8]]"
12a_0457_5,"[[14, 7, 15, 8], [16, 21, 17, 22], [18, 13, 19, 14], [20, 2, 21, 1], [22, 10, 23, 9], [24, 15, 1, 16], [2, 6, 3, 5], [4, 11, 5, 12], [6, 20, 7, 19], [8, 24, 9, 23], [10, 17, 11, 18], [12, 3, 13, 4]]"
12a_0457_6,"[[12, 3, 13, 4], [14, 7, 15, 8], [16, 21, 17, 22], [18, 13, 19, 14], [20, 2, 21, 1], [22, 10, 23, 9], [24, 15, 1, 16], [2, 6, 3, 5], [4, 11, 5, 12], [6, 20, 7, 19], [8, 24, 9, 23], [10, 17, 11, 18]]"
12a_0457_7,"[[10, 17, 11, 18], [12, 3, 13, 4], [14, 7, 15, 8], [16, 21, 17, 22], [18, 13, 19, 14], [20, 2, 21, 1], [22, 10, 23, 9], [24, 15, 1, 16], [2, 6, 3, 5], [4, 11, 5, 12], [6, 20, 7, 19], [8, 24, 9, 23]]"
12a_0457_8,"[[8, 24, 9, 23], [10, 17, 11, 18], [12, 3, 13, 4], [14, 7, 15, 8], [16, 21, 17, 22], [18, 13, 19, 14], [20, 2, 21, 1], [22, 10, 23, 9], [24, 15, 1, 16], [2, 6, 3, 5], [4, 11, 5, 12], [6, 20, 7, 19]]"
12a_0457_9,"[[6, 20, 7, 19], [8, 24, 9, 23], [10, 17, 11, 18], [12, 3, 13, 4], [14, 7, 15, 8], [16, 21, 17, 22], [18, 13, 19, 14], [20, 2, 21, 1], [22, 10, 23, 9], [24, 15, 1, 16], [2, 6, 3, 5], [4, 11, 5, 12]]"
12a_0457_10,"[[4, 11, 5, 12], [6, 20, 7, 19], [8, 24, 9, 23], [10, 17, 11, 18], [12, 3, 13, 4], [14, 7, 15, 8], [16, 21, 17, 22], [18, 13, 19, 14], [20, 2, 21, 1], [22, 10, 23, 9], [24, 15, 1, 16], [2, 6, 3, 5]]"
12a_0457_11,"[[2, 6, 3, 5], [4, 11, 5, 12], [6, 20, 7, 19], [8, 24, 9, 23], [10, 17, 11, 18], [12, 3, 13, 4], [14, 7, 15, 8], [16, 21, 17, 22], [18, 13, 19, 14], [20, 2, 21, 1], [22, 10, 23, 9], [24, 15, 1, 16]]"
12a_0457_12,"[[1, 16, 2, 17], [3, 7, 4, 6], [5, 12, 6, 13], [7, 21, 8, 20], [9, 1, 10, 24], [11, 18, 12, 19], [13, 4, 14, 5], [15, 8, 16, 9], [17, 22, 18, 23], [19, 14, 20, 15], [21, 3, 22, 2], [23, 11, 24, 10]]"
12a_0457_13,"[[23, 11, 24, 10], [1, 16, 2, 17], [3, 7, 4, 6], [5, 12, 6, 13], [7, 21, 8, 20], [9, 1, 10, 24], [11, 18, 12, 19], [13, 4, 14, 5], [15, 8, 16, 9], [17, 22, 18, 23], [19, 14, 20, 15], [21, 3, 22, 2]]"
12a_0457_14,"[[21, 3, 22, 2], [23, 11, 24, 10], [1, 16, 2, 17], [3, 7, 4, 6], [5, 12, 6, 13], [7, 21, 8, 20], [9, 1, 10, 24], [11, 18, 12, 19], [13, 4, 14, 5], [15, 8, 16, 9], [17, 22, 18, 23], [19, 14, 20, 15]]"
12a_0457_15,"[[19, 14, 20, 15], [21, 3, 22, 2], [23, 11, 24, 10], [1, 16, 2, 17], [3, 7, 4, 6], [5, 12, 6, 13], [7, 21, 8, 20], [9, 1, 10, 24], [11, 18, 12, 19], [13, 4, 14, 5], [15, 8, 16, 9], [17, 22, 18, 23]]"
12a_0457_16,"[[17, 22, 18, 23], [19, 14, 20, 15], [21, 3, 22, 2], [23, 11, 24, 10], [1, 16, 2, 17], [3, 7, 4, 6], [5, 12, 6, 13], [7, 21, 8, 20], [9, 1, 10, 24], [11, 18, 12, 19], [13, 4, 14, 5], [15, 8, 16, 9]]"
12a_0457_17,"[[15, 8, 16, 9], [17, 22, 18, 23], [19, 14, 20, 15], [21, 3, 22, 2], [23, 11, 24, 10], [1, 16, 2, 17], [3, 7, 4, 6], [5, 12, 6, 13], [7, 21, 8, 20], [9, 1, 10, 24], [11, 18, 12, 19], [13, 4, 14, 5]]"
12a_0457_18,"[[13, 4, 14, 5], [15, 8, 16, 9], [17, 22, 18, 23], [19, 14, 20, 15], [21, 3, 22, 2], [23, 11, 24, 10], [1, 16, 2, 17], [3, 7, 4, 6], [5, 12, 6, 13], [7, 21, 8, 20], [9, 1, 10, 24], [11, 18, 12, 19]]"
12a_0457_19,"[[11, 18, 12, 19], [13, 4, 14, 5], [15, 8, 16, 9], [17, 22, 18, 23], [19, 14, 20, 15], [21, 3, 22, 2], [23, 11, 24, 10], [1, 16, 2, 17], [3, 7, 4, 6], [5, 12, 6, 13], [7, 21, 8, 20], [9, 1, 10, 24]]"
12a_0457_20,"[[9, 1, 10, 24], [11, 18, 12, 19], [13, 4, 14, 5], [15, 8, 16, 9], [17, 22, 18, 23], [19, 14, 20, 15], [21, 3, 22, 2], [23, 11, 24, 10], [1, 16, 2, 17], [3, 7, 4, 6], [5, 12, 6, 13], [7, 21, 8, 20]]"
12a_0457_21,"[[7, 21, 8, 20], [9, 1, 10, 24], [11, 18, 12, 19], [13, 4, 14, 5], [15, 8, 16, 9], [17, 22, 18, 23], [19, 14, 20, 15], [21, 3, 22, 2], [23, 11, 24, 10], [1, 16, 2, 17], [3, 7, 4, 6], [5, 12, 6, 13]]"
12a_0457_22,"[[5, 12, 6, 13], [7, 21, 8, 20], [9, 1, 10, 24], [11, 18, 12, 19], [13, 4, 14, 5], [15, 8, 16, 9], [17, 22, 18, 23], [19, 14, 20, 15], [21, 3, 22, 2], [23, 11, 24, 10], [1, 16, 2, 17], [3, 7, 4, 6]]"
12a_0457_23,"[[3, 7, 4, 6], [5, 12, 6, 13], [7, 21, 8, 20], [9, 1, 10, 24], [11, 18, 12, 19], [13, 4, 14, 5], [15, 8, 16, 9], [17, 22, 18, 23], [19, 14, 20, 15], [21, 3, 22, 2], [23, 11, 24, 10], [1, 16, 2, 17]]"
12a_0457_24,"[[2, 17, 3, 18], [4, 8, 5, 7], [6, 13, 7, 14], [8, 22, 9, 21], [10, 2, 11, 1], [12, 19, 13, 20], [14, 5, 15, 6], [16, 9, 17, 10], [18, 23, 19, 24], [20, 15, 21, 16], [22, 4, 23, 3], [24, 12, 1, 11]]"
12a_0457_25,"[[24, 12, 1, 11], [2, 17, 3, 18], [4, 8, 5, 7], [6, 13, 7, 14], [8, 22, 9, 21], [10, 2, 11, 1], [12, 19, 13, 20], [14, 5, 15, 6], [16, 9, 17, 10], [18, 23, 19, 24], [20, 15, 21, 16], [22, 4, 23, 3]]"
12a_0457_26,"[[22, 4, 23, 3], [24, 12, 1, 11], [2, 17, 3, 18], [4, 8, 5, 7], [6, 13, 7, 14], [8, 22, 9, 21], [10, 2, 11, 1], [12, 19, 13, 20], [14, 5, 15, 6], [16, 9, 17, 10], [18, 23, 19, 24], [20, 15, 21, 16]]"
12a_0457_27,"[[20, 15, 21, 16], [22, 4, 23, 3], [24, 12, 1, 11], [2, 17, 3, 18], [4, 8, 5, 7], [6, 13, 7, 14], [8, 22, 9, 21], [10, 2, 11, 1], [12, 19, 13, 20], [14, 5, 15, 6], [16, 9, 17, 10], [18, 23, 19, 24]]"
12a_0457_28,"[[18, 23, 19, 24], [20, 15, 21, 16], [22, 4, 23, 3], [24, 12, 1, 11], [2, 17, 3, 18], [4, 8, 5, 7], [6, 13, 7, 14], [8, 22, 9, 21], [10, 2, 11, 1], [12, 19, 13, 20], [14, 5, 15, 6], [16, 9, 17, 10]]"
12a_0457_29,"[[16, 9, 17, 10], [18, 23, 19, 24], [20, 15, 21, 16], [22, 4, 23, 3], [24, 12, 1, 11], [2, 17, 3, 18], [4, 8, 5, 7], [6, 13, 7, 14], [8, 22, 9, 21], [10, 2, 11, 1], [12, 19, 13, 20], [14, 5, 15, 6]]"
12a_0457_30,"[[14, 5, 15, 6], [16, 9, 17, 10], [18, 23, 19, 24], [20, 15, 21, 16], [22, 4, 23, 3], [24, 12, 1, 11], [2, 17, 3, 18], [4, 8, 5, 7], [6, 13, 7, 14], [8, 22, 9, 21], [10, 2, 11, 1], [12, 19, 13, 20]]"
12a_0457_31,"[[12, 19, 13, 20], [14, 5, 15, 6], [16, 9, 17, 10], [18, 23, 19, 24], [20, 15, 21, 16], [22, 4, 23, 3], [24, 12, 1, 11], [2, 17, 3, 18], [4, 8, 5, 7], [6, 13, 7, 14], [8, 22, 9, 21], [10, 2, 11, 1]]"
12a_0457_32,"[[10, 2, 11, 1], [12, 19, 13, 20], [14, 5, 15, 6], [16, 9, 17, 10], [18, 23, 19, 24], [20, 15, 21, 16], [22, 4, 23, 3], [24, 12, 1, 11], [2, 17, 3, 18], [4, 8, 5, 7], [6, 13, 7, 14], [8, 22, 9, 21]]"
12a_0457_33,"[[8, 22, 9, 21], [10, 2, 11, 1], [12, 19, 13, 20], [14, 5, 15, 6], [16, 9, 17, 10], [18, 23, 19, 24], [20, 15, 21, 16], [22, 4, 23, 3], [24, 12, 1, 11], [2, 17, 3, 18], [4, 8, 5, 7], [6, 13, 7, 14]]"
12a_0457_34,"[[6, 13, 7, 14], [8, 22, 9, 21], [10, 2, 11, 1], [12, 19, 13, 20], [14, 5, 15, 6], [16, 9, 17, 10], [18, 23, 19, 24], [20, 15, 21, 16], [22, 4, 23, 3], [24, 12, 1, 11], [2, 17, 3, 18], [4, 8, 5, 7]]"
12a_0457_35,"[[4, 8, 5, 7], [6, 13, 7, 14], [8, 22, 9, 21], [10, 2, 11, 1], [12, 19, 13, 20], [14, 5, 15, 6], [16, 9, 17, 10], [18, 23, 19, 24], [20, 15, 21, 16], [22, 4, 23, 3], [24, 12, 1, 11], [2, 17, 3, 18]]"
12a_0457_36,"[[3, 18, 4, 19], [5, 9, 6, 8], [7, 14, 8, 15], [9, 23, 10, 22], [11, 3, 12, 2], [13, 20, 14, 21], [15, 6, 16, 7], [17, 10, 18, 11], [19, 24, 20, 1], [21, 16, 22, 17], [23, 5, 24, 4], [1, 13, 2, 12]]"
12a_0457_37,"[[1, 13, 2, 12], [3, 18, 4, 19], [5, 9, 6, 8], [7, 14, 8, 15], [9, 23, 10, 22], [11, 3, 12, 2], [13, 20, 14, 21], [15, 6, 16, 7], [17, 10, 18, 11], [19, 24, 20, 1], [21, 16, 22, 17], [23, 5, 24, 4]]"
12a_0457_38,"[[23, 5, 24, 4], [1, 13, 2, 12], [3, 18, 4, 19], [5, 9, 6, 8], [7, 14, 8, 15], [9, 23, 10, 22], [11, 3, 12, 2], [13, 20, 14, 21], [15, 6, 16, 7], [17, 10, 18, 11], [19, 24, 20, 1], [21, 16, 22, 17]]"
12a_0457_39,"[[21, 16, 22, 17], [23, 5, 24, 4], [1, 13, 2, 12], [3, 18, 4, 19], [5, 9, 6, 8], [7, 14, 8, 15], [9, 23, 10, 22], [11, 3, 12, 2], [13, 20, 14, 21], [15, 6, 16, 7], [17, 10, 18, 11], [19, 24, 20, 1]]"
12a_0457_40,"[[19, 24, 20, 1], [21, 16, 22, 17], [23, 5, 24, 4], [1, 13, 2, 12], [3, 18, 4, 19], [5, 9, 6, 8], [7, 14, 8, 15], [9, 23, 10, 22], [11, 3, 12, 2], [13, 20, 14, 21], [15, 6, 16, 7], [17, 10, 18, 11]]"
12a_0457_41,"[[17, 10, 18, 11], [19, 24, 20, 1], [21, 16, 22, 17], [23, 5, 24, 4], [1, 13, 2, 12], [3, 18, 4, 19], [5, 9, 6, 8], [7, 14, 8, 15], [9, 23, 10, 22], [11, 3, 12, 2], [13, 20, 14, 21], [15, 6, 16, 7]]"
12a_0457_42,"[[15, 6, 16, 7], [17, 10, 18, 11], [19, 24, 20, 1], [21, 16, 22, 17], [23, 5, 24, 4], [1, 13, 2, 12], [3, 18, 4, 19], [5, 9, 6, 8], [7, 14, 8, 15], [9, 23, 10, 22], [11, 3, 12, 2], [13, 20, 14, 21]]"
12a_0457_43,"[[13, 20, 14, 21], [15, 6, 16, 7], [17, 10, 18, 11], [19, 24, 20, 1], [21, 16, 22, 17], [23, 5, 24, 4], [1, 13, 2, 12], [3, 18, 4, 19], [5, 9, 6, 8], [7, 14, 8, 15], [9, 23, 10, 22], [11, 3, 12, 2]]"
12a_0457_44,"[[11, 3, 12, 2], [13, 20, 14, 21], [15, 6, 16, 7], [17, 10, 18, 11], [19, 24, 20, 1], [21, 16, 22, 17], [23, 5, 24, 4], [1, 13, 2, 12], [3, 18, 4, 19], [5, 9, 6, 8], [7, 14, 8, 15], [9, 23, 10, 22]]"
12a_0457_45,"[[9, 23, 10, 22], [11, 3, 12, 2], [13, 20, 14, 21], [15, 6, 16, 7], [17, 10, 18, 11], [19, 24, 20, 1], [21, 16, 22, 17], [23, 5, 24, 4], [1, 13, 2, 12], [3, 18, 4, 19], [5, 9, 6, 8], [7, 14, 8, 15]]"
12a_0457_46,"[[7, 14, 8, 15], [9, 23, 10, 22], [11, 3, 12, 2], [13, 20, 14, 21], [15, 6, 16, 7], [17, 10, 18, 11], [19, 24, 20, 1], [21, 16, 22, 17], [23, 5, 24, 4], [1, 13, 2, 12], [3, 18, 4, 19], [5, 9, 6, 8]]"
12a_0457_47,"[[5, 9, 6, 8], [7, 14, 8, 15], [9, 23, 10, 22], [11, 3, 12, 2], [13, 20, 14, 21], [15, 6, 16, 7], [17, 10, 18, 11], [19, 24, 20, 1], [21, 16, 22, 17], [23, 5, 24, 4], [1, 13, 2, 12], [3, 18, 4, 19]]"
12a_0457_48,"[[4, 19, 5, 20], [6, 10, 7, 9], [8, 15, 9, 16], [10, 24, 11, 23], [12, 4, 13, 3], [14, 21, 15, 22], [16, 7, 17, 8], [18, 11, 19, 12], [20, 1, 21, 2], [22, 17, 23, 18], [24, 6, 1, 5], [2, 14, 3, 13]]"
12a_0457_49,"[[2, 14, 3, 13], [4, 19, 5, 20], [6, 10, 7, 9], [8, 15, 9, 16], [10, 24, 11, 23], [12, 4, 13, 3], [14, 21, 15, 22], [16, 7, 17, 8], [18, 11, 19, 12], [20, 1, 21, 2], [22, 17, 23, 18], [24, 6, 1, 5]]"
12a_0457_50,"[[24, 6, 1, 5], [2, 14, 3, 13], [4, 19, 5, 20], [6, 10, 7, 9], [8, 15, 9, 16], [10, 24, 11, 23], [12, 4, 13, 3], [14, 21, 15, 22], [16, 7, 17, 8], [18, 11, 19, 12], [20, 1, 21, 2], [22, 17, 23, 18]]"
12a_0457_51,"[[22, 17, 23, 18], [24, 6, 1, 5], [2, 14, 3, 13], [4, 19, 5, 20], [6, 10, 7, 9], [8, 15, 9, 16], [10, 24, 11, 23], [12, 4, 13, 3], [14, 21, 15, 22], [16, 7, 17, 8], [18, 11, 19, 12], [20, 1, 21, 2]]"
12a_0457_52,"[[20, 1, 21, 2], [22, 17, 23, 18], [24, 6, 1, 5], [2, 14, 3, 13], [4, 19, 5, 20], [6, 10, 7, 9], [8, 15, 9, 16], [10, 24, 11, 23], [12, 4, 13, 3], [14, 21, 15, 22], [16, 7, 17, 8], [18, 11, 19, 12]]"
12a_0457_53,"[[18, 11, 19, 12], [20, 1, 21, 2], [22, 17, 23, 18], [24, 6, 1, 5], [2, 14, 3, 13], [4, 19, 5, 20], [6, 10, 7, 9], [8, 15, 9, 16], [10, 24, 11, 23], [12, 4, 13, 3], [14, 21, 15, 22], [16, 7, 17, 8]]"
12a_0457_54,"[[16, 7, 17, 8], [18, 11, 19, 12], [20, 1, 21, 2], [22, 17, 23, 18], [24, 6, 1, 5], [2, 14, 3, 13], [4, 19, 5, 20], [6, 10, 7, 9], [8, 15, 9, 16], [10, 24, 11, 23], [12, 4, 13, 3], [14, 21, 15, 22]]"
12a_0457_55,"[[14, 21, 15, 22], [16, 7, 17, 8], [18, 11, 19, 12], [20, 1, 21, 2], [22, 17, 23, 18], [24, 6, 1, 5], [2, 14, 3, 13], [4, 19, 5, 20], [6, 10, 7, 9], [8, 15, 9, 16], [10, 24, 11, 23], [12, 4, 13, 3]]"
12a_0457_56,"[[12, 4, 13, 3], [14, 21, 15, 22], [16, 7, 17, 8], [18, 11, 19, 12], [20, 1, 21, 2], [22, 17, 23, 18], [24, 6, 1, 5], [2, 14, 3, 13], [4, 19, 5, 20], [6, 10, 7, 9], [8, 15, 9, 16], [10, 24, 11, 23]]"
12a_0457_57,"[[10, 24, 11, 23], [12, 4, 13, 3], [14, 21, 15, 22], [16, 7, 17, 8], [18, 11, 19, 12], [20, 1, 21, 2], [22, 17, 23, 18], [24, 6, 1, 5], [2, 14, 3, 13], [4, 19, 5, 20], [6, 10, 7, 9], [8, 15, 9, 16]]"
12a_0457_58,"[[8, 15, 9, 16], [10, 24, 11, 23], [12, 4, 13, 3], [14, 21, 15, 22], [16, 7, 17, 8], [18, 11, 19, 12], [20, 1, 21, 2], [22, 17, 23, 18], [24, 6, 1, 5], [2, 14, 3, 13], [4, 19, 5, 20], [6, 10, 7, 9]]"
12a_0457_59,"[[6, 10, 7, 9], [8, 15, 9, 16], [10, 24, 11, 23], [12, 4, 13, 3], [14, 21, 15, 22], [16, 7, 17, 8], [18, 11, 19, 12], [20, 1, 21, 2], [22, 17, 23, 18], [24, 6, 1, 5], [2, 14, 3, 13], [4, 19, 5, 20]]"
12a_0457_60,"[[5, 20, 6, 21], [7, 11, 8, 10], [9, 16, 10, 17], [11, 1, 12, 24], [13, 5, 14, 4], [15, 22, 16, 23], [17, 8, 18, 9], [19, 12, 20, 13], [21, 2, 22, 3], [23, 18, 24, 19], [1, 7, 2, 6], [3, 15, 4, 14]]"
12a_0457_61,"[[3, 15, 4, 14], [5, 20, 6, 21], [7, 11, 8, 10], [9, 16, 10, 17], [11, 1, 12, 24], [13, 5, 14, 4], [15, 22, 16, 23], [17, 8, 18, 9], [19, 12, 20, 13], [21, 2, 22, 3], [23, 18, 24, 19], [1, 7, 2, 6]]"
12a_0457_62,"[[1, 7, 2, 6], [3, 15, 4, 14], [5, 20, 6, 21], [7, 11, 8, 10], [9, 16, 10, 17], [11, 1, 12, 24], [13, 5, 14, 4], [15, 22, 16, 23], [17, 8, 18, 9], [19, 12, 20, 13], [21, 2, 22, 3], [23, 18, 24, 19]]"
12a_0457_63,"[[23, 18, 24, 19], [1, 7, 2, 6], [3, 15, 4, 14], [5, 20, 6, 21], [7, 11, 8, 10], [9, 16, 10, 17], [11, 1, 12, 24], [13, 5, 14, 4], [15, 22, 16, 23], [17, 8, 18, 9], [19, 12, 20, 13], [21, 2, 22, 3]]"
12a_0457_64,"[[21, 2, 22, 3], [23, 18, 24, 19], [1, 7, 2, 6], [3, 15, 4, 14], [5, 20, 6, 21], [7, 11, 8, 10], [9, 16, 10, 17], [11, 1, 12, 24], [13, 5, 14, 4], [15, 22, 16, 23], [17, 8, 18, 9], [19, 12, 20, 13]]"
12a_0457_65,"[[19, 12, 20, 13], [21, 2, 22, 3], [23, 18, 24, 19], [1, 7, 2, 6], [3, 15, 4, 14], [5, 20, 6, 21], [7, 11, 8, 10], [9, 16, 10, 17], [11, 1, 12, 24], [13, 5, 14, 4], [15, 22, 16, 23], [17, 8, 18, 9]]"
12a_0457_66,"[[17, 8, 18, 9], [19, 12, 20, 13], [21, 2, 22, 3], [23, 18, 24, 19], [1, 7, 2, 6], [3, 15, 4, 14], [5, 20, 6, 21], [7, 11, 8, 10], [9, 16, 10, 17], [11, 1, 12, 24], [13, 5, 14, 4], [15, 22, 16, 23]]"
12a_0457_67,"[[15, 22, 16, 23], [17, 8, 18, 9], [19, 12, 20, 13], [21, 2, 22, 3], [23, 18, 24, 19], [1, 7, 2, 6], [3, 15, 4, 14], [5, 20, 6, 21], [7, 11, 8, 10], [9, 16, 10, 17], [11, 1, 12, 24], [13, 5, 14, 4]]"
12a_0457_68,"[[13, 5, 14, 4], [15, 22, 16, 23], [17, 8, 18, 9], [19, 12, 20, 13], [21, 2, 22, 3], [23, 18, 24, 19], [1, 7, 2, 6], [3, 15, 4, 14], [5, 20, 6, 21], [7, 11, 8, 10], [9, 16, 10, 17], [11, 1, 12, 24]]"
12a_0457_69,"[[11, 1, 12, 24], [13, 5, 14, 4], [15, 22, 16, 23], [17, 8, 18, 9], [19, 12, 20, 13], [21, 2, 22, 3], [23, 18, 24, 19], [1, 7, 2, 6], [3, 15, 4, 14], [5, 20, 6, 21], [7, 11, 8, 10], [9, 16, 10, 17]]"
12a_0457_70,"[[9, 16, 10, 17], [11, 1, 12, 24], [13, 5, 14, 4], [15, 22, 16, 23], [17, 8, 18, 9], [19, 12, 20, 13], [21, 2, 22, 3], [23, 18, 24, 19], [1, 7, 2, 6], [3, 15, 4, 14], [5, 20, 6, 21], [7, 11, 8, 10]]"
12a_0457_71,"[[7, 11, 8, 10], [9, 16, 10, 17], [11, 1, 12, 24], [13, 5, 14, 4], [15, 22, 16, 23], [17, 8, 18, 9], [19, 12, 20, 13], [21, 2, 22, 3], [23, 18, 24, 19], [1, 7, 2, 6], [3, 15, 4, 14], [5, 20, 6, 21]]"
12a_0457_72,"[[6, 21, 7, 22], [8, 12, 9, 11], [10, 17, 11, 18], [12, 2, 13, 1], [14, 6, 15, 5], [16, 23, 17, 24], [18, 9, 19, 10], [20, 13, 21, 14], [22, 3, 23, 4], [24, 19, 1, 20], [2, 8, 3, 7], [4, 16, 5, 15]]"
12a_0457_73,"[[4, 16, 5, 15], [6, 21, 7, 22], [8, 12, 9, 11], [10, 17, 11, 18], [12, 2, 13, 1], [14, 6, 15, 5], [16, 23, 17, 24], [18, 9, 19, 10], [20, 13, 21, 14], [22, 3, 23, 4], [24, 19, 1, 20], [2, 8, 3, 7]]"
12a_0457_74,"[[2, 8, 3, 7], [4, 16, 5, 15], [6, 21, 7, 22], [8, 12, 9, 11], [10, 17, 11, 18], [12, 2, 13, 1], [14, 6, 15, 5], [16, 23, 17, 24], [18, 9, 19, 10], [20, 13, 21, 14], [22, 3, 23, 4], [24, 19, 1, 20]]"
12a_0457_75,"[[24, 19, 1, 20], [2, 8, 3, 7], [4, 16, 5, 15], [6, 21, 7, 22], [8, 12, 9, 11], [10, 17, 11, 18], [12, 2, 13, 1], [14, 6, 15, 5], [16, 23, 17, 24], [18, 9, 19, 10], [20, 13, 21, 14], [22, 3, 23, 4]]"
12a_0457_76,"[[22, 3, 23, 4], [24, 19, 1, 20], [2, 8, 3, 7], [4, 16, 5, 15], [6, 21, 7, 22], [8, 12, 9, 11], [10, 17, 11, 18], [12, 2, 13, 1], [14, 6, 15, 5], [16, 23, 17, 24], [18, 9, 19, 10], [20, 13, 21, 14]]"
12a_0457_77,"[[20, 13, 21, 14], [22, 3, 23, 4], [24, 19, 1, 20], [2, 8, 3, 7], [4, 16, 5, 15], [6, 21, 7, 22], [8, 12, 9, 11], [10, 17, 11, 18], [12, 2, 13, 1], [14, 6, 15, 5], [16, 23, 17, 24], [18, 9, 19, 10]]"
12a_0457_78,"[[18, 9, 19, 10], [20, 13, 21, 14], [22, 3, 23, 4], [24, 19, 1, 20], [2, 8, 3, 7], [4, 16, 5, 15], [6, 21, 7, 22], [8, 12, 9, 11], [10, 17, 11, 18], [12, 2, 13, 1], [14, 6, 15, 5], [16, 23, 17, 24]]"
12a_0457_79,"[[16, 23, 17, 24], [18, 9, 19, 10], [20, 13, 21, 14], [22, 3, 23, 4], [24, 19, 1, 20], [2, 8, 3, 7], [4, 16, 5, 15], [6, 21, 7, 22], [8, 12, 9, 11], [10, 17, 11, 18], [12, 2, 13, 1], [14, 6, 15, 5]]"
12a_0457_80,"[[14, 6, 15, 5], [16, 23, 17, 24], [18, 9, 19, 10], [20, 13, 21, 14], [22, 3, 23, 4], [24, 19, 1, 20], [2, 8, 3, 7], [4, 16, 5, 15], [6, 21, 7, 22], [8, 12, 9, 11], [10, 17, 11, 18], [12, 2, 13, 1]]"
12a_0457_81,"[[12, 2, 13, 1], [14, 6, 15, 5], [16, 23, 17, 24], [18, 9, 19, 10], [20, 13, 21, 14], [22, 3, 23, 4], [24, 19, 1, 20], [2, 8, 3, 7], [4, 16, 5, 15], [6, 21, 7, 22], [8, 12, 9, 11], [10, 17, 11, 18]]"
12a_0457_82,"[[10, 17, 11, 18], [12, 2, 13, 1], [14, 6, 15, 5], [16, 23, 17, 24], [18, 9, 19, 10], [20, 13, 21, 14], [22, 3, 23, 4], [24, 19, 1, 20], [2, 8, 3, 7], [4, 16, 5, 15], [6, 21, 7, 22], [8, 12, 9, 11]]"
12a_0457_83,"[[8, 12, 9, 11], [10, 17, 11, 18], [12, 2, 13, 1], [14, 6, 15, 5], [16, 23, 17, 24], [18, 9, 19, 10], [20, 13, 21, 14], [22, 3, 23, 4], [24, 19, 1, 20], [2, 8, 3, 7], [4, 16, 5, 15], [6, 21, 7, 22]]"
12a_0457_84,"[[7, 22, 8, 23], [9, 13, 10, 12], [11, 18, 12, 19], [13, 3, 14, 2], [15, 7, 16, 6], [17, 24, 18, 1], [19, 10, 20, 11], [21, 14, 22, 15], [23, 4, 24, 5], [1, 20, 2, 21], [3, 9, 4, 8], [5, 17, 6, 16]]"
12a_0457_85,"[[5, 17, 6, 16], [7, 22, 8, 23], [9, 13, 10, 12], [11, 18, 12, 19], [13, 3, 14, 2], [15, 7, 16, 6], [17, 24, 18, 1], [19, 10, 20, 11], [21, 14, 22, 15], [23, 4, 24, 5], [1, 20, 2, 21], [3, 9, 4, 8]]"
12a_0457_86,"[[3, 9, 4, 8], [5, 17, 6, 16], [7, 22, 8, 23], [9, 13, 10, 12], [11, 18, 12, 19], [13, 3, 14, 2], [15, 7, 16, 6], [17, 24, 18, 1], [19, 10, 20, 11], [21, 14, 22, 15], [23, 4, 24, 5], [1, 20, 2, 21]]"
12a_0457_87,"[[1, 20, 2, 21], [3, 9, 4, 8], [5, 17, 6, 16], [7, 22, 8, 23], [9, 13, 10, 12], [11, 18, 12, 19], [13, 3, 14, 2], [15, 7, 16, 6], [17, 24, 18, 1], [19, 10, 20, 11], [21, 14, 22, 15], [23, 4, 24, 5]]"
12a_0457_88,"[[23, 4, 24, 5], [1, 20, 2, 21], [3, 9, 4, 8], [5, 17, 6, 16], [7, 22, 8, 23], [9, 13, 10, 12], [11, 18, 12, 19], [13, 3, 14, 2], [15, 7, 16, 6], [17, 24, 18, 1], [19, 10, 20, 11], [21, 14, 22, 15]]"
12a_0457_89,"[[21, 14, 22, 15], [23, 4, 24, 5], [1, 20, 2, 21], [3, 9, 4, 8], [5, 17, 6, 16], [7, 22, 8, 23], [9, 13, 10, 12], [11, 18, 12, 19], [13, 3, 14, 2], [15, 7, 16, 6], [17, 24, 18, 1], [19, 10, 20, 11]]"
12a_0457_90,"[[19, 10, 20, 11], [21, 14, 22, 15], [23, 4, 24, 5], [1, 20, 2, 21], [3, 9, 4, 8], [5, 17, 6, 16], [7, 22, 8, 23], [9, 13, 10, 12], [11, 18, 12, 19], [13, 3, 14, 2], [15, 7, 16, 6], [17, 24, 18, 1]]"
12a_0457_91,"[[17, 24, 18, 1], [19, 10, 20, 11], [21, 14, 22, 15], [23, 4, 24, 5], [1, 20, 2, 21], [3, 9, 4, 8], [5, 17, 6, 16], [7, 22, 8, 23], [9, 13, 10, 12], [11, 18, 12, 19], [13, 3, 14, 2], [15, 7, 16, 6]]"
12a_0457_92,"[[15, 7, 16, 6], [17, 24, 18, 1], [19, 10, 20, 11], [21, 14, 22, 15], [23, 4, 24, 5], [1, 20, 2, 21], [3, 9, 4, 8], [5, 17, 6, 16], [7, 22, 8, 23], [9, 13, 10, 12], [11, 18, 12, 19], [13, 3, 14, 2]]"
12a_0457_93,"[[13, 3, 14, 2], [15, 7, 16, 6], [17, 24, 18, 1], [19, 10, 20, 11], [21, 14, 22, 15], [23, 4, 24, 5], [1, 20, 2, 21], [3, 9, 4, 8], [5, 17, 6, 16], [7, 22, 8, 23], [9, 13, 10, 12], [11, 18, 12, 19]]"
12a_0457_94,"[[11, 18, 12, 19], [13, 3, 14, 2], [15, 7, 16, 6], [17, 24, 18, 1], [19, 10, 20, 11], [21, 14, 22, 15], [23, 4, 24, 5], [1, 20, 2, 21], [3, 9, 4, 8], [5, 17, 6, 16], [7, 22, 8, 23], [9, 13, 10, 12]]"
12a_0457_95,"[[9, 13, 10, 12], [11, 18, 12, 19], [13, 3, 14, 2], [15, 7, 16, 6], [17, 24, 18, 1], [19, 10, 20, 11], [21, 14, 22, 15], [23, 4, 24, 5], [1, 20, 2, 21], [3, 9, 4, 8], [5, 17, 6, 16], [7, 22, 8, 23]]"
12a_0457_96,"[[8, 23, 9, 24], [10, 14, 11, 13], [12, 19, 13, 20], [14, 4, 15, 3], [16, 8, 17, 7], [18, 1, 19, 2], [20, 11, 21, 12], [22, 15, 23, 16], [24, 5, 1, 6], [2, 21, 3, 22], [4, 10, 5, 9], [6, 18, 7, 17]]"
12a_0457_97,"[[6, 18, 7, 17], [8, 23, 9, 24], [10, 14, 11, 13], [12, 19, 13, 20], [14, 4, 15, 3], [16, 8, 17, 7], [18, 1, 19, 2], [20, 11, 21, 12], [22, 15, 23, 16], [24, 5, 1, 6], [2, 21, 3, 22], [4, 10, 5, 9]]"
12a_0457_98,"[[4, 10, 5, 9], [6, 18, 7, 17], [8, 23, 9, 24], [10, 14, 11, 13], [12, 19, 13, 20], [14, 4, 15, 3], [16, 8, 17, 7], [18, 1, 19, 2], [20, 11, 21, 12], [22, 15, 23, 16], [24, 5, 1, 6], [2, 21, 3, 22]]"
12a_0457_99,"[[2, 21, 3, 22], [4, 10, 5, 9], [6, 18, 7, 17], [8, 23, 9, 24], [10, 14, 11, 13], [12, 19, 13, 20], [14, 4, 15, 3], [16, 8, 17, 7], [18, 1, 19, 2], [20, 11, 21, 12], [22, 15, 23, 16], [24, 5, 1, 6]]"
12a_0457_100,"[[24, 5, 1, 6], [2, 21, 3, 22], [4, 10, 5, 9], [6, 18, 7, 17], [8, 23, 9, 24], [10, 14, 11, 13], [12, 19, 13, 20], [14, 4, 15, 3], [16, 8, 17, 7], [18, 1, 19, 2], [20, 11, 21, 12], [22, 15, 23, 16]]"
12a_0457_101,"[[22, 15, 23, 16], [24, 5, 1, 6], [2, 21, 3, 22], [4, 10, 5, 9], [6, 18, 7, 17], [8, 23, 9, 24], [10, 14, 11, 13], [12, 19, 13, 20], [14, 4, 15, 3], [16, 8, 17, 7], [18, 1, 19, 2], [20, 11, 21, 12]]"
12a_0457_102,"[[20, 11, 21, 12], [22, 15, 23, 16], [24, 5, 1, 6], [2, 21, 3, 22], [4, 10, 5, 9], [6, 18, 7, 17], [8, 23, 9, 24], [10, 14, 11, 13], [12, 19, 13, 20], [14, 4, 15, 3], [16, 8, 17, 7], [18, 1, 19, 2]]"
12a_0457_103,"[[18, 1, 19, 2], [20, 11, 21, 12], [22, 15, 23, 16], [24, 5, 1, 6], [2, 21, 3, 22], [4, 10, 5, 9], [6, 18, 7, 17], [8, 23, 9, 24], [10, 14, 11, 13], [12, 19, 13, 20], [14, 4, 15, 3], [16, 8, 17, 7]]"
12a_0457_104,"[[16, 8, 17, 7], [18, 1, 19, 2], [20, 11, 21, 12], [22, 15, 23, 16], [24, 5, 1, 6], [2, 21, 3, 22], [4, 10, 5, 9], [6, 18, 7, 17], [8, 23, 9, 24], [10, 14, 11, 13], [12, 19, 13, 20], [14, 4, 15, 3]]"
12a_0457_105,"[[14, 4, 15, 3], [16, 8, 17, 7], [18, 1, 19, 2], [20, 11, 21, 12], [22, 15, 23, 16], [24, 5, 1, 6], [2, 21, 3, 22], [4, 10, 5, 9], [6, 18, 7, 17], [8, 23, 9, 24], [10, 14, 11, 13], [12, 19, 13, 20]]"
12a_0457_106,"[[12, 19, 13, 20], [14, 4, 15, 3], [16, 8, 17, 7], [18, 1, 19, 2], [20, 11, 21, 12], [22, 15, 23, 16], [24, 5, 1, 6], [2, 21, 3, 22], [4, 10, 5, 9], [6, 18, 7, 17], [8, 23, 9, 24], [10, 14, 11, 13]]"
12a_0457_107,"[[10, 14, 11, 13], [12, 19, 13, 20], [14, 4, 15, 3], [16, 8, 17, 7], [18, 1, 19, 2], [20, 11, 21, 12], [22, 15, 23, 16], [24, 5, 1, 6], [2, 21, 3, 22], [4, 10, 5, 9], [6, 18, 7, 17], [8, 23, 9, 24]]"
12a_0457_108,"[[9, 24, 10, 1], [11, 15, 12, 14], [13, 20, 14, 21], [15, 5, 16, 4], [17, 9, 18, 8], [19, 2, 20, 3], [21, 12, 22, 13], [23, 16, 24, 17], [1, 6, 2, 7], [3, 22, 4, 23], [5, 11, 6, 10], [7, 19, 8, 18]]"
12a_0457_109,"[[7, 19, 8, 18], [9, 24, 10, 1], [11, 15, 12, 14], [13, 20, 14, 21], [15, 5, 16, 4], [17, 9, 18, 8], [19, 2, 20, 3], [21, 12, 22, 13], [23, 16, 24, 17], [1, 6, 2, 7], [3, 22, 4, 23], [5, 11, 6, 10]]"
12a_0457_110,"[[5, 11, 6, 10], [7, 19, 8, 18], [9, 24, 10, 1], [11, 15, 12, 14], [13, 20, 14, 21], [15, 5, 16, 4], [17, 9, 18, 8], [19, 2, 20, 3], [21, 12, 22, 13], [23, 16, 24, 17], [1, 6, 2, 7], [3, 22, 4, 23]]"
12a_0457_111,"[[3, 22, 4, 23], [5, 11, 6, 10], [7, 19, 8, 18], [9, 24, 10, 1], [11, 15, 12, 14], [13, 20, 14, 21], [15, 5, 16, 4], [17, 9, 18, 8], [19, 2, 20, 3], [21, 12, 22, 13], [23, 16, 24, 17], [1, 6, 2, 7]]"
12a_0457_112,"[[1, 6, 2, 7], [3, 22, 4, 23], [5, 11, 6, 10], [7, 19, 8, 18], [9, 24, 10, 1], [11, 15, 12, 14], [13, 20, 14, 21], [15, 5, 16, 4], [17, 9, 18, 8], [19, 2, 20, 3], [21, 12, 22, 13], [23, 16, 24, 17]]"
12a_0457_113,"[[23, 16, 24, 17], [1, 6, 2, 7], [3, 22, 4, 23], [5, 11, 6, 10], [7, 19, 8, 18], [9, 24, 10, 1], [11, 15, 12, 14], [13, 20, 14, 21], [15, 5, 16, 4], [17, 9, 18, 8], [19, 2, 20, 3], [21, 12, 22, 13]]"
12a_0457_114,"[[21, 12, 22, 13], [23, 16, 24, 17], [1, 6, 2, 7], [3, 22, 4, 23], [5, 11, 6, 10], [7, 19, 8, 18], [9, 24, 10, 1], [11, 15, 12, 14], [13, 20, 14, 21], [15, 5, 16, 4], [17, 9, 18, 8], [19, 2, 20, 3]]"
12a_0457_115,"[[19, 2, 20, 3], [21, 12, 22, 13], [23, 16, 24, 17], [1, 6, 2, 7], [3, 22, 4, 23], [5, 11, 6, 10], [7, 19, 8, 18], [9, 24, 10, 1], [11, 15, 12, 14], [13, 20, 14, 21], [15, 5, 16, 4], [17, 9, 18, 8]]"
12a_0457_116,"[[17, 9, 18, 8], [19, 2, 20, 3], [21, 12, 22, 13], [23, 16, 24, 17], [1, 6, 2, 7], [3, 22, 4, 23], [5, 11, 6, 10], [7, 19, 8, 18], [9, 24, 10, 1], [11, 15, 12, 14], [13, 20, 14, 21], [15, 5, 16, 4]]"
12a_0457_117,"[[15, 5, 16, 4], [17, 9, 18, 8], [19, 2, 20, 3], [21, 12, 22, 13], [23, 16, 24, 17], [1, 6, 2, 7], [3, 22, 4, 23], [5, 11, 6, 10], [7, 19, 8, 18], [9, 24, 10, 1], [11, 15, 12, 14], [13, 20, 14, 21]]"
12a_0457_118,"[[13, 20, 14, 21], [15, 5, 16, 4], [17, 9, 18, 8], [19, 2, 20, 3], [21, 12, 22, 13], [23, 16, 24, 17], [1, 6, 2, 7], [3, 22, 4, 23], [5, 11, 6, 10], [7, 19, 8, 18], [9, 24, 10, 1], [11, 15, 12, 14]]"
12a_0457_119,"[[11, 15, 12, 14], [13, 20, 14, 21], [15, 5, 16, 4], [17, 9, 18, 8], [19, 2, 20, 3], [21, 12, 22, 13], [23, 16, 24, 17], [1, 6, 2, 7], [3, 22, 4, 23], [5, 11, 6, 10], [7, 19, 8, 18], [9, 24, 10, 1]]"
12a_0457_120,"[[10, 1, 11, 2], [12, 16, 13, 15], [14, 21, 15, 22], [16, 6, 17, 5], [18, 10, 19, 9], [20, 3, 21, 4], [22, 13, 23, 14], [24, 17, 1, 18], [2, 7, 3, 8], [4, 23, 5, 24], [6, 12, 7, 11], [8, 20, 9, 19]]"
12a_0457_121,"[[8, 20, 9, 19], [10, 1, 11, 2], [12, 16, 13, 15], [14, 21, 15, 22], [16, 6, 17, 5], [18, 10, 19, 9], [20, 3, 21, 4], [22, 13, 23, 14], [24, 17, 1, 18], [2, 7, 3, 8], [4, 23, 5, 24], [6, 12, 7, 11]]"
12a_0457_122,"[[6, 12, 7, 11], [8, 20, 9, 19], [10, 1, 11, 2], [12, 16, 13, 15], [14, 21, 15, 22], [16, 6, 17, 5], [18, 10, 19, 9], [20, 3, 21, 4], [22, 13, 23, 14], [24, 17, 1, 18], [2, 7, 3, 8], [4, 23, 5, 24]]"
12a_0457_123,"[[4, 23, 5, 24], [6, 12, 7, 11], [8, 20, 9, 19], [10, 1, 11, 2], [12, 16, 13, 15], [14, 21, 15, 22], [16, 6, 17, 5], [18, 10, 19, 9], [20, 3, 21, 4], [22, 13, 23, 14], [24, 17, 1, 18], [2, 7, 3, 8]]"
12a_0457_124,"[[2, 7, 3, 8], [4, 23, 5, 24], [6, 12, 7, 11], [8, 20, 9, 19], [10, 1, 11, 2], [12, 16, 13, 15], [14, 21, 15, 22], [16, 6, 17, 5], [18, 10, 19, 9], [20, 3, 21, 4], [22, 13, 23, 14], [24, 17, 1, 18]]"
12a_0457_125,"[[24, 17, 1, 18], [2, 7, 3, 8], [4, 23, 5, 24], [6, 12, 7, 11], [8, 20, 9, 19], [10, 1, 11, 2], [12, 16, 13, 15], [14, 21, 15, 22], [16, 6, 17, 5], [18, 10, 19, 9], [20, 3, 21, 4], [22, 13, 23, 14]]"
12a_0457_126,"[[22, 13, 23, 14], [24, 17, 1, 18], [2, 7, 3, 8], [4, 23, 5, 24], [6, 12, 7, 11], [8, 20, 9, 19], [10, 1, 11, 2], [12, 16, 13, 15], [14, 21, 15, 22], [16, 6, 17, 5], [18, 10, 19, 9], [20, 3, 21, 4]]"
12a_0457_127,"[[20, 3, 21, 4], [22, 13, 23, 14], [24, 17, 1, 18], [2, 7, 3, 8], [4, 23, 5, 24], [6, 12, 7, 11], [8, 20, 9, 19], [10, 1, 11, 2], [12, 16, 13, 15], [14, 21, 15, 22], [16, 6, 17, 5], [18, 10, 19, 9]]"
12a_0457_128,"[[18, 10, 19, 9], [20, 3, 21, 4], [22, 13, 23, 14], [24, 17, 1, 18], [2, 7, 3, 8], [4, 23, 5, 24], [6, 12, 7, 11], [8, 20, 9, 19], [10, 1, 11, 2], [12, 16, 13, 15], [14, 21, 15, 22], [16, 6, 17, 5]]"
12a_0457_129,"[[16, 6, 17, 5], [18, 10, 19, 9], [20, 3, 21, 4], [22, 13, 23, 14], [24, 17, 1, 18], [2, 7, 3, 8], [4, 23, 5, 24], [6, 12, 7, 11], [8, 20, 9, 19], [10, 1, 11, 2], [12, 16, 13, 15], [14, 21, 15, 22]]"
12a_0457_130,"[[14, 21, 15, 22], [16, 6, 17, 5], [18, 10, 19, 9], [20, 3, 21, 4], [22, 13, 23, 14], [24, 17, 1, 18], [2, 7, 3, 8], [4, 23, 5, 24], [6, 12, 7, 11], [8, 20, 9, 19], [10, 1, 11, 2], [12, 16, 13, 15]]"
12a_0457_131,"[[12, 16, 13, 15], [14, 21, 15, 22], [16, 6, 17, 5], [18, 10, 19, 9], [20, 3, 21, 4], [22, 13, 23, 14], [24, 17, 1, 18], [2, 7, 3, 8], [4, 23, 5, 24], [6, 12, 7, 11], [8, 20, 9, 19], [10, 1, 11, 2]]"
12a_0457_132,"[[11, 2, 12, 3], [13, 17, 14, 16], [15, 22, 16, 23], [17, 7, 18, 6], [19, 11, 20, 10], [21, 4, 22, 5], [23, 14, 24, 15], [1, 18, 2, 19], [3, 8, 4, 9], [5, 24, 6, 1], [7, 13, 8, 12], [9, 21, 10, 20]]"
12a_0457_133,"[[9, 21, 10, 20], [11, 2, 12, 3], [13, 17, 14, 16], [15, 22, 16, 23], [17, 7, 18, 6], [19, 11, 20, 10], [21, 4, 22, 5], [23, 14, 24, 15], [1, 18, 2, 19], [3, 8, 4, 9], [5, 24, 6, 1], [7, 13, 8, 12]]"
12a_0457_134,"[[7, 13, 8, 12], [9, 21, 10, 20], [11, 2, 12, 3], [13, 17, 14, 16], [15, 22, 16, 23], [17, 7, 18, 6], [19, 11, 20, 10], [21, 4, 22, 5], [23, 14, 24, 15], [1, 18, 2, 19], [3, 8, 4, 9], [5, 24, 6, 1]]"
12a_0457_135,"[[5, 24, 6, 1], [7, 13, 8, 12], [9, 21, 10, 20], [11, 2, 12, 3], [13, 17, 14, 16], [15, 22, 16, 23], [17, 7, 18, 6], [19, 11, 20, 10], [21, 4, 22, 5], [23, 14, 24, 15], [1, 18, 2, 19], [3, 8, 4, 9]]"
12a_0457_136,"[[3, 8, 4, 9], [5, 24, 6, 1], [7, 13, 8, 12], [9, 21, 10, 20], [11, 2, 12, 3], [13, 17, 14, 16], [15, 22, 16, 23], [17, 7, 18, 6], [19, 11, 20, 10], [21, 4, 22, 5], [23, 14, 24, 15], [1, 18, 2, 19]]"
12a_0457_137,"[[1, 18, 2, 19], [3, 8, 4, 9], [5, 24, 6, 1], [7, 13, 8, 12], [9, 21, 10, 20], [11, 2, 12, 3], [13, 17, 14, 16], [15, 22, 16, 23], [17, 7, 18, 6], [19, 11, 20, 10], [21, 4, 22, 5], [23, 14, 24, 15]]"
12a_0457_138,"[[23, 14, 24, 15], [1, 18, 2, 19], [3, 8, 4, 9], [5, 24, 6, 1], [7, 13, 8, 12], [9, 21, 10, 20], [11, 2, 12, 3], [13, 17, 14, 16], [15, 22, 16, 23], [17, 7, 18, 6], [19, 11, 20, 10], [21, 4, 22, 5]]"
12a_0457_139,"[[21, 4, 22, 5], [23, 14, 24, 15], [1, 18, 2, 19], [3, 8, 4, 9], [5, 24, 6, 1], [7, 13, 8, 12], [9, 21, 10, 20], [11, 2, 12, 3], [13, 17, 14, 16], [15, 22, 16, 23], [17, 7, 18, 6], [19, 11, 20, 10]]"
12a_0457_140,"[[19, 11, 20, 10], [21, 4, 22, 5], [23, 14, 24, 15], [1, 18, 2, 19], [3, 8, 4, 9], [5, 24, 6, 1], [7, 13, 8, 12], [9, 21, 10, 20], [11, 2, 12, 3], [13, 17, 14, 16], [15, 22, 16, 23], [17, 7, 18, 6]]"
12a_0457_141,"[[17, 7, 18, 6], [19, 11, 20, 10], [21, 4, 22, 5], [23, 14, 24, 15], [1, 18, 2, 19], [3, 8, 4, 9], [5, 24, 6, 1], [7, 13, 8, 12], [9, 21, 10, 20], [11, 2, 12, 3], [13, 17, 14, 16], [15, 22, 16, 23]]"
12a_0457_142,"[[15, 22, 16, 23], [17, 7, 18, 6], [19, 11, 20, 10], [21, 4, 22, 5], [23, 14, 24, 15], [1, 18, 2, 19], [3, 8, 4, 9], [5, 24, 6, 1], [7, 13, 8, 12], [9, 21, 10, 20], [11, 2, 12, 3], [13, 17, 14, 16]]"
12a_0457_143,"[[13, 17, 14, 16], [15, 22, 16, 23], [17, 7, 18, 6], [19, 11, 20, 10], [21, 4, 22, 5], [23, 14, 24, 15], [1, 18, 2, 19], [3, 8, 4, 9], [5, 24, 6, 1], [7, 13, 8, 12], [9, 21, 10, 20], [11, 2, 12, 3]]"
12a_0457_144,"[[12, 3, 13, 4], [14, 18, 15, 17], [16, 23, 17, 24], [18, 8, 19, 7], [20, 12, 21, 11], [22, 5, 23, 6], [24, 15, 1, 16], [2, 19, 3, 20], [4, 9, 5, 10], [6, 1, 7, 2], [8, 14, 9, 13], [10, 22, 11, 21]]"
12a_0457_145,"[[10, 22, 11, 21], [12, 3, 13, 4], [14, 18, 15, 17], [16, 23, 17, 24], [18, 8, 19, 7], [20, 12, 21, 11], [22, 5, 23, 6], [24, 15, 1, 16], [2, 19, 3, 20], [4, 9, 5, 10], [6, 1, 7, 2], [8, 14, 9, 13]]"
12a_0457_146,"[[8, 14, 9, 13], [10, 22, 11, 21], [12, 3, 13, 4], [14, 18, 15, 17], [16, 23, 17, 24], [18, 8, 19, 7], [20, 12, 21, 11], [22, 5, 23, 6], [24, 15, 1, 16], [2, 19, 3, 20], [4, 9, 5, 10], [6, 1, 7, 2]]"
12a_0457_147,"[[6, 1, 7, 2], [8, 14, 9, 13], [10, 22, 11, 21], [12, 3, 13, 4], [14, 18, 15, 17], [16, 23, 17, 24], [18, 8, 19, 7], [20, 12, 21, 11], [22, 5, 23, 6], [24, 15, 1, 16], [2, 19, 3, 20], [4, 9, 5, 10]]"
12a_0457_148,"[[4, 9, 5, 10], [6, 1, 7, 2], [8, 14, 9, 13], [10, 22, 11, 21], [12, 3, 13, 4], [14, 18, 15, 17], [16, 23, 17, 24], [18, 8, 19, 7], [20, 12, 21, 11], [22, 5, 23, 6], [24, 15, 1, 16], [2, 19, 3, 20]]"
12a_0457_149,"[[2, 19, 3, 20], [4, 9, 5, 10], [6, 1, 7, 2], [8, 14, 9, 13], [10, 22, 11, 21], [12, 3, 13, 4], [14, 18, 15, 17], [16, 23, 17, 24], [18, 8, 19, 7], [20, 12, 21, 11], [22, 5, 23, 6], [24, 15, 1, 16]]"
12a_0457_150,"[[24, 15, 1, 16], [2, 19, 3, 20], [4, 9, 5, 10], [6, 1, 7, 2], [8, 14, 9, 13], [10, 22, 11, 21], [12, 3, 13, 4], [14, 18, 15, 17], [16, 23, 17, 24], [18, 8, 19, 7], [20, 12, 21, 11], [22, 5, 23, 6]]"
12a_0457_151,"[[22, 5, 23, 6], [24, 15, 1, 16], [2, 19, 3, 20], [4, 9, 5, 10], [6, 1, 7, 2], [8, 14, 9, 13], [10, 22, 11, 21], [12, 3, 13, 4], [14, 18, 15, 17], [16, 23, 17, 24], [18, 8, 19, 7], [20, 12, 21, 11]]"
12a_0457_152,"[[20, 12, 21, 11], [22, 5, 23, 6], [24, 15, 1, 16], [2, 19, 3, 20], [4, 9, 5, 10], [6, 1, 7, 2], [8, 14, 9, 13], [10, 22, 11, 21], [12, 3, 13, 4], [14, 18, 15, 17], [16, 23, 17, 24], [18, 8, 19, 7]]"
12a_0457_153,"[[18, 8, 19, 7], [20, 12, 21, 11], [22, 5, 23, 6], [24, 15, 1, 16], [2, 19, 3, 20], [4, 9, 5, 10], [6, 1, 7, 2], [8, 14, 9, 13], [10, 22, 11, 21], [12, 3, 13, 4], [14, 18, 15, 17], [16, 23, 17, 24]]"
12a_0457_154,"[[16, 23, 17, 24], [18, 8, 19, 7], [20, 12, 21, 11], [22, 5, 23, 6], [24, 15, 1, 16], [2, 19, 3, 20], [4, 9, 5, 10], [6, 1, 7, 2], [8, 14, 9, 13], [10, 22, 11, 21], [12, 3, 13, 4], [14, 18, 15, 17]]"
12a_0457_155,"[[14, 18, 15, 17], [16, 23, 17, 24], [18, 8, 19, 7], [20, 12, 21, 11], [22, 5, 23, 6], [24, 15, 1, 16], [2, 19, 3, 20], [4, 9, 5, 10], [6, 1, 7, 2], [8, 14, 9, 13], [10, 22, 11, 21], [12, 3, 13, 4]]"
12a_0457_156,"[[13, 4, 14, 5], [15, 19, 16, 18], [17, 24, 18, 1], [19, 9, 20, 8], [21, 13, 22, 12], [23, 6, 24, 7], [1, 16, 2, 17], [3, 20, 4, 21], [5, 10, 6, 11], [7, 2, 8, 3], [9, 15, 10, 14], [11, 23, 12, 22]]"
12a_0457_157,"[[11, 23, 12, 22], [13, 4, 14, 5], [15, 19, 16, 18], [17, 24, 18, 1], [19, 9, 20, 8], [21, 13, 22, 12], [23, 6, 24, 7], [1, 16, 2, 17], [3, 20, 4, 21], [5, 10, 6, 11], [7, 2, 8, 3], [9, 15, 10, 14]]"
12a_0457_158,"[[9, 15, 10, 14], [11, 23, 12, 22], [13, 4, 14, 5], [15, 19, 16, 18], [17, 24, 18, 1], [19, 9, 20, 8], [21, 13, 22, 12], [23, 6, 24, 7], [1, 16, 2, 17], [3, 20, 4, 21], [5, 10, 6, 11], [7, 2, 8, 3]]"
12a_0457_159,"[[7, 2, 8, 3], [9, 15, 10, 14], [11, 23, 12, 22], [13, 4, 14, 5], [15, 19, 16, 18], [17, 24, 18, 1], [19, 9, 20, 8], [21, 13, 22, 12], [23, 6, 24, 7], [1, 16, 2, 17], [3, 20, 4, 21], [5, 10, 6, 11]]"
12a_0457_160,"[[5, 10, 6, 11], [7, 2, 8, 3], [9, 15, 10, 14], [11, 23, 12, 22], [13, 4, 14, 5], [15, 19, 16, 18], [17, 24, 18, 1], [19, 9, 20, 8], [21, 13, 22, 12], [23, 6, 24, 7], [1, 16, 2, 17], [3, 20, 4, 21]]"
12a_0457_161,"[[3, 20, 4, 21], [5, 10, 6, 11], [7, 2, 8, 3], [9, 15, 10, 14], [11, 23, 12, 22], [13, 4, 14, 5], [15, 19, 16, 18], [17, 24, 18, 1], [19, 9, 20, 8], [21, 13, 22, 12], [23, 6, 24, 7], [1, 16, 2, 17]]"
12a_0457_162,"[[1, 16, 2, 17], [3, 20, 4, 21], [5, 10, 6, 11], [7, 2, 8, 3], [9, 15, 10, 14], [11, 23, 12, 22], [13, 4, 14, 5], [15, 19, 16, 18], [17, 24, 18, 1], [19, 9, 20, 8], [21, 13, 22, 12], [23, 6, 24, 7]]"
12a_0457_163,"[[23, 6, 24, 7], [1, 16, 2, 17], [3, 20, 4, 21], [5, 10, 6, 11], [7, 2, 8, 3], [9, 15, 10, 14], [11, 23, 12, 22], [13, 4, 14, 5], [15, 19, 16, 18], [17, 24, 18, 1], [19, 9, 20, 8], [21, 13, 22, 12]]"
12a_0457_164,"[[21, 13, 22, 12], [23, 6, 24, 7], [1, 16, 2, 17], [3, 20, 4, 21], [5, 10, 6, 11], [7, 2, 8, 3], [9, 15, 10, 14], [11, 23, 12, 22], [13, 4, 14, 5], [15, 19, 16, 18], [17, 24, 18, 1], [19, 9, 20, 8]]"
12a_0457_165,"[[19, 9, 20, 8], [21, 13, 22, 12], [23, 6, 24, 7], [1, 16, 2, 17], [3, 20, 4, 21], [5, 10, 6, 11], [7, 2, 8, 3], [9, 15, 10, 14], [11, 23, 12, 22], [13, 4, 14, 5], [15, 19, 16, 18], [17, 24, 18, 1]]"
12a_0457_166,"[[17, 24, 18, 1], [19, 9, 20, 8], [21, 13, 22, 12], [23, 6, 24, 7], [1, 16, 2, 17], [3, 20, 4, 21], [5, 10, 6, 11], [7, 2, 8, 3], [9, 15, 10, 14], [11, 23, 12, 22], [13, 4, 14, 5], [15, 19, 16, 18]]"
12a_0457_167,"[[15, 19, 16, 18], [17, 24, 18, 1], [19, 9, 20, 8], [21, 13, 22, 12], [23, 6, 24, 7], [1, 16, 2, 17], [3, 20, 4, 21], [5, 10, 6, 11], [7, 2, 8, 3], [9, 15, 10, 14], [11, 23, 12, 22], [13, 4, 14, 5]]"
12a_0457_168,"[[14, 5, 15, 6], [16, 20, 17, 19], [18, 1, 19, 2], [20, 10, 21, 9], [22, 14, 23, 13], [24, 7, 1, 8], [2, 17, 3, 18], [4, 21, 5, 22], [6, 11, 7, 12], [8, 3, 9, 4], [10, 16, 11, 15], [12, 24, 13, 23]]"
12a_0457_169,"[[12, 24, 13, 23], [14, 5, 15, 6], [16, 20, 17, 19], [18, 1, 19, 2], [20, 10, 21, 9], [22, 14, 23, 13], [24, 7, 1, 8], [2, 17, 3, 18], [4, 21, 5, 22], [6, 11, 7, 12], [8, 3, 9, 4], [10, 16, 11, 15]]"
12a_0457_170,"[[10, 16, 11, 15], [12, 24, 13, 23], [14, 5, 15, 6], [16, 20, 17, 19], [18, 1, 19, 2], [20, 10, 21, 9], [22, 14, 23, 13], [24, 7, 1, 8], [2, 17, 3, 18], [4, 21, 5, 22], [6, 11, 7, 12], [8, 3, 9, 4]]"
12a_0457_171,"[[8, 3, 9, 4], [10, 16, 11, 15], [12, 24, 13, 23], [14, 5, 15, 6], [16, 20, 17, 19], [18, 1, 19, 2], [20, 10, 21, 9], [22, 14, 23, 13], [24, 7, 1, 8], [2, 17, 3, 18], [4, 21, 5, 22], [6, 11, 7, 12]]"
12a_0457_172,"[[6, 11, 7, 12], [8, 3, 9, 4], [10, 16, 11, 15], [12, 24, 13, 23], [14, 5, 15, 6], [16, 20, 17, 19], [18, 1, 19, 2], [20, 10, 21, 9], [22, 14, 23, 13], [24, 7, 1, 8], [2, 17, 3, 18], [4, 21, 5, 22]]"
12a_0457_173,"[[4, 21, 5, 22], [6, 11, 7, 12], [8, 3, 9, 4], [10, 16, 11, 15], [12, 24, 13, 23], [14, 5, 15, 6], [16, 20, 17, 19], [18, 1, 19, 2], [20, 10, 21, 9], [22, 14, 23, 13], [24, 7, 1, 8], [2, 17, 3, 18]]"
12a_0457_174,"[[2, 17, 3, 18], [4, 21, 5, 22], [6, 11, 7, 12], [8, 3, 9, 4], [10, 16, 11, 15], [12, 24, 13, 23], [14, 5, 15, 6], [16, 20, 17, 19], [18, 1, 19, 2], [20, 10, 21, 9], [22, 14, 23, 13], [24, 7, 1, 8]]"
12a_0457_175,"[[24, 7, 1, 8], [2, 17, 3, 18], [4, 21, 5, 22], [6, 11, 7, 12], [8, 3, 9, 4], [10, 16, 11, 15], [12, 24, 13, 23], [14, 5, 15, 6], [16, 20, 17, 19], [18, 1, 19, 2], [20, 10, 21, 9], [22, 14, 23, 13]]"
12a_0457_176,"[[22, 14, 23, 13], [24, 7, 1, 8], [2, 17, 3, 18], [4, 21, 5, 22], [6, 11, 7, 12], [8, 3, 9, 4], [10, 16, 11, 15], [12, 24, 13, 23], [14, 5, 15, 6], [16, 20, 17, 19], [18, 1, 19, 2], [20, 10, 21, 9]]"
12a_0457_177,"[[20, 10, 21, 9], [22, 14, 23, 13], [24, 7, 1, 8], [2, 17, 3, 18], [4, 21, 5, 22], [6, 11, 7, 12], [8, 3, 9, 4], [10, 16, 11, 15], [12, 24, 13, 23], [14, 5, 15, 6], [16, 20, 17, 19], [18, 1, 19, 2]]"
12a_0457_178,"[[18, 1, 19, 2], [20, 10, 21, 9], [22, 14, 23, 13], [24, 7, 1, 8], [2, 17, 3, 18], [4, 21, 5, 22], [6, 11, 7, 12], [8, 3, 9, 4], [10, 16, 11, 15], [12, 24, 13, 23], [14, 5, 15, 6], [16, 20, 17, 19]]"
12a_0457_179,"[[16, 20, 17, 19], [18, 1, 19, 2], [20, 10, 21, 9], [22, 14, 23, 13], [24, 7, 1, 8], [2, 17, 3, 18], [4, 21, 5, 22], [6, 11, 7, 12], [8, 3, 9, 4], [10, 16, 11, 15], [12, 24, 13, 23], [14, 5, 15, 6]]"
12a_0457_180,"[[15, 6, 16, 7], [17, 21, 18, 20], [19, 2, 20, 3], [21, 11, 22, 10], [23, 15, 24, 14], [1, 8, 2, 9], [3, 18, 4, 19], [5, 22, 6, 23], [7, 12, 8, 13], [9, 4, 10, 5], [11, 17, 12, 16], [13, 1, 14, 24]]"
12a_0457_181,"[[13, 1, 14, 24], [15, 6, 16, 7], [17, 21, 18, 20], [19, 2, 20, 3], [21, 11, 22, 10], [23, 15, 24, 14], [1, 8, 2, 9], [3, 18, 4, 19], [5, 22, 6, 23], [7, 12, 8, 13], [9, 4, 10, 5], [11, 17, 12, 16]]"
12a_0457_182,"[[11, 17, 12, 16], [13, 1, 14, 24], [15, 6, 16, 7], [17, 21, 18, 20], [19, 2, 20, 3], [21, 11, 22, 10], [23, 15, 24, 14], [1, 8, 2, 9], [3, 18, 4, 19], [5, 22, 6, 23], [7, 12, 8, 13], [9, 4, 10, 5]]"
12a_0457_183,"[[9, 4, 10, 5], [11, 17, 12, 16], [13, 1, 14, 24], [15, 6, 16, 7], [17, 21, 18, 20], [19, 2, 20, 3], [21, 11, 22, 10], [23, 15, 24, 14], [1, 8, 2, 9], [3, 18, 4, 19], [5, 22, 6, 23], [7, 12, 8, 13]]"
12a_0457_184,"[[7, 12, 8, 13], [9, 4, 10, 5], [11, 17, 12, 16], [13, 1, 14, 24], [15, 6, 16, 7], [17, 21, 18, 20], [19, 2, 20, 3], [21, 11, 22, 10], [23, 15, 24, 14], [1, 8, 2, 9], [3, 18, 4, 19], [5, 22, 6, 23]]"
12a_0457_185,"[[5, 22, 6, 23], [7, 12, 8, 13], [9, 4, 10, 5], [11, 17, 12, 16], [13, 1, 14, 24], [15, 6, 16, 7], [17, 21, 18, 20], [19, 2, 20, 3], [21, 11, 22, 10], [23, 15, 24, 14], [1, 8, 2, 9], [3, 18, 4, 19]]"
