name,pd_notation
12a_0415_0,"[[24, 16, 1, 15], [2, 6, 3, 5], [4, 11, 5, 12], [6, 17, 7, 18], [8, 24, 9, 23], [10, 14, 11, 13], [12, 3, 13, 4], [14, 19, 15, 20], [16, 22, 17, 21], [18, 9, 19, 10], [20, 1, 21, 2], [22, 8, 23, 7]]"
12a_0415_1,"[[22, 8, 23, 7], [24, 16, 1, 15], [2, 6, 3, 5], [4, 11, 5, 12], [6, 17, 7, 18], [8, 24, 9, 23], [10, 14, 11, 13], [12, 3, 13, 4], [14, 19, 15, 20], [16, 22, 17, 21], [18, 9, 19, 10], [20, 1, 21, 2]]"
12a_0415_2,"[[20, 1, 21, 2], [22, 8, 23, 7], [24, 16, 1, 15], [2, 6, 3, 5], [4, 11, 5, 12], [6, 17, 7, 18], [8, 24, 9, 23], [10, 14, 11, 13], [12, 3, 13, 4], [14, 19, 15, 20], [16, 22, 17, 21], [18, 9, 19, 10]]"
12a_0415_3,"[[18, 9, 19, 10], [20, 1, 21, 2], [22, 8, 23, 7], [24, 16, 1, 15], [2, 6, 3, 5], [4, 11, 5, 12], [6, 17, 7, 18], [8, 24, 9, 23], [10, 14, 11, 13], [12, 3, 13, 4], [14, 19, 15, 20], [16, 22, 17, 21]]"
12a_0415_4,"[[16, 22, 17, 21], [18, 9, 19, 10], [20, 1, 21, 2], [22, 8, 23, 7], [24, 16, 1, 15], [2, 6, 3, 5], [4, 11, 5, 12], [6, 17, 7, 18], [8, 24, 9, 23], [10, 14, 11, 13], [12, 3, 13, 4], [14, 19, 15, 20]]"
12a_0415_5,"[[14, 19, 15, 20], [16, 22, 17, 21], [18, 9, 19, 10], [20, 1, 21, 2], [22, 8, 23, 7], [24, 16, 1, 15], [2, 6, 3, 5], [4, 11, 5, 12], [6, 17, 7, 18], [8, 24, 9, 23], [10, 14, 11, 13], [12, 3, 13, 4]]"
12a_0415_6,"[[12, 3, 13, 4], [14, 19, 15, 20], [16, 22, 17, 21], [18, 9, 19, 10], [20, 1, 21, 2], [22, 8, 23, 7], [24, 16, 1, 15], [2, 6, 3, 5], [4, 11, 5, 12], [6, 17, 7, 18], [8, 24, 9, 23], [10, 14, 11, 13]]"
12a_0415_7,"[[10, 14, 11, 13], [12, 3, 13, 4], [14, 19, 15, 20], [16, 22, 17, 21], [18, 9, 19, 10], [20, 1, 21, 2], [22, 8, 23, 7], [24, 16, 1, 15], [2, 6, 3, 5], [4, 11, 5, 12], [6, 17, 7, 18], [8, 24, 9, 23]]"
12a_0415_8,"[[8, 24, 9, 23], [10, 14, 11, 13], [12, 3, 13, 4], [14, 19, 15, 20], [16, 22, 17, 21], [18, 9, 19, 10], [20, 1, 21, 2], [22, 8, 23, 7], [24, 16, 1, 15], [2, 6, 3, 5], [4, 11, 5, 12], [6, 17, 7, 18]]"
12a_0415_9,"[[6, 17, 7, 18], [8, 24, 9, 23], [10, 14, 11, 13], [12, 3, 13, 4], [14, 19, 15, 20], [16, 22, 17, 21], [18, 9, 19, 10], [20, 1, 21, 2], [22, 8, 23, 7], [24, 16, 1, 15], [2, 6, 3, 5], [4, 11, 5, 12]]"
12a_0415_10,"[[4, 11, 5, 12], [6, 17, 7, 18], [8, 24, 9, 23], [10, 14, 11, 13], [12, 3, 13, 4], [14, 19, 15, 20], [16, 22, 17, 21], [18, 9, 19, 10], [20, 1, 21, 2], [22, 8, 23, 7], [24, 16, 1, 15], [2, 6, 3, 5]]"
12a_0415_11,"[[2, 6, 3, 5], [4, 11, 5, 12], [6, 17, 7, 18], [8, 24, 9, 23], [10, 14, 11, 13], [12, 3, 13, 4], [14, 19, 15, 20], [16, 22, 17, 21], [18, 9, 19, 10], [20, 1, 21, 2], [22, 8, 23, 7], [24, 16, 1, 15]]"
12a_0415_12,"[[1, 17, 2, 16], [3, 7, 4, 6], [5, 12, 6, 13], [7, 18, 8, 19], [9, 1, 10, 24], [11, 15, 12, 14], [13, 4, 14, 5], [15, 20, 16, 21], [17, 23, 18, 22], [19, 10, 20, 11], [21, 2, 22, 3], [23, 9, 24, 8]]"
12a_0415_13,"[[23, 9, 24, 8], [1, 17, 2, 16], [3, 7, 4, 6], [5, 12, 6, 13], [7, 18, 8, 19], [9, 1, 10, 24], [11, 15, 12, 14], [13, 4, 14, 5], [15, 20, 16, 21], [17, 23, 18, 22], [19, 10, 20, 11], [21, 2, 22, 3]]"
12a_0415_14,"[[21, 2, 22, 3], [23, 9, 24, 8], [1, 17, 2, 16], [3, 7, 4, 6], [5, 12, 6, 13], [7, 18, 8, 19], [9, 1, 10, 24], [11, 15, 12, 14], [13, 4, 14, 5], [15, 20, 16, 21], [17, 23, 18, 22], [19, 10, 20, 11]]"
12a_0415_15,"[[19, 10, 20, 11], [21, 2, 22, 3], [23, 9, 24, 8], [1, 17, 2, 16], [3, 7, 4, 6], [5, 12, 6, 13], [7, 18, 8, 19], [9, 1, 10, 24], [11, 15, 12, 14], [13, 4, 14, 5], [15, 20, 16, 21], [17, 23, 18, 22]]"
12a_0415_16,"[[17, 23, 18, 22], [19, 10, 20, 11], [21, 2, 22, 3], [23, 9, 24, 8], [1, 17, 2, 16], [3, 7, 4, 6], [5, 12, 6, 13], [7, 18, 8, 19], [9, 1, 10, 24], [11, 15, 12, 14], [13, 4, 14, 5], [15, 20, 16, 21]]"
12a_0415_17,"[[15, 20, 16, 21], [17, 23, 18, 22], [19, 10, 20, 11], [21, 2, 22, 3], [23, 9, 24, 8], [1, 17, 2, 16], [3, 7, 4, 6], [5, 12, 6, 13], [7, 18, 8, 19], [9, 1, 10, 24], [11, 15, 12, 14], [13, 4, 14, 5]]"
12a_0415_18,"[[13, 4, 14, 5], [15, 20, 16, 21], [17, 23, 18, 22], [19, 10, 20, 11], [21, 2, 22, 3], [23, 9, 24, 8], [1, 17, 2, 16], [3, 7, 4, 6], [5, 12, 6, 13], [7, 18, 8, 19], [9, 1, 10, 24], [11, 15, 12, 14]]"
12a_0415_19,"[[11, 15, 12, 14], [13, 4, 14, 5], [15, 20, 16, 21], [17, 23, 18, 22], [19, 10, 20, 11], [21, 2, 22, 3], [23, 9, 24, 8], [1, 17, 2, 16], [3, 7, 4, 6], [5, 12, 6, 13], [7, 18, 8, 19], [9, 1, 10, 24]]"
12a_0415_20,"[[9, 1, 10, 24], [11, 15, 12, 14], [13, 4, 14, 5], [15, 20, 16, 21], [17, 23, 18, 22], [19, 10, 20, 11], [21, 2, 22, 3], [23, 9, 24, 8], [1, 17, 2, 16], [3, 7, 4, 6], [5, 12, 6, 13], [7, 18, 8, 19]]"
12a_0415_21,"[[7, 18, 8, 19], [9, 1, 10, 24], [11, 15, 12, 14], [13, 4, 14, 5], [15, 20, 16, 21], [17, 23, 18, 22], [19, 10, 20, 11], [21, 2, 22, 3], [23, 9, 24, 8], [1, 17, 2, 16], [3, 7, 4, 6], [5, 12, 6, 13]]"
12a_0415_22,"[[5, 12, 6, 13], [7, 18, 8, 19], [9, 1, 10, 24], [11, 15, 12, 14], [13, 4, 14, 5], [15, 20, 16, 21], [17, 23, 18, 22], [19, 10, 20, 11], [21, 2, 22, 3], [23, 9, 24, 8], [1, 17, 2, 16], [3, 7, 4, 6]]"
12a_0415_23,"[[3, 7, 4, 6], [5, 12, 6, 13], [7, 18, 8, 19], [9, 1, 10, 24], [11, 15, 12, 14], [13, 4, 14, 5], [15, 20, 16, 21], [17, 23, 18, 22], [19, 10, 20, 11], [21, 2, 22, 3], [23, 9, 24, 8], [1, 17, 2, 16]]"
12a_0415_24,"[[2, 18, 3, 17], [4, 8, 5, 7], [6, 13, 7, 14], [8, 19, 9, 20], [10, 2, 11, 1], [12, 16, 13, 15], [14, 5, 15, 6], [16, 21, 17, 22], [18, 24, 19, 23], [20, 11, 21, 12], [22, 3, 23, 4], [24, 10, 1, 9]]"
12a_0415_25,"[[24, 10, 1, 9], [2, 18, 3, 17], [4, 8, 5, 7], [6, 13, 7, 14], [8, 19, 9, 20], [10, 2, 11, 1], [12, 16, 13, 15], [14, 5, 15, 6], [16, 21, 17, 22], [18, 24, 19, 23], [20, 11, 21, 12], [22, 3, 23, 4]]"
12a_0415_26,"[[22, 3, 23, 4], [24, 10, 1, 9], [2, 18, 3, 17], [4, 8, 5, 7], [6, 13, 7, 14], [8, 19, 9, 20], [10, 2, 11, 1], [12, 16, 13, 15], [14, 5, 15, 6], [16, 21, 17, 22], [18, 24, 19, 23], [20, 11, 21, 12]]"
12a_0415_27,"[[20, 11, 21, 12], [22, 3, 23, 4], [24, 10, 1, 9], [2, 18, 3, 17], [4, 8, 5, 7], [6, 13, 7, 14], [8, 19, 9, 20], [10, 2, 11, 1], [12, 16, 13, 15], [14, 5, 15, 6], [16, 21, 17, 22], [18, 24, 19, 23]]"
12a_0415_28,"[[18, 24, 19, 23], [20, 11, 21, 12], [22, 3, 23, 4], [24, 10, 1, 9], [2, 18, 3, 17], [4, 8, 5, 7], [6, 13, 7, 14], [8, 19, 9, 20], [10, 2, 11, 1], [12, 16, 13, 15], [14, 5, 15, 6], [16, 21, 17, 22]]"
12a_0415_29,"[[16, 21, 17, 22], [18, 24, 19, 23], [20, 11, 21, 12], [22, 3, 23, 4], [24, 10, 1, 9], [2, 18, 3, 17], [4, 8, 5, 7], [6, 13, 7, 14], [8, 19, 9, 20], [10, 2, 11, 1], [12, 16, 13, 15], [14, 5, 15, 6]]"
12a_0415_30,"[[14, 5, 15, 6], [16, 21, 17, 22], [18, 24, 19, 23], [20, 11, 21, 12], [22, 3, 23, 4], [24, 10, 1, 9], [2, 18, 3, 17], [4, 8, 5, 7], [6, 13, 7, 14], [8, 19, 9, 20], [10, 2, 11, 1], [12, 16, 13, 15]]"
12a_0415_31,"[[12, 16, 13, 15], [14, 5, 15, 6], [16, 21, 17, 22], [18, 24, 19, 23], [20, 11, 21, 12], [22, 3, 23, 4], [24, 10, 1, 9], [2, 18, 3, 17], [4, 8, 5, 7], [6, 13, 7, 14], [8, 19, 9, 20], [10, 2, 11, 1]]"
12a_0415_32,"[[10, 2, 11, 1], [12, 16, 13, 15], [14, 5, 15, 6], [16, 21, 17, 22], [18, 24, 19, 23], [20, 11, 21, 12], [22, 3, 23, 4], [24, 10, 1, 9], [2, 18, 3, 17], [4, 8, 5, 7], [6, 13, 7, 14], [8, 19, 9, 20]]"
12a_0415_33,"[[8, 19, 9, 20], [10, 2, 11, 1], [12, 16, 13, 15], [14, 5, 15, 6], [16, 21, 17, 22], [18, 24, 19, 23], [20, 11, 21, 12], [22, 3, 23, 4], [24, 10, 1, 9], [2, 18, 3, 17], [4, 8, 5, 7], [6, 13, 7, 14]]"
12a_0415_34,"[[6, 13, 7, 14], [8, 19, 9, 20], [10, 2, 11, 1], [12, 16, 13, 15], [14, 5, 15, 6], [16, 21, 17, 22], [18, 24, 19, 23], [20, 11, 21, 12], [22, 3, 23, 4], [24, 10, 1, 9], [2, 18, 3, 17], [4, 8, 5, 7]]"
12a_0415_35,"[[4, 8, 5, 7], [6, 13, 7, 14], [8, 19, 9, 20], [10, 2, 11, 1], [12, 16, 13, 15], [14, 5, 15, 6], [16, 21, 17, 22], [18, 24, 19, 23], [20, 11, 21, 12], [22, 3, 23, 4], [24, 10, 1, 9], [2, 18, 3, 17]]"
12a_0415_36,"[[3, 19, 4, 18], [5, 9, 6, 8], [7, 14, 8, 15], [9, 20, 10, 21], [11, 3, 12, 2], [13, 17, 14, 16], [15, 6, 16, 7], [17, 22, 18, 23], [19, 1, 20, 24], [21, 12, 22, 13], [23, 4, 24, 5], [1, 11, 2, 10]]"
12a_0415_37,"[[1, 11, 2, 10], [3, 19, 4, 18], [5, 9, 6, 8], [7, 14, 8, 15], [9, 20, 10, 21], [11, 3, 12, 2], [13, 17, 14, 16], [15, 6, 16, 7], [17, 22, 18, 23], [19, 1, 20, 24], [21, 12, 22, 13], [23, 4, 24, 5]]"
12a_0415_38,"[[23, 4, 24, 5], [1, 11, 2, 10], [3, 19, 4, 18], [5, 9, 6, 8], [7, 14, 8, 15], [9, 20, 10, 21], [11, 3, 12, 2], [13, 17, 14, 16], [15, 6, 16, 7], [17, 22, 18, 23], [19, 1, 20, 24], [21, 12, 22, 13]]"
12a_0415_39,"[[21, 12, 22, 13], [23, 4, 24, 5], [1, 11, 2, 10], [3, 19, 4, 18], [5, 9, 6, 8], [7, 14, 8, 15], [9, 20, 10, 21], [11, 3, 12, 2], [13, 17, 14, 16], [15, 6, 16, 7], [17, 22, 18, 23], [19, 1, 20, 24]]"
12a_0415_40,"[[19, 1, 20, 24], [21, 12, 22, 13], [23, 4, 24, 5], [1, 11, 2, 10], [3, 19, 4, 18], [5, 9, 6, 8], [7, 14, 8, 15], [9, 20, 10, 21], [11, 3, 12, 2], [13, 17, 14, 16], [15, 6, 16, 7], [17, 22, 18, 23]]"
12a_0415_41,"[[17, 22, 18, 23], [19, 1, 20, 24], [21, 12, 22, 13], [23, 4, 24, 5], [1, 11, 2, 10], [3, 19, 4, 18], [5, 9, 6, 8], [7, 14, 8, 15], [9, 20, 10, 21], [11, 3, 12, 2], [13, 17, 14, 16], [15, 6, 16, 7]]"
12a_0415_42,"[[15, 6, 16, 7], [17, 22, 18, 23], [19, 1, 20, 24], [21, 12, 22, 13], [23, 4, 24, 5], [1, 11, 2, 10], [3, 19, 4, 18], [5, 9, 6, 8], [7, 14, 8, 15], [9, 20, 10, 21], [11, 3, 12, 2], [13, 17, 14, 16]]"
12a_0415_43,"[[13, 17, 14, 16], [15, 6, 16, 7], [17, 22, 18, 23], [19, 1, 20, 24], [21, 12, 22, 13], [23, 4, 24, 5], [1, 11, 2, 10], [3, 19, 4, 18], [5, 9, 6, 8], [7, 14, 8, 15], [9, 20, 10, 21], [11, 3, 12, 2]]"
12a_0415_44,"[[11, 3, 12, 2], [13, 17, 14, 16], [15, 6, 16, 7], [17, 22, 18, 23], [19, 1, 20, 24], [21, 12, 22, 13], [23, 4, 24, 5], [1, 11, 2, 10], [3, 19, 4, 18], [5, 9, 6, 8], [7, 14, 8, 15], [9, 20, 10, 21]]"
12a_0415_45,"[[9, 20, 10, 21], [11, 3, 12, 2], [13, 17, 14, 16], [15, 6, 16, 7], [17, 22, 18, 23], [19, 1, 20, 24], [21, 12, 22, 13], [23, 4, 24, 5], [1, 11, 2, 10], [3, 19, 4, 18], [5, 9, 6, 8], [7, 14, 8, 15]]"
12a_0415_46,"[[7, 14, 8, 15], [9, 20, 10, 21], [11, 3, 12, 2], [13, 17, 14, 16], [15, 6, 16, 7], [17, 22, 18, 23], [19, 1, 20, 24], [21, 12, 22, 13], [23, 4, 24, 5], [1, 11, 2, 10], [3, 19, 4, 18], [5, 9, 6, 8]]"
12a_0415_47,"[[5, 9, 6, 8], [7, 14, 8, 15], [9, 20, 10, 21], [11, 3, 12, 2], [13, 17, 14, 16], [15, 6, 16, 7], [17, 22, 18, 23], [19, 1, 20, 24], [21, 12, 22, 13], [23, 4, 24, 5], [1, 11, 2, 10], [3, 19, 4, 18]]"
12a_0415_48,"[[4, 20, 5, 19], [6, 10, 7, 9], [8, 15, 9, 16], [10, 21, 11, 22], [12, 4, 13, 3], [14, 18, 15, 17], [16, 7, 17, 8], [18, 23, 19, 24], [20, 2, 21, 1], [22, 13, 23, 14], [24, 5, 1, 6], [2, 12, 3, 11]]"
12a_0415_49,"[[2, 12, 3, 11], [4, 20, 5, 19], [6, 10, 7, 9], [8, 15, 9, 16], [10, 21, 11, 22], [12, 4, 13, 3], [14, 18, 15, 17], [16, 7, 17, 8], [18, 23, 19, 24], [20, 2, 21, 1], [22, 13, 23, 14], [24, 5, 1, 6]]"
12a_0415_50,"[[24, 5, 1, 6], [2, 12, 3, 11], [4, 20, 5, 19], [6, 10, 7, 9], [8, 15, 9, 16], [10, 21, 11, 22], [12, 4, 13, 3], [14, 18, 15, 17], [16, 7, 17, 8], [18, 23, 19, 24], [20, 2, 21, 1], [22, 13, 23, 14]]"
12a_0415_51,"[[22, 13, 23, 14], [24, 5, 1, 6], [2, 12, 3, 11], [4, 20, 5, 19], [6, 10, 7, 9], [8, 15, 9, 16], [10, 21, 11, 22], [12, 4, 13, 3], [14, 18, 15, 17], [16, 7, 17, 8], [18, 23, 19, 24], [20, 2, 21, 1]]"
12a_0415_52,"[[20, 2, 21, 1], [22, 13, 23, 14], [24, 5, 1, 6], [2, 12, 3, 11], [4, 20, 5, 19], [6, 10, 7, 9], [8, 15, 9, 16], [10, 21, 11, 22], [12, 4, 13, 3], [14, 18, 15, 17], [16, 7, 17, 8], [18, 23, 19, 24]]"
12a_0415_53,"[[18, 23, 19, 24], [20, 2, 21, 1], [22, 13, 23, 14], [24, 5, 1, 6], [2, 12, 3, 11], [4, 20, 5, 19], [6, 10, 7, 9], [8, 15, 9, 16], [10, 21, 11, 22], [12, 4, 13, 3], [14, 18, 15, 17], [16, 7, 17, 8]]"
12a_0415_54,"[[16, 7, 17, 8], [18, 23, 19, 24], [20, 2, 21, 1], [22, 13, 23, 14], [24, 5, 1, 6], [2, 12, 3, 11], [4, 20, 5, 19], [6, 10, 7, 9], [8, 15, 9, 16], [10, 21, 11, 22], [12, 4, 13, 3], [14, 18, 15, 17]]"
12a_0415_55,"[[14, 18, 15, 17], [16, 7, 17, 8], [18, 23, 19, 24], [20, 2, 21, 1], [22, 13, 23, 14], [24, 5, 1, 6], [2, 12, 3, 11], [4, 20, 5, 19], [6, 10, 7, 9], [8, 15, 9, 16], [10, 21, 11, 22], [12, 4, 13, 3]]"
12a_0415_56,"[[12, 4, 13, 3], [14, 18, 15, 17], [16, 7, 17, 8], [18, 23, 19, 24], [20, 2, 21, 1], [22, 13, 23, 14], [24, 5, 1, 6], [2, 12, 3, 11], [4, 20, 5, 19], [6, 10, 7, 9], [8, 15, 9, 16], [10, 21, 11, 22]]"
12a_0415_57,"[[10, 21, 11, 22], [12, 4, 13, 3], [14, 18, 15, 17], [16, 7, 17, 8], [18, 23, 19, 24], [20, 2, 21, 1], [22, 13, 23, 14], [24, 5, 1, 6], [2, 12, 3, 11], [4, 20, 5, 19], [6, 10, 7, 9], [8, 15, 9, 16]]"
12a_0415_58,"[[8, 15, 9, 16], [10, 21, 11, 22], [12, 4, 13, 3], [14, 18, 15, 17], [16, 7, 17, 8], [18, 23, 19, 24], [20, 2, 21, 1], [22, 13, 23, 14], [24, 5, 1, 6], [2, 12, 3, 11], [4, 20, 5, 19], [6, 10, 7, 9]]"
12a_0415_59,"[[6, 10, 7, 9], [8, 15, 9, 16], [10, 21, 11, 22], [12, 4, 13, 3], [14, 18, 15, 17], [16, 7, 17, 8], [18, 23, 19, 24], [20, 2, 21, 1], [22, 13, 23, 14], [24, 5, 1, 6], [2, 12, 3, 11], [4, 20, 5, 19]]"
12a_0415_60,"[[5, 21, 6, 20], [7, 11, 8, 10], [9, 16, 10, 17], [11, 22, 12, 23], [13, 5, 14, 4], [15, 19, 16, 18], [17, 8, 18, 9], [19, 24, 20, 1], [21, 3, 22, 2], [23, 14, 24, 15], [1, 6, 2, 7], [3, 13, 4, 12]]"
12a_0415_61,"[[3, 13, 4, 12], [5, 21, 6, 20], [7, 11, 8, 10], [9, 16, 10, 17], [11, 22, 12, 23], [13, 5, 14, 4], [15, 19, 16, 18], [17, 8, 18, 9], [19, 24, 20, 1], [21, 3, 22, 2], [23, 14, 24, 15], [1, 6, 2, 7]]"
12a_0415_62,"[[1, 6, 2, 7], [3, 13, 4, 12], [5, 21, 6, 20], [7, 11, 8, 10], [9, 16, 10, 17], [11, 22, 12, 23], [13, 5, 14, 4], [15, 19, 16, 18], [17, 8, 18, 9], [19, 24, 20, 1], [21, 3, 22, 2], [23, 14, 24, 15]]"
12a_0415_63,"[[23, 14, 24, 15], [1, 6, 2, 7], [3, 13, 4, 12], [5, 21, 6, 20], [7, 11, 8, 10], [9, 16, 10, 17], [11, 22, 12, 23], [13, 5, 14, 4], [15, 19, 16, 18], [17, 8, 18, 9], [19, 24, 20, 1], [21, 3, 22, 2]]"
12a_0415_64,"[[21, 3, 22, 2], [23, 14, 24, 15], [1, 6, 2, 7], [3, 13, 4, 12], [5, 21, 6, 20], [7, 11, 8, 10], [9, 16, 10, 17], [11, 22, 12, 23], [13, 5, 14, 4], [15, 19, 16, 18], [17, 8, 18, 9], [19, 24, 20, 1]]"
12a_0415_65,"[[19, 24, 20, 1], [21, 3, 22, 2], [23, 14, 24, 15], [1, 6, 2, 7], [3, 13, 4, 12], [5, 21, 6, 20], [7, 11, 8, 10], [9, 16, 10, 17], [11, 22, 12, 23], [13, 5, 14, 4], [15, 19, 16, 18], [17, 8, 18, 9]]"
12a_0415_66,"[[17, 8, 18, 9], [19, 24, 20, 1], [21, 3, 22, 2], [23, 14, 24, 15], [1, 6, 2, 7], [3, 13, 4, 12], [5, 21, 6, 20], [7, 11, 8, 10], [9, 16, 10, 17], [11, 22, 12, 23], [13, 5, 14, 4], [15, 19, 16, 18]]"
12a_0415_67,"[[15, 19, 16, 18], [17, 8, 18, 9], [19, 24, 20, 1], [21, 3, 22, 2], [23, 14, 24, 15], [1, 6, 2, 7], [3, 13, 4, 12], [5, 21, 6, 20], [7, 11, 8, 10], [9, 16, 10, 17], [11, 22, 12, 23], [13, 5, 14, 4]]"
12a_0415_68,"[[13, 5, 14, 4], [15, 19, 16, 18], [17, 8, 18, 9], [19, 24, 20, 1], [21, 3, 22, 2], [23, 14, 24, 15], [1, 6, 2, 7], [3, 13, 4, 12], [5, 21, 6, 20], [7, 11, 8, 10], [9, 16, 10, 17], [11, 22, 12, 23]]"
12a_0415_69,"[[11, 22, 12, 23], [13, 5, 14, 4], [15, 19, 16, 18], [17, 8, 18, 9], [19, 24, 20, 1], [21, 3, 22, 2], [23, 14, 24, 15], [1, 6, 2, 7], [3, 13, 4, 12], [5, 21, 6, 20], [7, 11, 8, 10], [9, 16, 10, 17]]"
12a_0415_70,"[[9, 16, 10, 17], [11, 22, 12, 23], [13, 5, 14, 4], [15, 19, 16, 18], [17, 8, 18, 9], [19, 24, 20, 1], [21, 3, 22, 2], [23, 14, 24, 15], [1, 6, 2, 7], [3, 13, 4, 12], [5, 21, 6, 20], [7, 11, 8, 10]]"
12a_0415_71,"[[7, 11, 8, 10], [9, 16, 10, 17], [11, 22, 12, 23], [13, 5, 14, 4], [15, 19, 16, 18], [17, 8, 18, 9], [19, 24, 20, 1], [21, 3, 22, 2], [23, 14, 24, 15], [1, 6, 2, 7], [3, 13, 4, 12], [5, 21, 6, 20]]"
12a_0415_72,"[[6, 22, 7, 21], [8, 12, 9, 11], [10, 17, 11, 18], [12, 23, 13, 24], [14, 6, 15, 5], [16, 20, 17, 19], [18, 9, 19, 10], [20, 1, 21, 2], [22, 4, 23, 3], [24, 15, 1, 16], [2, 7, 3, 8], [4, 14, 5, 13]]"
12a_0415_73,"[[4, 14, 5, 13], [6, 22, 7, 21], [8, 12, 9, 11], [10, 17, 11, 18], [12, 23, 13, 24], [14, 6, 15, 5], [16, 20, 17, 19], [18, 9, 19, 10], [20, 1, 21, 2], [22, 4, 23, 3], [24, 15, 1, 16], [2, 7, 3, 8]]"
12a_0415_74,"[[2, 7, 3, 8], [4, 14, 5, 13], [6, 22, 7, 21], [8, 12, 9, 11], [10, 17, 11, 18], [12, 23, 13, 24], [14, 6, 15, 5], [16, 20, 17, 19], [18, 9, 19, 10], [20, 1, 21, 2], [22, 4, 23, 3], [24, 15, 1, 16]]"
12a_0415_75,"[[24, 15, 1, 16], [2, 7, 3, 8], [4, 14, 5, 13], [6, 22, 7, 21], [8, 12, 9, 11], [10, 17, 11, 18], [12, 23, 13, 24], [14, 6, 15, 5], [16, 20, 17, 19], [18, 9, 19, 10], [20, 1, 21, 2], [22, 4, 23, 3]]"
12a_0415_76,"[[22, 4, 23, 3], [24, 15, 1, 16], [2, 7, 3, 8], [4, 14, 5, 13], [6, 22, 7, 21], [8, 12, 9, 11], [10, 17, 11, 18], [12, 23, 13, 24], [14, 6, 15, 5], [16, 20, 17, 19], [18, 9, 19, 10], [20, 1, 21, 2]]"
12a_0415_77,"[[20, 1, 21, 2], [22, 4, 23, 3], [24, 15, 1, 16], [2, 7, 3, 8], [4, 14, 5, 13], [6, 22, 7, 21], [8, 12, 9, 11], [10, 17, 11, 18], [12, 23, 13, 24], [14, 6, 15, 5], [16, 20, 17, 19], [18, 9, 19, 10]]"
12a_0415_78,"[[18, 9, 19, 10], [20, 1, 21, 2], [22, 4, 23, 3], [24, 15, 1, 16], [2, 7, 3, 8], [4, 14, 5, 13], [6, 22, 7, 21], [8, 12, 9, 11], [10, 17, 11, 18], [12, 23, 13, 24], [14, 6, 15, 5], [16, 20, 17, 19]]"
12a_0415_79,"[[16, 20, 17, 19], [18, 9, 19, 10], [20, 1, 21, 2], [22, 4, 23, 3], [24, 15, 1, 16], [2, 7, 3, 8], [4, 14, 5, 13], [6, 22, 7, 21], [8, 12, 9, 11], [10, 17, 11, 18], [12, 23, 13, 24], [14, 6, 15, 5]]"
12a_0415_80,"[[14, 6, 15, 5], [16, 20, 17, 19], [18, 9, 19, 10], [20, 1, 21, 2], [22, 4, 23, 3], [24, 15, 1, 16], [2, 7, 3, 8], [4, 14, 5, 13], [6, 22, 7, 21], [8, 12, 9, 11], [10, 17, 11, 18], [12, 23, 13, 24]]"
12a_0415_81,"[[12, 23, 13, 24], [14, 6, 15, 5], [16, 20, 17, 19], [18, 9, 19, 10], [20, 1, 21, 2], [22, 4, 23, 3], [24, 15, 1, 16], [2, 7, 3, 8], [4, 14, 5, 13], [6, 22, 7, 21], [8, 12, 9, 11], [10, 17, 11, 18]]"
12a_0415_82,"[[10, 17, 11, 18], [12, 23, 13, 24], [14, 6, 15, 5], [16, 20, 17, 19], [18, 9, 19, 10], [20, 1, 21, 2], [22, 4, 23, 3], [24, 15, 1, 16], [2, 7, 3, 8], [4, 14, 5, 13], [6, 22, 7, 21], [8, 12, 9, 11]]"
12a_0415_83,"[[8, 12, 9, 11], [10, 17, 11, 18], [12, 23, 13, 24], [14, 6, 15, 5], [16, 20, 17, 19], [18, 9, 19, 10], [20, 1, 21, 2], [22, 4, 23, 3], [24, 15, 1, 16], [2, 7, 3, 8], [4, 14, 5, 13], [6, 22, 7, 21]]"
12a_0415_84,"[[7, 23, 8, 22], [9, 13, 10, 12], [11, 18, 12, 19], [13, 24, 14, 1], [15, 7, 16, 6], [17, 21, 18, 20], [19, 10, 20, 11], [21, 2, 22, 3], [23, 5, 24, 4], [1, 16, 2, 17], [3, 8, 4, 9], [5, 15, 6, 14]]"
12a_0415_85,"[[5, 15, 6, 14], [7, 23, 8, 22], [9, 13, 10, 12], [11, 18, 12, 19], [13, 24, 14, 1], [15, 7, 16, 6], [17, 21, 18, 20], [19, 10, 20, 11], [21, 2, 22, 3], [23, 5, 24, 4], [1, 16, 2, 17], [3, 8, 4, 9]]"
12a_0415_86,"[[3, 8, 4, 9], [5, 15, 6, 14], [7, 23, 8, 22], [9, 13, 10, 12], [11, 18, 12, 19], [13, 24, 14, 1], [15, 7, 16, 6], [17, 21, 18, 20], [19, 10, 20, 11], [21, 2, 22, 3], [23, 5, 24, 4], [1, 16, 2, 17]]"
12a_0415_87,"[[1, 16, 2, 17], [3, 8, 4, 9], [5, 15, 6, 14], [7, 23, 8, 22], [9, 13, 10, 12], [11, 18, 12, 19], [13, 24, 14, 1], [15, 7, 16, 6], [17, 21, 18, 20], [19, 10, 20, 11], [21, 2, 22, 3], [23, 5, 24, 4]]"
12a_0415_88,"[[23, 5, 24, 4], [1, 16, 2, 17], [3, 8, 4, 9], [5, 15, 6, 14], [7, 23, 8, 22], [9, 13, 10, 12], [11, 18, 12, 19], [13, 24, 14, 1], [15, 7, 16, 6], [17, 21, 18, 20], [19, 10, 20, 11], [21, 2, 22, 3]]"
12a_0415_89,"[[21, 2, 22, 3], [23, 5, 24, 4], [1, 16, 2, 17], [3, 8, 4, 9], [5, 15, 6, 14], [7, 23, 8, 22], [9, 13, 10, 12], [11, 18, 12, 19], [13, 24, 14, 1], [15, 7, 16, 6], [17, 21, 18, 20], [19, 10, 20, 11]]"
12a_0415_90,"[[19, 10, 20, 11], [21, 2, 22, 3], [23, 5, 24, 4], [1, 16, 2, 17], [3, 8, 4, 9], [5, 15, 6, 14], [7, 23, 8, 22], [9, 13, 10, 12], [11, 18, 12, 19], [13, 24, 14, 1], [15, 7, 16, 6], [17, 21, 18, 20]]"
12a_0415_91,"[[17, 21, 18, 20], [19, 10, 20, 11], [21, 2, 22, 3], [23, 5, 24, 4], [1, 16, 2, 17], [3, 8, 4, 9], [5, 15, 6, 14], [7, 23, 8, 22], [9, 13, 10, 12], [11, 18, 12, 19], [13, 24, 14, 1], [15, 7, 16, 6]]"
12a_0415_92,"[[15, 7, 16, 6], [17, 21, 18, 20], [19, 10, 20, 11], [21, 2, 22, 3], [23, 5, 24, 4], [1, 16, 2, 17], [3, 8, 4, 9], [5, 15, 6, 14], [7, 23, 8, 22], [9, 13, 10, 12], [11, 18, 12, 19], [13, 24, 14, 1]]"
12a_0415_93,"[[13, 24, 14, 1], [15, 7, 16, 6], [17, 21, 18, 20], [19, 10, 20, 11], [21, 2, 22, 3], [23, 5, 24, 4], [1, 16, 2, 17], [3, 8, 4, 9], [5, 15, 6, 14], [7, 23, 8, 22], [9, 13, 10, 12], [11, 18, 12, 19]]"
12a_0415_94,"[[11, 18, 12, 19], [13, 24, 14, 1], [15, 7, 16, 6], [17, 21, 18, 20], [19, 10, 20, 11], [21, 2, 22, 3], [23, 5, 24, 4], [1, 16, 2, 17], [3, 8, 4, 9], [5, 15, 6, 14], [7, 23, 8, 22], [9, 13, 10, 12]]"
12a_0415_95,"[[9, 13, 10, 12], [11, 18, 12, 19], [13, 24, 14, 1], [15, 7, 16, 6], [17, 21, 18, 20], [19, 10, 20, 11], [21, 2, 22, 3], [23, 5, 24, 4], [1, 16, 2, 17], [3, 8, 4, 9], [5, 15, 6, 14], [7, 23, 8, 22]]"
12a_0415_96,"[[8, 24, 9, 23], [10, 14, 11, 13], [12, 19, 13, 20], [14, 1, 15, 2], [16, 8, 17, 7], [18, 22, 19, 21], [20, 11, 21, 12], [22, 3, 23, 4], [24, 6, 1, 5], [2, 17, 3, 18], [4, 9, 5, 10], [6, 16, 7, 15]]"
12a_0415_97,"[[6, 16, 7, 15], [8, 24, 9, 23], [10, 14, 11, 13], [12, 19, 13, 20], [14, 1, 15, 2], [16, 8, 17, 7], [18, 22, 19, 21], [20, 11, 21, 12], [22, 3, 23, 4], [24, 6, 1, 5], [2, 17, 3, 18], [4, 9, 5, 10]]"
12a_0415_98,"[[4, 9, 5, 10], [6, 16, 7, 15], [8, 24, 9, 23], [10, 14, 11, 13], [12, 19, 13, 20], [14, 1, 15, 2], [16, 8, 17, 7], [18, 22, 19, 21], [20, 11, 21, 12], [22, 3, 23, 4], [24, 6, 1, 5], [2, 17, 3, 18]]"
12a_0415_99,"[[2, 17, 3, 18], [4, 9, 5, 10], [6, 16, 7, 15], [8, 24, 9, 23], [10, 14, 11, 13], [12, 19, 13, 20], [14, 1, 15, 2], [16, 8, 17, 7], [18, 22, 19, 21], [20, 11, 21, 12], [22, 3, 23, 4], [24, 6, 1, 5]]"
12a_0415_100,"[[24, 6, 1, 5], [2, 17, 3, 18], [4, 9, 5, 10], [6, 16, 7, 15], [8, 24, 9, 23], [10, 14, 11, 13], [12, 19, 13, 20], [14, 1, 15, 2], [16, 8, 17, 7], [18, 22, 19, 21], [20, 11, 21, 12], [22, 3, 23, 4]]"
12a_0415_101,"[[22, 3, 23, 4], [24, 6, 1, 5], [2, 17, 3, 18], [4, 9, 5, 10], [6, 16, 7, 15], [8, 24, 9, 23], [10, 14, 11, 13], [12, 19, 13, 20], [14, 1, 15, 2], [16, 8, 17, 7], [18, 22, 19, 21], [20, 11, 21, 12]]"
12a_0415_102,"[[20, 11, 21, 12], [22, 3, 23, 4], [24, 6, 1, 5], [2, 17, 3, 18], [4, 9, 5, 10], [6, 16, 7, 15], [8, 24, 9, 23], [10, 14, 11, 13], [12, 19, 13, 20], [14, 1, 15, 2], [16, 8, 17, 7], [18, 22, 19, 21]]"
12a_0415_103,"[[18, 22, 19, 21], [20, 11, 21, 12], [22, 3, 23, 4], [24, 6, 1, 5], [2, 17, 3, 18], [4, 9, 5, 10], [6, 16, 7, 15], [8, 24, 9, 23], [10, 14, 11, 13], [12, 19, 13, 20], [14, 1, 15, 2], [16, 8, 17, 7]]"
12a_0415_104,"[[16, 8, 17, 7], [18, 22, 19, 21], [20, 11, 21, 12], [22, 3, 23, 4], [24, 6, 1, 5], [2, 17, 3, 18], [4, 9, 5, 10], [6, 16, 7, 15], [8, 24, 9, 23], [10, 14, 11, 13], [12, 19, 13, 20], [14, 1, 15, 2]]"
12a_0415_105,"[[14, 1, 15, 2], [16, 8, 17, 7], [18, 22, 19, 21], [20, 11, 21, 12], [22, 3, 23, 4], [24, 6, 1, 5], [2, 17, 3, 18], [4, 9, 5, 10], [6, 16, 7, 15], [8, 24, 9, 23], [10, 14, 11, 13], [12, 19, 13, 20]]"
12a_0415_106,"[[12, 19, 13, 20], [14, 1, 15, 2], [16, 8, 17, 7], [18, 22, 19, 21], [20, 11, 21, 12], [22, 3, 23, 4], [24, 6, 1, 5], [2, 17, 3, 18], [4, 9, 5, 10], [6, 16, 7, 15], [8, 24, 9, 23], [10, 14, 11, 13]]"
12a_0415_107,"[[10, 14, 11, 13], [12, 19, 13, 20], [14, 1, 15, 2], [16, 8, 17, 7], [18, 22, 19, 21], [20, 11, 21, 12], [22, 3, 23, 4], [24, 6, 1, 5], [2, 17, 3, 18], [4, 9, 5, 10], [6, 16, 7, 15], [8, 24, 9, 23]]"
12a_0415_108,"[[9, 1, 10, 24], [11, 15, 12, 14], [13, 20, 14, 21], [15, 2, 16, 3], [17, 9, 18, 8], [19, 23, 20, 22], [21, 12, 22, 13], [23, 4, 24, 5], [1, 7, 2, 6], [3, 18, 4, 19], [5, 10, 6, 11], [7, 17, 8, 16]]"
12a_0415_109,"[[7, 17, 8, 16], [9, 1, 10, 24], [11, 15, 12, 14], [13, 20, 14, 21], [15, 2, 16, 3], [17, 9, 18, 8], [19, 23, 20, 22], [21, 12, 22, 13], [23, 4, 24, 5], [1, 7, 2, 6], [3, 18, 4, 19], [5, 10, 6, 11]]"
12a_0415_110,"[[5, 10, 6, 11], [7, 17, 8, 16], [9, 1, 10, 24], [11, 15, 12, 14], [13, 20, 14, 21], [15, 2, 16, 3], [17, 9, 18, 8], [19, 23, 20, 22], [21, 12, 22, 13], [23, 4, 24, 5], [1, 7, 2, 6], [3, 18, 4, 19]]"
12a_0415_111,"[[3, 18, 4, 19], [5, 10, 6, 11], [7, 17, 8, 16], [9, 1, 10, 24], [11, 15, 12, 14], [13, 20, 14, 21], [15, 2, 16, 3], [17, 9, 18, 8], [19, 23, 20, 22], [21, 12, 22, 13], [23, 4, 24, 5], [1, 7, 2, 6]]"
12a_0415_112,"[[1, 7, 2, 6], [3, 18, 4, 19], [5, 10, 6, 11], [7, 17, 8, 16], [9, 1, 10, 24], [11, 15, 12, 14], [13, 20, 14, 21], [15, 2, 16, 3], [17, 9, 18, 8], [19, 23, 20, 22], [21, 12, 22, 13], [23, 4, 24, 5]]"
12a_0415_113,"[[23, 4, 24, 5], [1, 7, 2, 6], [3, 18, 4, 19], [5, 10, 6, 11], [7, 17, 8, 16], [9, 1, 10, 24], [11, 15, 12, 14], [13, 20, 14, 21], [15, 2, 16, 3], [17, 9, 18, 8], [19, 23, 20, 22], [21, 12, 22, 13]]"
12a_0415_114,"[[21, 12, 22, 13], [23, 4, 24, 5], [1, 7, 2, 6], [3, 18, 4, 19], [5, 10, 6, 11], [7, 17, 8, 16], [9, 1, 10, 24], [11, 15, 12, 14], [13, 20, 14, 21], [15, 2, 16, 3], [17, 9, 18, 8], [19, 23, 20, 22]]"
12a_0415_115,"[[19, 23, 20, 22], [21, 12, 22, 13], [23, 4, 24, 5], [1, 7, 2, 6], [3, 18, 4, 19], [5, 10, 6, 11], [7, 17, 8, 16], [9, 1, 10, 24], [11, 15, 12, 14], [13, 20, 14, 21], [15, 2, 16, 3], [17, 9, 18, 8]]"
12a_0415_116,"[[17, 9, 18, 8], [19, 23, 20, 22], [21, 12, 22, 13], [23, 4, 24, 5], [1, 7, 2, 6], [3, 18, 4, 19], [5, 10, 6, 11], [7, 17, 8, 16], [9, 1, 10, 24], [11, 15, 12, 14], [13, 20, 14, 21], [15, 2, 16, 3]]"
12a_0415_117,"[[15, 2, 16, 3], [17, 9, 18, 8], [19, 23, 20, 22], [21, 12, 22, 13], [23, 4, 24, 5], [1, 7, 2, 6], [3, 18, 4, 19], [5, 10, 6, 11], [7, 17, 8, 16], [9, 1, 10, 24], [11, 15, 12, 14], [13, 20, 14, 21]]"
12a_0415_118,"[[13, 20, 14, 21], [15, 2, 16, 3], [17, 9, 18, 8], [19, 23, 20, 22], [21, 12, 22, 13], [23, 4, 24, 5], [1, 7, 2, 6], [3, 18, 4, 19], [5, 10, 6, 11], [7, 17, 8, 16], [9, 1, 10, 24], [11, 15, 12, 14]]"
12a_0415_119,"[[11, 15, 12, 14], [13, 20, 14, 21], [15, 2, 16, 3], [17, 9, 18, 8], [19, 23, 20, 22], [21, 12, 22, 13], [23, 4, 24, 5], [1, 7, 2, 6], [3, 18, 4, 19], [5, 10, 6, 11], [7, 17, 8, 16], [9, 1, 10, 24]]"
12a_0415_120,"[[10, 2, 11, 1], [12, 16, 13, 15], [14, 21, 15, 22], [16, 3, 17, 4], [18, 10, 19, 9], [20, 24, 21, 23], [22, 13, 23, 14], [24, 5, 1, 6], [2, 8, 3, 7], [4, 19, 5, 20], [6, 11, 7, 12], [8, 18, 9, 17]]"
12a_0415_121,"[[8, 18, 9, 17], [10, 2, 11, 1], [12, 16, 13, 15], [14, 21, 15, 22], [16, 3, 17, 4], [18, 10, 19, 9], [20, 24, 21, 23], [22, 13, 23, 14], [24, 5, 1, 6], [2, 8, 3, 7], [4, 19, 5, 20], [6, 11, 7, 12]]"
12a_0415_122,"[[6, 11, 7, 12], [8, 18, 9, 17], [10, 2, 11, 1], [12, 16, 13, 15], [14, 21, 15, 22], [16, 3, 17, 4], [18, 10, 19, 9], [20, 24, 21, 23], [22, 13, 23, 14], [24, 5, 1, 6], [2, 8, 3, 7], [4, 19, 5, 20]]"
12a_0415_123,"[[4, 19, 5, 20], [6, 11, 7, 12], [8, 18, 9, 17], [10, 2, 11, 1], [12, 16, 13, 15], [14, 21, 15, 22], [16, 3, 17, 4], [18, 10, 19, 9], [20, 24, 21, 23], [22, 13, 23, 14], [24, 5, 1, 6], [2, 8, 3, 7]]"
12a_0415_124,"[[2, 8, 3, 7], [4, 19, 5, 20], [6, 11, 7, 12], [8, 18, 9, 17], [10, 2, 11, 1], [12, 16, 13, 15], [14, 21, 15, 22], [16, 3, 17, 4], [18, 10, 19, 9], [20, 24, 21, 23], [22, 13, 23, 14], [24, 5, 1, 6]]"
12a_0415_125,"[[24, 5, 1, 6], [2, 8, 3, 7], [4, 19, 5, 20], [6, 11, 7, 12], [8, 18, 9, 17], [10, 2, 11, 1], [12, 16, 13, 15], [14, 21, 15, 22], [16, 3, 17, 4], [18, 10, 19, 9], [20, 24, 21, 23], [22, 13, 23, 14]]"
12a_0415_126,"[[22, 13, 23, 14], [24, 5, 1, 6], [2, 8, 3, 7], [4, 19, 5, 20], [6, 11, 7, 12], [8, 18, 9, 17], [10, 2, 11, 1], [12, 16, 13, 15], [14, 21, 15, 22], [16, 3, 17, 4], [18, 10, 19, 9], [20, 24, 21, 23]]"
12a_0415_127,"[[20, 24, 21, 23], [22, 13, 23, 14], [24, 5, 1, 6], [2, 8, 3, 7], [4, 19, 5, 20], [6, 11, 7, 12], [8, 18, 9, 17], [10, 2, 11, 1], [12, 16, 13, 15], [14, 21, 15, 22], [16, 3, 17, 4], [18, 10, 19, 9]]"
12a_0415_128,"[[18, 10, 19, 9], [20, 24, 21, 23], [22, 13, 23, 14], [24, 5, 1, 6], [2, 8, 3, 7], [4, 19, 5, 20], [6, 11, 7, 12], [8, 18, 9, 17], [10, 2, 11, 1], [12, 16, 13, 15], [14, 21, 15, 22], [16, 3, 17, 4]]"
12a_0415_129,"[[16, 3, 17, 4], [18, 10, 19, 9], [20, 24, 21, 23], [22, 13, 23, 14], [24, 5, 1, 6], [2, 8, 3, 7], [4, 19, 5, 20], [6, 11, 7, 12], [8, 18, 9, 17], [10, 2, 11, 1], [12, 16, 13, 15], [14, 21, 15, 22]]"
12a_0415_130,"[[14, 21, 15, 22], [16, 3, 17, 4], [18, 10, 19, 9], [20, 24, 21, 23], [22, 13, 23, 14], [24, 5, 1, 6], [2, 8, 3, 7], [4, 19, 5, 20], [6, 11, 7, 12], [8, 18, 9, 17], [10, 2, 11, 1], [12, 16, 13, 15]]"
12a_0415_131,"[[12, 16, 13, 15], [14, 21, 15, 22], [16, 3, 17, 4], [18, 10, 19, 9], [20, 24, 21, 23], [22, 13, 23, 14], [24, 5, 1, 6], [2, 8, 3, 7], [4, 19, 5, 20], [6, 11, 7, 12], [8, 18, 9, 17], [10, 2, 11, 1]]"
12a_0415_132,"[[11, 3, 12, 2], [13, 17, 14, 16], [15, 22, 16, 23], [17, 4, 18, 5], [19, 11, 20, 10], [21, 1, 22, 24], [23, 14, 24, 15], [1, 6, 2, 7], [3, 9, 4, 8], [5, 20, 6, 21], [7, 12, 8, 13], [9, 19, 10, 18]]"
12a_0415_133,"[[9, 19, 10, 18], [11, 3, 12, 2], [13, 17, 14, 16], [15, 22, 16, 23], [17, 4, 18, 5], [19, 11, 20, 10], [21, 1, 22, 24], [23, 14, 24, 15], [1, 6, 2, 7], [3, 9, 4, 8], [5, 20, 6, 21], [7, 12, 8, 13]]"
12a_0415_134,"[[7, 12, 8, 13], [9, 19, 10, 18], [11, 3, 12, 2], [13, 17, 14, 16], [15, 22, 16, 23], [17, 4, 18, 5], [19, 11, 20, 10], [21, 1, 22, 24], [23, 14, 24, 15], [1, 6, 2, 7], [3, 9, 4, 8], [5, 20, 6, 21]]"
12a_0415_135,"[[5, 20, 6, 21], [7, 12, 8, 13], [9, 19, 10, 18], [11, 3, 12, 2], [13, 17, 14, 16], [15, 22, 16, 23], [17, 4, 18, 5], [19, 11, 20, 10], [21, 1, 22, 24], [23, 14, 24, 15], [1, 6, 2, 7], [3, 9, 4, 8]]"
12a_0415_136,"[[3, 9, 4, 8], [5, 20, 6, 21], [7, 12, 8, 13], [9, 19, 10, 18], [11, 3, 12, 2], [13, 17, 14, 16], [15, 22, 16, 23], [17, 4, 18, 5], [19, 11, 20, 10], [21, 1, 22, 24], [23, 14, 24, 15], [1, 6, 2, 7]]"
12a_0415_137,"[[1, 6, 2, 7], [3, 9, 4, 8], [5, 20, 6, 21], [7, 12, 8, 13], [9, 19, 10, 18], [11, 3, 12, 2], [13, 17, 14, 16], [15, 22, 16, 23], [17, 4, 18, 5], [19, 11, 20, 10], [21, 1, 22, 24], [23, 14, 24, 15]]"
12a_0415_138,"[[23, 14, 24, 15], [1, 6, 2, 7], [3, 9, 4, 8], [5, 20, 6, 21], [7, 12, 8, 13], [9, 19, 10, 18], [11, 3, 12, 2], [13, 17, 14, 16], [15, 22, 16, 23], [17, 4, 18, 5], [19, 11, 20, 10], [21, 1, 22, 24]]"
12a_0415_139,"[[21, 1, 22, 24], [23, 14, 24, 15], [1, 6, 2, 7], [3, 9, 4, 8], [5, 20, 6, 21], [7, 12, 8, 13], [9, 19, 10, 18], [11, 3, 12, 2], [13, 17, 14, 16], [15, 22, 16, 23], [17, 4, 18, 5], [19, 11, 20, 10]]"
12a_0415_140,"[[19, 11, 20, 10], [21, 1, 22, 24], [23, 14, 24, 15], [1, 6, 2, 7], [3, 9, 4, 8], [5, 20, 6, 21], [7, 12, 8, 13], [9, 19, 10, 18], [11, 3, 12, 2], [13, 17, 14, 16], [15, 22, 16, 23], [17, 4, 18, 5]]"
12a_0415_141,"[[17, 4, 18, 5], [19, 11, 20, 10], [21, 1, 22, 24], [23, 14, 24, 15], [1, 6, 2, 7], [3, 9, 4, 8], [5, 20, 6, 21], [7, 12, 8, 13], [9, 19, 10, 18], [11, 3, 12, 2], [13, 17, 14, 16], [15, 22, 16, 23]]"
12a_0415_142,"[[15, 22, 16, 23], [17, 4, 18, 5], [19, 11, 20, 10], [21, 1, 22, 24], [23, 14, 24, 15], [1, 6, 2, 7], [3, 9, 4, 8], [5, 20, 6, 21], [7, 12, 8, 13], [9, 19, 10, 18], [11, 3, 12, 2], [13, 17, 14, 16]]"
12a_0415_143,"[[13, 17, 14, 16], [15, 22, 16, 23], [17, 4, 18, 5], [19, 11, 20, 10], [21, 1, 22, 24], [23, 14, 24, 15], [1, 6, 2, 7], [3, 9, 4, 8], [5, 20, 6, 21], [7, 12, 8, 13], [9, 19, 10, 18], [11, 3, 12, 2]]"
12a_0415_144,"[[12, 4, 13, 3], [14, 18, 15, 17], [16, 23, 17, 24], [18, 5, 19, 6], [20, 12, 21, 11], [22, 2, 23, 1], [24, 15, 1, 16], [2, 7, 3, 8], [4, 10, 5, 9], [6, 21, 7, 22], [8, 13, 9, 14], [10, 20, 11, 19]]"
12a_0415_145,"[[10, 20, 11, 19], [12, 4, 13, 3], [14, 18, 15, 17], [16, 23, 17, 24], [18, 5, 19, 6], [20, 12, 21, 11], [22, 2, 23, 1], [24, 15, 1, 16], [2, 7, 3, 8], [4, 10, 5, 9], [6, 21, 7, 22], [8, 13, 9, 14]]"
12a_0415_146,"[[8, 13, 9, 14], [10, 20, 11, 19], [12, 4, 13, 3], [14, 18, 15, 17], [16, 23, 17, 24], [18, 5, 19, 6], [20, 12, 21, 11], [22, 2, 23, 1], [24, 15, 1, 16], [2, 7, 3, 8], [4, 10, 5, 9], [6, 21, 7, 22]]"
12a_0415_147,"[[6, 21, 7, 22], [8, 13, 9, 14], [10, 20, 11, 19], [12, 4, 13, 3], [14, 18, 15, 17], [16, 23, 17, 24], [18, 5, 19, 6], [20, 12, 21, 11], [22, 2, 23, 1], [24, 15, 1, 16], [2, 7, 3, 8], [4, 10, 5, 9]]"
12a_0415_148,"[[4, 10, 5, 9], [6, 21, 7, 22], [8, 13, 9, 14], [10, 20, 11, 19], [12, 4, 13, 3], [14, 18, 15, 17], [16, 23, 17, 24], [18, 5, 19, 6], [20, 12, 21, 11], [22, 2, 23, 1], [24, 15, 1, 16], [2, 7, 3, 8]]"
12a_0415_149,"[[2, 7, 3, 8], [4, 10, 5, 9], [6, 21, 7, 22], [8, 13, 9, 14], [10, 20, 11, 19], [12, 4, 13, 3], [14, 18, 15, 17], [16, 23, 17, 24], [18, 5, 19, 6], [20, 12, 21, 11], [22, 2, 23, 1], [24, 15, 1, 16]]"
12a_0415_150,"[[24, 15, 1, 16], [2, 7, 3, 8], [4, 10, 5, 9], [6, 21, 7, 22], [8, 13, 9, 14], [10, 20, 11, 19], [12, 4, 13, 3], [14, 18, 15, 17], [16, 23, 17, 24], [18, 5, 19, 6], [20, 12, 21, 11], [22, 2, 23, 1]]"
12a_0415_151,"[[22, 2, 23, 1], [24, 15, 1, 16], [2, 7, 3, 8], [4, 10, 5, 9], [6, 21, 7, 22], [8, 13, 9, 14], [10, 20, 11, 19], [12, 4, 13, 3], [14, 18, 15, 17], [16, 23, 17, 24], [18, 5, 19, 6], [20, 12, 21, 11]]"
12a_0415_152,"[[20, 12, 21, 11], [22, 2, 23, 1], [24, 15, 1, 16], [2, 7, 3, 8], [4, 10, 5, 9], [6, 21, 7, 22], [8, 13, 9, 14], [10, 20, 11, 19], [12, 4, 13, 3], [14, 18, 15, 17], [16, 23, 17, 24], [18, 5, 19, 6]]"
12a_0415_153,"[[18, 5, 19, 6], [20, 12, 21, 11], [22, 2, 23, 1], [24, 15, 1, 16], [2, 7, 3, 8], [4, 10, 5, 9], [6, 21, 7, 22], [8, 13, 9, 14], [10, 20, 11, 19], [12, 4, 13, 3], [14, 18, 15, 17], [16, 23, 17, 24]]"
12a_0415_154,"[[16, 23, 17, 24], [18, 5, 19, 6], [20, 12, 21, 11], [22, 2, 23, 1], [24, 15, 1, 16], [2, 7, 3, 8], [4, 10, 5, 9], [6, 21, 7, 22], [8, 13, 9, 14], [10, 20, 11, 19], [12, 4, 13, 3], [14, 18, 15, 17]]"
12a_0415_155,"[[14, 18, 15, 17], [16, 23, 17, 24], [18, 5, 19, 6], [20, 12, 21, 11], [22, 2, 23, 1], [24, 15, 1, 16], [2, 7, 3, 8], [4, 10, 5, 9], [6, 21, 7, 22], [8, 13, 9, 14], [10, 20, 11, 19], [12, 4, 13, 3]]"
12a_0415_156,"[[13, 5, 14, 4], [15, 19, 16, 18], [17, 24, 18, 1], [19, 6, 20, 7], [21, 13, 22, 12], [23, 3, 24, 2], [1, 16, 2, 17], [3, 8, 4, 9], [5, 11, 6, 10], [7, 22, 8, 23], [9, 14, 10, 15], [11, 21, 12, 20]]"
12a_0415_157,"[[11, 21, 12, 20], [13, 5, 14, 4], [15, 19, 16, 18], [17, 24, 18, 1], [19, 6, 20, 7], [21, 13, 22, 12], [23, 3, 24, 2], [1, 16, 2, 17], [3, 8, 4, 9], [5, 11, 6, 10], [7, 22, 8, 23], [9, 14, 10, 15]]"
12a_0415_158,"[[9, 14, 10, 15], [11, 21, 12, 20], [13, 5, 14, 4], [15, 19, 16, 18], [17, 24, 18, 1], [19, 6, 20, 7], [21, 13, 22, 12], [23, 3, 24, 2], [1, 16, 2, 17], [3, 8, 4, 9], [5, 11, 6, 10], [7, 22, 8, 23]]"
12a_0415_159,"[[7, 22, 8, 23], [9, 14, 10, 15], [11, 21, 12, 20], [13, 5, 14, 4], [15, 19, 16, 18], [17, 24, 18, 1], [19, 6, 20, 7], [21, 13, 22, 12], [23, 3, 24, 2], [1, 16, 2, 17], [3, 8, 4, 9], [5, 11, 6, 10]]"
12a_0415_160,"[[5, 11, 6, 10], [7, 22, 8, 23], [9, 14, 10, 15], [11, 21, 12, 20], [13, 5, 14, 4], [15, 19, 16, 18], [17, 24, 18, 1], [19, 6, 20, 7], [21, 13, 22, 12], [23, 3, 24, 2], [1, 16, 2, 17], [3, 8, 4, 9]]"
12a_0415_161,"[[3, 8, 4, 9], [5, 11, 6, 10], [7, 22, 8, 23], [9, 14, 10, 15], [11, 21, 12, 20], [13, 5, 14, 4], [15, 19, 16, 18], [17, 24, 18, 1], [19, 6, 20, 7], [21, 13, 22, 12], [23, 3, 24, 2], [1, 16, 2, 17]]"
12a_0415_162,"[[1, 16, 2, 17], [3, 8, 4, 9], [5, 11, 6, 10], [7, 22, 8, 23], [9, 14, 10, 15], [11, 21, 12, 20], [13, 5, 14, 4], [15, 19, 16, 18], [17, 24, 18, 1], [19, 6, 20, 7], [21, 13, 22, 12], [23, 3, 24, 2]]"
12a_0415_163,"[[23, 3, 24, 2], [1, 16, 2, 17], [3, 8, 4, 9], [5, 11, 6, 10], [7, 22, 8, 23], [9, 14, 10, 15], [11, 21, 12, 20], [13, 5, 14, 4], [15, 19, 16, 18], [17, 24, 18, 1], [19, 6, 20, 7], [21, 13, 22, 12]]"
12a_0415_164,"[[21, 13, 22, 12], [23, 3, 24, 2], [1, 16, 2, 17], [3, 8, 4, 9], [5, 11, 6, 10], [7, 22, 8, 23], [9, 14, 10, 15], [11, 21, 12, 20], [13, 5, 14, 4], [15, 19, 16, 18], [17, 24, 18, 1], [19, 6, 20, 7]]"
12a_0415_165,"[[19, 6, 20, 7], [21, 13, 22, 12], [23, 3, 24, 2], [1, 16, 2, 17], [3, 8, 4, 9], [5, 11, 6, 10], [7, 22, 8, 23], [9, 14, 10, 15], [11, 21, 12, 20], [13, 5, 14, 4], [15, 19, 16, 18], [17, 24, 18, 1]]"
12a_0415_166,"[[17, 24, 18, 1], [19, 6, 20, 7], [21, 13, 22, 12], [23, 3, 24, 2], [1, 16, 2, 17], [3, 8, 4, 9], [5, 11, 6, 10], [7, 22, 8, 23], [9, 14, 10, 15], [11, 21, 12, 20], [13, 5, 14, 4], [15, 19, 16, 18]]"
12a_0415_167,"[[15, 19, 16, 18], [17, 24, 18, 1], [19, 6, 20, 7], [21, 13, 22, 12], [23, 3, 24, 2], [1, 16, 2, 17], [3, 8, 4, 9], [5, 11, 6, 10], [7, 22, 8, 23], [9, 14, 10, 15], [11, 21, 12, 20], [13, 5, 14, 4]]"
12a_0415_168,"[[14, 6, 15, 5], [16, 20, 17, 19], [18, 1, 19, 2], [20, 7, 21, 8], [22, 14, 23, 13], [24, 4, 1, 3], [2, 17, 3, 18], [4, 9, 5, 10], [6, 12, 7, 11], [8, 23, 9, 24], [10, 15, 11, 16], [12, 22, 13, 21]]"
12a_0415_169,"[[12, 22, 13, 21], [14, 6, 15, 5], [16, 20, 17, 19], [18, 1, 19, 2], [20, 7, 21, 8], [22, 14, 23, 13], [24, 4, 1, 3], [2, 17, 3, 18], [4, 9, 5, 10], [6, 12, 7, 11], [8, 23, 9, 24], [10, 15, 11, 16]]"
12a_0415_170,"[[10, 15, 11, 16], [12, 22, 13, 21], [14, 6, 15, 5], [16, 20, 17, 19], [18, 1, 19, 2], [20, 7, 21, 8], [22, 14, 23, 13], [24, 4, 1, 3], [2, 17, 3, 18], [4, 9, 5, 10], [6, 12, 7, 11], [8, 23, 9, 24]]"
12a_0415_171,"[[8, 23, 9, 24], [10, 15, 11, 16], [12, 22, 13, 21], [14, 6, 15, 5], [16, 20, 17, 19], [18, 1, 19, 2], [20, 7, 21, 8], [22, 14, 23, 13], [24, 4, 1, 3], [2, 17, 3, 18], [4, 9, 5, 10], [6, 12, 7, 11]]"
12a_0415_172,"[[6, 12, 7, 11], [8, 23, 9, 24], [10, 15, 11, 16], [12, 22, 13, 21], [14, 6, 15, 5], [16, 20, 17, 19], [18, 1, 19, 2], [20, 7, 21, 8], [22, 14, 23, 13], [24, 4, 1, 3], [2, 17, 3, 18], [4, 9, 5, 10]]"
12a_0415_173,"[[4, 9, 5, 10], [6, 12, 7, 11], [8, 23, 9, 24], [10, 15, 11, 16], [12, 22, 13, 21], [14, 6, 15, 5], [16, 20, 17, 19], [18, 1, 19, 2], [20, 7, 21, 8], [22, 14, 23, 13], [24, 4, 1, 3], [2, 17, 3, 18]]"
12a_0415_174,"[[2, 17, 3, 18], [4, 9, 5, 10], [6, 12, 7, 11], [8, 23, 9, 24], [10, 15, 11, 16], [12, 22, 13, 21], [14, 6, 15, 5], [16, 20, 17, 19], [18, 1, 19, 2], [20, 7, 21, 8], [22, 14, 23, 13], [24, 4, 1, 3]]"
12a_0415_175,"[[24, 4, 1, 3], [2, 17, 3, 18], [4, 9, 5, 10], [6, 12, 7, 11], [8, 23, 9, 24], [10, 15, 11, 16], [12, 22, 13, 21], [14, 6, 15, 5], [16, 20, 17, 19], [18, 1, 19, 2], [20, 7, 21, 8], [22, 14, 23, 13]]"
12a_0415_176,"[[22, 14, 23, 13], [24, 4, 1, 3], [2, 17, 3, 18], [4, 9, 5, 10], [6, 12, 7, 11], [8, 23, 9, 24], [10, 15, 11, 16], [12, 22, 13, 21], [14, 6, 15, 5], [16, 20, 17, 19], [18, 1, 19, 2], [20, 7, 21, 8]]"
12a_0415_177,"[[20, 7, 21, 8], [22, 14, 23, 13], [24, 4, 1, 3], [2, 17, 3, 18], [4, 9, 5, 10], [6, 12, 7, 11], [8, 23, 9, 24], [10, 15, 11, 16], [12, 22, 13, 21], [14, 6, 15, 5], [16, 20, 17, 19], [18, 1, 19, 2]]"
12a_0415_178,"[[18, 1, 19, 2], [20, 7, 21, 8], [22, 14, 23, 13], [24, 4, 1, 3], [2, 17, 3, 18], [4, 9, 5, 10], [6, 12, 7, 11], [8, 23, 9, 24], [10, 15, 11, 16], [12, 22, 13, 21], [14, 6, 15, 5], [16, 20, 17, 19]]"
12a_0415_179,"[[16, 20, 17, 19], [18, 1, 19, 2], [20, 7, 21, 8], [22, 14, 23, 13], [24, 4, 1, 3], [2, 17, 3, 18], [4, 9, 5, 10], [6, 12, 7, 11], [8, 23, 9, 24], [10, 15, 11, 16], [12, 22, 13, 21], [14, 6, 15, 5]]"
12a_0415_180,"[[15, 7, 16, 6], [17, 21, 18, 20], [19, 2, 20, 3], [21, 8, 22, 9], [23, 15, 24, 14], [1, 5, 2, 4], [3, 18, 4, 19], [5, 10, 6, 11], [7, 13, 8, 12], [9, 24, 10, 1], [11, 16, 12, 17], [13, 23, 14, 22]]"
12a_0415_181,"[[13, 23, 14, 22], [15, 7, 16, 6], [17, 21, 18, 20], [19, 2, 20, 3], [21, 8, 22, 9], [23, 15, 24, 14], [1, 5, 2, 4], [3, 18, 4, 19], [5, 10, 6, 11], [7, 13, 8, 12], [9, 24, 10, 1], [11, 16, 12, 17]]"
12a_0415_182,"[[11, 16, 12, 17], [13, 23, 14, 22], [15, 7, 16, 6], [17, 21, 18, 20], [19, 2, 20, 3], [21, 8, 22, 9], [23, 15, 24, 14], [1, 5, 2, 4], [3, 18, 4, 19], [5, 10, 6, 11], [7, 13, 8, 12], [9, 24, 10, 1]]"
12a_0415_183,"[[9, 24, 10, 1], [11, 16, 12, 17], [13, 23, 14, 22], [15, 7, 16, 6], [17, 21, 18, 20], [19, 2, 20, 3], [21, 8, 22, 9], [23, 15, 24, 14], [1, 5, 2, 4], [3, 18, 4, 19], [5, 10, 6, 11], [7, 13, 8, 12]]"
12a_0415_184,"[[7, 13, 8, 12], [9, 24, 10, 1], [11, 16, 12, 17], [13, 23, 14, 22], [15, 7, 16, 6], [17, 21, 18, 20], [19, 2, 20, 3], [21, 8, 22, 9], [23, 15, 24, 14], [1, 5, 2, 4], [3, 18, 4, 19], [5, 10, 6, 11]]"
12a_0415_185,"[[5, 10, 6, 11], [7, 13, 8, 12], [9, 24, 10, 1], [11, 16, 12, 17], [13, 23, 14, 22], [15, 7, 16, 6], [17, 21, 18, 20], [19, 2, 20, 3], [21, 8, 22, 9], [23, 15, 24, 14], [1, 5, 2, 4], [3, 18, 4, 19]]"
