name,pd_notation
12a_0480_0,"[[24, 18, 1, 17], [2, 6, 3, 5], [4, 12, 5, 11], [6, 22, 7, 21], [8, 19, 9, 20], [10, 4, 11, 3], [12, 1, 13, 2], [14, 8, 15, 7], [16, 9, 17, 10], [18, 24, 19, 23], [20, 16, 21, 15], [22, 13, 23, 14]]"
12a_0480_1,"[[22, 13, 23, 14], [24, 18, 1, 17], [2, 6, 3, 5], [4, 12, 5, 11], [6, 22, 7, 21], [8, 19, 9, 20], [10, 4, 11, 3], [12, 1, 13, 2], [14, 8, 15, 7], [16, 9, 17, 10], [18, 24, 19, 23], [20, 16, 21, 15]]"
12a_0480_2,"[[20, 16, 21, 15], [22, 13, 23, 14], [24, 18, 1, 17], [2, 6, 3, 5], [4, 12, 5, 11], [6, 22, 7, 21], [8, 19, 9, 20], [10, 4, 11, 3], [12, 1, 13, 2], [14, 8, 15, 7], [16, 9, 17, 10], [18, 24, 19, 23]]"
12a_0480_3,"[[18, 24, 19, 23], [20, 16, 21, 15], [22, 13, 23, 14], [24, 18, 1, 17], [2, 6, 3, 5], [4, 12, 5, 11], [6, 22, 7, 21], [8, 19, 9, 20], [10, 4, 11, 3], [12, 1, 13, 2], [14, 8, 15, 7], [16, 9, 17, 10]]"
12a_0480_4,"[[16, 9, 17, 10], [18, 24, 19, 23], [20, 16, 21, 15], [22, 13, 23, 14], [24, 18, 1, 17], [2, 6, 3, 5], [4, 12, 5, 11], [6, 22, 7, 21], [8, 19, 9, 20], [10, 4, 11, 3], [12, 1, 13, 2], [14, 8, 15, 7]]"
12a_0480_5,"[[14, 8, 15, 7], [16, 9, 17, 10], [18, 24, 19, 23], [20, 16, 21, 15], [22, 13, 23, 14], [24, 18, 1, 17], [2, 6, 3, 5], [4, 12, 5, 11], [6, 22, 7, 21], [8, 19, 9, 20], [10, 4, 11, 3], [12, 1, 13, 2]]"
12a_0480_6,"[[12, 1, 13, 2], [14, 8, 15, 7], [16, 9, 17, 10], [18, 24, 19, 23], [20, 16, 21, 15], [22, 13, 23, 14], [24, 18, 1, 17], [2, 6, 3, 5], [4, 12, 5, 11], [6, 22, 7, 21], [8, 19, 9, 20], [10, 4, 11, 3]]"
12a_0480_7,"[[10, 4, 11, 3], [12, 1, 13, 2], [14, 8, 15, 7], [16, 9, 17, 10], [18, 24, 19, 23], [20, 16, 21, 15], [22, 13, 23, 14], [24, 18, 1, 17], [2, 6, 3, 5], [4, 12, 5, 11], [6, 22, 7, 21], [8, 19, 9, 20]]"
12a_0480_8,"[[8, 19, 9, 20], [10, 4, 11, 3], [12, 1, 13, 2], [14, 8, 15, 7], [16, 9, 17, 10], [18, 24, 19, 23], [20, 16, 21, 15], [22, 13, 23, 14], [24, 18, 1, 17], [2, 6, 3, 5], [4, 12, 5, 11], [6, 22, 7, 21]]"
12a_0480_9,"[[6, 22, 7, 21], [8, 19, 9, 20], [10, 4, 11, 3], [12, 1, 13, 2], [14, 8, 15, 7], [16, 9, 17, 10], [18, 24, 19, 23], [20, 16, 21, 15], [22, 13, 23, 14], [24, 18, 1, 17], [2, 6, 3, 5], [4, 12, 5, 11]]"
12a_0480_10,"[[4, 12, 5, 11], [6, 22, 7, 21], [8, 19, 9, 20], [10, 4, 11, 3], [12, 1, 13, 2], [14, 8, 15, 7], [16, 9, 17, 10], [18, 24, 19, 23], [20, 16, 21, 15], [22, 13, 23, 14], [24, 18, 1, 17], [2, 6, 3, 5]]"
12a_0480_11,"[[2, 6, 3, 5], [4, 12, 5, 11], [6, 22, 7, 21], [8, 19, 9, 20], [10, 4, 11, 3], [12, 1, 13, 2], [14, 8, 15, 7], [16, 9, 17, 10], [18, 24, 19, 23], [20, 16, 21, 15], [22, 13, 23, 14], [24, 18, 1, 17]]"
12a_0480_12,"[[1, 19, 2, 18], [3, 7, 4, 6], [5, 13, 6, 12], [7, 23, 8, 22], [9, 20, 10, 21], [11, 5, 12, 4], [13, 2, 14, 3], [15, 9, 16, 8], [17, 10, 18, 11], [19, 1, 20, 24], [21, 17, 22, 16], [23, 14, 24, 15]]"
12a_0480_13,"[[23, 14, 24, 15], [1, 19, 2, 18], [3, 7, 4, 6], [5, 13, 6, 12], [7, 23, 8, 22], [9, 20, 10, 21], [11, 5, 12, 4], [13, 2, 14, 3], [15, 9, 16, 8], [17, 10, 18, 11], [19, 1, 20, 24], [21, 17, 22, 16]]"
12a_0480_14,"[[21, 17, 22, 16], [23, 14, 24, 15], [1, 19, 2, 18], [3, 7, 4, 6], [5, 13, 6, 12], [7, 23, 8, 22], [9, 20, 10, 21], [11, 5, 12, 4], [13, 2, 14, 3], [15, 9, 16, 8], [17, 10, 18, 11], [19, 1, 20, 24]]"
12a_0480_15,"[[19, 1, 20, 24], [21, 17, 22, 16], [23, 14, 24, 15], [1, 19, 2, 18], [3, 7, 4, 6], [5, 13, 6, 12], [7, 23, 8, 22], [9, 20, 10, 21], [11, 5, 12, 4], [13, 2, 14, 3], [15, 9, 16, 8], [17, 10, 18, 11]]"
12a_0480_16,"[[17, 10, 18, 11], [19, 1, 20, 24], [21, 17, 22, 16], [23, 14, 24, 15], [1, 19, 2, 18], [3, 7, 4, 6], [5, 13, 6, 12], [7, 23, 8, 22], [9, 20, 10, 21], [11, 5, 12, 4], [13, 2, 14, 3], [15, 9, 16, 8]]"
12a_0480_17,"[[15, 9, 16, 8], [17, 10, 18, 11], [19, 1, 20, 24], [21, 17, 22, 16], [23, 14, 24, 15], [1, 19, 2, 18], [3, 7, 4, 6], [5, 13, 6, 12], [7, 23, 8, 22], [9, 20, 10, 21], [11, 5, 12, 4], [13, 2, 14, 3]]"
12a_0480_18,"[[13, 2, 14, 3], [15, 9, 16, 8], [17, 10, 18, 11], [19, 1, 20, 24], [21, 17, 22, 16], [23, 14, 24, 15], [1, 19, 2, 18], [3, 7, 4, 6], [5, 13, 6, 12], [7, 23, 8, 22], [9, 20, 10, 21], [11, 5, 12, 4]]"
12a_0480_19,"[[11, 5, 12, 4], [13, 2, 14, 3], [15, 9, 16, 8], [17, 10, 18, 11], [19, 1, 20, 24], [21, 17, 22, 16], [23, 14, 24, 15], [1, 19, 2, 18], [3, 7, 4, 6], [5, 13, 6, 12], [7, 23, 8, 22], [9, 20, 10, 21]]"
12a_0480_20,"[[9, 20, 10, 21], [11, 5, 12, 4], [13, 2, 14, 3], [15, 9, 16, 8], [17, 10, 18, 11], [19, 1, 20, 24], [21, 17, 22, 16], [23, 14, 24, 15], [1, 19, 2, 18], [3, 7, 4, 6], [5, 13, 6, 12], [7, 23, 8, 22]]"
12a_0480_21,"[[7, 23, 8, 22], [9, 20, 10, 21], [11, 5, 12, 4], [13, 2, 14, 3], [15, 9, 16, 8], [17, 10, 18, 11], [19, 1, 20, 24], [21, 17, 22, 16], [23, 14, 24, 15], [1, 19, 2, 18], [3, 7, 4, 6], [5, 13, 6, 12]]"
12a_0480_22,"[[5, 13, 6, 12], [7, 23, 8, 22], [9, 20, 10, 21], [11, 5, 12, 4], [13, 2, 14, 3], [15, 9, 16, 8], [17, 10, 18, 11], [19, 1, 20, 24], [21, 17, 22, 16], [23, 14, 24, 15], [1, 19, 2, 18], [3, 7, 4, 6]]"
12a_0480_23,"[[3, 7, 4, 6], [5, 13, 6, 12], [7, 23, 8, 22], [9, 20, 10, 21], [11, 5, 12, 4], [13, 2, 14, 3], [15, 9, 16, 8], [17, 10, 18, 11], [19, 1, 20, 24], [21, 17, 22, 16], [23, 14, 24, 15], [1, 19, 2, 18]]"
12a_0480_24,"[[2, 20, 3, 19], [4, 8, 5, 7], [6, 14, 7, 13], [8, 24, 9, 23], [10, 21, 11, 22], [12, 6, 13, 5], [14, 3, 15, 4], [16, 10, 17, 9], [18, 11, 19, 12], [20, 2, 21, 1], [22, 18, 23, 17], [24, 15, 1, 16]]"
12a_0480_25,"[[24, 15, 1, 16], [2, 20, 3, 19], [4, 8, 5, 7], [6, 14, 7, 13], [8, 24, 9, 23], [10, 21, 11, 22], [12, 6, 13, 5], [14, 3, 15, 4], [16, 10, 17, 9], [18, 11, 19, 12], [20, 2, 21, 1], [22, 18, 23, 17]]"
12a_0480_26,"[[22, 18, 23, 17], [24, 15, 1, 16], [2, 20, 3, 19], [4, 8, 5, 7], [6, 14, 7, 13], [8, 24, 9, 23], [10, 21, 11, 22], [12, 6, 13, 5], [14, 3, 15, 4], [16, 10, 17, 9], [18, 11, 19, 12], [20, 2, 21, 1]]"
12a_0480_27,"[[20, 2, 21, 1], [22, 18, 23, 17], [24, 15, 1, 16], [2, 20, 3, 19], [4, 8, 5, 7], [6, 14, 7, 13], [8, 24, 9, 23], [10, 21, 11, 22], [12, 6, 13, 5], [14, 3, 15, 4], [16, 10, 17, 9], [18, 11, 19, 12]]"
12a_0480_28,"[[18, 11, 19, 12], [20, 2, 21, 1], [22, 18, 23, 17], [24, 15, 1, 16], [2, 20, 3, 19], [4, 8, 5, 7], [6, 14, 7, 13], [8, 24, 9, 23], [10, 21, 11, 22], [12, 6, 13, 5], [14, 3, 15, 4], [16, 10, 17, 9]]"
12a_0480_29,"[[16, 10, 17, 9], [18, 11, 19, 12], [20, 2, 21, 1], [22, 18, 23, 17], [24, 15, 1, 16], [2, 20, 3, 19], [4, 8, 5, 7], [6, 14, 7, 13], [8, 24, 9, 23], [10, 21, 11, 22], [12, 6, 13, 5], [14, 3, 15, 4]]"
12a_0480_30,"[[14, 3, 15, 4], [16, 10, 17, 9], [18, 11, 19, 12], [20, 2, 21, 1], [22, 18, 23, 17], [24, 15, 1, 16], [2, 20, 3, 19], [4, 8, 5, 7], [6, 14, 7, 13], [8, 24, 9, 23], [10, 21, 11, 22], [12, 6, 13, 5]]"
12a_0480_31,"[[12, 6, 13, 5], [14, 3, 15, 4], [16, 10, 17, 9], [18, 11, 19, 12], [20, 2, 21, 1], [22, 18, 23, 17], [24, 15, 1, 16], [2, 20, 3, 19], [4, 8, 5, 7], [6, 14, 7, 13], [8, 24, 9, 23], [10, 21, 11, 22]]"
12a_0480_32,"[[10, 21, 11, 22], [12, 6, 13, 5], [14, 3, 15, 4], [16, 10, 17, 9], [18, 11, 19, 12], [20, 2, 21, 1], [22, 18, 23, 17], [24, 15, 1, 16], [2, 20, 3, 19], [4, 8, 5, 7], [6, 14, 7, 13], [8, 24, 9, 23]]"
12a_0480_33,"[[8, 24, 9, 23], [10, 21, 11, 22], [12, 6, 13, 5], [14, 3, 15, 4], [16, 10, 17, 9], [18, 11, 19, 12], [20, 2, 21, 1], [22, 18, 23, 17], [24, 15, 1, 16], [2, 20, 3, 19], [4, 8, 5, 7], [6, 14, 7, 13]]"
12a_0480_34,"[[6, 14, 7, 13], [8, 24, 9, 23], [10, 21, 11, 22], [12, 6, 13, 5], [14, 3, 15, 4], [16, 10, 17, 9], [18, 11, 19, 12], [20, 2, 21, 1], [22, 18, 23, 17], [24, 15, 1, 16], [2, 20, 3, 19], [4, 8, 5, 7]]"
12a_0480_35,"[[4, 8, 5, 7], [6, 14, 7, 13], [8, 24, 9, 23], [10, 21, 11, 22], [12, 6, 13, 5], [14, 3, 15, 4], [16, 10, 17, 9], [18, 11, 19, 12], [20, 2, 21, 1], [22, 18, 23, 17], [24, 15, 1, 16], [2, 20, 3, 19]]"
12a_0480_36,"[[3, 21, 4, 20], [5, 9, 6, 8], [7, 15, 8, 14], [9, 1, 10, 24], [11, 22, 12, 23], [13, 7, 14, 6], [15, 4, 16, 5], [17, 11, 18, 10], [19, 12, 20, 13], [21, 3, 22, 2], [23, 19, 24, 18], [1, 16, 2, 17]]"
12a_0480_37,"[[1, 16, 2, 17], [3, 21, 4, 20], [5, 9, 6, 8], [7, 15, 8, 14], [9, 1, 10, 24], [11, 22, 12, 23], [13, 7, 14, 6], [15, 4, 16, 5], [17, 11, 18, 10], [19, 12, 20, 13], [21, 3, 22, 2], [23, 19, 24, 18]]"
12a_0480_38,"[[23, 19, 24, 18], [1, 16, 2, 17], [3, 21, 4, 20], [5, 9, 6, 8], [7, 15, 8, 14], [9, 1, 10, 24], [11, 22, 12, 23], [13, 7, 14, 6], [15, 4, 16, 5], [17, 11, 18, 10], [19, 12, 20, 13], [21, 3, 22, 2]]"
12a_0480_39,"[[21, 3, 22, 2], [23, 19, 24, 18], [1, 16, 2, 17], [3, 21, 4, 20], [5, 9, 6, 8], [7, 15, 8, 14], [9, 1, 10, 24], [11, 22, 12, 23], [13, 7, 14, 6], [15, 4, 16, 5], [17, 11, 18, 10], [19, 12, 20, 13]]"
12a_0480_40,"[[19, 12, 20, 13], [21, 3, 22, 2], [23, 19, 24, 18], [1, 16, 2, 17], [3, 21, 4, 20], [5, 9, 6, 8], [7, 15, 8, 14], [9, 1, 10, 24], [11, 22, 12, 23], [13, 7, 14, 6], [15, 4, 16, 5], [17, 11, 18, 10]]"
12a_0480_41,"[[17, 11, 18, 10], [19, 12, 20, 13], [21, 3, 22, 2], [23, 19, 24, 18], [1, 16, 2, 17], [3, 21, 4, 20], [5, 9, 6, 8], [7, 15, 8, 14], [9, 1, 10, 24], [11, 22, 12, 23], [13, 7, 14, 6], [15, 4, 16, 5]]"
12a_0480_42,"[[15, 4, 16, 5], [17, 11, 18, 10], [19, 12, 20, 13], [21, 3, 22, 2], [23, 19, 24, 18], [1, 16, 2, 17], [3, 21, 4, 20], [5, 9, 6, 8], [7, 15, 8, 14], [9, 1, 10, 24], [11, 22, 12, 23], [13, 7, 14, 6]]"
12a_0480_43,"[[13, 7, 14, 6], [15, 4, 16, 5], [17, 11, 18, 10], [19, 12, 20, 13], [21, 3, 22, 2], [23, 19, 24, 18], [1, 16, 2, 17], [3, 21, 4, 20], [5, 9, 6, 8], [7, 15, 8, 14], [9, 1, 10, 24], [11, 22, 12, 23]]"
12a_0480_44,"[[11, 22, 12, 23], [13, 7, 14, 6], [15, 4, 16, 5], [17, 11, 18, 10], [19, 12, 20, 13], [21, 3, 22, 2], [23, 19, 24, 18], [1, 16, 2, 17], [3, 21, 4, 20], [5, 9, 6, 8], [7, 15, 8, 14], [9, 1, 10, 24]]"
12a_0480_45,"[[9, 1, 10, 24], [11, 22, 12, 23], [13, 7, 14, 6], [15, 4, 16, 5], [17, 11, 18, 10], [19, 12, 20, 13], [21, 3, 22, 2], [23, 19, 24, 18], [1, 16, 2, 17], [3, 21, 4, 20], [5, 9, 6, 8], [7, 15, 8, 14]]"
12a_0480_46,"[[7, 15, 8, 14], [9, 1, 10, 24], [11, 22, 12, 23], [13, 7, 14, 6], [15, 4, 16, 5], [17, 11, 18, 10], [19, 12, 20, 13], [21, 3, 22, 2], [23, 19, 24, 18], [1, 16, 2, 17], [3, 21, 4, 20], [5, 9, 6, 8]]"
12a_0480_47,"[[5, 9, 6, 8], [7, 15, 8, 14], [9, 1, 10, 24], [11, 22, 12, 23], [13, 7, 14, 6], [15, 4, 16, 5], [17, 11, 18, 10], [19, 12, 20, 13], [21, 3, 22, 2], [23, 19, 24, 18], [1, 16, 2, 17], [3, 21, 4, 20]]"
12a_0480_48,"[[4, 22, 5, 21], [6, 10, 7, 9], [8, 16, 9, 15], [10, 2, 11, 1], [12, 23, 13, 24], [14, 8, 15, 7], [16, 5, 17, 6], [18, 12, 19, 11], [20, 13, 21, 14], [22, 4, 23, 3], [24, 20, 1, 19], [2, 17, 3, 18]]"
12a_0480_49,"[[2, 17, 3, 18], [4, 22, 5, 21], [6, 10, 7, 9], [8, 16, 9, 15], [10, 2, 11, 1], [12, 23, 13, 24], [14, 8, 15, 7], [16, 5, 17, 6], [18, 12, 19, 11], [20, 13, 21, 14], [22, 4, 23, 3], [24, 20, 1, 19]]"
12a_0480_50,"[[24, 20, 1, 19], [2, 17, 3, 18], [4, 22, 5, 21], [6, 10, 7, 9], [8, 16, 9, 15], [10, 2, 11, 1], [12, 23, 13, 24], [14, 8, 15, 7], [16, 5, 17, 6], [18, 12, 19, 11], [20, 13, 21, 14], [22, 4, 23, 3]]"
12a_0480_51,"[[22, 4, 23, 3], [24, 20, 1, 19], [2, 17, 3, 18], [4, 22, 5, 21], [6, 10, 7, 9], [8, 16, 9, 15], [10, 2, 11, 1], [12, 23, 13, 24], [14, 8, 15, 7], [16, 5, 17, 6], [18, 12, 19, 11], [20, 13, 21, 14]]"
12a_0480_52,"[[20, 13, 21, 14], [22, 4, 23, 3], [24, 20, 1, 19], [2, 17, 3, 18], [4, 22, 5, 21], [6, 10, 7, 9], [8, 16, 9, 15], [10, 2, 11, 1], [12, 23, 13, 24], [14, 8, 15, 7], [16, 5, 17, 6], [18, 12, 19, 11]]"
12a_0480_53,"[[18, 12, 19, 11], [20, 13, 21, 14], [22, 4, 23, 3], [24, 20, 1, 19], [2, 17, 3, 18], [4, 22, 5, 21], [6, 10, 7, 9], [8, 16, 9, 15], [10, 2, 11, 1], [12, 23, 13, 24], [14, 8, 15, 7], [16, 5, 17, 6]]"
12a_0480_54,"[[16, 5, 17, 6], [18, 12, 19, 11], [20, 13, 21, 14], [22, 4, 23, 3], [24, 20, 1, 19], [2, 17, 3, 18], [4, 22, 5, 21], [6, 10, 7, 9], [8, 16, 9, 15], [10, 2, 11, 1], [12, 23, 13, 24], [14, 8, 15, 7]]"
12a_0480_55,"[[14, 8, 15, 7], [16, 5, 17, 6], [18, 12, 19, 11], [20, 13, 21, 14], [22, 4, 23, 3], [24, 20, 1, 19], [2, 17, 3, 18], [4, 22, 5, 21], [6, 10, 7, 9], [8, 16, 9, 15], [10, 2, 11, 1], [12, 23, 13, 24]]"
12a_0480_56,"[[12, 23, 13, 24], [14, 8, 15, 7], [16, 5, 17, 6], [18, 12, 19, 11], [20, 13, 21, 14], [22, 4, 23, 3], [24, 20, 1, 19], [2, 17, 3, 18], [4, 22, 5, 21], [6, 10, 7, 9], [8, 16, 9, 15], [10, 2, 11, 1]]"
12a_0480_57,"[[10, 2, 11, 1], [12, 23, 13, 24], [14, 8, 15, 7], [16, 5, 17, 6], [18, 12, 19, 11], [20, 13, 21, 14], [22, 4, 23, 3], [24, 20, 1, 19], [2, 17, 3, 18], [4, 22, 5, 21], [6, 10, 7, 9], [8, 16, 9, 15]]"
12a_0480_58,"[[8, 16, 9, 15], [10, 2, 11, 1], [12, 23, 13, 24], [14, 8, 15, 7], [16, 5, 17, 6], [18, 12, 19, 11], [20, 13, 21, 14], [22, 4, 23, 3], [24, 20, 1, 19], [2, 17, 3, 18], [4, 22, 5, 21], [6, 10, 7, 9]]"
12a_0480_59,"[[6, 10, 7, 9], [8, 16, 9, 15], [10, 2, 11, 1], [12, 23, 13, 24], [14, 8, 15, 7], [16, 5, 17, 6], [18, 12, 19, 11], [20, 13, 21, 14], [22, 4, 23, 3], [24, 20, 1, 19], [2, 17, 3, 18], [4, 22, 5, 21]]"
12a_0480_60,"[[5, 23, 6, 22], [7, 11, 8, 10], [9, 17, 10, 16], [11, 3, 12, 2], [13, 24, 14, 1], [15, 9, 16, 8], [17, 6, 18, 7], [19, 13, 20, 12], [21, 14, 22, 15], [23, 5, 24, 4], [1, 21, 2, 20], [3, 18, 4, 19]]"
12a_0480_61,"[[3, 18, 4, 19], [5, 23, 6, 22], [7, 11, 8, 10], [9, 17, 10, 16], [11, 3, 12, 2], [13, 24, 14, 1], [15, 9, 16, 8], [17, 6, 18, 7], [19, 13, 20, 12], [21, 14, 22, 15], [23, 5, 24, 4], [1, 21, 2, 20]]"
12a_0480_62,"[[1, 21, 2, 20], [3, 18, 4, 19], [5, 23, 6, 22], [7, 11, 8, 10], [9, 17, 10, 16], [11, 3, 12, 2], [13, 24, 14, 1], [15, 9, 16, 8], [17, 6, 18, 7], [19, 13, 20, 12], [21, 14, 22, 15], [23, 5, 24, 4]]"
12a_0480_63,"[[23, 5, 24, 4], [1, 21, 2, 20], [3, 18, 4, 19], [5, 23, 6, 22], [7, 11, 8, 10], [9, 17, 10, 16], [11, 3, 12, 2], [13, 24, 14, 1], [15, 9, 16, 8], [17, 6, 18, 7], [19, 13, 20, 12], [21, 14, 22, 15]]"
12a_0480_64,"[[21, 14, 22, 15], [23, 5, 24, 4], [1, 21, 2, 20], [3, 18, 4, 19], [5, 23, 6, 22], [7, 11, 8, 10], [9, 17, 10, 16], [11, 3, 12, 2], [13, 24, 14, 1], [15, 9, 16, 8], [17, 6, 18, 7], [19, 13, 20, 12]]"
12a_0480_65,"[[19, 13, 20, 12], [21, 14, 22, 15], [23, 5, 24, 4], [1, 21, 2, 20], [3, 18, 4, 19], [5, 23, 6, 22], [7, 11, 8, 10], [9, 17, 10, 16], [11, 3, 12, 2], [13, 24, 14, 1], [15, 9, 16, 8], [17, 6, 18, 7]]"
12a_0480_66,"[[17, 6, 18, 7], [19, 13, 20, 12], [21, 14, 22, 15], [23, 5, 24, 4], [1, 21, 2, 20], [3, 18, 4, 19], [5, 23, 6, 22], [7, 11, 8, 10], [9, 17, 10, 16], [11, 3, 12, 2], [13, 24, 14, 1], [15, 9, 16, 8]]"
12a_0480_67,"[[15, 9, 16, 8], [17, 6, 18, 7], [19, 13, 20, 12], [21, 14, 22, 15], [23, 5, 24, 4], [1, 21, 2, 20], [3, 18, 4, 19], [5, 23, 6, 22], [7, 11, 8, 10], [9, 17, 10, 16], [11, 3, 12, 2], [13, 24, 14, 1]]"
12a_0480_68,"[[13, 24, 14, 1], [15, 9, 16, 8], [17, 6, 18, 7], [19, 13, 20, 12], [21, 14, 22, 15], [23, 5, 24, 4], [1, 21, 2, 20], [3, 18, 4, 19], [5, 23, 6, 22], [7, 11, 8, 10], [9, 17, 10, 16], [11, 3, 12, 2]]"
12a_0480_69,"[[11, 3, 12, 2], [13, 24, 14, 1], [15, 9, 16, 8], [17, 6, 18, 7], [19, 13, 20, 12], [21, 14, 22, 15], [23, 5, 24, 4], [1, 21, 2, 20], [3, 18, 4, 19], [5, 23, 6, 22], [7, 11, 8, 10], [9, 17, 10, 16]]"
12a_0480_70,"[[9, 17, 10, 16], [11, 3, 12, 2], [13, 24, 14, 1], [15, 9, 16, 8], [17, 6, 18, 7], [19, 13, 20, 12], [21, 14, 22, 15], [23, 5, 24, 4], [1, 21, 2, 20], [3, 18, 4, 19], [5, 23, 6, 22], [7, 11, 8, 10]]"
12a_0480_71,"[[7, 11, 8, 10], [9, 17, 10, 16], [11, 3, 12, 2], [13, 24, 14, 1], [15, 9, 16, 8], [17, 6, 18, 7], [19, 13, 20, 12], [21, 14, 22, 15], [23, 5, 24, 4], [1, 21, 2, 20], [3, 18, 4, 19], [5, 23, 6, 22]]"
12a_0480_72,"[[6, 24, 7, 23], [8, 12, 9, 11], [10, 18, 11, 17], [12, 4, 13, 3], [14, 1, 15, 2], [16, 10, 17, 9], [18, 7, 19, 8], [20, 14, 21, 13], [22, 15, 23, 16], [24, 6, 1, 5], [2, 22, 3, 21], [4, 19, 5, 20]]"
12a_0480_73,"[[4, 19, 5, 20], [6, 24, 7, 23], [8, 12, 9, 11], [10, 18, 11, 17], [12, 4, 13, 3], [14, 1, 15, 2], [16, 10, 17, 9], [18, 7, 19, 8], [20, 14, 21, 13], [22, 15, 23, 16], [24, 6, 1, 5], [2, 22, 3, 21]]"
12a_0480_74,"[[2, 22, 3, 21], [4, 19, 5, 20], [6, 24, 7, 23], [8, 12, 9, 11], [10, 18, 11, 17], [12, 4, 13, 3], [14, 1, 15, 2], [16, 10, 17, 9], [18, 7, 19, 8], [20, 14, 21, 13], [22, 15, 23, 16], [24, 6, 1, 5]]"
12a_0480_75,"[[24, 6, 1, 5], [2, 22, 3, 21], [4, 19, 5, 20], [6, 24, 7, 23], [8, 12, 9, 11], [10, 18, 11, 17], [12, 4, 13, 3], [14, 1, 15, 2], [16, 10, 17, 9], [18, 7, 19, 8], [20, 14, 21, 13], [22, 15, 23, 16]]"
12a_0480_76,"[[22, 15, 23, 16], [24, 6, 1, 5], [2, 22, 3, 21], [4, 19, 5, 20], [6, 24, 7, 23], [8, 12, 9, 11], [10, 18, 11, 17], [12, 4, 13, 3], [14, 1, 15, 2], [16, 10, 17, 9], [18, 7, 19, 8], [20, 14, 21, 13]]"
12a_0480_77,"[[20, 14, 21, 13], [22, 15, 23, 16], [24, 6, 1, 5], [2, 22, 3, 21], [4, 19, 5, 20], [6, 24, 7, 23], [8, 12, 9, 11], [10, 18, 11, 17], [12, 4, 13, 3], [14, 1, 15, 2], [16, 10, 17, 9], [18, 7, 19, 8]]"
12a_0480_78,"[[18, 7, 19, 8], [20, 14, 21, 13], [22, 15, 23, 16], [24, 6, 1, 5], [2, 22, 3, 21], [4, 19, 5, 20], [6, 24, 7, 23], [8, 12, 9, 11], [10, 18, 11, 17], [12, 4, 13, 3], [14, 1, 15, 2], [16, 10, 17, 9]]"
12a_0480_79,"[[16, 10, 17, 9], [18, 7, 19, 8], [20, 14, 21, 13], [22, 15, 23, 16], [24, 6, 1, 5], [2, 22, 3, 21], [4, 19, 5, 20], [6, 24, 7, 23], [8, 12, 9, 11], [10, 18, 11, 17], [12, 4, 13, 3], [14, 1, 15, 2]]"
12a_0480_80,"[[14, 1, 15, 2], [16, 10, 17, 9], [18, 7, 19, 8], [20, 14, 21, 13], [22, 15, 23, 16], [24, 6, 1, 5], [2, 22, 3, 21], [4, 19, 5, 20], [6, 24, 7, 23], [8, 12, 9, 11], [10, 18, 11, 17], [12, 4, 13, 3]]"
12a_0480_81,"[[12, 4, 13, 3], [14, 1, 15, 2], [16, 10, 17, 9], [18, 7, 19, 8], [20, 14, 21, 13], [22, 15, 23, 16], [24, 6, 1, 5], [2, 22, 3, 21], [4, 19, 5, 20], [6, 24, 7, 23], [8, 12, 9, 11], [10, 18, 11, 17]]"
12a_0480_82,"[[10, 18, 11, 17], [12, 4, 13, 3], [14, 1, 15, 2], [16, 10, 17, 9], [18, 7, 19, 8], [20, 14, 21, 13], [22, 15, 23, 16], [24, 6, 1, 5], [2, 22, 3, 21], [4, 19, 5, 20], [6, 24, 7, 23], [8, 12, 9, 11]]"
12a_0480_83,"[[8, 12, 9, 11], [10, 18, 11, 17], [12, 4, 13, 3], [14, 1, 15, 2], [16, 10, 17, 9], [18, 7, 19, 8], [20, 14, 21, 13], [22, 15, 23, 16], [24, 6, 1, 5], [2, 22, 3, 21], [4, 19, 5, 20], [6, 24, 7, 23]]"
12a_0480_84,"[[7, 1, 8, 24], [9, 13, 10, 12], [11, 19, 12, 18], [13, 5, 14, 4], [15, 2, 16, 3], [17, 11, 18, 10], [19, 8, 20, 9], [21, 15, 22, 14], [23, 16, 24, 17], [1, 7, 2, 6], [3, 23, 4, 22], [5, 20, 6, 21]]"
12a_0480_85,"[[5, 20, 6, 21], [7, 1, 8, 24], [9, 13, 10, 12], [11, 19, 12, 18], [13, 5, 14, 4], [15, 2, 16, 3], [17, 11, 18, 10], [19, 8, 20, 9], [21, 15, 22, 14], [23, 16, 24, 17], [1, 7, 2, 6], [3, 23, 4, 22]]"
12a_0480_86,"[[3, 23, 4, 22], [5, 20, 6, 21], [7, 1, 8, 24], [9, 13, 10, 12], [11, 19, 12, 18], [13, 5, 14, 4], [15, 2, 16, 3], [17, 11, 18, 10], [19, 8, 20, 9], [21, 15, 22, 14], [23, 16, 24, 17], [1, 7, 2, 6]]"
12a_0480_87,"[[1, 7, 2, 6], [3, 23, 4, 22], [5, 20, 6, 21], [7, 1, 8, 24], [9, 13, 10, 12], [11, 19, 12, 18], [13, 5, 14, 4], [15, 2, 16, 3], [17, 11, 18, 10], [19, 8, 20, 9], [21, 15, 22, 14], [23, 16, 24, 17]]"
12a_0480_88,"[[23, 16, 24, 17], [1, 7, 2, 6], [3, 23, 4, 22], [5, 20, 6, 21], [7, 1, 8, 24], [9, 13, 10, 12], [11, 19, 12, 18], [13, 5, 14, 4], [15, 2, 16, 3], [17, 11, 18, 10], [19, 8, 20, 9], [21, 15, 22, 14]]"
12a_0480_89,"[[21, 15, 22, 14], [23, 16, 24, 17], [1, 7, 2, 6], [3, 23, 4, 22], [5, 20, 6, 21], [7, 1, 8, 24], [9, 13, 10, 12], [11, 19, 12, 18], [13, 5, 14, 4], [15, 2, 16, 3], [17, 11, 18, 10], [19, 8, 20, 9]]"
12a_0480_90,"[[19, 8, 20, 9], [21, 15, 22, 14], [23, 16, 24, 17], [1, 7, 2, 6], [3, 23, 4, 22], [5, 20, 6, 21], [7, 1, 8, 24], [9, 13, 10, 12], [11, 19, 12, 18], [13, 5, 14, 4], [15, 2, 16, 3], [17, 11, 18, 10]]"
12a_0480_91,"[[17, 11, 18, 10], [19, 8, 20, 9], [21, 15, 22, 14], [23, 16, 24, 17], [1, 7, 2, 6], [3, 23, 4, 22], [5, 20, 6, 21], [7, 1, 8, 24], [9, 13, 10, 12], [11, 19, 12, 18], [13, 5, 14, 4], [15, 2, 16, 3]]"
12a_0480_92,"[[15, 2, 16, 3], [17, 11, 18, 10], [19, 8, 20, 9], [21, 15, 22, 14], [23, 16, 24, 17], [1, 7, 2, 6], [3, 23, 4, 22], [5, 20, 6, 21], [7, 1, 8, 24], [9, 13, 10, 12], [11, 19, 12, 18], [13, 5, 14, 4]]"
12a_0480_93,"[[13, 5, 14, 4], [15, 2, 16, 3], [17, 11, 18, 10], [19, 8, 20, 9], [21, 15, 22, 14], [23, 16, 24, 17], [1, 7, 2, 6], [3, 23, 4, 22], [5, 20, 6, 21], [7, 1, 8, 24], [9, 13, 10, 12], [11, 19, 12, 18]]"
12a_0480_94,"[[11, 19, 12, 18], [13, 5, 14, 4], [15, 2, 16, 3], [17, 11, 18, 10], [19, 8, 20, 9], [21, 15, 22, 14], [23, 16, 24, 17], [1, 7, 2, 6], [3, 23, 4, 22], [5, 20, 6, 21], [7, 1, 8, 24], [9, 13, 10, 12]]"
12a_0480_95,"[[9, 13, 10, 12], [11, 19, 12, 18], [13, 5, 14, 4], [15, 2, 16, 3], [17, 11, 18, 10], [19, 8, 20, 9], [21, 15, 22, 14], [23, 16, 24, 17], [1, 7, 2, 6], [3, 23, 4, 22], [5, 20, 6, 21], [7, 1, 8, 24]]"
12a_0480_96,"[[8, 2, 9, 1], [10, 14, 11, 13], [12, 20, 13, 19], [14, 6, 15, 5], [16, 3, 17, 4], [18, 12, 19, 11], [20, 9, 21, 10], [22, 16, 23, 15], [24, 17, 1, 18], [2, 8, 3, 7], [4, 24, 5, 23], [6, 21, 7, 22]]"
12a_0480_97,"[[6, 21, 7, 22], [8, 2, 9, 1], [10, 14, 11, 13], [12, 20, 13, 19], [14, 6, 15, 5], [16, 3, 17, 4], [18, 12, 19, 11], [20, 9, 21, 10], [22, 16, 23, 15], [24, 17, 1, 18], [2, 8, 3, 7], [4, 24, 5, 23]]"
12a_0480_98,"[[4, 24, 5, 23], [6, 21, 7, 22], [8, 2, 9, 1], [10, 14, 11, 13], [12, 20, 13, 19], [14, 6, 15, 5], [16, 3, 17, 4], [18, 12, 19, 11], [20, 9, 21, 10], [22, 16, 23, 15], [24, 17, 1, 18], [2, 8, 3, 7]]"
12a_0480_99,"[[2, 8, 3, 7], [4, 24, 5, 23], [6, 21, 7, 22], [8, 2, 9, 1], [10, 14, 11, 13], [12, 20, 13, 19], [14, 6, 15, 5], [16, 3, 17, 4], [18, 12, 19, 11], [20, 9, 21, 10], [22, 16, 23, 15], [24, 17, 1, 18]]"
12a_0480_100,"[[24, 17, 1, 18], [2, 8, 3, 7], [4, 24, 5, 23], [6, 21, 7, 22], [8, 2, 9, 1], [10, 14, 11, 13], [12, 20, 13, 19], [14, 6, 15, 5], [16, 3, 17, 4], [18, 12, 19, 11], [20, 9, 21, 10], [22, 16, 23, 15]]"
12a_0480_101,"[[22, 16, 23, 15], [24, 17, 1, 18], [2, 8, 3, 7], [4, 24, 5, 23], [6, 21, 7, 22], [8, 2, 9, 1], [10, 14, 11, 13], [12, 20, 13, 19], [14, 6, 15, 5], [16, 3, 17, 4], [18, 12, 19, 11], [20, 9, 21, 10]]"
12a_0480_102,"[[20, 9, 21, 10], [22, 16, 23, 15], [24, 17, 1, 18], [2, 8, 3, 7], [4, 24, 5, 23], [6, 21, 7, 22], [8, 2, 9, 1], [10, 14, 11, 13], [12, 20, 13, 19], [14, 6, 15, 5], [16, 3, 17, 4], [18, 12, 19, 11]]"
12a_0480_103,"[[18, 12, 19, 11], [20, 9, 21, 10], [22, 16, 23, 15], [24, 17, 1, 18], [2, 8, 3, 7], [4, 24, 5, 23], [6, 21, 7, 22], [8, 2, 9, 1], [10, 14, 11, 13], [12, 20, 13, 19], [14, 6, 15, 5], [16, 3, 17, 4]]"
12a_0480_104,"[[16, 3, 17, 4], [18, 12, 19, 11], [20, 9, 21, 10], [22, 16, 23, 15], [24, 17, 1, 18], [2, 8, 3, 7], [4, 24, 5, 23], [6, 21, 7, 22], [8, 2, 9, 1], [10, 14, 11, 13], [12, 20, 13, 19], [14, 6, 15, 5]]"
12a_0480_105,"[[14, 6, 15, 5], [16, 3, 17, 4], [18, 12, 19, 11], [20, 9, 21, 10], [22, 16, 23, 15], [24, 17, 1, 18], [2, 8, 3, 7], [4, 24, 5, 23], [6, 21, 7, 22], [8, 2, 9, 1], [10, 14, 11, 13], [12, 20, 13, 19]]"
12a_0480_106,"[[12, 20, 13, 19], [14, 6, 15, 5], [16, 3, 17, 4], [18, 12, 19, 11], [20, 9, 21, 10], [22, 16, 23, 15], [24, 17, 1, 18], [2, 8, 3, 7], [4, 24, 5, 23], [6, 21, 7, 22], [8, 2, 9, 1], [10, 14, 11, 13]]"
12a_0480_107,"[[10, 14, 11, 13], [12, 20, 13, 19], [14, 6, 15, 5], [16, 3, 17, 4], [18, 12, 19, 11], [20, 9, 21, 10], [22, 16, 23, 15], [24, 17, 1, 18], [2, 8, 3, 7], [4, 24, 5, 23], [6, 21, 7, 22], [8, 2, 9, 1]]"
12a_0480_108,"[[9, 3, 10, 2], [11, 15, 12, 14], [13, 21, 14, 20], [15, 7, 16, 6], [17, 4, 18, 5], [19, 13, 20, 12], [21, 10, 22, 11], [23, 17, 24, 16], [1, 18, 2, 19], [3, 9, 4, 8], [5, 1, 6, 24], [7, 22, 8, 23]]"
12a_0480_109,"[[7, 22, 8, 23], [9, 3, 10, 2], [11, 15, 12, 14], [13, 21, 14, 20], [15, 7, 16, 6], [17, 4, 18, 5], [19, 13, 20, 12], [21, 10, 22, 11], [23, 17, 24, 16], [1, 18, 2, 19], [3, 9, 4, 8], [5, 1, 6, 24]]"
12a_0480_110,"[[5, 1, 6, 24], [7, 22, 8, 23], [9, 3, 10, 2], [11, 15, 12, 14], [13, 21, 14, 20], [15, 7, 16, 6], [17, 4, 18, 5], [19, 13, 20, 12], [21, 10, 22, 11], [23, 17, 24, 16], [1, 18, 2, 19], [3, 9, 4, 8]]"
12a_0480_111,"[[3, 9, 4, 8], [5, 1, 6, 24], [7, 22, 8, 23], [9, 3, 10, 2], [11, 15, 12, 14], [13, 21, 14, 20], [15, 7, 16, 6], [17, 4, 18, 5], [19, 13, 20, 12], [21, 10, 22, 11], [23, 17, 24, 16], [1, 18, 2, 19]]"
12a_0480_112,"[[1, 18, 2, 19], [3, 9, 4, 8], [5, 1, 6, 24], [7, 22, 8, 23], [9, 3, 10, 2], [11, 15, 12, 14], [13, 21, 14, 20], [15, 7, 16, 6], [17, 4, 18, 5], [19, 13, 20, 12], [21, 10, 22, 11], [23, 17, 24, 16]]"
12a_0480_113,"[[23, 17, 24, 16], [1, 18, 2, 19], [3, 9, 4, 8], [5, 1, 6, 24], [7, 22, 8, 23], [9, 3, 10, 2], [11, 15, 12, 14], [13, 21, 14, 20], [15, 7, 16, 6], [17, 4, 18, 5], [19, 13, 20, 12], [21, 10, 22, 11]]"
12a_0480_114,"[[21, 10, 22, 11], [23, 17, 24, 16], [1, 18, 2, 19], [3, 9, 4, 8], [5, 1, 6, 24], [7, 22, 8, 23], [9, 3, 10, 2], [11, 15, 12, 14], [13, 21, 14, 20], [15, 7, 16, 6], [17, 4, 18, 5], [19, 13, 20, 12]]"
12a_0480_115,"[[19, 13, 20, 12], [21, 10, 22, 11], [23, 17, 24, 16], [1, 18, 2, 19], [3, 9, 4, 8], [5, 1, 6, 24], [7, 22, 8, 23], [9, 3, 10, 2], [11, 15, 12, 14], [13, 21, 14, 20], [15, 7, 16, 6], [17, 4, 18, 5]]"
12a_0480_116,"[[17, 4, 18, 5], [19, 13, 20, 12], [21, 10, 22, 11], [23, 17, 24, 16], [1, 18, 2, 19], [3, 9, 4, 8], [5, 1, 6, 24], [7, 22, 8, 23], [9, 3, 10, 2], [11, 15, 12, 14], [13, 21, 14, 20], [15, 7, 16, 6]]"
12a_0480_117,"[[15, 7, 16, 6], [17, 4, 18, 5], [19, 13, 20, 12], [21, 10, 22, 11], [23, 17, 24, 16], [1, 18, 2, 19], [3, 9, 4, 8], [5, 1, 6, 24], [7, 22, 8, 23], [9, 3, 10, 2], [11, 15, 12, 14], [13, 21, 14, 20]]"
12a_0480_118,"[[13, 21, 14, 20], [15, 7, 16, 6], [17, 4, 18, 5], [19, 13, 20, 12], [21, 10, 22, 11], [23, 17, 24, 16], [1, 18, 2, 19], [3, 9, 4, 8], [5, 1, 6, 24], [7, 22, 8, 23], [9, 3, 10, 2], [11, 15, 12, 14]]"
12a_0480_119,"[[11, 15, 12, 14], [13, 21, 14, 20], [15, 7, 16, 6], [17, 4, 18, 5], [19, 13, 20, 12], [21, 10, 22, 11], [23, 17, 24, 16], [1, 18, 2, 19], [3, 9, 4, 8], [5, 1, 6, 24], [7, 22, 8, 23], [9, 3, 10, 2]]"
12a_0480_120,"[[10, 4, 11, 3], [12, 16, 13, 15], [14, 22, 15, 21], [16, 8, 17, 7], [18, 5, 19, 6], [20, 14, 21, 13], [22, 11, 23, 12], [24, 18, 1, 17], [2, 19, 3, 20], [4, 10, 5, 9], [6, 2, 7, 1], [8, 23, 9, 24]]"
12a_0480_121,"[[8, 23, 9, 24], [10, 4, 11, 3], [12, 16, 13, 15], [14, 22, 15, 21], [16, 8, 17, 7], [18, 5, 19, 6], [20, 14, 21, 13], [22, 11, 23, 12], [24, 18, 1, 17], [2, 19, 3, 20], [4, 10, 5, 9], [6, 2, 7, 1]]"
12a_0480_122,"[[6, 2, 7, 1], [8, 23, 9, 24], [10, 4, 11, 3], [12, 16, 13, 15], [14, 22, 15, 21], [16, 8, 17, 7], [18, 5, 19, 6], [20, 14, 21, 13], [22, 11, 23, 12], [24, 18, 1, 17], [2, 19, 3, 20], [4, 10, 5, 9]]"
12a_0480_123,"[[4, 10, 5, 9], [6, 2, 7, 1], [8, 23, 9, 24], [10, 4, 11, 3], [12, 16, 13, 15], [14, 22, 15, 21], [16, 8, 17, 7], [18, 5, 19, 6], [20, 14, 21, 13], [22, 11, 23, 12], [24, 18, 1, 17], [2, 19, 3, 20]]"
12a_0480_124,"[[2, 19, 3, 20], [4, 10, 5, 9], [6, 2, 7, 1], [8, 23, 9, 24], [10, 4, 11, 3], [12, 16, 13, 15], [14, 22, 15, 21], [16, 8, 17, 7], [18, 5, 19, 6], [20, 14, 21, 13], [22, 11, 23, 12], [24, 18, 1, 17]]"
12a_0480_125,"[[24, 18, 1, 17], [2, 19, 3, 20], [4, 10, 5, 9], [6, 2, 7, 1], [8, 23, 9, 24], [10, 4, 11, 3], [12, 16, 13, 15], [14, 22, 15, 21], [16, 8, 17, 7], [18, 5, 19, 6], [20, 14, 21, 13], [22, 11, 23, 12]]"
12a_0480_126,"[[22, 11, 23, 12], [24, 18, 1, 17], [2, 19, 3, 20], [4, 10, 5, 9], [6, 2, 7, 1], [8, 23, 9, 24], [10, 4, 11, 3], [12, 16, 13, 15], [14, 22, 15, 21], [16, 8, 17, 7], [18, 5, 19, 6], [20, 14, 21, 13]]"
12a_0480_127,"[[20, 14, 21, 13], [22, 11, 23, 12], [24, 18, 1, 17], [2, 19, 3, 20], [4, 10, 5, 9], [6, 2, 7, 1], [8, 23, 9, 24], [10, 4, 11, 3], [12, 16, 13, 15], [14, 22, 15, 21], [16, 8, 17, 7], [18, 5, 19, 6]]"
12a_0480_128,"[[18, 5, 19, 6], [20, 14, 21, 13], [22, 11, 23, 12], [24, 18, 1, 17], [2, 19, 3, 20], [4, 10, 5, 9], [6, 2, 7, 1], [8, 23, 9, 24], [10, 4, 11, 3], [12, 16, 13, 15], [14, 22, 15, 21], [16, 8, 17, 7]]"
12a_0480_129,"[[16, 8, 17, 7], [18, 5, 19, 6], [20, 14, 21, 13], [22, 11, 23, 12], [24, 18, 1, 17], [2, 19, 3, 20], [4, 10, 5, 9], [6, 2, 7, 1], [8, 23, 9, 24], [10, 4, 11, 3], [12, 16, 13, 15], [14, 22, 15, 21]]"
12a_0480_130,"[[14, 22, 15, 21], [16, 8, 17, 7], [18, 5, 19, 6], [20, 14, 21, 13], [22, 11, 23, 12], [24, 18, 1, 17], [2, 19, 3, 20], [4, 10, 5, 9], [6, 2, 7, 1], [8, 23, 9, 24], [10, 4, 11, 3], [12, 16, 13, 15]]"
12a_0480_131,"[[12, 16, 13, 15], [14, 22, 15, 21], [16, 8, 17, 7], [18, 5, 19, 6], [20, 14, 21, 13], [22, 11, 23, 12], [24, 18, 1, 17], [2, 19, 3, 20], [4, 10, 5, 9], [6, 2, 7, 1], [8, 23, 9, 24], [10, 4, 11, 3]]"
12a_0480_132,"[[11, 5, 12, 4], [13, 17, 14, 16], [15, 23, 16, 22], [17, 9, 18, 8], [19, 6, 20, 7], [21, 15, 22, 14], [23, 12, 24, 13], [1, 19, 2, 18], [3, 20, 4, 21], [5, 11, 6, 10], [7, 3, 8, 2], [9, 24, 10, 1]]"
12a_0480_133,"[[9, 24, 10, 1], [11, 5, 12, 4], [13, 17, 14, 16], [15, 23, 16, 22], [17, 9, 18, 8], [19, 6, 20, 7], [21, 15, 22, 14], [23, 12, 24, 13], [1, 19, 2, 18], [3, 20, 4, 21], [5, 11, 6, 10], [7, 3, 8, 2]]"
12a_0480_134,"[[7, 3, 8, 2], [9, 24, 10, 1], [11, 5, 12, 4], [13, 17, 14, 16], [15, 23, 16, 22], [17, 9, 18, 8], [19, 6, 20, 7], [21, 15, 22, 14], [23, 12, 24, 13], [1, 19, 2, 18], [3, 20, 4, 21], [5, 11, 6, 10]]"
12a_0480_135,"[[5, 11, 6, 10], [7, 3, 8, 2], [9, 24, 10, 1], [11, 5, 12, 4], [13, 17, 14, 16], [15, 23, 16, 22], [17, 9, 18, 8], [19, 6, 20, 7], [21, 15, 22, 14], [23, 12, 24, 13], [1, 19, 2, 18], [3, 20, 4, 21]]"
12a_0480_136,"[[3, 20, 4, 21], [5, 11, 6, 10], [7, 3, 8, 2], [9, 24, 10, 1], [11, 5, 12, 4], [13, 17, 14, 16], [15, 23, 16, 22], [17, 9, 18, 8], [19, 6, 20, 7], [21, 15, 22, 14], [23, 12, 24, 13], [1, 19, 2, 18]]"
12a_0480_137,"[[1, 19, 2, 18], [3, 20, 4, 21], [5, 11, 6, 10], [7, 3, 8, 2], [9, 24, 10, 1], [11, 5, 12, 4], [13, 17, 14, 16], [15, 23, 16, 22], [17, 9, 18, 8], [19, 6, 20, 7], [21, 15, 22, 14], [23, 12, 24, 13]]"
12a_0480_138,"[[23, 12, 24, 13], [1, 19, 2, 18], [3, 20, 4, 21], [5, 11, 6, 10], [7, 3, 8, 2], [9, 24, 10, 1], [11, 5, 12, 4], [13, 17, 14, 16], [15, 23, 16, 22], [17, 9, 18, 8], [19, 6, 20, 7], [21, 15, 22, 14]]"
12a_0480_139,"[[21, 15, 22, 14], [23, 12, 24, 13], [1, 19, 2, 18], [3, 20, 4, 21], [5, 11, 6, 10], [7, 3, 8, 2], [9, 24, 10, 1], [11, 5, 12, 4], [13, 17, 14, 16], [15, 23, 16, 22], [17, 9, 18, 8], [19, 6, 20, 7]]"
12a_0480_140,"[[19, 6, 20, 7], [21, 15, 22, 14], [23, 12, 24, 13], [1, 19, 2, 18], [3, 20, 4, 21], [5, 11, 6, 10], [7, 3, 8, 2], [9, 24, 10, 1], [11, 5, 12, 4], [13, 17, 14, 16], [15, 23, 16, 22], [17, 9, 18, 8]]"
12a_0480_141,"[[17, 9, 18, 8], [19, 6, 20, 7], [21, 15, 22, 14], [23, 12, 24, 13], [1, 19, 2, 18], [3, 20, 4, 21], [5, 11, 6, 10], [7, 3, 8, 2], [9, 24, 10, 1], [11, 5, 12, 4], [13, 17, 14, 16], [15, 23, 16, 22]]"
12a_0480_142,"[[15, 23, 16, 22], [17, 9, 18, 8], [19, 6, 20, 7], [21, 15, 22, 14], [23, 12, 24, 13], [1, 19, 2, 18], [3, 20, 4, 21], [5, 11, 6, 10], [7, 3, 8, 2], [9, 24, 10, 1], [11, 5, 12, 4], [13, 17, 14, 16]]"
12a_0480_143,"[[13, 17, 14, 16], [15, 23, 16, 22], [17, 9, 18, 8], [19, 6, 20, 7], [21, 15, 22, 14], [23, 12, 24, 13], [1, 19, 2, 18], [3, 20, 4, 21], [5, 11, 6, 10], [7, 3, 8, 2], [9, 24, 10, 1], [11, 5, 12, 4]]"
12a_0480_144,"[[12, 6, 13, 5], [14, 18, 15, 17], [16, 24, 17, 23], [18, 10, 19, 9], [20, 7, 21, 8], [22, 16, 23, 15], [24, 13, 1, 14], [2, 20, 3, 19], [4, 21, 5, 22], [6, 12, 7, 11], [8, 4, 9, 3], [10, 1, 11, 2]]"
12a_0480_145,"[[10, 1, 11, 2], [12, 6, 13, 5], [14, 18, 15, 17], [16, 24, 17, 23], [18, 10, 19, 9], [20, 7, 21, 8], [22, 16, 23, 15], [24, 13, 1, 14], [2, 20, 3, 19], [4, 21, 5, 22], [6, 12, 7, 11], [8, 4, 9, 3]]"
12a_0480_146,"[[8, 4, 9, 3], [10, 1, 11, 2], [12, 6, 13, 5], [14, 18, 15, 17], [16, 24, 17, 23], [18, 10, 19, 9], [20, 7, 21, 8], [22, 16, 23, 15], [24, 13, 1, 14], [2, 20, 3, 19], [4, 21, 5, 22], [6, 12, 7, 11]]"
12a_0480_147,"[[6, 12, 7, 11], [8, 4, 9, 3], [10, 1, 11, 2], [12, 6, 13, 5], [14, 18, 15, 17], [16, 24, 17, 23], [18, 10, 19, 9], [20, 7, 21, 8], [22, 16, 23, 15], [24, 13, 1, 14], [2, 20, 3, 19], [4, 21, 5, 22]]"
12a_0480_148,"[[4, 21, 5, 22], [6, 12, 7, 11], [8, 4, 9, 3], [10, 1, 11, 2], [12, 6, 13, 5], [14, 18, 15, 17], [16, 24, 17, 23], [18, 10, 19, 9], [20, 7, 21, 8], [22, 16, 23, 15], [24, 13, 1, 14], [2, 20, 3, 19]]"
12a_0480_149,"[[2, 20, 3, 19], [4, 21, 5, 22], [6, 12, 7, 11], [8, 4, 9, 3], [10, 1, 11, 2], [12, 6, 13, 5], [14, 18, 15, 17], [16, 24, 17, 23], [18, 10, 19, 9], [20, 7, 21, 8], [22, 16, 23, 15], [24, 13, 1, 14]]"
12a_0480_150,"[[24, 13, 1, 14], [2, 20, 3, 19], [4, 21, 5, 22], [6, 12, 7, 11], [8, 4, 9, 3], [10, 1, 11, 2], [12, 6, 13, 5], [14, 18, 15, 17], [16, 24, 17, 23], [18, 10, 19, 9], [20, 7, 21, 8], [22, 16, 23, 15]]"
12a_0480_151,"[[22, 16, 23, 15], [24, 13, 1, 14], [2, 20, 3, 19], [4, 21, 5, 22], [6, 12, 7, 11], [8, 4, 9, 3], [10, 1, 11, 2], [12, 6, 13, 5], [14, 18, 15, 17], [16, 24, 17, 23], [18, 10, 19, 9], [20, 7, 21, 8]]"
12a_0480_152,"[[20, 7, 21, 8], [22, 16, 23, 15], [24, 13, 1, 14], [2, 20, 3, 19], [4, 21, 5, 22], [6, 12, 7, 11], [8, 4, 9, 3], [10, 1, 11, 2], [12, 6, 13, 5], [14, 18, 15, 17], [16, 24, 17, 23], [18, 10, 19, 9]]"
12a_0480_153,"[[18, 10, 19, 9], [20, 7, 21, 8], [22, 16, 23, 15], [24, 13, 1, 14], [2, 20, 3, 19], [4, 21, 5, 22], [6, 12, 7, 11], [8, 4, 9, 3], [10, 1, 11, 2], [12, 6, 13, 5], [14, 18, 15, 17], [16, 24, 17, 23]]"
12a_0480_154,"[[16, 24, 17, 23], [18, 10, 19, 9], [20, 7, 21, 8], [22, 16, 23, 15], [24, 13, 1, 14], [2, 20, 3, 19], [4, 21, 5, 22], [6, 12, 7, 11], [8, 4, 9, 3], [10, 1, 11, 2], [12, 6, 13, 5], [14, 18, 15, 17]]"
12a_0480_155,"[[14, 18, 15, 17], [16, 24, 17, 23], [18, 10, 19, 9], [20, 7, 21, 8], [22, 16, 23, 15], [24, 13, 1, 14], [2, 20, 3, 19], [4, 21, 5, 22], [6, 12, 7, 11], [8, 4, 9, 3], [10, 1, 11, 2], [12, 6, 13, 5]]"
12a_0480_156,"[[13, 7, 14, 6], [15, 19, 16, 18], [17, 1, 18, 24], [19, 11, 20, 10], [21, 8, 22, 9], [23, 17, 24, 16], [1, 14, 2, 15], [3, 21, 4, 20], [5, 22, 6, 23], [7, 13, 8, 12], [9, 5, 10, 4], [11, 2, 12, 3]]"
12a_0480_157,"[[11, 2, 12, 3], [13, 7, 14, 6], [15, 19, 16, 18], [17, 1, 18, 24], [19, 11, 20, 10], [21, 8, 22, 9], [23, 17, 24, 16], [1, 14, 2, 15], [3, 21, 4, 20], [5, 22, 6, 23], [7, 13, 8, 12], [9, 5, 10, 4]]"
12a_0480_158,"[[9, 5, 10, 4], [11, 2, 12, 3], [13, 7, 14, 6], [15, 19, 16, 18], [17, 1, 18, 24], [19, 11, 20, 10], [21, 8, 22, 9], [23, 17, 24, 16], [1, 14, 2, 15], [3, 21, 4, 20], [5, 22, 6, 23], [7, 13, 8, 12]]"
12a_0480_159,"[[7, 13, 8, 12], [9, 5, 10, 4], [11, 2, 12, 3], [13, 7, 14, 6], [15, 19, 16, 18], [17, 1, 18, 24], [19, 11, 20, 10], [21, 8, 22, 9], [23, 17, 24, 16], [1, 14, 2, 15], [3, 21, 4, 20], [5, 22, 6, 23]]"
12a_0480_160,"[[5, 22, 6, 23], [7, 13, 8, 12], [9, 5, 10, 4], [11, 2, 12, 3], [13, 7, 14, 6], [15, 19, 16, 18], [17, 1, 18, 24], [19, 11, 20, 10], [21, 8, 22, 9], [23, 17, 24, 16], [1, 14, 2, 15], [3, 21, 4, 20]]"
12a_0480_161,"[[3, 21, 4, 20], [5, 22, 6, 23], [7, 13, 8, 12], [9, 5, 10, 4], [11, 2, 12, 3], [13, 7, 14, 6], [15, 19, 16, 18], [17, 1, 18, 24], [19, 11, 20, 10], [21, 8, 22, 9], [23, 17, 24, 16], [1, 14, 2, 15]]"
12a_0480_162,"[[1, 14, 2, 15], [3, 21, 4, 20], [5, 22, 6, 23], [7, 13, 8, 12], [9, 5, 10, 4], [11, 2, 12, 3], [13, 7, 14, 6], [15, 19, 16, 18], [17, 1, 18, 24], [19, 11, 20, 10], [21, 8, 22, 9], [23, 17, 24, 16]]"
12a_0480_163,"[[23, 17, 24, 16], [1, 14, 2, 15], [3, 21, 4, 20], [5, 22, 6, 23], [7, 13, 8, 12], [9, 5, 10, 4], [11, 2, 12, 3], [13, 7, 14, 6], [15, 19, 16, 18], [17, 1, 18, 24], [19, 11, 20, 10], [21, 8, 22, 9]]"
12a_0480_164,"[[21, 8, 22, 9], [23, 17, 24, 16], [1, 14, 2, 15], [3, 21, 4, 20], [5, 22, 6, 23], [7, 13, 8, 12], [9, 5, 10, 4], [11, 2, 12, 3], [13, 7, 14, 6], [15, 19, 16, 18], [17, 1, 18, 24], [19, 11, 20, 10]]"
12a_0480_165,"[[19, 11, 20, 10], [21, 8, 22, 9], [23, 17, 24, 16], [1, 14, 2, 15], [3, 21, 4, 20], [5, 22, 6, 23], [7, 13, 8, 12], [9, 5, 10, 4], [11, 2, 12, 3], [13, 7, 14, 6], [15, 19, 16, 18], [17, 1, 18, 24]]"
12a_0480_166,"[[17, 1, 18, 24], [19, 11, 20, 10], [21, 8, 22, 9], [23, 17, 24, 16], [1, 14, 2, 15], [3, 21, 4, 20], [5, 22, 6, 23], [7, 13, 8, 12], [9, 5, 10, 4], [11, 2, 12, 3], [13, 7, 14, 6], [15, 19, 16, 18]]"
12a_0480_167,"[[15, 19, 16, 18], [17, 1, 18, 24], [19, 11, 20, 10], [21, 8, 22, 9], [23, 17, 24, 16], [1, 14, 2, 15], [3, 21, 4, 20], [5, 22, 6, 23], [7, 13, 8, 12], [9, 5, 10, 4], [11, 2, 12, 3], [13, 7, 14, 6]]"
12a_0480_168,"[[14, 8, 15, 7], [16, 20, 17, 19], [18, 2, 19, 1], [20, 12, 21, 11], [22, 9, 23, 10], [24, 18, 1, 17], [2, 15, 3, 16], [4, 22, 5, 21], [6, 23, 7, 24], [8, 14, 9, 13], [10, 6, 11, 5], [12, 3, 13, 4]]"
12a_0480_169,"[[12, 3, 13, 4], [14, 8, 15, 7], [16, 20, 17, 19], [18, 2, 19, 1], [20, 12, 21, 11], [22, 9, 23, 10], [24, 18, 1, 17], [2, 15, 3, 16], [4, 22, 5, 21], [6, 23, 7, 24], [8, 14, 9, 13], [10, 6, 11, 5]]"
12a_0480_170,"[[10, 6, 11, 5], [12, 3, 13, 4], [14, 8, 15, 7], [16, 20, 17, 19], [18, 2, 19, 1], [20, 12, 21, 11], [22, 9, 23, 10], [24, 18, 1, 17], [2, 15, 3, 16], [4, 22, 5, 21], [6, 23, 7, 24], [8, 14, 9, 13]]"
12a_0480_171,"[[8, 14, 9, 13], [10, 6, 11, 5], [12, 3, 13, 4], [14, 8, 15, 7], [16, 20, 17, 19], [18, 2, 19, 1], [20, 12, 21, 11], [22, 9, 23, 10], [24, 18, 1, 17], [2, 15, 3, 16], [4, 22, 5, 21], [6, 23, 7, 24]]"
12a_0480_172,"[[6, 23, 7, 24], [8, 14, 9, 13], [10, 6, 11, 5], [12, 3, 13, 4], [14, 8, 15, 7], [16, 20, 17, 19], [18, 2, 19, 1], [20, 12, 21, 11], [22, 9, 23, 10], [24, 18, 1, 17], [2, 15, 3, 16], [4, 22, 5, 21]]"
12a_0480_173,"[[4, 22, 5, 21], [6, 23, 7, 24], [8, 14, 9, 13], [10, 6, 11, 5], [12, 3, 13, 4], [14, 8, 15, 7], [16, 20, 17, 19], [18, 2, 19, 1], [20, 12, 21, 11], [22, 9, 23, 10], [24, 18, 1, 17], [2, 15, 3, 16]]"
12a_0480_174,"[[2, 15, 3, 16], [4, 22, 5, 21], [6, 23, 7, 24], [8, 14, 9, 13], [10, 6, 11, 5], [12, 3, 13, 4], [14, 8, 15, 7], [16, 20, 17, 19], [18, 2, 19, 1], [20, 12, 21, 11], [22, 9, 23, 10], [24, 18, 1, 17]]"
12a_0480_175,"[[24, 18, 1, 17], [2, 15, 3, 16], [4, 22, 5, 21], [6, 23, 7, 24], [8, 14, 9, 13], [10, 6, 11, 5], [12, 3, 13, 4], [14, 8, 15, 7], [16, 20, 17, 19], [18, 2, 19, 1], [20, 12, 21, 11], [22, 9, 23, 10]]"
12a_0480_176,"[[22, 9, 23, 10], [24, 18, 1, 17], [2, 15, 3, 16], [4, 22, 5, 21], [6, 23, 7, 24], [8, 14, 9, 13], [10, 6, 11, 5], [12, 3, 13, 4], [14, 8, 15, 7], [16, 20, 17, 19], [18, 2, 19, 1], [20, 12, 21, 11]]"
12a_0480_177,"[[20, 12, 21, 11], [22, 9, 23, 10], [24, 18, 1, 17], [2, 15, 3, 16], [4, 22, 5, 21], [6, 23, 7, 24], [8, 14, 9, 13], [10, 6, 11, 5], [12, 3, 13, 4], [14, 8, 15, 7], [16, 20, 17, 19], [18, 2, 19, 1]]"
12a_0480_178,"[[18, 2, 19, 1], [20, 12, 21, 11], [22, 9, 23, 10], [24, 18, 1, 17], [2, 15, 3, 16], [4, 22, 5, 21], [6, 23, 7, 24], [8, 14, 9, 13], [10, 6, 11, 5], [12, 3, 13, 4], [14, 8, 15, 7], [16, 20, 17, 19]]"
12a_0480_179,"[[16, 20, 17, 19], [18, 2, 19, 1], [20, 12, 21, 11], [22, 9, 23, 10], [24, 18, 1, 17], [2, 15, 3, 16], [4, 22, 5, 21], [6, 23, 7, 24], [8, 14, 9, 13], [10, 6, 11, 5], [12, 3, 13, 4], [14, 8, 15, 7]]"
12a_0480_180,"[[15, 9, 16, 8], [17, 21, 18, 20], [19, 3, 20, 2], [21, 13, 22, 12], [23, 10, 24, 11], [1, 19, 2, 18], [3, 16, 4, 17], [5, 23, 6, 22], [7, 24, 8, 1], [9, 15, 10, 14], [11, 7, 12, 6], [13, 4, 14, 5]]"
12a_0480_181,"[[13, 4, 14, 5], [15, 9, 16, 8], [17, 21, 18, 20], [19, 3, 20, 2], [21, 13, 22, 12], [23, 10, 24, 11], [1, 19, 2, 18], [3, 16, 4, 17], [5, 23, 6, 22], [7, 24, 8, 1], [9, 15, 10, 14], [11, 7, 12, 6]]"
12a_0480_182,"[[11, 7, 12, 6], [13, 4, 14, 5], [15, 9, 16, 8], [17, 21, 18, 20], [19, 3, 20, 2], [21, 13, 22, 12], [23, 10, 24, 11], [1, 19, 2, 18], [3, 16, 4, 17], [5, 23, 6, 22], [7, 24, 8, 1], [9, 15, 10, 14]]"
12a_0480_183,"[[9, 15, 10, 14], [11, 7, 12, 6], [13, 4, 14, 5], [15, 9, 16, 8], [17, 21, 18, 20], [19, 3, 20, 2], [21, 13, 22, 12], [23, 10, 24, 11], [1, 19, 2, 18], [3, 16, 4, 17], [5, 23, 6, 22], [7, 24, 8, 1]]"
12a_0480_184,"[[7, 24, 8, 1], [9, 15, 10, 14], [11, 7, 12, 6], [13, 4, 14, 5], [15, 9, 16, 8], [17, 21, 18, 20], [19, 3, 20, 2], [21, 13, 22, 12], [23, 10, 24, 11], [1, 19, 2, 18], [3, 16, 4, 17], [5, 23, 6, 22]]"
12a_0480_185,"[[5, 23, 6, 22], [7, 24, 8, 1], [9, 15, 10, 14], [11, 7, 12, 6], [13, 4, 14, 5], [15, 9, 16, 8], [17, 21, 18, 20], [19, 3, 20, 2], [21, 13, 22, 12], [23, 10, 24, 11], [1, 19, 2, 18], [3, 16, 4, 17]]"
