name,pd_notation
12a_0527_0,"[[24, 20, 1, 19], [2, 6, 3, 5], [4, 14, 5, 13], [6, 16, 7, 15], [8, 17, 9, 18], [10, 2, 11, 1], [12, 4, 13, 3], [14, 12, 15, 11], [16, 21, 17, 22], [18, 24, 19, 23], [20, 9, 21, 10], [22, 8, 23, 7]]"
12a_0527_1,"[[22, 8, 23, 7], [24, 20, 1, 19], [2, 6, 3, 5], [4, 14, 5, 13], [6, 16, 7, 15], [8, 17, 9, 18], [10, 2, 11, 1], [12, 4, 13, 3], [14, 12, 15, 11], [16, 21, 17, 22], [18, 24, 19, 23], [20, 9, 21, 10]]"
12a_0527_2,"[[20, 9, 21, 10], [22, 8, 23, 7], [24, 20, 1, 19], [2, 6, 3, 5], [4, 14, 5, 13], [6, 16, 7, 15], [8, 17, 9, 18], [10, 2, 11, 1], [12, 4, 13, 3], [14, 12, 15, 11], [16, 21, 17, 22], [18, 24, 19, 23]]"
12a_0527_3,"[[18, 24, 19, 23], [20, 9, 21, 10], [22, 8, 23, 7], [24, 20, 1, 19], [2, 6, 3, 5], [4, 14, 5, 13], [6, 16, 7, 15], [8, 17, 9, 18], [10, 2, 11, 1], [12, 4, 13, 3], [14, 12, 15, 11], [16, 21, 17, 22]]"
12a_0527_4,"[[16, 21, 17, 22], [18, 24, 19, 23], [20, 9, 21, 10], [22, 8, 23, 7], [24, 20, 1, 19], [2, 6, 3, 5], [4, 14, 5, 13], [6, 16, 7, 15], [8, 17, 9, 18], [10, 2, 11, 1], [12, 4, 13, 3], [14, 12, 15, 11]]"
12a_0527_5,"[[14, 12, 15, 11], [16, 21, 17, 22], [18, 24, 19, 23], [20, 9, 21, 10], [22, 8, 23, 7], [24, 20, 1, 19], [2, 6, 3, 5], [4, 14, 5, 13], [6, 16, 7, 15], [8, 17, 9, 18], [10, 2, 11, 1], [12, 4, 13, 3]]"
12a_0527_6,"[[12, 4, 13, 3], [14, 12, 15, 11], [16, 21, 17, 22], [18, 24, 19, 23], [20, 9, 21, 10], [22, 8, 23, 7], [24, 20, 1, 19], [2, 6, 3, 5], [4, 14, 5, 13], [6, 16, 7, 15], [8, 17, 9, 18], [10, 2, 11, 1]]"
12a_0527_7,"[[10, 2, 11, 1], [12, 4, 13, 3], [14, 12, 15, 11], [16, 21, 17, 22], [18, 24, 19, 23], [20, 9, 21, 10], [22, 8, 23, 7], [24, 20, 1, 19], [2, 6, 3, 5], [4, 14, 5, 13], [6, 16, 7, 15], [8, 17, 9, 18]]"
12a_0527_8,"[[8, 17, 9, 18], [10, 2, 11, 1], [12, 4, 13, 3], [14, 12, 15, 11], [16, 21, 17, 22], [18, 24, 19, 23], [20, 9, 21, 10], [22, 8, 23, 7], [24, 20, 1, 19], [2, 6, 3, 5], [4, 14, 5, 13], [6, 16, 7, 15]]"
12a_0527_9,"[[6, 16, 7, 15], [8, 17, 9, 18], [10, 2, 11, 1], [12, 4, 13, 3], [14, 12, 15, 11], [16, 21, 17, 22], [18, 24, 19, 23], [20, 9, 21, 10], [22, 8, 23, 7], [24, 20, 1, 19], [2, 6, 3, 5], [4, 14, 5, 13]]"
12a_0527_10,"[[4, 14, 5, 13], [6, 16, 7, 15], [8, 17, 9, 18], [10, 2, 11, 1], [12, 4, 13, 3], [14, 12, 15, 11], [16, 21, 17, 22], [18, 24, 19, 23], [20, 9, 21, 10], [22, 8, 23, 7], [24, 20, 1, 19], [2, 6, 3, 5]]"
12a_0527_11,"[[2, 6, 3, 5], [4, 14, 5, 13], [6, 16, 7, 15], [8, 17, 9, 18], [10, 2, 11, 1], [12, 4, 13, 3], [14, 12, 15, 11], [16, 21, 17, 22], [18, 24, 19, 23], [20, 9, 21, 10], [22, 8, 23, 7], [24, 20, 1, 19]]"
12a_0527_12,"[[1, 21, 2, 20], [3, 7, 4, 6], [5, 15, 6, 14], [7, 17, 8, 16], [9, 18, 10, 19], [11, 3, 12, 2], [13, 5, 14, 4], [15, 13, 16, 12], [17, 22, 18, 23], [19, 1, 20, 24], [21, 10, 22, 11], [23, 9, 24, 8]]"
12a_0527_13,"[[23, 9, 24, 8], [1, 21, 2, 20], [3, 7, 4, 6], [5, 15, 6, 14], [7, 17, 8, 16], [9, 18, 10, 19], [11, 3, 12, 2], [13, 5, 14, 4], [15, 13, 16, 12], [17, 22, 18, 23], [19, 1, 20, 24], [21, 10, 22, 11]]"
12a_0527_14,"[[21, 10, 22, 11], [23, 9, 24, 8], [1, 21, 2, 20], [3, 7, 4, 6], [5, 15, 6, 14], [7, 17, 8, 16], [9, 18, 10, 19], [11, 3, 12, 2], [13, 5, 14, 4], [15, 13, 16, 12], [17, 22, 18, 23], [19, 1, 20, 24]]"
12a_0527_15,"[[19, 1, 20, 24], [21, 10, 22, 11], [23, 9, 24, 8], [1, 21, 2, 20], [3, 7, 4, 6], [5, 15, 6, 14], [7, 17, 8, 16], [9, 18, 10, 19], [11, 3, 12, 2], [13, 5, 14, 4], [15, 13, 16, 12], [17, 22, 18, 23]]"
12a_0527_16,"[[17, 22, 18, 23], [19, 1, 20, 24], [21, 10, 22, 11], [23, 9, 24, 8], [1, 21, 2, 20], [3, 7, 4, 6], [5, 15, 6, 14], [7, 17, 8, 16], [9, 18, 10, 19], [11, 3, 12, 2], [13, 5, 14, 4], [15, 13, 16, 12]]"
12a_0527_17,"[[15, 13, 16, 12], [17, 22, 18, 23], [19, 1, 20, 24], [21, 10, 22, 11], [23, 9, 24, 8], [1, 21, 2, 20], [3, 7, 4, 6], [5, 15, 6, 14], [7, 17, 8, 16], [9, 18, 10, 19], [11, 3, 12, 2], [13, 5, 14, 4]]"
12a_0527_18,"[[13, 5, 14, 4], [15, 13, 16, 12], [17, 22, 18, 23], [19, 1, 20, 24], [21, 10, 22, 11], [23, 9, 24, 8], [1, 21, 2, 20], [3, 7, 4, 6], [5, 15, 6, 14], [7, 17, 8, 16], [9, 18, 10, 19], [11, 3, 12, 2]]"
12a_0527_19,"[[11, 3, 12, 2], [13, 5, 14, 4], [15, 13, 16, 12], [17, 22, 18, 23], [19, 1, 20, 24], [21, 10, 22, 11], [23, 9, 24, 8], [1, 21, 2, 20], [3, 7, 4, 6], [5, 15, 6, 14], [7, 17, 8, 16], [9, 18, 10, 19]]"
12a_0527_20,"[[9, 18, 10, 19], [11, 3, 12, 2], [13, 5, 14, 4], [15, 13, 16, 12], [17, 22, 18, 23], [19, 1, 20, 24], [21, 10, 22, 11], [23, 9, 24, 8], [1, 21, 2, 20], [3, 7, 4, 6], [5, 15, 6, 14], [7, 17, 8, 16]]"
12a_0527_21,"[[7, 17, 8, 16], [9, 18, 10, 19], [11, 3, 12, 2], [13, 5, 14, 4], [15, 13, 16, 12], [17, 22, 18, 23], [19, 1, 20, 24], [21, 10, 22, 11], [23, 9, 24, 8], [1, 21, 2, 20], [3, 7, 4, 6], [5, 15, 6, 14]]"
12a_0527_22,"[[5, 15, 6, 14], [7, 17, 8, 16], [9, 18, 10, 19], [11, 3, 12, 2], [13, 5, 14, 4], [15, 13, 16, 12], [17, 22, 18, 23], [19, 1, 20, 24], [21, 10, 22, 11], [23, 9, 24, 8], [1, 21, 2, 20], [3, 7, 4, 6]]"
12a_0527_23,"[[3, 7, 4, 6], [5, 15, 6, 14], [7, 17, 8, 16], [9, 18, 10, 19], [11, 3, 12, 2], [13, 5, 14, 4], [15, 13, 16, 12], [17, 22, 18, 23], [19, 1, 20, 24], [21, 10, 22, 11], [23, 9, 24, 8], [1, 21, 2, 20]]"
12a_0527_24,"[[2, 22, 3, 21], [4, 8, 5, 7], [6, 16, 7, 15], [8, 18, 9, 17], [10, 19, 11, 20], [12, 4, 13, 3], [14, 6, 15, 5], [16, 14, 17, 13], [18, 23, 19, 24], [20, 2, 21, 1], [22, 11, 23, 12], [24, 10, 1, 9]]"
12a_0527_25,"[[24, 10, 1, 9], [2, 22, 3, 21], [4, 8, 5, 7], [6, 16, 7, 15], [8, 18, 9, 17], [10, 19, 11, 20], [12, 4, 13, 3], [14, 6, 15, 5], [16, 14, 17, 13], [18, 23, 19, 24], [20, 2, 21, 1], [22, 11, 23, 12]]"
12a_0527_26,"[[22, 11, 23, 12], [24, 10, 1, 9], [2, 22, 3, 21], [4, 8, 5, 7], [6, 16, 7, 15], [8, 18, 9, 17], [10, 19, 11, 20], [12, 4, 13, 3], [14, 6, 15, 5], [16, 14, 17, 13], [18, 23, 19, 24], [20, 2, 21, 1]]"
12a_0527_27,"[[20, 2, 21, 1], [22, 11, 23, 12], [24, 10, 1, 9], [2, 22, 3, 21], [4, 8, 5, 7], [6, 16, 7, 15], [8, 18, 9, 17], [10, 19, 11, 20], [12, 4, 13, 3], [14, 6, 15, 5], [16, 14, 17, 13], [18, 23, 19, 24]]"
12a_0527_28,"[[18, 23, 19, 24], [20, 2, 21, 1], [22, 11, 23, 12], [24, 10, 1, 9], [2, 22, 3, 21], [4, 8, 5, 7], [6, 16, 7, 15], [8, 18, 9, 17], [10, 19, 11, 20], [12, 4, 13, 3], [14, 6, 15, 5], [16, 14, 17, 13]]"
12a_0527_29,"[[16, 14, 17, 13], [18, 23, 19, 24], [20, 2, 21, 1], [22, 11, 23, 12], [24, 10, 1, 9], [2, 22, 3, 21], [4, 8, 5, 7], [6, 16, 7, 15], [8, 18, 9, 17], [10, 19, 11, 20], [12, 4, 13, 3], [14, 6, 15, 5]]"
12a_0527_30,"[[14, 6, 15, 5], [16, 14, 17, 13], [18, 23, 19, 24], [20, 2, 21, 1], [22, 11, 23, 12], [24, 10, 1, 9], [2, 22, 3, 21], [4, 8, 5, 7], [6, 16, 7, 15], [8, 18, 9, 17], [10, 19, 11, 20], [12, 4, 13, 3]]"
12a_0527_31,"[[12, 4, 13, 3], [14, 6, 15, 5], [16, 14, 17, 13], [18, 23, 19, 24], [20, 2, 21, 1], [22, 11, 23, 12], [24, 10, 1, 9], [2, 22, 3, 21], [4, 8, 5, 7], [6, 16, 7, 15], [8, 18, 9, 17], [10, 19, 11, 20]]"
12a_0527_32,"[[10, 19, 11, 20], [12, 4, 13, 3], [14, 6, 15, 5], [16, 14, 17, 13], [18, 23, 19, 24], [20, 2, 21, 1], [22, 11, 23, 12], [24, 10, 1, 9], [2, 22, 3, 21], [4, 8, 5, 7], [6, 16, 7, 15], [8, 18, 9, 17]]"
12a_0527_33,"[[8, 18, 9, 17], [10, 19, 11, 20], [12, 4, 13, 3], [14, 6, 15, 5], [16, 14, 17, 13], [18, 23, 19, 24], [20, 2, 21, 1], [22, 11, 23, 12], [24, 10, 1, 9], [2, 22, 3, 21], [4, 8, 5, 7], [6, 16, 7, 15]]"
12a_0527_34,"[[6, 16, 7, 15], [8, 18, 9, 17], [10, 19, 11, 20], [12, 4, 13, 3], [14, 6, 15, 5], [16, 14, 17, 13], [18, 23, 19, 24], [20, 2, 21, 1], [22, 11, 23, 12], [24, 10, 1, 9], [2, 22, 3, 21], [4, 8, 5, 7]]"
12a_0527_35,"[[4, 8, 5, 7], [6, 16, 7, 15], [8, 18, 9, 17], [10, 19, 11, 20], [12, 4, 13, 3], [14, 6, 15, 5], [16, 14, 17, 13], [18, 23, 19, 24], [20, 2, 21, 1], [22, 11, 23, 12], [24, 10, 1, 9], [2, 22, 3, 21]]"
12a_0527_36,"[[3, 23, 4, 22], [5, 9, 6, 8], [7, 17, 8, 16], [9, 19, 10, 18], [11, 20, 12, 21], [13, 5, 14, 4], [15, 7, 16, 6], [17, 15, 18, 14], [19, 24, 20, 1], [21, 3, 22, 2], [23, 12, 24, 13], [1, 11, 2, 10]]"
12a_0527_37,"[[1, 11, 2, 10], [3, 23, 4, 22], [5, 9, 6, 8], [7, 17, 8, 16], [9, 19, 10, 18], [11, 20, 12, 21], [13, 5, 14, 4], [15, 7, 16, 6], [17, 15, 18, 14], [19, 24, 20, 1], [21, 3, 22, 2], [23, 12, 24, 13]]"
12a_0527_38,"[[23, 12, 24, 13], [1, 11, 2, 10], [3, 23, 4, 22], [5, 9, 6, 8], [7, 17, 8, 16], [9, 19, 10, 18], [11, 20, 12, 21], [13, 5, 14, 4], [15, 7, 16, 6], [17, 15, 18, 14], [19, 24, 20, 1], [21, 3, 22, 2]]"
12a_0527_39,"[[21, 3, 22, 2], [23, 12, 24, 13], [1, 11, 2, 10], [3, 23, 4, 22], [5, 9, 6, 8], [7, 17, 8, 16], [9, 19, 10, 18], [11, 20, 12, 21], [13, 5, 14, 4], [15, 7, 16, 6], [17, 15, 18, 14], [19, 24, 20, 1]]"
12a_0527_40,"[[19, 24, 20, 1], [21, 3, 22, 2], [23, 12, 24, 13], [1, 11, 2, 10], [3, 23, 4, 22], [5, 9, 6, 8], [7, 17, 8, 16], [9, 19, 10, 18], [11, 20, 12, 21], [13, 5, 14, 4], [15, 7, 16, 6], [17, 15, 18, 14]]"
12a_0527_41,"[[17, 15, 18, 14], [19, 24, 20, 1], [21, 3, 22, 2], [23, 12, 24, 13], [1, 11, 2, 10], [3, 23, 4, 22], [5, 9, 6, 8], [7, 17, 8, 16], [9, 19, 10, 18], [11, 20, 12, 21], [13, 5, 14, 4], [15, 7, 16, 6]]"
12a_0527_42,"[[15, 7, 16, 6], [17, 15, 18, 14], [19, 24, 20, 1], [21, 3, 22, 2], [23, 12, 24, 13], [1, 11, 2, 10], [3, 23, 4, 22], [5, 9, 6, 8], [7, 17, 8, 16], [9, 19, 10, 18], [11, 20, 12, 21], [13, 5, 14, 4]]"
12a_0527_43,"[[13, 5, 14, 4], [15, 7, 16, 6], [17, 15, 18, 14], [19, 24, 20, 1], [21, 3, 22, 2], [23, 12, 24, 13], [1, 11, 2, 10], [3, 23, 4, 22], [5, 9, 6, 8], [7, 17, 8, 16], [9, 19, 10, 18], [11, 20, 12, 21]]"
12a_0527_44,"[[11, 20, 12, 21], [13, 5, 14, 4], [15, 7, 16, 6], [17, 15, 18, 14], [19, 24, 20, 1], [21, 3, 22, 2], [23, 12, 24, 13], [1, 11, 2, 10], [3, 23, 4, 22], [5, 9, 6, 8], [7, 17, 8, 16], [9, 19, 10, 18]]"
12a_0527_45,"[[9, 19, 10, 18], [11, 20, 12, 21], [13, 5, 14, 4], [15, 7, 16, 6], [17, 15, 18, 14], [19, 24, 20, 1], [21, 3, 22, 2], [23, 12, 24, 13], [1, 11, 2, 10], [3, 23, 4, 22], [5, 9, 6, 8], [7, 17, 8, 16]]"
12a_0527_46,"[[7, 17, 8, 16], [9, 19, 10, 18], [11, 20, 12, 21], [13, 5, 14, 4], [15, 7, 16, 6], [17, 15, 18, 14], [19, 24, 20, 1], [21, 3, 22, 2], [23, 12, 24, 13], [1, 11, 2, 10], [3, 23, 4, 22], [5, 9, 6, 8]]"
12a_0527_47,"[[5, 9, 6, 8], [7, 17, 8, 16], [9, 19, 10, 18], [11, 20, 12, 21], [13, 5, 14, 4], [15, 7, 16, 6], [17, 15, 18, 14], [19, 24, 20, 1], [21, 3, 22, 2], [23, 12, 24, 13], [1, 11, 2, 10], [3, 23, 4, 22]]"
12a_0527_48,"[[4, 24, 5, 23], [6, 10, 7, 9], [8, 18, 9, 17], [10, 20, 11, 19], [12, 21, 13, 22], [14, 6, 15, 5], [16, 8, 17, 7], [18, 16, 19, 15], [20, 1, 21, 2], [22, 4, 23, 3], [24, 13, 1, 14], [2, 12, 3, 11]]"
12a_0527_49,"[[2, 12, 3, 11], [4, 24, 5, 23], [6, 10, 7, 9], [8, 18, 9, 17], [10, 20, 11, 19], [12, 21, 13, 22], [14, 6, 15, 5], [16, 8, 17, 7], [18, 16, 19, 15], [20, 1, 21, 2], [22, 4, 23, 3], [24, 13, 1, 14]]"
12a_0527_50,"[[24, 13, 1, 14], [2, 12, 3, 11], [4, 24, 5, 23], [6, 10, 7, 9], [8, 18, 9, 17], [10, 20, 11, 19], [12, 21, 13, 22], [14, 6, 15, 5], [16, 8, 17, 7], [18, 16, 19, 15], [20, 1, 21, 2], [22, 4, 23, 3]]"
12a_0527_51,"[[22, 4, 23, 3], [24, 13, 1, 14], [2, 12, 3, 11], [4, 24, 5, 23], [6, 10, 7, 9], [8, 18, 9, 17], [10, 20, 11, 19], [12, 21, 13, 22], [14, 6, 15, 5], [16, 8, 17, 7], [18, 16, 19, 15], [20, 1, 21, 2]]"
12a_0527_52,"[[20, 1, 21, 2], [22, 4, 23, 3], [24, 13, 1, 14], [2, 12, 3, 11], [4, 24, 5, 23], [6, 10, 7, 9], [8, 18, 9, 17], [10, 20, 11, 19], [12, 21, 13, 22], [14, 6, 15, 5], [16, 8, 17, 7], [18, 16, 19, 15]]"
12a_0527_53,"[[18, 16, 19, 15], [20, 1, 21, 2], [22, 4, 23, 3], [24, 13, 1, 14], [2, 12, 3, 11], [4, 24, 5, 23], [6, 10, 7, 9], [8, 18, 9, 17], [10, 20, 11, 19], [12, 21, 13, 22], [14, 6, 15, 5], [16, 8, 17, 7]]"
12a_0527_54,"[[16, 8, 17, 7], [18, 16, 19, 15], [20, 1, 21, 2], [22, 4, 23, 3], [24, 13, 1, 14], [2, 12, 3, 11], [4, 24, 5, 23], [6, 10, 7, 9], [8, 18, 9, 17], [10, 20, 11, 19], [12, 21, 13, 22], [14, 6, 15, 5]]"
12a_0527_55,"[[14, 6, 15, 5], [16, 8, 17, 7], [18, 16, 19, 15], [20, 1, 21, 2], [22, 4, 23, 3], [24, 13, 1, 14], [2, 12, 3, 11], [4, 24, 5, 23], [6, 10, 7, 9], [8, 18, 9, 17], [10, 20, 11, 19], [12, 21, 13, 22]]"
12a_0527_56,"[[12, 21, 13, 22], [14, 6, 15, 5], [16, 8, 17, 7], [18, 16, 19, 15], [20, 1, 21, 2], [22, 4, 23, 3], [24, 13, 1, 14], [2, 12, 3, 11], [4, 24, 5, 23], [6, 10, 7, 9], [8, 18, 9, 17], [10, 20, 11, 19]]"
12a_0527_57,"[[10, 20, 11, 19], [12, 21, 13, 22], [14, 6, 15, 5], [16, 8, 17, 7], [18, 16, 19, 15], [20, 1, 21, 2], [22, 4, 23, 3], [24, 13, 1, 14], [2, 12, 3, 11], [4, 24, 5, 23], [6, 10, 7, 9], [8, 18, 9, 17]]"
12a_0527_58,"[[8, 18, 9, 17], [10, 20, 11, 19], [12, 21, 13, 22], [14, 6, 15, 5], [16, 8, 17, 7], [18, 16, 19, 15], [20, 1, 21, 2], [22, 4, 23, 3], [24, 13, 1, 14], [2, 12, 3, 11], [4, 24, 5, 23], [6, 10, 7, 9]]"
12a_0527_59,"[[6, 10, 7, 9], [8, 18, 9, 17], [10, 20, 11, 19], [12, 21, 13, 22], [14, 6, 15, 5], [16, 8, 17, 7], [18, 16, 19, 15], [20, 1, 21, 2], [22, 4, 23, 3], [24, 13, 1, 14], [2, 12, 3, 11], [4, 24, 5, 23]]"
12a_0527_60,"[[5, 1, 6, 24], [7, 11, 8, 10], [9, 19, 10, 18], [11, 21, 12, 20], [13, 22, 14, 23], [15, 7, 16, 6], [17, 9, 18, 8], [19, 17, 20, 16], [21, 2, 22, 3], [23, 5, 24, 4], [1, 14, 2, 15], [3, 13, 4, 12]]"
12a_0527_61,"[[3, 13, 4, 12], [5, 1, 6, 24], [7, 11, 8, 10], [9, 19, 10, 18], [11, 21, 12, 20], [13, 22, 14, 23], [15, 7, 16, 6], [17, 9, 18, 8], [19, 17, 20, 16], [21, 2, 22, 3], [23, 5, 24, 4], [1, 14, 2, 15]]"
12a_0527_62,"[[1, 14, 2, 15], [3, 13, 4, 12], [5, 1, 6, 24], [7, 11, 8, 10], [9, 19, 10, 18], [11, 21, 12, 20], [13, 22, 14, 23], [15, 7, 16, 6], [17, 9, 18, 8], [19, 17, 20, 16], [21, 2, 22, 3], [23, 5, 24, 4]]"
12a_0527_63,"[[23, 5, 24, 4], [1, 14, 2, 15], [3, 13, 4, 12], [5, 1, 6, 24], [7, 11, 8, 10], [9, 19, 10, 18], [11, 21, 12, 20], [13, 22, 14, 23], [15, 7, 16, 6], [17, 9, 18, 8], [19, 17, 20, 16], [21, 2, 22, 3]]"
12a_0527_64,"[[21, 2, 22, 3], [23, 5, 24, 4], [1, 14, 2, 15], [3, 13, 4, 12], [5, 1, 6, 24], [7, 11, 8, 10], [9, 19, 10, 18], [11, 21, 12, 20], [13, 22, 14, 23], [15, 7, 16, 6], [17, 9, 18, 8], [19, 17, 20, 16]]"
12a_0527_65,"[[19, 17, 20, 16], [21, 2, 22, 3], [23, 5, 24, 4], [1, 14, 2, 15], [3, 13, 4, 12], [5, 1, 6, 24], [7, 11, 8, 10], [9, 19, 10, 18], [11, 21, 12, 20], [13, 22, 14, 23], [15, 7, 16, 6], [17, 9, 18, 8]]"
12a_0527_66,"[[17, 9, 18, 8], [19, 17, 20, 16], [21, 2, 22, 3], [23, 5, 24, 4], [1, 14, 2, 15], [3, 13, 4, 12], [5, 1, 6, 24], [7, 11, 8, 10], [9, 19, 10, 18], [11, 21, 12, 20], [13, 22, 14, 23], [15, 7, 16, 6]]"
12a_0527_67,"[[15, 7, 16, 6], [17, 9, 18, 8], [19, 17, 20, 16], [21, 2, 22, 3], [23, 5, 24, 4], [1, 14, 2, 15], [3, 13, 4, 12], [5, 1, 6, 24], [7, 11, 8, 10], [9, 19, 10, 18], [11, 21, 12, 20], [13, 22, 14, 23]]"
12a_0527_68,"[[13, 22, 14, 23], [15, 7, 16, 6], [17, 9, 18, 8], [19, 17, 20, 16], [21, 2, 22, 3], [23, 5, 24, 4], [1, 14, 2, 15], [3, 13, 4, 12], [5, 1, 6, 24], [7, 11, 8, 10], [9, 19, 10, 18], [11, 21, 12, 20]]"
12a_0527_69,"[[11, 21, 12, 20], [13, 22, 14, 23], [15, 7, 16, 6], [17, 9, 18, 8], [19, 17, 20, 16], [21, 2, 22, 3], [23, 5, 24, 4], [1, 14, 2, 15], [3, 13, 4, 12], [5, 1, 6, 24], [7, 11, 8, 10], [9, 19, 10, 18]]"
12a_0527_70,"[[9, 19, 10, 18], [11, 21, 12, 20], [13, 22, 14, 23], [15, 7, 16, 6], [17, 9, 18, 8], [19, 17, 20, 16], [21, 2, 22, 3], [23, 5, 24, 4], [1, 14, 2, 15], [3, 13, 4, 12], [5, 1, 6, 24], [7, 11, 8, 10]]"
12a_0527_71,"[[7, 11, 8, 10], [9, 19, 10, 18], [11, 21, 12, 20], [13, 22, 14, 23], [15, 7, 16, 6], [17, 9, 18, 8], [19, 17, 20, 16], [21, 2, 22, 3], [23, 5, 24, 4], [1, 14, 2, 15], [3, 13, 4, 12], [5, 1, 6, 24]]"
12a_0527_72,"[[6, 2, 7, 1], [8, 12, 9, 11], [10, 20, 11, 19], [12, 22, 13, 21], [14, 23, 15, 24], [16, 8, 17, 7], [18, 10, 19, 9], [20, 18, 21, 17], [22, 3, 23, 4], [24, 6, 1, 5], [2, 15, 3, 16], [4, 14, 5, 13]]"
12a_0527_73,"[[4, 14, 5, 13], [6, 2, 7, 1], [8, 12, 9, 11], [10, 20, 11, 19], [12, 22, 13, 21], [14, 23, 15, 24], [16, 8, 17, 7], [18, 10, 19, 9], [20, 18, 21, 17], [22, 3, 23, 4], [24, 6, 1, 5], [2, 15, 3, 16]]"
12a_0527_74,"[[2, 15, 3, 16], [4, 14, 5, 13], [6, 2, 7, 1], [8, 12, 9, 11], [10, 20, 11, 19], [12, 22, 13, 21], [14, 23, 15, 24], [16, 8, 17, 7], [18, 10, 19, 9], [20, 18, 21, 17], [22, 3, 23, 4], [24, 6, 1, 5]]"
12a_0527_75,"[[24, 6, 1, 5], [2, 15, 3, 16], [4, 14, 5, 13], [6, 2, 7, 1], [8, 12, 9, 11], [10, 20, 11, 19], [12, 22, 13, 21], [14, 23, 15, 24], [16, 8, 17, 7], [18, 10, 19, 9], [20, 18, 21, 17], [22, 3, 23, 4]]"
12a_0527_76,"[[22, 3, 23, 4], [24, 6, 1, 5], [2, 15, 3, 16], [4, 14, 5, 13], [6, 2, 7, 1], [8, 12, 9, 11], [10, 20, 11, 19], [12, 22, 13, 21], [14, 23, 15, 24], [16, 8, 17, 7], [18, 10, 19, 9], [20, 18, 21, 17]]"
12a_0527_77,"[[20, 18, 21, 17], [22, 3, 23, 4], [24, 6, 1, 5], [2, 15, 3, 16], [4, 14, 5, 13], [6, 2, 7, 1], [8, 12, 9, 11], [10, 20, 11, 19], [12, 22, 13, 21], [14, 23, 15, 24], [16, 8, 17, 7], [18, 10, 19, 9]]"
12a_0527_78,"[[18, 10, 19, 9], [20, 18, 21, 17], [22, 3, 23, 4], [24, 6, 1, 5], [2, 15, 3, 16], [4, 14, 5, 13], [6, 2, 7, 1], [8, 12, 9, 11], [10, 20, 11, 19], [12, 22, 13, 21], [14, 23, 15, 24], [16, 8, 17, 7]]"
12a_0527_79,"[[16, 8, 17, 7], [18, 10, 19, 9], [20, 18, 21, 17], [22, 3, 23, 4], [24, 6, 1, 5], [2, 15, 3, 16], [4, 14, 5, 13], [6, 2, 7, 1], [8, 12, 9, 11], [10, 20, 11, 19], [12, 22, 13, 21], [14, 23, 15, 24]]"
12a_0527_80,"[[14, 23, 15, 24], [16, 8, 17, 7], [18, 10, 19, 9], [20, 18, 21, 17], [22, 3, 23, 4], [24, 6, 1, 5], [2, 15, 3, 16], [4, 14, 5, 13], [6, 2, 7, 1], [8, 12, 9, 11], [10, 20, 11, 19], [12, 22, 13, 21]]"
12a_0527_81,"[[12, 22, 13, 21], [14, 23, 15, 24], [16, 8, 17, 7], [18, 10, 19, 9], [20, 18, 21, 17], [22, 3, 23, 4], [24, 6, 1, 5], [2, 15, 3, 16], [4, 14, 5, 13], [6, 2, 7, 1], [8, 12, 9, 11], [10, 20, 11, 19]]"
12a_0527_82,"[[10, 20, 11, 19], [12, 22, 13, 21], [14, 23, 15, 24], [16, 8, 17, 7], [18, 10, 19, 9], [20, 18, 21, 17], [22, 3, 23, 4], [24, 6, 1, 5], [2, 15, 3, 16], [4, 14, 5, 13], [6, 2, 7, 1], [8, 12, 9, 11]]"
12a_0527_83,"[[8, 12, 9, 11], [10, 20, 11, 19], [12, 22, 13, 21], [14, 23, 15, 24], [16, 8, 17, 7], [18, 10, 19, 9], [20, 18, 21, 17], [22, 3, 23, 4], [24, 6, 1, 5], [2, 15, 3, 16], [4, 14, 5, 13], [6, 2, 7, 1]]"
12a_0527_84,"[[7, 3, 8, 2], [9, 13, 10, 12], [11, 21, 12, 20], [13, 23, 14, 22], [15, 24, 16, 1], [17, 9, 18, 8], [19, 11, 20, 10], [21, 19, 22, 18], [23, 4, 24, 5], [1, 7, 2, 6], [3, 16, 4, 17], [5, 15, 6, 14]]"
12a_0527_85,"[[5, 15, 6, 14], [7, 3, 8, 2], [9, 13, 10, 12], [11, 21, 12, 20], [13, 23, 14, 22], [15, 24, 16, 1], [17, 9, 18, 8], [19, 11, 20, 10], [21, 19, 22, 18], [23, 4, 24, 5], [1, 7, 2, 6], [3, 16, 4, 17]]"
12a_0527_86,"[[3, 16, 4, 17], [5, 15, 6, 14], [7, 3, 8, 2], [9, 13, 10, 12], [11, 21, 12, 20], [13, 23, 14, 22], [15, 24, 16, 1], [17, 9, 18, 8], [19, 11, 20, 10], [21, 19, 22, 18], [23, 4, 24, 5], [1, 7, 2, 6]]"
12a_0527_87,"[[1, 7, 2, 6], [3, 16, 4, 17], [5, 15, 6, 14], [7, 3, 8, 2], [9, 13, 10, 12], [11, 21, 12, 20], [13, 23, 14, 22], [15, 24, 16, 1], [17, 9, 18, 8], [19, 11, 20, 10], [21, 19, 22, 18], [23, 4, 24, 5]]"
12a_0527_88,"[[23, 4, 24, 5], [1, 7, 2, 6], [3, 16, 4, 17], [5, 15, 6, 14], [7, 3, 8, 2], [9, 13, 10, 12], [11, 21, 12, 20], [13, 23, 14, 22], [15, 24, 16, 1], [17, 9, 18, 8], [19, 11, 20, 10], [21, 19, 22, 18]]"
12a_0527_89,"[[21, 19, 22, 18], [23, 4, 24, 5], [1, 7, 2, 6], [3, 16, 4, 17], [5, 15, 6, 14], [7, 3, 8, 2], [9, 13, 10, 12], [11, 21, 12, 20], [13, 23, 14, 22], [15, 24, 16, 1], [17, 9, 18, 8], [19, 11, 20, 10]]"
12a_0527_90,"[[19, 11, 20, 10], [21, 19, 22, 18], [23, 4, 24, 5], [1, 7, 2, 6], [3, 16, 4, 17], [5, 15, 6, 14], [7, 3, 8, 2], [9, 13, 10, 12], [11, 21, 12, 20], [13, 23, 14, 22], [15, 24, 16, 1], [17, 9, 18, 8]]"
12a_0527_91,"[[17, 9, 18, 8], [19, 11, 20, 10], [21, 19, 22, 18], [23, 4, 24, 5], [1, 7, 2, 6], [3, 16, 4, 17], [5, 15, 6, 14], [7, 3, 8, 2], [9, 13, 10, 12], [11, 21, 12, 20], [13, 23, 14, 22], [15, 24, 16, 1]]"
12a_0527_92,"[[15, 24, 16, 1], [17, 9, 18, 8], [19, 11, 20, 10], [21, 19, 22, 18], [23, 4, 24, 5], [1, 7, 2, 6], [3, 16, 4, 17], [5, 15, 6, 14], [7, 3, 8, 2], [9, 13, 10, 12], [11, 21, 12, 20], [13, 23, 14, 22]]"
12a_0527_93,"[[13, 23, 14, 22], [15, 24, 16, 1], [17, 9, 18, 8], [19, 11, 20, 10], [21, 19, 22, 18], [23, 4, 24, 5], [1, 7, 2, 6], [3, 16, 4, 17], [5, 15, 6, 14], [7, 3, 8, 2], [9, 13, 10, 12], [11, 21, 12, 20]]"
12a_0527_94,"[[11, 21, 12, 20], [13, 23, 14, 22], [15, 24, 16, 1], [17, 9, 18, 8], [19, 11, 20, 10], [21, 19, 22, 18], [23, 4, 24, 5], [1, 7, 2, 6], [3, 16, 4, 17], [5, 15, 6, 14], [7, 3, 8, 2], [9, 13, 10, 12]]"
12a_0527_95,"[[9, 13, 10, 12], [11, 21, 12, 20], [13, 23, 14, 22], [15, 24, 16, 1], [17, 9, 18, 8], [19, 11, 20, 10], [21, 19, 22, 18], [23, 4, 24, 5], [1, 7, 2, 6], [3, 16, 4, 17], [5, 15, 6, 14], [7, 3, 8, 2]]"
12a_0527_96,"[[8, 4, 9, 3], [10, 14, 11, 13], [12, 22, 13, 21], [14, 24, 15, 23], [16, 1, 17, 2], [18, 10, 19, 9], [20, 12, 21, 11], [22, 20, 23, 19], [24, 5, 1, 6], [2, 8, 3, 7], [4, 17, 5, 18], [6, 16, 7, 15]]"
12a_0527_97,"[[6, 16, 7, 15], [8, 4, 9, 3], [10, 14, 11, 13], [12, 22, 13, 21], [14, 24, 15, 23], [16, 1, 17, 2], [18, 10, 19, 9], [20, 12, 21, 11], [22, 20, 23, 19], [24, 5, 1, 6], [2, 8, 3, 7], [4, 17, 5, 18]]"
12a_0527_98,"[[4, 17, 5, 18], [6, 16, 7, 15], [8, 4, 9, 3], [10, 14, 11, 13], [12, 22, 13, 21], [14, 24, 15, 23], [16, 1, 17, 2], [18, 10, 19, 9], [20, 12, 21, 11], [22, 20, 23, 19], [24, 5, 1, 6], [2, 8, 3, 7]]"
12a_0527_99,"[[2, 8, 3, 7], [4, 17, 5, 18], [6, 16, 7, 15], [8, 4, 9, 3], [10, 14, 11, 13], [12, 22, 13, 21], [14, 24, 15, 23], [16, 1, 17, 2], [18, 10, 19, 9], [20, 12, 21, 11], [22, 20, 23, 19], [24, 5, 1, 6]]"
12a_0527_100,"[[24, 5, 1, 6], [2, 8, 3, 7], [4, 17, 5, 18], [6, 16, 7, 15], [8, 4, 9, 3], [10, 14, 11, 13], [12, 22, 13, 21], [14, 24, 15, 23], [16, 1, 17, 2], [18, 10, 19, 9], [20, 12, 21, 11], [22, 20, 23, 19]]"
12a_0527_101,"[[22, 20, 23, 19], [24, 5, 1, 6], [2, 8, 3, 7], [4, 17, 5, 18], [6, 16, 7, 15], [8, 4, 9, 3], [10, 14, 11, 13], [12, 22, 13, 21], [14, 24, 15, 23], [16, 1, 17, 2], [18, 10, 19, 9], [20, 12, 21, 11]]"
12a_0527_102,"[[20, 12, 21, 11], [22, 20, 23, 19], [24, 5, 1, 6], [2, 8, 3, 7], [4, 17, 5, 18], [6, 16, 7, 15], [8, 4, 9, 3], [10, 14, 11, 13], [12, 22, 13, 21], [14, 24, 15, 23], [16, 1, 17, 2], [18, 10, 19, 9]]"
12a_0527_103,"[[18, 10, 19, 9], [20, 12, 21, 11], [22, 20, 23, 19], [24, 5, 1, 6], [2, 8, 3, 7], [4, 17, 5, 18], [6, 16, 7, 15], [8, 4, 9, 3], [10, 14, 11, 13], [12, 22, 13, 21], [14, 24, 15, 23], [16, 1, 17, 2]]"
12a_0527_104,"[[16, 1, 17, 2], [18, 10, 19, 9], [20, 12, 21, 11], [22, 20, 23, 19], [24, 5, 1, 6], [2, 8, 3, 7], [4, 17, 5, 18], [6, 16, 7, 15], [8, 4, 9, 3], [10, 14, 11, 13], [12, 22, 13, 21], [14, 24, 15, 23]]"
12a_0527_105,"[[14, 24, 15, 23], [16, 1, 17, 2], [18, 10, 19, 9], [20, 12, 21, 11], [22, 20, 23, 19], [24, 5, 1, 6], [2, 8, 3, 7], [4, 17, 5, 18], [6, 16, 7, 15], [8, 4, 9, 3], [10, 14, 11, 13], [12, 22, 13, 21]]"
12a_0527_106,"[[12, 22, 13, 21], [14, 24, 15, 23], [16, 1, 17, 2], [18, 10, 19, 9], [20, 12, 21, 11], [22, 20, 23, 19], [24, 5, 1, 6], [2, 8, 3, 7], [4, 17, 5, 18], [6, 16, 7, 15], [8, 4, 9, 3], [10, 14, 11, 13]]"
12a_0527_107,"[[10, 14, 11, 13], [12, 22, 13, 21], [14, 24, 15, 23], [16, 1, 17, 2], [18, 10, 19, 9], [20, 12, 21, 11], [22, 20, 23, 19], [24, 5, 1, 6], [2, 8, 3, 7], [4, 17, 5, 18], [6, 16, 7, 15], [8, 4, 9, 3]]"
12a_0527_108,"[[9, 5, 10, 4], [11, 15, 12, 14], [13, 23, 14, 22], [15, 1, 16, 24], [17, 2, 18, 3], [19, 11, 20, 10], [21, 13, 22, 12], [23, 21, 24, 20], [1, 6, 2, 7], [3, 9, 4, 8], [5, 18, 6, 19], [7, 17, 8, 16]]"
12a_0527_109,"[[7, 17, 8, 16], [9, 5, 10, 4], [11, 15, 12, 14], [13, 23, 14, 22], [15, 1, 16, 24], [17, 2, 18, 3], [19, 11, 20, 10], [21, 13, 22, 12], [23, 21, 24, 20], [1, 6, 2, 7], [3, 9, 4, 8], [5, 18, 6, 19]]"
12a_0527_110,"[[5, 18, 6, 19], [7, 17, 8, 16], [9, 5, 10, 4], [11, 15, 12, 14], [13, 23, 14, 22], [15, 1, 16, 24], [17, 2, 18, 3], [19, 11, 20, 10], [21, 13, 22, 12], [23, 21, 24, 20], [1, 6, 2, 7], [3, 9, 4, 8]]"
12a_0527_111,"[[3, 9, 4, 8], [5, 18, 6, 19], [7, 17, 8, 16], [9, 5, 10, 4], [11, 15, 12, 14], [13, 23, 14, 22], [15, 1, 16, 24], [17, 2, 18, 3], [19, 11, 20, 10], [21, 13, 22, 12], [23, 21, 24, 20], [1, 6, 2, 7]]"
12a_0527_112,"[[1, 6, 2, 7], [3, 9, 4, 8], [5, 18, 6, 19], [7, 17, 8, 16], [9, 5, 10, 4], [11, 15, 12, 14], [13, 23, 14, 22], [15, 1, 16, 24], [17, 2, 18, 3], [19, 11, 20, 10], [21, 13, 22, 12], [23, 21, 24, 20]]"
12a_0527_113,"[[23, 21, 24, 20], [1, 6, 2, 7], [3, 9, 4, 8], [5, 18, 6, 19], [7, 17, 8, 16], [9, 5, 10, 4], [11, 15, 12, 14], [13, 23, 14, 22], [15, 1, 16, 24], [17, 2, 18, 3], [19, 11, 20, 10], [21, 13, 22, 12]]"
12a_0527_114,"[[21, 13, 22, 12], [23, 21, 24, 20], [1, 6, 2, 7], [3, 9, 4, 8], [5, 18, 6, 19], [7, 17, 8, 16], [9, 5, 10, 4], [11, 15, 12, 14], [13, 23, 14, 22], [15, 1, 16, 24], [17, 2, 18, 3], [19, 11, 20, 10]]"
12a_0527_115,"[[19, 11, 20, 10], [21, 13, 22, 12], [23, 21, 24, 20], [1, 6, 2, 7], [3, 9, 4, 8], [5, 18, 6, 19], [7, 17, 8, 16], [9, 5, 10, 4], [11, 15, 12, 14], [13, 23, 14, 22], [15, 1, 16, 24], [17, 2, 18, 3]]"
12a_0527_116,"[[17, 2, 18, 3], [19, 11, 20, 10], [21, 13, 22, 12], [23, 21, 24, 20], [1, 6, 2, 7], [3, 9, 4, 8], [5, 18, 6, 19], [7, 17, 8, 16], [9, 5, 10, 4], [11, 15, 12, 14], [13, 23, 14, 22], [15, 1, 16, 24]]"
12a_0527_117,"[[15, 1, 16, 24], [17, 2, 18, 3], [19, 11, 20, 10], [21, 13, 22, 12], [23, 21, 24, 20], [1, 6, 2, 7], [3, 9, 4, 8], [5, 18, 6, 19], [7, 17, 8, 16], [9, 5, 10, 4], [11, 15, 12, 14], [13, 23, 14, 22]]"
12a_0527_118,"[[13, 23, 14, 22], [15, 1, 16, 24], [17, 2, 18, 3], [19, 11, 20, 10], [21, 13, 22, 12], [23, 21, 24, 20], [1, 6, 2, 7], [3, 9, 4, 8], [5, 18, 6, 19], [7, 17, 8, 16], [9, 5, 10, 4], [11, 15, 12, 14]]"
12a_0527_119,"[[11, 15, 12, 14], [13, 23, 14, 22], [15, 1, 16, 24], [17, 2, 18, 3], [19, 11, 20, 10], [21, 13, 22, 12], [23, 21, 24, 20], [1, 6, 2, 7], [3, 9, 4, 8], [5, 18, 6, 19], [7, 17, 8, 16], [9, 5, 10, 4]]"
12a_0527_120,"[[10, 6, 11, 5], [12, 16, 13, 15], [14, 24, 15, 23], [16, 2, 17, 1], [18, 3, 19, 4], [20, 12, 21, 11], [22, 14, 23, 13], [24, 22, 1, 21], [2, 7, 3, 8], [4, 10, 5, 9], [6, 19, 7, 20], [8, 18, 9, 17]]"
12a_0527_121,"[[8, 18, 9, 17], [10, 6, 11, 5], [12, 16, 13, 15], [14, 24, 15, 23], [16, 2, 17, 1], [18, 3, 19, 4], [20, 12, 21, 11], [22, 14, 23, 13], [24, 22, 1, 21], [2, 7, 3, 8], [4, 10, 5, 9], [6, 19, 7, 20]]"
12a_0527_122,"[[6, 19, 7, 20], [8, 18, 9, 17], [10, 6, 11, 5], [12, 16, 13, 15], [14, 24, 15, 23], [16, 2, 17, 1], [18, 3, 19, 4], [20, 12, 21, 11], [22, 14, 23, 13], [24, 22, 1, 21], [2, 7, 3, 8], [4, 10, 5, 9]]"
12a_0527_123,"[[4, 10, 5, 9], [6, 19, 7, 20], [8, 18, 9, 17], [10, 6, 11, 5], [12, 16, 13, 15], [14, 24, 15, 23], [16, 2, 17, 1], [18, 3, 19, 4], [20, 12, 21, 11], [22, 14, 23, 13], [24, 22, 1, 21], [2, 7, 3, 8]]"
12a_0527_124,"[[2, 7, 3, 8], [4, 10, 5, 9], [6, 19, 7, 20], [8, 18, 9, 17], [10, 6, 11, 5], [12, 16, 13, 15], [14, 24, 15, 23], [16, 2, 17, 1], [18, 3, 19, 4], [20, 12, 21, 11], [22, 14, 23, 13], [24, 22, 1, 21]]"
12a_0527_125,"[[24, 22, 1, 21], [2, 7, 3, 8], [4, 10, 5, 9], [6, 19, 7, 20], [8, 18, 9, 17], [10, 6, 11, 5], [12, 16, 13, 15], [14, 24, 15, 23], [16, 2, 17, 1], [18, 3, 19, 4], [20, 12, 21, 11], [22, 14, 23, 13]]"
12a_0527_126,"[[22, 14, 23, 13], [24, 22, 1, 21], [2, 7, 3, 8], [4, 10, 5, 9], [6, 19, 7, 20], [8, 18, 9, 17], [10, 6, 11, 5], [12, 16, 13, 15], [14, 24, 15, 23], [16, 2, 17, 1], [18, 3, 19, 4], [20, 12, 21, 11]]"
12a_0527_127,"[[20, 12, 21, 11], [22, 14, 23, 13], [24, 22, 1, 21], [2, 7, 3, 8], [4, 10, 5, 9], [6, 19, 7, 20], [8, 18, 9, 17], [10, 6, 11, 5], [12, 16, 13, 15], [14, 24, 15, 23], [16, 2, 17, 1], [18, 3, 19, 4]]"
12a_0527_128,"[[18, 3, 19, 4], [20, 12, 21, 11], [22, 14, 23, 13], [24, 22, 1, 21], [2, 7, 3, 8], [4, 10, 5, 9], [6, 19, 7, 20], [8, 18, 9, 17], [10, 6, 11, 5], [12, 16, 13, 15], [14, 24, 15, 23], [16, 2, 17, 1]]"
12a_0527_129,"[[16, 2, 17, 1], [18, 3, 19, 4], [20, 12, 21, 11], [22, 14, 23, 13], [24, 22, 1, 21], [2, 7, 3, 8], [4, 10, 5, 9], [6, 19, 7, 20], [8, 18, 9, 17], [10, 6, 11, 5], [12, 16, 13, 15], [14, 24, 15, 23]]"
12a_0527_130,"[[14, 24, 15, 23], [16, 2, 17, 1], [18, 3, 19, 4], [20, 12, 21, 11], [22, 14, 23, 13], [24, 22, 1, 21], [2, 7, 3, 8], [4, 10, 5, 9], [6, 19, 7, 20], [8, 18, 9, 17], [10, 6, 11, 5], [12, 16, 13, 15]]"
12a_0527_131,"[[12, 16, 13, 15], [14, 24, 15, 23], [16, 2, 17, 1], [18, 3, 19, 4], [20, 12, 21, 11], [22, 14, 23, 13], [24, 22, 1, 21], [2, 7, 3, 8], [4, 10, 5, 9], [6, 19, 7, 20], [8, 18, 9, 17], [10, 6, 11, 5]]"
12a_0527_132,"[[11, 7, 12, 6], [13, 17, 14, 16], [15, 1, 16, 24], [17, 3, 18, 2], [19, 4, 20, 5], [21, 13, 22, 12], [23, 15, 24, 14], [1, 23, 2, 22], [3, 8, 4, 9], [5, 11, 6, 10], [7, 20, 8, 21], [9, 19, 10, 18]]"
12a_0527_133,"[[9, 19, 10, 18], [11, 7, 12, 6], [13, 17, 14, 16], [15, 1, 16, 24], [17, 3, 18, 2], [19, 4, 20, 5], [21, 13, 22, 12], [23, 15, 24, 14], [1, 23, 2, 22], [3, 8, 4, 9], [5, 11, 6, 10], [7, 20, 8, 21]]"
12a_0527_134,"[[7, 20, 8, 21], [9, 19, 10, 18], [11, 7, 12, 6], [13, 17, 14, 16], [15, 1, 16, 24], [17, 3, 18, 2], [19, 4, 20, 5], [21, 13, 22, 12], [23, 15, 24, 14], [1, 23, 2, 22], [3, 8, 4, 9], [5, 11, 6, 10]]"
12a_0527_135,"[[5, 11, 6, 10], [7, 20, 8, 21], [9, 19, 10, 18], [11, 7, 12, 6], [13, 17, 14, 16], [15, 1, 16, 24], [17, 3, 18, 2], [19, 4, 20, 5], [21, 13, 22, 12], [23, 15, 24, 14], [1, 23, 2, 22], [3, 8, 4, 9]]"
12a_0527_136,"[[3, 8, 4, 9], [5, 11, 6, 10], [7, 20, 8, 21], [9, 19, 10, 18], [11, 7, 12, 6], [13, 17, 14, 16], [15, 1, 16, 24], [17, 3, 18, 2], [19, 4, 20, 5], [21, 13, 22, 12], [23, 15, 24, 14], [1, 23, 2, 22]]"
12a_0527_137,"[[1, 23, 2, 22], [3, 8, 4, 9], [5, 11, 6, 10], [7, 20, 8, 21], [9, 19, 10, 18], [11, 7, 12, 6], [13, 17, 14, 16], [15, 1, 16, 24], [17, 3, 18, 2], [19, 4, 20, 5], [21, 13, 22, 12], [23, 15, 24, 14]]"
12a_0527_138,"[[23, 15, 24, 14], [1, 23, 2, 22], [3, 8, 4, 9], [5, 11, 6, 10], [7, 20, 8, 21], [9, 19, 10, 18], [11, 7, 12, 6], [13, 17, 14, 16], [15, 1, 16, 24], [17, 3, 18, 2], [19, 4, 20, 5], [21, 13, 22, 12]]"
12a_0527_139,"[[21, 13, 22, 12], [23, 15, 24, 14], [1, 23, 2, 22], [3, 8, 4, 9], [5, 11, 6, 10], [7, 20, 8, 21], [9, 19, 10, 18], [11, 7, 12, 6], [13, 17, 14, 16], [15, 1, 16, 24], [17, 3, 18, 2], [19, 4, 20, 5]]"
12a_0527_140,"[[19, 4, 20, 5], [21, 13, 22, 12], [23, 15, 24, 14], [1, 23, 2, 22], [3, 8, 4, 9], [5, 11, 6, 10], [7, 20, 8, 21], [9, 19, 10, 18], [11, 7, 12, 6], [13, 17, 14, 16], [15, 1, 16, 24], [17, 3, 18, 2]]"
12a_0527_141,"[[17, 3, 18, 2], [19, 4, 20, 5], [21, 13, 22, 12], [23, 15, 24, 14], [1, 23, 2, 22], [3, 8, 4, 9], [5, 11, 6, 10], [7, 20, 8, 21], [9, 19, 10, 18], [11, 7, 12, 6], [13, 17, 14, 16], [15, 1, 16, 24]]"
12a_0527_142,"[[15, 1, 16, 24], [17, 3, 18, 2], [19, 4, 20, 5], [21, 13, 22, 12], [23, 15, 24, 14], [1, 23, 2, 22], [3, 8, 4, 9], [5, 11, 6, 10], [7, 20, 8, 21], [9, 19, 10, 18], [11, 7, 12, 6], [13, 17, 14, 16]]"
12a_0527_143,"[[13, 17, 14, 16], [15, 1, 16, 24], [17, 3, 18, 2], [19, 4, 20, 5], [21, 13, 22, 12], [23, 15, 24, 14], [1, 23, 2, 22], [3, 8, 4, 9], [5, 11, 6, 10], [7, 20, 8, 21], [9, 19, 10, 18], [11, 7, 12, 6]]"
12a_0527_144,"[[12, 8, 13, 7], [14, 18, 15, 17], [16, 2, 17, 1], [18, 4, 19, 3], [20, 5, 21, 6], [22, 14, 23, 13], [24, 16, 1, 15], [2, 24, 3, 23], [4, 9, 5, 10], [6, 12, 7, 11], [8, 21, 9, 22], [10, 20, 11, 19]]"
12a_0527_145,"[[10, 20, 11, 19], [12, 8, 13, 7], [14, 18, 15, 17], [16, 2, 17, 1], [18, 4, 19, 3], [20, 5, 21, 6], [22, 14, 23, 13], [24, 16, 1, 15], [2, 24, 3, 23], [4, 9, 5, 10], [6, 12, 7, 11], [8, 21, 9, 22]]"
12a_0527_146,"[[8, 21, 9, 22], [10, 20, 11, 19], [12, 8, 13, 7], [14, 18, 15, 17], [16, 2, 17, 1], [18, 4, 19, 3], [20, 5, 21, 6], [22, 14, 23, 13], [24, 16, 1, 15], [2, 24, 3, 23], [4, 9, 5, 10], [6, 12, 7, 11]]"
12a_0527_147,"[[6, 12, 7, 11], [8, 21, 9, 22], [10, 20, 11, 19], [12, 8, 13, 7], [14, 18, 15, 17], [16, 2, 17, 1], [18, 4, 19, 3], [20, 5, 21, 6], [22, 14, 23, 13], [24, 16, 1, 15], [2, 24, 3, 23], [4, 9, 5, 10]]"
12a_0527_148,"[[4, 9, 5, 10], [6, 12, 7, 11], [8, 21, 9, 22], [10, 20, 11, 19], [12, 8, 13, 7], [14, 18, 15, 17], [16, 2, 17, 1], [18, 4, 19, 3], [20, 5, 21, 6], [22, 14, 23, 13], [24, 16, 1, 15], [2, 24, 3, 23]]"
12a_0527_149,"[[2, 24, 3, 23], [4, 9, 5, 10], [6, 12, 7, 11], [8, 21, 9, 22], [10, 20, 11, 19], [12, 8, 13, 7], [14, 18, 15, 17], [16, 2, 17, 1], [18, 4, 19, 3], [20, 5, 21, 6], [22, 14, 23, 13], [24, 16, 1, 15]]"
12a_0527_150,"[[24, 16, 1, 15], [2, 24, 3, 23], [4, 9, 5, 10], [6, 12, 7, 11], [8, 21, 9, 22], [10, 20, 11, 19], [12, 8, 13, 7], [14, 18, 15, 17], [16, 2, 17, 1], [18, 4, 19, 3], [20, 5, 21, 6], [22, 14, 23, 13]]"
12a_0527_151,"[[22, 14, 23, 13], [24, 16, 1, 15], [2, 24, 3, 23], [4, 9, 5, 10], [6, 12, 7, 11], [8, 21, 9, 22], [10, 20, 11, 19], [12, 8, 13, 7], [14, 18, 15, 17], [16, 2, 17, 1], [18, 4, 19, 3], [20, 5, 21, 6]]"
12a_0527_152,"[[20, 5, 21, 6], [22, 14, 23, 13], [24, 16, 1, 15], [2, 24, 3, 23], [4, 9, 5, 10], [6, 12, 7, 11], [8, 21, 9, 22], [10, 20, 11, 19], [12, 8, 13, 7], [14, 18, 15, 17], [16, 2, 17, 1], [18, 4, 19, 3]]"
12a_0527_153,"[[18, 4, 19, 3], [20, 5, 21, 6], [22, 14, 23, 13], [24, 16, 1, 15], [2, 24, 3, 23], [4, 9, 5, 10], [6, 12, 7, 11], [8, 21, 9, 22], [10, 20, 11, 19], [12, 8, 13, 7], [14, 18, 15, 17], [16, 2, 17, 1]]"
12a_0527_154,"[[16, 2, 17, 1], [18, 4, 19, 3], [20, 5, 21, 6], [22, 14, 23, 13], [24, 16, 1, 15], [2, 24, 3, 23], [4, 9, 5, 10], [6, 12, 7, 11], [8, 21, 9, 22], [10, 20, 11, 19], [12, 8, 13, 7], [14, 18, 15, 17]]"
12a_0527_155,"[[14, 18, 15, 17], [16, 2, 17, 1], [18, 4, 19, 3], [20, 5, 21, 6], [22, 14, 23, 13], [24, 16, 1, 15], [2, 24, 3, 23], [4, 9, 5, 10], [6, 12, 7, 11], [8, 21, 9, 22], [10, 20, 11, 19], [12, 8, 13, 7]]"
12a_0527_156,"[[13, 9, 14, 8], [15, 19, 16, 18], [17, 3, 18, 2], [19, 5, 20, 4], [21, 6, 22, 7], [23, 15, 24, 14], [1, 17, 2, 16], [3, 1, 4, 24], [5, 10, 6, 11], [7, 13, 8, 12], [9, 22, 10, 23], [11, 21, 12, 20]]"
12a_0527_157,"[[11, 21, 12, 20], [13, 9, 14, 8], [15, 19, 16, 18], [17, 3, 18, 2], [19, 5, 20, 4], [21, 6, 22, 7], [23, 15, 24, 14], [1, 17, 2, 16], [3, 1, 4, 24], [5, 10, 6, 11], [7, 13, 8, 12], [9, 22, 10, 23]]"
12a_0527_158,"[[9, 22, 10, 23], [11, 21, 12, 20], [13, 9, 14, 8], [15, 19, 16, 18], [17, 3, 18, 2], [19, 5, 20, 4], [21, 6, 22, 7], [23, 15, 24, 14], [1, 17, 2, 16], [3, 1, 4, 24], [5, 10, 6, 11], [7, 13, 8, 12]]"
12a_0527_159,"[[7, 13, 8, 12], [9, 22, 10, 23], [11, 21, 12, 20], [13, 9, 14, 8], [15, 19, 16, 18], [17, 3, 18, 2], [19, 5, 20, 4], [21, 6, 22, 7], [23, 15, 24, 14], [1, 17, 2, 16], [3, 1, 4, 24], [5, 10, 6, 11]]"
12a_0527_160,"[[5, 10, 6, 11], [7, 13, 8, 12], [9, 22, 10, 23], [11, 21, 12, 20], [13, 9, 14, 8], [15, 19, 16, 18], [17, 3, 18, 2], [19, 5, 20, 4], [21, 6, 22, 7], [23, 15, 24, 14], [1, 17, 2, 16], [3, 1, 4, 24]]"
12a_0527_161,"[[3, 1, 4, 24], [5, 10, 6, 11], [7, 13, 8, 12], [9, 22, 10, 23], [11, 21, 12, 20], [13, 9, 14, 8], [15, 19, 16, 18], [17, 3, 18, 2], [19, 5, 20, 4], [21, 6, 22, 7], [23, 15, 24, 14], [1, 17, 2, 16]]"
12a_0527_162,"[[1, 17, 2, 16], [3, 1, 4, 24], [5, 10, 6, 11], [7, 13, 8, 12], [9, 22, 10, 23], [11, 21, 12, 20], [13, 9, 14, 8], [15, 19, 16, 18], [17, 3, 18, 2], [19, 5, 20, 4], [21, 6, 22, 7], [23, 15, 24, 14]]"
12a_0527_163,"[[23, 15, 24, 14], [1, 17, 2, 16], [3, 1, 4, 24], [5, 10, 6, 11], [7, 13, 8, 12], [9, 22, 10, 23], [11, 21, 12, 20], [13, 9, 14, 8], [15, 19, 16, 18], [17, 3, 18, 2], [19, 5, 20, 4], [21, 6, 22, 7]]"
12a_0527_164,"[[21, 6, 22, 7], [23, 15, 24, 14], [1, 17, 2, 16], [3, 1, 4, 24], [5, 10, 6, 11], [7, 13, 8, 12], [9, 22, 10, 23], [11, 21, 12, 20], [13, 9, 14, 8], [15, 19, 16, 18], [17, 3, 18, 2], [19, 5, 20, 4]]"
12a_0527_165,"[[19, 5, 20, 4], [21, 6, 22, 7], [23, 15, 24, 14], [1, 17, 2, 16], [3, 1, 4, 24], [5, 10, 6, 11], [7, 13, 8, 12], [9, 22, 10, 23], [11, 21, 12, 20], [13, 9, 14, 8], [15, 19, 16, 18], [17, 3, 18, 2]]"
12a_0527_166,"[[17, 3, 18, 2], [19, 5, 20, 4], [21, 6, 22, 7], [23, 15, 24, 14], [1, 17, 2, 16], [3, 1, 4, 24], [5, 10, 6, 11], [7, 13, 8, 12], [9, 22, 10, 23], [11, 21, 12, 20], [13, 9, 14, 8], [15, 19, 16, 18]]"
12a_0527_167,"[[15, 19, 16, 18], [17, 3, 18, 2], [19, 5, 20, 4], [21, 6, 22, 7], [23, 15, 24, 14], [1, 17, 2, 16], [3, 1, 4, 24], [5, 10, 6, 11], [7, 13, 8, 12], [9, 22, 10, 23], [11, 21, 12, 20], [13, 9, 14, 8]]"
12a_0527_168,"[[14, 10, 15, 9], [16, 20, 17, 19], [18, 4, 19, 3], [20, 6, 21, 5], [22, 7, 23, 8], [24, 16, 1, 15], [2, 18, 3, 17], [4, 2, 5, 1], [6, 11, 7, 12], [8, 14, 9, 13], [10, 23, 11, 24], [12, 22, 13, 21]]"
12a_0527_169,"[[12, 22, 13, 21], [14, 10, 15, 9], [16, 20, 17, 19], [18, 4, 19, 3], [20, 6, 21, 5], [22, 7, 23, 8], [24, 16, 1, 15], [2, 18, 3, 17], [4, 2, 5, 1], [6, 11, 7, 12], [8, 14, 9, 13], [10, 23, 11, 24]]"
12a_0527_170,"[[10, 23, 11, 24], [12, 22, 13, 21], [14, 10, 15, 9], [16, 20, 17, 19], [18, 4, 19, 3], [20, 6, 21, 5], [22, 7, 23, 8], [24, 16, 1, 15], [2, 18, 3, 17], [4, 2, 5, 1], [6, 11, 7, 12], [8, 14, 9, 13]]"
12a_0527_171,"[[8, 14, 9, 13], [10, 23, 11, 24], [12, 22, 13, 21], [14, 10, 15, 9], [16, 20, 17, 19], [18, 4, 19, 3], [20, 6, 21, 5], [22, 7, 23, 8], [24, 16, 1, 15], [2, 18, 3, 17], [4, 2, 5, 1], [6, 11, 7, 12]]"
12a_0527_172,"[[6, 11, 7, 12], [8, 14, 9, 13], [10, 23, 11, 24], [12, 22, 13, 21], [14, 10, 15, 9], [16, 20, 17, 19], [18, 4, 19, 3], [20, 6, 21, 5], [22, 7, 23, 8], [24, 16, 1, 15], [2, 18, 3, 17], [4, 2, 5, 1]]"
12a_0527_173,"[[4, 2, 5, 1], [6, 11, 7, 12], [8, 14, 9, 13], [10, 23, 11, 24], [12, 22, 13, 21], [14, 10, 15, 9], [16, 20, 17, 19], [18, 4, 19, 3], [20, 6, 21, 5], [22, 7, 23, 8], [24, 16, 1, 15], [2, 18, 3, 17]]"
12a_0527_174,"[[2, 18, 3, 17], [4, 2, 5, 1], [6, 11, 7, 12], [8, 14, 9, 13], [10, 23, 11, 24], [12, 22, 13, 21], [14, 10, 15, 9], [16, 20, 17, 19], [18, 4, 19, 3], [20, 6, 21, 5], [22, 7, 23, 8], [24, 16, 1, 15]]"
12a_0527_175,"[[24, 16, 1, 15], [2, 18, 3, 17], [4, 2, 5, 1], [6, 11, 7, 12], [8, 14, 9, 13], [10, 23, 11, 24], [12, 22, 13, 21], [14, 10, 15, 9], [16, 20, 17, 19], [18, 4, 19, 3], [20, 6, 21, 5], [22, 7, 23, 8]]"
12a_0527_176,"[[22, 7, 23, 8], [24, 16, 1, 15], [2, 18, 3, 17], [4, 2, 5, 1], [6, 11, 7, 12], [8, 14, 9, 13], [10, 23, 11, 24], [12, 22, 13, 21], [14, 10, 15, 9], [16, 20, 17, 19], [18, 4, 19, 3], [20, 6, 21, 5]]"
12a_0527_177,"[[20, 6, 21, 5], [22, 7, 23, 8], [24, 16, 1, 15], [2, 18, 3, 17], [4, 2, 5, 1], [6, 11, 7, 12], [8, 14, 9, 13], [10, 23, 11, 24], [12, 22, 13, 21], [14, 10, 15, 9], [16, 20, 17, 19], [18, 4, 19, 3]]"
12a_0527_178,"[[18, 4, 19, 3], [20, 6, 21, 5], [22, 7, 23, 8], [24, 16, 1, 15], [2, 18, 3, 17], [4, 2, 5, 1], [6, 11, 7, 12], [8, 14, 9, 13], [10, 23, 11, 24], [12, 22, 13, 21], [14, 10, 15, 9], [16, 20, 17, 19]]"
12a_0527_179,"[[16, 20, 17, 19], [18, 4, 19, 3], [20, 6, 21, 5], [22, 7, 23, 8], [24, 16, 1, 15], [2, 18, 3, 17], [4, 2, 5, 1], [6, 11, 7, 12], [8, 14, 9, 13], [10, 23, 11, 24], [12, 22, 13, 21], [14, 10, 15, 9]]"
12a_0527_180,"[[15, 11, 16, 10], [17, 21, 18, 20], [19, 5, 20, 4], [21, 7, 22, 6], [23, 8, 24, 9], [1, 17, 2, 16], [3, 19, 4, 18], [5, 3, 6, 2], [7, 12, 8, 13], [9, 15, 10, 14], [11, 24, 12, 1], [13, 23, 14, 22]]"
12a_0527_181,"[[13, 23, 14, 22], [15, 11, 16, 10], [17, 21, 18, 20], [19, 5, 20, 4], [21, 7, 22, 6], [23, 8, 24, 9], [1, 17, 2, 16], [3, 19, 4, 18], [5, 3, 6, 2], [7, 12, 8, 13], [9, 15, 10, 14], [11, 24, 12, 1]]"
12a_0527_182,"[[11, 24, 12, 1], [13, 23, 14, 22], [15, 11, 16, 10], [17, 21, 18, 20], [19, 5, 20, 4], [21, 7, 22, 6], [23, 8, 24, 9], [1, 17, 2, 16], [3, 19, 4, 18], [5, 3, 6, 2], [7, 12, 8, 13], [9, 15, 10, 14]]"
12a_0527_183,"[[9, 15, 10, 14], [11, 24, 12, 1], [13, 23, 14, 22], [15, 11, 16, 10], [17, 21, 18, 20], [19, 5, 20, 4], [21, 7, 22, 6], [23, 8, 24, 9], [1, 17, 2, 16], [3, 19, 4, 18], [5, 3, 6, 2], [7, 12, 8, 13]]"
12a_0527_184,"[[7, 12, 8, 13], [9, 15, 10, 14], [11, 24, 12, 1], [13, 23, 14, 22], [15, 11, 16, 10], [17, 21, 18, 20], [19, 5, 20, 4], [21, 7, 22, 6], [23, 8, 24, 9], [1, 17, 2, 16], [3, 19, 4, 18], [5, 3, 6, 2]]"
12a_0527_185,"[[5, 3, 6, 2], [7, 12, 8, 13], [9, 15, 10, 14], [11, 24, 12, 1], [13, 23, 14, 22], [15, 11, 16, 10], [17, 21, 18, 20], [19, 5, 20, 4], [21, 7, 22, 6], [23, 8, 24, 9], [1, 17, 2, 16], [3, 19, 4, 18]]"
