name,pd_notation
12a_0048_0,"[[24, 12, 1, 11], [2, 6, 3, 5], [4, 10, 5, 9], [6, 13, 7, 14], [8, 4, 9, 3], [10, 17, 11, 18], [12, 20, 13, 19], [14, 7, 15, 8], [16, 21, 17, 22], [18, 1, 19, 2], [20, 24, 21, 23], [22, 15, 23, 16]]"
12a_0048_1,"[[22, 15, 23, 16], [24, 12, 1, 11], [2, 6, 3, 5], [4, 10, 5, 9], [6, 13, 7, 14], [8, 4, 9, 3], [10, 17, 11, 18], [12, 20, 13, 19], [14, 7, 15, 8], [16, 21, 17, 22], [18, 1, 19, 2], [20, 24, 21, 23]]"
12a_0048_2,"[[20, 24, 21, 23], [22, 15, 23, 16], [24, 12, 1, 11], [2, 6, 3, 5], [4, 10, 5, 9], [6, 13, 7, 14], [8, 4, 9, 3], [10, 17, 11, 18], [12, 20, 13, 19], [14, 7, 15, 8], [16, 21, 17, 22], [18, 1, 19, 2]]"
12a_0048_3,"[[18, 1, 19, 2], [20, 24, 21, 23], [22, 15, 23, 16], [24, 12, 1, 11], [2, 6, 3, 5], [4, 10, 5, 9], [6, 13, 7, 14], [8, 4, 9, 3], [10, 17, 11, 18], [12, 20, 13, 19], [14, 7, 15, 8], [16, 21, 17, 22]]"
12a_0048_4,"[[16, 21, 17, 22], [18, 1, 19, 2], [20, 24, 21, 23], [22, 15, 23, 16], [24, 12, 1, 11], [2, 6, 3, 5], [4, 10, 5, 9], [6, 13, 7, 14], [8, 4, 9, 3], [10, 17, 11, 18], [12, 20, 13, 19], [14, 7, 15, 8]]"
12a_0048_5,"[[14, 7, 15, 8], [16, 21, 17, 22], [18, 1, 19, 2], [20, 24, 21, 23], [22, 15, 23, 16], [24, 12, 1, 11], [2, 6, 3, 5], [4, 10, 5, 9], [6, 13, 7, 14], [8, 4, 9, 3], [10, 17, 11, 18], [12, 20, 13, 19]]"
12a_0048_6,"[[12, 20, 13, 19], [14, 7, 15, 8], [16, 21, 17, 22], [18, 1, 19, 2], [20, 24, 21, 23], [22, 15, 23, 16], [24, 12, 1, 11], [2, 6, 3, 5], [4, 10, 5, 9], [6, 13, 7, 14], [8, 4, 9, 3], [10, 17, 11, 18]]"
12a_0048_7,"[[10, 17, 11, 18], [12, 20, 13, 19], [14, 7, 15, 8], [16, 21, 17, 22], [18, 1, 19, 2], [20, 24, 21, 23], [22, 15, 23, 16], [24, 12, 1, 11], [2, 6, 3, 5], [4, 10, 5, 9], [6, 13, 7, 14], [8, 4, 9, 3]]"
12a_0048_8,"[[8, 4, 9, 3], [10, 17, 11, 18], [12, 20, 13, 19], [14, 7, 15, 8], [16, 21, 17, 22], [18, 1, 19, 2], [20, 24, 21, 23], [22, 15, 23, 16], [24, 12, 1, 11], [2, 6, 3, 5], [4, 10, 5, 9], [6, 13, 7, 14]]"
12a_0048_9,"[[6, 13, 7, 14], [8, 4, 9, 3], [10, 17, 11, 18], [12, 20, 13, 19], [14, 7, 15, 8], [16, 21, 17, 22], [18, 1, 19, 2], [20, 24, 21, 23], [22, 15, 23, 16], [24, 12, 1, 11], [2, 6, 3, 5], [4, 10, 5, 9]]"
12a_0048_10,"[[4, 10, 5, 9], [6, 13, 7, 14], [8, 4, 9, 3], [10, 17, 11, 18], [12, 20, 13, 19], [14, 7, 15, 8], [16, 21, 17, 22], [18, 1, 19, 2], [20, 24, 21, 23], [22, 15, 23, 16], [24, 12, 1, 11], [2, 6, 3, 5]]"
12a_0048_11,"[[2, 6, 3, 5], [4, 10, 5, 9], [6, 13, 7, 14], [8, 4, 9, 3], [10, 17, 11, 18], [12, 20, 13, 19], [14, 7, 15, 8], [16, 21, 17, 22], [18, 1, 19, 2], [20, 24, 21, 23], [22, 15, 23, 16], [24, 12, 1, 11]]"
12a_0048_12,"[[1, 13, 2, 12], [3, 7, 4, 6], [5, 11, 6, 10], [7, 14, 8, 15], [9, 5, 10, 4], [11, 18, 12, 19], [13, 21, 14, 20], [15, 8, 16, 9], [17, 22, 18, 23], [19, 2, 20, 3], [21, 1, 22, 24], [23, 16, 24, 17]]"
12a_0048_13,"[[23, 16, 24, 17], [1, 13, 2, 12], [3, 7, 4, 6], [5, 11, 6, 10], [7, 14, 8, 15], [9, 5, 10, 4], [11, 18, 12, 19], [13, 21, 14, 20], [15, 8, 16, 9], [17, 22, 18, 23], [19, 2, 20, 3], [21, 1, 22, 24]]"
12a_0048_14,"[[21, 1, 22, 24], [23, 16, 24, 17], [1, 13, 2, 12], [3, 7, 4, 6], [5, 11, 6, 10], [7, 14, 8, 15], [9, 5, 10, 4], [11, 18, 12, 19], [13, 21, 14, 20], [15, 8, 16, 9], [17, 22, 18, 23], [19, 2, 20, 3]]"
12a_0048_15,"[[19, 2, 20, 3], [21, 1, 22, 24], [23, 16, 24, 17], [1, 13, 2, 12], [3, 7, 4, 6], [5, 11, 6, 10], [7, 14, 8, 15], [9, 5, 10, 4], [11, 18, 12, 19], [13, 21, 14, 20], [15, 8, 16, 9], [17, 22, 18, 23]]"
12a_0048_16,"[[17, 22, 18, 23], [19, 2, 20, 3], [21, 1, 22, 24], [23, 16, 24, 17], [1, 13, 2, 12], [3, 7, 4, 6], [5, 11, 6, 10], [7, 14, 8, 15], [9, 5, 10, 4], [11, 18, 12, 19], [13, 21, 14, 20], [15, 8, 16, 9]]"
12a_0048_17,"[[15, 8, 16, 9], [17, 22, 18, 23], [19, 2, 20, 3], [21, 1, 22, 24], [23, 16, 24, 17], [1, 13, 2, 12], [3, 7, 4, 6], [5, 11, 6, 10], [7, 14, 8, 15], [9, 5, 10, 4], [11, 18, 12, 19], [13, 21, 14, 20]]"
12a_0048_18,"[[13, 21, 14, 20], [15, 8, 16, 9], [17, 22, 18, 23], [19, 2, 20, 3], [21, 1, 22, 24], [23, 16, 24, 17], [1, 13, 2, 12], [3, 7, 4, 6], [5, 11, 6, 10], [7, 14, 8, 15], [9, 5, 10, 4], [11, 18, 12, 19]]"
12a_0048_19,"[[11, 18, 12, 19], [13, 21, 14, 20], [15, 8, 16, 9], [17, 22, 18, 23], [19, 2, 20, 3], [21, 1, 22, 24], [23, 16, 24, 17], [1, 13, 2, 12], [3, 7, 4, 6], [5, 11, 6, 10], [7, 14, 8, 15], [9, 5, 10, 4]]"
12a_0048_20,"[[9, 5, 10, 4], [11, 18, 12, 19], [13, 21, 14, 20], [15, 8, 16, 9], [17, 22, 18, 23], [19, 2, 20, 3], [21, 1, 22, 24], [23, 16, 24, 17], [1, 13, 2, 12], [3, 7, 4, 6], [5, 11, 6, 10], [7, 14, 8, 15]]"
12a_0048_21,"[[7, 14, 8, 15], [9, 5, 10, 4], [11, 18, 12, 19], [13, 21, 14, 20], [15, 8, 16, 9], [17, 22, 18, 23], [19, 2, 20, 3], [21, 1, 22, 24], [23, 16, 24, 17], [1, 13, 2, 12], [3, 7, 4, 6], [5, 11, 6, 10]]"
12a_0048_22,"[[5, 11, 6, 10], [7, 14, 8, 15], [9, 5, 10, 4], [11, 18, 12, 19], [13, 21, 14, 20], [15, 8, 16, 9], [17, 22, 18, 23], [19, 2, 20, 3], [21, 1, 22, 24], [23, 16, 24, 17], [1, 13, 2, 12], [3, 7, 4, 6]]"
12a_0048_23,"[[3, 7, 4, 6], [5, 11, 6, 10], [7, 14, 8, 15], [9, 5, 10, 4], [11, 18, 12, 19], [13, 21, 14, 20], [15, 8, 16, 9], [17, 22, 18, 23], [19, 2, 20, 3], [21, 1, 22, 24], [23, 16, 24, 17], [1, 13, 2, 12]]"
12a_0048_24,"[[2, 14, 3, 13], [4, 8, 5, 7], [6, 12, 7, 11], [8, 15, 9, 16], [10, 6, 11, 5], [12, 19, 13, 20], [14, 22, 15, 21], [16, 9, 17, 10], [18, 23, 19, 24], [20, 3, 21, 4], [22, 2, 23, 1], [24, 17, 1, 18]]"
12a_0048_25,"[[24, 17, 1, 18], [2, 14, 3, 13], [4, 8, 5, 7], [6, 12, 7, 11], [8, 15, 9, 16], [10, 6, 11, 5], [12, 19, 13, 20], [14, 22, 15, 21], [16, 9, 17, 10], [18, 23, 19, 24], [20, 3, 21, 4], [22, 2, 23, 1]]"
12a_0048_26,"[[22, 2, 23, 1], [24, 17, 1, 18], [2, 14, 3, 13], [4, 8, 5, 7], [6, 12, 7, 11], [8, 15, 9, 16], [10, 6, 11, 5], [12, 19, 13, 20], [14, 22, 15, 21], [16, 9, 17, 10], [18, 23, 19, 24], [20, 3, 21, 4]]"
12a_0048_27,"[[20, 3, 21, 4], [22, 2, 23, 1], [24, 17, 1, 18], [2, 14, 3, 13], [4, 8, 5, 7], [6, 12, 7, 11], [8, 15, 9, 16], [10, 6, 11, 5], [12, 19, 13, 20], [14, 22, 15, 21], [16, 9, 17, 10], [18, 23, 19, 24]]"
12a_0048_28,"[[18, 23, 19, 24], [20, 3, 21, 4], [22, 2, 23, 1], [24, 17, 1, 18], [2, 14, 3, 13], [4, 8, 5, 7], [6, 12, 7, 11], [8, 15, 9, 16], [10, 6, 11, 5], [12, 19, 13, 20], [14, 22, 15, 21], [16, 9, 17, 10]]"
12a_0048_29,"[[16, 9, 17, 10], [18, 23, 19, 24], [20, 3, 21, 4], [22, 2, 23, 1], [24, 17, 1, 18], [2, 14, 3, 13], [4, 8, 5, 7], [6, 12, 7, 11], [8, 15, 9, 16], [10, 6, 11, 5], [12, 19, 13, 20], [14, 22, 15, 21]]"
12a_0048_30,"[[14, 22, 15, 21], [16, 9, 17, 10], [18, 23, 19, 24], [20, 3, 21, 4], [22, 2, 23, 1], [24, 17, 1, 18], [2, 14, 3, 13], [4, 8, 5, 7], [6, 12, 7, 11], [8, 15, 9, 16], [10, 6, 11, 5], [12, 19, 13, 20]]"
12a_0048_31,"[[12, 19, 13, 20], [14, 22, 15, 21], [16, 9, 17, 10], [18, 23, 19, 24], [20, 3, 21, 4], [22, 2, 23, 1], [24, 17, 1, 18], [2, 14, 3, 13], [4, 8, 5, 7], [6, 12, 7, 11], [8, 15, 9, 16], [10, 6, 11, 5]]"
12a_0048_32,"[[10, 6, 11, 5], [12, 19, 13, 20], [14, 22, 15, 21], [16, 9, 17, 10], [18, 23, 19, 24], [20, 3, 21, 4], [22, 2, 23, 1], [24, 17, 1, 18], [2, 14, 3, 13], [4, 8, 5, 7], [6, 12, 7, 11], [8, 15, 9, 16]]"
12a_0048_33,"[[8, 15, 9, 16], [10, 6, 11, 5], [12, 19, 13, 20], [14, 22, 15, 21], [16, 9, 17, 10], [18, 23, 19, 24], [20, 3, 21, 4], [22, 2, 23, 1], [24, 17, 1, 18], [2, 14, 3, 13], [4, 8, 5, 7], [6, 12, 7, 11]]"
12a_0048_34,"[[6, 12, 7, 11], [8, 15, 9, 16], [10, 6, 11, 5], [12, 19, 13, 20], [14, 22, 15, 21], [16, 9, 17, 10], [18, 23, 19, 24], [20, 3, 21, 4], [22, 2, 23, 1], [24, 17, 1, 18], [2, 14, 3, 13], [4, 8, 5, 7]]"
12a_0048_35,"[[4, 8, 5, 7], [6, 12, 7, 11], [8, 15, 9, 16], [10, 6, 11, 5], [12, 19, 13, 20], [14, 22, 15, 21], [16, 9, 17, 10], [18, 23, 19, 24], [20, 3, 21, 4], [22, 2, 23, 1], [24, 17, 1, 18], [2, 14, 3, 13]]"
12a_0048_36,"[[3, 15, 4, 14], [5, 9, 6, 8], [7, 13, 8, 12], [9, 16, 10, 17], [11, 7, 12, 6], [13, 20, 14, 21], [15, 23, 16, 22], [17, 10, 18, 11], [19, 24, 20, 1], [21, 4, 22, 5], [23, 3, 24, 2], [1, 18, 2, 19]]"
12a_0048_37,"[[1, 18, 2, 19], [3, 15, 4, 14], [5, 9, 6, 8], [7, 13, 8, 12], [9, 16, 10, 17], [11, 7, 12, 6], [13, 20, 14, 21], [15, 23, 16, 22], [17, 10, 18, 11], [19, 24, 20, 1], [21, 4, 22, 5], [23, 3, 24, 2]]"
12a_0048_38,"[[23, 3, 24, 2], [1, 18, 2, 19], [3, 15, 4, 14], [5, 9, 6, 8], [7, 13, 8, 12], [9, 16, 10, 17], [11, 7, 12, 6], [13, 20, 14, 21], [15, 23, 16, 22], [17, 10, 18, 11], [19, 24, 20, 1], [21, 4, 22, 5]]"
12a_0048_39,"[[21, 4, 22, 5], [23, 3, 24, 2], [1, 18, 2, 19], [3, 15, 4, 14], [5, 9, 6, 8], [7, 13, 8, 12], [9, 16, 10, 17], [11, 7, 12, 6], [13, 20, 14, 21], [15, 23, 16, 22], [17, 10, 18, 11], [19, 24, 20, 1]]"
12a_0048_40,"[[19, 24, 20, 1], [21, 4, 22, 5], [23, 3, 24, 2], [1, 18, 2, 19], [3, 15, 4, 14], [5, 9, 6, 8], [7, 13, 8, 12], [9, 16, 10, 17], [11, 7, 12, 6], [13, 20, 14, 21], [15, 23, 16, 22], [17, 10, 18, 11]]"
12a_0048_41,"[[17, 10, 18, 11], [19, 24, 20, 1], [21, 4, 22, 5], [23, 3, 24, 2], [1, 18, 2, 19], [3, 15, 4, 14], [5, 9, 6, 8], [7, 13, 8, 12], [9, 16, 10, 17], [11, 7, 12, 6], [13, 20, 14, 21], [15, 23, 16, 22]]"
12a_0048_42,"[[15, 23, 16, 22], [17, 10, 18, 11], [19, 24, 20, 1], [21, 4, 22, 5], [23, 3, 24, 2], [1, 18, 2, 19], [3, 15, 4, 14], [5, 9, 6, 8], [7, 13, 8, 12], [9, 16, 10, 17], [11, 7, 12, 6], [13, 20, 14, 21]]"
12a_0048_43,"[[13, 20, 14, 21], [15, 23, 16, 22], [17, 10, 18, 11], [19, 24, 20, 1], [21, 4, 22, 5], [23, 3, 24, 2], [1, 18, 2, 19], [3, 15, 4, 14], [5, 9, 6, 8], [7, 13, 8, 12], [9, 16, 10, 17], [11, 7, 12, 6]]"
12a_0048_44,"[[11, 7, 12, 6], [13, 20, 14, 21], [15, 23, 16, 22], [17, 10, 18, 11], [19, 24, 20, 1], [21, 4, 22, 5], [23, 3, 24, 2], [1, 18, 2, 19], [3, 15, 4, 14], [5, 9, 6, 8], [7, 13, 8, 12], [9, 16, 10, 17]]"
12a_0048_45,"[[9, 16, 10, 17], [11, 7, 12, 6], [13, 20, 14, 21], [15, 23, 16, 22], [17, 10, 18, 11], [19, 24, 20, 1], [21, 4, 22, 5], [23, 3, 24, 2], [1, 18, 2, 19], [3, 15, 4, 14], [5, 9, 6, 8], [7, 13, 8, 12]]"
12a_0048_46,"[[7, 13, 8, 12], [9, 16, 10, 17], [11, 7, 12, 6], [13, 20, 14, 21], [15, 23, 16, 22], [17, 10, 18, 11], [19, 24, 20, 1], [21, 4, 22, 5], [23, 3, 24, 2], [1, 18, 2, 19], [3, 15, 4, 14], [5, 9, 6, 8]]"
12a_0048_47,"[[5, 9, 6, 8], [7, 13, 8, 12], [9, 16, 10, 17], [11, 7, 12, 6], [13, 20, 14, 21], [15, 23, 16, 22], [17, 10, 18, 11], [19, 24, 20, 1], [21, 4, 22, 5], [23, 3, 24, 2], [1, 18, 2, 19], [3, 15, 4, 14]]"
12a_0048_48,"[[4, 16, 5, 15], [6, 10, 7, 9], [8, 14, 9, 13], [10, 17, 11, 18], [12, 8, 13, 7], [14, 21, 15, 22], [16, 24, 17, 23], [18, 11, 19, 12], [20, 1, 21, 2], [22, 5, 23, 6], [24, 4, 1, 3], [2, 19, 3, 20]]"
12a_0048_49,"[[2, 19, 3, 20], [4, 16, 5, 15], [6, 10, 7, 9], [8, 14, 9, 13], [10, 17, 11, 18], [12, 8, 13, 7], [14, 21, 15, 22], [16, 24, 17, 23], [18, 11, 19, 12], [20, 1, 21, 2], [22, 5, 23, 6], [24, 4, 1, 3]]"
12a_0048_50,"[[24, 4, 1, 3], [2, 19, 3, 20], [4, 16, 5, 15], [6, 10, 7, 9], [8, 14, 9, 13], [10, 17, 11, 18], [12, 8, 13, 7], [14, 21, 15, 22], [16, 24, 17, 23], [18, 11, 19, 12], [20, 1, 21, 2], [22, 5, 23, 6]]"
12a_0048_51,"[[22, 5, 23, 6], [24, 4, 1, 3], [2, 19, 3, 20], [4, 16, 5, 15], [6, 10, 7, 9], [8, 14, 9, 13], [10, 17, 11, 18], [12, 8, 13, 7], [14, 21, 15, 22], [16, 24, 17, 23], [18, 11, 19, 12], [20, 1, 21, 2]]"
12a_0048_52,"[[20, 1, 21, 2], [22, 5, 23, 6], [24, 4, 1, 3], [2, 19, 3, 20], [4, 16, 5, 15], [6, 10, 7, 9], [8, 14, 9, 13], [10, 17, 11, 18], [12, 8, 13, 7], [14, 21, 15, 22], [16, 24, 17, 23], [18, 11, 19, 12]]"
12a_0048_53,"[[18, 11, 19, 12], [20, 1, 21, 2], [22, 5, 23, 6], [24, 4, 1, 3], [2, 19, 3, 20], [4, 16, 5, 15], [6, 10, 7, 9], [8, 14, 9, 13], [10, 17, 11, 18], [12, 8, 13, 7], [14, 21, 15, 22], [16, 24, 17, 23]]"
12a_0048_54,"[[16, 24, 17, 23], [18, 11, 19, 12], [20, 1, 21, 2], [22, 5, 23, 6], [24, 4, 1, 3], [2, 19, 3, 20], [4, 16, 5, 15], [6, 10, 7, 9], [8, 14, 9, 13], [10, 17, 11, 18], [12, 8, 13, 7], [14, 21, 15, 22]]"
12a_0048_55,"[[14, 21, 15, 22], [16, 24, 17, 23], [18, 11, 19, 12], [20, 1, 21, 2], [22, 5, 23, 6], [24, 4, 1, 3], [2, 19, 3, 20], [4, 16, 5, 15], [6, 10, 7, 9], [8, 14, 9, 13], [10, 17, 11, 18], [12, 8, 13, 7]]"
12a_0048_56,"[[12, 8, 13, 7], [14, 21, 15, 22], [16, 24, 17, 23], [18, 11, 19, 12], [20, 1, 21, 2], [22, 5, 23, 6], [24, 4, 1, 3], [2, 19, 3, 20], [4, 16, 5, 15], [6, 10, 7, 9], [8, 14, 9, 13], [10, 17, 11, 18]]"
12a_0048_57,"[[10, 17, 11, 18], [12, 8, 13, 7], [14, 21, 15, 22], [16, 24, 17, 23], [18, 11, 19, 12], [20, 1, 21, 2], [22, 5, 23, 6], [24, 4, 1, 3], [2, 19, 3, 20], [4, 16, 5, 15], [6, 10, 7, 9], [8, 14, 9, 13]]"
12a_0048_58,"[[8, 14, 9, 13], [10, 17, 11, 18], [12, 8, 13, 7], [14, 21, 15, 22], [16, 24, 17, 23], [18, 11, 19, 12], [20, 1, 21, 2], [22, 5, 23, 6], [24, 4, 1, 3], [2, 19, 3, 20], [4, 16, 5, 15], [6, 10, 7, 9]]"
12a_0048_59,"[[6, 10, 7, 9], [8, 14, 9, 13], [10, 17, 11, 18], [12, 8, 13, 7], [14, 21, 15, 22], [16, 24, 17, 23], [18, 11, 19, 12], [20, 1, 21, 2], [22, 5, 23, 6], [24, 4, 1, 3], [2, 19, 3, 20], [4, 16, 5, 15]]"
12a_0048_60,"[[5, 17, 6, 16], [7, 11, 8, 10], [9, 15, 10, 14], [11, 18, 12, 19], [13, 9, 14, 8], [15, 22, 16, 23], [17, 1, 18, 24], [19, 12, 20, 13], [21, 2, 22, 3], [23, 6, 24, 7], [1, 5, 2, 4], [3, 20, 4, 21]]"
12a_0048_61,"[[3, 20, 4, 21], [5, 17, 6, 16], [7, 11, 8, 10], [9, 15, 10, 14], [11, 18, 12, 19], [13, 9, 14, 8], [15, 22, 16, 23], [17, 1, 18, 24], [19, 12, 20, 13], [21, 2, 22, 3], [23, 6, 24, 7], [1, 5, 2, 4]]"
12a_0048_62,"[[1, 5, 2, 4], [3, 20, 4, 21], [5, 17, 6, 16], [7, 11, 8, 10], [9, 15, 10, 14], [11, 18, 12, 19], [13, 9, 14, 8], [15, 22, 16, 23], [17, 1, 18, 24], [19, 12, 20, 13], [21, 2, 22, 3], [23, 6, 24, 7]]"
12a_0048_63,"[[23, 6, 24, 7], [1, 5, 2, 4], [3, 20, 4, 21], [5, 17, 6, 16], [7, 11, 8, 10], [9, 15, 10, 14], [11, 18, 12, 19], [13, 9, 14, 8], [15, 22, 16, 23], [17, 1, 18, 24], [19, 12, 20, 13], [21, 2, 22, 3]]"
12a_0048_64,"[[21, 2, 22, 3], [23, 6, 24, 7], [1, 5, 2, 4], [3, 20, 4, 21], [5, 17, 6, 16], [7, 11, 8, 10], [9, 15, 10, 14], [11, 18, 12, 19], [13, 9, 14, 8], [15, 22, 16, 23], [17, 1, 18, 24], [19, 12, 20, 13]]"
12a_0048_65,"[[19, 12, 20, 13], [21, 2, 22, 3], [23, 6, 24, 7], [1, 5, 2, 4], [3, 20, 4, 21], [5, 17, 6, 16], [7, 11, 8, 10], [9, 15, 10, 14], [11, 18, 12, 19], [13, 9, 14, 8], [15, 22, 16, 23], [17, 1, 18, 24]]"
12a_0048_66,"[[17, 1, 18, 24], [19, 12, 20, 13], [21, 2, 22, 3], [23, 6, 24, 7], [1, 5, 2, 4], [3, 20, 4, 21], [5, 17, 6, 16], [7, 11, 8, 10], [9, 15, 10, 14], [11, 18, 12, 19], [13, 9, 14, 8], [15, 22, 16, 23]]"
12a_0048_67,"[[15, 22, 16, 23], [17, 1, 18, 24], [19, 12, 20, 13], [21, 2, 22, 3], [23, 6, 24, 7], [1, 5, 2, 4], [3, 20, 4, 21], [5, 17, 6, 16], [7, 11, 8, 10], [9, 15, 10, 14], [11, 18, 12, 19], [13, 9, 14, 8]]"
12a_0048_68,"[[13, 9, 14, 8], [15, 22, 16, 23], [17, 1, 18, 24], [19, 12, 20, 13], [21, 2, 22, 3], [23, 6, 24, 7], [1, 5, 2, 4], [3, 20, 4, 21], [5, 17, 6, 16], [7, 11, 8, 10], [9, 15, 10, 14], [11, 18, 12, 19]]"
12a_0048_69,"[[11, 18, 12, 19], [13, 9, 14, 8], [15, 22, 16, 23], [17, 1, 18, 24], [19, 12, 20, 13], [21, 2, 22, 3], [23, 6, 24, 7], [1, 5, 2, 4], [3, 20, 4, 21], [5, 17, 6, 16], [7, 11, 8, 10], [9, 15, 10, 14]]"
12a_0048_70,"[[9, 15, 10, 14], [11, 18, 12, 19], [13, 9, 14, 8], [15, 22, 16, 23], [17, 1, 18, 24], [19, 12, 20, 13], [21, 2, 22, 3], [23, 6, 24, 7], [1, 5, 2, 4], [3, 20, 4, 21], [5, 17, 6, 16], [7, 11, 8, 10]]"
12a_0048_71,"[[7, 11, 8, 10], [9, 15, 10, 14], [11, 18, 12, 19], [13, 9, 14, 8], [15, 22, 16, 23], [17, 1, 18, 24], [19, 12, 20, 13], [21, 2, 22, 3], [23, 6, 24, 7], [1, 5, 2, 4], [3, 20, 4, 21], [5, 17, 6, 16]]"
12a_0048_72,"[[6, 18, 7, 17], [8, 12, 9, 11], [10, 16, 11, 15], [12, 19, 13, 20], [14, 10, 15, 9], [16, 23, 17, 24], [18, 2, 19, 1], [20, 13, 21, 14], [22, 3, 23, 4], [24, 7, 1, 8], [2, 6, 3, 5], [4, 21, 5, 22]]"
12a_0048_73,"[[4, 21, 5, 22], [6, 18, 7, 17], [8, 12, 9, 11], [10, 16, 11, 15], [12, 19, 13, 20], [14, 10, 15, 9], [16, 23, 17, 24], [18, 2, 19, 1], [20, 13, 21, 14], [22, 3, 23, 4], [24, 7, 1, 8], [2, 6, 3, 5]]"
12a_0048_74,"[[2, 6, 3, 5], [4, 21, 5, 22], [6, 18, 7, 17], [8, 12, 9, 11], [10, 16, 11, 15], [12, 19, 13, 20], [14, 10, 15, 9], [16, 23, 17, 24], [18, 2, 19, 1], [20, 13, 21, 14], [22, 3, 23, 4], [24, 7, 1, 8]]"
12a_0048_75,"[[24, 7, 1, 8], [2, 6, 3, 5], [4, 21, 5, 22], [6, 18, 7, 17], [8, 12, 9, 11], [10, 16, 11, 15], [12, 19, 13, 20], [14, 10, 15, 9], [16, 23, 17, 24], [18, 2, 19, 1], [20, 13, 21, 14], [22, 3, 23, 4]]"
12a_0048_76,"[[22, 3, 23, 4], [24, 7, 1, 8], [2, 6, 3, 5], [4, 21, 5, 22], [6, 18, 7, 17], [8, 12, 9, 11], [10, 16, 11, 15], [12, 19, 13, 20], [14, 10, 15, 9], [16, 23, 17, 24], [18, 2, 19, 1], [20, 13, 21, 14]]"
12a_0048_77,"[[20, 13, 21, 14], [22, 3, 23, 4], [24, 7, 1, 8], [2, 6, 3, 5], [4, 21, 5, 22], [6, 18, 7, 17], [8, 12, 9, 11], [10, 16, 11, 15], [12, 19, 13, 20], [14, 10, 15, 9], [16, 23, 17, 24], [18, 2, 19, 1]]"
12a_0048_78,"[[18, 2, 19, 1], [20, 13, 21, 14], [22, 3, 23, 4], [24, 7, 1, 8], [2, 6, 3, 5], [4, 21, 5, 22], [6, 18, 7, 17], [8, 12, 9, 11], [10, 16, 11, 15], [12, 19, 13, 20], [14, 10, 15, 9], [16, 23, 17, 24]]"
12a_0048_79,"[[16, 23, 17, 24], [18, 2, 19, 1], [20, 13, 21, 14], [22, 3, 23, 4], [24, 7, 1, 8], [2, 6, 3, 5], [4, 21, 5, 22], [6, 18, 7, 17], [8, 12, 9, 11], [10, 16, 11, 15], [12, 19, 13, 20], [14, 10, 15, 9]]"
12a_0048_80,"[[14, 10, 15, 9], [16, 23, 17, 24], [18, 2, 19, 1], [20, 13, 21, 14], [22, 3, 23, 4], [24, 7, 1, 8], [2, 6, 3, 5], [4, 21, 5, 22], [6, 18, 7, 17], [8, 12, 9, 11], [10, 16, 11, 15], [12, 19, 13, 20]]"
12a_0048_81,"[[12, 19, 13, 20], [14, 10, 15, 9], [16, 23, 17, 24], [18, 2, 19, 1], [20, 13, 21, 14], [22, 3, 23, 4], [24, 7, 1, 8], [2, 6, 3, 5], [4, 21, 5, 22], [6, 18, 7, 17], [8, 12, 9, 11], [10, 16, 11, 15]]"
12a_0048_82,"[[10, 16, 11, 15], [12, 19, 13, 20], [14, 10, 15, 9], [16, 23, 17, 24], [18, 2, 19, 1], [20, 13, 21, 14], [22, 3, 23, 4], [24, 7, 1, 8], [2, 6, 3, 5], [4, 21, 5, 22], [6, 18, 7, 17], [8, 12, 9, 11]]"
12a_0048_83,"[[8, 12, 9, 11], [10, 16, 11, 15], [12, 19, 13, 20], [14, 10, 15, 9], [16, 23, 17, 24], [18, 2, 19, 1], [20, 13, 21, 14], [22, 3, 23, 4], [24, 7, 1, 8], [2, 6, 3, 5], [4, 21, 5, 22], [6, 18, 7, 17]]"
12a_0048_84,"[[7, 19, 8, 18], [9, 13, 10, 12], [11, 17, 12, 16], [13, 20, 14, 21], [15, 11, 16, 10], [17, 24, 18, 1], [19, 3, 20, 2], [21, 14, 22, 15], [23, 4, 24, 5], [1, 8, 2, 9], [3, 7, 4, 6], [5, 22, 6, 23]]"
12a_0048_85,"[[5, 22, 6, 23], [7, 19, 8, 18], [9, 13, 10, 12], [11, 17, 12, 16], [13, 20, 14, 21], [15, 11, 16, 10], [17, 24, 18, 1], [19, 3, 20, 2], [21, 14, 22, 15], [23, 4, 24, 5], [1, 8, 2, 9], [3, 7, 4, 6]]"
12a_0048_86,"[[3, 7, 4, 6], [5, 22, 6, 23], [7, 19, 8, 18], [9, 13, 10, 12], [11, 17, 12, 16], [13, 20, 14, 21], [15, 11, 16, 10], [17, 24, 18, 1], [19, 3, 20, 2], [21, 14, 22, 15], [23, 4, 24, 5], [1, 8, 2, 9]]"
12a_0048_87,"[[1, 8, 2, 9], [3, 7, 4, 6], [5, 22, 6, 23], [7, 19, 8, 18], [9, 13, 10, 12], [11, 17, 12, 16], [13, 20, 14, 21], [15, 11, 16, 10], [17, 24, 18, 1], [19, 3, 20, 2], [21, 14, 22, 15], [23, 4, 24, 5]]"
12a_0048_88,"[[23, 4, 24, 5], [1, 8, 2, 9], [3, 7, 4, 6], [5, 22, 6, 23], [7, 19, 8, 18], [9, 13, 10, 12], [11, 17, 12, 16], [13, 20, 14, 21], [15, 11, 16, 10], [17, 24, 18, 1], [19, 3, 20, 2], [21, 14, 22, 15]]"
12a_0048_89,"[[21, 14, 22, 15], [23, 4, 24, 5], [1, 8, 2, 9], [3, 7, 4, 6], [5, 22, 6, 23], [7, 19, 8, 18], [9, 13, 10, 12], [11, 17, 12, 16], [13, 20, 14, 21], [15, 11, 16, 10], [17, 24, 18, 1], [19, 3, 20, 2]]"
12a_0048_90,"[[19, 3, 20, 2], [21, 14, 22, 15], [23, 4, 24, 5], [1, 8, 2, 9], [3, 7, 4, 6], [5, 22, 6, 23], [7, 19, 8, 18], [9, 13, 10, 12], [11, 17, 12, 16], [13, 20, 14, 21], [15, 11, 16, 10], [17, 24, 18, 1]]"
12a_0048_91,"[[17, 24, 18, 1], [19, 3, 20, 2], [21, 14, 22, 15], [23, 4, 24, 5], [1, 8, 2, 9], [3, 7, 4, 6], [5, 22, 6, 23], [7, 19, 8, 18], [9, 13, 10, 12], [11, 17, 12, 16], [13, 20, 14, 21], [15, 11, 16, 10]]"
12a_0048_92,"[[15, 11, 16, 10], [17, 24, 18, 1], [19, 3, 20, 2], [21, 14, 22, 15], [23, 4, 24, 5], [1, 8, 2, 9], [3, 7, 4, 6], [5, 22, 6, 23], [7, 19, 8, 18], [9, 13, 10, 12], [11, 17, 12, 16], [13, 20, 14, 21]]"
12a_0048_93,"[[13, 20, 14, 21], [15, 11, 16, 10], [17, 24, 18, 1], [19, 3, 20, 2], [21, 14, 22, 15], [23, 4, 24, 5], [1, 8, 2, 9], [3, 7, 4, 6], [5, 22, 6, 23], [7, 19, 8, 18], [9, 13, 10, 12], [11, 17, 12, 16]]"
12a_0048_94,"[[11, 17, 12, 16], [13, 20, 14, 21], [15, 11, 16, 10], [17, 24, 18, 1], [19, 3, 20, 2], [21, 14, 22, 15], [23, 4, 24, 5], [1, 8, 2, 9], [3, 7, 4, 6], [5, 22, 6, 23], [7, 19, 8, 18], [9, 13, 10, 12]]"
12a_0048_95,"[[9, 13, 10, 12], [11, 17, 12, 16], [13, 20, 14, 21], [15, 11, 16, 10], [17, 24, 18, 1], [19, 3, 20, 2], [21, 14, 22, 15], [23, 4, 24, 5], [1, 8, 2, 9], [3, 7, 4, 6], [5, 22, 6, 23], [7, 19, 8, 18]]"
12a_0048_96,"[[8, 20, 9, 19], [10, 14, 11, 13], [12, 18, 13, 17], [14, 21, 15, 22], [16, 12, 17, 11], [18, 1, 19, 2], [20, 4, 21, 3], [22, 15, 23, 16], [24, 5, 1, 6], [2, 9, 3, 10], [4, 8, 5, 7], [6, 23, 7, 24]]"
12a_0048_97,"[[6, 23, 7, 24], [8, 20, 9, 19], [10, 14, 11, 13], [12, 18, 13, 17], [14, 21, 15, 22], [16, 12, 17, 11], [18, 1, 19, 2], [20, 4, 21, 3], [22, 15, 23, 16], [24, 5, 1, 6], [2, 9, 3, 10], [4, 8, 5, 7]]"
12a_0048_98,"[[4, 8, 5, 7], [6, 23, 7, 24], [8, 20, 9, 19], [10, 14, 11, 13], [12, 18, 13, 17], [14, 21, 15, 22], [16, 12, 17, 11], [18, 1, 19, 2], [20, 4, 21, 3], [22, 15, 23, 16], [24, 5, 1, 6], [2, 9, 3, 10]]"
12a_0048_99,"[[2, 9, 3, 10], [4, 8, 5, 7], [6, 23, 7, 24], [8, 20, 9, 19], [10, 14, 11, 13], [12, 18, 13, 17], [14, 21, 15, 22], [16, 12, 17, 11], [18, 1, 19, 2], [20, 4, 21, 3], [22, 15, 23, 16], [24, 5, 1, 6]]"
12a_0048_100,"[[24, 5, 1, 6], [2, 9, 3, 10], [4, 8, 5, 7], [6, 23, 7, 24], [8, 20, 9, 19], [10, 14, 11, 13], [12, 18, 13, 17], [14, 21, 15, 22], [16, 12, 17, 11], [18, 1, 19, 2], [20, 4, 21, 3], [22, 15, 23, 16]]"
12a_0048_101,"[[22, 15, 23, 16], [24, 5, 1, 6], [2, 9, 3, 10], [4, 8, 5, 7], [6, 23, 7, 24], [8, 20, 9, 19], [10, 14, 11, 13], [12, 18, 13, 17], [14, 21, 15, 22], [16, 12, 17, 11], [18, 1, 19, 2], [20, 4, 21, 3]]"
12a_0048_102,"[[20, 4, 21, 3], [22, 15, 23, 16], [24, 5, 1, 6], [2, 9, 3, 10], [4, 8, 5, 7], [6, 23, 7, 24], [8, 20, 9, 19], [10, 14, 11, 13], [12, 18, 13, 17], [14, 21, 15, 22], [16, 12, 17, 11], [18, 1, 19, 2]]"
12a_0048_103,"[[18, 1, 19, 2], [20, 4, 21, 3], [22, 15, 23, 16], [24, 5, 1, 6], [2, 9, 3, 10], [4, 8, 5, 7], [6, 23, 7, 24], [8, 20, 9, 19], [10, 14, 11, 13], [12, 18, 13, 17], [14, 21, 15, 22], [16, 12, 17, 11]]"
12a_0048_104,"[[16, 12, 17, 11], [18, 1, 19, 2], [20, 4, 21, 3], [22, 15, 23, 16], [24, 5, 1, 6], [2, 9, 3, 10], [4, 8, 5, 7], [6, 23, 7, 24], [8, 20, 9, 19], [10, 14, 11, 13], [12, 18, 13, 17], [14, 21, 15, 22]]"
12a_0048_105,"[[14, 21, 15, 22], [16, 12, 17, 11], [18, 1, 19, 2], [20, 4, 21, 3], [22, 15, 23, 16], [24, 5, 1, 6], [2, 9, 3, 10], [4, 8, 5, 7], [6, 23, 7, 24], [8, 20, 9, 19], [10, 14, 11, 13], [12, 18, 13, 17]]"
12a_0048_106,"[[12, 18, 13, 17], [14, 21, 15, 22], [16, 12, 17, 11], [18, 1, 19, 2], [20, 4, 21, 3], [22, 15, 23, 16], [24, 5, 1, 6], [2, 9, 3, 10], [4, 8, 5, 7], [6, 23, 7, 24], [8, 20, 9, 19], [10, 14, 11, 13]]"
12a_0048_107,"[[10, 14, 11, 13], [12, 18, 13, 17], [14, 21, 15, 22], [16, 12, 17, 11], [18, 1, 19, 2], [20, 4, 21, 3], [22, 15, 23, 16], [24, 5, 1, 6], [2, 9, 3, 10], [4, 8, 5, 7], [6, 23, 7, 24], [8, 20, 9, 19]]"
12a_0048_108,"[[9, 21, 10, 20], [11, 15, 12, 14], [13, 19, 14, 18], [15, 22, 16, 23], [17, 13, 18, 12], [19, 2, 20, 3], [21, 5, 22, 4], [23, 16, 24, 17], [1, 6, 2, 7], [3, 10, 4, 11], [5, 9, 6, 8], [7, 24, 8, 1]]"
12a_0048_109,"[[7, 24, 8, 1], [9, 21, 10, 20], [11, 15, 12, 14], [13, 19, 14, 18], [15, 22, 16, 23], [17, 13, 18, 12], [19, 2, 20, 3], [21, 5, 22, 4], [23, 16, 24, 17], [1, 6, 2, 7], [3, 10, 4, 11], [5, 9, 6, 8]]"
12a_0048_110,"[[5, 9, 6, 8], [7, 24, 8, 1], [9, 21, 10, 20], [11, 15, 12, 14], [13, 19, 14, 18], [15, 22, 16, 23], [17, 13, 18, 12], [19, 2, 20, 3], [21, 5, 22, 4], [23, 16, 24, 17], [1, 6, 2, 7], [3, 10, 4, 11]]"
12a_0048_111,"[[3, 10, 4, 11], [5, 9, 6, 8], [7, 24, 8, 1], [9, 21, 10, 20], [11, 15, 12, 14], [13, 19, 14, 18], [15, 22, 16, 23], [17, 13, 18, 12], [19, 2, 20, 3], [21, 5, 22, 4], [23, 16, 24, 17], [1, 6, 2, 7]]"
12a_0048_112,"[[1, 6, 2, 7], [3, 10, 4, 11], [5, 9, 6, 8], [7, 24, 8, 1], [9, 21, 10, 20], [11, 15, 12, 14], [13, 19, 14, 18], [15, 22, 16, 23], [17, 13, 18, 12], [19, 2, 20, 3], [21, 5, 22, 4], [23, 16, 24, 17]]"
12a_0048_113,"[[23, 16, 24, 17], [1, 6, 2, 7], [3, 10, 4, 11], [5, 9, 6, 8], [7, 24, 8, 1], [9, 21, 10, 20], [11, 15, 12, 14], [13, 19, 14, 18], [15, 22, 16, 23], [17, 13, 18, 12], [19, 2, 20, 3], [21, 5, 22, 4]]"
12a_0048_114,"[[21, 5, 22, 4], [23, 16, 24, 17], [1, 6, 2, 7], [3, 10, 4, 11], [5, 9, 6, 8], [7, 24, 8, 1], [9, 21, 10, 20], [11, 15, 12, 14], [13, 19, 14, 18], [15, 22, 16, 23], [17, 13, 18, 12], [19, 2, 20, 3]]"
12a_0048_115,"[[19, 2, 20, 3], [21, 5, 22, 4], [23, 16, 24, 17], [1, 6, 2, 7], [3, 10, 4, 11], [5, 9, 6, 8], [7, 24, 8, 1], [9, 21, 10, 20], [11, 15, 12, 14], [13, 19, 14, 18], [15, 22, 16, 23], [17, 13, 18, 12]]"
12a_0048_116,"[[17, 13, 18, 12], [19, 2, 20, 3], [21, 5, 22, 4], [23, 16, 24, 17], [1, 6, 2, 7], [3, 10, 4, 11], [5, 9, 6, 8], [7, 24, 8, 1], [9, 21, 10, 20], [11, 15, 12, 14], [13, 19, 14, 18], [15, 22, 16, 23]]"
12a_0048_117,"[[15, 22, 16, 23], [17, 13, 18, 12], [19, 2, 20, 3], [21, 5, 22, 4], [23, 16, 24, 17], [1, 6, 2, 7], [3, 10, 4, 11], [5, 9, 6, 8], [7, 24, 8, 1], [9, 21, 10, 20], [11, 15, 12, 14], [13, 19, 14, 18]]"
12a_0048_118,"[[13, 19, 14, 18], [15, 22, 16, 23], [17, 13, 18, 12], [19, 2, 20, 3], [21, 5, 22, 4], [23, 16, 24, 17], [1, 6, 2, 7], [3, 10, 4, 11], [5, 9, 6, 8], [7, 24, 8, 1], [9, 21, 10, 20], [11, 15, 12, 14]]"
12a_0048_119,"[[11, 15, 12, 14], [13, 19, 14, 18], [15, 22, 16, 23], [17, 13, 18, 12], [19, 2, 20, 3], [21, 5, 22, 4], [23, 16, 24, 17], [1, 6, 2, 7], [3, 10, 4, 11], [5, 9, 6, 8], [7, 24, 8, 1], [9, 21, 10, 20]]"
12a_0048_120,"[[10, 22, 11, 21], [12, 16, 13, 15], [14, 20, 15, 19], [16, 23, 17, 24], [18, 14, 19, 13], [20, 3, 21, 4], [22, 6, 23, 5], [24, 17, 1, 18], [2, 7, 3, 8], [4, 11, 5, 12], [6, 10, 7, 9], [8, 1, 9, 2]]"
12a_0048_121,"[[8, 1, 9, 2], [10, 22, 11, 21], [12, 16, 13, 15], [14, 20, 15, 19], [16, 23, 17, 24], [18, 14, 19, 13], [20, 3, 21, 4], [22, 6, 23, 5], [24, 17, 1, 18], [2, 7, 3, 8], [4, 11, 5, 12], [6, 10, 7, 9]]"
12a_0048_122,"[[6, 10, 7, 9], [8, 1, 9, 2], [10, 22, 11, 21], [12, 16, 13, 15], [14, 20, 15, 19], [16, 23, 17, 24], [18, 14, 19, 13], [20, 3, 21, 4], [22, 6, 23, 5], [24, 17, 1, 18], [2, 7, 3, 8], [4, 11, 5, 12]]"
12a_0048_123,"[[4, 11, 5, 12], [6, 10, 7, 9], [8, 1, 9, 2], [10, 22, 11, 21], [12, 16, 13, 15], [14, 20, 15, 19], [16, 23, 17, 24], [18, 14, 19, 13], [20, 3, 21, 4], [22, 6, 23, 5], [24, 17, 1, 18], [2, 7, 3, 8]]"
12a_0048_124,"[[2, 7, 3, 8], [4, 11, 5, 12], [6, 10, 7, 9], [8, 1, 9, 2], [10, 22, 11, 21], [12, 16, 13, 15], [14, 20, 15, 19], [16, 23, 17, 24], [18, 14, 19, 13], [20, 3, 21, 4], [22, 6, 23, 5], [24, 17, 1, 18]]"
12a_0048_125,"[[24, 17, 1, 18], [2, 7, 3, 8], [4, 11, 5, 12], [6, 10, 7, 9], [8, 1, 9, 2], [10, 22, 11, 21], [12, 16, 13, 15], [14, 20, 15, 19], [16, 23, 17, 24], [18, 14, 19, 13], [20, 3, 21, 4], [22, 6, 23, 5]]"
12a_0048_126,"[[22, 6, 23, 5], [24, 17, 1, 18], [2, 7, 3, 8], [4, 11, 5, 12], [6, 10, 7, 9], [8, 1, 9, 2], [10, 22, 11, 21], [12, 16, 13, 15], [14, 20, 15, 19], [16, 23, 17, 24], [18, 14, 19, 13], [20, 3, 21, 4]]"
12a_0048_127,"[[20, 3, 21, 4], [22, 6, 23, 5], [24, 17, 1, 18], [2, 7, 3, 8], [4, 11, 5, 12], [6, 10, 7, 9], [8, 1, 9, 2], [10, 22, 11, 21], [12, 16, 13, 15], [14, 20, 15, 19], [16, 23, 17, 24], [18, 14, 19, 13]]"
12a_0048_128,"[[18, 14, 19, 13], [20, 3, 21, 4], [22, 6, 23, 5], [24, 17, 1, 18], [2, 7, 3, 8], [4, 11, 5, 12], [6, 10, 7, 9], [8, 1, 9, 2], [10, 22, 11, 21], [12, 16, 13, 15], [14, 20, 15, 19], [16, 23, 17, 24]]"
12a_0048_129,"[[16, 23, 17, 24], [18, 14, 19, 13], [20, 3, 21, 4], [22, 6, 23, 5], [24, 17, 1, 18], [2, 7, 3, 8], [4, 11, 5, 12], [6, 10, 7, 9], [8, 1, 9, 2], [10, 22, 11, 21], [12, 16, 13, 15], [14, 20, 15, 19]]"
12a_0048_130,"[[14, 20, 15, 19], [16, 23, 17, 24], [18, 14, 19, 13], [20, 3, 21, 4], [22, 6, 23, 5], [24, 17, 1, 18], [2, 7, 3, 8], [4, 11, 5, 12], [6, 10, 7, 9], [8, 1, 9, 2], [10, 22, 11, 21], [12, 16, 13, 15]]"
12a_0048_131,"[[12, 16, 13, 15], [14, 20, 15, 19], [16, 23, 17, 24], [18, 14, 19, 13], [20, 3, 21, 4], [22, 6, 23, 5], [24, 17, 1, 18], [2, 7, 3, 8], [4, 11, 5, 12], [6, 10, 7, 9], [8, 1, 9, 2], [10, 22, 11, 21]]"
12a_0048_132,"[[11, 23, 12, 22], [13, 17, 14, 16], [15, 21, 16, 20], [17, 24, 18, 1], [19, 15, 20, 14], [21, 4, 22, 5], [23, 7, 24, 6], [1, 18, 2, 19], [3, 8, 4, 9], [5, 12, 6, 13], [7, 11, 8, 10], [9, 2, 10, 3]]"
12a_0048_133,"[[9, 2, 10, 3], [11, 23, 12, 22], [13, 17, 14, 16], [15, 21, 16, 20], [17, 24, 18, 1], [19, 15, 20, 14], [21, 4, 22, 5], [23, 7, 24, 6], [1, 18, 2, 19], [3, 8, 4, 9], [5, 12, 6, 13], [7, 11, 8, 10]]"
12a_0048_134,"[[7, 11, 8, 10], [9, 2, 10, 3], [11, 23, 12, 22], [13, 17, 14, 16], [15, 21, 16, 20], [17, 24, 18, 1], [19, 15, 20, 14], [21, 4, 22, 5], [23, 7, 24, 6], [1, 18, 2, 19], [3, 8, 4, 9], [5, 12, 6, 13]]"
12a_0048_135,"[[5, 12, 6, 13], [7, 11, 8, 10], [9, 2, 10, 3], [11, 23, 12, 22], [13, 17, 14, 16], [15, 21, 16, 20], [17, 24, 18, 1], [19, 15, 20, 14], [21, 4, 22, 5], [23, 7, 24, 6], [1, 18, 2, 19], [3, 8, 4, 9]]"
12a_0048_136,"[[3, 8, 4, 9], [5, 12, 6, 13], [7, 11, 8, 10], [9, 2, 10, 3], [11, 23, 12, 22], [13, 17, 14, 16], [15, 21, 16, 20], [17, 24, 18, 1], [19, 15, 20, 14], [21, 4, 22, 5], [23, 7, 24, 6], [1, 18, 2, 19]]"
12a_0048_137,"[[1, 18, 2, 19], [3, 8, 4, 9], [5, 12, 6, 13], [7, 11, 8, 10], [9, 2, 10, 3], [11, 23, 12, 22], [13, 17, 14, 16], [15, 21, 16, 20], [17, 24, 18, 1], [19, 15, 20, 14], [21, 4, 22, 5], [23, 7, 24, 6]]"
12a_0048_138,"[[23, 7, 24, 6], [1, 18, 2, 19], [3, 8, 4, 9], [5, 12, 6, 13], [7, 11, 8, 10], [9, 2, 10, 3], [11, 23, 12, 22], [13, 17, 14, 16], [15, 21, 16, 20], [17, 24, 18, 1], [19, 15, 20, 14], [21, 4, 22, 5]]"
12a_0048_139,"[[21, 4, 22, 5], [23, 7, 24, 6], [1, 18, 2, 19], [3, 8, 4, 9], [5, 12, 6, 13], [7, 11, 8, 10], [9, 2, 10, 3], [11, 23, 12, 22], [13, 17, 14, 16], [15, 21, 16, 20], [17, 24, 18, 1], [19, 15, 20, 14]]"
12a_0048_140,"[[19, 15, 20, 14], [21, 4, 22, 5], [23, 7, 24, 6], [1, 18, 2, 19], [3, 8, 4, 9], [5, 12, 6, 13], [7, 11, 8, 10], [9, 2, 10, 3], [11, 23, 12, 22], [13, 17, 14, 16], [15, 21, 16, 20], [17, 24, 18, 1]]"
12a_0048_141,"[[17, 24, 18, 1], [19, 15, 20, 14], [21, 4, 22, 5], [23, 7, 24, 6], [1, 18, 2, 19], [3, 8, 4, 9], [5, 12, 6, 13], [7, 11, 8, 10], [9, 2, 10, 3], [11, 23, 12, 22], [13, 17, 14, 16], [15, 21, 16, 20]]"
12a_0048_142,"[[15, 21, 16, 20], [17, 24, 18, 1], [19, 15, 20, 14], [21, 4, 22, 5], [23, 7, 24, 6], [1, 18, 2, 19], [3, 8, 4, 9], [5, 12, 6, 13], [7, 11, 8, 10], [9, 2, 10, 3], [11, 23, 12, 22], [13, 17, 14, 16]]"
12a_0048_143,"[[13, 17, 14, 16], [15, 21, 16, 20], [17, 24, 18, 1], [19, 15, 20, 14], [21, 4, 22, 5], [23, 7, 24, 6], [1, 18, 2, 19], [3, 8, 4, 9], [5, 12, 6, 13], [7, 11, 8, 10], [9, 2, 10, 3], [11, 23, 12, 22]]"
12a_0048_144,"[[12, 24, 13, 23], [14, 18, 15, 17], [16, 22, 17, 21], [18, 1, 19, 2], [20, 16, 21, 15], [22, 5, 23, 6], [24, 8, 1, 7], [2, 19, 3, 20], [4, 9, 5, 10], [6, 13, 7, 14], [8, 12, 9, 11], [10, 3, 11, 4]]"
12a_0048_145,"[[10, 3, 11, 4], [12, 24, 13, 23], [14, 18, 15, 17], [16, 22, 17, 21], [18, 1, 19, 2], [20, 16, 21, 15], [22, 5, 23, 6], [24, 8, 1, 7], [2, 19, 3, 20], [4, 9, 5, 10], [6, 13, 7, 14], [8, 12, 9, 11]]"
12a_0048_146,"[[8, 12, 9, 11], [10, 3, 11, 4], [12, 24, 13, 23], [14, 18, 15, 17], [16, 22, 17, 21], [18, 1, 19, 2], [20, 16, 21, 15], [22, 5, 23, 6], [24, 8, 1, 7], [2, 19, 3, 20], [4, 9, 5, 10], [6, 13, 7, 14]]"
12a_0048_147,"[[6, 13, 7, 14], [8, 12, 9, 11], [10, 3, 11, 4], [12, 24, 13, 23], [14, 18, 15, 17], [16, 22, 17, 21], [18, 1, 19, 2], [20, 16, 21, 15], [22, 5, 23, 6], [24, 8, 1, 7], [2, 19, 3, 20], [4, 9, 5, 10]]"
12a_0048_148,"[[4, 9, 5, 10], [6, 13, 7, 14], [8, 12, 9, 11], [10, 3, 11, 4], [12, 24, 13, 23], [14, 18, 15, 17], [16, 22, 17, 21], [18, 1, 19, 2], [20, 16, 21, 15], [22, 5, 23, 6], [24, 8, 1, 7], [2, 19, 3, 20]]"
12a_0048_149,"[[2, 19, 3, 20], [4, 9, 5, 10], [6, 13, 7, 14], [8, 12, 9, 11], [10, 3, 11, 4], [12, 24, 13, 23], [14, 18, 15, 17], [16, 22, 17, 21], [18, 1, 19, 2], [20, 16, 21, 15], [22, 5, 23, 6], [24, 8, 1, 7]]"
12a_0048_150,"[[24, 8, 1, 7], [2, 19, 3, 20], [4, 9, 5, 10], [6, 13, 7, 14], [8, 12, 9, 11], [10, 3, 11, 4], [12, 24, 13, 23], [14, 18, 15, 17], [16, 22, 17, 21], [18, 1, 19, 2], [20, 16, 21, 15], [22, 5, 23, 6]]"
12a_0048_151,"[[22, 5, 23, 6], [24, 8, 1, 7], [2, 19, 3, 20], [4, 9, 5, 10], [6, 13, 7, 14], [8, 12, 9, 11], [10, 3, 11, 4], [12, 24, 13, 23], [14, 18, 15, 17], [16, 22, 17, 21], [18, 1, 19, 2], [20, 16, 21, 15]]"
12a_0048_152,"[[20, 16, 21, 15], [22, 5, 23, 6], [24, 8, 1, 7], [2, 19, 3, 20], [4, 9, 5, 10], [6, 13, 7, 14], [8, 12, 9, 11], [10, 3, 11, 4], [12, 24, 13, 23], [14, 18, 15, 17], [16, 22, 17, 21], [18, 1, 19, 2]]"
12a_0048_153,"[[18, 1, 19, 2], [20, 16, 21, 15], [22, 5, 23, 6], [24, 8, 1, 7], [2, 19, 3, 20], [4, 9, 5, 10], [6, 13, 7, 14], [8, 12, 9, 11], [10, 3, 11, 4], [12, 24, 13, 23], [14, 18, 15, 17], [16, 22, 17, 21]]"
12a_0048_154,"[[16, 22, 17, 21], [18, 1, 19, 2], [20, 16, 21, 15], [22, 5, 23, 6], [24, 8, 1, 7], [2, 19, 3, 20], [4, 9, 5, 10], [6, 13, 7, 14], [8, 12, 9, 11], [10, 3, 11, 4], [12, 24, 13, 23], [14, 18, 15, 17]]"
12a_0048_155,"[[14, 18, 15, 17], [16, 22, 17, 21], [18, 1, 19, 2], [20, 16, 21, 15], [22, 5, 23, 6], [24, 8, 1, 7], [2, 19, 3, 20], [4, 9, 5, 10], [6, 13, 7, 14], [8, 12, 9, 11], [10, 3, 11, 4], [12, 24, 13, 23]]"
12a_0048_156,"[[13, 1, 14, 24], [15, 19, 16, 18], [17, 23, 18, 22], [19, 2, 20, 3], [21, 17, 22, 16], [23, 6, 24, 7], [1, 9, 2, 8], [3, 20, 4, 21], [5, 10, 6, 11], [7, 14, 8, 15], [9, 13, 10, 12], [11, 4, 12, 5]]"
12a_0048_157,"[[11, 4, 12, 5], [13, 1, 14, 24], [15, 19, 16, 18], [17, 23, 18, 22], [19, 2, 20, 3], [21, 17, 22, 16], [23, 6, 24, 7], [1, 9, 2, 8], [3, 20, 4, 21], [5, 10, 6, 11], [7, 14, 8, 15], [9, 13, 10, 12]]"
12a_0048_158,"[[9, 13, 10, 12], [11, 4, 12, 5], [13, 1, 14, 24], [15, 19, 16, 18], [17, 23, 18, 22], [19, 2, 20, 3], [21, 17, 22, 16], [23, 6, 24, 7], [1, 9, 2, 8], [3, 20, 4, 21], [5, 10, 6, 11], [7, 14, 8, 15]]"
12a_0048_159,"[[7, 14, 8, 15], [9, 13, 10, 12], [11, 4, 12, 5], [13, 1, 14, 24], [15, 19, 16, 18], [17, 23, 18, 22], [19, 2, 20, 3], [21, 17, 22, 16], [23, 6, 24, 7], [1, 9, 2, 8], [3, 20, 4, 21], [5, 10, 6, 11]]"
12a_0048_160,"[[5, 10, 6, 11], [7, 14, 8, 15], [9, 13, 10, 12], [11, 4, 12, 5], [13, 1, 14, 24], [15, 19, 16, 18], [17, 23, 18, 22], [19, 2, 20, 3], [21, 17, 22, 16], [23, 6, 24, 7], [1, 9, 2, 8], [3, 20, 4, 21]]"
12a_0048_161,"[[3, 20, 4, 21], [5, 10, 6, 11], [7, 14, 8, 15], [9, 13, 10, 12], [11, 4, 12, 5], [13, 1, 14, 24], [15, 19, 16, 18], [17, 23, 18, 22], [19, 2, 20, 3], [21, 17, 22, 16], [23, 6, 24, 7], [1, 9, 2, 8]]"
12a_0048_162,"[[1, 9, 2, 8], [3, 20, 4, 21], [5, 10, 6, 11], [7, 14, 8, 15], [9, 13, 10, 12], [11, 4, 12, 5], [13, 1, 14, 24], [15, 19, 16, 18], [17, 23, 18, 22], [19, 2, 20, 3], [21, 17, 22, 16], [23, 6, 24, 7]]"
12a_0048_163,"[[23, 6, 24, 7], [1, 9, 2, 8], [3, 20, 4, 21], [5, 10, 6, 11], [7, 14, 8, 15], [9, 13, 10, 12], [11, 4, 12, 5], [13, 1, 14, 24], [15, 19, 16, 18], [17, 23, 18, 22], [19, 2, 20, 3], [21, 17, 22, 16]]"
12a_0048_164,"[[21, 17, 22, 16], [23, 6, 24, 7], [1, 9, 2, 8], [3, 20, 4, 21], [5, 10, 6, 11], [7, 14, 8, 15], [9, 13, 10, 12], [11, 4, 12, 5], [13, 1, 14, 24], [15, 19, 16, 18], [17, 23, 18, 22], [19, 2, 20, 3]]"
12a_0048_165,"[[19, 2, 20, 3], [21, 17, 22, 16], [23, 6, 24, 7], [1, 9, 2, 8], [3, 20, 4, 21], [5, 10, 6, 11], [7, 14, 8, 15], [9, 13, 10, 12], [11, 4, 12, 5], [13, 1, 14, 24], [15, 19, 16, 18], [17, 23, 18, 22]]"
12a_0048_166,"[[17, 23, 18, 22], [19, 2, 20, 3], [21, 17, 22, 16], [23, 6, 24, 7], [1, 9, 2, 8], [3, 20, 4, 21], [5, 10, 6, 11], [7, 14, 8, 15], [9, 13, 10, 12], [11, 4, 12, 5], [13, 1, 14, 24], [15, 19, 16, 18]]"
12a_0048_167,"[[15, 19, 16, 18], [17, 23, 18, 22], [19, 2, 20, 3], [21, 17, 22, 16], [23, 6, 24, 7], [1, 9, 2, 8], [3, 20, 4, 21], [5, 10, 6, 11], [7, 14, 8, 15], [9, 13, 10, 12], [11, 4, 12, 5], [13, 1, 14, 24]]"
12a_0048_168,"[[14, 2, 15, 1], [16, 20, 17, 19], [18, 24, 19, 23], [20, 3, 21, 4], [22, 18, 23, 17], [24, 7, 1, 8], [2, 10, 3, 9], [4, 21, 5, 22], [6, 11, 7, 12], [8, 15, 9, 16], [10, 14, 11, 13], [12, 5, 13, 6]]"
12a_0048_169,"[[12, 5, 13, 6], [14, 2, 15, 1], [16, 20, 17, 19], [18, 24, 19, 23], [20, 3, 21, 4], [22, 18, 23, 17], [24, 7, 1, 8], [2, 10, 3, 9], [4, 21, 5, 22], [6, 11, 7, 12], [8, 15, 9, 16], [10, 14, 11, 13]]"
12a_0048_170,"[[10, 14, 11, 13], [12, 5, 13, 6], [14, 2, 15, 1], [16, 20, 17, 19], [18, 24, 19, 23], [20, 3, 21, 4], [22, 18, 23, 17], [24, 7, 1, 8], [2, 10, 3, 9], [4, 21, 5, 22], [6, 11, 7, 12], [8, 15, 9, 16]]"
12a_0048_171,"[[8, 15, 9, 16], [10, 14, 11, 13], [12, 5, 13, 6], [14, 2, 15, 1], [16, 20, 17, 19], [18, 24, 19, 23], [20, 3, 21, 4], [22, 18, 23, 17], [24, 7, 1, 8], [2, 10, 3, 9], [4, 21, 5, 22], [6, 11, 7, 12]]"
12a_0048_172,"[[6, 11, 7, 12], [8, 15, 9, 16], [10, 14, 11, 13], [12, 5, 13, 6], [14, 2, 15, 1], [16, 20, 17, 19], [18, 24, 19, 23], [20, 3, 21, 4], [22, 18, 23, 17], [24, 7, 1, 8], [2, 10, 3, 9], [4, 21, 5, 22]]"
12a_0048_173,"[[4, 21, 5, 22], [6, 11, 7, 12], [8, 15, 9, 16], [10, 14, 11, 13], [12, 5, 13, 6], [14, 2, 15, 1], [16, 20, 17, 19], [18, 24, 19, 23], [20, 3, 21, 4], [22, 18, 23, 17], [24, 7, 1, 8], [2, 10, 3, 9]]"
12a_0048_174,"[[2, 10, 3, 9], [4, 21, 5, 22], [6, 11, 7, 12], [8, 15, 9, 16], [10, 14, 11, 13], [12, 5, 13, 6], [14, 2, 15, 1], [16, 20, 17, 19], [18, 24, 19, 23], [20, 3, 21, 4], [22, 18, 23, 17], [24, 7, 1, 8]]"
12a_0048_175,"[[24, 7, 1, 8], [2, 10, 3, 9], [4, 21, 5, 22], [6, 11, 7, 12], [8, 15, 9, 16], [10, 14, 11, 13], [12, 5, 13, 6], [14, 2, 15, 1], [16, 20, 17, 19], [18, 24, 19, 23], [20, 3, 21, 4], [22, 18, 23, 17]]"
12a_0048_176,"[[22, 18, 23, 17], [24, 7, 1, 8], [2, 10, 3, 9], [4, 21, 5, 22], [6, 11, 7, 12], [8, 15, 9, 16], [10, 14, 11, 13], [12, 5, 13, 6], [14, 2, 15, 1], [16, 20, 17, 19], [18, 24, 19, 23], [20, 3, 21, 4]]"
12a_0048_177,"[[20, 3, 21, 4], [22, 18, 23, 17], [24, 7, 1, 8], [2, 10, 3, 9], [4, 21, 5, 22], [6, 11, 7, 12], [8, 15, 9, 16], [10, 14, 11, 13], [12, 5, 13, 6], [14, 2, 15, 1], [16, 20, 17, 19], [18, 24, 19, 23]]"
12a_0048_178,"[[18, 24, 19, 23], [20, 3, 21, 4], [22, 18, 23, 17], [24, 7, 1, 8], [2, 10, 3, 9], [4, 21, 5, 22], [6, 11, 7, 12], [8, 15, 9, 16], [10, 14, 11, 13], [12, 5, 13, 6], [14, 2, 15, 1], [16, 20, 17, 19]]"
12a_0048_179,"[[16, 20, 17, 19], [18, 24, 19, 23], [20, 3, 21, 4], [22, 18, 23, 17], [24, 7, 1, 8], [2, 10, 3, 9], [4, 21, 5, 22], [6, 11, 7, 12], [8, 15, 9, 16], [10, 14, 11, 13], [12, 5, 13, 6], [14, 2, 15, 1]]"
12a_0048_180,"[[15, 3, 16, 2], [17, 21, 18, 20], [19, 1, 20, 24], [21, 4, 22, 5], [23, 19, 24, 18], [1, 8, 2, 9], [3, 11, 4, 10], [5, 22, 6, 23], [7, 12, 8, 13], [9, 16, 10, 17], [11, 15, 12, 14], [13, 6, 14, 7]]"
12a_0048_181,"[[13, 6, 14, 7], [15, 3, 16, 2], [17, 21, 18, 20], [19, 1, 20, 24], [21, 4, 22, 5], [23, 19, 24, 18], [1, 8, 2, 9], [3, 11, 4, 10], [5, 22, 6, 23], [7, 12, 8, 13], [9, 16, 10, 17], [11, 15, 12, 14]]"
12a_0048_182,"[[11, 15, 12, 14], [13, 6, 14, 7], [15, 3, 16, 2], [17, 21, 18, 20], [19, 1, 20, 24], [21, 4, 22, 5], [23, 19, 24, 18], [1, 8, 2, 9], [3, 11, 4, 10], [5, 22, 6, 23], [7, 12, 8, 13], [9, 16, 10, 17]]"
12a_0048_183,"[[9, 16, 10, 17], [11, 15, 12, 14], [13, 6, 14, 7], [15, 3, 16, 2], [17, 21, 18, 20], [19, 1, 20, 24], [21, 4, 22, 5], [23, 19, 24, 18], [1, 8, 2, 9], [3, 11, 4, 10], [5, 22, 6, 23], [7, 12, 8, 13]]"
12a_0048_184,"[[7, 12, 8, 13], [9, 16, 10, 17], [11, 15, 12, 14], [13, 6, 14, 7], [15, 3, 16, 2], [17, 21, 18, 20], [19, 1, 20, 24], [21, 4, 22, 5], [23, 19, 24, 18], [1, 8, 2, 9], [3, 11, 4, 10], [5, 22, 6, 23]]"
12a_0048_185,"[[5, 22, 6, 23], [7, 12, 8, 13], [9, 16, 10, 17], [11, 15, 12, 14], [13, 6, 14, 7], [15, 3, 16, 2], [17, 21, 18, 20], [19, 1, 20, 24], [21, 4, 22, 5], [23, 19, 24, 18], [1, 8, 2, 9], [3, 11, 4, 10]]"
