name,pd_notation
12a_0031_0,"[[24, 19, 1, 20], [2, 6, 3, 5], [4, 9, 5, 10], [6, 12, 7, 11], [8, 18, 9, 17], [10, 3, 11, 4], [12, 24, 13, 23], [14, 22, 15, 21], [16, 8, 17, 7], [18, 1, 19, 2], [20, 16, 21, 15], [22, 14, 23, 13]]"
12a_0031_1,"[[22, 14, 23, 13], [24, 19, 1, 20], [2, 6, 3, 5], [4, 9, 5, 10], [6, 12, 7, 11], [8, 18, 9, 17], [10, 3, 11, 4], [12, 24, 13, 23], [14, 22, 15, 21], [16, 8, 17, 7], [18, 1, 19, 2], [20, 16, 21, 15]]"
12a_0031_2,"[[20, 16, 21, 15], [22, 14, 23, 13], [24, 19, 1, 20], [2, 6, 3, 5], [4, 9, 5, 10], [6, 12, 7, 11], [8, 18, 9, 17], [10, 3, 11, 4], [12, 24, 13, 23], [14, 22, 15, 21], [16, 8, 17, 7], [18, 1, 19, 2]]"
12a_0031_3,"[[18, 1, 19, 2], [20, 16, 21, 15], [22, 14, 23, 13], [24, 19, 1, 20], [2, 6, 3, 5], [4, 9, 5, 10], [6, 12, 7, 11], [8, 18, 9, 17], [10, 3, 11, 4], [12, 24, 13, 23], [14, 22, 15, 21], [16, 8, 17, 7]]"
12a_0031_4,"[[16, 8, 17, 7], [18, 1, 19, 2], [20, 16, 21, 15], [22, 14, 23, 13], [24, 19, 1, 20], [2, 6, 3, 5], [4, 9, 5, 10], [6, 12, 7, 11], [8, 18, 9, 17], [10, 3, 11, 4], [12, 24, 13, 23], [14, 22, 15, 21]]"
12a_0031_5,"[[14, 22, 15, 21], [16, 8, 17, 7], [18, 1, 19, 2], [20, 16, 21, 15], [22, 14, 23, 13], [24, 19, 1, 20], [2, 6, 3, 5], [4, 9, 5, 10], [6, 12, 7, 11], [8, 18, 9, 17], [10, 3, 11, 4], [12, 24, 13, 23]]"
12a_0031_6,"[[12, 24, 13, 23], [14, 22, 15, 21], [16, 8, 17, 7], [18, 1, 19, 2], [20, 16, 21, 15], [22, 14, 23, 13], [24, 19, 1, 20], [2, 6, 3, 5], [4, 9, 5, 10], [6, 12, 7, 11], [8, 18, 9, 17], [10, 3, 11, 4]]"
12a_0031_7,"[[10, 3, 11, 4], [12, 24, 13, 23], [14, 22, 15, 21], [16, 8, 17, 7], [18, 1, 19, 2], [20, 16, 21, 15], [22, 14, 23, 13], [24, 19, 1, 20], [2, 6, 3, 5], [4, 9, 5, 10], [6, 12, 7, 11], [8, 18, 9, 17]]"
12a_0031_8,"[[8, 18, 9, 17], [10, 3, 11, 4], [12, 24, 13, 23], [14, 22, 15, 21], [16, 8, 17, 7], [18, 1, 19, 2], [20, 16, 21, 15], [22, 14, 23, 13], [24, 19, 1, 20], [2, 6, 3, 5], [4, 9, 5, 10], [6, 12, 7, 11]]"
12a_0031_9,"[[6, 12, 7, 11], [8, 18, 9, 17], [10, 3, 11, 4], [12, 24, 13, 23], [14, 22, 15, 21], [16, 8, 17, 7], [18, 1, 19, 2], [20, 16, 21, 15], [22, 14, 23, 13], [24, 19, 1, 20], [2, 6, 3, 5], [4, 9, 5, 10]]"
12a_0031_10,"[[4, 9, 5, 10], [6, 12, 7, 11], [8, 18, 9, 17], [10, 3, 11, 4], [12, 24, 13, 23], [14, 22, 15, 21], [16, 8, 17, 7], [18, 1, 19, 2], [20, 16, 21, 15], [22, 14, 23, 13], [24, 19, 1, 20], [2, 6, 3, 5]]"
12a_0031_11,"[[2, 6, 3, 5], [4, 9, 5, 10], [6, 12, 7, 11], [8, 18, 9, 17], [10, 3, 11, 4], [12, 24, 13, 23], [14, 22, 15, 21], [16, 8, 17, 7], [18, 1, 19, 2], [20, 16, 21, 15], [22, 14, 23, 13], [24, 19, 1, 20]]"
12a_0031_12,"[[1, 20, 2, 21], [3, 7, 4, 6], [5, 10, 6, 11], [7, 13, 8, 12], [9, 19, 10, 18], [11, 4, 12, 5], [13, 1, 14, 24], [15, 23, 16, 22], [17, 9, 18, 8], [19, 2, 20, 3], [21, 17, 22, 16], [23, 15, 24, 14]]"
12a_0031_13,"[[23, 15, 24, 14], [1, 20, 2, 21], [3, 7, 4, 6], [5, 10, 6, 11], [7, 13, 8, 12], [9, 19, 10, 18], [11, 4, 12, 5], [13, 1, 14, 24], [15, 23, 16, 22], [17, 9, 18, 8], [19, 2, 20, 3], [21, 17, 22, 16]]"
12a_0031_14,"[[21, 17, 22, 16], [23, 15, 24, 14], [1, 20, 2, 21], [3, 7, 4, 6], [5, 10, 6, 11], [7, 13, 8, 12], [9, 19, 10, 18], [11, 4, 12, 5], [13, 1, 14, 24], [15, 23, 16, 22], [17, 9, 18, 8], [19, 2, 20, 3]]"
12a_0031_15,"[[19, 2, 20, 3], [21, 17, 22, 16], [23, 15, 24, 14], [1, 20, 2, 21], [3, 7, 4, 6], [5, 10, 6, 11], [7, 13, 8, 12], [9, 19, 10, 18], [11, 4, 12, 5], [13, 1, 14, 24], [15, 23, 16, 22], [17, 9, 18, 8]]"
12a_0031_16,"[[17, 9, 18, 8], [19, 2, 20, 3], [21, 17, 22, 16], [23, 15, 24, 14], [1, 20, 2, 21], [3, 7, 4, 6], [5, 10, 6, 11], [7, 13, 8, 12], [9, 19, 10, 18], [11, 4, 12, 5], [13, 1, 14, 24], [15, 23, 16, 22]]"
12a_0031_17,"[[15, 23, 16, 22], [17, 9, 18, 8], [19, 2, 20, 3], [21, 17, 22, 16], [23, 15, 24, 14], [1, 20, 2, 21], [3, 7, 4, 6], [5, 10, 6, 11], [7, 13, 8, 12], [9, 19, 10, 18], [11, 4, 12, 5], [13, 1, 14, 24]]"
12a_0031_18,"[[13, 1, 14, 24], [15, 23, 16, 22], [17, 9, 18, 8], [19, 2, 20, 3], [21, 17, 22, 16], [23, 15, 24, 14], [1, 20, 2, 21], [3, 7, 4, 6], [5, 10, 6, 11], [7, 13, 8, 12], [9, 19, 10, 18], [11, 4, 12, 5]]"
12a_0031_19,"[[11, 4, 12, 5], [13, 1, 14, 24], [15, 23, 16, 22], [17, 9, 18, 8], [19, 2, 20, 3], [21, 17, 22, 16], [23, 15, 24, 14], [1, 20, 2, 21], [3, 7, 4, 6], [5, 10, 6, 11], [7, 13, 8, 12], [9, 19, 10, 18]]"
12a_0031_20,"[[9, 19, 10, 18], [11, 4, 12, 5], [13, 1, 14, 24], [15, 23, 16, 22], [17, 9, 18, 8], [19, 2, 20, 3], [21, 17, 22, 16], [23, 15, 24, 14], [1, 20, 2, 21], [3, 7, 4, 6], [5, 10, 6, 11], [7, 13, 8, 12]]"
12a_0031_21,"[[7, 13, 8, 12], [9, 19, 10, 18], [11, 4, 12, 5], [13, 1, 14, 24], [15, 23, 16, 22], [17, 9, 18, 8], [19, 2, 20, 3], [21, 17, 22, 16], [23, 15, 24, 14], [1, 20, 2, 21], [3, 7, 4, 6], [5, 10, 6, 11]]"
12a_0031_22,"[[5, 10, 6, 11], [7, 13, 8, 12], [9, 19, 10, 18], [11, 4, 12, 5], [13, 1, 14, 24], [15, 23, 16, 22], [17, 9, 18, 8], [19, 2, 20, 3], [21, 17, 22, 16], [23, 15, 24, 14], [1, 20, 2, 21], [3, 7, 4, 6]]"
12a_0031_23,"[[3, 7, 4, 6], [5, 10, 6, 11], [7, 13, 8, 12], [9, 19, 10, 18], [11, 4, 12, 5], [13, 1, 14, 24], [15, 23, 16, 22], [17, 9, 18, 8], [19, 2, 20, 3], [21, 17, 22, 16], [23, 15, 24, 14], [1, 20, 2, 21]]"
12a_0031_24,"[[2, 21, 3, 22], [4, 8, 5, 7], [6, 11, 7, 12], [8, 14, 9, 13], [10, 20, 11, 19], [12, 5, 13, 6], [14, 2, 15, 1], [16, 24, 17, 23], [18, 10, 19, 9], [20, 3, 21, 4], [22, 18, 23, 17], [24, 16, 1, 15]]"
12a_0031_25,"[[24, 16, 1, 15], [2, 21, 3, 22], [4, 8, 5, 7], [6, 11, 7, 12], [8, 14, 9, 13], [10, 20, 11, 19], [12, 5, 13, 6], [14, 2, 15, 1], [16, 24, 17, 23], [18, 10, 19, 9], [20, 3, 21, 4], [22, 18, 23, 17]]"
12a_0031_26,"[[22, 18, 23, 17], [24, 16, 1, 15], [2, 21, 3, 22], [4, 8, 5, 7], [6, 11, 7, 12], [8, 14, 9, 13], [10, 20, 11, 19], [12, 5, 13, 6], [14, 2, 15, 1], [16, 24, 17, 23], [18, 10, 19, 9], [20, 3, 21, 4]]"
12a_0031_27,"[[20, 3, 21, 4], [22, 18, 23, 17], [24, 16, 1, 15], [2, 21, 3, 22], [4, 8, 5, 7], [6, 11, 7, 12], [8, 14, 9, 13], [10, 20, 11, 19], [12, 5, 13, 6], [14, 2, 15, 1], [16, 24, 17, 23], [18, 10, 19, 9]]"
12a_0031_28,"[[18, 10, 19, 9], [20, 3, 21, 4], [22, 18, 23, 17], [24, 16, 1, 15], [2, 21, 3, 22], [4, 8, 5, 7], [6, 11, 7, 12], [8, 14, 9, 13], [10, 20, 11, 19], [12, 5, 13, 6], [14, 2, 15, 1], [16, 24, 17, 23]]"
12a_0031_29,"[[16, 24, 17, 23], [18, 10, 19, 9], [20, 3, 21, 4], [22, 18, 23, 17], [24, 16, 1, 15], [2, 21, 3, 22], [4, 8, 5, 7], [6, 11, 7, 12], [8, 14, 9, 13], [10, 20, 11, 19], [12, 5, 13, 6], [14, 2, 15, 1]]"
12a_0031_30,"[[14, 2, 15, 1], [16, 24, 17, 23], [18, 10, 19, 9], [20, 3, 21, 4], [22, 18, 23, 17], [24, 16, 1, 15], [2, 21, 3, 22], [4, 8, 5, 7], [6, 11, 7, 12], [8, 14, 9, 13], [10, 20, 11, 19], [12, 5, 13, 6]]"
12a_0031_31,"[[12, 5, 13, 6], [14, 2, 15, 1], [16, 24, 17, 23], [18, 10, 19, 9], [20, 3, 21, 4], [22, 18, 23, 17], [24, 16, 1, 15], [2, 21, 3, 22], [4, 8, 5, 7], [6, 11, 7, 12], [8, 14, 9, 13], [10, 20, 11, 19]]"
12a_0031_32,"[[10, 20, 11, 19], [12, 5, 13, 6], [14, 2, 15, 1], [16, 24, 17, 23], [18, 10, 19, 9], [20, 3, 21, 4], [22, 18, 23, 17], [24, 16, 1, 15], [2, 21, 3, 22], [4, 8, 5, 7], [6, 11, 7, 12], [8, 14, 9, 13]]"
12a_0031_33,"[[8, 14, 9, 13], [10, 20, 11, 19], [12, 5, 13, 6], [14, 2, 15, 1], [16, 24, 17, 23], [18, 10, 19, 9], [20, 3, 21, 4], [22, 18, 23, 17], [24, 16, 1, 15], [2, 21, 3, 22], [4, 8, 5, 7], [6, 11, 7, 12]]"
12a_0031_34,"[[6, 11, 7, 12], [8, 14, 9, 13], [10, 20, 11, 19], [12, 5, 13, 6], [14, 2, 15, 1], [16, 24, 17, 23], [18, 10, 19, 9], [20, 3, 21, 4], [22, 18, 23, 17], [24, 16, 1, 15], [2, 21, 3, 22], [4, 8, 5, 7]]"
12a_0031_35,"[[4, 8, 5, 7], [6, 11, 7, 12], [8, 14, 9, 13], [10, 20, 11, 19], [12, 5, 13, 6], [14, 2, 15, 1], [16, 24, 17, 23], [18, 10, 19, 9], [20, 3, 21, 4], [22, 18, 23, 17], [24, 16, 1, 15], [2, 21, 3, 22]]"
12a_0031_36,"[[3, 22, 4, 23], [5, 9, 6, 8], [7, 12, 8, 13], [9, 15, 10, 14], [11, 21, 12, 20], [13, 6, 14, 7], [15, 3, 16, 2], [17, 1, 18, 24], [19, 11, 20, 10], [21, 4, 22, 5], [23, 19, 24, 18], [1, 17, 2, 16]]"
12a_0031_37,"[[1, 17, 2, 16], [3, 22, 4, 23], [5, 9, 6, 8], [7, 12, 8, 13], [9, 15, 10, 14], [11, 21, 12, 20], [13, 6, 14, 7], [15, 3, 16, 2], [17, 1, 18, 24], [19, 11, 20, 10], [21, 4, 22, 5], [23, 19, 24, 18]]"
12a_0031_38,"[[23, 19, 24, 18], [1, 17, 2, 16], [3, 22, 4, 23], [5, 9, 6, 8], [7, 12, 8, 13], [9, 15, 10, 14], [11, 21, 12, 20], [13, 6, 14, 7], [15, 3, 16, 2], [17, 1, 18, 24], [19, 11, 20, 10], [21, 4, 22, 5]]"
12a_0031_39,"[[21, 4, 22, 5], [23, 19, 24, 18], [1, 17, 2, 16], [3, 22, 4, 23], [5, 9, 6, 8], [7, 12, 8, 13], [9, 15, 10, 14], [11, 21, 12, 20], [13, 6, 14, 7], [15, 3, 16, 2], [17, 1, 18, 24], [19, 11, 20, 10]]"
12a_0031_40,"[[19, 11, 20, 10], [21, 4, 22, 5], [23, 19, 24, 18], [1, 17, 2, 16], [3, 22, 4, 23], [5, 9, 6, 8], [7, 12, 8, 13], [9, 15, 10, 14], [11, 21, 12, 20], [13, 6, 14, 7], [15, 3, 16, 2], [17, 1, 18, 24]]"
12a_0031_41,"[[17, 1, 18, 24], [19, 11, 20, 10], [21, 4, 22, 5], [23, 19, 24, 18], [1, 17, 2, 16], [3, 22, 4, 23], [5, 9, 6, 8], [7, 12, 8, 13], [9, 15, 10, 14], [11, 21, 12, 20], [13, 6, 14, 7], [15, 3, 16, 2]]"
12a_0031_42,"[[15, 3, 16, 2], [17, 1, 18, 24], [19, 11, 20, 10], [21, 4, 22, 5], [23, 19, 24, 18], [1, 17, 2, 16], [3, 22, 4, 23], [5, 9, 6, 8], [7, 12, 8, 13], [9, 15, 10, 14], [11, 21, 12, 20], [13, 6, 14, 7]]"
12a_0031_43,"[[13, 6, 14, 7], [15, 3, 16, 2], [17, 1, 18, 24], [19, 11, 20, 10], [21, 4, 22, 5], [23, 19, 24, 18], [1, 17, 2, 16], [3, 22, 4, 23], [5, 9, 6, 8], [7, 12, 8, 13], [9, 15, 10, 14], [11, 21, 12, 20]]"
12a_0031_44,"[[11, 21, 12, 20], [13, 6, 14, 7], [15, 3, 16, 2], [17, 1, 18, 24], [19, 11, 20, 10], [21, 4, 22, 5], [23, 19, 24, 18], [1, 17, 2, 16], [3, 22, 4, 23], [5, 9, 6, 8], [7, 12, 8, 13], [9, 15, 10, 14]]"
12a_0031_45,"[[9, 15, 10, 14], [11, 21, 12, 20], [13, 6, 14, 7], [15, 3, 16, 2], [17, 1, 18, 24], [19, 11, 20, 10], [21, 4, 22, 5], [23, 19, 24, 18], [1, 17, 2, 16], [3, 22, 4, 23], [5, 9, 6, 8], [7, 12, 8, 13]]"
12a_0031_46,"[[7, 12, 8, 13], [9, 15, 10, 14], [11, 21, 12, 20], [13, 6, 14, 7], [15, 3, 16, 2], [17, 1, 18, 24], [19, 11, 20, 10], [21, 4, 22, 5], [23, 19, 24, 18], [1, 17, 2, 16], [3, 22, 4, 23], [5, 9, 6, 8]]"
12a_0031_47,"[[5, 9, 6, 8], [7, 12, 8, 13], [9, 15, 10, 14], [11, 21, 12, 20], [13, 6, 14, 7], [15, 3, 16, 2], [17, 1, 18, 24], [19, 11, 20, 10], [21, 4, 22, 5], [23, 19, 24, 18], [1, 17, 2, 16], [3, 22, 4, 23]]"
12a_0031_48,"[[4, 23, 5, 24], [6, 10, 7, 9], [8, 13, 9, 14], [10, 16, 11, 15], [12, 22, 13, 21], [14, 7, 15, 8], [16, 4, 17, 3], [18, 2, 19, 1], [20, 12, 21, 11], [22, 5, 23, 6], [24, 20, 1, 19], [2, 18, 3, 17]]"
12a_0031_49,"[[2, 18, 3, 17], [4, 23, 5, 24], [6, 10, 7, 9], [8, 13, 9, 14], [10, 16, 11, 15], [12, 22, 13, 21], [14, 7, 15, 8], [16, 4, 17, 3], [18, 2, 19, 1], [20, 12, 21, 11], [22, 5, 23, 6], [24, 20, 1, 19]]"
12a_0031_50,"[[24, 20, 1, 19], [2, 18, 3, 17], [4, 23, 5, 24], [6, 10, 7, 9], [8, 13, 9, 14], [10, 16, 11, 15], [12, 22, 13, 21], [14, 7, 15, 8], [16, 4, 17, 3], [18, 2, 19, 1], [20, 12, 21, 11], [22, 5, 23, 6]]"
12a_0031_51,"[[22, 5, 23, 6], [24, 20, 1, 19], [2, 18, 3, 17], [4, 23, 5, 24], [6, 10, 7, 9], [8, 13, 9, 14], [10, 16, 11, 15], [12, 22, 13, 21], [14, 7, 15, 8], [16, 4, 17, 3], [18, 2, 19, 1], [20, 12, 21, 11]]"
12a_0031_52,"[[20, 12, 21, 11], [22, 5, 23, 6], [24, 20, 1, 19], [2, 18, 3, 17], [4, 23, 5, 24], [6, 10, 7, 9], [8, 13, 9, 14], [10, 16, 11, 15], [12, 22, 13, 21], [14, 7, 15, 8], [16, 4, 17, 3], [18, 2, 19, 1]]"
12a_0031_53,"[[18, 2, 19, 1], [20, 12, 21, 11], [22, 5, 23, 6], [24, 20, 1, 19], [2, 18, 3, 17], [4, 23, 5, 24], [6, 10, 7, 9], [8, 13, 9, 14], [10, 16, 11, 15], [12, 22, 13, 21], [14, 7, 15, 8], [16, 4, 17, 3]]"
12a_0031_54,"[[16, 4, 17, 3], [18, 2, 19, 1], [20, 12, 21, 11], [22, 5, 23, 6], [24, 20, 1, 19], [2, 18, 3, 17], [4, 23, 5, 24], [6, 10, 7, 9], [8, 13, 9, 14], [10, 16, 11, 15], [12, 22, 13, 21], [14, 7, 15, 8]]"
12a_0031_55,"[[14, 7, 15, 8], [16, 4, 17, 3], [18, 2, 19, 1], [20, 12, 21, 11], [22, 5, 23, 6], [24, 20, 1, 19], [2, 18, 3, 17], [4, 23, 5, 24], [6, 10, 7, 9], [8, 13, 9, 14], [10, 16, 11, 15], [12, 22, 13, 21]]"
12a_0031_56,"[[12, 22, 13, 21], [14, 7, 15, 8], [16, 4, 17, 3], [18, 2, 19, 1], [20, 12, 21, 11], [22, 5, 23, 6], [24, 20, 1, 19], [2, 18, 3, 17], [4, 23, 5, 24], [6, 10, 7, 9], [8, 13, 9, 14], [10, 16, 11, 15]]"
12a_0031_57,"[[10, 16, 11, 15], [12, 22, 13, 21], [14, 7, 15, 8], [16, 4, 17, 3], [18, 2, 19, 1], [20, 12, 21, 11], [22, 5, 23, 6], [24, 20, 1, 19], [2, 18, 3, 17], [4, 23, 5, 24], [6, 10, 7, 9], [8, 13, 9, 14]]"
12a_0031_58,"[[8, 13, 9, 14], [10, 16, 11, 15], [12, 22, 13, 21], [14, 7, 15, 8], [16, 4, 17, 3], [18, 2, 19, 1], [20, 12, 21, 11], [22, 5, 23, 6], [24, 20, 1, 19], [2, 18, 3, 17], [4, 23, 5, 24], [6, 10, 7, 9]]"
12a_0031_59,"[[6, 10, 7, 9], [8, 13, 9, 14], [10, 16, 11, 15], [12, 22, 13, 21], [14, 7, 15, 8], [16, 4, 17, 3], [18, 2, 19, 1], [20, 12, 21, 11], [22, 5, 23, 6], [24, 20, 1, 19], [2, 18, 3, 17], [4, 23, 5, 24]]"
12a_0031_60,"[[5, 24, 6, 1], [7, 11, 8, 10], [9, 14, 10, 15], [11, 17, 12, 16], [13, 23, 14, 22], [15, 8, 16, 9], [17, 5, 18, 4], [19, 3, 20, 2], [21, 13, 22, 12], [23, 6, 24, 7], [1, 21, 2, 20], [3, 19, 4, 18]]"
12a_0031_61,"[[3, 19, 4, 18], [5, 24, 6, 1], [7, 11, 8, 10], [9, 14, 10, 15], [11, 17, 12, 16], [13, 23, 14, 22], [15, 8, 16, 9], [17, 5, 18, 4], [19, 3, 20, 2], [21, 13, 22, 12], [23, 6, 24, 7], [1, 21, 2, 20]]"
12a_0031_62,"[[1, 21, 2, 20], [3, 19, 4, 18], [5, 24, 6, 1], [7, 11, 8, 10], [9, 14, 10, 15], [11, 17, 12, 16], [13, 23, 14, 22], [15, 8, 16, 9], [17, 5, 18, 4], [19, 3, 20, 2], [21, 13, 22, 12], [23, 6, 24, 7]]"
12a_0031_63,"[[23, 6, 24, 7], [1, 21, 2, 20], [3, 19, 4, 18], [5, 24, 6, 1], [7, 11, 8, 10], [9, 14, 10, 15], [11, 17, 12, 16], [13, 23, 14, 22], [15, 8, 16, 9], [17, 5, 18, 4], [19, 3, 20, 2], [21, 13, 22, 12]]"
12a_0031_64,"[[21, 13, 22, 12], [23, 6, 24, 7], [1, 21, 2, 20], [3, 19, 4, 18], [5, 24, 6, 1], [7, 11, 8, 10], [9, 14, 10, 15], [11, 17, 12, 16], [13, 23, 14, 22], [15, 8, 16, 9], [17, 5, 18, 4], [19, 3, 20, 2]]"
12a_0031_65,"[[19, 3, 20, 2], [21, 13, 22, 12], [23, 6, 24, 7], [1, 21, 2, 20], [3, 19, 4, 18], [5, 24, 6, 1], [7, 11, 8, 10], [9, 14, 10, 15], [11, 17, 12, 16], [13, 23, 14, 22], [15, 8, 16, 9], [17, 5, 18, 4]]"
12a_0031_66,"[[17, 5, 18, 4], [19, 3, 20, 2], [21, 13, 22, 12], [23, 6, 24, 7], [1, 21, 2, 20], [3, 19, 4, 18], [5, 24, 6, 1], [7, 11, 8, 10], [9, 14, 10, 15], [11, 17, 12, 16], [13, 23, 14, 22], [15, 8, 16, 9]]"
12a_0031_67,"[[15, 8, 16, 9], [17, 5, 18, 4], [19, 3, 20, 2], [21, 13, 22, 12], [23, 6, 24, 7], [1, 21, 2, 20], [3, 19, 4, 18], [5, 24, 6, 1], [7, 11, 8, 10], [9, 14, 10, 15], [11, 17, 12, 16], [13, 23, 14, 22]]"
12a_0031_68,"[[13, 23, 14, 22], [15, 8, 16, 9], [17, 5, 18, 4], [19, 3, 20, 2], [21, 13, 22, 12], [23, 6, 24, 7], [1, 21, 2, 20], [3, 19, 4, 18], [5, 24, 6, 1], [7, 11, 8, 10], [9, 14, 10, 15], [11, 17, 12, 16]]"
12a_0031_69,"[[11, 17, 12, 16], [13, 23, 14, 22], [15, 8, 16, 9], [17, 5, 18, 4], [19, 3, 20, 2], [21, 13, 22, 12], [23, 6, 24, 7], [1, 21, 2, 20], [3, 19, 4, 18], [5, 24, 6, 1], [7, 11, 8, 10], [9, 14, 10, 15]]"
12a_0031_70,"[[9, 14, 10, 15], [11, 17, 12, 16], [13, 23, 14, 22], [15, 8, 16, 9], [17, 5, 18, 4], [19, 3, 20, 2], [21, 13, 22, 12], [23, 6, 24, 7], [1, 21, 2, 20], [3, 19, 4, 18], [5, 24, 6, 1], [7, 11, 8, 10]]"
12a_0031_71,"[[7, 11, 8, 10], [9, 14, 10, 15], [11, 17, 12, 16], [13, 23, 14, 22], [15, 8, 16, 9], [17, 5, 18, 4], [19, 3, 20, 2], [21, 13, 22, 12], [23, 6, 24, 7], [1, 21, 2, 20], [3, 19, 4, 18], [5, 24, 6, 1]]"
12a_0031_72,"[[6, 1, 7, 2], [8, 12, 9, 11], [10, 15, 11, 16], [12, 18, 13, 17], [14, 24, 15, 23], [16, 9, 17, 10], [18, 6, 19, 5], [20, 4, 21, 3], [22, 14, 23, 13], [24, 7, 1, 8], [2, 22, 3, 21], [4, 20, 5, 19]]"
12a_0031_73,"[[4, 20, 5, 19], [6, 1, 7, 2], [8, 12, 9, 11], [10, 15, 11, 16], [12, 18, 13, 17], [14, 24, 15, 23], [16, 9, 17, 10], [18, 6, 19, 5], [20, 4, 21, 3], [22, 14, 23, 13], [24, 7, 1, 8], [2, 22, 3, 21]]"
12a_0031_74,"[[2, 22, 3, 21], [4, 20, 5, 19], [6, 1, 7, 2], [8, 12, 9, 11], [10, 15, 11, 16], [12, 18, 13, 17], [14, 24, 15, 23], [16, 9, 17, 10], [18, 6, 19, 5], [20, 4, 21, 3], [22, 14, 23, 13], [24, 7, 1, 8]]"
12a_0031_75,"[[24, 7, 1, 8], [2, 22, 3, 21], [4, 20, 5, 19], [6, 1, 7, 2], [8, 12, 9, 11], [10, 15, 11, 16], [12, 18, 13, 17], [14, 24, 15, 23], [16, 9, 17, 10], [18, 6, 19, 5], [20, 4, 21, 3], [22, 14, 23, 13]]"
12a_0031_76,"[[22, 14, 23, 13], [24, 7, 1, 8], [2, 22, 3, 21], [4, 20, 5, 19], [6, 1, 7, 2], [8, 12, 9, 11], [10, 15, 11, 16], [12, 18, 13, 17], [14, 24, 15, 23], [16, 9, 17, 10], [18, 6, 19, 5], [20, 4, 21, 3]]"
12a_0031_77,"[[20, 4, 21, 3], [22, 14, 23, 13], [24, 7, 1, 8], [2, 22, 3, 21], [4, 20, 5, 19], [6, 1, 7, 2], [8, 12, 9, 11], [10, 15, 11, 16], [12, 18, 13, 17], [14, 24, 15, 23], [16, 9, 17, 10], [18, 6, 19, 5]]"
12a_0031_78,"[[18, 6, 19, 5], [20, 4, 21, 3], [22, 14, 23, 13], [24, 7, 1, 8], [2, 22, 3, 21], [4, 20, 5, 19], [6, 1, 7, 2], [8, 12, 9, 11], [10, 15, 11, 16], [12, 18, 13, 17], [14, 24, 15, 23], [16, 9, 17, 10]]"
12a_0031_79,"[[16, 9, 17, 10], [18, 6, 19, 5], [20, 4, 21, 3], [22, 14, 23, 13], [24, 7, 1, 8], [2, 22, 3, 21], [4, 20, 5, 19], [6, 1, 7, 2], [8, 12, 9, 11], [10, 15, 11, 16], [12, 18, 13, 17], [14, 24, 15, 23]]"
12a_0031_80,"[[14, 24, 15, 23], [16, 9, 17, 10], [18, 6, 19, 5], [20, 4, 21, 3], [22, 14, 23, 13], [24, 7, 1, 8], [2, 22, 3, 21], [4, 20, 5, 19], [6, 1, 7, 2], [8, 12, 9, 11], [10, 15, 11, 16], [12, 18, 13, 17]]"
12a_0031_81,"[[12, 18, 13, 17], [14, 24, 15, 23], [16, 9, 17, 10], [18, 6, 19, 5], [20, 4, 21, 3], [22, 14, 23, 13], [24, 7, 1, 8], [2, 22, 3, 21], [4, 20, 5, 19], [6, 1, 7, 2], [8, 12, 9, 11], [10, 15, 11, 16]]"
12a_0031_82,"[[10, 15, 11, 16], [12, 18, 13, 17], [14, 24, 15, 23], [16, 9, 17, 10], [18, 6, 19, 5], [20, 4, 21, 3], [22, 14, 23, 13], [24, 7, 1, 8], [2, 22, 3, 21], [4, 20, 5, 19], [6, 1, 7, 2], [8, 12, 9, 11]]"
12a_0031_83,"[[8, 12, 9, 11], [10, 15, 11, 16], [12, 18, 13, 17], [14, 24, 15, 23], [16, 9, 17, 10], [18, 6, 19, 5], [20, 4, 21, 3], [22, 14, 23, 13], [24, 7, 1, 8], [2, 22, 3, 21], [4, 20, 5, 19], [6, 1, 7, 2]]"
12a_0031_84,"[[7, 2, 8, 3], [9, 13, 10, 12], [11, 16, 12, 17], [13, 19, 14, 18], [15, 1, 16, 24], [17, 10, 18, 11], [19, 7, 20, 6], [21, 5, 22, 4], [23, 15, 24, 14], [1, 8, 2, 9], [3, 23, 4, 22], [5, 21, 6, 20]]"
12a_0031_85,"[[5, 21, 6, 20], [7, 2, 8, 3], [9, 13, 10, 12], [11, 16, 12, 17], [13, 19, 14, 18], [15, 1, 16, 24], [17, 10, 18, 11], [19, 7, 20, 6], [21, 5, 22, 4], [23, 15, 24, 14], [1, 8, 2, 9], [3, 23, 4, 22]]"
12a_0031_86,"[[3, 23, 4, 22], [5, 21, 6, 20], [7, 2, 8, 3], [9, 13, 10, 12], [11, 16, 12, 17], [13, 19, 14, 18], [15, 1, 16, 24], [17, 10, 18, 11], [19, 7, 20, 6], [21, 5, 22, 4], [23, 15, 24, 14], [1, 8, 2, 9]]"
12a_0031_87,"[[1, 8, 2, 9], [3, 23, 4, 22], [5, 21, 6, 20], [7, 2, 8, 3], [9, 13, 10, 12], [11, 16, 12, 17], [13, 19, 14, 18], [15, 1, 16, 24], [17, 10, 18, 11], [19, 7, 20, 6], [21, 5, 22, 4], [23, 15, 24, 14]]"
12a_0031_88,"[[23, 15, 24, 14], [1, 8, 2, 9], [3, 23, 4, 22], [5, 21, 6, 20], [7, 2, 8, 3], [9, 13, 10, 12], [11, 16, 12, 17], [13, 19, 14, 18], [15, 1, 16, 24], [17, 10, 18, 11], [19, 7, 20, 6], [21, 5, 22, 4]]"
12a_0031_89,"[[21, 5, 22, 4], [23, 15, 24, 14], [1, 8, 2, 9], [3, 23, 4, 22], [5, 21, 6, 20], [7, 2, 8, 3], [9, 13, 10, 12], [11, 16, 12, 17], [13, 19, 14, 18], [15, 1, 16, 24], [17, 10, 18, 11], [19, 7, 20, 6]]"
12a_0031_90,"[[19, 7, 20, 6], [21, 5, 22, 4], [23, 15, 24, 14], [1, 8, 2, 9], [3, 23, 4, 22], [5, 21, 6, 20], [7, 2, 8, 3], [9, 13, 10, 12], [11, 16, 12, 17], [13, 19, 14, 18], [15, 1, 16, 24], [17, 10, 18, 11]]"
12a_0031_91,"[[17, 10, 18, 11], [19, 7, 20, 6], [21, 5, 22, 4], [23, 15, 24, 14], [1, 8, 2, 9], [3, 23, 4, 22], [5, 21, 6, 20], [7, 2, 8, 3], [9, 13, 10, 12], [11, 16, 12, 17], [13, 19, 14, 18], [15, 1, 16, 24]]"
12a_0031_92,"[[15, 1, 16, 24], [17, 10, 18, 11], [19, 7, 20, 6], [21, 5, 22, 4], [23, 15, 24, 14], [1, 8, 2, 9], [3, 23, 4, 22], [5, 21, 6, 20], [7, 2, 8, 3], [9, 13, 10, 12], [11, 16, 12, 17], [13, 19, 14, 18]]"
12a_0031_93,"[[13, 19, 14, 18], [15, 1, 16, 24], [17, 10, 18, 11], [19, 7, 20, 6], [21, 5, 22, 4], [23, 15, 24, 14], [1, 8, 2, 9], [3, 23, 4, 22], [5, 21, 6, 20], [7, 2, 8, 3], [9, 13, 10, 12], [11, 16, 12, 17]]"
12a_0031_94,"[[11, 16, 12, 17], [13, 19, 14, 18], [15, 1, 16, 24], [17, 10, 18, 11], [19, 7, 20, 6], [21, 5, 22, 4], [23, 15, 24, 14], [1, 8, 2, 9], [3, 23, 4, 22], [5, 21, 6, 20], [7, 2, 8, 3], [9, 13, 10, 12]]"
12a_0031_95,"[[9, 13, 10, 12], [11, 16, 12, 17], [13, 19, 14, 18], [15, 1, 16, 24], [17, 10, 18, 11], [19, 7, 20, 6], [21, 5, 22, 4], [23, 15, 24, 14], [1, 8, 2, 9], [3, 23, 4, 22], [5, 21, 6, 20], [7, 2, 8, 3]]"
12a_0031_96,"[[8, 3, 9, 4], [10, 14, 11, 13], [12, 17, 13, 18], [14, 20, 15, 19], [16, 2, 17, 1], [18, 11, 19, 12], [20, 8, 21, 7], [22, 6, 23, 5], [24, 16, 1, 15], [2, 9, 3, 10], [4, 24, 5, 23], [6, 22, 7, 21]]"
12a_0031_97,"[[6, 22, 7, 21], [8, 3, 9, 4], [10, 14, 11, 13], [12, 17, 13, 18], [14, 20, 15, 19], [16, 2, 17, 1], [18, 11, 19, 12], [20, 8, 21, 7], [22, 6, 23, 5], [24, 16, 1, 15], [2, 9, 3, 10], [4, 24, 5, 23]]"
12a_0031_98,"[[4, 24, 5, 23], [6, 22, 7, 21], [8, 3, 9, 4], [10, 14, 11, 13], [12, 17, 13, 18], [14, 20, 15, 19], [16, 2, 17, 1], [18, 11, 19, 12], [20, 8, 21, 7], [22, 6, 23, 5], [24, 16, 1, 15], [2, 9, 3, 10]]"
12a_0031_99,"[[2, 9, 3, 10], [4, 24, 5, 23], [6, 22, 7, 21], [8, 3, 9, 4], [10, 14, 11, 13], [12, 17, 13, 18], [14, 20, 15, 19], [16, 2, 17, 1], [18, 11, 19, 12], [20, 8, 21, 7], [22, 6, 23, 5], [24, 16, 1, 15]]"
12a_0031_100,"[[24, 16, 1, 15], [2, 9, 3, 10], [4, 24, 5, 23], [6, 22, 7, 21], [8, 3, 9, 4], [10, 14, 11, 13], [12, 17, 13, 18], [14, 20, 15, 19], [16, 2, 17, 1], [18, 11, 19, 12], [20, 8, 21, 7], [22, 6, 23, 5]]"
12a_0031_101,"[[22, 6, 23, 5], [24, 16, 1, 15], [2, 9, 3, 10], [4, 24, 5, 23], [6, 22, 7, 21], [8, 3, 9, 4], [10, 14, 11, 13], [12, 17, 13, 18], [14, 20, 15, 19], [16, 2, 17, 1], [18, 11, 19, 12], [20, 8, 21, 7]]"
12a_0031_102,"[[20, 8, 21, 7], [22, 6, 23, 5], [24, 16, 1, 15], [2, 9, 3, 10], [4, 24, 5, 23], [6, 22, 7, 21], [8, 3, 9, 4], [10, 14, 11, 13], [12, 17, 13, 18], [14, 20, 15, 19], [16, 2, 17, 1], [18, 11, 19, 12]]"
12a_0031_103,"[[18, 11, 19, 12], [20, 8, 21, 7], [22, 6, 23, 5], [24, 16, 1, 15], [2, 9, 3, 10], [4, 24, 5, 23], [6, 22, 7, 21], [8, 3, 9, 4], [10, 14, 11, 13], [12, 17, 13, 18], [14, 20, 15, 19], [16, 2, 17, 1]]"
12a_0031_104,"[[16, 2, 17, 1], [18, 11, 19, 12], [20, 8, 21, 7], [22, 6, 23, 5], [24, 16, 1, 15], [2, 9, 3, 10], [4, 24, 5, 23], [6, 22, 7, 21], [8, 3, 9, 4], [10, 14, 11, 13], [12, 17, 13, 18], [14, 20, 15, 19]]"
12a_0031_105,"[[14, 20, 15, 19], [16, 2, 17, 1], [18, 11, 19, 12], [20, 8, 21, 7], [22, 6, 23, 5], [24, 16, 1, 15], [2, 9, 3, 10], [4, 24, 5, 23], [6, 22, 7, 21], [8, 3, 9, 4], [10, 14, 11, 13], [12, 17, 13, 18]]"
12a_0031_106,"[[12, 17, 13, 18], [14, 20, 15, 19], [16, 2, 17, 1], [18, 11, 19, 12], [20, 8, 21, 7], [22, 6, 23, 5], [24, 16, 1, 15], [2, 9, 3, 10], [4, 24, 5, 23], [6, 22, 7, 21], [8, 3, 9, 4], [10, 14, 11, 13]]"
12a_0031_107,"[[10, 14, 11, 13], [12, 17, 13, 18], [14, 20, 15, 19], [16, 2, 17, 1], [18, 11, 19, 12], [20, 8, 21, 7], [22, 6, 23, 5], [24, 16, 1, 15], [2, 9, 3, 10], [4, 24, 5, 23], [6, 22, 7, 21], [8, 3, 9, 4]]"
12a_0031_108,"[[9, 4, 10, 5], [11, 15, 12, 14], [13, 18, 14, 19], [15, 21, 16, 20], [17, 3, 18, 2], [19, 12, 20, 13], [21, 9, 22, 8], [23, 7, 24, 6], [1, 17, 2, 16], [3, 10, 4, 11], [5, 1, 6, 24], [7, 23, 8, 22]]"
12a_0031_109,"[[7, 23, 8, 22], [9, 4, 10, 5], [11, 15, 12, 14], [13, 18, 14, 19], [15, 21, 16, 20], [17, 3, 18, 2], [19, 12, 20, 13], [21, 9, 22, 8], [23, 7, 24, 6], [1, 17, 2, 16], [3, 10, 4, 11], [5, 1, 6, 24]]"
12a_0031_110,"[[5, 1, 6, 24], [7, 23, 8, 22], [9, 4, 10, 5], [11, 15, 12, 14], [13, 18, 14, 19], [15, 21, 16, 20], [17, 3, 18, 2], [19, 12, 20, 13], [21, 9, 22, 8], [23, 7, 24, 6], [1, 17, 2, 16], [3, 10, 4, 11]]"
12a_0031_111,"[[3, 10, 4, 11], [5, 1, 6, 24], [7, 23, 8, 22], [9, 4, 10, 5], [11, 15, 12, 14], [13, 18, 14, 19], [15, 21, 16, 20], [17, 3, 18, 2], [19, 12, 20, 13], [21, 9, 22, 8], [23, 7, 24, 6], [1, 17, 2, 16]]"
12a_0031_112,"[[1, 17, 2, 16], [3, 10, 4, 11], [5, 1, 6, 24], [7, 23, 8, 22], [9, 4, 10, 5], [11, 15, 12, 14], [13, 18, 14, 19], [15, 21, 16, 20], [17, 3, 18, 2], [19, 12, 20, 13], [21, 9, 22, 8], [23, 7, 24, 6]]"
12a_0031_113,"[[23, 7, 24, 6], [1, 17, 2, 16], [3, 10, 4, 11], [5, 1, 6, 24], [7, 23, 8, 22], [9, 4, 10, 5], [11, 15, 12, 14], [13, 18, 14, 19], [15, 21, 16, 20], [17, 3, 18, 2], [19, 12, 20, 13], [21, 9, 22, 8]]"
12a_0031_114,"[[21, 9, 22, 8], [23, 7, 24, 6], [1, 17, 2, 16], [3, 10, 4, 11], [5, 1, 6, 24], [7, 23, 8, 22], [9, 4, 10, 5], [11, 15, 12, 14], [13, 18, 14, 19], [15, 21, 16, 20], [17, 3, 18, 2], [19, 12, 20, 13]]"
12a_0031_115,"[[19, 12, 20, 13], [21, 9, 22, 8], [23, 7, 24, 6], [1, 17, 2, 16], [3, 10, 4, 11], [5, 1, 6, 24], [7, 23, 8, 22], [9, 4, 10, 5], [11, 15, 12, 14], [13, 18, 14, 19], [15, 21, 16, 20], [17, 3, 18, 2]]"
12a_0031_116,"[[17, 3, 18, 2], [19, 12, 20, 13], [21, 9, 22, 8], [23, 7, 24, 6], [1, 17, 2, 16], [3, 10, 4, 11], [5, 1, 6, 24], [7, 23, 8, 22], [9, 4, 10, 5], [11, 15, 12, 14], [13, 18, 14, 19], [15, 21, 16, 20]]"
12a_0031_117,"[[15, 21, 16, 20], [17, 3, 18, 2], [19, 12, 20, 13], [21, 9, 22, 8], [23, 7, 24, 6], [1, 17, 2, 16], [3, 10, 4, 11], [5, 1, 6, 24], [7, 23, 8, 22], [9, 4, 10, 5], [11, 15, 12, 14], [13, 18, 14, 19]]"
12a_0031_118,"[[13, 18, 14, 19], [15, 21, 16, 20], [17, 3, 18, 2], [19, 12, 20, 13], [21, 9, 22, 8], [23, 7, 24, 6], [1, 17, 2, 16], [3, 10, 4, 11], [5, 1, 6, 24], [7, 23, 8, 22], [9, 4, 10, 5], [11, 15, 12, 14]]"
12a_0031_119,"[[11, 15, 12, 14], [13, 18, 14, 19], [15, 21, 16, 20], [17, 3, 18, 2], [19, 12, 20, 13], [21, 9, 22, 8], [23, 7, 24, 6], [1, 17, 2, 16], [3, 10, 4, 11], [5, 1, 6, 24], [7, 23, 8, 22], [9, 4, 10, 5]]"
12a_0031_120,"[[10, 5, 11, 6], [12, 16, 13, 15], [14, 19, 15, 20], [16, 22, 17, 21], [18, 4, 19, 3], [20, 13, 21, 14], [22, 10, 23, 9], [24, 8, 1, 7], [2, 18, 3, 17], [4, 11, 5, 12], [6, 2, 7, 1], [8, 24, 9, 23]]"
12a_0031_121,"[[8, 24, 9, 23], [10, 5, 11, 6], [12, 16, 13, 15], [14, 19, 15, 20], [16, 22, 17, 21], [18, 4, 19, 3], [20, 13, 21, 14], [22, 10, 23, 9], [24, 8, 1, 7], [2, 18, 3, 17], [4, 11, 5, 12], [6, 2, 7, 1]]"
12a_0031_122,"[[6, 2, 7, 1], [8, 24, 9, 23], [10, 5, 11, 6], [12, 16, 13, 15], [14, 19, 15, 20], [16, 22, 17, 21], [18, 4, 19, 3], [20, 13, 21, 14], [22, 10, 23, 9], [24, 8, 1, 7], [2, 18, 3, 17], [4, 11, 5, 12]]"
12a_0031_123,"[[4, 11, 5, 12], [6, 2, 7, 1], [8, 24, 9, 23], [10, 5, 11, 6], [12, 16, 13, 15], [14, 19, 15, 20], [16, 22, 17, 21], [18, 4, 19, 3], [20, 13, 21, 14], [22, 10, 23, 9], [24, 8, 1, 7], [2, 18, 3, 17]]"
12a_0031_124,"[[2, 18, 3, 17], [4, 11, 5, 12], [6, 2, 7, 1], [8, 24, 9, 23], [10, 5, 11, 6], [12, 16, 13, 15], [14, 19, 15, 20], [16, 22, 17, 21], [18, 4, 19, 3], [20, 13, 21, 14], [22, 10, 23, 9], [24, 8, 1, 7]]"
12a_0031_125,"[[24, 8, 1, 7], [2, 18, 3, 17], [4, 11, 5, 12], [6, 2, 7, 1], [8, 24, 9, 23], [10, 5, 11, 6], [12, 16, 13, 15], [14, 19, 15, 20], [16, 22, 17, 21], [18, 4, 19, 3], [20, 13, 21, 14], [22, 10, 23, 9]]"
12a_0031_126,"[[22, 10, 23, 9], [24, 8, 1, 7], [2, 18, 3, 17], [4, 11, 5, 12], [6, 2, 7, 1], [8, 24, 9, 23], [10, 5, 11, 6], [12, 16, 13, 15], [14, 19, 15, 20], [16, 22, 17, 21], [18, 4, 19, 3], [20, 13, 21, 14]]"
12a_0031_127,"[[20, 13, 21, 14], [22, 10, 23, 9], [24, 8, 1, 7], [2, 18, 3, 17], [4, 11, 5, 12], [6, 2, 7, 1], [8, 24, 9, 23], [10, 5, 11, 6], [12, 16, 13, 15], [14, 19, 15, 20], [16, 22, 17, 21], [18, 4, 19, 3]]"
12a_0031_128,"[[18, 4, 19, 3], [20, 13, 21, 14], [22, 10, 23, 9], [24, 8, 1, 7], [2, 18, 3, 17], [4, 11, 5, 12], [6, 2, 7, 1], [8, 24, 9, 23], [10, 5, 11, 6], [12, 16, 13, 15], [14, 19, 15, 20], [16, 22, 17, 21]]"
12a_0031_129,"[[16, 22, 17, 21], [18, 4, 19, 3], [20, 13, 21, 14], [22, 10, 23, 9], [24, 8, 1, 7], [2, 18, 3, 17], [4, 11, 5, 12], [6, 2, 7, 1], [8, 24, 9, 23], [10, 5, 11, 6], [12, 16, 13, 15], [14, 19, 15, 20]]"
12a_0031_130,"[[14, 19, 15, 20], [16, 22, 17, 21], [18, 4, 19, 3], [20, 13, 21, 14], [22, 10, 23, 9], [24, 8, 1, 7], [2, 18, 3, 17], [4, 11, 5, 12], [6, 2, 7, 1], [8, 24, 9, 23], [10, 5, 11, 6], [12, 16, 13, 15]]"
12a_0031_131,"[[12, 16, 13, 15], [14, 19, 15, 20], [16, 22, 17, 21], [18, 4, 19, 3], [20, 13, 21, 14], [22, 10, 23, 9], [24, 8, 1, 7], [2, 18, 3, 17], [4, 11, 5, 12], [6, 2, 7, 1], [8, 24, 9, 23], [10, 5, 11, 6]]"
12a_0031_132,"[[11, 6, 12, 7], [13, 17, 14, 16], [15, 20, 16, 21], [17, 23, 18, 22], [19, 5, 20, 4], [21, 14, 22, 15], [23, 11, 24, 10], [1, 9, 2, 8], [3, 19, 4, 18], [5, 12, 6, 13], [7, 3, 8, 2], [9, 1, 10, 24]]"
12a_0031_133,"[[9, 1, 10, 24], [11, 6, 12, 7], [13, 17, 14, 16], [15, 20, 16, 21], [17, 23, 18, 22], [19, 5, 20, 4], [21, 14, 22, 15], [23, 11, 24, 10], [1, 9, 2, 8], [3, 19, 4, 18], [5, 12, 6, 13], [7, 3, 8, 2]]"
12a_0031_134,"[[7, 3, 8, 2], [9, 1, 10, 24], [11, 6, 12, 7], [13, 17, 14, 16], [15, 20, 16, 21], [17, 23, 18, 22], [19, 5, 20, 4], [21, 14, 22, 15], [23, 11, 24, 10], [1, 9, 2, 8], [3, 19, 4, 18], [5, 12, 6, 13]]"
12a_0031_135,"[[5, 12, 6, 13], [7, 3, 8, 2], [9, 1, 10, 24], [11, 6, 12, 7], [13, 17, 14, 16], [15, 20, 16, 21], [17, 23, 18, 22], [19, 5, 20, 4], [21, 14, 22, 15], [23, 11, 24, 10], [1, 9, 2, 8], [3, 19, 4, 18]]"
12a_0031_136,"[[3, 19, 4, 18], [5, 12, 6, 13], [7, 3, 8, 2], [9, 1, 10, 24], [11, 6, 12, 7], [13, 17, 14, 16], [15, 20, 16, 21], [17, 23, 18, 22], [19, 5, 20, 4], [21, 14, 22, 15], [23, 11, 24, 10], [1, 9, 2, 8]]"
12a_0031_137,"[[1, 9, 2, 8], [3, 19, 4, 18], [5, 12, 6, 13], [7, 3, 8, 2], [9, 1, 10, 24], [11, 6, 12, 7], [13, 17, 14, 16], [15, 20, 16, 21], [17, 23, 18, 22], [19, 5, 20, 4], [21, 14, 22, 15], [23, 11, 24, 10]]"
12a_0031_138,"[[23, 11, 24, 10], [1, 9, 2, 8], [3, 19, 4, 18], [5, 12, 6, 13], [7, 3, 8, 2], [9, 1, 10, 24], [11, 6, 12, 7], [13, 17, 14, 16], [15, 20, 16, 21], [17, 23, 18, 22], [19, 5, 20, 4], [21, 14, 22, 15]]"
12a_0031_139,"[[21, 14, 22, 15], [23, 11, 24, 10], [1, 9, 2, 8], [3, 19, 4, 18], [5, 12, 6, 13], [7, 3, 8, 2], [9, 1, 10, 24], [11, 6, 12, 7], [13, 17, 14, 16], [15, 20, 16, 21], [17, 23, 18, 22], [19, 5, 20, 4]]"
12a_0031_140,"[[19, 5, 20, 4], [21, 14, 22, 15], [23, 11, 24, 10], [1, 9, 2, 8], [3, 19, 4, 18], [5, 12, 6, 13], [7, 3, 8, 2], [9, 1, 10, 24], [11, 6, 12, 7], [13, 17, 14, 16], [15, 20, 16, 21], [17, 23, 18, 22]]"
12a_0031_141,"[[17, 23, 18, 22], [19, 5, 20, 4], [21, 14, 22, 15], [23, 11, 24, 10], [1, 9, 2, 8], [3, 19, 4, 18], [5, 12, 6, 13], [7, 3, 8, 2], [9, 1, 10, 24], [11, 6, 12, 7], [13, 17, 14, 16], [15, 20, 16, 21]]"
12a_0031_142,"[[15, 20, 16, 21], [17, 23, 18, 22], [19, 5, 20, 4], [21, 14, 22, 15], [23, 11, 24, 10], [1, 9, 2, 8], [3, 19, 4, 18], [5, 12, 6, 13], [7, 3, 8, 2], [9, 1, 10, 24], [11, 6, 12, 7], [13, 17, 14, 16]]"
12a_0031_143,"[[13, 17, 14, 16], [15, 20, 16, 21], [17, 23, 18, 22], [19, 5, 20, 4], [21, 14, 22, 15], [23, 11, 24, 10], [1, 9, 2, 8], [3, 19, 4, 18], [5, 12, 6, 13], [7, 3, 8, 2], [9, 1, 10, 24], [11, 6, 12, 7]]"
12a_0031_144,"[[12, 7, 13, 8], [14, 18, 15, 17], [16, 21, 17, 22], [18, 24, 19, 23], [20, 6, 21, 5], [22, 15, 23, 16], [24, 12, 1, 11], [2, 10, 3, 9], [4, 20, 5, 19], [6, 13, 7, 14], [8, 4, 9, 3], [10, 2, 11, 1]]"
12a_0031_145,"[[10, 2, 11, 1], [12, 7, 13, 8], [14, 18, 15, 17], [16, 21, 17, 22], [18, 24, 19, 23], [20, 6, 21, 5], [22, 15, 23, 16], [24, 12, 1, 11], [2, 10, 3, 9], [4, 20, 5, 19], [6, 13, 7, 14], [8, 4, 9, 3]]"
12a_0031_146,"[[8, 4, 9, 3], [10, 2, 11, 1], [12, 7, 13, 8], [14, 18, 15, 17], [16, 21, 17, 22], [18, 24, 19, 23], [20, 6, 21, 5], [22, 15, 23, 16], [24, 12, 1, 11], [2, 10, 3, 9], [4, 20, 5, 19], [6, 13, 7, 14]]"
12a_0031_147,"[[6, 13, 7, 14], [8, 4, 9, 3], [10, 2, 11, 1], [12, 7, 13, 8], [14, 18, 15, 17], [16, 21, 17, 22], [18, 24, 19, 23], [20, 6, 21, 5], [22, 15, 23, 16], [24, 12, 1, 11], [2, 10, 3, 9], [4, 20, 5, 19]]"
12a_0031_148,"[[4, 20, 5, 19], [6, 13, 7, 14], [8, 4, 9, 3], [10, 2, 11, 1], [12, 7, 13, 8], [14, 18, 15, 17], [16, 21, 17, 22], [18, 24, 19, 23], [20, 6, 21, 5], [22, 15, 23, 16], [24, 12, 1, 11], [2, 10, 3, 9]]"
12a_0031_149,"[[2, 10, 3, 9], [4, 20, 5, 19], [6, 13, 7, 14], [8, 4, 9, 3], [10, 2, 11, 1], [12, 7, 13, 8], [14, 18, 15, 17], [16, 21, 17, 22], [18, 24, 19, 23], [20, 6, 21, 5], [22, 15, 23, 16], [24, 12, 1, 11]]"
12a_0031_150,"[[24, 12, 1, 11], [2, 10, 3, 9], [4, 20, 5, 19], [6, 13, 7, 14], [8, 4, 9, 3], [10, 2, 11, 1], [12, 7, 13, 8], [14, 18, 15, 17], [16, 21, 17, 22], [18, 24, 19, 23], [20, 6, 21, 5], [22, 15, 23, 16]]"
12a_0031_151,"[[22, 15, 23, 16], [24, 12, 1, 11], [2, 10, 3, 9], [4, 20, 5, 19], [6, 13, 7, 14], [8, 4, 9, 3], [10, 2, 11, 1], [12, 7, 13, 8], [14, 18, 15, 17], [16, 21, 17, 22], [18, 24, 19, 23], [20, 6, 21, 5]]"
12a_0031_152,"[[20, 6, 21, 5], [22, 15, 23, 16], [24, 12, 1, 11], [2, 10, 3, 9], [4, 20, 5, 19], [6, 13, 7, 14], [8, 4, 9, 3], [10, 2, 11, 1], [12, 7, 13, 8], [14, 18, 15, 17], [16, 21, 17, 22], [18, 24, 19, 23]]"
12a_0031_153,"[[18, 24, 19, 23], [20, 6, 21, 5], [22, 15, 23, 16], [24, 12, 1, 11], [2, 10, 3, 9], [4, 20, 5, 19], [6, 13, 7, 14], [8, 4, 9, 3], [10, 2, 11, 1], [12, 7, 13, 8], [14, 18, 15, 17], [16, 21, 17, 22]]"
12a_0031_154,"[[16, 21, 17, 22], [18, 24, 19, 23], [20, 6, 21, 5], [22, 15, 23, 16], [24, 12, 1, 11], [2, 10, 3, 9], [4, 20, 5, 19], [6, 13, 7, 14], [8, 4, 9, 3], [10, 2, 11, 1], [12, 7, 13, 8], [14, 18, 15, 17]]"
12a_0031_155,"[[14, 18, 15, 17], [16, 21, 17, 22], [18, 24, 19, 23], [20, 6, 21, 5], [22, 15, 23, 16], [24, 12, 1, 11], [2, 10, 3, 9], [4, 20, 5, 19], [6, 13, 7, 14], [8, 4, 9, 3], [10, 2, 11, 1], [12, 7, 13, 8]]"
12a_0031_156,"[[13, 8, 14, 9], [15, 19, 16, 18], [17, 22, 18, 23], [19, 1, 20, 24], [21, 7, 22, 6], [23, 16, 24, 17], [1, 13, 2, 12], [3, 11, 4, 10], [5, 21, 6, 20], [7, 14, 8, 15], [9, 5, 10, 4], [11, 3, 12, 2]]"
12a_0031_157,"[[11, 3, 12, 2], [13, 8, 14, 9], [15, 19, 16, 18], [17, 22, 18, 23], [19, 1, 20, 24], [21, 7, 22, 6], [23, 16, 24, 17], [1, 13, 2, 12], [3, 11, 4, 10], [5, 21, 6, 20], [7, 14, 8, 15], [9, 5, 10, 4]]"
12a_0031_158,"[[9, 5, 10, 4], [11, 3, 12, 2], [13, 8, 14, 9], [15, 19, 16, 18], [17, 22, 18, 23], [19, 1, 20, 24], [21, 7, 22, 6], [23, 16, 24, 17], [1, 13, 2, 12], [3, 11, 4, 10], [5, 21, 6, 20], [7, 14, 8, 15]]"
12a_0031_159,"[[7, 14, 8, 15], [9, 5, 10, 4], [11, 3, 12, 2], [13, 8, 14, 9], [15, 19, 16, 18], [17, 22, 18, 23], [19, 1, 20, 24], [21, 7, 22, 6], [23, 16, 24, 17], [1, 13, 2, 12], [3, 11, 4, 10], [5, 21, 6, 20]]"
12a_0031_160,"[[5, 21, 6, 20], [7, 14, 8, 15], [9, 5, 10, 4], [11, 3, 12, 2], [13, 8, 14, 9], [15, 19, 16, 18], [17, 22, 18, 23], [19, 1, 20, 24], [21, 7, 22, 6], [23, 16, 24, 17], [1, 13, 2, 12], [3, 11, 4, 10]]"
12a_0031_161,"[[3, 11, 4, 10], [5, 21, 6, 20], [7, 14, 8, 15], [9, 5, 10, 4], [11, 3, 12, 2], [13, 8, 14, 9], [15, 19, 16, 18], [17, 22, 18, 23], [19, 1, 20, 24], [21, 7, 22, 6], [23, 16, 24, 17], [1, 13, 2, 12]]"
12a_0031_162,"[[1, 13, 2, 12], [3, 11, 4, 10], [5, 21, 6, 20], [7, 14, 8, 15], [9, 5, 10, 4], [11, 3, 12, 2], [13, 8, 14, 9], [15, 19, 16, 18], [17, 22, 18, 23], [19, 1, 20, 24], [21, 7, 22, 6], [23, 16, 24, 17]]"
12a_0031_163,"[[23, 16, 24, 17], [1, 13, 2, 12], [3, 11, 4, 10], [5, 21, 6, 20], [7, 14, 8, 15], [9, 5, 10, 4], [11, 3, 12, 2], [13, 8, 14, 9], [15, 19, 16, 18], [17, 22, 18, 23], [19, 1, 20, 24], [21, 7, 22, 6]]"
12a_0031_164,"[[21, 7, 22, 6], [23, 16, 24, 17], [1, 13, 2, 12], [3, 11, 4, 10], [5, 21, 6, 20], [7, 14, 8, 15], [9, 5, 10, 4], [11, 3, 12, 2], [13, 8, 14, 9], [15, 19, 16, 18], [17, 22, 18, 23], [19, 1, 20, 24]]"
12a_0031_165,"[[19, 1, 20, 24], [21, 7, 22, 6], [23, 16, 24, 17], [1, 13, 2, 12], [3, 11, 4, 10], [5, 21, 6, 20], [7, 14, 8, 15], [9, 5, 10, 4], [11, 3, 12, 2], [13, 8, 14, 9], [15, 19, 16, 18], [17, 22, 18, 23]]"
12a_0031_166,"[[17, 22, 18, 23], [19, 1, 20, 24], [21, 7, 22, 6], [23, 16, 24, 17], [1, 13, 2, 12], [3, 11, 4, 10], [5, 21, 6, 20], [7, 14, 8, 15], [9, 5, 10, 4], [11, 3, 12, 2], [13, 8, 14, 9], [15, 19, 16, 18]]"
12a_0031_167,"[[15, 19, 16, 18], [17, 22, 18, 23], [19, 1, 20, 24], [21, 7, 22, 6], [23, 16, 24, 17], [1, 13, 2, 12], [3, 11, 4, 10], [5, 21, 6, 20], [7, 14, 8, 15], [9, 5, 10, 4], [11, 3, 12, 2], [13, 8, 14, 9]]"
12a_0031_168,"[[14, 9, 15, 10], [16, 20, 17, 19], [18, 23, 19, 24], [20, 2, 21, 1], [22, 8, 23, 7], [24, 17, 1, 18], [2, 14, 3, 13], [4, 12, 5, 11], [6, 22, 7, 21], [8, 15, 9, 16], [10, 6, 11, 5], [12, 4, 13, 3]]"
12a_0031_169,"[[12, 4, 13, 3], [14, 9, 15, 10], [16, 20, 17, 19], [18, 23, 19, 24], [20, 2, 21, 1], [22, 8, 23, 7], [24, 17, 1, 18], [2, 14, 3, 13], [4, 12, 5, 11], [6, 22, 7, 21], [8, 15, 9, 16], [10, 6, 11, 5]]"
12a_0031_170,"[[10, 6, 11, 5], [12, 4, 13, 3], [14, 9, 15, 10], [16, 20, 17, 19], [18, 23, 19, 24], [20, 2, 21, 1], [22, 8, 23, 7], [24, 17, 1, 18], [2, 14, 3, 13], [4, 12, 5, 11], [6, 22, 7, 21], [8, 15, 9, 16]]"
12a_0031_171,"[[8, 15, 9, 16], [10, 6, 11, 5], [12, 4, 13, 3], [14, 9, 15, 10], [16, 20, 17, 19], [18, 23, 19, 24], [20, 2, 21, 1], [22, 8, 23, 7], [24, 17, 1, 18], [2, 14, 3, 13], [4, 12, 5, 11], [6, 22, 7, 21]]"
12a_0031_172,"[[6, 22, 7, 21], [8, 15, 9, 16], [10, 6, 11, 5], [12, 4, 13, 3], [14, 9, 15, 10], [16, 20, 17, 19], [18, 23, 19, 24], [20, 2, 21, 1], [22, 8, 23, 7], [24, 17, 1, 18], [2, 14, 3, 13], [4, 12, 5, 11]]"
12a_0031_173,"[[4, 12, 5, 11], [6, 22, 7, 21], [8, 15, 9, 16], [10, 6, 11, 5], [12, 4, 13, 3], [14, 9, 15, 10], [16, 20, 17, 19], [18, 23, 19, 24], [20, 2, 21, 1], [22, 8, 23, 7], [24, 17, 1, 18], [2, 14, 3, 13]]"
12a_0031_174,"[[2, 14, 3, 13], [4, 12, 5, 11], [6, 22, 7, 21], [8, 15, 9, 16], [10, 6, 11, 5], [12, 4, 13, 3], [14, 9, 15, 10], [16, 20, 17, 19], [18, 23, 19, 24], [20, 2, 21, 1], [22, 8, 23, 7], [24, 17, 1, 18]]"
12a_0031_175,"[[24, 17, 1, 18], [2, 14, 3, 13], [4, 12, 5, 11], [6, 22, 7, 21], [8, 15, 9, 16], [10, 6, 11, 5], [12, 4, 13, 3], [14, 9, 15, 10], [16, 20, 17, 19], [18, 23, 19, 24], [20, 2, 21, 1], [22, 8, 23, 7]]"
12a_0031_176,"[[22, 8, 23, 7], [24, 17, 1, 18], [2, 14, 3, 13], [4, 12, 5, 11], [6, 22, 7, 21], [8, 15, 9, 16], [10, 6, 11, 5], [12, 4, 13, 3], [14, 9, 15, 10], [16, 20, 17, 19], [18, 23, 19, 24], [20, 2, 21, 1]]"
12a_0031_177,"[[20, 2, 21, 1], [22, 8, 23, 7], [24, 17, 1, 18], [2, 14, 3, 13], [4, 12, 5, 11], [6, 22, 7, 21], [8, 15, 9, 16], [10, 6, 11, 5], [12, 4, 13, 3], [14, 9, 15, 10], [16, 20, 17, 19], [18, 23, 19, 24]]"
12a_0031_178,"[[18, 23, 19, 24], [20, 2, 21, 1], [22, 8, 23, 7], [24, 17, 1, 18], [2, 14, 3, 13], [4, 12, 5, 11], [6, 22, 7, 21], [8, 15, 9, 16], [10, 6, 11, 5], [12, 4, 13, 3], [14, 9, 15, 10], [16, 20, 17, 19]]"
12a_0031_179,"[[16, 20, 17, 19], [18, 23, 19, 24], [20, 2, 21, 1], [22, 8, 23, 7], [24, 17, 1, 18], [2, 14, 3, 13], [4, 12, 5, 11], [6, 22, 7, 21], [8, 15, 9, 16], [10, 6, 11, 5], [12, 4, 13, 3], [14, 9, 15, 10]]"
12a_0031_180,"[[15, 10, 16, 11], [17, 21, 18, 20], [19, 24, 20, 1], [21, 3, 22, 2], [23, 9, 24, 8], [1, 18, 2, 19], [3, 15, 4, 14], [5, 13, 6, 12], [7, 23, 8, 22], [9, 16, 10, 17], [11, 7, 12, 6], [13, 5, 14, 4]]"
12a_0031_181,"[[13, 5, 14, 4], [15, 10, 16, 11], [17, 21, 18, 20], [19, 24, 20, 1], [21, 3, 22, 2], [23, 9, 24, 8], [1, 18, 2, 19], [3, 15, 4, 14], [5, 13, 6, 12], [7, 23, 8, 22], [9, 16, 10, 17], [11, 7, 12, 6]]"
12a_0031_182,"[[11, 7, 12, 6], [13, 5, 14, 4], [15, 10, 16, 11], [17, 21, 18, 20], [19, 24, 20, 1], [21, 3, 22, 2], [23, 9, 24, 8], [1, 18, 2, 19], [3, 15, 4, 14], [5, 13, 6, 12], [7, 23, 8, 22], [9, 16, 10, 17]]"
12a_0031_183,"[[9, 16, 10, 17], [11, 7, 12, 6], [13, 5, 14, 4], [15, 10, 16, 11], [17, 21, 18, 20], [19, 24, 20, 1], [21, 3, 22, 2], [23, 9, 24, 8], [1, 18, 2, 19], [3, 15, 4, 14], [5, 13, 6, 12], [7, 23, 8, 22]]"
12a_0031_184,"[[7, 23, 8, 22], [9, 16, 10, 17], [11, 7, 12, 6], [13, 5, 14, 4], [15, 10, 16, 11], [17, 21, 18, 20], [19, 24, 20, 1], [21, 3, 22, 2], [23, 9, 24, 8], [1, 18, 2, 19], [3, 15, 4, 14], [5, 13, 6, 12]]"
12a_0031_185,"[[5, 13, 6, 12], [7, 23, 8, 22], [9, 16, 10, 17], [11, 7, 12, 6], [13, 5, 14, 4], [15, 10, 16, 11], [17, 21, 18, 20], [19, 24, 20, 1], [21, 3, 22, 2], [23, 9, 24, 8], [1, 18, 2, 19], [3, 15, 4, 14]]"
