name,pd_notation
12a_0158_0,"[[24, 14, 1, 13], [2, 6, 3, 5], [4, 10, 5, 9], [6, 18, 7, 17], [8, 4, 9, 3], [10, 22, 11, 21], [12, 24, 13, 23], [14, 19, 15, 20], [16, 8, 17, 7], [18, 15, 19, 16], [20, 2, 21, 1], [22, 12, 23, 11]]"
12a_0158_1,"[[22, 12, 23, 11], [24, 14, 1, 13], [2, 6, 3, 5], [4, 10, 5, 9], [6, 18, 7, 17], [8, 4, 9, 3], [10, 22, 11, 21], [12, 24, 13, 23], [14, 19, 15, 20], [16, 8, 17, 7], [18, 15, 19, 16], [20, 2, 21, 1]]"
12a_0158_2,"[[20, 2, 21, 1], [22, 12, 23, 11], [24, 14, 1, 13], [2, 6, 3, 5], [4, 10, 5, 9], [6, 18, 7, 17], [8, 4, 9, 3], [10, 22, 11, 21], [12, 24, 13, 23], [14, 19, 15, 20], [16, 8, 17, 7], [18, 15, 19, 16]]"
12a_0158_3,"[[18, 15, 19, 16], [20, 2, 21, 1], [22, 12, 23, 11], [24, 14, 1, 13], [2, 6, 3, 5], [4, 10, 5, 9], [6, 18, 7, 17], [8, 4, 9, 3], [10, 22, 11, 21], [12, 24, 13, 23], [14, 19, 15, 20], [16, 8, 17, 7]]"
12a_0158_4,"[[16, 8, 17, 7], [18, 15, 19, 16], [20, 2, 21, 1], [22, 12, 23, 11], [24, 14, 1, 13], [2, 6, 3, 5], [4, 10, 5, 9], [6, 18, 7, 17], [8, 4, 9, 3], [10, 22, 11, 21], [12, 24, 13, 23], [14, 19, 15, 20]]"
12a_0158_5,"[[14, 19, 15, 20], [16, 8, 17, 7], [18, 15, 19, 16], [20, 2, 21, 1], [22, 12, 23, 11], [24, 14, 1, 13], [2, 6, 3, 5], [4, 10, 5, 9], [6, 18, 7, 17], [8, 4, 9, 3], [10, 22, 11, 21], [12, 24, 13, 23]]"
12a_0158_6,"[[12, 24, 13, 23], [14, 19, 15, 20], [16, 8, 17, 7], [18, 15, 19, 16], [20, 2, 21, 1], [22, 12, 23, 11], [24, 14, 1, 13], [2, 6, 3, 5], [4, 10, 5, 9], [6, 18, 7, 17], [8, 4, 9, 3], [10, 22, 11, 21]]"
12a_0158_7,"[[10, 22, 11, 21], [12, 24, 13, 23], [14, 19, 15, 20], [16, 8, 17, 7], [18, 15, 19, 16], [20, 2, 21, 1], [22, 12, 23, 11], [24, 14, 1, 13], [2, 6, 3, 5], [4, 10, 5, 9], [6, 18, 7, 17], [8, 4, 9, 3]]"
12a_0158_8,"[[8, 4, 9, 3], [10, 22, 11, 21], [12, 24, 13, 23], [14, 19, 15, 20], [16, 8, 17, 7], [18, 15, 19, 16], [20, 2, 21, 1], [22, 12, 23, 11], [24, 14, 1, 13], [2, 6, 3, 5], [4, 10, 5, 9], [6, 18, 7, 17]]"
12a_0158_9,"[[6, 18, 7, 17], [8, 4, 9, 3], [10, 22, 11, 21], [12, 24, 13, 23], [14, 19, 15, 20], [16, 8, 17, 7], [18, 15, 19, 16], [20, 2, 21, 1], [22, 12, 23, 11], [24, 14, 1, 13], [2, 6, 3, 5], [4, 10, 5, 9]]"
12a_0158_10,"[[4, 10, 5, 9], [6, 18, 7, 17], [8, 4, 9, 3], [10, 22, 11, 21], [12, 24, 13, 23], [14, 19, 15, 20], [16, 8, 17, 7], [18, 15, 19, 16], [20, 2, 21, 1], [22, 12, 23, 11], [24, 14, 1, 13], [2, 6, 3, 5]]"
12a_0158_11,"[[2, 6, 3, 5], [4, 10, 5, 9], [6, 18, 7, 17], [8, 4, 9, 3], [10, 22, 11, 21], [12, 24, 13, 23], [14, 19, 15, 20], [16, 8, 17, 7], [18, 15, 19, 16], [20, 2, 21, 1], [22, 12, 23, 11], [24, 14, 1, 13]]"
12a_0158_12,"[[1, 15, 2, 14], [3, 7, 4, 6], [5, 11, 6, 10], [7, 19, 8, 18], [9, 5, 10, 4], [11, 23, 12, 22], [13, 1, 14, 24], [15, 20, 16, 21], [17, 9, 18, 8], [19, 16, 20, 17], [21, 3, 22, 2], [23, 13, 24, 12]]"
12a_0158_13,"[[23, 13, 24, 12], [1, 15, 2, 14], [3, 7, 4, 6], [5, 11, 6, 10], [7, 19, 8, 18], [9, 5, 10, 4], [11, 23, 12, 22], [13, 1, 14, 24], [15, 20, 16, 21], [17, 9, 18, 8], [19, 16, 20, 17], [21, 3, 22, 2]]"
12a_0158_14,"[[21, 3, 22, 2], [23, 13, 24, 12], [1, 15, 2, 14], [3, 7, 4, 6], [5, 11, 6, 10], [7, 19, 8, 18], [9, 5, 10, 4], [11, 23, 12, 22], [13, 1, 14, 24], [15, 20, 16, 21], [17, 9, 18, 8], [19, 16, 20, 17]]"
12a_0158_15,"[[19, 16, 20, 17], [21, 3, 22, 2], [23, 13, 24, 12], [1, 15, 2, 14], [3, 7, 4, 6], [5, 11, 6, 10], [7, 19, 8, 18], [9, 5, 10, 4], [11, 23, 12, 22], [13, 1, 14, 24], [15, 20, 16, 21], [17, 9, 18, 8]]"
12a_0158_16,"[[17, 9, 18, 8], [19, 16, 20, 17], [21, 3, 22, 2], [23, 13, 24, 12], [1, 15, 2, 14], [3, 7, 4, 6], [5, 11, 6, 10], [7, 19, 8, 18], [9, 5, 10, 4], [11, 23, 12, 22], [13, 1, 14, 24], [15, 20, 16, 21]]"
12a_0158_17,"[[15, 20, 16, 21], [17, 9, 18, 8], [19, 16, 20, 17], [21, 3, 22, 2], [23, 13, 24, 12], [1, 15, 2, 14], [3, 7, 4, 6], [5, 11, 6, 10], [7, 19, 8, 18], [9, 5, 10, 4], [11, 23, 12, 22], [13, 1, 14, 24]]"
12a_0158_18,"[[13, 1, 14, 24], [15, 20, 16, 21], [17, 9, 18, 8], [19, 16, 20, 17], [21, 3, 22, 2], [23, 13, 24, 12], [1, 15, 2, 14], [3, 7, 4, 6], [5, 11, 6, 10], [7, 19, 8, 18], [9, 5, 10, 4], [11, 23, 12, 22]]"
12a_0158_19,"[[11, 23, 12, 22], [13, 1, 14, 24], [15, 20, 16, 21], [17, 9, 18, 8], [19, 16, 20, 17], [21, 3, 22, 2], [23, 13, 24, 12], [1, 15, 2, 14], [3, 7, 4, 6], [5, 11, 6, 10], [7, 19, 8, 18], [9, 5, 10, 4]]"
12a_0158_20,"[[9, 5, 10, 4], [11, 23, 12, 22], [13, 1, 14, 24], [15, 20, 16, 21], [17, 9, 18, 8], [19, 16, 20, 17], [21, 3, 22, 2], [23, 13, 24, 12], [1, 15, 2, 14], [3, 7, 4, 6], [5, 11, 6, 10], [7, 19, 8, 18]]"
12a_0158_21,"[[7, 19, 8, 18], [9, 5, 10, 4], [11, 23, 12, 22], [13, 1, 14, 24], [15, 20, 16, 21], [17, 9, 18, 8], [19, 16, 20, 17], [21, 3, 22, 2], [23, 13, 24, 12], [1, 15, 2, 14], [3, 7, 4, 6], [5, 11, 6, 10]]"
12a_0158_22,"[[5, 11, 6, 10], [7, 19, 8, 18], [9, 5, 10, 4], [11, 23, 12, 22], [13, 1, 14, 24], [15, 20, 16, 21], [17, 9, 18, 8], [19, 16, 20, 17], [21, 3, 22, 2], [23, 13, 24, 12], [1, 15, 2, 14], [3, 7, 4, 6]]"
12a_0158_23,"[[3, 7, 4, 6], [5, 11, 6, 10], [7, 19, 8, 18], [9, 5, 10, 4], [11, 23, 12, 22], [13, 1, 14, 24], [15, 20, 16, 21], [17, 9, 18, 8], [19, 16, 20, 17], [21, 3, 22, 2], [23, 13, 24, 12], [1, 15, 2, 14]]"
12a_0158_24,"[[2, 16, 3, 15], [4, 8, 5, 7], [6, 12, 7, 11], [8, 20, 9, 19], [10, 6, 11, 5], [12, 24, 13, 23], [14, 2, 15, 1], [16, 21, 17, 22], [18, 10, 19, 9], [20, 17, 21, 18], [22, 4, 23, 3], [24, 14, 1, 13]]"
12a_0158_25,"[[24, 14, 1, 13], [2, 16, 3, 15], [4, 8, 5, 7], [6, 12, 7, 11], [8, 20, 9, 19], [10, 6, 11, 5], [12, 24, 13, 23], [14, 2, 15, 1], [16, 21, 17, 22], [18, 10, 19, 9], [20, 17, 21, 18], [22, 4, 23, 3]]"
12a_0158_26,"[[22, 4, 23, 3], [24, 14, 1, 13], [2, 16, 3, 15], [4, 8, 5, 7], [6, 12, 7, 11], [8, 20, 9, 19], [10, 6, 11, 5], [12, 24, 13, 23], [14, 2, 15, 1], [16, 21, 17, 22], [18, 10, 19, 9], [20, 17, 21, 18]]"
12a_0158_27,"[[20, 17, 21, 18], [22, 4, 23, 3], [24, 14, 1, 13], [2, 16, 3, 15], [4, 8, 5, 7], [6, 12, 7, 11], [8, 20, 9, 19], [10, 6, 11, 5], [12, 24, 13, 23], [14, 2, 15, 1], [16, 21, 17, 22], [18, 10, 19, 9]]"
12a_0158_28,"[[18, 10, 19, 9], [20, 17, 21, 18], [22, 4, 23, 3], [24, 14, 1, 13], [2, 16, 3, 15], [4, 8, 5, 7], [6, 12, 7, 11], [8, 20, 9, 19], [10, 6, 11, 5], [12, 24, 13, 23], [14, 2, 15, 1], [16, 21, 17, 22]]"
12a_0158_29,"[[16, 21, 17, 22], [18, 10, 19, 9], [20, 17, 21, 18], [22, 4, 23, 3], [24, 14, 1, 13], [2, 16, 3, 15], [4, 8, 5, 7], [6, 12, 7, 11], [8, 20, 9, 19], [10, 6, 11, 5], [12, 24, 13, 23], [14, 2, 15, 1]]"
12a_0158_30,"[[14, 2, 15, 1], [16, 21, 17, 22], [18, 10, 19, 9], [20, 17, 21, 18], [22, 4, 23, 3], [24, 14, 1, 13], [2, 16, 3, 15], [4, 8, 5, 7], [6, 12, 7, 11], [8, 20, 9, 19], [10, 6, 11, 5], [12, 24, 13, 23]]"
12a_0158_31,"[[12, 24, 13, 23], [14, 2, 15, 1], [16, 21, 17, 22], [18, 10, 19, 9], [20, 17, 21, 18], [22, 4, 23, 3], [24, 14, 1, 13], [2, 16, 3, 15], [4, 8, 5, 7], [6, 12, 7, 11], [8, 20, 9, 19], [10, 6, 11, 5]]"
12a_0158_32,"[[10, 6, 11, 5], [12, 24, 13, 23], [14, 2, 15, 1], [16, 21, 17, 22], [18, 10, 19, 9], [20, 17, 21, 18], [22, 4, 23, 3], [24, 14, 1, 13], [2, 16, 3, 15], [4, 8, 5, 7], [6, 12, 7, 11], [8, 20, 9, 19]]"
12a_0158_33,"[[8, 20, 9, 19], [10, 6, 11, 5], [12, 24, 13, 23], [14, 2, 15, 1], [16, 21, 17, 22], [18, 10, 19, 9], [20, 17, 21, 18], [22, 4, 23, 3], [24, 14, 1, 13], [2, 16, 3, 15], [4, 8, 5, 7], [6, 12, 7, 11]]"
12a_0158_34,"[[6, 12, 7, 11], [8, 20, 9, 19], [10, 6, 11, 5], [12, 24, 13, 23], [14, 2, 15, 1], [16, 21, 17, 22], [18, 10, 19, 9], [20, 17, 21, 18], [22, 4, 23, 3], [24, 14, 1, 13], [2, 16, 3, 15], [4, 8, 5, 7]]"
12a_0158_35,"[[4, 8, 5, 7], [6, 12, 7, 11], [8, 20, 9, 19], [10, 6, 11, 5], [12, 24, 13, 23], [14, 2, 15, 1], [16, 21, 17, 22], [18, 10, 19, 9], [20, 17, 21, 18], [22, 4, 23, 3], [24, 14, 1, 13], [2, 16, 3, 15]]"
12a_0158_36,"[[3, 17, 4, 16], [5, 9, 6, 8], [7, 13, 8, 12], [9, 21, 10, 20], [11, 7, 12, 6], [13, 1, 14, 24], [15, 3, 16, 2], [17, 22, 18, 23], [19, 11, 20, 10], [21, 18, 22, 19], [23, 5, 24, 4], [1, 15, 2, 14]]"
12a_0158_37,"[[1, 15, 2, 14], [3, 17, 4, 16], [5, 9, 6, 8], [7, 13, 8, 12], [9, 21, 10, 20], [11, 7, 12, 6], [13, 1, 14, 24], [15, 3, 16, 2], [17, 22, 18, 23], [19, 11, 20, 10], [21, 18, 22, 19], [23, 5, 24, 4]]"
12a_0158_38,"[[23, 5, 24, 4], [1, 15, 2, 14], [3, 17, 4, 16], [5, 9, 6, 8], [7, 13, 8, 12], [9, 21, 10, 20], [11, 7, 12, 6], [13, 1, 14, 24], [15, 3, 16, 2], [17, 22, 18, 23], [19, 11, 20, 10], [21, 18, 22, 19]]"
12a_0158_39,"[[21, 18, 22, 19], [23, 5, 24, 4], [1, 15, 2, 14], [3, 17, 4, 16], [5, 9, 6, 8], [7, 13, 8, 12], [9, 21, 10, 20], [11, 7, 12, 6], [13, 1, 14, 24], [15, 3, 16, 2], [17, 22, 18, 23], [19, 11, 20, 10]]"
12a_0158_40,"[[19, 11, 20, 10], [21, 18, 22, 19], [23, 5, 24, 4], [1, 15, 2, 14], [3, 17, 4, 16], [5, 9, 6, 8], [7, 13, 8, 12], [9, 21, 10, 20], [11, 7, 12, 6], [13, 1, 14, 24], [15, 3, 16, 2], [17, 22, 18, 23]]"
12a_0158_41,"[[17, 22, 18, 23], [19, 11, 20, 10], [21, 18, 22, 19], [23, 5, 24, 4], [1, 15, 2, 14], [3, 17, 4, 16], [5, 9, 6, 8], [7, 13, 8, 12], [9, 21, 10, 20], [11, 7, 12, 6], [13, 1, 14, 24], [15, 3, 16, 2]]"
12a_0158_42,"[[15, 3, 16, 2], [17, 22, 18, 23], [19, 11, 20, 10], [21, 18, 22, 19], [23, 5, 24, 4], [1, 15, 2, 14], [3, 17, 4, 16], [5, 9, 6, 8], [7, 13, 8, 12], [9, 21, 10, 20], [11, 7, 12, 6], [13, 1, 14, 24]]"
12a_0158_43,"[[13, 1, 14, 24], [15, 3, 16, 2], [17, 22, 18, 23], [19, 11, 20, 10], [21, 18, 22, 19], [23, 5, 24, 4], [1, 15, 2, 14], [3, 17, 4, 16], [5, 9, 6, 8], [7, 13, 8, 12], [9, 21, 10, 20], [11, 7, 12, 6]]"
12a_0158_44,"[[11, 7, 12, 6], [13, 1, 14, 24], [15, 3, 16, 2], [17, 22, 18, 23], [19, 11, 20, 10], [21, 18, 22, 19], [23, 5, 24, 4], [1, 15, 2, 14], [3, 17, 4, 16], [5, 9, 6, 8], [7, 13, 8, 12], [9, 21, 10, 20]]"
12a_0158_45,"[[9, 21, 10, 20], [11, 7, 12, 6], [13, 1, 14, 24], [15, 3, 16, 2], [17, 22, 18, 23], [19, 11, 20, 10], [21, 18, 22, 19], [23, 5, 24, 4], [1, 15, 2, 14], [3, 17, 4, 16], [5, 9, 6, 8], [7, 13, 8, 12]]"
12a_0158_46,"[[7, 13, 8, 12], [9, 21, 10, 20], [11, 7, 12, 6], [13, 1, 14, 24], [15, 3, 16, 2], [17, 22, 18, 23], [19, 11, 20, 10], [21, 18, 22, 19], [23, 5, 24, 4], [1, 15, 2, 14], [3, 17, 4, 16], [5, 9, 6, 8]]"
12a_0158_47,"[[5, 9, 6, 8], [7, 13, 8, 12], [9, 21, 10, 20], [11, 7, 12, 6], [13, 1, 14, 24], [15, 3, 16, 2], [17, 22, 18, 23], [19, 11, 20, 10], [21, 18, 22, 19], [23, 5, 24, 4], [1, 15, 2, 14], [3, 17, 4, 16]]"
12a_0158_48,"[[4, 18, 5, 17], [6, 10, 7, 9], [8, 14, 9, 13], [10, 22, 11, 21], [12, 8, 13, 7], [14, 2, 15, 1], [16, 4, 17, 3], [18, 23, 19, 24], [20, 12, 21, 11], [22, 19, 23, 20], [24, 6, 1, 5], [2, 16, 3, 15]]"
12a_0158_49,"[[2, 16, 3, 15], [4, 18, 5, 17], [6, 10, 7, 9], [8, 14, 9, 13], [10, 22, 11, 21], [12, 8, 13, 7], [14, 2, 15, 1], [16, 4, 17, 3], [18, 23, 19, 24], [20, 12, 21, 11], [22, 19, 23, 20], [24, 6, 1, 5]]"
12a_0158_50,"[[24, 6, 1, 5], [2, 16, 3, 15], [4, 18, 5, 17], [6, 10, 7, 9], [8, 14, 9, 13], [10, 22, 11, 21], [12, 8, 13, 7], [14, 2, 15, 1], [16, 4, 17, 3], [18, 23, 19, 24], [20, 12, 21, 11], [22, 19, 23, 20]]"
12a_0158_51,"[[22, 19, 23, 20], [24, 6, 1, 5], [2, 16, 3, 15], [4, 18, 5, 17], [6, 10, 7, 9], [8, 14, 9, 13], [10, 22, 11, 21], [12, 8, 13, 7], [14, 2, 15, 1], [16, 4, 17, 3], [18, 23, 19, 24], [20, 12, 21, 11]]"
12a_0158_52,"[[20, 12, 21, 11], [22, 19, 23, 20], [24, 6, 1, 5], [2, 16, 3, 15], [4, 18, 5, 17], [6, 10, 7, 9], [8, 14, 9, 13], [10, 22, 11, 21], [12, 8, 13, 7], [14, 2, 15, 1], [16, 4, 17, 3], [18, 23, 19, 24]]"
12a_0158_53,"[[18, 23, 19, 24], [20, 12, 21, 11], [22, 19, 23, 20], [24, 6, 1, 5], [2, 16, 3, 15], [4, 18, 5, 17], [6, 10, 7, 9], [8, 14, 9, 13], [10, 22, 11, 21], [12, 8, 13, 7], [14, 2, 15, 1], [16, 4, 17, 3]]"
12a_0158_54,"[[16, 4, 17, 3], [18, 23, 19, 24], [20, 12, 21, 11], [22, 19, 23, 20], [24, 6, 1, 5], [2, 16, 3, 15], [4, 18, 5, 17], [6, 10, 7, 9], [8, 14, 9, 13], [10, 22, 11, 21], [12, 8, 13, 7], [14, 2, 15, 1]]"
12a_0158_55,"[[14, 2, 15, 1], [16, 4, 17, 3], [18, 23, 19, 24], [20, 12, 21, 11], [22, 19, 23, 20], [24, 6, 1, 5], [2, 16, 3, 15], [4, 18, 5, 17], [6, 10, 7, 9], [8, 14, 9, 13], [10, 22, 11, 21], [12, 8, 13, 7]]"
12a_0158_56,"[[12, 8, 13, 7], [14, 2, 15, 1], [16, 4, 17, 3], [18, 23, 19, 24], [20, 12, 21, 11], [22, 19, 23, 20], [24, 6, 1, 5], [2, 16, 3, 15], [4, 18, 5, 17], [6, 10, 7, 9], [8, 14, 9, 13], [10, 22, 11, 21]]"
12a_0158_57,"[[10, 22, 11, 21], [12, 8, 13, 7], [14, 2, 15, 1], [16, 4, 17, 3], [18, 23, 19, 24], [20, 12, 21, 11], [22, 19, 23, 20], [24, 6, 1, 5], [2, 16, 3, 15], [4, 18, 5, 17], [6, 10, 7, 9], [8, 14, 9, 13]]"
12a_0158_58,"[[8, 14, 9, 13], [10, 22, 11, 21], [12, 8, 13, 7], [14, 2, 15, 1], [16, 4, 17, 3], [18, 23, 19, 24], [20, 12, 21, 11], [22, 19, 23, 20], [24, 6, 1, 5], [2, 16, 3, 15], [4, 18, 5, 17], [6, 10, 7, 9]]"
12a_0158_59,"[[6, 10, 7, 9], [8, 14, 9, 13], [10, 22, 11, 21], [12, 8, 13, 7], [14, 2, 15, 1], [16, 4, 17, 3], [18, 23, 19, 24], [20, 12, 21, 11], [22, 19, 23, 20], [24, 6, 1, 5], [2, 16, 3, 15], [4, 18, 5, 17]]"
12a_0158_60,"[[5, 19, 6, 18], [7, 11, 8, 10], [9, 15, 10, 14], [11, 23, 12, 22], [13, 9, 14, 8], [15, 3, 16, 2], [17, 5, 18, 4], [19, 24, 20, 1], [21, 13, 22, 12], [23, 20, 24, 21], [1, 7, 2, 6], [3, 17, 4, 16]]"
12a_0158_61,"[[3, 17, 4, 16], [5, 19, 6, 18], [7, 11, 8, 10], [9, 15, 10, 14], [11, 23, 12, 22], [13, 9, 14, 8], [15, 3, 16, 2], [17, 5, 18, 4], [19, 24, 20, 1], [21, 13, 22, 12], [23, 20, 24, 21], [1, 7, 2, 6]]"
12a_0158_62,"[[1, 7, 2, 6], [3, 17, 4, 16], [5, 19, 6, 18], [7, 11, 8, 10], [9, 15, 10, 14], [11, 23, 12, 22], [13, 9, 14, 8], [15, 3, 16, 2], [17, 5, 18, 4], [19, 24, 20, 1], [21, 13, 22, 12], [23, 20, 24, 21]]"
12a_0158_63,"[[23, 20, 24, 21], [1, 7, 2, 6], [3, 17, 4, 16], [5, 19, 6, 18], [7, 11, 8, 10], [9, 15, 10, 14], [11, 23, 12, 22], [13, 9, 14, 8], [15, 3, 16, 2], [17, 5, 18, 4], [19, 24, 20, 1], [21, 13, 22, 12]]"
12a_0158_64,"[[21, 13, 22, 12], [23, 20, 24, 21], [1, 7, 2, 6], [3, 17, 4, 16], [5, 19, 6, 18], [7, 11, 8, 10], [9, 15, 10, 14], [11, 23, 12, 22], [13, 9, 14, 8], [15, 3, 16, 2], [17, 5, 18, 4], [19, 24, 20, 1]]"
12a_0158_65,"[[19, 24, 20, 1], [21, 13, 22, 12], [23, 20, 24, 21], [1, 7, 2, 6], [3, 17, 4, 16], [5, 19, 6, 18], [7, 11, 8, 10], [9, 15, 10, 14], [11, 23, 12, 22], [13, 9, 14, 8], [15, 3, 16, 2], [17, 5, 18, 4]]"
12a_0158_66,"[[17, 5, 18, 4], [19, 24, 20, 1], [21, 13, 22, 12], [23, 20, 24, 21], [1, 7, 2, 6], [3, 17, 4, 16], [5, 19, 6, 18], [7, 11, 8, 10], [9, 15, 10, 14], [11, 23, 12, 22], [13, 9, 14, 8], [15, 3, 16, 2]]"
12a_0158_67,"[[15, 3, 16, 2], [17, 5, 18, 4], [19, 24, 20, 1], [21, 13, 22, 12], [23, 20, 24, 21], [1, 7, 2, 6], [3, 17, 4, 16], [5, 19, 6, 18], [7, 11, 8, 10], [9, 15, 10, 14], [11, 23, 12, 22], [13, 9, 14, 8]]"
12a_0158_68,"[[13, 9, 14, 8], [15, 3, 16, 2], [17, 5, 18, 4], [19, 24, 20, 1], [21, 13, 22, 12], [23, 20, 24, 21], [1, 7, 2, 6], [3, 17, 4, 16], [5, 19, 6, 18], [7, 11, 8, 10], [9, 15, 10, 14], [11, 23, 12, 22]]"
12a_0158_69,"[[11, 23, 12, 22], [13, 9, 14, 8], [15, 3, 16, 2], [17, 5, 18, 4], [19, 24, 20, 1], [21, 13, 22, 12], [23, 20, 24, 21], [1, 7, 2, 6], [3, 17, 4, 16], [5, 19, 6, 18], [7, 11, 8, 10], [9, 15, 10, 14]]"
12a_0158_70,"[[9, 15, 10, 14], [11, 23, 12, 22], [13, 9, 14, 8], [15, 3, 16, 2], [17, 5, 18, 4], [19, 24, 20, 1], [21, 13, 22, 12], [23, 20, 24, 21], [1, 7, 2, 6], [3, 17, 4, 16], [5, 19, 6, 18], [7, 11, 8, 10]]"
12a_0158_71,"[[7, 11, 8, 10], [9, 15, 10, 14], [11, 23, 12, 22], [13, 9, 14, 8], [15, 3, 16, 2], [17, 5, 18, 4], [19, 24, 20, 1], [21, 13, 22, 12], [23, 20, 24, 21], [1, 7, 2, 6], [3, 17, 4, 16], [5, 19, 6, 18]]"
12a_0158_72,"[[6, 20, 7, 19], [8, 12, 9, 11], [10, 16, 11, 15], [12, 24, 13, 23], [14, 10, 15, 9], [16, 4, 17, 3], [18, 6, 19, 5], [20, 1, 21, 2], [22, 14, 23, 13], [24, 21, 1, 22], [2, 8, 3, 7], [4, 18, 5, 17]]"
12a_0158_73,"[[4, 18, 5, 17], [6, 20, 7, 19], [8, 12, 9, 11], [10, 16, 11, 15], [12, 24, 13, 23], [14, 10, 15, 9], [16, 4, 17, 3], [18, 6, 19, 5], [20, 1, 21, 2], [22, 14, 23, 13], [24, 21, 1, 22], [2, 8, 3, 7]]"
12a_0158_74,"[[2, 8, 3, 7], [4, 18, 5, 17], [6, 20, 7, 19], [8, 12, 9, 11], [10, 16, 11, 15], [12, 24, 13, 23], [14, 10, 15, 9], [16, 4, 17, 3], [18, 6, 19, 5], [20, 1, 21, 2], [22, 14, 23, 13], [24, 21, 1, 22]]"
12a_0158_75,"[[24, 21, 1, 22], [2, 8, 3, 7], [4, 18, 5, 17], [6, 20, 7, 19], [8, 12, 9, 11], [10, 16, 11, 15], [12, 24, 13, 23], [14, 10, 15, 9], [16, 4, 17, 3], [18, 6, 19, 5], [20, 1, 21, 2], [22, 14, 23, 13]]"
12a_0158_76,"[[22, 14, 23, 13], [24, 21, 1, 22], [2, 8, 3, 7], [4, 18, 5, 17], [6, 20, 7, 19], [8, 12, 9, 11], [10, 16, 11, 15], [12, 24, 13, 23], [14, 10, 15, 9], [16, 4, 17, 3], [18, 6, 19, 5], [20, 1, 21, 2]]"
12a_0158_77,"[[20, 1, 21, 2], [22, 14, 23, 13], [24, 21, 1, 22], [2, 8, 3, 7], [4, 18, 5, 17], [6, 20, 7, 19], [8, 12, 9, 11], [10, 16, 11, 15], [12, 24, 13, 23], [14, 10, 15, 9], [16, 4, 17, 3], [18, 6, 19, 5]]"
12a_0158_78,"[[18, 6, 19, 5], [20, 1, 21, 2], [22, 14, 23, 13], [24, 21, 1, 22], [2, 8, 3, 7], [4, 18, 5, 17], [6, 20, 7, 19], [8, 12, 9, 11], [10, 16, 11, 15], [12, 24, 13, 23], [14, 10, 15, 9], [16, 4, 17, 3]]"
12a_0158_79,"[[16, 4, 17, 3], [18, 6, 19, 5], [20, 1, 21, 2], [22, 14, 23, 13], [24, 21, 1, 22], [2, 8, 3, 7], [4, 18, 5, 17], [6, 20, 7, 19], [8, 12, 9, 11], [10, 16, 11, 15], [12, 24, 13, 23], [14, 10, 15, 9]]"
12a_0158_80,"[[14, 10, 15, 9], [16, 4, 17, 3], [18, 6, 19, 5], [20, 1, 21, 2], [22, 14, 23, 13], [24, 21, 1, 22], [2, 8, 3, 7], [4, 18, 5, 17], [6, 20, 7, 19], [8, 12, 9, 11], [10, 16, 11, 15], [12, 24, 13, 23]]"
12a_0158_81,"[[12, 24, 13, 23], [14, 10, 15, 9], [16, 4, 17, 3], [18, 6, 19, 5], [20, 1, 21, 2], [22, 14, 23, 13], [24, 21, 1, 22], [2, 8, 3, 7], [4, 18, 5, 17], [6, 20, 7, 19], [8, 12, 9, 11], [10, 16, 11, 15]]"
12a_0158_82,"[[10, 16, 11, 15], [12, 24, 13, 23], [14, 10, 15, 9], [16, 4, 17, 3], [18, 6, 19, 5], [20, 1, 21, 2], [22, 14, 23, 13], [24, 21, 1, 22], [2, 8, 3, 7], [4, 18, 5, 17], [6, 20, 7, 19], [8, 12, 9, 11]]"
12a_0158_83,"[[8, 12, 9, 11], [10, 16, 11, 15], [12, 24, 13, 23], [14, 10, 15, 9], [16, 4, 17, 3], [18, 6, 19, 5], [20, 1, 21, 2], [22, 14, 23, 13], [24, 21, 1, 22], [2, 8, 3, 7], [4, 18, 5, 17], [6, 20, 7, 19]]"
12a_0158_84,"[[7, 21, 8, 20], [9, 13, 10, 12], [11, 17, 12, 16], [13, 1, 14, 24], [15, 11, 16, 10], [17, 5, 18, 4], [19, 7, 20, 6], [21, 2, 22, 3], [23, 15, 24, 14], [1, 22, 2, 23], [3, 9, 4, 8], [5, 19, 6, 18]]"
12a_0158_85,"[[5, 19, 6, 18], [7, 21, 8, 20], [9, 13, 10, 12], [11, 17, 12, 16], [13, 1, 14, 24], [15, 11, 16, 10], [17, 5, 18, 4], [19, 7, 20, 6], [21, 2, 22, 3], [23, 15, 24, 14], [1, 22, 2, 23], [3, 9, 4, 8]]"
12a_0158_86,"[[3, 9, 4, 8], [5, 19, 6, 18], [7, 21, 8, 20], [9, 13, 10, 12], [11, 17, 12, 16], [13, 1, 14, 24], [15, 11, 16, 10], [17, 5, 18, 4], [19, 7, 20, 6], [21, 2, 22, 3], [23, 15, 24, 14], [1, 22, 2, 23]]"
12a_0158_87,"[[1, 22, 2, 23], [3, 9, 4, 8], [5, 19, 6, 18], [7, 21, 8, 20], [9, 13, 10, 12], [11, 17, 12, 16], [13, 1, 14, 24], [15, 11, 16, 10], [17, 5, 18, 4], [19, 7, 20, 6], [21, 2, 22, 3], [23, 15, 24, 14]]"
12a_0158_88,"[[23, 15, 24, 14], [1, 22, 2, 23], [3, 9, 4, 8], [5, 19, 6, 18], [7, 21, 8, 20], [9, 13, 10, 12], [11, 17, 12, 16], [13, 1, 14, 24], [15, 11, 16, 10], [17, 5, 18, 4], [19, 7, 20, 6], [21, 2, 22, 3]]"
12a_0158_89,"[[21, 2, 22, 3], [23, 15, 24, 14], [1, 22, 2, 23], [3, 9, 4, 8], [5, 19, 6, 18], [7, 21, 8, 20], [9, 13, 10, 12], [11, 17, 12, 16], [13, 1, 14, 24], [15, 11, 16, 10], [17, 5, 18, 4], [19, 7, 20, 6]]"
12a_0158_90,"[[19, 7, 20, 6], [21, 2, 22, 3], [23, 15, 24, 14], [1, 22, 2, 23], [3, 9, 4, 8], [5, 19, 6, 18], [7, 21, 8, 20], [9, 13, 10, 12], [11, 17, 12, 16], [13, 1, 14, 24], [15, 11, 16, 10], [17, 5, 18, 4]]"
12a_0158_91,"[[17, 5, 18, 4], [19, 7, 20, 6], [21, 2, 22, 3], [23, 15, 24, 14], [1, 22, 2, 23], [3, 9, 4, 8], [5, 19, 6, 18], [7, 21, 8, 20], [9, 13, 10, 12], [11, 17, 12, 16], [13, 1, 14, 24], [15, 11, 16, 10]]"
12a_0158_92,"[[15, 11, 16, 10], [17, 5, 18, 4], [19, 7, 20, 6], [21, 2, 22, 3], [23, 15, 24, 14], [1, 22, 2, 23], [3, 9, 4, 8], [5, 19, 6, 18], [7, 21, 8, 20], [9, 13, 10, 12], [11, 17, 12, 16], [13, 1, 14, 24]]"
12a_0158_93,"[[13, 1, 14, 24], [15, 11, 16, 10], [17, 5, 18, 4], [19, 7, 20, 6], [21, 2, 22, 3], [23, 15, 24, 14], [1, 22, 2, 23], [3, 9, 4, 8], [5, 19, 6, 18], [7, 21, 8, 20], [9, 13, 10, 12], [11, 17, 12, 16]]"
12a_0158_94,"[[11, 17, 12, 16], [13, 1, 14, 24], [15, 11, 16, 10], [17, 5, 18, 4], [19, 7, 20, 6], [21, 2, 22, 3], [23, 15, 24, 14], [1, 22, 2, 23], [3, 9, 4, 8], [5, 19, 6, 18], [7, 21, 8, 20], [9, 13, 10, 12]]"
12a_0158_95,"[[9, 13, 10, 12], [11, 17, 12, 16], [13, 1, 14, 24], [15, 11, 16, 10], [17, 5, 18, 4], [19, 7, 20, 6], [21, 2, 22, 3], [23, 15, 24, 14], [1, 22, 2, 23], [3, 9, 4, 8], [5, 19, 6, 18], [7, 21, 8, 20]]"
12a_0158_96,"[[8, 22, 9, 21], [10, 14, 11, 13], [12, 18, 13, 17], [14, 2, 15, 1], [16, 12, 17, 11], [18, 6, 19, 5], [20, 8, 21, 7], [22, 3, 23, 4], [24, 16, 1, 15], [2, 23, 3, 24], [4, 10, 5, 9], [6, 20, 7, 19]]"
12a_0158_97,"[[6, 20, 7, 19], [8, 22, 9, 21], [10, 14, 11, 13], [12, 18, 13, 17], [14, 2, 15, 1], [16, 12, 17, 11], [18, 6, 19, 5], [20, 8, 21, 7], [22, 3, 23, 4], [24, 16, 1, 15], [2, 23, 3, 24], [4, 10, 5, 9]]"
12a_0158_98,"[[4, 10, 5, 9], [6, 20, 7, 19], [8, 22, 9, 21], [10, 14, 11, 13], [12, 18, 13, 17], [14, 2, 15, 1], [16, 12, 17, 11], [18, 6, 19, 5], [20, 8, 21, 7], [22, 3, 23, 4], [24, 16, 1, 15], [2, 23, 3, 24]]"
12a_0158_99,"[[2, 23, 3, 24], [4, 10, 5, 9], [6, 20, 7, 19], [8, 22, 9, 21], [10, 14, 11, 13], [12, 18, 13, 17], [14, 2, 15, 1], [16, 12, 17, 11], [18, 6, 19, 5], [20, 8, 21, 7], [22, 3, 23, 4], [24, 16, 1, 15]]"
12a_0158_100,"[[24, 16, 1, 15], [2, 23, 3, 24], [4, 10, 5, 9], [6, 20, 7, 19], [8, 22, 9, 21], [10, 14, 11, 13], [12, 18, 13, 17], [14, 2, 15, 1], [16, 12, 17, 11], [18, 6, 19, 5], [20, 8, 21, 7], [22, 3, 23, 4]]"
12a_0158_101,"[[22, 3, 23, 4], [24, 16, 1, 15], [2, 23, 3, 24], [4, 10, 5, 9], [6, 20, 7, 19], [8, 22, 9, 21], [10, 14, 11, 13], [12, 18, 13, 17], [14, 2, 15, 1], [16, 12, 17, 11], [18, 6, 19, 5], [20, 8, 21, 7]]"
12a_0158_102,"[[20, 8, 21, 7], [22, 3, 23, 4], [24, 16, 1, 15], [2, 23, 3, 24], [4, 10, 5, 9], [6, 20, 7, 19], [8, 22, 9, 21], [10, 14, 11, 13], [12, 18, 13, 17], [14, 2, 15, 1], [16, 12, 17, 11], [18, 6, 19, 5]]"
12a_0158_103,"[[18, 6, 19, 5], [20, 8, 21, 7], [22, 3, 23, 4], [24, 16, 1, 15], [2, 23, 3, 24], [4, 10, 5, 9], [6, 20, 7, 19], [8, 22, 9, 21], [10, 14, 11, 13], [12, 18, 13, 17], [14, 2, 15, 1], [16, 12, 17, 11]]"
12a_0158_104,"[[16, 12, 17, 11], [18, 6, 19, 5], [20, 8, 21, 7], [22, 3, 23, 4], [24, 16, 1, 15], [2, 23, 3, 24], [4, 10, 5, 9], [6, 20, 7, 19], [8, 22, 9, 21], [10, 14, 11, 13], [12, 18, 13, 17], [14, 2, 15, 1]]"
12a_0158_105,"[[14, 2, 15, 1], [16, 12, 17, 11], [18, 6, 19, 5], [20, 8, 21, 7], [22, 3, 23, 4], [24, 16, 1, 15], [2, 23, 3, 24], [4, 10, 5, 9], [6, 20, 7, 19], [8, 22, 9, 21], [10, 14, 11, 13], [12, 18, 13, 17]]"
12a_0158_106,"[[12, 18, 13, 17], [14, 2, 15, 1], [16, 12, 17, 11], [18, 6, 19, 5], [20, 8, 21, 7], [22, 3, 23, 4], [24, 16, 1, 15], [2, 23, 3, 24], [4, 10, 5, 9], [6, 20, 7, 19], [8, 22, 9, 21], [10, 14, 11, 13]]"
12a_0158_107,"[[10, 14, 11, 13], [12, 18, 13, 17], [14, 2, 15, 1], [16, 12, 17, 11], [18, 6, 19, 5], [20, 8, 21, 7], [22, 3, 23, 4], [24, 16, 1, 15], [2, 23, 3, 24], [4, 10, 5, 9], [6, 20, 7, 19], [8, 22, 9, 21]]"
12a_0158_108,"[[9, 23, 10, 22], [11, 15, 12, 14], [13, 19, 14, 18], [15, 3, 16, 2], [17, 13, 18, 12], [19, 7, 20, 6], [21, 9, 22, 8], [23, 4, 24, 5], [1, 17, 2, 16], [3, 24, 4, 1], [5, 11, 6, 10], [7, 21, 8, 20]]"
12a_0158_109,"[[7, 21, 8, 20], [9, 23, 10, 22], [11, 15, 12, 14], [13, 19, 14, 18], [15, 3, 16, 2], [17, 13, 18, 12], [19, 7, 20, 6], [21, 9, 22, 8], [23, 4, 24, 5], [1, 17, 2, 16], [3, 24, 4, 1], [5, 11, 6, 10]]"
12a_0158_110,"[[5, 11, 6, 10], [7, 21, 8, 20], [9, 23, 10, 22], [11, 15, 12, 14], [13, 19, 14, 18], [15, 3, 16, 2], [17, 13, 18, 12], [19, 7, 20, 6], [21, 9, 22, 8], [23, 4, 24, 5], [1, 17, 2, 16], [3, 24, 4, 1]]"
12a_0158_111,"[[3, 24, 4, 1], [5, 11, 6, 10], [7, 21, 8, 20], [9, 23, 10, 22], [11, 15, 12, 14], [13, 19, 14, 18], [15, 3, 16, 2], [17, 13, 18, 12], [19, 7, 20, 6], [21, 9, 22, 8], [23, 4, 24, 5], [1, 17, 2, 16]]"
12a_0158_112,"[[1, 17, 2, 16], [3, 24, 4, 1], [5, 11, 6, 10], [7, 21, 8, 20], [9, 23, 10, 22], [11, 15, 12, 14], [13, 19, 14, 18], [15, 3, 16, 2], [17, 13, 18, 12], [19, 7, 20, 6], [21, 9, 22, 8], [23, 4, 24, 5]]"
12a_0158_113,"[[23, 4, 24, 5], [1, 17, 2, 16], [3, 24, 4, 1], [5, 11, 6, 10], [7, 21, 8, 20], [9, 23, 10, 22], [11, 15, 12, 14], [13, 19, 14, 18], [15, 3, 16, 2], [17, 13, 18, 12], [19, 7, 20, 6], [21, 9, 22, 8]]"
12a_0158_114,"[[21, 9, 22, 8], [23, 4, 24, 5], [1, 17, 2, 16], [3, 24, 4, 1], [5, 11, 6, 10], [7, 21, 8, 20], [9, 23, 10, 22], [11, 15, 12, 14], [13, 19, 14, 18], [15, 3, 16, 2], [17, 13, 18, 12], [19, 7, 20, 6]]"
12a_0158_115,"[[19, 7, 20, 6], [21, 9, 22, 8], [23, 4, 24, 5], [1, 17, 2, 16], [3, 24, 4, 1], [5, 11, 6, 10], [7, 21, 8, 20], [9, 23, 10, 22], [11, 15, 12, 14], [13, 19, 14, 18], [15, 3, 16, 2], [17, 13, 18, 12]]"
12a_0158_116,"[[17, 13, 18, 12], [19, 7, 20, 6], [21, 9, 22, 8], [23, 4, 24, 5], [1, 17, 2, 16], [3, 24, 4, 1], [5, 11, 6, 10], [7, 21, 8, 20], [9, 23, 10, 22], [11, 15, 12, 14], [13, 19, 14, 18], [15, 3, 16, 2]]"
12a_0158_117,"[[15, 3, 16, 2], [17, 13, 18, 12], [19, 7, 20, 6], [21, 9, 22, 8], [23, 4, 24, 5], [1, 17, 2, 16], [3, 24, 4, 1], [5, 11, 6, 10], [7, 21, 8, 20], [9, 23, 10, 22], [11, 15, 12, 14], [13, 19, 14, 18]]"
12a_0158_118,"[[13, 19, 14, 18], [15, 3, 16, 2], [17, 13, 18, 12], [19, 7, 20, 6], [21, 9, 22, 8], [23, 4, 24, 5], [1, 17, 2, 16], [3, 24, 4, 1], [5, 11, 6, 10], [7, 21, 8, 20], [9, 23, 10, 22], [11, 15, 12, 14]]"
12a_0158_119,"[[11, 15, 12, 14], [13, 19, 14, 18], [15, 3, 16, 2], [17, 13, 18, 12], [19, 7, 20, 6], [21, 9, 22, 8], [23, 4, 24, 5], [1, 17, 2, 16], [3, 24, 4, 1], [5, 11, 6, 10], [7, 21, 8, 20], [9, 23, 10, 22]]"
12a_0158_120,"[[10, 24, 11, 23], [12, 16, 13, 15], [14, 20, 15, 19], [16, 4, 17, 3], [18, 14, 19, 13], [20, 8, 21, 7], [22, 10, 23, 9], [24, 5, 1, 6], [2, 18, 3, 17], [4, 1, 5, 2], [6, 12, 7, 11], [8, 22, 9, 21]]"
12a_0158_121,"[[8, 22, 9, 21], [10, 24, 11, 23], [12, 16, 13, 15], [14, 20, 15, 19], [16, 4, 17, 3], [18, 14, 19, 13], [20, 8, 21, 7], [22, 10, 23, 9], [24, 5, 1, 6], [2, 18, 3, 17], [4, 1, 5, 2], [6, 12, 7, 11]]"
12a_0158_122,"[[6, 12, 7, 11], [8, 22, 9, 21], [10, 24, 11, 23], [12, 16, 13, 15], [14, 20, 15, 19], [16, 4, 17, 3], [18, 14, 19, 13], [20, 8, 21, 7], [22, 10, 23, 9], [24, 5, 1, 6], [2, 18, 3, 17], [4, 1, 5, 2]]"
12a_0158_123,"[[4, 1, 5, 2], [6, 12, 7, 11], [8, 22, 9, 21], [10, 24, 11, 23], [12, 16, 13, 15], [14, 20, 15, 19], [16, 4, 17, 3], [18, 14, 19, 13], [20, 8, 21, 7], [22, 10, 23, 9], [24, 5, 1, 6], [2, 18, 3, 17]]"
12a_0158_124,"[[2, 18, 3, 17], [4, 1, 5, 2], [6, 12, 7, 11], [8, 22, 9, 21], [10, 24, 11, 23], [12, 16, 13, 15], [14, 20, 15, 19], [16, 4, 17, 3], [18, 14, 19, 13], [20, 8, 21, 7], [22, 10, 23, 9], [24, 5, 1, 6]]"
12a_0158_125,"[[24, 5, 1, 6], [2, 18, 3, 17], [4, 1, 5, 2], [6, 12, 7, 11], [8, 22, 9, 21], [10, 24, 11, 23], [12, 16, 13, 15], [14, 20, 15, 19], [16, 4, 17, 3], [18, 14, 19, 13], [20, 8, 21, 7], [22, 10, 23, 9]]"
12a_0158_126,"[[22, 10, 23, 9], [24, 5, 1, 6], [2, 18, 3, 17], [4, 1, 5, 2], [6, 12, 7, 11], [8, 22, 9, 21], [10, 24, 11, 23], [12, 16, 13, 15], [14, 20, 15, 19], [16, 4, 17, 3], [18, 14, 19, 13], [20, 8, 21, 7]]"
12a_0158_127,"[[20, 8, 21, 7], [22, 10, 23, 9], [24, 5, 1, 6], [2, 18, 3, 17], [4, 1, 5, 2], [6, 12, 7, 11], [8, 22, 9, 21], [10, 24, 11, 23], [12, 16, 13, 15], [14, 20, 15, 19], [16, 4, 17, 3], [18, 14, 19, 13]]"
12a_0158_128,"[[18, 14, 19, 13], [20, 8, 21, 7], [22, 10, 23, 9], [24, 5, 1, 6], [2, 18, 3, 17], [4, 1, 5, 2], [6, 12, 7, 11], [8, 22, 9, 21], [10, 24, 11, 23], [12, 16, 13, 15], [14, 20, 15, 19], [16, 4, 17, 3]]"
12a_0158_129,"[[16, 4, 17, 3], [18, 14, 19, 13], [20, 8, 21, 7], [22, 10, 23, 9], [24, 5, 1, 6], [2, 18, 3, 17], [4, 1, 5, 2], [6, 12, 7, 11], [8, 22, 9, 21], [10, 24, 11, 23], [12, 16, 13, 15], [14, 20, 15, 19]]"
12a_0158_130,"[[14, 20, 15, 19], [16, 4, 17, 3], [18, 14, 19, 13], [20, 8, 21, 7], [22, 10, 23, 9], [24, 5, 1, 6], [2, 18, 3, 17], [4, 1, 5, 2], [6, 12, 7, 11], [8, 22, 9, 21], [10, 24, 11, 23], [12, 16, 13, 15]]"
12a_0158_131,"[[12, 16, 13, 15], [14, 20, 15, 19], [16, 4, 17, 3], [18, 14, 19, 13], [20, 8, 21, 7], [22, 10, 23, 9], [24, 5, 1, 6], [2, 18, 3, 17], [4, 1, 5, 2], [6, 12, 7, 11], [8, 22, 9, 21], [10, 24, 11, 23]]"
12a_0158_132,"[[11, 1, 12, 24], [13, 17, 14, 16], [15, 21, 16, 20], [17, 5, 18, 4], [19, 15, 20, 14], [21, 9, 22, 8], [23, 11, 24, 10], [1, 6, 2, 7], [3, 19, 4, 18], [5, 2, 6, 3], [7, 13, 8, 12], [9, 23, 10, 22]]"
12a_0158_133,"[[9, 23, 10, 22], [11, 1, 12, 24], [13, 17, 14, 16], [15, 21, 16, 20], [17, 5, 18, 4], [19, 15, 20, 14], [21, 9, 22, 8], [23, 11, 24, 10], [1, 6, 2, 7], [3, 19, 4, 18], [5, 2, 6, 3], [7, 13, 8, 12]]"
12a_0158_134,"[[7, 13, 8, 12], [9, 23, 10, 22], [11, 1, 12, 24], [13, 17, 14, 16], [15, 21, 16, 20], [17, 5, 18, 4], [19, 15, 20, 14], [21, 9, 22, 8], [23, 11, 24, 10], [1, 6, 2, 7], [3, 19, 4, 18], [5, 2, 6, 3]]"
12a_0158_135,"[[5, 2, 6, 3], [7, 13, 8, 12], [9, 23, 10, 22], [11, 1, 12, 24], [13, 17, 14, 16], [15, 21, 16, 20], [17, 5, 18, 4], [19, 15, 20, 14], [21, 9, 22, 8], [23, 11, 24, 10], [1, 6, 2, 7], [3, 19, 4, 18]]"
12a_0158_136,"[[3, 19, 4, 18], [5, 2, 6, 3], [7, 13, 8, 12], [9, 23, 10, 22], [11, 1, 12, 24], [13, 17, 14, 16], [15, 21, 16, 20], [17, 5, 18, 4], [19, 15, 20, 14], [21, 9, 22, 8], [23, 11, 24, 10], [1, 6, 2, 7]]"
12a_0158_137,"[[1, 6, 2, 7], [3, 19, 4, 18], [5, 2, 6, 3], [7, 13, 8, 12], [9, 23, 10, 22], [11, 1, 12, 24], [13, 17, 14, 16], [15, 21, 16, 20], [17, 5, 18, 4], [19, 15, 20, 14], [21, 9, 22, 8], [23, 11, 24, 10]]"
12a_0158_138,"[[23, 11, 24, 10], [1, 6, 2, 7], [3, 19, 4, 18], [5, 2, 6, 3], [7, 13, 8, 12], [9, 23, 10, 22], [11, 1, 12, 24], [13, 17, 14, 16], [15, 21, 16, 20], [17, 5, 18, 4], [19, 15, 20, 14], [21, 9, 22, 8]]"
12a_0158_139,"[[21, 9, 22, 8], [23, 11, 24, 10], [1, 6, 2, 7], [3, 19, 4, 18], [5, 2, 6, 3], [7, 13, 8, 12], [9, 23, 10, 22], [11, 1, 12, 24], [13, 17, 14, 16], [15, 21, 16, 20], [17, 5, 18, 4], [19, 15, 20, 14]]"
12a_0158_140,"[[19, 15, 20, 14], [21, 9, 22, 8], [23, 11, 24, 10], [1, 6, 2, 7], [3, 19, 4, 18], [5, 2, 6, 3], [7, 13, 8, 12], [9, 23, 10, 22], [11, 1, 12, 24], [13, 17, 14, 16], [15, 21, 16, 20], [17, 5, 18, 4]]"
12a_0158_141,"[[17, 5, 18, 4], [19, 15, 20, 14], [21, 9, 22, 8], [23, 11, 24, 10], [1, 6, 2, 7], [3, 19, 4, 18], [5, 2, 6, 3], [7, 13, 8, 12], [9, 23, 10, 22], [11, 1, 12, 24], [13, 17, 14, 16], [15, 21, 16, 20]]"
12a_0158_142,"[[15, 21, 16, 20], [17, 5, 18, 4], [19, 15, 20, 14], [21, 9, 22, 8], [23, 11, 24, 10], [1, 6, 2, 7], [3, 19, 4, 18], [5, 2, 6, 3], [7, 13, 8, 12], [9, 23, 10, 22], [11, 1, 12, 24], [13, 17, 14, 16]]"
12a_0158_143,"[[13, 17, 14, 16], [15, 21, 16, 20], [17, 5, 18, 4], [19, 15, 20, 14], [21, 9, 22, 8], [23, 11, 24, 10], [1, 6, 2, 7], [3, 19, 4, 18], [5, 2, 6, 3], [7, 13, 8, 12], [9, 23, 10, 22], [11, 1, 12, 24]]"
12a_0158_144,"[[12, 2, 13, 1], [14, 18, 15, 17], [16, 22, 17, 21], [18, 6, 19, 5], [20, 16, 21, 15], [22, 10, 23, 9], [24, 12, 1, 11], [2, 7, 3, 8], [4, 20, 5, 19], [6, 3, 7, 4], [8, 14, 9, 13], [10, 24, 11, 23]]"
12a_0158_145,"[[10, 24, 11, 23], [12, 2, 13, 1], [14, 18, 15, 17], [16, 22, 17, 21], [18, 6, 19, 5], [20, 16, 21, 15], [22, 10, 23, 9], [24, 12, 1, 11], [2, 7, 3, 8], [4, 20, 5, 19], [6, 3, 7, 4], [8, 14, 9, 13]]"
12a_0158_146,"[[8, 14, 9, 13], [10, 24, 11, 23], [12, 2, 13, 1], [14, 18, 15, 17], [16, 22, 17, 21], [18, 6, 19, 5], [20, 16, 21, 15], [22, 10, 23, 9], [24, 12, 1, 11], [2, 7, 3, 8], [4, 20, 5, 19], [6, 3, 7, 4]]"
12a_0158_147,"[[6, 3, 7, 4], [8, 14, 9, 13], [10, 24, 11, 23], [12, 2, 13, 1], [14, 18, 15, 17], [16, 22, 17, 21], [18, 6, 19, 5], [20, 16, 21, 15], [22, 10, 23, 9], [24, 12, 1, 11], [2, 7, 3, 8], [4, 20, 5, 19]]"
12a_0158_148,"[[4, 20, 5, 19], [6, 3, 7, 4], [8, 14, 9, 13], [10, 24, 11, 23], [12, 2, 13, 1], [14, 18, 15, 17], [16, 22, 17, 21], [18, 6, 19, 5], [20, 16, 21, 15], [22, 10, 23, 9], [24, 12, 1, 11], [2, 7, 3, 8]]"
12a_0158_149,"[[2, 7, 3, 8], [4, 20, 5, 19], [6, 3, 7, 4], [8, 14, 9, 13], [10, 24, 11, 23], [12, 2, 13, 1], [14, 18, 15, 17], [16, 22, 17, 21], [18, 6, 19, 5], [20, 16, 21, 15], [22, 10, 23, 9], [24, 12, 1, 11]]"
12a_0158_150,"[[24, 12, 1, 11], [2, 7, 3, 8], [4, 20, 5, 19], [6, 3, 7, 4], [8, 14, 9, 13], [10, 24, 11, 23], [12, 2, 13, 1], [14, 18, 15, 17], [16, 22, 17, 21], [18, 6, 19, 5], [20, 16, 21, 15], [22, 10, 23, 9]]"
12a_0158_151,"[[22, 10, 23, 9], [24, 12, 1, 11], [2, 7, 3, 8], [4, 20, 5, 19], [6, 3, 7, 4], [8, 14, 9, 13], [10, 24, 11, 23], [12, 2, 13, 1], [14, 18, 15, 17], [16, 22, 17, 21], [18, 6, 19, 5], [20, 16, 21, 15]]"
12a_0158_152,"[[20, 16, 21, 15], [22, 10, 23, 9], [24, 12, 1, 11], [2, 7, 3, 8], [4, 20, 5, 19], [6, 3, 7, 4], [8, 14, 9, 13], [10, 24, 11, 23], [12, 2, 13, 1], [14, 18, 15, 17], [16, 22, 17, 21], [18, 6, 19, 5]]"
12a_0158_153,"[[18, 6, 19, 5], [20, 16, 21, 15], [22, 10, 23, 9], [24, 12, 1, 11], [2, 7, 3, 8], [4, 20, 5, 19], [6, 3, 7, 4], [8, 14, 9, 13], [10, 24, 11, 23], [12, 2, 13, 1], [14, 18, 15, 17], [16, 22, 17, 21]]"
12a_0158_154,"[[16, 22, 17, 21], [18, 6, 19, 5], [20, 16, 21, 15], [22, 10, 23, 9], [24, 12, 1, 11], [2, 7, 3, 8], [4, 20, 5, 19], [6, 3, 7, 4], [8, 14, 9, 13], [10, 24, 11, 23], [12, 2, 13, 1], [14, 18, 15, 17]]"
12a_0158_155,"[[14, 18, 15, 17], [16, 22, 17, 21], [18, 6, 19, 5], [20, 16, 21, 15], [22, 10, 23, 9], [24, 12, 1, 11], [2, 7, 3, 8], [4, 20, 5, 19], [6, 3, 7, 4], [8, 14, 9, 13], [10, 24, 11, 23], [12, 2, 13, 1]]"
12a_0158_156,"[[13, 3, 14, 2], [15, 19, 16, 18], [17, 23, 18, 22], [19, 7, 20, 6], [21, 17, 22, 16], [23, 11, 24, 10], [1, 13, 2, 12], [3, 8, 4, 9], [5, 21, 6, 20], [7, 4, 8, 5], [9, 15, 10, 14], [11, 1, 12, 24]]"
12a_0158_157,"[[11, 1, 12, 24], [13, 3, 14, 2], [15, 19, 16, 18], [17, 23, 18, 22], [19, 7, 20, 6], [21, 17, 22, 16], [23, 11, 24, 10], [1, 13, 2, 12], [3, 8, 4, 9], [5, 21, 6, 20], [7, 4, 8, 5], [9, 15, 10, 14]]"
12a_0158_158,"[[9, 15, 10, 14], [11, 1, 12, 24], [13, 3, 14, 2], [15, 19, 16, 18], [17, 23, 18, 22], [19, 7, 20, 6], [21, 17, 22, 16], [23, 11, 24, 10], [1, 13, 2, 12], [3, 8, 4, 9], [5, 21, 6, 20], [7, 4, 8, 5]]"
12a_0158_159,"[[7, 4, 8, 5], [9, 15, 10, 14], [11, 1, 12, 24], [13, 3, 14, 2], [15, 19, 16, 18], [17, 23, 18, 22], [19, 7, 20, 6], [21, 17, 22, 16], [23, 11, 24, 10], [1, 13, 2, 12], [3, 8, 4, 9], [5, 21, 6, 20]]"
12a_0158_160,"[[5, 21, 6, 20], [7, 4, 8, 5], [9, 15, 10, 14], [11, 1, 12, 24], [13, 3, 14, 2], [15, 19, 16, 18], [17, 23, 18, 22], [19, 7, 20, 6], [21, 17, 22, 16], [23, 11, 24, 10], [1, 13, 2, 12], [3, 8, 4, 9]]"
12a_0158_161,"[[3, 8, 4, 9], [5, 21, 6, 20], [7, 4, 8, 5], [9, 15, 10, 14], [11, 1, 12, 24], [13, 3, 14, 2], [15, 19, 16, 18], [17, 23, 18, 22], [19, 7, 20, 6], [21, 17, 22, 16], [23, 11, 24, 10], [1, 13, 2, 12]]"
12a_0158_162,"[[1, 13, 2, 12], [3, 8, 4, 9], [5, 21, 6, 20], [7, 4, 8, 5], [9, 15, 10, 14], [11, 1, 12, 24], [13, 3, 14, 2], [15, 19, 16, 18], [17, 23, 18, 22], [19, 7, 20, 6], [21, 17, 22, 16], [23, 11, 24, 10]]"
12a_0158_163,"[[23, 11, 24, 10], [1, 13, 2, 12], [3, 8, 4, 9], [5, 21, 6, 20], [7, 4, 8, 5], [9, 15, 10, 14], [11, 1, 12, 24], [13, 3, 14, 2], [15, 19, 16, 18], [17, 23, 18, 22], [19, 7, 20, 6], [21, 17, 22, 16]]"
12a_0158_164,"[[21, 17, 22, 16], [23, 11, 24, 10], [1, 13, 2, 12], [3, 8, 4, 9], [5, 21, 6, 20], [7, 4, 8, 5], [9, 15, 10, 14], [11, 1, 12, 24], [13, 3, 14, 2], [15, 19, 16, 18], [17, 23, 18, 22], [19, 7, 20, 6]]"
12a_0158_165,"[[19, 7, 20, 6], [21, 17, 22, 16], [23, 11, 24, 10], [1, 13, 2, 12], [3, 8, 4, 9], [5, 21, 6, 20], [7, 4, 8, 5], [9, 15, 10, 14], [11, 1, 12, 24], [13, 3, 14, 2], [15, 19, 16, 18], [17, 23, 18, 22]]"
12a_0158_166,"[[17, 23, 18, 22], [19, 7, 20, 6], [21, 17, 22, 16], [23, 11, 24, 10], [1, 13, 2, 12], [3, 8, 4, 9], [5, 21, 6, 20], [7, 4, 8, 5], [9, 15, 10, 14], [11, 1, 12, 24], [13, 3, 14, 2], [15, 19, 16, 18]]"
12a_0158_167,"[[15, 19, 16, 18], [17, 23, 18, 22], [19, 7, 20, 6], [21, 17, 22, 16], [23, 11, 24, 10], [1, 13, 2, 12], [3, 8, 4, 9], [5, 21, 6, 20], [7, 4, 8, 5], [9, 15, 10, 14], [11, 1, 12, 24], [13, 3, 14, 2]]"
12a_0158_168,"[[14, 4, 15, 3], [16, 20, 17, 19], [18, 24, 19, 23], [20, 8, 21, 7], [22, 18, 23, 17], [24, 12, 1, 11], [2, 14, 3, 13], [4, 9, 5, 10], [6, 22, 7, 21], [8, 5, 9, 6], [10, 16, 11, 15], [12, 2, 13, 1]]"
12a_0158_169,"[[12, 2, 13, 1], [14, 4, 15, 3], [16, 20, 17, 19], [18, 24, 19, 23], [20, 8, 21, 7], [22, 18, 23, 17], [24, 12, 1, 11], [2, 14, 3, 13], [4, 9, 5, 10], [6, 22, 7, 21], [8, 5, 9, 6], [10, 16, 11, 15]]"
12a_0158_170,"[[10, 16, 11, 15], [12, 2, 13, 1], [14, 4, 15, 3], [16, 20, 17, 19], [18, 24, 19, 23], [20, 8, 21, 7], [22, 18, 23, 17], [24, 12, 1, 11], [2, 14, 3, 13], [4, 9, 5, 10], [6, 22, 7, 21], [8, 5, 9, 6]]"
12a_0158_171,"[[8, 5, 9, 6], [10, 16, 11, 15], [12, 2, 13, 1], [14, 4, 15, 3], [16, 20, 17, 19], [18, 24, 19, 23], [20, 8, 21, 7], [22, 18, 23, 17], [24, 12, 1, 11], [2, 14, 3, 13], [4, 9, 5, 10], [6, 22, 7, 21]]"
12a_0158_172,"[[6, 22, 7, 21], [8, 5, 9, 6], [10, 16, 11, 15], [12, 2, 13, 1], [14, 4, 15, 3], [16, 20, 17, 19], [18, 24, 19, 23], [20, 8, 21, 7], [22, 18, 23, 17], [24, 12, 1, 11], [2, 14, 3, 13], [4, 9, 5, 10]]"
12a_0158_173,"[[4, 9, 5, 10], [6, 22, 7, 21], [8, 5, 9, 6], [10, 16, 11, 15], [12, 2, 13, 1], [14, 4, 15, 3], [16, 20, 17, 19], [18, 24, 19, 23], [20, 8, 21, 7], [22, 18, 23, 17], [24, 12, 1, 11], [2, 14, 3, 13]]"
12a_0158_174,"[[2, 14, 3, 13], [4, 9, 5, 10], [6, 22, 7, 21], [8, 5, 9, 6], [10, 16, 11, 15], [12, 2, 13, 1], [14, 4, 15, 3], [16, 20, 17, 19], [18, 24, 19, 23], [20, 8, 21, 7], [22, 18, 23, 17], [24, 12, 1, 11]]"
12a_0158_175,"[[24, 12, 1, 11], [2, 14, 3, 13], [4, 9, 5, 10], [6, 22, 7, 21], [8, 5, 9, 6], [10, 16, 11, 15], [12, 2, 13, 1], [14, 4, 15, 3], [16, 20, 17, 19], [18, 24, 19, 23], [20, 8, 21, 7], [22, 18, 23, 17]]"
12a_0158_176,"[[22, 18, 23, 17], [24, 12, 1, 11], [2, 14, 3, 13], [4, 9, 5, 10], [6, 22, 7, 21], [8, 5, 9, 6], [10, 16, 11, 15], [12, 2, 13, 1], [14, 4, 15, 3], [16, 20, 17, 19], [18, 24, 19, 23], [20, 8, 21, 7]]"
12a_0158_177,"[[20, 8, 21, 7], [22, 18, 23, 17], [24, 12, 1, 11], [2, 14, 3, 13], [4, 9, 5, 10], [6, 22, 7, 21], [8, 5, 9, 6], [10, 16, 11, 15], [12, 2, 13, 1], [14, 4, 15, 3], [16, 20, 17, 19], [18, 24, 19, 23]]"
12a_0158_178,"[[18, 24, 19, 23], [20, 8, 21, 7], [22, 18, 23, 17], [24, 12, 1, 11], [2, 14, 3, 13], [4, 9, 5, 10], [6, 22, 7, 21], [8, 5, 9, 6], [10, 16, 11, 15], [12, 2, 13, 1], [14, 4, 15, 3], [16, 20, 17, 19]]"
12a_0158_179,"[[16, 20, 17, 19], [18, 24, 19, 23], [20, 8, 21, 7], [22, 18, 23, 17], [24, 12, 1, 11], [2, 14, 3, 13], [4, 9, 5, 10], [6, 22, 7, 21], [8, 5, 9, 6], [10, 16, 11, 15], [12, 2, 13, 1], [14, 4, 15, 3]]"
12a_0158_180,"[[15, 5, 16, 4], [17, 21, 18, 20], [19, 1, 20, 24], [21, 9, 22, 8], [23, 19, 24, 18], [1, 13, 2, 12], [3, 15, 4, 14], [5, 10, 6, 11], [7, 23, 8, 22], [9, 6, 10, 7], [11, 17, 12, 16], [13, 3, 14, 2]]"
12a_0158_181,"[[13, 3, 14, 2], [15, 5, 16, 4], [17, 21, 18, 20], [19, 1, 20, 24], [21, 9, 22, 8], [23, 19, 24, 18], [1, 13, 2, 12], [3, 15, 4, 14], [5, 10, 6, 11], [7, 23, 8, 22], [9, 6, 10, 7], [11, 17, 12, 16]]"
12a_0158_182,"[[11, 17, 12, 16], [13, 3, 14, 2], [15, 5, 16, 4], [17, 21, 18, 20], [19, 1, 20, 24], [21, 9, 22, 8], [23, 19, 24, 18], [1, 13, 2, 12], [3, 15, 4, 14], [5, 10, 6, 11], [7, 23, 8, 22], [9, 6, 10, 7]]"
12a_0158_183,"[[9, 6, 10, 7], [11, 17, 12, 16], [13, 3, 14, 2], [15, 5, 16, 4], [17, 21, 18, 20], [19, 1, 20, 24], [21, 9, 22, 8], [23, 19, 24, 18], [1, 13, 2, 12], [3, 15, 4, 14], [5, 10, 6, 11], [7, 23, 8, 22]]"
12a_0158_184,"[[7, 23, 8, 22], [9, 6, 10, 7], [11, 17, 12, 16], [13, 3, 14, 2], [15, 5, 16, 4], [17, 21, 18, 20], [19, 1, 20, 24], [21, 9, 22, 8], [23, 19, 24, 18], [1, 13, 2, 12], [3, 15, 4, 14], [5, 10, 6, 11]]"
12a_0158_185,"[[5, 10, 6, 11], [7, 23, 8, 22], [9, 6, 10, 7], [11, 17, 12, 16], [13, 3, 14, 2], [15, 5, 16, 4], [17, 21, 18, 20], [19, 1, 20, 24], [21, 9, 22, 8], [23, 19, 24, 18], [1, 13, 2, 12], [3, 15, 4, 14]]"
