name,pd_notation
12a_0185_0,"[[24, 16, 1, 15], [2, 6, 3, 5], [4, 9, 5, 10], [6, 17, 7, 18], [8, 14, 9, 13], [10, 3, 11, 4], [12, 20, 13, 19], [14, 24, 15, 23], [16, 21, 17, 22], [18, 12, 19, 11], [20, 7, 21, 8], [22, 2, 23, 1]]"
12a_0185_1,"[[22, 2, 23, 1], [24, 16, 1, 15], [2, 6, 3, 5], [4, 9, 5, 10], [6, 17, 7, 18], [8, 14, 9, 13], [10, 3, 11, 4], [12, 20, 13, 19], [14, 24, 15, 23], [16, 21, 17, 22], [18, 12, 19, 11], [20, 7, 21, 8]]"
12a_0185_2,"[[20, 7, 21, 8], [22, 2, 23, 1], [24, 16, 1, 15], [2, 6, 3, 5], [4, 9, 5, 10], [6, 17, 7, 18], [8, 14, 9, 13], [10, 3, 11, 4], [12, 20, 13, 19], [14, 24, 15, 23], [16, 21, 17, 22], [18, 12, 19, 11]]"
12a_0185_3,"[[18, 12, 19, 11], [20, 7, 21, 8], [22, 2, 23, 1], [24, 16, 1, 15], [2, 6, 3, 5], [4, 9, 5, 10], [6, 17, 7, 18], [8, 14, 9, 13], [10, 3, 11, 4], [12, 20, 13, 19], [14, 24, 15, 23], [16, 21, 17, 22]]"
12a_0185_4,"[[16, 21, 17, 22], [18, 12, 19, 11], [20, 7, 21, 8], [22, 2, 23, 1], [24, 16, 1, 15], [2, 6, 3, 5], [4, 9, 5, 10], [6, 17, 7, 18], [8, 14, 9, 13], [10, 3, 11, 4], [12, 20, 13, 19], [14, 24, 15, 23]]"
12a_0185_5,"[[14, 24, 15, 23], [16, 21, 17, 22], [18, 12, 19, 11], [20, 7, 21, 8], [22, 2, 23, 1], [24, 16, 1, 15], [2, 6, 3, 5], [4, 9, 5, 10], [6, 17, 7, 18], [8, 14, 9, 13], [10, 3, 11, 4], [12, 20, 13, 19]]"
12a_0185_6,"[[12, 20, 13, 19], [14, 24, 15, 23], [16, 21, 17, 22], [18, 12, 19, 11], [20, 7, 21, 8], [22, 2, 23, 1], [24, 16, 1, 15], [2, 6, 3, 5], [4, 9, 5, 10], [6, 17, 7, 18], [8, 14, 9, 13], [10, 3, 11, 4]]"
12a_0185_7,"[[10, 3, 11, 4], [12, 20, 13, 19], [14, 24, 15, 23], [16, 21, 17, 22], [18, 12, 19, 11], [20, 7, 21, 8], [22, 2, 23, 1], [24, 16, 1, 15], [2, 6, 3, 5], [4, 9, 5, 10], [6, 17, 7, 18], [8, 14, 9, 13]]"
12a_0185_8,"[[8, 14, 9, 13], [10, 3, 11, 4], [12, 20, 13, 19], [14, 24, 15, 23], [16, 21, 17, 22], [18, 12, 19, 11], [20, 7, 21, 8], [22, 2, 23, 1], [24, 16, 1, 15], [2, 6, 3, 5], [4, 9, 5, 10], [6, 17, 7, 18]]"
12a_0185_9,"[[6, 17, 7, 18], [8, 14, 9, 13], [10, 3, 11, 4], [12, 20, 13, 19], [14, 24, 15, 23], [16, 21, 17, 22], [18, 12, 19, 11], [20, 7, 21, 8], [22, 2, 23, 1], [24, 16, 1, 15], [2, 6, 3, 5], [4, 9, 5, 10]]"
12a_0185_10,"[[4, 9, 5, 10], [6, 17, 7, 18], [8, 14, 9, 13], [10, 3, 11, 4], [12, 20, 13, 19], [14, 24, 15, 23], [16, 21, 17, 22], [18, 12, 19, 11], [20, 7, 21, 8], [22, 2, 23, 1], [24, 16, 1, 15], [2, 6, 3, 5]]"
12a_0185_11,"[[2, 6, 3, 5], [4, 9, 5, 10], [6, 17, 7, 18], [8, 14, 9, 13], [10, 3, 11, 4], [12, 20, 13, 19], [14, 24, 15, 23], [16, 21, 17, 22], [18, 12, 19, 11], [20, 7, 21, 8], [22, 2, 23, 1], [24, 16, 1, 15]]"
12a_0185_12,"[[1, 17, 2, 16], [3, 7, 4, 6], [5, 10, 6, 11], [7, 18, 8, 19], [9, 15, 10, 14], [11, 4, 12, 5], [13, 21, 14, 20], [15, 1, 16, 24], [17, 22, 18, 23], [19, 13, 20, 12], [21, 8, 22, 9], [23, 3, 24, 2]]"
12a_0185_13,"[[23, 3, 24, 2], [1, 17, 2, 16], [3, 7, 4, 6], [5, 10, 6, 11], [7, 18, 8, 19], [9, 15, 10, 14], [11, 4, 12, 5], [13, 21, 14, 20], [15, 1, 16, 24], [17, 22, 18, 23], [19, 13, 20, 12], [21, 8, 22, 9]]"
12a_0185_14,"[[21, 8, 22, 9], [23, 3, 24, 2], [1, 17, 2, 16], [3, 7, 4, 6], [5, 10, 6, 11], [7, 18, 8, 19], [9, 15, 10, 14], [11, 4, 12, 5], [13, 21, 14, 20], [15, 1, 16, 24], [17, 22, 18, 23], [19, 13, 20, 12]]"
12a_0185_15,"[[19, 13, 20, 12], [21, 8, 22, 9], [23, 3, 24, 2], [1, 17, 2, 16], [3, 7, 4, 6], [5, 10, 6, 11], [7, 18, 8, 19], [9, 15, 10, 14], [11, 4, 12, 5], [13, 21, 14, 20], [15, 1, 16, 24], [17, 22, 18, 23]]"
12a_0185_16,"[[17, 22, 18, 23], [19, 13, 20, 12], [21, 8, 22, 9], [23, 3, 24, 2], [1, 17, 2, 16], [3, 7, 4, 6], [5, 10, 6, 11], [7, 18, 8, 19], [9, 15, 10, 14], [11, 4, 12, 5], [13, 21, 14, 20], [15, 1, 16, 24]]"
12a_0185_17,"[[15, 1, 16, 24], [17, 22, 18, 23], [19, 13, 20, 12], [21, 8, 22, 9], [23, 3, 24, 2], [1, 17, 2, 16], [3, 7, 4, 6], [5, 10, 6, 11], [7, 18, 8, 19], [9, 15, 10, 14], [11, 4, 12, 5], [13, 21, 14, 20]]"
12a_0185_18,"[[13, 21, 14, 20], [15, 1, 16, 24], [17, 22, 18, 23], [19, 13, 20, 12], [21, 8, 22, 9], [23, 3, 24, 2], [1, 17, 2, 16], [3, 7, 4, 6], [5, 10, 6, 11], [7, 18, 8, 19], [9, 15, 10, 14], [11, 4, 12, 5]]"
12a_0185_19,"[[11, 4, 12, 5], [13, 21, 14, 20], [15, 1, 16, 24], [17, 22, 18, 23], [19, 13, 20, 12], [21, 8, 22, 9], [23, 3, 24, 2], [1, 17, 2, 16], [3, 7, 4, 6], [5, 10, 6, 11], [7, 18, 8, 19], [9, 15, 10, 14]]"
12a_0185_20,"[[9, 15, 10, 14], [11, 4, 12, 5], [13, 21, 14, 20], [15, 1, 16, 24], [17, 22, 18, 23], [19, 13, 20, 12], [21, 8, 22, 9], [23, 3, 24, 2], [1, 17, 2, 16], [3, 7, 4, 6], [5, 10, 6, 11], [7, 18, 8, 19]]"
12a_0185_21,"[[7, 18, 8, 19], [9, 15, 10, 14], [11, 4, 12, 5], [13, 21, 14, 20], [15, 1, 16, 24], [17, 22, 18, 23], [19, 13, 20, 12], [21, 8, 22, 9], [23, 3, 24, 2], [1, 17, 2, 16], [3, 7, 4, 6], [5, 10, 6, 11]]"
12a_0185_22,"[[5, 10, 6, 11], [7, 18, 8, 19], [9, 15, 10, 14], [11, 4, 12, 5], [13, 21, 14, 20], [15, 1, 16, 24], [17, 22, 18, 23], [19, 13, 20, 12], [21, 8, 22, 9], [23, 3, 24, 2], [1, 17, 2, 16], [3, 7, 4, 6]]"
12a_0185_23,"[[3, 7, 4, 6], [5, 10, 6, 11], [7, 18, 8, 19], [9, 15, 10, 14], [11, 4, 12, 5], [13, 21, 14, 20], [15, 1, 16, 24], [17, 22, 18, 23], [19, 13, 20, 12], [21, 8, 22, 9], [23, 3, 24, 2], [1, 17, 2, 16]]"
12a_0185_24,"[[2, 18, 3, 17], [4, 8, 5, 7], [6, 11, 7, 12], [8, 19, 9, 20], [10, 16, 11, 15], [12, 5, 13, 6], [14, 22, 15, 21], [16, 2, 17, 1], [18, 23, 19, 24], [20, 14, 21, 13], [22, 9, 23, 10], [24, 4, 1, 3]]"
12a_0185_25,"[[24, 4, 1, 3], [2, 18, 3, 17], [4, 8, 5, 7], [6, 11, 7, 12], [8, 19, 9, 20], [10, 16, 11, 15], [12, 5, 13, 6], [14, 22, 15, 21], [16, 2, 17, 1], [18, 23, 19, 24], [20, 14, 21, 13], [22, 9, 23, 10]]"
12a_0185_26,"[[22, 9, 23, 10], [24, 4, 1, 3], [2, 18, 3, 17], [4, 8, 5, 7], [6, 11, 7, 12], [8, 19, 9, 20], [10, 16, 11, 15], [12, 5, 13, 6], [14, 22, 15, 21], [16, 2, 17, 1], [18, 23, 19, 24], [20, 14, 21, 13]]"
12a_0185_27,"[[20, 14, 21, 13], [22, 9, 23, 10], [24, 4, 1, 3], [2, 18, 3, 17], [4, 8, 5, 7], [6, 11, 7, 12], [8, 19, 9, 20], [10, 16, 11, 15], [12, 5, 13, 6], [14, 22, 15, 21], [16, 2, 17, 1], [18, 23, 19, 24]]"
12a_0185_28,"[[18, 23, 19, 24], [20, 14, 21, 13], [22, 9, 23, 10], [24, 4, 1, 3], [2, 18, 3, 17], [4, 8, 5, 7], [6, 11, 7, 12], [8, 19, 9, 20], [10, 16, 11, 15], [12, 5, 13, 6], [14, 22, 15, 21], [16, 2, 17, 1]]"
12a_0185_29,"[[16, 2, 17, 1], [18, 23, 19, 24], [20, 14, 21, 13], [22, 9, 23, 10], [24, 4, 1, 3], [2, 18, 3, 17], [4, 8, 5, 7], [6, 11, 7, 12], [8, 19, 9, 20], [10, 16, 11, 15], [12, 5, 13, 6], [14, 22, 15, 21]]"
12a_0185_30,"[[14, 22, 15, 21], [16, 2, 17, 1], [18, 23, 19, 24], [20, 14, 21, 13], [22, 9, 23, 10], [24, 4, 1, 3], [2, 18, 3, 17], [4, 8, 5, 7], [6, 11, 7, 12], [8, 19, 9, 20], [10, 16, 11, 15], [12, 5, 13, 6]]"
12a_0185_31,"[[12, 5, 13, 6], [14, 22, 15, 21], [16, 2, 17, 1], [18, 23, 19, 24], [20, 14, 21, 13], [22, 9, 23, 10], [24, 4, 1, 3], [2, 18, 3, 17], [4, 8, 5, 7], [6, 11, 7, 12], [8, 19, 9, 20], [10, 16, 11, 15]]"
12a_0185_32,"[[10, 16, 11, 15], [12, 5, 13, 6], [14, 22, 15, 21], [16, 2, 17, 1], [18, 23, 19, 24], [20, 14, 21, 13], [22, 9, 23, 10], [24, 4, 1, 3], [2, 18, 3, 17], [4, 8, 5, 7], [6, 11, 7, 12], [8, 19, 9, 20]]"
12a_0185_33,"[[8, 19, 9, 20], [10, 16, 11, 15], [12, 5, 13, 6], [14, 22, 15, 21], [16, 2, 17, 1], [18, 23, 19, 24], [20, 14, 21, 13], [22, 9, 23, 10], [24, 4, 1, 3], [2, 18, 3, 17], [4, 8, 5, 7], [6, 11, 7, 12]]"
12a_0185_34,"[[6, 11, 7, 12], [8, 19, 9, 20], [10, 16, 11, 15], [12, 5, 13, 6], [14, 22, 15, 21], [16, 2, 17, 1], [18, 23, 19, 24], [20, 14, 21, 13], [22, 9, 23, 10], [24, 4, 1, 3], [2, 18, 3, 17], [4, 8, 5, 7]]"
12a_0185_35,"[[4, 8, 5, 7], [6, 11, 7, 12], [8, 19, 9, 20], [10, 16, 11, 15], [12, 5, 13, 6], [14, 22, 15, 21], [16, 2, 17, 1], [18, 23, 19, 24], [20, 14, 21, 13], [22, 9, 23, 10], [24, 4, 1, 3], [2, 18, 3, 17]]"
12a_0185_36,"[[3, 19, 4, 18], [5, 9, 6, 8], [7, 12, 8, 13], [9, 20, 10, 21], [11, 17, 12, 16], [13, 6, 14, 7], [15, 23, 16, 22], [17, 3, 18, 2], [19, 24, 20, 1], [21, 15, 22, 14], [23, 10, 24, 11], [1, 5, 2, 4]]"
12a_0185_37,"[[1, 5, 2, 4], [3, 19, 4, 18], [5, 9, 6, 8], [7, 12, 8, 13], [9, 20, 10, 21], [11, 17, 12, 16], [13, 6, 14, 7], [15, 23, 16, 22], [17, 3, 18, 2], [19, 24, 20, 1], [21, 15, 22, 14], [23, 10, 24, 11]]"
12a_0185_38,"[[23, 10, 24, 11], [1, 5, 2, 4], [3, 19, 4, 18], [5, 9, 6, 8], [7, 12, 8, 13], [9, 20, 10, 21], [11, 17, 12, 16], [13, 6, 14, 7], [15, 23, 16, 22], [17, 3, 18, 2], [19, 24, 20, 1], [21, 15, 22, 14]]"
12a_0185_39,"[[21, 15, 22, 14], [23, 10, 24, 11], [1, 5, 2, 4], [3, 19, 4, 18], [5, 9, 6, 8], [7, 12, 8, 13], [9, 20, 10, 21], [11, 17, 12, 16], [13, 6, 14, 7], [15, 23, 16, 22], [17, 3, 18, 2], [19, 24, 20, 1]]"
12a_0185_40,"[[19, 24, 20, 1], [21, 15, 22, 14], [23, 10, 24, 11], [1, 5, 2, 4], [3, 19, 4, 18], [5, 9, 6, 8], [7, 12, 8, 13], [9, 20, 10, 21], [11, 17, 12, 16], [13, 6, 14, 7], [15, 23, 16, 22], [17, 3, 18, 2]]"
12a_0185_41,"[[17, 3, 18, 2], [19, 24, 20, 1], [21, 15, 22, 14], [23, 10, 24, 11], [1, 5, 2, 4], [3, 19, 4, 18], [5, 9, 6, 8], [7, 12, 8, 13], [9, 20, 10, 21], [11, 17, 12, 16], [13, 6, 14, 7], [15, 23, 16, 22]]"
12a_0185_42,"[[15, 23, 16, 22], [17, 3, 18, 2], [19, 24, 20, 1], [21, 15, 22, 14], [23, 10, 24, 11], [1, 5, 2, 4], [3, 19, 4, 18], [5, 9, 6, 8], [7, 12, 8, 13], [9, 20, 10, 21], [11, 17, 12, 16], [13, 6, 14, 7]]"
12a_0185_43,"[[13, 6, 14, 7], [15, 23, 16, 22], [17, 3, 18, 2], [19, 24, 20, 1], [21, 15, 22, 14], [23, 10, 24, 11], [1, 5, 2, 4], [3, 19, 4, 18], [5, 9, 6, 8], [7, 12, 8, 13], [9, 20, 10, 21], [11, 17, 12, 16]]"
12a_0185_44,"[[11, 17, 12, 16], [13, 6, 14, 7], [15, 23, 16, 22], [17, 3, 18, 2], [19, 24, 20, 1], [21, 15, 22, 14], [23, 10, 24, 11], [1, 5, 2, 4], [3, 19, 4, 18], [5, 9, 6, 8], [7, 12, 8, 13], [9, 20, 10, 21]]"
12a_0185_45,"[[9, 20, 10, 21], [11, 17, 12, 16], [13, 6, 14, 7], [15, 23, 16, 22], [17, 3, 18, 2], [19, 24, 20, 1], [21, 15, 22, 14], [23, 10, 24, 11], [1, 5, 2, 4], [3, 19, 4, 18], [5, 9, 6, 8], [7, 12, 8, 13]]"
12a_0185_46,"[[7, 12, 8, 13], [9, 20, 10, 21], [11, 17, 12, 16], [13, 6, 14, 7], [15, 23, 16, 22], [17, 3, 18, 2], [19, 24, 20, 1], [21, 15, 22, 14], [23, 10, 24, 11], [1, 5, 2, 4], [3, 19, 4, 18], [5, 9, 6, 8]]"
12a_0185_47,"[[5, 9, 6, 8], [7, 12, 8, 13], [9, 20, 10, 21], [11, 17, 12, 16], [13, 6, 14, 7], [15, 23, 16, 22], [17, 3, 18, 2], [19, 24, 20, 1], [21, 15, 22, 14], [23, 10, 24, 11], [1, 5, 2, 4], [3, 19, 4, 18]]"
12a_0185_48,"[[4, 20, 5, 19], [6, 10, 7, 9], [8, 13, 9, 14], [10, 21, 11, 22], [12, 18, 13, 17], [14, 7, 15, 8], [16, 24, 17, 23], [18, 4, 19, 3], [20, 1, 21, 2], [22, 16, 23, 15], [24, 11, 1, 12], [2, 6, 3, 5]]"
12a_0185_49,"[[2, 6, 3, 5], [4, 20, 5, 19], [6, 10, 7, 9], [8, 13, 9, 14], [10, 21, 11, 22], [12, 18, 13, 17], [14, 7, 15, 8], [16, 24, 17, 23], [18, 4, 19, 3], [20, 1, 21, 2], [22, 16, 23, 15], [24, 11, 1, 12]]"
12a_0185_50,"[[24, 11, 1, 12], [2, 6, 3, 5], [4, 20, 5, 19], [6, 10, 7, 9], [8, 13, 9, 14], [10, 21, 11, 22], [12, 18, 13, 17], [14, 7, 15, 8], [16, 24, 17, 23], [18, 4, 19, 3], [20, 1, 21, 2], [22, 16, 23, 15]]"
12a_0185_51,"[[22, 16, 23, 15], [24, 11, 1, 12], [2, 6, 3, 5], [4, 20, 5, 19], [6, 10, 7, 9], [8, 13, 9, 14], [10, 21, 11, 22], [12, 18, 13, 17], [14, 7, 15, 8], [16, 24, 17, 23], [18, 4, 19, 3], [20, 1, 21, 2]]"
12a_0185_52,"[[20, 1, 21, 2], [22, 16, 23, 15], [24, 11, 1, 12], [2, 6, 3, 5], [4, 20, 5, 19], [6, 10, 7, 9], [8, 13, 9, 14], [10, 21, 11, 22], [12, 18, 13, 17], [14, 7, 15, 8], [16, 24, 17, 23], [18, 4, 19, 3]]"
12a_0185_53,"[[18, 4, 19, 3], [20, 1, 21, 2], [22, 16, 23, 15], [24, 11, 1, 12], [2, 6, 3, 5], [4, 20, 5, 19], [6, 10, 7, 9], [8, 13, 9, 14], [10, 21, 11, 22], [12, 18, 13, 17], [14, 7, 15, 8], [16, 24, 17, 23]]"
12a_0185_54,"[[16, 24, 17, 23], [18, 4, 19, 3], [20, 1, 21, 2], [22, 16, 23, 15], [24, 11, 1, 12], [2, 6, 3, 5], [4, 20, 5, 19], [6, 10, 7, 9], [8, 13, 9, 14], [10, 21, 11, 22], [12, 18, 13, 17], [14, 7, 15, 8]]"
12a_0185_55,"[[14, 7, 15, 8], [16, 24, 17, 23], [18, 4, 19, 3], [20, 1, 21, 2], [22, 16, 23, 15], [24, 11, 1, 12], [2, 6, 3, 5], [4, 20, 5, 19], [6, 10, 7, 9], [8, 13, 9, 14], [10, 21, 11, 22], [12, 18, 13, 17]]"
12a_0185_56,"[[12, 18, 13, 17], [14, 7, 15, 8], [16, 24, 17, 23], [18, 4, 19, 3], [20, 1, 21, 2], [22, 16, 23, 15], [24, 11, 1, 12], [2, 6, 3, 5], [4, 20, 5, 19], [6, 10, 7, 9], [8, 13, 9, 14], [10, 21, 11, 22]]"
12a_0185_57,"[[10, 21, 11, 22], [12, 18, 13, 17], [14, 7, 15, 8], [16, 24, 17, 23], [18, 4, 19, 3], [20, 1, 21, 2], [22, 16, 23, 15], [24, 11, 1, 12], [2, 6, 3, 5], [4, 20, 5, 19], [6, 10, 7, 9], [8, 13, 9, 14]]"
12a_0185_58,"[[8, 13, 9, 14], [10, 21, 11, 22], [12, 18, 13, 17], [14, 7, 15, 8], [16, 24, 17, 23], [18, 4, 19, 3], [20, 1, 21, 2], [22, 16, 23, 15], [24, 11, 1, 12], [2, 6, 3, 5], [4, 20, 5, 19], [6, 10, 7, 9]]"
12a_0185_59,"[[6, 10, 7, 9], [8, 13, 9, 14], [10, 21, 11, 22], [12, 18, 13, 17], [14, 7, 15, 8], [16, 24, 17, 23], [18, 4, 19, 3], [20, 1, 21, 2], [22, 16, 23, 15], [24, 11, 1, 12], [2, 6, 3, 5], [4, 20, 5, 19]]"
12a_0185_60,"[[5, 21, 6, 20], [7, 11, 8, 10], [9, 14, 10, 15], [11, 22, 12, 23], [13, 19, 14, 18], [15, 8, 16, 9], [17, 1, 18, 24], [19, 5, 20, 4], [21, 2, 22, 3], [23, 17, 24, 16], [1, 12, 2, 13], [3, 7, 4, 6]]"
12a_0185_61,"[[3, 7, 4, 6], [5, 21, 6, 20], [7, 11, 8, 10], [9, 14, 10, 15], [11, 22, 12, 23], [13, 19, 14, 18], [15, 8, 16, 9], [17, 1, 18, 24], [19, 5, 20, 4], [21, 2, 22, 3], [23, 17, 24, 16], [1, 12, 2, 13]]"
12a_0185_62,"[[1, 12, 2, 13], [3, 7, 4, 6], [5, 21, 6, 20], [7, 11, 8, 10], [9, 14, 10, 15], [11, 22, 12, 23], [13, 19, 14, 18], [15, 8, 16, 9], [17, 1, 18, 24], [19, 5, 20, 4], [21, 2, 22, 3], [23, 17, 24, 16]]"
12a_0185_63,"[[23, 17, 24, 16], [1, 12, 2, 13], [3, 7, 4, 6], [5, 21, 6, 20], [7, 11, 8, 10], [9, 14, 10, 15], [11, 22, 12, 23], [13, 19, 14, 18], [15, 8, 16, 9], [17, 1, 18, 24], [19, 5, 20, 4], [21, 2, 22, 3]]"
12a_0185_64,"[[21, 2, 22, 3], [23, 17, 24, 16], [1, 12, 2, 13], [3, 7, 4, 6], [5, 21, 6, 20], [7, 11, 8, 10], [9, 14, 10, 15], [11, 22, 12, 23], [13, 19, 14, 18], [15, 8, 16, 9], [17, 1, 18, 24], [19, 5, 20, 4]]"
12a_0185_65,"[[19, 5, 20, 4], [21, 2, 22, 3], [23, 17, 24, 16], [1, 12, 2, 13], [3, 7, 4, 6], [5, 21, 6, 20], [7, 11, 8, 10], [9, 14, 10, 15], [11, 22, 12, 23], [13, 19, 14, 18], [15, 8, 16, 9], [17, 1, 18, 24]]"
12a_0185_66,"[[17, 1, 18, 24], [19, 5, 20, 4], [21, 2, 22, 3], [23, 17, 24, 16], [1, 12, 2, 13], [3, 7, 4, 6], [5, 21, 6, 20], [7, 11, 8, 10], [9, 14, 10, 15], [11, 22, 12, 23], [13, 19, 14, 18], [15, 8, 16, 9]]"
12a_0185_67,"[[15, 8, 16, 9], [17, 1, 18, 24], [19, 5, 20, 4], [21, 2, 22, 3], [23, 17, 24, 16], [1, 12, 2, 13], [3, 7, 4, 6], [5, 21, 6, 20], [7, 11, 8, 10], [9, 14, 10, 15], [11, 22, 12, 23], [13, 19, 14, 18]]"
12a_0185_68,"[[13, 19, 14, 18], [15, 8, 16, 9], [17, 1, 18, 24], [19, 5, 20, 4], [21, 2, 22, 3], [23, 17, 24, 16], [1, 12, 2, 13], [3, 7, 4, 6], [5, 21, 6, 20], [7, 11, 8, 10], [9, 14, 10, 15], [11, 22, 12, 23]]"
12a_0185_69,"[[11, 22, 12, 23], [13, 19, 14, 18], [15, 8, 16, 9], [17, 1, 18, 24], [19, 5, 20, 4], [21, 2, 22, 3], [23, 17, 24, 16], [1, 12, 2, 13], [3, 7, 4, 6], [5, 21, 6, 20], [7, 11, 8, 10], [9, 14, 10, 15]]"
12a_0185_70,"[[9, 14, 10, 15], [11, 22, 12, 23], [13, 19, 14, 18], [15, 8, 16, 9], [17, 1, 18, 24], [19, 5, 20, 4], [21, 2, 22, 3], [23, 17, 24, 16], [1, 12, 2, 13], [3, 7, 4, 6], [5, 21, 6, 20], [7, 11, 8, 10]]"
12a_0185_71,"[[7, 11, 8, 10], [9, 14, 10, 15], [11, 22, 12, 23], [13, 19, 14, 18], [15, 8, 16, 9], [17, 1, 18, 24], [19, 5, 20, 4], [21, 2, 22, 3], [23, 17, 24, 16], [1, 12, 2, 13], [3, 7, 4, 6], [5, 21, 6, 20]]"
12a_0185_72,"[[6, 22, 7, 21], [8, 12, 9, 11], [10, 15, 11, 16], [12, 23, 13, 24], [14, 20, 15, 19], [16, 9, 17, 10], [18, 2, 19, 1], [20, 6, 21, 5], [22, 3, 23, 4], [24, 18, 1, 17], [2, 13, 3, 14], [4, 8, 5, 7]]"
12a_0185_73,"[[4, 8, 5, 7], [6, 22, 7, 21], [8, 12, 9, 11], [10, 15, 11, 16], [12, 23, 13, 24], [14, 20, 15, 19], [16, 9, 17, 10], [18, 2, 19, 1], [20, 6, 21, 5], [22, 3, 23, 4], [24, 18, 1, 17], [2, 13, 3, 14]]"
12a_0185_74,"[[2, 13, 3, 14], [4, 8, 5, 7], [6, 22, 7, 21], [8, 12, 9, 11], [10, 15, 11, 16], [12, 23, 13, 24], [14, 20, 15, 19], [16, 9, 17, 10], [18, 2, 19, 1], [20, 6, 21, 5], [22, 3, 23, 4], [24, 18, 1, 17]]"
12a_0185_75,"[[24, 18, 1, 17], [2, 13, 3, 14], [4, 8, 5, 7], [6, 22, 7, 21], [8, 12, 9, 11], [10, 15, 11, 16], [12, 23, 13, 24], [14, 20, 15, 19], [16, 9, 17, 10], [18, 2, 19, 1], [20, 6, 21, 5], [22, 3, 23, 4]]"
12a_0185_76,"[[22, 3, 23, 4], [24, 18, 1, 17], [2, 13, 3, 14], [4, 8, 5, 7], [6, 22, 7, 21], [8, 12, 9, 11], [10, 15, 11, 16], [12, 23, 13, 24], [14, 20, 15, 19], [16, 9, 17, 10], [18, 2, 19, 1], [20, 6, 21, 5]]"
12a_0185_77,"[[20, 6, 21, 5], [22, 3, 23, 4], [24, 18, 1, 17], [2, 13, 3, 14], [4, 8, 5, 7], [6, 22, 7, 21], [8, 12, 9, 11], [10, 15, 11, 16], [12, 23, 13, 24], [14, 20, 15, 19], [16, 9, 17, 10], [18, 2, 19, 1]]"
12a_0185_78,"[[18, 2, 19, 1], [20, 6, 21, 5], [22, 3, 23, 4], [24, 18, 1, 17], [2, 13, 3, 14], [4, 8, 5, 7], [6, 22, 7, 21], [8, 12, 9, 11], [10, 15, 11, 16], [12, 23, 13, 24], [14, 20, 15, 19], [16, 9, 17, 10]]"
12a_0185_79,"[[16, 9, 17, 10], [18, 2, 19, 1], [20, 6, 21, 5], [22, 3, 23, 4], [24, 18, 1, 17], [2, 13, 3, 14], [4, 8, 5, 7], [6, 22, 7, 21], [8, 12, 9, 11], [10, 15, 11, 16], [12, 23, 13, 24], [14, 20, 15, 19]]"
12a_0185_80,"[[14, 20, 15, 19], [16, 9, 17, 10], [18, 2, 19, 1], [20, 6, 21, 5], [22, 3, 23, 4], [24, 18, 1, 17], [2, 13, 3, 14], [4, 8, 5, 7], [6, 22, 7, 21], [8, 12, 9, 11], [10, 15, 11, 16], [12, 23, 13, 24]]"
12a_0185_81,"[[12, 23, 13, 24], [14, 20, 15, 19], [16, 9, 17, 10], [18, 2, 19, 1], [20, 6, 21, 5], [22, 3, 23, 4], [24, 18, 1, 17], [2, 13, 3, 14], [4, 8, 5, 7], [6, 22, 7, 21], [8, 12, 9, 11], [10, 15, 11, 16]]"
12a_0185_82,"[[10, 15, 11, 16], [12, 23, 13, 24], [14, 20, 15, 19], [16, 9, 17, 10], [18, 2, 19, 1], [20, 6, 21, 5], [22, 3, 23, 4], [24, 18, 1, 17], [2, 13, 3, 14], [4, 8, 5, 7], [6, 22, 7, 21], [8, 12, 9, 11]]"
12a_0185_83,"[[8, 12, 9, 11], [10, 15, 11, 16], [12, 23, 13, 24], [14, 20, 15, 19], [16, 9, 17, 10], [18, 2, 19, 1], [20, 6, 21, 5], [22, 3, 23, 4], [24, 18, 1, 17], [2, 13, 3, 14], [4, 8, 5, 7], [6, 22, 7, 21]]"
12a_0185_84,"[[7, 23, 8, 22], [9, 13, 10, 12], [11, 16, 12, 17], [13, 24, 14, 1], [15, 21, 16, 20], [17, 10, 18, 11], [19, 3, 20, 2], [21, 7, 22, 6], [23, 4, 24, 5], [1, 19, 2, 18], [3, 14, 4, 15], [5, 9, 6, 8]]"
12a_0185_85,"[[5, 9, 6, 8], [7, 23, 8, 22], [9, 13, 10, 12], [11, 16, 12, 17], [13, 24, 14, 1], [15, 21, 16, 20], [17, 10, 18, 11], [19, 3, 20, 2], [21, 7, 22, 6], [23, 4, 24, 5], [1, 19, 2, 18], [3, 14, 4, 15]]"
12a_0185_86,"[[3, 14, 4, 15], [5, 9, 6, 8], [7, 23, 8, 22], [9, 13, 10, 12], [11, 16, 12, 17], [13, 24, 14, 1], [15, 21, 16, 20], [17, 10, 18, 11], [19, 3, 20, 2], [21, 7, 22, 6], [23, 4, 24, 5], [1, 19, 2, 18]]"
12a_0185_87,"[[1, 19, 2, 18], [3, 14, 4, 15], [5, 9, 6, 8], [7, 23, 8, 22], [9, 13, 10, 12], [11, 16, 12, 17], [13, 24, 14, 1], [15, 21, 16, 20], [17, 10, 18, 11], [19, 3, 20, 2], [21, 7, 22, 6], [23, 4, 24, 5]]"
12a_0185_88,"[[23, 4, 24, 5], [1, 19, 2, 18], [3, 14, 4, 15], [5, 9, 6, 8], [7, 23, 8, 22], [9, 13, 10, 12], [11, 16, 12, 17], [13, 24, 14, 1], [15, 21, 16, 20], [17, 10, 18, 11], [19, 3, 20, 2], [21, 7, 22, 6]]"
12a_0185_89,"[[21, 7, 22, 6], [23, 4, 24, 5], [1, 19, 2, 18], [3, 14, 4, 15], [5, 9, 6, 8], [7, 23, 8, 22], [9, 13, 10, 12], [11, 16, 12, 17], [13, 24, 14, 1], [15, 21, 16, 20], [17, 10, 18, 11], [19, 3, 20, 2]]"
12a_0185_90,"[[19, 3, 20, 2], [21, 7, 22, 6], [23, 4, 24, 5], [1, 19, 2, 18], [3, 14, 4, 15], [5, 9, 6, 8], [7, 23, 8, 22], [9, 13, 10, 12], [11, 16, 12, 17], [13, 24, 14, 1], [15, 21, 16, 20], [17, 10, 18, 11]]"
12a_0185_91,"[[17, 10, 18, 11], [19, 3, 20, 2], [21, 7, 22, 6], [23, 4, 24, 5], [1, 19, 2, 18], [3, 14, 4, 15], [5, 9, 6, 8], [7, 23, 8, 22], [9, 13, 10, 12], [11, 16, 12, 17], [13, 24, 14, 1], [15, 21, 16, 20]]"
12a_0185_92,"[[15, 21, 16, 20], [17, 10, 18, 11], [19, 3, 20, 2], [21, 7, 22, 6], [23, 4, 24, 5], [1, 19, 2, 18], [3, 14, 4, 15], [5, 9, 6, 8], [7, 23, 8, 22], [9, 13, 10, 12], [11, 16, 12, 17], [13, 24, 14, 1]]"
12a_0185_93,"[[13, 24, 14, 1], [15, 21, 16, 20], [17, 10, 18, 11], [19, 3, 20, 2], [21, 7, 22, 6], [23, 4, 24, 5], [1, 19, 2, 18], [3, 14, 4, 15], [5, 9, 6, 8], [7, 23, 8, 22], [9, 13, 10, 12], [11, 16, 12, 17]]"
12a_0185_94,"[[11, 16, 12, 17], [13, 24, 14, 1], [15, 21, 16, 20], [17, 10, 18, 11], [19, 3, 20, 2], [21, 7, 22, 6], [23, 4, 24, 5], [1, 19, 2, 18], [3, 14, 4, 15], [5, 9, 6, 8], [7, 23, 8, 22], [9, 13, 10, 12]]"
12a_0185_95,"[[9, 13, 10, 12], [11, 16, 12, 17], [13, 24, 14, 1], [15, 21, 16, 20], [17, 10, 18, 11], [19, 3, 20, 2], [21, 7, 22, 6], [23, 4, 24, 5], [1, 19, 2, 18], [3, 14, 4, 15], [5, 9, 6, 8], [7, 23, 8, 22]]"
12a_0185_96,"[[8, 24, 9, 23], [10, 14, 11, 13], [12, 17, 13, 18], [14, 1, 15, 2], [16, 22, 17, 21], [18, 11, 19, 12], [20, 4, 21, 3], [22, 8, 23, 7], [24, 5, 1, 6], [2, 20, 3, 19], [4, 15, 5, 16], [6, 10, 7, 9]]"
12a_0185_97,"[[6, 10, 7, 9], [8, 24, 9, 23], [10, 14, 11, 13], [12, 17, 13, 18], [14, 1, 15, 2], [16, 22, 17, 21], [18, 11, 19, 12], [20, 4, 21, 3], [22, 8, 23, 7], [24, 5, 1, 6], [2, 20, 3, 19], [4, 15, 5, 16]]"
12a_0185_98,"[[4, 15, 5, 16], [6, 10, 7, 9], [8, 24, 9, 23], [10, 14, 11, 13], [12, 17, 13, 18], [14, 1, 15, 2], [16, 22, 17, 21], [18, 11, 19, 12], [20, 4, 21, 3], [22, 8, 23, 7], [24, 5, 1, 6], [2, 20, 3, 19]]"
12a_0185_99,"[[2, 20, 3, 19], [4, 15, 5, 16], [6, 10, 7, 9], [8, 24, 9, 23], [10, 14, 11, 13], [12, 17, 13, 18], [14, 1, 15, 2], [16, 22, 17, 21], [18, 11, 19, 12], [20, 4, 21, 3], [22, 8, 23, 7], [24, 5, 1, 6]]"
12a_0185_100,"[[24, 5, 1, 6], [2, 20, 3, 19], [4, 15, 5, 16], [6, 10, 7, 9], [8, 24, 9, 23], [10, 14, 11, 13], [12, 17, 13, 18], [14, 1, 15, 2], [16, 22, 17, 21], [18, 11, 19, 12], [20, 4, 21, 3], [22, 8, 23, 7]]"
12a_0185_101,"[[22, 8, 23, 7], [24, 5, 1, 6], [2, 20, 3, 19], [4, 15, 5, 16], [6, 10, 7, 9], [8, 24, 9, 23], [10, 14, 11, 13], [12, 17, 13, 18], [14, 1, 15, 2], [16, 22, 17, 21], [18, 11, 19, 12], [20, 4, 21, 3]]"
12a_0185_102,"[[20, 4, 21, 3], [22, 8, 23, 7], [24, 5, 1, 6], [2, 20, 3, 19], [4, 15, 5, 16], [6, 10, 7, 9], [8, 24, 9, 23], [10, 14, 11, 13], [12, 17, 13, 18], [14, 1, 15, 2], [16, 22, 17, 21], [18, 11, 19, 12]]"
12a_0185_103,"[[18, 11, 19, 12], [20, 4, 21, 3], [22, 8, 23, 7], [24, 5, 1, 6], [2, 20, 3, 19], [4, 15, 5, 16], [6, 10, 7, 9], [8, 24, 9, 23], [10, 14, 11, 13], [12, 17, 13, 18], [14, 1, 15, 2], [16, 22, 17, 21]]"
12a_0185_104,"[[16, 22, 17, 21], [18, 11, 19, 12], [20, 4, 21, 3], [22, 8, 23, 7], [24, 5, 1, 6], [2, 20, 3, 19], [4, 15, 5, 16], [6, 10, 7, 9], [8, 24, 9, 23], [10, 14, 11, 13], [12, 17, 13, 18], [14, 1, 15, 2]]"
12a_0185_105,"[[14, 1, 15, 2], [16, 22, 17, 21], [18, 11, 19, 12], [20, 4, 21, 3], [22, 8, 23, 7], [24, 5, 1, 6], [2, 20, 3, 19], [4, 15, 5, 16], [6, 10, 7, 9], [8, 24, 9, 23], [10, 14, 11, 13], [12, 17, 13, 18]]"
12a_0185_106,"[[12, 17, 13, 18], [14, 1, 15, 2], [16, 22, 17, 21], [18, 11, 19, 12], [20, 4, 21, 3], [22, 8, 23, 7], [24, 5, 1, 6], [2, 20, 3, 19], [4, 15, 5, 16], [6, 10, 7, 9], [8, 24, 9, 23], [10, 14, 11, 13]]"
12a_0185_107,"[[10, 14, 11, 13], [12, 17, 13, 18], [14, 1, 15, 2], [16, 22, 17, 21], [18, 11, 19, 12], [20, 4, 21, 3], [22, 8, 23, 7], [24, 5, 1, 6], [2, 20, 3, 19], [4, 15, 5, 16], [6, 10, 7, 9], [8, 24, 9, 23]]"
12a_0185_108,"[[9, 1, 10, 24], [11, 15, 12, 14], [13, 18, 14, 19], [15, 2, 16, 3], [17, 23, 18, 22], [19, 12, 20, 13], [21, 5, 22, 4], [23, 9, 24, 8], [1, 6, 2, 7], [3, 21, 4, 20], [5, 16, 6, 17], [7, 11, 8, 10]]"
12a_0185_109,"[[7, 11, 8, 10], [9, 1, 10, 24], [11, 15, 12, 14], [13, 18, 14, 19], [15, 2, 16, 3], [17, 23, 18, 22], [19, 12, 20, 13], [21, 5, 22, 4], [23, 9, 24, 8], [1, 6, 2, 7], [3, 21, 4, 20], [5, 16, 6, 17]]"
12a_0185_110,"[[5, 16, 6, 17], [7, 11, 8, 10], [9, 1, 10, 24], [11, 15, 12, 14], [13, 18, 14, 19], [15, 2, 16, 3], [17, 23, 18, 22], [19, 12, 20, 13], [21, 5, 22, 4], [23, 9, 24, 8], [1, 6, 2, 7], [3, 21, 4, 20]]"
12a_0185_111,"[[3, 21, 4, 20], [5, 16, 6, 17], [7, 11, 8, 10], [9, 1, 10, 24], [11, 15, 12, 14], [13, 18, 14, 19], [15, 2, 16, 3], [17, 23, 18, 22], [19, 12, 20, 13], [21, 5, 22, 4], [23, 9, 24, 8], [1, 6, 2, 7]]"
12a_0185_112,"[[1, 6, 2, 7], [3, 21, 4, 20], [5, 16, 6, 17], [7, 11, 8, 10], [9, 1, 10, 24], [11, 15, 12, 14], [13, 18, 14, 19], [15, 2, 16, 3], [17, 23, 18, 22], [19, 12, 20, 13], [21, 5, 22, 4], [23, 9, 24, 8]]"
12a_0185_113,"[[23, 9, 24, 8], [1, 6, 2, 7], [3, 21, 4, 20], [5, 16, 6, 17], [7, 11, 8, 10], [9, 1, 10, 24], [11, 15, 12, 14], [13, 18, 14, 19], [15, 2, 16, 3], [17, 23, 18, 22], [19, 12, 20, 13], [21, 5, 22, 4]]"
12a_0185_114,"[[21, 5, 22, 4], [23, 9, 24, 8], [1, 6, 2, 7], [3, 21, 4, 20], [5, 16, 6, 17], [7, 11, 8, 10], [9, 1, 10, 24], [11, 15, 12, 14], [13, 18, 14, 19], [15, 2, 16, 3], [17, 23, 18, 22], [19, 12, 20, 13]]"
12a_0185_115,"[[19, 12, 20, 13], [21, 5, 22, 4], [23, 9, 24, 8], [1, 6, 2, 7], [3, 21, 4, 20], [5, 16, 6, 17], [7, 11, 8, 10], [9, 1, 10, 24], [11, 15, 12, 14], [13, 18, 14, 19], [15, 2, 16, 3], [17, 23, 18, 22]]"
12a_0185_116,"[[17, 23, 18, 22], [19, 12, 20, 13], [21, 5, 22, 4], [23, 9, 24, 8], [1, 6, 2, 7], [3, 21, 4, 20], [5, 16, 6, 17], [7, 11, 8, 10], [9, 1, 10, 24], [11, 15, 12, 14], [13, 18, 14, 19], [15, 2, 16, 3]]"
12a_0185_117,"[[15, 2, 16, 3], [17, 23, 18, 22], [19, 12, 20, 13], [21, 5, 22, 4], [23, 9, 24, 8], [1, 6, 2, 7], [3, 21, 4, 20], [5, 16, 6, 17], [7, 11, 8, 10], [9, 1, 10, 24], [11, 15, 12, 14], [13, 18, 14, 19]]"
12a_0185_118,"[[13, 18, 14, 19], [15, 2, 16, 3], [17, 23, 18, 22], [19, 12, 20, 13], [21, 5, 22, 4], [23, 9, 24, 8], [1, 6, 2, 7], [3, 21, 4, 20], [5, 16, 6, 17], [7, 11, 8, 10], [9, 1, 10, 24], [11, 15, 12, 14]]"
12a_0185_119,"[[11, 15, 12, 14], [13, 18, 14, 19], [15, 2, 16, 3], [17, 23, 18, 22], [19, 12, 20, 13], [21, 5, 22, 4], [23, 9, 24, 8], [1, 6, 2, 7], [3, 21, 4, 20], [5, 16, 6, 17], [7, 11, 8, 10], [9, 1, 10, 24]]"
12a_0185_120,"[[10, 2, 11, 1], [12, 16, 13, 15], [14, 19, 15, 20], [16, 3, 17, 4], [18, 24, 19, 23], [20, 13, 21, 14], [22, 6, 23, 5], [24, 10, 1, 9], [2, 7, 3, 8], [4, 22, 5, 21], [6, 17, 7, 18], [8, 12, 9, 11]]"
12a_0185_121,"[[8, 12, 9, 11], [10, 2, 11, 1], [12, 16, 13, 15], [14, 19, 15, 20], [16, 3, 17, 4], [18, 24, 19, 23], [20, 13, 21, 14], [22, 6, 23, 5], [24, 10, 1, 9], [2, 7, 3, 8], [4, 22, 5, 21], [6, 17, 7, 18]]"
12a_0185_122,"[[6, 17, 7, 18], [8, 12, 9, 11], [10, 2, 11, 1], [12, 16, 13, 15], [14, 19, 15, 20], [16, 3, 17, 4], [18, 24, 19, 23], [20, 13, 21, 14], [22, 6, 23, 5], [24, 10, 1, 9], [2, 7, 3, 8], [4, 22, 5, 21]]"
12a_0185_123,"[[4, 22, 5, 21], [6, 17, 7, 18], [8, 12, 9, 11], [10, 2, 11, 1], [12, 16, 13, 15], [14, 19, 15, 20], [16, 3, 17, 4], [18, 24, 19, 23], [20, 13, 21, 14], [22, 6, 23, 5], [24, 10, 1, 9], [2, 7, 3, 8]]"
12a_0185_124,"[[2, 7, 3, 8], [4, 22, 5, 21], [6, 17, 7, 18], [8, 12, 9, 11], [10, 2, 11, 1], [12, 16, 13, 15], [14, 19, 15, 20], [16, 3, 17, 4], [18, 24, 19, 23], [20, 13, 21, 14], [22, 6, 23, 5], [24, 10, 1, 9]]"
12a_0185_125,"[[24, 10, 1, 9], [2, 7, 3, 8], [4, 22, 5, 21], [6, 17, 7, 18], [8, 12, 9, 11], [10, 2, 11, 1], [12, 16, 13, 15], [14, 19, 15, 20], [16, 3, 17, 4], [18, 24, 19, 23], [20, 13, 21, 14], [22, 6, 23, 5]]"
12a_0185_126,"[[22, 6, 23, 5], [24, 10, 1, 9], [2, 7, 3, 8], [4, 22, 5, 21], [6, 17, 7, 18], [8, 12, 9, 11], [10, 2, 11, 1], [12, 16, 13, 15], [14, 19, 15, 20], [16, 3, 17, 4], [18, 24, 19, 23], [20, 13, 21, 14]]"
12a_0185_127,"[[20, 13, 21, 14], [22, 6, 23, 5], [24, 10, 1, 9], [2, 7, 3, 8], [4, 22, 5, 21], [6, 17, 7, 18], [8, 12, 9, 11], [10, 2, 11, 1], [12, 16, 13, 15], [14, 19, 15, 20], [16, 3, 17, 4], [18, 24, 19, 23]]"
12a_0185_128,"[[18, 24, 19, 23], [20, 13, 21, 14], [22, 6, 23, 5], [24, 10, 1, 9], [2, 7, 3, 8], [4, 22, 5, 21], [6, 17, 7, 18], [8, 12, 9, 11], [10, 2, 11, 1], [12, 16, 13, 15], [14, 19, 15, 20], [16, 3, 17, 4]]"
12a_0185_129,"[[16, 3, 17, 4], [18, 24, 19, 23], [20, 13, 21, 14], [22, 6, 23, 5], [24, 10, 1, 9], [2, 7, 3, 8], [4, 22, 5, 21], [6, 17, 7, 18], [8, 12, 9, 11], [10, 2, 11, 1], [12, 16, 13, 15], [14, 19, 15, 20]]"
12a_0185_130,"[[14, 19, 15, 20], [16, 3, 17, 4], [18, 24, 19, 23], [20, 13, 21, 14], [22, 6, 23, 5], [24, 10, 1, 9], [2, 7, 3, 8], [4, 22, 5, 21], [6, 17, 7, 18], [8, 12, 9, 11], [10, 2, 11, 1], [12, 16, 13, 15]]"
12a_0185_131,"[[12, 16, 13, 15], [14, 19, 15, 20], [16, 3, 17, 4], [18, 24, 19, 23], [20, 13, 21, 14], [22, 6, 23, 5], [24, 10, 1, 9], [2, 7, 3, 8], [4, 22, 5, 21], [6, 17, 7, 18], [8, 12, 9, 11], [10, 2, 11, 1]]"
12a_0185_132,"[[11, 3, 12, 2], [13, 17, 14, 16], [15, 20, 16, 21], [17, 4, 18, 5], [19, 1, 20, 24], [21, 14, 22, 15], [23, 7, 24, 6], [1, 11, 2, 10], [3, 8, 4, 9], [5, 23, 6, 22], [7, 18, 8, 19], [9, 13, 10, 12]]"
12a_0185_133,"[[9, 13, 10, 12], [11, 3, 12, 2], [13, 17, 14, 16], [15, 20, 16, 21], [17, 4, 18, 5], [19, 1, 20, 24], [21, 14, 22, 15], [23, 7, 24, 6], [1, 11, 2, 10], [3, 8, 4, 9], [5, 23, 6, 22], [7, 18, 8, 19]]"
12a_0185_134,"[[7, 18, 8, 19], [9, 13, 10, 12], [11, 3, 12, 2], [13, 17, 14, 16], [15, 20, 16, 21], [17, 4, 18, 5], [19, 1, 20, 24], [21, 14, 22, 15], [23, 7, 24, 6], [1, 11, 2, 10], [3, 8, 4, 9], [5, 23, 6, 22]]"
12a_0185_135,"[[5, 23, 6, 22], [7, 18, 8, 19], [9, 13, 10, 12], [11, 3, 12, 2], [13, 17, 14, 16], [15, 20, 16, 21], [17, 4, 18, 5], [19, 1, 20, 24], [21, 14, 22, 15], [23, 7, 24, 6], [1, 11, 2, 10], [3, 8, 4, 9]]"
12a_0185_136,"[[3, 8, 4, 9], [5, 23, 6, 22], [7, 18, 8, 19], [9, 13, 10, 12], [11, 3, 12, 2], [13, 17, 14, 16], [15, 20, 16, 21], [17, 4, 18, 5], [19, 1, 20, 24], [21, 14, 22, 15], [23, 7, 24, 6], [1, 11, 2, 10]]"
12a_0185_137,"[[1, 11, 2, 10], [3, 8, 4, 9], [5, 23, 6, 22], [7, 18, 8, 19], [9, 13, 10, 12], [11, 3, 12, 2], [13, 17, 14, 16], [15, 20, 16, 21], [17, 4, 18, 5], [19, 1, 20, 24], [21, 14, 22, 15], [23, 7, 24, 6]]"
12a_0185_138,"[[23, 7, 24, 6], [1, 11, 2, 10], [3, 8, 4, 9], [5, 23, 6, 22], [7, 18, 8, 19], [9, 13, 10, 12], [11, 3, 12, 2], [13, 17, 14, 16], [15, 20, 16, 21], [17, 4, 18, 5], [19, 1, 20, 24], [21, 14, 22, 15]]"
12a_0185_139,"[[21, 14, 22, 15], [23, 7, 24, 6], [1, 11, 2, 10], [3, 8, 4, 9], [5, 23, 6, 22], [7, 18, 8, 19], [9, 13, 10, 12], [11, 3, 12, 2], [13, 17, 14, 16], [15, 20, 16, 21], [17, 4, 18, 5], [19, 1, 20, 24]]"
12a_0185_140,"[[19, 1, 20, 24], [21, 14, 22, 15], [23, 7, 24, 6], [1, 11, 2, 10], [3, 8, 4, 9], [5, 23, 6, 22], [7, 18, 8, 19], [9, 13, 10, 12], [11, 3, 12, 2], [13, 17, 14, 16], [15, 20, 16, 21], [17, 4, 18, 5]]"
12a_0185_141,"[[17, 4, 18, 5], [19, 1, 20, 24], [21, 14, 22, 15], [23, 7, 24, 6], [1, 11, 2, 10], [3, 8, 4, 9], [5, 23, 6, 22], [7, 18, 8, 19], [9, 13, 10, 12], [11, 3, 12, 2], [13, 17, 14, 16], [15, 20, 16, 21]]"
12a_0185_142,"[[15, 20, 16, 21], [17, 4, 18, 5], [19, 1, 20, 24], [21, 14, 22, 15], [23, 7, 24, 6], [1, 11, 2, 10], [3, 8, 4, 9], [5, 23, 6, 22], [7, 18, 8, 19], [9, 13, 10, 12], [11, 3, 12, 2], [13, 17, 14, 16]]"
12a_0185_143,"[[13, 17, 14, 16], [15, 20, 16, 21], [17, 4, 18, 5], [19, 1, 20, 24], [21, 14, 22, 15], [23, 7, 24, 6], [1, 11, 2, 10], [3, 8, 4, 9], [5, 23, 6, 22], [7, 18, 8, 19], [9, 13, 10, 12], [11, 3, 12, 2]]"
12a_0185_144,"[[12, 4, 13, 3], [14, 18, 15, 17], [16, 21, 17, 22], [18, 5, 19, 6], [20, 2, 21, 1], [22, 15, 23, 16], [24, 8, 1, 7], [2, 12, 3, 11], [4, 9, 5, 10], [6, 24, 7, 23], [8, 19, 9, 20], [10, 14, 11, 13]]"
12a_0185_145,"[[10, 14, 11, 13], [12, 4, 13, 3], [14, 18, 15, 17], [16, 21, 17, 22], [18, 5, 19, 6], [20, 2, 21, 1], [22, 15, 23, 16], [24, 8, 1, 7], [2, 12, 3, 11], [4, 9, 5, 10], [6, 24, 7, 23], [8, 19, 9, 20]]"
12a_0185_146,"[[8, 19, 9, 20], [10, 14, 11, 13], [12, 4, 13, 3], [14, 18, 15, 17], [16, 21, 17, 22], [18, 5, 19, 6], [20, 2, 21, 1], [22, 15, 23, 16], [24, 8, 1, 7], [2, 12, 3, 11], [4, 9, 5, 10], [6, 24, 7, 23]]"
12a_0185_147,"[[6, 24, 7, 23], [8, 19, 9, 20], [10, 14, 11, 13], [12, 4, 13, 3], [14, 18, 15, 17], [16, 21, 17, 22], [18, 5, 19, 6], [20, 2, 21, 1], [22, 15, 23, 16], [24, 8, 1, 7], [2, 12, 3, 11], [4, 9, 5, 10]]"
12a_0185_148,"[[4, 9, 5, 10], [6, 24, 7, 23], [8, 19, 9, 20], [10, 14, 11, 13], [12, 4, 13, 3], [14, 18, 15, 17], [16, 21, 17, 22], [18, 5, 19, 6], [20, 2, 21, 1], [22, 15, 23, 16], [24, 8, 1, 7], [2, 12, 3, 11]]"
12a_0185_149,"[[2, 12, 3, 11], [4, 9, 5, 10], [6, 24, 7, 23], [8, 19, 9, 20], [10, 14, 11, 13], [12, 4, 13, 3], [14, 18, 15, 17], [16, 21, 17, 22], [18, 5, 19, 6], [20, 2, 21, 1], [22, 15, 23, 16], [24, 8, 1, 7]]"
12a_0185_150,"[[24, 8, 1, 7], [2, 12, 3, 11], [4, 9, 5, 10], [6, 24, 7, 23], [8, 19, 9, 20], [10, 14, 11, 13], [12, 4, 13, 3], [14, 18, 15, 17], [16, 21, 17, 22], [18, 5, 19, 6], [20, 2, 21, 1], [22, 15, 23, 16]]"
12a_0185_151,"[[22, 15, 23, 16], [24, 8, 1, 7], [2, 12, 3, 11], [4, 9, 5, 10], [6, 24, 7, 23], [8, 19, 9, 20], [10, 14, 11, 13], [12, 4, 13, 3], [14, 18, 15, 17], [16, 21, 17, 22], [18, 5, 19, 6], [20, 2, 21, 1]]"
12a_0185_152,"[[20, 2, 21, 1], [22, 15, 23, 16], [24, 8, 1, 7], [2, 12, 3, 11], [4, 9, 5, 10], [6, 24, 7, 23], [8, 19, 9, 20], [10, 14, 11, 13], [12, 4, 13, 3], [14, 18, 15, 17], [16, 21, 17, 22], [18, 5, 19, 6]]"
12a_0185_153,"[[18, 5, 19, 6], [20, 2, 21, 1], [22, 15, 23, 16], [24, 8, 1, 7], [2, 12, 3, 11], [4, 9, 5, 10], [6, 24, 7, 23], [8, 19, 9, 20], [10, 14, 11, 13], [12, 4, 13, 3], [14, 18, 15, 17], [16, 21, 17, 22]]"
12a_0185_154,"[[16, 21, 17, 22], [18, 5, 19, 6], [20, 2, 21, 1], [22, 15, 23, 16], [24, 8, 1, 7], [2, 12, 3, 11], [4, 9, 5, 10], [6, 24, 7, 23], [8, 19, 9, 20], [10, 14, 11, 13], [12, 4, 13, 3], [14, 18, 15, 17]]"
12a_0185_155,"[[14, 18, 15, 17], [16, 21, 17, 22], [18, 5, 19, 6], [20, 2, 21, 1], [22, 15, 23, 16], [24, 8, 1, 7], [2, 12, 3, 11], [4, 9, 5, 10], [6, 24, 7, 23], [8, 19, 9, 20], [10, 14, 11, 13], [12, 4, 13, 3]]"
12a_0185_156,"[[13, 5, 14, 4], [15, 19, 16, 18], [17, 22, 18, 23], [19, 6, 20, 7], [21, 3, 22, 2], [23, 16, 24, 17], [1, 9, 2, 8], [3, 13, 4, 12], [5, 10, 6, 11], [7, 1, 8, 24], [9, 20, 10, 21], [11, 15, 12, 14]]"
12a_0185_157,"[[11, 15, 12, 14], [13, 5, 14, 4], [15, 19, 16, 18], [17, 22, 18, 23], [19, 6, 20, 7], [21, 3, 22, 2], [23, 16, 24, 17], [1, 9, 2, 8], [3, 13, 4, 12], [5, 10, 6, 11], [7, 1, 8, 24], [9, 20, 10, 21]]"
12a_0185_158,"[[9, 20, 10, 21], [11, 15, 12, 14], [13, 5, 14, 4], [15, 19, 16, 18], [17, 22, 18, 23], [19, 6, 20, 7], [21, 3, 22, 2], [23, 16, 24, 17], [1, 9, 2, 8], [3, 13, 4, 12], [5, 10, 6, 11], [7, 1, 8, 24]]"
12a_0185_159,"[[7, 1, 8, 24], [9, 20, 10, 21], [11, 15, 12, 14], [13, 5, 14, 4], [15, 19, 16, 18], [17, 22, 18, 23], [19, 6, 20, 7], [21, 3, 22, 2], [23, 16, 24, 17], [1, 9, 2, 8], [3, 13, 4, 12], [5, 10, 6, 11]]"
12a_0185_160,"[[5, 10, 6, 11], [7, 1, 8, 24], [9, 20, 10, 21], [11, 15, 12, 14], [13, 5, 14, 4], [15, 19, 16, 18], [17, 22, 18, 23], [19, 6, 20, 7], [21, 3, 22, 2], [23, 16, 24, 17], [1, 9, 2, 8], [3, 13, 4, 12]]"
12a_0185_161,"[[3, 13, 4, 12], [5, 10, 6, 11], [7, 1, 8, 24], [9, 20, 10, 21], [11, 15, 12, 14], [13, 5, 14, 4], [15, 19, 16, 18], [17, 22, 18, 23], [19, 6, 20, 7], [21, 3, 22, 2], [23, 16, 24, 17], [1, 9, 2, 8]]"
12a_0185_162,"[[1, 9, 2, 8], [3, 13, 4, 12], [5, 10, 6, 11], [7, 1, 8, 24], [9, 20, 10, 21], [11, 15, 12, 14], [13, 5, 14, 4], [15, 19, 16, 18], [17, 22, 18, 23], [19, 6, 20, 7], [21, 3, 22, 2], [23, 16, 24, 17]]"
12a_0185_163,"[[23, 16, 24, 17], [1, 9, 2, 8], [3, 13, 4, 12], [5, 10, 6, 11], [7, 1, 8, 24], [9, 20, 10, 21], [11, 15, 12, 14], [13, 5, 14, 4], [15, 19, 16, 18], [17, 22, 18, 23], [19, 6, 20, 7], [21, 3, 22, 2]]"
12a_0185_164,"[[21, 3, 22, 2], [23, 16, 24, 17], [1, 9, 2, 8], [3, 13, 4, 12], [5, 10, 6, 11], [7, 1, 8, 24], [9, 20, 10, 21], [11, 15, 12, 14], [13, 5, 14, 4], [15, 19, 16, 18], [17, 22, 18, 23], [19, 6, 20, 7]]"
12a_0185_165,"[[19, 6, 20, 7], [21, 3, 22, 2], [23, 16, 24, 17], [1, 9, 2, 8], [3, 13, 4, 12], [5, 10, 6, 11], [7, 1, 8, 24], [9, 20, 10, 21], [11, 15, 12, 14], [13, 5, 14, 4], [15, 19, 16, 18], [17, 22, 18, 23]]"
12a_0185_166,"[[17, 22, 18, 23], [19, 6, 20, 7], [21, 3, 22, 2], [23, 16, 24, 17], [1, 9, 2, 8], [3, 13, 4, 12], [5, 10, 6, 11], [7, 1, 8, 24], [9, 20, 10, 21], [11, 15, 12, 14], [13, 5, 14, 4], [15, 19, 16, 18]]"
12a_0185_167,"[[15, 19, 16, 18], [17, 22, 18, 23], [19, 6, 20, 7], [21, 3, 22, 2], [23, 16, 24, 17], [1, 9, 2, 8], [3, 13, 4, 12], [5, 10, 6, 11], [7, 1, 8, 24], [9, 20, 10, 21], [11, 15, 12, 14], [13, 5, 14, 4]]"
12a_0185_168,"[[14, 6, 15, 5], [16, 20, 17, 19], [18, 23, 19, 24], [20, 7, 21, 8], [22, 4, 23, 3], [24, 17, 1, 18], [2, 10, 3, 9], [4, 14, 5, 13], [6, 11, 7, 12], [8, 2, 9, 1], [10, 21, 11, 22], [12, 16, 13, 15]]"
12a_0185_169,"[[12, 16, 13, 15], [14, 6, 15, 5], [16, 20, 17, 19], [18, 23, 19, 24], [20, 7, 21, 8], [22, 4, 23, 3], [24, 17, 1, 18], [2, 10, 3, 9], [4, 14, 5, 13], [6, 11, 7, 12], [8, 2, 9, 1], [10, 21, 11, 22]]"
12a_0185_170,"[[10, 21, 11, 22], [12, 16, 13, 15], [14, 6, 15, 5], [16, 20, 17, 19], [18, 23, 19, 24], [20, 7, 21, 8], [22, 4, 23, 3], [24, 17, 1, 18], [2, 10, 3, 9], [4, 14, 5, 13], [6, 11, 7, 12], [8, 2, 9, 1]]"
12a_0185_171,"[[8, 2, 9, 1], [10, 21, 11, 22], [12, 16, 13, 15], [14, 6, 15, 5], [16, 20, 17, 19], [18, 23, 19, 24], [20, 7, 21, 8], [22, 4, 23, 3], [24, 17, 1, 18], [2, 10, 3, 9], [4, 14, 5, 13], [6, 11, 7, 12]]"
12a_0185_172,"[[6, 11, 7, 12], [8, 2, 9, 1], [10, 21, 11, 22], [12, 16, 13, 15], [14, 6, 15, 5], [16, 20, 17, 19], [18, 23, 19, 24], [20, 7, 21, 8], [22, 4, 23, 3], [24, 17, 1, 18], [2, 10, 3, 9], [4, 14, 5, 13]]"
12a_0185_173,"[[4, 14, 5, 13], [6, 11, 7, 12], [8, 2, 9, 1], [10, 21, 11, 22], [12, 16, 13, 15], [14, 6, 15, 5], [16, 20, 17, 19], [18, 23, 19, 24], [20, 7, 21, 8], [22, 4, 23, 3], [24, 17, 1, 18], [2, 10, 3, 9]]"
12a_0185_174,"[[2, 10, 3, 9], [4, 14, 5, 13], [6, 11, 7, 12], [8, 2, 9, 1], [10, 21, 11, 22], [12, 16, 13, 15], [14, 6, 15, 5], [16, 20, 17, 19], [18, 23, 19, 24], [20, 7, 21, 8], [22, 4, 23, 3], [24, 17, 1, 18]]"
12a_0185_175,"[[24, 17, 1, 18], [2, 10, 3, 9], [4, 14, 5, 13], [6, 11, 7, 12], [8, 2, 9, 1], [10, 21, 11, 22], [12, 16, 13, 15], [14, 6, 15, 5], [16, 20, 17, 19], [18, 23, 19, 24], [20, 7, 21, 8], [22, 4, 23, 3]]"
12a_0185_176,"[[22, 4, 23, 3], [24, 17, 1, 18], [2, 10, 3, 9], [4, 14, 5, 13], [6, 11, 7, 12], [8, 2, 9, 1], [10, 21, 11, 22], [12, 16, 13, 15], [14, 6, 15, 5], [16, 20, 17, 19], [18, 23, 19, 24], [20, 7, 21, 8]]"
12a_0185_177,"[[20, 7, 21, 8], [22, 4, 23, 3], [24, 17, 1, 18], [2, 10, 3, 9], [4, 14, 5, 13], [6, 11, 7, 12], [8, 2, 9, 1], [10, 21, 11, 22], [12, 16, 13, 15], [14, 6, 15, 5], [16, 20, 17, 19], [18, 23, 19, 24]]"
12a_0185_178,"[[18, 23, 19, 24], [20, 7, 21, 8], [22, 4, 23, 3], [24, 17, 1, 18], [2, 10, 3, 9], [4, 14, 5, 13], [6, 11, 7, 12], [8, 2, 9, 1], [10, 21, 11, 22], [12, 16, 13, 15], [14, 6, 15, 5], [16, 20, 17, 19]]"
12a_0185_179,"[[16, 20, 17, 19], [18, 23, 19, 24], [20, 7, 21, 8], [22, 4, 23, 3], [24, 17, 1, 18], [2, 10, 3, 9], [4, 14, 5, 13], [6, 11, 7, 12], [8, 2, 9, 1], [10, 21, 11, 22], [12, 16, 13, 15], [14, 6, 15, 5]]"
12a_0185_180,"[[15, 7, 16, 6], [17, 21, 18, 20], [19, 24, 20, 1], [21, 8, 22, 9], [23, 5, 24, 4], [1, 18, 2, 19], [3, 11, 4, 10], [5, 15, 6, 14], [7, 12, 8, 13], [9, 3, 10, 2], [11, 22, 12, 23], [13, 17, 14, 16]]"
12a_0185_181,"[[13, 17, 14, 16], [15, 7, 16, 6], [17, 21, 18, 20], [19, 24, 20, 1], [21, 8, 22, 9], [23, 5, 24, 4], [1, 18, 2, 19], [3, 11, 4, 10], [5, 15, 6, 14], [7, 12, 8, 13], [9, 3, 10, 2], [11, 22, 12, 23]]"
12a_0185_182,"[[11, 22, 12, 23], [13, 17, 14, 16], [15, 7, 16, 6], [17, 21, 18, 20], [19, 24, 20, 1], [21, 8, 22, 9], [23, 5, 24, 4], [1, 18, 2, 19], [3, 11, 4, 10], [5, 15, 6, 14], [7, 12, 8, 13], [9, 3, 10, 2]]"
12a_0185_183,"[[9, 3, 10, 2], [11, 22, 12, 23], [13, 17, 14, 16], [15, 7, 16, 6], [17, 21, 18, 20], [19, 24, 20, 1], [21, 8, 22, 9], [23, 5, 24, 4], [1, 18, 2, 19], [3, 11, 4, 10], [5, 15, 6, 14], [7, 12, 8, 13]]"
12a_0185_184,"[[7, 12, 8, 13], [9, 3, 10, 2], [11, 22, 12, 23], [13, 17, 14, 16], [15, 7, 16, 6], [17, 21, 18, 20], [19, 24, 20, 1], [21, 8, 22, 9], [23, 5, 24, 4], [1, 18, 2, 19], [3, 11, 4, 10], [5, 15, 6, 14]]"
12a_0185_185,"[[5, 15, 6, 14], [7, 12, 8, 13], [9, 3, 10, 2], [11, 22, 12, 23], [13, 17, 14, 16], [15, 7, 16, 6], [17, 21, 18, 20], [19, 24, 20, 1], [21, 8, 22, 9], [23, 5, 24, 4], [1, 18, 2, 19], [3, 11, 4, 10]]"
