name,pd_notation
12a_0061_0,"[[24, 18, 1, 17], [2, 6, 3, 5], [4, 10, 5, 9], [6, 13, 7, 14], [8, 4, 9, 3], [10, 21, 11, 22], [12, 15, 13, 16], [14, 7, 15, 8], [16, 24, 17, 23], [18, 2, 19, 1], [20, 11, 21, 12], [22, 20, 23, 19]]"
12a_0061_1,"[[22, 20, 23, 19], [24, 18, 1, 17], [2, 6, 3, 5], [4, 10, 5, 9], [6, 13, 7, 14], [8, 4, 9, 3], [10, 21, 11, 22], [12, 15, 13, 16], [14, 7, 15, 8], [16, 24, 17, 23], [18, 2, 19, 1], [20, 11, 21, 12]]"
12a_0061_2,"[[20, 11, 21, 12], [22, 20, 23, 19], [24, 18, 1, 17], [2, 6, 3, 5], [4, 10, 5, 9], [6, 13, 7, 14], [8, 4, 9, 3], [10, 21, 11, 22], [12, 15, 13, 16], [14, 7, 15, 8], [16, 24, 17, 23], [18, 2, 19, 1]]"
12a_0061_3,"[[18, 2, 19, 1], [20, 11, 21, 12], [22, 20, 23, 19], [24, 18, 1, 17], [2, 6, 3, 5], [4, 10, 5, 9], [6, 13, 7, 14], [8, 4, 9, 3], [10, 21, 11, 22], [12, 15, 13, 16], [14, 7, 15, 8], [16, 24, 17, 23]]"
12a_0061_4,"[[16, 24, 17, 23], [18, 2, 19, 1], [20, 11, 21, 12], [22, 20, 23, 19], [24, 18, 1, 17], [2, 6, 3, 5], [4, 10, 5, 9], [6, 13, 7, 14], [8, 4, 9, 3], [10, 21, 11, 22], [12, 15, 13, 16], [14, 7, 15, 8]]"
12a_0061_5,"[[14, 7, 15, 8], [16, 24, 17, 23], [18, 2, 19, 1], [20, 11, 21, 12], [22, 20, 23, 19], [24, 18, 1, 17], [2, 6, 3, 5], [4, 10, 5, 9], [6, 13, 7, 14], [8, 4, 9, 3], [10, 21, 11, 22], [12, 15, 13, 16]]"
12a_0061_6,"[[12, 15, 13, 16], [14, 7, 15, 8], [16, 24, 17, 23], [18, 2, 19, 1], [20, 11, 21, 12], [22, 20, 23, 19], [24, 18, 1, 17], [2, 6, 3, 5], [4, 10, 5, 9], [6, 13, 7, 14], [8, 4, 9, 3], [10, 21, 11, 22]]"
12a_0061_7,"[[10, 21, 11, 22], [12, 15, 13, 16], [14, 7, 15, 8], [16, 24, 17, 23], [18, 2, 19, 1], [20, 11, 21, 12], [22, 20, 23, 19], [24, 18, 1, 17], [2, 6, 3, 5], [4, 10, 5, 9], [6, 13, 7, 14], [8, 4, 9, 3]]"
12a_0061_8,"[[8, 4, 9, 3], [10, 21, 11, 22], [12, 15, 13, 16], [14, 7, 15, 8], [16, 24, 17, 23], [18, 2, 19, 1], [20, 11, 21, 12], [22, 20, 23, 19], [24, 18, 1, 17], [2, 6, 3, 5], [4, 10, 5, 9], [6, 13, 7, 14]]"
12a_0061_9,"[[6, 13, 7, 14], [8, 4, 9, 3], [10, 21, 11, 22], [12, 15, 13, 16], [14, 7, 15, 8], [16, 24, 17, 23], [18, 2, 19, 1], [20, 11, 21, 12], [22, 20, 23, 19], [24, 18, 1, 17], [2, 6, 3, 5], [4, 10, 5, 9]]"
12a_0061_10,"[[4, 10, 5, 9], [6, 13, 7, 14], [8, 4, 9, 3], [10, 21, 11, 22], [12, 15, 13, 16], [14, 7, 15, 8], [16, 24, 17, 23], [18, 2, 19, 1], [20, 11, 21, 12], [22, 20, 23, 19], [24, 18, 1, 17], [2, 6, 3, 5]]"
12a_0061_11,"[[2, 6, 3, 5], [4, 10, 5, 9], [6, 13, 7, 14], [8, 4, 9, 3], [10, 21, 11, 22], [12, 15, 13, 16], [14, 7, 15, 8], [16, 24, 17, 23], [18, 2, 19, 1], [20, 11, 21, 12], [22, 20, 23, 19], [24, 18, 1, 17]]"
12a_0061_12,"[[1, 19, 2, 18], [3, 7, 4, 6], [5, 11, 6, 10], [7, 14, 8, 15], [9, 5, 10, 4], [11, 22, 12, 23], [13, 16, 14, 17], [15, 8, 16, 9], [17, 1, 18, 24], [19, 3, 20, 2], [21, 12, 22, 13], [23, 21, 24, 20]]"
12a_0061_13,"[[23, 21, 24, 20], [1, 19, 2, 18], [3, 7, 4, 6], [5, 11, 6, 10], [7, 14, 8, 15], [9, 5, 10, 4], [11, 22, 12, 23], [13, 16, 14, 17], [15, 8, 16, 9], [17, 1, 18, 24], [19, 3, 20, 2], [21, 12, 22, 13]]"
12a_0061_14,"[[21, 12, 22, 13], [23, 21, 24, 20], [1, 19, 2, 18], [3, 7, 4, 6], [5, 11, 6, 10], [7, 14, 8, 15], [9, 5, 10, 4], [11, 22, 12, 23], [13, 16, 14, 17], [15, 8, 16, 9], [17, 1, 18, 24], [19, 3, 20, 2]]"
12a_0061_15,"[[19, 3, 20, 2], [21, 12, 22, 13], [23, 21, 24, 20], [1, 19, 2, 18], [3, 7, 4, 6], [5, 11, 6, 10], [7, 14, 8, 15], [9, 5, 10, 4], [11, 22, 12, 23], [13, 16, 14, 17], [15, 8, 16, 9], [17, 1, 18, 24]]"
12a_0061_16,"[[17, 1, 18, 24], [19, 3, 20, 2], [21, 12, 22, 13], [23, 21, 24, 20], [1, 19, 2, 18], [3, 7, 4, 6], [5, 11, 6, 10], [7, 14, 8, 15], [9, 5, 10, 4], [11, 22, 12, 23], [13, 16, 14, 17], [15, 8, 16, 9]]"
12a_0061_17,"[[15, 8, 16, 9], [17, 1, 18, 24], [19, 3, 20, 2], [21, 12, 22, 13], [23, 21, 24, 20], [1, 19, 2, 18], [3, 7, 4, 6], [5, 11, 6, 10], [7, 14, 8, 15], [9, 5, 10, 4], [11, 22, 12, 23], [13, 16, 14, 17]]"
12a_0061_18,"[[13, 16, 14, 17], [15, 8, 16, 9], [17, 1, 18, 24], [19, 3, 20, 2], [21, 12, 22, 13], [23, 21, 24, 20], [1, 19, 2, 18], [3, 7, 4, 6], [5, 11, 6, 10], [7, 14, 8, 15], [9, 5, 10, 4], [11, 22, 12, 23]]"
12a_0061_19,"[[11, 22, 12, 23], [13, 16, 14, 17], [15, 8, 16, 9], [17, 1, 18, 24], [19, 3, 20, 2], [21, 12, 22, 13], [23, 21, 24, 20], [1, 19, 2, 18], [3, 7, 4, 6], [5, 11, 6, 10], [7, 14, 8, 15], [9, 5, 10, 4]]"
12a_0061_20,"[[9, 5, 10, 4], [11, 22, 12, 23], [13, 16, 14, 17], [15, 8, 16, 9], [17, 1, 18, 24], [19, 3, 20, 2], [21, 12, 22, 13], [23, 21, 24, 20], [1, 19, 2, 18], [3, 7, 4, 6], [5, 11, 6, 10], [7, 14, 8, 15]]"
12a_0061_21,"[[7, 14, 8, 15], [9, 5, 10, 4], [11, 22, 12, 23], [13, 16, 14, 17], [15, 8, 16, 9], [17, 1, 18, 24], [19, 3, 20, 2], [21, 12, 22, 13], [23, 21, 24, 20], [1, 19, 2, 18], [3, 7, 4, 6], [5, 11, 6, 10]]"
12a_0061_22,"[[5, 11, 6, 10], [7, 14, 8, 15], [9, 5, 10, 4], [11, 22, 12, 23], [13, 16, 14, 17], [15, 8, 16, 9], [17, 1, 18, 24], [19, 3, 20, 2], [21, 12, 22, 13], [23, 21, 24, 20], [1, 19, 2, 18], [3, 7, 4, 6]]"
12a_0061_23,"[[3, 7, 4, 6], [5, 11, 6, 10], [7, 14, 8, 15], [9, 5, 10, 4], [11, 22, 12, 23], [13, 16, 14, 17], [15, 8, 16, 9], [17, 1, 18, 24], [19, 3, 20, 2], [21, 12, 22, 13], [23, 21, 24, 20], [1, 19, 2, 18]]"
12a_0061_24,"[[2, 20, 3, 19], [4, 8, 5, 7], [6, 12, 7, 11], [8, 15, 9, 16], [10, 6, 11, 5], [12, 23, 13, 24], [14, 17, 15, 18], [16, 9, 17, 10], [18, 2, 19, 1], [20, 4, 21, 3], [22, 13, 23, 14], [24, 22, 1, 21]]"
12a_0061_25,"[[24, 22, 1, 21], [2, 20, 3, 19], [4, 8, 5, 7], [6, 12, 7, 11], [8, 15, 9, 16], [10, 6, 11, 5], [12, 23, 13, 24], [14, 17, 15, 18], [16, 9, 17, 10], [18, 2, 19, 1], [20, 4, 21, 3], [22, 13, 23, 14]]"
12a_0061_26,"[[22, 13, 23, 14], [24, 22, 1, 21], [2, 20, 3, 19], [4, 8, 5, 7], [6, 12, 7, 11], [8, 15, 9, 16], [10, 6, 11, 5], [12, 23, 13, 24], [14, 17, 15, 18], [16, 9, 17, 10], [18, 2, 19, 1], [20, 4, 21, 3]]"
12a_0061_27,"[[20, 4, 21, 3], [22, 13, 23, 14], [24, 22, 1, 21], [2, 20, 3, 19], [4, 8, 5, 7], [6, 12, 7, 11], [8, 15, 9, 16], [10, 6, 11, 5], [12, 23, 13, 24], [14, 17, 15, 18], [16, 9, 17, 10], [18, 2, 19, 1]]"
12a_0061_28,"[[18, 2, 19, 1], [20, 4, 21, 3], [22, 13, 23, 14], [24, 22, 1, 21], [2, 20, 3, 19], [4, 8, 5, 7], [6, 12, 7, 11], [8, 15, 9, 16], [10, 6, 11, 5], [12, 23, 13, 24], [14, 17, 15, 18], [16, 9, 17, 10]]"
12a_0061_29,"[[16, 9, 17, 10], [18, 2, 19, 1], [20, 4, 21, 3], [22, 13, 23, 14], [24, 22, 1, 21], [2, 20, 3, 19], [4, 8, 5, 7], [6, 12, 7, 11], [8, 15, 9, 16], [10, 6, 11, 5], [12, 23, 13, 24], [14, 17, 15, 18]]"
12a_0061_30,"[[14, 17, 15, 18], [16, 9, 17, 10], [18, 2, 19, 1], [20, 4, 21, 3], [22, 13, 23, 14], [24, 22, 1, 21], [2, 20, 3, 19], [4, 8, 5, 7], [6, 12, 7, 11], [8, 15, 9, 16], [10, 6, 11, 5], [12, 23, 13, 24]]"
12a_0061_31,"[[12, 23, 13, 24], [14, 17, 15, 18], [16, 9, 17, 10], [18, 2, 19, 1], [20, 4, 21, 3], [22, 13, 23, 14], [24, 22, 1, 21], [2, 20, 3, 19], [4, 8, 5, 7], [6, 12, 7, 11], [8, 15, 9, 16], [10, 6, 11, 5]]"
12a_0061_32,"[[10, 6, 11, 5], [12, 23, 13, 24], [14, 17, 15, 18], [16, 9, 17, 10], [18, 2, 19, 1], [20, 4, 21, 3], [22, 13, 23, 14], [24, 22, 1, 21], [2, 20, 3, 19], [4, 8, 5, 7], [6, 12, 7, 11], [8, 15, 9, 16]]"
12a_0061_33,"[[8, 15, 9, 16], [10, 6, 11, 5], [12, 23, 13, 24], [14, 17, 15, 18], [16, 9, 17, 10], [18, 2, 19, 1], [20, 4, 21, 3], [22, 13, 23, 14], [24, 22, 1, 21], [2, 20, 3, 19], [4, 8, 5, 7], [6, 12, 7, 11]]"
12a_0061_34,"[[6, 12, 7, 11], [8, 15, 9, 16], [10, 6, 11, 5], [12, 23, 13, 24], [14, 17, 15, 18], [16, 9, 17, 10], [18, 2, 19, 1], [20, 4, 21, 3], [22, 13, 23, 14], [24, 22, 1, 21], [2, 20, 3, 19], [4, 8, 5, 7]]"
12a_0061_35,"[[4, 8, 5, 7], [6, 12, 7, 11], [8, 15, 9, 16], [10, 6, 11, 5], [12, 23, 13, 24], [14, 17, 15, 18], [16, 9, 17, 10], [18, 2, 19, 1], [20, 4, 21, 3], [22, 13, 23, 14], [24, 22, 1, 21], [2, 20, 3, 19]]"
12a_0061_36,"[[3, 21, 4, 20], [5, 9, 6, 8], [7, 13, 8, 12], [9, 16, 10, 17], [11, 7, 12, 6], [13, 24, 14, 1], [15, 18, 16, 19], [17, 10, 18, 11], [19, 3, 20, 2], [21, 5, 22, 4], [23, 14, 24, 15], [1, 23, 2, 22]]"
12a_0061_37,"[[1, 23, 2, 22], [3, 21, 4, 20], [5, 9, 6, 8], [7, 13, 8, 12], [9, 16, 10, 17], [11, 7, 12, 6], [13, 24, 14, 1], [15, 18, 16, 19], [17, 10, 18, 11], [19, 3, 20, 2], [21, 5, 22, 4], [23, 14, 24, 15]]"
12a_0061_38,"[[23, 14, 24, 15], [1, 23, 2, 22], [3, 21, 4, 20], [5, 9, 6, 8], [7, 13, 8, 12], [9, 16, 10, 17], [11, 7, 12, 6], [13, 24, 14, 1], [15, 18, 16, 19], [17, 10, 18, 11], [19, 3, 20, 2], [21, 5, 22, 4]]"
12a_0061_39,"[[21, 5, 22, 4], [23, 14, 24, 15], [1, 23, 2, 22], [3, 21, 4, 20], [5, 9, 6, 8], [7, 13, 8, 12], [9, 16, 10, 17], [11, 7, 12, 6], [13, 24, 14, 1], [15, 18, 16, 19], [17, 10, 18, 11], [19, 3, 20, 2]]"
12a_0061_40,"[[19, 3, 20, 2], [21, 5, 22, 4], [23, 14, 24, 15], [1, 23, 2, 22], [3, 21, 4, 20], [5, 9, 6, 8], [7, 13, 8, 12], [9, 16, 10, 17], [11, 7, 12, 6], [13, 24, 14, 1], [15, 18, 16, 19], [17, 10, 18, 11]]"
12a_0061_41,"[[17, 10, 18, 11], [19, 3, 20, 2], [21, 5, 22, 4], [23, 14, 24, 15], [1, 23, 2, 22], [3, 21, 4, 20], [5, 9, 6, 8], [7, 13, 8, 12], [9, 16, 10, 17], [11, 7, 12, 6], [13, 24, 14, 1], [15, 18, 16, 19]]"
12a_0061_42,"[[15, 18, 16, 19], [17, 10, 18, 11], [19, 3, 20, 2], [21, 5, 22, 4], [23, 14, 24, 15], [1, 23, 2, 22], [3, 21, 4, 20], [5, 9, 6, 8], [7, 13, 8, 12], [9, 16, 10, 17], [11, 7, 12, 6], [13, 24, 14, 1]]"
12a_0061_43,"[[13, 24, 14, 1], [15, 18, 16, 19], [17, 10, 18, 11], [19, 3, 20, 2], [21, 5, 22, 4], [23, 14, 24, 15], [1, 23, 2, 22], [3, 21, 4, 20], [5, 9, 6, 8], [7, 13, 8, 12], [9, 16, 10, 17], [11, 7, 12, 6]]"
12a_0061_44,"[[11, 7, 12, 6], [13, 24, 14, 1], [15, 18, 16, 19], [17, 10, 18, 11], [19, 3, 20, 2], [21, 5, 22, 4], [23, 14, 24, 15], [1, 23, 2, 22], [3, 21, 4, 20], [5, 9, 6, 8], [7, 13, 8, 12], [9, 16, 10, 17]]"
12a_0061_45,"[[9, 16, 10, 17], [11, 7, 12, 6], [13, 24, 14, 1], [15, 18, 16, 19], [17, 10, 18, 11], [19, 3, 20, 2], [21, 5, 22, 4], [23, 14, 24, 15], [1, 23, 2, 22], [3, 21, 4, 20], [5, 9, 6, 8], [7, 13, 8, 12]]"
12a_0061_46,"[[7, 13, 8, 12], [9, 16, 10, 17], [11, 7, 12, 6], [13, 24, 14, 1], [15, 18, 16, 19], [17, 10, 18, 11], [19, 3, 20, 2], [21, 5, 22, 4], [23, 14, 24, 15], [1, 23, 2, 22], [3, 21, 4, 20], [5, 9, 6, 8]]"
12a_0061_47,"[[5, 9, 6, 8], [7, 13, 8, 12], [9, 16, 10, 17], [11, 7, 12, 6], [13, 24, 14, 1], [15, 18, 16, 19], [17, 10, 18, 11], [19, 3, 20, 2], [21, 5, 22, 4], [23, 14, 24, 15], [1, 23, 2, 22], [3, 21, 4, 20]]"
12a_0061_48,"[[4, 22, 5, 21], [6, 10, 7, 9], [8, 14, 9, 13], [10, 17, 11, 18], [12, 8, 13, 7], [14, 1, 15, 2], [16, 19, 17, 20], [18, 11, 19, 12], [20, 4, 21, 3], [22, 6, 23, 5], [24, 15, 1, 16], [2, 24, 3, 23]]"
12a_0061_49,"[[2, 24, 3, 23], [4, 22, 5, 21], [6, 10, 7, 9], [8, 14, 9, 13], [10, 17, 11, 18], [12, 8, 13, 7], [14, 1, 15, 2], [16, 19, 17, 20], [18, 11, 19, 12], [20, 4, 21, 3], [22, 6, 23, 5], [24, 15, 1, 16]]"
12a_0061_50,"[[24, 15, 1, 16], [2, 24, 3, 23], [4, 22, 5, 21], [6, 10, 7, 9], [8, 14, 9, 13], [10, 17, 11, 18], [12, 8, 13, 7], [14, 1, 15, 2], [16, 19, 17, 20], [18, 11, 19, 12], [20, 4, 21, 3], [22, 6, 23, 5]]"
12a_0061_51,"[[22, 6, 23, 5], [24, 15, 1, 16], [2, 24, 3, 23], [4, 22, 5, 21], [6, 10, 7, 9], [8, 14, 9, 13], [10, 17, 11, 18], [12, 8, 13, 7], [14, 1, 15, 2], [16, 19, 17, 20], [18, 11, 19, 12], [20, 4, 21, 3]]"
12a_0061_52,"[[20, 4, 21, 3], [22, 6, 23, 5], [24, 15, 1, 16], [2, 24, 3, 23], [4, 22, 5, 21], [6, 10, 7, 9], [8, 14, 9, 13], [10, 17, 11, 18], [12, 8, 13, 7], [14, 1, 15, 2], [16, 19, 17, 20], [18, 11, 19, 12]]"
12a_0061_53,"[[18, 11, 19, 12], [20, 4, 21, 3], [22, 6, 23, 5], [24, 15, 1, 16], [2, 24, 3, 23], [4, 22, 5, 21], [6, 10, 7, 9], [8, 14, 9, 13], [10, 17, 11, 18], [12, 8, 13, 7], [14, 1, 15, 2], [16, 19, 17, 20]]"
12a_0061_54,"[[16, 19, 17, 20], [18, 11, 19, 12], [20, 4, 21, 3], [22, 6, 23, 5], [24, 15, 1, 16], [2, 24, 3, 23], [4, 22, 5, 21], [6, 10, 7, 9], [8, 14, 9, 13], [10, 17, 11, 18], [12, 8, 13, 7], [14, 1, 15, 2]]"
12a_0061_55,"[[14, 1, 15, 2], [16, 19, 17, 20], [18, 11, 19, 12], [20, 4, 21, 3], [22, 6, 23, 5], [24, 15, 1, 16], [2, 24, 3, 23], [4, 22, 5, 21], [6, 10, 7, 9], [8, 14, 9, 13], [10, 17, 11, 18], [12, 8, 13, 7]]"
12a_0061_56,"[[12, 8, 13, 7], [14, 1, 15, 2], [16, 19, 17, 20], [18, 11, 19, 12], [20, 4, 21, 3], [22, 6, 23, 5], [24, 15, 1, 16], [2, 24, 3, 23], [4, 22, 5, 21], [6, 10, 7, 9], [8, 14, 9, 13], [10, 17, 11, 18]]"
12a_0061_57,"[[10, 17, 11, 18], [12, 8, 13, 7], [14, 1, 15, 2], [16, 19, 17, 20], [18, 11, 19, 12], [20, 4, 21, 3], [22, 6, 23, 5], [24, 15, 1, 16], [2, 24, 3, 23], [4, 22, 5, 21], [6, 10, 7, 9], [8, 14, 9, 13]]"
12a_0061_58,"[[8, 14, 9, 13], [10, 17, 11, 18], [12, 8, 13, 7], [14, 1, 15, 2], [16, 19, 17, 20], [18, 11, 19, 12], [20, 4, 21, 3], [22, 6, 23, 5], [24, 15, 1, 16], [2, 24, 3, 23], [4, 22, 5, 21], [6, 10, 7, 9]]"
12a_0061_59,"[[6, 10, 7, 9], [8, 14, 9, 13], [10, 17, 11, 18], [12, 8, 13, 7], [14, 1, 15, 2], [16, 19, 17, 20], [18, 11, 19, 12], [20, 4, 21, 3], [22, 6, 23, 5], [24, 15, 1, 16], [2, 24, 3, 23], [4, 22, 5, 21]]"
12a_0061_60,"[[5, 23, 6, 22], [7, 11, 8, 10], [9, 15, 10, 14], [11, 18, 12, 19], [13, 9, 14, 8], [15, 2, 16, 3], [17, 20, 18, 21], [19, 12, 20, 13], [21, 5, 22, 4], [23, 7, 24, 6], [1, 16, 2, 17], [3, 1, 4, 24]]"
12a_0061_61,"[[3, 1, 4, 24], [5, 23, 6, 22], [7, 11, 8, 10], [9, 15, 10, 14], [11, 18, 12, 19], [13, 9, 14, 8], [15, 2, 16, 3], [17, 20, 18, 21], [19, 12, 20, 13], [21, 5, 22, 4], [23, 7, 24, 6], [1, 16, 2, 17]]"
12a_0061_62,"[[1, 16, 2, 17], [3, 1, 4, 24], [5, 23, 6, 22], [7, 11, 8, 10], [9, 15, 10, 14], [11, 18, 12, 19], [13, 9, 14, 8], [15, 2, 16, 3], [17, 20, 18, 21], [19, 12, 20, 13], [21, 5, 22, 4], [23, 7, 24, 6]]"
12a_0061_63,"[[23, 7, 24, 6], [1, 16, 2, 17], [3, 1, 4, 24], [5, 23, 6, 22], [7, 11, 8, 10], [9, 15, 10, 14], [11, 18, 12, 19], [13, 9, 14, 8], [15, 2, 16, 3], [17, 20, 18, 21], [19, 12, 20, 13], [21, 5, 22, 4]]"
12a_0061_64,"[[21, 5, 22, 4], [23, 7, 24, 6], [1, 16, 2, 17], [3, 1, 4, 24], [5, 23, 6, 22], [7, 11, 8, 10], [9, 15, 10, 14], [11, 18, 12, 19], [13, 9, 14, 8], [15, 2, 16, 3], [17, 20, 18, 21], [19, 12, 20, 13]]"
12a_0061_65,"[[19, 12, 20, 13], [21, 5, 22, 4], [23, 7, 24, 6], [1, 16, 2, 17], [3, 1, 4, 24], [5, 23, 6, 22], [7, 11, 8, 10], [9, 15, 10, 14], [11, 18, 12, 19], [13, 9, 14, 8], [15, 2, 16, 3], [17, 20, 18, 21]]"
12a_0061_66,"[[17, 20, 18, 21], [19, 12, 20, 13], [21, 5, 22, 4], [23, 7, 24, 6], [1, 16, 2, 17], [3, 1, 4, 24], [5, 23, 6, 22], [7, 11, 8, 10], [9, 15, 10, 14], [11, 18, 12, 19], [13, 9, 14, 8], [15, 2, 16, 3]]"
12a_0061_67,"[[15, 2, 16, 3], [17, 20, 18, 21], [19, 12, 20, 13], [21, 5, 22, 4], [23, 7, 24, 6], [1, 16, 2, 17], [3, 1, 4, 24], [5, 23, 6, 22], [7, 11, 8, 10], [9, 15, 10, 14], [11, 18, 12, 19], [13, 9, 14, 8]]"
12a_0061_68,"[[13, 9, 14, 8], [15, 2, 16, 3], [17, 20, 18, 21], [19, 12, 20, 13], [21, 5, 22, 4], [23, 7, 24, 6], [1, 16, 2, 17], [3, 1, 4, 24], [5, 23, 6, 22], [7, 11, 8, 10], [9, 15, 10, 14], [11, 18, 12, 19]]"
12a_0061_69,"[[11, 18, 12, 19], [13, 9, 14, 8], [15, 2, 16, 3], [17, 20, 18, 21], [19, 12, 20, 13], [21, 5, 22, 4], [23, 7, 24, 6], [1, 16, 2, 17], [3, 1, 4, 24], [5, 23, 6, 22], [7, 11, 8, 10], [9, 15, 10, 14]]"
12a_0061_70,"[[9, 15, 10, 14], [11, 18, 12, 19], [13, 9, 14, 8], [15, 2, 16, 3], [17, 20, 18, 21], [19, 12, 20, 13], [21, 5, 22, 4], [23, 7, 24, 6], [1, 16, 2, 17], [3, 1, 4, 24], [5, 23, 6, 22], [7, 11, 8, 10]]"
12a_0061_71,"[[7, 11, 8, 10], [9, 15, 10, 14], [11, 18, 12, 19], [13, 9, 14, 8], [15, 2, 16, 3], [17, 20, 18, 21], [19, 12, 20, 13], [21, 5, 22, 4], [23, 7, 24, 6], [1, 16, 2, 17], [3, 1, 4, 24], [5, 23, 6, 22]]"
12a_0061_72,"[[6, 24, 7, 23], [8, 12, 9, 11], [10, 16, 11, 15], [12, 19, 13, 20], [14, 10, 15, 9], [16, 3, 17, 4], [18, 21, 19, 22], [20, 13, 21, 14], [22, 6, 23, 5], [24, 8, 1, 7], [2, 17, 3, 18], [4, 2, 5, 1]]"
12a_0061_73,"[[4, 2, 5, 1], [6, 24, 7, 23], [8, 12, 9, 11], [10, 16, 11, 15], [12, 19, 13, 20], [14, 10, 15, 9], [16, 3, 17, 4], [18, 21, 19, 22], [20, 13, 21, 14], [22, 6, 23, 5], [24, 8, 1, 7], [2, 17, 3, 18]]"
12a_0061_74,"[[2, 17, 3, 18], [4, 2, 5, 1], [6, 24, 7, 23], [8, 12, 9, 11], [10, 16, 11, 15], [12, 19, 13, 20], [14, 10, 15, 9], [16, 3, 17, 4], [18, 21, 19, 22], [20, 13, 21, 14], [22, 6, 23, 5], [24, 8, 1, 7]]"
12a_0061_75,"[[24, 8, 1, 7], [2, 17, 3, 18], [4, 2, 5, 1], [6, 24, 7, 23], [8, 12, 9, 11], [10, 16, 11, 15], [12, 19, 13, 20], [14, 10, 15, 9], [16, 3, 17, 4], [18, 21, 19, 22], [20, 13, 21, 14], [22, 6, 23, 5]]"
12a_0061_76,"[[22, 6, 23, 5], [24, 8, 1, 7], [2, 17, 3, 18], [4, 2, 5, 1], [6, 24, 7, 23], [8, 12, 9, 11], [10, 16, 11, 15], [12, 19, 13, 20], [14, 10, 15, 9], [16, 3, 17, 4], [18, 21, 19, 22], [20, 13, 21, 14]]"
12a_0061_77,"[[20, 13, 21, 14], [22, 6, 23, 5], [24, 8, 1, 7], [2, 17, 3, 18], [4, 2, 5, 1], [6, 24, 7, 23], [8, 12, 9, 11], [10, 16, 11, 15], [12, 19, 13, 20], [14, 10, 15, 9], [16, 3, 17, 4], [18, 21, 19, 22]]"
12a_0061_78,"[[18, 21, 19, 22], [20, 13, 21, 14], [22, 6, 23, 5], [24, 8, 1, 7], [2, 17, 3, 18], [4, 2, 5, 1], [6, 24, 7, 23], [8, 12, 9, 11], [10, 16, 11, 15], [12, 19, 13, 20], [14, 10, 15, 9], [16, 3, 17, 4]]"
12a_0061_79,"[[16, 3, 17, 4], [18, 21, 19, 22], [20, 13, 21, 14], [22, 6, 23, 5], [24, 8, 1, 7], [2, 17, 3, 18], [4, 2, 5, 1], [6, 24, 7, 23], [8, 12, 9, 11], [10, 16, 11, 15], [12, 19, 13, 20], [14, 10, 15, 9]]"
12a_0061_80,"[[14, 10, 15, 9], [16, 3, 17, 4], [18, 21, 19, 22], [20, 13, 21, 14], [22, 6, 23, 5], [24, 8, 1, 7], [2, 17, 3, 18], [4, 2, 5, 1], [6, 24, 7, 23], [8, 12, 9, 11], [10, 16, 11, 15], [12, 19, 13, 20]]"
12a_0061_81,"[[12, 19, 13, 20], [14, 10, 15, 9], [16, 3, 17, 4], [18, 21, 19, 22], [20, 13, 21, 14], [22, 6, 23, 5], [24, 8, 1, 7], [2, 17, 3, 18], [4, 2, 5, 1], [6, 24, 7, 23], [8, 12, 9, 11], [10, 16, 11, 15]]"
12a_0061_82,"[[10, 16, 11, 15], [12, 19, 13, 20], [14, 10, 15, 9], [16, 3, 17, 4], [18, 21, 19, 22], [20, 13, 21, 14], [22, 6, 23, 5], [24, 8, 1, 7], [2, 17, 3, 18], [4, 2, 5, 1], [6, 24, 7, 23], [8, 12, 9, 11]]"
12a_0061_83,"[[8, 12, 9, 11], [10, 16, 11, 15], [12, 19, 13, 20], [14, 10, 15, 9], [16, 3, 17, 4], [18, 21, 19, 22], [20, 13, 21, 14], [22, 6, 23, 5], [24, 8, 1, 7], [2, 17, 3, 18], [4, 2, 5, 1], [6, 24, 7, 23]]"
12a_0061_84,"[[7, 1, 8, 24], [9, 13, 10, 12], [11, 17, 12, 16], [13, 20, 14, 21], [15, 11, 16, 10], [17, 4, 18, 5], [19, 22, 20, 23], [21, 14, 22, 15], [23, 7, 24, 6], [1, 9, 2, 8], [3, 18, 4, 19], [5, 3, 6, 2]]"
12a_0061_85,"[[5, 3, 6, 2], [7, 1, 8, 24], [9, 13, 10, 12], [11, 17, 12, 16], [13, 20, 14, 21], [15, 11, 16, 10], [17, 4, 18, 5], [19, 22, 20, 23], [21, 14, 22, 15], [23, 7, 24, 6], [1, 9, 2, 8], [3, 18, 4, 19]]"
12a_0061_86,"[[3, 18, 4, 19], [5, 3, 6, 2], [7, 1, 8, 24], [9, 13, 10, 12], [11, 17, 12, 16], [13, 20, 14, 21], [15, 11, 16, 10], [17, 4, 18, 5], [19, 22, 20, 23], [21, 14, 22, 15], [23, 7, 24, 6], [1, 9, 2, 8]]"
12a_0061_87,"[[1, 9, 2, 8], [3, 18, 4, 19], [5, 3, 6, 2], [7, 1, 8, 24], [9, 13, 10, 12], [11, 17, 12, 16], [13, 20, 14, 21], [15, 11, 16, 10], [17, 4, 18, 5], [19, 22, 20, 23], [21, 14, 22, 15], [23, 7, 24, 6]]"
12a_0061_88,"[[23, 7, 24, 6], [1, 9, 2, 8], [3, 18, 4, 19], [5, 3, 6, 2], [7, 1, 8, 24], [9, 13, 10, 12], [11, 17, 12, 16], [13, 20, 14, 21], [15, 11, 16, 10], [17, 4, 18, 5], [19, 22, 20, 23], [21, 14, 22, 15]]"
12a_0061_89,"[[21, 14, 22, 15], [23, 7, 24, 6], [1, 9, 2, 8], [3, 18, 4, 19], [5, 3, 6, 2], [7, 1, 8, 24], [9, 13, 10, 12], [11, 17, 12, 16], [13, 20, 14, 21], [15, 11, 16, 10], [17, 4, 18, 5], [19, 22, 20, 23]]"
12a_0061_90,"[[19, 22, 20, 23], [21, 14, 22, 15], [23, 7, 24, 6], [1, 9, 2, 8], [3, 18, 4, 19], [5, 3, 6, 2], [7, 1, 8, 24], [9, 13, 10, 12], [11, 17, 12, 16], [13, 20, 14, 21], [15, 11, 16, 10], [17, 4, 18, 5]]"
12a_0061_91,"[[17, 4, 18, 5], [19, 22, 20, 23], [21, 14, 22, 15], [23, 7, 24, 6], [1, 9, 2, 8], [3, 18, 4, 19], [5, 3, 6, 2], [7, 1, 8, 24], [9, 13, 10, 12], [11, 17, 12, 16], [13, 20, 14, 21], [15, 11, 16, 10]]"
12a_0061_92,"[[15, 11, 16, 10], [17, 4, 18, 5], [19, 22, 20, 23], [21, 14, 22, 15], [23, 7, 24, 6], [1, 9, 2, 8], [3, 18, 4, 19], [5, 3, 6, 2], [7, 1, 8, 24], [9, 13, 10, 12], [11, 17, 12, 16], [13, 20, 14, 21]]"
12a_0061_93,"[[13, 20, 14, 21], [15, 11, 16, 10], [17, 4, 18, 5], [19, 22, 20, 23], [21, 14, 22, 15], [23, 7, 24, 6], [1, 9, 2, 8], [3, 18, 4, 19], [5, 3, 6, 2], [7, 1, 8, 24], [9, 13, 10, 12], [11, 17, 12, 16]]"
12a_0061_94,"[[11, 17, 12, 16], [13, 20, 14, 21], [15, 11, 16, 10], [17, 4, 18, 5], [19, 22, 20, 23], [21, 14, 22, 15], [23, 7, 24, 6], [1, 9, 2, 8], [3, 18, 4, 19], [5, 3, 6, 2], [7, 1, 8, 24], [9, 13, 10, 12]]"
12a_0061_95,"[[9, 13, 10, 12], [11, 17, 12, 16], [13, 20, 14, 21], [15, 11, 16, 10], [17, 4, 18, 5], [19, 22, 20, 23], [21, 14, 22, 15], [23, 7, 24, 6], [1, 9, 2, 8], [3, 18, 4, 19], [5, 3, 6, 2], [7, 1, 8, 24]]"
12a_0061_96,"[[8, 2, 9, 1], [10, 14, 11, 13], [12, 18, 13, 17], [14, 21, 15, 22], [16, 12, 17, 11], [18, 5, 19, 6], [20, 23, 21, 24], [22, 15, 23, 16], [24, 8, 1, 7], [2, 10, 3, 9], [4, 19, 5, 20], [6, 4, 7, 3]]"
12a_0061_97,"[[6, 4, 7, 3], [8, 2, 9, 1], [10, 14, 11, 13], [12, 18, 13, 17], [14, 21, 15, 22], [16, 12, 17, 11], [18, 5, 19, 6], [20, 23, 21, 24], [22, 15, 23, 16], [24, 8, 1, 7], [2, 10, 3, 9], [4, 19, 5, 20]]"
12a_0061_98,"[[4, 19, 5, 20], [6, 4, 7, 3], [8, 2, 9, 1], [10, 14, 11, 13], [12, 18, 13, 17], [14, 21, 15, 22], [16, 12, 17, 11], [18, 5, 19, 6], [20, 23, 21, 24], [22, 15, 23, 16], [24, 8, 1, 7], [2, 10, 3, 9]]"
12a_0061_99,"[[2, 10, 3, 9], [4, 19, 5, 20], [6, 4, 7, 3], [8, 2, 9, 1], [10, 14, 11, 13], [12, 18, 13, 17], [14, 21, 15, 22], [16, 12, 17, 11], [18, 5, 19, 6], [20, 23, 21, 24], [22, 15, 23, 16], [24, 8, 1, 7]]"
12a_0061_100,"[[24, 8, 1, 7], [2, 10, 3, 9], [4, 19, 5, 20], [6, 4, 7, 3], [8, 2, 9, 1], [10, 14, 11, 13], [12, 18, 13, 17], [14, 21, 15, 22], [16, 12, 17, 11], [18, 5, 19, 6], [20, 23, 21, 24], [22, 15, 23, 16]]"
12a_0061_101,"[[22, 15, 23, 16], [24, 8, 1, 7], [2, 10, 3, 9], [4, 19, 5, 20], [6, 4, 7, 3], [8, 2, 9, 1], [10, 14, 11, 13], [12, 18, 13, 17], [14, 21, 15, 22], [16, 12, 17, 11], [18, 5, 19, 6], [20, 23, 21, 24]]"
12a_0061_102,"[[20, 23, 21, 24], [22, 15, 23, 16], [24, 8, 1, 7], [2, 10, 3, 9], [4, 19, 5, 20], [6, 4, 7, 3], [8, 2, 9, 1], [10, 14, 11, 13], [12, 18, 13, 17], [14, 21, 15, 22], [16, 12, 17, 11], [18, 5, 19, 6]]"
12a_0061_103,"[[18, 5, 19, 6], [20, 23, 21, 24], [22, 15, 23, 16], [24, 8, 1, 7], [2, 10, 3, 9], [4, 19, 5, 20], [6, 4, 7, 3], [8, 2, 9, 1], [10, 14, 11, 13], [12, 18, 13, 17], [14, 21, 15, 22], [16, 12, 17, 11]]"
12a_0061_104,"[[16, 12, 17, 11], [18, 5, 19, 6], [20, 23, 21, 24], [22, 15, 23, 16], [24, 8, 1, 7], [2, 10, 3, 9], [4, 19, 5, 20], [6, 4, 7, 3], [8, 2, 9, 1], [10, 14, 11, 13], [12, 18, 13, 17], [14, 21, 15, 22]]"
12a_0061_105,"[[14, 21, 15, 22], [16, 12, 17, 11], [18, 5, 19, 6], [20, 23, 21, 24], [22, 15, 23, 16], [24, 8, 1, 7], [2, 10, 3, 9], [4, 19, 5, 20], [6, 4, 7, 3], [8, 2, 9, 1], [10, 14, 11, 13], [12, 18, 13, 17]]"
12a_0061_106,"[[12, 18, 13, 17], [14, 21, 15, 22], [16, 12, 17, 11], [18, 5, 19, 6], [20, 23, 21, 24], [22, 15, 23, 16], [24, 8, 1, 7], [2, 10, 3, 9], [4, 19, 5, 20], [6, 4, 7, 3], [8, 2, 9, 1], [10, 14, 11, 13]]"
12a_0061_107,"[[10, 14, 11, 13], [12, 18, 13, 17], [14, 21, 15, 22], [16, 12, 17, 11], [18, 5, 19, 6], [20, 23, 21, 24], [22, 15, 23, 16], [24, 8, 1, 7], [2, 10, 3, 9], [4, 19, 5, 20], [6, 4, 7, 3], [8, 2, 9, 1]]"
12a_0061_108,"[[9, 3, 10, 2], [11, 15, 12, 14], [13, 19, 14, 18], [15, 22, 16, 23], [17, 13, 18, 12], [19, 6, 20, 7], [21, 24, 22, 1], [23, 16, 24, 17], [1, 9, 2, 8], [3, 11, 4, 10], [5, 20, 6, 21], [7, 5, 8, 4]]"
12a_0061_109,"[[7, 5, 8, 4], [9, 3, 10, 2], [11, 15, 12, 14], [13, 19, 14, 18], [15, 22, 16, 23], [17, 13, 18, 12], [19, 6, 20, 7], [21, 24, 22, 1], [23, 16, 24, 17], [1, 9, 2, 8], [3, 11, 4, 10], [5, 20, 6, 21]]"
12a_0061_110,"[[5, 20, 6, 21], [7, 5, 8, 4], [9, 3, 10, 2], [11, 15, 12, 14], [13, 19, 14, 18], [15, 22, 16, 23], [17, 13, 18, 12], [19, 6, 20, 7], [21, 24, 22, 1], [23, 16, 24, 17], [1, 9, 2, 8], [3, 11, 4, 10]]"
12a_0061_111,"[[3, 11, 4, 10], [5, 20, 6, 21], [7, 5, 8, 4], [9, 3, 10, 2], [11, 15, 12, 14], [13, 19, 14, 18], [15, 22, 16, 23], [17, 13, 18, 12], [19, 6, 20, 7], [21, 24, 22, 1], [23, 16, 24, 17], [1, 9, 2, 8]]"
12a_0061_112,"[[1, 9, 2, 8], [3, 11, 4, 10], [5, 20, 6, 21], [7, 5, 8, 4], [9, 3, 10, 2], [11, 15, 12, 14], [13, 19, 14, 18], [15, 22, 16, 23], [17, 13, 18, 12], [19, 6, 20, 7], [21, 24, 22, 1], [23, 16, 24, 17]]"
12a_0061_113,"[[23, 16, 24, 17], [1, 9, 2, 8], [3, 11, 4, 10], [5, 20, 6, 21], [7, 5, 8, 4], [9, 3, 10, 2], [11, 15, 12, 14], [13, 19, 14, 18], [15, 22, 16, 23], [17, 13, 18, 12], [19, 6, 20, 7], [21, 24, 22, 1]]"
12a_0061_114,"[[21, 24, 22, 1], [23, 16, 24, 17], [1, 9, 2, 8], [3, 11, 4, 10], [5, 20, 6, 21], [7, 5, 8, 4], [9, 3, 10, 2], [11, 15, 12, 14], [13, 19, 14, 18], [15, 22, 16, 23], [17, 13, 18, 12], [19, 6, 20, 7]]"
12a_0061_115,"[[19, 6, 20, 7], [21, 24, 22, 1], [23, 16, 24, 17], [1, 9, 2, 8], [3, 11, 4, 10], [5, 20, 6, 21], [7, 5, 8, 4], [9, 3, 10, 2], [11, 15, 12, 14], [13, 19, 14, 18], [15, 22, 16, 23], [17, 13, 18, 12]]"
12a_0061_116,"[[17, 13, 18, 12], [19, 6, 20, 7], [21, 24, 22, 1], [23, 16, 24, 17], [1, 9, 2, 8], [3, 11, 4, 10], [5, 20, 6, 21], [7, 5, 8, 4], [9, 3, 10, 2], [11, 15, 12, 14], [13, 19, 14, 18], [15, 22, 16, 23]]"
12a_0061_117,"[[15, 22, 16, 23], [17, 13, 18, 12], [19, 6, 20, 7], [21, 24, 22, 1], [23, 16, 24, 17], [1, 9, 2, 8], [3, 11, 4, 10], [5, 20, 6, 21], [7, 5, 8, 4], [9, 3, 10, 2], [11, 15, 12, 14], [13, 19, 14, 18]]"
12a_0061_118,"[[13, 19, 14, 18], [15, 22, 16, 23], [17, 13, 18, 12], [19, 6, 20, 7], [21, 24, 22, 1], [23, 16, 24, 17], [1, 9, 2, 8], [3, 11, 4, 10], [5, 20, 6, 21], [7, 5, 8, 4], [9, 3, 10, 2], [11, 15, 12, 14]]"
12a_0061_119,"[[11, 15, 12, 14], [13, 19, 14, 18], [15, 22, 16, 23], [17, 13, 18, 12], [19, 6, 20, 7], [21, 24, 22, 1], [23, 16, 24, 17], [1, 9, 2, 8], [3, 11, 4, 10], [5, 20, 6, 21], [7, 5, 8, 4], [9, 3, 10, 2]]"
12a_0061_120,"[[10, 4, 11, 3], [12, 16, 13, 15], [14, 20, 15, 19], [16, 23, 17, 24], [18, 14, 19, 13], [20, 7, 21, 8], [22, 1, 23, 2], [24, 17, 1, 18], [2, 10, 3, 9], [4, 12, 5, 11], [6, 21, 7, 22], [8, 6, 9, 5]]"
12a_0061_121,"[[8, 6, 9, 5], [10, 4, 11, 3], [12, 16, 13, 15], [14, 20, 15, 19], [16, 23, 17, 24], [18, 14, 19, 13], [20, 7, 21, 8], [22, 1, 23, 2], [24, 17, 1, 18], [2, 10, 3, 9], [4, 12, 5, 11], [6, 21, 7, 22]]"
12a_0061_122,"[[6, 21, 7, 22], [8, 6, 9, 5], [10, 4, 11, 3], [12, 16, 13, 15], [14, 20, 15, 19], [16, 23, 17, 24], [18, 14, 19, 13], [20, 7, 21, 8], [22, 1, 23, 2], [24, 17, 1, 18], [2, 10, 3, 9], [4, 12, 5, 11]]"
12a_0061_123,"[[4, 12, 5, 11], [6, 21, 7, 22], [8, 6, 9, 5], [10, 4, 11, 3], [12, 16, 13, 15], [14, 20, 15, 19], [16, 23, 17, 24], [18, 14, 19, 13], [20, 7, 21, 8], [22, 1, 23, 2], [24, 17, 1, 18], [2, 10, 3, 9]]"
12a_0061_124,"[[2, 10, 3, 9], [4, 12, 5, 11], [6, 21, 7, 22], [8, 6, 9, 5], [10, 4, 11, 3], [12, 16, 13, 15], [14, 20, 15, 19], [16, 23, 17, 24], [18, 14, 19, 13], [20, 7, 21, 8], [22, 1, 23, 2], [24, 17, 1, 18]]"
12a_0061_125,"[[24, 17, 1, 18], [2, 10, 3, 9], [4, 12, 5, 11], [6, 21, 7, 22], [8, 6, 9, 5], [10, 4, 11, 3], [12, 16, 13, 15], [14, 20, 15, 19], [16, 23, 17, 24], [18, 14, 19, 13], [20, 7, 21, 8], [22, 1, 23, 2]]"
12a_0061_126,"[[22, 1, 23, 2], [24, 17, 1, 18], [2, 10, 3, 9], [4, 12, 5, 11], [6, 21, 7, 22], [8, 6, 9, 5], [10, 4, 11, 3], [12, 16, 13, 15], [14, 20, 15, 19], [16, 23, 17, 24], [18, 14, 19, 13], [20, 7, 21, 8]]"
12a_0061_127,"[[20, 7, 21, 8], [22, 1, 23, 2], [24, 17, 1, 18], [2, 10, 3, 9], [4, 12, 5, 11], [6, 21, 7, 22], [8, 6, 9, 5], [10, 4, 11, 3], [12, 16, 13, 15], [14, 20, 15, 19], [16, 23, 17, 24], [18, 14, 19, 13]]"
12a_0061_128,"[[18, 14, 19, 13], [20, 7, 21, 8], [22, 1, 23, 2], [24, 17, 1, 18], [2, 10, 3, 9], [4, 12, 5, 11], [6, 21, 7, 22], [8, 6, 9, 5], [10, 4, 11, 3], [12, 16, 13, 15], [14, 20, 15, 19], [16, 23, 17, 24]]"
12a_0061_129,"[[16, 23, 17, 24], [18, 14, 19, 13], [20, 7, 21, 8], [22, 1, 23, 2], [24, 17, 1, 18], [2, 10, 3, 9], [4, 12, 5, 11], [6, 21, 7, 22], [8, 6, 9, 5], [10, 4, 11, 3], [12, 16, 13, 15], [14, 20, 15, 19]]"
12a_0061_130,"[[14, 20, 15, 19], [16, 23, 17, 24], [18, 14, 19, 13], [20, 7, 21, 8], [22, 1, 23, 2], [24, 17, 1, 18], [2, 10, 3, 9], [4, 12, 5, 11], [6, 21, 7, 22], [8, 6, 9, 5], [10, 4, 11, 3], [12, 16, 13, 15]]"
12a_0061_131,"[[12, 16, 13, 15], [14, 20, 15, 19], [16, 23, 17, 24], [18, 14, 19, 13], [20, 7, 21, 8], [22, 1, 23, 2], [24, 17, 1, 18], [2, 10, 3, 9], [4, 12, 5, 11], [6, 21, 7, 22], [8, 6, 9, 5], [10, 4, 11, 3]]"
12a_0061_132,"[[11, 5, 12, 4], [13, 17, 14, 16], [15, 21, 16, 20], [17, 24, 18, 1], [19, 15, 20, 14], [21, 8, 22, 9], [23, 2, 24, 3], [1, 18, 2, 19], [3, 11, 4, 10], [5, 13, 6, 12], [7, 22, 8, 23], [9, 7, 10, 6]]"
12a_0061_133,"[[9, 7, 10, 6], [11, 5, 12, 4], [13, 17, 14, 16], [15, 21, 16, 20], [17, 24, 18, 1], [19, 15, 20, 14], [21, 8, 22, 9], [23, 2, 24, 3], [1, 18, 2, 19], [3, 11, 4, 10], [5, 13, 6, 12], [7, 22, 8, 23]]"
12a_0061_134,"[[7, 22, 8, 23], [9, 7, 10, 6], [11, 5, 12, 4], [13, 17, 14, 16], [15, 21, 16, 20], [17, 24, 18, 1], [19, 15, 20, 14], [21, 8, 22, 9], [23, 2, 24, 3], [1, 18, 2, 19], [3, 11, 4, 10], [5, 13, 6, 12]]"
12a_0061_135,"[[5, 13, 6, 12], [7, 22, 8, 23], [9, 7, 10, 6], [11, 5, 12, 4], [13, 17, 14, 16], [15, 21, 16, 20], [17, 24, 18, 1], [19, 15, 20, 14], [21, 8, 22, 9], [23, 2, 24, 3], [1, 18, 2, 19], [3, 11, 4, 10]]"
12a_0061_136,"[[3, 11, 4, 10], [5, 13, 6, 12], [7, 22, 8, 23], [9, 7, 10, 6], [11, 5, 12, 4], [13, 17, 14, 16], [15, 21, 16, 20], [17, 24, 18, 1], [19, 15, 20, 14], [21, 8, 22, 9], [23, 2, 24, 3], [1, 18, 2, 19]]"
12a_0061_137,"[[1, 18, 2, 19], [3, 11, 4, 10], [5, 13, 6, 12], [7, 22, 8, 23], [9, 7, 10, 6], [11, 5, 12, 4], [13, 17, 14, 16], [15, 21, 16, 20], [17, 24, 18, 1], [19, 15, 20, 14], [21, 8, 22, 9], [23, 2, 24, 3]]"
12a_0061_138,"[[23, 2, 24, 3], [1, 18, 2, 19], [3, 11, 4, 10], [5, 13, 6, 12], [7, 22, 8, 23], [9, 7, 10, 6], [11, 5, 12, 4], [13, 17, 14, 16], [15, 21, 16, 20], [17, 24, 18, 1], [19, 15, 20, 14], [21, 8, 22, 9]]"
12a_0061_139,"[[21, 8, 22, 9], [23, 2, 24, 3], [1, 18, 2, 19], [3, 11, 4, 10], [5, 13, 6, 12], [7, 22, 8, 23], [9, 7, 10, 6], [11, 5, 12, 4], [13, 17, 14, 16], [15, 21, 16, 20], [17, 24, 18, 1], [19, 15, 20, 14]]"
12a_0061_140,"[[19, 15, 20, 14], [21, 8, 22, 9], [23, 2, 24, 3], [1, 18, 2, 19], [3, 11, 4, 10], [5, 13, 6, 12], [7, 22, 8, 23], [9, 7, 10, 6], [11, 5, 12, 4], [13, 17, 14, 16], [15, 21, 16, 20], [17, 24, 18, 1]]"
12a_0061_141,"[[17, 24, 18, 1], [19, 15, 20, 14], [21, 8, 22, 9], [23, 2, 24, 3], [1, 18, 2, 19], [3, 11, 4, 10], [5, 13, 6, 12], [7, 22, 8, 23], [9, 7, 10, 6], [11, 5, 12, 4], [13, 17, 14, 16], [15, 21, 16, 20]]"
12a_0061_142,"[[15, 21, 16, 20], [17, 24, 18, 1], [19, 15, 20, 14], [21, 8, 22, 9], [23, 2, 24, 3], [1, 18, 2, 19], [3, 11, 4, 10], [5, 13, 6, 12], [7, 22, 8, 23], [9, 7, 10, 6], [11, 5, 12, 4], [13, 17, 14, 16]]"
12a_0061_143,"[[13, 17, 14, 16], [15, 21, 16, 20], [17, 24, 18, 1], [19, 15, 20, 14], [21, 8, 22, 9], [23, 2, 24, 3], [1, 18, 2, 19], [3, 11, 4, 10], [5, 13, 6, 12], [7, 22, 8, 23], [9, 7, 10, 6], [11, 5, 12, 4]]"
12a_0061_144,"[[12, 6, 13, 5], [14, 18, 15, 17], [16, 22, 17, 21], [18, 1, 19, 2], [20, 16, 21, 15], [22, 9, 23, 10], [24, 3, 1, 4], [2, 19, 3, 20], [4, 12, 5, 11], [6, 14, 7, 13], [8, 23, 9, 24], [10, 8, 11, 7]]"
12a_0061_145,"[[10, 8, 11, 7], [12, 6, 13, 5], [14, 18, 15, 17], [16, 22, 17, 21], [18, 1, 19, 2], [20, 16, 21, 15], [22, 9, 23, 10], [24, 3, 1, 4], [2, 19, 3, 20], [4, 12, 5, 11], [6, 14, 7, 13], [8, 23, 9, 24]]"
12a_0061_146,"[[8, 23, 9, 24], [10, 8, 11, 7], [12, 6, 13, 5], [14, 18, 15, 17], [16, 22, 17, 21], [18, 1, 19, 2], [20, 16, 21, 15], [22, 9, 23, 10], [24, 3, 1, 4], [2, 19, 3, 20], [4, 12, 5, 11], [6, 14, 7, 13]]"
12a_0061_147,"[[6, 14, 7, 13], [8, 23, 9, 24], [10, 8, 11, 7], [12, 6, 13, 5], [14, 18, 15, 17], [16, 22, 17, 21], [18, 1, 19, 2], [20, 16, 21, 15], [22, 9, 23, 10], [24, 3, 1, 4], [2, 19, 3, 20], [4, 12, 5, 11]]"
12a_0061_148,"[[4, 12, 5, 11], [6, 14, 7, 13], [8, 23, 9, 24], [10, 8, 11, 7], [12, 6, 13, 5], [14, 18, 15, 17], [16, 22, 17, 21], [18, 1, 19, 2], [20, 16, 21, 15], [22, 9, 23, 10], [24, 3, 1, 4], [2, 19, 3, 20]]"
12a_0061_149,"[[2, 19, 3, 20], [4, 12, 5, 11], [6, 14, 7, 13], [8, 23, 9, 24], [10, 8, 11, 7], [12, 6, 13, 5], [14, 18, 15, 17], [16, 22, 17, 21], [18, 1, 19, 2], [20, 16, 21, 15], [22, 9, 23, 10], [24, 3, 1, 4]]"
12a_0061_150,"[[24, 3, 1, 4], [2, 19, 3, 20], [4, 12, 5, 11], [6, 14, 7, 13], [8, 23, 9, 24], [10, 8, 11, 7], [12, 6, 13, 5], [14, 18, 15, 17], [16, 22, 17, 21], [18, 1, 19, 2], [20, 16, 21, 15], [22, 9, 23, 10]]"
12a_0061_151,"[[22, 9, 23, 10], [24, 3, 1, 4], [2, 19, 3, 20], [4, 12, 5, 11], [6, 14, 7, 13], [8, 23, 9, 24], [10, 8, 11, 7], [12, 6, 13, 5], [14, 18, 15, 17], [16, 22, 17, 21], [18, 1, 19, 2], [20, 16, 21, 15]]"
12a_0061_152,"[[20, 16, 21, 15], [22, 9, 23, 10], [24, 3, 1, 4], [2, 19, 3, 20], [4, 12, 5, 11], [6, 14, 7, 13], [8, 23, 9, 24], [10, 8, 11, 7], [12, 6, 13, 5], [14, 18, 15, 17], [16, 22, 17, 21], [18, 1, 19, 2]]"
12a_0061_153,"[[18, 1, 19, 2], [20, 16, 21, 15], [22, 9, 23, 10], [24, 3, 1, 4], [2, 19, 3, 20], [4, 12, 5, 11], [6, 14, 7, 13], [8, 23, 9, 24], [10, 8, 11, 7], [12, 6, 13, 5], [14, 18, 15, 17], [16, 22, 17, 21]]"
12a_0061_154,"[[16, 22, 17, 21], [18, 1, 19, 2], [20, 16, 21, 15], [22, 9, 23, 10], [24, 3, 1, 4], [2, 19, 3, 20], [4, 12, 5, 11], [6, 14, 7, 13], [8, 23, 9, 24], [10, 8, 11, 7], [12, 6, 13, 5], [14, 18, 15, 17]]"
12a_0061_155,"[[14, 18, 15, 17], [16, 22, 17, 21], [18, 1, 19, 2], [20, 16, 21, 15], [22, 9, 23, 10], [24, 3, 1, 4], [2, 19, 3, 20], [4, 12, 5, 11], [6, 14, 7, 13], [8, 23, 9, 24], [10, 8, 11, 7], [12, 6, 13, 5]]"
12a_0061_156,"[[13, 7, 14, 6], [15, 19, 16, 18], [17, 23, 18, 22], [19, 2, 20, 3], [21, 17, 22, 16], [23, 10, 24, 11], [1, 4, 2, 5], [3, 20, 4, 21], [5, 13, 6, 12], [7, 15, 8, 14], [9, 24, 10, 1], [11, 9, 12, 8]]"
12a_0061_157,"[[11, 9, 12, 8], [13, 7, 14, 6], [15, 19, 16, 18], [17, 23, 18, 22], [19, 2, 20, 3], [21, 17, 22, 16], [23, 10, 24, 11], [1, 4, 2, 5], [3, 20, 4, 21], [5, 13, 6, 12], [7, 15, 8, 14], [9, 24, 10, 1]]"
12a_0061_158,"[[9, 24, 10, 1], [11, 9, 12, 8], [13, 7, 14, 6], [15, 19, 16, 18], [17, 23, 18, 22], [19, 2, 20, 3], [21, 17, 22, 16], [23, 10, 24, 11], [1, 4, 2, 5], [3, 20, 4, 21], [5, 13, 6, 12], [7, 15, 8, 14]]"
12a_0061_159,"[[7, 15, 8, 14], [9, 24, 10, 1], [11, 9, 12, 8], [13, 7, 14, 6], [15, 19, 16, 18], [17, 23, 18, 22], [19, 2, 20, 3], [21, 17, 22, 16], [23, 10, 24, 11], [1, 4, 2, 5], [3, 20, 4, 21], [5, 13, 6, 12]]"
12a_0061_160,"[[5, 13, 6, 12], [7, 15, 8, 14], [9, 24, 10, 1], [11, 9, 12, 8], [13, 7, 14, 6], [15, 19, 16, 18], [17, 23, 18, 22], [19, 2, 20, 3], [21, 17, 22, 16], [23, 10, 24, 11], [1, 4, 2, 5], [3, 20, 4, 21]]"
12a_0061_161,"[[3, 20, 4, 21], [5, 13, 6, 12], [7, 15, 8, 14], [9, 24, 10, 1], [11, 9, 12, 8], [13, 7, 14, 6], [15, 19, 16, 18], [17, 23, 18, 22], [19, 2, 20, 3], [21, 17, 22, 16], [23, 10, 24, 11], [1, 4, 2, 5]]"
12a_0061_162,"[[1, 4, 2, 5], [3, 20, 4, 21], [5, 13, 6, 12], [7, 15, 8, 14], [9, 24, 10, 1], [11, 9, 12, 8], [13, 7, 14, 6], [15, 19, 16, 18], [17, 23, 18, 22], [19, 2, 20, 3], [21, 17, 22, 16], [23, 10, 24, 11]]"
12a_0061_163,"[[23, 10, 24, 11], [1, 4, 2, 5], [3, 20, 4, 21], [5, 13, 6, 12], [7, 15, 8, 14], [9, 24, 10, 1], [11, 9, 12, 8], [13, 7, 14, 6], [15, 19, 16, 18], [17, 23, 18, 22], [19, 2, 20, 3], [21, 17, 22, 16]]"
12a_0061_164,"[[21, 17, 22, 16], [23, 10, 24, 11], [1, 4, 2, 5], [3, 20, 4, 21], [5, 13, 6, 12], [7, 15, 8, 14], [9, 24, 10, 1], [11, 9, 12, 8], [13, 7, 14, 6], [15, 19, 16, 18], [17, 23, 18, 22], [19, 2, 20, 3]]"
12a_0061_165,"[[19, 2, 20, 3], [21, 17, 22, 16], [23, 10, 24, 11], [1, 4, 2, 5], [3, 20, 4, 21], [5, 13, 6, 12], [7, 15, 8, 14], [9, 24, 10, 1], [11, 9, 12, 8], [13, 7, 14, 6], [15, 19, 16, 18], [17, 23, 18, 22]]"
12a_0061_166,"[[17, 23, 18, 22], [19, 2, 20, 3], [21, 17, 22, 16], [23, 10, 24, 11], [1, 4, 2, 5], [3, 20, 4, 21], [5, 13, 6, 12], [7, 15, 8, 14], [9, 24, 10, 1], [11, 9, 12, 8], [13, 7, 14, 6], [15, 19, 16, 18]]"
12a_0061_167,"[[15, 19, 16, 18], [17, 23, 18, 22], [19, 2, 20, 3], [21, 17, 22, 16], [23, 10, 24, 11], [1, 4, 2, 5], [3, 20, 4, 21], [5, 13, 6, 12], [7, 15, 8, 14], [9, 24, 10, 1], [11, 9, 12, 8], [13, 7, 14, 6]]"
12a_0061_168,"[[14, 8, 15, 7], [16, 20, 17, 19], [18, 24, 19, 23], [20, 3, 21, 4], [22, 18, 23, 17], [24, 11, 1, 12], [2, 5, 3, 6], [4, 21, 5, 22], [6, 14, 7, 13], [8, 16, 9, 15], [10, 1, 11, 2], [12, 10, 13, 9]]"
12a_0061_169,"[[12, 10, 13, 9], [14, 8, 15, 7], [16, 20, 17, 19], [18, 24, 19, 23], [20, 3, 21, 4], [22, 18, 23, 17], [24, 11, 1, 12], [2, 5, 3, 6], [4, 21, 5, 22], [6, 14, 7, 13], [8, 16, 9, 15], [10, 1, 11, 2]]"
12a_0061_170,"[[10, 1, 11, 2], [12, 10, 13, 9], [14, 8, 15, 7], [16, 20, 17, 19], [18, 24, 19, 23], [20, 3, 21, 4], [22, 18, 23, 17], [24, 11, 1, 12], [2, 5, 3, 6], [4, 21, 5, 22], [6, 14, 7, 13], [8, 16, 9, 15]]"
12a_0061_171,"[[8, 16, 9, 15], [10, 1, 11, 2], [12, 10, 13, 9], [14, 8, 15, 7], [16, 20, 17, 19], [18, 24, 19, 23], [20, 3, 21, 4], [22, 18, 23, 17], [24, 11, 1, 12], [2, 5, 3, 6], [4, 21, 5, 22], [6, 14, 7, 13]]"
12a_0061_172,"[[6, 14, 7, 13], [8, 16, 9, 15], [10, 1, 11, 2], [12, 10, 13, 9], [14, 8, 15, 7], [16, 20, 17, 19], [18, 24, 19, 23], [20, 3, 21, 4], [22, 18, 23, 17], [24, 11, 1, 12], [2, 5, 3, 6], [4, 21, 5, 22]]"
12a_0061_173,"[[4, 21, 5, 22], [6, 14, 7, 13], [8, 16, 9, 15], [10, 1, 11, 2], [12, 10, 13, 9], [14, 8, 15, 7], [16, 20, 17, 19], [18, 24, 19, 23], [20, 3, 21, 4], [22, 18, 23, 17], [24, 11, 1, 12], [2, 5, 3, 6]]"
12a_0061_174,"[[2, 5, 3, 6], [4, 21, 5, 22], [6, 14, 7, 13], [8, 16, 9, 15], [10, 1, 11, 2], [12, 10, 13, 9], [14, 8, 15, 7], [16, 20, 17, 19], [18, 24, 19, 23], [20, 3, 21, 4], [22, 18, 23, 17], [24, 11, 1, 12]]"
12a_0061_175,"[[24, 11, 1, 12], [2, 5, 3, 6], [4, 21, 5, 22], [6, 14, 7, 13], [8, 16, 9, 15], [10, 1, 11, 2], [12, 10, 13, 9], [14, 8, 15, 7], [16, 20, 17, 19], [18, 24, 19, 23], [20, 3, 21, 4], [22, 18, 23, 17]]"
12a_0061_176,"[[22, 18, 23, 17], [24, 11, 1, 12], [2, 5, 3, 6], [4, 21, 5, 22], [6, 14, 7, 13], [8, 16, 9, 15], [10, 1, 11, 2], [12, 10, 13, 9], [14, 8, 15, 7], [16, 20, 17, 19], [18, 24, 19, 23], [20, 3, 21, 4]]"
12a_0061_177,"[[20, 3, 21, 4], [22, 18, 23, 17], [24, 11, 1, 12], [2, 5, 3, 6], [4, 21, 5, 22], [6, 14, 7, 13], [8, 16, 9, 15], [10, 1, 11, 2], [12, 10, 13, 9], [14, 8, 15, 7], [16, 20, 17, 19], [18, 24, 19, 23]]"
12a_0061_178,"[[18, 24, 19, 23], [20, 3, 21, 4], [22, 18, 23, 17], [24, 11, 1, 12], [2, 5, 3, 6], [4, 21, 5, 22], [6, 14, 7, 13], [8, 16, 9, 15], [10, 1, 11, 2], [12, 10, 13, 9], [14, 8, 15, 7], [16, 20, 17, 19]]"
12a_0061_179,"[[16, 20, 17, 19], [18, 24, 19, 23], [20, 3, 21, 4], [22, 18, 23, 17], [24, 11, 1, 12], [2, 5, 3, 6], [4, 21, 5, 22], [6, 14, 7, 13], [8, 16, 9, 15], [10, 1, 11, 2], [12, 10, 13, 9], [14, 8, 15, 7]]"
12a_0061_180,"[[15, 9, 16, 8], [17, 21, 18, 20], [19, 1, 20, 24], [21, 4, 22, 5], [23, 19, 24, 18], [1, 12, 2, 13], [3, 6, 4, 7], [5, 22, 6, 23], [7, 15, 8, 14], [9, 17, 10, 16], [11, 2, 12, 3], [13, 11, 14, 10]]"
12a_0061_181,"[[13, 11, 14, 10], [15, 9, 16, 8], [17, 21, 18, 20], [19, 1, 20, 24], [21, 4, 22, 5], [23, 19, 24, 18], [1, 12, 2, 13], [3, 6, 4, 7], [5, 22, 6, 23], [7, 15, 8, 14], [9, 17, 10, 16], [11, 2, 12, 3]]"
12a_0061_182,"[[11, 2, 12, 3], [13, 11, 14, 10], [15, 9, 16, 8], [17, 21, 18, 20], [19, 1, 20, 24], [21, 4, 22, 5], [23, 19, 24, 18], [1, 12, 2, 13], [3, 6, 4, 7], [5, 22, 6, 23], [7, 15, 8, 14], [9, 17, 10, 16]]"
12a_0061_183,"[[9, 17, 10, 16], [11, 2, 12, 3], [13, 11, 14, 10], [15, 9, 16, 8], [17, 21, 18, 20], [19, 1, 20, 24], [21, 4, 22, 5], [23, 19, 24, 18], [1, 12, 2, 13], [3, 6, 4, 7], [5, 22, 6, 23], [7, 15, 8, 14]]"
12a_0061_184,"[[7, 15, 8, 14], [9, 17, 10, 16], [11, 2, 12, 3], [13, 11, 14, 10], [15, 9, 16, 8], [17, 21, 18, 20], [19, 1, 20, 24], [21, 4, 22, 5], [23, 19, 24, 18], [1, 12, 2, 13], [3, 6, 4, 7], [5, 22, 6, 23]]"
12a_0061_185,"[[5, 22, 6, 23], [7, 15, 8, 14], [9, 17, 10, 16], [11, 2, 12, 3], [13, 11, 14, 10], [15, 9, 16, 8], [17, 21, 18, 20], [19, 1, 20, 24], [21, 4, 22, 5], [23, 19, 24, 18], [1, 12, 2, 13], [3, 6, 4, 7]]"
