name,pd_notation
12a_0133_0,"[[24, 19, 1, 20], [2, 6, 3, 5], [4, 9, 5, 10], [6, 15, 7, 16], [8, 12, 9, 11], [10, 3, 11, 4], [12, 23, 13, 24], [14, 22, 15, 21], [16, 7, 17, 8], [18, 14, 19, 13], [20, 1, 21, 2], [22, 18, 23, 17]]"
12a_0133_1,"[[22, 18, 23, 17], [24, 19, 1, 20], [2, 6, 3, 5], [4, 9, 5, 10], [6, 15, 7, 16], [8, 12, 9, 11], [10, 3, 11, 4], [12, 23, 13, 24], [14, 22, 15, 21], [16, 7, 17, 8], [18, 14, 19, 13], [20, 1, 21, 2]]"
12a_0133_2,"[[20, 1, 21, 2], [22, 18, 23, 17], [24, 19, 1, 20], [2, 6, 3, 5], [4, 9, 5, 10], [6, 15, 7, 16], [8, 12, 9, 11], [10, 3, 11, 4], [12, 23, 13, 24], [14, 22, 15, 21], [16, 7, 17, 8], [18, 14, 19, 13]]"
12a_0133_3,"[[18, 14, 19, 13], [20, 1, 21, 2], [22, 18, 23, 17], [24, 19, 1, 20], [2, 6, 3, 5], [4, 9, 5, 10], [6, 15, 7, 16], [8, 12, 9, 11], [10, 3, 11, 4], [12, 23, 13, 24], [14, 22, 15, 21], [16, 7, 17, 8]]"
12a_0133_4,"[[16, 7, 17, 8], [18, 14, 19, 13], [20, 1, 21, 2], [22, 18, 23, 17], [24, 19, 1, 20], [2, 6, 3, 5], [4, 9, 5, 10], [6, 15, 7, 16], [8, 12, 9, 11], [10, 3, 11, 4], [12, 23, 13, 24], [14, 22, 15, 21]]"
12a_0133_5,"[[14, 22, 15, 21], [16, 7, 17, 8], [18, 14, 19, 13], [20, 1, 21, 2], [22, 18, 23, 17], [24, 19, 1, 20], [2, 6, 3, 5], [4, 9, 5, 10], [6, 15, 7, 16], [8, 12, 9, 11], [10, 3, 11, 4], [12, 23, 13, 24]]"
12a_0133_6,"[[12, 23, 13, 24], [14, 22, 15, 21], [16, 7, 17, 8], [18, 14, 19, 13], [20, 1, 21, 2], [22, 18, 23, 17], [24, 19, 1, 20], [2, 6, 3, 5], [4, 9, 5, 10], [6, 15, 7, 16], [8, 12, 9, 11], [10, 3, 11, 4]]"
12a_0133_7,"[[10, 3, 11, 4], [12, 23, 13, 24], [14, 22, 15, 21], [16, 7, 17, 8], [18, 14, 19, 13], [20, 1, 21, 2], [22, 18, 23, 17], [24, 19, 1, 20], [2, 6, 3, 5], [4, 9, 5, 10], [6, 15, 7, 16], [8, 12, 9, 11]]"
12a_0133_8,"[[8, 12, 9, 11], [10, 3, 11, 4], [12, 23, 13, 24], [14, 22, 15, 21], [16, 7, 17, 8], [18, 14, 19, 13], [20, 1, 21, 2], [22, 18, 23, 17], [24, 19, 1, 20], [2, 6, 3, 5], [4, 9, 5, 10], [6, 15, 7, 16]]"
12a_0133_9,"[[6, 15, 7, 16], [8, 12, 9, 11], [10, 3, 11, 4], [12, 23, 13, 24], [14, 22, 15, 21], [16, 7, 17, 8], [18, 14, 19, 13], [20, 1, 21, 2], [22, 18, 23, 17], [24, 19, 1, 20], [2, 6, 3, 5], [4, 9, 5, 10]]"
12a_0133_10,"[[4, 9, 5, 10], [6, 15, 7, 16], [8, 12, 9, 11], [10, 3, 11, 4], [12, 23, 13, 24], [14, 22, 15, 21], [16, 7, 17, 8], [18, 14, 19, 13], [20, 1, 21, 2], [22, 18, 23, 17], [24, 19, 1, 20], [2, 6, 3, 5]]"
12a_0133_11,"[[2, 6, 3, 5], [4, 9, 5, 10], [6, 15, 7, 16], [8, 12, 9, 11], [10, 3, 11, 4], [12, 23, 13, 24], [14, 22, 15, 21], [16, 7, 17, 8], [18, 14, 19, 13], [20, 1, 21, 2], [22, 18, 23, 17], [24, 19, 1, 20]]"
12a_0133_12,"[[1, 20, 2, 21], [3, 7, 4, 6], [5, 10, 6, 11], [7, 16, 8, 17], [9, 13, 10, 12], [11, 4, 12, 5], [13, 24, 14, 1], [15, 23, 16, 22], [17, 8, 18, 9], [19, 15, 20, 14], [21, 2, 22, 3], [23, 19, 24, 18]]"
12a_0133_13,"[[23, 19, 24, 18], [1, 20, 2, 21], [3, 7, 4, 6], [5, 10, 6, 11], [7, 16, 8, 17], [9, 13, 10, 12], [11, 4, 12, 5], [13, 24, 14, 1], [15, 23, 16, 22], [17, 8, 18, 9], [19, 15, 20, 14], [21, 2, 22, 3]]"
12a_0133_14,"[[21, 2, 22, 3], [23, 19, 24, 18], [1, 20, 2, 21], [3, 7, 4, 6], [5, 10, 6, 11], [7, 16, 8, 17], [9, 13, 10, 12], [11, 4, 12, 5], [13, 24, 14, 1], [15, 23, 16, 22], [17, 8, 18, 9], [19, 15, 20, 14]]"
12a_0133_15,"[[19, 15, 20, 14], [21, 2, 22, 3], [23, 19, 24, 18], [1, 20, 2, 21], [3, 7, 4, 6], [5, 10, 6, 11], [7, 16, 8, 17], [9, 13, 10, 12], [11, 4, 12, 5], [13, 24, 14, 1], [15, 23, 16, 22], [17, 8, 18, 9]]"
12a_0133_16,"[[17, 8, 18, 9], [19, 15, 20, 14], [21, 2, 22, 3], [23, 19, 24, 18], [1, 20, 2, 21], [3, 7, 4, 6], [5, 10, 6, 11], [7, 16, 8, 17], [9, 13, 10, 12], [11, 4, 12, 5], [13, 24, 14, 1], [15, 23, 16, 22]]"
12a_0133_17,"[[15, 23, 16, 22], [17, 8, 18, 9], [19, 15, 20, 14], [21, 2, 22, 3], [23, 19, 24, 18], [1, 20, 2, 21], [3, 7, 4, 6], [5, 10, 6, 11], [7, 16, 8, 17], [9, 13, 10, 12], [11, 4, 12, 5], [13, 24, 14, 1]]"
12a_0133_18,"[[13, 24, 14, 1], [15, 23, 16, 22], [17, 8, 18, 9], [19, 15, 20, 14], [21, 2, 22, 3], [23, 19, 24, 18], [1, 20, 2, 21], [3, 7, 4, 6], [5, 10, 6, 11], [7, 16, 8, 17], [9, 13, 10, 12], [11, 4, 12, 5]]"
12a_0133_19,"[[11, 4, 12, 5], [13, 24, 14, 1], [15, 23, 16, 22], [17, 8, 18, 9], [19, 15, 20, 14], [21, 2, 22, 3], [23, 19, 24, 18], [1, 20, 2, 21], [3, 7, 4, 6], [5, 10, 6, 11], [7, 16, 8, 17], [9, 13, 10, 12]]"
12a_0133_20,"[[9, 13, 10, 12], [11, 4, 12, 5], [13, 24, 14, 1], [15, 23, 16, 22], [17, 8, 18, 9], [19, 15, 20, 14], [21, 2, 22, 3], [23, 19, 24, 18], [1, 20, 2, 21], [3, 7, 4, 6], [5, 10, 6, 11], [7, 16, 8, 17]]"
12a_0133_21,"[[7, 16, 8, 17], [9, 13, 10, 12], [11, 4, 12, 5], [13, 24, 14, 1], [15, 23, 16, 22], [17, 8, 18, 9], [19, 15, 20, 14], [21, 2, 22, 3], [23, 19, 24, 18], [1, 20, 2, 21], [3, 7, 4, 6], [5, 10, 6, 11]]"
12a_0133_22,"[[5, 10, 6, 11], [7, 16, 8, 17], [9, 13, 10, 12], [11, 4, 12, 5], [13, 24, 14, 1], [15, 23, 16, 22], [17, 8, 18, 9], [19, 15, 20, 14], [21, 2, 22, 3], [23, 19, 24, 18], [1, 20, 2, 21], [3, 7, 4, 6]]"
12a_0133_23,"[[3, 7, 4, 6], [5, 10, 6, 11], [7, 16, 8, 17], [9, 13, 10, 12], [11, 4, 12, 5], [13, 24, 14, 1], [15, 23, 16, 22], [17, 8, 18, 9], [19, 15, 20, 14], [21, 2, 22, 3], [23, 19, 24, 18], [1, 20, 2, 21]]"
12a_0133_24,"[[2, 21, 3, 22], [4, 8, 5, 7], [6, 11, 7, 12], [8, 17, 9, 18], [10, 14, 11, 13], [12, 5, 13, 6], [14, 1, 15, 2], [16, 24, 17, 23], [18, 9, 19, 10], [20, 16, 21, 15], [22, 3, 23, 4], [24, 20, 1, 19]]"
12a_0133_25,"[[24, 20, 1, 19], [2, 21, 3, 22], [4, 8, 5, 7], [6, 11, 7, 12], [8, 17, 9, 18], [10, 14, 11, 13], [12, 5, 13, 6], [14, 1, 15, 2], [16, 24, 17, 23], [18, 9, 19, 10], [20, 16, 21, 15], [22, 3, 23, 4]]"
12a_0133_26,"[[22, 3, 23, 4], [24, 20, 1, 19], [2, 21, 3, 22], [4, 8, 5, 7], [6, 11, 7, 12], [8, 17, 9, 18], [10, 14, 11, 13], [12, 5, 13, 6], [14, 1, 15, 2], [16, 24, 17, 23], [18, 9, 19, 10], [20, 16, 21, 15]]"
12a_0133_27,"[[20, 16, 21, 15], [22, 3, 23, 4], [24, 20, 1, 19], [2, 21, 3, 22], [4, 8, 5, 7], [6, 11, 7, 12], [8, 17, 9, 18], [10, 14, 11, 13], [12, 5, 13, 6], [14, 1, 15, 2], [16, 24, 17, 23], [18, 9, 19, 10]]"
12a_0133_28,"[[18, 9, 19, 10], [20, 16, 21, 15], [22, 3, 23, 4], [24, 20, 1, 19], [2, 21, 3, 22], [4, 8, 5, 7], [6, 11, 7, 12], [8, 17, 9, 18], [10, 14, 11, 13], [12, 5, 13, 6], [14, 1, 15, 2], [16, 24, 17, 23]]"
12a_0133_29,"[[16, 24, 17, 23], [18, 9, 19, 10], [20, 16, 21, 15], [22, 3, 23, 4], [24, 20, 1, 19], [2, 21, 3, 22], [4, 8, 5, 7], [6, 11, 7, 12], [8, 17, 9, 18], [10, 14, 11, 13], [12, 5, 13, 6], [14, 1, 15, 2]]"
12a_0133_30,"[[14, 1, 15, 2], [16, 24, 17, 23], [18, 9, 19, 10], [20, 16, 21, 15], [22, 3, 23, 4], [24, 20, 1, 19], [2, 21, 3, 22], [4, 8, 5, 7], [6, 11, 7, 12], [8, 17, 9, 18], [10, 14, 11, 13], [12, 5, 13, 6]]"
12a_0133_31,"[[12, 5, 13, 6], [14, 1, 15, 2], [16, 24, 17, 23], [18, 9, 19, 10], [20, 16, 21, 15], [22, 3, 23, 4], [24, 20, 1, 19], [2, 21, 3, 22], [4, 8, 5, 7], [6, 11, 7, 12], [8, 17, 9, 18], [10, 14, 11, 13]]"
12a_0133_32,"[[10, 14, 11, 13], [12, 5, 13, 6], [14, 1, 15, 2], [16, 24, 17, 23], [18, 9, 19, 10], [20, 16, 21, 15], [22, 3, 23, 4], [24, 20, 1, 19], [2, 21, 3, 22], [4, 8, 5, 7], [6, 11, 7, 12], [8, 17, 9, 18]]"
12a_0133_33,"[[8, 17, 9, 18], [10, 14, 11, 13], [12, 5, 13, 6], [14, 1, 15, 2], [16, 24, 17, 23], [18, 9, 19, 10], [20, 16, 21, 15], [22, 3, 23, 4], [24, 20, 1, 19], [2, 21, 3, 22], [4, 8, 5, 7], [6, 11, 7, 12]]"
12a_0133_34,"[[6, 11, 7, 12], [8, 17, 9, 18], [10, 14, 11, 13], [12, 5, 13, 6], [14, 1, 15, 2], [16, 24, 17, 23], [18, 9, 19, 10], [20, 16, 21, 15], [22, 3, 23, 4], [24, 20, 1, 19], [2, 21, 3, 22], [4, 8, 5, 7]]"
12a_0133_35,"[[4, 8, 5, 7], [6, 11, 7, 12], [8, 17, 9, 18], [10, 14, 11, 13], [12, 5, 13, 6], [14, 1, 15, 2], [16, 24, 17, 23], [18, 9, 19, 10], [20, 16, 21, 15], [22, 3, 23, 4], [24, 20, 1, 19], [2, 21, 3, 22]]"
12a_0133_36,"[[3, 22, 4, 23], [5, 9, 6, 8], [7, 12, 8, 13], [9, 18, 10, 19], [11, 15, 12, 14], [13, 6, 14, 7], [15, 2, 16, 3], [17, 1, 18, 24], [19, 10, 20, 11], [21, 17, 22, 16], [23, 4, 24, 5], [1, 21, 2, 20]]"
12a_0133_37,"[[1, 21, 2, 20], [3, 22, 4, 23], [5, 9, 6, 8], [7, 12, 8, 13], [9, 18, 10, 19], [11, 15, 12, 14], [13, 6, 14, 7], [15, 2, 16, 3], [17, 1, 18, 24], [19, 10, 20, 11], [21, 17, 22, 16], [23, 4, 24, 5]]"
12a_0133_38,"[[23, 4, 24, 5], [1, 21, 2, 20], [3, 22, 4, 23], [5, 9, 6, 8], [7, 12, 8, 13], [9, 18, 10, 19], [11, 15, 12, 14], [13, 6, 14, 7], [15, 2, 16, 3], [17, 1, 18, 24], [19, 10, 20, 11], [21, 17, 22, 16]]"
12a_0133_39,"[[21, 17, 22, 16], [23, 4, 24, 5], [1, 21, 2, 20], [3, 22, 4, 23], [5, 9, 6, 8], [7, 12, 8, 13], [9, 18, 10, 19], [11, 15, 12, 14], [13, 6, 14, 7], [15, 2, 16, 3], [17, 1, 18, 24], [19, 10, 20, 11]]"
12a_0133_40,"[[19, 10, 20, 11], [21, 17, 22, 16], [23, 4, 24, 5], [1, 21, 2, 20], [3, 22, 4, 23], [5, 9, 6, 8], [7, 12, 8, 13], [9, 18, 10, 19], [11, 15, 12, 14], [13, 6, 14, 7], [15, 2, 16, 3], [17, 1, 18, 24]]"
12a_0133_41,"[[17, 1, 18, 24], [19, 10, 20, 11], [21, 17, 22, 16], [23, 4, 24, 5], [1, 21, 2, 20], [3, 22, 4, 23], [5, 9, 6, 8], [7, 12, 8, 13], [9, 18, 10, 19], [11, 15, 12, 14], [13, 6, 14, 7], [15, 2, 16, 3]]"
12a_0133_42,"[[15, 2, 16, 3], [17, 1, 18, 24], [19, 10, 20, 11], [21, 17, 22, 16], [23, 4, 24, 5], [1, 21, 2, 20], [3, 22, 4, 23], [5, 9, 6, 8], [7, 12, 8, 13], [9, 18, 10, 19], [11, 15, 12, 14], [13, 6, 14, 7]]"
12a_0133_43,"[[13, 6, 14, 7], [15, 2, 16, 3], [17, 1, 18, 24], [19, 10, 20, 11], [21, 17, 22, 16], [23, 4, 24, 5], [1, 21, 2, 20], [3, 22, 4, 23], [5, 9, 6, 8], [7, 12, 8, 13], [9, 18, 10, 19], [11, 15, 12, 14]]"
12a_0133_44,"[[11, 15, 12, 14], [13, 6, 14, 7], [15, 2, 16, 3], [17, 1, 18, 24], [19, 10, 20, 11], [21, 17, 22, 16], [23, 4, 24, 5], [1, 21, 2, 20], [3, 22, 4, 23], [5, 9, 6, 8], [7, 12, 8, 13], [9, 18, 10, 19]]"
12a_0133_45,"[[9, 18, 10, 19], [11, 15, 12, 14], [13, 6, 14, 7], [15, 2, 16, 3], [17, 1, 18, 24], [19, 10, 20, 11], [21, 17, 22, 16], [23, 4, 24, 5], [1, 21, 2, 20], [3, 22, 4, 23], [5, 9, 6, 8], [7, 12, 8, 13]]"
12a_0133_46,"[[7, 12, 8, 13], [9, 18, 10, 19], [11, 15, 12, 14], [13, 6, 14, 7], [15, 2, 16, 3], [17, 1, 18, 24], [19, 10, 20, 11], [21, 17, 22, 16], [23, 4, 24, 5], [1, 21, 2, 20], [3, 22, 4, 23], [5, 9, 6, 8]]"
12a_0133_47,"[[5, 9, 6, 8], [7, 12, 8, 13], [9, 18, 10, 19], [11, 15, 12, 14], [13, 6, 14, 7], [15, 2, 16, 3], [17, 1, 18, 24], [19, 10, 20, 11], [21, 17, 22, 16], [23, 4, 24, 5], [1, 21, 2, 20], [3, 22, 4, 23]]"
12a_0133_48,"[[4, 23, 5, 24], [6, 10, 7, 9], [8, 13, 9, 14], [10, 19, 11, 20], [12, 16, 13, 15], [14, 7, 15, 8], [16, 3, 17, 4], [18, 2, 19, 1], [20, 11, 21, 12], [22, 18, 23, 17], [24, 5, 1, 6], [2, 22, 3, 21]]"
12a_0133_49,"[[2, 22, 3, 21], [4, 23, 5, 24], [6, 10, 7, 9], [8, 13, 9, 14], [10, 19, 11, 20], [12, 16, 13, 15], [14, 7, 15, 8], [16, 3, 17, 4], [18, 2, 19, 1], [20, 11, 21, 12], [22, 18, 23, 17], [24, 5, 1, 6]]"
12a_0133_50,"[[24, 5, 1, 6], [2, 22, 3, 21], [4, 23, 5, 24], [6, 10, 7, 9], [8, 13, 9, 14], [10, 19, 11, 20], [12, 16, 13, 15], [14, 7, 15, 8], [16, 3, 17, 4], [18, 2, 19, 1], [20, 11, 21, 12], [22, 18, 23, 17]]"
12a_0133_51,"[[22, 18, 23, 17], [24, 5, 1, 6], [2, 22, 3, 21], [4, 23, 5, 24], [6, 10, 7, 9], [8, 13, 9, 14], [10, 19, 11, 20], [12, 16, 13, 15], [14, 7, 15, 8], [16, 3, 17, 4], [18, 2, 19, 1], [20, 11, 21, 12]]"
12a_0133_52,"[[20, 11, 21, 12], [22, 18, 23, 17], [24, 5, 1, 6], [2, 22, 3, 21], [4, 23, 5, 24], [6, 10, 7, 9], [8, 13, 9, 14], [10, 19, 11, 20], [12, 16, 13, 15], [14, 7, 15, 8], [16, 3, 17, 4], [18, 2, 19, 1]]"
12a_0133_53,"[[18, 2, 19, 1], [20, 11, 21, 12], [22, 18, 23, 17], [24, 5, 1, 6], [2, 22, 3, 21], [4, 23, 5, 24], [6, 10, 7, 9], [8, 13, 9, 14], [10, 19, 11, 20], [12, 16, 13, 15], [14, 7, 15, 8], [16, 3, 17, 4]]"
12a_0133_54,"[[16, 3, 17, 4], [18, 2, 19, 1], [20, 11, 21, 12], [22, 18, 23, 17], [24, 5, 1, 6], [2, 22, 3, 21], [4, 23, 5, 24], [6, 10, 7, 9], [8, 13, 9, 14], [10, 19, 11, 20], [12, 16, 13, 15], [14, 7, 15, 8]]"
12a_0133_55,"[[14, 7, 15, 8], [16, 3, 17, 4], [18, 2, 19, 1], [20, 11, 21, 12], [22, 18, 23, 17], [24, 5, 1, 6], [2, 22, 3, 21], [4, 23, 5, 24], [6, 10, 7, 9], [8, 13, 9, 14], [10, 19, 11, 20], [12, 16, 13, 15]]"
12a_0133_56,"[[12, 16, 13, 15], [14, 7, 15, 8], [16, 3, 17, 4], [18, 2, 19, 1], [20, 11, 21, 12], [22, 18, 23, 17], [24, 5, 1, 6], [2, 22, 3, 21], [4, 23, 5, 24], [6, 10, 7, 9], [8, 13, 9, 14], [10, 19, 11, 20]]"
12a_0133_57,"[[10, 19, 11, 20], [12, 16, 13, 15], [14, 7, 15, 8], [16, 3, 17, 4], [18, 2, 19, 1], [20, 11, 21, 12], [22, 18, 23, 17], [24, 5, 1, 6], [2, 22, 3, 21], [4, 23, 5, 24], [6, 10, 7, 9], [8, 13, 9, 14]]"
12a_0133_58,"[[8, 13, 9, 14], [10, 19, 11, 20], [12, 16, 13, 15], [14, 7, 15, 8], [16, 3, 17, 4], [18, 2, 19, 1], [20, 11, 21, 12], [22, 18, 23, 17], [24, 5, 1, 6], [2, 22, 3, 21], [4, 23, 5, 24], [6, 10, 7, 9]]"
12a_0133_59,"[[6, 10, 7, 9], [8, 13, 9, 14], [10, 19, 11, 20], [12, 16, 13, 15], [14, 7, 15, 8], [16, 3, 17, 4], [18, 2, 19, 1], [20, 11, 21, 12], [22, 18, 23, 17], [24, 5, 1, 6], [2, 22, 3, 21], [4, 23, 5, 24]]"
12a_0133_60,"[[5, 24, 6, 1], [7, 11, 8, 10], [9, 14, 10, 15], [11, 20, 12, 21], [13, 17, 14, 16], [15, 8, 16, 9], [17, 4, 18, 5], [19, 3, 20, 2], [21, 12, 22, 13], [23, 19, 24, 18], [1, 6, 2, 7], [3, 23, 4, 22]]"
12a_0133_61,"[[3, 23, 4, 22], [5, 24, 6, 1], [7, 11, 8, 10], [9, 14, 10, 15], [11, 20, 12, 21], [13, 17, 14, 16], [15, 8, 16, 9], [17, 4, 18, 5], [19, 3, 20, 2], [21, 12, 22, 13], [23, 19, 24, 18], [1, 6, 2, 7]]"
12a_0133_62,"[[1, 6, 2, 7], [3, 23, 4, 22], [5, 24, 6, 1], [7, 11, 8, 10], [9, 14, 10, 15], [11, 20, 12, 21], [13, 17, 14, 16], [15, 8, 16, 9], [17, 4, 18, 5], [19, 3, 20, 2], [21, 12, 22, 13], [23, 19, 24, 18]]"
12a_0133_63,"[[23, 19, 24, 18], [1, 6, 2, 7], [3, 23, 4, 22], [5, 24, 6, 1], [7, 11, 8, 10], [9, 14, 10, 15], [11, 20, 12, 21], [13, 17, 14, 16], [15, 8, 16, 9], [17, 4, 18, 5], [19, 3, 20, 2], [21, 12, 22, 13]]"
12a_0133_64,"[[21, 12, 22, 13], [23, 19, 24, 18], [1, 6, 2, 7], [3, 23, 4, 22], [5, 24, 6, 1], [7, 11, 8, 10], [9, 14, 10, 15], [11, 20, 12, 21], [13, 17, 14, 16], [15, 8, 16, 9], [17, 4, 18, 5], [19, 3, 20, 2]]"
12a_0133_65,"[[19, 3, 20, 2], [21, 12, 22, 13], [23, 19, 24, 18], [1, 6, 2, 7], [3, 23, 4, 22], [5, 24, 6, 1], [7, 11, 8, 10], [9, 14, 10, 15], [11, 20, 12, 21], [13, 17, 14, 16], [15, 8, 16, 9], [17, 4, 18, 5]]"
12a_0133_66,"[[17, 4, 18, 5], [19, 3, 20, 2], [21, 12, 22, 13], [23, 19, 24, 18], [1, 6, 2, 7], [3, 23, 4, 22], [5, 24, 6, 1], [7, 11, 8, 10], [9, 14, 10, 15], [11, 20, 12, 21], [13, 17, 14, 16], [15, 8, 16, 9]]"
12a_0133_67,"[[15, 8, 16, 9], [17, 4, 18, 5], [19, 3, 20, 2], [21, 12, 22, 13], [23, 19, 24, 18], [1, 6, 2, 7], [3, 23, 4, 22], [5, 24, 6, 1], [7, 11, 8, 10], [9, 14, 10, 15], [11, 20, 12, 21], [13, 17, 14, 16]]"
12a_0133_68,"[[13, 17, 14, 16], [15, 8, 16, 9], [17, 4, 18, 5], [19, 3, 20, 2], [21, 12, 22, 13], [23, 19, 24, 18], [1, 6, 2, 7], [3, 23, 4, 22], [5, 24, 6, 1], [7, 11, 8, 10], [9, 14, 10, 15], [11, 20, 12, 21]]"
12a_0133_69,"[[11, 20, 12, 21], [13, 17, 14, 16], [15, 8, 16, 9], [17, 4, 18, 5], [19, 3, 20, 2], [21, 12, 22, 13], [23, 19, 24, 18], [1, 6, 2, 7], [3, 23, 4, 22], [5, 24, 6, 1], [7, 11, 8, 10], [9, 14, 10, 15]]"
12a_0133_70,"[[9, 14, 10, 15], [11, 20, 12, 21], [13, 17, 14, 16], [15, 8, 16, 9], [17, 4, 18, 5], [19, 3, 20, 2], [21, 12, 22, 13], [23, 19, 24, 18], [1, 6, 2, 7], [3, 23, 4, 22], [5, 24, 6, 1], [7, 11, 8, 10]]"
12a_0133_71,"[[7, 11, 8, 10], [9, 14, 10, 15], [11, 20, 12, 21], [13, 17, 14, 16], [15, 8, 16, 9], [17, 4, 18, 5], [19, 3, 20, 2], [21, 12, 22, 13], [23, 19, 24, 18], [1, 6, 2, 7], [3, 23, 4, 22], [5, 24, 6, 1]]"
12a_0133_72,"[[6, 1, 7, 2], [8, 12, 9, 11], [10, 15, 11, 16], [12, 21, 13, 22], [14, 18, 15, 17], [16, 9, 17, 10], [18, 5, 19, 6], [20, 4, 21, 3], [22, 13, 23, 14], [24, 20, 1, 19], [2, 7, 3, 8], [4, 24, 5, 23]]"
12a_0133_73,"[[4, 24, 5, 23], [6, 1, 7, 2], [8, 12, 9, 11], [10, 15, 11, 16], [12, 21, 13, 22], [14, 18, 15, 17], [16, 9, 17, 10], [18, 5, 19, 6], [20, 4, 21, 3], [22, 13, 23, 14], [24, 20, 1, 19], [2, 7, 3, 8]]"
12a_0133_74,"[[2, 7, 3, 8], [4, 24, 5, 23], [6, 1, 7, 2], [8, 12, 9, 11], [10, 15, 11, 16], [12, 21, 13, 22], [14, 18, 15, 17], [16, 9, 17, 10], [18, 5, 19, 6], [20, 4, 21, 3], [22, 13, 23, 14], [24, 20, 1, 19]]"
12a_0133_75,"[[24, 20, 1, 19], [2, 7, 3, 8], [4, 24, 5, 23], [6, 1, 7, 2], [8, 12, 9, 11], [10, 15, 11, 16], [12, 21, 13, 22], [14, 18, 15, 17], [16, 9, 17, 10], [18, 5, 19, 6], [20, 4, 21, 3], [22, 13, 23, 14]]"
12a_0133_76,"[[22, 13, 23, 14], [24, 20, 1, 19], [2, 7, 3, 8], [4, 24, 5, 23], [6, 1, 7, 2], [8, 12, 9, 11], [10, 15, 11, 16], [12, 21, 13, 22], [14, 18, 15, 17], [16, 9, 17, 10], [18, 5, 19, 6], [20, 4, 21, 3]]"
12a_0133_77,"[[20, 4, 21, 3], [22, 13, 23, 14], [24, 20, 1, 19], [2, 7, 3, 8], [4, 24, 5, 23], [6, 1, 7, 2], [8, 12, 9, 11], [10, 15, 11, 16], [12, 21, 13, 22], [14, 18, 15, 17], [16, 9, 17, 10], [18, 5, 19, 6]]"
12a_0133_78,"[[18, 5, 19, 6], [20, 4, 21, 3], [22, 13, 23, 14], [24, 20, 1, 19], [2, 7, 3, 8], [4, 24, 5, 23], [6, 1, 7, 2], [8, 12, 9, 11], [10, 15, 11, 16], [12, 21, 13, 22], [14, 18, 15, 17], [16, 9, 17, 10]]"
12a_0133_79,"[[16, 9, 17, 10], [18, 5, 19, 6], [20, 4, 21, 3], [22, 13, 23, 14], [24, 20, 1, 19], [2, 7, 3, 8], [4, 24, 5, 23], [6, 1, 7, 2], [8, 12, 9, 11], [10, 15, 11, 16], [12, 21, 13, 22], [14, 18, 15, 17]]"
12a_0133_80,"[[14, 18, 15, 17], [16, 9, 17, 10], [18, 5, 19, 6], [20, 4, 21, 3], [22, 13, 23, 14], [24, 20, 1, 19], [2, 7, 3, 8], [4, 24, 5, 23], [6, 1, 7, 2], [8, 12, 9, 11], [10, 15, 11, 16], [12, 21, 13, 22]]"
12a_0133_81,"[[12, 21, 13, 22], [14, 18, 15, 17], [16, 9, 17, 10], [18, 5, 19, 6], [20, 4, 21, 3], [22, 13, 23, 14], [24, 20, 1, 19], [2, 7, 3, 8], [4, 24, 5, 23], [6, 1, 7, 2], [8, 12, 9, 11], [10, 15, 11, 16]]"
12a_0133_82,"[[10, 15, 11, 16], [12, 21, 13, 22], [14, 18, 15, 17], [16, 9, 17, 10], [18, 5, 19, 6], [20, 4, 21, 3], [22, 13, 23, 14], [24, 20, 1, 19], [2, 7, 3, 8], [4, 24, 5, 23], [6, 1, 7, 2], [8, 12, 9, 11]]"
12a_0133_83,"[[8, 12, 9, 11], [10, 15, 11, 16], [12, 21, 13, 22], [14, 18, 15, 17], [16, 9, 17, 10], [18, 5, 19, 6], [20, 4, 21, 3], [22, 13, 23, 14], [24, 20, 1, 19], [2, 7, 3, 8], [4, 24, 5, 23], [6, 1, 7, 2]]"
12a_0133_84,"[[7, 2, 8, 3], [9, 13, 10, 12], [11, 16, 12, 17], [13, 22, 14, 23], [15, 19, 16, 18], [17, 10, 18, 11], [19, 6, 20, 7], [21, 5, 22, 4], [23, 14, 24, 15], [1, 21, 2, 20], [3, 8, 4, 9], [5, 1, 6, 24]]"
12a_0133_85,"[[5, 1, 6, 24], [7, 2, 8, 3], [9, 13, 10, 12], [11, 16, 12, 17], [13, 22, 14, 23], [15, 19, 16, 18], [17, 10, 18, 11], [19, 6, 20, 7], [21, 5, 22, 4], [23, 14, 24, 15], [1, 21, 2, 20], [3, 8, 4, 9]]"
12a_0133_86,"[[3, 8, 4, 9], [5, 1, 6, 24], [7, 2, 8, 3], [9, 13, 10, 12], [11, 16, 12, 17], [13, 22, 14, 23], [15, 19, 16, 18], [17, 10, 18, 11], [19, 6, 20, 7], [21, 5, 22, 4], [23, 14, 24, 15], [1, 21, 2, 20]]"
12a_0133_87,"[[1, 21, 2, 20], [3, 8, 4, 9], [5, 1, 6, 24], [7, 2, 8, 3], [9, 13, 10, 12], [11, 16, 12, 17], [13, 22, 14, 23], [15, 19, 16, 18], [17, 10, 18, 11], [19, 6, 20, 7], [21, 5, 22, 4], [23, 14, 24, 15]]"
12a_0133_88,"[[23, 14, 24, 15], [1, 21, 2, 20], [3, 8, 4, 9], [5, 1, 6, 24], [7, 2, 8, 3], [9, 13, 10, 12], [11, 16, 12, 17], [13, 22, 14, 23], [15, 19, 16, 18], [17, 10, 18, 11], [19, 6, 20, 7], [21, 5, 22, 4]]"
12a_0133_89,"[[21, 5, 22, 4], [23, 14, 24, 15], [1, 21, 2, 20], [3, 8, 4, 9], [5, 1, 6, 24], [7, 2, 8, 3], [9, 13, 10, 12], [11, 16, 12, 17], [13, 22, 14, 23], [15, 19, 16, 18], [17, 10, 18, 11], [19, 6, 20, 7]]"
12a_0133_90,"[[19, 6, 20, 7], [21, 5, 22, 4], [23, 14, 24, 15], [1, 21, 2, 20], [3, 8, 4, 9], [5, 1, 6, 24], [7, 2, 8, 3], [9, 13, 10, 12], [11, 16, 12, 17], [13, 22, 14, 23], [15, 19, 16, 18], [17, 10, 18, 11]]"
12a_0133_91,"[[17, 10, 18, 11], [19, 6, 20, 7], [21, 5, 22, 4], [23, 14, 24, 15], [1, 21, 2, 20], [3, 8, 4, 9], [5, 1, 6, 24], [7, 2, 8, 3], [9, 13, 10, 12], [11, 16, 12, 17], [13, 22, 14, 23], [15, 19, 16, 18]]"
12a_0133_92,"[[15, 19, 16, 18], [17, 10, 18, 11], [19, 6, 20, 7], [21, 5, 22, 4], [23, 14, 24, 15], [1, 21, 2, 20], [3, 8, 4, 9], [5, 1, 6, 24], [7, 2, 8, 3], [9, 13, 10, 12], [11, 16, 12, 17], [13, 22, 14, 23]]"
12a_0133_93,"[[13, 22, 14, 23], [15, 19, 16, 18], [17, 10, 18, 11], [19, 6, 20, 7], [21, 5, 22, 4], [23, 14, 24, 15], [1, 21, 2, 20], [3, 8, 4, 9], [5, 1, 6, 24], [7, 2, 8, 3], [9, 13, 10, 12], [11, 16, 12, 17]]"
12a_0133_94,"[[11, 16, 12, 17], [13, 22, 14, 23], [15, 19, 16, 18], [17, 10, 18, 11], [19, 6, 20, 7], [21, 5, 22, 4], [23, 14, 24, 15], [1, 21, 2, 20], [3, 8, 4, 9], [5, 1, 6, 24], [7, 2, 8, 3], [9, 13, 10, 12]]"
12a_0133_95,"[[9, 13, 10, 12], [11, 16, 12, 17], [13, 22, 14, 23], [15, 19, 16, 18], [17, 10, 18, 11], [19, 6, 20, 7], [21, 5, 22, 4], [23, 14, 24, 15], [1, 21, 2, 20], [3, 8, 4, 9], [5, 1, 6, 24], [7, 2, 8, 3]]"
12a_0133_96,"[[8, 3, 9, 4], [10, 14, 11, 13], [12, 17, 13, 18], [14, 23, 15, 24], [16, 20, 17, 19], [18, 11, 19, 12], [20, 7, 21, 8], [22, 6, 23, 5], [24, 15, 1, 16], [2, 22, 3, 21], [4, 9, 5, 10], [6, 2, 7, 1]]"
12a_0133_97,"[[6, 2, 7, 1], [8, 3, 9, 4], [10, 14, 11, 13], [12, 17, 13, 18], [14, 23, 15, 24], [16, 20, 17, 19], [18, 11, 19, 12], [20, 7, 21, 8], [22, 6, 23, 5], [24, 15, 1, 16], [2, 22, 3, 21], [4, 9, 5, 10]]"
12a_0133_98,"[[4, 9, 5, 10], [6, 2, 7, 1], [8, 3, 9, 4], [10, 14, 11, 13], [12, 17, 13, 18], [14, 23, 15, 24], [16, 20, 17, 19], [18, 11, 19, 12], [20, 7, 21, 8], [22, 6, 23, 5], [24, 15, 1, 16], [2, 22, 3, 21]]"
12a_0133_99,"[[2, 22, 3, 21], [4, 9, 5, 10], [6, 2, 7, 1], [8, 3, 9, 4], [10, 14, 11, 13], [12, 17, 13, 18], [14, 23, 15, 24], [16, 20, 17, 19], [18, 11, 19, 12], [20, 7, 21, 8], [22, 6, 23, 5], [24, 15, 1, 16]]"
12a_0133_100,"[[24, 15, 1, 16], [2, 22, 3, 21], [4, 9, 5, 10], [6, 2, 7, 1], [8, 3, 9, 4], [10, 14, 11, 13], [12, 17, 13, 18], [14, 23, 15, 24], [16, 20, 17, 19], [18, 11, 19, 12], [20, 7, 21, 8], [22, 6, 23, 5]]"
12a_0133_101,"[[22, 6, 23, 5], [24, 15, 1, 16], [2, 22, 3, 21], [4, 9, 5, 10], [6, 2, 7, 1], [8, 3, 9, 4], [10, 14, 11, 13], [12, 17, 13, 18], [14, 23, 15, 24], [16, 20, 17, 19], [18, 11, 19, 12], [20, 7, 21, 8]]"
12a_0133_102,"[[20, 7, 21, 8], [22, 6, 23, 5], [24, 15, 1, 16], [2, 22, 3, 21], [4, 9, 5, 10], [6, 2, 7, 1], [8, 3, 9, 4], [10, 14, 11, 13], [12, 17, 13, 18], [14, 23, 15, 24], [16, 20, 17, 19], [18, 11, 19, 12]]"
12a_0133_103,"[[18, 11, 19, 12], [20, 7, 21, 8], [22, 6, 23, 5], [24, 15, 1, 16], [2, 22, 3, 21], [4, 9, 5, 10], [6, 2, 7, 1], [8, 3, 9, 4], [10, 14, 11, 13], [12, 17, 13, 18], [14, 23, 15, 24], [16, 20, 17, 19]]"
12a_0133_104,"[[16, 20, 17, 19], [18, 11, 19, 12], [20, 7, 21, 8], [22, 6, 23, 5], [24, 15, 1, 16], [2, 22, 3, 21], [4, 9, 5, 10], [6, 2, 7, 1], [8, 3, 9, 4], [10, 14, 11, 13], [12, 17, 13, 18], [14, 23, 15, 24]]"
12a_0133_105,"[[14, 23, 15, 24], [16, 20, 17, 19], [18, 11, 19, 12], [20, 7, 21, 8], [22, 6, 23, 5], [24, 15, 1, 16], [2, 22, 3, 21], [4, 9, 5, 10], [6, 2, 7, 1], [8, 3, 9, 4], [10, 14, 11, 13], [12, 17, 13, 18]]"
12a_0133_106,"[[12, 17, 13, 18], [14, 23, 15, 24], [16, 20, 17, 19], [18, 11, 19, 12], [20, 7, 21, 8], [22, 6, 23, 5], [24, 15, 1, 16], [2, 22, 3, 21], [4, 9, 5, 10], [6, 2, 7, 1], [8, 3, 9, 4], [10, 14, 11, 13]]"
12a_0133_107,"[[10, 14, 11, 13], [12, 17, 13, 18], [14, 23, 15, 24], [16, 20, 17, 19], [18, 11, 19, 12], [20, 7, 21, 8], [22, 6, 23, 5], [24, 15, 1, 16], [2, 22, 3, 21], [4, 9, 5, 10], [6, 2, 7, 1], [8, 3, 9, 4]]"
12a_0133_108,"[[9, 4, 10, 5], [11, 15, 12, 14], [13, 18, 14, 19], [15, 24, 16, 1], [17, 21, 18, 20], [19, 12, 20, 13], [21, 8, 22, 9], [23, 7, 24, 6], [1, 16, 2, 17], [3, 23, 4, 22], [5, 10, 6, 11], [7, 3, 8, 2]]"
12a_0133_109,"[[7, 3, 8, 2], [9, 4, 10, 5], [11, 15, 12, 14], [13, 18, 14, 19], [15, 24, 16, 1], [17, 21, 18, 20], [19, 12, 20, 13], [21, 8, 22, 9], [23, 7, 24, 6], [1, 16, 2, 17], [3, 23, 4, 22], [5, 10, 6, 11]]"
12a_0133_110,"[[5, 10, 6, 11], [7, 3, 8, 2], [9, 4, 10, 5], [11, 15, 12, 14], [13, 18, 14, 19], [15, 24, 16, 1], [17, 21, 18, 20], [19, 12, 20, 13], [21, 8, 22, 9], [23, 7, 24, 6], [1, 16, 2, 17], [3, 23, 4, 22]]"
12a_0133_111,"[[3, 23, 4, 22], [5, 10, 6, 11], [7, 3, 8, 2], [9, 4, 10, 5], [11, 15, 12, 14], [13, 18, 14, 19], [15, 24, 16, 1], [17, 21, 18, 20], [19, 12, 20, 13], [21, 8, 22, 9], [23, 7, 24, 6], [1, 16, 2, 17]]"
12a_0133_112,"[[1, 16, 2, 17], [3, 23, 4, 22], [5, 10, 6, 11], [7, 3, 8, 2], [9, 4, 10, 5], [11, 15, 12, 14], [13, 18, 14, 19], [15, 24, 16, 1], [17, 21, 18, 20], [19, 12, 20, 13], [21, 8, 22, 9], [23, 7, 24, 6]]"
12a_0133_113,"[[23, 7, 24, 6], [1, 16, 2, 17], [3, 23, 4, 22], [5, 10, 6, 11], [7, 3, 8, 2], [9, 4, 10, 5], [11, 15, 12, 14], [13, 18, 14, 19], [15, 24, 16, 1], [17, 21, 18, 20], [19, 12, 20, 13], [21, 8, 22, 9]]"
12a_0133_114,"[[21, 8, 22, 9], [23, 7, 24, 6], [1, 16, 2, 17], [3, 23, 4, 22], [5, 10, 6, 11], [7, 3, 8, 2], [9, 4, 10, 5], [11, 15, 12, 14], [13, 18, 14, 19], [15, 24, 16, 1], [17, 21, 18, 20], [19, 12, 20, 13]]"
12a_0133_115,"[[19, 12, 20, 13], [21, 8, 22, 9], [23, 7, 24, 6], [1, 16, 2, 17], [3, 23, 4, 22], [5, 10, 6, 11], [7, 3, 8, 2], [9, 4, 10, 5], [11, 15, 12, 14], [13, 18, 14, 19], [15, 24, 16, 1], [17, 21, 18, 20]]"
12a_0133_116,"[[17, 21, 18, 20], [19, 12, 20, 13], [21, 8, 22, 9], [23, 7, 24, 6], [1, 16, 2, 17], [3, 23, 4, 22], [5, 10, 6, 11], [7, 3, 8, 2], [9, 4, 10, 5], [11, 15, 12, 14], [13, 18, 14, 19], [15, 24, 16, 1]]"
12a_0133_117,"[[15, 24, 16, 1], [17, 21, 18, 20], [19, 12, 20, 13], [21, 8, 22, 9], [23, 7, 24, 6], [1, 16, 2, 17], [3, 23, 4, 22], [5, 10, 6, 11], [7, 3, 8, 2], [9, 4, 10, 5], [11, 15, 12, 14], [13, 18, 14, 19]]"
12a_0133_118,"[[13, 18, 14, 19], [15, 24, 16, 1], [17, 21, 18, 20], [19, 12, 20, 13], [21, 8, 22, 9], [23, 7, 24, 6], [1, 16, 2, 17], [3, 23, 4, 22], [5, 10, 6, 11], [7, 3, 8, 2], [9, 4, 10, 5], [11, 15, 12, 14]]"
12a_0133_119,"[[11, 15, 12, 14], [13, 18, 14, 19], [15, 24, 16, 1], [17, 21, 18, 20], [19, 12, 20, 13], [21, 8, 22, 9], [23, 7, 24, 6], [1, 16, 2, 17], [3, 23, 4, 22], [5, 10, 6, 11], [7, 3, 8, 2], [9, 4, 10, 5]]"
12a_0133_120,"[[10, 5, 11, 6], [12, 16, 13, 15], [14, 19, 15, 20], [16, 1, 17, 2], [18, 22, 19, 21], [20, 13, 21, 14], [22, 9, 23, 10], [24, 8, 1, 7], [2, 17, 3, 18], [4, 24, 5, 23], [6, 11, 7, 12], [8, 4, 9, 3]]"
12a_0133_121,"[[8, 4, 9, 3], [10, 5, 11, 6], [12, 16, 13, 15], [14, 19, 15, 20], [16, 1, 17, 2], [18, 22, 19, 21], [20, 13, 21, 14], [22, 9, 23, 10], [24, 8, 1, 7], [2, 17, 3, 18], [4, 24, 5, 23], [6, 11, 7, 12]]"
12a_0133_122,"[[6, 11, 7, 12], [8, 4, 9, 3], [10, 5, 11, 6], [12, 16, 13, 15], [14, 19, 15, 20], [16, 1, 17, 2], [18, 22, 19, 21], [20, 13, 21, 14], [22, 9, 23, 10], [24, 8, 1, 7], [2, 17, 3, 18], [4, 24, 5, 23]]"
12a_0133_123,"[[4, 24, 5, 23], [6, 11, 7, 12], [8, 4, 9, 3], [10, 5, 11, 6], [12, 16, 13, 15], [14, 19, 15, 20], [16, 1, 17, 2], [18, 22, 19, 21], [20, 13, 21, 14], [22, 9, 23, 10], [24, 8, 1, 7], [2, 17, 3, 18]]"
12a_0133_124,"[[2, 17, 3, 18], [4, 24, 5, 23], [6, 11, 7, 12], [8, 4, 9, 3], [10, 5, 11, 6], [12, 16, 13, 15], [14, 19, 15, 20], [16, 1, 17, 2], [18, 22, 19, 21], [20, 13, 21, 14], [22, 9, 23, 10], [24, 8, 1, 7]]"
12a_0133_125,"[[24, 8, 1, 7], [2, 17, 3, 18], [4, 24, 5, 23], [6, 11, 7, 12], [8, 4, 9, 3], [10, 5, 11, 6], [12, 16, 13, 15], [14, 19, 15, 20], [16, 1, 17, 2], [18, 22, 19, 21], [20, 13, 21, 14], [22, 9, 23, 10]]"
12a_0133_126,"[[22, 9, 23, 10], [24, 8, 1, 7], [2, 17, 3, 18], [4, 24, 5, 23], [6, 11, 7, 12], [8, 4, 9, 3], [10, 5, 11, 6], [12, 16, 13, 15], [14, 19, 15, 20], [16, 1, 17, 2], [18, 22, 19, 21], [20, 13, 21, 14]]"
12a_0133_127,"[[20, 13, 21, 14], [22, 9, 23, 10], [24, 8, 1, 7], [2, 17, 3, 18], [4, 24, 5, 23], [6, 11, 7, 12], [8, 4, 9, 3], [10, 5, 11, 6], [12, 16, 13, 15], [14, 19, 15, 20], [16, 1, 17, 2], [18, 22, 19, 21]]"
12a_0133_128,"[[18, 22, 19, 21], [20, 13, 21, 14], [22, 9, 23, 10], [24, 8, 1, 7], [2, 17, 3, 18], [4, 24, 5, 23], [6, 11, 7, 12], [8, 4, 9, 3], [10, 5, 11, 6], [12, 16, 13, 15], [14, 19, 15, 20], [16, 1, 17, 2]]"
12a_0133_129,"[[16, 1, 17, 2], [18, 22, 19, 21], [20, 13, 21, 14], [22, 9, 23, 10], [24, 8, 1, 7], [2, 17, 3, 18], [4, 24, 5, 23], [6, 11, 7, 12], [8, 4, 9, 3], [10, 5, 11, 6], [12, 16, 13, 15], [14, 19, 15, 20]]"
12a_0133_130,"[[14, 19, 15, 20], [16, 1, 17, 2], [18, 22, 19, 21], [20, 13, 21, 14], [22, 9, 23, 10], [24, 8, 1, 7], [2, 17, 3, 18], [4, 24, 5, 23], [6, 11, 7, 12], [8, 4, 9, 3], [10, 5, 11, 6], [12, 16, 13, 15]]"
12a_0133_131,"[[12, 16, 13, 15], [14, 19, 15, 20], [16, 1, 17, 2], [18, 22, 19, 21], [20, 13, 21, 14], [22, 9, 23, 10], [24, 8, 1, 7], [2, 17, 3, 18], [4, 24, 5, 23], [6, 11, 7, 12], [8, 4, 9, 3], [10, 5, 11, 6]]"
12a_0133_132,"[[11, 6, 12, 7], [13, 17, 14, 16], [15, 20, 16, 21], [17, 2, 18, 3], [19, 23, 20, 22], [21, 14, 22, 15], [23, 10, 24, 11], [1, 9, 2, 8], [3, 18, 4, 19], [5, 1, 6, 24], [7, 12, 8, 13], [9, 5, 10, 4]]"
12a_0133_133,"[[9, 5, 10, 4], [11, 6, 12, 7], [13, 17, 14, 16], [15, 20, 16, 21], [17, 2, 18, 3], [19, 23, 20, 22], [21, 14, 22, 15], [23, 10, 24, 11], [1, 9, 2, 8], [3, 18, 4, 19], [5, 1, 6, 24], [7, 12, 8, 13]]"
12a_0133_134,"[[7, 12, 8, 13], [9, 5, 10, 4], [11, 6, 12, 7], [13, 17, 14, 16], [15, 20, 16, 21], [17, 2, 18, 3], [19, 23, 20, 22], [21, 14, 22, 15], [23, 10, 24, 11], [1, 9, 2, 8], [3, 18, 4, 19], [5, 1, 6, 24]]"
12a_0133_135,"[[5, 1, 6, 24], [7, 12, 8, 13], [9, 5, 10, 4], [11, 6, 12, 7], [13, 17, 14, 16], [15, 20, 16, 21], [17, 2, 18, 3], [19, 23, 20, 22], [21, 14, 22, 15], [23, 10, 24, 11], [1, 9, 2, 8], [3, 18, 4, 19]]"
12a_0133_136,"[[3, 18, 4, 19], [5, 1, 6, 24], [7, 12, 8, 13], [9, 5, 10, 4], [11, 6, 12, 7], [13, 17, 14, 16], [15, 20, 16, 21], [17, 2, 18, 3], [19, 23, 20, 22], [21, 14, 22, 15], [23, 10, 24, 11], [1, 9, 2, 8]]"
12a_0133_137,"[[1, 9, 2, 8], [3, 18, 4, 19], [5, 1, 6, 24], [7, 12, 8, 13], [9, 5, 10, 4], [11, 6, 12, 7], [13, 17, 14, 16], [15, 20, 16, 21], [17, 2, 18, 3], [19, 23, 20, 22], [21, 14, 22, 15], [23, 10, 24, 11]]"
12a_0133_138,"[[23, 10, 24, 11], [1, 9, 2, 8], [3, 18, 4, 19], [5, 1, 6, 24], [7, 12, 8, 13], [9, 5, 10, 4], [11, 6, 12, 7], [13, 17, 14, 16], [15, 20, 16, 21], [17, 2, 18, 3], [19, 23, 20, 22], [21, 14, 22, 15]]"
12a_0133_139,"[[21, 14, 22, 15], [23, 10, 24, 11], [1, 9, 2, 8], [3, 18, 4, 19], [5, 1, 6, 24], [7, 12, 8, 13], [9, 5, 10, 4], [11, 6, 12, 7], [13, 17, 14, 16], [15, 20, 16, 21], [17, 2, 18, 3], [19, 23, 20, 22]]"
12a_0133_140,"[[19, 23, 20, 22], [21, 14, 22, 15], [23, 10, 24, 11], [1, 9, 2, 8], [3, 18, 4, 19], [5, 1, 6, 24], [7, 12, 8, 13], [9, 5, 10, 4], [11, 6, 12, 7], [13, 17, 14, 16], [15, 20, 16, 21], [17, 2, 18, 3]]"
12a_0133_141,"[[17, 2, 18, 3], [19, 23, 20, 22], [21, 14, 22, 15], [23, 10, 24, 11], [1, 9, 2, 8], [3, 18, 4, 19], [5, 1, 6, 24], [7, 12, 8, 13], [9, 5, 10, 4], [11, 6, 12, 7], [13, 17, 14, 16], [15, 20, 16, 21]]"
12a_0133_142,"[[15, 20, 16, 21], [17, 2, 18, 3], [19, 23, 20, 22], [21, 14, 22, 15], [23, 10, 24, 11], [1, 9, 2, 8], [3, 18, 4, 19], [5, 1, 6, 24], [7, 12, 8, 13], [9, 5, 10, 4], [11, 6, 12, 7], [13, 17, 14, 16]]"
12a_0133_143,"[[13, 17, 14, 16], [15, 20, 16, 21], [17, 2, 18, 3], [19, 23, 20, 22], [21, 14, 22, 15], [23, 10, 24, 11], [1, 9, 2, 8], [3, 18, 4, 19], [5, 1, 6, 24], [7, 12, 8, 13], [9, 5, 10, 4], [11, 6, 12, 7]]"
12a_0133_144,"[[12, 7, 13, 8], [14, 18, 15, 17], [16, 21, 17, 22], [18, 3, 19, 4], [20, 24, 21, 23], [22, 15, 23, 16], [24, 11, 1, 12], [2, 10, 3, 9], [4, 19, 5, 20], [6, 2, 7, 1], [8, 13, 9, 14], [10, 6, 11, 5]]"
12a_0133_145,"[[10, 6, 11, 5], [12, 7, 13, 8], [14, 18, 15, 17], [16, 21, 17, 22], [18, 3, 19, 4], [20, 24, 21, 23], [22, 15, 23, 16], [24, 11, 1, 12], [2, 10, 3, 9], [4, 19, 5, 20], [6, 2, 7, 1], [8, 13, 9, 14]]"
12a_0133_146,"[[8, 13, 9, 14], [10, 6, 11, 5], [12, 7, 13, 8], [14, 18, 15, 17], [16, 21, 17, 22], [18, 3, 19, 4], [20, 24, 21, 23], [22, 15, 23, 16], [24, 11, 1, 12], [2, 10, 3, 9], [4, 19, 5, 20], [6, 2, 7, 1]]"
12a_0133_147,"[[6, 2, 7, 1], [8, 13, 9, 14], [10, 6, 11, 5], [12, 7, 13, 8], [14, 18, 15, 17], [16, 21, 17, 22], [18, 3, 19, 4], [20, 24, 21, 23], [22, 15, 23, 16], [24, 11, 1, 12], [2, 10, 3, 9], [4, 19, 5, 20]]"
12a_0133_148,"[[4, 19, 5, 20], [6, 2, 7, 1], [8, 13, 9, 14], [10, 6, 11, 5], [12, 7, 13, 8], [14, 18, 15, 17], [16, 21, 17, 22], [18, 3, 19, 4], [20, 24, 21, 23], [22, 15, 23, 16], [24, 11, 1, 12], [2, 10, 3, 9]]"
12a_0133_149,"[[2, 10, 3, 9], [4, 19, 5, 20], [6, 2, 7, 1], [8, 13, 9, 14], [10, 6, 11, 5], [12, 7, 13, 8], [14, 18, 15, 17], [16, 21, 17, 22], [18, 3, 19, 4], [20, 24, 21, 23], [22, 15, 23, 16], [24, 11, 1, 12]]"
12a_0133_150,"[[24, 11, 1, 12], [2, 10, 3, 9], [4, 19, 5, 20], [6, 2, 7, 1], [8, 13, 9, 14], [10, 6, 11, 5], [12, 7, 13, 8], [14, 18, 15, 17], [16, 21, 17, 22], [18, 3, 19, 4], [20, 24, 21, 23], [22, 15, 23, 16]]"
12a_0133_151,"[[22, 15, 23, 16], [24, 11, 1, 12], [2, 10, 3, 9], [4, 19, 5, 20], [6, 2, 7, 1], [8, 13, 9, 14], [10, 6, 11, 5], [12, 7, 13, 8], [14, 18, 15, 17], [16, 21, 17, 22], [18, 3, 19, 4], [20, 24, 21, 23]]"
12a_0133_152,"[[20, 24, 21, 23], [22, 15, 23, 16], [24, 11, 1, 12], [2, 10, 3, 9], [4, 19, 5, 20], [6, 2, 7, 1], [8, 13, 9, 14], [10, 6, 11, 5], [12, 7, 13, 8], [14, 18, 15, 17], [16, 21, 17, 22], [18, 3, 19, 4]]"
12a_0133_153,"[[18, 3, 19, 4], [20, 24, 21, 23], [22, 15, 23, 16], [24, 11, 1, 12], [2, 10, 3, 9], [4, 19, 5, 20], [6, 2, 7, 1], [8, 13, 9, 14], [10, 6, 11, 5], [12, 7, 13, 8], [14, 18, 15, 17], [16, 21, 17, 22]]"
12a_0133_154,"[[16, 21, 17, 22], [18, 3, 19, 4], [20, 24, 21, 23], [22, 15, 23, 16], [24, 11, 1, 12], [2, 10, 3, 9], [4, 19, 5, 20], [6, 2, 7, 1], [8, 13, 9, 14], [10, 6, 11, 5], [12, 7, 13, 8], [14, 18, 15, 17]]"
12a_0133_155,"[[14, 18, 15, 17], [16, 21, 17, 22], [18, 3, 19, 4], [20, 24, 21, 23], [22, 15, 23, 16], [24, 11, 1, 12], [2, 10, 3, 9], [4, 19, 5, 20], [6, 2, 7, 1], [8, 13, 9, 14], [10, 6, 11, 5], [12, 7, 13, 8]]"
12a_0133_156,"[[13, 8, 14, 9], [15, 19, 16, 18], [17, 22, 18, 23], [19, 4, 20, 5], [21, 1, 22, 24], [23, 16, 24, 17], [1, 12, 2, 13], [3, 11, 4, 10], [5, 20, 6, 21], [7, 3, 8, 2], [9, 14, 10, 15], [11, 7, 12, 6]]"
12a_0133_157,"[[11, 7, 12, 6], [13, 8, 14, 9], [15, 19, 16, 18], [17, 22, 18, 23], [19, 4, 20, 5], [21, 1, 22, 24], [23, 16, 24, 17], [1, 12, 2, 13], [3, 11, 4, 10], [5, 20, 6, 21], [7, 3, 8, 2], [9, 14, 10, 15]]"
12a_0133_158,"[[9, 14, 10, 15], [11, 7, 12, 6], [13, 8, 14, 9], [15, 19, 16, 18], [17, 22, 18, 23], [19, 4, 20, 5], [21, 1, 22, 24], [23, 16, 24, 17], [1, 12, 2, 13], [3, 11, 4, 10], [5, 20, 6, 21], [7, 3, 8, 2]]"
12a_0133_159,"[[7, 3, 8, 2], [9, 14, 10, 15], [11, 7, 12, 6], [13, 8, 14, 9], [15, 19, 16, 18], [17, 22, 18, 23], [19, 4, 20, 5], [21, 1, 22, 24], [23, 16, 24, 17], [1, 12, 2, 13], [3, 11, 4, 10], [5, 20, 6, 21]]"
12a_0133_160,"[[5, 20, 6, 21], [7, 3, 8, 2], [9, 14, 10, 15], [11, 7, 12, 6], [13, 8, 14, 9], [15, 19, 16, 18], [17, 22, 18, 23], [19, 4, 20, 5], [21, 1, 22, 24], [23, 16, 24, 17], [1, 12, 2, 13], [3, 11, 4, 10]]"
12a_0133_161,"[[3, 11, 4, 10], [5, 20, 6, 21], [7, 3, 8, 2], [9, 14, 10, 15], [11, 7, 12, 6], [13, 8, 14, 9], [15, 19, 16, 18], [17, 22, 18, 23], [19, 4, 20, 5], [21, 1, 22, 24], [23, 16, 24, 17], [1, 12, 2, 13]]"
12a_0133_162,"[[1, 12, 2, 13], [3, 11, 4, 10], [5, 20, 6, 21], [7, 3, 8, 2], [9, 14, 10, 15], [11, 7, 12, 6], [13, 8, 14, 9], [15, 19, 16, 18], [17, 22, 18, 23], [19, 4, 20, 5], [21, 1, 22, 24], [23, 16, 24, 17]]"
12a_0133_163,"[[23, 16, 24, 17], [1, 12, 2, 13], [3, 11, 4, 10], [5, 20, 6, 21], [7, 3, 8, 2], [9, 14, 10, 15], [11, 7, 12, 6], [13, 8, 14, 9], [15, 19, 16, 18], [17, 22, 18, 23], [19, 4, 20, 5], [21, 1, 22, 24]]"
12a_0133_164,"[[21, 1, 22, 24], [23, 16, 24, 17], [1, 12, 2, 13], [3, 11, 4, 10], [5, 20, 6, 21], [7, 3, 8, 2], [9, 14, 10, 15], [11, 7, 12, 6], [13, 8, 14, 9], [15, 19, 16, 18], [17, 22, 18, 23], [19, 4, 20, 5]]"
12a_0133_165,"[[19, 4, 20, 5], [21, 1, 22, 24], [23, 16, 24, 17], [1, 12, 2, 13], [3, 11, 4, 10], [5, 20, 6, 21], [7, 3, 8, 2], [9, 14, 10, 15], [11, 7, 12, 6], [13, 8, 14, 9], [15, 19, 16, 18], [17, 22, 18, 23]]"
12a_0133_166,"[[17, 22, 18, 23], [19, 4, 20, 5], [21, 1, 22, 24], [23, 16, 24, 17], [1, 12, 2, 13], [3, 11, 4, 10], [5, 20, 6, 21], [7, 3, 8, 2], [9, 14, 10, 15], [11, 7, 12, 6], [13, 8, 14, 9], [15, 19, 16, 18]]"
12a_0133_167,"[[15, 19, 16, 18], [17, 22, 18, 23], [19, 4, 20, 5], [21, 1, 22, 24], [23, 16, 24, 17], [1, 12, 2, 13], [3, 11, 4, 10], [5, 20, 6, 21], [7, 3, 8, 2], [9, 14, 10, 15], [11, 7, 12, 6], [13, 8, 14, 9]]"
12a_0133_168,"[[14, 9, 15, 10], [16, 20, 17, 19], [18, 23, 19, 24], [20, 5, 21, 6], [22, 2, 23, 1], [24, 17, 1, 18], [2, 13, 3, 14], [4, 12, 5, 11], [6, 21, 7, 22], [8, 4, 9, 3], [10, 15, 11, 16], [12, 8, 13, 7]]"
12a_0133_169,"[[12, 8, 13, 7], [14, 9, 15, 10], [16, 20, 17, 19], [18, 23, 19, 24], [20, 5, 21, 6], [22, 2, 23, 1], [24, 17, 1, 18], [2, 13, 3, 14], [4, 12, 5, 11], [6, 21, 7, 22], [8, 4, 9, 3], [10, 15, 11, 16]]"
12a_0133_170,"[[10, 15, 11, 16], [12, 8, 13, 7], [14, 9, 15, 10], [16, 20, 17, 19], [18, 23, 19, 24], [20, 5, 21, 6], [22, 2, 23, 1], [24, 17, 1, 18], [2, 13, 3, 14], [4, 12, 5, 11], [6, 21, 7, 22], [8, 4, 9, 3]]"
12a_0133_171,"[[8, 4, 9, 3], [10, 15, 11, 16], [12, 8, 13, 7], [14, 9, 15, 10], [16, 20, 17, 19], [18, 23, 19, 24], [20, 5, 21, 6], [22, 2, 23, 1], [24, 17, 1, 18], [2, 13, 3, 14], [4, 12, 5, 11], [6, 21, 7, 22]]"
12a_0133_172,"[[6, 21, 7, 22], [8, 4, 9, 3], [10, 15, 11, 16], [12, 8, 13, 7], [14, 9, 15, 10], [16, 20, 17, 19], [18, 23, 19, 24], [20, 5, 21, 6], [22, 2, 23, 1], [24, 17, 1, 18], [2, 13, 3, 14], [4, 12, 5, 11]]"
12a_0133_173,"[[4, 12, 5, 11], [6, 21, 7, 22], [8, 4, 9, 3], [10, 15, 11, 16], [12, 8, 13, 7], [14, 9, 15, 10], [16, 20, 17, 19], [18, 23, 19, 24], [20, 5, 21, 6], [22, 2, 23, 1], [24, 17, 1, 18], [2, 13, 3, 14]]"
12a_0133_174,"[[2, 13, 3, 14], [4, 12, 5, 11], [6, 21, 7, 22], [8, 4, 9, 3], [10, 15, 11, 16], [12, 8, 13, 7], [14, 9, 15, 10], [16, 20, 17, 19], [18, 23, 19, 24], [20, 5, 21, 6], [22, 2, 23, 1], [24, 17, 1, 18]]"
12a_0133_175,"[[24, 17, 1, 18], [2, 13, 3, 14], [4, 12, 5, 11], [6, 21, 7, 22], [8, 4, 9, 3], [10, 15, 11, 16], [12, 8, 13, 7], [14, 9, 15, 10], [16, 20, 17, 19], [18, 23, 19, 24], [20, 5, 21, 6], [22, 2, 23, 1]]"
12a_0133_176,"[[22, 2, 23, 1], [24, 17, 1, 18], [2, 13, 3, 14], [4, 12, 5, 11], [6, 21, 7, 22], [8, 4, 9, 3], [10, 15, 11, 16], [12, 8, 13, 7], [14, 9, 15, 10], [16, 20, 17, 19], [18, 23, 19, 24], [20, 5, 21, 6]]"
12a_0133_177,"[[20, 5, 21, 6], [22, 2, 23, 1], [24, 17, 1, 18], [2, 13, 3, 14], [4, 12, 5, 11], [6, 21, 7, 22], [8, 4, 9, 3], [10, 15, 11, 16], [12, 8, 13, 7], [14, 9, 15, 10], [16, 20, 17, 19], [18, 23, 19, 24]]"
12a_0133_178,"[[18, 23, 19, 24], [20, 5, 21, 6], [22, 2, 23, 1], [24, 17, 1, 18], [2, 13, 3, 14], [4, 12, 5, 11], [6, 21, 7, 22], [8, 4, 9, 3], [10, 15, 11, 16], [12, 8, 13, 7], [14, 9, 15, 10], [16, 20, 17, 19]]"
12a_0133_179,"[[16, 20, 17, 19], [18, 23, 19, 24], [20, 5, 21, 6], [22, 2, 23, 1], [24, 17, 1, 18], [2, 13, 3, 14], [4, 12, 5, 11], [6, 21, 7, 22], [8, 4, 9, 3], [10, 15, 11, 16], [12, 8, 13, 7], [14, 9, 15, 10]]"
12a_0133_180,"[[15, 10, 16, 11], [17, 21, 18, 20], [19, 24, 20, 1], [21, 6, 22, 7], [23, 3, 24, 2], [1, 18, 2, 19], [3, 14, 4, 15], [5, 13, 6, 12], [7, 22, 8, 23], [9, 5, 10, 4], [11, 16, 12, 17], [13, 9, 14, 8]]"
12a_0133_181,"[[13, 9, 14, 8], [15, 10, 16, 11], [17, 21, 18, 20], [19, 24, 20, 1], [21, 6, 22, 7], [23, 3, 24, 2], [1, 18, 2, 19], [3, 14, 4, 15], [5, 13, 6, 12], [7, 22, 8, 23], [9, 5, 10, 4], [11, 16, 12, 17]]"
12a_0133_182,"[[11, 16, 12, 17], [13, 9, 14, 8], [15, 10, 16, 11], [17, 21, 18, 20], [19, 24, 20, 1], [21, 6, 22, 7], [23, 3, 24, 2], [1, 18, 2, 19], [3, 14, 4, 15], [5, 13, 6, 12], [7, 22, 8, 23], [9, 5, 10, 4]]"
12a_0133_183,"[[9, 5, 10, 4], [11, 16, 12, 17], [13, 9, 14, 8], [15, 10, 16, 11], [17, 21, 18, 20], [19, 24, 20, 1], [21, 6, 22, 7], [23, 3, 24, 2], [1, 18, 2, 19], [3, 14, 4, 15], [5, 13, 6, 12], [7, 22, 8, 23]]"
12a_0133_184,"[[7, 22, 8, 23], [9, 5, 10, 4], [11, 16, 12, 17], [13, 9, 14, 8], [15, 10, 16, 11], [17, 21, 18, 20], [19, 24, 20, 1], [21, 6, 22, 7], [23, 3, 24, 2], [1, 18, 2, 19], [3, 14, 4, 15], [5, 13, 6, 12]]"
12a_0133_185,"[[5, 13, 6, 12], [7, 22, 8, 23], [9, 5, 10, 4], [11, 16, 12, 17], [13, 9, 14, 8], [15, 10, 16, 11], [17, 21, 18, 20], [19, 24, 20, 1], [21, 6, 22, 7], [23, 3, 24, 2], [1, 18, 2, 19], [3, 14, 4, 15]]"
