name,pd_notation
12a_1133_0,"[[24, 9, 1, 10], [2, 8, 3, 7], [4, 16, 5, 15], [6, 18, 7, 17], [8, 19, 9, 20], [10, 21, 11, 22], [12, 23, 13, 24], [14, 6, 15, 5], [16, 4, 17, 3], [18, 1, 19, 2], [20, 13, 21, 14], [22, 11, 23, 12]]"
12a_1133_1,"[[22, 11, 23, 12], [24, 9, 1, 10], [2, 8, 3, 7], [4, 16, 5, 15], [6, 18, 7, 17], [8, 19, 9, 20], [10, 21, 11, 22], [12, 23, 13, 24], [14, 6, 15, 5], [16, 4, 17, 3], [18, 1, 19, 2], [20, 13, 21, 14]]"
12a_1133_2,"[[20, 13, 21, 14], [22, 11, 23, 12], [24, 9, 1, 10], [2, 8, 3, 7], [4, 16, 5, 15], [6, 18, 7, 17], [8, 19, 9, 20], [10, 21, 11, 22], [12, 23, 13, 24], [14, 6, 15, 5], [16, 4, 17, 3], [18, 1, 19, 2]]"
12a_1133_3,"[[18, 1, 19, 2], [20, 13, 21, 14], [22, 11, 23, 12], [24, 9, 1, 10], [2, 8, 3, 7], [4, 16, 5, 15], [6, 18, 7, 17], [8, 19, 9, 20], [10, 21, 11, 22], [12, 23, 13, 24], [14, 6, 15, 5], [16, 4, 17, 3]]"
12a_1133_4,"[[16, 4, 17, 3], [18, 1, 19, 2], [20, 13, 21, 14], [22, 11, 23, 12], [24, 9, 1, 10], [2, 8, 3, 7], [4, 16, 5, 15], [6, 18, 7, 17], [8, 19, 9, 20], [10, 21, 11, 22], [12, 23, 13, 24], [14, 6, 15, 5]]"
12a_1133_5,"[[14, 6, 15, 5], [16, 4, 17, 3], [18, 1, 19, 2], [20, 13, 21, 14], [22, 11, 23, 12], [24, 9, 1, 10], [2, 8, 3, 7], [4, 16, 5, 15], [6, 18, 7, 17], [8, 19, 9, 20], [10, 21, 11, 22], [12, 23, 13, 24]]"
12a_1133_6,"[[12, 23, 13, 24], [14, 6, 15, 5], [16, 4, 17, 3], [18, 1, 19, 2], [20, 13, 21, 14], [22, 11, 23, 12], [24, 9, 1, 10], [2, 8, 3, 7], [4, 16, 5, 15], [6, 18, 7, 17], [8, 19, 9, 20], [10, 21, 11, 22]]"
12a_1133_7,"[[10, 21, 11, 22], [12, 23, 13, 24], [14, 6, 15, 5], [16, 4, 17, 3], [18, 1, 19, 2], [20, 13, 21, 14], [22, 11, 23, 12], [24, 9, 1, 10], [2, 8, 3, 7], [4, 16, 5, 15], [6, 18, 7, 17], [8, 19, 9, 20]]"
12a_1133_8,"[[8, 19, 9, 20], [10, 21, 11, 22], [12, 23, 13, 24], [14, 6, 15, 5], [16, 4, 17, 3], [18, 1, 19, 2], [20, 13, 21, 14], [22, 11, 23, 12], [24, 9, 1, 10], [2, 8, 3, 7], [4, 16, 5, 15], [6, 18, 7, 17]]"
12a_1133_9,"[[6, 18, 7, 17], [8, 19, 9, 20], [10, 21, 11, 22], [12, 23, 13, 24], [14, 6, 15, 5], [16, 4, 17, 3], [18, 1, 19, 2], [20, 13, 21, 14], [22, 11, 23, 12], [24, 9, 1, 10], [2, 8, 3, 7], [4, 16, 5, 15]]"
12a_1133_10,"[[4, 16, 5, 15], [6, 18, 7, 17], [8, 19, 9, 20], [10, 21, 11, 22], [12, 23, 13, 24], [14, 6, 15, 5], [16, 4, 17, 3], [18, 1, 19, 2], [20, 13, 21, 14], [22, 11, 23, 12], [24, 9, 1, 10], [2, 8, 3, 7]]"
12a_1133_11,"[[2, 8, 3, 7], [4, 16, 5, 15], [6, 18, 7, 17], [8, 19, 9, 20], [10, 21, 11, 22], [12, 23, 13, 24], [14, 6, 15, 5], [16, 4, 17, 3], [18, 1, 19, 2], [20, 13, 21, 14], [22, 11, 23, 12], [24, 9, 1, 10]]"
12a_1133_12,"[[1, 10, 2, 11], [3, 9, 4, 8], [5, 17, 6, 16], [7, 19, 8, 18], [9, 20, 10, 21], [11, 22, 12, 23], [13, 24, 14, 1], [15, 7, 16, 6], [17, 5, 18, 4], [19, 2, 20, 3], [21, 14, 22, 15], [23, 12, 24, 13]]"
12a_1133_13,"[[23, 12, 24, 13], [1, 10, 2, 11], [3, 9, 4, 8], [5, 17, 6, 16], [7, 19, 8, 18], [9, 20, 10, 21], [11, 22, 12, 23], [13, 24, 14, 1], [15, 7, 16, 6], [17, 5, 18, 4], [19, 2, 20, 3], [21, 14, 22, 15]]"
12a_1133_14,"[[21, 14, 22, 15], [23, 12, 24, 13], [1, 10, 2, 11], [3, 9, 4, 8], [5, 17, 6, 16], [7, 19, 8, 18], [9, 20, 10, 21], [11, 22, 12, 23], [13, 24, 14, 1], [15, 7, 16, 6], [17, 5, 18, 4], [19, 2, 20, 3]]"
12a_1133_15,"[[19, 2, 20, 3], [21, 14, 22, 15], [23, 12, 24, 13], [1, 10, 2, 11], [3, 9, 4, 8], [5, 17, 6, 16], [7, 19, 8, 18], [9, 20, 10, 21], [11, 22, 12, 23], [13, 24, 14, 1], [15, 7, 16, 6], [17, 5, 18, 4]]"
12a_1133_16,"[[17, 5, 18, 4], [19, 2, 20, 3], [21, 14, 22, 15], [23, 12, 24, 13], [1, 10, 2, 11], [3, 9, 4, 8], [5, 17, 6, 16], [7, 19, 8, 18], [9, 20, 10, 21], [11, 22, 12, 23], [13, 24, 14, 1], [15, 7, 16, 6]]"
12a_1133_17,"[[15, 7, 16, 6], [17, 5, 18, 4], [19, 2, 20, 3], [21, 14, 22, 15], [23, 12, 24, 13], [1, 10, 2, 11], [3, 9, 4, 8], [5, 17, 6, 16], [7, 19, 8, 18], [9, 20, 10, 21], [11, 22, 12, 23], [13, 24, 14, 1]]"
12a_1133_18,"[[13, 24, 14, 1], [15, 7, 16, 6], [17, 5, 18, 4], [19, 2, 20, 3], [21, 14, 22, 15], [23, 12, 24, 13], [1, 10, 2, 11], [3, 9, 4, 8], [5, 17, 6, 16], [7, 19, 8, 18], [9, 20, 10, 21], [11, 22, 12, 23]]"
12a_1133_19,"[[11, 22, 12, 23], [13, 24, 14, 1], [15, 7, 16, 6], [17, 5, 18, 4], [19, 2, 20, 3], [21, 14, 22, 15], [23, 12, 24, 13], [1, 10, 2, 11], [3, 9, 4, 8], [5, 17, 6, 16], [7, 19, 8, 18], [9, 20, 10, 21]]"
12a_1133_20,"[[9, 20, 10, 21], [11, 22, 12, 23], [13, 24, 14, 1], [15, 7, 16, 6], [17, 5, 18, 4], [19, 2, 20, 3], [21, 14, 22, 15], [23, 12, 24, 13], [1, 10, 2, 11], [3, 9, 4, 8], [5, 17, 6, 16], [7, 19, 8, 18]]"
12a_1133_21,"[[7, 19, 8, 18], [9, 20, 10, 21], [11, 22, 12, 23], [13, 24, 14, 1], [15, 7, 16, 6], [17, 5, 18, 4], [19, 2, 20, 3], [21, 14, 22, 15], [23, 12, 24, 13], [1, 10, 2, 11], [3, 9, 4, 8], [5, 17, 6, 16]]"
12a_1133_22,"[[5, 17, 6, 16], [7, 19, 8, 18], [9, 20, 10, 21], [11, 22, 12, 23], [13, 24, 14, 1], [15, 7, 16, 6], [17, 5, 18, 4], [19, 2, 20, 3], [21, 14, 22, 15], [23, 12, 24, 13], [1, 10, 2, 11], [3, 9, 4, 8]]"
12a_1133_23,"[[3, 9, 4, 8], [5, 17, 6, 16], [7, 19, 8, 18], [9, 20, 10, 21], [11, 22, 12, 23], [13, 24, 14, 1], [15, 7, 16, 6], [17, 5, 18, 4], [19, 2, 20, 3], [21, 14, 22, 15], [23, 12, 24, 13], [1, 10, 2, 11]]"
12a_1133_24,"[[2, 11, 3, 12], [4, 10, 5, 9], [6, 18, 7, 17], [8, 20, 9, 19], [10, 21, 11, 22], [12, 23, 13, 24], [14, 1, 15, 2], [16, 8, 17, 7], [18, 6, 19, 5], [20, 3, 21, 4], [22, 15, 23, 16], [24, 13, 1, 14]]"
12a_1133_25,"[[24, 13, 1, 14], [2, 11, 3, 12], [4, 10, 5, 9], [6, 18, 7, 17], [8, 20, 9, 19], [10, 21, 11, 22], [12, 23, 13, 24], [14, 1, 15, 2], [16, 8, 17, 7], [18, 6, 19, 5], [20, 3, 21, 4], [22, 15, 23, 16]]"
12a_1133_26,"[[22, 15, 23, 16], [24, 13, 1, 14], [2, 11, 3, 12], [4, 10, 5, 9], [6, 18, 7, 17], [8, 20, 9, 19], [10, 21, 11, 22], [12, 23, 13, 24], [14, 1, 15, 2], [16, 8, 17, 7], [18, 6, 19, 5], [20, 3, 21, 4]]"
12a_1133_27,"[[20, 3, 21, 4], [22, 15, 23, 16], [24, 13, 1, 14], [2, 11, 3, 12], [4, 10, 5, 9], [6, 18, 7, 17], [8, 20, 9, 19], [10, 21, 11, 22], [12, 23, 13, 24], [14, 1, 15, 2], [16, 8, 17, 7], [18, 6, 19, 5]]"
12a_1133_28,"[[18, 6, 19, 5], [20, 3, 21, 4], [22, 15, 23, 16], [24, 13, 1, 14], [2, 11, 3, 12], [4, 10, 5, 9], [6, 18, 7, 17], [8, 20, 9, 19], [10, 21, 11, 22], [12, 23, 13, 24], [14, 1, 15, 2], [16, 8, 17, 7]]"
12a_1133_29,"[[16, 8, 17, 7], [18, 6, 19, 5], [20, 3, 21, 4], [22, 15, 23, 16], [24, 13, 1, 14], [2, 11, 3, 12], [4, 10, 5, 9], [6, 18, 7, 17], [8, 20, 9, 19], [10, 21, 11, 22], [12, 23, 13, 24], [14, 1, 15, 2]]"
12a_1133_30,"[[14, 1, 15, 2], [16, 8, 17, 7], [18, 6, 19, 5], [20, 3, 21, 4], [22, 15, 23, 16], [24, 13, 1, 14], [2, 11, 3, 12], [4, 10, 5, 9], [6, 18, 7, 17], [8, 20, 9, 19], [10, 21, 11, 22], [12, 23, 13, 24]]"
12a_1133_31,"[[12, 23, 13, 24], [14, 1, 15, 2], [16, 8, 17, 7], [18, 6, 19, 5], [20, 3, 21, 4], [22, 15, 23, 16], [24, 13, 1, 14], [2, 11, 3, 12], [4, 10, 5, 9], [6, 18, 7, 17], [8, 20, 9, 19], [10, 21, 11, 22]]"
12a_1133_32,"[[10, 21, 11, 22], [12, 23, 13, 24], [14, 1, 15, 2], [16, 8, 17, 7], [18, 6, 19, 5], [20, 3, 21, 4], [22, 15, 23, 16], [24, 13, 1, 14], [2, 11, 3, 12], [4, 10, 5, 9], [6, 18, 7, 17], [8, 20, 9, 19]]"
12a_1133_33,"[[8, 20, 9, 19], [10, 21, 11, 22], [12, 23, 13, 24], [14, 1, 15, 2], [16, 8, 17, 7], [18, 6, 19, 5], [20, 3, 21, 4], [22, 15, 23, 16], [24, 13, 1, 14], [2, 11, 3, 12], [4, 10, 5, 9], [6, 18, 7, 17]]"
12a_1133_34,"[[6, 18, 7, 17], [8, 20, 9, 19], [10, 21, 11, 22], [12, 23, 13, 24], [14, 1, 15, 2], [16, 8, 17, 7], [18, 6, 19, 5], [20, 3, 21, 4], [22, 15, 23, 16], [24, 13, 1, 14], [2, 11, 3, 12], [4, 10, 5, 9]]"
12a_1133_35,"[[4, 10, 5, 9], [6, 18, 7, 17], [8, 20, 9, 19], [10, 21, 11, 22], [12, 23, 13, 24], [14, 1, 15, 2], [16, 8, 17, 7], [18, 6, 19, 5], [20, 3, 21, 4], [22, 15, 23, 16], [24, 13, 1, 14], [2, 11, 3, 12]]"
12a_1133_36,"[[3, 12, 4, 13], [5, 11, 6, 10], [7, 19, 8, 18], [9, 21, 10, 20], [11, 22, 12, 23], [13, 24, 14, 1], [15, 2, 16, 3], [17, 9, 18, 8], [19, 7, 20, 6], [21, 4, 22, 5], [23, 16, 24, 17], [1, 14, 2, 15]]"
12a_1133_37,"[[1, 14, 2, 15], [3, 12, 4, 13], [5, 11, 6, 10], [7, 19, 8, 18], [9, 21, 10, 20], [11, 22, 12, 23], [13, 24, 14, 1], [15, 2, 16, 3], [17, 9, 18, 8], [19, 7, 20, 6], [21, 4, 22, 5], [23, 16, 24, 17]]"
12a_1133_38,"[[23, 16, 24, 17], [1, 14, 2, 15], [3, 12, 4, 13], [5, 11, 6, 10], [7, 19, 8, 18], [9, 21, 10, 20], [11, 22, 12, 23], [13, 24, 14, 1], [15, 2, 16, 3], [17, 9, 18, 8], [19, 7, 20, 6], [21, 4, 22, 5]]"
12a_1133_39,"[[21, 4, 22, 5], [23, 16, 24, 17], [1, 14, 2, 15], [3, 12, 4, 13], [5, 11, 6, 10], [7, 19, 8, 18], [9, 21, 10, 20], [11, 22, 12, 23], [13, 24, 14, 1], [15, 2, 16, 3], [17, 9, 18, 8], [19, 7, 20, 6]]"
12a_1133_40,"[[19, 7, 20, 6], [21, 4, 22, 5], [23, 16, 24, 17], [1, 14, 2, 15], [3, 12, 4, 13], [5, 11, 6, 10], [7, 19, 8, 18], [9, 21, 10, 20], [11, 22, 12, 23], [13, 24, 14, 1], [15, 2, 16, 3], [17, 9, 18, 8]]"
12a_1133_41,"[[17, 9, 18, 8], [19, 7, 20, 6], [21, 4, 22, 5], [23, 16, 24, 17], [1, 14, 2, 15], [3, 12, 4, 13], [5, 11, 6, 10], [7, 19, 8, 18], [9, 21, 10, 20], [11, 22, 12, 23], [13, 24, 14, 1], [15, 2, 16, 3]]"
12a_1133_42,"[[15, 2, 16, 3], [17, 9, 18, 8], [19, 7, 20, 6], [21, 4, 22, 5], [23, 16, 24, 17], [1, 14, 2, 15], [3, 12, 4, 13], [5, 11, 6, 10], [7, 19, 8, 18], [9, 21, 10, 20], [11, 22, 12, 23], [13, 24, 14, 1]]"
12a_1133_43,"[[13, 24, 14, 1], [15, 2, 16, 3], [17, 9, 18, 8], [19, 7, 20, 6], [21, 4, 22, 5], [23, 16, 24, 17], [1, 14, 2, 15], [3, 12, 4, 13], [5, 11, 6, 10], [7, 19, 8, 18], [9, 21, 10, 20], [11, 22, 12, 23]]"
12a_1133_44,"[[11, 22, 12, 23], [13, 24, 14, 1], [15, 2, 16, 3], [17, 9, 18, 8], [19, 7, 20, 6], [21, 4, 22, 5], [23, 16, 24, 17], [1, 14, 2, 15], [3, 12, 4, 13], [5, 11, 6, 10], [7, 19, 8, 18], [9, 21, 10, 20]]"
12a_1133_45,"[[9, 21, 10, 20], [11, 22, 12, 23], [13, 24, 14, 1], [15, 2, 16, 3], [17, 9, 18, 8], [19, 7, 20, 6], [21, 4, 22, 5], [23, 16, 24, 17], [1, 14, 2, 15], [3, 12, 4, 13], [5, 11, 6, 10], [7, 19, 8, 18]]"
12a_1133_46,"[[7, 19, 8, 18], [9, 21, 10, 20], [11, 22, 12, 23], [13, 24, 14, 1], [15, 2, 16, 3], [17, 9, 18, 8], [19, 7, 20, 6], [21, 4, 22, 5], [23, 16, 24, 17], [1, 14, 2, 15], [3, 12, 4, 13], [5, 11, 6, 10]]"
12a_1133_47,"[[5, 11, 6, 10], [7, 19, 8, 18], [9, 21, 10, 20], [11, 22, 12, 23], [13, 24, 14, 1], [15, 2, 16, 3], [17, 9, 18, 8], [19, 7, 20, 6], [21, 4, 22, 5], [23, 16, 24, 17], [1, 14, 2, 15], [3, 12, 4, 13]]"
12a_1133_48,"[[4, 13, 5, 14], [6, 12, 7, 11], [8, 20, 9, 19], [10, 22, 11, 21], [12, 23, 13, 24], [14, 1, 15, 2], [16, 3, 17, 4], [18, 10, 19, 9], [20, 8, 21, 7], [22, 5, 23, 6], [24, 17, 1, 18], [2, 15, 3, 16]]"
12a_1133_49,"[[2, 15, 3, 16], [4, 13, 5, 14], [6, 12, 7, 11], [8, 20, 9, 19], [10, 22, 11, 21], [12, 23, 13, 24], [14, 1, 15, 2], [16, 3, 17, 4], [18, 10, 19, 9], [20, 8, 21, 7], [22, 5, 23, 6], [24, 17, 1, 18]]"
12a_1133_50,"[[24, 17, 1, 18], [2, 15, 3, 16], [4, 13, 5, 14], [6, 12, 7, 11], [8, 20, 9, 19], [10, 22, 11, 21], [12, 23, 13, 24], [14, 1, 15, 2], [16, 3, 17, 4], [18, 10, 19, 9], [20, 8, 21, 7], [22, 5, 23, 6]]"
12a_1133_51,"[[22, 5, 23, 6], [24, 17, 1, 18], [2, 15, 3, 16], [4, 13, 5, 14], [6, 12, 7, 11], [8, 20, 9, 19], [10, 22, 11, 21], [12, 23, 13, 24], [14, 1, 15, 2], [16, 3, 17, 4], [18, 10, 19, 9], [20, 8, 21, 7]]"
12a_1133_52,"[[20, 8, 21, 7], [22, 5, 23, 6], [24, 17, 1, 18], [2, 15, 3, 16], [4, 13, 5, 14], [6, 12, 7, 11], [8, 20, 9, 19], [10, 22, 11, 21], [12, 23, 13, 24], [14, 1, 15, 2], [16, 3, 17, 4], [18, 10, 19, 9]]"
12a_1133_53,"[[18, 10, 19, 9], [20, 8, 21, 7], [22, 5, 23, 6], [24, 17, 1, 18], [2, 15, 3, 16], [4, 13, 5, 14], [6, 12, 7, 11], [8, 20, 9, 19], [10, 22, 11, 21], [12, 23, 13, 24], [14, 1, 15, 2], [16, 3, 17, 4]]"
12a_1133_54,"[[16, 3, 17, 4], [18, 10, 19, 9], [20, 8, 21, 7], [22, 5, 23, 6], [24, 17, 1, 18], [2, 15, 3, 16], [4, 13, 5, 14], [6, 12, 7, 11], [8, 20, 9, 19], [10, 22, 11, 21], [12, 23, 13, 24], [14, 1, 15, 2]]"
12a_1133_55,"[[14, 1, 15, 2], [16, 3, 17, 4], [18, 10, 19, 9], [20, 8, 21, 7], [22, 5, 23, 6], [24, 17, 1, 18], [2, 15, 3, 16], [4, 13, 5, 14], [6, 12, 7, 11], [8, 20, 9, 19], [10, 22, 11, 21], [12, 23, 13, 24]]"
12a_1133_56,"[[12, 23, 13, 24], [14, 1, 15, 2], [16, 3, 17, 4], [18, 10, 19, 9], [20, 8, 21, 7], [22, 5, 23, 6], [24, 17, 1, 18], [2, 15, 3, 16], [4, 13, 5, 14], [6, 12, 7, 11], [8, 20, 9, 19], [10, 22, 11, 21]]"
12a_1133_57,"[[10, 22, 11, 21], [12, 23, 13, 24], [14, 1, 15, 2], [16, 3, 17, 4], [18, 10, 19, 9], [20, 8, 21, 7], [22, 5, 23, 6], [24, 17, 1, 18], [2, 15, 3, 16], [4, 13, 5, 14], [6, 12, 7, 11], [8, 20, 9, 19]]"
12a_1133_58,"[[8, 20, 9, 19], [10, 22, 11, 21], [12, 23, 13, 24], [14, 1, 15, 2], [16, 3, 17, 4], [18, 10, 19, 9], [20, 8, 21, 7], [22, 5, 23, 6], [24, 17, 1, 18], [2, 15, 3, 16], [4, 13, 5, 14], [6, 12, 7, 11]]"
12a_1133_59,"[[6, 12, 7, 11], [8, 20, 9, 19], [10, 22, 11, 21], [12, 23, 13, 24], [14, 1, 15, 2], [16, 3, 17, 4], [18, 10, 19, 9], [20, 8, 21, 7], [22, 5, 23, 6], [24, 17, 1, 18], [2, 15, 3, 16], [4, 13, 5, 14]]"
12a_1133_60,"[[5, 14, 6, 15], [7, 13, 8, 12], [9, 21, 10, 20], [11, 23, 12, 22], [13, 24, 14, 1], [15, 2, 16, 3], [17, 4, 18, 5], [19, 11, 20, 10], [21, 9, 22, 8], [23, 6, 24, 7], [1, 18, 2, 19], [3, 16, 4, 17]]"
12a_1133_61,"[[3, 16, 4, 17], [5, 14, 6, 15], [7, 13, 8, 12], [9, 21, 10, 20], [11, 23, 12, 22], [13, 24, 14, 1], [15, 2, 16, 3], [17, 4, 18, 5], [19, 11, 20, 10], [21, 9, 22, 8], [23, 6, 24, 7], [1, 18, 2, 19]]"
12a_1133_62,"[[1, 18, 2, 19], [3, 16, 4, 17], [5, 14, 6, 15], [7, 13, 8, 12], [9, 21, 10, 20], [11, 23, 12, 22], [13, 24, 14, 1], [15, 2, 16, 3], [17, 4, 18, 5], [19, 11, 20, 10], [21, 9, 22, 8], [23, 6, 24, 7]]"
12a_1133_63,"[[23, 6, 24, 7], [1, 18, 2, 19], [3, 16, 4, 17], [5, 14, 6, 15], [7, 13, 8, 12], [9, 21, 10, 20], [11, 23, 12, 22], [13, 24, 14, 1], [15, 2, 16, 3], [17, 4, 18, 5], [19, 11, 20, 10], [21, 9, 22, 8]]"
12a_1133_64,"[[21, 9, 22, 8], [23, 6, 24, 7], [1, 18, 2, 19], [3, 16, 4, 17], [5, 14, 6, 15], [7, 13, 8, 12], [9, 21, 10, 20], [11, 23, 12, 22], [13, 24, 14, 1], [15, 2, 16, 3], [17, 4, 18, 5], [19, 11, 20, 10]]"
12a_1133_65,"[[19, 11, 20, 10], [21, 9, 22, 8], [23, 6, 24, 7], [1, 18, 2, 19], [3, 16, 4, 17], [5, 14, 6, 15], [7, 13, 8, 12], [9, 21, 10, 20], [11, 23, 12, 22], [13, 24, 14, 1], [15, 2, 16, 3], [17, 4, 18, 5]]"
12a_1133_66,"[[17, 4, 18, 5], [19, 11, 20, 10], [21, 9, 22, 8], [23, 6, 24, 7], [1, 18, 2, 19], [3, 16, 4, 17], [5, 14, 6, 15], [7, 13, 8, 12], [9, 21, 10, 20], [11, 23, 12, 22], [13, 24, 14, 1], [15, 2, 16, 3]]"
12a_1133_67,"[[15, 2, 16, 3], [17, 4, 18, 5], [19, 11, 20, 10], [21, 9, 22, 8], [23, 6, 24, 7], [1, 18, 2, 19], [3, 16, 4, 17], [5, 14, 6, 15], [7, 13, 8, 12], [9, 21, 10, 20], [11, 23, 12, 22], [13, 24, 14, 1]]"
12a_1133_68,"[[13, 24, 14, 1], [15, 2, 16, 3], [17, 4, 18, 5], [19, 11, 20, 10], [21, 9, 22, 8], [23, 6, 24, 7], [1, 18, 2, 19], [3, 16, 4, 17], [5, 14, 6, 15], [7, 13, 8, 12], [9, 21, 10, 20], [11, 23, 12, 22]]"
12a_1133_69,"[[11, 23, 12, 22], [13, 24, 14, 1], [15, 2, 16, 3], [17, 4, 18, 5], [19, 11, 20, 10], [21, 9, 22, 8], [23, 6, 24, 7], [1, 18, 2, 19], [3, 16, 4, 17], [5, 14, 6, 15], [7, 13, 8, 12], [9, 21, 10, 20]]"
12a_1133_70,"[[9, 21, 10, 20], [11, 23, 12, 22], [13, 24, 14, 1], [15, 2, 16, 3], [17, 4, 18, 5], [19, 11, 20, 10], [21, 9, 22, 8], [23, 6, 24, 7], [1, 18, 2, 19], [3, 16, 4, 17], [5, 14, 6, 15], [7, 13, 8, 12]]"
12a_1133_71,"[[7, 13, 8, 12], [9, 21, 10, 20], [11, 23, 12, 22], [13, 24, 14, 1], [15, 2, 16, 3], [17, 4, 18, 5], [19, 11, 20, 10], [21, 9, 22, 8], [23, 6, 24, 7], [1, 18, 2, 19], [3, 16, 4, 17], [5, 14, 6, 15]]"
12a_1133_72,"[[6, 15, 7, 16], [8, 14, 9, 13], [10, 22, 11, 21], [12, 24, 13, 23], [14, 1, 15, 2], [16, 3, 17, 4], [18, 5, 19, 6], [20, 12, 21, 11], [22, 10, 23, 9], [24, 7, 1, 8], [2, 19, 3, 20], [4, 17, 5, 18]]"
12a_1133_73,"[[4, 17, 5, 18], [6, 15, 7, 16], [8, 14, 9, 13], [10, 22, 11, 21], [12, 24, 13, 23], [14, 1, 15, 2], [16, 3, 17, 4], [18, 5, 19, 6], [20, 12, 21, 11], [22, 10, 23, 9], [24, 7, 1, 8], [2, 19, 3, 20]]"
12a_1133_74,"[[2, 19, 3, 20], [4, 17, 5, 18], [6, 15, 7, 16], [8, 14, 9, 13], [10, 22, 11, 21], [12, 24, 13, 23], [14, 1, 15, 2], [16, 3, 17, 4], [18, 5, 19, 6], [20, 12, 21, 11], [22, 10, 23, 9], [24, 7, 1, 8]]"
12a_1133_75,"[[24, 7, 1, 8], [2, 19, 3, 20], [4, 17, 5, 18], [6, 15, 7, 16], [8, 14, 9, 13], [10, 22, 11, 21], [12, 24, 13, 23], [14, 1, 15, 2], [16, 3, 17, 4], [18, 5, 19, 6], [20, 12, 21, 11], [22, 10, 23, 9]]"
12a_1133_76,"[[22, 10, 23, 9], [24, 7, 1, 8], [2, 19, 3, 20], [4, 17, 5, 18], [6, 15, 7, 16], [8, 14, 9, 13], [10, 22, 11, 21], [12, 24, 13, 23], [14, 1, 15, 2], [16, 3, 17, 4], [18, 5, 19, 6], [20, 12, 21, 11]]"
12a_1133_77,"[[20, 12, 21, 11], [22, 10, 23, 9], [24, 7, 1, 8], [2, 19, 3, 20], [4, 17, 5, 18], [6, 15, 7, 16], [8, 14, 9, 13], [10, 22, 11, 21], [12, 24, 13, 23], [14, 1, 15, 2], [16, 3, 17, 4], [18, 5, 19, 6]]"
12a_1133_78,"[[18, 5, 19, 6], [20, 12, 21, 11], [22, 10, 23, 9], [24, 7, 1, 8], [2, 19, 3, 20], [4, 17, 5, 18], [6, 15, 7, 16], [8, 14, 9, 13], [10, 22, 11, 21], [12, 24, 13, 23], [14, 1, 15, 2], [16, 3, 17, 4]]"
12a_1133_79,"[[16, 3, 17, 4], [18, 5, 19, 6], [20, 12, 21, 11], [22, 10, 23, 9], [24, 7, 1, 8], [2, 19, 3, 20], [4, 17, 5, 18], [6, 15, 7, 16], [8, 14, 9, 13], [10, 22, 11, 21], [12, 24, 13, 23], [14, 1, 15, 2]]"
12a_1133_80,"[[14, 1, 15, 2], [16, 3, 17, 4], [18, 5, 19, 6], [20, 12, 21, 11], [22, 10, 23, 9], [24, 7, 1, 8], [2, 19, 3, 20], [4, 17, 5, 18], [6, 15, 7, 16], [8, 14, 9, 13], [10, 22, 11, 21], [12, 24, 13, 23]]"
12a_1133_81,"[[12, 24, 13, 23], [14, 1, 15, 2], [16, 3, 17, 4], [18, 5, 19, 6], [20, 12, 21, 11], [22, 10, 23, 9], [24, 7, 1, 8], [2, 19, 3, 20], [4, 17, 5, 18], [6, 15, 7, 16], [8, 14, 9, 13], [10, 22, 11, 21]]"
12a_1133_82,"[[10, 22, 11, 21], [12, 24, 13, 23], [14, 1, 15, 2], [16, 3, 17, 4], [18, 5, 19, 6], [20, 12, 21, 11], [22, 10, 23, 9], [24, 7, 1, 8], [2, 19, 3, 20], [4, 17, 5, 18], [6, 15, 7, 16], [8, 14, 9, 13]]"
12a_1133_83,"[[8, 14, 9, 13], [10, 22, 11, 21], [12, 24, 13, 23], [14, 1, 15, 2], [16, 3, 17, 4], [18, 5, 19, 6], [20, 12, 21, 11], [22, 10, 23, 9], [24, 7, 1, 8], [2, 19, 3, 20], [4, 17, 5, 18], [6, 15, 7, 16]]"
12a_1133_84,"[[7, 16, 8, 17], [9, 15, 10, 14], [11, 23, 12, 22], [13, 1, 14, 24], [15, 2, 16, 3], [17, 4, 18, 5], [19, 6, 20, 7], [21, 13, 22, 12], [23, 11, 24, 10], [1, 8, 2, 9], [3, 20, 4, 21], [5, 18, 6, 19]]"
12a_1133_85,"[[5, 18, 6, 19], [7, 16, 8, 17], [9, 15, 10, 14], [11, 23, 12, 22], [13, 1, 14, 24], [15, 2, 16, 3], [17, 4, 18, 5], [19, 6, 20, 7], [21, 13, 22, 12], [23, 11, 24, 10], [1, 8, 2, 9], [3, 20, 4, 21]]"
12a_1133_86,"[[3, 20, 4, 21], [5, 18, 6, 19], [7, 16, 8, 17], [9, 15, 10, 14], [11, 23, 12, 22], [13, 1, 14, 24], [15, 2, 16, 3], [17, 4, 18, 5], [19, 6, 20, 7], [21, 13, 22, 12], [23, 11, 24, 10], [1, 8, 2, 9]]"
12a_1133_87,"[[1, 8, 2, 9], [3, 20, 4, 21], [5, 18, 6, 19], [7, 16, 8, 17], [9, 15, 10, 14], [11, 23, 12, 22], [13, 1, 14, 24], [15, 2, 16, 3], [17, 4, 18, 5], [19, 6, 20, 7], [21, 13, 22, 12], [23, 11, 24, 10]]"
12a_1133_88,"[[23, 11, 24, 10], [1, 8, 2, 9], [3, 20, 4, 21], [5, 18, 6, 19], [7, 16, 8, 17], [9, 15, 10, 14], [11, 23, 12, 22], [13, 1, 14, 24], [15, 2, 16, 3], [17, 4, 18, 5], [19, 6, 20, 7], [21, 13, 22, 12]]"
12a_1133_89,"[[21, 13, 22, 12], [23, 11, 24, 10], [1, 8, 2, 9], [3, 20, 4, 21], [5, 18, 6, 19], [7, 16, 8, 17], [9, 15, 10, 14], [11, 23, 12, 22], [13, 1, 14, 24], [15, 2, 16, 3], [17, 4, 18, 5], [19, 6, 20, 7]]"
12a_1133_90,"[[19, 6, 20, 7], [21, 13, 22, 12], [23, 11, 24, 10], [1, 8, 2, 9], [3, 20, 4, 21], [5, 18, 6, 19], [7, 16, 8, 17], [9, 15, 10, 14], [11, 23, 12, 22], [13, 1, 14, 24], [15, 2, 16, 3], [17, 4, 18, 5]]"
12a_1133_91,"[[17, 4, 18, 5], [19, 6, 20, 7], [21, 13, 22, 12], [23, 11, 24, 10], [1, 8, 2, 9], [3, 20, 4, 21], [5, 18, 6, 19], [7, 16, 8, 17], [9, 15, 10, 14], [11, 23, 12, 22], [13, 1, 14, 24], [15, 2, 16, 3]]"
12a_1133_92,"[[15, 2, 16, 3], [17, 4, 18, 5], [19, 6, 20, 7], [21, 13, 22, 12], [23, 11, 24, 10], [1, 8, 2, 9], [3, 20, 4, 21], [5, 18, 6, 19], [7, 16, 8, 17], [9, 15, 10, 14], [11, 23, 12, 22], [13, 1, 14, 24]]"
12a_1133_93,"[[13, 1, 14, 24], [15, 2, 16, 3], [17, 4, 18, 5], [19, 6, 20, 7], [21, 13, 22, 12], [23, 11, 24, 10], [1, 8, 2, 9], [3, 20, 4, 21], [5, 18, 6, 19], [7, 16, 8, 17], [9, 15, 10, 14], [11, 23, 12, 22]]"
12a_1133_94,"[[11, 23, 12, 22], [13, 1, 14, 24], [15, 2, 16, 3], [17, 4, 18, 5], [19, 6, 20, 7], [21, 13, 22, 12], [23, 11, 24, 10], [1, 8, 2, 9], [3, 20, 4, 21], [5, 18, 6, 19], [7, 16, 8, 17], [9, 15, 10, 14]]"
12a_1133_95,"[[9, 15, 10, 14], [11, 23, 12, 22], [13, 1, 14, 24], [15, 2, 16, 3], [17, 4, 18, 5], [19, 6, 20, 7], [21, 13, 22, 12], [23, 11, 24, 10], [1, 8, 2, 9], [3, 20, 4, 21], [5, 18, 6, 19], [7, 16, 8, 17]]"
12a_1133_96,"[[8, 17, 9, 18], [10, 16, 11, 15], [12, 24, 13, 23], [14, 2, 15, 1], [16, 3, 17, 4], [18, 5, 19, 6], [20, 7, 21, 8], [22, 14, 23, 13], [24, 12, 1, 11], [2, 9, 3, 10], [4, 21, 5, 22], [6, 19, 7, 20]]"
12a_1133_97,"[[6, 19, 7, 20], [8, 17, 9, 18], [10, 16, 11, 15], [12, 24, 13, 23], [14, 2, 15, 1], [16, 3, 17, 4], [18, 5, 19, 6], [20, 7, 21, 8], [22, 14, 23, 13], [24, 12, 1, 11], [2, 9, 3, 10], [4, 21, 5, 22]]"
12a_1133_98,"[[4, 21, 5, 22], [6, 19, 7, 20], [8, 17, 9, 18], [10, 16, 11, 15], [12, 24, 13, 23], [14, 2, 15, 1], [16, 3, 17, 4], [18, 5, 19, 6], [20, 7, 21, 8], [22, 14, 23, 13], [24, 12, 1, 11], [2, 9, 3, 10]]"
12a_1133_99,"[[2, 9, 3, 10], [4, 21, 5, 22], [6, 19, 7, 20], [8, 17, 9, 18], [10, 16, 11, 15], [12, 24, 13, 23], [14, 2, 15, 1], [16, 3, 17, 4], [18, 5, 19, 6], [20, 7, 21, 8], [22, 14, 23, 13], [24, 12, 1, 11]]"
12a_1133_100,"[[24, 12, 1, 11], [2, 9, 3, 10], [4, 21, 5, 22], [6, 19, 7, 20], [8, 17, 9, 18], [10, 16, 11, 15], [12, 24, 13, 23], [14, 2, 15, 1], [16, 3, 17, 4], [18, 5, 19, 6], [20, 7, 21, 8], [22, 14, 23, 13]]"
12a_1133_101,"[[22, 14, 23, 13], [24, 12, 1, 11], [2, 9, 3, 10], [4, 21, 5, 22], [6, 19, 7, 20], [8, 17, 9, 18], [10, 16, 11, 15], [12, 24, 13, 23], [14, 2, 15, 1], [16, 3, 17, 4], [18, 5, 19, 6], [20, 7, 21, 8]]"
12a_1133_102,"[[20, 7, 21, 8], [22, 14, 23, 13], [24, 12, 1, 11], [2, 9, 3, 10], [4, 21, 5, 22], [6, 19, 7, 20], [8, 17, 9, 18], [10, 16, 11, 15], [12, 24, 13, 23], [14, 2, 15, 1], [16, 3, 17, 4], [18, 5, 19, 6]]"
12a_1133_103,"[[18, 5, 19, 6], [20, 7, 21, 8], [22, 14, 23, 13], [24, 12, 1, 11], [2, 9, 3, 10], [4, 21, 5, 22], [6, 19, 7, 20], [8, 17, 9, 18], [10, 16, 11, 15], [12, 24, 13, 23], [14, 2, 15, 1], [16, 3, 17, 4]]"
12a_1133_104,"[[16, 3, 17, 4], [18, 5, 19, 6], [20, 7, 21, 8], [22, 14, 23, 13], [24, 12, 1, 11], [2, 9, 3, 10], [4, 21, 5, 22], [6, 19, 7, 20], [8, 17, 9, 18], [10, 16, 11, 15], [12, 24, 13, 23], [14, 2, 15, 1]]"
12a_1133_105,"[[14, 2, 15, 1], [16, 3, 17, 4], [18, 5, 19, 6], [20, 7, 21, 8], [22, 14, 23, 13], [24, 12, 1, 11], [2, 9, 3, 10], [4, 21, 5, 22], [6, 19, 7, 20], [8, 17, 9, 18], [10, 16, 11, 15], [12, 24, 13, 23]]"
12a_1133_106,"[[12, 24, 13, 23], [14, 2, 15, 1], [16, 3, 17, 4], [18, 5, 19, 6], [20, 7, 21, 8], [22, 14, 23, 13], [24, 12, 1, 11], [2, 9, 3, 10], [4, 21, 5, 22], [6, 19, 7, 20], [8, 17, 9, 18], [10, 16, 11, 15]]"
12a_1133_107,"[[10, 16, 11, 15], [12, 24, 13, 23], [14, 2, 15, 1], [16, 3, 17, 4], [18, 5, 19, 6], [20, 7, 21, 8], [22, 14, 23, 13], [24, 12, 1, 11], [2, 9, 3, 10], [4, 21, 5, 22], [6, 19, 7, 20], [8, 17, 9, 18]]"
12a_1133_108,"[[9, 18, 10, 19], [11, 17, 12, 16], [13, 1, 14, 24], [15, 3, 16, 2], [17, 4, 18, 5], [19, 6, 20, 7], [21, 8, 22, 9], [23, 15, 24, 14], [1, 13, 2, 12], [3, 10, 4, 11], [5, 22, 6, 23], [7, 20, 8, 21]]"
12a_1133_109,"[[7, 20, 8, 21], [9, 18, 10, 19], [11, 17, 12, 16], [13, 1, 14, 24], [15, 3, 16, 2], [17, 4, 18, 5], [19, 6, 20, 7], [21, 8, 22, 9], [23, 15, 24, 14], [1, 13, 2, 12], [3, 10, 4, 11], [5, 22, 6, 23]]"
12a_1133_110,"[[5, 22, 6, 23], [7, 20, 8, 21], [9, 18, 10, 19], [11, 17, 12, 16], [13, 1, 14, 24], [15, 3, 16, 2], [17, 4, 18, 5], [19, 6, 20, 7], [21, 8, 22, 9], [23, 15, 24, 14], [1, 13, 2, 12], [3, 10, 4, 11]]"
12a_1133_111,"[[3, 10, 4, 11], [5, 22, 6, 23], [7, 20, 8, 21], [9, 18, 10, 19], [11, 17, 12, 16], [13, 1, 14, 24], [15, 3, 16, 2], [17, 4, 18, 5], [19, 6, 20, 7], [21, 8, 22, 9], [23, 15, 24, 14], [1, 13, 2, 12]]"
12a_1133_112,"[[1, 13, 2, 12], [3, 10, 4, 11], [5, 22, 6, 23], [7, 20, 8, 21], [9, 18, 10, 19], [11, 17, 12, 16], [13, 1, 14, 24], [15, 3, 16, 2], [17, 4, 18, 5], [19, 6, 20, 7], [21, 8, 22, 9], [23, 15, 24, 14]]"
12a_1133_113,"[[23, 15, 24, 14], [1, 13, 2, 12], [3, 10, 4, 11], [5, 22, 6, 23], [7, 20, 8, 21], [9, 18, 10, 19], [11, 17, 12, 16], [13, 1, 14, 24], [15, 3, 16, 2], [17, 4, 18, 5], [19, 6, 20, 7], [21, 8, 22, 9]]"
12a_1133_114,"[[21, 8, 22, 9], [23, 15, 24, 14], [1, 13, 2, 12], [3, 10, 4, 11], [5, 22, 6, 23], [7, 20, 8, 21], [9, 18, 10, 19], [11, 17, 12, 16], [13, 1, 14, 24], [15, 3, 16, 2], [17, 4, 18, 5], [19, 6, 20, 7]]"
12a_1133_115,"[[19, 6, 20, 7], [21, 8, 22, 9], [23, 15, 24, 14], [1, 13, 2, 12], [3, 10, 4, 11], [5, 22, 6, 23], [7, 20, 8, 21], [9, 18, 10, 19], [11, 17, 12, 16], [13, 1, 14, 24], [15, 3, 16, 2], [17, 4, 18, 5]]"
12a_1133_116,"[[17, 4, 18, 5], [19, 6, 20, 7], [21, 8, 22, 9], [23, 15, 24, 14], [1, 13, 2, 12], [3, 10, 4, 11], [5, 22, 6, 23], [7, 20, 8, 21], [9, 18, 10, 19], [11, 17, 12, 16], [13, 1, 14, 24], [15, 3, 16, 2]]"
12a_1133_117,"[[15, 3, 16, 2], [17, 4, 18, 5], [19, 6, 20, 7], [21, 8, 22, 9], [23, 15, 24, 14], [1, 13, 2, 12], [3, 10, 4, 11], [5, 22, 6, 23], [7, 20, 8, 21], [9, 18, 10, 19], [11, 17, 12, 16], [13, 1, 14, 24]]"
12a_1133_118,"[[13, 1, 14, 24], [15, 3, 16, 2], [17, 4, 18, 5], [19, 6, 20, 7], [21, 8, 22, 9], [23, 15, 24, 14], [1, 13, 2, 12], [3, 10, 4, 11], [5, 22, 6, 23], [7, 20, 8, 21], [9, 18, 10, 19], [11, 17, 12, 16]]"
12a_1133_119,"[[11, 17, 12, 16], [13, 1, 14, 24], [15, 3, 16, 2], [17, 4, 18, 5], [19, 6, 20, 7], [21, 8, 22, 9], [23, 15, 24, 14], [1, 13, 2, 12], [3, 10, 4, 11], [5, 22, 6, 23], [7, 20, 8, 21], [9, 18, 10, 19]]"
12a_1133_120,"[[10, 19, 11, 20], [12, 18, 13, 17], [14, 2, 15, 1], [16, 4, 17, 3], [18, 5, 19, 6], [20, 7, 21, 8], [22, 9, 23, 10], [24, 16, 1, 15], [2, 14, 3, 13], [4, 11, 5, 12], [6, 23, 7, 24], [8, 21, 9, 22]]"
12a_1133_121,"[[8, 21, 9, 22], [10, 19, 11, 20], [12, 18, 13, 17], [14, 2, 15, 1], [16, 4, 17, 3], [18, 5, 19, 6], [20, 7, 21, 8], [22, 9, 23, 10], [24, 16, 1, 15], [2, 14, 3, 13], [4, 11, 5, 12], [6, 23, 7, 24]]"
12a_1133_122,"[[6, 23, 7, 24], [8, 21, 9, 22], [10, 19, 11, 20], [12, 18, 13, 17], [14, 2, 15, 1], [16, 4, 17, 3], [18, 5, 19, 6], [20, 7, 21, 8], [22, 9, 23, 10], [24, 16, 1, 15], [2, 14, 3, 13], [4, 11, 5, 12]]"
12a_1133_123,"[[4, 11, 5, 12], [6, 23, 7, 24], [8, 21, 9, 22], [10, 19, 11, 20], [12, 18, 13, 17], [14, 2, 15, 1], [16, 4, 17, 3], [18, 5, 19, 6], [20, 7, 21, 8], [22, 9, 23, 10], [24, 16, 1, 15], [2, 14, 3, 13]]"
12a_1133_124,"[[2, 14, 3, 13], [4, 11, 5, 12], [6, 23, 7, 24], [8, 21, 9, 22], [10, 19, 11, 20], [12, 18, 13, 17], [14, 2, 15, 1], [16, 4, 17, 3], [18, 5, 19, 6], [20, 7, 21, 8], [22, 9, 23, 10], [24, 16, 1, 15]]"
12a_1133_125,"[[24, 16, 1, 15], [2, 14, 3, 13], [4, 11, 5, 12], [6, 23, 7, 24], [8, 21, 9, 22], [10, 19, 11, 20], [12, 18, 13, 17], [14, 2, 15, 1], [16, 4, 17, 3], [18, 5, 19, 6], [20, 7, 21, 8], [22, 9, 23, 10]]"
12a_1133_126,"[[22, 9, 23, 10], [24, 16, 1, 15], [2, 14, 3, 13], [4, 11, 5, 12], [6, 23, 7, 24], [8, 21, 9, 22], [10, 19, 11, 20], [12, 18, 13, 17], [14, 2, 15, 1], [16, 4, 17, 3], [18, 5, 19, 6], [20, 7, 21, 8]]"
12a_1133_127,"[[20, 7, 21, 8], [22, 9, 23, 10], [24, 16, 1, 15], [2, 14, 3, 13], [4, 11, 5, 12], [6, 23, 7, 24], [8, 21, 9, 22], [10, 19, 11, 20], [12, 18, 13, 17], [14, 2, 15, 1], [16, 4, 17, 3], [18, 5, 19, 6]]"
12a_1133_128,"[[18, 5, 19, 6], [20, 7, 21, 8], [22, 9, 23, 10], [24, 16, 1, 15], [2, 14, 3, 13], [4, 11, 5, 12], [6, 23, 7, 24], [8, 21, 9, 22], [10, 19, 11, 20], [12, 18, 13, 17], [14, 2, 15, 1], [16, 4, 17, 3]]"
12a_1133_129,"[[16, 4, 17, 3], [18, 5, 19, 6], [20, 7, 21, 8], [22, 9, 23, 10], [24, 16, 1, 15], [2, 14, 3, 13], [4, 11, 5, 12], [6, 23, 7, 24], [8, 21, 9, 22], [10, 19, 11, 20], [12, 18, 13, 17], [14, 2, 15, 1]]"
12a_1133_130,"[[14, 2, 15, 1], [16, 4, 17, 3], [18, 5, 19, 6], [20, 7, 21, 8], [22, 9, 23, 10], [24, 16, 1, 15], [2, 14, 3, 13], [4, 11, 5, 12], [6, 23, 7, 24], [8, 21, 9, 22], [10, 19, 11, 20], [12, 18, 13, 17]]"
12a_1133_131,"[[12, 18, 13, 17], [14, 2, 15, 1], [16, 4, 17, 3], [18, 5, 19, 6], [20, 7, 21, 8], [22, 9, 23, 10], [24, 16, 1, 15], [2, 14, 3, 13], [4, 11, 5, 12], [6, 23, 7, 24], [8, 21, 9, 22], [10, 19, 11, 20]]"
12a_1133_132,"[[11, 20, 12, 21], [13, 19, 14, 18], [15, 3, 16, 2], [17, 5, 18, 4], [19, 6, 20, 7], [21, 8, 22, 9], [23, 10, 24, 11], [1, 17, 2, 16], [3, 15, 4, 14], [5, 12, 6, 13], [7, 24, 8, 1], [9, 22, 10, 23]]"
12a_1133_133,"[[9, 22, 10, 23], [11, 20, 12, 21], [13, 19, 14, 18], [15, 3, 16, 2], [17, 5, 18, 4], [19, 6, 20, 7], [21, 8, 22, 9], [23, 10, 24, 11], [1, 17, 2, 16], [3, 15, 4, 14], [5, 12, 6, 13], [7, 24, 8, 1]]"
12a_1133_134,"[[7, 24, 8, 1], [9, 22, 10, 23], [11, 20, 12, 21], [13, 19, 14, 18], [15, 3, 16, 2], [17, 5, 18, 4], [19, 6, 20, 7], [21, 8, 22, 9], [23, 10, 24, 11], [1, 17, 2, 16], [3, 15, 4, 14], [5, 12, 6, 13]]"
12a_1133_135,"[[5, 12, 6, 13], [7, 24, 8, 1], [9, 22, 10, 23], [11, 20, 12, 21], [13, 19, 14, 18], [15, 3, 16, 2], [17, 5, 18, 4], [19, 6, 20, 7], [21, 8, 22, 9], [23, 10, 24, 11], [1, 17, 2, 16], [3, 15, 4, 14]]"
12a_1133_136,"[[3, 15, 4, 14], [5, 12, 6, 13], [7, 24, 8, 1], [9, 22, 10, 23], [11, 20, 12, 21], [13, 19, 14, 18], [15, 3, 16, 2], [17, 5, 18, 4], [19, 6, 20, 7], [21, 8, 22, 9], [23, 10, 24, 11], [1, 17, 2, 16]]"
12a_1133_137,"[[1, 17, 2, 16], [3, 15, 4, 14], [5, 12, 6, 13], [7, 24, 8, 1], [9, 22, 10, 23], [11, 20, 12, 21], [13, 19, 14, 18], [15, 3, 16, 2], [17, 5, 18, 4], [19, 6, 20, 7], [21, 8, 22, 9], [23, 10, 24, 11]]"
12a_1133_138,"[[23, 10, 24, 11], [1, 17, 2, 16], [3, 15, 4, 14], [5, 12, 6, 13], [7, 24, 8, 1], [9, 22, 10, 23], [11, 20, 12, 21], [13, 19, 14, 18], [15, 3, 16, 2], [17, 5, 18, 4], [19, 6, 20, 7], [21, 8, 22, 9]]"
12a_1133_139,"[[21, 8, 22, 9], [23, 10, 24, 11], [1, 17, 2, 16], [3, 15, 4, 14], [5, 12, 6, 13], [7, 24, 8, 1], [9, 22, 10, 23], [11, 20, 12, 21], [13, 19, 14, 18], [15, 3, 16, 2], [17, 5, 18, 4], [19, 6, 20, 7]]"
12a_1133_140,"[[19, 6, 20, 7], [21, 8, 22, 9], [23, 10, 24, 11], [1, 17, 2, 16], [3, 15, 4, 14], [5, 12, 6, 13], [7, 24, 8, 1], [9, 22, 10, 23], [11, 20, 12, 21], [13, 19, 14, 18], [15, 3, 16, 2], [17, 5, 18, 4]]"
12a_1133_141,"[[17, 5, 18, 4], [19, 6, 20, 7], [21, 8, 22, 9], [23, 10, 24, 11], [1, 17, 2, 16], [3, 15, 4, 14], [5, 12, 6, 13], [7, 24, 8, 1], [9, 22, 10, 23], [11, 20, 12, 21], [13, 19, 14, 18], [15, 3, 16, 2]]"
12a_1133_142,"[[15, 3, 16, 2], [17, 5, 18, 4], [19, 6, 20, 7], [21, 8, 22, 9], [23, 10, 24, 11], [1, 17, 2, 16], [3, 15, 4, 14], [5, 12, 6, 13], [7, 24, 8, 1], [9, 22, 10, 23], [11, 20, 12, 21], [13, 19, 14, 18]]"
12a_1133_143,"[[13, 19, 14, 18], [15, 3, 16, 2], [17, 5, 18, 4], [19, 6, 20, 7], [21, 8, 22, 9], [23, 10, 24, 11], [1, 17, 2, 16], [3, 15, 4, 14], [5, 12, 6, 13], [7, 24, 8, 1], [9, 22, 10, 23], [11, 20, 12, 21]]"
12a_1133_144,"[[12, 21, 13, 22], [14, 20, 15, 19], [16, 4, 17, 3], [18, 6, 19, 5], [20, 7, 21, 8], [22, 9, 23, 10], [24, 11, 1, 12], [2, 18, 3, 17], [4, 16, 5, 15], [6, 13, 7, 14], [8, 1, 9, 2], [10, 23, 11, 24]]"
12a_1133_145,"[[10, 23, 11, 24], [12, 21, 13, 22], [14, 20, 15, 19], [16, 4, 17, 3], [18, 6, 19, 5], [20, 7, 21, 8], [22, 9, 23, 10], [24, 11, 1, 12], [2, 18, 3, 17], [4, 16, 5, 15], [6, 13, 7, 14], [8, 1, 9, 2]]"
12a_1133_146,"[[8, 1, 9, 2], [10, 23, 11, 24], [12, 21, 13, 22], [14, 20, 15, 19], [16, 4, 17, 3], [18, 6, 19, 5], [20, 7, 21, 8], [22, 9, 23, 10], [24, 11, 1, 12], [2, 18, 3, 17], [4, 16, 5, 15], [6, 13, 7, 14]]"
12a_1133_147,"[[6, 13, 7, 14], [8, 1, 9, 2], [10, 23, 11, 24], [12, 21, 13, 22], [14, 20, 15, 19], [16, 4, 17, 3], [18, 6, 19, 5], [20, 7, 21, 8], [22, 9, 23, 10], [24, 11, 1, 12], [2, 18, 3, 17], [4, 16, 5, 15]]"
12a_1133_148,"[[4, 16, 5, 15], [6, 13, 7, 14], [8, 1, 9, 2], [10, 23, 11, 24], [12, 21, 13, 22], [14, 20, 15, 19], [16, 4, 17, 3], [18, 6, 19, 5], [20, 7, 21, 8], [22, 9, 23, 10], [24, 11, 1, 12], [2, 18, 3, 17]]"
12a_1133_149,"[[2, 18, 3, 17], [4, 16, 5, 15], [6, 13, 7, 14], [8, 1, 9, 2], [10, 23, 11, 24], [12, 21, 13, 22], [14, 20, 15, 19], [16, 4, 17, 3], [18, 6, 19, 5], [20, 7, 21, 8], [22, 9, 23, 10], [24, 11, 1, 12]]"
12a_1133_150,"[[24, 11, 1, 12], [2, 18, 3, 17], [4, 16, 5, 15], [6, 13, 7, 14], [8, 1, 9, 2], [10, 23, 11, 24], [12, 21, 13, 22], [14, 20, 15, 19], [16, 4, 17, 3], [18, 6, 19, 5], [20, 7, 21, 8], [22, 9, 23, 10]]"
12a_1133_151,"[[22, 9, 23, 10], [24, 11, 1, 12], [2, 18, 3, 17], [4, 16, 5, 15], [6, 13, 7, 14], [8, 1, 9, 2], [10, 23, 11, 24], [12, 21, 13, 22], [14, 20, 15, 19], [16, 4, 17, 3], [18, 6, 19, 5], [20, 7, 21, 8]]"
12a_1133_152,"[[20, 7, 21, 8], [22, 9, 23, 10], [24, 11, 1, 12], [2, 18, 3, 17], [4, 16, 5, 15], [6, 13, 7, 14], [8, 1, 9, 2], [10, 23, 11, 24], [12, 21, 13, 22], [14, 20, 15, 19], [16, 4, 17, 3], [18, 6, 19, 5]]"
12a_1133_153,"[[18, 6, 19, 5], [20, 7, 21, 8], [22, 9, 23, 10], [24, 11, 1, 12], [2, 18, 3, 17], [4, 16, 5, 15], [6, 13, 7, 14], [8, 1, 9, 2], [10, 23, 11, 24], [12, 21, 13, 22], [14, 20, 15, 19], [16, 4, 17, 3]]"
12a_1133_154,"[[16, 4, 17, 3], [18, 6, 19, 5], [20, 7, 21, 8], [22, 9, 23, 10], [24, 11, 1, 12], [2, 18, 3, 17], [4, 16, 5, 15], [6, 13, 7, 14], [8, 1, 9, 2], [10, 23, 11, 24], [12, 21, 13, 22], [14, 20, 15, 19]]"
12a_1133_155,"[[14, 20, 15, 19], [16, 4, 17, 3], [18, 6, 19, 5], [20, 7, 21, 8], [22, 9, 23, 10], [24, 11, 1, 12], [2, 18, 3, 17], [4, 16, 5, 15], [6, 13, 7, 14], [8, 1, 9, 2], [10, 23, 11, 24], [12, 21, 13, 22]]"
12a_1133_156,"[[13, 22, 14, 23], [15, 21, 16, 20], [17, 5, 18, 4], [19, 7, 20, 6], [21, 8, 22, 9], [23, 10, 24, 11], [1, 12, 2, 13], [3, 19, 4, 18], [5, 17, 6, 16], [7, 14, 8, 15], [9, 2, 10, 3], [11, 24, 12, 1]]"
12a_1133_157,"[[11, 24, 12, 1], [13, 22, 14, 23], [15, 21, 16, 20], [17, 5, 18, 4], [19, 7, 20, 6], [21, 8, 22, 9], [23, 10, 24, 11], [1, 12, 2, 13], [3, 19, 4, 18], [5, 17, 6, 16], [7, 14, 8, 15], [9, 2, 10, 3]]"
12a_1133_158,"[[9, 2, 10, 3], [11, 24, 12, 1], [13, 22, 14, 23], [15, 21, 16, 20], [17, 5, 18, 4], [19, 7, 20, 6], [21, 8, 22, 9], [23, 10, 24, 11], [1, 12, 2, 13], [3, 19, 4, 18], [5, 17, 6, 16], [7, 14, 8, 15]]"
12a_1133_159,"[[7, 14, 8, 15], [9, 2, 10, 3], [11, 24, 12, 1], [13, 22, 14, 23], [15, 21, 16, 20], [17, 5, 18, 4], [19, 7, 20, 6], [21, 8, 22, 9], [23, 10, 24, 11], [1, 12, 2, 13], [3, 19, 4, 18], [5, 17, 6, 16]]"
12a_1133_160,"[[5, 17, 6, 16], [7, 14, 8, 15], [9, 2, 10, 3], [11, 24, 12, 1], [13, 22, 14, 23], [15, 21, 16, 20], [17, 5, 18, 4], [19, 7, 20, 6], [21, 8, 22, 9], [23, 10, 24, 11], [1, 12, 2, 13], [3, 19, 4, 18]]"
12a_1133_161,"[[3, 19, 4, 18], [5, 17, 6, 16], [7, 14, 8, 15], [9, 2, 10, 3], [11, 24, 12, 1], [13, 22, 14, 23], [15, 21, 16, 20], [17, 5, 18, 4], [19, 7, 20, 6], [21, 8, 22, 9], [23, 10, 24, 11], [1, 12, 2, 13]]"
12a_1133_162,"[[1, 12, 2, 13], [3, 19, 4, 18], [5, 17, 6, 16], [7, 14, 8, 15], [9, 2, 10, 3], [11, 24, 12, 1], [13, 22, 14, 23], [15, 21, 16, 20], [17, 5, 18, 4], [19, 7, 20, 6], [21, 8, 22, 9], [23, 10, 24, 11]]"
12a_1133_163,"[[23, 10, 24, 11], [1, 12, 2, 13], [3, 19, 4, 18], [5, 17, 6, 16], [7, 14, 8, 15], [9, 2, 10, 3], [11, 24, 12, 1], [13, 22, 14, 23], [15, 21, 16, 20], [17, 5, 18, 4], [19, 7, 20, 6], [21, 8, 22, 9]]"
12a_1133_164,"[[21, 8, 22, 9], [23, 10, 24, 11], [1, 12, 2, 13], [3, 19, 4, 18], [5, 17, 6, 16], [7, 14, 8, 15], [9, 2, 10, 3], [11, 24, 12, 1], [13, 22, 14, 23], [15, 21, 16, 20], [17, 5, 18, 4], [19, 7, 20, 6]]"
12a_1133_165,"[[19, 7, 20, 6], [21, 8, 22, 9], [23, 10, 24, 11], [1, 12, 2, 13], [3, 19, 4, 18], [5, 17, 6, 16], [7, 14, 8, 15], [9, 2, 10, 3], [11, 24, 12, 1], [13, 22, 14, 23], [15, 21, 16, 20], [17, 5, 18, 4]]"
12a_1133_166,"[[17, 5, 18, 4], [19, 7, 20, 6], [21, 8, 22, 9], [23, 10, 24, 11], [1, 12, 2, 13], [3, 19, 4, 18], [5, 17, 6, 16], [7, 14, 8, 15], [9, 2, 10, 3], [11, 24, 12, 1], [13, 22, 14, 23], [15, 21, 16, 20]]"
12a_1133_167,"[[15, 21, 16, 20], [17, 5, 18, 4], [19, 7, 20, 6], [21, 8, 22, 9], [23, 10, 24, 11], [1, 12, 2, 13], [3, 19, 4, 18], [5, 17, 6, 16], [7, 14, 8, 15], [9, 2, 10, 3], [11, 24, 12, 1], [13, 22, 14, 23]]"
12a_1133_168,"[[14, 23, 15, 24], [16, 22, 17, 21], [18, 6, 19, 5], [20, 8, 21, 7], [22, 9, 23, 10], [24, 11, 1, 12], [2, 13, 3, 14], [4, 20, 5, 19], [6, 18, 7, 17], [8, 15, 9, 16], [10, 3, 11, 4], [12, 1, 13, 2]]"
12a_1133_169,"[[12, 1, 13, 2], [14, 23, 15, 24], [16, 22, 17, 21], [18, 6, 19, 5], [20, 8, 21, 7], [22, 9, 23, 10], [24, 11, 1, 12], [2, 13, 3, 14], [4, 20, 5, 19], [6, 18, 7, 17], [8, 15, 9, 16], [10, 3, 11, 4]]"
12a_1133_170,"[[10, 3, 11, 4], [12, 1, 13, 2], [14, 23, 15, 24], [16, 22, 17, 21], [18, 6, 19, 5], [20, 8, 21, 7], [22, 9, 23, 10], [24, 11, 1, 12], [2, 13, 3, 14], [4, 20, 5, 19], [6, 18, 7, 17], [8, 15, 9, 16]]"
12a_1133_171,"[[8, 15, 9, 16], [10, 3, 11, 4], [12, 1, 13, 2], [14, 23, 15, 24], [16, 22, 17, 21], [18, 6, 19, 5], [20, 8, 21, 7], [22, 9, 23, 10], [24, 11, 1, 12], [2, 13, 3, 14], [4, 20, 5, 19], [6, 18, 7, 17]]"
12a_1133_172,"[[6, 18, 7, 17], [8, 15, 9, 16], [10, 3, 11, 4], [12, 1, 13, 2], [14, 23, 15, 24], [16, 22, 17, 21], [18, 6, 19, 5], [20, 8, 21, 7], [22, 9, 23, 10], [24, 11, 1, 12], [2, 13, 3, 14], [4, 20, 5, 19]]"
12a_1133_173,"[[4, 20, 5, 19], [6, 18, 7, 17], [8, 15, 9, 16], [10, 3, 11, 4], [12, 1, 13, 2], [14, 23, 15, 24], [16, 22, 17, 21], [18, 6, 19, 5], [20, 8, 21, 7], [22, 9, 23, 10], [24, 11, 1, 12], [2, 13, 3, 14]]"
12a_1133_174,"[[2, 13, 3, 14], [4, 20, 5, 19], [6, 18, 7, 17], [8, 15, 9, 16], [10, 3, 11, 4], [12, 1, 13, 2], [14, 23, 15, 24], [16, 22, 17, 21], [18, 6, 19, 5], [20, 8, 21, 7], [22, 9, 23, 10], [24, 11, 1, 12]]"
12a_1133_175,"[[24, 11, 1, 12], [2, 13, 3, 14], [4, 20, 5, 19], [6, 18, 7, 17], [8, 15, 9, 16], [10, 3, 11, 4], [12, 1, 13, 2], [14, 23, 15, 24], [16, 22, 17, 21], [18, 6, 19, 5], [20, 8, 21, 7], [22, 9, 23, 10]]"
12a_1133_176,"[[22, 9, 23, 10], [24, 11, 1, 12], [2, 13, 3, 14], [4, 20, 5, 19], [6, 18, 7, 17], [8, 15, 9, 16], [10, 3, 11, 4], [12, 1, 13, 2], [14, 23, 15, 24], [16, 22, 17, 21], [18, 6, 19, 5], [20, 8, 21, 7]]"
12a_1133_177,"[[20, 8, 21, 7], [22, 9, 23, 10], [24, 11, 1, 12], [2, 13, 3, 14], [4, 20, 5, 19], [6, 18, 7, 17], [8, 15, 9, 16], [10, 3, 11, 4], [12, 1, 13, 2], [14, 23, 15, 24], [16, 22, 17, 21], [18, 6, 19, 5]]"
12a_1133_178,"[[18, 6, 19, 5], [20, 8, 21, 7], [22, 9, 23, 10], [24, 11, 1, 12], [2, 13, 3, 14], [4, 20, 5, 19], [6, 18, 7, 17], [8, 15, 9, 16], [10, 3, 11, 4], [12, 1, 13, 2], [14, 23, 15, 24], [16, 22, 17, 21]]"
12a_1133_179,"[[16, 22, 17, 21], [18, 6, 19, 5], [20, 8, 21, 7], [22, 9, 23, 10], [24, 11, 1, 12], [2, 13, 3, 14], [4, 20, 5, 19], [6, 18, 7, 17], [8, 15, 9, 16], [10, 3, 11, 4], [12, 1, 13, 2], [14, 23, 15, 24]]"
12a_1133_180,"[[15, 24, 16, 1], [17, 23, 18, 22], [19, 7, 20, 6], [21, 9, 22, 8], [23, 10, 24, 11], [1, 12, 2, 13], [3, 14, 4, 15], [5, 21, 6, 20], [7, 19, 8, 18], [9, 16, 10, 17], [11, 4, 12, 5], [13, 2, 14, 3]]"
12a_1133_181,"[[13, 2, 14, 3], [15, 24, 16, 1], [17, 23, 18, 22], [19, 7, 20, 6], [21, 9, 22, 8], [23, 10, 24, 11], [1, 12, 2, 13], [3, 14, 4, 15], [5, 21, 6, 20], [7, 19, 8, 18], [9, 16, 10, 17], [11, 4, 12, 5]]"
12a_1133_182,"[[11, 4, 12, 5], [13, 2, 14, 3], [15, 24, 16, 1], [17, 23, 18, 22], [19, 7, 20, 6], [21, 9, 22, 8], [23, 10, 24, 11], [1, 12, 2, 13], [3, 14, 4, 15], [5, 21, 6, 20], [7, 19, 8, 18], [9, 16, 10, 17]]"
12a_1133_183,"[[9, 16, 10, 17], [11, 4, 12, 5], [13, 2, 14, 3], [15, 24, 16, 1], [17, 23, 18, 22], [19, 7, 20, 6], [21, 9, 22, 8], [23, 10, 24, 11], [1, 12, 2, 13], [3, 14, 4, 15], [5, 21, 6, 20], [7, 19, 8, 18]]"
12a_1133_184,"[[7, 19, 8, 18], [9, 16, 10, 17], [11, 4, 12, 5], [13, 2, 14, 3], [15, 24, 16, 1], [17, 23, 18, 22], [19, 7, 20, 6], [21, 9, 22, 8], [23, 10, 24, 11], [1, 12, 2, 13], [3, 14, 4, 15], [5, 21, 6, 20]]"
12a_1133_185,"[[5, 21, 6, 20], [7, 19, 8, 18], [9, 16, 10, 17], [11, 4, 12, 5], [13, 2, 14, 3], [15, 24, 16, 1], [17, 23, 18, 22], [19, 7, 20, 6], [21, 9, 22, 8], [23, 10, 24, 11], [1, 12, 2, 13], [3, 14, 4, 15]]"
