name,pd_notation
12a_1050_0,"[[24, 9, 1, 10], [2, 8, 3, 7], [4, 14, 5, 13], [6, 17, 7, 18], [8, 20, 9, 19], [10, 21, 11, 22], [12, 6, 13, 5], [14, 24, 15, 23], [16, 11, 17, 12], [18, 3, 19, 4], [20, 2, 21, 1], [22, 16, 23, 15]]"
12a_1050_1,"[[22, 16, 23, 15], [24, 9, 1, 10], [2, 8, 3, 7], [4, 14, 5, 13], [6, 17, 7, 18], [8, 20, 9, 19], [10, 21, 11, 22], [12, 6, 13, 5], [14, 24, 15, 23], [16, 11, 17, 12], [18, 3, 19, 4], [20, 2, 21, 1]]"
12a_1050_2,"[[20, 2, 21, 1], [22, 16, 23, 15], [24, 9, 1, 10], [2, 8, 3, 7], [4, 14, 5, 13], [6, 17, 7, 18], [8, 20, 9, 19], [10, 21, 11, 22], [12, 6, 13, 5], [14, 24, 15, 23], [16, 11, 17, 12], [18, 3, 19, 4]]"
12a_1050_3,"[[18, 3, 19, 4], [20, 2, 21, 1], [22, 16, 23, 15], [24, 9, 1, 10], [2, 8, 3, 7], [4, 14, 5, 13], [6, 17, 7, 18], [8, 20, 9, 19], [10, 21, 11, 22], [12, 6, 13, 5], [14, 24, 15, 23], [16, 11, 17, 12]]"
12a_1050_4,"[[16, 11, 17, 12], [18, 3, 19, 4], [20, 2, 21, 1], [22, 16, 23, 15], [24, 9, 1, 10], [2, 8, 3, 7], [4, 14, 5, 13], [6, 17, 7, 18], [8, 20, 9, 19], [10, 21, 11, 22], [12, 6, 13, 5], [14, 24, 15, 23]]"
12a_1050_5,"[[14, 24, 15, 23], [16, 11, 17, 12], [18, 3, 19, 4], [20, 2, 21, 1], [22, 16, 23, 15], [24, 9, 1, 10], [2, 8, 3, 7], [4, 14, 5, 13], [6, 17, 7, 18], [8, 20, 9, 19], [10, 21, 11, 22], [12, 6, 13, 5]]"
12a_1050_6,"[[12, 6, 13, 5], [14, 24, 15, 23], [16, 11, 17, 12], [18, 3, 19, 4], [20, 2, 21, 1], [22, 16, 23, 15], [24, 9, 1, 10], [2, 8, 3, 7], [4, 14, 5, 13], [6, 17, 7, 18], [8, 20, 9, 19], [10, 21, 11, 22]]"
12a_1050_7,"[[10, 21, 11, 22], [12, 6, 13, 5], [14, 24, 15, 23], [16, 11, 17, 12], [18, 3, 19, 4], [20, 2, 21, 1], [22, 16, 23, 15], [24, 9, 1, 10], [2, 8, 3, 7], [4, 14, 5, 13], [6, 17, 7, 18], [8, 20, 9, 19]]"
12a_1050_8,"[[8, 20, 9, 19], [10, 21, 11, 22], [12, 6, 13, 5], [14, 24, 15, 23], [16, 11, 17, 12], [18, 3, 19, 4], [20, 2, 21, 1], [22, 16, 23, 15], [24, 9, 1, 10], [2, 8, 3, 7], [4, 14, 5, 13], [6, 17, 7, 18]]"
12a_1050_9,"[[6, 17, 7, 18], [8, 20, 9, 19], [10, 21, 11, 22], [12, 6, 13, 5], [14, 24, 15, 23], [16, 11, 17, 12], [18, 3, 19, 4], [20, 2, 21, 1], [22, 16, 23, 15], [24, 9, 1, 10], [2, 8, 3, 7], [4, 14, 5, 13]]"
12a_1050_10,"[[4, 14, 5, 13], [6, 17, 7, 18], [8, 20, 9, 19], [10, 21, 11, 22], [12, 6, 13, 5], [14, 24, 15, 23], [16, 11, 17, 12], [18, 3, 19, 4], [20, 2, 21, 1], [22, 16, 23, 15], [24, 9, 1, 10], [2, 8, 3, 7]]"
12a_1050_11,"[[2, 8, 3, 7], [4, 14, 5, 13], [6, 17, 7, 18], [8, 20, 9, 19], [10, 21, 11, 22], [12, 6, 13, 5], [14, 24, 15, 23], [16, 11, 17, 12], [18, 3, 19, 4], [20, 2, 21, 1], [22, 16, 23, 15], [24, 9, 1, 10]]"
12a_1050_12,"[[1, 10, 2, 11], [3, 9, 4, 8], [5, 15, 6, 14], [7, 18, 8, 19], [9, 21, 10, 20], [11, 22, 12, 23], [13, 7, 14, 6], [15, 1, 16, 24], [17, 12, 18, 13], [19, 4, 20, 5], [21, 3, 22, 2], [23, 17, 24, 16]]"
12a_1050_13,"[[23, 17, 24, 16], [1, 10, 2, 11], [3, 9, 4, 8], [5, 15, 6, 14], [7, 18, 8, 19], [9, 21, 10, 20], [11, 22, 12, 23], [13, 7, 14, 6], [15, 1, 16, 24], [17, 12, 18, 13], [19, 4, 20, 5], [21, 3, 22, 2]]"
12a_1050_14,"[[21, 3, 22, 2], [23, 17, 24, 16], [1, 10, 2, 11], [3, 9, 4, 8], [5, 15, 6, 14], [7, 18, 8, 19], [9, 21, 10, 20], [11, 22, 12, 23], [13, 7, 14, 6], [15, 1, 16, 24], [17, 12, 18, 13], [19, 4, 20, 5]]"
12a_1050_15,"[[19, 4, 20, 5], [21, 3, 22, 2], [23, 17, 24, 16], [1, 10, 2, 11], [3, 9, 4, 8], [5, 15, 6, 14], [7, 18, 8, 19], [9, 21, 10, 20], [11, 22, 12, 23], [13, 7, 14, 6], [15, 1, 16, 24], [17, 12, 18, 13]]"
12a_1050_16,"[[17, 12, 18, 13], [19, 4, 20, 5], [21, 3, 22, 2], [23, 17, 24, 16], [1, 10, 2, 11], [3, 9, 4, 8], [5, 15, 6, 14], [7, 18, 8, 19], [9, 21, 10, 20], [11, 22, 12, 23], [13, 7, 14, 6], [15, 1, 16, 24]]"
12a_1050_17,"[[15, 1, 16, 24], [17, 12, 18, 13], [19, 4, 20, 5], [21, 3, 22, 2], [23, 17, 24, 16], [1, 10, 2, 11], [3, 9, 4, 8], [5, 15, 6, 14], [7, 18, 8, 19], [9, 21, 10, 20], [11, 22, 12, 23], [13, 7, 14, 6]]"
12a_1050_18,"[[13, 7, 14, 6], [15, 1, 16, 24], [17, 12, 18, 13], [19, 4, 20, 5], [21, 3, 22, 2], [23, 17, 24, 16], [1, 10, 2, 11], [3, 9, 4, 8], [5, 15, 6, 14], [7, 18, 8, 19], [9, 21, 10, 20], [11, 22, 12, 23]]"
12a_1050_19,"[[11, 22, 12, 23], [13, 7, 14, 6], [15, 1, 16, 24], [17, 12, 18, 13], [19, 4, 20, 5], [21, 3, 22, 2], [23, 17, 24, 16], [1, 10, 2, 11], [3, 9, 4, 8], [5, 15, 6, 14], [7, 18, 8, 19], [9, 21, 10, 20]]"
12a_1050_20,"[[9, 21, 10, 20], [11, 22, 12, 23], [13, 7, 14, 6], [15, 1, 16, 24], [17, 12, 18, 13], [19, 4, 20, 5], [21, 3, 22, 2], [23, 17, 24, 16], [1, 10, 2, 11], [3, 9, 4, 8], [5, 15, 6, 14], [7, 18, 8, 19]]"
12a_1050_21,"[[7, 18, 8, 19], [9, 21, 10, 20], [11, 22, 12, 23], [13, 7, 14, 6], [15, 1, 16, 24], [17, 12, 18, 13], [19, 4, 20, 5], [21, 3, 22, 2], [23, 17, 24, 16], [1, 10, 2, 11], [3, 9, 4, 8], [5, 15, 6, 14]]"
12a_1050_22,"[[5, 15, 6, 14], [7, 18, 8, 19], [9, 21, 10, 20], [11, 22, 12, 23], [13, 7, 14, 6], [15, 1, 16, 24], [17, 12, 18, 13], [19, 4, 20, 5], [21, 3, 22, 2], [23, 17, 24, 16], [1, 10, 2, 11], [3, 9, 4, 8]]"
12a_1050_23,"[[3, 9, 4, 8], [5, 15, 6, 14], [7, 18, 8, 19], [9, 21, 10, 20], [11, 22, 12, 23], [13, 7, 14, 6], [15, 1, 16, 24], [17, 12, 18, 13], [19, 4, 20, 5], [21, 3, 22, 2], [23, 17, 24, 16], [1, 10, 2, 11]]"
12a_1050_24,"[[2, 11, 3, 12], [4, 10, 5, 9], [6, 16, 7, 15], [8, 19, 9, 20], [10, 22, 11, 21], [12, 23, 13, 24], [14, 8, 15, 7], [16, 2, 17, 1], [18, 13, 19, 14], [20, 5, 21, 6], [22, 4, 23, 3], [24, 18, 1, 17]]"
12a_1050_25,"[[24, 18, 1, 17], [2, 11, 3, 12], [4, 10, 5, 9], [6, 16, 7, 15], [8, 19, 9, 20], [10, 22, 11, 21], [12, 23, 13, 24], [14, 8, 15, 7], [16, 2, 17, 1], [18, 13, 19, 14], [20, 5, 21, 6], [22, 4, 23, 3]]"
12a_1050_26,"[[22, 4, 23, 3], [24, 18, 1, 17], [2, 11, 3, 12], [4, 10, 5, 9], [6, 16, 7, 15], [8, 19, 9, 20], [10, 22, 11, 21], [12, 23, 13, 24], [14, 8, 15, 7], [16, 2, 17, 1], [18, 13, 19, 14], [20, 5, 21, 6]]"
12a_1050_27,"[[20, 5, 21, 6], [22, 4, 23, 3], [24, 18, 1, 17], [2, 11, 3, 12], [4, 10, 5, 9], [6, 16, 7, 15], [8, 19, 9, 20], [10, 22, 11, 21], [12, 23, 13, 24], [14, 8, 15, 7], [16, 2, 17, 1], [18, 13, 19, 14]]"
12a_1050_28,"[[18, 13, 19, 14], [20, 5, 21, 6], [22, 4, 23, 3], [24, 18, 1, 17], [2, 11, 3, 12], [4, 10, 5, 9], [6, 16, 7, 15], [8, 19, 9, 20], [10, 22, 11, 21], [12, 23, 13, 24], [14, 8, 15, 7], [16, 2, 17, 1]]"
12a_1050_29,"[[16, 2, 17, 1], [18, 13, 19, 14], [20, 5, 21, 6], [22, 4, 23, 3], [24, 18, 1, 17], [2, 11, 3, 12], [4, 10, 5, 9], [6, 16, 7, 15], [8, 19, 9, 20], [10, 22, 11, 21], [12, 23, 13, 24], [14, 8, 15, 7]]"
12a_1050_30,"[[14, 8, 15, 7], [16, 2, 17, 1], [18, 13, 19, 14], [20, 5, 21, 6], [22, 4, 23, 3], [24, 18, 1, 17], [2, 11, 3, 12], [4, 10, 5, 9], [6, 16, 7, 15], [8, 19, 9, 20], [10, 22, 11, 21], [12, 23, 13, 24]]"
12a_1050_31,"[[12, 23, 13, 24], [14, 8, 15, 7], [16, 2, 17, 1], [18, 13, 19, 14], [20, 5, 21, 6], [22, 4, 23, 3], [24, 18, 1, 17], [2, 11, 3, 12], [4, 10, 5, 9], [6, 16, 7, 15], [8, 19, 9, 20], [10, 22, 11, 21]]"
12a_1050_32,"[[10, 22, 11, 21], [12, 23, 13, 24], [14, 8, 15, 7], [16, 2, 17, 1], [18, 13, 19, 14], [20, 5, 21, 6], [22, 4, 23, 3], [24, 18, 1, 17], [2, 11, 3, 12], [4, 10, 5, 9], [6, 16, 7, 15], [8, 19, 9, 20]]"
12a_1050_33,"[[8, 19, 9, 20], [10, 22, 11, 21], [12, 23, 13, 24], [14, 8, 15, 7], [16, 2, 17, 1], [18, 13, 19, 14], [20, 5, 21, 6], [22, 4, 23, 3], [24, 18, 1, 17], [2, 11, 3, 12], [4, 10, 5, 9], [6, 16, 7, 15]]"
12a_1050_34,"[[6, 16, 7, 15], [8, 19, 9, 20], [10, 22, 11, 21], [12, 23, 13, 24], [14, 8, 15, 7], [16, 2, 17, 1], [18, 13, 19, 14], [20, 5, 21, 6], [22, 4, 23, 3], [24, 18, 1, 17], [2, 11, 3, 12], [4, 10, 5, 9]]"
12a_1050_35,"[[4, 10, 5, 9], [6, 16, 7, 15], [8, 19, 9, 20], [10, 22, 11, 21], [12, 23, 13, 24], [14, 8, 15, 7], [16, 2, 17, 1], [18, 13, 19, 14], [20, 5, 21, 6], [22, 4, 23, 3], [24, 18, 1, 17], [2, 11, 3, 12]]"
12a_1050_36,"[[3, 12, 4, 13], [5, 11, 6, 10], [7, 17, 8, 16], [9, 20, 10, 21], [11, 23, 12, 22], [13, 24, 14, 1], [15, 9, 16, 8], [17, 3, 18, 2], [19, 14, 20, 15], [21, 6, 22, 7], [23, 5, 24, 4], [1, 19, 2, 18]]"
12a_1050_37,"[[1, 19, 2, 18], [3, 12, 4, 13], [5, 11, 6, 10], [7, 17, 8, 16], [9, 20, 10, 21], [11, 23, 12, 22], [13, 24, 14, 1], [15, 9, 16, 8], [17, 3, 18, 2], [19, 14, 20, 15], [21, 6, 22, 7], [23, 5, 24, 4]]"
12a_1050_38,"[[23, 5, 24, 4], [1, 19, 2, 18], [3, 12, 4, 13], [5, 11, 6, 10], [7, 17, 8, 16], [9, 20, 10, 21], [11, 23, 12, 22], [13, 24, 14, 1], [15, 9, 16, 8], [17, 3, 18, 2], [19, 14, 20, 15], [21, 6, 22, 7]]"
12a_1050_39,"[[21, 6, 22, 7], [23, 5, 24, 4], [1, 19, 2, 18], [3, 12, 4, 13], [5, 11, 6, 10], [7, 17, 8, 16], [9, 20, 10, 21], [11, 23, 12, 22], [13, 24, 14, 1], [15, 9, 16, 8], [17, 3, 18, 2], [19, 14, 20, 15]]"
12a_1050_40,"[[19, 14, 20, 15], [21, 6, 22, 7], [23, 5, 24, 4], [1, 19, 2, 18], [3, 12, 4, 13], [5, 11, 6, 10], [7, 17, 8, 16], [9, 20, 10, 21], [11, 23, 12, 22], [13, 24, 14, 1], [15, 9, 16, 8], [17, 3, 18, 2]]"
12a_1050_41,"[[17, 3, 18, 2], [19, 14, 20, 15], [21, 6, 22, 7], [23, 5, 24, 4], [1, 19, 2, 18], [3, 12, 4, 13], [5, 11, 6, 10], [7, 17, 8, 16], [9, 20, 10, 21], [11, 23, 12, 22], [13, 24, 14, 1], [15, 9, 16, 8]]"
12a_1050_42,"[[15, 9, 16, 8], [17, 3, 18, 2], [19, 14, 20, 15], [21, 6, 22, 7], [23, 5, 24, 4], [1, 19, 2, 18], [3, 12, 4, 13], [5, 11, 6, 10], [7, 17, 8, 16], [9, 20, 10, 21], [11, 23, 12, 22], [13, 24, 14, 1]]"
12a_1050_43,"[[13, 24, 14, 1], [15, 9, 16, 8], [17, 3, 18, 2], [19, 14, 20, 15], [21, 6, 22, 7], [23, 5, 24, 4], [1, 19, 2, 18], [3, 12, 4, 13], [5, 11, 6, 10], [7, 17, 8, 16], [9, 20, 10, 21], [11, 23, 12, 22]]"
12a_1050_44,"[[11, 23, 12, 22], [13, 24, 14, 1], [15, 9, 16, 8], [17, 3, 18, 2], [19, 14, 20, 15], [21, 6, 22, 7], [23, 5, 24, 4], [1, 19, 2, 18], [3, 12, 4, 13], [5, 11, 6, 10], [7, 17, 8, 16], [9, 20, 10, 21]]"
12a_1050_45,"[[9, 20, 10, 21], [11, 23, 12, 22], [13, 24, 14, 1], [15, 9, 16, 8], [17, 3, 18, 2], [19, 14, 20, 15], [21, 6, 22, 7], [23, 5, 24, 4], [1, 19, 2, 18], [3, 12, 4, 13], [5, 11, 6, 10], [7, 17, 8, 16]]"
12a_1050_46,"[[7, 17, 8, 16], [9, 20, 10, 21], [11, 23, 12, 22], [13, 24, 14, 1], [15, 9, 16, 8], [17, 3, 18, 2], [19, 14, 20, 15], [21, 6, 22, 7], [23, 5, 24, 4], [1, 19, 2, 18], [3, 12, 4, 13], [5, 11, 6, 10]]"
12a_1050_47,"[[5, 11, 6, 10], [7, 17, 8, 16], [9, 20, 10, 21], [11, 23, 12, 22], [13, 24, 14, 1], [15, 9, 16, 8], [17, 3, 18, 2], [19, 14, 20, 15], [21, 6, 22, 7], [23, 5, 24, 4], [1, 19, 2, 18], [3, 12, 4, 13]]"
12a_1050_48,"[[4, 13, 5, 14], [6, 12, 7, 11], [8, 18, 9, 17], [10, 21, 11, 22], [12, 24, 13, 23], [14, 1, 15, 2], [16, 10, 17, 9], [18, 4, 19, 3], [20, 15, 21, 16], [22, 7, 23, 8], [24, 6, 1, 5], [2, 20, 3, 19]]"
12a_1050_49,"[[2, 20, 3, 19], [4, 13, 5, 14], [6, 12, 7, 11], [8, 18, 9, 17], [10, 21, 11, 22], [12, 24, 13, 23], [14, 1, 15, 2], [16, 10, 17, 9], [18, 4, 19, 3], [20, 15, 21, 16], [22, 7, 23, 8], [24, 6, 1, 5]]"
12a_1050_50,"[[24, 6, 1, 5], [2, 20, 3, 19], [4, 13, 5, 14], [6, 12, 7, 11], [8, 18, 9, 17], [10, 21, 11, 22], [12, 24, 13, 23], [14, 1, 15, 2], [16, 10, 17, 9], [18, 4, 19, 3], [20, 15, 21, 16], [22, 7, 23, 8]]"
12a_1050_51,"[[22, 7, 23, 8], [24, 6, 1, 5], [2, 20, 3, 19], [4, 13, 5, 14], [6, 12, 7, 11], [8, 18, 9, 17], [10, 21, 11, 22], [12, 24, 13, 23], [14, 1, 15, 2], [16, 10, 17, 9], [18, 4, 19, 3], [20, 15, 21, 16]]"
12a_1050_52,"[[20, 15, 21, 16], [22, 7, 23, 8], [24, 6, 1, 5], [2, 20, 3, 19], [4, 13, 5, 14], [6, 12, 7, 11], [8, 18, 9, 17], [10, 21, 11, 22], [12, 24, 13, 23], [14, 1, 15, 2], [16, 10, 17, 9], [18, 4, 19, 3]]"
12a_1050_53,"[[18, 4, 19, 3], [20, 15, 21, 16], [22, 7, 23, 8], [24, 6, 1, 5], [2, 20, 3, 19], [4, 13, 5, 14], [6, 12, 7, 11], [8, 18, 9, 17], [10, 21, 11, 22], [12, 24, 13, 23], [14, 1, 15, 2], [16, 10, 17, 9]]"
12a_1050_54,"[[16, 10, 17, 9], [18, 4, 19, 3], [20, 15, 21, 16], [22, 7, 23, 8], [24, 6, 1, 5], [2, 20, 3, 19], [4, 13, 5, 14], [6, 12, 7, 11], [8, 18, 9, 17], [10, 21, 11, 22], [12, 24, 13, 23], [14, 1, 15, 2]]"
12a_1050_55,"[[14, 1, 15, 2], [16, 10, 17, 9], [18, 4, 19, 3], [20, 15, 21, 16], [22, 7, 23, 8], [24, 6, 1, 5], [2, 20, 3, 19], [4, 13, 5, 14], [6, 12, 7, 11], [8, 18, 9, 17], [10, 21, 11, 22], [12, 24, 13, 23]]"
12a_1050_56,"[[12, 24, 13, 23], [14, 1, 15, 2], [16, 10, 17, 9], [18, 4, 19, 3], [20, 15, 21, 16], [22, 7, 23, 8], [24, 6, 1, 5], [2, 20, 3, 19], [4, 13, 5, 14], [6, 12, 7, 11], [8, 18, 9, 17], [10, 21, 11, 22]]"
12a_1050_57,"[[10, 21, 11, 22], [12, 24, 13, 23], [14, 1, 15, 2], [16, 10, 17, 9], [18, 4, 19, 3], [20, 15, 21, 16], [22, 7, 23, 8], [24, 6, 1, 5], [2, 20, 3, 19], [4, 13, 5, 14], [6, 12, 7, 11], [8, 18, 9, 17]]"
12a_1050_58,"[[8, 18, 9, 17], [10, 21, 11, 22], [12, 24, 13, 23], [14, 1, 15, 2], [16, 10, 17, 9], [18, 4, 19, 3], [20, 15, 21, 16], [22, 7, 23, 8], [24, 6, 1, 5], [2, 20, 3, 19], [4, 13, 5, 14], [6, 12, 7, 11]]"
12a_1050_59,"[[6, 12, 7, 11], [8, 18, 9, 17], [10, 21, 11, 22], [12, 24, 13, 23], [14, 1, 15, 2], [16, 10, 17, 9], [18, 4, 19, 3], [20, 15, 21, 16], [22, 7, 23, 8], [24, 6, 1, 5], [2, 20, 3, 19], [4, 13, 5, 14]]"
12a_1050_60,"[[5, 14, 6, 15], [7, 13, 8, 12], [9, 19, 10, 18], [11, 22, 12, 23], [13, 1, 14, 24], [15, 2, 16, 3], [17, 11, 18, 10], [19, 5, 20, 4], [21, 16, 22, 17], [23, 8, 24, 9], [1, 7, 2, 6], [3, 21, 4, 20]]"
12a_1050_61,"[[3, 21, 4, 20], [5, 14, 6, 15], [7, 13, 8, 12], [9, 19, 10, 18], [11, 22, 12, 23], [13, 1, 14, 24], [15, 2, 16, 3], [17, 11, 18, 10], [19, 5, 20, 4], [21, 16, 22, 17], [23, 8, 24, 9], [1, 7, 2, 6]]"
12a_1050_62,"[[1, 7, 2, 6], [3, 21, 4, 20], [5, 14, 6, 15], [7, 13, 8, 12], [9, 19, 10, 18], [11, 22, 12, 23], [13, 1, 14, 24], [15, 2, 16, 3], [17, 11, 18, 10], [19, 5, 20, 4], [21, 16, 22, 17], [23, 8, 24, 9]]"
12a_1050_63,"[[23, 8, 24, 9], [1, 7, 2, 6], [3, 21, 4, 20], [5, 14, 6, 15], [7, 13, 8, 12], [9, 19, 10, 18], [11, 22, 12, 23], [13, 1, 14, 24], [15, 2, 16, 3], [17, 11, 18, 10], [19, 5, 20, 4], [21, 16, 22, 17]]"
12a_1050_64,"[[21, 16, 22, 17], [23, 8, 24, 9], [1, 7, 2, 6], [3, 21, 4, 20], [5, 14, 6, 15], [7, 13, 8, 12], [9, 19, 10, 18], [11, 22, 12, 23], [13, 1, 14, 24], [15, 2, 16, 3], [17, 11, 18, 10], [19, 5, 20, 4]]"
12a_1050_65,"[[19, 5, 20, 4], [21, 16, 22, 17], [23, 8, 24, 9], [1, 7, 2, 6], [3, 21, 4, 20], [5, 14, 6, 15], [7, 13, 8, 12], [9, 19, 10, 18], [11, 22, 12, 23], [13, 1, 14, 24], [15, 2, 16, 3], [17, 11, 18, 10]]"
12a_1050_66,"[[17, 11, 18, 10], [19, 5, 20, 4], [21, 16, 22, 17], [23, 8, 24, 9], [1, 7, 2, 6], [3, 21, 4, 20], [5, 14, 6, 15], [7, 13, 8, 12], [9, 19, 10, 18], [11, 22, 12, 23], [13, 1, 14, 24], [15, 2, 16, 3]]"
12a_1050_67,"[[15, 2, 16, 3], [17, 11, 18, 10], [19, 5, 20, 4], [21, 16, 22, 17], [23, 8, 24, 9], [1, 7, 2, 6], [3, 21, 4, 20], [5, 14, 6, 15], [7, 13, 8, 12], [9, 19, 10, 18], [11, 22, 12, 23], [13, 1, 14, 24]]"
12a_1050_68,"[[13, 1, 14, 24], [15, 2, 16, 3], [17, 11, 18, 10], [19, 5, 20, 4], [21, 16, 22, 17], [23, 8, 24, 9], [1, 7, 2, 6], [3, 21, 4, 20], [5, 14, 6, 15], [7, 13, 8, 12], [9, 19, 10, 18], [11, 22, 12, 23]]"
12a_1050_69,"[[11, 22, 12, 23], [13, 1, 14, 24], [15, 2, 16, 3], [17, 11, 18, 10], [19, 5, 20, 4], [21, 16, 22, 17], [23, 8, 24, 9], [1, 7, 2, 6], [3, 21, 4, 20], [5, 14, 6, 15], [7, 13, 8, 12], [9, 19, 10, 18]]"
12a_1050_70,"[[9, 19, 10, 18], [11, 22, 12, 23], [13, 1, 14, 24], [15, 2, 16, 3], [17, 11, 18, 10], [19, 5, 20, 4], [21, 16, 22, 17], [23, 8, 24, 9], [1, 7, 2, 6], [3, 21, 4, 20], [5, 14, 6, 15], [7, 13, 8, 12]]"
12a_1050_71,"[[7, 13, 8, 12], [9, 19, 10, 18], [11, 22, 12, 23], [13, 1, 14, 24], [15, 2, 16, 3], [17, 11, 18, 10], [19, 5, 20, 4], [21, 16, 22, 17], [23, 8, 24, 9], [1, 7, 2, 6], [3, 21, 4, 20], [5, 14, 6, 15]]"
12a_1050_72,"[[6, 15, 7, 16], [8, 14, 9, 13], [10, 20, 11, 19], [12, 23, 13, 24], [14, 2, 15, 1], [16, 3, 17, 4], [18, 12, 19, 11], [20, 6, 21, 5], [22, 17, 23, 18], [24, 9, 1, 10], [2, 8, 3, 7], [4, 22, 5, 21]]"
12a_1050_73,"[[4, 22, 5, 21], [6, 15, 7, 16], [8, 14, 9, 13], [10, 20, 11, 19], [12, 23, 13, 24], [14, 2, 15, 1], [16, 3, 17, 4], [18, 12, 19, 11], [20, 6, 21, 5], [22, 17, 23, 18], [24, 9, 1, 10], [2, 8, 3, 7]]"
12a_1050_74,"[[2, 8, 3, 7], [4, 22, 5, 21], [6, 15, 7, 16], [8, 14, 9, 13], [10, 20, 11, 19], [12, 23, 13, 24], [14, 2, 15, 1], [16, 3, 17, 4], [18, 12, 19, 11], [20, 6, 21, 5], [22, 17, 23, 18], [24, 9, 1, 10]]"
12a_1050_75,"[[24, 9, 1, 10], [2, 8, 3, 7], [4, 22, 5, 21], [6, 15, 7, 16], [8, 14, 9, 13], [10, 20, 11, 19], [12, 23, 13, 24], [14, 2, 15, 1], [16, 3, 17, 4], [18, 12, 19, 11], [20, 6, 21, 5], [22, 17, 23, 18]]"
12a_1050_76,"[[22, 17, 23, 18], [24, 9, 1, 10], [2, 8, 3, 7], [4, 22, 5, 21], [6, 15, 7, 16], [8, 14, 9, 13], [10, 20, 11, 19], [12, 23, 13, 24], [14, 2, 15, 1], [16, 3, 17, 4], [18, 12, 19, 11], [20, 6, 21, 5]]"
12a_1050_77,"[[20, 6, 21, 5], [22, 17, 23, 18], [24, 9, 1, 10], [2, 8, 3, 7], [4, 22, 5, 21], [6, 15, 7, 16], [8, 14, 9, 13], [10, 20, 11, 19], [12, 23, 13, 24], [14, 2, 15, 1], [16, 3, 17, 4], [18, 12, 19, 11]]"
12a_1050_78,"[[18, 12, 19, 11], [20, 6, 21, 5], [22, 17, 23, 18], [24, 9, 1, 10], [2, 8, 3, 7], [4, 22, 5, 21], [6, 15, 7, 16], [8, 14, 9, 13], [10, 20, 11, 19], [12, 23, 13, 24], [14, 2, 15, 1], [16, 3, 17, 4]]"
12a_1050_79,"[[16, 3, 17, 4], [18, 12, 19, 11], [20, 6, 21, 5], [22, 17, 23, 18], [24, 9, 1, 10], [2, 8, 3, 7], [4, 22, 5, 21], [6, 15, 7, 16], [8, 14, 9, 13], [10, 20, 11, 19], [12, 23, 13, 24], [14, 2, 15, 1]]"
12a_1050_80,"[[14, 2, 15, 1], [16, 3, 17, 4], [18, 12, 19, 11], [20, 6, 21, 5], [22, 17, 23, 18], [24, 9, 1, 10], [2, 8, 3, 7], [4, 22, 5, 21], [6, 15, 7, 16], [8, 14, 9, 13], [10, 20, 11, 19], [12, 23, 13, 24]]"
12a_1050_81,"[[12, 23, 13, 24], [14, 2, 15, 1], [16, 3, 17, 4], [18, 12, 19, 11], [20, 6, 21, 5], [22, 17, 23, 18], [24, 9, 1, 10], [2, 8, 3, 7], [4, 22, 5, 21], [6, 15, 7, 16], [8, 14, 9, 13], [10, 20, 11, 19]]"
12a_1050_82,"[[10, 20, 11, 19], [12, 23, 13, 24], [14, 2, 15, 1], [16, 3, 17, 4], [18, 12, 19, 11], [20, 6, 21, 5], [22, 17, 23, 18], [24, 9, 1, 10], [2, 8, 3, 7], [4, 22, 5, 21], [6, 15, 7, 16], [8, 14, 9, 13]]"
12a_1050_83,"[[8, 14, 9, 13], [10, 20, 11, 19], [12, 23, 13, 24], [14, 2, 15, 1], [16, 3, 17, 4], [18, 12, 19, 11], [20, 6, 21, 5], [22, 17, 23, 18], [24, 9, 1, 10], [2, 8, 3, 7], [4, 22, 5, 21], [6, 15, 7, 16]]"
12a_1050_84,"[[7, 16, 8, 17], [9, 15, 10, 14], [11, 21, 12, 20], [13, 24, 14, 1], [15, 3, 16, 2], [17, 4, 18, 5], [19, 13, 20, 12], [21, 7, 22, 6], [23, 18, 24, 19], [1, 10, 2, 11], [3, 9, 4, 8], [5, 23, 6, 22]]"
12a_1050_85,"[[5, 23, 6, 22], [7, 16, 8, 17], [9, 15, 10, 14], [11, 21, 12, 20], [13, 24, 14, 1], [15, 3, 16, 2], [17, 4, 18, 5], [19, 13, 20, 12], [21, 7, 22, 6], [23, 18, 24, 19], [1, 10, 2, 11], [3, 9, 4, 8]]"
12a_1050_86,"[[3, 9, 4, 8], [5, 23, 6, 22], [7, 16, 8, 17], [9, 15, 10, 14], [11, 21, 12, 20], [13, 24, 14, 1], [15, 3, 16, 2], [17, 4, 18, 5], [19, 13, 20, 12], [21, 7, 22, 6], [23, 18, 24, 19], [1, 10, 2, 11]]"
12a_1050_87,"[[1, 10, 2, 11], [3, 9, 4, 8], [5, 23, 6, 22], [7, 16, 8, 17], [9, 15, 10, 14], [11, 21, 12, 20], [13, 24, 14, 1], [15, 3, 16, 2], [17, 4, 18, 5], [19, 13, 20, 12], [21, 7, 22, 6], [23, 18, 24, 19]]"
12a_1050_88,"[[23, 18, 24, 19], [1, 10, 2, 11], [3, 9, 4, 8], [5, 23, 6, 22], [7, 16, 8, 17], [9, 15, 10, 14], [11, 21, 12, 20], [13, 24, 14, 1], [15, 3, 16, 2], [17, 4, 18, 5], [19, 13, 20, 12], [21, 7, 22, 6]]"
12a_1050_89,"[[21, 7, 22, 6], [23, 18, 24, 19], [1, 10, 2, 11], [3, 9, 4, 8], [5, 23, 6, 22], [7, 16, 8, 17], [9, 15, 10, 14], [11, 21, 12, 20], [13, 24, 14, 1], [15, 3, 16, 2], [17, 4, 18, 5], [19, 13, 20, 12]]"
12a_1050_90,"[[19, 13, 20, 12], [21, 7, 22, 6], [23, 18, 24, 19], [1, 10, 2, 11], [3, 9, 4, 8], [5, 23, 6, 22], [7, 16, 8, 17], [9, 15, 10, 14], [11, 21, 12, 20], [13, 24, 14, 1], [15, 3, 16, 2], [17, 4, 18, 5]]"
12a_1050_91,"[[17, 4, 18, 5], [19, 13, 20, 12], [21, 7, 22, 6], [23, 18, 24, 19], [1, 10, 2, 11], [3, 9, 4, 8], [5, 23, 6, 22], [7, 16, 8, 17], [9, 15, 10, 14], [11, 21, 12, 20], [13, 24, 14, 1], [15, 3, 16, 2]]"
12a_1050_92,"[[15, 3, 16, 2], [17, 4, 18, 5], [19, 13, 20, 12], [21, 7, 22, 6], [23, 18, 24, 19], [1, 10, 2, 11], [3, 9, 4, 8], [5, 23, 6, 22], [7, 16, 8, 17], [9, 15, 10, 14], [11, 21, 12, 20], [13, 24, 14, 1]]"
12a_1050_93,"[[13, 24, 14, 1], [15, 3, 16, 2], [17, 4, 18, 5], [19, 13, 20, 12], [21, 7, 22, 6], [23, 18, 24, 19], [1, 10, 2, 11], [3, 9, 4, 8], [5, 23, 6, 22], [7, 16, 8, 17], [9, 15, 10, 14], [11, 21, 12, 20]]"
12a_1050_94,"[[11, 21, 12, 20], [13, 24, 14, 1], [15, 3, 16, 2], [17, 4, 18, 5], [19, 13, 20, 12], [21, 7, 22, 6], [23, 18, 24, 19], [1, 10, 2, 11], [3, 9, 4, 8], [5, 23, 6, 22], [7, 16, 8, 17], [9, 15, 10, 14]]"
12a_1050_95,"[[9, 15, 10, 14], [11, 21, 12, 20], [13, 24, 14, 1], [15, 3, 16, 2], [17, 4, 18, 5], [19, 13, 20, 12], [21, 7, 22, 6], [23, 18, 24, 19], [1, 10, 2, 11], [3, 9, 4, 8], [5, 23, 6, 22], [7, 16, 8, 17]]"
12a_1050_96,"[[8, 17, 9, 18], [10, 16, 11, 15], [12, 22, 13, 21], [14, 1, 15, 2], [16, 4, 17, 3], [18, 5, 19, 6], [20, 14, 21, 13], [22, 8, 23, 7], [24, 19, 1, 20], [2, 11, 3, 12], [4, 10, 5, 9], [6, 24, 7, 23]]"
12a_1050_97,"[[6, 24, 7, 23], [8, 17, 9, 18], [10, 16, 11, 15], [12, 22, 13, 21], [14, 1, 15, 2], [16, 4, 17, 3], [18, 5, 19, 6], [20, 14, 21, 13], [22, 8, 23, 7], [24, 19, 1, 20], [2, 11, 3, 12], [4, 10, 5, 9]]"
12a_1050_98,"[[4, 10, 5, 9], [6, 24, 7, 23], [8, 17, 9, 18], [10, 16, 11, 15], [12, 22, 13, 21], [14, 1, 15, 2], [16, 4, 17, 3], [18, 5, 19, 6], [20, 14, 21, 13], [22, 8, 23, 7], [24, 19, 1, 20], [2, 11, 3, 12]]"
12a_1050_99,"[[2, 11, 3, 12], [4, 10, 5, 9], [6, 24, 7, 23], [8, 17, 9, 18], [10, 16, 11, 15], [12, 22, 13, 21], [14, 1, 15, 2], [16, 4, 17, 3], [18, 5, 19, 6], [20, 14, 21, 13], [22, 8, 23, 7], [24, 19, 1, 20]]"
12a_1050_100,"[[24, 19, 1, 20], [2, 11, 3, 12], [4, 10, 5, 9], [6, 24, 7, 23], [8, 17, 9, 18], [10, 16, 11, 15], [12, 22, 13, 21], [14, 1, 15, 2], [16, 4, 17, 3], [18, 5, 19, 6], [20, 14, 21, 13], [22, 8, 23, 7]]"
12a_1050_101,"[[22, 8, 23, 7], [24, 19, 1, 20], [2, 11, 3, 12], [4, 10, 5, 9], [6, 24, 7, 23], [8, 17, 9, 18], [10, 16, 11, 15], [12, 22, 13, 21], [14, 1, 15, 2], [16, 4, 17, 3], [18, 5, 19, 6], [20, 14, 21, 13]]"
12a_1050_102,"[[20, 14, 21, 13], [22, 8, 23, 7], [24, 19, 1, 20], [2, 11, 3, 12], [4, 10, 5, 9], [6, 24, 7, 23], [8, 17, 9, 18], [10, 16, 11, 15], [12, 22, 13, 21], [14, 1, 15, 2], [16, 4, 17, 3], [18, 5, 19, 6]]"
12a_1050_103,"[[18, 5, 19, 6], [20, 14, 21, 13], [22, 8, 23, 7], [24, 19, 1, 20], [2, 11, 3, 12], [4, 10, 5, 9], [6, 24, 7, 23], [8, 17, 9, 18], [10, 16, 11, 15], [12, 22, 13, 21], [14, 1, 15, 2], [16, 4, 17, 3]]"
12a_1050_104,"[[16, 4, 17, 3], [18, 5, 19, 6], [20, 14, 21, 13], [22, 8, 23, 7], [24, 19, 1, 20], [2, 11, 3, 12], [4, 10, 5, 9], [6, 24, 7, 23], [8, 17, 9, 18], [10, 16, 11, 15], [12, 22, 13, 21], [14, 1, 15, 2]]"
12a_1050_105,"[[14, 1, 15, 2], [16, 4, 17, 3], [18, 5, 19, 6], [20, 14, 21, 13], [22, 8, 23, 7], [24, 19, 1, 20], [2, 11, 3, 12], [4, 10, 5, 9], [6, 24, 7, 23], [8, 17, 9, 18], [10, 16, 11, 15], [12, 22, 13, 21]]"
12a_1050_106,"[[12, 22, 13, 21], [14, 1, 15, 2], [16, 4, 17, 3], [18, 5, 19, 6], [20, 14, 21, 13], [22, 8, 23, 7], [24, 19, 1, 20], [2, 11, 3, 12], [4, 10, 5, 9], [6, 24, 7, 23], [8, 17, 9, 18], [10, 16, 11, 15]]"
12a_1050_107,"[[10, 16, 11, 15], [12, 22, 13, 21], [14, 1, 15, 2], [16, 4, 17, 3], [18, 5, 19, 6], [20, 14, 21, 13], [22, 8, 23, 7], [24, 19, 1, 20], [2, 11, 3, 12], [4, 10, 5, 9], [6, 24, 7, 23], [8, 17, 9, 18]]"
12a_1050_108,"[[9, 18, 10, 19], [11, 17, 12, 16], [13, 23, 14, 22], [15, 2, 16, 3], [17, 5, 18, 4], [19, 6, 20, 7], [21, 15, 22, 14], [23, 9, 24, 8], [1, 20, 2, 21], [3, 12, 4, 13], [5, 11, 6, 10], [7, 1, 8, 24]]"
12a_1050_109,"[[7, 1, 8, 24], [9, 18, 10, 19], [11, 17, 12, 16], [13, 23, 14, 22], [15, 2, 16, 3], [17, 5, 18, 4], [19, 6, 20, 7], [21, 15, 22, 14], [23, 9, 24, 8], [1, 20, 2, 21], [3, 12, 4, 13], [5, 11, 6, 10]]"
12a_1050_110,"[[5, 11, 6, 10], [7, 1, 8, 24], [9, 18, 10, 19], [11, 17, 12, 16], [13, 23, 14, 22], [15, 2, 16, 3], [17, 5, 18, 4], [19, 6, 20, 7], [21, 15, 22, 14], [23, 9, 24, 8], [1, 20, 2, 21], [3, 12, 4, 13]]"
12a_1050_111,"[[3, 12, 4, 13], [5, 11, 6, 10], [7, 1, 8, 24], [9, 18, 10, 19], [11, 17, 12, 16], [13, 23, 14, 22], [15, 2, 16, 3], [17, 5, 18, 4], [19, 6, 20, 7], [21, 15, 22, 14], [23, 9, 24, 8], [1, 20, 2, 21]]"
12a_1050_112,"[[1, 20, 2, 21], [3, 12, 4, 13], [5, 11, 6, 10], [7, 1, 8, 24], [9, 18, 10, 19], [11, 17, 12, 16], [13, 23, 14, 22], [15, 2, 16, 3], [17, 5, 18, 4], [19, 6, 20, 7], [21, 15, 22, 14], [23, 9, 24, 8]]"
12a_1050_113,"[[23, 9, 24, 8], [1, 20, 2, 21], [3, 12, 4, 13], [5, 11, 6, 10], [7, 1, 8, 24], [9, 18, 10, 19], [11, 17, 12, 16], [13, 23, 14, 22], [15, 2, 16, 3], [17, 5, 18, 4], [19, 6, 20, 7], [21, 15, 22, 14]]"
12a_1050_114,"[[21, 15, 22, 14], [23, 9, 24, 8], [1, 20, 2, 21], [3, 12, 4, 13], [5, 11, 6, 10], [7, 1, 8, 24], [9, 18, 10, 19], [11, 17, 12, 16], [13, 23, 14, 22], [15, 2, 16, 3], [17, 5, 18, 4], [19, 6, 20, 7]]"
12a_1050_115,"[[19, 6, 20, 7], [21, 15, 22, 14], [23, 9, 24, 8], [1, 20, 2, 21], [3, 12, 4, 13], [5, 11, 6, 10], [7, 1, 8, 24], [9, 18, 10, 19], [11, 17, 12, 16], [13, 23, 14, 22], [15, 2, 16, 3], [17, 5, 18, 4]]"
12a_1050_116,"[[17, 5, 18, 4], [19, 6, 20, 7], [21, 15, 22, 14], [23, 9, 24, 8], [1, 20, 2, 21], [3, 12, 4, 13], [5, 11, 6, 10], [7, 1, 8, 24], [9, 18, 10, 19], [11, 17, 12, 16], [13, 23, 14, 22], [15, 2, 16, 3]]"
12a_1050_117,"[[15, 2, 16, 3], [17, 5, 18, 4], [19, 6, 20, 7], [21, 15, 22, 14], [23, 9, 24, 8], [1, 20, 2, 21], [3, 12, 4, 13], [5, 11, 6, 10], [7, 1, 8, 24], [9, 18, 10, 19], [11, 17, 12, 16], [13, 23, 14, 22]]"
12a_1050_118,"[[13, 23, 14, 22], [15, 2, 16, 3], [17, 5, 18, 4], [19, 6, 20, 7], [21, 15, 22, 14], [23, 9, 24, 8], [1, 20, 2, 21], [3, 12, 4, 13], [5, 11, 6, 10], [7, 1, 8, 24], [9, 18, 10, 19], [11, 17, 12, 16]]"
12a_1050_119,"[[11, 17, 12, 16], [13, 23, 14, 22], [15, 2, 16, 3], [17, 5, 18, 4], [19, 6, 20, 7], [21, 15, 22, 14], [23, 9, 24, 8], [1, 20, 2, 21], [3, 12, 4, 13], [5, 11, 6, 10], [7, 1, 8, 24], [9, 18, 10, 19]]"
12a_1050_120,"[[10, 19, 11, 20], [12, 18, 13, 17], [14, 24, 15, 23], [16, 3, 17, 4], [18, 6, 19, 5], [20, 7, 21, 8], [22, 16, 23, 15], [24, 10, 1, 9], [2, 21, 3, 22], [4, 13, 5, 14], [6, 12, 7, 11], [8, 2, 9, 1]]"
12a_1050_121,"[[8, 2, 9, 1], [10, 19, 11, 20], [12, 18, 13, 17], [14, 24, 15, 23], [16, 3, 17, 4], [18, 6, 19, 5], [20, 7, 21, 8], [22, 16, 23, 15], [24, 10, 1, 9], [2, 21, 3, 22], [4, 13, 5, 14], [6, 12, 7, 11]]"
12a_1050_122,"[[6, 12, 7, 11], [8, 2, 9, 1], [10, 19, 11, 20], [12, 18, 13, 17], [14, 24, 15, 23], [16, 3, 17, 4], [18, 6, 19, 5], [20, 7, 21, 8], [22, 16, 23, 15], [24, 10, 1, 9], [2, 21, 3, 22], [4, 13, 5, 14]]"
12a_1050_123,"[[4, 13, 5, 14], [6, 12, 7, 11], [8, 2, 9, 1], [10, 19, 11, 20], [12, 18, 13, 17], [14, 24, 15, 23], [16, 3, 17, 4], [18, 6, 19, 5], [20, 7, 21, 8], [22, 16, 23, 15], [24, 10, 1, 9], [2, 21, 3, 22]]"
12a_1050_124,"[[2, 21, 3, 22], [4, 13, 5, 14], [6, 12, 7, 11], [8, 2, 9, 1], [10, 19, 11, 20], [12, 18, 13, 17], [14, 24, 15, 23], [16, 3, 17, 4], [18, 6, 19, 5], [20, 7, 21, 8], [22, 16, 23, 15], [24, 10, 1, 9]]"
12a_1050_125,"[[24, 10, 1, 9], [2, 21, 3, 22], [4, 13, 5, 14], [6, 12, 7, 11], [8, 2, 9, 1], [10, 19, 11, 20], [12, 18, 13, 17], [14, 24, 15, 23], [16, 3, 17, 4], [18, 6, 19, 5], [20, 7, 21, 8], [22, 16, 23, 15]]"
12a_1050_126,"[[22, 16, 23, 15], [24, 10, 1, 9], [2, 21, 3, 22], [4, 13, 5, 14], [6, 12, 7, 11], [8, 2, 9, 1], [10, 19, 11, 20], [12, 18, 13, 17], [14, 24, 15, 23], [16, 3, 17, 4], [18, 6, 19, 5], [20, 7, 21, 8]]"
12a_1050_127,"[[20, 7, 21, 8], [22, 16, 23, 15], [24, 10, 1, 9], [2, 21, 3, 22], [4, 13, 5, 14], [6, 12, 7, 11], [8, 2, 9, 1], [10, 19, 11, 20], [12, 18, 13, 17], [14, 24, 15, 23], [16, 3, 17, 4], [18, 6, 19, 5]]"
12a_1050_128,"[[18, 6, 19, 5], [20, 7, 21, 8], [22, 16, 23, 15], [24, 10, 1, 9], [2, 21, 3, 22], [4, 13, 5, 14], [6, 12, 7, 11], [8, 2, 9, 1], [10, 19, 11, 20], [12, 18, 13, 17], [14, 24, 15, 23], [16, 3, 17, 4]]"
12a_1050_129,"[[16, 3, 17, 4], [18, 6, 19, 5], [20, 7, 21, 8], [22, 16, 23, 15], [24, 10, 1, 9], [2, 21, 3, 22], [4, 13, 5, 14], [6, 12, 7, 11], [8, 2, 9, 1], [10, 19, 11, 20], [12, 18, 13, 17], [14, 24, 15, 23]]"
12a_1050_130,"[[14, 24, 15, 23], [16, 3, 17, 4], [18, 6, 19, 5], [20, 7, 21, 8], [22, 16, 23, 15], [24, 10, 1, 9], [2, 21, 3, 22], [4, 13, 5, 14], [6, 12, 7, 11], [8, 2, 9, 1], [10, 19, 11, 20], [12, 18, 13, 17]]"
12a_1050_131,"[[12, 18, 13, 17], [14, 24, 15, 23], [16, 3, 17, 4], [18, 6, 19, 5], [20, 7, 21, 8], [22, 16, 23, 15], [24, 10, 1, 9], [2, 21, 3, 22], [4, 13, 5, 14], [6, 12, 7, 11], [8, 2, 9, 1], [10, 19, 11, 20]]"
12a_1050_132,"[[11, 20, 12, 21], [13, 19, 14, 18], [15, 1, 16, 24], [17, 4, 18, 5], [19, 7, 20, 6], [21, 8, 22, 9], [23, 17, 24, 16], [1, 11, 2, 10], [3, 22, 4, 23], [5, 14, 6, 15], [7, 13, 8, 12], [9, 3, 10, 2]]"
12a_1050_133,"[[9, 3, 10, 2], [11, 20, 12, 21], [13, 19, 14, 18], [15, 1, 16, 24], [17, 4, 18, 5], [19, 7, 20, 6], [21, 8, 22, 9], [23, 17, 24, 16], [1, 11, 2, 10], [3, 22, 4, 23], [5, 14, 6, 15], [7, 13, 8, 12]]"
12a_1050_134,"[[7, 13, 8, 12], [9, 3, 10, 2], [11, 20, 12, 21], [13, 19, 14, 18], [15, 1, 16, 24], [17, 4, 18, 5], [19, 7, 20, 6], [21, 8, 22, 9], [23, 17, 24, 16], [1, 11, 2, 10], [3, 22, 4, 23], [5, 14, 6, 15]]"
12a_1050_135,"[[5, 14, 6, 15], [7, 13, 8, 12], [9, 3, 10, 2], [11, 20, 12, 21], [13, 19, 14, 18], [15, 1, 16, 24], [17, 4, 18, 5], [19, 7, 20, 6], [21, 8, 22, 9], [23, 17, 24, 16], [1, 11, 2, 10], [3, 22, 4, 23]]"
12a_1050_136,"[[3, 22, 4, 23], [5, 14, 6, 15], [7, 13, 8, 12], [9, 3, 10, 2], [11, 20, 12, 21], [13, 19, 14, 18], [15, 1, 16, 24], [17, 4, 18, 5], [19, 7, 20, 6], [21, 8, 22, 9], [23, 17, 24, 16], [1, 11, 2, 10]]"
12a_1050_137,"[[1, 11, 2, 10], [3, 22, 4, 23], [5, 14, 6, 15], [7, 13, 8, 12], [9, 3, 10, 2], [11, 20, 12, 21], [13, 19, 14, 18], [15, 1, 16, 24], [17, 4, 18, 5], [19, 7, 20, 6], [21, 8, 22, 9], [23, 17, 24, 16]]"
12a_1050_138,"[[23, 17, 24, 16], [1, 11, 2, 10], [3, 22, 4, 23], [5, 14, 6, 15], [7, 13, 8, 12], [9, 3, 10, 2], [11, 20, 12, 21], [13, 19, 14, 18], [15, 1, 16, 24], [17, 4, 18, 5], [19, 7, 20, 6], [21, 8, 22, 9]]"
12a_1050_139,"[[21, 8, 22, 9], [23, 17, 24, 16], [1, 11, 2, 10], [3, 22, 4, 23], [5, 14, 6, 15], [7, 13, 8, 12], [9, 3, 10, 2], [11, 20, 12, 21], [13, 19, 14, 18], [15, 1, 16, 24], [17, 4, 18, 5], [19, 7, 20, 6]]"
12a_1050_140,"[[19, 7, 20, 6], [21, 8, 22, 9], [23, 17, 24, 16], [1, 11, 2, 10], [3, 22, 4, 23], [5, 14, 6, 15], [7, 13, 8, 12], [9, 3, 10, 2], [11, 20, 12, 21], [13, 19, 14, 18], [15, 1, 16, 24], [17, 4, 18, 5]]"
12a_1050_141,"[[17, 4, 18, 5], [19, 7, 20, 6], [21, 8, 22, 9], [23, 17, 24, 16], [1, 11, 2, 10], [3, 22, 4, 23], [5, 14, 6, 15], [7, 13, 8, 12], [9, 3, 10, 2], [11, 20, 12, 21], [13, 19, 14, 18], [15, 1, 16, 24]]"
12a_1050_142,"[[15, 1, 16, 24], [17, 4, 18, 5], [19, 7, 20, 6], [21, 8, 22, 9], [23, 17, 24, 16], [1, 11, 2, 10], [3, 22, 4, 23], [5, 14, 6, 15], [7, 13, 8, 12], [9, 3, 10, 2], [11, 20, 12, 21], [13, 19, 14, 18]]"
12a_1050_143,"[[13, 19, 14, 18], [15, 1, 16, 24], [17, 4, 18, 5], [19, 7, 20, 6], [21, 8, 22, 9], [23, 17, 24, 16], [1, 11, 2, 10], [3, 22, 4, 23], [5, 14, 6, 15], [7, 13, 8, 12], [9, 3, 10, 2], [11, 20, 12, 21]]"
12a_1050_144,"[[12, 21, 13, 22], [14, 20, 15, 19], [16, 2, 17, 1], [18, 5, 19, 6], [20, 8, 21, 7], [22, 9, 23, 10], [24, 18, 1, 17], [2, 12, 3, 11], [4, 23, 5, 24], [6, 15, 7, 16], [8, 14, 9, 13], [10, 4, 11, 3]]"
12a_1050_145,"[[10, 4, 11, 3], [12, 21, 13, 22], [14, 20, 15, 19], [16, 2, 17, 1], [18, 5, 19, 6], [20, 8, 21, 7], [22, 9, 23, 10], [24, 18, 1, 17], [2, 12, 3, 11], [4, 23, 5, 24], [6, 15, 7, 16], [8, 14, 9, 13]]"
12a_1050_146,"[[8, 14, 9, 13], [10, 4, 11, 3], [12, 21, 13, 22], [14, 20, 15, 19], [16, 2, 17, 1], [18, 5, 19, 6], [20, 8, 21, 7], [22, 9, 23, 10], [24, 18, 1, 17], [2, 12, 3, 11], [4, 23, 5, 24], [6, 15, 7, 16]]"
12a_1050_147,"[[6, 15, 7, 16], [8, 14, 9, 13], [10, 4, 11, 3], [12, 21, 13, 22], [14, 20, 15, 19], [16, 2, 17, 1], [18, 5, 19, 6], [20, 8, 21, 7], [22, 9, 23, 10], [24, 18, 1, 17], [2, 12, 3, 11], [4, 23, 5, 24]]"
12a_1050_148,"[[4, 23, 5, 24], [6, 15, 7, 16], [8, 14, 9, 13], [10, 4, 11, 3], [12, 21, 13, 22], [14, 20, 15, 19], [16, 2, 17, 1], [18, 5, 19, 6], [20, 8, 21, 7], [22, 9, 23, 10], [24, 18, 1, 17], [2, 12, 3, 11]]"
12a_1050_149,"[[2, 12, 3, 11], [4, 23, 5, 24], [6, 15, 7, 16], [8, 14, 9, 13], [10, 4, 11, 3], [12, 21, 13, 22], [14, 20, 15, 19], [16, 2, 17, 1], [18, 5, 19, 6], [20, 8, 21, 7], [22, 9, 23, 10], [24, 18, 1, 17]]"
12a_1050_150,"[[24, 18, 1, 17], [2, 12, 3, 11], [4, 23, 5, 24], [6, 15, 7, 16], [8, 14, 9, 13], [10, 4, 11, 3], [12, 21, 13, 22], [14, 20, 15, 19], [16, 2, 17, 1], [18, 5, 19, 6], [20, 8, 21, 7], [22, 9, 23, 10]]"
12a_1050_151,"[[22, 9, 23, 10], [24, 18, 1, 17], [2, 12, 3, 11], [4, 23, 5, 24], [6, 15, 7, 16], [8, 14, 9, 13], [10, 4, 11, 3], [12, 21, 13, 22], [14, 20, 15, 19], [16, 2, 17, 1], [18, 5, 19, 6], [20, 8, 21, 7]]"
12a_1050_152,"[[20, 8, 21, 7], [22, 9, 23, 10], [24, 18, 1, 17], [2, 12, 3, 11], [4, 23, 5, 24], [6, 15, 7, 16], [8, 14, 9, 13], [10, 4, 11, 3], [12, 21, 13, 22], [14, 20, 15, 19], [16, 2, 17, 1], [18, 5, 19, 6]]"
12a_1050_153,"[[18, 5, 19, 6], [20, 8, 21, 7], [22, 9, 23, 10], [24, 18, 1, 17], [2, 12, 3, 11], [4, 23, 5, 24], [6, 15, 7, 16], [8, 14, 9, 13], [10, 4, 11, 3], [12, 21, 13, 22], [14, 20, 15, 19], [16, 2, 17, 1]]"
12a_1050_154,"[[16, 2, 17, 1], [18, 5, 19, 6], [20, 8, 21, 7], [22, 9, 23, 10], [24, 18, 1, 17], [2, 12, 3, 11], [4, 23, 5, 24], [6, 15, 7, 16], [8, 14, 9, 13], [10, 4, 11, 3], [12, 21, 13, 22], [14, 20, 15, 19]]"
12a_1050_155,"[[14, 20, 15, 19], [16, 2, 17, 1], [18, 5, 19, 6], [20, 8, 21, 7], [22, 9, 23, 10], [24, 18, 1, 17], [2, 12, 3, 11], [4, 23, 5, 24], [6, 15, 7, 16], [8, 14, 9, 13], [10, 4, 11, 3], [12, 21, 13, 22]]"
12a_1050_156,"[[13, 22, 14, 23], [15, 21, 16, 20], [17, 3, 18, 2], [19, 6, 20, 7], [21, 9, 22, 8], [23, 10, 24, 11], [1, 19, 2, 18], [3, 13, 4, 12], [5, 24, 6, 1], [7, 16, 8, 17], [9, 15, 10, 14], [11, 5, 12, 4]]"
12a_1050_157,"[[11, 5, 12, 4], [13, 22, 14, 23], [15, 21, 16, 20], [17, 3, 18, 2], [19, 6, 20, 7], [21, 9, 22, 8], [23, 10, 24, 11], [1, 19, 2, 18], [3, 13, 4, 12], [5, 24, 6, 1], [7, 16, 8, 17], [9, 15, 10, 14]]"
12a_1050_158,"[[9, 15, 10, 14], [11, 5, 12, 4], [13, 22, 14, 23], [15, 21, 16, 20], [17, 3, 18, 2], [19, 6, 20, 7], [21, 9, 22, 8], [23, 10, 24, 11], [1, 19, 2, 18], [3, 13, 4, 12], [5, 24, 6, 1], [7, 16, 8, 17]]"
12a_1050_159,"[[7, 16, 8, 17], [9, 15, 10, 14], [11, 5, 12, 4], [13, 22, 14, 23], [15, 21, 16, 20], [17, 3, 18, 2], [19, 6, 20, 7], [21, 9, 22, 8], [23, 10, 24, 11], [1, 19, 2, 18], [3, 13, 4, 12], [5, 24, 6, 1]]"
12a_1050_160,"[[5, 24, 6, 1], [7, 16, 8, 17], [9, 15, 10, 14], [11, 5, 12, 4], [13, 22, 14, 23], [15, 21, 16, 20], [17, 3, 18, 2], [19, 6, 20, 7], [21, 9, 22, 8], [23, 10, 24, 11], [1, 19, 2, 18], [3, 13, 4, 12]]"
12a_1050_161,"[[3, 13, 4, 12], [5, 24, 6, 1], [7, 16, 8, 17], [9, 15, 10, 14], [11, 5, 12, 4], [13, 22, 14, 23], [15, 21, 16, 20], [17, 3, 18, 2], [19, 6, 20, 7], [21, 9, 22, 8], [23, 10, 24, 11], [1, 19, 2, 18]]"
12a_1050_162,"[[1, 19, 2, 18], [3, 13, 4, 12], [5, 24, 6, 1], [7, 16, 8, 17], [9, 15, 10, 14], [11, 5, 12, 4], [13, 22, 14, 23], [15, 21, 16, 20], [17, 3, 18, 2], [19, 6, 20, 7], [21, 9, 22, 8], [23, 10, 24, 11]]"
12a_1050_163,"[[23, 10, 24, 11], [1, 19, 2, 18], [3, 13, 4, 12], [5, 24, 6, 1], [7, 16, 8, 17], [9, 15, 10, 14], [11, 5, 12, 4], [13, 22, 14, 23], [15, 21, 16, 20], [17, 3, 18, 2], [19, 6, 20, 7], [21, 9, 22, 8]]"
12a_1050_164,"[[21, 9, 22, 8], [23, 10, 24, 11], [1, 19, 2, 18], [3, 13, 4, 12], [5, 24, 6, 1], [7, 16, 8, 17], [9, 15, 10, 14], [11, 5, 12, 4], [13, 22, 14, 23], [15, 21, 16, 20], [17, 3, 18, 2], [19, 6, 20, 7]]"
12a_1050_165,"[[19, 6, 20, 7], [21, 9, 22, 8], [23, 10, 24, 11], [1, 19, 2, 18], [3, 13, 4, 12], [5, 24, 6, 1], [7, 16, 8, 17], [9, 15, 10, 14], [11, 5, 12, 4], [13, 22, 14, 23], [15, 21, 16, 20], [17, 3, 18, 2]]"
12a_1050_166,"[[17, 3, 18, 2], [19, 6, 20, 7], [21, 9, 22, 8], [23, 10, 24, 11], [1, 19, 2, 18], [3, 13, 4, 12], [5, 24, 6, 1], [7, 16, 8, 17], [9, 15, 10, 14], [11, 5, 12, 4], [13, 22, 14, 23], [15, 21, 16, 20]]"
12a_1050_167,"[[15, 21, 16, 20], [17, 3, 18, 2], [19, 6, 20, 7], [21, 9, 22, 8], [23, 10, 24, 11], [1, 19, 2, 18], [3, 13, 4, 12], [5, 24, 6, 1], [7, 16, 8, 17], [9, 15, 10, 14], [11, 5, 12, 4], [13, 22, 14, 23]]"
12a_1050_168,"[[14, 23, 15, 24], [16, 22, 17, 21], [18, 4, 19, 3], [20, 7, 21, 8], [22, 10, 23, 9], [24, 11, 1, 12], [2, 20, 3, 19], [4, 14, 5, 13], [6, 1, 7, 2], [8, 17, 9, 18], [10, 16, 11, 15], [12, 6, 13, 5]]"
12a_1050_169,"[[12, 6, 13, 5], [14, 23, 15, 24], [16, 22, 17, 21], [18, 4, 19, 3], [20, 7, 21, 8], [22, 10, 23, 9], [24, 11, 1, 12], [2, 20, 3, 19], [4, 14, 5, 13], [6, 1, 7, 2], [8, 17, 9, 18], [10, 16, 11, 15]]"
12a_1050_170,"[[10, 16, 11, 15], [12, 6, 13, 5], [14, 23, 15, 24], [16, 22, 17, 21], [18, 4, 19, 3], [20, 7, 21, 8], [22, 10, 23, 9], [24, 11, 1, 12], [2, 20, 3, 19], [4, 14, 5, 13], [6, 1, 7, 2], [8, 17, 9, 18]]"
12a_1050_171,"[[8, 17, 9, 18], [10, 16, 11, 15], [12, 6, 13, 5], [14, 23, 15, 24], [16, 22, 17, 21], [18, 4, 19, 3], [20, 7, 21, 8], [22, 10, 23, 9], [24, 11, 1, 12], [2, 20, 3, 19], [4, 14, 5, 13], [6, 1, 7, 2]]"
12a_1050_172,"[[6, 1, 7, 2], [8, 17, 9, 18], [10, 16, 11, 15], [12, 6, 13, 5], [14, 23, 15, 24], [16, 22, 17, 21], [18, 4, 19, 3], [20, 7, 21, 8], [22, 10, 23, 9], [24, 11, 1, 12], [2, 20, 3, 19], [4, 14, 5, 13]]"
12a_1050_173,"[[4, 14, 5, 13], [6, 1, 7, 2], [8, 17, 9, 18], [10, 16, 11, 15], [12, 6, 13, 5], [14, 23, 15, 24], [16, 22, 17, 21], [18, 4, 19, 3], [20, 7, 21, 8], [22, 10, 23, 9], [24, 11, 1, 12], [2, 20, 3, 19]]"
12a_1050_174,"[[2, 20, 3, 19], [4, 14, 5, 13], [6, 1, 7, 2], [8, 17, 9, 18], [10, 16, 11, 15], [12, 6, 13, 5], [14, 23, 15, 24], [16, 22, 17, 21], [18, 4, 19, 3], [20, 7, 21, 8], [22, 10, 23, 9], [24, 11, 1, 12]]"
12a_1050_175,"[[24, 11, 1, 12], [2, 20, 3, 19], [4, 14, 5, 13], [6, 1, 7, 2], [8, 17, 9, 18], [10, 16, 11, 15], [12, 6, 13, 5], [14, 23, 15, 24], [16, 22, 17, 21], [18, 4, 19, 3], [20, 7, 21, 8], [22, 10, 23, 9]]"
12a_1050_176,"[[22, 10, 23, 9], [24, 11, 1, 12], [2, 20, 3, 19], [4, 14, 5, 13], [6, 1, 7, 2], [8, 17, 9, 18], [10, 16, 11, 15], [12, 6, 13, 5], [14, 23, 15, 24], [16, 22, 17, 21], [18, 4, 19, 3], [20, 7, 21, 8]]"
12a_1050_177,"[[20, 7, 21, 8], [22, 10, 23, 9], [24, 11, 1, 12], [2, 20, 3, 19], [4, 14, 5, 13], [6, 1, 7, 2], [8, 17, 9, 18], [10, 16, 11, 15], [12, 6, 13, 5], [14, 23, 15, 24], [16, 22, 17, 21], [18, 4, 19, 3]]"
12a_1050_178,"[[18, 4, 19, 3], [20, 7, 21, 8], [22, 10, 23, 9], [24, 11, 1, 12], [2, 20, 3, 19], [4, 14, 5, 13], [6, 1, 7, 2], [8, 17, 9, 18], [10, 16, 11, 15], [12, 6, 13, 5], [14, 23, 15, 24], [16, 22, 17, 21]]"
12a_1050_179,"[[16, 22, 17, 21], [18, 4, 19, 3], [20, 7, 21, 8], [22, 10, 23, 9], [24, 11, 1, 12], [2, 20, 3, 19], [4, 14, 5, 13], [6, 1, 7, 2], [8, 17, 9, 18], [10, 16, 11, 15], [12, 6, 13, 5], [14, 23, 15, 24]]"
12a_1050_180,"[[15, 24, 16, 1], [17, 23, 18, 22], [19, 5, 20, 4], [21, 8, 22, 9], [23, 11, 24, 10], [1, 12, 2, 13], [3, 21, 4, 20], [5, 15, 6, 14], [7, 2, 8, 3], [9, 18, 10, 19], [11, 17, 12, 16], [13, 7, 14, 6]]"
12a_1050_181,"[[13, 7, 14, 6], [15, 24, 16, 1], [17, 23, 18, 22], [19, 5, 20, 4], [21, 8, 22, 9], [23, 11, 24, 10], [1, 12, 2, 13], [3, 21, 4, 20], [5, 15, 6, 14], [7, 2, 8, 3], [9, 18, 10, 19], [11, 17, 12, 16]]"
12a_1050_182,"[[11, 17, 12, 16], [13, 7, 14, 6], [15, 24, 16, 1], [17, 23, 18, 22], [19, 5, 20, 4], [21, 8, 22, 9], [23, 11, 24, 10], [1, 12, 2, 13], [3, 21, 4, 20], [5, 15, 6, 14], [7, 2, 8, 3], [9, 18, 10, 19]]"
12a_1050_183,"[[9, 18, 10, 19], [11, 17, 12, 16], [13, 7, 14, 6], [15, 24, 16, 1], [17, 23, 18, 22], [19, 5, 20, 4], [21, 8, 22, 9], [23, 11, 24, 10], [1, 12, 2, 13], [3, 21, 4, 20], [5, 15, 6, 14], [7, 2, 8, 3]]"
12a_1050_184,"[[7, 2, 8, 3], [9, 18, 10, 19], [11, 17, 12, 16], [13, 7, 14, 6], [15, 24, 16, 1], [17, 23, 18, 22], [19, 5, 20, 4], [21, 8, 22, 9], [23, 11, 24, 10], [1, 12, 2, 13], [3, 21, 4, 20], [5, 15, 6, 14]]"
12a_1050_185,"[[5, 15, 6, 14], [7, 2, 8, 3], [9, 18, 10, 19], [11, 17, 12, 16], [13, 7, 14, 6], [15, 24, 16, 1], [17, 23, 18, 22], [19, 5, 20, 4], [21, 8, 22, 9], [23, 11, 24, 10], [1, 12, 2, 13], [3, 21, 4, 20]]"
