name,pd_notation
12a_1092_0,"[[24, 15, 1, 16], [2, 8, 3, 7], [4, 13, 5, 14], [6, 20, 7, 19], [8, 2, 9, 1], [10, 22, 11, 21], [12, 23, 13, 24], [14, 3, 15, 4], [16, 11, 17, 12], [18, 6, 19, 5], [20, 10, 21, 9], [22, 18, 23, 17]]"
12a_1092_1,"[[22, 18, 23, 17], [24, 15, 1, 16], [2, 8, 3, 7], [4, 13, 5, 14], [6, 20, 7, 19], [8, 2, 9, 1], [10, 22, 11, 21], [12, 23, 13, 24], [14, 3, 15, 4], [16, 11, 17, 12], [18, 6, 19, 5], [20, 10, 21, 9]]"
12a_1092_2,"[[20, 10, 21, 9], [22, 18, 23, 17], [24, 15, 1, 16], [2, 8, 3, 7], [4, 13, 5, 14], [6, 20, 7, 19], [8, 2, 9, 1], [10, 22, 11, 21], [12, 23, 13, 24], [14, 3, 15, 4], [16, 11, 17, 12], [18, 6, 19, 5]]"
12a_1092_3,"[[18, 6, 19, 5], [20, 10, 21, 9], [22, 18, 23, 17], [24, 15, 1, 16], [2, 8, 3, 7], [4, 13, 5, 14], [6, 20, 7, 19], [8, 2, 9, 1], [10, 22, 11, 21], [12, 23, 13, 24], [14, 3, 15, 4], [16, 11, 17, 12]]"
12a_1092_4,"[[16, 11, 17, 12], [18, 6, 19, 5], [20, 10, 21, 9], [22, 18, 23, 17], [24, 15, 1, 16], [2, 8, 3, 7], [4, 13, 5, 14], [6, 20, 7, 19], [8, 2, 9, 1], [10, 22, 11, 21], [12, 23, 13, 24], [14, 3, 15, 4]]"
12a_1092_5,"[[14, 3, 15, 4], [16, 11, 17, 12], [18, 6, 19, 5], [20, 10, 21, 9], [22, 18, 23, 17], [24, 15, 1, 16], [2, 8, 3, 7], [4, 13, 5, 14], [6, 20, 7, 19], [8, 2, 9, 1], [10, 22, 11, 21], [12, 23, 13, 24]]"
12a_1092_6,"[[12, 23, 13, 24], [14, 3, 15, 4], [16, 11, 17, 12], [18, 6, 19, 5], [20, 10, 21, 9], [22, 18, 23, 17], [24, 15, 1, 16], [2, 8, 3, 7], [4, 13, 5, 14], [6, 20, 7, 19], [8, 2, 9, 1], [10, 22, 11, 21]]"
12a_1092_7,"[[10, 22, 11, 21], [12, 23, 13, 24], [14, 3, 15, 4], [16, 11, 17, 12], [18, 6, 19, 5], [20, 10, 21, 9], [22, 18, 23, 17], [24, 15, 1, 16], [2, 8, 3, 7], [4, 13, 5, 14], [6, 20, 7, 19], [8, 2, 9, 1]]"
12a_1092_8,"[[8, 2, 9, 1], [10, 22, 11, 21], [12, 23, 13, 24], [14, 3, 15, 4], [16, 11, 17, 12], [18, 6, 19, 5], [20, 10, 21, 9], [22, 18, 23, 17], [24, 15, 1, 16], [2, 8, 3, 7], [4, 13, 5, 14], [6, 20, 7, 19]]"
12a_1092_9,"[[6, 20, 7, 19], [8, 2, 9, 1], [10, 22, 11, 21], [12, 23, 13, 24], [14, 3, 15, 4], [16, 11, 17, 12], [18, 6, 19, 5], [20, 10, 21, 9], [22, 18, 23, 17], [24, 15, 1, 16], [2, 8, 3, 7], [4, 13, 5, 14]]"
12a_1092_10,"[[4, 13, 5, 14], [6, 20, 7, 19], [8, 2, 9, 1], [10, 22, 11, 21], [12, 23, 13, 24], [14, 3, 15, 4], [16, 11, 17, 12], [18, 6, 19, 5], [20, 10, 21, 9], [22, 18, 23, 17], [24, 15, 1, 16], [2, 8, 3, 7]]"
12a_1092_11,"[[2, 8, 3, 7], [4, 13, 5, 14], [6, 20, 7, 19], [8, 2, 9, 1], [10, 22, 11, 21], [12, 23, 13, 24], [14, 3, 15, 4], [16, 11, 17, 12], [18, 6, 19, 5], [20, 10, 21, 9], [22, 18, 23, 17], [24, 15, 1, 16]]"
12a_1092_12,"[[1, 16, 2, 17], [3, 9, 4, 8], [5, 14, 6, 15], [7, 21, 8, 20], [9, 3, 10, 2], [11, 23, 12, 22], [13, 24, 14, 1], [15, 4, 16, 5], [17, 12, 18, 13], [19, 7, 20, 6], [21, 11, 22, 10], [23, 19, 24, 18]]"
12a_1092_13,"[[23, 19, 24, 18], [1, 16, 2, 17], [3, 9, 4, 8], [5, 14, 6, 15], [7, 21, 8, 20], [9, 3, 10, 2], [11, 23, 12, 22], [13, 24, 14, 1], [15, 4, 16, 5], [17, 12, 18, 13], [19, 7, 20, 6], [21, 11, 22, 10]]"
12a_1092_14,"[[21, 11, 22, 10], [23, 19, 24, 18], [1, 16, 2, 17], [3, 9, 4, 8], [5, 14, 6, 15], [7, 21, 8, 20], [9, 3, 10, 2], [11, 23, 12, 22], [13, 24, 14, 1], [15, 4, 16, 5], [17, 12, 18, 13], [19, 7, 20, 6]]"
12a_1092_15,"[[19, 7, 20, 6], [21, 11, 22, 10], [23, 19, 24, 18], [1, 16, 2, 17], [3, 9, 4, 8], [5, 14, 6, 15], [7, 21, 8, 20], [9, 3, 10, 2], [11, 23, 12, 22], [13, 24, 14, 1], [15, 4, 16, 5], [17, 12, 18, 13]]"
12a_1092_16,"[[17, 12, 18, 13], [19, 7, 20, 6], [21, 11, 22, 10], [23, 19, 24, 18], [1, 16, 2, 17], [3, 9, 4, 8], [5, 14, 6, 15], [7, 21, 8, 20], [9, 3, 10, 2], [11, 23, 12, 22], [13, 24, 14, 1], [15, 4, 16, 5]]"
12a_1092_17,"[[15, 4, 16, 5], [17, 12, 18, 13], [19, 7, 20, 6], [21, 11, 22, 10], [23, 19, 24, 18], [1, 16, 2, 17], [3, 9, 4, 8], [5, 14, 6, 15], [7, 21, 8, 20], [9, 3, 10, 2], [11, 23, 12, 22], [13, 24, 14, 1]]"
12a_1092_18,"[[13, 24, 14, 1], [15, 4, 16, 5], [17, 12, 18, 13], [19, 7, 20, 6], [21, 11, 22, 10], [23, 19, 24, 18], [1, 16, 2, 17], [3, 9, 4, 8], [5, 14, 6, 15], [7, 21, 8, 20], [9, 3, 10, 2], [11, 23, 12, 22]]"
12a_1092_19,"[[11, 23, 12, 22], [13, 24, 14, 1], [15, 4, 16, 5], [17, 12, 18, 13], [19, 7, 20, 6], [21, 11, 22, 10], [23, 19, 24, 18], [1, 16, 2, 17], [3, 9, 4, 8], [5, 14, 6, 15], [7, 21, 8, 20], [9, 3, 10, 2]]"
12a_1092_20,"[[9, 3, 10, 2], [11, 23, 12, 22], [13, 24, 14, 1], [15, 4, 16, 5], [17, 12, 18, 13], [19, 7, 20, 6], [21, 11, 22, 10], [23, 19, 24, 18], [1, 16, 2, 17], [3, 9, 4, 8], [5, 14, 6, 15], [7, 21, 8, 20]]"
12a_1092_21,"[[7, 21, 8, 20], [9, 3, 10, 2], [11, 23, 12, 22], [13, 24, 14, 1], [15, 4, 16, 5], [17, 12, 18, 13], [19, 7, 20, 6], [21, 11, 22, 10], [23, 19, 24, 18], [1, 16, 2, 17], [3, 9, 4, 8], [5, 14, 6, 15]]"
12a_1092_22,"[[5, 14, 6, 15], [7, 21, 8, 20], [9, 3, 10, 2], [11, 23, 12, 22], [13, 24, 14, 1], [15, 4, 16, 5], [17, 12, 18, 13], [19, 7, 20, 6], [21, 11, 22, 10], [23, 19, 24, 18], [1, 16, 2, 17], [3, 9, 4, 8]]"
12a_1092_23,"[[3, 9, 4, 8], [5, 14, 6, 15], [7, 21, 8, 20], [9, 3, 10, 2], [11, 23, 12, 22], [13, 24, 14, 1], [15, 4, 16, 5], [17, 12, 18, 13], [19, 7, 20, 6], [21, 11, 22, 10], [23, 19, 24, 18], [1, 16, 2, 17]]"
12a_1092_24,"[[2, 17, 3, 18], [4, 10, 5, 9], [6, 15, 7, 16], [8, 22, 9, 21], [10, 4, 11, 3], [12, 24, 13, 23], [14, 1, 15, 2], [16, 5, 17, 6], [18, 13, 19, 14], [20, 8, 21, 7], [22, 12, 23, 11], [24, 20, 1, 19]]"
12a_1092_25,"[[24, 20, 1, 19], [2, 17, 3, 18], [4, 10, 5, 9], [6, 15, 7, 16], [8, 22, 9, 21], [10, 4, 11, 3], [12, 24, 13, 23], [14, 1, 15, 2], [16, 5, 17, 6], [18, 13, 19, 14], [20, 8, 21, 7], [22, 12, 23, 11]]"
12a_1092_26,"[[22, 12, 23, 11], [24, 20, 1, 19], [2, 17, 3, 18], [4, 10, 5, 9], [6, 15, 7, 16], [8, 22, 9, 21], [10, 4, 11, 3], [12, 24, 13, 23], [14, 1, 15, 2], [16, 5, 17, 6], [18, 13, 19, 14], [20, 8, 21, 7]]"
12a_1092_27,"[[20, 8, 21, 7], [22, 12, 23, 11], [24, 20, 1, 19], [2, 17, 3, 18], [4, 10, 5, 9], [6, 15, 7, 16], [8, 22, 9, 21], [10, 4, 11, 3], [12, 24, 13, 23], [14, 1, 15, 2], [16, 5, 17, 6], [18, 13, 19, 14]]"
12a_1092_28,"[[18, 13, 19, 14], [20, 8, 21, 7], [22, 12, 23, 11], [24, 20, 1, 19], [2, 17, 3, 18], [4, 10, 5, 9], [6, 15, 7, 16], [8, 22, 9, 21], [10, 4, 11, 3], [12, 24, 13, 23], [14, 1, 15, 2], [16, 5, 17, 6]]"
12a_1092_29,"[[16, 5, 17, 6], [18, 13, 19, 14], [20, 8, 21, 7], [22, 12, 23, 11], [24, 20, 1, 19], [2, 17, 3, 18], [4, 10, 5, 9], [6, 15, 7, 16], [8, 22, 9, 21], [10, 4, 11, 3], [12, 24, 13, 23], [14, 1, 15, 2]]"
12a_1092_30,"[[14, 1, 15, 2], [16, 5, 17, 6], [18, 13, 19, 14], [20, 8, 21, 7], [22, 12, 23, 11], [24, 20, 1, 19], [2, 17, 3, 18], [4, 10, 5, 9], [6, 15, 7, 16], [8, 22, 9, 21], [10, 4, 11, 3], [12, 24, 13, 23]]"
12a_1092_31,"[[12, 24, 13, 23], [14, 1, 15, 2], [16, 5, 17, 6], [18, 13, 19, 14], [20, 8, 21, 7], [22, 12, 23, 11], [24, 20, 1, 19], [2, 17, 3, 18], [4, 10, 5, 9], [6, 15, 7, 16], [8, 22, 9, 21], [10, 4, 11, 3]]"
12a_1092_32,"[[10, 4, 11, 3], [12, 24, 13, 23], [14, 1, 15, 2], [16, 5, 17, 6], [18, 13, 19, 14], [20, 8, 21, 7], [22, 12, 23, 11], [24, 20, 1, 19], [2, 17, 3, 18], [4, 10, 5, 9], [6, 15, 7, 16], [8, 22, 9, 21]]"
12a_1092_33,"[[8, 22, 9, 21], [10, 4, 11, 3], [12, 24, 13, 23], [14, 1, 15, 2], [16, 5, 17, 6], [18, 13, 19, 14], [20, 8, 21, 7], [22, 12, 23, 11], [24, 20, 1, 19], [2, 17, 3, 18], [4, 10, 5, 9], [6, 15, 7, 16]]"
12a_1092_34,"[[6, 15, 7, 16], [8, 22, 9, 21], [10, 4, 11, 3], [12, 24, 13, 23], [14, 1, 15, 2], [16, 5, 17, 6], [18, 13, 19, 14], [20, 8, 21, 7], [22, 12, 23, 11], [24, 20, 1, 19], [2, 17, 3, 18], [4, 10, 5, 9]]"
12a_1092_35,"[[4, 10, 5, 9], [6, 15, 7, 16], [8, 22, 9, 21], [10, 4, 11, 3], [12, 24, 13, 23], [14, 1, 15, 2], [16, 5, 17, 6], [18, 13, 19, 14], [20, 8, 21, 7], [22, 12, 23, 11], [24, 20, 1, 19], [2, 17, 3, 18]]"
12a_1092_36,"[[3, 18, 4, 19], [5, 11, 6, 10], [7, 16, 8, 17], [9, 23, 10, 22], [11, 5, 12, 4], [13, 1, 14, 24], [15, 2, 16, 3], [17, 6, 18, 7], [19, 14, 20, 15], [21, 9, 22, 8], [23, 13, 24, 12], [1, 21, 2, 20]]"
12a_1092_37,"[[1, 21, 2, 20], [3, 18, 4, 19], [5, 11, 6, 10], [7, 16, 8, 17], [9, 23, 10, 22], [11, 5, 12, 4], [13, 1, 14, 24], [15, 2, 16, 3], [17, 6, 18, 7], [19, 14, 20, 15], [21, 9, 22, 8], [23, 13, 24, 12]]"
12a_1092_38,"[[23, 13, 24, 12], [1, 21, 2, 20], [3, 18, 4, 19], [5, 11, 6, 10], [7, 16, 8, 17], [9, 23, 10, 22], [11, 5, 12, 4], [13, 1, 14, 24], [15, 2, 16, 3], [17, 6, 18, 7], [19, 14, 20, 15], [21, 9, 22, 8]]"
12a_1092_39,"[[21, 9, 22, 8], [23, 13, 24, 12], [1, 21, 2, 20], [3, 18, 4, 19], [5, 11, 6, 10], [7, 16, 8, 17], [9, 23, 10, 22], [11, 5, 12, 4], [13, 1, 14, 24], [15, 2, 16, 3], [17, 6, 18, 7], [19, 14, 20, 15]]"
12a_1092_40,"[[19, 14, 20, 15], [21, 9, 22, 8], [23, 13, 24, 12], [1, 21, 2, 20], [3, 18, 4, 19], [5, 11, 6, 10], [7, 16, 8, 17], [9, 23, 10, 22], [11, 5, 12, 4], [13, 1, 14, 24], [15, 2, 16, 3], [17, 6, 18, 7]]"
12a_1092_41,"[[17, 6, 18, 7], [19, 14, 20, 15], [21, 9, 22, 8], [23, 13, 24, 12], [1, 21, 2, 20], [3, 18, 4, 19], [5, 11, 6, 10], [7, 16, 8, 17], [9, 23, 10, 22], [11, 5, 12, 4], [13, 1, 14, 24], [15, 2, 16, 3]]"
12a_1092_42,"[[15, 2, 16, 3], [17, 6, 18, 7], [19, 14, 20, 15], [21, 9, 22, 8], [23, 13, 24, 12], [1, 21, 2, 20], [3, 18, 4, 19], [5, 11, 6, 10], [7, 16, 8, 17], [9, 23, 10, 22], [11, 5, 12, 4], [13, 1, 14, 24]]"
12a_1092_43,"[[13, 1, 14, 24], [15, 2, 16, 3], [17, 6, 18, 7], [19, 14, 20, 15], [21, 9, 22, 8], [23, 13, 24, 12], [1, 21, 2, 20], [3, 18, 4, 19], [5, 11, 6, 10], [7, 16, 8, 17], [9, 23, 10, 22], [11, 5, 12, 4]]"
12a_1092_44,"[[11, 5, 12, 4], [13, 1, 14, 24], [15, 2, 16, 3], [17, 6, 18, 7], [19, 14, 20, 15], [21, 9, 22, 8], [23, 13, 24, 12], [1, 21, 2, 20], [3, 18, 4, 19], [5, 11, 6, 10], [7, 16, 8, 17], [9, 23, 10, 22]]"
12a_1092_45,"[[9, 23, 10, 22], [11, 5, 12, 4], [13, 1, 14, 24], [15, 2, 16, 3], [17, 6, 18, 7], [19, 14, 20, 15], [21, 9, 22, 8], [23, 13, 24, 12], [1, 21, 2, 20], [3, 18, 4, 19], [5, 11, 6, 10], [7, 16, 8, 17]]"
12a_1092_46,"[[7, 16, 8, 17], [9, 23, 10, 22], [11, 5, 12, 4], [13, 1, 14, 24], [15, 2, 16, 3], [17, 6, 18, 7], [19, 14, 20, 15], [21, 9, 22, 8], [23, 13, 24, 12], [1, 21, 2, 20], [3, 18, 4, 19], [5, 11, 6, 10]]"
12a_1092_47,"[[5, 11, 6, 10], [7, 16, 8, 17], [9, 23, 10, 22], [11, 5, 12, 4], [13, 1, 14, 24], [15, 2, 16, 3], [17, 6, 18, 7], [19, 14, 20, 15], [21, 9, 22, 8], [23, 13, 24, 12], [1, 21, 2, 20], [3, 18, 4, 19]]"
12a_1092_48,"[[4, 19, 5, 20], [6, 12, 7, 11], [8, 17, 9, 18], [10, 24, 11, 23], [12, 6, 13, 5], [14, 2, 15, 1], [16, 3, 17, 4], [18, 7, 19, 8], [20, 15, 21, 16], [22, 10, 23, 9], [24, 14, 1, 13], [2, 22, 3, 21]]"
12a_1092_49,"[[2, 22, 3, 21], [4, 19, 5, 20], [6, 12, 7, 11], [8, 17, 9, 18], [10, 24, 11, 23], [12, 6, 13, 5], [14, 2, 15, 1], [16, 3, 17, 4], [18, 7, 19, 8], [20, 15, 21, 16], [22, 10, 23, 9], [24, 14, 1, 13]]"
12a_1092_50,"[[24, 14, 1, 13], [2, 22, 3, 21], [4, 19, 5, 20], [6, 12, 7, 11], [8, 17, 9, 18], [10, 24, 11, 23], [12, 6, 13, 5], [14, 2, 15, 1], [16, 3, 17, 4], [18, 7, 19, 8], [20, 15, 21, 16], [22, 10, 23, 9]]"
12a_1092_51,"[[22, 10, 23, 9], [24, 14, 1, 13], [2, 22, 3, 21], [4, 19, 5, 20], [6, 12, 7, 11], [8, 17, 9, 18], [10, 24, 11, 23], [12, 6, 13, 5], [14, 2, 15, 1], [16, 3, 17, 4], [18, 7, 19, 8], [20, 15, 21, 16]]"
12a_1092_52,"[[20, 15, 21, 16], [22, 10, 23, 9], [24, 14, 1, 13], [2, 22, 3, 21], [4, 19, 5, 20], [6, 12, 7, 11], [8, 17, 9, 18], [10, 24, 11, 23], [12, 6, 13, 5], [14, 2, 15, 1], [16, 3, 17, 4], [18, 7, 19, 8]]"
12a_1092_53,"[[18, 7, 19, 8], [20, 15, 21, 16], [22, 10, 23, 9], [24, 14, 1, 13], [2, 22, 3, 21], [4, 19, 5, 20], [6, 12, 7, 11], [8, 17, 9, 18], [10, 24, 11, 23], [12, 6, 13, 5], [14, 2, 15, 1], [16, 3, 17, 4]]"
12a_1092_54,"[[16, 3, 17, 4], [18, 7, 19, 8], [20, 15, 21, 16], [22, 10, 23, 9], [24, 14, 1, 13], [2, 22, 3, 21], [4, 19, 5, 20], [6, 12, 7, 11], [8, 17, 9, 18], [10, 24, 11, 23], [12, 6, 13, 5], [14, 2, 15, 1]]"
12a_1092_55,"[[14, 2, 15, 1], [16, 3, 17, 4], [18, 7, 19, 8], [20, 15, 21, 16], [22, 10, 23, 9], [24, 14, 1, 13], [2, 22, 3, 21], [4, 19, 5, 20], [6, 12, 7, 11], [8, 17, 9, 18], [10, 24, 11, 23], [12, 6, 13, 5]]"
12a_1092_56,"[[12, 6, 13, 5], [14, 2, 15, 1], [16, 3, 17, 4], [18, 7, 19, 8], [20, 15, 21, 16], [22, 10, 23, 9], [24, 14, 1, 13], [2, 22, 3, 21], [4, 19, 5, 20], [6, 12, 7, 11], [8, 17, 9, 18], [10, 24, 11, 23]]"
12a_1092_57,"[[10, 24, 11, 23], [12, 6, 13, 5], [14, 2, 15, 1], [16, 3, 17, 4], [18, 7, 19, 8], [20, 15, 21, 16], [22, 10, 23, 9], [24, 14, 1, 13], [2, 22, 3, 21], [4, 19, 5, 20], [6, 12, 7, 11], [8, 17, 9, 18]]"
12a_1092_58,"[[8, 17, 9, 18], [10, 24, 11, 23], [12, 6, 13, 5], [14, 2, 15, 1], [16, 3, 17, 4], [18, 7, 19, 8], [20, 15, 21, 16], [22, 10, 23, 9], [24, 14, 1, 13], [2, 22, 3, 21], [4, 19, 5, 20], [6, 12, 7, 11]]"
12a_1092_59,"[[6, 12, 7, 11], [8, 17, 9, 18], [10, 24, 11, 23], [12, 6, 13, 5], [14, 2, 15, 1], [16, 3, 17, 4], [18, 7, 19, 8], [20, 15, 21, 16], [22, 10, 23, 9], [24, 14, 1, 13], [2, 22, 3, 21], [4, 19, 5, 20]]"
12a_1092_60,"[[5, 20, 6, 21], [7, 13, 8, 12], [9, 18, 10, 19], [11, 1, 12, 24], [13, 7, 14, 6], [15, 3, 16, 2], [17, 4, 18, 5], [19, 8, 20, 9], [21, 16, 22, 17], [23, 11, 24, 10], [1, 15, 2, 14], [3, 23, 4, 22]]"
12a_1092_61,"[[3, 23, 4, 22], [5, 20, 6, 21], [7, 13, 8, 12], [9, 18, 10, 19], [11, 1, 12, 24], [13, 7, 14, 6], [15, 3, 16, 2], [17, 4, 18, 5], [19, 8, 20, 9], [21, 16, 22, 17], [23, 11, 24, 10], [1, 15, 2, 14]]"
12a_1092_62,"[[1, 15, 2, 14], [3, 23, 4, 22], [5, 20, 6, 21], [7, 13, 8, 12], [9, 18, 10, 19], [11, 1, 12, 24], [13, 7, 14, 6], [15, 3, 16, 2], [17, 4, 18, 5], [19, 8, 20, 9], [21, 16, 22, 17], [23, 11, 24, 10]]"
12a_1092_63,"[[23, 11, 24, 10], [1, 15, 2, 14], [3, 23, 4, 22], [5, 20, 6, 21], [7, 13, 8, 12], [9, 18, 10, 19], [11, 1, 12, 24], [13, 7, 14, 6], [15, 3, 16, 2], [17, 4, 18, 5], [19, 8, 20, 9], [21, 16, 22, 17]]"
12a_1092_64,"[[21, 16, 22, 17], [23, 11, 24, 10], [1, 15, 2, 14], [3, 23, 4, 22], [5, 20, 6, 21], [7, 13, 8, 12], [9, 18, 10, 19], [11, 1, 12, 24], [13, 7, 14, 6], [15, 3, 16, 2], [17, 4, 18, 5], [19, 8, 20, 9]]"
12a_1092_65,"[[19, 8, 20, 9], [21, 16, 22, 17], [23, 11, 24, 10], [1, 15, 2, 14], [3, 23, 4, 22], [5, 20, 6, 21], [7, 13, 8, 12], [9, 18, 10, 19], [11, 1, 12, 24], [13, 7, 14, 6], [15, 3, 16, 2], [17, 4, 18, 5]]"
12a_1092_66,"[[17, 4, 18, 5], [19, 8, 20, 9], [21, 16, 22, 17], [23, 11, 24, 10], [1, 15, 2, 14], [3, 23, 4, 22], [5, 20, 6, 21], [7, 13, 8, 12], [9, 18, 10, 19], [11, 1, 12, 24], [13, 7, 14, 6], [15, 3, 16, 2]]"
12a_1092_67,"[[15, 3, 16, 2], [17, 4, 18, 5], [19, 8, 20, 9], [21, 16, 22, 17], [23, 11, 24, 10], [1, 15, 2, 14], [3, 23, 4, 22], [5, 20, 6, 21], [7, 13, 8, 12], [9, 18, 10, 19], [11, 1, 12, 24], [13, 7, 14, 6]]"
12a_1092_68,"[[13, 7, 14, 6], [15, 3, 16, 2], [17, 4, 18, 5], [19, 8, 20, 9], [21, 16, 22, 17], [23, 11, 24, 10], [1, 15, 2, 14], [3, 23, 4, 22], [5, 20, 6, 21], [7, 13, 8, 12], [9, 18, 10, 19], [11, 1, 12, 24]]"
12a_1092_69,"[[11, 1, 12, 24], [13, 7, 14, 6], [15, 3, 16, 2], [17, 4, 18, 5], [19, 8, 20, 9], [21, 16, 22, 17], [23, 11, 24, 10], [1, 15, 2, 14], [3, 23, 4, 22], [5, 20, 6, 21], [7, 13, 8, 12], [9, 18, 10, 19]]"
12a_1092_70,"[[9, 18, 10, 19], [11, 1, 12, 24], [13, 7, 14, 6], [15, 3, 16, 2], [17, 4, 18, 5], [19, 8, 20, 9], [21, 16, 22, 17], [23, 11, 24, 10], [1, 15, 2, 14], [3, 23, 4, 22], [5, 20, 6, 21], [7, 13, 8, 12]]"
12a_1092_71,"[[7, 13, 8, 12], [9, 18, 10, 19], [11, 1, 12, 24], [13, 7, 14, 6], [15, 3, 16, 2], [17, 4, 18, 5], [19, 8, 20, 9], [21, 16, 22, 17], [23, 11, 24, 10], [1, 15, 2, 14], [3, 23, 4, 22], [5, 20, 6, 21]]"
12a_1092_72,"[[6, 21, 7, 22], [8, 14, 9, 13], [10, 19, 11, 20], [12, 2, 13, 1], [14, 8, 15, 7], [16, 4, 17, 3], [18, 5, 19, 6], [20, 9, 21, 10], [22, 17, 23, 18], [24, 12, 1, 11], [2, 16, 3, 15], [4, 24, 5, 23]]"
12a_1092_73,"[[4, 24, 5, 23], [6, 21, 7, 22], [8, 14, 9, 13], [10, 19, 11, 20], [12, 2, 13, 1], [14, 8, 15, 7], [16, 4, 17, 3], [18, 5, 19, 6], [20, 9, 21, 10], [22, 17, 23, 18], [24, 12, 1, 11], [2, 16, 3, 15]]"
12a_1092_74,"[[2, 16, 3, 15], [4, 24, 5, 23], [6, 21, 7, 22], [8, 14, 9, 13], [10, 19, 11, 20], [12, 2, 13, 1], [14, 8, 15, 7], [16, 4, 17, 3], [18, 5, 19, 6], [20, 9, 21, 10], [22, 17, 23, 18], [24, 12, 1, 11]]"
12a_1092_75,"[[24, 12, 1, 11], [2, 16, 3, 15], [4, 24, 5, 23], [6, 21, 7, 22], [8, 14, 9, 13], [10, 19, 11, 20], [12, 2, 13, 1], [14, 8, 15, 7], [16, 4, 17, 3], [18, 5, 19, 6], [20, 9, 21, 10], [22, 17, 23, 18]]"
12a_1092_76,"[[22, 17, 23, 18], [24, 12, 1, 11], [2, 16, 3, 15], [4, 24, 5, 23], [6, 21, 7, 22], [8, 14, 9, 13], [10, 19, 11, 20], [12, 2, 13, 1], [14, 8, 15, 7], [16, 4, 17, 3], [18, 5, 19, 6], [20, 9, 21, 10]]"
12a_1092_77,"[[20, 9, 21, 10], [22, 17, 23, 18], [24, 12, 1, 11], [2, 16, 3, 15], [4, 24, 5, 23], [6, 21, 7, 22], [8, 14, 9, 13], [10, 19, 11, 20], [12, 2, 13, 1], [14, 8, 15, 7], [16, 4, 17, 3], [18, 5, 19, 6]]"
12a_1092_78,"[[18, 5, 19, 6], [20, 9, 21, 10], [22, 17, 23, 18], [24, 12, 1, 11], [2, 16, 3, 15], [4, 24, 5, 23], [6, 21, 7, 22], [8, 14, 9, 13], [10, 19, 11, 20], [12, 2, 13, 1], [14, 8, 15, 7], [16, 4, 17, 3]]"
12a_1092_79,"[[16, 4, 17, 3], [18, 5, 19, 6], [20, 9, 21, 10], [22, 17, 23, 18], [24, 12, 1, 11], [2, 16, 3, 15], [4, 24, 5, 23], [6, 21, 7, 22], [8, 14, 9, 13], [10, 19, 11, 20], [12, 2, 13, 1], [14, 8, 15, 7]]"
12a_1092_80,"[[14, 8, 15, 7], [16, 4, 17, 3], [18, 5, 19, 6], [20, 9, 21, 10], [22, 17, 23, 18], [24, 12, 1, 11], [2, 16, 3, 15], [4, 24, 5, 23], [6, 21, 7, 22], [8, 14, 9, 13], [10, 19, 11, 20], [12, 2, 13, 1]]"
12a_1092_81,"[[12, 2, 13, 1], [14, 8, 15, 7], [16, 4, 17, 3], [18, 5, 19, 6], [20, 9, 21, 10], [22, 17, 23, 18], [24, 12, 1, 11], [2, 16, 3, 15], [4, 24, 5, 23], [6, 21, 7, 22], [8, 14, 9, 13], [10, 19, 11, 20]]"
12a_1092_82,"[[10, 19, 11, 20], [12, 2, 13, 1], [14, 8, 15, 7], [16, 4, 17, 3], [18, 5, 19, 6], [20, 9, 21, 10], [22, 17, 23, 18], [24, 12, 1, 11], [2, 16, 3, 15], [4, 24, 5, 23], [6, 21, 7, 22], [8, 14, 9, 13]]"
12a_1092_83,"[[8, 14, 9, 13], [10, 19, 11, 20], [12, 2, 13, 1], [14, 8, 15, 7], [16, 4, 17, 3], [18, 5, 19, 6], [20, 9, 21, 10], [22, 17, 23, 18], [24, 12, 1, 11], [2, 16, 3, 15], [4, 24, 5, 23], [6, 21, 7, 22]]"
12a_1092_84,"[[7, 22, 8, 23], [9, 15, 10, 14], [11, 20, 12, 21], [13, 3, 14, 2], [15, 9, 16, 8], [17, 5, 18, 4], [19, 6, 20, 7], [21, 10, 22, 11], [23, 18, 24, 19], [1, 13, 2, 12], [3, 17, 4, 16], [5, 1, 6, 24]]"
12a_1092_85,"[[5, 1, 6, 24], [7, 22, 8, 23], [9, 15, 10, 14], [11, 20, 12, 21], [13, 3, 14, 2], [15, 9, 16, 8], [17, 5, 18, 4], [19, 6, 20, 7], [21, 10, 22, 11], [23, 18, 24, 19], [1, 13, 2, 12], [3, 17, 4, 16]]"
12a_1092_86,"[[3, 17, 4, 16], [5, 1, 6, 24], [7, 22, 8, 23], [9, 15, 10, 14], [11, 20, 12, 21], [13, 3, 14, 2], [15, 9, 16, 8], [17, 5, 18, 4], [19, 6, 20, 7], [21, 10, 22, 11], [23, 18, 24, 19], [1, 13, 2, 12]]"
12a_1092_87,"[[1, 13, 2, 12], [3, 17, 4, 16], [5, 1, 6, 24], [7, 22, 8, 23], [9, 15, 10, 14], [11, 20, 12, 21], [13, 3, 14, 2], [15, 9, 16, 8], [17, 5, 18, 4], [19, 6, 20, 7], [21, 10, 22, 11], [23, 18, 24, 19]]"
12a_1092_88,"[[23, 18, 24, 19], [1, 13, 2, 12], [3, 17, 4, 16], [5, 1, 6, 24], [7, 22, 8, 23], [9, 15, 10, 14], [11, 20, 12, 21], [13, 3, 14, 2], [15, 9, 16, 8], [17, 5, 18, 4], [19, 6, 20, 7], [21, 10, 22, 11]]"
12a_1092_89,"[[21, 10, 22, 11], [23, 18, 24, 19], [1, 13, 2, 12], [3, 17, 4, 16], [5, 1, 6, 24], [7, 22, 8, 23], [9, 15, 10, 14], [11, 20, 12, 21], [13, 3, 14, 2], [15, 9, 16, 8], [17, 5, 18, 4], [19, 6, 20, 7]]"
12a_1092_90,"[[19, 6, 20, 7], [21, 10, 22, 11], [23, 18, 24, 19], [1, 13, 2, 12], [3, 17, 4, 16], [5, 1, 6, 24], [7, 22, 8, 23], [9, 15, 10, 14], [11, 20, 12, 21], [13, 3, 14, 2], [15, 9, 16, 8], [17, 5, 18, 4]]"
12a_1092_91,"[[17, 5, 18, 4], [19, 6, 20, 7], [21, 10, 22, 11], [23, 18, 24, 19], [1, 13, 2, 12], [3, 17, 4, 16], [5, 1, 6, 24], [7, 22, 8, 23], [9, 15, 10, 14], [11, 20, 12, 21], [13, 3, 14, 2], [15, 9, 16, 8]]"
12a_1092_92,"[[15, 9, 16, 8], [17, 5, 18, 4], [19, 6, 20, 7], [21, 10, 22, 11], [23, 18, 24, 19], [1, 13, 2, 12], [3, 17, 4, 16], [5, 1, 6, 24], [7, 22, 8, 23], [9, 15, 10, 14], [11, 20, 12, 21], [13, 3, 14, 2]]"
12a_1092_93,"[[13, 3, 14, 2], [15, 9, 16, 8], [17, 5, 18, 4], [19, 6, 20, 7], [21, 10, 22, 11], [23, 18, 24, 19], [1, 13, 2, 12], [3, 17, 4, 16], [5, 1, 6, 24], [7, 22, 8, 23], [9, 15, 10, 14], [11, 20, 12, 21]]"
12a_1092_94,"[[11, 20, 12, 21], [13, 3, 14, 2], [15, 9, 16, 8], [17, 5, 18, 4], [19, 6, 20, 7], [21, 10, 22, 11], [23, 18, 24, 19], [1, 13, 2, 12], [3, 17, 4, 16], [5, 1, 6, 24], [7, 22, 8, 23], [9, 15, 10, 14]]"
12a_1092_95,"[[9, 15, 10, 14], [11, 20, 12, 21], [13, 3, 14, 2], [15, 9, 16, 8], [17, 5, 18, 4], [19, 6, 20, 7], [21, 10, 22, 11], [23, 18, 24, 19], [1, 13, 2, 12], [3, 17, 4, 16], [5, 1, 6, 24], [7, 22, 8, 23]]"
12a_1092_96,"[[8, 23, 9, 24], [10, 16, 11, 15], [12, 21, 13, 22], [14, 4, 15, 3], [16, 10, 17, 9], [18, 6, 19, 5], [20, 7, 21, 8], [22, 11, 23, 12], [24, 19, 1, 20], [2, 14, 3, 13], [4, 18, 5, 17], [6, 2, 7, 1]]"
12a_1092_97,"[[6, 2, 7, 1], [8, 23, 9, 24], [10, 16, 11, 15], [12, 21, 13, 22], [14, 4, 15, 3], [16, 10, 17, 9], [18, 6, 19, 5], [20, 7, 21, 8], [22, 11, 23, 12], [24, 19, 1, 20], [2, 14, 3, 13], [4, 18, 5, 17]]"
12a_1092_98,"[[4, 18, 5, 17], [6, 2, 7, 1], [8, 23, 9, 24], [10, 16, 11, 15], [12, 21, 13, 22], [14, 4, 15, 3], [16, 10, 17, 9], [18, 6, 19, 5], [20, 7, 21, 8], [22, 11, 23, 12], [24, 19, 1, 20], [2, 14, 3, 13]]"
12a_1092_99,"[[2, 14, 3, 13], [4, 18, 5, 17], [6, 2, 7, 1], [8, 23, 9, 24], [10, 16, 11, 15], [12, 21, 13, 22], [14, 4, 15, 3], [16, 10, 17, 9], [18, 6, 19, 5], [20, 7, 21, 8], [22, 11, 23, 12], [24, 19, 1, 20]]"
12a_1092_100,"[[24, 19, 1, 20], [2, 14, 3, 13], [4, 18, 5, 17], [6, 2, 7, 1], [8, 23, 9, 24], [10, 16, 11, 15], [12, 21, 13, 22], [14, 4, 15, 3], [16, 10, 17, 9], [18, 6, 19, 5], [20, 7, 21, 8], [22, 11, 23, 12]]"
12a_1092_101,"[[22, 11, 23, 12], [24, 19, 1, 20], [2, 14, 3, 13], [4, 18, 5, 17], [6, 2, 7, 1], [8, 23, 9, 24], [10, 16, 11, 15], [12, 21, 13, 22], [14, 4, 15, 3], [16, 10, 17, 9], [18, 6, 19, 5], [20, 7, 21, 8]]"
12a_1092_102,"[[20, 7, 21, 8], [22, 11, 23, 12], [24, 19, 1, 20], [2, 14, 3, 13], [4, 18, 5, 17], [6, 2, 7, 1], [8, 23, 9, 24], [10, 16, 11, 15], [12, 21, 13, 22], [14, 4, 15, 3], [16, 10, 17, 9], [18, 6, 19, 5]]"
12a_1092_103,"[[18, 6, 19, 5], [20, 7, 21, 8], [22, 11, 23, 12], [24, 19, 1, 20], [2, 14, 3, 13], [4, 18, 5, 17], [6, 2, 7, 1], [8, 23, 9, 24], [10, 16, 11, 15], [12, 21, 13, 22], [14, 4, 15, 3], [16, 10, 17, 9]]"
12a_1092_104,"[[16, 10, 17, 9], [18, 6, 19, 5], [20, 7, 21, 8], [22, 11, 23, 12], [24, 19, 1, 20], [2, 14, 3, 13], [4, 18, 5, 17], [6, 2, 7, 1], [8, 23, 9, 24], [10, 16, 11, 15], [12, 21, 13, 22], [14, 4, 15, 3]]"
12a_1092_105,"[[14, 4, 15, 3], [16, 10, 17, 9], [18, 6, 19, 5], [20, 7, 21, 8], [22, 11, 23, 12], [24, 19, 1, 20], [2, 14, 3, 13], [4, 18, 5, 17], [6, 2, 7, 1], [8, 23, 9, 24], [10, 16, 11, 15], [12, 21, 13, 22]]"
12a_1092_106,"[[12, 21, 13, 22], [14, 4, 15, 3], [16, 10, 17, 9], [18, 6, 19, 5], [20, 7, 21, 8], [22, 11, 23, 12], [24, 19, 1, 20], [2, 14, 3, 13], [4, 18, 5, 17], [6, 2, 7, 1], [8, 23, 9, 24], [10, 16, 11, 15]]"
12a_1092_107,"[[10, 16, 11, 15], [12, 21, 13, 22], [14, 4, 15, 3], [16, 10, 17, 9], [18, 6, 19, 5], [20, 7, 21, 8], [22, 11, 23, 12], [24, 19, 1, 20], [2, 14, 3, 13], [4, 18, 5, 17], [6, 2, 7, 1], [8, 23, 9, 24]]"
12a_1092_108,"[[9, 24, 10, 1], [11, 17, 12, 16], [13, 22, 14, 23], [15, 5, 16, 4], [17, 11, 18, 10], [19, 7, 20, 6], [21, 8, 22, 9], [23, 12, 24, 13], [1, 20, 2, 21], [3, 15, 4, 14], [5, 19, 6, 18], [7, 3, 8, 2]]"
12a_1092_109,"[[7, 3, 8, 2], [9, 24, 10, 1], [11, 17, 12, 16], [13, 22, 14, 23], [15, 5, 16, 4], [17, 11, 18, 10], [19, 7, 20, 6], [21, 8, 22, 9], [23, 12, 24, 13], [1, 20, 2, 21], [3, 15, 4, 14], [5, 19, 6, 18]]"
12a_1092_110,"[[5, 19, 6, 18], [7, 3, 8, 2], [9, 24, 10, 1], [11, 17, 12, 16], [13, 22, 14, 23], [15, 5, 16, 4], [17, 11, 18, 10], [19, 7, 20, 6], [21, 8, 22, 9], [23, 12, 24, 13], [1, 20, 2, 21], [3, 15, 4, 14]]"
12a_1092_111,"[[3, 15, 4, 14], [5, 19, 6, 18], [7, 3, 8, 2], [9, 24, 10, 1], [11, 17, 12, 16], [13, 22, 14, 23], [15, 5, 16, 4], [17, 11, 18, 10], [19, 7, 20, 6], [21, 8, 22, 9], [23, 12, 24, 13], [1, 20, 2, 21]]"
12a_1092_112,"[[1, 20, 2, 21], [3, 15, 4, 14], [5, 19, 6, 18], [7, 3, 8, 2], [9, 24, 10, 1], [11, 17, 12, 16], [13, 22, 14, 23], [15, 5, 16, 4], [17, 11, 18, 10], [19, 7, 20, 6], [21, 8, 22, 9], [23, 12, 24, 13]]"
12a_1092_113,"[[23, 12, 24, 13], [1, 20, 2, 21], [3, 15, 4, 14], [5, 19, 6, 18], [7, 3, 8, 2], [9, 24, 10, 1], [11, 17, 12, 16], [13, 22, 14, 23], [15, 5, 16, 4], [17, 11, 18, 10], [19, 7, 20, 6], [21, 8, 22, 9]]"
12a_1092_114,"[[21, 8, 22, 9], [23, 12, 24, 13], [1, 20, 2, 21], [3, 15, 4, 14], [5, 19, 6, 18], [7, 3, 8, 2], [9, 24, 10, 1], [11, 17, 12, 16], [13, 22, 14, 23], [15, 5, 16, 4], [17, 11, 18, 10], [19, 7, 20, 6]]"
12a_1092_115,"[[19, 7, 20, 6], [21, 8, 22, 9], [23, 12, 24, 13], [1, 20, 2, 21], [3, 15, 4, 14], [5, 19, 6, 18], [7, 3, 8, 2], [9, 24, 10, 1], [11, 17, 12, 16], [13, 22, 14, 23], [15, 5, 16, 4], [17, 11, 18, 10]]"
12a_1092_116,"[[17, 11, 18, 10], [19, 7, 20, 6], [21, 8, 22, 9], [23, 12, 24, 13], [1, 20, 2, 21], [3, 15, 4, 14], [5, 19, 6, 18], [7, 3, 8, 2], [9, 24, 10, 1], [11, 17, 12, 16], [13, 22, 14, 23], [15, 5, 16, 4]]"
12a_1092_117,"[[15, 5, 16, 4], [17, 11, 18, 10], [19, 7, 20, 6], [21, 8, 22, 9], [23, 12, 24, 13], [1, 20, 2, 21], [3, 15, 4, 14], [5, 19, 6, 18], [7, 3, 8, 2], [9, 24, 10, 1], [11, 17, 12, 16], [13, 22, 14, 23]]"
12a_1092_118,"[[13, 22, 14, 23], [15, 5, 16, 4], [17, 11, 18, 10], [19, 7, 20, 6], [21, 8, 22, 9], [23, 12, 24, 13], [1, 20, 2, 21], [3, 15, 4, 14], [5, 19, 6, 18], [7, 3, 8, 2], [9, 24, 10, 1], [11, 17, 12, 16]]"
12a_1092_119,"[[11, 17, 12, 16], [13, 22, 14, 23], [15, 5, 16, 4], [17, 11, 18, 10], [19, 7, 20, 6], [21, 8, 22, 9], [23, 12, 24, 13], [1, 20, 2, 21], [3, 15, 4, 14], [5, 19, 6, 18], [7, 3, 8, 2], [9, 24, 10, 1]]"
12a_1092_120,"[[10, 1, 11, 2], [12, 18, 13, 17], [14, 23, 15, 24], [16, 6, 17, 5], [18, 12, 19, 11], [20, 8, 21, 7], [22, 9, 23, 10], [24, 13, 1, 14], [2, 21, 3, 22], [4, 16, 5, 15], [6, 20, 7, 19], [8, 4, 9, 3]]"
12a_1092_121,"[[8, 4, 9, 3], [10, 1, 11, 2], [12, 18, 13, 17], [14, 23, 15, 24], [16, 6, 17, 5], [18, 12, 19, 11], [20, 8, 21, 7], [22, 9, 23, 10], [24, 13, 1, 14], [2, 21, 3, 22], [4, 16, 5, 15], [6, 20, 7, 19]]"
12a_1092_122,"[[6, 20, 7, 19], [8, 4, 9, 3], [10, 1, 11, 2], [12, 18, 13, 17], [14, 23, 15, 24], [16, 6, 17, 5], [18, 12, 19, 11], [20, 8, 21, 7], [22, 9, 23, 10], [24, 13, 1, 14], [2, 21, 3, 22], [4, 16, 5, 15]]"
12a_1092_123,"[[4, 16, 5, 15], [6, 20, 7, 19], [8, 4, 9, 3], [10, 1, 11, 2], [12, 18, 13, 17], [14, 23, 15, 24], [16, 6, 17, 5], [18, 12, 19, 11], [20, 8, 21, 7], [22, 9, 23, 10], [24, 13, 1, 14], [2, 21, 3, 22]]"
12a_1092_124,"[[2, 21, 3, 22], [4, 16, 5, 15], [6, 20, 7, 19], [8, 4, 9, 3], [10, 1, 11, 2], [12, 18, 13, 17], [14, 23, 15, 24], [16, 6, 17, 5], [18, 12, 19, 11], [20, 8, 21, 7], [22, 9, 23, 10], [24, 13, 1, 14]]"
12a_1092_125,"[[24, 13, 1, 14], [2, 21, 3, 22], [4, 16, 5, 15], [6, 20, 7, 19], [8, 4, 9, 3], [10, 1, 11, 2], [12, 18, 13, 17], [14, 23, 15, 24], [16, 6, 17, 5], [18, 12, 19, 11], [20, 8, 21, 7], [22, 9, 23, 10]]"
12a_1092_126,"[[22, 9, 23, 10], [24, 13, 1, 14], [2, 21, 3, 22], [4, 16, 5, 15], [6, 20, 7, 19], [8, 4, 9, 3], [10, 1, 11, 2], [12, 18, 13, 17], [14, 23, 15, 24], [16, 6, 17, 5], [18, 12, 19, 11], [20, 8, 21, 7]]"
12a_1092_127,"[[20, 8, 21, 7], [22, 9, 23, 10], [24, 13, 1, 14], [2, 21, 3, 22], [4, 16, 5, 15], [6, 20, 7, 19], [8, 4, 9, 3], [10, 1, 11, 2], [12, 18, 13, 17], [14, 23, 15, 24], [16, 6, 17, 5], [18, 12, 19, 11]]"
12a_1092_128,"[[18, 12, 19, 11], [20, 8, 21, 7], [22, 9, 23, 10], [24, 13, 1, 14], [2, 21, 3, 22], [4, 16, 5, 15], [6, 20, 7, 19], [8, 4, 9, 3], [10, 1, 11, 2], [12, 18, 13, 17], [14, 23, 15, 24], [16, 6, 17, 5]]"
12a_1092_129,"[[16, 6, 17, 5], [18, 12, 19, 11], [20, 8, 21, 7], [22, 9, 23, 10], [24, 13, 1, 14], [2, 21, 3, 22], [4, 16, 5, 15], [6, 20, 7, 19], [8, 4, 9, 3], [10, 1, 11, 2], [12, 18, 13, 17], [14, 23, 15, 24]]"
12a_1092_130,"[[14, 23, 15, 24], [16, 6, 17, 5], [18, 12, 19, 11], [20, 8, 21, 7], [22, 9, 23, 10], [24, 13, 1, 14], [2, 21, 3, 22], [4, 16, 5, 15], [6, 20, 7, 19], [8, 4, 9, 3], [10, 1, 11, 2], [12, 18, 13, 17]]"
12a_1092_131,"[[12, 18, 13, 17], [14, 23, 15, 24], [16, 6, 17, 5], [18, 12, 19, 11], [20, 8, 21, 7], [22, 9, 23, 10], [24, 13, 1, 14], [2, 21, 3, 22], [4, 16, 5, 15], [6, 20, 7, 19], [8, 4, 9, 3], [10, 1, 11, 2]]"
12a_1092_132,"[[11, 2, 12, 3], [13, 19, 14, 18], [15, 24, 16, 1], [17, 7, 18, 6], [19, 13, 20, 12], [21, 9, 22, 8], [23, 10, 24, 11], [1, 14, 2, 15], [3, 22, 4, 23], [5, 17, 6, 16], [7, 21, 8, 20], [9, 5, 10, 4]]"
12a_1092_133,"[[9, 5, 10, 4], [11, 2, 12, 3], [13, 19, 14, 18], [15, 24, 16, 1], [17, 7, 18, 6], [19, 13, 20, 12], [21, 9, 22, 8], [23, 10, 24, 11], [1, 14, 2, 15], [3, 22, 4, 23], [5, 17, 6, 16], [7, 21, 8, 20]]"
12a_1092_134,"[[7, 21, 8, 20], [9, 5, 10, 4], [11, 2, 12, 3], [13, 19, 14, 18], [15, 24, 16, 1], [17, 7, 18, 6], [19, 13, 20, 12], [21, 9, 22, 8], [23, 10, 24, 11], [1, 14, 2, 15], [3, 22, 4, 23], [5, 17, 6, 16]]"
12a_1092_135,"[[5, 17, 6, 16], [7, 21, 8, 20], [9, 5, 10, 4], [11, 2, 12, 3], [13, 19, 14, 18], [15, 24, 16, 1], [17, 7, 18, 6], [19, 13, 20, 12], [21, 9, 22, 8], [23, 10, 24, 11], [1, 14, 2, 15], [3, 22, 4, 23]]"
12a_1092_136,"[[3, 22, 4, 23], [5, 17, 6, 16], [7, 21, 8, 20], [9, 5, 10, 4], [11, 2, 12, 3], [13, 19, 14, 18], [15, 24, 16, 1], [17, 7, 18, 6], [19, 13, 20, 12], [21, 9, 22, 8], [23, 10, 24, 11], [1, 14, 2, 15]]"
12a_1092_137,"[[1, 14, 2, 15], [3, 22, 4, 23], [5, 17, 6, 16], [7, 21, 8, 20], [9, 5, 10, 4], [11, 2, 12, 3], [13, 19, 14, 18], [15, 24, 16, 1], [17, 7, 18, 6], [19, 13, 20, 12], [21, 9, 22, 8], [23, 10, 24, 11]]"
12a_1092_138,"[[23, 10, 24, 11], [1, 14, 2, 15], [3, 22, 4, 23], [5, 17, 6, 16], [7, 21, 8, 20], [9, 5, 10, 4], [11, 2, 12, 3], [13, 19, 14, 18], [15, 24, 16, 1], [17, 7, 18, 6], [19, 13, 20, 12], [21, 9, 22, 8]]"
12a_1092_139,"[[21, 9, 22, 8], [23, 10, 24, 11], [1, 14, 2, 15], [3, 22, 4, 23], [5, 17, 6, 16], [7, 21, 8, 20], [9, 5, 10, 4], [11, 2, 12, 3], [13, 19, 14, 18], [15, 24, 16, 1], [17, 7, 18, 6], [19, 13, 20, 12]]"
12a_1092_140,"[[19, 13, 20, 12], [21, 9, 22, 8], [23, 10, 24, 11], [1, 14, 2, 15], [3, 22, 4, 23], [5, 17, 6, 16], [7, 21, 8, 20], [9, 5, 10, 4], [11, 2, 12, 3], [13, 19, 14, 18], [15, 24, 16, 1], [17, 7, 18, 6]]"
12a_1092_141,"[[17, 7, 18, 6], [19, 13, 20, 12], [21, 9, 22, 8], [23, 10, 24, 11], [1, 14, 2, 15], [3, 22, 4, 23], [5, 17, 6, 16], [7, 21, 8, 20], [9, 5, 10, 4], [11, 2, 12, 3], [13, 19, 14, 18], [15, 24, 16, 1]]"
12a_1092_142,"[[15, 24, 16, 1], [17, 7, 18, 6], [19, 13, 20, 12], [21, 9, 22, 8], [23, 10, 24, 11], [1, 14, 2, 15], [3, 22, 4, 23], [5, 17, 6, 16], [7, 21, 8, 20], [9, 5, 10, 4], [11, 2, 12, 3], [13, 19, 14, 18]]"
12a_1092_143,"[[13, 19, 14, 18], [15, 24, 16, 1], [17, 7, 18, 6], [19, 13, 20, 12], [21, 9, 22, 8], [23, 10, 24, 11], [1, 14, 2, 15], [3, 22, 4, 23], [5, 17, 6, 16], [7, 21, 8, 20], [9, 5, 10, 4], [11, 2, 12, 3]]"
12a_1092_144,"[[12, 3, 13, 4], [14, 20, 15, 19], [16, 1, 17, 2], [18, 8, 19, 7], [20, 14, 21, 13], [22, 10, 23, 9], [24, 11, 1, 12], [2, 15, 3, 16], [4, 23, 5, 24], [6, 18, 7, 17], [8, 22, 9, 21], [10, 6, 11, 5]]"
12a_1092_145,"[[10, 6, 11, 5], [12, 3, 13, 4], [14, 20, 15, 19], [16, 1, 17, 2], [18, 8, 19, 7], [20, 14, 21, 13], [22, 10, 23, 9], [24, 11, 1, 12], [2, 15, 3, 16], [4, 23, 5, 24], [6, 18, 7, 17], [8, 22, 9, 21]]"
12a_1092_146,"[[8, 22, 9, 21], [10, 6, 11, 5], [12, 3, 13, 4], [14, 20, 15, 19], [16, 1, 17, 2], [18, 8, 19, 7], [20, 14, 21, 13], [22, 10, 23, 9], [24, 11, 1, 12], [2, 15, 3, 16], [4, 23, 5, 24], [6, 18, 7, 17]]"
12a_1092_147,"[[6, 18, 7, 17], [8, 22, 9, 21], [10, 6, 11, 5], [12, 3, 13, 4], [14, 20, 15, 19], [16, 1, 17, 2], [18, 8, 19, 7], [20, 14, 21, 13], [22, 10, 23, 9], [24, 11, 1, 12], [2, 15, 3, 16], [4, 23, 5, 24]]"
12a_1092_148,"[[4, 23, 5, 24], [6, 18, 7, 17], [8, 22, 9, 21], [10, 6, 11, 5], [12, 3, 13, 4], [14, 20, 15, 19], [16, 1, 17, 2], [18, 8, 19, 7], [20, 14, 21, 13], [22, 10, 23, 9], [24, 11, 1, 12], [2, 15, 3, 16]]"
12a_1092_149,"[[2, 15, 3, 16], [4, 23, 5, 24], [6, 18, 7, 17], [8, 22, 9, 21], [10, 6, 11, 5], [12, 3, 13, 4], [14, 20, 15, 19], [16, 1, 17, 2], [18, 8, 19, 7], [20, 14, 21, 13], [22, 10, 23, 9], [24, 11, 1, 12]]"
12a_1092_150,"[[24, 11, 1, 12], [2, 15, 3, 16], [4, 23, 5, 24], [6, 18, 7, 17], [8, 22, 9, 21], [10, 6, 11, 5], [12, 3, 13, 4], [14, 20, 15, 19], [16, 1, 17, 2], [18, 8, 19, 7], [20, 14, 21, 13], [22, 10, 23, 9]]"
12a_1092_151,"[[22, 10, 23, 9], [24, 11, 1, 12], [2, 15, 3, 16], [4, 23, 5, 24], [6, 18, 7, 17], [8, 22, 9, 21], [10, 6, 11, 5], [12, 3, 13, 4], [14, 20, 15, 19], [16, 1, 17, 2], [18, 8, 19, 7], [20, 14, 21, 13]]"
12a_1092_152,"[[20, 14, 21, 13], [22, 10, 23, 9], [24, 11, 1, 12], [2, 15, 3, 16], [4, 23, 5, 24], [6, 18, 7, 17], [8, 22, 9, 21], [10, 6, 11, 5], [12, 3, 13, 4], [14, 20, 15, 19], [16, 1, 17, 2], [18, 8, 19, 7]]"
12a_1092_153,"[[18, 8, 19, 7], [20, 14, 21, 13], [22, 10, 23, 9], [24, 11, 1, 12], [2, 15, 3, 16], [4, 23, 5, 24], [6, 18, 7, 17], [8, 22, 9, 21], [10, 6, 11, 5], [12, 3, 13, 4], [14, 20, 15, 19], [16, 1, 17, 2]]"
12a_1092_154,"[[16, 1, 17, 2], [18, 8, 19, 7], [20, 14, 21, 13], [22, 10, 23, 9], [24, 11, 1, 12], [2, 15, 3, 16], [4, 23, 5, 24], [6, 18, 7, 17], [8, 22, 9, 21], [10, 6, 11, 5], [12, 3, 13, 4], [14, 20, 15, 19]]"
12a_1092_155,"[[14, 20, 15, 19], [16, 1, 17, 2], [18, 8, 19, 7], [20, 14, 21, 13], [22, 10, 23, 9], [24, 11, 1, 12], [2, 15, 3, 16], [4, 23, 5, 24], [6, 18, 7, 17], [8, 22, 9, 21], [10, 6, 11, 5], [12, 3, 13, 4]]"
12a_1092_156,"[[13, 4, 14, 5], [15, 21, 16, 20], [17, 2, 18, 3], [19, 9, 20, 8], [21, 15, 22, 14], [23, 11, 24, 10], [1, 12, 2, 13], [3, 16, 4, 17], [5, 24, 6, 1], [7, 19, 8, 18], [9, 23, 10, 22], [11, 7, 12, 6]]"
12a_1092_157,"[[11, 7, 12, 6], [13, 4, 14, 5], [15, 21, 16, 20], [17, 2, 18, 3], [19, 9, 20, 8], [21, 15, 22, 14], [23, 11, 24, 10], [1, 12, 2, 13], [3, 16, 4, 17], [5, 24, 6, 1], [7, 19, 8, 18], [9, 23, 10, 22]]"
12a_1092_158,"[[9, 23, 10, 22], [11, 7, 12, 6], [13, 4, 14, 5], [15, 21, 16, 20], [17, 2, 18, 3], [19, 9, 20, 8], [21, 15, 22, 14], [23, 11, 24, 10], [1, 12, 2, 13], [3, 16, 4, 17], [5, 24, 6, 1], [7, 19, 8, 18]]"
12a_1092_159,"[[7, 19, 8, 18], [9, 23, 10, 22], [11, 7, 12, 6], [13, 4, 14, 5], [15, 21, 16, 20], [17, 2, 18, 3], [19, 9, 20, 8], [21, 15, 22, 14], [23, 11, 24, 10], [1, 12, 2, 13], [3, 16, 4, 17], [5, 24, 6, 1]]"
12a_1092_160,"[[5, 24, 6, 1], [7, 19, 8, 18], [9, 23, 10, 22], [11, 7, 12, 6], [13, 4, 14, 5], [15, 21, 16, 20], [17, 2, 18, 3], [19, 9, 20, 8], [21, 15, 22, 14], [23, 11, 24, 10], [1, 12, 2, 13], [3, 16, 4, 17]]"
12a_1092_161,"[[3, 16, 4, 17], [5, 24, 6, 1], [7, 19, 8, 18], [9, 23, 10, 22], [11, 7, 12, 6], [13, 4, 14, 5], [15, 21, 16, 20], [17, 2, 18, 3], [19, 9, 20, 8], [21, 15, 22, 14], [23, 11, 24, 10], [1, 12, 2, 13]]"
12a_1092_162,"[[1, 12, 2, 13], [3, 16, 4, 17], [5, 24, 6, 1], [7, 19, 8, 18], [9, 23, 10, 22], [11, 7, 12, 6], [13, 4, 14, 5], [15, 21, 16, 20], [17, 2, 18, 3], [19, 9, 20, 8], [21, 15, 22, 14], [23, 11, 24, 10]]"
12a_1092_163,"[[23, 11, 24, 10], [1, 12, 2, 13], [3, 16, 4, 17], [5, 24, 6, 1], [7, 19, 8, 18], [9, 23, 10, 22], [11, 7, 12, 6], [13, 4, 14, 5], [15, 21, 16, 20], [17, 2, 18, 3], [19, 9, 20, 8], [21, 15, 22, 14]]"
12a_1092_164,"[[21, 15, 22, 14], [23, 11, 24, 10], [1, 12, 2, 13], [3, 16, 4, 17], [5, 24, 6, 1], [7, 19, 8, 18], [9, 23, 10, 22], [11, 7, 12, 6], [13, 4, 14, 5], [15, 21, 16, 20], [17, 2, 18, 3], [19, 9, 20, 8]]"
12a_1092_165,"[[19, 9, 20, 8], [21, 15, 22, 14], [23, 11, 24, 10], [1, 12, 2, 13], [3, 16, 4, 17], [5, 24, 6, 1], [7, 19, 8, 18], [9, 23, 10, 22], [11, 7, 12, 6], [13, 4, 14, 5], [15, 21, 16, 20], [17, 2, 18, 3]]"
12a_1092_166,"[[17, 2, 18, 3], [19, 9, 20, 8], [21, 15, 22, 14], [23, 11, 24, 10], [1, 12, 2, 13], [3, 16, 4, 17], [5, 24, 6, 1], [7, 19, 8, 18], [9, 23, 10, 22], [11, 7, 12, 6], [13, 4, 14, 5], [15, 21, 16, 20]]"
12a_1092_167,"[[15, 21, 16, 20], [17, 2, 18, 3], [19, 9, 20, 8], [21, 15, 22, 14], [23, 11, 24, 10], [1, 12, 2, 13], [3, 16, 4, 17], [5, 24, 6, 1], [7, 19, 8, 18], [9, 23, 10, 22], [11, 7, 12, 6], [13, 4, 14, 5]]"
12a_1092_168,"[[14, 5, 15, 6], [16, 22, 17, 21], [18, 3, 19, 4], [20, 10, 21, 9], [22, 16, 23, 15], [24, 12, 1, 11], [2, 13, 3, 14], [4, 17, 5, 18], [6, 1, 7, 2], [8, 20, 9, 19], [10, 24, 11, 23], [12, 8, 13, 7]]"
12a_1092_169,"[[12, 8, 13, 7], [14, 5, 15, 6], [16, 22, 17, 21], [18, 3, 19, 4], [20, 10, 21, 9], [22, 16, 23, 15], [24, 12, 1, 11], [2, 13, 3, 14], [4, 17, 5, 18], [6, 1, 7, 2], [8, 20, 9, 19], [10, 24, 11, 23]]"
12a_1092_170,"[[10, 24, 11, 23], [12, 8, 13, 7], [14, 5, 15, 6], [16, 22, 17, 21], [18, 3, 19, 4], [20, 10, 21, 9], [22, 16, 23, 15], [24, 12, 1, 11], [2, 13, 3, 14], [4, 17, 5, 18], [6, 1, 7, 2], [8, 20, 9, 19]]"
12a_1092_171,"[[8, 20, 9, 19], [10, 24, 11, 23], [12, 8, 13, 7], [14, 5, 15, 6], [16, 22, 17, 21], [18, 3, 19, 4], [20, 10, 21, 9], [22, 16, 23, 15], [24, 12, 1, 11], [2, 13, 3, 14], [4, 17, 5, 18], [6, 1, 7, 2]]"
12a_1092_172,"[[6, 1, 7, 2], [8, 20, 9, 19], [10, 24, 11, 23], [12, 8, 13, 7], [14, 5, 15, 6], [16, 22, 17, 21], [18, 3, 19, 4], [20, 10, 21, 9], [22, 16, 23, 15], [24, 12, 1, 11], [2, 13, 3, 14], [4, 17, 5, 18]]"
12a_1092_173,"[[4, 17, 5, 18], [6, 1, 7, 2], [8, 20, 9, 19], [10, 24, 11, 23], [12, 8, 13, 7], [14, 5, 15, 6], [16, 22, 17, 21], [18, 3, 19, 4], [20, 10, 21, 9], [22, 16, 23, 15], [24, 12, 1, 11], [2, 13, 3, 14]]"
12a_1092_174,"[[2, 13, 3, 14], [4, 17, 5, 18], [6, 1, 7, 2], [8, 20, 9, 19], [10, 24, 11, 23], [12, 8, 13, 7], [14, 5, 15, 6], [16, 22, 17, 21], [18, 3, 19, 4], [20, 10, 21, 9], [22, 16, 23, 15], [24, 12, 1, 11]]"
12a_1092_175,"[[24, 12, 1, 11], [2, 13, 3, 14], [4, 17, 5, 18], [6, 1, 7, 2], [8, 20, 9, 19], [10, 24, 11, 23], [12, 8, 13, 7], [14, 5, 15, 6], [16, 22, 17, 21], [18, 3, 19, 4], [20, 10, 21, 9], [22, 16, 23, 15]]"
12a_1092_176,"[[22, 16, 23, 15], [24, 12, 1, 11], [2, 13, 3, 14], [4, 17, 5, 18], [6, 1, 7, 2], [8, 20, 9, 19], [10, 24, 11, 23], [12, 8, 13, 7], [14, 5, 15, 6], [16, 22, 17, 21], [18, 3, 19, 4], [20, 10, 21, 9]]"
12a_1092_177,"[[20, 10, 21, 9], [22, 16, 23, 15], [24, 12, 1, 11], [2, 13, 3, 14], [4, 17, 5, 18], [6, 1, 7, 2], [8, 20, 9, 19], [10, 24, 11, 23], [12, 8, 13, 7], [14, 5, 15, 6], [16, 22, 17, 21], [18, 3, 19, 4]]"
12a_1092_178,"[[18, 3, 19, 4], [20, 10, 21, 9], [22, 16, 23, 15], [24, 12, 1, 11], [2, 13, 3, 14], [4, 17, 5, 18], [6, 1, 7, 2], [8, 20, 9, 19], [10, 24, 11, 23], [12, 8, 13, 7], [14, 5, 15, 6], [16, 22, 17, 21]]"
12a_1092_179,"[[16, 22, 17, 21], [18, 3, 19, 4], [20, 10, 21, 9], [22, 16, 23, 15], [24, 12, 1, 11], [2, 13, 3, 14], [4, 17, 5, 18], [6, 1, 7, 2], [8, 20, 9, 19], [10, 24, 11, 23], [12, 8, 13, 7], [14, 5, 15, 6]]"
12a_1092_180,"[[15, 6, 16, 7], [17, 23, 18, 22], [19, 4, 20, 5], [21, 11, 22, 10], [23, 17, 24, 16], [1, 13, 2, 12], [3, 14, 4, 15], [5, 18, 6, 19], [7, 2, 8, 3], [9, 21, 10, 20], [11, 1, 12, 24], [13, 9, 14, 8]]"
12a_1092_181,"[[13, 9, 14, 8], [15, 6, 16, 7], [17, 23, 18, 22], [19, 4, 20, 5], [21, 11, 22, 10], [23, 17, 24, 16], [1, 13, 2, 12], [3, 14, 4, 15], [5, 18, 6, 19], [7, 2, 8, 3], [9, 21, 10, 20], [11, 1, 12, 24]]"
12a_1092_182,"[[11, 1, 12, 24], [13, 9, 14, 8], [15, 6, 16, 7], [17, 23, 18, 22], [19, 4, 20, 5], [21, 11, 22, 10], [23, 17, 24, 16], [1, 13, 2, 12], [3, 14, 4, 15], [5, 18, 6, 19], [7, 2, 8, 3], [9, 21, 10, 20]]"
12a_1092_183,"[[9, 21, 10, 20], [11, 1, 12, 24], [13, 9, 14, 8], [15, 6, 16, 7], [17, 23, 18, 22], [19, 4, 20, 5], [21, 11, 22, 10], [23, 17, 24, 16], [1, 13, 2, 12], [3, 14, 4, 15], [5, 18, 6, 19], [7, 2, 8, 3]]"
12a_1092_184,"[[7, 2, 8, 3], [9, 21, 10, 20], [11, 1, 12, 24], [13, 9, 14, 8], [15, 6, 16, 7], [17, 23, 18, 22], [19, 4, 20, 5], [21, 11, 22, 10], [23, 17, 24, 16], [1, 13, 2, 12], [3, 14, 4, 15], [5, 18, 6, 19]]"
12a_1092_185,"[[5, 18, 6, 19], [7, 2, 8, 3], [9, 21, 10, 20], [11, 1, 12, 24], [13, 9, 14, 8], [15, 6, 16, 7], [17, 23, 18, 22], [19, 4, 20, 5], [21, 11, 22, 10], [23, 17, 24, 16], [1, 13, 2, 12], [3, 14, 4, 15]]"
