name,pd_notation
12a_1061_0,"[[24, 16, 1, 15], [2, 8, 3, 7], [4, 14, 5, 13], [6, 17, 7, 18], [8, 24, 9, 23], [10, 4, 11, 3], [12, 19, 13, 20], [14, 22, 15, 21], [16, 2, 17, 1], [18, 11, 19, 12], [20, 5, 21, 6], [22, 10, 23, 9]]"
12a_1061_1,"[[22, 10, 23, 9], [24, 16, 1, 15], [2, 8, 3, 7], [4, 14, 5, 13], [6, 17, 7, 18], [8, 24, 9, 23], [10, 4, 11, 3], [12, 19, 13, 20], [14, 22, 15, 21], [16, 2, 17, 1], [18, 11, 19, 12], [20, 5, 21, 6]]"
12a_1061_2,"[[20, 5, 21, 6], [22, 10, 23, 9], [24, 16, 1, 15], [2, 8, 3, 7], [4, 14, 5, 13], [6, 17, 7, 18], [8, 24, 9, 23], [10, 4, 11, 3], [12, 19, 13, 20], [14, 22, 15, 21], [16, 2, 17, 1], [18, 11, 19, 12]]"
12a_1061_3,"[[18, 11, 19, 12], [20, 5, 21, 6], [22, 10, 23, 9], [24, 16, 1, 15], [2, 8, 3, 7], [4, 14, 5, 13], [6, 17, 7, 18], [8, 24, 9, 23], [10, 4, 11, 3], [12, 19, 13, 20], [14, 22, 15, 21], [16, 2, 17, 1]]"
12a_1061_4,"[[16, 2, 17, 1], [18, 11, 19, 12], [20, 5, 21, 6], [22, 10, 23, 9], [24, 16, 1, 15], [2, 8, 3, 7], [4, 14, 5, 13], [6, 17, 7, 18], [8, 24, 9, 23], [10, 4, 11, 3], [12, 19, 13, 20], [14, 22, 15, 21]]"
12a_1061_5,"[[14, 22, 15, 21], [16, 2, 17, 1], [18, 11, 19, 12], [20, 5, 21, 6], [22, 10, 23, 9], [24, 16, 1, 15], [2, 8, 3, 7], [4, 14, 5, 13], [6, 17, 7, 18], [8, 24, 9, 23], [10, 4, 11, 3], [12, 19, 13, 20]]"
12a_1061_6,"[[12, 19, 13, 20], [14, 22, 15, 21], [16, 2, 17, 1], [18, 11, 19, 12], [20, 5, 21, 6], [22, 10, 23, 9], [24, 16, 1, 15], [2, 8, 3, 7], [4, 14, 5, 13], [6, 17, 7, 18], [8, 24, 9, 23], [10, 4, 11, 3]]"
12a_1061_7,"[[10, 4, 11, 3], [12, 19, 13, 20], [14, 22, 15, 21], [16, 2, 17, 1], [18, 11, 19, 12], [20, 5, 21, 6], [22, 10, 23, 9], [24, 16, 1, 15], [2, 8, 3, 7], [4, 14, 5, 13], [6, 17, 7, 18], [8, 24, 9, 23]]"
12a_1061_8,"[[8, 24, 9, 23], [10, 4, 11, 3], [12, 19, 13, 20], [14, 22, 15, 21], [16, 2, 17, 1], [18, 11, 19, 12], [20, 5, 21, 6], [22, 10, 23, 9], [24, 16, 1, 15], [2, 8, 3, 7], [4, 14, 5, 13], [6, 17, 7, 18]]"
12a_1061_9,"[[6, 17, 7, 18], [8, 24, 9, 23], [10, 4, 11, 3], [12, 19, 13, 20], [14, 22, 15, 21], [16, 2, 17, 1], [18, 11, 19, 12], [20, 5, 21, 6], [22, 10, 23, 9], [24, 16, 1, 15], [2, 8, 3, 7], [4, 14, 5, 13]]"
12a_1061_10,"[[4, 14, 5, 13], [6, 17, 7, 18], [8, 24, 9, 23], [10, 4, 11, 3], [12, 19, 13, 20], [14, 22, 15, 21], [16, 2, 17, 1], [18, 11, 19, 12], [20, 5, 21, 6], [22, 10, 23, 9], [24, 16, 1, 15], [2, 8, 3, 7]]"
12a_1061_11,"[[2, 8, 3, 7], [4, 14, 5, 13], [6, 17, 7, 18], [8, 24, 9, 23], [10, 4, 11, 3], [12, 19, 13, 20], [14, 22, 15, 21], [16, 2, 17, 1], [18, 11, 19, 12], [20, 5, 21, 6], [22, 10, 23, 9], [24, 16, 1, 15]]"
12a_1061_12,"[[1, 17, 2, 16], [3, 9, 4, 8], [5, 15, 6, 14], [7, 18, 8, 19], [9, 1, 10, 24], [11, 5, 12, 4], [13, 20, 14, 21], [15, 23, 16, 22], [17, 3, 18, 2], [19, 12, 20, 13], [21, 6, 22, 7], [23, 11, 24, 10]]"
12a_1061_13,"[[23, 11, 24, 10], [1, 17, 2, 16], [3, 9, 4, 8], [5, 15, 6, 14], [7, 18, 8, 19], [9, 1, 10, 24], [11, 5, 12, 4], [13, 20, 14, 21], [15, 23, 16, 22], [17, 3, 18, 2], [19, 12, 20, 13], [21, 6, 22, 7]]"
12a_1061_14,"[[21, 6, 22, 7], [23, 11, 24, 10], [1, 17, 2, 16], [3, 9, 4, 8], [5, 15, 6, 14], [7, 18, 8, 19], [9, 1, 10, 24], [11, 5, 12, 4], [13, 20, 14, 21], [15, 23, 16, 22], [17, 3, 18, 2], [19, 12, 20, 13]]"
12a_1061_15,"[[19, 12, 20, 13], [21, 6, 22, 7], [23, 11, 24, 10], [1, 17, 2, 16], [3, 9, 4, 8], [5, 15, 6, 14], [7, 18, 8, 19], [9, 1, 10, 24], [11, 5, 12, 4], [13, 20, 14, 21], [15, 23, 16, 22], [17, 3, 18, 2]]"
12a_1061_16,"[[17, 3, 18, 2], [19, 12, 20, 13], [21, 6, 22, 7], [23, 11, 24, 10], [1, 17, 2, 16], [3, 9, 4, 8], [5, 15, 6, 14], [7, 18, 8, 19], [9, 1, 10, 24], [11, 5, 12, 4], [13, 20, 14, 21], [15, 23, 16, 22]]"
12a_1061_17,"[[15, 23, 16, 22], [17, 3, 18, 2], [19, 12, 20, 13], [21, 6, 22, 7], [23, 11, 24, 10], [1, 17, 2, 16], [3, 9, 4, 8], [5, 15, 6, 14], [7, 18, 8, 19], [9, 1, 10, 24], [11, 5, 12, 4], [13, 20, 14, 21]]"
12a_1061_18,"[[13, 20, 14, 21], [15, 23, 16, 22], [17, 3, 18, 2], [19, 12, 20, 13], [21, 6, 22, 7], [23, 11, 24, 10], [1, 17, 2, 16], [3, 9, 4, 8], [5, 15, 6, 14], [7, 18, 8, 19], [9, 1, 10, 24], [11, 5, 12, 4]]"
12a_1061_19,"[[11, 5, 12, 4], [13, 20, 14, 21], [15, 23, 16, 22], [17, 3, 18, 2], [19, 12, 20, 13], [21, 6, 22, 7], [23, 11, 24, 10], [1, 17, 2, 16], [3, 9, 4, 8], [5, 15, 6, 14], [7, 18, 8, 19], [9, 1, 10, 24]]"
12a_1061_20,"[[9, 1, 10, 24], [11, 5, 12, 4], [13, 20, 14, 21], [15, 23, 16, 22], [17, 3, 18, 2], [19, 12, 20, 13], [21, 6, 22, 7], [23, 11, 24, 10], [1, 17, 2, 16], [3, 9, 4, 8], [5, 15, 6, 14], [7, 18, 8, 19]]"
12a_1061_21,"[[7, 18, 8, 19], [9, 1, 10, 24], [11, 5, 12, 4], [13, 20, 14, 21], [15, 23, 16, 22], [17, 3, 18, 2], [19, 12, 20, 13], [21, 6, 22, 7], [23, 11, 24, 10], [1, 17, 2, 16], [3, 9, 4, 8], [5, 15, 6, 14]]"
12a_1061_22,"[[5, 15, 6, 14], [7, 18, 8, 19], [9, 1, 10, 24], [11, 5, 12, 4], [13, 20, 14, 21], [15, 23, 16, 22], [17, 3, 18, 2], [19, 12, 20, 13], [21, 6, 22, 7], [23, 11, 24, 10], [1, 17, 2, 16], [3, 9, 4, 8]]"
12a_1061_23,"[[3, 9, 4, 8], [5, 15, 6, 14], [7, 18, 8, 19], [9, 1, 10, 24], [11, 5, 12, 4], [13, 20, 14, 21], [15, 23, 16, 22], [17, 3, 18, 2], [19, 12, 20, 13], [21, 6, 22, 7], [23, 11, 24, 10], [1, 17, 2, 16]]"
12a_1061_24,"[[2, 18, 3, 17], [4, 10, 5, 9], [6, 16, 7, 15], [8, 19, 9, 20], [10, 2, 11, 1], [12, 6, 13, 5], [14, 21, 15, 22], [16, 24, 17, 23], [18, 4, 19, 3], [20, 13, 21, 14], [22, 7, 23, 8], [24, 12, 1, 11]]"
12a_1061_25,"[[24, 12, 1, 11], [2, 18, 3, 17], [4, 10, 5, 9], [6, 16, 7, 15], [8, 19, 9, 20], [10, 2, 11, 1], [12, 6, 13, 5], [14, 21, 15, 22], [16, 24, 17, 23], [18, 4, 19, 3], [20, 13, 21, 14], [22, 7, 23, 8]]"
12a_1061_26,"[[22, 7, 23, 8], [24, 12, 1, 11], [2, 18, 3, 17], [4, 10, 5, 9], [6, 16, 7, 15], [8, 19, 9, 20], [10, 2, 11, 1], [12, 6, 13, 5], [14, 21, 15, 22], [16, 24, 17, 23], [18, 4, 19, 3], [20, 13, 21, 14]]"
12a_1061_27,"[[20, 13, 21, 14], [22, 7, 23, 8], [24, 12, 1, 11], [2, 18, 3, 17], [4, 10, 5, 9], [6, 16, 7, 15], [8, 19, 9, 20], [10, 2, 11, 1], [12, 6, 13, 5], [14, 21, 15, 22], [16, 24, 17, 23], [18, 4, 19, 3]]"
12a_1061_28,"[[18, 4, 19, 3], [20, 13, 21, 14], [22, 7, 23, 8], [24, 12, 1, 11], [2, 18, 3, 17], [4, 10, 5, 9], [6, 16, 7, 15], [8, 19, 9, 20], [10, 2, 11, 1], [12, 6, 13, 5], [14, 21, 15, 22], [16, 24, 17, 23]]"
12a_1061_29,"[[16, 24, 17, 23], [18, 4, 19, 3], [20, 13, 21, 14], [22, 7, 23, 8], [24, 12, 1, 11], [2, 18, 3, 17], [4, 10, 5, 9], [6, 16, 7, 15], [8, 19, 9, 20], [10, 2, 11, 1], [12, 6, 13, 5], [14, 21, 15, 22]]"
12a_1061_30,"[[14, 21, 15, 22], [16, 24, 17, 23], [18, 4, 19, 3], [20, 13, 21, 14], [22, 7, 23, 8], [24, 12, 1, 11], [2, 18, 3, 17], [4, 10, 5, 9], [6, 16, 7, 15], [8, 19, 9, 20], [10, 2, 11, 1], [12, 6, 13, 5]]"
12a_1061_31,"[[12, 6, 13, 5], [14, 21, 15, 22], [16, 24, 17, 23], [18, 4, 19, 3], [20, 13, 21, 14], [22, 7, 23, 8], [24, 12, 1, 11], [2, 18, 3, 17], [4, 10, 5, 9], [6, 16, 7, 15], [8, 19, 9, 20], [10, 2, 11, 1]]"
12a_1061_32,"[[10, 2, 11, 1], [12, 6, 13, 5], [14, 21, 15, 22], [16, 24, 17, 23], [18, 4, 19, 3], [20, 13, 21, 14], [22, 7, 23, 8], [24, 12, 1, 11], [2, 18, 3, 17], [4, 10, 5, 9], [6, 16, 7, 15], [8, 19, 9, 20]]"
12a_1061_33,"[[8, 19, 9, 20], [10, 2, 11, 1], [12, 6, 13, 5], [14, 21, 15, 22], [16, 24, 17, 23], [18, 4, 19, 3], [20, 13, 21, 14], [22, 7, 23, 8], [24, 12, 1, 11], [2, 18, 3, 17], [4, 10, 5, 9], [6, 16, 7, 15]]"
12a_1061_34,"[[6, 16, 7, 15], [8, 19, 9, 20], [10, 2, 11, 1], [12, 6, 13, 5], [14, 21, 15, 22], [16, 24, 17, 23], [18, 4, 19, 3], [20, 13, 21, 14], [22, 7, 23, 8], [24, 12, 1, 11], [2, 18, 3, 17], [4, 10, 5, 9]]"
12a_1061_35,"[[4, 10, 5, 9], [6, 16, 7, 15], [8, 19, 9, 20], [10, 2, 11, 1], [12, 6, 13, 5], [14, 21, 15, 22], [16, 24, 17, 23], [18, 4, 19, 3], [20, 13, 21, 14], [22, 7, 23, 8], [24, 12, 1, 11], [2, 18, 3, 17]]"
12a_1061_36,"[[3, 19, 4, 18], [5, 11, 6, 10], [7, 17, 8, 16], [9, 20, 10, 21], [11, 3, 12, 2], [13, 7, 14, 6], [15, 22, 16, 23], [17, 1, 18, 24], [19, 5, 20, 4], [21, 14, 22, 15], [23, 8, 24, 9], [1, 13, 2, 12]]"
12a_1061_37,"[[1, 13, 2, 12], [3, 19, 4, 18], [5, 11, 6, 10], [7, 17, 8, 16], [9, 20, 10, 21], [11, 3, 12, 2], [13, 7, 14, 6], [15, 22, 16, 23], [17, 1, 18, 24], [19, 5, 20, 4], [21, 14, 22, 15], [23, 8, 24, 9]]"
12a_1061_38,"[[23, 8, 24, 9], [1, 13, 2, 12], [3, 19, 4, 18], [5, 11, 6, 10], [7, 17, 8, 16], [9, 20, 10, 21], [11, 3, 12, 2], [13, 7, 14, 6], [15, 22, 16, 23], [17, 1, 18, 24], [19, 5, 20, 4], [21, 14, 22, 15]]"
12a_1061_39,"[[21, 14, 22, 15], [23, 8, 24, 9], [1, 13, 2, 12], [3, 19, 4, 18], [5, 11, 6, 10], [7, 17, 8, 16], [9, 20, 10, 21], [11, 3, 12, 2], [13, 7, 14, 6], [15, 22, 16, 23], [17, 1, 18, 24], [19, 5, 20, 4]]"
12a_1061_40,"[[19, 5, 20, 4], [21, 14, 22, 15], [23, 8, 24, 9], [1, 13, 2, 12], [3, 19, 4, 18], [5, 11, 6, 10], [7, 17, 8, 16], [9, 20, 10, 21], [11, 3, 12, 2], [13, 7, 14, 6], [15, 22, 16, 23], [17, 1, 18, 24]]"
12a_1061_41,"[[17, 1, 18, 24], [19, 5, 20, 4], [21, 14, 22, 15], [23, 8, 24, 9], [1, 13, 2, 12], [3, 19, 4, 18], [5, 11, 6, 10], [7, 17, 8, 16], [9, 20, 10, 21], [11, 3, 12, 2], [13, 7, 14, 6], [15, 22, 16, 23]]"
12a_1061_42,"[[15, 22, 16, 23], [17, 1, 18, 24], [19, 5, 20, 4], [21, 14, 22, 15], [23, 8, 24, 9], [1, 13, 2, 12], [3, 19, 4, 18], [5, 11, 6, 10], [7, 17, 8, 16], [9, 20, 10, 21], [11, 3, 12, 2], [13, 7, 14, 6]]"
12a_1061_43,"[[13, 7, 14, 6], [15, 22, 16, 23], [17, 1, 18, 24], [19, 5, 20, 4], [21, 14, 22, 15], [23, 8, 24, 9], [1, 13, 2, 12], [3, 19, 4, 18], [5, 11, 6, 10], [7, 17, 8, 16], [9, 20, 10, 21], [11, 3, 12, 2]]"
12a_1061_44,"[[11, 3, 12, 2], [13, 7, 14, 6], [15, 22, 16, 23], [17, 1, 18, 24], [19, 5, 20, 4], [21, 14, 22, 15], [23, 8, 24, 9], [1, 13, 2, 12], [3, 19, 4, 18], [5, 11, 6, 10], [7, 17, 8, 16], [9, 20, 10, 21]]"
12a_1061_45,"[[9, 20, 10, 21], [11, 3, 12, 2], [13, 7, 14, 6], [15, 22, 16, 23], [17, 1, 18, 24], [19, 5, 20, 4], [21, 14, 22, 15], [23, 8, 24, 9], [1, 13, 2, 12], [3, 19, 4, 18], [5, 11, 6, 10], [7, 17, 8, 16]]"
12a_1061_46,"[[7, 17, 8, 16], [9, 20, 10, 21], [11, 3, 12, 2], [13, 7, 14, 6], [15, 22, 16, 23], [17, 1, 18, 24], [19, 5, 20, 4], [21, 14, 22, 15], [23, 8, 24, 9], [1, 13, 2, 12], [3, 19, 4, 18], [5, 11, 6, 10]]"
12a_1061_47,"[[5, 11, 6, 10], [7, 17, 8, 16], [9, 20, 10, 21], [11, 3, 12, 2], [13, 7, 14, 6], [15, 22, 16, 23], [17, 1, 18, 24], [19, 5, 20, 4], [21, 14, 22, 15], [23, 8, 24, 9], [1, 13, 2, 12], [3, 19, 4, 18]]"
12a_1061_48,"[[4, 20, 5, 19], [6, 12, 7, 11], [8, 18, 9, 17], [10, 21, 11, 22], [12, 4, 13, 3], [14, 8, 15, 7], [16, 23, 17, 24], [18, 2, 19, 1], [20, 6, 21, 5], [22, 15, 23, 16], [24, 9, 1, 10], [2, 14, 3, 13]]"
12a_1061_49,"[[2, 14, 3, 13], [4, 20, 5, 19], [6, 12, 7, 11], [8, 18, 9, 17], [10, 21, 11, 22], [12, 4, 13, 3], [14, 8, 15, 7], [16, 23, 17, 24], [18, 2, 19, 1], [20, 6, 21, 5], [22, 15, 23, 16], [24, 9, 1, 10]]"
12a_1061_50,"[[24, 9, 1, 10], [2, 14, 3, 13], [4, 20, 5, 19], [6, 12, 7, 11], [8, 18, 9, 17], [10, 21, 11, 22], [12, 4, 13, 3], [14, 8, 15, 7], [16, 23, 17, 24], [18, 2, 19, 1], [20, 6, 21, 5], [22, 15, 23, 16]]"
12a_1061_51,"[[22, 15, 23, 16], [24, 9, 1, 10], [2, 14, 3, 13], [4, 20, 5, 19], [6, 12, 7, 11], [8, 18, 9, 17], [10, 21, 11, 22], [12, 4, 13, 3], [14, 8, 15, 7], [16, 23, 17, 24], [18, 2, 19, 1], [20, 6, 21, 5]]"
12a_1061_52,"[[20, 6, 21, 5], [22, 15, 23, 16], [24, 9, 1, 10], [2, 14, 3, 13], [4, 20, 5, 19], [6, 12, 7, 11], [8, 18, 9, 17], [10, 21, 11, 22], [12, 4, 13, 3], [14, 8, 15, 7], [16, 23, 17, 24], [18, 2, 19, 1]]"
12a_1061_53,"[[18, 2, 19, 1], [20, 6, 21, 5], [22, 15, 23, 16], [24, 9, 1, 10], [2, 14, 3, 13], [4, 20, 5, 19], [6, 12, 7, 11], [8, 18, 9, 17], [10, 21, 11, 22], [12, 4, 13, 3], [14, 8, 15, 7], [16, 23, 17, 24]]"
12a_1061_54,"[[16, 23, 17, 24], [18, 2, 19, 1], [20, 6, 21, 5], [22, 15, 23, 16], [24, 9, 1, 10], [2, 14, 3, 13], [4, 20, 5, 19], [6, 12, 7, 11], [8, 18, 9, 17], [10, 21, 11, 22], [12, 4, 13, 3], [14, 8, 15, 7]]"
12a_1061_55,"[[14, 8, 15, 7], [16, 23, 17, 24], [18, 2, 19, 1], [20, 6, 21, 5], [22, 15, 23, 16], [24, 9, 1, 10], [2, 14, 3, 13], [4, 20, 5, 19], [6, 12, 7, 11], [8, 18, 9, 17], [10, 21, 11, 22], [12, 4, 13, 3]]"
12a_1061_56,"[[12, 4, 13, 3], [14, 8, 15, 7], [16, 23, 17, 24], [18, 2, 19, 1], [20, 6, 21, 5], [22, 15, 23, 16], [24, 9, 1, 10], [2, 14, 3, 13], [4, 20, 5, 19], [6, 12, 7, 11], [8, 18, 9, 17], [10, 21, 11, 22]]"
12a_1061_57,"[[10, 21, 11, 22], [12, 4, 13, 3], [14, 8, 15, 7], [16, 23, 17, 24], [18, 2, 19, 1], [20, 6, 21, 5], [22, 15, 23, 16], [24, 9, 1, 10], [2, 14, 3, 13], [4, 20, 5, 19], [6, 12, 7, 11], [8, 18, 9, 17]]"
12a_1061_58,"[[8, 18, 9, 17], [10, 21, 11, 22], [12, 4, 13, 3], [14, 8, 15, 7], [16, 23, 17, 24], [18, 2, 19, 1], [20, 6, 21, 5], [22, 15, 23, 16], [24, 9, 1, 10], [2, 14, 3, 13], [4, 20, 5, 19], [6, 12, 7, 11]]"
12a_1061_59,"[[6, 12, 7, 11], [8, 18, 9, 17], [10, 21, 11, 22], [12, 4, 13, 3], [14, 8, 15, 7], [16, 23, 17, 24], [18, 2, 19, 1], [20, 6, 21, 5], [22, 15, 23, 16], [24, 9, 1, 10], [2, 14, 3, 13], [4, 20, 5, 19]]"
12a_1061_60,"[[5, 21, 6, 20], [7, 13, 8, 12], [9, 19, 10, 18], [11, 22, 12, 23], [13, 5, 14, 4], [15, 9, 16, 8], [17, 24, 18, 1], [19, 3, 20, 2], [21, 7, 22, 6], [23, 16, 24, 17], [1, 10, 2, 11], [3, 15, 4, 14]]"
12a_1061_61,"[[3, 15, 4, 14], [5, 21, 6, 20], [7, 13, 8, 12], [9, 19, 10, 18], [11, 22, 12, 23], [13, 5, 14, 4], [15, 9, 16, 8], [17, 24, 18, 1], [19, 3, 20, 2], [21, 7, 22, 6], [23, 16, 24, 17], [1, 10, 2, 11]]"
12a_1061_62,"[[1, 10, 2, 11], [3, 15, 4, 14], [5, 21, 6, 20], [7, 13, 8, 12], [9, 19, 10, 18], [11, 22, 12, 23], [13, 5, 14, 4], [15, 9, 16, 8], [17, 24, 18, 1], [19, 3, 20, 2], [21, 7, 22, 6], [23, 16, 24, 17]]"
12a_1061_63,"[[23, 16, 24, 17], [1, 10, 2, 11], [3, 15, 4, 14], [5, 21, 6, 20], [7, 13, 8, 12], [9, 19, 10, 18], [11, 22, 12, 23], [13, 5, 14, 4], [15, 9, 16, 8], [17, 24, 18, 1], [19, 3, 20, 2], [21, 7, 22, 6]]"
12a_1061_64,"[[21, 7, 22, 6], [23, 16, 24, 17], [1, 10, 2, 11], [3, 15, 4, 14], [5, 21, 6, 20], [7, 13, 8, 12], [9, 19, 10, 18], [11, 22, 12, 23], [13, 5, 14, 4], [15, 9, 16, 8], [17, 24, 18, 1], [19, 3, 20, 2]]"
12a_1061_65,"[[19, 3, 20, 2], [21, 7, 22, 6], [23, 16, 24, 17], [1, 10, 2, 11], [3, 15, 4, 14], [5, 21, 6, 20], [7, 13, 8, 12], [9, 19, 10, 18], [11, 22, 12, 23], [13, 5, 14, 4], [15, 9, 16, 8], [17, 24, 18, 1]]"
12a_1061_66,"[[17, 24, 18, 1], [19, 3, 20, 2], [21, 7, 22, 6], [23, 16, 24, 17], [1, 10, 2, 11], [3, 15, 4, 14], [5, 21, 6, 20], [7, 13, 8, 12], [9, 19, 10, 18], [11, 22, 12, 23], [13, 5, 14, 4], [15, 9, 16, 8]]"
12a_1061_67,"[[15, 9, 16, 8], [17, 24, 18, 1], [19, 3, 20, 2], [21, 7, 22, 6], [23, 16, 24, 17], [1, 10, 2, 11], [3, 15, 4, 14], [5, 21, 6, 20], [7, 13, 8, 12], [9, 19, 10, 18], [11, 22, 12, 23], [13, 5, 14, 4]]"
12a_1061_68,"[[13, 5, 14, 4], [15, 9, 16, 8], [17, 24, 18, 1], [19, 3, 20, 2], [21, 7, 22, 6], [23, 16, 24, 17], [1, 10, 2, 11], [3, 15, 4, 14], [5, 21, 6, 20], [7, 13, 8, 12], [9, 19, 10, 18], [11, 22, 12, 23]]"
12a_1061_69,"[[11, 22, 12, 23], [13, 5, 14, 4], [15, 9, 16, 8], [17, 24, 18, 1], [19, 3, 20, 2], [21, 7, 22, 6], [23, 16, 24, 17], [1, 10, 2, 11], [3, 15, 4, 14], [5, 21, 6, 20], [7, 13, 8, 12], [9, 19, 10, 18]]"
12a_1061_70,"[[9, 19, 10, 18], [11, 22, 12, 23], [13, 5, 14, 4], [15, 9, 16, 8], [17, 24, 18, 1], [19, 3, 20, 2], [21, 7, 22, 6], [23, 16, 24, 17], [1, 10, 2, 11], [3, 15, 4, 14], [5, 21, 6, 20], [7, 13, 8, 12]]"
12a_1061_71,"[[7, 13, 8, 12], [9, 19, 10, 18], [11, 22, 12, 23], [13, 5, 14, 4], [15, 9, 16, 8], [17, 24, 18, 1], [19, 3, 20, 2], [21, 7, 22, 6], [23, 16, 24, 17], [1, 10, 2, 11], [3, 15, 4, 14], [5, 21, 6, 20]]"
12a_1061_72,"[[6, 22, 7, 21], [8, 14, 9, 13], [10, 20, 11, 19], [12, 23, 13, 24], [14, 6, 15, 5], [16, 10, 17, 9], [18, 1, 19, 2], [20, 4, 21, 3], [22, 8, 23, 7], [24, 17, 1, 18], [2, 11, 3, 12], [4, 16, 5, 15]]"
12a_1061_73,"[[4, 16, 5, 15], [6, 22, 7, 21], [8, 14, 9, 13], [10, 20, 11, 19], [12, 23, 13, 24], [14, 6, 15, 5], [16, 10, 17, 9], [18, 1, 19, 2], [20, 4, 21, 3], [22, 8, 23, 7], [24, 17, 1, 18], [2, 11, 3, 12]]"
12a_1061_74,"[[2, 11, 3, 12], [4, 16, 5, 15], [6, 22, 7, 21], [8, 14, 9, 13], [10, 20, 11, 19], [12, 23, 13, 24], [14, 6, 15, 5], [16, 10, 17, 9], [18, 1, 19, 2], [20, 4, 21, 3], [22, 8, 23, 7], [24, 17, 1, 18]]"
12a_1061_75,"[[24, 17, 1, 18], [2, 11, 3, 12], [4, 16, 5, 15], [6, 22, 7, 21], [8, 14, 9, 13], [10, 20, 11, 19], [12, 23, 13, 24], [14, 6, 15, 5], [16, 10, 17, 9], [18, 1, 19, 2], [20, 4, 21, 3], [22, 8, 23, 7]]"
12a_1061_76,"[[22, 8, 23, 7], [24, 17, 1, 18], [2, 11, 3, 12], [4, 16, 5, 15], [6, 22, 7, 21], [8, 14, 9, 13], [10, 20, 11, 19], [12, 23, 13, 24], [14, 6, 15, 5], [16, 10, 17, 9], [18, 1, 19, 2], [20, 4, 21, 3]]"
12a_1061_77,"[[20, 4, 21, 3], [22, 8, 23, 7], [24, 17, 1, 18], [2, 11, 3, 12], [4, 16, 5, 15], [6, 22, 7, 21], [8, 14, 9, 13], [10, 20, 11, 19], [12, 23, 13, 24], [14, 6, 15, 5], [16, 10, 17, 9], [18, 1, 19, 2]]"
12a_1061_78,"[[18, 1, 19, 2], [20, 4, 21, 3], [22, 8, 23, 7], [24, 17, 1, 18], [2, 11, 3, 12], [4, 16, 5, 15], [6, 22, 7, 21], [8, 14, 9, 13], [10, 20, 11, 19], [12, 23, 13, 24], [14, 6, 15, 5], [16, 10, 17, 9]]"
12a_1061_79,"[[16, 10, 17, 9], [18, 1, 19, 2], [20, 4, 21, 3], [22, 8, 23, 7], [24, 17, 1, 18], [2, 11, 3, 12], [4, 16, 5, 15], [6, 22, 7, 21], [8, 14, 9, 13], [10, 20, 11, 19], [12, 23, 13, 24], [14, 6, 15, 5]]"
12a_1061_80,"[[14, 6, 15, 5], [16, 10, 17, 9], [18, 1, 19, 2], [20, 4, 21, 3], [22, 8, 23, 7], [24, 17, 1, 18], [2, 11, 3, 12], [4, 16, 5, 15], [6, 22, 7, 21], [8, 14, 9, 13], [10, 20, 11, 19], [12, 23, 13, 24]]"
12a_1061_81,"[[12, 23, 13, 24], [14, 6, 15, 5], [16, 10, 17, 9], [18, 1, 19, 2], [20, 4, 21, 3], [22, 8, 23, 7], [24, 17, 1, 18], [2, 11, 3, 12], [4, 16, 5, 15], [6, 22, 7, 21], [8, 14, 9, 13], [10, 20, 11, 19]]"
12a_1061_82,"[[10, 20, 11, 19], [12, 23, 13, 24], [14, 6, 15, 5], [16, 10, 17, 9], [18, 1, 19, 2], [20, 4, 21, 3], [22, 8, 23, 7], [24, 17, 1, 18], [2, 11, 3, 12], [4, 16, 5, 15], [6, 22, 7, 21], [8, 14, 9, 13]]"
12a_1061_83,"[[8, 14, 9, 13], [10, 20, 11, 19], [12, 23, 13, 24], [14, 6, 15, 5], [16, 10, 17, 9], [18, 1, 19, 2], [20, 4, 21, 3], [22, 8, 23, 7], [24, 17, 1, 18], [2, 11, 3, 12], [4, 16, 5, 15], [6, 22, 7, 21]]"
12a_1061_84,"[[7, 23, 8, 22], [9, 15, 10, 14], [11, 21, 12, 20], [13, 24, 14, 1], [15, 7, 16, 6], [17, 11, 18, 10], [19, 2, 20, 3], [21, 5, 22, 4], [23, 9, 24, 8], [1, 18, 2, 19], [3, 12, 4, 13], [5, 17, 6, 16]]"
12a_1061_85,"[[5, 17, 6, 16], [7, 23, 8, 22], [9, 15, 10, 14], [11, 21, 12, 20], [13, 24, 14, 1], [15, 7, 16, 6], [17, 11, 18, 10], [19, 2, 20, 3], [21, 5, 22, 4], [23, 9, 24, 8], [1, 18, 2, 19], [3, 12, 4, 13]]"
12a_1061_86,"[[3, 12, 4, 13], [5, 17, 6, 16], [7, 23, 8, 22], [9, 15, 10, 14], [11, 21, 12, 20], [13, 24, 14, 1], [15, 7, 16, 6], [17, 11, 18, 10], [19, 2, 20, 3], [21, 5, 22, 4], [23, 9, 24, 8], [1, 18, 2, 19]]"
12a_1061_87,"[[1, 18, 2, 19], [3, 12, 4, 13], [5, 17, 6, 16], [7, 23, 8, 22], [9, 15, 10, 14], [11, 21, 12, 20], [13, 24, 14, 1], [15, 7, 16, 6], [17, 11, 18, 10], [19, 2, 20, 3], [21, 5, 22, 4], [23, 9, 24, 8]]"
12a_1061_88,"[[23, 9, 24, 8], [1, 18, 2, 19], [3, 12, 4, 13], [5, 17, 6, 16], [7, 23, 8, 22], [9, 15, 10, 14], [11, 21, 12, 20], [13, 24, 14, 1], [15, 7, 16, 6], [17, 11, 18, 10], [19, 2, 20, 3], [21, 5, 22, 4]]"
12a_1061_89,"[[21, 5, 22, 4], [23, 9, 24, 8], [1, 18, 2, 19], [3, 12, 4, 13], [5, 17, 6, 16], [7, 23, 8, 22], [9, 15, 10, 14], [11, 21, 12, 20], [13, 24, 14, 1], [15, 7, 16, 6], [17, 11, 18, 10], [19, 2, 20, 3]]"
12a_1061_90,"[[19, 2, 20, 3], [21, 5, 22, 4], [23, 9, 24, 8], [1, 18, 2, 19], [3, 12, 4, 13], [5, 17, 6, 16], [7, 23, 8, 22], [9, 15, 10, 14], [11, 21, 12, 20], [13, 24, 14, 1], [15, 7, 16, 6], [17, 11, 18, 10]]"
12a_1061_91,"[[17, 11, 18, 10], [19, 2, 20, 3], [21, 5, 22, 4], [23, 9, 24, 8], [1, 18, 2, 19], [3, 12, 4, 13], [5, 17, 6, 16], [7, 23, 8, 22], [9, 15, 10, 14], [11, 21, 12, 20], [13, 24, 14, 1], [15, 7, 16, 6]]"
12a_1061_92,"[[15, 7, 16, 6], [17, 11, 18, 10], [19, 2, 20, 3], [21, 5, 22, 4], [23, 9, 24, 8], [1, 18, 2, 19], [3, 12, 4, 13], [5, 17, 6, 16], [7, 23, 8, 22], [9, 15, 10, 14], [11, 21, 12, 20], [13, 24, 14, 1]]"
12a_1061_93,"[[13, 24, 14, 1], [15, 7, 16, 6], [17, 11, 18, 10], [19, 2, 20, 3], [21, 5, 22, 4], [23, 9, 24, 8], [1, 18, 2, 19], [3, 12, 4, 13], [5, 17, 6, 16], [7, 23, 8, 22], [9, 15, 10, 14], [11, 21, 12, 20]]"
12a_1061_94,"[[11, 21, 12, 20], [13, 24, 14, 1], [15, 7, 16, 6], [17, 11, 18, 10], [19, 2, 20, 3], [21, 5, 22, 4], [23, 9, 24, 8], [1, 18, 2, 19], [3, 12, 4, 13], [5, 17, 6, 16], [7, 23, 8, 22], [9, 15, 10, 14]]"
12a_1061_95,"[[9, 15, 10, 14], [11, 21, 12, 20], [13, 24, 14, 1], [15, 7, 16, 6], [17, 11, 18, 10], [19, 2, 20, 3], [21, 5, 22, 4], [23, 9, 24, 8], [1, 18, 2, 19], [3, 12, 4, 13], [5, 17, 6, 16], [7, 23, 8, 22]]"
12a_1061_96,"[[8, 24, 9, 23], [10, 16, 11, 15], [12, 22, 13, 21], [14, 1, 15, 2], [16, 8, 17, 7], [18, 12, 19, 11], [20, 3, 21, 4], [22, 6, 23, 5], [24, 10, 1, 9], [2, 19, 3, 20], [4, 13, 5, 14], [6, 18, 7, 17]]"
12a_1061_97,"[[6, 18, 7, 17], [8, 24, 9, 23], [10, 16, 11, 15], [12, 22, 13, 21], [14, 1, 15, 2], [16, 8, 17, 7], [18, 12, 19, 11], [20, 3, 21, 4], [22, 6, 23, 5], [24, 10, 1, 9], [2, 19, 3, 20], [4, 13, 5, 14]]"
12a_1061_98,"[[4, 13, 5, 14], [6, 18, 7, 17], [8, 24, 9, 23], [10, 16, 11, 15], [12, 22, 13, 21], [14, 1, 15, 2], [16, 8, 17, 7], [18, 12, 19, 11], [20, 3, 21, 4], [22, 6, 23, 5], [24, 10, 1, 9], [2, 19, 3, 20]]"
12a_1061_99,"[[2, 19, 3, 20], [4, 13, 5, 14], [6, 18, 7, 17], [8, 24, 9, 23], [10, 16, 11, 15], [12, 22, 13, 21], [14, 1, 15, 2], [16, 8, 17, 7], [18, 12, 19, 11], [20, 3, 21, 4], [22, 6, 23, 5], [24, 10, 1, 9]]"
12a_1061_100,"[[24, 10, 1, 9], [2, 19, 3, 20], [4, 13, 5, 14], [6, 18, 7, 17], [8, 24, 9, 23], [10, 16, 11, 15], [12, 22, 13, 21], [14, 1, 15, 2], [16, 8, 17, 7], [18, 12, 19, 11], [20, 3, 21, 4], [22, 6, 23, 5]]"
12a_1061_101,"[[22, 6, 23, 5], [24, 10, 1, 9], [2, 19, 3, 20], [4, 13, 5, 14], [6, 18, 7, 17], [8, 24, 9, 23], [10, 16, 11, 15], [12, 22, 13, 21], [14, 1, 15, 2], [16, 8, 17, 7], [18, 12, 19, 11], [20, 3, 21, 4]]"
12a_1061_102,"[[20, 3, 21, 4], [22, 6, 23, 5], [24, 10, 1, 9], [2, 19, 3, 20], [4, 13, 5, 14], [6, 18, 7, 17], [8, 24, 9, 23], [10, 16, 11, 15], [12, 22, 13, 21], [14, 1, 15, 2], [16, 8, 17, 7], [18, 12, 19, 11]]"
12a_1061_103,"[[18, 12, 19, 11], [20, 3, 21, 4], [22, 6, 23, 5], [24, 10, 1, 9], [2, 19, 3, 20], [4, 13, 5, 14], [6, 18, 7, 17], [8, 24, 9, 23], [10, 16, 11, 15], [12, 22, 13, 21], [14, 1, 15, 2], [16, 8, 17, 7]]"
12a_1061_104,"[[16, 8, 17, 7], [18, 12, 19, 11], [20, 3, 21, 4], [22, 6, 23, 5], [24, 10, 1, 9], [2, 19, 3, 20], [4, 13, 5, 14], [6, 18, 7, 17], [8, 24, 9, 23], [10, 16, 11, 15], [12, 22, 13, 21], [14, 1, 15, 2]]"
12a_1061_105,"[[14, 1, 15, 2], [16, 8, 17, 7], [18, 12, 19, 11], [20, 3, 21, 4], [22, 6, 23, 5], [24, 10, 1, 9], [2, 19, 3, 20], [4, 13, 5, 14], [6, 18, 7, 17], [8, 24, 9, 23], [10, 16, 11, 15], [12, 22, 13, 21]]"
12a_1061_106,"[[12, 22, 13, 21], [14, 1, 15, 2], [16, 8, 17, 7], [18, 12, 19, 11], [20, 3, 21, 4], [22, 6, 23, 5], [24, 10, 1, 9], [2, 19, 3, 20], [4, 13, 5, 14], [6, 18, 7, 17], [8, 24, 9, 23], [10, 16, 11, 15]]"
12a_1061_107,"[[10, 16, 11, 15], [12, 22, 13, 21], [14, 1, 15, 2], [16, 8, 17, 7], [18, 12, 19, 11], [20, 3, 21, 4], [22, 6, 23, 5], [24, 10, 1, 9], [2, 19, 3, 20], [4, 13, 5, 14], [6, 18, 7, 17], [8, 24, 9, 23]]"
12a_1061_108,"[[9, 1, 10, 24], [11, 17, 12, 16], [13, 23, 14, 22], [15, 2, 16, 3], [17, 9, 18, 8], [19, 13, 20, 12], [21, 4, 22, 5], [23, 7, 24, 6], [1, 11, 2, 10], [3, 20, 4, 21], [5, 14, 6, 15], [7, 19, 8, 18]]"
12a_1061_109,"[[7, 19, 8, 18], [9, 1, 10, 24], [11, 17, 12, 16], [13, 23, 14, 22], [15, 2, 16, 3], [17, 9, 18, 8], [19, 13, 20, 12], [21, 4, 22, 5], [23, 7, 24, 6], [1, 11, 2, 10], [3, 20, 4, 21], [5, 14, 6, 15]]"
12a_1061_110,"[[5, 14, 6, 15], [7, 19, 8, 18], [9, 1, 10, 24], [11, 17, 12, 16], [13, 23, 14, 22], [15, 2, 16, 3], [17, 9, 18, 8], [19, 13, 20, 12], [21, 4, 22, 5], [23, 7, 24, 6], [1, 11, 2, 10], [3, 20, 4, 21]]"
12a_1061_111,"[[3, 20, 4, 21], [5, 14, 6, 15], [7, 19, 8, 18], [9, 1, 10, 24], [11, 17, 12, 16], [13, 23, 14, 22], [15, 2, 16, 3], [17, 9, 18, 8], [19, 13, 20, 12], [21, 4, 22, 5], [23, 7, 24, 6], [1, 11, 2, 10]]"
12a_1061_112,"[[1, 11, 2, 10], [3, 20, 4, 21], [5, 14, 6, 15], [7, 19, 8, 18], [9, 1, 10, 24], [11, 17, 12, 16], [13, 23, 14, 22], [15, 2, 16, 3], [17, 9, 18, 8], [19, 13, 20, 12], [21, 4, 22, 5], [23, 7, 24, 6]]"
12a_1061_113,"[[23, 7, 24, 6], [1, 11, 2, 10], [3, 20, 4, 21], [5, 14, 6, 15], [7, 19, 8, 18], [9, 1, 10, 24], [11, 17, 12, 16], [13, 23, 14, 22], [15, 2, 16, 3], [17, 9, 18, 8], [19, 13, 20, 12], [21, 4, 22, 5]]"
12a_1061_114,"[[21, 4, 22, 5], [23, 7, 24, 6], [1, 11, 2, 10], [3, 20, 4, 21], [5, 14, 6, 15], [7, 19, 8, 18], [9, 1, 10, 24], [11, 17, 12, 16], [13, 23, 14, 22], [15, 2, 16, 3], [17, 9, 18, 8], [19, 13, 20, 12]]"
12a_1061_115,"[[19, 13, 20, 12], [21, 4, 22, 5], [23, 7, 24, 6], [1, 11, 2, 10], [3, 20, 4, 21], [5, 14, 6, 15], [7, 19, 8, 18], [9, 1, 10, 24], [11, 17, 12, 16], [13, 23, 14, 22], [15, 2, 16, 3], [17, 9, 18, 8]]"
12a_1061_116,"[[17, 9, 18, 8], [19, 13, 20, 12], [21, 4, 22, 5], [23, 7, 24, 6], [1, 11, 2, 10], [3, 20, 4, 21], [5, 14, 6, 15], [7, 19, 8, 18], [9, 1, 10, 24], [11, 17, 12, 16], [13, 23, 14, 22], [15, 2, 16, 3]]"
12a_1061_117,"[[15, 2, 16, 3], [17, 9, 18, 8], [19, 13, 20, 12], [21, 4, 22, 5], [23, 7, 24, 6], [1, 11, 2, 10], [3, 20, 4, 21], [5, 14, 6, 15], [7, 19, 8, 18], [9, 1, 10, 24], [11, 17, 12, 16], [13, 23, 14, 22]]"
12a_1061_118,"[[13, 23, 14, 22], [15, 2, 16, 3], [17, 9, 18, 8], [19, 13, 20, 12], [21, 4, 22, 5], [23, 7, 24, 6], [1, 11, 2, 10], [3, 20, 4, 21], [5, 14, 6, 15], [7, 19, 8, 18], [9, 1, 10, 24], [11, 17, 12, 16]]"
12a_1061_119,"[[11, 17, 12, 16], [13, 23, 14, 22], [15, 2, 16, 3], [17, 9, 18, 8], [19, 13, 20, 12], [21, 4, 22, 5], [23, 7, 24, 6], [1, 11, 2, 10], [3, 20, 4, 21], [5, 14, 6, 15], [7, 19, 8, 18], [9, 1, 10, 24]]"
12a_1061_120,"[[10, 2, 11, 1], [12, 18, 13, 17], [14, 24, 15, 23], [16, 3, 17, 4], [18, 10, 19, 9], [20, 14, 21, 13], [22, 5, 23, 6], [24, 8, 1, 7], [2, 12, 3, 11], [4, 21, 5, 22], [6, 15, 7, 16], [8, 20, 9, 19]]"
12a_1061_121,"[[8, 20, 9, 19], [10, 2, 11, 1], [12, 18, 13, 17], [14, 24, 15, 23], [16, 3, 17, 4], [18, 10, 19, 9], [20, 14, 21, 13], [22, 5, 23, 6], [24, 8, 1, 7], [2, 12, 3, 11], [4, 21, 5, 22], [6, 15, 7, 16]]"
12a_1061_122,"[[6, 15, 7, 16], [8, 20, 9, 19], [10, 2, 11, 1], [12, 18, 13, 17], [14, 24, 15, 23], [16, 3, 17, 4], [18, 10, 19, 9], [20, 14, 21, 13], [22, 5, 23, 6], [24, 8, 1, 7], [2, 12, 3, 11], [4, 21, 5, 22]]"
12a_1061_123,"[[4, 21, 5, 22], [6, 15, 7, 16], [8, 20, 9, 19], [10, 2, 11, 1], [12, 18, 13, 17], [14, 24, 15, 23], [16, 3, 17, 4], [18, 10, 19, 9], [20, 14, 21, 13], [22, 5, 23, 6], [24, 8, 1, 7], [2, 12, 3, 11]]"
12a_1061_124,"[[2, 12, 3, 11], [4, 21, 5, 22], [6, 15, 7, 16], [8, 20, 9, 19], [10, 2, 11, 1], [12, 18, 13, 17], [14, 24, 15, 23], [16, 3, 17, 4], [18, 10, 19, 9], [20, 14, 21, 13], [22, 5, 23, 6], [24, 8, 1, 7]]"
12a_1061_125,"[[24, 8, 1, 7], [2, 12, 3, 11], [4, 21, 5, 22], [6, 15, 7, 16], [8, 20, 9, 19], [10, 2, 11, 1], [12, 18, 13, 17], [14, 24, 15, 23], [16, 3, 17, 4], [18, 10, 19, 9], [20, 14, 21, 13], [22, 5, 23, 6]]"
12a_1061_126,"[[22, 5, 23, 6], [24, 8, 1, 7], [2, 12, 3, 11], [4, 21, 5, 22], [6, 15, 7, 16], [8, 20, 9, 19], [10, 2, 11, 1], [12, 18, 13, 17], [14, 24, 15, 23], [16, 3, 17, 4], [18, 10, 19, 9], [20, 14, 21, 13]]"
12a_1061_127,"[[20, 14, 21, 13], [22, 5, 23, 6], [24, 8, 1, 7], [2, 12, 3, 11], [4, 21, 5, 22], [6, 15, 7, 16], [8, 20, 9, 19], [10, 2, 11, 1], [12, 18, 13, 17], [14, 24, 15, 23], [16, 3, 17, 4], [18, 10, 19, 9]]"
12a_1061_128,"[[18, 10, 19, 9], [20, 14, 21, 13], [22, 5, 23, 6], [24, 8, 1, 7], [2, 12, 3, 11], [4, 21, 5, 22], [6, 15, 7, 16], [8, 20, 9, 19], [10, 2, 11, 1], [12, 18, 13, 17], [14, 24, 15, 23], [16, 3, 17, 4]]"
12a_1061_129,"[[16, 3, 17, 4], [18, 10, 19, 9], [20, 14, 21, 13], [22, 5, 23, 6], [24, 8, 1, 7], [2, 12, 3, 11], [4, 21, 5, 22], [6, 15, 7, 16], [8, 20, 9, 19], [10, 2, 11, 1], [12, 18, 13, 17], [14, 24, 15, 23]]"
12a_1061_130,"[[14, 24, 15, 23], [16, 3, 17, 4], [18, 10, 19, 9], [20, 14, 21, 13], [22, 5, 23, 6], [24, 8, 1, 7], [2, 12, 3, 11], [4, 21, 5, 22], [6, 15, 7, 16], [8, 20, 9, 19], [10, 2, 11, 1], [12, 18, 13, 17]]"
12a_1061_131,"[[12, 18, 13, 17], [14, 24, 15, 23], [16, 3, 17, 4], [18, 10, 19, 9], [20, 14, 21, 13], [22, 5, 23, 6], [24, 8, 1, 7], [2, 12, 3, 11], [4, 21, 5, 22], [6, 15, 7, 16], [8, 20, 9, 19], [10, 2, 11, 1]]"
12a_1061_132,"[[11, 3, 12, 2], [13, 19, 14, 18], [15, 1, 16, 24], [17, 4, 18, 5], [19, 11, 20, 10], [21, 15, 22, 14], [23, 6, 24, 7], [1, 9, 2, 8], [3, 13, 4, 12], [5, 22, 6, 23], [7, 16, 8, 17], [9, 21, 10, 20]]"
12a_1061_133,"[[9, 21, 10, 20], [11, 3, 12, 2], [13, 19, 14, 18], [15, 1, 16, 24], [17, 4, 18, 5], [19, 11, 20, 10], [21, 15, 22, 14], [23, 6, 24, 7], [1, 9, 2, 8], [3, 13, 4, 12], [5, 22, 6, 23], [7, 16, 8, 17]]"
12a_1061_134,"[[7, 16, 8, 17], [9, 21, 10, 20], [11, 3, 12, 2], [13, 19, 14, 18], [15, 1, 16, 24], [17, 4, 18, 5], [19, 11, 20, 10], [21, 15, 22, 14], [23, 6, 24, 7], [1, 9, 2, 8], [3, 13, 4, 12], [5, 22, 6, 23]]"
12a_1061_135,"[[5, 22, 6, 23], [7, 16, 8, 17], [9, 21, 10, 20], [11, 3, 12, 2], [13, 19, 14, 18], [15, 1, 16, 24], [17, 4, 18, 5], [19, 11, 20, 10], [21, 15, 22, 14], [23, 6, 24, 7], [1, 9, 2, 8], [3, 13, 4, 12]]"
12a_1061_136,"[[3, 13, 4, 12], [5, 22, 6, 23], [7, 16, 8, 17], [9, 21, 10, 20], [11, 3, 12, 2], [13, 19, 14, 18], [15, 1, 16, 24], [17, 4, 18, 5], [19, 11, 20, 10], [21, 15, 22, 14], [23, 6, 24, 7], [1, 9, 2, 8]]"
12a_1061_137,"[[1, 9, 2, 8], [3, 13, 4, 12], [5, 22, 6, 23], [7, 16, 8, 17], [9, 21, 10, 20], [11, 3, 12, 2], [13, 19, 14, 18], [15, 1, 16, 24], [17, 4, 18, 5], [19, 11, 20, 10], [21, 15, 22, 14], [23, 6, 24, 7]]"
12a_1061_138,"[[23, 6, 24, 7], [1, 9, 2, 8], [3, 13, 4, 12], [5, 22, 6, 23], [7, 16, 8, 17], [9, 21, 10, 20], [11, 3, 12, 2], [13, 19, 14, 18], [15, 1, 16, 24], [17, 4, 18, 5], [19, 11, 20, 10], [21, 15, 22, 14]]"
12a_1061_139,"[[21, 15, 22, 14], [23, 6, 24, 7], [1, 9, 2, 8], [3, 13, 4, 12], [5, 22, 6, 23], [7, 16, 8, 17], [9, 21, 10, 20], [11, 3, 12, 2], [13, 19, 14, 18], [15, 1, 16, 24], [17, 4, 18, 5], [19, 11, 20, 10]]"
12a_1061_140,"[[19, 11, 20, 10], [21, 15, 22, 14], [23, 6, 24, 7], [1, 9, 2, 8], [3, 13, 4, 12], [5, 22, 6, 23], [7, 16, 8, 17], [9, 21, 10, 20], [11, 3, 12, 2], [13, 19, 14, 18], [15, 1, 16, 24], [17, 4, 18, 5]]"
12a_1061_141,"[[17, 4, 18, 5], [19, 11, 20, 10], [21, 15, 22, 14], [23, 6, 24, 7], [1, 9, 2, 8], [3, 13, 4, 12], [5, 22, 6, 23], [7, 16, 8, 17], [9, 21, 10, 20], [11, 3, 12, 2], [13, 19, 14, 18], [15, 1, 16, 24]]"
12a_1061_142,"[[15, 1, 16, 24], [17, 4, 18, 5], [19, 11, 20, 10], [21, 15, 22, 14], [23, 6, 24, 7], [1, 9, 2, 8], [3, 13, 4, 12], [5, 22, 6, 23], [7, 16, 8, 17], [9, 21, 10, 20], [11, 3, 12, 2], [13, 19, 14, 18]]"
12a_1061_143,"[[13, 19, 14, 18], [15, 1, 16, 24], [17, 4, 18, 5], [19, 11, 20, 10], [21, 15, 22, 14], [23, 6, 24, 7], [1, 9, 2, 8], [3, 13, 4, 12], [5, 22, 6, 23], [7, 16, 8, 17], [9, 21, 10, 20], [11, 3, 12, 2]]"
12a_1061_144,"[[12, 4, 13, 3], [14, 20, 15, 19], [16, 2, 17, 1], [18, 5, 19, 6], [20, 12, 21, 11], [22, 16, 23, 15], [24, 7, 1, 8], [2, 10, 3, 9], [4, 14, 5, 13], [6, 23, 7, 24], [8, 17, 9, 18], [10, 22, 11, 21]]"
12a_1061_145,"[[10, 22, 11, 21], [12, 4, 13, 3], [14, 20, 15, 19], [16, 2, 17, 1], [18, 5, 19, 6], [20, 12, 21, 11], [22, 16, 23, 15], [24, 7, 1, 8], [2, 10, 3, 9], [4, 14, 5, 13], [6, 23, 7, 24], [8, 17, 9, 18]]"
12a_1061_146,"[[8, 17, 9, 18], [10, 22, 11, 21], [12, 4, 13, 3], [14, 20, 15, 19], [16, 2, 17, 1], [18, 5, 19, 6], [20, 12, 21, 11], [22, 16, 23, 15], [24, 7, 1, 8], [2, 10, 3, 9], [4, 14, 5, 13], [6, 23, 7, 24]]"
12a_1061_147,"[[6, 23, 7, 24], [8, 17, 9, 18], [10, 22, 11, 21], [12, 4, 13, 3], [14, 20, 15, 19], [16, 2, 17, 1], [18, 5, 19, 6], [20, 12, 21, 11], [22, 16, 23, 15], [24, 7, 1, 8], [2, 10, 3, 9], [4, 14, 5, 13]]"
12a_1061_148,"[[4, 14, 5, 13], [6, 23, 7, 24], [8, 17, 9, 18], [10, 22, 11, 21], [12, 4, 13, 3], [14, 20, 15, 19], [16, 2, 17, 1], [18, 5, 19, 6], [20, 12, 21, 11], [22, 16, 23, 15], [24, 7, 1, 8], [2, 10, 3, 9]]"
12a_1061_149,"[[2, 10, 3, 9], [4, 14, 5, 13], [6, 23, 7, 24], [8, 17, 9, 18], [10, 22, 11, 21], [12, 4, 13, 3], [14, 20, 15, 19], [16, 2, 17, 1], [18, 5, 19, 6], [20, 12, 21, 11], [22, 16, 23, 15], [24, 7, 1, 8]]"
12a_1061_150,"[[24, 7, 1, 8], [2, 10, 3, 9], [4, 14, 5, 13], [6, 23, 7, 24], [8, 17, 9, 18], [10, 22, 11, 21], [12, 4, 13, 3], [14, 20, 15, 19], [16, 2, 17, 1], [18, 5, 19, 6], [20, 12, 21, 11], [22, 16, 23, 15]]"
12a_1061_151,"[[22, 16, 23, 15], [24, 7, 1, 8], [2, 10, 3, 9], [4, 14, 5, 13], [6, 23, 7, 24], [8, 17, 9, 18], [10, 22, 11, 21], [12, 4, 13, 3], [14, 20, 15, 19], [16, 2, 17, 1], [18, 5, 19, 6], [20, 12, 21, 11]]"
12a_1061_152,"[[20, 12, 21, 11], [22, 16, 23, 15], [24, 7, 1, 8], [2, 10, 3, 9], [4, 14, 5, 13], [6, 23, 7, 24], [8, 17, 9, 18], [10, 22, 11, 21], [12, 4, 13, 3], [14, 20, 15, 19], [16, 2, 17, 1], [18, 5, 19, 6]]"
12a_1061_153,"[[18, 5, 19, 6], [20, 12, 21, 11], [22, 16, 23, 15], [24, 7, 1, 8], [2, 10, 3, 9], [4, 14, 5, 13], [6, 23, 7, 24], [8, 17, 9, 18], [10, 22, 11, 21], [12, 4, 13, 3], [14, 20, 15, 19], [16, 2, 17, 1]]"
12a_1061_154,"[[16, 2, 17, 1], [18, 5, 19, 6], [20, 12, 21, 11], [22, 16, 23, 15], [24, 7, 1, 8], [2, 10, 3, 9], [4, 14, 5, 13], [6, 23, 7, 24], [8, 17, 9, 18], [10, 22, 11, 21], [12, 4, 13, 3], [14, 20, 15, 19]]"
12a_1061_155,"[[14, 20, 15, 19], [16, 2, 17, 1], [18, 5, 19, 6], [20, 12, 21, 11], [22, 16, 23, 15], [24, 7, 1, 8], [2, 10, 3, 9], [4, 14, 5, 13], [6, 23, 7, 24], [8, 17, 9, 18], [10, 22, 11, 21], [12, 4, 13, 3]]"
12a_1061_156,"[[13, 5, 14, 4], [15, 21, 16, 20], [17, 3, 18, 2], [19, 6, 20, 7], [21, 13, 22, 12], [23, 17, 24, 16], [1, 8, 2, 9], [3, 11, 4, 10], [5, 15, 6, 14], [7, 24, 8, 1], [9, 18, 10, 19], [11, 23, 12, 22]]"
12a_1061_157,"[[11, 23, 12, 22], [13, 5, 14, 4], [15, 21, 16, 20], [17, 3, 18, 2], [19, 6, 20, 7], [21, 13, 22, 12], [23, 17, 24, 16], [1, 8, 2, 9], [3, 11, 4, 10], [5, 15, 6, 14], [7, 24, 8, 1], [9, 18, 10, 19]]"
12a_1061_158,"[[9, 18, 10, 19], [11, 23, 12, 22], [13, 5, 14, 4], [15, 21, 16, 20], [17, 3, 18, 2], [19, 6, 20, 7], [21, 13, 22, 12], [23, 17, 24, 16], [1, 8, 2, 9], [3, 11, 4, 10], [5, 15, 6, 14], [7, 24, 8, 1]]"
12a_1061_159,"[[7, 24, 8, 1], [9, 18, 10, 19], [11, 23, 12, 22], [13, 5, 14, 4], [15, 21, 16, 20], [17, 3, 18, 2], [19, 6, 20, 7], [21, 13, 22, 12], [23, 17, 24, 16], [1, 8, 2, 9], [3, 11, 4, 10], [5, 15, 6, 14]]"
12a_1061_160,"[[5, 15, 6, 14], [7, 24, 8, 1], [9, 18, 10, 19], [11, 23, 12, 22], [13, 5, 14, 4], [15, 21, 16, 20], [17, 3, 18, 2], [19, 6, 20, 7], [21, 13, 22, 12], [23, 17, 24, 16], [1, 8, 2, 9], [3, 11, 4, 10]]"
12a_1061_161,"[[3, 11, 4, 10], [5, 15, 6, 14], [7, 24, 8, 1], [9, 18, 10, 19], [11, 23, 12, 22], [13, 5, 14, 4], [15, 21, 16, 20], [17, 3, 18, 2], [19, 6, 20, 7], [21, 13, 22, 12], [23, 17, 24, 16], [1, 8, 2, 9]]"
12a_1061_162,"[[1, 8, 2, 9], [3, 11, 4, 10], [5, 15, 6, 14], [7, 24, 8, 1], [9, 18, 10, 19], [11, 23, 12, 22], [13, 5, 14, 4], [15, 21, 16, 20], [17, 3, 18, 2], [19, 6, 20, 7], [21, 13, 22, 12], [23, 17, 24, 16]]"
12a_1061_163,"[[23, 17, 24, 16], [1, 8, 2, 9], [3, 11, 4, 10], [5, 15, 6, 14], [7, 24, 8, 1], [9, 18, 10, 19], [11, 23, 12, 22], [13, 5, 14, 4], [15, 21, 16, 20], [17, 3, 18, 2], [19, 6, 20, 7], [21, 13, 22, 12]]"
12a_1061_164,"[[21, 13, 22, 12], [23, 17, 24, 16], [1, 8, 2, 9], [3, 11, 4, 10], [5, 15, 6, 14], [7, 24, 8, 1], [9, 18, 10, 19], [11, 23, 12, 22], [13, 5, 14, 4], [15, 21, 16, 20], [17, 3, 18, 2], [19, 6, 20, 7]]"
12a_1061_165,"[[19, 6, 20, 7], [21, 13, 22, 12], [23, 17, 24, 16], [1, 8, 2, 9], [3, 11, 4, 10], [5, 15, 6, 14], [7, 24, 8, 1], [9, 18, 10, 19], [11, 23, 12, 22], [13, 5, 14, 4], [15, 21, 16, 20], [17, 3, 18, 2]]"
12a_1061_166,"[[17, 3, 18, 2], [19, 6, 20, 7], [21, 13, 22, 12], [23, 17, 24, 16], [1, 8, 2, 9], [3, 11, 4, 10], [5, 15, 6, 14], [7, 24, 8, 1], [9, 18, 10, 19], [11, 23, 12, 22], [13, 5, 14, 4], [15, 21, 16, 20]]"
12a_1061_167,"[[15, 21, 16, 20], [17, 3, 18, 2], [19, 6, 20, 7], [21, 13, 22, 12], [23, 17, 24, 16], [1, 8, 2, 9], [3, 11, 4, 10], [5, 15, 6, 14], [7, 24, 8, 1], [9, 18, 10, 19], [11, 23, 12, 22], [13, 5, 14, 4]]"
12a_1061_168,"[[14, 6, 15, 5], [16, 22, 17, 21], [18, 4, 19, 3], [20, 7, 21, 8], [22, 14, 23, 13], [24, 18, 1, 17], [2, 9, 3, 10], [4, 12, 5, 11], [6, 16, 7, 15], [8, 1, 9, 2], [10, 19, 11, 20], [12, 24, 13, 23]]"
12a_1061_169,"[[12, 24, 13, 23], [14, 6, 15, 5], [16, 22, 17, 21], [18, 4, 19, 3], [20, 7, 21, 8], [22, 14, 23, 13], [24, 18, 1, 17], [2, 9, 3, 10], [4, 12, 5, 11], [6, 16, 7, 15], [8, 1, 9, 2], [10, 19, 11, 20]]"
12a_1061_170,"[[10, 19, 11, 20], [12, 24, 13, 23], [14, 6, 15, 5], [16, 22, 17, 21], [18, 4, 19, 3], [20, 7, 21, 8], [22, 14, 23, 13], [24, 18, 1, 17], [2, 9, 3, 10], [4, 12, 5, 11], [6, 16, 7, 15], [8, 1, 9, 2]]"
12a_1061_171,"[[8, 1, 9, 2], [10, 19, 11, 20], [12, 24, 13, 23], [14, 6, 15, 5], [16, 22, 17, 21], [18, 4, 19, 3], [20, 7, 21, 8], [22, 14, 23, 13], [24, 18, 1, 17], [2, 9, 3, 10], [4, 12, 5, 11], [6, 16, 7, 15]]"
12a_1061_172,"[[6, 16, 7, 15], [8, 1, 9, 2], [10, 19, 11, 20], [12, 24, 13, 23], [14, 6, 15, 5], [16, 22, 17, 21], [18, 4, 19, 3], [20, 7, 21, 8], [22, 14, 23, 13], [24, 18, 1, 17], [2, 9, 3, 10], [4, 12, 5, 11]]"
12a_1061_173,"[[4, 12, 5, 11], [6, 16, 7, 15], [8, 1, 9, 2], [10, 19, 11, 20], [12, 24, 13, 23], [14, 6, 15, 5], [16, 22, 17, 21], [18, 4, 19, 3], [20, 7, 21, 8], [22, 14, 23, 13], [24, 18, 1, 17], [2, 9, 3, 10]]"
12a_1061_174,"[[2, 9, 3, 10], [4, 12, 5, 11], [6, 16, 7, 15], [8, 1, 9, 2], [10, 19, 11, 20], [12, 24, 13, 23], [14, 6, 15, 5], [16, 22, 17, 21], [18, 4, 19, 3], [20, 7, 21, 8], [22, 14, 23, 13], [24, 18, 1, 17]]"
12a_1061_175,"[[24, 18, 1, 17], [2, 9, 3, 10], [4, 12, 5, 11], [6, 16, 7, 15], [8, 1, 9, 2], [10, 19, 11, 20], [12, 24, 13, 23], [14, 6, 15, 5], [16, 22, 17, 21], [18, 4, 19, 3], [20, 7, 21, 8], [22, 14, 23, 13]]"
12a_1061_176,"[[22, 14, 23, 13], [24, 18, 1, 17], [2, 9, 3, 10], [4, 12, 5, 11], [6, 16, 7, 15], [8, 1, 9, 2], [10, 19, 11, 20], [12, 24, 13, 23], [14, 6, 15, 5], [16, 22, 17, 21], [18, 4, 19, 3], [20, 7, 21, 8]]"
12a_1061_177,"[[20, 7, 21, 8], [22, 14, 23, 13], [24, 18, 1, 17], [2, 9, 3, 10], [4, 12, 5, 11], [6, 16, 7, 15], [8, 1, 9, 2], [10, 19, 11, 20], [12, 24, 13, 23], [14, 6, 15, 5], [16, 22, 17, 21], [18, 4, 19, 3]]"
12a_1061_178,"[[18, 4, 19, 3], [20, 7, 21, 8], [22, 14, 23, 13], [24, 18, 1, 17], [2, 9, 3, 10], [4, 12, 5, 11], [6, 16, 7, 15], [8, 1, 9, 2], [10, 19, 11, 20], [12, 24, 13, 23], [14, 6, 15, 5], [16, 22, 17, 21]]"
12a_1061_179,"[[16, 22, 17, 21], [18, 4, 19, 3], [20, 7, 21, 8], [22, 14, 23, 13], [24, 18, 1, 17], [2, 9, 3, 10], [4, 12, 5, 11], [6, 16, 7, 15], [8, 1, 9, 2], [10, 19, 11, 20], [12, 24, 13, 23], [14, 6, 15, 5]]"
12a_1061_180,"[[15, 7, 16, 6], [17, 23, 18, 22], [19, 5, 20, 4], [21, 8, 22, 9], [23, 15, 24, 14], [1, 19, 2, 18], [3, 10, 4, 11], [5, 13, 6, 12], [7, 17, 8, 16], [9, 2, 10, 3], [11, 20, 12, 21], [13, 1, 14, 24]]"
12a_1061_181,"[[13, 1, 14, 24], [15, 7, 16, 6], [17, 23, 18, 22], [19, 5, 20, 4], [21, 8, 22, 9], [23, 15, 24, 14], [1, 19, 2, 18], [3, 10, 4, 11], [5, 13, 6, 12], [7, 17, 8, 16], [9, 2, 10, 3], [11, 20, 12, 21]]"
12a_1061_182,"[[11, 20, 12, 21], [13, 1, 14, 24], [15, 7, 16, 6], [17, 23, 18, 22], [19, 5, 20, 4], [21, 8, 22, 9], [23, 15, 24, 14], [1, 19, 2, 18], [3, 10, 4, 11], [5, 13, 6, 12], [7, 17, 8, 16], [9, 2, 10, 3]]"
12a_1061_183,"[[9, 2, 10, 3], [11, 20, 12, 21], [13, 1, 14, 24], [15, 7, 16, 6], [17, 23, 18, 22], [19, 5, 20, 4], [21, 8, 22, 9], [23, 15, 24, 14], [1, 19, 2, 18], [3, 10, 4, 11], [5, 13, 6, 12], [7, 17, 8, 16]]"
12a_1061_184,"[[7, 17, 8, 16], [9, 2, 10, 3], [11, 20, 12, 21], [13, 1, 14, 24], [15, 7, 16, 6], [17, 23, 18, 22], [19, 5, 20, 4], [21, 8, 22, 9], [23, 15, 24, 14], [1, 19, 2, 18], [3, 10, 4, 11], [5, 13, 6, 12]]"
12a_1061_185,"[[5, 13, 6, 12], [7, 17, 8, 16], [9, 2, 10, 3], [11, 20, 12, 21], [13, 1, 14, 24], [15, 7, 16, 6], [17, 23, 18, 22], [19, 5, 20, 4], [21, 8, 22, 9], [23, 15, 24, 14], [1, 19, 2, 18], [3, 10, 4, 11]]"
