name,pd_notation
12a_1106_0,"[[24, 18, 1, 17], [2, 8, 3, 7], [4, 14, 5, 13], [6, 21, 7, 22], [8, 2, 9, 1], [10, 16, 11, 15], [12, 6, 13, 5], [14, 19, 15, 20], [16, 10, 17, 9], [18, 24, 19, 23], [20, 11, 21, 12], [22, 3, 23, 4]]"
12a_1106_1,"[[22, 3, 23, 4], [24, 18, 1, 17], [2, 8, 3, 7], [4, 14, 5, 13], [6, 21, 7, 22], [8, 2, 9, 1], [10, 16, 11, 15], [12, 6, 13, 5], [14, 19, 15, 20], [16, 10, 17, 9], [18, 24, 19, 23], [20, 11, 21, 12]]"
12a_1106_2,"[[20, 11, 21, 12], [22, 3, 23, 4], [24, 18, 1, 17], [2, 8, 3, 7], [4, 14, 5, 13], [6, 21, 7, 22], [8, 2, 9, 1], [10, 16, 11, 15], [12, 6, 13, 5], [14, 19, 15, 20], [16, 10, 17, 9], [18, 24, 19, 23]]"
12a_1106_3,"[[18, 24, 19, 23], [20, 11, 21, 12], [22, 3, 23, 4], [24, 18, 1, 17], [2, 8, 3, 7], [4, 14, 5, 13], [6, 21, 7, 22], [8, 2, 9, 1], [10, 16, 11, 15], [12, 6, 13, 5], [14, 19, 15, 20], [16, 10, 17, 9]]"
12a_1106_4,"[[16, 10, 17, 9], [18, 24, 19, 23], [20, 11, 21, 12], [22, 3, 23, 4], [24, 18, 1, 17], [2, 8, 3, 7], [4, 14, 5, 13], [6, 21, 7, 22], [8, 2, 9, 1], [10, 16, 11, 15], [12, 6, 13, 5], [14, 19, 15, 20]]"
12a_1106_5,"[[14, 19, 15, 20], [16, 10, 17, 9], [18, 24, 19, 23], [20, 11, 21, 12], [22, 3, 23, 4], [24, 18, 1, 17], [2, 8, 3, 7], [4, 14, 5, 13], [6, 21, 7, 22], [8, 2, 9, 1], [10, 16, 11, 15], [12, 6, 13, 5]]"
12a_1106_6,"[[12, 6, 13, 5], [14, 19, 15, 20], [16, 10, 17, 9], [18, 24, 19, 23], [20, 11, 21, 12], [22, 3, 23, 4], [24, 18, 1, 17], [2, 8, 3, 7], [4, 14, 5, 13], [6, 21, 7, 22], [8, 2, 9, 1], [10, 16, 11, 15]]"
12a_1106_7,"[[10, 16, 11, 15], [12, 6, 13, 5], [14, 19, 15, 20], [16, 10, 17, 9], [18, 24, 19, 23], [20, 11, 21, 12], [22, 3, 23, 4], [24, 18, 1, 17], [2, 8, 3, 7], [4, 14, 5, 13], [6, 21, 7, 22], [8, 2, 9, 1]]"
12a_1106_8,"[[8, 2, 9, 1], [10, 16, 11, 15], [12, 6, 13, 5], [14, 19, 15, 20], [16, 10, 17, 9], [18, 24, 19, 23], [20, 11, 21, 12], [22, 3, 23, 4], [24, 18, 1, 17], [2, 8, 3, 7], [4, 14, 5, 13], [6, 21, 7, 22]]"
12a_1106_9,"[[6, 21, 7, 22], [8, 2, 9, 1], [10, 16, 11, 15], [12, 6, 13, 5], [14, 19, 15, 20], [16, 10, 17, 9], [18, 24, 19, 23], [20, 11, 21, 12], [22, 3, 23, 4], [24, 18, 1, 17], [2, 8, 3, 7], [4, 14, 5, 13]]"
12a_1106_10,"[[4, 14, 5, 13], [6, 21, 7, 22], [8, 2, 9, 1], [10, 16, 11, 15], [12, 6, 13, 5], [14, 19, 15, 20], [16, 10, 17, 9], [18, 24, 19, 23], [20, 11, 21, 12], [22, 3, 23, 4], [24, 18, 1, 17], [2, 8, 3, 7]]"
12a_1106_11,"[[2, 8, 3, 7], [4, 14, 5, 13], [6, 21, 7, 22], [8, 2, 9, 1], [10, 16, 11, 15], [12, 6, 13, 5], [14, 19, 15, 20], [16, 10, 17, 9], [18, 24, 19, 23], [20, 11, 21, 12], [22, 3, 23, 4], [24, 18, 1, 17]]"
12a_1106_12,"[[1, 19, 2, 18], [3, 9, 4, 8], [5, 15, 6, 14], [7, 22, 8, 23], [9, 3, 10, 2], [11, 17, 12, 16], [13, 7, 14, 6], [15, 20, 16, 21], [17, 11, 18, 10], [19, 1, 20, 24], [21, 12, 22, 13], [23, 4, 24, 5]]"
12a_1106_13,"[[23, 4, 24, 5], [1, 19, 2, 18], [3, 9, 4, 8], [5, 15, 6, 14], [7, 22, 8, 23], [9, 3, 10, 2], [11, 17, 12, 16], [13, 7, 14, 6], [15, 20, 16, 21], [17, 11, 18, 10], [19, 1, 20, 24], [21, 12, 22, 13]]"
12a_1106_14,"[[21, 12, 22, 13], [23, 4, 24, 5], [1, 19, 2, 18], [3, 9, 4, 8], [5, 15, 6, 14], [7, 22, 8, 23], [9, 3, 10, 2], [11, 17, 12, 16], [13, 7, 14, 6], [15, 20, 16, 21], [17, 11, 18, 10], [19, 1, 20, 24]]"
12a_1106_15,"[[19, 1, 20, 24], [21, 12, 22, 13], [23, 4, 24, 5], [1, 19, 2, 18], [3, 9, 4, 8], [5, 15, 6, 14], [7, 22, 8, 23], [9, 3, 10, 2], [11, 17, 12, 16], [13, 7, 14, 6], [15, 20, 16, 21], [17, 11, 18, 10]]"
12a_1106_16,"[[17, 11, 18, 10], [19, 1, 20, 24], [21, 12, 22, 13], [23, 4, 24, 5], [1, 19, 2, 18], [3, 9, 4, 8], [5, 15, 6, 14], [7, 22, 8, 23], [9, 3, 10, 2], [11, 17, 12, 16], [13, 7, 14, 6], [15, 20, 16, 21]]"
12a_1106_17,"[[15, 20, 16, 21], [17, 11, 18, 10], [19, 1, 20, 24], [21, 12, 22, 13], [23, 4, 24, 5], [1, 19, 2, 18], [3, 9, 4, 8], [5, 15, 6, 14], [7, 22, 8, 23], [9, 3, 10, 2], [11, 17, 12, 16], [13, 7, 14, 6]]"
12a_1106_18,"[[13, 7, 14, 6], [15, 20, 16, 21], [17, 11, 18, 10], [19, 1, 20, 24], [21, 12, 22, 13], [23, 4, 24, 5], [1, 19, 2, 18], [3, 9, 4, 8], [5, 15, 6, 14], [7, 22, 8, 23], [9, 3, 10, 2], [11, 17, 12, 16]]"
12a_1106_19,"[[11, 17, 12, 16], [13, 7, 14, 6], [15, 20, 16, 21], [17, 11, 18, 10], [19, 1, 20, 24], [21, 12, 22, 13], [23, 4, 24, 5], [1, 19, 2, 18], [3, 9, 4, 8], [5, 15, 6, 14], [7, 22, 8, 23], [9, 3, 10, 2]]"
12a_1106_20,"[[9, 3, 10, 2], [11, 17, 12, 16], [13, 7, 14, 6], [15, 20, 16, 21], [17, 11, 18, 10], [19, 1, 20, 24], [21, 12, 22, 13], [23, 4, 24, 5], [1, 19, 2, 18], [3, 9, 4, 8], [5, 15, 6, 14], [7, 22, 8, 23]]"
12a_1106_21,"[[7, 22, 8, 23], [9, 3, 10, 2], [11, 17, 12, 16], [13, 7, 14, 6], [15, 20, 16, 21], [17, 11, 18, 10], [19, 1, 20, 24], [21, 12, 22, 13], [23, 4, 24, 5], [1, 19, 2, 18], [3, 9, 4, 8], [5, 15, 6, 14]]"
12a_1106_22,"[[5, 15, 6, 14], [7, 22, 8, 23], [9, 3, 10, 2], [11, 17, 12, 16], [13, 7, 14, 6], [15, 20, 16, 21], [17, 11, 18, 10], [19, 1, 20, 24], [21, 12, 22, 13], [23, 4, 24, 5], [1, 19, 2, 18], [3, 9, 4, 8]]"
12a_1106_23,"[[3, 9, 4, 8], [5, 15, 6, 14], [7, 22, 8, 23], [9, 3, 10, 2], [11, 17, 12, 16], [13, 7, 14, 6], [15, 20, 16, 21], [17, 11, 18, 10], [19, 1, 20, 24], [21, 12, 22, 13], [23, 4, 24, 5], [1, 19, 2, 18]]"
12a_1106_24,"[[2, 20, 3, 19], [4, 10, 5, 9], [6, 16, 7, 15], [8, 23, 9, 24], [10, 4, 11, 3], [12, 18, 13, 17], [14, 8, 15, 7], [16, 21, 17, 22], [18, 12, 19, 11], [20, 2, 21, 1], [22, 13, 23, 14], [24, 5, 1, 6]]"
12a_1106_25,"[[24, 5, 1, 6], [2, 20, 3, 19], [4, 10, 5, 9], [6, 16, 7, 15], [8, 23, 9, 24], [10, 4, 11, 3], [12, 18, 13, 17], [14, 8, 15, 7], [16, 21, 17, 22], [18, 12, 19, 11], [20, 2, 21, 1], [22, 13, 23, 14]]"
12a_1106_26,"[[22, 13, 23, 14], [24, 5, 1, 6], [2, 20, 3, 19], [4, 10, 5, 9], [6, 16, 7, 15], [8, 23, 9, 24], [10, 4, 11, 3], [12, 18, 13, 17], [14, 8, 15, 7], [16, 21, 17, 22], [18, 12, 19, 11], [20, 2, 21, 1]]"
12a_1106_27,"[[20, 2, 21, 1], [22, 13, 23, 14], [24, 5, 1, 6], [2, 20, 3, 19], [4, 10, 5, 9], [6, 16, 7, 15], [8, 23, 9, 24], [10, 4, 11, 3], [12, 18, 13, 17], [14, 8, 15, 7], [16, 21, 17, 22], [18, 12, 19, 11]]"
12a_1106_28,"[[18, 12, 19, 11], [20, 2, 21, 1], [22, 13, 23, 14], [24, 5, 1, 6], [2, 20, 3, 19], [4, 10, 5, 9], [6, 16, 7, 15], [8, 23, 9, 24], [10, 4, 11, 3], [12, 18, 13, 17], [14, 8, 15, 7], [16, 21, 17, 22]]"
12a_1106_29,"[[16, 21, 17, 22], [18, 12, 19, 11], [20, 2, 21, 1], [22, 13, 23, 14], [24, 5, 1, 6], [2, 20, 3, 19], [4, 10, 5, 9], [6, 16, 7, 15], [8, 23, 9, 24], [10, 4, 11, 3], [12, 18, 13, 17], [14, 8, 15, 7]]"
12a_1106_30,"[[14, 8, 15, 7], [16, 21, 17, 22], [18, 12, 19, 11], [20, 2, 21, 1], [22, 13, 23, 14], [24, 5, 1, 6], [2, 20, 3, 19], [4, 10, 5, 9], [6, 16, 7, 15], [8, 23, 9, 24], [10, 4, 11, 3], [12, 18, 13, 17]]"
12a_1106_31,"[[12, 18, 13, 17], [14, 8, 15, 7], [16, 21, 17, 22], [18, 12, 19, 11], [20, 2, 21, 1], [22, 13, 23, 14], [24, 5, 1, 6], [2, 20, 3, 19], [4, 10, 5, 9], [6, 16, 7, 15], [8, 23, 9, 24], [10, 4, 11, 3]]"
12a_1106_32,"[[10, 4, 11, 3], [12, 18, 13, 17], [14, 8, 15, 7], [16, 21, 17, 22], [18, 12, 19, 11], [20, 2, 21, 1], [22, 13, 23, 14], [24, 5, 1, 6], [2, 20, 3, 19], [4, 10, 5, 9], [6, 16, 7, 15], [8, 23, 9, 24]]"
12a_1106_33,"[[8, 23, 9, 24], [10, 4, 11, 3], [12, 18, 13, 17], [14, 8, 15, 7], [16, 21, 17, 22], [18, 12, 19, 11], [20, 2, 21, 1], [22, 13, 23, 14], [24, 5, 1, 6], [2, 20, 3, 19], [4, 10, 5, 9], [6, 16, 7, 15]]"
12a_1106_34,"[[6, 16, 7, 15], [8, 23, 9, 24], [10, 4, 11, 3], [12, 18, 13, 17], [14, 8, 15, 7], [16, 21, 17, 22], [18, 12, 19, 11], [20, 2, 21, 1], [22, 13, 23, 14], [24, 5, 1, 6], [2, 20, 3, 19], [4, 10, 5, 9]]"
12a_1106_35,"[[4, 10, 5, 9], [6, 16, 7, 15], [8, 23, 9, 24], [10, 4, 11, 3], [12, 18, 13, 17], [14, 8, 15, 7], [16, 21, 17, 22], [18, 12, 19, 11], [20, 2, 21, 1], [22, 13, 23, 14], [24, 5, 1, 6], [2, 20, 3, 19]]"
12a_1106_36,"[[3, 21, 4, 20], [5, 11, 6, 10], [7, 17, 8, 16], [9, 24, 10, 1], [11, 5, 12, 4], [13, 19, 14, 18], [15, 9, 16, 8], [17, 22, 18, 23], [19, 13, 20, 12], [21, 3, 22, 2], [23, 14, 24, 15], [1, 6, 2, 7]]"
12a_1106_37,"[[1, 6, 2, 7], [3, 21, 4, 20], [5, 11, 6, 10], [7, 17, 8, 16], [9, 24, 10, 1], [11, 5, 12, 4], [13, 19, 14, 18], [15, 9, 16, 8], [17, 22, 18, 23], [19, 13, 20, 12], [21, 3, 22, 2], [23, 14, 24, 15]]"
12a_1106_38,"[[23, 14, 24, 15], [1, 6, 2, 7], [3, 21, 4, 20], [5, 11, 6, 10], [7, 17, 8, 16], [9, 24, 10, 1], [11, 5, 12, 4], [13, 19, 14, 18], [15, 9, 16, 8], [17, 22, 18, 23], [19, 13, 20, 12], [21, 3, 22, 2]]"
12a_1106_39,"[[21, 3, 22, 2], [23, 14, 24, 15], [1, 6, 2, 7], [3, 21, 4, 20], [5, 11, 6, 10], [7, 17, 8, 16], [9, 24, 10, 1], [11, 5, 12, 4], [13, 19, 14, 18], [15, 9, 16, 8], [17, 22, 18, 23], [19, 13, 20, 12]]"
12a_1106_40,"[[19, 13, 20, 12], [21, 3, 22, 2], [23, 14, 24, 15], [1, 6, 2, 7], [3, 21, 4, 20], [5, 11, 6, 10], [7, 17, 8, 16], [9, 24, 10, 1], [11, 5, 12, 4], [13, 19, 14, 18], [15, 9, 16, 8], [17, 22, 18, 23]]"
12a_1106_41,"[[17, 22, 18, 23], [19, 13, 20, 12], [21, 3, 22, 2], [23, 14, 24, 15], [1, 6, 2, 7], [3, 21, 4, 20], [5, 11, 6, 10], [7, 17, 8, 16], [9, 24, 10, 1], [11, 5, 12, 4], [13, 19, 14, 18], [15, 9, 16, 8]]"
12a_1106_42,"[[15, 9, 16, 8], [17, 22, 18, 23], [19, 13, 20, 12], [21, 3, 22, 2], [23, 14, 24, 15], [1, 6, 2, 7], [3, 21, 4, 20], [5, 11, 6, 10], [7, 17, 8, 16], [9, 24, 10, 1], [11, 5, 12, 4], [13, 19, 14, 18]]"
12a_1106_43,"[[13, 19, 14, 18], [15, 9, 16, 8], [17, 22, 18, 23], [19, 13, 20, 12], [21, 3, 22, 2], [23, 14, 24, 15], [1, 6, 2, 7], [3, 21, 4, 20], [5, 11, 6, 10], [7, 17, 8, 16], [9, 24, 10, 1], [11, 5, 12, 4]]"
12a_1106_44,"[[11, 5, 12, 4], [13, 19, 14, 18], [15, 9, 16, 8], [17, 22, 18, 23], [19, 13, 20, 12], [21, 3, 22, 2], [23, 14, 24, 15], [1, 6, 2, 7], [3, 21, 4, 20], [5, 11, 6, 10], [7, 17, 8, 16], [9, 24, 10, 1]]"
12a_1106_45,"[[9, 24, 10, 1], [11, 5, 12, 4], [13, 19, 14, 18], [15, 9, 16, 8], [17, 22, 18, 23], [19, 13, 20, 12], [21, 3, 22, 2], [23, 14, 24, 15], [1, 6, 2, 7], [3, 21, 4, 20], [5, 11, 6, 10], [7, 17, 8, 16]]"
12a_1106_46,"[[7, 17, 8, 16], [9, 24, 10, 1], [11, 5, 12, 4], [13, 19, 14, 18], [15, 9, 16, 8], [17, 22, 18, 23], [19, 13, 20, 12], [21, 3, 22, 2], [23, 14, 24, 15], [1, 6, 2, 7], [3, 21, 4, 20], [5, 11, 6, 10]]"
12a_1106_47,"[[5, 11, 6, 10], [7, 17, 8, 16], [9, 24, 10, 1], [11, 5, 12, 4], [13, 19, 14, 18], [15, 9, 16, 8], [17, 22, 18, 23], [19, 13, 20, 12], [21, 3, 22, 2], [23, 14, 24, 15], [1, 6, 2, 7], [3, 21, 4, 20]]"
12a_1106_48,"[[4, 22, 5, 21], [6, 12, 7, 11], [8, 18, 9, 17], [10, 1, 11, 2], [12, 6, 13, 5], [14, 20, 15, 19], [16, 10, 17, 9], [18, 23, 19, 24], [20, 14, 21, 13], [22, 4, 23, 3], [24, 15, 1, 16], [2, 7, 3, 8]]"
12a_1106_49,"[[2, 7, 3, 8], [4, 22, 5, 21], [6, 12, 7, 11], [8, 18, 9, 17], [10, 1, 11, 2], [12, 6, 13, 5], [14, 20, 15, 19], [16, 10, 17, 9], [18, 23, 19, 24], [20, 14, 21, 13], [22, 4, 23, 3], [24, 15, 1, 16]]"
12a_1106_50,"[[24, 15, 1, 16], [2, 7, 3, 8], [4, 22, 5, 21], [6, 12, 7, 11], [8, 18, 9, 17], [10, 1, 11, 2], [12, 6, 13, 5], [14, 20, 15, 19], [16, 10, 17, 9], [18, 23, 19, 24], [20, 14, 21, 13], [22, 4, 23, 3]]"
12a_1106_51,"[[22, 4, 23, 3], [24, 15, 1, 16], [2, 7, 3, 8], [4, 22, 5, 21], [6, 12, 7, 11], [8, 18, 9, 17], [10, 1, 11, 2], [12, 6, 13, 5], [14, 20, 15, 19], [16, 10, 17, 9], [18, 23, 19, 24], [20, 14, 21, 13]]"
12a_1106_52,"[[20, 14, 21, 13], [22, 4, 23, 3], [24, 15, 1, 16], [2, 7, 3, 8], [4, 22, 5, 21], [6, 12, 7, 11], [8, 18, 9, 17], [10, 1, 11, 2], [12, 6, 13, 5], [14, 20, 15, 19], [16, 10, 17, 9], [18, 23, 19, 24]]"
12a_1106_53,"[[18, 23, 19, 24], [20, 14, 21, 13], [22, 4, 23, 3], [24, 15, 1, 16], [2, 7, 3, 8], [4, 22, 5, 21], [6, 12, 7, 11], [8, 18, 9, 17], [10, 1, 11, 2], [12, 6, 13, 5], [14, 20, 15, 19], [16, 10, 17, 9]]"
12a_1106_54,"[[16, 10, 17, 9], [18, 23, 19, 24], [20, 14, 21, 13], [22, 4, 23, 3], [24, 15, 1, 16], [2, 7, 3, 8], [4, 22, 5, 21], [6, 12, 7, 11], [8, 18, 9, 17], [10, 1, 11, 2], [12, 6, 13, 5], [14, 20, 15, 19]]"
12a_1106_55,"[[14, 20, 15, 19], [16, 10, 17, 9], [18, 23, 19, 24], [20, 14, 21, 13], [22, 4, 23, 3], [24, 15, 1, 16], [2, 7, 3, 8], [4, 22, 5, 21], [6, 12, 7, 11], [8, 18, 9, 17], [10, 1, 11, 2], [12, 6, 13, 5]]"
12a_1106_56,"[[12, 6, 13, 5], [14, 20, 15, 19], [16, 10, 17, 9], [18, 23, 19, 24], [20, 14, 21, 13], [22, 4, 23, 3], [24, 15, 1, 16], [2, 7, 3, 8], [4, 22, 5, 21], [6, 12, 7, 11], [8, 18, 9, 17], [10, 1, 11, 2]]"
12a_1106_57,"[[10, 1, 11, 2], [12, 6, 13, 5], [14, 20, 15, 19], [16, 10, 17, 9], [18, 23, 19, 24], [20, 14, 21, 13], [22, 4, 23, 3], [24, 15, 1, 16], [2, 7, 3, 8], [4, 22, 5, 21], [6, 12, 7, 11], [8, 18, 9, 17]]"
12a_1106_58,"[[8, 18, 9, 17], [10, 1, 11, 2], [12, 6, 13, 5], [14, 20, 15, 19], [16, 10, 17, 9], [18, 23, 19, 24], [20, 14, 21, 13], [22, 4, 23, 3], [24, 15, 1, 16], [2, 7, 3, 8], [4, 22, 5, 21], [6, 12, 7, 11]]"
12a_1106_59,"[[6, 12, 7, 11], [8, 18, 9, 17], [10, 1, 11, 2], [12, 6, 13, 5], [14, 20, 15, 19], [16, 10, 17, 9], [18, 23, 19, 24], [20, 14, 21, 13], [22, 4, 23, 3], [24, 15, 1, 16], [2, 7, 3, 8], [4, 22, 5, 21]]"
12a_1106_60,"[[5, 23, 6, 22], [7, 13, 8, 12], [9, 19, 10, 18], [11, 2, 12, 3], [13, 7, 14, 6], [15, 21, 16, 20], [17, 11, 18, 10], [19, 24, 20, 1], [21, 15, 22, 14], [23, 5, 24, 4], [1, 16, 2, 17], [3, 8, 4, 9]]"
12a_1106_61,"[[3, 8, 4, 9], [5, 23, 6, 22], [7, 13, 8, 12], [9, 19, 10, 18], [11, 2, 12, 3], [13, 7, 14, 6], [15, 21, 16, 20], [17, 11, 18, 10], [19, 24, 20, 1], [21, 15, 22, 14], [23, 5, 24, 4], [1, 16, 2, 17]]"
12a_1106_62,"[[1, 16, 2, 17], [3, 8, 4, 9], [5, 23, 6, 22], [7, 13, 8, 12], [9, 19, 10, 18], [11, 2, 12, 3], [13, 7, 14, 6], [15, 21, 16, 20], [17, 11, 18, 10], [19, 24, 20, 1], [21, 15, 22, 14], [23, 5, 24, 4]]"
12a_1106_63,"[[23, 5, 24, 4], [1, 16, 2, 17], [3, 8, 4, 9], [5, 23, 6, 22], [7, 13, 8, 12], [9, 19, 10, 18], [11, 2, 12, 3], [13, 7, 14, 6], [15, 21, 16, 20], [17, 11, 18, 10], [19, 24, 20, 1], [21, 15, 22, 14]]"
12a_1106_64,"[[21, 15, 22, 14], [23, 5, 24, 4], [1, 16, 2, 17], [3, 8, 4, 9], [5, 23, 6, 22], [7, 13, 8, 12], [9, 19, 10, 18], [11, 2, 12, 3], [13, 7, 14, 6], [15, 21, 16, 20], [17, 11, 18, 10], [19, 24, 20, 1]]"
12a_1106_65,"[[19, 24, 20, 1], [21, 15, 22, 14], [23, 5, 24, 4], [1, 16, 2, 17], [3, 8, 4, 9], [5, 23, 6, 22], [7, 13, 8, 12], [9, 19, 10, 18], [11, 2, 12, 3], [13, 7, 14, 6], [15, 21, 16, 20], [17, 11, 18, 10]]"
12a_1106_66,"[[17, 11, 18, 10], [19, 24, 20, 1], [21, 15, 22, 14], [23, 5, 24, 4], [1, 16, 2, 17], [3, 8, 4, 9], [5, 23, 6, 22], [7, 13, 8, 12], [9, 19, 10, 18], [11, 2, 12, 3], [13, 7, 14, 6], [15, 21, 16, 20]]"
12a_1106_67,"[[15, 21, 16, 20], [17, 11, 18, 10], [19, 24, 20, 1], [21, 15, 22, 14], [23, 5, 24, 4], [1, 16, 2, 17], [3, 8, 4, 9], [5, 23, 6, 22], [7, 13, 8, 12], [9, 19, 10, 18], [11, 2, 12, 3], [13, 7, 14, 6]]"
12a_1106_68,"[[13, 7, 14, 6], [15, 21, 16, 20], [17, 11, 18, 10], [19, 24, 20, 1], [21, 15, 22, 14], [23, 5, 24, 4], [1, 16, 2, 17], [3, 8, 4, 9], [5, 23, 6, 22], [7, 13, 8, 12], [9, 19, 10, 18], [11, 2, 12, 3]]"
12a_1106_69,"[[11, 2, 12, 3], [13, 7, 14, 6], [15, 21, 16, 20], [17, 11, 18, 10], [19, 24, 20, 1], [21, 15, 22, 14], [23, 5, 24, 4], [1, 16, 2, 17], [3, 8, 4, 9], [5, 23, 6, 22], [7, 13, 8, 12], [9, 19, 10, 18]]"
12a_1106_70,"[[9, 19, 10, 18], [11, 2, 12, 3], [13, 7, 14, 6], [15, 21, 16, 20], [17, 11, 18, 10], [19, 24, 20, 1], [21, 15, 22, 14], [23, 5, 24, 4], [1, 16, 2, 17], [3, 8, 4, 9], [5, 23, 6, 22], [7, 13, 8, 12]]"
12a_1106_71,"[[7, 13, 8, 12], [9, 19, 10, 18], [11, 2, 12, 3], [13, 7, 14, 6], [15, 21, 16, 20], [17, 11, 18, 10], [19, 24, 20, 1], [21, 15, 22, 14], [23, 5, 24, 4], [1, 16, 2, 17], [3, 8, 4, 9], [5, 23, 6, 22]]"
12a_1106_72,"[[6, 24, 7, 23], [8, 14, 9, 13], [10, 20, 11, 19], [12, 3, 13, 4], [14, 8, 15, 7], [16, 22, 17, 21], [18, 12, 19, 11], [20, 1, 21, 2], [22, 16, 23, 15], [24, 6, 1, 5], [2, 17, 3, 18], [4, 9, 5, 10]]"
12a_1106_73,"[[4, 9, 5, 10], [6, 24, 7, 23], [8, 14, 9, 13], [10, 20, 11, 19], [12, 3, 13, 4], [14, 8, 15, 7], [16, 22, 17, 21], [18, 12, 19, 11], [20, 1, 21, 2], [22, 16, 23, 15], [24, 6, 1, 5], [2, 17, 3, 18]]"
12a_1106_74,"[[2, 17, 3, 18], [4, 9, 5, 10], [6, 24, 7, 23], [8, 14, 9, 13], [10, 20, 11, 19], [12, 3, 13, 4], [14, 8, 15, 7], [16, 22, 17, 21], [18, 12, 19, 11], [20, 1, 21, 2], [22, 16, 23, 15], [24, 6, 1, 5]]"
12a_1106_75,"[[24, 6, 1, 5], [2, 17, 3, 18], [4, 9, 5, 10], [6, 24, 7, 23], [8, 14, 9, 13], [10, 20, 11, 19], [12, 3, 13, 4], [14, 8, 15, 7], [16, 22, 17, 21], [18, 12, 19, 11], [20, 1, 21, 2], [22, 16, 23, 15]]"
12a_1106_76,"[[22, 16, 23, 15], [24, 6, 1, 5], [2, 17, 3, 18], [4, 9, 5, 10], [6, 24, 7, 23], [8, 14, 9, 13], [10, 20, 11, 19], [12, 3, 13, 4], [14, 8, 15, 7], [16, 22, 17, 21], [18, 12, 19, 11], [20, 1, 21, 2]]"
12a_1106_77,"[[20, 1, 21, 2], [22, 16, 23, 15], [24, 6, 1, 5], [2, 17, 3, 18], [4, 9, 5, 10], [6, 24, 7, 23], [8, 14, 9, 13], [10, 20, 11, 19], [12, 3, 13, 4], [14, 8, 15, 7], [16, 22, 17, 21], [18, 12, 19, 11]]"
12a_1106_78,"[[18, 12, 19, 11], [20, 1, 21, 2], [22, 16, 23, 15], [24, 6, 1, 5], [2, 17, 3, 18], [4, 9, 5, 10], [6, 24, 7, 23], [8, 14, 9, 13], [10, 20, 11, 19], [12, 3, 13, 4], [14, 8, 15, 7], [16, 22, 17, 21]]"
12a_1106_79,"[[16, 22, 17, 21], [18, 12, 19, 11], [20, 1, 21, 2], [22, 16, 23, 15], [24, 6, 1, 5], [2, 17, 3, 18], [4, 9, 5, 10], [6, 24, 7, 23], [8, 14, 9, 13], [10, 20, 11, 19], [12, 3, 13, 4], [14, 8, 15, 7]]"
12a_1106_80,"[[14, 8, 15, 7], [16, 22, 17, 21], [18, 12, 19, 11], [20, 1, 21, 2], [22, 16, 23, 15], [24, 6, 1, 5], [2, 17, 3, 18], [4, 9, 5, 10], [6, 24, 7, 23], [8, 14, 9, 13], [10, 20, 11, 19], [12, 3, 13, 4]]"
12a_1106_81,"[[12, 3, 13, 4], [14, 8, 15, 7], [16, 22, 17, 21], [18, 12, 19, 11], [20, 1, 21, 2], [22, 16, 23, 15], [24, 6, 1, 5], [2, 17, 3, 18], [4, 9, 5, 10], [6, 24, 7, 23], [8, 14, 9, 13], [10, 20, 11, 19]]"
12a_1106_82,"[[10, 20, 11, 19], [12, 3, 13, 4], [14, 8, 15, 7], [16, 22, 17, 21], [18, 12, 19, 11], [20, 1, 21, 2], [22, 16, 23, 15], [24, 6, 1, 5], [2, 17, 3, 18], [4, 9, 5, 10], [6, 24, 7, 23], [8, 14, 9, 13]]"
12a_1106_83,"[[8, 14, 9, 13], [10, 20, 11, 19], [12, 3, 13, 4], [14, 8, 15, 7], [16, 22, 17, 21], [18, 12, 19, 11], [20, 1, 21, 2], [22, 16, 23, 15], [24, 6, 1, 5], [2, 17, 3, 18], [4, 9, 5, 10], [6, 24, 7, 23]]"
12a_1106_84,"[[7, 1, 8, 24], [9, 15, 10, 14], [11, 21, 12, 20], [13, 4, 14, 5], [15, 9, 16, 8], [17, 23, 18, 22], [19, 13, 20, 12], [21, 2, 22, 3], [23, 17, 24, 16], [1, 7, 2, 6], [3, 18, 4, 19], [5, 10, 6, 11]]"
12a_1106_85,"[[5, 10, 6, 11], [7, 1, 8, 24], [9, 15, 10, 14], [11, 21, 12, 20], [13, 4, 14, 5], [15, 9, 16, 8], [17, 23, 18, 22], [19, 13, 20, 12], [21, 2, 22, 3], [23, 17, 24, 16], [1, 7, 2, 6], [3, 18, 4, 19]]"
12a_1106_86,"[[3, 18, 4, 19], [5, 10, 6, 11], [7, 1, 8, 24], [9, 15, 10, 14], [11, 21, 12, 20], [13, 4, 14, 5], [15, 9, 16, 8], [17, 23, 18, 22], [19, 13, 20, 12], [21, 2, 22, 3], [23, 17, 24, 16], [1, 7, 2, 6]]"
12a_1106_87,"[[1, 7, 2, 6], [3, 18, 4, 19], [5, 10, 6, 11], [7, 1, 8, 24], [9, 15, 10, 14], [11, 21, 12, 20], [13, 4, 14, 5], [15, 9, 16, 8], [17, 23, 18, 22], [19, 13, 20, 12], [21, 2, 22, 3], [23, 17, 24, 16]]"
12a_1106_88,"[[23, 17, 24, 16], [1, 7, 2, 6], [3, 18, 4, 19], [5, 10, 6, 11], [7, 1, 8, 24], [9, 15, 10, 14], [11, 21, 12, 20], [13, 4, 14, 5], [15, 9, 16, 8], [17, 23, 18, 22], [19, 13, 20, 12], [21, 2, 22, 3]]"
12a_1106_89,"[[21, 2, 22, 3], [23, 17, 24, 16], [1, 7, 2, 6], [3, 18, 4, 19], [5, 10, 6, 11], [7, 1, 8, 24], [9, 15, 10, 14], [11, 21, 12, 20], [13, 4, 14, 5], [15, 9, 16, 8], [17, 23, 18, 22], [19, 13, 20, 12]]"
12a_1106_90,"[[19, 13, 20, 12], [21, 2, 22, 3], [23, 17, 24, 16], [1, 7, 2, 6], [3, 18, 4, 19], [5, 10, 6, 11], [7, 1, 8, 24], [9, 15, 10, 14], [11, 21, 12, 20], [13, 4, 14, 5], [15, 9, 16, 8], [17, 23, 18, 22]]"
12a_1106_91,"[[17, 23, 18, 22], [19, 13, 20, 12], [21, 2, 22, 3], [23, 17, 24, 16], [1, 7, 2, 6], [3, 18, 4, 19], [5, 10, 6, 11], [7, 1, 8, 24], [9, 15, 10, 14], [11, 21, 12, 20], [13, 4, 14, 5], [15, 9, 16, 8]]"
12a_1106_92,"[[15, 9, 16, 8], [17, 23, 18, 22], [19, 13, 20, 12], [21, 2, 22, 3], [23, 17, 24, 16], [1, 7, 2, 6], [3, 18, 4, 19], [5, 10, 6, 11], [7, 1, 8, 24], [9, 15, 10, 14], [11, 21, 12, 20], [13, 4, 14, 5]]"
12a_1106_93,"[[13, 4, 14, 5], [15, 9, 16, 8], [17, 23, 18, 22], [19, 13, 20, 12], [21, 2, 22, 3], [23, 17, 24, 16], [1, 7, 2, 6], [3, 18, 4, 19], [5, 10, 6, 11], [7, 1, 8, 24], [9, 15, 10, 14], [11, 21, 12, 20]]"
12a_1106_94,"[[11, 21, 12, 20], [13, 4, 14, 5], [15, 9, 16, 8], [17, 23, 18, 22], [19, 13, 20, 12], [21, 2, 22, 3], [23, 17, 24, 16], [1, 7, 2, 6], [3, 18, 4, 19], [5, 10, 6, 11], [7, 1, 8, 24], [9, 15, 10, 14]]"
12a_1106_95,"[[9, 15, 10, 14], [11, 21, 12, 20], [13, 4, 14, 5], [15, 9, 16, 8], [17, 23, 18, 22], [19, 13, 20, 12], [21, 2, 22, 3], [23, 17, 24, 16], [1, 7, 2, 6], [3, 18, 4, 19], [5, 10, 6, 11], [7, 1, 8, 24]]"
12a_1106_96,"[[8, 2, 9, 1], [10, 16, 11, 15], [12, 22, 13, 21], [14, 5, 15, 6], [16, 10, 17, 9], [18, 24, 19, 23], [20, 14, 21, 13], [22, 3, 23, 4], [24, 18, 1, 17], [2, 8, 3, 7], [4, 19, 5, 20], [6, 11, 7, 12]]"
12a_1106_97,"[[6, 11, 7, 12], [8, 2, 9, 1], [10, 16, 11, 15], [12, 22, 13, 21], [14, 5, 15, 6], [16, 10, 17, 9], [18, 24, 19, 23], [20, 14, 21, 13], [22, 3, 23, 4], [24, 18, 1, 17], [2, 8, 3, 7], [4, 19, 5, 20]]"
12a_1106_98,"[[4, 19, 5, 20], [6, 11, 7, 12], [8, 2, 9, 1], [10, 16, 11, 15], [12, 22, 13, 21], [14, 5, 15, 6], [16, 10, 17, 9], [18, 24, 19, 23], [20, 14, 21, 13], [22, 3, 23, 4], [24, 18, 1, 17], [2, 8, 3, 7]]"
12a_1106_99,"[[2, 8, 3, 7], [4, 19, 5, 20], [6, 11, 7, 12], [8, 2, 9, 1], [10, 16, 11, 15], [12, 22, 13, 21], [14, 5, 15, 6], [16, 10, 17, 9], [18, 24, 19, 23], [20, 14, 21, 13], [22, 3, 23, 4], [24, 18, 1, 17]]"
12a_1106_100,"[[24, 18, 1, 17], [2, 8, 3, 7], [4, 19, 5, 20], [6, 11, 7, 12], [8, 2, 9, 1], [10, 16, 11, 15], [12, 22, 13, 21], [14, 5, 15, 6], [16, 10, 17, 9], [18, 24, 19, 23], [20, 14, 21, 13], [22, 3, 23, 4]]"
12a_1106_101,"[[22, 3, 23, 4], [24, 18, 1, 17], [2, 8, 3, 7], [4, 19, 5, 20], [6, 11, 7, 12], [8, 2, 9, 1], [10, 16, 11, 15], [12, 22, 13, 21], [14, 5, 15, 6], [16, 10, 17, 9], [18, 24, 19, 23], [20, 14, 21, 13]]"
12a_1106_102,"[[20, 14, 21, 13], [22, 3, 23, 4], [24, 18, 1, 17], [2, 8, 3, 7], [4, 19, 5, 20], [6, 11, 7, 12], [8, 2, 9, 1], [10, 16, 11, 15], [12, 22, 13, 21], [14, 5, 15, 6], [16, 10, 17, 9], [18, 24, 19, 23]]"
12a_1106_103,"[[18, 24, 19, 23], [20, 14, 21, 13], [22, 3, 23, 4], [24, 18, 1, 17], [2, 8, 3, 7], [4, 19, 5, 20], [6, 11, 7, 12], [8, 2, 9, 1], [10, 16, 11, 15], [12, 22, 13, 21], [14, 5, 15, 6], [16, 10, 17, 9]]"
12a_1106_104,"[[16, 10, 17, 9], [18, 24, 19, 23], [20, 14, 21, 13], [22, 3, 23, 4], [24, 18, 1, 17], [2, 8, 3, 7], [4, 19, 5, 20], [6, 11, 7, 12], [8, 2, 9, 1], [10, 16, 11, 15], [12, 22, 13, 21], [14, 5, 15, 6]]"
12a_1106_105,"[[14, 5, 15, 6], [16, 10, 17, 9], [18, 24, 19, 23], [20, 14, 21, 13], [22, 3, 23, 4], [24, 18, 1, 17], [2, 8, 3, 7], [4, 19, 5, 20], [6, 11, 7, 12], [8, 2, 9, 1], [10, 16, 11, 15], [12, 22, 13, 21]]"
12a_1106_106,"[[12, 22, 13, 21], [14, 5, 15, 6], [16, 10, 17, 9], [18, 24, 19, 23], [20, 14, 21, 13], [22, 3, 23, 4], [24, 18, 1, 17], [2, 8, 3, 7], [4, 19, 5, 20], [6, 11, 7, 12], [8, 2, 9, 1], [10, 16, 11, 15]]"
12a_1106_107,"[[10, 16, 11, 15], [12, 22, 13, 21], [14, 5, 15, 6], [16, 10, 17, 9], [18, 24, 19, 23], [20, 14, 21, 13], [22, 3, 23, 4], [24, 18, 1, 17], [2, 8, 3, 7], [4, 19, 5, 20], [6, 11, 7, 12], [8, 2, 9, 1]]"
12a_1106_108,"[[9, 3, 10, 2], [11, 17, 12, 16], [13, 23, 14, 22], [15, 6, 16, 7], [17, 11, 18, 10], [19, 1, 20, 24], [21, 15, 22, 14], [23, 4, 24, 5], [1, 19, 2, 18], [3, 9, 4, 8], [5, 20, 6, 21], [7, 12, 8, 13]]"
12a_1106_109,"[[7, 12, 8, 13], [9, 3, 10, 2], [11, 17, 12, 16], [13, 23, 14, 22], [15, 6, 16, 7], [17, 11, 18, 10], [19, 1, 20, 24], [21, 15, 22, 14], [23, 4, 24, 5], [1, 19, 2, 18], [3, 9, 4, 8], [5, 20, 6, 21]]"
12a_1106_110,"[[5, 20, 6, 21], [7, 12, 8, 13], [9, 3, 10, 2], [11, 17, 12, 16], [13, 23, 14, 22], [15, 6, 16, 7], [17, 11, 18, 10], [19, 1, 20, 24], [21, 15, 22, 14], [23, 4, 24, 5], [1, 19, 2, 18], [3, 9, 4, 8]]"
12a_1106_111,"[[3, 9, 4, 8], [5, 20, 6, 21], [7, 12, 8, 13], [9, 3, 10, 2], [11, 17, 12, 16], [13, 23, 14, 22], [15, 6, 16, 7], [17, 11, 18, 10], [19, 1, 20, 24], [21, 15, 22, 14], [23, 4, 24, 5], [1, 19, 2, 18]]"
12a_1106_112,"[[1, 19, 2, 18], [3, 9, 4, 8], [5, 20, 6, 21], [7, 12, 8, 13], [9, 3, 10, 2], [11, 17, 12, 16], [13, 23, 14, 22], [15, 6, 16, 7], [17, 11, 18, 10], [19, 1, 20, 24], [21, 15, 22, 14], [23, 4, 24, 5]]"
12a_1106_113,"[[23, 4, 24, 5], [1, 19, 2, 18], [3, 9, 4, 8], [5, 20, 6, 21], [7, 12, 8, 13], [9, 3, 10, 2], [11, 17, 12, 16], [13, 23, 14, 22], [15, 6, 16, 7], [17, 11, 18, 10], [19, 1, 20, 24], [21, 15, 22, 14]]"
12a_1106_114,"[[21, 15, 22, 14], [23, 4, 24, 5], [1, 19, 2, 18], [3, 9, 4, 8], [5, 20, 6, 21], [7, 12, 8, 13], [9, 3, 10, 2], [11, 17, 12, 16], [13, 23, 14, 22], [15, 6, 16, 7], [17, 11, 18, 10], [19, 1, 20, 24]]"
12a_1106_115,"[[19, 1, 20, 24], [21, 15, 22, 14], [23, 4, 24, 5], [1, 19, 2, 18], [3, 9, 4, 8], [5, 20, 6, 21], [7, 12, 8, 13], [9, 3, 10, 2], [11, 17, 12, 16], [13, 23, 14, 22], [15, 6, 16, 7], [17, 11, 18, 10]]"
12a_1106_116,"[[17, 11, 18, 10], [19, 1, 20, 24], [21, 15, 22, 14], [23, 4, 24, 5], [1, 19, 2, 18], [3, 9, 4, 8], [5, 20, 6, 21], [7, 12, 8, 13], [9, 3, 10, 2], [11, 17, 12, 16], [13, 23, 14, 22], [15, 6, 16, 7]]"
12a_1106_117,"[[15, 6, 16, 7], [17, 11, 18, 10], [19, 1, 20, 24], [21, 15, 22, 14], [23, 4, 24, 5], [1, 19, 2, 18], [3, 9, 4, 8], [5, 20, 6, 21], [7, 12, 8, 13], [9, 3, 10, 2], [11, 17, 12, 16], [13, 23, 14, 22]]"
12a_1106_118,"[[13, 23, 14, 22], [15, 6, 16, 7], [17, 11, 18, 10], [19, 1, 20, 24], [21, 15, 22, 14], [23, 4, 24, 5], [1, 19, 2, 18], [3, 9, 4, 8], [5, 20, 6, 21], [7, 12, 8, 13], [9, 3, 10, 2], [11, 17, 12, 16]]"
12a_1106_119,"[[11, 17, 12, 16], [13, 23, 14, 22], [15, 6, 16, 7], [17, 11, 18, 10], [19, 1, 20, 24], [21, 15, 22, 14], [23, 4, 24, 5], [1, 19, 2, 18], [3, 9, 4, 8], [5, 20, 6, 21], [7, 12, 8, 13], [9, 3, 10, 2]]"
12a_1106_120,"[[10, 4, 11, 3], [12, 18, 13, 17], [14, 24, 15, 23], [16, 7, 17, 8], [18, 12, 19, 11], [20, 2, 21, 1], [22, 16, 23, 15], [24, 5, 1, 6], [2, 20, 3, 19], [4, 10, 5, 9], [6, 21, 7, 22], [8, 13, 9, 14]]"
12a_1106_121,"[[8, 13, 9, 14], [10, 4, 11, 3], [12, 18, 13, 17], [14, 24, 15, 23], [16, 7, 17, 8], [18, 12, 19, 11], [20, 2, 21, 1], [22, 16, 23, 15], [24, 5, 1, 6], [2, 20, 3, 19], [4, 10, 5, 9], [6, 21, 7, 22]]"
12a_1106_122,"[[6, 21, 7, 22], [8, 13, 9, 14], [10, 4, 11, 3], [12, 18, 13, 17], [14, 24, 15, 23], [16, 7, 17, 8], [18, 12, 19, 11], [20, 2, 21, 1], [22, 16, 23, 15], [24, 5, 1, 6], [2, 20, 3, 19], [4, 10, 5, 9]]"
12a_1106_123,"[[4, 10, 5, 9], [6, 21, 7, 22], [8, 13, 9, 14], [10, 4, 11, 3], [12, 18, 13, 17], [14, 24, 15, 23], [16, 7, 17, 8], [18, 12, 19, 11], [20, 2, 21, 1], [22, 16, 23, 15], [24, 5, 1, 6], [2, 20, 3, 19]]"
12a_1106_124,"[[2, 20, 3, 19], [4, 10, 5, 9], [6, 21, 7, 22], [8, 13, 9, 14], [10, 4, 11, 3], [12, 18, 13, 17], [14, 24, 15, 23], [16, 7, 17, 8], [18, 12, 19, 11], [20, 2, 21, 1], [22, 16, 23, 15], [24, 5, 1, 6]]"
12a_1106_125,"[[24, 5, 1, 6], [2, 20, 3, 19], [4, 10, 5, 9], [6, 21, 7, 22], [8, 13, 9, 14], [10, 4, 11, 3], [12, 18, 13, 17], [14, 24, 15, 23], [16, 7, 17, 8], [18, 12, 19, 11], [20, 2, 21, 1], [22, 16, 23, 15]]"
12a_1106_126,"[[22, 16, 23, 15], [24, 5, 1, 6], [2, 20, 3, 19], [4, 10, 5, 9], [6, 21, 7, 22], [8, 13, 9, 14], [10, 4, 11, 3], [12, 18, 13, 17], [14, 24, 15, 23], [16, 7, 17, 8], [18, 12, 19, 11], [20, 2, 21, 1]]"
12a_1106_127,"[[20, 2, 21, 1], [22, 16, 23, 15], [24, 5, 1, 6], [2, 20, 3, 19], [4, 10, 5, 9], [6, 21, 7, 22], [8, 13, 9, 14], [10, 4, 11, 3], [12, 18, 13, 17], [14, 24, 15, 23], [16, 7, 17, 8], [18, 12, 19, 11]]"
12a_1106_128,"[[18, 12, 19, 11], [20, 2, 21, 1], [22, 16, 23, 15], [24, 5, 1, 6], [2, 20, 3, 19], [4, 10, 5, 9], [6, 21, 7, 22], [8, 13, 9, 14], [10, 4, 11, 3], [12, 18, 13, 17], [14, 24, 15, 23], [16, 7, 17, 8]]"
12a_1106_129,"[[16, 7, 17, 8], [18, 12, 19, 11], [20, 2, 21, 1], [22, 16, 23, 15], [24, 5, 1, 6], [2, 20, 3, 19], [4, 10, 5, 9], [6, 21, 7, 22], [8, 13, 9, 14], [10, 4, 11, 3], [12, 18, 13, 17], [14, 24, 15, 23]]"
12a_1106_130,"[[14, 24, 15, 23], [16, 7, 17, 8], [18, 12, 19, 11], [20, 2, 21, 1], [22, 16, 23, 15], [24, 5, 1, 6], [2, 20, 3, 19], [4, 10, 5, 9], [6, 21, 7, 22], [8, 13, 9, 14], [10, 4, 11, 3], [12, 18, 13, 17]]"
12a_1106_131,"[[12, 18, 13, 17], [14, 24, 15, 23], [16, 7, 17, 8], [18, 12, 19, 11], [20, 2, 21, 1], [22, 16, 23, 15], [24, 5, 1, 6], [2, 20, 3, 19], [4, 10, 5, 9], [6, 21, 7, 22], [8, 13, 9, 14], [10, 4, 11, 3]]"
12a_1106_132,"[[11, 5, 12, 4], [13, 19, 14, 18], [15, 1, 16, 24], [17, 8, 18, 9], [19, 13, 20, 12], [21, 3, 22, 2], [23, 17, 24, 16], [1, 6, 2, 7], [3, 21, 4, 20], [5, 11, 6, 10], [7, 22, 8, 23], [9, 14, 10, 15]]"
12a_1106_133,"[[9, 14, 10, 15], [11, 5, 12, 4], [13, 19, 14, 18], [15, 1, 16, 24], [17, 8, 18, 9], [19, 13, 20, 12], [21, 3, 22, 2], [23, 17, 24, 16], [1, 6, 2, 7], [3, 21, 4, 20], [5, 11, 6, 10], [7, 22, 8, 23]]"
12a_1106_134,"[[7, 22, 8, 23], [9, 14, 10, 15], [11, 5, 12, 4], [13, 19, 14, 18], [15, 1, 16, 24], [17, 8, 18, 9], [19, 13, 20, 12], [21, 3, 22, 2], [23, 17, 24, 16], [1, 6, 2, 7], [3, 21, 4, 20], [5, 11, 6, 10]]"
12a_1106_135,"[[5, 11, 6, 10], [7, 22, 8, 23], [9, 14, 10, 15], [11, 5, 12, 4], [13, 19, 14, 18], [15, 1, 16, 24], [17, 8, 18, 9], [19, 13, 20, 12], [21, 3, 22, 2], [23, 17, 24, 16], [1, 6, 2, 7], [3, 21, 4, 20]]"
12a_1106_136,"[[3, 21, 4, 20], [5, 11, 6, 10], [7, 22, 8, 23], [9, 14, 10, 15], [11, 5, 12, 4], [13, 19, 14, 18], [15, 1, 16, 24], [17, 8, 18, 9], [19, 13, 20, 12], [21, 3, 22, 2], [23, 17, 24, 16], [1, 6, 2, 7]]"
12a_1106_137,"[[1, 6, 2, 7], [3, 21, 4, 20], [5, 11, 6, 10], [7, 22, 8, 23], [9, 14, 10, 15], [11, 5, 12, 4], [13, 19, 14, 18], [15, 1, 16, 24], [17, 8, 18, 9], [19, 13, 20, 12], [21, 3, 22, 2], [23, 17, 24, 16]]"
12a_1106_138,"[[23, 17, 24, 16], [1, 6, 2, 7], [3, 21, 4, 20], [5, 11, 6, 10], [7, 22, 8, 23], [9, 14, 10, 15], [11, 5, 12, 4], [13, 19, 14, 18], [15, 1, 16, 24], [17, 8, 18, 9], [19, 13, 20, 12], [21, 3, 22, 2]]"
12a_1106_139,"[[21, 3, 22, 2], [23, 17, 24, 16], [1, 6, 2, 7], [3, 21, 4, 20], [5, 11, 6, 10], [7, 22, 8, 23], [9, 14, 10, 15], [11, 5, 12, 4], [13, 19, 14, 18], [15, 1, 16, 24], [17, 8, 18, 9], [19, 13, 20, 12]]"
12a_1106_140,"[[19, 13, 20, 12], [21, 3, 22, 2], [23, 17, 24, 16], [1, 6, 2, 7], [3, 21, 4, 20], [5, 11, 6, 10], [7, 22, 8, 23], [9, 14, 10, 15], [11, 5, 12, 4], [13, 19, 14, 18], [15, 1, 16, 24], [17, 8, 18, 9]]"
12a_1106_141,"[[17, 8, 18, 9], [19, 13, 20, 12], [21, 3, 22, 2], [23, 17, 24, 16], [1, 6, 2, 7], [3, 21, 4, 20], [5, 11, 6, 10], [7, 22, 8, 23], [9, 14, 10, 15], [11, 5, 12, 4], [13, 19, 14, 18], [15, 1, 16, 24]]"
12a_1106_142,"[[15, 1, 16, 24], [17, 8, 18, 9], [19, 13, 20, 12], [21, 3, 22, 2], [23, 17, 24, 16], [1, 6, 2, 7], [3, 21, 4, 20], [5, 11, 6, 10], [7, 22, 8, 23], [9, 14, 10, 15], [11, 5, 12, 4], [13, 19, 14, 18]]"
12a_1106_143,"[[13, 19, 14, 18], [15, 1, 16, 24], [17, 8, 18, 9], [19, 13, 20, 12], [21, 3, 22, 2], [23, 17, 24, 16], [1, 6, 2, 7], [3, 21, 4, 20], [5, 11, 6, 10], [7, 22, 8, 23], [9, 14, 10, 15], [11, 5, 12, 4]]"
12a_1106_144,"[[12, 6, 13, 5], [14, 20, 15, 19], [16, 2, 17, 1], [18, 9, 19, 10], [20, 14, 21, 13], [22, 4, 23, 3], [24, 18, 1, 17], [2, 7, 3, 8], [4, 22, 5, 21], [6, 12, 7, 11], [8, 23, 9, 24], [10, 15, 11, 16]]"
12a_1106_145,"[[10, 15, 11, 16], [12, 6, 13, 5], [14, 20, 15, 19], [16, 2, 17, 1], [18, 9, 19, 10], [20, 14, 21, 13], [22, 4, 23, 3], [24, 18, 1, 17], [2, 7, 3, 8], [4, 22, 5, 21], [6, 12, 7, 11], [8, 23, 9, 24]]"
12a_1106_146,"[[8, 23, 9, 24], [10, 15, 11, 16], [12, 6, 13, 5], [14, 20, 15, 19], [16, 2, 17, 1], [18, 9, 19, 10], [20, 14, 21, 13], [22, 4, 23, 3], [24, 18, 1, 17], [2, 7, 3, 8], [4, 22, 5, 21], [6, 12, 7, 11]]"
12a_1106_147,"[[6, 12, 7, 11], [8, 23, 9, 24], [10, 15, 11, 16], [12, 6, 13, 5], [14, 20, 15, 19], [16, 2, 17, 1], [18, 9, 19, 10], [20, 14, 21, 13], [22, 4, 23, 3], [24, 18, 1, 17], [2, 7, 3, 8], [4, 22, 5, 21]]"
12a_1106_148,"[[4, 22, 5, 21], [6, 12, 7, 11], [8, 23, 9, 24], [10, 15, 11, 16], [12, 6, 13, 5], [14, 20, 15, 19], [16, 2, 17, 1], [18, 9, 19, 10], [20, 14, 21, 13], [22, 4, 23, 3], [24, 18, 1, 17], [2, 7, 3, 8]]"
12a_1106_149,"[[2, 7, 3, 8], [4, 22, 5, 21], [6, 12, 7, 11], [8, 23, 9, 24], [10, 15, 11, 16], [12, 6, 13, 5], [14, 20, 15, 19], [16, 2, 17, 1], [18, 9, 19, 10], [20, 14, 21, 13], [22, 4, 23, 3], [24, 18, 1, 17]]"
12a_1106_150,"[[24, 18, 1, 17], [2, 7, 3, 8], [4, 22, 5, 21], [6, 12, 7, 11], [8, 23, 9, 24], [10, 15, 11, 16], [12, 6, 13, 5], [14, 20, 15, 19], [16, 2, 17, 1], [18, 9, 19, 10], [20, 14, 21, 13], [22, 4, 23, 3]]"
12a_1106_151,"[[22, 4, 23, 3], [24, 18, 1, 17], [2, 7, 3, 8], [4, 22, 5, 21], [6, 12, 7, 11], [8, 23, 9, 24], [10, 15, 11, 16], [12, 6, 13, 5], [14, 20, 15, 19], [16, 2, 17, 1], [18, 9, 19, 10], [20, 14, 21, 13]]"
12a_1106_152,"[[20, 14, 21, 13], [22, 4, 23, 3], [24, 18, 1, 17], [2, 7, 3, 8], [4, 22, 5, 21], [6, 12, 7, 11], [8, 23, 9, 24], [10, 15, 11, 16], [12, 6, 13, 5], [14, 20, 15, 19], [16, 2, 17, 1], [18, 9, 19, 10]]"
12a_1106_153,"[[18, 9, 19, 10], [20, 14, 21, 13], [22, 4, 23, 3], [24, 18, 1, 17], [2, 7, 3, 8], [4, 22, 5, 21], [6, 12, 7, 11], [8, 23, 9, 24], [10, 15, 11, 16], [12, 6, 13, 5], [14, 20, 15, 19], [16, 2, 17, 1]]"
12a_1106_154,"[[16, 2, 17, 1], [18, 9, 19, 10], [20, 14, 21, 13], [22, 4, 23, 3], [24, 18, 1, 17], [2, 7, 3, 8], [4, 22, 5, 21], [6, 12, 7, 11], [8, 23, 9, 24], [10, 15, 11, 16], [12, 6, 13, 5], [14, 20, 15, 19]]"
12a_1106_155,"[[14, 20, 15, 19], [16, 2, 17, 1], [18, 9, 19, 10], [20, 14, 21, 13], [22, 4, 23, 3], [24, 18, 1, 17], [2, 7, 3, 8], [4, 22, 5, 21], [6, 12, 7, 11], [8, 23, 9, 24], [10, 15, 11, 16], [12, 6, 13, 5]]"
12a_1106_156,"[[13, 7, 14, 6], [15, 21, 16, 20], [17, 3, 18, 2], [19, 10, 20, 11], [21, 15, 22, 14], [23, 5, 24, 4], [1, 19, 2, 18], [3, 8, 4, 9], [5, 23, 6, 22], [7, 13, 8, 12], [9, 24, 10, 1], [11, 16, 12, 17]]"
12a_1106_157,"[[11, 16, 12, 17], [13, 7, 14, 6], [15, 21, 16, 20], [17, 3, 18, 2], [19, 10, 20, 11], [21, 15, 22, 14], [23, 5, 24, 4], [1, 19, 2, 18], [3, 8, 4, 9], [5, 23, 6, 22], [7, 13, 8, 12], [9, 24, 10, 1]]"
12a_1106_158,"[[9, 24, 10, 1], [11, 16, 12, 17], [13, 7, 14, 6], [15, 21, 16, 20], [17, 3, 18, 2], [19, 10, 20, 11], [21, 15, 22, 14], [23, 5, 24, 4], [1, 19, 2, 18], [3, 8, 4, 9], [5, 23, 6, 22], [7, 13, 8, 12]]"
12a_1106_159,"[[7, 13, 8, 12], [9, 24, 10, 1], [11, 16, 12, 17], [13, 7, 14, 6], [15, 21, 16, 20], [17, 3, 18, 2], [19, 10, 20, 11], [21, 15, 22, 14], [23, 5, 24, 4], [1, 19, 2, 18], [3, 8, 4, 9], [5, 23, 6, 22]]"
12a_1106_160,"[[5, 23, 6, 22], [7, 13, 8, 12], [9, 24, 10, 1], [11, 16, 12, 17], [13, 7, 14, 6], [15, 21, 16, 20], [17, 3, 18, 2], [19, 10, 20, 11], [21, 15, 22, 14], [23, 5, 24, 4], [1, 19, 2, 18], [3, 8, 4, 9]]"
12a_1106_161,"[[3, 8, 4, 9], [5, 23, 6, 22], [7, 13, 8, 12], [9, 24, 10, 1], [11, 16, 12, 17], [13, 7, 14, 6], [15, 21, 16, 20], [17, 3, 18, 2], [19, 10, 20, 11], [21, 15, 22, 14], [23, 5, 24, 4], [1, 19, 2, 18]]"
12a_1106_162,"[[1, 19, 2, 18], [3, 8, 4, 9], [5, 23, 6, 22], [7, 13, 8, 12], [9, 24, 10, 1], [11, 16, 12, 17], [13, 7, 14, 6], [15, 21, 16, 20], [17, 3, 18, 2], [19, 10, 20, 11], [21, 15, 22, 14], [23, 5, 24, 4]]"
12a_1106_163,"[[23, 5, 24, 4], [1, 19, 2, 18], [3, 8, 4, 9], [5, 23, 6, 22], [7, 13, 8, 12], [9, 24, 10, 1], [11, 16, 12, 17], [13, 7, 14, 6], [15, 21, 16, 20], [17, 3, 18, 2], [19, 10, 20, 11], [21, 15, 22, 14]]"
12a_1106_164,"[[21, 15, 22, 14], [23, 5, 24, 4], [1, 19, 2, 18], [3, 8, 4, 9], [5, 23, 6, 22], [7, 13, 8, 12], [9, 24, 10, 1], [11, 16, 12, 17], [13, 7, 14, 6], [15, 21, 16, 20], [17, 3, 18, 2], [19, 10, 20, 11]]"
12a_1106_165,"[[19, 10, 20, 11], [21, 15, 22, 14], [23, 5, 24, 4], [1, 19, 2, 18], [3, 8, 4, 9], [5, 23, 6, 22], [7, 13, 8, 12], [9, 24, 10, 1], [11, 16, 12, 17], [13, 7, 14, 6], [15, 21, 16, 20], [17, 3, 18, 2]]"
12a_1106_166,"[[17, 3, 18, 2], [19, 10, 20, 11], [21, 15, 22, 14], [23, 5, 24, 4], [1, 19, 2, 18], [3, 8, 4, 9], [5, 23, 6, 22], [7, 13, 8, 12], [9, 24, 10, 1], [11, 16, 12, 17], [13, 7, 14, 6], [15, 21, 16, 20]]"
12a_1106_167,"[[15, 21, 16, 20], [17, 3, 18, 2], [19, 10, 20, 11], [21, 15, 22, 14], [23, 5, 24, 4], [1, 19, 2, 18], [3, 8, 4, 9], [5, 23, 6, 22], [7, 13, 8, 12], [9, 24, 10, 1], [11, 16, 12, 17], [13, 7, 14, 6]]"
12a_1106_168,"[[14, 8, 15, 7], [16, 22, 17, 21], [18, 4, 19, 3], [20, 11, 21, 12], [22, 16, 23, 15], [24, 6, 1, 5], [2, 20, 3, 19], [4, 9, 5, 10], [6, 24, 7, 23], [8, 14, 9, 13], [10, 1, 11, 2], [12, 17, 13, 18]]"
12a_1106_169,"[[12, 17, 13, 18], [14, 8, 15, 7], [16, 22, 17, 21], [18, 4, 19, 3], [20, 11, 21, 12], [22, 16, 23, 15], [24, 6, 1, 5], [2, 20, 3, 19], [4, 9, 5, 10], [6, 24, 7, 23], [8, 14, 9, 13], [10, 1, 11, 2]]"
12a_1106_170,"[[10, 1, 11, 2], [12, 17, 13, 18], [14, 8, 15, 7], [16, 22, 17, 21], [18, 4, 19, 3], [20, 11, 21, 12], [22, 16, 23, 15], [24, 6, 1, 5], [2, 20, 3, 19], [4, 9, 5, 10], [6, 24, 7, 23], [8, 14, 9, 13]]"
12a_1106_171,"[[8, 14, 9, 13], [10, 1, 11, 2], [12, 17, 13, 18], [14, 8, 15, 7], [16, 22, 17, 21], [18, 4, 19, 3], [20, 11, 21, 12], [22, 16, 23, 15], [24, 6, 1, 5], [2, 20, 3, 19], [4, 9, 5, 10], [6, 24, 7, 23]]"
12a_1106_172,"[[6, 24, 7, 23], [8, 14, 9, 13], [10, 1, 11, 2], [12, 17, 13, 18], [14, 8, 15, 7], [16, 22, 17, 21], [18, 4, 19, 3], [20, 11, 21, 12], [22, 16, 23, 15], [24, 6, 1, 5], [2, 20, 3, 19], [4, 9, 5, 10]]"
12a_1106_173,"[[4, 9, 5, 10], [6, 24, 7, 23], [8, 14, 9, 13], [10, 1, 11, 2], [12, 17, 13, 18], [14, 8, 15, 7], [16, 22, 17, 21], [18, 4, 19, 3], [20, 11, 21, 12], [22, 16, 23, 15], [24, 6, 1, 5], [2, 20, 3, 19]]"
12a_1106_174,"[[2, 20, 3, 19], [4, 9, 5, 10], [6, 24, 7, 23], [8, 14, 9, 13], [10, 1, 11, 2], [12, 17, 13, 18], [14, 8, 15, 7], [16, 22, 17, 21], [18, 4, 19, 3], [20, 11, 21, 12], [22, 16, 23, 15], [24, 6, 1, 5]]"
12a_1106_175,"[[24, 6, 1, 5], [2, 20, 3, 19], [4, 9, 5, 10], [6, 24, 7, 23], [8, 14, 9, 13], [10, 1, 11, 2], [12, 17, 13, 18], [14, 8, 15, 7], [16, 22, 17, 21], [18, 4, 19, 3], [20, 11, 21, 12], [22, 16, 23, 15]]"
12a_1106_176,"[[22, 16, 23, 15], [24, 6, 1, 5], [2, 20, 3, 19], [4, 9, 5, 10], [6, 24, 7, 23], [8, 14, 9, 13], [10, 1, 11, 2], [12, 17, 13, 18], [14, 8, 15, 7], [16, 22, 17, 21], [18, 4, 19, 3], [20, 11, 21, 12]]"
12a_1106_177,"[[20, 11, 21, 12], [22, 16, 23, 15], [24, 6, 1, 5], [2, 20, 3, 19], [4, 9, 5, 10], [6, 24, 7, 23], [8, 14, 9, 13], [10, 1, 11, 2], [12, 17, 13, 18], [14, 8, 15, 7], [16, 22, 17, 21], [18, 4, 19, 3]]"
12a_1106_178,"[[18, 4, 19, 3], [20, 11, 21, 12], [22, 16, 23, 15], [24, 6, 1, 5], [2, 20, 3, 19], [4, 9, 5, 10], [6, 24, 7, 23], [8, 14, 9, 13], [10, 1, 11, 2], [12, 17, 13, 18], [14, 8, 15, 7], [16, 22, 17, 21]]"
12a_1106_179,"[[16, 22, 17, 21], [18, 4, 19, 3], [20, 11, 21, 12], [22, 16, 23, 15], [24, 6, 1, 5], [2, 20, 3, 19], [4, 9, 5, 10], [6, 24, 7, 23], [8, 14, 9, 13], [10, 1, 11, 2], [12, 17, 13, 18], [14, 8, 15, 7]]"
12a_1106_180,"[[15, 9, 16, 8], [17, 23, 18, 22], [19, 5, 20, 4], [21, 12, 22, 13], [23, 17, 24, 16], [1, 7, 2, 6], [3, 21, 4, 20], [5, 10, 6, 11], [7, 1, 8, 24], [9, 15, 10, 14], [11, 2, 12, 3], [13, 18, 14, 19]]"
12a_1106_181,"[[13, 18, 14, 19], [15, 9, 16, 8], [17, 23, 18, 22], [19, 5, 20, 4], [21, 12, 22, 13], [23, 17, 24, 16], [1, 7, 2, 6], [3, 21, 4, 20], [5, 10, 6, 11], [7, 1, 8, 24], [9, 15, 10, 14], [11, 2, 12, 3]]"
12a_1106_182,"[[11, 2, 12, 3], [13, 18, 14, 19], [15, 9, 16, 8], [17, 23, 18, 22], [19, 5, 20, 4], [21, 12, 22, 13], [23, 17, 24, 16], [1, 7, 2, 6], [3, 21, 4, 20], [5, 10, 6, 11], [7, 1, 8, 24], [9, 15, 10, 14]]"
12a_1106_183,"[[9, 15, 10, 14], [11, 2, 12, 3], [13, 18, 14, 19], [15, 9, 16, 8], [17, 23, 18, 22], [19, 5, 20, 4], [21, 12, 22, 13], [23, 17, 24, 16], [1, 7, 2, 6], [3, 21, 4, 20], [5, 10, 6, 11], [7, 1, 8, 24]]"
12a_1106_184,"[[7, 1, 8, 24], [9, 15, 10, 14], [11, 2, 12, 3], [13, 18, 14, 19], [15, 9, 16, 8], [17, 23, 18, 22], [19, 5, 20, 4], [21, 12, 22, 13], [23, 17, 24, 16], [1, 7, 2, 6], [3, 21, 4, 20], [5, 10, 6, 11]]"
12a_1106_185,"[[5, 10, 6, 11], [7, 1, 8, 24], [9, 15, 10, 14], [11, 2, 12, 3], [13, 18, 14, 19], [15, 9, 16, 8], [17, 23, 18, 22], [19, 5, 20, 4], [21, 12, 22, 13], [23, 17, 24, 16], [1, 7, 2, 6], [3, 21, 4, 20]]"
