name,pd_notation
12a_1191_0,"[[24, 15, 1, 16], [2, 8, 3, 7], [4, 19, 5, 20], [6, 22, 7, 21], [8, 17, 9, 18], [10, 4, 11, 3], [12, 5, 13, 6], [14, 23, 15, 24], [16, 1, 17, 2], [18, 9, 19, 10], [20, 12, 21, 11], [22, 13, 23, 14]]"
12a_1191_1,"[[22, 13, 23, 14], [24, 15, 1, 16], [2, 8, 3, 7], [4, 19, 5, 20], [6, 22, 7, 21], [8, 17, 9, 18], [10, 4, 11, 3], [12, 5, 13, 6], [14, 23, 15, 24], [16, 1, 17, 2], [18, 9, 19, 10], [20, 12, 21, 11]]"
12a_1191_2,"[[20, 12, 21, 11], [22, 13, 23, 14], [24, 15, 1, 16], [2, 8, 3, 7], [4, 19, 5, 20], [6, 22, 7, 21], [8, 17, 9, 18], [10, 4, 11, 3], [12, 5, 13, 6], [14, 23, 15, 24], [16, 1, 17, 2], [18, 9, 19, 10]]"
12a_1191_3,"[[18, 9, 19, 10], [20, 12, 21, 11], [22, 13, 23, 14], [24, 15, 1, 16], [2, 8, 3, 7], [4, 19, 5, 20], [6, 22, 7, 21], [8, 17, 9, 18], [10, 4, 11, 3], [12, 5, 13, 6], [14, 23, 15, 24], [16, 1, 17, 2]]"
12a_1191_4,"[[16, 1, 17, 2], [18, 9, 19, 10], [20, 12, 21, 11], [22, 13, 23, 14], [24, 15, 1, 16], [2, 8, 3, 7], [4, 19, 5, 20], [6, 22, 7, 21], [8, 17, 9, 18], [10, 4, 11, 3], [12, 5, 13, 6], [14, 23, 15, 24]]"
12a_1191_5,"[[14, 23, 15, 24], [16, 1, 17, 2], [18, 9, 19, 10], [20, 12, 21, 11], [22, 13, 23, 14], [24, 15, 1, 16], [2, 8, 3, 7], [4, 19, 5, 20], [6, 22, 7, 21], [8, 17, 9, 18], [10, 4, 11, 3], [12, 5, 13, 6]]"
12a_1191_6,"[[12, 5, 13, 6], [14, 23, 15, 24], [16, 1, 17, 2], [18, 9, 19, 10], [20, 12, 21, 11], [22, 13, 23, 14], [24, 15, 1, 16], [2, 8, 3, 7], [4, 19, 5, 20], [6, 22, 7, 21], [8, 17, 9, 18], [10, 4, 11, 3]]"
12a_1191_7,"[[10, 4, 11, 3], [12, 5, 13, 6], [14, 23, 15, 24], [16, 1, 17, 2], [18, 9, 19, 10], [20, 12, 21, 11], [22, 13, 23, 14], [24, 15, 1, 16], [2, 8, 3, 7], [4, 19, 5, 20], [6, 22, 7, 21], [8, 17, 9, 18]]"
12a_1191_8,"[[8, 17, 9, 18], [10, 4, 11, 3], [12, 5, 13, 6], [14, 23, 15, 24], [16, 1, 17, 2], [18, 9, 19, 10], [20, 12, 21, 11], [22, 13, 23, 14], [24, 15, 1, 16], [2, 8, 3, 7], [4, 19, 5, 20], [6, 22, 7, 21]]"
12a_1191_9,"[[6, 22, 7, 21], [8, 17, 9, 18], [10, 4, 11, 3], [12, 5, 13, 6], [14, 23, 15, 24], [16, 1, 17, 2], [18, 9, 19, 10], [20, 12, 21, 11], [22, 13, 23, 14], [24, 15, 1, 16], [2, 8, 3, 7], [4, 19, 5, 20]]"
12a_1191_10,"[[4, 19, 5, 20], [6, 22, 7, 21], [8, 17, 9, 18], [10, 4, 11, 3], [12, 5, 13, 6], [14, 23, 15, 24], [16, 1, 17, 2], [18, 9, 19, 10], [20, 12, 21, 11], [22, 13, 23, 14], [24, 15, 1, 16], [2, 8, 3, 7]]"
12a_1191_11,"[[2, 8, 3, 7], [4, 19, 5, 20], [6, 22, 7, 21], [8, 17, 9, 18], [10, 4, 11, 3], [12, 5, 13, 6], [14, 23, 15, 24], [16, 1, 17, 2], [18, 9, 19, 10], [20, 12, 21, 11], [22, 13, 23, 14], [24, 15, 1, 16]]"
12a_1191_12,"[[1, 16, 2, 17], [3, 9, 4, 8], [5, 20, 6, 21], [7, 23, 8, 22], [9, 18, 10, 19], [11, 5, 12, 4], [13, 6, 14, 7], [15, 24, 16, 1], [17, 2, 18, 3], [19, 10, 20, 11], [21, 13, 22, 12], [23, 14, 24, 15]]"
12a_1191_13,"[[23, 14, 24, 15], [1, 16, 2, 17], [3, 9, 4, 8], [5, 20, 6, 21], [7, 23, 8, 22], [9, 18, 10, 19], [11, 5, 12, 4], [13, 6, 14, 7], [15, 24, 16, 1], [17, 2, 18, 3], [19, 10, 20, 11], [21, 13, 22, 12]]"
12a_1191_14,"[[21, 13, 22, 12], [23, 14, 24, 15], [1, 16, 2, 17], [3, 9, 4, 8], [5, 20, 6, 21], [7, 23, 8, 22], [9, 18, 10, 19], [11, 5, 12, 4], [13, 6, 14, 7], [15, 24, 16, 1], [17, 2, 18, 3], [19, 10, 20, 11]]"
12a_1191_15,"[[19, 10, 20, 11], [21, 13, 22, 12], [23, 14, 24, 15], [1, 16, 2, 17], [3, 9, 4, 8], [5, 20, 6, 21], [7, 23, 8, 22], [9, 18, 10, 19], [11, 5, 12, 4], [13, 6, 14, 7], [15, 24, 16, 1], [17, 2, 18, 3]]"
12a_1191_16,"[[17, 2, 18, 3], [19, 10, 20, 11], [21, 13, 22, 12], [23, 14, 24, 15], [1, 16, 2, 17], [3, 9, 4, 8], [5, 20, 6, 21], [7, 23, 8, 22], [9, 18, 10, 19], [11, 5, 12, 4], [13, 6, 14, 7], [15, 24, 16, 1]]"
12a_1191_17,"[[15, 24, 16, 1], [17, 2, 18, 3], [19, 10, 20, 11], [21, 13, 22, 12], [23, 14, 24, 15], [1, 16, 2, 17], [3, 9, 4, 8], [5, 20, 6, 21], [7, 23, 8, 22], [9, 18, 10, 19], [11, 5, 12, 4], [13, 6, 14, 7]]"
12a_1191_18,"[[13, 6, 14, 7], [15, 24, 16, 1], [17, 2, 18, 3], [19, 10, 20, 11], [21, 13, 22, 12], [23, 14, 24, 15], [1, 16, 2, 17], [3, 9, 4, 8], [5, 20, 6, 21], [7, 23, 8, 22], [9, 18, 10, 19], [11, 5, 12, 4]]"
12a_1191_19,"[[11, 5, 12, 4], [13, 6, 14, 7], [15, 24, 16, 1], [17, 2, 18, 3], [19, 10, 20, 11], [21, 13, 22, 12], [23, 14, 24, 15], [1, 16, 2, 17], [3, 9, 4, 8], [5, 20, 6, 21], [7, 23, 8, 22], [9, 18, 10, 19]]"
12a_1191_20,"[[9, 18, 10, 19], [11, 5, 12, 4], [13, 6, 14, 7], [15, 24, 16, 1], [17, 2, 18, 3], [19, 10, 20, 11], [21, 13, 22, 12], [23, 14, 24, 15], [1, 16, 2, 17], [3, 9, 4, 8], [5, 20, 6, 21], [7, 23, 8, 22]]"
12a_1191_21,"[[7, 23, 8, 22], [9, 18, 10, 19], [11, 5, 12, 4], [13, 6, 14, 7], [15, 24, 16, 1], [17, 2, 18, 3], [19, 10, 20, 11], [21, 13, 22, 12], [23, 14, 24, 15], [1, 16, 2, 17], [3, 9, 4, 8], [5, 20, 6, 21]]"
12a_1191_22,"[[5, 20, 6, 21], [7, 23, 8, 22], [9, 18, 10, 19], [11, 5, 12, 4], [13, 6, 14, 7], [15, 24, 16, 1], [17, 2, 18, 3], [19, 10, 20, 11], [21, 13, 22, 12], [23, 14, 24, 15], [1, 16, 2, 17], [3, 9, 4, 8]]"
12a_1191_23,"[[3, 9, 4, 8], [5, 20, 6, 21], [7, 23, 8, 22], [9, 18, 10, 19], [11, 5, 12, 4], [13, 6, 14, 7], [15, 24, 16, 1], [17, 2, 18, 3], [19, 10, 20, 11], [21, 13, 22, 12], [23, 14, 24, 15], [1, 16, 2, 17]]"
12a_1191_24,"[[2, 17, 3, 18], [4, 10, 5, 9], [6, 21, 7, 22], [8, 24, 9, 23], [10, 19, 11, 20], [12, 6, 13, 5], [14, 7, 15, 8], [16, 1, 17, 2], [18, 3, 19, 4], [20, 11, 21, 12], [22, 14, 23, 13], [24, 15, 1, 16]]"
12a_1191_25,"[[24, 15, 1, 16], [2, 17, 3, 18], [4, 10, 5, 9], [6, 21, 7, 22], [8, 24, 9, 23], [10, 19, 11, 20], [12, 6, 13, 5], [14, 7, 15, 8], [16, 1, 17, 2], [18, 3, 19, 4], [20, 11, 21, 12], [22, 14, 23, 13]]"
12a_1191_26,"[[22, 14, 23, 13], [24, 15, 1, 16], [2, 17, 3, 18], [4, 10, 5, 9], [6, 21, 7, 22], [8, 24, 9, 23], [10, 19, 11, 20], [12, 6, 13, 5], [14, 7, 15, 8], [16, 1, 17, 2], [18, 3, 19, 4], [20, 11, 21, 12]]"
12a_1191_27,"[[20, 11, 21, 12], [22, 14, 23, 13], [24, 15, 1, 16], [2, 17, 3, 18], [4, 10, 5, 9], [6, 21, 7, 22], [8, 24, 9, 23], [10, 19, 11, 20], [12, 6, 13, 5], [14, 7, 15, 8], [16, 1, 17, 2], [18, 3, 19, 4]]"
12a_1191_28,"[[18, 3, 19, 4], [20, 11, 21, 12], [22, 14, 23, 13], [24, 15, 1, 16], [2, 17, 3, 18], [4, 10, 5, 9], [6, 21, 7, 22], [8, 24, 9, 23], [10, 19, 11, 20], [12, 6, 13, 5], [14, 7, 15, 8], [16, 1, 17, 2]]"
12a_1191_29,"[[16, 1, 17, 2], [18, 3, 19, 4], [20, 11, 21, 12], [22, 14, 23, 13], [24, 15, 1, 16], [2, 17, 3, 18], [4, 10, 5, 9], [6, 21, 7, 22], [8, 24, 9, 23], [10, 19, 11, 20], [12, 6, 13, 5], [14, 7, 15, 8]]"
12a_1191_30,"[[14, 7, 15, 8], [16, 1, 17, 2], [18, 3, 19, 4], [20, 11, 21, 12], [22, 14, 23, 13], [24, 15, 1, 16], [2, 17, 3, 18], [4, 10, 5, 9], [6, 21, 7, 22], [8, 24, 9, 23], [10, 19, 11, 20], [12, 6, 13, 5]]"
12a_1191_31,"[[12, 6, 13, 5], [14, 7, 15, 8], [16, 1, 17, 2], [18, 3, 19, 4], [20, 11, 21, 12], [22, 14, 23, 13], [24, 15, 1, 16], [2, 17, 3, 18], [4, 10, 5, 9], [6, 21, 7, 22], [8, 24, 9, 23], [10, 19, 11, 20]]"
12a_1191_32,"[[10, 19, 11, 20], [12, 6, 13, 5], [14, 7, 15, 8], [16, 1, 17, 2], [18, 3, 19, 4], [20, 11, 21, 12], [22, 14, 23, 13], [24, 15, 1, 16], [2, 17, 3, 18], [4, 10, 5, 9], [6, 21, 7, 22], [8, 24, 9, 23]]"
12a_1191_33,"[[8, 24, 9, 23], [10, 19, 11, 20], [12, 6, 13, 5], [14, 7, 15, 8], [16, 1, 17, 2], [18, 3, 19, 4], [20, 11, 21, 12], [22, 14, 23, 13], [24, 15, 1, 16], [2, 17, 3, 18], [4, 10, 5, 9], [6, 21, 7, 22]]"
12a_1191_34,"[[6, 21, 7, 22], [8, 24, 9, 23], [10, 19, 11, 20], [12, 6, 13, 5], [14, 7, 15, 8], [16, 1, 17, 2], [18, 3, 19, 4], [20, 11, 21, 12], [22, 14, 23, 13], [24, 15, 1, 16], [2, 17, 3, 18], [4, 10, 5, 9]]"
12a_1191_35,"[[4, 10, 5, 9], [6, 21, 7, 22], [8, 24, 9, 23], [10, 19, 11, 20], [12, 6, 13, 5], [14, 7, 15, 8], [16, 1, 17, 2], [18, 3, 19, 4], [20, 11, 21, 12], [22, 14, 23, 13], [24, 15, 1, 16], [2, 17, 3, 18]]"
12a_1191_36,"[[3, 18, 4, 19], [5, 11, 6, 10], [7, 22, 8, 23], [9, 1, 10, 24], [11, 20, 12, 21], [13, 7, 14, 6], [15, 8, 16, 9], [17, 2, 18, 3], [19, 4, 20, 5], [21, 12, 22, 13], [23, 15, 24, 14], [1, 16, 2, 17]]"
12a_1191_37,"[[1, 16, 2, 17], [3, 18, 4, 19], [5, 11, 6, 10], [7, 22, 8, 23], [9, 1, 10, 24], [11, 20, 12, 21], [13, 7, 14, 6], [15, 8, 16, 9], [17, 2, 18, 3], [19, 4, 20, 5], [21, 12, 22, 13], [23, 15, 24, 14]]"
12a_1191_38,"[[23, 15, 24, 14], [1, 16, 2, 17], [3, 18, 4, 19], [5, 11, 6, 10], [7, 22, 8, 23], [9, 1, 10, 24], [11, 20, 12, 21], [13, 7, 14, 6], [15, 8, 16, 9], [17, 2, 18, 3], [19, 4, 20, 5], [21, 12, 22, 13]]"
12a_1191_39,"[[21, 12, 22, 13], [23, 15, 24, 14], [1, 16, 2, 17], [3, 18, 4, 19], [5, 11, 6, 10], [7, 22, 8, 23], [9, 1, 10, 24], [11, 20, 12, 21], [13, 7, 14, 6], [15, 8, 16, 9], [17, 2, 18, 3], [19, 4, 20, 5]]"
12a_1191_40,"[[19, 4, 20, 5], [21, 12, 22, 13], [23, 15, 24, 14], [1, 16, 2, 17], [3, 18, 4, 19], [5, 11, 6, 10], [7, 22, 8, 23], [9, 1, 10, 24], [11, 20, 12, 21], [13, 7, 14, 6], [15, 8, 16, 9], [17, 2, 18, 3]]"
12a_1191_41,"[[17, 2, 18, 3], [19, 4, 20, 5], [21, 12, 22, 13], [23, 15, 24, 14], [1, 16, 2, 17], [3, 18, 4, 19], [5, 11, 6, 10], [7, 22, 8, 23], [9, 1, 10, 24], [11, 20, 12, 21], [13, 7, 14, 6], [15, 8, 16, 9]]"
12a_1191_42,"[[15, 8, 16, 9], [17, 2, 18, 3], [19, 4, 20, 5], [21, 12, 22, 13], [23, 15, 24, 14], [1, 16, 2, 17], [3, 18, 4, 19], [5, 11, 6, 10], [7, 22, 8, 23], [9, 1, 10, 24], [11, 20, 12, 21], [13, 7, 14, 6]]"
12a_1191_43,"[[13, 7, 14, 6], [15, 8, 16, 9], [17, 2, 18, 3], [19, 4, 20, 5], [21, 12, 22, 13], [23, 15, 24, 14], [1, 16, 2, 17], [3, 18, 4, 19], [5, 11, 6, 10], [7, 22, 8, 23], [9, 1, 10, 24], [11, 20, 12, 21]]"
12a_1191_44,"[[11, 20, 12, 21], [13, 7, 14, 6], [15, 8, 16, 9], [17, 2, 18, 3], [19, 4, 20, 5], [21, 12, 22, 13], [23, 15, 24, 14], [1, 16, 2, 17], [3, 18, 4, 19], [5, 11, 6, 10], [7, 22, 8, 23], [9, 1, 10, 24]]"
12a_1191_45,"[[9, 1, 10, 24], [11, 20, 12, 21], [13, 7, 14, 6], [15, 8, 16, 9], [17, 2, 18, 3], [19, 4, 20, 5], [21, 12, 22, 13], [23, 15, 24, 14], [1, 16, 2, 17], [3, 18, 4, 19], [5, 11, 6, 10], [7, 22, 8, 23]]"
12a_1191_46,"[[7, 22, 8, 23], [9, 1, 10, 24], [11, 20, 12, 21], [13, 7, 14, 6], [15, 8, 16, 9], [17, 2, 18, 3], [19, 4, 20, 5], [21, 12, 22, 13], [23, 15, 24, 14], [1, 16, 2, 17], [3, 18, 4, 19], [5, 11, 6, 10]]"
12a_1191_47,"[[5, 11, 6, 10], [7, 22, 8, 23], [9, 1, 10, 24], [11, 20, 12, 21], [13, 7, 14, 6], [15, 8, 16, 9], [17, 2, 18, 3], [19, 4, 20, 5], [21, 12, 22, 13], [23, 15, 24, 14], [1, 16, 2, 17], [3, 18, 4, 19]]"
12a_1191_48,"[[4, 19, 5, 20], [6, 12, 7, 11], [8, 23, 9, 24], [10, 2, 11, 1], [12, 21, 13, 22], [14, 8, 15, 7], [16, 9, 17, 10], [18, 3, 19, 4], [20, 5, 21, 6], [22, 13, 23, 14], [24, 16, 1, 15], [2, 17, 3, 18]]"
12a_1191_49,"[[2, 17, 3, 18], [4, 19, 5, 20], [6, 12, 7, 11], [8, 23, 9, 24], [10, 2, 11, 1], [12, 21, 13, 22], [14, 8, 15, 7], [16, 9, 17, 10], [18, 3, 19, 4], [20, 5, 21, 6], [22, 13, 23, 14], [24, 16, 1, 15]]"
12a_1191_50,"[[24, 16, 1, 15], [2, 17, 3, 18], [4, 19, 5, 20], [6, 12, 7, 11], [8, 23, 9, 24], [10, 2, 11, 1], [12, 21, 13, 22], [14, 8, 15, 7], [16, 9, 17, 10], [18, 3, 19, 4], [20, 5, 21, 6], [22, 13, 23, 14]]"
12a_1191_51,"[[22, 13, 23, 14], [24, 16, 1, 15], [2, 17, 3, 18], [4, 19, 5, 20], [6, 12, 7, 11], [8, 23, 9, 24], [10, 2, 11, 1], [12, 21, 13, 22], [14, 8, 15, 7], [16, 9, 17, 10], [18, 3, 19, 4], [20, 5, 21, 6]]"
12a_1191_52,"[[20, 5, 21, 6], [22, 13, 23, 14], [24, 16, 1, 15], [2, 17, 3, 18], [4, 19, 5, 20], [6, 12, 7, 11], [8, 23, 9, 24], [10, 2, 11, 1], [12, 21, 13, 22], [14, 8, 15, 7], [16, 9, 17, 10], [18, 3, 19, 4]]"
12a_1191_53,"[[18, 3, 19, 4], [20, 5, 21, 6], [22, 13, 23, 14], [24, 16, 1, 15], [2, 17, 3, 18], [4, 19, 5, 20], [6, 12, 7, 11], [8, 23, 9, 24], [10, 2, 11, 1], [12, 21, 13, 22], [14, 8, 15, 7], [16, 9, 17, 10]]"
12a_1191_54,"[[16, 9, 17, 10], [18, 3, 19, 4], [20, 5, 21, 6], [22, 13, 23, 14], [24, 16, 1, 15], [2, 17, 3, 18], [4, 19, 5, 20], [6, 12, 7, 11], [8, 23, 9, 24], [10, 2, 11, 1], [12, 21, 13, 22], [14, 8, 15, 7]]"
12a_1191_55,"[[14, 8, 15, 7], [16, 9, 17, 10], [18, 3, 19, 4], [20, 5, 21, 6], [22, 13, 23, 14], [24, 16, 1, 15], [2, 17, 3, 18], [4, 19, 5, 20], [6, 12, 7, 11], [8, 23, 9, 24], [10, 2, 11, 1], [12, 21, 13, 22]]"
12a_1191_56,"[[12, 21, 13, 22], [14, 8, 15, 7], [16, 9, 17, 10], [18, 3, 19, 4], [20, 5, 21, 6], [22, 13, 23, 14], [24, 16, 1, 15], [2, 17, 3, 18], [4, 19, 5, 20], [6, 12, 7, 11], [8, 23, 9, 24], [10, 2, 11, 1]]"
12a_1191_57,"[[10, 2, 11, 1], [12, 21, 13, 22], [14, 8, 15, 7], [16, 9, 17, 10], [18, 3, 19, 4], [20, 5, 21, 6], [22, 13, 23, 14], [24, 16, 1, 15], [2, 17, 3, 18], [4, 19, 5, 20], [6, 12, 7, 11], [8, 23, 9, 24]]"
12a_1191_58,"[[8, 23, 9, 24], [10, 2, 11, 1], [12, 21, 13, 22], [14, 8, 15, 7], [16, 9, 17, 10], [18, 3, 19, 4], [20, 5, 21, 6], [22, 13, 23, 14], [24, 16, 1, 15], [2, 17, 3, 18], [4, 19, 5, 20], [6, 12, 7, 11]]"
12a_1191_59,"[[6, 12, 7, 11], [8, 23, 9, 24], [10, 2, 11, 1], [12, 21, 13, 22], [14, 8, 15, 7], [16, 9, 17, 10], [18, 3, 19, 4], [20, 5, 21, 6], [22, 13, 23, 14], [24, 16, 1, 15], [2, 17, 3, 18], [4, 19, 5, 20]]"
12a_1191_60,"[[5, 20, 6, 21], [7, 13, 8, 12], [9, 24, 10, 1], [11, 3, 12, 2], [13, 22, 14, 23], [15, 9, 16, 8], [17, 10, 18, 11], [19, 4, 20, 5], [21, 6, 22, 7], [23, 14, 24, 15], [1, 17, 2, 16], [3, 18, 4, 19]]"
12a_1191_61,"[[3, 18, 4, 19], [5, 20, 6, 21], [7, 13, 8, 12], [9, 24, 10, 1], [11, 3, 12, 2], [13, 22, 14, 23], [15, 9, 16, 8], [17, 10, 18, 11], [19, 4, 20, 5], [21, 6, 22, 7], [23, 14, 24, 15], [1, 17, 2, 16]]"
12a_1191_62,"[[1, 17, 2, 16], [3, 18, 4, 19], [5, 20, 6, 21], [7, 13, 8, 12], [9, 24, 10, 1], [11, 3, 12, 2], [13, 22, 14, 23], [15, 9, 16, 8], [17, 10, 18, 11], [19, 4, 20, 5], [21, 6, 22, 7], [23, 14, 24, 15]]"
12a_1191_63,"[[23, 14, 24, 15], [1, 17, 2, 16], [3, 18, 4, 19], [5, 20, 6, 21], [7, 13, 8, 12], [9, 24, 10, 1], [11, 3, 12, 2], [13, 22, 14, 23], [15, 9, 16, 8], [17, 10, 18, 11], [19, 4, 20, 5], [21, 6, 22, 7]]"
12a_1191_64,"[[21, 6, 22, 7], [23, 14, 24, 15], [1, 17, 2, 16], [3, 18, 4, 19], [5, 20, 6, 21], [7, 13, 8, 12], [9, 24, 10, 1], [11, 3, 12, 2], [13, 22, 14, 23], [15, 9, 16, 8], [17, 10, 18, 11], [19, 4, 20, 5]]"
12a_1191_65,"[[19, 4, 20, 5], [21, 6, 22, 7], [23, 14, 24, 15], [1, 17, 2, 16], [3, 18, 4, 19], [5, 20, 6, 21], [7, 13, 8, 12], [9, 24, 10, 1], [11, 3, 12, 2], [13, 22, 14, 23], [15, 9, 16, 8], [17, 10, 18, 11]]"
12a_1191_66,"[[17, 10, 18, 11], [19, 4, 20, 5], [21, 6, 22, 7], [23, 14, 24, 15], [1, 17, 2, 16], [3, 18, 4, 19], [5, 20, 6, 21], [7, 13, 8, 12], [9, 24, 10, 1], [11, 3, 12, 2], [13, 22, 14, 23], [15, 9, 16, 8]]"
12a_1191_67,"[[15, 9, 16, 8], [17, 10, 18, 11], [19, 4, 20, 5], [21, 6, 22, 7], [23, 14, 24, 15], [1, 17, 2, 16], [3, 18, 4, 19], [5, 20, 6, 21], [7, 13, 8, 12], [9, 24, 10, 1], [11, 3, 12, 2], [13, 22, 14, 23]]"
12a_1191_68,"[[13, 22, 14, 23], [15, 9, 16, 8], [17, 10, 18, 11], [19, 4, 20, 5], [21, 6, 22, 7], [23, 14, 24, 15], [1, 17, 2, 16], [3, 18, 4, 19], [5, 20, 6, 21], [7, 13, 8, 12], [9, 24, 10, 1], [11, 3, 12, 2]]"
12a_1191_69,"[[11, 3, 12, 2], [13, 22, 14, 23], [15, 9, 16, 8], [17, 10, 18, 11], [19, 4, 20, 5], [21, 6, 22, 7], [23, 14, 24, 15], [1, 17, 2, 16], [3, 18, 4, 19], [5, 20, 6, 21], [7, 13, 8, 12], [9, 24, 10, 1]]"
12a_1191_70,"[[9, 24, 10, 1], [11, 3, 12, 2], [13, 22, 14, 23], [15, 9, 16, 8], [17, 10, 18, 11], [19, 4, 20, 5], [21, 6, 22, 7], [23, 14, 24, 15], [1, 17, 2, 16], [3, 18, 4, 19], [5, 20, 6, 21], [7, 13, 8, 12]]"
12a_1191_71,"[[7, 13, 8, 12], [9, 24, 10, 1], [11, 3, 12, 2], [13, 22, 14, 23], [15, 9, 16, 8], [17, 10, 18, 11], [19, 4, 20, 5], [21, 6, 22, 7], [23, 14, 24, 15], [1, 17, 2, 16], [3, 18, 4, 19], [5, 20, 6, 21]]"
12a_1191_72,"[[6, 21, 7, 22], [8, 14, 9, 13], [10, 1, 11, 2], [12, 4, 13, 3], [14, 23, 15, 24], [16, 10, 17, 9], [18, 11, 19, 12], [20, 5, 21, 6], [22, 7, 23, 8], [24, 15, 1, 16], [2, 18, 3, 17], [4, 19, 5, 20]]"
12a_1191_73,"[[4, 19, 5, 20], [6, 21, 7, 22], [8, 14, 9, 13], [10, 1, 11, 2], [12, 4, 13, 3], [14, 23, 15, 24], [16, 10, 17, 9], [18, 11, 19, 12], [20, 5, 21, 6], [22, 7, 23, 8], [24, 15, 1, 16], [2, 18, 3, 17]]"
12a_1191_74,"[[2, 18, 3, 17], [4, 19, 5, 20], [6, 21, 7, 22], [8, 14, 9, 13], [10, 1, 11, 2], [12, 4, 13, 3], [14, 23, 15, 24], [16, 10, 17, 9], [18, 11, 19, 12], [20, 5, 21, 6], [22, 7, 23, 8], [24, 15, 1, 16]]"
12a_1191_75,"[[24, 15, 1, 16], [2, 18, 3, 17], [4, 19, 5, 20], [6, 21, 7, 22], [8, 14, 9, 13], [10, 1, 11, 2], [12, 4, 13, 3], [14, 23, 15, 24], [16, 10, 17, 9], [18, 11, 19, 12], [20, 5, 21, 6], [22, 7, 23, 8]]"
12a_1191_76,"[[22, 7, 23, 8], [24, 15, 1, 16], [2, 18, 3, 17], [4, 19, 5, 20], [6, 21, 7, 22], [8, 14, 9, 13], [10, 1, 11, 2], [12, 4, 13, 3], [14, 23, 15, 24], [16, 10, 17, 9], [18, 11, 19, 12], [20, 5, 21, 6]]"
12a_1191_77,"[[20, 5, 21, 6], [22, 7, 23, 8], [24, 15, 1, 16], [2, 18, 3, 17], [4, 19, 5, 20], [6, 21, 7, 22], [8, 14, 9, 13], [10, 1, 11, 2], [12, 4, 13, 3], [14, 23, 15, 24], [16, 10, 17, 9], [18, 11, 19, 12]]"
12a_1191_78,"[[18, 11, 19, 12], [20, 5, 21, 6], [22, 7, 23, 8], [24, 15, 1, 16], [2, 18, 3, 17], [4, 19, 5, 20], [6, 21, 7, 22], [8, 14, 9, 13], [10, 1, 11, 2], [12, 4, 13, 3], [14, 23, 15, 24], [16, 10, 17, 9]]"
12a_1191_79,"[[16, 10, 17, 9], [18, 11, 19, 12], [20, 5, 21, 6], [22, 7, 23, 8], [24, 15, 1, 16], [2, 18, 3, 17], [4, 19, 5, 20], [6, 21, 7, 22], [8, 14, 9, 13], [10, 1, 11, 2], [12, 4, 13, 3], [14, 23, 15, 24]]"
12a_1191_80,"[[14, 23, 15, 24], [16, 10, 17, 9], [18, 11, 19, 12], [20, 5, 21, 6], [22, 7, 23, 8], [24, 15, 1, 16], [2, 18, 3, 17], [4, 19, 5, 20], [6, 21, 7, 22], [8, 14, 9, 13], [10, 1, 11, 2], [12, 4, 13, 3]]"
12a_1191_81,"[[12, 4, 13, 3], [14, 23, 15, 24], [16, 10, 17, 9], [18, 11, 19, 12], [20, 5, 21, 6], [22, 7, 23, 8], [24, 15, 1, 16], [2, 18, 3, 17], [4, 19, 5, 20], [6, 21, 7, 22], [8, 14, 9, 13], [10, 1, 11, 2]]"
12a_1191_82,"[[10, 1, 11, 2], [12, 4, 13, 3], [14, 23, 15, 24], [16, 10, 17, 9], [18, 11, 19, 12], [20, 5, 21, 6], [22, 7, 23, 8], [24, 15, 1, 16], [2, 18, 3, 17], [4, 19, 5, 20], [6, 21, 7, 22], [8, 14, 9, 13]]"
12a_1191_83,"[[8, 14, 9, 13], [10, 1, 11, 2], [12, 4, 13, 3], [14, 23, 15, 24], [16, 10, 17, 9], [18, 11, 19, 12], [20, 5, 21, 6], [22, 7, 23, 8], [24, 15, 1, 16], [2, 18, 3, 17], [4, 19, 5, 20], [6, 21, 7, 22]]"
12a_1191_84,"[[7, 22, 8, 23], [9, 15, 10, 14], [11, 2, 12, 3], [13, 5, 14, 4], [15, 24, 16, 1], [17, 11, 18, 10], [19, 12, 20, 13], [21, 6, 22, 7], [23, 8, 24, 9], [1, 16, 2, 17], [3, 19, 4, 18], [5, 20, 6, 21]]"
12a_1191_85,"[[5, 20, 6, 21], [7, 22, 8, 23], [9, 15, 10, 14], [11, 2, 12, 3], [13, 5, 14, 4], [15, 24, 16, 1], [17, 11, 18, 10], [19, 12, 20, 13], [21, 6, 22, 7], [23, 8, 24, 9], [1, 16, 2, 17], [3, 19, 4, 18]]"
12a_1191_86,"[[3, 19, 4, 18], [5, 20, 6, 21], [7, 22, 8, 23], [9, 15, 10, 14], [11, 2, 12, 3], [13, 5, 14, 4], [15, 24, 16, 1], [17, 11, 18, 10], [19, 12, 20, 13], [21, 6, 22, 7], [23, 8, 24, 9], [1, 16, 2, 17]]"
12a_1191_87,"[[1, 16, 2, 17], [3, 19, 4, 18], [5, 20, 6, 21], [7, 22, 8, 23], [9, 15, 10, 14], [11, 2, 12, 3], [13, 5, 14, 4], [15, 24, 16, 1], [17, 11, 18, 10], [19, 12, 20, 13], [21, 6, 22, 7], [23, 8, 24, 9]]"
12a_1191_88,"[[23, 8, 24, 9], [1, 16, 2, 17], [3, 19, 4, 18], [5, 20, 6, 21], [7, 22, 8, 23], [9, 15, 10, 14], [11, 2, 12, 3], [13, 5, 14, 4], [15, 24, 16, 1], [17, 11, 18, 10], [19, 12, 20, 13], [21, 6, 22, 7]]"
12a_1191_89,"[[21, 6, 22, 7], [23, 8, 24, 9], [1, 16, 2, 17], [3, 19, 4, 18], [5, 20, 6, 21], [7, 22, 8, 23], [9, 15, 10, 14], [11, 2, 12, 3], [13, 5, 14, 4], [15, 24, 16, 1], [17, 11, 18, 10], [19, 12, 20, 13]]"
12a_1191_90,"[[19, 12, 20, 13], [21, 6, 22, 7], [23, 8, 24, 9], [1, 16, 2, 17], [3, 19, 4, 18], [5, 20, 6, 21], [7, 22, 8, 23], [9, 15, 10, 14], [11, 2, 12, 3], [13, 5, 14, 4], [15, 24, 16, 1], [17, 11, 18, 10]]"
12a_1191_91,"[[17, 11, 18, 10], [19, 12, 20, 13], [21, 6, 22, 7], [23, 8, 24, 9], [1, 16, 2, 17], [3, 19, 4, 18], [5, 20, 6, 21], [7, 22, 8, 23], [9, 15, 10, 14], [11, 2, 12, 3], [13, 5, 14, 4], [15, 24, 16, 1]]"
12a_1191_92,"[[15, 24, 16, 1], [17, 11, 18, 10], [19, 12, 20, 13], [21, 6, 22, 7], [23, 8, 24, 9], [1, 16, 2, 17], [3, 19, 4, 18], [5, 20, 6, 21], [7, 22, 8, 23], [9, 15, 10, 14], [11, 2, 12, 3], [13, 5, 14, 4]]"
12a_1191_93,"[[13, 5, 14, 4], [15, 24, 16, 1], [17, 11, 18, 10], [19, 12, 20, 13], [21, 6, 22, 7], [23, 8, 24, 9], [1, 16, 2, 17], [3, 19, 4, 18], [5, 20, 6, 21], [7, 22, 8, 23], [9, 15, 10, 14], [11, 2, 12, 3]]"
12a_1191_94,"[[11, 2, 12, 3], [13, 5, 14, 4], [15, 24, 16, 1], [17, 11, 18, 10], [19, 12, 20, 13], [21, 6, 22, 7], [23, 8, 24, 9], [1, 16, 2, 17], [3, 19, 4, 18], [5, 20, 6, 21], [7, 22, 8, 23], [9, 15, 10, 14]]"
12a_1191_95,"[[9, 15, 10, 14], [11, 2, 12, 3], [13, 5, 14, 4], [15, 24, 16, 1], [17, 11, 18, 10], [19, 12, 20, 13], [21, 6, 22, 7], [23, 8, 24, 9], [1, 16, 2, 17], [3, 19, 4, 18], [5, 20, 6, 21], [7, 22, 8, 23]]"
12a_1191_96,"[[8, 23, 9, 24], [10, 16, 11, 15], [12, 3, 13, 4], [14, 6, 15, 5], [16, 1, 17, 2], [18, 12, 19, 11], [20, 13, 21, 14], [22, 7, 23, 8], [24, 9, 1, 10], [2, 17, 3, 18], [4, 20, 5, 19], [6, 21, 7, 22]]"
12a_1191_97,"[[6, 21, 7, 22], [8, 23, 9, 24], [10, 16, 11, 15], [12, 3, 13, 4], [14, 6, 15, 5], [16, 1, 17, 2], [18, 12, 19, 11], [20, 13, 21, 14], [22, 7, 23, 8], [24, 9, 1, 10], [2, 17, 3, 18], [4, 20, 5, 19]]"
12a_1191_98,"[[4, 20, 5, 19], [6, 21, 7, 22], [8, 23, 9, 24], [10, 16, 11, 15], [12, 3, 13, 4], [14, 6, 15, 5], [16, 1, 17, 2], [18, 12, 19, 11], [20, 13, 21, 14], [22, 7, 23, 8], [24, 9, 1, 10], [2, 17, 3, 18]]"
12a_1191_99,"[[2, 17, 3, 18], [4, 20, 5, 19], [6, 21, 7, 22], [8, 23, 9, 24], [10, 16, 11, 15], [12, 3, 13, 4], [14, 6, 15, 5], [16, 1, 17, 2], [18, 12, 19, 11], [20, 13, 21, 14], [22, 7, 23, 8], [24, 9, 1, 10]]"
12a_1191_100,"[[24, 9, 1, 10], [2, 17, 3, 18], [4, 20, 5, 19], [6, 21, 7, 22], [8, 23, 9, 24], [10, 16, 11, 15], [12, 3, 13, 4], [14, 6, 15, 5], [16, 1, 17, 2], [18, 12, 19, 11], [20, 13, 21, 14], [22, 7, 23, 8]]"
12a_1191_101,"[[22, 7, 23, 8], [24, 9, 1, 10], [2, 17, 3, 18], [4, 20, 5, 19], [6, 21, 7, 22], [8, 23, 9, 24], [10, 16, 11, 15], [12, 3, 13, 4], [14, 6, 15, 5], [16, 1, 17, 2], [18, 12, 19, 11], [20, 13, 21, 14]]"
12a_1191_102,"[[20, 13, 21, 14], [22, 7, 23, 8], [24, 9, 1, 10], [2, 17, 3, 18], [4, 20, 5, 19], [6, 21, 7, 22], [8, 23, 9, 24], [10, 16, 11, 15], [12, 3, 13, 4], [14, 6, 15, 5], [16, 1, 17, 2], [18, 12, 19, 11]]"
12a_1191_103,"[[18, 12, 19, 11], [20, 13, 21, 14], [22, 7, 23, 8], [24, 9, 1, 10], [2, 17, 3, 18], [4, 20, 5, 19], [6, 21, 7, 22], [8, 23, 9, 24], [10, 16, 11, 15], [12, 3, 13, 4], [14, 6, 15, 5], [16, 1, 17, 2]]"
12a_1191_104,"[[16, 1, 17, 2], [18, 12, 19, 11], [20, 13, 21, 14], [22, 7, 23, 8], [24, 9, 1, 10], [2, 17, 3, 18], [4, 20, 5, 19], [6, 21, 7, 22], [8, 23, 9, 24], [10, 16, 11, 15], [12, 3, 13, 4], [14, 6, 15, 5]]"
12a_1191_105,"[[14, 6, 15, 5], [16, 1, 17, 2], [18, 12, 19, 11], [20, 13, 21, 14], [22, 7, 23, 8], [24, 9, 1, 10], [2, 17, 3, 18], [4, 20, 5, 19], [6, 21, 7, 22], [8, 23, 9, 24], [10, 16, 11, 15], [12, 3, 13, 4]]"
12a_1191_106,"[[12, 3, 13, 4], [14, 6, 15, 5], [16, 1, 17, 2], [18, 12, 19, 11], [20, 13, 21, 14], [22, 7, 23, 8], [24, 9, 1, 10], [2, 17, 3, 18], [4, 20, 5, 19], [6, 21, 7, 22], [8, 23, 9, 24], [10, 16, 11, 15]]"
12a_1191_107,"[[10, 16, 11, 15], [12, 3, 13, 4], [14, 6, 15, 5], [16, 1, 17, 2], [18, 12, 19, 11], [20, 13, 21, 14], [22, 7, 23, 8], [24, 9, 1, 10], [2, 17, 3, 18], [4, 20, 5, 19], [6, 21, 7, 22], [8, 23, 9, 24]]"
12a_1191_108,"[[9, 24, 10, 1], [11, 17, 12, 16], [13, 4, 14, 5], [15, 7, 16, 6], [17, 2, 18, 3], [19, 13, 20, 12], [21, 14, 22, 15], [23, 8, 24, 9], [1, 10, 2, 11], [3, 18, 4, 19], [5, 21, 6, 20], [7, 22, 8, 23]]"
12a_1191_109,"[[7, 22, 8, 23], [9, 24, 10, 1], [11, 17, 12, 16], [13, 4, 14, 5], [15, 7, 16, 6], [17, 2, 18, 3], [19, 13, 20, 12], [21, 14, 22, 15], [23, 8, 24, 9], [1, 10, 2, 11], [3, 18, 4, 19], [5, 21, 6, 20]]"
12a_1191_110,"[[5, 21, 6, 20], [7, 22, 8, 23], [9, 24, 10, 1], [11, 17, 12, 16], [13, 4, 14, 5], [15, 7, 16, 6], [17, 2, 18, 3], [19, 13, 20, 12], [21, 14, 22, 15], [23, 8, 24, 9], [1, 10, 2, 11], [3, 18, 4, 19]]"
12a_1191_111,"[[3, 18, 4, 19], [5, 21, 6, 20], [7, 22, 8, 23], [9, 24, 10, 1], [11, 17, 12, 16], [13, 4, 14, 5], [15, 7, 16, 6], [17, 2, 18, 3], [19, 13, 20, 12], [21, 14, 22, 15], [23, 8, 24, 9], [1, 10, 2, 11]]"
12a_1191_112,"[[1, 10, 2, 11], [3, 18, 4, 19], [5, 21, 6, 20], [7, 22, 8, 23], [9, 24, 10, 1], [11, 17, 12, 16], [13, 4, 14, 5], [15, 7, 16, 6], [17, 2, 18, 3], [19, 13, 20, 12], [21, 14, 22, 15], [23, 8, 24, 9]]"
12a_1191_113,"[[23, 8, 24, 9], [1, 10, 2, 11], [3, 18, 4, 19], [5, 21, 6, 20], [7, 22, 8, 23], [9, 24, 10, 1], [11, 17, 12, 16], [13, 4, 14, 5], [15, 7, 16, 6], [17, 2, 18, 3], [19, 13, 20, 12], [21, 14, 22, 15]]"
12a_1191_114,"[[21, 14, 22, 15], [23, 8, 24, 9], [1, 10, 2, 11], [3, 18, 4, 19], [5, 21, 6, 20], [7, 22, 8, 23], [9, 24, 10, 1], [11, 17, 12, 16], [13, 4, 14, 5], [15, 7, 16, 6], [17, 2, 18, 3], [19, 13, 20, 12]]"
12a_1191_115,"[[19, 13, 20, 12], [21, 14, 22, 15], [23, 8, 24, 9], [1, 10, 2, 11], [3, 18, 4, 19], [5, 21, 6, 20], [7, 22, 8, 23], [9, 24, 10, 1], [11, 17, 12, 16], [13, 4, 14, 5], [15, 7, 16, 6], [17, 2, 18, 3]]"
12a_1191_116,"[[17, 2, 18, 3], [19, 13, 20, 12], [21, 14, 22, 15], [23, 8, 24, 9], [1, 10, 2, 11], [3, 18, 4, 19], [5, 21, 6, 20], [7, 22, 8, 23], [9, 24, 10, 1], [11, 17, 12, 16], [13, 4, 14, 5], [15, 7, 16, 6]]"
12a_1191_117,"[[15, 7, 16, 6], [17, 2, 18, 3], [19, 13, 20, 12], [21, 14, 22, 15], [23, 8, 24, 9], [1, 10, 2, 11], [3, 18, 4, 19], [5, 21, 6, 20], [7, 22, 8, 23], [9, 24, 10, 1], [11, 17, 12, 16], [13, 4, 14, 5]]"
12a_1191_118,"[[13, 4, 14, 5], [15, 7, 16, 6], [17, 2, 18, 3], [19, 13, 20, 12], [21, 14, 22, 15], [23, 8, 24, 9], [1, 10, 2, 11], [3, 18, 4, 19], [5, 21, 6, 20], [7, 22, 8, 23], [9, 24, 10, 1], [11, 17, 12, 16]]"
12a_1191_119,"[[11, 17, 12, 16], [13, 4, 14, 5], [15, 7, 16, 6], [17, 2, 18, 3], [19, 13, 20, 12], [21, 14, 22, 15], [23, 8, 24, 9], [1, 10, 2, 11], [3, 18, 4, 19], [5, 21, 6, 20], [7, 22, 8, 23], [9, 24, 10, 1]]"
12a_1191_120,"[[10, 1, 11, 2], [12, 18, 13, 17], [14, 5, 15, 6], [16, 8, 17, 7], [18, 3, 19, 4], [20, 14, 21, 13], [22, 15, 23, 16], [24, 9, 1, 10], [2, 11, 3, 12], [4, 19, 5, 20], [6, 22, 7, 21], [8, 23, 9, 24]]"
12a_1191_121,"[[8, 23, 9, 24], [10, 1, 11, 2], [12, 18, 13, 17], [14, 5, 15, 6], [16, 8, 17, 7], [18, 3, 19, 4], [20, 14, 21, 13], [22, 15, 23, 16], [24, 9, 1, 10], [2, 11, 3, 12], [4, 19, 5, 20], [6, 22, 7, 21]]"
12a_1191_122,"[[6, 22, 7, 21], [8, 23, 9, 24], [10, 1, 11, 2], [12, 18, 13, 17], [14, 5, 15, 6], [16, 8, 17, 7], [18, 3, 19, 4], [20, 14, 21, 13], [22, 15, 23, 16], [24, 9, 1, 10], [2, 11, 3, 12], [4, 19, 5, 20]]"
12a_1191_123,"[[4, 19, 5, 20], [6, 22, 7, 21], [8, 23, 9, 24], [10, 1, 11, 2], [12, 18, 13, 17], [14, 5, 15, 6], [16, 8, 17, 7], [18, 3, 19, 4], [20, 14, 21, 13], [22, 15, 23, 16], [24, 9, 1, 10], [2, 11, 3, 12]]"
12a_1191_124,"[[2, 11, 3, 12], [4, 19, 5, 20], [6, 22, 7, 21], [8, 23, 9, 24], [10, 1, 11, 2], [12, 18, 13, 17], [14, 5, 15, 6], [16, 8, 17, 7], [18, 3, 19, 4], [20, 14, 21, 13], [22, 15, 23, 16], [24, 9, 1, 10]]"
12a_1191_125,"[[24, 9, 1, 10], [2, 11, 3, 12], [4, 19, 5, 20], [6, 22, 7, 21], [8, 23, 9, 24], [10, 1, 11, 2], [12, 18, 13, 17], [14, 5, 15, 6], [16, 8, 17, 7], [18, 3, 19, 4], [20, 14, 21, 13], [22, 15, 23, 16]]"
12a_1191_126,"[[22, 15, 23, 16], [24, 9, 1, 10], [2, 11, 3, 12], [4, 19, 5, 20], [6, 22, 7, 21], [8, 23, 9, 24], [10, 1, 11, 2], [12, 18, 13, 17], [14, 5, 15, 6], [16, 8, 17, 7], [18, 3, 19, 4], [20, 14, 21, 13]]"
12a_1191_127,"[[20, 14, 21, 13], [22, 15, 23, 16], [24, 9, 1, 10], [2, 11, 3, 12], [4, 19, 5, 20], [6, 22, 7, 21], [8, 23, 9, 24], [10, 1, 11, 2], [12, 18, 13, 17], [14, 5, 15, 6], [16, 8, 17, 7], [18, 3, 19, 4]]"
12a_1191_128,"[[18, 3, 19, 4], [20, 14, 21, 13], [22, 15, 23, 16], [24, 9, 1, 10], [2, 11, 3, 12], [4, 19, 5, 20], [6, 22, 7, 21], [8, 23, 9, 24], [10, 1, 11, 2], [12, 18, 13, 17], [14, 5, 15, 6], [16, 8, 17, 7]]"
12a_1191_129,"[[16, 8, 17, 7], [18, 3, 19, 4], [20, 14, 21, 13], [22, 15, 23, 16], [24, 9, 1, 10], [2, 11, 3, 12], [4, 19, 5, 20], [6, 22, 7, 21], [8, 23, 9, 24], [10, 1, 11, 2], [12, 18, 13, 17], [14, 5, 15, 6]]"
12a_1191_130,"[[14, 5, 15, 6], [16, 8, 17, 7], [18, 3, 19, 4], [20, 14, 21, 13], [22, 15, 23, 16], [24, 9, 1, 10], [2, 11, 3, 12], [4, 19, 5, 20], [6, 22, 7, 21], [8, 23, 9, 24], [10, 1, 11, 2], [12, 18, 13, 17]]"
12a_1191_131,"[[12, 18, 13, 17], [14, 5, 15, 6], [16, 8, 17, 7], [18, 3, 19, 4], [20, 14, 21, 13], [22, 15, 23, 16], [24, 9, 1, 10], [2, 11, 3, 12], [4, 19, 5, 20], [6, 22, 7, 21], [8, 23, 9, 24], [10, 1, 11, 2]]"
12a_1191_132,"[[11, 2, 12, 3], [13, 19, 14, 18], [15, 6, 16, 7], [17, 9, 18, 8], [19, 4, 20, 5], [21, 15, 22, 14], [23, 16, 24, 17], [1, 10, 2, 11], [3, 12, 4, 13], [5, 20, 6, 21], [7, 23, 8, 22], [9, 24, 10, 1]]"
12a_1191_133,"[[9, 24, 10, 1], [11, 2, 12, 3], [13, 19, 14, 18], [15, 6, 16, 7], [17, 9, 18, 8], [19, 4, 20, 5], [21, 15, 22, 14], [23, 16, 24, 17], [1, 10, 2, 11], [3, 12, 4, 13], [5, 20, 6, 21], [7, 23, 8, 22]]"
12a_1191_134,"[[7, 23, 8, 22], [9, 24, 10, 1], [11, 2, 12, 3], [13, 19, 14, 18], [15, 6, 16, 7], [17, 9, 18, 8], [19, 4, 20, 5], [21, 15, 22, 14], [23, 16, 24, 17], [1, 10, 2, 11], [3, 12, 4, 13], [5, 20, 6, 21]]"
12a_1191_135,"[[5, 20, 6, 21], [7, 23, 8, 22], [9, 24, 10, 1], [11, 2, 12, 3], [13, 19, 14, 18], [15, 6, 16, 7], [17, 9, 18, 8], [19, 4, 20, 5], [21, 15, 22, 14], [23, 16, 24, 17], [1, 10, 2, 11], [3, 12, 4, 13]]"
12a_1191_136,"[[3, 12, 4, 13], [5, 20, 6, 21], [7, 23, 8, 22], [9, 24, 10, 1], [11, 2, 12, 3], [13, 19, 14, 18], [15, 6, 16, 7], [17, 9, 18, 8], [19, 4, 20, 5], [21, 15, 22, 14], [23, 16, 24, 17], [1, 10, 2, 11]]"
12a_1191_137,"[[1, 10, 2, 11], [3, 12, 4, 13], [5, 20, 6, 21], [7, 23, 8, 22], [9, 24, 10, 1], [11, 2, 12, 3], [13, 19, 14, 18], [15, 6, 16, 7], [17, 9, 18, 8], [19, 4, 20, 5], [21, 15, 22, 14], [23, 16, 24, 17]]"
12a_1191_138,"[[23, 16, 24, 17], [1, 10, 2, 11], [3, 12, 4, 13], [5, 20, 6, 21], [7, 23, 8, 22], [9, 24, 10, 1], [11, 2, 12, 3], [13, 19, 14, 18], [15, 6, 16, 7], [17, 9, 18, 8], [19, 4, 20, 5], [21, 15, 22, 14]]"
12a_1191_139,"[[21, 15, 22, 14], [23, 16, 24, 17], [1, 10, 2, 11], [3, 12, 4, 13], [5, 20, 6, 21], [7, 23, 8, 22], [9, 24, 10, 1], [11, 2, 12, 3], [13, 19, 14, 18], [15, 6, 16, 7], [17, 9, 18, 8], [19, 4, 20, 5]]"
12a_1191_140,"[[19, 4, 20, 5], [21, 15, 22, 14], [23, 16, 24, 17], [1, 10, 2, 11], [3, 12, 4, 13], [5, 20, 6, 21], [7, 23, 8, 22], [9, 24, 10, 1], [11, 2, 12, 3], [13, 19, 14, 18], [15, 6, 16, 7], [17, 9, 18, 8]]"
12a_1191_141,"[[17, 9, 18, 8], [19, 4, 20, 5], [21, 15, 22, 14], [23, 16, 24, 17], [1, 10, 2, 11], [3, 12, 4, 13], [5, 20, 6, 21], [7, 23, 8, 22], [9, 24, 10, 1], [11, 2, 12, 3], [13, 19, 14, 18], [15, 6, 16, 7]]"
12a_1191_142,"[[15, 6, 16, 7], [17, 9, 18, 8], [19, 4, 20, 5], [21, 15, 22, 14], [23, 16, 24, 17], [1, 10, 2, 11], [3, 12, 4, 13], [5, 20, 6, 21], [7, 23, 8, 22], [9, 24, 10, 1], [11, 2, 12, 3], [13, 19, 14, 18]]"
12a_1191_143,"[[13, 19, 14, 18], [15, 6, 16, 7], [17, 9, 18, 8], [19, 4, 20, 5], [21, 15, 22, 14], [23, 16, 24, 17], [1, 10, 2, 11], [3, 12, 4, 13], [5, 20, 6, 21], [7, 23, 8, 22], [9, 24, 10, 1], [11, 2, 12, 3]]"
12a_1191_144,"[[12, 3, 13, 4], [14, 20, 15, 19], [16, 7, 17, 8], [18, 10, 19, 9], [20, 5, 21, 6], [22, 16, 23, 15], [24, 17, 1, 18], [2, 11, 3, 12], [4, 13, 5, 14], [6, 21, 7, 22], [8, 24, 9, 23], [10, 1, 11, 2]]"
12a_1191_145,"[[10, 1, 11, 2], [12, 3, 13, 4], [14, 20, 15, 19], [16, 7, 17, 8], [18, 10, 19, 9], [20, 5, 21, 6], [22, 16, 23, 15], [24, 17, 1, 18], [2, 11, 3, 12], [4, 13, 5, 14], [6, 21, 7, 22], [8, 24, 9, 23]]"
12a_1191_146,"[[8, 24, 9, 23], [10, 1, 11, 2], [12, 3, 13, 4], [14, 20, 15, 19], [16, 7, 17, 8], [18, 10, 19, 9], [20, 5, 21, 6], [22, 16, 23, 15], [24, 17, 1, 18], [2, 11, 3, 12], [4, 13, 5, 14], [6, 21, 7, 22]]"
12a_1191_147,"[[6, 21, 7, 22], [8, 24, 9, 23], [10, 1, 11, 2], [12, 3, 13, 4], [14, 20, 15, 19], [16, 7, 17, 8], [18, 10, 19, 9], [20, 5, 21, 6], [22, 16, 23, 15], [24, 17, 1, 18], [2, 11, 3, 12], [4, 13, 5, 14]]"
12a_1191_148,"[[4, 13, 5, 14], [6, 21, 7, 22], [8, 24, 9, 23], [10, 1, 11, 2], [12, 3, 13, 4], [14, 20, 15, 19], [16, 7, 17, 8], [18, 10, 19, 9], [20, 5, 21, 6], [22, 16, 23, 15], [24, 17, 1, 18], [2, 11, 3, 12]]"
12a_1191_149,"[[2, 11, 3, 12], [4, 13, 5, 14], [6, 21, 7, 22], [8, 24, 9, 23], [10, 1, 11, 2], [12, 3, 13, 4], [14, 20, 15, 19], [16, 7, 17, 8], [18, 10, 19, 9], [20, 5, 21, 6], [22, 16, 23, 15], [24, 17, 1, 18]]"
12a_1191_150,"[[24, 17, 1, 18], [2, 11, 3, 12], [4, 13, 5, 14], [6, 21, 7, 22], [8, 24, 9, 23], [10, 1, 11, 2], [12, 3, 13, 4], [14, 20, 15, 19], [16, 7, 17, 8], [18, 10, 19, 9], [20, 5, 21, 6], [22, 16, 23, 15]]"
12a_1191_151,"[[22, 16, 23, 15], [24, 17, 1, 18], [2, 11, 3, 12], [4, 13, 5, 14], [6, 21, 7, 22], [8, 24, 9, 23], [10, 1, 11, 2], [12, 3, 13, 4], [14, 20, 15, 19], [16, 7, 17, 8], [18, 10, 19, 9], [20, 5, 21, 6]]"
12a_1191_152,"[[20, 5, 21, 6], [22, 16, 23, 15], [24, 17, 1, 18], [2, 11, 3, 12], [4, 13, 5, 14], [6, 21, 7, 22], [8, 24, 9, 23], [10, 1, 11, 2], [12, 3, 13, 4], [14, 20, 15, 19], [16, 7, 17, 8], [18, 10, 19, 9]]"
12a_1191_153,"[[18, 10, 19, 9], [20, 5, 21, 6], [22, 16, 23, 15], [24, 17, 1, 18], [2, 11, 3, 12], [4, 13, 5, 14], [6, 21, 7, 22], [8, 24, 9, 23], [10, 1, 11, 2], [12, 3, 13, 4], [14, 20, 15, 19], [16, 7, 17, 8]]"
12a_1191_154,"[[16, 7, 17, 8], [18, 10, 19, 9], [20, 5, 21, 6], [22, 16, 23, 15], [24, 17, 1, 18], [2, 11, 3, 12], [4, 13, 5, 14], [6, 21, 7, 22], [8, 24, 9, 23], [10, 1, 11, 2], [12, 3, 13, 4], [14, 20, 15, 19]]"
12a_1191_155,"[[14, 20, 15, 19], [16, 7, 17, 8], [18, 10, 19, 9], [20, 5, 21, 6], [22, 16, 23, 15], [24, 17, 1, 18], [2, 11, 3, 12], [4, 13, 5, 14], [6, 21, 7, 22], [8, 24, 9, 23], [10, 1, 11, 2], [12, 3, 13, 4]]"
12a_1191_156,"[[13, 4, 14, 5], [15, 21, 16, 20], [17, 8, 18, 9], [19, 11, 20, 10], [21, 6, 22, 7], [23, 17, 24, 16], [1, 18, 2, 19], [3, 12, 4, 13], [5, 14, 6, 15], [7, 22, 8, 23], [9, 1, 10, 24], [11, 2, 12, 3]]"
12a_1191_157,"[[11, 2, 12, 3], [13, 4, 14, 5], [15, 21, 16, 20], [17, 8, 18, 9], [19, 11, 20, 10], [21, 6, 22, 7], [23, 17, 24, 16], [1, 18, 2, 19], [3, 12, 4, 13], [5, 14, 6, 15], [7, 22, 8, 23], [9, 1, 10, 24]]"
12a_1191_158,"[[9, 1, 10, 24], [11, 2, 12, 3], [13, 4, 14, 5], [15, 21, 16, 20], [17, 8, 18, 9], [19, 11, 20, 10], [21, 6, 22, 7], [23, 17, 24, 16], [1, 18, 2, 19], [3, 12, 4, 13], [5, 14, 6, 15], [7, 22, 8, 23]]"
12a_1191_159,"[[7, 22, 8, 23], [9, 1, 10, 24], [11, 2, 12, 3], [13, 4, 14, 5], [15, 21, 16, 20], [17, 8, 18, 9], [19, 11, 20, 10], [21, 6, 22, 7], [23, 17, 24, 16], [1, 18, 2, 19], [3, 12, 4, 13], [5, 14, 6, 15]]"
12a_1191_160,"[[5, 14, 6, 15], [7, 22, 8, 23], [9, 1, 10, 24], [11, 2, 12, 3], [13, 4, 14, 5], [15, 21, 16, 20], [17, 8, 18, 9], [19, 11, 20, 10], [21, 6, 22, 7], [23, 17, 24, 16], [1, 18, 2, 19], [3, 12, 4, 13]]"
12a_1191_161,"[[3, 12, 4, 13], [5, 14, 6, 15], [7, 22, 8, 23], [9, 1, 10, 24], [11, 2, 12, 3], [13, 4, 14, 5], [15, 21, 16, 20], [17, 8, 18, 9], [19, 11, 20, 10], [21, 6, 22, 7], [23, 17, 24, 16], [1, 18, 2, 19]]"
12a_1191_162,"[[1, 18, 2, 19], [3, 12, 4, 13], [5, 14, 6, 15], [7, 22, 8, 23], [9, 1, 10, 24], [11, 2, 12, 3], [13, 4, 14, 5], [15, 21, 16, 20], [17, 8, 18, 9], [19, 11, 20, 10], [21, 6, 22, 7], [23, 17, 24, 16]]"
12a_1191_163,"[[23, 17, 24, 16], [1, 18, 2, 19], [3, 12, 4, 13], [5, 14, 6, 15], [7, 22, 8, 23], [9, 1, 10, 24], [11, 2, 12, 3], [13, 4, 14, 5], [15, 21, 16, 20], [17, 8, 18, 9], [19, 11, 20, 10], [21, 6, 22, 7]]"
12a_1191_164,"[[21, 6, 22, 7], [23, 17, 24, 16], [1, 18, 2, 19], [3, 12, 4, 13], [5, 14, 6, 15], [7, 22, 8, 23], [9, 1, 10, 24], [11, 2, 12, 3], [13, 4, 14, 5], [15, 21, 16, 20], [17, 8, 18, 9], [19, 11, 20, 10]]"
12a_1191_165,"[[19, 11, 20, 10], [21, 6, 22, 7], [23, 17, 24, 16], [1, 18, 2, 19], [3, 12, 4, 13], [5, 14, 6, 15], [7, 22, 8, 23], [9, 1, 10, 24], [11, 2, 12, 3], [13, 4, 14, 5], [15, 21, 16, 20], [17, 8, 18, 9]]"
12a_1191_166,"[[17, 8, 18, 9], [19, 11, 20, 10], [21, 6, 22, 7], [23, 17, 24, 16], [1, 18, 2, 19], [3, 12, 4, 13], [5, 14, 6, 15], [7, 22, 8, 23], [9, 1, 10, 24], [11, 2, 12, 3], [13, 4, 14, 5], [15, 21, 16, 20]]"
12a_1191_167,"[[15, 21, 16, 20], [17, 8, 18, 9], [19, 11, 20, 10], [21, 6, 22, 7], [23, 17, 24, 16], [1, 18, 2, 19], [3, 12, 4, 13], [5, 14, 6, 15], [7, 22, 8, 23], [9, 1, 10, 24], [11, 2, 12, 3], [13, 4, 14, 5]]"
12a_1191_168,"[[14, 5, 15, 6], [16, 22, 17, 21], [18, 9, 19, 10], [20, 12, 21, 11], [22, 7, 23, 8], [24, 18, 1, 17], [2, 19, 3, 20], [4, 13, 5, 14], [6, 15, 7, 16], [8, 23, 9, 24], [10, 2, 11, 1], [12, 3, 13, 4]]"
12a_1191_169,"[[12, 3, 13, 4], [14, 5, 15, 6], [16, 22, 17, 21], [18, 9, 19, 10], [20, 12, 21, 11], [22, 7, 23, 8], [24, 18, 1, 17], [2, 19, 3, 20], [4, 13, 5, 14], [6, 15, 7, 16], [8, 23, 9, 24], [10, 2, 11, 1]]"
12a_1191_170,"[[10, 2, 11, 1], [12, 3, 13, 4], [14, 5, 15, 6], [16, 22, 17, 21], [18, 9, 19, 10], [20, 12, 21, 11], [22, 7, 23, 8], [24, 18, 1, 17], [2, 19, 3, 20], [4, 13, 5, 14], [6, 15, 7, 16], [8, 23, 9, 24]]"
12a_1191_171,"[[8, 23, 9, 24], [10, 2, 11, 1], [12, 3, 13, 4], [14, 5, 15, 6], [16, 22, 17, 21], [18, 9, 19, 10], [20, 12, 21, 11], [22, 7, 23, 8], [24, 18, 1, 17], [2, 19, 3, 20], [4, 13, 5, 14], [6, 15, 7, 16]]"
12a_1191_172,"[[6, 15, 7, 16], [8, 23, 9, 24], [10, 2, 11, 1], [12, 3, 13, 4], [14, 5, 15, 6], [16, 22, 17, 21], [18, 9, 19, 10], [20, 12, 21, 11], [22, 7, 23, 8], [24, 18, 1, 17], [2, 19, 3, 20], [4, 13, 5, 14]]"
12a_1191_173,"[[4, 13, 5, 14], [6, 15, 7, 16], [8, 23, 9, 24], [10, 2, 11, 1], [12, 3, 13, 4], [14, 5, 15, 6], [16, 22, 17, 21], [18, 9, 19, 10], [20, 12, 21, 11], [22, 7, 23, 8], [24, 18, 1, 17], [2, 19, 3, 20]]"
12a_1191_174,"[[2, 19, 3, 20], [4, 13, 5, 14], [6, 15, 7, 16], [8, 23, 9, 24], [10, 2, 11, 1], [12, 3, 13, 4], [14, 5, 15, 6], [16, 22, 17, 21], [18, 9, 19, 10], [20, 12, 21, 11], [22, 7, 23, 8], [24, 18, 1, 17]]"
12a_1191_175,"[[24, 18, 1, 17], [2, 19, 3, 20], [4, 13, 5, 14], [6, 15, 7, 16], [8, 23, 9, 24], [10, 2, 11, 1], [12, 3, 13, 4], [14, 5, 15, 6], [16, 22, 17, 21], [18, 9, 19, 10], [20, 12, 21, 11], [22, 7, 23, 8]]"
12a_1191_176,"[[22, 7, 23, 8], [24, 18, 1, 17], [2, 19, 3, 20], [4, 13, 5, 14], [6, 15, 7, 16], [8, 23, 9, 24], [10, 2, 11, 1], [12, 3, 13, 4], [14, 5, 15, 6], [16, 22, 17, 21], [18, 9, 19, 10], [20, 12, 21, 11]]"
12a_1191_177,"[[20, 12, 21, 11], [22, 7, 23, 8], [24, 18, 1, 17], [2, 19, 3, 20], [4, 13, 5, 14], [6, 15, 7, 16], [8, 23, 9, 24], [10, 2, 11, 1], [12, 3, 13, 4], [14, 5, 15, 6], [16, 22, 17, 21], [18, 9, 19, 10]]"
12a_1191_178,"[[18, 9, 19, 10], [20, 12, 21, 11], [22, 7, 23, 8], [24, 18, 1, 17], [2, 19, 3, 20], [4, 13, 5, 14], [6, 15, 7, 16], [8, 23, 9, 24], [10, 2, 11, 1], [12, 3, 13, 4], [14, 5, 15, 6], [16, 22, 17, 21]]"
12a_1191_179,"[[16, 22, 17, 21], [18, 9, 19, 10], [20, 12, 21, 11], [22, 7, 23, 8], [24, 18, 1, 17], [2, 19, 3, 20], [4, 13, 5, 14], [6, 15, 7, 16], [8, 23, 9, 24], [10, 2, 11, 1], [12, 3, 13, 4], [14, 5, 15, 6]]"
12a_1191_180,"[[15, 6, 16, 7], [17, 23, 18, 22], [19, 10, 20, 11], [21, 13, 22, 12], [23, 8, 24, 9], [1, 19, 2, 18], [3, 20, 4, 21], [5, 14, 6, 15], [7, 16, 8, 17], [9, 24, 10, 1], [11, 3, 12, 2], [13, 4, 14, 5]]"
12a_1191_181,"[[13, 4, 14, 5], [15, 6, 16, 7], [17, 23, 18, 22], [19, 10, 20, 11], [21, 13, 22, 12], [23, 8, 24, 9], [1, 19, 2, 18], [3, 20, 4, 21], [5, 14, 6, 15], [7, 16, 8, 17], [9, 24, 10, 1], [11, 3, 12, 2]]"
12a_1191_182,"[[11, 3, 12, 2], [13, 4, 14, 5], [15, 6, 16, 7], [17, 23, 18, 22], [19, 10, 20, 11], [21, 13, 22, 12], [23, 8, 24, 9], [1, 19, 2, 18], [3, 20, 4, 21], [5, 14, 6, 15], [7, 16, 8, 17], [9, 24, 10, 1]]"
12a_1191_183,"[[9, 24, 10, 1], [11, 3, 12, 2], [13, 4, 14, 5], [15, 6, 16, 7], [17, 23, 18, 22], [19, 10, 20, 11], [21, 13, 22, 12], [23, 8, 24, 9], [1, 19, 2, 18], [3, 20, 4, 21], [5, 14, 6, 15], [7, 16, 8, 17]]"
12a_1191_184,"[[7, 16, 8, 17], [9, 24, 10, 1], [11, 3, 12, 2], [13, 4, 14, 5], [15, 6, 16, 7], [17, 23, 18, 22], [19, 10, 20, 11], [21, 13, 22, 12], [23, 8, 24, 9], [1, 19, 2, 18], [3, 20, 4, 21], [5, 14, 6, 15]]"
12a_1191_185,"[[5, 14, 6, 15], [7, 16, 8, 17], [9, 24, 10, 1], [11, 3, 12, 2], [13, 4, 14, 5], [15, 6, 16, 7], [17, 23, 18, 22], [19, 10, 20, 11], [21, 13, 22, 12], [23, 8, 24, 9], [1, 19, 2, 18], [3, 20, 4, 21]]"
