name,pd_notation
12a_1199_0,"[[24, 15, 1, 16], [2, 8, 3, 7], [4, 19, 5, 20], [6, 24, 7, 23], [8, 17, 9, 18], [10, 4, 11, 3], [12, 22, 13, 21], [14, 5, 15, 6], [16, 1, 17, 2], [18, 9, 19, 10], [20, 12, 21, 11], [22, 14, 23, 13]]"
12a_1199_1,"[[22, 14, 23, 13], [24, 15, 1, 16], [2, 8, 3, 7], [4, 19, 5, 20], [6, 24, 7, 23], [8, 17, 9, 18], [10, 4, 11, 3], [12, 22, 13, 21], [14, 5, 15, 6], [16, 1, 17, 2], [18, 9, 19, 10], [20, 12, 21, 11]]"
12a_1199_2,"[[20, 12, 21, 11], [22, 14, 23, 13], [24, 15, 1, 16], [2, 8, 3, 7], [4, 19, 5, 20], [6, 24, 7, 23], [8, 17, 9, 18], [10, 4, 11, 3], [12, 22, 13, 21], [14, 5, 15, 6], [16, 1, 17, 2], [18, 9, 19, 10]]"
12a_1199_3,"[[18, 9, 19, 10], [20, 12, 21, 11], [22, 14, 23, 13], [24, 15, 1, 16], [2, 8, 3, 7], [4, 19, 5, 20], [6, 24, 7, 23], [8, 17, 9, 18], [10, 4, 11, 3], [12, 22, 13, 21], [14, 5, 15, 6], [16, 1, 17, 2]]"
12a_1199_4,"[[16, 1, 17, 2], [18, 9, 19, 10], [20, 12, 21, 11], [22, 14, 23, 13], [24, 15, 1, 16], [2, 8, 3, 7], [4, 19, 5, 20], [6, 24, 7, 23], [8, 17, 9, 18], [10, 4, 11, 3], [12, 22, 13, 21], [14, 5, 15, 6]]"
12a_1199_5,"[[14, 5, 15, 6], [16, 1, 17, 2], [18, 9, 19, 10], [20, 12, 21, 11], [22, 14, 23, 13], [24, 15, 1, 16], [2, 8, 3, 7], [4, 19, 5, 20], [6, 24, 7, 23], [8, 17, 9, 18], [10, 4, 11, 3], [12, 22, 13, 21]]"
12a_1199_6,"[[12, 22, 13, 21], [14, 5, 15, 6], [16, 1, 17, 2], [18, 9, 19, 10], [20, 12, 21, 11], [22, 14, 23, 13], [24, 15, 1, 16], [2, 8, 3, 7], [4, 19, 5, 20], [6, 24, 7, 23], [8, 17, 9, 18], [10, 4, 11, 3]]"
12a_1199_7,"[[10, 4, 11, 3], [12, 22, 13, 21], [14, 5, 15, 6], [16, 1, 17, 2], [18, 9, 19, 10], [20, 12, 21, 11], [22, 14, 23, 13], [24, 15, 1, 16], [2, 8, 3, 7], [4, 19, 5, 20], [6, 24, 7, 23], [8, 17, 9, 18]]"
12a_1199_8,"[[8, 17, 9, 18], [10, 4, 11, 3], [12, 22, 13, 21], [14, 5, 15, 6], [16, 1, 17, 2], [18, 9, 19, 10], [20, 12, 21, 11], [22, 14, 23, 13], [24, 15, 1, 16], [2, 8, 3, 7], [4, 19, 5, 20], [6, 24, 7, 23]]"
12a_1199_9,"[[6, 24, 7, 23], [8, 17, 9, 18], [10, 4, 11, 3], [12, 22, 13, 21], [14, 5, 15, 6], [16, 1, 17, 2], [18, 9, 19, 10], [20, 12, 21, 11], [22, 14, 23, 13], [24, 15, 1, 16], [2, 8, 3, 7], [4, 19, 5, 20]]"
12a_1199_10,"[[4, 19, 5, 20], [6, 24, 7, 23], [8, 17, 9, 18], [10, 4, 11, 3], [12, 22, 13, 21], [14, 5, 15, 6], [16, 1, 17, 2], [18, 9, 19, 10], [20, 12, 21, 11], [22, 14, 23, 13], [24, 15, 1, 16], [2, 8, 3, 7]]"
12a_1199_11,"[[2, 8, 3, 7], [4, 19, 5, 20], [6, 24, 7, 23], [8, 17, 9, 18], [10, 4, 11, 3], [12, 22, 13, 21], [14, 5, 15, 6], [16, 1, 17, 2], [18, 9, 19, 10], [20, 12, 21, 11], [22, 14, 23, 13], [24, 15, 1, 16]]"
12a_1199_12,"[[1, 16, 2, 17], [3, 9, 4, 8], [5, 20, 6, 21], [7, 1, 8, 24], [9, 18, 10, 19], [11, 5, 12, 4], [13, 23, 14, 22], [15, 6, 16, 7], [17, 2, 18, 3], [19, 10, 20, 11], [21, 13, 22, 12], [23, 15, 24, 14]]"
12a_1199_13,"[[23, 15, 24, 14], [1, 16, 2, 17], [3, 9, 4, 8], [5, 20, 6, 21], [7, 1, 8, 24], [9, 18, 10, 19], [11, 5, 12, 4], [13, 23, 14, 22], [15, 6, 16, 7], [17, 2, 18, 3], [19, 10, 20, 11], [21, 13, 22, 12]]"
12a_1199_14,"[[21, 13, 22, 12], [23, 15, 24, 14], [1, 16, 2, 17], [3, 9, 4, 8], [5, 20, 6, 21], [7, 1, 8, 24], [9, 18, 10, 19], [11, 5, 12, 4], [13, 23, 14, 22], [15, 6, 16, 7], [17, 2, 18, 3], [19, 10, 20, 11]]"
12a_1199_15,"[[19, 10, 20, 11], [21, 13, 22, 12], [23, 15, 24, 14], [1, 16, 2, 17], [3, 9, 4, 8], [5, 20, 6, 21], [7, 1, 8, 24], [9, 18, 10, 19], [11, 5, 12, 4], [13, 23, 14, 22], [15, 6, 16, 7], [17, 2, 18, 3]]"
12a_1199_16,"[[17, 2, 18, 3], [19, 10, 20, 11], [21, 13, 22, 12], [23, 15, 24, 14], [1, 16, 2, 17], [3, 9, 4, 8], [5, 20, 6, 21], [7, 1, 8, 24], [9, 18, 10, 19], [11, 5, 12, 4], [13, 23, 14, 22], [15, 6, 16, 7]]"
12a_1199_17,"[[15, 6, 16, 7], [17, 2, 18, 3], [19, 10, 20, 11], [21, 13, 22, 12], [23, 15, 24, 14], [1, 16, 2, 17], [3, 9, 4, 8], [5, 20, 6, 21], [7, 1, 8, 24], [9, 18, 10, 19], [11, 5, 12, 4], [13, 23, 14, 22]]"
12a_1199_18,"[[13, 23, 14, 22], [15, 6, 16, 7], [17, 2, 18, 3], [19, 10, 20, 11], [21, 13, 22, 12], [23, 15, 24, 14], [1, 16, 2, 17], [3, 9, 4, 8], [5, 20, 6, 21], [7, 1, 8, 24], [9, 18, 10, 19], [11, 5, 12, 4]]"
12a_1199_19,"[[11, 5, 12, 4], [13, 23, 14, 22], [15, 6, 16, 7], [17, 2, 18, 3], [19, 10, 20, 11], [21, 13, 22, 12], [23, 15, 24, 14], [1, 16, 2, 17], [3, 9, 4, 8], [5, 20, 6, 21], [7, 1, 8, 24], [9, 18, 10, 19]]"
12a_1199_20,"[[9, 18, 10, 19], [11, 5, 12, 4], [13, 23, 14, 22], [15, 6, 16, 7], [17, 2, 18, 3], [19, 10, 20, 11], [21, 13, 22, 12], [23, 15, 24, 14], [1, 16, 2, 17], [3, 9, 4, 8], [5, 20, 6, 21], [7, 1, 8, 24]]"
12a_1199_21,"[[7, 1, 8, 24], [9, 18, 10, 19], [11, 5, 12, 4], [13, 23, 14, 22], [15, 6, 16, 7], [17, 2, 18, 3], [19, 10, 20, 11], [21, 13, 22, 12], [23, 15, 24, 14], [1, 16, 2, 17], [3, 9, 4, 8], [5, 20, 6, 21]]"
12a_1199_22,"[[5, 20, 6, 21], [7, 1, 8, 24], [9, 18, 10, 19], [11, 5, 12, 4], [13, 23, 14, 22], [15, 6, 16, 7], [17, 2, 18, 3], [19, 10, 20, 11], [21, 13, 22, 12], [23, 15, 24, 14], [1, 16, 2, 17], [3, 9, 4, 8]]"
12a_1199_23,"[[3, 9, 4, 8], [5, 20, 6, 21], [7, 1, 8, 24], [9, 18, 10, 19], [11, 5, 12, 4], [13, 23, 14, 22], [15, 6, 16, 7], [17, 2, 18, 3], [19, 10, 20, 11], [21, 13, 22, 12], [23, 15, 24, 14], [1, 16, 2, 17]]"
12a_1199_24,"[[2, 17, 3, 18], [4, 10, 5, 9], [6, 21, 7, 22], [8, 2, 9, 1], [10, 19, 11, 20], [12, 6, 13, 5], [14, 24, 15, 23], [16, 7, 17, 8], [18, 3, 19, 4], [20, 11, 21, 12], [22, 14, 23, 13], [24, 16, 1, 15]]"
12a_1199_25,"[[24, 16, 1, 15], [2, 17, 3, 18], [4, 10, 5, 9], [6, 21, 7, 22], [8, 2, 9, 1], [10, 19, 11, 20], [12, 6, 13, 5], [14, 24, 15, 23], [16, 7, 17, 8], [18, 3, 19, 4], [20, 11, 21, 12], [22, 14, 23, 13]]"
12a_1199_26,"[[22, 14, 23, 13], [24, 16, 1, 15], [2, 17, 3, 18], [4, 10, 5, 9], [6, 21, 7, 22], [8, 2, 9, 1], [10, 19, 11, 20], [12, 6, 13, 5], [14, 24, 15, 23], [16, 7, 17, 8], [18, 3, 19, 4], [20, 11, 21, 12]]"
12a_1199_27,"[[20, 11, 21, 12], [22, 14, 23, 13], [24, 16, 1, 15], [2, 17, 3, 18], [4, 10, 5, 9], [6, 21, 7, 22], [8, 2, 9, 1], [10, 19, 11, 20], [12, 6, 13, 5], [14, 24, 15, 23], [16, 7, 17, 8], [18, 3, 19, 4]]"
12a_1199_28,"[[18, 3, 19, 4], [20, 11, 21, 12], [22, 14, 23, 13], [24, 16, 1, 15], [2, 17, 3, 18], [4, 10, 5, 9], [6, 21, 7, 22], [8, 2, 9, 1], [10, 19, 11, 20], [12, 6, 13, 5], [14, 24, 15, 23], [16, 7, 17, 8]]"
12a_1199_29,"[[16, 7, 17, 8], [18, 3, 19, 4], [20, 11, 21, 12], [22, 14, 23, 13], [24, 16, 1, 15], [2, 17, 3, 18], [4, 10, 5, 9], [6, 21, 7, 22], [8, 2, 9, 1], [10, 19, 11, 20], [12, 6, 13, 5], [14, 24, 15, 23]]"
12a_1199_30,"[[14, 24, 15, 23], [16, 7, 17, 8], [18, 3, 19, 4], [20, 11, 21, 12], [22, 14, 23, 13], [24, 16, 1, 15], [2, 17, 3, 18], [4, 10, 5, 9], [6, 21, 7, 22], [8, 2, 9, 1], [10, 19, 11, 20], [12, 6, 13, 5]]"
12a_1199_31,"[[12, 6, 13, 5], [14, 24, 15, 23], [16, 7, 17, 8], [18, 3, 19, 4], [20, 11, 21, 12], [22, 14, 23, 13], [24, 16, 1, 15], [2, 17, 3, 18], [4, 10, 5, 9], [6, 21, 7, 22], [8, 2, 9, 1], [10, 19, 11, 20]]"
12a_1199_32,"[[10, 19, 11, 20], [12, 6, 13, 5], [14, 24, 15, 23], [16, 7, 17, 8], [18, 3, 19, 4], [20, 11, 21, 12], [22, 14, 23, 13], [24, 16, 1, 15], [2, 17, 3, 18], [4, 10, 5, 9], [6, 21, 7, 22], [8, 2, 9, 1]]"
12a_1199_33,"[[8, 2, 9, 1], [10, 19, 11, 20], [12, 6, 13, 5], [14, 24, 15, 23], [16, 7, 17, 8], [18, 3, 19, 4], [20, 11, 21, 12], [22, 14, 23, 13], [24, 16, 1, 15], [2, 17, 3, 18], [4, 10, 5, 9], [6, 21, 7, 22]]"
12a_1199_34,"[[6, 21, 7, 22], [8, 2, 9, 1], [10, 19, 11, 20], [12, 6, 13, 5], [14, 24, 15, 23], [16, 7, 17, 8], [18, 3, 19, 4], [20, 11, 21, 12], [22, 14, 23, 13], [24, 16, 1, 15], [2, 17, 3, 18], [4, 10, 5, 9]]"
12a_1199_35,"[[4, 10, 5, 9], [6, 21, 7, 22], [8, 2, 9, 1], [10, 19, 11, 20], [12, 6, 13, 5], [14, 24, 15, 23], [16, 7, 17, 8], [18, 3, 19, 4], [20, 11, 21, 12], [22, 14, 23, 13], [24, 16, 1, 15], [2, 17, 3, 18]]"
12a_1199_36,"[[3, 18, 4, 19], [5, 11, 6, 10], [7, 22, 8, 23], [9, 3, 10, 2], [11, 20, 12, 21], [13, 7, 14, 6], [15, 1, 16, 24], [17, 8, 18, 9], [19, 4, 20, 5], [21, 12, 22, 13], [23, 15, 24, 14], [1, 17, 2, 16]]"
12a_1199_37,"[[1, 17, 2, 16], [3, 18, 4, 19], [5, 11, 6, 10], [7, 22, 8, 23], [9, 3, 10, 2], [11, 20, 12, 21], [13, 7, 14, 6], [15, 1, 16, 24], [17, 8, 18, 9], [19, 4, 20, 5], [21, 12, 22, 13], [23, 15, 24, 14]]"
12a_1199_38,"[[23, 15, 24, 14], [1, 17, 2, 16], [3, 18, 4, 19], [5, 11, 6, 10], [7, 22, 8, 23], [9, 3, 10, 2], [11, 20, 12, 21], [13, 7, 14, 6], [15, 1, 16, 24], [17, 8, 18, 9], [19, 4, 20, 5], [21, 12, 22, 13]]"
12a_1199_39,"[[21, 12, 22, 13], [23, 15, 24, 14], [1, 17, 2, 16], [3, 18, 4, 19], [5, 11, 6, 10], [7, 22, 8, 23], [9, 3, 10, 2], [11, 20, 12, 21], [13, 7, 14, 6], [15, 1, 16, 24], [17, 8, 18, 9], [19, 4, 20, 5]]"
12a_1199_40,"[[19, 4, 20, 5], [21, 12, 22, 13], [23, 15, 24, 14], [1, 17, 2, 16], [3, 18, 4, 19], [5, 11, 6, 10], [7, 22, 8, 23], [9, 3, 10, 2], [11, 20, 12, 21], [13, 7, 14, 6], [15, 1, 16, 24], [17, 8, 18, 9]]"
12a_1199_41,"[[17, 8, 18, 9], [19, 4, 20, 5], [21, 12, 22, 13], [23, 15, 24, 14], [1, 17, 2, 16], [3, 18, 4, 19], [5, 11, 6, 10], [7, 22, 8, 23], [9, 3, 10, 2], [11, 20, 12, 21], [13, 7, 14, 6], [15, 1, 16, 24]]"
12a_1199_42,"[[15, 1, 16, 24], [17, 8, 18, 9], [19, 4, 20, 5], [21, 12, 22, 13], [23, 15, 24, 14], [1, 17, 2, 16], [3, 18, 4, 19], [5, 11, 6, 10], [7, 22, 8, 23], [9, 3, 10, 2], [11, 20, 12, 21], [13, 7, 14, 6]]"
12a_1199_43,"[[13, 7, 14, 6], [15, 1, 16, 24], [17, 8, 18, 9], [19, 4, 20, 5], [21, 12, 22, 13], [23, 15, 24, 14], [1, 17, 2, 16], [3, 18, 4, 19], [5, 11, 6, 10], [7, 22, 8, 23], [9, 3, 10, 2], [11, 20, 12, 21]]"
12a_1199_44,"[[11, 20, 12, 21], [13, 7, 14, 6], [15, 1, 16, 24], [17, 8, 18, 9], [19, 4, 20, 5], [21, 12, 22, 13], [23, 15, 24, 14], [1, 17, 2, 16], [3, 18, 4, 19], [5, 11, 6, 10], [7, 22, 8, 23], [9, 3, 10, 2]]"
12a_1199_45,"[[9, 3, 10, 2], [11, 20, 12, 21], [13, 7, 14, 6], [15, 1, 16, 24], [17, 8, 18, 9], [19, 4, 20, 5], [21, 12, 22, 13], [23, 15, 24, 14], [1, 17, 2, 16], [3, 18, 4, 19], [5, 11, 6, 10], [7, 22, 8, 23]]"
12a_1199_46,"[[7, 22, 8, 23], [9, 3, 10, 2], [11, 20, 12, 21], [13, 7, 14, 6], [15, 1, 16, 24], [17, 8, 18, 9], [19, 4, 20, 5], [21, 12, 22, 13], [23, 15, 24, 14], [1, 17, 2, 16], [3, 18, 4, 19], [5, 11, 6, 10]]"
12a_1199_47,"[[5, 11, 6, 10], [7, 22, 8, 23], [9, 3, 10, 2], [11, 20, 12, 21], [13, 7, 14, 6], [15, 1, 16, 24], [17, 8, 18, 9], [19, 4, 20, 5], [21, 12, 22, 13], [23, 15, 24, 14], [1, 17, 2, 16], [3, 18, 4, 19]]"
12a_1199_48,"[[4, 19, 5, 20], [6, 12, 7, 11], [8, 23, 9, 24], [10, 4, 11, 3], [12, 21, 13, 22], [14, 8, 15, 7], [16, 2, 17, 1], [18, 9, 19, 10], [20, 5, 21, 6], [22, 13, 23, 14], [24, 16, 1, 15], [2, 18, 3, 17]]"
12a_1199_49,"[[2, 18, 3, 17], [4, 19, 5, 20], [6, 12, 7, 11], [8, 23, 9, 24], [10, 4, 11, 3], [12, 21, 13, 22], [14, 8, 15, 7], [16, 2, 17, 1], [18, 9, 19, 10], [20, 5, 21, 6], [22, 13, 23, 14], [24, 16, 1, 15]]"
12a_1199_50,"[[24, 16, 1, 15], [2, 18, 3, 17], [4, 19, 5, 20], [6, 12, 7, 11], [8, 23, 9, 24], [10, 4, 11, 3], [12, 21, 13, 22], [14, 8, 15, 7], [16, 2, 17, 1], [18, 9, 19, 10], [20, 5, 21, 6], [22, 13, 23, 14]]"
12a_1199_51,"[[22, 13, 23, 14], [24, 16, 1, 15], [2, 18, 3, 17], [4, 19, 5, 20], [6, 12, 7, 11], [8, 23, 9, 24], [10, 4, 11, 3], [12, 21, 13, 22], [14, 8, 15, 7], [16, 2, 17, 1], [18, 9, 19, 10], [20, 5, 21, 6]]"
12a_1199_52,"[[20, 5, 21, 6], [22, 13, 23, 14], [24, 16, 1, 15], [2, 18, 3, 17], [4, 19, 5, 20], [6, 12, 7, 11], [8, 23, 9, 24], [10, 4, 11, 3], [12, 21, 13, 22], [14, 8, 15, 7], [16, 2, 17, 1], [18, 9, 19, 10]]"
12a_1199_53,"[[18, 9, 19, 10], [20, 5, 21, 6], [22, 13, 23, 14], [24, 16, 1, 15], [2, 18, 3, 17], [4, 19, 5, 20], [6, 12, 7, 11], [8, 23, 9, 24], [10, 4, 11, 3], [12, 21, 13, 22], [14, 8, 15, 7], [16, 2, 17, 1]]"
12a_1199_54,"[[16, 2, 17, 1], [18, 9, 19, 10], [20, 5, 21, 6], [22, 13, 23, 14], [24, 16, 1, 15], [2, 18, 3, 17], [4, 19, 5, 20], [6, 12, 7, 11], [8, 23, 9, 24], [10, 4, 11, 3], [12, 21, 13, 22], [14, 8, 15, 7]]"
12a_1199_55,"[[14, 8, 15, 7], [16, 2, 17, 1], [18, 9, 19, 10], [20, 5, 21, 6], [22, 13, 23, 14], [24, 16, 1, 15], [2, 18, 3, 17], [4, 19, 5, 20], [6, 12, 7, 11], [8, 23, 9, 24], [10, 4, 11, 3], [12, 21, 13, 22]]"
12a_1199_56,"[[12, 21, 13, 22], [14, 8, 15, 7], [16, 2, 17, 1], [18, 9, 19, 10], [20, 5, 21, 6], [22, 13, 23, 14], [24, 16, 1, 15], [2, 18, 3, 17], [4, 19, 5, 20], [6, 12, 7, 11], [8, 23, 9, 24], [10, 4, 11, 3]]"
12a_1199_57,"[[10, 4, 11, 3], [12, 21, 13, 22], [14, 8, 15, 7], [16, 2, 17, 1], [18, 9, 19, 10], [20, 5, 21, 6], [22, 13, 23, 14], [24, 16, 1, 15], [2, 18, 3, 17], [4, 19, 5, 20], [6, 12, 7, 11], [8, 23, 9, 24]]"
12a_1199_58,"[[8, 23, 9, 24], [10, 4, 11, 3], [12, 21, 13, 22], [14, 8, 15, 7], [16, 2, 17, 1], [18, 9, 19, 10], [20, 5, 21, 6], [22, 13, 23, 14], [24, 16, 1, 15], [2, 18, 3, 17], [4, 19, 5, 20], [6, 12, 7, 11]]"
12a_1199_59,"[[6, 12, 7, 11], [8, 23, 9, 24], [10, 4, 11, 3], [12, 21, 13, 22], [14, 8, 15, 7], [16, 2, 17, 1], [18, 9, 19, 10], [20, 5, 21, 6], [22, 13, 23, 14], [24, 16, 1, 15], [2, 18, 3, 17], [4, 19, 5, 20]]"
12a_1199_60,"[[5, 20, 6, 21], [7, 13, 8, 12], [9, 24, 10, 1], [11, 5, 12, 4], [13, 22, 14, 23], [15, 9, 16, 8], [17, 3, 18, 2], [19, 10, 20, 11], [21, 6, 22, 7], [23, 14, 24, 15], [1, 17, 2, 16], [3, 19, 4, 18]]"
12a_1199_61,"[[3, 19, 4, 18], [5, 20, 6, 21], [7, 13, 8, 12], [9, 24, 10, 1], [11, 5, 12, 4], [13, 22, 14, 23], [15, 9, 16, 8], [17, 3, 18, 2], [19, 10, 20, 11], [21, 6, 22, 7], [23, 14, 24, 15], [1, 17, 2, 16]]"
12a_1199_62,"[[1, 17, 2, 16], [3, 19, 4, 18], [5, 20, 6, 21], [7, 13, 8, 12], [9, 24, 10, 1], [11, 5, 12, 4], [13, 22, 14, 23], [15, 9, 16, 8], [17, 3, 18, 2], [19, 10, 20, 11], [21, 6, 22, 7], [23, 14, 24, 15]]"
12a_1199_63,"[[23, 14, 24, 15], [1, 17, 2, 16], [3, 19, 4, 18], [5, 20, 6, 21], [7, 13, 8, 12], [9, 24, 10, 1], [11, 5, 12, 4], [13, 22, 14, 23], [15, 9, 16, 8], [17, 3, 18, 2], [19, 10, 20, 11], [21, 6, 22, 7]]"
12a_1199_64,"[[21, 6, 22, 7], [23, 14, 24, 15], [1, 17, 2, 16], [3, 19, 4, 18], [5, 20, 6, 21], [7, 13, 8, 12], [9, 24, 10, 1], [11, 5, 12, 4], [13, 22, 14, 23], [15, 9, 16, 8], [17, 3, 18, 2], [19, 10, 20, 11]]"
12a_1199_65,"[[19, 10, 20, 11], [21, 6, 22, 7], [23, 14, 24, 15], [1, 17, 2, 16], [3, 19, 4, 18], [5, 20, 6, 21], [7, 13, 8, 12], [9, 24, 10, 1], [11, 5, 12, 4], [13, 22, 14, 23], [15, 9, 16, 8], [17, 3, 18, 2]]"
12a_1199_66,"[[17, 3, 18, 2], [19, 10, 20, 11], [21, 6, 22, 7], [23, 14, 24, 15], [1, 17, 2, 16], [3, 19, 4, 18], [5, 20, 6, 21], [7, 13, 8, 12], [9, 24, 10, 1], [11, 5, 12, 4], [13, 22, 14, 23], [15, 9, 16, 8]]"
12a_1199_67,"[[15, 9, 16, 8], [17, 3, 18, 2], [19, 10, 20, 11], [21, 6, 22, 7], [23, 14, 24, 15], [1, 17, 2, 16], [3, 19, 4, 18], [5, 20, 6, 21], [7, 13, 8, 12], [9, 24, 10, 1], [11, 5, 12, 4], [13, 22, 14, 23]]"
12a_1199_68,"[[13, 22, 14, 23], [15, 9, 16, 8], [17, 3, 18, 2], [19, 10, 20, 11], [21, 6, 22, 7], [23, 14, 24, 15], [1, 17, 2, 16], [3, 19, 4, 18], [5, 20, 6, 21], [7, 13, 8, 12], [9, 24, 10, 1], [11, 5, 12, 4]]"
12a_1199_69,"[[11, 5, 12, 4], [13, 22, 14, 23], [15, 9, 16, 8], [17, 3, 18, 2], [19, 10, 20, 11], [21, 6, 22, 7], [23, 14, 24, 15], [1, 17, 2, 16], [3, 19, 4, 18], [5, 20, 6, 21], [7, 13, 8, 12], [9, 24, 10, 1]]"
12a_1199_70,"[[9, 24, 10, 1], [11, 5, 12, 4], [13, 22, 14, 23], [15, 9, 16, 8], [17, 3, 18, 2], [19, 10, 20, 11], [21, 6, 22, 7], [23, 14, 24, 15], [1, 17, 2, 16], [3, 19, 4, 18], [5, 20, 6, 21], [7, 13, 8, 12]]"
12a_1199_71,"[[7, 13, 8, 12], [9, 24, 10, 1], [11, 5, 12, 4], [13, 22, 14, 23], [15, 9, 16, 8], [17, 3, 18, 2], [19, 10, 20, 11], [21, 6, 22, 7], [23, 14, 24, 15], [1, 17, 2, 16], [3, 19, 4, 18], [5, 20, 6, 21]]"
12a_1199_72,"[[6, 21, 7, 22], [8, 14, 9, 13], [10, 1, 11, 2], [12, 6, 13, 5], [14, 23, 15, 24], [16, 10, 17, 9], [18, 4, 19, 3], [20, 11, 21, 12], [22, 7, 23, 8], [24, 15, 1, 16], [2, 18, 3, 17], [4, 20, 5, 19]]"
12a_1199_73,"[[4, 20, 5, 19], [6, 21, 7, 22], [8, 14, 9, 13], [10, 1, 11, 2], [12, 6, 13, 5], [14, 23, 15, 24], [16, 10, 17, 9], [18, 4, 19, 3], [20, 11, 21, 12], [22, 7, 23, 8], [24, 15, 1, 16], [2, 18, 3, 17]]"
12a_1199_74,"[[2, 18, 3, 17], [4, 20, 5, 19], [6, 21, 7, 22], [8, 14, 9, 13], [10, 1, 11, 2], [12, 6, 13, 5], [14, 23, 15, 24], [16, 10, 17, 9], [18, 4, 19, 3], [20, 11, 21, 12], [22, 7, 23, 8], [24, 15, 1, 16]]"
12a_1199_75,"[[24, 15, 1, 16], [2, 18, 3, 17], [4, 20, 5, 19], [6, 21, 7, 22], [8, 14, 9, 13], [10, 1, 11, 2], [12, 6, 13, 5], [14, 23, 15, 24], [16, 10, 17, 9], [18, 4, 19, 3], [20, 11, 21, 12], [22, 7, 23, 8]]"
12a_1199_76,"[[22, 7, 23, 8], [24, 15, 1, 16], [2, 18, 3, 17], [4, 20, 5, 19], [6, 21, 7, 22], [8, 14, 9, 13], [10, 1, 11, 2], [12, 6, 13, 5], [14, 23, 15, 24], [16, 10, 17, 9], [18, 4, 19, 3], [20, 11, 21, 12]]"
12a_1199_77,"[[20, 11, 21, 12], [22, 7, 23, 8], [24, 15, 1, 16], [2, 18, 3, 17], [4, 20, 5, 19], [6, 21, 7, 22], [8, 14, 9, 13], [10, 1, 11, 2], [12, 6, 13, 5], [14, 23, 15, 24], [16, 10, 17, 9], [18, 4, 19, 3]]"
12a_1199_78,"[[18, 4, 19, 3], [20, 11, 21, 12], [22, 7, 23, 8], [24, 15, 1, 16], [2, 18, 3, 17], [4, 20, 5, 19], [6, 21, 7, 22], [8, 14, 9, 13], [10, 1, 11, 2], [12, 6, 13, 5], [14, 23, 15, 24], [16, 10, 17, 9]]"
12a_1199_79,"[[16, 10, 17, 9], [18, 4, 19, 3], [20, 11, 21, 12], [22, 7, 23, 8], [24, 15, 1, 16], [2, 18, 3, 17], [4, 20, 5, 19], [6, 21, 7, 22], [8, 14, 9, 13], [10, 1, 11, 2], [12, 6, 13, 5], [14, 23, 15, 24]]"
12a_1199_80,"[[14, 23, 15, 24], [16, 10, 17, 9], [18, 4, 19, 3], [20, 11, 21, 12], [22, 7, 23, 8], [24, 15, 1, 16], [2, 18, 3, 17], [4, 20, 5, 19], [6, 21, 7, 22], [8, 14, 9, 13], [10, 1, 11, 2], [12, 6, 13, 5]]"
12a_1199_81,"[[12, 6, 13, 5], [14, 23, 15, 24], [16, 10, 17, 9], [18, 4, 19, 3], [20, 11, 21, 12], [22, 7, 23, 8], [24, 15, 1, 16], [2, 18, 3, 17], [4, 20, 5, 19], [6, 21, 7, 22], [8, 14, 9, 13], [10, 1, 11, 2]]"
12a_1199_82,"[[10, 1, 11, 2], [12, 6, 13, 5], [14, 23, 15, 24], [16, 10, 17, 9], [18, 4, 19, 3], [20, 11, 21, 12], [22, 7, 23, 8], [24, 15, 1, 16], [2, 18, 3, 17], [4, 20, 5, 19], [6, 21, 7, 22], [8, 14, 9, 13]]"
12a_1199_83,"[[8, 14, 9, 13], [10, 1, 11, 2], [12, 6, 13, 5], [14, 23, 15, 24], [16, 10, 17, 9], [18, 4, 19, 3], [20, 11, 21, 12], [22, 7, 23, 8], [24, 15, 1, 16], [2, 18, 3, 17], [4, 20, 5, 19], [6, 21, 7, 22]]"
12a_1199_84,"[[7, 22, 8, 23], [9, 15, 10, 14], [11, 2, 12, 3], [13, 7, 14, 6], [15, 24, 16, 1], [17, 11, 18, 10], [19, 5, 20, 4], [21, 12, 22, 13], [23, 8, 24, 9], [1, 16, 2, 17], [3, 19, 4, 18], [5, 21, 6, 20]]"
12a_1199_85,"[[5, 21, 6, 20], [7, 22, 8, 23], [9, 15, 10, 14], [11, 2, 12, 3], [13, 7, 14, 6], [15, 24, 16, 1], [17, 11, 18, 10], [19, 5, 20, 4], [21, 12, 22, 13], [23, 8, 24, 9], [1, 16, 2, 17], [3, 19, 4, 18]]"
12a_1199_86,"[[3, 19, 4, 18], [5, 21, 6, 20], [7, 22, 8, 23], [9, 15, 10, 14], [11, 2, 12, 3], [13, 7, 14, 6], [15, 24, 16, 1], [17, 11, 18, 10], [19, 5, 20, 4], [21, 12, 22, 13], [23, 8, 24, 9], [1, 16, 2, 17]]"
12a_1199_87,"[[1, 16, 2, 17], [3, 19, 4, 18], [5, 21, 6, 20], [7, 22, 8, 23], [9, 15, 10, 14], [11, 2, 12, 3], [13, 7, 14, 6], [15, 24, 16, 1], [17, 11, 18, 10], [19, 5, 20, 4], [21, 12, 22, 13], [23, 8, 24, 9]]"
12a_1199_88,"[[23, 8, 24, 9], [1, 16, 2, 17], [3, 19, 4, 18], [5, 21, 6, 20], [7, 22, 8, 23], [9, 15, 10, 14], [11, 2, 12, 3], [13, 7, 14, 6], [15, 24, 16, 1], [17, 11, 18, 10], [19, 5, 20, 4], [21, 12, 22, 13]]"
12a_1199_89,"[[21, 12, 22, 13], [23, 8, 24, 9], [1, 16, 2, 17], [3, 19, 4, 18], [5, 21, 6, 20], [7, 22, 8, 23], [9, 15, 10, 14], [11, 2, 12, 3], [13, 7, 14, 6], [15, 24, 16, 1], [17, 11, 18, 10], [19, 5, 20, 4]]"
12a_1199_90,"[[19, 5, 20, 4], [21, 12, 22, 13], [23, 8, 24, 9], [1, 16, 2, 17], [3, 19, 4, 18], [5, 21, 6, 20], [7, 22, 8, 23], [9, 15, 10, 14], [11, 2, 12, 3], [13, 7, 14, 6], [15, 24, 16, 1], [17, 11, 18, 10]]"
12a_1199_91,"[[17, 11, 18, 10], [19, 5, 20, 4], [21, 12, 22, 13], [23, 8, 24, 9], [1, 16, 2, 17], [3, 19, 4, 18], [5, 21, 6, 20], [7, 22, 8, 23], [9, 15, 10, 14], [11, 2, 12, 3], [13, 7, 14, 6], [15, 24, 16, 1]]"
12a_1199_92,"[[15, 24, 16, 1], [17, 11, 18, 10], [19, 5, 20, 4], [21, 12, 22, 13], [23, 8, 24, 9], [1, 16, 2, 17], [3, 19, 4, 18], [5, 21, 6, 20], [7, 22, 8, 23], [9, 15, 10, 14], [11, 2, 12, 3], [13, 7, 14, 6]]"
12a_1199_93,"[[13, 7, 14, 6], [15, 24, 16, 1], [17, 11, 18, 10], [19, 5, 20, 4], [21, 12, 22, 13], [23, 8, 24, 9], [1, 16, 2, 17], [3, 19, 4, 18], [5, 21, 6, 20], [7, 22, 8, 23], [9, 15, 10, 14], [11, 2, 12, 3]]"
12a_1199_94,"[[11, 2, 12, 3], [13, 7, 14, 6], [15, 24, 16, 1], [17, 11, 18, 10], [19, 5, 20, 4], [21, 12, 22, 13], [23, 8, 24, 9], [1, 16, 2, 17], [3, 19, 4, 18], [5, 21, 6, 20], [7, 22, 8, 23], [9, 15, 10, 14]]"
12a_1199_95,"[[9, 15, 10, 14], [11, 2, 12, 3], [13, 7, 14, 6], [15, 24, 16, 1], [17, 11, 18, 10], [19, 5, 20, 4], [21, 12, 22, 13], [23, 8, 24, 9], [1, 16, 2, 17], [3, 19, 4, 18], [5, 21, 6, 20], [7, 22, 8, 23]]"
12a_1199_96,"[[8, 23, 9, 24], [10, 16, 11, 15], [12, 3, 13, 4], [14, 8, 15, 7], [16, 1, 17, 2], [18, 12, 19, 11], [20, 6, 21, 5], [22, 13, 23, 14], [24, 9, 1, 10], [2, 17, 3, 18], [4, 20, 5, 19], [6, 22, 7, 21]]"
12a_1199_97,"[[6, 22, 7, 21], [8, 23, 9, 24], [10, 16, 11, 15], [12, 3, 13, 4], [14, 8, 15, 7], [16, 1, 17, 2], [18, 12, 19, 11], [20, 6, 21, 5], [22, 13, 23, 14], [24, 9, 1, 10], [2, 17, 3, 18], [4, 20, 5, 19]]"
12a_1199_98,"[[4, 20, 5, 19], [6, 22, 7, 21], [8, 23, 9, 24], [10, 16, 11, 15], [12, 3, 13, 4], [14, 8, 15, 7], [16, 1, 17, 2], [18, 12, 19, 11], [20, 6, 21, 5], [22, 13, 23, 14], [24, 9, 1, 10], [2, 17, 3, 18]]"
12a_1199_99,"[[2, 17, 3, 18], [4, 20, 5, 19], [6, 22, 7, 21], [8, 23, 9, 24], [10, 16, 11, 15], [12, 3, 13, 4], [14, 8, 15, 7], [16, 1, 17, 2], [18, 12, 19, 11], [20, 6, 21, 5], [22, 13, 23, 14], [24, 9, 1, 10]]"
12a_1199_100,"[[24, 9, 1, 10], [2, 17, 3, 18], [4, 20, 5, 19], [6, 22, 7, 21], [8, 23, 9, 24], [10, 16, 11, 15], [12, 3, 13, 4], [14, 8, 15, 7], [16, 1, 17, 2], [18, 12, 19, 11], [20, 6, 21, 5], [22, 13, 23, 14]]"
12a_1199_101,"[[22, 13, 23, 14], [24, 9, 1, 10], [2, 17, 3, 18], [4, 20, 5, 19], [6, 22, 7, 21], [8, 23, 9, 24], [10, 16, 11, 15], [12, 3, 13, 4], [14, 8, 15, 7], [16, 1, 17, 2], [18, 12, 19, 11], [20, 6, 21, 5]]"
12a_1199_102,"[[20, 6, 21, 5], [22, 13, 23, 14], [24, 9, 1, 10], [2, 17, 3, 18], [4, 20, 5, 19], [6, 22, 7, 21], [8, 23, 9, 24], [10, 16, 11, 15], [12, 3, 13, 4], [14, 8, 15, 7], [16, 1, 17, 2], [18, 12, 19, 11]]"
12a_1199_103,"[[18, 12, 19, 11], [20, 6, 21, 5], [22, 13, 23, 14], [24, 9, 1, 10], [2, 17, 3, 18], [4, 20, 5, 19], [6, 22, 7, 21], [8, 23, 9, 24], [10, 16, 11, 15], [12, 3, 13, 4], [14, 8, 15, 7], [16, 1, 17, 2]]"
12a_1199_104,"[[16, 1, 17, 2], [18, 12, 19, 11], [20, 6, 21, 5], [22, 13, 23, 14], [24, 9, 1, 10], [2, 17, 3, 18], [4, 20, 5, 19], [6, 22, 7, 21], [8, 23, 9, 24], [10, 16, 11, 15], [12, 3, 13, 4], [14, 8, 15, 7]]"
12a_1199_105,"[[14, 8, 15, 7], [16, 1, 17, 2], [18, 12, 19, 11], [20, 6, 21, 5], [22, 13, 23, 14], [24, 9, 1, 10], [2, 17, 3, 18], [4, 20, 5, 19], [6, 22, 7, 21], [8, 23, 9, 24], [10, 16, 11, 15], [12, 3, 13, 4]]"
12a_1199_106,"[[12, 3, 13, 4], [14, 8, 15, 7], [16, 1, 17, 2], [18, 12, 19, 11], [20, 6, 21, 5], [22, 13, 23, 14], [24, 9, 1, 10], [2, 17, 3, 18], [4, 20, 5, 19], [6, 22, 7, 21], [8, 23, 9, 24], [10, 16, 11, 15]]"
12a_1199_107,"[[10, 16, 11, 15], [12, 3, 13, 4], [14, 8, 15, 7], [16, 1, 17, 2], [18, 12, 19, 11], [20, 6, 21, 5], [22, 13, 23, 14], [24, 9, 1, 10], [2, 17, 3, 18], [4, 20, 5, 19], [6, 22, 7, 21], [8, 23, 9, 24]]"
12a_1199_108,"[[9, 24, 10, 1], [11, 17, 12, 16], [13, 4, 14, 5], [15, 9, 16, 8], [17, 2, 18, 3], [19, 13, 20, 12], [21, 7, 22, 6], [23, 14, 24, 15], [1, 10, 2, 11], [3, 18, 4, 19], [5, 21, 6, 20], [7, 23, 8, 22]]"
12a_1199_109,"[[7, 23, 8, 22], [9, 24, 10, 1], [11, 17, 12, 16], [13, 4, 14, 5], [15, 9, 16, 8], [17, 2, 18, 3], [19, 13, 20, 12], [21, 7, 22, 6], [23, 14, 24, 15], [1, 10, 2, 11], [3, 18, 4, 19], [5, 21, 6, 20]]"
12a_1199_110,"[[5, 21, 6, 20], [7, 23, 8, 22], [9, 24, 10, 1], [11, 17, 12, 16], [13, 4, 14, 5], [15, 9, 16, 8], [17, 2, 18, 3], [19, 13, 20, 12], [21, 7, 22, 6], [23, 14, 24, 15], [1, 10, 2, 11], [3, 18, 4, 19]]"
12a_1199_111,"[[3, 18, 4, 19], [5, 21, 6, 20], [7, 23, 8, 22], [9, 24, 10, 1], [11, 17, 12, 16], [13, 4, 14, 5], [15, 9, 16, 8], [17, 2, 18, 3], [19, 13, 20, 12], [21, 7, 22, 6], [23, 14, 24, 15], [1, 10, 2, 11]]"
12a_1199_112,"[[1, 10, 2, 11], [3, 18, 4, 19], [5, 21, 6, 20], [7, 23, 8, 22], [9, 24, 10, 1], [11, 17, 12, 16], [13, 4, 14, 5], [15, 9, 16, 8], [17, 2, 18, 3], [19, 13, 20, 12], [21, 7, 22, 6], [23, 14, 24, 15]]"
12a_1199_113,"[[23, 14, 24, 15], [1, 10, 2, 11], [3, 18, 4, 19], [5, 21, 6, 20], [7, 23, 8, 22], [9, 24, 10, 1], [11, 17, 12, 16], [13, 4, 14, 5], [15, 9, 16, 8], [17, 2, 18, 3], [19, 13, 20, 12], [21, 7, 22, 6]]"
12a_1199_114,"[[21, 7, 22, 6], [23, 14, 24, 15], [1, 10, 2, 11], [3, 18, 4, 19], [5, 21, 6, 20], [7, 23, 8, 22], [9, 24, 10, 1], [11, 17, 12, 16], [13, 4, 14, 5], [15, 9, 16, 8], [17, 2, 18, 3], [19, 13, 20, 12]]"
12a_1199_115,"[[19, 13, 20, 12], [21, 7, 22, 6], [23, 14, 24, 15], [1, 10, 2, 11], [3, 18, 4, 19], [5, 21, 6, 20], [7, 23, 8, 22], [9, 24, 10, 1], [11, 17, 12, 16], [13, 4, 14, 5], [15, 9, 16, 8], [17, 2, 18, 3]]"
12a_1199_116,"[[17, 2, 18, 3], [19, 13, 20, 12], [21, 7, 22, 6], [23, 14, 24, 15], [1, 10, 2, 11], [3, 18, 4, 19], [5, 21, 6, 20], [7, 23, 8, 22], [9, 24, 10, 1], [11, 17, 12, 16], [13, 4, 14, 5], [15, 9, 16, 8]]"
12a_1199_117,"[[15, 9, 16, 8], [17, 2, 18, 3], [19, 13, 20, 12], [21, 7, 22, 6], [23, 14, 24, 15], [1, 10, 2, 11], [3, 18, 4, 19], [5, 21, 6, 20], [7, 23, 8, 22], [9, 24, 10, 1], [11, 17, 12, 16], [13, 4, 14, 5]]"
12a_1199_118,"[[13, 4, 14, 5], [15, 9, 16, 8], [17, 2, 18, 3], [19, 13, 20, 12], [21, 7, 22, 6], [23, 14, 24, 15], [1, 10, 2, 11], [3, 18, 4, 19], [5, 21, 6, 20], [7, 23, 8, 22], [9, 24, 10, 1], [11, 17, 12, 16]]"
12a_1199_119,"[[11, 17, 12, 16], [13, 4, 14, 5], [15, 9, 16, 8], [17, 2, 18, 3], [19, 13, 20, 12], [21, 7, 22, 6], [23, 14, 24, 15], [1, 10, 2, 11], [3, 18, 4, 19], [5, 21, 6, 20], [7, 23, 8, 22], [9, 24, 10, 1]]"
12a_1199_120,"[[10, 1, 11, 2], [12, 18, 13, 17], [14, 5, 15, 6], [16, 10, 17, 9], [18, 3, 19, 4], [20, 14, 21, 13], [22, 8, 23, 7], [24, 15, 1, 16], [2, 11, 3, 12], [4, 19, 5, 20], [6, 22, 7, 21], [8, 24, 9, 23]]"
12a_1199_121,"[[8, 24, 9, 23], [10, 1, 11, 2], [12, 18, 13, 17], [14, 5, 15, 6], [16, 10, 17, 9], [18, 3, 19, 4], [20, 14, 21, 13], [22, 8, 23, 7], [24, 15, 1, 16], [2, 11, 3, 12], [4, 19, 5, 20], [6, 22, 7, 21]]"
12a_1199_122,"[[6, 22, 7, 21], [8, 24, 9, 23], [10, 1, 11, 2], [12, 18, 13, 17], [14, 5, 15, 6], [16, 10, 17, 9], [18, 3, 19, 4], [20, 14, 21, 13], [22, 8, 23, 7], [24, 15, 1, 16], [2, 11, 3, 12], [4, 19, 5, 20]]"
12a_1199_123,"[[4, 19, 5, 20], [6, 22, 7, 21], [8, 24, 9, 23], [10, 1, 11, 2], [12, 18, 13, 17], [14, 5, 15, 6], [16, 10, 17, 9], [18, 3, 19, 4], [20, 14, 21, 13], [22, 8, 23, 7], [24, 15, 1, 16], [2, 11, 3, 12]]"
12a_1199_124,"[[2, 11, 3, 12], [4, 19, 5, 20], [6, 22, 7, 21], [8, 24, 9, 23], [10, 1, 11, 2], [12, 18, 13, 17], [14, 5, 15, 6], [16, 10, 17, 9], [18, 3, 19, 4], [20, 14, 21, 13], [22, 8, 23, 7], [24, 15, 1, 16]]"
12a_1199_125,"[[24, 15, 1, 16], [2, 11, 3, 12], [4, 19, 5, 20], [6, 22, 7, 21], [8, 24, 9, 23], [10, 1, 11, 2], [12, 18, 13, 17], [14, 5, 15, 6], [16, 10, 17, 9], [18, 3, 19, 4], [20, 14, 21, 13], [22, 8, 23, 7]]"
12a_1199_126,"[[22, 8, 23, 7], [24, 15, 1, 16], [2, 11, 3, 12], [4, 19, 5, 20], [6, 22, 7, 21], [8, 24, 9, 23], [10, 1, 11, 2], [12, 18, 13, 17], [14, 5, 15, 6], [16, 10, 17, 9], [18, 3, 19, 4], [20, 14, 21, 13]]"
12a_1199_127,"[[20, 14, 21, 13], [22, 8, 23, 7], [24, 15, 1, 16], [2, 11, 3, 12], [4, 19, 5, 20], [6, 22, 7, 21], [8, 24, 9, 23], [10, 1, 11, 2], [12, 18, 13, 17], [14, 5, 15, 6], [16, 10, 17, 9], [18, 3, 19, 4]]"
12a_1199_128,"[[18, 3, 19, 4], [20, 14, 21, 13], [22, 8, 23, 7], [24, 15, 1, 16], [2, 11, 3, 12], [4, 19, 5, 20], [6, 22, 7, 21], [8, 24, 9, 23], [10, 1, 11, 2], [12, 18, 13, 17], [14, 5, 15, 6], [16, 10, 17, 9]]"
12a_1199_129,"[[16, 10, 17, 9], [18, 3, 19, 4], [20, 14, 21, 13], [22, 8, 23, 7], [24, 15, 1, 16], [2, 11, 3, 12], [4, 19, 5, 20], [6, 22, 7, 21], [8, 24, 9, 23], [10, 1, 11, 2], [12, 18, 13, 17], [14, 5, 15, 6]]"
12a_1199_130,"[[14, 5, 15, 6], [16, 10, 17, 9], [18, 3, 19, 4], [20, 14, 21, 13], [22, 8, 23, 7], [24, 15, 1, 16], [2, 11, 3, 12], [4, 19, 5, 20], [6, 22, 7, 21], [8, 24, 9, 23], [10, 1, 11, 2], [12, 18, 13, 17]]"
12a_1199_131,"[[12, 18, 13, 17], [14, 5, 15, 6], [16, 10, 17, 9], [18, 3, 19, 4], [20, 14, 21, 13], [22, 8, 23, 7], [24, 15, 1, 16], [2, 11, 3, 12], [4, 19, 5, 20], [6, 22, 7, 21], [8, 24, 9, 23], [10, 1, 11, 2]]"
12a_1199_132,"[[11, 2, 12, 3], [13, 19, 14, 18], [15, 6, 16, 7], [17, 11, 18, 10], [19, 4, 20, 5], [21, 15, 22, 14], [23, 9, 24, 8], [1, 16, 2, 17], [3, 12, 4, 13], [5, 20, 6, 21], [7, 23, 8, 22], [9, 1, 10, 24]]"
12a_1199_133,"[[9, 1, 10, 24], [11, 2, 12, 3], [13, 19, 14, 18], [15, 6, 16, 7], [17, 11, 18, 10], [19, 4, 20, 5], [21, 15, 22, 14], [23, 9, 24, 8], [1, 16, 2, 17], [3, 12, 4, 13], [5, 20, 6, 21], [7, 23, 8, 22]]"
12a_1199_134,"[[7, 23, 8, 22], [9, 1, 10, 24], [11, 2, 12, 3], [13, 19, 14, 18], [15, 6, 16, 7], [17, 11, 18, 10], [19, 4, 20, 5], [21, 15, 22, 14], [23, 9, 24, 8], [1, 16, 2, 17], [3, 12, 4, 13], [5, 20, 6, 21]]"
12a_1199_135,"[[5, 20, 6, 21], [7, 23, 8, 22], [9, 1, 10, 24], [11, 2, 12, 3], [13, 19, 14, 18], [15, 6, 16, 7], [17, 11, 18, 10], [19, 4, 20, 5], [21, 15, 22, 14], [23, 9, 24, 8], [1, 16, 2, 17], [3, 12, 4, 13]]"
12a_1199_136,"[[3, 12, 4, 13], [5, 20, 6, 21], [7, 23, 8, 22], [9, 1, 10, 24], [11, 2, 12, 3], [13, 19, 14, 18], [15, 6, 16, 7], [17, 11, 18, 10], [19, 4, 20, 5], [21, 15, 22, 14], [23, 9, 24, 8], [1, 16, 2, 17]]"
12a_1199_137,"[[1, 16, 2, 17], [3, 12, 4, 13], [5, 20, 6, 21], [7, 23, 8, 22], [9, 1, 10, 24], [11, 2, 12, 3], [13, 19, 14, 18], [15, 6, 16, 7], [17, 11, 18, 10], [19, 4, 20, 5], [21, 15, 22, 14], [23, 9, 24, 8]]"
12a_1199_138,"[[23, 9, 24, 8], [1, 16, 2, 17], [3, 12, 4, 13], [5, 20, 6, 21], [7, 23, 8, 22], [9, 1, 10, 24], [11, 2, 12, 3], [13, 19, 14, 18], [15, 6, 16, 7], [17, 11, 18, 10], [19, 4, 20, 5], [21, 15, 22, 14]]"
12a_1199_139,"[[21, 15, 22, 14], [23, 9, 24, 8], [1, 16, 2, 17], [3, 12, 4, 13], [5, 20, 6, 21], [7, 23, 8, 22], [9, 1, 10, 24], [11, 2, 12, 3], [13, 19, 14, 18], [15, 6, 16, 7], [17, 11, 18, 10], [19, 4, 20, 5]]"
12a_1199_140,"[[19, 4, 20, 5], [21, 15, 22, 14], [23, 9, 24, 8], [1, 16, 2, 17], [3, 12, 4, 13], [5, 20, 6, 21], [7, 23, 8, 22], [9, 1, 10, 24], [11, 2, 12, 3], [13, 19, 14, 18], [15, 6, 16, 7], [17, 11, 18, 10]]"
12a_1199_141,"[[17, 11, 18, 10], [19, 4, 20, 5], [21, 15, 22, 14], [23, 9, 24, 8], [1, 16, 2, 17], [3, 12, 4, 13], [5, 20, 6, 21], [7, 23, 8, 22], [9, 1, 10, 24], [11, 2, 12, 3], [13, 19, 14, 18], [15, 6, 16, 7]]"
12a_1199_142,"[[15, 6, 16, 7], [17, 11, 18, 10], [19, 4, 20, 5], [21, 15, 22, 14], [23, 9, 24, 8], [1, 16, 2, 17], [3, 12, 4, 13], [5, 20, 6, 21], [7, 23, 8, 22], [9, 1, 10, 24], [11, 2, 12, 3], [13, 19, 14, 18]]"
12a_1199_143,"[[13, 19, 14, 18], [15, 6, 16, 7], [17, 11, 18, 10], [19, 4, 20, 5], [21, 15, 22, 14], [23, 9, 24, 8], [1, 16, 2, 17], [3, 12, 4, 13], [5, 20, 6, 21], [7, 23, 8, 22], [9, 1, 10, 24], [11, 2, 12, 3]]"
12a_1199_144,"[[12, 3, 13, 4], [14, 20, 15, 19], [16, 7, 17, 8], [18, 12, 19, 11], [20, 5, 21, 6], [22, 16, 23, 15], [24, 10, 1, 9], [2, 17, 3, 18], [4, 13, 5, 14], [6, 21, 7, 22], [8, 24, 9, 23], [10, 2, 11, 1]]"
12a_1199_145,"[[10, 2, 11, 1], [12, 3, 13, 4], [14, 20, 15, 19], [16, 7, 17, 8], [18, 12, 19, 11], [20, 5, 21, 6], [22, 16, 23, 15], [24, 10, 1, 9], [2, 17, 3, 18], [4, 13, 5, 14], [6, 21, 7, 22], [8, 24, 9, 23]]"
12a_1199_146,"[[8, 24, 9, 23], [10, 2, 11, 1], [12, 3, 13, 4], [14, 20, 15, 19], [16, 7, 17, 8], [18, 12, 19, 11], [20, 5, 21, 6], [22, 16, 23, 15], [24, 10, 1, 9], [2, 17, 3, 18], [4, 13, 5, 14], [6, 21, 7, 22]]"
12a_1199_147,"[[6, 21, 7, 22], [8, 24, 9, 23], [10, 2, 11, 1], [12, 3, 13, 4], [14, 20, 15, 19], [16, 7, 17, 8], [18, 12, 19, 11], [20, 5, 21, 6], [22, 16, 23, 15], [24, 10, 1, 9], [2, 17, 3, 18], [4, 13, 5, 14]]"
12a_1199_148,"[[4, 13, 5, 14], [6, 21, 7, 22], [8, 24, 9, 23], [10, 2, 11, 1], [12, 3, 13, 4], [14, 20, 15, 19], [16, 7, 17, 8], [18, 12, 19, 11], [20, 5, 21, 6], [22, 16, 23, 15], [24, 10, 1, 9], [2, 17, 3, 18]]"
12a_1199_149,"[[2, 17, 3, 18], [4, 13, 5, 14], [6, 21, 7, 22], [8, 24, 9, 23], [10, 2, 11, 1], [12, 3, 13, 4], [14, 20, 15, 19], [16, 7, 17, 8], [18, 12, 19, 11], [20, 5, 21, 6], [22, 16, 23, 15], [24, 10, 1, 9]]"
12a_1199_150,"[[24, 10, 1, 9], [2, 17, 3, 18], [4, 13, 5, 14], [6, 21, 7, 22], [8, 24, 9, 23], [10, 2, 11, 1], [12, 3, 13, 4], [14, 20, 15, 19], [16, 7, 17, 8], [18, 12, 19, 11], [20, 5, 21, 6], [22, 16, 23, 15]]"
12a_1199_151,"[[22, 16, 23, 15], [24, 10, 1, 9], [2, 17, 3, 18], [4, 13, 5, 14], [6, 21, 7, 22], [8, 24, 9, 23], [10, 2, 11, 1], [12, 3, 13, 4], [14, 20, 15, 19], [16, 7, 17, 8], [18, 12, 19, 11], [20, 5, 21, 6]]"
12a_1199_152,"[[20, 5, 21, 6], [22, 16, 23, 15], [24, 10, 1, 9], [2, 17, 3, 18], [4, 13, 5, 14], [6, 21, 7, 22], [8, 24, 9, 23], [10, 2, 11, 1], [12, 3, 13, 4], [14, 20, 15, 19], [16, 7, 17, 8], [18, 12, 19, 11]]"
12a_1199_153,"[[18, 12, 19, 11], [20, 5, 21, 6], [22, 16, 23, 15], [24, 10, 1, 9], [2, 17, 3, 18], [4, 13, 5, 14], [6, 21, 7, 22], [8, 24, 9, 23], [10, 2, 11, 1], [12, 3, 13, 4], [14, 20, 15, 19], [16, 7, 17, 8]]"
12a_1199_154,"[[16, 7, 17, 8], [18, 12, 19, 11], [20, 5, 21, 6], [22, 16, 23, 15], [24, 10, 1, 9], [2, 17, 3, 18], [4, 13, 5, 14], [6, 21, 7, 22], [8, 24, 9, 23], [10, 2, 11, 1], [12, 3, 13, 4], [14, 20, 15, 19]]"
12a_1199_155,"[[14, 20, 15, 19], [16, 7, 17, 8], [18, 12, 19, 11], [20, 5, 21, 6], [22, 16, 23, 15], [24, 10, 1, 9], [2, 17, 3, 18], [4, 13, 5, 14], [6, 21, 7, 22], [8, 24, 9, 23], [10, 2, 11, 1], [12, 3, 13, 4]]"
12a_1199_156,"[[13, 4, 14, 5], [15, 21, 16, 20], [17, 8, 18, 9], [19, 13, 20, 12], [21, 6, 22, 7], [23, 17, 24, 16], [1, 11, 2, 10], [3, 18, 4, 19], [5, 14, 6, 15], [7, 22, 8, 23], [9, 1, 10, 24], [11, 3, 12, 2]]"
12a_1199_157,"[[11, 3, 12, 2], [13, 4, 14, 5], [15, 21, 16, 20], [17, 8, 18, 9], [19, 13, 20, 12], [21, 6, 22, 7], [23, 17, 24, 16], [1, 11, 2, 10], [3, 18, 4, 19], [5, 14, 6, 15], [7, 22, 8, 23], [9, 1, 10, 24]]"
12a_1199_158,"[[9, 1, 10, 24], [11, 3, 12, 2], [13, 4, 14, 5], [15, 21, 16, 20], [17, 8, 18, 9], [19, 13, 20, 12], [21, 6, 22, 7], [23, 17, 24, 16], [1, 11, 2, 10], [3, 18, 4, 19], [5, 14, 6, 15], [7, 22, 8, 23]]"
12a_1199_159,"[[7, 22, 8, 23], [9, 1, 10, 24], [11, 3, 12, 2], [13, 4, 14, 5], [15, 21, 16, 20], [17, 8, 18, 9], [19, 13, 20, 12], [21, 6, 22, 7], [23, 17, 24, 16], [1, 11, 2, 10], [3, 18, 4, 19], [5, 14, 6, 15]]"
12a_1199_160,"[[5, 14, 6, 15], [7, 22, 8, 23], [9, 1, 10, 24], [11, 3, 12, 2], [13, 4, 14, 5], [15, 21, 16, 20], [17, 8, 18, 9], [19, 13, 20, 12], [21, 6, 22, 7], [23, 17, 24, 16], [1, 11, 2, 10], [3, 18, 4, 19]]"
12a_1199_161,"[[3, 18, 4, 19], [5, 14, 6, 15], [7, 22, 8, 23], [9, 1, 10, 24], [11, 3, 12, 2], [13, 4, 14, 5], [15, 21, 16, 20], [17, 8, 18, 9], [19, 13, 20, 12], [21, 6, 22, 7], [23, 17, 24, 16], [1, 11, 2, 10]]"
12a_1199_162,"[[1, 11, 2, 10], [3, 18, 4, 19], [5, 14, 6, 15], [7, 22, 8, 23], [9, 1, 10, 24], [11, 3, 12, 2], [13, 4, 14, 5], [15, 21, 16, 20], [17, 8, 18, 9], [19, 13, 20, 12], [21, 6, 22, 7], [23, 17, 24, 16]]"
12a_1199_163,"[[23, 17, 24, 16], [1, 11, 2, 10], [3, 18, 4, 19], [5, 14, 6, 15], [7, 22, 8, 23], [9, 1, 10, 24], [11, 3, 12, 2], [13, 4, 14, 5], [15, 21, 16, 20], [17, 8, 18, 9], [19, 13, 20, 12], [21, 6, 22, 7]]"
12a_1199_164,"[[21, 6, 22, 7], [23, 17, 24, 16], [1, 11, 2, 10], [3, 18, 4, 19], [5, 14, 6, 15], [7, 22, 8, 23], [9, 1, 10, 24], [11, 3, 12, 2], [13, 4, 14, 5], [15, 21, 16, 20], [17, 8, 18, 9], [19, 13, 20, 12]]"
12a_1199_165,"[[19, 13, 20, 12], [21, 6, 22, 7], [23, 17, 24, 16], [1, 11, 2, 10], [3, 18, 4, 19], [5, 14, 6, 15], [7, 22, 8, 23], [9, 1, 10, 24], [11, 3, 12, 2], [13, 4, 14, 5], [15, 21, 16, 20], [17, 8, 18, 9]]"
12a_1199_166,"[[17, 8, 18, 9], [19, 13, 20, 12], [21, 6, 22, 7], [23, 17, 24, 16], [1, 11, 2, 10], [3, 18, 4, 19], [5, 14, 6, 15], [7, 22, 8, 23], [9, 1, 10, 24], [11, 3, 12, 2], [13, 4, 14, 5], [15, 21, 16, 20]]"
12a_1199_167,"[[15, 21, 16, 20], [17, 8, 18, 9], [19, 13, 20, 12], [21, 6, 22, 7], [23, 17, 24, 16], [1, 11, 2, 10], [3, 18, 4, 19], [5, 14, 6, 15], [7, 22, 8, 23], [9, 1, 10, 24], [11, 3, 12, 2], [13, 4, 14, 5]]"
12a_1199_168,"[[14, 5, 15, 6], [16, 22, 17, 21], [18, 9, 19, 10], [20, 14, 21, 13], [22, 7, 23, 8], [24, 18, 1, 17], [2, 12, 3, 11], [4, 19, 5, 20], [6, 15, 7, 16], [8, 23, 9, 24], [10, 2, 11, 1], [12, 4, 13, 3]]"
12a_1199_169,"[[12, 4, 13, 3], [14, 5, 15, 6], [16, 22, 17, 21], [18, 9, 19, 10], [20, 14, 21, 13], [22, 7, 23, 8], [24, 18, 1, 17], [2, 12, 3, 11], [4, 19, 5, 20], [6, 15, 7, 16], [8, 23, 9, 24], [10, 2, 11, 1]]"
12a_1199_170,"[[10, 2, 11, 1], [12, 4, 13, 3], [14, 5, 15, 6], [16, 22, 17, 21], [18, 9, 19, 10], [20, 14, 21, 13], [22, 7, 23, 8], [24, 18, 1, 17], [2, 12, 3, 11], [4, 19, 5, 20], [6, 15, 7, 16], [8, 23, 9, 24]]"
12a_1199_171,"[[8, 23, 9, 24], [10, 2, 11, 1], [12, 4, 13, 3], [14, 5, 15, 6], [16, 22, 17, 21], [18, 9, 19, 10], [20, 14, 21, 13], [22, 7, 23, 8], [24, 18, 1, 17], [2, 12, 3, 11], [4, 19, 5, 20], [6, 15, 7, 16]]"
12a_1199_172,"[[6, 15, 7, 16], [8, 23, 9, 24], [10, 2, 11, 1], [12, 4, 13, 3], [14, 5, 15, 6], [16, 22, 17, 21], [18, 9, 19, 10], [20, 14, 21, 13], [22, 7, 23, 8], [24, 18, 1, 17], [2, 12, 3, 11], [4, 19, 5, 20]]"
12a_1199_173,"[[4, 19, 5, 20], [6, 15, 7, 16], [8, 23, 9, 24], [10, 2, 11, 1], [12, 4, 13, 3], [14, 5, 15, 6], [16, 22, 17, 21], [18, 9, 19, 10], [20, 14, 21, 13], [22, 7, 23, 8], [24, 18, 1, 17], [2, 12, 3, 11]]"
12a_1199_174,"[[2, 12, 3, 11], [4, 19, 5, 20], [6, 15, 7, 16], [8, 23, 9, 24], [10, 2, 11, 1], [12, 4, 13, 3], [14, 5, 15, 6], [16, 22, 17, 21], [18, 9, 19, 10], [20, 14, 21, 13], [22, 7, 23, 8], [24, 18, 1, 17]]"
12a_1199_175,"[[24, 18, 1, 17], [2, 12, 3, 11], [4, 19, 5, 20], [6, 15, 7, 16], [8, 23, 9, 24], [10, 2, 11, 1], [12, 4, 13, 3], [14, 5, 15, 6], [16, 22, 17, 21], [18, 9, 19, 10], [20, 14, 21, 13], [22, 7, 23, 8]]"
12a_1199_176,"[[22, 7, 23, 8], [24, 18, 1, 17], [2, 12, 3, 11], [4, 19, 5, 20], [6, 15, 7, 16], [8, 23, 9, 24], [10, 2, 11, 1], [12, 4, 13, 3], [14, 5, 15, 6], [16, 22, 17, 21], [18, 9, 19, 10], [20, 14, 21, 13]]"
12a_1199_177,"[[20, 14, 21, 13], [22, 7, 23, 8], [24, 18, 1, 17], [2, 12, 3, 11], [4, 19, 5, 20], [6, 15, 7, 16], [8, 23, 9, 24], [10, 2, 11, 1], [12, 4, 13, 3], [14, 5, 15, 6], [16, 22, 17, 21], [18, 9, 19, 10]]"
12a_1199_178,"[[18, 9, 19, 10], [20, 14, 21, 13], [22, 7, 23, 8], [24, 18, 1, 17], [2, 12, 3, 11], [4, 19, 5, 20], [6, 15, 7, 16], [8, 23, 9, 24], [10, 2, 11, 1], [12, 4, 13, 3], [14, 5, 15, 6], [16, 22, 17, 21]]"
12a_1199_179,"[[16, 22, 17, 21], [18, 9, 19, 10], [20, 14, 21, 13], [22, 7, 23, 8], [24, 18, 1, 17], [2, 12, 3, 11], [4, 19, 5, 20], [6, 15, 7, 16], [8, 23, 9, 24], [10, 2, 11, 1], [12, 4, 13, 3], [14, 5, 15, 6]]"
12a_1199_180,"[[15, 6, 16, 7], [17, 23, 18, 22], [19, 10, 20, 11], [21, 15, 22, 14], [23, 8, 24, 9], [1, 19, 2, 18], [3, 13, 4, 12], [5, 20, 6, 21], [7, 16, 8, 17], [9, 24, 10, 1], [11, 3, 12, 2], [13, 5, 14, 4]]"
12a_1199_181,"[[13, 5, 14, 4], [15, 6, 16, 7], [17, 23, 18, 22], [19, 10, 20, 11], [21, 15, 22, 14], [23, 8, 24, 9], [1, 19, 2, 18], [3, 13, 4, 12], [5, 20, 6, 21], [7, 16, 8, 17], [9, 24, 10, 1], [11, 3, 12, 2]]"
12a_1199_182,"[[11, 3, 12, 2], [13, 5, 14, 4], [15, 6, 16, 7], [17, 23, 18, 22], [19, 10, 20, 11], [21, 15, 22, 14], [23, 8, 24, 9], [1, 19, 2, 18], [3, 13, 4, 12], [5, 20, 6, 21], [7, 16, 8, 17], [9, 24, 10, 1]]"
12a_1199_183,"[[9, 24, 10, 1], [11, 3, 12, 2], [13, 5, 14, 4], [15, 6, 16, 7], [17, 23, 18, 22], [19, 10, 20, 11], [21, 15, 22, 14], [23, 8, 24, 9], [1, 19, 2, 18], [3, 13, 4, 12], [5, 20, 6, 21], [7, 16, 8, 17]]"
12a_1199_184,"[[7, 16, 8, 17], [9, 24, 10, 1], [11, 3, 12, 2], [13, 5, 14, 4], [15, 6, 16, 7], [17, 23, 18, 22], [19, 10, 20, 11], [21, 15, 22, 14], [23, 8, 24, 9], [1, 19, 2, 18], [3, 13, 4, 12], [5, 20, 6, 21]]"
12a_1199_185,"[[5, 20, 6, 21], [7, 16, 8, 17], [9, 24, 10, 1], [11, 3, 12, 2], [13, 5, 14, 4], [15, 6, 16, 7], [17, 23, 18, 22], [19, 10, 20, 11], [21, 15, 22, 14], [23, 8, 24, 9], [1, 19, 2, 18], [3, 13, 4, 12]]"
