name,pd_notation
12n_0419_0,"[[7, 1, 8, 24], [2, 6, 3, 5], [4, 12, 5, 11], [15, 7, 16, 6], [21, 9, 22, 8], [10, 4, 11, 3], [19, 13, 20, 12], [1, 15, 2, 14], [23, 16, 24, 17], [9, 19, 10, 18], [13, 21, 14, 20], [17, 22, 18, 23]]"
12n_0419_1,"[[17, 22, 18, 23], [7, 1, 8, 24], [2, 6, 3, 5], [4, 12, 5, 11], [15, 7, 16, 6], [21, 9, 22, 8], [10, 4, 11, 3], [19, 13, 20, 12], [1, 15, 2, 14], [23, 16, 24, 17], [9, 19, 10, 18], [13, 21, 14, 20]]"
12n_0419_2,"[[13, 21, 14, 20], [17, 22, 18, 23], [7, 1, 8, 24], [2, 6, 3, 5], [4, 12, 5, 11], [15, 7, 16, 6], [21, 9, 22, 8], [10, 4, 11, 3], [19, 13, 20, 12], [1, 15, 2, 14], [23, 16, 24, 17], [9, 19, 10, 18]]"
12n_0419_3,"[[9, 19, 10, 18], [13, 21, 14, 20], [17, 22, 18, 23], [7, 1, 8, 24], [2, 6, 3, 5], [4, 12, 5, 11], [15, 7, 16, 6], [21, 9, 22, 8], [10, 4, 11, 3], [19, 13, 20, 12], [1, 15, 2, 14], [23, 16, 24, 17]]"
12n_0419_4,"[[23, 16, 24, 17], [9, 19, 10, 18], [13, 21, 14, 20], [17, 22, 18, 23], [7, 1, 8, 24], [2, 6, 3, 5], [4, 12, 5, 11], [15, 7, 16, 6], [21, 9, 22, 8], [10, 4, 11, 3], [19, 13, 20, 12], [1, 15, 2, 14]]"
12n_0419_5,"[[1, 15, 2, 14], [23, 16, 24, 17], [9, 19, 10, 18], [13, 21, 14, 20], [17, 22, 18, 23], [7, 1, 8, 24], [2, 6, 3, 5], [4, 12, 5, 11], [15, 7, 16, 6], [21, 9, 22, 8], [10, 4, 11, 3], [19, 13, 20, 12]]"
12n_0419_6,"[[19, 13, 20, 12], [1, 15, 2, 14], [23, 16, 24, 17], [9, 19, 10, 18], [13, 21, 14, 20], [17, 22, 18, 23], [7, 1, 8, 24], [2, 6, 3, 5], [4, 12, 5, 11], [15, 7, 16, 6], [21, 9, 22, 8], [10, 4, 11, 3]]"
12n_0419_7,"[[10, 4, 11, 3], [19, 13, 20, 12], [1, 15, 2, 14], [23, 16, 24, 17], [9, 19, 10, 18], [13, 21, 14, 20], [17, 22, 18, 23], [7, 1, 8, 24], [2, 6, 3, 5], [4, 12, 5, 11], [15, 7, 16, 6], [21, 9, 22, 8]]"
12n_0419_8,"[[21, 9, 22, 8], [10, 4, 11, 3], [19, 13, 20, 12], [1, 15, 2, 14], [23, 16, 24, 17], [9, 19, 10, 18], [13, 21, 14, 20], [17, 22, 18, 23], [7, 1, 8, 24], [2, 6, 3, 5], [4, 12, 5, 11], [15, 7, 16, 6]]"
12n_0419_9,"[[15, 7, 16, 6], [21, 9, 22, 8], [10, 4, 11, 3], [19, 13, 20, 12], [1, 15, 2, 14], [23, 16, 24, 17], [9, 19, 10, 18], [13, 21, 14, 20], [17, 22, 18, 23], [7, 1, 8, 24], [2, 6, 3, 5], [4, 12, 5, 11]]"
12n_0419_10,"[[4, 12, 5, 11], [15, 7, 16, 6], [21, 9, 22, 8], [10, 4, 11, 3], [19, 13, 20, 12], [1, 15, 2, 14], [23, 16, 24, 17], [9, 19, 10, 18], [13, 21, 14, 20], [17, 22, 18, 23], [7, 1, 8, 24], [2, 6, 3, 5]]"
12n_0419_11,"[[2, 6, 3, 5], [4, 12, 5, 11], [15, 7, 16, 6], [21, 9, 22, 8], [10, 4, 11, 3], [19, 13, 20, 12], [1, 15, 2, 14], [23, 16, 24, 17], [9, 19, 10, 18], [13, 21, 14, 20], [17, 22, 18, 23], [7, 1, 8, 24]]"
12n_0419_12,"[[8, 2, 9, 1], [3, 7, 4, 6], [5, 13, 6, 12], [16, 8, 17, 7], [22, 10, 23, 9], [11, 5, 12, 4], [20, 14, 21, 13], [2, 16, 3, 15], [24, 17, 1, 18], [10, 20, 11, 19], [14, 22, 15, 21], [18, 23, 19, 24]]"
12n_0419_13,"[[18, 23, 19, 24], [8, 2, 9, 1], [3, 7, 4, 6], [5, 13, 6, 12], [16, 8, 17, 7], [22, 10, 23, 9], [11, 5, 12, 4], [20, 14, 21, 13], [2, 16, 3, 15], [24, 17, 1, 18], [10, 20, 11, 19], [14, 22, 15, 21]]"
12n_0419_14,"[[14, 22, 15, 21], [18, 23, 19, 24], [8, 2, 9, 1], [3, 7, 4, 6], [5, 13, 6, 12], [16, 8, 17, 7], [22, 10, 23, 9], [11, 5, 12, 4], [20, 14, 21, 13], [2, 16, 3, 15], [24, 17, 1, 18], [10, 20, 11, 19]]"
12n_0419_15,"[[10, 20, 11, 19], [14, 22, 15, 21], [18, 23, 19, 24], [8, 2, 9, 1], [3, 7, 4, 6], [5, 13, 6, 12], [16, 8, 17, 7], [22, 10, 23, 9], [11, 5, 12, 4], [20, 14, 21, 13], [2, 16, 3, 15], [24, 17, 1, 18]]"
12n_0419_16,"[[24, 17, 1, 18], [10, 20, 11, 19], [14, 22, 15, 21], [18, 23, 19, 24], [8, 2, 9, 1], [3, 7, 4, 6], [5, 13, 6, 12], [16, 8, 17, 7], [22, 10, 23, 9], [11, 5, 12, 4], [20, 14, 21, 13], [2, 16, 3, 15]]"
12n_0419_17,"[[2, 16, 3, 15], [24, 17, 1, 18], [10, 20, 11, 19], [14, 22, 15, 21], [18, 23, 19, 24], [8, 2, 9, 1], [3, 7, 4, 6], [5, 13, 6, 12], [16, 8, 17, 7], [22, 10, 23, 9], [11, 5, 12, 4], [20, 14, 21, 13]]"
12n_0419_18,"[[20, 14, 21, 13], [2, 16, 3, 15], [24, 17, 1, 18], [10, 20, 11, 19], [14, 22, 15, 21], [18, 23, 19, 24], [8, 2, 9, 1], [3, 7, 4, 6], [5, 13, 6, 12], [16, 8, 17, 7], [22, 10, 23, 9], [11, 5, 12, 4]]"
12n_0419_19,"[[11, 5, 12, 4], [20, 14, 21, 13], [2, 16, 3, 15], [24, 17, 1, 18], [10, 20, 11, 19], [14, 22, 15, 21], [18, 23, 19, 24], [8, 2, 9, 1], [3, 7, 4, 6], [5, 13, 6, 12], [16, 8, 17, 7], [22, 10, 23, 9]]"
12n_0419_20,"[[22, 10, 23, 9], [11, 5, 12, 4], [20, 14, 21, 13], [2, 16, 3, 15], [24, 17, 1, 18], [10, 20, 11, 19], [14, 22, 15, 21], [18, 23, 19, 24], [8, 2, 9, 1], [3, 7, 4, 6], [5, 13, 6, 12], [16, 8, 17, 7]]"
12n_0419_21,"[[16, 8, 17, 7], [22, 10, 23, 9], [11, 5, 12, 4], [20, 14, 21, 13], [2, 16, 3, 15], [24, 17, 1, 18], [10, 20, 11, 19], [14, 22, 15, 21], [18, 23, 19, 24], [8, 2, 9, 1], [3, 7, 4, 6], [5, 13, 6, 12]]"
12n_0419_22,"[[5, 13, 6, 12], [16, 8, 17, 7], [22, 10, 23, 9], [11, 5, 12, 4], [20, 14, 21, 13], [2, 16, 3, 15], [24, 17, 1, 18], [10, 20, 11, 19], [14, 22, 15, 21], [18, 23, 19, 24], [8, 2, 9, 1], [3, 7, 4, 6]]"
12n_0419_23,"[[3, 7, 4, 6], [5, 13, 6, 12], [16, 8, 17, 7], [22, 10, 23, 9], [11, 5, 12, 4], [20, 14, 21, 13], [2, 16, 3, 15], [24, 17, 1, 18], [10, 20, 11, 19], [14, 22, 15, 21], [18, 23, 19, 24], [8, 2, 9, 1]]"
12n_0419_24,"[[9, 3, 10, 2], [4, 8, 5, 7], [6, 14, 7, 13], [17, 9, 18, 8], [23, 11, 24, 10], [12, 6, 13, 5], [21, 15, 22, 14], [3, 17, 4, 16], [1, 18, 2, 19], [11, 21, 12, 20], [15, 23, 16, 22], [19, 24, 20, 1]]"
12n_0419_25,"[[19, 24, 20, 1], [9, 3, 10, 2], [4, 8, 5, 7], [6, 14, 7, 13], [17, 9, 18, 8], [23, 11, 24, 10], [12, 6, 13, 5], [21, 15, 22, 14], [3, 17, 4, 16], [1, 18, 2, 19], [11, 21, 12, 20], [15, 23, 16, 22]]"
12n_0419_26,"[[15, 23, 16, 22], [19, 24, 20, 1], [9, 3, 10, 2], [4, 8, 5, 7], [6, 14, 7, 13], [17, 9, 18, 8], [23, 11, 24, 10], [12, 6, 13, 5], [21, 15, 22, 14], [3, 17, 4, 16], [1, 18, 2, 19], [11, 21, 12, 20]]"
12n_0419_27,"[[11, 21, 12, 20], [15, 23, 16, 22], [19, 24, 20, 1], [9, 3, 10, 2], [4, 8, 5, 7], [6, 14, 7, 13], [17, 9, 18, 8], [23, 11, 24, 10], [12, 6, 13, 5], [21, 15, 22, 14], [3, 17, 4, 16], [1, 18, 2, 19]]"
12n_0419_28,"[[1, 18, 2, 19], [11, 21, 12, 20], [15, 23, 16, 22], [19, 24, 20, 1], [9, 3, 10, 2], [4, 8, 5, 7], [6, 14, 7, 13], [17, 9, 18, 8], [23, 11, 24, 10], [12, 6, 13, 5], [21, 15, 22, 14], [3, 17, 4, 16]]"
12n_0419_29,"[[3, 17, 4, 16], [1, 18, 2, 19], [11, 21, 12, 20], [15, 23, 16, 22], [19, 24, 20, 1], [9, 3, 10, 2], [4, 8, 5, 7], [6, 14, 7, 13], [17, 9, 18, 8], [23, 11, 24, 10], [12, 6, 13, 5], [21, 15, 22, 14]]"
12n_0419_30,"[[21, 15, 22, 14], [3, 17, 4, 16], [1, 18, 2, 19], [11, 21, 12, 20], [15, 23, 16, 22], [19, 24, 20, 1], [9, 3, 10, 2], [4, 8, 5, 7], [6, 14, 7, 13], [17, 9, 18, 8], [23, 11, 24, 10], [12, 6, 13, 5]]"
12n_0419_31,"[[12, 6, 13, 5], [21, 15, 22, 14], [3, 17, 4, 16], [1, 18, 2, 19], [11, 21, 12, 20], [15, 23, 16, 22], [19, 24, 20, 1], [9, 3, 10, 2], [4, 8, 5, 7], [6, 14, 7, 13], [17, 9, 18, 8], [23, 11, 24, 10]]"
12n_0419_32,"[[23, 11, 24, 10], [12, 6, 13, 5], [21, 15, 22, 14], [3, 17, 4, 16], [1, 18, 2, 19], [11, 21, 12, 20], [15, 23, 16, 22], [19, 24, 20, 1], [9, 3, 10, 2], [4, 8, 5, 7], [6, 14, 7, 13], [17, 9, 18, 8]]"
12n_0419_33,"[[17, 9, 18, 8], [23, 11, 24, 10], [12, 6, 13, 5], [21, 15, 22, 14], [3, 17, 4, 16], [1, 18, 2, 19], [11, 21, 12, 20], [15, 23, 16, 22], [19, 24, 20, 1], [9, 3, 10, 2], [4, 8, 5, 7], [6, 14, 7, 13]]"
12n_0419_34,"[[6, 14, 7, 13], [17, 9, 18, 8], [23, 11, 24, 10], [12, 6, 13, 5], [21, 15, 22, 14], [3, 17, 4, 16], [1, 18, 2, 19], [11, 21, 12, 20], [15, 23, 16, 22], [19, 24, 20, 1], [9, 3, 10, 2], [4, 8, 5, 7]]"
12n_0419_35,"[[4, 8, 5, 7], [6, 14, 7, 13], [17, 9, 18, 8], [23, 11, 24, 10], [12, 6, 13, 5], [21, 15, 22, 14], [3, 17, 4, 16], [1, 18, 2, 19], [11, 21, 12, 20], [15, 23, 16, 22], [19, 24, 20, 1], [9, 3, 10, 2]]"
12n_0419_36,"[[10, 4, 11, 3], [5, 9, 6, 8], [7, 15, 8, 14], [18, 10, 19, 9], [24, 12, 1, 11], [13, 7, 14, 6], [22, 16, 23, 15], [4, 18, 5, 17], [2, 19, 3, 20], [12, 22, 13, 21], [16, 24, 17, 23], [20, 1, 21, 2]]"
12n_0419_37,"[[20, 1, 21, 2], [10, 4, 11, 3], [5, 9, 6, 8], [7, 15, 8, 14], [18, 10, 19, 9], [24, 12, 1, 11], [13, 7, 14, 6], [22, 16, 23, 15], [4, 18, 5, 17], [2, 19, 3, 20], [12, 22, 13, 21], [16, 24, 17, 23]]"
12n_0419_38,"[[16, 24, 17, 23], [20, 1, 21, 2], [10, 4, 11, 3], [5, 9, 6, 8], [7, 15, 8, 14], [18, 10, 19, 9], [24, 12, 1, 11], [13, 7, 14, 6], [22, 16, 23, 15], [4, 18, 5, 17], [2, 19, 3, 20], [12, 22, 13, 21]]"
12n_0419_39,"[[12, 22, 13, 21], [16, 24, 17, 23], [20, 1, 21, 2], [10, 4, 11, 3], [5, 9, 6, 8], [7, 15, 8, 14], [18, 10, 19, 9], [24, 12, 1, 11], [13, 7, 14, 6], [22, 16, 23, 15], [4, 18, 5, 17], [2, 19, 3, 20]]"
12n_0419_40,"[[2, 19, 3, 20], [12, 22, 13, 21], [16, 24, 17, 23], [20, 1, 21, 2], [10, 4, 11, 3], [5, 9, 6, 8], [7, 15, 8, 14], [18, 10, 19, 9], [24, 12, 1, 11], [13, 7, 14, 6], [22, 16, 23, 15], [4, 18, 5, 17]]"
12n_0419_41,"[[4, 18, 5, 17], [2, 19, 3, 20], [12, 22, 13, 21], [16, 24, 17, 23], [20, 1, 21, 2], [10, 4, 11, 3], [5, 9, 6, 8], [7, 15, 8, 14], [18, 10, 19, 9], [24, 12, 1, 11], [13, 7, 14, 6], [22, 16, 23, 15]]"
12n_0419_42,"[[22, 16, 23, 15], [4, 18, 5, 17], [2, 19, 3, 20], [12, 22, 13, 21], [16, 24, 17, 23], [20, 1, 21, 2], [10, 4, 11, 3], [5, 9, 6, 8], [7, 15, 8, 14], [18, 10, 19, 9], [24, 12, 1, 11], [13, 7, 14, 6]]"
12n_0419_43,"[[13, 7, 14, 6], [22, 16, 23, 15], [4, 18, 5, 17], [2, 19, 3, 20], [12, 22, 13, 21], [16, 24, 17, 23], [20, 1, 21, 2], [10, 4, 11, 3], [5, 9, 6, 8], [7, 15, 8, 14], [18, 10, 19, 9], [24, 12, 1, 11]]"
12n_0419_44,"[[24, 12, 1, 11], [13, 7, 14, 6], [22, 16, 23, 15], [4, 18, 5, 17], [2, 19, 3, 20], [12, 22, 13, 21], [16, 24, 17, 23], [20, 1, 21, 2], [10, 4, 11, 3], [5, 9, 6, 8], [7, 15, 8, 14], [18, 10, 19, 9]]"
12n_0419_45,"[[18, 10, 19, 9], [24, 12, 1, 11], [13, 7, 14, 6], [22, 16, 23, 15], [4, 18, 5, 17], [2, 19, 3, 20], [12, 22, 13, 21], [16, 24, 17, 23], [20, 1, 21, 2], [10, 4, 11, 3], [5, 9, 6, 8], [7, 15, 8, 14]]"
12n_0419_46,"[[7, 15, 8, 14], [18, 10, 19, 9], [24, 12, 1, 11], [13, 7, 14, 6], [22, 16, 23, 15], [4, 18, 5, 17], [2, 19, 3, 20], [12, 22, 13, 21], [16, 24, 17, 23], [20, 1, 21, 2], [10, 4, 11, 3], [5, 9, 6, 8]]"
12n_0419_47,"[[5, 9, 6, 8], [7, 15, 8, 14], [18, 10, 19, 9], [24, 12, 1, 11], [13, 7, 14, 6], [22, 16, 23, 15], [4, 18, 5, 17], [2, 19, 3, 20], [12, 22, 13, 21], [16, 24, 17, 23], [20, 1, 21, 2], [10, 4, 11, 3]]"
12n_0419_48,"[[11, 5, 12, 4], [6, 10, 7, 9], [8, 16, 9, 15], [19, 11, 20, 10], [1, 13, 2, 12], [14, 8, 15, 7], [23, 17, 24, 16], [5, 19, 6, 18], [3, 20, 4, 21], [13, 23, 14, 22], [17, 1, 18, 24], [21, 2, 22, 3]]"
12n_0419_49,"[[21, 2, 22, 3], [11, 5, 12, 4], [6, 10, 7, 9], [8, 16, 9, 15], [19, 11, 20, 10], [1, 13, 2, 12], [14, 8, 15, 7], [23, 17, 24, 16], [5, 19, 6, 18], [3, 20, 4, 21], [13, 23, 14, 22], [17, 1, 18, 24]]"
12n_0419_50,"[[17, 1, 18, 24], [21, 2, 22, 3], [11, 5, 12, 4], [6, 10, 7, 9], [8, 16, 9, 15], [19, 11, 20, 10], [1, 13, 2, 12], [14, 8, 15, 7], [23, 17, 24, 16], [5, 19, 6, 18], [3, 20, 4, 21], [13, 23, 14, 22]]"
12n_0419_51,"[[13, 23, 14, 22], [17, 1, 18, 24], [21, 2, 22, 3], [11, 5, 12, 4], [6, 10, 7, 9], [8, 16, 9, 15], [19, 11, 20, 10], [1, 13, 2, 12], [14, 8, 15, 7], [23, 17, 24, 16], [5, 19, 6, 18], [3, 20, 4, 21]]"
12n_0419_52,"[[3, 20, 4, 21], [13, 23, 14, 22], [17, 1, 18, 24], [21, 2, 22, 3], [11, 5, 12, 4], [6, 10, 7, 9], [8, 16, 9, 15], [19, 11, 20, 10], [1, 13, 2, 12], [14, 8, 15, 7], [23, 17, 24, 16], [5, 19, 6, 18]]"
12n_0419_53,"[[5, 19, 6, 18], [3, 20, 4, 21], [13, 23, 14, 22], [17, 1, 18, 24], [21, 2, 22, 3], [11, 5, 12, 4], [6, 10, 7, 9], [8, 16, 9, 15], [19, 11, 20, 10], [1, 13, 2, 12], [14, 8, 15, 7], [23, 17, 24, 16]]"
12n_0419_54,"[[23, 17, 24, 16], [5, 19, 6, 18], [3, 20, 4, 21], [13, 23, 14, 22], [17, 1, 18, 24], [21, 2, 22, 3], [11, 5, 12, 4], [6, 10, 7, 9], [8, 16, 9, 15], [19, 11, 20, 10], [1, 13, 2, 12], [14, 8, 15, 7]]"
12n_0419_55,"[[14, 8, 15, 7], [23, 17, 24, 16], [5, 19, 6, 18], [3, 20, 4, 21], [13, 23, 14, 22], [17, 1, 18, 24], [21, 2, 22, 3], [11, 5, 12, 4], [6, 10, 7, 9], [8, 16, 9, 15], [19, 11, 20, 10], [1, 13, 2, 12]]"
12n_0419_56,"[[1, 13, 2, 12], [14, 8, 15, 7], [23, 17, 24, 16], [5, 19, 6, 18], [3, 20, 4, 21], [13, 23, 14, 22], [17, 1, 18, 24], [21, 2, 22, 3], [11, 5, 12, 4], [6, 10, 7, 9], [8, 16, 9, 15], [19, 11, 20, 10]]"
12n_0419_57,"[[19, 11, 20, 10], [1, 13, 2, 12], [14, 8, 15, 7], [23, 17, 24, 16], [5, 19, 6, 18], [3, 20, 4, 21], [13, 23, 14, 22], [17, 1, 18, 24], [21, 2, 22, 3], [11, 5, 12, 4], [6, 10, 7, 9], [8, 16, 9, 15]]"
12n_0419_58,"[[8, 16, 9, 15], [19, 11, 20, 10], [1, 13, 2, 12], [14, 8, 15, 7], [23, 17, 24, 16], [5, 19, 6, 18], [3, 20, 4, 21], [13, 23, 14, 22], [17, 1, 18, 24], [21, 2, 22, 3], [11, 5, 12, 4], [6, 10, 7, 9]]"
12n_0419_59,"[[6, 10, 7, 9], [8, 16, 9, 15], [19, 11, 20, 10], [1, 13, 2, 12], [14, 8, 15, 7], [23, 17, 24, 16], [5, 19, 6, 18], [3, 20, 4, 21], [13, 23, 14, 22], [17, 1, 18, 24], [21, 2, 22, 3], [11, 5, 12, 4]]"
12n_0419_60,"[[12, 6, 13, 5], [7, 11, 8, 10], [9, 17, 10, 16], [20, 12, 21, 11], [2, 14, 3, 13], [15, 9, 16, 8], [24, 18, 1, 17], [6, 20, 7, 19], [4, 21, 5, 22], [14, 24, 15, 23], [18, 2, 19, 1], [22, 3, 23, 4]]"
12n_0419_61,"[[22, 3, 23, 4], [12, 6, 13, 5], [7, 11, 8, 10], [9, 17, 10, 16], [20, 12, 21, 11], [2, 14, 3, 13], [15, 9, 16, 8], [24, 18, 1, 17], [6, 20, 7, 19], [4, 21, 5, 22], [14, 24, 15, 23], [18, 2, 19, 1]]"
12n_0419_62,"[[18, 2, 19, 1], [22, 3, 23, 4], [12, 6, 13, 5], [7, 11, 8, 10], [9, 17, 10, 16], [20, 12, 21, 11], [2, 14, 3, 13], [15, 9, 16, 8], [24, 18, 1, 17], [6, 20, 7, 19], [4, 21, 5, 22], [14, 24, 15, 23]]"
12n_0419_63,"[[14, 24, 15, 23], [18, 2, 19, 1], [22, 3, 23, 4], [12, 6, 13, 5], [7, 11, 8, 10], [9, 17, 10, 16], [20, 12, 21, 11], [2, 14, 3, 13], [15, 9, 16, 8], [24, 18, 1, 17], [6, 20, 7, 19], [4, 21, 5, 22]]"
12n_0419_64,"[[4, 21, 5, 22], [14, 24, 15, 23], [18, 2, 19, 1], [22, 3, 23, 4], [12, 6, 13, 5], [7, 11, 8, 10], [9, 17, 10, 16], [20, 12, 21, 11], [2, 14, 3, 13], [15, 9, 16, 8], [24, 18, 1, 17], [6, 20, 7, 19]]"
12n_0419_65,"[[6, 20, 7, 19], [4, 21, 5, 22], [14, 24, 15, 23], [18, 2, 19, 1], [22, 3, 23, 4], [12, 6, 13, 5], [7, 11, 8, 10], [9, 17, 10, 16], [20, 12, 21, 11], [2, 14, 3, 13], [15, 9, 16, 8], [24, 18, 1, 17]]"
12n_0419_66,"[[24, 18, 1, 17], [6, 20, 7, 19], [4, 21, 5, 22], [14, 24, 15, 23], [18, 2, 19, 1], [22, 3, 23, 4], [12, 6, 13, 5], [7, 11, 8, 10], [9, 17, 10, 16], [20, 12, 21, 11], [2, 14, 3, 13], [15, 9, 16, 8]]"
12n_0419_67,"[[15, 9, 16, 8], [24, 18, 1, 17], [6, 20, 7, 19], [4, 21, 5, 22], [14, 24, 15, 23], [18, 2, 19, 1], [22, 3, 23, 4], [12, 6, 13, 5], [7, 11, 8, 10], [9, 17, 10, 16], [20, 12, 21, 11], [2, 14, 3, 13]]"
12n_0419_68,"[[2, 14, 3, 13], [15, 9, 16, 8], [24, 18, 1, 17], [6, 20, 7, 19], [4, 21, 5, 22], [14, 24, 15, 23], [18, 2, 19, 1], [22, 3, 23, 4], [12, 6, 13, 5], [7, 11, 8, 10], [9, 17, 10, 16], [20, 12, 21, 11]]"
12n_0419_69,"[[20, 12, 21, 11], [2, 14, 3, 13], [15, 9, 16, 8], [24, 18, 1, 17], [6, 20, 7, 19], [4, 21, 5, 22], [14, 24, 15, 23], [18, 2, 19, 1], [22, 3, 23, 4], [12, 6, 13, 5], [7, 11, 8, 10], [9, 17, 10, 16]]"
12n_0419_70,"[[9, 17, 10, 16], [20, 12, 21, 11], [2, 14, 3, 13], [15, 9, 16, 8], [24, 18, 1, 17], [6, 20, 7, 19], [4, 21, 5, 22], [14, 24, 15, 23], [18, 2, 19, 1], [22, 3, 23, 4], [12, 6, 13, 5], [7, 11, 8, 10]]"
12n_0419_71,"[[7, 11, 8, 10], [9, 17, 10, 16], [20, 12, 21, 11], [2, 14, 3, 13], [15, 9, 16, 8], [24, 18, 1, 17], [6, 20, 7, 19], [4, 21, 5, 22], [14, 24, 15, 23], [18, 2, 19, 1], [22, 3, 23, 4], [12, 6, 13, 5]]"
12n_0419_72,"[[13, 7, 14, 6], [8, 12, 9, 11], [10, 18, 11, 17], [21, 13, 22, 12], [3, 15, 4, 14], [16, 10, 17, 9], [1, 19, 2, 18], [7, 21, 8, 20], [5, 22, 6, 23], [15, 1, 16, 24], [19, 3, 20, 2], [23, 4, 24, 5]]"
12n_0419_73,"[[23, 4, 24, 5], [13, 7, 14, 6], [8, 12, 9, 11], [10, 18, 11, 17], [21, 13, 22, 12], [3, 15, 4, 14], [16, 10, 17, 9], [1, 19, 2, 18], [7, 21, 8, 20], [5, 22, 6, 23], [15, 1, 16, 24], [19, 3, 20, 2]]"
12n_0419_74,"[[19, 3, 20, 2], [23, 4, 24, 5], [13, 7, 14, 6], [8, 12, 9, 11], [10, 18, 11, 17], [21, 13, 22, 12], [3, 15, 4, 14], [16, 10, 17, 9], [1, 19, 2, 18], [7, 21, 8, 20], [5, 22, 6, 23], [15, 1, 16, 24]]"
12n_0419_75,"[[15, 1, 16, 24], [19, 3, 20, 2], [23, 4, 24, 5], [13, 7, 14, 6], [8, 12, 9, 11], [10, 18, 11, 17], [21, 13, 22, 12], [3, 15, 4, 14], [16, 10, 17, 9], [1, 19, 2, 18], [7, 21, 8, 20], [5, 22, 6, 23]]"
12n_0419_76,"[[5, 22, 6, 23], [15, 1, 16, 24], [19, 3, 20, 2], [23, 4, 24, 5], [13, 7, 14, 6], [8, 12, 9, 11], [10, 18, 11, 17], [21, 13, 22, 12], [3, 15, 4, 14], [16, 10, 17, 9], [1, 19, 2, 18], [7, 21, 8, 20]]"
12n_0419_77,"[[7, 21, 8, 20], [5, 22, 6, 23], [15, 1, 16, 24], [19, 3, 20, 2], [23, 4, 24, 5], [13, 7, 14, 6], [8, 12, 9, 11], [10, 18, 11, 17], [21, 13, 22, 12], [3, 15, 4, 14], [16, 10, 17, 9], [1, 19, 2, 18]]"
12n_0419_78,"[[1, 19, 2, 18], [7, 21, 8, 20], [5, 22, 6, 23], [15, 1, 16, 24], [19, 3, 20, 2], [23, 4, 24, 5], [13, 7, 14, 6], [8, 12, 9, 11], [10, 18, 11, 17], [21, 13, 22, 12], [3, 15, 4, 14], [16, 10, 17, 9]]"
12n_0419_79,"[[16, 10, 17, 9], [1, 19, 2, 18], [7, 21, 8, 20], [5, 22, 6, 23], [15, 1, 16, 24], [19, 3, 20, 2], [23, 4, 24, 5], [13, 7, 14, 6], [8, 12, 9, 11], [10, 18, 11, 17], [21, 13, 22, 12], [3, 15, 4, 14]]"
12n_0419_80,"[[3, 15, 4, 14], [16, 10, 17, 9], [1, 19, 2, 18], [7, 21, 8, 20], [5, 22, 6, 23], [15, 1, 16, 24], [19, 3, 20, 2], [23, 4, 24, 5], [13, 7, 14, 6], [8, 12, 9, 11], [10, 18, 11, 17], [21, 13, 22, 12]]"
12n_0419_81,"[[21, 13, 22, 12], [3, 15, 4, 14], [16, 10, 17, 9], [1, 19, 2, 18], [7, 21, 8, 20], [5, 22, 6, 23], [15, 1, 16, 24], [19, 3, 20, 2], [23, 4, 24, 5], [13, 7, 14, 6], [8, 12, 9, 11], [10, 18, 11, 17]]"
12n_0419_82,"[[10, 18, 11, 17], [21, 13, 22, 12], [3, 15, 4, 14], [16, 10, 17, 9], [1, 19, 2, 18], [7, 21, 8, 20], [5, 22, 6, 23], [15, 1, 16, 24], [19, 3, 20, 2], [23, 4, 24, 5], [13, 7, 14, 6], [8, 12, 9, 11]]"
12n_0419_83,"[[8, 12, 9, 11], [10, 18, 11, 17], [21, 13, 22, 12], [3, 15, 4, 14], [16, 10, 17, 9], [1, 19, 2, 18], [7, 21, 8, 20], [5, 22, 6, 23], [15, 1, 16, 24], [19, 3, 20, 2], [23, 4, 24, 5], [13, 7, 14, 6]]"
12n_0419_84,"[[14, 8, 15, 7], [9, 13, 10, 12], [11, 19, 12, 18], [22, 14, 23, 13], [4, 16, 5, 15], [17, 11, 18, 10], [2, 20, 3, 19], [8, 22, 9, 21], [6, 23, 7, 24], [16, 2, 17, 1], [20, 4, 21, 3], [24, 5, 1, 6]]"
12n_0419_85,"[[24, 5, 1, 6], [14, 8, 15, 7], [9, 13, 10, 12], [11, 19, 12, 18], [22, 14, 23, 13], [4, 16, 5, 15], [17, 11, 18, 10], [2, 20, 3, 19], [8, 22, 9, 21], [6, 23, 7, 24], [16, 2, 17, 1], [20, 4, 21, 3]]"
12n_0419_86,"[[20, 4, 21, 3], [24, 5, 1, 6], [14, 8, 15, 7], [9, 13, 10, 12], [11, 19, 12, 18], [22, 14, 23, 13], [4, 16, 5, 15], [17, 11, 18, 10], [2, 20, 3, 19], [8, 22, 9, 21], [6, 23, 7, 24], [16, 2, 17, 1]]"
12n_0419_87,"[[16, 2, 17, 1], [20, 4, 21, 3], [24, 5, 1, 6], [14, 8, 15, 7], [9, 13, 10, 12], [11, 19, 12, 18], [22, 14, 23, 13], [4, 16, 5, 15], [17, 11, 18, 10], [2, 20, 3, 19], [8, 22, 9, 21], [6, 23, 7, 24]]"
12n_0419_88,"[[6, 23, 7, 24], [16, 2, 17, 1], [20, 4, 21, 3], [24, 5, 1, 6], [14, 8, 15, 7], [9, 13, 10, 12], [11, 19, 12, 18], [22, 14, 23, 13], [4, 16, 5, 15], [17, 11, 18, 10], [2, 20, 3, 19], [8, 22, 9, 21]]"
12n_0419_89,"[[8, 22, 9, 21], [6, 23, 7, 24], [16, 2, 17, 1], [20, 4, 21, 3], [24, 5, 1, 6], [14, 8, 15, 7], [9, 13, 10, 12], [11, 19, 12, 18], [22, 14, 23, 13], [4, 16, 5, 15], [17, 11, 18, 10], [2, 20, 3, 19]]"
12n_0419_90,"[[2, 20, 3, 19], [8, 22, 9, 21], [6, 23, 7, 24], [16, 2, 17, 1], [20, 4, 21, 3], [24, 5, 1, 6], [14, 8, 15, 7], [9, 13, 10, 12], [11, 19, 12, 18], [22, 14, 23, 13], [4, 16, 5, 15], [17, 11, 18, 10]]"
12n_0419_91,"[[17, 11, 18, 10], [2, 20, 3, 19], [8, 22, 9, 21], [6, 23, 7, 24], [16, 2, 17, 1], [20, 4, 21, 3], [24, 5, 1, 6], [14, 8, 15, 7], [9, 13, 10, 12], [11, 19, 12, 18], [22, 14, 23, 13], [4, 16, 5, 15]]"
12n_0419_92,"[[4, 16, 5, 15], [17, 11, 18, 10], [2, 20, 3, 19], [8, 22, 9, 21], [6, 23, 7, 24], [16, 2, 17, 1], [20, 4, 21, 3], [24, 5, 1, 6], [14, 8, 15, 7], [9, 13, 10, 12], [11, 19, 12, 18], [22, 14, 23, 13]]"
12n_0419_93,"[[22, 14, 23, 13], [4, 16, 5, 15], [17, 11, 18, 10], [2, 20, 3, 19], [8, 22, 9, 21], [6, 23, 7, 24], [16, 2, 17, 1], [20, 4, 21, 3], [24, 5, 1, 6], [14, 8, 15, 7], [9, 13, 10, 12], [11, 19, 12, 18]]"
12n_0419_94,"[[11, 19, 12, 18], [22, 14, 23, 13], [4, 16, 5, 15], [17, 11, 18, 10], [2, 20, 3, 19], [8, 22, 9, 21], [6, 23, 7, 24], [16, 2, 17, 1], [20, 4, 21, 3], [24, 5, 1, 6], [14, 8, 15, 7], [9, 13, 10, 12]]"
12n_0419_95,"[[9, 13, 10, 12], [11, 19, 12, 18], [22, 14, 23, 13], [4, 16, 5, 15], [17, 11, 18, 10], [2, 20, 3, 19], [8, 22, 9, 21], [6, 23, 7, 24], [16, 2, 17, 1], [20, 4, 21, 3], [24, 5, 1, 6], [14, 8, 15, 7]]"
12n_0419_96,"[[15, 9, 16, 8], [10, 14, 11, 13], [12, 20, 13, 19], [23, 15, 24, 14], [5, 17, 6, 16], [18, 12, 19, 11], [3, 21, 4, 20], [9, 23, 10, 22], [7, 24, 8, 1], [17, 3, 18, 2], [21, 5, 22, 4], [1, 6, 2, 7]]"
12n_0419_97,"[[1, 6, 2, 7], [15, 9, 16, 8], [10, 14, 11, 13], [12, 20, 13, 19], [23, 15, 24, 14], [5, 17, 6, 16], [18, 12, 19, 11], [3, 21, 4, 20], [9, 23, 10, 22], [7, 24, 8, 1], [17, 3, 18, 2], [21, 5, 22, 4]]"
12n_0419_98,"[[21, 5, 22, 4], [1, 6, 2, 7], [15, 9, 16, 8], [10, 14, 11, 13], [12, 20, 13, 19], [23, 15, 24, 14], [5, 17, 6, 16], [18, 12, 19, 11], [3, 21, 4, 20], [9, 23, 10, 22], [7, 24, 8, 1], [17, 3, 18, 2]]"
12n_0419_99,"[[17, 3, 18, 2], [21, 5, 22, 4], [1, 6, 2, 7], [15, 9, 16, 8], [10, 14, 11, 13], [12, 20, 13, 19], [23, 15, 24, 14], [5, 17, 6, 16], [18, 12, 19, 11], [3, 21, 4, 20], [9, 23, 10, 22], [7, 24, 8, 1]]"
12n_0419_100,"[[7, 24, 8, 1], [17, 3, 18, 2], [21, 5, 22, 4], [1, 6, 2, 7], [15, 9, 16, 8], [10, 14, 11, 13], [12, 20, 13, 19], [23, 15, 24, 14], [5, 17, 6, 16], [18, 12, 19, 11], [3, 21, 4, 20], [9, 23, 10, 22]]"
12n_0419_101,"[[9, 23, 10, 22], [7, 24, 8, 1], [17, 3, 18, 2], [21, 5, 22, 4], [1, 6, 2, 7], [15, 9, 16, 8], [10, 14, 11, 13], [12, 20, 13, 19], [23, 15, 24, 14], [5, 17, 6, 16], [18, 12, 19, 11], [3, 21, 4, 20]]"
12n_0419_102,"[[3, 21, 4, 20], [9, 23, 10, 22], [7, 24, 8, 1], [17, 3, 18, 2], [21, 5, 22, 4], [1, 6, 2, 7], [15, 9, 16, 8], [10, 14, 11, 13], [12, 20, 13, 19], [23, 15, 24, 14], [5, 17, 6, 16], [18, 12, 19, 11]]"
12n_0419_103,"[[18, 12, 19, 11], [3, 21, 4, 20], [9, 23, 10, 22], [7, 24, 8, 1], [17, 3, 18, 2], [21, 5, 22, 4], [1, 6, 2, 7], [15, 9, 16, 8], [10, 14, 11, 13], [12, 20, 13, 19], [23, 15, 24, 14], [5, 17, 6, 16]]"
12n_0419_104,"[[5, 17, 6, 16], [18, 12, 19, 11], [3, 21, 4, 20], [9, 23, 10, 22], [7, 24, 8, 1], [17, 3, 18, 2], [21, 5, 22, 4], [1, 6, 2, 7], [15, 9, 16, 8], [10, 14, 11, 13], [12, 20, 13, 19], [23, 15, 24, 14]]"
12n_0419_105,"[[23, 15, 24, 14], [5, 17, 6, 16], [18, 12, 19, 11], [3, 21, 4, 20], [9, 23, 10, 22], [7, 24, 8, 1], [17, 3, 18, 2], [21, 5, 22, 4], [1, 6, 2, 7], [15, 9, 16, 8], [10, 14, 11, 13], [12, 20, 13, 19]]"
12n_0419_106,"[[12, 20, 13, 19], [23, 15, 24, 14], [5, 17, 6, 16], [18, 12, 19, 11], [3, 21, 4, 20], [9, 23, 10, 22], [7, 24, 8, 1], [17, 3, 18, 2], [21, 5, 22, 4], [1, 6, 2, 7], [15, 9, 16, 8], [10, 14, 11, 13]]"
12n_0419_107,"[[10, 14, 11, 13], [12, 20, 13, 19], [23, 15, 24, 14], [5, 17, 6, 16], [18, 12, 19, 11], [3, 21, 4, 20], [9, 23, 10, 22], [7, 24, 8, 1], [17, 3, 18, 2], [21, 5, 22, 4], [1, 6, 2, 7], [15, 9, 16, 8]]"
12n_0419_108,"[[16, 10, 17, 9], [11, 15, 12, 14], [13, 21, 14, 20], [24, 16, 1, 15], [6, 18, 7, 17], [19, 13, 20, 12], [4, 22, 5, 21], [10, 24, 11, 23], [8, 1, 9, 2], [18, 4, 19, 3], [22, 6, 23, 5], [2, 7, 3, 8]]"
12n_0419_109,"[[2, 7, 3, 8], [16, 10, 17, 9], [11, 15, 12, 14], [13, 21, 14, 20], [24, 16, 1, 15], [6, 18, 7, 17], [19, 13, 20, 12], [4, 22, 5, 21], [10, 24, 11, 23], [8, 1, 9, 2], [18, 4, 19, 3], [22, 6, 23, 5]]"
12n_0419_110,"[[22, 6, 23, 5], [2, 7, 3, 8], [16, 10, 17, 9], [11, 15, 12, 14], [13, 21, 14, 20], [24, 16, 1, 15], [6, 18, 7, 17], [19, 13, 20, 12], [4, 22, 5, 21], [10, 24, 11, 23], [8, 1, 9, 2], [18, 4, 19, 3]]"
12n_0419_111,"[[18, 4, 19, 3], [22, 6, 23, 5], [2, 7, 3, 8], [16, 10, 17, 9], [11, 15, 12, 14], [13, 21, 14, 20], [24, 16, 1, 15], [6, 18, 7, 17], [19, 13, 20, 12], [4, 22, 5, 21], [10, 24, 11, 23], [8, 1, 9, 2]]"
12n_0419_112,"[[8, 1, 9, 2], [18, 4, 19, 3], [22, 6, 23, 5], [2, 7, 3, 8], [16, 10, 17, 9], [11, 15, 12, 14], [13, 21, 14, 20], [24, 16, 1, 15], [6, 18, 7, 17], [19, 13, 20, 12], [4, 22, 5, 21], [10, 24, 11, 23]]"
12n_0419_113,"[[10, 24, 11, 23], [8, 1, 9, 2], [18, 4, 19, 3], [22, 6, 23, 5], [2, 7, 3, 8], [16, 10, 17, 9], [11, 15, 12, 14], [13, 21, 14, 20], [24, 16, 1, 15], [6, 18, 7, 17], [19, 13, 20, 12], [4, 22, 5, 21]]"
12n_0419_114,"[[4, 22, 5, 21], [10, 24, 11, 23], [8, 1, 9, 2], [18, 4, 19, 3], [22, 6, 23, 5], [2, 7, 3, 8], [16, 10, 17, 9], [11, 15, 12, 14], [13, 21, 14, 20], [24, 16, 1, 15], [6, 18, 7, 17], [19, 13, 20, 12]]"
12n_0419_115,"[[19, 13, 20, 12], [4, 22, 5, 21], [10, 24, 11, 23], [8, 1, 9, 2], [18, 4, 19, 3], [22, 6, 23, 5], [2, 7, 3, 8], [16, 10, 17, 9], [11, 15, 12, 14], [13, 21, 14, 20], [24, 16, 1, 15], [6, 18, 7, 17]]"
12n_0419_116,"[[6, 18, 7, 17], [19, 13, 20, 12], [4, 22, 5, 21], [10, 24, 11, 23], [8, 1, 9, 2], [18, 4, 19, 3], [22, 6, 23, 5], [2, 7, 3, 8], [16, 10, 17, 9], [11, 15, 12, 14], [13, 21, 14, 20], [24, 16, 1, 15]]"
12n_0419_117,"[[24, 16, 1, 15], [6, 18, 7, 17], [19, 13, 20, 12], [4, 22, 5, 21], [10, 24, 11, 23], [8, 1, 9, 2], [18, 4, 19, 3], [22, 6, 23, 5], [2, 7, 3, 8], [16, 10, 17, 9], [11, 15, 12, 14], [13, 21, 14, 20]]"
12n_0419_118,"[[13, 21, 14, 20], [24, 16, 1, 15], [6, 18, 7, 17], [19, 13, 20, 12], [4, 22, 5, 21], [10, 24, 11, 23], [8, 1, 9, 2], [18, 4, 19, 3], [22, 6, 23, 5], [2, 7, 3, 8], [16, 10, 17, 9], [11, 15, 12, 14]]"
12n_0419_119,"[[11, 15, 12, 14], [13, 21, 14, 20], [24, 16, 1, 15], [6, 18, 7, 17], [19, 13, 20, 12], [4, 22, 5, 21], [10, 24, 11, 23], [8, 1, 9, 2], [18, 4, 19, 3], [22, 6, 23, 5], [2, 7, 3, 8], [16, 10, 17, 9]]"
12n_0419_120,"[[17, 11, 18, 10], [12, 16, 13, 15], [14, 22, 15, 21], [1, 17, 2, 16], [7, 19, 8, 18], [20, 14, 21, 13], [5, 23, 6, 22], [11, 1, 12, 24], [9, 2, 10, 3], [19, 5, 20, 4], [23, 7, 24, 6], [3, 8, 4, 9]]"
12n_0419_121,"[[3, 8, 4, 9], [17, 11, 18, 10], [12, 16, 13, 15], [14, 22, 15, 21], [1, 17, 2, 16], [7, 19, 8, 18], [20, 14, 21, 13], [5, 23, 6, 22], [11, 1, 12, 24], [9, 2, 10, 3], [19, 5, 20, 4], [23, 7, 24, 6]]"
12n_0419_122,"[[23, 7, 24, 6], [3, 8, 4, 9], [17, 11, 18, 10], [12, 16, 13, 15], [14, 22, 15, 21], [1, 17, 2, 16], [7, 19, 8, 18], [20, 14, 21, 13], [5, 23, 6, 22], [11, 1, 12, 24], [9, 2, 10, 3], [19, 5, 20, 4]]"
12n_0419_123,"[[19, 5, 20, 4], [23, 7, 24, 6], [3, 8, 4, 9], [17, 11, 18, 10], [12, 16, 13, 15], [14, 22, 15, 21], [1, 17, 2, 16], [7, 19, 8, 18], [20, 14, 21, 13], [5, 23, 6, 22], [11, 1, 12, 24], [9, 2, 10, 3]]"
12n_0419_124,"[[9, 2, 10, 3], [19, 5, 20, 4], [23, 7, 24, 6], [3, 8, 4, 9], [17, 11, 18, 10], [12, 16, 13, 15], [14, 22, 15, 21], [1, 17, 2, 16], [7, 19, 8, 18], [20, 14, 21, 13], [5, 23, 6, 22], [11, 1, 12, 24]]"
12n_0419_125,"[[11, 1, 12, 24], [9, 2, 10, 3], [19, 5, 20, 4], [23, 7, 24, 6], [3, 8, 4, 9], [17, 11, 18, 10], [12, 16, 13, 15], [14, 22, 15, 21], [1, 17, 2, 16], [7, 19, 8, 18], [20, 14, 21, 13], [5, 23, 6, 22]]"
12n_0419_126,"[[5, 23, 6, 22], [11, 1, 12, 24], [9, 2, 10, 3], [19, 5, 20, 4], [23, 7, 24, 6], [3, 8, 4, 9], [17, 11, 18, 10], [12, 16, 13, 15], [14, 22, 15, 21], [1, 17, 2, 16], [7, 19, 8, 18], [20, 14, 21, 13]]"
12n_0419_127,"[[20, 14, 21, 13], [5, 23, 6, 22], [11, 1, 12, 24], [9, 2, 10, 3], [19, 5, 20, 4], [23, 7, 24, 6], [3, 8, 4, 9], [17, 11, 18, 10], [12, 16, 13, 15], [14, 22, 15, 21], [1, 17, 2, 16], [7, 19, 8, 18]]"
12n_0419_128,"[[7, 19, 8, 18], [20, 14, 21, 13], [5, 23, 6, 22], [11, 1, 12, 24], [9, 2, 10, 3], [19, 5, 20, 4], [23, 7, 24, 6], [3, 8, 4, 9], [17, 11, 18, 10], [12, 16, 13, 15], [14, 22, 15, 21], [1, 17, 2, 16]]"
12n_0419_129,"[[1, 17, 2, 16], [7, 19, 8, 18], [20, 14, 21, 13], [5, 23, 6, 22], [11, 1, 12, 24], [9, 2, 10, 3], [19, 5, 20, 4], [23, 7, 24, 6], [3, 8, 4, 9], [17, 11, 18, 10], [12, 16, 13, 15], [14, 22, 15, 21]]"
12n_0419_130,"[[14, 22, 15, 21], [1, 17, 2, 16], [7, 19, 8, 18], [20, 14, 21, 13], [5, 23, 6, 22], [11, 1, 12, 24], [9, 2, 10, 3], [19, 5, 20, 4], [23, 7, 24, 6], [3, 8, 4, 9], [17, 11, 18, 10], [12, 16, 13, 15]]"
12n_0419_131,"[[12, 16, 13, 15], [14, 22, 15, 21], [1, 17, 2, 16], [7, 19, 8, 18], [20, 14, 21, 13], [5, 23, 6, 22], [11, 1, 12, 24], [9, 2, 10, 3], [19, 5, 20, 4], [23, 7, 24, 6], [3, 8, 4, 9], [17, 11, 18, 10]]"
12n_0419_132,"[[18, 12, 19, 11], [13, 17, 14, 16], [15, 23, 16, 22], [2, 18, 3, 17], [8, 20, 9, 19], [21, 15, 22, 14], [6, 24, 7, 23], [12, 2, 13, 1], [10, 3, 11, 4], [20, 6, 21, 5], [24, 8, 1, 7], [4, 9, 5, 10]]"
12n_0419_133,"[[4, 9, 5, 10], [18, 12, 19, 11], [13, 17, 14, 16], [15, 23, 16, 22], [2, 18, 3, 17], [8, 20, 9, 19], [21, 15, 22, 14], [6, 24, 7, 23], [12, 2, 13, 1], [10, 3, 11, 4], [20, 6, 21, 5], [24, 8, 1, 7]]"
12n_0419_134,"[[24, 8, 1, 7], [4, 9, 5, 10], [18, 12, 19, 11], [13, 17, 14, 16], [15, 23, 16, 22], [2, 18, 3, 17], [8, 20, 9, 19], [21, 15, 22, 14], [6, 24, 7, 23], [12, 2, 13, 1], [10, 3, 11, 4], [20, 6, 21, 5]]"
12n_0419_135,"[[20, 6, 21, 5], [24, 8, 1, 7], [4, 9, 5, 10], [18, 12, 19, 11], [13, 17, 14, 16], [15, 23, 16, 22], [2, 18, 3, 17], [8, 20, 9, 19], [21, 15, 22, 14], [6, 24, 7, 23], [12, 2, 13, 1], [10, 3, 11, 4]]"
12n_0419_136,"[[10, 3, 11, 4], [20, 6, 21, 5], [24, 8, 1, 7], [4, 9, 5, 10], [18, 12, 19, 11], [13, 17, 14, 16], [15, 23, 16, 22], [2, 18, 3, 17], [8, 20, 9, 19], [21, 15, 22, 14], [6, 24, 7, 23], [12, 2, 13, 1]]"
12n_0419_137,"[[12, 2, 13, 1], [10, 3, 11, 4], [20, 6, 21, 5], [24, 8, 1, 7], [4, 9, 5, 10], [18, 12, 19, 11], [13, 17, 14, 16], [15, 23, 16, 22], [2, 18, 3, 17], [8, 20, 9, 19], [21, 15, 22, 14], [6, 24, 7, 23]]"
12n_0419_138,"[[6, 24, 7, 23], [12, 2, 13, 1], [10, 3, 11, 4], [20, 6, 21, 5], [24, 8, 1, 7], [4, 9, 5, 10], [18, 12, 19, 11], [13, 17, 14, 16], [15, 23, 16, 22], [2, 18, 3, 17], [8, 20, 9, 19], [21, 15, 22, 14]]"
12n_0419_139,"[[21, 15, 22, 14], [6, 24, 7, 23], [12, 2, 13, 1], [10, 3, 11, 4], [20, 6, 21, 5], [24, 8, 1, 7], [4, 9, 5, 10], [18, 12, 19, 11], [13, 17, 14, 16], [15, 23, 16, 22], [2, 18, 3, 17], [8, 20, 9, 19]]"
12n_0419_140,"[[8, 20, 9, 19], [21, 15, 22, 14], [6, 24, 7, 23], [12, 2, 13, 1], [10, 3, 11, 4], [20, 6, 21, 5], [24, 8, 1, 7], [4, 9, 5, 10], [18, 12, 19, 11], [13, 17, 14, 16], [15, 23, 16, 22], [2, 18, 3, 17]]"
12n_0419_141,"[[2, 18, 3, 17], [8, 20, 9, 19], [21, 15, 22, 14], [6, 24, 7, 23], [12, 2, 13, 1], [10, 3, 11, 4], [20, 6, 21, 5], [24, 8, 1, 7], [4, 9, 5, 10], [18, 12, 19, 11], [13, 17, 14, 16], [15, 23, 16, 22]]"
12n_0419_142,"[[15, 23, 16, 22], [2, 18, 3, 17], [8, 20, 9, 19], [21, 15, 22, 14], [6, 24, 7, 23], [12, 2, 13, 1], [10, 3, 11, 4], [20, 6, 21, 5], [24, 8, 1, 7], [4, 9, 5, 10], [18, 12, 19, 11], [13, 17, 14, 16]]"
12n_0419_143,"[[13, 17, 14, 16], [15, 23, 16, 22], [2, 18, 3, 17], [8, 20, 9, 19], [21, 15, 22, 14], [6, 24, 7, 23], [12, 2, 13, 1], [10, 3, 11, 4], [20, 6, 21, 5], [24, 8, 1, 7], [4, 9, 5, 10], [18, 12, 19, 11]]"
12n_0419_144,"[[19, 13, 20, 12], [14, 18, 15, 17], [16, 24, 17, 23], [3, 19, 4, 18], [9, 21, 10, 20], [22, 16, 23, 15], [7, 1, 8, 24], [13, 3, 14, 2], [11, 4, 12, 5], [21, 7, 22, 6], [1, 9, 2, 8], [5, 10, 6, 11]]"
12n_0419_145,"[[5, 10, 6, 11], [19, 13, 20, 12], [14, 18, 15, 17], [16, 24, 17, 23], [3, 19, 4, 18], [9, 21, 10, 20], [22, 16, 23, 15], [7, 1, 8, 24], [13, 3, 14, 2], [11, 4, 12, 5], [21, 7, 22, 6], [1, 9, 2, 8]]"
12n_0419_146,"[[1, 9, 2, 8], [5, 10, 6, 11], [19, 13, 20, 12], [14, 18, 15, 17], [16, 24, 17, 23], [3, 19, 4, 18], [9, 21, 10, 20], [22, 16, 23, 15], [7, 1, 8, 24], [13, 3, 14, 2], [11, 4, 12, 5], [21, 7, 22, 6]]"
12n_0419_147,"[[21, 7, 22, 6], [1, 9, 2, 8], [5, 10, 6, 11], [19, 13, 20, 12], [14, 18, 15, 17], [16, 24, 17, 23], [3, 19, 4, 18], [9, 21, 10, 20], [22, 16, 23, 15], [7, 1, 8, 24], [13, 3, 14, 2], [11, 4, 12, 5]]"
12n_0419_148,"[[11, 4, 12, 5], [21, 7, 22, 6], [1, 9, 2, 8], [5, 10, 6, 11], [19, 13, 20, 12], [14, 18, 15, 17], [16, 24, 17, 23], [3, 19, 4, 18], [9, 21, 10, 20], [22, 16, 23, 15], [7, 1, 8, 24], [13, 3, 14, 2]]"
12n_0419_149,"[[13, 3, 14, 2], [11, 4, 12, 5], [21, 7, 22, 6], [1, 9, 2, 8], [5, 10, 6, 11], [19, 13, 20, 12], [14, 18, 15, 17], [16, 24, 17, 23], [3, 19, 4, 18], [9, 21, 10, 20], [22, 16, 23, 15], [7, 1, 8, 24]]"
12n_0419_150,"[[7, 1, 8, 24], [13, 3, 14, 2], [11, 4, 12, 5], [21, 7, 22, 6], [1, 9, 2, 8], [5, 10, 6, 11], [19, 13, 20, 12], [14, 18, 15, 17], [16, 24, 17, 23], [3, 19, 4, 18], [9, 21, 10, 20], [22, 16, 23, 15]]"
12n_0419_151,"[[22, 16, 23, 15], [7, 1, 8, 24], [13, 3, 14, 2], [11, 4, 12, 5], [21, 7, 22, 6], [1, 9, 2, 8], [5, 10, 6, 11], [19, 13, 20, 12], [14, 18, 15, 17], [16, 24, 17, 23], [3, 19, 4, 18], [9, 21, 10, 20]]"
12n_0419_152,"[[9, 21, 10, 20], [22, 16, 23, 15], [7, 1, 8, 24], [13, 3, 14, 2], [11, 4, 12, 5], [21, 7, 22, 6], [1, 9, 2, 8], [5, 10, 6, 11], [19, 13, 20, 12], [14, 18, 15, 17], [16, 24, 17, 23], [3, 19, 4, 18]]"
12n_0419_153,"[[3, 19, 4, 18], [9, 21, 10, 20], [22, 16, 23, 15], [7, 1, 8, 24], [13, 3, 14, 2], [11, 4, 12, 5], [21, 7, 22, 6], [1, 9, 2, 8], [5, 10, 6, 11], [19, 13, 20, 12], [14, 18, 15, 17], [16, 24, 17, 23]]"
12n_0419_154,"[[16, 24, 17, 23], [3, 19, 4, 18], [9, 21, 10, 20], [22, 16, 23, 15], [7, 1, 8, 24], [13, 3, 14, 2], [11, 4, 12, 5], [21, 7, 22, 6], [1, 9, 2, 8], [5, 10, 6, 11], [19, 13, 20, 12], [14, 18, 15, 17]]"
12n_0419_155,"[[14, 18, 15, 17], [16, 24, 17, 23], [3, 19, 4, 18], [9, 21, 10, 20], [22, 16, 23, 15], [7, 1, 8, 24], [13, 3, 14, 2], [11, 4, 12, 5], [21, 7, 22, 6], [1, 9, 2, 8], [5, 10, 6, 11], [19, 13, 20, 12]]"
12n_0419_156,"[[20, 14, 21, 13], [15, 19, 16, 18], [17, 1, 18, 24], [4, 20, 5, 19], [10, 22, 11, 21], [23, 17, 24, 16], [8, 2, 9, 1], [14, 4, 15, 3], [12, 5, 13, 6], [22, 8, 23, 7], [2, 10, 3, 9], [6, 11, 7, 12]]"
12n_0419_157,"[[6, 11, 7, 12], [20, 14, 21, 13], [15, 19, 16, 18], [17, 1, 18, 24], [4, 20, 5, 19], [10, 22, 11, 21], [23, 17, 24, 16], [8, 2, 9, 1], [14, 4, 15, 3], [12, 5, 13, 6], [22, 8, 23, 7], [2, 10, 3, 9]]"
12n_0419_158,"[[2, 10, 3, 9], [6, 11, 7, 12], [20, 14, 21, 13], [15, 19, 16, 18], [17, 1, 18, 24], [4, 20, 5, 19], [10, 22, 11, 21], [23, 17, 24, 16], [8, 2, 9, 1], [14, 4, 15, 3], [12, 5, 13, 6], [22, 8, 23, 7]]"
12n_0419_159,"[[22, 8, 23, 7], [2, 10, 3, 9], [6, 11, 7, 12], [20, 14, 21, 13], [15, 19, 16, 18], [17, 1, 18, 24], [4, 20, 5, 19], [10, 22, 11, 21], [23, 17, 24, 16], [8, 2, 9, 1], [14, 4, 15, 3], [12, 5, 13, 6]]"
12n_0419_160,"[[12, 5, 13, 6], [22, 8, 23, 7], [2, 10, 3, 9], [6, 11, 7, 12], [20, 14, 21, 13], [15, 19, 16, 18], [17, 1, 18, 24], [4, 20, 5, 19], [10, 22, 11, 21], [23, 17, 24, 16], [8, 2, 9, 1], [14, 4, 15, 3]]"
12n_0419_161,"[[14, 4, 15, 3], [12, 5, 13, 6], [22, 8, 23, 7], [2, 10, 3, 9], [6, 11, 7, 12], [20, 14, 21, 13], [15, 19, 16, 18], [17, 1, 18, 24], [4, 20, 5, 19], [10, 22, 11, 21], [23, 17, 24, 16], [8, 2, 9, 1]]"
12n_0419_162,"[[8, 2, 9, 1], [14, 4, 15, 3], [12, 5, 13, 6], [22, 8, 23, 7], [2, 10, 3, 9], [6, 11, 7, 12], [20, 14, 21, 13], [15, 19, 16, 18], [17, 1, 18, 24], [4, 20, 5, 19], [10, 22, 11, 21], [23, 17, 24, 16]]"
12n_0419_163,"[[23, 17, 24, 16], [8, 2, 9, 1], [14, 4, 15, 3], [12, 5, 13, 6], [22, 8, 23, 7], [2, 10, 3, 9], [6, 11, 7, 12], [20, 14, 21, 13], [15, 19, 16, 18], [17, 1, 18, 24], [4, 20, 5, 19], [10, 22, 11, 21]]"
12n_0419_164,"[[10, 22, 11, 21], [23, 17, 24, 16], [8, 2, 9, 1], [14, 4, 15, 3], [12, 5, 13, 6], [22, 8, 23, 7], [2, 10, 3, 9], [6, 11, 7, 12], [20, 14, 21, 13], [15, 19, 16, 18], [17, 1, 18, 24], [4, 20, 5, 19]]"
12n_0419_165,"[[4, 20, 5, 19], [10, 22, 11, 21], [23, 17, 24, 16], [8, 2, 9, 1], [14, 4, 15, 3], [12, 5, 13, 6], [22, 8, 23, 7], [2, 10, 3, 9], [6, 11, 7, 12], [20, 14, 21, 13], [15, 19, 16, 18], [17, 1, 18, 24]]"
12n_0419_166,"[[17, 1, 18, 24], [4, 20, 5, 19], [10, 22, 11, 21], [23, 17, 24, 16], [8, 2, 9, 1], [14, 4, 15, 3], [12, 5, 13, 6], [22, 8, 23, 7], [2, 10, 3, 9], [6, 11, 7, 12], [20, 14, 21, 13], [15, 19, 16, 18]]"
12n_0419_167,"[[15, 19, 16, 18], [17, 1, 18, 24], [4, 20, 5, 19], [10, 22, 11, 21], [23, 17, 24, 16], [8, 2, 9, 1], [14, 4, 15, 3], [12, 5, 13, 6], [22, 8, 23, 7], [2, 10, 3, 9], [6, 11, 7, 12], [20, 14, 21, 13]]"
12n_0419_168,"[[21, 15, 22, 14], [16, 20, 17, 19], [18, 2, 19, 1], [5, 21, 6, 20], [11, 23, 12, 22], [24, 18, 1, 17], [9, 3, 10, 2], [15, 5, 16, 4], [13, 6, 14, 7], [23, 9, 24, 8], [3, 11, 4, 10], [7, 12, 8, 13]]"
12n_0419_169,"[[7, 12, 8, 13], [21, 15, 22, 14], [16, 20, 17, 19], [18, 2, 19, 1], [5, 21, 6, 20], [11, 23, 12, 22], [24, 18, 1, 17], [9, 3, 10, 2], [15, 5, 16, 4], [13, 6, 14, 7], [23, 9, 24, 8], [3, 11, 4, 10]]"
12n_0419_170,"[[3, 11, 4, 10], [7, 12, 8, 13], [21, 15, 22, 14], [16, 20, 17, 19], [18, 2, 19, 1], [5, 21, 6, 20], [11, 23, 12, 22], [24, 18, 1, 17], [9, 3, 10, 2], [15, 5, 16, 4], [13, 6, 14, 7], [23, 9, 24, 8]]"
12n_0419_171,"[[23, 9, 24, 8], [3, 11, 4, 10], [7, 12, 8, 13], [21, 15, 22, 14], [16, 20, 17, 19], [18, 2, 19, 1], [5, 21, 6, 20], [11, 23, 12, 22], [24, 18, 1, 17], [9, 3, 10, 2], [15, 5, 16, 4], [13, 6, 14, 7]]"
12n_0419_172,"[[13, 6, 14, 7], [23, 9, 24, 8], [3, 11, 4, 10], [7, 12, 8, 13], [21, 15, 22, 14], [16, 20, 17, 19], [18, 2, 19, 1], [5, 21, 6, 20], [11, 23, 12, 22], [24, 18, 1, 17], [9, 3, 10, 2], [15, 5, 16, 4]]"
12n_0419_173,"[[15, 5, 16, 4], [13, 6, 14, 7], [23, 9, 24, 8], [3, 11, 4, 10], [7, 12, 8, 13], [21, 15, 22, 14], [16, 20, 17, 19], [18, 2, 19, 1], [5, 21, 6, 20], [11, 23, 12, 22], [24, 18, 1, 17], [9, 3, 10, 2]]"
12n_0419_174,"[[9, 3, 10, 2], [15, 5, 16, 4], [13, 6, 14, 7], [23, 9, 24, 8], [3, 11, 4, 10], [7, 12, 8, 13], [21, 15, 22, 14], [16, 20, 17, 19], [18, 2, 19, 1], [5, 21, 6, 20], [11, 23, 12, 22], [24, 18, 1, 17]]"
12n_0419_175,"[[24, 18, 1, 17], [9, 3, 10, 2], [15, 5, 16, 4], [13, 6, 14, 7], [23, 9, 24, 8], [3, 11, 4, 10], [7, 12, 8, 13], [21, 15, 22, 14], [16, 20, 17, 19], [18, 2, 19, 1], [5, 21, 6, 20], [11, 23, 12, 22]]"
12n_0419_176,"[[11, 23, 12, 22], [24, 18, 1, 17], [9, 3, 10, 2], [15, 5, 16, 4], [13, 6, 14, 7], [23, 9, 24, 8], [3, 11, 4, 10], [7, 12, 8, 13], [21, 15, 22, 14], [16, 20, 17, 19], [18, 2, 19, 1], [5, 21, 6, 20]]"
12n_0419_177,"[[5, 21, 6, 20], [11, 23, 12, 22], [24, 18, 1, 17], [9, 3, 10, 2], [15, 5, 16, 4], [13, 6, 14, 7], [23, 9, 24, 8], [3, 11, 4, 10], [7, 12, 8, 13], [21, 15, 22, 14], [16, 20, 17, 19], [18, 2, 19, 1]]"
12n_0419_178,"[[18, 2, 19, 1], [5, 21, 6, 20], [11, 23, 12, 22], [24, 18, 1, 17], [9, 3, 10, 2], [15, 5, 16, 4], [13, 6, 14, 7], [23, 9, 24, 8], [3, 11, 4, 10], [7, 12, 8, 13], [21, 15, 22, 14], [16, 20, 17, 19]]"
12n_0419_179,"[[16, 20, 17, 19], [18, 2, 19, 1], [5, 21, 6, 20], [11, 23, 12, 22], [24, 18, 1, 17], [9, 3, 10, 2], [15, 5, 16, 4], [13, 6, 14, 7], [23, 9, 24, 8], [3, 11, 4, 10], [7, 12, 8, 13], [21, 15, 22, 14]]"
12n_0419_180,"[[22, 16, 23, 15], [17, 21, 18, 20], [19, 3, 20, 2], [6, 22, 7, 21], [12, 24, 13, 23], [1, 19, 2, 18], [10, 4, 11, 3], [16, 6, 17, 5], [14, 7, 15, 8], [24, 10, 1, 9], [4, 12, 5, 11], [8, 13, 9, 14]]"
12n_0419_181,"[[8, 13, 9, 14], [22, 16, 23, 15], [17, 21, 18, 20], [19, 3, 20, 2], [6, 22, 7, 21], [12, 24, 13, 23], [1, 19, 2, 18], [10, 4, 11, 3], [16, 6, 17, 5], [14, 7, 15, 8], [24, 10, 1, 9], [4, 12, 5, 11]]"
12n_0419_182,"[[4, 12, 5, 11], [8, 13, 9, 14], [22, 16, 23, 15], [17, 21, 18, 20], [19, 3, 20, 2], [6, 22, 7, 21], [12, 24, 13, 23], [1, 19, 2, 18], [10, 4, 11, 3], [16, 6, 17, 5], [14, 7, 15, 8], [24, 10, 1, 9]]"
12n_0419_183,"[[24, 10, 1, 9], [4, 12, 5, 11], [8, 13, 9, 14], [22, 16, 23, 15], [17, 21, 18, 20], [19, 3, 20, 2], [6, 22, 7, 21], [12, 24, 13, 23], [1, 19, 2, 18], [10, 4, 11, 3], [16, 6, 17, 5], [14, 7, 15, 8]]"
12n_0419_184,"[[14, 7, 15, 8], [24, 10, 1, 9], [4, 12, 5, 11], [8, 13, 9, 14], [22, 16, 23, 15], [17, 21, 18, 20], [19, 3, 20, 2], [6, 22, 7, 21], [12, 24, 13, 23], [1, 19, 2, 18], [10, 4, 11, 3], [16, 6, 17, 5]]"
12n_0419_185,"[[16, 6, 17, 5], [14, 7, 15, 8], [24, 10, 1, 9], [4, 12, 5, 11], [8, 13, 9, 14], [22, 16, 23, 15], [17, 21, 18, 20], [19, 3, 20, 2], [6, 22, 7, 21], [12, 24, 13, 23], [1, 19, 2, 18], [10, 4, 11, 3]]"
