name,pd_notation
12n_0408_0,"[[24, 19, 1, 20], [2, 6, 3, 5], [4, 12, 5, 11], [6, 15, 7, 16], [21, 9, 22, 8], [10, 4, 11, 3], [12, 17, 13, 18], [14, 23, 15, 24], [16, 9, 17, 10], [18, 1, 19, 2], [20, 13, 21, 14], [7, 23, 8, 22]]"
12n_0408_1,"[[7, 23, 8, 22], [24, 19, 1, 20], [2, 6, 3, 5], [4, 12, 5, 11], [6, 15, 7, 16], [21, 9, 22, 8], [10, 4, 11, 3], [12, 17, 13, 18], [14, 23, 15, 24], [16, 9, 17, 10], [18, 1, 19, 2], [20, 13, 21, 14]]"
12n_0408_2,"[[20, 13, 21, 14], [7, 23, 8, 22], [24, 19, 1, 20], [2, 6, 3, 5], [4, 12, 5, 11], [6, 15, 7, 16], [21, 9, 22, 8], [10, 4, 11, 3], [12, 17, 13, 18], [14, 23, 15, 24], [16, 9, 17, 10], [18, 1, 19, 2]]"
12n_0408_3,"[[18, 1, 19, 2], [20, 13, 21, 14], [7, 23, 8, 22], [24, 19, 1, 20], [2, 6, 3, 5], [4, 12, 5, 11], [6, 15, 7, 16], [21, 9, 22, 8], [10, 4, 11, 3], [12, 17, 13, 18], [14, 23, 15, 24], [16, 9, 17, 10]]"
12n_0408_4,"[[16, 9, 17, 10], [18, 1, 19, 2], [20, 13, 21, 14], [7, 23, 8, 22], [24, 19, 1, 20], [2, 6, 3, 5], [4, 12, 5, 11], [6, 15, 7, 16], [21, 9, 22, 8], [10, 4, 11, 3], [12, 17, 13, 18], [14, 23, 15, 24]]"
12n_0408_5,"[[14, 23, 15, 24], [16, 9, 17, 10], [18, 1, 19, 2], [20, 13, 21, 14], [7, 23, 8, 22], [24, 19, 1, 20], [2, 6, 3, 5], [4, 12, 5, 11], [6, 15, 7, 16], [21, 9, 22, 8], [10, 4, 11, 3], [12, 17, 13, 18]]"
12n_0408_6,"[[12, 17, 13, 18], [14, 23, 15, 24], [16, 9, 17, 10], [18, 1, 19, 2], [20, 13, 21, 14], [7, 23, 8, 22], [24, 19, 1, 20], [2, 6, 3, 5], [4, 12, 5, 11], [6, 15, 7, 16], [21, 9, 22, 8], [10, 4, 11, 3]]"
12n_0408_7,"[[10, 4, 11, 3], [12, 17, 13, 18], [14, 23, 15, 24], [16, 9, 17, 10], [18, 1, 19, 2], [20, 13, 21, 14], [7, 23, 8, 22], [24, 19, 1, 20], [2, 6, 3, 5], [4, 12, 5, 11], [6, 15, 7, 16], [21, 9, 22, 8]]"
12n_0408_8,"[[21, 9, 22, 8], [10, 4, 11, 3], [12, 17, 13, 18], [14, 23, 15, 24], [16, 9, 17, 10], [18, 1, 19, 2], [20, 13, 21, 14], [7, 23, 8, 22], [24, 19, 1, 20], [2, 6, 3, 5], [4, 12, 5, 11], [6, 15, 7, 16]]"
12n_0408_9,"[[6, 15, 7, 16], [21, 9, 22, 8], [10, 4, 11, 3], [12, 17, 13, 18], [14, 23, 15, 24], [16, 9, 17, 10], [18, 1, 19, 2], [20, 13, 21, 14], [7, 23, 8, 22], [24, 19, 1, 20], [2, 6, 3, 5], [4, 12, 5, 11]]"
12n_0408_10,"[[4, 12, 5, 11], [6, 15, 7, 16], [21, 9, 22, 8], [10, 4, 11, 3], [12, 17, 13, 18], [14, 23, 15, 24], [16, 9, 17, 10], [18, 1, 19, 2], [20, 13, 21, 14], [7, 23, 8, 22], [24, 19, 1, 20], [2, 6, 3, 5]]"
12n_0408_11,"[[2, 6, 3, 5], [4, 12, 5, 11], [6, 15, 7, 16], [21, 9, 22, 8], [10, 4, 11, 3], [12, 17, 13, 18], [14, 23, 15, 24], [16, 9, 17, 10], [18, 1, 19, 2], [20, 13, 21, 14], [7, 23, 8, 22], [24, 19, 1, 20]]"
12n_0408_12,"[[1, 20, 2, 21], [3, 7, 4, 6], [5, 13, 6, 12], [7, 16, 8, 17], [22, 10, 23, 9], [11, 5, 12, 4], [13, 18, 14, 19], [15, 24, 16, 1], [17, 10, 18, 11], [19, 2, 20, 3], [21, 14, 22, 15], [8, 24, 9, 23]]"
12n_0408_13,"[[8, 24, 9, 23], [1, 20, 2, 21], [3, 7, 4, 6], [5, 13, 6, 12], [7, 16, 8, 17], [22, 10, 23, 9], [11, 5, 12, 4], [13, 18, 14, 19], [15, 24, 16, 1], [17, 10, 18, 11], [19, 2, 20, 3], [21, 14, 22, 15]]"
12n_0408_14,"[[21, 14, 22, 15], [8, 24, 9, 23], [1, 20, 2, 21], [3, 7, 4, 6], [5, 13, 6, 12], [7, 16, 8, 17], [22, 10, 23, 9], [11, 5, 12, 4], [13, 18, 14, 19], [15, 24, 16, 1], [17, 10, 18, 11], [19, 2, 20, 3]]"
12n_0408_15,"[[19, 2, 20, 3], [21, 14, 22, 15], [8, 24, 9, 23], [1, 20, 2, 21], [3, 7, 4, 6], [5, 13, 6, 12], [7, 16, 8, 17], [22, 10, 23, 9], [11, 5, 12, 4], [13, 18, 14, 19], [15, 24, 16, 1], [17, 10, 18, 11]]"
12n_0408_16,"[[17, 10, 18, 11], [19, 2, 20, 3], [21, 14, 22, 15], [8, 24, 9, 23], [1, 20, 2, 21], [3, 7, 4, 6], [5, 13, 6, 12], [7, 16, 8, 17], [22, 10, 23, 9], [11, 5, 12, 4], [13, 18, 14, 19], [15, 24, 16, 1]]"
12n_0408_17,"[[15, 24, 16, 1], [17, 10, 18, 11], [19, 2, 20, 3], [21, 14, 22, 15], [8, 24, 9, 23], [1, 20, 2, 21], [3, 7, 4, 6], [5, 13, 6, 12], [7, 16, 8, 17], [22, 10, 23, 9], [11, 5, 12, 4], [13, 18, 14, 19]]"
12n_0408_18,"[[13, 18, 14, 19], [15, 24, 16, 1], [17, 10, 18, 11], [19, 2, 20, 3], [21, 14, 22, 15], [8, 24, 9, 23], [1, 20, 2, 21], [3, 7, 4, 6], [5, 13, 6, 12], [7, 16, 8, 17], [22, 10, 23, 9], [11, 5, 12, 4]]"
12n_0408_19,"[[11, 5, 12, 4], [13, 18, 14, 19], [15, 24, 16, 1], [17, 10, 18, 11], [19, 2, 20, 3], [21, 14, 22, 15], [8, 24, 9, 23], [1, 20, 2, 21], [3, 7, 4, 6], [5, 13, 6, 12], [7, 16, 8, 17], [22, 10, 23, 9]]"
12n_0408_20,"[[22, 10, 23, 9], [11, 5, 12, 4], [13, 18, 14, 19], [15, 24, 16, 1], [17, 10, 18, 11], [19, 2, 20, 3], [21, 14, 22, 15], [8, 24, 9, 23], [1, 20, 2, 21], [3, 7, 4, 6], [5, 13, 6, 12], [7, 16, 8, 17]]"
12n_0408_21,"[[7, 16, 8, 17], [22, 10, 23, 9], [11, 5, 12, 4], [13, 18, 14, 19], [15, 24, 16, 1], [17, 10, 18, 11], [19, 2, 20, 3], [21, 14, 22, 15], [8, 24, 9, 23], [1, 20, 2, 21], [3, 7, 4, 6], [5, 13, 6, 12]]"
12n_0408_22,"[[5, 13, 6, 12], [7, 16, 8, 17], [22, 10, 23, 9], [11, 5, 12, 4], [13, 18, 14, 19], [15, 24, 16, 1], [17, 10, 18, 11], [19, 2, 20, 3], [21, 14, 22, 15], [8, 24, 9, 23], [1, 20, 2, 21], [3, 7, 4, 6]]"
12n_0408_23,"[[3, 7, 4, 6], [5, 13, 6, 12], [7, 16, 8, 17], [22, 10, 23, 9], [11, 5, 12, 4], [13, 18, 14, 19], [15, 24, 16, 1], [17, 10, 18, 11], [19, 2, 20, 3], [21, 14, 22, 15], [8, 24, 9, 23], [1, 20, 2, 21]]"
12n_0408_24,"[[2, 21, 3, 22], [4, 8, 5, 7], [6, 14, 7, 13], [8, 17, 9, 18], [23, 11, 24, 10], [12, 6, 13, 5], [14, 19, 15, 20], [16, 1, 17, 2], [18, 11, 19, 12], [20, 3, 21, 4], [22, 15, 23, 16], [9, 1, 10, 24]]"
12n_0408_25,"[[9, 1, 10, 24], [2, 21, 3, 22], [4, 8, 5, 7], [6, 14, 7, 13], [8, 17, 9, 18], [23, 11, 24, 10], [12, 6, 13, 5], [14, 19, 15, 20], [16, 1, 17, 2], [18, 11, 19, 12], [20, 3, 21, 4], [22, 15, 23, 16]]"
12n_0408_26,"[[22, 15, 23, 16], [9, 1, 10, 24], [2, 21, 3, 22], [4, 8, 5, 7], [6, 14, 7, 13], [8, 17, 9, 18], [23, 11, 24, 10], [12, 6, 13, 5], [14, 19, 15, 20], [16, 1, 17, 2], [18, 11, 19, 12], [20, 3, 21, 4]]"
12n_0408_27,"[[20, 3, 21, 4], [22, 15, 23, 16], [9, 1, 10, 24], [2, 21, 3, 22], [4, 8, 5, 7], [6, 14, 7, 13], [8, 17, 9, 18], [23, 11, 24, 10], [12, 6, 13, 5], [14, 19, 15, 20], [16, 1, 17, 2], [18, 11, 19, 12]]"
12n_0408_28,"[[18, 11, 19, 12], [20, 3, 21, 4], [22, 15, 23, 16], [9, 1, 10, 24], [2, 21, 3, 22], [4, 8, 5, 7], [6, 14, 7, 13], [8, 17, 9, 18], [23, 11, 24, 10], [12, 6, 13, 5], [14, 19, 15, 20], [16, 1, 17, 2]]"
12n_0408_29,"[[16, 1, 17, 2], [18, 11, 19, 12], [20, 3, 21, 4], [22, 15, 23, 16], [9, 1, 10, 24], [2, 21, 3, 22], [4, 8, 5, 7], [6, 14, 7, 13], [8, 17, 9, 18], [23, 11, 24, 10], [12, 6, 13, 5], [14, 19, 15, 20]]"
12n_0408_30,"[[14, 19, 15, 20], [16, 1, 17, 2], [18, 11, 19, 12], [20, 3, 21, 4], [22, 15, 23, 16], [9, 1, 10, 24], [2, 21, 3, 22], [4, 8, 5, 7], [6, 14, 7, 13], [8, 17, 9, 18], [23, 11, 24, 10], [12, 6, 13, 5]]"
12n_0408_31,"[[12, 6, 13, 5], [14, 19, 15, 20], [16, 1, 17, 2], [18, 11, 19, 12], [20, 3, 21, 4], [22, 15, 23, 16], [9, 1, 10, 24], [2, 21, 3, 22], [4, 8, 5, 7], [6, 14, 7, 13], [8, 17, 9, 18], [23, 11, 24, 10]]"
12n_0408_32,"[[23, 11, 24, 10], [12, 6, 13, 5], [14, 19, 15, 20], [16, 1, 17, 2], [18, 11, 19, 12], [20, 3, 21, 4], [22, 15, 23, 16], [9, 1, 10, 24], [2, 21, 3, 22], [4, 8, 5, 7], [6, 14, 7, 13], [8, 17, 9, 18]]"
12n_0408_33,"[[8, 17, 9, 18], [23, 11, 24, 10], [12, 6, 13, 5], [14, 19, 15, 20], [16, 1, 17, 2], [18, 11, 19, 12], [20, 3, 21, 4], [22, 15, 23, 16], [9, 1, 10, 24], [2, 21, 3, 22], [4, 8, 5, 7], [6, 14, 7, 13]]"
12n_0408_34,"[[6, 14, 7, 13], [8, 17, 9, 18], [23, 11, 24, 10], [12, 6, 13, 5], [14, 19, 15, 20], [16, 1, 17, 2], [18, 11, 19, 12], [20, 3, 21, 4], [22, 15, 23, 16], [9, 1, 10, 24], [2, 21, 3, 22], [4, 8, 5, 7]]"
12n_0408_35,"[[4, 8, 5, 7], [6, 14, 7, 13], [8, 17, 9, 18], [23, 11, 24, 10], [12, 6, 13, 5], [14, 19, 15, 20], [16, 1, 17, 2], [18, 11, 19, 12], [20, 3, 21, 4], [22, 15, 23, 16], [9, 1, 10, 24], [2, 21, 3, 22]]"
12n_0408_36,"[[3, 22, 4, 23], [5, 9, 6, 8], [7, 15, 8, 14], [9, 18, 10, 19], [24, 12, 1, 11], [13, 7, 14, 6], [15, 20, 16, 21], [17, 2, 18, 3], [19, 12, 20, 13], [21, 4, 22, 5], [23, 16, 24, 17], [10, 2, 11, 1]]"
12n_0408_37,"[[10, 2, 11, 1], [3, 22, 4, 23], [5, 9, 6, 8], [7, 15, 8, 14], [9, 18, 10, 19], [24, 12, 1, 11], [13, 7, 14, 6], [15, 20, 16, 21], [17, 2, 18, 3], [19, 12, 20, 13], [21, 4, 22, 5], [23, 16, 24, 17]]"
12n_0408_38,"[[23, 16, 24, 17], [10, 2, 11, 1], [3, 22, 4, 23], [5, 9, 6, 8], [7, 15, 8, 14], [9, 18, 10, 19], [24, 12, 1, 11], [13, 7, 14, 6], [15, 20, 16, 21], [17, 2, 18, 3], [19, 12, 20, 13], [21, 4, 22, 5]]"
12n_0408_39,"[[21, 4, 22, 5], [23, 16, 24, 17], [10, 2, 11, 1], [3, 22, 4, 23], [5, 9, 6, 8], [7, 15, 8, 14], [9, 18, 10, 19], [24, 12, 1, 11], [13, 7, 14, 6], [15, 20, 16, 21], [17, 2, 18, 3], [19, 12, 20, 13]]"
12n_0408_40,"[[19, 12, 20, 13], [21, 4, 22, 5], [23, 16, 24, 17], [10, 2, 11, 1], [3, 22, 4, 23], [5, 9, 6, 8], [7, 15, 8, 14], [9, 18, 10, 19], [24, 12, 1, 11], [13, 7, 14, 6], [15, 20, 16, 21], [17, 2, 18, 3]]"
12n_0408_41,"[[17, 2, 18, 3], [19, 12, 20, 13], [21, 4, 22, 5], [23, 16, 24, 17], [10, 2, 11, 1], [3, 22, 4, 23], [5, 9, 6, 8], [7, 15, 8, 14], [9, 18, 10, 19], [24, 12, 1, 11], [13, 7, 14, 6], [15, 20, 16, 21]]"
12n_0408_42,"[[15, 20, 16, 21], [17, 2, 18, 3], [19, 12, 20, 13], [21, 4, 22, 5], [23, 16, 24, 17], [10, 2, 11, 1], [3, 22, 4, 23], [5, 9, 6, 8], [7, 15, 8, 14], [9, 18, 10, 19], [24, 12, 1, 11], [13, 7, 14, 6]]"
12n_0408_43,"[[13, 7, 14, 6], [15, 20, 16, 21], [17, 2, 18, 3], [19, 12, 20, 13], [21, 4, 22, 5], [23, 16, 24, 17], [10, 2, 11, 1], [3, 22, 4, 23], [5, 9, 6, 8], [7, 15, 8, 14], [9, 18, 10, 19], [24, 12, 1, 11]]"
12n_0408_44,"[[24, 12, 1, 11], [13, 7, 14, 6], [15, 20, 16, 21], [17, 2, 18, 3], [19, 12, 20, 13], [21, 4, 22, 5], [23, 16, 24, 17], [10, 2, 11, 1], [3, 22, 4, 23], [5, 9, 6, 8], [7, 15, 8, 14], [9, 18, 10, 19]]"
12n_0408_45,"[[9, 18, 10, 19], [24, 12, 1, 11], [13, 7, 14, 6], [15, 20, 16, 21], [17, 2, 18, 3], [19, 12, 20, 13], [21, 4, 22, 5], [23, 16, 24, 17], [10, 2, 11, 1], [3, 22, 4, 23], [5, 9, 6, 8], [7, 15, 8, 14]]"
12n_0408_46,"[[7, 15, 8, 14], [9, 18, 10, 19], [24, 12, 1, 11], [13, 7, 14, 6], [15, 20, 16, 21], [17, 2, 18, 3], [19, 12, 20, 13], [21, 4, 22, 5], [23, 16, 24, 17], [10, 2, 11, 1], [3, 22, 4, 23], [5, 9, 6, 8]]"
12n_0408_47,"[[5, 9, 6, 8], [7, 15, 8, 14], [9, 18, 10, 19], [24, 12, 1, 11], [13, 7, 14, 6], [15, 20, 16, 21], [17, 2, 18, 3], [19, 12, 20, 13], [21, 4, 22, 5], [23, 16, 24, 17], [10, 2, 11, 1], [3, 22, 4, 23]]"
12n_0408_48,"[[4, 23, 5, 24], [6, 10, 7, 9], [8, 16, 9, 15], [10, 19, 11, 20], [1, 13, 2, 12], [14, 8, 15, 7], [16, 21, 17, 22], [18, 3, 19, 4], [20, 13, 21, 14], [22, 5, 23, 6], [24, 17, 1, 18], [11, 3, 12, 2]]"
12n_0408_49,"[[11, 3, 12, 2], [4, 23, 5, 24], [6, 10, 7, 9], [8, 16, 9, 15], [10, 19, 11, 20], [1, 13, 2, 12], [14, 8, 15, 7], [16, 21, 17, 22], [18, 3, 19, 4], [20, 13, 21, 14], [22, 5, 23, 6], [24, 17, 1, 18]]"
12n_0408_50,"[[24, 17, 1, 18], [11, 3, 12, 2], [4, 23, 5, 24], [6, 10, 7, 9], [8, 16, 9, 15], [10, 19, 11, 20], [1, 13, 2, 12], [14, 8, 15, 7], [16, 21, 17, 22], [18, 3, 19, 4], [20, 13, 21, 14], [22, 5, 23, 6]]"
12n_0408_51,"[[22, 5, 23, 6], [24, 17, 1, 18], [11, 3, 12, 2], [4, 23, 5, 24], [6, 10, 7, 9], [8, 16, 9, 15], [10, 19, 11, 20], [1, 13, 2, 12], [14, 8, 15, 7], [16, 21, 17, 22], [18, 3, 19, 4], [20, 13, 21, 14]]"
12n_0408_52,"[[20, 13, 21, 14], [22, 5, 23, 6], [24, 17, 1, 18], [11, 3, 12, 2], [4, 23, 5, 24], [6, 10, 7, 9], [8, 16, 9, 15], [10, 19, 11, 20], [1, 13, 2, 12], [14, 8, 15, 7], [16, 21, 17, 22], [18, 3, 19, 4]]"
12n_0408_53,"[[18, 3, 19, 4], [20, 13, 21, 14], [22, 5, 23, 6], [24, 17, 1, 18], [11, 3, 12, 2], [4, 23, 5, 24], [6, 10, 7, 9], [8, 16, 9, 15], [10, 19, 11, 20], [1, 13, 2, 12], [14, 8, 15, 7], [16, 21, 17, 22]]"
12n_0408_54,"[[16, 21, 17, 22], [18, 3, 19, 4], [20, 13, 21, 14], [22, 5, 23, 6], [24, 17, 1, 18], [11, 3, 12, 2], [4, 23, 5, 24], [6, 10, 7, 9], [8, 16, 9, 15], [10, 19, 11, 20], [1, 13, 2, 12], [14, 8, 15, 7]]"
12n_0408_55,"[[14, 8, 15, 7], [16, 21, 17, 22], [18, 3, 19, 4], [20, 13, 21, 14], [22, 5, 23, 6], [24, 17, 1, 18], [11, 3, 12, 2], [4, 23, 5, 24], [6, 10, 7, 9], [8, 16, 9, 15], [10, 19, 11, 20], [1, 13, 2, 12]]"
12n_0408_56,"[[1, 13, 2, 12], [14, 8, 15, 7], [16, 21, 17, 22], [18, 3, 19, 4], [20, 13, 21, 14], [22, 5, 23, 6], [24, 17, 1, 18], [11, 3, 12, 2], [4, 23, 5, 24], [6, 10, 7, 9], [8, 16, 9, 15], [10, 19, 11, 20]]"
12n_0408_57,"[[10, 19, 11, 20], [1, 13, 2, 12], [14, 8, 15, 7], [16, 21, 17, 22], [18, 3, 19, 4], [20, 13, 21, 14], [22, 5, 23, 6], [24, 17, 1, 18], [11, 3, 12, 2], [4, 23, 5, 24], [6, 10, 7, 9], [8, 16, 9, 15]]"
12n_0408_58,"[[8, 16, 9, 15], [10, 19, 11, 20], [1, 13, 2, 12], [14, 8, 15, 7], [16, 21, 17, 22], [18, 3, 19, 4], [20, 13, 21, 14], [22, 5, 23, 6], [24, 17, 1, 18], [11, 3, 12, 2], [4, 23, 5, 24], [6, 10, 7, 9]]"
12n_0408_59,"[[6, 10, 7, 9], [8, 16, 9, 15], [10, 19, 11, 20], [1, 13, 2, 12], [14, 8, 15, 7], [16, 21, 17, 22], [18, 3, 19, 4], [20, 13, 21, 14], [22, 5, 23, 6], [24, 17, 1, 18], [11, 3, 12, 2], [4, 23, 5, 24]]"
12n_0408_60,"[[5, 24, 6, 1], [7, 11, 8, 10], [9, 17, 10, 16], [11, 20, 12, 21], [2, 14, 3, 13], [15, 9, 16, 8], [17, 22, 18, 23], [19, 4, 20, 5], [21, 14, 22, 15], [23, 6, 24, 7], [1, 18, 2, 19], [12, 4, 13, 3]]"
12n_0408_61,"[[12, 4, 13, 3], [5, 24, 6, 1], [7, 11, 8, 10], [9, 17, 10, 16], [11, 20, 12, 21], [2, 14, 3, 13], [15, 9, 16, 8], [17, 22, 18, 23], [19, 4, 20, 5], [21, 14, 22, 15], [23, 6, 24, 7], [1, 18, 2, 19]]"
12n_0408_62,"[[1, 18, 2, 19], [12, 4, 13, 3], [5, 24, 6, 1], [7, 11, 8, 10], [9, 17, 10, 16], [11, 20, 12, 21], [2, 14, 3, 13], [15, 9, 16, 8], [17, 22, 18, 23], [19, 4, 20, 5], [21, 14, 22, 15], [23, 6, 24, 7]]"
12n_0408_63,"[[23, 6, 24, 7], [1, 18, 2, 19], [12, 4, 13, 3], [5, 24, 6, 1], [7, 11, 8, 10], [9, 17, 10, 16], [11, 20, 12, 21], [2, 14, 3, 13], [15, 9, 16, 8], [17, 22, 18, 23], [19, 4, 20, 5], [21, 14, 22, 15]]"
12n_0408_64,"[[21, 14, 22, 15], [23, 6, 24, 7], [1, 18, 2, 19], [12, 4, 13, 3], [5, 24, 6, 1], [7, 11, 8, 10], [9, 17, 10, 16], [11, 20, 12, 21], [2, 14, 3, 13], [15, 9, 16, 8], [17, 22, 18, 23], [19, 4, 20, 5]]"
12n_0408_65,"[[19, 4, 20, 5], [21, 14, 22, 15], [23, 6, 24, 7], [1, 18, 2, 19], [12, 4, 13, 3], [5, 24, 6, 1], [7, 11, 8, 10], [9, 17, 10, 16], [11, 20, 12, 21], [2, 14, 3, 13], [15, 9, 16, 8], [17, 22, 18, 23]]"
12n_0408_66,"[[17, 22, 18, 23], [19, 4, 20, 5], [21, 14, 22, 15], [23, 6, 24, 7], [1, 18, 2, 19], [12, 4, 13, 3], [5, 24, 6, 1], [7, 11, 8, 10], [9, 17, 10, 16], [11, 20, 12, 21], [2, 14, 3, 13], [15, 9, 16, 8]]"
12n_0408_67,"[[15, 9, 16, 8], [17, 22, 18, 23], [19, 4, 20, 5], [21, 14, 22, 15], [23, 6, 24, 7], [1, 18, 2, 19], [12, 4, 13, 3], [5, 24, 6, 1], [7, 11, 8, 10], [9, 17, 10, 16], [11, 20, 12, 21], [2, 14, 3, 13]]"
12n_0408_68,"[[2, 14, 3, 13], [15, 9, 16, 8], [17, 22, 18, 23], [19, 4, 20, 5], [21, 14, 22, 15], [23, 6, 24, 7], [1, 18, 2, 19], [12, 4, 13, 3], [5, 24, 6, 1], [7, 11, 8, 10], [9, 17, 10, 16], [11, 20, 12, 21]]"
12n_0408_69,"[[11, 20, 12, 21], [2, 14, 3, 13], [15, 9, 16, 8], [17, 22, 18, 23], [19, 4, 20, 5], [21, 14, 22, 15], [23, 6, 24, 7], [1, 18, 2, 19], [12, 4, 13, 3], [5, 24, 6, 1], [7, 11, 8, 10], [9, 17, 10, 16]]"
12n_0408_70,"[[9, 17, 10, 16], [11, 20, 12, 21], [2, 14, 3, 13], [15, 9, 16, 8], [17, 22, 18, 23], [19, 4, 20, 5], [21, 14, 22, 15], [23, 6, 24, 7], [1, 18, 2, 19], [12, 4, 13, 3], [5, 24, 6, 1], [7, 11, 8, 10]]"
12n_0408_71,"[[7, 11, 8, 10], [9, 17, 10, 16], [11, 20, 12, 21], [2, 14, 3, 13], [15, 9, 16, 8], [17, 22, 18, 23], [19, 4, 20, 5], [21, 14, 22, 15], [23, 6, 24, 7], [1, 18, 2, 19], [12, 4, 13, 3], [5, 24, 6, 1]]"
12n_0408_72,"[[6, 1, 7, 2], [8, 12, 9, 11], [10, 18, 11, 17], [12, 21, 13, 22], [3, 15, 4, 14], [16, 10, 17, 9], [18, 23, 19, 24], [20, 5, 21, 6], [22, 15, 23, 16], [24, 7, 1, 8], [2, 19, 3, 20], [13, 5, 14, 4]]"
12n_0408_73,"[[13, 5, 14, 4], [6, 1, 7, 2], [8, 12, 9, 11], [10, 18, 11, 17], [12, 21, 13, 22], [3, 15, 4, 14], [16, 10, 17, 9], [18, 23, 19, 24], [20, 5, 21, 6], [22, 15, 23, 16], [24, 7, 1, 8], [2, 19, 3, 20]]"
12n_0408_74,"[[2, 19, 3, 20], [13, 5, 14, 4], [6, 1, 7, 2], [8, 12, 9, 11], [10, 18, 11, 17], [12, 21, 13, 22], [3, 15, 4, 14], [16, 10, 17, 9], [18, 23, 19, 24], [20, 5, 21, 6], [22, 15, 23, 16], [24, 7, 1, 8]]"
12n_0408_75,"[[24, 7, 1, 8], [2, 19, 3, 20], [13, 5, 14, 4], [6, 1, 7, 2], [8, 12, 9, 11], [10, 18, 11, 17], [12, 21, 13, 22], [3, 15, 4, 14], [16, 10, 17, 9], [18, 23, 19, 24], [20, 5, 21, 6], [22, 15, 23, 16]]"
12n_0408_76,"[[22, 15, 23, 16], [24, 7, 1, 8], [2, 19, 3, 20], [13, 5, 14, 4], [6, 1, 7, 2], [8, 12, 9, 11], [10, 18, 11, 17], [12, 21, 13, 22], [3, 15, 4, 14], [16, 10, 17, 9], [18, 23, 19, 24], [20, 5, 21, 6]]"
12n_0408_77,"[[20, 5, 21, 6], [22, 15, 23, 16], [24, 7, 1, 8], [2, 19, 3, 20], [13, 5, 14, 4], [6, 1, 7, 2], [8, 12, 9, 11], [10, 18, 11, 17], [12, 21, 13, 22], [3, 15, 4, 14], [16, 10, 17, 9], [18, 23, 19, 24]]"
12n_0408_78,"[[18, 23, 19, 24], [20, 5, 21, 6], [22, 15, 23, 16], [24, 7, 1, 8], [2, 19, 3, 20], [13, 5, 14, 4], [6, 1, 7, 2], [8, 12, 9, 11], [10, 18, 11, 17], [12, 21, 13, 22], [3, 15, 4, 14], [16, 10, 17, 9]]"
12n_0408_79,"[[16, 10, 17, 9], [18, 23, 19, 24], [20, 5, 21, 6], [22, 15, 23, 16], [24, 7, 1, 8], [2, 19, 3, 20], [13, 5, 14, 4], [6, 1, 7, 2], [8, 12, 9, 11], [10, 18, 11, 17], [12, 21, 13, 22], [3, 15, 4, 14]]"
12n_0408_80,"[[3, 15, 4, 14], [16, 10, 17, 9], [18, 23, 19, 24], [20, 5, 21, 6], [22, 15, 23, 16], [24, 7, 1, 8], [2, 19, 3, 20], [13, 5, 14, 4], [6, 1, 7, 2], [8, 12, 9, 11], [10, 18, 11, 17], [12, 21, 13, 22]]"
12n_0408_81,"[[12, 21, 13, 22], [3, 15, 4, 14], [16, 10, 17, 9], [18, 23, 19, 24], [20, 5, 21, 6], [22, 15, 23, 16], [24, 7, 1, 8], [2, 19, 3, 20], [13, 5, 14, 4], [6, 1, 7, 2], [8, 12, 9, 11], [10, 18, 11, 17]]"
12n_0408_82,"[[10, 18, 11, 17], [12, 21, 13, 22], [3, 15, 4, 14], [16, 10, 17, 9], [18, 23, 19, 24], [20, 5, 21, 6], [22, 15, 23, 16], [24, 7, 1, 8], [2, 19, 3, 20], [13, 5, 14, 4], [6, 1, 7, 2], [8, 12, 9, 11]]"
12n_0408_83,"[[8, 12, 9, 11], [10, 18, 11, 17], [12, 21, 13, 22], [3, 15, 4, 14], [16, 10, 17, 9], [18, 23, 19, 24], [20, 5, 21, 6], [22, 15, 23, 16], [24, 7, 1, 8], [2, 19, 3, 20], [13, 5, 14, 4], [6, 1, 7, 2]]"
12n_0408_84,"[[7, 2, 8, 3], [9, 13, 10, 12], [11, 19, 12, 18], [13, 22, 14, 23], [4, 16, 5, 15], [17, 11, 18, 10], [19, 24, 20, 1], [21, 6, 22, 7], [23, 16, 24, 17], [1, 8, 2, 9], [3, 20, 4, 21], [14, 6, 15, 5]]"
12n_0408_85,"[[14, 6, 15, 5], [7, 2, 8, 3], [9, 13, 10, 12], [11, 19, 12, 18], [13, 22, 14, 23], [4, 16, 5, 15], [17, 11, 18, 10], [19, 24, 20, 1], [21, 6, 22, 7], [23, 16, 24, 17], [1, 8, 2, 9], [3, 20, 4, 21]]"
12n_0408_86,"[[3, 20, 4, 21], [14, 6, 15, 5], [7, 2, 8, 3], [9, 13, 10, 12], [11, 19, 12, 18], [13, 22, 14, 23], [4, 16, 5, 15], [17, 11, 18, 10], [19, 24, 20, 1], [21, 6, 22, 7], [23, 16, 24, 17], [1, 8, 2, 9]]"
12n_0408_87,"[[1, 8, 2, 9], [3, 20, 4, 21], [14, 6, 15, 5], [7, 2, 8, 3], [9, 13, 10, 12], [11, 19, 12, 18], [13, 22, 14, 23], [4, 16, 5, 15], [17, 11, 18, 10], [19, 24, 20, 1], [21, 6, 22, 7], [23, 16, 24, 17]]"
12n_0408_88,"[[23, 16, 24, 17], [1, 8, 2, 9], [3, 20, 4, 21], [14, 6, 15, 5], [7, 2, 8, 3], [9, 13, 10, 12], [11, 19, 12, 18], [13, 22, 14, 23], [4, 16, 5, 15], [17, 11, 18, 10], [19, 24, 20, 1], [21, 6, 22, 7]]"
12n_0408_89,"[[21, 6, 22, 7], [23, 16, 24, 17], [1, 8, 2, 9], [3, 20, 4, 21], [14, 6, 15, 5], [7, 2, 8, 3], [9, 13, 10, 12], [11, 19, 12, 18], [13, 22, 14, 23], [4, 16, 5, 15], [17, 11, 18, 10], [19, 24, 20, 1]]"
12n_0408_90,"[[19, 24, 20, 1], [21, 6, 22, 7], [23, 16, 24, 17], [1, 8, 2, 9], [3, 20, 4, 21], [14, 6, 15, 5], [7, 2, 8, 3], [9, 13, 10, 12], [11, 19, 12, 18], [13, 22, 14, 23], [4, 16, 5, 15], [17, 11, 18, 10]]"
12n_0408_91,"[[17, 11, 18, 10], [19, 24, 20, 1], [21, 6, 22, 7], [23, 16, 24, 17], [1, 8, 2, 9], [3, 20, 4, 21], [14, 6, 15, 5], [7, 2, 8, 3], [9, 13, 10, 12], [11, 19, 12, 18], [13, 22, 14, 23], [4, 16, 5, 15]]"
12n_0408_92,"[[4, 16, 5, 15], [17, 11, 18, 10], [19, 24, 20, 1], [21, 6, 22, 7], [23, 16, 24, 17], [1, 8, 2, 9], [3, 20, 4, 21], [14, 6, 15, 5], [7, 2, 8, 3], [9, 13, 10, 12], [11, 19, 12, 18], [13, 22, 14, 23]]"
12n_0408_93,"[[13, 22, 14, 23], [4, 16, 5, 15], [17, 11, 18, 10], [19, 24, 20, 1], [21, 6, 22, 7], [23, 16, 24, 17], [1, 8, 2, 9], [3, 20, 4, 21], [14, 6, 15, 5], [7, 2, 8, 3], [9, 13, 10, 12], [11, 19, 12, 18]]"
12n_0408_94,"[[11, 19, 12, 18], [13, 22, 14, 23], [4, 16, 5, 15], [17, 11, 18, 10], [19, 24, 20, 1], [21, 6, 22, 7], [23, 16, 24, 17], [1, 8, 2, 9], [3, 20, 4, 21], [14, 6, 15, 5], [7, 2, 8, 3], [9, 13, 10, 12]]"
12n_0408_95,"[[9, 13, 10, 12], [11, 19, 12, 18], [13, 22, 14, 23], [4, 16, 5, 15], [17, 11, 18, 10], [19, 24, 20, 1], [21, 6, 22, 7], [23, 16, 24, 17], [1, 8, 2, 9], [3, 20, 4, 21], [14, 6, 15, 5], [7, 2, 8, 3]]"
12n_0408_96,"[[8, 3, 9, 4], [10, 14, 11, 13], [12, 20, 13, 19], [14, 23, 15, 24], [5, 17, 6, 16], [18, 12, 19, 11], [20, 1, 21, 2], [22, 7, 23, 8], [24, 17, 1, 18], [2, 9, 3, 10], [4, 21, 5, 22], [15, 7, 16, 6]]"
12n_0408_97,"[[15, 7, 16, 6], [8, 3, 9, 4], [10, 14, 11, 13], [12, 20, 13, 19], [14, 23, 15, 24], [5, 17, 6, 16], [18, 12, 19, 11], [20, 1, 21, 2], [22, 7, 23, 8], [24, 17, 1, 18], [2, 9, 3, 10], [4, 21, 5, 22]]"
12n_0408_98,"[[4, 21, 5, 22], [15, 7, 16, 6], [8, 3, 9, 4], [10, 14, 11, 13], [12, 20, 13, 19], [14, 23, 15, 24], [5, 17, 6, 16], [18, 12, 19, 11], [20, 1, 21, 2], [22, 7, 23, 8], [24, 17, 1, 18], [2, 9, 3, 10]]"
12n_0408_99,"[[2, 9, 3, 10], [4, 21, 5, 22], [15, 7, 16, 6], [8, 3, 9, 4], [10, 14, 11, 13], [12, 20, 13, 19], [14, 23, 15, 24], [5, 17, 6, 16], [18, 12, 19, 11], [20, 1, 21, 2], [22, 7, 23, 8], [24, 17, 1, 18]]"
12n_0408_100,"[[24, 17, 1, 18], [2, 9, 3, 10], [4, 21, 5, 22], [15, 7, 16, 6], [8, 3, 9, 4], [10, 14, 11, 13], [12, 20, 13, 19], [14, 23, 15, 24], [5, 17, 6, 16], [18, 12, 19, 11], [20, 1, 21, 2], [22, 7, 23, 8]]"
12n_0408_101,"[[22, 7, 23, 8], [24, 17, 1, 18], [2, 9, 3, 10], [4, 21, 5, 22], [15, 7, 16, 6], [8, 3, 9, 4], [10, 14, 11, 13], [12, 20, 13, 19], [14, 23, 15, 24], [5, 17, 6, 16], [18, 12, 19, 11], [20, 1, 21, 2]]"
12n_0408_102,"[[20, 1, 21, 2], [22, 7, 23, 8], [24, 17, 1, 18], [2, 9, 3, 10], [4, 21, 5, 22], [15, 7, 16, 6], [8, 3, 9, 4], [10, 14, 11, 13], [12, 20, 13, 19], [14, 23, 15, 24], [5, 17, 6, 16], [18, 12, 19, 11]]"
12n_0408_103,"[[18, 12, 19, 11], [20, 1, 21, 2], [22, 7, 23, 8], [24, 17, 1, 18], [2, 9, 3, 10], [4, 21, 5, 22], [15, 7, 16, 6], [8, 3, 9, 4], [10, 14, 11, 13], [12, 20, 13, 19], [14, 23, 15, 24], [5, 17, 6, 16]]"
12n_0408_104,"[[5, 17, 6, 16], [18, 12, 19, 11], [20, 1, 21, 2], [22, 7, 23, 8], [24, 17, 1, 18], [2, 9, 3, 10], [4, 21, 5, 22], [15, 7, 16, 6], [8, 3, 9, 4], [10, 14, 11, 13], [12, 20, 13, 19], [14, 23, 15, 24]]"
12n_0408_105,"[[14, 23, 15, 24], [5, 17, 6, 16], [18, 12, 19, 11], [20, 1, 21, 2], [22, 7, 23, 8], [24, 17, 1, 18], [2, 9, 3, 10], [4, 21, 5, 22], [15, 7, 16, 6], [8, 3, 9, 4], [10, 14, 11, 13], [12, 20, 13, 19]]"
12n_0408_106,"[[12, 20, 13, 19], [14, 23, 15, 24], [5, 17, 6, 16], [18, 12, 19, 11], [20, 1, 21, 2], [22, 7, 23, 8], [24, 17, 1, 18], [2, 9, 3, 10], [4, 21, 5, 22], [15, 7, 16, 6], [8, 3, 9, 4], [10, 14, 11, 13]]"
12n_0408_107,"[[10, 14, 11, 13], [12, 20, 13, 19], [14, 23, 15, 24], [5, 17, 6, 16], [18, 12, 19, 11], [20, 1, 21, 2], [22, 7, 23, 8], [24, 17, 1, 18], [2, 9, 3, 10], [4, 21, 5, 22], [15, 7, 16, 6], [8, 3, 9, 4]]"
12n_0408_108,"[[9, 4, 10, 5], [11, 15, 12, 14], [13, 21, 14, 20], [15, 24, 16, 1], [6, 18, 7, 17], [19, 13, 20, 12], [21, 2, 22, 3], [23, 8, 24, 9], [1, 18, 2, 19], [3, 10, 4, 11], [5, 22, 6, 23], [16, 8, 17, 7]]"
12n_0408_109,"[[16, 8, 17, 7], [9, 4, 10, 5], [11, 15, 12, 14], [13, 21, 14, 20], [15, 24, 16, 1], [6, 18, 7, 17], [19, 13, 20, 12], [21, 2, 22, 3], [23, 8, 24, 9], [1, 18, 2, 19], [3, 10, 4, 11], [5, 22, 6, 23]]"
12n_0408_110,"[[5, 22, 6, 23], [16, 8, 17, 7], [9, 4, 10, 5], [11, 15, 12, 14], [13, 21, 14, 20], [15, 24, 16, 1], [6, 18, 7, 17], [19, 13, 20, 12], [21, 2, 22, 3], [23, 8, 24, 9], [1, 18, 2, 19], [3, 10, 4, 11]]"
12n_0408_111,"[[3, 10, 4, 11], [5, 22, 6, 23], [16, 8, 17, 7], [9, 4, 10, 5], [11, 15, 12, 14], [13, 21, 14, 20], [15, 24, 16, 1], [6, 18, 7, 17], [19, 13, 20, 12], [21, 2, 22, 3], [23, 8, 24, 9], [1, 18, 2, 19]]"
12n_0408_112,"[[1, 18, 2, 19], [3, 10, 4, 11], [5, 22, 6, 23], [16, 8, 17, 7], [9, 4, 10, 5], [11, 15, 12, 14], [13, 21, 14, 20], [15, 24, 16, 1], [6, 18, 7, 17], [19, 13, 20, 12], [21, 2, 22, 3], [23, 8, 24, 9]]"
12n_0408_113,"[[23, 8, 24, 9], [1, 18, 2, 19], [3, 10, 4, 11], [5, 22, 6, 23], [16, 8, 17, 7], [9, 4, 10, 5], [11, 15, 12, 14], [13, 21, 14, 20], [15, 24, 16, 1], [6, 18, 7, 17], [19, 13, 20, 12], [21, 2, 22, 3]]"
12n_0408_114,"[[21, 2, 22, 3], [23, 8, 24, 9], [1, 18, 2, 19], [3, 10, 4, 11], [5, 22, 6, 23], [16, 8, 17, 7], [9, 4, 10, 5], [11, 15, 12, 14], [13, 21, 14, 20], [15, 24, 16, 1], [6, 18, 7, 17], [19, 13, 20, 12]]"
12n_0408_115,"[[19, 13, 20, 12], [21, 2, 22, 3], [23, 8, 24, 9], [1, 18, 2, 19], [3, 10, 4, 11], [5, 22, 6, 23], [16, 8, 17, 7], [9, 4, 10, 5], [11, 15, 12, 14], [13, 21, 14, 20], [15, 24, 16, 1], [6, 18, 7, 17]]"
12n_0408_116,"[[6, 18, 7, 17], [19, 13, 20, 12], [21, 2, 22, 3], [23, 8, 24, 9], [1, 18, 2, 19], [3, 10, 4, 11], [5, 22, 6, 23], [16, 8, 17, 7], [9, 4, 10, 5], [11, 15, 12, 14], [13, 21, 14, 20], [15, 24, 16, 1]]"
12n_0408_117,"[[15, 24, 16, 1], [6, 18, 7, 17], [19, 13, 20, 12], [21, 2, 22, 3], [23, 8, 24, 9], [1, 18, 2, 19], [3, 10, 4, 11], [5, 22, 6, 23], [16, 8, 17, 7], [9, 4, 10, 5], [11, 15, 12, 14], [13, 21, 14, 20]]"
12n_0408_118,"[[13, 21, 14, 20], [15, 24, 16, 1], [6, 18, 7, 17], [19, 13, 20, 12], [21, 2, 22, 3], [23, 8, 24, 9], [1, 18, 2, 19], [3, 10, 4, 11], [5, 22, 6, 23], [16, 8, 17, 7], [9, 4, 10, 5], [11, 15, 12, 14]]"
12n_0408_119,"[[11, 15, 12, 14], [13, 21, 14, 20], [15, 24, 16, 1], [6, 18, 7, 17], [19, 13, 20, 12], [21, 2, 22, 3], [23, 8, 24, 9], [1, 18, 2, 19], [3, 10, 4, 11], [5, 22, 6, 23], [16, 8, 17, 7], [9, 4, 10, 5]]"
12n_0408_120,"[[10, 5, 11, 6], [12, 16, 13, 15], [14, 22, 15, 21], [16, 1, 17, 2], [7, 19, 8, 18], [20, 14, 21, 13], [22, 3, 23, 4], [24, 9, 1, 10], [2, 19, 3, 20], [4, 11, 5, 12], [6, 23, 7, 24], [17, 9, 18, 8]]"
12n_0408_121,"[[17, 9, 18, 8], [10, 5, 11, 6], [12, 16, 13, 15], [14, 22, 15, 21], [16, 1, 17, 2], [7, 19, 8, 18], [20, 14, 21, 13], [22, 3, 23, 4], [24, 9, 1, 10], [2, 19, 3, 20], [4, 11, 5, 12], [6, 23, 7, 24]]"
12n_0408_122,"[[6, 23, 7, 24], [17, 9, 18, 8], [10, 5, 11, 6], [12, 16, 13, 15], [14, 22, 15, 21], [16, 1, 17, 2], [7, 19, 8, 18], [20, 14, 21, 13], [22, 3, 23, 4], [24, 9, 1, 10], [2, 19, 3, 20], [4, 11, 5, 12]]"
12n_0408_123,"[[4, 11, 5, 12], [6, 23, 7, 24], [17, 9, 18, 8], [10, 5, 11, 6], [12, 16, 13, 15], [14, 22, 15, 21], [16, 1, 17, 2], [7, 19, 8, 18], [20, 14, 21, 13], [22, 3, 23, 4], [24, 9, 1, 10], [2, 19, 3, 20]]"
12n_0408_124,"[[2, 19, 3, 20], [4, 11, 5, 12], [6, 23, 7, 24], [17, 9, 18, 8], [10, 5, 11, 6], [12, 16, 13, 15], [14, 22, 15, 21], [16, 1, 17, 2], [7, 19, 8, 18], [20, 14, 21, 13], [22, 3, 23, 4], [24, 9, 1, 10]]"
12n_0408_125,"[[24, 9, 1, 10], [2, 19, 3, 20], [4, 11, 5, 12], [6, 23, 7, 24], [17, 9, 18, 8], [10, 5, 11, 6], [12, 16, 13, 15], [14, 22, 15, 21], [16, 1, 17, 2], [7, 19, 8, 18], [20, 14, 21, 13], [22, 3, 23, 4]]"
12n_0408_126,"[[22, 3, 23, 4], [24, 9, 1, 10], [2, 19, 3, 20], [4, 11, 5, 12], [6, 23, 7, 24], [17, 9, 18, 8], [10, 5, 11, 6], [12, 16, 13, 15], [14, 22, 15, 21], [16, 1, 17, 2], [7, 19, 8, 18], [20, 14, 21, 13]]"
12n_0408_127,"[[20, 14, 21, 13], [22, 3, 23, 4], [24, 9, 1, 10], [2, 19, 3, 20], [4, 11, 5, 12], [6, 23, 7, 24], [17, 9, 18, 8], [10, 5, 11, 6], [12, 16, 13, 15], [14, 22, 15, 21], [16, 1, 17, 2], [7, 19, 8, 18]]"
12n_0408_128,"[[7, 19, 8, 18], [20, 14, 21, 13], [22, 3, 23, 4], [24, 9, 1, 10], [2, 19, 3, 20], [4, 11, 5, 12], [6, 23, 7, 24], [17, 9, 18, 8], [10, 5, 11, 6], [12, 16, 13, 15], [14, 22, 15, 21], [16, 1, 17, 2]]"
12n_0408_129,"[[16, 1, 17, 2], [7, 19, 8, 18], [20, 14, 21, 13], [22, 3, 23, 4], [24, 9, 1, 10], [2, 19, 3, 20], [4, 11, 5, 12], [6, 23, 7, 24], [17, 9, 18, 8], [10, 5, 11, 6], [12, 16, 13, 15], [14, 22, 15, 21]]"
12n_0408_130,"[[14, 22, 15, 21], [16, 1, 17, 2], [7, 19, 8, 18], [20, 14, 21, 13], [22, 3, 23, 4], [24, 9, 1, 10], [2, 19, 3, 20], [4, 11, 5, 12], [6, 23, 7, 24], [17, 9, 18, 8], [10, 5, 11, 6], [12, 16, 13, 15]]"
12n_0408_131,"[[12, 16, 13, 15], [14, 22, 15, 21], [16, 1, 17, 2], [7, 19, 8, 18], [20, 14, 21, 13], [22, 3, 23, 4], [24, 9, 1, 10], [2, 19, 3, 20], [4, 11, 5, 12], [6, 23, 7, 24], [17, 9, 18, 8], [10, 5, 11, 6]]"
12n_0408_132,"[[11, 6, 12, 7], [13, 17, 14, 16], [15, 23, 16, 22], [17, 2, 18, 3], [8, 20, 9, 19], [21, 15, 22, 14], [23, 4, 24, 5], [1, 10, 2, 11], [3, 20, 4, 21], [5, 12, 6, 13], [7, 24, 8, 1], [18, 10, 19, 9]]"
12n_0408_133,"[[18, 10, 19, 9], [11, 6, 12, 7], [13, 17, 14, 16], [15, 23, 16, 22], [17, 2, 18, 3], [8, 20, 9, 19], [21, 15, 22, 14], [23, 4, 24, 5], [1, 10, 2, 11], [3, 20, 4, 21], [5, 12, 6, 13], [7, 24, 8, 1]]"
12n_0408_134,"[[7, 24, 8, 1], [18, 10, 19, 9], [11, 6, 12, 7], [13, 17, 14, 16], [15, 23, 16, 22], [17, 2, 18, 3], [8, 20, 9, 19], [21, 15, 22, 14], [23, 4, 24, 5], [1, 10, 2, 11], [3, 20, 4, 21], [5, 12, 6, 13]]"
12n_0408_135,"[[5, 12, 6, 13], [7, 24, 8, 1], [18, 10, 19, 9], [11, 6, 12, 7], [13, 17, 14, 16], [15, 23, 16, 22], [17, 2, 18, 3], [8, 20, 9, 19], [21, 15, 22, 14], [23, 4, 24, 5], [1, 10, 2, 11], [3, 20, 4, 21]]"
12n_0408_136,"[[3, 20, 4, 21], [5, 12, 6, 13], [7, 24, 8, 1], [18, 10, 19, 9], [11, 6, 12, 7], [13, 17, 14, 16], [15, 23, 16, 22], [17, 2, 18, 3], [8, 20, 9, 19], [21, 15, 22, 14], [23, 4, 24, 5], [1, 10, 2, 11]]"
12n_0408_137,"[[1, 10, 2, 11], [3, 20, 4, 21], [5, 12, 6, 13], [7, 24, 8, 1], [18, 10, 19, 9], [11, 6, 12, 7], [13, 17, 14, 16], [15, 23, 16, 22], [17, 2, 18, 3], [8, 20, 9, 19], [21, 15, 22, 14], [23, 4, 24, 5]]"
12n_0408_138,"[[23, 4, 24, 5], [1, 10, 2, 11], [3, 20, 4, 21], [5, 12, 6, 13], [7, 24, 8, 1], [18, 10, 19, 9], [11, 6, 12, 7], [13, 17, 14, 16], [15, 23, 16, 22], [17, 2, 18, 3], [8, 20, 9, 19], [21, 15, 22, 14]]"
12n_0408_139,"[[21, 15, 22, 14], [23, 4, 24, 5], [1, 10, 2, 11], [3, 20, 4, 21], [5, 12, 6, 13], [7, 24, 8, 1], [18, 10, 19, 9], [11, 6, 12, 7], [13, 17, 14, 16], [15, 23, 16, 22], [17, 2, 18, 3], [8, 20, 9, 19]]"
12n_0408_140,"[[8, 20, 9, 19], [21, 15, 22, 14], [23, 4, 24, 5], [1, 10, 2, 11], [3, 20, 4, 21], [5, 12, 6, 13], [7, 24, 8, 1], [18, 10, 19, 9], [11, 6, 12, 7], [13, 17, 14, 16], [15, 23, 16, 22], [17, 2, 18, 3]]"
12n_0408_141,"[[17, 2, 18, 3], [8, 20, 9, 19], [21, 15, 22, 14], [23, 4, 24, 5], [1, 10, 2, 11], [3, 20, 4, 21], [5, 12, 6, 13], [7, 24, 8, 1], [18, 10, 19, 9], [11, 6, 12, 7], [13, 17, 14, 16], [15, 23, 16, 22]]"
12n_0408_142,"[[15, 23, 16, 22], [17, 2, 18, 3], [8, 20, 9, 19], [21, 15, 22, 14], [23, 4, 24, 5], [1, 10, 2, 11], [3, 20, 4, 21], [5, 12, 6, 13], [7, 24, 8, 1], [18, 10, 19, 9], [11, 6, 12, 7], [13, 17, 14, 16]]"
12n_0408_143,"[[13, 17, 14, 16], [15, 23, 16, 22], [17, 2, 18, 3], [8, 20, 9, 19], [21, 15, 22, 14], [23, 4, 24, 5], [1, 10, 2, 11], [3, 20, 4, 21], [5, 12, 6, 13], [7, 24, 8, 1], [18, 10, 19, 9], [11, 6, 12, 7]]"
12n_0408_144,"[[12, 7, 13, 8], [14, 18, 15, 17], [16, 24, 17, 23], [18, 3, 19, 4], [9, 21, 10, 20], [22, 16, 23, 15], [24, 5, 1, 6], [2, 11, 3, 12], [4, 21, 5, 22], [6, 13, 7, 14], [8, 1, 9, 2], [19, 11, 20, 10]]"
12n_0408_145,"[[19, 11, 20, 10], [12, 7, 13, 8], [14, 18, 15, 17], [16, 24, 17, 23], [18, 3, 19, 4], [9, 21, 10, 20], [22, 16, 23, 15], [24, 5, 1, 6], [2, 11, 3, 12], [4, 21, 5, 22], [6, 13, 7, 14], [8, 1, 9, 2]]"
12n_0408_146,"[[8, 1, 9, 2], [19, 11, 20, 10], [12, 7, 13, 8], [14, 18, 15, 17], [16, 24, 17, 23], [18, 3, 19, 4], [9, 21, 10, 20], [22, 16, 23, 15], [24, 5, 1, 6], [2, 11, 3, 12], [4, 21, 5, 22], [6, 13, 7, 14]]"
12n_0408_147,"[[6, 13, 7, 14], [8, 1, 9, 2], [19, 11, 20, 10], [12, 7, 13, 8], [14, 18, 15, 17], [16, 24, 17, 23], [18, 3, 19, 4], [9, 21, 10, 20], [22, 16, 23, 15], [24, 5, 1, 6], [2, 11, 3, 12], [4, 21, 5, 22]]"
12n_0408_148,"[[4, 21, 5, 22], [6, 13, 7, 14], [8, 1, 9, 2], [19, 11, 20, 10], [12, 7, 13, 8], [14, 18, 15, 17], [16, 24, 17, 23], [18, 3, 19, 4], [9, 21, 10, 20], [22, 16, 23, 15], [24, 5, 1, 6], [2, 11, 3, 12]]"
12n_0408_149,"[[2, 11, 3, 12], [4, 21, 5, 22], [6, 13, 7, 14], [8, 1, 9, 2], [19, 11, 20, 10], [12, 7, 13, 8], [14, 18, 15, 17], [16, 24, 17, 23], [18, 3, 19, 4], [9, 21, 10, 20], [22, 16, 23, 15], [24, 5, 1, 6]]"
12n_0408_150,"[[24, 5, 1, 6], [2, 11, 3, 12], [4, 21, 5, 22], [6, 13, 7, 14], [8, 1, 9, 2], [19, 11, 20, 10], [12, 7, 13, 8], [14, 18, 15, 17], [16, 24, 17, 23], [18, 3, 19, 4], [9, 21, 10, 20], [22, 16, 23, 15]]"
12n_0408_151,"[[22, 16, 23, 15], [24, 5, 1, 6], [2, 11, 3, 12], [4, 21, 5, 22], [6, 13, 7, 14], [8, 1, 9, 2], [19, 11, 20, 10], [12, 7, 13, 8], [14, 18, 15, 17], [16, 24, 17, 23], [18, 3, 19, 4], [9, 21, 10, 20]]"
12n_0408_152,"[[9, 21, 10, 20], [22, 16, 23, 15], [24, 5, 1, 6], [2, 11, 3, 12], [4, 21, 5, 22], [6, 13, 7, 14], [8, 1, 9, 2], [19, 11, 20, 10], [12, 7, 13, 8], [14, 18, 15, 17], [16, 24, 17, 23], [18, 3, 19, 4]]"
12n_0408_153,"[[18, 3, 19, 4], [9, 21, 10, 20], [22, 16, 23, 15], [24, 5, 1, 6], [2, 11, 3, 12], [4, 21, 5, 22], [6, 13, 7, 14], [8, 1, 9, 2], [19, 11, 20, 10], [12, 7, 13, 8], [14, 18, 15, 17], [16, 24, 17, 23]]"
12n_0408_154,"[[16, 24, 17, 23], [18, 3, 19, 4], [9, 21, 10, 20], [22, 16, 23, 15], [24, 5, 1, 6], [2, 11, 3, 12], [4, 21, 5, 22], [6, 13, 7, 14], [8, 1, 9, 2], [19, 11, 20, 10], [12, 7, 13, 8], [14, 18, 15, 17]]"
12n_0408_155,"[[14, 18, 15, 17], [16, 24, 17, 23], [18, 3, 19, 4], [9, 21, 10, 20], [22, 16, 23, 15], [24, 5, 1, 6], [2, 11, 3, 12], [4, 21, 5, 22], [6, 13, 7, 14], [8, 1, 9, 2], [19, 11, 20, 10], [12, 7, 13, 8]]"
12n_0408_156,"[[13, 8, 14, 9], [15, 19, 16, 18], [17, 1, 18, 24], [19, 4, 20, 5], [10, 22, 11, 21], [23, 17, 24, 16], [1, 6, 2, 7], [3, 12, 4, 13], [5, 22, 6, 23], [7, 14, 8, 15], [9, 2, 10, 3], [20, 12, 21, 11]]"
12n_0408_157,"[[20, 12, 21, 11], [13, 8, 14, 9], [15, 19, 16, 18], [17, 1, 18, 24], [19, 4, 20, 5], [10, 22, 11, 21], [23, 17, 24, 16], [1, 6, 2, 7], [3, 12, 4, 13], [5, 22, 6, 23], [7, 14, 8, 15], [9, 2, 10, 3]]"
12n_0408_158,"[[9, 2, 10, 3], [20, 12, 21, 11], [13, 8, 14, 9], [15, 19, 16, 18], [17, 1, 18, 24], [19, 4, 20, 5], [10, 22, 11, 21], [23, 17, 24, 16], [1, 6, 2, 7], [3, 12, 4, 13], [5, 22, 6, 23], [7, 14, 8, 15]]"
12n_0408_159,"[[7, 14, 8, 15], [9, 2, 10, 3], [20, 12, 21, 11], [13, 8, 14, 9], [15, 19, 16, 18], [17, 1, 18, 24], [19, 4, 20, 5], [10, 22, 11, 21], [23, 17, 24, 16], [1, 6, 2, 7], [3, 12, 4, 13], [5, 22, 6, 23]]"
12n_0408_160,"[[5, 22, 6, 23], [7, 14, 8, 15], [9, 2, 10, 3], [20, 12, 21, 11], [13, 8, 14, 9], [15, 19, 16, 18], [17, 1, 18, 24], [19, 4, 20, 5], [10, 22, 11, 21], [23, 17, 24, 16], [1, 6, 2, 7], [3, 12, 4, 13]]"
12n_0408_161,"[[3, 12, 4, 13], [5, 22, 6, 23], [7, 14, 8, 15], [9, 2, 10, 3], [20, 12, 21, 11], [13, 8, 14, 9], [15, 19, 16, 18], [17, 1, 18, 24], [19, 4, 20, 5], [10, 22, 11, 21], [23, 17, 24, 16], [1, 6, 2, 7]]"
12n_0408_162,"[[1, 6, 2, 7], [3, 12, 4, 13], [5, 22, 6, 23], [7, 14, 8, 15], [9, 2, 10, 3], [20, 12, 21, 11], [13, 8, 14, 9], [15, 19, 16, 18], [17, 1, 18, 24], [19, 4, 20, 5], [10, 22, 11, 21], [23, 17, 24, 16]]"
12n_0408_163,"[[23, 17, 24, 16], [1, 6, 2, 7], [3, 12, 4, 13], [5, 22, 6, 23], [7, 14, 8, 15], [9, 2, 10, 3], [20, 12, 21, 11], [13, 8, 14, 9], [15, 19, 16, 18], [17, 1, 18, 24], [19, 4, 20, 5], [10, 22, 11, 21]]"
12n_0408_164,"[[10, 22, 11, 21], [23, 17, 24, 16], [1, 6, 2, 7], [3, 12, 4, 13], [5, 22, 6, 23], [7, 14, 8, 15], [9, 2, 10, 3], [20, 12, 21, 11], [13, 8, 14, 9], [15, 19, 16, 18], [17, 1, 18, 24], [19, 4, 20, 5]]"
12n_0408_165,"[[19, 4, 20, 5], [10, 22, 11, 21], [23, 17, 24, 16], [1, 6, 2, 7], [3, 12, 4, 13], [5, 22, 6, 23], [7, 14, 8, 15], [9, 2, 10, 3], [20, 12, 21, 11], [13, 8, 14, 9], [15, 19, 16, 18], [17, 1, 18, 24]]"
12n_0408_166,"[[17, 1, 18, 24], [19, 4, 20, 5], [10, 22, 11, 21], [23, 17, 24, 16], [1, 6, 2, 7], [3, 12, 4, 13], [5, 22, 6, 23], [7, 14, 8, 15], [9, 2, 10, 3], [20, 12, 21, 11], [13, 8, 14, 9], [15, 19, 16, 18]]"
12n_0408_167,"[[15, 19, 16, 18], [17, 1, 18, 24], [19, 4, 20, 5], [10, 22, 11, 21], [23, 17, 24, 16], [1, 6, 2, 7], [3, 12, 4, 13], [5, 22, 6, 23], [7, 14, 8, 15], [9, 2, 10, 3], [20, 12, 21, 11], [13, 8, 14, 9]]"
12n_0408_168,"[[14, 9, 15, 10], [16, 20, 17, 19], [18, 2, 19, 1], [20, 5, 21, 6], [11, 23, 12, 22], [24, 18, 1, 17], [2, 7, 3, 8], [4, 13, 5, 14], [6, 23, 7, 24], [8, 15, 9, 16], [10, 3, 11, 4], [21, 13, 22, 12]]"
12n_0408_169,"[[21, 13, 22, 12], [14, 9, 15, 10], [16, 20, 17, 19], [18, 2, 19, 1], [20, 5, 21, 6], [11, 23, 12, 22], [24, 18, 1, 17], [2, 7, 3, 8], [4, 13, 5, 14], [6, 23, 7, 24], [8, 15, 9, 16], [10, 3, 11, 4]]"
12n_0408_170,"[[10, 3, 11, 4], [21, 13, 22, 12], [14, 9, 15, 10], [16, 20, 17, 19], [18, 2, 19, 1], [20, 5, 21, 6], [11, 23, 12, 22], [24, 18, 1, 17], [2, 7, 3, 8], [4, 13, 5, 14], [6, 23, 7, 24], [8, 15, 9, 16]]"
12n_0408_171,"[[8, 15, 9, 16], [10, 3, 11, 4], [21, 13, 22, 12], [14, 9, 15, 10], [16, 20, 17, 19], [18, 2, 19, 1], [20, 5, 21, 6], [11, 23, 12, 22], [24, 18, 1, 17], [2, 7, 3, 8], [4, 13, 5, 14], [6, 23, 7, 24]]"
12n_0408_172,"[[6, 23, 7, 24], [8, 15, 9, 16], [10, 3, 11, 4], [21, 13, 22, 12], [14, 9, 15, 10], [16, 20, 17, 19], [18, 2, 19, 1], [20, 5, 21, 6], [11, 23, 12, 22], [24, 18, 1, 17], [2, 7, 3, 8], [4, 13, 5, 14]]"
12n_0408_173,"[[4, 13, 5, 14], [6, 23, 7, 24], [8, 15, 9, 16], [10, 3, 11, 4], [21, 13, 22, 12], [14, 9, 15, 10], [16, 20, 17, 19], [18, 2, 19, 1], [20, 5, 21, 6], [11, 23, 12, 22], [24, 18, 1, 17], [2, 7, 3, 8]]"
12n_0408_174,"[[2, 7, 3, 8], [4, 13, 5, 14], [6, 23, 7, 24], [8, 15, 9, 16], [10, 3, 11, 4], [21, 13, 22, 12], [14, 9, 15, 10], [16, 20, 17, 19], [18, 2, 19, 1], [20, 5, 21, 6], [11, 23, 12, 22], [24, 18, 1, 17]]"
12n_0408_175,"[[24, 18, 1, 17], [2, 7, 3, 8], [4, 13, 5, 14], [6, 23, 7, 24], [8, 15, 9, 16], [10, 3, 11, 4], [21, 13, 22, 12], [14, 9, 15, 10], [16, 20, 17, 19], [18, 2, 19, 1], [20, 5, 21, 6], [11, 23, 12, 22]]"
12n_0408_176,"[[11, 23, 12, 22], [24, 18, 1, 17], [2, 7, 3, 8], [4, 13, 5, 14], [6, 23, 7, 24], [8, 15, 9, 16], [10, 3, 11, 4], [21, 13, 22, 12], [14, 9, 15, 10], [16, 20, 17, 19], [18, 2, 19, 1], [20, 5, 21, 6]]"
12n_0408_177,"[[20, 5, 21, 6], [11, 23, 12, 22], [24, 18, 1, 17], [2, 7, 3, 8], [4, 13, 5, 14], [6, 23, 7, 24], [8, 15, 9, 16], [10, 3, 11, 4], [21, 13, 22, 12], [14, 9, 15, 10], [16, 20, 17, 19], [18, 2, 19, 1]]"
12n_0408_178,"[[18, 2, 19, 1], [20, 5, 21, 6], [11, 23, 12, 22], [24, 18, 1, 17], [2, 7, 3, 8], [4, 13, 5, 14], [6, 23, 7, 24], [8, 15, 9, 16], [10, 3, 11, 4], [21, 13, 22, 12], [14, 9, 15, 10], [16, 20, 17, 19]]"
12n_0408_179,"[[16, 20, 17, 19], [18, 2, 19, 1], [20, 5, 21, 6], [11, 23, 12, 22], [24, 18, 1, 17], [2, 7, 3, 8], [4, 13, 5, 14], [6, 23, 7, 24], [8, 15, 9, 16], [10, 3, 11, 4], [21, 13, 22, 12], [14, 9, 15, 10]]"
12n_0408_180,"[[15, 10, 16, 11], [17, 21, 18, 20], [19, 3, 20, 2], [21, 6, 22, 7], [12, 24, 13, 23], [1, 19, 2, 18], [3, 8, 4, 9], [5, 14, 6, 15], [7, 24, 8, 1], [9, 16, 10, 17], [11, 4, 12, 5], [22, 14, 23, 13]]"
12n_0408_181,"[[22, 14, 23, 13], [15, 10, 16, 11], [17, 21, 18, 20], [19, 3, 20, 2], [21, 6, 22, 7], [12, 24, 13, 23], [1, 19, 2, 18], [3, 8, 4, 9], [5, 14, 6, 15], [7, 24, 8, 1], [9, 16, 10, 17], [11, 4, 12, 5]]"
12n_0408_182,"[[11, 4, 12, 5], [22, 14, 23, 13], [15, 10, 16, 11], [17, 21, 18, 20], [19, 3, 20, 2], [21, 6, 22, 7], [12, 24, 13, 23], [1, 19, 2, 18], [3, 8, 4, 9], [5, 14, 6, 15], [7, 24, 8, 1], [9, 16, 10, 17]]"
12n_0408_183,"[[9, 16, 10, 17], [11, 4, 12, 5], [22, 14, 23, 13], [15, 10, 16, 11], [17, 21, 18, 20], [19, 3, 20, 2], [21, 6, 22, 7], [12, 24, 13, 23], [1, 19, 2, 18], [3, 8, 4, 9], [5, 14, 6, 15], [7, 24, 8, 1]]"
12n_0408_184,"[[7, 24, 8, 1], [9, 16, 10, 17], [11, 4, 12, 5], [22, 14, 23, 13], [15, 10, 16, 11], [17, 21, 18, 20], [19, 3, 20, 2], [21, 6, 22, 7], [12, 24, 13, 23], [1, 19, 2, 18], [3, 8, 4, 9], [5, 14, 6, 15]]"
12n_0408_185,"[[5, 14, 6, 15], [7, 24, 8, 1], [9, 16, 10, 17], [11, 4, 12, 5], [22, 14, 23, 13], [15, 10, 16, 11], [17, 21, 18, 20], [19, 3, 20, 2], [21, 6, 22, 7], [12, 24, 13, 23], [1, 19, 2, 18], [3, 8, 4, 9]]"
