name,pd_notation
11a_182_0,"[[11, 20, 12, 21], [5, 3, 6, 2], [15, 7, 16, 6], [13, 4, 14, 5], [3, 14, 4, 15], [1, 17, 2, 16], [17, 8, 18, 9], [7, 22, 8, 1], [19, 10, 20, 11], [21, 12, 22, 13], [9, 18, 10, 19]]"
11a_182_1,"[[9, 18, 10, 19], [11, 20, 12, 21], [5, 3, 6, 2], [15, 7, 16, 6], [13, 4, 14, 5], [3, 14, 4, 15], [1, 17, 2, 16], [17, 8, 18, 9], [7, 22, 8, 1], [19, 10, 20, 11], [21, 12, 22, 13]]"
11a_182_2,"[[21, 12, 22, 13], [9, 18, 10, 19], [11, 20, 12, 21], [5, 3, 6, 2], [15, 7, 16, 6], [13, 4, 14, 5], [3, 14, 4, 15], [1, 17, 2, 16], [17, 8, 18, 9], [7, 22, 8, 1], [19, 10, 20, 11]]"
11a_182_3,"[[19, 10, 20, 11], [21, 12, 22, 13], [9, 18, 10, 19], [11, 20, 12, 21], [5, 3, 6, 2], [15, 7, 16, 6], [13, 4, 14, 5], [3, 14, 4, 15], [1, 17, 2, 16], [17, 8, 18, 9], [7, 22, 8, 1]]"
11a_182_4,"[[7, 22, 8, 1], [19, 10, 20, 11], [21, 12, 22, 13], [9, 18, 10, 19], [11, 20, 12, 21], [5, 3, 6, 2], [15, 7, 16, 6], [13, 4, 14, 5], [3, 14, 4, 15], [1, 17, 2, 16], [17, 8, 18, 9]]"
11a_182_5,"[[17, 8, 18, 9], [7, 22, 8, 1], [19, 10, 20, 11], [21, 12, 22, 13], [9, 18, 10, 19], [11, 20, 12, 21], [5, 3, 6, 2], [15, 7, 16, 6], [13, 4, 14, 5], [3, 14, 4, 15], [1, 17, 2, 16]]"
11a_182_6,"[[1, 17, 2, 16], [17, 8, 18, 9], [7, 22, 8, 1], [19, 10, 20, 11], [21, 12, 22, 13], [9, 18, 10, 19], [11, 20, 12, 21], [5, 3, 6, 2], [15, 7, 16, 6], [13, 4, 14, 5], [3, 14, 4, 15]]"
11a_182_7,"[[3, 14, 4, 15], [1, 17, 2, 16], [17, 8, 18, 9], [7, 22, 8, 1], [19, 10, 20, 11], [21, 12, 22, 13], [9, 18, 10, 19], [11, 20, 12, 21], [5, 3, 6, 2], [15, 7, 16, 6], [13, 4, 14, 5]]"
11a_182_8,"[[13, 4, 14, 5], [3, 14, 4, 15], [1, 17, 2, 16], [17, 8, 18, 9], [7, 22, 8, 1], [19, 10, 20, 11], [21, 12, 22, 13], [9, 18, 10, 19], [11, 20, 12, 21], [5, 3, 6, 2], [15, 7, 16, 6]]"
11a_182_9,"[[15, 7, 16, 6], [13, 4, 14, 5], [3, 14, 4, 15], [1, 17, 2, 16], [17, 8, 18, 9], [7, 22, 8, 1], [19, 10, 20, 11], [21, 12, 22, 13], [9, 18, 10, 19], [11, 20, 12, 21], [5, 3, 6, 2]]"
11a_182_10,"[[5, 3, 6, 2], [15, 7, 16, 6], [13, 4, 14, 5], [3, 14, 4, 15], [1, 17, 2, 16], [17, 8, 18, 9], [7, 22, 8, 1], [19, 10, 20, 11], [21, 12, 22, 13], [9, 18, 10, 19], [11, 20, 12, 21]]"
11a_182_11,"[[12, 21, 13, 22], [6, 4, 7, 3], [16, 8, 17, 7], [14, 5, 15, 6], [4, 15, 5, 16], [2, 18, 3, 17], [18, 9, 19, 10], [8, 1, 9, 2], [20, 11, 21, 12], [22, 13, 1, 14], [10, 19, 11, 20]]"
11a_182_12,"[[10, 19, 11, 20], [12, 21, 13, 22], [6, 4, 7, 3], [16, 8, 17, 7], [14, 5, 15, 6], [4, 15, 5, 16], [2, 18, 3, 17], [18, 9, 19, 10], [8, 1, 9, 2], [20, 11, 21, 12], [22, 13, 1, 14]]"
11a_182_13,"[[22, 13, 1, 14], [10, 19, 11, 20], [12, 21, 13, 22], [6, 4, 7, 3], [16, 8, 17, 7], [14, 5, 15, 6], [4, 15, 5, 16], [2, 18, 3, 17], [18, 9, 19, 10], [8, 1, 9, 2], [20, 11, 21, 12]]"
11a_182_14,"[[20, 11, 21, 12], [22, 13, 1, 14], [10, 19, 11, 20], [12, 21, 13, 22], [6, 4, 7, 3], [16, 8, 17, 7], [14, 5, 15, 6], [4, 15, 5, 16], [2, 18, 3, 17], [18, 9, 19, 10], [8, 1, 9, 2]]"
11a_182_15,"[[8, 1, 9, 2], [20, 11, 21, 12], [22, 13, 1, 14], [10, 19, 11, 20], [12, 21, 13, 22], [6, 4, 7, 3], [16, 8, 17, 7], [14, 5, 15, 6], [4, 15, 5, 16], [2, 18, 3, 17], [18, 9, 19, 10]]"
11a_182_16,"[[18, 9, 19, 10], [8, 1, 9, 2], [20, 11, 21, 12], [22, 13, 1, 14], [10, 19, 11, 20], [12, 21, 13, 22], [6, 4, 7, 3], [16, 8, 17, 7], [14, 5, 15, 6], [4, 15, 5, 16], [2, 18, 3, 17]]"
11a_182_17,"[[2, 18, 3, 17], [18, 9, 19, 10], [8, 1, 9, 2], [20, 11, 21, 12], [22, 13, 1, 14], [10, 19, 11, 20], [12, 21, 13, 22], [6, 4, 7, 3], [16, 8, 17, 7], [14, 5, 15, 6], [4, 15, 5, 16]]"
11a_182_18,"[[4, 15, 5, 16], [2, 18, 3, 17], [18, 9, 19, 10], [8, 1, 9, 2], [20, 11, 21, 12], [22, 13, 1, 14], [10, 19, 11, 20], [12, 21, 13, 22], [6, 4, 7, 3], [16, 8, 17, 7], [14, 5, 15, 6]]"
11a_182_19,"[[14, 5, 15, 6], [4, 15, 5, 16], [2, 18, 3, 17], [18, 9, 19, 10], [8, 1, 9, 2], [20, 11, 21, 12], [22, 13, 1, 14], [10, 19, 11, 20], [12, 21, 13, 22], [6, 4, 7, 3], [16, 8, 17, 7]]"
11a_182_20,"[[16, 8, 17, 7], [14, 5, 15, 6], [4, 15, 5, 16], [2, 18, 3, 17], [18, 9, 19, 10], [8, 1, 9, 2], [20, 11, 21, 12], [22, 13, 1, 14], [10, 19, 11, 20], [12, 21, 13, 22], [6, 4, 7, 3]]"
11a_182_21,"[[6, 4, 7, 3], [16, 8, 17, 7], [14, 5, 15, 6], [4, 15, 5, 16], [2, 18, 3, 17], [18, 9, 19, 10], [8, 1, 9, 2], [20, 11, 21, 12], [22, 13, 1, 14], [10, 19, 11, 20], [12, 21, 13, 22]]"
11a_182_22,"[[13, 22, 14, 1], [7, 5, 8, 4], [17, 9, 18, 8], [15, 6, 16, 7], [5, 16, 6, 17], [3, 19, 4, 18], [19, 10, 20, 11], [9, 2, 10, 3], [21, 12, 22, 13], [1, 14, 2, 15], [11, 20, 12, 21]]"
11a_182_23,"[[11, 20, 12, 21], [13, 22, 14, 1], [7, 5, 8, 4], [17, 9, 18, 8], [15, 6, 16, 7], [5, 16, 6, 17], [3, 19, 4, 18], [19, 10, 20, 11], [9, 2, 10, 3], [21, 12, 22, 13], [1, 14, 2, 15]]"
11a_182_24,"[[1, 14, 2, 15], [11, 20, 12, 21], [13, 22, 14, 1], [7, 5, 8, 4], [17, 9, 18, 8], [15, 6, 16, 7], [5, 16, 6, 17], [3, 19, 4, 18], [19, 10, 20, 11], [9, 2, 10, 3], [21, 12, 22, 13]]"
11a_182_25,"[[21, 12, 22, 13], [1, 14, 2, 15], [11, 20, 12, 21], [13, 22, 14, 1], [7, 5, 8, 4], [17, 9, 18, 8], [15, 6, 16, 7], [5, 16, 6, 17], [3, 19, 4, 18], [19, 10, 20, 11], [9, 2, 10, 3]]"
11a_182_26,"[[9, 2, 10, 3], [21, 12, 22, 13], [1, 14, 2, 15], [11, 20, 12, 21], [13, 22, 14, 1], [7, 5, 8, 4], [17, 9, 18, 8], [15, 6, 16, 7], [5, 16, 6, 17], [3, 19, 4, 18], [19, 10, 20, 11]]"
11a_182_27,"[[19, 10, 20, 11], [9, 2, 10, 3], [21, 12, 22, 13], [1, 14, 2, 15], [11, 20, 12, 21], [13, 22, 14, 1], [7, 5, 8, 4], [17, 9, 18, 8], [15, 6, 16, 7], [5, 16, 6, 17], [3, 19, 4, 18]]"
11a_182_28,"[[3, 19, 4, 18], [19, 10, 20, 11], [9, 2, 10, 3], [21, 12, 22, 13], [1, 14, 2, 15], [11, 20, 12, 21], [13, 22, 14, 1], [7, 5, 8, 4], [17, 9, 18, 8], [15, 6, 16, 7], [5, 16, 6, 17]]"
11a_182_29,"[[5, 16, 6, 17], [3, 19, 4, 18], [19, 10, 20, 11], [9, 2, 10, 3], [21, 12, 22, 13], [1, 14, 2, 15], [11, 20, 12, 21], [13, 22, 14, 1], [7, 5, 8, 4], [17, 9, 18, 8], [15, 6, 16, 7]]"
11a_182_30,"[[15, 6, 16, 7], [5, 16, 6, 17], [3, 19, 4, 18], [19, 10, 20, 11], [9, 2, 10, 3], [21, 12, 22, 13], [1, 14, 2, 15], [11, 20, 12, 21], [13, 22, 14, 1], [7, 5, 8, 4], [17, 9, 18, 8]]"
11a_182_31,"[[17, 9, 18, 8], [15, 6, 16, 7], [5, 16, 6, 17], [3, 19, 4, 18], [19, 10, 20, 11], [9, 2, 10, 3], [21, 12, 22, 13], [1, 14, 2, 15], [11, 20, 12, 21], [13, 22, 14, 1], [7, 5, 8, 4]]"
11a_182_32,"[[7, 5, 8, 4], [17, 9, 18, 8], [15, 6, 16, 7], [5, 16, 6, 17], [3, 19, 4, 18], [19, 10, 20, 11], [9, 2, 10, 3], [21, 12, 22, 13], [1, 14, 2, 15], [11, 20, 12, 21], [13, 22, 14, 1]]"
11a_182_33,"[[14, 1, 15, 2], [8, 6, 9, 5], [18, 10, 19, 9], [16, 7, 17, 8], [6, 17, 7, 18], [4, 20, 5, 19], [20, 11, 21, 12], [10, 3, 11, 4], [22, 13, 1, 14], [2, 15, 3, 16], [12, 21, 13, 22]]"
11a_182_34,"[[12, 21, 13, 22], [14, 1, 15, 2], [8, 6, 9, 5], [18, 10, 19, 9], [16, 7, 17, 8], [6, 17, 7, 18], [4, 20, 5, 19], [20, 11, 21, 12], [10, 3, 11, 4], [22, 13, 1, 14], [2, 15, 3, 16]]"
11a_182_35,"[[2, 15, 3, 16], [12, 21, 13, 22], [14, 1, 15, 2], [8, 6, 9, 5], [18, 10, 19, 9], [16, 7, 17, 8], [6, 17, 7, 18], [4, 20, 5, 19], [20, 11, 21, 12], [10, 3, 11, 4], [22, 13, 1, 14]]"
11a_182_36,"[[22, 13, 1, 14], [2, 15, 3, 16], [12, 21, 13, 22], [14, 1, 15, 2], [8, 6, 9, 5], [18, 10, 19, 9], [16, 7, 17, 8], [6, 17, 7, 18], [4, 20, 5, 19], [20, 11, 21, 12], [10, 3, 11, 4]]"
11a_182_37,"[[10, 3, 11, 4], [22, 13, 1, 14], [2, 15, 3, 16], [12, 21, 13, 22], [14, 1, 15, 2], [8, 6, 9, 5], [18, 10, 19, 9], [16, 7, 17, 8], [6, 17, 7, 18], [4, 20, 5, 19], [20, 11, 21, 12]]"
11a_182_38,"[[20, 11, 21, 12], [10, 3, 11, 4], [22, 13, 1, 14], [2, 15, 3, 16], [12, 21, 13, 22], [14, 1, 15, 2], [8, 6, 9, 5], [18, 10, 19, 9], [16, 7, 17, 8], [6, 17, 7, 18], [4, 20, 5, 19]]"
11a_182_39,"[[4, 20, 5, 19], [20, 11, 21, 12], [10, 3, 11, 4], [22, 13, 1, 14], [2, 15, 3, 16], [12, 21, 13, 22], [14, 1, 15, 2], [8, 6, 9, 5], [18, 10, 19, 9], [16, 7, 17, 8], [6, 17, 7, 18]]"
11a_182_40,"[[6, 17, 7, 18], [4, 20, 5, 19], [20, 11, 21, 12], [10, 3, 11, 4], [22, 13, 1, 14], [2, 15, 3, 16], [12, 21, 13, 22], [14, 1, 15, 2], [8, 6, 9, 5], [18, 10, 19, 9], [16, 7, 17, 8]]"
11a_182_41,"[[16, 7, 17, 8], [6, 17, 7, 18], [4, 20, 5, 19], [20, 11, 21, 12], [10, 3, 11, 4], [22, 13, 1, 14], [2, 15, 3, 16], [12, 21, 13, 22], [14, 1, 15, 2], [8, 6, 9, 5], [18, 10, 19, 9]]"
11a_182_42,"[[18, 10, 19, 9], [16, 7, 17, 8], [6, 17, 7, 18], [4, 20, 5, 19], [20, 11, 21, 12], [10, 3, 11, 4], [22, 13, 1, 14], [2, 15, 3, 16], [12, 21, 13, 22], [14, 1, 15, 2], [8, 6, 9, 5]]"
11a_182_43,"[[8, 6, 9, 5], [18, 10, 19, 9], [16, 7, 17, 8], [6, 17, 7, 18], [4, 20, 5, 19], [20, 11, 21, 12], [10, 3, 11, 4], [22, 13, 1, 14], [2, 15, 3, 16], [12, 21, 13, 22], [14, 1, 15, 2]]"
11a_182_44,"[[15, 2, 16, 3], [9, 7, 10, 6], [19, 11, 20, 10], [17, 8, 18, 9], [7, 18, 8, 19], [5, 21, 6, 20], [21, 12, 22, 13], [11, 4, 12, 5], [1, 14, 2, 15], [3, 16, 4, 17], [13, 22, 14, 1]]"
11a_182_45,"[[13, 22, 14, 1], [15, 2, 16, 3], [9, 7, 10, 6], [19, 11, 20, 10], [17, 8, 18, 9], [7, 18, 8, 19], [5, 21, 6, 20], [21, 12, 22, 13], [11, 4, 12, 5], [1, 14, 2, 15], [3, 16, 4, 17]]"
11a_182_46,"[[3, 16, 4, 17], [13, 22, 14, 1], [15, 2, 16, 3], [9, 7, 10, 6], [19, 11, 20, 10], [17, 8, 18, 9], [7, 18, 8, 19], [5, 21, 6, 20], [21, 12, 22, 13], [11, 4, 12, 5], [1, 14, 2, 15]]"
11a_182_47,"[[1, 14, 2, 15], [3, 16, 4, 17], [13, 22, 14, 1], [15, 2, 16, 3], [9, 7, 10, 6], [19, 11, 20, 10], [17, 8, 18, 9], [7, 18, 8, 19], [5, 21, 6, 20], [21, 12, 22, 13], [11, 4, 12, 5]]"
11a_182_48,"[[11, 4, 12, 5], [1, 14, 2, 15], [3, 16, 4, 17], [13, 22, 14, 1], [15, 2, 16, 3], [9, 7, 10, 6], [19, 11, 20, 10], [17, 8, 18, 9], [7, 18, 8, 19], [5, 21, 6, 20], [21, 12, 22, 13]]"
11a_182_49,"[[21, 12, 22, 13], [11, 4, 12, 5], [1, 14, 2, 15], [3, 16, 4, 17], [13, 22, 14, 1], [15, 2, 16, 3], [9, 7, 10, 6], [19, 11, 20, 10], [17, 8, 18, 9], [7, 18, 8, 19], [5, 21, 6, 20]]"
11a_182_50,"[[5, 21, 6, 20], [21, 12, 22, 13], [11, 4, 12, 5], [1, 14, 2, 15], [3, 16, 4, 17], [13, 22, 14, 1], [15, 2, 16, 3], [9, 7, 10, 6], [19, 11, 20, 10], [17, 8, 18, 9], [7, 18, 8, 19]]"
11a_182_51,"[[7, 18, 8, 19], [5, 21, 6, 20], [21, 12, 22, 13], [11, 4, 12, 5], [1, 14, 2, 15], [3, 16, 4, 17], [13, 22, 14, 1], [15, 2, 16, 3], [9, 7, 10, 6], [19, 11, 20, 10], [17, 8, 18, 9]]"
11a_182_52,"[[17, 8, 18, 9], [7, 18, 8, 19], [5, 21, 6, 20], [21, 12, 22, 13], [11, 4, 12, 5], [1, 14, 2, 15], [3, 16, 4, 17], [13, 22, 14, 1], [15, 2, 16, 3], [9, 7, 10, 6], [19, 11, 20, 10]]"
11a_182_53,"[[19, 11, 20, 10], [17, 8, 18, 9], [7, 18, 8, 19], [5, 21, 6, 20], [21, 12, 22, 13], [11, 4, 12, 5], [1, 14, 2, 15], [3, 16, 4, 17], [13, 22, 14, 1], [15, 2, 16, 3], [9, 7, 10, 6]]"
11a_182_54,"[[9, 7, 10, 6], [19, 11, 20, 10], [17, 8, 18, 9], [7, 18, 8, 19], [5, 21, 6, 20], [21, 12, 22, 13], [11, 4, 12, 5], [1, 14, 2, 15], [3, 16, 4, 17], [13, 22, 14, 1], [15, 2, 16, 3]]"
11a_182_55,"[[16, 3, 17, 4], [10, 8, 11, 7], [20, 12, 21, 11], [18, 9, 19, 10], [8, 19, 9, 20], [6, 22, 7, 21], [22, 13, 1, 14], [12, 5, 13, 6], [2, 15, 3, 16], [4, 17, 5, 18], [14, 1, 15, 2]]"
11a_182_56,"[[14, 1, 15, 2], [16, 3, 17, 4], [10, 8, 11, 7], [20, 12, 21, 11], [18, 9, 19, 10], [8, 19, 9, 20], [6, 22, 7, 21], [22, 13, 1, 14], [12, 5, 13, 6], [2, 15, 3, 16], [4, 17, 5, 18]]"
11a_182_57,"[[4, 17, 5, 18], [14, 1, 15, 2], [16, 3, 17, 4], [10, 8, 11, 7], [20, 12, 21, 11], [18, 9, 19, 10], [8, 19, 9, 20], [6, 22, 7, 21], [22, 13, 1, 14], [12, 5, 13, 6], [2, 15, 3, 16]]"
11a_182_58,"[[2, 15, 3, 16], [4, 17, 5, 18], [14, 1, 15, 2], [16, 3, 17, 4], [10, 8, 11, 7], [20, 12, 21, 11], [18, 9, 19, 10], [8, 19, 9, 20], [6, 22, 7, 21], [22, 13, 1, 14], [12, 5, 13, 6]]"
11a_182_59,"[[12, 5, 13, 6], [2, 15, 3, 16], [4, 17, 5, 18], [14, 1, 15, 2], [16, 3, 17, 4], [10, 8, 11, 7], [20, 12, 21, 11], [18, 9, 19, 10], [8, 19, 9, 20], [6, 22, 7, 21], [22, 13, 1, 14]]"
11a_182_60,"[[22, 13, 1, 14], [12, 5, 13, 6], [2, 15, 3, 16], [4, 17, 5, 18], [14, 1, 15, 2], [16, 3, 17, 4], [10, 8, 11, 7], [20, 12, 21, 11], [18, 9, 19, 10], [8, 19, 9, 20], [6, 22, 7, 21]]"
11a_182_61,"[[6, 22, 7, 21], [22, 13, 1, 14], [12, 5, 13, 6], [2, 15, 3, 16], [4, 17, 5, 18], [14, 1, 15, 2], [16, 3, 17, 4], [10, 8, 11, 7], [20, 12, 21, 11], [18, 9, 19, 10], [8, 19, 9, 20]]"
11a_182_62,"[[8, 19, 9, 20], [6, 22, 7, 21], [22, 13, 1, 14], [12, 5, 13, 6], [2, 15, 3, 16], [4, 17, 5, 18], [14, 1, 15, 2], [16, 3, 17, 4], [10, 8, 11, 7], [20, 12, 21, 11], [18, 9, 19, 10]]"
11a_182_63,"[[18, 9, 19, 10], [8, 19, 9, 20], [6, 22, 7, 21], [22, 13, 1, 14], [12, 5, 13, 6], [2, 15, 3, 16], [4, 17, 5, 18], [14, 1, 15, 2], [16, 3, 17, 4], [10, 8, 11, 7], [20, 12, 21, 11]]"
11a_182_64,"[[20, 12, 21, 11], [18, 9, 19, 10], [8, 19, 9, 20], [6, 22, 7, 21], [22, 13, 1, 14], [12, 5, 13, 6], [2, 15, 3, 16], [4, 17, 5, 18], [14, 1, 15, 2], [16, 3, 17, 4], [10, 8, 11, 7]]"
11a_182_65,"[[10, 8, 11, 7], [20, 12, 21, 11], [18, 9, 19, 10], [8, 19, 9, 20], [6, 22, 7, 21], [22, 13, 1, 14], [12, 5, 13, 6], [2, 15, 3, 16], [4, 17, 5, 18], [14, 1, 15, 2], [16, 3, 17, 4]]"
11a_182_66,"[[17, 4, 18, 5], [11, 9, 12, 8], [21, 13, 22, 12], [19, 10, 20, 11], [9, 20, 10, 21], [7, 1, 8, 22], [1, 14, 2, 15], [13, 6, 14, 7], [3, 16, 4, 17], [5, 18, 6, 19], [15, 2, 16, 3]]"
11a_182_67,"[[15, 2, 16, 3], [17, 4, 18, 5], [11, 9, 12, 8], [21, 13, 22, 12], [19, 10, 20, 11], [9, 20, 10, 21], [7, 1, 8, 22], [1, 14, 2, 15], [13, 6, 14, 7], [3, 16, 4, 17], [5, 18, 6, 19]]"
11a_182_68,"[[5, 18, 6, 19], [15, 2, 16, 3], [17, 4, 18, 5], [11, 9, 12, 8], [21, 13, 22, 12], [19, 10, 20, 11], [9, 20, 10, 21], [7, 1, 8, 22], [1, 14, 2, 15], [13, 6, 14, 7], [3, 16, 4, 17]]"
11a_182_69,"[[3, 16, 4, 17], [5, 18, 6, 19], [15, 2, 16, 3], [17, 4, 18, 5], [11, 9, 12, 8], [21, 13, 22, 12], [19, 10, 20, 11], [9, 20, 10, 21], [7, 1, 8, 22], [1, 14, 2, 15], [13, 6, 14, 7]]"
11a_182_70,"[[13, 6, 14, 7], [3, 16, 4, 17], [5, 18, 6, 19], [15, 2, 16, 3], [17, 4, 18, 5], [11, 9, 12, 8], [21, 13, 22, 12], [19, 10, 20, 11], [9, 20, 10, 21], [7, 1, 8, 22], [1, 14, 2, 15]]"
11a_182_71,"[[1, 14, 2, 15], [13, 6, 14, 7], [3, 16, 4, 17], [5, 18, 6, 19], [15, 2, 16, 3], [17, 4, 18, 5], [11, 9, 12, 8], [21, 13, 22, 12], [19, 10, 20, 11], [9, 20, 10, 21], [7, 1, 8, 22]]"
11a_182_72,"[[7, 1, 8, 22], [1, 14, 2, 15], [13, 6, 14, 7], [3, 16, 4, 17], [5, 18, 6, 19], [15, 2, 16, 3], [17, 4, 18, 5], [11, 9, 12, 8], [21, 13, 22, 12], [19, 10, 20, 11], [9, 20, 10, 21]]"
11a_182_73,"[[9, 20, 10, 21], [7, 1, 8, 22], [1, 14, 2, 15], [13, 6, 14, 7], [3, 16, 4, 17], [5, 18, 6, 19], [15, 2, 16, 3], [17, 4, 18, 5], [11, 9, 12, 8], [21, 13, 22, 12], [19, 10, 20, 11]]"
11a_182_74,"[[19, 10, 20, 11], [9, 20, 10, 21], [7, 1, 8, 22], [1, 14, 2, 15], [13, 6, 14, 7], [3, 16, 4, 17], [5, 18, 6, 19], [15, 2, 16, 3], [17, 4, 18, 5], [11, 9, 12, 8], [21, 13, 22, 12]]"
11a_182_75,"[[21, 13, 22, 12], [19, 10, 20, 11], [9, 20, 10, 21], [7, 1, 8, 22], [1, 14, 2, 15], [13, 6, 14, 7], [3, 16, 4, 17], [5, 18, 6, 19], [15, 2, 16, 3], [17, 4, 18, 5], [11, 9, 12, 8]]"
11a_182_76,"[[11, 9, 12, 8], [21, 13, 22, 12], [19, 10, 20, 11], [9, 20, 10, 21], [7, 1, 8, 22], [1, 14, 2, 15], [13, 6, 14, 7], [3, 16, 4, 17], [5, 18, 6, 19], [15, 2, 16, 3], [17, 4, 18, 5]]"
11a_182_77,"[[18, 5, 19, 6], [12, 10, 13, 9], [22, 14, 1, 13], [20, 11, 21, 12], [10, 21, 11, 22], [8, 2, 9, 1], [2, 15, 3, 16], [14, 7, 15, 8], [4, 17, 5, 18], [6, 19, 7, 20], [16, 3, 17, 4]]"
11a_182_78,"[[16, 3, 17, 4], [18, 5, 19, 6], [12, 10, 13, 9], [22, 14, 1, 13], [20, 11, 21, 12], [10, 21, 11, 22], [8, 2, 9, 1], [2, 15, 3, 16], [14, 7, 15, 8], [4, 17, 5, 18], [6, 19, 7, 20]]"
11a_182_79,"[[6, 19, 7, 20], [16, 3, 17, 4], [18, 5, 19, 6], [12, 10, 13, 9], [22, 14, 1, 13], [20, 11, 21, 12], [10, 21, 11, 22], [8, 2, 9, 1], [2, 15, 3, 16], [14, 7, 15, 8], [4, 17, 5, 18]]"
11a_182_80,"[[4, 17, 5, 18], [6, 19, 7, 20], [16, 3, 17, 4], [18, 5, 19, 6], [12, 10, 13, 9], [22, 14, 1, 13], [20, 11, 21, 12], [10, 21, 11, 22], [8, 2, 9, 1], [2, 15, 3, 16], [14, 7, 15, 8]]"
11a_182_81,"[[14, 7, 15, 8], [4, 17, 5, 18], [6, 19, 7, 20], [16, 3, 17, 4], [18, 5, 19, 6], [12, 10, 13, 9], [22, 14, 1, 13], [20, 11, 21, 12], [10, 21, 11, 22], [8, 2, 9, 1], [2, 15, 3, 16]]"
11a_182_82,"[[2, 15, 3, 16], [14, 7, 15, 8], [4, 17, 5, 18], [6, 19, 7, 20], [16, 3, 17, 4], [18, 5, 19, 6], [12, 10, 13, 9], [22, 14, 1, 13], [20, 11, 21, 12], [10, 21, 11, 22], [8, 2, 9, 1]]"
11a_182_83,"[[8, 2, 9, 1], [2, 15, 3, 16], [14, 7, 15, 8], [4, 17, 5, 18], [6, 19, 7, 20], [16, 3, 17, 4], [18, 5, 19, 6], [12, 10, 13, 9], [22, 14, 1, 13], [20, 11, 21, 12], [10, 21, 11, 22]]"
11a_182_84,"[[10, 21, 11, 22], [8, 2, 9, 1], [2, 15, 3, 16], [14, 7, 15, 8], [4, 17, 5, 18], [6, 19, 7, 20], [16, 3, 17, 4], [18, 5, 19, 6], [12, 10, 13, 9], [22, 14, 1, 13], [20, 11, 21, 12]]"
11a_182_85,"[[20, 11, 21, 12], [10, 21, 11, 22], [8, 2, 9, 1], [2, 15, 3, 16], [14, 7, 15, 8], [4, 17, 5, 18], [6, 19, 7, 20], [16, 3, 17, 4], [18, 5, 19, 6], [12, 10, 13, 9], [22, 14, 1, 13]]"
11a_182_86,"[[22, 14, 1, 13], [20, 11, 21, 12], [10, 21, 11, 22], [8, 2, 9, 1], [2, 15, 3, 16], [14, 7, 15, 8], [4, 17, 5, 18], [6, 19, 7, 20], [16, 3, 17, 4], [18, 5, 19, 6], [12, 10, 13, 9]]"
11a_182_87,"[[12, 10, 13, 9], [22, 14, 1, 13], [20, 11, 21, 12], [10, 21, 11, 22], [8, 2, 9, 1], [2, 15, 3, 16], [14, 7, 15, 8], [4, 17, 5, 18], [6, 19, 7, 20], [16, 3, 17, 4], [18, 5, 19, 6]]"
11a_182_88,"[[19, 6, 20, 7], [13, 11, 14, 10], [1, 15, 2, 14], [21, 12, 22, 13], [11, 22, 12, 1], [9, 3, 10, 2], [3, 16, 4, 17], [15, 8, 16, 9], [5, 18, 6, 19], [7, 20, 8, 21], [17, 4, 18, 5]]"
11a_182_89,"[[17, 4, 18, 5], [19, 6, 20, 7], [13, 11, 14, 10], [1, 15, 2, 14], [21, 12, 22, 13], [11, 22, 12, 1], [9, 3, 10, 2], [3, 16, 4, 17], [15, 8, 16, 9], [5, 18, 6, 19], [7, 20, 8, 21]]"
11a_182_90,"[[7, 20, 8, 21], [17, 4, 18, 5], [19, 6, 20, 7], [13, 11, 14, 10], [1, 15, 2, 14], [21, 12, 22, 13], [11, 22, 12, 1], [9, 3, 10, 2], [3, 16, 4, 17], [15, 8, 16, 9], [5, 18, 6, 19]]"
11a_182_91,"[[5, 18, 6, 19], [7, 20, 8, 21], [17, 4, 18, 5], [19, 6, 20, 7], [13, 11, 14, 10], [1, 15, 2, 14], [21, 12, 22, 13], [11, 22, 12, 1], [9, 3, 10, 2], [3, 16, 4, 17], [15, 8, 16, 9]]"
11a_182_92,"[[15, 8, 16, 9], [5, 18, 6, 19], [7, 20, 8, 21], [17, 4, 18, 5], [19, 6, 20, 7], [13, 11, 14, 10], [1, 15, 2, 14], [21, 12, 22, 13], [11, 22, 12, 1], [9, 3, 10, 2], [3, 16, 4, 17]]"
11a_182_93,"[[3, 16, 4, 17], [15, 8, 16, 9], [5, 18, 6, 19], [7, 20, 8, 21], [17, 4, 18, 5], [19, 6, 20, 7], [13, 11, 14, 10], [1, 15, 2, 14], [21, 12, 22, 13], [11, 22, 12, 1], [9, 3, 10, 2]]"
11a_182_94,"[[9, 3, 10, 2], [3, 16, 4, 17], [15, 8, 16, 9], [5, 18, 6, 19], [7, 20, 8, 21], [17, 4, 18, 5], [19, 6, 20, 7], [13, 11, 14, 10], [1, 15, 2, 14], [21, 12, 22, 13], [11, 22, 12, 1]]"
11a_182_95,"[[11, 22, 12, 1], [9, 3, 10, 2], [3, 16, 4, 17], [15, 8, 16, 9], [5, 18, 6, 19], [7, 20, 8, 21], [17, 4, 18, 5], [19, 6, 20, 7], [13, 11, 14, 10], [1, 15, 2, 14], [21, 12, 22, 13]]"
11a_182_96,"[[21, 12, 22, 13], [11, 22, 12, 1], [9, 3, 10, 2], [3, 16, 4, 17], [15, 8, 16, 9], [5, 18, 6, 19], [7, 20, 8, 21], [17, 4, 18, 5], [19, 6, 20, 7], [13, 11, 14, 10], [1, 15, 2, 14]]"
11a_182_97,"[[1, 15, 2, 14], [21, 12, 22, 13], [11, 22, 12, 1], [9, 3, 10, 2], [3, 16, 4, 17], [15, 8, 16, 9], [5, 18, 6, 19], [7, 20, 8, 21], [17, 4, 18, 5], [19, 6, 20, 7], [13, 11, 14, 10]]"
11a_182_98,"[[13, 11, 14, 10], [1, 15, 2, 14], [21, 12, 22, 13], [11, 22, 12, 1], [9, 3, 10, 2], [3, 16, 4, 17], [15, 8, 16, 9], [5, 18, 6, 19], [7, 20, 8, 21], [17, 4, 18, 5], [19, 6, 20, 7]]"
11a_182_99,"[[20, 7, 21, 8], [14, 12, 15, 11], [2, 16, 3, 15], [22, 13, 1, 14], [12, 1, 13, 2], [10, 4, 11, 3], [4, 17, 5, 18], [16, 9, 17, 10], [6, 19, 7, 20], [8, 21, 9, 22], [18, 5, 19, 6]]"
11a_182_100,"[[18, 5, 19, 6], [20, 7, 21, 8], [14, 12, 15, 11], [2, 16, 3, 15], [22, 13, 1, 14], [12, 1, 13, 2], [10, 4, 11, 3], [4, 17, 5, 18], [16, 9, 17, 10], [6, 19, 7, 20], [8, 21, 9, 22]]"
11a_182_101,"[[8, 21, 9, 22], [18, 5, 19, 6], [20, 7, 21, 8], [14, 12, 15, 11], [2, 16, 3, 15], [22, 13, 1, 14], [12, 1, 13, 2], [10, 4, 11, 3], [4, 17, 5, 18], [16, 9, 17, 10], [6, 19, 7, 20]]"
11a_182_102,"[[6, 19, 7, 20], [8, 21, 9, 22], [18, 5, 19, 6], [20, 7, 21, 8], [14, 12, 15, 11], [2, 16, 3, 15], [22, 13, 1, 14], [12, 1, 13, 2], [10, 4, 11, 3], [4, 17, 5, 18], [16, 9, 17, 10]]"
11a_182_103,"[[16, 9, 17, 10], [6, 19, 7, 20], [8, 21, 9, 22], [18, 5, 19, 6], [20, 7, 21, 8], [14, 12, 15, 11], [2, 16, 3, 15], [22, 13, 1, 14], [12, 1, 13, 2], [10, 4, 11, 3], [4, 17, 5, 18]]"
11a_182_104,"[[4, 17, 5, 18], [16, 9, 17, 10], [6, 19, 7, 20], [8, 21, 9, 22], [18, 5, 19, 6], [20, 7, 21, 8], [14, 12, 15, 11], [2, 16, 3, 15], [22, 13, 1, 14], [12, 1, 13, 2], [10, 4, 11, 3]]"
11a_182_105,"[[10, 4, 11, 3], [4, 17, 5, 18], [16, 9, 17, 10], [6, 19, 7, 20], [8, 21, 9, 22], [18, 5, 19, 6], [20, 7, 21, 8], [14, 12, 15, 11], [2, 16, 3, 15], [22, 13, 1, 14], [12, 1, 13, 2]]"
11a_182_106,"[[12, 1, 13, 2], [10, 4, 11, 3], [4, 17, 5, 18], [16, 9, 17, 10], [6, 19, 7, 20], [8, 21, 9, 22], [18, 5, 19, 6], [20, 7, 21, 8], [14, 12, 15, 11], [2, 16, 3, 15], [22, 13, 1, 14]]"
11a_182_107,"[[22, 13, 1, 14], [12, 1, 13, 2], [10, 4, 11, 3], [4, 17, 5, 18], [16, 9, 17, 10], [6, 19, 7, 20], [8, 21, 9, 22], [18, 5, 19, 6], [20, 7, 21, 8], [14, 12, 15, 11], [2, 16, 3, 15]]"
11a_182_108,"[[2, 16, 3, 15], [22, 13, 1, 14], [12, 1, 13, 2], [10, 4, 11, 3], [4, 17, 5, 18], [16, 9, 17, 10], [6, 19, 7, 20], [8, 21, 9, 22], [18, 5, 19, 6], [20, 7, 21, 8], [14, 12, 15, 11]]"
11a_182_109,"[[14, 12, 15, 11], [2, 16, 3, 15], [22, 13, 1, 14], [12, 1, 13, 2], [10, 4, 11, 3], [4, 17, 5, 18], [16, 9, 17, 10], [6, 19, 7, 20], [8, 21, 9, 22], [18, 5, 19, 6], [20, 7, 21, 8]]"
11a_182_110,"[[21, 8, 22, 9], [15, 13, 16, 12], [3, 17, 4, 16], [1, 14, 2, 15], [13, 2, 14, 3], [11, 5, 12, 4], [5, 18, 6, 19], [17, 10, 18, 11], [7, 20, 8, 21], [9, 22, 10, 1], [19, 6, 20, 7]]"
11a_182_111,"[[19, 6, 20, 7], [21, 8, 22, 9], [15, 13, 16, 12], [3, 17, 4, 16], [1, 14, 2, 15], [13, 2, 14, 3], [11, 5, 12, 4], [5, 18, 6, 19], [17, 10, 18, 11], [7, 20, 8, 21], [9, 22, 10, 1]]"
11a_182_112,"[[9, 22, 10, 1], [19, 6, 20, 7], [21, 8, 22, 9], [15, 13, 16, 12], [3, 17, 4, 16], [1, 14, 2, 15], [13, 2, 14, 3], [11, 5, 12, 4], [5, 18, 6, 19], [17, 10, 18, 11], [7, 20, 8, 21]]"
11a_182_113,"[[7, 20, 8, 21], [9, 22, 10, 1], [19, 6, 20, 7], [21, 8, 22, 9], [15, 13, 16, 12], [3, 17, 4, 16], [1, 14, 2, 15], [13, 2, 14, 3], [11, 5, 12, 4], [5, 18, 6, 19], [17, 10, 18, 11]]"
11a_182_114,"[[17, 10, 18, 11], [7, 20, 8, 21], [9, 22, 10, 1], [19, 6, 20, 7], [21, 8, 22, 9], [15, 13, 16, 12], [3, 17, 4, 16], [1, 14, 2, 15], [13, 2, 14, 3], [11, 5, 12, 4], [5, 18, 6, 19]]"
11a_182_115,"[[5, 18, 6, 19], [17, 10, 18, 11], [7, 20, 8, 21], [9, 22, 10, 1], [19, 6, 20, 7], [21, 8, 22, 9], [15, 13, 16, 12], [3, 17, 4, 16], [1, 14, 2, 15], [13, 2, 14, 3], [11, 5, 12, 4]]"
11a_182_116,"[[11, 5, 12, 4], [5, 18, 6, 19], [17, 10, 18, 11], [7, 20, 8, 21], [9, 22, 10, 1], [19, 6, 20, 7], [21, 8, 22, 9], [15, 13, 16, 12], [3, 17, 4, 16], [1, 14, 2, 15], [13, 2, 14, 3]]"
11a_182_117,"[[13, 2, 14, 3], [11, 5, 12, 4], [5, 18, 6, 19], [17, 10, 18, 11], [7, 20, 8, 21], [9, 22, 10, 1], [19, 6, 20, 7], [21, 8, 22, 9], [15, 13, 16, 12], [3, 17, 4, 16], [1, 14, 2, 15]]"
11a_182_118,"[[1, 14, 2, 15], [13, 2, 14, 3], [11, 5, 12, 4], [5, 18, 6, 19], [17, 10, 18, 11], [7, 20, 8, 21], [9, 22, 10, 1], [19, 6, 20, 7], [21, 8, 22, 9], [15, 13, 16, 12], [3, 17, 4, 16]]"
11a_182_119,"[[3, 17, 4, 16], [1, 14, 2, 15], [13, 2, 14, 3], [11, 5, 12, 4], [5, 18, 6, 19], [17, 10, 18, 11], [7, 20, 8, 21], [9, 22, 10, 1], [19, 6, 20, 7], [21, 8, 22, 9], [15, 13, 16, 12]]"
11a_182_120,"[[15, 13, 16, 12], [3, 17, 4, 16], [1, 14, 2, 15], [13, 2, 14, 3], [11, 5, 12, 4], [5, 18, 6, 19], [17, 10, 18, 11], [7, 20, 8, 21], [9, 22, 10, 1], [19, 6, 20, 7], [21, 8, 22, 9]]"
11a_182_121,"[[22, 9, 1, 10], [16, 14, 17, 13], [4, 18, 5, 17], [2, 15, 3, 16], [14, 3, 15, 4], [12, 6, 13, 5], [6, 19, 7, 20], [18, 11, 19, 12], [8, 21, 9, 22], [10, 1, 11, 2], [20, 7, 21, 8]]"
11a_182_122,"[[20, 7, 21, 8], [22, 9, 1, 10], [16, 14, 17, 13], [4, 18, 5, 17], [2, 15, 3, 16], [14, 3, 15, 4], [12, 6, 13, 5], [6, 19, 7, 20], [18, 11, 19, 12], [8, 21, 9, 22], [10, 1, 11, 2]]"
11a_182_123,"[[10, 1, 11, 2], [20, 7, 21, 8], [22, 9, 1, 10], [16, 14, 17, 13], [4, 18, 5, 17], [2, 15, 3, 16], [14, 3, 15, 4], [12, 6, 13, 5], [6, 19, 7, 20], [18, 11, 19, 12], [8, 21, 9, 22]]"
11a_182_124,"[[8, 21, 9, 22], [10, 1, 11, 2], [20, 7, 21, 8], [22, 9, 1, 10], [16, 14, 17, 13], [4, 18, 5, 17], [2, 15, 3, 16], [14, 3, 15, 4], [12, 6, 13, 5], [6, 19, 7, 20], [18, 11, 19, 12]]"
11a_182_125,"[[18, 11, 19, 12], [8, 21, 9, 22], [10, 1, 11, 2], [20, 7, 21, 8], [22, 9, 1, 10], [16, 14, 17, 13], [4, 18, 5, 17], [2, 15, 3, 16], [14, 3, 15, 4], [12, 6, 13, 5], [6, 19, 7, 20]]"
11a_182_126,"[[6, 19, 7, 20], [18, 11, 19, 12], [8, 21, 9, 22], [10, 1, 11, 2], [20, 7, 21, 8], [22, 9, 1, 10], [16, 14, 17, 13], [4, 18, 5, 17], [2, 15, 3, 16], [14, 3, 15, 4], [12, 6, 13, 5]]"
11a_182_127,"[[12, 6, 13, 5], [6, 19, 7, 20], [18, 11, 19, 12], [8, 21, 9, 22], [10, 1, 11, 2], [20, 7, 21, 8], [22, 9, 1, 10], [16, 14, 17, 13], [4, 18, 5, 17], [2, 15, 3, 16], [14, 3, 15, 4]]"
11a_182_128,"[[14, 3, 15, 4], [12, 6, 13, 5], [6, 19, 7, 20], [18, 11, 19, 12], [8, 21, 9, 22], [10, 1, 11, 2], [20, 7, 21, 8], [22, 9, 1, 10], [16, 14, 17, 13], [4, 18, 5, 17], [2, 15, 3, 16]]"
11a_182_129,"[[2, 15, 3, 16], [14, 3, 15, 4], [12, 6, 13, 5], [6, 19, 7, 20], [18, 11, 19, 12], [8, 21, 9, 22], [10, 1, 11, 2], [20, 7, 21, 8], [22, 9, 1, 10], [16, 14, 17, 13], [4, 18, 5, 17]]"
11a_182_130,"[[4, 18, 5, 17], [2, 15, 3, 16], [14, 3, 15, 4], [12, 6, 13, 5], [6, 19, 7, 20], [18, 11, 19, 12], [8, 21, 9, 22], [10, 1, 11, 2], [20, 7, 21, 8], [22, 9, 1, 10], [16, 14, 17, 13]]"
11a_182_131,"[[16, 14, 17, 13], [4, 18, 5, 17], [2, 15, 3, 16], [14, 3, 15, 4], [12, 6, 13, 5], [6, 19, 7, 20], [18, 11, 19, 12], [8, 21, 9, 22], [10, 1, 11, 2], [20, 7, 21, 8], [22, 9, 1, 10]]"
11a_182_132,"[[1, 10, 2, 11], [17, 15, 18, 14], [5, 19, 6, 18], [3, 16, 4, 17], [15, 4, 16, 5], [13, 7, 14, 6], [7, 20, 8, 21], [19, 12, 20, 13], [9, 22, 10, 1], [11, 2, 12, 3], [21, 8, 22, 9]]"
11a_182_133,"[[21, 8, 22, 9], [1, 10, 2, 11], [17, 15, 18, 14], [5, 19, 6, 18], [3, 16, 4, 17], [15, 4, 16, 5], [13, 7, 14, 6], [7, 20, 8, 21], [19, 12, 20, 13], [9, 22, 10, 1], [11, 2, 12, 3]]"
11a_182_134,"[[11, 2, 12, 3], [21, 8, 22, 9], [1, 10, 2, 11], [17, 15, 18, 14], [5, 19, 6, 18], [3, 16, 4, 17], [15, 4, 16, 5], [13, 7, 14, 6], [7, 20, 8, 21], [19, 12, 20, 13], [9, 22, 10, 1]]"
11a_182_135,"[[9, 22, 10, 1], [11, 2, 12, 3], [21, 8, 22, 9], [1, 10, 2, 11], [17, 15, 18, 14], [5, 19, 6, 18], [3, 16, 4, 17], [15, 4, 16, 5], [13, 7, 14, 6], [7, 20, 8, 21], [19, 12, 20, 13]]"
11a_182_136,"[[19, 12, 20, 13], [9, 22, 10, 1], [11, 2, 12, 3], [21, 8, 22, 9], [1, 10, 2, 11], [17, 15, 18, 14], [5, 19, 6, 18], [3, 16, 4, 17], [15, 4, 16, 5], [13, 7, 14, 6], [7, 20, 8, 21]]"
11a_182_137,"[[7, 20, 8, 21], [19, 12, 20, 13], [9, 22, 10, 1], [11, 2, 12, 3], [21, 8, 22, 9], [1, 10, 2, 11], [17, 15, 18, 14], [5, 19, 6, 18], [3, 16, 4, 17], [15, 4, 16, 5], [13, 7, 14, 6]]"
11a_182_138,"[[13, 7, 14, 6], [7, 20, 8, 21], [19, 12, 20, 13], [9, 22, 10, 1], [11, 2, 12, 3], [21, 8, 22, 9], [1, 10, 2, 11], [17, 15, 18, 14], [5, 19, 6, 18], [3, 16, 4, 17], [15, 4, 16, 5]]"
11a_182_139,"[[15, 4, 16, 5], [13, 7, 14, 6], [7, 20, 8, 21], [19, 12, 20, 13], [9, 22, 10, 1], [11, 2, 12, 3], [21, 8, 22, 9], [1, 10, 2, 11], [17, 15, 18, 14], [5, 19, 6, 18], [3, 16, 4, 17]]"
11a_182_140,"[[3, 16, 4, 17], [15, 4, 16, 5], [13, 7, 14, 6], [7, 20, 8, 21], [19, 12, 20, 13], [9, 22, 10, 1], [11, 2, 12, 3], [21, 8, 22, 9], [1, 10, 2, 11], [17, 15, 18, 14], [5, 19, 6, 18]]"
11a_182_141,"[[5, 19, 6, 18], [3, 16, 4, 17], [15, 4, 16, 5], [13, 7, 14, 6], [7, 20, 8, 21], [19, 12, 20, 13], [9, 22, 10, 1], [11, 2, 12, 3], [21, 8, 22, 9], [1, 10, 2, 11], [17, 15, 18, 14]]"
11a_182_142,"[[17, 15, 18, 14], [5, 19, 6, 18], [3, 16, 4, 17], [15, 4, 16, 5], [13, 7, 14, 6], [7, 20, 8, 21], [19, 12, 20, 13], [9, 22, 10, 1], [11, 2, 12, 3], [21, 8, 22, 9], [1, 10, 2, 11]]"
11a_182_143,"[[2, 11, 3, 12], [18, 16, 19, 15], [6, 20, 7, 19], [4, 17, 5, 18], [16, 5, 17, 6], [14, 8, 15, 7], [8, 21, 9, 22], [20, 13, 21, 14], [10, 1, 11, 2], [12, 3, 13, 4], [22, 9, 1, 10]]"
11a_182_144,"[[22, 9, 1, 10], [2, 11, 3, 12], [18, 16, 19, 15], [6, 20, 7, 19], [4, 17, 5, 18], [16, 5, 17, 6], [14, 8, 15, 7], [8, 21, 9, 22], [20, 13, 21, 14], [10, 1, 11, 2], [12, 3, 13, 4]]"
11a_182_145,"[[12, 3, 13, 4], [22, 9, 1, 10], [2, 11, 3, 12], [18, 16, 19, 15], [6, 20, 7, 19], [4, 17, 5, 18], [16, 5, 17, 6], [14, 8, 15, 7], [8, 21, 9, 22], [20, 13, 21, 14], [10, 1, 11, 2]]"
11a_182_146,"[[10, 1, 11, 2], [12, 3, 13, 4], [22, 9, 1, 10], [2, 11, 3, 12], [18, 16, 19, 15], [6, 20, 7, 19], [4, 17, 5, 18], [16, 5, 17, 6], [14, 8, 15, 7], [8, 21, 9, 22], [20, 13, 21, 14]]"
11a_182_147,"[[20, 13, 21, 14], [10, 1, 11, 2], [12, 3, 13, 4], [22, 9, 1, 10], [2, 11, 3, 12], [18, 16, 19, 15], [6, 20, 7, 19], [4, 17, 5, 18], [16, 5, 17, 6], [14, 8, 15, 7], [8, 21, 9, 22]]"
11a_182_148,"[[8, 21, 9, 22], [20, 13, 21, 14], [10, 1, 11, 2], [12, 3, 13, 4], [22, 9, 1, 10], [2, 11, 3, 12], [18, 16, 19, 15], [6, 20, 7, 19], [4, 17, 5, 18], [16, 5, 17, 6], [14, 8, 15, 7]]"
11a_182_149,"[[14, 8, 15, 7], [8, 21, 9, 22], [20, 13, 21, 14], [10, 1, 11, 2], [12, 3, 13, 4], [22, 9, 1, 10], [2, 11, 3, 12], [18, 16, 19, 15], [6, 20, 7, 19], [4, 17, 5, 18], [16, 5, 17, 6]]"
11a_182_150,"[[16, 5, 17, 6], [14, 8, 15, 7], [8, 21, 9, 22], [20, 13, 21, 14], [10, 1, 11, 2], [12, 3, 13, 4], [22, 9, 1, 10], [2, 11, 3, 12], [18, 16, 19, 15], [6, 20, 7, 19], [4, 17, 5, 18]]"
11a_182_151,"[[4, 17, 5, 18], [16, 5, 17, 6], [14, 8, 15, 7], [8, 21, 9, 22], [20, 13, 21, 14], [10, 1, 11, 2], [12, 3, 13, 4], [22, 9, 1, 10], [2, 11, 3, 12], [18, 16, 19, 15], [6, 20, 7, 19]]"
11a_182_152,"[[6, 20, 7, 19], [4, 17, 5, 18], [16, 5, 17, 6], [14, 8, 15, 7], [8, 21, 9, 22], [20, 13, 21, 14], [10, 1, 11, 2], [12, 3, 13, 4], [22, 9, 1, 10], [2, 11, 3, 12], [18, 16, 19, 15]]"
11a_182_153,"[[18, 16, 19, 15], [6, 20, 7, 19], [4, 17, 5, 18], [16, 5, 17, 6], [14, 8, 15, 7], [8, 21, 9, 22], [20, 13, 21, 14], [10, 1, 11, 2], [12, 3, 13, 4], [22, 9, 1, 10], [2, 11, 3, 12]]"
11a_182_154,"[[3, 12, 4, 13], [19, 17, 20, 16], [7, 21, 8, 20], [5, 18, 6, 19], [17, 6, 18, 7], [15, 9, 16, 8], [9, 22, 10, 1], [21, 14, 22, 15], [11, 2, 12, 3], [13, 4, 14, 5], [1, 10, 2, 11]]"
11a_182_155,"[[1, 10, 2, 11], [3, 12, 4, 13], [19, 17, 20, 16], [7, 21, 8, 20], [5, 18, 6, 19], [17, 6, 18, 7], [15, 9, 16, 8], [9, 22, 10, 1], [21, 14, 22, 15], [11, 2, 12, 3], [13, 4, 14, 5]]"
11a_182_156,"[[13, 4, 14, 5], [1, 10, 2, 11], [3, 12, 4, 13], [19, 17, 20, 16], [7, 21, 8, 20], [5, 18, 6, 19], [17, 6, 18, 7], [15, 9, 16, 8], [9, 22, 10, 1], [21, 14, 22, 15], [11, 2, 12, 3]]"
11a_182_157,"[[11, 2, 12, 3], [13, 4, 14, 5], [1, 10, 2, 11], [3, 12, 4, 13], [19, 17, 20, 16], [7, 21, 8, 20], [5, 18, 6, 19], [17, 6, 18, 7], [15, 9, 16, 8], [9, 22, 10, 1], [21, 14, 22, 15]]"
11a_182_158,"[[21, 14, 22, 15], [11, 2, 12, 3], [13, 4, 14, 5], [1, 10, 2, 11], [3, 12, 4, 13], [19, 17, 20, 16], [7, 21, 8, 20], [5, 18, 6, 19], [17, 6, 18, 7], [15, 9, 16, 8], [9, 22, 10, 1]]"
11a_182_159,"[[9, 22, 10, 1], [21, 14, 22, 15], [11, 2, 12, 3], [13, 4, 14, 5], [1, 10, 2, 11], [3, 12, 4, 13], [19, 17, 20, 16], [7, 21, 8, 20], [5, 18, 6, 19], [17, 6, 18, 7], [15, 9, 16, 8]]"
11a_182_160,"[[15, 9, 16, 8], [9, 22, 10, 1], [21, 14, 22, 15], [11, 2, 12, 3], [13, 4, 14, 5], [1, 10, 2, 11], [3, 12, 4, 13], [19, 17, 20, 16], [7, 21, 8, 20], [5, 18, 6, 19], [17, 6, 18, 7]]"
11a_182_161,"[[17, 6, 18, 7], [15, 9, 16, 8], [9, 22, 10, 1], [21, 14, 22, 15], [11, 2, 12, 3], [13, 4, 14, 5], [1, 10, 2, 11], [3, 12, 4, 13], [19, 17, 20, 16], [7, 21, 8, 20], [5, 18, 6, 19]]"
11a_182_162,"[[5, 18, 6, 19], [17, 6, 18, 7], [15, 9, 16, 8], [9, 22, 10, 1], [21, 14, 22, 15], [11, 2, 12, 3], [13, 4, 14, 5], [1, 10, 2, 11], [3, 12, 4, 13], [19, 17, 20, 16], [7, 21, 8, 20]]"
11a_182_163,"[[7, 21, 8, 20], [5, 18, 6, 19], [17, 6, 18, 7], [15, 9, 16, 8], [9, 22, 10, 1], [21, 14, 22, 15], [11, 2, 12, 3], [13, 4, 14, 5], [1, 10, 2, 11], [3, 12, 4, 13], [19, 17, 20, 16]]"
11a_182_164,"[[19, 17, 20, 16], [7, 21, 8, 20], [5, 18, 6, 19], [17, 6, 18, 7], [15, 9, 16, 8], [9, 22, 10, 1], [21, 14, 22, 15], [11, 2, 12, 3], [13, 4, 14, 5], [1, 10, 2, 11], [3, 12, 4, 13]]"
11a_182_165,"[[4, 13, 5, 14], [20, 18, 21, 17], [8, 22, 9, 21], [6, 19, 7, 20], [18, 7, 19, 8], [16, 10, 17, 9], [10, 1, 11, 2], [22, 15, 1, 16], [12, 3, 13, 4], [14, 5, 15, 6], [2, 11, 3, 12]]"
11a_182_166,"[[2, 11, 3, 12], [4, 13, 5, 14], [20, 18, 21, 17], [8, 22, 9, 21], [6, 19, 7, 20], [18, 7, 19, 8], [16, 10, 17, 9], [10, 1, 11, 2], [22, 15, 1, 16], [12, 3, 13, 4], [14, 5, 15, 6]]"
11a_182_167,"[[14, 5, 15, 6], [2, 11, 3, 12], [4, 13, 5, 14], [20, 18, 21, 17], [8, 22, 9, 21], [6, 19, 7, 20], [18, 7, 19, 8], [16, 10, 17, 9], [10, 1, 11, 2], [22, 15, 1, 16], [12, 3, 13, 4]]"
11a_182_168,"[[12, 3, 13, 4], [14, 5, 15, 6], [2, 11, 3, 12], [4, 13, 5, 14], [20, 18, 21, 17], [8, 22, 9, 21], [6, 19, 7, 20], [18, 7, 19, 8], [16, 10, 17, 9], [10, 1, 11, 2], [22, 15, 1, 16]]"
11a_182_169,"[[22, 15, 1, 16], [12, 3, 13, 4], [14, 5, 15, 6], [2, 11, 3, 12], [4, 13, 5, 14], [20, 18, 21, 17], [8, 22, 9, 21], [6, 19, 7, 20], [18, 7, 19, 8], [16, 10, 17, 9], [10, 1, 11, 2]]"
11a_182_170,"[[10, 1, 11, 2], [22, 15, 1, 16], [12, 3, 13, 4], [14, 5, 15, 6], [2, 11, 3, 12], [4, 13, 5, 14], [20, 18, 21, 17], [8, 22, 9, 21], [6, 19, 7, 20], [18, 7, 19, 8], [16, 10, 17, 9]]"
11a_182_171,"[[16, 10, 17, 9], [10, 1, 11, 2], [22, 15, 1, 16], [12, 3, 13, 4], [14, 5, 15, 6], [2, 11, 3, 12], [4, 13, 5, 14], [20, 18, 21, 17], [8, 22, 9, 21], [6, 19, 7, 20], [18, 7, 19, 8]]"
11a_182_172,"[[18, 7, 19, 8], [16, 10, 17, 9], [10, 1, 11, 2], [22, 15, 1, 16], [12, 3, 13, 4], [14, 5, 15, 6], [2, 11, 3, 12], [4, 13, 5, 14], [20, 18, 21, 17], [8, 22, 9, 21], [6, 19, 7, 20]]"
11a_182_173,"[[6, 19, 7, 20], [18, 7, 19, 8], [16, 10, 17, 9], [10, 1, 11, 2], [22, 15, 1, 16], [12, 3, 13, 4], [14, 5, 15, 6], [2, 11, 3, 12], [4, 13, 5, 14], [20, 18, 21, 17], [8, 22, 9, 21]]"
11a_182_174,"[[8, 22, 9, 21], [6, 19, 7, 20], [18, 7, 19, 8], [16, 10, 17, 9], [10, 1, 11, 2], [22, 15, 1, 16], [12, 3, 13, 4], [14, 5, 15, 6], [2, 11, 3, 12], [4, 13, 5, 14], [20, 18, 21, 17]]"
11a_182_175,"[[20, 18, 21, 17], [8, 22, 9, 21], [6, 19, 7, 20], [18, 7, 19, 8], [16, 10, 17, 9], [10, 1, 11, 2], [22, 15, 1, 16], [12, 3, 13, 4], [14, 5, 15, 6], [2, 11, 3, 12], [4, 13, 5, 14]]"
11a_182_176,"[[5, 14, 6, 15], [21, 19, 22, 18], [9, 1, 10, 22], [7, 20, 8, 21], [19, 8, 20, 9], [17, 11, 18, 10], [11, 2, 12, 3], [1, 16, 2, 17], [13, 4, 14, 5], [15, 6, 16, 7], [3, 12, 4, 13]]"
11a_182_177,"[[3, 12, 4, 13], [5, 14, 6, 15], [21, 19, 22, 18], [9, 1, 10, 22], [7, 20, 8, 21], [19, 8, 20, 9], [17, 11, 18, 10], [11, 2, 12, 3], [1, 16, 2, 17], [13, 4, 14, 5], [15, 6, 16, 7]]"
11a_182_178,"[[15, 6, 16, 7], [3, 12, 4, 13], [5, 14, 6, 15], [21, 19, 22, 18], [9, 1, 10, 22], [7, 20, 8, 21], [19, 8, 20, 9], [17, 11, 18, 10], [11, 2, 12, 3], [1, 16, 2, 17], [13, 4, 14, 5]]"
11a_182_179,"[[13, 4, 14, 5], [15, 6, 16, 7], [3, 12, 4, 13], [5, 14, 6, 15], [21, 19, 22, 18], [9, 1, 10, 22], [7, 20, 8, 21], [19, 8, 20, 9], [17, 11, 18, 10], [11, 2, 12, 3], [1, 16, 2, 17]]"
11a_182_180,"[[1, 16, 2, 17], [13, 4, 14, 5], [15, 6, 16, 7], [3, 12, 4, 13], [5, 14, 6, 15], [21, 19, 22, 18], [9, 1, 10, 22], [7, 20, 8, 21], [19, 8, 20, 9], [17, 11, 18, 10], [11, 2, 12, 3]]"
11a_182_181,"[[11, 2, 12, 3], [1, 16, 2, 17], [13, 4, 14, 5], [15, 6, 16, 7], [3, 12, 4, 13], [5, 14, 6, 15], [21, 19, 22, 18], [9, 1, 10, 22], [7, 20, 8, 21], [19, 8, 20, 9], [17, 11, 18, 10]]"
11a_182_182,"[[17, 11, 18, 10], [11, 2, 12, 3], [1, 16, 2, 17], [13, 4, 14, 5], [15, 6, 16, 7], [3, 12, 4, 13], [5, 14, 6, 15], [21, 19, 22, 18], [9, 1, 10, 22], [7, 20, 8, 21], [19, 8, 20, 9]]"
11a_182_183,"[[19, 8, 20, 9], [17, 11, 18, 10], [11, 2, 12, 3], [1, 16, 2, 17], [13, 4, 14, 5], [15, 6, 16, 7], [3, 12, 4, 13], [5, 14, 6, 15], [21, 19, 22, 18], [9, 1, 10, 22], [7, 20, 8, 21]]"
11a_182_184,"[[7, 20, 8, 21], [19, 8, 20, 9], [17, 11, 18, 10], [11, 2, 12, 3], [1, 16, 2, 17], [13, 4, 14, 5], [15, 6, 16, 7], [3, 12, 4, 13], [5, 14, 6, 15], [21, 19, 22, 18], [9, 1, 10, 22]]"
11a_182_185,"[[9, 1, 10, 22], [7, 20, 8, 21], [19, 8, 20, 9], [17, 11, 18, 10], [11, 2, 12, 3], [1, 16, 2, 17], [13, 4, 14, 5], [15, 6, 16, 7], [3, 12, 4, 13], [5, 14, 6, 15], [21, 19, 22, 18]]"
11a_182_186,"[[21, 19, 22, 18], [9, 1, 10, 22], [7, 20, 8, 21], [19, 8, 20, 9], [17, 11, 18, 10], [11, 2, 12, 3], [1, 16, 2, 17], [13, 4, 14, 5], [15, 6, 16, 7], [3, 12, 4, 13], [5, 14, 6, 15]]"
11a_182_187,"[[6, 15, 7, 16], [22, 20, 1, 19], [10, 2, 11, 1], [8, 21, 9, 22], [20, 9, 21, 10], [18, 12, 19, 11], [12, 3, 13, 4], [2, 17, 3, 18], [14, 5, 15, 6], [16, 7, 17, 8], [4, 13, 5, 14]]"
11a_182_188,"[[4, 13, 5, 14], [6, 15, 7, 16], [22, 20, 1, 19], [10, 2, 11, 1], [8, 21, 9, 22], [20, 9, 21, 10], [18, 12, 19, 11], [12, 3, 13, 4], [2, 17, 3, 18], [14, 5, 15, 6], [16, 7, 17, 8]]"
11a_182_189,"[[16, 7, 17, 8], [4, 13, 5, 14], [6, 15, 7, 16], [22, 20, 1, 19], [10, 2, 11, 1], [8, 21, 9, 22], [20, 9, 21, 10], [18, 12, 19, 11], [12, 3, 13, 4], [2, 17, 3, 18], [14, 5, 15, 6]]"
11a_182_190,"[[14, 5, 15, 6], [16, 7, 17, 8], [4, 13, 5, 14], [6, 15, 7, 16], [22, 20, 1, 19], [10, 2, 11, 1], [8, 21, 9, 22], [20, 9, 21, 10], [18, 12, 19, 11], [12, 3, 13, 4], [2, 17, 3, 18]]"
11a_182_191,"[[2, 17, 3, 18], [14, 5, 15, 6], [16, 7, 17, 8], [4, 13, 5, 14], [6, 15, 7, 16], [22, 20, 1, 19], [10, 2, 11, 1], [8, 21, 9, 22], [20, 9, 21, 10], [18, 12, 19, 11], [12, 3, 13, 4]]"
11a_182_192,"[[12, 3, 13, 4], [2, 17, 3, 18], [14, 5, 15, 6], [16, 7, 17, 8], [4, 13, 5, 14], [6, 15, 7, 16], [22, 20, 1, 19], [10, 2, 11, 1], [8, 21, 9, 22], [20, 9, 21, 10], [18, 12, 19, 11]]"
11a_182_193,"[[18, 12, 19, 11], [12, 3, 13, 4], [2, 17, 3, 18], [14, 5, 15, 6], [16, 7, 17, 8], [4, 13, 5, 14], [6, 15, 7, 16], [22, 20, 1, 19], [10, 2, 11, 1], [8, 21, 9, 22], [20, 9, 21, 10]]"
11a_182_194,"[[20, 9, 21, 10], [18, 12, 19, 11], [12, 3, 13, 4], [2, 17, 3, 18], [14, 5, 15, 6], [16, 7, 17, 8], [4, 13, 5, 14], [6, 15, 7, 16], [22, 20, 1, 19], [10, 2, 11, 1], [8, 21, 9, 22]]"
11a_182_195,"[[8, 21, 9, 22], [20, 9, 21, 10], [18, 12, 19, 11], [12, 3, 13, 4], [2, 17, 3, 18], [14, 5, 15, 6], [16, 7, 17, 8], [4, 13, 5, 14], [6, 15, 7, 16], [22, 20, 1, 19], [10, 2, 11, 1]]"
11a_182_196,"[[10, 2, 11, 1], [8, 21, 9, 22], [20, 9, 21, 10], [18, 12, 19, 11], [12, 3, 13, 4], [2, 17, 3, 18], [14, 5, 15, 6], [16, 7, 17, 8], [4, 13, 5, 14], [6, 15, 7, 16], [22, 20, 1, 19]]"
11a_182_197,"[[22, 20, 1, 19], [10, 2, 11, 1], [8, 21, 9, 22], [20, 9, 21, 10], [18, 12, 19, 11], [12, 3, 13, 4], [2, 17, 3, 18], [14, 5, 15, 6], [16, 7, 17, 8], [4, 13, 5, 14], [6, 15, 7, 16]]"
11a_182_198,"[[7, 16, 8, 17], [1, 21, 2, 20], [11, 3, 12, 2], [9, 22, 10, 1], [21, 10, 22, 11], [19, 13, 20, 12], [13, 4, 14, 5], [3, 18, 4, 19], [15, 6, 16, 7], [17, 8, 18, 9], [5, 14, 6, 15]]"
11a_182_199,"[[5, 14, 6, 15], [7, 16, 8, 17], [1, 21, 2, 20], [11, 3, 12, 2], [9, 22, 10, 1], [21, 10, 22, 11], [19, 13, 20, 12], [13, 4, 14, 5], [3, 18, 4, 19], [15, 6, 16, 7], [17, 8, 18, 9]]"
11a_182_200,"[[17, 8, 18, 9], [5, 14, 6, 15], [7, 16, 8, 17], [1, 21, 2, 20], [11, 3, 12, 2], [9, 22, 10, 1], [21, 10, 22, 11], [19, 13, 20, 12], [13, 4, 14, 5], [3, 18, 4, 19], [15, 6, 16, 7]]"
11a_182_201,"[[15, 6, 16, 7], [17, 8, 18, 9], [5, 14, 6, 15], [7, 16, 8, 17], [1, 21, 2, 20], [11, 3, 12, 2], [9, 22, 10, 1], [21, 10, 22, 11], [19, 13, 20, 12], [13, 4, 14, 5], [3, 18, 4, 19]]"
11a_182_202,"[[3, 18, 4, 19], [15, 6, 16, 7], [17, 8, 18, 9], [5, 14, 6, 15], [7, 16, 8, 17], [1, 21, 2, 20], [11, 3, 12, 2], [9, 22, 10, 1], [21, 10, 22, 11], [19, 13, 20, 12], [13, 4, 14, 5]]"
11a_182_203,"[[13, 4, 14, 5], [3, 18, 4, 19], [15, 6, 16, 7], [17, 8, 18, 9], [5, 14, 6, 15], [7, 16, 8, 17], [1, 21, 2, 20], [11, 3, 12, 2], [9, 22, 10, 1], [21, 10, 22, 11], [19, 13, 20, 12]]"
