name,pd_notation
11a_289_0,"[[15, 1, 16, 22], [7, 3, 8, 2], [19, 12, 20, 13], [11, 5, 12, 4], [3, 18, 4, 19], [17, 6, 18, 7], [21, 9, 22, 8], [5, 11, 6, 10], [13, 20, 14, 21], [9, 14, 10, 15], [1, 17, 2, 16]]"
11a_289_1,"[[1, 17, 2, 16], [15, 1, 16, 22], [7, 3, 8, 2], [19, 12, 20, 13], [11, 5, 12, 4], [3, 18, 4, 19], [17, 6, 18, 7], [21, 9, 22, 8], [5, 11, 6, 10], [13, 20, 14, 21], [9, 14, 10, 15]]"
11a_289_2,"[[9, 14, 10, 15], [1, 17, 2, 16], [15, 1, 16, 22], [7, 3, 8, 2], [19, 12, 20, 13], [11, 5, 12, 4], [3, 18, 4, 19], [17, 6, 18, 7], [21, 9, 22, 8], [5, 11, 6, 10], [13, 20, 14, 21]]"
11a_289_3,"[[13, 20, 14, 21], [9, 14, 10, 15], [1, 17, 2, 16], [15, 1, 16, 22], [7, 3, 8, 2], [19, 12, 20, 13], [11, 5, 12, 4], [3, 18, 4, 19], [17, 6, 18, 7], [21, 9, 22, 8], [5, 11, 6, 10]]"
11a_289_4,"[[5, 11, 6, 10], [13, 20, 14, 21], [9, 14, 10, 15], [1, 17, 2, 16], [15, 1, 16, 22], [7, 3, 8, 2], [19, 12, 20, 13], [11, 5, 12, 4], [3, 18, 4, 19], [17, 6, 18, 7], [21, 9, 22, 8]]"
11a_289_5,"[[21, 9, 22, 8], [5, 11, 6, 10], [13, 20, 14, 21], [9, 14, 10, 15], [1, 17, 2, 16], [15, 1, 16, 22], [7, 3, 8, 2], [19, 12, 20, 13], [11, 5, 12, 4], [3, 18, 4, 19], [17, 6, 18, 7]]"
11a_289_6,"[[17, 6, 18, 7], [21, 9, 22, 8], [5, 11, 6, 10], [13, 20, 14, 21], [9, 14, 10, 15], [1, 17, 2, 16], [15, 1, 16, 22], [7, 3, 8, 2], [19, 12, 20, 13], [11, 5, 12, 4], [3, 18, 4, 19]]"
11a_289_7,"[[3, 18, 4, 19], [17, 6, 18, 7], [21, 9, 22, 8], [5, 11, 6, 10], [13, 20, 14, 21], [9, 14, 10, 15], [1, 17, 2, 16], [15, 1, 16, 22], [7, 3, 8, 2], [19, 12, 20, 13], [11, 5, 12, 4]]"
11a_289_8,"[[11, 5, 12, 4], [3, 18, 4, 19], [17, 6, 18, 7], [21, 9, 22, 8], [5, 11, 6, 10], [13, 20, 14, 21], [9, 14, 10, 15], [1, 17, 2, 16], [15, 1, 16, 22], [7, 3, 8, 2], [19, 12, 20, 13]]"
11a_289_9,"[[19, 12, 20, 13], [11, 5, 12, 4], [3, 18, 4, 19], [17, 6, 18, 7], [21, 9, 22, 8], [5, 11, 6, 10], [13, 20, 14, 21], [9, 14, 10, 15], [1, 17, 2, 16], [15, 1, 16, 22], [7, 3, 8, 2]]"
11a_289_10,"[[7, 3, 8, 2], [19, 12, 20, 13], [11, 5, 12, 4], [3, 18, 4, 19], [17, 6, 18, 7], [21, 9, 22, 8], [5, 11, 6, 10], [13, 20, 14, 21], [9, 14, 10, 15], [1, 17, 2, 16], [15, 1, 16, 22]]"
11a_289_11,"[[16, 2, 17, 1], [8, 4, 9, 3], [20, 13, 21, 14], [12, 6, 13, 5], [4, 19, 5, 20], [18, 7, 19, 8], [22, 10, 1, 9], [6, 12, 7, 11], [14, 21, 15, 22], [10, 15, 11, 16], [2, 18, 3, 17]]"
11a_289_12,"[[2, 18, 3, 17], [16, 2, 17, 1], [8, 4, 9, 3], [20, 13, 21, 14], [12, 6, 13, 5], [4, 19, 5, 20], [18, 7, 19, 8], [22, 10, 1, 9], [6, 12, 7, 11], [14, 21, 15, 22], [10, 15, 11, 16]]"
11a_289_13,"[[10, 15, 11, 16], [2, 18, 3, 17], [16, 2, 17, 1], [8, 4, 9, 3], [20, 13, 21, 14], [12, 6, 13, 5], [4, 19, 5, 20], [18, 7, 19, 8], [22, 10, 1, 9], [6, 12, 7, 11], [14, 21, 15, 22]]"
11a_289_14,"[[14, 21, 15, 22], [10, 15, 11, 16], [2, 18, 3, 17], [16, 2, 17, 1], [8, 4, 9, 3], [20, 13, 21, 14], [12, 6, 13, 5], [4, 19, 5, 20], [18, 7, 19, 8], [22, 10, 1, 9], [6, 12, 7, 11]]"
11a_289_15,"[[6, 12, 7, 11], [14, 21, 15, 22], [10, 15, 11, 16], [2, 18, 3, 17], [16, 2, 17, 1], [8, 4, 9, 3], [20, 13, 21, 14], [12, 6, 13, 5], [4, 19, 5, 20], [18, 7, 19, 8], [22, 10, 1, 9]]"
11a_289_16,"[[22, 10, 1, 9], [6, 12, 7, 11], [14, 21, 15, 22], [10, 15, 11, 16], [2, 18, 3, 17], [16, 2, 17, 1], [8, 4, 9, 3], [20, 13, 21, 14], [12, 6, 13, 5], [4, 19, 5, 20], [18, 7, 19, 8]]"
11a_289_17,"[[18, 7, 19, 8], [22, 10, 1, 9], [6, 12, 7, 11], [14, 21, 15, 22], [10, 15, 11, 16], [2, 18, 3, 17], [16, 2, 17, 1], [8, 4, 9, 3], [20, 13, 21, 14], [12, 6, 13, 5], [4, 19, 5, 20]]"
11a_289_18,"[[4, 19, 5, 20], [18, 7, 19, 8], [22, 10, 1, 9], [6, 12, 7, 11], [14, 21, 15, 22], [10, 15, 11, 16], [2, 18, 3, 17], [16, 2, 17, 1], [8, 4, 9, 3], [20, 13, 21, 14], [12, 6, 13, 5]]"
11a_289_19,"[[12, 6, 13, 5], [4, 19, 5, 20], [18, 7, 19, 8], [22, 10, 1, 9], [6, 12, 7, 11], [14, 21, 15, 22], [10, 15, 11, 16], [2, 18, 3, 17], [16, 2, 17, 1], [8, 4, 9, 3], [20, 13, 21, 14]]"
11a_289_20,"[[20, 13, 21, 14], [12, 6, 13, 5], [4, 19, 5, 20], [18, 7, 19, 8], [22, 10, 1, 9], [6, 12, 7, 11], [14, 21, 15, 22], [10, 15, 11, 16], [2, 18, 3, 17], [16, 2, 17, 1], [8, 4, 9, 3]]"
11a_289_21,"[[8, 4, 9, 3], [20, 13, 21, 14], [12, 6, 13, 5], [4, 19, 5, 20], [18, 7, 19, 8], [22, 10, 1, 9], [6, 12, 7, 11], [14, 21, 15, 22], [10, 15, 11, 16], [2, 18, 3, 17], [16, 2, 17, 1]]"
11a_289_22,"[[17, 3, 18, 2], [9, 5, 10, 4], [21, 14, 22, 15], [13, 7, 14, 6], [5, 20, 6, 21], [19, 8, 20, 9], [1, 11, 2, 10], [7, 13, 8, 12], [15, 22, 16, 1], [11, 16, 12, 17], [3, 19, 4, 18]]"
11a_289_23,"[[3, 19, 4, 18], [17, 3, 18, 2], [9, 5, 10, 4], [21, 14, 22, 15], [13, 7, 14, 6], [5, 20, 6, 21], [19, 8, 20, 9], [1, 11, 2, 10], [7, 13, 8, 12], [15, 22, 16, 1], [11, 16, 12, 17]]"
11a_289_24,"[[11, 16, 12, 17], [3, 19, 4, 18], [17, 3, 18, 2], [9, 5, 10, 4], [21, 14, 22, 15], [13, 7, 14, 6], [5, 20, 6, 21], [19, 8, 20, 9], [1, 11, 2, 10], [7, 13, 8, 12], [15, 22, 16, 1]]"
11a_289_25,"[[15, 22, 16, 1], [11, 16, 12, 17], [3, 19, 4, 18], [17, 3, 18, 2], [9, 5, 10, 4], [21, 14, 22, 15], [13, 7, 14, 6], [5, 20, 6, 21], [19, 8, 20, 9], [1, 11, 2, 10], [7, 13, 8, 12]]"
11a_289_26,"[[7, 13, 8, 12], [15, 22, 16, 1], [11, 16, 12, 17], [3, 19, 4, 18], [17, 3, 18, 2], [9, 5, 10, 4], [21, 14, 22, 15], [13, 7, 14, 6], [5, 20, 6, 21], [19, 8, 20, 9], [1, 11, 2, 10]]"
11a_289_27,"[[1, 11, 2, 10], [7, 13, 8, 12], [15, 22, 16, 1], [11, 16, 12, 17], [3, 19, 4, 18], [17, 3, 18, 2], [9, 5, 10, 4], [21, 14, 22, 15], [13, 7, 14, 6], [5, 20, 6, 21], [19, 8, 20, 9]]"
11a_289_28,"[[19, 8, 20, 9], [1, 11, 2, 10], [7, 13, 8, 12], [15, 22, 16, 1], [11, 16, 12, 17], [3, 19, 4, 18], [17, 3, 18, 2], [9, 5, 10, 4], [21, 14, 22, 15], [13, 7, 14, 6], [5, 20, 6, 21]]"
11a_289_29,"[[5, 20, 6, 21], [19, 8, 20, 9], [1, 11, 2, 10], [7, 13, 8, 12], [15, 22, 16, 1], [11, 16, 12, 17], [3, 19, 4, 18], [17, 3, 18, 2], [9, 5, 10, 4], [21, 14, 22, 15], [13, 7, 14, 6]]"
11a_289_30,"[[13, 7, 14, 6], [5, 20, 6, 21], [19, 8, 20, 9], [1, 11, 2, 10], [7, 13, 8, 12], [15, 22, 16, 1], [11, 16, 12, 17], [3, 19, 4, 18], [17, 3, 18, 2], [9, 5, 10, 4], [21, 14, 22, 15]]"
11a_289_31,"[[21, 14, 22, 15], [13, 7, 14, 6], [5, 20, 6, 21], [19, 8, 20, 9], [1, 11, 2, 10], [7, 13, 8, 12], [15, 22, 16, 1], [11, 16, 12, 17], [3, 19, 4, 18], [17, 3, 18, 2], [9, 5, 10, 4]]"
11a_289_32,"[[9, 5, 10, 4], [21, 14, 22, 15], [13, 7, 14, 6], [5, 20, 6, 21], [19, 8, 20, 9], [1, 11, 2, 10], [7, 13, 8, 12], [15, 22, 16, 1], [11, 16, 12, 17], [3, 19, 4, 18], [17, 3, 18, 2]]"
11a_289_33,"[[18, 4, 19, 3], [10, 6, 11, 5], [22, 15, 1, 16], [14, 8, 15, 7], [6, 21, 7, 22], [20, 9, 21, 10], [2, 12, 3, 11], [8, 14, 9, 13], [16, 1, 17, 2], [12, 17, 13, 18], [4, 20, 5, 19]]"
11a_289_34,"[[4, 20, 5, 19], [18, 4, 19, 3], [10, 6, 11, 5], [22, 15, 1, 16], [14, 8, 15, 7], [6, 21, 7, 22], [20, 9, 21, 10], [2, 12, 3, 11], [8, 14, 9, 13], [16, 1, 17, 2], [12, 17, 13, 18]]"
11a_289_35,"[[12, 17, 13, 18], [4, 20, 5, 19], [18, 4, 19, 3], [10, 6, 11, 5], [22, 15, 1, 16], [14, 8, 15, 7], [6, 21, 7, 22], [20, 9, 21, 10], [2, 12, 3, 11], [8, 14, 9, 13], [16, 1, 17, 2]]"
11a_289_36,"[[16, 1, 17, 2], [12, 17, 13, 18], [4, 20, 5, 19], [18, 4, 19, 3], [10, 6, 11, 5], [22, 15, 1, 16], [14, 8, 15, 7], [6, 21, 7, 22], [20, 9, 21, 10], [2, 12, 3, 11], [8, 14, 9, 13]]"
11a_289_37,"[[8, 14, 9, 13], [16, 1, 17, 2], [12, 17, 13, 18], [4, 20, 5, 19], [18, 4, 19, 3], [10, 6, 11, 5], [22, 15, 1, 16], [14, 8, 15, 7], [6, 21, 7, 22], [20, 9, 21, 10], [2, 12, 3, 11]]"
11a_289_38,"[[2, 12, 3, 11], [8, 14, 9, 13], [16, 1, 17, 2], [12, 17, 13, 18], [4, 20, 5, 19], [18, 4, 19, 3], [10, 6, 11, 5], [22, 15, 1, 16], [14, 8, 15, 7], [6, 21, 7, 22], [20, 9, 21, 10]]"
11a_289_39,"[[20, 9, 21, 10], [2, 12, 3, 11], [8, 14, 9, 13], [16, 1, 17, 2], [12, 17, 13, 18], [4, 20, 5, 19], [18, 4, 19, 3], [10, 6, 11, 5], [22, 15, 1, 16], [14, 8, 15, 7], [6, 21, 7, 22]]"
11a_289_40,"[[6, 21, 7, 22], [20, 9, 21, 10], [2, 12, 3, 11], [8, 14, 9, 13], [16, 1, 17, 2], [12, 17, 13, 18], [4, 20, 5, 19], [18, 4, 19, 3], [10, 6, 11, 5], [22, 15, 1, 16], [14, 8, 15, 7]]"
11a_289_41,"[[14, 8, 15, 7], [6, 21, 7, 22], [20, 9, 21, 10], [2, 12, 3, 11], [8, 14, 9, 13], [16, 1, 17, 2], [12, 17, 13, 18], [4, 20, 5, 19], [18, 4, 19, 3], [10, 6, 11, 5], [22, 15, 1, 16]]"
11a_289_42,"[[22, 15, 1, 16], [14, 8, 15, 7], [6, 21, 7, 22], [20, 9, 21, 10], [2, 12, 3, 11], [8, 14, 9, 13], [16, 1, 17, 2], [12, 17, 13, 18], [4, 20, 5, 19], [18, 4, 19, 3], [10, 6, 11, 5]]"
11a_289_43,"[[10, 6, 11, 5], [22, 15, 1, 16], [14, 8, 15, 7], [6, 21, 7, 22], [20, 9, 21, 10], [2, 12, 3, 11], [8, 14, 9, 13], [16, 1, 17, 2], [12, 17, 13, 18], [4, 20, 5, 19], [18, 4, 19, 3]]"
11a_289_44,"[[19, 5, 20, 4], [11, 7, 12, 6], [1, 16, 2, 17], [15, 9, 16, 8], [7, 22, 8, 1], [21, 10, 22, 11], [3, 13, 4, 12], [9, 15, 10, 14], [17, 2, 18, 3], [13, 18, 14, 19], [5, 21, 6, 20]]"
11a_289_45,"[[5, 21, 6, 20], [19, 5, 20, 4], [11, 7, 12, 6], [1, 16, 2, 17], [15, 9, 16, 8], [7, 22, 8, 1], [21, 10, 22, 11], [3, 13, 4, 12], [9, 15, 10, 14], [17, 2, 18, 3], [13, 18, 14, 19]]"
11a_289_46,"[[13, 18, 14, 19], [5, 21, 6, 20], [19, 5, 20, 4], [11, 7, 12, 6], [1, 16, 2, 17], [15, 9, 16, 8], [7, 22, 8, 1], [21, 10, 22, 11], [3, 13, 4, 12], [9, 15, 10, 14], [17, 2, 18, 3]]"
11a_289_47,"[[17, 2, 18, 3], [13, 18, 14, 19], [5, 21, 6, 20], [19, 5, 20, 4], [11, 7, 12, 6], [1, 16, 2, 17], [15, 9, 16, 8], [7, 22, 8, 1], [21, 10, 22, 11], [3, 13, 4, 12], [9, 15, 10, 14]]"
11a_289_48,"[[9, 15, 10, 14], [17, 2, 18, 3], [13, 18, 14, 19], [5, 21, 6, 20], [19, 5, 20, 4], [11, 7, 12, 6], [1, 16, 2, 17], [15, 9, 16, 8], [7, 22, 8, 1], [21, 10, 22, 11], [3, 13, 4, 12]]"
11a_289_49,"[[3, 13, 4, 12], [9, 15, 10, 14], [17, 2, 18, 3], [13, 18, 14, 19], [5, 21, 6, 20], [19, 5, 20, 4], [11, 7, 12, 6], [1, 16, 2, 17], [15, 9, 16, 8], [7, 22, 8, 1], [21, 10, 22, 11]]"
11a_289_50,"[[21, 10, 22, 11], [3, 13, 4, 12], [9, 15, 10, 14], [17, 2, 18, 3], [13, 18, 14, 19], [5, 21, 6, 20], [19, 5, 20, 4], [11, 7, 12, 6], [1, 16, 2, 17], [15, 9, 16, 8], [7, 22, 8, 1]]"
11a_289_51,"[[7, 22, 8, 1], [21, 10, 22, 11], [3, 13, 4, 12], [9, 15, 10, 14], [17, 2, 18, 3], [13, 18, 14, 19], [5, 21, 6, 20], [19, 5, 20, 4], [11, 7, 12, 6], [1, 16, 2, 17], [15, 9, 16, 8]]"
11a_289_52,"[[15, 9, 16, 8], [7, 22, 8, 1], [21, 10, 22, 11], [3, 13, 4, 12], [9, 15, 10, 14], [17, 2, 18, 3], [13, 18, 14, 19], [5, 21, 6, 20], [19, 5, 20, 4], [11, 7, 12, 6], [1, 16, 2, 17]]"
11a_289_53,"[[1, 16, 2, 17], [15, 9, 16, 8], [7, 22, 8, 1], [21, 10, 22, 11], [3, 13, 4, 12], [9, 15, 10, 14], [17, 2, 18, 3], [13, 18, 14, 19], [5, 21, 6, 20], [19, 5, 20, 4], [11, 7, 12, 6]]"
11a_289_54,"[[11, 7, 12, 6], [1, 16, 2, 17], [15, 9, 16, 8], [7, 22, 8, 1], [21, 10, 22, 11], [3, 13, 4, 12], [9, 15, 10, 14], [17, 2, 18, 3], [13, 18, 14, 19], [5, 21, 6, 20], [19, 5, 20, 4]]"
11a_289_55,"[[20, 6, 21, 5], [12, 8, 13, 7], [2, 17, 3, 18], [16, 10, 17, 9], [8, 1, 9, 2], [22, 11, 1, 12], [4, 14, 5, 13], [10, 16, 11, 15], [18, 3, 19, 4], [14, 19, 15, 20], [6, 22, 7, 21]]"
11a_289_56,"[[6, 22, 7, 21], [20, 6, 21, 5], [12, 8, 13, 7], [2, 17, 3, 18], [16, 10, 17, 9], [8, 1, 9, 2], [22, 11, 1, 12], [4, 14, 5, 13], [10, 16, 11, 15], [18, 3, 19, 4], [14, 19, 15, 20]]"
11a_289_57,"[[14, 19, 15, 20], [6, 22, 7, 21], [20, 6, 21, 5], [12, 8, 13, 7], [2, 17, 3, 18], [16, 10, 17, 9], [8, 1, 9, 2], [22, 11, 1, 12], [4, 14, 5, 13], [10, 16, 11, 15], [18, 3, 19, 4]]"
11a_289_58,"[[18, 3, 19, 4], [14, 19, 15, 20], [6, 22, 7, 21], [20, 6, 21, 5], [12, 8, 13, 7], [2, 17, 3, 18], [16, 10, 17, 9], [8, 1, 9, 2], [22, 11, 1, 12], [4, 14, 5, 13], [10, 16, 11, 15]]"
11a_289_59,"[[10, 16, 11, 15], [18, 3, 19, 4], [14, 19, 15, 20], [6, 22, 7, 21], [20, 6, 21, 5], [12, 8, 13, 7], [2, 17, 3, 18], [16, 10, 17, 9], [8, 1, 9, 2], [22, 11, 1, 12], [4, 14, 5, 13]]"
11a_289_60,"[[4, 14, 5, 13], [10, 16, 11, 15], [18, 3, 19, 4], [14, 19, 15, 20], [6, 22, 7, 21], [20, 6, 21, 5], [12, 8, 13, 7], [2, 17, 3, 18], [16, 10, 17, 9], [8, 1, 9, 2], [22, 11, 1, 12]]"
11a_289_61,"[[22, 11, 1, 12], [4, 14, 5, 13], [10, 16, 11, 15], [18, 3, 19, 4], [14, 19, 15, 20], [6, 22, 7, 21], [20, 6, 21, 5], [12, 8, 13, 7], [2, 17, 3, 18], [16, 10, 17, 9], [8, 1, 9, 2]]"
11a_289_62,"[[8, 1, 9, 2], [22, 11, 1, 12], [4, 14, 5, 13], [10, 16, 11, 15], [18, 3, 19, 4], [14, 19, 15, 20], [6, 22, 7, 21], [20, 6, 21, 5], [12, 8, 13, 7], [2, 17, 3, 18], [16, 10, 17, 9]]"
11a_289_63,"[[16, 10, 17, 9], [8, 1, 9, 2], [22, 11, 1, 12], [4, 14, 5, 13], [10, 16, 11, 15], [18, 3, 19, 4], [14, 19, 15, 20], [6, 22, 7, 21], [20, 6, 21, 5], [12, 8, 13, 7], [2, 17, 3, 18]]"
11a_289_64,"[[2, 17, 3, 18], [16, 10, 17, 9], [8, 1, 9, 2], [22, 11, 1, 12], [4, 14, 5, 13], [10, 16, 11, 15], [18, 3, 19, 4], [14, 19, 15, 20], [6, 22, 7, 21], [20, 6, 21, 5], [12, 8, 13, 7]]"
11a_289_65,"[[12, 8, 13, 7], [2, 17, 3, 18], [16, 10, 17, 9], [8, 1, 9, 2], [22, 11, 1, 12], [4, 14, 5, 13], [10, 16, 11, 15], [18, 3, 19, 4], [14, 19, 15, 20], [6, 22, 7, 21], [20, 6, 21, 5]]"
11a_289_66,"[[21, 7, 22, 6], [13, 9, 14, 8], [3, 18, 4, 19], [17, 11, 18, 10], [9, 2, 10, 3], [1, 12, 2, 13], [5, 15, 6, 14], [11, 17, 12, 16], [19, 4, 20, 5], [15, 20, 16, 21], [7, 1, 8, 22]]"
11a_289_67,"[[7, 1, 8, 22], [21, 7, 22, 6], [13, 9, 14, 8], [3, 18, 4, 19], [17, 11, 18, 10], [9, 2, 10, 3], [1, 12, 2, 13], [5, 15, 6, 14], [11, 17, 12, 16], [19, 4, 20, 5], [15, 20, 16, 21]]"
11a_289_68,"[[15, 20, 16, 21], [7, 1, 8, 22], [21, 7, 22, 6], [13, 9, 14, 8], [3, 18, 4, 19], [17, 11, 18, 10], [9, 2, 10, 3], [1, 12, 2, 13], [5, 15, 6, 14], [11, 17, 12, 16], [19, 4, 20, 5]]"
11a_289_69,"[[19, 4, 20, 5], [15, 20, 16, 21], [7, 1, 8, 22], [21, 7, 22, 6], [13, 9, 14, 8], [3, 18, 4, 19], [17, 11, 18, 10], [9, 2, 10, 3], [1, 12, 2, 13], [5, 15, 6, 14], [11, 17, 12, 16]]"
11a_289_70,"[[11, 17, 12, 16], [19, 4, 20, 5], [15, 20, 16, 21], [7, 1, 8, 22], [21, 7, 22, 6], [13, 9, 14, 8], [3, 18, 4, 19], [17, 11, 18, 10], [9, 2, 10, 3], [1, 12, 2, 13], [5, 15, 6, 14]]"
11a_289_71,"[[5, 15, 6, 14], [11, 17, 12, 16], [19, 4, 20, 5], [15, 20, 16, 21], [7, 1, 8, 22], [21, 7, 22, 6], [13, 9, 14, 8], [3, 18, 4, 19], [17, 11, 18, 10], [9, 2, 10, 3], [1, 12, 2, 13]]"
11a_289_72,"[[1, 12, 2, 13], [5, 15, 6, 14], [11, 17, 12, 16], [19, 4, 20, 5], [15, 20, 16, 21], [7, 1, 8, 22], [21, 7, 22, 6], [13, 9, 14, 8], [3, 18, 4, 19], [17, 11, 18, 10], [9, 2, 10, 3]]"
11a_289_73,"[[9, 2, 10, 3], [1, 12, 2, 13], [5, 15, 6, 14], [11, 17, 12, 16], [19, 4, 20, 5], [15, 20, 16, 21], [7, 1, 8, 22], [21, 7, 22, 6], [13, 9, 14, 8], [3, 18, 4, 19], [17, 11, 18, 10]]"
11a_289_74,"[[17, 11, 18, 10], [9, 2, 10, 3], [1, 12, 2, 13], [5, 15, 6, 14], [11, 17, 12, 16], [19, 4, 20, 5], [15, 20, 16, 21], [7, 1, 8, 22], [21, 7, 22, 6], [13, 9, 14, 8], [3, 18, 4, 19]]"
11a_289_75,"[[3, 18, 4, 19], [17, 11, 18, 10], [9, 2, 10, 3], [1, 12, 2, 13], [5, 15, 6, 14], [11, 17, 12, 16], [19, 4, 20, 5], [15, 20, 16, 21], [7, 1, 8, 22], [21, 7, 22, 6], [13, 9, 14, 8]]"
11a_289_76,"[[13, 9, 14, 8], [3, 18, 4, 19], [17, 11, 18, 10], [9, 2, 10, 3], [1, 12, 2, 13], [5, 15, 6, 14], [11, 17, 12, 16], [19, 4, 20, 5], [15, 20, 16, 21], [7, 1, 8, 22], [21, 7, 22, 6]]"
11a_289_77,"[[22, 8, 1, 7], [14, 10, 15, 9], [4, 19, 5, 20], [18, 12, 19, 11], [10, 3, 11, 4], [2, 13, 3, 14], [6, 16, 7, 15], [12, 18, 13, 17], [20, 5, 21, 6], [16, 21, 17, 22], [8, 2, 9, 1]]"
11a_289_78,"[[8, 2, 9, 1], [22, 8, 1, 7], [14, 10, 15, 9], [4, 19, 5, 20], [18, 12, 19, 11], [10, 3, 11, 4], [2, 13, 3, 14], [6, 16, 7, 15], [12, 18, 13, 17], [20, 5, 21, 6], [16, 21, 17, 22]]"
11a_289_79,"[[16, 21, 17, 22], [8, 2, 9, 1], [22, 8, 1, 7], [14, 10, 15, 9], [4, 19, 5, 20], [18, 12, 19, 11], [10, 3, 11, 4], [2, 13, 3, 14], [6, 16, 7, 15], [12, 18, 13, 17], [20, 5, 21, 6]]"
11a_289_80,"[[20, 5, 21, 6], [16, 21, 17, 22], [8, 2, 9, 1], [22, 8, 1, 7], [14, 10, 15, 9], [4, 19, 5, 20], [18, 12, 19, 11], [10, 3, 11, 4], [2, 13, 3, 14], [6, 16, 7, 15], [12, 18, 13, 17]]"
11a_289_81,"[[12, 18, 13, 17], [20, 5, 21, 6], [16, 21, 17, 22], [8, 2, 9, 1], [22, 8, 1, 7], [14, 10, 15, 9], [4, 19, 5, 20], [18, 12, 19, 11], [10, 3, 11, 4], [2, 13, 3, 14], [6, 16, 7, 15]]"
11a_289_82,"[[6, 16, 7, 15], [12, 18, 13, 17], [20, 5, 21, 6], [16, 21, 17, 22], [8, 2, 9, 1], [22, 8, 1, 7], [14, 10, 15, 9], [4, 19, 5, 20], [18, 12, 19, 11], [10, 3, 11, 4], [2, 13, 3, 14]]"
11a_289_83,"[[2, 13, 3, 14], [6, 16, 7, 15], [12, 18, 13, 17], [20, 5, 21, 6], [16, 21, 17, 22], [8, 2, 9, 1], [22, 8, 1, 7], [14, 10, 15, 9], [4, 19, 5, 20], [18, 12, 19, 11], [10, 3, 11, 4]]"
11a_289_84,"[[10, 3, 11, 4], [2, 13, 3, 14], [6, 16, 7, 15], [12, 18, 13, 17], [20, 5, 21, 6], [16, 21, 17, 22], [8, 2, 9, 1], [22, 8, 1, 7], [14, 10, 15, 9], [4, 19, 5, 20], [18, 12, 19, 11]]"
11a_289_85,"[[18, 12, 19, 11], [10, 3, 11, 4], [2, 13, 3, 14], [6, 16, 7, 15], [12, 18, 13, 17], [20, 5, 21, 6], [16, 21, 17, 22], [8, 2, 9, 1], [22, 8, 1, 7], [14, 10, 15, 9], [4, 19, 5, 20]]"
11a_289_86,"[[4, 19, 5, 20], [18, 12, 19, 11], [10, 3, 11, 4], [2, 13, 3, 14], [6, 16, 7, 15], [12, 18, 13, 17], [20, 5, 21, 6], [16, 21, 17, 22], [8, 2, 9, 1], [22, 8, 1, 7], [14, 10, 15, 9]]"
11a_289_87,"[[14, 10, 15, 9], [4, 19, 5, 20], [18, 12, 19, 11], [10, 3, 11, 4], [2, 13, 3, 14], [6, 16, 7, 15], [12, 18, 13, 17], [20, 5, 21, 6], [16, 21, 17, 22], [8, 2, 9, 1], [22, 8, 1, 7]]"
11a_289_88,"[[1, 9, 2, 8], [15, 11, 16, 10], [5, 20, 6, 21], [19, 13, 20, 12], [11, 4, 12, 5], [3, 14, 4, 15], [7, 17, 8, 16], [13, 19, 14, 18], [21, 6, 22, 7], [17, 22, 18, 1], [9, 3, 10, 2]]"
11a_289_89,"[[9, 3, 10, 2], [1, 9, 2, 8], [15, 11, 16, 10], [5, 20, 6, 21], [19, 13, 20, 12], [11, 4, 12, 5], [3, 14, 4, 15], [7, 17, 8, 16], [13, 19, 14, 18], [21, 6, 22, 7], [17, 22, 18, 1]]"
11a_289_90,"[[17, 22, 18, 1], [9, 3, 10, 2], [1, 9, 2, 8], [15, 11, 16, 10], [5, 20, 6, 21], [19, 13, 20, 12], [11, 4, 12, 5], [3, 14, 4, 15], [7, 17, 8, 16], [13, 19, 14, 18], [21, 6, 22, 7]]"
11a_289_91,"[[21, 6, 22, 7], [17, 22, 18, 1], [9, 3, 10, 2], [1, 9, 2, 8], [15, 11, 16, 10], [5, 20, 6, 21], [19, 13, 20, 12], [11, 4, 12, 5], [3, 14, 4, 15], [7, 17, 8, 16], [13, 19, 14, 18]]"
11a_289_92,"[[13, 19, 14, 18], [21, 6, 22, 7], [17, 22, 18, 1], [9, 3, 10, 2], [1, 9, 2, 8], [15, 11, 16, 10], [5, 20, 6, 21], [19, 13, 20, 12], [11, 4, 12, 5], [3, 14, 4, 15], [7, 17, 8, 16]]"
11a_289_93,"[[7, 17, 8, 16], [13, 19, 14, 18], [21, 6, 22, 7], [17, 22, 18, 1], [9, 3, 10, 2], [1, 9, 2, 8], [15, 11, 16, 10], [5, 20, 6, 21], [19, 13, 20, 12], [11, 4, 12, 5], [3, 14, 4, 15]]"
11a_289_94,"[[3, 14, 4, 15], [7, 17, 8, 16], [13, 19, 14, 18], [21, 6, 22, 7], [17, 22, 18, 1], [9, 3, 10, 2], [1, 9, 2, 8], [15, 11, 16, 10], [5, 20, 6, 21], [19, 13, 20, 12], [11, 4, 12, 5]]"
11a_289_95,"[[11, 4, 12, 5], [3, 14, 4, 15], [7, 17, 8, 16], [13, 19, 14, 18], [21, 6, 22, 7], [17, 22, 18, 1], [9, 3, 10, 2], [1, 9, 2, 8], [15, 11, 16, 10], [5, 20, 6, 21], [19, 13, 20, 12]]"
11a_289_96,"[[19, 13, 20, 12], [11, 4, 12, 5], [3, 14, 4, 15], [7, 17, 8, 16], [13, 19, 14, 18], [21, 6, 22, 7], [17, 22, 18, 1], [9, 3, 10, 2], [1, 9, 2, 8], [15, 11, 16, 10], [5, 20, 6, 21]]"
11a_289_97,"[[5, 20, 6, 21], [19, 13, 20, 12], [11, 4, 12, 5], [3, 14, 4, 15], [7, 17, 8, 16], [13, 19, 14, 18], [21, 6, 22, 7], [17, 22, 18, 1], [9, 3, 10, 2], [1, 9, 2, 8], [15, 11, 16, 10]]"
11a_289_98,"[[15, 11, 16, 10], [5, 20, 6, 21], [19, 13, 20, 12], [11, 4, 12, 5], [3, 14, 4, 15], [7, 17, 8, 16], [13, 19, 14, 18], [21, 6, 22, 7], [17, 22, 18, 1], [9, 3, 10, 2], [1, 9, 2, 8]]"
11a_289_99,"[[2, 10, 3, 9], [16, 12, 17, 11], [6, 21, 7, 22], [20, 14, 21, 13], [12, 5, 13, 6], [4, 15, 5, 16], [8, 18, 9, 17], [14, 20, 15, 19], [22, 7, 1, 8], [18, 1, 19, 2], [10, 4, 11, 3]]"
11a_289_100,"[[10, 4, 11, 3], [2, 10, 3, 9], [16, 12, 17, 11], [6, 21, 7, 22], [20, 14, 21, 13], [12, 5, 13, 6], [4, 15, 5, 16], [8, 18, 9, 17], [14, 20, 15, 19], [22, 7, 1, 8], [18, 1, 19, 2]]"
11a_289_101,"[[18, 1, 19, 2], [10, 4, 11, 3], [2, 10, 3, 9], [16, 12, 17, 11], [6, 21, 7, 22], [20, 14, 21, 13], [12, 5, 13, 6], [4, 15, 5, 16], [8, 18, 9, 17], [14, 20, 15, 19], [22, 7, 1, 8]]"
11a_289_102,"[[22, 7, 1, 8], [18, 1, 19, 2], [10, 4, 11, 3], [2, 10, 3, 9], [16, 12, 17, 11], [6, 21, 7, 22], [20, 14, 21, 13], [12, 5, 13, 6], [4, 15, 5, 16], [8, 18, 9, 17], [14, 20, 15, 19]]"
11a_289_103,"[[14, 20, 15, 19], [22, 7, 1, 8], [18, 1, 19, 2], [10, 4, 11, 3], [2, 10, 3, 9], [16, 12, 17, 11], [6, 21, 7, 22], [20, 14, 21, 13], [12, 5, 13, 6], [4, 15, 5, 16], [8, 18, 9, 17]]"
11a_289_104,"[[8, 18, 9, 17], [14, 20, 15, 19], [22, 7, 1, 8], [18, 1, 19, 2], [10, 4, 11, 3], [2, 10, 3, 9], [16, 12, 17, 11], [6, 21, 7, 22], [20, 14, 21, 13], [12, 5, 13, 6], [4, 15, 5, 16]]"
11a_289_105,"[[4, 15, 5, 16], [8, 18, 9, 17], [14, 20, 15, 19], [22, 7, 1, 8], [18, 1, 19, 2], [10, 4, 11, 3], [2, 10, 3, 9], [16, 12, 17, 11], [6, 21, 7, 22], [20, 14, 21, 13], [12, 5, 13, 6]]"
11a_289_106,"[[12, 5, 13, 6], [4, 15, 5, 16], [8, 18, 9, 17], [14, 20, 15, 19], [22, 7, 1, 8], [18, 1, 19, 2], [10, 4, 11, 3], [2, 10, 3, 9], [16, 12, 17, 11], [6, 21, 7, 22], [20, 14, 21, 13]]"
11a_289_107,"[[20, 14, 21, 13], [12, 5, 13, 6], [4, 15, 5, 16], [8, 18, 9, 17], [14, 20, 15, 19], [22, 7, 1, 8], [18, 1, 19, 2], [10, 4, 11, 3], [2, 10, 3, 9], [16, 12, 17, 11], [6, 21, 7, 22]]"
11a_289_108,"[[6, 21, 7, 22], [20, 14, 21, 13], [12, 5, 13, 6], [4, 15, 5, 16], [8, 18, 9, 17], [14, 20, 15, 19], [22, 7, 1, 8], [18, 1, 19, 2], [10, 4, 11, 3], [2, 10, 3, 9], [16, 12, 17, 11]]"
11a_289_109,"[[16, 12, 17, 11], [6, 21, 7, 22], [20, 14, 21, 13], [12, 5, 13, 6], [4, 15, 5, 16], [8, 18, 9, 17], [14, 20, 15, 19], [22, 7, 1, 8], [18, 1, 19, 2], [10, 4, 11, 3], [2, 10, 3, 9]]"
11a_289_110,"[[3, 11, 4, 10], [17, 13, 18, 12], [7, 22, 8, 1], [21, 15, 22, 14], [13, 6, 14, 7], [5, 16, 6, 17], [9, 19, 10, 18], [15, 21, 16, 20], [1, 8, 2, 9], [19, 2, 20, 3], [11, 5, 12, 4]]"
11a_289_111,"[[11, 5, 12, 4], [3, 11, 4, 10], [17, 13, 18, 12], [7, 22, 8, 1], [21, 15, 22, 14], [13, 6, 14, 7], [5, 16, 6, 17], [9, 19, 10, 18], [15, 21, 16, 20], [1, 8, 2, 9], [19, 2, 20, 3]]"
11a_289_112,"[[19, 2, 20, 3], [11, 5, 12, 4], [3, 11, 4, 10], [17, 13, 18, 12], [7, 22, 8, 1], [21, 15, 22, 14], [13, 6, 14, 7], [5, 16, 6, 17], [9, 19, 10, 18], [15, 21, 16, 20], [1, 8, 2, 9]]"
11a_289_113,"[[1, 8, 2, 9], [19, 2, 20, 3], [11, 5, 12, 4], [3, 11, 4, 10], [17, 13, 18, 12], [7, 22, 8, 1], [21, 15, 22, 14], [13, 6, 14, 7], [5, 16, 6, 17], [9, 19, 10, 18], [15, 21, 16, 20]]"
11a_289_114,"[[15, 21, 16, 20], [1, 8, 2, 9], [19, 2, 20, 3], [11, 5, 12, 4], [3, 11, 4, 10], [17, 13, 18, 12], [7, 22, 8, 1], [21, 15, 22, 14], [13, 6, 14, 7], [5, 16, 6, 17], [9, 19, 10, 18]]"
11a_289_115,"[[9, 19, 10, 18], [15, 21, 16, 20], [1, 8, 2, 9], [19, 2, 20, 3], [11, 5, 12, 4], [3, 11, 4, 10], [17, 13, 18, 12], [7, 22, 8, 1], [21, 15, 22, 14], [13, 6, 14, 7], [5, 16, 6, 17]]"
11a_289_116,"[[5, 16, 6, 17], [9, 19, 10, 18], [15, 21, 16, 20], [1, 8, 2, 9], [19, 2, 20, 3], [11, 5, 12, 4], [3, 11, 4, 10], [17, 13, 18, 12], [7, 22, 8, 1], [21, 15, 22, 14], [13, 6, 14, 7]]"
11a_289_117,"[[13, 6, 14, 7], [5, 16, 6, 17], [9, 19, 10, 18], [15, 21, 16, 20], [1, 8, 2, 9], [19, 2, 20, 3], [11, 5, 12, 4], [3, 11, 4, 10], [17, 13, 18, 12], [7, 22, 8, 1], [21, 15, 22, 14]]"
11a_289_118,"[[21, 15, 22, 14], [13, 6, 14, 7], [5, 16, 6, 17], [9, 19, 10, 18], [15, 21, 16, 20], [1, 8, 2, 9], [19, 2, 20, 3], [11, 5, 12, 4], [3, 11, 4, 10], [17, 13, 18, 12], [7, 22, 8, 1]]"
11a_289_119,"[[7, 22, 8, 1], [21, 15, 22, 14], [13, 6, 14, 7], [5, 16, 6, 17], [9, 19, 10, 18], [15, 21, 16, 20], [1, 8, 2, 9], [19, 2, 20, 3], [11, 5, 12, 4], [3, 11, 4, 10], [17, 13, 18, 12]]"
11a_289_120,"[[17, 13, 18, 12], [7, 22, 8, 1], [21, 15, 22, 14], [13, 6, 14, 7], [5, 16, 6, 17], [9, 19, 10, 18], [15, 21, 16, 20], [1, 8, 2, 9], [19, 2, 20, 3], [11, 5, 12, 4], [3, 11, 4, 10]]"
11a_289_121,"[[4, 12, 5, 11], [18, 14, 19, 13], [8, 1, 9, 2], [22, 16, 1, 15], [14, 7, 15, 8], [6, 17, 7, 18], [10, 20, 11, 19], [16, 22, 17, 21], [2, 9, 3, 10], [20, 3, 21, 4], [12, 6, 13, 5]]"
11a_289_122,"[[12, 6, 13, 5], [4, 12, 5, 11], [18, 14, 19, 13], [8, 1, 9, 2], [22, 16, 1, 15], [14, 7, 15, 8], [6, 17, 7, 18], [10, 20, 11, 19], [16, 22, 17, 21], [2, 9, 3, 10], [20, 3, 21, 4]]"
11a_289_123,"[[20, 3, 21, 4], [12, 6, 13, 5], [4, 12, 5, 11], [18, 14, 19, 13], [8, 1, 9, 2], [22, 16, 1, 15], [14, 7, 15, 8], [6, 17, 7, 18], [10, 20, 11, 19], [16, 22, 17, 21], [2, 9, 3, 10]]"
11a_289_124,"[[2, 9, 3, 10], [20, 3, 21, 4], [12, 6, 13, 5], [4, 12, 5, 11], [18, 14, 19, 13], [8, 1, 9, 2], [22, 16, 1, 15], [14, 7, 15, 8], [6, 17, 7, 18], [10, 20, 11, 19], [16, 22, 17, 21]]"
11a_289_125,"[[16, 22, 17, 21], [2, 9, 3, 10], [20, 3, 21, 4], [12, 6, 13, 5], [4, 12, 5, 11], [18, 14, 19, 13], [8, 1, 9, 2], [22, 16, 1, 15], [14, 7, 15, 8], [6, 17, 7, 18], [10, 20, 11, 19]]"
11a_289_126,"[[10, 20, 11, 19], [16, 22, 17, 21], [2, 9, 3, 10], [20, 3, 21, 4], [12, 6, 13, 5], [4, 12, 5, 11], [18, 14, 19, 13], [8, 1, 9, 2], [22, 16, 1, 15], [14, 7, 15, 8], [6, 17, 7, 18]]"
11a_289_127,"[[6, 17, 7, 18], [10, 20, 11, 19], [16, 22, 17, 21], [2, 9, 3, 10], [20, 3, 21, 4], [12, 6, 13, 5], [4, 12, 5, 11], [18, 14, 19, 13], [8, 1, 9, 2], [22, 16, 1, 15], [14, 7, 15, 8]]"
11a_289_128,"[[14, 7, 15, 8], [6, 17, 7, 18], [10, 20, 11, 19], [16, 22, 17, 21], [2, 9, 3, 10], [20, 3, 21, 4], [12, 6, 13, 5], [4, 12, 5, 11], [18, 14, 19, 13], [8, 1, 9, 2], [22, 16, 1, 15]]"
11a_289_129,"[[22, 16, 1, 15], [14, 7, 15, 8], [6, 17, 7, 18], [10, 20, 11, 19], [16, 22, 17, 21], [2, 9, 3, 10], [20, 3, 21, 4], [12, 6, 13, 5], [4, 12, 5, 11], [18, 14, 19, 13], [8, 1, 9, 2]]"
11a_289_130,"[[8, 1, 9, 2], [22, 16, 1, 15], [14, 7, 15, 8], [6, 17, 7, 18], [10, 20, 11, 19], [16, 22, 17, 21], [2, 9, 3, 10], [20, 3, 21, 4], [12, 6, 13, 5], [4, 12, 5, 11], [18, 14, 19, 13]]"
11a_289_131,"[[18, 14, 19, 13], [8, 1, 9, 2], [22, 16, 1, 15], [14, 7, 15, 8], [6, 17, 7, 18], [10, 20, 11, 19], [16, 22, 17, 21], [2, 9, 3, 10], [20, 3, 21, 4], [12, 6, 13, 5], [4, 12, 5, 11]]"
11a_289_132,"[[5, 13, 6, 12], [19, 15, 20, 14], [9, 2, 10, 3], [1, 17, 2, 16], [15, 8, 16, 9], [7, 18, 8, 19], [11, 21, 12, 20], [17, 1, 18, 22], [3, 10, 4, 11], [21, 4, 22, 5], [13, 7, 14, 6]]"
11a_289_133,"[[13, 7, 14, 6], [5, 13, 6, 12], [19, 15, 20, 14], [9, 2, 10, 3], [1, 17, 2, 16], [15, 8, 16, 9], [7, 18, 8, 19], [11, 21, 12, 20], [17, 1, 18, 22], [3, 10, 4, 11], [21, 4, 22, 5]]"
11a_289_134,"[[21, 4, 22, 5], [13, 7, 14, 6], [5, 13, 6, 12], [19, 15, 20, 14], [9, 2, 10, 3], [1, 17, 2, 16], [15, 8, 16, 9], [7, 18, 8, 19], [11, 21, 12, 20], [17, 1, 18, 22], [3, 10, 4, 11]]"
11a_289_135,"[[3, 10, 4, 11], [21, 4, 22, 5], [13, 7, 14, 6], [5, 13, 6, 12], [19, 15, 20, 14], [9, 2, 10, 3], [1, 17, 2, 16], [15, 8, 16, 9], [7, 18, 8, 19], [11, 21, 12, 20], [17, 1, 18, 22]]"
11a_289_136,"[[17, 1, 18, 22], [3, 10, 4, 11], [21, 4, 22, 5], [13, 7, 14, 6], [5, 13, 6, 12], [19, 15, 20, 14], [9, 2, 10, 3], [1, 17, 2, 16], [15, 8, 16, 9], [7, 18, 8, 19], [11, 21, 12, 20]]"
11a_289_137,"[[11, 21, 12, 20], [17, 1, 18, 22], [3, 10, 4, 11], [21, 4, 22, 5], [13, 7, 14, 6], [5, 13, 6, 12], [19, 15, 20, 14], [9, 2, 10, 3], [1, 17, 2, 16], [15, 8, 16, 9], [7, 18, 8, 19]]"
11a_289_138,"[[7, 18, 8, 19], [11, 21, 12, 20], [17, 1, 18, 22], [3, 10, 4, 11], [21, 4, 22, 5], [13, 7, 14, 6], [5, 13, 6, 12], [19, 15, 20, 14], [9, 2, 10, 3], [1, 17, 2, 16], [15, 8, 16, 9]]"
11a_289_139,"[[15, 8, 16, 9], [7, 18, 8, 19], [11, 21, 12, 20], [17, 1, 18, 22], [3, 10, 4, 11], [21, 4, 22, 5], [13, 7, 14, 6], [5, 13, 6, 12], [19, 15, 20, 14], [9, 2, 10, 3], [1, 17, 2, 16]]"
11a_289_140,"[[1, 17, 2, 16], [15, 8, 16, 9], [7, 18, 8, 19], [11, 21, 12, 20], [17, 1, 18, 22], [3, 10, 4, 11], [21, 4, 22, 5], [13, 7, 14, 6], [5, 13, 6, 12], [19, 15, 20, 14], [9, 2, 10, 3]]"
11a_289_141,"[[9, 2, 10, 3], [1, 17, 2, 16], [15, 8, 16, 9], [7, 18, 8, 19], [11, 21, 12, 20], [17, 1, 18, 22], [3, 10, 4, 11], [21, 4, 22, 5], [13, 7, 14, 6], [5, 13, 6, 12], [19, 15, 20, 14]]"
11a_289_142,"[[19, 15, 20, 14], [9, 2, 10, 3], [1, 17, 2, 16], [15, 8, 16, 9], [7, 18, 8, 19], [11, 21, 12, 20], [17, 1, 18, 22], [3, 10, 4, 11], [21, 4, 22, 5], [13, 7, 14, 6], [5, 13, 6, 12]]"
11a_289_143,"[[6, 14, 7, 13], [20, 16, 21, 15], [10, 3, 11, 4], [2, 18, 3, 17], [16, 9, 17, 10], [8, 19, 9, 20], [12, 22, 13, 21], [18, 2, 19, 1], [4, 11, 5, 12], [22, 5, 1, 6], [14, 8, 15, 7]]"
11a_289_144,"[[14, 8, 15, 7], [6, 14, 7, 13], [20, 16, 21, 15], [10, 3, 11, 4], [2, 18, 3, 17], [16, 9, 17, 10], [8, 19, 9, 20], [12, 22, 13, 21], [18, 2, 19, 1], [4, 11, 5, 12], [22, 5, 1, 6]]"
11a_289_145,"[[22, 5, 1, 6], [14, 8, 15, 7], [6, 14, 7, 13], [20, 16, 21, 15], [10, 3, 11, 4], [2, 18, 3, 17], [16, 9, 17, 10], [8, 19, 9, 20], [12, 22, 13, 21], [18, 2, 19, 1], [4, 11, 5, 12]]"
11a_289_146,"[[4, 11, 5, 12], [22, 5, 1, 6], [14, 8, 15, 7], [6, 14, 7, 13], [20, 16, 21, 15], [10, 3, 11, 4], [2, 18, 3, 17], [16, 9, 17, 10], [8, 19, 9, 20], [12, 22, 13, 21], [18, 2, 19, 1]]"
11a_289_147,"[[18, 2, 19, 1], [4, 11, 5, 12], [22, 5, 1, 6], [14, 8, 15, 7], [6, 14, 7, 13], [20, 16, 21, 15], [10, 3, 11, 4], [2, 18, 3, 17], [16, 9, 17, 10], [8, 19, 9, 20], [12, 22, 13, 21]]"
11a_289_148,"[[12, 22, 13, 21], [18, 2, 19, 1], [4, 11, 5, 12], [22, 5, 1, 6], [14, 8, 15, 7], [6, 14, 7, 13], [20, 16, 21, 15], [10, 3, 11, 4], [2, 18, 3, 17], [16, 9, 17, 10], [8, 19, 9, 20]]"
11a_289_149,"[[8, 19, 9, 20], [12, 22, 13, 21], [18, 2, 19, 1], [4, 11, 5, 12], [22, 5, 1, 6], [14, 8, 15, 7], [6, 14, 7, 13], [20, 16, 21, 15], [10, 3, 11, 4], [2, 18, 3, 17], [16, 9, 17, 10]]"
11a_289_150,"[[16, 9, 17, 10], [8, 19, 9, 20], [12, 22, 13, 21], [18, 2, 19, 1], [4, 11, 5, 12], [22, 5, 1, 6], [14, 8, 15, 7], [6, 14, 7, 13], [20, 16, 21, 15], [10, 3, 11, 4], [2, 18, 3, 17]]"
11a_289_151,"[[2, 18, 3, 17], [16, 9, 17, 10], [8, 19, 9, 20], [12, 22, 13, 21], [18, 2, 19, 1], [4, 11, 5, 12], [22, 5, 1, 6], [14, 8, 15, 7], [6, 14, 7, 13], [20, 16, 21, 15], [10, 3, 11, 4]]"
11a_289_152,"[[10, 3, 11, 4], [2, 18, 3, 17], [16, 9, 17, 10], [8, 19, 9, 20], [12, 22, 13, 21], [18, 2, 19, 1], [4, 11, 5, 12], [22, 5, 1, 6], [14, 8, 15, 7], [6, 14, 7, 13], [20, 16, 21, 15]]"
11a_289_153,"[[20, 16, 21, 15], [10, 3, 11, 4], [2, 18, 3, 17], [16, 9, 17, 10], [8, 19, 9, 20], [12, 22, 13, 21], [18, 2, 19, 1], [4, 11, 5, 12], [22, 5, 1, 6], [14, 8, 15, 7], [6, 14, 7, 13]]"
11a_289_154,"[[7, 15, 8, 14], [21, 17, 22, 16], [11, 4, 12, 5], [3, 19, 4, 18], [17, 10, 18, 11], [9, 20, 10, 21], [13, 1, 14, 22], [19, 3, 20, 2], [5, 12, 6, 13], [1, 6, 2, 7], [15, 9, 16, 8]]"
11a_289_155,"[[15, 9, 16, 8], [7, 15, 8, 14], [21, 17, 22, 16], [11, 4, 12, 5], [3, 19, 4, 18], [17, 10, 18, 11], [9, 20, 10, 21], [13, 1, 14, 22], [19, 3, 20, 2], [5, 12, 6, 13], [1, 6, 2, 7]]"
11a_289_156,"[[1, 6, 2, 7], [15, 9, 16, 8], [7, 15, 8, 14], [21, 17, 22, 16], [11, 4, 12, 5], [3, 19, 4, 18], [17, 10, 18, 11], [9, 20, 10, 21], [13, 1, 14, 22], [19, 3, 20, 2], [5, 12, 6, 13]]"
11a_289_157,"[[5, 12, 6, 13], [1, 6, 2, 7], [15, 9, 16, 8], [7, 15, 8, 14], [21, 17, 22, 16], [11, 4, 12, 5], [3, 19, 4, 18], [17, 10, 18, 11], [9, 20, 10, 21], [13, 1, 14, 22], [19, 3, 20, 2]]"
11a_289_158,"[[19, 3, 20, 2], [5, 12, 6, 13], [1, 6, 2, 7], [15, 9, 16, 8], [7, 15, 8, 14], [21, 17, 22, 16], [11, 4, 12, 5], [3, 19, 4, 18], [17, 10, 18, 11], [9, 20, 10, 21], [13, 1, 14, 22]]"
11a_289_159,"[[13, 1, 14, 22], [19, 3, 20, 2], [5, 12, 6, 13], [1, 6, 2, 7], [15, 9, 16, 8], [7, 15, 8, 14], [21, 17, 22, 16], [11, 4, 12, 5], [3, 19, 4, 18], [17, 10, 18, 11], [9, 20, 10, 21]]"
11a_289_160,"[[9, 20, 10, 21], [13, 1, 14, 22], [19, 3, 20, 2], [5, 12, 6, 13], [1, 6, 2, 7], [15, 9, 16, 8], [7, 15, 8, 14], [21, 17, 22, 16], [11, 4, 12, 5], [3, 19, 4, 18], [17, 10, 18, 11]]"
11a_289_161,"[[17, 10, 18, 11], [9, 20, 10, 21], [13, 1, 14, 22], [19, 3, 20, 2], [5, 12, 6, 13], [1, 6, 2, 7], [15, 9, 16, 8], [7, 15, 8, 14], [21, 17, 22, 16], [11, 4, 12, 5], [3, 19, 4, 18]]"
11a_289_162,"[[3, 19, 4, 18], [17, 10, 18, 11], [9, 20, 10, 21], [13, 1, 14, 22], [19, 3, 20, 2], [5, 12, 6, 13], [1, 6, 2, 7], [15, 9, 16, 8], [7, 15, 8, 14], [21, 17, 22, 16], [11, 4, 12, 5]]"
11a_289_163,"[[11, 4, 12, 5], [3, 19, 4, 18], [17, 10, 18, 11], [9, 20, 10, 21], [13, 1, 14, 22], [19, 3, 20, 2], [5, 12, 6, 13], [1, 6, 2, 7], [15, 9, 16, 8], [7, 15, 8, 14], [21, 17, 22, 16]]"
11a_289_164,"[[21, 17, 22, 16], [11, 4, 12, 5], [3, 19, 4, 18], [17, 10, 18, 11], [9, 20, 10, 21], [13, 1, 14, 22], [19, 3, 20, 2], [5, 12, 6, 13], [1, 6, 2, 7], [15, 9, 16, 8], [7, 15, 8, 14]]"
11a_289_165,"[[8, 16, 9, 15], [22, 18, 1, 17], [12, 5, 13, 6], [4, 20, 5, 19], [18, 11, 19, 12], [10, 21, 11, 22], [14, 2, 15, 1], [20, 4, 21, 3], [6, 13, 7, 14], [2, 7, 3, 8], [16, 10, 17, 9]]"
11a_289_166,"[[16, 10, 17, 9], [8, 16, 9, 15], [22, 18, 1, 17], [12, 5, 13, 6], [4, 20, 5, 19], [18, 11, 19, 12], [10, 21, 11, 22], [14, 2, 15, 1], [20, 4, 21, 3], [6, 13, 7, 14], [2, 7, 3, 8]]"
11a_289_167,"[[2, 7, 3, 8], [16, 10, 17, 9], [8, 16, 9, 15], [22, 18, 1, 17], [12, 5, 13, 6], [4, 20, 5, 19], [18, 11, 19, 12], [10, 21, 11, 22], [14, 2, 15, 1], [20, 4, 21, 3], [6, 13, 7, 14]]"
11a_289_168,"[[6, 13, 7, 14], [2, 7, 3, 8], [16, 10, 17, 9], [8, 16, 9, 15], [22, 18, 1, 17], [12, 5, 13, 6], [4, 20, 5, 19], [18, 11, 19, 12], [10, 21, 11, 22], [14, 2, 15, 1], [20, 4, 21, 3]]"
11a_289_169,"[[20, 4, 21, 3], [6, 13, 7, 14], [2, 7, 3, 8], [16, 10, 17, 9], [8, 16, 9, 15], [22, 18, 1, 17], [12, 5, 13, 6], [4, 20, 5, 19], [18, 11, 19, 12], [10, 21, 11, 22], [14, 2, 15, 1]]"
11a_289_170,"[[14, 2, 15, 1], [20, 4, 21, 3], [6, 13, 7, 14], [2, 7, 3, 8], [16, 10, 17, 9], [8, 16, 9, 15], [22, 18, 1, 17], [12, 5, 13, 6], [4, 20, 5, 19], [18, 11, 19, 12], [10, 21, 11, 22]]"
11a_289_171,"[[10, 21, 11, 22], [14, 2, 15, 1], [20, 4, 21, 3], [6, 13, 7, 14], [2, 7, 3, 8], [16, 10, 17, 9], [8, 16, 9, 15], [22, 18, 1, 17], [12, 5, 13, 6], [4, 20, 5, 19], [18, 11, 19, 12]]"
11a_289_172,"[[18, 11, 19, 12], [10, 21, 11, 22], [14, 2, 15, 1], [20, 4, 21, 3], [6, 13, 7, 14], [2, 7, 3, 8], [16, 10, 17, 9], [8, 16, 9, 15], [22, 18, 1, 17], [12, 5, 13, 6], [4, 20, 5, 19]]"
11a_289_173,"[[4, 20, 5, 19], [18, 11, 19, 12], [10, 21, 11, 22], [14, 2, 15, 1], [20, 4, 21, 3], [6, 13, 7, 14], [2, 7, 3, 8], [16, 10, 17, 9], [8, 16, 9, 15], [22, 18, 1, 17], [12, 5, 13, 6]]"
11a_289_174,"[[12, 5, 13, 6], [4, 20, 5, 19], [18, 11, 19, 12], [10, 21, 11, 22], [14, 2, 15, 1], [20, 4, 21, 3], [6, 13, 7, 14], [2, 7, 3, 8], [16, 10, 17, 9], [8, 16, 9, 15], [22, 18, 1, 17]]"
11a_289_175,"[[22, 18, 1, 17], [12, 5, 13, 6], [4, 20, 5, 19], [18, 11, 19, 12], [10, 21, 11, 22], [14, 2, 15, 1], [20, 4, 21, 3], [6, 13, 7, 14], [2, 7, 3, 8], [16, 10, 17, 9], [8, 16, 9, 15]]"
11a_289_176,"[[9, 17, 10, 16], [1, 19, 2, 18], [13, 6, 14, 7], [5, 21, 6, 20], [19, 12, 20, 13], [11, 22, 12, 1], [15, 3, 16, 2], [21, 5, 22, 4], [7, 14, 8, 15], [3, 8, 4, 9], [17, 11, 18, 10]]"
11a_289_177,"[[17, 11, 18, 10], [9, 17, 10, 16], [1, 19, 2, 18], [13, 6, 14, 7], [5, 21, 6, 20], [19, 12, 20, 13], [11, 22, 12, 1], [15, 3, 16, 2], [21, 5, 22, 4], [7, 14, 8, 15], [3, 8, 4, 9]]"
11a_289_178,"[[3, 8, 4, 9], [17, 11, 18, 10], [9, 17, 10, 16], [1, 19, 2, 18], [13, 6, 14, 7], [5, 21, 6, 20], [19, 12, 20, 13], [11, 22, 12, 1], [15, 3, 16, 2], [21, 5, 22, 4], [7, 14, 8, 15]]"
11a_289_179,"[[7, 14, 8, 15], [3, 8, 4, 9], [17, 11, 18, 10], [9, 17, 10, 16], [1, 19, 2, 18], [13, 6, 14, 7], [5, 21, 6, 20], [19, 12, 20, 13], [11, 22, 12, 1], [15, 3, 16, 2], [21, 5, 22, 4]]"
11a_289_180,"[[21, 5, 22, 4], [7, 14, 8, 15], [3, 8, 4, 9], [17, 11, 18, 10], [9, 17, 10, 16], [1, 19, 2, 18], [13, 6, 14, 7], [5, 21, 6, 20], [19, 12, 20, 13], [11, 22, 12, 1], [15, 3, 16, 2]]"
11a_289_181,"[[15, 3, 16, 2], [21, 5, 22, 4], [7, 14, 8, 15], [3, 8, 4, 9], [17, 11, 18, 10], [9, 17, 10, 16], [1, 19, 2, 18], [13, 6, 14, 7], [5, 21, 6, 20], [19, 12, 20, 13], [11, 22, 12, 1]]"
11a_289_182,"[[11, 22, 12, 1], [15, 3, 16, 2], [21, 5, 22, 4], [7, 14, 8, 15], [3, 8, 4, 9], [17, 11, 18, 10], [9, 17, 10, 16], [1, 19, 2, 18], [13, 6, 14, 7], [5, 21, 6, 20], [19, 12, 20, 13]]"
11a_289_183,"[[19, 12, 20, 13], [11, 22, 12, 1], [15, 3, 16, 2], [21, 5, 22, 4], [7, 14, 8, 15], [3, 8, 4, 9], [17, 11, 18, 10], [9, 17, 10, 16], [1, 19, 2, 18], [13, 6, 14, 7], [5, 21, 6, 20]]"
11a_289_184,"[[5, 21, 6, 20], [19, 12, 20, 13], [11, 22, 12, 1], [15, 3, 16, 2], [21, 5, 22, 4], [7, 14, 8, 15], [3, 8, 4, 9], [17, 11, 18, 10], [9, 17, 10, 16], [1, 19, 2, 18], [13, 6, 14, 7]]"
11a_289_185,"[[13, 6, 14, 7], [5, 21, 6, 20], [19, 12, 20, 13], [11, 22, 12, 1], [15, 3, 16, 2], [21, 5, 22, 4], [7, 14, 8, 15], [3, 8, 4, 9], [17, 11, 18, 10], [9, 17, 10, 16], [1, 19, 2, 18]]"
11a_289_186,"[[1, 19, 2, 18], [13, 6, 14, 7], [5, 21, 6, 20], [19, 12, 20, 13], [11, 22, 12, 1], [15, 3, 16, 2], [21, 5, 22, 4], [7, 14, 8, 15], [3, 8, 4, 9], [17, 11, 18, 10], [9, 17, 10, 16]]"
11a_289_187,"[[10, 18, 11, 17], [2, 20, 3, 19], [14, 7, 15, 8], [6, 22, 7, 21], [20, 13, 21, 14], [12, 1, 13, 2], [16, 4, 17, 3], [22, 6, 1, 5], [8, 15, 9, 16], [4, 9, 5, 10], [18, 12, 19, 11]]"
11a_289_188,"[[18, 12, 19, 11], [10, 18, 11, 17], [2, 20, 3, 19], [14, 7, 15, 8], [6, 22, 7, 21], [20, 13, 21, 14], [12, 1, 13, 2], [16, 4, 17, 3], [22, 6, 1, 5], [8, 15, 9, 16], [4, 9, 5, 10]]"
11a_289_189,"[[4, 9, 5, 10], [18, 12, 19, 11], [10, 18, 11, 17], [2, 20, 3, 19], [14, 7, 15, 8], [6, 22, 7, 21], [20, 13, 21, 14], [12, 1, 13, 2], [16, 4, 17, 3], [22, 6, 1, 5], [8, 15, 9, 16]]"
11a_289_190,"[[8, 15, 9, 16], [4, 9, 5, 10], [18, 12, 19, 11], [10, 18, 11, 17], [2, 20, 3, 19], [14, 7, 15, 8], [6, 22, 7, 21], [20, 13, 21, 14], [12, 1, 13, 2], [16, 4, 17, 3], [22, 6, 1, 5]]"
11a_289_191,"[[22, 6, 1, 5], [8, 15, 9, 16], [4, 9, 5, 10], [18, 12, 19, 11], [10, 18, 11, 17], [2, 20, 3, 19], [14, 7, 15, 8], [6, 22, 7, 21], [20, 13, 21, 14], [12, 1, 13, 2], [16, 4, 17, 3]]"
11a_289_192,"[[16, 4, 17, 3], [22, 6, 1, 5], [8, 15, 9, 16], [4, 9, 5, 10], [18, 12, 19, 11], [10, 18, 11, 17], [2, 20, 3, 19], [14, 7, 15, 8], [6, 22, 7, 21], [20, 13, 21, 14], [12, 1, 13, 2]]"
11a_289_193,"[[12, 1, 13, 2], [16, 4, 17, 3], [22, 6, 1, 5], [8, 15, 9, 16], [4, 9, 5, 10], [18, 12, 19, 11], [10, 18, 11, 17], [2, 20, 3, 19], [14, 7, 15, 8], [6, 22, 7, 21], [20, 13, 21, 14]]"
11a_289_194,"[[20, 13, 21, 14], [12, 1, 13, 2], [16, 4, 17, 3], [22, 6, 1, 5], [8, 15, 9, 16], [4, 9, 5, 10], [18, 12, 19, 11], [10, 18, 11, 17], [2, 20, 3, 19], [14, 7, 15, 8], [6, 22, 7, 21]]"
11a_289_195,"[[6, 22, 7, 21], [20, 13, 21, 14], [12, 1, 13, 2], [16, 4, 17, 3], [22, 6, 1, 5], [8, 15, 9, 16], [4, 9, 5, 10], [18, 12, 19, 11], [10, 18, 11, 17], [2, 20, 3, 19], [14, 7, 15, 8]]"
11a_289_196,"[[14, 7, 15, 8], [6, 22, 7, 21], [20, 13, 21, 14], [12, 1, 13, 2], [16, 4, 17, 3], [22, 6, 1, 5], [8, 15, 9, 16], [4, 9, 5, 10], [18, 12, 19, 11], [10, 18, 11, 17], [2, 20, 3, 19]]"
11a_289_197,"[[2, 20, 3, 19], [14, 7, 15, 8], [6, 22, 7, 21], [20, 13, 21, 14], [12, 1, 13, 2], [16, 4, 17, 3], [22, 6, 1, 5], [8, 15, 9, 16], [4, 9, 5, 10], [18, 12, 19, 11], [10, 18, 11, 17]]"
11a_289_198,"[[11, 19, 12, 18], [3, 21, 4, 20], [15, 8, 16, 9], [7, 1, 8, 22], [21, 14, 22, 15], [13, 2, 14, 3], [17, 5, 18, 4], [1, 7, 2, 6], [9, 16, 10, 17], [5, 10, 6, 11], [19, 13, 20, 12]]"
11a_289_199,"[[19, 13, 20, 12], [11, 19, 12, 18], [3, 21, 4, 20], [15, 8, 16, 9], [7, 1, 8, 22], [21, 14, 22, 15], [13, 2, 14, 3], [17, 5, 18, 4], [1, 7, 2, 6], [9, 16, 10, 17], [5, 10, 6, 11]]"
11a_289_200,"[[5, 10, 6, 11], [19, 13, 20, 12], [11, 19, 12, 18], [3, 21, 4, 20], [15, 8, 16, 9], [7, 1, 8, 22], [21, 14, 22, 15], [13, 2, 14, 3], [17, 5, 18, 4], [1, 7, 2, 6], [9, 16, 10, 17]]"
11a_289_201,"[[9, 16, 10, 17], [5, 10, 6, 11], [19, 13, 20, 12], [11, 19, 12, 18], [3, 21, 4, 20], [15, 8, 16, 9], [7, 1, 8, 22], [21, 14, 22, 15], [13, 2, 14, 3], [17, 5, 18, 4], [1, 7, 2, 6]]"
11a_289_202,"[[1, 7, 2, 6], [9, 16, 10, 17], [5, 10, 6, 11], [19, 13, 20, 12], [11, 19, 12, 18], [3, 21, 4, 20], [15, 8, 16, 9], [7, 1, 8, 22], [21, 14, 22, 15], [13, 2, 14, 3], [17, 5, 18, 4]]"
11a_289_203,"[[17, 5, 18, 4], [1, 7, 2, 6], [9, 16, 10, 17], [5, 10, 6, 11], [19, 13, 20, 12], [11, 19, 12, 18], [3, 21, 4, 20], [15, 8, 16, 9], [7, 1, 8, 22], [21, 14, 22, 15], [13, 2, 14, 3]]"
