name,pd_notation
11a_202_0,"[[11, 22, 12, 1], [5, 3, 6, 2], [15, 11, 16, 10], [13, 4, 14, 5], [3, 14, 4, 15], [17, 7, 18, 6], [19, 9, 20, 8], [7, 19, 8, 18], [9, 17, 10, 16], [1, 21, 2, 20], [21, 12, 22, 13]]"
11a_202_1,"[[21, 12, 22, 13], [11, 22, 12, 1], [5, 3, 6, 2], [15, 11, 16, 10], [13, 4, 14, 5], [3, 14, 4, 15], [17, 7, 18, 6], [19, 9, 20, 8], [7, 19, 8, 18], [9, 17, 10, 16], [1, 21, 2, 20]]"
11a_202_2,"[[1, 21, 2, 20], [21, 12, 22, 13], [11, 22, 12, 1], [5, 3, 6, 2], [15, 11, 16, 10], [13, 4, 14, 5], [3, 14, 4, 15], [17, 7, 18, 6], [19, 9, 20, 8], [7, 19, 8, 18], [9, 17, 10, 16]]"
11a_202_3,"[[9, 17, 10, 16], [1, 21, 2, 20], [21, 12, 22, 13], [11, 22, 12, 1], [5, 3, 6, 2], [15, 11, 16, 10], [13, 4, 14, 5], [3, 14, 4, 15], [17, 7, 18, 6], [19, 9, 20, 8], [7, 19, 8, 18]]"
11a_202_4,"[[7, 19, 8, 18], [9, 17, 10, 16], [1, 21, 2, 20], [21, 12, 22, 13], [11, 22, 12, 1], [5, 3, 6, 2], [15, 11, 16, 10], [13, 4, 14, 5], [3, 14, 4, 15], [17, 7, 18, 6], [19, 9, 20, 8]]"
11a_202_5,"[[19, 9, 20, 8], [7, 19, 8, 18], [9, 17, 10, 16], [1, 21, 2, 20], [21, 12, 22, 13], [11, 22, 12, 1], [5, 3, 6, 2], [15, 11, 16, 10], [13, 4, 14, 5], [3, 14, 4, 15], [17, 7, 18, 6]]"
11a_202_6,"[[17, 7, 18, 6], [19, 9, 20, 8], [7, 19, 8, 18], [9, 17, 10, 16], [1, 21, 2, 20], [21, 12, 22, 13], [11, 22, 12, 1], [5, 3, 6, 2], [15, 11, 16, 10], [13, 4, 14, 5], [3, 14, 4, 15]]"
11a_202_7,"[[3, 14, 4, 15], [17, 7, 18, 6], [19, 9, 20, 8], [7, 19, 8, 18], [9, 17, 10, 16], [1, 21, 2, 20], [21, 12, 22, 13], [11, 22, 12, 1], [5, 3, 6, 2], [15, 11, 16, 10], [13, 4, 14, 5]]"
11a_202_8,"[[13, 4, 14, 5], [3, 14, 4, 15], [17, 7, 18, 6], [19, 9, 20, 8], [7, 19, 8, 18], [9, 17, 10, 16], [1, 21, 2, 20], [21, 12, 22, 13], [11, 22, 12, 1], [5, 3, 6, 2], [15, 11, 16, 10]]"
11a_202_9,"[[15, 11, 16, 10], [13, 4, 14, 5], [3, 14, 4, 15], [17, 7, 18, 6], [19, 9, 20, 8], [7, 19, 8, 18], [9, 17, 10, 16], [1, 21, 2, 20], [21, 12, 22, 13], [11, 22, 12, 1], [5, 3, 6, 2]]"
11a_202_10,"[[5, 3, 6, 2], [15, 11, 16, 10], [13, 4, 14, 5], [3, 14, 4, 15], [17, 7, 18, 6], [19, 9, 20, 8], [7, 19, 8, 18], [9, 17, 10, 16], [1, 21, 2, 20], [21, 12, 22, 13], [11, 22, 12, 1]]"
11a_202_11,"[[12, 1, 13, 2], [6, 4, 7, 3], [16, 12, 17, 11], [14, 5, 15, 6], [4, 15, 5, 16], [18, 8, 19, 7], [20, 10, 21, 9], [8, 20, 9, 19], [10, 18, 11, 17], [2, 22, 3, 21], [22, 13, 1, 14]]"
11a_202_12,"[[22, 13, 1, 14], [12, 1, 13, 2], [6, 4, 7, 3], [16, 12, 17, 11], [14, 5, 15, 6], [4, 15, 5, 16], [18, 8, 19, 7], [20, 10, 21, 9], [8, 20, 9, 19], [10, 18, 11, 17], [2, 22, 3, 21]]"
11a_202_13,"[[2, 22, 3, 21], [22, 13, 1, 14], [12, 1, 13, 2], [6, 4, 7, 3], [16, 12, 17, 11], [14, 5, 15, 6], [4, 15, 5, 16], [18, 8, 19, 7], [20, 10, 21, 9], [8, 20, 9, 19], [10, 18, 11, 17]]"
11a_202_14,"[[10, 18, 11, 17], [2, 22, 3, 21], [22, 13, 1, 14], [12, 1, 13, 2], [6, 4, 7, 3], [16, 12, 17, 11], [14, 5, 15, 6], [4, 15, 5, 16], [18, 8, 19, 7], [20, 10, 21, 9], [8, 20, 9, 19]]"
11a_202_15,"[[8, 20, 9, 19], [10, 18, 11, 17], [2, 22, 3, 21], [22, 13, 1, 14], [12, 1, 13, 2], [6, 4, 7, 3], [16, 12, 17, 11], [14, 5, 15, 6], [4, 15, 5, 16], [18, 8, 19, 7], [20, 10, 21, 9]]"
11a_202_16,"[[20, 10, 21, 9], [8, 20, 9, 19], [10, 18, 11, 17], [2, 22, 3, 21], [22, 13, 1, 14], [12, 1, 13, 2], [6, 4, 7, 3], [16, 12, 17, 11], [14, 5, 15, 6], [4, 15, 5, 16], [18, 8, 19, 7]]"
11a_202_17,"[[18, 8, 19, 7], [20, 10, 21, 9], [8, 20, 9, 19], [10, 18, 11, 17], [2, 22, 3, 21], [22, 13, 1, 14], [12, 1, 13, 2], [6, 4, 7, 3], [16, 12, 17, 11], [14, 5, 15, 6], [4, 15, 5, 16]]"
11a_202_18,"[[4, 15, 5, 16], [18, 8, 19, 7], [20, 10, 21, 9], [8, 20, 9, 19], [10, 18, 11, 17], [2, 22, 3, 21], [22, 13, 1, 14], [12, 1, 13, 2], [6, 4, 7, 3], [16, 12, 17, 11], [14, 5, 15, 6]]"
11a_202_19,"[[14, 5, 15, 6], [4, 15, 5, 16], [18, 8, 19, 7], [20, 10, 21, 9], [8, 20, 9, 19], [10, 18, 11, 17], [2, 22, 3, 21], [22, 13, 1, 14], [12, 1, 13, 2], [6, 4, 7, 3], [16, 12, 17, 11]]"
11a_202_20,"[[16, 12, 17, 11], [14, 5, 15, 6], [4, 15, 5, 16], [18, 8, 19, 7], [20, 10, 21, 9], [8, 20, 9, 19], [10, 18, 11, 17], [2, 22, 3, 21], [22, 13, 1, 14], [12, 1, 13, 2], [6, 4, 7, 3]]"
11a_202_21,"[[6, 4, 7, 3], [16, 12, 17, 11], [14, 5, 15, 6], [4, 15, 5, 16], [18, 8, 19, 7], [20, 10, 21, 9], [8, 20, 9, 19], [10, 18, 11, 17], [2, 22, 3, 21], [22, 13, 1, 14], [12, 1, 13, 2]]"
11a_202_22,"[[13, 2, 14, 3], [7, 5, 8, 4], [17, 13, 18, 12], [15, 6, 16, 7], [5, 16, 6, 17], [19, 9, 20, 8], [21, 11, 22, 10], [9, 21, 10, 20], [11, 19, 12, 18], [3, 1, 4, 22], [1, 14, 2, 15]]"
11a_202_23,"[[1, 14, 2, 15], [13, 2, 14, 3], [7, 5, 8, 4], [17, 13, 18, 12], [15, 6, 16, 7], [5, 16, 6, 17], [19, 9, 20, 8], [21, 11, 22, 10], [9, 21, 10, 20], [11, 19, 12, 18], [3, 1, 4, 22]]"
11a_202_24,"[[3, 1, 4, 22], [1, 14, 2, 15], [13, 2, 14, 3], [7, 5, 8, 4], [17, 13, 18, 12], [15, 6, 16, 7], [5, 16, 6, 17], [19, 9, 20, 8], [21, 11, 22, 10], [9, 21, 10, 20], [11, 19, 12, 18]]"
11a_202_25,"[[11, 19, 12, 18], [3, 1, 4, 22], [1, 14, 2, 15], [13, 2, 14, 3], [7, 5, 8, 4], [17, 13, 18, 12], [15, 6, 16, 7], [5, 16, 6, 17], [19, 9, 20, 8], [21, 11, 22, 10], [9, 21, 10, 20]]"
11a_202_26,"[[9, 21, 10, 20], [11, 19, 12, 18], [3, 1, 4, 22], [1, 14, 2, 15], [13, 2, 14, 3], [7, 5, 8, 4], [17, 13, 18, 12], [15, 6, 16, 7], [5, 16, 6, 17], [19, 9, 20, 8], [21, 11, 22, 10]]"
11a_202_27,"[[21, 11, 22, 10], [9, 21, 10, 20], [11, 19, 12, 18], [3, 1, 4, 22], [1, 14, 2, 15], [13, 2, 14, 3], [7, 5, 8, 4], [17, 13, 18, 12], [15, 6, 16, 7], [5, 16, 6, 17], [19, 9, 20, 8]]"
11a_202_28,"[[19, 9, 20, 8], [21, 11, 22, 10], [9, 21, 10, 20], [11, 19, 12, 18], [3, 1, 4, 22], [1, 14, 2, 15], [13, 2, 14, 3], [7, 5, 8, 4], [17, 13, 18, 12], [15, 6, 16, 7], [5, 16, 6, 17]]"
11a_202_29,"[[5, 16, 6, 17], [19, 9, 20, 8], [21, 11, 22, 10], [9, 21, 10, 20], [11, 19, 12, 18], [3, 1, 4, 22], [1, 14, 2, 15], [13, 2, 14, 3], [7, 5, 8, 4], [17, 13, 18, 12], [15, 6, 16, 7]]"
11a_202_30,"[[15, 6, 16, 7], [5, 16, 6, 17], [19, 9, 20, 8], [21, 11, 22, 10], [9, 21, 10, 20], [11, 19, 12, 18], [3, 1, 4, 22], [1, 14, 2, 15], [13, 2, 14, 3], [7, 5, 8, 4], [17, 13, 18, 12]]"
11a_202_31,"[[17, 13, 18, 12], [15, 6, 16, 7], [5, 16, 6, 17], [19, 9, 20, 8], [21, 11, 22, 10], [9, 21, 10, 20], [11, 19, 12, 18], [3, 1, 4, 22], [1, 14, 2, 15], [13, 2, 14, 3], [7, 5, 8, 4]]"
11a_202_32,"[[7, 5, 8, 4], [17, 13, 18, 12], [15, 6, 16, 7], [5, 16, 6, 17], [19, 9, 20, 8], [21, 11, 22, 10], [9, 21, 10, 20], [11, 19, 12, 18], [3, 1, 4, 22], [1, 14, 2, 15], [13, 2, 14, 3]]"
11a_202_33,"[[14, 3, 15, 4], [8, 6, 9, 5], [18, 14, 19, 13], [16, 7, 17, 8], [6, 17, 7, 18], [20, 10, 21, 9], [22, 12, 1, 11], [10, 22, 11, 21], [12, 20, 13, 19], [4, 2, 5, 1], [2, 15, 3, 16]]"
11a_202_34,"[[2, 15, 3, 16], [14, 3, 15, 4], [8, 6, 9, 5], [18, 14, 19, 13], [16, 7, 17, 8], [6, 17, 7, 18], [20, 10, 21, 9], [22, 12, 1, 11], [10, 22, 11, 21], [12, 20, 13, 19], [4, 2, 5, 1]]"
11a_202_35,"[[4, 2, 5, 1], [2, 15, 3, 16], [14, 3, 15, 4], [8, 6, 9, 5], [18, 14, 19, 13], [16, 7, 17, 8], [6, 17, 7, 18], [20, 10, 21, 9], [22, 12, 1, 11], [10, 22, 11, 21], [12, 20, 13, 19]]"
11a_202_36,"[[12, 20, 13, 19], [4, 2, 5, 1], [2, 15, 3, 16], [14, 3, 15, 4], [8, 6, 9, 5], [18, 14, 19, 13], [16, 7, 17, 8], [6, 17, 7, 18], [20, 10, 21, 9], [22, 12, 1, 11], [10, 22, 11, 21]]"
11a_202_37,"[[10, 22, 11, 21], [12, 20, 13, 19], [4, 2, 5, 1], [2, 15, 3, 16], [14, 3, 15, 4], [8, 6, 9, 5], [18, 14, 19, 13], [16, 7, 17, 8], [6, 17, 7, 18], [20, 10, 21, 9], [22, 12, 1, 11]]"
11a_202_38,"[[22, 12, 1, 11], [10, 22, 11, 21], [12, 20, 13, 19], [4, 2, 5, 1], [2, 15, 3, 16], [14, 3, 15, 4], [8, 6, 9, 5], [18, 14, 19, 13], [16, 7, 17, 8], [6, 17, 7, 18], [20, 10, 21, 9]]"
11a_202_39,"[[20, 10, 21, 9], [22, 12, 1, 11], [10, 22, 11, 21], [12, 20, 13, 19], [4, 2, 5, 1], [2, 15, 3, 16], [14, 3, 15, 4], [8, 6, 9, 5], [18, 14, 19, 13], [16, 7, 17, 8], [6, 17, 7, 18]]"
11a_202_40,"[[6, 17, 7, 18], [20, 10, 21, 9], [22, 12, 1, 11], [10, 22, 11, 21], [12, 20, 13, 19], [4, 2, 5, 1], [2, 15, 3, 16], [14, 3, 15, 4], [8, 6, 9, 5], [18, 14, 19, 13], [16, 7, 17, 8]]"
11a_202_41,"[[16, 7, 17, 8], [6, 17, 7, 18], [20, 10, 21, 9], [22, 12, 1, 11], [10, 22, 11, 21], [12, 20, 13, 19], [4, 2, 5, 1], [2, 15, 3, 16], [14, 3, 15, 4], [8, 6, 9, 5], [18, 14, 19, 13]]"
11a_202_42,"[[18, 14, 19, 13], [16, 7, 17, 8], [6, 17, 7, 18], [20, 10, 21, 9], [22, 12, 1, 11], [10, 22, 11, 21], [12, 20, 13, 19], [4, 2, 5, 1], [2, 15, 3, 16], [14, 3, 15, 4], [8, 6, 9, 5]]"
11a_202_43,"[[8, 6, 9, 5], [18, 14, 19, 13], [16, 7, 17, 8], [6, 17, 7, 18], [20, 10, 21, 9], [22, 12, 1, 11], [10, 22, 11, 21], [12, 20, 13, 19], [4, 2, 5, 1], [2, 15, 3, 16], [14, 3, 15, 4]]"
11a_202_44,"[[15, 4, 16, 5], [9, 7, 10, 6], [19, 15, 20, 14], [17, 8, 18, 9], [7, 18, 8, 19], [21, 11, 22, 10], [1, 13, 2, 12], [11, 1, 12, 22], [13, 21, 14, 20], [5, 3, 6, 2], [3, 16, 4, 17]]"
11a_202_45,"[[3, 16, 4, 17], [15, 4, 16, 5], [9, 7, 10, 6], [19, 15, 20, 14], [17, 8, 18, 9], [7, 18, 8, 19], [21, 11, 22, 10], [1, 13, 2, 12], [11, 1, 12, 22], [13, 21, 14, 20], [5, 3, 6, 2]]"
11a_202_46,"[[5, 3, 6, 2], [3, 16, 4, 17], [15, 4, 16, 5], [9, 7, 10, 6], [19, 15, 20, 14], [17, 8, 18, 9], [7, 18, 8, 19], [21, 11, 22, 10], [1, 13, 2, 12], [11, 1, 12, 22], [13, 21, 14, 20]]"
11a_202_47,"[[13, 21, 14, 20], [5, 3, 6, 2], [3, 16, 4, 17], [15, 4, 16, 5], [9, 7, 10, 6], [19, 15, 20, 14], [17, 8, 18, 9], [7, 18, 8, 19], [21, 11, 22, 10], [1, 13, 2, 12], [11, 1, 12, 22]]"
11a_202_48,"[[11, 1, 12, 22], [13, 21, 14, 20], [5, 3, 6, 2], [3, 16, 4, 17], [15, 4, 16, 5], [9, 7, 10, 6], [19, 15, 20, 14], [17, 8, 18, 9], [7, 18, 8, 19], [21, 11, 22, 10], [1, 13, 2, 12]]"
11a_202_49,"[[1, 13, 2, 12], [11, 1, 12, 22], [13, 21, 14, 20], [5, 3, 6, 2], [3, 16, 4, 17], [15, 4, 16, 5], [9, 7, 10, 6], [19, 15, 20, 14], [17, 8, 18, 9], [7, 18, 8, 19], [21, 11, 22, 10]]"
11a_202_50,"[[21, 11, 22, 10], [1, 13, 2, 12], [11, 1, 12, 22], [13, 21, 14, 20], [5, 3, 6, 2], [3, 16, 4, 17], [15, 4, 16, 5], [9, 7, 10, 6], [19, 15, 20, 14], [17, 8, 18, 9], [7, 18, 8, 19]]"
11a_202_51,"[[7, 18, 8, 19], [21, 11, 22, 10], [1, 13, 2, 12], [11, 1, 12, 22], [13, 21, 14, 20], [5, 3, 6, 2], [3, 16, 4, 17], [15, 4, 16, 5], [9, 7, 10, 6], [19, 15, 20, 14], [17, 8, 18, 9]]"
11a_202_52,"[[17, 8, 18, 9], [7, 18, 8, 19], [21, 11, 22, 10], [1, 13, 2, 12], [11, 1, 12, 22], [13, 21, 14, 20], [5, 3, 6, 2], [3, 16, 4, 17], [15, 4, 16, 5], [9, 7, 10, 6], [19, 15, 20, 14]]"
11a_202_53,"[[19, 15, 20, 14], [17, 8, 18, 9], [7, 18, 8, 19], [21, 11, 22, 10], [1, 13, 2, 12], [11, 1, 12, 22], [13, 21, 14, 20], [5, 3, 6, 2], [3, 16, 4, 17], [15, 4, 16, 5], [9, 7, 10, 6]]"
11a_202_54,"[[9, 7, 10, 6], [19, 15, 20, 14], [17, 8, 18, 9], [7, 18, 8, 19], [21, 11, 22, 10], [1, 13, 2, 12], [11, 1, 12, 22], [13, 21, 14, 20], [5, 3, 6, 2], [3, 16, 4, 17], [15, 4, 16, 5]]"
11a_202_55,"[[16, 5, 17, 6], [10, 8, 11, 7], [20, 16, 21, 15], [18, 9, 19, 10], [8, 19, 9, 20], [22, 12, 1, 11], [2, 14, 3, 13], [12, 2, 13, 1], [14, 22, 15, 21], [6, 4, 7, 3], [4, 17, 5, 18]]"
11a_202_56,"[[4, 17, 5, 18], [16, 5, 17, 6], [10, 8, 11, 7], [20, 16, 21, 15], [18, 9, 19, 10], [8, 19, 9, 20], [22, 12, 1, 11], [2, 14, 3, 13], [12, 2, 13, 1], [14, 22, 15, 21], [6, 4, 7, 3]]"
11a_202_57,"[[6, 4, 7, 3], [4, 17, 5, 18], [16, 5, 17, 6], [10, 8, 11, 7], [20, 16, 21, 15], [18, 9, 19, 10], [8, 19, 9, 20], [22, 12, 1, 11], [2, 14, 3, 13], [12, 2, 13, 1], [14, 22, 15, 21]]"
11a_202_58,"[[14, 22, 15, 21], [6, 4, 7, 3], [4, 17, 5, 18], [16, 5, 17, 6], [10, 8, 11, 7], [20, 16, 21, 15], [18, 9, 19, 10], [8, 19, 9, 20], [22, 12, 1, 11], [2, 14, 3, 13], [12, 2, 13, 1]]"
11a_202_59,"[[12, 2, 13, 1], [14, 22, 15, 21], [6, 4, 7, 3], [4, 17, 5, 18], [16, 5, 17, 6], [10, 8, 11, 7], [20, 16, 21, 15], [18, 9, 19, 10], [8, 19, 9, 20], [22, 12, 1, 11], [2, 14, 3, 13]]"
11a_202_60,"[[2, 14, 3, 13], [12, 2, 13, 1], [14, 22, 15, 21], [6, 4, 7, 3], [4, 17, 5, 18], [16, 5, 17, 6], [10, 8, 11, 7], [20, 16, 21, 15], [18, 9, 19, 10], [8, 19, 9, 20], [22, 12, 1, 11]]"
11a_202_61,"[[22, 12, 1, 11], [2, 14, 3, 13], [12, 2, 13, 1], [14, 22, 15, 21], [6, 4, 7, 3], [4, 17, 5, 18], [16, 5, 17, 6], [10, 8, 11, 7], [20, 16, 21, 15], [18, 9, 19, 10], [8, 19, 9, 20]]"
11a_202_62,"[[8, 19, 9, 20], [22, 12, 1, 11], [2, 14, 3, 13], [12, 2, 13, 1], [14, 22, 15, 21], [6, 4, 7, 3], [4, 17, 5, 18], [16, 5, 17, 6], [10, 8, 11, 7], [20, 16, 21, 15], [18, 9, 19, 10]]"
11a_202_63,"[[18, 9, 19, 10], [8, 19, 9, 20], [22, 12, 1, 11], [2, 14, 3, 13], [12, 2, 13, 1], [14, 22, 15, 21], [6, 4, 7, 3], [4, 17, 5, 18], [16, 5, 17, 6], [10, 8, 11, 7], [20, 16, 21, 15]]"
11a_202_64,"[[20, 16, 21, 15], [18, 9, 19, 10], [8, 19, 9, 20], [22, 12, 1, 11], [2, 14, 3, 13], [12, 2, 13, 1], [14, 22, 15, 21], [6, 4, 7, 3], [4, 17, 5, 18], [16, 5, 17, 6], [10, 8, 11, 7]]"
11a_202_65,"[[10, 8, 11, 7], [20, 16, 21, 15], [18, 9, 19, 10], [8, 19, 9, 20], [22, 12, 1, 11], [2, 14, 3, 13], [12, 2, 13, 1], [14, 22, 15, 21], [6, 4, 7, 3], [4, 17, 5, 18], [16, 5, 17, 6]]"
11a_202_66,"[[17, 6, 18, 7], [11, 9, 12, 8], [21, 17, 22, 16], [19, 10, 20, 11], [9, 20, 10, 21], [1, 13, 2, 12], [3, 15, 4, 14], [13, 3, 14, 2], [15, 1, 16, 22], [7, 5, 8, 4], [5, 18, 6, 19]]"
11a_202_67,"[[5, 18, 6, 19], [17, 6, 18, 7], [11, 9, 12, 8], [21, 17, 22, 16], [19, 10, 20, 11], [9, 20, 10, 21], [1, 13, 2, 12], [3, 15, 4, 14], [13, 3, 14, 2], [15, 1, 16, 22], [7, 5, 8, 4]]"
11a_202_68,"[[7, 5, 8, 4], [5, 18, 6, 19], [17, 6, 18, 7], [11, 9, 12, 8], [21, 17, 22, 16], [19, 10, 20, 11], [9, 20, 10, 21], [1, 13, 2, 12], [3, 15, 4, 14], [13, 3, 14, 2], [15, 1, 16, 22]]"
11a_202_69,"[[15, 1, 16, 22], [7, 5, 8, 4], [5, 18, 6, 19], [17, 6, 18, 7], [11, 9, 12, 8], [21, 17, 22, 16], [19, 10, 20, 11], [9, 20, 10, 21], [1, 13, 2, 12], [3, 15, 4, 14], [13, 3, 14, 2]]"
11a_202_70,"[[13, 3, 14, 2], [15, 1, 16, 22], [7, 5, 8, 4], [5, 18, 6, 19], [17, 6, 18, 7], [11, 9, 12, 8], [21, 17, 22, 16], [19, 10, 20, 11], [9, 20, 10, 21], [1, 13, 2, 12], [3, 15, 4, 14]]"
11a_202_71,"[[3, 15, 4, 14], [13, 3, 14, 2], [15, 1, 16, 22], [7, 5, 8, 4], [5, 18, 6, 19], [17, 6, 18, 7], [11, 9, 12, 8], [21, 17, 22, 16], [19, 10, 20, 11], [9, 20, 10, 21], [1, 13, 2, 12]]"
11a_202_72,"[[1, 13, 2, 12], [3, 15, 4, 14], [13, 3, 14, 2], [15, 1, 16, 22], [7, 5, 8, 4], [5, 18, 6, 19], [17, 6, 18, 7], [11, 9, 12, 8], [21, 17, 22, 16], [19, 10, 20, 11], [9, 20, 10, 21]]"
11a_202_73,"[[9, 20, 10, 21], [1, 13, 2, 12], [3, 15, 4, 14], [13, 3, 14, 2], [15, 1, 16, 22], [7, 5, 8, 4], [5, 18, 6, 19], [17, 6, 18, 7], [11, 9, 12, 8], [21, 17, 22, 16], [19, 10, 20, 11]]"
11a_202_74,"[[19, 10, 20, 11], [9, 20, 10, 21], [1, 13, 2, 12], [3, 15, 4, 14], [13, 3, 14, 2], [15, 1, 16, 22], [7, 5, 8, 4], [5, 18, 6, 19], [17, 6, 18, 7], [11, 9, 12, 8], [21, 17, 22, 16]]"
11a_202_75,"[[21, 17, 22, 16], [19, 10, 20, 11], [9, 20, 10, 21], [1, 13, 2, 12], [3, 15, 4, 14], [13, 3, 14, 2], [15, 1, 16, 22], [7, 5, 8, 4], [5, 18, 6, 19], [17, 6, 18, 7], [11, 9, 12, 8]]"
11a_202_76,"[[11, 9, 12, 8], [21, 17, 22, 16], [19, 10, 20, 11], [9, 20, 10, 21], [1, 13, 2, 12], [3, 15, 4, 14], [13, 3, 14, 2], [15, 1, 16, 22], [7, 5, 8, 4], [5, 18, 6, 19], [17, 6, 18, 7]]"
11a_202_77,"[[18, 7, 19, 8], [12, 10, 13, 9], [22, 18, 1, 17], [20, 11, 21, 12], [10, 21, 11, 22], [2, 14, 3, 13], [4, 16, 5, 15], [14, 4, 15, 3], [16, 2, 17, 1], [8, 6, 9, 5], [6, 19, 7, 20]]"
11a_202_78,"[[6, 19, 7, 20], [18, 7, 19, 8], [12, 10, 13, 9], [22, 18, 1, 17], [20, 11, 21, 12], [10, 21, 11, 22], [2, 14, 3, 13], [4, 16, 5, 15], [14, 4, 15, 3], [16, 2, 17, 1], [8, 6, 9, 5]]"
11a_202_79,"[[8, 6, 9, 5], [6, 19, 7, 20], [18, 7, 19, 8], [12, 10, 13, 9], [22, 18, 1, 17], [20, 11, 21, 12], [10, 21, 11, 22], [2, 14, 3, 13], [4, 16, 5, 15], [14, 4, 15, 3], [16, 2, 17, 1]]"
11a_202_80,"[[16, 2, 17, 1], [8, 6, 9, 5], [6, 19, 7, 20], [18, 7, 19, 8], [12, 10, 13, 9], [22, 18, 1, 17], [20, 11, 21, 12], [10, 21, 11, 22], [2, 14, 3, 13], [4, 16, 5, 15], [14, 4, 15, 3]]"
11a_202_81,"[[14, 4, 15, 3], [16, 2, 17, 1], [8, 6, 9, 5], [6, 19, 7, 20], [18, 7, 19, 8], [12, 10, 13, 9], [22, 18, 1, 17], [20, 11, 21, 12], [10, 21, 11, 22], [2, 14, 3, 13], [4, 16, 5, 15]]"
11a_202_82,"[[4, 16, 5, 15], [14, 4, 15, 3], [16, 2, 17, 1], [8, 6, 9, 5], [6, 19, 7, 20], [18, 7, 19, 8], [12, 10, 13, 9], [22, 18, 1, 17], [20, 11, 21, 12], [10, 21, 11, 22], [2, 14, 3, 13]]"
11a_202_83,"[[2, 14, 3, 13], [4, 16, 5, 15], [14, 4, 15, 3], [16, 2, 17, 1], [8, 6, 9, 5], [6, 19, 7, 20], [18, 7, 19, 8], [12, 10, 13, 9], [22, 18, 1, 17], [20, 11, 21, 12], [10, 21, 11, 22]]"
11a_202_84,"[[10, 21, 11, 22], [2, 14, 3, 13], [4, 16, 5, 15], [14, 4, 15, 3], [16, 2, 17, 1], [8, 6, 9, 5], [6, 19, 7, 20], [18, 7, 19, 8], [12, 10, 13, 9], [22, 18, 1, 17], [20, 11, 21, 12]]"
11a_202_85,"[[20, 11, 21, 12], [10, 21, 11, 22], [2, 14, 3, 13], [4, 16, 5, 15], [14, 4, 15, 3], [16, 2, 17, 1], [8, 6, 9, 5], [6, 19, 7, 20], [18, 7, 19, 8], [12, 10, 13, 9], [22, 18, 1, 17]]"
11a_202_86,"[[22, 18, 1, 17], [20, 11, 21, 12], [10, 21, 11, 22], [2, 14, 3, 13], [4, 16, 5, 15], [14, 4, 15, 3], [16, 2, 17, 1], [8, 6, 9, 5], [6, 19, 7, 20], [18, 7, 19, 8], [12, 10, 13, 9]]"
11a_202_87,"[[12, 10, 13, 9], [22, 18, 1, 17], [20, 11, 21, 12], [10, 21, 11, 22], [2, 14, 3, 13], [4, 16, 5, 15], [14, 4, 15, 3], [16, 2, 17, 1], [8, 6, 9, 5], [6, 19, 7, 20], [18, 7, 19, 8]]"
11a_202_88,"[[19, 8, 20, 9], [13, 11, 14, 10], [1, 19, 2, 18], [21, 12, 22, 13], [11, 22, 12, 1], [3, 15, 4, 14], [5, 17, 6, 16], [15, 5, 16, 4], [17, 3, 18, 2], [9, 7, 10, 6], [7, 20, 8, 21]]"
11a_202_89,"[[7, 20, 8, 21], [19, 8, 20, 9], [13, 11, 14, 10], [1, 19, 2, 18], [21, 12, 22, 13], [11, 22, 12, 1], [3, 15, 4, 14], [5, 17, 6, 16], [15, 5, 16, 4], [17, 3, 18, 2], [9, 7, 10, 6]]"
11a_202_90,"[[9, 7, 10, 6], [7, 20, 8, 21], [19, 8, 20, 9], [13, 11, 14, 10], [1, 19, 2, 18], [21, 12, 22, 13], [11, 22, 12, 1], [3, 15, 4, 14], [5, 17, 6, 16], [15, 5, 16, 4], [17, 3, 18, 2]]"
11a_202_91,"[[17, 3, 18, 2], [9, 7, 10, 6], [7, 20, 8, 21], [19, 8, 20, 9], [13, 11, 14, 10], [1, 19, 2, 18], [21, 12, 22, 13], [11, 22, 12, 1], [3, 15, 4, 14], [5, 17, 6, 16], [15, 5, 16, 4]]"
11a_202_92,"[[15, 5, 16, 4], [17, 3, 18, 2], [9, 7, 10, 6], [7, 20, 8, 21], [19, 8, 20, 9], [13, 11, 14, 10], [1, 19, 2, 18], [21, 12, 22, 13], [11, 22, 12, 1], [3, 15, 4, 14], [5, 17, 6, 16]]"
11a_202_93,"[[5, 17, 6, 16], [15, 5, 16, 4], [17, 3, 18, 2], [9, 7, 10, 6], [7, 20, 8, 21], [19, 8, 20, 9], [13, 11, 14, 10], [1, 19, 2, 18], [21, 12, 22, 13], [11, 22, 12, 1], [3, 15, 4, 14]]"
11a_202_94,"[[3, 15, 4, 14], [5, 17, 6, 16], [15, 5, 16, 4], [17, 3, 18, 2], [9, 7, 10, 6], [7, 20, 8, 21], [19, 8, 20, 9], [13, 11, 14, 10], [1, 19, 2, 18], [21, 12, 22, 13], [11, 22, 12, 1]]"
11a_202_95,"[[11, 22, 12, 1], [3, 15, 4, 14], [5, 17, 6, 16], [15, 5, 16, 4], [17, 3, 18, 2], [9, 7, 10, 6], [7, 20, 8, 21], [19, 8, 20, 9], [13, 11, 14, 10], [1, 19, 2, 18], [21, 12, 22, 13]]"
11a_202_96,"[[21, 12, 22, 13], [11, 22, 12, 1], [3, 15, 4, 14], [5, 17, 6, 16], [15, 5, 16, 4], [17, 3, 18, 2], [9, 7, 10, 6], [7, 20, 8, 21], [19, 8, 20, 9], [13, 11, 14, 10], [1, 19, 2, 18]]"
11a_202_97,"[[1, 19, 2, 18], [21, 12, 22, 13], [11, 22, 12, 1], [3, 15, 4, 14], [5, 17, 6, 16], [15, 5, 16, 4], [17, 3, 18, 2], [9, 7, 10, 6], [7, 20, 8, 21], [19, 8, 20, 9], [13, 11, 14, 10]]"
11a_202_98,"[[13, 11, 14, 10], [1, 19, 2, 18], [21, 12, 22, 13], [11, 22, 12, 1], [3, 15, 4, 14], [5, 17, 6, 16], [15, 5, 16, 4], [17, 3, 18, 2], [9, 7, 10, 6], [7, 20, 8, 21], [19, 8, 20, 9]]"
11a_202_99,"[[20, 9, 21, 10], [14, 12, 15, 11], [2, 20, 3, 19], [22, 13, 1, 14], [12, 1, 13, 2], [4, 16, 5, 15], [6, 18, 7, 17], [16, 6, 17, 5], [18, 4, 19, 3], [10, 8, 11, 7], [8, 21, 9, 22]]"
11a_202_100,"[[8, 21, 9, 22], [20, 9, 21, 10], [14, 12, 15, 11], [2, 20, 3, 19], [22, 13, 1, 14], [12, 1, 13, 2], [4, 16, 5, 15], [6, 18, 7, 17], [16, 6, 17, 5], [18, 4, 19, 3], [10, 8, 11, 7]]"
11a_202_101,"[[10, 8, 11, 7], [8, 21, 9, 22], [20, 9, 21, 10], [14, 12, 15, 11], [2, 20, 3, 19], [22, 13, 1, 14], [12, 1, 13, 2], [4, 16, 5, 15], [6, 18, 7, 17], [16, 6, 17, 5], [18, 4, 19, 3]]"
11a_202_102,"[[18, 4, 19, 3], [10, 8, 11, 7], [8, 21, 9, 22], [20, 9, 21, 10], [14, 12, 15, 11], [2, 20, 3, 19], [22, 13, 1, 14], [12, 1, 13, 2], [4, 16, 5, 15], [6, 18, 7, 17], [16, 6, 17, 5]]"
11a_202_103,"[[16, 6, 17, 5], [18, 4, 19, 3], [10, 8, 11, 7], [8, 21, 9, 22], [20, 9, 21, 10], [14, 12, 15, 11], [2, 20, 3, 19], [22, 13, 1, 14], [12, 1, 13, 2], [4, 16, 5, 15], [6, 18, 7, 17]]"
11a_202_104,"[[6, 18, 7, 17], [16, 6, 17, 5], [18, 4, 19, 3], [10, 8, 11, 7], [8, 21, 9, 22], [20, 9, 21, 10], [14, 12, 15, 11], [2, 20, 3, 19], [22, 13, 1, 14], [12, 1, 13, 2], [4, 16, 5, 15]]"
11a_202_105,"[[4, 16, 5, 15], [6, 18, 7, 17], [16, 6, 17, 5], [18, 4, 19, 3], [10, 8, 11, 7], [8, 21, 9, 22], [20, 9, 21, 10], [14, 12, 15, 11], [2, 20, 3, 19], [22, 13, 1, 14], [12, 1, 13, 2]]"
11a_202_106,"[[12, 1, 13, 2], [4, 16, 5, 15], [6, 18, 7, 17], [16, 6, 17, 5], [18, 4, 19, 3], [10, 8, 11, 7], [8, 21, 9, 22], [20, 9, 21, 10], [14, 12, 15, 11], [2, 20, 3, 19], [22, 13, 1, 14]]"
11a_202_107,"[[22, 13, 1, 14], [12, 1, 13, 2], [4, 16, 5, 15], [6, 18, 7, 17], [16, 6, 17, 5], [18, 4, 19, 3], [10, 8, 11, 7], [8, 21, 9, 22], [20, 9, 21, 10], [14, 12, 15, 11], [2, 20, 3, 19]]"
11a_202_108,"[[2, 20, 3, 19], [22, 13, 1, 14], [12, 1, 13, 2], [4, 16, 5, 15], [6, 18, 7, 17], [16, 6, 17, 5], [18, 4, 19, 3], [10, 8, 11, 7], [8, 21, 9, 22], [20, 9, 21, 10], [14, 12, 15, 11]]"
11a_202_109,"[[14, 12, 15, 11], [2, 20, 3, 19], [22, 13, 1, 14], [12, 1, 13, 2], [4, 16, 5, 15], [6, 18, 7, 17], [16, 6, 17, 5], [18, 4, 19, 3], [10, 8, 11, 7], [8, 21, 9, 22], [20, 9, 21, 10]]"
11a_202_110,"[[21, 10, 22, 11], [15, 13, 16, 12], [3, 21, 4, 20], [1, 14, 2, 15], [13, 2, 14, 3], [5, 17, 6, 16], [7, 19, 8, 18], [17, 7, 18, 6], [19, 5, 20, 4], [11, 9, 12, 8], [9, 22, 10, 1]]"
11a_202_111,"[[9, 22, 10, 1], [21, 10, 22, 11], [15, 13, 16, 12], [3, 21, 4, 20], [1, 14, 2, 15], [13, 2, 14, 3], [5, 17, 6, 16], [7, 19, 8, 18], [17, 7, 18, 6], [19, 5, 20, 4], [11, 9, 12, 8]]"
11a_202_112,"[[11, 9, 12, 8], [9, 22, 10, 1], [21, 10, 22, 11], [15, 13, 16, 12], [3, 21, 4, 20], [1, 14, 2, 15], [13, 2, 14, 3], [5, 17, 6, 16], [7, 19, 8, 18], [17, 7, 18, 6], [19, 5, 20, 4]]"
11a_202_113,"[[19, 5, 20, 4], [11, 9, 12, 8], [9, 22, 10, 1], [21, 10, 22, 11], [15, 13, 16, 12], [3, 21, 4, 20], [1, 14, 2, 15], [13, 2, 14, 3], [5, 17, 6, 16], [7, 19, 8, 18], [17, 7, 18, 6]]"
11a_202_114,"[[17, 7, 18, 6], [19, 5, 20, 4], [11, 9, 12, 8], [9, 22, 10, 1], [21, 10, 22, 11], [15, 13, 16, 12], [3, 21, 4, 20], [1, 14, 2, 15], [13, 2, 14, 3], [5, 17, 6, 16], [7, 19, 8, 18]]"
11a_202_115,"[[7, 19, 8, 18], [17, 7, 18, 6], [19, 5, 20, 4], [11, 9, 12, 8], [9, 22, 10, 1], [21, 10, 22, 11], [15, 13, 16, 12], [3, 21, 4, 20], [1, 14, 2, 15], [13, 2, 14, 3], [5, 17, 6, 16]]"
11a_202_116,"[[5, 17, 6, 16], [7, 19, 8, 18], [17, 7, 18, 6], [19, 5, 20, 4], [11, 9, 12, 8], [9, 22, 10, 1], [21, 10, 22, 11], [15, 13, 16, 12], [3, 21, 4, 20], [1, 14, 2, 15], [13, 2, 14, 3]]"
11a_202_117,"[[13, 2, 14, 3], [5, 17, 6, 16], [7, 19, 8, 18], [17, 7, 18, 6], [19, 5, 20, 4], [11, 9, 12, 8], [9, 22, 10, 1], [21, 10, 22, 11], [15, 13, 16, 12], [3, 21, 4, 20], [1, 14, 2, 15]]"
11a_202_118,"[[1, 14, 2, 15], [13, 2, 14, 3], [5, 17, 6, 16], [7, 19, 8, 18], [17, 7, 18, 6], [19, 5, 20, 4], [11, 9, 12, 8], [9, 22, 10, 1], [21, 10, 22, 11], [15, 13, 16, 12], [3, 21, 4, 20]]"
11a_202_119,"[[3, 21, 4, 20], [1, 14, 2, 15], [13, 2, 14, 3], [5, 17, 6, 16], [7, 19, 8, 18], [17, 7, 18, 6], [19, 5, 20, 4], [11, 9, 12, 8], [9, 22, 10, 1], [21, 10, 22, 11], [15, 13, 16, 12]]"
11a_202_120,"[[15, 13, 16, 12], [3, 21, 4, 20], [1, 14, 2, 15], [13, 2, 14, 3], [5, 17, 6, 16], [7, 19, 8, 18], [17, 7, 18, 6], [19, 5, 20, 4], [11, 9, 12, 8], [9, 22, 10, 1], [21, 10, 22, 11]]"
11a_202_121,"[[22, 11, 1, 12], [16, 14, 17, 13], [4, 22, 5, 21], [2, 15, 3, 16], [14, 3, 15, 4], [6, 18, 7, 17], [8, 20, 9, 19], [18, 8, 19, 7], [20, 6, 21, 5], [12, 10, 13, 9], [10, 1, 11, 2]]"
11a_202_122,"[[10, 1, 11, 2], [22, 11, 1, 12], [16, 14, 17, 13], [4, 22, 5, 21], [2, 15, 3, 16], [14, 3, 15, 4], [6, 18, 7, 17], [8, 20, 9, 19], [18, 8, 19, 7], [20, 6, 21, 5], [12, 10, 13, 9]]"
11a_202_123,"[[12, 10, 13, 9], [10, 1, 11, 2], [22, 11, 1, 12], [16, 14, 17, 13], [4, 22, 5, 21], [2, 15, 3, 16], [14, 3, 15, 4], [6, 18, 7, 17], [8, 20, 9, 19], [18, 8, 19, 7], [20, 6, 21, 5]]"
11a_202_124,"[[20, 6, 21, 5], [12, 10, 13, 9], [10, 1, 11, 2], [22, 11, 1, 12], [16, 14, 17, 13], [4, 22, 5, 21], [2, 15, 3, 16], [14, 3, 15, 4], [6, 18, 7, 17], [8, 20, 9, 19], [18, 8, 19, 7]]"
11a_202_125,"[[18, 8, 19, 7], [20, 6, 21, 5], [12, 10, 13, 9], [10, 1, 11, 2], [22, 11, 1, 12], [16, 14, 17, 13], [4, 22, 5, 21], [2, 15, 3, 16], [14, 3, 15, 4], [6, 18, 7, 17], [8, 20, 9, 19]]"
11a_202_126,"[[8, 20, 9, 19], [18, 8, 19, 7], [20, 6, 21, 5], [12, 10, 13, 9], [10, 1, 11, 2], [22, 11, 1, 12], [16, 14, 17, 13], [4, 22, 5, 21], [2, 15, 3, 16], [14, 3, 15, 4], [6, 18, 7, 17]]"
11a_202_127,"[[6, 18, 7, 17], [8, 20, 9, 19], [18, 8, 19, 7], [20, 6, 21, 5], [12, 10, 13, 9], [10, 1, 11, 2], [22, 11, 1, 12], [16, 14, 17, 13], [4, 22, 5, 21], [2, 15, 3, 16], [14, 3, 15, 4]]"
11a_202_128,"[[14, 3, 15, 4], [6, 18, 7, 17], [8, 20, 9, 19], [18, 8, 19, 7], [20, 6, 21, 5], [12, 10, 13, 9], [10, 1, 11, 2], [22, 11, 1, 12], [16, 14, 17, 13], [4, 22, 5, 21], [2, 15, 3, 16]]"
11a_202_129,"[[2, 15, 3, 16], [14, 3, 15, 4], [6, 18, 7, 17], [8, 20, 9, 19], [18, 8, 19, 7], [20, 6, 21, 5], [12, 10, 13, 9], [10, 1, 11, 2], [22, 11, 1, 12], [16, 14, 17, 13], [4, 22, 5, 21]]"
11a_202_130,"[[4, 22, 5, 21], [2, 15, 3, 16], [14, 3, 15, 4], [6, 18, 7, 17], [8, 20, 9, 19], [18, 8, 19, 7], [20, 6, 21, 5], [12, 10, 13, 9], [10, 1, 11, 2], [22, 11, 1, 12], [16, 14, 17, 13]]"
11a_202_131,"[[16, 14, 17, 13], [4, 22, 5, 21], [2, 15, 3, 16], [14, 3, 15, 4], [6, 18, 7, 17], [8, 20, 9, 19], [18, 8, 19, 7], [20, 6, 21, 5], [12, 10, 13, 9], [10, 1, 11, 2], [22, 11, 1, 12]]"
11a_202_132,"[[1, 12, 2, 13], [17, 15, 18, 14], [5, 1, 6, 22], [3, 16, 4, 17], [15, 4, 16, 5], [7, 19, 8, 18], [9, 21, 10, 20], [19, 9, 20, 8], [21, 7, 22, 6], [13, 11, 14, 10], [11, 2, 12, 3]]"
11a_202_133,"[[11, 2, 12, 3], [1, 12, 2, 13], [17, 15, 18, 14], [5, 1, 6, 22], [3, 16, 4, 17], [15, 4, 16, 5], [7, 19, 8, 18], [9, 21, 10, 20], [19, 9, 20, 8], [21, 7, 22, 6], [13, 11, 14, 10]]"
11a_202_134,"[[13, 11, 14, 10], [11, 2, 12, 3], [1, 12, 2, 13], [17, 15, 18, 14], [5, 1, 6, 22], [3, 16, 4, 17], [15, 4, 16, 5], [7, 19, 8, 18], [9, 21, 10, 20], [19, 9, 20, 8], [21, 7, 22, 6]]"
11a_202_135,"[[21, 7, 22, 6], [13, 11, 14, 10], [11, 2, 12, 3], [1, 12, 2, 13], [17, 15, 18, 14], [5, 1, 6, 22], [3, 16, 4, 17], [15, 4, 16, 5], [7, 19, 8, 18], [9, 21, 10, 20], [19, 9, 20, 8]]"
11a_202_136,"[[19, 9, 20, 8], [21, 7, 22, 6], [13, 11, 14, 10], [11, 2, 12, 3], [1, 12, 2, 13], [17, 15, 18, 14], [5, 1, 6, 22], [3, 16, 4, 17], [15, 4, 16, 5], [7, 19, 8, 18], [9, 21, 10, 20]]"
11a_202_137,"[[9, 21, 10, 20], [19, 9, 20, 8], [21, 7, 22, 6], [13, 11, 14, 10], [11, 2, 12, 3], [1, 12, 2, 13], [17, 15, 18, 14], [5, 1, 6, 22], [3, 16, 4, 17], [15, 4, 16, 5], [7, 19, 8, 18]]"
11a_202_138,"[[7, 19, 8, 18], [9, 21, 10, 20], [19, 9, 20, 8], [21, 7, 22, 6], [13, 11, 14, 10], [11, 2, 12, 3], [1, 12, 2, 13], [17, 15, 18, 14], [5, 1, 6, 22], [3, 16, 4, 17], [15, 4, 16, 5]]"
11a_202_139,"[[15, 4, 16, 5], [7, 19, 8, 18], [9, 21, 10, 20], [19, 9, 20, 8], [21, 7, 22, 6], [13, 11, 14, 10], [11, 2, 12, 3], [1, 12, 2, 13], [17, 15, 18, 14], [5, 1, 6, 22], [3, 16, 4, 17]]"
11a_202_140,"[[3, 16, 4, 17], [15, 4, 16, 5], [7, 19, 8, 18], [9, 21, 10, 20], [19, 9, 20, 8], [21, 7, 22, 6], [13, 11, 14, 10], [11, 2, 12, 3], [1, 12, 2, 13], [17, 15, 18, 14], [5, 1, 6, 22]]"
11a_202_141,"[[5, 1, 6, 22], [3, 16, 4, 17], [15, 4, 16, 5], [7, 19, 8, 18], [9, 21, 10, 20], [19, 9, 20, 8], [21, 7, 22, 6], [13, 11, 14, 10], [11, 2, 12, 3], [1, 12, 2, 13], [17, 15, 18, 14]]"
11a_202_142,"[[17, 15, 18, 14], [5, 1, 6, 22], [3, 16, 4, 17], [15, 4, 16, 5], [7, 19, 8, 18], [9, 21, 10, 20], [19, 9, 20, 8], [21, 7, 22, 6], [13, 11, 14, 10], [11, 2, 12, 3], [1, 12, 2, 13]]"
11a_202_143,"[[2, 13, 3, 14], [18, 16, 19, 15], [6, 2, 7, 1], [4, 17, 5, 18], [16, 5, 17, 6], [8, 20, 9, 19], [10, 22, 11, 21], [20, 10, 21, 9], [22, 8, 1, 7], [14, 12, 15, 11], [12, 3, 13, 4]]"
11a_202_144,"[[12, 3, 13, 4], [2, 13, 3, 14], [18, 16, 19, 15], [6, 2, 7, 1], [4, 17, 5, 18], [16, 5, 17, 6], [8, 20, 9, 19], [10, 22, 11, 21], [20, 10, 21, 9], [22, 8, 1, 7], [14, 12, 15, 11]]"
11a_202_145,"[[14, 12, 15, 11], [12, 3, 13, 4], [2, 13, 3, 14], [18, 16, 19, 15], [6, 2, 7, 1], [4, 17, 5, 18], [16, 5, 17, 6], [8, 20, 9, 19], [10, 22, 11, 21], [20, 10, 21, 9], [22, 8, 1, 7]]"
11a_202_146,"[[22, 8, 1, 7], [14, 12, 15, 11], [12, 3, 13, 4], [2, 13, 3, 14], [18, 16, 19, 15], [6, 2, 7, 1], [4, 17, 5, 18], [16, 5, 17, 6], [8, 20, 9, 19], [10, 22, 11, 21], [20, 10, 21, 9]]"
11a_202_147,"[[20, 10, 21, 9], [22, 8, 1, 7], [14, 12, 15, 11], [12, 3, 13, 4], [2, 13, 3, 14], [18, 16, 19, 15], [6, 2, 7, 1], [4, 17, 5, 18], [16, 5, 17, 6], [8, 20, 9, 19], [10, 22, 11, 21]]"
11a_202_148,"[[10, 22, 11, 21], [20, 10, 21, 9], [22, 8, 1, 7], [14, 12, 15, 11], [12, 3, 13, 4], [2, 13, 3, 14], [18, 16, 19, 15], [6, 2, 7, 1], [4, 17, 5, 18], [16, 5, 17, 6], [8, 20, 9, 19]]"
11a_202_149,"[[8, 20, 9, 19], [10, 22, 11, 21], [20, 10, 21, 9], [22, 8, 1, 7], [14, 12, 15, 11], [12, 3, 13, 4], [2, 13, 3, 14], [18, 16, 19, 15], [6, 2, 7, 1], [4, 17, 5, 18], [16, 5, 17, 6]]"
11a_202_150,"[[16, 5, 17, 6], [8, 20, 9, 19], [10, 22, 11, 21], [20, 10, 21, 9], [22, 8, 1, 7], [14, 12, 15, 11], [12, 3, 13, 4], [2, 13, 3, 14], [18, 16, 19, 15], [6, 2, 7, 1], [4, 17, 5, 18]]"
11a_202_151,"[[4, 17, 5, 18], [16, 5, 17, 6], [8, 20, 9, 19], [10, 22, 11, 21], [20, 10, 21, 9], [22, 8, 1, 7], [14, 12, 15, 11], [12, 3, 13, 4], [2, 13, 3, 14], [18, 16, 19, 15], [6, 2, 7, 1]]"
11a_202_152,"[[6, 2, 7, 1], [4, 17, 5, 18], [16, 5, 17, 6], [8, 20, 9, 19], [10, 22, 11, 21], [20, 10, 21, 9], [22, 8, 1, 7], [14, 12, 15, 11], [12, 3, 13, 4], [2, 13, 3, 14], [18, 16, 19, 15]]"
11a_202_153,"[[18, 16, 19, 15], [6, 2, 7, 1], [4, 17, 5, 18], [16, 5, 17, 6], [8, 20, 9, 19], [10, 22, 11, 21], [20, 10, 21, 9], [22, 8, 1, 7], [14, 12, 15, 11], [12, 3, 13, 4], [2, 13, 3, 14]]"
11a_202_154,"[[3, 14, 4, 15], [19, 17, 20, 16], [7, 3, 8, 2], [5, 18, 6, 19], [17, 6, 18, 7], [9, 21, 10, 20], [11, 1, 12, 22], [21, 11, 22, 10], [1, 9, 2, 8], [15, 13, 16, 12], [13, 4, 14, 5]]"
11a_202_155,"[[13, 4, 14, 5], [3, 14, 4, 15], [19, 17, 20, 16], [7, 3, 8, 2], [5, 18, 6, 19], [17, 6, 18, 7], [9, 21, 10, 20], [11, 1, 12, 22], [21, 11, 22, 10], [1, 9, 2, 8], [15, 13, 16, 12]]"
11a_202_156,"[[15, 13, 16, 12], [13, 4, 14, 5], [3, 14, 4, 15], [19, 17, 20, 16], [7, 3, 8, 2], [5, 18, 6, 19], [17, 6, 18, 7], [9, 21, 10, 20], [11, 1, 12, 22], [21, 11, 22, 10], [1, 9, 2, 8]]"
11a_202_157,"[[1, 9, 2, 8], [15, 13, 16, 12], [13, 4, 14, 5], [3, 14, 4, 15], [19, 17, 20, 16], [7, 3, 8, 2], [5, 18, 6, 19], [17, 6, 18, 7], [9, 21, 10, 20], [11, 1, 12, 22], [21, 11, 22, 10]]"
11a_202_158,"[[21, 11, 22, 10], [1, 9, 2, 8], [15, 13, 16, 12], [13, 4, 14, 5], [3, 14, 4, 15], [19, 17, 20, 16], [7, 3, 8, 2], [5, 18, 6, 19], [17, 6, 18, 7], [9, 21, 10, 20], [11, 1, 12, 22]]"
11a_202_159,"[[11, 1, 12, 22], [21, 11, 22, 10], [1, 9, 2, 8], [15, 13, 16, 12], [13, 4, 14, 5], [3, 14, 4, 15], [19, 17, 20, 16], [7, 3, 8, 2], [5, 18, 6, 19], [17, 6, 18, 7], [9, 21, 10, 20]]"
11a_202_160,"[[9, 21, 10, 20], [11, 1, 12, 22], [21, 11, 22, 10], [1, 9, 2, 8], [15, 13, 16, 12], [13, 4, 14, 5], [3, 14, 4, 15], [19, 17, 20, 16], [7, 3, 8, 2], [5, 18, 6, 19], [17, 6, 18, 7]]"
11a_202_161,"[[17, 6, 18, 7], [9, 21, 10, 20], [11, 1, 12, 22], [21, 11, 22, 10], [1, 9, 2, 8], [15, 13, 16, 12], [13, 4, 14, 5], [3, 14, 4, 15], [19, 17, 20, 16], [7, 3, 8, 2], [5, 18, 6, 19]]"
11a_202_162,"[[5, 18, 6, 19], [17, 6, 18, 7], [9, 21, 10, 20], [11, 1, 12, 22], [21, 11, 22, 10], [1, 9, 2, 8], [15, 13, 16, 12], [13, 4, 14, 5], [3, 14, 4, 15], [19, 17, 20, 16], [7, 3, 8, 2]]"
11a_202_163,"[[7, 3, 8, 2], [5, 18, 6, 19], [17, 6, 18, 7], [9, 21, 10, 20], [11, 1, 12, 22], [21, 11, 22, 10], [1, 9, 2, 8], [15, 13, 16, 12], [13, 4, 14, 5], [3, 14, 4, 15], [19, 17, 20, 16]]"
11a_202_164,"[[19, 17, 20, 16], [7, 3, 8, 2], [5, 18, 6, 19], [17, 6, 18, 7], [9, 21, 10, 20], [11, 1, 12, 22], [21, 11, 22, 10], [1, 9, 2, 8], [15, 13, 16, 12], [13, 4, 14, 5], [3, 14, 4, 15]]"
11a_202_165,"[[4, 15, 5, 16], [20, 18, 21, 17], [8, 4, 9, 3], [6, 19, 7, 20], [18, 7, 19, 8], [10, 22, 11, 21], [12, 2, 13, 1], [22, 12, 1, 11], [2, 10, 3, 9], [16, 14, 17, 13], [14, 5, 15, 6]]"
11a_202_166,"[[14, 5, 15, 6], [4, 15, 5, 16], [20, 18, 21, 17], [8, 4, 9, 3], [6, 19, 7, 20], [18, 7, 19, 8], [10, 22, 11, 21], [12, 2, 13, 1], [22, 12, 1, 11], [2, 10, 3, 9], [16, 14, 17, 13]]"
11a_202_167,"[[16, 14, 17, 13], [14, 5, 15, 6], [4, 15, 5, 16], [20, 18, 21, 17], [8, 4, 9, 3], [6, 19, 7, 20], [18, 7, 19, 8], [10, 22, 11, 21], [12, 2, 13, 1], [22, 12, 1, 11], [2, 10, 3, 9]]"
11a_202_168,"[[2, 10, 3, 9], [16, 14, 17, 13], [14, 5, 15, 6], [4, 15, 5, 16], [20, 18, 21, 17], [8, 4, 9, 3], [6, 19, 7, 20], [18, 7, 19, 8], [10, 22, 11, 21], [12, 2, 13, 1], [22, 12, 1, 11]]"
11a_202_169,"[[22, 12, 1, 11], [2, 10, 3, 9], [16, 14, 17, 13], [14, 5, 15, 6], [4, 15, 5, 16], [20, 18, 21, 17], [8, 4, 9, 3], [6, 19, 7, 20], [18, 7, 19, 8], [10, 22, 11, 21], [12, 2, 13, 1]]"
11a_202_170,"[[12, 2, 13, 1], [22, 12, 1, 11], [2, 10, 3, 9], [16, 14, 17, 13], [14, 5, 15, 6], [4, 15, 5, 16], [20, 18, 21, 17], [8, 4, 9, 3], [6, 19, 7, 20], [18, 7, 19, 8], [10, 22, 11, 21]]"
11a_202_171,"[[10, 22, 11, 21], [12, 2, 13, 1], [22, 12, 1, 11], [2, 10, 3, 9], [16, 14, 17, 13], [14, 5, 15, 6], [4, 15, 5, 16], [20, 18, 21, 17], [8, 4, 9, 3], [6, 19, 7, 20], [18, 7, 19, 8]]"
11a_202_172,"[[18, 7, 19, 8], [10, 22, 11, 21], [12, 2, 13, 1], [22, 12, 1, 11], [2, 10, 3, 9], [16, 14, 17, 13], [14, 5, 15, 6], [4, 15, 5, 16], [20, 18, 21, 17], [8, 4, 9, 3], [6, 19, 7, 20]]"
11a_202_173,"[[6, 19, 7, 20], [18, 7, 19, 8], [10, 22, 11, 21], [12, 2, 13, 1], [22, 12, 1, 11], [2, 10, 3, 9], [16, 14, 17, 13], [14, 5, 15, 6], [4, 15, 5, 16], [20, 18, 21, 17], [8, 4, 9, 3]]"
11a_202_174,"[[8, 4, 9, 3], [6, 19, 7, 20], [18, 7, 19, 8], [10, 22, 11, 21], [12, 2, 13, 1], [22, 12, 1, 11], [2, 10, 3, 9], [16, 14, 17, 13], [14, 5, 15, 6], [4, 15, 5, 16], [20, 18, 21, 17]]"
11a_202_175,"[[20, 18, 21, 17], [8, 4, 9, 3], [6, 19, 7, 20], [18, 7, 19, 8], [10, 22, 11, 21], [12, 2, 13, 1], [22, 12, 1, 11], [2, 10, 3, 9], [16, 14, 17, 13], [14, 5, 15, 6], [4, 15, 5, 16]]"
11a_202_176,"[[5, 16, 6, 17], [21, 19, 22, 18], [9, 5, 10, 4], [7, 20, 8, 21], [19, 8, 20, 9], [11, 1, 12, 22], [13, 3, 14, 2], [1, 13, 2, 12], [3, 11, 4, 10], [17, 15, 18, 14], [15, 6, 16, 7]]"
11a_202_177,"[[15, 6, 16, 7], [5, 16, 6, 17], [21, 19, 22, 18], [9, 5, 10, 4], [7, 20, 8, 21], [19, 8, 20, 9], [11, 1, 12, 22], [13, 3, 14, 2], [1, 13, 2, 12], [3, 11, 4, 10], [17, 15, 18, 14]]"
11a_202_178,"[[17, 15, 18, 14], [15, 6, 16, 7], [5, 16, 6, 17], [21, 19, 22, 18], [9, 5, 10, 4], [7, 20, 8, 21], [19, 8, 20, 9], [11, 1, 12, 22], [13, 3, 14, 2], [1, 13, 2, 12], [3, 11, 4, 10]]"
11a_202_179,"[[3, 11, 4, 10], [17, 15, 18, 14], [15, 6, 16, 7], [5, 16, 6, 17], [21, 19, 22, 18], [9, 5, 10, 4], [7, 20, 8, 21], [19, 8, 20, 9], [11, 1, 12, 22], [13, 3, 14, 2], [1, 13, 2, 12]]"
11a_202_180,"[[1, 13, 2, 12], [3, 11, 4, 10], [17, 15, 18, 14], [15, 6, 16, 7], [5, 16, 6, 17], [21, 19, 22, 18], [9, 5, 10, 4], [7, 20, 8, 21], [19, 8, 20, 9], [11, 1, 12, 22], [13, 3, 14, 2]]"
11a_202_181,"[[13, 3, 14, 2], [1, 13, 2, 12], [3, 11, 4, 10], [17, 15, 18, 14], [15, 6, 16, 7], [5, 16, 6, 17], [21, 19, 22, 18], [9, 5, 10, 4], [7, 20, 8, 21], [19, 8, 20, 9], [11, 1, 12, 22]]"
11a_202_182,"[[11, 1, 12, 22], [13, 3, 14, 2], [1, 13, 2, 12], [3, 11, 4, 10], [17, 15, 18, 14], [15, 6, 16, 7], [5, 16, 6, 17], [21, 19, 22, 18], [9, 5, 10, 4], [7, 20, 8, 21], [19, 8, 20, 9]]"
11a_202_183,"[[19, 8, 20, 9], [11, 1, 12, 22], [13, 3, 14, 2], [1, 13, 2, 12], [3, 11, 4, 10], [17, 15, 18, 14], [15, 6, 16, 7], [5, 16, 6, 17], [21, 19, 22, 18], [9, 5, 10, 4], [7, 20, 8, 21]]"
11a_202_184,"[[7, 20, 8, 21], [19, 8, 20, 9], [11, 1, 12, 22], [13, 3, 14, 2], [1, 13, 2, 12], [3, 11, 4, 10], [17, 15, 18, 14], [15, 6, 16, 7], [5, 16, 6, 17], [21, 19, 22, 18], [9, 5, 10, 4]]"
11a_202_185,"[[9, 5, 10, 4], [7, 20, 8, 21], [19, 8, 20, 9], [11, 1, 12, 22], [13, 3, 14, 2], [1, 13, 2, 12], [3, 11, 4, 10], [17, 15, 18, 14], [15, 6, 16, 7], [5, 16, 6, 17], [21, 19, 22, 18]]"
11a_202_186,"[[21, 19, 22, 18], [9, 5, 10, 4], [7, 20, 8, 21], [19, 8, 20, 9], [11, 1, 12, 22], [13, 3, 14, 2], [1, 13, 2, 12], [3, 11, 4, 10], [17, 15, 18, 14], [15, 6, 16, 7], [5, 16, 6, 17]]"
11a_202_187,"[[6, 17, 7, 18], [22, 20, 1, 19], [10, 6, 11, 5], [8, 21, 9, 22], [20, 9, 21, 10], [12, 2, 13, 1], [14, 4, 15, 3], [2, 14, 3, 13], [4, 12, 5, 11], [18, 16, 19, 15], [16, 7, 17, 8]]"
11a_202_188,"[[16, 7, 17, 8], [6, 17, 7, 18], [22, 20, 1, 19], [10, 6, 11, 5], [8, 21, 9, 22], [20, 9, 21, 10], [12, 2, 13, 1], [14, 4, 15, 3], [2, 14, 3, 13], [4, 12, 5, 11], [18, 16, 19, 15]]"
11a_202_189,"[[18, 16, 19, 15], [16, 7, 17, 8], [6, 17, 7, 18], [22, 20, 1, 19], [10, 6, 11, 5], [8, 21, 9, 22], [20, 9, 21, 10], [12, 2, 13, 1], [14, 4, 15, 3], [2, 14, 3, 13], [4, 12, 5, 11]]"
11a_202_190,"[[4, 12, 5, 11], [18, 16, 19, 15], [16, 7, 17, 8], [6, 17, 7, 18], [22, 20, 1, 19], [10, 6, 11, 5], [8, 21, 9, 22], [20, 9, 21, 10], [12, 2, 13, 1], [14, 4, 15, 3], [2, 14, 3, 13]]"
11a_202_191,"[[2, 14, 3, 13], [4, 12, 5, 11], [18, 16, 19, 15], [16, 7, 17, 8], [6, 17, 7, 18], [22, 20, 1, 19], [10, 6, 11, 5], [8, 21, 9, 22], [20, 9, 21, 10], [12, 2, 13, 1], [14, 4, 15, 3]]"
11a_202_192,"[[14, 4, 15, 3], [2, 14, 3, 13], [4, 12, 5, 11], [18, 16, 19, 15], [16, 7, 17, 8], [6, 17, 7, 18], [22, 20, 1, 19], [10, 6, 11, 5], [8, 21, 9, 22], [20, 9, 21, 10], [12, 2, 13, 1]]"
11a_202_193,"[[12, 2, 13, 1], [14, 4, 15, 3], [2, 14, 3, 13], [4, 12, 5, 11], [18, 16, 19, 15], [16, 7, 17, 8], [6, 17, 7, 18], [22, 20, 1, 19], [10, 6, 11, 5], [8, 21, 9, 22], [20, 9, 21, 10]]"
11a_202_194,"[[20, 9, 21, 10], [12, 2, 13, 1], [14, 4, 15, 3], [2, 14, 3, 13], [4, 12, 5, 11], [18, 16, 19, 15], [16, 7, 17, 8], [6, 17, 7, 18], [22, 20, 1, 19], [10, 6, 11, 5], [8, 21, 9, 22]]"
11a_202_195,"[[8, 21, 9, 22], [20, 9, 21, 10], [12, 2, 13, 1], [14, 4, 15, 3], [2, 14, 3, 13], [4, 12, 5, 11], [18, 16, 19, 15], [16, 7, 17, 8], [6, 17, 7, 18], [22, 20, 1, 19], [10, 6, 11, 5]]"
11a_202_196,"[[10, 6, 11, 5], [8, 21, 9, 22], [20, 9, 21, 10], [12, 2, 13, 1], [14, 4, 15, 3], [2, 14, 3, 13], [4, 12, 5, 11], [18, 16, 19, 15], [16, 7, 17, 8], [6, 17, 7, 18], [22, 20, 1, 19]]"
11a_202_197,"[[22, 20, 1, 19], [10, 6, 11, 5], [8, 21, 9, 22], [20, 9, 21, 10], [12, 2, 13, 1], [14, 4, 15, 3], [2, 14, 3, 13], [4, 12, 5, 11], [18, 16, 19, 15], [16, 7, 17, 8], [6, 17, 7, 18]]"
11a_202_198,"[[7, 18, 8, 19], [1, 21, 2, 20], [11, 7, 12, 6], [9, 22, 10, 1], [21, 10, 22, 11], [13, 3, 14, 2], [15, 5, 16, 4], [3, 15, 4, 14], [5, 13, 6, 12], [19, 17, 20, 16], [17, 8, 18, 9]]"
11a_202_199,"[[17, 8, 18, 9], [7, 18, 8, 19], [1, 21, 2, 20], [11, 7, 12, 6], [9, 22, 10, 1], [21, 10, 22, 11], [13, 3, 14, 2], [15, 5, 16, 4], [3, 15, 4, 14], [5, 13, 6, 12], [19, 17, 20, 16]]"
11a_202_200,"[[19, 17, 20, 16], [17, 8, 18, 9], [7, 18, 8, 19], [1, 21, 2, 20], [11, 7, 12, 6], [9, 22, 10, 1], [21, 10, 22, 11], [13, 3, 14, 2], [15, 5, 16, 4], [3, 15, 4, 14], [5, 13, 6, 12]]"
11a_202_201,"[[5, 13, 6, 12], [19, 17, 20, 16], [17, 8, 18, 9], [7, 18, 8, 19], [1, 21, 2, 20], [11, 7, 12, 6], [9, 22, 10, 1], [21, 10, 22, 11], [13, 3, 14, 2], [15, 5, 16, 4], [3, 15, 4, 14]]"
11a_202_202,"[[3, 15, 4, 14], [5, 13, 6, 12], [19, 17, 20, 16], [17, 8, 18, 9], [7, 18, 8, 19], [1, 21, 2, 20], [11, 7, 12, 6], [9, 22, 10, 1], [21, 10, 22, 11], [13, 3, 14, 2], [15, 5, 16, 4]]"
11a_202_203,"[[15, 5, 16, 4], [3, 15, 4, 14], [5, 13, 6, 12], [19, 17, 20, 16], [17, 8, 18, 9], [7, 18, 8, 19], [1, 21, 2, 20], [11, 7, 12, 6], [9, 22, 10, 1], [21, 10, 22, 11], [13, 3, 14, 2]]"
