name,pd_notation
11a_312_0,"[[1, 17, 2, 16], [7, 3, 8, 2], [15, 9, 16, 8], [17, 6, 18, 7], [13, 4, 14, 5], [3, 14, 4, 15], [5, 18, 6, 19], [9, 22, 10, 1], [21, 12, 22, 13], [19, 10, 20, 11], [11, 20, 12, 21]]"
11a_312_1,"[[11, 20, 12, 21], [1, 17, 2, 16], [7, 3, 8, 2], [15, 9, 16, 8], [17, 6, 18, 7], [13, 4, 14, 5], [3, 14, 4, 15], [5, 18, 6, 19], [9, 22, 10, 1], [21, 12, 22, 13], [19, 10, 20, 11]]"
11a_312_2,"[[19, 10, 20, 11], [11, 20, 12, 21], [1, 17, 2, 16], [7, 3, 8, 2], [15, 9, 16, 8], [17, 6, 18, 7], [13, 4, 14, 5], [3, 14, 4, 15], [5, 18, 6, 19], [9, 22, 10, 1], [21, 12, 22, 13]]"
11a_312_3,"[[21, 12, 22, 13], [19, 10, 20, 11], [11, 20, 12, 21], [1, 17, 2, 16], [7, 3, 8, 2], [15, 9, 16, 8], [17, 6, 18, 7], [13, 4, 14, 5], [3, 14, 4, 15], [5, 18, 6, 19], [9, 22, 10, 1]]"
11a_312_4,"[[9, 22, 10, 1], [21, 12, 22, 13], [19, 10, 20, 11], [11, 20, 12, 21], [1, 17, 2, 16], [7, 3, 8, 2], [15, 9, 16, 8], [17, 6, 18, 7], [13, 4, 14, 5], [3, 14, 4, 15], [5, 18, 6, 19]]"
11a_312_5,"[[5, 18, 6, 19], [9, 22, 10, 1], [21, 12, 22, 13], [19, 10, 20, 11], [11, 20, 12, 21], [1, 17, 2, 16], [7, 3, 8, 2], [15, 9, 16, 8], [17, 6, 18, 7], [13, 4, 14, 5], [3, 14, 4, 15]]"
11a_312_6,"[[3, 14, 4, 15], [5, 18, 6, 19], [9, 22, 10, 1], [21, 12, 22, 13], [19, 10, 20, 11], [11, 20, 12, 21], [1, 17, 2, 16], [7, 3, 8, 2], [15, 9, 16, 8], [17, 6, 18, 7], [13, 4, 14, 5]]"
11a_312_7,"[[13, 4, 14, 5], [3, 14, 4, 15], [5, 18, 6, 19], [9, 22, 10, 1], [21, 12, 22, 13], [19, 10, 20, 11], [11, 20, 12, 21], [1, 17, 2, 16], [7, 3, 8, 2], [15, 9, 16, 8], [17, 6, 18, 7]]"
11a_312_8,"[[17, 6, 18, 7], [13, 4, 14, 5], [3, 14, 4, 15], [5, 18, 6, 19], [9, 22, 10, 1], [21, 12, 22, 13], [19, 10, 20, 11], [11, 20, 12, 21], [1, 17, 2, 16], [7, 3, 8, 2], [15, 9, 16, 8]]"
11a_312_9,"[[15, 9, 16, 8], [17, 6, 18, 7], [13, 4, 14, 5], [3, 14, 4, 15], [5, 18, 6, 19], [9, 22, 10, 1], [21, 12, 22, 13], [19, 10, 20, 11], [11, 20, 12, 21], [1, 17, 2, 16], [7, 3, 8, 2]]"
11a_312_10,"[[7, 3, 8, 2], [15, 9, 16, 8], [17, 6, 18, 7], [13, 4, 14, 5], [3, 14, 4, 15], [5, 18, 6, 19], [9, 22, 10, 1], [21, 12, 22, 13], [19, 10, 20, 11], [11, 20, 12, 21], [1, 17, 2, 16]]"
11a_312_11,"[[2, 18, 3, 17], [8, 4, 9, 3], [16, 10, 17, 9], [18, 7, 19, 8], [14, 5, 15, 6], [4, 15, 5, 16], [6, 19, 7, 20], [10, 1, 11, 2], [22, 13, 1, 14], [20, 11, 21, 12], [12, 21, 13, 22]]"
11a_312_12,"[[12, 21, 13, 22], [2, 18, 3, 17], [8, 4, 9, 3], [16, 10, 17, 9], [18, 7, 19, 8], [14, 5, 15, 6], [4, 15, 5, 16], [6, 19, 7, 20], [10, 1, 11, 2], [22, 13, 1, 14], [20, 11, 21, 12]]"
11a_312_13,"[[20, 11, 21, 12], [12, 21, 13, 22], [2, 18, 3, 17], [8, 4, 9, 3], [16, 10, 17, 9], [18, 7, 19, 8], [14, 5, 15, 6], [4, 15, 5, 16], [6, 19, 7, 20], [10, 1, 11, 2], [22, 13, 1, 14]]"
11a_312_14,"[[22, 13, 1, 14], [20, 11, 21, 12], [12, 21, 13, 22], [2, 18, 3, 17], [8, 4, 9, 3], [16, 10, 17, 9], [18, 7, 19, 8], [14, 5, 15, 6], [4, 15, 5, 16], [6, 19, 7, 20], [10, 1, 11, 2]]"
11a_312_15,"[[10, 1, 11, 2], [22, 13, 1, 14], [20, 11, 21, 12], [12, 21, 13, 22], [2, 18, 3, 17], [8, 4, 9, 3], [16, 10, 17, 9], [18, 7, 19, 8], [14, 5, 15, 6], [4, 15, 5, 16], [6, 19, 7, 20]]"
11a_312_16,"[[6, 19, 7, 20], [10, 1, 11, 2], [22, 13, 1, 14], [20, 11, 21, 12], [12, 21, 13, 22], [2, 18, 3, 17], [8, 4, 9, 3], [16, 10, 17, 9], [18, 7, 19, 8], [14, 5, 15, 6], [4, 15, 5, 16]]"
11a_312_17,"[[4, 15, 5, 16], [6, 19, 7, 20], [10, 1, 11, 2], [22, 13, 1, 14], [20, 11, 21, 12], [12, 21, 13, 22], [2, 18, 3, 17], [8, 4, 9, 3], [16, 10, 17, 9], [18, 7, 19, 8], [14, 5, 15, 6]]"
11a_312_18,"[[14, 5, 15, 6], [4, 15, 5, 16], [6, 19, 7, 20], [10, 1, 11, 2], [22, 13, 1, 14], [20, 11, 21, 12], [12, 21, 13, 22], [2, 18, 3, 17], [8, 4, 9, 3], [16, 10, 17, 9], [18, 7, 19, 8]]"
11a_312_19,"[[18, 7, 19, 8], [14, 5, 15, 6], [4, 15, 5, 16], [6, 19, 7, 20], [10, 1, 11, 2], [22, 13, 1, 14], [20, 11, 21, 12], [12, 21, 13, 22], [2, 18, 3, 17], [8, 4, 9, 3], [16, 10, 17, 9]]"
11a_312_20,"[[16, 10, 17, 9], [18, 7, 19, 8], [14, 5, 15, 6], [4, 15, 5, 16], [6, 19, 7, 20], [10, 1, 11, 2], [22, 13, 1, 14], [20, 11, 21, 12], [12, 21, 13, 22], [2, 18, 3, 17], [8, 4, 9, 3]]"
11a_312_21,"[[8, 4, 9, 3], [16, 10, 17, 9], [18, 7, 19, 8], [14, 5, 15, 6], [4, 15, 5, 16], [6, 19, 7, 20], [10, 1, 11, 2], [22, 13, 1, 14], [20, 11, 21, 12], [12, 21, 13, 22], [2, 18, 3, 17]]"
11a_312_22,"[[3, 19, 4, 18], [9, 5, 10, 4], [17, 11, 18, 10], [19, 8, 20, 9], [15, 6, 16, 7], [5, 16, 6, 17], [7, 20, 8, 21], [11, 2, 12, 3], [1, 14, 2, 15], [21, 12, 22, 13], [13, 22, 14, 1]]"
11a_312_23,"[[13, 22, 14, 1], [3, 19, 4, 18], [9, 5, 10, 4], [17, 11, 18, 10], [19, 8, 20, 9], [15, 6, 16, 7], [5, 16, 6, 17], [7, 20, 8, 21], [11, 2, 12, 3], [1, 14, 2, 15], [21, 12, 22, 13]]"
11a_312_24,"[[21, 12, 22, 13], [13, 22, 14, 1], [3, 19, 4, 18], [9, 5, 10, 4], [17, 11, 18, 10], [19, 8, 20, 9], [15, 6, 16, 7], [5, 16, 6, 17], [7, 20, 8, 21], [11, 2, 12, 3], [1, 14, 2, 15]]"
11a_312_25,"[[1, 14, 2, 15], [21, 12, 22, 13], [13, 22, 14, 1], [3, 19, 4, 18], [9, 5, 10, 4], [17, 11, 18, 10], [19, 8, 20, 9], [15, 6, 16, 7], [5, 16, 6, 17], [7, 20, 8, 21], [11, 2, 12, 3]]"
11a_312_26,"[[11, 2, 12, 3], [1, 14, 2, 15], [21, 12, 22, 13], [13, 22, 14, 1], [3, 19, 4, 18], [9, 5, 10, 4], [17, 11, 18, 10], [19, 8, 20, 9], [15, 6, 16, 7], [5, 16, 6, 17], [7, 20, 8, 21]]"
11a_312_27,"[[7, 20, 8, 21], [11, 2, 12, 3], [1, 14, 2, 15], [21, 12, 22, 13], [13, 22, 14, 1], [3, 19, 4, 18], [9, 5, 10, 4], [17, 11, 18, 10], [19, 8, 20, 9], [15, 6, 16, 7], [5, 16, 6, 17]]"
11a_312_28,"[[5, 16, 6, 17], [7, 20, 8, 21], [11, 2, 12, 3], [1, 14, 2, 15], [21, 12, 22, 13], [13, 22, 14, 1], [3, 19, 4, 18], [9, 5, 10, 4], [17, 11, 18, 10], [19, 8, 20, 9], [15, 6, 16, 7]]"
11a_312_29,"[[15, 6, 16, 7], [5, 16, 6, 17], [7, 20, 8, 21], [11, 2, 12, 3], [1, 14, 2, 15], [21, 12, 22, 13], [13, 22, 14, 1], [3, 19, 4, 18], [9, 5, 10, 4], [17, 11, 18, 10], [19, 8, 20, 9]]"
11a_312_30,"[[19, 8, 20, 9], [15, 6, 16, 7], [5, 16, 6, 17], [7, 20, 8, 21], [11, 2, 12, 3], [1, 14, 2, 15], [21, 12, 22, 13], [13, 22, 14, 1], [3, 19, 4, 18], [9, 5, 10, 4], [17, 11, 18, 10]]"
11a_312_31,"[[17, 11, 18, 10], [19, 8, 20, 9], [15, 6, 16, 7], [5, 16, 6, 17], [7, 20, 8, 21], [11, 2, 12, 3], [1, 14, 2, 15], [21, 12, 22, 13], [13, 22, 14, 1], [3, 19, 4, 18], [9, 5, 10, 4]]"
11a_312_32,"[[9, 5, 10, 4], [17, 11, 18, 10], [19, 8, 20, 9], [15, 6, 16, 7], [5, 16, 6, 17], [7, 20, 8, 21], [11, 2, 12, 3], [1, 14, 2, 15], [21, 12, 22, 13], [13, 22, 14, 1], [3, 19, 4, 18]]"
11a_312_33,"[[4, 20, 5, 19], [10, 6, 11, 5], [18, 12, 19, 11], [20, 9, 21, 10], [16, 7, 17, 8], [6, 17, 7, 18], [8, 21, 9, 22], [12, 3, 13, 4], [2, 15, 3, 16], [22, 13, 1, 14], [14, 1, 15, 2]]"
11a_312_34,"[[14, 1, 15, 2], [4, 20, 5, 19], [10, 6, 11, 5], [18, 12, 19, 11], [20, 9, 21, 10], [16, 7, 17, 8], [6, 17, 7, 18], [8, 21, 9, 22], [12, 3, 13, 4], [2, 15, 3, 16], [22, 13, 1, 14]]"
11a_312_35,"[[22, 13, 1, 14], [14, 1, 15, 2], [4, 20, 5, 19], [10, 6, 11, 5], [18, 12, 19, 11], [20, 9, 21, 10], [16, 7, 17, 8], [6, 17, 7, 18], [8, 21, 9, 22], [12, 3, 13, 4], [2, 15, 3, 16]]"
11a_312_36,"[[2, 15, 3, 16], [22, 13, 1, 14], [14, 1, 15, 2], [4, 20, 5, 19], [10, 6, 11, 5], [18, 12, 19, 11], [20, 9, 21, 10], [16, 7, 17, 8], [6, 17, 7, 18], [8, 21, 9, 22], [12, 3, 13, 4]]"
11a_312_37,"[[12, 3, 13, 4], [2, 15, 3, 16], [22, 13, 1, 14], [14, 1, 15, 2], [4, 20, 5, 19], [10, 6, 11, 5], [18, 12, 19, 11], [20, 9, 21, 10], [16, 7, 17, 8], [6, 17, 7, 18], [8, 21, 9, 22]]"
11a_312_38,"[[8, 21, 9, 22], [12, 3, 13, 4], [2, 15, 3, 16], [22, 13, 1, 14], [14, 1, 15, 2], [4, 20, 5, 19], [10, 6, 11, 5], [18, 12, 19, 11], [20, 9, 21, 10], [16, 7, 17, 8], [6, 17, 7, 18]]"
11a_312_39,"[[6, 17, 7, 18], [8, 21, 9, 22], [12, 3, 13, 4], [2, 15, 3, 16], [22, 13, 1, 14], [14, 1, 15, 2], [4, 20, 5, 19], [10, 6, 11, 5], [18, 12, 19, 11], [20, 9, 21, 10], [16, 7, 17, 8]]"
11a_312_40,"[[16, 7, 17, 8], [6, 17, 7, 18], [8, 21, 9, 22], [12, 3, 13, 4], [2, 15, 3, 16], [22, 13, 1, 14], [14, 1, 15, 2], [4, 20, 5, 19], [10, 6, 11, 5], [18, 12, 19, 11], [20, 9, 21, 10]]"
11a_312_41,"[[20, 9, 21, 10], [16, 7, 17, 8], [6, 17, 7, 18], [8, 21, 9, 22], [12, 3, 13, 4], [2, 15, 3, 16], [22, 13, 1, 14], [14, 1, 15, 2], [4, 20, 5, 19], [10, 6, 11, 5], [18, 12, 19, 11]]"
11a_312_42,"[[18, 12, 19, 11], [20, 9, 21, 10], [16, 7, 17, 8], [6, 17, 7, 18], [8, 21, 9, 22], [12, 3, 13, 4], [2, 15, 3, 16], [22, 13, 1, 14], [14, 1, 15, 2], [4, 20, 5, 19], [10, 6, 11, 5]]"
11a_312_43,"[[10, 6, 11, 5], [18, 12, 19, 11], [20, 9, 21, 10], [16, 7, 17, 8], [6, 17, 7, 18], [8, 21, 9, 22], [12, 3, 13, 4], [2, 15, 3, 16], [22, 13, 1, 14], [14, 1, 15, 2], [4, 20, 5, 19]]"
11a_312_44,"[[5, 21, 6, 20], [11, 7, 12, 6], [19, 13, 20, 12], [21, 10, 22, 11], [17, 8, 18, 9], [7, 18, 8, 19], [9, 22, 10, 1], [13, 4, 14, 5], [3, 16, 4, 17], [1, 14, 2, 15], [15, 2, 16, 3]]"
11a_312_45,"[[15, 2, 16, 3], [5, 21, 6, 20], [11, 7, 12, 6], [19, 13, 20, 12], [21, 10, 22, 11], [17, 8, 18, 9], [7, 18, 8, 19], [9, 22, 10, 1], [13, 4, 14, 5], [3, 16, 4, 17], [1, 14, 2, 15]]"
11a_312_46,"[[1, 14, 2, 15], [15, 2, 16, 3], [5, 21, 6, 20], [11, 7, 12, 6], [19, 13, 20, 12], [21, 10, 22, 11], [17, 8, 18, 9], [7, 18, 8, 19], [9, 22, 10, 1], [13, 4, 14, 5], [3, 16, 4, 17]]"
11a_312_47,"[[3, 16, 4, 17], [1, 14, 2, 15], [15, 2, 16, 3], [5, 21, 6, 20], [11, 7, 12, 6], [19, 13, 20, 12], [21, 10, 22, 11], [17, 8, 18, 9], [7, 18, 8, 19], [9, 22, 10, 1], [13, 4, 14, 5]]"
11a_312_48,"[[13, 4, 14, 5], [3, 16, 4, 17], [1, 14, 2, 15], [15, 2, 16, 3], [5, 21, 6, 20], [11, 7, 12, 6], [19, 13, 20, 12], [21, 10, 22, 11], [17, 8, 18, 9], [7, 18, 8, 19], [9, 22, 10, 1]]"
11a_312_49,"[[9, 22, 10, 1], [13, 4, 14, 5], [3, 16, 4, 17], [1, 14, 2, 15], [15, 2, 16, 3], [5, 21, 6, 20], [11, 7, 12, 6], [19, 13, 20, 12], [21, 10, 22, 11], [17, 8, 18, 9], [7, 18, 8, 19]]"
11a_312_50,"[[7, 18, 8, 19], [9, 22, 10, 1], [13, 4, 14, 5], [3, 16, 4, 17], [1, 14, 2, 15], [15, 2, 16, 3], [5, 21, 6, 20], [11, 7, 12, 6], [19, 13, 20, 12], [21, 10, 22, 11], [17, 8, 18, 9]]"
11a_312_51,"[[17, 8, 18, 9], [7, 18, 8, 19], [9, 22, 10, 1], [13, 4, 14, 5], [3, 16, 4, 17], [1, 14, 2, 15], [15, 2, 16, 3], [5, 21, 6, 20], [11, 7, 12, 6], [19, 13, 20, 12], [21, 10, 22, 11]]"
11a_312_52,"[[21, 10, 22, 11], [17, 8, 18, 9], [7, 18, 8, 19], [9, 22, 10, 1], [13, 4, 14, 5], [3, 16, 4, 17], [1, 14, 2, 15], [15, 2, 16, 3], [5, 21, 6, 20], [11, 7, 12, 6], [19, 13, 20, 12]]"
11a_312_53,"[[19, 13, 20, 12], [21, 10, 22, 11], [17, 8, 18, 9], [7, 18, 8, 19], [9, 22, 10, 1], [13, 4, 14, 5], [3, 16, 4, 17], [1, 14, 2, 15], [15, 2, 16, 3], [5, 21, 6, 20], [11, 7, 12, 6]]"
11a_312_54,"[[11, 7, 12, 6], [19, 13, 20, 12], [21, 10, 22, 11], [17, 8, 18, 9], [7, 18, 8, 19], [9, 22, 10, 1], [13, 4, 14, 5], [3, 16, 4, 17], [1, 14, 2, 15], [15, 2, 16, 3], [5, 21, 6, 20]]"
11a_312_55,"[[6, 22, 7, 21], [12, 8, 13, 7], [20, 14, 21, 13], [22, 11, 1, 12], [18, 9, 19, 10], [8, 19, 9, 20], [10, 1, 11, 2], [14, 5, 15, 6], [4, 17, 5, 18], [2, 15, 3, 16], [16, 3, 17, 4]]"
11a_312_56,"[[16, 3, 17, 4], [6, 22, 7, 21], [12, 8, 13, 7], [20, 14, 21, 13], [22, 11, 1, 12], [18, 9, 19, 10], [8, 19, 9, 20], [10, 1, 11, 2], [14, 5, 15, 6], [4, 17, 5, 18], [2, 15, 3, 16]]"
11a_312_57,"[[2, 15, 3, 16], [16, 3, 17, 4], [6, 22, 7, 21], [12, 8, 13, 7], [20, 14, 21, 13], [22, 11, 1, 12], [18, 9, 19, 10], [8, 19, 9, 20], [10, 1, 11, 2], [14, 5, 15, 6], [4, 17, 5, 18]]"
11a_312_58,"[[4, 17, 5, 18], [2, 15, 3, 16], [16, 3, 17, 4], [6, 22, 7, 21], [12, 8, 13, 7], [20, 14, 21, 13], [22, 11, 1, 12], [18, 9, 19, 10], [8, 19, 9, 20], [10, 1, 11, 2], [14, 5, 15, 6]]"
11a_312_59,"[[14, 5, 15, 6], [4, 17, 5, 18], [2, 15, 3, 16], [16, 3, 17, 4], [6, 22, 7, 21], [12, 8, 13, 7], [20, 14, 21, 13], [22, 11, 1, 12], [18, 9, 19, 10], [8, 19, 9, 20], [10, 1, 11, 2]]"
11a_312_60,"[[10, 1, 11, 2], [14, 5, 15, 6], [4, 17, 5, 18], [2, 15, 3, 16], [16, 3, 17, 4], [6, 22, 7, 21], [12, 8, 13, 7], [20, 14, 21, 13], [22, 11, 1, 12], [18, 9, 19, 10], [8, 19, 9, 20]]"
11a_312_61,"[[8, 19, 9, 20], [10, 1, 11, 2], [14, 5, 15, 6], [4, 17, 5, 18], [2, 15, 3, 16], [16, 3, 17, 4], [6, 22, 7, 21], [12, 8, 13, 7], [20, 14, 21, 13], [22, 11, 1, 12], [18, 9, 19, 10]]"
11a_312_62,"[[18, 9, 19, 10], [8, 19, 9, 20], [10, 1, 11, 2], [14, 5, 15, 6], [4, 17, 5, 18], [2, 15, 3, 16], [16, 3, 17, 4], [6, 22, 7, 21], [12, 8, 13, 7], [20, 14, 21, 13], [22, 11, 1, 12]]"
11a_312_63,"[[22, 11, 1, 12], [18, 9, 19, 10], [8, 19, 9, 20], [10, 1, 11, 2], [14, 5, 15, 6], [4, 17, 5, 18], [2, 15, 3, 16], [16, 3, 17, 4], [6, 22, 7, 21], [12, 8, 13, 7], [20, 14, 21, 13]]"
11a_312_64,"[[20, 14, 21, 13], [22, 11, 1, 12], [18, 9, 19, 10], [8, 19, 9, 20], [10, 1, 11, 2], [14, 5, 15, 6], [4, 17, 5, 18], [2, 15, 3, 16], [16, 3, 17, 4], [6, 22, 7, 21], [12, 8, 13, 7]]"
11a_312_65,"[[12, 8, 13, 7], [20, 14, 21, 13], [22, 11, 1, 12], [18, 9, 19, 10], [8, 19, 9, 20], [10, 1, 11, 2], [14, 5, 15, 6], [4, 17, 5, 18], [2, 15, 3, 16], [16, 3, 17, 4], [6, 22, 7, 21]]"
11a_312_66,"[[7, 1, 8, 22], [13, 9, 14, 8], [21, 15, 22, 14], [1, 12, 2, 13], [19, 10, 20, 11], [9, 20, 10, 21], [11, 2, 12, 3], [15, 6, 16, 7], [5, 18, 6, 19], [3, 16, 4, 17], [17, 4, 18, 5]]"
11a_312_67,"[[17, 4, 18, 5], [7, 1, 8, 22], [13, 9, 14, 8], [21, 15, 22, 14], [1, 12, 2, 13], [19, 10, 20, 11], [9, 20, 10, 21], [11, 2, 12, 3], [15, 6, 16, 7], [5, 18, 6, 19], [3, 16, 4, 17]]"
11a_312_68,"[[3, 16, 4, 17], [17, 4, 18, 5], [7, 1, 8, 22], [13, 9, 14, 8], [21, 15, 22, 14], [1, 12, 2, 13], [19, 10, 20, 11], [9, 20, 10, 21], [11, 2, 12, 3], [15, 6, 16, 7], [5, 18, 6, 19]]"
11a_312_69,"[[5, 18, 6, 19], [3, 16, 4, 17], [17, 4, 18, 5], [7, 1, 8, 22], [13, 9, 14, 8], [21, 15, 22, 14], [1, 12, 2, 13], [19, 10, 20, 11], [9, 20, 10, 21], [11, 2, 12, 3], [15, 6, 16, 7]]"
11a_312_70,"[[15, 6, 16, 7], [5, 18, 6, 19], [3, 16, 4, 17], [17, 4, 18, 5], [7, 1, 8, 22], [13, 9, 14, 8], [21, 15, 22, 14], [1, 12, 2, 13], [19, 10, 20, 11], [9, 20, 10, 21], [11, 2, 12, 3]]"
11a_312_71,"[[11, 2, 12, 3], [15, 6, 16, 7], [5, 18, 6, 19], [3, 16, 4, 17], [17, 4, 18, 5], [7, 1, 8, 22], [13, 9, 14, 8], [21, 15, 22, 14], [1, 12, 2, 13], [19, 10, 20, 11], [9, 20, 10, 21]]"
11a_312_72,"[[9, 20, 10, 21], [11, 2, 12, 3], [15, 6, 16, 7], [5, 18, 6, 19], [3, 16, 4, 17], [17, 4, 18, 5], [7, 1, 8, 22], [13, 9, 14, 8], [21, 15, 22, 14], [1, 12, 2, 13], [19, 10, 20, 11]]"
11a_312_73,"[[19, 10, 20, 11], [9, 20, 10, 21], [11, 2, 12, 3], [15, 6, 16, 7], [5, 18, 6, 19], [3, 16, 4, 17], [17, 4, 18, 5], [7, 1, 8, 22], [13, 9, 14, 8], [21, 15, 22, 14], [1, 12, 2, 13]]"
11a_312_74,"[[1, 12, 2, 13], [19, 10, 20, 11], [9, 20, 10, 21], [11, 2, 12, 3], [15, 6, 16, 7], [5, 18, 6, 19], [3, 16, 4, 17], [17, 4, 18, 5], [7, 1, 8, 22], [13, 9, 14, 8], [21, 15, 22, 14]]"
11a_312_75,"[[21, 15, 22, 14], [1, 12, 2, 13], [19, 10, 20, 11], [9, 20, 10, 21], [11, 2, 12, 3], [15, 6, 16, 7], [5, 18, 6, 19], [3, 16, 4, 17], [17, 4, 18, 5], [7, 1, 8, 22], [13, 9, 14, 8]]"
11a_312_76,"[[13, 9, 14, 8], [21, 15, 22, 14], [1, 12, 2, 13], [19, 10, 20, 11], [9, 20, 10, 21], [11, 2, 12, 3], [15, 6, 16, 7], [5, 18, 6, 19], [3, 16, 4, 17], [17, 4, 18, 5], [7, 1, 8, 22]]"
11a_312_77,"[[8, 2, 9, 1], [14, 10, 15, 9], [22, 16, 1, 15], [2, 13, 3, 14], [20, 11, 21, 12], [10, 21, 11, 22], [12, 3, 13, 4], [16, 7, 17, 8], [6, 19, 7, 20], [4, 17, 5, 18], [18, 5, 19, 6]]"
11a_312_78,"[[18, 5, 19, 6], [8, 2, 9, 1], [14, 10, 15, 9], [22, 16, 1, 15], [2, 13, 3, 14], [20, 11, 21, 12], [10, 21, 11, 22], [12, 3, 13, 4], [16, 7, 17, 8], [6, 19, 7, 20], [4, 17, 5, 18]]"
11a_312_79,"[[4, 17, 5, 18], [18, 5, 19, 6], [8, 2, 9, 1], [14, 10, 15, 9], [22, 16, 1, 15], [2, 13, 3, 14], [20, 11, 21, 12], [10, 21, 11, 22], [12, 3, 13, 4], [16, 7, 17, 8], [6, 19, 7, 20]]"
11a_312_80,"[[6, 19, 7, 20], [4, 17, 5, 18], [18, 5, 19, 6], [8, 2, 9, 1], [14, 10, 15, 9], [22, 16, 1, 15], [2, 13, 3, 14], [20, 11, 21, 12], [10, 21, 11, 22], [12, 3, 13, 4], [16, 7, 17, 8]]"
11a_312_81,"[[16, 7, 17, 8], [6, 19, 7, 20], [4, 17, 5, 18], [18, 5, 19, 6], [8, 2, 9, 1], [14, 10, 15, 9], [22, 16, 1, 15], [2, 13, 3, 14], [20, 11, 21, 12], [10, 21, 11, 22], [12, 3, 13, 4]]"
11a_312_82,"[[12, 3, 13, 4], [16, 7, 17, 8], [6, 19, 7, 20], [4, 17, 5, 18], [18, 5, 19, 6], [8, 2, 9, 1], [14, 10, 15, 9], [22, 16, 1, 15], [2, 13, 3, 14], [20, 11, 21, 12], [10, 21, 11, 22]]"
11a_312_83,"[[10, 21, 11, 22], [12, 3, 13, 4], [16, 7, 17, 8], [6, 19, 7, 20], [4, 17, 5, 18], [18, 5, 19, 6], [8, 2, 9, 1], [14, 10, 15, 9], [22, 16, 1, 15], [2, 13, 3, 14], [20, 11, 21, 12]]"
11a_312_84,"[[20, 11, 21, 12], [10, 21, 11, 22], [12, 3, 13, 4], [16, 7, 17, 8], [6, 19, 7, 20], [4, 17, 5, 18], [18, 5, 19, 6], [8, 2, 9, 1], [14, 10, 15, 9], [22, 16, 1, 15], [2, 13, 3, 14]]"
11a_312_85,"[[2, 13, 3, 14], [20, 11, 21, 12], [10, 21, 11, 22], [12, 3, 13, 4], [16, 7, 17, 8], [6, 19, 7, 20], [4, 17, 5, 18], [18, 5, 19, 6], [8, 2, 9, 1], [14, 10, 15, 9], [22, 16, 1, 15]]"
11a_312_86,"[[22, 16, 1, 15], [2, 13, 3, 14], [20, 11, 21, 12], [10, 21, 11, 22], [12, 3, 13, 4], [16, 7, 17, 8], [6, 19, 7, 20], [4, 17, 5, 18], [18, 5, 19, 6], [8, 2, 9, 1], [14, 10, 15, 9]]"
11a_312_87,"[[14, 10, 15, 9], [22, 16, 1, 15], [2, 13, 3, 14], [20, 11, 21, 12], [10, 21, 11, 22], [12, 3, 13, 4], [16, 7, 17, 8], [6, 19, 7, 20], [4, 17, 5, 18], [18, 5, 19, 6], [8, 2, 9, 1]]"
11a_312_88,"[[9, 3, 10, 2], [15, 11, 16, 10], [1, 17, 2, 16], [3, 14, 4, 15], [21, 12, 22, 13], [11, 22, 12, 1], [13, 4, 14, 5], [17, 8, 18, 9], [7, 20, 8, 21], [5, 18, 6, 19], [19, 6, 20, 7]]"
11a_312_89,"[[19, 6, 20, 7], [9, 3, 10, 2], [15, 11, 16, 10], [1, 17, 2, 16], [3, 14, 4, 15], [21, 12, 22, 13], [11, 22, 12, 1], [13, 4, 14, 5], [17, 8, 18, 9], [7, 20, 8, 21], [5, 18, 6, 19]]"
11a_312_90,"[[5, 18, 6, 19], [19, 6, 20, 7], [9, 3, 10, 2], [15, 11, 16, 10], [1, 17, 2, 16], [3, 14, 4, 15], [21, 12, 22, 13], [11, 22, 12, 1], [13, 4, 14, 5], [17, 8, 18, 9], [7, 20, 8, 21]]"
11a_312_91,"[[7, 20, 8, 21], [5, 18, 6, 19], [19, 6, 20, 7], [9, 3, 10, 2], [15, 11, 16, 10], [1, 17, 2, 16], [3, 14, 4, 15], [21, 12, 22, 13], [11, 22, 12, 1], [13, 4, 14, 5], [17, 8, 18, 9]]"
11a_312_92,"[[17, 8, 18, 9], [7, 20, 8, 21], [5, 18, 6, 19], [19, 6, 20, 7], [9, 3, 10, 2], [15, 11, 16, 10], [1, 17, 2, 16], [3, 14, 4, 15], [21, 12, 22, 13], [11, 22, 12, 1], [13, 4, 14, 5]]"
11a_312_93,"[[13, 4, 14, 5], [17, 8, 18, 9], [7, 20, 8, 21], [5, 18, 6, 19], [19, 6, 20, 7], [9, 3, 10, 2], [15, 11, 16, 10], [1, 17, 2, 16], [3, 14, 4, 15], [21, 12, 22, 13], [11, 22, 12, 1]]"
11a_312_94,"[[11, 22, 12, 1], [13, 4, 14, 5], [17, 8, 18, 9], [7, 20, 8, 21], [5, 18, 6, 19], [19, 6, 20, 7], [9, 3, 10, 2], [15, 11, 16, 10], [1, 17, 2, 16], [3, 14, 4, 15], [21, 12, 22, 13]]"
11a_312_95,"[[21, 12, 22, 13], [11, 22, 12, 1], [13, 4, 14, 5], [17, 8, 18, 9], [7, 20, 8, 21], [5, 18, 6, 19], [19, 6, 20, 7], [9, 3, 10, 2], [15, 11, 16, 10], [1, 17, 2, 16], [3, 14, 4, 15]]"
11a_312_96,"[[3, 14, 4, 15], [21, 12, 22, 13], [11, 22, 12, 1], [13, 4, 14, 5], [17, 8, 18, 9], [7, 20, 8, 21], [5, 18, 6, 19], [19, 6, 20, 7], [9, 3, 10, 2], [15, 11, 16, 10], [1, 17, 2, 16]]"
11a_312_97,"[[1, 17, 2, 16], [3, 14, 4, 15], [21, 12, 22, 13], [11, 22, 12, 1], [13, 4, 14, 5], [17, 8, 18, 9], [7, 20, 8, 21], [5, 18, 6, 19], [19, 6, 20, 7], [9, 3, 10, 2], [15, 11, 16, 10]]"
11a_312_98,"[[15, 11, 16, 10], [1, 17, 2, 16], [3, 14, 4, 15], [21, 12, 22, 13], [11, 22, 12, 1], [13, 4, 14, 5], [17, 8, 18, 9], [7, 20, 8, 21], [5, 18, 6, 19], [19, 6, 20, 7], [9, 3, 10, 2]]"
11a_312_99,"[[10, 4, 11, 3], [16, 12, 17, 11], [2, 18, 3, 17], [4, 15, 5, 16], [22, 13, 1, 14], [12, 1, 13, 2], [14, 5, 15, 6], [18, 9, 19, 10], [8, 21, 9, 22], [6, 19, 7, 20], [20, 7, 21, 8]]"
11a_312_100,"[[20, 7, 21, 8], [10, 4, 11, 3], [16, 12, 17, 11], [2, 18, 3, 17], [4, 15, 5, 16], [22, 13, 1, 14], [12, 1, 13, 2], [14, 5, 15, 6], [18, 9, 19, 10], [8, 21, 9, 22], [6, 19, 7, 20]]"
11a_312_101,"[[6, 19, 7, 20], [20, 7, 21, 8], [10, 4, 11, 3], [16, 12, 17, 11], [2, 18, 3, 17], [4, 15, 5, 16], [22, 13, 1, 14], [12, 1, 13, 2], [14, 5, 15, 6], [18, 9, 19, 10], [8, 21, 9, 22]]"
11a_312_102,"[[8, 21, 9, 22], [6, 19, 7, 20], [20, 7, 21, 8], [10, 4, 11, 3], [16, 12, 17, 11], [2, 18, 3, 17], [4, 15, 5, 16], [22, 13, 1, 14], [12, 1, 13, 2], [14, 5, 15, 6], [18, 9, 19, 10]]"
11a_312_103,"[[18, 9, 19, 10], [8, 21, 9, 22], [6, 19, 7, 20], [20, 7, 21, 8], [10, 4, 11, 3], [16, 12, 17, 11], [2, 18, 3, 17], [4, 15, 5, 16], [22, 13, 1, 14], [12, 1, 13, 2], [14, 5, 15, 6]]"
11a_312_104,"[[14, 5, 15, 6], [18, 9, 19, 10], [8, 21, 9, 22], [6, 19, 7, 20], [20, 7, 21, 8], [10, 4, 11, 3], [16, 12, 17, 11], [2, 18, 3, 17], [4, 15, 5, 16], [22, 13, 1, 14], [12, 1, 13, 2]]"
11a_312_105,"[[12, 1, 13, 2], [14, 5, 15, 6], [18, 9, 19, 10], [8, 21, 9, 22], [6, 19, 7, 20], [20, 7, 21, 8], [10, 4, 11, 3], [16, 12, 17, 11], [2, 18, 3, 17], [4, 15, 5, 16], [22, 13, 1, 14]]"
11a_312_106,"[[22, 13, 1, 14], [12, 1, 13, 2], [14, 5, 15, 6], [18, 9, 19, 10], [8, 21, 9, 22], [6, 19, 7, 20], [20, 7, 21, 8], [10, 4, 11, 3], [16, 12, 17, 11], [2, 18, 3, 17], [4, 15, 5, 16]]"
11a_312_107,"[[4, 15, 5, 16], [22, 13, 1, 14], [12, 1, 13, 2], [14, 5, 15, 6], [18, 9, 19, 10], [8, 21, 9, 22], [6, 19, 7, 20], [20, 7, 21, 8], [10, 4, 11, 3], [16, 12, 17, 11], [2, 18, 3, 17]]"
11a_312_108,"[[2, 18, 3, 17], [4, 15, 5, 16], [22, 13, 1, 14], [12, 1, 13, 2], [14, 5, 15, 6], [18, 9, 19, 10], [8, 21, 9, 22], [6, 19, 7, 20], [20, 7, 21, 8], [10, 4, 11, 3], [16, 12, 17, 11]]"
11a_312_109,"[[16, 12, 17, 11], [2, 18, 3, 17], [4, 15, 5, 16], [22, 13, 1, 14], [12, 1, 13, 2], [14, 5, 15, 6], [18, 9, 19, 10], [8, 21, 9, 22], [6, 19, 7, 20], [20, 7, 21, 8], [10, 4, 11, 3]]"
11a_312_110,"[[11, 5, 12, 4], [17, 13, 18, 12], [3, 19, 4, 18], [5, 16, 6, 17], [1, 14, 2, 15], [13, 2, 14, 3], [15, 6, 16, 7], [19, 10, 20, 11], [9, 22, 10, 1], [7, 20, 8, 21], [21, 8, 22, 9]]"
11a_312_111,"[[21, 8, 22, 9], [11, 5, 12, 4], [17, 13, 18, 12], [3, 19, 4, 18], [5, 16, 6, 17], [1, 14, 2, 15], [13, 2, 14, 3], [15, 6, 16, 7], [19, 10, 20, 11], [9, 22, 10, 1], [7, 20, 8, 21]]"
11a_312_112,"[[7, 20, 8, 21], [21, 8, 22, 9], [11, 5, 12, 4], [17, 13, 18, 12], [3, 19, 4, 18], [5, 16, 6, 17], [1, 14, 2, 15], [13, 2, 14, 3], [15, 6, 16, 7], [19, 10, 20, 11], [9, 22, 10, 1]]"
11a_312_113,"[[9, 22, 10, 1], [7, 20, 8, 21], [21, 8, 22, 9], [11, 5, 12, 4], [17, 13, 18, 12], [3, 19, 4, 18], [5, 16, 6, 17], [1, 14, 2, 15], [13, 2, 14, 3], [15, 6, 16, 7], [19, 10, 20, 11]]"
11a_312_114,"[[19, 10, 20, 11], [9, 22, 10, 1], [7, 20, 8, 21], [21, 8, 22, 9], [11, 5, 12, 4], [17, 13, 18, 12], [3, 19, 4, 18], [5, 16, 6, 17], [1, 14, 2, 15], [13, 2, 14, 3], [15, 6, 16, 7]]"
11a_312_115,"[[15, 6, 16, 7], [19, 10, 20, 11], [9, 22, 10, 1], [7, 20, 8, 21], [21, 8, 22, 9], [11, 5, 12, 4], [17, 13, 18, 12], [3, 19, 4, 18], [5, 16, 6, 17], [1, 14, 2, 15], [13, 2, 14, 3]]"
11a_312_116,"[[13, 2, 14, 3], [15, 6, 16, 7], [19, 10, 20, 11], [9, 22, 10, 1], [7, 20, 8, 21], [21, 8, 22, 9], [11, 5, 12, 4], [17, 13, 18, 12], [3, 19, 4, 18], [5, 16, 6, 17], [1, 14, 2, 15]]"
11a_312_117,"[[1, 14, 2, 15], [13, 2, 14, 3], [15, 6, 16, 7], [19, 10, 20, 11], [9, 22, 10, 1], [7, 20, 8, 21], [21, 8, 22, 9], [11, 5, 12, 4], [17, 13, 18, 12], [3, 19, 4, 18], [5, 16, 6, 17]]"
11a_312_118,"[[5, 16, 6, 17], [1, 14, 2, 15], [13, 2, 14, 3], [15, 6, 16, 7], [19, 10, 20, 11], [9, 22, 10, 1], [7, 20, 8, 21], [21, 8, 22, 9], [11, 5, 12, 4], [17, 13, 18, 12], [3, 19, 4, 18]]"
11a_312_119,"[[3, 19, 4, 18], [5, 16, 6, 17], [1, 14, 2, 15], [13, 2, 14, 3], [15, 6, 16, 7], [19, 10, 20, 11], [9, 22, 10, 1], [7, 20, 8, 21], [21, 8, 22, 9], [11, 5, 12, 4], [17, 13, 18, 12]]"
11a_312_120,"[[17, 13, 18, 12], [3, 19, 4, 18], [5, 16, 6, 17], [1, 14, 2, 15], [13, 2, 14, 3], [15, 6, 16, 7], [19, 10, 20, 11], [9, 22, 10, 1], [7, 20, 8, 21], [21, 8, 22, 9], [11, 5, 12, 4]]"
11a_312_121,"[[12, 6, 13, 5], [18, 14, 19, 13], [4, 20, 5, 19], [6, 17, 7, 18], [2, 15, 3, 16], [14, 3, 15, 4], [16, 7, 17, 8], [20, 11, 21, 12], [10, 1, 11, 2], [8, 21, 9, 22], [22, 9, 1, 10]]"
11a_312_122,"[[22, 9, 1, 10], [12, 6, 13, 5], [18, 14, 19, 13], [4, 20, 5, 19], [6, 17, 7, 18], [2, 15, 3, 16], [14, 3, 15, 4], [16, 7, 17, 8], [20, 11, 21, 12], [10, 1, 11, 2], [8, 21, 9, 22]]"
11a_312_123,"[[8, 21, 9, 22], [22, 9, 1, 10], [12, 6, 13, 5], [18, 14, 19, 13], [4, 20, 5, 19], [6, 17, 7, 18], [2, 15, 3, 16], [14, 3, 15, 4], [16, 7, 17, 8], [20, 11, 21, 12], [10, 1, 11, 2]]"
11a_312_124,"[[10, 1, 11, 2], [8, 21, 9, 22], [22, 9, 1, 10], [12, 6, 13, 5], [18, 14, 19, 13], [4, 20, 5, 19], [6, 17, 7, 18], [2, 15, 3, 16], [14, 3, 15, 4], [16, 7, 17, 8], [20, 11, 21, 12]]"
11a_312_125,"[[20, 11, 21, 12], [10, 1, 11, 2], [8, 21, 9, 22], [22, 9, 1, 10], [12, 6, 13, 5], [18, 14, 19, 13], [4, 20, 5, 19], [6, 17, 7, 18], [2, 15, 3, 16], [14, 3, 15, 4], [16, 7, 17, 8]]"
11a_312_126,"[[16, 7, 17, 8], [20, 11, 21, 12], [10, 1, 11, 2], [8, 21, 9, 22], [22, 9, 1, 10], [12, 6, 13, 5], [18, 14, 19, 13], [4, 20, 5, 19], [6, 17, 7, 18], [2, 15, 3, 16], [14, 3, 15, 4]]"
11a_312_127,"[[14, 3, 15, 4], [16, 7, 17, 8], [20, 11, 21, 12], [10, 1, 11, 2], [8, 21, 9, 22], [22, 9, 1, 10], [12, 6, 13, 5], [18, 14, 19, 13], [4, 20, 5, 19], [6, 17, 7, 18], [2, 15, 3, 16]]"
11a_312_128,"[[2, 15, 3, 16], [14, 3, 15, 4], [16, 7, 17, 8], [20, 11, 21, 12], [10, 1, 11, 2], [8, 21, 9, 22], [22, 9, 1, 10], [12, 6, 13, 5], [18, 14, 19, 13], [4, 20, 5, 19], [6, 17, 7, 18]]"
11a_312_129,"[[6, 17, 7, 18], [2, 15, 3, 16], [14, 3, 15, 4], [16, 7, 17, 8], [20, 11, 21, 12], [10, 1, 11, 2], [8, 21, 9, 22], [22, 9, 1, 10], [12, 6, 13, 5], [18, 14, 19, 13], [4, 20, 5, 19]]"
11a_312_130,"[[4, 20, 5, 19], [6, 17, 7, 18], [2, 15, 3, 16], [14, 3, 15, 4], [16, 7, 17, 8], [20, 11, 21, 12], [10, 1, 11, 2], [8, 21, 9, 22], [22, 9, 1, 10], [12, 6, 13, 5], [18, 14, 19, 13]]"
11a_312_131,"[[18, 14, 19, 13], [4, 20, 5, 19], [6, 17, 7, 18], [2, 15, 3, 16], [14, 3, 15, 4], [16, 7, 17, 8], [20, 11, 21, 12], [10, 1, 11, 2], [8, 21, 9, 22], [22, 9, 1, 10], [12, 6, 13, 5]]"
11a_312_132,"[[13, 7, 14, 6], [19, 15, 20, 14], [5, 21, 6, 20], [7, 18, 8, 19], [3, 16, 4, 17], [15, 4, 16, 5], [17, 8, 18, 9], [21, 12, 22, 13], [11, 2, 12, 3], [9, 22, 10, 1], [1, 10, 2, 11]]"
11a_312_133,"[[1, 10, 2, 11], [13, 7, 14, 6], [19, 15, 20, 14], [5, 21, 6, 20], [7, 18, 8, 19], [3, 16, 4, 17], [15, 4, 16, 5], [17, 8, 18, 9], [21, 12, 22, 13], [11, 2, 12, 3], [9, 22, 10, 1]]"
11a_312_134,"[[9, 22, 10, 1], [1, 10, 2, 11], [13, 7, 14, 6], [19, 15, 20, 14], [5, 21, 6, 20], [7, 18, 8, 19], [3, 16, 4, 17], [15, 4, 16, 5], [17, 8, 18, 9], [21, 12, 22, 13], [11, 2, 12, 3]]"
11a_312_135,"[[11, 2, 12, 3], [9, 22, 10, 1], [1, 10, 2, 11], [13, 7, 14, 6], [19, 15, 20, 14], [5, 21, 6, 20], [7, 18, 8, 19], [3, 16, 4, 17], [15, 4, 16, 5], [17, 8, 18, 9], [21, 12, 22, 13]]"
11a_312_136,"[[21, 12, 22, 13], [11, 2, 12, 3], [9, 22, 10, 1], [1, 10, 2, 11], [13, 7, 14, 6], [19, 15, 20, 14], [5, 21, 6, 20], [7, 18, 8, 19], [3, 16, 4, 17], [15, 4, 16, 5], [17, 8, 18, 9]]"
11a_312_137,"[[17, 8, 18, 9], [21, 12, 22, 13], [11, 2, 12, 3], [9, 22, 10, 1], [1, 10, 2, 11], [13, 7, 14, 6], [19, 15, 20, 14], [5, 21, 6, 20], [7, 18, 8, 19], [3, 16, 4, 17], [15, 4, 16, 5]]"
11a_312_138,"[[15, 4, 16, 5], [17, 8, 18, 9], [21, 12, 22, 13], [11, 2, 12, 3], [9, 22, 10, 1], [1, 10, 2, 11], [13, 7, 14, 6], [19, 15, 20, 14], [5, 21, 6, 20], [7, 18, 8, 19], [3, 16, 4, 17]]"
11a_312_139,"[[3, 16, 4, 17], [15, 4, 16, 5], [17, 8, 18, 9], [21, 12, 22, 13], [11, 2, 12, 3], [9, 22, 10, 1], [1, 10, 2, 11], [13, 7, 14, 6], [19, 15, 20, 14], [5, 21, 6, 20], [7, 18, 8, 19]]"
11a_312_140,"[[7, 18, 8, 19], [3, 16, 4, 17], [15, 4, 16, 5], [17, 8, 18, 9], [21, 12, 22, 13], [11, 2, 12, 3], [9, 22, 10, 1], [1, 10, 2, 11], [13, 7, 14, 6], [19, 15, 20, 14], [5, 21, 6, 20]]"
11a_312_141,"[[5, 21, 6, 20], [7, 18, 8, 19], [3, 16, 4, 17], [15, 4, 16, 5], [17, 8, 18, 9], [21, 12, 22, 13], [11, 2, 12, 3], [9, 22, 10, 1], [1, 10, 2, 11], [13, 7, 14, 6], [19, 15, 20, 14]]"
11a_312_142,"[[19, 15, 20, 14], [5, 21, 6, 20], [7, 18, 8, 19], [3, 16, 4, 17], [15, 4, 16, 5], [17, 8, 18, 9], [21, 12, 22, 13], [11, 2, 12, 3], [9, 22, 10, 1], [1, 10, 2, 11], [13, 7, 14, 6]]"
11a_312_143,"[[14, 8, 15, 7], [20, 16, 21, 15], [6, 22, 7, 21], [8, 19, 9, 20], [4, 17, 5, 18], [16, 5, 17, 6], [18, 9, 19, 10], [22, 13, 1, 14], [12, 3, 13, 4], [10, 1, 11, 2], [2, 11, 3, 12]]"
11a_312_144,"[[2, 11, 3, 12], [14, 8, 15, 7], [20, 16, 21, 15], [6, 22, 7, 21], [8, 19, 9, 20], [4, 17, 5, 18], [16, 5, 17, 6], [18, 9, 19, 10], [22, 13, 1, 14], [12, 3, 13, 4], [10, 1, 11, 2]]"
11a_312_145,"[[10, 1, 11, 2], [2, 11, 3, 12], [14, 8, 15, 7], [20, 16, 21, 15], [6, 22, 7, 21], [8, 19, 9, 20], [4, 17, 5, 18], [16, 5, 17, 6], [18, 9, 19, 10], [22, 13, 1, 14], [12, 3, 13, 4]]"
11a_312_146,"[[12, 3, 13, 4], [10, 1, 11, 2], [2, 11, 3, 12], [14, 8, 15, 7], [20, 16, 21, 15], [6, 22, 7, 21], [8, 19, 9, 20], [4, 17, 5, 18], [16, 5, 17, 6], [18, 9, 19, 10], [22, 13, 1, 14]]"
11a_312_147,"[[22, 13, 1, 14], [12, 3, 13, 4], [10, 1, 11, 2], [2, 11, 3, 12], [14, 8, 15, 7], [20, 16, 21, 15], [6, 22, 7, 21], [8, 19, 9, 20], [4, 17, 5, 18], [16, 5, 17, 6], [18, 9, 19, 10]]"
11a_312_148,"[[18, 9, 19, 10], [22, 13, 1, 14], [12, 3, 13, 4], [10, 1, 11, 2], [2, 11, 3, 12], [14, 8, 15, 7], [20, 16, 21, 15], [6, 22, 7, 21], [8, 19, 9, 20], [4, 17, 5, 18], [16, 5, 17, 6]]"
11a_312_149,"[[16, 5, 17, 6], [18, 9, 19, 10], [22, 13, 1, 14], [12, 3, 13, 4], [10, 1, 11, 2], [2, 11, 3, 12], [14, 8, 15, 7], [20, 16, 21, 15], [6, 22, 7, 21], [8, 19, 9, 20], [4, 17, 5, 18]]"
11a_312_150,"[[4, 17, 5, 18], [16, 5, 17, 6], [18, 9, 19, 10], [22, 13, 1, 14], [12, 3, 13, 4], [10, 1, 11, 2], [2, 11, 3, 12], [14, 8, 15, 7], [20, 16, 21, 15], [6, 22, 7, 21], [8, 19, 9, 20]]"
11a_312_151,"[[8, 19, 9, 20], [4, 17, 5, 18], [16, 5, 17, 6], [18, 9, 19, 10], [22, 13, 1, 14], [12, 3, 13, 4], [10, 1, 11, 2], [2, 11, 3, 12], [14, 8, 15, 7], [20, 16, 21, 15], [6, 22, 7, 21]]"
11a_312_152,"[[6, 22, 7, 21], [8, 19, 9, 20], [4, 17, 5, 18], [16, 5, 17, 6], [18, 9, 19, 10], [22, 13, 1, 14], [12, 3, 13, 4], [10, 1, 11, 2], [2, 11, 3, 12], [14, 8, 15, 7], [20, 16, 21, 15]]"
11a_312_153,"[[20, 16, 21, 15], [6, 22, 7, 21], [8, 19, 9, 20], [4, 17, 5, 18], [16, 5, 17, 6], [18, 9, 19, 10], [22, 13, 1, 14], [12, 3, 13, 4], [10, 1, 11, 2], [2, 11, 3, 12], [14, 8, 15, 7]]"
11a_312_154,"[[15, 9, 16, 8], [21, 17, 22, 16], [7, 1, 8, 22], [9, 20, 10, 21], [5, 18, 6, 19], [17, 6, 18, 7], [19, 10, 20, 11], [1, 14, 2, 15], [13, 4, 14, 5], [11, 2, 12, 3], [3, 12, 4, 13]]"
11a_312_155,"[[3, 12, 4, 13], [15, 9, 16, 8], [21, 17, 22, 16], [7, 1, 8, 22], [9, 20, 10, 21], [5, 18, 6, 19], [17, 6, 18, 7], [19, 10, 20, 11], [1, 14, 2, 15], [13, 4, 14, 5], [11, 2, 12, 3]]"
11a_312_156,"[[11, 2, 12, 3], [3, 12, 4, 13], [15, 9, 16, 8], [21, 17, 22, 16], [7, 1, 8, 22], [9, 20, 10, 21], [5, 18, 6, 19], [17, 6, 18, 7], [19, 10, 20, 11], [1, 14, 2, 15], [13, 4, 14, 5]]"
11a_312_157,"[[13, 4, 14, 5], [11, 2, 12, 3], [3, 12, 4, 13], [15, 9, 16, 8], [21, 17, 22, 16], [7, 1, 8, 22], [9, 20, 10, 21], [5, 18, 6, 19], [17, 6, 18, 7], [19, 10, 20, 11], [1, 14, 2, 15]]"
11a_312_158,"[[1, 14, 2, 15], [13, 4, 14, 5], [11, 2, 12, 3], [3, 12, 4, 13], [15, 9, 16, 8], [21, 17, 22, 16], [7, 1, 8, 22], [9, 20, 10, 21], [5, 18, 6, 19], [17, 6, 18, 7], [19, 10, 20, 11]]"
11a_312_159,"[[19, 10, 20, 11], [1, 14, 2, 15], [13, 4, 14, 5], [11, 2, 12, 3], [3, 12, 4, 13], [15, 9, 16, 8], [21, 17, 22, 16], [7, 1, 8, 22], [9, 20, 10, 21], [5, 18, 6, 19], [17, 6, 18, 7]]"
11a_312_160,"[[17, 6, 18, 7], [19, 10, 20, 11], [1, 14, 2, 15], [13, 4, 14, 5], [11, 2, 12, 3], [3, 12, 4, 13], [15, 9, 16, 8], [21, 17, 22, 16], [7, 1, 8, 22], [9, 20, 10, 21], [5, 18, 6, 19]]"
11a_312_161,"[[5, 18, 6, 19], [17, 6, 18, 7], [19, 10, 20, 11], [1, 14, 2, 15], [13, 4, 14, 5], [11, 2, 12, 3], [3, 12, 4, 13], [15, 9, 16, 8], [21, 17, 22, 16], [7, 1, 8, 22], [9, 20, 10, 21]]"
11a_312_162,"[[9, 20, 10, 21], [5, 18, 6, 19], [17, 6, 18, 7], [19, 10, 20, 11], [1, 14, 2, 15], [13, 4, 14, 5], [11, 2, 12, 3], [3, 12, 4, 13], [15, 9, 16, 8], [21, 17, 22, 16], [7, 1, 8, 22]]"
11a_312_163,"[[7, 1, 8, 22], [9, 20, 10, 21], [5, 18, 6, 19], [17, 6, 18, 7], [19, 10, 20, 11], [1, 14, 2, 15], [13, 4, 14, 5], [11, 2, 12, 3], [3, 12, 4, 13], [15, 9, 16, 8], [21, 17, 22, 16]]"
11a_312_164,"[[21, 17, 22, 16], [7, 1, 8, 22], [9, 20, 10, 21], [5, 18, 6, 19], [17, 6, 18, 7], [19, 10, 20, 11], [1, 14, 2, 15], [13, 4, 14, 5], [11, 2, 12, 3], [3, 12, 4, 13], [15, 9, 16, 8]]"
11a_312_165,"[[16, 10, 17, 9], [22, 18, 1, 17], [8, 2, 9, 1], [10, 21, 11, 22], [6, 19, 7, 20], [18, 7, 19, 8], [20, 11, 21, 12], [2, 15, 3, 16], [14, 5, 15, 6], [12, 3, 13, 4], [4, 13, 5, 14]]"
11a_312_166,"[[4, 13, 5, 14], [16, 10, 17, 9], [22, 18, 1, 17], [8, 2, 9, 1], [10, 21, 11, 22], [6, 19, 7, 20], [18, 7, 19, 8], [20, 11, 21, 12], [2, 15, 3, 16], [14, 5, 15, 6], [12, 3, 13, 4]]"
11a_312_167,"[[12, 3, 13, 4], [4, 13, 5, 14], [16, 10, 17, 9], [22, 18, 1, 17], [8, 2, 9, 1], [10, 21, 11, 22], [6, 19, 7, 20], [18, 7, 19, 8], [20, 11, 21, 12], [2, 15, 3, 16], [14, 5, 15, 6]]"
11a_312_168,"[[14, 5, 15, 6], [12, 3, 13, 4], [4, 13, 5, 14], [16, 10, 17, 9], [22, 18, 1, 17], [8, 2, 9, 1], [10, 21, 11, 22], [6, 19, 7, 20], [18, 7, 19, 8], [20, 11, 21, 12], [2, 15, 3, 16]]"
11a_312_169,"[[2, 15, 3, 16], [14, 5, 15, 6], [12, 3, 13, 4], [4, 13, 5, 14], [16, 10, 17, 9], [22, 18, 1, 17], [8, 2, 9, 1], [10, 21, 11, 22], [6, 19, 7, 20], [18, 7, 19, 8], [20, 11, 21, 12]]"
11a_312_170,"[[20, 11, 21, 12], [2, 15, 3, 16], [14, 5, 15, 6], [12, 3, 13, 4], [4, 13, 5, 14], [16, 10, 17, 9], [22, 18, 1, 17], [8, 2, 9, 1], [10, 21, 11, 22], [6, 19, 7, 20], [18, 7, 19, 8]]"
11a_312_171,"[[18, 7, 19, 8], [20, 11, 21, 12], [2, 15, 3, 16], [14, 5, 15, 6], [12, 3, 13, 4], [4, 13, 5, 14], [16, 10, 17, 9], [22, 18, 1, 17], [8, 2, 9, 1], [10, 21, 11, 22], [6, 19, 7, 20]]"
11a_312_172,"[[6, 19, 7, 20], [18, 7, 19, 8], [20, 11, 21, 12], [2, 15, 3, 16], [14, 5, 15, 6], [12, 3, 13, 4], [4, 13, 5, 14], [16, 10, 17, 9], [22, 18, 1, 17], [8, 2, 9, 1], [10, 21, 11, 22]]"
11a_312_173,"[[10, 21, 11, 22], [6, 19, 7, 20], [18, 7, 19, 8], [20, 11, 21, 12], [2, 15, 3, 16], [14, 5, 15, 6], [12, 3, 13, 4], [4, 13, 5, 14], [16, 10, 17, 9], [22, 18, 1, 17], [8, 2, 9, 1]]"
11a_312_174,"[[8, 2, 9, 1], [10, 21, 11, 22], [6, 19, 7, 20], [18, 7, 19, 8], [20, 11, 21, 12], [2, 15, 3, 16], [14, 5, 15, 6], [12, 3, 13, 4], [4, 13, 5, 14], [16, 10, 17, 9], [22, 18, 1, 17]]"
11a_312_175,"[[22, 18, 1, 17], [8, 2, 9, 1], [10, 21, 11, 22], [6, 19, 7, 20], [18, 7, 19, 8], [20, 11, 21, 12], [2, 15, 3, 16], [14, 5, 15, 6], [12, 3, 13, 4], [4, 13, 5, 14], [16, 10, 17, 9]]"
11a_312_176,"[[17, 11, 18, 10], [1, 19, 2, 18], [9, 3, 10, 2], [11, 22, 12, 1], [7, 20, 8, 21], [19, 8, 20, 9], [21, 12, 22, 13], [3, 16, 4, 17], [15, 6, 16, 7], [13, 4, 14, 5], [5, 14, 6, 15]]"
11a_312_177,"[[5, 14, 6, 15], [17, 11, 18, 10], [1, 19, 2, 18], [9, 3, 10, 2], [11, 22, 12, 1], [7, 20, 8, 21], [19, 8, 20, 9], [21, 12, 22, 13], [3, 16, 4, 17], [15, 6, 16, 7], [13, 4, 14, 5]]"
11a_312_178,"[[13, 4, 14, 5], [5, 14, 6, 15], [17, 11, 18, 10], [1, 19, 2, 18], [9, 3, 10, 2], [11, 22, 12, 1], [7, 20, 8, 21], [19, 8, 20, 9], [21, 12, 22, 13], [3, 16, 4, 17], [15, 6, 16, 7]]"
11a_312_179,"[[15, 6, 16, 7], [13, 4, 14, 5], [5, 14, 6, 15], [17, 11, 18, 10], [1, 19, 2, 18], [9, 3, 10, 2], [11, 22, 12, 1], [7, 20, 8, 21], [19, 8, 20, 9], [21, 12, 22, 13], [3, 16, 4, 17]]"
11a_312_180,"[[3, 16, 4, 17], [15, 6, 16, 7], [13, 4, 14, 5], [5, 14, 6, 15], [17, 11, 18, 10], [1, 19, 2, 18], [9, 3, 10, 2], [11, 22, 12, 1], [7, 20, 8, 21], [19, 8, 20, 9], [21, 12, 22, 13]]"
11a_312_181,"[[21, 12, 22, 13], [3, 16, 4, 17], [15, 6, 16, 7], [13, 4, 14, 5], [5, 14, 6, 15], [17, 11, 18, 10], [1, 19, 2, 18], [9, 3, 10, 2], [11, 22, 12, 1], [7, 20, 8, 21], [19, 8, 20, 9]]"
11a_312_182,"[[19, 8, 20, 9], [21, 12, 22, 13], [3, 16, 4, 17], [15, 6, 16, 7], [13, 4, 14, 5], [5, 14, 6, 15], [17, 11, 18, 10], [1, 19, 2, 18], [9, 3, 10, 2], [11, 22, 12, 1], [7, 20, 8, 21]]"
11a_312_183,"[[7, 20, 8, 21], [19, 8, 20, 9], [21, 12, 22, 13], [3, 16, 4, 17], [15, 6, 16, 7], [13, 4, 14, 5], [5, 14, 6, 15], [17, 11, 18, 10], [1, 19, 2, 18], [9, 3, 10, 2], [11, 22, 12, 1]]"
11a_312_184,"[[11, 22, 12, 1], [7, 20, 8, 21], [19, 8, 20, 9], [21, 12, 22, 13], [3, 16, 4, 17], [15, 6, 16, 7], [13, 4, 14, 5], [5, 14, 6, 15], [17, 11, 18, 10], [1, 19, 2, 18], [9, 3, 10, 2]]"
11a_312_185,"[[9, 3, 10, 2], [11, 22, 12, 1], [7, 20, 8, 21], [19, 8, 20, 9], [21, 12, 22, 13], [3, 16, 4, 17], [15, 6, 16, 7], [13, 4, 14, 5], [5, 14, 6, 15], [17, 11, 18, 10], [1, 19, 2, 18]]"
11a_312_186,"[[1, 19, 2, 18], [9, 3, 10, 2], [11, 22, 12, 1], [7, 20, 8, 21], [19, 8, 20, 9], [21, 12, 22, 13], [3, 16, 4, 17], [15, 6, 16, 7], [13, 4, 14, 5], [5, 14, 6, 15], [17, 11, 18, 10]]"
11a_312_187,"[[18, 12, 19, 11], [2, 20, 3, 19], [10, 4, 11, 3], [12, 1, 13, 2], [8, 21, 9, 22], [20, 9, 21, 10], [22, 13, 1, 14], [4, 17, 5, 18], [16, 7, 17, 8], [14, 5, 15, 6], [6, 15, 7, 16]]"
11a_312_188,"[[6, 15, 7, 16], [18, 12, 19, 11], [2, 20, 3, 19], [10, 4, 11, 3], [12, 1, 13, 2], [8, 21, 9, 22], [20, 9, 21, 10], [22, 13, 1, 14], [4, 17, 5, 18], [16, 7, 17, 8], [14, 5, 15, 6]]"
11a_312_189,"[[14, 5, 15, 6], [6, 15, 7, 16], [18, 12, 19, 11], [2, 20, 3, 19], [10, 4, 11, 3], [12, 1, 13, 2], [8, 21, 9, 22], [20, 9, 21, 10], [22, 13, 1, 14], [4, 17, 5, 18], [16, 7, 17, 8]]"
11a_312_190,"[[16, 7, 17, 8], [14, 5, 15, 6], [6, 15, 7, 16], [18, 12, 19, 11], [2, 20, 3, 19], [10, 4, 11, 3], [12, 1, 13, 2], [8, 21, 9, 22], [20, 9, 21, 10], [22, 13, 1, 14], [4, 17, 5, 18]]"
11a_312_191,"[[4, 17, 5, 18], [16, 7, 17, 8], [14, 5, 15, 6], [6, 15, 7, 16], [18, 12, 19, 11], [2, 20, 3, 19], [10, 4, 11, 3], [12, 1, 13, 2], [8, 21, 9, 22], [20, 9, 21, 10], [22, 13, 1, 14]]"
11a_312_192,"[[22, 13, 1, 14], [4, 17, 5, 18], [16, 7, 17, 8], [14, 5, 15, 6], [6, 15, 7, 16], [18, 12, 19, 11], [2, 20, 3, 19], [10, 4, 11, 3], [12, 1, 13, 2], [8, 21, 9, 22], [20, 9, 21, 10]]"
11a_312_193,"[[20, 9, 21, 10], [22, 13, 1, 14], [4, 17, 5, 18], [16, 7, 17, 8], [14, 5, 15, 6], [6, 15, 7, 16], [18, 12, 19, 11], [2, 20, 3, 19], [10, 4, 11, 3], [12, 1, 13, 2], [8, 21, 9, 22]]"
11a_312_194,"[[8, 21, 9, 22], [20, 9, 21, 10], [22, 13, 1, 14], [4, 17, 5, 18], [16, 7, 17, 8], [14, 5, 15, 6], [6, 15, 7, 16], [18, 12, 19, 11], [2, 20, 3, 19], [10, 4, 11, 3], [12, 1, 13, 2]]"
11a_312_195,"[[12, 1, 13, 2], [8, 21, 9, 22], [20, 9, 21, 10], [22, 13, 1, 14], [4, 17, 5, 18], [16, 7, 17, 8], [14, 5, 15, 6], [6, 15, 7, 16], [18, 12, 19, 11], [2, 20, 3, 19], [10, 4, 11, 3]]"
11a_312_196,"[[10, 4, 11, 3], [12, 1, 13, 2], [8, 21, 9, 22], [20, 9, 21, 10], [22, 13, 1, 14], [4, 17, 5, 18], [16, 7, 17, 8], [14, 5, 15, 6], [6, 15, 7, 16], [18, 12, 19, 11], [2, 20, 3, 19]]"
11a_312_197,"[[2, 20, 3, 19], [10, 4, 11, 3], [12, 1, 13, 2], [8, 21, 9, 22], [20, 9, 21, 10], [22, 13, 1, 14], [4, 17, 5, 18], [16, 7, 17, 8], [14, 5, 15, 6], [6, 15, 7, 16], [18, 12, 19, 11]]"
11a_312_198,"[[19, 13, 20, 12], [3, 21, 4, 20], [11, 5, 12, 4], [13, 2, 14, 3], [9, 22, 10, 1], [21, 10, 22, 11], [1, 14, 2, 15], [5, 18, 6, 19], [17, 8, 18, 9], [15, 6, 16, 7], [7, 16, 8, 17]]"
11a_312_199,"[[7, 16, 8, 17], [19, 13, 20, 12], [3, 21, 4, 20], [11, 5, 12, 4], [13, 2, 14, 3], [9, 22, 10, 1], [21, 10, 22, 11], [1, 14, 2, 15], [5, 18, 6, 19], [17, 8, 18, 9], [15, 6, 16, 7]]"
11a_312_200,"[[15, 6, 16, 7], [7, 16, 8, 17], [19, 13, 20, 12], [3, 21, 4, 20], [11, 5, 12, 4], [13, 2, 14, 3], [9, 22, 10, 1], [21, 10, 22, 11], [1, 14, 2, 15], [5, 18, 6, 19], [17, 8, 18, 9]]"
11a_312_201,"[[17, 8, 18, 9], [15, 6, 16, 7], [7, 16, 8, 17], [19, 13, 20, 12], [3, 21, 4, 20], [11, 5, 12, 4], [13, 2, 14, 3], [9, 22, 10, 1], [21, 10, 22, 11], [1, 14, 2, 15], [5, 18, 6, 19]]"
11a_312_202,"[[5, 18, 6, 19], [17, 8, 18, 9], [15, 6, 16, 7], [7, 16, 8, 17], [19, 13, 20, 12], [3, 21, 4, 20], [11, 5, 12, 4], [13, 2, 14, 3], [9, 22, 10, 1], [21, 10, 22, 11], [1, 14, 2, 15]]"
11a_312_203,"[[1, 14, 2, 15], [5, 18, 6, 19], [17, 8, 18, 9], [15, 6, 16, 7], [7, 16, 8, 17], [19, 13, 20, 12], [3, 21, 4, 20], [11, 5, 12, 4], [13, 2, 14, 3], [9, 22, 10, 1], [21, 10, 22, 11]]"
