name,pd_notation
11a_109_0,"[[3, 11, 4, 10], [5, 3, 6, 2], [11, 5, 12, 4], [21, 12, 22, 13], [15, 6, 16, 7], [7, 20, 8, 21], [17, 9, 18, 8], [19, 17, 20, 16], [9, 19, 10, 18], [1, 14, 2, 15], [13, 22, 14, 1]]"
11a_109_1,"[[13, 22, 14, 1], [3, 11, 4, 10], [5, 3, 6, 2], [11, 5, 12, 4], [21, 12, 22, 13], [15, 6, 16, 7], [7, 20, 8, 21], [17, 9, 18, 8], [19, 17, 20, 16], [9, 19, 10, 18], [1, 14, 2, 15]]"
11a_109_2,"[[1, 14, 2, 15], [13, 22, 14, 1], [3, 11, 4, 10], [5, 3, 6, 2], [11, 5, 12, 4], [21, 12, 22, 13], [15, 6, 16, 7], [7, 20, 8, 21], [17, 9, 18, 8], [19, 17, 20, 16], [9, 19, 10, 18]]"
11a_109_3,"[[9, 19, 10, 18], [1, 14, 2, 15], [13, 22, 14, 1], [3, 11, 4, 10], [5, 3, 6, 2], [11, 5, 12, 4], [21, 12, 22, 13], [15, 6, 16, 7], [7, 20, 8, 21], [17, 9, 18, 8], [19, 17, 20, 16]]"
11a_109_4,"[[19, 17, 20, 16], [9, 19, 10, 18], [1, 14, 2, 15], [13, 22, 14, 1], [3, 11, 4, 10], [5, 3, 6, 2], [11, 5, 12, 4], [21, 12, 22, 13], [15, 6, 16, 7], [7, 20, 8, 21], [17, 9, 18, 8]]"
11a_109_5,"[[17, 9, 18, 8], [19, 17, 20, 16], [9, 19, 10, 18], [1, 14, 2, 15], [13, 22, 14, 1], [3, 11, 4, 10], [5, 3, 6, 2], [11, 5, 12, 4], [21, 12, 22, 13], [15, 6, 16, 7], [7, 20, 8, 21]]"
11a_109_6,"[[7, 20, 8, 21], [17, 9, 18, 8], [19, 17, 20, 16], [9, 19, 10, 18], [1, 14, 2, 15], [13, 22, 14, 1], [3, 11, 4, 10], [5, 3, 6, 2], [11, 5, 12, 4], [21, 12, 22, 13], [15, 6, 16, 7]]"
11a_109_7,"[[15, 6, 16, 7], [7, 20, 8, 21], [17, 9, 18, 8], [19, 17, 20, 16], [9, 19, 10, 18], [1, 14, 2, 15], [13, 22, 14, 1], [3, 11, 4, 10], [5, 3, 6, 2], [11, 5, 12, 4], [21, 12, 22, 13]]"
11a_109_8,"[[21, 12, 22, 13], [15, 6, 16, 7], [7, 20, 8, 21], [17, 9, 18, 8], [19, 17, 20, 16], [9, 19, 10, 18], [1, 14, 2, 15], [13, 22, 14, 1], [3, 11, 4, 10], [5, 3, 6, 2], [11, 5, 12, 4]]"
11a_109_9,"[[11, 5, 12, 4], [21, 12, 22, 13], [15, 6, 16, 7], [7, 20, 8, 21], [17, 9, 18, 8], [19, 17, 20, 16], [9, 19, 10, 18], [1, 14, 2, 15], [13, 22, 14, 1], [3, 11, 4, 10], [5, 3, 6, 2]]"
11a_109_10,"[[5, 3, 6, 2], [11, 5, 12, 4], [21, 12, 22, 13], [15, 6, 16, 7], [7, 20, 8, 21], [17, 9, 18, 8], [19, 17, 20, 16], [9, 19, 10, 18], [1, 14, 2, 15], [13, 22, 14, 1], [3, 11, 4, 10]]"
11a_109_11,"[[4, 12, 5, 11], [6, 4, 7, 3], [12, 6, 13, 5], [22, 13, 1, 14], [16, 7, 17, 8], [8, 21, 9, 22], [18, 10, 19, 9], [20, 18, 21, 17], [10, 20, 11, 19], [2, 15, 3, 16], [14, 1, 15, 2]]"
11a_109_12,"[[14, 1, 15, 2], [4, 12, 5, 11], [6, 4, 7, 3], [12, 6, 13, 5], [22, 13, 1, 14], [16, 7, 17, 8], [8, 21, 9, 22], [18, 10, 19, 9], [20, 18, 21, 17], [10, 20, 11, 19], [2, 15, 3, 16]]"
11a_109_13,"[[2, 15, 3, 16], [14, 1, 15, 2], [4, 12, 5, 11], [6, 4, 7, 3], [12, 6, 13, 5], [22, 13, 1, 14], [16, 7, 17, 8], [8, 21, 9, 22], [18, 10, 19, 9], [20, 18, 21, 17], [10, 20, 11, 19]]"
11a_109_14,"[[10, 20, 11, 19], [2, 15, 3, 16], [14, 1, 15, 2], [4, 12, 5, 11], [6, 4, 7, 3], [12, 6, 13, 5], [22, 13, 1, 14], [16, 7, 17, 8], [8, 21, 9, 22], [18, 10, 19, 9], [20, 18, 21, 17]]"
11a_109_15,"[[20, 18, 21, 17], [10, 20, 11, 19], [2, 15, 3, 16], [14, 1, 15, 2], [4, 12, 5, 11], [6, 4, 7, 3], [12, 6, 13, 5], [22, 13, 1, 14], [16, 7, 17, 8], [8, 21, 9, 22], [18, 10, 19, 9]]"
11a_109_16,"[[18, 10, 19, 9], [20, 18, 21, 17], [10, 20, 11, 19], [2, 15, 3, 16], [14, 1, 15, 2], [4, 12, 5, 11], [6, 4, 7, 3], [12, 6, 13, 5], [22, 13, 1, 14], [16, 7, 17, 8], [8, 21, 9, 22]]"
11a_109_17,"[[8, 21, 9, 22], [18, 10, 19, 9], [20, 18, 21, 17], [10, 20, 11, 19], [2, 15, 3, 16], [14, 1, 15, 2], [4, 12, 5, 11], [6, 4, 7, 3], [12, 6, 13, 5], [22, 13, 1, 14], [16, 7, 17, 8]]"
11a_109_18,"[[16, 7, 17, 8], [8, 21, 9, 22], [18, 10, 19, 9], [20, 18, 21, 17], [10, 20, 11, 19], [2, 15, 3, 16], [14, 1, 15, 2], [4, 12, 5, 11], [6, 4, 7, 3], [12, 6, 13, 5], [22, 13, 1, 14]]"
11a_109_19,"[[22, 13, 1, 14], [16, 7, 17, 8], [8, 21, 9, 22], [18, 10, 19, 9], [20, 18, 21, 17], [10, 20, 11, 19], [2, 15, 3, 16], [14, 1, 15, 2], [4, 12, 5, 11], [6, 4, 7, 3], [12, 6, 13, 5]]"
11a_109_20,"[[12, 6, 13, 5], [22, 13, 1, 14], [16, 7, 17, 8], [8, 21, 9, 22], [18, 10, 19, 9], [20, 18, 21, 17], [10, 20, 11, 19], [2, 15, 3, 16], [14, 1, 15, 2], [4, 12, 5, 11], [6, 4, 7, 3]]"
11a_109_21,"[[6, 4, 7, 3], [12, 6, 13, 5], [22, 13, 1, 14], [16, 7, 17, 8], [8, 21, 9, 22], [18, 10, 19, 9], [20, 18, 21, 17], [10, 20, 11, 19], [2, 15, 3, 16], [14, 1, 15, 2], [4, 12, 5, 11]]"
11a_109_22,"[[5, 13, 6, 12], [7, 5, 8, 4], [13, 7, 14, 6], [1, 14, 2, 15], [17, 8, 18, 9], [9, 22, 10, 1], [19, 11, 20, 10], [21, 19, 22, 18], [11, 21, 12, 20], [3, 16, 4, 17], [15, 2, 16, 3]]"
11a_109_23,"[[15, 2, 16, 3], [5, 13, 6, 12], [7, 5, 8, 4], [13, 7, 14, 6], [1, 14, 2, 15], [17, 8, 18, 9], [9, 22, 10, 1], [19, 11, 20, 10], [21, 19, 22, 18], [11, 21, 12, 20], [3, 16, 4, 17]]"
11a_109_24,"[[3, 16, 4, 17], [15, 2, 16, 3], [5, 13, 6, 12], [7, 5, 8, 4], [13, 7, 14, 6], [1, 14, 2, 15], [17, 8, 18, 9], [9, 22, 10, 1], [19, 11, 20, 10], [21, 19, 22, 18], [11, 21, 12, 20]]"
11a_109_25,"[[11, 21, 12, 20], [3, 16, 4, 17], [15, 2, 16, 3], [5, 13, 6, 12], [7, 5, 8, 4], [13, 7, 14, 6], [1, 14, 2, 15], [17, 8, 18, 9], [9, 22, 10, 1], [19, 11, 20, 10], [21, 19, 22, 18]]"
11a_109_26,"[[21, 19, 22, 18], [11, 21, 12, 20], [3, 16, 4, 17], [15, 2, 16, 3], [5, 13, 6, 12], [7, 5, 8, 4], [13, 7, 14, 6], [1, 14, 2, 15], [17, 8, 18, 9], [9, 22, 10, 1], [19, 11, 20, 10]]"
11a_109_27,"[[19, 11, 20, 10], [21, 19, 22, 18], [11, 21, 12, 20], [3, 16, 4, 17], [15, 2, 16, 3], [5, 13, 6, 12], [7, 5, 8, 4], [13, 7, 14, 6], [1, 14, 2, 15], [17, 8, 18, 9], [9, 22, 10, 1]]"
11a_109_28,"[[9, 22, 10, 1], [19, 11, 20, 10], [21, 19, 22, 18], [11, 21, 12, 20], [3, 16, 4, 17], [15, 2, 16, 3], [5, 13, 6, 12], [7, 5, 8, 4], [13, 7, 14, 6], [1, 14, 2, 15], [17, 8, 18, 9]]"
11a_109_29,"[[17, 8, 18, 9], [9, 22, 10, 1], [19, 11, 20, 10], [21, 19, 22, 18], [11, 21, 12, 20], [3, 16, 4, 17], [15, 2, 16, 3], [5, 13, 6, 12], [7, 5, 8, 4], [13, 7, 14, 6], [1, 14, 2, 15]]"
11a_109_30,"[[1, 14, 2, 15], [17, 8, 18, 9], [9, 22, 10, 1], [19, 11, 20, 10], [21, 19, 22, 18], [11, 21, 12, 20], [3, 16, 4, 17], [15, 2, 16, 3], [5, 13, 6, 12], [7, 5, 8, 4], [13, 7, 14, 6]]"
11a_109_31,"[[13, 7, 14, 6], [1, 14, 2, 15], [17, 8, 18, 9], [9, 22, 10, 1], [19, 11, 20, 10], [21, 19, 22, 18], [11, 21, 12, 20], [3, 16, 4, 17], [15, 2, 16, 3], [5, 13, 6, 12], [7, 5, 8, 4]]"
11a_109_32,"[[7, 5, 8, 4], [13, 7, 14, 6], [1, 14, 2, 15], [17, 8, 18, 9], [9, 22, 10, 1], [19, 11, 20, 10], [21, 19, 22, 18], [11, 21, 12, 20], [3, 16, 4, 17], [15, 2, 16, 3], [5, 13, 6, 12]]"
11a_109_33,"[[6, 14, 7, 13], [8, 6, 9, 5], [14, 8, 15, 7], [2, 15, 3, 16], [18, 9, 19, 10], [10, 1, 11, 2], [20, 12, 21, 11], [22, 20, 1, 19], [12, 22, 13, 21], [4, 17, 5, 18], [16, 3, 17, 4]]"
11a_109_34,"[[16, 3, 17, 4], [6, 14, 7, 13], [8, 6, 9, 5], [14, 8, 15, 7], [2, 15, 3, 16], [18, 9, 19, 10], [10, 1, 11, 2], [20, 12, 21, 11], [22, 20, 1, 19], [12, 22, 13, 21], [4, 17, 5, 18]]"
11a_109_35,"[[4, 17, 5, 18], [16, 3, 17, 4], [6, 14, 7, 13], [8, 6, 9, 5], [14, 8, 15, 7], [2, 15, 3, 16], [18, 9, 19, 10], [10, 1, 11, 2], [20, 12, 21, 11], [22, 20, 1, 19], [12, 22, 13, 21]]"
11a_109_36,"[[12, 22, 13, 21], [4, 17, 5, 18], [16, 3, 17, 4], [6, 14, 7, 13], [8, 6, 9, 5], [14, 8, 15, 7], [2, 15, 3, 16], [18, 9, 19, 10], [10, 1, 11, 2], [20, 12, 21, 11], [22, 20, 1, 19]]"
11a_109_37,"[[22, 20, 1, 19], [12, 22, 13, 21], [4, 17, 5, 18], [16, 3, 17, 4], [6, 14, 7, 13], [8, 6, 9, 5], [14, 8, 15, 7], [2, 15, 3, 16], [18, 9, 19, 10], [10, 1, 11, 2], [20, 12, 21, 11]]"
11a_109_38,"[[20, 12, 21, 11], [22, 20, 1, 19], [12, 22, 13, 21], [4, 17, 5, 18], [16, 3, 17, 4], [6, 14, 7, 13], [8, 6, 9, 5], [14, 8, 15, 7], [2, 15, 3, 16], [18, 9, 19, 10], [10, 1, 11, 2]]"
11a_109_39,"[[10, 1, 11, 2], [20, 12, 21, 11], [22, 20, 1, 19], [12, 22, 13, 21], [4, 17, 5, 18], [16, 3, 17, 4], [6, 14, 7, 13], [8, 6, 9, 5], [14, 8, 15, 7], [2, 15, 3, 16], [18, 9, 19, 10]]"
11a_109_40,"[[18, 9, 19, 10], [10, 1, 11, 2], [20, 12, 21, 11], [22, 20, 1, 19], [12, 22, 13, 21], [4, 17, 5, 18], [16, 3, 17, 4], [6, 14, 7, 13], [8, 6, 9, 5], [14, 8, 15, 7], [2, 15, 3, 16]]"
11a_109_41,"[[2, 15, 3, 16], [18, 9, 19, 10], [10, 1, 11, 2], [20, 12, 21, 11], [22, 20, 1, 19], [12, 22, 13, 21], [4, 17, 5, 18], [16, 3, 17, 4], [6, 14, 7, 13], [8, 6, 9, 5], [14, 8, 15, 7]]"
11a_109_42,"[[14, 8, 15, 7], [2, 15, 3, 16], [18, 9, 19, 10], [10, 1, 11, 2], [20, 12, 21, 11], [22, 20, 1, 19], [12, 22, 13, 21], [4, 17, 5, 18], [16, 3, 17, 4], [6, 14, 7, 13], [8, 6, 9, 5]]"
11a_109_43,"[[8, 6, 9, 5], [14, 8, 15, 7], [2, 15, 3, 16], [18, 9, 19, 10], [10, 1, 11, 2], [20, 12, 21, 11], [22, 20, 1, 19], [12, 22, 13, 21], [4, 17, 5, 18], [16, 3, 17, 4], [6, 14, 7, 13]]"
11a_109_44,"[[7, 15, 8, 14], [9, 7, 10, 6], [15, 9, 16, 8], [3, 16, 4, 17], [19, 10, 20, 11], [11, 2, 12, 3], [21, 13, 22, 12], [1, 21, 2, 20], [13, 1, 14, 22], [5, 18, 6, 19], [17, 4, 18, 5]]"
11a_109_45,"[[17, 4, 18, 5], [7, 15, 8, 14], [9, 7, 10, 6], [15, 9, 16, 8], [3, 16, 4, 17], [19, 10, 20, 11], [11, 2, 12, 3], [21, 13, 22, 12], [1, 21, 2, 20], [13, 1, 14, 22], [5, 18, 6, 19]]"
11a_109_46,"[[5, 18, 6, 19], [17, 4, 18, 5], [7, 15, 8, 14], [9, 7, 10, 6], [15, 9, 16, 8], [3, 16, 4, 17], [19, 10, 20, 11], [11, 2, 12, 3], [21, 13, 22, 12], [1, 21, 2, 20], [13, 1, 14, 22]]"
11a_109_47,"[[13, 1, 14, 22], [5, 18, 6, 19], [17, 4, 18, 5], [7, 15, 8, 14], [9, 7, 10, 6], [15, 9, 16, 8], [3, 16, 4, 17], [19, 10, 20, 11], [11, 2, 12, 3], [21, 13, 22, 12], [1, 21, 2, 20]]"
11a_109_48,"[[1, 21, 2, 20], [13, 1, 14, 22], [5, 18, 6, 19], [17, 4, 18, 5], [7, 15, 8, 14], [9, 7, 10, 6], [15, 9, 16, 8], [3, 16, 4, 17], [19, 10, 20, 11], [11, 2, 12, 3], [21, 13, 22, 12]]"
11a_109_49,"[[21, 13, 22, 12], [1, 21, 2, 20], [13, 1, 14, 22], [5, 18, 6, 19], [17, 4, 18, 5], [7, 15, 8, 14], [9, 7, 10, 6], [15, 9, 16, 8], [3, 16, 4, 17], [19, 10, 20, 11], [11, 2, 12, 3]]"
11a_109_50,"[[11, 2, 12, 3], [21, 13, 22, 12], [1, 21, 2, 20], [13, 1, 14, 22], [5, 18, 6, 19], [17, 4, 18, 5], [7, 15, 8, 14], [9, 7, 10, 6], [15, 9, 16, 8], [3, 16, 4, 17], [19, 10, 20, 11]]"
11a_109_51,"[[19, 10, 20, 11], [11, 2, 12, 3], [21, 13, 22, 12], [1, 21, 2, 20], [13, 1, 14, 22], [5, 18, 6, 19], [17, 4, 18, 5], [7, 15, 8, 14], [9, 7, 10, 6], [15, 9, 16, 8], [3, 16, 4, 17]]"
11a_109_52,"[[3, 16, 4, 17], [19, 10, 20, 11], [11, 2, 12, 3], [21, 13, 22, 12], [1, 21, 2, 20], [13, 1, 14, 22], [5, 18, 6, 19], [17, 4, 18, 5], [7, 15, 8, 14], [9, 7, 10, 6], [15, 9, 16, 8]]"
11a_109_53,"[[15, 9, 16, 8], [3, 16, 4, 17], [19, 10, 20, 11], [11, 2, 12, 3], [21, 13, 22, 12], [1, 21, 2, 20], [13, 1, 14, 22], [5, 18, 6, 19], [17, 4, 18, 5], [7, 15, 8, 14], [9, 7, 10, 6]]"
11a_109_54,"[[9, 7, 10, 6], [15, 9, 16, 8], [3, 16, 4, 17], [19, 10, 20, 11], [11, 2, 12, 3], [21, 13, 22, 12], [1, 21, 2, 20], [13, 1, 14, 22], [5, 18, 6, 19], [17, 4, 18, 5], [7, 15, 8, 14]]"
11a_109_55,"[[8, 16, 9, 15], [10, 8, 11, 7], [16, 10, 17, 9], [4, 17, 5, 18], [20, 11, 21, 12], [12, 3, 13, 4], [22, 14, 1, 13], [2, 22, 3, 21], [14, 2, 15, 1], [6, 19, 7, 20], [18, 5, 19, 6]]"
11a_109_56,"[[18, 5, 19, 6], [8, 16, 9, 15], [10, 8, 11, 7], [16, 10, 17, 9], [4, 17, 5, 18], [20, 11, 21, 12], [12, 3, 13, 4], [22, 14, 1, 13], [2, 22, 3, 21], [14, 2, 15, 1], [6, 19, 7, 20]]"
11a_109_57,"[[6, 19, 7, 20], [18, 5, 19, 6], [8, 16, 9, 15], [10, 8, 11, 7], [16, 10, 17, 9], [4, 17, 5, 18], [20, 11, 21, 12], [12, 3, 13, 4], [22, 14, 1, 13], [2, 22, 3, 21], [14, 2, 15, 1]]"
11a_109_58,"[[14, 2, 15, 1], [6, 19, 7, 20], [18, 5, 19, 6], [8, 16, 9, 15], [10, 8, 11, 7], [16, 10, 17, 9], [4, 17, 5, 18], [20, 11, 21, 12], [12, 3, 13, 4], [22, 14, 1, 13], [2, 22, 3, 21]]"
11a_109_59,"[[2, 22, 3, 21], [14, 2, 15, 1], [6, 19, 7, 20], [18, 5, 19, 6], [8, 16, 9, 15], [10, 8, 11, 7], [16, 10, 17, 9], [4, 17, 5, 18], [20, 11, 21, 12], [12, 3, 13, 4], [22, 14, 1, 13]]"
11a_109_60,"[[22, 14, 1, 13], [2, 22, 3, 21], [14, 2, 15, 1], [6, 19, 7, 20], [18, 5, 19, 6], [8, 16, 9, 15], [10, 8, 11, 7], [16, 10, 17, 9], [4, 17, 5, 18], [20, 11, 21, 12], [12, 3, 13, 4]]"
11a_109_61,"[[12, 3, 13, 4], [22, 14, 1, 13], [2, 22, 3, 21], [14, 2, 15, 1], [6, 19, 7, 20], [18, 5, 19, 6], [8, 16, 9, 15], [10, 8, 11, 7], [16, 10, 17, 9], [4, 17, 5, 18], [20, 11, 21, 12]]"
11a_109_62,"[[20, 11, 21, 12], [12, 3, 13, 4], [22, 14, 1, 13], [2, 22, 3, 21], [14, 2, 15, 1], [6, 19, 7, 20], [18, 5, 19, 6], [8, 16, 9, 15], [10, 8, 11, 7], [16, 10, 17, 9], [4, 17, 5, 18]]"
11a_109_63,"[[4, 17, 5, 18], [20, 11, 21, 12], [12, 3, 13, 4], [22, 14, 1, 13], [2, 22, 3, 21], [14, 2, 15, 1], [6, 19, 7, 20], [18, 5, 19, 6], [8, 16, 9, 15], [10, 8, 11, 7], [16, 10, 17, 9]]"
11a_109_64,"[[16, 10, 17, 9], [4, 17, 5, 18], [20, 11, 21, 12], [12, 3, 13, 4], [22, 14, 1, 13], [2, 22, 3, 21], [14, 2, 15, 1], [6, 19, 7, 20], [18, 5, 19, 6], [8, 16, 9, 15], [10, 8, 11, 7]]"
11a_109_65,"[[10, 8, 11, 7], [16, 10, 17, 9], [4, 17, 5, 18], [20, 11, 21, 12], [12, 3, 13, 4], [22, 14, 1, 13], [2, 22, 3, 21], [14, 2, 15, 1], [6, 19, 7, 20], [18, 5, 19, 6], [8, 16, 9, 15]]"
11a_109_66,"[[9, 17, 10, 16], [11, 9, 12, 8], [17, 11, 18, 10], [5, 18, 6, 19], [21, 12, 22, 13], [13, 4, 14, 5], [1, 15, 2, 14], [3, 1, 4, 22], [15, 3, 16, 2], [7, 20, 8, 21], [19, 6, 20, 7]]"
11a_109_67,"[[19, 6, 20, 7], [9, 17, 10, 16], [11, 9, 12, 8], [17, 11, 18, 10], [5, 18, 6, 19], [21, 12, 22, 13], [13, 4, 14, 5], [1, 15, 2, 14], [3, 1, 4, 22], [15, 3, 16, 2], [7, 20, 8, 21]]"
11a_109_68,"[[7, 20, 8, 21], [19, 6, 20, 7], [9, 17, 10, 16], [11, 9, 12, 8], [17, 11, 18, 10], [5, 18, 6, 19], [21, 12, 22, 13], [13, 4, 14, 5], [1, 15, 2, 14], [3, 1, 4, 22], [15, 3, 16, 2]]"
11a_109_69,"[[15, 3, 16, 2], [7, 20, 8, 21], [19, 6, 20, 7], [9, 17, 10, 16], [11, 9, 12, 8], [17, 11, 18, 10], [5, 18, 6, 19], [21, 12, 22, 13], [13, 4, 14, 5], [1, 15, 2, 14], [3, 1, 4, 22]]"
11a_109_70,"[[3, 1, 4, 22], [15, 3, 16, 2], [7, 20, 8, 21], [19, 6, 20, 7], [9, 17, 10, 16], [11, 9, 12, 8], [17, 11, 18, 10], [5, 18, 6, 19], [21, 12, 22, 13], [13, 4, 14, 5], [1, 15, 2, 14]]"
11a_109_71,"[[1, 15, 2, 14], [3, 1, 4, 22], [15, 3, 16, 2], [7, 20, 8, 21], [19, 6, 20, 7], [9, 17, 10, 16], [11, 9, 12, 8], [17, 11, 18, 10], [5, 18, 6, 19], [21, 12, 22, 13], [13, 4, 14, 5]]"
11a_109_72,"[[13, 4, 14, 5], [1, 15, 2, 14], [3, 1, 4, 22], [15, 3, 16, 2], [7, 20, 8, 21], [19, 6, 20, 7], [9, 17, 10, 16], [11, 9, 12, 8], [17, 11, 18, 10], [5, 18, 6, 19], [21, 12, 22, 13]]"
11a_109_73,"[[21, 12, 22, 13], [13, 4, 14, 5], [1, 15, 2, 14], [3, 1, 4, 22], [15, 3, 16, 2], [7, 20, 8, 21], [19, 6, 20, 7], [9, 17, 10, 16], [11, 9, 12, 8], [17, 11, 18, 10], [5, 18, 6, 19]]"
11a_109_74,"[[5, 18, 6, 19], [21, 12, 22, 13], [13, 4, 14, 5], [1, 15, 2, 14], [3, 1, 4, 22], [15, 3, 16, 2], [7, 20, 8, 21], [19, 6, 20, 7], [9, 17, 10, 16], [11, 9, 12, 8], [17, 11, 18, 10]]"
11a_109_75,"[[17, 11, 18, 10], [5, 18, 6, 19], [21, 12, 22, 13], [13, 4, 14, 5], [1, 15, 2, 14], [3, 1, 4, 22], [15, 3, 16, 2], [7, 20, 8, 21], [19, 6, 20, 7], [9, 17, 10, 16], [11, 9, 12, 8]]"
11a_109_76,"[[11, 9, 12, 8], [17, 11, 18, 10], [5, 18, 6, 19], [21, 12, 22, 13], [13, 4, 14, 5], [1, 15, 2, 14], [3, 1, 4, 22], [15, 3, 16, 2], [7, 20, 8, 21], [19, 6, 20, 7], [9, 17, 10, 16]]"
11a_109_77,"[[10, 18, 11, 17], [12, 10, 13, 9], [18, 12, 19, 11], [6, 19, 7, 20], [22, 13, 1, 14], [14, 5, 15, 6], [2, 16, 3, 15], [4, 2, 5, 1], [16, 4, 17, 3], [8, 21, 9, 22], [20, 7, 21, 8]]"
11a_109_78,"[[20, 7, 21, 8], [10, 18, 11, 17], [12, 10, 13, 9], [18, 12, 19, 11], [6, 19, 7, 20], [22, 13, 1, 14], [14, 5, 15, 6], [2, 16, 3, 15], [4, 2, 5, 1], [16, 4, 17, 3], [8, 21, 9, 22]]"
11a_109_79,"[[8, 21, 9, 22], [20, 7, 21, 8], [10, 18, 11, 17], [12, 10, 13, 9], [18, 12, 19, 11], [6, 19, 7, 20], [22, 13, 1, 14], [14, 5, 15, 6], [2, 16, 3, 15], [4, 2, 5, 1], [16, 4, 17, 3]]"
11a_109_80,"[[16, 4, 17, 3], [8, 21, 9, 22], [20, 7, 21, 8], [10, 18, 11, 17], [12, 10, 13, 9], [18, 12, 19, 11], [6, 19, 7, 20], [22, 13, 1, 14], [14, 5, 15, 6], [2, 16, 3, 15], [4, 2, 5, 1]]"
11a_109_81,"[[4, 2, 5, 1], [16, 4, 17, 3], [8, 21, 9, 22], [20, 7, 21, 8], [10, 18, 11, 17], [12, 10, 13, 9], [18, 12, 19, 11], [6, 19, 7, 20], [22, 13, 1, 14], [14, 5, 15, 6], [2, 16, 3, 15]]"
11a_109_82,"[[2, 16, 3, 15], [4, 2, 5, 1], [16, 4, 17, 3], [8, 21, 9, 22], [20, 7, 21, 8], [10, 18, 11, 17], [12, 10, 13, 9], [18, 12, 19, 11], [6, 19, 7, 20], [22, 13, 1, 14], [14, 5, 15, 6]]"
11a_109_83,"[[14, 5, 15, 6], [2, 16, 3, 15], [4, 2, 5, 1], [16, 4, 17, 3], [8, 21, 9, 22], [20, 7, 21, 8], [10, 18, 11, 17], [12, 10, 13, 9], [18, 12, 19, 11], [6, 19, 7, 20], [22, 13, 1, 14]]"
11a_109_84,"[[22, 13, 1, 14], [14, 5, 15, 6], [2, 16, 3, 15], [4, 2, 5, 1], [16, 4, 17, 3], [8, 21, 9, 22], [20, 7, 21, 8], [10, 18, 11, 17], [12, 10, 13, 9], [18, 12, 19, 11], [6, 19, 7, 20]]"
11a_109_85,"[[6, 19, 7, 20], [22, 13, 1, 14], [14, 5, 15, 6], [2, 16, 3, 15], [4, 2, 5, 1], [16, 4, 17, 3], [8, 21, 9, 22], [20, 7, 21, 8], [10, 18, 11, 17], [12, 10, 13, 9], [18, 12, 19, 11]]"
11a_109_86,"[[18, 12, 19, 11], [6, 19, 7, 20], [22, 13, 1, 14], [14, 5, 15, 6], [2, 16, 3, 15], [4, 2, 5, 1], [16, 4, 17, 3], [8, 21, 9, 22], [20, 7, 21, 8], [10, 18, 11, 17], [12, 10, 13, 9]]"
11a_109_87,"[[12, 10, 13, 9], [18, 12, 19, 11], [6, 19, 7, 20], [22, 13, 1, 14], [14, 5, 15, 6], [2, 16, 3, 15], [4, 2, 5, 1], [16, 4, 17, 3], [8, 21, 9, 22], [20, 7, 21, 8], [10, 18, 11, 17]]"
11a_109_88,"[[11, 19, 12, 18], [13, 11, 14, 10], [19, 13, 20, 12], [7, 20, 8, 21], [1, 14, 2, 15], [15, 6, 16, 7], [3, 17, 4, 16], [5, 3, 6, 2], [17, 5, 18, 4], [9, 22, 10, 1], [21, 8, 22, 9]]"
11a_109_89,"[[21, 8, 22, 9], [11, 19, 12, 18], [13, 11, 14, 10], [19, 13, 20, 12], [7, 20, 8, 21], [1, 14, 2, 15], [15, 6, 16, 7], [3, 17, 4, 16], [5, 3, 6, 2], [17, 5, 18, 4], [9, 22, 10, 1]]"
11a_109_90,"[[9, 22, 10, 1], [21, 8, 22, 9], [11, 19, 12, 18], [13, 11, 14, 10], [19, 13, 20, 12], [7, 20, 8, 21], [1, 14, 2, 15], [15, 6, 16, 7], [3, 17, 4, 16], [5, 3, 6, 2], [17, 5, 18, 4]]"
11a_109_91,"[[17, 5, 18, 4], [9, 22, 10, 1], [21, 8, 22, 9], [11, 19, 12, 18], [13, 11, 14, 10], [19, 13, 20, 12], [7, 20, 8, 21], [1, 14, 2, 15], [15, 6, 16, 7], [3, 17, 4, 16], [5, 3, 6, 2]]"
11a_109_92,"[[5, 3, 6, 2], [17, 5, 18, 4], [9, 22, 10, 1], [21, 8, 22, 9], [11, 19, 12, 18], [13, 11, 14, 10], [19, 13, 20, 12], [7, 20, 8, 21], [1, 14, 2, 15], [15, 6, 16, 7], [3, 17, 4, 16]]"
11a_109_93,"[[3, 17, 4, 16], [5, 3, 6, 2], [17, 5, 18, 4], [9, 22, 10, 1], [21, 8, 22, 9], [11, 19, 12, 18], [13, 11, 14, 10], [19, 13, 20, 12], [7, 20, 8, 21], [1, 14, 2, 15], [15, 6, 16, 7]]"
11a_109_94,"[[15, 6, 16, 7], [3, 17, 4, 16], [5, 3, 6, 2], [17, 5, 18, 4], [9, 22, 10, 1], [21, 8, 22, 9], [11, 19, 12, 18], [13, 11, 14, 10], [19, 13, 20, 12], [7, 20, 8, 21], [1, 14, 2, 15]]"
11a_109_95,"[[1, 14, 2, 15], [15, 6, 16, 7], [3, 17, 4, 16], [5, 3, 6, 2], [17, 5, 18, 4], [9, 22, 10, 1], [21, 8, 22, 9], [11, 19, 12, 18], [13, 11, 14, 10], [19, 13, 20, 12], [7, 20, 8, 21]]"
11a_109_96,"[[7, 20, 8, 21], [1, 14, 2, 15], [15, 6, 16, 7], [3, 17, 4, 16], [5, 3, 6, 2], [17, 5, 18, 4], [9, 22, 10, 1], [21, 8, 22, 9], [11, 19, 12, 18], [13, 11, 14, 10], [19, 13, 20, 12]]"
11a_109_97,"[[19, 13, 20, 12], [7, 20, 8, 21], [1, 14, 2, 15], [15, 6, 16, 7], [3, 17, 4, 16], [5, 3, 6, 2], [17, 5, 18, 4], [9, 22, 10, 1], [21, 8, 22, 9], [11, 19, 12, 18], [13, 11, 14, 10]]"
11a_109_98,"[[13, 11, 14, 10], [19, 13, 20, 12], [7, 20, 8, 21], [1, 14, 2, 15], [15, 6, 16, 7], [3, 17, 4, 16], [5, 3, 6, 2], [17, 5, 18, 4], [9, 22, 10, 1], [21, 8, 22, 9], [11, 19, 12, 18]]"
11a_109_99,"[[12, 20, 13, 19], [14, 12, 15, 11], [20, 14, 21, 13], [8, 21, 9, 22], [2, 15, 3, 16], [16, 7, 17, 8], [4, 18, 5, 17], [6, 4, 7, 3], [18, 6, 19, 5], [10, 1, 11, 2], [22, 9, 1, 10]]"
11a_109_100,"[[22, 9, 1, 10], [12, 20, 13, 19], [14, 12, 15, 11], [20, 14, 21, 13], [8, 21, 9, 22], [2, 15, 3, 16], [16, 7, 17, 8], [4, 18, 5, 17], [6, 4, 7, 3], [18, 6, 19, 5], [10, 1, 11, 2]]"
11a_109_101,"[[10, 1, 11, 2], [22, 9, 1, 10], [12, 20, 13, 19], [14, 12, 15, 11], [20, 14, 21, 13], [8, 21, 9, 22], [2, 15, 3, 16], [16, 7, 17, 8], [4, 18, 5, 17], [6, 4, 7, 3], [18, 6, 19, 5]]"
11a_109_102,"[[18, 6, 19, 5], [10, 1, 11, 2], [22, 9, 1, 10], [12, 20, 13, 19], [14, 12, 15, 11], [20, 14, 21, 13], [8, 21, 9, 22], [2, 15, 3, 16], [16, 7, 17, 8], [4, 18, 5, 17], [6, 4, 7, 3]]"
11a_109_103,"[[6, 4, 7, 3], [18, 6, 19, 5], [10, 1, 11, 2], [22, 9, 1, 10], [12, 20, 13, 19], [14, 12, 15, 11], [20, 14, 21, 13], [8, 21, 9, 22], [2, 15, 3, 16], [16, 7, 17, 8], [4, 18, 5, 17]]"
11a_109_104,"[[4, 18, 5, 17], [6, 4, 7, 3], [18, 6, 19, 5], [10, 1, 11, 2], [22, 9, 1, 10], [12, 20, 13, 19], [14, 12, 15, 11], [20, 14, 21, 13], [8, 21, 9, 22], [2, 15, 3, 16], [16, 7, 17, 8]]"
11a_109_105,"[[16, 7, 17, 8], [4, 18, 5, 17], [6, 4, 7, 3], [18, 6, 19, 5], [10, 1, 11, 2], [22, 9, 1, 10], [12, 20, 13, 19], [14, 12, 15, 11], [20, 14, 21, 13], [8, 21, 9, 22], [2, 15, 3, 16]]"
11a_109_106,"[[2, 15, 3, 16], [16, 7, 17, 8], [4, 18, 5, 17], [6, 4, 7, 3], [18, 6, 19, 5], [10, 1, 11, 2], [22, 9, 1, 10], [12, 20, 13, 19], [14, 12, 15, 11], [20, 14, 21, 13], [8, 21, 9, 22]]"
11a_109_107,"[[8, 21, 9, 22], [2, 15, 3, 16], [16, 7, 17, 8], [4, 18, 5, 17], [6, 4, 7, 3], [18, 6, 19, 5], [10, 1, 11, 2], [22, 9, 1, 10], [12, 20, 13, 19], [14, 12, 15, 11], [20, 14, 21, 13]]"
11a_109_108,"[[20, 14, 21, 13], [8, 21, 9, 22], [2, 15, 3, 16], [16, 7, 17, 8], [4, 18, 5, 17], [6, 4, 7, 3], [18, 6, 19, 5], [10, 1, 11, 2], [22, 9, 1, 10], [12, 20, 13, 19], [14, 12, 15, 11]]"
11a_109_109,"[[14, 12, 15, 11], [20, 14, 21, 13], [8, 21, 9, 22], [2, 15, 3, 16], [16, 7, 17, 8], [4, 18, 5, 17], [6, 4, 7, 3], [18, 6, 19, 5], [10, 1, 11, 2], [22, 9, 1, 10], [12, 20, 13, 19]]"
11a_109_110,"[[13, 21, 14, 20], [15, 13, 16, 12], [21, 15, 22, 14], [9, 22, 10, 1], [3, 16, 4, 17], [17, 8, 18, 9], [5, 19, 6, 18], [7, 5, 8, 4], [19, 7, 20, 6], [11, 2, 12, 3], [1, 10, 2, 11]]"
11a_109_111,"[[1, 10, 2, 11], [13, 21, 14, 20], [15, 13, 16, 12], [21, 15, 22, 14], [9, 22, 10, 1], [3, 16, 4, 17], [17, 8, 18, 9], [5, 19, 6, 18], [7, 5, 8, 4], [19, 7, 20, 6], [11, 2, 12, 3]]"
11a_109_112,"[[11, 2, 12, 3], [1, 10, 2, 11], [13, 21, 14, 20], [15, 13, 16, 12], [21, 15, 22, 14], [9, 22, 10, 1], [3, 16, 4, 17], [17, 8, 18, 9], [5, 19, 6, 18], [7, 5, 8, 4], [19, 7, 20, 6]]"
11a_109_113,"[[19, 7, 20, 6], [11, 2, 12, 3], [1, 10, 2, 11], [13, 21, 14, 20], [15, 13, 16, 12], [21, 15, 22, 14], [9, 22, 10, 1], [3, 16, 4, 17], [17, 8, 18, 9], [5, 19, 6, 18], [7, 5, 8, 4]]"
11a_109_114,"[[7, 5, 8, 4], [19, 7, 20, 6], [11, 2, 12, 3], [1, 10, 2, 11], [13, 21, 14, 20], [15, 13, 16, 12], [21, 15, 22, 14], [9, 22, 10, 1], [3, 16, 4, 17], [17, 8, 18, 9], [5, 19, 6, 18]]"
11a_109_115,"[[5, 19, 6, 18], [7, 5, 8, 4], [19, 7, 20, 6], [11, 2, 12, 3], [1, 10, 2, 11], [13, 21, 14, 20], [15, 13, 16, 12], [21, 15, 22, 14], [9, 22, 10, 1], [3, 16, 4, 17], [17, 8, 18, 9]]"
11a_109_116,"[[17, 8, 18, 9], [5, 19, 6, 18], [7, 5, 8, 4], [19, 7, 20, 6], [11, 2, 12, 3], [1, 10, 2, 11], [13, 21, 14, 20], [15, 13, 16, 12], [21, 15, 22, 14], [9, 22, 10, 1], [3, 16, 4, 17]]"
11a_109_117,"[[3, 16, 4, 17], [17, 8, 18, 9], [5, 19, 6, 18], [7, 5, 8, 4], [19, 7, 20, 6], [11, 2, 12, 3], [1, 10, 2, 11], [13, 21, 14, 20], [15, 13, 16, 12], [21, 15, 22, 14], [9, 22, 10, 1]]"
11a_109_118,"[[9, 22, 10, 1], [3, 16, 4, 17], [17, 8, 18, 9], [5, 19, 6, 18], [7, 5, 8, 4], [19, 7, 20, 6], [11, 2, 12, 3], [1, 10, 2, 11], [13, 21, 14, 20], [15, 13, 16, 12], [21, 15, 22, 14]]"
11a_109_119,"[[21, 15, 22, 14], [9, 22, 10, 1], [3, 16, 4, 17], [17, 8, 18, 9], [5, 19, 6, 18], [7, 5, 8, 4], [19, 7, 20, 6], [11, 2, 12, 3], [1, 10, 2, 11], [13, 21, 14, 20], [15, 13, 16, 12]]"
11a_109_120,"[[15, 13, 16, 12], [21, 15, 22, 14], [9, 22, 10, 1], [3, 16, 4, 17], [17, 8, 18, 9], [5, 19, 6, 18], [7, 5, 8, 4], [19, 7, 20, 6], [11, 2, 12, 3], [1, 10, 2, 11], [13, 21, 14, 20]]"
11a_109_121,"[[14, 22, 15, 21], [16, 14, 17, 13], [22, 16, 1, 15], [10, 1, 11, 2], [4, 17, 5, 18], [18, 9, 19, 10], [6, 20, 7, 19], [8, 6, 9, 5], [20, 8, 21, 7], [12, 3, 13, 4], [2, 11, 3, 12]]"
11a_109_122,"[[2, 11, 3, 12], [14, 22, 15, 21], [16, 14, 17, 13], [22, 16, 1, 15], [10, 1, 11, 2], [4, 17, 5, 18], [18, 9, 19, 10], [6, 20, 7, 19], [8, 6, 9, 5], [20, 8, 21, 7], [12, 3, 13, 4]]"
11a_109_123,"[[12, 3, 13, 4], [2, 11, 3, 12], [14, 22, 15, 21], [16, 14, 17, 13], [22, 16, 1, 15], [10, 1, 11, 2], [4, 17, 5, 18], [18, 9, 19, 10], [6, 20, 7, 19], [8, 6, 9, 5], [20, 8, 21, 7]]"
11a_109_124,"[[20, 8, 21, 7], [12, 3, 13, 4], [2, 11, 3, 12], [14, 22, 15, 21], [16, 14, 17, 13], [22, 16, 1, 15], [10, 1, 11, 2], [4, 17, 5, 18], [18, 9, 19, 10], [6, 20, 7, 19], [8, 6, 9, 5]]"
11a_109_125,"[[8, 6, 9, 5], [20, 8, 21, 7], [12, 3, 13, 4], [2, 11, 3, 12], [14, 22, 15, 21], [16, 14, 17, 13], [22, 16, 1, 15], [10, 1, 11, 2], [4, 17, 5, 18], [18, 9, 19, 10], [6, 20, 7, 19]]"
11a_109_126,"[[6, 20, 7, 19], [8, 6, 9, 5], [20, 8, 21, 7], [12, 3, 13, 4], [2, 11, 3, 12], [14, 22, 15, 21], [16, 14, 17, 13], [22, 16, 1, 15], [10, 1, 11, 2], [4, 17, 5, 18], [18, 9, 19, 10]]"
11a_109_127,"[[18, 9, 19, 10], [6, 20, 7, 19], [8, 6, 9, 5], [20, 8, 21, 7], [12, 3, 13, 4], [2, 11, 3, 12], [14, 22, 15, 21], [16, 14, 17, 13], [22, 16, 1, 15], [10, 1, 11, 2], [4, 17, 5, 18]]"
11a_109_128,"[[4, 17, 5, 18], [18, 9, 19, 10], [6, 20, 7, 19], [8, 6, 9, 5], [20, 8, 21, 7], [12, 3, 13, 4], [2, 11, 3, 12], [14, 22, 15, 21], [16, 14, 17, 13], [22, 16, 1, 15], [10, 1, 11, 2]]"
11a_109_129,"[[10, 1, 11, 2], [4, 17, 5, 18], [18, 9, 19, 10], [6, 20, 7, 19], [8, 6, 9, 5], [20, 8, 21, 7], [12, 3, 13, 4], [2, 11, 3, 12], [14, 22, 15, 21], [16, 14, 17, 13], [22, 16, 1, 15]]"
11a_109_130,"[[22, 16, 1, 15], [10, 1, 11, 2], [4, 17, 5, 18], [18, 9, 19, 10], [6, 20, 7, 19], [8, 6, 9, 5], [20, 8, 21, 7], [12, 3, 13, 4], [2, 11, 3, 12], [14, 22, 15, 21], [16, 14, 17, 13]]"
11a_109_131,"[[16, 14, 17, 13], [22, 16, 1, 15], [10, 1, 11, 2], [4, 17, 5, 18], [18, 9, 19, 10], [6, 20, 7, 19], [8, 6, 9, 5], [20, 8, 21, 7], [12, 3, 13, 4], [2, 11, 3, 12], [14, 22, 15, 21]]"
11a_109_132,"[[15, 1, 16, 22], [17, 15, 18, 14], [1, 17, 2, 16], [11, 2, 12, 3], [5, 18, 6, 19], [19, 10, 20, 11], [7, 21, 8, 20], [9, 7, 10, 6], [21, 9, 22, 8], [13, 4, 14, 5], [3, 12, 4, 13]]"
11a_109_133,"[[3, 12, 4, 13], [15, 1, 16, 22], [17, 15, 18, 14], [1, 17, 2, 16], [11, 2, 12, 3], [5, 18, 6, 19], [19, 10, 20, 11], [7, 21, 8, 20], [9, 7, 10, 6], [21, 9, 22, 8], [13, 4, 14, 5]]"
11a_109_134,"[[13, 4, 14, 5], [3, 12, 4, 13], [15, 1, 16, 22], [17, 15, 18, 14], [1, 17, 2, 16], [11, 2, 12, 3], [5, 18, 6, 19], [19, 10, 20, 11], [7, 21, 8, 20], [9, 7, 10, 6], [21, 9, 22, 8]]"
11a_109_135,"[[21, 9, 22, 8], [13, 4, 14, 5], [3, 12, 4, 13], [15, 1, 16, 22], [17, 15, 18, 14], [1, 17, 2, 16], [11, 2, 12, 3], [5, 18, 6, 19], [19, 10, 20, 11], [7, 21, 8, 20], [9, 7, 10, 6]]"
11a_109_136,"[[9, 7, 10, 6], [21, 9, 22, 8], [13, 4, 14, 5], [3, 12, 4, 13], [15, 1, 16, 22], [17, 15, 18, 14], [1, 17, 2, 16], [11, 2, 12, 3], [5, 18, 6, 19], [19, 10, 20, 11], [7, 21, 8, 20]]"
11a_109_137,"[[7, 21, 8, 20], [9, 7, 10, 6], [21, 9, 22, 8], [13, 4, 14, 5], [3, 12, 4, 13], [15, 1, 16, 22], [17, 15, 18, 14], [1, 17, 2, 16], [11, 2, 12, 3], [5, 18, 6, 19], [19, 10, 20, 11]]"
11a_109_138,"[[19, 10, 20, 11], [7, 21, 8, 20], [9, 7, 10, 6], [21, 9, 22, 8], [13, 4, 14, 5], [3, 12, 4, 13], [15, 1, 16, 22], [17, 15, 18, 14], [1, 17, 2, 16], [11, 2, 12, 3], [5, 18, 6, 19]]"
11a_109_139,"[[5, 18, 6, 19], [19, 10, 20, 11], [7, 21, 8, 20], [9, 7, 10, 6], [21, 9, 22, 8], [13, 4, 14, 5], [3, 12, 4, 13], [15, 1, 16, 22], [17, 15, 18, 14], [1, 17, 2, 16], [11, 2, 12, 3]]"
11a_109_140,"[[11, 2, 12, 3], [5, 18, 6, 19], [19, 10, 20, 11], [7, 21, 8, 20], [9, 7, 10, 6], [21, 9, 22, 8], [13, 4, 14, 5], [3, 12, 4, 13], [15, 1, 16, 22], [17, 15, 18, 14], [1, 17, 2, 16]]"
11a_109_141,"[[1, 17, 2, 16], [11, 2, 12, 3], [5, 18, 6, 19], [19, 10, 20, 11], [7, 21, 8, 20], [9, 7, 10, 6], [21, 9, 22, 8], [13, 4, 14, 5], [3, 12, 4, 13], [15, 1, 16, 22], [17, 15, 18, 14]]"
11a_109_142,"[[17, 15, 18, 14], [1, 17, 2, 16], [11, 2, 12, 3], [5, 18, 6, 19], [19, 10, 20, 11], [7, 21, 8, 20], [9, 7, 10, 6], [21, 9, 22, 8], [13, 4, 14, 5], [3, 12, 4, 13], [15, 1, 16, 22]]"
11a_109_143,"[[16, 2, 17, 1], [18, 16, 19, 15], [2, 18, 3, 17], [12, 3, 13, 4], [6, 19, 7, 20], [20, 11, 21, 12], [8, 22, 9, 21], [10, 8, 11, 7], [22, 10, 1, 9], [14, 5, 15, 6], [4, 13, 5, 14]]"
11a_109_144,"[[4, 13, 5, 14], [16, 2, 17, 1], [18, 16, 19, 15], [2, 18, 3, 17], [12, 3, 13, 4], [6, 19, 7, 20], [20, 11, 21, 12], [8, 22, 9, 21], [10, 8, 11, 7], [22, 10, 1, 9], [14, 5, 15, 6]]"
11a_109_145,"[[14, 5, 15, 6], [4, 13, 5, 14], [16, 2, 17, 1], [18, 16, 19, 15], [2, 18, 3, 17], [12, 3, 13, 4], [6, 19, 7, 20], [20, 11, 21, 12], [8, 22, 9, 21], [10, 8, 11, 7], [22, 10, 1, 9]]"
11a_109_146,"[[22, 10, 1, 9], [14, 5, 15, 6], [4, 13, 5, 14], [16, 2, 17, 1], [18, 16, 19, 15], [2, 18, 3, 17], [12, 3, 13, 4], [6, 19, 7, 20], [20, 11, 21, 12], [8, 22, 9, 21], [10, 8, 11, 7]]"
11a_109_147,"[[10, 8, 11, 7], [22, 10, 1, 9], [14, 5, 15, 6], [4, 13, 5, 14], [16, 2, 17, 1], [18, 16, 19, 15], [2, 18, 3, 17], [12, 3, 13, 4], [6, 19, 7, 20], [20, 11, 21, 12], [8, 22, 9, 21]]"
11a_109_148,"[[8, 22, 9, 21], [10, 8, 11, 7], [22, 10, 1, 9], [14, 5, 15, 6], [4, 13, 5, 14], [16, 2, 17, 1], [18, 16, 19, 15], [2, 18, 3, 17], [12, 3, 13, 4], [6, 19, 7, 20], [20, 11, 21, 12]]"
11a_109_149,"[[20, 11, 21, 12], [8, 22, 9, 21], [10, 8, 11, 7], [22, 10, 1, 9], [14, 5, 15, 6], [4, 13, 5, 14], [16, 2, 17, 1], [18, 16, 19, 15], [2, 18, 3, 17], [12, 3, 13, 4], [6, 19, 7, 20]]"
11a_109_150,"[[6, 19, 7, 20], [20, 11, 21, 12], [8, 22, 9, 21], [10, 8, 11, 7], [22, 10, 1, 9], [14, 5, 15, 6], [4, 13, 5, 14], [16, 2, 17, 1], [18, 16, 19, 15], [2, 18, 3, 17], [12, 3, 13, 4]]"
11a_109_151,"[[12, 3, 13, 4], [6, 19, 7, 20], [20, 11, 21, 12], [8, 22, 9, 21], [10, 8, 11, 7], [22, 10, 1, 9], [14, 5, 15, 6], [4, 13, 5, 14], [16, 2, 17, 1], [18, 16, 19, 15], [2, 18, 3, 17]]"
11a_109_152,"[[2, 18, 3, 17], [12, 3, 13, 4], [6, 19, 7, 20], [20, 11, 21, 12], [8, 22, 9, 21], [10, 8, 11, 7], [22, 10, 1, 9], [14, 5, 15, 6], [4, 13, 5, 14], [16, 2, 17, 1], [18, 16, 19, 15]]"
11a_109_153,"[[18, 16, 19, 15], [2, 18, 3, 17], [12, 3, 13, 4], [6, 19, 7, 20], [20, 11, 21, 12], [8, 22, 9, 21], [10, 8, 11, 7], [22, 10, 1, 9], [14, 5, 15, 6], [4, 13, 5, 14], [16, 2, 17, 1]]"
11a_109_154,"[[17, 3, 18, 2], [19, 17, 20, 16], [3, 19, 4, 18], [13, 4, 14, 5], [7, 20, 8, 21], [21, 12, 22, 13], [9, 1, 10, 22], [11, 9, 12, 8], [1, 11, 2, 10], [15, 6, 16, 7], [5, 14, 6, 15]]"
11a_109_155,"[[5, 14, 6, 15], [17, 3, 18, 2], [19, 17, 20, 16], [3, 19, 4, 18], [13, 4, 14, 5], [7, 20, 8, 21], [21, 12, 22, 13], [9, 1, 10, 22], [11, 9, 12, 8], [1, 11, 2, 10], [15, 6, 16, 7]]"
11a_109_156,"[[15, 6, 16, 7], [5, 14, 6, 15], [17, 3, 18, 2], [19, 17, 20, 16], [3, 19, 4, 18], [13, 4, 14, 5], [7, 20, 8, 21], [21, 12, 22, 13], [9, 1, 10, 22], [11, 9, 12, 8], [1, 11, 2, 10]]"
11a_109_157,"[[1, 11, 2, 10], [15, 6, 16, 7], [5, 14, 6, 15], [17, 3, 18, 2], [19, 17, 20, 16], [3, 19, 4, 18], [13, 4, 14, 5], [7, 20, 8, 21], [21, 12, 22, 13], [9, 1, 10, 22], [11, 9, 12, 8]]"
11a_109_158,"[[11, 9, 12, 8], [1, 11, 2, 10], [15, 6, 16, 7], [5, 14, 6, 15], [17, 3, 18, 2], [19, 17, 20, 16], [3, 19, 4, 18], [13, 4, 14, 5], [7, 20, 8, 21], [21, 12, 22, 13], [9, 1, 10, 22]]"
11a_109_159,"[[9, 1, 10, 22], [11, 9, 12, 8], [1, 11, 2, 10], [15, 6, 16, 7], [5, 14, 6, 15], [17, 3, 18, 2], [19, 17, 20, 16], [3, 19, 4, 18], [13, 4, 14, 5], [7, 20, 8, 21], [21, 12, 22, 13]]"
11a_109_160,"[[21, 12, 22, 13], [9, 1, 10, 22], [11, 9, 12, 8], [1, 11, 2, 10], [15, 6, 16, 7], [5, 14, 6, 15], [17, 3, 18, 2], [19, 17, 20, 16], [3, 19, 4, 18], [13, 4, 14, 5], [7, 20, 8, 21]]"
11a_109_161,"[[7, 20, 8, 21], [21, 12, 22, 13], [9, 1, 10, 22], [11, 9, 12, 8], [1, 11, 2, 10], [15, 6, 16, 7], [5, 14, 6, 15], [17, 3, 18, 2], [19, 17, 20, 16], [3, 19, 4, 18], [13, 4, 14, 5]]"
11a_109_162,"[[13, 4, 14, 5], [7, 20, 8, 21], [21, 12, 22, 13], [9, 1, 10, 22], [11, 9, 12, 8], [1, 11, 2, 10], [15, 6, 16, 7], [5, 14, 6, 15], [17, 3, 18, 2], [19, 17, 20, 16], [3, 19, 4, 18]]"
11a_109_163,"[[3, 19, 4, 18], [13, 4, 14, 5], [7, 20, 8, 21], [21, 12, 22, 13], [9, 1, 10, 22], [11, 9, 12, 8], [1, 11, 2, 10], [15, 6, 16, 7], [5, 14, 6, 15], [17, 3, 18, 2], [19, 17, 20, 16]]"
11a_109_164,"[[19, 17, 20, 16], [3, 19, 4, 18], [13, 4, 14, 5], [7, 20, 8, 21], [21, 12, 22, 13], [9, 1, 10, 22], [11, 9, 12, 8], [1, 11, 2, 10], [15, 6, 16, 7], [5, 14, 6, 15], [17, 3, 18, 2]]"
11a_109_165,"[[18, 4, 19, 3], [20, 18, 21, 17], [4, 20, 5, 19], [14, 5, 15, 6], [8, 21, 9, 22], [22, 13, 1, 14], [10, 2, 11, 1], [12, 10, 13, 9], [2, 12, 3, 11], [16, 7, 17, 8], [6, 15, 7, 16]]"
11a_109_166,"[[6, 15, 7, 16], [18, 4, 19, 3], [20, 18, 21, 17], [4, 20, 5, 19], [14, 5, 15, 6], [8, 21, 9, 22], [22, 13, 1, 14], [10, 2, 11, 1], [12, 10, 13, 9], [2, 12, 3, 11], [16, 7, 17, 8]]"
11a_109_167,"[[16, 7, 17, 8], [6, 15, 7, 16], [18, 4, 19, 3], [20, 18, 21, 17], [4, 20, 5, 19], [14, 5, 15, 6], [8, 21, 9, 22], [22, 13, 1, 14], [10, 2, 11, 1], [12, 10, 13, 9], [2, 12, 3, 11]]"
11a_109_168,"[[2, 12, 3, 11], [16, 7, 17, 8], [6, 15, 7, 16], [18, 4, 19, 3], [20, 18, 21, 17], [4, 20, 5, 19], [14, 5, 15, 6], [8, 21, 9, 22], [22, 13, 1, 14], [10, 2, 11, 1], [12, 10, 13, 9]]"
11a_109_169,"[[12, 10, 13, 9], [2, 12, 3, 11], [16, 7, 17, 8], [6, 15, 7, 16], [18, 4, 19, 3], [20, 18, 21, 17], [4, 20, 5, 19], [14, 5, 15, 6], [8, 21, 9, 22], [22, 13, 1, 14], [10, 2, 11, 1]]"
11a_109_170,"[[10, 2, 11, 1], [12, 10, 13, 9], [2, 12, 3, 11], [16, 7, 17, 8], [6, 15, 7, 16], [18, 4, 19, 3], [20, 18, 21, 17], [4, 20, 5, 19], [14, 5, 15, 6], [8, 21, 9, 22], [22, 13, 1, 14]]"
11a_109_171,"[[22, 13, 1, 14], [10, 2, 11, 1], [12, 10, 13, 9], [2, 12, 3, 11], [16, 7, 17, 8], [6, 15, 7, 16], [18, 4, 19, 3], [20, 18, 21, 17], [4, 20, 5, 19], [14, 5, 15, 6], [8, 21, 9, 22]]"
11a_109_172,"[[8, 21, 9, 22], [22, 13, 1, 14], [10, 2, 11, 1], [12, 10, 13, 9], [2, 12, 3, 11], [16, 7, 17, 8], [6, 15, 7, 16], [18, 4, 19, 3], [20, 18, 21, 17], [4, 20, 5, 19], [14, 5, 15, 6]]"
11a_109_173,"[[14, 5, 15, 6], [8, 21, 9, 22], [22, 13, 1, 14], [10, 2, 11, 1], [12, 10, 13, 9], [2, 12, 3, 11], [16, 7, 17, 8], [6, 15, 7, 16], [18, 4, 19, 3], [20, 18, 21, 17], [4, 20, 5, 19]]"
11a_109_174,"[[4, 20, 5, 19], [14, 5, 15, 6], [8, 21, 9, 22], [22, 13, 1, 14], [10, 2, 11, 1], [12, 10, 13, 9], [2, 12, 3, 11], [16, 7, 17, 8], [6, 15, 7, 16], [18, 4, 19, 3], [20, 18, 21, 17]]"
11a_109_175,"[[20, 18, 21, 17], [4, 20, 5, 19], [14, 5, 15, 6], [8, 21, 9, 22], [22, 13, 1, 14], [10, 2, 11, 1], [12, 10, 13, 9], [2, 12, 3, 11], [16, 7, 17, 8], [6, 15, 7, 16], [18, 4, 19, 3]]"
11a_109_176,"[[19, 5, 20, 4], [21, 19, 22, 18], [5, 21, 6, 20], [15, 6, 16, 7], [9, 22, 10, 1], [1, 14, 2, 15], [11, 3, 12, 2], [13, 11, 14, 10], [3, 13, 4, 12], [17, 8, 18, 9], [7, 16, 8, 17]]"
11a_109_177,"[[7, 16, 8, 17], [19, 5, 20, 4], [21, 19, 22, 18], [5, 21, 6, 20], [15, 6, 16, 7], [9, 22, 10, 1], [1, 14, 2, 15], [11, 3, 12, 2], [13, 11, 14, 10], [3, 13, 4, 12], [17, 8, 18, 9]]"
11a_109_178,"[[17, 8, 18, 9], [7, 16, 8, 17], [19, 5, 20, 4], [21, 19, 22, 18], [5, 21, 6, 20], [15, 6, 16, 7], [9, 22, 10, 1], [1, 14, 2, 15], [11, 3, 12, 2], [13, 11, 14, 10], [3, 13, 4, 12]]"
11a_109_179,"[[3, 13, 4, 12], [17, 8, 18, 9], [7, 16, 8, 17], [19, 5, 20, 4], [21, 19, 22, 18], [5, 21, 6, 20], [15, 6, 16, 7], [9, 22, 10, 1], [1, 14, 2, 15], [11, 3, 12, 2], [13, 11, 14, 10]]"
11a_109_180,"[[13, 11, 14, 10], [3, 13, 4, 12], [17, 8, 18, 9], [7, 16, 8, 17], [19, 5, 20, 4], [21, 19, 22, 18], [5, 21, 6, 20], [15, 6, 16, 7], [9, 22, 10, 1], [1, 14, 2, 15], [11, 3, 12, 2]]"
11a_109_181,"[[11, 3, 12, 2], [13, 11, 14, 10], [3, 13, 4, 12], [17, 8, 18, 9], [7, 16, 8, 17], [19, 5, 20, 4], [21, 19, 22, 18], [5, 21, 6, 20], [15, 6, 16, 7], [9, 22, 10, 1], [1, 14, 2, 15]]"
11a_109_182,"[[1, 14, 2, 15], [11, 3, 12, 2], [13, 11, 14, 10], [3, 13, 4, 12], [17, 8, 18, 9], [7, 16, 8, 17], [19, 5, 20, 4], [21, 19, 22, 18], [5, 21, 6, 20], [15, 6, 16, 7], [9, 22, 10, 1]]"
11a_109_183,"[[9, 22, 10, 1], [1, 14, 2, 15], [11, 3, 12, 2], [13, 11, 14, 10], [3, 13, 4, 12], [17, 8, 18, 9], [7, 16, 8, 17], [19, 5, 20, 4], [21, 19, 22, 18], [5, 21, 6, 20], [15, 6, 16, 7]]"
11a_109_184,"[[15, 6, 16, 7], [9, 22, 10, 1], [1, 14, 2, 15], [11, 3, 12, 2], [13, 11, 14, 10], [3, 13, 4, 12], [17, 8, 18, 9], [7, 16, 8, 17], [19, 5, 20, 4], [21, 19, 22, 18], [5, 21, 6, 20]]"
11a_109_185,"[[5, 21, 6, 20], [15, 6, 16, 7], [9, 22, 10, 1], [1, 14, 2, 15], [11, 3, 12, 2], [13, 11, 14, 10], [3, 13, 4, 12], [17, 8, 18, 9], [7, 16, 8, 17], [19, 5, 20, 4], [21, 19, 22, 18]]"
11a_109_186,"[[21, 19, 22, 18], [5, 21, 6, 20], [15, 6, 16, 7], [9, 22, 10, 1], [1, 14, 2, 15], [11, 3, 12, 2], [13, 11, 14, 10], [3, 13, 4, 12], [17, 8, 18, 9], [7, 16, 8, 17], [19, 5, 20, 4]]"
11a_109_187,"[[20, 6, 21, 5], [22, 20, 1, 19], [6, 22, 7, 21], [16, 7, 17, 8], [10, 1, 11, 2], [2, 15, 3, 16], [12, 4, 13, 3], [14, 12, 15, 11], [4, 14, 5, 13], [18, 9, 19, 10], [8, 17, 9, 18]]"
11a_109_188,"[[8, 17, 9, 18], [20, 6, 21, 5], [22, 20, 1, 19], [6, 22, 7, 21], [16, 7, 17, 8], [10, 1, 11, 2], [2, 15, 3, 16], [12, 4, 13, 3], [14, 12, 15, 11], [4, 14, 5, 13], [18, 9, 19, 10]]"
11a_109_189,"[[18, 9, 19, 10], [8, 17, 9, 18], [20, 6, 21, 5], [22, 20, 1, 19], [6, 22, 7, 21], [16, 7, 17, 8], [10, 1, 11, 2], [2, 15, 3, 16], [12, 4, 13, 3], [14, 12, 15, 11], [4, 14, 5, 13]]"
11a_109_190,"[[4, 14, 5, 13], [18, 9, 19, 10], [8, 17, 9, 18], [20, 6, 21, 5], [22, 20, 1, 19], [6, 22, 7, 21], [16, 7, 17, 8], [10, 1, 11, 2], [2, 15, 3, 16], [12, 4, 13, 3], [14, 12, 15, 11]]"
11a_109_191,"[[14, 12, 15, 11], [4, 14, 5, 13], [18, 9, 19, 10], [8, 17, 9, 18], [20, 6, 21, 5], [22, 20, 1, 19], [6, 22, 7, 21], [16, 7, 17, 8], [10, 1, 11, 2], [2, 15, 3, 16], [12, 4, 13, 3]]"
11a_109_192,"[[12, 4, 13, 3], [14, 12, 15, 11], [4, 14, 5, 13], [18, 9, 19, 10], [8, 17, 9, 18], [20, 6, 21, 5], [22, 20, 1, 19], [6, 22, 7, 21], [16, 7, 17, 8], [10, 1, 11, 2], [2, 15, 3, 16]]"
11a_109_193,"[[2, 15, 3, 16], [12, 4, 13, 3], [14, 12, 15, 11], [4, 14, 5, 13], [18, 9, 19, 10], [8, 17, 9, 18], [20, 6, 21, 5], [22, 20, 1, 19], [6, 22, 7, 21], [16, 7, 17, 8], [10, 1, 11, 2]]"
11a_109_194,"[[10, 1, 11, 2], [2, 15, 3, 16], [12, 4, 13, 3], [14, 12, 15, 11], [4, 14, 5, 13], [18, 9, 19, 10], [8, 17, 9, 18], [20, 6, 21, 5], [22, 20, 1, 19], [6, 22, 7, 21], [16, 7, 17, 8]]"
11a_109_195,"[[16, 7, 17, 8], [10, 1, 11, 2], [2, 15, 3, 16], [12, 4, 13, 3], [14, 12, 15, 11], [4, 14, 5, 13], [18, 9, 19, 10], [8, 17, 9, 18], [20, 6, 21, 5], [22, 20, 1, 19], [6, 22, 7, 21]]"
11a_109_196,"[[6, 22, 7, 21], [16, 7, 17, 8], [10, 1, 11, 2], [2, 15, 3, 16], [12, 4, 13, 3], [14, 12, 15, 11], [4, 14, 5, 13], [18, 9, 19, 10], [8, 17, 9, 18], [20, 6, 21, 5], [22, 20, 1, 19]]"
11a_109_197,"[[22, 20, 1, 19], [6, 22, 7, 21], [16, 7, 17, 8], [10, 1, 11, 2], [2, 15, 3, 16], [12, 4, 13, 3], [14, 12, 15, 11], [4, 14, 5, 13], [18, 9, 19, 10], [8, 17, 9, 18], [20, 6, 21, 5]]"
11a_109_198,"[[21, 7, 22, 6], [1, 21, 2, 20], [7, 1, 8, 22], [17, 8, 18, 9], [11, 2, 12, 3], [3, 16, 4, 17], [13, 5, 14, 4], [15, 13, 16, 12], [5, 15, 6, 14], [19, 10, 20, 11], [9, 18, 10, 19]]"
11a_109_199,"[[9, 18, 10, 19], [21, 7, 22, 6], [1, 21, 2, 20], [7, 1, 8, 22], [17, 8, 18, 9], [11, 2, 12, 3], [3, 16, 4, 17], [13, 5, 14, 4], [15, 13, 16, 12], [5, 15, 6, 14], [19, 10, 20, 11]]"
11a_109_200,"[[19, 10, 20, 11], [9, 18, 10, 19], [21, 7, 22, 6], [1, 21, 2, 20], [7, 1, 8, 22], [17, 8, 18, 9], [11, 2, 12, 3], [3, 16, 4, 17], [13, 5, 14, 4], [15, 13, 16, 12], [5, 15, 6, 14]]"
11a_109_201,"[[5, 15, 6, 14], [19, 10, 20, 11], [9, 18, 10, 19], [21, 7, 22, 6], [1, 21, 2, 20], [7, 1, 8, 22], [17, 8, 18, 9], [11, 2, 12, 3], [3, 16, 4, 17], [13, 5, 14, 4], [15, 13, 16, 12]]"
11a_109_202,"[[15, 13, 16, 12], [5, 15, 6, 14], [19, 10, 20, 11], [9, 18, 10, 19], [21, 7, 22, 6], [1, 21, 2, 20], [7, 1, 8, 22], [17, 8, 18, 9], [11, 2, 12, 3], [3, 16, 4, 17], [13, 5, 14, 4]]"
11a_109_203,"[[13, 5, 14, 4], [15, 13, 16, 12], [5, 15, 6, 14], [19, 10, 20, 11], [9, 18, 10, 19], [21, 7, 22, 6], [1, 21, 2, 20], [7, 1, 8, 22], [17, 8, 18, 9], [11, 2, 12, 3], [3, 16, 4, 17]]"
