name,pd_notation
11a_59_0,"[[3, 9, 4, 8], [5, 3, 6, 2], [9, 5, 10, 4], [17, 7, 18, 6], [1, 10, 2, 11], [21, 12, 22, 13], [19, 14, 20, 15], [15, 18, 16, 19], [13, 20, 14, 21], [11, 22, 12, 1], [7, 17, 8, 16]]"
11a_59_1,"[[7, 17, 8, 16], [3, 9, 4, 8], [5, 3, 6, 2], [9, 5, 10, 4], [17, 7, 18, 6], [1, 10, 2, 11], [21, 12, 22, 13], [19, 14, 20, 15], [15, 18, 16, 19], [13, 20, 14, 21], [11, 22, 12, 1]]"
11a_59_2,"[[11, 22, 12, 1], [7, 17, 8, 16], [3, 9, 4, 8], [5, 3, 6, 2], [9, 5, 10, 4], [17, 7, 18, 6], [1, 10, 2, 11], [21, 12, 22, 13], [19, 14, 20, 15], [15, 18, 16, 19], [13, 20, 14, 21]]"
11a_59_3,"[[13, 20, 14, 21], [11, 22, 12, 1], [7, 17, 8, 16], [3, 9, 4, 8], [5, 3, 6, 2], [9, 5, 10, 4], [17, 7, 18, 6], [1, 10, 2, 11], [21, 12, 22, 13], [19, 14, 20, 15], [15, 18, 16, 19]]"
11a_59_4,"[[15, 18, 16, 19], [13, 20, 14, 21], [11, 22, 12, 1], [7, 17, 8, 16], [3, 9, 4, 8], [5, 3, 6, 2], [9, 5, 10, 4], [17, 7, 18, 6], [1, 10, 2, 11], [21, 12, 22, 13], [19, 14, 20, 15]]"
11a_59_5,"[[19, 14, 20, 15], [15, 18, 16, 19], [13, 20, 14, 21], [11, 22, 12, 1], [7, 17, 8, 16], [3, 9, 4, 8], [5, 3, 6, 2], [9, 5, 10, 4], [17, 7, 18, 6], [1, 10, 2, 11], [21, 12, 22, 13]]"
11a_59_6,"[[21, 12, 22, 13], [19, 14, 20, 15], [15, 18, 16, 19], [13, 20, 14, 21], [11, 22, 12, 1], [7, 17, 8, 16], [3, 9, 4, 8], [5, 3, 6, 2], [9, 5, 10, 4], [17, 7, 18, 6], [1, 10, 2, 11]]"
11a_59_7,"[[1, 10, 2, 11], [21, 12, 22, 13], [19, 14, 20, 15], [15, 18, 16, 19], [13, 20, 14, 21], [11, 22, 12, 1], [7, 17, 8, 16], [3, 9, 4, 8], [5, 3, 6, 2], [9, 5, 10, 4], [17, 7, 18, 6]]"
11a_59_8,"[[17, 7, 18, 6], [1, 10, 2, 11], [21, 12, 22, 13], [19, 14, 20, 15], [15, 18, 16, 19], [13, 20, 14, 21], [11, 22, 12, 1], [7, 17, 8, 16], [3, 9, 4, 8], [5, 3, 6, 2], [9, 5, 10, 4]]"
11a_59_9,"[[9, 5, 10, 4], [17, 7, 18, 6], [1, 10, 2, 11], [21, 12, 22, 13], [19, 14, 20, 15], [15, 18, 16, 19], [13, 20, 14, 21], [11, 22, 12, 1], [7, 17, 8, 16], [3, 9, 4, 8], [5, 3, 6, 2]]"
11a_59_10,"[[5, 3, 6, 2], [9, 5, 10, 4], [17, 7, 18, 6], [1, 10, 2, 11], [21, 12, 22, 13], [19, 14, 20, 15], [15, 18, 16, 19], [13, 20, 14, 21], [11, 22, 12, 1], [7, 17, 8, 16], [3, 9, 4, 8]]"
11a_59_11,"[[4, 10, 5, 9], [6, 4, 7, 3], [10, 6, 11, 5], [18, 8, 19, 7], [2, 11, 3, 12], [22, 13, 1, 14], [20, 15, 21, 16], [16, 19, 17, 20], [14, 21, 15, 22], [12, 1, 13, 2], [8, 18, 9, 17]]"
11a_59_12,"[[8, 18, 9, 17], [4, 10, 5, 9], [6, 4, 7, 3], [10, 6, 11, 5], [18, 8, 19, 7], [2, 11, 3, 12], [22, 13, 1, 14], [20, 15, 21, 16], [16, 19, 17, 20], [14, 21, 15, 22], [12, 1, 13, 2]]"
11a_59_13,"[[12, 1, 13, 2], [8, 18, 9, 17], [4, 10, 5, 9], [6, 4, 7, 3], [10, 6, 11, 5], [18, 8, 19, 7], [2, 11, 3, 12], [22, 13, 1, 14], [20, 15, 21, 16], [16, 19, 17, 20], [14, 21, 15, 22]]"
11a_59_14,"[[14, 21, 15, 22], [12, 1, 13, 2], [8, 18, 9, 17], [4, 10, 5, 9], [6, 4, 7, 3], [10, 6, 11, 5], [18, 8, 19, 7], [2, 11, 3, 12], [22, 13, 1, 14], [20, 15, 21, 16], [16, 19, 17, 20]]"
11a_59_15,"[[16, 19, 17, 20], [14, 21, 15, 22], [12, 1, 13, 2], [8, 18, 9, 17], [4, 10, 5, 9], [6, 4, 7, 3], [10, 6, 11, 5], [18, 8, 19, 7], [2, 11, 3, 12], [22, 13, 1, 14], [20, 15, 21, 16]]"
11a_59_16,"[[20, 15, 21, 16], [16, 19, 17, 20], [14, 21, 15, 22], [12, 1, 13, 2], [8, 18, 9, 17], [4, 10, 5, 9], [6, 4, 7, 3], [10, 6, 11, 5], [18, 8, 19, 7], [2, 11, 3, 12], [22, 13, 1, 14]]"
11a_59_17,"[[22, 13, 1, 14], [20, 15, 21, 16], [16, 19, 17, 20], [14, 21, 15, 22], [12, 1, 13, 2], [8, 18, 9, 17], [4, 10, 5, 9], [6, 4, 7, 3], [10, 6, 11, 5], [18, 8, 19, 7], [2, 11, 3, 12]]"
11a_59_18,"[[2, 11, 3, 12], [22, 13, 1, 14], [20, 15, 21, 16], [16, 19, 17, 20], [14, 21, 15, 22], [12, 1, 13, 2], [8, 18, 9, 17], [4, 10, 5, 9], [6, 4, 7, 3], [10, 6, 11, 5], [18, 8, 19, 7]]"
11a_59_19,"[[18, 8, 19, 7], [2, 11, 3, 12], [22, 13, 1, 14], [20, 15, 21, 16], [16, 19, 17, 20], [14, 21, 15, 22], [12, 1, 13, 2], [8, 18, 9, 17], [4, 10, 5, 9], [6, 4, 7, 3], [10, 6, 11, 5]]"
11a_59_20,"[[10, 6, 11, 5], [18, 8, 19, 7], [2, 11, 3, 12], [22, 13, 1, 14], [20, 15, 21, 16], [16, 19, 17, 20], [14, 21, 15, 22], [12, 1, 13, 2], [8, 18, 9, 17], [4, 10, 5, 9], [6, 4, 7, 3]]"
11a_59_21,"[[6, 4, 7, 3], [10, 6, 11, 5], [18, 8, 19, 7], [2, 11, 3, 12], [22, 13, 1, 14], [20, 15, 21, 16], [16, 19, 17, 20], [14, 21, 15, 22], [12, 1, 13, 2], [8, 18, 9, 17], [4, 10, 5, 9]]"
11a_59_22,"[[5, 11, 6, 10], [7, 5, 8, 4], [11, 7, 12, 6], [19, 9, 20, 8], [3, 12, 4, 13], [1, 14, 2, 15], [21, 16, 22, 17], [17, 20, 18, 21], [15, 22, 16, 1], [13, 2, 14, 3], [9, 19, 10, 18]]"
11a_59_23,"[[9, 19, 10, 18], [5, 11, 6, 10], [7, 5, 8, 4], [11, 7, 12, 6], [19, 9, 20, 8], [3, 12, 4, 13], [1, 14, 2, 15], [21, 16, 22, 17], [17, 20, 18, 21], [15, 22, 16, 1], [13, 2, 14, 3]]"
11a_59_24,"[[13, 2, 14, 3], [9, 19, 10, 18], [5, 11, 6, 10], [7, 5, 8, 4], [11, 7, 12, 6], [19, 9, 20, 8], [3, 12, 4, 13], [1, 14, 2, 15], [21, 16, 22, 17], [17, 20, 18, 21], [15, 22, 16, 1]]"
11a_59_25,"[[15, 22, 16, 1], [13, 2, 14, 3], [9, 19, 10, 18], [5, 11, 6, 10], [7, 5, 8, 4], [11, 7, 12, 6], [19, 9, 20, 8], [3, 12, 4, 13], [1, 14, 2, 15], [21, 16, 22, 17], [17, 20, 18, 21]]"
11a_59_26,"[[17, 20, 18, 21], [15, 22, 16, 1], [13, 2, 14, 3], [9, 19, 10, 18], [5, 11, 6, 10], [7, 5, 8, 4], [11, 7, 12, 6], [19, 9, 20, 8], [3, 12, 4, 13], [1, 14, 2, 15], [21, 16, 22, 17]]"
11a_59_27,"[[21, 16, 22, 17], [17, 20, 18, 21], [15, 22, 16, 1], [13, 2, 14, 3], [9, 19, 10, 18], [5, 11, 6, 10], [7, 5, 8, 4], [11, 7, 12, 6], [19, 9, 20, 8], [3, 12, 4, 13], [1, 14, 2, 15]]"
11a_59_28,"[[1, 14, 2, 15], [21, 16, 22, 17], [17, 20, 18, 21], [15, 22, 16, 1], [13, 2, 14, 3], [9, 19, 10, 18], [5, 11, 6, 10], [7, 5, 8, 4], [11, 7, 12, 6], [19, 9, 20, 8], [3, 12, 4, 13]]"
11a_59_29,"[[3, 12, 4, 13], [1, 14, 2, 15], [21, 16, 22, 17], [17, 20, 18, 21], [15, 22, 16, 1], [13, 2, 14, 3], [9, 19, 10, 18], [5, 11, 6, 10], [7, 5, 8, 4], [11, 7, 12, 6], [19, 9, 20, 8]]"
11a_59_30,"[[19, 9, 20, 8], [3, 12, 4, 13], [1, 14, 2, 15], [21, 16, 22, 17], [17, 20, 18, 21], [15, 22, 16, 1], [13, 2, 14, 3], [9, 19, 10, 18], [5, 11, 6, 10], [7, 5, 8, 4], [11, 7, 12, 6]]"
11a_59_31,"[[11, 7, 12, 6], [19, 9, 20, 8], [3, 12, 4, 13], [1, 14, 2, 15], [21, 16, 22, 17], [17, 20, 18, 21], [15, 22, 16, 1], [13, 2, 14, 3], [9, 19, 10, 18], [5, 11, 6, 10], [7, 5, 8, 4]]"
11a_59_32,"[[7, 5, 8, 4], [11, 7, 12, 6], [19, 9, 20, 8], [3, 12, 4, 13], [1, 14, 2, 15], [21, 16, 22, 17], [17, 20, 18, 21], [15, 22, 16, 1], [13, 2, 14, 3], [9, 19, 10, 18], [5, 11, 6, 10]]"
11a_59_33,"[[6, 12, 7, 11], [8, 6, 9, 5], [12, 8, 13, 7], [20, 10, 21, 9], [4, 13, 5, 14], [2, 15, 3, 16], [22, 17, 1, 18], [18, 21, 19, 22], [16, 1, 17, 2], [14, 3, 15, 4], [10, 20, 11, 19]]"
11a_59_34,"[[10, 20, 11, 19], [6, 12, 7, 11], [8, 6, 9, 5], [12, 8, 13, 7], [20, 10, 21, 9], [4, 13, 5, 14], [2, 15, 3, 16], [22, 17, 1, 18], [18, 21, 19, 22], [16, 1, 17, 2], [14, 3, 15, 4]]"
11a_59_35,"[[14, 3, 15, 4], [10, 20, 11, 19], [6, 12, 7, 11], [8, 6, 9, 5], [12, 8, 13, 7], [20, 10, 21, 9], [4, 13, 5, 14], [2, 15, 3, 16], [22, 17, 1, 18], [18, 21, 19, 22], [16, 1, 17, 2]]"
11a_59_36,"[[16, 1, 17, 2], [14, 3, 15, 4], [10, 20, 11, 19], [6, 12, 7, 11], [8, 6, 9, 5], [12, 8, 13, 7], [20, 10, 21, 9], [4, 13, 5, 14], [2, 15, 3, 16], [22, 17, 1, 18], [18, 21, 19, 22]]"
11a_59_37,"[[18, 21, 19, 22], [16, 1, 17, 2], [14, 3, 15, 4], [10, 20, 11, 19], [6, 12, 7, 11], [8, 6, 9, 5], [12, 8, 13, 7], [20, 10, 21, 9], [4, 13, 5, 14], [2, 15, 3, 16], [22, 17, 1, 18]]"
11a_59_38,"[[22, 17, 1, 18], [18, 21, 19, 22], [16, 1, 17, 2], [14, 3, 15, 4], [10, 20, 11, 19], [6, 12, 7, 11], [8, 6, 9, 5], [12, 8, 13, 7], [20, 10, 21, 9], [4, 13, 5, 14], [2, 15, 3, 16]]"
11a_59_39,"[[2, 15, 3, 16], [22, 17, 1, 18], [18, 21, 19, 22], [16, 1, 17, 2], [14, 3, 15, 4], [10, 20, 11, 19], [6, 12, 7, 11], [8, 6, 9, 5], [12, 8, 13, 7], [20, 10, 21, 9], [4, 13, 5, 14]]"
11a_59_40,"[[4, 13, 5, 14], [2, 15, 3, 16], [22, 17, 1, 18], [18, 21, 19, 22], [16, 1, 17, 2], [14, 3, 15, 4], [10, 20, 11, 19], [6, 12, 7, 11], [8, 6, 9, 5], [12, 8, 13, 7], [20, 10, 21, 9]]"
11a_59_41,"[[20, 10, 21, 9], [4, 13, 5, 14], [2, 15, 3, 16], [22, 17, 1, 18], [18, 21, 19, 22], [16, 1, 17, 2], [14, 3, 15, 4], [10, 20, 11, 19], [6, 12, 7, 11], [8, 6, 9, 5], [12, 8, 13, 7]]"
11a_59_42,"[[12, 8, 13, 7], [20, 10, 21, 9], [4, 13, 5, 14], [2, 15, 3, 16], [22, 17, 1, 18], [18, 21, 19, 22], [16, 1, 17, 2], [14, 3, 15, 4], [10, 20, 11, 19], [6, 12, 7, 11], [8, 6, 9, 5]]"
11a_59_43,"[[8, 6, 9, 5], [12, 8, 13, 7], [20, 10, 21, 9], [4, 13, 5, 14], [2, 15, 3, 16], [22, 17, 1, 18], [18, 21, 19, 22], [16, 1, 17, 2], [14, 3, 15, 4], [10, 20, 11, 19], [6, 12, 7, 11]]"
11a_59_44,"[[7, 13, 8, 12], [9, 7, 10, 6], [13, 9, 14, 8], [21, 11, 22, 10], [5, 14, 6, 15], [3, 16, 4, 17], [1, 18, 2, 19], [19, 22, 20, 1], [17, 2, 18, 3], [15, 4, 16, 5], [11, 21, 12, 20]]"
11a_59_45,"[[11, 21, 12, 20], [7, 13, 8, 12], [9, 7, 10, 6], [13, 9, 14, 8], [21, 11, 22, 10], [5, 14, 6, 15], [3, 16, 4, 17], [1, 18, 2, 19], [19, 22, 20, 1], [17, 2, 18, 3], [15, 4, 16, 5]]"
11a_59_46,"[[15, 4, 16, 5], [11, 21, 12, 20], [7, 13, 8, 12], [9, 7, 10, 6], [13, 9, 14, 8], [21, 11, 22, 10], [5, 14, 6, 15], [3, 16, 4, 17], [1, 18, 2, 19], [19, 22, 20, 1], [17, 2, 18, 3]]"
11a_59_47,"[[17, 2, 18, 3], [15, 4, 16, 5], [11, 21, 12, 20], [7, 13, 8, 12], [9, 7, 10, 6], [13, 9, 14, 8], [21, 11, 22, 10], [5, 14, 6, 15], [3, 16, 4, 17], [1, 18, 2, 19], [19, 22, 20, 1]]"
11a_59_48,"[[19, 22, 20, 1], [17, 2, 18, 3], [15, 4, 16, 5], [11, 21, 12, 20], [7, 13, 8, 12], [9, 7, 10, 6], [13, 9, 14, 8], [21, 11, 22, 10], [5, 14, 6, 15], [3, 16, 4, 17], [1, 18, 2, 19]]"
11a_59_49,"[[1, 18, 2, 19], [19, 22, 20, 1], [17, 2, 18, 3], [15, 4, 16, 5], [11, 21, 12, 20], [7, 13, 8, 12], [9, 7, 10, 6], [13, 9, 14, 8], [21, 11, 22, 10], [5, 14, 6, 15], [3, 16, 4, 17]]"
11a_59_50,"[[3, 16, 4, 17], [1, 18, 2, 19], [19, 22, 20, 1], [17, 2, 18, 3], [15, 4, 16, 5], [11, 21, 12, 20], [7, 13, 8, 12], [9, 7, 10, 6], [13, 9, 14, 8], [21, 11, 22, 10], [5, 14, 6, 15]]"
11a_59_51,"[[5, 14, 6, 15], [3, 16, 4, 17], [1, 18, 2, 19], [19, 22, 20, 1], [17, 2, 18, 3], [15, 4, 16, 5], [11, 21, 12, 20], [7, 13, 8, 12], [9, 7, 10, 6], [13, 9, 14, 8], [21, 11, 22, 10]]"
11a_59_52,"[[21, 11, 22, 10], [5, 14, 6, 15], [3, 16, 4, 17], [1, 18, 2, 19], [19, 22, 20, 1], [17, 2, 18, 3], [15, 4, 16, 5], [11, 21, 12, 20], [7, 13, 8, 12], [9, 7, 10, 6], [13, 9, 14, 8]]"
11a_59_53,"[[13, 9, 14, 8], [21, 11, 22, 10], [5, 14, 6, 15], [3, 16, 4, 17], [1, 18, 2, 19], [19, 22, 20, 1], [17, 2, 18, 3], [15, 4, 16, 5], [11, 21, 12, 20], [7, 13, 8, 12], [9, 7, 10, 6]]"
11a_59_54,"[[9, 7, 10, 6], [13, 9, 14, 8], [21, 11, 22, 10], [5, 14, 6, 15], [3, 16, 4, 17], [1, 18, 2, 19], [19, 22, 20, 1], [17, 2, 18, 3], [15, 4, 16, 5], [11, 21, 12, 20], [7, 13, 8, 12]]"
11a_59_55,"[[8, 14, 9, 13], [10, 8, 11, 7], [14, 10, 15, 9], [22, 12, 1, 11], [6, 15, 7, 16], [4, 17, 5, 18], [2, 19, 3, 20], [20, 1, 21, 2], [18, 3, 19, 4], [16, 5, 17, 6], [12, 22, 13, 21]]"
11a_59_56,"[[12, 22, 13, 21], [8, 14, 9, 13], [10, 8, 11, 7], [14, 10, 15, 9], [22, 12, 1, 11], [6, 15, 7, 16], [4, 17, 5, 18], [2, 19, 3, 20], [20, 1, 21, 2], [18, 3, 19, 4], [16, 5, 17, 6]]"
11a_59_57,"[[16, 5, 17, 6], [12, 22, 13, 21], [8, 14, 9, 13], [10, 8, 11, 7], [14, 10, 15, 9], [22, 12, 1, 11], [6, 15, 7, 16], [4, 17, 5, 18], [2, 19, 3, 20], [20, 1, 21, 2], [18, 3, 19, 4]]"
11a_59_58,"[[18, 3, 19, 4], [16, 5, 17, 6], [12, 22, 13, 21], [8, 14, 9, 13], [10, 8, 11, 7], [14, 10, 15, 9], [22, 12, 1, 11], [6, 15, 7, 16], [4, 17, 5, 18], [2, 19, 3, 20], [20, 1, 21, 2]]"
11a_59_59,"[[20, 1, 21, 2], [18, 3, 19, 4], [16, 5, 17, 6], [12, 22, 13, 21], [8, 14, 9, 13], [10, 8, 11, 7], [14, 10, 15, 9], [22, 12, 1, 11], [6, 15, 7, 16], [4, 17, 5, 18], [2, 19, 3, 20]]"
11a_59_60,"[[2, 19, 3, 20], [20, 1, 21, 2], [18, 3, 19, 4], [16, 5, 17, 6], [12, 22, 13, 21], [8, 14, 9, 13], [10, 8, 11, 7], [14, 10, 15, 9], [22, 12, 1, 11], [6, 15, 7, 16], [4, 17, 5, 18]]"
11a_59_61,"[[4, 17, 5, 18], [2, 19, 3, 20], [20, 1, 21, 2], [18, 3, 19, 4], [16, 5, 17, 6], [12, 22, 13, 21], [8, 14, 9, 13], [10, 8, 11, 7], [14, 10, 15, 9], [22, 12, 1, 11], [6, 15, 7, 16]]"
11a_59_62,"[[6, 15, 7, 16], [4, 17, 5, 18], [2, 19, 3, 20], [20, 1, 21, 2], [18, 3, 19, 4], [16, 5, 17, 6], [12, 22, 13, 21], [8, 14, 9, 13], [10, 8, 11, 7], [14, 10, 15, 9], [22, 12, 1, 11]]"
11a_59_63,"[[22, 12, 1, 11], [6, 15, 7, 16], [4, 17, 5, 18], [2, 19, 3, 20], [20, 1, 21, 2], [18, 3, 19, 4], [16, 5, 17, 6], [12, 22, 13, 21], [8, 14, 9, 13], [10, 8, 11, 7], [14, 10, 15, 9]]"
11a_59_64,"[[14, 10, 15, 9], [22, 12, 1, 11], [6, 15, 7, 16], [4, 17, 5, 18], [2, 19, 3, 20], [20, 1, 21, 2], [18, 3, 19, 4], [16, 5, 17, 6], [12, 22, 13, 21], [8, 14, 9, 13], [10, 8, 11, 7]]"
11a_59_65,"[[10, 8, 11, 7], [14, 10, 15, 9], [22, 12, 1, 11], [6, 15, 7, 16], [4, 17, 5, 18], [2, 19, 3, 20], [20, 1, 21, 2], [18, 3, 19, 4], [16, 5, 17, 6], [12, 22, 13, 21], [8, 14, 9, 13]]"
11a_59_66,"[[9, 15, 10, 14], [11, 9, 12, 8], [15, 11, 16, 10], [1, 13, 2, 12], [7, 16, 8, 17], [5, 18, 6, 19], [3, 20, 4, 21], [21, 2, 22, 3], [19, 4, 20, 5], [17, 6, 18, 7], [13, 1, 14, 22]]"
11a_59_67,"[[13, 1, 14, 22], [9, 15, 10, 14], [11, 9, 12, 8], [15, 11, 16, 10], [1, 13, 2, 12], [7, 16, 8, 17], [5, 18, 6, 19], [3, 20, 4, 21], [21, 2, 22, 3], [19, 4, 20, 5], [17, 6, 18, 7]]"
11a_59_68,"[[17, 6, 18, 7], [13, 1, 14, 22], [9, 15, 10, 14], [11, 9, 12, 8], [15, 11, 16, 10], [1, 13, 2, 12], [7, 16, 8, 17], [5, 18, 6, 19], [3, 20, 4, 21], [21, 2, 22, 3], [19, 4, 20, 5]]"
11a_59_69,"[[19, 4, 20, 5], [17, 6, 18, 7], [13, 1, 14, 22], [9, 15, 10, 14], [11, 9, 12, 8], [15, 11, 16, 10], [1, 13, 2, 12], [7, 16, 8, 17], [5, 18, 6, 19], [3, 20, 4, 21], [21, 2, 22, 3]]"
11a_59_70,"[[21, 2, 22, 3], [19, 4, 20, 5], [17, 6, 18, 7], [13, 1, 14, 22], [9, 15, 10, 14], [11, 9, 12, 8], [15, 11, 16, 10], [1, 13, 2, 12], [7, 16, 8, 17], [5, 18, 6, 19], [3, 20, 4, 21]]"
11a_59_71,"[[3, 20, 4, 21], [21, 2, 22, 3], [19, 4, 20, 5], [17, 6, 18, 7], [13, 1, 14, 22], [9, 15, 10, 14], [11, 9, 12, 8], [15, 11, 16, 10], [1, 13, 2, 12], [7, 16, 8, 17], [5, 18, 6, 19]]"
11a_59_72,"[[5, 18, 6, 19], [3, 20, 4, 21], [21, 2, 22, 3], [19, 4, 20, 5], [17, 6, 18, 7], [13, 1, 14, 22], [9, 15, 10, 14], [11, 9, 12, 8], [15, 11, 16, 10], [1, 13, 2, 12], [7, 16, 8, 17]]"
11a_59_73,"[[7, 16, 8, 17], [5, 18, 6, 19], [3, 20, 4, 21], [21, 2, 22, 3], [19, 4, 20, 5], [17, 6, 18, 7], [13, 1, 14, 22], [9, 15, 10, 14], [11, 9, 12, 8], [15, 11, 16, 10], [1, 13, 2, 12]]"
11a_59_74,"[[1, 13, 2, 12], [7, 16, 8, 17], [5, 18, 6, 19], [3, 20, 4, 21], [21, 2, 22, 3], [19, 4, 20, 5], [17, 6, 18, 7], [13, 1, 14, 22], [9, 15, 10, 14], [11, 9, 12, 8], [15, 11, 16, 10]]"
11a_59_75,"[[15, 11, 16, 10], [1, 13, 2, 12], [7, 16, 8, 17], [5, 18, 6, 19], [3, 20, 4, 21], [21, 2, 22, 3], [19, 4, 20, 5], [17, 6, 18, 7], [13, 1, 14, 22], [9, 15, 10, 14], [11, 9, 12, 8]]"
11a_59_76,"[[11, 9, 12, 8], [15, 11, 16, 10], [1, 13, 2, 12], [7, 16, 8, 17], [5, 18, 6, 19], [3, 20, 4, 21], [21, 2, 22, 3], [19, 4, 20, 5], [17, 6, 18, 7], [13, 1, 14, 22], [9, 15, 10, 14]]"
11a_59_77,"[[10, 16, 11, 15], [12, 10, 13, 9], [16, 12, 17, 11], [2, 14, 3, 13], [8, 17, 9, 18], [6, 19, 7, 20], [4, 21, 5, 22], [22, 3, 1, 4], [20, 5, 21, 6], [18, 7, 19, 8], [14, 2, 15, 1]]"
11a_59_78,"[[14, 2, 15, 1], [10, 16, 11, 15], [12, 10, 13, 9], [16, 12, 17, 11], [2, 14, 3, 13], [8, 17, 9, 18], [6, 19, 7, 20], [4, 21, 5, 22], [22, 3, 1, 4], [20, 5, 21, 6], [18, 7, 19, 8]]"
11a_59_79,"[[18, 7, 19, 8], [14, 2, 15, 1], [10, 16, 11, 15], [12, 10, 13, 9], [16, 12, 17, 11], [2, 14, 3, 13], [8, 17, 9, 18], [6, 19, 7, 20], [4, 21, 5, 22], [22, 3, 1, 4], [20, 5, 21, 6]]"
11a_59_80,"[[20, 5, 21, 6], [18, 7, 19, 8], [14, 2, 15, 1], [10, 16, 11, 15], [12, 10, 13, 9], [16, 12, 17, 11], [2, 14, 3, 13], [8, 17, 9, 18], [6, 19, 7, 20], [4, 21, 5, 22], [22, 3, 1, 4]]"
11a_59_81,"[[22, 3, 1, 4], [20, 5, 21, 6], [18, 7, 19, 8], [14, 2, 15, 1], [10, 16, 11, 15], [12, 10, 13, 9], [16, 12, 17, 11], [2, 14, 3, 13], [8, 17, 9, 18], [6, 19, 7, 20], [4, 21, 5, 22]]"
11a_59_82,"[[4, 21, 5, 22], [22, 3, 1, 4], [20, 5, 21, 6], [18, 7, 19, 8], [14, 2, 15, 1], [10, 16, 11, 15], [12, 10, 13, 9], [16, 12, 17, 11], [2, 14, 3, 13], [8, 17, 9, 18], [6, 19, 7, 20]]"
11a_59_83,"[[6, 19, 7, 20], [4, 21, 5, 22], [22, 3, 1, 4], [20, 5, 21, 6], [18, 7, 19, 8], [14, 2, 15, 1], [10, 16, 11, 15], [12, 10, 13, 9], [16, 12, 17, 11], [2, 14, 3, 13], [8, 17, 9, 18]]"
11a_59_84,"[[8, 17, 9, 18], [6, 19, 7, 20], [4, 21, 5, 22], [22, 3, 1, 4], [20, 5, 21, 6], [18, 7, 19, 8], [14, 2, 15, 1], [10, 16, 11, 15], [12, 10, 13, 9], [16, 12, 17, 11], [2, 14, 3, 13]]"
11a_59_85,"[[2, 14, 3, 13], [8, 17, 9, 18], [6, 19, 7, 20], [4, 21, 5, 22], [22, 3, 1, 4], [20, 5, 21, 6], [18, 7, 19, 8], [14, 2, 15, 1], [10, 16, 11, 15], [12, 10, 13, 9], [16, 12, 17, 11]]"
11a_59_86,"[[16, 12, 17, 11], [2, 14, 3, 13], [8, 17, 9, 18], [6, 19, 7, 20], [4, 21, 5, 22], [22, 3, 1, 4], [20, 5, 21, 6], [18, 7, 19, 8], [14, 2, 15, 1], [10, 16, 11, 15], [12, 10, 13, 9]]"
11a_59_87,"[[12, 10, 13, 9], [16, 12, 17, 11], [2, 14, 3, 13], [8, 17, 9, 18], [6, 19, 7, 20], [4, 21, 5, 22], [22, 3, 1, 4], [20, 5, 21, 6], [18, 7, 19, 8], [14, 2, 15, 1], [10, 16, 11, 15]]"
11a_59_88,"[[11, 17, 12, 16], [13, 11, 14, 10], [17, 13, 18, 12], [3, 15, 4, 14], [9, 18, 10, 19], [7, 20, 8, 21], [5, 22, 6, 1], [1, 4, 2, 5], [21, 6, 22, 7], [19, 8, 20, 9], [15, 3, 16, 2]]"
11a_59_89,"[[15, 3, 16, 2], [11, 17, 12, 16], [13, 11, 14, 10], [17, 13, 18, 12], [3, 15, 4, 14], [9, 18, 10, 19], [7, 20, 8, 21], [5, 22, 6, 1], [1, 4, 2, 5], [21, 6, 22, 7], [19, 8, 20, 9]]"
11a_59_90,"[[19, 8, 20, 9], [15, 3, 16, 2], [11, 17, 12, 16], [13, 11, 14, 10], [17, 13, 18, 12], [3, 15, 4, 14], [9, 18, 10, 19], [7, 20, 8, 21], [5, 22, 6, 1], [1, 4, 2, 5], [21, 6, 22, 7]]"
11a_59_91,"[[21, 6, 22, 7], [19, 8, 20, 9], [15, 3, 16, 2], [11, 17, 12, 16], [13, 11, 14, 10], [17, 13, 18, 12], [3, 15, 4, 14], [9, 18, 10, 19], [7, 20, 8, 21], [5, 22, 6, 1], [1, 4, 2, 5]]"
11a_59_92,"[[1, 4, 2, 5], [21, 6, 22, 7], [19, 8, 20, 9], [15, 3, 16, 2], [11, 17, 12, 16], [13, 11, 14, 10], [17, 13, 18, 12], [3, 15, 4, 14], [9, 18, 10, 19], [7, 20, 8, 21], [5, 22, 6, 1]]"
11a_59_93,"[[5, 22, 6, 1], [1, 4, 2, 5], [21, 6, 22, 7], [19, 8, 20, 9], [15, 3, 16, 2], [11, 17, 12, 16], [13, 11, 14, 10], [17, 13, 18, 12], [3, 15, 4, 14], [9, 18, 10, 19], [7, 20, 8, 21]]"
11a_59_94,"[[7, 20, 8, 21], [5, 22, 6, 1], [1, 4, 2, 5], [21, 6, 22, 7], [19, 8, 20, 9], [15, 3, 16, 2], [11, 17, 12, 16], [13, 11, 14, 10], [17, 13, 18, 12], [3, 15, 4, 14], [9, 18, 10, 19]]"
11a_59_95,"[[9, 18, 10, 19], [7, 20, 8, 21], [5, 22, 6, 1], [1, 4, 2, 5], [21, 6, 22, 7], [19, 8, 20, 9], [15, 3, 16, 2], [11, 17, 12, 16], [13, 11, 14, 10], [17, 13, 18, 12], [3, 15, 4, 14]]"
11a_59_96,"[[3, 15, 4, 14], [9, 18, 10, 19], [7, 20, 8, 21], [5, 22, 6, 1], [1, 4, 2, 5], [21, 6, 22, 7], [19, 8, 20, 9], [15, 3, 16, 2], [11, 17, 12, 16], [13, 11, 14, 10], [17, 13, 18, 12]]"
11a_59_97,"[[17, 13, 18, 12], [3, 15, 4, 14], [9, 18, 10, 19], [7, 20, 8, 21], [5, 22, 6, 1], [1, 4, 2, 5], [21, 6, 22, 7], [19, 8, 20, 9], [15, 3, 16, 2], [11, 17, 12, 16], [13, 11, 14, 10]]"
11a_59_98,"[[13, 11, 14, 10], [17, 13, 18, 12], [3, 15, 4, 14], [9, 18, 10, 19], [7, 20, 8, 21], [5, 22, 6, 1], [1, 4, 2, 5], [21, 6, 22, 7], [19, 8, 20, 9], [15, 3, 16, 2], [11, 17, 12, 16]]"
11a_59_99,"[[12, 18, 13, 17], [14, 12, 15, 11], [18, 14, 19, 13], [4, 16, 5, 15], [10, 19, 11, 20], [8, 21, 9, 22], [6, 1, 7, 2], [2, 5, 3, 6], [22, 7, 1, 8], [20, 9, 21, 10], [16, 4, 17, 3]]"
11a_59_100,"[[16, 4, 17, 3], [12, 18, 13, 17], [14, 12, 15, 11], [18, 14, 19, 13], [4, 16, 5, 15], [10, 19, 11, 20], [8, 21, 9, 22], [6, 1, 7, 2], [2, 5, 3, 6], [22, 7, 1, 8], [20, 9, 21, 10]]"
11a_59_101,"[[20, 9, 21, 10], [16, 4, 17, 3], [12, 18, 13, 17], [14, 12, 15, 11], [18, 14, 19, 13], [4, 16, 5, 15], [10, 19, 11, 20], [8, 21, 9, 22], [6, 1, 7, 2], [2, 5, 3, 6], [22, 7, 1, 8]]"
11a_59_102,"[[22, 7, 1, 8], [20, 9, 21, 10], [16, 4, 17, 3], [12, 18, 13, 17], [14, 12, 15, 11], [18, 14, 19, 13], [4, 16, 5, 15], [10, 19, 11, 20], [8, 21, 9, 22], [6, 1, 7, 2], [2, 5, 3, 6]]"
11a_59_103,"[[2, 5, 3, 6], [22, 7, 1, 8], [20, 9, 21, 10], [16, 4, 17, 3], [12, 18, 13, 17], [14, 12, 15, 11], [18, 14, 19, 13], [4, 16, 5, 15], [10, 19, 11, 20], [8, 21, 9, 22], [6, 1, 7, 2]]"
11a_59_104,"[[6, 1, 7, 2], [2, 5, 3, 6], [22, 7, 1, 8], [20, 9, 21, 10], [16, 4, 17, 3], [12, 18, 13, 17], [14, 12, 15, 11], [18, 14, 19, 13], [4, 16, 5, 15], [10, 19, 11, 20], [8, 21, 9, 22]]"
11a_59_105,"[[8, 21, 9, 22], [6, 1, 7, 2], [2, 5, 3, 6], [22, 7, 1, 8], [20, 9, 21, 10], [16, 4, 17, 3], [12, 18, 13, 17], [14, 12, 15, 11], [18, 14, 19, 13], [4, 16, 5, 15], [10, 19, 11, 20]]"
11a_59_106,"[[10, 19, 11, 20], [8, 21, 9, 22], [6, 1, 7, 2], [2, 5, 3, 6], [22, 7, 1, 8], [20, 9, 21, 10], [16, 4, 17, 3], [12, 18, 13, 17], [14, 12, 15, 11], [18, 14, 19, 13], [4, 16, 5, 15]]"
11a_59_107,"[[4, 16, 5, 15], [10, 19, 11, 20], [8, 21, 9, 22], [6, 1, 7, 2], [2, 5, 3, 6], [22, 7, 1, 8], [20, 9, 21, 10], [16, 4, 17, 3], [12, 18, 13, 17], [14, 12, 15, 11], [18, 14, 19, 13]]"
11a_59_108,"[[18, 14, 19, 13], [4, 16, 5, 15], [10, 19, 11, 20], [8, 21, 9, 22], [6, 1, 7, 2], [2, 5, 3, 6], [22, 7, 1, 8], [20, 9, 21, 10], [16, 4, 17, 3], [12, 18, 13, 17], [14, 12, 15, 11]]"
11a_59_109,"[[14, 12, 15, 11], [18, 14, 19, 13], [4, 16, 5, 15], [10, 19, 11, 20], [8, 21, 9, 22], [6, 1, 7, 2], [2, 5, 3, 6], [22, 7, 1, 8], [20, 9, 21, 10], [16, 4, 17, 3], [12, 18, 13, 17]]"
11a_59_110,"[[13, 19, 14, 18], [15, 13, 16, 12], [19, 15, 20, 14], [5, 17, 6, 16], [11, 20, 12, 21], [9, 22, 10, 1], [7, 2, 8, 3], [3, 6, 4, 7], [1, 8, 2, 9], [21, 10, 22, 11], [17, 5, 18, 4]]"
11a_59_111,"[[17, 5, 18, 4], [13, 19, 14, 18], [15, 13, 16, 12], [19, 15, 20, 14], [5, 17, 6, 16], [11, 20, 12, 21], [9, 22, 10, 1], [7, 2, 8, 3], [3, 6, 4, 7], [1, 8, 2, 9], [21, 10, 22, 11]]"
11a_59_112,"[[21, 10, 22, 11], [17, 5, 18, 4], [13, 19, 14, 18], [15, 13, 16, 12], [19, 15, 20, 14], [5, 17, 6, 16], [11, 20, 12, 21], [9, 22, 10, 1], [7, 2, 8, 3], [3, 6, 4, 7], [1, 8, 2, 9]]"
11a_59_113,"[[1, 8, 2, 9], [21, 10, 22, 11], [17, 5, 18, 4], [13, 19, 14, 18], [15, 13, 16, 12], [19, 15, 20, 14], [5, 17, 6, 16], [11, 20, 12, 21], [9, 22, 10, 1], [7, 2, 8, 3], [3, 6, 4, 7]]"
11a_59_114,"[[3, 6, 4, 7], [1, 8, 2, 9], [21, 10, 22, 11], [17, 5, 18, 4], [13, 19, 14, 18], [15, 13, 16, 12], [19, 15, 20, 14], [5, 17, 6, 16], [11, 20, 12, 21], [9, 22, 10, 1], [7, 2, 8, 3]]"
11a_59_115,"[[7, 2, 8, 3], [3, 6, 4, 7], [1, 8, 2, 9], [21, 10, 22, 11], [17, 5, 18, 4], [13, 19, 14, 18], [15, 13, 16, 12], [19, 15, 20, 14], [5, 17, 6, 16], [11, 20, 12, 21], [9, 22, 10, 1]]"
11a_59_116,"[[9, 22, 10, 1], [7, 2, 8, 3], [3, 6, 4, 7], [1, 8, 2, 9], [21, 10, 22, 11], [17, 5, 18, 4], [13, 19, 14, 18], [15, 13, 16, 12], [19, 15, 20, 14], [5, 17, 6, 16], [11, 20, 12, 21]]"
11a_59_117,"[[11, 20, 12, 21], [9, 22, 10, 1], [7, 2, 8, 3], [3, 6, 4, 7], [1, 8, 2, 9], [21, 10, 22, 11], [17, 5, 18, 4], [13, 19, 14, 18], [15, 13, 16, 12], [19, 15, 20, 14], [5, 17, 6, 16]]"
11a_59_118,"[[5, 17, 6, 16], [11, 20, 12, 21], [9, 22, 10, 1], [7, 2, 8, 3], [3, 6, 4, 7], [1, 8, 2, 9], [21, 10, 22, 11], [17, 5, 18, 4], [13, 19, 14, 18], [15, 13, 16, 12], [19, 15, 20, 14]]"
11a_59_119,"[[19, 15, 20, 14], [5, 17, 6, 16], [11, 20, 12, 21], [9, 22, 10, 1], [7, 2, 8, 3], [3, 6, 4, 7], [1, 8, 2, 9], [21, 10, 22, 11], [17, 5, 18, 4], [13, 19, 14, 18], [15, 13, 16, 12]]"
11a_59_120,"[[15, 13, 16, 12], [19, 15, 20, 14], [5, 17, 6, 16], [11, 20, 12, 21], [9, 22, 10, 1], [7, 2, 8, 3], [3, 6, 4, 7], [1, 8, 2, 9], [21, 10, 22, 11], [17, 5, 18, 4], [13, 19, 14, 18]]"
11a_59_121,"[[14, 20, 15, 19], [16, 14, 17, 13], [20, 16, 21, 15], [6, 18, 7, 17], [12, 21, 13, 22], [10, 1, 11, 2], [8, 3, 9, 4], [4, 7, 5, 8], [2, 9, 3, 10], [22, 11, 1, 12], [18, 6, 19, 5]]"
11a_59_122,"[[18, 6, 19, 5], [14, 20, 15, 19], [16, 14, 17, 13], [20, 16, 21, 15], [6, 18, 7, 17], [12, 21, 13, 22], [10, 1, 11, 2], [8, 3, 9, 4], [4, 7, 5, 8], [2, 9, 3, 10], [22, 11, 1, 12]]"
11a_59_123,"[[22, 11, 1, 12], [18, 6, 19, 5], [14, 20, 15, 19], [16, 14, 17, 13], [20, 16, 21, 15], [6, 18, 7, 17], [12, 21, 13, 22], [10, 1, 11, 2], [8, 3, 9, 4], [4, 7, 5, 8], [2, 9, 3, 10]]"
11a_59_124,"[[2, 9, 3, 10], [22, 11, 1, 12], [18, 6, 19, 5], [14, 20, 15, 19], [16, 14, 17, 13], [20, 16, 21, 15], [6, 18, 7, 17], [12, 21, 13, 22], [10, 1, 11, 2], [8, 3, 9, 4], [4, 7, 5, 8]]"
11a_59_125,"[[4, 7, 5, 8], [2, 9, 3, 10], [22, 11, 1, 12], [18, 6, 19, 5], [14, 20, 15, 19], [16, 14, 17, 13], [20, 16, 21, 15], [6, 18, 7, 17], [12, 21, 13, 22], [10, 1, 11, 2], [8, 3, 9, 4]]"
11a_59_126,"[[8, 3, 9, 4], [4, 7, 5, 8], [2, 9, 3, 10], [22, 11, 1, 12], [18, 6, 19, 5], [14, 20, 15, 19], [16, 14, 17, 13], [20, 16, 21, 15], [6, 18, 7, 17], [12, 21, 13, 22], [10, 1, 11, 2]]"
11a_59_127,"[[10, 1, 11, 2], [8, 3, 9, 4], [4, 7, 5, 8], [2, 9, 3, 10], [22, 11, 1, 12], [18, 6, 19, 5], [14, 20, 15, 19], [16, 14, 17, 13], [20, 16, 21, 15], [6, 18, 7, 17], [12, 21, 13, 22]]"
11a_59_128,"[[12, 21, 13, 22], [10, 1, 11, 2], [8, 3, 9, 4], [4, 7, 5, 8], [2, 9, 3, 10], [22, 11, 1, 12], [18, 6, 19, 5], [14, 20, 15, 19], [16, 14, 17, 13], [20, 16, 21, 15], [6, 18, 7, 17]]"
11a_59_129,"[[6, 18, 7, 17], [12, 21, 13, 22], [10, 1, 11, 2], [8, 3, 9, 4], [4, 7, 5, 8], [2, 9, 3, 10], [22, 11, 1, 12], [18, 6, 19, 5], [14, 20, 15, 19], [16, 14, 17, 13], [20, 16, 21, 15]]"
11a_59_130,"[[20, 16, 21, 15], [6, 18, 7, 17], [12, 21, 13, 22], [10, 1, 11, 2], [8, 3, 9, 4], [4, 7, 5, 8], [2, 9, 3, 10], [22, 11, 1, 12], [18, 6, 19, 5], [14, 20, 15, 19], [16, 14, 17, 13]]"
11a_59_131,"[[16, 14, 17, 13], [20, 16, 21, 15], [6, 18, 7, 17], [12, 21, 13, 22], [10, 1, 11, 2], [8, 3, 9, 4], [4, 7, 5, 8], [2, 9, 3, 10], [22, 11, 1, 12], [18, 6, 19, 5], [14, 20, 15, 19]]"
11a_59_132,"[[15, 21, 16, 20], [17, 15, 18, 14], [21, 17, 22, 16], [7, 19, 8, 18], [13, 22, 14, 1], [11, 2, 12, 3], [9, 4, 10, 5], [5, 8, 6, 9], [3, 10, 4, 11], [1, 12, 2, 13], [19, 7, 20, 6]]"
11a_59_133,"[[19, 7, 20, 6], [15, 21, 16, 20], [17, 15, 18, 14], [21, 17, 22, 16], [7, 19, 8, 18], [13, 22, 14, 1], [11, 2, 12, 3], [9, 4, 10, 5], [5, 8, 6, 9], [3, 10, 4, 11], [1, 12, 2, 13]]"
11a_59_134,"[[1, 12, 2, 13], [19, 7, 20, 6], [15, 21, 16, 20], [17, 15, 18, 14], [21, 17, 22, 16], [7, 19, 8, 18], [13, 22, 14, 1], [11, 2, 12, 3], [9, 4, 10, 5], [5, 8, 6, 9], [3, 10, 4, 11]]"
11a_59_135,"[[3, 10, 4, 11], [1, 12, 2, 13], [19, 7, 20, 6], [15, 21, 16, 20], [17, 15, 18, 14], [21, 17, 22, 16], [7, 19, 8, 18], [13, 22, 14, 1], [11, 2, 12, 3], [9, 4, 10, 5], [5, 8, 6, 9]]"
11a_59_136,"[[5, 8, 6, 9], [3, 10, 4, 11], [1, 12, 2, 13], [19, 7, 20, 6], [15, 21, 16, 20], [17, 15, 18, 14], [21, 17, 22, 16], [7, 19, 8, 18], [13, 22, 14, 1], [11, 2, 12, 3], [9, 4, 10, 5]]"
11a_59_137,"[[9, 4, 10, 5], [5, 8, 6, 9], [3, 10, 4, 11], [1, 12, 2, 13], [19, 7, 20, 6], [15, 21, 16, 20], [17, 15, 18, 14], [21, 17, 22, 16], [7, 19, 8, 18], [13, 22, 14, 1], [11, 2, 12, 3]]"
11a_59_138,"[[11, 2, 12, 3], [9, 4, 10, 5], [5, 8, 6, 9], [3, 10, 4, 11], [1, 12, 2, 13], [19, 7, 20, 6], [15, 21, 16, 20], [17, 15, 18, 14], [21, 17, 22, 16], [7, 19, 8, 18], [13, 22, 14, 1]]"
11a_59_139,"[[13, 22, 14, 1], [11, 2, 12, 3], [9, 4, 10, 5], [5, 8, 6, 9], [3, 10, 4, 11], [1, 12, 2, 13], [19, 7, 20, 6], [15, 21, 16, 20], [17, 15, 18, 14], [21, 17, 22, 16], [7, 19, 8, 18]]"
11a_59_140,"[[7, 19, 8, 18], [13, 22, 14, 1], [11, 2, 12, 3], [9, 4, 10, 5], [5, 8, 6, 9], [3, 10, 4, 11], [1, 12, 2, 13], [19, 7, 20, 6], [15, 21, 16, 20], [17, 15, 18, 14], [21, 17, 22, 16]]"
11a_59_141,"[[21, 17, 22, 16], [7, 19, 8, 18], [13, 22, 14, 1], [11, 2, 12, 3], [9, 4, 10, 5], [5, 8, 6, 9], [3, 10, 4, 11], [1, 12, 2, 13], [19, 7, 20, 6], [15, 21, 16, 20], [17, 15, 18, 14]]"
11a_59_142,"[[17, 15, 18, 14], [21, 17, 22, 16], [7, 19, 8, 18], [13, 22, 14, 1], [11, 2, 12, 3], [9, 4, 10, 5], [5, 8, 6, 9], [3, 10, 4, 11], [1, 12, 2, 13], [19, 7, 20, 6], [15, 21, 16, 20]]"
11a_59_143,"[[16, 22, 17, 21], [18, 16, 19, 15], [22, 18, 1, 17], [8, 20, 9, 19], [14, 1, 15, 2], [12, 3, 13, 4], [10, 5, 11, 6], [6, 9, 7, 10], [4, 11, 5, 12], [2, 13, 3, 14], [20, 8, 21, 7]]"
11a_59_144,"[[20, 8, 21, 7], [16, 22, 17, 21], [18, 16, 19, 15], [22, 18, 1, 17], [8, 20, 9, 19], [14, 1, 15, 2], [12, 3, 13, 4], [10, 5, 11, 6], [6, 9, 7, 10], [4, 11, 5, 12], [2, 13, 3, 14]]"
11a_59_145,"[[2, 13, 3, 14], [20, 8, 21, 7], [16, 22, 17, 21], [18, 16, 19, 15], [22, 18, 1, 17], [8, 20, 9, 19], [14, 1, 15, 2], [12, 3, 13, 4], [10, 5, 11, 6], [6, 9, 7, 10], [4, 11, 5, 12]]"
11a_59_146,"[[4, 11, 5, 12], [2, 13, 3, 14], [20, 8, 21, 7], [16, 22, 17, 21], [18, 16, 19, 15], [22, 18, 1, 17], [8, 20, 9, 19], [14, 1, 15, 2], [12, 3, 13, 4], [10, 5, 11, 6], [6, 9, 7, 10]]"
11a_59_147,"[[6, 9, 7, 10], [4, 11, 5, 12], [2, 13, 3, 14], [20, 8, 21, 7], [16, 22, 17, 21], [18, 16, 19, 15], [22, 18, 1, 17], [8, 20, 9, 19], [14, 1, 15, 2], [12, 3, 13, 4], [10, 5, 11, 6]]"
11a_59_148,"[[10, 5, 11, 6], [6, 9, 7, 10], [4, 11, 5, 12], [2, 13, 3, 14], [20, 8, 21, 7], [16, 22, 17, 21], [18, 16, 19, 15], [22, 18, 1, 17], [8, 20, 9, 19], [14, 1, 15, 2], [12, 3, 13, 4]]"
11a_59_149,"[[12, 3, 13, 4], [10, 5, 11, 6], [6, 9, 7, 10], [4, 11, 5, 12], [2, 13, 3, 14], [20, 8, 21, 7], [16, 22, 17, 21], [18, 16, 19, 15], [22, 18, 1, 17], [8, 20, 9, 19], [14, 1, 15, 2]]"
11a_59_150,"[[14, 1, 15, 2], [12, 3, 13, 4], [10, 5, 11, 6], [6, 9, 7, 10], [4, 11, 5, 12], [2, 13, 3, 14], [20, 8, 21, 7], [16, 22, 17, 21], [18, 16, 19, 15], [22, 18, 1, 17], [8, 20, 9, 19]]"
11a_59_151,"[[8, 20, 9, 19], [14, 1, 15, 2], [12, 3, 13, 4], [10, 5, 11, 6], [6, 9, 7, 10], [4, 11, 5, 12], [2, 13, 3, 14], [20, 8, 21, 7], [16, 22, 17, 21], [18, 16, 19, 15], [22, 18, 1, 17]]"
11a_59_152,"[[22, 18, 1, 17], [8, 20, 9, 19], [14, 1, 15, 2], [12, 3, 13, 4], [10, 5, 11, 6], [6, 9, 7, 10], [4, 11, 5, 12], [2, 13, 3, 14], [20, 8, 21, 7], [16, 22, 17, 21], [18, 16, 19, 15]]"
11a_59_153,"[[18, 16, 19, 15], [22, 18, 1, 17], [8, 20, 9, 19], [14, 1, 15, 2], [12, 3, 13, 4], [10, 5, 11, 6], [6, 9, 7, 10], [4, 11, 5, 12], [2, 13, 3, 14], [20, 8, 21, 7], [16, 22, 17, 21]]"
11a_59_154,"[[17, 1, 18, 22], [19, 17, 20, 16], [1, 19, 2, 18], [9, 21, 10, 20], [15, 2, 16, 3], [13, 4, 14, 5], [11, 6, 12, 7], [7, 10, 8, 11], [5, 12, 6, 13], [3, 14, 4, 15], [21, 9, 22, 8]]"
11a_59_155,"[[21, 9, 22, 8], [17, 1, 18, 22], [19, 17, 20, 16], [1, 19, 2, 18], [9, 21, 10, 20], [15, 2, 16, 3], [13, 4, 14, 5], [11, 6, 12, 7], [7, 10, 8, 11], [5, 12, 6, 13], [3, 14, 4, 15]]"
11a_59_156,"[[3, 14, 4, 15], [21, 9, 22, 8], [17, 1, 18, 22], [19, 17, 20, 16], [1, 19, 2, 18], [9, 21, 10, 20], [15, 2, 16, 3], [13, 4, 14, 5], [11, 6, 12, 7], [7, 10, 8, 11], [5, 12, 6, 13]]"
11a_59_157,"[[5, 12, 6, 13], [3, 14, 4, 15], [21, 9, 22, 8], [17, 1, 18, 22], [19, 17, 20, 16], [1, 19, 2, 18], [9, 21, 10, 20], [15, 2, 16, 3], [13, 4, 14, 5], [11, 6, 12, 7], [7, 10, 8, 11]]"
11a_59_158,"[[7, 10, 8, 11], [5, 12, 6, 13], [3, 14, 4, 15], [21, 9, 22, 8], [17, 1, 18, 22], [19, 17, 20, 16], [1, 19, 2, 18], [9, 21, 10, 20], [15, 2, 16, 3], [13, 4, 14, 5], [11, 6, 12, 7]]"
11a_59_159,"[[11, 6, 12, 7], [7, 10, 8, 11], [5, 12, 6, 13], [3, 14, 4, 15], [21, 9, 22, 8], [17, 1, 18, 22], [19, 17, 20, 16], [1, 19, 2, 18], [9, 21, 10, 20], [15, 2, 16, 3], [13, 4, 14, 5]]"
11a_59_160,"[[13, 4, 14, 5], [11, 6, 12, 7], [7, 10, 8, 11], [5, 12, 6, 13], [3, 14, 4, 15], [21, 9, 22, 8], [17, 1, 18, 22], [19, 17, 20, 16], [1, 19, 2, 18], [9, 21, 10, 20], [15, 2, 16, 3]]"
11a_59_161,"[[15, 2, 16, 3], [13, 4, 14, 5], [11, 6, 12, 7], [7, 10, 8, 11], [5, 12, 6, 13], [3, 14, 4, 15], [21, 9, 22, 8], [17, 1, 18, 22], [19, 17, 20, 16], [1, 19, 2, 18], [9, 21, 10, 20]]"
11a_59_162,"[[9, 21, 10, 20], [15, 2, 16, 3], [13, 4, 14, 5], [11, 6, 12, 7], [7, 10, 8, 11], [5, 12, 6, 13], [3, 14, 4, 15], [21, 9, 22, 8], [17, 1, 18, 22], [19, 17, 20, 16], [1, 19, 2, 18]]"
11a_59_163,"[[1, 19, 2, 18], [9, 21, 10, 20], [15, 2, 16, 3], [13, 4, 14, 5], [11, 6, 12, 7], [7, 10, 8, 11], [5, 12, 6, 13], [3, 14, 4, 15], [21, 9, 22, 8], [17, 1, 18, 22], [19, 17, 20, 16]]"
11a_59_164,"[[19, 17, 20, 16], [1, 19, 2, 18], [9, 21, 10, 20], [15, 2, 16, 3], [13, 4, 14, 5], [11, 6, 12, 7], [7, 10, 8, 11], [5, 12, 6, 13], [3, 14, 4, 15], [21, 9, 22, 8], [17, 1, 18, 22]]"
11a_59_165,"[[18, 2, 19, 1], [20, 18, 21, 17], [2, 20, 3, 19], [10, 22, 11, 21], [16, 3, 17, 4], [14, 5, 15, 6], [12, 7, 13, 8], [8, 11, 9, 12], [6, 13, 7, 14], [4, 15, 5, 16], [22, 10, 1, 9]]"
11a_59_166,"[[22, 10, 1, 9], [18, 2, 19, 1], [20, 18, 21, 17], [2, 20, 3, 19], [10, 22, 11, 21], [16, 3, 17, 4], [14, 5, 15, 6], [12, 7, 13, 8], [8, 11, 9, 12], [6, 13, 7, 14], [4, 15, 5, 16]]"
11a_59_167,"[[4, 15, 5, 16], [22, 10, 1, 9], [18, 2, 19, 1], [20, 18, 21, 17], [2, 20, 3, 19], [10, 22, 11, 21], [16, 3, 17, 4], [14, 5, 15, 6], [12, 7, 13, 8], [8, 11, 9, 12], [6, 13, 7, 14]]"
11a_59_168,"[[6, 13, 7, 14], [4, 15, 5, 16], [22, 10, 1, 9], [18, 2, 19, 1], [20, 18, 21, 17], [2, 20, 3, 19], [10, 22, 11, 21], [16, 3, 17, 4], [14, 5, 15, 6], [12, 7, 13, 8], [8, 11, 9, 12]]"
11a_59_169,"[[8, 11, 9, 12], [6, 13, 7, 14], [4, 15, 5, 16], [22, 10, 1, 9], [18, 2, 19, 1], [20, 18, 21, 17], [2, 20, 3, 19], [10, 22, 11, 21], [16, 3, 17, 4], [14, 5, 15, 6], [12, 7, 13, 8]]"
11a_59_170,"[[12, 7, 13, 8], [8, 11, 9, 12], [6, 13, 7, 14], [4, 15, 5, 16], [22, 10, 1, 9], [18, 2, 19, 1], [20, 18, 21, 17], [2, 20, 3, 19], [10, 22, 11, 21], [16, 3, 17, 4], [14, 5, 15, 6]]"
11a_59_171,"[[14, 5, 15, 6], [12, 7, 13, 8], [8, 11, 9, 12], [6, 13, 7, 14], [4, 15, 5, 16], [22, 10, 1, 9], [18, 2, 19, 1], [20, 18, 21, 17], [2, 20, 3, 19], [10, 22, 11, 21], [16, 3, 17, 4]]"
11a_59_172,"[[16, 3, 17, 4], [14, 5, 15, 6], [12, 7, 13, 8], [8, 11, 9, 12], [6, 13, 7, 14], [4, 15, 5, 16], [22, 10, 1, 9], [18, 2, 19, 1], [20, 18, 21, 17], [2, 20, 3, 19], [10, 22, 11, 21]]"
11a_59_173,"[[10, 22, 11, 21], [16, 3, 17, 4], [14, 5, 15, 6], [12, 7, 13, 8], [8, 11, 9, 12], [6, 13, 7, 14], [4, 15, 5, 16], [22, 10, 1, 9], [18, 2, 19, 1], [20, 18, 21, 17], [2, 20, 3, 19]]"
11a_59_174,"[[2, 20, 3, 19], [10, 22, 11, 21], [16, 3, 17, 4], [14, 5, 15, 6], [12, 7, 13, 8], [8, 11, 9, 12], [6, 13, 7, 14], [4, 15, 5, 16], [22, 10, 1, 9], [18, 2, 19, 1], [20, 18, 21, 17]]"
11a_59_175,"[[20, 18, 21, 17], [2, 20, 3, 19], [10, 22, 11, 21], [16, 3, 17, 4], [14, 5, 15, 6], [12, 7, 13, 8], [8, 11, 9, 12], [6, 13, 7, 14], [4, 15, 5, 16], [22, 10, 1, 9], [18, 2, 19, 1]]"
11a_59_176,"[[19, 3, 20, 2], [21, 19, 22, 18], [3, 21, 4, 20], [11, 1, 12, 22], [17, 4, 18, 5], [15, 6, 16, 7], [13, 8, 14, 9], [9, 12, 10, 13], [7, 14, 8, 15], [5, 16, 6, 17], [1, 11, 2, 10]]"
11a_59_177,"[[1, 11, 2, 10], [19, 3, 20, 2], [21, 19, 22, 18], [3, 21, 4, 20], [11, 1, 12, 22], [17, 4, 18, 5], [15, 6, 16, 7], [13, 8, 14, 9], [9, 12, 10, 13], [7, 14, 8, 15], [5, 16, 6, 17]]"
11a_59_178,"[[5, 16, 6, 17], [1, 11, 2, 10], [19, 3, 20, 2], [21, 19, 22, 18], [3, 21, 4, 20], [11, 1, 12, 22], [17, 4, 18, 5], [15, 6, 16, 7], [13, 8, 14, 9], [9, 12, 10, 13], [7, 14, 8, 15]]"
11a_59_179,"[[7, 14, 8, 15], [5, 16, 6, 17], [1, 11, 2, 10], [19, 3, 20, 2], [21, 19, 22, 18], [3, 21, 4, 20], [11, 1, 12, 22], [17, 4, 18, 5], [15, 6, 16, 7], [13, 8, 14, 9], [9, 12, 10, 13]]"
11a_59_180,"[[9, 12, 10, 13], [7, 14, 8, 15], [5, 16, 6, 17], [1, 11, 2, 10], [19, 3, 20, 2], [21, 19, 22, 18], [3, 21, 4, 20], [11, 1, 12, 22], [17, 4, 18, 5], [15, 6, 16, 7], [13, 8, 14, 9]]"
11a_59_181,"[[13, 8, 14, 9], [9, 12, 10, 13], [7, 14, 8, 15], [5, 16, 6, 17], [1, 11, 2, 10], [19, 3, 20, 2], [21, 19, 22, 18], [3, 21, 4, 20], [11, 1, 12, 22], [17, 4, 18, 5], [15, 6, 16, 7]]"
11a_59_182,"[[15, 6, 16, 7], [13, 8, 14, 9], [9, 12, 10, 13], [7, 14, 8, 15], [5, 16, 6, 17], [1, 11, 2, 10], [19, 3, 20, 2], [21, 19, 22, 18], [3, 21, 4, 20], [11, 1, 12, 22], [17, 4, 18, 5]]"
11a_59_183,"[[17, 4, 18, 5], [15, 6, 16, 7], [13, 8, 14, 9], [9, 12, 10, 13], [7, 14, 8, 15], [5, 16, 6, 17], [1, 11, 2, 10], [19, 3, 20, 2], [21, 19, 22, 18], [3, 21, 4, 20], [11, 1, 12, 22]]"
11a_59_184,"[[11, 1, 12, 22], [17, 4, 18, 5], [15, 6, 16, 7], [13, 8, 14, 9], [9, 12, 10, 13], [7, 14, 8, 15], [5, 16, 6, 17], [1, 11, 2, 10], [19, 3, 20, 2], [21, 19, 22, 18], [3, 21, 4, 20]]"
11a_59_185,"[[3, 21, 4, 20], [11, 1, 12, 22], [17, 4, 18, 5], [15, 6, 16, 7], [13, 8, 14, 9], [9, 12, 10, 13], [7, 14, 8, 15], [5, 16, 6, 17], [1, 11, 2, 10], [19, 3, 20, 2], [21, 19, 22, 18]]"
11a_59_186,"[[21, 19, 22, 18], [3, 21, 4, 20], [11, 1, 12, 22], [17, 4, 18, 5], [15, 6, 16, 7], [13, 8, 14, 9], [9, 12, 10, 13], [7, 14, 8, 15], [5, 16, 6, 17], [1, 11, 2, 10], [19, 3, 20, 2]]"
11a_59_187,"[[20, 4, 21, 3], [22, 20, 1, 19], [4, 22, 5, 21], [12, 2, 13, 1], [18, 5, 19, 6], [16, 7, 17, 8], [14, 9, 15, 10], [10, 13, 11, 14], [8, 15, 9, 16], [6, 17, 7, 18], [2, 12, 3, 11]]"
11a_59_188,"[[2, 12, 3, 11], [20, 4, 21, 3], [22, 20, 1, 19], [4, 22, 5, 21], [12, 2, 13, 1], [18, 5, 19, 6], [16, 7, 17, 8], [14, 9, 15, 10], [10, 13, 11, 14], [8, 15, 9, 16], [6, 17, 7, 18]]"
11a_59_189,"[[6, 17, 7, 18], [2, 12, 3, 11], [20, 4, 21, 3], [22, 20, 1, 19], [4, 22, 5, 21], [12, 2, 13, 1], [18, 5, 19, 6], [16, 7, 17, 8], [14, 9, 15, 10], [10, 13, 11, 14], [8, 15, 9, 16]]"
11a_59_190,"[[8, 15, 9, 16], [6, 17, 7, 18], [2, 12, 3, 11], [20, 4, 21, 3], [22, 20, 1, 19], [4, 22, 5, 21], [12, 2, 13, 1], [18, 5, 19, 6], [16, 7, 17, 8], [14, 9, 15, 10], [10, 13, 11, 14]]"
11a_59_191,"[[10, 13, 11, 14], [8, 15, 9, 16], [6, 17, 7, 18], [2, 12, 3, 11], [20, 4, 21, 3], [22, 20, 1, 19], [4, 22, 5, 21], [12, 2, 13, 1], [18, 5, 19, 6], [16, 7, 17, 8], [14, 9, 15, 10]]"
11a_59_192,"[[14, 9, 15, 10], [10, 13, 11, 14], [8, 15, 9, 16], [6, 17, 7, 18], [2, 12, 3, 11], [20, 4, 21, 3], [22, 20, 1, 19], [4, 22, 5, 21], [12, 2, 13, 1], [18, 5, 19, 6], [16, 7, 17, 8]]"
11a_59_193,"[[16, 7, 17, 8], [14, 9, 15, 10], [10, 13, 11, 14], [8, 15, 9, 16], [6, 17, 7, 18], [2, 12, 3, 11], [20, 4, 21, 3], [22, 20, 1, 19], [4, 22, 5, 21], [12, 2, 13, 1], [18, 5, 19, 6]]"
11a_59_194,"[[18, 5, 19, 6], [16, 7, 17, 8], [14, 9, 15, 10], [10, 13, 11, 14], [8, 15, 9, 16], [6, 17, 7, 18], [2, 12, 3, 11], [20, 4, 21, 3], [22, 20, 1, 19], [4, 22, 5, 21], [12, 2, 13, 1]]"
11a_59_195,"[[12, 2, 13, 1], [18, 5, 19, 6], [16, 7, 17, 8], [14, 9, 15, 10], [10, 13, 11, 14], [8, 15, 9, 16], [6, 17, 7, 18], [2, 12, 3, 11], [20, 4, 21, 3], [22, 20, 1, 19], [4, 22, 5, 21]]"
11a_59_196,"[[4, 22, 5, 21], [12, 2, 13, 1], [18, 5, 19, 6], [16, 7, 17, 8], [14, 9, 15, 10], [10, 13, 11, 14], [8, 15, 9, 16], [6, 17, 7, 18], [2, 12, 3, 11], [20, 4, 21, 3], [22, 20, 1, 19]]"
11a_59_197,"[[22, 20, 1, 19], [4, 22, 5, 21], [12, 2, 13, 1], [18, 5, 19, 6], [16, 7, 17, 8], [14, 9, 15, 10], [10, 13, 11, 14], [8, 15, 9, 16], [6, 17, 7, 18], [2, 12, 3, 11], [20, 4, 21, 3]]"
11a_59_198,"[[21, 5, 22, 4], [1, 21, 2, 20], [5, 1, 6, 22], [13, 3, 14, 2], [19, 6, 20, 7], [17, 8, 18, 9], [15, 10, 16, 11], [11, 14, 12, 15], [9, 16, 10, 17], [7, 18, 8, 19], [3, 13, 4, 12]]"
11a_59_199,"[[3, 13, 4, 12], [21, 5, 22, 4], [1, 21, 2, 20], [5, 1, 6, 22], [13, 3, 14, 2], [19, 6, 20, 7], [17, 8, 18, 9], [15, 10, 16, 11], [11, 14, 12, 15], [9, 16, 10, 17], [7, 18, 8, 19]]"
11a_59_200,"[[7, 18, 8, 19], [3, 13, 4, 12], [21, 5, 22, 4], [1, 21, 2, 20], [5, 1, 6, 22], [13, 3, 14, 2], [19, 6, 20, 7], [17, 8, 18, 9], [15, 10, 16, 11], [11, 14, 12, 15], [9, 16, 10, 17]]"
11a_59_201,"[[9, 16, 10, 17], [7, 18, 8, 19], [3, 13, 4, 12], [21, 5, 22, 4], [1, 21, 2, 20], [5, 1, 6, 22], [13, 3, 14, 2], [19, 6, 20, 7], [17, 8, 18, 9], [15, 10, 16, 11], [11, 14, 12, 15]]"
11a_59_202,"[[11, 14, 12, 15], [9, 16, 10, 17], [7, 18, 8, 19], [3, 13, 4, 12], [21, 5, 22, 4], [1, 21, 2, 20], [5, 1, 6, 22], [13, 3, 14, 2], [19, 6, 20, 7], [17, 8, 18, 9], [15, 10, 16, 11]]"
11a_59_203,"[[15, 10, 16, 11], [11, 14, 12, 15], [9, 16, 10, 17], [7, 18, 8, 19], [3, 13, 4, 12], [21, 5, 22, 4], [1, 21, 2, 20], [5, 1, 6, 22], [13, 3, 14, 2], [19, 6, 20, 7], [17, 8, 18, 9]]"
11a_59_204,"[[17, 8, 18, 9], [15, 10, 16, 11], [11, 14, 12, 15], [9, 16, 10, 17], [7, 18, 8, 19], [3, 13, 4, 12], [21, 5, 22, 4], [1, 21, 2, 20], [5, 1, 6, 22], [13, 3, 14, 2], [19, 6, 20, 7]]"
