name,pd_notation
11a_239_0,"[[3, 15, 4, 14], [5, 3, 6, 2], [15, 5, 16, 4], [21, 9, 22, 8], [19, 6, 20, 7], [13, 20, 14, 21], [1, 10, 2, 11], [9, 16, 10, 17], [7, 13, 8, 12], [17, 1, 18, 22], [11, 19, 12, 18]]"
11a_239_1,"[[11, 19, 12, 18], [3, 15, 4, 14], [5, 3, 6, 2], [15, 5, 16, 4], [21, 9, 22, 8], [19, 6, 20, 7], [13, 20, 14, 21], [1, 10, 2, 11], [9, 16, 10, 17], [7, 13, 8, 12], [17, 1, 18, 22]]"
11a_239_2,"[[17, 1, 18, 22], [11, 19, 12, 18], [3, 15, 4, 14], [5, 3, 6, 2], [15, 5, 16, 4], [21, 9, 22, 8], [19, 6, 20, 7], [13, 20, 14, 21], [1, 10, 2, 11], [9, 16, 10, 17], [7, 13, 8, 12]]"
11a_239_3,"[[7, 13, 8, 12], [17, 1, 18, 22], [11, 19, 12, 18], [3, 15, 4, 14], [5, 3, 6, 2], [15, 5, 16, 4], [21, 9, 22, 8], [19, 6, 20, 7], [13, 20, 14, 21], [1, 10, 2, 11], [9, 16, 10, 17]]"
11a_239_4,"[[9, 16, 10, 17], [7, 13, 8, 12], [17, 1, 18, 22], [11, 19, 12, 18], [3, 15, 4, 14], [5, 3, 6, 2], [15, 5, 16, 4], [21, 9, 22, 8], [19, 6, 20, 7], [13, 20, 14, 21], [1, 10, 2, 11]]"
11a_239_5,"[[1, 10, 2, 11], [9, 16, 10, 17], [7, 13, 8, 12], [17, 1, 18, 22], [11, 19, 12, 18], [3, 15, 4, 14], [5, 3, 6, 2], [15, 5, 16, 4], [21, 9, 22, 8], [19, 6, 20, 7], [13, 20, 14, 21]]"
11a_239_6,"[[13, 20, 14, 21], [1, 10, 2, 11], [9, 16, 10, 17], [7, 13, 8, 12], [17, 1, 18, 22], [11, 19, 12, 18], [3, 15, 4, 14], [5, 3, 6, 2], [15, 5, 16, 4], [21, 9, 22, 8], [19, 6, 20, 7]]"
11a_239_7,"[[19, 6, 20, 7], [13, 20, 14, 21], [1, 10, 2, 11], [9, 16, 10, 17], [7, 13, 8, 12], [17, 1, 18, 22], [11, 19, 12, 18], [3, 15, 4, 14], [5, 3, 6, 2], [15, 5, 16, 4], [21, 9, 22, 8]]"
11a_239_8,"[[21, 9, 22, 8], [19, 6, 20, 7], [13, 20, 14, 21], [1, 10, 2, 11], [9, 16, 10, 17], [7, 13, 8, 12], [17, 1, 18, 22], [11, 19, 12, 18], [3, 15, 4, 14], [5, 3, 6, 2], [15, 5, 16, 4]]"
11a_239_9,"[[15, 5, 16, 4], [21, 9, 22, 8], [19, 6, 20, 7], [13, 20, 14, 21], [1, 10, 2, 11], [9, 16, 10, 17], [7, 13, 8, 12], [17, 1, 18, 22], [11, 19, 12, 18], [3, 15, 4, 14], [5, 3, 6, 2]]"
11a_239_10,"[[5, 3, 6, 2], [15, 5, 16, 4], [21, 9, 22, 8], [19, 6, 20, 7], [13, 20, 14, 21], [1, 10, 2, 11], [9, 16, 10, 17], [7, 13, 8, 12], [17, 1, 18, 22], [11, 19, 12, 18], [3, 15, 4, 14]]"
11a_239_11,"[[4, 16, 5, 15], [6, 4, 7, 3], [16, 6, 17, 5], [22, 10, 1, 9], [20, 7, 21, 8], [14, 21, 15, 22], [2, 11, 3, 12], [10, 17, 11, 18], [8, 14, 9, 13], [18, 2, 19, 1], [12, 20, 13, 19]]"
11a_239_12,"[[12, 20, 13, 19], [4, 16, 5, 15], [6, 4, 7, 3], [16, 6, 17, 5], [22, 10, 1, 9], [20, 7, 21, 8], [14, 21, 15, 22], [2, 11, 3, 12], [10, 17, 11, 18], [8, 14, 9, 13], [18, 2, 19, 1]]"
11a_239_13,"[[18, 2, 19, 1], [12, 20, 13, 19], [4, 16, 5, 15], [6, 4, 7, 3], [16, 6, 17, 5], [22, 10, 1, 9], [20, 7, 21, 8], [14, 21, 15, 22], [2, 11, 3, 12], [10, 17, 11, 18], [8, 14, 9, 13]]"
11a_239_14,"[[8, 14, 9, 13], [18, 2, 19, 1], [12, 20, 13, 19], [4, 16, 5, 15], [6, 4, 7, 3], [16, 6, 17, 5], [22, 10, 1, 9], [20, 7, 21, 8], [14, 21, 15, 22], [2, 11, 3, 12], [10, 17, 11, 18]]"
11a_239_15,"[[10, 17, 11, 18], [8, 14, 9, 13], [18, 2, 19, 1], [12, 20, 13, 19], [4, 16, 5, 15], [6, 4, 7, 3], [16, 6, 17, 5], [22, 10, 1, 9], [20, 7, 21, 8], [14, 21, 15, 22], [2, 11, 3, 12]]"
11a_239_16,"[[2, 11, 3, 12], [10, 17, 11, 18], [8, 14, 9, 13], [18, 2, 19, 1], [12, 20, 13, 19], [4, 16, 5, 15], [6, 4, 7, 3], [16, 6, 17, 5], [22, 10, 1, 9], [20, 7, 21, 8], [14, 21, 15, 22]]"
11a_239_17,"[[14, 21, 15, 22], [2, 11, 3, 12], [10, 17, 11, 18], [8, 14, 9, 13], [18, 2, 19, 1], [12, 20, 13, 19], [4, 16, 5, 15], [6, 4, 7, 3], [16, 6, 17, 5], [22, 10, 1, 9], [20, 7, 21, 8]]"
11a_239_18,"[[20, 7, 21, 8], [14, 21, 15, 22], [2, 11, 3, 12], [10, 17, 11, 18], [8, 14, 9, 13], [18, 2, 19, 1], [12, 20, 13, 19], [4, 16, 5, 15], [6, 4, 7, 3], [16, 6, 17, 5], [22, 10, 1, 9]]"
11a_239_19,"[[22, 10, 1, 9], [20, 7, 21, 8], [14, 21, 15, 22], [2, 11, 3, 12], [10, 17, 11, 18], [8, 14, 9, 13], [18, 2, 19, 1], [12, 20, 13, 19], [4, 16, 5, 15], [6, 4, 7, 3], [16, 6, 17, 5]]"
11a_239_20,"[[16, 6, 17, 5], [22, 10, 1, 9], [20, 7, 21, 8], [14, 21, 15, 22], [2, 11, 3, 12], [10, 17, 11, 18], [8, 14, 9, 13], [18, 2, 19, 1], [12, 20, 13, 19], [4, 16, 5, 15], [6, 4, 7, 3]]"
11a_239_21,"[[6, 4, 7, 3], [16, 6, 17, 5], [22, 10, 1, 9], [20, 7, 21, 8], [14, 21, 15, 22], [2, 11, 3, 12], [10, 17, 11, 18], [8, 14, 9, 13], [18, 2, 19, 1], [12, 20, 13, 19], [4, 16, 5, 15]]"
11a_239_22,"[[5, 17, 6, 16], [7, 5, 8, 4], [17, 7, 18, 6], [1, 11, 2, 10], [21, 8, 22, 9], [15, 22, 16, 1], [3, 12, 4, 13], [11, 18, 12, 19], [9, 15, 10, 14], [19, 3, 20, 2], [13, 21, 14, 20]]"
11a_239_23,"[[13, 21, 14, 20], [5, 17, 6, 16], [7, 5, 8, 4], [17, 7, 18, 6], [1, 11, 2, 10], [21, 8, 22, 9], [15, 22, 16, 1], [3, 12, 4, 13], [11, 18, 12, 19], [9, 15, 10, 14], [19, 3, 20, 2]]"
11a_239_24,"[[19, 3, 20, 2], [13, 21, 14, 20], [5, 17, 6, 16], [7, 5, 8, 4], [17, 7, 18, 6], [1, 11, 2, 10], [21, 8, 22, 9], [15, 22, 16, 1], [3, 12, 4, 13], [11, 18, 12, 19], [9, 15, 10, 14]]"
11a_239_25,"[[9, 15, 10, 14], [19, 3, 20, 2], [13, 21, 14, 20], [5, 17, 6, 16], [7, 5, 8, 4], [17, 7, 18, 6], [1, 11, 2, 10], [21, 8, 22, 9], [15, 22, 16, 1], [3, 12, 4, 13], [11, 18, 12, 19]]"
11a_239_26,"[[11, 18, 12, 19], [9, 15, 10, 14], [19, 3, 20, 2], [13, 21, 14, 20], [5, 17, 6, 16], [7, 5, 8, 4], [17, 7, 18, 6], [1, 11, 2, 10], [21, 8, 22, 9], [15, 22, 16, 1], [3, 12, 4, 13]]"
11a_239_27,"[[3, 12, 4, 13], [11, 18, 12, 19], [9, 15, 10, 14], [19, 3, 20, 2], [13, 21, 14, 20], [5, 17, 6, 16], [7, 5, 8, 4], [17, 7, 18, 6], [1, 11, 2, 10], [21, 8, 22, 9], [15, 22, 16, 1]]"
11a_239_28,"[[15, 22, 16, 1], [3, 12, 4, 13], [11, 18, 12, 19], [9, 15, 10, 14], [19, 3, 20, 2], [13, 21, 14, 20], [5, 17, 6, 16], [7, 5, 8, 4], [17, 7, 18, 6], [1, 11, 2, 10], [21, 8, 22, 9]]"
11a_239_29,"[[21, 8, 22, 9], [15, 22, 16, 1], [3, 12, 4, 13], [11, 18, 12, 19], [9, 15, 10, 14], [19, 3, 20, 2], [13, 21, 14, 20], [5, 17, 6, 16], [7, 5, 8, 4], [17, 7, 18, 6], [1, 11, 2, 10]]"
11a_239_30,"[[1, 11, 2, 10], [21, 8, 22, 9], [15, 22, 16, 1], [3, 12, 4, 13], [11, 18, 12, 19], [9, 15, 10, 14], [19, 3, 20, 2], [13, 21, 14, 20], [5, 17, 6, 16], [7, 5, 8, 4], [17, 7, 18, 6]]"
11a_239_31,"[[17, 7, 18, 6], [1, 11, 2, 10], [21, 8, 22, 9], [15, 22, 16, 1], [3, 12, 4, 13], [11, 18, 12, 19], [9, 15, 10, 14], [19, 3, 20, 2], [13, 21, 14, 20], [5, 17, 6, 16], [7, 5, 8, 4]]"
11a_239_32,"[[7, 5, 8, 4], [17, 7, 18, 6], [1, 11, 2, 10], [21, 8, 22, 9], [15, 22, 16, 1], [3, 12, 4, 13], [11, 18, 12, 19], [9, 15, 10, 14], [19, 3, 20, 2], [13, 21, 14, 20], [5, 17, 6, 16]]"
11a_239_33,"[[6, 18, 7, 17], [8, 6, 9, 5], [18, 8, 19, 7], [2, 12, 3, 11], [22, 9, 1, 10], [16, 1, 17, 2], [4, 13, 5, 14], [12, 19, 13, 20], [10, 16, 11, 15], [20, 4, 21, 3], [14, 22, 15, 21]]"
11a_239_34,"[[14, 22, 15, 21], [6, 18, 7, 17], [8, 6, 9, 5], [18, 8, 19, 7], [2, 12, 3, 11], [22, 9, 1, 10], [16, 1, 17, 2], [4, 13, 5, 14], [12, 19, 13, 20], [10, 16, 11, 15], [20, 4, 21, 3]]"
11a_239_35,"[[20, 4, 21, 3], [14, 22, 15, 21], [6, 18, 7, 17], [8, 6, 9, 5], [18, 8, 19, 7], [2, 12, 3, 11], [22, 9, 1, 10], [16, 1, 17, 2], [4, 13, 5, 14], [12, 19, 13, 20], [10, 16, 11, 15]]"
11a_239_36,"[[10, 16, 11, 15], [20, 4, 21, 3], [14, 22, 15, 21], [6, 18, 7, 17], [8, 6, 9, 5], [18, 8, 19, 7], [2, 12, 3, 11], [22, 9, 1, 10], [16, 1, 17, 2], [4, 13, 5, 14], [12, 19, 13, 20]]"
11a_239_37,"[[12, 19, 13, 20], [10, 16, 11, 15], [20, 4, 21, 3], [14, 22, 15, 21], [6, 18, 7, 17], [8, 6, 9, 5], [18, 8, 19, 7], [2, 12, 3, 11], [22, 9, 1, 10], [16, 1, 17, 2], [4, 13, 5, 14]]"
11a_239_38,"[[4, 13, 5, 14], [12, 19, 13, 20], [10, 16, 11, 15], [20, 4, 21, 3], [14, 22, 15, 21], [6, 18, 7, 17], [8, 6, 9, 5], [18, 8, 19, 7], [2, 12, 3, 11], [22, 9, 1, 10], [16, 1, 17, 2]]"
11a_239_39,"[[16, 1, 17, 2], [4, 13, 5, 14], [12, 19, 13, 20], [10, 16, 11, 15], [20, 4, 21, 3], [14, 22, 15, 21], [6, 18, 7, 17], [8, 6, 9, 5], [18, 8, 19, 7], [2, 12, 3, 11], [22, 9, 1, 10]]"
11a_239_40,"[[22, 9, 1, 10], [16, 1, 17, 2], [4, 13, 5, 14], [12, 19, 13, 20], [10, 16, 11, 15], [20, 4, 21, 3], [14, 22, 15, 21], [6, 18, 7, 17], [8, 6, 9, 5], [18, 8, 19, 7], [2, 12, 3, 11]]"
11a_239_41,"[[2, 12, 3, 11], [22, 9, 1, 10], [16, 1, 17, 2], [4, 13, 5, 14], [12, 19, 13, 20], [10, 16, 11, 15], [20, 4, 21, 3], [14, 22, 15, 21], [6, 18, 7, 17], [8, 6, 9, 5], [18, 8, 19, 7]]"
11a_239_42,"[[18, 8, 19, 7], [2, 12, 3, 11], [22, 9, 1, 10], [16, 1, 17, 2], [4, 13, 5, 14], [12, 19, 13, 20], [10, 16, 11, 15], [20, 4, 21, 3], [14, 22, 15, 21], [6, 18, 7, 17], [8, 6, 9, 5]]"
11a_239_43,"[[8, 6, 9, 5], [18, 8, 19, 7], [2, 12, 3, 11], [22, 9, 1, 10], [16, 1, 17, 2], [4, 13, 5, 14], [12, 19, 13, 20], [10, 16, 11, 15], [20, 4, 21, 3], [14, 22, 15, 21], [6, 18, 7, 17]]"
11a_239_44,"[[7, 19, 8, 18], [9, 7, 10, 6], [19, 9, 20, 8], [3, 13, 4, 12], [1, 10, 2, 11], [17, 2, 18, 3], [5, 14, 6, 15], [13, 20, 14, 21], [11, 17, 12, 16], [21, 5, 22, 4], [15, 1, 16, 22]]"
11a_239_45,"[[15, 1, 16, 22], [7, 19, 8, 18], [9, 7, 10, 6], [19, 9, 20, 8], [3, 13, 4, 12], [1, 10, 2, 11], [17, 2, 18, 3], [5, 14, 6, 15], [13, 20, 14, 21], [11, 17, 12, 16], [21, 5, 22, 4]]"
11a_239_46,"[[21, 5, 22, 4], [15, 1, 16, 22], [7, 19, 8, 18], [9, 7, 10, 6], [19, 9, 20, 8], [3, 13, 4, 12], [1, 10, 2, 11], [17, 2, 18, 3], [5, 14, 6, 15], [13, 20, 14, 21], [11, 17, 12, 16]]"
11a_239_47,"[[11, 17, 12, 16], [21, 5, 22, 4], [15, 1, 16, 22], [7, 19, 8, 18], [9, 7, 10, 6], [19, 9, 20, 8], [3, 13, 4, 12], [1, 10, 2, 11], [17, 2, 18, 3], [5, 14, 6, 15], [13, 20, 14, 21]]"
11a_239_48,"[[13, 20, 14, 21], [11, 17, 12, 16], [21, 5, 22, 4], [15, 1, 16, 22], [7, 19, 8, 18], [9, 7, 10, 6], [19, 9, 20, 8], [3, 13, 4, 12], [1, 10, 2, 11], [17, 2, 18, 3], [5, 14, 6, 15]]"
11a_239_49,"[[5, 14, 6, 15], [13, 20, 14, 21], [11, 17, 12, 16], [21, 5, 22, 4], [15, 1, 16, 22], [7, 19, 8, 18], [9, 7, 10, 6], [19, 9, 20, 8], [3, 13, 4, 12], [1, 10, 2, 11], [17, 2, 18, 3]]"
11a_239_50,"[[17, 2, 18, 3], [5, 14, 6, 15], [13, 20, 14, 21], [11, 17, 12, 16], [21, 5, 22, 4], [15, 1, 16, 22], [7, 19, 8, 18], [9, 7, 10, 6], [19, 9, 20, 8], [3, 13, 4, 12], [1, 10, 2, 11]]"
11a_239_51,"[[1, 10, 2, 11], [17, 2, 18, 3], [5, 14, 6, 15], [13, 20, 14, 21], [11, 17, 12, 16], [21, 5, 22, 4], [15, 1, 16, 22], [7, 19, 8, 18], [9, 7, 10, 6], [19, 9, 20, 8], [3, 13, 4, 12]]"
11a_239_52,"[[3, 13, 4, 12], [1, 10, 2, 11], [17, 2, 18, 3], [5, 14, 6, 15], [13, 20, 14, 21], [11, 17, 12, 16], [21, 5, 22, 4], [15, 1, 16, 22], [7, 19, 8, 18], [9, 7, 10, 6], [19, 9, 20, 8]]"
11a_239_53,"[[19, 9, 20, 8], [3, 13, 4, 12], [1, 10, 2, 11], [17, 2, 18, 3], [5, 14, 6, 15], [13, 20, 14, 21], [11, 17, 12, 16], [21, 5, 22, 4], [15, 1, 16, 22], [7, 19, 8, 18], [9, 7, 10, 6]]"
11a_239_54,"[[9, 7, 10, 6], [19, 9, 20, 8], [3, 13, 4, 12], [1, 10, 2, 11], [17, 2, 18, 3], [5, 14, 6, 15], [13, 20, 14, 21], [11, 17, 12, 16], [21, 5, 22, 4], [15, 1, 16, 22], [7, 19, 8, 18]]"
11a_239_55,"[[8, 20, 9, 19], [10, 8, 11, 7], [20, 10, 21, 9], [4, 14, 5, 13], [2, 11, 3, 12], [18, 3, 19, 4], [6, 15, 7, 16], [14, 21, 15, 22], [12, 18, 13, 17], [22, 6, 1, 5], [16, 2, 17, 1]]"
11a_239_56,"[[16, 2, 17, 1], [8, 20, 9, 19], [10, 8, 11, 7], [20, 10, 21, 9], [4, 14, 5, 13], [2, 11, 3, 12], [18, 3, 19, 4], [6, 15, 7, 16], [14, 21, 15, 22], [12, 18, 13, 17], [22, 6, 1, 5]]"
11a_239_57,"[[22, 6, 1, 5], [16, 2, 17, 1], [8, 20, 9, 19], [10, 8, 11, 7], [20, 10, 21, 9], [4, 14, 5, 13], [2, 11, 3, 12], [18, 3, 19, 4], [6, 15, 7, 16], [14, 21, 15, 22], [12, 18, 13, 17]]"
11a_239_58,"[[12, 18, 13, 17], [22, 6, 1, 5], [16, 2, 17, 1], [8, 20, 9, 19], [10, 8, 11, 7], [20, 10, 21, 9], [4, 14, 5, 13], [2, 11, 3, 12], [18, 3, 19, 4], [6, 15, 7, 16], [14, 21, 15, 22]]"
11a_239_59,"[[14, 21, 15, 22], [12, 18, 13, 17], [22, 6, 1, 5], [16, 2, 17, 1], [8, 20, 9, 19], [10, 8, 11, 7], [20, 10, 21, 9], [4, 14, 5, 13], [2, 11, 3, 12], [18, 3, 19, 4], [6, 15, 7, 16]]"
11a_239_60,"[[6, 15, 7, 16], [14, 21, 15, 22], [12, 18, 13, 17], [22, 6, 1, 5], [16, 2, 17, 1], [8, 20, 9, 19], [10, 8, 11, 7], [20, 10, 21, 9], [4, 14, 5, 13], [2, 11, 3, 12], [18, 3, 19, 4]]"
11a_239_61,"[[18, 3, 19, 4], [6, 15, 7, 16], [14, 21, 15, 22], [12, 18, 13, 17], [22, 6, 1, 5], [16, 2, 17, 1], [8, 20, 9, 19], [10, 8, 11, 7], [20, 10, 21, 9], [4, 14, 5, 13], [2, 11, 3, 12]]"
11a_239_62,"[[2, 11, 3, 12], [18, 3, 19, 4], [6, 15, 7, 16], [14, 21, 15, 22], [12, 18, 13, 17], [22, 6, 1, 5], [16, 2, 17, 1], [8, 20, 9, 19], [10, 8, 11, 7], [20, 10, 21, 9], [4, 14, 5, 13]]"
11a_239_63,"[[4, 14, 5, 13], [2, 11, 3, 12], [18, 3, 19, 4], [6, 15, 7, 16], [14, 21, 15, 22], [12, 18, 13, 17], [22, 6, 1, 5], [16, 2, 17, 1], [8, 20, 9, 19], [10, 8, 11, 7], [20, 10, 21, 9]]"
11a_239_64,"[[20, 10, 21, 9], [4, 14, 5, 13], [2, 11, 3, 12], [18, 3, 19, 4], [6, 15, 7, 16], [14, 21, 15, 22], [12, 18, 13, 17], [22, 6, 1, 5], [16, 2, 17, 1], [8, 20, 9, 19], [10, 8, 11, 7]]"
11a_239_65,"[[10, 8, 11, 7], [20, 10, 21, 9], [4, 14, 5, 13], [2, 11, 3, 12], [18, 3, 19, 4], [6, 15, 7, 16], [14, 21, 15, 22], [12, 18, 13, 17], [22, 6, 1, 5], [16, 2, 17, 1], [8, 20, 9, 19]]"
11a_239_66,"[[9, 21, 10, 20], [11, 9, 12, 8], [21, 11, 22, 10], [5, 15, 6, 14], [3, 12, 4, 13], [19, 4, 20, 5], [7, 16, 8, 17], [15, 22, 16, 1], [13, 19, 14, 18], [1, 7, 2, 6], [17, 3, 18, 2]]"
11a_239_67,"[[17, 3, 18, 2], [9, 21, 10, 20], [11, 9, 12, 8], [21, 11, 22, 10], [5, 15, 6, 14], [3, 12, 4, 13], [19, 4, 20, 5], [7, 16, 8, 17], [15, 22, 16, 1], [13, 19, 14, 18], [1, 7, 2, 6]]"
11a_239_68,"[[1, 7, 2, 6], [17, 3, 18, 2], [9, 21, 10, 20], [11, 9, 12, 8], [21, 11, 22, 10], [5, 15, 6, 14], [3, 12, 4, 13], [19, 4, 20, 5], [7, 16, 8, 17], [15, 22, 16, 1], [13, 19, 14, 18]]"
11a_239_69,"[[13, 19, 14, 18], [1, 7, 2, 6], [17, 3, 18, 2], [9, 21, 10, 20], [11, 9, 12, 8], [21, 11, 22, 10], [5, 15, 6, 14], [3, 12, 4, 13], [19, 4, 20, 5], [7, 16, 8, 17], [15, 22, 16, 1]]"
11a_239_70,"[[15, 22, 16, 1], [13, 19, 14, 18], [1, 7, 2, 6], [17, 3, 18, 2], [9, 21, 10, 20], [11, 9, 12, 8], [21, 11, 22, 10], [5, 15, 6, 14], [3, 12, 4, 13], [19, 4, 20, 5], [7, 16, 8, 17]]"
11a_239_71,"[[7, 16, 8, 17], [15, 22, 16, 1], [13, 19, 14, 18], [1, 7, 2, 6], [17, 3, 18, 2], [9, 21, 10, 20], [11, 9, 12, 8], [21, 11, 22, 10], [5, 15, 6, 14], [3, 12, 4, 13], [19, 4, 20, 5]]"
11a_239_72,"[[19, 4, 20, 5], [7, 16, 8, 17], [15, 22, 16, 1], [13, 19, 14, 18], [1, 7, 2, 6], [17, 3, 18, 2], [9, 21, 10, 20], [11, 9, 12, 8], [21, 11, 22, 10], [5, 15, 6, 14], [3, 12, 4, 13]]"
11a_239_73,"[[3, 12, 4, 13], [19, 4, 20, 5], [7, 16, 8, 17], [15, 22, 16, 1], [13, 19, 14, 18], [1, 7, 2, 6], [17, 3, 18, 2], [9, 21, 10, 20], [11, 9, 12, 8], [21, 11, 22, 10], [5, 15, 6, 14]]"
11a_239_74,"[[5, 15, 6, 14], [3, 12, 4, 13], [19, 4, 20, 5], [7, 16, 8, 17], [15, 22, 16, 1], [13, 19, 14, 18], [1, 7, 2, 6], [17, 3, 18, 2], [9, 21, 10, 20], [11, 9, 12, 8], [21, 11, 22, 10]]"
11a_239_75,"[[21, 11, 22, 10], [5, 15, 6, 14], [3, 12, 4, 13], [19, 4, 20, 5], [7, 16, 8, 17], [15, 22, 16, 1], [13, 19, 14, 18], [1, 7, 2, 6], [17, 3, 18, 2], [9, 21, 10, 20], [11, 9, 12, 8]]"
11a_239_76,"[[11, 9, 12, 8], [21, 11, 22, 10], [5, 15, 6, 14], [3, 12, 4, 13], [19, 4, 20, 5], [7, 16, 8, 17], [15, 22, 16, 1], [13, 19, 14, 18], [1, 7, 2, 6], [17, 3, 18, 2], [9, 21, 10, 20]]"
11a_239_77,"[[10, 22, 11, 21], [12, 10, 13, 9], [22, 12, 1, 11], [6, 16, 7, 15], [4, 13, 5, 14], [20, 5, 21, 6], [8, 17, 9, 18], [16, 1, 17, 2], [14, 20, 15, 19], [2, 8, 3, 7], [18, 4, 19, 3]]"
11a_239_78,"[[18, 4, 19, 3], [10, 22, 11, 21], [12, 10, 13, 9], [22, 12, 1, 11], [6, 16, 7, 15], [4, 13, 5, 14], [20, 5, 21, 6], [8, 17, 9, 18], [16, 1, 17, 2], [14, 20, 15, 19], [2, 8, 3, 7]]"
11a_239_79,"[[2, 8, 3, 7], [18, 4, 19, 3], [10, 22, 11, 21], [12, 10, 13, 9], [22, 12, 1, 11], [6, 16, 7, 15], [4, 13, 5, 14], [20, 5, 21, 6], [8, 17, 9, 18], [16, 1, 17, 2], [14, 20, 15, 19]]"
11a_239_80,"[[14, 20, 15, 19], [2, 8, 3, 7], [18, 4, 19, 3], [10, 22, 11, 21], [12, 10, 13, 9], [22, 12, 1, 11], [6, 16, 7, 15], [4, 13, 5, 14], [20, 5, 21, 6], [8, 17, 9, 18], [16, 1, 17, 2]]"
11a_239_81,"[[16, 1, 17, 2], [14, 20, 15, 19], [2, 8, 3, 7], [18, 4, 19, 3], [10, 22, 11, 21], [12, 10, 13, 9], [22, 12, 1, 11], [6, 16, 7, 15], [4, 13, 5, 14], [20, 5, 21, 6], [8, 17, 9, 18]]"
11a_239_82,"[[8, 17, 9, 18], [16, 1, 17, 2], [14, 20, 15, 19], [2, 8, 3, 7], [18, 4, 19, 3], [10, 22, 11, 21], [12, 10, 13, 9], [22, 12, 1, 11], [6, 16, 7, 15], [4, 13, 5, 14], [20, 5, 21, 6]]"
11a_239_83,"[[20, 5, 21, 6], [8, 17, 9, 18], [16, 1, 17, 2], [14, 20, 15, 19], [2, 8, 3, 7], [18, 4, 19, 3], [10, 22, 11, 21], [12, 10, 13, 9], [22, 12, 1, 11], [6, 16, 7, 15], [4, 13, 5, 14]]"
11a_239_84,"[[4, 13, 5, 14], [20, 5, 21, 6], [8, 17, 9, 18], [16, 1, 17, 2], [14, 20, 15, 19], [2, 8, 3, 7], [18, 4, 19, 3], [10, 22, 11, 21], [12, 10, 13, 9], [22, 12, 1, 11], [6, 16, 7, 15]]"
11a_239_85,"[[6, 16, 7, 15], [4, 13, 5, 14], [20, 5, 21, 6], [8, 17, 9, 18], [16, 1, 17, 2], [14, 20, 15, 19], [2, 8, 3, 7], [18, 4, 19, 3], [10, 22, 11, 21], [12, 10, 13, 9], [22, 12, 1, 11]]"
11a_239_86,"[[22, 12, 1, 11], [6, 16, 7, 15], [4, 13, 5, 14], [20, 5, 21, 6], [8, 17, 9, 18], [16, 1, 17, 2], [14, 20, 15, 19], [2, 8, 3, 7], [18, 4, 19, 3], [10, 22, 11, 21], [12, 10, 13, 9]]"
11a_239_87,"[[12, 10, 13, 9], [22, 12, 1, 11], [6, 16, 7, 15], [4, 13, 5, 14], [20, 5, 21, 6], [8, 17, 9, 18], [16, 1, 17, 2], [14, 20, 15, 19], [2, 8, 3, 7], [18, 4, 19, 3], [10, 22, 11, 21]]"
11a_239_88,"[[11, 1, 12, 22], [13, 11, 14, 10], [1, 13, 2, 12], [7, 17, 8, 16], [5, 14, 6, 15], [21, 6, 22, 7], [9, 18, 10, 19], [17, 2, 18, 3], [15, 21, 16, 20], [3, 9, 4, 8], [19, 5, 20, 4]]"
11a_239_89,"[[19, 5, 20, 4], [11, 1, 12, 22], [13, 11, 14, 10], [1, 13, 2, 12], [7, 17, 8, 16], [5, 14, 6, 15], [21, 6, 22, 7], [9, 18, 10, 19], [17, 2, 18, 3], [15, 21, 16, 20], [3, 9, 4, 8]]"
11a_239_90,"[[3, 9, 4, 8], [19, 5, 20, 4], [11, 1, 12, 22], [13, 11, 14, 10], [1, 13, 2, 12], [7, 17, 8, 16], [5, 14, 6, 15], [21, 6, 22, 7], [9, 18, 10, 19], [17, 2, 18, 3], [15, 21, 16, 20]]"
11a_239_91,"[[15, 21, 16, 20], [3, 9, 4, 8], [19, 5, 20, 4], [11, 1, 12, 22], [13, 11, 14, 10], [1, 13, 2, 12], [7, 17, 8, 16], [5, 14, 6, 15], [21, 6, 22, 7], [9, 18, 10, 19], [17, 2, 18, 3]]"
11a_239_92,"[[17, 2, 18, 3], [15, 21, 16, 20], [3, 9, 4, 8], [19, 5, 20, 4], [11, 1, 12, 22], [13, 11, 14, 10], [1, 13, 2, 12], [7, 17, 8, 16], [5, 14, 6, 15], [21, 6, 22, 7], [9, 18, 10, 19]]"
11a_239_93,"[[9, 18, 10, 19], [17, 2, 18, 3], [15, 21, 16, 20], [3, 9, 4, 8], [19, 5, 20, 4], [11, 1, 12, 22], [13, 11, 14, 10], [1, 13, 2, 12], [7, 17, 8, 16], [5, 14, 6, 15], [21, 6, 22, 7]]"
11a_239_94,"[[21, 6, 22, 7], [9, 18, 10, 19], [17, 2, 18, 3], [15, 21, 16, 20], [3, 9, 4, 8], [19, 5, 20, 4], [11, 1, 12, 22], [13, 11, 14, 10], [1, 13, 2, 12], [7, 17, 8, 16], [5, 14, 6, 15]]"
11a_239_95,"[[5, 14, 6, 15], [21, 6, 22, 7], [9, 18, 10, 19], [17, 2, 18, 3], [15, 21, 16, 20], [3, 9, 4, 8], [19, 5, 20, 4], [11, 1, 12, 22], [13, 11, 14, 10], [1, 13, 2, 12], [7, 17, 8, 16]]"
11a_239_96,"[[7, 17, 8, 16], [5, 14, 6, 15], [21, 6, 22, 7], [9, 18, 10, 19], [17, 2, 18, 3], [15, 21, 16, 20], [3, 9, 4, 8], [19, 5, 20, 4], [11, 1, 12, 22], [13, 11, 14, 10], [1, 13, 2, 12]]"
11a_239_97,"[[1, 13, 2, 12], [7, 17, 8, 16], [5, 14, 6, 15], [21, 6, 22, 7], [9, 18, 10, 19], [17, 2, 18, 3], [15, 21, 16, 20], [3, 9, 4, 8], [19, 5, 20, 4], [11, 1, 12, 22], [13, 11, 14, 10]]"
11a_239_98,"[[13, 11, 14, 10], [1, 13, 2, 12], [7, 17, 8, 16], [5, 14, 6, 15], [21, 6, 22, 7], [9, 18, 10, 19], [17, 2, 18, 3], [15, 21, 16, 20], [3, 9, 4, 8], [19, 5, 20, 4], [11, 1, 12, 22]]"
11a_239_99,"[[12, 2, 13, 1], [14, 12, 15, 11], [2, 14, 3, 13], [8, 18, 9, 17], [6, 15, 7, 16], [22, 7, 1, 8], [10, 19, 11, 20], [18, 3, 19, 4], [16, 22, 17, 21], [4, 10, 5, 9], [20, 6, 21, 5]]"
11a_239_100,"[[20, 6, 21, 5], [12, 2, 13, 1], [14, 12, 15, 11], [2, 14, 3, 13], [8, 18, 9, 17], [6, 15, 7, 16], [22, 7, 1, 8], [10, 19, 11, 20], [18, 3, 19, 4], [16, 22, 17, 21], [4, 10, 5, 9]]"
11a_239_101,"[[4, 10, 5, 9], [20, 6, 21, 5], [12, 2, 13, 1], [14, 12, 15, 11], [2, 14, 3, 13], [8, 18, 9, 17], [6, 15, 7, 16], [22, 7, 1, 8], [10, 19, 11, 20], [18, 3, 19, 4], [16, 22, 17, 21]]"
11a_239_102,"[[16, 22, 17, 21], [4, 10, 5, 9], [20, 6, 21, 5], [12, 2, 13, 1], [14, 12, 15, 11], [2, 14, 3, 13], [8, 18, 9, 17], [6, 15, 7, 16], [22, 7, 1, 8], [10, 19, 11, 20], [18, 3, 19, 4]]"
11a_239_103,"[[18, 3, 19, 4], [16, 22, 17, 21], [4, 10, 5, 9], [20, 6, 21, 5], [12, 2, 13, 1], [14, 12, 15, 11], [2, 14, 3, 13], [8, 18, 9, 17], [6, 15, 7, 16], [22, 7, 1, 8], [10, 19, 11, 20]]"
11a_239_104,"[[10, 19, 11, 20], [18, 3, 19, 4], [16, 22, 17, 21], [4, 10, 5, 9], [20, 6, 21, 5], [12, 2, 13, 1], [14, 12, 15, 11], [2, 14, 3, 13], [8, 18, 9, 17], [6, 15, 7, 16], [22, 7, 1, 8]]"
11a_239_105,"[[22, 7, 1, 8], [10, 19, 11, 20], [18, 3, 19, 4], [16, 22, 17, 21], [4, 10, 5, 9], [20, 6, 21, 5], [12, 2, 13, 1], [14, 12, 15, 11], [2, 14, 3, 13], [8, 18, 9, 17], [6, 15, 7, 16]]"
11a_239_106,"[[6, 15, 7, 16], [22, 7, 1, 8], [10, 19, 11, 20], [18, 3, 19, 4], [16, 22, 17, 21], [4, 10, 5, 9], [20, 6, 21, 5], [12, 2, 13, 1], [14, 12, 15, 11], [2, 14, 3, 13], [8, 18, 9, 17]]"
11a_239_107,"[[8, 18, 9, 17], [6, 15, 7, 16], [22, 7, 1, 8], [10, 19, 11, 20], [18, 3, 19, 4], [16, 22, 17, 21], [4, 10, 5, 9], [20, 6, 21, 5], [12, 2, 13, 1], [14, 12, 15, 11], [2, 14, 3, 13]]"
11a_239_108,"[[2, 14, 3, 13], [8, 18, 9, 17], [6, 15, 7, 16], [22, 7, 1, 8], [10, 19, 11, 20], [18, 3, 19, 4], [16, 22, 17, 21], [4, 10, 5, 9], [20, 6, 21, 5], [12, 2, 13, 1], [14, 12, 15, 11]]"
11a_239_109,"[[14, 12, 15, 11], [2, 14, 3, 13], [8, 18, 9, 17], [6, 15, 7, 16], [22, 7, 1, 8], [10, 19, 11, 20], [18, 3, 19, 4], [16, 22, 17, 21], [4, 10, 5, 9], [20, 6, 21, 5], [12, 2, 13, 1]]"
11a_239_110,"[[13, 3, 14, 2], [15, 13, 16, 12], [3, 15, 4, 14], [9, 19, 10, 18], [7, 16, 8, 17], [1, 8, 2, 9], [11, 20, 12, 21], [19, 4, 20, 5], [17, 1, 18, 22], [5, 11, 6, 10], [21, 7, 22, 6]]"
11a_239_111,"[[21, 7, 22, 6], [13, 3, 14, 2], [15, 13, 16, 12], [3, 15, 4, 14], [9, 19, 10, 18], [7, 16, 8, 17], [1, 8, 2, 9], [11, 20, 12, 21], [19, 4, 20, 5], [17, 1, 18, 22], [5, 11, 6, 10]]"
11a_239_112,"[[5, 11, 6, 10], [21, 7, 22, 6], [13, 3, 14, 2], [15, 13, 16, 12], [3, 15, 4, 14], [9, 19, 10, 18], [7, 16, 8, 17], [1, 8, 2, 9], [11, 20, 12, 21], [19, 4, 20, 5], [17, 1, 18, 22]]"
11a_239_113,"[[17, 1, 18, 22], [5, 11, 6, 10], [21, 7, 22, 6], [13, 3, 14, 2], [15, 13, 16, 12], [3, 15, 4, 14], [9, 19, 10, 18], [7, 16, 8, 17], [1, 8, 2, 9], [11, 20, 12, 21], [19, 4, 20, 5]]"
11a_239_114,"[[19, 4, 20, 5], [17, 1, 18, 22], [5, 11, 6, 10], [21, 7, 22, 6], [13, 3, 14, 2], [15, 13, 16, 12], [3, 15, 4, 14], [9, 19, 10, 18], [7, 16, 8, 17], [1, 8, 2, 9], [11, 20, 12, 21]]"
11a_239_115,"[[11, 20, 12, 21], [19, 4, 20, 5], [17, 1, 18, 22], [5, 11, 6, 10], [21, 7, 22, 6], [13, 3, 14, 2], [15, 13, 16, 12], [3, 15, 4, 14], [9, 19, 10, 18], [7, 16, 8, 17], [1, 8, 2, 9]]"
11a_239_116,"[[1, 8, 2, 9], [11, 20, 12, 21], [19, 4, 20, 5], [17, 1, 18, 22], [5, 11, 6, 10], [21, 7, 22, 6], [13, 3, 14, 2], [15, 13, 16, 12], [3, 15, 4, 14], [9, 19, 10, 18], [7, 16, 8, 17]]"
11a_239_117,"[[7, 16, 8, 17], [1, 8, 2, 9], [11, 20, 12, 21], [19, 4, 20, 5], [17, 1, 18, 22], [5, 11, 6, 10], [21, 7, 22, 6], [13, 3, 14, 2], [15, 13, 16, 12], [3, 15, 4, 14], [9, 19, 10, 18]]"
11a_239_118,"[[9, 19, 10, 18], [7, 16, 8, 17], [1, 8, 2, 9], [11, 20, 12, 21], [19, 4, 20, 5], [17, 1, 18, 22], [5, 11, 6, 10], [21, 7, 22, 6], [13, 3, 14, 2], [15, 13, 16, 12], [3, 15, 4, 14]]"
11a_239_119,"[[3, 15, 4, 14], [9, 19, 10, 18], [7, 16, 8, 17], [1, 8, 2, 9], [11, 20, 12, 21], [19, 4, 20, 5], [17, 1, 18, 22], [5, 11, 6, 10], [21, 7, 22, 6], [13, 3, 14, 2], [15, 13, 16, 12]]"
11a_239_120,"[[15, 13, 16, 12], [3, 15, 4, 14], [9, 19, 10, 18], [7, 16, 8, 17], [1, 8, 2, 9], [11, 20, 12, 21], [19, 4, 20, 5], [17, 1, 18, 22], [5, 11, 6, 10], [21, 7, 22, 6], [13, 3, 14, 2]]"
11a_239_121,"[[14, 4, 15, 3], [16, 14, 17, 13], [4, 16, 5, 15], [10, 20, 11, 19], [8, 17, 9, 18], [2, 9, 3, 10], [12, 21, 13, 22], [20, 5, 21, 6], [18, 2, 19, 1], [6, 12, 7, 11], [22, 8, 1, 7]]"
11a_239_122,"[[22, 8, 1, 7], [14, 4, 15, 3], [16, 14, 17, 13], [4, 16, 5, 15], [10, 20, 11, 19], [8, 17, 9, 18], [2, 9, 3, 10], [12, 21, 13, 22], [20, 5, 21, 6], [18, 2, 19, 1], [6, 12, 7, 11]]"
11a_239_123,"[[6, 12, 7, 11], [22, 8, 1, 7], [14, 4, 15, 3], [16, 14, 17, 13], [4, 16, 5, 15], [10, 20, 11, 19], [8, 17, 9, 18], [2, 9, 3, 10], [12, 21, 13, 22], [20, 5, 21, 6], [18, 2, 19, 1]]"
11a_239_124,"[[18, 2, 19, 1], [6, 12, 7, 11], [22, 8, 1, 7], [14, 4, 15, 3], [16, 14, 17, 13], [4, 16, 5, 15], [10, 20, 11, 19], [8, 17, 9, 18], [2, 9, 3, 10], [12, 21, 13, 22], [20, 5, 21, 6]]"
11a_239_125,"[[20, 5, 21, 6], [18, 2, 19, 1], [6, 12, 7, 11], [22, 8, 1, 7], [14, 4, 15, 3], [16, 14, 17, 13], [4, 16, 5, 15], [10, 20, 11, 19], [8, 17, 9, 18], [2, 9, 3, 10], [12, 21, 13, 22]]"
11a_239_126,"[[12, 21, 13, 22], [20, 5, 21, 6], [18, 2, 19, 1], [6, 12, 7, 11], [22, 8, 1, 7], [14, 4, 15, 3], [16, 14, 17, 13], [4, 16, 5, 15], [10, 20, 11, 19], [8, 17, 9, 18], [2, 9, 3, 10]]"
11a_239_127,"[[2, 9, 3, 10], [12, 21, 13, 22], [20, 5, 21, 6], [18, 2, 19, 1], [6, 12, 7, 11], [22, 8, 1, 7], [14, 4, 15, 3], [16, 14, 17, 13], [4, 16, 5, 15], [10, 20, 11, 19], [8, 17, 9, 18]]"
11a_239_128,"[[8, 17, 9, 18], [2, 9, 3, 10], [12, 21, 13, 22], [20, 5, 21, 6], [18, 2, 19, 1], [6, 12, 7, 11], [22, 8, 1, 7], [14, 4, 15, 3], [16, 14, 17, 13], [4, 16, 5, 15], [10, 20, 11, 19]]"
11a_239_129,"[[10, 20, 11, 19], [8, 17, 9, 18], [2, 9, 3, 10], [12, 21, 13, 22], [20, 5, 21, 6], [18, 2, 19, 1], [6, 12, 7, 11], [22, 8, 1, 7], [14, 4, 15, 3], [16, 14, 17, 13], [4, 16, 5, 15]]"
11a_239_130,"[[4, 16, 5, 15], [10, 20, 11, 19], [8, 17, 9, 18], [2, 9, 3, 10], [12, 21, 13, 22], [20, 5, 21, 6], [18, 2, 19, 1], [6, 12, 7, 11], [22, 8, 1, 7], [14, 4, 15, 3], [16, 14, 17, 13]]"
11a_239_131,"[[16, 14, 17, 13], [4, 16, 5, 15], [10, 20, 11, 19], [8, 17, 9, 18], [2, 9, 3, 10], [12, 21, 13, 22], [20, 5, 21, 6], [18, 2, 19, 1], [6, 12, 7, 11], [22, 8, 1, 7], [14, 4, 15, 3]]"
11a_239_132,"[[15, 5, 16, 4], [17, 15, 18, 14], [5, 17, 6, 16], [11, 21, 12, 20], [9, 18, 10, 19], [3, 10, 4, 11], [13, 22, 14, 1], [21, 6, 22, 7], [19, 3, 20, 2], [7, 13, 8, 12], [1, 9, 2, 8]]"
11a_239_133,"[[1, 9, 2, 8], [15, 5, 16, 4], [17, 15, 18, 14], [5, 17, 6, 16], [11, 21, 12, 20], [9, 18, 10, 19], [3, 10, 4, 11], [13, 22, 14, 1], [21, 6, 22, 7], [19, 3, 20, 2], [7, 13, 8, 12]]"
11a_239_134,"[[7, 13, 8, 12], [1, 9, 2, 8], [15, 5, 16, 4], [17, 15, 18, 14], [5, 17, 6, 16], [11, 21, 12, 20], [9, 18, 10, 19], [3, 10, 4, 11], [13, 22, 14, 1], [21, 6, 22, 7], [19, 3, 20, 2]]"
11a_239_135,"[[19, 3, 20, 2], [7, 13, 8, 12], [1, 9, 2, 8], [15, 5, 16, 4], [17, 15, 18, 14], [5, 17, 6, 16], [11, 21, 12, 20], [9, 18, 10, 19], [3, 10, 4, 11], [13, 22, 14, 1], [21, 6, 22, 7]]"
11a_239_136,"[[21, 6, 22, 7], [19, 3, 20, 2], [7, 13, 8, 12], [1, 9, 2, 8], [15, 5, 16, 4], [17, 15, 18, 14], [5, 17, 6, 16], [11, 21, 12, 20], [9, 18, 10, 19], [3, 10, 4, 11], [13, 22, 14, 1]]"
11a_239_137,"[[13, 22, 14, 1], [21, 6, 22, 7], [19, 3, 20, 2], [7, 13, 8, 12], [1, 9, 2, 8], [15, 5, 16, 4], [17, 15, 18, 14], [5, 17, 6, 16], [11, 21, 12, 20], [9, 18, 10, 19], [3, 10, 4, 11]]"
11a_239_138,"[[3, 10, 4, 11], [13, 22, 14, 1], [21, 6, 22, 7], [19, 3, 20, 2], [7, 13, 8, 12], [1, 9, 2, 8], [15, 5, 16, 4], [17, 15, 18, 14], [5, 17, 6, 16], [11, 21, 12, 20], [9, 18, 10, 19]]"
11a_239_139,"[[9, 18, 10, 19], [3, 10, 4, 11], [13, 22, 14, 1], [21, 6, 22, 7], [19, 3, 20, 2], [7, 13, 8, 12], [1, 9, 2, 8], [15, 5, 16, 4], [17, 15, 18, 14], [5, 17, 6, 16], [11, 21, 12, 20]]"
11a_239_140,"[[11, 21, 12, 20], [9, 18, 10, 19], [3, 10, 4, 11], [13, 22, 14, 1], [21, 6, 22, 7], [19, 3, 20, 2], [7, 13, 8, 12], [1, 9, 2, 8], [15, 5, 16, 4], [17, 15, 18, 14], [5, 17, 6, 16]]"
11a_239_141,"[[5, 17, 6, 16], [11, 21, 12, 20], [9, 18, 10, 19], [3, 10, 4, 11], [13, 22, 14, 1], [21, 6, 22, 7], [19, 3, 20, 2], [7, 13, 8, 12], [1, 9, 2, 8], [15, 5, 16, 4], [17, 15, 18, 14]]"
11a_239_142,"[[17, 15, 18, 14], [5, 17, 6, 16], [11, 21, 12, 20], [9, 18, 10, 19], [3, 10, 4, 11], [13, 22, 14, 1], [21, 6, 22, 7], [19, 3, 20, 2], [7, 13, 8, 12], [1, 9, 2, 8], [15, 5, 16, 4]]"
11a_239_143,"[[16, 6, 17, 5], [18, 16, 19, 15], [6, 18, 7, 17], [12, 22, 13, 21], [10, 19, 11, 20], [4, 11, 5, 12], [14, 1, 15, 2], [22, 7, 1, 8], [20, 4, 21, 3], [8, 14, 9, 13], [2, 10, 3, 9]]"
11a_239_144,"[[2, 10, 3, 9], [16, 6, 17, 5], [18, 16, 19, 15], [6, 18, 7, 17], [12, 22, 13, 21], [10, 19, 11, 20], [4, 11, 5, 12], [14, 1, 15, 2], [22, 7, 1, 8], [20, 4, 21, 3], [8, 14, 9, 13]]"
11a_239_145,"[[8, 14, 9, 13], [2, 10, 3, 9], [16, 6, 17, 5], [18, 16, 19, 15], [6, 18, 7, 17], [12, 22, 13, 21], [10, 19, 11, 20], [4, 11, 5, 12], [14, 1, 15, 2], [22, 7, 1, 8], [20, 4, 21, 3]]"
11a_239_146,"[[20, 4, 21, 3], [8, 14, 9, 13], [2, 10, 3, 9], [16, 6, 17, 5], [18, 16, 19, 15], [6, 18, 7, 17], [12, 22, 13, 21], [10, 19, 11, 20], [4, 11, 5, 12], [14, 1, 15, 2], [22, 7, 1, 8]]"
11a_239_147,"[[22, 7, 1, 8], [20, 4, 21, 3], [8, 14, 9, 13], [2, 10, 3, 9], [16, 6, 17, 5], [18, 16, 19, 15], [6, 18, 7, 17], [12, 22, 13, 21], [10, 19, 11, 20], [4, 11, 5, 12], [14, 1, 15, 2]]"
11a_239_148,"[[14, 1, 15, 2], [22, 7, 1, 8], [20, 4, 21, 3], [8, 14, 9, 13], [2, 10, 3, 9], [16, 6, 17, 5], [18, 16, 19, 15], [6, 18, 7, 17], [12, 22, 13, 21], [10, 19, 11, 20], [4, 11, 5, 12]]"
11a_239_149,"[[4, 11, 5, 12], [14, 1, 15, 2], [22, 7, 1, 8], [20, 4, 21, 3], [8, 14, 9, 13], [2, 10, 3, 9], [16, 6, 17, 5], [18, 16, 19, 15], [6, 18, 7, 17], [12, 22, 13, 21], [10, 19, 11, 20]]"
11a_239_150,"[[10, 19, 11, 20], [4, 11, 5, 12], [14, 1, 15, 2], [22, 7, 1, 8], [20, 4, 21, 3], [8, 14, 9, 13], [2, 10, 3, 9], [16, 6, 17, 5], [18, 16, 19, 15], [6, 18, 7, 17], [12, 22, 13, 21]]"
11a_239_151,"[[12, 22, 13, 21], [10, 19, 11, 20], [4, 11, 5, 12], [14, 1, 15, 2], [22, 7, 1, 8], [20, 4, 21, 3], [8, 14, 9, 13], [2, 10, 3, 9], [16, 6, 17, 5], [18, 16, 19, 15], [6, 18, 7, 17]]"
11a_239_152,"[[6, 18, 7, 17], [12, 22, 13, 21], [10, 19, 11, 20], [4, 11, 5, 12], [14, 1, 15, 2], [22, 7, 1, 8], [20, 4, 21, 3], [8, 14, 9, 13], [2, 10, 3, 9], [16, 6, 17, 5], [18, 16, 19, 15]]"
11a_239_153,"[[18, 16, 19, 15], [6, 18, 7, 17], [12, 22, 13, 21], [10, 19, 11, 20], [4, 11, 5, 12], [14, 1, 15, 2], [22, 7, 1, 8], [20, 4, 21, 3], [8, 14, 9, 13], [2, 10, 3, 9], [16, 6, 17, 5]]"
11a_239_154,"[[17, 7, 18, 6], [19, 17, 20, 16], [7, 19, 8, 18], [13, 1, 14, 22], [11, 20, 12, 21], [5, 12, 6, 13], [15, 2, 16, 3], [1, 8, 2, 9], [21, 5, 22, 4], [9, 15, 10, 14], [3, 11, 4, 10]]"
11a_239_155,"[[3, 11, 4, 10], [17, 7, 18, 6], [19, 17, 20, 16], [7, 19, 8, 18], [13, 1, 14, 22], [11, 20, 12, 21], [5, 12, 6, 13], [15, 2, 16, 3], [1, 8, 2, 9], [21, 5, 22, 4], [9, 15, 10, 14]]"
11a_239_156,"[[9, 15, 10, 14], [3, 11, 4, 10], [17, 7, 18, 6], [19, 17, 20, 16], [7, 19, 8, 18], [13, 1, 14, 22], [11, 20, 12, 21], [5, 12, 6, 13], [15, 2, 16, 3], [1, 8, 2, 9], [21, 5, 22, 4]]"
11a_239_157,"[[21, 5, 22, 4], [9, 15, 10, 14], [3, 11, 4, 10], [17, 7, 18, 6], [19, 17, 20, 16], [7, 19, 8, 18], [13, 1, 14, 22], [11, 20, 12, 21], [5, 12, 6, 13], [15, 2, 16, 3], [1, 8, 2, 9]]"
11a_239_158,"[[1, 8, 2, 9], [21, 5, 22, 4], [9, 15, 10, 14], [3, 11, 4, 10], [17, 7, 18, 6], [19, 17, 20, 16], [7, 19, 8, 18], [13, 1, 14, 22], [11, 20, 12, 21], [5, 12, 6, 13], [15, 2, 16, 3]]"
11a_239_159,"[[15, 2, 16, 3], [1, 8, 2, 9], [21, 5, 22, 4], [9, 15, 10, 14], [3, 11, 4, 10], [17, 7, 18, 6], [19, 17, 20, 16], [7, 19, 8, 18], [13, 1, 14, 22], [11, 20, 12, 21], [5, 12, 6, 13]]"
11a_239_160,"[[5, 12, 6, 13], [15, 2, 16, 3], [1, 8, 2, 9], [21, 5, 22, 4], [9, 15, 10, 14], [3, 11, 4, 10], [17, 7, 18, 6], [19, 17, 20, 16], [7, 19, 8, 18], [13, 1, 14, 22], [11, 20, 12, 21]]"
11a_239_161,"[[11, 20, 12, 21], [5, 12, 6, 13], [15, 2, 16, 3], [1, 8, 2, 9], [21, 5, 22, 4], [9, 15, 10, 14], [3, 11, 4, 10], [17, 7, 18, 6], [19, 17, 20, 16], [7, 19, 8, 18], [13, 1, 14, 22]]"
11a_239_162,"[[13, 1, 14, 22], [11, 20, 12, 21], [5, 12, 6, 13], [15, 2, 16, 3], [1, 8, 2, 9], [21, 5, 22, 4], [9, 15, 10, 14], [3, 11, 4, 10], [17, 7, 18, 6], [19, 17, 20, 16], [7, 19, 8, 18]]"
11a_239_163,"[[7, 19, 8, 18], [13, 1, 14, 22], [11, 20, 12, 21], [5, 12, 6, 13], [15, 2, 16, 3], [1, 8, 2, 9], [21, 5, 22, 4], [9, 15, 10, 14], [3, 11, 4, 10], [17, 7, 18, 6], [19, 17, 20, 16]]"
11a_239_164,"[[19, 17, 20, 16], [7, 19, 8, 18], [13, 1, 14, 22], [11, 20, 12, 21], [5, 12, 6, 13], [15, 2, 16, 3], [1, 8, 2, 9], [21, 5, 22, 4], [9, 15, 10, 14], [3, 11, 4, 10], [17, 7, 18, 6]]"
11a_239_165,"[[18, 8, 19, 7], [20, 18, 21, 17], [8, 20, 9, 19], [14, 2, 15, 1], [12, 21, 13, 22], [6, 13, 7, 14], [16, 3, 17, 4], [2, 9, 3, 10], [22, 6, 1, 5], [10, 16, 11, 15], [4, 12, 5, 11]]"
11a_239_166,"[[4, 12, 5, 11], [18, 8, 19, 7], [20, 18, 21, 17], [8, 20, 9, 19], [14, 2, 15, 1], [12, 21, 13, 22], [6, 13, 7, 14], [16, 3, 17, 4], [2, 9, 3, 10], [22, 6, 1, 5], [10, 16, 11, 15]]"
11a_239_167,"[[10, 16, 11, 15], [4, 12, 5, 11], [18, 8, 19, 7], [20, 18, 21, 17], [8, 20, 9, 19], [14, 2, 15, 1], [12, 21, 13, 22], [6, 13, 7, 14], [16, 3, 17, 4], [2, 9, 3, 10], [22, 6, 1, 5]]"
11a_239_168,"[[22, 6, 1, 5], [10, 16, 11, 15], [4, 12, 5, 11], [18, 8, 19, 7], [20, 18, 21, 17], [8, 20, 9, 19], [14, 2, 15, 1], [12, 21, 13, 22], [6, 13, 7, 14], [16, 3, 17, 4], [2, 9, 3, 10]]"
11a_239_169,"[[2, 9, 3, 10], [22, 6, 1, 5], [10, 16, 11, 15], [4, 12, 5, 11], [18, 8, 19, 7], [20, 18, 21, 17], [8, 20, 9, 19], [14, 2, 15, 1], [12, 21, 13, 22], [6, 13, 7, 14], [16, 3, 17, 4]]"
11a_239_170,"[[16, 3, 17, 4], [2, 9, 3, 10], [22, 6, 1, 5], [10, 16, 11, 15], [4, 12, 5, 11], [18, 8, 19, 7], [20, 18, 21, 17], [8, 20, 9, 19], [14, 2, 15, 1], [12, 21, 13, 22], [6, 13, 7, 14]]"
11a_239_171,"[[6, 13, 7, 14], [16, 3, 17, 4], [2, 9, 3, 10], [22, 6, 1, 5], [10, 16, 11, 15], [4, 12, 5, 11], [18, 8, 19, 7], [20, 18, 21, 17], [8, 20, 9, 19], [14, 2, 15, 1], [12, 21, 13, 22]]"
11a_239_172,"[[12, 21, 13, 22], [6, 13, 7, 14], [16, 3, 17, 4], [2, 9, 3, 10], [22, 6, 1, 5], [10, 16, 11, 15], [4, 12, 5, 11], [18, 8, 19, 7], [20, 18, 21, 17], [8, 20, 9, 19], [14, 2, 15, 1]]"
11a_239_173,"[[14, 2, 15, 1], [12, 21, 13, 22], [6, 13, 7, 14], [16, 3, 17, 4], [2, 9, 3, 10], [22, 6, 1, 5], [10, 16, 11, 15], [4, 12, 5, 11], [18, 8, 19, 7], [20, 18, 21, 17], [8, 20, 9, 19]]"
11a_239_174,"[[8, 20, 9, 19], [14, 2, 15, 1], [12, 21, 13, 22], [6, 13, 7, 14], [16, 3, 17, 4], [2, 9, 3, 10], [22, 6, 1, 5], [10, 16, 11, 15], [4, 12, 5, 11], [18, 8, 19, 7], [20, 18, 21, 17]]"
11a_239_175,"[[20, 18, 21, 17], [8, 20, 9, 19], [14, 2, 15, 1], [12, 21, 13, 22], [6, 13, 7, 14], [16, 3, 17, 4], [2, 9, 3, 10], [22, 6, 1, 5], [10, 16, 11, 15], [4, 12, 5, 11], [18, 8, 19, 7]]"
11a_239_176,"[[19, 9, 20, 8], [21, 19, 22, 18], [9, 21, 10, 20], [15, 3, 16, 2], [13, 22, 14, 1], [7, 14, 8, 15], [17, 4, 18, 5], [3, 10, 4, 11], [1, 7, 2, 6], [11, 17, 12, 16], [5, 13, 6, 12]]"
11a_239_177,"[[5, 13, 6, 12], [19, 9, 20, 8], [21, 19, 22, 18], [9, 21, 10, 20], [15, 3, 16, 2], [13, 22, 14, 1], [7, 14, 8, 15], [17, 4, 18, 5], [3, 10, 4, 11], [1, 7, 2, 6], [11, 17, 12, 16]]"
11a_239_178,"[[11, 17, 12, 16], [5, 13, 6, 12], [19, 9, 20, 8], [21, 19, 22, 18], [9, 21, 10, 20], [15, 3, 16, 2], [13, 22, 14, 1], [7, 14, 8, 15], [17, 4, 18, 5], [3, 10, 4, 11], [1, 7, 2, 6]]"
11a_239_179,"[[1, 7, 2, 6], [11, 17, 12, 16], [5, 13, 6, 12], [19, 9, 20, 8], [21, 19, 22, 18], [9, 21, 10, 20], [15, 3, 16, 2], [13, 22, 14, 1], [7, 14, 8, 15], [17, 4, 18, 5], [3, 10, 4, 11]]"
11a_239_180,"[[3, 10, 4, 11], [1, 7, 2, 6], [11, 17, 12, 16], [5, 13, 6, 12], [19, 9, 20, 8], [21, 19, 22, 18], [9, 21, 10, 20], [15, 3, 16, 2], [13, 22, 14, 1], [7, 14, 8, 15], [17, 4, 18, 5]]"
11a_239_181,"[[17, 4, 18, 5], [3, 10, 4, 11], [1, 7, 2, 6], [11, 17, 12, 16], [5, 13, 6, 12], [19, 9, 20, 8], [21, 19, 22, 18], [9, 21, 10, 20], [15, 3, 16, 2], [13, 22, 14, 1], [7, 14, 8, 15]]"
11a_239_182,"[[7, 14, 8, 15], [17, 4, 18, 5], [3, 10, 4, 11], [1, 7, 2, 6], [11, 17, 12, 16], [5, 13, 6, 12], [19, 9, 20, 8], [21, 19, 22, 18], [9, 21, 10, 20], [15, 3, 16, 2], [13, 22, 14, 1]]"
11a_239_183,"[[13, 22, 14, 1], [7, 14, 8, 15], [17, 4, 18, 5], [3, 10, 4, 11], [1, 7, 2, 6], [11, 17, 12, 16], [5, 13, 6, 12], [19, 9, 20, 8], [21, 19, 22, 18], [9, 21, 10, 20], [15, 3, 16, 2]]"
11a_239_184,"[[15, 3, 16, 2], [13, 22, 14, 1], [7, 14, 8, 15], [17, 4, 18, 5], [3, 10, 4, 11], [1, 7, 2, 6], [11, 17, 12, 16], [5, 13, 6, 12], [19, 9, 20, 8], [21, 19, 22, 18], [9, 21, 10, 20]]"
11a_239_185,"[[9, 21, 10, 20], [15, 3, 16, 2], [13, 22, 14, 1], [7, 14, 8, 15], [17, 4, 18, 5], [3, 10, 4, 11], [1, 7, 2, 6], [11, 17, 12, 16], [5, 13, 6, 12], [19, 9, 20, 8], [21, 19, 22, 18]]"
11a_239_186,"[[21, 19, 22, 18], [9, 21, 10, 20], [15, 3, 16, 2], [13, 22, 14, 1], [7, 14, 8, 15], [17, 4, 18, 5], [3, 10, 4, 11], [1, 7, 2, 6], [11, 17, 12, 16], [5, 13, 6, 12], [19, 9, 20, 8]]"
11a_239_187,"[[20, 10, 21, 9], [22, 20, 1, 19], [10, 22, 11, 21], [16, 4, 17, 3], [14, 1, 15, 2], [8, 15, 9, 16], [18, 5, 19, 6], [4, 11, 5, 12], [2, 8, 3, 7], [12, 18, 13, 17], [6, 14, 7, 13]]"
11a_239_188,"[[6, 14, 7, 13], [20, 10, 21, 9], [22, 20, 1, 19], [10, 22, 11, 21], [16, 4, 17, 3], [14, 1, 15, 2], [8, 15, 9, 16], [18, 5, 19, 6], [4, 11, 5, 12], [2, 8, 3, 7], [12, 18, 13, 17]]"
11a_239_189,"[[12, 18, 13, 17], [6, 14, 7, 13], [20, 10, 21, 9], [22, 20, 1, 19], [10, 22, 11, 21], [16, 4, 17, 3], [14, 1, 15, 2], [8, 15, 9, 16], [18, 5, 19, 6], [4, 11, 5, 12], [2, 8, 3, 7]]"
11a_239_190,"[[2, 8, 3, 7], [12, 18, 13, 17], [6, 14, 7, 13], [20, 10, 21, 9], [22, 20, 1, 19], [10, 22, 11, 21], [16, 4, 17, 3], [14, 1, 15, 2], [8, 15, 9, 16], [18, 5, 19, 6], [4, 11, 5, 12]]"
11a_239_191,"[[4, 11, 5, 12], [2, 8, 3, 7], [12, 18, 13, 17], [6, 14, 7, 13], [20, 10, 21, 9], [22, 20, 1, 19], [10, 22, 11, 21], [16, 4, 17, 3], [14, 1, 15, 2], [8, 15, 9, 16], [18, 5, 19, 6]]"
11a_239_192,"[[18, 5, 19, 6], [4, 11, 5, 12], [2, 8, 3, 7], [12, 18, 13, 17], [6, 14, 7, 13], [20, 10, 21, 9], [22, 20, 1, 19], [10, 22, 11, 21], [16, 4, 17, 3], [14, 1, 15, 2], [8, 15, 9, 16]]"
11a_239_193,"[[8, 15, 9, 16], [18, 5, 19, 6], [4, 11, 5, 12], [2, 8, 3, 7], [12, 18, 13, 17], [6, 14, 7, 13], [20, 10, 21, 9], [22, 20, 1, 19], [10, 22, 11, 21], [16, 4, 17, 3], [14, 1, 15, 2]]"
11a_239_194,"[[14, 1, 15, 2], [8, 15, 9, 16], [18, 5, 19, 6], [4, 11, 5, 12], [2, 8, 3, 7], [12, 18, 13, 17], [6, 14, 7, 13], [20, 10, 21, 9], [22, 20, 1, 19], [10, 22, 11, 21], [16, 4, 17, 3]]"
11a_239_195,"[[16, 4, 17, 3], [14, 1, 15, 2], [8, 15, 9, 16], [18, 5, 19, 6], [4, 11, 5, 12], [2, 8, 3, 7], [12, 18, 13, 17], [6, 14, 7, 13], [20, 10, 21, 9], [22, 20, 1, 19], [10, 22, 11, 21]]"
11a_239_196,"[[10, 22, 11, 21], [16, 4, 17, 3], [14, 1, 15, 2], [8, 15, 9, 16], [18, 5, 19, 6], [4, 11, 5, 12], [2, 8, 3, 7], [12, 18, 13, 17], [6, 14, 7, 13], [20, 10, 21, 9], [22, 20, 1, 19]]"
11a_239_197,"[[22, 20, 1, 19], [10, 22, 11, 21], [16, 4, 17, 3], [14, 1, 15, 2], [8, 15, 9, 16], [18, 5, 19, 6], [4, 11, 5, 12], [2, 8, 3, 7], [12, 18, 13, 17], [6, 14, 7, 13], [20, 10, 21, 9]]"
11a_239_198,"[[21, 11, 22, 10], [1, 21, 2, 20], [11, 1, 12, 22], [17, 5, 18, 4], [15, 2, 16, 3], [9, 16, 10, 17], [19, 6, 20, 7], [5, 12, 6, 13], [3, 9, 4, 8], [13, 19, 14, 18], [7, 15, 8, 14]]"
11a_239_199,"[[7, 15, 8, 14], [21, 11, 22, 10], [1, 21, 2, 20], [11, 1, 12, 22], [17, 5, 18, 4], [15, 2, 16, 3], [9, 16, 10, 17], [19, 6, 20, 7], [5, 12, 6, 13], [3, 9, 4, 8], [13, 19, 14, 18]]"
11a_239_200,"[[13, 19, 14, 18], [7, 15, 8, 14], [21, 11, 22, 10], [1, 21, 2, 20], [11, 1, 12, 22], [17, 5, 18, 4], [15, 2, 16, 3], [9, 16, 10, 17], [19, 6, 20, 7], [5, 12, 6, 13], [3, 9, 4, 8]]"
11a_239_201,"[[3, 9, 4, 8], [13, 19, 14, 18], [7, 15, 8, 14], [21, 11, 22, 10], [1, 21, 2, 20], [11, 1, 12, 22], [17, 5, 18, 4], [15, 2, 16, 3], [9, 16, 10, 17], [19, 6, 20, 7], [5, 12, 6, 13]]"
11a_239_202,"[[5, 12, 6, 13], [3, 9, 4, 8], [13, 19, 14, 18], [7, 15, 8, 14], [21, 11, 22, 10], [1, 21, 2, 20], [11, 1, 12, 22], [17, 5, 18, 4], [15, 2, 16, 3], [9, 16, 10, 17], [19, 6, 20, 7]]"
11a_239_203,"[[19, 6, 20, 7], [5, 12, 6, 13], [3, 9, 4, 8], [13, 19, 14, 18], [7, 15, 8, 14], [21, 11, 22, 10], [1, 21, 2, 20], [11, 1, 12, 22], [17, 5, 18, 4], [15, 2, 16, 3], [9, 16, 10, 17]]"
