name,pd_notation
11a_300_0,"[[17, 22, 18, 1], [7, 3, 8, 2], [11, 5, 12, 4], [15, 8, 16, 9], [9, 16, 10, 17], [3, 11, 4, 10], [21, 13, 22, 12], [19, 6, 20, 7], [5, 20, 6, 21], [1, 14, 2, 15], [13, 19, 14, 18]]"
11a_300_1,"[[13, 19, 14, 18], [17, 22, 18, 1], [7, 3, 8, 2], [11, 5, 12, 4], [15, 8, 16, 9], [9, 16, 10, 17], [3, 11, 4, 10], [21, 13, 22, 12], [19, 6, 20, 7], [5, 20, 6, 21], [1, 14, 2, 15]]"
11a_300_2,"[[1, 14, 2, 15], [13, 19, 14, 18], [17, 22, 18, 1], [7, 3, 8, 2], [11, 5, 12, 4], [15, 8, 16, 9], [9, 16, 10, 17], [3, 11, 4, 10], [21, 13, 22, 12], [19, 6, 20, 7], [5, 20, 6, 21]]"
11a_300_3,"[[5, 20, 6, 21], [1, 14, 2, 15], [13, 19, 14, 18], [17, 22, 18, 1], [7, 3, 8, 2], [11, 5, 12, 4], [15, 8, 16, 9], [9, 16, 10, 17], [3, 11, 4, 10], [21, 13, 22, 12], [19, 6, 20, 7]]"
11a_300_4,"[[19, 6, 20, 7], [5, 20, 6, 21], [1, 14, 2, 15], [13, 19, 14, 18], [17, 22, 18, 1], [7, 3, 8, 2], [11, 5, 12, 4], [15, 8, 16, 9], [9, 16, 10, 17], [3, 11, 4, 10], [21, 13, 22, 12]]"
11a_300_5,"[[21, 13, 22, 12], [19, 6, 20, 7], [5, 20, 6, 21], [1, 14, 2, 15], [13, 19, 14, 18], [17, 22, 18, 1], [7, 3, 8, 2], [11, 5, 12, 4], [15, 8, 16, 9], [9, 16, 10, 17], [3, 11, 4, 10]]"
11a_300_6,"[[3, 11, 4, 10], [21, 13, 22, 12], [19, 6, 20, 7], [5, 20, 6, 21], [1, 14, 2, 15], [13, 19, 14, 18], [17, 22, 18, 1], [7, 3, 8, 2], [11, 5, 12, 4], [15, 8, 16, 9], [9, 16, 10, 17]]"
11a_300_7,"[[9, 16, 10, 17], [3, 11, 4, 10], [21, 13, 22, 12], [19, 6, 20, 7], [5, 20, 6, 21], [1, 14, 2, 15], [13, 19, 14, 18], [17, 22, 18, 1], [7, 3, 8, 2], [11, 5, 12, 4], [15, 8, 16, 9]]"
11a_300_8,"[[15, 8, 16, 9], [9, 16, 10, 17], [3, 11, 4, 10], [21, 13, 22, 12], [19, 6, 20, 7], [5, 20, 6, 21], [1, 14, 2, 15], [13, 19, 14, 18], [17, 22, 18, 1], [7, 3, 8, 2], [11, 5, 12, 4]]"
11a_300_9,"[[11, 5, 12, 4], [15, 8, 16, 9], [9, 16, 10, 17], [3, 11, 4, 10], [21, 13, 22, 12], [19, 6, 20, 7], [5, 20, 6, 21], [1, 14, 2, 15], [13, 19, 14, 18], [17, 22, 18, 1], [7, 3, 8, 2]]"
11a_300_10,"[[7, 3, 8, 2], [11, 5, 12, 4], [15, 8, 16, 9], [9, 16, 10, 17], [3, 11, 4, 10], [21, 13, 22, 12], [19, 6, 20, 7], [5, 20, 6, 21], [1, 14, 2, 15], [13, 19, 14, 18], [17, 22, 18, 1]]"
11a_300_11,"[[18, 1, 19, 2], [8, 4, 9, 3], [12, 6, 13, 5], [16, 9, 17, 10], [10, 17, 11, 18], [4, 12, 5, 11], [22, 14, 1, 13], [20, 7, 21, 8], [6, 21, 7, 22], [2, 15, 3, 16], [14, 20, 15, 19]]"
11a_300_12,"[[14, 20, 15, 19], [18, 1, 19, 2], [8, 4, 9, 3], [12, 6, 13, 5], [16, 9, 17, 10], [10, 17, 11, 18], [4, 12, 5, 11], [22, 14, 1, 13], [20, 7, 21, 8], [6, 21, 7, 22], [2, 15, 3, 16]]"
11a_300_13,"[[2, 15, 3, 16], [14, 20, 15, 19], [18, 1, 19, 2], [8, 4, 9, 3], [12, 6, 13, 5], [16, 9, 17, 10], [10, 17, 11, 18], [4, 12, 5, 11], [22, 14, 1, 13], [20, 7, 21, 8], [6, 21, 7, 22]]"
11a_300_14,"[[6, 21, 7, 22], [2, 15, 3, 16], [14, 20, 15, 19], [18, 1, 19, 2], [8, 4, 9, 3], [12, 6, 13, 5], [16, 9, 17, 10], [10, 17, 11, 18], [4, 12, 5, 11], [22, 14, 1, 13], [20, 7, 21, 8]]"
11a_300_15,"[[20, 7, 21, 8], [6, 21, 7, 22], [2, 15, 3, 16], [14, 20, 15, 19], [18, 1, 19, 2], [8, 4, 9, 3], [12, 6, 13, 5], [16, 9, 17, 10], [10, 17, 11, 18], [4, 12, 5, 11], [22, 14, 1, 13]]"
11a_300_16,"[[22, 14, 1, 13], [20, 7, 21, 8], [6, 21, 7, 22], [2, 15, 3, 16], [14, 20, 15, 19], [18, 1, 19, 2], [8, 4, 9, 3], [12, 6, 13, 5], [16, 9, 17, 10], [10, 17, 11, 18], [4, 12, 5, 11]]"
11a_300_17,"[[4, 12, 5, 11], [22, 14, 1, 13], [20, 7, 21, 8], [6, 21, 7, 22], [2, 15, 3, 16], [14, 20, 15, 19], [18, 1, 19, 2], [8, 4, 9, 3], [12, 6, 13, 5], [16, 9, 17, 10], [10, 17, 11, 18]]"
11a_300_18,"[[10, 17, 11, 18], [4, 12, 5, 11], [22, 14, 1, 13], [20, 7, 21, 8], [6, 21, 7, 22], [2, 15, 3, 16], [14, 20, 15, 19], [18, 1, 19, 2], [8, 4, 9, 3], [12, 6, 13, 5], [16, 9, 17, 10]]"
11a_300_19,"[[16, 9, 17, 10], [10, 17, 11, 18], [4, 12, 5, 11], [22, 14, 1, 13], [20, 7, 21, 8], [6, 21, 7, 22], [2, 15, 3, 16], [14, 20, 15, 19], [18, 1, 19, 2], [8, 4, 9, 3], [12, 6, 13, 5]]"
11a_300_20,"[[12, 6, 13, 5], [16, 9, 17, 10], [10, 17, 11, 18], [4, 12, 5, 11], [22, 14, 1, 13], [20, 7, 21, 8], [6, 21, 7, 22], [2, 15, 3, 16], [14, 20, 15, 19], [18, 1, 19, 2], [8, 4, 9, 3]]"
11a_300_21,"[[8, 4, 9, 3], [12, 6, 13, 5], [16, 9, 17, 10], [10, 17, 11, 18], [4, 12, 5, 11], [22, 14, 1, 13], [20, 7, 21, 8], [6, 21, 7, 22], [2, 15, 3, 16], [14, 20, 15, 19], [18, 1, 19, 2]]"
11a_300_22,"[[19, 2, 20, 3], [9, 5, 10, 4], [13, 7, 14, 6], [17, 10, 18, 11], [11, 18, 12, 19], [5, 13, 6, 12], [1, 15, 2, 14], [21, 8, 22, 9], [7, 22, 8, 1], [3, 16, 4, 17], [15, 21, 16, 20]]"
11a_300_23,"[[15, 21, 16, 20], [19, 2, 20, 3], [9, 5, 10, 4], [13, 7, 14, 6], [17, 10, 18, 11], [11, 18, 12, 19], [5, 13, 6, 12], [1, 15, 2, 14], [21, 8, 22, 9], [7, 22, 8, 1], [3, 16, 4, 17]]"
11a_300_24,"[[3, 16, 4, 17], [15, 21, 16, 20], [19, 2, 20, 3], [9, 5, 10, 4], [13, 7, 14, 6], [17, 10, 18, 11], [11, 18, 12, 19], [5, 13, 6, 12], [1, 15, 2, 14], [21, 8, 22, 9], [7, 22, 8, 1]]"
11a_300_25,"[[7, 22, 8, 1], [3, 16, 4, 17], [15, 21, 16, 20], [19, 2, 20, 3], [9, 5, 10, 4], [13, 7, 14, 6], [17, 10, 18, 11], [11, 18, 12, 19], [5, 13, 6, 12], [1, 15, 2, 14], [21, 8, 22, 9]]"
11a_300_26,"[[21, 8, 22, 9], [7, 22, 8, 1], [3, 16, 4, 17], [15, 21, 16, 20], [19, 2, 20, 3], [9, 5, 10, 4], [13, 7, 14, 6], [17, 10, 18, 11], [11, 18, 12, 19], [5, 13, 6, 12], [1, 15, 2, 14]]"
11a_300_27,"[[1, 15, 2, 14], [21, 8, 22, 9], [7, 22, 8, 1], [3, 16, 4, 17], [15, 21, 16, 20], [19, 2, 20, 3], [9, 5, 10, 4], [13, 7, 14, 6], [17, 10, 18, 11], [11, 18, 12, 19], [5, 13, 6, 12]]"
11a_300_28,"[[5, 13, 6, 12], [1, 15, 2, 14], [21, 8, 22, 9], [7, 22, 8, 1], [3, 16, 4, 17], [15, 21, 16, 20], [19, 2, 20, 3], [9, 5, 10, 4], [13, 7, 14, 6], [17, 10, 18, 11], [11, 18, 12, 19]]"
11a_300_29,"[[11, 18, 12, 19], [5, 13, 6, 12], [1, 15, 2, 14], [21, 8, 22, 9], [7, 22, 8, 1], [3, 16, 4, 17], [15, 21, 16, 20], [19, 2, 20, 3], [9, 5, 10, 4], [13, 7, 14, 6], [17, 10, 18, 11]]"
11a_300_30,"[[17, 10, 18, 11], [11, 18, 12, 19], [5, 13, 6, 12], [1, 15, 2, 14], [21, 8, 22, 9], [7, 22, 8, 1], [3, 16, 4, 17], [15, 21, 16, 20], [19, 2, 20, 3], [9, 5, 10, 4], [13, 7, 14, 6]]"
11a_300_31,"[[13, 7, 14, 6], [17, 10, 18, 11], [11, 18, 12, 19], [5, 13, 6, 12], [1, 15, 2, 14], [21, 8, 22, 9], [7, 22, 8, 1], [3, 16, 4, 17], [15, 21, 16, 20], [19, 2, 20, 3], [9, 5, 10, 4]]"
11a_300_32,"[[9, 5, 10, 4], [13, 7, 14, 6], [17, 10, 18, 11], [11, 18, 12, 19], [5, 13, 6, 12], [1, 15, 2, 14], [21, 8, 22, 9], [7, 22, 8, 1], [3, 16, 4, 17], [15, 21, 16, 20], [19, 2, 20, 3]]"
11a_300_33,"[[20, 3, 21, 4], [10, 6, 11, 5], [14, 8, 15, 7], [18, 11, 19, 12], [12, 19, 13, 20], [6, 14, 7, 13], [2, 16, 3, 15], [22, 9, 1, 10], [8, 1, 9, 2], [4, 17, 5, 18], [16, 22, 17, 21]]"
11a_300_34,"[[16, 22, 17, 21], [20, 3, 21, 4], [10, 6, 11, 5], [14, 8, 15, 7], [18, 11, 19, 12], [12, 19, 13, 20], [6, 14, 7, 13], [2, 16, 3, 15], [22, 9, 1, 10], [8, 1, 9, 2], [4, 17, 5, 18]]"
11a_300_35,"[[4, 17, 5, 18], [16, 22, 17, 21], [20, 3, 21, 4], [10, 6, 11, 5], [14, 8, 15, 7], [18, 11, 19, 12], [12, 19, 13, 20], [6, 14, 7, 13], [2, 16, 3, 15], [22, 9, 1, 10], [8, 1, 9, 2]]"
11a_300_36,"[[8, 1, 9, 2], [4, 17, 5, 18], [16, 22, 17, 21], [20, 3, 21, 4], [10, 6, 11, 5], [14, 8, 15, 7], [18, 11, 19, 12], [12, 19, 13, 20], [6, 14, 7, 13], [2, 16, 3, 15], [22, 9, 1, 10]]"
11a_300_37,"[[22, 9, 1, 10], [8, 1, 9, 2], [4, 17, 5, 18], [16, 22, 17, 21], [20, 3, 21, 4], [10, 6, 11, 5], [14, 8, 15, 7], [18, 11, 19, 12], [12, 19, 13, 20], [6, 14, 7, 13], [2, 16, 3, 15]]"
11a_300_38,"[[2, 16, 3, 15], [22, 9, 1, 10], [8, 1, 9, 2], [4, 17, 5, 18], [16, 22, 17, 21], [20, 3, 21, 4], [10, 6, 11, 5], [14, 8, 15, 7], [18, 11, 19, 12], [12, 19, 13, 20], [6, 14, 7, 13]]"
11a_300_39,"[[6, 14, 7, 13], [2, 16, 3, 15], [22, 9, 1, 10], [8, 1, 9, 2], [4, 17, 5, 18], [16, 22, 17, 21], [20, 3, 21, 4], [10, 6, 11, 5], [14, 8, 15, 7], [18, 11, 19, 12], [12, 19, 13, 20]]"
11a_300_40,"[[12, 19, 13, 20], [6, 14, 7, 13], [2, 16, 3, 15], [22, 9, 1, 10], [8, 1, 9, 2], [4, 17, 5, 18], [16, 22, 17, 21], [20, 3, 21, 4], [10, 6, 11, 5], [14, 8, 15, 7], [18, 11, 19, 12]]"
11a_300_41,"[[18, 11, 19, 12], [12, 19, 13, 20], [6, 14, 7, 13], [2, 16, 3, 15], [22, 9, 1, 10], [8, 1, 9, 2], [4, 17, 5, 18], [16, 22, 17, 21], [20, 3, 21, 4], [10, 6, 11, 5], [14, 8, 15, 7]]"
11a_300_42,"[[14, 8, 15, 7], [18, 11, 19, 12], [12, 19, 13, 20], [6, 14, 7, 13], [2, 16, 3, 15], [22, 9, 1, 10], [8, 1, 9, 2], [4, 17, 5, 18], [16, 22, 17, 21], [20, 3, 21, 4], [10, 6, 11, 5]]"
11a_300_43,"[[10, 6, 11, 5], [14, 8, 15, 7], [18, 11, 19, 12], [12, 19, 13, 20], [6, 14, 7, 13], [2, 16, 3, 15], [22, 9, 1, 10], [8, 1, 9, 2], [4, 17, 5, 18], [16, 22, 17, 21], [20, 3, 21, 4]]"
11a_300_44,"[[21, 4, 22, 5], [11, 7, 12, 6], [15, 9, 16, 8], [19, 12, 20, 13], [13, 20, 14, 21], [7, 15, 8, 14], [3, 17, 4, 16], [1, 10, 2, 11], [9, 2, 10, 3], [5, 18, 6, 19], [17, 1, 18, 22]]"
11a_300_45,"[[17, 1, 18, 22], [21, 4, 22, 5], [11, 7, 12, 6], [15, 9, 16, 8], [19, 12, 20, 13], [13, 20, 14, 21], [7, 15, 8, 14], [3, 17, 4, 16], [1, 10, 2, 11], [9, 2, 10, 3], [5, 18, 6, 19]]"
11a_300_46,"[[5, 18, 6, 19], [17, 1, 18, 22], [21, 4, 22, 5], [11, 7, 12, 6], [15, 9, 16, 8], [19, 12, 20, 13], [13, 20, 14, 21], [7, 15, 8, 14], [3, 17, 4, 16], [1, 10, 2, 11], [9, 2, 10, 3]]"
11a_300_47,"[[9, 2, 10, 3], [5, 18, 6, 19], [17, 1, 18, 22], [21, 4, 22, 5], [11, 7, 12, 6], [15, 9, 16, 8], [19, 12, 20, 13], [13, 20, 14, 21], [7, 15, 8, 14], [3, 17, 4, 16], [1, 10, 2, 11]]"
11a_300_48,"[[1, 10, 2, 11], [9, 2, 10, 3], [5, 18, 6, 19], [17, 1, 18, 22], [21, 4, 22, 5], [11, 7, 12, 6], [15, 9, 16, 8], [19, 12, 20, 13], [13, 20, 14, 21], [7, 15, 8, 14], [3, 17, 4, 16]]"
11a_300_49,"[[3, 17, 4, 16], [1, 10, 2, 11], [9, 2, 10, 3], [5, 18, 6, 19], [17, 1, 18, 22], [21, 4, 22, 5], [11, 7, 12, 6], [15, 9, 16, 8], [19, 12, 20, 13], [13, 20, 14, 21], [7, 15, 8, 14]]"
11a_300_50,"[[7, 15, 8, 14], [3, 17, 4, 16], [1, 10, 2, 11], [9, 2, 10, 3], [5, 18, 6, 19], [17, 1, 18, 22], [21, 4, 22, 5], [11, 7, 12, 6], [15, 9, 16, 8], [19, 12, 20, 13], [13, 20, 14, 21]]"
11a_300_51,"[[13, 20, 14, 21], [7, 15, 8, 14], [3, 17, 4, 16], [1, 10, 2, 11], [9, 2, 10, 3], [5, 18, 6, 19], [17, 1, 18, 22], [21, 4, 22, 5], [11, 7, 12, 6], [15, 9, 16, 8], [19, 12, 20, 13]]"
11a_300_52,"[[19, 12, 20, 13], [13, 20, 14, 21], [7, 15, 8, 14], [3, 17, 4, 16], [1, 10, 2, 11], [9, 2, 10, 3], [5, 18, 6, 19], [17, 1, 18, 22], [21, 4, 22, 5], [11, 7, 12, 6], [15, 9, 16, 8]]"
11a_300_53,"[[15, 9, 16, 8], [19, 12, 20, 13], [13, 20, 14, 21], [7, 15, 8, 14], [3, 17, 4, 16], [1, 10, 2, 11], [9, 2, 10, 3], [5, 18, 6, 19], [17, 1, 18, 22], [21, 4, 22, 5], [11, 7, 12, 6]]"
11a_300_54,"[[11, 7, 12, 6], [15, 9, 16, 8], [19, 12, 20, 13], [13, 20, 14, 21], [7, 15, 8, 14], [3, 17, 4, 16], [1, 10, 2, 11], [9, 2, 10, 3], [5, 18, 6, 19], [17, 1, 18, 22], [21, 4, 22, 5]]"
11a_300_55,"[[22, 5, 1, 6], [12, 8, 13, 7], [16, 10, 17, 9], [20, 13, 21, 14], [14, 21, 15, 22], [8, 16, 9, 15], [4, 18, 5, 17], [2, 11, 3, 12], [10, 3, 11, 4], [6, 19, 7, 20], [18, 2, 19, 1]]"
11a_300_56,"[[18, 2, 19, 1], [22, 5, 1, 6], [12, 8, 13, 7], [16, 10, 17, 9], [20, 13, 21, 14], [14, 21, 15, 22], [8, 16, 9, 15], [4, 18, 5, 17], [2, 11, 3, 12], [10, 3, 11, 4], [6, 19, 7, 20]]"
11a_300_57,"[[6, 19, 7, 20], [18, 2, 19, 1], [22, 5, 1, 6], [12, 8, 13, 7], [16, 10, 17, 9], [20, 13, 21, 14], [14, 21, 15, 22], [8, 16, 9, 15], [4, 18, 5, 17], [2, 11, 3, 12], [10, 3, 11, 4]]"
11a_300_58,"[[10, 3, 11, 4], [6, 19, 7, 20], [18, 2, 19, 1], [22, 5, 1, 6], [12, 8, 13, 7], [16, 10, 17, 9], [20, 13, 21, 14], [14, 21, 15, 22], [8, 16, 9, 15], [4, 18, 5, 17], [2, 11, 3, 12]]"
11a_300_59,"[[2, 11, 3, 12], [10, 3, 11, 4], [6, 19, 7, 20], [18, 2, 19, 1], [22, 5, 1, 6], [12, 8, 13, 7], [16, 10, 17, 9], [20, 13, 21, 14], [14, 21, 15, 22], [8, 16, 9, 15], [4, 18, 5, 17]]"
11a_300_60,"[[4, 18, 5, 17], [2, 11, 3, 12], [10, 3, 11, 4], [6, 19, 7, 20], [18, 2, 19, 1], [22, 5, 1, 6], [12, 8, 13, 7], [16, 10, 17, 9], [20, 13, 21, 14], [14, 21, 15, 22], [8, 16, 9, 15]]"
11a_300_61,"[[8, 16, 9, 15], [4, 18, 5, 17], [2, 11, 3, 12], [10, 3, 11, 4], [6, 19, 7, 20], [18, 2, 19, 1], [22, 5, 1, 6], [12, 8, 13, 7], [16, 10, 17, 9], [20, 13, 21, 14], [14, 21, 15, 22]]"
11a_300_62,"[[14, 21, 15, 22], [8, 16, 9, 15], [4, 18, 5, 17], [2, 11, 3, 12], [10, 3, 11, 4], [6, 19, 7, 20], [18, 2, 19, 1], [22, 5, 1, 6], [12, 8, 13, 7], [16, 10, 17, 9], [20, 13, 21, 14]]"
11a_300_63,"[[20, 13, 21, 14], [14, 21, 15, 22], [8, 16, 9, 15], [4, 18, 5, 17], [2, 11, 3, 12], [10, 3, 11, 4], [6, 19, 7, 20], [18, 2, 19, 1], [22, 5, 1, 6], [12, 8, 13, 7], [16, 10, 17, 9]]"
11a_300_64,"[[16, 10, 17, 9], [20, 13, 21, 14], [14, 21, 15, 22], [8, 16, 9, 15], [4, 18, 5, 17], [2, 11, 3, 12], [10, 3, 11, 4], [6, 19, 7, 20], [18, 2, 19, 1], [22, 5, 1, 6], [12, 8, 13, 7]]"
11a_300_65,"[[12, 8, 13, 7], [16, 10, 17, 9], [20, 13, 21, 14], [14, 21, 15, 22], [8, 16, 9, 15], [4, 18, 5, 17], [2, 11, 3, 12], [10, 3, 11, 4], [6, 19, 7, 20], [18, 2, 19, 1], [22, 5, 1, 6]]"
11a_300_66,"[[1, 6, 2, 7], [13, 9, 14, 8], [17, 11, 18, 10], [21, 14, 22, 15], [15, 22, 16, 1], [9, 17, 10, 16], [5, 19, 6, 18], [3, 12, 4, 13], [11, 4, 12, 5], [7, 20, 8, 21], [19, 3, 20, 2]]"
11a_300_67,"[[19, 3, 20, 2], [1, 6, 2, 7], [13, 9, 14, 8], [17, 11, 18, 10], [21, 14, 22, 15], [15, 22, 16, 1], [9, 17, 10, 16], [5, 19, 6, 18], [3, 12, 4, 13], [11, 4, 12, 5], [7, 20, 8, 21]]"
11a_300_68,"[[7, 20, 8, 21], [19, 3, 20, 2], [1, 6, 2, 7], [13, 9, 14, 8], [17, 11, 18, 10], [21, 14, 22, 15], [15, 22, 16, 1], [9, 17, 10, 16], [5, 19, 6, 18], [3, 12, 4, 13], [11, 4, 12, 5]]"
11a_300_69,"[[11, 4, 12, 5], [7, 20, 8, 21], [19, 3, 20, 2], [1, 6, 2, 7], [13, 9, 14, 8], [17, 11, 18, 10], [21, 14, 22, 15], [15, 22, 16, 1], [9, 17, 10, 16], [5, 19, 6, 18], [3, 12, 4, 13]]"
11a_300_70,"[[3, 12, 4, 13], [11, 4, 12, 5], [7, 20, 8, 21], [19, 3, 20, 2], [1, 6, 2, 7], [13, 9, 14, 8], [17, 11, 18, 10], [21, 14, 22, 15], [15, 22, 16, 1], [9, 17, 10, 16], [5, 19, 6, 18]]"
11a_300_71,"[[5, 19, 6, 18], [3, 12, 4, 13], [11, 4, 12, 5], [7, 20, 8, 21], [19, 3, 20, 2], [1, 6, 2, 7], [13, 9, 14, 8], [17, 11, 18, 10], [21, 14, 22, 15], [15, 22, 16, 1], [9, 17, 10, 16]]"
11a_300_72,"[[9, 17, 10, 16], [5, 19, 6, 18], [3, 12, 4, 13], [11, 4, 12, 5], [7, 20, 8, 21], [19, 3, 20, 2], [1, 6, 2, 7], [13, 9, 14, 8], [17, 11, 18, 10], [21, 14, 22, 15], [15, 22, 16, 1]]"
11a_300_73,"[[15, 22, 16, 1], [9, 17, 10, 16], [5, 19, 6, 18], [3, 12, 4, 13], [11, 4, 12, 5], [7, 20, 8, 21], [19, 3, 20, 2], [1, 6, 2, 7], [13, 9, 14, 8], [17, 11, 18, 10], [21, 14, 22, 15]]"
11a_300_74,"[[21, 14, 22, 15], [15, 22, 16, 1], [9, 17, 10, 16], [5, 19, 6, 18], [3, 12, 4, 13], [11, 4, 12, 5], [7, 20, 8, 21], [19, 3, 20, 2], [1, 6, 2, 7], [13, 9, 14, 8], [17, 11, 18, 10]]"
11a_300_75,"[[17, 11, 18, 10], [21, 14, 22, 15], [15, 22, 16, 1], [9, 17, 10, 16], [5, 19, 6, 18], [3, 12, 4, 13], [11, 4, 12, 5], [7, 20, 8, 21], [19, 3, 20, 2], [1, 6, 2, 7], [13, 9, 14, 8]]"
11a_300_76,"[[13, 9, 14, 8], [17, 11, 18, 10], [21, 14, 22, 15], [15, 22, 16, 1], [9, 17, 10, 16], [5, 19, 6, 18], [3, 12, 4, 13], [11, 4, 12, 5], [7, 20, 8, 21], [19, 3, 20, 2], [1, 6, 2, 7]]"
11a_300_77,"[[2, 7, 3, 8], [14, 10, 15, 9], [18, 12, 19, 11], [22, 15, 1, 16], [16, 1, 17, 2], [10, 18, 11, 17], [6, 20, 7, 19], [4, 13, 5, 14], [12, 5, 13, 6], [8, 21, 9, 22], [20, 4, 21, 3]]"
11a_300_78,"[[20, 4, 21, 3], [2, 7, 3, 8], [14, 10, 15, 9], [18, 12, 19, 11], [22, 15, 1, 16], [16, 1, 17, 2], [10, 18, 11, 17], [6, 20, 7, 19], [4, 13, 5, 14], [12, 5, 13, 6], [8, 21, 9, 22]]"
11a_300_79,"[[8, 21, 9, 22], [20, 4, 21, 3], [2, 7, 3, 8], [14, 10, 15, 9], [18, 12, 19, 11], [22, 15, 1, 16], [16, 1, 17, 2], [10, 18, 11, 17], [6, 20, 7, 19], [4, 13, 5, 14], [12, 5, 13, 6]]"
11a_300_80,"[[12, 5, 13, 6], [8, 21, 9, 22], [20, 4, 21, 3], [2, 7, 3, 8], [14, 10, 15, 9], [18, 12, 19, 11], [22, 15, 1, 16], [16, 1, 17, 2], [10, 18, 11, 17], [6, 20, 7, 19], [4, 13, 5, 14]]"
11a_300_81,"[[4, 13, 5, 14], [12, 5, 13, 6], [8, 21, 9, 22], [20, 4, 21, 3], [2, 7, 3, 8], [14, 10, 15, 9], [18, 12, 19, 11], [22, 15, 1, 16], [16, 1, 17, 2], [10, 18, 11, 17], [6, 20, 7, 19]]"
11a_300_82,"[[6, 20, 7, 19], [4, 13, 5, 14], [12, 5, 13, 6], [8, 21, 9, 22], [20, 4, 21, 3], [2, 7, 3, 8], [14, 10, 15, 9], [18, 12, 19, 11], [22, 15, 1, 16], [16, 1, 17, 2], [10, 18, 11, 17]]"
11a_300_83,"[[10, 18, 11, 17], [6, 20, 7, 19], [4, 13, 5, 14], [12, 5, 13, 6], [8, 21, 9, 22], [20, 4, 21, 3], [2, 7, 3, 8], [14, 10, 15, 9], [18, 12, 19, 11], [22, 15, 1, 16], [16, 1, 17, 2]]"
11a_300_84,"[[16, 1, 17, 2], [10, 18, 11, 17], [6, 20, 7, 19], [4, 13, 5, 14], [12, 5, 13, 6], [8, 21, 9, 22], [20, 4, 21, 3], [2, 7, 3, 8], [14, 10, 15, 9], [18, 12, 19, 11], [22, 15, 1, 16]]"
11a_300_85,"[[22, 15, 1, 16], [16, 1, 17, 2], [10, 18, 11, 17], [6, 20, 7, 19], [4, 13, 5, 14], [12, 5, 13, 6], [8, 21, 9, 22], [20, 4, 21, 3], [2, 7, 3, 8], [14, 10, 15, 9], [18, 12, 19, 11]]"
11a_300_86,"[[18, 12, 19, 11], [22, 15, 1, 16], [16, 1, 17, 2], [10, 18, 11, 17], [6, 20, 7, 19], [4, 13, 5, 14], [12, 5, 13, 6], [8, 21, 9, 22], [20, 4, 21, 3], [2, 7, 3, 8], [14, 10, 15, 9]]"
11a_300_87,"[[14, 10, 15, 9], [18, 12, 19, 11], [22, 15, 1, 16], [16, 1, 17, 2], [10, 18, 11, 17], [6, 20, 7, 19], [4, 13, 5, 14], [12, 5, 13, 6], [8, 21, 9, 22], [20, 4, 21, 3], [2, 7, 3, 8]]"
11a_300_88,"[[3, 8, 4, 9], [15, 11, 16, 10], [19, 13, 20, 12], [1, 16, 2, 17], [17, 2, 18, 3], [11, 19, 12, 18], [7, 21, 8, 20], [5, 14, 6, 15], [13, 6, 14, 7], [9, 22, 10, 1], [21, 5, 22, 4]]"
11a_300_89,"[[21, 5, 22, 4], [3, 8, 4, 9], [15, 11, 16, 10], [19, 13, 20, 12], [1, 16, 2, 17], [17, 2, 18, 3], [11, 19, 12, 18], [7, 21, 8, 20], [5, 14, 6, 15], [13, 6, 14, 7], [9, 22, 10, 1]]"
11a_300_90,"[[9, 22, 10, 1], [21, 5, 22, 4], [3, 8, 4, 9], [15, 11, 16, 10], [19, 13, 20, 12], [1, 16, 2, 17], [17, 2, 18, 3], [11, 19, 12, 18], [7, 21, 8, 20], [5, 14, 6, 15], [13, 6, 14, 7]]"
11a_300_91,"[[13, 6, 14, 7], [9, 22, 10, 1], [21, 5, 22, 4], [3, 8, 4, 9], [15, 11, 16, 10], [19, 13, 20, 12], [1, 16, 2, 17], [17, 2, 18, 3], [11, 19, 12, 18], [7, 21, 8, 20], [5, 14, 6, 15]]"
11a_300_92,"[[5, 14, 6, 15], [13, 6, 14, 7], [9, 22, 10, 1], [21, 5, 22, 4], [3, 8, 4, 9], [15, 11, 16, 10], [19, 13, 20, 12], [1, 16, 2, 17], [17, 2, 18, 3], [11, 19, 12, 18], [7, 21, 8, 20]]"
11a_300_93,"[[7, 21, 8, 20], [5, 14, 6, 15], [13, 6, 14, 7], [9, 22, 10, 1], [21, 5, 22, 4], [3, 8, 4, 9], [15, 11, 16, 10], [19, 13, 20, 12], [1, 16, 2, 17], [17, 2, 18, 3], [11, 19, 12, 18]]"
11a_300_94,"[[11, 19, 12, 18], [7, 21, 8, 20], [5, 14, 6, 15], [13, 6, 14, 7], [9, 22, 10, 1], [21, 5, 22, 4], [3, 8, 4, 9], [15, 11, 16, 10], [19, 13, 20, 12], [1, 16, 2, 17], [17, 2, 18, 3]]"
11a_300_95,"[[17, 2, 18, 3], [11, 19, 12, 18], [7, 21, 8, 20], [5, 14, 6, 15], [13, 6, 14, 7], [9, 22, 10, 1], [21, 5, 22, 4], [3, 8, 4, 9], [15, 11, 16, 10], [19, 13, 20, 12], [1, 16, 2, 17]]"
11a_300_96,"[[1, 16, 2, 17], [17, 2, 18, 3], [11, 19, 12, 18], [7, 21, 8, 20], [5, 14, 6, 15], [13, 6, 14, 7], [9, 22, 10, 1], [21, 5, 22, 4], [3, 8, 4, 9], [15, 11, 16, 10], [19, 13, 20, 12]]"
11a_300_97,"[[19, 13, 20, 12], [1, 16, 2, 17], [17, 2, 18, 3], [11, 19, 12, 18], [7, 21, 8, 20], [5, 14, 6, 15], [13, 6, 14, 7], [9, 22, 10, 1], [21, 5, 22, 4], [3, 8, 4, 9], [15, 11, 16, 10]]"
11a_300_98,"[[15, 11, 16, 10], [19, 13, 20, 12], [1, 16, 2, 17], [17, 2, 18, 3], [11, 19, 12, 18], [7, 21, 8, 20], [5, 14, 6, 15], [13, 6, 14, 7], [9, 22, 10, 1], [21, 5, 22, 4], [3, 8, 4, 9]]"
11a_300_99,"[[4, 9, 5, 10], [16, 12, 17, 11], [20, 14, 21, 13], [2, 17, 3, 18], [18, 3, 19, 4], [12, 20, 13, 19], [8, 22, 9, 21], [6, 15, 7, 16], [14, 7, 15, 8], [10, 1, 11, 2], [22, 6, 1, 5]]"
11a_300_100,"[[22, 6, 1, 5], [4, 9, 5, 10], [16, 12, 17, 11], [20, 14, 21, 13], [2, 17, 3, 18], [18, 3, 19, 4], [12, 20, 13, 19], [8, 22, 9, 21], [6, 15, 7, 16], [14, 7, 15, 8], [10, 1, 11, 2]]"
11a_300_101,"[[10, 1, 11, 2], [22, 6, 1, 5], [4, 9, 5, 10], [16, 12, 17, 11], [20, 14, 21, 13], [2, 17, 3, 18], [18, 3, 19, 4], [12, 20, 13, 19], [8, 22, 9, 21], [6, 15, 7, 16], [14, 7, 15, 8]]"
11a_300_102,"[[14, 7, 15, 8], [10, 1, 11, 2], [22, 6, 1, 5], [4, 9, 5, 10], [16, 12, 17, 11], [20, 14, 21, 13], [2, 17, 3, 18], [18, 3, 19, 4], [12, 20, 13, 19], [8, 22, 9, 21], [6, 15, 7, 16]]"
11a_300_103,"[[6, 15, 7, 16], [14, 7, 15, 8], [10, 1, 11, 2], [22, 6, 1, 5], [4, 9, 5, 10], [16, 12, 17, 11], [20, 14, 21, 13], [2, 17, 3, 18], [18, 3, 19, 4], [12, 20, 13, 19], [8, 22, 9, 21]]"
11a_300_104,"[[8, 22, 9, 21], [6, 15, 7, 16], [14, 7, 15, 8], [10, 1, 11, 2], [22, 6, 1, 5], [4, 9, 5, 10], [16, 12, 17, 11], [20, 14, 21, 13], [2, 17, 3, 18], [18, 3, 19, 4], [12, 20, 13, 19]]"
11a_300_105,"[[12, 20, 13, 19], [8, 22, 9, 21], [6, 15, 7, 16], [14, 7, 15, 8], [10, 1, 11, 2], [22, 6, 1, 5], [4, 9, 5, 10], [16, 12, 17, 11], [20, 14, 21, 13], [2, 17, 3, 18], [18, 3, 19, 4]]"
11a_300_106,"[[18, 3, 19, 4], [12, 20, 13, 19], [8, 22, 9, 21], [6, 15, 7, 16], [14, 7, 15, 8], [10, 1, 11, 2], [22, 6, 1, 5], [4, 9, 5, 10], [16, 12, 17, 11], [20, 14, 21, 13], [2, 17, 3, 18]]"
11a_300_107,"[[2, 17, 3, 18], [18, 3, 19, 4], [12, 20, 13, 19], [8, 22, 9, 21], [6, 15, 7, 16], [14, 7, 15, 8], [10, 1, 11, 2], [22, 6, 1, 5], [4, 9, 5, 10], [16, 12, 17, 11], [20, 14, 21, 13]]"
11a_300_108,"[[20, 14, 21, 13], [2, 17, 3, 18], [18, 3, 19, 4], [12, 20, 13, 19], [8, 22, 9, 21], [6, 15, 7, 16], [14, 7, 15, 8], [10, 1, 11, 2], [22, 6, 1, 5], [4, 9, 5, 10], [16, 12, 17, 11]]"
11a_300_109,"[[16, 12, 17, 11], [20, 14, 21, 13], [2, 17, 3, 18], [18, 3, 19, 4], [12, 20, 13, 19], [8, 22, 9, 21], [6, 15, 7, 16], [14, 7, 15, 8], [10, 1, 11, 2], [22, 6, 1, 5], [4, 9, 5, 10]]"
11a_300_110,"[[5, 10, 6, 11], [17, 13, 18, 12], [21, 15, 22, 14], [3, 18, 4, 19], [19, 4, 20, 5], [13, 21, 14, 20], [9, 1, 10, 22], [7, 16, 8, 17], [15, 8, 16, 9], [11, 2, 12, 3], [1, 7, 2, 6]]"
11a_300_111,"[[1, 7, 2, 6], [5, 10, 6, 11], [17, 13, 18, 12], [21, 15, 22, 14], [3, 18, 4, 19], [19, 4, 20, 5], [13, 21, 14, 20], [9, 1, 10, 22], [7, 16, 8, 17], [15, 8, 16, 9], [11, 2, 12, 3]]"
11a_300_112,"[[11, 2, 12, 3], [1, 7, 2, 6], [5, 10, 6, 11], [17, 13, 18, 12], [21, 15, 22, 14], [3, 18, 4, 19], [19, 4, 20, 5], [13, 21, 14, 20], [9, 1, 10, 22], [7, 16, 8, 17], [15, 8, 16, 9]]"
11a_300_113,"[[15, 8, 16, 9], [11, 2, 12, 3], [1, 7, 2, 6], [5, 10, 6, 11], [17, 13, 18, 12], [21, 15, 22, 14], [3, 18, 4, 19], [19, 4, 20, 5], [13, 21, 14, 20], [9, 1, 10, 22], [7, 16, 8, 17]]"
11a_300_114,"[[7, 16, 8, 17], [15, 8, 16, 9], [11, 2, 12, 3], [1, 7, 2, 6], [5, 10, 6, 11], [17, 13, 18, 12], [21, 15, 22, 14], [3, 18, 4, 19], [19, 4, 20, 5], [13, 21, 14, 20], [9, 1, 10, 22]]"
11a_300_115,"[[9, 1, 10, 22], [7, 16, 8, 17], [15, 8, 16, 9], [11, 2, 12, 3], [1, 7, 2, 6], [5, 10, 6, 11], [17, 13, 18, 12], [21, 15, 22, 14], [3, 18, 4, 19], [19, 4, 20, 5], [13, 21, 14, 20]]"
11a_300_116,"[[13, 21, 14, 20], [9, 1, 10, 22], [7, 16, 8, 17], [15, 8, 16, 9], [11, 2, 12, 3], [1, 7, 2, 6], [5, 10, 6, 11], [17, 13, 18, 12], [21, 15, 22, 14], [3, 18, 4, 19], [19, 4, 20, 5]]"
11a_300_117,"[[19, 4, 20, 5], [13, 21, 14, 20], [9, 1, 10, 22], [7, 16, 8, 17], [15, 8, 16, 9], [11, 2, 12, 3], [1, 7, 2, 6], [5, 10, 6, 11], [17, 13, 18, 12], [21, 15, 22, 14], [3, 18, 4, 19]]"
11a_300_118,"[[3, 18, 4, 19], [19, 4, 20, 5], [13, 21, 14, 20], [9, 1, 10, 22], [7, 16, 8, 17], [15, 8, 16, 9], [11, 2, 12, 3], [1, 7, 2, 6], [5, 10, 6, 11], [17, 13, 18, 12], [21, 15, 22, 14]]"
11a_300_119,"[[21, 15, 22, 14], [3, 18, 4, 19], [19, 4, 20, 5], [13, 21, 14, 20], [9, 1, 10, 22], [7, 16, 8, 17], [15, 8, 16, 9], [11, 2, 12, 3], [1, 7, 2, 6], [5, 10, 6, 11], [17, 13, 18, 12]]"
11a_300_120,"[[17, 13, 18, 12], [21, 15, 22, 14], [3, 18, 4, 19], [19, 4, 20, 5], [13, 21, 14, 20], [9, 1, 10, 22], [7, 16, 8, 17], [15, 8, 16, 9], [11, 2, 12, 3], [1, 7, 2, 6], [5, 10, 6, 11]]"
11a_300_121,"[[6, 11, 7, 12], [18, 14, 19, 13], [22, 16, 1, 15], [4, 19, 5, 20], [20, 5, 21, 6], [14, 22, 15, 21], [10, 2, 11, 1], [8, 17, 9, 18], [16, 9, 17, 10], [12, 3, 13, 4], [2, 8, 3, 7]]"
11a_300_122,"[[2, 8, 3, 7], [6, 11, 7, 12], [18, 14, 19, 13], [22, 16, 1, 15], [4, 19, 5, 20], [20, 5, 21, 6], [14, 22, 15, 21], [10, 2, 11, 1], [8, 17, 9, 18], [16, 9, 17, 10], [12, 3, 13, 4]]"
11a_300_123,"[[12, 3, 13, 4], [2, 8, 3, 7], [6, 11, 7, 12], [18, 14, 19, 13], [22, 16, 1, 15], [4, 19, 5, 20], [20, 5, 21, 6], [14, 22, 15, 21], [10, 2, 11, 1], [8, 17, 9, 18], [16, 9, 17, 10]]"
11a_300_124,"[[16, 9, 17, 10], [12, 3, 13, 4], [2, 8, 3, 7], [6, 11, 7, 12], [18, 14, 19, 13], [22, 16, 1, 15], [4, 19, 5, 20], [20, 5, 21, 6], [14, 22, 15, 21], [10, 2, 11, 1], [8, 17, 9, 18]]"
11a_300_125,"[[8, 17, 9, 18], [16, 9, 17, 10], [12, 3, 13, 4], [2, 8, 3, 7], [6, 11, 7, 12], [18, 14, 19, 13], [22, 16, 1, 15], [4, 19, 5, 20], [20, 5, 21, 6], [14, 22, 15, 21], [10, 2, 11, 1]]"
11a_300_126,"[[10, 2, 11, 1], [8, 17, 9, 18], [16, 9, 17, 10], [12, 3, 13, 4], [2, 8, 3, 7], [6, 11, 7, 12], [18, 14, 19, 13], [22, 16, 1, 15], [4, 19, 5, 20], [20, 5, 21, 6], [14, 22, 15, 21]]"
11a_300_127,"[[14, 22, 15, 21], [10, 2, 11, 1], [8, 17, 9, 18], [16, 9, 17, 10], [12, 3, 13, 4], [2, 8, 3, 7], [6, 11, 7, 12], [18, 14, 19, 13], [22, 16, 1, 15], [4, 19, 5, 20], [20, 5, 21, 6]]"
11a_300_128,"[[20, 5, 21, 6], [14, 22, 15, 21], [10, 2, 11, 1], [8, 17, 9, 18], [16, 9, 17, 10], [12, 3, 13, 4], [2, 8, 3, 7], [6, 11, 7, 12], [18, 14, 19, 13], [22, 16, 1, 15], [4, 19, 5, 20]]"
11a_300_129,"[[4, 19, 5, 20], [20, 5, 21, 6], [14, 22, 15, 21], [10, 2, 11, 1], [8, 17, 9, 18], [16, 9, 17, 10], [12, 3, 13, 4], [2, 8, 3, 7], [6, 11, 7, 12], [18, 14, 19, 13], [22, 16, 1, 15]]"
11a_300_130,"[[22, 16, 1, 15], [4, 19, 5, 20], [20, 5, 21, 6], [14, 22, 15, 21], [10, 2, 11, 1], [8, 17, 9, 18], [16, 9, 17, 10], [12, 3, 13, 4], [2, 8, 3, 7], [6, 11, 7, 12], [18, 14, 19, 13]]"
11a_300_131,"[[18, 14, 19, 13], [22, 16, 1, 15], [4, 19, 5, 20], [20, 5, 21, 6], [14, 22, 15, 21], [10, 2, 11, 1], [8, 17, 9, 18], [16, 9, 17, 10], [12, 3, 13, 4], [2, 8, 3, 7], [6, 11, 7, 12]]"
11a_300_132,"[[7, 12, 8, 13], [19, 15, 20, 14], [1, 17, 2, 16], [5, 20, 6, 21], [21, 6, 22, 7], [15, 1, 16, 22], [11, 3, 12, 2], [9, 18, 10, 19], [17, 10, 18, 11], [13, 4, 14, 5], [3, 9, 4, 8]]"
11a_300_133,"[[3, 9, 4, 8], [7, 12, 8, 13], [19, 15, 20, 14], [1, 17, 2, 16], [5, 20, 6, 21], [21, 6, 22, 7], [15, 1, 16, 22], [11, 3, 12, 2], [9, 18, 10, 19], [17, 10, 18, 11], [13, 4, 14, 5]]"
11a_300_134,"[[13, 4, 14, 5], [3, 9, 4, 8], [7, 12, 8, 13], [19, 15, 20, 14], [1, 17, 2, 16], [5, 20, 6, 21], [21, 6, 22, 7], [15, 1, 16, 22], [11, 3, 12, 2], [9, 18, 10, 19], [17, 10, 18, 11]]"
11a_300_135,"[[17, 10, 18, 11], [13, 4, 14, 5], [3, 9, 4, 8], [7, 12, 8, 13], [19, 15, 20, 14], [1, 17, 2, 16], [5, 20, 6, 21], [21, 6, 22, 7], [15, 1, 16, 22], [11, 3, 12, 2], [9, 18, 10, 19]]"
11a_300_136,"[[9, 18, 10, 19], [17, 10, 18, 11], [13, 4, 14, 5], [3, 9, 4, 8], [7, 12, 8, 13], [19, 15, 20, 14], [1, 17, 2, 16], [5, 20, 6, 21], [21, 6, 22, 7], [15, 1, 16, 22], [11, 3, 12, 2]]"
11a_300_137,"[[11, 3, 12, 2], [9, 18, 10, 19], [17, 10, 18, 11], [13, 4, 14, 5], [3, 9, 4, 8], [7, 12, 8, 13], [19, 15, 20, 14], [1, 17, 2, 16], [5, 20, 6, 21], [21, 6, 22, 7], [15, 1, 16, 22]]"
11a_300_138,"[[15, 1, 16, 22], [11, 3, 12, 2], [9, 18, 10, 19], [17, 10, 18, 11], [13, 4, 14, 5], [3, 9, 4, 8], [7, 12, 8, 13], [19, 15, 20, 14], [1, 17, 2, 16], [5, 20, 6, 21], [21, 6, 22, 7]]"
11a_300_139,"[[21, 6, 22, 7], [15, 1, 16, 22], [11, 3, 12, 2], [9, 18, 10, 19], [17, 10, 18, 11], [13, 4, 14, 5], [3, 9, 4, 8], [7, 12, 8, 13], [19, 15, 20, 14], [1, 17, 2, 16], [5, 20, 6, 21]]"
11a_300_140,"[[5, 20, 6, 21], [21, 6, 22, 7], [15, 1, 16, 22], [11, 3, 12, 2], [9, 18, 10, 19], [17, 10, 18, 11], [13, 4, 14, 5], [3, 9, 4, 8], [7, 12, 8, 13], [19, 15, 20, 14], [1, 17, 2, 16]]"
11a_300_141,"[[1, 17, 2, 16], [5, 20, 6, 21], [21, 6, 22, 7], [15, 1, 16, 22], [11, 3, 12, 2], [9, 18, 10, 19], [17, 10, 18, 11], [13, 4, 14, 5], [3, 9, 4, 8], [7, 12, 8, 13], [19, 15, 20, 14]]"
11a_300_142,"[[19, 15, 20, 14], [1, 17, 2, 16], [5, 20, 6, 21], [21, 6, 22, 7], [15, 1, 16, 22], [11, 3, 12, 2], [9, 18, 10, 19], [17, 10, 18, 11], [13, 4, 14, 5], [3, 9, 4, 8], [7, 12, 8, 13]]"
11a_300_143,"[[8, 13, 9, 14], [20, 16, 21, 15], [2, 18, 3, 17], [6, 21, 7, 22], [22, 7, 1, 8], [16, 2, 17, 1], [12, 4, 13, 3], [10, 19, 11, 20], [18, 11, 19, 12], [14, 5, 15, 6], [4, 10, 5, 9]]"
11a_300_144,"[[4, 10, 5, 9], [8, 13, 9, 14], [20, 16, 21, 15], [2, 18, 3, 17], [6, 21, 7, 22], [22, 7, 1, 8], [16, 2, 17, 1], [12, 4, 13, 3], [10, 19, 11, 20], [18, 11, 19, 12], [14, 5, 15, 6]]"
11a_300_145,"[[14, 5, 15, 6], [4, 10, 5, 9], [8, 13, 9, 14], [20, 16, 21, 15], [2, 18, 3, 17], [6, 21, 7, 22], [22, 7, 1, 8], [16, 2, 17, 1], [12, 4, 13, 3], [10, 19, 11, 20], [18, 11, 19, 12]]"
11a_300_146,"[[18, 11, 19, 12], [14, 5, 15, 6], [4, 10, 5, 9], [8, 13, 9, 14], [20, 16, 21, 15], [2, 18, 3, 17], [6, 21, 7, 22], [22, 7, 1, 8], [16, 2, 17, 1], [12, 4, 13, 3], [10, 19, 11, 20]]"
11a_300_147,"[[10, 19, 11, 20], [18, 11, 19, 12], [14, 5, 15, 6], [4, 10, 5, 9], [8, 13, 9, 14], [20, 16, 21, 15], [2, 18, 3, 17], [6, 21, 7, 22], [22, 7, 1, 8], [16, 2, 17, 1], [12, 4, 13, 3]]"
11a_300_148,"[[12, 4, 13, 3], [10, 19, 11, 20], [18, 11, 19, 12], [14, 5, 15, 6], [4, 10, 5, 9], [8, 13, 9, 14], [20, 16, 21, 15], [2, 18, 3, 17], [6, 21, 7, 22], [22, 7, 1, 8], [16, 2, 17, 1]]"
11a_300_149,"[[16, 2, 17, 1], [12, 4, 13, 3], [10, 19, 11, 20], [18, 11, 19, 12], [14, 5, 15, 6], [4, 10, 5, 9], [8, 13, 9, 14], [20, 16, 21, 15], [2, 18, 3, 17], [6, 21, 7, 22], [22, 7, 1, 8]]"
11a_300_150,"[[22, 7, 1, 8], [16, 2, 17, 1], [12, 4, 13, 3], [10, 19, 11, 20], [18, 11, 19, 12], [14, 5, 15, 6], [4, 10, 5, 9], [8, 13, 9, 14], [20, 16, 21, 15], [2, 18, 3, 17], [6, 21, 7, 22]]"
11a_300_151,"[[6, 21, 7, 22], [22, 7, 1, 8], [16, 2, 17, 1], [12, 4, 13, 3], [10, 19, 11, 20], [18, 11, 19, 12], [14, 5, 15, 6], [4, 10, 5, 9], [8, 13, 9, 14], [20, 16, 21, 15], [2, 18, 3, 17]]"
11a_300_152,"[[2, 18, 3, 17], [6, 21, 7, 22], [22, 7, 1, 8], [16, 2, 17, 1], [12, 4, 13, 3], [10, 19, 11, 20], [18, 11, 19, 12], [14, 5, 15, 6], [4, 10, 5, 9], [8, 13, 9, 14], [20, 16, 21, 15]]"
11a_300_153,"[[20, 16, 21, 15], [2, 18, 3, 17], [6, 21, 7, 22], [22, 7, 1, 8], [16, 2, 17, 1], [12, 4, 13, 3], [10, 19, 11, 20], [18, 11, 19, 12], [14, 5, 15, 6], [4, 10, 5, 9], [8, 13, 9, 14]]"
11a_300_154,"[[9, 14, 10, 15], [21, 17, 22, 16], [3, 19, 4, 18], [7, 22, 8, 1], [1, 8, 2, 9], [17, 3, 18, 2], [13, 5, 14, 4], [11, 20, 12, 21], [19, 12, 20, 13], [15, 6, 16, 7], [5, 11, 6, 10]]"
11a_300_155,"[[5, 11, 6, 10], [9, 14, 10, 15], [21, 17, 22, 16], [3, 19, 4, 18], [7, 22, 8, 1], [1, 8, 2, 9], [17, 3, 18, 2], [13, 5, 14, 4], [11, 20, 12, 21], [19, 12, 20, 13], [15, 6, 16, 7]]"
11a_300_156,"[[15, 6, 16, 7], [5, 11, 6, 10], [9, 14, 10, 15], [21, 17, 22, 16], [3, 19, 4, 18], [7, 22, 8, 1], [1, 8, 2, 9], [17, 3, 18, 2], [13, 5, 14, 4], [11, 20, 12, 21], [19, 12, 20, 13]]"
11a_300_157,"[[19, 12, 20, 13], [15, 6, 16, 7], [5, 11, 6, 10], [9, 14, 10, 15], [21, 17, 22, 16], [3, 19, 4, 18], [7, 22, 8, 1], [1, 8, 2, 9], [17, 3, 18, 2], [13, 5, 14, 4], [11, 20, 12, 21]]"
11a_300_158,"[[11, 20, 12, 21], [19, 12, 20, 13], [15, 6, 16, 7], [5, 11, 6, 10], [9, 14, 10, 15], [21, 17, 22, 16], [3, 19, 4, 18], [7, 22, 8, 1], [1, 8, 2, 9], [17, 3, 18, 2], [13, 5, 14, 4]]"
11a_300_159,"[[13, 5, 14, 4], [11, 20, 12, 21], [19, 12, 20, 13], [15, 6, 16, 7], [5, 11, 6, 10], [9, 14, 10, 15], [21, 17, 22, 16], [3, 19, 4, 18], [7, 22, 8, 1], [1, 8, 2, 9], [17, 3, 18, 2]]"
11a_300_160,"[[17, 3, 18, 2], [13, 5, 14, 4], [11, 20, 12, 21], [19, 12, 20, 13], [15, 6, 16, 7], [5, 11, 6, 10], [9, 14, 10, 15], [21, 17, 22, 16], [3, 19, 4, 18], [7, 22, 8, 1], [1, 8, 2, 9]]"
11a_300_161,"[[1, 8, 2, 9], [17, 3, 18, 2], [13, 5, 14, 4], [11, 20, 12, 21], [19, 12, 20, 13], [15, 6, 16, 7], [5, 11, 6, 10], [9, 14, 10, 15], [21, 17, 22, 16], [3, 19, 4, 18], [7, 22, 8, 1]]"
11a_300_162,"[[7, 22, 8, 1], [1, 8, 2, 9], [17, 3, 18, 2], [13, 5, 14, 4], [11, 20, 12, 21], [19, 12, 20, 13], [15, 6, 16, 7], [5, 11, 6, 10], [9, 14, 10, 15], [21, 17, 22, 16], [3, 19, 4, 18]]"
11a_300_163,"[[3, 19, 4, 18], [7, 22, 8, 1], [1, 8, 2, 9], [17, 3, 18, 2], [13, 5, 14, 4], [11, 20, 12, 21], [19, 12, 20, 13], [15, 6, 16, 7], [5, 11, 6, 10], [9, 14, 10, 15], [21, 17, 22, 16]]"
11a_300_164,"[[21, 17, 22, 16], [3, 19, 4, 18], [7, 22, 8, 1], [1, 8, 2, 9], [17, 3, 18, 2], [13, 5, 14, 4], [11, 20, 12, 21], [19, 12, 20, 13], [15, 6, 16, 7], [5, 11, 6, 10], [9, 14, 10, 15]]"
11a_300_165,"[[10, 15, 11, 16], [22, 18, 1, 17], [4, 20, 5, 19], [8, 1, 9, 2], [2, 9, 3, 10], [18, 4, 19, 3], [14, 6, 15, 5], [12, 21, 13, 22], [20, 13, 21, 14], [16, 7, 17, 8], [6, 12, 7, 11]]"
11a_300_166,"[[6, 12, 7, 11], [10, 15, 11, 16], [22, 18, 1, 17], [4, 20, 5, 19], [8, 1, 9, 2], [2, 9, 3, 10], [18, 4, 19, 3], [14, 6, 15, 5], [12, 21, 13, 22], [20, 13, 21, 14], [16, 7, 17, 8]]"
11a_300_167,"[[16, 7, 17, 8], [6, 12, 7, 11], [10, 15, 11, 16], [22, 18, 1, 17], [4, 20, 5, 19], [8, 1, 9, 2], [2, 9, 3, 10], [18, 4, 19, 3], [14, 6, 15, 5], [12, 21, 13, 22], [20, 13, 21, 14]]"
11a_300_168,"[[20, 13, 21, 14], [16, 7, 17, 8], [6, 12, 7, 11], [10, 15, 11, 16], [22, 18, 1, 17], [4, 20, 5, 19], [8, 1, 9, 2], [2, 9, 3, 10], [18, 4, 19, 3], [14, 6, 15, 5], [12, 21, 13, 22]]"
11a_300_169,"[[12, 21, 13, 22], [20, 13, 21, 14], [16, 7, 17, 8], [6, 12, 7, 11], [10, 15, 11, 16], [22, 18, 1, 17], [4, 20, 5, 19], [8, 1, 9, 2], [2, 9, 3, 10], [18, 4, 19, 3], [14, 6, 15, 5]]"
11a_300_170,"[[14, 6, 15, 5], [12, 21, 13, 22], [20, 13, 21, 14], [16, 7, 17, 8], [6, 12, 7, 11], [10, 15, 11, 16], [22, 18, 1, 17], [4, 20, 5, 19], [8, 1, 9, 2], [2, 9, 3, 10], [18, 4, 19, 3]]"
11a_300_171,"[[18, 4, 19, 3], [14, 6, 15, 5], [12, 21, 13, 22], [20, 13, 21, 14], [16, 7, 17, 8], [6, 12, 7, 11], [10, 15, 11, 16], [22, 18, 1, 17], [4, 20, 5, 19], [8, 1, 9, 2], [2, 9, 3, 10]]"
11a_300_172,"[[2, 9, 3, 10], [18, 4, 19, 3], [14, 6, 15, 5], [12, 21, 13, 22], [20, 13, 21, 14], [16, 7, 17, 8], [6, 12, 7, 11], [10, 15, 11, 16], [22, 18, 1, 17], [4, 20, 5, 19], [8, 1, 9, 2]]"
11a_300_173,"[[8, 1, 9, 2], [2, 9, 3, 10], [18, 4, 19, 3], [14, 6, 15, 5], [12, 21, 13, 22], [20, 13, 21, 14], [16, 7, 17, 8], [6, 12, 7, 11], [10, 15, 11, 16], [22, 18, 1, 17], [4, 20, 5, 19]]"
11a_300_174,"[[4, 20, 5, 19], [8, 1, 9, 2], [2, 9, 3, 10], [18, 4, 19, 3], [14, 6, 15, 5], [12, 21, 13, 22], [20, 13, 21, 14], [16, 7, 17, 8], [6, 12, 7, 11], [10, 15, 11, 16], [22, 18, 1, 17]]"
11a_300_175,"[[22, 18, 1, 17], [4, 20, 5, 19], [8, 1, 9, 2], [2, 9, 3, 10], [18, 4, 19, 3], [14, 6, 15, 5], [12, 21, 13, 22], [20, 13, 21, 14], [16, 7, 17, 8], [6, 12, 7, 11], [10, 15, 11, 16]]"
11a_300_176,"[[11, 16, 12, 17], [1, 19, 2, 18], [5, 21, 6, 20], [9, 2, 10, 3], [3, 10, 4, 11], [19, 5, 20, 4], [15, 7, 16, 6], [13, 22, 14, 1], [21, 14, 22, 15], [17, 8, 18, 9], [7, 13, 8, 12]]"
11a_300_177,"[[7, 13, 8, 12], [11, 16, 12, 17], [1, 19, 2, 18], [5, 21, 6, 20], [9, 2, 10, 3], [3, 10, 4, 11], [19, 5, 20, 4], [15, 7, 16, 6], [13, 22, 14, 1], [21, 14, 22, 15], [17, 8, 18, 9]]"
11a_300_178,"[[17, 8, 18, 9], [7, 13, 8, 12], [11, 16, 12, 17], [1, 19, 2, 18], [5, 21, 6, 20], [9, 2, 10, 3], [3, 10, 4, 11], [19, 5, 20, 4], [15, 7, 16, 6], [13, 22, 14, 1], [21, 14, 22, 15]]"
11a_300_179,"[[21, 14, 22, 15], [17, 8, 18, 9], [7, 13, 8, 12], [11, 16, 12, 17], [1, 19, 2, 18], [5, 21, 6, 20], [9, 2, 10, 3], [3, 10, 4, 11], [19, 5, 20, 4], [15, 7, 16, 6], [13, 22, 14, 1]]"
11a_300_180,"[[13, 22, 14, 1], [21, 14, 22, 15], [17, 8, 18, 9], [7, 13, 8, 12], [11, 16, 12, 17], [1, 19, 2, 18], [5, 21, 6, 20], [9, 2, 10, 3], [3, 10, 4, 11], [19, 5, 20, 4], [15, 7, 16, 6]]"
11a_300_181,"[[15, 7, 16, 6], [13, 22, 14, 1], [21, 14, 22, 15], [17, 8, 18, 9], [7, 13, 8, 12], [11, 16, 12, 17], [1, 19, 2, 18], [5, 21, 6, 20], [9, 2, 10, 3], [3, 10, 4, 11], [19, 5, 20, 4]]"
11a_300_182,"[[19, 5, 20, 4], [15, 7, 16, 6], [13, 22, 14, 1], [21, 14, 22, 15], [17, 8, 18, 9], [7, 13, 8, 12], [11, 16, 12, 17], [1, 19, 2, 18], [5, 21, 6, 20], [9, 2, 10, 3], [3, 10, 4, 11]]"
11a_300_183,"[[3, 10, 4, 11], [19, 5, 20, 4], [15, 7, 16, 6], [13, 22, 14, 1], [21, 14, 22, 15], [17, 8, 18, 9], [7, 13, 8, 12], [11, 16, 12, 17], [1, 19, 2, 18], [5, 21, 6, 20], [9, 2, 10, 3]]"
11a_300_184,"[[9, 2, 10, 3], [3, 10, 4, 11], [19, 5, 20, 4], [15, 7, 16, 6], [13, 22, 14, 1], [21, 14, 22, 15], [17, 8, 18, 9], [7, 13, 8, 12], [11, 16, 12, 17], [1, 19, 2, 18], [5, 21, 6, 20]]"
11a_300_185,"[[5, 21, 6, 20], [9, 2, 10, 3], [3, 10, 4, 11], [19, 5, 20, 4], [15, 7, 16, 6], [13, 22, 14, 1], [21, 14, 22, 15], [17, 8, 18, 9], [7, 13, 8, 12], [11, 16, 12, 17], [1, 19, 2, 18]]"
11a_300_186,"[[1, 19, 2, 18], [5, 21, 6, 20], [9, 2, 10, 3], [3, 10, 4, 11], [19, 5, 20, 4], [15, 7, 16, 6], [13, 22, 14, 1], [21, 14, 22, 15], [17, 8, 18, 9], [7, 13, 8, 12], [11, 16, 12, 17]]"
11a_300_187,"[[12, 17, 13, 18], [2, 20, 3, 19], [6, 22, 7, 21], [10, 3, 11, 4], [4, 11, 5, 12], [20, 6, 21, 5], [16, 8, 17, 7], [14, 1, 15, 2], [22, 15, 1, 16], [18, 9, 19, 10], [8, 14, 9, 13]]"
11a_300_188,"[[8, 14, 9, 13], [12, 17, 13, 18], [2, 20, 3, 19], [6, 22, 7, 21], [10, 3, 11, 4], [4, 11, 5, 12], [20, 6, 21, 5], [16, 8, 17, 7], [14, 1, 15, 2], [22, 15, 1, 16], [18, 9, 19, 10]]"
11a_300_189,"[[18, 9, 19, 10], [8, 14, 9, 13], [12, 17, 13, 18], [2, 20, 3, 19], [6, 22, 7, 21], [10, 3, 11, 4], [4, 11, 5, 12], [20, 6, 21, 5], [16, 8, 17, 7], [14, 1, 15, 2], [22, 15, 1, 16]]"
11a_300_190,"[[22, 15, 1, 16], [18, 9, 19, 10], [8, 14, 9, 13], [12, 17, 13, 18], [2, 20, 3, 19], [6, 22, 7, 21], [10, 3, 11, 4], [4, 11, 5, 12], [20, 6, 21, 5], [16, 8, 17, 7], [14, 1, 15, 2]]"
11a_300_191,"[[14, 1, 15, 2], [22, 15, 1, 16], [18, 9, 19, 10], [8, 14, 9, 13], [12, 17, 13, 18], [2, 20, 3, 19], [6, 22, 7, 21], [10, 3, 11, 4], [4, 11, 5, 12], [20, 6, 21, 5], [16, 8, 17, 7]]"
11a_300_192,"[[16, 8, 17, 7], [14, 1, 15, 2], [22, 15, 1, 16], [18, 9, 19, 10], [8, 14, 9, 13], [12, 17, 13, 18], [2, 20, 3, 19], [6, 22, 7, 21], [10, 3, 11, 4], [4, 11, 5, 12], [20, 6, 21, 5]]"
11a_300_193,"[[20, 6, 21, 5], [16, 8, 17, 7], [14, 1, 15, 2], [22, 15, 1, 16], [18, 9, 19, 10], [8, 14, 9, 13], [12, 17, 13, 18], [2, 20, 3, 19], [6, 22, 7, 21], [10, 3, 11, 4], [4, 11, 5, 12]]"
11a_300_194,"[[4, 11, 5, 12], [20, 6, 21, 5], [16, 8, 17, 7], [14, 1, 15, 2], [22, 15, 1, 16], [18, 9, 19, 10], [8, 14, 9, 13], [12, 17, 13, 18], [2, 20, 3, 19], [6, 22, 7, 21], [10, 3, 11, 4]]"
11a_300_195,"[[10, 3, 11, 4], [4, 11, 5, 12], [20, 6, 21, 5], [16, 8, 17, 7], [14, 1, 15, 2], [22, 15, 1, 16], [18, 9, 19, 10], [8, 14, 9, 13], [12, 17, 13, 18], [2, 20, 3, 19], [6, 22, 7, 21]]"
11a_300_196,"[[6, 22, 7, 21], [10, 3, 11, 4], [4, 11, 5, 12], [20, 6, 21, 5], [16, 8, 17, 7], [14, 1, 15, 2], [22, 15, 1, 16], [18, 9, 19, 10], [8, 14, 9, 13], [12, 17, 13, 18], [2, 20, 3, 19]]"
11a_300_197,"[[2, 20, 3, 19], [6, 22, 7, 21], [10, 3, 11, 4], [4, 11, 5, 12], [20, 6, 21, 5], [16, 8, 17, 7], [14, 1, 15, 2], [22, 15, 1, 16], [18, 9, 19, 10], [8, 14, 9, 13], [12, 17, 13, 18]]"
11a_300_198,"[[13, 18, 14, 19], [3, 21, 4, 20], [7, 1, 8, 22], [11, 4, 12, 5], [5, 12, 6, 13], [21, 7, 22, 6], [17, 9, 18, 8], [15, 2, 16, 3], [1, 16, 2, 17], [19, 10, 20, 11], [9, 15, 10, 14]]"
11a_300_199,"[[9, 15, 10, 14], [13, 18, 14, 19], [3, 21, 4, 20], [7, 1, 8, 22], [11, 4, 12, 5], [5, 12, 6, 13], [21, 7, 22, 6], [17, 9, 18, 8], [15, 2, 16, 3], [1, 16, 2, 17], [19, 10, 20, 11]]"
11a_300_200,"[[19, 10, 20, 11], [9, 15, 10, 14], [13, 18, 14, 19], [3, 21, 4, 20], [7, 1, 8, 22], [11, 4, 12, 5], [5, 12, 6, 13], [21, 7, 22, 6], [17, 9, 18, 8], [15, 2, 16, 3], [1, 16, 2, 17]]"
11a_300_201,"[[1, 16, 2, 17], [19, 10, 20, 11], [9, 15, 10, 14], [13, 18, 14, 19], [3, 21, 4, 20], [7, 1, 8, 22], [11, 4, 12, 5], [5, 12, 6, 13], [21, 7, 22, 6], [17, 9, 18, 8], [15, 2, 16, 3]]"
11a_300_202,"[[15, 2, 16, 3], [1, 16, 2, 17], [19, 10, 20, 11], [9, 15, 10, 14], [13, 18, 14, 19], [3, 21, 4, 20], [7, 1, 8, 22], [11, 4, 12, 5], [5, 12, 6, 13], [21, 7, 22, 6], [17, 9, 18, 8]]"
11a_300_203,"[[17, 9, 18, 8], [15, 2, 16, 3], [1, 16, 2, 17], [19, 10, 20, 11], [9, 15, 10, 14], [13, 18, 14, 19], [3, 21, 4, 20], [7, 1, 8, 22], [11, 4, 12, 5], [5, 12, 6, 13], [21, 7, 22, 6]]"
