name,pd_notation
11a_7_0,"[[7, 17, 8, 16], [5, 3, 6, 2], [11, 7, 12, 6], [9, 4, 10, 5], [3, 10, 4, 11], [17, 9, 18, 8], [1, 18, 2, 19], [19, 12, 20, 13], [21, 14, 22, 15], [13, 20, 14, 21], [15, 22, 16, 1]]"
11a_7_1,"[[15, 22, 16, 1], [7, 17, 8, 16], [5, 3, 6, 2], [11, 7, 12, 6], [9, 4, 10, 5], [3, 10, 4, 11], [17, 9, 18, 8], [1, 18, 2, 19], [19, 12, 20, 13], [21, 14, 22, 15], [13, 20, 14, 21]]"
11a_7_2,"[[13, 20, 14, 21], [15, 22, 16, 1], [7, 17, 8, 16], [5, 3, 6, 2], [11, 7, 12, 6], [9, 4, 10, 5], [3, 10, 4, 11], [17, 9, 18, 8], [1, 18, 2, 19], [19, 12, 20, 13], [21, 14, 22, 15]]"
11a_7_3,"[[21, 14, 22, 15], [13, 20, 14, 21], [15, 22, 16, 1], [7, 17, 8, 16], [5, 3, 6, 2], [11, 7, 12, 6], [9, 4, 10, 5], [3, 10, 4, 11], [17, 9, 18, 8], [1, 18, 2, 19], [19, 12, 20, 13]]"
11a_7_4,"[[19, 12, 20, 13], [21, 14, 22, 15], [13, 20, 14, 21], [15, 22, 16, 1], [7, 17, 8, 16], [5, 3, 6, 2], [11, 7, 12, 6], [9, 4, 10, 5], [3, 10, 4, 11], [17, 9, 18, 8], [1, 18, 2, 19]]"
11a_7_5,"[[1, 18, 2, 19], [19, 12, 20, 13], [21, 14, 22, 15], [13, 20, 14, 21], [15, 22, 16, 1], [7, 17, 8, 16], [5, 3, 6, 2], [11, 7, 12, 6], [9, 4, 10, 5], [3, 10, 4, 11], [17, 9, 18, 8]]"
11a_7_6,"[[17, 9, 18, 8], [1, 18, 2, 19], [19, 12, 20, 13], [21, 14, 22, 15], [13, 20, 14, 21], [15, 22, 16, 1], [7, 17, 8, 16], [5, 3, 6, 2], [11, 7, 12, 6], [9, 4, 10, 5], [3, 10, 4, 11]]"
11a_7_7,"[[3, 10, 4, 11], [17, 9, 18, 8], [1, 18, 2, 19], [19, 12, 20, 13], [21, 14, 22, 15], [13, 20, 14, 21], [15, 22, 16, 1], [7, 17, 8, 16], [5, 3, 6, 2], [11, 7, 12, 6], [9, 4, 10, 5]]"
11a_7_8,"[[9, 4, 10, 5], [3, 10, 4, 11], [17, 9, 18, 8], [1, 18, 2, 19], [19, 12, 20, 13], [21, 14, 22, 15], [13, 20, 14, 21], [15, 22, 16, 1], [7, 17, 8, 16], [5, 3, 6, 2], [11, 7, 12, 6]]"
11a_7_9,"[[11, 7, 12, 6], [9, 4, 10, 5], [3, 10, 4, 11], [17, 9, 18, 8], [1, 18, 2, 19], [19, 12, 20, 13], [21, 14, 22, 15], [13, 20, 14, 21], [15, 22, 16, 1], [7, 17, 8, 16], [5, 3, 6, 2]]"
11a_7_10,"[[5, 3, 6, 2], [11, 7, 12, 6], [9, 4, 10, 5], [3, 10, 4, 11], [17, 9, 18, 8], [1, 18, 2, 19], [19, 12, 20, 13], [21, 14, 22, 15], [13, 20, 14, 21], [15, 22, 16, 1], [7, 17, 8, 16]]"
11a_7_11,"[[8, 18, 9, 17], [6, 4, 7, 3], [12, 8, 13, 7], [10, 5, 11, 6], [4, 11, 5, 12], [18, 10, 19, 9], [2, 19, 3, 20], [20, 13, 21, 14], [22, 15, 1, 16], [14, 21, 15, 22], [16, 1, 17, 2]]"
11a_7_12,"[[16, 1, 17, 2], [8, 18, 9, 17], [6, 4, 7, 3], [12, 8, 13, 7], [10, 5, 11, 6], [4, 11, 5, 12], [18, 10, 19, 9], [2, 19, 3, 20], [20, 13, 21, 14], [22, 15, 1, 16], [14, 21, 15, 22]]"
11a_7_13,"[[14, 21, 15, 22], [16, 1, 17, 2], [8, 18, 9, 17], [6, 4, 7, 3], [12, 8, 13, 7], [10, 5, 11, 6], [4, 11, 5, 12], [18, 10, 19, 9], [2, 19, 3, 20], [20, 13, 21, 14], [22, 15, 1, 16]]"
11a_7_14,"[[22, 15, 1, 16], [14, 21, 15, 22], [16, 1, 17, 2], [8, 18, 9, 17], [6, 4, 7, 3], [12, 8, 13, 7], [10, 5, 11, 6], [4, 11, 5, 12], [18, 10, 19, 9], [2, 19, 3, 20], [20, 13, 21, 14]]"
11a_7_15,"[[20, 13, 21, 14], [22, 15, 1, 16], [14, 21, 15, 22], [16, 1, 17, 2], [8, 18, 9, 17], [6, 4, 7, 3], [12, 8, 13, 7], [10, 5, 11, 6], [4, 11, 5, 12], [18, 10, 19, 9], [2, 19, 3, 20]]"
11a_7_16,"[[2, 19, 3, 20], [20, 13, 21, 14], [22, 15, 1, 16], [14, 21, 15, 22], [16, 1, 17, 2], [8, 18, 9, 17], [6, 4, 7, 3], [12, 8, 13, 7], [10, 5, 11, 6], [4, 11, 5, 12], [18, 10, 19, 9]]"
11a_7_17,"[[18, 10, 19, 9], [2, 19, 3, 20], [20, 13, 21, 14], [22, 15, 1, 16], [14, 21, 15, 22], [16, 1, 17, 2], [8, 18, 9, 17], [6, 4, 7, 3], [12, 8, 13, 7], [10, 5, 11, 6], [4, 11, 5, 12]]"
11a_7_18,"[[4, 11, 5, 12], [18, 10, 19, 9], [2, 19, 3, 20], [20, 13, 21, 14], [22, 15, 1, 16], [14, 21, 15, 22], [16, 1, 17, 2], [8, 18, 9, 17], [6, 4, 7, 3], [12, 8, 13, 7], [10, 5, 11, 6]]"
11a_7_19,"[[10, 5, 11, 6], [4, 11, 5, 12], [18, 10, 19, 9], [2, 19, 3, 20], [20, 13, 21, 14], [22, 15, 1, 16], [14, 21, 15, 22], [16, 1, 17, 2], [8, 18, 9, 17], [6, 4, 7, 3], [12, 8, 13, 7]]"
11a_7_20,"[[12, 8, 13, 7], [10, 5, 11, 6], [4, 11, 5, 12], [18, 10, 19, 9], [2, 19, 3, 20], [20, 13, 21, 14], [22, 15, 1, 16], [14, 21, 15, 22], [16, 1, 17, 2], [8, 18, 9, 17], [6, 4, 7, 3]]"
11a_7_21,"[[6, 4, 7, 3], [12, 8, 13, 7], [10, 5, 11, 6], [4, 11, 5, 12], [18, 10, 19, 9], [2, 19, 3, 20], [20, 13, 21, 14], [22, 15, 1, 16], [14, 21, 15, 22], [16, 1, 17, 2], [8, 18, 9, 17]]"
11a_7_22,"[[9, 19, 10, 18], [7, 5, 8, 4], [13, 9, 14, 8], [11, 6, 12, 7], [5, 12, 6, 13], [19, 11, 20, 10], [3, 20, 4, 21], [21, 14, 22, 15], [1, 16, 2, 17], [15, 22, 16, 1], [17, 2, 18, 3]]"
11a_7_23,"[[17, 2, 18, 3], [9, 19, 10, 18], [7, 5, 8, 4], [13, 9, 14, 8], [11, 6, 12, 7], [5, 12, 6, 13], [19, 11, 20, 10], [3, 20, 4, 21], [21, 14, 22, 15], [1, 16, 2, 17], [15, 22, 16, 1]]"
11a_7_24,"[[15, 22, 16, 1], [17, 2, 18, 3], [9, 19, 10, 18], [7, 5, 8, 4], [13, 9, 14, 8], [11, 6, 12, 7], [5, 12, 6, 13], [19, 11, 20, 10], [3, 20, 4, 21], [21, 14, 22, 15], [1, 16, 2, 17]]"
11a_7_25,"[[1, 16, 2, 17], [15, 22, 16, 1], [17, 2, 18, 3], [9, 19, 10, 18], [7, 5, 8, 4], [13, 9, 14, 8], [11, 6, 12, 7], [5, 12, 6, 13], [19, 11, 20, 10], [3, 20, 4, 21], [21, 14, 22, 15]]"
11a_7_26,"[[21, 14, 22, 15], [1, 16, 2, 17], [15, 22, 16, 1], [17, 2, 18, 3], [9, 19, 10, 18], [7, 5, 8, 4], [13, 9, 14, 8], [11, 6, 12, 7], [5, 12, 6, 13], [19, 11, 20, 10], [3, 20, 4, 21]]"
11a_7_27,"[[3, 20, 4, 21], [21, 14, 22, 15], [1, 16, 2, 17], [15, 22, 16, 1], [17, 2, 18, 3], [9, 19, 10, 18], [7, 5, 8, 4], [13, 9, 14, 8], [11, 6, 12, 7], [5, 12, 6, 13], [19, 11, 20, 10]]"
11a_7_28,"[[19, 11, 20, 10], [3, 20, 4, 21], [21, 14, 22, 15], [1, 16, 2, 17], [15, 22, 16, 1], [17, 2, 18, 3], [9, 19, 10, 18], [7, 5, 8, 4], [13, 9, 14, 8], [11, 6, 12, 7], [5, 12, 6, 13]]"
11a_7_29,"[[5, 12, 6, 13], [19, 11, 20, 10], [3, 20, 4, 21], [21, 14, 22, 15], [1, 16, 2, 17], [15, 22, 16, 1], [17, 2, 18, 3], [9, 19, 10, 18], [7, 5, 8, 4], [13, 9, 14, 8], [11, 6, 12, 7]]"
11a_7_30,"[[11, 6, 12, 7], [5, 12, 6, 13], [19, 11, 20, 10], [3, 20, 4, 21], [21, 14, 22, 15], [1, 16, 2, 17], [15, 22, 16, 1], [17, 2, 18, 3], [9, 19, 10, 18], [7, 5, 8, 4], [13, 9, 14, 8]]"
11a_7_31,"[[13, 9, 14, 8], [11, 6, 12, 7], [5, 12, 6, 13], [19, 11, 20, 10], [3, 20, 4, 21], [21, 14, 22, 15], [1, 16, 2, 17], [15, 22, 16, 1], [17, 2, 18, 3], [9, 19, 10, 18], [7, 5, 8, 4]]"
11a_7_32,"[[7, 5, 8, 4], [13, 9, 14, 8], [11, 6, 12, 7], [5, 12, 6, 13], [19, 11, 20, 10], [3, 20, 4, 21], [21, 14, 22, 15], [1, 16, 2, 17], [15, 22, 16, 1], [17, 2, 18, 3], [9, 19, 10, 18]]"
11a_7_33,"[[10, 20, 11, 19], [8, 6, 9, 5], [14, 10, 15, 9], [12, 7, 13, 8], [6, 13, 7, 14], [20, 12, 21, 11], [4, 21, 5, 22], [22, 15, 1, 16], [2, 17, 3, 18], [16, 1, 17, 2], [18, 3, 19, 4]]"
11a_7_34,"[[18, 3, 19, 4], [10, 20, 11, 19], [8, 6, 9, 5], [14, 10, 15, 9], [12, 7, 13, 8], [6, 13, 7, 14], [20, 12, 21, 11], [4, 21, 5, 22], [22, 15, 1, 16], [2, 17, 3, 18], [16, 1, 17, 2]]"
11a_7_35,"[[16, 1, 17, 2], [18, 3, 19, 4], [10, 20, 11, 19], [8, 6, 9, 5], [14, 10, 15, 9], [12, 7, 13, 8], [6, 13, 7, 14], [20, 12, 21, 11], [4, 21, 5, 22], [22, 15, 1, 16], [2, 17, 3, 18]]"
11a_7_36,"[[2, 17, 3, 18], [16, 1, 17, 2], [18, 3, 19, 4], [10, 20, 11, 19], [8, 6, 9, 5], [14, 10, 15, 9], [12, 7, 13, 8], [6, 13, 7, 14], [20, 12, 21, 11], [4, 21, 5, 22], [22, 15, 1, 16]]"
11a_7_37,"[[22, 15, 1, 16], [2, 17, 3, 18], [16, 1, 17, 2], [18, 3, 19, 4], [10, 20, 11, 19], [8, 6, 9, 5], [14, 10, 15, 9], [12, 7, 13, 8], [6, 13, 7, 14], [20, 12, 21, 11], [4, 21, 5, 22]]"
11a_7_38,"[[4, 21, 5, 22], [22, 15, 1, 16], [2, 17, 3, 18], [16, 1, 17, 2], [18, 3, 19, 4], [10, 20, 11, 19], [8, 6, 9, 5], [14, 10, 15, 9], [12, 7, 13, 8], [6, 13, 7, 14], [20, 12, 21, 11]]"
11a_7_39,"[[20, 12, 21, 11], [4, 21, 5, 22], [22, 15, 1, 16], [2, 17, 3, 18], [16, 1, 17, 2], [18, 3, 19, 4], [10, 20, 11, 19], [8, 6, 9, 5], [14, 10, 15, 9], [12, 7, 13, 8], [6, 13, 7, 14]]"
11a_7_40,"[[6, 13, 7, 14], [20, 12, 21, 11], [4, 21, 5, 22], [22, 15, 1, 16], [2, 17, 3, 18], [16, 1, 17, 2], [18, 3, 19, 4], [10, 20, 11, 19], [8, 6, 9, 5], [14, 10, 15, 9], [12, 7, 13, 8]]"
11a_7_41,"[[12, 7, 13, 8], [6, 13, 7, 14], [20, 12, 21, 11], [4, 21, 5, 22], [22, 15, 1, 16], [2, 17, 3, 18], [16, 1, 17, 2], [18, 3, 19, 4], [10, 20, 11, 19], [8, 6, 9, 5], [14, 10, 15, 9]]"
11a_7_42,"[[14, 10, 15, 9], [12, 7, 13, 8], [6, 13, 7, 14], [20, 12, 21, 11], [4, 21, 5, 22], [22, 15, 1, 16], [2, 17, 3, 18], [16, 1, 17, 2], [18, 3, 19, 4], [10, 20, 11, 19], [8, 6, 9, 5]]"
11a_7_43,"[[8, 6, 9, 5], [14, 10, 15, 9], [12, 7, 13, 8], [6, 13, 7, 14], [20, 12, 21, 11], [4, 21, 5, 22], [22, 15, 1, 16], [2, 17, 3, 18], [16, 1, 17, 2], [18, 3, 19, 4], [10, 20, 11, 19]]"
11a_7_44,"[[11, 21, 12, 20], [9, 7, 10, 6], [15, 11, 16, 10], [13, 8, 14, 9], [7, 14, 8, 15], [21, 13, 22, 12], [5, 22, 6, 1], [1, 16, 2, 17], [3, 18, 4, 19], [17, 2, 18, 3], [19, 4, 20, 5]]"
11a_7_45,"[[19, 4, 20, 5], [11, 21, 12, 20], [9, 7, 10, 6], [15, 11, 16, 10], [13, 8, 14, 9], [7, 14, 8, 15], [21, 13, 22, 12], [5, 22, 6, 1], [1, 16, 2, 17], [3, 18, 4, 19], [17, 2, 18, 3]]"
11a_7_46,"[[17, 2, 18, 3], [19, 4, 20, 5], [11, 21, 12, 20], [9, 7, 10, 6], [15, 11, 16, 10], [13, 8, 14, 9], [7, 14, 8, 15], [21, 13, 22, 12], [5, 22, 6, 1], [1, 16, 2, 17], [3, 18, 4, 19]]"
11a_7_47,"[[3, 18, 4, 19], [17, 2, 18, 3], [19, 4, 20, 5], [11, 21, 12, 20], [9, 7, 10, 6], [15, 11, 16, 10], [13, 8, 14, 9], [7, 14, 8, 15], [21, 13, 22, 12], [5, 22, 6, 1], [1, 16, 2, 17]]"
11a_7_48,"[[1, 16, 2, 17], [3, 18, 4, 19], [17, 2, 18, 3], [19, 4, 20, 5], [11, 21, 12, 20], [9, 7, 10, 6], [15, 11, 16, 10], [13, 8, 14, 9], [7, 14, 8, 15], [21, 13, 22, 12], [5, 22, 6, 1]]"
11a_7_49,"[[5, 22, 6, 1], [1, 16, 2, 17], [3, 18, 4, 19], [17, 2, 18, 3], [19, 4, 20, 5], [11, 21, 12, 20], [9, 7, 10, 6], [15, 11, 16, 10], [13, 8, 14, 9], [7, 14, 8, 15], [21, 13, 22, 12]]"
11a_7_50,"[[21, 13, 22, 12], [5, 22, 6, 1], [1, 16, 2, 17], [3, 18, 4, 19], [17, 2, 18, 3], [19, 4, 20, 5], [11, 21, 12, 20], [9, 7, 10, 6], [15, 11, 16, 10], [13, 8, 14, 9], [7, 14, 8, 15]]"
11a_7_51,"[[7, 14, 8, 15], [21, 13, 22, 12], [5, 22, 6, 1], [1, 16, 2, 17], [3, 18, 4, 19], [17, 2, 18, 3], [19, 4, 20, 5], [11, 21, 12, 20], [9, 7, 10, 6], [15, 11, 16, 10], [13, 8, 14, 9]]"
11a_7_52,"[[13, 8, 14, 9], [7, 14, 8, 15], [21, 13, 22, 12], [5, 22, 6, 1], [1, 16, 2, 17], [3, 18, 4, 19], [17, 2, 18, 3], [19, 4, 20, 5], [11, 21, 12, 20], [9, 7, 10, 6], [15, 11, 16, 10]]"
11a_7_53,"[[15, 11, 16, 10], [13, 8, 14, 9], [7, 14, 8, 15], [21, 13, 22, 12], [5, 22, 6, 1], [1, 16, 2, 17], [3, 18, 4, 19], [17, 2, 18, 3], [19, 4, 20, 5], [11, 21, 12, 20], [9, 7, 10, 6]]"
11a_7_54,"[[9, 7, 10, 6], [15, 11, 16, 10], [13, 8, 14, 9], [7, 14, 8, 15], [21, 13, 22, 12], [5, 22, 6, 1], [1, 16, 2, 17], [3, 18, 4, 19], [17, 2, 18, 3], [19, 4, 20, 5], [11, 21, 12, 20]]"
11a_7_55,"[[12, 22, 13, 21], [10, 8, 11, 7], [16, 12, 17, 11], [14, 9, 15, 10], [8, 15, 9, 16], [22, 14, 1, 13], [6, 1, 7, 2], [2, 17, 3, 18], [4, 19, 5, 20], [18, 3, 19, 4], [20, 5, 21, 6]]"
11a_7_56,"[[20, 5, 21, 6], [12, 22, 13, 21], [10, 8, 11, 7], [16, 12, 17, 11], [14, 9, 15, 10], [8, 15, 9, 16], [22, 14, 1, 13], [6, 1, 7, 2], [2, 17, 3, 18], [4, 19, 5, 20], [18, 3, 19, 4]]"
11a_7_57,"[[18, 3, 19, 4], [20, 5, 21, 6], [12, 22, 13, 21], [10, 8, 11, 7], [16, 12, 17, 11], [14, 9, 15, 10], [8, 15, 9, 16], [22, 14, 1, 13], [6, 1, 7, 2], [2, 17, 3, 18], [4, 19, 5, 20]]"
11a_7_58,"[[4, 19, 5, 20], [18, 3, 19, 4], [20, 5, 21, 6], [12, 22, 13, 21], [10, 8, 11, 7], [16, 12, 17, 11], [14, 9, 15, 10], [8, 15, 9, 16], [22, 14, 1, 13], [6, 1, 7, 2], [2, 17, 3, 18]]"
11a_7_59,"[[2, 17, 3, 18], [4, 19, 5, 20], [18, 3, 19, 4], [20, 5, 21, 6], [12, 22, 13, 21], [10, 8, 11, 7], [16, 12, 17, 11], [14, 9, 15, 10], [8, 15, 9, 16], [22, 14, 1, 13], [6, 1, 7, 2]]"
11a_7_60,"[[6, 1, 7, 2], [2, 17, 3, 18], [4, 19, 5, 20], [18, 3, 19, 4], [20, 5, 21, 6], [12, 22, 13, 21], [10, 8, 11, 7], [16, 12, 17, 11], [14, 9, 15, 10], [8, 15, 9, 16], [22, 14, 1, 13]]"
11a_7_61,"[[22, 14, 1, 13], [6, 1, 7, 2], [2, 17, 3, 18], [4, 19, 5, 20], [18, 3, 19, 4], [20, 5, 21, 6], [12, 22, 13, 21], [10, 8, 11, 7], [16, 12, 17, 11], [14, 9, 15, 10], [8, 15, 9, 16]]"
11a_7_62,"[[8, 15, 9, 16], [22, 14, 1, 13], [6, 1, 7, 2], [2, 17, 3, 18], [4, 19, 5, 20], [18, 3, 19, 4], [20, 5, 21, 6], [12, 22, 13, 21], [10, 8, 11, 7], [16, 12, 17, 11], [14, 9, 15, 10]]"
11a_7_63,"[[14, 9, 15, 10], [8, 15, 9, 16], [22, 14, 1, 13], [6, 1, 7, 2], [2, 17, 3, 18], [4, 19, 5, 20], [18, 3, 19, 4], [20, 5, 21, 6], [12, 22, 13, 21], [10, 8, 11, 7], [16, 12, 17, 11]]"
11a_7_64,"[[16, 12, 17, 11], [14, 9, 15, 10], [8, 15, 9, 16], [22, 14, 1, 13], [6, 1, 7, 2], [2, 17, 3, 18], [4, 19, 5, 20], [18, 3, 19, 4], [20, 5, 21, 6], [12, 22, 13, 21], [10, 8, 11, 7]]"
11a_7_65,"[[10, 8, 11, 7], [16, 12, 17, 11], [14, 9, 15, 10], [8, 15, 9, 16], [22, 14, 1, 13], [6, 1, 7, 2], [2, 17, 3, 18], [4, 19, 5, 20], [18, 3, 19, 4], [20, 5, 21, 6], [12, 22, 13, 21]]"
11a_7_66,"[[13, 1, 14, 22], [11, 9, 12, 8], [17, 13, 18, 12], [15, 10, 16, 11], [9, 16, 10, 17], [1, 15, 2, 14], [7, 2, 8, 3], [3, 18, 4, 19], [5, 20, 6, 21], [19, 4, 20, 5], [21, 6, 22, 7]]"
11a_7_67,"[[21, 6, 22, 7], [13, 1, 14, 22], [11, 9, 12, 8], [17, 13, 18, 12], [15, 10, 16, 11], [9, 16, 10, 17], [1, 15, 2, 14], [7, 2, 8, 3], [3, 18, 4, 19], [5, 20, 6, 21], [19, 4, 20, 5]]"
11a_7_68,"[[19, 4, 20, 5], [21, 6, 22, 7], [13, 1, 14, 22], [11, 9, 12, 8], [17, 13, 18, 12], [15, 10, 16, 11], [9, 16, 10, 17], [1, 15, 2, 14], [7, 2, 8, 3], [3, 18, 4, 19], [5, 20, 6, 21]]"
11a_7_69,"[[5, 20, 6, 21], [19, 4, 20, 5], [21, 6, 22, 7], [13, 1, 14, 22], [11, 9, 12, 8], [17, 13, 18, 12], [15, 10, 16, 11], [9, 16, 10, 17], [1, 15, 2, 14], [7, 2, 8, 3], [3, 18, 4, 19]]"
11a_7_70,"[[3, 18, 4, 19], [5, 20, 6, 21], [19, 4, 20, 5], [21, 6, 22, 7], [13, 1, 14, 22], [11, 9, 12, 8], [17, 13, 18, 12], [15, 10, 16, 11], [9, 16, 10, 17], [1, 15, 2, 14], [7, 2, 8, 3]]"
11a_7_71,"[[7, 2, 8, 3], [3, 18, 4, 19], [5, 20, 6, 21], [19, 4, 20, 5], [21, 6, 22, 7], [13, 1, 14, 22], [11, 9, 12, 8], [17, 13, 18, 12], [15, 10, 16, 11], [9, 16, 10, 17], [1, 15, 2, 14]]"
11a_7_72,"[[1, 15, 2, 14], [7, 2, 8, 3], [3, 18, 4, 19], [5, 20, 6, 21], [19, 4, 20, 5], [21, 6, 22, 7], [13, 1, 14, 22], [11, 9, 12, 8], [17, 13, 18, 12], [15, 10, 16, 11], [9, 16, 10, 17]]"
11a_7_73,"[[9, 16, 10, 17], [1, 15, 2, 14], [7, 2, 8, 3], [3, 18, 4, 19], [5, 20, 6, 21], [19, 4, 20, 5], [21, 6, 22, 7], [13, 1, 14, 22], [11, 9, 12, 8], [17, 13, 18, 12], [15, 10, 16, 11]]"
11a_7_74,"[[15, 10, 16, 11], [9, 16, 10, 17], [1, 15, 2, 14], [7, 2, 8, 3], [3, 18, 4, 19], [5, 20, 6, 21], [19, 4, 20, 5], [21, 6, 22, 7], [13, 1, 14, 22], [11, 9, 12, 8], [17, 13, 18, 12]]"
11a_7_75,"[[17, 13, 18, 12], [15, 10, 16, 11], [9, 16, 10, 17], [1, 15, 2, 14], [7, 2, 8, 3], [3, 18, 4, 19], [5, 20, 6, 21], [19, 4, 20, 5], [21, 6, 22, 7], [13, 1, 14, 22], [11, 9, 12, 8]]"
11a_7_76,"[[11, 9, 12, 8], [17, 13, 18, 12], [15, 10, 16, 11], [9, 16, 10, 17], [1, 15, 2, 14], [7, 2, 8, 3], [3, 18, 4, 19], [5, 20, 6, 21], [19, 4, 20, 5], [21, 6, 22, 7], [13, 1, 14, 22]]"
11a_7_77,"[[14, 2, 15, 1], [12, 10, 13, 9], [18, 14, 19, 13], [16, 11, 17, 12], [10, 17, 11, 18], [2, 16, 3, 15], [8, 3, 9, 4], [4, 19, 5, 20], [6, 21, 7, 22], [20, 5, 21, 6], [22, 7, 1, 8]]"
11a_7_78,"[[22, 7, 1, 8], [14, 2, 15, 1], [12, 10, 13, 9], [18, 14, 19, 13], [16, 11, 17, 12], [10, 17, 11, 18], [2, 16, 3, 15], [8, 3, 9, 4], [4, 19, 5, 20], [6, 21, 7, 22], [20, 5, 21, 6]]"
11a_7_79,"[[20, 5, 21, 6], [22, 7, 1, 8], [14, 2, 15, 1], [12, 10, 13, 9], [18, 14, 19, 13], [16, 11, 17, 12], [10, 17, 11, 18], [2, 16, 3, 15], [8, 3, 9, 4], [4, 19, 5, 20], [6, 21, 7, 22]]"
11a_7_80,"[[6, 21, 7, 22], [20, 5, 21, 6], [22, 7, 1, 8], [14, 2, 15, 1], [12, 10, 13, 9], [18, 14, 19, 13], [16, 11, 17, 12], [10, 17, 11, 18], [2, 16, 3, 15], [8, 3, 9, 4], [4, 19, 5, 20]]"
11a_7_81,"[[4, 19, 5, 20], [6, 21, 7, 22], [20, 5, 21, 6], [22, 7, 1, 8], [14, 2, 15, 1], [12, 10, 13, 9], [18, 14, 19, 13], [16, 11, 17, 12], [10, 17, 11, 18], [2, 16, 3, 15], [8, 3, 9, 4]]"
11a_7_82,"[[8, 3, 9, 4], [4, 19, 5, 20], [6, 21, 7, 22], [20, 5, 21, 6], [22, 7, 1, 8], [14, 2, 15, 1], [12, 10, 13, 9], [18, 14, 19, 13], [16, 11, 17, 12], [10, 17, 11, 18], [2, 16, 3, 15]]"
11a_7_83,"[[2, 16, 3, 15], [8, 3, 9, 4], [4, 19, 5, 20], [6, 21, 7, 22], [20, 5, 21, 6], [22, 7, 1, 8], [14, 2, 15, 1], [12, 10, 13, 9], [18, 14, 19, 13], [16, 11, 17, 12], [10, 17, 11, 18]]"
11a_7_84,"[[10, 17, 11, 18], [2, 16, 3, 15], [8, 3, 9, 4], [4, 19, 5, 20], [6, 21, 7, 22], [20, 5, 21, 6], [22, 7, 1, 8], [14, 2, 15, 1], [12, 10, 13, 9], [18, 14, 19, 13], [16, 11, 17, 12]]"
11a_7_85,"[[16, 11, 17, 12], [10, 17, 11, 18], [2, 16, 3, 15], [8, 3, 9, 4], [4, 19, 5, 20], [6, 21, 7, 22], [20, 5, 21, 6], [22, 7, 1, 8], [14, 2, 15, 1], [12, 10, 13, 9], [18, 14, 19, 13]]"
11a_7_86,"[[18, 14, 19, 13], [16, 11, 17, 12], [10, 17, 11, 18], [2, 16, 3, 15], [8, 3, 9, 4], [4, 19, 5, 20], [6, 21, 7, 22], [20, 5, 21, 6], [22, 7, 1, 8], [14, 2, 15, 1], [12, 10, 13, 9]]"
11a_7_87,"[[12, 10, 13, 9], [18, 14, 19, 13], [16, 11, 17, 12], [10, 17, 11, 18], [2, 16, 3, 15], [8, 3, 9, 4], [4, 19, 5, 20], [6, 21, 7, 22], [20, 5, 21, 6], [22, 7, 1, 8], [14, 2, 15, 1]]"
11a_7_88,"[[15, 3, 16, 2], [13, 11, 14, 10], [19, 15, 20, 14], [17, 12, 18, 13], [11, 18, 12, 19], [3, 17, 4, 16], [9, 4, 10, 5], [5, 20, 6, 21], [7, 22, 8, 1], [21, 6, 22, 7], [1, 8, 2, 9]]"
11a_7_89,"[[1, 8, 2, 9], [15, 3, 16, 2], [13, 11, 14, 10], [19, 15, 20, 14], [17, 12, 18, 13], [11, 18, 12, 19], [3, 17, 4, 16], [9, 4, 10, 5], [5, 20, 6, 21], [7, 22, 8, 1], [21, 6, 22, 7]]"
11a_7_90,"[[21, 6, 22, 7], [1, 8, 2, 9], [15, 3, 16, 2], [13, 11, 14, 10], [19, 15, 20, 14], [17, 12, 18, 13], [11, 18, 12, 19], [3, 17, 4, 16], [9, 4, 10, 5], [5, 20, 6, 21], [7, 22, 8, 1]]"
11a_7_91,"[[7, 22, 8, 1], [21, 6, 22, 7], [1, 8, 2, 9], [15, 3, 16, 2], [13, 11, 14, 10], [19, 15, 20, 14], [17, 12, 18, 13], [11, 18, 12, 19], [3, 17, 4, 16], [9, 4, 10, 5], [5, 20, 6, 21]]"
11a_7_92,"[[5, 20, 6, 21], [7, 22, 8, 1], [21, 6, 22, 7], [1, 8, 2, 9], [15, 3, 16, 2], [13, 11, 14, 10], [19, 15, 20, 14], [17, 12, 18, 13], [11, 18, 12, 19], [3, 17, 4, 16], [9, 4, 10, 5]]"
11a_7_93,"[[9, 4, 10, 5], [5, 20, 6, 21], [7, 22, 8, 1], [21, 6, 22, 7], [1, 8, 2, 9], [15, 3, 16, 2], [13, 11, 14, 10], [19, 15, 20, 14], [17, 12, 18, 13], [11, 18, 12, 19], [3, 17, 4, 16]]"
11a_7_94,"[[3, 17, 4, 16], [9, 4, 10, 5], [5, 20, 6, 21], [7, 22, 8, 1], [21, 6, 22, 7], [1, 8, 2, 9], [15, 3, 16, 2], [13, 11, 14, 10], [19, 15, 20, 14], [17, 12, 18, 13], [11, 18, 12, 19]]"
11a_7_95,"[[11, 18, 12, 19], [3, 17, 4, 16], [9, 4, 10, 5], [5, 20, 6, 21], [7, 22, 8, 1], [21, 6, 22, 7], [1, 8, 2, 9], [15, 3, 16, 2], [13, 11, 14, 10], [19, 15, 20, 14], [17, 12, 18, 13]]"
11a_7_96,"[[17, 12, 18, 13], [11, 18, 12, 19], [3, 17, 4, 16], [9, 4, 10, 5], [5, 20, 6, 21], [7, 22, 8, 1], [21, 6, 22, 7], [1, 8, 2, 9], [15, 3, 16, 2], [13, 11, 14, 10], [19, 15, 20, 14]]"
11a_7_97,"[[19, 15, 20, 14], [17, 12, 18, 13], [11, 18, 12, 19], [3, 17, 4, 16], [9, 4, 10, 5], [5, 20, 6, 21], [7, 22, 8, 1], [21, 6, 22, 7], [1, 8, 2, 9], [15, 3, 16, 2], [13, 11, 14, 10]]"
11a_7_98,"[[13, 11, 14, 10], [19, 15, 20, 14], [17, 12, 18, 13], [11, 18, 12, 19], [3, 17, 4, 16], [9, 4, 10, 5], [5, 20, 6, 21], [7, 22, 8, 1], [21, 6, 22, 7], [1, 8, 2, 9], [15, 3, 16, 2]]"
11a_7_99,"[[16, 4, 17, 3], [14, 12, 15, 11], [20, 16, 21, 15], [18, 13, 19, 14], [12, 19, 13, 20], [4, 18, 5, 17], [10, 5, 11, 6], [6, 21, 7, 22], [8, 1, 9, 2], [22, 7, 1, 8], [2, 9, 3, 10]]"
11a_7_100,"[[2, 9, 3, 10], [16, 4, 17, 3], [14, 12, 15, 11], [20, 16, 21, 15], [18, 13, 19, 14], [12, 19, 13, 20], [4, 18, 5, 17], [10, 5, 11, 6], [6, 21, 7, 22], [8, 1, 9, 2], [22, 7, 1, 8]]"
11a_7_101,"[[22, 7, 1, 8], [2, 9, 3, 10], [16, 4, 17, 3], [14, 12, 15, 11], [20, 16, 21, 15], [18, 13, 19, 14], [12, 19, 13, 20], [4, 18, 5, 17], [10, 5, 11, 6], [6, 21, 7, 22], [8, 1, 9, 2]]"
11a_7_102,"[[8, 1, 9, 2], [22, 7, 1, 8], [2, 9, 3, 10], [16, 4, 17, 3], [14, 12, 15, 11], [20, 16, 21, 15], [18, 13, 19, 14], [12, 19, 13, 20], [4, 18, 5, 17], [10, 5, 11, 6], [6, 21, 7, 22]]"
11a_7_103,"[[6, 21, 7, 22], [8, 1, 9, 2], [22, 7, 1, 8], [2, 9, 3, 10], [16, 4, 17, 3], [14, 12, 15, 11], [20, 16, 21, 15], [18, 13, 19, 14], [12, 19, 13, 20], [4, 18, 5, 17], [10, 5, 11, 6]]"
11a_7_104,"[[10, 5, 11, 6], [6, 21, 7, 22], [8, 1, 9, 2], [22, 7, 1, 8], [2, 9, 3, 10], [16, 4, 17, 3], [14, 12, 15, 11], [20, 16, 21, 15], [18, 13, 19, 14], [12, 19, 13, 20], [4, 18, 5, 17]]"
11a_7_105,"[[4, 18, 5, 17], [10, 5, 11, 6], [6, 21, 7, 22], [8, 1, 9, 2], [22, 7, 1, 8], [2, 9, 3, 10], [16, 4, 17, 3], [14, 12, 15, 11], [20, 16, 21, 15], [18, 13, 19, 14], [12, 19, 13, 20]]"
11a_7_106,"[[12, 19, 13, 20], [4, 18, 5, 17], [10, 5, 11, 6], [6, 21, 7, 22], [8, 1, 9, 2], [22, 7, 1, 8], [2, 9, 3, 10], [16, 4, 17, 3], [14, 12, 15, 11], [20, 16, 21, 15], [18, 13, 19, 14]]"
11a_7_107,"[[18, 13, 19, 14], [12, 19, 13, 20], [4, 18, 5, 17], [10, 5, 11, 6], [6, 21, 7, 22], [8, 1, 9, 2], [22, 7, 1, 8], [2, 9, 3, 10], [16, 4, 17, 3], [14, 12, 15, 11], [20, 16, 21, 15]]"
11a_7_108,"[[20, 16, 21, 15], [18, 13, 19, 14], [12, 19, 13, 20], [4, 18, 5, 17], [10, 5, 11, 6], [6, 21, 7, 22], [8, 1, 9, 2], [22, 7, 1, 8], [2, 9, 3, 10], [16, 4, 17, 3], [14, 12, 15, 11]]"
11a_7_109,"[[14, 12, 15, 11], [20, 16, 21, 15], [18, 13, 19, 14], [12, 19, 13, 20], [4, 18, 5, 17], [10, 5, 11, 6], [6, 21, 7, 22], [8, 1, 9, 2], [22, 7, 1, 8], [2, 9, 3, 10], [16, 4, 17, 3]]"
11a_7_110,"[[17, 5, 18, 4], [15, 13, 16, 12], [21, 17, 22, 16], [19, 14, 20, 15], [13, 20, 14, 21], [5, 19, 6, 18], [11, 6, 12, 7], [7, 22, 8, 1], [9, 2, 10, 3], [1, 8, 2, 9], [3, 10, 4, 11]]"
11a_7_111,"[[3, 10, 4, 11], [17, 5, 18, 4], [15, 13, 16, 12], [21, 17, 22, 16], [19, 14, 20, 15], [13, 20, 14, 21], [5, 19, 6, 18], [11, 6, 12, 7], [7, 22, 8, 1], [9, 2, 10, 3], [1, 8, 2, 9]]"
11a_7_112,"[[1, 8, 2, 9], [3, 10, 4, 11], [17, 5, 18, 4], [15, 13, 16, 12], [21, 17, 22, 16], [19, 14, 20, 15], [13, 20, 14, 21], [5, 19, 6, 18], [11, 6, 12, 7], [7, 22, 8, 1], [9, 2, 10, 3]]"
11a_7_113,"[[9, 2, 10, 3], [1, 8, 2, 9], [3, 10, 4, 11], [17, 5, 18, 4], [15, 13, 16, 12], [21, 17, 22, 16], [19, 14, 20, 15], [13, 20, 14, 21], [5, 19, 6, 18], [11, 6, 12, 7], [7, 22, 8, 1]]"
11a_7_114,"[[7, 22, 8, 1], [9, 2, 10, 3], [1, 8, 2, 9], [3, 10, 4, 11], [17, 5, 18, 4], [15, 13, 16, 12], [21, 17, 22, 16], [19, 14, 20, 15], [13, 20, 14, 21], [5, 19, 6, 18], [11, 6, 12, 7]]"
11a_7_115,"[[11, 6, 12, 7], [7, 22, 8, 1], [9, 2, 10, 3], [1, 8, 2, 9], [3, 10, 4, 11], [17, 5, 18, 4], [15, 13, 16, 12], [21, 17, 22, 16], [19, 14, 20, 15], [13, 20, 14, 21], [5, 19, 6, 18]]"
11a_7_116,"[[5, 19, 6, 18], [11, 6, 12, 7], [7, 22, 8, 1], [9, 2, 10, 3], [1, 8, 2, 9], [3, 10, 4, 11], [17, 5, 18, 4], [15, 13, 16, 12], [21, 17, 22, 16], [19, 14, 20, 15], [13, 20, 14, 21]]"
11a_7_117,"[[13, 20, 14, 21], [5, 19, 6, 18], [11, 6, 12, 7], [7, 22, 8, 1], [9, 2, 10, 3], [1, 8, 2, 9], [3, 10, 4, 11], [17, 5, 18, 4], [15, 13, 16, 12], [21, 17, 22, 16], [19, 14, 20, 15]]"
11a_7_118,"[[19, 14, 20, 15], [13, 20, 14, 21], [5, 19, 6, 18], [11, 6, 12, 7], [7, 22, 8, 1], [9, 2, 10, 3], [1, 8, 2, 9], [3, 10, 4, 11], [17, 5, 18, 4], [15, 13, 16, 12], [21, 17, 22, 16]]"
11a_7_119,"[[21, 17, 22, 16], [19, 14, 20, 15], [13, 20, 14, 21], [5, 19, 6, 18], [11, 6, 12, 7], [7, 22, 8, 1], [9, 2, 10, 3], [1, 8, 2, 9], [3, 10, 4, 11], [17, 5, 18, 4], [15, 13, 16, 12]]"
11a_7_120,"[[15, 13, 16, 12], [21, 17, 22, 16], [19, 14, 20, 15], [13, 20, 14, 21], [5, 19, 6, 18], [11, 6, 12, 7], [7, 22, 8, 1], [9, 2, 10, 3], [1, 8, 2, 9], [3, 10, 4, 11], [17, 5, 18, 4]]"
11a_7_121,"[[18, 6, 19, 5], [16, 14, 17, 13], [22, 18, 1, 17], [20, 15, 21, 16], [14, 21, 15, 22], [6, 20, 7, 19], [12, 7, 13, 8], [8, 1, 9, 2], [10, 3, 11, 4], [2, 9, 3, 10], [4, 11, 5, 12]]"
11a_7_122,"[[4, 11, 5, 12], [18, 6, 19, 5], [16, 14, 17, 13], [22, 18, 1, 17], [20, 15, 21, 16], [14, 21, 15, 22], [6, 20, 7, 19], [12, 7, 13, 8], [8, 1, 9, 2], [10, 3, 11, 4], [2, 9, 3, 10]]"
11a_7_123,"[[2, 9, 3, 10], [4, 11, 5, 12], [18, 6, 19, 5], [16, 14, 17, 13], [22, 18, 1, 17], [20, 15, 21, 16], [14, 21, 15, 22], [6, 20, 7, 19], [12, 7, 13, 8], [8, 1, 9, 2], [10, 3, 11, 4]]"
11a_7_124,"[[10, 3, 11, 4], [2, 9, 3, 10], [4, 11, 5, 12], [18, 6, 19, 5], [16, 14, 17, 13], [22, 18, 1, 17], [20, 15, 21, 16], [14, 21, 15, 22], [6, 20, 7, 19], [12, 7, 13, 8], [8, 1, 9, 2]]"
11a_7_125,"[[8, 1, 9, 2], [10, 3, 11, 4], [2, 9, 3, 10], [4, 11, 5, 12], [18, 6, 19, 5], [16, 14, 17, 13], [22, 18, 1, 17], [20, 15, 21, 16], [14, 21, 15, 22], [6, 20, 7, 19], [12, 7, 13, 8]]"
11a_7_126,"[[12, 7, 13, 8], [8, 1, 9, 2], [10, 3, 11, 4], [2, 9, 3, 10], [4, 11, 5, 12], [18, 6, 19, 5], [16, 14, 17, 13], [22, 18, 1, 17], [20, 15, 21, 16], [14, 21, 15, 22], [6, 20, 7, 19]]"
11a_7_127,"[[6, 20, 7, 19], [12, 7, 13, 8], [8, 1, 9, 2], [10, 3, 11, 4], [2, 9, 3, 10], [4, 11, 5, 12], [18, 6, 19, 5], [16, 14, 17, 13], [22, 18, 1, 17], [20, 15, 21, 16], [14, 21, 15, 22]]"
11a_7_128,"[[14, 21, 15, 22], [6, 20, 7, 19], [12, 7, 13, 8], [8, 1, 9, 2], [10, 3, 11, 4], [2, 9, 3, 10], [4, 11, 5, 12], [18, 6, 19, 5], [16, 14, 17, 13], [22, 18, 1, 17], [20, 15, 21, 16]]"
11a_7_129,"[[20, 15, 21, 16], [14, 21, 15, 22], [6, 20, 7, 19], [12, 7, 13, 8], [8, 1, 9, 2], [10, 3, 11, 4], [2, 9, 3, 10], [4, 11, 5, 12], [18, 6, 19, 5], [16, 14, 17, 13], [22, 18, 1, 17]]"
11a_7_130,"[[22, 18, 1, 17], [20, 15, 21, 16], [14, 21, 15, 22], [6, 20, 7, 19], [12, 7, 13, 8], [8, 1, 9, 2], [10, 3, 11, 4], [2, 9, 3, 10], [4, 11, 5, 12], [18, 6, 19, 5], [16, 14, 17, 13]]"
11a_7_131,"[[16, 14, 17, 13], [22, 18, 1, 17], [20, 15, 21, 16], [14, 21, 15, 22], [6, 20, 7, 19], [12, 7, 13, 8], [8, 1, 9, 2], [10, 3, 11, 4], [2, 9, 3, 10], [4, 11, 5, 12], [18, 6, 19, 5]]"
11a_7_132,"[[19, 7, 20, 6], [17, 15, 18, 14], [1, 19, 2, 18], [21, 16, 22, 17], [15, 22, 16, 1], [7, 21, 8, 20], [13, 8, 14, 9], [9, 2, 10, 3], [11, 4, 12, 5], [3, 10, 4, 11], [5, 12, 6, 13]]"
11a_7_133,"[[5, 12, 6, 13], [19, 7, 20, 6], [17, 15, 18, 14], [1, 19, 2, 18], [21, 16, 22, 17], [15, 22, 16, 1], [7, 21, 8, 20], [13, 8, 14, 9], [9, 2, 10, 3], [11, 4, 12, 5], [3, 10, 4, 11]]"
11a_7_134,"[[3, 10, 4, 11], [5, 12, 6, 13], [19, 7, 20, 6], [17, 15, 18, 14], [1, 19, 2, 18], [21, 16, 22, 17], [15, 22, 16, 1], [7, 21, 8, 20], [13, 8, 14, 9], [9, 2, 10, 3], [11, 4, 12, 5]]"
11a_7_135,"[[11, 4, 12, 5], [3, 10, 4, 11], [5, 12, 6, 13], [19, 7, 20, 6], [17, 15, 18, 14], [1, 19, 2, 18], [21, 16, 22, 17], [15, 22, 16, 1], [7, 21, 8, 20], [13, 8, 14, 9], [9, 2, 10, 3]]"
11a_7_136,"[[9, 2, 10, 3], [11, 4, 12, 5], [3, 10, 4, 11], [5, 12, 6, 13], [19, 7, 20, 6], [17, 15, 18, 14], [1, 19, 2, 18], [21, 16, 22, 17], [15, 22, 16, 1], [7, 21, 8, 20], [13, 8, 14, 9]]"
11a_7_137,"[[13, 8, 14, 9], [9, 2, 10, 3], [11, 4, 12, 5], [3, 10, 4, 11], [5, 12, 6, 13], [19, 7, 20, 6], [17, 15, 18, 14], [1, 19, 2, 18], [21, 16, 22, 17], [15, 22, 16, 1], [7, 21, 8, 20]]"
11a_7_138,"[[7, 21, 8, 20], [13, 8, 14, 9], [9, 2, 10, 3], [11, 4, 12, 5], [3, 10, 4, 11], [5, 12, 6, 13], [19, 7, 20, 6], [17, 15, 18, 14], [1, 19, 2, 18], [21, 16, 22, 17], [15, 22, 16, 1]]"
11a_7_139,"[[15, 22, 16, 1], [7, 21, 8, 20], [13, 8, 14, 9], [9, 2, 10, 3], [11, 4, 12, 5], [3, 10, 4, 11], [5, 12, 6, 13], [19, 7, 20, 6], [17, 15, 18, 14], [1, 19, 2, 18], [21, 16, 22, 17]]"
11a_7_140,"[[21, 16, 22, 17], [15, 22, 16, 1], [7, 21, 8, 20], [13, 8, 14, 9], [9, 2, 10, 3], [11, 4, 12, 5], [3, 10, 4, 11], [5, 12, 6, 13], [19, 7, 20, 6], [17, 15, 18, 14], [1, 19, 2, 18]]"
11a_7_141,"[[1, 19, 2, 18], [21, 16, 22, 17], [15, 22, 16, 1], [7, 21, 8, 20], [13, 8, 14, 9], [9, 2, 10, 3], [11, 4, 12, 5], [3, 10, 4, 11], [5, 12, 6, 13], [19, 7, 20, 6], [17, 15, 18, 14]]"
11a_7_142,"[[17, 15, 18, 14], [1, 19, 2, 18], [21, 16, 22, 17], [15, 22, 16, 1], [7, 21, 8, 20], [13, 8, 14, 9], [9, 2, 10, 3], [11, 4, 12, 5], [3, 10, 4, 11], [5, 12, 6, 13], [19, 7, 20, 6]]"
11a_7_143,"[[20, 8, 21, 7], [18, 16, 19, 15], [2, 20, 3, 19], [22, 17, 1, 18], [16, 1, 17, 2], [8, 22, 9, 21], [14, 9, 15, 10], [10, 3, 11, 4], [12, 5, 13, 6], [4, 11, 5, 12], [6, 13, 7, 14]]"
11a_7_144,"[[6, 13, 7, 14], [20, 8, 21, 7], [18, 16, 19, 15], [2, 20, 3, 19], [22, 17, 1, 18], [16, 1, 17, 2], [8, 22, 9, 21], [14, 9, 15, 10], [10, 3, 11, 4], [12, 5, 13, 6], [4, 11, 5, 12]]"
11a_7_145,"[[4, 11, 5, 12], [6, 13, 7, 14], [20, 8, 21, 7], [18, 16, 19, 15], [2, 20, 3, 19], [22, 17, 1, 18], [16, 1, 17, 2], [8, 22, 9, 21], [14, 9, 15, 10], [10, 3, 11, 4], [12, 5, 13, 6]]"
11a_7_146,"[[12, 5, 13, 6], [4, 11, 5, 12], [6, 13, 7, 14], [20, 8, 21, 7], [18, 16, 19, 15], [2, 20, 3, 19], [22, 17, 1, 18], [16, 1, 17, 2], [8, 22, 9, 21], [14, 9, 15, 10], [10, 3, 11, 4]]"
11a_7_147,"[[10, 3, 11, 4], [12, 5, 13, 6], [4, 11, 5, 12], [6, 13, 7, 14], [20, 8, 21, 7], [18, 16, 19, 15], [2, 20, 3, 19], [22, 17, 1, 18], [16, 1, 17, 2], [8, 22, 9, 21], [14, 9, 15, 10]]"
11a_7_148,"[[14, 9, 15, 10], [10, 3, 11, 4], [12, 5, 13, 6], [4, 11, 5, 12], [6, 13, 7, 14], [20, 8, 21, 7], [18, 16, 19, 15], [2, 20, 3, 19], [22, 17, 1, 18], [16, 1, 17, 2], [8, 22, 9, 21]]"
11a_7_149,"[[8, 22, 9, 21], [14, 9, 15, 10], [10, 3, 11, 4], [12, 5, 13, 6], [4, 11, 5, 12], [6, 13, 7, 14], [20, 8, 21, 7], [18, 16, 19, 15], [2, 20, 3, 19], [22, 17, 1, 18], [16, 1, 17, 2]]"
11a_7_150,"[[16, 1, 17, 2], [8, 22, 9, 21], [14, 9, 15, 10], [10, 3, 11, 4], [12, 5, 13, 6], [4, 11, 5, 12], [6, 13, 7, 14], [20, 8, 21, 7], [18, 16, 19, 15], [2, 20, 3, 19], [22, 17, 1, 18]]"
11a_7_151,"[[22, 17, 1, 18], [16, 1, 17, 2], [8, 22, 9, 21], [14, 9, 15, 10], [10, 3, 11, 4], [12, 5, 13, 6], [4, 11, 5, 12], [6, 13, 7, 14], [20, 8, 21, 7], [18, 16, 19, 15], [2, 20, 3, 19]]"
11a_7_152,"[[2, 20, 3, 19], [22, 17, 1, 18], [16, 1, 17, 2], [8, 22, 9, 21], [14, 9, 15, 10], [10, 3, 11, 4], [12, 5, 13, 6], [4, 11, 5, 12], [6, 13, 7, 14], [20, 8, 21, 7], [18, 16, 19, 15]]"
11a_7_153,"[[18, 16, 19, 15], [2, 20, 3, 19], [22, 17, 1, 18], [16, 1, 17, 2], [8, 22, 9, 21], [14, 9, 15, 10], [10, 3, 11, 4], [12, 5, 13, 6], [4, 11, 5, 12], [6, 13, 7, 14], [20, 8, 21, 7]]"
11a_7_154,"[[21, 9, 22, 8], [19, 17, 20, 16], [3, 21, 4, 20], [1, 18, 2, 19], [17, 2, 18, 3], [9, 1, 10, 22], [15, 10, 16, 11], [11, 4, 12, 5], [13, 6, 14, 7], [5, 12, 6, 13], [7, 14, 8, 15]]"
11a_7_155,"[[7, 14, 8, 15], [21, 9, 22, 8], [19, 17, 20, 16], [3, 21, 4, 20], [1, 18, 2, 19], [17, 2, 18, 3], [9, 1, 10, 22], [15, 10, 16, 11], [11, 4, 12, 5], [13, 6, 14, 7], [5, 12, 6, 13]]"
11a_7_156,"[[5, 12, 6, 13], [7, 14, 8, 15], [21, 9, 22, 8], [19, 17, 20, 16], [3, 21, 4, 20], [1, 18, 2, 19], [17, 2, 18, 3], [9, 1, 10, 22], [15, 10, 16, 11], [11, 4, 12, 5], [13, 6, 14, 7]]"
11a_7_157,"[[13, 6, 14, 7], [5, 12, 6, 13], [7, 14, 8, 15], [21, 9, 22, 8], [19, 17, 20, 16], [3, 21, 4, 20], [1, 18, 2, 19], [17, 2, 18, 3], [9, 1, 10, 22], [15, 10, 16, 11], [11, 4, 12, 5]]"
11a_7_158,"[[11, 4, 12, 5], [13, 6, 14, 7], [5, 12, 6, 13], [7, 14, 8, 15], [21, 9, 22, 8], [19, 17, 20, 16], [3, 21, 4, 20], [1, 18, 2, 19], [17, 2, 18, 3], [9, 1, 10, 22], [15, 10, 16, 11]]"
11a_7_159,"[[15, 10, 16, 11], [11, 4, 12, 5], [13, 6, 14, 7], [5, 12, 6, 13], [7, 14, 8, 15], [21, 9, 22, 8], [19, 17, 20, 16], [3, 21, 4, 20], [1, 18, 2, 19], [17, 2, 18, 3], [9, 1, 10, 22]]"
11a_7_160,"[[9, 1, 10, 22], [15, 10, 16, 11], [11, 4, 12, 5], [13, 6, 14, 7], [5, 12, 6, 13], [7, 14, 8, 15], [21, 9, 22, 8], [19, 17, 20, 16], [3, 21, 4, 20], [1, 18, 2, 19], [17, 2, 18, 3]]"
11a_7_161,"[[17, 2, 18, 3], [9, 1, 10, 22], [15, 10, 16, 11], [11, 4, 12, 5], [13, 6, 14, 7], [5, 12, 6, 13], [7, 14, 8, 15], [21, 9, 22, 8], [19, 17, 20, 16], [3, 21, 4, 20], [1, 18, 2, 19]]"
11a_7_162,"[[1, 18, 2, 19], [17, 2, 18, 3], [9, 1, 10, 22], [15, 10, 16, 11], [11, 4, 12, 5], [13, 6, 14, 7], [5, 12, 6, 13], [7, 14, 8, 15], [21, 9, 22, 8], [19, 17, 20, 16], [3, 21, 4, 20]]"
11a_7_163,"[[3, 21, 4, 20], [1, 18, 2, 19], [17, 2, 18, 3], [9, 1, 10, 22], [15, 10, 16, 11], [11, 4, 12, 5], [13, 6, 14, 7], [5, 12, 6, 13], [7, 14, 8, 15], [21, 9, 22, 8], [19, 17, 20, 16]]"
11a_7_164,"[[19, 17, 20, 16], [3, 21, 4, 20], [1, 18, 2, 19], [17, 2, 18, 3], [9, 1, 10, 22], [15, 10, 16, 11], [11, 4, 12, 5], [13, 6, 14, 7], [5, 12, 6, 13], [7, 14, 8, 15], [21, 9, 22, 8]]"
11a_7_165,"[[22, 10, 1, 9], [20, 18, 21, 17], [4, 22, 5, 21], [2, 19, 3, 20], [18, 3, 19, 4], [10, 2, 11, 1], [16, 11, 17, 12], [12, 5, 13, 6], [14, 7, 15, 8], [6, 13, 7, 14], [8, 15, 9, 16]]"
11a_7_166,"[[8, 15, 9, 16], [22, 10, 1, 9], [20, 18, 21, 17], [4, 22, 5, 21], [2, 19, 3, 20], [18, 3, 19, 4], [10, 2, 11, 1], [16, 11, 17, 12], [12, 5, 13, 6], [14, 7, 15, 8], [6, 13, 7, 14]]"
11a_7_167,"[[6, 13, 7, 14], [8, 15, 9, 16], [22, 10, 1, 9], [20, 18, 21, 17], [4, 22, 5, 21], [2, 19, 3, 20], [18, 3, 19, 4], [10, 2, 11, 1], [16, 11, 17, 12], [12, 5, 13, 6], [14, 7, 15, 8]]"
11a_7_168,"[[14, 7, 15, 8], [6, 13, 7, 14], [8, 15, 9, 16], [22, 10, 1, 9], [20, 18, 21, 17], [4, 22, 5, 21], [2, 19, 3, 20], [18, 3, 19, 4], [10, 2, 11, 1], [16, 11, 17, 12], [12, 5, 13, 6]]"
11a_7_169,"[[12, 5, 13, 6], [14, 7, 15, 8], [6, 13, 7, 14], [8, 15, 9, 16], [22, 10, 1, 9], [20, 18, 21, 17], [4, 22, 5, 21], [2, 19, 3, 20], [18, 3, 19, 4], [10, 2, 11, 1], [16, 11, 17, 12]]"
11a_7_170,"[[16, 11, 17, 12], [12, 5, 13, 6], [14, 7, 15, 8], [6, 13, 7, 14], [8, 15, 9, 16], [22, 10, 1, 9], [20, 18, 21, 17], [4, 22, 5, 21], [2, 19, 3, 20], [18, 3, 19, 4], [10, 2, 11, 1]]"
11a_7_171,"[[10, 2, 11, 1], [16, 11, 17, 12], [12, 5, 13, 6], [14, 7, 15, 8], [6, 13, 7, 14], [8, 15, 9, 16], [22, 10, 1, 9], [20, 18, 21, 17], [4, 22, 5, 21], [2, 19, 3, 20], [18, 3, 19, 4]]"
11a_7_172,"[[18, 3, 19, 4], [10, 2, 11, 1], [16, 11, 17, 12], [12, 5, 13, 6], [14, 7, 15, 8], [6, 13, 7, 14], [8, 15, 9, 16], [22, 10, 1, 9], [20, 18, 21, 17], [4, 22, 5, 21], [2, 19, 3, 20]]"
11a_7_173,"[[2, 19, 3, 20], [18, 3, 19, 4], [10, 2, 11, 1], [16, 11, 17, 12], [12, 5, 13, 6], [14, 7, 15, 8], [6, 13, 7, 14], [8, 15, 9, 16], [22, 10, 1, 9], [20, 18, 21, 17], [4, 22, 5, 21]]"
11a_7_174,"[[4, 22, 5, 21], [2, 19, 3, 20], [18, 3, 19, 4], [10, 2, 11, 1], [16, 11, 17, 12], [12, 5, 13, 6], [14, 7, 15, 8], [6, 13, 7, 14], [8, 15, 9, 16], [22, 10, 1, 9], [20, 18, 21, 17]]"
11a_7_175,"[[20, 18, 21, 17], [4, 22, 5, 21], [2, 19, 3, 20], [18, 3, 19, 4], [10, 2, 11, 1], [16, 11, 17, 12], [12, 5, 13, 6], [14, 7, 15, 8], [6, 13, 7, 14], [8, 15, 9, 16], [22, 10, 1, 9]]"
11a_7_176,"[[1, 11, 2, 10], [21, 19, 22, 18], [5, 1, 6, 22], [3, 20, 4, 21], [19, 4, 20, 5], [11, 3, 12, 2], [17, 12, 18, 13], [13, 6, 14, 7], [15, 8, 16, 9], [7, 14, 8, 15], [9, 16, 10, 17]]"
11a_7_177,"[[9, 16, 10, 17], [1, 11, 2, 10], [21, 19, 22, 18], [5, 1, 6, 22], [3, 20, 4, 21], [19, 4, 20, 5], [11, 3, 12, 2], [17, 12, 18, 13], [13, 6, 14, 7], [15, 8, 16, 9], [7, 14, 8, 15]]"
11a_7_178,"[[7, 14, 8, 15], [9, 16, 10, 17], [1, 11, 2, 10], [21, 19, 22, 18], [5, 1, 6, 22], [3, 20, 4, 21], [19, 4, 20, 5], [11, 3, 12, 2], [17, 12, 18, 13], [13, 6, 14, 7], [15, 8, 16, 9]]"
11a_7_179,"[[15, 8, 16, 9], [7, 14, 8, 15], [9, 16, 10, 17], [1, 11, 2, 10], [21, 19, 22, 18], [5, 1, 6, 22], [3, 20, 4, 21], [19, 4, 20, 5], [11, 3, 12, 2], [17, 12, 18, 13], [13, 6, 14, 7]]"
11a_7_180,"[[13, 6, 14, 7], [15, 8, 16, 9], [7, 14, 8, 15], [9, 16, 10, 17], [1, 11, 2, 10], [21, 19, 22, 18], [5, 1, 6, 22], [3, 20, 4, 21], [19, 4, 20, 5], [11, 3, 12, 2], [17, 12, 18, 13]]"
11a_7_181,"[[17, 12, 18, 13], [13, 6, 14, 7], [15, 8, 16, 9], [7, 14, 8, 15], [9, 16, 10, 17], [1, 11, 2, 10], [21, 19, 22, 18], [5, 1, 6, 22], [3, 20, 4, 21], [19, 4, 20, 5], [11, 3, 12, 2]]"
11a_7_182,"[[11, 3, 12, 2], [17, 12, 18, 13], [13, 6, 14, 7], [15, 8, 16, 9], [7, 14, 8, 15], [9, 16, 10, 17], [1, 11, 2, 10], [21, 19, 22, 18], [5, 1, 6, 22], [3, 20, 4, 21], [19, 4, 20, 5]]"
11a_7_183,"[[19, 4, 20, 5], [11, 3, 12, 2], [17, 12, 18, 13], [13, 6, 14, 7], [15, 8, 16, 9], [7, 14, 8, 15], [9, 16, 10, 17], [1, 11, 2, 10], [21, 19, 22, 18], [5, 1, 6, 22], [3, 20, 4, 21]]"
11a_7_184,"[[3, 20, 4, 21], [19, 4, 20, 5], [11, 3, 12, 2], [17, 12, 18, 13], [13, 6, 14, 7], [15, 8, 16, 9], [7, 14, 8, 15], [9, 16, 10, 17], [1, 11, 2, 10], [21, 19, 22, 18], [5, 1, 6, 22]]"
11a_7_185,"[[5, 1, 6, 22], [3, 20, 4, 21], [19, 4, 20, 5], [11, 3, 12, 2], [17, 12, 18, 13], [13, 6, 14, 7], [15, 8, 16, 9], [7, 14, 8, 15], [9, 16, 10, 17], [1, 11, 2, 10], [21, 19, 22, 18]]"
11a_7_186,"[[21, 19, 22, 18], [5, 1, 6, 22], [3, 20, 4, 21], [19, 4, 20, 5], [11, 3, 12, 2], [17, 12, 18, 13], [13, 6, 14, 7], [15, 8, 16, 9], [7, 14, 8, 15], [9, 16, 10, 17], [1, 11, 2, 10]]"
11a_7_187,"[[2, 12, 3, 11], [22, 20, 1, 19], [6, 2, 7, 1], [4, 21, 5, 22], [20, 5, 21, 6], [12, 4, 13, 3], [18, 13, 19, 14], [14, 7, 15, 8], [16, 9, 17, 10], [8, 15, 9, 16], [10, 17, 11, 18]]"
11a_7_188,"[[10, 17, 11, 18], [2, 12, 3, 11], [22, 20, 1, 19], [6, 2, 7, 1], [4, 21, 5, 22], [20, 5, 21, 6], [12, 4, 13, 3], [18, 13, 19, 14], [14, 7, 15, 8], [16, 9, 17, 10], [8, 15, 9, 16]]"
11a_7_189,"[[8, 15, 9, 16], [10, 17, 11, 18], [2, 12, 3, 11], [22, 20, 1, 19], [6, 2, 7, 1], [4, 21, 5, 22], [20, 5, 21, 6], [12, 4, 13, 3], [18, 13, 19, 14], [14, 7, 15, 8], [16, 9, 17, 10]]"
11a_7_190,"[[16, 9, 17, 10], [8, 15, 9, 16], [10, 17, 11, 18], [2, 12, 3, 11], [22, 20, 1, 19], [6, 2, 7, 1], [4, 21, 5, 22], [20, 5, 21, 6], [12, 4, 13, 3], [18, 13, 19, 14], [14, 7, 15, 8]]"
11a_7_191,"[[14, 7, 15, 8], [16, 9, 17, 10], [8, 15, 9, 16], [10, 17, 11, 18], [2, 12, 3, 11], [22, 20, 1, 19], [6, 2, 7, 1], [4, 21, 5, 22], [20, 5, 21, 6], [12, 4, 13, 3], [18, 13, 19, 14]]"
11a_7_192,"[[18, 13, 19, 14], [14, 7, 15, 8], [16, 9, 17, 10], [8, 15, 9, 16], [10, 17, 11, 18], [2, 12, 3, 11], [22, 20, 1, 19], [6, 2, 7, 1], [4, 21, 5, 22], [20, 5, 21, 6], [12, 4, 13, 3]]"
11a_7_193,"[[12, 4, 13, 3], [18, 13, 19, 14], [14, 7, 15, 8], [16, 9, 17, 10], [8, 15, 9, 16], [10, 17, 11, 18], [2, 12, 3, 11], [22, 20, 1, 19], [6, 2, 7, 1], [4, 21, 5, 22], [20, 5, 21, 6]]"
11a_7_194,"[[20, 5, 21, 6], [12, 4, 13, 3], [18, 13, 19, 14], [14, 7, 15, 8], [16, 9, 17, 10], [8, 15, 9, 16], [10, 17, 11, 18], [2, 12, 3, 11], [22, 20, 1, 19], [6, 2, 7, 1], [4, 21, 5, 22]]"
11a_7_195,"[[4, 21, 5, 22], [20, 5, 21, 6], [12, 4, 13, 3], [18, 13, 19, 14], [14, 7, 15, 8], [16, 9, 17, 10], [8, 15, 9, 16], [10, 17, 11, 18], [2, 12, 3, 11], [22, 20, 1, 19], [6, 2, 7, 1]]"
11a_7_196,"[[6, 2, 7, 1], [4, 21, 5, 22], [20, 5, 21, 6], [12, 4, 13, 3], [18, 13, 19, 14], [14, 7, 15, 8], [16, 9, 17, 10], [8, 15, 9, 16], [10, 17, 11, 18], [2, 12, 3, 11], [22, 20, 1, 19]]"
11a_7_197,"[[22, 20, 1, 19], [6, 2, 7, 1], [4, 21, 5, 22], [20, 5, 21, 6], [12, 4, 13, 3], [18, 13, 19, 14], [14, 7, 15, 8], [16, 9, 17, 10], [8, 15, 9, 16], [10, 17, 11, 18], [2, 12, 3, 11]]"
11a_7_198,"[[3, 13, 4, 12], [1, 21, 2, 20], [7, 3, 8, 2], [5, 22, 6, 1], [21, 6, 22, 7], [13, 5, 14, 4], [19, 14, 20, 15], [15, 8, 16, 9], [17, 10, 18, 11], [9, 16, 10, 17], [11, 18, 12, 19]]"
11a_7_199,"[[11, 18, 12, 19], [3, 13, 4, 12], [1, 21, 2, 20], [7, 3, 8, 2], [5, 22, 6, 1], [21, 6, 22, 7], [13, 5, 14, 4], [19, 14, 20, 15], [15, 8, 16, 9], [17, 10, 18, 11], [9, 16, 10, 17]]"
11a_7_200,"[[9, 16, 10, 17], [11, 18, 12, 19], [3, 13, 4, 12], [1, 21, 2, 20], [7, 3, 8, 2], [5, 22, 6, 1], [21, 6, 22, 7], [13, 5, 14, 4], [19, 14, 20, 15], [15, 8, 16, 9], [17, 10, 18, 11]]"
11a_7_201,"[[17, 10, 18, 11], [9, 16, 10, 17], [11, 18, 12, 19], [3, 13, 4, 12], [1, 21, 2, 20], [7, 3, 8, 2], [5, 22, 6, 1], [21, 6, 22, 7], [13, 5, 14, 4], [19, 14, 20, 15], [15, 8, 16, 9]]"
11a_7_202,"[[15, 8, 16, 9], [17, 10, 18, 11], [9, 16, 10, 17], [11, 18, 12, 19], [3, 13, 4, 12], [1, 21, 2, 20], [7, 3, 8, 2], [5, 22, 6, 1], [21, 6, 22, 7], [13, 5, 14, 4], [19, 14, 20, 15]]"
11a_7_203,"[[19, 14, 20, 15], [15, 8, 16, 9], [17, 10, 18, 11], [9, 16, 10, 17], [11, 18, 12, 19], [3, 13, 4, 12], [1, 21, 2, 20], [7, 3, 8, 2], [5, 22, 6, 1], [21, 6, 22, 7], [13, 5, 14, 4]]"
11a_7_204,"[[13, 5, 14, 4], [19, 14, 20, 15], [15, 8, 16, 9], [17, 10, 18, 11], [9, 16, 10, 17], [11, 18, 12, 19], [3, 13, 4, 12], [1, 21, 2, 20], [7, 3, 8, 2], [5, 22, 6, 1], [21, 6, 22, 7]]"
11a_7_205,"[[21, 6, 22, 7], [13, 5, 14, 4], [19, 14, 20, 15], [15, 8, 16, 9], [17, 10, 18, 11], [9, 16, 10, 17], [11, 18, 12, 19], [3, 13, 4, 12], [1, 21, 2, 20], [7, 3, 8, 2], [5, 22, 6, 1]]"
