name,pd_notation
11a_118_0,"[[9, 15, 10, 14], [5, 3, 6, 2], [13, 11, 14, 10], [11, 4, 12, 5], [3, 12, 4, 13], [15, 7, 16, 6], [21, 17, 22, 16], [19, 8, 20, 9], [7, 20, 8, 21], [1, 19, 2, 18], [17, 1, 18, 22]]"
11a_118_1,"[[17, 1, 18, 22], [9, 15, 10, 14], [5, 3, 6, 2], [13, 11, 14, 10], [11, 4, 12, 5], [3, 12, 4, 13], [15, 7, 16, 6], [21, 17, 22, 16], [19, 8, 20, 9], [7, 20, 8, 21], [1, 19, 2, 18]]"
11a_118_2,"[[1, 19, 2, 18], [17, 1, 18, 22], [9, 15, 10, 14], [5, 3, 6, 2], [13, 11, 14, 10], [11, 4, 12, 5], [3, 12, 4, 13], [15, 7, 16, 6], [21, 17, 22, 16], [19, 8, 20, 9], [7, 20, 8, 21]]"
11a_118_3,"[[7, 20, 8, 21], [1, 19, 2, 18], [17, 1, 18, 22], [9, 15, 10, 14], [5, 3, 6, 2], [13, 11, 14, 10], [11, 4, 12, 5], [3, 12, 4, 13], [15, 7, 16, 6], [21, 17, 22, 16], [19, 8, 20, 9]]"
11a_118_4,"[[19, 8, 20, 9], [7, 20, 8, 21], [1, 19, 2, 18], [17, 1, 18, 22], [9, 15, 10, 14], [5, 3, 6, 2], [13, 11, 14, 10], [11, 4, 12, 5], [3, 12, 4, 13], [15, 7, 16, 6], [21, 17, 22, 16]]"
11a_118_5,"[[21, 17, 22, 16], [19, 8, 20, 9], [7, 20, 8, 21], [1, 19, 2, 18], [17, 1, 18, 22], [9, 15, 10, 14], [5, 3, 6, 2], [13, 11, 14, 10], [11, 4, 12, 5], [3, 12, 4, 13], [15, 7, 16, 6]]"
11a_118_6,"[[15, 7, 16, 6], [21, 17, 22, 16], [19, 8, 20, 9], [7, 20, 8, 21], [1, 19, 2, 18], [17, 1, 18, 22], [9, 15, 10, 14], [5, 3, 6, 2], [13, 11, 14, 10], [11, 4, 12, 5], [3, 12, 4, 13]]"
11a_118_7,"[[3, 12, 4, 13], [15, 7, 16, 6], [21, 17, 22, 16], [19, 8, 20, 9], [7, 20, 8, 21], [1, 19, 2, 18], [17, 1, 18, 22], [9, 15, 10, 14], [5, 3, 6, 2], [13, 11, 14, 10], [11, 4, 12, 5]]"
11a_118_8,"[[11, 4, 12, 5], [3, 12, 4, 13], [15, 7, 16, 6], [21, 17, 22, 16], [19, 8, 20, 9], [7, 20, 8, 21], [1, 19, 2, 18], [17, 1, 18, 22], [9, 15, 10, 14], [5, 3, 6, 2], [13, 11, 14, 10]]"
11a_118_9,"[[13, 11, 14, 10], [11, 4, 12, 5], [3, 12, 4, 13], [15, 7, 16, 6], [21, 17, 22, 16], [19, 8, 20, 9], [7, 20, 8, 21], [1, 19, 2, 18], [17, 1, 18, 22], [9, 15, 10, 14], [5, 3, 6, 2]]"
11a_118_10,"[[5, 3, 6, 2], [13, 11, 14, 10], [11, 4, 12, 5], [3, 12, 4, 13], [15, 7, 16, 6], [21, 17, 22, 16], [19, 8, 20, 9], [7, 20, 8, 21], [1, 19, 2, 18], [17, 1, 18, 22], [9, 15, 10, 14]]"
11a_118_11,"[[10, 16, 11, 15], [6, 4, 7, 3], [14, 12, 15, 11], [12, 5, 13, 6], [4, 13, 5, 14], [16, 8, 17, 7], [22, 18, 1, 17], [20, 9, 21, 10], [8, 21, 9, 22], [2, 20, 3, 19], [18, 2, 19, 1]]"
11a_118_12,"[[18, 2, 19, 1], [10, 16, 11, 15], [6, 4, 7, 3], [14, 12, 15, 11], [12, 5, 13, 6], [4, 13, 5, 14], [16, 8, 17, 7], [22, 18, 1, 17], [20, 9, 21, 10], [8, 21, 9, 22], [2, 20, 3, 19]]"
11a_118_13,"[[2, 20, 3, 19], [18, 2, 19, 1], [10, 16, 11, 15], [6, 4, 7, 3], [14, 12, 15, 11], [12, 5, 13, 6], [4, 13, 5, 14], [16, 8, 17, 7], [22, 18, 1, 17], [20, 9, 21, 10], [8, 21, 9, 22]]"
11a_118_14,"[[8, 21, 9, 22], [2, 20, 3, 19], [18, 2, 19, 1], [10, 16, 11, 15], [6, 4, 7, 3], [14, 12, 15, 11], [12, 5, 13, 6], [4, 13, 5, 14], [16, 8, 17, 7], [22, 18, 1, 17], [20, 9, 21, 10]]"
11a_118_15,"[[20, 9, 21, 10], [8, 21, 9, 22], [2, 20, 3, 19], [18, 2, 19, 1], [10, 16, 11, 15], [6, 4, 7, 3], [14, 12, 15, 11], [12, 5, 13, 6], [4, 13, 5, 14], [16, 8, 17, 7], [22, 18, 1, 17]]"
11a_118_16,"[[22, 18, 1, 17], [20, 9, 21, 10], [8, 21, 9, 22], [2, 20, 3, 19], [18, 2, 19, 1], [10, 16, 11, 15], [6, 4, 7, 3], [14, 12, 15, 11], [12, 5, 13, 6], [4, 13, 5, 14], [16, 8, 17, 7]]"
11a_118_17,"[[16, 8, 17, 7], [22, 18, 1, 17], [20, 9, 21, 10], [8, 21, 9, 22], [2, 20, 3, 19], [18, 2, 19, 1], [10, 16, 11, 15], [6, 4, 7, 3], [14, 12, 15, 11], [12, 5, 13, 6], [4, 13, 5, 14]]"
11a_118_18,"[[4, 13, 5, 14], [16, 8, 17, 7], [22, 18, 1, 17], [20, 9, 21, 10], [8, 21, 9, 22], [2, 20, 3, 19], [18, 2, 19, 1], [10, 16, 11, 15], [6, 4, 7, 3], [14, 12, 15, 11], [12, 5, 13, 6]]"
11a_118_19,"[[12, 5, 13, 6], [4, 13, 5, 14], [16, 8, 17, 7], [22, 18, 1, 17], [20, 9, 21, 10], [8, 21, 9, 22], [2, 20, 3, 19], [18, 2, 19, 1], [10, 16, 11, 15], [6, 4, 7, 3], [14, 12, 15, 11]]"
11a_118_20,"[[14, 12, 15, 11], [12, 5, 13, 6], [4, 13, 5, 14], [16, 8, 17, 7], [22, 18, 1, 17], [20, 9, 21, 10], [8, 21, 9, 22], [2, 20, 3, 19], [18, 2, 19, 1], [10, 16, 11, 15], [6, 4, 7, 3]]"
11a_118_21,"[[6, 4, 7, 3], [14, 12, 15, 11], [12, 5, 13, 6], [4, 13, 5, 14], [16, 8, 17, 7], [22, 18, 1, 17], [20, 9, 21, 10], [8, 21, 9, 22], [2, 20, 3, 19], [18, 2, 19, 1], [10, 16, 11, 15]]"
11a_118_22,"[[11, 17, 12, 16], [7, 5, 8, 4], [15, 13, 16, 12], [13, 6, 14, 7], [5, 14, 6, 15], [17, 9, 18, 8], [1, 19, 2, 18], [21, 10, 22, 11], [9, 22, 10, 1], [3, 21, 4, 20], [19, 3, 20, 2]]"
11a_118_23,"[[19, 3, 20, 2], [11, 17, 12, 16], [7, 5, 8, 4], [15, 13, 16, 12], [13, 6, 14, 7], [5, 14, 6, 15], [17, 9, 18, 8], [1, 19, 2, 18], [21, 10, 22, 11], [9, 22, 10, 1], [3, 21, 4, 20]]"
11a_118_24,"[[3, 21, 4, 20], [19, 3, 20, 2], [11, 17, 12, 16], [7, 5, 8, 4], [15, 13, 16, 12], [13, 6, 14, 7], [5, 14, 6, 15], [17, 9, 18, 8], [1, 19, 2, 18], [21, 10, 22, 11], [9, 22, 10, 1]]"
11a_118_25,"[[9, 22, 10, 1], [3, 21, 4, 20], [19, 3, 20, 2], [11, 17, 12, 16], [7, 5, 8, 4], [15, 13, 16, 12], [13, 6, 14, 7], [5, 14, 6, 15], [17, 9, 18, 8], [1, 19, 2, 18], [21, 10, 22, 11]]"
11a_118_26,"[[21, 10, 22, 11], [9, 22, 10, 1], [3, 21, 4, 20], [19, 3, 20, 2], [11, 17, 12, 16], [7, 5, 8, 4], [15, 13, 16, 12], [13, 6, 14, 7], [5, 14, 6, 15], [17, 9, 18, 8], [1, 19, 2, 18]]"
11a_118_27,"[[1, 19, 2, 18], [21, 10, 22, 11], [9, 22, 10, 1], [3, 21, 4, 20], [19, 3, 20, 2], [11, 17, 12, 16], [7, 5, 8, 4], [15, 13, 16, 12], [13, 6, 14, 7], [5, 14, 6, 15], [17, 9, 18, 8]]"
11a_118_28,"[[17, 9, 18, 8], [1, 19, 2, 18], [21, 10, 22, 11], [9, 22, 10, 1], [3, 21, 4, 20], [19, 3, 20, 2], [11, 17, 12, 16], [7, 5, 8, 4], [15, 13, 16, 12], [13, 6, 14, 7], [5, 14, 6, 15]]"
11a_118_29,"[[5, 14, 6, 15], [17, 9, 18, 8], [1, 19, 2, 18], [21, 10, 22, 11], [9, 22, 10, 1], [3, 21, 4, 20], [19, 3, 20, 2], [11, 17, 12, 16], [7, 5, 8, 4], [15, 13, 16, 12], [13, 6, 14, 7]]"
11a_118_30,"[[13, 6, 14, 7], [5, 14, 6, 15], [17, 9, 18, 8], [1, 19, 2, 18], [21, 10, 22, 11], [9, 22, 10, 1], [3, 21, 4, 20], [19, 3, 20, 2], [11, 17, 12, 16], [7, 5, 8, 4], [15, 13, 16, 12]]"
11a_118_31,"[[15, 13, 16, 12], [13, 6, 14, 7], [5, 14, 6, 15], [17, 9, 18, 8], [1, 19, 2, 18], [21, 10, 22, 11], [9, 22, 10, 1], [3, 21, 4, 20], [19, 3, 20, 2], [11, 17, 12, 16], [7, 5, 8, 4]]"
11a_118_32,"[[7, 5, 8, 4], [15, 13, 16, 12], [13, 6, 14, 7], [5, 14, 6, 15], [17, 9, 18, 8], [1, 19, 2, 18], [21, 10, 22, 11], [9, 22, 10, 1], [3, 21, 4, 20], [19, 3, 20, 2], [11, 17, 12, 16]]"
11a_118_33,"[[12, 18, 13, 17], [8, 6, 9, 5], [16, 14, 17, 13], [14, 7, 15, 8], [6, 15, 7, 16], [18, 10, 19, 9], [2, 20, 3, 19], [22, 11, 1, 12], [10, 1, 11, 2], [4, 22, 5, 21], [20, 4, 21, 3]]"
11a_118_34,"[[20, 4, 21, 3], [12, 18, 13, 17], [8, 6, 9, 5], [16, 14, 17, 13], [14, 7, 15, 8], [6, 15, 7, 16], [18, 10, 19, 9], [2, 20, 3, 19], [22, 11, 1, 12], [10, 1, 11, 2], [4, 22, 5, 21]]"
11a_118_35,"[[4, 22, 5, 21], [20, 4, 21, 3], [12, 18, 13, 17], [8, 6, 9, 5], [16, 14, 17, 13], [14, 7, 15, 8], [6, 15, 7, 16], [18, 10, 19, 9], [2, 20, 3, 19], [22, 11, 1, 12], [10, 1, 11, 2]]"
11a_118_36,"[[10, 1, 11, 2], [4, 22, 5, 21], [20, 4, 21, 3], [12, 18, 13, 17], [8, 6, 9, 5], [16, 14, 17, 13], [14, 7, 15, 8], [6, 15, 7, 16], [18, 10, 19, 9], [2, 20, 3, 19], [22, 11, 1, 12]]"
11a_118_37,"[[22, 11, 1, 12], [10, 1, 11, 2], [4, 22, 5, 21], [20, 4, 21, 3], [12, 18, 13, 17], [8, 6, 9, 5], [16, 14, 17, 13], [14, 7, 15, 8], [6, 15, 7, 16], [18, 10, 19, 9], [2, 20, 3, 19]]"
11a_118_38,"[[2, 20, 3, 19], [22, 11, 1, 12], [10, 1, 11, 2], [4, 22, 5, 21], [20, 4, 21, 3], [12, 18, 13, 17], [8, 6, 9, 5], [16, 14, 17, 13], [14, 7, 15, 8], [6, 15, 7, 16], [18, 10, 19, 9]]"
11a_118_39,"[[18, 10, 19, 9], [2, 20, 3, 19], [22, 11, 1, 12], [10, 1, 11, 2], [4, 22, 5, 21], [20, 4, 21, 3], [12, 18, 13, 17], [8, 6, 9, 5], [16, 14, 17, 13], [14, 7, 15, 8], [6, 15, 7, 16]]"
11a_118_40,"[[6, 15, 7, 16], [18, 10, 19, 9], [2, 20, 3, 19], [22, 11, 1, 12], [10, 1, 11, 2], [4, 22, 5, 21], [20, 4, 21, 3], [12, 18, 13, 17], [8, 6, 9, 5], [16, 14, 17, 13], [14, 7, 15, 8]]"
11a_118_41,"[[14, 7, 15, 8], [6, 15, 7, 16], [18, 10, 19, 9], [2, 20, 3, 19], [22, 11, 1, 12], [10, 1, 11, 2], [4, 22, 5, 21], [20, 4, 21, 3], [12, 18, 13, 17], [8, 6, 9, 5], [16, 14, 17, 13]]"
11a_118_42,"[[16, 14, 17, 13], [14, 7, 15, 8], [6, 15, 7, 16], [18, 10, 19, 9], [2, 20, 3, 19], [22, 11, 1, 12], [10, 1, 11, 2], [4, 22, 5, 21], [20, 4, 21, 3], [12, 18, 13, 17], [8, 6, 9, 5]]"
11a_118_43,"[[8, 6, 9, 5], [16, 14, 17, 13], [14, 7, 15, 8], [6, 15, 7, 16], [18, 10, 19, 9], [2, 20, 3, 19], [22, 11, 1, 12], [10, 1, 11, 2], [4, 22, 5, 21], [20, 4, 21, 3], [12, 18, 13, 17]]"
11a_118_44,"[[13, 19, 14, 18], [9, 7, 10, 6], [17, 15, 18, 14], [15, 8, 16, 9], [7, 16, 8, 17], [19, 11, 20, 10], [3, 21, 4, 20], [1, 12, 2, 13], [11, 2, 12, 3], [5, 1, 6, 22], [21, 5, 22, 4]]"
11a_118_45,"[[21, 5, 22, 4], [13, 19, 14, 18], [9, 7, 10, 6], [17, 15, 18, 14], [15, 8, 16, 9], [7, 16, 8, 17], [19, 11, 20, 10], [3, 21, 4, 20], [1, 12, 2, 13], [11, 2, 12, 3], [5, 1, 6, 22]]"
11a_118_46,"[[5, 1, 6, 22], [21, 5, 22, 4], [13, 19, 14, 18], [9, 7, 10, 6], [17, 15, 18, 14], [15, 8, 16, 9], [7, 16, 8, 17], [19, 11, 20, 10], [3, 21, 4, 20], [1, 12, 2, 13], [11, 2, 12, 3]]"
11a_118_47,"[[11, 2, 12, 3], [5, 1, 6, 22], [21, 5, 22, 4], [13, 19, 14, 18], [9, 7, 10, 6], [17, 15, 18, 14], [15, 8, 16, 9], [7, 16, 8, 17], [19, 11, 20, 10], [3, 21, 4, 20], [1, 12, 2, 13]]"
11a_118_48,"[[1, 12, 2, 13], [11, 2, 12, 3], [5, 1, 6, 22], [21, 5, 22, 4], [13, 19, 14, 18], [9, 7, 10, 6], [17, 15, 18, 14], [15, 8, 16, 9], [7, 16, 8, 17], [19, 11, 20, 10], [3, 21, 4, 20]]"
11a_118_49,"[[3, 21, 4, 20], [1, 12, 2, 13], [11, 2, 12, 3], [5, 1, 6, 22], [21, 5, 22, 4], [13, 19, 14, 18], [9, 7, 10, 6], [17, 15, 18, 14], [15, 8, 16, 9], [7, 16, 8, 17], [19, 11, 20, 10]]"
11a_118_50,"[[19, 11, 20, 10], [3, 21, 4, 20], [1, 12, 2, 13], [11, 2, 12, 3], [5, 1, 6, 22], [21, 5, 22, 4], [13, 19, 14, 18], [9, 7, 10, 6], [17, 15, 18, 14], [15, 8, 16, 9], [7, 16, 8, 17]]"
11a_118_51,"[[7, 16, 8, 17], [19, 11, 20, 10], [3, 21, 4, 20], [1, 12, 2, 13], [11, 2, 12, 3], [5, 1, 6, 22], [21, 5, 22, 4], [13, 19, 14, 18], [9, 7, 10, 6], [17, 15, 18, 14], [15, 8, 16, 9]]"
11a_118_52,"[[15, 8, 16, 9], [7, 16, 8, 17], [19, 11, 20, 10], [3, 21, 4, 20], [1, 12, 2, 13], [11, 2, 12, 3], [5, 1, 6, 22], [21, 5, 22, 4], [13, 19, 14, 18], [9, 7, 10, 6], [17, 15, 18, 14]]"
11a_118_53,"[[17, 15, 18, 14], [15, 8, 16, 9], [7, 16, 8, 17], [19, 11, 20, 10], [3, 21, 4, 20], [1, 12, 2, 13], [11, 2, 12, 3], [5, 1, 6, 22], [21, 5, 22, 4], [13, 19, 14, 18], [9, 7, 10, 6]]"
11a_118_54,"[[9, 7, 10, 6], [17, 15, 18, 14], [15, 8, 16, 9], [7, 16, 8, 17], [19, 11, 20, 10], [3, 21, 4, 20], [1, 12, 2, 13], [11, 2, 12, 3], [5, 1, 6, 22], [21, 5, 22, 4], [13, 19, 14, 18]]"
11a_118_55,"[[14, 20, 15, 19], [10, 8, 11, 7], [18, 16, 19, 15], [16, 9, 17, 10], [8, 17, 9, 18], [20, 12, 21, 11], [4, 22, 5, 21], [2, 13, 3, 14], [12, 3, 13, 4], [6, 2, 7, 1], [22, 6, 1, 5]]"
11a_118_56,"[[22, 6, 1, 5], [14, 20, 15, 19], [10, 8, 11, 7], [18, 16, 19, 15], [16, 9, 17, 10], [8, 17, 9, 18], [20, 12, 21, 11], [4, 22, 5, 21], [2, 13, 3, 14], [12, 3, 13, 4], [6, 2, 7, 1]]"
11a_118_57,"[[6, 2, 7, 1], [22, 6, 1, 5], [14, 20, 15, 19], [10, 8, 11, 7], [18, 16, 19, 15], [16, 9, 17, 10], [8, 17, 9, 18], [20, 12, 21, 11], [4, 22, 5, 21], [2, 13, 3, 14], [12, 3, 13, 4]]"
11a_118_58,"[[12, 3, 13, 4], [6, 2, 7, 1], [22, 6, 1, 5], [14, 20, 15, 19], [10, 8, 11, 7], [18, 16, 19, 15], [16, 9, 17, 10], [8, 17, 9, 18], [20, 12, 21, 11], [4, 22, 5, 21], [2, 13, 3, 14]]"
11a_118_59,"[[2, 13, 3, 14], [12, 3, 13, 4], [6, 2, 7, 1], [22, 6, 1, 5], [14, 20, 15, 19], [10, 8, 11, 7], [18, 16, 19, 15], [16, 9, 17, 10], [8, 17, 9, 18], [20, 12, 21, 11], [4, 22, 5, 21]]"
11a_118_60,"[[4, 22, 5, 21], [2, 13, 3, 14], [12, 3, 13, 4], [6, 2, 7, 1], [22, 6, 1, 5], [14, 20, 15, 19], [10, 8, 11, 7], [18, 16, 19, 15], [16, 9, 17, 10], [8, 17, 9, 18], [20, 12, 21, 11]]"
11a_118_61,"[[20, 12, 21, 11], [4, 22, 5, 21], [2, 13, 3, 14], [12, 3, 13, 4], [6, 2, 7, 1], [22, 6, 1, 5], [14, 20, 15, 19], [10, 8, 11, 7], [18, 16, 19, 15], [16, 9, 17, 10], [8, 17, 9, 18]]"
11a_118_62,"[[8, 17, 9, 18], [20, 12, 21, 11], [4, 22, 5, 21], [2, 13, 3, 14], [12, 3, 13, 4], [6, 2, 7, 1], [22, 6, 1, 5], [14, 20, 15, 19], [10, 8, 11, 7], [18, 16, 19, 15], [16, 9, 17, 10]]"
11a_118_63,"[[16, 9, 17, 10], [8, 17, 9, 18], [20, 12, 21, 11], [4, 22, 5, 21], [2, 13, 3, 14], [12, 3, 13, 4], [6, 2, 7, 1], [22, 6, 1, 5], [14, 20, 15, 19], [10, 8, 11, 7], [18, 16, 19, 15]]"
11a_118_64,"[[18, 16, 19, 15], [16, 9, 17, 10], [8, 17, 9, 18], [20, 12, 21, 11], [4, 22, 5, 21], [2, 13, 3, 14], [12, 3, 13, 4], [6, 2, 7, 1], [22, 6, 1, 5], [14, 20, 15, 19], [10, 8, 11, 7]]"
11a_118_65,"[[10, 8, 11, 7], [18, 16, 19, 15], [16, 9, 17, 10], [8, 17, 9, 18], [20, 12, 21, 11], [4, 22, 5, 21], [2, 13, 3, 14], [12, 3, 13, 4], [6, 2, 7, 1], [22, 6, 1, 5], [14, 20, 15, 19]]"
11a_118_66,"[[15, 21, 16, 20], [11, 9, 12, 8], [19, 17, 20, 16], [17, 10, 18, 11], [9, 18, 10, 19], [21, 13, 22, 12], [5, 1, 6, 22], [3, 14, 4, 15], [13, 4, 14, 5], [7, 3, 8, 2], [1, 7, 2, 6]]"
11a_118_67,"[[1, 7, 2, 6], [15, 21, 16, 20], [11, 9, 12, 8], [19, 17, 20, 16], [17, 10, 18, 11], [9, 18, 10, 19], [21, 13, 22, 12], [5, 1, 6, 22], [3, 14, 4, 15], [13, 4, 14, 5], [7, 3, 8, 2]]"
11a_118_68,"[[7, 3, 8, 2], [1, 7, 2, 6], [15, 21, 16, 20], [11, 9, 12, 8], [19, 17, 20, 16], [17, 10, 18, 11], [9, 18, 10, 19], [21, 13, 22, 12], [5, 1, 6, 22], [3, 14, 4, 15], [13, 4, 14, 5]]"
11a_118_69,"[[13, 4, 14, 5], [7, 3, 8, 2], [1, 7, 2, 6], [15, 21, 16, 20], [11, 9, 12, 8], [19, 17, 20, 16], [17, 10, 18, 11], [9, 18, 10, 19], [21, 13, 22, 12], [5, 1, 6, 22], [3, 14, 4, 15]]"
11a_118_70,"[[3, 14, 4, 15], [13, 4, 14, 5], [7, 3, 8, 2], [1, 7, 2, 6], [15, 21, 16, 20], [11, 9, 12, 8], [19, 17, 20, 16], [17, 10, 18, 11], [9, 18, 10, 19], [21, 13, 22, 12], [5, 1, 6, 22]]"
11a_118_71,"[[5, 1, 6, 22], [3, 14, 4, 15], [13, 4, 14, 5], [7, 3, 8, 2], [1, 7, 2, 6], [15, 21, 16, 20], [11, 9, 12, 8], [19, 17, 20, 16], [17, 10, 18, 11], [9, 18, 10, 19], [21, 13, 22, 12]]"
11a_118_72,"[[21, 13, 22, 12], [5, 1, 6, 22], [3, 14, 4, 15], [13, 4, 14, 5], [7, 3, 8, 2], [1, 7, 2, 6], [15, 21, 16, 20], [11, 9, 12, 8], [19, 17, 20, 16], [17, 10, 18, 11], [9, 18, 10, 19]]"
11a_118_73,"[[9, 18, 10, 19], [21, 13, 22, 12], [5, 1, 6, 22], [3, 14, 4, 15], [13, 4, 14, 5], [7, 3, 8, 2], [1, 7, 2, 6], [15, 21, 16, 20], [11, 9, 12, 8], [19, 17, 20, 16], [17, 10, 18, 11]]"
11a_118_74,"[[17, 10, 18, 11], [9, 18, 10, 19], [21, 13, 22, 12], [5, 1, 6, 22], [3, 14, 4, 15], [13, 4, 14, 5], [7, 3, 8, 2], [1, 7, 2, 6], [15, 21, 16, 20], [11, 9, 12, 8], [19, 17, 20, 16]]"
11a_118_75,"[[19, 17, 20, 16], [17, 10, 18, 11], [9, 18, 10, 19], [21, 13, 22, 12], [5, 1, 6, 22], [3, 14, 4, 15], [13, 4, 14, 5], [7, 3, 8, 2], [1, 7, 2, 6], [15, 21, 16, 20], [11, 9, 12, 8]]"
11a_118_76,"[[11, 9, 12, 8], [19, 17, 20, 16], [17, 10, 18, 11], [9, 18, 10, 19], [21, 13, 22, 12], [5, 1, 6, 22], [3, 14, 4, 15], [13, 4, 14, 5], [7, 3, 8, 2], [1, 7, 2, 6], [15, 21, 16, 20]]"
11a_118_77,"[[16, 22, 17, 21], [12, 10, 13, 9], [20, 18, 21, 17], [18, 11, 19, 12], [10, 19, 11, 20], [22, 14, 1, 13], [6, 2, 7, 1], [4, 15, 5, 16], [14, 5, 15, 6], [8, 4, 9, 3], [2, 8, 3, 7]]"
11a_118_78,"[[2, 8, 3, 7], [16, 22, 17, 21], [12, 10, 13, 9], [20, 18, 21, 17], [18, 11, 19, 12], [10, 19, 11, 20], [22, 14, 1, 13], [6, 2, 7, 1], [4, 15, 5, 16], [14, 5, 15, 6], [8, 4, 9, 3]]"
11a_118_79,"[[8, 4, 9, 3], [2, 8, 3, 7], [16, 22, 17, 21], [12, 10, 13, 9], [20, 18, 21, 17], [18, 11, 19, 12], [10, 19, 11, 20], [22, 14, 1, 13], [6, 2, 7, 1], [4, 15, 5, 16], [14, 5, 15, 6]]"
11a_118_80,"[[14, 5, 15, 6], [8, 4, 9, 3], [2, 8, 3, 7], [16, 22, 17, 21], [12, 10, 13, 9], [20, 18, 21, 17], [18, 11, 19, 12], [10, 19, 11, 20], [22, 14, 1, 13], [6, 2, 7, 1], [4, 15, 5, 16]]"
11a_118_81,"[[4, 15, 5, 16], [14, 5, 15, 6], [8, 4, 9, 3], [2, 8, 3, 7], [16, 22, 17, 21], [12, 10, 13, 9], [20, 18, 21, 17], [18, 11, 19, 12], [10, 19, 11, 20], [22, 14, 1, 13], [6, 2, 7, 1]]"
11a_118_82,"[[6, 2, 7, 1], [4, 15, 5, 16], [14, 5, 15, 6], [8, 4, 9, 3], [2, 8, 3, 7], [16, 22, 17, 21], [12, 10, 13, 9], [20, 18, 21, 17], [18, 11, 19, 12], [10, 19, 11, 20], [22, 14, 1, 13]]"
11a_118_83,"[[22, 14, 1, 13], [6, 2, 7, 1], [4, 15, 5, 16], [14, 5, 15, 6], [8, 4, 9, 3], [2, 8, 3, 7], [16, 22, 17, 21], [12, 10, 13, 9], [20, 18, 21, 17], [18, 11, 19, 12], [10, 19, 11, 20]]"
11a_118_84,"[[10, 19, 11, 20], [22, 14, 1, 13], [6, 2, 7, 1], [4, 15, 5, 16], [14, 5, 15, 6], [8, 4, 9, 3], [2, 8, 3, 7], [16, 22, 17, 21], [12, 10, 13, 9], [20, 18, 21, 17], [18, 11, 19, 12]]"
11a_118_85,"[[18, 11, 19, 12], [10, 19, 11, 20], [22, 14, 1, 13], [6, 2, 7, 1], [4, 15, 5, 16], [14, 5, 15, 6], [8, 4, 9, 3], [2, 8, 3, 7], [16, 22, 17, 21], [12, 10, 13, 9], [20, 18, 21, 17]]"
11a_118_86,"[[20, 18, 21, 17], [18, 11, 19, 12], [10, 19, 11, 20], [22, 14, 1, 13], [6, 2, 7, 1], [4, 15, 5, 16], [14, 5, 15, 6], [8, 4, 9, 3], [2, 8, 3, 7], [16, 22, 17, 21], [12, 10, 13, 9]]"
11a_118_87,"[[12, 10, 13, 9], [20, 18, 21, 17], [18, 11, 19, 12], [10, 19, 11, 20], [22, 14, 1, 13], [6, 2, 7, 1], [4, 15, 5, 16], [14, 5, 15, 6], [8, 4, 9, 3], [2, 8, 3, 7], [16, 22, 17, 21]]"
11a_118_88,"[[17, 1, 18, 22], [13, 11, 14, 10], [21, 19, 22, 18], [19, 12, 20, 13], [11, 20, 12, 21], [1, 15, 2, 14], [7, 3, 8, 2], [5, 16, 6, 17], [15, 6, 16, 7], [9, 5, 10, 4], [3, 9, 4, 8]]"
11a_118_89,"[[3, 9, 4, 8], [17, 1, 18, 22], [13, 11, 14, 10], [21, 19, 22, 18], [19, 12, 20, 13], [11, 20, 12, 21], [1, 15, 2, 14], [7, 3, 8, 2], [5, 16, 6, 17], [15, 6, 16, 7], [9, 5, 10, 4]]"
11a_118_90,"[[9, 5, 10, 4], [3, 9, 4, 8], [17, 1, 18, 22], [13, 11, 14, 10], [21, 19, 22, 18], [19, 12, 20, 13], [11, 20, 12, 21], [1, 15, 2, 14], [7, 3, 8, 2], [5, 16, 6, 17], [15, 6, 16, 7]]"
11a_118_91,"[[15, 6, 16, 7], [9, 5, 10, 4], [3, 9, 4, 8], [17, 1, 18, 22], [13, 11, 14, 10], [21, 19, 22, 18], [19, 12, 20, 13], [11, 20, 12, 21], [1, 15, 2, 14], [7, 3, 8, 2], [5, 16, 6, 17]]"
11a_118_92,"[[5, 16, 6, 17], [15, 6, 16, 7], [9, 5, 10, 4], [3, 9, 4, 8], [17, 1, 18, 22], [13, 11, 14, 10], [21, 19, 22, 18], [19, 12, 20, 13], [11, 20, 12, 21], [1, 15, 2, 14], [7, 3, 8, 2]]"
11a_118_93,"[[7, 3, 8, 2], [5, 16, 6, 17], [15, 6, 16, 7], [9, 5, 10, 4], [3, 9, 4, 8], [17, 1, 18, 22], [13, 11, 14, 10], [21, 19, 22, 18], [19, 12, 20, 13], [11, 20, 12, 21], [1, 15, 2, 14]]"
11a_118_94,"[[1, 15, 2, 14], [7, 3, 8, 2], [5, 16, 6, 17], [15, 6, 16, 7], [9, 5, 10, 4], [3, 9, 4, 8], [17, 1, 18, 22], [13, 11, 14, 10], [21, 19, 22, 18], [19, 12, 20, 13], [11, 20, 12, 21]]"
11a_118_95,"[[11, 20, 12, 21], [1, 15, 2, 14], [7, 3, 8, 2], [5, 16, 6, 17], [15, 6, 16, 7], [9, 5, 10, 4], [3, 9, 4, 8], [17, 1, 18, 22], [13, 11, 14, 10], [21, 19, 22, 18], [19, 12, 20, 13]]"
11a_118_96,"[[19, 12, 20, 13], [11, 20, 12, 21], [1, 15, 2, 14], [7, 3, 8, 2], [5, 16, 6, 17], [15, 6, 16, 7], [9, 5, 10, 4], [3, 9, 4, 8], [17, 1, 18, 22], [13, 11, 14, 10], [21, 19, 22, 18]]"
11a_118_97,"[[21, 19, 22, 18], [19, 12, 20, 13], [11, 20, 12, 21], [1, 15, 2, 14], [7, 3, 8, 2], [5, 16, 6, 17], [15, 6, 16, 7], [9, 5, 10, 4], [3, 9, 4, 8], [17, 1, 18, 22], [13, 11, 14, 10]]"
11a_118_98,"[[13, 11, 14, 10], [21, 19, 22, 18], [19, 12, 20, 13], [11, 20, 12, 21], [1, 15, 2, 14], [7, 3, 8, 2], [5, 16, 6, 17], [15, 6, 16, 7], [9, 5, 10, 4], [3, 9, 4, 8], [17, 1, 18, 22]]"
11a_118_99,"[[18, 2, 19, 1], [14, 12, 15, 11], [22, 20, 1, 19], [20, 13, 21, 14], [12, 21, 13, 22], [2, 16, 3, 15], [8, 4, 9, 3], [6, 17, 7, 18], [16, 7, 17, 8], [10, 6, 11, 5], [4, 10, 5, 9]]"
11a_118_100,"[[4, 10, 5, 9], [18, 2, 19, 1], [14, 12, 15, 11], [22, 20, 1, 19], [20, 13, 21, 14], [12, 21, 13, 22], [2, 16, 3, 15], [8, 4, 9, 3], [6, 17, 7, 18], [16, 7, 17, 8], [10, 6, 11, 5]]"
11a_118_101,"[[10, 6, 11, 5], [4, 10, 5, 9], [18, 2, 19, 1], [14, 12, 15, 11], [22, 20, 1, 19], [20, 13, 21, 14], [12, 21, 13, 22], [2, 16, 3, 15], [8, 4, 9, 3], [6, 17, 7, 18], [16, 7, 17, 8]]"
11a_118_102,"[[16, 7, 17, 8], [10, 6, 11, 5], [4, 10, 5, 9], [18, 2, 19, 1], [14, 12, 15, 11], [22, 20, 1, 19], [20, 13, 21, 14], [12, 21, 13, 22], [2, 16, 3, 15], [8, 4, 9, 3], [6, 17, 7, 18]]"
11a_118_103,"[[6, 17, 7, 18], [16, 7, 17, 8], [10, 6, 11, 5], [4, 10, 5, 9], [18, 2, 19, 1], [14, 12, 15, 11], [22, 20, 1, 19], [20, 13, 21, 14], [12, 21, 13, 22], [2, 16, 3, 15], [8, 4, 9, 3]]"
11a_118_104,"[[8, 4, 9, 3], [6, 17, 7, 18], [16, 7, 17, 8], [10, 6, 11, 5], [4, 10, 5, 9], [18, 2, 19, 1], [14, 12, 15, 11], [22, 20, 1, 19], [20, 13, 21, 14], [12, 21, 13, 22], [2, 16, 3, 15]]"
11a_118_105,"[[2, 16, 3, 15], [8, 4, 9, 3], [6, 17, 7, 18], [16, 7, 17, 8], [10, 6, 11, 5], [4, 10, 5, 9], [18, 2, 19, 1], [14, 12, 15, 11], [22, 20, 1, 19], [20, 13, 21, 14], [12, 21, 13, 22]]"
11a_118_106,"[[12, 21, 13, 22], [2, 16, 3, 15], [8, 4, 9, 3], [6, 17, 7, 18], [16, 7, 17, 8], [10, 6, 11, 5], [4, 10, 5, 9], [18, 2, 19, 1], [14, 12, 15, 11], [22, 20, 1, 19], [20, 13, 21, 14]]"
11a_118_107,"[[20, 13, 21, 14], [12, 21, 13, 22], [2, 16, 3, 15], [8, 4, 9, 3], [6, 17, 7, 18], [16, 7, 17, 8], [10, 6, 11, 5], [4, 10, 5, 9], [18, 2, 19, 1], [14, 12, 15, 11], [22, 20, 1, 19]]"
11a_118_108,"[[22, 20, 1, 19], [20, 13, 21, 14], [12, 21, 13, 22], [2, 16, 3, 15], [8, 4, 9, 3], [6, 17, 7, 18], [16, 7, 17, 8], [10, 6, 11, 5], [4, 10, 5, 9], [18, 2, 19, 1], [14, 12, 15, 11]]"
11a_118_109,"[[14, 12, 15, 11], [22, 20, 1, 19], [20, 13, 21, 14], [12, 21, 13, 22], [2, 16, 3, 15], [8, 4, 9, 3], [6, 17, 7, 18], [16, 7, 17, 8], [10, 6, 11, 5], [4, 10, 5, 9], [18, 2, 19, 1]]"
11a_118_110,"[[19, 3, 20, 2], [15, 13, 16, 12], [1, 21, 2, 20], [21, 14, 22, 15], [13, 22, 14, 1], [3, 17, 4, 16], [9, 5, 10, 4], [7, 18, 8, 19], [17, 8, 18, 9], [11, 7, 12, 6], [5, 11, 6, 10]]"
11a_118_111,"[[5, 11, 6, 10], [19, 3, 20, 2], [15, 13, 16, 12], [1, 21, 2, 20], [21, 14, 22, 15], [13, 22, 14, 1], [3, 17, 4, 16], [9, 5, 10, 4], [7, 18, 8, 19], [17, 8, 18, 9], [11, 7, 12, 6]]"
11a_118_112,"[[11, 7, 12, 6], [5, 11, 6, 10], [19, 3, 20, 2], [15, 13, 16, 12], [1, 21, 2, 20], [21, 14, 22, 15], [13, 22, 14, 1], [3, 17, 4, 16], [9, 5, 10, 4], [7, 18, 8, 19], [17, 8, 18, 9]]"
11a_118_113,"[[17, 8, 18, 9], [11, 7, 12, 6], [5, 11, 6, 10], [19, 3, 20, 2], [15, 13, 16, 12], [1, 21, 2, 20], [21, 14, 22, 15], [13, 22, 14, 1], [3, 17, 4, 16], [9, 5, 10, 4], [7, 18, 8, 19]]"
11a_118_114,"[[7, 18, 8, 19], [17, 8, 18, 9], [11, 7, 12, 6], [5, 11, 6, 10], [19, 3, 20, 2], [15, 13, 16, 12], [1, 21, 2, 20], [21, 14, 22, 15], [13, 22, 14, 1], [3, 17, 4, 16], [9, 5, 10, 4]]"
11a_118_115,"[[9, 5, 10, 4], [7, 18, 8, 19], [17, 8, 18, 9], [11, 7, 12, 6], [5, 11, 6, 10], [19, 3, 20, 2], [15, 13, 16, 12], [1, 21, 2, 20], [21, 14, 22, 15], [13, 22, 14, 1], [3, 17, 4, 16]]"
11a_118_116,"[[3, 17, 4, 16], [9, 5, 10, 4], [7, 18, 8, 19], [17, 8, 18, 9], [11, 7, 12, 6], [5, 11, 6, 10], [19, 3, 20, 2], [15, 13, 16, 12], [1, 21, 2, 20], [21, 14, 22, 15], [13, 22, 14, 1]]"
11a_118_117,"[[13, 22, 14, 1], [3, 17, 4, 16], [9, 5, 10, 4], [7, 18, 8, 19], [17, 8, 18, 9], [11, 7, 12, 6], [5, 11, 6, 10], [19, 3, 20, 2], [15, 13, 16, 12], [1, 21, 2, 20], [21, 14, 22, 15]]"
11a_118_118,"[[21, 14, 22, 15], [13, 22, 14, 1], [3, 17, 4, 16], [9, 5, 10, 4], [7, 18, 8, 19], [17, 8, 18, 9], [11, 7, 12, 6], [5, 11, 6, 10], [19, 3, 20, 2], [15, 13, 16, 12], [1, 21, 2, 20]]"
11a_118_119,"[[1, 21, 2, 20], [21, 14, 22, 15], [13, 22, 14, 1], [3, 17, 4, 16], [9, 5, 10, 4], [7, 18, 8, 19], [17, 8, 18, 9], [11, 7, 12, 6], [5, 11, 6, 10], [19, 3, 20, 2], [15, 13, 16, 12]]"
11a_118_120,"[[15, 13, 16, 12], [1, 21, 2, 20], [21, 14, 22, 15], [13, 22, 14, 1], [3, 17, 4, 16], [9, 5, 10, 4], [7, 18, 8, 19], [17, 8, 18, 9], [11, 7, 12, 6], [5, 11, 6, 10], [19, 3, 20, 2]]"
11a_118_121,"[[20, 4, 21, 3], [16, 14, 17, 13], [2, 22, 3, 21], [22, 15, 1, 16], [14, 1, 15, 2], [4, 18, 5, 17], [10, 6, 11, 5], [8, 19, 9, 20], [18, 9, 19, 10], [12, 8, 13, 7], [6, 12, 7, 11]]"
11a_118_122,"[[6, 12, 7, 11], [20, 4, 21, 3], [16, 14, 17, 13], [2, 22, 3, 21], [22, 15, 1, 16], [14, 1, 15, 2], [4, 18, 5, 17], [10, 6, 11, 5], [8, 19, 9, 20], [18, 9, 19, 10], [12, 8, 13, 7]]"
11a_118_123,"[[12, 8, 13, 7], [6, 12, 7, 11], [20, 4, 21, 3], [16, 14, 17, 13], [2, 22, 3, 21], [22, 15, 1, 16], [14, 1, 15, 2], [4, 18, 5, 17], [10, 6, 11, 5], [8, 19, 9, 20], [18, 9, 19, 10]]"
11a_118_124,"[[18, 9, 19, 10], [12, 8, 13, 7], [6, 12, 7, 11], [20, 4, 21, 3], [16, 14, 17, 13], [2, 22, 3, 21], [22, 15, 1, 16], [14, 1, 15, 2], [4, 18, 5, 17], [10, 6, 11, 5], [8, 19, 9, 20]]"
11a_118_125,"[[8, 19, 9, 20], [18, 9, 19, 10], [12, 8, 13, 7], [6, 12, 7, 11], [20, 4, 21, 3], [16, 14, 17, 13], [2, 22, 3, 21], [22, 15, 1, 16], [14, 1, 15, 2], [4, 18, 5, 17], [10, 6, 11, 5]]"
11a_118_126,"[[10, 6, 11, 5], [8, 19, 9, 20], [18, 9, 19, 10], [12, 8, 13, 7], [6, 12, 7, 11], [20, 4, 21, 3], [16, 14, 17, 13], [2, 22, 3, 21], [22, 15, 1, 16], [14, 1, 15, 2], [4, 18, 5, 17]]"
11a_118_127,"[[4, 18, 5, 17], [10, 6, 11, 5], [8, 19, 9, 20], [18, 9, 19, 10], [12, 8, 13, 7], [6, 12, 7, 11], [20, 4, 21, 3], [16, 14, 17, 13], [2, 22, 3, 21], [22, 15, 1, 16], [14, 1, 15, 2]]"
11a_118_128,"[[14, 1, 15, 2], [4, 18, 5, 17], [10, 6, 11, 5], [8, 19, 9, 20], [18, 9, 19, 10], [12, 8, 13, 7], [6, 12, 7, 11], [20, 4, 21, 3], [16, 14, 17, 13], [2, 22, 3, 21], [22, 15, 1, 16]]"
11a_118_129,"[[22, 15, 1, 16], [14, 1, 15, 2], [4, 18, 5, 17], [10, 6, 11, 5], [8, 19, 9, 20], [18, 9, 19, 10], [12, 8, 13, 7], [6, 12, 7, 11], [20, 4, 21, 3], [16, 14, 17, 13], [2, 22, 3, 21]]"
11a_118_130,"[[2, 22, 3, 21], [22, 15, 1, 16], [14, 1, 15, 2], [4, 18, 5, 17], [10, 6, 11, 5], [8, 19, 9, 20], [18, 9, 19, 10], [12, 8, 13, 7], [6, 12, 7, 11], [20, 4, 21, 3], [16, 14, 17, 13]]"
11a_118_131,"[[16, 14, 17, 13], [2, 22, 3, 21], [22, 15, 1, 16], [14, 1, 15, 2], [4, 18, 5, 17], [10, 6, 11, 5], [8, 19, 9, 20], [18, 9, 19, 10], [12, 8, 13, 7], [6, 12, 7, 11], [20, 4, 21, 3]]"
11a_118_132,"[[21, 5, 22, 4], [17, 15, 18, 14], [3, 1, 4, 22], [1, 16, 2, 17], [15, 2, 16, 3], [5, 19, 6, 18], [11, 7, 12, 6], [9, 20, 10, 21], [19, 10, 20, 11], [13, 9, 14, 8], [7, 13, 8, 12]]"
11a_118_133,"[[7, 13, 8, 12], [21, 5, 22, 4], [17, 15, 18, 14], [3, 1, 4, 22], [1, 16, 2, 17], [15, 2, 16, 3], [5, 19, 6, 18], [11, 7, 12, 6], [9, 20, 10, 21], [19, 10, 20, 11], [13, 9, 14, 8]]"
11a_118_134,"[[13, 9, 14, 8], [7, 13, 8, 12], [21, 5, 22, 4], [17, 15, 18, 14], [3, 1, 4, 22], [1, 16, 2, 17], [15, 2, 16, 3], [5, 19, 6, 18], [11, 7, 12, 6], [9, 20, 10, 21], [19, 10, 20, 11]]"
11a_118_135,"[[19, 10, 20, 11], [13, 9, 14, 8], [7, 13, 8, 12], [21, 5, 22, 4], [17, 15, 18, 14], [3, 1, 4, 22], [1, 16, 2, 17], [15, 2, 16, 3], [5, 19, 6, 18], [11, 7, 12, 6], [9, 20, 10, 21]]"
11a_118_136,"[[9, 20, 10, 21], [19, 10, 20, 11], [13, 9, 14, 8], [7, 13, 8, 12], [21, 5, 22, 4], [17, 15, 18, 14], [3, 1, 4, 22], [1, 16, 2, 17], [15, 2, 16, 3], [5, 19, 6, 18], [11, 7, 12, 6]]"
11a_118_137,"[[11, 7, 12, 6], [9, 20, 10, 21], [19, 10, 20, 11], [13, 9, 14, 8], [7, 13, 8, 12], [21, 5, 22, 4], [17, 15, 18, 14], [3, 1, 4, 22], [1, 16, 2, 17], [15, 2, 16, 3], [5, 19, 6, 18]]"
11a_118_138,"[[5, 19, 6, 18], [11, 7, 12, 6], [9, 20, 10, 21], [19, 10, 20, 11], [13, 9, 14, 8], [7, 13, 8, 12], [21, 5, 22, 4], [17, 15, 18, 14], [3, 1, 4, 22], [1, 16, 2, 17], [15, 2, 16, 3]]"
11a_118_139,"[[15, 2, 16, 3], [5, 19, 6, 18], [11, 7, 12, 6], [9, 20, 10, 21], [19, 10, 20, 11], [13, 9, 14, 8], [7, 13, 8, 12], [21, 5, 22, 4], [17, 15, 18, 14], [3, 1, 4, 22], [1, 16, 2, 17]]"
11a_118_140,"[[1, 16, 2, 17], [15, 2, 16, 3], [5, 19, 6, 18], [11, 7, 12, 6], [9, 20, 10, 21], [19, 10, 20, 11], [13, 9, 14, 8], [7, 13, 8, 12], [21, 5, 22, 4], [17, 15, 18, 14], [3, 1, 4, 22]]"
11a_118_141,"[[3, 1, 4, 22], [1, 16, 2, 17], [15, 2, 16, 3], [5, 19, 6, 18], [11, 7, 12, 6], [9, 20, 10, 21], [19, 10, 20, 11], [13, 9, 14, 8], [7, 13, 8, 12], [21, 5, 22, 4], [17, 15, 18, 14]]"
11a_118_142,"[[17, 15, 18, 14], [3, 1, 4, 22], [1, 16, 2, 17], [15, 2, 16, 3], [5, 19, 6, 18], [11, 7, 12, 6], [9, 20, 10, 21], [19, 10, 20, 11], [13, 9, 14, 8], [7, 13, 8, 12], [21, 5, 22, 4]]"
11a_118_143,"[[22, 6, 1, 5], [18, 16, 19, 15], [4, 2, 5, 1], [2, 17, 3, 18], [16, 3, 17, 4], [6, 20, 7, 19], [12, 8, 13, 7], [10, 21, 11, 22], [20, 11, 21, 12], [14, 10, 15, 9], [8, 14, 9, 13]]"
11a_118_144,"[[8, 14, 9, 13], [22, 6, 1, 5], [18, 16, 19, 15], [4, 2, 5, 1], [2, 17, 3, 18], [16, 3, 17, 4], [6, 20, 7, 19], [12, 8, 13, 7], [10, 21, 11, 22], [20, 11, 21, 12], [14, 10, 15, 9]]"
11a_118_145,"[[14, 10, 15, 9], [8, 14, 9, 13], [22, 6, 1, 5], [18, 16, 19, 15], [4, 2, 5, 1], [2, 17, 3, 18], [16, 3, 17, 4], [6, 20, 7, 19], [12, 8, 13, 7], [10, 21, 11, 22], [20, 11, 21, 12]]"
11a_118_146,"[[20, 11, 21, 12], [14, 10, 15, 9], [8, 14, 9, 13], [22, 6, 1, 5], [18, 16, 19, 15], [4, 2, 5, 1], [2, 17, 3, 18], [16, 3, 17, 4], [6, 20, 7, 19], [12, 8, 13, 7], [10, 21, 11, 22]]"
11a_118_147,"[[10, 21, 11, 22], [20, 11, 21, 12], [14, 10, 15, 9], [8, 14, 9, 13], [22, 6, 1, 5], [18, 16, 19, 15], [4, 2, 5, 1], [2, 17, 3, 18], [16, 3, 17, 4], [6, 20, 7, 19], [12, 8, 13, 7]]"
11a_118_148,"[[12, 8, 13, 7], [10, 21, 11, 22], [20, 11, 21, 12], [14, 10, 15, 9], [8, 14, 9, 13], [22, 6, 1, 5], [18, 16, 19, 15], [4, 2, 5, 1], [2, 17, 3, 18], [16, 3, 17, 4], [6, 20, 7, 19]]"
11a_118_149,"[[6, 20, 7, 19], [12, 8, 13, 7], [10, 21, 11, 22], [20, 11, 21, 12], [14, 10, 15, 9], [8, 14, 9, 13], [22, 6, 1, 5], [18, 16, 19, 15], [4, 2, 5, 1], [2, 17, 3, 18], [16, 3, 17, 4]]"
11a_118_150,"[[16, 3, 17, 4], [6, 20, 7, 19], [12, 8, 13, 7], [10, 21, 11, 22], [20, 11, 21, 12], [14, 10, 15, 9], [8, 14, 9, 13], [22, 6, 1, 5], [18, 16, 19, 15], [4, 2, 5, 1], [2, 17, 3, 18]]"
11a_118_151,"[[2, 17, 3, 18], [16, 3, 17, 4], [6, 20, 7, 19], [12, 8, 13, 7], [10, 21, 11, 22], [20, 11, 21, 12], [14, 10, 15, 9], [8, 14, 9, 13], [22, 6, 1, 5], [18, 16, 19, 15], [4, 2, 5, 1]]"
11a_118_152,"[[4, 2, 5, 1], [2, 17, 3, 18], [16, 3, 17, 4], [6, 20, 7, 19], [12, 8, 13, 7], [10, 21, 11, 22], [20, 11, 21, 12], [14, 10, 15, 9], [8, 14, 9, 13], [22, 6, 1, 5], [18, 16, 19, 15]]"
11a_118_153,"[[18, 16, 19, 15], [4, 2, 5, 1], [2, 17, 3, 18], [16, 3, 17, 4], [6, 20, 7, 19], [12, 8, 13, 7], [10, 21, 11, 22], [20, 11, 21, 12], [14, 10, 15, 9], [8, 14, 9, 13], [22, 6, 1, 5]]"
11a_118_154,"[[1, 7, 2, 6], [19, 17, 20, 16], [5, 3, 6, 2], [3, 18, 4, 19], [17, 4, 18, 5], [7, 21, 8, 20], [13, 9, 14, 8], [11, 22, 12, 1], [21, 12, 22, 13], [15, 11, 16, 10], [9, 15, 10, 14]]"
11a_118_155,"[[9, 15, 10, 14], [1, 7, 2, 6], [19, 17, 20, 16], [5, 3, 6, 2], [3, 18, 4, 19], [17, 4, 18, 5], [7, 21, 8, 20], [13, 9, 14, 8], [11, 22, 12, 1], [21, 12, 22, 13], [15, 11, 16, 10]]"
11a_118_156,"[[15, 11, 16, 10], [9, 15, 10, 14], [1, 7, 2, 6], [19, 17, 20, 16], [5, 3, 6, 2], [3, 18, 4, 19], [17, 4, 18, 5], [7, 21, 8, 20], [13, 9, 14, 8], [11, 22, 12, 1], [21, 12, 22, 13]]"
11a_118_157,"[[21, 12, 22, 13], [15, 11, 16, 10], [9, 15, 10, 14], [1, 7, 2, 6], [19, 17, 20, 16], [5, 3, 6, 2], [3, 18, 4, 19], [17, 4, 18, 5], [7, 21, 8, 20], [13, 9, 14, 8], [11, 22, 12, 1]]"
11a_118_158,"[[11, 22, 12, 1], [21, 12, 22, 13], [15, 11, 16, 10], [9, 15, 10, 14], [1, 7, 2, 6], [19, 17, 20, 16], [5, 3, 6, 2], [3, 18, 4, 19], [17, 4, 18, 5], [7, 21, 8, 20], [13, 9, 14, 8]]"
11a_118_159,"[[13, 9, 14, 8], [11, 22, 12, 1], [21, 12, 22, 13], [15, 11, 16, 10], [9, 15, 10, 14], [1, 7, 2, 6], [19, 17, 20, 16], [5, 3, 6, 2], [3, 18, 4, 19], [17, 4, 18, 5], [7, 21, 8, 20]]"
11a_118_160,"[[7, 21, 8, 20], [13, 9, 14, 8], [11, 22, 12, 1], [21, 12, 22, 13], [15, 11, 16, 10], [9, 15, 10, 14], [1, 7, 2, 6], [19, 17, 20, 16], [5, 3, 6, 2], [3, 18, 4, 19], [17, 4, 18, 5]]"
11a_118_161,"[[17, 4, 18, 5], [7, 21, 8, 20], [13, 9, 14, 8], [11, 22, 12, 1], [21, 12, 22, 13], [15, 11, 16, 10], [9, 15, 10, 14], [1, 7, 2, 6], [19, 17, 20, 16], [5, 3, 6, 2], [3, 18, 4, 19]]"
11a_118_162,"[[3, 18, 4, 19], [17, 4, 18, 5], [7, 21, 8, 20], [13, 9, 14, 8], [11, 22, 12, 1], [21, 12, 22, 13], [15, 11, 16, 10], [9, 15, 10, 14], [1, 7, 2, 6], [19, 17, 20, 16], [5, 3, 6, 2]]"
11a_118_163,"[[5, 3, 6, 2], [3, 18, 4, 19], [17, 4, 18, 5], [7, 21, 8, 20], [13, 9, 14, 8], [11, 22, 12, 1], [21, 12, 22, 13], [15, 11, 16, 10], [9, 15, 10, 14], [1, 7, 2, 6], [19, 17, 20, 16]]"
11a_118_164,"[[19, 17, 20, 16], [5, 3, 6, 2], [3, 18, 4, 19], [17, 4, 18, 5], [7, 21, 8, 20], [13, 9, 14, 8], [11, 22, 12, 1], [21, 12, 22, 13], [15, 11, 16, 10], [9, 15, 10, 14], [1, 7, 2, 6]]"
11a_118_165,"[[2, 8, 3, 7], [20, 18, 21, 17], [6, 4, 7, 3], [4, 19, 5, 20], [18, 5, 19, 6], [8, 22, 9, 21], [14, 10, 15, 9], [12, 1, 13, 2], [22, 13, 1, 14], [16, 12, 17, 11], [10, 16, 11, 15]]"
11a_118_166,"[[10, 16, 11, 15], [2, 8, 3, 7], [20, 18, 21, 17], [6, 4, 7, 3], [4, 19, 5, 20], [18, 5, 19, 6], [8, 22, 9, 21], [14, 10, 15, 9], [12, 1, 13, 2], [22, 13, 1, 14], [16, 12, 17, 11]]"
11a_118_167,"[[16, 12, 17, 11], [10, 16, 11, 15], [2, 8, 3, 7], [20, 18, 21, 17], [6, 4, 7, 3], [4, 19, 5, 20], [18, 5, 19, 6], [8, 22, 9, 21], [14, 10, 15, 9], [12, 1, 13, 2], [22, 13, 1, 14]]"
11a_118_168,"[[22, 13, 1, 14], [16, 12, 17, 11], [10, 16, 11, 15], [2, 8, 3, 7], [20, 18, 21, 17], [6, 4, 7, 3], [4, 19, 5, 20], [18, 5, 19, 6], [8, 22, 9, 21], [14, 10, 15, 9], [12, 1, 13, 2]]"
11a_118_169,"[[12, 1, 13, 2], [22, 13, 1, 14], [16, 12, 17, 11], [10, 16, 11, 15], [2, 8, 3, 7], [20, 18, 21, 17], [6, 4, 7, 3], [4, 19, 5, 20], [18, 5, 19, 6], [8, 22, 9, 21], [14, 10, 15, 9]]"
11a_118_170,"[[14, 10, 15, 9], [12, 1, 13, 2], [22, 13, 1, 14], [16, 12, 17, 11], [10, 16, 11, 15], [2, 8, 3, 7], [20, 18, 21, 17], [6, 4, 7, 3], [4, 19, 5, 20], [18, 5, 19, 6], [8, 22, 9, 21]]"
11a_118_171,"[[8, 22, 9, 21], [14, 10, 15, 9], [12, 1, 13, 2], [22, 13, 1, 14], [16, 12, 17, 11], [10, 16, 11, 15], [2, 8, 3, 7], [20, 18, 21, 17], [6, 4, 7, 3], [4, 19, 5, 20], [18, 5, 19, 6]]"
11a_118_172,"[[18, 5, 19, 6], [8, 22, 9, 21], [14, 10, 15, 9], [12, 1, 13, 2], [22, 13, 1, 14], [16, 12, 17, 11], [10, 16, 11, 15], [2, 8, 3, 7], [20, 18, 21, 17], [6, 4, 7, 3], [4, 19, 5, 20]]"
11a_118_173,"[[4, 19, 5, 20], [18, 5, 19, 6], [8, 22, 9, 21], [14, 10, 15, 9], [12, 1, 13, 2], [22, 13, 1, 14], [16, 12, 17, 11], [10, 16, 11, 15], [2, 8, 3, 7], [20, 18, 21, 17], [6, 4, 7, 3]]"
11a_118_174,"[[6, 4, 7, 3], [4, 19, 5, 20], [18, 5, 19, 6], [8, 22, 9, 21], [14, 10, 15, 9], [12, 1, 13, 2], [22, 13, 1, 14], [16, 12, 17, 11], [10, 16, 11, 15], [2, 8, 3, 7], [20, 18, 21, 17]]"
11a_118_175,"[[20, 18, 21, 17], [6, 4, 7, 3], [4, 19, 5, 20], [18, 5, 19, 6], [8, 22, 9, 21], [14, 10, 15, 9], [12, 1, 13, 2], [22, 13, 1, 14], [16, 12, 17, 11], [10, 16, 11, 15], [2, 8, 3, 7]]"
11a_118_176,"[[3, 9, 4, 8], [21, 19, 22, 18], [7, 5, 8, 4], [5, 20, 6, 21], [19, 6, 20, 7], [9, 1, 10, 22], [15, 11, 16, 10], [13, 2, 14, 3], [1, 14, 2, 15], [17, 13, 18, 12], [11, 17, 12, 16]]"
11a_118_177,"[[11, 17, 12, 16], [3, 9, 4, 8], [21, 19, 22, 18], [7, 5, 8, 4], [5, 20, 6, 21], [19, 6, 20, 7], [9, 1, 10, 22], [15, 11, 16, 10], [13, 2, 14, 3], [1, 14, 2, 15], [17, 13, 18, 12]]"
11a_118_178,"[[17, 13, 18, 12], [11, 17, 12, 16], [3, 9, 4, 8], [21, 19, 22, 18], [7, 5, 8, 4], [5, 20, 6, 21], [19, 6, 20, 7], [9, 1, 10, 22], [15, 11, 16, 10], [13, 2, 14, 3], [1, 14, 2, 15]]"
11a_118_179,"[[1, 14, 2, 15], [17, 13, 18, 12], [11, 17, 12, 16], [3, 9, 4, 8], [21, 19, 22, 18], [7, 5, 8, 4], [5, 20, 6, 21], [19, 6, 20, 7], [9, 1, 10, 22], [15, 11, 16, 10], [13, 2, 14, 3]]"
11a_118_180,"[[13, 2, 14, 3], [1, 14, 2, 15], [17, 13, 18, 12], [11, 17, 12, 16], [3, 9, 4, 8], [21, 19, 22, 18], [7, 5, 8, 4], [5, 20, 6, 21], [19, 6, 20, 7], [9, 1, 10, 22], [15, 11, 16, 10]]"
11a_118_181,"[[15, 11, 16, 10], [13, 2, 14, 3], [1, 14, 2, 15], [17, 13, 18, 12], [11, 17, 12, 16], [3, 9, 4, 8], [21, 19, 22, 18], [7, 5, 8, 4], [5, 20, 6, 21], [19, 6, 20, 7], [9, 1, 10, 22]]"
11a_118_182,"[[9, 1, 10, 22], [15, 11, 16, 10], [13, 2, 14, 3], [1, 14, 2, 15], [17, 13, 18, 12], [11, 17, 12, 16], [3, 9, 4, 8], [21, 19, 22, 18], [7, 5, 8, 4], [5, 20, 6, 21], [19, 6, 20, 7]]"
11a_118_183,"[[19, 6, 20, 7], [9, 1, 10, 22], [15, 11, 16, 10], [13, 2, 14, 3], [1, 14, 2, 15], [17, 13, 18, 12], [11, 17, 12, 16], [3, 9, 4, 8], [21, 19, 22, 18], [7, 5, 8, 4], [5, 20, 6, 21]]"
11a_118_184,"[[5, 20, 6, 21], [19, 6, 20, 7], [9, 1, 10, 22], [15, 11, 16, 10], [13, 2, 14, 3], [1, 14, 2, 15], [17, 13, 18, 12], [11, 17, 12, 16], [3, 9, 4, 8], [21, 19, 22, 18], [7, 5, 8, 4]]"
11a_118_185,"[[7, 5, 8, 4], [5, 20, 6, 21], [19, 6, 20, 7], [9, 1, 10, 22], [15, 11, 16, 10], [13, 2, 14, 3], [1, 14, 2, 15], [17, 13, 18, 12], [11, 17, 12, 16], [3, 9, 4, 8], [21, 19, 22, 18]]"
11a_118_186,"[[21, 19, 22, 18], [7, 5, 8, 4], [5, 20, 6, 21], [19, 6, 20, 7], [9, 1, 10, 22], [15, 11, 16, 10], [13, 2, 14, 3], [1, 14, 2, 15], [17, 13, 18, 12], [11, 17, 12, 16], [3, 9, 4, 8]]"
11a_118_187,"[[4, 10, 5, 9], [22, 20, 1, 19], [8, 6, 9, 5], [6, 21, 7, 22], [20, 7, 21, 8], [10, 2, 11, 1], [16, 12, 17, 11], [14, 3, 15, 4], [2, 15, 3, 16], [18, 14, 19, 13], [12, 18, 13, 17]]"
11a_118_188,"[[12, 18, 13, 17], [4, 10, 5, 9], [22, 20, 1, 19], [8, 6, 9, 5], [6, 21, 7, 22], [20, 7, 21, 8], [10, 2, 11, 1], [16, 12, 17, 11], [14, 3, 15, 4], [2, 15, 3, 16], [18, 14, 19, 13]]"
11a_118_189,"[[18, 14, 19, 13], [12, 18, 13, 17], [4, 10, 5, 9], [22, 20, 1, 19], [8, 6, 9, 5], [6, 21, 7, 22], [20, 7, 21, 8], [10, 2, 11, 1], [16, 12, 17, 11], [14, 3, 15, 4], [2, 15, 3, 16]]"
11a_118_190,"[[2, 15, 3, 16], [18, 14, 19, 13], [12, 18, 13, 17], [4, 10, 5, 9], [22, 20, 1, 19], [8, 6, 9, 5], [6, 21, 7, 22], [20, 7, 21, 8], [10, 2, 11, 1], [16, 12, 17, 11], [14, 3, 15, 4]]"
11a_118_191,"[[14, 3, 15, 4], [2, 15, 3, 16], [18, 14, 19, 13], [12, 18, 13, 17], [4, 10, 5, 9], [22, 20, 1, 19], [8, 6, 9, 5], [6, 21, 7, 22], [20, 7, 21, 8], [10, 2, 11, 1], [16, 12, 17, 11]]"
11a_118_192,"[[16, 12, 17, 11], [14, 3, 15, 4], [2, 15, 3, 16], [18, 14, 19, 13], [12, 18, 13, 17], [4, 10, 5, 9], [22, 20, 1, 19], [8, 6, 9, 5], [6, 21, 7, 22], [20, 7, 21, 8], [10, 2, 11, 1]]"
11a_118_193,"[[10, 2, 11, 1], [16, 12, 17, 11], [14, 3, 15, 4], [2, 15, 3, 16], [18, 14, 19, 13], [12, 18, 13, 17], [4, 10, 5, 9], [22, 20, 1, 19], [8, 6, 9, 5], [6, 21, 7, 22], [20, 7, 21, 8]]"
11a_118_194,"[[20, 7, 21, 8], [10, 2, 11, 1], [16, 12, 17, 11], [14, 3, 15, 4], [2, 15, 3, 16], [18, 14, 19, 13], [12, 18, 13, 17], [4, 10, 5, 9], [22, 20, 1, 19], [8, 6, 9, 5], [6, 21, 7, 22]]"
11a_118_195,"[[6, 21, 7, 22], [20, 7, 21, 8], [10, 2, 11, 1], [16, 12, 17, 11], [14, 3, 15, 4], [2, 15, 3, 16], [18, 14, 19, 13], [12, 18, 13, 17], [4, 10, 5, 9], [22, 20, 1, 19], [8, 6, 9, 5]]"
11a_118_196,"[[8, 6, 9, 5], [6, 21, 7, 22], [20, 7, 21, 8], [10, 2, 11, 1], [16, 12, 17, 11], [14, 3, 15, 4], [2, 15, 3, 16], [18, 14, 19, 13], [12, 18, 13, 17], [4, 10, 5, 9], [22, 20, 1, 19]]"
11a_118_197,"[[22, 20, 1, 19], [8, 6, 9, 5], [6, 21, 7, 22], [20, 7, 21, 8], [10, 2, 11, 1], [16, 12, 17, 11], [14, 3, 15, 4], [2, 15, 3, 16], [18, 14, 19, 13], [12, 18, 13, 17], [4, 10, 5, 9]]"
11a_118_198,"[[5, 11, 6, 10], [1, 21, 2, 20], [9, 7, 10, 6], [7, 22, 8, 1], [21, 8, 22, 9], [11, 3, 12, 2], [17, 13, 18, 12], [15, 4, 16, 5], [3, 16, 4, 17], [19, 15, 20, 14], [13, 19, 14, 18]]"
11a_118_199,"[[13, 19, 14, 18], [5, 11, 6, 10], [1, 21, 2, 20], [9, 7, 10, 6], [7, 22, 8, 1], [21, 8, 22, 9], [11, 3, 12, 2], [17, 13, 18, 12], [15, 4, 16, 5], [3, 16, 4, 17], [19, 15, 20, 14]]"
11a_118_200,"[[19, 15, 20, 14], [13, 19, 14, 18], [5, 11, 6, 10], [1, 21, 2, 20], [9, 7, 10, 6], [7, 22, 8, 1], [21, 8, 22, 9], [11, 3, 12, 2], [17, 13, 18, 12], [15, 4, 16, 5], [3, 16, 4, 17]]"
11a_118_201,"[[3, 16, 4, 17], [19, 15, 20, 14], [13, 19, 14, 18], [5, 11, 6, 10], [1, 21, 2, 20], [9, 7, 10, 6], [7, 22, 8, 1], [21, 8, 22, 9], [11, 3, 12, 2], [17, 13, 18, 12], [15, 4, 16, 5]]"
11a_118_202,"[[15, 4, 16, 5], [3, 16, 4, 17], [19, 15, 20, 14], [13, 19, 14, 18], [5, 11, 6, 10], [1, 21, 2, 20], [9, 7, 10, 6], [7, 22, 8, 1], [21, 8, 22, 9], [11, 3, 12, 2], [17, 13, 18, 12]]"
11a_118_203,"[[17, 13, 18, 12], [15, 4, 16, 5], [3, 16, 4, 17], [19, 15, 20, 14], [13, 19, 14, 18], [5, 11, 6, 10], [1, 21, 2, 20], [9, 7, 10, 6], [7, 22, 8, 1], [21, 8, 22, 9], [11, 3, 12, 2]]"
