name,pd_notation
11a_183_0,"[[11, 18, 12, 19], [5, 3, 6, 2], [15, 7, 16, 6], [13, 4, 14, 5], [3, 14, 4, 15], [1, 17, 2, 16], [17, 8, 18, 9], [7, 22, 8, 1], [21, 12, 22, 13], [9, 20, 10, 21], [19, 10, 20, 11]]"
11a_183_1,"[[19, 10, 20, 11], [11, 18, 12, 19], [5, 3, 6, 2], [15, 7, 16, 6], [13, 4, 14, 5], [3, 14, 4, 15], [1, 17, 2, 16], [17, 8, 18, 9], [7, 22, 8, 1], [21, 12, 22, 13], [9, 20, 10, 21]]"
11a_183_2,"[[9, 20, 10, 21], [19, 10, 20, 11], [11, 18, 12, 19], [5, 3, 6, 2], [15, 7, 16, 6], [13, 4, 14, 5], [3, 14, 4, 15], [1, 17, 2, 16], [17, 8, 18, 9], [7, 22, 8, 1], [21, 12, 22, 13]]"
11a_183_3,"[[21, 12, 22, 13], [9, 20, 10, 21], [19, 10, 20, 11], [11, 18, 12, 19], [5, 3, 6, 2], [15, 7, 16, 6], [13, 4, 14, 5], [3, 14, 4, 15], [1, 17, 2, 16], [17, 8, 18, 9], [7, 22, 8, 1]]"
11a_183_4,"[[7, 22, 8, 1], [21, 12, 22, 13], [9, 20, 10, 21], [19, 10, 20, 11], [11, 18, 12, 19], [5, 3, 6, 2], [15, 7, 16, 6], [13, 4, 14, 5], [3, 14, 4, 15], [1, 17, 2, 16], [17, 8, 18, 9]]"
11a_183_5,"[[17, 8, 18, 9], [7, 22, 8, 1], [21, 12, 22, 13], [9, 20, 10, 21], [19, 10, 20, 11], [11, 18, 12, 19], [5, 3, 6, 2], [15, 7, 16, 6], [13, 4, 14, 5], [3, 14, 4, 15], [1, 17, 2, 16]]"
11a_183_6,"[[1, 17, 2, 16], [17, 8, 18, 9], [7, 22, 8, 1], [21, 12, 22, 13], [9, 20, 10, 21], [19, 10, 20, 11], [11, 18, 12, 19], [5, 3, 6, 2], [15, 7, 16, 6], [13, 4, 14, 5], [3, 14, 4, 15]]"
11a_183_7,"[[3, 14, 4, 15], [1, 17, 2, 16], [17, 8, 18, 9], [7, 22, 8, 1], [21, 12, 22, 13], [9, 20, 10, 21], [19, 10, 20, 11], [11, 18, 12, 19], [5, 3, 6, 2], [15, 7, 16, 6], [13, 4, 14, 5]]"
11a_183_8,"[[13, 4, 14, 5], [3, 14, 4, 15], [1, 17, 2, 16], [17, 8, 18, 9], [7, 22, 8, 1], [21, 12, 22, 13], [9, 20, 10, 21], [19, 10, 20, 11], [11, 18, 12, 19], [5, 3, 6, 2], [15, 7, 16, 6]]"
11a_183_9,"[[15, 7, 16, 6], [13, 4, 14, 5], [3, 14, 4, 15], [1, 17, 2, 16], [17, 8, 18, 9], [7, 22, 8, 1], [21, 12, 22, 13], [9, 20, 10, 21], [19, 10, 20, 11], [11, 18, 12, 19], [5, 3, 6, 2]]"
11a_183_10,"[[5, 3, 6, 2], [15, 7, 16, 6], [13, 4, 14, 5], [3, 14, 4, 15], [1, 17, 2, 16], [17, 8, 18, 9], [7, 22, 8, 1], [21, 12, 22, 13], [9, 20, 10, 21], [19, 10, 20, 11], [11, 18, 12, 19]]"
11a_183_11,"[[12, 19, 13, 20], [6, 4, 7, 3], [16, 8, 17, 7], [14, 5, 15, 6], [4, 15, 5, 16], [2, 18, 3, 17], [18, 9, 19, 10], [8, 1, 9, 2], [22, 13, 1, 14], [10, 21, 11, 22], [20, 11, 21, 12]]"
11a_183_12,"[[20, 11, 21, 12], [12, 19, 13, 20], [6, 4, 7, 3], [16, 8, 17, 7], [14, 5, 15, 6], [4, 15, 5, 16], [2, 18, 3, 17], [18, 9, 19, 10], [8, 1, 9, 2], [22, 13, 1, 14], [10, 21, 11, 22]]"
11a_183_13,"[[10, 21, 11, 22], [20, 11, 21, 12], [12, 19, 13, 20], [6, 4, 7, 3], [16, 8, 17, 7], [14, 5, 15, 6], [4, 15, 5, 16], [2, 18, 3, 17], [18, 9, 19, 10], [8, 1, 9, 2], [22, 13, 1, 14]]"
11a_183_14,"[[22, 13, 1, 14], [10, 21, 11, 22], [20, 11, 21, 12], [12, 19, 13, 20], [6, 4, 7, 3], [16, 8, 17, 7], [14, 5, 15, 6], [4, 15, 5, 16], [2, 18, 3, 17], [18, 9, 19, 10], [8, 1, 9, 2]]"
11a_183_15,"[[8, 1, 9, 2], [22, 13, 1, 14], [10, 21, 11, 22], [20, 11, 21, 12], [12, 19, 13, 20], [6, 4, 7, 3], [16, 8, 17, 7], [14, 5, 15, 6], [4, 15, 5, 16], [2, 18, 3, 17], [18, 9, 19, 10]]"
11a_183_16,"[[18, 9, 19, 10], [8, 1, 9, 2], [22, 13, 1, 14], [10, 21, 11, 22], [20, 11, 21, 12], [12, 19, 13, 20], [6, 4, 7, 3], [16, 8, 17, 7], [14, 5, 15, 6], [4, 15, 5, 16], [2, 18, 3, 17]]"
11a_183_17,"[[2, 18, 3, 17], [18, 9, 19, 10], [8, 1, 9, 2], [22, 13, 1, 14], [10, 21, 11, 22], [20, 11, 21, 12], [12, 19, 13, 20], [6, 4, 7, 3], [16, 8, 17, 7], [14, 5, 15, 6], [4, 15, 5, 16]]"
11a_183_18,"[[4, 15, 5, 16], [2, 18, 3, 17], [18, 9, 19, 10], [8, 1, 9, 2], [22, 13, 1, 14], [10, 21, 11, 22], [20, 11, 21, 12], [12, 19, 13, 20], [6, 4, 7, 3], [16, 8, 17, 7], [14, 5, 15, 6]]"
11a_183_19,"[[14, 5, 15, 6], [4, 15, 5, 16], [2, 18, 3, 17], [18, 9, 19, 10], [8, 1, 9, 2], [22, 13, 1, 14], [10, 21, 11, 22], [20, 11, 21, 12], [12, 19, 13, 20], [6, 4, 7, 3], [16, 8, 17, 7]]"
11a_183_20,"[[16, 8, 17, 7], [14, 5, 15, 6], [4, 15, 5, 16], [2, 18, 3, 17], [18, 9, 19, 10], [8, 1, 9, 2], [22, 13, 1, 14], [10, 21, 11, 22], [20, 11, 21, 12], [12, 19, 13, 20], [6, 4, 7, 3]]"
11a_183_21,"[[6, 4, 7, 3], [16, 8, 17, 7], [14, 5, 15, 6], [4, 15, 5, 16], [2, 18, 3, 17], [18, 9, 19, 10], [8, 1, 9, 2], [22, 13, 1, 14], [10, 21, 11, 22], [20, 11, 21, 12], [12, 19, 13, 20]]"
11a_183_22,"[[13, 20, 14, 21], [7, 5, 8, 4], [17, 9, 18, 8], [15, 6, 16, 7], [5, 16, 6, 17], [3, 19, 4, 18], [19, 10, 20, 11], [9, 2, 10, 3], [1, 14, 2, 15], [11, 22, 12, 1], [21, 12, 22, 13]]"
11a_183_23,"[[21, 12, 22, 13], [13, 20, 14, 21], [7, 5, 8, 4], [17, 9, 18, 8], [15, 6, 16, 7], [5, 16, 6, 17], [3, 19, 4, 18], [19, 10, 20, 11], [9, 2, 10, 3], [1, 14, 2, 15], [11, 22, 12, 1]]"
11a_183_24,"[[11, 22, 12, 1], [21, 12, 22, 13], [13, 20, 14, 21], [7, 5, 8, 4], [17, 9, 18, 8], [15, 6, 16, 7], [5, 16, 6, 17], [3, 19, 4, 18], [19, 10, 20, 11], [9, 2, 10, 3], [1, 14, 2, 15]]"
11a_183_25,"[[1, 14, 2, 15], [11, 22, 12, 1], [21, 12, 22, 13], [13, 20, 14, 21], [7, 5, 8, 4], [17, 9, 18, 8], [15, 6, 16, 7], [5, 16, 6, 17], [3, 19, 4, 18], [19, 10, 20, 11], [9, 2, 10, 3]]"
11a_183_26,"[[9, 2, 10, 3], [1, 14, 2, 15], [11, 22, 12, 1], [21, 12, 22, 13], [13, 20, 14, 21], [7, 5, 8, 4], [17, 9, 18, 8], [15, 6, 16, 7], [5, 16, 6, 17], [3, 19, 4, 18], [19, 10, 20, 11]]"
11a_183_27,"[[19, 10, 20, 11], [9, 2, 10, 3], [1, 14, 2, 15], [11, 22, 12, 1], [21, 12, 22, 13], [13, 20, 14, 21], [7, 5, 8, 4], [17, 9, 18, 8], [15, 6, 16, 7], [5, 16, 6, 17], [3, 19, 4, 18]]"
11a_183_28,"[[3, 19, 4, 18], [19, 10, 20, 11], [9, 2, 10, 3], [1, 14, 2, 15], [11, 22, 12, 1], [21, 12, 22, 13], [13, 20, 14, 21], [7, 5, 8, 4], [17, 9, 18, 8], [15, 6, 16, 7], [5, 16, 6, 17]]"
11a_183_29,"[[5, 16, 6, 17], [3, 19, 4, 18], [19, 10, 20, 11], [9, 2, 10, 3], [1, 14, 2, 15], [11, 22, 12, 1], [21, 12, 22, 13], [13, 20, 14, 21], [7, 5, 8, 4], [17, 9, 18, 8], [15, 6, 16, 7]]"
11a_183_30,"[[15, 6, 16, 7], [5, 16, 6, 17], [3, 19, 4, 18], [19, 10, 20, 11], [9, 2, 10, 3], [1, 14, 2, 15], [11, 22, 12, 1], [21, 12, 22, 13], [13, 20, 14, 21], [7, 5, 8, 4], [17, 9, 18, 8]]"
11a_183_31,"[[17, 9, 18, 8], [15, 6, 16, 7], [5, 16, 6, 17], [3, 19, 4, 18], [19, 10, 20, 11], [9, 2, 10, 3], [1, 14, 2, 15], [11, 22, 12, 1], [21, 12, 22, 13], [13, 20, 14, 21], [7, 5, 8, 4]]"
11a_183_32,"[[7, 5, 8, 4], [17, 9, 18, 8], [15, 6, 16, 7], [5, 16, 6, 17], [3, 19, 4, 18], [19, 10, 20, 11], [9, 2, 10, 3], [1, 14, 2, 15], [11, 22, 12, 1], [21, 12, 22, 13], [13, 20, 14, 21]]"
11a_183_33,"[[14, 21, 15, 22], [8, 6, 9, 5], [18, 10, 19, 9], [16, 7, 17, 8], [6, 17, 7, 18], [4, 20, 5, 19], [20, 11, 21, 12], [10, 3, 11, 4], [2, 15, 3, 16], [12, 1, 13, 2], [22, 13, 1, 14]]"
11a_183_34,"[[22, 13, 1, 14], [14, 21, 15, 22], [8, 6, 9, 5], [18, 10, 19, 9], [16, 7, 17, 8], [6, 17, 7, 18], [4, 20, 5, 19], [20, 11, 21, 12], [10, 3, 11, 4], [2, 15, 3, 16], [12, 1, 13, 2]]"
11a_183_35,"[[12, 1, 13, 2], [22, 13, 1, 14], [14, 21, 15, 22], [8, 6, 9, 5], [18, 10, 19, 9], [16, 7, 17, 8], [6, 17, 7, 18], [4, 20, 5, 19], [20, 11, 21, 12], [10, 3, 11, 4], [2, 15, 3, 16]]"
11a_183_36,"[[2, 15, 3, 16], [12, 1, 13, 2], [22, 13, 1, 14], [14, 21, 15, 22], [8, 6, 9, 5], [18, 10, 19, 9], [16, 7, 17, 8], [6, 17, 7, 18], [4, 20, 5, 19], [20, 11, 21, 12], [10, 3, 11, 4]]"
11a_183_37,"[[10, 3, 11, 4], [2, 15, 3, 16], [12, 1, 13, 2], [22, 13, 1, 14], [14, 21, 15, 22], [8, 6, 9, 5], [18, 10, 19, 9], [16, 7, 17, 8], [6, 17, 7, 18], [4, 20, 5, 19], [20, 11, 21, 12]]"
11a_183_38,"[[20, 11, 21, 12], [10, 3, 11, 4], [2, 15, 3, 16], [12, 1, 13, 2], [22, 13, 1, 14], [14, 21, 15, 22], [8, 6, 9, 5], [18, 10, 19, 9], [16, 7, 17, 8], [6, 17, 7, 18], [4, 20, 5, 19]]"
11a_183_39,"[[4, 20, 5, 19], [20, 11, 21, 12], [10, 3, 11, 4], [2, 15, 3, 16], [12, 1, 13, 2], [22, 13, 1, 14], [14, 21, 15, 22], [8, 6, 9, 5], [18, 10, 19, 9], [16, 7, 17, 8], [6, 17, 7, 18]]"
11a_183_40,"[[6, 17, 7, 18], [4, 20, 5, 19], [20, 11, 21, 12], [10, 3, 11, 4], [2, 15, 3, 16], [12, 1, 13, 2], [22, 13, 1, 14], [14, 21, 15, 22], [8, 6, 9, 5], [18, 10, 19, 9], [16, 7, 17, 8]]"
11a_183_41,"[[16, 7, 17, 8], [6, 17, 7, 18], [4, 20, 5, 19], [20, 11, 21, 12], [10, 3, 11, 4], [2, 15, 3, 16], [12, 1, 13, 2], [22, 13, 1, 14], [14, 21, 15, 22], [8, 6, 9, 5], [18, 10, 19, 9]]"
11a_183_42,"[[18, 10, 19, 9], [16, 7, 17, 8], [6, 17, 7, 18], [4, 20, 5, 19], [20, 11, 21, 12], [10, 3, 11, 4], [2, 15, 3, 16], [12, 1, 13, 2], [22, 13, 1, 14], [14, 21, 15, 22], [8, 6, 9, 5]]"
11a_183_43,"[[8, 6, 9, 5], [18, 10, 19, 9], [16, 7, 17, 8], [6, 17, 7, 18], [4, 20, 5, 19], [20, 11, 21, 12], [10, 3, 11, 4], [2, 15, 3, 16], [12, 1, 13, 2], [22, 13, 1, 14], [14, 21, 15, 22]]"
11a_183_44,"[[15, 22, 16, 1], [9, 7, 10, 6], [19, 11, 20, 10], [17, 8, 18, 9], [7, 18, 8, 19], [5, 21, 6, 20], [21, 12, 22, 13], [11, 4, 12, 5], [3, 16, 4, 17], [13, 2, 14, 3], [1, 14, 2, 15]]"
11a_183_45,"[[1, 14, 2, 15], [15, 22, 16, 1], [9, 7, 10, 6], [19, 11, 20, 10], [17, 8, 18, 9], [7, 18, 8, 19], [5, 21, 6, 20], [21, 12, 22, 13], [11, 4, 12, 5], [3, 16, 4, 17], [13, 2, 14, 3]]"
11a_183_46,"[[13, 2, 14, 3], [1, 14, 2, 15], [15, 22, 16, 1], [9, 7, 10, 6], [19, 11, 20, 10], [17, 8, 18, 9], [7, 18, 8, 19], [5, 21, 6, 20], [21, 12, 22, 13], [11, 4, 12, 5], [3, 16, 4, 17]]"
11a_183_47,"[[3, 16, 4, 17], [13, 2, 14, 3], [1, 14, 2, 15], [15, 22, 16, 1], [9, 7, 10, 6], [19, 11, 20, 10], [17, 8, 18, 9], [7, 18, 8, 19], [5, 21, 6, 20], [21, 12, 22, 13], [11, 4, 12, 5]]"
11a_183_48,"[[11, 4, 12, 5], [3, 16, 4, 17], [13, 2, 14, 3], [1, 14, 2, 15], [15, 22, 16, 1], [9, 7, 10, 6], [19, 11, 20, 10], [17, 8, 18, 9], [7, 18, 8, 19], [5, 21, 6, 20], [21, 12, 22, 13]]"
11a_183_49,"[[21, 12, 22, 13], [11, 4, 12, 5], [3, 16, 4, 17], [13, 2, 14, 3], [1, 14, 2, 15], [15, 22, 16, 1], [9, 7, 10, 6], [19, 11, 20, 10], [17, 8, 18, 9], [7, 18, 8, 19], [5, 21, 6, 20]]"
11a_183_50,"[[5, 21, 6, 20], [21, 12, 22, 13], [11, 4, 12, 5], [3, 16, 4, 17], [13, 2, 14, 3], [1, 14, 2, 15], [15, 22, 16, 1], [9, 7, 10, 6], [19, 11, 20, 10], [17, 8, 18, 9], [7, 18, 8, 19]]"
11a_183_51,"[[7, 18, 8, 19], [5, 21, 6, 20], [21, 12, 22, 13], [11, 4, 12, 5], [3, 16, 4, 17], [13, 2, 14, 3], [1, 14, 2, 15], [15, 22, 16, 1], [9, 7, 10, 6], [19, 11, 20, 10], [17, 8, 18, 9]]"
11a_183_52,"[[17, 8, 18, 9], [7, 18, 8, 19], [5, 21, 6, 20], [21, 12, 22, 13], [11, 4, 12, 5], [3, 16, 4, 17], [13, 2, 14, 3], [1, 14, 2, 15], [15, 22, 16, 1], [9, 7, 10, 6], [19, 11, 20, 10]]"
11a_183_53,"[[19, 11, 20, 10], [17, 8, 18, 9], [7, 18, 8, 19], [5, 21, 6, 20], [21, 12, 22, 13], [11, 4, 12, 5], [3, 16, 4, 17], [13, 2, 14, 3], [1, 14, 2, 15], [15, 22, 16, 1], [9, 7, 10, 6]]"
11a_183_54,"[[9, 7, 10, 6], [19, 11, 20, 10], [17, 8, 18, 9], [7, 18, 8, 19], [5, 21, 6, 20], [21, 12, 22, 13], [11, 4, 12, 5], [3, 16, 4, 17], [13, 2, 14, 3], [1, 14, 2, 15], [15, 22, 16, 1]]"
11a_183_55,"[[16, 1, 17, 2], [10, 8, 11, 7], [20, 12, 21, 11], [18, 9, 19, 10], [8, 19, 9, 20], [6, 22, 7, 21], [22, 13, 1, 14], [12, 5, 13, 6], [4, 17, 5, 18], [14, 3, 15, 4], [2, 15, 3, 16]]"
11a_183_56,"[[2, 15, 3, 16], [16, 1, 17, 2], [10, 8, 11, 7], [20, 12, 21, 11], [18, 9, 19, 10], [8, 19, 9, 20], [6, 22, 7, 21], [22, 13, 1, 14], [12, 5, 13, 6], [4, 17, 5, 18], [14, 3, 15, 4]]"
11a_183_57,"[[14, 3, 15, 4], [2, 15, 3, 16], [16, 1, 17, 2], [10, 8, 11, 7], [20, 12, 21, 11], [18, 9, 19, 10], [8, 19, 9, 20], [6, 22, 7, 21], [22, 13, 1, 14], [12, 5, 13, 6], [4, 17, 5, 18]]"
11a_183_58,"[[4, 17, 5, 18], [14, 3, 15, 4], [2, 15, 3, 16], [16, 1, 17, 2], [10, 8, 11, 7], [20, 12, 21, 11], [18, 9, 19, 10], [8, 19, 9, 20], [6, 22, 7, 21], [22, 13, 1, 14], [12, 5, 13, 6]]"
11a_183_59,"[[12, 5, 13, 6], [4, 17, 5, 18], [14, 3, 15, 4], [2, 15, 3, 16], [16, 1, 17, 2], [10, 8, 11, 7], [20, 12, 21, 11], [18, 9, 19, 10], [8, 19, 9, 20], [6, 22, 7, 21], [22, 13, 1, 14]]"
11a_183_60,"[[22, 13, 1, 14], [12, 5, 13, 6], [4, 17, 5, 18], [14, 3, 15, 4], [2, 15, 3, 16], [16, 1, 17, 2], [10, 8, 11, 7], [20, 12, 21, 11], [18, 9, 19, 10], [8, 19, 9, 20], [6, 22, 7, 21]]"
11a_183_61,"[[6, 22, 7, 21], [22, 13, 1, 14], [12, 5, 13, 6], [4, 17, 5, 18], [14, 3, 15, 4], [2, 15, 3, 16], [16, 1, 17, 2], [10, 8, 11, 7], [20, 12, 21, 11], [18, 9, 19, 10], [8, 19, 9, 20]]"
11a_183_62,"[[8, 19, 9, 20], [6, 22, 7, 21], [22, 13, 1, 14], [12, 5, 13, 6], [4, 17, 5, 18], [14, 3, 15, 4], [2, 15, 3, 16], [16, 1, 17, 2], [10, 8, 11, 7], [20, 12, 21, 11], [18, 9, 19, 10]]"
11a_183_63,"[[18, 9, 19, 10], [8, 19, 9, 20], [6, 22, 7, 21], [22, 13, 1, 14], [12, 5, 13, 6], [4, 17, 5, 18], [14, 3, 15, 4], [2, 15, 3, 16], [16, 1, 17, 2], [10, 8, 11, 7], [20, 12, 21, 11]]"
11a_183_64,"[[20, 12, 21, 11], [18, 9, 19, 10], [8, 19, 9, 20], [6, 22, 7, 21], [22, 13, 1, 14], [12, 5, 13, 6], [4, 17, 5, 18], [14, 3, 15, 4], [2, 15, 3, 16], [16, 1, 17, 2], [10, 8, 11, 7]]"
11a_183_65,"[[10, 8, 11, 7], [20, 12, 21, 11], [18, 9, 19, 10], [8, 19, 9, 20], [6, 22, 7, 21], [22, 13, 1, 14], [12, 5, 13, 6], [4, 17, 5, 18], [14, 3, 15, 4], [2, 15, 3, 16], [16, 1, 17, 2]]"
11a_183_66,"[[17, 2, 18, 3], [11, 9, 12, 8], [21, 13, 22, 12], [19, 10, 20, 11], [9, 20, 10, 21], [7, 1, 8, 22], [1, 14, 2, 15], [13, 6, 14, 7], [5, 18, 6, 19], [15, 4, 16, 5], [3, 16, 4, 17]]"
11a_183_67,"[[3, 16, 4, 17], [17, 2, 18, 3], [11, 9, 12, 8], [21, 13, 22, 12], [19, 10, 20, 11], [9, 20, 10, 21], [7, 1, 8, 22], [1, 14, 2, 15], [13, 6, 14, 7], [5, 18, 6, 19], [15, 4, 16, 5]]"
11a_183_68,"[[15, 4, 16, 5], [3, 16, 4, 17], [17, 2, 18, 3], [11, 9, 12, 8], [21, 13, 22, 12], [19, 10, 20, 11], [9, 20, 10, 21], [7, 1, 8, 22], [1, 14, 2, 15], [13, 6, 14, 7], [5, 18, 6, 19]]"
11a_183_69,"[[5, 18, 6, 19], [15, 4, 16, 5], [3, 16, 4, 17], [17, 2, 18, 3], [11, 9, 12, 8], [21, 13, 22, 12], [19, 10, 20, 11], [9, 20, 10, 21], [7, 1, 8, 22], [1, 14, 2, 15], [13, 6, 14, 7]]"
11a_183_70,"[[13, 6, 14, 7], [5, 18, 6, 19], [15, 4, 16, 5], [3, 16, 4, 17], [17, 2, 18, 3], [11, 9, 12, 8], [21, 13, 22, 12], [19, 10, 20, 11], [9, 20, 10, 21], [7, 1, 8, 22], [1, 14, 2, 15]]"
11a_183_71,"[[1, 14, 2, 15], [13, 6, 14, 7], [5, 18, 6, 19], [15, 4, 16, 5], [3, 16, 4, 17], [17, 2, 18, 3], [11, 9, 12, 8], [21, 13, 22, 12], [19, 10, 20, 11], [9, 20, 10, 21], [7, 1, 8, 22]]"
11a_183_72,"[[7, 1, 8, 22], [1, 14, 2, 15], [13, 6, 14, 7], [5, 18, 6, 19], [15, 4, 16, 5], [3, 16, 4, 17], [17, 2, 18, 3], [11, 9, 12, 8], [21, 13, 22, 12], [19, 10, 20, 11], [9, 20, 10, 21]]"
11a_183_73,"[[9, 20, 10, 21], [7, 1, 8, 22], [1, 14, 2, 15], [13, 6, 14, 7], [5, 18, 6, 19], [15, 4, 16, 5], [3, 16, 4, 17], [17, 2, 18, 3], [11, 9, 12, 8], [21, 13, 22, 12], [19, 10, 20, 11]]"
11a_183_74,"[[19, 10, 20, 11], [9, 20, 10, 21], [7, 1, 8, 22], [1, 14, 2, 15], [13, 6, 14, 7], [5, 18, 6, 19], [15, 4, 16, 5], [3, 16, 4, 17], [17, 2, 18, 3], [11, 9, 12, 8], [21, 13, 22, 12]]"
11a_183_75,"[[21, 13, 22, 12], [19, 10, 20, 11], [9, 20, 10, 21], [7, 1, 8, 22], [1, 14, 2, 15], [13, 6, 14, 7], [5, 18, 6, 19], [15, 4, 16, 5], [3, 16, 4, 17], [17, 2, 18, 3], [11, 9, 12, 8]]"
11a_183_76,"[[11, 9, 12, 8], [21, 13, 22, 12], [19, 10, 20, 11], [9, 20, 10, 21], [7, 1, 8, 22], [1, 14, 2, 15], [13, 6, 14, 7], [5, 18, 6, 19], [15, 4, 16, 5], [3, 16, 4, 17], [17, 2, 18, 3]]"
11a_183_77,"[[18, 3, 19, 4], [12, 10, 13, 9], [22, 14, 1, 13], [20, 11, 21, 12], [10, 21, 11, 22], [8, 2, 9, 1], [2, 15, 3, 16], [14, 7, 15, 8], [6, 19, 7, 20], [16, 5, 17, 6], [4, 17, 5, 18]]"
11a_183_78,"[[4, 17, 5, 18], [18, 3, 19, 4], [12, 10, 13, 9], [22, 14, 1, 13], [20, 11, 21, 12], [10, 21, 11, 22], [8, 2, 9, 1], [2, 15, 3, 16], [14, 7, 15, 8], [6, 19, 7, 20], [16, 5, 17, 6]]"
11a_183_79,"[[16, 5, 17, 6], [4, 17, 5, 18], [18, 3, 19, 4], [12, 10, 13, 9], [22, 14, 1, 13], [20, 11, 21, 12], [10, 21, 11, 22], [8, 2, 9, 1], [2, 15, 3, 16], [14, 7, 15, 8], [6, 19, 7, 20]]"
11a_183_80,"[[6, 19, 7, 20], [16, 5, 17, 6], [4, 17, 5, 18], [18, 3, 19, 4], [12, 10, 13, 9], [22, 14, 1, 13], [20, 11, 21, 12], [10, 21, 11, 22], [8, 2, 9, 1], [2, 15, 3, 16], [14, 7, 15, 8]]"
11a_183_81,"[[14, 7, 15, 8], [6, 19, 7, 20], [16, 5, 17, 6], [4, 17, 5, 18], [18, 3, 19, 4], [12, 10, 13, 9], [22, 14, 1, 13], [20, 11, 21, 12], [10, 21, 11, 22], [8, 2, 9, 1], [2, 15, 3, 16]]"
11a_183_82,"[[2, 15, 3, 16], [14, 7, 15, 8], [6, 19, 7, 20], [16, 5, 17, 6], [4, 17, 5, 18], [18, 3, 19, 4], [12, 10, 13, 9], [22, 14, 1, 13], [20, 11, 21, 12], [10, 21, 11, 22], [8, 2, 9, 1]]"
11a_183_83,"[[8, 2, 9, 1], [2, 15, 3, 16], [14, 7, 15, 8], [6, 19, 7, 20], [16, 5, 17, 6], [4, 17, 5, 18], [18, 3, 19, 4], [12, 10, 13, 9], [22, 14, 1, 13], [20, 11, 21, 12], [10, 21, 11, 22]]"
11a_183_84,"[[10, 21, 11, 22], [8, 2, 9, 1], [2, 15, 3, 16], [14, 7, 15, 8], [6, 19, 7, 20], [16, 5, 17, 6], [4, 17, 5, 18], [18, 3, 19, 4], [12, 10, 13, 9], [22, 14, 1, 13], [20, 11, 21, 12]]"
11a_183_85,"[[20, 11, 21, 12], [10, 21, 11, 22], [8, 2, 9, 1], [2, 15, 3, 16], [14, 7, 15, 8], [6, 19, 7, 20], [16, 5, 17, 6], [4, 17, 5, 18], [18, 3, 19, 4], [12, 10, 13, 9], [22, 14, 1, 13]]"
11a_183_86,"[[22, 14, 1, 13], [20, 11, 21, 12], [10, 21, 11, 22], [8, 2, 9, 1], [2, 15, 3, 16], [14, 7, 15, 8], [6, 19, 7, 20], [16, 5, 17, 6], [4, 17, 5, 18], [18, 3, 19, 4], [12, 10, 13, 9]]"
11a_183_87,"[[12, 10, 13, 9], [22, 14, 1, 13], [20, 11, 21, 12], [10, 21, 11, 22], [8, 2, 9, 1], [2, 15, 3, 16], [14, 7, 15, 8], [6, 19, 7, 20], [16, 5, 17, 6], [4, 17, 5, 18], [18, 3, 19, 4]]"
11a_183_88,"[[19, 4, 20, 5], [13, 11, 14, 10], [1, 15, 2, 14], [21, 12, 22, 13], [11, 22, 12, 1], [9, 3, 10, 2], [3, 16, 4, 17], [15, 8, 16, 9], [7, 20, 8, 21], [17, 6, 18, 7], [5, 18, 6, 19]]"
11a_183_89,"[[5, 18, 6, 19], [19, 4, 20, 5], [13, 11, 14, 10], [1, 15, 2, 14], [21, 12, 22, 13], [11, 22, 12, 1], [9, 3, 10, 2], [3, 16, 4, 17], [15, 8, 16, 9], [7, 20, 8, 21], [17, 6, 18, 7]]"
11a_183_90,"[[17, 6, 18, 7], [5, 18, 6, 19], [19, 4, 20, 5], [13, 11, 14, 10], [1, 15, 2, 14], [21, 12, 22, 13], [11, 22, 12, 1], [9, 3, 10, 2], [3, 16, 4, 17], [15, 8, 16, 9], [7, 20, 8, 21]]"
11a_183_91,"[[7, 20, 8, 21], [17, 6, 18, 7], [5, 18, 6, 19], [19, 4, 20, 5], [13, 11, 14, 10], [1, 15, 2, 14], [21, 12, 22, 13], [11, 22, 12, 1], [9, 3, 10, 2], [3, 16, 4, 17], [15, 8, 16, 9]]"
11a_183_92,"[[15, 8, 16, 9], [7, 20, 8, 21], [17, 6, 18, 7], [5, 18, 6, 19], [19, 4, 20, 5], [13, 11, 14, 10], [1, 15, 2, 14], [21, 12, 22, 13], [11, 22, 12, 1], [9, 3, 10, 2], [3, 16, 4, 17]]"
11a_183_93,"[[3, 16, 4, 17], [15, 8, 16, 9], [7, 20, 8, 21], [17, 6, 18, 7], [5, 18, 6, 19], [19, 4, 20, 5], [13, 11, 14, 10], [1, 15, 2, 14], [21, 12, 22, 13], [11, 22, 12, 1], [9, 3, 10, 2]]"
11a_183_94,"[[9, 3, 10, 2], [3, 16, 4, 17], [15, 8, 16, 9], [7, 20, 8, 21], [17, 6, 18, 7], [5, 18, 6, 19], [19, 4, 20, 5], [13, 11, 14, 10], [1, 15, 2, 14], [21, 12, 22, 13], [11, 22, 12, 1]]"
11a_183_95,"[[11, 22, 12, 1], [9, 3, 10, 2], [3, 16, 4, 17], [15, 8, 16, 9], [7, 20, 8, 21], [17, 6, 18, 7], [5, 18, 6, 19], [19, 4, 20, 5], [13, 11, 14, 10], [1, 15, 2, 14], [21, 12, 22, 13]]"
11a_183_96,"[[21, 12, 22, 13], [11, 22, 12, 1], [9, 3, 10, 2], [3, 16, 4, 17], [15, 8, 16, 9], [7, 20, 8, 21], [17, 6, 18, 7], [5, 18, 6, 19], [19, 4, 20, 5], [13, 11, 14, 10], [1, 15, 2, 14]]"
11a_183_97,"[[1, 15, 2, 14], [21, 12, 22, 13], [11, 22, 12, 1], [9, 3, 10, 2], [3, 16, 4, 17], [15, 8, 16, 9], [7, 20, 8, 21], [17, 6, 18, 7], [5, 18, 6, 19], [19, 4, 20, 5], [13, 11, 14, 10]]"
11a_183_98,"[[13, 11, 14, 10], [1, 15, 2, 14], [21, 12, 22, 13], [11, 22, 12, 1], [9, 3, 10, 2], [3, 16, 4, 17], [15, 8, 16, 9], [7, 20, 8, 21], [17, 6, 18, 7], [5, 18, 6, 19], [19, 4, 20, 5]]"
11a_183_99,"[[20, 5, 21, 6], [14, 12, 15, 11], [2, 16, 3, 15], [22, 13, 1, 14], [12, 1, 13, 2], [10, 4, 11, 3], [4, 17, 5, 18], [16, 9, 17, 10], [8, 21, 9, 22], [18, 7, 19, 8], [6, 19, 7, 20]]"
11a_183_100,"[[6, 19, 7, 20], [20, 5, 21, 6], [14, 12, 15, 11], [2, 16, 3, 15], [22, 13, 1, 14], [12, 1, 13, 2], [10, 4, 11, 3], [4, 17, 5, 18], [16, 9, 17, 10], [8, 21, 9, 22], [18, 7, 19, 8]]"
11a_183_101,"[[18, 7, 19, 8], [6, 19, 7, 20], [20, 5, 21, 6], [14, 12, 15, 11], [2, 16, 3, 15], [22, 13, 1, 14], [12, 1, 13, 2], [10, 4, 11, 3], [4, 17, 5, 18], [16, 9, 17, 10], [8, 21, 9, 22]]"
11a_183_102,"[[8, 21, 9, 22], [18, 7, 19, 8], [6, 19, 7, 20], [20, 5, 21, 6], [14, 12, 15, 11], [2, 16, 3, 15], [22, 13, 1, 14], [12, 1, 13, 2], [10, 4, 11, 3], [4, 17, 5, 18], [16, 9, 17, 10]]"
11a_183_103,"[[16, 9, 17, 10], [8, 21, 9, 22], [18, 7, 19, 8], [6, 19, 7, 20], [20, 5, 21, 6], [14, 12, 15, 11], [2, 16, 3, 15], [22, 13, 1, 14], [12, 1, 13, 2], [10, 4, 11, 3], [4, 17, 5, 18]]"
11a_183_104,"[[4, 17, 5, 18], [16, 9, 17, 10], [8, 21, 9, 22], [18, 7, 19, 8], [6, 19, 7, 20], [20, 5, 21, 6], [14, 12, 15, 11], [2, 16, 3, 15], [22, 13, 1, 14], [12, 1, 13, 2], [10, 4, 11, 3]]"
11a_183_105,"[[10, 4, 11, 3], [4, 17, 5, 18], [16, 9, 17, 10], [8, 21, 9, 22], [18, 7, 19, 8], [6, 19, 7, 20], [20, 5, 21, 6], [14, 12, 15, 11], [2, 16, 3, 15], [22, 13, 1, 14], [12, 1, 13, 2]]"
11a_183_106,"[[12, 1, 13, 2], [10, 4, 11, 3], [4, 17, 5, 18], [16, 9, 17, 10], [8, 21, 9, 22], [18, 7, 19, 8], [6, 19, 7, 20], [20, 5, 21, 6], [14, 12, 15, 11], [2, 16, 3, 15], [22, 13, 1, 14]]"
11a_183_107,"[[22, 13, 1, 14], [12, 1, 13, 2], [10, 4, 11, 3], [4, 17, 5, 18], [16, 9, 17, 10], [8, 21, 9, 22], [18, 7, 19, 8], [6, 19, 7, 20], [20, 5, 21, 6], [14, 12, 15, 11], [2, 16, 3, 15]]"
11a_183_108,"[[2, 16, 3, 15], [22, 13, 1, 14], [12, 1, 13, 2], [10, 4, 11, 3], [4, 17, 5, 18], [16, 9, 17, 10], [8, 21, 9, 22], [18, 7, 19, 8], [6, 19, 7, 20], [20, 5, 21, 6], [14, 12, 15, 11]]"
11a_183_109,"[[14, 12, 15, 11], [2, 16, 3, 15], [22, 13, 1, 14], [12, 1, 13, 2], [10, 4, 11, 3], [4, 17, 5, 18], [16, 9, 17, 10], [8, 21, 9, 22], [18, 7, 19, 8], [6, 19, 7, 20], [20, 5, 21, 6]]"
11a_183_110,"[[21, 6, 22, 7], [15, 13, 16, 12], [3, 17, 4, 16], [1, 14, 2, 15], [13, 2, 14, 3], [11, 5, 12, 4], [5, 18, 6, 19], [17, 10, 18, 11], [9, 22, 10, 1], [19, 8, 20, 9], [7, 20, 8, 21]]"
11a_183_111,"[[7, 20, 8, 21], [21, 6, 22, 7], [15, 13, 16, 12], [3, 17, 4, 16], [1, 14, 2, 15], [13, 2, 14, 3], [11, 5, 12, 4], [5, 18, 6, 19], [17, 10, 18, 11], [9, 22, 10, 1], [19, 8, 20, 9]]"
11a_183_112,"[[19, 8, 20, 9], [7, 20, 8, 21], [21, 6, 22, 7], [15, 13, 16, 12], [3, 17, 4, 16], [1, 14, 2, 15], [13, 2, 14, 3], [11, 5, 12, 4], [5, 18, 6, 19], [17, 10, 18, 11], [9, 22, 10, 1]]"
11a_183_113,"[[9, 22, 10, 1], [19, 8, 20, 9], [7, 20, 8, 21], [21, 6, 22, 7], [15, 13, 16, 12], [3, 17, 4, 16], [1, 14, 2, 15], [13, 2, 14, 3], [11, 5, 12, 4], [5, 18, 6, 19], [17, 10, 18, 11]]"
11a_183_114,"[[17, 10, 18, 11], [9, 22, 10, 1], [19, 8, 20, 9], [7, 20, 8, 21], [21, 6, 22, 7], [15, 13, 16, 12], [3, 17, 4, 16], [1, 14, 2, 15], [13, 2, 14, 3], [11, 5, 12, 4], [5, 18, 6, 19]]"
11a_183_115,"[[5, 18, 6, 19], [17, 10, 18, 11], [9, 22, 10, 1], [19, 8, 20, 9], [7, 20, 8, 21], [21, 6, 22, 7], [15, 13, 16, 12], [3, 17, 4, 16], [1, 14, 2, 15], [13, 2, 14, 3], [11, 5, 12, 4]]"
11a_183_116,"[[11, 5, 12, 4], [5, 18, 6, 19], [17, 10, 18, 11], [9, 22, 10, 1], [19, 8, 20, 9], [7, 20, 8, 21], [21, 6, 22, 7], [15, 13, 16, 12], [3, 17, 4, 16], [1, 14, 2, 15], [13, 2, 14, 3]]"
11a_183_117,"[[13, 2, 14, 3], [11, 5, 12, 4], [5, 18, 6, 19], [17, 10, 18, 11], [9, 22, 10, 1], [19, 8, 20, 9], [7, 20, 8, 21], [21, 6, 22, 7], [15, 13, 16, 12], [3, 17, 4, 16], [1, 14, 2, 15]]"
11a_183_118,"[[1, 14, 2, 15], [13, 2, 14, 3], [11, 5, 12, 4], [5, 18, 6, 19], [17, 10, 18, 11], [9, 22, 10, 1], [19, 8, 20, 9], [7, 20, 8, 21], [21, 6, 22, 7], [15, 13, 16, 12], [3, 17, 4, 16]]"
11a_183_119,"[[3, 17, 4, 16], [1, 14, 2, 15], [13, 2, 14, 3], [11, 5, 12, 4], [5, 18, 6, 19], [17, 10, 18, 11], [9, 22, 10, 1], [19, 8, 20, 9], [7, 20, 8, 21], [21, 6, 22, 7], [15, 13, 16, 12]]"
11a_183_120,"[[15, 13, 16, 12], [3, 17, 4, 16], [1, 14, 2, 15], [13, 2, 14, 3], [11, 5, 12, 4], [5, 18, 6, 19], [17, 10, 18, 11], [9, 22, 10, 1], [19, 8, 20, 9], [7, 20, 8, 21], [21, 6, 22, 7]]"
11a_183_121,"[[22, 7, 1, 8], [16, 14, 17, 13], [4, 18, 5, 17], [2, 15, 3, 16], [14, 3, 15, 4], [12, 6, 13, 5], [6, 19, 7, 20], [18, 11, 19, 12], [10, 1, 11, 2], [20, 9, 21, 10], [8, 21, 9, 22]]"
11a_183_122,"[[8, 21, 9, 22], [22, 7, 1, 8], [16, 14, 17, 13], [4, 18, 5, 17], [2, 15, 3, 16], [14, 3, 15, 4], [12, 6, 13, 5], [6, 19, 7, 20], [18, 11, 19, 12], [10, 1, 11, 2], [20, 9, 21, 10]]"
11a_183_123,"[[20, 9, 21, 10], [8, 21, 9, 22], [22, 7, 1, 8], [16, 14, 17, 13], [4, 18, 5, 17], [2, 15, 3, 16], [14, 3, 15, 4], [12, 6, 13, 5], [6, 19, 7, 20], [18, 11, 19, 12], [10, 1, 11, 2]]"
11a_183_124,"[[10, 1, 11, 2], [20, 9, 21, 10], [8, 21, 9, 22], [22, 7, 1, 8], [16, 14, 17, 13], [4, 18, 5, 17], [2, 15, 3, 16], [14, 3, 15, 4], [12, 6, 13, 5], [6, 19, 7, 20], [18, 11, 19, 12]]"
11a_183_125,"[[18, 11, 19, 12], [10, 1, 11, 2], [20, 9, 21, 10], [8, 21, 9, 22], [22, 7, 1, 8], [16, 14, 17, 13], [4, 18, 5, 17], [2, 15, 3, 16], [14, 3, 15, 4], [12, 6, 13, 5], [6, 19, 7, 20]]"
11a_183_126,"[[6, 19, 7, 20], [18, 11, 19, 12], [10, 1, 11, 2], [20, 9, 21, 10], [8, 21, 9, 22], [22, 7, 1, 8], [16, 14, 17, 13], [4, 18, 5, 17], [2, 15, 3, 16], [14, 3, 15, 4], [12, 6, 13, 5]]"
11a_183_127,"[[12, 6, 13, 5], [6, 19, 7, 20], [18, 11, 19, 12], [10, 1, 11, 2], [20, 9, 21, 10], [8, 21, 9, 22], [22, 7, 1, 8], [16, 14, 17, 13], [4, 18, 5, 17], [2, 15, 3, 16], [14, 3, 15, 4]]"
11a_183_128,"[[14, 3, 15, 4], [12, 6, 13, 5], [6, 19, 7, 20], [18, 11, 19, 12], [10, 1, 11, 2], [20, 9, 21, 10], [8, 21, 9, 22], [22, 7, 1, 8], [16, 14, 17, 13], [4, 18, 5, 17], [2, 15, 3, 16]]"
11a_183_129,"[[2, 15, 3, 16], [14, 3, 15, 4], [12, 6, 13, 5], [6, 19, 7, 20], [18, 11, 19, 12], [10, 1, 11, 2], [20, 9, 21, 10], [8, 21, 9, 22], [22, 7, 1, 8], [16, 14, 17, 13], [4, 18, 5, 17]]"
11a_183_130,"[[4, 18, 5, 17], [2, 15, 3, 16], [14, 3, 15, 4], [12, 6, 13, 5], [6, 19, 7, 20], [18, 11, 19, 12], [10, 1, 11, 2], [20, 9, 21, 10], [8, 21, 9, 22], [22, 7, 1, 8], [16, 14, 17, 13]]"
11a_183_131,"[[16, 14, 17, 13], [4, 18, 5, 17], [2, 15, 3, 16], [14, 3, 15, 4], [12, 6, 13, 5], [6, 19, 7, 20], [18, 11, 19, 12], [10, 1, 11, 2], [20, 9, 21, 10], [8, 21, 9, 22], [22, 7, 1, 8]]"
11a_183_132,"[[1, 8, 2, 9], [17, 15, 18, 14], [5, 19, 6, 18], [3, 16, 4, 17], [15, 4, 16, 5], [13, 7, 14, 6], [7, 20, 8, 21], [19, 12, 20, 13], [11, 2, 12, 3], [21, 10, 22, 11], [9, 22, 10, 1]]"
11a_183_133,"[[9, 22, 10, 1], [1, 8, 2, 9], [17, 15, 18, 14], [5, 19, 6, 18], [3, 16, 4, 17], [15, 4, 16, 5], [13, 7, 14, 6], [7, 20, 8, 21], [19, 12, 20, 13], [11, 2, 12, 3], [21, 10, 22, 11]]"
11a_183_134,"[[21, 10, 22, 11], [9, 22, 10, 1], [1, 8, 2, 9], [17, 15, 18, 14], [5, 19, 6, 18], [3, 16, 4, 17], [15, 4, 16, 5], [13, 7, 14, 6], [7, 20, 8, 21], [19, 12, 20, 13], [11, 2, 12, 3]]"
11a_183_135,"[[11, 2, 12, 3], [21, 10, 22, 11], [9, 22, 10, 1], [1, 8, 2, 9], [17, 15, 18, 14], [5, 19, 6, 18], [3, 16, 4, 17], [15, 4, 16, 5], [13, 7, 14, 6], [7, 20, 8, 21], [19, 12, 20, 13]]"
11a_183_136,"[[19, 12, 20, 13], [11, 2, 12, 3], [21, 10, 22, 11], [9, 22, 10, 1], [1, 8, 2, 9], [17, 15, 18, 14], [5, 19, 6, 18], [3, 16, 4, 17], [15, 4, 16, 5], [13, 7, 14, 6], [7, 20, 8, 21]]"
11a_183_137,"[[7, 20, 8, 21], [19, 12, 20, 13], [11, 2, 12, 3], [21, 10, 22, 11], [9, 22, 10, 1], [1, 8, 2, 9], [17, 15, 18, 14], [5, 19, 6, 18], [3, 16, 4, 17], [15, 4, 16, 5], [13, 7, 14, 6]]"
11a_183_138,"[[13, 7, 14, 6], [7, 20, 8, 21], [19, 12, 20, 13], [11, 2, 12, 3], [21, 10, 22, 11], [9, 22, 10, 1], [1, 8, 2, 9], [17, 15, 18, 14], [5, 19, 6, 18], [3, 16, 4, 17], [15, 4, 16, 5]]"
11a_183_139,"[[15, 4, 16, 5], [13, 7, 14, 6], [7, 20, 8, 21], [19, 12, 20, 13], [11, 2, 12, 3], [21, 10, 22, 11], [9, 22, 10, 1], [1, 8, 2, 9], [17, 15, 18, 14], [5, 19, 6, 18], [3, 16, 4, 17]]"
11a_183_140,"[[3, 16, 4, 17], [15, 4, 16, 5], [13, 7, 14, 6], [7, 20, 8, 21], [19, 12, 20, 13], [11, 2, 12, 3], [21, 10, 22, 11], [9, 22, 10, 1], [1, 8, 2, 9], [17, 15, 18, 14], [5, 19, 6, 18]]"
11a_183_141,"[[5, 19, 6, 18], [3, 16, 4, 17], [15, 4, 16, 5], [13, 7, 14, 6], [7, 20, 8, 21], [19, 12, 20, 13], [11, 2, 12, 3], [21, 10, 22, 11], [9, 22, 10, 1], [1, 8, 2, 9], [17, 15, 18, 14]]"
11a_183_142,"[[17, 15, 18, 14], [5, 19, 6, 18], [3, 16, 4, 17], [15, 4, 16, 5], [13, 7, 14, 6], [7, 20, 8, 21], [19, 12, 20, 13], [11, 2, 12, 3], [21, 10, 22, 11], [9, 22, 10, 1], [1, 8, 2, 9]]"
11a_183_143,"[[2, 9, 3, 10], [18, 16, 19, 15], [6, 20, 7, 19], [4, 17, 5, 18], [16, 5, 17, 6], [14, 8, 15, 7], [8, 21, 9, 22], [20, 13, 21, 14], [12, 3, 13, 4], [22, 11, 1, 12], [10, 1, 11, 2]]"
11a_183_144,"[[10, 1, 11, 2], [2, 9, 3, 10], [18, 16, 19, 15], [6, 20, 7, 19], [4, 17, 5, 18], [16, 5, 17, 6], [14, 8, 15, 7], [8, 21, 9, 22], [20, 13, 21, 14], [12, 3, 13, 4], [22, 11, 1, 12]]"
11a_183_145,"[[22, 11, 1, 12], [10, 1, 11, 2], [2, 9, 3, 10], [18, 16, 19, 15], [6, 20, 7, 19], [4, 17, 5, 18], [16, 5, 17, 6], [14, 8, 15, 7], [8, 21, 9, 22], [20, 13, 21, 14], [12, 3, 13, 4]]"
11a_183_146,"[[12, 3, 13, 4], [22, 11, 1, 12], [10, 1, 11, 2], [2, 9, 3, 10], [18, 16, 19, 15], [6, 20, 7, 19], [4, 17, 5, 18], [16, 5, 17, 6], [14, 8, 15, 7], [8, 21, 9, 22], [20, 13, 21, 14]]"
11a_183_147,"[[20, 13, 21, 14], [12, 3, 13, 4], [22, 11, 1, 12], [10, 1, 11, 2], [2, 9, 3, 10], [18, 16, 19, 15], [6, 20, 7, 19], [4, 17, 5, 18], [16, 5, 17, 6], [14, 8, 15, 7], [8, 21, 9, 22]]"
11a_183_148,"[[8, 21, 9, 22], [20, 13, 21, 14], [12, 3, 13, 4], [22, 11, 1, 12], [10, 1, 11, 2], [2, 9, 3, 10], [18, 16, 19, 15], [6, 20, 7, 19], [4, 17, 5, 18], [16, 5, 17, 6], [14, 8, 15, 7]]"
11a_183_149,"[[14, 8, 15, 7], [8, 21, 9, 22], [20, 13, 21, 14], [12, 3, 13, 4], [22, 11, 1, 12], [10, 1, 11, 2], [2, 9, 3, 10], [18, 16, 19, 15], [6, 20, 7, 19], [4, 17, 5, 18], [16, 5, 17, 6]]"
11a_183_150,"[[16, 5, 17, 6], [14, 8, 15, 7], [8, 21, 9, 22], [20, 13, 21, 14], [12, 3, 13, 4], [22, 11, 1, 12], [10, 1, 11, 2], [2, 9, 3, 10], [18, 16, 19, 15], [6, 20, 7, 19], [4, 17, 5, 18]]"
11a_183_151,"[[4, 17, 5, 18], [16, 5, 17, 6], [14, 8, 15, 7], [8, 21, 9, 22], [20, 13, 21, 14], [12, 3, 13, 4], [22, 11, 1, 12], [10, 1, 11, 2], [2, 9, 3, 10], [18, 16, 19, 15], [6, 20, 7, 19]]"
11a_183_152,"[[6, 20, 7, 19], [4, 17, 5, 18], [16, 5, 17, 6], [14, 8, 15, 7], [8, 21, 9, 22], [20, 13, 21, 14], [12, 3, 13, 4], [22, 11, 1, 12], [10, 1, 11, 2], [2, 9, 3, 10], [18, 16, 19, 15]]"
11a_183_153,"[[18, 16, 19, 15], [6, 20, 7, 19], [4, 17, 5, 18], [16, 5, 17, 6], [14, 8, 15, 7], [8, 21, 9, 22], [20, 13, 21, 14], [12, 3, 13, 4], [22, 11, 1, 12], [10, 1, 11, 2], [2, 9, 3, 10]]"
11a_183_154,"[[3, 10, 4, 11], [19, 17, 20, 16], [7, 21, 8, 20], [5, 18, 6, 19], [17, 6, 18, 7], [15, 9, 16, 8], [9, 22, 10, 1], [21, 14, 22, 15], [13, 4, 14, 5], [1, 12, 2, 13], [11, 2, 12, 3]]"
11a_183_155,"[[11, 2, 12, 3], [3, 10, 4, 11], [19, 17, 20, 16], [7, 21, 8, 20], [5, 18, 6, 19], [17, 6, 18, 7], [15, 9, 16, 8], [9, 22, 10, 1], [21, 14, 22, 15], [13, 4, 14, 5], [1, 12, 2, 13]]"
11a_183_156,"[[1, 12, 2, 13], [11, 2, 12, 3], [3, 10, 4, 11], [19, 17, 20, 16], [7, 21, 8, 20], [5, 18, 6, 19], [17, 6, 18, 7], [15, 9, 16, 8], [9, 22, 10, 1], [21, 14, 22, 15], [13, 4, 14, 5]]"
11a_183_157,"[[13, 4, 14, 5], [1, 12, 2, 13], [11, 2, 12, 3], [3, 10, 4, 11], [19, 17, 20, 16], [7, 21, 8, 20], [5, 18, 6, 19], [17, 6, 18, 7], [15, 9, 16, 8], [9, 22, 10, 1], [21, 14, 22, 15]]"
11a_183_158,"[[21, 14, 22, 15], [13, 4, 14, 5], [1, 12, 2, 13], [11, 2, 12, 3], [3, 10, 4, 11], [19, 17, 20, 16], [7, 21, 8, 20], [5, 18, 6, 19], [17, 6, 18, 7], [15, 9, 16, 8], [9, 22, 10, 1]]"
11a_183_159,"[[9, 22, 10, 1], [21, 14, 22, 15], [13, 4, 14, 5], [1, 12, 2, 13], [11, 2, 12, 3], [3, 10, 4, 11], [19, 17, 20, 16], [7, 21, 8, 20], [5, 18, 6, 19], [17, 6, 18, 7], [15, 9, 16, 8]]"
11a_183_160,"[[15, 9, 16, 8], [9, 22, 10, 1], [21, 14, 22, 15], [13, 4, 14, 5], [1, 12, 2, 13], [11, 2, 12, 3], [3, 10, 4, 11], [19, 17, 20, 16], [7, 21, 8, 20], [5, 18, 6, 19], [17, 6, 18, 7]]"
11a_183_161,"[[17, 6, 18, 7], [15, 9, 16, 8], [9, 22, 10, 1], [21, 14, 22, 15], [13, 4, 14, 5], [1, 12, 2, 13], [11, 2, 12, 3], [3, 10, 4, 11], [19, 17, 20, 16], [7, 21, 8, 20], [5, 18, 6, 19]]"
11a_183_162,"[[5, 18, 6, 19], [17, 6, 18, 7], [15, 9, 16, 8], [9, 22, 10, 1], [21, 14, 22, 15], [13, 4, 14, 5], [1, 12, 2, 13], [11, 2, 12, 3], [3, 10, 4, 11], [19, 17, 20, 16], [7, 21, 8, 20]]"
11a_183_163,"[[7, 21, 8, 20], [5, 18, 6, 19], [17, 6, 18, 7], [15, 9, 16, 8], [9, 22, 10, 1], [21, 14, 22, 15], [13, 4, 14, 5], [1, 12, 2, 13], [11, 2, 12, 3], [3, 10, 4, 11], [19, 17, 20, 16]]"
11a_183_164,"[[19, 17, 20, 16], [7, 21, 8, 20], [5, 18, 6, 19], [17, 6, 18, 7], [15, 9, 16, 8], [9, 22, 10, 1], [21, 14, 22, 15], [13, 4, 14, 5], [1, 12, 2, 13], [11, 2, 12, 3], [3, 10, 4, 11]]"
11a_183_165,"[[4, 11, 5, 12], [20, 18, 21, 17], [8, 22, 9, 21], [6, 19, 7, 20], [18, 7, 19, 8], [16, 10, 17, 9], [10, 1, 11, 2], [22, 15, 1, 16], [14, 5, 15, 6], [2, 13, 3, 14], [12, 3, 13, 4]]"
11a_183_166,"[[12, 3, 13, 4], [4, 11, 5, 12], [20, 18, 21, 17], [8, 22, 9, 21], [6, 19, 7, 20], [18, 7, 19, 8], [16, 10, 17, 9], [10, 1, 11, 2], [22, 15, 1, 16], [14, 5, 15, 6], [2, 13, 3, 14]]"
11a_183_167,"[[2, 13, 3, 14], [12, 3, 13, 4], [4, 11, 5, 12], [20, 18, 21, 17], [8, 22, 9, 21], [6, 19, 7, 20], [18, 7, 19, 8], [16, 10, 17, 9], [10, 1, 11, 2], [22, 15, 1, 16], [14, 5, 15, 6]]"
11a_183_168,"[[14, 5, 15, 6], [2, 13, 3, 14], [12, 3, 13, 4], [4, 11, 5, 12], [20, 18, 21, 17], [8, 22, 9, 21], [6, 19, 7, 20], [18, 7, 19, 8], [16, 10, 17, 9], [10, 1, 11, 2], [22, 15, 1, 16]]"
11a_183_169,"[[22, 15, 1, 16], [14, 5, 15, 6], [2, 13, 3, 14], [12, 3, 13, 4], [4, 11, 5, 12], [20, 18, 21, 17], [8, 22, 9, 21], [6, 19, 7, 20], [18, 7, 19, 8], [16, 10, 17, 9], [10, 1, 11, 2]]"
11a_183_170,"[[10, 1, 11, 2], [22, 15, 1, 16], [14, 5, 15, 6], [2, 13, 3, 14], [12, 3, 13, 4], [4, 11, 5, 12], [20, 18, 21, 17], [8, 22, 9, 21], [6, 19, 7, 20], [18, 7, 19, 8], [16, 10, 17, 9]]"
11a_183_171,"[[16, 10, 17, 9], [10, 1, 11, 2], [22, 15, 1, 16], [14, 5, 15, 6], [2, 13, 3, 14], [12, 3, 13, 4], [4, 11, 5, 12], [20, 18, 21, 17], [8, 22, 9, 21], [6, 19, 7, 20], [18, 7, 19, 8]]"
11a_183_172,"[[18, 7, 19, 8], [16, 10, 17, 9], [10, 1, 11, 2], [22, 15, 1, 16], [14, 5, 15, 6], [2, 13, 3, 14], [12, 3, 13, 4], [4, 11, 5, 12], [20, 18, 21, 17], [8, 22, 9, 21], [6, 19, 7, 20]]"
11a_183_173,"[[6, 19, 7, 20], [18, 7, 19, 8], [16, 10, 17, 9], [10, 1, 11, 2], [22, 15, 1, 16], [14, 5, 15, 6], [2, 13, 3, 14], [12, 3, 13, 4], [4, 11, 5, 12], [20, 18, 21, 17], [8, 22, 9, 21]]"
11a_183_174,"[[8, 22, 9, 21], [6, 19, 7, 20], [18, 7, 19, 8], [16, 10, 17, 9], [10, 1, 11, 2], [22, 15, 1, 16], [14, 5, 15, 6], [2, 13, 3, 14], [12, 3, 13, 4], [4, 11, 5, 12], [20, 18, 21, 17]]"
11a_183_175,"[[20, 18, 21, 17], [8, 22, 9, 21], [6, 19, 7, 20], [18, 7, 19, 8], [16, 10, 17, 9], [10, 1, 11, 2], [22, 15, 1, 16], [14, 5, 15, 6], [2, 13, 3, 14], [12, 3, 13, 4], [4, 11, 5, 12]]"
11a_183_176,"[[5, 12, 6, 13], [21, 19, 22, 18], [9, 1, 10, 22], [7, 20, 8, 21], [19, 8, 20, 9], [17, 11, 18, 10], [11, 2, 12, 3], [1, 16, 2, 17], [15, 6, 16, 7], [3, 14, 4, 15], [13, 4, 14, 5]]"
11a_183_177,"[[13, 4, 14, 5], [5, 12, 6, 13], [21, 19, 22, 18], [9, 1, 10, 22], [7, 20, 8, 21], [19, 8, 20, 9], [17, 11, 18, 10], [11, 2, 12, 3], [1, 16, 2, 17], [15, 6, 16, 7], [3, 14, 4, 15]]"
11a_183_178,"[[3, 14, 4, 15], [13, 4, 14, 5], [5, 12, 6, 13], [21, 19, 22, 18], [9, 1, 10, 22], [7, 20, 8, 21], [19, 8, 20, 9], [17, 11, 18, 10], [11, 2, 12, 3], [1, 16, 2, 17], [15, 6, 16, 7]]"
11a_183_179,"[[15, 6, 16, 7], [3, 14, 4, 15], [13, 4, 14, 5], [5, 12, 6, 13], [21, 19, 22, 18], [9, 1, 10, 22], [7, 20, 8, 21], [19, 8, 20, 9], [17, 11, 18, 10], [11, 2, 12, 3], [1, 16, 2, 17]]"
11a_183_180,"[[1, 16, 2, 17], [15, 6, 16, 7], [3, 14, 4, 15], [13, 4, 14, 5], [5, 12, 6, 13], [21, 19, 22, 18], [9, 1, 10, 22], [7, 20, 8, 21], [19, 8, 20, 9], [17, 11, 18, 10], [11, 2, 12, 3]]"
11a_183_181,"[[11, 2, 12, 3], [1, 16, 2, 17], [15, 6, 16, 7], [3, 14, 4, 15], [13, 4, 14, 5], [5, 12, 6, 13], [21, 19, 22, 18], [9, 1, 10, 22], [7, 20, 8, 21], [19, 8, 20, 9], [17, 11, 18, 10]]"
11a_183_182,"[[17, 11, 18, 10], [11, 2, 12, 3], [1, 16, 2, 17], [15, 6, 16, 7], [3, 14, 4, 15], [13, 4, 14, 5], [5, 12, 6, 13], [21, 19, 22, 18], [9, 1, 10, 22], [7, 20, 8, 21], [19, 8, 20, 9]]"
11a_183_183,"[[19, 8, 20, 9], [17, 11, 18, 10], [11, 2, 12, 3], [1, 16, 2, 17], [15, 6, 16, 7], [3, 14, 4, 15], [13, 4, 14, 5], [5, 12, 6, 13], [21, 19, 22, 18], [9, 1, 10, 22], [7, 20, 8, 21]]"
11a_183_184,"[[7, 20, 8, 21], [19, 8, 20, 9], [17, 11, 18, 10], [11, 2, 12, 3], [1, 16, 2, 17], [15, 6, 16, 7], [3, 14, 4, 15], [13, 4, 14, 5], [5, 12, 6, 13], [21, 19, 22, 18], [9, 1, 10, 22]]"
11a_183_185,"[[9, 1, 10, 22], [7, 20, 8, 21], [19, 8, 20, 9], [17, 11, 18, 10], [11, 2, 12, 3], [1, 16, 2, 17], [15, 6, 16, 7], [3, 14, 4, 15], [13, 4, 14, 5], [5, 12, 6, 13], [21, 19, 22, 18]]"
11a_183_186,"[[21, 19, 22, 18], [9, 1, 10, 22], [7, 20, 8, 21], [19, 8, 20, 9], [17, 11, 18, 10], [11, 2, 12, 3], [1, 16, 2, 17], [15, 6, 16, 7], [3, 14, 4, 15], [13, 4, 14, 5], [5, 12, 6, 13]]"
11a_183_187,"[[6, 13, 7, 14], [22, 20, 1, 19], [10, 2, 11, 1], [8, 21, 9, 22], [20, 9, 21, 10], [18, 12, 19, 11], [12, 3, 13, 4], [2, 17, 3, 18], [16, 7, 17, 8], [4, 15, 5, 16], [14, 5, 15, 6]]"
11a_183_188,"[[14, 5, 15, 6], [6, 13, 7, 14], [22, 20, 1, 19], [10, 2, 11, 1], [8, 21, 9, 22], [20, 9, 21, 10], [18, 12, 19, 11], [12, 3, 13, 4], [2, 17, 3, 18], [16, 7, 17, 8], [4, 15, 5, 16]]"
11a_183_189,"[[4, 15, 5, 16], [14, 5, 15, 6], [6, 13, 7, 14], [22, 20, 1, 19], [10, 2, 11, 1], [8, 21, 9, 22], [20, 9, 21, 10], [18, 12, 19, 11], [12, 3, 13, 4], [2, 17, 3, 18], [16, 7, 17, 8]]"
11a_183_190,"[[16, 7, 17, 8], [4, 15, 5, 16], [14, 5, 15, 6], [6, 13, 7, 14], [22, 20, 1, 19], [10, 2, 11, 1], [8, 21, 9, 22], [20, 9, 21, 10], [18, 12, 19, 11], [12, 3, 13, 4], [2, 17, 3, 18]]"
11a_183_191,"[[2, 17, 3, 18], [16, 7, 17, 8], [4, 15, 5, 16], [14, 5, 15, 6], [6, 13, 7, 14], [22, 20, 1, 19], [10, 2, 11, 1], [8, 21, 9, 22], [20, 9, 21, 10], [18, 12, 19, 11], [12, 3, 13, 4]]"
11a_183_192,"[[12, 3, 13, 4], [2, 17, 3, 18], [16, 7, 17, 8], [4, 15, 5, 16], [14, 5, 15, 6], [6, 13, 7, 14], [22, 20, 1, 19], [10, 2, 11, 1], [8, 21, 9, 22], [20, 9, 21, 10], [18, 12, 19, 11]]"
11a_183_193,"[[18, 12, 19, 11], [12, 3, 13, 4], [2, 17, 3, 18], [16, 7, 17, 8], [4, 15, 5, 16], [14, 5, 15, 6], [6, 13, 7, 14], [22, 20, 1, 19], [10, 2, 11, 1], [8, 21, 9, 22], [20, 9, 21, 10]]"
11a_183_194,"[[20, 9, 21, 10], [18, 12, 19, 11], [12, 3, 13, 4], [2, 17, 3, 18], [16, 7, 17, 8], [4, 15, 5, 16], [14, 5, 15, 6], [6, 13, 7, 14], [22, 20, 1, 19], [10, 2, 11, 1], [8, 21, 9, 22]]"
11a_183_195,"[[8, 21, 9, 22], [20, 9, 21, 10], [18, 12, 19, 11], [12, 3, 13, 4], [2, 17, 3, 18], [16, 7, 17, 8], [4, 15, 5, 16], [14, 5, 15, 6], [6, 13, 7, 14], [22, 20, 1, 19], [10, 2, 11, 1]]"
11a_183_196,"[[10, 2, 11, 1], [8, 21, 9, 22], [20, 9, 21, 10], [18, 12, 19, 11], [12, 3, 13, 4], [2, 17, 3, 18], [16, 7, 17, 8], [4, 15, 5, 16], [14, 5, 15, 6], [6, 13, 7, 14], [22, 20, 1, 19]]"
11a_183_197,"[[22, 20, 1, 19], [10, 2, 11, 1], [8, 21, 9, 22], [20, 9, 21, 10], [18, 12, 19, 11], [12, 3, 13, 4], [2, 17, 3, 18], [16, 7, 17, 8], [4, 15, 5, 16], [14, 5, 15, 6], [6, 13, 7, 14]]"
11a_183_198,"[[7, 14, 8, 15], [1, 21, 2, 20], [11, 3, 12, 2], [9, 22, 10, 1], [21, 10, 22, 11], [19, 13, 20, 12], [13, 4, 14, 5], [3, 18, 4, 19], [17, 8, 18, 9], [5, 16, 6, 17], [15, 6, 16, 7]]"
11a_183_199,"[[15, 6, 16, 7], [7, 14, 8, 15], [1, 21, 2, 20], [11, 3, 12, 2], [9, 22, 10, 1], [21, 10, 22, 11], [19, 13, 20, 12], [13, 4, 14, 5], [3, 18, 4, 19], [17, 8, 18, 9], [5, 16, 6, 17]]"
11a_183_200,"[[5, 16, 6, 17], [15, 6, 16, 7], [7, 14, 8, 15], [1, 21, 2, 20], [11, 3, 12, 2], [9, 22, 10, 1], [21, 10, 22, 11], [19, 13, 20, 12], [13, 4, 14, 5], [3, 18, 4, 19], [17, 8, 18, 9]]"
11a_183_201,"[[17, 8, 18, 9], [5, 16, 6, 17], [15, 6, 16, 7], [7, 14, 8, 15], [1, 21, 2, 20], [11, 3, 12, 2], [9, 22, 10, 1], [21, 10, 22, 11], [19, 13, 20, 12], [13, 4, 14, 5], [3, 18, 4, 19]]"
11a_183_202,"[[3, 18, 4, 19], [17, 8, 18, 9], [5, 16, 6, 17], [15, 6, 16, 7], [7, 14, 8, 15], [1, 21, 2, 20], [11, 3, 12, 2], [9, 22, 10, 1], [21, 10, 22, 11], [19, 13, 20, 12], [13, 4, 14, 5]]"
11a_183_203,"[[13, 4, 14, 5], [3, 18, 4, 19], [17, 8, 18, 9], [5, 16, 6, 17], [15, 6, 16, 7], [7, 14, 8, 15], [1, 21, 2, 20], [11, 3, 12, 2], [9, 22, 10, 1], [21, 10, 22, 11], [19, 13, 20, 12]]"
