name,pd_notation
11a_92_0,"[[9, 18, 10, 19], [5, 3, 6, 2], [13, 7, 14, 6], [11, 4, 12, 5], [3, 12, 4, 13], [1, 11, 2, 10], [7, 1, 8, 22], [17, 8, 18, 9], [19, 14, 20, 15], [21, 16, 22, 17], [15, 20, 16, 21]]"
11a_92_1,"[[15, 20, 16, 21], [9, 18, 10, 19], [5, 3, 6, 2], [13, 7, 14, 6], [11, 4, 12, 5], [3, 12, 4, 13], [1, 11, 2, 10], [7, 1, 8, 22], [17, 8, 18, 9], [19, 14, 20, 15], [21, 16, 22, 17]]"
11a_92_2,"[[21, 16, 22, 17], [15, 20, 16, 21], [9, 18, 10, 19], [5, 3, 6, 2], [13, 7, 14, 6], [11, 4, 12, 5], [3, 12, 4, 13], [1, 11, 2, 10], [7, 1, 8, 22], [17, 8, 18, 9], [19, 14, 20, 15]]"
11a_92_3,"[[19, 14, 20, 15], [21, 16, 22, 17], [15, 20, 16, 21], [9, 18, 10, 19], [5, 3, 6, 2], [13, 7, 14, 6], [11, 4, 12, 5], [3, 12, 4, 13], [1, 11, 2, 10], [7, 1, 8, 22], [17, 8, 18, 9]]"
11a_92_4,"[[17, 8, 18, 9], [19, 14, 20, 15], [21, 16, 22, 17], [15, 20, 16, 21], [9, 18, 10, 19], [5, 3, 6, 2], [13, 7, 14, 6], [11, 4, 12, 5], [3, 12, 4, 13], [1, 11, 2, 10], [7, 1, 8, 22]]"
11a_92_5,"[[7, 1, 8, 22], [17, 8, 18, 9], [19, 14, 20, 15], [21, 16, 22, 17], [15, 20, 16, 21], [9, 18, 10, 19], [5, 3, 6, 2], [13, 7, 14, 6], [11, 4, 12, 5], [3, 12, 4, 13], [1, 11, 2, 10]]"
11a_92_6,"[[1, 11, 2, 10], [7, 1, 8, 22], [17, 8, 18, 9], [19, 14, 20, 15], [21, 16, 22, 17], [15, 20, 16, 21], [9, 18, 10, 19], [5, 3, 6, 2], [13, 7, 14, 6], [11, 4, 12, 5], [3, 12, 4, 13]]"
11a_92_7,"[[3, 12, 4, 13], [1, 11, 2, 10], [7, 1, 8, 22], [17, 8, 18, 9], [19, 14, 20, 15], [21, 16, 22, 17], [15, 20, 16, 21], [9, 18, 10, 19], [5, 3, 6, 2], [13, 7, 14, 6], [11, 4, 12, 5]]"
11a_92_8,"[[11, 4, 12, 5], [3, 12, 4, 13], [1, 11, 2, 10], [7, 1, 8, 22], [17, 8, 18, 9], [19, 14, 20, 15], [21, 16, 22, 17], [15, 20, 16, 21], [9, 18, 10, 19], [5, 3, 6, 2], [13, 7, 14, 6]]"
11a_92_9,"[[13, 7, 14, 6], [11, 4, 12, 5], [3, 12, 4, 13], [1, 11, 2, 10], [7, 1, 8, 22], [17, 8, 18, 9], [19, 14, 20, 15], [21, 16, 22, 17], [15, 20, 16, 21], [9, 18, 10, 19], [5, 3, 6, 2]]"
11a_92_10,"[[5, 3, 6, 2], [13, 7, 14, 6], [11, 4, 12, 5], [3, 12, 4, 13], [1, 11, 2, 10], [7, 1, 8, 22], [17, 8, 18, 9], [19, 14, 20, 15], [21, 16, 22, 17], [15, 20, 16, 21], [9, 18, 10, 19]]"
11a_92_11,"[[10, 19, 11, 20], [6, 4, 7, 3], [14, 8, 15, 7], [12, 5, 13, 6], [4, 13, 5, 14], [2, 12, 3, 11], [8, 2, 9, 1], [18, 9, 19, 10], [20, 15, 21, 16], [22, 17, 1, 18], [16, 21, 17, 22]]"
11a_92_12,"[[16, 21, 17, 22], [10, 19, 11, 20], [6, 4, 7, 3], [14, 8, 15, 7], [12, 5, 13, 6], [4, 13, 5, 14], [2, 12, 3, 11], [8, 2, 9, 1], [18, 9, 19, 10], [20, 15, 21, 16], [22, 17, 1, 18]]"
11a_92_13,"[[22, 17, 1, 18], [16, 21, 17, 22], [10, 19, 11, 20], [6, 4, 7, 3], [14, 8, 15, 7], [12, 5, 13, 6], [4, 13, 5, 14], [2, 12, 3, 11], [8, 2, 9, 1], [18, 9, 19, 10], [20, 15, 21, 16]]"
11a_92_14,"[[20, 15, 21, 16], [22, 17, 1, 18], [16, 21, 17, 22], [10, 19, 11, 20], [6, 4, 7, 3], [14, 8, 15, 7], [12, 5, 13, 6], [4, 13, 5, 14], [2, 12, 3, 11], [8, 2, 9, 1], [18, 9, 19, 10]]"
11a_92_15,"[[18, 9, 19, 10], [20, 15, 21, 16], [22, 17, 1, 18], [16, 21, 17, 22], [10, 19, 11, 20], [6, 4, 7, 3], [14, 8, 15, 7], [12, 5, 13, 6], [4, 13, 5, 14], [2, 12, 3, 11], [8, 2, 9, 1]]"
11a_92_16,"[[8, 2, 9, 1], [18, 9, 19, 10], [20, 15, 21, 16], [22, 17, 1, 18], [16, 21, 17, 22], [10, 19, 11, 20], [6, 4, 7, 3], [14, 8, 15, 7], [12, 5, 13, 6], [4, 13, 5, 14], [2, 12, 3, 11]]"
11a_92_17,"[[2, 12, 3, 11], [8, 2, 9, 1], [18, 9, 19, 10], [20, 15, 21, 16], [22, 17, 1, 18], [16, 21, 17, 22], [10, 19, 11, 20], [6, 4, 7, 3], [14, 8, 15, 7], [12, 5, 13, 6], [4, 13, 5, 14]]"
11a_92_18,"[[4, 13, 5, 14], [2, 12, 3, 11], [8, 2, 9, 1], [18, 9, 19, 10], [20, 15, 21, 16], [22, 17, 1, 18], [16, 21, 17, 22], [10, 19, 11, 20], [6, 4, 7, 3], [14, 8, 15, 7], [12, 5, 13, 6]]"
11a_92_19,"[[12, 5, 13, 6], [4, 13, 5, 14], [2, 12, 3, 11], [8, 2, 9, 1], [18, 9, 19, 10], [20, 15, 21, 16], [22, 17, 1, 18], [16, 21, 17, 22], [10, 19, 11, 20], [6, 4, 7, 3], [14, 8, 15, 7]]"
11a_92_20,"[[14, 8, 15, 7], [12, 5, 13, 6], [4, 13, 5, 14], [2, 12, 3, 11], [8, 2, 9, 1], [18, 9, 19, 10], [20, 15, 21, 16], [22, 17, 1, 18], [16, 21, 17, 22], [10, 19, 11, 20], [6, 4, 7, 3]]"
11a_92_21,"[[6, 4, 7, 3], [14, 8, 15, 7], [12, 5, 13, 6], [4, 13, 5, 14], [2, 12, 3, 11], [8, 2, 9, 1], [18, 9, 19, 10], [20, 15, 21, 16], [22, 17, 1, 18], [16, 21, 17, 22], [10, 19, 11, 20]]"
11a_92_22,"[[11, 20, 12, 21], [7, 5, 8, 4], [15, 9, 16, 8], [13, 6, 14, 7], [5, 14, 6, 15], [3, 13, 4, 12], [9, 3, 10, 2], [19, 10, 20, 11], [21, 16, 22, 17], [1, 18, 2, 19], [17, 22, 18, 1]]"
11a_92_23,"[[17, 22, 18, 1], [11, 20, 12, 21], [7, 5, 8, 4], [15, 9, 16, 8], [13, 6, 14, 7], [5, 14, 6, 15], [3, 13, 4, 12], [9, 3, 10, 2], [19, 10, 20, 11], [21, 16, 22, 17], [1, 18, 2, 19]]"
11a_92_24,"[[1, 18, 2, 19], [17, 22, 18, 1], [11, 20, 12, 21], [7, 5, 8, 4], [15, 9, 16, 8], [13, 6, 14, 7], [5, 14, 6, 15], [3, 13, 4, 12], [9, 3, 10, 2], [19, 10, 20, 11], [21, 16, 22, 17]]"
11a_92_25,"[[21, 16, 22, 17], [1, 18, 2, 19], [17, 22, 18, 1], [11, 20, 12, 21], [7, 5, 8, 4], [15, 9, 16, 8], [13, 6, 14, 7], [5, 14, 6, 15], [3, 13, 4, 12], [9, 3, 10, 2], [19, 10, 20, 11]]"
11a_92_26,"[[19, 10, 20, 11], [21, 16, 22, 17], [1, 18, 2, 19], [17, 22, 18, 1], [11, 20, 12, 21], [7, 5, 8, 4], [15, 9, 16, 8], [13, 6, 14, 7], [5, 14, 6, 15], [3, 13, 4, 12], [9, 3, 10, 2]]"
11a_92_27,"[[9, 3, 10, 2], [19, 10, 20, 11], [21, 16, 22, 17], [1, 18, 2, 19], [17, 22, 18, 1], [11, 20, 12, 21], [7, 5, 8, 4], [15, 9, 16, 8], [13, 6, 14, 7], [5, 14, 6, 15], [3, 13, 4, 12]]"
11a_92_28,"[[3, 13, 4, 12], [9, 3, 10, 2], [19, 10, 20, 11], [21, 16, 22, 17], [1, 18, 2, 19], [17, 22, 18, 1], [11, 20, 12, 21], [7, 5, 8, 4], [15, 9, 16, 8], [13, 6, 14, 7], [5, 14, 6, 15]]"
11a_92_29,"[[5, 14, 6, 15], [3, 13, 4, 12], [9, 3, 10, 2], [19, 10, 20, 11], [21, 16, 22, 17], [1, 18, 2, 19], [17, 22, 18, 1], [11, 20, 12, 21], [7, 5, 8, 4], [15, 9, 16, 8], [13, 6, 14, 7]]"
11a_92_30,"[[13, 6, 14, 7], [5, 14, 6, 15], [3, 13, 4, 12], [9, 3, 10, 2], [19, 10, 20, 11], [21, 16, 22, 17], [1, 18, 2, 19], [17, 22, 18, 1], [11, 20, 12, 21], [7, 5, 8, 4], [15, 9, 16, 8]]"
11a_92_31,"[[15, 9, 16, 8], [13, 6, 14, 7], [5, 14, 6, 15], [3, 13, 4, 12], [9, 3, 10, 2], [19, 10, 20, 11], [21, 16, 22, 17], [1, 18, 2, 19], [17, 22, 18, 1], [11, 20, 12, 21], [7, 5, 8, 4]]"
11a_92_32,"[[7, 5, 8, 4], [15, 9, 16, 8], [13, 6, 14, 7], [5, 14, 6, 15], [3, 13, 4, 12], [9, 3, 10, 2], [19, 10, 20, 11], [21, 16, 22, 17], [1, 18, 2, 19], [17, 22, 18, 1], [11, 20, 12, 21]]"
11a_92_33,"[[12, 21, 13, 22], [8, 6, 9, 5], [16, 10, 17, 9], [14, 7, 15, 8], [6, 15, 7, 16], [4, 14, 5, 13], [10, 4, 11, 3], [20, 11, 21, 12], [22, 17, 1, 18], [2, 19, 3, 20], [18, 1, 19, 2]]"
11a_92_34,"[[18, 1, 19, 2], [12, 21, 13, 22], [8, 6, 9, 5], [16, 10, 17, 9], [14, 7, 15, 8], [6, 15, 7, 16], [4, 14, 5, 13], [10, 4, 11, 3], [20, 11, 21, 12], [22, 17, 1, 18], [2, 19, 3, 20]]"
11a_92_35,"[[2, 19, 3, 20], [18, 1, 19, 2], [12, 21, 13, 22], [8, 6, 9, 5], [16, 10, 17, 9], [14, 7, 15, 8], [6, 15, 7, 16], [4, 14, 5, 13], [10, 4, 11, 3], [20, 11, 21, 12], [22, 17, 1, 18]]"
11a_92_36,"[[22, 17, 1, 18], [2, 19, 3, 20], [18, 1, 19, 2], [12, 21, 13, 22], [8, 6, 9, 5], [16, 10, 17, 9], [14, 7, 15, 8], [6, 15, 7, 16], [4, 14, 5, 13], [10, 4, 11, 3], [20, 11, 21, 12]]"
11a_92_37,"[[20, 11, 21, 12], [22, 17, 1, 18], [2, 19, 3, 20], [18, 1, 19, 2], [12, 21, 13, 22], [8, 6, 9, 5], [16, 10, 17, 9], [14, 7, 15, 8], [6, 15, 7, 16], [4, 14, 5, 13], [10, 4, 11, 3]]"
11a_92_38,"[[10, 4, 11, 3], [20, 11, 21, 12], [22, 17, 1, 18], [2, 19, 3, 20], [18, 1, 19, 2], [12, 21, 13, 22], [8, 6, 9, 5], [16, 10, 17, 9], [14, 7, 15, 8], [6, 15, 7, 16], [4, 14, 5, 13]]"
11a_92_39,"[[4, 14, 5, 13], [10, 4, 11, 3], [20, 11, 21, 12], [22, 17, 1, 18], [2, 19, 3, 20], [18, 1, 19, 2], [12, 21, 13, 22], [8, 6, 9, 5], [16, 10, 17, 9], [14, 7, 15, 8], [6, 15, 7, 16]]"
11a_92_40,"[[6, 15, 7, 16], [4, 14, 5, 13], [10, 4, 11, 3], [20, 11, 21, 12], [22, 17, 1, 18], [2, 19, 3, 20], [18, 1, 19, 2], [12, 21, 13, 22], [8, 6, 9, 5], [16, 10, 17, 9], [14, 7, 15, 8]]"
11a_92_41,"[[14, 7, 15, 8], [6, 15, 7, 16], [4, 14, 5, 13], [10, 4, 11, 3], [20, 11, 21, 12], [22, 17, 1, 18], [2, 19, 3, 20], [18, 1, 19, 2], [12, 21, 13, 22], [8, 6, 9, 5], [16, 10, 17, 9]]"
11a_92_42,"[[16, 10, 17, 9], [14, 7, 15, 8], [6, 15, 7, 16], [4, 14, 5, 13], [10, 4, 11, 3], [20, 11, 21, 12], [22, 17, 1, 18], [2, 19, 3, 20], [18, 1, 19, 2], [12, 21, 13, 22], [8, 6, 9, 5]]"
11a_92_43,"[[8, 6, 9, 5], [16, 10, 17, 9], [14, 7, 15, 8], [6, 15, 7, 16], [4, 14, 5, 13], [10, 4, 11, 3], [20, 11, 21, 12], [22, 17, 1, 18], [2, 19, 3, 20], [18, 1, 19, 2], [12, 21, 13, 22]]"
11a_92_44,"[[13, 22, 14, 1], [9, 7, 10, 6], [17, 11, 18, 10], [15, 8, 16, 9], [7, 16, 8, 17], [5, 15, 6, 14], [11, 5, 12, 4], [21, 12, 22, 13], [1, 18, 2, 19], [3, 20, 4, 21], [19, 2, 20, 3]]"
11a_92_45,"[[19, 2, 20, 3], [13, 22, 14, 1], [9, 7, 10, 6], [17, 11, 18, 10], [15, 8, 16, 9], [7, 16, 8, 17], [5, 15, 6, 14], [11, 5, 12, 4], [21, 12, 22, 13], [1, 18, 2, 19], [3, 20, 4, 21]]"
11a_92_46,"[[3, 20, 4, 21], [19, 2, 20, 3], [13, 22, 14, 1], [9, 7, 10, 6], [17, 11, 18, 10], [15, 8, 16, 9], [7, 16, 8, 17], [5, 15, 6, 14], [11, 5, 12, 4], [21, 12, 22, 13], [1, 18, 2, 19]]"
11a_92_47,"[[1, 18, 2, 19], [3, 20, 4, 21], [19, 2, 20, 3], [13, 22, 14, 1], [9, 7, 10, 6], [17, 11, 18, 10], [15, 8, 16, 9], [7, 16, 8, 17], [5, 15, 6, 14], [11, 5, 12, 4], [21, 12, 22, 13]]"
11a_92_48,"[[21, 12, 22, 13], [1, 18, 2, 19], [3, 20, 4, 21], [19, 2, 20, 3], [13, 22, 14, 1], [9, 7, 10, 6], [17, 11, 18, 10], [15, 8, 16, 9], [7, 16, 8, 17], [5, 15, 6, 14], [11, 5, 12, 4]]"
11a_92_49,"[[11, 5, 12, 4], [21, 12, 22, 13], [1, 18, 2, 19], [3, 20, 4, 21], [19, 2, 20, 3], [13, 22, 14, 1], [9, 7, 10, 6], [17, 11, 18, 10], [15, 8, 16, 9], [7, 16, 8, 17], [5, 15, 6, 14]]"
11a_92_50,"[[5, 15, 6, 14], [11, 5, 12, 4], [21, 12, 22, 13], [1, 18, 2, 19], [3, 20, 4, 21], [19, 2, 20, 3], [13, 22, 14, 1], [9, 7, 10, 6], [17, 11, 18, 10], [15, 8, 16, 9], [7, 16, 8, 17]]"
11a_92_51,"[[7, 16, 8, 17], [5, 15, 6, 14], [11, 5, 12, 4], [21, 12, 22, 13], [1, 18, 2, 19], [3, 20, 4, 21], [19, 2, 20, 3], [13, 22, 14, 1], [9, 7, 10, 6], [17, 11, 18, 10], [15, 8, 16, 9]]"
11a_92_52,"[[15, 8, 16, 9], [7, 16, 8, 17], [5, 15, 6, 14], [11, 5, 12, 4], [21, 12, 22, 13], [1, 18, 2, 19], [3, 20, 4, 21], [19, 2, 20, 3], [13, 22, 14, 1], [9, 7, 10, 6], [17, 11, 18, 10]]"
11a_92_53,"[[17, 11, 18, 10], [15, 8, 16, 9], [7, 16, 8, 17], [5, 15, 6, 14], [11, 5, 12, 4], [21, 12, 22, 13], [1, 18, 2, 19], [3, 20, 4, 21], [19, 2, 20, 3], [13, 22, 14, 1], [9, 7, 10, 6]]"
11a_92_54,"[[9, 7, 10, 6], [17, 11, 18, 10], [15, 8, 16, 9], [7, 16, 8, 17], [5, 15, 6, 14], [11, 5, 12, 4], [21, 12, 22, 13], [1, 18, 2, 19], [3, 20, 4, 21], [19, 2, 20, 3], [13, 22, 14, 1]]"
11a_92_55,"[[14, 1, 15, 2], [10, 8, 11, 7], [18, 12, 19, 11], [16, 9, 17, 10], [8, 17, 9, 18], [6, 16, 7, 15], [12, 6, 13, 5], [22, 13, 1, 14], [2, 19, 3, 20], [4, 21, 5, 22], [20, 3, 21, 4]]"
11a_92_56,"[[20, 3, 21, 4], [14, 1, 15, 2], [10, 8, 11, 7], [18, 12, 19, 11], [16, 9, 17, 10], [8, 17, 9, 18], [6, 16, 7, 15], [12, 6, 13, 5], [22, 13, 1, 14], [2, 19, 3, 20], [4, 21, 5, 22]]"
11a_92_57,"[[4, 21, 5, 22], [20, 3, 21, 4], [14, 1, 15, 2], [10, 8, 11, 7], [18, 12, 19, 11], [16, 9, 17, 10], [8, 17, 9, 18], [6, 16, 7, 15], [12, 6, 13, 5], [22, 13, 1, 14], [2, 19, 3, 20]]"
11a_92_58,"[[2, 19, 3, 20], [4, 21, 5, 22], [20, 3, 21, 4], [14, 1, 15, 2], [10, 8, 11, 7], [18, 12, 19, 11], [16, 9, 17, 10], [8, 17, 9, 18], [6, 16, 7, 15], [12, 6, 13, 5], [22, 13, 1, 14]]"
11a_92_59,"[[22, 13, 1, 14], [2, 19, 3, 20], [4, 21, 5, 22], [20, 3, 21, 4], [14, 1, 15, 2], [10, 8, 11, 7], [18, 12, 19, 11], [16, 9, 17, 10], [8, 17, 9, 18], [6, 16, 7, 15], [12, 6, 13, 5]]"
11a_92_60,"[[12, 6, 13, 5], [22, 13, 1, 14], [2, 19, 3, 20], [4, 21, 5, 22], [20, 3, 21, 4], [14, 1, 15, 2], [10, 8, 11, 7], [18, 12, 19, 11], [16, 9, 17, 10], [8, 17, 9, 18], [6, 16, 7, 15]]"
11a_92_61,"[[6, 16, 7, 15], [12, 6, 13, 5], [22, 13, 1, 14], [2, 19, 3, 20], [4, 21, 5, 22], [20, 3, 21, 4], [14, 1, 15, 2], [10, 8, 11, 7], [18, 12, 19, 11], [16, 9, 17, 10], [8, 17, 9, 18]]"
11a_92_62,"[[8, 17, 9, 18], [6, 16, 7, 15], [12, 6, 13, 5], [22, 13, 1, 14], [2, 19, 3, 20], [4, 21, 5, 22], [20, 3, 21, 4], [14, 1, 15, 2], [10, 8, 11, 7], [18, 12, 19, 11], [16, 9, 17, 10]]"
11a_92_63,"[[16, 9, 17, 10], [8, 17, 9, 18], [6, 16, 7, 15], [12, 6, 13, 5], [22, 13, 1, 14], [2, 19, 3, 20], [4, 21, 5, 22], [20, 3, 21, 4], [14, 1, 15, 2], [10, 8, 11, 7], [18, 12, 19, 11]]"
11a_92_64,"[[18, 12, 19, 11], [16, 9, 17, 10], [8, 17, 9, 18], [6, 16, 7, 15], [12, 6, 13, 5], [22, 13, 1, 14], [2, 19, 3, 20], [4, 21, 5, 22], [20, 3, 21, 4], [14, 1, 15, 2], [10, 8, 11, 7]]"
11a_92_65,"[[10, 8, 11, 7], [18, 12, 19, 11], [16, 9, 17, 10], [8, 17, 9, 18], [6, 16, 7, 15], [12, 6, 13, 5], [22, 13, 1, 14], [2, 19, 3, 20], [4, 21, 5, 22], [20, 3, 21, 4], [14, 1, 15, 2]]"
11a_92_66,"[[15, 2, 16, 3], [11, 9, 12, 8], [19, 13, 20, 12], [17, 10, 18, 11], [9, 18, 10, 19], [7, 17, 8, 16], [13, 7, 14, 6], [1, 14, 2, 15], [3, 20, 4, 21], [5, 22, 6, 1], [21, 4, 22, 5]]"
11a_92_67,"[[21, 4, 22, 5], [15, 2, 16, 3], [11, 9, 12, 8], [19, 13, 20, 12], [17, 10, 18, 11], [9, 18, 10, 19], [7, 17, 8, 16], [13, 7, 14, 6], [1, 14, 2, 15], [3, 20, 4, 21], [5, 22, 6, 1]]"
11a_92_68,"[[5, 22, 6, 1], [21, 4, 22, 5], [15, 2, 16, 3], [11, 9, 12, 8], [19, 13, 20, 12], [17, 10, 18, 11], [9, 18, 10, 19], [7, 17, 8, 16], [13, 7, 14, 6], [1, 14, 2, 15], [3, 20, 4, 21]]"
11a_92_69,"[[3, 20, 4, 21], [5, 22, 6, 1], [21, 4, 22, 5], [15, 2, 16, 3], [11, 9, 12, 8], [19, 13, 20, 12], [17, 10, 18, 11], [9, 18, 10, 19], [7, 17, 8, 16], [13, 7, 14, 6], [1, 14, 2, 15]]"
11a_92_70,"[[1, 14, 2, 15], [3, 20, 4, 21], [5, 22, 6, 1], [21, 4, 22, 5], [15, 2, 16, 3], [11, 9, 12, 8], [19, 13, 20, 12], [17, 10, 18, 11], [9, 18, 10, 19], [7, 17, 8, 16], [13, 7, 14, 6]]"
11a_92_71,"[[13, 7, 14, 6], [1, 14, 2, 15], [3, 20, 4, 21], [5, 22, 6, 1], [21, 4, 22, 5], [15, 2, 16, 3], [11, 9, 12, 8], [19, 13, 20, 12], [17, 10, 18, 11], [9, 18, 10, 19], [7, 17, 8, 16]]"
11a_92_72,"[[7, 17, 8, 16], [13, 7, 14, 6], [1, 14, 2, 15], [3, 20, 4, 21], [5, 22, 6, 1], [21, 4, 22, 5], [15, 2, 16, 3], [11, 9, 12, 8], [19, 13, 20, 12], [17, 10, 18, 11], [9, 18, 10, 19]]"
11a_92_73,"[[9, 18, 10, 19], [7, 17, 8, 16], [13, 7, 14, 6], [1, 14, 2, 15], [3, 20, 4, 21], [5, 22, 6, 1], [21, 4, 22, 5], [15, 2, 16, 3], [11, 9, 12, 8], [19, 13, 20, 12], [17, 10, 18, 11]]"
11a_92_74,"[[17, 10, 18, 11], [9, 18, 10, 19], [7, 17, 8, 16], [13, 7, 14, 6], [1, 14, 2, 15], [3, 20, 4, 21], [5, 22, 6, 1], [21, 4, 22, 5], [15, 2, 16, 3], [11, 9, 12, 8], [19, 13, 20, 12]]"
11a_92_75,"[[19, 13, 20, 12], [17, 10, 18, 11], [9, 18, 10, 19], [7, 17, 8, 16], [13, 7, 14, 6], [1, 14, 2, 15], [3, 20, 4, 21], [5, 22, 6, 1], [21, 4, 22, 5], [15, 2, 16, 3], [11, 9, 12, 8]]"
11a_92_76,"[[11, 9, 12, 8], [19, 13, 20, 12], [17, 10, 18, 11], [9, 18, 10, 19], [7, 17, 8, 16], [13, 7, 14, 6], [1, 14, 2, 15], [3, 20, 4, 21], [5, 22, 6, 1], [21, 4, 22, 5], [15, 2, 16, 3]]"
11a_92_77,"[[16, 3, 17, 4], [12, 10, 13, 9], [20, 14, 21, 13], [18, 11, 19, 12], [10, 19, 11, 20], [8, 18, 9, 17], [14, 8, 15, 7], [2, 15, 3, 16], [4, 21, 5, 22], [6, 1, 7, 2], [22, 5, 1, 6]]"
11a_92_78,"[[22, 5, 1, 6], [16, 3, 17, 4], [12, 10, 13, 9], [20, 14, 21, 13], [18, 11, 19, 12], [10, 19, 11, 20], [8, 18, 9, 17], [14, 8, 15, 7], [2, 15, 3, 16], [4, 21, 5, 22], [6, 1, 7, 2]]"
11a_92_79,"[[6, 1, 7, 2], [22, 5, 1, 6], [16, 3, 17, 4], [12, 10, 13, 9], [20, 14, 21, 13], [18, 11, 19, 12], [10, 19, 11, 20], [8, 18, 9, 17], [14, 8, 15, 7], [2, 15, 3, 16], [4, 21, 5, 22]]"
11a_92_80,"[[4, 21, 5, 22], [6, 1, 7, 2], [22, 5, 1, 6], [16, 3, 17, 4], [12, 10, 13, 9], [20, 14, 21, 13], [18, 11, 19, 12], [10, 19, 11, 20], [8, 18, 9, 17], [14, 8, 15, 7], [2, 15, 3, 16]]"
11a_92_81,"[[2, 15, 3, 16], [4, 21, 5, 22], [6, 1, 7, 2], [22, 5, 1, 6], [16, 3, 17, 4], [12, 10, 13, 9], [20, 14, 21, 13], [18, 11, 19, 12], [10, 19, 11, 20], [8, 18, 9, 17], [14, 8, 15, 7]]"
11a_92_82,"[[14, 8, 15, 7], [2, 15, 3, 16], [4, 21, 5, 22], [6, 1, 7, 2], [22, 5, 1, 6], [16, 3, 17, 4], [12, 10, 13, 9], [20, 14, 21, 13], [18, 11, 19, 12], [10, 19, 11, 20], [8, 18, 9, 17]]"
11a_92_83,"[[8, 18, 9, 17], [14, 8, 15, 7], [2, 15, 3, 16], [4, 21, 5, 22], [6, 1, 7, 2], [22, 5, 1, 6], [16, 3, 17, 4], [12, 10, 13, 9], [20, 14, 21, 13], [18, 11, 19, 12], [10, 19, 11, 20]]"
11a_92_84,"[[10, 19, 11, 20], [8, 18, 9, 17], [14, 8, 15, 7], [2, 15, 3, 16], [4, 21, 5, 22], [6, 1, 7, 2], [22, 5, 1, 6], [16, 3, 17, 4], [12, 10, 13, 9], [20, 14, 21, 13], [18, 11, 19, 12]]"
11a_92_85,"[[18, 11, 19, 12], [10, 19, 11, 20], [8, 18, 9, 17], [14, 8, 15, 7], [2, 15, 3, 16], [4, 21, 5, 22], [6, 1, 7, 2], [22, 5, 1, 6], [16, 3, 17, 4], [12, 10, 13, 9], [20, 14, 21, 13]]"
11a_92_86,"[[20, 14, 21, 13], [18, 11, 19, 12], [10, 19, 11, 20], [8, 18, 9, 17], [14, 8, 15, 7], [2, 15, 3, 16], [4, 21, 5, 22], [6, 1, 7, 2], [22, 5, 1, 6], [16, 3, 17, 4], [12, 10, 13, 9]]"
11a_92_87,"[[12, 10, 13, 9], [20, 14, 21, 13], [18, 11, 19, 12], [10, 19, 11, 20], [8, 18, 9, 17], [14, 8, 15, 7], [2, 15, 3, 16], [4, 21, 5, 22], [6, 1, 7, 2], [22, 5, 1, 6], [16, 3, 17, 4]]"
11a_92_88,"[[17, 4, 18, 5], [13, 11, 14, 10], [21, 15, 22, 14], [19, 12, 20, 13], [11, 20, 12, 21], [9, 19, 10, 18], [15, 9, 16, 8], [3, 16, 4, 17], [5, 22, 6, 1], [7, 2, 8, 3], [1, 6, 2, 7]]"
11a_92_89,"[[1, 6, 2, 7], [17, 4, 18, 5], [13, 11, 14, 10], [21, 15, 22, 14], [19, 12, 20, 13], [11, 20, 12, 21], [9, 19, 10, 18], [15, 9, 16, 8], [3, 16, 4, 17], [5, 22, 6, 1], [7, 2, 8, 3]]"
11a_92_90,"[[7, 2, 8, 3], [1, 6, 2, 7], [17, 4, 18, 5], [13, 11, 14, 10], [21, 15, 22, 14], [19, 12, 20, 13], [11, 20, 12, 21], [9, 19, 10, 18], [15, 9, 16, 8], [3, 16, 4, 17], [5, 22, 6, 1]]"
11a_92_91,"[[5, 22, 6, 1], [7, 2, 8, 3], [1, 6, 2, 7], [17, 4, 18, 5], [13, 11, 14, 10], [21, 15, 22, 14], [19, 12, 20, 13], [11, 20, 12, 21], [9, 19, 10, 18], [15, 9, 16, 8], [3, 16, 4, 17]]"
11a_92_92,"[[3, 16, 4, 17], [5, 22, 6, 1], [7, 2, 8, 3], [1, 6, 2, 7], [17, 4, 18, 5], [13, 11, 14, 10], [21, 15, 22, 14], [19, 12, 20, 13], [11, 20, 12, 21], [9, 19, 10, 18], [15, 9, 16, 8]]"
11a_92_93,"[[15, 9, 16, 8], [3, 16, 4, 17], [5, 22, 6, 1], [7, 2, 8, 3], [1, 6, 2, 7], [17, 4, 18, 5], [13, 11, 14, 10], [21, 15, 22, 14], [19, 12, 20, 13], [11, 20, 12, 21], [9, 19, 10, 18]]"
11a_92_94,"[[9, 19, 10, 18], [15, 9, 16, 8], [3, 16, 4, 17], [5, 22, 6, 1], [7, 2, 8, 3], [1, 6, 2, 7], [17, 4, 18, 5], [13, 11, 14, 10], [21, 15, 22, 14], [19, 12, 20, 13], [11, 20, 12, 21]]"
11a_92_95,"[[11, 20, 12, 21], [9, 19, 10, 18], [15, 9, 16, 8], [3, 16, 4, 17], [5, 22, 6, 1], [7, 2, 8, 3], [1, 6, 2, 7], [17, 4, 18, 5], [13, 11, 14, 10], [21, 15, 22, 14], [19, 12, 20, 13]]"
11a_92_96,"[[19, 12, 20, 13], [11, 20, 12, 21], [9, 19, 10, 18], [15, 9, 16, 8], [3, 16, 4, 17], [5, 22, 6, 1], [7, 2, 8, 3], [1, 6, 2, 7], [17, 4, 18, 5], [13, 11, 14, 10], [21, 15, 22, 14]]"
11a_92_97,"[[21, 15, 22, 14], [19, 12, 20, 13], [11, 20, 12, 21], [9, 19, 10, 18], [15, 9, 16, 8], [3, 16, 4, 17], [5, 22, 6, 1], [7, 2, 8, 3], [1, 6, 2, 7], [17, 4, 18, 5], [13, 11, 14, 10]]"
11a_92_98,"[[13, 11, 14, 10], [21, 15, 22, 14], [19, 12, 20, 13], [11, 20, 12, 21], [9, 19, 10, 18], [15, 9, 16, 8], [3, 16, 4, 17], [5, 22, 6, 1], [7, 2, 8, 3], [1, 6, 2, 7], [17, 4, 18, 5]]"
11a_92_99,"[[18, 5, 19, 6], [14, 12, 15, 11], [22, 16, 1, 15], [20, 13, 21, 14], [12, 21, 13, 22], [10, 20, 11, 19], [16, 10, 17, 9], [4, 17, 5, 18], [6, 1, 7, 2], [8, 3, 9, 4], [2, 7, 3, 8]]"
11a_92_100,"[[2, 7, 3, 8], [18, 5, 19, 6], [14, 12, 15, 11], [22, 16, 1, 15], [20, 13, 21, 14], [12, 21, 13, 22], [10, 20, 11, 19], [16, 10, 17, 9], [4, 17, 5, 18], [6, 1, 7, 2], [8, 3, 9, 4]]"
11a_92_101,"[[8, 3, 9, 4], [2, 7, 3, 8], [18, 5, 19, 6], [14, 12, 15, 11], [22, 16, 1, 15], [20, 13, 21, 14], [12, 21, 13, 22], [10, 20, 11, 19], [16, 10, 17, 9], [4, 17, 5, 18], [6, 1, 7, 2]]"
11a_92_102,"[[6, 1, 7, 2], [8, 3, 9, 4], [2, 7, 3, 8], [18, 5, 19, 6], [14, 12, 15, 11], [22, 16, 1, 15], [20, 13, 21, 14], [12, 21, 13, 22], [10, 20, 11, 19], [16, 10, 17, 9], [4, 17, 5, 18]]"
11a_92_103,"[[4, 17, 5, 18], [6, 1, 7, 2], [8, 3, 9, 4], [2, 7, 3, 8], [18, 5, 19, 6], [14, 12, 15, 11], [22, 16, 1, 15], [20, 13, 21, 14], [12, 21, 13, 22], [10, 20, 11, 19], [16, 10, 17, 9]]"
11a_92_104,"[[16, 10, 17, 9], [4, 17, 5, 18], [6, 1, 7, 2], [8, 3, 9, 4], [2, 7, 3, 8], [18, 5, 19, 6], [14, 12, 15, 11], [22, 16, 1, 15], [20, 13, 21, 14], [12, 21, 13, 22], [10, 20, 11, 19]]"
11a_92_105,"[[10, 20, 11, 19], [16, 10, 17, 9], [4, 17, 5, 18], [6, 1, 7, 2], [8, 3, 9, 4], [2, 7, 3, 8], [18, 5, 19, 6], [14, 12, 15, 11], [22, 16, 1, 15], [20, 13, 21, 14], [12, 21, 13, 22]]"
11a_92_106,"[[12, 21, 13, 22], [10, 20, 11, 19], [16, 10, 17, 9], [4, 17, 5, 18], [6, 1, 7, 2], [8, 3, 9, 4], [2, 7, 3, 8], [18, 5, 19, 6], [14, 12, 15, 11], [22, 16, 1, 15], [20, 13, 21, 14]]"
11a_92_107,"[[20, 13, 21, 14], [12, 21, 13, 22], [10, 20, 11, 19], [16, 10, 17, 9], [4, 17, 5, 18], [6, 1, 7, 2], [8, 3, 9, 4], [2, 7, 3, 8], [18, 5, 19, 6], [14, 12, 15, 11], [22, 16, 1, 15]]"
11a_92_108,"[[22, 16, 1, 15], [20, 13, 21, 14], [12, 21, 13, 22], [10, 20, 11, 19], [16, 10, 17, 9], [4, 17, 5, 18], [6, 1, 7, 2], [8, 3, 9, 4], [2, 7, 3, 8], [18, 5, 19, 6], [14, 12, 15, 11]]"
11a_92_109,"[[14, 12, 15, 11], [22, 16, 1, 15], [20, 13, 21, 14], [12, 21, 13, 22], [10, 20, 11, 19], [16, 10, 17, 9], [4, 17, 5, 18], [6, 1, 7, 2], [8, 3, 9, 4], [2, 7, 3, 8], [18, 5, 19, 6]]"
11a_92_110,"[[19, 6, 20, 7], [15, 13, 16, 12], [1, 17, 2, 16], [21, 14, 22, 15], [13, 22, 14, 1], [11, 21, 12, 20], [17, 11, 18, 10], [5, 18, 6, 19], [7, 2, 8, 3], [9, 4, 10, 5], [3, 8, 4, 9]]"
11a_92_111,"[[3, 8, 4, 9], [19, 6, 20, 7], [15, 13, 16, 12], [1, 17, 2, 16], [21, 14, 22, 15], [13, 22, 14, 1], [11, 21, 12, 20], [17, 11, 18, 10], [5, 18, 6, 19], [7, 2, 8, 3], [9, 4, 10, 5]]"
11a_92_112,"[[9, 4, 10, 5], [3, 8, 4, 9], [19, 6, 20, 7], [15, 13, 16, 12], [1, 17, 2, 16], [21, 14, 22, 15], [13, 22, 14, 1], [11, 21, 12, 20], [17, 11, 18, 10], [5, 18, 6, 19], [7, 2, 8, 3]]"
11a_92_113,"[[7, 2, 8, 3], [9, 4, 10, 5], [3, 8, 4, 9], [19, 6, 20, 7], [15, 13, 16, 12], [1, 17, 2, 16], [21, 14, 22, 15], [13, 22, 14, 1], [11, 21, 12, 20], [17, 11, 18, 10], [5, 18, 6, 19]]"
11a_92_114,"[[5, 18, 6, 19], [7, 2, 8, 3], [9, 4, 10, 5], [3, 8, 4, 9], [19, 6, 20, 7], [15, 13, 16, 12], [1, 17, 2, 16], [21, 14, 22, 15], [13, 22, 14, 1], [11, 21, 12, 20], [17, 11, 18, 10]]"
11a_92_115,"[[17, 11, 18, 10], [5, 18, 6, 19], [7, 2, 8, 3], [9, 4, 10, 5], [3, 8, 4, 9], [19, 6, 20, 7], [15, 13, 16, 12], [1, 17, 2, 16], [21, 14, 22, 15], [13, 22, 14, 1], [11, 21, 12, 20]]"
11a_92_116,"[[11, 21, 12, 20], [17, 11, 18, 10], [5, 18, 6, 19], [7, 2, 8, 3], [9, 4, 10, 5], [3, 8, 4, 9], [19, 6, 20, 7], [15, 13, 16, 12], [1, 17, 2, 16], [21, 14, 22, 15], [13, 22, 14, 1]]"
11a_92_117,"[[13, 22, 14, 1], [11, 21, 12, 20], [17, 11, 18, 10], [5, 18, 6, 19], [7, 2, 8, 3], [9, 4, 10, 5], [3, 8, 4, 9], [19, 6, 20, 7], [15, 13, 16, 12], [1, 17, 2, 16], [21, 14, 22, 15]]"
11a_92_118,"[[21, 14, 22, 15], [13, 22, 14, 1], [11, 21, 12, 20], [17, 11, 18, 10], [5, 18, 6, 19], [7, 2, 8, 3], [9, 4, 10, 5], [3, 8, 4, 9], [19, 6, 20, 7], [15, 13, 16, 12], [1, 17, 2, 16]]"
11a_92_119,"[[1, 17, 2, 16], [21, 14, 22, 15], [13, 22, 14, 1], [11, 21, 12, 20], [17, 11, 18, 10], [5, 18, 6, 19], [7, 2, 8, 3], [9, 4, 10, 5], [3, 8, 4, 9], [19, 6, 20, 7], [15, 13, 16, 12]]"
11a_92_120,"[[15, 13, 16, 12], [1, 17, 2, 16], [21, 14, 22, 15], [13, 22, 14, 1], [11, 21, 12, 20], [17, 11, 18, 10], [5, 18, 6, 19], [7, 2, 8, 3], [9, 4, 10, 5], [3, 8, 4, 9], [19, 6, 20, 7]]"
11a_92_121,"[[20, 7, 21, 8], [16, 14, 17, 13], [2, 18, 3, 17], [22, 15, 1, 16], [14, 1, 15, 2], [12, 22, 13, 21], [18, 12, 19, 11], [6, 19, 7, 20], [8, 3, 9, 4], [10, 5, 11, 6], [4, 9, 5, 10]]"
11a_92_122,"[[4, 9, 5, 10], [20, 7, 21, 8], [16, 14, 17, 13], [2, 18, 3, 17], [22, 15, 1, 16], [14, 1, 15, 2], [12, 22, 13, 21], [18, 12, 19, 11], [6, 19, 7, 20], [8, 3, 9, 4], [10, 5, 11, 6]]"
11a_92_123,"[[10, 5, 11, 6], [4, 9, 5, 10], [20, 7, 21, 8], [16, 14, 17, 13], [2, 18, 3, 17], [22, 15, 1, 16], [14, 1, 15, 2], [12, 22, 13, 21], [18, 12, 19, 11], [6, 19, 7, 20], [8, 3, 9, 4]]"
11a_92_124,"[[8, 3, 9, 4], [10, 5, 11, 6], [4, 9, 5, 10], [20, 7, 21, 8], [16, 14, 17, 13], [2, 18, 3, 17], [22, 15, 1, 16], [14, 1, 15, 2], [12, 22, 13, 21], [18, 12, 19, 11], [6, 19, 7, 20]]"
11a_92_125,"[[6, 19, 7, 20], [8, 3, 9, 4], [10, 5, 11, 6], [4, 9, 5, 10], [20, 7, 21, 8], [16, 14, 17, 13], [2, 18, 3, 17], [22, 15, 1, 16], [14, 1, 15, 2], [12, 22, 13, 21], [18, 12, 19, 11]]"
11a_92_126,"[[18, 12, 19, 11], [6, 19, 7, 20], [8, 3, 9, 4], [10, 5, 11, 6], [4, 9, 5, 10], [20, 7, 21, 8], [16, 14, 17, 13], [2, 18, 3, 17], [22, 15, 1, 16], [14, 1, 15, 2], [12, 22, 13, 21]]"
11a_92_127,"[[12, 22, 13, 21], [18, 12, 19, 11], [6, 19, 7, 20], [8, 3, 9, 4], [10, 5, 11, 6], [4, 9, 5, 10], [20, 7, 21, 8], [16, 14, 17, 13], [2, 18, 3, 17], [22, 15, 1, 16], [14, 1, 15, 2]]"
11a_92_128,"[[14, 1, 15, 2], [12, 22, 13, 21], [18, 12, 19, 11], [6, 19, 7, 20], [8, 3, 9, 4], [10, 5, 11, 6], [4, 9, 5, 10], [20, 7, 21, 8], [16, 14, 17, 13], [2, 18, 3, 17], [22, 15, 1, 16]]"
11a_92_129,"[[22, 15, 1, 16], [14, 1, 15, 2], [12, 22, 13, 21], [18, 12, 19, 11], [6, 19, 7, 20], [8, 3, 9, 4], [10, 5, 11, 6], [4, 9, 5, 10], [20, 7, 21, 8], [16, 14, 17, 13], [2, 18, 3, 17]]"
11a_92_130,"[[2, 18, 3, 17], [22, 15, 1, 16], [14, 1, 15, 2], [12, 22, 13, 21], [18, 12, 19, 11], [6, 19, 7, 20], [8, 3, 9, 4], [10, 5, 11, 6], [4, 9, 5, 10], [20, 7, 21, 8], [16, 14, 17, 13]]"
11a_92_131,"[[16, 14, 17, 13], [2, 18, 3, 17], [22, 15, 1, 16], [14, 1, 15, 2], [12, 22, 13, 21], [18, 12, 19, 11], [6, 19, 7, 20], [8, 3, 9, 4], [10, 5, 11, 6], [4, 9, 5, 10], [20, 7, 21, 8]]"
11a_92_132,"[[21, 8, 22, 9], [17, 15, 18, 14], [3, 19, 4, 18], [1, 16, 2, 17], [15, 2, 16, 3], [13, 1, 14, 22], [19, 13, 20, 12], [7, 20, 8, 21], [9, 4, 10, 5], [11, 6, 12, 7], [5, 10, 6, 11]]"
11a_92_133,"[[5, 10, 6, 11], [21, 8, 22, 9], [17, 15, 18, 14], [3, 19, 4, 18], [1, 16, 2, 17], [15, 2, 16, 3], [13, 1, 14, 22], [19, 13, 20, 12], [7, 20, 8, 21], [9, 4, 10, 5], [11, 6, 12, 7]]"
11a_92_134,"[[11, 6, 12, 7], [5, 10, 6, 11], [21, 8, 22, 9], [17, 15, 18, 14], [3, 19, 4, 18], [1, 16, 2, 17], [15, 2, 16, 3], [13, 1, 14, 22], [19, 13, 20, 12], [7, 20, 8, 21], [9, 4, 10, 5]]"
11a_92_135,"[[9, 4, 10, 5], [11, 6, 12, 7], [5, 10, 6, 11], [21, 8, 22, 9], [17, 15, 18, 14], [3, 19, 4, 18], [1, 16, 2, 17], [15, 2, 16, 3], [13, 1, 14, 22], [19, 13, 20, 12], [7, 20, 8, 21]]"
11a_92_136,"[[7, 20, 8, 21], [9, 4, 10, 5], [11, 6, 12, 7], [5, 10, 6, 11], [21, 8, 22, 9], [17, 15, 18, 14], [3, 19, 4, 18], [1, 16, 2, 17], [15, 2, 16, 3], [13, 1, 14, 22], [19, 13, 20, 12]]"
11a_92_137,"[[19, 13, 20, 12], [7, 20, 8, 21], [9, 4, 10, 5], [11, 6, 12, 7], [5, 10, 6, 11], [21, 8, 22, 9], [17, 15, 18, 14], [3, 19, 4, 18], [1, 16, 2, 17], [15, 2, 16, 3], [13, 1, 14, 22]]"
11a_92_138,"[[13, 1, 14, 22], [19, 13, 20, 12], [7, 20, 8, 21], [9, 4, 10, 5], [11, 6, 12, 7], [5, 10, 6, 11], [21, 8, 22, 9], [17, 15, 18, 14], [3, 19, 4, 18], [1, 16, 2, 17], [15, 2, 16, 3]]"
11a_92_139,"[[15, 2, 16, 3], [13, 1, 14, 22], [19, 13, 20, 12], [7, 20, 8, 21], [9, 4, 10, 5], [11, 6, 12, 7], [5, 10, 6, 11], [21, 8, 22, 9], [17, 15, 18, 14], [3, 19, 4, 18], [1, 16, 2, 17]]"
11a_92_140,"[[1, 16, 2, 17], [15, 2, 16, 3], [13, 1, 14, 22], [19, 13, 20, 12], [7, 20, 8, 21], [9, 4, 10, 5], [11, 6, 12, 7], [5, 10, 6, 11], [21, 8, 22, 9], [17, 15, 18, 14], [3, 19, 4, 18]]"
11a_92_141,"[[3, 19, 4, 18], [1, 16, 2, 17], [15, 2, 16, 3], [13, 1, 14, 22], [19, 13, 20, 12], [7, 20, 8, 21], [9, 4, 10, 5], [11, 6, 12, 7], [5, 10, 6, 11], [21, 8, 22, 9], [17, 15, 18, 14]]"
11a_92_142,"[[17, 15, 18, 14], [3, 19, 4, 18], [1, 16, 2, 17], [15, 2, 16, 3], [13, 1, 14, 22], [19, 13, 20, 12], [7, 20, 8, 21], [9, 4, 10, 5], [11, 6, 12, 7], [5, 10, 6, 11], [21, 8, 22, 9]]"
11a_92_143,"[[22, 9, 1, 10], [18, 16, 19, 15], [4, 20, 5, 19], [2, 17, 3, 18], [16, 3, 17, 4], [14, 2, 15, 1], [20, 14, 21, 13], [8, 21, 9, 22], [10, 5, 11, 6], [12, 7, 13, 8], [6, 11, 7, 12]]"
11a_92_144,"[[6, 11, 7, 12], [22, 9, 1, 10], [18, 16, 19, 15], [4, 20, 5, 19], [2, 17, 3, 18], [16, 3, 17, 4], [14, 2, 15, 1], [20, 14, 21, 13], [8, 21, 9, 22], [10, 5, 11, 6], [12, 7, 13, 8]]"
11a_92_145,"[[12, 7, 13, 8], [6, 11, 7, 12], [22, 9, 1, 10], [18, 16, 19, 15], [4, 20, 5, 19], [2, 17, 3, 18], [16, 3, 17, 4], [14, 2, 15, 1], [20, 14, 21, 13], [8, 21, 9, 22], [10, 5, 11, 6]]"
11a_92_146,"[[10, 5, 11, 6], [12, 7, 13, 8], [6, 11, 7, 12], [22, 9, 1, 10], [18, 16, 19, 15], [4, 20, 5, 19], [2, 17, 3, 18], [16, 3, 17, 4], [14, 2, 15, 1], [20, 14, 21, 13], [8, 21, 9, 22]]"
11a_92_147,"[[8, 21, 9, 22], [10, 5, 11, 6], [12, 7, 13, 8], [6, 11, 7, 12], [22, 9, 1, 10], [18, 16, 19, 15], [4, 20, 5, 19], [2, 17, 3, 18], [16, 3, 17, 4], [14, 2, 15, 1], [20, 14, 21, 13]]"
11a_92_148,"[[20, 14, 21, 13], [8, 21, 9, 22], [10, 5, 11, 6], [12, 7, 13, 8], [6, 11, 7, 12], [22, 9, 1, 10], [18, 16, 19, 15], [4, 20, 5, 19], [2, 17, 3, 18], [16, 3, 17, 4], [14, 2, 15, 1]]"
11a_92_149,"[[14, 2, 15, 1], [20, 14, 21, 13], [8, 21, 9, 22], [10, 5, 11, 6], [12, 7, 13, 8], [6, 11, 7, 12], [22, 9, 1, 10], [18, 16, 19, 15], [4, 20, 5, 19], [2, 17, 3, 18], [16, 3, 17, 4]]"
11a_92_150,"[[16, 3, 17, 4], [14, 2, 15, 1], [20, 14, 21, 13], [8, 21, 9, 22], [10, 5, 11, 6], [12, 7, 13, 8], [6, 11, 7, 12], [22, 9, 1, 10], [18, 16, 19, 15], [4, 20, 5, 19], [2, 17, 3, 18]]"
11a_92_151,"[[2, 17, 3, 18], [16, 3, 17, 4], [14, 2, 15, 1], [20, 14, 21, 13], [8, 21, 9, 22], [10, 5, 11, 6], [12, 7, 13, 8], [6, 11, 7, 12], [22, 9, 1, 10], [18, 16, 19, 15], [4, 20, 5, 19]]"
11a_92_152,"[[4, 20, 5, 19], [2, 17, 3, 18], [16, 3, 17, 4], [14, 2, 15, 1], [20, 14, 21, 13], [8, 21, 9, 22], [10, 5, 11, 6], [12, 7, 13, 8], [6, 11, 7, 12], [22, 9, 1, 10], [18, 16, 19, 15]]"
11a_92_153,"[[18, 16, 19, 15], [4, 20, 5, 19], [2, 17, 3, 18], [16, 3, 17, 4], [14, 2, 15, 1], [20, 14, 21, 13], [8, 21, 9, 22], [10, 5, 11, 6], [12, 7, 13, 8], [6, 11, 7, 12], [22, 9, 1, 10]]"
11a_92_154,"[[1, 10, 2, 11], [19, 17, 20, 16], [5, 21, 6, 20], [3, 18, 4, 19], [17, 4, 18, 5], [15, 3, 16, 2], [21, 15, 22, 14], [9, 22, 10, 1], [11, 6, 12, 7], [13, 8, 14, 9], [7, 12, 8, 13]]"
11a_92_155,"[[7, 12, 8, 13], [1, 10, 2, 11], [19, 17, 20, 16], [5, 21, 6, 20], [3, 18, 4, 19], [17, 4, 18, 5], [15, 3, 16, 2], [21, 15, 22, 14], [9, 22, 10, 1], [11, 6, 12, 7], [13, 8, 14, 9]]"
11a_92_156,"[[13, 8, 14, 9], [7, 12, 8, 13], [1, 10, 2, 11], [19, 17, 20, 16], [5, 21, 6, 20], [3, 18, 4, 19], [17, 4, 18, 5], [15, 3, 16, 2], [21, 15, 22, 14], [9, 22, 10, 1], [11, 6, 12, 7]]"
11a_92_157,"[[11, 6, 12, 7], [13, 8, 14, 9], [7, 12, 8, 13], [1, 10, 2, 11], [19, 17, 20, 16], [5, 21, 6, 20], [3, 18, 4, 19], [17, 4, 18, 5], [15, 3, 16, 2], [21, 15, 22, 14], [9, 22, 10, 1]]"
11a_92_158,"[[9, 22, 10, 1], [11, 6, 12, 7], [13, 8, 14, 9], [7, 12, 8, 13], [1, 10, 2, 11], [19, 17, 20, 16], [5, 21, 6, 20], [3, 18, 4, 19], [17, 4, 18, 5], [15, 3, 16, 2], [21, 15, 22, 14]]"
11a_92_159,"[[21, 15, 22, 14], [9, 22, 10, 1], [11, 6, 12, 7], [13, 8, 14, 9], [7, 12, 8, 13], [1, 10, 2, 11], [19, 17, 20, 16], [5, 21, 6, 20], [3, 18, 4, 19], [17, 4, 18, 5], [15, 3, 16, 2]]"
11a_92_160,"[[15, 3, 16, 2], [21, 15, 22, 14], [9, 22, 10, 1], [11, 6, 12, 7], [13, 8, 14, 9], [7, 12, 8, 13], [1, 10, 2, 11], [19, 17, 20, 16], [5, 21, 6, 20], [3, 18, 4, 19], [17, 4, 18, 5]]"
11a_92_161,"[[17, 4, 18, 5], [15, 3, 16, 2], [21, 15, 22, 14], [9, 22, 10, 1], [11, 6, 12, 7], [13, 8, 14, 9], [7, 12, 8, 13], [1, 10, 2, 11], [19, 17, 20, 16], [5, 21, 6, 20], [3, 18, 4, 19]]"
11a_92_162,"[[3, 18, 4, 19], [17, 4, 18, 5], [15, 3, 16, 2], [21, 15, 22, 14], [9, 22, 10, 1], [11, 6, 12, 7], [13, 8, 14, 9], [7, 12, 8, 13], [1, 10, 2, 11], [19, 17, 20, 16], [5, 21, 6, 20]]"
11a_92_163,"[[5, 21, 6, 20], [3, 18, 4, 19], [17, 4, 18, 5], [15, 3, 16, 2], [21, 15, 22, 14], [9, 22, 10, 1], [11, 6, 12, 7], [13, 8, 14, 9], [7, 12, 8, 13], [1, 10, 2, 11], [19, 17, 20, 16]]"
11a_92_164,"[[19, 17, 20, 16], [5, 21, 6, 20], [3, 18, 4, 19], [17, 4, 18, 5], [15, 3, 16, 2], [21, 15, 22, 14], [9, 22, 10, 1], [11, 6, 12, 7], [13, 8, 14, 9], [7, 12, 8, 13], [1, 10, 2, 11]]"
11a_92_165,"[[2, 11, 3, 12], [20, 18, 21, 17], [6, 22, 7, 21], [4, 19, 5, 20], [18, 5, 19, 6], [16, 4, 17, 3], [22, 16, 1, 15], [10, 1, 11, 2], [12, 7, 13, 8], [14, 9, 15, 10], [8, 13, 9, 14]]"
11a_92_166,"[[8, 13, 9, 14], [2, 11, 3, 12], [20, 18, 21, 17], [6, 22, 7, 21], [4, 19, 5, 20], [18, 5, 19, 6], [16, 4, 17, 3], [22, 16, 1, 15], [10, 1, 11, 2], [12, 7, 13, 8], [14, 9, 15, 10]]"
11a_92_167,"[[14, 9, 15, 10], [8, 13, 9, 14], [2, 11, 3, 12], [20, 18, 21, 17], [6, 22, 7, 21], [4, 19, 5, 20], [18, 5, 19, 6], [16, 4, 17, 3], [22, 16, 1, 15], [10, 1, 11, 2], [12, 7, 13, 8]]"
11a_92_168,"[[12, 7, 13, 8], [14, 9, 15, 10], [8, 13, 9, 14], [2, 11, 3, 12], [20, 18, 21, 17], [6, 22, 7, 21], [4, 19, 5, 20], [18, 5, 19, 6], [16, 4, 17, 3], [22, 16, 1, 15], [10, 1, 11, 2]]"
11a_92_169,"[[10, 1, 11, 2], [12, 7, 13, 8], [14, 9, 15, 10], [8, 13, 9, 14], [2, 11, 3, 12], [20, 18, 21, 17], [6, 22, 7, 21], [4, 19, 5, 20], [18, 5, 19, 6], [16, 4, 17, 3], [22, 16, 1, 15]]"
11a_92_170,"[[22, 16, 1, 15], [10, 1, 11, 2], [12, 7, 13, 8], [14, 9, 15, 10], [8, 13, 9, 14], [2, 11, 3, 12], [20, 18, 21, 17], [6, 22, 7, 21], [4, 19, 5, 20], [18, 5, 19, 6], [16, 4, 17, 3]]"
11a_92_171,"[[16, 4, 17, 3], [22, 16, 1, 15], [10, 1, 11, 2], [12, 7, 13, 8], [14, 9, 15, 10], [8, 13, 9, 14], [2, 11, 3, 12], [20, 18, 21, 17], [6, 22, 7, 21], [4, 19, 5, 20], [18, 5, 19, 6]]"
11a_92_172,"[[18, 5, 19, 6], [16, 4, 17, 3], [22, 16, 1, 15], [10, 1, 11, 2], [12, 7, 13, 8], [14, 9, 15, 10], [8, 13, 9, 14], [2, 11, 3, 12], [20, 18, 21, 17], [6, 22, 7, 21], [4, 19, 5, 20]]"
11a_92_173,"[[4, 19, 5, 20], [18, 5, 19, 6], [16, 4, 17, 3], [22, 16, 1, 15], [10, 1, 11, 2], [12, 7, 13, 8], [14, 9, 15, 10], [8, 13, 9, 14], [2, 11, 3, 12], [20, 18, 21, 17], [6, 22, 7, 21]]"
11a_92_174,"[[6, 22, 7, 21], [4, 19, 5, 20], [18, 5, 19, 6], [16, 4, 17, 3], [22, 16, 1, 15], [10, 1, 11, 2], [12, 7, 13, 8], [14, 9, 15, 10], [8, 13, 9, 14], [2, 11, 3, 12], [20, 18, 21, 17]]"
11a_92_175,"[[20, 18, 21, 17], [6, 22, 7, 21], [4, 19, 5, 20], [18, 5, 19, 6], [16, 4, 17, 3], [22, 16, 1, 15], [10, 1, 11, 2], [12, 7, 13, 8], [14, 9, 15, 10], [8, 13, 9, 14], [2, 11, 3, 12]]"
11a_92_176,"[[3, 12, 4, 13], [21, 19, 22, 18], [7, 1, 8, 22], [5, 20, 6, 21], [19, 6, 20, 7], [17, 5, 18, 4], [1, 17, 2, 16], [11, 2, 12, 3], [13, 8, 14, 9], [15, 10, 16, 11], [9, 14, 10, 15]]"
11a_92_177,"[[9, 14, 10, 15], [3, 12, 4, 13], [21, 19, 22, 18], [7, 1, 8, 22], [5, 20, 6, 21], [19, 6, 20, 7], [17, 5, 18, 4], [1, 17, 2, 16], [11, 2, 12, 3], [13, 8, 14, 9], [15, 10, 16, 11]]"
11a_92_178,"[[15, 10, 16, 11], [9, 14, 10, 15], [3, 12, 4, 13], [21, 19, 22, 18], [7, 1, 8, 22], [5, 20, 6, 21], [19, 6, 20, 7], [17, 5, 18, 4], [1, 17, 2, 16], [11, 2, 12, 3], [13, 8, 14, 9]]"
11a_92_179,"[[13, 8, 14, 9], [15, 10, 16, 11], [9, 14, 10, 15], [3, 12, 4, 13], [21, 19, 22, 18], [7, 1, 8, 22], [5, 20, 6, 21], [19, 6, 20, 7], [17, 5, 18, 4], [1, 17, 2, 16], [11, 2, 12, 3]]"
11a_92_180,"[[11, 2, 12, 3], [13, 8, 14, 9], [15, 10, 16, 11], [9, 14, 10, 15], [3, 12, 4, 13], [21, 19, 22, 18], [7, 1, 8, 22], [5, 20, 6, 21], [19, 6, 20, 7], [17, 5, 18, 4], [1, 17, 2, 16]]"
11a_92_181,"[[1, 17, 2, 16], [11, 2, 12, 3], [13, 8, 14, 9], [15, 10, 16, 11], [9, 14, 10, 15], [3, 12, 4, 13], [21, 19, 22, 18], [7, 1, 8, 22], [5, 20, 6, 21], [19, 6, 20, 7], [17, 5, 18, 4]]"
11a_92_182,"[[17, 5, 18, 4], [1, 17, 2, 16], [11, 2, 12, 3], [13, 8, 14, 9], [15, 10, 16, 11], [9, 14, 10, 15], [3, 12, 4, 13], [21, 19, 22, 18], [7, 1, 8, 22], [5, 20, 6, 21], [19, 6, 20, 7]]"
11a_92_183,"[[19, 6, 20, 7], [17, 5, 18, 4], [1, 17, 2, 16], [11, 2, 12, 3], [13, 8, 14, 9], [15, 10, 16, 11], [9, 14, 10, 15], [3, 12, 4, 13], [21, 19, 22, 18], [7, 1, 8, 22], [5, 20, 6, 21]]"
11a_92_184,"[[5, 20, 6, 21], [19, 6, 20, 7], [17, 5, 18, 4], [1, 17, 2, 16], [11, 2, 12, 3], [13, 8, 14, 9], [15, 10, 16, 11], [9, 14, 10, 15], [3, 12, 4, 13], [21, 19, 22, 18], [7, 1, 8, 22]]"
11a_92_185,"[[7, 1, 8, 22], [5, 20, 6, 21], [19, 6, 20, 7], [17, 5, 18, 4], [1, 17, 2, 16], [11, 2, 12, 3], [13, 8, 14, 9], [15, 10, 16, 11], [9, 14, 10, 15], [3, 12, 4, 13], [21, 19, 22, 18]]"
11a_92_186,"[[21, 19, 22, 18], [7, 1, 8, 22], [5, 20, 6, 21], [19, 6, 20, 7], [17, 5, 18, 4], [1, 17, 2, 16], [11, 2, 12, 3], [13, 8, 14, 9], [15, 10, 16, 11], [9, 14, 10, 15], [3, 12, 4, 13]]"
11a_92_187,"[[4, 13, 5, 14], [22, 20, 1, 19], [8, 2, 9, 1], [6, 21, 7, 22], [20, 7, 21, 8], [18, 6, 19, 5], [2, 18, 3, 17], [12, 3, 13, 4], [14, 9, 15, 10], [16, 11, 17, 12], [10, 15, 11, 16]]"
11a_92_188,"[[10, 15, 11, 16], [4, 13, 5, 14], [22, 20, 1, 19], [8, 2, 9, 1], [6, 21, 7, 22], [20, 7, 21, 8], [18, 6, 19, 5], [2, 18, 3, 17], [12, 3, 13, 4], [14, 9, 15, 10], [16, 11, 17, 12]]"
11a_92_189,"[[16, 11, 17, 12], [10, 15, 11, 16], [4, 13, 5, 14], [22, 20, 1, 19], [8, 2, 9, 1], [6, 21, 7, 22], [20, 7, 21, 8], [18, 6, 19, 5], [2, 18, 3, 17], [12, 3, 13, 4], [14, 9, 15, 10]]"
11a_92_190,"[[14, 9, 15, 10], [16, 11, 17, 12], [10, 15, 11, 16], [4, 13, 5, 14], [22, 20, 1, 19], [8, 2, 9, 1], [6, 21, 7, 22], [20, 7, 21, 8], [18, 6, 19, 5], [2, 18, 3, 17], [12, 3, 13, 4]]"
11a_92_191,"[[12, 3, 13, 4], [14, 9, 15, 10], [16, 11, 17, 12], [10, 15, 11, 16], [4, 13, 5, 14], [22, 20, 1, 19], [8, 2, 9, 1], [6, 21, 7, 22], [20, 7, 21, 8], [18, 6, 19, 5], [2, 18, 3, 17]]"
11a_92_192,"[[2, 18, 3, 17], [12, 3, 13, 4], [14, 9, 15, 10], [16, 11, 17, 12], [10, 15, 11, 16], [4, 13, 5, 14], [22, 20, 1, 19], [8, 2, 9, 1], [6, 21, 7, 22], [20, 7, 21, 8], [18, 6, 19, 5]]"
11a_92_193,"[[18, 6, 19, 5], [2, 18, 3, 17], [12, 3, 13, 4], [14, 9, 15, 10], [16, 11, 17, 12], [10, 15, 11, 16], [4, 13, 5, 14], [22, 20, 1, 19], [8, 2, 9, 1], [6, 21, 7, 22], [20, 7, 21, 8]]"
11a_92_194,"[[20, 7, 21, 8], [18, 6, 19, 5], [2, 18, 3, 17], [12, 3, 13, 4], [14, 9, 15, 10], [16, 11, 17, 12], [10, 15, 11, 16], [4, 13, 5, 14], [22, 20, 1, 19], [8, 2, 9, 1], [6, 21, 7, 22]]"
11a_92_195,"[[6, 21, 7, 22], [20, 7, 21, 8], [18, 6, 19, 5], [2, 18, 3, 17], [12, 3, 13, 4], [14, 9, 15, 10], [16, 11, 17, 12], [10, 15, 11, 16], [4, 13, 5, 14], [22, 20, 1, 19], [8, 2, 9, 1]]"
11a_92_196,"[[8, 2, 9, 1], [6, 21, 7, 22], [20, 7, 21, 8], [18, 6, 19, 5], [2, 18, 3, 17], [12, 3, 13, 4], [14, 9, 15, 10], [16, 11, 17, 12], [10, 15, 11, 16], [4, 13, 5, 14], [22, 20, 1, 19]]"
11a_92_197,"[[22, 20, 1, 19], [8, 2, 9, 1], [6, 21, 7, 22], [20, 7, 21, 8], [18, 6, 19, 5], [2, 18, 3, 17], [12, 3, 13, 4], [14, 9, 15, 10], [16, 11, 17, 12], [10, 15, 11, 16], [4, 13, 5, 14]]"
11a_92_198,"[[5, 14, 6, 15], [1, 21, 2, 20], [9, 3, 10, 2], [7, 22, 8, 1], [21, 8, 22, 9], [19, 7, 20, 6], [3, 19, 4, 18], [13, 4, 14, 5], [15, 10, 16, 11], [17, 12, 18, 13], [11, 16, 12, 17]]"
11a_92_199,"[[11, 16, 12, 17], [5, 14, 6, 15], [1, 21, 2, 20], [9, 3, 10, 2], [7, 22, 8, 1], [21, 8, 22, 9], [19, 7, 20, 6], [3, 19, 4, 18], [13, 4, 14, 5], [15, 10, 16, 11], [17, 12, 18, 13]]"
11a_92_200,"[[17, 12, 18, 13], [11, 16, 12, 17], [5, 14, 6, 15], [1, 21, 2, 20], [9, 3, 10, 2], [7, 22, 8, 1], [21, 8, 22, 9], [19, 7, 20, 6], [3, 19, 4, 18], [13, 4, 14, 5], [15, 10, 16, 11]]"
11a_92_201,"[[15, 10, 16, 11], [17, 12, 18, 13], [11, 16, 12, 17], [5, 14, 6, 15], [1, 21, 2, 20], [9, 3, 10, 2], [7, 22, 8, 1], [21, 8, 22, 9], [19, 7, 20, 6], [3, 19, 4, 18], [13, 4, 14, 5]]"
11a_92_202,"[[13, 4, 14, 5], [15, 10, 16, 11], [17, 12, 18, 13], [11, 16, 12, 17], [5, 14, 6, 15], [1, 21, 2, 20], [9, 3, 10, 2], [7, 22, 8, 1], [21, 8, 22, 9], [19, 7, 20, 6], [3, 19, 4, 18]]"
11a_92_203,"[[3, 19, 4, 18], [13, 4, 14, 5], [15, 10, 16, 11], [17, 12, 18, 13], [11, 16, 12, 17], [5, 14, 6, 15], [1, 21, 2, 20], [9, 3, 10, 2], [7, 22, 8, 1], [21, 8, 22, 9], [19, 7, 20, 6]]"
11a_92_204,"[[19, 7, 20, 6], [3, 19, 4, 18], [13, 4, 14, 5], [15, 10, 16, 11], [17, 12, 18, 13], [11, 16, 12, 17], [5, 14, 6, 15], [1, 21, 2, 20], [9, 3, 10, 2], [7, 22, 8, 1], [21, 8, 22, 9]]"
