name,pd_notation
11a_199_0,"[[11, 20, 12, 21], [5, 3, 6, 2], [15, 9, 16, 8], [13, 4, 14, 5], [3, 14, 4, 15], [17, 7, 18, 6], [7, 17, 8, 16], [1, 19, 2, 18], [19, 10, 20, 11], [9, 22, 10, 1], [21, 12, 22, 13]]"
11a_199_1,"[[21, 12, 22, 13], [11, 20, 12, 21], [5, 3, 6, 2], [15, 9, 16, 8], [13, 4, 14, 5], [3, 14, 4, 15], [17, 7, 18, 6], [7, 17, 8, 16], [1, 19, 2, 18], [19, 10, 20, 11], [9, 22, 10, 1]]"
11a_199_2,"[[9, 22, 10, 1], [21, 12, 22, 13], [11, 20, 12, 21], [5, 3, 6, 2], [15, 9, 16, 8], [13, 4, 14, 5], [3, 14, 4, 15], [17, 7, 18, 6], [7, 17, 8, 16], [1, 19, 2, 18], [19, 10, 20, 11]]"
11a_199_3,"[[19, 10, 20, 11], [9, 22, 10, 1], [21, 12, 22, 13], [11, 20, 12, 21], [5, 3, 6, 2], [15, 9, 16, 8], [13, 4, 14, 5], [3, 14, 4, 15], [17, 7, 18, 6], [7, 17, 8, 16], [1, 19, 2, 18]]"
11a_199_4,"[[1, 19, 2, 18], [19, 10, 20, 11], [9, 22, 10, 1], [21, 12, 22, 13], [11, 20, 12, 21], [5, 3, 6, 2], [15, 9, 16, 8], [13, 4, 14, 5], [3, 14, 4, 15], [17, 7, 18, 6], [7, 17, 8, 16]]"
11a_199_5,"[[7, 17, 8, 16], [1, 19, 2, 18], [19, 10, 20, 11], [9, 22, 10, 1], [21, 12, 22, 13], [11, 20, 12, 21], [5, 3, 6, 2], [15, 9, 16, 8], [13, 4, 14, 5], [3, 14, 4, 15], [17, 7, 18, 6]]"
11a_199_6,"[[17, 7, 18, 6], [7, 17, 8, 16], [1, 19, 2, 18], [19, 10, 20, 11], [9, 22, 10, 1], [21, 12, 22, 13], [11, 20, 12, 21], [5, 3, 6, 2], [15, 9, 16, 8], [13, 4, 14, 5], [3, 14, 4, 15]]"
11a_199_7,"[[3, 14, 4, 15], [17, 7, 18, 6], [7, 17, 8, 16], [1, 19, 2, 18], [19, 10, 20, 11], [9, 22, 10, 1], [21, 12, 22, 13], [11, 20, 12, 21], [5, 3, 6, 2], [15, 9, 16, 8], [13, 4, 14, 5]]"
11a_199_8,"[[13, 4, 14, 5], [3, 14, 4, 15], [17, 7, 18, 6], [7, 17, 8, 16], [1, 19, 2, 18], [19, 10, 20, 11], [9, 22, 10, 1], [21, 12, 22, 13], [11, 20, 12, 21], [5, 3, 6, 2], [15, 9, 16, 8]]"
11a_199_9,"[[15, 9, 16, 8], [13, 4, 14, 5], [3, 14, 4, 15], [17, 7, 18, 6], [7, 17, 8, 16], [1, 19, 2, 18], [19, 10, 20, 11], [9, 22, 10, 1], [21, 12, 22, 13], [11, 20, 12, 21], [5, 3, 6, 2]]"
11a_199_10,"[[5, 3, 6, 2], [15, 9, 16, 8], [13, 4, 14, 5], [3, 14, 4, 15], [17, 7, 18, 6], [7, 17, 8, 16], [1, 19, 2, 18], [19, 10, 20, 11], [9, 22, 10, 1], [21, 12, 22, 13], [11, 20, 12, 21]]"
11a_199_11,"[[12, 21, 13, 22], [6, 4, 7, 3], [16, 10, 17, 9], [14, 5, 15, 6], [4, 15, 5, 16], [18, 8, 19, 7], [8, 18, 9, 17], [2, 20, 3, 19], [20, 11, 21, 12], [10, 1, 11, 2], [22, 13, 1, 14]]"
11a_199_12,"[[22, 13, 1, 14], [12, 21, 13, 22], [6, 4, 7, 3], [16, 10, 17, 9], [14, 5, 15, 6], [4, 15, 5, 16], [18, 8, 19, 7], [8, 18, 9, 17], [2, 20, 3, 19], [20, 11, 21, 12], [10, 1, 11, 2]]"
11a_199_13,"[[10, 1, 11, 2], [22, 13, 1, 14], [12, 21, 13, 22], [6, 4, 7, 3], [16, 10, 17, 9], [14, 5, 15, 6], [4, 15, 5, 16], [18, 8, 19, 7], [8, 18, 9, 17], [2, 20, 3, 19], [20, 11, 21, 12]]"
11a_199_14,"[[20, 11, 21, 12], [10, 1, 11, 2], [22, 13, 1, 14], [12, 21, 13, 22], [6, 4, 7, 3], [16, 10, 17, 9], [14, 5, 15, 6], [4, 15, 5, 16], [18, 8, 19, 7], [8, 18, 9, 17], [2, 20, 3, 19]]"
11a_199_15,"[[2, 20, 3, 19], [20, 11, 21, 12], [10, 1, 11, 2], [22, 13, 1, 14], [12, 21, 13, 22], [6, 4, 7, 3], [16, 10, 17, 9], [14, 5, 15, 6], [4, 15, 5, 16], [18, 8, 19, 7], [8, 18, 9, 17]]"
11a_199_16,"[[8, 18, 9, 17], [2, 20, 3, 19], [20, 11, 21, 12], [10, 1, 11, 2], [22, 13, 1, 14], [12, 21, 13, 22], [6, 4, 7, 3], [16, 10, 17, 9], [14, 5, 15, 6], [4, 15, 5, 16], [18, 8, 19, 7]]"
11a_199_17,"[[18, 8, 19, 7], [8, 18, 9, 17], [2, 20, 3, 19], [20, 11, 21, 12], [10, 1, 11, 2], [22, 13, 1, 14], [12, 21, 13, 22], [6, 4, 7, 3], [16, 10, 17, 9], [14, 5, 15, 6], [4, 15, 5, 16]]"
11a_199_18,"[[4, 15, 5, 16], [18, 8, 19, 7], [8, 18, 9, 17], [2, 20, 3, 19], [20, 11, 21, 12], [10, 1, 11, 2], [22, 13, 1, 14], [12, 21, 13, 22], [6, 4, 7, 3], [16, 10, 17, 9], [14, 5, 15, 6]]"
11a_199_19,"[[14, 5, 15, 6], [4, 15, 5, 16], [18, 8, 19, 7], [8, 18, 9, 17], [2, 20, 3, 19], [20, 11, 21, 12], [10, 1, 11, 2], [22, 13, 1, 14], [12, 21, 13, 22], [6, 4, 7, 3], [16, 10, 17, 9]]"
11a_199_20,"[[16, 10, 17, 9], [14, 5, 15, 6], [4, 15, 5, 16], [18, 8, 19, 7], [8, 18, 9, 17], [2, 20, 3, 19], [20, 11, 21, 12], [10, 1, 11, 2], [22, 13, 1, 14], [12, 21, 13, 22], [6, 4, 7, 3]]"
11a_199_21,"[[6, 4, 7, 3], [16, 10, 17, 9], [14, 5, 15, 6], [4, 15, 5, 16], [18, 8, 19, 7], [8, 18, 9, 17], [2, 20, 3, 19], [20, 11, 21, 12], [10, 1, 11, 2], [22, 13, 1, 14], [12, 21, 13, 22]]"
11a_199_22,"[[13, 22, 14, 1], [7, 5, 8, 4], [17, 11, 18, 10], [15, 6, 16, 7], [5, 16, 6, 17], [19, 9, 20, 8], [9, 19, 10, 18], [3, 21, 4, 20], [21, 12, 22, 13], [11, 2, 12, 3], [1, 14, 2, 15]]"
11a_199_23,"[[1, 14, 2, 15], [13, 22, 14, 1], [7, 5, 8, 4], [17, 11, 18, 10], [15, 6, 16, 7], [5, 16, 6, 17], [19, 9, 20, 8], [9, 19, 10, 18], [3, 21, 4, 20], [21, 12, 22, 13], [11, 2, 12, 3]]"
11a_199_24,"[[11, 2, 12, 3], [1, 14, 2, 15], [13, 22, 14, 1], [7, 5, 8, 4], [17, 11, 18, 10], [15, 6, 16, 7], [5, 16, 6, 17], [19, 9, 20, 8], [9, 19, 10, 18], [3, 21, 4, 20], [21, 12, 22, 13]]"
11a_199_25,"[[21, 12, 22, 13], [11, 2, 12, 3], [1, 14, 2, 15], [13, 22, 14, 1], [7, 5, 8, 4], [17, 11, 18, 10], [15, 6, 16, 7], [5, 16, 6, 17], [19, 9, 20, 8], [9, 19, 10, 18], [3, 21, 4, 20]]"
11a_199_26,"[[3, 21, 4, 20], [21, 12, 22, 13], [11, 2, 12, 3], [1, 14, 2, 15], [13, 22, 14, 1], [7, 5, 8, 4], [17, 11, 18, 10], [15, 6, 16, 7], [5, 16, 6, 17], [19, 9, 20, 8], [9, 19, 10, 18]]"
11a_199_27,"[[9, 19, 10, 18], [3, 21, 4, 20], [21, 12, 22, 13], [11, 2, 12, 3], [1, 14, 2, 15], [13, 22, 14, 1], [7, 5, 8, 4], [17, 11, 18, 10], [15, 6, 16, 7], [5, 16, 6, 17], [19, 9, 20, 8]]"
11a_199_28,"[[19, 9, 20, 8], [9, 19, 10, 18], [3, 21, 4, 20], [21, 12, 22, 13], [11, 2, 12, 3], [1, 14, 2, 15], [13, 22, 14, 1], [7, 5, 8, 4], [17, 11, 18, 10], [15, 6, 16, 7], [5, 16, 6, 17]]"
11a_199_29,"[[5, 16, 6, 17], [19, 9, 20, 8], [9, 19, 10, 18], [3, 21, 4, 20], [21, 12, 22, 13], [11, 2, 12, 3], [1, 14, 2, 15], [13, 22, 14, 1], [7, 5, 8, 4], [17, 11, 18, 10], [15, 6, 16, 7]]"
11a_199_30,"[[15, 6, 16, 7], [5, 16, 6, 17], [19, 9, 20, 8], [9, 19, 10, 18], [3, 21, 4, 20], [21, 12, 22, 13], [11, 2, 12, 3], [1, 14, 2, 15], [13, 22, 14, 1], [7, 5, 8, 4], [17, 11, 18, 10]]"
11a_199_31,"[[17, 11, 18, 10], [15, 6, 16, 7], [5, 16, 6, 17], [19, 9, 20, 8], [9, 19, 10, 18], [3, 21, 4, 20], [21, 12, 22, 13], [11, 2, 12, 3], [1, 14, 2, 15], [13, 22, 14, 1], [7, 5, 8, 4]]"
11a_199_32,"[[7, 5, 8, 4], [17, 11, 18, 10], [15, 6, 16, 7], [5, 16, 6, 17], [19, 9, 20, 8], [9, 19, 10, 18], [3, 21, 4, 20], [21, 12, 22, 13], [11, 2, 12, 3], [1, 14, 2, 15], [13, 22, 14, 1]]"
11a_199_33,"[[14, 1, 15, 2], [8, 6, 9, 5], [18, 12, 19, 11], [16, 7, 17, 8], [6, 17, 7, 18], [20, 10, 21, 9], [10, 20, 11, 19], [4, 22, 5, 21], [22, 13, 1, 14], [12, 3, 13, 4], [2, 15, 3, 16]]"
11a_199_34,"[[2, 15, 3, 16], [14, 1, 15, 2], [8, 6, 9, 5], [18, 12, 19, 11], [16, 7, 17, 8], [6, 17, 7, 18], [20, 10, 21, 9], [10, 20, 11, 19], [4, 22, 5, 21], [22, 13, 1, 14], [12, 3, 13, 4]]"
11a_199_35,"[[12, 3, 13, 4], [2, 15, 3, 16], [14, 1, 15, 2], [8, 6, 9, 5], [18, 12, 19, 11], [16, 7, 17, 8], [6, 17, 7, 18], [20, 10, 21, 9], [10, 20, 11, 19], [4, 22, 5, 21], [22, 13, 1, 14]]"
11a_199_36,"[[22, 13, 1, 14], [12, 3, 13, 4], [2, 15, 3, 16], [14, 1, 15, 2], [8, 6, 9, 5], [18, 12, 19, 11], [16, 7, 17, 8], [6, 17, 7, 18], [20, 10, 21, 9], [10, 20, 11, 19], [4, 22, 5, 21]]"
11a_199_37,"[[4, 22, 5, 21], [22, 13, 1, 14], [12, 3, 13, 4], [2, 15, 3, 16], [14, 1, 15, 2], [8, 6, 9, 5], [18, 12, 19, 11], [16, 7, 17, 8], [6, 17, 7, 18], [20, 10, 21, 9], [10, 20, 11, 19]]"
11a_199_38,"[[10, 20, 11, 19], [4, 22, 5, 21], [22, 13, 1, 14], [12, 3, 13, 4], [2, 15, 3, 16], [14, 1, 15, 2], [8, 6, 9, 5], [18, 12, 19, 11], [16, 7, 17, 8], [6, 17, 7, 18], [20, 10, 21, 9]]"
11a_199_39,"[[20, 10, 21, 9], [10, 20, 11, 19], [4, 22, 5, 21], [22, 13, 1, 14], [12, 3, 13, 4], [2, 15, 3, 16], [14, 1, 15, 2], [8, 6, 9, 5], [18, 12, 19, 11], [16, 7, 17, 8], [6, 17, 7, 18]]"
11a_199_40,"[[6, 17, 7, 18], [20, 10, 21, 9], [10, 20, 11, 19], [4, 22, 5, 21], [22, 13, 1, 14], [12, 3, 13, 4], [2, 15, 3, 16], [14, 1, 15, 2], [8, 6, 9, 5], [18, 12, 19, 11], [16, 7, 17, 8]]"
11a_199_41,"[[16, 7, 17, 8], [6, 17, 7, 18], [20, 10, 21, 9], [10, 20, 11, 19], [4, 22, 5, 21], [22, 13, 1, 14], [12, 3, 13, 4], [2, 15, 3, 16], [14, 1, 15, 2], [8, 6, 9, 5], [18, 12, 19, 11]]"
11a_199_42,"[[18, 12, 19, 11], [16, 7, 17, 8], [6, 17, 7, 18], [20, 10, 21, 9], [10, 20, 11, 19], [4, 22, 5, 21], [22, 13, 1, 14], [12, 3, 13, 4], [2, 15, 3, 16], [14, 1, 15, 2], [8, 6, 9, 5]]"
11a_199_43,"[[8, 6, 9, 5], [18, 12, 19, 11], [16, 7, 17, 8], [6, 17, 7, 18], [20, 10, 21, 9], [10, 20, 11, 19], [4, 22, 5, 21], [22, 13, 1, 14], [12, 3, 13, 4], [2, 15, 3, 16], [14, 1, 15, 2]]"
11a_199_44,"[[15, 2, 16, 3], [9, 7, 10, 6], [19, 13, 20, 12], [17, 8, 18, 9], [7, 18, 8, 19], [21, 11, 22, 10], [11, 21, 12, 20], [5, 1, 6, 22], [1, 14, 2, 15], [13, 4, 14, 5], [3, 16, 4, 17]]"
11a_199_45,"[[3, 16, 4, 17], [15, 2, 16, 3], [9, 7, 10, 6], [19, 13, 20, 12], [17, 8, 18, 9], [7, 18, 8, 19], [21, 11, 22, 10], [11, 21, 12, 20], [5, 1, 6, 22], [1, 14, 2, 15], [13, 4, 14, 5]]"
11a_199_46,"[[13, 4, 14, 5], [3, 16, 4, 17], [15, 2, 16, 3], [9, 7, 10, 6], [19, 13, 20, 12], [17, 8, 18, 9], [7, 18, 8, 19], [21, 11, 22, 10], [11, 21, 12, 20], [5, 1, 6, 22], [1, 14, 2, 15]]"
11a_199_47,"[[1, 14, 2, 15], [13, 4, 14, 5], [3, 16, 4, 17], [15, 2, 16, 3], [9, 7, 10, 6], [19, 13, 20, 12], [17, 8, 18, 9], [7, 18, 8, 19], [21, 11, 22, 10], [11, 21, 12, 20], [5, 1, 6, 22]]"
11a_199_48,"[[5, 1, 6, 22], [1, 14, 2, 15], [13, 4, 14, 5], [3, 16, 4, 17], [15, 2, 16, 3], [9, 7, 10, 6], [19, 13, 20, 12], [17, 8, 18, 9], [7, 18, 8, 19], [21, 11, 22, 10], [11, 21, 12, 20]]"
11a_199_49,"[[11, 21, 12, 20], [5, 1, 6, 22], [1, 14, 2, 15], [13, 4, 14, 5], [3, 16, 4, 17], [15, 2, 16, 3], [9, 7, 10, 6], [19, 13, 20, 12], [17, 8, 18, 9], [7, 18, 8, 19], [21, 11, 22, 10]]"
11a_199_50,"[[21, 11, 22, 10], [11, 21, 12, 20], [5, 1, 6, 22], [1, 14, 2, 15], [13, 4, 14, 5], [3, 16, 4, 17], [15, 2, 16, 3], [9, 7, 10, 6], [19, 13, 20, 12], [17, 8, 18, 9], [7, 18, 8, 19]]"
11a_199_51,"[[7, 18, 8, 19], [21, 11, 22, 10], [11, 21, 12, 20], [5, 1, 6, 22], [1, 14, 2, 15], [13, 4, 14, 5], [3, 16, 4, 17], [15, 2, 16, 3], [9, 7, 10, 6], [19, 13, 20, 12], [17, 8, 18, 9]]"
11a_199_52,"[[17, 8, 18, 9], [7, 18, 8, 19], [21, 11, 22, 10], [11, 21, 12, 20], [5, 1, 6, 22], [1, 14, 2, 15], [13, 4, 14, 5], [3, 16, 4, 17], [15, 2, 16, 3], [9, 7, 10, 6], [19, 13, 20, 12]]"
11a_199_53,"[[19, 13, 20, 12], [17, 8, 18, 9], [7, 18, 8, 19], [21, 11, 22, 10], [11, 21, 12, 20], [5, 1, 6, 22], [1, 14, 2, 15], [13, 4, 14, 5], [3, 16, 4, 17], [15, 2, 16, 3], [9, 7, 10, 6]]"
11a_199_54,"[[9, 7, 10, 6], [19, 13, 20, 12], [17, 8, 18, 9], [7, 18, 8, 19], [21, 11, 22, 10], [11, 21, 12, 20], [5, 1, 6, 22], [1, 14, 2, 15], [13, 4, 14, 5], [3, 16, 4, 17], [15, 2, 16, 3]]"
11a_199_55,"[[16, 3, 17, 4], [10, 8, 11, 7], [20, 14, 21, 13], [18, 9, 19, 10], [8, 19, 9, 20], [22, 12, 1, 11], [12, 22, 13, 21], [6, 2, 7, 1], [2, 15, 3, 16], [14, 5, 15, 6], [4, 17, 5, 18]]"
11a_199_56,"[[4, 17, 5, 18], [16, 3, 17, 4], [10, 8, 11, 7], [20, 14, 21, 13], [18, 9, 19, 10], [8, 19, 9, 20], [22, 12, 1, 11], [12, 22, 13, 21], [6, 2, 7, 1], [2, 15, 3, 16], [14, 5, 15, 6]]"
11a_199_57,"[[14, 5, 15, 6], [4, 17, 5, 18], [16, 3, 17, 4], [10, 8, 11, 7], [20, 14, 21, 13], [18, 9, 19, 10], [8, 19, 9, 20], [22, 12, 1, 11], [12, 22, 13, 21], [6, 2, 7, 1], [2, 15, 3, 16]]"
11a_199_58,"[[2, 15, 3, 16], [14, 5, 15, 6], [4, 17, 5, 18], [16, 3, 17, 4], [10, 8, 11, 7], [20, 14, 21, 13], [18, 9, 19, 10], [8, 19, 9, 20], [22, 12, 1, 11], [12, 22, 13, 21], [6, 2, 7, 1]]"
11a_199_59,"[[6, 2, 7, 1], [2, 15, 3, 16], [14, 5, 15, 6], [4, 17, 5, 18], [16, 3, 17, 4], [10, 8, 11, 7], [20, 14, 21, 13], [18, 9, 19, 10], [8, 19, 9, 20], [22, 12, 1, 11], [12, 22, 13, 21]]"
11a_199_60,"[[12, 22, 13, 21], [6, 2, 7, 1], [2, 15, 3, 16], [14, 5, 15, 6], [4, 17, 5, 18], [16, 3, 17, 4], [10, 8, 11, 7], [20, 14, 21, 13], [18, 9, 19, 10], [8, 19, 9, 20], [22, 12, 1, 11]]"
11a_199_61,"[[22, 12, 1, 11], [12, 22, 13, 21], [6, 2, 7, 1], [2, 15, 3, 16], [14, 5, 15, 6], [4, 17, 5, 18], [16, 3, 17, 4], [10, 8, 11, 7], [20, 14, 21, 13], [18, 9, 19, 10], [8, 19, 9, 20]]"
11a_199_62,"[[8, 19, 9, 20], [22, 12, 1, 11], [12, 22, 13, 21], [6, 2, 7, 1], [2, 15, 3, 16], [14, 5, 15, 6], [4, 17, 5, 18], [16, 3, 17, 4], [10, 8, 11, 7], [20, 14, 21, 13], [18, 9, 19, 10]]"
11a_199_63,"[[18, 9, 19, 10], [8, 19, 9, 20], [22, 12, 1, 11], [12, 22, 13, 21], [6, 2, 7, 1], [2, 15, 3, 16], [14, 5, 15, 6], [4, 17, 5, 18], [16, 3, 17, 4], [10, 8, 11, 7], [20, 14, 21, 13]]"
11a_199_64,"[[20, 14, 21, 13], [18, 9, 19, 10], [8, 19, 9, 20], [22, 12, 1, 11], [12, 22, 13, 21], [6, 2, 7, 1], [2, 15, 3, 16], [14, 5, 15, 6], [4, 17, 5, 18], [16, 3, 17, 4], [10, 8, 11, 7]]"
11a_199_65,"[[10, 8, 11, 7], [20, 14, 21, 13], [18, 9, 19, 10], [8, 19, 9, 20], [22, 12, 1, 11], [12, 22, 13, 21], [6, 2, 7, 1], [2, 15, 3, 16], [14, 5, 15, 6], [4, 17, 5, 18], [16, 3, 17, 4]]"
11a_199_66,"[[17, 4, 18, 5], [11, 9, 12, 8], [21, 15, 22, 14], [19, 10, 20, 11], [9, 20, 10, 21], [1, 13, 2, 12], [13, 1, 14, 22], [7, 3, 8, 2], [3, 16, 4, 17], [15, 6, 16, 7], [5, 18, 6, 19]]"
11a_199_67,"[[5, 18, 6, 19], [17, 4, 18, 5], [11, 9, 12, 8], [21, 15, 22, 14], [19, 10, 20, 11], [9, 20, 10, 21], [1, 13, 2, 12], [13, 1, 14, 22], [7, 3, 8, 2], [3, 16, 4, 17], [15, 6, 16, 7]]"
11a_199_68,"[[15, 6, 16, 7], [5, 18, 6, 19], [17, 4, 18, 5], [11, 9, 12, 8], [21, 15, 22, 14], [19, 10, 20, 11], [9, 20, 10, 21], [1, 13, 2, 12], [13, 1, 14, 22], [7, 3, 8, 2], [3, 16, 4, 17]]"
11a_199_69,"[[3, 16, 4, 17], [15, 6, 16, 7], [5, 18, 6, 19], [17, 4, 18, 5], [11, 9, 12, 8], [21, 15, 22, 14], [19, 10, 20, 11], [9, 20, 10, 21], [1, 13, 2, 12], [13, 1, 14, 22], [7, 3, 8, 2]]"
11a_199_70,"[[7, 3, 8, 2], [3, 16, 4, 17], [15, 6, 16, 7], [5, 18, 6, 19], [17, 4, 18, 5], [11, 9, 12, 8], [21, 15, 22, 14], [19, 10, 20, 11], [9, 20, 10, 21], [1, 13, 2, 12], [13, 1, 14, 22]]"
11a_199_71,"[[13, 1, 14, 22], [7, 3, 8, 2], [3, 16, 4, 17], [15, 6, 16, 7], [5, 18, 6, 19], [17, 4, 18, 5], [11, 9, 12, 8], [21, 15, 22, 14], [19, 10, 20, 11], [9, 20, 10, 21], [1, 13, 2, 12]]"
11a_199_72,"[[1, 13, 2, 12], [13, 1, 14, 22], [7, 3, 8, 2], [3, 16, 4, 17], [15, 6, 16, 7], [5, 18, 6, 19], [17, 4, 18, 5], [11, 9, 12, 8], [21, 15, 22, 14], [19, 10, 20, 11], [9, 20, 10, 21]]"
11a_199_73,"[[9, 20, 10, 21], [1, 13, 2, 12], [13, 1, 14, 22], [7, 3, 8, 2], [3, 16, 4, 17], [15, 6, 16, 7], [5, 18, 6, 19], [17, 4, 18, 5], [11, 9, 12, 8], [21, 15, 22, 14], [19, 10, 20, 11]]"
11a_199_74,"[[19, 10, 20, 11], [9, 20, 10, 21], [1, 13, 2, 12], [13, 1, 14, 22], [7, 3, 8, 2], [3, 16, 4, 17], [15, 6, 16, 7], [5, 18, 6, 19], [17, 4, 18, 5], [11, 9, 12, 8], [21, 15, 22, 14]]"
11a_199_75,"[[21, 15, 22, 14], [19, 10, 20, 11], [9, 20, 10, 21], [1, 13, 2, 12], [13, 1, 14, 22], [7, 3, 8, 2], [3, 16, 4, 17], [15, 6, 16, 7], [5, 18, 6, 19], [17, 4, 18, 5], [11, 9, 12, 8]]"
11a_199_76,"[[11, 9, 12, 8], [21, 15, 22, 14], [19, 10, 20, 11], [9, 20, 10, 21], [1, 13, 2, 12], [13, 1, 14, 22], [7, 3, 8, 2], [3, 16, 4, 17], [15, 6, 16, 7], [5, 18, 6, 19], [17, 4, 18, 5]]"
11a_199_77,"[[18, 5, 19, 6], [12, 10, 13, 9], [22, 16, 1, 15], [20, 11, 21, 12], [10, 21, 11, 22], [2, 14, 3, 13], [14, 2, 15, 1], [8, 4, 9, 3], [4, 17, 5, 18], [16, 7, 17, 8], [6, 19, 7, 20]]"
11a_199_78,"[[6, 19, 7, 20], [18, 5, 19, 6], [12, 10, 13, 9], [22, 16, 1, 15], [20, 11, 21, 12], [10, 21, 11, 22], [2, 14, 3, 13], [14, 2, 15, 1], [8, 4, 9, 3], [4, 17, 5, 18], [16, 7, 17, 8]]"
11a_199_79,"[[16, 7, 17, 8], [6, 19, 7, 20], [18, 5, 19, 6], [12, 10, 13, 9], [22, 16, 1, 15], [20, 11, 21, 12], [10, 21, 11, 22], [2, 14, 3, 13], [14, 2, 15, 1], [8, 4, 9, 3], [4, 17, 5, 18]]"
11a_199_80,"[[4, 17, 5, 18], [16, 7, 17, 8], [6, 19, 7, 20], [18, 5, 19, 6], [12, 10, 13, 9], [22, 16, 1, 15], [20, 11, 21, 12], [10, 21, 11, 22], [2, 14, 3, 13], [14, 2, 15, 1], [8, 4, 9, 3]]"
11a_199_81,"[[8, 4, 9, 3], [4, 17, 5, 18], [16, 7, 17, 8], [6, 19, 7, 20], [18, 5, 19, 6], [12, 10, 13, 9], [22, 16, 1, 15], [20, 11, 21, 12], [10, 21, 11, 22], [2, 14, 3, 13], [14, 2, 15, 1]]"
11a_199_82,"[[14, 2, 15, 1], [8, 4, 9, 3], [4, 17, 5, 18], [16, 7, 17, 8], [6, 19, 7, 20], [18, 5, 19, 6], [12, 10, 13, 9], [22, 16, 1, 15], [20, 11, 21, 12], [10, 21, 11, 22], [2, 14, 3, 13]]"
11a_199_83,"[[2, 14, 3, 13], [14, 2, 15, 1], [8, 4, 9, 3], [4, 17, 5, 18], [16, 7, 17, 8], [6, 19, 7, 20], [18, 5, 19, 6], [12, 10, 13, 9], [22, 16, 1, 15], [20, 11, 21, 12], [10, 21, 11, 22]]"
11a_199_84,"[[10, 21, 11, 22], [2, 14, 3, 13], [14, 2, 15, 1], [8, 4, 9, 3], [4, 17, 5, 18], [16, 7, 17, 8], [6, 19, 7, 20], [18, 5, 19, 6], [12, 10, 13, 9], [22, 16, 1, 15], [20, 11, 21, 12]]"
11a_199_85,"[[20, 11, 21, 12], [10, 21, 11, 22], [2, 14, 3, 13], [14, 2, 15, 1], [8, 4, 9, 3], [4, 17, 5, 18], [16, 7, 17, 8], [6, 19, 7, 20], [18, 5, 19, 6], [12, 10, 13, 9], [22, 16, 1, 15]]"
11a_199_86,"[[22, 16, 1, 15], [20, 11, 21, 12], [10, 21, 11, 22], [2, 14, 3, 13], [14, 2, 15, 1], [8, 4, 9, 3], [4, 17, 5, 18], [16, 7, 17, 8], [6, 19, 7, 20], [18, 5, 19, 6], [12, 10, 13, 9]]"
11a_199_87,"[[12, 10, 13, 9], [22, 16, 1, 15], [20, 11, 21, 12], [10, 21, 11, 22], [2, 14, 3, 13], [14, 2, 15, 1], [8, 4, 9, 3], [4, 17, 5, 18], [16, 7, 17, 8], [6, 19, 7, 20], [18, 5, 19, 6]]"
11a_199_88,"[[19, 6, 20, 7], [13, 11, 14, 10], [1, 17, 2, 16], [21, 12, 22, 13], [11, 22, 12, 1], [3, 15, 4, 14], [15, 3, 16, 2], [9, 5, 10, 4], [5, 18, 6, 19], [17, 8, 18, 9], [7, 20, 8, 21]]"
11a_199_89,"[[7, 20, 8, 21], [19, 6, 20, 7], [13, 11, 14, 10], [1, 17, 2, 16], [21, 12, 22, 13], [11, 22, 12, 1], [3, 15, 4, 14], [15, 3, 16, 2], [9, 5, 10, 4], [5, 18, 6, 19], [17, 8, 18, 9]]"
11a_199_90,"[[17, 8, 18, 9], [7, 20, 8, 21], [19, 6, 20, 7], [13, 11, 14, 10], [1, 17, 2, 16], [21, 12, 22, 13], [11, 22, 12, 1], [3, 15, 4, 14], [15, 3, 16, 2], [9, 5, 10, 4], [5, 18, 6, 19]]"
11a_199_91,"[[5, 18, 6, 19], [17, 8, 18, 9], [7, 20, 8, 21], [19, 6, 20, 7], [13, 11, 14, 10], [1, 17, 2, 16], [21, 12, 22, 13], [11, 22, 12, 1], [3, 15, 4, 14], [15, 3, 16, 2], [9, 5, 10, 4]]"
11a_199_92,"[[9, 5, 10, 4], [5, 18, 6, 19], [17, 8, 18, 9], [7, 20, 8, 21], [19, 6, 20, 7], [13, 11, 14, 10], [1, 17, 2, 16], [21, 12, 22, 13], [11, 22, 12, 1], [3, 15, 4, 14], [15, 3, 16, 2]]"
11a_199_93,"[[15, 3, 16, 2], [9, 5, 10, 4], [5, 18, 6, 19], [17, 8, 18, 9], [7, 20, 8, 21], [19, 6, 20, 7], [13, 11, 14, 10], [1, 17, 2, 16], [21, 12, 22, 13], [11, 22, 12, 1], [3, 15, 4, 14]]"
11a_199_94,"[[3, 15, 4, 14], [15, 3, 16, 2], [9, 5, 10, 4], [5, 18, 6, 19], [17, 8, 18, 9], [7, 20, 8, 21], [19, 6, 20, 7], [13, 11, 14, 10], [1, 17, 2, 16], [21, 12, 22, 13], [11, 22, 12, 1]]"
11a_199_95,"[[11, 22, 12, 1], [3, 15, 4, 14], [15, 3, 16, 2], [9, 5, 10, 4], [5, 18, 6, 19], [17, 8, 18, 9], [7, 20, 8, 21], [19, 6, 20, 7], [13, 11, 14, 10], [1, 17, 2, 16], [21, 12, 22, 13]]"
11a_199_96,"[[21, 12, 22, 13], [11, 22, 12, 1], [3, 15, 4, 14], [15, 3, 16, 2], [9, 5, 10, 4], [5, 18, 6, 19], [17, 8, 18, 9], [7, 20, 8, 21], [19, 6, 20, 7], [13, 11, 14, 10], [1, 17, 2, 16]]"
11a_199_97,"[[1, 17, 2, 16], [21, 12, 22, 13], [11, 22, 12, 1], [3, 15, 4, 14], [15, 3, 16, 2], [9, 5, 10, 4], [5, 18, 6, 19], [17, 8, 18, 9], [7, 20, 8, 21], [19, 6, 20, 7], [13, 11, 14, 10]]"
11a_199_98,"[[13, 11, 14, 10], [1, 17, 2, 16], [21, 12, 22, 13], [11, 22, 12, 1], [3, 15, 4, 14], [15, 3, 16, 2], [9, 5, 10, 4], [5, 18, 6, 19], [17, 8, 18, 9], [7, 20, 8, 21], [19, 6, 20, 7]]"
11a_199_99,"[[20, 7, 21, 8], [14, 12, 15, 11], [2, 18, 3, 17], [22, 13, 1, 14], [12, 1, 13, 2], [4, 16, 5, 15], [16, 4, 17, 3], [10, 6, 11, 5], [6, 19, 7, 20], [18, 9, 19, 10], [8, 21, 9, 22]]"
11a_199_100,"[[8, 21, 9, 22], [20, 7, 21, 8], [14, 12, 15, 11], [2, 18, 3, 17], [22, 13, 1, 14], [12, 1, 13, 2], [4, 16, 5, 15], [16, 4, 17, 3], [10, 6, 11, 5], [6, 19, 7, 20], [18, 9, 19, 10]]"
11a_199_101,"[[18, 9, 19, 10], [8, 21, 9, 22], [20, 7, 21, 8], [14, 12, 15, 11], [2, 18, 3, 17], [22, 13, 1, 14], [12, 1, 13, 2], [4, 16, 5, 15], [16, 4, 17, 3], [10, 6, 11, 5], [6, 19, 7, 20]]"
11a_199_102,"[[6, 19, 7, 20], [18, 9, 19, 10], [8, 21, 9, 22], [20, 7, 21, 8], [14, 12, 15, 11], [2, 18, 3, 17], [22, 13, 1, 14], [12, 1, 13, 2], [4, 16, 5, 15], [16, 4, 17, 3], [10, 6, 11, 5]]"
11a_199_103,"[[10, 6, 11, 5], [6, 19, 7, 20], [18, 9, 19, 10], [8, 21, 9, 22], [20, 7, 21, 8], [14, 12, 15, 11], [2, 18, 3, 17], [22, 13, 1, 14], [12, 1, 13, 2], [4, 16, 5, 15], [16, 4, 17, 3]]"
11a_199_104,"[[16, 4, 17, 3], [10, 6, 11, 5], [6, 19, 7, 20], [18, 9, 19, 10], [8, 21, 9, 22], [20, 7, 21, 8], [14, 12, 15, 11], [2, 18, 3, 17], [22, 13, 1, 14], [12, 1, 13, 2], [4, 16, 5, 15]]"
11a_199_105,"[[4, 16, 5, 15], [16, 4, 17, 3], [10, 6, 11, 5], [6, 19, 7, 20], [18, 9, 19, 10], [8, 21, 9, 22], [20, 7, 21, 8], [14, 12, 15, 11], [2, 18, 3, 17], [22, 13, 1, 14], [12, 1, 13, 2]]"
11a_199_106,"[[12, 1, 13, 2], [4, 16, 5, 15], [16, 4, 17, 3], [10, 6, 11, 5], [6, 19, 7, 20], [18, 9, 19, 10], [8, 21, 9, 22], [20, 7, 21, 8], [14, 12, 15, 11], [2, 18, 3, 17], [22, 13, 1, 14]]"
11a_199_107,"[[22, 13, 1, 14], [12, 1, 13, 2], [4, 16, 5, 15], [16, 4, 17, 3], [10, 6, 11, 5], [6, 19, 7, 20], [18, 9, 19, 10], [8, 21, 9, 22], [20, 7, 21, 8], [14, 12, 15, 11], [2, 18, 3, 17]]"
11a_199_108,"[[2, 18, 3, 17], [22, 13, 1, 14], [12, 1, 13, 2], [4, 16, 5, 15], [16, 4, 17, 3], [10, 6, 11, 5], [6, 19, 7, 20], [18, 9, 19, 10], [8, 21, 9, 22], [20, 7, 21, 8], [14, 12, 15, 11]]"
11a_199_109,"[[14, 12, 15, 11], [2, 18, 3, 17], [22, 13, 1, 14], [12, 1, 13, 2], [4, 16, 5, 15], [16, 4, 17, 3], [10, 6, 11, 5], [6, 19, 7, 20], [18, 9, 19, 10], [8, 21, 9, 22], [20, 7, 21, 8]]"
11a_199_110,"[[21, 8, 22, 9], [15, 13, 16, 12], [3, 19, 4, 18], [1, 14, 2, 15], [13, 2, 14, 3], [5, 17, 6, 16], [17, 5, 18, 4], [11, 7, 12, 6], [7, 20, 8, 21], [19, 10, 20, 11], [9, 22, 10, 1]]"
11a_199_111,"[[9, 22, 10, 1], [21, 8, 22, 9], [15, 13, 16, 12], [3, 19, 4, 18], [1, 14, 2, 15], [13, 2, 14, 3], [5, 17, 6, 16], [17, 5, 18, 4], [11, 7, 12, 6], [7, 20, 8, 21], [19, 10, 20, 11]]"
11a_199_112,"[[19, 10, 20, 11], [9, 22, 10, 1], [21, 8, 22, 9], [15, 13, 16, 12], [3, 19, 4, 18], [1, 14, 2, 15], [13, 2, 14, 3], [5, 17, 6, 16], [17, 5, 18, 4], [11, 7, 12, 6], [7, 20, 8, 21]]"
11a_199_113,"[[7, 20, 8, 21], [19, 10, 20, 11], [9, 22, 10, 1], [21, 8, 22, 9], [15, 13, 16, 12], [3, 19, 4, 18], [1, 14, 2, 15], [13, 2, 14, 3], [5, 17, 6, 16], [17, 5, 18, 4], [11, 7, 12, 6]]"
11a_199_114,"[[11, 7, 12, 6], [7, 20, 8, 21], [19, 10, 20, 11], [9, 22, 10, 1], [21, 8, 22, 9], [15, 13, 16, 12], [3, 19, 4, 18], [1, 14, 2, 15], [13, 2, 14, 3], [5, 17, 6, 16], [17, 5, 18, 4]]"
11a_199_115,"[[17, 5, 18, 4], [11, 7, 12, 6], [7, 20, 8, 21], [19, 10, 20, 11], [9, 22, 10, 1], [21, 8, 22, 9], [15, 13, 16, 12], [3, 19, 4, 18], [1, 14, 2, 15], [13, 2, 14, 3], [5, 17, 6, 16]]"
11a_199_116,"[[5, 17, 6, 16], [17, 5, 18, 4], [11, 7, 12, 6], [7, 20, 8, 21], [19, 10, 20, 11], [9, 22, 10, 1], [21, 8, 22, 9], [15, 13, 16, 12], [3, 19, 4, 18], [1, 14, 2, 15], [13, 2, 14, 3]]"
11a_199_117,"[[13, 2, 14, 3], [5, 17, 6, 16], [17, 5, 18, 4], [11, 7, 12, 6], [7, 20, 8, 21], [19, 10, 20, 11], [9, 22, 10, 1], [21, 8, 22, 9], [15, 13, 16, 12], [3, 19, 4, 18], [1, 14, 2, 15]]"
11a_199_118,"[[1, 14, 2, 15], [13, 2, 14, 3], [5, 17, 6, 16], [17, 5, 18, 4], [11, 7, 12, 6], [7, 20, 8, 21], [19, 10, 20, 11], [9, 22, 10, 1], [21, 8, 22, 9], [15, 13, 16, 12], [3, 19, 4, 18]]"
11a_199_119,"[[3, 19, 4, 18], [1, 14, 2, 15], [13, 2, 14, 3], [5, 17, 6, 16], [17, 5, 18, 4], [11, 7, 12, 6], [7, 20, 8, 21], [19, 10, 20, 11], [9, 22, 10, 1], [21, 8, 22, 9], [15, 13, 16, 12]]"
11a_199_120,"[[15, 13, 16, 12], [3, 19, 4, 18], [1, 14, 2, 15], [13, 2, 14, 3], [5, 17, 6, 16], [17, 5, 18, 4], [11, 7, 12, 6], [7, 20, 8, 21], [19, 10, 20, 11], [9, 22, 10, 1], [21, 8, 22, 9]]"
11a_199_121,"[[22, 9, 1, 10], [16, 14, 17, 13], [4, 20, 5, 19], [2, 15, 3, 16], [14, 3, 15, 4], [6, 18, 7, 17], [18, 6, 19, 5], [12, 8, 13, 7], [8, 21, 9, 22], [20, 11, 21, 12], [10, 1, 11, 2]]"
11a_199_122,"[[10, 1, 11, 2], [22, 9, 1, 10], [16, 14, 17, 13], [4, 20, 5, 19], [2, 15, 3, 16], [14, 3, 15, 4], [6, 18, 7, 17], [18, 6, 19, 5], [12, 8, 13, 7], [8, 21, 9, 22], [20, 11, 21, 12]]"
11a_199_123,"[[20, 11, 21, 12], [10, 1, 11, 2], [22, 9, 1, 10], [16, 14, 17, 13], [4, 20, 5, 19], [2, 15, 3, 16], [14, 3, 15, 4], [6, 18, 7, 17], [18, 6, 19, 5], [12, 8, 13, 7], [8, 21, 9, 22]]"
11a_199_124,"[[8, 21, 9, 22], [20, 11, 21, 12], [10, 1, 11, 2], [22, 9, 1, 10], [16, 14, 17, 13], [4, 20, 5, 19], [2, 15, 3, 16], [14, 3, 15, 4], [6, 18, 7, 17], [18, 6, 19, 5], [12, 8, 13, 7]]"
11a_199_125,"[[12, 8, 13, 7], [8, 21, 9, 22], [20, 11, 21, 12], [10, 1, 11, 2], [22, 9, 1, 10], [16, 14, 17, 13], [4, 20, 5, 19], [2, 15, 3, 16], [14, 3, 15, 4], [6, 18, 7, 17], [18, 6, 19, 5]]"
11a_199_126,"[[18, 6, 19, 5], [12, 8, 13, 7], [8, 21, 9, 22], [20, 11, 21, 12], [10, 1, 11, 2], [22, 9, 1, 10], [16, 14, 17, 13], [4, 20, 5, 19], [2, 15, 3, 16], [14, 3, 15, 4], [6, 18, 7, 17]]"
11a_199_127,"[[6, 18, 7, 17], [18, 6, 19, 5], [12, 8, 13, 7], [8, 21, 9, 22], [20, 11, 21, 12], [10, 1, 11, 2], [22, 9, 1, 10], [16, 14, 17, 13], [4, 20, 5, 19], [2, 15, 3, 16], [14, 3, 15, 4]]"
11a_199_128,"[[14, 3, 15, 4], [6, 18, 7, 17], [18, 6, 19, 5], [12, 8, 13, 7], [8, 21, 9, 22], [20, 11, 21, 12], [10, 1, 11, 2], [22, 9, 1, 10], [16, 14, 17, 13], [4, 20, 5, 19], [2, 15, 3, 16]]"
11a_199_129,"[[2, 15, 3, 16], [14, 3, 15, 4], [6, 18, 7, 17], [18, 6, 19, 5], [12, 8, 13, 7], [8, 21, 9, 22], [20, 11, 21, 12], [10, 1, 11, 2], [22, 9, 1, 10], [16, 14, 17, 13], [4, 20, 5, 19]]"
11a_199_130,"[[4, 20, 5, 19], [2, 15, 3, 16], [14, 3, 15, 4], [6, 18, 7, 17], [18, 6, 19, 5], [12, 8, 13, 7], [8, 21, 9, 22], [20, 11, 21, 12], [10, 1, 11, 2], [22, 9, 1, 10], [16, 14, 17, 13]]"
11a_199_131,"[[16, 14, 17, 13], [4, 20, 5, 19], [2, 15, 3, 16], [14, 3, 15, 4], [6, 18, 7, 17], [18, 6, 19, 5], [12, 8, 13, 7], [8, 21, 9, 22], [20, 11, 21, 12], [10, 1, 11, 2], [22, 9, 1, 10]]"
11a_199_132,"[[1, 10, 2, 11], [17, 15, 18, 14], [5, 21, 6, 20], [3, 16, 4, 17], [15, 4, 16, 5], [7, 19, 8, 18], [19, 7, 20, 6], [13, 9, 14, 8], [9, 22, 10, 1], [21, 12, 22, 13], [11, 2, 12, 3]]"
11a_199_133,"[[11, 2, 12, 3], [1, 10, 2, 11], [17, 15, 18, 14], [5, 21, 6, 20], [3, 16, 4, 17], [15, 4, 16, 5], [7, 19, 8, 18], [19, 7, 20, 6], [13, 9, 14, 8], [9, 22, 10, 1], [21, 12, 22, 13]]"
11a_199_134,"[[21, 12, 22, 13], [11, 2, 12, 3], [1, 10, 2, 11], [17, 15, 18, 14], [5, 21, 6, 20], [3, 16, 4, 17], [15, 4, 16, 5], [7, 19, 8, 18], [19, 7, 20, 6], [13, 9, 14, 8], [9, 22, 10, 1]]"
11a_199_135,"[[9, 22, 10, 1], [21, 12, 22, 13], [11, 2, 12, 3], [1, 10, 2, 11], [17, 15, 18, 14], [5, 21, 6, 20], [3, 16, 4, 17], [15, 4, 16, 5], [7, 19, 8, 18], [19, 7, 20, 6], [13, 9, 14, 8]]"
11a_199_136,"[[13, 9, 14, 8], [9, 22, 10, 1], [21, 12, 22, 13], [11, 2, 12, 3], [1, 10, 2, 11], [17, 15, 18, 14], [5, 21, 6, 20], [3, 16, 4, 17], [15, 4, 16, 5], [7, 19, 8, 18], [19, 7, 20, 6]]"
11a_199_137,"[[19, 7, 20, 6], [13, 9, 14, 8], [9, 22, 10, 1], [21, 12, 22, 13], [11, 2, 12, 3], [1, 10, 2, 11], [17, 15, 18, 14], [5, 21, 6, 20], [3, 16, 4, 17], [15, 4, 16, 5], [7, 19, 8, 18]]"
11a_199_138,"[[7, 19, 8, 18], [19, 7, 20, 6], [13, 9, 14, 8], [9, 22, 10, 1], [21, 12, 22, 13], [11, 2, 12, 3], [1, 10, 2, 11], [17, 15, 18, 14], [5, 21, 6, 20], [3, 16, 4, 17], [15, 4, 16, 5]]"
11a_199_139,"[[15, 4, 16, 5], [7, 19, 8, 18], [19, 7, 20, 6], [13, 9, 14, 8], [9, 22, 10, 1], [21, 12, 22, 13], [11, 2, 12, 3], [1, 10, 2, 11], [17, 15, 18, 14], [5, 21, 6, 20], [3, 16, 4, 17]]"
11a_199_140,"[[3, 16, 4, 17], [15, 4, 16, 5], [7, 19, 8, 18], [19, 7, 20, 6], [13, 9, 14, 8], [9, 22, 10, 1], [21, 12, 22, 13], [11, 2, 12, 3], [1, 10, 2, 11], [17, 15, 18, 14], [5, 21, 6, 20]]"
11a_199_141,"[[5, 21, 6, 20], [3, 16, 4, 17], [15, 4, 16, 5], [7, 19, 8, 18], [19, 7, 20, 6], [13, 9, 14, 8], [9, 22, 10, 1], [21, 12, 22, 13], [11, 2, 12, 3], [1, 10, 2, 11], [17, 15, 18, 14]]"
11a_199_142,"[[17, 15, 18, 14], [5, 21, 6, 20], [3, 16, 4, 17], [15, 4, 16, 5], [7, 19, 8, 18], [19, 7, 20, 6], [13, 9, 14, 8], [9, 22, 10, 1], [21, 12, 22, 13], [11, 2, 12, 3], [1, 10, 2, 11]]"
11a_199_143,"[[2, 11, 3, 12], [18, 16, 19, 15], [6, 22, 7, 21], [4, 17, 5, 18], [16, 5, 17, 6], [8, 20, 9, 19], [20, 8, 21, 7], [14, 10, 15, 9], [10, 1, 11, 2], [22, 13, 1, 14], [12, 3, 13, 4]]"
11a_199_144,"[[12, 3, 13, 4], [2, 11, 3, 12], [18, 16, 19, 15], [6, 22, 7, 21], [4, 17, 5, 18], [16, 5, 17, 6], [8, 20, 9, 19], [20, 8, 21, 7], [14, 10, 15, 9], [10, 1, 11, 2], [22, 13, 1, 14]]"
11a_199_145,"[[22, 13, 1, 14], [12, 3, 13, 4], [2, 11, 3, 12], [18, 16, 19, 15], [6, 22, 7, 21], [4, 17, 5, 18], [16, 5, 17, 6], [8, 20, 9, 19], [20, 8, 21, 7], [14, 10, 15, 9], [10, 1, 11, 2]]"
11a_199_146,"[[10, 1, 11, 2], [22, 13, 1, 14], [12, 3, 13, 4], [2, 11, 3, 12], [18, 16, 19, 15], [6, 22, 7, 21], [4, 17, 5, 18], [16, 5, 17, 6], [8, 20, 9, 19], [20, 8, 21, 7], [14, 10, 15, 9]]"
11a_199_147,"[[14, 10, 15, 9], [10, 1, 11, 2], [22, 13, 1, 14], [12, 3, 13, 4], [2, 11, 3, 12], [18, 16, 19, 15], [6, 22, 7, 21], [4, 17, 5, 18], [16, 5, 17, 6], [8, 20, 9, 19], [20, 8, 21, 7]]"
11a_199_148,"[[20, 8, 21, 7], [14, 10, 15, 9], [10, 1, 11, 2], [22, 13, 1, 14], [12, 3, 13, 4], [2, 11, 3, 12], [18, 16, 19, 15], [6, 22, 7, 21], [4, 17, 5, 18], [16, 5, 17, 6], [8, 20, 9, 19]]"
11a_199_149,"[[8, 20, 9, 19], [20, 8, 21, 7], [14, 10, 15, 9], [10, 1, 11, 2], [22, 13, 1, 14], [12, 3, 13, 4], [2, 11, 3, 12], [18, 16, 19, 15], [6, 22, 7, 21], [4, 17, 5, 18], [16, 5, 17, 6]]"
11a_199_150,"[[16, 5, 17, 6], [8, 20, 9, 19], [20, 8, 21, 7], [14, 10, 15, 9], [10, 1, 11, 2], [22, 13, 1, 14], [12, 3, 13, 4], [2, 11, 3, 12], [18, 16, 19, 15], [6, 22, 7, 21], [4, 17, 5, 18]]"
11a_199_151,"[[4, 17, 5, 18], [16, 5, 17, 6], [8, 20, 9, 19], [20, 8, 21, 7], [14, 10, 15, 9], [10, 1, 11, 2], [22, 13, 1, 14], [12, 3, 13, 4], [2, 11, 3, 12], [18, 16, 19, 15], [6, 22, 7, 21]]"
11a_199_152,"[[6, 22, 7, 21], [4, 17, 5, 18], [16, 5, 17, 6], [8, 20, 9, 19], [20, 8, 21, 7], [14, 10, 15, 9], [10, 1, 11, 2], [22, 13, 1, 14], [12, 3, 13, 4], [2, 11, 3, 12], [18, 16, 19, 15]]"
11a_199_153,"[[18, 16, 19, 15], [6, 22, 7, 21], [4, 17, 5, 18], [16, 5, 17, 6], [8, 20, 9, 19], [20, 8, 21, 7], [14, 10, 15, 9], [10, 1, 11, 2], [22, 13, 1, 14], [12, 3, 13, 4], [2, 11, 3, 12]]"
11a_199_154,"[[3, 12, 4, 13], [19, 17, 20, 16], [7, 1, 8, 22], [5, 18, 6, 19], [17, 6, 18, 7], [9, 21, 10, 20], [21, 9, 22, 8], [15, 11, 16, 10], [11, 2, 12, 3], [1, 14, 2, 15], [13, 4, 14, 5]]"
11a_199_155,"[[13, 4, 14, 5], [3, 12, 4, 13], [19, 17, 20, 16], [7, 1, 8, 22], [5, 18, 6, 19], [17, 6, 18, 7], [9, 21, 10, 20], [21, 9, 22, 8], [15, 11, 16, 10], [11, 2, 12, 3], [1, 14, 2, 15]]"
11a_199_156,"[[1, 14, 2, 15], [13, 4, 14, 5], [3, 12, 4, 13], [19, 17, 20, 16], [7, 1, 8, 22], [5, 18, 6, 19], [17, 6, 18, 7], [9, 21, 10, 20], [21, 9, 22, 8], [15, 11, 16, 10], [11, 2, 12, 3]]"
11a_199_157,"[[11, 2, 12, 3], [1, 14, 2, 15], [13, 4, 14, 5], [3, 12, 4, 13], [19, 17, 20, 16], [7, 1, 8, 22], [5, 18, 6, 19], [17, 6, 18, 7], [9, 21, 10, 20], [21, 9, 22, 8], [15, 11, 16, 10]]"
11a_199_158,"[[15, 11, 16, 10], [11, 2, 12, 3], [1, 14, 2, 15], [13, 4, 14, 5], [3, 12, 4, 13], [19, 17, 20, 16], [7, 1, 8, 22], [5, 18, 6, 19], [17, 6, 18, 7], [9, 21, 10, 20], [21, 9, 22, 8]]"
11a_199_159,"[[21, 9, 22, 8], [15, 11, 16, 10], [11, 2, 12, 3], [1, 14, 2, 15], [13, 4, 14, 5], [3, 12, 4, 13], [19, 17, 20, 16], [7, 1, 8, 22], [5, 18, 6, 19], [17, 6, 18, 7], [9, 21, 10, 20]]"
11a_199_160,"[[9, 21, 10, 20], [21, 9, 22, 8], [15, 11, 16, 10], [11, 2, 12, 3], [1, 14, 2, 15], [13, 4, 14, 5], [3, 12, 4, 13], [19, 17, 20, 16], [7, 1, 8, 22], [5, 18, 6, 19], [17, 6, 18, 7]]"
11a_199_161,"[[17, 6, 18, 7], [9, 21, 10, 20], [21, 9, 22, 8], [15, 11, 16, 10], [11, 2, 12, 3], [1, 14, 2, 15], [13, 4, 14, 5], [3, 12, 4, 13], [19, 17, 20, 16], [7, 1, 8, 22], [5, 18, 6, 19]]"
11a_199_162,"[[5, 18, 6, 19], [17, 6, 18, 7], [9, 21, 10, 20], [21, 9, 22, 8], [15, 11, 16, 10], [11, 2, 12, 3], [1, 14, 2, 15], [13, 4, 14, 5], [3, 12, 4, 13], [19, 17, 20, 16], [7, 1, 8, 22]]"
11a_199_163,"[[7, 1, 8, 22], [5, 18, 6, 19], [17, 6, 18, 7], [9, 21, 10, 20], [21, 9, 22, 8], [15, 11, 16, 10], [11, 2, 12, 3], [1, 14, 2, 15], [13, 4, 14, 5], [3, 12, 4, 13], [19, 17, 20, 16]]"
11a_199_164,"[[19, 17, 20, 16], [7, 1, 8, 22], [5, 18, 6, 19], [17, 6, 18, 7], [9, 21, 10, 20], [21, 9, 22, 8], [15, 11, 16, 10], [11, 2, 12, 3], [1, 14, 2, 15], [13, 4, 14, 5], [3, 12, 4, 13]]"
11a_199_165,"[[4, 13, 5, 14], [20, 18, 21, 17], [8, 2, 9, 1], [6, 19, 7, 20], [18, 7, 19, 8], [10, 22, 11, 21], [22, 10, 1, 9], [16, 12, 17, 11], [12, 3, 13, 4], [2, 15, 3, 16], [14, 5, 15, 6]]"
11a_199_166,"[[14, 5, 15, 6], [4, 13, 5, 14], [20, 18, 21, 17], [8, 2, 9, 1], [6, 19, 7, 20], [18, 7, 19, 8], [10, 22, 11, 21], [22, 10, 1, 9], [16, 12, 17, 11], [12, 3, 13, 4], [2, 15, 3, 16]]"
11a_199_167,"[[2, 15, 3, 16], [14, 5, 15, 6], [4, 13, 5, 14], [20, 18, 21, 17], [8, 2, 9, 1], [6, 19, 7, 20], [18, 7, 19, 8], [10, 22, 11, 21], [22, 10, 1, 9], [16, 12, 17, 11], [12, 3, 13, 4]]"
11a_199_168,"[[12, 3, 13, 4], [2, 15, 3, 16], [14, 5, 15, 6], [4, 13, 5, 14], [20, 18, 21, 17], [8, 2, 9, 1], [6, 19, 7, 20], [18, 7, 19, 8], [10, 22, 11, 21], [22, 10, 1, 9], [16, 12, 17, 11]]"
11a_199_169,"[[16, 12, 17, 11], [12, 3, 13, 4], [2, 15, 3, 16], [14, 5, 15, 6], [4, 13, 5, 14], [20, 18, 21, 17], [8, 2, 9, 1], [6, 19, 7, 20], [18, 7, 19, 8], [10, 22, 11, 21], [22, 10, 1, 9]]"
11a_199_170,"[[22, 10, 1, 9], [16, 12, 17, 11], [12, 3, 13, 4], [2, 15, 3, 16], [14, 5, 15, 6], [4, 13, 5, 14], [20, 18, 21, 17], [8, 2, 9, 1], [6, 19, 7, 20], [18, 7, 19, 8], [10, 22, 11, 21]]"
11a_199_171,"[[10, 22, 11, 21], [22, 10, 1, 9], [16, 12, 17, 11], [12, 3, 13, 4], [2, 15, 3, 16], [14, 5, 15, 6], [4, 13, 5, 14], [20, 18, 21, 17], [8, 2, 9, 1], [6, 19, 7, 20], [18, 7, 19, 8]]"
11a_199_172,"[[18, 7, 19, 8], [10, 22, 11, 21], [22, 10, 1, 9], [16, 12, 17, 11], [12, 3, 13, 4], [2, 15, 3, 16], [14, 5, 15, 6], [4, 13, 5, 14], [20, 18, 21, 17], [8, 2, 9, 1], [6, 19, 7, 20]]"
11a_199_173,"[[6, 19, 7, 20], [18, 7, 19, 8], [10, 22, 11, 21], [22, 10, 1, 9], [16, 12, 17, 11], [12, 3, 13, 4], [2, 15, 3, 16], [14, 5, 15, 6], [4, 13, 5, 14], [20, 18, 21, 17], [8, 2, 9, 1]]"
11a_199_174,"[[8, 2, 9, 1], [6, 19, 7, 20], [18, 7, 19, 8], [10, 22, 11, 21], [22, 10, 1, 9], [16, 12, 17, 11], [12, 3, 13, 4], [2, 15, 3, 16], [14, 5, 15, 6], [4, 13, 5, 14], [20, 18, 21, 17]]"
11a_199_175,"[[20, 18, 21, 17], [8, 2, 9, 1], [6, 19, 7, 20], [18, 7, 19, 8], [10, 22, 11, 21], [22, 10, 1, 9], [16, 12, 17, 11], [12, 3, 13, 4], [2, 15, 3, 16], [14, 5, 15, 6], [4, 13, 5, 14]]"
11a_199_176,"[[5, 14, 6, 15], [21, 19, 22, 18], [9, 3, 10, 2], [7, 20, 8, 21], [19, 8, 20, 9], [11, 1, 12, 22], [1, 11, 2, 10], [17, 13, 18, 12], [13, 4, 14, 5], [3, 16, 4, 17], [15, 6, 16, 7]]"
11a_199_177,"[[15, 6, 16, 7], [5, 14, 6, 15], [21, 19, 22, 18], [9, 3, 10, 2], [7, 20, 8, 21], [19, 8, 20, 9], [11, 1, 12, 22], [1, 11, 2, 10], [17, 13, 18, 12], [13, 4, 14, 5], [3, 16, 4, 17]]"
11a_199_178,"[[3, 16, 4, 17], [15, 6, 16, 7], [5, 14, 6, 15], [21, 19, 22, 18], [9, 3, 10, 2], [7, 20, 8, 21], [19, 8, 20, 9], [11, 1, 12, 22], [1, 11, 2, 10], [17, 13, 18, 12], [13, 4, 14, 5]]"
11a_199_179,"[[13, 4, 14, 5], [3, 16, 4, 17], [15, 6, 16, 7], [5, 14, 6, 15], [21, 19, 22, 18], [9, 3, 10, 2], [7, 20, 8, 21], [19, 8, 20, 9], [11, 1, 12, 22], [1, 11, 2, 10], [17, 13, 18, 12]]"
11a_199_180,"[[17, 13, 18, 12], [13, 4, 14, 5], [3, 16, 4, 17], [15, 6, 16, 7], [5, 14, 6, 15], [21, 19, 22, 18], [9, 3, 10, 2], [7, 20, 8, 21], [19, 8, 20, 9], [11, 1, 12, 22], [1, 11, 2, 10]]"
11a_199_181,"[[1, 11, 2, 10], [17, 13, 18, 12], [13, 4, 14, 5], [3, 16, 4, 17], [15, 6, 16, 7], [5, 14, 6, 15], [21, 19, 22, 18], [9, 3, 10, 2], [7, 20, 8, 21], [19, 8, 20, 9], [11, 1, 12, 22]]"
11a_199_182,"[[11, 1, 12, 22], [1, 11, 2, 10], [17, 13, 18, 12], [13, 4, 14, 5], [3, 16, 4, 17], [15, 6, 16, 7], [5, 14, 6, 15], [21, 19, 22, 18], [9, 3, 10, 2], [7, 20, 8, 21], [19, 8, 20, 9]]"
11a_199_183,"[[19, 8, 20, 9], [11, 1, 12, 22], [1, 11, 2, 10], [17, 13, 18, 12], [13, 4, 14, 5], [3, 16, 4, 17], [15, 6, 16, 7], [5, 14, 6, 15], [21, 19, 22, 18], [9, 3, 10, 2], [7, 20, 8, 21]]"
11a_199_184,"[[7, 20, 8, 21], [19, 8, 20, 9], [11, 1, 12, 22], [1, 11, 2, 10], [17, 13, 18, 12], [13, 4, 14, 5], [3, 16, 4, 17], [15, 6, 16, 7], [5, 14, 6, 15], [21, 19, 22, 18], [9, 3, 10, 2]]"
11a_199_185,"[[9, 3, 10, 2], [7, 20, 8, 21], [19, 8, 20, 9], [11, 1, 12, 22], [1, 11, 2, 10], [17, 13, 18, 12], [13, 4, 14, 5], [3, 16, 4, 17], [15, 6, 16, 7], [5, 14, 6, 15], [21, 19, 22, 18]]"
11a_199_186,"[[21, 19, 22, 18], [9, 3, 10, 2], [7, 20, 8, 21], [19, 8, 20, 9], [11, 1, 12, 22], [1, 11, 2, 10], [17, 13, 18, 12], [13, 4, 14, 5], [3, 16, 4, 17], [15, 6, 16, 7], [5, 14, 6, 15]]"
11a_199_187,"[[6, 15, 7, 16], [22, 20, 1, 19], [10, 4, 11, 3], [8, 21, 9, 22], [20, 9, 21, 10], [12, 2, 13, 1], [2, 12, 3, 11], [18, 14, 19, 13], [14, 5, 15, 6], [4, 17, 5, 18], [16, 7, 17, 8]]"
11a_199_188,"[[16, 7, 17, 8], [6, 15, 7, 16], [22, 20, 1, 19], [10, 4, 11, 3], [8, 21, 9, 22], [20, 9, 21, 10], [12, 2, 13, 1], [2, 12, 3, 11], [18, 14, 19, 13], [14, 5, 15, 6], [4, 17, 5, 18]]"
11a_199_189,"[[4, 17, 5, 18], [16, 7, 17, 8], [6, 15, 7, 16], [22, 20, 1, 19], [10, 4, 11, 3], [8, 21, 9, 22], [20, 9, 21, 10], [12, 2, 13, 1], [2, 12, 3, 11], [18, 14, 19, 13], [14, 5, 15, 6]]"
11a_199_190,"[[14, 5, 15, 6], [4, 17, 5, 18], [16, 7, 17, 8], [6, 15, 7, 16], [22, 20, 1, 19], [10, 4, 11, 3], [8, 21, 9, 22], [20, 9, 21, 10], [12, 2, 13, 1], [2, 12, 3, 11], [18, 14, 19, 13]]"
11a_199_191,"[[18, 14, 19, 13], [14, 5, 15, 6], [4, 17, 5, 18], [16, 7, 17, 8], [6, 15, 7, 16], [22, 20, 1, 19], [10, 4, 11, 3], [8, 21, 9, 22], [20, 9, 21, 10], [12, 2, 13, 1], [2, 12, 3, 11]]"
11a_199_192,"[[2, 12, 3, 11], [18, 14, 19, 13], [14, 5, 15, 6], [4, 17, 5, 18], [16, 7, 17, 8], [6, 15, 7, 16], [22, 20, 1, 19], [10, 4, 11, 3], [8, 21, 9, 22], [20, 9, 21, 10], [12, 2, 13, 1]]"
11a_199_193,"[[12, 2, 13, 1], [2, 12, 3, 11], [18, 14, 19, 13], [14, 5, 15, 6], [4, 17, 5, 18], [16, 7, 17, 8], [6, 15, 7, 16], [22, 20, 1, 19], [10, 4, 11, 3], [8, 21, 9, 22], [20, 9, 21, 10]]"
11a_199_194,"[[20, 9, 21, 10], [12, 2, 13, 1], [2, 12, 3, 11], [18, 14, 19, 13], [14, 5, 15, 6], [4, 17, 5, 18], [16, 7, 17, 8], [6, 15, 7, 16], [22, 20, 1, 19], [10, 4, 11, 3], [8, 21, 9, 22]]"
11a_199_195,"[[8, 21, 9, 22], [20, 9, 21, 10], [12, 2, 13, 1], [2, 12, 3, 11], [18, 14, 19, 13], [14, 5, 15, 6], [4, 17, 5, 18], [16, 7, 17, 8], [6, 15, 7, 16], [22, 20, 1, 19], [10, 4, 11, 3]]"
11a_199_196,"[[10, 4, 11, 3], [8, 21, 9, 22], [20, 9, 21, 10], [12, 2, 13, 1], [2, 12, 3, 11], [18, 14, 19, 13], [14, 5, 15, 6], [4, 17, 5, 18], [16, 7, 17, 8], [6, 15, 7, 16], [22, 20, 1, 19]]"
11a_199_197,"[[22, 20, 1, 19], [10, 4, 11, 3], [8, 21, 9, 22], [20, 9, 21, 10], [12, 2, 13, 1], [2, 12, 3, 11], [18, 14, 19, 13], [14, 5, 15, 6], [4, 17, 5, 18], [16, 7, 17, 8], [6, 15, 7, 16]]"
11a_199_198,"[[7, 16, 8, 17], [1, 21, 2, 20], [11, 5, 12, 4], [9, 22, 10, 1], [21, 10, 22, 11], [13, 3, 14, 2], [3, 13, 4, 12], [19, 15, 20, 14], [15, 6, 16, 7], [5, 18, 6, 19], [17, 8, 18, 9]]"
11a_199_199,"[[17, 8, 18, 9], [7, 16, 8, 17], [1, 21, 2, 20], [11, 5, 12, 4], [9, 22, 10, 1], [21, 10, 22, 11], [13, 3, 14, 2], [3, 13, 4, 12], [19, 15, 20, 14], [15, 6, 16, 7], [5, 18, 6, 19]]"
11a_199_200,"[[5, 18, 6, 19], [17, 8, 18, 9], [7, 16, 8, 17], [1, 21, 2, 20], [11, 5, 12, 4], [9, 22, 10, 1], [21, 10, 22, 11], [13, 3, 14, 2], [3, 13, 4, 12], [19, 15, 20, 14], [15, 6, 16, 7]]"
11a_199_201,"[[15, 6, 16, 7], [5, 18, 6, 19], [17, 8, 18, 9], [7, 16, 8, 17], [1, 21, 2, 20], [11, 5, 12, 4], [9, 22, 10, 1], [21, 10, 22, 11], [13, 3, 14, 2], [3, 13, 4, 12], [19, 15, 20, 14]]"
11a_199_202,"[[19, 15, 20, 14], [15, 6, 16, 7], [5, 18, 6, 19], [17, 8, 18, 9], [7, 16, 8, 17], [1, 21, 2, 20], [11, 5, 12, 4], [9, 22, 10, 1], [21, 10, 22, 11], [13, 3, 14, 2], [3, 13, 4, 12]]"
11a_199_203,"[[3, 13, 4, 12], [19, 15, 20, 14], [15, 6, 16, 7], [5, 18, 6, 19], [17, 8, 18, 9], [7, 16, 8, 17], [1, 21, 2, 20], [11, 5, 12, 4], [9, 22, 10, 1], [21, 10, 22, 11], [13, 3, 14, 2]]"
