name,pd_notation
11a_81_0,"[[9, 18, 10, 19], [5, 3, 6, 2], [13, 7, 14, 6], [11, 4, 12, 5], [3, 12, 4, 13], [1, 11, 2, 10], [19, 14, 20, 15], [15, 8, 16, 9], [7, 21, 8, 20], [17, 1, 18, 22], [21, 17, 22, 16]]"
11a_81_1,"[[21, 17, 22, 16], [9, 18, 10, 19], [5, 3, 6, 2], [13, 7, 14, 6], [11, 4, 12, 5], [3, 12, 4, 13], [1, 11, 2, 10], [19, 14, 20, 15], [15, 8, 16, 9], [7, 21, 8, 20], [17, 1, 18, 22]]"
11a_81_2,"[[17, 1, 18, 22], [21, 17, 22, 16], [9, 18, 10, 19], [5, 3, 6, 2], [13, 7, 14, 6], [11, 4, 12, 5], [3, 12, 4, 13], [1, 11, 2, 10], [19, 14, 20, 15], [15, 8, 16, 9], [7, 21, 8, 20]]"
11a_81_3,"[[7, 21, 8, 20], [17, 1, 18, 22], [21, 17, 22, 16], [9, 18, 10, 19], [5, 3, 6, 2], [13, 7, 14, 6], [11, 4, 12, 5], [3, 12, 4, 13], [1, 11, 2, 10], [19, 14, 20, 15], [15, 8, 16, 9]]"
11a_81_4,"[[15, 8, 16, 9], [7, 21, 8, 20], [17, 1, 18, 22], [21, 17, 22, 16], [9, 18, 10, 19], [5, 3, 6, 2], [13, 7, 14, 6], [11, 4, 12, 5], [3, 12, 4, 13], [1, 11, 2, 10], [19, 14, 20, 15]]"
11a_81_5,"[[19, 14, 20, 15], [15, 8, 16, 9], [7, 21, 8, 20], [17, 1, 18, 22], [21, 17, 22, 16], [9, 18, 10, 19], [5, 3, 6, 2], [13, 7, 14, 6], [11, 4, 12, 5], [3, 12, 4, 13], [1, 11, 2, 10]]"
11a_81_6,"[[1, 11, 2, 10], [19, 14, 20, 15], [15, 8, 16, 9], [7, 21, 8, 20], [17, 1, 18, 22], [21, 17, 22, 16], [9, 18, 10, 19], [5, 3, 6, 2], [13, 7, 14, 6], [11, 4, 12, 5], [3, 12, 4, 13]]"
11a_81_7,"[[3, 12, 4, 13], [1, 11, 2, 10], [19, 14, 20, 15], [15, 8, 16, 9], [7, 21, 8, 20], [17, 1, 18, 22], [21, 17, 22, 16], [9, 18, 10, 19], [5, 3, 6, 2], [13, 7, 14, 6], [11, 4, 12, 5]]"
11a_81_8,"[[11, 4, 12, 5], [3, 12, 4, 13], [1, 11, 2, 10], [19, 14, 20, 15], [15, 8, 16, 9], [7, 21, 8, 20], [17, 1, 18, 22], [21, 17, 22, 16], [9, 18, 10, 19], [5, 3, 6, 2], [13, 7, 14, 6]]"
11a_81_9,"[[13, 7, 14, 6], [11, 4, 12, 5], [3, 12, 4, 13], [1, 11, 2, 10], [19, 14, 20, 15], [15, 8, 16, 9], [7, 21, 8, 20], [17, 1, 18, 22], [21, 17, 22, 16], [9, 18, 10, 19], [5, 3, 6, 2]]"
11a_81_10,"[[5, 3, 6, 2], [13, 7, 14, 6], [11, 4, 12, 5], [3, 12, 4, 13], [1, 11, 2, 10], [19, 14, 20, 15], [15, 8, 16, 9], [7, 21, 8, 20], [17, 1, 18, 22], [21, 17, 22, 16], [9, 18, 10, 19]]"
11a_81_11,"[[10, 19, 11, 20], [6, 4, 7, 3], [14, 8, 15, 7], [12, 5, 13, 6], [4, 13, 5, 14], [2, 12, 3, 11], [20, 15, 21, 16], [16, 9, 17, 10], [8, 22, 9, 21], [18, 2, 19, 1], [22, 18, 1, 17]]"
11a_81_12,"[[22, 18, 1, 17], [10, 19, 11, 20], [6, 4, 7, 3], [14, 8, 15, 7], [12, 5, 13, 6], [4, 13, 5, 14], [2, 12, 3, 11], [20, 15, 21, 16], [16, 9, 17, 10], [8, 22, 9, 21], [18, 2, 19, 1]]"
11a_81_13,"[[18, 2, 19, 1], [22, 18, 1, 17], [10, 19, 11, 20], [6, 4, 7, 3], [14, 8, 15, 7], [12, 5, 13, 6], [4, 13, 5, 14], [2, 12, 3, 11], [20, 15, 21, 16], [16, 9, 17, 10], [8, 22, 9, 21]]"
11a_81_14,"[[8, 22, 9, 21], [18, 2, 19, 1], [22, 18, 1, 17], [10, 19, 11, 20], [6, 4, 7, 3], [14, 8, 15, 7], [12, 5, 13, 6], [4, 13, 5, 14], [2, 12, 3, 11], [20, 15, 21, 16], [16, 9, 17, 10]]"
11a_81_15,"[[16, 9, 17, 10], [8, 22, 9, 21], [18, 2, 19, 1], [22, 18, 1, 17], [10, 19, 11, 20], [6, 4, 7, 3], [14, 8, 15, 7], [12, 5, 13, 6], [4, 13, 5, 14], [2, 12, 3, 11], [20, 15, 21, 16]]"
11a_81_16,"[[20, 15, 21, 16], [16, 9, 17, 10], [8, 22, 9, 21], [18, 2, 19, 1], [22, 18, 1, 17], [10, 19, 11, 20], [6, 4, 7, 3], [14, 8, 15, 7], [12, 5, 13, 6], [4, 13, 5, 14], [2, 12, 3, 11]]"
11a_81_17,"[[2, 12, 3, 11], [20, 15, 21, 16], [16, 9, 17, 10], [8, 22, 9, 21], [18, 2, 19, 1], [22, 18, 1, 17], [10, 19, 11, 20], [6, 4, 7, 3], [14, 8, 15, 7], [12, 5, 13, 6], [4, 13, 5, 14]]"
11a_81_18,"[[4, 13, 5, 14], [2, 12, 3, 11], [20, 15, 21, 16], [16, 9, 17, 10], [8, 22, 9, 21], [18, 2, 19, 1], [22, 18, 1, 17], [10, 19, 11, 20], [6, 4, 7, 3], [14, 8, 15, 7], [12, 5, 13, 6]]"
11a_81_19,"[[12, 5, 13, 6], [4, 13, 5, 14], [2, 12, 3, 11], [20, 15, 21, 16], [16, 9, 17, 10], [8, 22, 9, 21], [18, 2, 19, 1], [22, 18, 1, 17], [10, 19, 11, 20], [6, 4, 7, 3], [14, 8, 15, 7]]"
11a_81_20,"[[14, 8, 15, 7], [12, 5, 13, 6], [4, 13, 5, 14], [2, 12, 3, 11], [20, 15, 21, 16], [16, 9, 17, 10], [8, 22, 9, 21], [18, 2, 19, 1], [22, 18, 1, 17], [10, 19, 11, 20], [6, 4, 7, 3]]"
11a_81_21,"[[6, 4, 7, 3], [14, 8, 15, 7], [12, 5, 13, 6], [4, 13, 5, 14], [2, 12, 3, 11], [20, 15, 21, 16], [16, 9, 17, 10], [8, 22, 9, 21], [18, 2, 19, 1], [22, 18, 1, 17], [10, 19, 11, 20]]"
11a_81_22,"[[11, 20, 12, 21], [7, 5, 8, 4], [15, 9, 16, 8], [13, 6, 14, 7], [5, 14, 6, 15], [3, 13, 4, 12], [21, 16, 22, 17], [17, 10, 18, 11], [9, 1, 10, 22], [19, 3, 20, 2], [1, 19, 2, 18]]"
11a_81_23,"[[1, 19, 2, 18], [11, 20, 12, 21], [7, 5, 8, 4], [15, 9, 16, 8], [13, 6, 14, 7], [5, 14, 6, 15], [3, 13, 4, 12], [21, 16, 22, 17], [17, 10, 18, 11], [9, 1, 10, 22], [19, 3, 20, 2]]"
11a_81_24,"[[19, 3, 20, 2], [1, 19, 2, 18], [11, 20, 12, 21], [7, 5, 8, 4], [15, 9, 16, 8], [13, 6, 14, 7], [5, 14, 6, 15], [3, 13, 4, 12], [21, 16, 22, 17], [17, 10, 18, 11], [9, 1, 10, 22]]"
11a_81_25,"[[9, 1, 10, 22], [19, 3, 20, 2], [1, 19, 2, 18], [11, 20, 12, 21], [7, 5, 8, 4], [15, 9, 16, 8], [13, 6, 14, 7], [5, 14, 6, 15], [3, 13, 4, 12], [21, 16, 22, 17], [17, 10, 18, 11]]"
11a_81_26,"[[17, 10, 18, 11], [9, 1, 10, 22], [19, 3, 20, 2], [1, 19, 2, 18], [11, 20, 12, 21], [7, 5, 8, 4], [15, 9, 16, 8], [13, 6, 14, 7], [5, 14, 6, 15], [3, 13, 4, 12], [21, 16, 22, 17]]"
11a_81_27,"[[21, 16, 22, 17], [17, 10, 18, 11], [9, 1, 10, 22], [19, 3, 20, 2], [1, 19, 2, 18], [11, 20, 12, 21], [7, 5, 8, 4], [15, 9, 16, 8], [13, 6, 14, 7], [5, 14, 6, 15], [3, 13, 4, 12]]"
11a_81_28,"[[3, 13, 4, 12], [21, 16, 22, 17], [17, 10, 18, 11], [9, 1, 10, 22], [19, 3, 20, 2], [1, 19, 2, 18], [11, 20, 12, 21], [7, 5, 8, 4], [15, 9, 16, 8], [13, 6, 14, 7], [5, 14, 6, 15]]"
11a_81_29,"[[5, 14, 6, 15], [3, 13, 4, 12], [21, 16, 22, 17], [17, 10, 18, 11], [9, 1, 10, 22], [19, 3, 20, 2], [1, 19, 2, 18], [11, 20, 12, 21], [7, 5, 8, 4], [15, 9, 16, 8], [13, 6, 14, 7]]"
11a_81_30,"[[13, 6, 14, 7], [5, 14, 6, 15], [3, 13, 4, 12], [21, 16, 22, 17], [17, 10, 18, 11], [9, 1, 10, 22], [19, 3, 20, 2], [1, 19, 2, 18], [11, 20, 12, 21], [7, 5, 8, 4], [15, 9, 16, 8]]"
11a_81_31,"[[15, 9, 16, 8], [13, 6, 14, 7], [5, 14, 6, 15], [3, 13, 4, 12], [21, 16, 22, 17], [17, 10, 18, 11], [9, 1, 10, 22], [19, 3, 20, 2], [1, 19, 2, 18], [11, 20, 12, 21], [7, 5, 8, 4]]"
11a_81_32,"[[7, 5, 8, 4], [15, 9, 16, 8], [13, 6, 14, 7], [5, 14, 6, 15], [3, 13, 4, 12], [21, 16, 22, 17], [17, 10, 18, 11], [9, 1, 10, 22], [19, 3, 20, 2], [1, 19, 2, 18], [11, 20, 12, 21]]"
11a_81_33,"[[12, 21, 13, 22], [8, 6, 9, 5], [16, 10, 17, 9], [14, 7, 15, 8], [6, 15, 7, 16], [4, 14, 5, 13], [22, 17, 1, 18], [18, 11, 19, 12], [10, 2, 11, 1], [20, 4, 21, 3], [2, 20, 3, 19]]"
11a_81_34,"[[2, 20, 3, 19], [12, 21, 13, 22], [8, 6, 9, 5], [16, 10, 17, 9], [14, 7, 15, 8], [6, 15, 7, 16], [4, 14, 5, 13], [22, 17, 1, 18], [18, 11, 19, 12], [10, 2, 11, 1], [20, 4, 21, 3]]"
11a_81_35,"[[20, 4, 21, 3], [2, 20, 3, 19], [12, 21, 13, 22], [8, 6, 9, 5], [16, 10, 17, 9], [14, 7, 15, 8], [6, 15, 7, 16], [4, 14, 5, 13], [22, 17, 1, 18], [18, 11, 19, 12], [10, 2, 11, 1]]"
11a_81_36,"[[10, 2, 11, 1], [20, 4, 21, 3], [2, 20, 3, 19], [12, 21, 13, 22], [8, 6, 9, 5], [16, 10, 17, 9], [14, 7, 15, 8], [6, 15, 7, 16], [4, 14, 5, 13], [22, 17, 1, 18], [18, 11, 19, 12]]"
11a_81_37,"[[18, 11, 19, 12], [10, 2, 11, 1], [20, 4, 21, 3], [2, 20, 3, 19], [12, 21, 13, 22], [8, 6, 9, 5], [16, 10, 17, 9], [14, 7, 15, 8], [6, 15, 7, 16], [4, 14, 5, 13], [22, 17, 1, 18]]"
11a_81_38,"[[22, 17, 1, 18], [18, 11, 19, 12], [10, 2, 11, 1], [20, 4, 21, 3], [2, 20, 3, 19], [12, 21, 13, 22], [8, 6, 9, 5], [16, 10, 17, 9], [14, 7, 15, 8], [6, 15, 7, 16], [4, 14, 5, 13]]"
11a_81_39,"[[4, 14, 5, 13], [22, 17, 1, 18], [18, 11, 19, 12], [10, 2, 11, 1], [20, 4, 21, 3], [2, 20, 3, 19], [12, 21, 13, 22], [8, 6, 9, 5], [16, 10, 17, 9], [14, 7, 15, 8], [6, 15, 7, 16]]"
11a_81_40,"[[6, 15, 7, 16], [4, 14, 5, 13], [22, 17, 1, 18], [18, 11, 19, 12], [10, 2, 11, 1], [20, 4, 21, 3], [2, 20, 3, 19], [12, 21, 13, 22], [8, 6, 9, 5], [16, 10, 17, 9], [14, 7, 15, 8]]"
11a_81_41,"[[14, 7, 15, 8], [6, 15, 7, 16], [4, 14, 5, 13], [22, 17, 1, 18], [18, 11, 19, 12], [10, 2, 11, 1], [20, 4, 21, 3], [2, 20, 3, 19], [12, 21, 13, 22], [8, 6, 9, 5], [16, 10, 17, 9]]"
11a_81_42,"[[16, 10, 17, 9], [14, 7, 15, 8], [6, 15, 7, 16], [4, 14, 5, 13], [22, 17, 1, 18], [18, 11, 19, 12], [10, 2, 11, 1], [20, 4, 21, 3], [2, 20, 3, 19], [12, 21, 13, 22], [8, 6, 9, 5]]"
11a_81_43,"[[8, 6, 9, 5], [16, 10, 17, 9], [14, 7, 15, 8], [6, 15, 7, 16], [4, 14, 5, 13], [22, 17, 1, 18], [18, 11, 19, 12], [10, 2, 11, 1], [20, 4, 21, 3], [2, 20, 3, 19], [12, 21, 13, 22]]"
11a_81_44,"[[13, 22, 14, 1], [9, 7, 10, 6], [17, 11, 18, 10], [15, 8, 16, 9], [7, 16, 8, 17], [5, 15, 6, 14], [1, 18, 2, 19], [19, 12, 20, 13], [11, 3, 12, 2], [21, 5, 22, 4], [3, 21, 4, 20]]"
11a_81_45,"[[3, 21, 4, 20], [13, 22, 14, 1], [9, 7, 10, 6], [17, 11, 18, 10], [15, 8, 16, 9], [7, 16, 8, 17], [5, 15, 6, 14], [1, 18, 2, 19], [19, 12, 20, 13], [11, 3, 12, 2], [21, 5, 22, 4]]"
11a_81_46,"[[21, 5, 22, 4], [3, 21, 4, 20], [13, 22, 14, 1], [9, 7, 10, 6], [17, 11, 18, 10], [15, 8, 16, 9], [7, 16, 8, 17], [5, 15, 6, 14], [1, 18, 2, 19], [19, 12, 20, 13], [11, 3, 12, 2]]"
11a_81_47,"[[11, 3, 12, 2], [21, 5, 22, 4], [3, 21, 4, 20], [13, 22, 14, 1], [9, 7, 10, 6], [17, 11, 18, 10], [15, 8, 16, 9], [7, 16, 8, 17], [5, 15, 6, 14], [1, 18, 2, 19], [19, 12, 20, 13]]"
11a_81_48,"[[19, 12, 20, 13], [11, 3, 12, 2], [21, 5, 22, 4], [3, 21, 4, 20], [13, 22, 14, 1], [9, 7, 10, 6], [17, 11, 18, 10], [15, 8, 16, 9], [7, 16, 8, 17], [5, 15, 6, 14], [1, 18, 2, 19]]"
11a_81_49,"[[1, 18, 2, 19], [19, 12, 20, 13], [11, 3, 12, 2], [21, 5, 22, 4], [3, 21, 4, 20], [13, 22, 14, 1], [9, 7, 10, 6], [17, 11, 18, 10], [15, 8, 16, 9], [7, 16, 8, 17], [5, 15, 6, 14]]"
11a_81_50,"[[5, 15, 6, 14], [1, 18, 2, 19], [19, 12, 20, 13], [11, 3, 12, 2], [21, 5, 22, 4], [3, 21, 4, 20], [13, 22, 14, 1], [9, 7, 10, 6], [17, 11, 18, 10], [15, 8, 16, 9], [7, 16, 8, 17]]"
11a_81_51,"[[7, 16, 8, 17], [5, 15, 6, 14], [1, 18, 2, 19], [19, 12, 20, 13], [11, 3, 12, 2], [21, 5, 22, 4], [3, 21, 4, 20], [13, 22, 14, 1], [9, 7, 10, 6], [17, 11, 18, 10], [15, 8, 16, 9]]"
11a_81_52,"[[15, 8, 16, 9], [7, 16, 8, 17], [5, 15, 6, 14], [1, 18, 2, 19], [19, 12, 20, 13], [11, 3, 12, 2], [21, 5, 22, 4], [3, 21, 4, 20], [13, 22, 14, 1], [9, 7, 10, 6], [17, 11, 18, 10]]"
11a_81_53,"[[17, 11, 18, 10], [15, 8, 16, 9], [7, 16, 8, 17], [5, 15, 6, 14], [1, 18, 2, 19], [19, 12, 20, 13], [11, 3, 12, 2], [21, 5, 22, 4], [3, 21, 4, 20], [13, 22, 14, 1], [9, 7, 10, 6]]"
11a_81_54,"[[9, 7, 10, 6], [17, 11, 18, 10], [15, 8, 16, 9], [7, 16, 8, 17], [5, 15, 6, 14], [1, 18, 2, 19], [19, 12, 20, 13], [11, 3, 12, 2], [21, 5, 22, 4], [3, 21, 4, 20], [13, 22, 14, 1]]"
11a_81_55,"[[14, 1, 15, 2], [10, 8, 11, 7], [18, 12, 19, 11], [16, 9, 17, 10], [8, 17, 9, 18], [6, 16, 7, 15], [2, 19, 3, 20], [20, 13, 21, 14], [12, 4, 13, 3], [22, 6, 1, 5], [4, 22, 5, 21]]"
11a_81_56,"[[4, 22, 5, 21], [14, 1, 15, 2], [10, 8, 11, 7], [18, 12, 19, 11], [16, 9, 17, 10], [8, 17, 9, 18], [6, 16, 7, 15], [2, 19, 3, 20], [20, 13, 21, 14], [12, 4, 13, 3], [22, 6, 1, 5]]"
11a_81_57,"[[22, 6, 1, 5], [4, 22, 5, 21], [14, 1, 15, 2], [10, 8, 11, 7], [18, 12, 19, 11], [16, 9, 17, 10], [8, 17, 9, 18], [6, 16, 7, 15], [2, 19, 3, 20], [20, 13, 21, 14], [12, 4, 13, 3]]"
11a_81_58,"[[12, 4, 13, 3], [22, 6, 1, 5], [4, 22, 5, 21], [14, 1, 15, 2], [10, 8, 11, 7], [18, 12, 19, 11], [16, 9, 17, 10], [8, 17, 9, 18], [6, 16, 7, 15], [2, 19, 3, 20], [20, 13, 21, 14]]"
11a_81_59,"[[20, 13, 21, 14], [12, 4, 13, 3], [22, 6, 1, 5], [4, 22, 5, 21], [14, 1, 15, 2], [10, 8, 11, 7], [18, 12, 19, 11], [16, 9, 17, 10], [8, 17, 9, 18], [6, 16, 7, 15], [2, 19, 3, 20]]"
11a_81_60,"[[2, 19, 3, 20], [20, 13, 21, 14], [12, 4, 13, 3], [22, 6, 1, 5], [4, 22, 5, 21], [14, 1, 15, 2], [10, 8, 11, 7], [18, 12, 19, 11], [16, 9, 17, 10], [8, 17, 9, 18], [6, 16, 7, 15]]"
11a_81_61,"[[6, 16, 7, 15], [2, 19, 3, 20], [20, 13, 21, 14], [12, 4, 13, 3], [22, 6, 1, 5], [4, 22, 5, 21], [14, 1, 15, 2], [10, 8, 11, 7], [18, 12, 19, 11], [16, 9, 17, 10], [8, 17, 9, 18]]"
11a_81_62,"[[8, 17, 9, 18], [6, 16, 7, 15], [2, 19, 3, 20], [20, 13, 21, 14], [12, 4, 13, 3], [22, 6, 1, 5], [4, 22, 5, 21], [14, 1, 15, 2], [10, 8, 11, 7], [18, 12, 19, 11], [16, 9, 17, 10]]"
11a_81_63,"[[16, 9, 17, 10], [8, 17, 9, 18], [6, 16, 7, 15], [2, 19, 3, 20], [20, 13, 21, 14], [12, 4, 13, 3], [22, 6, 1, 5], [4, 22, 5, 21], [14, 1, 15, 2], [10, 8, 11, 7], [18, 12, 19, 11]]"
11a_81_64,"[[18, 12, 19, 11], [16, 9, 17, 10], [8, 17, 9, 18], [6, 16, 7, 15], [2, 19, 3, 20], [20, 13, 21, 14], [12, 4, 13, 3], [22, 6, 1, 5], [4, 22, 5, 21], [14, 1, 15, 2], [10, 8, 11, 7]]"
11a_81_65,"[[10, 8, 11, 7], [18, 12, 19, 11], [16, 9, 17, 10], [8, 17, 9, 18], [6, 16, 7, 15], [2, 19, 3, 20], [20, 13, 21, 14], [12, 4, 13, 3], [22, 6, 1, 5], [4, 22, 5, 21], [14, 1, 15, 2]]"
11a_81_66,"[[15, 2, 16, 3], [11, 9, 12, 8], [19, 13, 20, 12], [17, 10, 18, 11], [9, 18, 10, 19], [7, 17, 8, 16], [3, 20, 4, 21], [21, 14, 22, 15], [13, 5, 14, 4], [1, 7, 2, 6], [5, 1, 6, 22]]"
11a_81_67,"[[5, 1, 6, 22], [15, 2, 16, 3], [11, 9, 12, 8], [19, 13, 20, 12], [17, 10, 18, 11], [9, 18, 10, 19], [7, 17, 8, 16], [3, 20, 4, 21], [21, 14, 22, 15], [13, 5, 14, 4], [1, 7, 2, 6]]"
11a_81_68,"[[1, 7, 2, 6], [5, 1, 6, 22], [15, 2, 16, 3], [11, 9, 12, 8], [19, 13, 20, 12], [17, 10, 18, 11], [9, 18, 10, 19], [7, 17, 8, 16], [3, 20, 4, 21], [21, 14, 22, 15], [13, 5, 14, 4]]"
11a_81_69,"[[13, 5, 14, 4], [1, 7, 2, 6], [5, 1, 6, 22], [15, 2, 16, 3], [11, 9, 12, 8], [19, 13, 20, 12], [17, 10, 18, 11], [9, 18, 10, 19], [7, 17, 8, 16], [3, 20, 4, 21], [21, 14, 22, 15]]"
11a_81_70,"[[21, 14, 22, 15], [13, 5, 14, 4], [1, 7, 2, 6], [5, 1, 6, 22], [15, 2, 16, 3], [11, 9, 12, 8], [19, 13, 20, 12], [17, 10, 18, 11], [9, 18, 10, 19], [7, 17, 8, 16], [3, 20, 4, 21]]"
11a_81_71,"[[3, 20, 4, 21], [21, 14, 22, 15], [13, 5, 14, 4], [1, 7, 2, 6], [5, 1, 6, 22], [15, 2, 16, 3], [11, 9, 12, 8], [19, 13, 20, 12], [17, 10, 18, 11], [9, 18, 10, 19], [7, 17, 8, 16]]"
11a_81_72,"[[7, 17, 8, 16], [3, 20, 4, 21], [21, 14, 22, 15], [13, 5, 14, 4], [1, 7, 2, 6], [5, 1, 6, 22], [15, 2, 16, 3], [11, 9, 12, 8], [19, 13, 20, 12], [17, 10, 18, 11], [9, 18, 10, 19]]"
11a_81_73,"[[9, 18, 10, 19], [7, 17, 8, 16], [3, 20, 4, 21], [21, 14, 22, 15], [13, 5, 14, 4], [1, 7, 2, 6], [5, 1, 6, 22], [15, 2, 16, 3], [11, 9, 12, 8], [19, 13, 20, 12], [17, 10, 18, 11]]"
11a_81_74,"[[17, 10, 18, 11], [9, 18, 10, 19], [7, 17, 8, 16], [3, 20, 4, 21], [21, 14, 22, 15], [13, 5, 14, 4], [1, 7, 2, 6], [5, 1, 6, 22], [15, 2, 16, 3], [11, 9, 12, 8], [19, 13, 20, 12]]"
11a_81_75,"[[19, 13, 20, 12], [17, 10, 18, 11], [9, 18, 10, 19], [7, 17, 8, 16], [3, 20, 4, 21], [21, 14, 22, 15], [13, 5, 14, 4], [1, 7, 2, 6], [5, 1, 6, 22], [15, 2, 16, 3], [11, 9, 12, 8]]"
11a_81_76,"[[11, 9, 12, 8], [19, 13, 20, 12], [17, 10, 18, 11], [9, 18, 10, 19], [7, 17, 8, 16], [3, 20, 4, 21], [21, 14, 22, 15], [13, 5, 14, 4], [1, 7, 2, 6], [5, 1, 6, 22], [15, 2, 16, 3]]"
11a_81_77,"[[16, 3, 17, 4], [12, 10, 13, 9], [20, 14, 21, 13], [18, 11, 19, 12], [10, 19, 11, 20], [8, 18, 9, 17], [4, 21, 5, 22], [22, 15, 1, 16], [14, 6, 15, 5], [2, 8, 3, 7], [6, 2, 7, 1]]"
11a_81_78,"[[6, 2, 7, 1], [16, 3, 17, 4], [12, 10, 13, 9], [20, 14, 21, 13], [18, 11, 19, 12], [10, 19, 11, 20], [8, 18, 9, 17], [4, 21, 5, 22], [22, 15, 1, 16], [14, 6, 15, 5], [2, 8, 3, 7]]"
11a_81_79,"[[2, 8, 3, 7], [6, 2, 7, 1], [16, 3, 17, 4], [12, 10, 13, 9], [20, 14, 21, 13], [18, 11, 19, 12], [10, 19, 11, 20], [8, 18, 9, 17], [4, 21, 5, 22], [22, 15, 1, 16], [14, 6, 15, 5]]"
11a_81_80,"[[14, 6, 15, 5], [2, 8, 3, 7], [6, 2, 7, 1], [16, 3, 17, 4], [12, 10, 13, 9], [20, 14, 21, 13], [18, 11, 19, 12], [10, 19, 11, 20], [8, 18, 9, 17], [4, 21, 5, 22], [22, 15, 1, 16]]"
11a_81_81,"[[22, 15, 1, 16], [14, 6, 15, 5], [2, 8, 3, 7], [6, 2, 7, 1], [16, 3, 17, 4], [12, 10, 13, 9], [20, 14, 21, 13], [18, 11, 19, 12], [10, 19, 11, 20], [8, 18, 9, 17], [4, 21, 5, 22]]"
11a_81_82,"[[4, 21, 5, 22], [22, 15, 1, 16], [14, 6, 15, 5], [2, 8, 3, 7], [6, 2, 7, 1], [16, 3, 17, 4], [12, 10, 13, 9], [20, 14, 21, 13], [18, 11, 19, 12], [10, 19, 11, 20], [8, 18, 9, 17]]"
11a_81_83,"[[8, 18, 9, 17], [4, 21, 5, 22], [22, 15, 1, 16], [14, 6, 15, 5], [2, 8, 3, 7], [6, 2, 7, 1], [16, 3, 17, 4], [12, 10, 13, 9], [20, 14, 21, 13], [18, 11, 19, 12], [10, 19, 11, 20]]"
11a_81_84,"[[10, 19, 11, 20], [8, 18, 9, 17], [4, 21, 5, 22], [22, 15, 1, 16], [14, 6, 15, 5], [2, 8, 3, 7], [6, 2, 7, 1], [16, 3, 17, 4], [12, 10, 13, 9], [20, 14, 21, 13], [18, 11, 19, 12]]"
11a_81_85,"[[18, 11, 19, 12], [10, 19, 11, 20], [8, 18, 9, 17], [4, 21, 5, 22], [22, 15, 1, 16], [14, 6, 15, 5], [2, 8, 3, 7], [6, 2, 7, 1], [16, 3, 17, 4], [12, 10, 13, 9], [20, 14, 21, 13]]"
11a_81_86,"[[20, 14, 21, 13], [18, 11, 19, 12], [10, 19, 11, 20], [8, 18, 9, 17], [4, 21, 5, 22], [22, 15, 1, 16], [14, 6, 15, 5], [2, 8, 3, 7], [6, 2, 7, 1], [16, 3, 17, 4], [12, 10, 13, 9]]"
11a_81_87,"[[12, 10, 13, 9], [20, 14, 21, 13], [18, 11, 19, 12], [10, 19, 11, 20], [8, 18, 9, 17], [4, 21, 5, 22], [22, 15, 1, 16], [14, 6, 15, 5], [2, 8, 3, 7], [6, 2, 7, 1], [16, 3, 17, 4]]"
11a_81_88,"[[17, 4, 18, 5], [13, 11, 14, 10], [21, 15, 22, 14], [19, 12, 20, 13], [11, 20, 12, 21], [9, 19, 10, 18], [5, 22, 6, 1], [1, 16, 2, 17], [15, 7, 16, 6], [3, 9, 4, 8], [7, 3, 8, 2]]"
11a_81_89,"[[7, 3, 8, 2], [17, 4, 18, 5], [13, 11, 14, 10], [21, 15, 22, 14], [19, 12, 20, 13], [11, 20, 12, 21], [9, 19, 10, 18], [5, 22, 6, 1], [1, 16, 2, 17], [15, 7, 16, 6], [3, 9, 4, 8]]"
11a_81_90,"[[3, 9, 4, 8], [7, 3, 8, 2], [17, 4, 18, 5], [13, 11, 14, 10], [21, 15, 22, 14], [19, 12, 20, 13], [11, 20, 12, 21], [9, 19, 10, 18], [5, 22, 6, 1], [1, 16, 2, 17], [15, 7, 16, 6]]"
11a_81_91,"[[15, 7, 16, 6], [3, 9, 4, 8], [7, 3, 8, 2], [17, 4, 18, 5], [13, 11, 14, 10], [21, 15, 22, 14], [19, 12, 20, 13], [11, 20, 12, 21], [9, 19, 10, 18], [5, 22, 6, 1], [1, 16, 2, 17]]"
11a_81_92,"[[1, 16, 2, 17], [15, 7, 16, 6], [3, 9, 4, 8], [7, 3, 8, 2], [17, 4, 18, 5], [13, 11, 14, 10], [21, 15, 22, 14], [19, 12, 20, 13], [11, 20, 12, 21], [9, 19, 10, 18], [5, 22, 6, 1]]"
11a_81_93,"[[5, 22, 6, 1], [1, 16, 2, 17], [15, 7, 16, 6], [3, 9, 4, 8], [7, 3, 8, 2], [17, 4, 18, 5], [13, 11, 14, 10], [21, 15, 22, 14], [19, 12, 20, 13], [11, 20, 12, 21], [9, 19, 10, 18]]"
11a_81_94,"[[9, 19, 10, 18], [5, 22, 6, 1], [1, 16, 2, 17], [15, 7, 16, 6], [3, 9, 4, 8], [7, 3, 8, 2], [17, 4, 18, 5], [13, 11, 14, 10], [21, 15, 22, 14], [19, 12, 20, 13], [11, 20, 12, 21]]"
11a_81_95,"[[11, 20, 12, 21], [9, 19, 10, 18], [5, 22, 6, 1], [1, 16, 2, 17], [15, 7, 16, 6], [3, 9, 4, 8], [7, 3, 8, 2], [17, 4, 18, 5], [13, 11, 14, 10], [21, 15, 22, 14], [19, 12, 20, 13]]"
11a_81_96,"[[19, 12, 20, 13], [11, 20, 12, 21], [9, 19, 10, 18], [5, 22, 6, 1], [1, 16, 2, 17], [15, 7, 16, 6], [3, 9, 4, 8], [7, 3, 8, 2], [17, 4, 18, 5], [13, 11, 14, 10], [21, 15, 22, 14]]"
11a_81_97,"[[21, 15, 22, 14], [19, 12, 20, 13], [11, 20, 12, 21], [9, 19, 10, 18], [5, 22, 6, 1], [1, 16, 2, 17], [15, 7, 16, 6], [3, 9, 4, 8], [7, 3, 8, 2], [17, 4, 18, 5], [13, 11, 14, 10]]"
11a_81_98,"[[13, 11, 14, 10], [21, 15, 22, 14], [19, 12, 20, 13], [11, 20, 12, 21], [9, 19, 10, 18], [5, 22, 6, 1], [1, 16, 2, 17], [15, 7, 16, 6], [3, 9, 4, 8], [7, 3, 8, 2], [17, 4, 18, 5]]"
11a_81_99,"[[18, 5, 19, 6], [14, 12, 15, 11], [22, 16, 1, 15], [20, 13, 21, 14], [12, 21, 13, 22], [10, 20, 11, 19], [6, 1, 7, 2], [2, 17, 3, 18], [16, 8, 17, 7], [4, 10, 5, 9], [8, 4, 9, 3]]"
11a_81_100,"[[8, 4, 9, 3], [18, 5, 19, 6], [14, 12, 15, 11], [22, 16, 1, 15], [20, 13, 21, 14], [12, 21, 13, 22], [10, 20, 11, 19], [6, 1, 7, 2], [2, 17, 3, 18], [16, 8, 17, 7], [4, 10, 5, 9]]"
11a_81_101,"[[4, 10, 5, 9], [8, 4, 9, 3], [18, 5, 19, 6], [14, 12, 15, 11], [22, 16, 1, 15], [20, 13, 21, 14], [12, 21, 13, 22], [10, 20, 11, 19], [6, 1, 7, 2], [2, 17, 3, 18], [16, 8, 17, 7]]"
11a_81_102,"[[16, 8, 17, 7], [4, 10, 5, 9], [8, 4, 9, 3], [18, 5, 19, 6], [14, 12, 15, 11], [22, 16, 1, 15], [20, 13, 21, 14], [12, 21, 13, 22], [10, 20, 11, 19], [6, 1, 7, 2], [2, 17, 3, 18]]"
11a_81_103,"[[2, 17, 3, 18], [16, 8, 17, 7], [4, 10, 5, 9], [8, 4, 9, 3], [18, 5, 19, 6], [14, 12, 15, 11], [22, 16, 1, 15], [20, 13, 21, 14], [12, 21, 13, 22], [10, 20, 11, 19], [6, 1, 7, 2]]"
11a_81_104,"[[6, 1, 7, 2], [2, 17, 3, 18], [16, 8, 17, 7], [4, 10, 5, 9], [8, 4, 9, 3], [18, 5, 19, 6], [14, 12, 15, 11], [22, 16, 1, 15], [20, 13, 21, 14], [12, 21, 13, 22], [10, 20, 11, 19]]"
11a_81_105,"[[10, 20, 11, 19], [6, 1, 7, 2], [2, 17, 3, 18], [16, 8, 17, 7], [4, 10, 5, 9], [8, 4, 9, 3], [18, 5, 19, 6], [14, 12, 15, 11], [22, 16, 1, 15], [20, 13, 21, 14], [12, 21, 13, 22]]"
11a_81_106,"[[12, 21, 13, 22], [10, 20, 11, 19], [6, 1, 7, 2], [2, 17, 3, 18], [16, 8, 17, 7], [4, 10, 5, 9], [8, 4, 9, 3], [18, 5, 19, 6], [14, 12, 15, 11], [22, 16, 1, 15], [20, 13, 21, 14]]"
11a_81_107,"[[20, 13, 21, 14], [12, 21, 13, 22], [10, 20, 11, 19], [6, 1, 7, 2], [2, 17, 3, 18], [16, 8, 17, 7], [4, 10, 5, 9], [8, 4, 9, 3], [18, 5, 19, 6], [14, 12, 15, 11], [22, 16, 1, 15]]"
11a_81_108,"[[22, 16, 1, 15], [20, 13, 21, 14], [12, 21, 13, 22], [10, 20, 11, 19], [6, 1, 7, 2], [2, 17, 3, 18], [16, 8, 17, 7], [4, 10, 5, 9], [8, 4, 9, 3], [18, 5, 19, 6], [14, 12, 15, 11]]"
11a_81_109,"[[14, 12, 15, 11], [22, 16, 1, 15], [20, 13, 21, 14], [12, 21, 13, 22], [10, 20, 11, 19], [6, 1, 7, 2], [2, 17, 3, 18], [16, 8, 17, 7], [4, 10, 5, 9], [8, 4, 9, 3], [18, 5, 19, 6]]"
11a_81_110,"[[19, 6, 20, 7], [15, 13, 16, 12], [1, 17, 2, 16], [21, 14, 22, 15], [13, 22, 14, 1], [11, 21, 12, 20], [7, 2, 8, 3], [3, 18, 4, 19], [17, 9, 18, 8], [5, 11, 6, 10], [9, 5, 10, 4]]"
11a_81_111,"[[9, 5, 10, 4], [19, 6, 20, 7], [15, 13, 16, 12], [1, 17, 2, 16], [21, 14, 22, 15], [13, 22, 14, 1], [11, 21, 12, 20], [7, 2, 8, 3], [3, 18, 4, 19], [17, 9, 18, 8], [5, 11, 6, 10]]"
11a_81_112,"[[5, 11, 6, 10], [9, 5, 10, 4], [19, 6, 20, 7], [15, 13, 16, 12], [1, 17, 2, 16], [21, 14, 22, 15], [13, 22, 14, 1], [11, 21, 12, 20], [7, 2, 8, 3], [3, 18, 4, 19], [17, 9, 18, 8]]"
11a_81_113,"[[17, 9, 18, 8], [5, 11, 6, 10], [9, 5, 10, 4], [19, 6, 20, 7], [15, 13, 16, 12], [1, 17, 2, 16], [21, 14, 22, 15], [13, 22, 14, 1], [11, 21, 12, 20], [7, 2, 8, 3], [3, 18, 4, 19]]"
11a_81_114,"[[3, 18, 4, 19], [17, 9, 18, 8], [5, 11, 6, 10], [9, 5, 10, 4], [19, 6, 20, 7], [15, 13, 16, 12], [1, 17, 2, 16], [21, 14, 22, 15], [13, 22, 14, 1], [11, 21, 12, 20], [7, 2, 8, 3]]"
11a_81_115,"[[7, 2, 8, 3], [3, 18, 4, 19], [17, 9, 18, 8], [5, 11, 6, 10], [9, 5, 10, 4], [19, 6, 20, 7], [15, 13, 16, 12], [1, 17, 2, 16], [21, 14, 22, 15], [13, 22, 14, 1], [11, 21, 12, 20]]"
11a_81_116,"[[11, 21, 12, 20], [7, 2, 8, 3], [3, 18, 4, 19], [17, 9, 18, 8], [5, 11, 6, 10], [9, 5, 10, 4], [19, 6, 20, 7], [15, 13, 16, 12], [1, 17, 2, 16], [21, 14, 22, 15], [13, 22, 14, 1]]"
11a_81_117,"[[13, 22, 14, 1], [11, 21, 12, 20], [7, 2, 8, 3], [3, 18, 4, 19], [17, 9, 18, 8], [5, 11, 6, 10], [9, 5, 10, 4], [19, 6, 20, 7], [15, 13, 16, 12], [1, 17, 2, 16], [21, 14, 22, 15]]"
11a_81_118,"[[21, 14, 22, 15], [13, 22, 14, 1], [11, 21, 12, 20], [7, 2, 8, 3], [3, 18, 4, 19], [17, 9, 18, 8], [5, 11, 6, 10], [9, 5, 10, 4], [19, 6, 20, 7], [15, 13, 16, 12], [1, 17, 2, 16]]"
11a_81_119,"[[1, 17, 2, 16], [21, 14, 22, 15], [13, 22, 14, 1], [11, 21, 12, 20], [7, 2, 8, 3], [3, 18, 4, 19], [17, 9, 18, 8], [5, 11, 6, 10], [9, 5, 10, 4], [19, 6, 20, 7], [15, 13, 16, 12]]"
11a_81_120,"[[15, 13, 16, 12], [1, 17, 2, 16], [21, 14, 22, 15], [13, 22, 14, 1], [11, 21, 12, 20], [7, 2, 8, 3], [3, 18, 4, 19], [17, 9, 18, 8], [5, 11, 6, 10], [9, 5, 10, 4], [19, 6, 20, 7]]"
11a_81_121,"[[20, 7, 21, 8], [16, 14, 17, 13], [2, 18, 3, 17], [22, 15, 1, 16], [14, 1, 15, 2], [12, 22, 13, 21], [8, 3, 9, 4], [4, 19, 5, 20], [18, 10, 19, 9], [6, 12, 7, 11], [10, 6, 11, 5]]"
11a_81_122,"[[10, 6, 11, 5], [20, 7, 21, 8], [16, 14, 17, 13], [2, 18, 3, 17], [22, 15, 1, 16], [14, 1, 15, 2], [12, 22, 13, 21], [8, 3, 9, 4], [4, 19, 5, 20], [18, 10, 19, 9], [6, 12, 7, 11]]"
11a_81_123,"[[6, 12, 7, 11], [10, 6, 11, 5], [20, 7, 21, 8], [16, 14, 17, 13], [2, 18, 3, 17], [22, 15, 1, 16], [14, 1, 15, 2], [12, 22, 13, 21], [8, 3, 9, 4], [4, 19, 5, 20], [18, 10, 19, 9]]"
11a_81_124,"[[18, 10, 19, 9], [6, 12, 7, 11], [10, 6, 11, 5], [20, 7, 21, 8], [16, 14, 17, 13], [2, 18, 3, 17], [22, 15, 1, 16], [14, 1, 15, 2], [12, 22, 13, 21], [8, 3, 9, 4], [4, 19, 5, 20]]"
11a_81_125,"[[4, 19, 5, 20], [18, 10, 19, 9], [6, 12, 7, 11], [10, 6, 11, 5], [20, 7, 21, 8], [16, 14, 17, 13], [2, 18, 3, 17], [22, 15, 1, 16], [14, 1, 15, 2], [12, 22, 13, 21], [8, 3, 9, 4]]"
11a_81_126,"[[8, 3, 9, 4], [4, 19, 5, 20], [18, 10, 19, 9], [6, 12, 7, 11], [10, 6, 11, 5], [20, 7, 21, 8], [16, 14, 17, 13], [2, 18, 3, 17], [22, 15, 1, 16], [14, 1, 15, 2], [12, 22, 13, 21]]"
11a_81_127,"[[12, 22, 13, 21], [8, 3, 9, 4], [4, 19, 5, 20], [18, 10, 19, 9], [6, 12, 7, 11], [10, 6, 11, 5], [20, 7, 21, 8], [16, 14, 17, 13], [2, 18, 3, 17], [22, 15, 1, 16], [14, 1, 15, 2]]"
11a_81_128,"[[14, 1, 15, 2], [12, 22, 13, 21], [8, 3, 9, 4], [4, 19, 5, 20], [18, 10, 19, 9], [6, 12, 7, 11], [10, 6, 11, 5], [20, 7, 21, 8], [16, 14, 17, 13], [2, 18, 3, 17], [22, 15, 1, 16]]"
11a_81_129,"[[22, 15, 1, 16], [14, 1, 15, 2], [12, 22, 13, 21], [8, 3, 9, 4], [4, 19, 5, 20], [18, 10, 19, 9], [6, 12, 7, 11], [10, 6, 11, 5], [20, 7, 21, 8], [16, 14, 17, 13], [2, 18, 3, 17]]"
11a_81_130,"[[2, 18, 3, 17], [22, 15, 1, 16], [14, 1, 15, 2], [12, 22, 13, 21], [8, 3, 9, 4], [4, 19, 5, 20], [18, 10, 19, 9], [6, 12, 7, 11], [10, 6, 11, 5], [20, 7, 21, 8], [16, 14, 17, 13]]"
11a_81_131,"[[16, 14, 17, 13], [2, 18, 3, 17], [22, 15, 1, 16], [14, 1, 15, 2], [12, 22, 13, 21], [8, 3, 9, 4], [4, 19, 5, 20], [18, 10, 19, 9], [6, 12, 7, 11], [10, 6, 11, 5], [20, 7, 21, 8]]"
11a_81_132,"[[21, 8, 22, 9], [17, 15, 18, 14], [3, 19, 4, 18], [1, 16, 2, 17], [15, 2, 16, 3], [13, 1, 14, 22], [9, 4, 10, 5], [5, 20, 6, 21], [19, 11, 20, 10], [7, 13, 8, 12], [11, 7, 12, 6]]"
11a_81_133,"[[11, 7, 12, 6], [21, 8, 22, 9], [17, 15, 18, 14], [3, 19, 4, 18], [1, 16, 2, 17], [15, 2, 16, 3], [13, 1, 14, 22], [9, 4, 10, 5], [5, 20, 6, 21], [19, 11, 20, 10], [7, 13, 8, 12]]"
11a_81_134,"[[7, 13, 8, 12], [11, 7, 12, 6], [21, 8, 22, 9], [17, 15, 18, 14], [3, 19, 4, 18], [1, 16, 2, 17], [15, 2, 16, 3], [13, 1, 14, 22], [9, 4, 10, 5], [5, 20, 6, 21], [19, 11, 20, 10]]"
11a_81_135,"[[19, 11, 20, 10], [7, 13, 8, 12], [11, 7, 12, 6], [21, 8, 22, 9], [17, 15, 18, 14], [3, 19, 4, 18], [1, 16, 2, 17], [15, 2, 16, 3], [13, 1, 14, 22], [9, 4, 10, 5], [5, 20, 6, 21]]"
11a_81_136,"[[5, 20, 6, 21], [19, 11, 20, 10], [7, 13, 8, 12], [11, 7, 12, 6], [21, 8, 22, 9], [17, 15, 18, 14], [3, 19, 4, 18], [1, 16, 2, 17], [15, 2, 16, 3], [13, 1, 14, 22], [9, 4, 10, 5]]"
11a_81_137,"[[9, 4, 10, 5], [5, 20, 6, 21], [19, 11, 20, 10], [7, 13, 8, 12], [11, 7, 12, 6], [21, 8, 22, 9], [17, 15, 18, 14], [3, 19, 4, 18], [1, 16, 2, 17], [15, 2, 16, 3], [13, 1, 14, 22]]"
11a_81_138,"[[13, 1, 14, 22], [9, 4, 10, 5], [5, 20, 6, 21], [19, 11, 20, 10], [7, 13, 8, 12], [11, 7, 12, 6], [21, 8, 22, 9], [17, 15, 18, 14], [3, 19, 4, 18], [1, 16, 2, 17], [15, 2, 16, 3]]"
11a_81_139,"[[15, 2, 16, 3], [13, 1, 14, 22], [9, 4, 10, 5], [5, 20, 6, 21], [19, 11, 20, 10], [7, 13, 8, 12], [11, 7, 12, 6], [21, 8, 22, 9], [17, 15, 18, 14], [3, 19, 4, 18], [1, 16, 2, 17]]"
11a_81_140,"[[1, 16, 2, 17], [15, 2, 16, 3], [13, 1, 14, 22], [9, 4, 10, 5], [5, 20, 6, 21], [19, 11, 20, 10], [7, 13, 8, 12], [11, 7, 12, 6], [21, 8, 22, 9], [17, 15, 18, 14], [3, 19, 4, 18]]"
11a_81_141,"[[3, 19, 4, 18], [1, 16, 2, 17], [15, 2, 16, 3], [13, 1, 14, 22], [9, 4, 10, 5], [5, 20, 6, 21], [19, 11, 20, 10], [7, 13, 8, 12], [11, 7, 12, 6], [21, 8, 22, 9], [17, 15, 18, 14]]"
11a_81_142,"[[17, 15, 18, 14], [3, 19, 4, 18], [1, 16, 2, 17], [15, 2, 16, 3], [13, 1, 14, 22], [9, 4, 10, 5], [5, 20, 6, 21], [19, 11, 20, 10], [7, 13, 8, 12], [11, 7, 12, 6], [21, 8, 22, 9]]"
11a_81_143,"[[22, 9, 1, 10], [18, 16, 19, 15], [4, 20, 5, 19], [2, 17, 3, 18], [16, 3, 17, 4], [14, 2, 15, 1], [10, 5, 11, 6], [6, 21, 7, 22], [20, 12, 21, 11], [8, 14, 9, 13], [12, 8, 13, 7]]"
11a_81_144,"[[12, 8, 13, 7], [22, 9, 1, 10], [18, 16, 19, 15], [4, 20, 5, 19], [2, 17, 3, 18], [16, 3, 17, 4], [14, 2, 15, 1], [10, 5, 11, 6], [6, 21, 7, 22], [20, 12, 21, 11], [8, 14, 9, 13]]"
11a_81_145,"[[8, 14, 9, 13], [12, 8, 13, 7], [22, 9, 1, 10], [18, 16, 19, 15], [4, 20, 5, 19], [2, 17, 3, 18], [16, 3, 17, 4], [14, 2, 15, 1], [10, 5, 11, 6], [6, 21, 7, 22], [20, 12, 21, 11]]"
11a_81_146,"[[20, 12, 21, 11], [8, 14, 9, 13], [12, 8, 13, 7], [22, 9, 1, 10], [18, 16, 19, 15], [4, 20, 5, 19], [2, 17, 3, 18], [16, 3, 17, 4], [14, 2, 15, 1], [10, 5, 11, 6], [6, 21, 7, 22]]"
11a_81_147,"[[6, 21, 7, 22], [20, 12, 21, 11], [8, 14, 9, 13], [12, 8, 13, 7], [22, 9, 1, 10], [18, 16, 19, 15], [4, 20, 5, 19], [2, 17, 3, 18], [16, 3, 17, 4], [14, 2, 15, 1], [10, 5, 11, 6]]"
11a_81_148,"[[10, 5, 11, 6], [6, 21, 7, 22], [20, 12, 21, 11], [8, 14, 9, 13], [12, 8, 13, 7], [22, 9, 1, 10], [18, 16, 19, 15], [4, 20, 5, 19], [2, 17, 3, 18], [16, 3, 17, 4], [14, 2, 15, 1]]"
11a_81_149,"[[14, 2, 15, 1], [10, 5, 11, 6], [6, 21, 7, 22], [20, 12, 21, 11], [8, 14, 9, 13], [12, 8, 13, 7], [22, 9, 1, 10], [18, 16, 19, 15], [4, 20, 5, 19], [2, 17, 3, 18], [16, 3, 17, 4]]"
11a_81_150,"[[16, 3, 17, 4], [14, 2, 15, 1], [10, 5, 11, 6], [6, 21, 7, 22], [20, 12, 21, 11], [8, 14, 9, 13], [12, 8, 13, 7], [22, 9, 1, 10], [18, 16, 19, 15], [4, 20, 5, 19], [2, 17, 3, 18]]"
11a_81_151,"[[2, 17, 3, 18], [16, 3, 17, 4], [14, 2, 15, 1], [10, 5, 11, 6], [6, 21, 7, 22], [20, 12, 21, 11], [8, 14, 9, 13], [12, 8, 13, 7], [22, 9, 1, 10], [18, 16, 19, 15], [4, 20, 5, 19]]"
11a_81_152,"[[4, 20, 5, 19], [2, 17, 3, 18], [16, 3, 17, 4], [14, 2, 15, 1], [10, 5, 11, 6], [6, 21, 7, 22], [20, 12, 21, 11], [8, 14, 9, 13], [12, 8, 13, 7], [22, 9, 1, 10], [18, 16, 19, 15]]"
11a_81_153,"[[18, 16, 19, 15], [4, 20, 5, 19], [2, 17, 3, 18], [16, 3, 17, 4], [14, 2, 15, 1], [10, 5, 11, 6], [6, 21, 7, 22], [20, 12, 21, 11], [8, 14, 9, 13], [12, 8, 13, 7], [22, 9, 1, 10]]"
11a_81_154,"[[1, 10, 2, 11], [19, 17, 20, 16], [5, 21, 6, 20], [3, 18, 4, 19], [17, 4, 18, 5], [15, 3, 16, 2], [11, 6, 12, 7], [7, 22, 8, 1], [21, 13, 22, 12], [9, 15, 10, 14], [13, 9, 14, 8]]"
11a_81_155,"[[13, 9, 14, 8], [1, 10, 2, 11], [19, 17, 20, 16], [5, 21, 6, 20], [3, 18, 4, 19], [17, 4, 18, 5], [15, 3, 16, 2], [11, 6, 12, 7], [7, 22, 8, 1], [21, 13, 22, 12], [9, 15, 10, 14]]"
11a_81_156,"[[9, 15, 10, 14], [13, 9, 14, 8], [1, 10, 2, 11], [19, 17, 20, 16], [5, 21, 6, 20], [3, 18, 4, 19], [17, 4, 18, 5], [15, 3, 16, 2], [11, 6, 12, 7], [7, 22, 8, 1], [21, 13, 22, 12]]"
11a_81_157,"[[21, 13, 22, 12], [9, 15, 10, 14], [13, 9, 14, 8], [1, 10, 2, 11], [19, 17, 20, 16], [5, 21, 6, 20], [3, 18, 4, 19], [17, 4, 18, 5], [15, 3, 16, 2], [11, 6, 12, 7], [7, 22, 8, 1]]"
11a_81_158,"[[7, 22, 8, 1], [21, 13, 22, 12], [9, 15, 10, 14], [13, 9, 14, 8], [1, 10, 2, 11], [19, 17, 20, 16], [5, 21, 6, 20], [3, 18, 4, 19], [17, 4, 18, 5], [15, 3, 16, 2], [11, 6, 12, 7]]"
11a_81_159,"[[11, 6, 12, 7], [7, 22, 8, 1], [21, 13, 22, 12], [9, 15, 10, 14], [13, 9, 14, 8], [1, 10, 2, 11], [19, 17, 20, 16], [5, 21, 6, 20], [3, 18, 4, 19], [17, 4, 18, 5], [15, 3, 16, 2]]"
11a_81_160,"[[15, 3, 16, 2], [11, 6, 12, 7], [7, 22, 8, 1], [21, 13, 22, 12], [9, 15, 10, 14], [13, 9, 14, 8], [1, 10, 2, 11], [19, 17, 20, 16], [5, 21, 6, 20], [3, 18, 4, 19], [17, 4, 18, 5]]"
11a_81_161,"[[17, 4, 18, 5], [15, 3, 16, 2], [11, 6, 12, 7], [7, 22, 8, 1], [21, 13, 22, 12], [9, 15, 10, 14], [13, 9, 14, 8], [1, 10, 2, 11], [19, 17, 20, 16], [5, 21, 6, 20], [3, 18, 4, 19]]"
11a_81_162,"[[3, 18, 4, 19], [17, 4, 18, 5], [15, 3, 16, 2], [11, 6, 12, 7], [7, 22, 8, 1], [21, 13, 22, 12], [9, 15, 10, 14], [13, 9, 14, 8], [1, 10, 2, 11], [19, 17, 20, 16], [5, 21, 6, 20]]"
11a_81_163,"[[5, 21, 6, 20], [3, 18, 4, 19], [17, 4, 18, 5], [15, 3, 16, 2], [11, 6, 12, 7], [7, 22, 8, 1], [21, 13, 22, 12], [9, 15, 10, 14], [13, 9, 14, 8], [1, 10, 2, 11], [19, 17, 20, 16]]"
11a_81_164,"[[19, 17, 20, 16], [5, 21, 6, 20], [3, 18, 4, 19], [17, 4, 18, 5], [15, 3, 16, 2], [11, 6, 12, 7], [7, 22, 8, 1], [21, 13, 22, 12], [9, 15, 10, 14], [13, 9, 14, 8], [1, 10, 2, 11]]"
11a_81_165,"[[2, 11, 3, 12], [20, 18, 21, 17], [6, 22, 7, 21], [4, 19, 5, 20], [18, 5, 19, 6], [16, 4, 17, 3], [12, 7, 13, 8], [8, 1, 9, 2], [22, 14, 1, 13], [10, 16, 11, 15], [14, 10, 15, 9]]"
11a_81_166,"[[14, 10, 15, 9], [2, 11, 3, 12], [20, 18, 21, 17], [6, 22, 7, 21], [4, 19, 5, 20], [18, 5, 19, 6], [16, 4, 17, 3], [12, 7, 13, 8], [8, 1, 9, 2], [22, 14, 1, 13], [10, 16, 11, 15]]"
11a_81_167,"[[10, 16, 11, 15], [14, 10, 15, 9], [2, 11, 3, 12], [20, 18, 21, 17], [6, 22, 7, 21], [4, 19, 5, 20], [18, 5, 19, 6], [16, 4, 17, 3], [12, 7, 13, 8], [8, 1, 9, 2], [22, 14, 1, 13]]"
11a_81_168,"[[22, 14, 1, 13], [10, 16, 11, 15], [14, 10, 15, 9], [2, 11, 3, 12], [20, 18, 21, 17], [6, 22, 7, 21], [4, 19, 5, 20], [18, 5, 19, 6], [16, 4, 17, 3], [12, 7, 13, 8], [8, 1, 9, 2]]"
11a_81_169,"[[8, 1, 9, 2], [22, 14, 1, 13], [10, 16, 11, 15], [14, 10, 15, 9], [2, 11, 3, 12], [20, 18, 21, 17], [6, 22, 7, 21], [4, 19, 5, 20], [18, 5, 19, 6], [16, 4, 17, 3], [12, 7, 13, 8]]"
11a_81_170,"[[12, 7, 13, 8], [8, 1, 9, 2], [22, 14, 1, 13], [10, 16, 11, 15], [14, 10, 15, 9], [2, 11, 3, 12], [20, 18, 21, 17], [6, 22, 7, 21], [4, 19, 5, 20], [18, 5, 19, 6], [16, 4, 17, 3]]"
11a_81_171,"[[16, 4, 17, 3], [12, 7, 13, 8], [8, 1, 9, 2], [22, 14, 1, 13], [10, 16, 11, 15], [14, 10, 15, 9], [2, 11, 3, 12], [20, 18, 21, 17], [6, 22, 7, 21], [4, 19, 5, 20], [18, 5, 19, 6]]"
11a_81_172,"[[18, 5, 19, 6], [16, 4, 17, 3], [12, 7, 13, 8], [8, 1, 9, 2], [22, 14, 1, 13], [10, 16, 11, 15], [14, 10, 15, 9], [2, 11, 3, 12], [20, 18, 21, 17], [6, 22, 7, 21], [4, 19, 5, 20]]"
11a_81_173,"[[4, 19, 5, 20], [18, 5, 19, 6], [16, 4, 17, 3], [12, 7, 13, 8], [8, 1, 9, 2], [22, 14, 1, 13], [10, 16, 11, 15], [14, 10, 15, 9], [2, 11, 3, 12], [20, 18, 21, 17], [6, 22, 7, 21]]"
11a_81_174,"[[6, 22, 7, 21], [4, 19, 5, 20], [18, 5, 19, 6], [16, 4, 17, 3], [12, 7, 13, 8], [8, 1, 9, 2], [22, 14, 1, 13], [10, 16, 11, 15], [14, 10, 15, 9], [2, 11, 3, 12], [20, 18, 21, 17]]"
11a_81_175,"[[20, 18, 21, 17], [6, 22, 7, 21], [4, 19, 5, 20], [18, 5, 19, 6], [16, 4, 17, 3], [12, 7, 13, 8], [8, 1, 9, 2], [22, 14, 1, 13], [10, 16, 11, 15], [14, 10, 15, 9], [2, 11, 3, 12]]"
11a_81_176,"[[3, 12, 4, 13], [21, 19, 22, 18], [7, 1, 8, 22], [5, 20, 6, 21], [19, 6, 20, 7], [17, 5, 18, 4], [13, 8, 14, 9], [9, 2, 10, 3], [1, 15, 2, 14], [11, 17, 12, 16], [15, 11, 16, 10]]"
11a_81_177,"[[15, 11, 16, 10], [3, 12, 4, 13], [21, 19, 22, 18], [7, 1, 8, 22], [5, 20, 6, 21], [19, 6, 20, 7], [17, 5, 18, 4], [13, 8, 14, 9], [9, 2, 10, 3], [1, 15, 2, 14], [11, 17, 12, 16]]"
11a_81_178,"[[11, 17, 12, 16], [15, 11, 16, 10], [3, 12, 4, 13], [21, 19, 22, 18], [7, 1, 8, 22], [5, 20, 6, 21], [19, 6, 20, 7], [17, 5, 18, 4], [13, 8, 14, 9], [9, 2, 10, 3], [1, 15, 2, 14]]"
11a_81_179,"[[1, 15, 2, 14], [11, 17, 12, 16], [15, 11, 16, 10], [3, 12, 4, 13], [21, 19, 22, 18], [7, 1, 8, 22], [5, 20, 6, 21], [19, 6, 20, 7], [17, 5, 18, 4], [13, 8, 14, 9], [9, 2, 10, 3]]"
11a_81_180,"[[9, 2, 10, 3], [1, 15, 2, 14], [11, 17, 12, 16], [15, 11, 16, 10], [3, 12, 4, 13], [21, 19, 22, 18], [7, 1, 8, 22], [5, 20, 6, 21], [19, 6, 20, 7], [17, 5, 18, 4], [13, 8, 14, 9]]"
11a_81_181,"[[13, 8, 14, 9], [9, 2, 10, 3], [1, 15, 2, 14], [11, 17, 12, 16], [15, 11, 16, 10], [3, 12, 4, 13], [21, 19, 22, 18], [7, 1, 8, 22], [5, 20, 6, 21], [19, 6, 20, 7], [17, 5, 18, 4]]"
11a_81_182,"[[17, 5, 18, 4], [13, 8, 14, 9], [9, 2, 10, 3], [1, 15, 2, 14], [11, 17, 12, 16], [15, 11, 16, 10], [3, 12, 4, 13], [21, 19, 22, 18], [7, 1, 8, 22], [5, 20, 6, 21], [19, 6, 20, 7]]"
11a_81_183,"[[19, 6, 20, 7], [17, 5, 18, 4], [13, 8, 14, 9], [9, 2, 10, 3], [1, 15, 2, 14], [11, 17, 12, 16], [15, 11, 16, 10], [3, 12, 4, 13], [21, 19, 22, 18], [7, 1, 8, 22], [5, 20, 6, 21]]"
11a_81_184,"[[5, 20, 6, 21], [19, 6, 20, 7], [17, 5, 18, 4], [13, 8, 14, 9], [9, 2, 10, 3], [1, 15, 2, 14], [11, 17, 12, 16], [15, 11, 16, 10], [3, 12, 4, 13], [21, 19, 22, 18], [7, 1, 8, 22]]"
11a_81_185,"[[7, 1, 8, 22], [5, 20, 6, 21], [19, 6, 20, 7], [17, 5, 18, 4], [13, 8, 14, 9], [9, 2, 10, 3], [1, 15, 2, 14], [11, 17, 12, 16], [15, 11, 16, 10], [3, 12, 4, 13], [21, 19, 22, 18]]"
11a_81_186,"[[21, 19, 22, 18], [7, 1, 8, 22], [5, 20, 6, 21], [19, 6, 20, 7], [17, 5, 18, 4], [13, 8, 14, 9], [9, 2, 10, 3], [1, 15, 2, 14], [11, 17, 12, 16], [15, 11, 16, 10], [3, 12, 4, 13]]"
11a_81_187,"[[4, 13, 5, 14], [22, 20, 1, 19], [8, 2, 9, 1], [6, 21, 7, 22], [20, 7, 21, 8], [18, 6, 19, 5], [14, 9, 15, 10], [10, 3, 11, 4], [2, 16, 3, 15], [12, 18, 13, 17], [16, 12, 17, 11]]"
11a_81_188,"[[16, 12, 17, 11], [4, 13, 5, 14], [22, 20, 1, 19], [8, 2, 9, 1], [6, 21, 7, 22], [20, 7, 21, 8], [18, 6, 19, 5], [14, 9, 15, 10], [10, 3, 11, 4], [2, 16, 3, 15], [12, 18, 13, 17]]"
11a_81_189,"[[12, 18, 13, 17], [16, 12, 17, 11], [4, 13, 5, 14], [22, 20, 1, 19], [8, 2, 9, 1], [6, 21, 7, 22], [20, 7, 21, 8], [18, 6, 19, 5], [14, 9, 15, 10], [10, 3, 11, 4], [2, 16, 3, 15]]"
11a_81_190,"[[2, 16, 3, 15], [12, 18, 13, 17], [16, 12, 17, 11], [4, 13, 5, 14], [22, 20, 1, 19], [8, 2, 9, 1], [6, 21, 7, 22], [20, 7, 21, 8], [18, 6, 19, 5], [14, 9, 15, 10], [10, 3, 11, 4]]"
11a_81_191,"[[10, 3, 11, 4], [2, 16, 3, 15], [12, 18, 13, 17], [16, 12, 17, 11], [4, 13, 5, 14], [22, 20, 1, 19], [8, 2, 9, 1], [6, 21, 7, 22], [20, 7, 21, 8], [18, 6, 19, 5], [14, 9, 15, 10]]"
11a_81_192,"[[14, 9, 15, 10], [10, 3, 11, 4], [2, 16, 3, 15], [12, 18, 13, 17], [16, 12, 17, 11], [4, 13, 5, 14], [22, 20, 1, 19], [8, 2, 9, 1], [6, 21, 7, 22], [20, 7, 21, 8], [18, 6, 19, 5]]"
11a_81_193,"[[18, 6, 19, 5], [14, 9, 15, 10], [10, 3, 11, 4], [2, 16, 3, 15], [12, 18, 13, 17], [16, 12, 17, 11], [4, 13, 5, 14], [22, 20, 1, 19], [8, 2, 9, 1], [6, 21, 7, 22], [20, 7, 21, 8]]"
11a_81_194,"[[20, 7, 21, 8], [18, 6, 19, 5], [14, 9, 15, 10], [10, 3, 11, 4], [2, 16, 3, 15], [12, 18, 13, 17], [16, 12, 17, 11], [4, 13, 5, 14], [22, 20, 1, 19], [8, 2, 9, 1], [6, 21, 7, 22]]"
11a_81_195,"[[6, 21, 7, 22], [20, 7, 21, 8], [18, 6, 19, 5], [14, 9, 15, 10], [10, 3, 11, 4], [2, 16, 3, 15], [12, 18, 13, 17], [16, 12, 17, 11], [4, 13, 5, 14], [22, 20, 1, 19], [8, 2, 9, 1]]"
11a_81_196,"[[8, 2, 9, 1], [6, 21, 7, 22], [20, 7, 21, 8], [18, 6, 19, 5], [14, 9, 15, 10], [10, 3, 11, 4], [2, 16, 3, 15], [12, 18, 13, 17], [16, 12, 17, 11], [4, 13, 5, 14], [22, 20, 1, 19]]"
11a_81_197,"[[22, 20, 1, 19], [8, 2, 9, 1], [6, 21, 7, 22], [20, 7, 21, 8], [18, 6, 19, 5], [14, 9, 15, 10], [10, 3, 11, 4], [2, 16, 3, 15], [12, 18, 13, 17], [16, 12, 17, 11], [4, 13, 5, 14]]"
11a_81_198,"[[5, 14, 6, 15], [1, 21, 2, 20], [9, 3, 10, 2], [7, 22, 8, 1], [21, 8, 22, 9], [19, 7, 20, 6], [15, 10, 16, 11], [11, 4, 12, 5], [3, 17, 4, 16], [13, 19, 14, 18], [17, 13, 18, 12]]"
11a_81_199,"[[17, 13, 18, 12], [5, 14, 6, 15], [1, 21, 2, 20], [9, 3, 10, 2], [7, 22, 8, 1], [21, 8, 22, 9], [19, 7, 20, 6], [15, 10, 16, 11], [11, 4, 12, 5], [3, 17, 4, 16], [13, 19, 14, 18]]"
11a_81_200,"[[13, 19, 14, 18], [17, 13, 18, 12], [5, 14, 6, 15], [1, 21, 2, 20], [9, 3, 10, 2], [7, 22, 8, 1], [21, 8, 22, 9], [19, 7, 20, 6], [15, 10, 16, 11], [11, 4, 12, 5], [3, 17, 4, 16]]"
11a_81_201,"[[3, 17, 4, 16], [13, 19, 14, 18], [17, 13, 18, 12], [5, 14, 6, 15], [1, 21, 2, 20], [9, 3, 10, 2], [7, 22, 8, 1], [21, 8, 22, 9], [19, 7, 20, 6], [15, 10, 16, 11], [11, 4, 12, 5]]"
11a_81_202,"[[11, 4, 12, 5], [3, 17, 4, 16], [13, 19, 14, 18], [17, 13, 18, 12], [5, 14, 6, 15], [1, 21, 2, 20], [9, 3, 10, 2], [7, 22, 8, 1], [21, 8, 22, 9], [19, 7, 20, 6], [15, 10, 16, 11]]"
11a_81_203,"[[15, 10, 16, 11], [11, 4, 12, 5], [3, 17, 4, 16], [13, 19, 14, 18], [17, 13, 18, 12], [5, 14, 6, 15], [1, 21, 2, 20], [9, 3, 10, 2], [7, 22, 8, 1], [21, 8, 22, 9], [19, 7, 20, 6]]"
11a_81_204,"[[19, 7, 20, 6], [15, 10, 16, 11], [11, 4, 12, 5], [3, 17, 4, 16], [13, 19, 14, 18], [17, 13, 18, 12], [5, 14, 6, 15], [1, 21, 2, 20], [9, 3, 10, 2], [7, 22, 8, 1], [21, 8, 22, 9]]"
