name,pd_notation
11a_163_0,"[[13, 21, 14, 20], [5, 3, 6, 2], [15, 9, 16, 8], [11, 4, 12, 5], [3, 12, 4, 13], [1, 18, 2, 19], [19, 6, 20, 7], [7, 22, 8, 1], [17, 11, 18, 10], [21, 15, 22, 14], [9, 17, 10, 16]]"
11a_163_1,"[[9, 17, 10, 16], [13, 21, 14, 20], [5, 3, 6, 2], [15, 9, 16, 8], [11, 4, 12, 5], [3, 12, 4, 13], [1, 18, 2, 19], [19, 6, 20, 7], [7, 22, 8, 1], [17, 11, 18, 10], [21, 15, 22, 14]]"
11a_163_2,"[[21, 15, 22, 14], [9, 17, 10, 16], [13, 21, 14, 20], [5, 3, 6, 2], [15, 9, 16, 8], [11, 4, 12, 5], [3, 12, 4, 13], [1, 18, 2, 19], [19, 6, 20, 7], [7, 22, 8, 1], [17, 11, 18, 10]]"
11a_163_3,"[[17, 11, 18, 10], [21, 15, 22, 14], [9, 17, 10, 16], [13, 21, 14, 20], [5, 3, 6, 2], [15, 9, 16, 8], [11, 4, 12, 5], [3, 12, 4, 13], [1, 18, 2, 19], [19, 6, 20, 7], [7, 22, 8, 1]]"
11a_163_4,"[[7, 22, 8, 1], [17, 11, 18, 10], [21, 15, 22, 14], [9, 17, 10, 16], [13, 21, 14, 20], [5, 3, 6, 2], [15, 9, 16, 8], [11, 4, 12, 5], [3, 12, 4, 13], [1, 18, 2, 19], [19, 6, 20, 7]]"
11a_163_5,"[[19, 6, 20, 7], [7, 22, 8, 1], [17, 11, 18, 10], [21, 15, 22, 14], [9, 17, 10, 16], [13, 21, 14, 20], [5, 3, 6, 2], [15, 9, 16, 8], [11, 4, 12, 5], [3, 12, 4, 13], [1, 18, 2, 19]]"
11a_163_6,"[[1, 18, 2, 19], [19, 6, 20, 7], [7, 22, 8, 1], [17, 11, 18, 10], [21, 15, 22, 14], [9, 17, 10, 16], [13, 21, 14, 20], [5, 3, 6, 2], [15, 9, 16, 8], [11, 4, 12, 5], [3, 12, 4, 13]]"
11a_163_7,"[[3, 12, 4, 13], [1, 18, 2, 19], [19, 6, 20, 7], [7, 22, 8, 1], [17, 11, 18, 10], [21, 15, 22, 14], [9, 17, 10, 16], [13, 21, 14, 20], [5, 3, 6, 2], [15, 9, 16, 8], [11, 4, 12, 5]]"
11a_163_8,"[[11, 4, 12, 5], [3, 12, 4, 13], [1, 18, 2, 19], [19, 6, 20, 7], [7, 22, 8, 1], [17, 11, 18, 10], [21, 15, 22, 14], [9, 17, 10, 16], [13, 21, 14, 20], [5, 3, 6, 2], [15, 9, 16, 8]]"
11a_163_9,"[[15, 9, 16, 8], [11, 4, 12, 5], [3, 12, 4, 13], [1, 18, 2, 19], [19, 6, 20, 7], [7, 22, 8, 1], [17, 11, 18, 10], [21, 15, 22, 14], [9, 17, 10, 16], [13, 21, 14, 20], [5, 3, 6, 2]]"
11a_163_10,"[[5, 3, 6, 2], [15, 9, 16, 8], [11, 4, 12, 5], [3, 12, 4, 13], [1, 18, 2, 19], [19, 6, 20, 7], [7, 22, 8, 1], [17, 11, 18, 10], [21, 15, 22, 14], [9, 17, 10, 16], [13, 21, 14, 20]]"
11a_163_11,"[[14, 22, 15, 21], [6, 4, 7, 3], [16, 10, 17, 9], [12, 5, 13, 6], [4, 13, 5, 14], [2, 19, 3, 20], [20, 7, 21, 8], [8, 1, 9, 2], [18, 12, 19, 11], [22, 16, 1, 15], [10, 18, 11, 17]]"
11a_163_12,"[[10, 18, 11, 17], [14, 22, 15, 21], [6, 4, 7, 3], [16, 10, 17, 9], [12, 5, 13, 6], [4, 13, 5, 14], [2, 19, 3, 20], [20, 7, 21, 8], [8, 1, 9, 2], [18, 12, 19, 11], [22, 16, 1, 15]]"
11a_163_13,"[[22, 16, 1, 15], [10, 18, 11, 17], [14, 22, 15, 21], [6, 4, 7, 3], [16, 10, 17, 9], [12, 5, 13, 6], [4, 13, 5, 14], [2, 19, 3, 20], [20, 7, 21, 8], [8, 1, 9, 2], [18, 12, 19, 11]]"
11a_163_14,"[[18, 12, 19, 11], [22, 16, 1, 15], [10, 18, 11, 17], [14, 22, 15, 21], [6, 4, 7, 3], [16, 10, 17, 9], [12, 5, 13, 6], [4, 13, 5, 14], [2, 19, 3, 20], [20, 7, 21, 8], [8, 1, 9, 2]]"
11a_163_15,"[[8, 1, 9, 2], [18, 12, 19, 11], [22, 16, 1, 15], [10, 18, 11, 17], [14, 22, 15, 21], [6, 4, 7, 3], [16, 10, 17, 9], [12, 5, 13, 6], [4, 13, 5, 14], [2, 19, 3, 20], [20, 7, 21, 8]]"
11a_163_16,"[[20, 7, 21, 8], [8, 1, 9, 2], [18, 12, 19, 11], [22, 16, 1, 15], [10, 18, 11, 17], [14, 22, 15, 21], [6, 4, 7, 3], [16, 10, 17, 9], [12, 5, 13, 6], [4, 13, 5, 14], [2, 19, 3, 20]]"
11a_163_17,"[[2, 19, 3, 20], [20, 7, 21, 8], [8, 1, 9, 2], [18, 12, 19, 11], [22, 16, 1, 15], [10, 18, 11, 17], [14, 22, 15, 21], [6, 4, 7, 3], [16, 10, 17, 9], [12, 5, 13, 6], [4, 13, 5, 14]]"
11a_163_18,"[[4, 13, 5, 14], [2, 19, 3, 20], [20, 7, 21, 8], [8, 1, 9, 2], [18, 12, 19, 11], [22, 16, 1, 15], [10, 18, 11, 17], [14, 22, 15, 21], [6, 4, 7, 3], [16, 10, 17, 9], [12, 5, 13, 6]]"
11a_163_19,"[[12, 5, 13, 6], [4, 13, 5, 14], [2, 19, 3, 20], [20, 7, 21, 8], [8, 1, 9, 2], [18, 12, 19, 11], [22, 16, 1, 15], [10, 18, 11, 17], [14, 22, 15, 21], [6, 4, 7, 3], [16, 10, 17, 9]]"
11a_163_20,"[[16, 10, 17, 9], [12, 5, 13, 6], [4, 13, 5, 14], [2, 19, 3, 20], [20, 7, 21, 8], [8, 1, 9, 2], [18, 12, 19, 11], [22, 16, 1, 15], [10, 18, 11, 17], [14, 22, 15, 21], [6, 4, 7, 3]]"
11a_163_21,"[[6, 4, 7, 3], [16, 10, 17, 9], [12, 5, 13, 6], [4, 13, 5, 14], [2, 19, 3, 20], [20, 7, 21, 8], [8, 1, 9, 2], [18, 12, 19, 11], [22, 16, 1, 15], [10, 18, 11, 17], [14, 22, 15, 21]]"
11a_163_22,"[[15, 1, 16, 22], [7, 5, 8, 4], [17, 11, 18, 10], [13, 6, 14, 7], [5, 14, 6, 15], [3, 20, 4, 21], [21, 8, 22, 9], [9, 2, 10, 3], [19, 13, 20, 12], [1, 17, 2, 16], [11, 19, 12, 18]]"
11a_163_23,"[[11, 19, 12, 18], [15, 1, 16, 22], [7, 5, 8, 4], [17, 11, 18, 10], [13, 6, 14, 7], [5, 14, 6, 15], [3, 20, 4, 21], [21, 8, 22, 9], [9, 2, 10, 3], [19, 13, 20, 12], [1, 17, 2, 16]]"
11a_163_24,"[[1, 17, 2, 16], [11, 19, 12, 18], [15, 1, 16, 22], [7, 5, 8, 4], [17, 11, 18, 10], [13, 6, 14, 7], [5, 14, 6, 15], [3, 20, 4, 21], [21, 8, 22, 9], [9, 2, 10, 3], [19, 13, 20, 12]]"
11a_163_25,"[[19, 13, 20, 12], [1, 17, 2, 16], [11, 19, 12, 18], [15, 1, 16, 22], [7, 5, 8, 4], [17, 11, 18, 10], [13, 6, 14, 7], [5, 14, 6, 15], [3, 20, 4, 21], [21, 8, 22, 9], [9, 2, 10, 3]]"
11a_163_26,"[[9, 2, 10, 3], [19, 13, 20, 12], [1, 17, 2, 16], [11, 19, 12, 18], [15, 1, 16, 22], [7, 5, 8, 4], [17, 11, 18, 10], [13, 6, 14, 7], [5, 14, 6, 15], [3, 20, 4, 21], [21, 8, 22, 9]]"
11a_163_27,"[[21, 8, 22, 9], [9, 2, 10, 3], [19, 13, 20, 12], [1, 17, 2, 16], [11, 19, 12, 18], [15, 1, 16, 22], [7, 5, 8, 4], [17, 11, 18, 10], [13, 6, 14, 7], [5, 14, 6, 15], [3, 20, 4, 21]]"
11a_163_28,"[[3, 20, 4, 21], [21, 8, 22, 9], [9, 2, 10, 3], [19, 13, 20, 12], [1, 17, 2, 16], [11, 19, 12, 18], [15, 1, 16, 22], [7, 5, 8, 4], [17, 11, 18, 10], [13, 6, 14, 7], [5, 14, 6, 15]]"
11a_163_29,"[[5, 14, 6, 15], [3, 20, 4, 21], [21, 8, 22, 9], [9, 2, 10, 3], [19, 13, 20, 12], [1, 17, 2, 16], [11, 19, 12, 18], [15, 1, 16, 22], [7, 5, 8, 4], [17, 11, 18, 10], [13, 6, 14, 7]]"
11a_163_30,"[[13, 6, 14, 7], [5, 14, 6, 15], [3, 20, 4, 21], [21, 8, 22, 9], [9, 2, 10, 3], [19, 13, 20, 12], [1, 17, 2, 16], [11, 19, 12, 18], [15, 1, 16, 22], [7, 5, 8, 4], [17, 11, 18, 10]]"
11a_163_31,"[[17, 11, 18, 10], [13, 6, 14, 7], [5, 14, 6, 15], [3, 20, 4, 21], [21, 8, 22, 9], [9, 2, 10, 3], [19, 13, 20, 12], [1, 17, 2, 16], [11, 19, 12, 18], [15, 1, 16, 22], [7, 5, 8, 4]]"
11a_163_32,"[[7, 5, 8, 4], [17, 11, 18, 10], [13, 6, 14, 7], [5, 14, 6, 15], [3, 20, 4, 21], [21, 8, 22, 9], [9, 2, 10, 3], [19, 13, 20, 12], [1, 17, 2, 16], [11, 19, 12, 18], [15, 1, 16, 22]]"
11a_163_33,"[[16, 2, 17, 1], [8, 6, 9, 5], [18, 12, 19, 11], [14, 7, 15, 8], [6, 15, 7, 16], [4, 21, 5, 22], [22, 9, 1, 10], [10, 3, 11, 4], [20, 14, 21, 13], [2, 18, 3, 17], [12, 20, 13, 19]]"
11a_163_34,"[[12, 20, 13, 19], [16, 2, 17, 1], [8, 6, 9, 5], [18, 12, 19, 11], [14, 7, 15, 8], [6, 15, 7, 16], [4, 21, 5, 22], [22, 9, 1, 10], [10, 3, 11, 4], [20, 14, 21, 13], [2, 18, 3, 17]]"
11a_163_35,"[[2, 18, 3, 17], [12, 20, 13, 19], [16, 2, 17, 1], [8, 6, 9, 5], [18, 12, 19, 11], [14, 7, 15, 8], [6, 15, 7, 16], [4, 21, 5, 22], [22, 9, 1, 10], [10, 3, 11, 4], [20, 14, 21, 13]]"
11a_163_36,"[[20, 14, 21, 13], [2, 18, 3, 17], [12, 20, 13, 19], [16, 2, 17, 1], [8, 6, 9, 5], [18, 12, 19, 11], [14, 7, 15, 8], [6, 15, 7, 16], [4, 21, 5, 22], [22, 9, 1, 10], [10, 3, 11, 4]]"
11a_163_37,"[[10, 3, 11, 4], [20, 14, 21, 13], [2, 18, 3, 17], [12, 20, 13, 19], [16, 2, 17, 1], [8, 6, 9, 5], [18, 12, 19, 11], [14, 7, 15, 8], [6, 15, 7, 16], [4, 21, 5, 22], [22, 9, 1, 10]]"
11a_163_38,"[[22, 9, 1, 10], [10, 3, 11, 4], [20, 14, 21, 13], [2, 18, 3, 17], [12, 20, 13, 19], [16, 2, 17, 1], [8, 6, 9, 5], [18, 12, 19, 11], [14, 7, 15, 8], [6, 15, 7, 16], [4, 21, 5, 22]]"
11a_163_39,"[[4, 21, 5, 22], [22, 9, 1, 10], [10, 3, 11, 4], [20, 14, 21, 13], [2, 18, 3, 17], [12, 20, 13, 19], [16, 2, 17, 1], [8, 6, 9, 5], [18, 12, 19, 11], [14, 7, 15, 8], [6, 15, 7, 16]]"
11a_163_40,"[[6, 15, 7, 16], [4, 21, 5, 22], [22, 9, 1, 10], [10, 3, 11, 4], [20, 14, 21, 13], [2, 18, 3, 17], [12, 20, 13, 19], [16, 2, 17, 1], [8, 6, 9, 5], [18, 12, 19, 11], [14, 7, 15, 8]]"
11a_163_41,"[[14, 7, 15, 8], [6, 15, 7, 16], [4, 21, 5, 22], [22, 9, 1, 10], [10, 3, 11, 4], [20, 14, 21, 13], [2, 18, 3, 17], [12, 20, 13, 19], [16, 2, 17, 1], [8, 6, 9, 5], [18, 12, 19, 11]]"
11a_163_42,"[[18, 12, 19, 11], [14, 7, 15, 8], [6, 15, 7, 16], [4, 21, 5, 22], [22, 9, 1, 10], [10, 3, 11, 4], [20, 14, 21, 13], [2, 18, 3, 17], [12, 20, 13, 19], [16, 2, 17, 1], [8, 6, 9, 5]]"
11a_163_43,"[[8, 6, 9, 5], [18, 12, 19, 11], [14, 7, 15, 8], [6, 15, 7, 16], [4, 21, 5, 22], [22, 9, 1, 10], [10, 3, 11, 4], [20, 14, 21, 13], [2, 18, 3, 17], [12, 20, 13, 19], [16, 2, 17, 1]]"
11a_163_44,"[[17, 3, 18, 2], [9, 7, 10, 6], [19, 13, 20, 12], [15, 8, 16, 9], [7, 16, 8, 17], [5, 22, 6, 1], [1, 10, 2, 11], [11, 4, 12, 5], [21, 15, 22, 14], [3, 19, 4, 18], [13, 21, 14, 20]]"
11a_163_45,"[[13, 21, 14, 20], [17, 3, 18, 2], [9, 7, 10, 6], [19, 13, 20, 12], [15, 8, 16, 9], [7, 16, 8, 17], [5, 22, 6, 1], [1, 10, 2, 11], [11, 4, 12, 5], [21, 15, 22, 14], [3, 19, 4, 18]]"
11a_163_46,"[[3, 19, 4, 18], [13, 21, 14, 20], [17, 3, 18, 2], [9, 7, 10, 6], [19, 13, 20, 12], [15, 8, 16, 9], [7, 16, 8, 17], [5, 22, 6, 1], [1, 10, 2, 11], [11, 4, 12, 5], [21, 15, 22, 14]]"
11a_163_47,"[[21, 15, 22, 14], [3, 19, 4, 18], [13, 21, 14, 20], [17, 3, 18, 2], [9, 7, 10, 6], [19, 13, 20, 12], [15, 8, 16, 9], [7, 16, 8, 17], [5, 22, 6, 1], [1, 10, 2, 11], [11, 4, 12, 5]]"
11a_163_48,"[[11, 4, 12, 5], [21, 15, 22, 14], [3, 19, 4, 18], [13, 21, 14, 20], [17, 3, 18, 2], [9, 7, 10, 6], [19, 13, 20, 12], [15, 8, 16, 9], [7, 16, 8, 17], [5, 22, 6, 1], [1, 10, 2, 11]]"
11a_163_49,"[[1, 10, 2, 11], [11, 4, 12, 5], [21, 15, 22, 14], [3, 19, 4, 18], [13, 21, 14, 20], [17, 3, 18, 2], [9, 7, 10, 6], [19, 13, 20, 12], [15, 8, 16, 9], [7, 16, 8, 17], [5, 22, 6, 1]]"
11a_163_50,"[[5, 22, 6, 1], [1, 10, 2, 11], [11, 4, 12, 5], [21, 15, 22, 14], [3, 19, 4, 18], [13, 21, 14, 20], [17, 3, 18, 2], [9, 7, 10, 6], [19, 13, 20, 12], [15, 8, 16, 9], [7, 16, 8, 17]]"
11a_163_51,"[[7, 16, 8, 17], [5, 22, 6, 1], [1, 10, 2, 11], [11, 4, 12, 5], [21, 15, 22, 14], [3, 19, 4, 18], [13, 21, 14, 20], [17, 3, 18, 2], [9, 7, 10, 6], [19, 13, 20, 12], [15, 8, 16, 9]]"
11a_163_52,"[[15, 8, 16, 9], [7, 16, 8, 17], [5, 22, 6, 1], [1, 10, 2, 11], [11, 4, 12, 5], [21, 15, 22, 14], [3, 19, 4, 18], [13, 21, 14, 20], [17, 3, 18, 2], [9, 7, 10, 6], [19, 13, 20, 12]]"
11a_163_53,"[[19, 13, 20, 12], [15, 8, 16, 9], [7, 16, 8, 17], [5, 22, 6, 1], [1, 10, 2, 11], [11, 4, 12, 5], [21, 15, 22, 14], [3, 19, 4, 18], [13, 21, 14, 20], [17, 3, 18, 2], [9, 7, 10, 6]]"
11a_163_54,"[[9, 7, 10, 6], [19, 13, 20, 12], [15, 8, 16, 9], [7, 16, 8, 17], [5, 22, 6, 1], [1, 10, 2, 11], [11, 4, 12, 5], [21, 15, 22, 14], [3, 19, 4, 18], [13, 21, 14, 20], [17, 3, 18, 2]]"
11a_163_55,"[[18, 4, 19, 3], [10, 8, 11, 7], [20, 14, 21, 13], [16, 9, 17, 10], [8, 17, 9, 18], [6, 1, 7, 2], [2, 11, 3, 12], [12, 5, 13, 6], [22, 16, 1, 15], [4, 20, 5, 19], [14, 22, 15, 21]]"
11a_163_56,"[[14, 22, 15, 21], [18, 4, 19, 3], [10, 8, 11, 7], [20, 14, 21, 13], [16, 9, 17, 10], [8, 17, 9, 18], [6, 1, 7, 2], [2, 11, 3, 12], [12, 5, 13, 6], [22, 16, 1, 15], [4, 20, 5, 19]]"
11a_163_57,"[[4, 20, 5, 19], [14, 22, 15, 21], [18, 4, 19, 3], [10, 8, 11, 7], [20, 14, 21, 13], [16, 9, 17, 10], [8, 17, 9, 18], [6, 1, 7, 2], [2, 11, 3, 12], [12, 5, 13, 6], [22, 16, 1, 15]]"
11a_163_58,"[[22, 16, 1, 15], [4, 20, 5, 19], [14, 22, 15, 21], [18, 4, 19, 3], [10, 8, 11, 7], [20, 14, 21, 13], [16, 9, 17, 10], [8, 17, 9, 18], [6, 1, 7, 2], [2, 11, 3, 12], [12, 5, 13, 6]]"
11a_163_59,"[[12, 5, 13, 6], [22, 16, 1, 15], [4, 20, 5, 19], [14, 22, 15, 21], [18, 4, 19, 3], [10, 8, 11, 7], [20, 14, 21, 13], [16, 9, 17, 10], [8, 17, 9, 18], [6, 1, 7, 2], [2, 11, 3, 12]]"
11a_163_60,"[[2, 11, 3, 12], [12, 5, 13, 6], [22, 16, 1, 15], [4, 20, 5, 19], [14, 22, 15, 21], [18, 4, 19, 3], [10, 8, 11, 7], [20, 14, 21, 13], [16, 9, 17, 10], [8, 17, 9, 18], [6, 1, 7, 2]]"
11a_163_61,"[[6, 1, 7, 2], [2, 11, 3, 12], [12, 5, 13, 6], [22, 16, 1, 15], [4, 20, 5, 19], [14, 22, 15, 21], [18, 4, 19, 3], [10, 8, 11, 7], [20, 14, 21, 13], [16, 9, 17, 10], [8, 17, 9, 18]]"
11a_163_62,"[[8, 17, 9, 18], [6, 1, 7, 2], [2, 11, 3, 12], [12, 5, 13, 6], [22, 16, 1, 15], [4, 20, 5, 19], [14, 22, 15, 21], [18, 4, 19, 3], [10, 8, 11, 7], [20, 14, 21, 13], [16, 9, 17, 10]]"
11a_163_63,"[[16, 9, 17, 10], [8, 17, 9, 18], [6, 1, 7, 2], [2, 11, 3, 12], [12, 5, 13, 6], [22, 16, 1, 15], [4, 20, 5, 19], [14, 22, 15, 21], [18, 4, 19, 3], [10, 8, 11, 7], [20, 14, 21, 13]]"
11a_163_64,"[[20, 14, 21, 13], [16, 9, 17, 10], [8, 17, 9, 18], [6, 1, 7, 2], [2, 11, 3, 12], [12, 5, 13, 6], [22, 16, 1, 15], [4, 20, 5, 19], [14, 22, 15, 21], [18, 4, 19, 3], [10, 8, 11, 7]]"
11a_163_65,"[[10, 8, 11, 7], [20, 14, 21, 13], [16, 9, 17, 10], [8, 17, 9, 18], [6, 1, 7, 2], [2, 11, 3, 12], [12, 5, 13, 6], [22, 16, 1, 15], [4, 20, 5, 19], [14, 22, 15, 21], [18, 4, 19, 3]]"
11a_163_66,"[[19, 5, 20, 4], [11, 9, 12, 8], [21, 15, 22, 14], [17, 10, 18, 11], [9, 18, 10, 19], [7, 2, 8, 3], [3, 12, 4, 13], [13, 6, 14, 7], [1, 17, 2, 16], [5, 21, 6, 20], [15, 1, 16, 22]]"
11a_163_67,"[[15, 1, 16, 22], [19, 5, 20, 4], [11, 9, 12, 8], [21, 15, 22, 14], [17, 10, 18, 11], [9, 18, 10, 19], [7, 2, 8, 3], [3, 12, 4, 13], [13, 6, 14, 7], [1, 17, 2, 16], [5, 21, 6, 20]]"
11a_163_68,"[[5, 21, 6, 20], [15, 1, 16, 22], [19, 5, 20, 4], [11, 9, 12, 8], [21, 15, 22, 14], [17, 10, 18, 11], [9, 18, 10, 19], [7, 2, 8, 3], [3, 12, 4, 13], [13, 6, 14, 7], [1, 17, 2, 16]]"
11a_163_69,"[[1, 17, 2, 16], [5, 21, 6, 20], [15, 1, 16, 22], [19, 5, 20, 4], [11, 9, 12, 8], [21, 15, 22, 14], [17, 10, 18, 11], [9, 18, 10, 19], [7, 2, 8, 3], [3, 12, 4, 13], [13, 6, 14, 7]]"
11a_163_70,"[[13, 6, 14, 7], [1, 17, 2, 16], [5, 21, 6, 20], [15, 1, 16, 22], [19, 5, 20, 4], [11, 9, 12, 8], [21, 15, 22, 14], [17, 10, 18, 11], [9, 18, 10, 19], [7, 2, 8, 3], [3, 12, 4, 13]]"
11a_163_71,"[[3, 12, 4, 13], [13, 6, 14, 7], [1, 17, 2, 16], [5, 21, 6, 20], [15, 1, 16, 22], [19, 5, 20, 4], [11, 9, 12, 8], [21, 15, 22, 14], [17, 10, 18, 11], [9, 18, 10, 19], [7, 2, 8, 3]]"
11a_163_72,"[[7, 2, 8, 3], [3, 12, 4, 13], [13, 6, 14, 7], [1, 17, 2, 16], [5, 21, 6, 20], [15, 1, 16, 22], [19, 5, 20, 4], [11, 9, 12, 8], [21, 15, 22, 14], [17, 10, 18, 11], [9, 18, 10, 19]]"
11a_163_73,"[[9, 18, 10, 19], [7, 2, 8, 3], [3, 12, 4, 13], [13, 6, 14, 7], [1, 17, 2, 16], [5, 21, 6, 20], [15, 1, 16, 22], [19, 5, 20, 4], [11, 9, 12, 8], [21, 15, 22, 14], [17, 10, 18, 11]]"
11a_163_74,"[[17, 10, 18, 11], [9, 18, 10, 19], [7, 2, 8, 3], [3, 12, 4, 13], [13, 6, 14, 7], [1, 17, 2, 16], [5, 21, 6, 20], [15, 1, 16, 22], [19, 5, 20, 4], [11, 9, 12, 8], [21, 15, 22, 14]]"
11a_163_75,"[[21, 15, 22, 14], [17, 10, 18, 11], [9, 18, 10, 19], [7, 2, 8, 3], [3, 12, 4, 13], [13, 6, 14, 7], [1, 17, 2, 16], [5, 21, 6, 20], [15, 1, 16, 22], [19, 5, 20, 4], [11, 9, 12, 8]]"
11a_163_76,"[[11, 9, 12, 8], [21, 15, 22, 14], [17, 10, 18, 11], [9, 18, 10, 19], [7, 2, 8, 3], [3, 12, 4, 13], [13, 6, 14, 7], [1, 17, 2, 16], [5, 21, 6, 20], [15, 1, 16, 22], [19, 5, 20, 4]]"
11a_163_77,"[[20, 6, 21, 5], [12, 10, 13, 9], [22, 16, 1, 15], [18, 11, 19, 12], [10, 19, 11, 20], [8, 3, 9, 4], [4, 13, 5, 14], [14, 7, 15, 8], [2, 18, 3, 17], [6, 22, 7, 21], [16, 2, 17, 1]]"
11a_163_78,"[[16, 2, 17, 1], [20, 6, 21, 5], [12, 10, 13, 9], [22, 16, 1, 15], [18, 11, 19, 12], [10, 19, 11, 20], [8, 3, 9, 4], [4, 13, 5, 14], [14, 7, 15, 8], [2, 18, 3, 17], [6, 22, 7, 21]]"
11a_163_79,"[[6, 22, 7, 21], [16, 2, 17, 1], [20, 6, 21, 5], [12, 10, 13, 9], [22, 16, 1, 15], [18, 11, 19, 12], [10, 19, 11, 20], [8, 3, 9, 4], [4, 13, 5, 14], [14, 7, 15, 8], [2, 18, 3, 17]]"
11a_163_80,"[[2, 18, 3, 17], [6, 22, 7, 21], [16, 2, 17, 1], [20, 6, 21, 5], [12, 10, 13, 9], [22, 16, 1, 15], [18, 11, 19, 12], [10, 19, 11, 20], [8, 3, 9, 4], [4, 13, 5, 14], [14, 7, 15, 8]]"
11a_163_81,"[[14, 7, 15, 8], [2, 18, 3, 17], [6, 22, 7, 21], [16, 2, 17, 1], [20, 6, 21, 5], [12, 10, 13, 9], [22, 16, 1, 15], [18, 11, 19, 12], [10, 19, 11, 20], [8, 3, 9, 4], [4, 13, 5, 14]]"
11a_163_82,"[[4, 13, 5, 14], [14, 7, 15, 8], [2, 18, 3, 17], [6, 22, 7, 21], [16, 2, 17, 1], [20, 6, 21, 5], [12, 10, 13, 9], [22, 16, 1, 15], [18, 11, 19, 12], [10, 19, 11, 20], [8, 3, 9, 4]]"
11a_163_83,"[[8, 3, 9, 4], [4, 13, 5, 14], [14, 7, 15, 8], [2, 18, 3, 17], [6, 22, 7, 21], [16, 2, 17, 1], [20, 6, 21, 5], [12, 10, 13, 9], [22, 16, 1, 15], [18, 11, 19, 12], [10, 19, 11, 20]]"
11a_163_84,"[[10, 19, 11, 20], [8, 3, 9, 4], [4, 13, 5, 14], [14, 7, 15, 8], [2, 18, 3, 17], [6, 22, 7, 21], [16, 2, 17, 1], [20, 6, 21, 5], [12, 10, 13, 9], [22, 16, 1, 15], [18, 11, 19, 12]]"
11a_163_85,"[[18, 11, 19, 12], [10, 19, 11, 20], [8, 3, 9, 4], [4, 13, 5, 14], [14, 7, 15, 8], [2, 18, 3, 17], [6, 22, 7, 21], [16, 2, 17, 1], [20, 6, 21, 5], [12, 10, 13, 9], [22, 16, 1, 15]]"
11a_163_86,"[[22, 16, 1, 15], [18, 11, 19, 12], [10, 19, 11, 20], [8, 3, 9, 4], [4, 13, 5, 14], [14, 7, 15, 8], [2, 18, 3, 17], [6, 22, 7, 21], [16, 2, 17, 1], [20, 6, 21, 5], [12, 10, 13, 9]]"
11a_163_87,"[[12, 10, 13, 9], [22, 16, 1, 15], [18, 11, 19, 12], [10, 19, 11, 20], [8, 3, 9, 4], [4, 13, 5, 14], [14, 7, 15, 8], [2, 18, 3, 17], [6, 22, 7, 21], [16, 2, 17, 1], [20, 6, 21, 5]]"
11a_163_88,"[[21, 7, 22, 6], [13, 11, 14, 10], [1, 17, 2, 16], [19, 12, 20, 13], [11, 20, 12, 21], [9, 4, 10, 5], [5, 14, 6, 15], [15, 8, 16, 9], [3, 19, 4, 18], [7, 1, 8, 22], [17, 3, 18, 2]]"
11a_163_89,"[[17, 3, 18, 2], [21, 7, 22, 6], [13, 11, 14, 10], [1, 17, 2, 16], [19, 12, 20, 13], [11, 20, 12, 21], [9, 4, 10, 5], [5, 14, 6, 15], [15, 8, 16, 9], [3, 19, 4, 18], [7, 1, 8, 22]]"
11a_163_90,"[[7, 1, 8, 22], [17, 3, 18, 2], [21, 7, 22, 6], [13, 11, 14, 10], [1, 17, 2, 16], [19, 12, 20, 13], [11, 20, 12, 21], [9, 4, 10, 5], [5, 14, 6, 15], [15, 8, 16, 9], [3, 19, 4, 18]]"
11a_163_91,"[[3, 19, 4, 18], [7, 1, 8, 22], [17, 3, 18, 2], [21, 7, 22, 6], [13, 11, 14, 10], [1, 17, 2, 16], [19, 12, 20, 13], [11, 20, 12, 21], [9, 4, 10, 5], [5, 14, 6, 15], [15, 8, 16, 9]]"
11a_163_92,"[[15, 8, 16, 9], [3, 19, 4, 18], [7, 1, 8, 22], [17, 3, 18, 2], [21, 7, 22, 6], [13, 11, 14, 10], [1, 17, 2, 16], [19, 12, 20, 13], [11, 20, 12, 21], [9, 4, 10, 5], [5, 14, 6, 15]]"
11a_163_93,"[[5, 14, 6, 15], [15, 8, 16, 9], [3, 19, 4, 18], [7, 1, 8, 22], [17, 3, 18, 2], [21, 7, 22, 6], [13, 11, 14, 10], [1, 17, 2, 16], [19, 12, 20, 13], [11, 20, 12, 21], [9, 4, 10, 5]]"
11a_163_94,"[[9, 4, 10, 5], [5, 14, 6, 15], [15, 8, 16, 9], [3, 19, 4, 18], [7, 1, 8, 22], [17, 3, 18, 2], [21, 7, 22, 6], [13, 11, 14, 10], [1, 17, 2, 16], [19, 12, 20, 13], [11, 20, 12, 21]]"
11a_163_95,"[[11, 20, 12, 21], [9, 4, 10, 5], [5, 14, 6, 15], [15, 8, 16, 9], [3, 19, 4, 18], [7, 1, 8, 22], [17, 3, 18, 2], [21, 7, 22, 6], [13, 11, 14, 10], [1, 17, 2, 16], [19, 12, 20, 13]]"
11a_163_96,"[[19, 12, 20, 13], [11, 20, 12, 21], [9, 4, 10, 5], [5, 14, 6, 15], [15, 8, 16, 9], [3, 19, 4, 18], [7, 1, 8, 22], [17, 3, 18, 2], [21, 7, 22, 6], [13, 11, 14, 10], [1, 17, 2, 16]]"
11a_163_97,"[[1, 17, 2, 16], [19, 12, 20, 13], [11, 20, 12, 21], [9, 4, 10, 5], [5, 14, 6, 15], [15, 8, 16, 9], [3, 19, 4, 18], [7, 1, 8, 22], [17, 3, 18, 2], [21, 7, 22, 6], [13, 11, 14, 10]]"
11a_163_98,"[[13, 11, 14, 10], [1, 17, 2, 16], [19, 12, 20, 13], [11, 20, 12, 21], [9, 4, 10, 5], [5, 14, 6, 15], [15, 8, 16, 9], [3, 19, 4, 18], [7, 1, 8, 22], [17, 3, 18, 2], [21, 7, 22, 6]]"
11a_163_99,"[[22, 8, 1, 7], [14, 12, 15, 11], [2, 18, 3, 17], [20, 13, 21, 14], [12, 21, 13, 22], [10, 5, 11, 6], [6, 15, 7, 16], [16, 9, 17, 10], [4, 20, 5, 19], [8, 2, 9, 1], [18, 4, 19, 3]]"
11a_163_100,"[[18, 4, 19, 3], [22, 8, 1, 7], [14, 12, 15, 11], [2, 18, 3, 17], [20, 13, 21, 14], [12, 21, 13, 22], [10, 5, 11, 6], [6, 15, 7, 16], [16, 9, 17, 10], [4, 20, 5, 19], [8, 2, 9, 1]]"
11a_163_101,"[[8, 2, 9, 1], [18, 4, 19, 3], [22, 8, 1, 7], [14, 12, 15, 11], [2, 18, 3, 17], [20, 13, 21, 14], [12, 21, 13, 22], [10, 5, 11, 6], [6, 15, 7, 16], [16, 9, 17, 10], [4, 20, 5, 19]]"
11a_163_102,"[[4, 20, 5, 19], [8, 2, 9, 1], [18, 4, 19, 3], [22, 8, 1, 7], [14, 12, 15, 11], [2, 18, 3, 17], [20, 13, 21, 14], [12, 21, 13, 22], [10, 5, 11, 6], [6, 15, 7, 16], [16, 9, 17, 10]]"
11a_163_103,"[[16, 9, 17, 10], [4, 20, 5, 19], [8, 2, 9, 1], [18, 4, 19, 3], [22, 8, 1, 7], [14, 12, 15, 11], [2, 18, 3, 17], [20, 13, 21, 14], [12, 21, 13, 22], [10, 5, 11, 6], [6, 15, 7, 16]]"
11a_163_104,"[[6, 15, 7, 16], [16, 9, 17, 10], [4, 20, 5, 19], [8, 2, 9, 1], [18, 4, 19, 3], [22, 8, 1, 7], [14, 12, 15, 11], [2, 18, 3, 17], [20, 13, 21, 14], [12, 21, 13, 22], [10, 5, 11, 6]]"
11a_163_105,"[[10, 5, 11, 6], [6, 15, 7, 16], [16, 9, 17, 10], [4, 20, 5, 19], [8, 2, 9, 1], [18, 4, 19, 3], [22, 8, 1, 7], [14, 12, 15, 11], [2, 18, 3, 17], [20, 13, 21, 14], [12, 21, 13, 22]]"
11a_163_106,"[[12, 21, 13, 22], [10, 5, 11, 6], [6, 15, 7, 16], [16, 9, 17, 10], [4, 20, 5, 19], [8, 2, 9, 1], [18, 4, 19, 3], [22, 8, 1, 7], [14, 12, 15, 11], [2, 18, 3, 17], [20, 13, 21, 14]]"
11a_163_107,"[[20, 13, 21, 14], [12, 21, 13, 22], [10, 5, 11, 6], [6, 15, 7, 16], [16, 9, 17, 10], [4, 20, 5, 19], [8, 2, 9, 1], [18, 4, 19, 3], [22, 8, 1, 7], [14, 12, 15, 11], [2, 18, 3, 17]]"
11a_163_108,"[[2, 18, 3, 17], [20, 13, 21, 14], [12, 21, 13, 22], [10, 5, 11, 6], [6, 15, 7, 16], [16, 9, 17, 10], [4, 20, 5, 19], [8, 2, 9, 1], [18, 4, 19, 3], [22, 8, 1, 7], [14, 12, 15, 11]]"
11a_163_109,"[[14, 12, 15, 11], [2, 18, 3, 17], [20, 13, 21, 14], [12, 21, 13, 22], [10, 5, 11, 6], [6, 15, 7, 16], [16, 9, 17, 10], [4, 20, 5, 19], [8, 2, 9, 1], [18, 4, 19, 3], [22, 8, 1, 7]]"
11a_163_110,"[[1, 9, 2, 8], [15, 13, 16, 12], [3, 19, 4, 18], [21, 14, 22, 15], [13, 22, 14, 1], [11, 6, 12, 7], [7, 16, 8, 17], [17, 10, 18, 11], [5, 21, 6, 20], [9, 3, 10, 2], [19, 5, 20, 4]]"
11a_163_111,"[[19, 5, 20, 4], [1, 9, 2, 8], [15, 13, 16, 12], [3, 19, 4, 18], [21, 14, 22, 15], [13, 22, 14, 1], [11, 6, 12, 7], [7, 16, 8, 17], [17, 10, 18, 11], [5, 21, 6, 20], [9, 3, 10, 2]]"
11a_163_112,"[[9, 3, 10, 2], [19, 5, 20, 4], [1, 9, 2, 8], [15, 13, 16, 12], [3, 19, 4, 18], [21, 14, 22, 15], [13, 22, 14, 1], [11, 6, 12, 7], [7, 16, 8, 17], [17, 10, 18, 11], [5, 21, 6, 20]]"
11a_163_113,"[[5, 21, 6, 20], [9, 3, 10, 2], [19, 5, 20, 4], [1, 9, 2, 8], [15, 13, 16, 12], [3, 19, 4, 18], [21, 14, 22, 15], [13, 22, 14, 1], [11, 6, 12, 7], [7, 16, 8, 17], [17, 10, 18, 11]]"
11a_163_114,"[[17, 10, 18, 11], [5, 21, 6, 20], [9, 3, 10, 2], [19, 5, 20, 4], [1, 9, 2, 8], [15, 13, 16, 12], [3, 19, 4, 18], [21, 14, 22, 15], [13, 22, 14, 1], [11, 6, 12, 7], [7, 16, 8, 17]]"
11a_163_115,"[[7, 16, 8, 17], [17, 10, 18, 11], [5, 21, 6, 20], [9, 3, 10, 2], [19, 5, 20, 4], [1, 9, 2, 8], [15, 13, 16, 12], [3, 19, 4, 18], [21, 14, 22, 15], [13, 22, 14, 1], [11, 6, 12, 7]]"
11a_163_116,"[[11, 6, 12, 7], [7, 16, 8, 17], [17, 10, 18, 11], [5, 21, 6, 20], [9, 3, 10, 2], [19, 5, 20, 4], [1, 9, 2, 8], [15, 13, 16, 12], [3, 19, 4, 18], [21, 14, 22, 15], [13, 22, 14, 1]]"
11a_163_117,"[[13, 22, 14, 1], [11, 6, 12, 7], [7, 16, 8, 17], [17, 10, 18, 11], [5, 21, 6, 20], [9, 3, 10, 2], [19, 5, 20, 4], [1, 9, 2, 8], [15, 13, 16, 12], [3, 19, 4, 18], [21, 14, 22, 15]]"
11a_163_118,"[[21, 14, 22, 15], [13, 22, 14, 1], [11, 6, 12, 7], [7, 16, 8, 17], [17, 10, 18, 11], [5, 21, 6, 20], [9, 3, 10, 2], [19, 5, 20, 4], [1, 9, 2, 8], [15, 13, 16, 12], [3, 19, 4, 18]]"
11a_163_119,"[[3, 19, 4, 18], [21, 14, 22, 15], [13, 22, 14, 1], [11, 6, 12, 7], [7, 16, 8, 17], [17, 10, 18, 11], [5, 21, 6, 20], [9, 3, 10, 2], [19, 5, 20, 4], [1, 9, 2, 8], [15, 13, 16, 12]]"
11a_163_120,"[[15, 13, 16, 12], [3, 19, 4, 18], [21, 14, 22, 15], [13, 22, 14, 1], [11, 6, 12, 7], [7, 16, 8, 17], [17, 10, 18, 11], [5, 21, 6, 20], [9, 3, 10, 2], [19, 5, 20, 4], [1, 9, 2, 8]]"
11a_163_121,"[[2, 10, 3, 9], [16, 14, 17, 13], [4, 20, 5, 19], [22, 15, 1, 16], [14, 1, 15, 2], [12, 7, 13, 8], [8, 17, 9, 18], [18, 11, 19, 12], [6, 22, 7, 21], [10, 4, 11, 3], [20, 6, 21, 5]]"
11a_163_122,"[[20, 6, 21, 5], [2, 10, 3, 9], [16, 14, 17, 13], [4, 20, 5, 19], [22, 15, 1, 16], [14, 1, 15, 2], [12, 7, 13, 8], [8, 17, 9, 18], [18, 11, 19, 12], [6, 22, 7, 21], [10, 4, 11, 3]]"
11a_163_123,"[[10, 4, 11, 3], [20, 6, 21, 5], [2, 10, 3, 9], [16, 14, 17, 13], [4, 20, 5, 19], [22, 15, 1, 16], [14, 1, 15, 2], [12, 7, 13, 8], [8, 17, 9, 18], [18, 11, 19, 12], [6, 22, 7, 21]]"
11a_163_124,"[[6, 22, 7, 21], [10, 4, 11, 3], [20, 6, 21, 5], [2, 10, 3, 9], [16, 14, 17, 13], [4, 20, 5, 19], [22, 15, 1, 16], [14, 1, 15, 2], [12, 7, 13, 8], [8, 17, 9, 18], [18, 11, 19, 12]]"
11a_163_125,"[[18, 11, 19, 12], [6, 22, 7, 21], [10, 4, 11, 3], [20, 6, 21, 5], [2, 10, 3, 9], [16, 14, 17, 13], [4, 20, 5, 19], [22, 15, 1, 16], [14, 1, 15, 2], [12, 7, 13, 8], [8, 17, 9, 18]]"
11a_163_126,"[[8, 17, 9, 18], [18, 11, 19, 12], [6, 22, 7, 21], [10, 4, 11, 3], [20, 6, 21, 5], [2, 10, 3, 9], [16, 14, 17, 13], [4, 20, 5, 19], [22, 15, 1, 16], [14, 1, 15, 2], [12, 7, 13, 8]]"
11a_163_127,"[[12, 7, 13, 8], [8, 17, 9, 18], [18, 11, 19, 12], [6, 22, 7, 21], [10, 4, 11, 3], [20, 6, 21, 5], [2, 10, 3, 9], [16, 14, 17, 13], [4, 20, 5, 19], [22, 15, 1, 16], [14, 1, 15, 2]]"
11a_163_128,"[[14, 1, 15, 2], [12, 7, 13, 8], [8, 17, 9, 18], [18, 11, 19, 12], [6, 22, 7, 21], [10, 4, 11, 3], [20, 6, 21, 5], [2, 10, 3, 9], [16, 14, 17, 13], [4, 20, 5, 19], [22, 15, 1, 16]]"
11a_163_129,"[[22, 15, 1, 16], [14, 1, 15, 2], [12, 7, 13, 8], [8, 17, 9, 18], [18, 11, 19, 12], [6, 22, 7, 21], [10, 4, 11, 3], [20, 6, 21, 5], [2, 10, 3, 9], [16, 14, 17, 13], [4, 20, 5, 19]]"
11a_163_130,"[[4, 20, 5, 19], [22, 15, 1, 16], [14, 1, 15, 2], [12, 7, 13, 8], [8, 17, 9, 18], [18, 11, 19, 12], [6, 22, 7, 21], [10, 4, 11, 3], [20, 6, 21, 5], [2, 10, 3, 9], [16, 14, 17, 13]]"
11a_163_131,"[[16, 14, 17, 13], [4, 20, 5, 19], [22, 15, 1, 16], [14, 1, 15, 2], [12, 7, 13, 8], [8, 17, 9, 18], [18, 11, 19, 12], [6, 22, 7, 21], [10, 4, 11, 3], [20, 6, 21, 5], [2, 10, 3, 9]]"
11a_163_132,"[[3, 11, 4, 10], [17, 15, 18, 14], [5, 21, 6, 20], [1, 16, 2, 17], [15, 2, 16, 3], [13, 8, 14, 9], [9, 18, 10, 19], [19, 12, 20, 13], [7, 1, 8, 22], [11, 5, 12, 4], [21, 7, 22, 6]]"
11a_163_133,"[[21, 7, 22, 6], [3, 11, 4, 10], [17, 15, 18, 14], [5, 21, 6, 20], [1, 16, 2, 17], [15, 2, 16, 3], [13, 8, 14, 9], [9, 18, 10, 19], [19, 12, 20, 13], [7, 1, 8, 22], [11, 5, 12, 4]]"
11a_163_134,"[[11, 5, 12, 4], [21, 7, 22, 6], [3, 11, 4, 10], [17, 15, 18, 14], [5, 21, 6, 20], [1, 16, 2, 17], [15, 2, 16, 3], [13, 8, 14, 9], [9, 18, 10, 19], [19, 12, 20, 13], [7, 1, 8, 22]]"
11a_163_135,"[[7, 1, 8, 22], [11, 5, 12, 4], [21, 7, 22, 6], [3, 11, 4, 10], [17, 15, 18, 14], [5, 21, 6, 20], [1, 16, 2, 17], [15, 2, 16, 3], [13, 8, 14, 9], [9, 18, 10, 19], [19, 12, 20, 13]]"
11a_163_136,"[[19, 12, 20, 13], [7, 1, 8, 22], [11, 5, 12, 4], [21, 7, 22, 6], [3, 11, 4, 10], [17, 15, 18, 14], [5, 21, 6, 20], [1, 16, 2, 17], [15, 2, 16, 3], [13, 8, 14, 9], [9, 18, 10, 19]]"
11a_163_137,"[[9, 18, 10, 19], [19, 12, 20, 13], [7, 1, 8, 22], [11, 5, 12, 4], [21, 7, 22, 6], [3, 11, 4, 10], [17, 15, 18, 14], [5, 21, 6, 20], [1, 16, 2, 17], [15, 2, 16, 3], [13, 8, 14, 9]]"
11a_163_138,"[[13, 8, 14, 9], [9, 18, 10, 19], [19, 12, 20, 13], [7, 1, 8, 22], [11, 5, 12, 4], [21, 7, 22, 6], [3, 11, 4, 10], [17, 15, 18, 14], [5, 21, 6, 20], [1, 16, 2, 17], [15, 2, 16, 3]]"
11a_163_139,"[[15, 2, 16, 3], [13, 8, 14, 9], [9, 18, 10, 19], [19, 12, 20, 13], [7, 1, 8, 22], [11, 5, 12, 4], [21, 7, 22, 6], [3, 11, 4, 10], [17, 15, 18, 14], [5, 21, 6, 20], [1, 16, 2, 17]]"
11a_163_140,"[[1, 16, 2, 17], [15, 2, 16, 3], [13, 8, 14, 9], [9, 18, 10, 19], [19, 12, 20, 13], [7, 1, 8, 22], [11, 5, 12, 4], [21, 7, 22, 6], [3, 11, 4, 10], [17, 15, 18, 14], [5, 21, 6, 20]]"
11a_163_141,"[[5, 21, 6, 20], [1, 16, 2, 17], [15, 2, 16, 3], [13, 8, 14, 9], [9, 18, 10, 19], [19, 12, 20, 13], [7, 1, 8, 22], [11, 5, 12, 4], [21, 7, 22, 6], [3, 11, 4, 10], [17, 15, 18, 14]]"
11a_163_142,"[[17, 15, 18, 14], [5, 21, 6, 20], [1, 16, 2, 17], [15, 2, 16, 3], [13, 8, 14, 9], [9, 18, 10, 19], [19, 12, 20, 13], [7, 1, 8, 22], [11, 5, 12, 4], [21, 7, 22, 6], [3, 11, 4, 10]]"
11a_163_143,"[[4, 12, 5, 11], [18, 16, 19, 15], [6, 22, 7, 21], [2, 17, 3, 18], [16, 3, 17, 4], [14, 9, 15, 10], [10, 19, 11, 20], [20, 13, 21, 14], [8, 2, 9, 1], [12, 6, 13, 5], [22, 8, 1, 7]]"
11a_163_144,"[[22, 8, 1, 7], [4, 12, 5, 11], [18, 16, 19, 15], [6, 22, 7, 21], [2, 17, 3, 18], [16, 3, 17, 4], [14, 9, 15, 10], [10, 19, 11, 20], [20, 13, 21, 14], [8, 2, 9, 1], [12, 6, 13, 5]]"
11a_163_145,"[[12, 6, 13, 5], [22, 8, 1, 7], [4, 12, 5, 11], [18, 16, 19, 15], [6, 22, 7, 21], [2, 17, 3, 18], [16, 3, 17, 4], [14, 9, 15, 10], [10, 19, 11, 20], [20, 13, 21, 14], [8, 2, 9, 1]]"
11a_163_146,"[[8, 2, 9, 1], [12, 6, 13, 5], [22, 8, 1, 7], [4, 12, 5, 11], [18, 16, 19, 15], [6, 22, 7, 21], [2, 17, 3, 18], [16, 3, 17, 4], [14, 9, 15, 10], [10, 19, 11, 20], [20, 13, 21, 14]]"
11a_163_147,"[[20, 13, 21, 14], [8, 2, 9, 1], [12, 6, 13, 5], [22, 8, 1, 7], [4, 12, 5, 11], [18, 16, 19, 15], [6, 22, 7, 21], [2, 17, 3, 18], [16, 3, 17, 4], [14, 9, 15, 10], [10, 19, 11, 20]]"
11a_163_148,"[[10, 19, 11, 20], [20, 13, 21, 14], [8, 2, 9, 1], [12, 6, 13, 5], [22, 8, 1, 7], [4, 12, 5, 11], [18, 16, 19, 15], [6, 22, 7, 21], [2, 17, 3, 18], [16, 3, 17, 4], [14, 9, 15, 10]]"
11a_163_149,"[[14, 9, 15, 10], [10, 19, 11, 20], [20, 13, 21, 14], [8, 2, 9, 1], [12, 6, 13, 5], [22, 8, 1, 7], [4, 12, 5, 11], [18, 16, 19, 15], [6, 22, 7, 21], [2, 17, 3, 18], [16, 3, 17, 4]]"
11a_163_150,"[[16, 3, 17, 4], [14, 9, 15, 10], [10, 19, 11, 20], [20, 13, 21, 14], [8, 2, 9, 1], [12, 6, 13, 5], [22, 8, 1, 7], [4, 12, 5, 11], [18, 16, 19, 15], [6, 22, 7, 21], [2, 17, 3, 18]]"
11a_163_151,"[[2, 17, 3, 18], [16, 3, 17, 4], [14, 9, 15, 10], [10, 19, 11, 20], [20, 13, 21, 14], [8, 2, 9, 1], [12, 6, 13, 5], [22, 8, 1, 7], [4, 12, 5, 11], [18, 16, 19, 15], [6, 22, 7, 21]]"
11a_163_152,"[[6, 22, 7, 21], [2, 17, 3, 18], [16, 3, 17, 4], [14, 9, 15, 10], [10, 19, 11, 20], [20, 13, 21, 14], [8, 2, 9, 1], [12, 6, 13, 5], [22, 8, 1, 7], [4, 12, 5, 11], [18, 16, 19, 15]]"
11a_163_153,"[[18, 16, 19, 15], [6, 22, 7, 21], [2, 17, 3, 18], [16, 3, 17, 4], [14, 9, 15, 10], [10, 19, 11, 20], [20, 13, 21, 14], [8, 2, 9, 1], [12, 6, 13, 5], [22, 8, 1, 7], [4, 12, 5, 11]]"
11a_163_154,"[[5, 13, 6, 12], [19, 17, 20, 16], [7, 1, 8, 22], [3, 18, 4, 19], [17, 4, 18, 5], [15, 10, 16, 11], [11, 20, 12, 21], [21, 14, 22, 15], [9, 3, 10, 2], [13, 7, 14, 6], [1, 9, 2, 8]]"
11a_163_155,"[[1, 9, 2, 8], [5, 13, 6, 12], [19, 17, 20, 16], [7, 1, 8, 22], [3, 18, 4, 19], [17, 4, 18, 5], [15, 10, 16, 11], [11, 20, 12, 21], [21, 14, 22, 15], [9, 3, 10, 2], [13, 7, 14, 6]]"
11a_163_156,"[[13, 7, 14, 6], [1, 9, 2, 8], [5, 13, 6, 12], [19, 17, 20, 16], [7, 1, 8, 22], [3, 18, 4, 19], [17, 4, 18, 5], [15, 10, 16, 11], [11, 20, 12, 21], [21, 14, 22, 15], [9, 3, 10, 2]]"
11a_163_157,"[[9, 3, 10, 2], [13, 7, 14, 6], [1, 9, 2, 8], [5, 13, 6, 12], [19, 17, 20, 16], [7, 1, 8, 22], [3, 18, 4, 19], [17, 4, 18, 5], [15, 10, 16, 11], [11, 20, 12, 21], [21, 14, 22, 15]]"
11a_163_158,"[[21, 14, 22, 15], [9, 3, 10, 2], [13, 7, 14, 6], [1, 9, 2, 8], [5, 13, 6, 12], [19, 17, 20, 16], [7, 1, 8, 22], [3, 18, 4, 19], [17, 4, 18, 5], [15, 10, 16, 11], [11, 20, 12, 21]]"
11a_163_159,"[[11, 20, 12, 21], [21, 14, 22, 15], [9, 3, 10, 2], [13, 7, 14, 6], [1, 9, 2, 8], [5, 13, 6, 12], [19, 17, 20, 16], [7, 1, 8, 22], [3, 18, 4, 19], [17, 4, 18, 5], [15, 10, 16, 11]]"
11a_163_160,"[[15, 10, 16, 11], [11, 20, 12, 21], [21, 14, 22, 15], [9, 3, 10, 2], [13, 7, 14, 6], [1, 9, 2, 8], [5, 13, 6, 12], [19, 17, 20, 16], [7, 1, 8, 22], [3, 18, 4, 19], [17, 4, 18, 5]]"
11a_163_161,"[[17, 4, 18, 5], [15, 10, 16, 11], [11, 20, 12, 21], [21, 14, 22, 15], [9, 3, 10, 2], [13, 7, 14, 6], [1, 9, 2, 8], [5, 13, 6, 12], [19, 17, 20, 16], [7, 1, 8, 22], [3, 18, 4, 19]]"
11a_163_162,"[[3, 18, 4, 19], [17, 4, 18, 5], [15, 10, 16, 11], [11, 20, 12, 21], [21, 14, 22, 15], [9, 3, 10, 2], [13, 7, 14, 6], [1, 9, 2, 8], [5, 13, 6, 12], [19, 17, 20, 16], [7, 1, 8, 22]]"
11a_163_163,"[[7, 1, 8, 22], [3, 18, 4, 19], [17, 4, 18, 5], [15, 10, 16, 11], [11, 20, 12, 21], [21, 14, 22, 15], [9, 3, 10, 2], [13, 7, 14, 6], [1, 9, 2, 8], [5, 13, 6, 12], [19, 17, 20, 16]]"
11a_163_164,"[[19, 17, 20, 16], [7, 1, 8, 22], [3, 18, 4, 19], [17, 4, 18, 5], [15, 10, 16, 11], [11, 20, 12, 21], [21, 14, 22, 15], [9, 3, 10, 2], [13, 7, 14, 6], [1, 9, 2, 8], [5, 13, 6, 12]]"
11a_163_165,"[[6, 14, 7, 13], [20, 18, 21, 17], [8, 2, 9, 1], [4, 19, 5, 20], [18, 5, 19, 6], [16, 11, 17, 12], [12, 21, 13, 22], [22, 15, 1, 16], [10, 4, 11, 3], [14, 8, 15, 7], [2, 10, 3, 9]]"
11a_163_166,"[[2, 10, 3, 9], [6, 14, 7, 13], [20, 18, 21, 17], [8, 2, 9, 1], [4, 19, 5, 20], [18, 5, 19, 6], [16, 11, 17, 12], [12, 21, 13, 22], [22, 15, 1, 16], [10, 4, 11, 3], [14, 8, 15, 7]]"
11a_163_167,"[[14, 8, 15, 7], [2, 10, 3, 9], [6, 14, 7, 13], [20, 18, 21, 17], [8, 2, 9, 1], [4, 19, 5, 20], [18, 5, 19, 6], [16, 11, 17, 12], [12, 21, 13, 22], [22, 15, 1, 16], [10, 4, 11, 3]]"
11a_163_168,"[[10, 4, 11, 3], [14, 8, 15, 7], [2, 10, 3, 9], [6, 14, 7, 13], [20, 18, 21, 17], [8, 2, 9, 1], [4, 19, 5, 20], [18, 5, 19, 6], [16, 11, 17, 12], [12, 21, 13, 22], [22, 15, 1, 16]]"
11a_163_169,"[[22, 15, 1, 16], [10, 4, 11, 3], [14, 8, 15, 7], [2, 10, 3, 9], [6, 14, 7, 13], [20, 18, 21, 17], [8, 2, 9, 1], [4, 19, 5, 20], [18, 5, 19, 6], [16, 11, 17, 12], [12, 21, 13, 22]]"
11a_163_170,"[[12, 21, 13, 22], [22, 15, 1, 16], [10, 4, 11, 3], [14, 8, 15, 7], [2, 10, 3, 9], [6, 14, 7, 13], [20, 18, 21, 17], [8, 2, 9, 1], [4, 19, 5, 20], [18, 5, 19, 6], [16, 11, 17, 12]]"
11a_163_171,"[[16, 11, 17, 12], [12, 21, 13, 22], [22, 15, 1, 16], [10, 4, 11, 3], [14, 8, 15, 7], [2, 10, 3, 9], [6, 14, 7, 13], [20, 18, 21, 17], [8, 2, 9, 1], [4, 19, 5, 20], [18, 5, 19, 6]]"
11a_163_172,"[[18, 5, 19, 6], [16, 11, 17, 12], [12, 21, 13, 22], [22, 15, 1, 16], [10, 4, 11, 3], [14, 8, 15, 7], [2, 10, 3, 9], [6, 14, 7, 13], [20, 18, 21, 17], [8, 2, 9, 1], [4, 19, 5, 20]]"
11a_163_173,"[[4, 19, 5, 20], [18, 5, 19, 6], [16, 11, 17, 12], [12, 21, 13, 22], [22, 15, 1, 16], [10, 4, 11, 3], [14, 8, 15, 7], [2, 10, 3, 9], [6, 14, 7, 13], [20, 18, 21, 17], [8, 2, 9, 1]]"
11a_163_174,"[[8, 2, 9, 1], [4, 19, 5, 20], [18, 5, 19, 6], [16, 11, 17, 12], [12, 21, 13, 22], [22, 15, 1, 16], [10, 4, 11, 3], [14, 8, 15, 7], [2, 10, 3, 9], [6, 14, 7, 13], [20, 18, 21, 17]]"
11a_163_175,"[[20, 18, 21, 17], [8, 2, 9, 1], [4, 19, 5, 20], [18, 5, 19, 6], [16, 11, 17, 12], [12, 21, 13, 22], [22, 15, 1, 16], [10, 4, 11, 3], [14, 8, 15, 7], [2, 10, 3, 9], [6, 14, 7, 13]]"
11a_163_176,"[[7, 15, 8, 14], [21, 19, 22, 18], [9, 3, 10, 2], [5, 20, 6, 21], [19, 6, 20, 7], [17, 12, 18, 13], [13, 22, 14, 1], [1, 16, 2, 17], [11, 5, 12, 4], [15, 9, 16, 8], [3, 11, 4, 10]]"
11a_163_177,"[[3, 11, 4, 10], [7, 15, 8, 14], [21, 19, 22, 18], [9, 3, 10, 2], [5, 20, 6, 21], [19, 6, 20, 7], [17, 12, 18, 13], [13, 22, 14, 1], [1, 16, 2, 17], [11, 5, 12, 4], [15, 9, 16, 8]]"
11a_163_178,"[[15, 9, 16, 8], [3, 11, 4, 10], [7, 15, 8, 14], [21, 19, 22, 18], [9, 3, 10, 2], [5, 20, 6, 21], [19, 6, 20, 7], [17, 12, 18, 13], [13, 22, 14, 1], [1, 16, 2, 17], [11, 5, 12, 4]]"
11a_163_179,"[[11, 5, 12, 4], [15, 9, 16, 8], [3, 11, 4, 10], [7, 15, 8, 14], [21, 19, 22, 18], [9, 3, 10, 2], [5, 20, 6, 21], [19, 6, 20, 7], [17, 12, 18, 13], [13, 22, 14, 1], [1, 16, 2, 17]]"
11a_163_180,"[[1, 16, 2, 17], [11, 5, 12, 4], [15, 9, 16, 8], [3, 11, 4, 10], [7, 15, 8, 14], [21, 19, 22, 18], [9, 3, 10, 2], [5, 20, 6, 21], [19, 6, 20, 7], [17, 12, 18, 13], [13, 22, 14, 1]]"
11a_163_181,"[[13, 22, 14, 1], [1, 16, 2, 17], [11, 5, 12, 4], [15, 9, 16, 8], [3, 11, 4, 10], [7, 15, 8, 14], [21, 19, 22, 18], [9, 3, 10, 2], [5, 20, 6, 21], [19, 6, 20, 7], [17, 12, 18, 13]]"
11a_163_182,"[[17, 12, 18, 13], [13, 22, 14, 1], [1, 16, 2, 17], [11, 5, 12, 4], [15, 9, 16, 8], [3, 11, 4, 10], [7, 15, 8, 14], [21, 19, 22, 18], [9, 3, 10, 2], [5, 20, 6, 21], [19, 6, 20, 7]]"
11a_163_183,"[[19, 6, 20, 7], [17, 12, 18, 13], [13, 22, 14, 1], [1, 16, 2, 17], [11, 5, 12, 4], [15, 9, 16, 8], [3, 11, 4, 10], [7, 15, 8, 14], [21, 19, 22, 18], [9, 3, 10, 2], [5, 20, 6, 21]]"
11a_163_184,"[[5, 20, 6, 21], [19, 6, 20, 7], [17, 12, 18, 13], [13, 22, 14, 1], [1, 16, 2, 17], [11, 5, 12, 4], [15, 9, 16, 8], [3, 11, 4, 10], [7, 15, 8, 14], [21, 19, 22, 18], [9, 3, 10, 2]]"
11a_163_185,"[[9, 3, 10, 2], [5, 20, 6, 21], [19, 6, 20, 7], [17, 12, 18, 13], [13, 22, 14, 1], [1, 16, 2, 17], [11, 5, 12, 4], [15, 9, 16, 8], [3, 11, 4, 10], [7, 15, 8, 14], [21, 19, 22, 18]]"
11a_163_186,"[[21, 19, 22, 18], [9, 3, 10, 2], [5, 20, 6, 21], [19, 6, 20, 7], [17, 12, 18, 13], [13, 22, 14, 1], [1, 16, 2, 17], [11, 5, 12, 4], [15, 9, 16, 8], [3, 11, 4, 10], [7, 15, 8, 14]]"
11a_163_187,"[[8, 16, 9, 15], [22, 20, 1, 19], [10, 4, 11, 3], [6, 21, 7, 22], [20, 7, 21, 8], [18, 13, 19, 14], [14, 1, 15, 2], [2, 17, 3, 18], [12, 6, 13, 5], [16, 10, 17, 9], [4, 12, 5, 11]]"
11a_163_188,"[[4, 12, 5, 11], [8, 16, 9, 15], [22, 20, 1, 19], [10, 4, 11, 3], [6, 21, 7, 22], [20, 7, 21, 8], [18, 13, 19, 14], [14, 1, 15, 2], [2, 17, 3, 18], [12, 6, 13, 5], [16, 10, 17, 9]]"
11a_163_189,"[[16, 10, 17, 9], [4, 12, 5, 11], [8, 16, 9, 15], [22, 20, 1, 19], [10, 4, 11, 3], [6, 21, 7, 22], [20, 7, 21, 8], [18, 13, 19, 14], [14, 1, 15, 2], [2, 17, 3, 18], [12, 6, 13, 5]]"
11a_163_190,"[[12, 6, 13, 5], [16, 10, 17, 9], [4, 12, 5, 11], [8, 16, 9, 15], [22, 20, 1, 19], [10, 4, 11, 3], [6, 21, 7, 22], [20, 7, 21, 8], [18, 13, 19, 14], [14, 1, 15, 2], [2, 17, 3, 18]]"
11a_163_191,"[[2, 17, 3, 18], [12, 6, 13, 5], [16, 10, 17, 9], [4, 12, 5, 11], [8, 16, 9, 15], [22, 20, 1, 19], [10, 4, 11, 3], [6, 21, 7, 22], [20, 7, 21, 8], [18, 13, 19, 14], [14, 1, 15, 2]]"
11a_163_192,"[[14, 1, 15, 2], [2, 17, 3, 18], [12, 6, 13, 5], [16, 10, 17, 9], [4, 12, 5, 11], [8, 16, 9, 15], [22, 20, 1, 19], [10, 4, 11, 3], [6, 21, 7, 22], [20, 7, 21, 8], [18, 13, 19, 14]]"
11a_163_193,"[[18, 13, 19, 14], [14, 1, 15, 2], [2, 17, 3, 18], [12, 6, 13, 5], [16, 10, 17, 9], [4, 12, 5, 11], [8, 16, 9, 15], [22, 20, 1, 19], [10, 4, 11, 3], [6, 21, 7, 22], [20, 7, 21, 8]]"
11a_163_194,"[[20, 7, 21, 8], [18, 13, 19, 14], [14, 1, 15, 2], [2, 17, 3, 18], [12, 6, 13, 5], [16, 10, 17, 9], [4, 12, 5, 11], [8, 16, 9, 15], [22, 20, 1, 19], [10, 4, 11, 3], [6, 21, 7, 22]]"
11a_163_195,"[[6, 21, 7, 22], [20, 7, 21, 8], [18, 13, 19, 14], [14, 1, 15, 2], [2, 17, 3, 18], [12, 6, 13, 5], [16, 10, 17, 9], [4, 12, 5, 11], [8, 16, 9, 15], [22, 20, 1, 19], [10, 4, 11, 3]]"
11a_163_196,"[[10, 4, 11, 3], [6, 21, 7, 22], [20, 7, 21, 8], [18, 13, 19, 14], [14, 1, 15, 2], [2, 17, 3, 18], [12, 6, 13, 5], [16, 10, 17, 9], [4, 12, 5, 11], [8, 16, 9, 15], [22, 20, 1, 19]]"
11a_163_197,"[[22, 20, 1, 19], [10, 4, 11, 3], [6, 21, 7, 22], [20, 7, 21, 8], [18, 13, 19, 14], [14, 1, 15, 2], [2, 17, 3, 18], [12, 6, 13, 5], [16, 10, 17, 9], [4, 12, 5, 11], [8, 16, 9, 15]]"
11a_163_198,"[[9, 17, 10, 16], [1, 21, 2, 20], [11, 5, 12, 4], [7, 22, 8, 1], [21, 8, 22, 9], [19, 14, 20, 15], [15, 2, 16, 3], [3, 18, 4, 19], [13, 7, 14, 6], [17, 11, 18, 10], [5, 13, 6, 12]]"
11a_163_199,"[[5, 13, 6, 12], [9, 17, 10, 16], [1, 21, 2, 20], [11, 5, 12, 4], [7, 22, 8, 1], [21, 8, 22, 9], [19, 14, 20, 15], [15, 2, 16, 3], [3, 18, 4, 19], [13, 7, 14, 6], [17, 11, 18, 10]]"
11a_163_200,"[[17, 11, 18, 10], [5, 13, 6, 12], [9, 17, 10, 16], [1, 21, 2, 20], [11, 5, 12, 4], [7, 22, 8, 1], [21, 8, 22, 9], [19, 14, 20, 15], [15, 2, 16, 3], [3, 18, 4, 19], [13, 7, 14, 6]]"
11a_163_201,"[[13, 7, 14, 6], [17, 11, 18, 10], [5, 13, 6, 12], [9, 17, 10, 16], [1, 21, 2, 20], [11, 5, 12, 4], [7, 22, 8, 1], [21, 8, 22, 9], [19, 14, 20, 15], [15, 2, 16, 3], [3, 18, 4, 19]]"
11a_163_202,"[[3, 18, 4, 19], [13, 7, 14, 6], [17, 11, 18, 10], [5, 13, 6, 12], [9, 17, 10, 16], [1, 21, 2, 20], [11, 5, 12, 4], [7, 22, 8, 1], [21, 8, 22, 9], [19, 14, 20, 15], [15, 2, 16, 3]]"
11a_163_203,"[[15, 2, 16, 3], [3, 18, 4, 19], [13, 7, 14, 6], [17, 11, 18, 10], [5, 13, 6, 12], [9, 17, 10, 16], [1, 21, 2, 20], [11, 5, 12, 4], [7, 22, 8, 1], [21, 8, 22, 9], [19, 14, 20, 15]]"
