name,pd_notation
11a_191_0,"[[3, 13, 4, 12], [5, 3, 6, 2], [13, 5, 14, 4], [15, 7, 16, 6], [19, 9, 20, 8], [1, 17, 2, 16], [17, 1, 18, 22], [21, 11, 22, 10], [7, 19, 8, 18], [9, 21, 10, 20], [11, 15, 12, 14]]"
11a_191_1,"[[11, 15, 12, 14], [3, 13, 4, 12], [5, 3, 6, 2], [13, 5, 14, 4], [15, 7, 16, 6], [19, 9, 20, 8], [1, 17, 2, 16], [17, 1, 18, 22], [21, 11, 22, 10], [7, 19, 8, 18], [9, 21, 10, 20]]"
11a_191_2,"[[9, 21, 10, 20], [11, 15, 12, 14], [3, 13, 4, 12], [5, 3, 6, 2], [13, 5, 14, 4], [15, 7, 16, 6], [19, 9, 20, 8], [1, 17, 2, 16], [17, 1, 18, 22], [21, 11, 22, 10], [7, 19, 8, 18]]"
11a_191_3,"[[7, 19, 8, 18], [9, 21, 10, 20], [11, 15, 12, 14], [3, 13, 4, 12], [5, 3, 6, 2], [13, 5, 14, 4], [15, 7, 16, 6], [19, 9, 20, 8], [1, 17, 2, 16], [17, 1, 18, 22], [21, 11, 22, 10]]"
11a_191_4,"[[21, 11, 22, 10], [7, 19, 8, 18], [9, 21, 10, 20], [11, 15, 12, 14], [3, 13, 4, 12], [5, 3, 6, 2], [13, 5, 14, 4], [15, 7, 16, 6], [19, 9, 20, 8], [1, 17, 2, 16], [17, 1, 18, 22]]"
11a_191_5,"[[17, 1, 18, 22], [21, 11, 22, 10], [7, 19, 8, 18], [9, 21, 10, 20], [11, 15, 12, 14], [3, 13, 4, 12], [5, 3, 6, 2], [13, 5, 14, 4], [15, 7, 16, 6], [19, 9, 20, 8], [1, 17, 2, 16]]"
11a_191_6,"[[1, 17, 2, 16], [17, 1, 18, 22], [21, 11, 22, 10], [7, 19, 8, 18], [9, 21, 10, 20], [11, 15, 12, 14], [3, 13, 4, 12], [5, 3, 6, 2], [13, 5, 14, 4], [15, 7, 16, 6], [19, 9, 20, 8]]"
11a_191_7,"[[19, 9, 20, 8], [1, 17, 2, 16], [17, 1, 18, 22], [21, 11, 22, 10], [7, 19, 8, 18], [9, 21, 10, 20], [11, 15, 12, 14], [3, 13, 4, 12], [5, 3, 6, 2], [13, 5, 14, 4], [15, 7, 16, 6]]"
11a_191_8,"[[15, 7, 16, 6], [19, 9, 20, 8], [1, 17, 2, 16], [17, 1, 18, 22], [21, 11, 22, 10], [7, 19, 8, 18], [9, 21, 10, 20], [11, 15, 12, 14], [3, 13, 4, 12], [5, 3, 6, 2], [13, 5, 14, 4]]"
11a_191_9,"[[13, 5, 14, 4], [15, 7, 16, 6], [19, 9, 20, 8], [1, 17, 2, 16], [17, 1, 18, 22], [21, 11, 22, 10], [7, 19, 8, 18], [9, 21, 10, 20], [11, 15, 12, 14], [3, 13, 4, 12], [5, 3, 6, 2]]"
11a_191_10,"[[5, 3, 6, 2], [13, 5, 14, 4], [15, 7, 16, 6], [19, 9, 20, 8], [1, 17, 2, 16], [17, 1, 18, 22], [21, 11, 22, 10], [7, 19, 8, 18], [9, 21, 10, 20], [11, 15, 12, 14], [3, 13, 4, 12]]"
11a_191_11,"[[4, 14, 5, 13], [6, 4, 7, 3], [14, 6, 15, 5], [16, 8, 17, 7], [20, 10, 21, 9], [2, 18, 3, 17], [18, 2, 19, 1], [22, 12, 1, 11], [8, 20, 9, 19], [10, 22, 11, 21], [12, 16, 13, 15]]"
11a_191_12,"[[12, 16, 13, 15], [4, 14, 5, 13], [6, 4, 7, 3], [14, 6, 15, 5], [16, 8, 17, 7], [20, 10, 21, 9], [2, 18, 3, 17], [18, 2, 19, 1], [22, 12, 1, 11], [8, 20, 9, 19], [10, 22, 11, 21]]"
11a_191_13,"[[10, 22, 11, 21], [12, 16, 13, 15], [4, 14, 5, 13], [6, 4, 7, 3], [14, 6, 15, 5], [16, 8, 17, 7], [20, 10, 21, 9], [2, 18, 3, 17], [18, 2, 19, 1], [22, 12, 1, 11], [8, 20, 9, 19]]"
11a_191_14,"[[8, 20, 9, 19], [10, 22, 11, 21], [12, 16, 13, 15], [4, 14, 5, 13], [6, 4, 7, 3], [14, 6, 15, 5], [16, 8, 17, 7], [20, 10, 21, 9], [2, 18, 3, 17], [18, 2, 19, 1], [22, 12, 1, 11]]"
11a_191_15,"[[22, 12, 1, 11], [8, 20, 9, 19], [10, 22, 11, 21], [12, 16, 13, 15], [4, 14, 5, 13], [6, 4, 7, 3], [14, 6, 15, 5], [16, 8, 17, 7], [20, 10, 21, 9], [2, 18, 3, 17], [18, 2, 19, 1]]"
11a_191_16,"[[18, 2, 19, 1], [22, 12, 1, 11], [8, 20, 9, 19], [10, 22, 11, 21], [12, 16, 13, 15], [4, 14, 5, 13], [6, 4, 7, 3], [14, 6, 15, 5], [16, 8, 17, 7], [20, 10, 21, 9], [2, 18, 3, 17]]"
11a_191_17,"[[2, 18, 3, 17], [18, 2, 19, 1], [22, 12, 1, 11], [8, 20, 9, 19], [10, 22, 11, 21], [12, 16, 13, 15], [4, 14, 5, 13], [6, 4, 7, 3], [14, 6, 15, 5], [16, 8, 17, 7], [20, 10, 21, 9]]"
11a_191_18,"[[20, 10, 21, 9], [2, 18, 3, 17], [18, 2, 19, 1], [22, 12, 1, 11], [8, 20, 9, 19], [10, 22, 11, 21], [12, 16, 13, 15], [4, 14, 5, 13], [6, 4, 7, 3], [14, 6, 15, 5], [16, 8, 17, 7]]"
11a_191_19,"[[16, 8, 17, 7], [20, 10, 21, 9], [2, 18, 3, 17], [18, 2, 19, 1], [22, 12, 1, 11], [8, 20, 9, 19], [10, 22, 11, 21], [12, 16, 13, 15], [4, 14, 5, 13], [6, 4, 7, 3], [14, 6, 15, 5]]"
11a_191_20,"[[14, 6, 15, 5], [16, 8, 17, 7], [20, 10, 21, 9], [2, 18, 3, 17], [18, 2, 19, 1], [22, 12, 1, 11], [8, 20, 9, 19], [10, 22, 11, 21], [12, 16, 13, 15], [4, 14, 5, 13], [6, 4, 7, 3]]"
11a_191_21,"[[6, 4, 7, 3], [14, 6, 15, 5], [16, 8, 17, 7], [20, 10, 21, 9], [2, 18, 3, 17], [18, 2, 19, 1], [22, 12, 1, 11], [8, 20, 9, 19], [10, 22, 11, 21], [12, 16, 13, 15], [4, 14, 5, 13]]"
11a_191_22,"[[5, 15, 6, 14], [7, 5, 8, 4], [15, 7, 16, 6], [17, 9, 18, 8], [21, 11, 22, 10], [3, 19, 4, 18], [19, 3, 20, 2], [1, 13, 2, 12], [9, 21, 10, 20], [11, 1, 12, 22], [13, 17, 14, 16]]"
11a_191_23,"[[13, 17, 14, 16], [5, 15, 6, 14], [7, 5, 8, 4], [15, 7, 16, 6], [17, 9, 18, 8], [21, 11, 22, 10], [3, 19, 4, 18], [19, 3, 20, 2], [1, 13, 2, 12], [9, 21, 10, 20], [11, 1, 12, 22]]"
11a_191_24,"[[11, 1, 12, 22], [13, 17, 14, 16], [5, 15, 6, 14], [7, 5, 8, 4], [15, 7, 16, 6], [17, 9, 18, 8], [21, 11, 22, 10], [3, 19, 4, 18], [19, 3, 20, 2], [1, 13, 2, 12], [9, 21, 10, 20]]"
11a_191_25,"[[9, 21, 10, 20], [11, 1, 12, 22], [13, 17, 14, 16], [5, 15, 6, 14], [7, 5, 8, 4], [15, 7, 16, 6], [17, 9, 18, 8], [21, 11, 22, 10], [3, 19, 4, 18], [19, 3, 20, 2], [1, 13, 2, 12]]"
11a_191_26,"[[1, 13, 2, 12], [9, 21, 10, 20], [11, 1, 12, 22], [13, 17, 14, 16], [5, 15, 6, 14], [7, 5, 8, 4], [15, 7, 16, 6], [17, 9, 18, 8], [21, 11, 22, 10], [3, 19, 4, 18], [19, 3, 20, 2]]"
11a_191_27,"[[19, 3, 20, 2], [1, 13, 2, 12], [9, 21, 10, 20], [11, 1, 12, 22], [13, 17, 14, 16], [5, 15, 6, 14], [7, 5, 8, 4], [15, 7, 16, 6], [17, 9, 18, 8], [21, 11, 22, 10], [3, 19, 4, 18]]"
11a_191_28,"[[3, 19, 4, 18], [19, 3, 20, 2], [1, 13, 2, 12], [9, 21, 10, 20], [11, 1, 12, 22], [13, 17, 14, 16], [5, 15, 6, 14], [7, 5, 8, 4], [15, 7, 16, 6], [17, 9, 18, 8], [21, 11, 22, 10]]"
11a_191_29,"[[21, 11, 22, 10], [3, 19, 4, 18], [19, 3, 20, 2], [1, 13, 2, 12], [9, 21, 10, 20], [11, 1, 12, 22], [13, 17, 14, 16], [5, 15, 6, 14], [7, 5, 8, 4], [15, 7, 16, 6], [17, 9, 18, 8]]"
11a_191_30,"[[17, 9, 18, 8], [21, 11, 22, 10], [3, 19, 4, 18], [19, 3, 20, 2], [1, 13, 2, 12], [9, 21, 10, 20], [11, 1, 12, 22], [13, 17, 14, 16], [5, 15, 6, 14], [7, 5, 8, 4], [15, 7, 16, 6]]"
11a_191_31,"[[15, 7, 16, 6], [17, 9, 18, 8], [21, 11, 22, 10], [3, 19, 4, 18], [19, 3, 20, 2], [1, 13, 2, 12], [9, 21, 10, 20], [11, 1, 12, 22], [13, 17, 14, 16], [5, 15, 6, 14], [7, 5, 8, 4]]"
11a_191_32,"[[7, 5, 8, 4], [15, 7, 16, 6], [17, 9, 18, 8], [21, 11, 22, 10], [3, 19, 4, 18], [19, 3, 20, 2], [1, 13, 2, 12], [9, 21, 10, 20], [11, 1, 12, 22], [13, 17, 14, 16], [5, 15, 6, 14]]"
11a_191_33,"[[6, 16, 7, 15], [8, 6, 9, 5], [16, 8, 17, 7], [18, 10, 19, 9], [22, 12, 1, 11], [4, 20, 5, 19], [20, 4, 21, 3], [2, 14, 3, 13], [10, 22, 11, 21], [12, 2, 13, 1], [14, 18, 15, 17]]"
11a_191_34,"[[14, 18, 15, 17], [6, 16, 7, 15], [8, 6, 9, 5], [16, 8, 17, 7], [18, 10, 19, 9], [22, 12, 1, 11], [4, 20, 5, 19], [20, 4, 21, 3], [2, 14, 3, 13], [10, 22, 11, 21], [12, 2, 13, 1]]"
11a_191_35,"[[12, 2, 13, 1], [14, 18, 15, 17], [6, 16, 7, 15], [8, 6, 9, 5], [16, 8, 17, 7], [18, 10, 19, 9], [22, 12, 1, 11], [4, 20, 5, 19], [20, 4, 21, 3], [2, 14, 3, 13], [10, 22, 11, 21]]"
11a_191_36,"[[10, 22, 11, 21], [12, 2, 13, 1], [14, 18, 15, 17], [6, 16, 7, 15], [8, 6, 9, 5], [16, 8, 17, 7], [18, 10, 19, 9], [22, 12, 1, 11], [4, 20, 5, 19], [20, 4, 21, 3], [2, 14, 3, 13]]"
11a_191_37,"[[2, 14, 3, 13], [10, 22, 11, 21], [12, 2, 13, 1], [14, 18, 15, 17], [6, 16, 7, 15], [8, 6, 9, 5], [16, 8, 17, 7], [18, 10, 19, 9], [22, 12, 1, 11], [4, 20, 5, 19], [20, 4, 21, 3]]"
11a_191_38,"[[20, 4, 21, 3], [2, 14, 3, 13], [10, 22, 11, 21], [12, 2, 13, 1], [14, 18, 15, 17], [6, 16, 7, 15], [8, 6, 9, 5], [16, 8, 17, 7], [18, 10, 19, 9], [22, 12, 1, 11], [4, 20, 5, 19]]"
11a_191_39,"[[4, 20, 5, 19], [20, 4, 21, 3], [2, 14, 3, 13], [10, 22, 11, 21], [12, 2, 13, 1], [14, 18, 15, 17], [6, 16, 7, 15], [8, 6, 9, 5], [16, 8, 17, 7], [18, 10, 19, 9], [22, 12, 1, 11]]"
11a_191_40,"[[22, 12, 1, 11], [4, 20, 5, 19], [20, 4, 21, 3], [2, 14, 3, 13], [10, 22, 11, 21], [12, 2, 13, 1], [14, 18, 15, 17], [6, 16, 7, 15], [8, 6, 9, 5], [16, 8, 17, 7], [18, 10, 19, 9]]"
11a_191_41,"[[18, 10, 19, 9], [22, 12, 1, 11], [4, 20, 5, 19], [20, 4, 21, 3], [2, 14, 3, 13], [10, 22, 11, 21], [12, 2, 13, 1], [14, 18, 15, 17], [6, 16, 7, 15], [8, 6, 9, 5], [16, 8, 17, 7]]"
11a_191_42,"[[16, 8, 17, 7], [18, 10, 19, 9], [22, 12, 1, 11], [4, 20, 5, 19], [20, 4, 21, 3], [2, 14, 3, 13], [10, 22, 11, 21], [12, 2, 13, 1], [14, 18, 15, 17], [6, 16, 7, 15], [8, 6, 9, 5]]"
11a_191_43,"[[8, 6, 9, 5], [16, 8, 17, 7], [18, 10, 19, 9], [22, 12, 1, 11], [4, 20, 5, 19], [20, 4, 21, 3], [2, 14, 3, 13], [10, 22, 11, 21], [12, 2, 13, 1], [14, 18, 15, 17], [6, 16, 7, 15]]"
11a_191_44,"[[7, 17, 8, 16], [9, 7, 10, 6], [17, 9, 18, 8], [19, 11, 20, 10], [1, 13, 2, 12], [5, 21, 6, 20], [21, 5, 22, 4], [3, 15, 4, 14], [11, 1, 12, 22], [13, 3, 14, 2], [15, 19, 16, 18]]"
11a_191_45,"[[15, 19, 16, 18], [7, 17, 8, 16], [9, 7, 10, 6], [17, 9, 18, 8], [19, 11, 20, 10], [1, 13, 2, 12], [5, 21, 6, 20], [21, 5, 22, 4], [3, 15, 4, 14], [11, 1, 12, 22], [13, 3, 14, 2]]"
11a_191_46,"[[13, 3, 14, 2], [15, 19, 16, 18], [7, 17, 8, 16], [9, 7, 10, 6], [17, 9, 18, 8], [19, 11, 20, 10], [1, 13, 2, 12], [5, 21, 6, 20], [21, 5, 22, 4], [3, 15, 4, 14], [11, 1, 12, 22]]"
11a_191_47,"[[11, 1, 12, 22], [13, 3, 14, 2], [15, 19, 16, 18], [7, 17, 8, 16], [9, 7, 10, 6], [17, 9, 18, 8], [19, 11, 20, 10], [1, 13, 2, 12], [5, 21, 6, 20], [21, 5, 22, 4], [3, 15, 4, 14]]"
11a_191_48,"[[3, 15, 4, 14], [11, 1, 12, 22], [13, 3, 14, 2], [15, 19, 16, 18], [7, 17, 8, 16], [9, 7, 10, 6], [17, 9, 18, 8], [19, 11, 20, 10], [1, 13, 2, 12], [5, 21, 6, 20], [21, 5, 22, 4]]"
11a_191_49,"[[21, 5, 22, 4], [3, 15, 4, 14], [11, 1, 12, 22], [13, 3, 14, 2], [15, 19, 16, 18], [7, 17, 8, 16], [9, 7, 10, 6], [17, 9, 18, 8], [19, 11, 20, 10], [1, 13, 2, 12], [5, 21, 6, 20]]"
11a_191_50,"[[5, 21, 6, 20], [21, 5, 22, 4], [3, 15, 4, 14], [11, 1, 12, 22], [13, 3, 14, 2], [15, 19, 16, 18], [7, 17, 8, 16], [9, 7, 10, 6], [17, 9, 18, 8], [19, 11, 20, 10], [1, 13, 2, 12]]"
11a_191_51,"[[1, 13, 2, 12], [5, 21, 6, 20], [21, 5, 22, 4], [3, 15, 4, 14], [11, 1, 12, 22], [13, 3, 14, 2], [15, 19, 16, 18], [7, 17, 8, 16], [9, 7, 10, 6], [17, 9, 18, 8], [19, 11, 20, 10]]"
11a_191_52,"[[19, 11, 20, 10], [1, 13, 2, 12], [5, 21, 6, 20], [21, 5, 22, 4], [3, 15, 4, 14], [11, 1, 12, 22], [13, 3, 14, 2], [15, 19, 16, 18], [7, 17, 8, 16], [9, 7, 10, 6], [17, 9, 18, 8]]"
11a_191_53,"[[17, 9, 18, 8], [19, 11, 20, 10], [1, 13, 2, 12], [5, 21, 6, 20], [21, 5, 22, 4], [3, 15, 4, 14], [11, 1, 12, 22], [13, 3, 14, 2], [15, 19, 16, 18], [7, 17, 8, 16], [9, 7, 10, 6]]"
11a_191_54,"[[9, 7, 10, 6], [17, 9, 18, 8], [19, 11, 20, 10], [1, 13, 2, 12], [5, 21, 6, 20], [21, 5, 22, 4], [3, 15, 4, 14], [11, 1, 12, 22], [13, 3, 14, 2], [15, 19, 16, 18], [7, 17, 8, 16]]"
11a_191_55,"[[8, 18, 9, 17], [10, 8, 11, 7], [18, 10, 19, 9], [20, 12, 21, 11], [2, 14, 3, 13], [6, 22, 7, 21], [22, 6, 1, 5], [4, 16, 5, 15], [12, 2, 13, 1], [14, 4, 15, 3], [16, 20, 17, 19]]"
11a_191_56,"[[16, 20, 17, 19], [8, 18, 9, 17], [10, 8, 11, 7], [18, 10, 19, 9], [20, 12, 21, 11], [2, 14, 3, 13], [6, 22, 7, 21], [22, 6, 1, 5], [4, 16, 5, 15], [12, 2, 13, 1], [14, 4, 15, 3]]"
11a_191_57,"[[14, 4, 15, 3], [16, 20, 17, 19], [8, 18, 9, 17], [10, 8, 11, 7], [18, 10, 19, 9], [20, 12, 21, 11], [2, 14, 3, 13], [6, 22, 7, 21], [22, 6, 1, 5], [4, 16, 5, 15], [12, 2, 13, 1]]"
11a_191_58,"[[12, 2, 13, 1], [14, 4, 15, 3], [16, 20, 17, 19], [8, 18, 9, 17], [10, 8, 11, 7], [18, 10, 19, 9], [20, 12, 21, 11], [2, 14, 3, 13], [6, 22, 7, 21], [22, 6, 1, 5], [4, 16, 5, 15]]"
11a_191_59,"[[4, 16, 5, 15], [12, 2, 13, 1], [14, 4, 15, 3], [16, 20, 17, 19], [8, 18, 9, 17], [10, 8, 11, 7], [18, 10, 19, 9], [20, 12, 21, 11], [2, 14, 3, 13], [6, 22, 7, 21], [22, 6, 1, 5]]"
11a_191_60,"[[22, 6, 1, 5], [4, 16, 5, 15], [12, 2, 13, 1], [14, 4, 15, 3], [16, 20, 17, 19], [8, 18, 9, 17], [10, 8, 11, 7], [18, 10, 19, 9], [20, 12, 21, 11], [2, 14, 3, 13], [6, 22, 7, 21]]"
11a_191_61,"[[6, 22, 7, 21], [22, 6, 1, 5], [4, 16, 5, 15], [12, 2, 13, 1], [14, 4, 15, 3], [16, 20, 17, 19], [8, 18, 9, 17], [10, 8, 11, 7], [18, 10, 19, 9], [20, 12, 21, 11], [2, 14, 3, 13]]"
11a_191_62,"[[2, 14, 3, 13], [6, 22, 7, 21], [22, 6, 1, 5], [4, 16, 5, 15], [12, 2, 13, 1], [14, 4, 15, 3], [16, 20, 17, 19], [8, 18, 9, 17], [10, 8, 11, 7], [18, 10, 19, 9], [20, 12, 21, 11]]"
11a_191_63,"[[20, 12, 21, 11], [2, 14, 3, 13], [6, 22, 7, 21], [22, 6, 1, 5], [4, 16, 5, 15], [12, 2, 13, 1], [14, 4, 15, 3], [16, 20, 17, 19], [8, 18, 9, 17], [10, 8, 11, 7], [18, 10, 19, 9]]"
11a_191_64,"[[18, 10, 19, 9], [20, 12, 21, 11], [2, 14, 3, 13], [6, 22, 7, 21], [22, 6, 1, 5], [4, 16, 5, 15], [12, 2, 13, 1], [14, 4, 15, 3], [16, 20, 17, 19], [8, 18, 9, 17], [10, 8, 11, 7]]"
11a_191_65,"[[10, 8, 11, 7], [18, 10, 19, 9], [20, 12, 21, 11], [2, 14, 3, 13], [6, 22, 7, 21], [22, 6, 1, 5], [4, 16, 5, 15], [12, 2, 13, 1], [14, 4, 15, 3], [16, 20, 17, 19], [8, 18, 9, 17]]"
11a_191_66,"[[9, 19, 10, 18], [11, 9, 12, 8], [19, 11, 20, 10], [21, 13, 22, 12], [3, 15, 4, 14], [7, 1, 8, 22], [1, 7, 2, 6], [5, 17, 6, 16], [13, 3, 14, 2], [15, 5, 16, 4], [17, 21, 18, 20]]"
11a_191_67,"[[17, 21, 18, 20], [9, 19, 10, 18], [11, 9, 12, 8], [19, 11, 20, 10], [21, 13, 22, 12], [3, 15, 4, 14], [7, 1, 8, 22], [1, 7, 2, 6], [5, 17, 6, 16], [13, 3, 14, 2], [15, 5, 16, 4]]"
11a_191_68,"[[15, 5, 16, 4], [17, 21, 18, 20], [9, 19, 10, 18], [11, 9, 12, 8], [19, 11, 20, 10], [21, 13, 22, 12], [3, 15, 4, 14], [7, 1, 8, 22], [1, 7, 2, 6], [5, 17, 6, 16], [13, 3, 14, 2]]"
11a_191_69,"[[13, 3, 14, 2], [15, 5, 16, 4], [17, 21, 18, 20], [9, 19, 10, 18], [11, 9, 12, 8], [19, 11, 20, 10], [21, 13, 22, 12], [3, 15, 4, 14], [7, 1, 8, 22], [1, 7, 2, 6], [5, 17, 6, 16]]"
11a_191_70,"[[5, 17, 6, 16], [13, 3, 14, 2], [15, 5, 16, 4], [17, 21, 18, 20], [9, 19, 10, 18], [11, 9, 12, 8], [19, 11, 20, 10], [21, 13, 22, 12], [3, 15, 4, 14], [7, 1, 8, 22], [1, 7, 2, 6]]"
11a_191_71,"[[1, 7, 2, 6], [5, 17, 6, 16], [13, 3, 14, 2], [15, 5, 16, 4], [17, 21, 18, 20], [9, 19, 10, 18], [11, 9, 12, 8], [19, 11, 20, 10], [21, 13, 22, 12], [3, 15, 4, 14], [7, 1, 8, 22]]"
11a_191_72,"[[7, 1, 8, 22], [1, 7, 2, 6], [5, 17, 6, 16], [13, 3, 14, 2], [15, 5, 16, 4], [17, 21, 18, 20], [9, 19, 10, 18], [11, 9, 12, 8], [19, 11, 20, 10], [21, 13, 22, 12], [3, 15, 4, 14]]"
11a_191_73,"[[3, 15, 4, 14], [7, 1, 8, 22], [1, 7, 2, 6], [5, 17, 6, 16], [13, 3, 14, 2], [15, 5, 16, 4], [17, 21, 18, 20], [9, 19, 10, 18], [11, 9, 12, 8], [19, 11, 20, 10], [21, 13, 22, 12]]"
11a_191_74,"[[21, 13, 22, 12], [3, 15, 4, 14], [7, 1, 8, 22], [1, 7, 2, 6], [5, 17, 6, 16], [13, 3, 14, 2], [15, 5, 16, 4], [17, 21, 18, 20], [9, 19, 10, 18], [11, 9, 12, 8], [19, 11, 20, 10]]"
11a_191_75,"[[19, 11, 20, 10], [21, 13, 22, 12], [3, 15, 4, 14], [7, 1, 8, 22], [1, 7, 2, 6], [5, 17, 6, 16], [13, 3, 14, 2], [15, 5, 16, 4], [17, 21, 18, 20], [9, 19, 10, 18], [11, 9, 12, 8]]"
11a_191_76,"[[11, 9, 12, 8], [19, 11, 20, 10], [21, 13, 22, 12], [3, 15, 4, 14], [7, 1, 8, 22], [1, 7, 2, 6], [5, 17, 6, 16], [13, 3, 14, 2], [15, 5, 16, 4], [17, 21, 18, 20], [9, 19, 10, 18]]"
11a_191_77,"[[10, 20, 11, 19], [12, 10, 13, 9], [20, 12, 21, 11], [22, 14, 1, 13], [4, 16, 5, 15], [8, 2, 9, 1], [2, 8, 3, 7], [6, 18, 7, 17], [14, 4, 15, 3], [16, 6, 17, 5], [18, 22, 19, 21]]"
11a_191_78,"[[18, 22, 19, 21], [10, 20, 11, 19], [12, 10, 13, 9], [20, 12, 21, 11], [22, 14, 1, 13], [4, 16, 5, 15], [8, 2, 9, 1], [2, 8, 3, 7], [6, 18, 7, 17], [14, 4, 15, 3], [16, 6, 17, 5]]"
11a_191_79,"[[16, 6, 17, 5], [18, 22, 19, 21], [10, 20, 11, 19], [12, 10, 13, 9], [20, 12, 21, 11], [22, 14, 1, 13], [4, 16, 5, 15], [8, 2, 9, 1], [2, 8, 3, 7], [6, 18, 7, 17], [14, 4, 15, 3]]"
11a_191_80,"[[14, 4, 15, 3], [16, 6, 17, 5], [18, 22, 19, 21], [10, 20, 11, 19], [12, 10, 13, 9], [20, 12, 21, 11], [22, 14, 1, 13], [4, 16, 5, 15], [8, 2, 9, 1], [2, 8, 3, 7], [6, 18, 7, 17]]"
11a_191_81,"[[6, 18, 7, 17], [14, 4, 15, 3], [16, 6, 17, 5], [18, 22, 19, 21], [10, 20, 11, 19], [12, 10, 13, 9], [20, 12, 21, 11], [22, 14, 1, 13], [4, 16, 5, 15], [8, 2, 9, 1], [2, 8, 3, 7]]"
11a_191_82,"[[2, 8, 3, 7], [6, 18, 7, 17], [14, 4, 15, 3], [16, 6, 17, 5], [18, 22, 19, 21], [10, 20, 11, 19], [12, 10, 13, 9], [20, 12, 21, 11], [22, 14, 1, 13], [4, 16, 5, 15], [8, 2, 9, 1]]"
11a_191_83,"[[8, 2, 9, 1], [2, 8, 3, 7], [6, 18, 7, 17], [14, 4, 15, 3], [16, 6, 17, 5], [18, 22, 19, 21], [10, 20, 11, 19], [12, 10, 13, 9], [20, 12, 21, 11], [22, 14, 1, 13], [4, 16, 5, 15]]"
11a_191_84,"[[4, 16, 5, 15], [8, 2, 9, 1], [2, 8, 3, 7], [6, 18, 7, 17], [14, 4, 15, 3], [16, 6, 17, 5], [18, 22, 19, 21], [10, 20, 11, 19], [12, 10, 13, 9], [20, 12, 21, 11], [22, 14, 1, 13]]"
11a_191_85,"[[22, 14, 1, 13], [4, 16, 5, 15], [8, 2, 9, 1], [2, 8, 3, 7], [6, 18, 7, 17], [14, 4, 15, 3], [16, 6, 17, 5], [18, 22, 19, 21], [10, 20, 11, 19], [12, 10, 13, 9], [20, 12, 21, 11]]"
11a_191_86,"[[20, 12, 21, 11], [22, 14, 1, 13], [4, 16, 5, 15], [8, 2, 9, 1], [2, 8, 3, 7], [6, 18, 7, 17], [14, 4, 15, 3], [16, 6, 17, 5], [18, 22, 19, 21], [10, 20, 11, 19], [12, 10, 13, 9]]"
11a_191_87,"[[12, 10, 13, 9], [20, 12, 21, 11], [22, 14, 1, 13], [4, 16, 5, 15], [8, 2, 9, 1], [2, 8, 3, 7], [6, 18, 7, 17], [14, 4, 15, 3], [16, 6, 17, 5], [18, 22, 19, 21], [10, 20, 11, 19]]"
11a_191_88,"[[11, 21, 12, 20], [13, 11, 14, 10], [21, 13, 22, 12], [1, 15, 2, 14], [5, 17, 6, 16], [9, 3, 10, 2], [3, 9, 4, 8], [7, 19, 8, 18], [15, 5, 16, 4], [17, 7, 18, 6], [19, 1, 20, 22]]"
11a_191_89,"[[19, 1, 20, 22], [11, 21, 12, 20], [13, 11, 14, 10], [21, 13, 22, 12], [1, 15, 2, 14], [5, 17, 6, 16], [9, 3, 10, 2], [3, 9, 4, 8], [7, 19, 8, 18], [15, 5, 16, 4], [17, 7, 18, 6]]"
11a_191_90,"[[17, 7, 18, 6], [19, 1, 20, 22], [11, 21, 12, 20], [13, 11, 14, 10], [21, 13, 22, 12], [1, 15, 2, 14], [5, 17, 6, 16], [9, 3, 10, 2], [3, 9, 4, 8], [7, 19, 8, 18], [15, 5, 16, 4]]"
11a_191_91,"[[15, 5, 16, 4], [17, 7, 18, 6], [19, 1, 20, 22], [11, 21, 12, 20], [13, 11, 14, 10], [21, 13, 22, 12], [1, 15, 2, 14], [5, 17, 6, 16], [9, 3, 10, 2], [3, 9, 4, 8], [7, 19, 8, 18]]"
11a_191_92,"[[7, 19, 8, 18], [15, 5, 16, 4], [17, 7, 18, 6], [19, 1, 20, 22], [11, 21, 12, 20], [13, 11, 14, 10], [21, 13, 22, 12], [1, 15, 2, 14], [5, 17, 6, 16], [9, 3, 10, 2], [3, 9, 4, 8]]"
11a_191_93,"[[3, 9, 4, 8], [7, 19, 8, 18], [15, 5, 16, 4], [17, 7, 18, 6], [19, 1, 20, 22], [11, 21, 12, 20], [13, 11, 14, 10], [21, 13, 22, 12], [1, 15, 2, 14], [5, 17, 6, 16], [9, 3, 10, 2]]"
11a_191_94,"[[9, 3, 10, 2], [3, 9, 4, 8], [7, 19, 8, 18], [15, 5, 16, 4], [17, 7, 18, 6], [19, 1, 20, 22], [11, 21, 12, 20], [13, 11, 14, 10], [21, 13, 22, 12], [1, 15, 2, 14], [5, 17, 6, 16]]"
11a_191_95,"[[5, 17, 6, 16], [9, 3, 10, 2], [3, 9, 4, 8], [7, 19, 8, 18], [15, 5, 16, 4], [17, 7, 18, 6], [19, 1, 20, 22], [11, 21, 12, 20], [13, 11, 14, 10], [21, 13, 22, 12], [1, 15, 2, 14]]"
11a_191_96,"[[1, 15, 2, 14], [5, 17, 6, 16], [9, 3, 10, 2], [3, 9, 4, 8], [7, 19, 8, 18], [15, 5, 16, 4], [17, 7, 18, 6], [19, 1, 20, 22], [11, 21, 12, 20], [13, 11, 14, 10], [21, 13, 22, 12]]"
11a_191_97,"[[21, 13, 22, 12], [1, 15, 2, 14], [5, 17, 6, 16], [9, 3, 10, 2], [3, 9, 4, 8], [7, 19, 8, 18], [15, 5, 16, 4], [17, 7, 18, 6], [19, 1, 20, 22], [11, 21, 12, 20], [13, 11, 14, 10]]"
11a_191_98,"[[13, 11, 14, 10], [21, 13, 22, 12], [1, 15, 2, 14], [5, 17, 6, 16], [9, 3, 10, 2], [3, 9, 4, 8], [7, 19, 8, 18], [15, 5, 16, 4], [17, 7, 18, 6], [19, 1, 20, 22], [11, 21, 12, 20]]"
11a_191_99,"[[12, 22, 13, 21], [14, 12, 15, 11], [22, 14, 1, 13], [2, 16, 3, 15], [6, 18, 7, 17], [10, 4, 11, 3], [4, 10, 5, 9], [8, 20, 9, 19], [16, 6, 17, 5], [18, 8, 19, 7], [20, 2, 21, 1]]"
11a_191_100,"[[20, 2, 21, 1], [12, 22, 13, 21], [14, 12, 15, 11], [22, 14, 1, 13], [2, 16, 3, 15], [6, 18, 7, 17], [10, 4, 11, 3], [4, 10, 5, 9], [8, 20, 9, 19], [16, 6, 17, 5], [18, 8, 19, 7]]"
11a_191_101,"[[18, 8, 19, 7], [20, 2, 21, 1], [12, 22, 13, 21], [14, 12, 15, 11], [22, 14, 1, 13], [2, 16, 3, 15], [6, 18, 7, 17], [10, 4, 11, 3], [4, 10, 5, 9], [8, 20, 9, 19], [16, 6, 17, 5]]"
11a_191_102,"[[16, 6, 17, 5], [18, 8, 19, 7], [20, 2, 21, 1], [12, 22, 13, 21], [14, 12, 15, 11], [22, 14, 1, 13], [2, 16, 3, 15], [6, 18, 7, 17], [10, 4, 11, 3], [4, 10, 5, 9], [8, 20, 9, 19]]"
11a_191_103,"[[8, 20, 9, 19], [16, 6, 17, 5], [18, 8, 19, 7], [20, 2, 21, 1], [12, 22, 13, 21], [14, 12, 15, 11], [22, 14, 1, 13], [2, 16, 3, 15], [6, 18, 7, 17], [10, 4, 11, 3], [4, 10, 5, 9]]"
11a_191_104,"[[4, 10, 5, 9], [8, 20, 9, 19], [16, 6, 17, 5], [18, 8, 19, 7], [20, 2, 21, 1], [12, 22, 13, 21], [14, 12, 15, 11], [22, 14, 1, 13], [2, 16, 3, 15], [6, 18, 7, 17], [10, 4, 11, 3]]"
11a_191_105,"[[10, 4, 11, 3], [4, 10, 5, 9], [8, 20, 9, 19], [16, 6, 17, 5], [18, 8, 19, 7], [20, 2, 21, 1], [12, 22, 13, 21], [14, 12, 15, 11], [22, 14, 1, 13], [2, 16, 3, 15], [6, 18, 7, 17]]"
11a_191_106,"[[6, 18, 7, 17], [10, 4, 11, 3], [4, 10, 5, 9], [8, 20, 9, 19], [16, 6, 17, 5], [18, 8, 19, 7], [20, 2, 21, 1], [12, 22, 13, 21], [14, 12, 15, 11], [22, 14, 1, 13], [2, 16, 3, 15]]"
11a_191_107,"[[2, 16, 3, 15], [6, 18, 7, 17], [10, 4, 11, 3], [4, 10, 5, 9], [8, 20, 9, 19], [16, 6, 17, 5], [18, 8, 19, 7], [20, 2, 21, 1], [12, 22, 13, 21], [14, 12, 15, 11], [22, 14, 1, 13]]"
11a_191_108,"[[22, 14, 1, 13], [2, 16, 3, 15], [6, 18, 7, 17], [10, 4, 11, 3], [4, 10, 5, 9], [8, 20, 9, 19], [16, 6, 17, 5], [18, 8, 19, 7], [20, 2, 21, 1], [12, 22, 13, 21], [14, 12, 15, 11]]"
11a_191_109,"[[14, 12, 15, 11], [22, 14, 1, 13], [2, 16, 3, 15], [6, 18, 7, 17], [10, 4, 11, 3], [4, 10, 5, 9], [8, 20, 9, 19], [16, 6, 17, 5], [18, 8, 19, 7], [20, 2, 21, 1], [12, 22, 13, 21]]"
11a_191_110,"[[13, 1, 14, 22], [15, 13, 16, 12], [1, 15, 2, 14], [3, 17, 4, 16], [7, 19, 8, 18], [11, 5, 12, 4], [5, 11, 6, 10], [9, 21, 10, 20], [17, 7, 18, 6], [19, 9, 20, 8], [21, 3, 22, 2]]"
11a_191_111,"[[21, 3, 22, 2], [13, 1, 14, 22], [15, 13, 16, 12], [1, 15, 2, 14], [3, 17, 4, 16], [7, 19, 8, 18], [11, 5, 12, 4], [5, 11, 6, 10], [9, 21, 10, 20], [17, 7, 18, 6], [19, 9, 20, 8]]"
11a_191_112,"[[19, 9, 20, 8], [21, 3, 22, 2], [13, 1, 14, 22], [15, 13, 16, 12], [1, 15, 2, 14], [3, 17, 4, 16], [7, 19, 8, 18], [11, 5, 12, 4], [5, 11, 6, 10], [9, 21, 10, 20], [17, 7, 18, 6]]"
11a_191_113,"[[17, 7, 18, 6], [19, 9, 20, 8], [21, 3, 22, 2], [13, 1, 14, 22], [15, 13, 16, 12], [1, 15, 2, 14], [3, 17, 4, 16], [7, 19, 8, 18], [11, 5, 12, 4], [5, 11, 6, 10], [9, 21, 10, 20]]"
11a_191_114,"[[9, 21, 10, 20], [17, 7, 18, 6], [19, 9, 20, 8], [21, 3, 22, 2], [13, 1, 14, 22], [15, 13, 16, 12], [1, 15, 2, 14], [3, 17, 4, 16], [7, 19, 8, 18], [11, 5, 12, 4], [5, 11, 6, 10]]"
11a_191_115,"[[5, 11, 6, 10], [9, 21, 10, 20], [17, 7, 18, 6], [19, 9, 20, 8], [21, 3, 22, 2], [13, 1, 14, 22], [15, 13, 16, 12], [1, 15, 2, 14], [3, 17, 4, 16], [7, 19, 8, 18], [11, 5, 12, 4]]"
11a_191_116,"[[11, 5, 12, 4], [5, 11, 6, 10], [9, 21, 10, 20], [17, 7, 18, 6], [19, 9, 20, 8], [21, 3, 22, 2], [13, 1, 14, 22], [15, 13, 16, 12], [1, 15, 2, 14], [3, 17, 4, 16], [7, 19, 8, 18]]"
11a_191_117,"[[7, 19, 8, 18], [11, 5, 12, 4], [5, 11, 6, 10], [9, 21, 10, 20], [17, 7, 18, 6], [19, 9, 20, 8], [21, 3, 22, 2], [13, 1, 14, 22], [15, 13, 16, 12], [1, 15, 2, 14], [3, 17, 4, 16]]"
11a_191_118,"[[3, 17, 4, 16], [7, 19, 8, 18], [11, 5, 12, 4], [5, 11, 6, 10], [9, 21, 10, 20], [17, 7, 18, 6], [19, 9, 20, 8], [21, 3, 22, 2], [13, 1, 14, 22], [15, 13, 16, 12], [1, 15, 2, 14]]"
11a_191_119,"[[1, 15, 2, 14], [3, 17, 4, 16], [7, 19, 8, 18], [11, 5, 12, 4], [5, 11, 6, 10], [9, 21, 10, 20], [17, 7, 18, 6], [19, 9, 20, 8], [21, 3, 22, 2], [13, 1, 14, 22], [15, 13, 16, 12]]"
11a_191_120,"[[15, 13, 16, 12], [1, 15, 2, 14], [3, 17, 4, 16], [7, 19, 8, 18], [11, 5, 12, 4], [5, 11, 6, 10], [9, 21, 10, 20], [17, 7, 18, 6], [19, 9, 20, 8], [21, 3, 22, 2], [13, 1, 14, 22]]"
11a_191_121,"[[14, 2, 15, 1], [16, 14, 17, 13], [2, 16, 3, 15], [4, 18, 5, 17], [8, 20, 9, 19], [12, 6, 13, 5], [6, 12, 7, 11], [10, 22, 11, 21], [18, 8, 19, 7], [20, 10, 21, 9], [22, 4, 1, 3]]"
11a_191_122,"[[22, 4, 1, 3], [14, 2, 15, 1], [16, 14, 17, 13], [2, 16, 3, 15], [4, 18, 5, 17], [8, 20, 9, 19], [12, 6, 13, 5], [6, 12, 7, 11], [10, 22, 11, 21], [18, 8, 19, 7], [20, 10, 21, 9]]"
11a_191_123,"[[20, 10, 21, 9], [22, 4, 1, 3], [14, 2, 15, 1], [16, 14, 17, 13], [2, 16, 3, 15], [4, 18, 5, 17], [8, 20, 9, 19], [12, 6, 13, 5], [6, 12, 7, 11], [10, 22, 11, 21], [18, 8, 19, 7]]"
11a_191_124,"[[18, 8, 19, 7], [20, 10, 21, 9], [22, 4, 1, 3], [14, 2, 15, 1], [16, 14, 17, 13], [2, 16, 3, 15], [4, 18, 5, 17], [8, 20, 9, 19], [12, 6, 13, 5], [6, 12, 7, 11], [10, 22, 11, 21]]"
11a_191_125,"[[10, 22, 11, 21], [18, 8, 19, 7], [20, 10, 21, 9], [22, 4, 1, 3], [14, 2, 15, 1], [16, 14, 17, 13], [2, 16, 3, 15], [4, 18, 5, 17], [8, 20, 9, 19], [12, 6, 13, 5], [6, 12, 7, 11]]"
11a_191_126,"[[6, 12, 7, 11], [10, 22, 11, 21], [18, 8, 19, 7], [20, 10, 21, 9], [22, 4, 1, 3], [14, 2, 15, 1], [16, 14, 17, 13], [2, 16, 3, 15], [4, 18, 5, 17], [8, 20, 9, 19], [12, 6, 13, 5]]"
11a_191_127,"[[12, 6, 13, 5], [6, 12, 7, 11], [10, 22, 11, 21], [18, 8, 19, 7], [20, 10, 21, 9], [22, 4, 1, 3], [14, 2, 15, 1], [16, 14, 17, 13], [2, 16, 3, 15], [4, 18, 5, 17], [8, 20, 9, 19]]"
11a_191_128,"[[8, 20, 9, 19], [12, 6, 13, 5], [6, 12, 7, 11], [10, 22, 11, 21], [18, 8, 19, 7], [20, 10, 21, 9], [22, 4, 1, 3], [14, 2, 15, 1], [16, 14, 17, 13], [2, 16, 3, 15], [4, 18, 5, 17]]"
11a_191_129,"[[4, 18, 5, 17], [8, 20, 9, 19], [12, 6, 13, 5], [6, 12, 7, 11], [10, 22, 11, 21], [18, 8, 19, 7], [20, 10, 21, 9], [22, 4, 1, 3], [14, 2, 15, 1], [16, 14, 17, 13], [2, 16, 3, 15]]"
11a_191_130,"[[2, 16, 3, 15], [4, 18, 5, 17], [8, 20, 9, 19], [12, 6, 13, 5], [6, 12, 7, 11], [10, 22, 11, 21], [18, 8, 19, 7], [20, 10, 21, 9], [22, 4, 1, 3], [14, 2, 15, 1], [16, 14, 17, 13]]"
11a_191_131,"[[16, 14, 17, 13], [2, 16, 3, 15], [4, 18, 5, 17], [8, 20, 9, 19], [12, 6, 13, 5], [6, 12, 7, 11], [10, 22, 11, 21], [18, 8, 19, 7], [20, 10, 21, 9], [22, 4, 1, 3], [14, 2, 15, 1]]"
11a_191_132,"[[15, 3, 16, 2], [17, 15, 18, 14], [3, 17, 4, 16], [5, 19, 6, 18], [9, 21, 10, 20], [13, 7, 14, 6], [7, 13, 8, 12], [11, 1, 12, 22], [19, 9, 20, 8], [21, 11, 22, 10], [1, 5, 2, 4]]"
11a_191_133,"[[1, 5, 2, 4], [15, 3, 16, 2], [17, 15, 18, 14], [3, 17, 4, 16], [5, 19, 6, 18], [9, 21, 10, 20], [13, 7, 14, 6], [7, 13, 8, 12], [11, 1, 12, 22], [19, 9, 20, 8], [21, 11, 22, 10]]"
11a_191_134,"[[21, 11, 22, 10], [1, 5, 2, 4], [15, 3, 16, 2], [17, 15, 18, 14], [3, 17, 4, 16], [5, 19, 6, 18], [9, 21, 10, 20], [13, 7, 14, 6], [7, 13, 8, 12], [11, 1, 12, 22], [19, 9, 20, 8]]"
11a_191_135,"[[19, 9, 20, 8], [21, 11, 22, 10], [1, 5, 2, 4], [15, 3, 16, 2], [17, 15, 18, 14], [3, 17, 4, 16], [5, 19, 6, 18], [9, 21, 10, 20], [13, 7, 14, 6], [7, 13, 8, 12], [11, 1, 12, 22]]"
11a_191_136,"[[11, 1, 12, 22], [19, 9, 20, 8], [21, 11, 22, 10], [1, 5, 2, 4], [15, 3, 16, 2], [17, 15, 18, 14], [3, 17, 4, 16], [5, 19, 6, 18], [9, 21, 10, 20], [13, 7, 14, 6], [7, 13, 8, 12]]"
11a_191_137,"[[7, 13, 8, 12], [11, 1, 12, 22], [19, 9, 20, 8], [21, 11, 22, 10], [1, 5, 2, 4], [15, 3, 16, 2], [17, 15, 18, 14], [3, 17, 4, 16], [5, 19, 6, 18], [9, 21, 10, 20], [13, 7, 14, 6]]"
11a_191_138,"[[13, 7, 14, 6], [7, 13, 8, 12], [11, 1, 12, 22], [19, 9, 20, 8], [21, 11, 22, 10], [1, 5, 2, 4], [15, 3, 16, 2], [17, 15, 18, 14], [3, 17, 4, 16], [5, 19, 6, 18], [9, 21, 10, 20]]"
11a_191_139,"[[9, 21, 10, 20], [13, 7, 14, 6], [7, 13, 8, 12], [11, 1, 12, 22], [19, 9, 20, 8], [21, 11, 22, 10], [1, 5, 2, 4], [15, 3, 16, 2], [17, 15, 18, 14], [3, 17, 4, 16], [5, 19, 6, 18]]"
11a_191_140,"[[5, 19, 6, 18], [9, 21, 10, 20], [13, 7, 14, 6], [7, 13, 8, 12], [11, 1, 12, 22], [19, 9, 20, 8], [21, 11, 22, 10], [1, 5, 2, 4], [15, 3, 16, 2], [17, 15, 18, 14], [3, 17, 4, 16]]"
11a_191_141,"[[3, 17, 4, 16], [5, 19, 6, 18], [9, 21, 10, 20], [13, 7, 14, 6], [7, 13, 8, 12], [11, 1, 12, 22], [19, 9, 20, 8], [21, 11, 22, 10], [1, 5, 2, 4], [15, 3, 16, 2], [17, 15, 18, 14]]"
11a_191_142,"[[17, 15, 18, 14], [3, 17, 4, 16], [5, 19, 6, 18], [9, 21, 10, 20], [13, 7, 14, 6], [7, 13, 8, 12], [11, 1, 12, 22], [19, 9, 20, 8], [21, 11, 22, 10], [1, 5, 2, 4], [15, 3, 16, 2]]"
11a_191_143,"[[16, 4, 17, 3], [18, 16, 19, 15], [4, 18, 5, 17], [6, 20, 7, 19], [10, 22, 11, 21], [14, 8, 15, 7], [8, 14, 9, 13], [12, 2, 13, 1], [20, 10, 21, 9], [22, 12, 1, 11], [2, 6, 3, 5]]"
11a_191_144,"[[2, 6, 3, 5], [16, 4, 17, 3], [18, 16, 19, 15], [4, 18, 5, 17], [6, 20, 7, 19], [10, 22, 11, 21], [14, 8, 15, 7], [8, 14, 9, 13], [12, 2, 13, 1], [20, 10, 21, 9], [22, 12, 1, 11]]"
11a_191_145,"[[22, 12, 1, 11], [2, 6, 3, 5], [16, 4, 17, 3], [18, 16, 19, 15], [4, 18, 5, 17], [6, 20, 7, 19], [10, 22, 11, 21], [14, 8, 15, 7], [8, 14, 9, 13], [12, 2, 13, 1], [20, 10, 21, 9]]"
11a_191_146,"[[20, 10, 21, 9], [22, 12, 1, 11], [2, 6, 3, 5], [16, 4, 17, 3], [18, 16, 19, 15], [4, 18, 5, 17], [6, 20, 7, 19], [10, 22, 11, 21], [14, 8, 15, 7], [8, 14, 9, 13], [12, 2, 13, 1]]"
11a_191_147,"[[12, 2, 13, 1], [20, 10, 21, 9], [22, 12, 1, 11], [2, 6, 3, 5], [16, 4, 17, 3], [18, 16, 19, 15], [4, 18, 5, 17], [6, 20, 7, 19], [10, 22, 11, 21], [14, 8, 15, 7], [8, 14, 9, 13]]"
11a_191_148,"[[8, 14, 9, 13], [12, 2, 13, 1], [20, 10, 21, 9], [22, 12, 1, 11], [2, 6, 3, 5], [16, 4, 17, 3], [18, 16, 19, 15], [4, 18, 5, 17], [6, 20, 7, 19], [10, 22, 11, 21], [14, 8, 15, 7]]"
11a_191_149,"[[14, 8, 15, 7], [8, 14, 9, 13], [12, 2, 13, 1], [20, 10, 21, 9], [22, 12, 1, 11], [2, 6, 3, 5], [16, 4, 17, 3], [18, 16, 19, 15], [4, 18, 5, 17], [6, 20, 7, 19], [10, 22, 11, 21]]"
11a_191_150,"[[10, 22, 11, 21], [14, 8, 15, 7], [8, 14, 9, 13], [12, 2, 13, 1], [20, 10, 21, 9], [22, 12, 1, 11], [2, 6, 3, 5], [16, 4, 17, 3], [18, 16, 19, 15], [4, 18, 5, 17], [6, 20, 7, 19]]"
11a_191_151,"[[6, 20, 7, 19], [10, 22, 11, 21], [14, 8, 15, 7], [8, 14, 9, 13], [12, 2, 13, 1], [20, 10, 21, 9], [22, 12, 1, 11], [2, 6, 3, 5], [16, 4, 17, 3], [18, 16, 19, 15], [4, 18, 5, 17]]"
11a_191_152,"[[4, 18, 5, 17], [6, 20, 7, 19], [10, 22, 11, 21], [14, 8, 15, 7], [8, 14, 9, 13], [12, 2, 13, 1], [20, 10, 21, 9], [22, 12, 1, 11], [2, 6, 3, 5], [16, 4, 17, 3], [18, 16, 19, 15]]"
11a_191_153,"[[18, 16, 19, 15], [4, 18, 5, 17], [6, 20, 7, 19], [10, 22, 11, 21], [14, 8, 15, 7], [8, 14, 9, 13], [12, 2, 13, 1], [20, 10, 21, 9], [22, 12, 1, 11], [2, 6, 3, 5], [16, 4, 17, 3]]"
11a_191_154,"[[17, 5, 18, 4], [19, 17, 20, 16], [5, 19, 6, 18], [7, 21, 8, 20], [11, 1, 12, 22], [15, 9, 16, 8], [9, 15, 10, 14], [13, 3, 14, 2], [21, 11, 22, 10], [1, 13, 2, 12], [3, 7, 4, 6]]"
11a_191_155,"[[3, 7, 4, 6], [17, 5, 18, 4], [19, 17, 20, 16], [5, 19, 6, 18], [7, 21, 8, 20], [11, 1, 12, 22], [15, 9, 16, 8], [9, 15, 10, 14], [13, 3, 14, 2], [21, 11, 22, 10], [1, 13, 2, 12]]"
11a_191_156,"[[1, 13, 2, 12], [3, 7, 4, 6], [17, 5, 18, 4], [19, 17, 20, 16], [5, 19, 6, 18], [7, 21, 8, 20], [11, 1, 12, 22], [15, 9, 16, 8], [9, 15, 10, 14], [13, 3, 14, 2], [21, 11, 22, 10]]"
11a_191_157,"[[21, 11, 22, 10], [1, 13, 2, 12], [3, 7, 4, 6], [17, 5, 18, 4], [19, 17, 20, 16], [5, 19, 6, 18], [7, 21, 8, 20], [11, 1, 12, 22], [15, 9, 16, 8], [9, 15, 10, 14], [13, 3, 14, 2]]"
11a_191_158,"[[13, 3, 14, 2], [21, 11, 22, 10], [1, 13, 2, 12], [3, 7, 4, 6], [17, 5, 18, 4], [19, 17, 20, 16], [5, 19, 6, 18], [7, 21, 8, 20], [11, 1, 12, 22], [15, 9, 16, 8], [9, 15, 10, 14]]"
11a_191_159,"[[9, 15, 10, 14], [13, 3, 14, 2], [21, 11, 22, 10], [1, 13, 2, 12], [3, 7, 4, 6], [17, 5, 18, 4], [19, 17, 20, 16], [5, 19, 6, 18], [7, 21, 8, 20], [11, 1, 12, 22], [15, 9, 16, 8]]"
11a_191_160,"[[15, 9, 16, 8], [9, 15, 10, 14], [13, 3, 14, 2], [21, 11, 22, 10], [1, 13, 2, 12], [3, 7, 4, 6], [17, 5, 18, 4], [19, 17, 20, 16], [5, 19, 6, 18], [7, 21, 8, 20], [11, 1, 12, 22]]"
11a_191_161,"[[11, 1, 12, 22], [15, 9, 16, 8], [9, 15, 10, 14], [13, 3, 14, 2], [21, 11, 22, 10], [1, 13, 2, 12], [3, 7, 4, 6], [17, 5, 18, 4], [19, 17, 20, 16], [5, 19, 6, 18], [7, 21, 8, 20]]"
11a_191_162,"[[7, 21, 8, 20], [11, 1, 12, 22], [15, 9, 16, 8], [9, 15, 10, 14], [13, 3, 14, 2], [21, 11, 22, 10], [1, 13, 2, 12], [3, 7, 4, 6], [17, 5, 18, 4], [19, 17, 20, 16], [5, 19, 6, 18]]"
11a_191_163,"[[5, 19, 6, 18], [7, 21, 8, 20], [11, 1, 12, 22], [15, 9, 16, 8], [9, 15, 10, 14], [13, 3, 14, 2], [21, 11, 22, 10], [1, 13, 2, 12], [3, 7, 4, 6], [17, 5, 18, 4], [19, 17, 20, 16]]"
11a_191_164,"[[19, 17, 20, 16], [5, 19, 6, 18], [7, 21, 8, 20], [11, 1, 12, 22], [15, 9, 16, 8], [9, 15, 10, 14], [13, 3, 14, 2], [21, 11, 22, 10], [1, 13, 2, 12], [3, 7, 4, 6], [17, 5, 18, 4]]"
11a_191_165,"[[18, 6, 19, 5], [20, 18, 21, 17], [6, 20, 7, 19], [8, 22, 9, 21], [12, 2, 13, 1], [16, 10, 17, 9], [10, 16, 11, 15], [14, 4, 15, 3], [22, 12, 1, 11], [2, 14, 3, 13], [4, 8, 5, 7]]"
11a_191_166,"[[4, 8, 5, 7], [18, 6, 19, 5], [20, 18, 21, 17], [6, 20, 7, 19], [8, 22, 9, 21], [12, 2, 13, 1], [16, 10, 17, 9], [10, 16, 11, 15], [14, 4, 15, 3], [22, 12, 1, 11], [2, 14, 3, 13]]"
11a_191_167,"[[2, 14, 3, 13], [4, 8, 5, 7], [18, 6, 19, 5], [20, 18, 21, 17], [6, 20, 7, 19], [8, 22, 9, 21], [12, 2, 13, 1], [16, 10, 17, 9], [10, 16, 11, 15], [14, 4, 15, 3], [22, 12, 1, 11]]"
11a_191_168,"[[22, 12, 1, 11], [2, 14, 3, 13], [4, 8, 5, 7], [18, 6, 19, 5], [20, 18, 21, 17], [6, 20, 7, 19], [8, 22, 9, 21], [12, 2, 13, 1], [16, 10, 17, 9], [10, 16, 11, 15], [14, 4, 15, 3]]"
11a_191_169,"[[14, 4, 15, 3], [22, 12, 1, 11], [2, 14, 3, 13], [4, 8, 5, 7], [18, 6, 19, 5], [20, 18, 21, 17], [6, 20, 7, 19], [8, 22, 9, 21], [12, 2, 13, 1], [16, 10, 17, 9], [10, 16, 11, 15]]"
11a_191_170,"[[10, 16, 11, 15], [14, 4, 15, 3], [22, 12, 1, 11], [2, 14, 3, 13], [4, 8, 5, 7], [18, 6, 19, 5], [20, 18, 21, 17], [6, 20, 7, 19], [8, 22, 9, 21], [12, 2, 13, 1], [16, 10, 17, 9]]"
11a_191_171,"[[16, 10, 17, 9], [10, 16, 11, 15], [14, 4, 15, 3], [22, 12, 1, 11], [2, 14, 3, 13], [4, 8, 5, 7], [18, 6, 19, 5], [20, 18, 21, 17], [6, 20, 7, 19], [8, 22, 9, 21], [12, 2, 13, 1]]"
11a_191_172,"[[12, 2, 13, 1], [16, 10, 17, 9], [10, 16, 11, 15], [14, 4, 15, 3], [22, 12, 1, 11], [2, 14, 3, 13], [4, 8, 5, 7], [18, 6, 19, 5], [20, 18, 21, 17], [6, 20, 7, 19], [8, 22, 9, 21]]"
11a_191_173,"[[8, 22, 9, 21], [12, 2, 13, 1], [16, 10, 17, 9], [10, 16, 11, 15], [14, 4, 15, 3], [22, 12, 1, 11], [2, 14, 3, 13], [4, 8, 5, 7], [18, 6, 19, 5], [20, 18, 21, 17], [6, 20, 7, 19]]"
11a_191_174,"[[6, 20, 7, 19], [8, 22, 9, 21], [12, 2, 13, 1], [16, 10, 17, 9], [10, 16, 11, 15], [14, 4, 15, 3], [22, 12, 1, 11], [2, 14, 3, 13], [4, 8, 5, 7], [18, 6, 19, 5], [20, 18, 21, 17]]"
11a_191_175,"[[20, 18, 21, 17], [6, 20, 7, 19], [8, 22, 9, 21], [12, 2, 13, 1], [16, 10, 17, 9], [10, 16, 11, 15], [14, 4, 15, 3], [22, 12, 1, 11], [2, 14, 3, 13], [4, 8, 5, 7], [18, 6, 19, 5]]"
11a_191_176,"[[19, 7, 20, 6], [21, 19, 22, 18], [7, 21, 8, 20], [9, 1, 10, 22], [13, 3, 14, 2], [17, 11, 18, 10], [11, 17, 12, 16], [15, 5, 16, 4], [1, 13, 2, 12], [3, 15, 4, 14], [5, 9, 6, 8]]"
11a_191_177,"[[5, 9, 6, 8], [19, 7, 20, 6], [21, 19, 22, 18], [7, 21, 8, 20], [9, 1, 10, 22], [13, 3, 14, 2], [17, 11, 18, 10], [11, 17, 12, 16], [15, 5, 16, 4], [1, 13, 2, 12], [3, 15, 4, 14]]"
11a_191_178,"[[3, 15, 4, 14], [5, 9, 6, 8], [19, 7, 20, 6], [21, 19, 22, 18], [7, 21, 8, 20], [9, 1, 10, 22], [13, 3, 14, 2], [17, 11, 18, 10], [11, 17, 12, 16], [15, 5, 16, 4], [1, 13, 2, 12]]"
11a_191_179,"[[1, 13, 2, 12], [3, 15, 4, 14], [5, 9, 6, 8], [19, 7, 20, 6], [21, 19, 22, 18], [7, 21, 8, 20], [9, 1, 10, 22], [13, 3, 14, 2], [17, 11, 18, 10], [11, 17, 12, 16], [15, 5, 16, 4]]"
11a_191_180,"[[15, 5, 16, 4], [1, 13, 2, 12], [3, 15, 4, 14], [5, 9, 6, 8], [19, 7, 20, 6], [21, 19, 22, 18], [7, 21, 8, 20], [9, 1, 10, 22], [13, 3, 14, 2], [17, 11, 18, 10], [11, 17, 12, 16]]"
11a_191_181,"[[11, 17, 12, 16], [15, 5, 16, 4], [1, 13, 2, 12], [3, 15, 4, 14], [5, 9, 6, 8], [19, 7, 20, 6], [21, 19, 22, 18], [7, 21, 8, 20], [9, 1, 10, 22], [13, 3, 14, 2], [17, 11, 18, 10]]"
11a_191_182,"[[17, 11, 18, 10], [11, 17, 12, 16], [15, 5, 16, 4], [1, 13, 2, 12], [3, 15, 4, 14], [5, 9, 6, 8], [19, 7, 20, 6], [21, 19, 22, 18], [7, 21, 8, 20], [9, 1, 10, 22], [13, 3, 14, 2]]"
11a_191_183,"[[13, 3, 14, 2], [17, 11, 18, 10], [11, 17, 12, 16], [15, 5, 16, 4], [1, 13, 2, 12], [3, 15, 4, 14], [5, 9, 6, 8], [19, 7, 20, 6], [21, 19, 22, 18], [7, 21, 8, 20], [9, 1, 10, 22]]"
11a_191_184,"[[9, 1, 10, 22], [13, 3, 14, 2], [17, 11, 18, 10], [11, 17, 12, 16], [15, 5, 16, 4], [1, 13, 2, 12], [3, 15, 4, 14], [5, 9, 6, 8], [19, 7, 20, 6], [21, 19, 22, 18], [7, 21, 8, 20]]"
11a_191_185,"[[7, 21, 8, 20], [9, 1, 10, 22], [13, 3, 14, 2], [17, 11, 18, 10], [11, 17, 12, 16], [15, 5, 16, 4], [1, 13, 2, 12], [3, 15, 4, 14], [5, 9, 6, 8], [19, 7, 20, 6], [21, 19, 22, 18]]"
11a_191_186,"[[21, 19, 22, 18], [7, 21, 8, 20], [9, 1, 10, 22], [13, 3, 14, 2], [17, 11, 18, 10], [11, 17, 12, 16], [15, 5, 16, 4], [1, 13, 2, 12], [3, 15, 4, 14], [5, 9, 6, 8], [19, 7, 20, 6]]"
11a_191_187,"[[20, 8, 21, 7], [22, 20, 1, 19], [8, 22, 9, 21], [10, 2, 11, 1], [14, 4, 15, 3], [18, 12, 19, 11], [12, 18, 13, 17], [16, 6, 17, 5], [2, 14, 3, 13], [4, 16, 5, 15], [6, 10, 7, 9]]"
11a_191_188,"[[6, 10, 7, 9], [20, 8, 21, 7], [22, 20, 1, 19], [8, 22, 9, 21], [10, 2, 11, 1], [14, 4, 15, 3], [18, 12, 19, 11], [12, 18, 13, 17], [16, 6, 17, 5], [2, 14, 3, 13], [4, 16, 5, 15]]"
11a_191_189,"[[4, 16, 5, 15], [6, 10, 7, 9], [20, 8, 21, 7], [22, 20, 1, 19], [8, 22, 9, 21], [10, 2, 11, 1], [14, 4, 15, 3], [18, 12, 19, 11], [12, 18, 13, 17], [16, 6, 17, 5], [2, 14, 3, 13]]"
11a_191_190,"[[2, 14, 3, 13], [4, 16, 5, 15], [6, 10, 7, 9], [20, 8, 21, 7], [22, 20, 1, 19], [8, 22, 9, 21], [10, 2, 11, 1], [14, 4, 15, 3], [18, 12, 19, 11], [12, 18, 13, 17], [16, 6, 17, 5]]"
11a_191_191,"[[16, 6, 17, 5], [2, 14, 3, 13], [4, 16, 5, 15], [6, 10, 7, 9], [20, 8, 21, 7], [22, 20, 1, 19], [8, 22, 9, 21], [10, 2, 11, 1], [14, 4, 15, 3], [18, 12, 19, 11], [12, 18, 13, 17]]"
11a_191_192,"[[12, 18, 13, 17], [16, 6, 17, 5], [2, 14, 3, 13], [4, 16, 5, 15], [6, 10, 7, 9], [20, 8, 21, 7], [22, 20, 1, 19], [8, 22, 9, 21], [10, 2, 11, 1], [14, 4, 15, 3], [18, 12, 19, 11]]"
11a_191_193,"[[18, 12, 19, 11], [12, 18, 13, 17], [16, 6, 17, 5], [2, 14, 3, 13], [4, 16, 5, 15], [6, 10, 7, 9], [20, 8, 21, 7], [22, 20, 1, 19], [8, 22, 9, 21], [10, 2, 11, 1], [14, 4, 15, 3]]"
11a_191_194,"[[14, 4, 15, 3], [18, 12, 19, 11], [12, 18, 13, 17], [16, 6, 17, 5], [2, 14, 3, 13], [4, 16, 5, 15], [6, 10, 7, 9], [20, 8, 21, 7], [22, 20, 1, 19], [8, 22, 9, 21], [10, 2, 11, 1]]"
11a_191_195,"[[10, 2, 11, 1], [14, 4, 15, 3], [18, 12, 19, 11], [12, 18, 13, 17], [16, 6, 17, 5], [2, 14, 3, 13], [4, 16, 5, 15], [6, 10, 7, 9], [20, 8, 21, 7], [22, 20, 1, 19], [8, 22, 9, 21]]"
11a_191_196,"[[8, 22, 9, 21], [10, 2, 11, 1], [14, 4, 15, 3], [18, 12, 19, 11], [12, 18, 13, 17], [16, 6, 17, 5], [2, 14, 3, 13], [4, 16, 5, 15], [6, 10, 7, 9], [20, 8, 21, 7], [22, 20, 1, 19]]"
11a_191_197,"[[22, 20, 1, 19], [8, 22, 9, 21], [10, 2, 11, 1], [14, 4, 15, 3], [18, 12, 19, 11], [12, 18, 13, 17], [16, 6, 17, 5], [2, 14, 3, 13], [4, 16, 5, 15], [6, 10, 7, 9], [20, 8, 21, 7]]"
11a_191_198,"[[21, 9, 22, 8], [1, 21, 2, 20], [9, 1, 10, 22], [11, 3, 12, 2], [15, 5, 16, 4], [19, 13, 20, 12], [13, 19, 14, 18], [17, 7, 18, 6], [3, 15, 4, 14], [5, 17, 6, 16], [7, 11, 8, 10]]"
11a_191_199,"[[7, 11, 8, 10], [21, 9, 22, 8], [1, 21, 2, 20], [9, 1, 10, 22], [11, 3, 12, 2], [15, 5, 16, 4], [19, 13, 20, 12], [13, 19, 14, 18], [17, 7, 18, 6], [3, 15, 4, 14], [5, 17, 6, 16]]"
11a_191_200,"[[5, 17, 6, 16], [7, 11, 8, 10], [21, 9, 22, 8], [1, 21, 2, 20], [9, 1, 10, 22], [11, 3, 12, 2], [15, 5, 16, 4], [19, 13, 20, 12], [13, 19, 14, 18], [17, 7, 18, 6], [3, 15, 4, 14]]"
11a_191_201,"[[3, 15, 4, 14], [5, 17, 6, 16], [7, 11, 8, 10], [21, 9, 22, 8], [1, 21, 2, 20], [9, 1, 10, 22], [11, 3, 12, 2], [15, 5, 16, 4], [19, 13, 20, 12], [13, 19, 14, 18], [17, 7, 18, 6]]"
11a_191_202,"[[17, 7, 18, 6], [3, 15, 4, 14], [5, 17, 6, 16], [7, 11, 8, 10], [21, 9, 22, 8], [1, 21, 2, 20], [9, 1, 10, 22], [11, 3, 12, 2], [15, 5, 16, 4], [19, 13, 20, 12], [13, 19, 14, 18]]"
11a_191_203,"[[13, 19, 14, 18], [17, 7, 18, 6], [3, 15, 4, 14], [5, 17, 6, 16], [7, 11, 8, 10], [21, 9, 22, 8], [1, 21, 2, 20], [9, 1, 10, 22], [11, 3, 12, 2], [15, 5, 16, 4], [19, 13, 20, 12]]"
