name,pd_notation
11a_227_0,"[[3, 13, 4, 12], [5, 3, 6, 2], [13, 5, 14, 4], [19, 7, 20, 6], [9, 15, 10, 14], [1, 9, 2, 8], [21, 17, 22, 16], [15, 1, 16, 22], [7, 21, 8, 20], [11, 19, 12, 18], [17, 11, 18, 10]]"
11a_227_1,"[[17, 11, 18, 10], [3, 13, 4, 12], [5, 3, 6, 2], [13, 5, 14, 4], [19, 7, 20, 6], [9, 15, 10, 14], [1, 9, 2, 8], [21, 17, 22, 16], [15, 1, 16, 22], [7, 21, 8, 20], [11, 19, 12, 18]]"
11a_227_2,"[[11, 19, 12, 18], [17, 11, 18, 10], [3, 13, 4, 12], [5, 3, 6, 2], [13, 5, 14, 4], [19, 7, 20, 6], [9, 15, 10, 14], [1, 9, 2, 8], [21, 17, 22, 16], [15, 1, 16, 22], [7, 21, 8, 20]]"
11a_227_3,"[[7, 21, 8, 20], [11, 19, 12, 18], [17, 11, 18, 10], [3, 13, 4, 12], [5, 3, 6, 2], [13, 5, 14, 4], [19, 7, 20, 6], [9, 15, 10, 14], [1, 9, 2, 8], [21, 17, 22, 16], [15, 1, 16, 22]]"
11a_227_4,"[[15, 1, 16, 22], [7, 21, 8, 20], [11, 19, 12, 18], [17, 11, 18, 10], [3, 13, 4, 12], [5, 3, 6, 2], [13, 5, 14, 4], [19, 7, 20, 6], [9, 15, 10, 14], [1, 9, 2, 8], [21, 17, 22, 16]]"
11a_227_5,"[[21, 17, 22, 16], [15, 1, 16, 22], [7, 21, 8, 20], [11, 19, 12, 18], [17, 11, 18, 10], [3, 13, 4, 12], [5, 3, 6, 2], [13, 5, 14, 4], [19, 7, 20, 6], [9, 15, 10, 14], [1, 9, 2, 8]]"
11a_227_6,"[[1, 9, 2, 8], [21, 17, 22, 16], [15, 1, 16, 22], [7, 21, 8, 20], [11, 19, 12, 18], [17, 11, 18, 10], [3, 13, 4, 12], [5, 3, 6, 2], [13, 5, 14, 4], [19, 7, 20, 6], [9, 15, 10, 14]]"
11a_227_7,"[[9, 15, 10, 14], [1, 9, 2, 8], [21, 17, 22, 16], [15, 1, 16, 22], [7, 21, 8, 20], [11, 19, 12, 18], [17, 11, 18, 10], [3, 13, 4, 12], [5, 3, 6, 2], [13, 5, 14, 4], [19, 7, 20, 6]]"
11a_227_8,"[[19, 7, 20, 6], [9, 15, 10, 14], [1, 9, 2, 8], [21, 17, 22, 16], [15, 1, 16, 22], [7, 21, 8, 20], [11, 19, 12, 18], [17, 11, 18, 10], [3, 13, 4, 12], [5, 3, 6, 2], [13, 5, 14, 4]]"
11a_227_9,"[[13, 5, 14, 4], [19, 7, 20, 6], [9, 15, 10, 14], [1, 9, 2, 8], [21, 17, 22, 16], [15, 1, 16, 22], [7, 21, 8, 20], [11, 19, 12, 18], [17, 11, 18, 10], [3, 13, 4, 12], [5, 3, 6, 2]]"
11a_227_10,"[[5, 3, 6, 2], [13, 5, 14, 4], [19, 7, 20, 6], [9, 15, 10, 14], [1, 9, 2, 8], [21, 17, 22, 16], [15, 1, 16, 22], [7, 21, 8, 20], [11, 19, 12, 18], [17, 11, 18, 10], [3, 13, 4, 12]]"
11a_227_11,"[[4, 14, 5, 13], [6, 4, 7, 3], [14, 6, 15, 5], [20, 8, 21, 7], [10, 16, 11, 15], [2, 10, 3, 9], [22, 18, 1, 17], [16, 2, 17, 1], [8, 22, 9, 21], [12, 20, 13, 19], [18, 12, 19, 11]]"
11a_227_12,"[[18, 12, 19, 11], [4, 14, 5, 13], [6, 4, 7, 3], [14, 6, 15, 5], [20, 8, 21, 7], [10, 16, 11, 15], [2, 10, 3, 9], [22, 18, 1, 17], [16, 2, 17, 1], [8, 22, 9, 21], [12, 20, 13, 19]]"
11a_227_13,"[[12, 20, 13, 19], [18, 12, 19, 11], [4, 14, 5, 13], [6, 4, 7, 3], [14, 6, 15, 5], [20, 8, 21, 7], [10, 16, 11, 15], [2, 10, 3, 9], [22, 18, 1, 17], [16, 2, 17, 1], [8, 22, 9, 21]]"
11a_227_14,"[[8, 22, 9, 21], [12, 20, 13, 19], [18, 12, 19, 11], [4, 14, 5, 13], [6, 4, 7, 3], [14, 6, 15, 5], [20, 8, 21, 7], [10, 16, 11, 15], [2, 10, 3, 9], [22, 18, 1, 17], [16, 2, 17, 1]]"
11a_227_15,"[[16, 2, 17, 1], [8, 22, 9, 21], [12, 20, 13, 19], [18, 12, 19, 11], [4, 14, 5, 13], [6, 4, 7, 3], [14, 6, 15, 5], [20, 8, 21, 7], [10, 16, 11, 15], [2, 10, 3, 9], [22, 18, 1, 17]]"
11a_227_16,"[[22, 18, 1, 17], [16, 2, 17, 1], [8, 22, 9, 21], [12, 20, 13, 19], [18, 12, 19, 11], [4, 14, 5, 13], [6, 4, 7, 3], [14, 6, 15, 5], [20, 8, 21, 7], [10, 16, 11, 15], [2, 10, 3, 9]]"
11a_227_17,"[[2, 10, 3, 9], [22, 18, 1, 17], [16, 2, 17, 1], [8, 22, 9, 21], [12, 20, 13, 19], [18, 12, 19, 11], [4, 14, 5, 13], [6, 4, 7, 3], [14, 6, 15, 5], [20, 8, 21, 7], [10, 16, 11, 15]]"
11a_227_18,"[[10, 16, 11, 15], [2, 10, 3, 9], [22, 18, 1, 17], [16, 2, 17, 1], [8, 22, 9, 21], [12, 20, 13, 19], [18, 12, 19, 11], [4, 14, 5, 13], [6, 4, 7, 3], [14, 6, 15, 5], [20, 8, 21, 7]]"
11a_227_19,"[[20, 8, 21, 7], [10, 16, 11, 15], [2, 10, 3, 9], [22, 18, 1, 17], [16, 2, 17, 1], [8, 22, 9, 21], [12, 20, 13, 19], [18, 12, 19, 11], [4, 14, 5, 13], [6, 4, 7, 3], [14, 6, 15, 5]]"
11a_227_20,"[[14, 6, 15, 5], [20, 8, 21, 7], [10, 16, 11, 15], [2, 10, 3, 9], [22, 18, 1, 17], [16, 2, 17, 1], [8, 22, 9, 21], [12, 20, 13, 19], [18, 12, 19, 11], [4, 14, 5, 13], [6, 4, 7, 3]]"
11a_227_21,"[[6, 4, 7, 3], [14, 6, 15, 5], [20, 8, 21, 7], [10, 16, 11, 15], [2, 10, 3, 9], [22, 18, 1, 17], [16, 2, 17, 1], [8, 22, 9, 21], [12, 20, 13, 19], [18, 12, 19, 11], [4, 14, 5, 13]]"
11a_227_22,"[[5, 15, 6, 14], [7, 5, 8, 4], [15, 7, 16, 6], [21, 9, 22, 8], [11, 17, 12, 16], [3, 11, 4, 10], [1, 19, 2, 18], [17, 3, 18, 2], [9, 1, 10, 22], [13, 21, 14, 20], [19, 13, 20, 12]]"
11a_227_23,"[[19, 13, 20, 12], [5, 15, 6, 14], [7, 5, 8, 4], [15, 7, 16, 6], [21, 9, 22, 8], [11, 17, 12, 16], [3, 11, 4, 10], [1, 19, 2, 18], [17, 3, 18, 2], [9, 1, 10, 22], [13, 21, 14, 20]]"
11a_227_24,"[[13, 21, 14, 20], [19, 13, 20, 12], [5, 15, 6, 14], [7, 5, 8, 4], [15, 7, 16, 6], [21, 9, 22, 8], [11, 17, 12, 16], [3, 11, 4, 10], [1, 19, 2, 18], [17, 3, 18, 2], [9, 1, 10, 22]]"
11a_227_25,"[[9, 1, 10, 22], [13, 21, 14, 20], [19, 13, 20, 12], [5, 15, 6, 14], [7, 5, 8, 4], [15, 7, 16, 6], [21, 9, 22, 8], [11, 17, 12, 16], [3, 11, 4, 10], [1, 19, 2, 18], [17, 3, 18, 2]]"
11a_227_26,"[[17, 3, 18, 2], [9, 1, 10, 22], [13, 21, 14, 20], [19, 13, 20, 12], [5, 15, 6, 14], [7, 5, 8, 4], [15, 7, 16, 6], [21, 9, 22, 8], [11, 17, 12, 16], [3, 11, 4, 10], [1, 19, 2, 18]]"
11a_227_27,"[[1, 19, 2, 18], [17, 3, 18, 2], [9, 1, 10, 22], [13, 21, 14, 20], [19, 13, 20, 12], [5, 15, 6, 14], [7, 5, 8, 4], [15, 7, 16, 6], [21, 9, 22, 8], [11, 17, 12, 16], [3, 11, 4, 10]]"
11a_227_28,"[[3, 11, 4, 10], [1, 19, 2, 18], [17, 3, 18, 2], [9, 1, 10, 22], [13, 21, 14, 20], [19, 13, 20, 12], [5, 15, 6, 14], [7, 5, 8, 4], [15, 7, 16, 6], [21, 9, 22, 8], [11, 17, 12, 16]]"
11a_227_29,"[[11, 17, 12, 16], [3, 11, 4, 10], [1, 19, 2, 18], [17, 3, 18, 2], [9, 1, 10, 22], [13, 21, 14, 20], [19, 13, 20, 12], [5, 15, 6, 14], [7, 5, 8, 4], [15, 7, 16, 6], [21, 9, 22, 8]]"
11a_227_30,"[[21, 9, 22, 8], [11, 17, 12, 16], [3, 11, 4, 10], [1, 19, 2, 18], [17, 3, 18, 2], [9, 1, 10, 22], [13, 21, 14, 20], [19, 13, 20, 12], [5, 15, 6, 14], [7, 5, 8, 4], [15, 7, 16, 6]]"
11a_227_31,"[[15, 7, 16, 6], [21, 9, 22, 8], [11, 17, 12, 16], [3, 11, 4, 10], [1, 19, 2, 18], [17, 3, 18, 2], [9, 1, 10, 22], [13, 21, 14, 20], [19, 13, 20, 12], [5, 15, 6, 14], [7, 5, 8, 4]]"
11a_227_32,"[[7, 5, 8, 4], [15, 7, 16, 6], [21, 9, 22, 8], [11, 17, 12, 16], [3, 11, 4, 10], [1, 19, 2, 18], [17, 3, 18, 2], [9, 1, 10, 22], [13, 21, 14, 20], [19, 13, 20, 12], [5, 15, 6, 14]]"
11a_227_33,"[[6, 16, 7, 15], [8, 6, 9, 5], [16, 8, 17, 7], [22, 10, 1, 9], [12, 18, 13, 17], [4, 12, 5, 11], [2, 20, 3, 19], [18, 4, 19, 3], [10, 2, 11, 1], [14, 22, 15, 21], [20, 14, 21, 13]]"
11a_227_34,"[[20, 14, 21, 13], [6, 16, 7, 15], [8, 6, 9, 5], [16, 8, 17, 7], [22, 10, 1, 9], [12, 18, 13, 17], [4, 12, 5, 11], [2, 20, 3, 19], [18, 4, 19, 3], [10, 2, 11, 1], [14, 22, 15, 21]]"
11a_227_35,"[[14, 22, 15, 21], [20, 14, 21, 13], [6, 16, 7, 15], [8, 6, 9, 5], [16, 8, 17, 7], [22, 10, 1, 9], [12, 18, 13, 17], [4, 12, 5, 11], [2, 20, 3, 19], [18, 4, 19, 3], [10, 2, 11, 1]]"
11a_227_36,"[[10, 2, 11, 1], [14, 22, 15, 21], [20, 14, 21, 13], [6, 16, 7, 15], [8, 6, 9, 5], [16, 8, 17, 7], [22, 10, 1, 9], [12, 18, 13, 17], [4, 12, 5, 11], [2, 20, 3, 19], [18, 4, 19, 3]]"
11a_227_37,"[[18, 4, 19, 3], [10, 2, 11, 1], [14, 22, 15, 21], [20, 14, 21, 13], [6, 16, 7, 15], [8, 6, 9, 5], [16, 8, 17, 7], [22, 10, 1, 9], [12, 18, 13, 17], [4, 12, 5, 11], [2, 20, 3, 19]]"
11a_227_38,"[[2, 20, 3, 19], [18, 4, 19, 3], [10, 2, 11, 1], [14, 22, 15, 21], [20, 14, 21, 13], [6, 16, 7, 15], [8, 6, 9, 5], [16, 8, 17, 7], [22, 10, 1, 9], [12, 18, 13, 17], [4, 12, 5, 11]]"
11a_227_39,"[[4, 12, 5, 11], [2, 20, 3, 19], [18, 4, 19, 3], [10, 2, 11, 1], [14, 22, 15, 21], [20, 14, 21, 13], [6, 16, 7, 15], [8, 6, 9, 5], [16, 8, 17, 7], [22, 10, 1, 9], [12, 18, 13, 17]]"
11a_227_40,"[[12, 18, 13, 17], [4, 12, 5, 11], [2, 20, 3, 19], [18, 4, 19, 3], [10, 2, 11, 1], [14, 22, 15, 21], [20, 14, 21, 13], [6, 16, 7, 15], [8, 6, 9, 5], [16, 8, 17, 7], [22, 10, 1, 9]]"
11a_227_41,"[[22, 10, 1, 9], [12, 18, 13, 17], [4, 12, 5, 11], [2, 20, 3, 19], [18, 4, 19, 3], [10, 2, 11, 1], [14, 22, 15, 21], [20, 14, 21, 13], [6, 16, 7, 15], [8, 6, 9, 5], [16, 8, 17, 7]]"
11a_227_42,"[[16, 8, 17, 7], [22, 10, 1, 9], [12, 18, 13, 17], [4, 12, 5, 11], [2, 20, 3, 19], [18, 4, 19, 3], [10, 2, 11, 1], [14, 22, 15, 21], [20, 14, 21, 13], [6, 16, 7, 15], [8, 6, 9, 5]]"
11a_227_43,"[[8, 6, 9, 5], [16, 8, 17, 7], [22, 10, 1, 9], [12, 18, 13, 17], [4, 12, 5, 11], [2, 20, 3, 19], [18, 4, 19, 3], [10, 2, 11, 1], [14, 22, 15, 21], [20, 14, 21, 13], [6, 16, 7, 15]]"
11a_227_44,"[[7, 17, 8, 16], [9, 7, 10, 6], [17, 9, 18, 8], [1, 11, 2, 10], [13, 19, 14, 18], [5, 13, 6, 12], [3, 21, 4, 20], [19, 5, 20, 4], [11, 3, 12, 2], [15, 1, 16, 22], [21, 15, 22, 14]]"
11a_227_45,"[[21, 15, 22, 14], [7, 17, 8, 16], [9, 7, 10, 6], [17, 9, 18, 8], [1, 11, 2, 10], [13, 19, 14, 18], [5, 13, 6, 12], [3, 21, 4, 20], [19, 5, 20, 4], [11, 3, 12, 2], [15, 1, 16, 22]]"
11a_227_46,"[[15, 1, 16, 22], [21, 15, 22, 14], [7, 17, 8, 16], [9, 7, 10, 6], [17, 9, 18, 8], [1, 11, 2, 10], [13, 19, 14, 18], [5, 13, 6, 12], [3, 21, 4, 20], [19, 5, 20, 4], [11, 3, 12, 2]]"
11a_227_47,"[[11, 3, 12, 2], [15, 1, 16, 22], [21, 15, 22, 14], [7, 17, 8, 16], [9, 7, 10, 6], [17, 9, 18, 8], [1, 11, 2, 10], [13, 19, 14, 18], [5, 13, 6, 12], [3, 21, 4, 20], [19, 5, 20, 4]]"
11a_227_48,"[[19, 5, 20, 4], [11, 3, 12, 2], [15, 1, 16, 22], [21, 15, 22, 14], [7, 17, 8, 16], [9, 7, 10, 6], [17, 9, 18, 8], [1, 11, 2, 10], [13, 19, 14, 18], [5, 13, 6, 12], [3, 21, 4, 20]]"
11a_227_49,"[[3, 21, 4, 20], [19, 5, 20, 4], [11, 3, 12, 2], [15, 1, 16, 22], [21, 15, 22, 14], [7, 17, 8, 16], [9, 7, 10, 6], [17, 9, 18, 8], [1, 11, 2, 10], [13, 19, 14, 18], [5, 13, 6, 12]]"
11a_227_50,"[[5, 13, 6, 12], [3, 21, 4, 20], [19, 5, 20, 4], [11, 3, 12, 2], [15, 1, 16, 22], [21, 15, 22, 14], [7, 17, 8, 16], [9, 7, 10, 6], [17, 9, 18, 8], [1, 11, 2, 10], [13, 19, 14, 18]]"
11a_227_51,"[[13, 19, 14, 18], [5, 13, 6, 12], [3, 21, 4, 20], [19, 5, 20, 4], [11, 3, 12, 2], [15, 1, 16, 22], [21, 15, 22, 14], [7, 17, 8, 16], [9, 7, 10, 6], [17, 9, 18, 8], [1, 11, 2, 10]]"
11a_227_52,"[[1, 11, 2, 10], [13, 19, 14, 18], [5, 13, 6, 12], [3, 21, 4, 20], [19, 5, 20, 4], [11, 3, 12, 2], [15, 1, 16, 22], [21, 15, 22, 14], [7, 17, 8, 16], [9, 7, 10, 6], [17, 9, 18, 8]]"
11a_227_53,"[[17, 9, 18, 8], [1, 11, 2, 10], [13, 19, 14, 18], [5, 13, 6, 12], [3, 21, 4, 20], [19, 5, 20, 4], [11, 3, 12, 2], [15, 1, 16, 22], [21, 15, 22, 14], [7, 17, 8, 16], [9, 7, 10, 6]]"
11a_227_54,"[[9, 7, 10, 6], [17, 9, 18, 8], [1, 11, 2, 10], [13, 19, 14, 18], [5, 13, 6, 12], [3, 21, 4, 20], [19, 5, 20, 4], [11, 3, 12, 2], [15, 1, 16, 22], [21, 15, 22, 14], [7, 17, 8, 16]]"
11a_227_55,"[[8, 18, 9, 17], [10, 8, 11, 7], [18, 10, 19, 9], [2, 12, 3, 11], [14, 20, 15, 19], [6, 14, 7, 13], [4, 22, 5, 21], [20, 6, 21, 5], [12, 4, 13, 3], [16, 2, 17, 1], [22, 16, 1, 15]]"
11a_227_56,"[[22, 16, 1, 15], [8, 18, 9, 17], [10, 8, 11, 7], [18, 10, 19, 9], [2, 12, 3, 11], [14, 20, 15, 19], [6, 14, 7, 13], [4, 22, 5, 21], [20, 6, 21, 5], [12, 4, 13, 3], [16, 2, 17, 1]]"
11a_227_57,"[[16, 2, 17, 1], [22, 16, 1, 15], [8, 18, 9, 17], [10, 8, 11, 7], [18, 10, 19, 9], [2, 12, 3, 11], [14, 20, 15, 19], [6, 14, 7, 13], [4, 22, 5, 21], [20, 6, 21, 5], [12, 4, 13, 3]]"
11a_227_58,"[[12, 4, 13, 3], [16, 2, 17, 1], [22, 16, 1, 15], [8, 18, 9, 17], [10, 8, 11, 7], [18, 10, 19, 9], [2, 12, 3, 11], [14, 20, 15, 19], [6, 14, 7, 13], [4, 22, 5, 21], [20, 6, 21, 5]]"
11a_227_59,"[[20, 6, 21, 5], [12, 4, 13, 3], [16, 2, 17, 1], [22, 16, 1, 15], [8, 18, 9, 17], [10, 8, 11, 7], [18, 10, 19, 9], [2, 12, 3, 11], [14, 20, 15, 19], [6, 14, 7, 13], [4, 22, 5, 21]]"
11a_227_60,"[[4, 22, 5, 21], [20, 6, 21, 5], [12, 4, 13, 3], [16, 2, 17, 1], [22, 16, 1, 15], [8, 18, 9, 17], [10, 8, 11, 7], [18, 10, 19, 9], [2, 12, 3, 11], [14, 20, 15, 19], [6, 14, 7, 13]]"
11a_227_61,"[[6, 14, 7, 13], [4, 22, 5, 21], [20, 6, 21, 5], [12, 4, 13, 3], [16, 2, 17, 1], [22, 16, 1, 15], [8, 18, 9, 17], [10, 8, 11, 7], [18, 10, 19, 9], [2, 12, 3, 11], [14, 20, 15, 19]]"
11a_227_62,"[[14, 20, 15, 19], [6, 14, 7, 13], [4, 22, 5, 21], [20, 6, 21, 5], [12, 4, 13, 3], [16, 2, 17, 1], [22, 16, 1, 15], [8, 18, 9, 17], [10, 8, 11, 7], [18, 10, 19, 9], [2, 12, 3, 11]]"
11a_227_63,"[[2, 12, 3, 11], [14, 20, 15, 19], [6, 14, 7, 13], [4, 22, 5, 21], [20, 6, 21, 5], [12, 4, 13, 3], [16, 2, 17, 1], [22, 16, 1, 15], [8, 18, 9, 17], [10, 8, 11, 7], [18, 10, 19, 9]]"
11a_227_64,"[[18, 10, 19, 9], [2, 12, 3, 11], [14, 20, 15, 19], [6, 14, 7, 13], [4, 22, 5, 21], [20, 6, 21, 5], [12, 4, 13, 3], [16, 2, 17, 1], [22, 16, 1, 15], [8, 18, 9, 17], [10, 8, 11, 7]]"
11a_227_65,"[[10, 8, 11, 7], [18, 10, 19, 9], [2, 12, 3, 11], [14, 20, 15, 19], [6, 14, 7, 13], [4, 22, 5, 21], [20, 6, 21, 5], [12, 4, 13, 3], [16, 2, 17, 1], [22, 16, 1, 15], [8, 18, 9, 17]]"
11a_227_66,"[[9, 19, 10, 18], [11, 9, 12, 8], [19, 11, 20, 10], [3, 13, 4, 12], [15, 21, 16, 20], [7, 15, 8, 14], [5, 1, 6, 22], [21, 7, 22, 6], [13, 5, 14, 4], [17, 3, 18, 2], [1, 17, 2, 16]]"
11a_227_67,"[[1, 17, 2, 16], [9, 19, 10, 18], [11, 9, 12, 8], [19, 11, 20, 10], [3, 13, 4, 12], [15, 21, 16, 20], [7, 15, 8, 14], [5, 1, 6, 22], [21, 7, 22, 6], [13, 5, 14, 4], [17, 3, 18, 2]]"
11a_227_68,"[[17, 3, 18, 2], [1, 17, 2, 16], [9, 19, 10, 18], [11, 9, 12, 8], [19, 11, 20, 10], [3, 13, 4, 12], [15, 21, 16, 20], [7, 15, 8, 14], [5, 1, 6, 22], [21, 7, 22, 6], [13, 5, 14, 4]]"
11a_227_69,"[[13, 5, 14, 4], [17, 3, 18, 2], [1, 17, 2, 16], [9, 19, 10, 18], [11, 9, 12, 8], [19, 11, 20, 10], [3, 13, 4, 12], [15, 21, 16, 20], [7, 15, 8, 14], [5, 1, 6, 22], [21, 7, 22, 6]]"
11a_227_70,"[[21, 7, 22, 6], [13, 5, 14, 4], [17, 3, 18, 2], [1, 17, 2, 16], [9, 19, 10, 18], [11, 9, 12, 8], [19, 11, 20, 10], [3, 13, 4, 12], [15, 21, 16, 20], [7, 15, 8, 14], [5, 1, 6, 22]]"
11a_227_71,"[[5, 1, 6, 22], [21, 7, 22, 6], [13, 5, 14, 4], [17, 3, 18, 2], [1, 17, 2, 16], [9, 19, 10, 18], [11, 9, 12, 8], [19, 11, 20, 10], [3, 13, 4, 12], [15, 21, 16, 20], [7, 15, 8, 14]]"
11a_227_72,"[[7, 15, 8, 14], [5, 1, 6, 22], [21, 7, 22, 6], [13, 5, 14, 4], [17, 3, 18, 2], [1, 17, 2, 16], [9, 19, 10, 18], [11, 9, 12, 8], [19, 11, 20, 10], [3, 13, 4, 12], [15, 21, 16, 20]]"
11a_227_73,"[[15, 21, 16, 20], [7, 15, 8, 14], [5, 1, 6, 22], [21, 7, 22, 6], [13, 5, 14, 4], [17, 3, 18, 2], [1, 17, 2, 16], [9, 19, 10, 18], [11, 9, 12, 8], [19, 11, 20, 10], [3, 13, 4, 12]]"
11a_227_74,"[[3, 13, 4, 12], [15, 21, 16, 20], [7, 15, 8, 14], [5, 1, 6, 22], [21, 7, 22, 6], [13, 5, 14, 4], [17, 3, 18, 2], [1, 17, 2, 16], [9, 19, 10, 18], [11, 9, 12, 8], [19, 11, 20, 10]]"
11a_227_75,"[[19, 11, 20, 10], [3, 13, 4, 12], [15, 21, 16, 20], [7, 15, 8, 14], [5, 1, 6, 22], [21, 7, 22, 6], [13, 5, 14, 4], [17, 3, 18, 2], [1, 17, 2, 16], [9, 19, 10, 18], [11, 9, 12, 8]]"
11a_227_76,"[[11, 9, 12, 8], [19, 11, 20, 10], [3, 13, 4, 12], [15, 21, 16, 20], [7, 15, 8, 14], [5, 1, 6, 22], [21, 7, 22, 6], [13, 5, 14, 4], [17, 3, 18, 2], [1, 17, 2, 16], [9, 19, 10, 18]]"
11a_227_77,"[[10, 20, 11, 19], [12, 10, 13, 9], [20, 12, 21, 11], [4, 14, 5, 13], [16, 22, 17, 21], [8, 16, 9, 15], [6, 2, 7, 1], [22, 8, 1, 7], [14, 6, 15, 5], [18, 4, 19, 3], [2, 18, 3, 17]]"
11a_227_78,"[[2, 18, 3, 17], [10, 20, 11, 19], [12, 10, 13, 9], [20, 12, 21, 11], [4, 14, 5, 13], [16, 22, 17, 21], [8, 16, 9, 15], [6, 2, 7, 1], [22, 8, 1, 7], [14, 6, 15, 5], [18, 4, 19, 3]]"
11a_227_79,"[[18, 4, 19, 3], [2, 18, 3, 17], [10, 20, 11, 19], [12, 10, 13, 9], [20, 12, 21, 11], [4, 14, 5, 13], [16, 22, 17, 21], [8, 16, 9, 15], [6, 2, 7, 1], [22, 8, 1, 7], [14, 6, 15, 5]]"
11a_227_80,"[[14, 6, 15, 5], [18, 4, 19, 3], [2, 18, 3, 17], [10, 20, 11, 19], [12, 10, 13, 9], [20, 12, 21, 11], [4, 14, 5, 13], [16, 22, 17, 21], [8, 16, 9, 15], [6, 2, 7, 1], [22, 8, 1, 7]]"
11a_227_81,"[[22, 8, 1, 7], [14, 6, 15, 5], [18, 4, 19, 3], [2, 18, 3, 17], [10, 20, 11, 19], [12, 10, 13, 9], [20, 12, 21, 11], [4, 14, 5, 13], [16, 22, 17, 21], [8, 16, 9, 15], [6, 2, 7, 1]]"
11a_227_82,"[[6, 2, 7, 1], [22, 8, 1, 7], [14, 6, 15, 5], [18, 4, 19, 3], [2, 18, 3, 17], [10, 20, 11, 19], [12, 10, 13, 9], [20, 12, 21, 11], [4, 14, 5, 13], [16, 22, 17, 21], [8, 16, 9, 15]]"
11a_227_83,"[[8, 16, 9, 15], [6, 2, 7, 1], [22, 8, 1, 7], [14, 6, 15, 5], [18, 4, 19, 3], [2, 18, 3, 17], [10, 20, 11, 19], [12, 10, 13, 9], [20, 12, 21, 11], [4, 14, 5, 13], [16, 22, 17, 21]]"
11a_227_84,"[[16, 22, 17, 21], [8, 16, 9, 15], [6, 2, 7, 1], [22, 8, 1, 7], [14, 6, 15, 5], [18, 4, 19, 3], [2, 18, 3, 17], [10, 20, 11, 19], [12, 10, 13, 9], [20, 12, 21, 11], [4, 14, 5, 13]]"
11a_227_85,"[[4, 14, 5, 13], [16, 22, 17, 21], [8, 16, 9, 15], [6, 2, 7, 1], [22, 8, 1, 7], [14, 6, 15, 5], [18, 4, 19, 3], [2, 18, 3, 17], [10, 20, 11, 19], [12, 10, 13, 9], [20, 12, 21, 11]]"
11a_227_86,"[[20, 12, 21, 11], [4, 14, 5, 13], [16, 22, 17, 21], [8, 16, 9, 15], [6, 2, 7, 1], [22, 8, 1, 7], [14, 6, 15, 5], [18, 4, 19, 3], [2, 18, 3, 17], [10, 20, 11, 19], [12, 10, 13, 9]]"
11a_227_87,"[[12, 10, 13, 9], [20, 12, 21, 11], [4, 14, 5, 13], [16, 22, 17, 21], [8, 16, 9, 15], [6, 2, 7, 1], [22, 8, 1, 7], [14, 6, 15, 5], [18, 4, 19, 3], [2, 18, 3, 17], [10, 20, 11, 19]]"
11a_227_88,"[[11, 21, 12, 20], [13, 11, 14, 10], [21, 13, 22, 12], [5, 15, 6, 14], [17, 1, 18, 22], [9, 17, 10, 16], [7, 3, 8, 2], [1, 9, 2, 8], [15, 7, 16, 6], [19, 5, 20, 4], [3, 19, 4, 18]]"
11a_227_89,"[[3, 19, 4, 18], [11, 21, 12, 20], [13, 11, 14, 10], [21, 13, 22, 12], [5, 15, 6, 14], [17, 1, 18, 22], [9, 17, 10, 16], [7, 3, 8, 2], [1, 9, 2, 8], [15, 7, 16, 6], [19, 5, 20, 4]]"
11a_227_90,"[[19, 5, 20, 4], [3, 19, 4, 18], [11, 21, 12, 20], [13, 11, 14, 10], [21, 13, 22, 12], [5, 15, 6, 14], [17, 1, 18, 22], [9, 17, 10, 16], [7, 3, 8, 2], [1, 9, 2, 8], [15, 7, 16, 6]]"
11a_227_91,"[[15, 7, 16, 6], [19, 5, 20, 4], [3, 19, 4, 18], [11, 21, 12, 20], [13, 11, 14, 10], [21, 13, 22, 12], [5, 15, 6, 14], [17, 1, 18, 22], [9, 17, 10, 16], [7, 3, 8, 2], [1, 9, 2, 8]]"
11a_227_92,"[[1, 9, 2, 8], [15, 7, 16, 6], [19, 5, 20, 4], [3, 19, 4, 18], [11, 21, 12, 20], [13, 11, 14, 10], [21, 13, 22, 12], [5, 15, 6, 14], [17, 1, 18, 22], [9, 17, 10, 16], [7, 3, 8, 2]]"
11a_227_93,"[[7, 3, 8, 2], [1, 9, 2, 8], [15, 7, 16, 6], [19, 5, 20, 4], [3, 19, 4, 18], [11, 21, 12, 20], [13, 11, 14, 10], [21, 13, 22, 12], [5, 15, 6, 14], [17, 1, 18, 22], [9, 17, 10, 16]]"
11a_227_94,"[[9, 17, 10, 16], [7, 3, 8, 2], [1, 9, 2, 8], [15, 7, 16, 6], [19, 5, 20, 4], [3, 19, 4, 18], [11, 21, 12, 20], [13, 11, 14, 10], [21, 13, 22, 12], [5, 15, 6, 14], [17, 1, 18, 22]]"
11a_227_95,"[[17, 1, 18, 22], [9, 17, 10, 16], [7, 3, 8, 2], [1, 9, 2, 8], [15, 7, 16, 6], [19, 5, 20, 4], [3, 19, 4, 18], [11, 21, 12, 20], [13, 11, 14, 10], [21, 13, 22, 12], [5, 15, 6, 14]]"
11a_227_96,"[[5, 15, 6, 14], [17, 1, 18, 22], [9, 17, 10, 16], [7, 3, 8, 2], [1, 9, 2, 8], [15, 7, 16, 6], [19, 5, 20, 4], [3, 19, 4, 18], [11, 21, 12, 20], [13, 11, 14, 10], [21, 13, 22, 12]]"
11a_227_97,"[[21, 13, 22, 12], [5, 15, 6, 14], [17, 1, 18, 22], [9, 17, 10, 16], [7, 3, 8, 2], [1, 9, 2, 8], [15, 7, 16, 6], [19, 5, 20, 4], [3, 19, 4, 18], [11, 21, 12, 20], [13, 11, 14, 10]]"
11a_227_98,"[[13, 11, 14, 10], [21, 13, 22, 12], [5, 15, 6, 14], [17, 1, 18, 22], [9, 17, 10, 16], [7, 3, 8, 2], [1, 9, 2, 8], [15, 7, 16, 6], [19, 5, 20, 4], [3, 19, 4, 18], [11, 21, 12, 20]]"
11a_227_99,"[[12, 22, 13, 21], [14, 12, 15, 11], [22, 14, 1, 13], [6, 16, 7, 15], [18, 2, 19, 1], [10, 18, 11, 17], [8, 4, 9, 3], [2, 10, 3, 9], [16, 8, 17, 7], [20, 6, 21, 5], [4, 20, 5, 19]]"
11a_227_100,"[[4, 20, 5, 19], [12, 22, 13, 21], [14, 12, 15, 11], [22, 14, 1, 13], [6, 16, 7, 15], [18, 2, 19, 1], [10, 18, 11, 17], [8, 4, 9, 3], [2, 10, 3, 9], [16, 8, 17, 7], [20, 6, 21, 5]]"
11a_227_101,"[[20, 6, 21, 5], [4, 20, 5, 19], [12, 22, 13, 21], [14, 12, 15, 11], [22, 14, 1, 13], [6, 16, 7, 15], [18, 2, 19, 1], [10, 18, 11, 17], [8, 4, 9, 3], [2, 10, 3, 9], [16, 8, 17, 7]]"
11a_227_102,"[[16, 8, 17, 7], [20, 6, 21, 5], [4, 20, 5, 19], [12, 22, 13, 21], [14, 12, 15, 11], [22, 14, 1, 13], [6, 16, 7, 15], [18, 2, 19, 1], [10, 18, 11, 17], [8, 4, 9, 3], [2, 10, 3, 9]]"
11a_227_103,"[[2, 10, 3, 9], [16, 8, 17, 7], [20, 6, 21, 5], [4, 20, 5, 19], [12, 22, 13, 21], [14, 12, 15, 11], [22, 14, 1, 13], [6, 16, 7, 15], [18, 2, 19, 1], [10, 18, 11, 17], [8, 4, 9, 3]]"
11a_227_104,"[[8, 4, 9, 3], [2, 10, 3, 9], [16, 8, 17, 7], [20, 6, 21, 5], [4, 20, 5, 19], [12, 22, 13, 21], [14, 12, 15, 11], [22, 14, 1, 13], [6, 16, 7, 15], [18, 2, 19, 1], [10, 18, 11, 17]]"
11a_227_105,"[[10, 18, 11, 17], [8, 4, 9, 3], [2, 10, 3, 9], [16, 8, 17, 7], [20, 6, 21, 5], [4, 20, 5, 19], [12, 22, 13, 21], [14, 12, 15, 11], [22, 14, 1, 13], [6, 16, 7, 15], [18, 2, 19, 1]]"
11a_227_106,"[[18, 2, 19, 1], [10, 18, 11, 17], [8, 4, 9, 3], [2, 10, 3, 9], [16, 8, 17, 7], [20, 6, 21, 5], [4, 20, 5, 19], [12, 22, 13, 21], [14, 12, 15, 11], [22, 14, 1, 13], [6, 16, 7, 15]]"
11a_227_107,"[[6, 16, 7, 15], [18, 2, 19, 1], [10, 18, 11, 17], [8, 4, 9, 3], [2, 10, 3, 9], [16, 8, 17, 7], [20, 6, 21, 5], [4, 20, 5, 19], [12, 22, 13, 21], [14, 12, 15, 11], [22, 14, 1, 13]]"
11a_227_108,"[[22, 14, 1, 13], [6, 16, 7, 15], [18, 2, 19, 1], [10, 18, 11, 17], [8, 4, 9, 3], [2, 10, 3, 9], [16, 8, 17, 7], [20, 6, 21, 5], [4, 20, 5, 19], [12, 22, 13, 21], [14, 12, 15, 11]]"
11a_227_109,"[[14, 12, 15, 11], [22, 14, 1, 13], [6, 16, 7, 15], [18, 2, 19, 1], [10, 18, 11, 17], [8, 4, 9, 3], [2, 10, 3, 9], [16, 8, 17, 7], [20, 6, 21, 5], [4, 20, 5, 19], [12, 22, 13, 21]]"
11a_227_110,"[[13, 1, 14, 22], [15, 13, 16, 12], [1, 15, 2, 14], [7, 17, 8, 16], [19, 3, 20, 2], [11, 19, 12, 18], [9, 5, 10, 4], [3, 11, 4, 10], [17, 9, 18, 8], [21, 7, 22, 6], [5, 21, 6, 20]]"
11a_227_111,"[[5, 21, 6, 20], [13, 1, 14, 22], [15, 13, 16, 12], [1, 15, 2, 14], [7, 17, 8, 16], [19, 3, 20, 2], [11, 19, 12, 18], [9, 5, 10, 4], [3, 11, 4, 10], [17, 9, 18, 8], [21, 7, 22, 6]]"
11a_227_112,"[[21, 7, 22, 6], [5, 21, 6, 20], [13, 1, 14, 22], [15, 13, 16, 12], [1, 15, 2, 14], [7, 17, 8, 16], [19, 3, 20, 2], [11, 19, 12, 18], [9, 5, 10, 4], [3, 11, 4, 10], [17, 9, 18, 8]]"
11a_227_113,"[[17, 9, 18, 8], [21, 7, 22, 6], [5, 21, 6, 20], [13, 1, 14, 22], [15, 13, 16, 12], [1, 15, 2, 14], [7, 17, 8, 16], [19, 3, 20, 2], [11, 19, 12, 18], [9, 5, 10, 4], [3, 11, 4, 10]]"
11a_227_114,"[[3, 11, 4, 10], [17, 9, 18, 8], [21, 7, 22, 6], [5, 21, 6, 20], [13, 1, 14, 22], [15, 13, 16, 12], [1, 15, 2, 14], [7, 17, 8, 16], [19, 3, 20, 2], [11, 19, 12, 18], [9, 5, 10, 4]]"
11a_227_115,"[[9, 5, 10, 4], [3, 11, 4, 10], [17, 9, 18, 8], [21, 7, 22, 6], [5, 21, 6, 20], [13, 1, 14, 22], [15, 13, 16, 12], [1, 15, 2, 14], [7, 17, 8, 16], [19, 3, 20, 2], [11, 19, 12, 18]]"
11a_227_116,"[[11, 19, 12, 18], [9, 5, 10, 4], [3, 11, 4, 10], [17, 9, 18, 8], [21, 7, 22, 6], [5, 21, 6, 20], [13, 1, 14, 22], [15, 13, 16, 12], [1, 15, 2, 14], [7, 17, 8, 16], [19, 3, 20, 2]]"
11a_227_117,"[[19, 3, 20, 2], [11, 19, 12, 18], [9, 5, 10, 4], [3, 11, 4, 10], [17, 9, 18, 8], [21, 7, 22, 6], [5, 21, 6, 20], [13, 1, 14, 22], [15, 13, 16, 12], [1, 15, 2, 14], [7, 17, 8, 16]]"
11a_227_118,"[[7, 17, 8, 16], [19, 3, 20, 2], [11, 19, 12, 18], [9, 5, 10, 4], [3, 11, 4, 10], [17, 9, 18, 8], [21, 7, 22, 6], [5, 21, 6, 20], [13, 1, 14, 22], [15, 13, 16, 12], [1, 15, 2, 14]]"
11a_227_119,"[[1, 15, 2, 14], [7, 17, 8, 16], [19, 3, 20, 2], [11, 19, 12, 18], [9, 5, 10, 4], [3, 11, 4, 10], [17, 9, 18, 8], [21, 7, 22, 6], [5, 21, 6, 20], [13, 1, 14, 22], [15, 13, 16, 12]]"
11a_227_120,"[[15, 13, 16, 12], [1, 15, 2, 14], [7, 17, 8, 16], [19, 3, 20, 2], [11, 19, 12, 18], [9, 5, 10, 4], [3, 11, 4, 10], [17, 9, 18, 8], [21, 7, 22, 6], [5, 21, 6, 20], [13, 1, 14, 22]]"
11a_227_121,"[[14, 2, 15, 1], [16, 14, 17, 13], [2, 16, 3, 15], [8, 18, 9, 17], [20, 4, 21, 3], [12, 20, 13, 19], [10, 6, 11, 5], [4, 12, 5, 11], [18, 10, 19, 9], [22, 8, 1, 7], [6, 22, 7, 21]]"
11a_227_122,"[[6, 22, 7, 21], [14, 2, 15, 1], [16, 14, 17, 13], [2, 16, 3, 15], [8, 18, 9, 17], [20, 4, 21, 3], [12, 20, 13, 19], [10, 6, 11, 5], [4, 12, 5, 11], [18, 10, 19, 9], [22, 8, 1, 7]]"
11a_227_123,"[[22, 8, 1, 7], [6, 22, 7, 21], [14, 2, 15, 1], [16, 14, 17, 13], [2, 16, 3, 15], [8, 18, 9, 17], [20, 4, 21, 3], [12, 20, 13, 19], [10, 6, 11, 5], [4, 12, 5, 11], [18, 10, 19, 9]]"
11a_227_124,"[[18, 10, 19, 9], [22, 8, 1, 7], [6, 22, 7, 21], [14, 2, 15, 1], [16, 14, 17, 13], [2, 16, 3, 15], [8, 18, 9, 17], [20, 4, 21, 3], [12, 20, 13, 19], [10, 6, 11, 5], [4, 12, 5, 11]]"
11a_227_125,"[[4, 12, 5, 11], [18, 10, 19, 9], [22, 8, 1, 7], [6, 22, 7, 21], [14, 2, 15, 1], [16, 14, 17, 13], [2, 16, 3, 15], [8, 18, 9, 17], [20, 4, 21, 3], [12, 20, 13, 19], [10, 6, 11, 5]]"
11a_227_126,"[[10, 6, 11, 5], [4, 12, 5, 11], [18, 10, 19, 9], [22, 8, 1, 7], [6, 22, 7, 21], [14, 2, 15, 1], [16, 14, 17, 13], [2, 16, 3, 15], [8, 18, 9, 17], [20, 4, 21, 3], [12, 20, 13, 19]]"
11a_227_127,"[[12, 20, 13, 19], [10, 6, 11, 5], [4, 12, 5, 11], [18, 10, 19, 9], [22, 8, 1, 7], [6, 22, 7, 21], [14, 2, 15, 1], [16, 14, 17, 13], [2, 16, 3, 15], [8, 18, 9, 17], [20, 4, 21, 3]]"
11a_227_128,"[[20, 4, 21, 3], [12, 20, 13, 19], [10, 6, 11, 5], [4, 12, 5, 11], [18, 10, 19, 9], [22, 8, 1, 7], [6, 22, 7, 21], [14, 2, 15, 1], [16, 14, 17, 13], [2, 16, 3, 15], [8, 18, 9, 17]]"
11a_227_129,"[[8, 18, 9, 17], [20, 4, 21, 3], [12, 20, 13, 19], [10, 6, 11, 5], [4, 12, 5, 11], [18, 10, 19, 9], [22, 8, 1, 7], [6, 22, 7, 21], [14, 2, 15, 1], [16, 14, 17, 13], [2, 16, 3, 15]]"
11a_227_130,"[[2, 16, 3, 15], [8, 18, 9, 17], [20, 4, 21, 3], [12, 20, 13, 19], [10, 6, 11, 5], [4, 12, 5, 11], [18, 10, 19, 9], [22, 8, 1, 7], [6, 22, 7, 21], [14, 2, 15, 1], [16, 14, 17, 13]]"
11a_227_131,"[[16, 14, 17, 13], [2, 16, 3, 15], [8, 18, 9, 17], [20, 4, 21, 3], [12, 20, 13, 19], [10, 6, 11, 5], [4, 12, 5, 11], [18, 10, 19, 9], [22, 8, 1, 7], [6, 22, 7, 21], [14, 2, 15, 1]]"
11a_227_132,"[[15, 3, 16, 2], [17, 15, 18, 14], [3, 17, 4, 16], [9, 19, 10, 18], [21, 5, 22, 4], [13, 21, 14, 20], [11, 7, 12, 6], [5, 13, 6, 12], [19, 11, 20, 10], [1, 9, 2, 8], [7, 1, 8, 22]]"
11a_227_133,"[[7, 1, 8, 22], [15, 3, 16, 2], [17, 15, 18, 14], [3, 17, 4, 16], [9, 19, 10, 18], [21, 5, 22, 4], [13, 21, 14, 20], [11, 7, 12, 6], [5, 13, 6, 12], [19, 11, 20, 10], [1, 9, 2, 8]]"
11a_227_134,"[[1, 9, 2, 8], [7, 1, 8, 22], [15, 3, 16, 2], [17, 15, 18, 14], [3, 17, 4, 16], [9, 19, 10, 18], [21, 5, 22, 4], [13, 21, 14, 20], [11, 7, 12, 6], [5, 13, 6, 12], [19, 11, 20, 10]]"
11a_227_135,"[[19, 11, 20, 10], [1, 9, 2, 8], [7, 1, 8, 22], [15, 3, 16, 2], [17, 15, 18, 14], [3, 17, 4, 16], [9, 19, 10, 18], [21, 5, 22, 4], [13, 21, 14, 20], [11, 7, 12, 6], [5, 13, 6, 12]]"
11a_227_136,"[[5, 13, 6, 12], [19, 11, 20, 10], [1, 9, 2, 8], [7, 1, 8, 22], [15, 3, 16, 2], [17, 15, 18, 14], [3, 17, 4, 16], [9, 19, 10, 18], [21, 5, 22, 4], [13, 21, 14, 20], [11, 7, 12, 6]]"
11a_227_137,"[[11, 7, 12, 6], [5, 13, 6, 12], [19, 11, 20, 10], [1, 9, 2, 8], [7, 1, 8, 22], [15, 3, 16, 2], [17, 15, 18, 14], [3, 17, 4, 16], [9, 19, 10, 18], [21, 5, 22, 4], [13, 21, 14, 20]]"
11a_227_138,"[[13, 21, 14, 20], [11, 7, 12, 6], [5, 13, 6, 12], [19, 11, 20, 10], [1, 9, 2, 8], [7, 1, 8, 22], [15, 3, 16, 2], [17, 15, 18, 14], [3, 17, 4, 16], [9, 19, 10, 18], [21, 5, 22, 4]]"
11a_227_139,"[[21, 5, 22, 4], [13, 21, 14, 20], [11, 7, 12, 6], [5, 13, 6, 12], [19, 11, 20, 10], [1, 9, 2, 8], [7, 1, 8, 22], [15, 3, 16, 2], [17, 15, 18, 14], [3, 17, 4, 16], [9, 19, 10, 18]]"
11a_227_140,"[[9, 19, 10, 18], [21, 5, 22, 4], [13, 21, 14, 20], [11, 7, 12, 6], [5, 13, 6, 12], [19, 11, 20, 10], [1, 9, 2, 8], [7, 1, 8, 22], [15, 3, 16, 2], [17, 15, 18, 14], [3, 17, 4, 16]]"
11a_227_141,"[[3, 17, 4, 16], [9, 19, 10, 18], [21, 5, 22, 4], [13, 21, 14, 20], [11, 7, 12, 6], [5, 13, 6, 12], [19, 11, 20, 10], [1, 9, 2, 8], [7, 1, 8, 22], [15, 3, 16, 2], [17, 15, 18, 14]]"
11a_227_142,"[[17, 15, 18, 14], [3, 17, 4, 16], [9, 19, 10, 18], [21, 5, 22, 4], [13, 21, 14, 20], [11, 7, 12, 6], [5, 13, 6, 12], [19, 11, 20, 10], [1, 9, 2, 8], [7, 1, 8, 22], [15, 3, 16, 2]]"
11a_227_143,"[[16, 4, 17, 3], [18, 16, 19, 15], [4, 18, 5, 17], [10, 20, 11, 19], [22, 6, 1, 5], [14, 22, 15, 21], [12, 8, 13, 7], [6, 14, 7, 13], [20, 12, 21, 11], [2, 10, 3, 9], [8, 2, 9, 1]]"
11a_227_144,"[[8, 2, 9, 1], [16, 4, 17, 3], [18, 16, 19, 15], [4, 18, 5, 17], [10, 20, 11, 19], [22, 6, 1, 5], [14, 22, 15, 21], [12, 8, 13, 7], [6, 14, 7, 13], [20, 12, 21, 11], [2, 10, 3, 9]]"
11a_227_145,"[[2, 10, 3, 9], [8, 2, 9, 1], [16, 4, 17, 3], [18, 16, 19, 15], [4, 18, 5, 17], [10, 20, 11, 19], [22, 6, 1, 5], [14, 22, 15, 21], [12, 8, 13, 7], [6, 14, 7, 13], [20, 12, 21, 11]]"
11a_227_146,"[[20, 12, 21, 11], [2, 10, 3, 9], [8, 2, 9, 1], [16, 4, 17, 3], [18, 16, 19, 15], [4, 18, 5, 17], [10, 20, 11, 19], [22, 6, 1, 5], [14, 22, 15, 21], [12, 8, 13, 7], [6, 14, 7, 13]]"
11a_227_147,"[[6, 14, 7, 13], [20, 12, 21, 11], [2, 10, 3, 9], [8, 2, 9, 1], [16, 4, 17, 3], [18, 16, 19, 15], [4, 18, 5, 17], [10, 20, 11, 19], [22, 6, 1, 5], [14, 22, 15, 21], [12, 8, 13, 7]]"
11a_227_148,"[[12, 8, 13, 7], [6, 14, 7, 13], [20, 12, 21, 11], [2, 10, 3, 9], [8, 2, 9, 1], [16, 4, 17, 3], [18, 16, 19, 15], [4, 18, 5, 17], [10, 20, 11, 19], [22, 6, 1, 5], [14, 22, 15, 21]]"
11a_227_149,"[[14, 22, 15, 21], [12, 8, 13, 7], [6, 14, 7, 13], [20, 12, 21, 11], [2, 10, 3, 9], [8, 2, 9, 1], [16, 4, 17, 3], [18, 16, 19, 15], [4, 18, 5, 17], [10, 20, 11, 19], [22, 6, 1, 5]]"
11a_227_150,"[[22, 6, 1, 5], [14, 22, 15, 21], [12, 8, 13, 7], [6, 14, 7, 13], [20, 12, 21, 11], [2, 10, 3, 9], [8, 2, 9, 1], [16, 4, 17, 3], [18, 16, 19, 15], [4, 18, 5, 17], [10, 20, 11, 19]]"
11a_227_151,"[[10, 20, 11, 19], [22, 6, 1, 5], [14, 22, 15, 21], [12, 8, 13, 7], [6, 14, 7, 13], [20, 12, 21, 11], [2, 10, 3, 9], [8, 2, 9, 1], [16, 4, 17, 3], [18, 16, 19, 15], [4, 18, 5, 17]]"
11a_227_152,"[[4, 18, 5, 17], [10, 20, 11, 19], [22, 6, 1, 5], [14, 22, 15, 21], [12, 8, 13, 7], [6, 14, 7, 13], [20, 12, 21, 11], [2, 10, 3, 9], [8, 2, 9, 1], [16, 4, 17, 3], [18, 16, 19, 15]]"
11a_227_153,"[[18, 16, 19, 15], [4, 18, 5, 17], [10, 20, 11, 19], [22, 6, 1, 5], [14, 22, 15, 21], [12, 8, 13, 7], [6, 14, 7, 13], [20, 12, 21, 11], [2, 10, 3, 9], [8, 2, 9, 1], [16, 4, 17, 3]]"
11a_227_154,"[[17, 5, 18, 4], [19, 17, 20, 16], [5, 19, 6, 18], [11, 21, 12, 20], [1, 7, 2, 6], [15, 1, 16, 22], [13, 9, 14, 8], [7, 15, 8, 14], [21, 13, 22, 12], [3, 11, 4, 10], [9, 3, 10, 2]]"
11a_227_155,"[[9, 3, 10, 2], [17, 5, 18, 4], [19, 17, 20, 16], [5, 19, 6, 18], [11, 21, 12, 20], [1, 7, 2, 6], [15, 1, 16, 22], [13, 9, 14, 8], [7, 15, 8, 14], [21, 13, 22, 12], [3, 11, 4, 10]]"
11a_227_156,"[[3, 11, 4, 10], [9, 3, 10, 2], [17, 5, 18, 4], [19, 17, 20, 16], [5, 19, 6, 18], [11, 21, 12, 20], [1, 7, 2, 6], [15, 1, 16, 22], [13, 9, 14, 8], [7, 15, 8, 14], [21, 13, 22, 12]]"
11a_227_157,"[[21, 13, 22, 12], [3, 11, 4, 10], [9, 3, 10, 2], [17, 5, 18, 4], [19, 17, 20, 16], [5, 19, 6, 18], [11, 21, 12, 20], [1, 7, 2, 6], [15, 1, 16, 22], [13, 9, 14, 8], [7, 15, 8, 14]]"
11a_227_158,"[[7, 15, 8, 14], [21, 13, 22, 12], [3, 11, 4, 10], [9, 3, 10, 2], [17, 5, 18, 4], [19, 17, 20, 16], [5, 19, 6, 18], [11, 21, 12, 20], [1, 7, 2, 6], [15, 1, 16, 22], [13, 9, 14, 8]]"
11a_227_159,"[[13, 9, 14, 8], [7, 15, 8, 14], [21, 13, 22, 12], [3, 11, 4, 10], [9, 3, 10, 2], [17, 5, 18, 4], [19, 17, 20, 16], [5, 19, 6, 18], [11, 21, 12, 20], [1, 7, 2, 6], [15, 1, 16, 22]]"
11a_227_160,"[[15, 1, 16, 22], [13, 9, 14, 8], [7, 15, 8, 14], [21, 13, 22, 12], [3, 11, 4, 10], [9, 3, 10, 2], [17, 5, 18, 4], [19, 17, 20, 16], [5, 19, 6, 18], [11, 21, 12, 20], [1, 7, 2, 6]]"
11a_227_161,"[[1, 7, 2, 6], [15, 1, 16, 22], [13, 9, 14, 8], [7, 15, 8, 14], [21, 13, 22, 12], [3, 11, 4, 10], [9, 3, 10, 2], [17, 5, 18, 4], [19, 17, 20, 16], [5, 19, 6, 18], [11, 21, 12, 20]]"
11a_227_162,"[[11, 21, 12, 20], [1, 7, 2, 6], [15, 1, 16, 22], [13, 9, 14, 8], [7, 15, 8, 14], [21, 13, 22, 12], [3, 11, 4, 10], [9, 3, 10, 2], [17, 5, 18, 4], [19, 17, 20, 16], [5, 19, 6, 18]]"
11a_227_163,"[[5, 19, 6, 18], [11, 21, 12, 20], [1, 7, 2, 6], [15, 1, 16, 22], [13, 9, 14, 8], [7, 15, 8, 14], [21, 13, 22, 12], [3, 11, 4, 10], [9, 3, 10, 2], [17, 5, 18, 4], [19, 17, 20, 16]]"
11a_227_164,"[[19, 17, 20, 16], [5, 19, 6, 18], [11, 21, 12, 20], [1, 7, 2, 6], [15, 1, 16, 22], [13, 9, 14, 8], [7, 15, 8, 14], [21, 13, 22, 12], [3, 11, 4, 10], [9, 3, 10, 2], [17, 5, 18, 4]]"
11a_227_165,"[[18, 6, 19, 5], [20, 18, 21, 17], [6, 20, 7, 19], [12, 22, 13, 21], [2, 8, 3, 7], [16, 2, 17, 1], [14, 10, 15, 9], [8, 16, 9, 15], [22, 14, 1, 13], [4, 12, 5, 11], [10, 4, 11, 3]]"
11a_227_166,"[[10, 4, 11, 3], [18, 6, 19, 5], [20, 18, 21, 17], [6, 20, 7, 19], [12, 22, 13, 21], [2, 8, 3, 7], [16, 2, 17, 1], [14, 10, 15, 9], [8, 16, 9, 15], [22, 14, 1, 13], [4, 12, 5, 11]]"
11a_227_167,"[[4, 12, 5, 11], [10, 4, 11, 3], [18, 6, 19, 5], [20, 18, 21, 17], [6, 20, 7, 19], [12, 22, 13, 21], [2, 8, 3, 7], [16, 2, 17, 1], [14, 10, 15, 9], [8, 16, 9, 15], [22, 14, 1, 13]]"
11a_227_168,"[[22, 14, 1, 13], [4, 12, 5, 11], [10, 4, 11, 3], [18, 6, 19, 5], [20, 18, 21, 17], [6, 20, 7, 19], [12, 22, 13, 21], [2, 8, 3, 7], [16, 2, 17, 1], [14, 10, 15, 9], [8, 16, 9, 15]]"
11a_227_169,"[[8, 16, 9, 15], [22, 14, 1, 13], [4, 12, 5, 11], [10, 4, 11, 3], [18, 6, 19, 5], [20, 18, 21, 17], [6, 20, 7, 19], [12, 22, 13, 21], [2, 8, 3, 7], [16, 2, 17, 1], [14, 10, 15, 9]]"
11a_227_170,"[[14, 10, 15, 9], [8, 16, 9, 15], [22, 14, 1, 13], [4, 12, 5, 11], [10, 4, 11, 3], [18, 6, 19, 5], [20, 18, 21, 17], [6, 20, 7, 19], [12, 22, 13, 21], [2, 8, 3, 7], [16, 2, 17, 1]]"
11a_227_171,"[[16, 2, 17, 1], [14, 10, 15, 9], [8, 16, 9, 15], [22, 14, 1, 13], [4, 12, 5, 11], [10, 4, 11, 3], [18, 6, 19, 5], [20, 18, 21, 17], [6, 20, 7, 19], [12, 22, 13, 21], [2, 8, 3, 7]]"
11a_227_172,"[[2, 8, 3, 7], [16, 2, 17, 1], [14, 10, 15, 9], [8, 16, 9, 15], [22, 14, 1, 13], [4, 12, 5, 11], [10, 4, 11, 3], [18, 6, 19, 5], [20, 18, 21, 17], [6, 20, 7, 19], [12, 22, 13, 21]]"
11a_227_173,"[[12, 22, 13, 21], [2, 8, 3, 7], [16, 2, 17, 1], [14, 10, 15, 9], [8, 16, 9, 15], [22, 14, 1, 13], [4, 12, 5, 11], [10, 4, 11, 3], [18, 6, 19, 5], [20, 18, 21, 17], [6, 20, 7, 19]]"
11a_227_174,"[[6, 20, 7, 19], [12, 22, 13, 21], [2, 8, 3, 7], [16, 2, 17, 1], [14, 10, 15, 9], [8, 16, 9, 15], [22, 14, 1, 13], [4, 12, 5, 11], [10, 4, 11, 3], [18, 6, 19, 5], [20, 18, 21, 17]]"
11a_227_175,"[[20, 18, 21, 17], [6, 20, 7, 19], [12, 22, 13, 21], [2, 8, 3, 7], [16, 2, 17, 1], [14, 10, 15, 9], [8, 16, 9, 15], [22, 14, 1, 13], [4, 12, 5, 11], [10, 4, 11, 3], [18, 6, 19, 5]]"
11a_227_176,"[[19, 7, 20, 6], [21, 19, 22, 18], [7, 21, 8, 20], [13, 1, 14, 22], [3, 9, 4, 8], [17, 3, 18, 2], [15, 11, 16, 10], [9, 17, 10, 16], [1, 15, 2, 14], [5, 13, 6, 12], [11, 5, 12, 4]]"
11a_227_177,"[[11, 5, 12, 4], [19, 7, 20, 6], [21, 19, 22, 18], [7, 21, 8, 20], [13, 1, 14, 22], [3, 9, 4, 8], [17, 3, 18, 2], [15, 11, 16, 10], [9, 17, 10, 16], [1, 15, 2, 14], [5, 13, 6, 12]]"
11a_227_178,"[[5, 13, 6, 12], [11, 5, 12, 4], [19, 7, 20, 6], [21, 19, 22, 18], [7, 21, 8, 20], [13, 1, 14, 22], [3, 9, 4, 8], [17, 3, 18, 2], [15, 11, 16, 10], [9, 17, 10, 16], [1, 15, 2, 14]]"
11a_227_179,"[[1, 15, 2, 14], [5, 13, 6, 12], [11, 5, 12, 4], [19, 7, 20, 6], [21, 19, 22, 18], [7, 21, 8, 20], [13, 1, 14, 22], [3, 9, 4, 8], [17, 3, 18, 2], [15, 11, 16, 10], [9, 17, 10, 16]]"
11a_227_180,"[[9, 17, 10, 16], [1, 15, 2, 14], [5, 13, 6, 12], [11, 5, 12, 4], [19, 7, 20, 6], [21, 19, 22, 18], [7, 21, 8, 20], [13, 1, 14, 22], [3, 9, 4, 8], [17, 3, 18, 2], [15, 11, 16, 10]]"
11a_227_181,"[[15, 11, 16, 10], [9, 17, 10, 16], [1, 15, 2, 14], [5, 13, 6, 12], [11, 5, 12, 4], [19, 7, 20, 6], [21, 19, 22, 18], [7, 21, 8, 20], [13, 1, 14, 22], [3, 9, 4, 8], [17, 3, 18, 2]]"
11a_227_182,"[[17, 3, 18, 2], [15, 11, 16, 10], [9, 17, 10, 16], [1, 15, 2, 14], [5, 13, 6, 12], [11, 5, 12, 4], [19, 7, 20, 6], [21, 19, 22, 18], [7, 21, 8, 20], [13, 1, 14, 22], [3, 9, 4, 8]]"
11a_227_183,"[[3, 9, 4, 8], [17, 3, 18, 2], [15, 11, 16, 10], [9, 17, 10, 16], [1, 15, 2, 14], [5, 13, 6, 12], [11, 5, 12, 4], [19, 7, 20, 6], [21, 19, 22, 18], [7, 21, 8, 20], [13, 1, 14, 22]]"
11a_227_184,"[[13, 1, 14, 22], [3, 9, 4, 8], [17, 3, 18, 2], [15, 11, 16, 10], [9, 17, 10, 16], [1, 15, 2, 14], [5, 13, 6, 12], [11, 5, 12, 4], [19, 7, 20, 6], [21, 19, 22, 18], [7, 21, 8, 20]]"
11a_227_185,"[[7, 21, 8, 20], [13, 1, 14, 22], [3, 9, 4, 8], [17, 3, 18, 2], [15, 11, 16, 10], [9, 17, 10, 16], [1, 15, 2, 14], [5, 13, 6, 12], [11, 5, 12, 4], [19, 7, 20, 6], [21, 19, 22, 18]]"
11a_227_186,"[[21, 19, 22, 18], [7, 21, 8, 20], [13, 1, 14, 22], [3, 9, 4, 8], [17, 3, 18, 2], [15, 11, 16, 10], [9, 17, 10, 16], [1, 15, 2, 14], [5, 13, 6, 12], [11, 5, 12, 4], [19, 7, 20, 6]]"
11a_227_187,"[[20, 8, 21, 7], [22, 20, 1, 19], [8, 22, 9, 21], [14, 2, 15, 1], [4, 10, 5, 9], [18, 4, 19, 3], [16, 12, 17, 11], [10, 18, 11, 17], [2, 16, 3, 15], [6, 14, 7, 13], [12, 6, 13, 5]]"
11a_227_188,"[[12, 6, 13, 5], [20, 8, 21, 7], [22, 20, 1, 19], [8, 22, 9, 21], [14, 2, 15, 1], [4, 10, 5, 9], [18, 4, 19, 3], [16, 12, 17, 11], [10, 18, 11, 17], [2, 16, 3, 15], [6, 14, 7, 13]]"
11a_227_189,"[[6, 14, 7, 13], [12, 6, 13, 5], [20, 8, 21, 7], [22, 20, 1, 19], [8, 22, 9, 21], [14, 2, 15, 1], [4, 10, 5, 9], [18, 4, 19, 3], [16, 12, 17, 11], [10, 18, 11, 17], [2, 16, 3, 15]]"
11a_227_190,"[[2, 16, 3, 15], [6, 14, 7, 13], [12, 6, 13, 5], [20, 8, 21, 7], [22, 20, 1, 19], [8, 22, 9, 21], [14, 2, 15, 1], [4, 10, 5, 9], [18, 4, 19, 3], [16, 12, 17, 11], [10, 18, 11, 17]]"
11a_227_191,"[[10, 18, 11, 17], [2, 16, 3, 15], [6, 14, 7, 13], [12, 6, 13, 5], [20, 8, 21, 7], [22, 20, 1, 19], [8, 22, 9, 21], [14, 2, 15, 1], [4, 10, 5, 9], [18, 4, 19, 3], [16, 12, 17, 11]]"
11a_227_192,"[[16, 12, 17, 11], [10, 18, 11, 17], [2, 16, 3, 15], [6, 14, 7, 13], [12, 6, 13, 5], [20, 8, 21, 7], [22, 20, 1, 19], [8, 22, 9, 21], [14, 2, 15, 1], [4, 10, 5, 9], [18, 4, 19, 3]]"
11a_227_193,"[[18, 4, 19, 3], [16, 12, 17, 11], [10, 18, 11, 17], [2, 16, 3, 15], [6, 14, 7, 13], [12, 6, 13, 5], [20, 8, 21, 7], [22, 20, 1, 19], [8, 22, 9, 21], [14, 2, 15, 1], [4, 10, 5, 9]]"
11a_227_194,"[[4, 10, 5, 9], [18, 4, 19, 3], [16, 12, 17, 11], [10, 18, 11, 17], [2, 16, 3, 15], [6, 14, 7, 13], [12, 6, 13, 5], [20, 8, 21, 7], [22, 20, 1, 19], [8, 22, 9, 21], [14, 2, 15, 1]]"
11a_227_195,"[[14, 2, 15, 1], [4, 10, 5, 9], [18, 4, 19, 3], [16, 12, 17, 11], [10, 18, 11, 17], [2, 16, 3, 15], [6, 14, 7, 13], [12, 6, 13, 5], [20, 8, 21, 7], [22, 20, 1, 19], [8, 22, 9, 21]]"
11a_227_196,"[[8, 22, 9, 21], [14, 2, 15, 1], [4, 10, 5, 9], [18, 4, 19, 3], [16, 12, 17, 11], [10, 18, 11, 17], [2, 16, 3, 15], [6, 14, 7, 13], [12, 6, 13, 5], [20, 8, 21, 7], [22, 20, 1, 19]]"
11a_227_197,"[[22, 20, 1, 19], [8, 22, 9, 21], [14, 2, 15, 1], [4, 10, 5, 9], [18, 4, 19, 3], [16, 12, 17, 11], [10, 18, 11, 17], [2, 16, 3, 15], [6, 14, 7, 13], [12, 6, 13, 5], [20, 8, 21, 7]]"
11a_227_198,"[[21, 9, 22, 8], [1, 21, 2, 20], [9, 1, 10, 22], [15, 3, 16, 2], [5, 11, 6, 10], [19, 5, 20, 4], [17, 13, 18, 12], [11, 19, 12, 18], [3, 17, 4, 16], [7, 15, 8, 14], [13, 7, 14, 6]]"
11a_227_199,"[[13, 7, 14, 6], [21, 9, 22, 8], [1, 21, 2, 20], [9, 1, 10, 22], [15, 3, 16, 2], [5, 11, 6, 10], [19, 5, 20, 4], [17, 13, 18, 12], [11, 19, 12, 18], [3, 17, 4, 16], [7, 15, 8, 14]]"
11a_227_200,"[[7, 15, 8, 14], [13, 7, 14, 6], [21, 9, 22, 8], [1, 21, 2, 20], [9, 1, 10, 22], [15, 3, 16, 2], [5, 11, 6, 10], [19, 5, 20, 4], [17, 13, 18, 12], [11, 19, 12, 18], [3, 17, 4, 16]]"
11a_227_201,"[[3, 17, 4, 16], [7, 15, 8, 14], [13, 7, 14, 6], [21, 9, 22, 8], [1, 21, 2, 20], [9, 1, 10, 22], [15, 3, 16, 2], [5, 11, 6, 10], [19, 5, 20, 4], [17, 13, 18, 12], [11, 19, 12, 18]]"
11a_227_202,"[[11, 19, 12, 18], [3, 17, 4, 16], [7, 15, 8, 14], [13, 7, 14, 6], [21, 9, 22, 8], [1, 21, 2, 20], [9, 1, 10, 22], [15, 3, 16, 2], [5, 11, 6, 10], [19, 5, 20, 4], [17, 13, 18, 12]]"
11a_227_203,"[[17, 13, 18, 12], [11, 19, 12, 18], [3, 17, 4, 16], [7, 15, 8, 14], [13, 7, 14, 6], [21, 9, 22, 8], [1, 21, 2, 20], [9, 1, 10, 22], [15, 3, 16, 2], [5, 11, 6, 10], [19, 5, 20, 4]]"
