name,pd_notation
11a_346_0,"[[15, 22, 16, 1], [7, 3, 8, 2], [19, 9, 20, 8], [17, 4, 18, 5], [13, 7, 14, 6], [11, 17, 12, 16], [5, 13, 6, 12], [3, 18, 4, 19], [21, 11, 22, 10], [1, 14, 2, 15], [9, 21, 10, 20]]"
11a_346_1,"[[9, 21, 10, 20], [15, 22, 16, 1], [7, 3, 8, 2], [19, 9, 20, 8], [17, 4, 18, 5], [13, 7, 14, 6], [11, 17, 12, 16], [5, 13, 6, 12], [3, 18, 4, 19], [21, 11, 22, 10], [1, 14, 2, 15]]"
11a_346_2,"[[1, 14, 2, 15], [9, 21, 10, 20], [15, 22, 16, 1], [7, 3, 8, 2], [19, 9, 20, 8], [17, 4, 18, 5], [13, 7, 14, 6], [11, 17, 12, 16], [5, 13, 6, 12], [3, 18, 4, 19], [21, 11, 22, 10]]"
11a_346_3,"[[21, 11, 22, 10], [1, 14, 2, 15], [9, 21, 10, 20], [15, 22, 16, 1], [7, 3, 8, 2], [19, 9, 20, 8], [17, 4, 18, 5], [13, 7, 14, 6], [11, 17, 12, 16], [5, 13, 6, 12], [3, 18, 4, 19]]"
11a_346_4,"[[3, 18, 4, 19], [21, 11, 22, 10], [1, 14, 2, 15], [9, 21, 10, 20], [15, 22, 16, 1], [7, 3, 8, 2], [19, 9, 20, 8], [17, 4, 18, 5], [13, 7, 14, 6], [11, 17, 12, 16], [5, 13, 6, 12]]"
11a_346_5,"[[5, 13, 6, 12], [3, 18, 4, 19], [21, 11, 22, 10], [1, 14, 2, 15], [9, 21, 10, 20], [15, 22, 16, 1], [7, 3, 8, 2], [19, 9, 20, 8], [17, 4, 18, 5], [13, 7, 14, 6], [11, 17, 12, 16]]"
11a_346_6,"[[11, 17, 12, 16], [5, 13, 6, 12], [3, 18, 4, 19], [21, 11, 22, 10], [1, 14, 2, 15], [9, 21, 10, 20], [15, 22, 16, 1], [7, 3, 8, 2], [19, 9, 20, 8], [17, 4, 18, 5], [13, 7, 14, 6]]"
11a_346_7,"[[13, 7, 14, 6], [11, 17, 12, 16], [5, 13, 6, 12], [3, 18, 4, 19], [21, 11, 22, 10], [1, 14, 2, 15], [9, 21, 10, 20], [15, 22, 16, 1], [7, 3, 8, 2], [19, 9, 20, 8], [17, 4, 18, 5]]"
11a_346_8,"[[17, 4, 18, 5], [13, 7, 14, 6], [11, 17, 12, 16], [5, 13, 6, 12], [3, 18, 4, 19], [21, 11, 22, 10], [1, 14, 2, 15], [9, 21, 10, 20], [15, 22, 16, 1], [7, 3, 8, 2], [19, 9, 20, 8]]"
11a_346_9,"[[19, 9, 20, 8], [17, 4, 18, 5], [13, 7, 14, 6], [11, 17, 12, 16], [5, 13, 6, 12], [3, 18, 4, 19], [21, 11, 22, 10], [1, 14, 2, 15], [9, 21, 10, 20], [15, 22, 16, 1], [7, 3, 8, 2]]"
11a_346_10,"[[7, 3, 8, 2], [19, 9, 20, 8], [17, 4, 18, 5], [13, 7, 14, 6], [11, 17, 12, 16], [5, 13, 6, 12], [3, 18, 4, 19], [21, 11, 22, 10], [1, 14, 2, 15], [9, 21, 10, 20], [15, 22, 16, 1]]"
11a_346_11,"[[16, 1, 17, 2], [8, 4, 9, 3], [20, 10, 21, 9], [18, 5, 19, 6], [14, 8, 15, 7], [12, 18, 13, 17], [6, 14, 7, 13], [4, 19, 5, 20], [22, 12, 1, 11], [2, 15, 3, 16], [10, 22, 11, 21]]"
11a_346_12,"[[10, 22, 11, 21], [16, 1, 17, 2], [8, 4, 9, 3], [20, 10, 21, 9], [18, 5, 19, 6], [14, 8, 15, 7], [12, 18, 13, 17], [6, 14, 7, 13], [4, 19, 5, 20], [22, 12, 1, 11], [2, 15, 3, 16]]"
11a_346_13,"[[2, 15, 3, 16], [10, 22, 11, 21], [16, 1, 17, 2], [8, 4, 9, 3], [20, 10, 21, 9], [18, 5, 19, 6], [14, 8, 15, 7], [12, 18, 13, 17], [6, 14, 7, 13], [4, 19, 5, 20], [22, 12, 1, 11]]"
11a_346_14,"[[22, 12, 1, 11], [2, 15, 3, 16], [10, 22, 11, 21], [16, 1, 17, 2], [8, 4, 9, 3], [20, 10, 21, 9], [18, 5, 19, 6], [14, 8, 15, 7], [12, 18, 13, 17], [6, 14, 7, 13], [4, 19, 5, 20]]"
11a_346_15,"[[4, 19, 5, 20], [22, 12, 1, 11], [2, 15, 3, 16], [10, 22, 11, 21], [16, 1, 17, 2], [8, 4, 9, 3], [20, 10, 21, 9], [18, 5, 19, 6], [14, 8, 15, 7], [12, 18, 13, 17], [6, 14, 7, 13]]"
11a_346_16,"[[6, 14, 7, 13], [4, 19, 5, 20], [22, 12, 1, 11], [2, 15, 3, 16], [10, 22, 11, 21], [16, 1, 17, 2], [8, 4, 9, 3], [20, 10, 21, 9], [18, 5, 19, 6], [14, 8, 15, 7], [12, 18, 13, 17]]"
11a_346_17,"[[12, 18, 13, 17], [6, 14, 7, 13], [4, 19, 5, 20], [22, 12, 1, 11], [2, 15, 3, 16], [10, 22, 11, 21], [16, 1, 17, 2], [8, 4, 9, 3], [20, 10, 21, 9], [18, 5, 19, 6], [14, 8, 15, 7]]"
11a_346_18,"[[14, 8, 15, 7], [12, 18, 13, 17], [6, 14, 7, 13], [4, 19, 5, 20], [22, 12, 1, 11], [2, 15, 3, 16], [10, 22, 11, 21], [16, 1, 17, 2], [8, 4, 9, 3], [20, 10, 21, 9], [18, 5, 19, 6]]"
11a_346_19,"[[18, 5, 19, 6], [14, 8, 15, 7], [12, 18, 13, 17], [6, 14, 7, 13], [4, 19, 5, 20], [22, 12, 1, 11], [2, 15, 3, 16], [10, 22, 11, 21], [16, 1, 17, 2], [8, 4, 9, 3], [20, 10, 21, 9]]"
11a_346_20,"[[20, 10, 21, 9], [18, 5, 19, 6], [14, 8, 15, 7], [12, 18, 13, 17], [6, 14, 7, 13], [4, 19, 5, 20], [22, 12, 1, 11], [2, 15, 3, 16], [10, 22, 11, 21], [16, 1, 17, 2], [8, 4, 9, 3]]"
11a_346_21,"[[8, 4, 9, 3], [20, 10, 21, 9], [18, 5, 19, 6], [14, 8, 15, 7], [12, 18, 13, 17], [6, 14, 7, 13], [4, 19, 5, 20], [22, 12, 1, 11], [2, 15, 3, 16], [10, 22, 11, 21], [16, 1, 17, 2]]"
11a_346_22,"[[17, 2, 18, 3], [9, 5, 10, 4], [21, 11, 22, 10], [19, 6, 20, 7], [15, 9, 16, 8], [13, 19, 14, 18], [7, 15, 8, 14], [5, 20, 6, 21], [1, 13, 2, 12], [3, 16, 4, 17], [11, 1, 12, 22]]"
11a_346_23,"[[11, 1, 12, 22], [17, 2, 18, 3], [9, 5, 10, 4], [21, 11, 22, 10], [19, 6, 20, 7], [15, 9, 16, 8], [13, 19, 14, 18], [7, 15, 8, 14], [5, 20, 6, 21], [1, 13, 2, 12], [3, 16, 4, 17]]"
11a_346_24,"[[3, 16, 4, 17], [11, 1, 12, 22], [17, 2, 18, 3], [9, 5, 10, 4], [21, 11, 22, 10], [19, 6, 20, 7], [15, 9, 16, 8], [13, 19, 14, 18], [7, 15, 8, 14], [5, 20, 6, 21], [1, 13, 2, 12]]"
11a_346_25,"[[1, 13, 2, 12], [3, 16, 4, 17], [11, 1, 12, 22], [17, 2, 18, 3], [9, 5, 10, 4], [21, 11, 22, 10], [19, 6, 20, 7], [15, 9, 16, 8], [13, 19, 14, 18], [7, 15, 8, 14], [5, 20, 6, 21]]"
11a_346_26,"[[5, 20, 6, 21], [1, 13, 2, 12], [3, 16, 4, 17], [11, 1, 12, 22], [17, 2, 18, 3], [9, 5, 10, 4], [21, 11, 22, 10], [19, 6, 20, 7], [15, 9, 16, 8], [13, 19, 14, 18], [7, 15, 8, 14]]"
11a_346_27,"[[7, 15, 8, 14], [5, 20, 6, 21], [1, 13, 2, 12], [3, 16, 4, 17], [11, 1, 12, 22], [17, 2, 18, 3], [9, 5, 10, 4], [21, 11, 22, 10], [19, 6, 20, 7], [15, 9, 16, 8], [13, 19, 14, 18]]"
11a_346_28,"[[13, 19, 14, 18], [7, 15, 8, 14], [5, 20, 6, 21], [1, 13, 2, 12], [3, 16, 4, 17], [11, 1, 12, 22], [17, 2, 18, 3], [9, 5, 10, 4], [21, 11, 22, 10], [19, 6, 20, 7], [15, 9, 16, 8]]"
11a_346_29,"[[15, 9, 16, 8], [13, 19, 14, 18], [7, 15, 8, 14], [5, 20, 6, 21], [1, 13, 2, 12], [3, 16, 4, 17], [11, 1, 12, 22], [17, 2, 18, 3], [9, 5, 10, 4], [21, 11, 22, 10], [19, 6, 20, 7]]"
11a_346_30,"[[19, 6, 20, 7], [15, 9, 16, 8], [13, 19, 14, 18], [7, 15, 8, 14], [5, 20, 6, 21], [1, 13, 2, 12], [3, 16, 4, 17], [11, 1, 12, 22], [17, 2, 18, 3], [9, 5, 10, 4], [21, 11, 22, 10]]"
11a_346_31,"[[21, 11, 22, 10], [19, 6, 20, 7], [15, 9, 16, 8], [13, 19, 14, 18], [7, 15, 8, 14], [5, 20, 6, 21], [1, 13, 2, 12], [3, 16, 4, 17], [11, 1, 12, 22], [17, 2, 18, 3], [9, 5, 10, 4]]"
11a_346_32,"[[9, 5, 10, 4], [21, 11, 22, 10], [19, 6, 20, 7], [15, 9, 16, 8], [13, 19, 14, 18], [7, 15, 8, 14], [5, 20, 6, 21], [1, 13, 2, 12], [3, 16, 4, 17], [11, 1, 12, 22], [17, 2, 18, 3]]"
11a_346_33,"[[18, 3, 19, 4], [10, 6, 11, 5], [22, 12, 1, 11], [20, 7, 21, 8], [16, 10, 17, 9], [14, 20, 15, 19], [8, 16, 9, 15], [6, 21, 7, 22], [2, 14, 3, 13], [4, 17, 5, 18], [12, 2, 13, 1]]"
11a_346_34,"[[12, 2, 13, 1], [18, 3, 19, 4], [10, 6, 11, 5], [22, 12, 1, 11], [20, 7, 21, 8], [16, 10, 17, 9], [14, 20, 15, 19], [8, 16, 9, 15], [6, 21, 7, 22], [2, 14, 3, 13], [4, 17, 5, 18]]"
11a_346_35,"[[4, 17, 5, 18], [12, 2, 13, 1], [18, 3, 19, 4], [10, 6, 11, 5], [22, 12, 1, 11], [20, 7, 21, 8], [16, 10, 17, 9], [14, 20, 15, 19], [8, 16, 9, 15], [6, 21, 7, 22], [2, 14, 3, 13]]"
11a_346_36,"[[2, 14, 3, 13], [4, 17, 5, 18], [12, 2, 13, 1], [18, 3, 19, 4], [10, 6, 11, 5], [22, 12, 1, 11], [20, 7, 21, 8], [16, 10, 17, 9], [14, 20, 15, 19], [8, 16, 9, 15], [6, 21, 7, 22]]"
11a_346_37,"[[6, 21, 7, 22], [2, 14, 3, 13], [4, 17, 5, 18], [12, 2, 13, 1], [18, 3, 19, 4], [10, 6, 11, 5], [22, 12, 1, 11], [20, 7, 21, 8], [16, 10, 17, 9], [14, 20, 15, 19], [8, 16, 9, 15]]"
11a_346_38,"[[8, 16, 9, 15], [6, 21, 7, 22], [2, 14, 3, 13], [4, 17, 5, 18], [12, 2, 13, 1], [18, 3, 19, 4], [10, 6, 11, 5], [22, 12, 1, 11], [20, 7, 21, 8], [16, 10, 17, 9], [14, 20, 15, 19]]"
11a_346_39,"[[14, 20, 15, 19], [8, 16, 9, 15], [6, 21, 7, 22], [2, 14, 3, 13], [4, 17, 5, 18], [12, 2, 13, 1], [18, 3, 19, 4], [10, 6, 11, 5], [22, 12, 1, 11], [20, 7, 21, 8], [16, 10, 17, 9]]"
11a_346_40,"[[16, 10, 17, 9], [14, 20, 15, 19], [8, 16, 9, 15], [6, 21, 7, 22], [2, 14, 3, 13], [4, 17, 5, 18], [12, 2, 13, 1], [18, 3, 19, 4], [10, 6, 11, 5], [22, 12, 1, 11], [20, 7, 21, 8]]"
11a_346_41,"[[20, 7, 21, 8], [16, 10, 17, 9], [14, 20, 15, 19], [8, 16, 9, 15], [6, 21, 7, 22], [2, 14, 3, 13], [4, 17, 5, 18], [12, 2, 13, 1], [18, 3, 19, 4], [10, 6, 11, 5], [22, 12, 1, 11]]"
11a_346_42,"[[22, 12, 1, 11], [20, 7, 21, 8], [16, 10, 17, 9], [14, 20, 15, 19], [8, 16, 9, 15], [6, 21, 7, 22], [2, 14, 3, 13], [4, 17, 5, 18], [12, 2, 13, 1], [18, 3, 19, 4], [10, 6, 11, 5]]"
11a_346_43,"[[10, 6, 11, 5], [22, 12, 1, 11], [20, 7, 21, 8], [16, 10, 17, 9], [14, 20, 15, 19], [8, 16, 9, 15], [6, 21, 7, 22], [2, 14, 3, 13], [4, 17, 5, 18], [12, 2, 13, 1], [18, 3, 19, 4]]"
11a_346_44,"[[19, 4, 20, 5], [11, 7, 12, 6], [1, 13, 2, 12], [21, 8, 22, 9], [17, 11, 18, 10], [15, 21, 16, 20], [9, 17, 10, 16], [7, 22, 8, 1], [3, 15, 4, 14], [5, 18, 6, 19], [13, 3, 14, 2]]"
11a_346_45,"[[13, 3, 14, 2], [19, 4, 20, 5], [11, 7, 12, 6], [1, 13, 2, 12], [21, 8, 22, 9], [17, 11, 18, 10], [15, 21, 16, 20], [9, 17, 10, 16], [7, 22, 8, 1], [3, 15, 4, 14], [5, 18, 6, 19]]"
11a_346_46,"[[5, 18, 6, 19], [13, 3, 14, 2], [19, 4, 20, 5], [11, 7, 12, 6], [1, 13, 2, 12], [21, 8, 22, 9], [17, 11, 18, 10], [15, 21, 16, 20], [9, 17, 10, 16], [7, 22, 8, 1], [3, 15, 4, 14]]"
11a_346_47,"[[3, 15, 4, 14], [5, 18, 6, 19], [13, 3, 14, 2], [19, 4, 20, 5], [11, 7, 12, 6], [1, 13, 2, 12], [21, 8, 22, 9], [17, 11, 18, 10], [15, 21, 16, 20], [9, 17, 10, 16], [7, 22, 8, 1]]"
11a_346_48,"[[7, 22, 8, 1], [3, 15, 4, 14], [5, 18, 6, 19], [13, 3, 14, 2], [19, 4, 20, 5], [11, 7, 12, 6], [1, 13, 2, 12], [21, 8, 22, 9], [17, 11, 18, 10], [15, 21, 16, 20], [9, 17, 10, 16]]"
11a_346_49,"[[9, 17, 10, 16], [7, 22, 8, 1], [3, 15, 4, 14], [5, 18, 6, 19], [13, 3, 14, 2], [19, 4, 20, 5], [11, 7, 12, 6], [1, 13, 2, 12], [21, 8, 22, 9], [17, 11, 18, 10], [15, 21, 16, 20]]"
11a_346_50,"[[15, 21, 16, 20], [9, 17, 10, 16], [7, 22, 8, 1], [3, 15, 4, 14], [5, 18, 6, 19], [13, 3, 14, 2], [19, 4, 20, 5], [11, 7, 12, 6], [1, 13, 2, 12], [21, 8, 22, 9], [17, 11, 18, 10]]"
11a_346_51,"[[17, 11, 18, 10], [15, 21, 16, 20], [9, 17, 10, 16], [7, 22, 8, 1], [3, 15, 4, 14], [5, 18, 6, 19], [13, 3, 14, 2], [19, 4, 20, 5], [11, 7, 12, 6], [1, 13, 2, 12], [21, 8, 22, 9]]"
11a_346_52,"[[21, 8, 22, 9], [17, 11, 18, 10], [15, 21, 16, 20], [9, 17, 10, 16], [7, 22, 8, 1], [3, 15, 4, 14], [5, 18, 6, 19], [13, 3, 14, 2], [19, 4, 20, 5], [11, 7, 12, 6], [1, 13, 2, 12]]"
11a_346_53,"[[1, 13, 2, 12], [21, 8, 22, 9], [17, 11, 18, 10], [15, 21, 16, 20], [9, 17, 10, 16], [7, 22, 8, 1], [3, 15, 4, 14], [5, 18, 6, 19], [13, 3, 14, 2], [19, 4, 20, 5], [11, 7, 12, 6]]"
11a_346_54,"[[11, 7, 12, 6], [1, 13, 2, 12], [21, 8, 22, 9], [17, 11, 18, 10], [15, 21, 16, 20], [9, 17, 10, 16], [7, 22, 8, 1], [3, 15, 4, 14], [5, 18, 6, 19], [13, 3, 14, 2], [19, 4, 20, 5]]"
11a_346_55,"[[20, 5, 21, 6], [12, 8, 13, 7], [2, 14, 3, 13], [22, 9, 1, 10], [18, 12, 19, 11], [16, 22, 17, 21], [10, 18, 11, 17], [8, 1, 9, 2], [4, 16, 5, 15], [6, 19, 7, 20], [14, 4, 15, 3]]"
11a_346_56,"[[14, 4, 15, 3], [20, 5, 21, 6], [12, 8, 13, 7], [2, 14, 3, 13], [22, 9, 1, 10], [18, 12, 19, 11], [16, 22, 17, 21], [10, 18, 11, 17], [8, 1, 9, 2], [4, 16, 5, 15], [6, 19, 7, 20]]"
11a_346_57,"[[6, 19, 7, 20], [14, 4, 15, 3], [20, 5, 21, 6], [12, 8, 13, 7], [2, 14, 3, 13], [22, 9, 1, 10], [18, 12, 19, 11], [16, 22, 17, 21], [10, 18, 11, 17], [8, 1, 9, 2], [4, 16, 5, 15]]"
11a_346_58,"[[4, 16, 5, 15], [6, 19, 7, 20], [14, 4, 15, 3], [20, 5, 21, 6], [12, 8, 13, 7], [2, 14, 3, 13], [22, 9, 1, 10], [18, 12, 19, 11], [16, 22, 17, 21], [10, 18, 11, 17], [8, 1, 9, 2]]"
11a_346_59,"[[8, 1, 9, 2], [4, 16, 5, 15], [6, 19, 7, 20], [14, 4, 15, 3], [20, 5, 21, 6], [12, 8, 13, 7], [2, 14, 3, 13], [22, 9, 1, 10], [18, 12, 19, 11], [16, 22, 17, 21], [10, 18, 11, 17]]"
11a_346_60,"[[10, 18, 11, 17], [8, 1, 9, 2], [4, 16, 5, 15], [6, 19, 7, 20], [14, 4, 15, 3], [20, 5, 21, 6], [12, 8, 13, 7], [2, 14, 3, 13], [22, 9, 1, 10], [18, 12, 19, 11], [16, 22, 17, 21]]"
11a_346_61,"[[16, 22, 17, 21], [10, 18, 11, 17], [8, 1, 9, 2], [4, 16, 5, 15], [6, 19, 7, 20], [14, 4, 15, 3], [20, 5, 21, 6], [12, 8, 13, 7], [2, 14, 3, 13], [22, 9, 1, 10], [18, 12, 19, 11]]"
11a_346_62,"[[18, 12, 19, 11], [16, 22, 17, 21], [10, 18, 11, 17], [8, 1, 9, 2], [4, 16, 5, 15], [6, 19, 7, 20], [14, 4, 15, 3], [20, 5, 21, 6], [12, 8, 13, 7], [2, 14, 3, 13], [22, 9, 1, 10]]"
11a_346_63,"[[22, 9, 1, 10], [18, 12, 19, 11], [16, 22, 17, 21], [10, 18, 11, 17], [8, 1, 9, 2], [4, 16, 5, 15], [6, 19, 7, 20], [14, 4, 15, 3], [20, 5, 21, 6], [12, 8, 13, 7], [2, 14, 3, 13]]"
11a_346_64,"[[2, 14, 3, 13], [22, 9, 1, 10], [18, 12, 19, 11], [16, 22, 17, 21], [10, 18, 11, 17], [8, 1, 9, 2], [4, 16, 5, 15], [6, 19, 7, 20], [14, 4, 15, 3], [20, 5, 21, 6], [12, 8, 13, 7]]"
11a_346_65,"[[12, 8, 13, 7], [2, 14, 3, 13], [22, 9, 1, 10], [18, 12, 19, 11], [16, 22, 17, 21], [10, 18, 11, 17], [8, 1, 9, 2], [4, 16, 5, 15], [6, 19, 7, 20], [14, 4, 15, 3], [20, 5, 21, 6]]"
11a_346_66,"[[21, 6, 22, 7], [13, 9, 14, 8], [3, 15, 4, 14], [1, 10, 2, 11], [19, 13, 20, 12], [17, 1, 18, 22], [11, 19, 12, 18], [9, 2, 10, 3], [5, 17, 6, 16], [7, 20, 8, 21], [15, 5, 16, 4]]"
11a_346_67,"[[15, 5, 16, 4], [21, 6, 22, 7], [13, 9, 14, 8], [3, 15, 4, 14], [1, 10, 2, 11], [19, 13, 20, 12], [17, 1, 18, 22], [11, 19, 12, 18], [9, 2, 10, 3], [5, 17, 6, 16], [7, 20, 8, 21]]"
11a_346_68,"[[7, 20, 8, 21], [15, 5, 16, 4], [21, 6, 22, 7], [13, 9, 14, 8], [3, 15, 4, 14], [1, 10, 2, 11], [19, 13, 20, 12], [17, 1, 18, 22], [11, 19, 12, 18], [9, 2, 10, 3], [5, 17, 6, 16]]"
11a_346_69,"[[5, 17, 6, 16], [7, 20, 8, 21], [15, 5, 16, 4], [21, 6, 22, 7], [13, 9, 14, 8], [3, 15, 4, 14], [1, 10, 2, 11], [19, 13, 20, 12], [17, 1, 18, 22], [11, 19, 12, 18], [9, 2, 10, 3]]"
11a_346_70,"[[9, 2, 10, 3], [5, 17, 6, 16], [7, 20, 8, 21], [15, 5, 16, 4], [21, 6, 22, 7], [13, 9, 14, 8], [3, 15, 4, 14], [1, 10, 2, 11], [19, 13, 20, 12], [17, 1, 18, 22], [11, 19, 12, 18]]"
11a_346_71,"[[11, 19, 12, 18], [9, 2, 10, 3], [5, 17, 6, 16], [7, 20, 8, 21], [15, 5, 16, 4], [21, 6, 22, 7], [13, 9, 14, 8], [3, 15, 4, 14], [1, 10, 2, 11], [19, 13, 20, 12], [17, 1, 18, 22]]"
11a_346_72,"[[17, 1, 18, 22], [11, 19, 12, 18], [9, 2, 10, 3], [5, 17, 6, 16], [7, 20, 8, 21], [15, 5, 16, 4], [21, 6, 22, 7], [13, 9, 14, 8], [3, 15, 4, 14], [1, 10, 2, 11], [19, 13, 20, 12]]"
11a_346_73,"[[19, 13, 20, 12], [17, 1, 18, 22], [11, 19, 12, 18], [9, 2, 10, 3], [5, 17, 6, 16], [7, 20, 8, 21], [15, 5, 16, 4], [21, 6, 22, 7], [13, 9, 14, 8], [3, 15, 4, 14], [1, 10, 2, 11]]"
11a_346_74,"[[1, 10, 2, 11], [19, 13, 20, 12], [17, 1, 18, 22], [11, 19, 12, 18], [9, 2, 10, 3], [5, 17, 6, 16], [7, 20, 8, 21], [15, 5, 16, 4], [21, 6, 22, 7], [13, 9, 14, 8], [3, 15, 4, 14]]"
11a_346_75,"[[3, 15, 4, 14], [1, 10, 2, 11], [19, 13, 20, 12], [17, 1, 18, 22], [11, 19, 12, 18], [9, 2, 10, 3], [5, 17, 6, 16], [7, 20, 8, 21], [15, 5, 16, 4], [21, 6, 22, 7], [13, 9, 14, 8]]"
11a_346_76,"[[13, 9, 14, 8], [3, 15, 4, 14], [1, 10, 2, 11], [19, 13, 20, 12], [17, 1, 18, 22], [11, 19, 12, 18], [9, 2, 10, 3], [5, 17, 6, 16], [7, 20, 8, 21], [15, 5, 16, 4], [21, 6, 22, 7]]"
11a_346_77,"[[22, 7, 1, 8], [14, 10, 15, 9], [4, 16, 5, 15], [2, 11, 3, 12], [20, 14, 21, 13], [18, 2, 19, 1], [12, 20, 13, 19], [10, 3, 11, 4], [6, 18, 7, 17], [8, 21, 9, 22], [16, 6, 17, 5]]"
11a_346_78,"[[16, 6, 17, 5], [22, 7, 1, 8], [14, 10, 15, 9], [4, 16, 5, 15], [2, 11, 3, 12], [20, 14, 21, 13], [18, 2, 19, 1], [12, 20, 13, 19], [10, 3, 11, 4], [6, 18, 7, 17], [8, 21, 9, 22]]"
11a_346_79,"[[8, 21, 9, 22], [16, 6, 17, 5], [22, 7, 1, 8], [14, 10, 15, 9], [4, 16, 5, 15], [2, 11, 3, 12], [20, 14, 21, 13], [18, 2, 19, 1], [12, 20, 13, 19], [10, 3, 11, 4], [6, 18, 7, 17]]"
11a_346_80,"[[6, 18, 7, 17], [8, 21, 9, 22], [16, 6, 17, 5], [22, 7, 1, 8], [14, 10, 15, 9], [4, 16, 5, 15], [2, 11, 3, 12], [20, 14, 21, 13], [18, 2, 19, 1], [12, 20, 13, 19], [10, 3, 11, 4]]"
11a_346_81,"[[10, 3, 11, 4], [6, 18, 7, 17], [8, 21, 9, 22], [16, 6, 17, 5], [22, 7, 1, 8], [14, 10, 15, 9], [4, 16, 5, 15], [2, 11, 3, 12], [20, 14, 21, 13], [18, 2, 19, 1], [12, 20, 13, 19]]"
11a_346_82,"[[12, 20, 13, 19], [10, 3, 11, 4], [6, 18, 7, 17], [8, 21, 9, 22], [16, 6, 17, 5], [22, 7, 1, 8], [14, 10, 15, 9], [4, 16, 5, 15], [2, 11, 3, 12], [20, 14, 21, 13], [18, 2, 19, 1]]"
11a_346_83,"[[18, 2, 19, 1], [12, 20, 13, 19], [10, 3, 11, 4], [6, 18, 7, 17], [8, 21, 9, 22], [16, 6, 17, 5], [22, 7, 1, 8], [14, 10, 15, 9], [4, 16, 5, 15], [2, 11, 3, 12], [20, 14, 21, 13]]"
11a_346_84,"[[20, 14, 21, 13], [18, 2, 19, 1], [12, 20, 13, 19], [10, 3, 11, 4], [6, 18, 7, 17], [8, 21, 9, 22], [16, 6, 17, 5], [22, 7, 1, 8], [14, 10, 15, 9], [4, 16, 5, 15], [2, 11, 3, 12]]"
11a_346_85,"[[2, 11, 3, 12], [20, 14, 21, 13], [18, 2, 19, 1], [12, 20, 13, 19], [10, 3, 11, 4], [6, 18, 7, 17], [8, 21, 9, 22], [16, 6, 17, 5], [22, 7, 1, 8], [14, 10, 15, 9], [4, 16, 5, 15]]"
11a_346_86,"[[4, 16, 5, 15], [2, 11, 3, 12], [20, 14, 21, 13], [18, 2, 19, 1], [12, 20, 13, 19], [10, 3, 11, 4], [6, 18, 7, 17], [8, 21, 9, 22], [16, 6, 17, 5], [22, 7, 1, 8], [14, 10, 15, 9]]"
11a_346_87,"[[14, 10, 15, 9], [4, 16, 5, 15], [2, 11, 3, 12], [20, 14, 21, 13], [18, 2, 19, 1], [12, 20, 13, 19], [10, 3, 11, 4], [6, 18, 7, 17], [8, 21, 9, 22], [16, 6, 17, 5], [22, 7, 1, 8]]"
11a_346_88,"[[1, 8, 2, 9], [15, 11, 16, 10], [5, 17, 6, 16], [3, 12, 4, 13], [21, 15, 22, 14], [19, 3, 20, 2], [13, 21, 14, 20], [11, 4, 12, 5], [7, 19, 8, 18], [9, 22, 10, 1], [17, 7, 18, 6]]"
11a_346_89,"[[17, 7, 18, 6], [1, 8, 2, 9], [15, 11, 16, 10], [5, 17, 6, 16], [3, 12, 4, 13], [21, 15, 22, 14], [19, 3, 20, 2], [13, 21, 14, 20], [11, 4, 12, 5], [7, 19, 8, 18], [9, 22, 10, 1]]"
11a_346_90,"[[9, 22, 10, 1], [17, 7, 18, 6], [1, 8, 2, 9], [15, 11, 16, 10], [5, 17, 6, 16], [3, 12, 4, 13], [21, 15, 22, 14], [19, 3, 20, 2], [13, 21, 14, 20], [11, 4, 12, 5], [7, 19, 8, 18]]"
11a_346_91,"[[7, 19, 8, 18], [9, 22, 10, 1], [17, 7, 18, 6], [1, 8, 2, 9], [15, 11, 16, 10], [5, 17, 6, 16], [3, 12, 4, 13], [21, 15, 22, 14], [19, 3, 20, 2], [13, 21, 14, 20], [11, 4, 12, 5]]"
11a_346_92,"[[11, 4, 12, 5], [7, 19, 8, 18], [9, 22, 10, 1], [17, 7, 18, 6], [1, 8, 2, 9], [15, 11, 16, 10], [5, 17, 6, 16], [3, 12, 4, 13], [21, 15, 22, 14], [19, 3, 20, 2], [13, 21, 14, 20]]"
11a_346_93,"[[13, 21, 14, 20], [11, 4, 12, 5], [7, 19, 8, 18], [9, 22, 10, 1], [17, 7, 18, 6], [1, 8, 2, 9], [15, 11, 16, 10], [5, 17, 6, 16], [3, 12, 4, 13], [21, 15, 22, 14], [19, 3, 20, 2]]"
11a_346_94,"[[19, 3, 20, 2], [13, 21, 14, 20], [11, 4, 12, 5], [7, 19, 8, 18], [9, 22, 10, 1], [17, 7, 18, 6], [1, 8, 2, 9], [15, 11, 16, 10], [5, 17, 6, 16], [3, 12, 4, 13], [21, 15, 22, 14]]"
11a_346_95,"[[21, 15, 22, 14], [19, 3, 20, 2], [13, 21, 14, 20], [11, 4, 12, 5], [7, 19, 8, 18], [9, 22, 10, 1], [17, 7, 18, 6], [1, 8, 2, 9], [15, 11, 16, 10], [5, 17, 6, 16], [3, 12, 4, 13]]"
11a_346_96,"[[3, 12, 4, 13], [21, 15, 22, 14], [19, 3, 20, 2], [13, 21, 14, 20], [11, 4, 12, 5], [7, 19, 8, 18], [9, 22, 10, 1], [17, 7, 18, 6], [1, 8, 2, 9], [15, 11, 16, 10], [5, 17, 6, 16]]"
11a_346_97,"[[5, 17, 6, 16], [3, 12, 4, 13], [21, 15, 22, 14], [19, 3, 20, 2], [13, 21, 14, 20], [11, 4, 12, 5], [7, 19, 8, 18], [9, 22, 10, 1], [17, 7, 18, 6], [1, 8, 2, 9], [15, 11, 16, 10]]"
11a_346_98,"[[15, 11, 16, 10], [5, 17, 6, 16], [3, 12, 4, 13], [21, 15, 22, 14], [19, 3, 20, 2], [13, 21, 14, 20], [11, 4, 12, 5], [7, 19, 8, 18], [9, 22, 10, 1], [17, 7, 18, 6], [1, 8, 2, 9]]"
11a_346_99,"[[2, 9, 3, 10], [16, 12, 17, 11], [6, 18, 7, 17], [4, 13, 5, 14], [22, 16, 1, 15], [20, 4, 21, 3], [14, 22, 15, 21], [12, 5, 13, 6], [8, 20, 9, 19], [10, 1, 11, 2], [18, 8, 19, 7]]"
11a_346_100,"[[18, 8, 19, 7], [2, 9, 3, 10], [16, 12, 17, 11], [6, 18, 7, 17], [4, 13, 5, 14], [22, 16, 1, 15], [20, 4, 21, 3], [14, 22, 15, 21], [12, 5, 13, 6], [8, 20, 9, 19], [10, 1, 11, 2]]"
11a_346_101,"[[10, 1, 11, 2], [18, 8, 19, 7], [2, 9, 3, 10], [16, 12, 17, 11], [6, 18, 7, 17], [4, 13, 5, 14], [22, 16, 1, 15], [20, 4, 21, 3], [14, 22, 15, 21], [12, 5, 13, 6], [8, 20, 9, 19]]"
11a_346_102,"[[8, 20, 9, 19], [10, 1, 11, 2], [18, 8, 19, 7], [2, 9, 3, 10], [16, 12, 17, 11], [6, 18, 7, 17], [4, 13, 5, 14], [22, 16, 1, 15], [20, 4, 21, 3], [14, 22, 15, 21], [12, 5, 13, 6]]"
11a_346_103,"[[12, 5, 13, 6], [8, 20, 9, 19], [10, 1, 11, 2], [18, 8, 19, 7], [2, 9, 3, 10], [16, 12, 17, 11], [6, 18, 7, 17], [4, 13, 5, 14], [22, 16, 1, 15], [20, 4, 21, 3], [14, 22, 15, 21]]"
11a_346_104,"[[14, 22, 15, 21], [12, 5, 13, 6], [8, 20, 9, 19], [10, 1, 11, 2], [18, 8, 19, 7], [2, 9, 3, 10], [16, 12, 17, 11], [6, 18, 7, 17], [4, 13, 5, 14], [22, 16, 1, 15], [20, 4, 21, 3]]"
11a_346_105,"[[20, 4, 21, 3], [14, 22, 15, 21], [12, 5, 13, 6], [8, 20, 9, 19], [10, 1, 11, 2], [18, 8, 19, 7], [2, 9, 3, 10], [16, 12, 17, 11], [6, 18, 7, 17], [4, 13, 5, 14], [22, 16, 1, 15]]"
11a_346_106,"[[22, 16, 1, 15], [20, 4, 21, 3], [14, 22, 15, 21], [12, 5, 13, 6], [8, 20, 9, 19], [10, 1, 11, 2], [18, 8, 19, 7], [2, 9, 3, 10], [16, 12, 17, 11], [6, 18, 7, 17], [4, 13, 5, 14]]"
11a_346_107,"[[4, 13, 5, 14], [22, 16, 1, 15], [20, 4, 21, 3], [14, 22, 15, 21], [12, 5, 13, 6], [8, 20, 9, 19], [10, 1, 11, 2], [18, 8, 19, 7], [2, 9, 3, 10], [16, 12, 17, 11], [6, 18, 7, 17]]"
11a_346_108,"[[6, 18, 7, 17], [4, 13, 5, 14], [22, 16, 1, 15], [20, 4, 21, 3], [14, 22, 15, 21], [12, 5, 13, 6], [8, 20, 9, 19], [10, 1, 11, 2], [18, 8, 19, 7], [2, 9, 3, 10], [16, 12, 17, 11]]"
11a_346_109,"[[16, 12, 17, 11], [6, 18, 7, 17], [4, 13, 5, 14], [22, 16, 1, 15], [20, 4, 21, 3], [14, 22, 15, 21], [12, 5, 13, 6], [8, 20, 9, 19], [10, 1, 11, 2], [18, 8, 19, 7], [2, 9, 3, 10]]"
11a_346_110,"[[3, 10, 4, 11], [17, 13, 18, 12], [7, 19, 8, 18], [5, 14, 6, 15], [1, 17, 2, 16], [21, 5, 22, 4], [15, 1, 16, 22], [13, 6, 14, 7], [9, 21, 10, 20], [11, 2, 12, 3], [19, 9, 20, 8]]"
11a_346_111,"[[19, 9, 20, 8], [3, 10, 4, 11], [17, 13, 18, 12], [7, 19, 8, 18], [5, 14, 6, 15], [1, 17, 2, 16], [21, 5, 22, 4], [15, 1, 16, 22], [13, 6, 14, 7], [9, 21, 10, 20], [11, 2, 12, 3]]"
11a_346_112,"[[11, 2, 12, 3], [19, 9, 20, 8], [3, 10, 4, 11], [17, 13, 18, 12], [7, 19, 8, 18], [5, 14, 6, 15], [1, 17, 2, 16], [21, 5, 22, 4], [15, 1, 16, 22], [13, 6, 14, 7], [9, 21, 10, 20]]"
11a_346_113,"[[9, 21, 10, 20], [11, 2, 12, 3], [19, 9, 20, 8], [3, 10, 4, 11], [17, 13, 18, 12], [7, 19, 8, 18], [5, 14, 6, 15], [1, 17, 2, 16], [21, 5, 22, 4], [15, 1, 16, 22], [13, 6, 14, 7]]"
11a_346_114,"[[13, 6, 14, 7], [9, 21, 10, 20], [11, 2, 12, 3], [19, 9, 20, 8], [3, 10, 4, 11], [17, 13, 18, 12], [7, 19, 8, 18], [5, 14, 6, 15], [1, 17, 2, 16], [21, 5, 22, 4], [15, 1, 16, 22]]"
11a_346_115,"[[15, 1, 16, 22], [13, 6, 14, 7], [9, 21, 10, 20], [11, 2, 12, 3], [19, 9, 20, 8], [3, 10, 4, 11], [17, 13, 18, 12], [7, 19, 8, 18], [5, 14, 6, 15], [1, 17, 2, 16], [21, 5, 22, 4]]"
11a_346_116,"[[21, 5, 22, 4], [15, 1, 16, 22], [13, 6, 14, 7], [9, 21, 10, 20], [11, 2, 12, 3], [19, 9, 20, 8], [3, 10, 4, 11], [17, 13, 18, 12], [7, 19, 8, 18], [5, 14, 6, 15], [1, 17, 2, 16]]"
11a_346_117,"[[1, 17, 2, 16], [21, 5, 22, 4], [15, 1, 16, 22], [13, 6, 14, 7], [9, 21, 10, 20], [11, 2, 12, 3], [19, 9, 20, 8], [3, 10, 4, 11], [17, 13, 18, 12], [7, 19, 8, 18], [5, 14, 6, 15]]"
11a_346_118,"[[5, 14, 6, 15], [1, 17, 2, 16], [21, 5, 22, 4], [15, 1, 16, 22], [13, 6, 14, 7], [9, 21, 10, 20], [11, 2, 12, 3], [19, 9, 20, 8], [3, 10, 4, 11], [17, 13, 18, 12], [7, 19, 8, 18]]"
11a_346_119,"[[7, 19, 8, 18], [5, 14, 6, 15], [1, 17, 2, 16], [21, 5, 22, 4], [15, 1, 16, 22], [13, 6, 14, 7], [9, 21, 10, 20], [11, 2, 12, 3], [19, 9, 20, 8], [3, 10, 4, 11], [17, 13, 18, 12]]"
11a_346_120,"[[17, 13, 18, 12], [7, 19, 8, 18], [5, 14, 6, 15], [1, 17, 2, 16], [21, 5, 22, 4], [15, 1, 16, 22], [13, 6, 14, 7], [9, 21, 10, 20], [11, 2, 12, 3], [19, 9, 20, 8], [3, 10, 4, 11]]"
11a_346_121,"[[4, 11, 5, 12], [18, 14, 19, 13], [8, 20, 9, 19], [6, 15, 7, 16], [2, 18, 3, 17], [22, 6, 1, 5], [16, 2, 17, 1], [14, 7, 15, 8], [10, 22, 11, 21], [12, 3, 13, 4], [20, 10, 21, 9]]"
11a_346_122,"[[20, 10, 21, 9], [4, 11, 5, 12], [18, 14, 19, 13], [8, 20, 9, 19], [6, 15, 7, 16], [2, 18, 3, 17], [22, 6, 1, 5], [16, 2, 17, 1], [14, 7, 15, 8], [10, 22, 11, 21], [12, 3, 13, 4]]"
11a_346_123,"[[12, 3, 13, 4], [20, 10, 21, 9], [4, 11, 5, 12], [18, 14, 19, 13], [8, 20, 9, 19], [6, 15, 7, 16], [2, 18, 3, 17], [22, 6, 1, 5], [16, 2, 17, 1], [14, 7, 15, 8], [10, 22, 11, 21]]"
11a_346_124,"[[10, 22, 11, 21], [12, 3, 13, 4], [20, 10, 21, 9], [4, 11, 5, 12], [18, 14, 19, 13], [8, 20, 9, 19], [6, 15, 7, 16], [2, 18, 3, 17], [22, 6, 1, 5], [16, 2, 17, 1], [14, 7, 15, 8]]"
11a_346_125,"[[14, 7, 15, 8], [10, 22, 11, 21], [12, 3, 13, 4], [20, 10, 21, 9], [4, 11, 5, 12], [18, 14, 19, 13], [8, 20, 9, 19], [6, 15, 7, 16], [2, 18, 3, 17], [22, 6, 1, 5], [16, 2, 17, 1]]"
11a_346_126,"[[16, 2, 17, 1], [14, 7, 15, 8], [10, 22, 11, 21], [12, 3, 13, 4], [20, 10, 21, 9], [4, 11, 5, 12], [18, 14, 19, 13], [8, 20, 9, 19], [6, 15, 7, 16], [2, 18, 3, 17], [22, 6, 1, 5]]"
11a_346_127,"[[22, 6, 1, 5], [16, 2, 17, 1], [14, 7, 15, 8], [10, 22, 11, 21], [12, 3, 13, 4], [20, 10, 21, 9], [4, 11, 5, 12], [18, 14, 19, 13], [8, 20, 9, 19], [6, 15, 7, 16], [2, 18, 3, 17]]"
11a_346_128,"[[2, 18, 3, 17], [22, 6, 1, 5], [16, 2, 17, 1], [14, 7, 15, 8], [10, 22, 11, 21], [12, 3, 13, 4], [20, 10, 21, 9], [4, 11, 5, 12], [18, 14, 19, 13], [8, 20, 9, 19], [6, 15, 7, 16]]"
11a_346_129,"[[6, 15, 7, 16], [2, 18, 3, 17], [22, 6, 1, 5], [16, 2, 17, 1], [14, 7, 15, 8], [10, 22, 11, 21], [12, 3, 13, 4], [20, 10, 21, 9], [4, 11, 5, 12], [18, 14, 19, 13], [8, 20, 9, 19]]"
11a_346_130,"[[8, 20, 9, 19], [6, 15, 7, 16], [2, 18, 3, 17], [22, 6, 1, 5], [16, 2, 17, 1], [14, 7, 15, 8], [10, 22, 11, 21], [12, 3, 13, 4], [20, 10, 21, 9], [4, 11, 5, 12], [18, 14, 19, 13]]"
11a_346_131,"[[18, 14, 19, 13], [8, 20, 9, 19], [6, 15, 7, 16], [2, 18, 3, 17], [22, 6, 1, 5], [16, 2, 17, 1], [14, 7, 15, 8], [10, 22, 11, 21], [12, 3, 13, 4], [20, 10, 21, 9], [4, 11, 5, 12]]"
11a_346_132,"[[5, 12, 6, 13], [19, 15, 20, 14], [9, 21, 10, 20], [7, 16, 8, 17], [3, 19, 4, 18], [1, 7, 2, 6], [17, 3, 18, 2], [15, 8, 16, 9], [11, 1, 12, 22], [13, 4, 14, 5], [21, 11, 22, 10]]"
11a_346_133,"[[21, 11, 22, 10], [5, 12, 6, 13], [19, 15, 20, 14], [9, 21, 10, 20], [7, 16, 8, 17], [3, 19, 4, 18], [1, 7, 2, 6], [17, 3, 18, 2], [15, 8, 16, 9], [11, 1, 12, 22], [13, 4, 14, 5]]"
11a_346_134,"[[13, 4, 14, 5], [21, 11, 22, 10], [5, 12, 6, 13], [19, 15, 20, 14], [9, 21, 10, 20], [7, 16, 8, 17], [3, 19, 4, 18], [1, 7, 2, 6], [17, 3, 18, 2], [15, 8, 16, 9], [11, 1, 12, 22]]"
11a_346_135,"[[11, 1, 12, 22], [13, 4, 14, 5], [21, 11, 22, 10], [5, 12, 6, 13], [19, 15, 20, 14], [9, 21, 10, 20], [7, 16, 8, 17], [3, 19, 4, 18], [1, 7, 2, 6], [17, 3, 18, 2], [15, 8, 16, 9]]"
11a_346_136,"[[15, 8, 16, 9], [11, 1, 12, 22], [13, 4, 14, 5], [21, 11, 22, 10], [5, 12, 6, 13], [19, 15, 20, 14], [9, 21, 10, 20], [7, 16, 8, 17], [3, 19, 4, 18], [1, 7, 2, 6], [17, 3, 18, 2]]"
11a_346_137,"[[17, 3, 18, 2], [15, 8, 16, 9], [11, 1, 12, 22], [13, 4, 14, 5], [21, 11, 22, 10], [5, 12, 6, 13], [19, 15, 20, 14], [9, 21, 10, 20], [7, 16, 8, 17], [3, 19, 4, 18], [1, 7, 2, 6]]"
11a_346_138,"[[1, 7, 2, 6], [17, 3, 18, 2], [15, 8, 16, 9], [11, 1, 12, 22], [13, 4, 14, 5], [21, 11, 22, 10], [5, 12, 6, 13], [19, 15, 20, 14], [9, 21, 10, 20], [7, 16, 8, 17], [3, 19, 4, 18]]"
11a_346_139,"[[3, 19, 4, 18], [1, 7, 2, 6], [17, 3, 18, 2], [15, 8, 16, 9], [11, 1, 12, 22], [13, 4, 14, 5], [21, 11, 22, 10], [5, 12, 6, 13], [19, 15, 20, 14], [9, 21, 10, 20], [7, 16, 8, 17]]"
11a_346_140,"[[7, 16, 8, 17], [3, 19, 4, 18], [1, 7, 2, 6], [17, 3, 18, 2], [15, 8, 16, 9], [11, 1, 12, 22], [13, 4, 14, 5], [21, 11, 22, 10], [5, 12, 6, 13], [19, 15, 20, 14], [9, 21, 10, 20]]"
11a_346_141,"[[9, 21, 10, 20], [7, 16, 8, 17], [3, 19, 4, 18], [1, 7, 2, 6], [17, 3, 18, 2], [15, 8, 16, 9], [11, 1, 12, 22], [13, 4, 14, 5], [21, 11, 22, 10], [5, 12, 6, 13], [19, 15, 20, 14]]"
11a_346_142,"[[19, 15, 20, 14], [9, 21, 10, 20], [7, 16, 8, 17], [3, 19, 4, 18], [1, 7, 2, 6], [17, 3, 18, 2], [15, 8, 16, 9], [11, 1, 12, 22], [13, 4, 14, 5], [21, 11, 22, 10], [5, 12, 6, 13]]"
11a_346_143,"[[6, 13, 7, 14], [20, 16, 21, 15], [10, 22, 11, 21], [8, 17, 9, 18], [4, 20, 5, 19], [2, 8, 3, 7], [18, 4, 19, 3], [16, 9, 17, 10], [12, 2, 13, 1], [14, 5, 15, 6], [22, 12, 1, 11]]"
11a_346_144,"[[22, 12, 1, 11], [6, 13, 7, 14], [20, 16, 21, 15], [10, 22, 11, 21], [8, 17, 9, 18], [4, 20, 5, 19], [2, 8, 3, 7], [18, 4, 19, 3], [16, 9, 17, 10], [12, 2, 13, 1], [14, 5, 15, 6]]"
11a_346_145,"[[14, 5, 15, 6], [22, 12, 1, 11], [6, 13, 7, 14], [20, 16, 21, 15], [10, 22, 11, 21], [8, 17, 9, 18], [4, 20, 5, 19], [2, 8, 3, 7], [18, 4, 19, 3], [16, 9, 17, 10], [12, 2, 13, 1]]"
11a_346_146,"[[12, 2, 13, 1], [14, 5, 15, 6], [22, 12, 1, 11], [6, 13, 7, 14], [20, 16, 21, 15], [10, 22, 11, 21], [8, 17, 9, 18], [4, 20, 5, 19], [2, 8, 3, 7], [18, 4, 19, 3], [16, 9, 17, 10]]"
11a_346_147,"[[16, 9, 17, 10], [12, 2, 13, 1], [14, 5, 15, 6], [22, 12, 1, 11], [6, 13, 7, 14], [20, 16, 21, 15], [10, 22, 11, 21], [8, 17, 9, 18], [4, 20, 5, 19], [2, 8, 3, 7], [18, 4, 19, 3]]"
11a_346_148,"[[18, 4, 19, 3], [16, 9, 17, 10], [12, 2, 13, 1], [14, 5, 15, 6], [22, 12, 1, 11], [6, 13, 7, 14], [20, 16, 21, 15], [10, 22, 11, 21], [8, 17, 9, 18], [4, 20, 5, 19], [2, 8, 3, 7]]"
11a_346_149,"[[2, 8, 3, 7], [18, 4, 19, 3], [16, 9, 17, 10], [12, 2, 13, 1], [14, 5, 15, 6], [22, 12, 1, 11], [6, 13, 7, 14], [20, 16, 21, 15], [10, 22, 11, 21], [8, 17, 9, 18], [4, 20, 5, 19]]"
11a_346_150,"[[4, 20, 5, 19], [2, 8, 3, 7], [18, 4, 19, 3], [16, 9, 17, 10], [12, 2, 13, 1], [14, 5, 15, 6], [22, 12, 1, 11], [6, 13, 7, 14], [20, 16, 21, 15], [10, 22, 11, 21], [8, 17, 9, 18]]"
11a_346_151,"[[8, 17, 9, 18], [4, 20, 5, 19], [2, 8, 3, 7], [18, 4, 19, 3], [16, 9, 17, 10], [12, 2, 13, 1], [14, 5, 15, 6], [22, 12, 1, 11], [6, 13, 7, 14], [20, 16, 21, 15], [10, 22, 11, 21]]"
11a_346_152,"[[10, 22, 11, 21], [8, 17, 9, 18], [4, 20, 5, 19], [2, 8, 3, 7], [18, 4, 19, 3], [16, 9, 17, 10], [12, 2, 13, 1], [14, 5, 15, 6], [22, 12, 1, 11], [6, 13, 7, 14], [20, 16, 21, 15]]"
11a_346_153,"[[20, 16, 21, 15], [10, 22, 11, 21], [8, 17, 9, 18], [4, 20, 5, 19], [2, 8, 3, 7], [18, 4, 19, 3], [16, 9, 17, 10], [12, 2, 13, 1], [14, 5, 15, 6], [22, 12, 1, 11], [6, 13, 7, 14]]"
11a_346_154,"[[7, 14, 8, 15], [21, 17, 22, 16], [11, 1, 12, 22], [9, 18, 10, 19], [5, 21, 6, 20], [3, 9, 4, 8], [19, 5, 20, 4], [17, 10, 18, 11], [13, 3, 14, 2], [15, 6, 16, 7], [1, 13, 2, 12]]"
11a_346_155,"[[1, 13, 2, 12], [7, 14, 8, 15], [21, 17, 22, 16], [11, 1, 12, 22], [9, 18, 10, 19], [5, 21, 6, 20], [3, 9, 4, 8], [19, 5, 20, 4], [17, 10, 18, 11], [13, 3, 14, 2], [15, 6, 16, 7]]"
11a_346_156,"[[15, 6, 16, 7], [1, 13, 2, 12], [7, 14, 8, 15], [21, 17, 22, 16], [11, 1, 12, 22], [9, 18, 10, 19], [5, 21, 6, 20], [3, 9, 4, 8], [19, 5, 20, 4], [17, 10, 18, 11], [13, 3, 14, 2]]"
11a_346_157,"[[13, 3, 14, 2], [15, 6, 16, 7], [1, 13, 2, 12], [7, 14, 8, 15], [21, 17, 22, 16], [11, 1, 12, 22], [9, 18, 10, 19], [5, 21, 6, 20], [3, 9, 4, 8], [19, 5, 20, 4], [17, 10, 18, 11]]"
11a_346_158,"[[17, 10, 18, 11], [13, 3, 14, 2], [15, 6, 16, 7], [1, 13, 2, 12], [7, 14, 8, 15], [21, 17, 22, 16], [11, 1, 12, 22], [9, 18, 10, 19], [5, 21, 6, 20], [3, 9, 4, 8], [19, 5, 20, 4]]"
11a_346_159,"[[19, 5, 20, 4], [17, 10, 18, 11], [13, 3, 14, 2], [15, 6, 16, 7], [1, 13, 2, 12], [7, 14, 8, 15], [21, 17, 22, 16], [11, 1, 12, 22], [9, 18, 10, 19], [5, 21, 6, 20], [3, 9, 4, 8]]"
11a_346_160,"[[3, 9, 4, 8], [19, 5, 20, 4], [17, 10, 18, 11], [13, 3, 14, 2], [15, 6, 16, 7], [1, 13, 2, 12], [7, 14, 8, 15], [21, 17, 22, 16], [11, 1, 12, 22], [9, 18, 10, 19], [5, 21, 6, 20]]"
11a_346_161,"[[5, 21, 6, 20], [3, 9, 4, 8], [19, 5, 20, 4], [17, 10, 18, 11], [13, 3, 14, 2], [15, 6, 16, 7], [1, 13, 2, 12], [7, 14, 8, 15], [21, 17, 22, 16], [11, 1, 12, 22], [9, 18, 10, 19]]"
11a_346_162,"[[9, 18, 10, 19], [5, 21, 6, 20], [3, 9, 4, 8], [19, 5, 20, 4], [17, 10, 18, 11], [13, 3, 14, 2], [15, 6, 16, 7], [1, 13, 2, 12], [7, 14, 8, 15], [21, 17, 22, 16], [11, 1, 12, 22]]"
11a_346_163,"[[11, 1, 12, 22], [9, 18, 10, 19], [5, 21, 6, 20], [3, 9, 4, 8], [19, 5, 20, 4], [17, 10, 18, 11], [13, 3, 14, 2], [15, 6, 16, 7], [1, 13, 2, 12], [7, 14, 8, 15], [21, 17, 22, 16]]"
11a_346_164,"[[21, 17, 22, 16], [11, 1, 12, 22], [9, 18, 10, 19], [5, 21, 6, 20], [3, 9, 4, 8], [19, 5, 20, 4], [17, 10, 18, 11], [13, 3, 14, 2], [15, 6, 16, 7], [1, 13, 2, 12], [7, 14, 8, 15]]"
11a_346_165,"[[8, 15, 9, 16], [22, 18, 1, 17], [12, 2, 13, 1], [10, 19, 11, 20], [6, 22, 7, 21], [4, 10, 5, 9], [20, 6, 21, 5], [18, 11, 19, 12], [14, 4, 15, 3], [16, 7, 17, 8], [2, 14, 3, 13]]"
11a_346_166,"[[2, 14, 3, 13], [8, 15, 9, 16], [22, 18, 1, 17], [12, 2, 13, 1], [10, 19, 11, 20], [6, 22, 7, 21], [4, 10, 5, 9], [20, 6, 21, 5], [18, 11, 19, 12], [14, 4, 15, 3], [16, 7, 17, 8]]"
11a_346_167,"[[16, 7, 17, 8], [2, 14, 3, 13], [8, 15, 9, 16], [22, 18, 1, 17], [12, 2, 13, 1], [10, 19, 11, 20], [6, 22, 7, 21], [4, 10, 5, 9], [20, 6, 21, 5], [18, 11, 19, 12], [14, 4, 15, 3]]"
11a_346_168,"[[14, 4, 15, 3], [16, 7, 17, 8], [2, 14, 3, 13], [8, 15, 9, 16], [22, 18, 1, 17], [12, 2, 13, 1], [10, 19, 11, 20], [6, 22, 7, 21], [4, 10, 5, 9], [20, 6, 21, 5], [18, 11, 19, 12]]"
11a_346_169,"[[18, 11, 19, 12], [14, 4, 15, 3], [16, 7, 17, 8], [2, 14, 3, 13], [8, 15, 9, 16], [22, 18, 1, 17], [12, 2, 13, 1], [10, 19, 11, 20], [6, 22, 7, 21], [4, 10, 5, 9], [20, 6, 21, 5]]"
11a_346_170,"[[20, 6, 21, 5], [18, 11, 19, 12], [14, 4, 15, 3], [16, 7, 17, 8], [2, 14, 3, 13], [8, 15, 9, 16], [22, 18, 1, 17], [12, 2, 13, 1], [10, 19, 11, 20], [6, 22, 7, 21], [4, 10, 5, 9]]"
11a_346_171,"[[4, 10, 5, 9], [20, 6, 21, 5], [18, 11, 19, 12], [14, 4, 15, 3], [16, 7, 17, 8], [2, 14, 3, 13], [8, 15, 9, 16], [22, 18, 1, 17], [12, 2, 13, 1], [10, 19, 11, 20], [6, 22, 7, 21]]"
11a_346_172,"[[6, 22, 7, 21], [4, 10, 5, 9], [20, 6, 21, 5], [18, 11, 19, 12], [14, 4, 15, 3], [16, 7, 17, 8], [2, 14, 3, 13], [8, 15, 9, 16], [22, 18, 1, 17], [12, 2, 13, 1], [10, 19, 11, 20]]"
11a_346_173,"[[10, 19, 11, 20], [6, 22, 7, 21], [4, 10, 5, 9], [20, 6, 21, 5], [18, 11, 19, 12], [14, 4, 15, 3], [16, 7, 17, 8], [2, 14, 3, 13], [8, 15, 9, 16], [22, 18, 1, 17], [12, 2, 13, 1]]"
11a_346_174,"[[12, 2, 13, 1], [10, 19, 11, 20], [6, 22, 7, 21], [4, 10, 5, 9], [20, 6, 21, 5], [18, 11, 19, 12], [14, 4, 15, 3], [16, 7, 17, 8], [2, 14, 3, 13], [8, 15, 9, 16], [22, 18, 1, 17]]"
11a_346_175,"[[22, 18, 1, 17], [12, 2, 13, 1], [10, 19, 11, 20], [6, 22, 7, 21], [4, 10, 5, 9], [20, 6, 21, 5], [18, 11, 19, 12], [14, 4, 15, 3], [16, 7, 17, 8], [2, 14, 3, 13], [8, 15, 9, 16]]"
11a_346_176,"[[9, 16, 10, 17], [1, 19, 2, 18], [13, 3, 14, 2], [11, 20, 12, 21], [7, 1, 8, 22], [5, 11, 6, 10], [21, 7, 22, 6], [19, 12, 20, 13], [15, 5, 16, 4], [17, 8, 18, 9], [3, 15, 4, 14]]"
11a_346_177,"[[3, 15, 4, 14], [9, 16, 10, 17], [1, 19, 2, 18], [13, 3, 14, 2], [11, 20, 12, 21], [7, 1, 8, 22], [5, 11, 6, 10], [21, 7, 22, 6], [19, 12, 20, 13], [15, 5, 16, 4], [17, 8, 18, 9]]"
11a_346_178,"[[17, 8, 18, 9], [3, 15, 4, 14], [9, 16, 10, 17], [1, 19, 2, 18], [13, 3, 14, 2], [11, 20, 12, 21], [7, 1, 8, 22], [5, 11, 6, 10], [21, 7, 22, 6], [19, 12, 20, 13], [15, 5, 16, 4]]"
11a_346_179,"[[15, 5, 16, 4], [17, 8, 18, 9], [3, 15, 4, 14], [9, 16, 10, 17], [1, 19, 2, 18], [13, 3, 14, 2], [11, 20, 12, 21], [7, 1, 8, 22], [5, 11, 6, 10], [21, 7, 22, 6], [19, 12, 20, 13]]"
11a_346_180,"[[19, 12, 20, 13], [15, 5, 16, 4], [17, 8, 18, 9], [3, 15, 4, 14], [9, 16, 10, 17], [1, 19, 2, 18], [13, 3, 14, 2], [11, 20, 12, 21], [7, 1, 8, 22], [5, 11, 6, 10], [21, 7, 22, 6]]"
11a_346_181,"[[21, 7, 22, 6], [19, 12, 20, 13], [15, 5, 16, 4], [17, 8, 18, 9], [3, 15, 4, 14], [9, 16, 10, 17], [1, 19, 2, 18], [13, 3, 14, 2], [11, 20, 12, 21], [7, 1, 8, 22], [5, 11, 6, 10]]"
11a_346_182,"[[5, 11, 6, 10], [21, 7, 22, 6], [19, 12, 20, 13], [15, 5, 16, 4], [17, 8, 18, 9], [3, 15, 4, 14], [9, 16, 10, 17], [1, 19, 2, 18], [13, 3, 14, 2], [11, 20, 12, 21], [7, 1, 8, 22]]"
11a_346_183,"[[7, 1, 8, 22], [5, 11, 6, 10], [21, 7, 22, 6], [19, 12, 20, 13], [15, 5, 16, 4], [17, 8, 18, 9], [3, 15, 4, 14], [9, 16, 10, 17], [1, 19, 2, 18], [13, 3, 14, 2], [11, 20, 12, 21]]"
11a_346_184,"[[11, 20, 12, 21], [7, 1, 8, 22], [5, 11, 6, 10], [21, 7, 22, 6], [19, 12, 20, 13], [15, 5, 16, 4], [17, 8, 18, 9], [3, 15, 4, 14], [9, 16, 10, 17], [1, 19, 2, 18], [13, 3, 14, 2]]"
11a_346_185,"[[13, 3, 14, 2], [11, 20, 12, 21], [7, 1, 8, 22], [5, 11, 6, 10], [21, 7, 22, 6], [19, 12, 20, 13], [15, 5, 16, 4], [17, 8, 18, 9], [3, 15, 4, 14], [9, 16, 10, 17], [1, 19, 2, 18]]"
11a_346_186,"[[1, 19, 2, 18], [13, 3, 14, 2], [11, 20, 12, 21], [7, 1, 8, 22], [5, 11, 6, 10], [21, 7, 22, 6], [19, 12, 20, 13], [15, 5, 16, 4], [17, 8, 18, 9], [3, 15, 4, 14], [9, 16, 10, 17]]"
11a_346_187,"[[10, 17, 11, 18], [2, 20, 3, 19], [14, 4, 15, 3], [12, 21, 13, 22], [8, 2, 9, 1], [6, 12, 7, 11], [22, 8, 1, 7], [20, 13, 21, 14], [16, 6, 17, 5], [18, 9, 19, 10], [4, 16, 5, 15]]"
11a_346_188,"[[4, 16, 5, 15], [10, 17, 11, 18], [2, 20, 3, 19], [14, 4, 15, 3], [12, 21, 13, 22], [8, 2, 9, 1], [6, 12, 7, 11], [22, 8, 1, 7], [20, 13, 21, 14], [16, 6, 17, 5], [18, 9, 19, 10]]"
11a_346_189,"[[18, 9, 19, 10], [4, 16, 5, 15], [10, 17, 11, 18], [2, 20, 3, 19], [14, 4, 15, 3], [12, 21, 13, 22], [8, 2, 9, 1], [6, 12, 7, 11], [22, 8, 1, 7], [20, 13, 21, 14], [16, 6, 17, 5]]"
11a_346_190,"[[16, 6, 17, 5], [18, 9, 19, 10], [4, 16, 5, 15], [10, 17, 11, 18], [2, 20, 3, 19], [14, 4, 15, 3], [12, 21, 13, 22], [8, 2, 9, 1], [6, 12, 7, 11], [22, 8, 1, 7], [20, 13, 21, 14]]"
11a_346_191,"[[20, 13, 21, 14], [16, 6, 17, 5], [18, 9, 19, 10], [4, 16, 5, 15], [10, 17, 11, 18], [2, 20, 3, 19], [14, 4, 15, 3], [12, 21, 13, 22], [8, 2, 9, 1], [6, 12, 7, 11], [22, 8, 1, 7]]"
11a_346_192,"[[22, 8, 1, 7], [20, 13, 21, 14], [16, 6, 17, 5], [18, 9, 19, 10], [4, 16, 5, 15], [10, 17, 11, 18], [2, 20, 3, 19], [14, 4, 15, 3], [12, 21, 13, 22], [8, 2, 9, 1], [6, 12, 7, 11]]"
11a_346_193,"[[6, 12, 7, 11], [22, 8, 1, 7], [20, 13, 21, 14], [16, 6, 17, 5], [18, 9, 19, 10], [4, 16, 5, 15], [10, 17, 11, 18], [2, 20, 3, 19], [14, 4, 15, 3], [12, 21, 13, 22], [8, 2, 9, 1]]"
11a_346_194,"[[8, 2, 9, 1], [6, 12, 7, 11], [22, 8, 1, 7], [20, 13, 21, 14], [16, 6, 17, 5], [18, 9, 19, 10], [4, 16, 5, 15], [10, 17, 11, 18], [2, 20, 3, 19], [14, 4, 15, 3], [12, 21, 13, 22]]"
11a_346_195,"[[12, 21, 13, 22], [8, 2, 9, 1], [6, 12, 7, 11], [22, 8, 1, 7], [20, 13, 21, 14], [16, 6, 17, 5], [18, 9, 19, 10], [4, 16, 5, 15], [10, 17, 11, 18], [2, 20, 3, 19], [14, 4, 15, 3]]"
11a_346_196,"[[14, 4, 15, 3], [12, 21, 13, 22], [8, 2, 9, 1], [6, 12, 7, 11], [22, 8, 1, 7], [20, 13, 21, 14], [16, 6, 17, 5], [18, 9, 19, 10], [4, 16, 5, 15], [10, 17, 11, 18], [2, 20, 3, 19]]"
11a_346_197,"[[2, 20, 3, 19], [14, 4, 15, 3], [12, 21, 13, 22], [8, 2, 9, 1], [6, 12, 7, 11], [22, 8, 1, 7], [20, 13, 21, 14], [16, 6, 17, 5], [18, 9, 19, 10], [4, 16, 5, 15], [10, 17, 11, 18]]"
11a_346_198,"[[11, 18, 12, 19], [3, 21, 4, 20], [15, 5, 16, 4], [13, 22, 14, 1], [9, 3, 10, 2], [7, 13, 8, 12], [1, 9, 2, 8], [21, 14, 22, 15], [17, 7, 18, 6], [19, 10, 20, 11], [5, 17, 6, 16]]"
11a_346_199,"[[5, 17, 6, 16], [11, 18, 12, 19], [3, 21, 4, 20], [15, 5, 16, 4], [13, 22, 14, 1], [9, 3, 10, 2], [7, 13, 8, 12], [1, 9, 2, 8], [21, 14, 22, 15], [17, 7, 18, 6], [19, 10, 20, 11]]"
11a_346_200,"[[19, 10, 20, 11], [5, 17, 6, 16], [11, 18, 12, 19], [3, 21, 4, 20], [15, 5, 16, 4], [13, 22, 14, 1], [9, 3, 10, 2], [7, 13, 8, 12], [1, 9, 2, 8], [21, 14, 22, 15], [17, 7, 18, 6]]"
11a_346_201,"[[17, 7, 18, 6], [19, 10, 20, 11], [5, 17, 6, 16], [11, 18, 12, 19], [3, 21, 4, 20], [15, 5, 16, 4], [13, 22, 14, 1], [9, 3, 10, 2], [7, 13, 8, 12], [1, 9, 2, 8], [21, 14, 22, 15]]"
11a_346_202,"[[21, 14, 22, 15], [17, 7, 18, 6], [19, 10, 20, 11], [5, 17, 6, 16], [11, 18, 12, 19], [3, 21, 4, 20], [15, 5, 16, 4], [13, 22, 14, 1], [9, 3, 10, 2], [7, 13, 8, 12], [1, 9, 2, 8]]"
11a_346_203,"[[1, 9, 2, 8], [21, 14, 22, 15], [17, 7, 18, 6], [19, 10, 20, 11], [5, 17, 6, 16], [11, 18, 12, 19], [3, 21, 4, 20], [15, 5, 16, 4], [13, 22, 14, 1], [9, 3, 10, 2], [7, 13, 8, 12]]"
