name,pd_notation
11a_276_0,"[[3, 15, 4, 14], [7, 3, 8, 2], [15, 7, 16, 6], [21, 9, 22, 8], [1, 16, 2, 17], [17, 22, 18, 1], [9, 19, 10, 18], [11, 5, 12, 4], [5, 11, 6, 10], [13, 21, 14, 20], [19, 13, 20, 12]]"
11a_276_1,"[[19, 13, 20, 12], [3, 15, 4, 14], [7, 3, 8, 2], [15, 7, 16, 6], [21, 9, 22, 8], [1, 16, 2, 17], [17, 22, 18, 1], [9, 19, 10, 18], [11, 5, 12, 4], [5, 11, 6, 10], [13, 21, 14, 20]]"
11a_276_2,"[[13, 21, 14, 20], [19, 13, 20, 12], [3, 15, 4, 14], [7, 3, 8, 2], [15, 7, 16, 6], [21, 9, 22, 8], [1, 16, 2, 17], [17, 22, 18, 1], [9, 19, 10, 18], [11, 5, 12, 4], [5, 11, 6, 10]]"
11a_276_3,"[[5, 11, 6, 10], [13, 21, 14, 20], [19, 13, 20, 12], [3, 15, 4, 14], [7, 3, 8, 2], [15, 7, 16, 6], [21, 9, 22, 8], [1, 16, 2, 17], [17, 22, 18, 1], [9, 19, 10, 18], [11, 5, 12, 4]]"
11a_276_4,"[[11, 5, 12, 4], [5, 11, 6, 10], [13, 21, 14, 20], [19, 13, 20, 12], [3, 15, 4, 14], [7, 3, 8, 2], [15, 7, 16, 6], [21, 9, 22, 8], [1, 16, 2, 17], [17, 22, 18, 1], [9, 19, 10, 18]]"
11a_276_5,"[[9, 19, 10, 18], [11, 5, 12, 4], [5, 11, 6, 10], [13, 21, 14, 20], [19, 13, 20, 12], [3, 15, 4, 14], [7, 3, 8, 2], [15, 7, 16, 6], [21, 9, 22, 8], [1, 16, 2, 17], [17, 22, 18, 1]]"
11a_276_6,"[[17, 22, 18, 1], [9, 19, 10, 18], [11, 5, 12, 4], [5, 11, 6, 10], [13, 21, 14, 20], [19, 13, 20, 12], [3, 15, 4, 14], [7, 3, 8, 2], [15, 7, 16, 6], [21, 9, 22, 8], [1, 16, 2, 17]]"
11a_276_7,"[[1, 16, 2, 17], [17, 22, 18, 1], [9, 19, 10, 18], [11, 5, 12, 4], [5, 11, 6, 10], [13, 21, 14, 20], [19, 13, 20, 12], [3, 15, 4, 14], [7, 3, 8, 2], [15, 7, 16, 6], [21, 9, 22, 8]]"
11a_276_8,"[[21, 9, 22, 8], [1, 16, 2, 17], [17, 22, 18, 1], [9, 19, 10, 18], [11, 5, 12, 4], [5, 11, 6, 10], [13, 21, 14, 20], [19, 13, 20, 12], [3, 15, 4, 14], [7, 3, 8, 2], [15, 7, 16, 6]]"
11a_276_9,"[[15, 7, 16, 6], [21, 9, 22, 8], [1, 16, 2, 17], [17, 22, 18, 1], [9, 19, 10, 18], [11, 5, 12, 4], [5, 11, 6, 10], [13, 21, 14, 20], [19, 13, 20, 12], [3, 15, 4, 14], [7, 3, 8, 2]]"
11a_276_10,"[[7, 3, 8, 2], [15, 7, 16, 6], [21, 9, 22, 8], [1, 16, 2, 17], [17, 22, 18, 1], [9, 19, 10, 18], [11, 5, 12, 4], [5, 11, 6, 10], [13, 21, 14, 20], [19, 13, 20, 12], [3, 15, 4, 14]]"
11a_276_11,"[[4, 16, 5, 15], [8, 4, 9, 3], [16, 8, 17, 7], [22, 10, 1, 9], [2, 17, 3, 18], [18, 1, 19, 2], [10, 20, 11, 19], [12, 6, 13, 5], [6, 12, 7, 11], [14, 22, 15, 21], [20, 14, 21, 13]]"
11a_276_12,"[[20, 14, 21, 13], [4, 16, 5, 15], [8, 4, 9, 3], [16, 8, 17, 7], [22, 10, 1, 9], [2, 17, 3, 18], [18, 1, 19, 2], [10, 20, 11, 19], [12, 6, 13, 5], [6, 12, 7, 11], [14, 22, 15, 21]]"
11a_276_13,"[[14, 22, 15, 21], [20, 14, 21, 13], [4, 16, 5, 15], [8, 4, 9, 3], [16, 8, 17, 7], [22, 10, 1, 9], [2, 17, 3, 18], [18, 1, 19, 2], [10, 20, 11, 19], [12, 6, 13, 5], [6, 12, 7, 11]]"
11a_276_14,"[[6, 12, 7, 11], [14, 22, 15, 21], [20, 14, 21, 13], [4, 16, 5, 15], [8, 4, 9, 3], [16, 8, 17, 7], [22, 10, 1, 9], [2, 17, 3, 18], [18, 1, 19, 2], [10, 20, 11, 19], [12, 6, 13, 5]]"
11a_276_15,"[[12, 6, 13, 5], [6, 12, 7, 11], [14, 22, 15, 21], [20, 14, 21, 13], [4, 16, 5, 15], [8, 4, 9, 3], [16, 8, 17, 7], [22, 10, 1, 9], [2, 17, 3, 18], [18, 1, 19, 2], [10, 20, 11, 19]]"
11a_276_16,"[[10, 20, 11, 19], [12, 6, 13, 5], [6, 12, 7, 11], [14, 22, 15, 21], [20, 14, 21, 13], [4, 16, 5, 15], [8, 4, 9, 3], [16, 8, 17, 7], [22, 10, 1, 9], [2, 17, 3, 18], [18, 1, 19, 2]]"
11a_276_17,"[[18, 1, 19, 2], [10, 20, 11, 19], [12, 6, 13, 5], [6, 12, 7, 11], [14, 22, 15, 21], [20, 14, 21, 13], [4, 16, 5, 15], [8, 4, 9, 3], [16, 8, 17, 7], [22, 10, 1, 9], [2, 17, 3, 18]]"
11a_276_18,"[[2, 17, 3, 18], [18, 1, 19, 2], [10, 20, 11, 19], [12, 6, 13, 5], [6, 12, 7, 11], [14, 22, 15, 21], [20, 14, 21, 13], [4, 16, 5, 15], [8, 4, 9, 3], [16, 8, 17, 7], [22, 10, 1, 9]]"
11a_276_19,"[[22, 10, 1, 9], [2, 17, 3, 18], [18, 1, 19, 2], [10, 20, 11, 19], [12, 6, 13, 5], [6, 12, 7, 11], [14, 22, 15, 21], [20, 14, 21, 13], [4, 16, 5, 15], [8, 4, 9, 3], [16, 8, 17, 7]]"
11a_276_20,"[[16, 8, 17, 7], [22, 10, 1, 9], [2, 17, 3, 18], [18, 1, 19, 2], [10, 20, 11, 19], [12, 6, 13, 5], [6, 12, 7, 11], [14, 22, 15, 21], [20, 14, 21, 13], [4, 16, 5, 15], [8, 4, 9, 3]]"
11a_276_21,"[[8, 4, 9, 3], [16, 8, 17, 7], [22, 10, 1, 9], [2, 17, 3, 18], [18, 1, 19, 2], [10, 20, 11, 19], [12, 6, 13, 5], [6, 12, 7, 11], [14, 22, 15, 21], [20, 14, 21, 13], [4, 16, 5, 15]]"
11a_276_22,"[[5, 17, 6, 16], [9, 5, 10, 4], [17, 9, 18, 8], [1, 11, 2, 10], [3, 18, 4, 19], [19, 2, 20, 3], [11, 21, 12, 20], [13, 7, 14, 6], [7, 13, 8, 12], [15, 1, 16, 22], [21, 15, 22, 14]]"
11a_276_23,"[[21, 15, 22, 14], [5, 17, 6, 16], [9, 5, 10, 4], [17, 9, 18, 8], [1, 11, 2, 10], [3, 18, 4, 19], [19, 2, 20, 3], [11, 21, 12, 20], [13, 7, 14, 6], [7, 13, 8, 12], [15, 1, 16, 22]]"
11a_276_24,"[[15, 1, 16, 22], [21, 15, 22, 14], [5, 17, 6, 16], [9, 5, 10, 4], [17, 9, 18, 8], [1, 11, 2, 10], [3, 18, 4, 19], [19, 2, 20, 3], [11, 21, 12, 20], [13, 7, 14, 6], [7, 13, 8, 12]]"
11a_276_25,"[[7, 13, 8, 12], [15, 1, 16, 22], [21, 15, 22, 14], [5, 17, 6, 16], [9, 5, 10, 4], [17, 9, 18, 8], [1, 11, 2, 10], [3, 18, 4, 19], [19, 2, 20, 3], [11, 21, 12, 20], [13, 7, 14, 6]]"
11a_276_26,"[[13, 7, 14, 6], [7, 13, 8, 12], [15, 1, 16, 22], [21, 15, 22, 14], [5, 17, 6, 16], [9, 5, 10, 4], [17, 9, 18, 8], [1, 11, 2, 10], [3, 18, 4, 19], [19, 2, 20, 3], [11, 21, 12, 20]]"
11a_276_27,"[[11, 21, 12, 20], [13, 7, 14, 6], [7, 13, 8, 12], [15, 1, 16, 22], [21, 15, 22, 14], [5, 17, 6, 16], [9, 5, 10, 4], [17, 9, 18, 8], [1, 11, 2, 10], [3, 18, 4, 19], [19, 2, 20, 3]]"
11a_276_28,"[[19, 2, 20, 3], [11, 21, 12, 20], [13, 7, 14, 6], [7, 13, 8, 12], [15, 1, 16, 22], [21, 15, 22, 14], [5, 17, 6, 16], [9, 5, 10, 4], [17, 9, 18, 8], [1, 11, 2, 10], [3, 18, 4, 19]]"
11a_276_29,"[[3, 18, 4, 19], [19, 2, 20, 3], [11, 21, 12, 20], [13, 7, 14, 6], [7, 13, 8, 12], [15, 1, 16, 22], [21, 15, 22, 14], [5, 17, 6, 16], [9, 5, 10, 4], [17, 9, 18, 8], [1, 11, 2, 10]]"
11a_276_30,"[[1, 11, 2, 10], [3, 18, 4, 19], [19, 2, 20, 3], [11, 21, 12, 20], [13, 7, 14, 6], [7, 13, 8, 12], [15, 1, 16, 22], [21, 15, 22, 14], [5, 17, 6, 16], [9, 5, 10, 4], [17, 9, 18, 8]]"
11a_276_31,"[[17, 9, 18, 8], [1, 11, 2, 10], [3, 18, 4, 19], [19, 2, 20, 3], [11, 21, 12, 20], [13, 7, 14, 6], [7, 13, 8, 12], [15, 1, 16, 22], [21, 15, 22, 14], [5, 17, 6, 16], [9, 5, 10, 4]]"
11a_276_32,"[[9, 5, 10, 4], [17, 9, 18, 8], [1, 11, 2, 10], [3, 18, 4, 19], [19, 2, 20, 3], [11, 21, 12, 20], [13, 7, 14, 6], [7, 13, 8, 12], [15, 1, 16, 22], [21, 15, 22, 14], [5, 17, 6, 16]]"
11a_276_33,"[[6, 18, 7, 17], [10, 6, 11, 5], [18, 10, 19, 9], [2, 12, 3, 11], [4, 19, 5, 20], [20, 3, 21, 4], [12, 22, 13, 21], [14, 8, 15, 7], [8, 14, 9, 13], [16, 2, 17, 1], [22, 16, 1, 15]]"
11a_276_34,"[[22, 16, 1, 15], [6, 18, 7, 17], [10, 6, 11, 5], [18, 10, 19, 9], [2, 12, 3, 11], [4, 19, 5, 20], [20, 3, 21, 4], [12, 22, 13, 21], [14, 8, 15, 7], [8, 14, 9, 13], [16, 2, 17, 1]]"
11a_276_35,"[[16, 2, 17, 1], [22, 16, 1, 15], [6, 18, 7, 17], [10, 6, 11, 5], [18, 10, 19, 9], [2, 12, 3, 11], [4, 19, 5, 20], [20, 3, 21, 4], [12, 22, 13, 21], [14, 8, 15, 7], [8, 14, 9, 13]]"
11a_276_36,"[[8, 14, 9, 13], [16, 2, 17, 1], [22, 16, 1, 15], [6, 18, 7, 17], [10, 6, 11, 5], [18, 10, 19, 9], [2, 12, 3, 11], [4, 19, 5, 20], [20, 3, 21, 4], [12, 22, 13, 21], [14, 8, 15, 7]]"
11a_276_37,"[[14, 8, 15, 7], [8, 14, 9, 13], [16, 2, 17, 1], [22, 16, 1, 15], [6, 18, 7, 17], [10, 6, 11, 5], [18, 10, 19, 9], [2, 12, 3, 11], [4, 19, 5, 20], [20, 3, 21, 4], [12, 22, 13, 21]]"
11a_276_38,"[[12, 22, 13, 21], [14, 8, 15, 7], [8, 14, 9, 13], [16, 2, 17, 1], [22, 16, 1, 15], [6, 18, 7, 17], [10, 6, 11, 5], [18, 10, 19, 9], [2, 12, 3, 11], [4, 19, 5, 20], [20, 3, 21, 4]]"
11a_276_39,"[[20, 3, 21, 4], [12, 22, 13, 21], [14, 8, 15, 7], [8, 14, 9, 13], [16, 2, 17, 1], [22, 16, 1, 15], [6, 18, 7, 17], [10, 6, 11, 5], [18, 10, 19, 9], [2, 12, 3, 11], [4, 19, 5, 20]]"
11a_276_40,"[[4, 19, 5, 20], [20, 3, 21, 4], [12, 22, 13, 21], [14, 8, 15, 7], [8, 14, 9, 13], [16, 2, 17, 1], [22, 16, 1, 15], [6, 18, 7, 17], [10, 6, 11, 5], [18, 10, 19, 9], [2, 12, 3, 11]]"
11a_276_41,"[[2, 12, 3, 11], [4, 19, 5, 20], [20, 3, 21, 4], [12, 22, 13, 21], [14, 8, 15, 7], [8, 14, 9, 13], [16, 2, 17, 1], [22, 16, 1, 15], [6, 18, 7, 17], [10, 6, 11, 5], [18, 10, 19, 9]]"
11a_276_42,"[[18, 10, 19, 9], [2, 12, 3, 11], [4, 19, 5, 20], [20, 3, 21, 4], [12, 22, 13, 21], [14, 8, 15, 7], [8, 14, 9, 13], [16, 2, 17, 1], [22, 16, 1, 15], [6, 18, 7, 17], [10, 6, 11, 5]]"
11a_276_43,"[[10, 6, 11, 5], [18, 10, 19, 9], [2, 12, 3, 11], [4, 19, 5, 20], [20, 3, 21, 4], [12, 22, 13, 21], [14, 8, 15, 7], [8, 14, 9, 13], [16, 2, 17, 1], [22, 16, 1, 15], [6, 18, 7, 17]]"
11a_276_44,"[[7, 19, 8, 18], [11, 7, 12, 6], [19, 11, 20, 10], [3, 13, 4, 12], [5, 20, 6, 21], [21, 4, 22, 5], [13, 1, 14, 22], [15, 9, 16, 8], [9, 15, 10, 14], [17, 3, 18, 2], [1, 17, 2, 16]]"
11a_276_45,"[[1, 17, 2, 16], [7, 19, 8, 18], [11, 7, 12, 6], [19, 11, 20, 10], [3, 13, 4, 12], [5, 20, 6, 21], [21, 4, 22, 5], [13, 1, 14, 22], [15, 9, 16, 8], [9, 15, 10, 14], [17, 3, 18, 2]]"
11a_276_46,"[[17, 3, 18, 2], [1, 17, 2, 16], [7, 19, 8, 18], [11, 7, 12, 6], [19, 11, 20, 10], [3, 13, 4, 12], [5, 20, 6, 21], [21, 4, 22, 5], [13, 1, 14, 22], [15, 9, 16, 8], [9, 15, 10, 14]]"
11a_276_47,"[[9, 15, 10, 14], [17, 3, 18, 2], [1, 17, 2, 16], [7, 19, 8, 18], [11, 7, 12, 6], [19, 11, 20, 10], [3, 13, 4, 12], [5, 20, 6, 21], [21, 4, 22, 5], [13, 1, 14, 22], [15, 9, 16, 8]]"
11a_276_48,"[[15, 9, 16, 8], [9, 15, 10, 14], [17, 3, 18, 2], [1, 17, 2, 16], [7, 19, 8, 18], [11, 7, 12, 6], [19, 11, 20, 10], [3, 13, 4, 12], [5, 20, 6, 21], [21, 4, 22, 5], [13, 1, 14, 22]]"
11a_276_49,"[[13, 1, 14, 22], [15, 9, 16, 8], [9, 15, 10, 14], [17, 3, 18, 2], [1, 17, 2, 16], [7, 19, 8, 18], [11, 7, 12, 6], [19, 11, 20, 10], [3, 13, 4, 12], [5, 20, 6, 21], [21, 4, 22, 5]]"
11a_276_50,"[[21, 4, 22, 5], [13, 1, 14, 22], [15, 9, 16, 8], [9, 15, 10, 14], [17, 3, 18, 2], [1, 17, 2, 16], [7, 19, 8, 18], [11, 7, 12, 6], [19, 11, 20, 10], [3, 13, 4, 12], [5, 20, 6, 21]]"
11a_276_51,"[[5, 20, 6, 21], [21, 4, 22, 5], [13, 1, 14, 22], [15, 9, 16, 8], [9, 15, 10, 14], [17, 3, 18, 2], [1, 17, 2, 16], [7, 19, 8, 18], [11, 7, 12, 6], [19, 11, 20, 10], [3, 13, 4, 12]]"
11a_276_52,"[[3, 13, 4, 12], [5, 20, 6, 21], [21, 4, 22, 5], [13, 1, 14, 22], [15, 9, 16, 8], [9, 15, 10, 14], [17, 3, 18, 2], [1, 17, 2, 16], [7, 19, 8, 18], [11, 7, 12, 6], [19, 11, 20, 10]]"
11a_276_53,"[[19, 11, 20, 10], [3, 13, 4, 12], [5, 20, 6, 21], [21, 4, 22, 5], [13, 1, 14, 22], [15, 9, 16, 8], [9, 15, 10, 14], [17, 3, 18, 2], [1, 17, 2, 16], [7, 19, 8, 18], [11, 7, 12, 6]]"
11a_276_54,"[[11, 7, 12, 6], [19, 11, 20, 10], [3, 13, 4, 12], [5, 20, 6, 21], [21, 4, 22, 5], [13, 1, 14, 22], [15, 9, 16, 8], [9, 15, 10, 14], [17, 3, 18, 2], [1, 17, 2, 16], [7, 19, 8, 18]]"
11a_276_55,"[[8, 20, 9, 19], [12, 8, 13, 7], [20, 12, 21, 11], [4, 14, 5, 13], [6, 21, 7, 22], [22, 5, 1, 6], [14, 2, 15, 1], [16, 10, 17, 9], [10, 16, 11, 15], [18, 4, 19, 3], [2, 18, 3, 17]]"
11a_276_56,"[[2, 18, 3, 17], [8, 20, 9, 19], [12, 8, 13, 7], [20, 12, 21, 11], [4, 14, 5, 13], [6, 21, 7, 22], [22, 5, 1, 6], [14, 2, 15, 1], [16, 10, 17, 9], [10, 16, 11, 15], [18, 4, 19, 3]]"
11a_276_57,"[[18, 4, 19, 3], [2, 18, 3, 17], [8, 20, 9, 19], [12, 8, 13, 7], [20, 12, 21, 11], [4, 14, 5, 13], [6, 21, 7, 22], [22, 5, 1, 6], [14, 2, 15, 1], [16, 10, 17, 9], [10, 16, 11, 15]]"
11a_276_58,"[[10, 16, 11, 15], [18, 4, 19, 3], [2, 18, 3, 17], [8, 20, 9, 19], [12, 8, 13, 7], [20, 12, 21, 11], [4, 14, 5, 13], [6, 21, 7, 22], [22, 5, 1, 6], [14, 2, 15, 1], [16, 10, 17, 9]]"
11a_276_59,"[[16, 10, 17, 9], [10, 16, 11, 15], [18, 4, 19, 3], [2, 18, 3, 17], [8, 20, 9, 19], [12, 8, 13, 7], [20, 12, 21, 11], [4, 14, 5, 13], [6, 21, 7, 22], [22, 5, 1, 6], [14, 2, 15, 1]]"
11a_276_60,"[[14, 2, 15, 1], [16, 10, 17, 9], [10, 16, 11, 15], [18, 4, 19, 3], [2, 18, 3, 17], [8, 20, 9, 19], [12, 8, 13, 7], [20, 12, 21, 11], [4, 14, 5, 13], [6, 21, 7, 22], [22, 5, 1, 6]]"
11a_276_61,"[[22, 5, 1, 6], [14, 2, 15, 1], [16, 10, 17, 9], [10, 16, 11, 15], [18, 4, 19, 3], [2, 18, 3, 17], [8, 20, 9, 19], [12, 8, 13, 7], [20, 12, 21, 11], [4, 14, 5, 13], [6, 21, 7, 22]]"
11a_276_62,"[[6, 21, 7, 22], [22, 5, 1, 6], [14, 2, 15, 1], [16, 10, 17, 9], [10, 16, 11, 15], [18, 4, 19, 3], [2, 18, 3, 17], [8, 20, 9, 19], [12, 8, 13, 7], [20, 12, 21, 11], [4, 14, 5, 13]]"
11a_276_63,"[[4, 14, 5, 13], [6, 21, 7, 22], [22, 5, 1, 6], [14, 2, 15, 1], [16, 10, 17, 9], [10, 16, 11, 15], [18, 4, 19, 3], [2, 18, 3, 17], [8, 20, 9, 19], [12, 8, 13, 7], [20, 12, 21, 11]]"
11a_276_64,"[[20, 12, 21, 11], [4, 14, 5, 13], [6, 21, 7, 22], [22, 5, 1, 6], [14, 2, 15, 1], [16, 10, 17, 9], [10, 16, 11, 15], [18, 4, 19, 3], [2, 18, 3, 17], [8, 20, 9, 19], [12, 8, 13, 7]]"
11a_276_65,"[[12, 8, 13, 7], [20, 12, 21, 11], [4, 14, 5, 13], [6, 21, 7, 22], [22, 5, 1, 6], [14, 2, 15, 1], [16, 10, 17, 9], [10, 16, 11, 15], [18, 4, 19, 3], [2, 18, 3, 17], [8, 20, 9, 19]]"
11a_276_66,"[[9, 21, 10, 20], [13, 9, 14, 8], [21, 13, 22, 12], [5, 15, 6, 14], [7, 22, 8, 1], [1, 6, 2, 7], [15, 3, 16, 2], [17, 11, 18, 10], [11, 17, 12, 16], [19, 5, 20, 4], [3, 19, 4, 18]]"
11a_276_67,"[[3, 19, 4, 18], [9, 21, 10, 20], [13, 9, 14, 8], [21, 13, 22, 12], [5, 15, 6, 14], [7, 22, 8, 1], [1, 6, 2, 7], [15, 3, 16, 2], [17, 11, 18, 10], [11, 17, 12, 16], [19, 5, 20, 4]]"
11a_276_68,"[[19, 5, 20, 4], [3, 19, 4, 18], [9, 21, 10, 20], [13, 9, 14, 8], [21, 13, 22, 12], [5, 15, 6, 14], [7, 22, 8, 1], [1, 6, 2, 7], [15, 3, 16, 2], [17, 11, 18, 10], [11, 17, 12, 16]]"
11a_276_69,"[[11, 17, 12, 16], [19, 5, 20, 4], [3, 19, 4, 18], [9, 21, 10, 20], [13, 9, 14, 8], [21, 13, 22, 12], [5, 15, 6, 14], [7, 22, 8, 1], [1, 6, 2, 7], [15, 3, 16, 2], [17, 11, 18, 10]]"
11a_276_70,"[[17, 11, 18, 10], [11, 17, 12, 16], [19, 5, 20, 4], [3, 19, 4, 18], [9, 21, 10, 20], [13, 9, 14, 8], [21, 13, 22, 12], [5, 15, 6, 14], [7, 22, 8, 1], [1, 6, 2, 7], [15, 3, 16, 2]]"
11a_276_71,"[[15, 3, 16, 2], [17, 11, 18, 10], [11, 17, 12, 16], [19, 5, 20, 4], [3, 19, 4, 18], [9, 21, 10, 20], [13, 9, 14, 8], [21, 13, 22, 12], [5, 15, 6, 14], [7, 22, 8, 1], [1, 6, 2, 7]]"
11a_276_72,"[[1, 6, 2, 7], [15, 3, 16, 2], [17, 11, 18, 10], [11, 17, 12, 16], [19, 5, 20, 4], [3, 19, 4, 18], [9, 21, 10, 20], [13, 9, 14, 8], [21, 13, 22, 12], [5, 15, 6, 14], [7, 22, 8, 1]]"
11a_276_73,"[[7, 22, 8, 1], [1, 6, 2, 7], [15, 3, 16, 2], [17, 11, 18, 10], [11, 17, 12, 16], [19, 5, 20, 4], [3, 19, 4, 18], [9, 21, 10, 20], [13, 9, 14, 8], [21, 13, 22, 12], [5, 15, 6, 14]]"
11a_276_74,"[[5, 15, 6, 14], [7, 22, 8, 1], [1, 6, 2, 7], [15, 3, 16, 2], [17, 11, 18, 10], [11, 17, 12, 16], [19, 5, 20, 4], [3, 19, 4, 18], [9, 21, 10, 20], [13, 9, 14, 8], [21, 13, 22, 12]]"
11a_276_75,"[[21, 13, 22, 12], [5, 15, 6, 14], [7, 22, 8, 1], [1, 6, 2, 7], [15, 3, 16, 2], [17, 11, 18, 10], [11, 17, 12, 16], [19, 5, 20, 4], [3, 19, 4, 18], [9, 21, 10, 20], [13, 9, 14, 8]]"
11a_276_76,"[[13, 9, 14, 8], [21, 13, 22, 12], [5, 15, 6, 14], [7, 22, 8, 1], [1, 6, 2, 7], [15, 3, 16, 2], [17, 11, 18, 10], [11, 17, 12, 16], [19, 5, 20, 4], [3, 19, 4, 18], [9, 21, 10, 20]]"
11a_276_77,"[[10, 22, 11, 21], [14, 10, 15, 9], [22, 14, 1, 13], [6, 16, 7, 15], [8, 1, 9, 2], [2, 7, 3, 8], [16, 4, 17, 3], [18, 12, 19, 11], [12, 18, 13, 17], [20, 6, 21, 5], [4, 20, 5, 19]]"
11a_276_78,"[[4, 20, 5, 19], [10, 22, 11, 21], [14, 10, 15, 9], [22, 14, 1, 13], [6, 16, 7, 15], [8, 1, 9, 2], [2, 7, 3, 8], [16, 4, 17, 3], [18, 12, 19, 11], [12, 18, 13, 17], [20, 6, 21, 5]]"
11a_276_79,"[[20, 6, 21, 5], [4, 20, 5, 19], [10, 22, 11, 21], [14, 10, 15, 9], [22, 14, 1, 13], [6, 16, 7, 15], [8, 1, 9, 2], [2, 7, 3, 8], [16, 4, 17, 3], [18, 12, 19, 11], [12, 18, 13, 17]]"
11a_276_80,"[[12, 18, 13, 17], [20, 6, 21, 5], [4, 20, 5, 19], [10, 22, 11, 21], [14, 10, 15, 9], [22, 14, 1, 13], [6, 16, 7, 15], [8, 1, 9, 2], [2, 7, 3, 8], [16, 4, 17, 3], [18, 12, 19, 11]]"
11a_276_81,"[[18, 12, 19, 11], [12, 18, 13, 17], [20, 6, 21, 5], [4, 20, 5, 19], [10, 22, 11, 21], [14, 10, 15, 9], [22, 14, 1, 13], [6, 16, 7, 15], [8, 1, 9, 2], [2, 7, 3, 8], [16, 4, 17, 3]]"
11a_276_82,"[[16, 4, 17, 3], [18, 12, 19, 11], [12, 18, 13, 17], [20, 6, 21, 5], [4, 20, 5, 19], [10, 22, 11, 21], [14, 10, 15, 9], [22, 14, 1, 13], [6, 16, 7, 15], [8, 1, 9, 2], [2, 7, 3, 8]]"
11a_276_83,"[[2, 7, 3, 8], [16, 4, 17, 3], [18, 12, 19, 11], [12, 18, 13, 17], [20, 6, 21, 5], [4, 20, 5, 19], [10, 22, 11, 21], [14, 10, 15, 9], [22, 14, 1, 13], [6, 16, 7, 15], [8, 1, 9, 2]]"
11a_276_84,"[[8, 1, 9, 2], [2, 7, 3, 8], [16, 4, 17, 3], [18, 12, 19, 11], [12, 18, 13, 17], [20, 6, 21, 5], [4, 20, 5, 19], [10, 22, 11, 21], [14, 10, 15, 9], [22, 14, 1, 13], [6, 16, 7, 15]]"
11a_276_85,"[[6, 16, 7, 15], [8, 1, 9, 2], [2, 7, 3, 8], [16, 4, 17, 3], [18, 12, 19, 11], [12, 18, 13, 17], [20, 6, 21, 5], [4, 20, 5, 19], [10, 22, 11, 21], [14, 10, 15, 9], [22, 14, 1, 13]]"
11a_276_86,"[[22, 14, 1, 13], [6, 16, 7, 15], [8, 1, 9, 2], [2, 7, 3, 8], [16, 4, 17, 3], [18, 12, 19, 11], [12, 18, 13, 17], [20, 6, 21, 5], [4, 20, 5, 19], [10, 22, 11, 21], [14, 10, 15, 9]]"
11a_276_87,"[[14, 10, 15, 9], [22, 14, 1, 13], [6, 16, 7, 15], [8, 1, 9, 2], [2, 7, 3, 8], [16, 4, 17, 3], [18, 12, 19, 11], [12, 18, 13, 17], [20, 6, 21, 5], [4, 20, 5, 19], [10, 22, 11, 21]]"
11a_276_88,"[[11, 1, 12, 22], [15, 11, 16, 10], [1, 15, 2, 14], [7, 17, 8, 16], [9, 2, 10, 3], [3, 8, 4, 9], [17, 5, 18, 4], [19, 13, 20, 12], [13, 19, 14, 18], [21, 7, 22, 6], [5, 21, 6, 20]]"
11a_276_89,"[[5, 21, 6, 20], [11, 1, 12, 22], [15, 11, 16, 10], [1, 15, 2, 14], [7, 17, 8, 16], [9, 2, 10, 3], [3, 8, 4, 9], [17, 5, 18, 4], [19, 13, 20, 12], [13, 19, 14, 18], [21, 7, 22, 6]]"
11a_276_90,"[[21, 7, 22, 6], [5, 21, 6, 20], [11, 1, 12, 22], [15, 11, 16, 10], [1, 15, 2, 14], [7, 17, 8, 16], [9, 2, 10, 3], [3, 8, 4, 9], [17, 5, 18, 4], [19, 13, 20, 12], [13, 19, 14, 18]]"
11a_276_91,"[[13, 19, 14, 18], [21, 7, 22, 6], [5, 21, 6, 20], [11, 1, 12, 22], [15, 11, 16, 10], [1, 15, 2, 14], [7, 17, 8, 16], [9, 2, 10, 3], [3, 8, 4, 9], [17, 5, 18, 4], [19, 13, 20, 12]]"
11a_276_92,"[[19, 13, 20, 12], [13, 19, 14, 18], [21, 7, 22, 6], [5, 21, 6, 20], [11, 1, 12, 22], [15, 11, 16, 10], [1, 15, 2, 14], [7, 17, 8, 16], [9, 2, 10, 3], [3, 8, 4, 9], [17, 5, 18, 4]]"
11a_276_93,"[[17, 5, 18, 4], [19, 13, 20, 12], [13, 19, 14, 18], [21, 7, 22, 6], [5, 21, 6, 20], [11, 1, 12, 22], [15, 11, 16, 10], [1, 15, 2, 14], [7, 17, 8, 16], [9, 2, 10, 3], [3, 8, 4, 9]]"
11a_276_94,"[[3, 8, 4, 9], [17, 5, 18, 4], [19, 13, 20, 12], [13, 19, 14, 18], [21, 7, 22, 6], [5, 21, 6, 20], [11, 1, 12, 22], [15, 11, 16, 10], [1, 15, 2, 14], [7, 17, 8, 16], [9, 2, 10, 3]]"
11a_276_95,"[[9, 2, 10, 3], [3, 8, 4, 9], [17, 5, 18, 4], [19, 13, 20, 12], [13, 19, 14, 18], [21, 7, 22, 6], [5, 21, 6, 20], [11, 1, 12, 22], [15, 11, 16, 10], [1, 15, 2, 14], [7, 17, 8, 16]]"
11a_276_96,"[[7, 17, 8, 16], [9, 2, 10, 3], [3, 8, 4, 9], [17, 5, 18, 4], [19, 13, 20, 12], [13, 19, 14, 18], [21, 7, 22, 6], [5, 21, 6, 20], [11, 1, 12, 22], [15, 11, 16, 10], [1, 15, 2, 14]]"
11a_276_97,"[[1, 15, 2, 14], [7, 17, 8, 16], [9, 2, 10, 3], [3, 8, 4, 9], [17, 5, 18, 4], [19, 13, 20, 12], [13, 19, 14, 18], [21, 7, 22, 6], [5, 21, 6, 20], [11, 1, 12, 22], [15, 11, 16, 10]]"
11a_276_98,"[[15, 11, 16, 10], [1, 15, 2, 14], [7, 17, 8, 16], [9, 2, 10, 3], [3, 8, 4, 9], [17, 5, 18, 4], [19, 13, 20, 12], [13, 19, 14, 18], [21, 7, 22, 6], [5, 21, 6, 20], [11, 1, 12, 22]]"
11a_276_99,"[[12, 2, 13, 1], [16, 12, 17, 11], [2, 16, 3, 15], [8, 18, 9, 17], [10, 3, 11, 4], [4, 9, 5, 10], [18, 6, 19, 5], [20, 14, 21, 13], [14, 20, 15, 19], [22, 8, 1, 7], [6, 22, 7, 21]]"
11a_276_100,"[[6, 22, 7, 21], [12, 2, 13, 1], [16, 12, 17, 11], [2, 16, 3, 15], [8, 18, 9, 17], [10, 3, 11, 4], [4, 9, 5, 10], [18, 6, 19, 5], [20, 14, 21, 13], [14, 20, 15, 19], [22, 8, 1, 7]]"
11a_276_101,"[[22, 8, 1, 7], [6, 22, 7, 21], [12, 2, 13, 1], [16, 12, 17, 11], [2, 16, 3, 15], [8, 18, 9, 17], [10, 3, 11, 4], [4, 9, 5, 10], [18, 6, 19, 5], [20, 14, 21, 13], [14, 20, 15, 19]]"
11a_276_102,"[[14, 20, 15, 19], [22, 8, 1, 7], [6, 22, 7, 21], [12, 2, 13, 1], [16, 12, 17, 11], [2, 16, 3, 15], [8, 18, 9, 17], [10, 3, 11, 4], [4, 9, 5, 10], [18, 6, 19, 5], [20, 14, 21, 13]]"
11a_276_103,"[[20, 14, 21, 13], [14, 20, 15, 19], [22, 8, 1, 7], [6, 22, 7, 21], [12, 2, 13, 1], [16, 12, 17, 11], [2, 16, 3, 15], [8, 18, 9, 17], [10, 3, 11, 4], [4, 9, 5, 10], [18, 6, 19, 5]]"
11a_276_104,"[[18, 6, 19, 5], [20, 14, 21, 13], [14, 20, 15, 19], [22, 8, 1, 7], [6, 22, 7, 21], [12, 2, 13, 1], [16, 12, 17, 11], [2, 16, 3, 15], [8, 18, 9, 17], [10, 3, 11, 4], [4, 9, 5, 10]]"
11a_276_105,"[[4, 9, 5, 10], [18, 6, 19, 5], [20, 14, 21, 13], [14, 20, 15, 19], [22, 8, 1, 7], [6, 22, 7, 21], [12, 2, 13, 1], [16, 12, 17, 11], [2, 16, 3, 15], [8, 18, 9, 17], [10, 3, 11, 4]]"
11a_276_106,"[[10, 3, 11, 4], [4, 9, 5, 10], [18, 6, 19, 5], [20, 14, 21, 13], [14, 20, 15, 19], [22, 8, 1, 7], [6, 22, 7, 21], [12, 2, 13, 1], [16, 12, 17, 11], [2, 16, 3, 15], [8, 18, 9, 17]]"
11a_276_107,"[[8, 18, 9, 17], [10, 3, 11, 4], [4, 9, 5, 10], [18, 6, 19, 5], [20, 14, 21, 13], [14, 20, 15, 19], [22, 8, 1, 7], [6, 22, 7, 21], [12, 2, 13, 1], [16, 12, 17, 11], [2, 16, 3, 15]]"
11a_276_108,"[[2, 16, 3, 15], [8, 18, 9, 17], [10, 3, 11, 4], [4, 9, 5, 10], [18, 6, 19, 5], [20, 14, 21, 13], [14, 20, 15, 19], [22, 8, 1, 7], [6, 22, 7, 21], [12, 2, 13, 1], [16, 12, 17, 11]]"
11a_276_109,"[[16, 12, 17, 11], [2, 16, 3, 15], [8, 18, 9, 17], [10, 3, 11, 4], [4, 9, 5, 10], [18, 6, 19, 5], [20, 14, 21, 13], [14, 20, 15, 19], [22, 8, 1, 7], [6, 22, 7, 21], [12, 2, 13, 1]]"
11a_276_110,"[[13, 3, 14, 2], [17, 13, 18, 12], [3, 17, 4, 16], [9, 19, 10, 18], [11, 4, 12, 5], [5, 10, 6, 11], [19, 7, 20, 6], [21, 15, 22, 14], [15, 21, 16, 20], [1, 9, 2, 8], [7, 1, 8, 22]]"
11a_276_111,"[[7, 1, 8, 22], [13, 3, 14, 2], [17, 13, 18, 12], [3, 17, 4, 16], [9, 19, 10, 18], [11, 4, 12, 5], [5, 10, 6, 11], [19, 7, 20, 6], [21, 15, 22, 14], [15, 21, 16, 20], [1, 9, 2, 8]]"
11a_276_112,"[[1, 9, 2, 8], [7, 1, 8, 22], [13, 3, 14, 2], [17, 13, 18, 12], [3, 17, 4, 16], [9, 19, 10, 18], [11, 4, 12, 5], [5, 10, 6, 11], [19, 7, 20, 6], [21, 15, 22, 14], [15, 21, 16, 20]]"
11a_276_113,"[[15, 21, 16, 20], [1, 9, 2, 8], [7, 1, 8, 22], [13, 3, 14, 2], [17, 13, 18, 12], [3, 17, 4, 16], [9, 19, 10, 18], [11, 4, 12, 5], [5, 10, 6, 11], [19, 7, 20, 6], [21, 15, 22, 14]]"
11a_276_114,"[[21, 15, 22, 14], [15, 21, 16, 20], [1, 9, 2, 8], [7, 1, 8, 22], [13, 3, 14, 2], [17, 13, 18, 12], [3, 17, 4, 16], [9, 19, 10, 18], [11, 4, 12, 5], [5, 10, 6, 11], [19, 7, 20, 6]]"
11a_276_115,"[[19, 7, 20, 6], [21, 15, 22, 14], [15, 21, 16, 20], [1, 9, 2, 8], [7, 1, 8, 22], [13, 3, 14, 2], [17, 13, 18, 12], [3, 17, 4, 16], [9, 19, 10, 18], [11, 4, 12, 5], [5, 10, 6, 11]]"
11a_276_116,"[[5, 10, 6, 11], [19, 7, 20, 6], [21, 15, 22, 14], [15, 21, 16, 20], [1, 9, 2, 8], [7, 1, 8, 22], [13, 3, 14, 2], [17, 13, 18, 12], [3, 17, 4, 16], [9, 19, 10, 18], [11, 4, 12, 5]]"
11a_276_117,"[[11, 4, 12, 5], [5, 10, 6, 11], [19, 7, 20, 6], [21, 15, 22, 14], [15, 21, 16, 20], [1, 9, 2, 8], [7, 1, 8, 22], [13, 3, 14, 2], [17, 13, 18, 12], [3, 17, 4, 16], [9, 19, 10, 18]]"
11a_276_118,"[[9, 19, 10, 18], [11, 4, 12, 5], [5, 10, 6, 11], [19, 7, 20, 6], [21, 15, 22, 14], [15, 21, 16, 20], [1, 9, 2, 8], [7, 1, 8, 22], [13, 3, 14, 2], [17, 13, 18, 12], [3, 17, 4, 16]]"
11a_276_119,"[[3, 17, 4, 16], [9, 19, 10, 18], [11, 4, 12, 5], [5, 10, 6, 11], [19, 7, 20, 6], [21, 15, 22, 14], [15, 21, 16, 20], [1, 9, 2, 8], [7, 1, 8, 22], [13, 3, 14, 2], [17, 13, 18, 12]]"
11a_276_120,"[[17, 13, 18, 12], [3, 17, 4, 16], [9, 19, 10, 18], [11, 4, 12, 5], [5, 10, 6, 11], [19, 7, 20, 6], [21, 15, 22, 14], [15, 21, 16, 20], [1, 9, 2, 8], [7, 1, 8, 22], [13, 3, 14, 2]]"
11a_276_121,"[[14, 4, 15, 3], [18, 14, 19, 13], [4, 18, 5, 17], [10, 20, 11, 19], [12, 5, 13, 6], [6, 11, 7, 12], [20, 8, 21, 7], [22, 16, 1, 15], [16, 22, 17, 21], [2, 10, 3, 9], [8, 2, 9, 1]]"
11a_276_122,"[[8, 2, 9, 1], [14, 4, 15, 3], [18, 14, 19, 13], [4, 18, 5, 17], [10, 20, 11, 19], [12, 5, 13, 6], [6, 11, 7, 12], [20, 8, 21, 7], [22, 16, 1, 15], [16, 22, 17, 21], [2, 10, 3, 9]]"
11a_276_123,"[[2, 10, 3, 9], [8, 2, 9, 1], [14, 4, 15, 3], [18, 14, 19, 13], [4, 18, 5, 17], [10, 20, 11, 19], [12, 5, 13, 6], [6, 11, 7, 12], [20, 8, 21, 7], [22, 16, 1, 15], [16, 22, 17, 21]]"
11a_276_124,"[[16, 22, 17, 21], [2, 10, 3, 9], [8, 2, 9, 1], [14, 4, 15, 3], [18, 14, 19, 13], [4, 18, 5, 17], [10, 20, 11, 19], [12, 5, 13, 6], [6, 11, 7, 12], [20, 8, 21, 7], [22, 16, 1, 15]]"
11a_276_125,"[[22, 16, 1, 15], [16, 22, 17, 21], [2, 10, 3, 9], [8, 2, 9, 1], [14, 4, 15, 3], [18, 14, 19, 13], [4, 18, 5, 17], [10, 20, 11, 19], [12, 5, 13, 6], [6, 11, 7, 12], [20, 8, 21, 7]]"
11a_276_126,"[[20, 8, 21, 7], [22, 16, 1, 15], [16, 22, 17, 21], [2, 10, 3, 9], [8, 2, 9, 1], [14, 4, 15, 3], [18, 14, 19, 13], [4, 18, 5, 17], [10, 20, 11, 19], [12, 5, 13, 6], [6, 11, 7, 12]]"
11a_276_127,"[[6, 11, 7, 12], [20, 8, 21, 7], [22, 16, 1, 15], [16, 22, 17, 21], [2, 10, 3, 9], [8, 2, 9, 1], [14, 4, 15, 3], [18, 14, 19, 13], [4, 18, 5, 17], [10, 20, 11, 19], [12, 5, 13, 6]]"
11a_276_128,"[[12, 5, 13, 6], [6, 11, 7, 12], [20, 8, 21, 7], [22, 16, 1, 15], [16, 22, 17, 21], [2, 10, 3, 9], [8, 2, 9, 1], [14, 4, 15, 3], [18, 14, 19, 13], [4, 18, 5, 17], [10, 20, 11, 19]]"
11a_276_129,"[[10, 20, 11, 19], [12, 5, 13, 6], [6, 11, 7, 12], [20, 8, 21, 7], [22, 16, 1, 15], [16, 22, 17, 21], [2, 10, 3, 9], [8, 2, 9, 1], [14, 4, 15, 3], [18, 14, 19, 13], [4, 18, 5, 17]]"
11a_276_130,"[[4, 18, 5, 17], [10, 20, 11, 19], [12, 5, 13, 6], [6, 11, 7, 12], [20, 8, 21, 7], [22, 16, 1, 15], [16, 22, 17, 21], [2, 10, 3, 9], [8, 2, 9, 1], [14, 4, 15, 3], [18, 14, 19, 13]]"
11a_276_131,"[[18, 14, 19, 13], [4, 18, 5, 17], [10, 20, 11, 19], [12, 5, 13, 6], [6, 11, 7, 12], [20, 8, 21, 7], [22, 16, 1, 15], [16, 22, 17, 21], [2, 10, 3, 9], [8, 2, 9, 1], [14, 4, 15, 3]]"
11a_276_132,"[[15, 5, 16, 4], [19, 15, 20, 14], [5, 19, 6, 18], [11, 21, 12, 20], [13, 6, 14, 7], [7, 12, 8, 13], [21, 9, 22, 8], [1, 17, 2, 16], [17, 1, 18, 22], [3, 11, 4, 10], [9, 3, 10, 2]]"
11a_276_133,"[[9, 3, 10, 2], [15, 5, 16, 4], [19, 15, 20, 14], [5, 19, 6, 18], [11, 21, 12, 20], [13, 6, 14, 7], [7, 12, 8, 13], [21, 9, 22, 8], [1, 17, 2, 16], [17, 1, 18, 22], [3, 11, 4, 10]]"
11a_276_134,"[[3, 11, 4, 10], [9, 3, 10, 2], [15, 5, 16, 4], [19, 15, 20, 14], [5, 19, 6, 18], [11, 21, 12, 20], [13, 6, 14, 7], [7, 12, 8, 13], [21, 9, 22, 8], [1, 17, 2, 16], [17, 1, 18, 22]]"
11a_276_135,"[[17, 1, 18, 22], [3, 11, 4, 10], [9, 3, 10, 2], [15, 5, 16, 4], [19, 15, 20, 14], [5, 19, 6, 18], [11, 21, 12, 20], [13, 6, 14, 7], [7, 12, 8, 13], [21, 9, 22, 8], [1, 17, 2, 16]]"
11a_276_136,"[[1, 17, 2, 16], [17, 1, 18, 22], [3, 11, 4, 10], [9, 3, 10, 2], [15, 5, 16, 4], [19, 15, 20, 14], [5, 19, 6, 18], [11, 21, 12, 20], [13, 6, 14, 7], [7, 12, 8, 13], [21, 9, 22, 8]]"
11a_276_137,"[[21, 9, 22, 8], [1, 17, 2, 16], [17, 1, 18, 22], [3, 11, 4, 10], [9, 3, 10, 2], [15, 5, 16, 4], [19, 15, 20, 14], [5, 19, 6, 18], [11, 21, 12, 20], [13, 6, 14, 7], [7, 12, 8, 13]]"
11a_276_138,"[[7, 12, 8, 13], [21, 9, 22, 8], [1, 17, 2, 16], [17, 1, 18, 22], [3, 11, 4, 10], [9, 3, 10, 2], [15, 5, 16, 4], [19, 15, 20, 14], [5, 19, 6, 18], [11, 21, 12, 20], [13, 6, 14, 7]]"
11a_276_139,"[[13, 6, 14, 7], [7, 12, 8, 13], [21, 9, 22, 8], [1, 17, 2, 16], [17, 1, 18, 22], [3, 11, 4, 10], [9, 3, 10, 2], [15, 5, 16, 4], [19, 15, 20, 14], [5, 19, 6, 18], [11, 21, 12, 20]]"
11a_276_140,"[[11, 21, 12, 20], [13, 6, 14, 7], [7, 12, 8, 13], [21, 9, 22, 8], [1, 17, 2, 16], [17, 1, 18, 22], [3, 11, 4, 10], [9, 3, 10, 2], [15, 5, 16, 4], [19, 15, 20, 14], [5, 19, 6, 18]]"
11a_276_141,"[[5, 19, 6, 18], [11, 21, 12, 20], [13, 6, 14, 7], [7, 12, 8, 13], [21, 9, 22, 8], [1, 17, 2, 16], [17, 1, 18, 22], [3, 11, 4, 10], [9, 3, 10, 2], [15, 5, 16, 4], [19, 15, 20, 14]]"
11a_276_142,"[[19, 15, 20, 14], [5, 19, 6, 18], [11, 21, 12, 20], [13, 6, 14, 7], [7, 12, 8, 13], [21, 9, 22, 8], [1, 17, 2, 16], [17, 1, 18, 22], [3, 11, 4, 10], [9, 3, 10, 2], [15, 5, 16, 4]]"
11a_276_143,"[[16, 6, 17, 5], [20, 16, 21, 15], [6, 20, 7, 19], [12, 22, 13, 21], [14, 7, 15, 8], [8, 13, 9, 14], [22, 10, 1, 9], [2, 18, 3, 17], [18, 2, 19, 1], [4, 12, 5, 11], [10, 4, 11, 3]]"
11a_276_144,"[[10, 4, 11, 3], [16, 6, 17, 5], [20, 16, 21, 15], [6, 20, 7, 19], [12, 22, 13, 21], [14, 7, 15, 8], [8, 13, 9, 14], [22, 10, 1, 9], [2, 18, 3, 17], [18, 2, 19, 1], [4, 12, 5, 11]]"
11a_276_145,"[[4, 12, 5, 11], [10, 4, 11, 3], [16, 6, 17, 5], [20, 16, 21, 15], [6, 20, 7, 19], [12, 22, 13, 21], [14, 7, 15, 8], [8, 13, 9, 14], [22, 10, 1, 9], [2, 18, 3, 17], [18, 2, 19, 1]]"
11a_276_146,"[[18, 2, 19, 1], [4, 12, 5, 11], [10, 4, 11, 3], [16, 6, 17, 5], [20, 16, 21, 15], [6, 20, 7, 19], [12, 22, 13, 21], [14, 7, 15, 8], [8, 13, 9, 14], [22, 10, 1, 9], [2, 18, 3, 17]]"
11a_276_147,"[[2, 18, 3, 17], [18, 2, 19, 1], [4, 12, 5, 11], [10, 4, 11, 3], [16, 6, 17, 5], [20, 16, 21, 15], [6, 20, 7, 19], [12, 22, 13, 21], [14, 7, 15, 8], [8, 13, 9, 14], [22, 10, 1, 9]]"
11a_276_148,"[[22, 10, 1, 9], [2, 18, 3, 17], [18, 2, 19, 1], [4, 12, 5, 11], [10, 4, 11, 3], [16, 6, 17, 5], [20, 16, 21, 15], [6, 20, 7, 19], [12, 22, 13, 21], [14, 7, 15, 8], [8, 13, 9, 14]]"
11a_276_149,"[[8, 13, 9, 14], [22, 10, 1, 9], [2, 18, 3, 17], [18, 2, 19, 1], [4, 12, 5, 11], [10, 4, 11, 3], [16, 6, 17, 5], [20, 16, 21, 15], [6, 20, 7, 19], [12, 22, 13, 21], [14, 7, 15, 8]]"
11a_276_150,"[[14, 7, 15, 8], [8, 13, 9, 14], [22, 10, 1, 9], [2, 18, 3, 17], [18, 2, 19, 1], [4, 12, 5, 11], [10, 4, 11, 3], [16, 6, 17, 5], [20, 16, 21, 15], [6, 20, 7, 19], [12, 22, 13, 21]]"
11a_276_151,"[[12, 22, 13, 21], [14, 7, 15, 8], [8, 13, 9, 14], [22, 10, 1, 9], [2, 18, 3, 17], [18, 2, 19, 1], [4, 12, 5, 11], [10, 4, 11, 3], [16, 6, 17, 5], [20, 16, 21, 15], [6, 20, 7, 19]]"
11a_276_152,"[[6, 20, 7, 19], [12, 22, 13, 21], [14, 7, 15, 8], [8, 13, 9, 14], [22, 10, 1, 9], [2, 18, 3, 17], [18, 2, 19, 1], [4, 12, 5, 11], [10, 4, 11, 3], [16, 6, 17, 5], [20, 16, 21, 15]]"
11a_276_153,"[[20, 16, 21, 15], [6, 20, 7, 19], [12, 22, 13, 21], [14, 7, 15, 8], [8, 13, 9, 14], [22, 10, 1, 9], [2, 18, 3, 17], [18, 2, 19, 1], [4, 12, 5, 11], [10, 4, 11, 3], [16, 6, 17, 5]]"
11a_276_154,"[[17, 7, 18, 6], [21, 17, 22, 16], [7, 21, 8, 20], [13, 1, 14, 22], [15, 8, 16, 9], [9, 14, 10, 15], [1, 11, 2, 10], [3, 19, 4, 18], [19, 3, 20, 2], [5, 13, 6, 12], [11, 5, 12, 4]]"
11a_276_155,"[[11, 5, 12, 4], [17, 7, 18, 6], [21, 17, 22, 16], [7, 21, 8, 20], [13, 1, 14, 22], [15, 8, 16, 9], [9, 14, 10, 15], [1, 11, 2, 10], [3, 19, 4, 18], [19, 3, 20, 2], [5, 13, 6, 12]]"
11a_276_156,"[[5, 13, 6, 12], [11, 5, 12, 4], [17, 7, 18, 6], [21, 17, 22, 16], [7, 21, 8, 20], [13, 1, 14, 22], [15, 8, 16, 9], [9, 14, 10, 15], [1, 11, 2, 10], [3, 19, 4, 18], [19, 3, 20, 2]]"
11a_276_157,"[[19, 3, 20, 2], [5, 13, 6, 12], [11, 5, 12, 4], [17, 7, 18, 6], [21, 17, 22, 16], [7, 21, 8, 20], [13, 1, 14, 22], [15, 8, 16, 9], [9, 14, 10, 15], [1, 11, 2, 10], [3, 19, 4, 18]]"
11a_276_158,"[[3, 19, 4, 18], [19, 3, 20, 2], [5, 13, 6, 12], [11, 5, 12, 4], [17, 7, 18, 6], [21, 17, 22, 16], [7, 21, 8, 20], [13, 1, 14, 22], [15, 8, 16, 9], [9, 14, 10, 15], [1, 11, 2, 10]]"
11a_276_159,"[[1, 11, 2, 10], [3, 19, 4, 18], [19, 3, 20, 2], [5, 13, 6, 12], [11, 5, 12, 4], [17, 7, 18, 6], [21, 17, 22, 16], [7, 21, 8, 20], [13, 1, 14, 22], [15, 8, 16, 9], [9, 14, 10, 15]]"
11a_276_160,"[[9, 14, 10, 15], [1, 11, 2, 10], [3, 19, 4, 18], [19, 3, 20, 2], [5, 13, 6, 12], [11, 5, 12, 4], [17, 7, 18, 6], [21, 17, 22, 16], [7, 21, 8, 20], [13, 1, 14, 22], [15, 8, 16, 9]]"
11a_276_161,"[[15, 8, 16, 9], [9, 14, 10, 15], [1, 11, 2, 10], [3, 19, 4, 18], [19, 3, 20, 2], [5, 13, 6, 12], [11, 5, 12, 4], [17, 7, 18, 6], [21, 17, 22, 16], [7, 21, 8, 20], [13, 1, 14, 22]]"
11a_276_162,"[[13, 1, 14, 22], [15, 8, 16, 9], [9, 14, 10, 15], [1, 11, 2, 10], [3, 19, 4, 18], [19, 3, 20, 2], [5, 13, 6, 12], [11, 5, 12, 4], [17, 7, 18, 6], [21, 17, 22, 16], [7, 21, 8, 20]]"
11a_276_163,"[[7, 21, 8, 20], [13, 1, 14, 22], [15, 8, 16, 9], [9, 14, 10, 15], [1, 11, 2, 10], [3, 19, 4, 18], [19, 3, 20, 2], [5, 13, 6, 12], [11, 5, 12, 4], [17, 7, 18, 6], [21, 17, 22, 16]]"
11a_276_164,"[[21, 17, 22, 16], [7, 21, 8, 20], [13, 1, 14, 22], [15, 8, 16, 9], [9, 14, 10, 15], [1, 11, 2, 10], [3, 19, 4, 18], [19, 3, 20, 2], [5, 13, 6, 12], [11, 5, 12, 4], [17, 7, 18, 6]]"
11a_276_165,"[[18, 8, 19, 7], [22, 18, 1, 17], [8, 22, 9, 21], [14, 2, 15, 1], [16, 9, 17, 10], [10, 15, 11, 16], [2, 12, 3, 11], [4, 20, 5, 19], [20, 4, 21, 3], [6, 14, 7, 13], [12, 6, 13, 5]]"
11a_276_166,"[[12, 6, 13, 5], [18, 8, 19, 7], [22, 18, 1, 17], [8, 22, 9, 21], [14, 2, 15, 1], [16, 9, 17, 10], [10, 15, 11, 16], [2, 12, 3, 11], [4, 20, 5, 19], [20, 4, 21, 3], [6, 14, 7, 13]]"
11a_276_167,"[[6, 14, 7, 13], [12, 6, 13, 5], [18, 8, 19, 7], [22, 18, 1, 17], [8, 22, 9, 21], [14, 2, 15, 1], [16, 9, 17, 10], [10, 15, 11, 16], [2, 12, 3, 11], [4, 20, 5, 19], [20, 4, 21, 3]]"
11a_276_168,"[[20, 4, 21, 3], [6, 14, 7, 13], [12, 6, 13, 5], [18, 8, 19, 7], [22, 18, 1, 17], [8, 22, 9, 21], [14, 2, 15, 1], [16, 9, 17, 10], [10, 15, 11, 16], [2, 12, 3, 11], [4, 20, 5, 19]]"
11a_276_169,"[[4, 20, 5, 19], [20, 4, 21, 3], [6, 14, 7, 13], [12, 6, 13, 5], [18, 8, 19, 7], [22, 18, 1, 17], [8, 22, 9, 21], [14, 2, 15, 1], [16, 9, 17, 10], [10, 15, 11, 16], [2, 12, 3, 11]]"
11a_276_170,"[[2, 12, 3, 11], [4, 20, 5, 19], [20, 4, 21, 3], [6, 14, 7, 13], [12, 6, 13, 5], [18, 8, 19, 7], [22, 18, 1, 17], [8, 22, 9, 21], [14, 2, 15, 1], [16, 9, 17, 10], [10, 15, 11, 16]]"
11a_276_171,"[[10, 15, 11, 16], [2, 12, 3, 11], [4, 20, 5, 19], [20, 4, 21, 3], [6, 14, 7, 13], [12, 6, 13, 5], [18, 8, 19, 7], [22, 18, 1, 17], [8, 22, 9, 21], [14, 2, 15, 1], [16, 9, 17, 10]]"
11a_276_172,"[[16, 9, 17, 10], [10, 15, 11, 16], [2, 12, 3, 11], [4, 20, 5, 19], [20, 4, 21, 3], [6, 14, 7, 13], [12, 6, 13, 5], [18, 8, 19, 7], [22, 18, 1, 17], [8, 22, 9, 21], [14, 2, 15, 1]]"
11a_276_173,"[[14, 2, 15, 1], [16, 9, 17, 10], [10, 15, 11, 16], [2, 12, 3, 11], [4, 20, 5, 19], [20, 4, 21, 3], [6, 14, 7, 13], [12, 6, 13, 5], [18, 8, 19, 7], [22, 18, 1, 17], [8, 22, 9, 21]]"
11a_276_174,"[[8, 22, 9, 21], [14, 2, 15, 1], [16, 9, 17, 10], [10, 15, 11, 16], [2, 12, 3, 11], [4, 20, 5, 19], [20, 4, 21, 3], [6, 14, 7, 13], [12, 6, 13, 5], [18, 8, 19, 7], [22, 18, 1, 17]]"
11a_276_175,"[[22, 18, 1, 17], [8, 22, 9, 21], [14, 2, 15, 1], [16, 9, 17, 10], [10, 15, 11, 16], [2, 12, 3, 11], [4, 20, 5, 19], [20, 4, 21, 3], [6, 14, 7, 13], [12, 6, 13, 5], [18, 8, 19, 7]]"
11a_276_176,"[[19, 9, 20, 8], [1, 19, 2, 18], [9, 1, 10, 22], [15, 3, 16, 2], [17, 10, 18, 11], [11, 16, 12, 17], [3, 13, 4, 12], [5, 21, 6, 20], [21, 5, 22, 4], [7, 15, 8, 14], [13, 7, 14, 6]]"
11a_276_177,"[[13, 7, 14, 6], [19, 9, 20, 8], [1, 19, 2, 18], [9, 1, 10, 22], [15, 3, 16, 2], [17, 10, 18, 11], [11, 16, 12, 17], [3, 13, 4, 12], [5, 21, 6, 20], [21, 5, 22, 4], [7, 15, 8, 14]]"
11a_276_178,"[[7, 15, 8, 14], [13, 7, 14, 6], [19, 9, 20, 8], [1, 19, 2, 18], [9, 1, 10, 22], [15, 3, 16, 2], [17, 10, 18, 11], [11, 16, 12, 17], [3, 13, 4, 12], [5, 21, 6, 20], [21, 5, 22, 4]]"
11a_276_179,"[[21, 5, 22, 4], [7, 15, 8, 14], [13, 7, 14, 6], [19, 9, 20, 8], [1, 19, 2, 18], [9, 1, 10, 22], [15, 3, 16, 2], [17, 10, 18, 11], [11, 16, 12, 17], [3, 13, 4, 12], [5, 21, 6, 20]]"
11a_276_180,"[[5, 21, 6, 20], [21, 5, 22, 4], [7, 15, 8, 14], [13, 7, 14, 6], [19, 9, 20, 8], [1, 19, 2, 18], [9, 1, 10, 22], [15, 3, 16, 2], [17, 10, 18, 11], [11, 16, 12, 17], [3, 13, 4, 12]]"
11a_276_181,"[[3, 13, 4, 12], [5, 21, 6, 20], [21, 5, 22, 4], [7, 15, 8, 14], [13, 7, 14, 6], [19, 9, 20, 8], [1, 19, 2, 18], [9, 1, 10, 22], [15, 3, 16, 2], [17, 10, 18, 11], [11, 16, 12, 17]]"
11a_276_182,"[[11, 16, 12, 17], [3, 13, 4, 12], [5, 21, 6, 20], [21, 5, 22, 4], [7, 15, 8, 14], [13, 7, 14, 6], [19, 9, 20, 8], [1, 19, 2, 18], [9, 1, 10, 22], [15, 3, 16, 2], [17, 10, 18, 11]]"
11a_276_183,"[[17, 10, 18, 11], [11, 16, 12, 17], [3, 13, 4, 12], [5, 21, 6, 20], [21, 5, 22, 4], [7, 15, 8, 14], [13, 7, 14, 6], [19, 9, 20, 8], [1, 19, 2, 18], [9, 1, 10, 22], [15, 3, 16, 2]]"
11a_276_184,"[[15, 3, 16, 2], [17, 10, 18, 11], [11, 16, 12, 17], [3, 13, 4, 12], [5, 21, 6, 20], [21, 5, 22, 4], [7, 15, 8, 14], [13, 7, 14, 6], [19, 9, 20, 8], [1, 19, 2, 18], [9, 1, 10, 22]]"
11a_276_185,"[[9, 1, 10, 22], [15, 3, 16, 2], [17, 10, 18, 11], [11, 16, 12, 17], [3, 13, 4, 12], [5, 21, 6, 20], [21, 5, 22, 4], [7, 15, 8, 14], [13, 7, 14, 6], [19, 9, 20, 8], [1, 19, 2, 18]]"
11a_276_186,"[[1, 19, 2, 18], [9, 1, 10, 22], [15, 3, 16, 2], [17, 10, 18, 11], [11, 16, 12, 17], [3, 13, 4, 12], [5, 21, 6, 20], [21, 5, 22, 4], [7, 15, 8, 14], [13, 7, 14, 6], [19, 9, 20, 8]]"
11a_276_187,"[[20, 10, 21, 9], [2, 20, 3, 19], [10, 2, 11, 1], [16, 4, 17, 3], [18, 11, 19, 12], [12, 17, 13, 18], [4, 14, 5, 13], [6, 22, 7, 21], [22, 6, 1, 5], [8, 16, 9, 15], [14, 8, 15, 7]]"
11a_276_188,"[[14, 8, 15, 7], [20, 10, 21, 9], [2, 20, 3, 19], [10, 2, 11, 1], [16, 4, 17, 3], [18, 11, 19, 12], [12, 17, 13, 18], [4, 14, 5, 13], [6, 22, 7, 21], [22, 6, 1, 5], [8, 16, 9, 15]]"
11a_276_189,"[[8, 16, 9, 15], [14, 8, 15, 7], [20, 10, 21, 9], [2, 20, 3, 19], [10, 2, 11, 1], [16, 4, 17, 3], [18, 11, 19, 12], [12, 17, 13, 18], [4, 14, 5, 13], [6, 22, 7, 21], [22, 6, 1, 5]]"
11a_276_190,"[[22, 6, 1, 5], [8, 16, 9, 15], [14, 8, 15, 7], [20, 10, 21, 9], [2, 20, 3, 19], [10, 2, 11, 1], [16, 4, 17, 3], [18, 11, 19, 12], [12, 17, 13, 18], [4, 14, 5, 13], [6, 22, 7, 21]]"
11a_276_191,"[[6, 22, 7, 21], [22, 6, 1, 5], [8, 16, 9, 15], [14, 8, 15, 7], [20, 10, 21, 9], [2, 20, 3, 19], [10, 2, 11, 1], [16, 4, 17, 3], [18, 11, 19, 12], [12, 17, 13, 18], [4, 14, 5, 13]]"
11a_276_192,"[[4, 14, 5, 13], [6, 22, 7, 21], [22, 6, 1, 5], [8, 16, 9, 15], [14, 8, 15, 7], [20, 10, 21, 9], [2, 20, 3, 19], [10, 2, 11, 1], [16, 4, 17, 3], [18, 11, 19, 12], [12, 17, 13, 18]]"
11a_276_193,"[[12, 17, 13, 18], [4, 14, 5, 13], [6, 22, 7, 21], [22, 6, 1, 5], [8, 16, 9, 15], [14, 8, 15, 7], [20, 10, 21, 9], [2, 20, 3, 19], [10, 2, 11, 1], [16, 4, 17, 3], [18, 11, 19, 12]]"
11a_276_194,"[[18, 11, 19, 12], [12, 17, 13, 18], [4, 14, 5, 13], [6, 22, 7, 21], [22, 6, 1, 5], [8, 16, 9, 15], [14, 8, 15, 7], [20, 10, 21, 9], [2, 20, 3, 19], [10, 2, 11, 1], [16, 4, 17, 3]]"
11a_276_195,"[[16, 4, 17, 3], [18, 11, 19, 12], [12, 17, 13, 18], [4, 14, 5, 13], [6, 22, 7, 21], [22, 6, 1, 5], [8, 16, 9, 15], [14, 8, 15, 7], [20, 10, 21, 9], [2, 20, 3, 19], [10, 2, 11, 1]]"
11a_276_196,"[[10, 2, 11, 1], [16, 4, 17, 3], [18, 11, 19, 12], [12, 17, 13, 18], [4, 14, 5, 13], [6, 22, 7, 21], [22, 6, 1, 5], [8, 16, 9, 15], [14, 8, 15, 7], [20, 10, 21, 9], [2, 20, 3, 19]]"
11a_276_197,"[[2, 20, 3, 19], [10, 2, 11, 1], [16, 4, 17, 3], [18, 11, 19, 12], [12, 17, 13, 18], [4, 14, 5, 13], [6, 22, 7, 21], [22, 6, 1, 5], [8, 16, 9, 15], [14, 8, 15, 7], [20, 10, 21, 9]]"
11a_276_198,"[[21, 11, 22, 10], [3, 21, 4, 20], [11, 3, 12, 2], [17, 5, 18, 4], [19, 12, 20, 13], [13, 18, 14, 19], [5, 15, 6, 14], [7, 1, 8, 22], [1, 7, 2, 6], [9, 17, 10, 16], [15, 9, 16, 8]]"
11a_276_199,"[[15, 9, 16, 8], [21, 11, 22, 10], [3, 21, 4, 20], [11, 3, 12, 2], [17, 5, 18, 4], [19, 12, 20, 13], [13, 18, 14, 19], [5, 15, 6, 14], [7, 1, 8, 22], [1, 7, 2, 6], [9, 17, 10, 16]]"
11a_276_200,"[[9, 17, 10, 16], [15, 9, 16, 8], [21, 11, 22, 10], [3, 21, 4, 20], [11, 3, 12, 2], [17, 5, 18, 4], [19, 12, 20, 13], [13, 18, 14, 19], [5, 15, 6, 14], [7, 1, 8, 22], [1, 7, 2, 6]]"
11a_276_201,"[[1, 7, 2, 6], [9, 17, 10, 16], [15, 9, 16, 8], [21, 11, 22, 10], [3, 21, 4, 20], [11, 3, 12, 2], [17, 5, 18, 4], [19, 12, 20, 13], [13, 18, 14, 19], [5, 15, 6, 14], [7, 1, 8, 22]]"
11a_276_202,"[[7, 1, 8, 22], [1, 7, 2, 6], [9, 17, 10, 16], [15, 9, 16, 8], [21, 11, 22, 10], [3, 21, 4, 20], [11, 3, 12, 2], [17, 5, 18, 4], [19, 12, 20, 13], [13, 18, 14, 19], [5, 15, 6, 14]]"
11a_276_203,"[[5, 15, 6, 14], [7, 1, 8, 22], [1, 7, 2, 6], [9, 17, 10, 16], [15, 9, 16, 8], [21, 11, 22, 10], [3, 21, 4, 20], [11, 3, 12, 2], [17, 5, 18, 4], [19, 12, 20, 13], [13, 18, 14, 19]]"
