name,pd_notation
11n_126_0,"[[3, 11, 4, 10], [5, 3, 6, 2], [11, 5, 12, 4], [12, 18, 13, 17], [8, 14, 9, 13], [16, 10, 17, 9], [14, 22, 15, 21], [22, 8, 1, 7], [6, 20, 7, 19], [20, 16, 21, 15], [18, 2, 19, 1]]"
11n_126_1,"[[18, 2, 19, 1], [3, 11, 4, 10], [5, 3, 6, 2], [11, 5, 12, 4], [12, 18, 13, 17], [8, 14, 9, 13], [16, 10, 17, 9], [14, 22, 15, 21], [22, 8, 1, 7], [6, 20, 7, 19], [20, 16, 21, 15]]"
11n_126_2,"[[20, 16, 21, 15], [18, 2, 19, 1], [3, 11, 4, 10], [5, 3, 6, 2], [11, 5, 12, 4], [12, 18, 13, 17], [8, 14, 9, 13], [16, 10, 17, 9], [14, 22, 15, 21], [22, 8, 1, 7], [6, 20, 7, 19]]"
11n_126_3,"[[6, 20, 7, 19], [20, 16, 21, 15], [18, 2, 19, 1], [3, 11, 4, 10], [5, 3, 6, 2], [11, 5, 12, 4], [12, 18, 13, 17], [8, 14, 9, 13], [16, 10, 17, 9], [14, 22, 15, 21], [22, 8, 1, 7]]"
11n_126_4,"[[22, 8, 1, 7], [6, 20, 7, 19], [20, 16, 21, 15], [18, 2, 19, 1], [3, 11, 4, 10], [5, 3, 6, 2], [11, 5, 12, 4], [12, 18, 13, 17], [8, 14, 9, 13], [16, 10, 17, 9], [14, 22, 15, 21]]"
11n_126_5,"[[14, 22, 15, 21], [22, 8, 1, 7], [6, 20, 7, 19], [20, 16, 21, 15], [18, 2, 19, 1], [3, 11, 4, 10], [5, 3, 6, 2], [11, 5, 12, 4], [12, 18, 13, 17], [8, 14, 9, 13], [16, 10, 17, 9]]"
11n_126_6,"[[16, 10, 17, 9], [14, 22, 15, 21], [22, 8, 1, 7], [6, 20, 7, 19], [20, 16, 21, 15], [18, 2, 19, 1], [3, 11, 4, 10], [5, 3, 6, 2], [11, 5, 12, 4], [12, 18, 13, 17], [8, 14, 9, 13]]"
11n_126_7,"[[8, 14, 9, 13], [16, 10, 17, 9], [14, 22, 15, 21], [22, 8, 1, 7], [6, 20, 7, 19], [20, 16, 21, 15], [18, 2, 19, 1], [3, 11, 4, 10], [5, 3, 6, 2], [11, 5, 12, 4], [12, 18, 13, 17]]"
11n_126_8,"[[12, 18, 13, 17], [8, 14, 9, 13], [16, 10, 17, 9], [14, 22, 15, 21], [22, 8, 1, 7], [6, 20, 7, 19], [20, 16, 21, 15], [18, 2, 19, 1], [3, 11, 4, 10], [5, 3, 6, 2], [11, 5, 12, 4]]"
11n_126_9,"[[11, 5, 12, 4], [12, 18, 13, 17], [8, 14, 9, 13], [16, 10, 17, 9], [14, 22, 15, 21], [22, 8, 1, 7], [6, 20, 7, 19], [20, 16, 21, 15], [18, 2, 19, 1], [3, 11, 4, 10], [5, 3, 6, 2]]"
11n_126_10,"[[5, 3, 6, 2], [11, 5, 12, 4], [12, 18, 13, 17], [8, 14, 9, 13], [16, 10, 17, 9], [14, 22, 15, 21], [22, 8, 1, 7], [6, 20, 7, 19], [20, 16, 21, 15], [18, 2, 19, 1], [3, 11, 4, 10]]"
11n_126_11,"[[4, 12, 5, 11], [6, 4, 7, 3], [12, 6, 13, 5], [13, 19, 14, 18], [9, 15, 10, 14], [17, 11, 18, 10], [15, 1, 16, 22], [1, 9, 2, 8], [7, 21, 8, 20], [21, 17, 22, 16], [19, 3, 20, 2]]"
11n_126_12,"[[19, 3, 20, 2], [4, 12, 5, 11], [6, 4, 7, 3], [12, 6, 13, 5], [13, 19, 14, 18], [9, 15, 10, 14], [17, 11, 18, 10], [15, 1, 16, 22], [1, 9, 2, 8], [7, 21, 8, 20], [21, 17, 22, 16]]"
11n_126_13,"[[21, 17, 22, 16], [19, 3, 20, 2], [4, 12, 5, 11], [6, 4, 7, 3], [12, 6, 13, 5], [13, 19, 14, 18], [9, 15, 10, 14], [17, 11, 18, 10], [15, 1, 16, 22], [1, 9, 2, 8], [7, 21, 8, 20]]"
11n_126_14,"[[7, 21, 8, 20], [21, 17, 22, 16], [19, 3, 20, 2], [4, 12, 5, 11], [6, 4, 7, 3], [12, 6, 13, 5], [13, 19, 14, 18], [9, 15, 10, 14], [17, 11, 18, 10], [15, 1, 16, 22], [1, 9, 2, 8]]"
11n_126_15,"[[1, 9, 2, 8], [7, 21, 8, 20], [21, 17, 22, 16], [19, 3, 20, 2], [4, 12, 5, 11], [6, 4, 7, 3], [12, 6, 13, 5], [13, 19, 14, 18], [9, 15, 10, 14], [17, 11, 18, 10], [15, 1, 16, 22]]"
11n_126_16,"[[15, 1, 16, 22], [1, 9, 2, 8], [7, 21, 8, 20], [21, 17, 22, 16], [19, 3, 20, 2], [4, 12, 5, 11], [6, 4, 7, 3], [12, 6, 13, 5], [13, 19, 14, 18], [9, 15, 10, 14], [17, 11, 18, 10]]"
11n_126_17,"[[17, 11, 18, 10], [15, 1, 16, 22], [1, 9, 2, 8], [7, 21, 8, 20], [21, 17, 22, 16], [19, 3, 20, 2], [4, 12, 5, 11], [6, 4, 7, 3], [12, 6, 13, 5], [13, 19, 14, 18], [9, 15, 10, 14]]"
11n_126_18,"[[9, 15, 10, 14], [17, 11, 18, 10], [15, 1, 16, 22], [1, 9, 2, 8], [7, 21, 8, 20], [21, 17, 22, 16], [19, 3, 20, 2], [4, 12, 5, 11], [6, 4, 7, 3], [12, 6, 13, 5], [13, 19, 14, 18]]"
11n_126_19,"[[13, 19, 14, 18], [9, 15, 10, 14], [17, 11, 18, 10], [15, 1, 16, 22], [1, 9, 2, 8], [7, 21, 8, 20], [21, 17, 22, 16], [19, 3, 20, 2], [4, 12, 5, 11], [6, 4, 7, 3], [12, 6, 13, 5]]"
11n_126_20,"[[12, 6, 13, 5], [13, 19, 14, 18], [9, 15, 10, 14], [17, 11, 18, 10], [15, 1, 16, 22], [1, 9, 2, 8], [7, 21, 8, 20], [21, 17, 22, 16], [19, 3, 20, 2], [4, 12, 5, 11], [6, 4, 7, 3]]"
11n_126_21,"[[6, 4, 7, 3], [12, 6, 13, 5], [13, 19, 14, 18], [9, 15, 10, 14], [17, 11, 18, 10], [15, 1, 16, 22], [1, 9, 2, 8], [7, 21, 8, 20], [21, 17, 22, 16], [19, 3, 20, 2], [4, 12, 5, 11]]"
11n_126_22,"[[5, 13, 6, 12], [7, 5, 8, 4], [13, 7, 14, 6], [14, 20, 15, 19], [10, 16, 11, 15], [18, 12, 19, 11], [16, 2, 17, 1], [2, 10, 3, 9], [8, 22, 9, 21], [22, 18, 1, 17], [20, 4, 21, 3]]"
11n_126_23,"[[20, 4, 21, 3], [5, 13, 6, 12], [7, 5, 8, 4], [13, 7, 14, 6], [14, 20, 15, 19], [10, 16, 11, 15], [18, 12, 19, 11], [16, 2, 17, 1], [2, 10, 3, 9], [8, 22, 9, 21], [22, 18, 1, 17]]"
11n_126_24,"[[22, 18, 1, 17], [20, 4, 21, 3], [5, 13, 6, 12], [7, 5, 8, 4], [13, 7, 14, 6], [14, 20, 15, 19], [10, 16, 11, 15], [18, 12, 19, 11], [16, 2, 17, 1], [2, 10, 3, 9], [8, 22, 9, 21]]"
11n_126_25,"[[8, 22, 9, 21], [22, 18, 1, 17], [20, 4, 21, 3], [5, 13, 6, 12], [7, 5, 8, 4], [13, 7, 14, 6], [14, 20, 15, 19], [10, 16, 11, 15], [18, 12, 19, 11], [16, 2, 17, 1], [2, 10, 3, 9]]"
11n_126_26,"[[2, 10, 3, 9], [8, 22, 9, 21], [22, 18, 1, 17], [20, 4, 21, 3], [5, 13, 6, 12], [7, 5, 8, 4], [13, 7, 14, 6], [14, 20, 15, 19], [10, 16, 11, 15], [18, 12, 19, 11], [16, 2, 17, 1]]"
11n_126_27,"[[16, 2, 17, 1], [2, 10, 3, 9], [8, 22, 9, 21], [22, 18, 1, 17], [20, 4, 21, 3], [5, 13, 6, 12], [7, 5, 8, 4], [13, 7, 14, 6], [14, 20, 15, 19], [10, 16, 11, 15], [18, 12, 19, 11]]"
11n_126_28,"[[18, 12, 19, 11], [16, 2, 17, 1], [2, 10, 3, 9], [8, 22, 9, 21], [22, 18, 1, 17], [20, 4, 21, 3], [5, 13, 6, 12], [7, 5, 8, 4], [13, 7, 14, 6], [14, 20, 15, 19], [10, 16, 11, 15]]"
11n_126_29,"[[10, 16, 11, 15], [18, 12, 19, 11], [16, 2, 17, 1], [2, 10, 3, 9], [8, 22, 9, 21], [22, 18, 1, 17], [20, 4, 21, 3], [5, 13, 6, 12], [7, 5, 8, 4], [13, 7, 14, 6], [14, 20, 15, 19]]"
11n_126_30,"[[14, 20, 15, 19], [10, 16, 11, 15], [18, 12, 19, 11], [16, 2, 17, 1], [2, 10, 3, 9], [8, 22, 9, 21], [22, 18, 1, 17], [20, 4, 21, 3], [5, 13, 6, 12], [7, 5, 8, 4], [13, 7, 14, 6]]"
11n_126_31,"[[13, 7, 14, 6], [14, 20, 15, 19], [10, 16, 11, 15], [18, 12, 19, 11], [16, 2, 17, 1], [2, 10, 3, 9], [8, 22, 9, 21], [22, 18, 1, 17], [20, 4, 21, 3], [5, 13, 6, 12], [7, 5, 8, 4]]"
11n_126_32,"[[7, 5, 8, 4], [13, 7, 14, 6], [14, 20, 15, 19], [10, 16, 11, 15], [18, 12, 19, 11], [16, 2, 17, 1], [2, 10, 3, 9], [8, 22, 9, 21], [22, 18, 1, 17], [20, 4, 21, 3], [5, 13, 6, 12]]"
11n_126_33,"[[6, 14, 7, 13], [8, 6, 9, 5], [14, 8, 15, 7], [15, 21, 16, 20], [11, 17, 12, 16], [19, 13, 20, 12], [17, 3, 18, 2], [3, 11, 4, 10], [9, 1, 10, 22], [1, 19, 2, 18], [21, 5, 22, 4]]"
11n_126_34,"[[21, 5, 22, 4], [6, 14, 7, 13], [8, 6, 9, 5], [14, 8, 15, 7], [15, 21, 16, 20], [11, 17, 12, 16], [19, 13, 20, 12], [17, 3, 18, 2], [3, 11, 4, 10], [9, 1, 10, 22], [1, 19, 2, 18]]"
11n_126_35,"[[1, 19, 2, 18], [21, 5, 22, 4], [6, 14, 7, 13], [8, 6, 9, 5], [14, 8, 15, 7], [15, 21, 16, 20], [11, 17, 12, 16], [19, 13, 20, 12], [17, 3, 18, 2], [3, 11, 4, 10], [9, 1, 10, 22]]"
11n_126_36,"[[9, 1, 10, 22], [1, 19, 2, 18], [21, 5, 22, 4], [6, 14, 7, 13], [8, 6, 9, 5], [14, 8, 15, 7], [15, 21, 16, 20], [11, 17, 12, 16], [19, 13, 20, 12], [17, 3, 18, 2], [3, 11, 4, 10]]"
11n_126_37,"[[3, 11, 4, 10], [9, 1, 10, 22], [1, 19, 2, 18], [21, 5, 22, 4], [6, 14, 7, 13], [8, 6, 9, 5], [14, 8, 15, 7], [15, 21, 16, 20], [11, 17, 12, 16], [19, 13, 20, 12], [17, 3, 18, 2]]"
11n_126_38,"[[17, 3, 18, 2], [3, 11, 4, 10], [9, 1, 10, 22], [1, 19, 2, 18], [21, 5, 22, 4], [6, 14, 7, 13], [8, 6, 9, 5], [14, 8, 15, 7], [15, 21, 16, 20], [11, 17, 12, 16], [19, 13, 20, 12]]"
11n_126_39,"[[19, 13, 20, 12], [17, 3, 18, 2], [3, 11, 4, 10], [9, 1, 10, 22], [1, 19, 2, 18], [21, 5, 22, 4], [6, 14, 7, 13], [8, 6, 9, 5], [14, 8, 15, 7], [15, 21, 16, 20], [11, 17, 12, 16]]"
11n_126_40,"[[11, 17, 12, 16], [19, 13, 20, 12], [17, 3, 18, 2], [3, 11, 4, 10], [9, 1, 10, 22], [1, 19, 2, 18], [21, 5, 22, 4], [6, 14, 7, 13], [8, 6, 9, 5], [14, 8, 15, 7], [15, 21, 16, 20]]"
11n_126_41,"[[15, 21, 16, 20], [11, 17, 12, 16], [19, 13, 20, 12], [17, 3, 18, 2], [3, 11, 4, 10], [9, 1, 10, 22], [1, 19, 2, 18], [21, 5, 22, 4], [6, 14, 7, 13], [8, 6, 9, 5], [14, 8, 15, 7]]"
11n_126_42,"[[14, 8, 15, 7], [15, 21, 16, 20], [11, 17, 12, 16], [19, 13, 20, 12], [17, 3, 18, 2], [3, 11, 4, 10], [9, 1, 10, 22], [1, 19, 2, 18], [21, 5, 22, 4], [6, 14, 7, 13], [8, 6, 9, 5]]"
11n_126_43,"[[8, 6, 9, 5], [14, 8, 15, 7], [15, 21, 16, 20], [11, 17, 12, 16], [19, 13, 20, 12], [17, 3, 18, 2], [3, 11, 4, 10], [9, 1, 10, 22], [1, 19, 2, 18], [21, 5, 22, 4], [6, 14, 7, 13]]"
11n_126_44,"[[7, 15, 8, 14], [9, 7, 10, 6], [15, 9, 16, 8], [16, 22, 17, 21], [12, 18, 13, 17], [20, 14, 21, 13], [18, 4, 19, 3], [4, 12, 5, 11], [10, 2, 11, 1], [2, 20, 3, 19], [22, 6, 1, 5]]"
11n_126_45,"[[22, 6, 1, 5], [7, 15, 8, 14], [9, 7, 10, 6], [15, 9, 16, 8], [16, 22, 17, 21], [12, 18, 13, 17], [20, 14, 21, 13], [18, 4, 19, 3], [4, 12, 5, 11], [10, 2, 11, 1], [2, 20, 3, 19]]"
11n_126_46,"[[2, 20, 3, 19], [22, 6, 1, 5], [7, 15, 8, 14], [9, 7, 10, 6], [15, 9, 16, 8], [16, 22, 17, 21], [12, 18, 13, 17], [20, 14, 21, 13], [18, 4, 19, 3], [4, 12, 5, 11], [10, 2, 11, 1]]"
11n_126_47,"[[10, 2, 11, 1], [2, 20, 3, 19], [22, 6, 1, 5], [7, 15, 8, 14], [9, 7, 10, 6], [15, 9, 16, 8], [16, 22, 17, 21], [12, 18, 13, 17], [20, 14, 21, 13], [18, 4, 19, 3], [4, 12, 5, 11]]"
11n_126_48,"[[4, 12, 5, 11], [10, 2, 11, 1], [2, 20, 3, 19], [22, 6, 1, 5], [7, 15, 8, 14], [9, 7, 10, 6], [15, 9, 16, 8], [16, 22, 17, 21], [12, 18, 13, 17], [20, 14, 21, 13], [18, 4, 19, 3]]"
11n_126_49,"[[18, 4, 19, 3], [4, 12, 5, 11], [10, 2, 11, 1], [2, 20, 3, 19], [22, 6, 1, 5], [7, 15, 8, 14], [9, 7, 10, 6], [15, 9, 16, 8], [16, 22, 17, 21], [12, 18, 13, 17], [20, 14, 21, 13]]"
11n_126_50,"[[20, 14, 21, 13], [18, 4, 19, 3], [4, 12, 5, 11], [10, 2, 11, 1], [2, 20, 3, 19], [22, 6, 1, 5], [7, 15, 8, 14], [9, 7, 10, 6], [15, 9, 16, 8], [16, 22, 17, 21], [12, 18, 13, 17]]"
11n_126_51,"[[12, 18, 13, 17], [20, 14, 21, 13], [18, 4, 19, 3], [4, 12, 5, 11], [10, 2, 11, 1], [2, 20, 3, 19], [22, 6, 1, 5], [7, 15, 8, 14], [9, 7, 10, 6], [15, 9, 16, 8], [16, 22, 17, 21]]"
11n_126_52,"[[16, 22, 17, 21], [12, 18, 13, 17], [20, 14, 21, 13], [18, 4, 19, 3], [4, 12, 5, 11], [10, 2, 11, 1], [2, 20, 3, 19], [22, 6, 1, 5], [7, 15, 8, 14], [9, 7, 10, 6], [15, 9, 16, 8]]"
11n_126_53,"[[15, 9, 16, 8], [16, 22, 17, 21], [12, 18, 13, 17], [20, 14, 21, 13], [18, 4, 19, 3], [4, 12, 5, 11], [10, 2, 11, 1], [2, 20, 3, 19], [22, 6, 1, 5], [7, 15, 8, 14], [9, 7, 10, 6]]"
11n_126_54,"[[9, 7, 10, 6], [15, 9, 16, 8], [16, 22, 17, 21], [12, 18, 13, 17], [20, 14, 21, 13], [18, 4, 19, 3], [4, 12, 5, 11], [10, 2, 11, 1], [2, 20, 3, 19], [22, 6, 1, 5], [7, 15, 8, 14]]"
11n_126_55,"[[8, 16, 9, 15], [10, 8, 11, 7], [16, 10, 17, 9], [17, 1, 18, 22], [13, 19, 14, 18], [21, 15, 22, 14], [19, 5, 20, 4], [5, 13, 6, 12], [11, 3, 12, 2], [3, 21, 4, 20], [1, 7, 2, 6]]"
11n_126_56,"[[1, 7, 2, 6], [8, 16, 9, 15], [10, 8, 11, 7], [16, 10, 17, 9], [17, 1, 18, 22], [13, 19, 14, 18], [21, 15, 22, 14], [19, 5, 20, 4], [5, 13, 6, 12], [11, 3, 12, 2], [3, 21, 4, 20]]"
11n_126_57,"[[3, 21, 4, 20], [1, 7, 2, 6], [8, 16, 9, 15], [10, 8, 11, 7], [16, 10, 17, 9], [17, 1, 18, 22], [13, 19, 14, 18], [21, 15, 22, 14], [19, 5, 20, 4], [5, 13, 6, 12], [11, 3, 12, 2]]"
11n_126_58,"[[11, 3, 12, 2], [3, 21, 4, 20], [1, 7, 2, 6], [8, 16, 9, 15], [10, 8, 11, 7], [16, 10, 17, 9], [17, 1, 18, 22], [13, 19, 14, 18], [21, 15, 22, 14], [19, 5, 20, 4], [5, 13, 6, 12]]"
11n_126_59,"[[5, 13, 6, 12], [11, 3, 12, 2], [3, 21, 4, 20], [1, 7, 2, 6], [8, 16, 9, 15], [10, 8, 11, 7], [16, 10, 17, 9], [17, 1, 18, 22], [13, 19, 14, 18], [21, 15, 22, 14], [19, 5, 20, 4]]"
11n_126_60,"[[19, 5, 20, 4], [5, 13, 6, 12], [11, 3, 12, 2], [3, 21, 4, 20], [1, 7, 2, 6], [8, 16, 9, 15], [10, 8, 11, 7], [16, 10, 17, 9], [17, 1, 18, 22], [13, 19, 14, 18], [21, 15, 22, 14]]"
11n_126_61,"[[21, 15, 22, 14], [19, 5, 20, 4], [5, 13, 6, 12], [11, 3, 12, 2], [3, 21, 4, 20], [1, 7, 2, 6], [8, 16, 9, 15], [10, 8, 11, 7], [16, 10, 17, 9], [17, 1, 18, 22], [13, 19, 14, 18]]"
11n_126_62,"[[13, 19, 14, 18], [21, 15, 22, 14], [19, 5, 20, 4], [5, 13, 6, 12], [11, 3, 12, 2], [3, 21, 4, 20], [1, 7, 2, 6], [8, 16, 9, 15], [10, 8, 11, 7], [16, 10, 17, 9], [17, 1, 18, 22]]"
11n_126_63,"[[17, 1, 18, 22], [13, 19, 14, 18], [21, 15, 22, 14], [19, 5, 20, 4], [5, 13, 6, 12], [11, 3, 12, 2], [3, 21, 4, 20], [1, 7, 2, 6], [8, 16, 9, 15], [10, 8, 11, 7], [16, 10, 17, 9]]"
11n_126_64,"[[16, 10, 17, 9], [17, 1, 18, 22], [13, 19, 14, 18], [21, 15, 22, 14], [19, 5, 20, 4], [5, 13, 6, 12], [11, 3, 12, 2], [3, 21, 4, 20], [1, 7, 2, 6], [8, 16, 9, 15], [10, 8, 11, 7]]"
11n_126_65,"[[10, 8, 11, 7], [16, 10, 17, 9], [17, 1, 18, 22], [13, 19, 14, 18], [21, 15, 22, 14], [19, 5, 20, 4], [5, 13, 6, 12], [11, 3, 12, 2], [3, 21, 4, 20], [1, 7, 2, 6], [8, 16, 9, 15]]"
11n_126_66,"[[9, 17, 10, 16], [11, 9, 12, 8], [17, 11, 18, 10], [18, 2, 19, 1], [14, 20, 15, 19], [22, 16, 1, 15], [20, 6, 21, 5], [6, 14, 7, 13], [12, 4, 13, 3], [4, 22, 5, 21], [2, 8, 3, 7]]"
11n_126_67,"[[2, 8, 3, 7], [9, 17, 10, 16], [11, 9, 12, 8], [17, 11, 18, 10], [18, 2, 19, 1], [14, 20, 15, 19], [22, 16, 1, 15], [20, 6, 21, 5], [6, 14, 7, 13], [12, 4, 13, 3], [4, 22, 5, 21]]"
11n_126_68,"[[4, 22, 5, 21], [2, 8, 3, 7], [9, 17, 10, 16], [11, 9, 12, 8], [17, 11, 18, 10], [18, 2, 19, 1], [14, 20, 15, 19], [22, 16, 1, 15], [20, 6, 21, 5], [6, 14, 7, 13], [12, 4, 13, 3]]"
11n_126_69,"[[12, 4, 13, 3], [4, 22, 5, 21], [2, 8, 3, 7], [9, 17, 10, 16], [11, 9, 12, 8], [17, 11, 18, 10], [18, 2, 19, 1], [14, 20, 15, 19], [22, 16, 1, 15], [20, 6, 21, 5], [6, 14, 7, 13]]"
11n_126_70,"[[6, 14, 7, 13], [12, 4, 13, 3], [4, 22, 5, 21], [2, 8, 3, 7], [9, 17, 10, 16], [11, 9, 12, 8], [17, 11, 18, 10], [18, 2, 19, 1], [14, 20, 15, 19], [22, 16, 1, 15], [20, 6, 21, 5]]"
11n_126_71,"[[20, 6, 21, 5], [6, 14, 7, 13], [12, 4, 13, 3], [4, 22, 5, 21], [2, 8, 3, 7], [9, 17, 10, 16], [11, 9, 12, 8], [17, 11, 18, 10], [18, 2, 19, 1], [14, 20, 15, 19], [22, 16, 1, 15]]"
11n_126_72,"[[22, 16, 1, 15], [20, 6, 21, 5], [6, 14, 7, 13], [12, 4, 13, 3], [4, 22, 5, 21], [2, 8, 3, 7], [9, 17, 10, 16], [11, 9, 12, 8], [17, 11, 18, 10], [18, 2, 19, 1], [14, 20, 15, 19]]"
11n_126_73,"[[14, 20, 15, 19], [22, 16, 1, 15], [20, 6, 21, 5], [6, 14, 7, 13], [12, 4, 13, 3], [4, 22, 5, 21], [2, 8, 3, 7], [9, 17, 10, 16], [11, 9, 12, 8], [17, 11, 18, 10], [18, 2, 19, 1]]"
11n_126_74,"[[18, 2, 19, 1], [14, 20, 15, 19], [22, 16, 1, 15], [20, 6, 21, 5], [6, 14, 7, 13], [12, 4, 13, 3], [4, 22, 5, 21], [2, 8, 3, 7], [9, 17, 10, 16], [11, 9, 12, 8], [17, 11, 18, 10]]"
11n_126_75,"[[17, 11, 18, 10], [18, 2, 19, 1], [14, 20, 15, 19], [22, 16, 1, 15], [20, 6, 21, 5], [6, 14, 7, 13], [12, 4, 13, 3], [4, 22, 5, 21], [2, 8, 3, 7], [9, 17, 10, 16], [11, 9, 12, 8]]"
11n_126_76,"[[11, 9, 12, 8], [17, 11, 18, 10], [18, 2, 19, 1], [14, 20, 15, 19], [22, 16, 1, 15], [20, 6, 21, 5], [6, 14, 7, 13], [12, 4, 13, 3], [4, 22, 5, 21], [2, 8, 3, 7], [9, 17, 10, 16]]"
11n_126_77,"[[10, 18, 11, 17], [12, 10, 13, 9], [18, 12, 19, 11], [19, 3, 20, 2], [15, 21, 16, 20], [1, 17, 2, 16], [21, 7, 22, 6], [7, 15, 8, 14], [13, 5, 14, 4], [5, 1, 6, 22], [3, 9, 4, 8]]"
11n_126_78,"[[3, 9, 4, 8], [10, 18, 11, 17], [12, 10, 13, 9], [18, 12, 19, 11], [19, 3, 20, 2], [15, 21, 16, 20], [1, 17, 2, 16], [21, 7, 22, 6], [7, 15, 8, 14], [13, 5, 14, 4], [5, 1, 6, 22]]"
11n_126_79,"[[5, 1, 6, 22], [3, 9, 4, 8], [10, 18, 11, 17], [12, 10, 13, 9], [18, 12, 19, 11], [19, 3, 20, 2], [15, 21, 16, 20], [1, 17, 2, 16], [21, 7, 22, 6], [7, 15, 8, 14], [13, 5, 14, 4]]"
11n_126_80,"[[13, 5, 14, 4], [5, 1, 6, 22], [3, 9, 4, 8], [10, 18, 11, 17], [12, 10, 13, 9], [18, 12, 19, 11], [19, 3, 20, 2], [15, 21, 16, 20], [1, 17, 2, 16], [21, 7, 22, 6], [7, 15, 8, 14]]"
11n_126_81,"[[7, 15, 8, 14], [13, 5, 14, 4], [5, 1, 6, 22], [3, 9, 4, 8], [10, 18, 11, 17], [12, 10, 13, 9], [18, 12, 19, 11], [19, 3, 20, 2], [15, 21, 16, 20], [1, 17, 2, 16], [21, 7, 22, 6]]"
11n_126_82,"[[21, 7, 22, 6], [7, 15, 8, 14], [13, 5, 14, 4], [5, 1, 6, 22], [3, 9, 4, 8], [10, 18, 11, 17], [12, 10, 13, 9], [18, 12, 19, 11], [19, 3, 20, 2], [15, 21, 16, 20], [1, 17, 2, 16]]"
11n_126_83,"[[1, 17, 2, 16], [21, 7, 22, 6], [7, 15, 8, 14], [13, 5, 14, 4], [5, 1, 6, 22], [3, 9, 4, 8], [10, 18, 11, 17], [12, 10, 13, 9], [18, 12, 19, 11], [19, 3, 20, 2], [15, 21, 16, 20]]"
11n_126_84,"[[15, 21, 16, 20], [1, 17, 2, 16], [21, 7, 22, 6], [7, 15, 8, 14], [13, 5, 14, 4], [5, 1, 6, 22], [3, 9, 4, 8], [10, 18, 11, 17], [12, 10, 13, 9], [18, 12, 19, 11], [19, 3, 20, 2]]"
11n_126_85,"[[19, 3, 20, 2], [15, 21, 16, 20], [1, 17, 2, 16], [21, 7, 22, 6], [7, 15, 8, 14], [13, 5, 14, 4], [5, 1, 6, 22], [3, 9, 4, 8], [10, 18, 11, 17], [12, 10, 13, 9], [18, 12, 19, 11]]"
11n_126_86,"[[18, 12, 19, 11], [19, 3, 20, 2], [15, 21, 16, 20], [1, 17, 2, 16], [21, 7, 22, 6], [7, 15, 8, 14], [13, 5, 14, 4], [5, 1, 6, 22], [3, 9, 4, 8], [10, 18, 11, 17], [12, 10, 13, 9]]"
11n_126_87,"[[12, 10, 13, 9], [18, 12, 19, 11], [19, 3, 20, 2], [15, 21, 16, 20], [1, 17, 2, 16], [21, 7, 22, 6], [7, 15, 8, 14], [13, 5, 14, 4], [5, 1, 6, 22], [3, 9, 4, 8], [10, 18, 11, 17]]"
11n_126_88,"[[11, 19, 12, 18], [13, 11, 14, 10], [19, 13, 20, 12], [20, 4, 21, 3], [16, 22, 17, 21], [2, 18, 3, 17], [22, 8, 1, 7], [8, 16, 9, 15], [14, 6, 15, 5], [6, 2, 7, 1], [4, 10, 5, 9]]"
11n_126_89,"[[4, 10, 5, 9], [11, 19, 12, 18], [13, 11, 14, 10], [19, 13, 20, 12], [20, 4, 21, 3], [16, 22, 17, 21], [2, 18, 3, 17], [22, 8, 1, 7], [8, 16, 9, 15], [14, 6, 15, 5], [6, 2, 7, 1]]"
11n_126_90,"[[6, 2, 7, 1], [4, 10, 5, 9], [11, 19, 12, 18], [13, 11, 14, 10], [19, 13, 20, 12], [20, 4, 21, 3], [16, 22, 17, 21], [2, 18, 3, 17], [22, 8, 1, 7], [8, 16, 9, 15], [14, 6, 15, 5]]"
11n_126_91,"[[14, 6, 15, 5], [6, 2, 7, 1], [4, 10, 5, 9], [11, 19, 12, 18], [13, 11, 14, 10], [19, 13, 20, 12], [20, 4, 21, 3], [16, 22, 17, 21], [2, 18, 3, 17], [22, 8, 1, 7], [8, 16, 9, 15]]"
11n_126_92,"[[8, 16, 9, 15], [14, 6, 15, 5], [6, 2, 7, 1], [4, 10, 5, 9], [11, 19, 12, 18], [13, 11, 14, 10], [19, 13, 20, 12], [20, 4, 21, 3], [16, 22, 17, 21], [2, 18, 3, 17], [22, 8, 1, 7]]"
11n_126_93,"[[22, 8, 1, 7], [8, 16, 9, 15], [14, 6, 15, 5], [6, 2, 7, 1], [4, 10, 5, 9], [11, 19, 12, 18], [13, 11, 14, 10], [19, 13, 20, 12], [20, 4, 21, 3], [16, 22, 17, 21], [2, 18, 3, 17]]"
11n_126_94,"[[2, 18, 3, 17], [22, 8, 1, 7], [8, 16, 9, 15], [14, 6, 15, 5], [6, 2, 7, 1], [4, 10, 5, 9], [11, 19, 12, 18], [13, 11, 14, 10], [19, 13, 20, 12], [20, 4, 21, 3], [16, 22, 17, 21]]"
11n_126_95,"[[16, 22, 17, 21], [2, 18, 3, 17], [22, 8, 1, 7], [8, 16, 9, 15], [14, 6, 15, 5], [6, 2, 7, 1], [4, 10, 5, 9], [11, 19, 12, 18], [13, 11, 14, 10], [19, 13, 20, 12], [20, 4, 21, 3]]"
11n_126_96,"[[20, 4, 21, 3], [16, 22, 17, 21], [2, 18, 3, 17], [22, 8, 1, 7], [8, 16, 9, 15], [14, 6, 15, 5], [6, 2, 7, 1], [4, 10, 5, 9], [11, 19, 12, 18], [13, 11, 14, 10], [19, 13, 20, 12]]"
11n_126_97,"[[19, 13, 20, 12], [20, 4, 21, 3], [16, 22, 17, 21], [2, 18, 3, 17], [22, 8, 1, 7], [8, 16, 9, 15], [14, 6, 15, 5], [6, 2, 7, 1], [4, 10, 5, 9], [11, 19, 12, 18], [13, 11, 14, 10]]"
11n_126_98,"[[13, 11, 14, 10], [19, 13, 20, 12], [20, 4, 21, 3], [16, 22, 17, 21], [2, 18, 3, 17], [22, 8, 1, 7], [8, 16, 9, 15], [14, 6, 15, 5], [6, 2, 7, 1], [4, 10, 5, 9], [11, 19, 12, 18]]"
11n_126_99,"[[12, 20, 13, 19], [14, 12, 15, 11], [20, 14, 21, 13], [21, 5, 22, 4], [17, 1, 18, 22], [3, 19, 4, 18], [1, 9, 2, 8], [9, 17, 10, 16], [15, 7, 16, 6], [7, 3, 8, 2], [5, 11, 6, 10]]"
11n_126_100,"[[5, 11, 6, 10], [12, 20, 13, 19], [14, 12, 15, 11], [20, 14, 21, 13], [21, 5, 22, 4], [17, 1, 18, 22], [3, 19, 4, 18], [1, 9, 2, 8], [9, 17, 10, 16], [15, 7, 16, 6], [7, 3, 8, 2]]"
11n_126_101,"[[7, 3, 8, 2], [5, 11, 6, 10], [12, 20, 13, 19], [14, 12, 15, 11], [20, 14, 21, 13], [21, 5, 22, 4], [17, 1, 18, 22], [3, 19, 4, 18], [1, 9, 2, 8], [9, 17, 10, 16], [15, 7, 16, 6]]"
11n_126_102,"[[15, 7, 16, 6], [7, 3, 8, 2], [5, 11, 6, 10], [12, 20, 13, 19], [14, 12, 15, 11], [20, 14, 21, 13], [21, 5, 22, 4], [17, 1, 18, 22], [3, 19, 4, 18], [1, 9, 2, 8], [9, 17, 10, 16]]"
11n_126_103,"[[9, 17, 10, 16], [15, 7, 16, 6], [7, 3, 8, 2], [5, 11, 6, 10], [12, 20, 13, 19], [14, 12, 15, 11], [20, 14, 21, 13], [21, 5, 22, 4], [17, 1, 18, 22], [3, 19, 4, 18], [1, 9, 2, 8]]"
11n_126_104,"[[1, 9, 2, 8], [9, 17, 10, 16], [15, 7, 16, 6], [7, 3, 8, 2], [5, 11, 6, 10], [12, 20, 13, 19], [14, 12, 15, 11], [20, 14, 21, 13], [21, 5, 22, 4], [17, 1, 18, 22], [3, 19, 4, 18]]"
11n_126_105,"[[3, 19, 4, 18], [1, 9, 2, 8], [9, 17, 10, 16], [15, 7, 16, 6], [7, 3, 8, 2], [5, 11, 6, 10], [12, 20, 13, 19], [14, 12, 15, 11], [20, 14, 21, 13], [21, 5, 22, 4], [17, 1, 18, 22]]"
11n_126_106,"[[17, 1, 18, 22], [3, 19, 4, 18], [1, 9, 2, 8], [9, 17, 10, 16], [15, 7, 16, 6], [7, 3, 8, 2], [5, 11, 6, 10], [12, 20, 13, 19], [14, 12, 15, 11], [20, 14, 21, 13], [21, 5, 22, 4]]"
11n_126_107,"[[21, 5, 22, 4], [17, 1, 18, 22], [3, 19, 4, 18], [1, 9, 2, 8], [9, 17, 10, 16], [15, 7, 16, 6], [7, 3, 8, 2], [5, 11, 6, 10], [12, 20, 13, 19], [14, 12, 15, 11], [20, 14, 21, 13]]"
11n_126_108,"[[20, 14, 21, 13], [21, 5, 22, 4], [17, 1, 18, 22], [3, 19, 4, 18], [1, 9, 2, 8], [9, 17, 10, 16], [15, 7, 16, 6], [7, 3, 8, 2], [5, 11, 6, 10], [12, 20, 13, 19], [14, 12, 15, 11]]"
11n_126_109,"[[14, 12, 15, 11], [20, 14, 21, 13], [21, 5, 22, 4], [17, 1, 18, 22], [3, 19, 4, 18], [1, 9, 2, 8], [9, 17, 10, 16], [15, 7, 16, 6], [7, 3, 8, 2], [5, 11, 6, 10], [12, 20, 13, 19]]"
11n_126_110,"[[13, 21, 14, 20], [15, 13, 16, 12], [21, 15, 22, 14], [22, 6, 1, 5], [18, 2, 19, 1], [4, 20, 5, 19], [2, 10, 3, 9], [10, 18, 11, 17], [16, 8, 17, 7], [8, 4, 9, 3], [6, 12, 7, 11]]"
11n_126_111,"[[6, 12, 7, 11], [13, 21, 14, 20], [15, 13, 16, 12], [21, 15, 22, 14], [22, 6, 1, 5], [18, 2, 19, 1], [4, 20, 5, 19], [2, 10, 3, 9], [10, 18, 11, 17], [16, 8, 17, 7], [8, 4, 9, 3]]"
11n_126_112,"[[8, 4, 9, 3], [6, 12, 7, 11], [13, 21, 14, 20], [15, 13, 16, 12], [21, 15, 22, 14], [22, 6, 1, 5], [18, 2, 19, 1], [4, 20, 5, 19], [2, 10, 3, 9], [10, 18, 11, 17], [16, 8, 17, 7]]"
11n_126_113,"[[16, 8, 17, 7], [8, 4, 9, 3], [6, 12, 7, 11], [13, 21, 14, 20], [15, 13, 16, 12], [21, 15, 22, 14], [22, 6, 1, 5], [18, 2, 19, 1], [4, 20, 5, 19], [2, 10, 3, 9], [10, 18, 11, 17]]"
11n_126_114,"[[10, 18, 11, 17], [16, 8, 17, 7], [8, 4, 9, 3], [6, 12, 7, 11], [13, 21, 14, 20], [15, 13, 16, 12], [21, 15, 22, 14], [22, 6, 1, 5], [18, 2, 19, 1], [4, 20, 5, 19], [2, 10, 3, 9]]"
11n_126_115,"[[2, 10, 3, 9], [10, 18, 11, 17], [16, 8, 17, 7], [8, 4, 9, 3], [6, 12, 7, 11], [13, 21, 14, 20], [15, 13, 16, 12], [21, 15, 22, 14], [22, 6, 1, 5], [18, 2, 19, 1], [4, 20, 5, 19]]"
11n_126_116,"[[4, 20, 5, 19], [2, 10, 3, 9], [10, 18, 11, 17], [16, 8, 17, 7], [8, 4, 9, 3], [6, 12, 7, 11], [13, 21, 14, 20], [15, 13, 16, 12], [21, 15, 22, 14], [22, 6, 1, 5], [18, 2, 19, 1]]"
11n_126_117,"[[18, 2, 19, 1], [4, 20, 5, 19], [2, 10, 3, 9], [10, 18, 11, 17], [16, 8, 17, 7], [8, 4, 9, 3], [6, 12, 7, 11], [13, 21, 14, 20], [15, 13, 16, 12], [21, 15, 22, 14], [22, 6, 1, 5]]"
11n_126_118,"[[22, 6, 1, 5], [18, 2, 19, 1], [4, 20, 5, 19], [2, 10, 3, 9], [10, 18, 11, 17], [16, 8, 17, 7], [8, 4, 9, 3], [6, 12, 7, 11], [13, 21, 14, 20], [15, 13, 16, 12], [21, 15, 22, 14]]"
11n_126_119,"[[21, 15, 22, 14], [22, 6, 1, 5], [18, 2, 19, 1], [4, 20, 5, 19], [2, 10, 3, 9], [10, 18, 11, 17], [16, 8, 17, 7], [8, 4, 9, 3], [6, 12, 7, 11], [13, 21, 14, 20], [15, 13, 16, 12]]"
11n_126_120,"[[15, 13, 16, 12], [21, 15, 22, 14], [22, 6, 1, 5], [18, 2, 19, 1], [4, 20, 5, 19], [2, 10, 3, 9], [10, 18, 11, 17], [16, 8, 17, 7], [8, 4, 9, 3], [6, 12, 7, 11], [13, 21, 14, 20]]"
11n_126_121,"[[14, 22, 15, 21], [16, 14, 17, 13], [22, 16, 1, 15], [1, 7, 2, 6], [19, 3, 20, 2], [5, 21, 6, 20], [3, 11, 4, 10], [11, 19, 12, 18], [17, 9, 18, 8], [9, 5, 10, 4], [7, 13, 8, 12]]"
11n_126_122,"[[7, 13, 8, 12], [14, 22, 15, 21], [16, 14, 17, 13], [22, 16, 1, 15], [1, 7, 2, 6], [19, 3, 20, 2], [5, 21, 6, 20], [3, 11, 4, 10], [11, 19, 12, 18], [17, 9, 18, 8], [9, 5, 10, 4]]"
11n_126_123,"[[9, 5, 10, 4], [7, 13, 8, 12], [14, 22, 15, 21], [16, 14, 17, 13], [22, 16, 1, 15], [1, 7, 2, 6], [19, 3, 20, 2], [5, 21, 6, 20], [3, 11, 4, 10], [11, 19, 12, 18], [17, 9, 18, 8]]"
11n_126_124,"[[17, 9, 18, 8], [9, 5, 10, 4], [7, 13, 8, 12], [14, 22, 15, 21], [16, 14, 17, 13], [22, 16, 1, 15], [1, 7, 2, 6], [19, 3, 20, 2], [5, 21, 6, 20], [3, 11, 4, 10], [11, 19, 12, 18]]"
11n_126_125,"[[11, 19, 12, 18], [17, 9, 18, 8], [9, 5, 10, 4], [7, 13, 8, 12], [14, 22, 15, 21], [16, 14, 17, 13], [22, 16, 1, 15], [1, 7, 2, 6], [19, 3, 20, 2], [5, 21, 6, 20], [3, 11, 4, 10]]"
11n_126_126,"[[3, 11, 4, 10], [11, 19, 12, 18], [17, 9, 18, 8], [9, 5, 10, 4], [7, 13, 8, 12], [14, 22, 15, 21], [16, 14, 17, 13], [22, 16, 1, 15], [1, 7, 2, 6], [19, 3, 20, 2], [5, 21, 6, 20]]"
11n_126_127,"[[5, 21, 6, 20], [3, 11, 4, 10], [11, 19, 12, 18], [17, 9, 18, 8], [9, 5, 10, 4], [7, 13, 8, 12], [14, 22, 15, 21], [16, 14, 17, 13], [22, 16, 1, 15], [1, 7, 2, 6], [19, 3, 20, 2]]"
11n_126_128,"[[19, 3, 20, 2], [5, 21, 6, 20], [3, 11, 4, 10], [11, 19, 12, 18], [17, 9, 18, 8], [9, 5, 10, 4], [7, 13, 8, 12], [14, 22, 15, 21], [16, 14, 17, 13], [22, 16, 1, 15], [1, 7, 2, 6]]"
11n_126_129,"[[1, 7, 2, 6], [19, 3, 20, 2], [5, 21, 6, 20], [3, 11, 4, 10], [11, 19, 12, 18], [17, 9, 18, 8], [9, 5, 10, 4], [7, 13, 8, 12], [14, 22, 15, 21], [16, 14, 17, 13], [22, 16, 1, 15]]"
11n_126_130,"[[22, 16, 1, 15], [1, 7, 2, 6], [19, 3, 20, 2], [5, 21, 6, 20], [3, 11, 4, 10], [11, 19, 12, 18], [17, 9, 18, 8], [9, 5, 10, 4], [7, 13, 8, 12], [14, 22, 15, 21], [16, 14, 17, 13]]"
11n_126_131,"[[16, 14, 17, 13], [22, 16, 1, 15], [1, 7, 2, 6], [19, 3, 20, 2], [5, 21, 6, 20], [3, 11, 4, 10], [11, 19, 12, 18], [17, 9, 18, 8], [9, 5, 10, 4], [7, 13, 8, 12], [14, 22, 15, 21]]"
11n_126_132,"[[15, 1, 16, 22], [17, 15, 18, 14], [1, 17, 2, 16], [2, 8, 3, 7], [20, 4, 21, 3], [6, 22, 7, 21], [4, 12, 5, 11], [12, 20, 13, 19], [18, 10, 19, 9], [10, 6, 11, 5], [8, 14, 9, 13]]"
11n_126_133,"[[8, 14, 9, 13], [15, 1, 16, 22], [17, 15, 18, 14], [1, 17, 2, 16], [2, 8, 3, 7], [20, 4, 21, 3], [6, 22, 7, 21], [4, 12, 5, 11], [12, 20, 13, 19], [18, 10, 19, 9], [10, 6, 11, 5]]"
11n_126_134,"[[10, 6, 11, 5], [8, 14, 9, 13], [15, 1, 16, 22], [17, 15, 18, 14], [1, 17, 2, 16], [2, 8, 3, 7], [20, 4, 21, 3], [6, 22, 7, 21], [4, 12, 5, 11], [12, 20, 13, 19], [18, 10, 19, 9]]"
11n_126_135,"[[18, 10, 19, 9], [10, 6, 11, 5], [8, 14, 9, 13], [15, 1, 16, 22], [17, 15, 18, 14], [1, 17, 2, 16], [2, 8, 3, 7], [20, 4, 21, 3], [6, 22, 7, 21], [4, 12, 5, 11], [12, 20, 13, 19]]"
11n_126_136,"[[12, 20, 13, 19], [18, 10, 19, 9], [10, 6, 11, 5], [8, 14, 9, 13], [15, 1, 16, 22], [17, 15, 18, 14], [1, 17, 2, 16], [2, 8, 3, 7], [20, 4, 21, 3], [6, 22, 7, 21], [4, 12, 5, 11]]"
11n_126_137,"[[4, 12, 5, 11], [12, 20, 13, 19], [18, 10, 19, 9], [10, 6, 11, 5], [8, 14, 9, 13], [15, 1, 16, 22], [17, 15, 18, 14], [1, 17, 2, 16], [2, 8, 3, 7], [20, 4, 21, 3], [6, 22, 7, 21]]"
11n_126_138,"[[6, 22, 7, 21], [4, 12, 5, 11], [12, 20, 13, 19], [18, 10, 19, 9], [10, 6, 11, 5], [8, 14, 9, 13], [15, 1, 16, 22], [17, 15, 18, 14], [1, 17, 2, 16], [2, 8, 3, 7], [20, 4, 21, 3]]"
11n_126_139,"[[20, 4, 21, 3], [6, 22, 7, 21], [4, 12, 5, 11], [12, 20, 13, 19], [18, 10, 19, 9], [10, 6, 11, 5], [8, 14, 9, 13], [15, 1, 16, 22], [17, 15, 18, 14], [1, 17, 2, 16], [2, 8, 3, 7]]"
11n_126_140,"[[2, 8, 3, 7], [20, 4, 21, 3], [6, 22, 7, 21], [4, 12, 5, 11], [12, 20, 13, 19], [18, 10, 19, 9], [10, 6, 11, 5], [8, 14, 9, 13], [15, 1, 16, 22], [17, 15, 18, 14], [1, 17, 2, 16]]"
11n_126_141,"[[1, 17, 2, 16], [2, 8, 3, 7], [20, 4, 21, 3], [6, 22, 7, 21], [4, 12, 5, 11], [12, 20, 13, 19], [18, 10, 19, 9], [10, 6, 11, 5], [8, 14, 9, 13], [15, 1, 16, 22], [17, 15, 18, 14]]"
11n_126_142,"[[17, 15, 18, 14], [1, 17, 2, 16], [2, 8, 3, 7], [20, 4, 21, 3], [6, 22, 7, 21], [4, 12, 5, 11], [12, 20, 13, 19], [18, 10, 19, 9], [10, 6, 11, 5], [8, 14, 9, 13], [15, 1, 16, 22]]"
11n_126_143,"[[16, 2, 17, 1], [18, 16, 19, 15], [2, 18, 3, 17], [3, 9, 4, 8], [21, 5, 22, 4], [7, 1, 8, 22], [5, 13, 6, 12], [13, 21, 14, 20], [19, 11, 20, 10], [11, 7, 12, 6], [9, 15, 10, 14]]"
11n_126_144,"[[9, 15, 10, 14], [16, 2, 17, 1], [18, 16, 19, 15], [2, 18, 3, 17], [3, 9, 4, 8], [21, 5, 22, 4], [7, 1, 8, 22], [5, 13, 6, 12], [13, 21, 14, 20], [19, 11, 20, 10], [11, 7, 12, 6]]"
11n_126_145,"[[11, 7, 12, 6], [9, 15, 10, 14], [16, 2, 17, 1], [18, 16, 19, 15], [2, 18, 3, 17], [3, 9, 4, 8], [21, 5, 22, 4], [7, 1, 8, 22], [5, 13, 6, 12], [13, 21, 14, 20], [19, 11, 20, 10]]"
11n_126_146,"[[19, 11, 20, 10], [11, 7, 12, 6], [9, 15, 10, 14], [16, 2, 17, 1], [18, 16, 19, 15], [2, 18, 3, 17], [3, 9, 4, 8], [21, 5, 22, 4], [7, 1, 8, 22], [5, 13, 6, 12], [13, 21, 14, 20]]"
11n_126_147,"[[13, 21, 14, 20], [19, 11, 20, 10], [11, 7, 12, 6], [9, 15, 10, 14], [16, 2, 17, 1], [18, 16, 19, 15], [2, 18, 3, 17], [3, 9, 4, 8], [21, 5, 22, 4], [7, 1, 8, 22], [5, 13, 6, 12]]"
11n_126_148,"[[5, 13, 6, 12], [13, 21, 14, 20], [19, 11, 20, 10], [11, 7, 12, 6], [9, 15, 10, 14], [16, 2, 17, 1], [18, 16, 19, 15], [2, 18, 3, 17], [3, 9, 4, 8], [21, 5, 22, 4], [7, 1, 8, 22]]"
11n_126_149,"[[7, 1, 8, 22], [5, 13, 6, 12], [13, 21, 14, 20], [19, 11, 20, 10], [11, 7, 12, 6], [9, 15, 10, 14], [16, 2, 17, 1], [18, 16, 19, 15], [2, 18, 3, 17], [3, 9, 4, 8], [21, 5, 22, 4]]"
11n_126_150,"[[21, 5, 22, 4], [7, 1, 8, 22], [5, 13, 6, 12], [13, 21, 14, 20], [19, 11, 20, 10], [11, 7, 12, 6], [9, 15, 10, 14], [16, 2, 17, 1], [18, 16, 19, 15], [2, 18, 3, 17], [3, 9, 4, 8]]"
11n_126_151,"[[3, 9, 4, 8], [21, 5, 22, 4], [7, 1, 8, 22], [5, 13, 6, 12], [13, 21, 14, 20], [19, 11, 20, 10], [11, 7, 12, 6], [9, 15, 10, 14], [16, 2, 17, 1], [18, 16, 19, 15], [2, 18, 3, 17]]"
11n_126_152,"[[2, 18, 3, 17], [3, 9, 4, 8], [21, 5, 22, 4], [7, 1, 8, 22], [5, 13, 6, 12], [13, 21, 14, 20], [19, 11, 20, 10], [11, 7, 12, 6], [9, 15, 10, 14], [16, 2, 17, 1], [18, 16, 19, 15]]"
11n_126_153,"[[18, 16, 19, 15], [2, 18, 3, 17], [3, 9, 4, 8], [21, 5, 22, 4], [7, 1, 8, 22], [5, 13, 6, 12], [13, 21, 14, 20], [19, 11, 20, 10], [11, 7, 12, 6], [9, 15, 10, 14], [16, 2, 17, 1]]"
11n_126_154,"[[17, 3, 18, 2], [19, 17, 20, 16], [3, 19, 4, 18], [4, 10, 5, 9], [22, 6, 1, 5], [8, 2, 9, 1], [6, 14, 7, 13], [14, 22, 15, 21], [20, 12, 21, 11], [12, 8, 13, 7], [10, 16, 11, 15]]"
11n_126_155,"[[10, 16, 11, 15], [17, 3, 18, 2], [19, 17, 20, 16], [3, 19, 4, 18], [4, 10, 5, 9], [22, 6, 1, 5], [8, 2, 9, 1], [6, 14, 7, 13], [14, 22, 15, 21], [20, 12, 21, 11], [12, 8, 13, 7]]"
11n_126_156,"[[12, 8, 13, 7], [10, 16, 11, 15], [17, 3, 18, 2], [19, 17, 20, 16], [3, 19, 4, 18], [4, 10, 5, 9], [22, 6, 1, 5], [8, 2, 9, 1], [6, 14, 7, 13], [14, 22, 15, 21], [20, 12, 21, 11]]"
11n_126_157,"[[20, 12, 21, 11], [12, 8, 13, 7], [10, 16, 11, 15], [17, 3, 18, 2], [19, 17, 20, 16], [3, 19, 4, 18], [4, 10, 5, 9], [22, 6, 1, 5], [8, 2, 9, 1], [6, 14, 7, 13], [14, 22, 15, 21]]"
11n_126_158,"[[14, 22, 15, 21], [20, 12, 21, 11], [12, 8, 13, 7], [10, 16, 11, 15], [17, 3, 18, 2], [19, 17, 20, 16], [3, 19, 4, 18], [4, 10, 5, 9], [22, 6, 1, 5], [8, 2, 9, 1], [6, 14, 7, 13]]"
11n_126_159,"[[6, 14, 7, 13], [14, 22, 15, 21], [20, 12, 21, 11], [12, 8, 13, 7], [10, 16, 11, 15], [17, 3, 18, 2], [19, 17, 20, 16], [3, 19, 4, 18], [4, 10, 5, 9], [22, 6, 1, 5], [8, 2, 9, 1]]"
11n_126_160,"[[8, 2, 9, 1], [6, 14, 7, 13], [14, 22, 15, 21], [20, 12, 21, 11], [12, 8, 13, 7], [10, 16, 11, 15], [17, 3, 18, 2], [19, 17, 20, 16], [3, 19, 4, 18], [4, 10, 5, 9], [22, 6, 1, 5]]"
11n_126_161,"[[22, 6, 1, 5], [8, 2, 9, 1], [6, 14, 7, 13], [14, 22, 15, 21], [20, 12, 21, 11], [12, 8, 13, 7], [10, 16, 11, 15], [17, 3, 18, 2], [19, 17, 20, 16], [3, 19, 4, 18], [4, 10, 5, 9]]"
11n_126_162,"[[4, 10, 5, 9], [22, 6, 1, 5], [8, 2, 9, 1], [6, 14, 7, 13], [14, 22, 15, 21], [20, 12, 21, 11], [12, 8, 13, 7], [10, 16, 11, 15], [17, 3, 18, 2], [19, 17, 20, 16], [3, 19, 4, 18]]"
11n_126_163,"[[3, 19, 4, 18], [4, 10, 5, 9], [22, 6, 1, 5], [8, 2, 9, 1], [6, 14, 7, 13], [14, 22, 15, 21], [20, 12, 21, 11], [12, 8, 13, 7], [10, 16, 11, 15], [17, 3, 18, 2], [19, 17, 20, 16]]"
11n_126_164,"[[19, 17, 20, 16], [3, 19, 4, 18], [4, 10, 5, 9], [22, 6, 1, 5], [8, 2, 9, 1], [6, 14, 7, 13], [14, 22, 15, 21], [20, 12, 21, 11], [12, 8, 13, 7], [10, 16, 11, 15], [17, 3, 18, 2]]"
11n_126_165,"[[18, 4, 19, 3], [20, 18, 21, 17], [4, 20, 5, 19], [5, 11, 6, 10], [1, 7, 2, 6], [9, 3, 10, 2], [7, 15, 8, 14], [15, 1, 16, 22], [21, 13, 22, 12], [13, 9, 14, 8], [11, 17, 12, 16]]"
11n_126_166,"[[11, 17, 12, 16], [18, 4, 19, 3], [20, 18, 21, 17], [4, 20, 5, 19], [5, 11, 6, 10], [1, 7, 2, 6], [9, 3, 10, 2], [7, 15, 8, 14], [15, 1, 16, 22], [21, 13, 22, 12], [13, 9, 14, 8]]"
11n_126_167,"[[13, 9, 14, 8], [11, 17, 12, 16], [18, 4, 19, 3], [20, 18, 21, 17], [4, 20, 5, 19], [5, 11, 6, 10], [1, 7, 2, 6], [9, 3, 10, 2], [7, 15, 8, 14], [15, 1, 16, 22], [21, 13, 22, 12]]"
11n_126_168,"[[21, 13, 22, 12], [13, 9, 14, 8], [11, 17, 12, 16], [18, 4, 19, 3], [20, 18, 21, 17], [4, 20, 5, 19], [5, 11, 6, 10], [1, 7, 2, 6], [9, 3, 10, 2], [7, 15, 8, 14], [15, 1, 16, 22]]"
11n_126_169,"[[15, 1, 16, 22], [21, 13, 22, 12], [13, 9, 14, 8], [11, 17, 12, 16], [18, 4, 19, 3], [20, 18, 21, 17], [4, 20, 5, 19], [5, 11, 6, 10], [1, 7, 2, 6], [9, 3, 10, 2], [7, 15, 8, 14]]"
11n_126_170,"[[7, 15, 8, 14], [15, 1, 16, 22], [21, 13, 22, 12], [13, 9, 14, 8], [11, 17, 12, 16], [18, 4, 19, 3], [20, 18, 21, 17], [4, 20, 5, 19], [5, 11, 6, 10], [1, 7, 2, 6], [9, 3, 10, 2]]"
11n_126_171,"[[9, 3, 10, 2], [7, 15, 8, 14], [15, 1, 16, 22], [21, 13, 22, 12], [13, 9, 14, 8], [11, 17, 12, 16], [18, 4, 19, 3], [20, 18, 21, 17], [4, 20, 5, 19], [5, 11, 6, 10], [1, 7, 2, 6]]"
11n_126_172,"[[1, 7, 2, 6], [9, 3, 10, 2], [7, 15, 8, 14], [15, 1, 16, 22], [21, 13, 22, 12], [13, 9, 14, 8], [11, 17, 12, 16], [18, 4, 19, 3], [20, 18, 21, 17], [4, 20, 5, 19], [5, 11, 6, 10]]"
11n_126_173,"[[5, 11, 6, 10], [1, 7, 2, 6], [9, 3, 10, 2], [7, 15, 8, 14], [15, 1, 16, 22], [21, 13, 22, 12], [13, 9, 14, 8], [11, 17, 12, 16], [18, 4, 19, 3], [20, 18, 21, 17], [4, 20, 5, 19]]"
11n_126_174,"[[4, 20, 5, 19], [5, 11, 6, 10], [1, 7, 2, 6], [9, 3, 10, 2], [7, 15, 8, 14], [15, 1, 16, 22], [21, 13, 22, 12], [13, 9, 14, 8], [11, 17, 12, 16], [18, 4, 19, 3], [20, 18, 21, 17]]"
11n_126_175,"[[20, 18, 21, 17], [4, 20, 5, 19], [5, 11, 6, 10], [1, 7, 2, 6], [9, 3, 10, 2], [7, 15, 8, 14], [15, 1, 16, 22], [21, 13, 22, 12], [13, 9, 14, 8], [11, 17, 12, 16], [18, 4, 19, 3]]"
11n_126_176,"[[19, 5, 20, 4], [21, 19, 22, 18], [5, 21, 6, 20], [6, 12, 7, 11], [2, 8, 3, 7], [10, 4, 11, 3], [8, 16, 9, 15], [16, 2, 17, 1], [22, 14, 1, 13], [14, 10, 15, 9], [12, 18, 13, 17]]"
11n_126_177,"[[12, 18, 13, 17], [19, 5, 20, 4], [21, 19, 22, 18], [5, 21, 6, 20], [6, 12, 7, 11], [2, 8, 3, 7], [10, 4, 11, 3], [8, 16, 9, 15], [16, 2, 17, 1], [22, 14, 1, 13], [14, 10, 15, 9]]"
11n_126_178,"[[14, 10, 15, 9], [12, 18, 13, 17], [19, 5, 20, 4], [21, 19, 22, 18], [5, 21, 6, 20], [6, 12, 7, 11], [2, 8, 3, 7], [10, 4, 11, 3], [8, 16, 9, 15], [16, 2, 17, 1], [22, 14, 1, 13]]"
11n_126_179,"[[22, 14, 1, 13], [14, 10, 15, 9], [12, 18, 13, 17], [19, 5, 20, 4], [21, 19, 22, 18], [5, 21, 6, 20], [6, 12, 7, 11], [2, 8, 3, 7], [10, 4, 11, 3], [8, 16, 9, 15], [16, 2, 17, 1]]"
11n_126_180,"[[16, 2, 17, 1], [22, 14, 1, 13], [14, 10, 15, 9], [12, 18, 13, 17], [19, 5, 20, 4], [21, 19, 22, 18], [5, 21, 6, 20], [6, 12, 7, 11], [2, 8, 3, 7], [10, 4, 11, 3], [8, 16, 9, 15]]"
11n_126_181,"[[8, 16, 9, 15], [16, 2, 17, 1], [22, 14, 1, 13], [14, 10, 15, 9], [12, 18, 13, 17], [19, 5, 20, 4], [21, 19, 22, 18], [5, 21, 6, 20], [6, 12, 7, 11], [2, 8, 3, 7], [10, 4, 11, 3]]"
11n_126_182,"[[10, 4, 11, 3], [8, 16, 9, 15], [16, 2, 17, 1], [22, 14, 1, 13], [14, 10, 15, 9], [12, 18, 13, 17], [19, 5, 20, 4], [21, 19, 22, 18], [5, 21, 6, 20], [6, 12, 7, 11], [2, 8, 3, 7]]"
11n_126_183,"[[2, 8, 3, 7], [10, 4, 11, 3], [8, 16, 9, 15], [16, 2, 17, 1], [22, 14, 1, 13], [14, 10, 15, 9], [12, 18, 13, 17], [19, 5, 20, 4], [21, 19, 22, 18], [5, 21, 6, 20], [6, 12, 7, 11]]"
11n_126_184,"[[6, 12, 7, 11], [2, 8, 3, 7], [10, 4, 11, 3], [8, 16, 9, 15], [16, 2, 17, 1], [22, 14, 1, 13], [14, 10, 15, 9], [12, 18, 13, 17], [19, 5, 20, 4], [21, 19, 22, 18], [5, 21, 6, 20]]"
11n_126_185,"[[5, 21, 6, 20], [6, 12, 7, 11], [2, 8, 3, 7], [10, 4, 11, 3], [8, 16, 9, 15], [16, 2, 17, 1], [22, 14, 1, 13], [14, 10, 15, 9], [12, 18, 13, 17], [19, 5, 20, 4], [21, 19, 22, 18]]"
11n_126_186,"[[21, 19, 22, 18], [5, 21, 6, 20], [6, 12, 7, 11], [2, 8, 3, 7], [10, 4, 11, 3], [8, 16, 9, 15], [16, 2, 17, 1], [22, 14, 1, 13], [14, 10, 15, 9], [12, 18, 13, 17], [19, 5, 20, 4]]"
11n_126_187,"[[20, 6, 21, 5], [22, 20, 1, 19], [6, 22, 7, 21], [7, 13, 8, 12], [3, 9, 4, 8], [11, 5, 12, 4], [9, 17, 10, 16], [17, 3, 18, 2], [1, 15, 2, 14], [15, 11, 16, 10], [13, 19, 14, 18]]"
11n_126_188,"[[13, 19, 14, 18], [20, 6, 21, 5], [22, 20, 1, 19], [6, 22, 7, 21], [7, 13, 8, 12], [3, 9, 4, 8], [11, 5, 12, 4], [9, 17, 10, 16], [17, 3, 18, 2], [1, 15, 2, 14], [15, 11, 16, 10]]"
11n_126_189,"[[15, 11, 16, 10], [13, 19, 14, 18], [20, 6, 21, 5], [22, 20, 1, 19], [6, 22, 7, 21], [7, 13, 8, 12], [3, 9, 4, 8], [11, 5, 12, 4], [9, 17, 10, 16], [17, 3, 18, 2], [1, 15, 2, 14]]"
11n_126_190,"[[1, 15, 2, 14], [15, 11, 16, 10], [13, 19, 14, 18], [20, 6, 21, 5], [22, 20, 1, 19], [6, 22, 7, 21], [7, 13, 8, 12], [3, 9, 4, 8], [11, 5, 12, 4], [9, 17, 10, 16], [17, 3, 18, 2]]"
11n_126_191,"[[17, 3, 18, 2], [1, 15, 2, 14], [15, 11, 16, 10], [13, 19, 14, 18], [20, 6, 21, 5], [22, 20, 1, 19], [6, 22, 7, 21], [7, 13, 8, 12], [3, 9, 4, 8], [11, 5, 12, 4], [9, 17, 10, 16]]"
11n_126_192,"[[9, 17, 10, 16], [17, 3, 18, 2], [1, 15, 2, 14], [15, 11, 16, 10], [13, 19, 14, 18], [20, 6, 21, 5], [22, 20, 1, 19], [6, 22, 7, 21], [7, 13, 8, 12], [3, 9, 4, 8], [11, 5, 12, 4]]"
11n_126_193,"[[11, 5, 12, 4], [9, 17, 10, 16], [17, 3, 18, 2], [1, 15, 2, 14], [15, 11, 16, 10], [13, 19, 14, 18], [20, 6, 21, 5], [22, 20, 1, 19], [6, 22, 7, 21], [7, 13, 8, 12], [3, 9, 4, 8]]"
11n_126_194,"[[3, 9, 4, 8], [11, 5, 12, 4], [9, 17, 10, 16], [17, 3, 18, 2], [1, 15, 2, 14], [15, 11, 16, 10], [13, 19, 14, 18], [20, 6, 21, 5], [22, 20, 1, 19], [6, 22, 7, 21], [7, 13, 8, 12]]"
11n_126_195,"[[7, 13, 8, 12], [3, 9, 4, 8], [11, 5, 12, 4], [9, 17, 10, 16], [17, 3, 18, 2], [1, 15, 2, 14], [15, 11, 16, 10], [13, 19, 14, 18], [20, 6, 21, 5], [22, 20, 1, 19], [6, 22, 7, 21]]"
11n_126_196,"[[6, 22, 7, 21], [7, 13, 8, 12], [3, 9, 4, 8], [11, 5, 12, 4], [9, 17, 10, 16], [17, 3, 18, 2], [1, 15, 2, 14], [15, 11, 16, 10], [13, 19, 14, 18], [20, 6, 21, 5], [22, 20, 1, 19]]"
11n_126_197,"[[22, 20, 1, 19], [6, 22, 7, 21], [7, 13, 8, 12], [3, 9, 4, 8], [11, 5, 12, 4], [9, 17, 10, 16], [17, 3, 18, 2], [1, 15, 2, 14], [15, 11, 16, 10], [13, 19, 14, 18], [20, 6, 21, 5]]"
11n_126_198,"[[21, 7, 22, 6], [1, 21, 2, 20], [7, 1, 8, 22], [8, 14, 9, 13], [4, 10, 5, 9], [12, 6, 13, 5], [10, 18, 11, 17], [18, 4, 19, 3], [2, 16, 3, 15], [16, 12, 17, 11], [14, 20, 15, 19]]"
11n_126_199,"[[14, 20, 15, 19], [21, 7, 22, 6], [1, 21, 2, 20], [7, 1, 8, 22], [8, 14, 9, 13], [4, 10, 5, 9], [12, 6, 13, 5], [10, 18, 11, 17], [18, 4, 19, 3], [2, 16, 3, 15], [16, 12, 17, 11]]"
11n_126_200,"[[16, 12, 17, 11], [14, 20, 15, 19], [21, 7, 22, 6], [1, 21, 2, 20], [7, 1, 8, 22], [8, 14, 9, 13], [4, 10, 5, 9], [12, 6, 13, 5], [10, 18, 11, 17], [18, 4, 19, 3], [2, 16, 3, 15]]"
11n_126_201,"[[2, 16, 3, 15], [16, 12, 17, 11], [14, 20, 15, 19], [21, 7, 22, 6], [1, 21, 2, 20], [7, 1, 8, 22], [8, 14, 9, 13], [4, 10, 5, 9], [12, 6, 13, 5], [10, 18, 11, 17], [18, 4, 19, 3]]"
11n_126_202,"[[18, 4, 19, 3], [2, 16, 3, 15], [16, 12, 17, 11], [14, 20, 15, 19], [21, 7, 22, 6], [1, 21, 2, 20], [7, 1, 8, 22], [8, 14, 9, 13], [4, 10, 5, 9], [12, 6, 13, 5], [10, 18, 11, 17]]"
11n_126_203,"[[10, 18, 11, 17], [18, 4, 19, 3], [2, 16, 3, 15], [16, 12, 17, 11], [14, 20, 15, 19], [21, 7, 22, 6], [1, 21, 2, 20], [7, 1, 8, 22], [8, 14, 9, 13], [4, 10, 5, 9], [12, 6, 13, 5]]"
