name,pd_notation
11n_88_0,"[[9, 19, 10, 18], [5, 3, 6, 2], [13, 7, 14, 6], [11, 4, 12, 5], [3, 12, 4, 13], [17, 9, 18, 8], [20, 2, 21, 1], [14, 22, 15, 21], [22, 16, 1, 15], [19, 11, 20, 10], [7, 17, 8, 16]]"
11n_88_1,"[[7, 17, 8, 16], [9, 19, 10, 18], [5, 3, 6, 2], [13, 7, 14, 6], [11, 4, 12, 5], [3, 12, 4, 13], [17, 9, 18, 8], [20, 2, 21, 1], [14, 22, 15, 21], [22, 16, 1, 15], [19, 11, 20, 10]]"
11n_88_2,"[[19, 11, 20, 10], [7, 17, 8, 16], [9, 19, 10, 18], [5, 3, 6, 2], [13, 7, 14, 6], [11, 4, 12, 5], [3, 12, 4, 13], [17, 9, 18, 8], [20, 2, 21, 1], [14, 22, 15, 21], [22, 16, 1, 15]]"
11n_88_3,"[[22, 16, 1, 15], [19, 11, 20, 10], [7, 17, 8, 16], [9, 19, 10, 18], [5, 3, 6, 2], [13, 7, 14, 6], [11, 4, 12, 5], [3, 12, 4, 13], [17, 9, 18, 8], [20, 2, 21, 1], [14, 22, 15, 21]]"
11n_88_4,"[[14, 22, 15, 21], [22, 16, 1, 15], [19, 11, 20, 10], [7, 17, 8, 16], [9, 19, 10, 18], [5, 3, 6, 2], [13, 7, 14, 6], [11, 4, 12, 5], [3, 12, 4, 13], [17, 9, 18, 8], [20, 2, 21, 1]]"
11n_88_5,"[[20, 2, 21, 1], [14, 22, 15, 21], [22, 16, 1, 15], [19, 11, 20, 10], [7, 17, 8, 16], [9, 19, 10, 18], [5, 3, 6, 2], [13, 7, 14, 6], [11, 4, 12, 5], [3, 12, 4, 13], [17, 9, 18, 8]]"
11n_88_6,"[[17, 9, 18, 8], [20, 2, 21, 1], [14, 22, 15, 21], [22, 16, 1, 15], [19, 11, 20, 10], [7, 17, 8, 16], [9, 19, 10, 18], [5, 3, 6, 2], [13, 7, 14, 6], [11, 4, 12, 5], [3, 12, 4, 13]]"
11n_88_7,"[[3, 12, 4, 13], [17, 9, 18, 8], [20, 2, 21, 1], [14, 22, 15, 21], [22, 16, 1, 15], [19, 11, 20, 10], [7, 17, 8, 16], [9, 19, 10, 18], [5, 3, 6, 2], [13, 7, 14, 6], [11, 4, 12, 5]]"
11n_88_8,"[[11, 4, 12, 5], [3, 12, 4, 13], [17, 9, 18, 8], [20, 2, 21, 1], [14, 22, 15, 21], [22, 16, 1, 15], [19, 11, 20, 10], [7, 17, 8, 16], [9, 19, 10, 18], [5, 3, 6, 2], [13, 7, 14, 6]]"
11n_88_9,"[[13, 7, 14, 6], [11, 4, 12, 5], [3, 12, 4, 13], [17, 9, 18, 8], [20, 2, 21, 1], [14, 22, 15, 21], [22, 16, 1, 15], [19, 11, 20, 10], [7, 17, 8, 16], [9, 19, 10, 18], [5, 3, 6, 2]]"
11n_88_10,"[[5, 3, 6, 2], [13, 7, 14, 6], [11, 4, 12, 5], [3, 12, 4, 13], [17, 9, 18, 8], [20, 2, 21, 1], [14, 22, 15, 21], [22, 16, 1, 15], [19, 11, 20, 10], [7, 17, 8, 16], [9, 19, 10, 18]]"
11n_88_11,"[[10, 20, 11, 19], [6, 4, 7, 3], [14, 8, 15, 7], [12, 5, 13, 6], [4, 13, 5, 14], [18, 10, 19, 9], [21, 3, 22, 2], [15, 1, 16, 22], [1, 17, 2, 16], [20, 12, 21, 11], [8, 18, 9, 17]]"
11n_88_12,"[[8, 18, 9, 17], [10, 20, 11, 19], [6, 4, 7, 3], [14, 8, 15, 7], [12, 5, 13, 6], [4, 13, 5, 14], [18, 10, 19, 9], [21, 3, 22, 2], [15, 1, 16, 22], [1, 17, 2, 16], [20, 12, 21, 11]]"
11n_88_13,"[[20, 12, 21, 11], [8, 18, 9, 17], [10, 20, 11, 19], [6, 4, 7, 3], [14, 8, 15, 7], [12, 5, 13, 6], [4, 13, 5, 14], [18, 10, 19, 9], [21, 3, 22, 2], [15, 1, 16, 22], [1, 17, 2, 16]]"
11n_88_14,"[[1, 17, 2, 16], [20, 12, 21, 11], [8, 18, 9, 17], [10, 20, 11, 19], [6, 4, 7, 3], [14, 8, 15, 7], [12, 5, 13, 6], [4, 13, 5, 14], [18, 10, 19, 9], [21, 3, 22, 2], [15, 1, 16, 22]]"
11n_88_15,"[[15, 1, 16, 22], [1, 17, 2, 16], [20, 12, 21, 11], [8, 18, 9, 17], [10, 20, 11, 19], [6, 4, 7, 3], [14, 8, 15, 7], [12, 5, 13, 6], [4, 13, 5, 14], [18, 10, 19, 9], [21, 3, 22, 2]]"
11n_88_16,"[[21, 3, 22, 2], [15, 1, 16, 22], [1, 17, 2, 16], [20, 12, 21, 11], [8, 18, 9, 17], [10, 20, 11, 19], [6, 4, 7, 3], [14, 8, 15, 7], [12, 5, 13, 6], [4, 13, 5, 14], [18, 10, 19, 9]]"
11n_88_17,"[[18, 10, 19, 9], [21, 3, 22, 2], [15, 1, 16, 22], [1, 17, 2, 16], [20, 12, 21, 11], [8, 18, 9, 17], [10, 20, 11, 19], [6, 4, 7, 3], [14, 8, 15, 7], [12, 5, 13, 6], [4, 13, 5, 14]]"
11n_88_18,"[[4, 13, 5, 14], [18, 10, 19, 9], [21, 3, 22, 2], [15, 1, 16, 22], [1, 17, 2, 16], [20, 12, 21, 11], [8, 18, 9, 17], [10, 20, 11, 19], [6, 4, 7, 3], [14, 8, 15, 7], [12, 5, 13, 6]]"
11n_88_19,"[[12, 5, 13, 6], [4, 13, 5, 14], [18, 10, 19, 9], [21, 3, 22, 2], [15, 1, 16, 22], [1, 17, 2, 16], [20, 12, 21, 11], [8, 18, 9, 17], [10, 20, 11, 19], [6, 4, 7, 3], [14, 8, 15, 7]]"
11n_88_20,"[[14, 8, 15, 7], [12, 5, 13, 6], [4, 13, 5, 14], [18, 10, 19, 9], [21, 3, 22, 2], [15, 1, 16, 22], [1, 17, 2, 16], [20, 12, 21, 11], [8, 18, 9, 17], [10, 20, 11, 19], [6, 4, 7, 3]]"
11n_88_21,"[[6, 4, 7, 3], [14, 8, 15, 7], [12, 5, 13, 6], [4, 13, 5, 14], [18, 10, 19, 9], [21, 3, 22, 2], [15, 1, 16, 22], [1, 17, 2, 16], [20, 12, 21, 11], [8, 18, 9, 17], [10, 20, 11, 19]]"
11n_88_22,"[[11, 21, 12, 20], [7, 5, 8, 4], [15, 9, 16, 8], [13, 6, 14, 7], [5, 14, 6, 15], [19, 11, 20, 10], [22, 4, 1, 3], [16, 2, 17, 1], [2, 18, 3, 17], [21, 13, 22, 12], [9, 19, 10, 18]]"
11n_88_23,"[[9, 19, 10, 18], [11, 21, 12, 20], [7, 5, 8, 4], [15, 9, 16, 8], [13, 6, 14, 7], [5, 14, 6, 15], [19, 11, 20, 10], [22, 4, 1, 3], [16, 2, 17, 1], [2, 18, 3, 17], [21, 13, 22, 12]]"
11n_88_24,"[[21, 13, 22, 12], [9, 19, 10, 18], [11, 21, 12, 20], [7, 5, 8, 4], [15, 9, 16, 8], [13, 6, 14, 7], [5, 14, 6, 15], [19, 11, 20, 10], [22, 4, 1, 3], [16, 2, 17, 1], [2, 18, 3, 17]]"
11n_88_25,"[[2, 18, 3, 17], [21, 13, 22, 12], [9, 19, 10, 18], [11, 21, 12, 20], [7, 5, 8, 4], [15, 9, 16, 8], [13, 6, 14, 7], [5, 14, 6, 15], [19, 11, 20, 10], [22, 4, 1, 3], [16, 2, 17, 1]]"
11n_88_26,"[[16, 2, 17, 1], [2, 18, 3, 17], [21, 13, 22, 12], [9, 19, 10, 18], [11, 21, 12, 20], [7, 5, 8, 4], [15, 9, 16, 8], [13, 6, 14, 7], [5, 14, 6, 15], [19, 11, 20, 10], [22, 4, 1, 3]]"
11n_88_27,"[[22, 4, 1, 3], [16, 2, 17, 1], [2, 18, 3, 17], [21, 13, 22, 12], [9, 19, 10, 18], [11, 21, 12, 20], [7, 5, 8, 4], [15, 9, 16, 8], [13, 6, 14, 7], [5, 14, 6, 15], [19, 11, 20, 10]]"
11n_88_28,"[[19, 11, 20, 10], [22, 4, 1, 3], [16, 2, 17, 1], [2, 18, 3, 17], [21, 13, 22, 12], [9, 19, 10, 18], [11, 21, 12, 20], [7, 5, 8, 4], [15, 9, 16, 8], [13, 6, 14, 7], [5, 14, 6, 15]]"
11n_88_29,"[[5, 14, 6, 15], [19, 11, 20, 10], [22, 4, 1, 3], [16, 2, 17, 1], [2, 18, 3, 17], [21, 13, 22, 12], [9, 19, 10, 18], [11, 21, 12, 20], [7, 5, 8, 4], [15, 9, 16, 8], [13, 6, 14, 7]]"
11n_88_30,"[[13, 6, 14, 7], [5, 14, 6, 15], [19, 11, 20, 10], [22, 4, 1, 3], [16, 2, 17, 1], [2, 18, 3, 17], [21, 13, 22, 12], [9, 19, 10, 18], [11, 21, 12, 20], [7, 5, 8, 4], [15, 9, 16, 8]]"
11n_88_31,"[[15, 9, 16, 8], [13, 6, 14, 7], [5, 14, 6, 15], [19, 11, 20, 10], [22, 4, 1, 3], [16, 2, 17, 1], [2, 18, 3, 17], [21, 13, 22, 12], [9, 19, 10, 18], [11, 21, 12, 20], [7, 5, 8, 4]]"
11n_88_32,"[[7, 5, 8, 4], [15, 9, 16, 8], [13, 6, 14, 7], [5, 14, 6, 15], [19, 11, 20, 10], [22, 4, 1, 3], [16, 2, 17, 1], [2, 18, 3, 17], [21, 13, 22, 12], [9, 19, 10, 18], [11, 21, 12, 20]]"
11n_88_33,"[[12, 22, 13, 21], [8, 6, 9, 5], [16, 10, 17, 9], [14, 7, 15, 8], [6, 15, 7, 16], [20, 12, 21, 11], [1, 5, 2, 4], [17, 3, 18, 2], [3, 19, 4, 18], [22, 14, 1, 13], [10, 20, 11, 19]]"
11n_88_34,"[[10, 20, 11, 19], [12, 22, 13, 21], [8, 6, 9, 5], [16, 10, 17, 9], [14, 7, 15, 8], [6, 15, 7, 16], [20, 12, 21, 11], [1, 5, 2, 4], [17, 3, 18, 2], [3, 19, 4, 18], [22, 14, 1, 13]]"
11n_88_35,"[[22, 14, 1, 13], [10, 20, 11, 19], [12, 22, 13, 21], [8, 6, 9, 5], [16, 10, 17, 9], [14, 7, 15, 8], [6, 15, 7, 16], [20, 12, 21, 11], [1, 5, 2, 4], [17, 3, 18, 2], [3, 19, 4, 18]]"
11n_88_36,"[[3, 19, 4, 18], [22, 14, 1, 13], [10, 20, 11, 19], [12, 22, 13, 21], [8, 6, 9, 5], [16, 10, 17, 9], [14, 7, 15, 8], [6, 15, 7, 16], [20, 12, 21, 11], [1, 5, 2, 4], [17, 3, 18, 2]]"
11n_88_37,"[[17, 3, 18, 2], [3, 19, 4, 18], [22, 14, 1, 13], [10, 20, 11, 19], [12, 22, 13, 21], [8, 6, 9, 5], [16, 10, 17, 9], [14, 7, 15, 8], [6, 15, 7, 16], [20, 12, 21, 11], [1, 5, 2, 4]]"
11n_88_38,"[[1, 5, 2, 4], [17, 3, 18, 2], [3, 19, 4, 18], [22, 14, 1, 13], [10, 20, 11, 19], [12, 22, 13, 21], [8, 6, 9, 5], [16, 10, 17, 9], [14, 7, 15, 8], [6, 15, 7, 16], [20, 12, 21, 11]]"
11n_88_39,"[[20, 12, 21, 11], [1, 5, 2, 4], [17, 3, 18, 2], [3, 19, 4, 18], [22, 14, 1, 13], [10, 20, 11, 19], [12, 22, 13, 21], [8, 6, 9, 5], [16, 10, 17, 9], [14, 7, 15, 8], [6, 15, 7, 16]]"
11n_88_40,"[[6, 15, 7, 16], [20, 12, 21, 11], [1, 5, 2, 4], [17, 3, 18, 2], [3, 19, 4, 18], [22, 14, 1, 13], [10, 20, 11, 19], [12, 22, 13, 21], [8, 6, 9, 5], [16, 10, 17, 9], [14, 7, 15, 8]]"
11n_88_41,"[[14, 7, 15, 8], [6, 15, 7, 16], [20, 12, 21, 11], [1, 5, 2, 4], [17, 3, 18, 2], [3, 19, 4, 18], [22, 14, 1, 13], [10, 20, 11, 19], [12, 22, 13, 21], [8, 6, 9, 5], [16, 10, 17, 9]]"
11n_88_42,"[[16, 10, 17, 9], [14, 7, 15, 8], [6, 15, 7, 16], [20, 12, 21, 11], [1, 5, 2, 4], [17, 3, 18, 2], [3, 19, 4, 18], [22, 14, 1, 13], [10, 20, 11, 19], [12, 22, 13, 21], [8, 6, 9, 5]]"
11n_88_43,"[[8, 6, 9, 5], [16, 10, 17, 9], [14, 7, 15, 8], [6, 15, 7, 16], [20, 12, 21, 11], [1, 5, 2, 4], [17, 3, 18, 2], [3, 19, 4, 18], [22, 14, 1, 13], [10, 20, 11, 19], [12, 22, 13, 21]]"
11n_88_44,"[[13, 1, 14, 22], [9, 7, 10, 6], [17, 11, 18, 10], [15, 8, 16, 9], [7, 16, 8, 17], [21, 13, 22, 12], [2, 6, 3, 5], [18, 4, 19, 3], [4, 20, 5, 19], [1, 15, 2, 14], [11, 21, 12, 20]]"
11n_88_45,"[[11, 21, 12, 20], [13, 1, 14, 22], [9, 7, 10, 6], [17, 11, 18, 10], [15, 8, 16, 9], [7, 16, 8, 17], [21, 13, 22, 12], [2, 6, 3, 5], [18, 4, 19, 3], [4, 20, 5, 19], [1, 15, 2, 14]]"
11n_88_46,"[[1, 15, 2, 14], [11, 21, 12, 20], [13, 1, 14, 22], [9, 7, 10, 6], [17, 11, 18, 10], [15, 8, 16, 9], [7, 16, 8, 17], [21, 13, 22, 12], [2, 6, 3, 5], [18, 4, 19, 3], [4, 20, 5, 19]]"
11n_88_47,"[[4, 20, 5, 19], [1, 15, 2, 14], [11, 21, 12, 20], [13, 1, 14, 22], [9, 7, 10, 6], [17, 11, 18, 10], [15, 8, 16, 9], [7, 16, 8, 17], [21, 13, 22, 12], [2, 6, 3, 5], [18, 4, 19, 3]]"
11n_88_48,"[[18, 4, 19, 3], [4, 20, 5, 19], [1, 15, 2, 14], [11, 21, 12, 20], [13, 1, 14, 22], [9, 7, 10, 6], [17, 11, 18, 10], [15, 8, 16, 9], [7, 16, 8, 17], [21, 13, 22, 12], [2, 6, 3, 5]]"
11n_88_49,"[[2, 6, 3, 5], [18, 4, 19, 3], [4, 20, 5, 19], [1, 15, 2, 14], [11, 21, 12, 20], [13, 1, 14, 22], [9, 7, 10, 6], [17, 11, 18, 10], [15, 8, 16, 9], [7, 16, 8, 17], [21, 13, 22, 12]]"
11n_88_50,"[[21, 13, 22, 12], [2, 6, 3, 5], [18, 4, 19, 3], [4, 20, 5, 19], [1, 15, 2, 14], [11, 21, 12, 20], [13, 1, 14, 22], [9, 7, 10, 6], [17, 11, 18, 10], [15, 8, 16, 9], [7, 16, 8, 17]]"
11n_88_51,"[[7, 16, 8, 17], [21, 13, 22, 12], [2, 6, 3, 5], [18, 4, 19, 3], [4, 20, 5, 19], [1, 15, 2, 14], [11, 21, 12, 20], [13, 1, 14, 22], [9, 7, 10, 6], [17, 11, 18, 10], [15, 8, 16, 9]]"
11n_88_52,"[[15, 8, 16, 9], [7, 16, 8, 17], [21, 13, 22, 12], [2, 6, 3, 5], [18, 4, 19, 3], [4, 20, 5, 19], [1, 15, 2, 14], [11, 21, 12, 20], [13, 1, 14, 22], [9, 7, 10, 6], [17, 11, 18, 10]]"
11n_88_53,"[[17, 11, 18, 10], [15, 8, 16, 9], [7, 16, 8, 17], [21, 13, 22, 12], [2, 6, 3, 5], [18, 4, 19, 3], [4, 20, 5, 19], [1, 15, 2, 14], [11, 21, 12, 20], [13, 1, 14, 22], [9, 7, 10, 6]]"
11n_88_54,"[[9, 7, 10, 6], [17, 11, 18, 10], [15, 8, 16, 9], [7, 16, 8, 17], [21, 13, 22, 12], [2, 6, 3, 5], [18, 4, 19, 3], [4, 20, 5, 19], [1, 15, 2, 14], [11, 21, 12, 20], [13, 1, 14, 22]]"
11n_88_55,"[[14, 2, 15, 1], [10, 8, 11, 7], [18, 12, 19, 11], [16, 9, 17, 10], [8, 17, 9, 18], [22, 14, 1, 13], [3, 7, 4, 6], [19, 5, 20, 4], [5, 21, 6, 20], [2, 16, 3, 15], [12, 22, 13, 21]]"
11n_88_56,"[[12, 22, 13, 21], [14, 2, 15, 1], [10, 8, 11, 7], [18, 12, 19, 11], [16, 9, 17, 10], [8, 17, 9, 18], [22, 14, 1, 13], [3, 7, 4, 6], [19, 5, 20, 4], [5, 21, 6, 20], [2, 16, 3, 15]]"
11n_88_57,"[[2, 16, 3, 15], [12, 22, 13, 21], [14, 2, 15, 1], [10, 8, 11, 7], [18, 12, 19, 11], [16, 9, 17, 10], [8, 17, 9, 18], [22, 14, 1, 13], [3, 7, 4, 6], [19, 5, 20, 4], [5, 21, 6, 20]]"
11n_88_58,"[[5, 21, 6, 20], [2, 16, 3, 15], [12, 22, 13, 21], [14, 2, 15, 1], [10, 8, 11, 7], [18, 12, 19, 11], [16, 9, 17, 10], [8, 17, 9, 18], [22, 14, 1, 13], [3, 7, 4, 6], [19, 5, 20, 4]]"
11n_88_59,"[[19, 5, 20, 4], [5, 21, 6, 20], [2, 16, 3, 15], [12, 22, 13, 21], [14, 2, 15, 1], [10, 8, 11, 7], [18, 12, 19, 11], [16, 9, 17, 10], [8, 17, 9, 18], [22, 14, 1, 13], [3, 7, 4, 6]]"
11n_88_60,"[[3, 7, 4, 6], [19, 5, 20, 4], [5, 21, 6, 20], [2, 16, 3, 15], [12, 22, 13, 21], [14, 2, 15, 1], [10, 8, 11, 7], [18, 12, 19, 11], [16, 9, 17, 10], [8, 17, 9, 18], [22, 14, 1, 13]]"
11n_88_61,"[[22, 14, 1, 13], [3, 7, 4, 6], [19, 5, 20, 4], [5, 21, 6, 20], [2, 16, 3, 15], [12, 22, 13, 21], [14, 2, 15, 1], [10, 8, 11, 7], [18, 12, 19, 11], [16, 9, 17, 10], [8, 17, 9, 18]]"
11n_88_62,"[[8, 17, 9, 18], [22, 14, 1, 13], [3, 7, 4, 6], [19, 5, 20, 4], [5, 21, 6, 20], [2, 16, 3, 15], [12, 22, 13, 21], [14, 2, 15, 1], [10, 8, 11, 7], [18, 12, 19, 11], [16, 9, 17, 10]]"
11n_88_63,"[[16, 9, 17, 10], [8, 17, 9, 18], [22, 14, 1, 13], [3, 7, 4, 6], [19, 5, 20, 4], [5, 21, 6, 20], [2, 16, 3, 15], [12, 22, 13, 21], [14, 2, 15, 1], [10, 8, 11, 7], [18, 12, 19, 11]]"
11n_88_64,"[[18, 12, 19, 11], [16, 9, 17, 10], [8, 17, 9, 18], [22, 14, 1, 13], [3, 7, 4, 6], [19, 5, 20, 4], [5, 21, 6, 20], [2, 16, 3, 15], [12, 22, 13, 21], [14, 2, 15, 1], [10, 8, 11, 7]]"
11n_88_65,"[[10, 8, 11, 7], [18, 12, 19, 11], [16, 9, 17, 10], [8, 17, 9, 18], [22, 14, 1, 13], [3, 7, 4, 6], [19, 5, 20, 4], [5, 21, 6, 20], [2, 16, 3, 15], [12, 22, 13, 21], [14, 2, 15, 1]]"
11n_88_66,"[[15, 3, 16, 2], [11, 9, 12, 8], [19, 13, 20, 12], [17, 10, 18, 11], [9, 18, 10, 19], [1, 15, 2, 14], [4, 8, 5, 7], [20, 6, 21, 5], [6, 22, 7, 21], [3, 17, 4, 16], [13, 1, 14, 22]]"
11n_88_67,"[[13, 1, 14, 22], [15, 3, 16, 2], [11, 9, 12, 8], [19, 13, 20, 12], [17, 10, 18, 11], [9, 18, 10, 19], [1, 15, 2, 14], [4, 8, 5, 7], [20, 6, 21, 5], [6, 22, 7, 21], [3, 17, 4, 16]]"
11n_88_68,"[[3, 17, 4, 16], [13, 1, 14, 22], [15, 3, 16, 2], [11, 9, 12, 8], [19, 13, 20, 12], [17, 10, 18, 11], [9, 18, 10, 19], [1, 15, 2, 14], [4, 8, 5, 7], [20, 6, 21, 5], [6, 22, 7, 21]]"
11n_88_69,"[[6, 22, 7, 21], [3, 17, 4, 16], [13, 1, 14, 22], [15, 3, 16, 2], [11, 9, 12, 8], [19, 13, 20, 12], [17, 10, 18, 11], [9, 18, 10, 19], [1, 15, 2, 14], [4, 8, 5, 7], [20, 6, 21, 5]]"
11n_88_70,"[[20, 6, 21, 5], [6, 22, 7, 21], [3, 17, 4, 16], [13, 1, 14, 22], [15, 3, 16, 2], [11, 9, 12, 8], [19, 13, 20, 12], [17, 10, 18, 11], [9, 18, 10, 19], [1, 15, 2, 14], [4, 8, 5, 7]]"
11n_88_71,"[[4, 8, 5, 7], [20, 6, 21, 5], [6, 22, 7, 21], [3, 17, 4, 16], [13, 1, 14, 22], [15, 3, 16, 2], [11, 9, 12, 8], [19, 13, 20, 12], [17, 10, 18, 11], [9, 18, 10, 19], [1, 15, 2, 14]]"
11n_88_72,"[[1, 15, 2, 14], [4, 8, 5, 7], [20, 6, 21, 5], [6, 22, 7, 21], [3, 17, 4, 16], [13, 1, 14, 22], [15, 3, 16, 2], [11, 9, 12, 8], [19, 13, 20, 12], [17, 10, 18, 11], [9, 18, 10, 19]]"
11n_88_73,"[[9, 18, 10, 19], [1, 15, 2, 14], [4, 8, 5, 7], [20, 6, 21, 5], [6, 22, 7, 21], [3, 17, 4, 16], [13, 1, 14, 22], [15, 3, 16, 2], [11, 9, 12, 8], [19, 13, 20, 12], [17, 10, 18, 11]]"
11n_88_74,"[[17, 10, 18, 11], [9, 18, 10, 19], [1, 15, 2, 14], [4, 8, 5, 7], [20, 6, 21, 5], [6, 22, 7, 21], [3, 17, 4, 16], [13, 1, 14, 22], [15, 3, 16, 2], [11, 9, 12, 8], [19, 13, 20, 12]]"
11n_88_75,"[[19, 13, 20, 12], [17, 10, 18, 11], [9, 18, 10, 19], [1, 15, 2, 14], [4, 8, 5, 7], [20, 6, 21, 5], [6, 22, 7, 21], [3, 17, 4, 16], [13, 1, 14, 22], [15, 3, 16, 2], [11, 9, 12, 8]]"
11n_88_76,"[[11, 9, 12, 8], [19, 13, 20, 12], [17, 10, 18, 11], [9, 18, 10, 19], [1, 15, 2, 14], [4, 8, 5, 7], [20, 6, 21, 5], [6, 22, 7, 21], [3, 17, 4, 16], [13, 1, 14, 22], [15, 3, 16, 2]]"
11n_88_77,"[[16, 4, 17, 3], [12, 10, 13, 9], [20, 14, 21, 13], [18, 11, 19, 12], [10, 19, 11, 20], [2, 16, 3, 15], [5, 9, 6, 8], [21, 7, 22, 6], [7, 1, 8, 22], [4, 18, 5, 17], [14, 2, 15, 1]]"
11n_88_78,"[[14, 2, 15, 1], [16, 4, 17, 3], [12, 10, 13, 9], [20, 14, 21, 13], [18, 11, 19, 12], [10, 19, 11, 20], [2, 16, 3, 15], [5, 9, 6, 8], [21, 7, 22, 6], [7, 1, 8, 22], [4, 18, 5, 17]]"
11n_88_79,"[[4, 18, 5, 17], [14, 2, 15, 1], [16, 4, 17, 3], [12, 10, 13, 9], [20, 14, 21, 13], [18, 11, 19, 12], [10, 19, 11, 20], [2, 16, 3, 15], [5, 9, 6, 8], [21, 7, 22, 6], [7, 1, 8, 22]]"
11n_88_80,"[[7, 1, 8, 22], [4, 18, 5, 17], [14, 2, 15, 1], [16, 4, 17, 3], [12, 10, 13, 9], [20, 14, 21, 13], [18, 11, 19, 12], [10, 19, 11, 20], [2, 16, 3, 15], [5, 9, 6, 8], [21, 7, 22, 6]]"
11n_88_81,"[[21, 7, 22, 6], [7, 1, 8, 22], [4, 18, 5, 17], [14, 2, 15, 1], [16, 4, 17, 3], [12, 10, 13, 9], [20, 14, 21, 13], [18, 11, 19, 12], [10, 19, 11, 20], [2, 16, 3, 15], [5, 9, 6, 8]]"
11n_88_82,"[[5, 9, 6, 8], [21, 7, 22, 6], [7, 1, 8, 22], [4, 18, 5, 17], [14, 2, 15, 1], [16, 4, 17, 3], [12, 10, 13, 9], [20, 14, 21, 13], [18, 11, 19, 12], [10, 19, 11, 20], [2, 16, 3, 15]]"
11n_88_83,"[[2, 16, 3, 15], [5, 9, 6, 8], [21, 7, 22, 6], [7, 1, 8, 22], [4, 18, 5, 17], [14, 2, 15, 1], [16, 4, 17, 3], [12, 10, 13, 9], [20, 14, 21, 13], [18, 11, 19, 12], [10, 19, 11, 20]]"
11n_88_84,"[[10, 19, 11, 20], [2, 16, 3, 15], [5, 9, 6, 8], [21, 7, 22, 6], [7, 1, 8, 22], [4, 18, 5, 17], [14, 2, 15, 1], [16, 4, 17, 3], [12, 10, 13, 9], [20, 14, 21, 13], [18, 11, 19, 12]]"
11n_88_85,"[[18, 11, 19, 12], [10, 19, 11, 20], [2, 16, 3, 15], [5, 9, 6, 8], [21, 7, 22, 6], [7, 1, 8, 22], [4, 18, 5, 17], [14, 2, 15, 1], [16, 4, 17, 3], [12, 10, 13, 9], [20, 14, 21, 13]]"
11n_88_86,"[[20, 14, 21, 13], [18, 11, 19, 12], [10, 19, 11, 20], [2, 16, 3, 15], [5, 9, 6, 8], [21, 7, 22, 6], [7, 1, 8, 22], [4, 18, 5, 17], [14, 2, 15, 1], [16, 4, 17, 3], [12, 10, 13, 9]]"
11n_88_87,"[[12, 10, 13, 9], [20, 14, 21, 13], [18, 11, 19, 12], [10, 19, 11, 20], [2, 16, 3, 15], [5, 9, 6, 8], [21, 7, 22, 6], [7, 1, 8, 22], [4, 18, 5, 17], [14, 2, 15, 1], [16, 4, 17, 3]]"
11n_88_88,"[[17, 5, 18, 4], [13, 11, 14, 10], [21, 15, 22, 14], [19, 12, 20, 13], [11, 20, 12, 21], [3, 17, 4, 16], [6, 10, 7, 9], [22, 8, 1, 7], [8, 2, 9, 1], [5, 19, 6, 18], [15, 3, 16, 2]]"
11n_88_89,"[[15, 3, 16, 2], [17, 5, 18, 4], [13, 11, 14, 10], [21, 15, 22, 14], [19, 12, 20, 13], [11, 20, 12, 21], [3, 17, 4, 16], [6, 10, 7, 9], [22, 8, 1, 7], [8, 2, 9, 1], [5, 19, 6, 18]]"
11n_88_90,"[[5, 19, 6, 18], [15, 3, 16, 2], [17, 5, 18, 4], [13, 11, 14, 10], [21, 15, 22, 14], [19, 12, 20, 13], [11, 20, 12, 21], [3, 17, 4, 16], [6, 10, 7, 9], [22, 8, 1, 7], [8, 2, 9, 1]]"
11n_88_91,"[[8, 2, 9, 1], [5, 19, 6, 18], [15, 3, 16, 2], [17, 5, 18, 4], [13, 11, 14, 10], [21, 15, 22, 14], [19, 12, 20, 13], [11, 20, 12, 21], [3, 17, 4, 16], [6, 10, 7, 9], [22, 8, 1, 7]]"
11n_88_92,"[[22, 8, 1, 7], [8, 2, 9, 1], [5, 19, 6, 18], [15, 3, 16, 2], [17, 5, 18, 4], [13, 11, 14, 10], [21, 15, 22, 14], [19, 12, 20, 13], [11, 20, 12, 21], [3, 17, 4, 16], [6, 10, 7, 9]]"
11n_88_93,"[[6, 10, 7, 9], [22, 8, 1, 7], [8, 2, 9, 1], [5, 19, 6, 18], [15, 3, 16, 2], [17, 5, 18, 4], [13, 11, 14, 10], [21, 15, 22, 14], [19, 12, 20, 13], [11, 20, 12, 21], [3, 17, 4, 16]]"
11n_88_94,"[[3, 17, 4, 16], [6, 10, 7, 9], [22, 8, 1, 7], [8, 2, 9, 1], [5, 19, 6, 18], [15, 3, 16, 2], [17, 5, 18, 4], [13, 11, 14, 10], [21, 15, 22, 14], [19, 12, 20, 13], [11, 20, 12, 21]]"
11n_88_95,"[[11, 20, 12, 21], [3, 17, 4, 16], [6, 10, 7, 9], [22, 8, 1, 7], [8, 2, 9, 1], [5, 19, 6, 18], [15, 3, 16, 2], [17, 5, 18, 4], [13, 11, 14, 10], [21, 15, 22, 14], [19, 12, 20, 13]]"
11n_88_96,"[[19, 12, 20, 13], [11, 20, 12, 21], [3, 17, 4, 16], [6, 10, 7, 9], [22, 8, 1, 7], [8, 2, 9, 1], [5, 19, 6, 18], [15, 3, 16, 2], [17, 5, 18, 4], [13, 11, 14, 10], [21, 15, 22, 14]]"
11n_88_97,"[[21, 15, 22, 14], [19, 12, 20, 13], [11, 20, 12, 21], [3, 17, 4, 16], [6, 10, 7, 9], [22, 8, 1, 7], [8, 2, 9, 1], [5, 19, 6, 18], [15, 3, 16, 2], [17, 5, 18, 4], [13, 11, 14, 10]]"
11n_88_98,"[[13, 11, 14, 10], [21, 15, 22, 14], [19, 12, 20, 13], [11, 20, 12, 21], [3, 17, 4, 16], [6, 10, 7, 9], [22, 8, 1, 7], [8, 2, 9, 1], [5, 19, 6, 18], [15, 3, 16, 2], [17, 5, 18, 4]]"
11n_88_99,"[[18, 6, 19, 5], [14, 12, 15, 11], [22, 16, 1, 15], [20, 13, 21, 14], [12, 21, 13, 22], [4, 18, 5, 17], [7, 11, 8, 10], [1, 9, 2, 8], [9, 3, 10, 2], [6, 20, 7, 19], [16, 4, 17, 3]]"
11n_88_100,"[[16, 4, 17, 3], [18, 6, 19, 5], [14, 12, 15, 11], [22, 16, 1, 15], [20, 13, 21, 14], [12, 21, 13, 22], [4, 18, 5, 17], [7, 11, 8, 10], [1, 9, 2, 8], [9, 3, 10, 2], [6, 20, 7, 19]]"
11n_88_101,"[[6, 20, 7, 19], [16, 4, 17, 3], [18, 6, 19, 5], [14, 12, 15, 11], [22, 16, 1, 15], [20, 13, 21, 14], [12, 21, 13, 22], [4, 18, 5, 17], [7, 11, 8, 10], [1, 9, 2, 8], [9, 3, 10, 2]]"
11n_88_102,"[[9, 3, 10, 2], [6, 20, 7, 19], [16, 4, 17, 3], [18, 6, 19, 5], [14, 12, 15, 11], [22, 16, 1, 15], [20, 13, 21, 14], [12, 21, 13, 22], [4, 18, 5, 17], [7, 11, 8, 10], [1, 9, 2, 8]]"
11n_88_103,"[[1, 9, 2, 8], [9, 3, 10, 2], [6, 20, 7, 19], [16, 4, 17, 3], [18, 6, 19, 5], [14, 12, 15, 11], [22, 16, 1, 15], [20, 13, 21, 14], [12, 21, 13, 22], [4, 18, 5, 17], [7, 11, 8, 10]]"
11n_88_104,"[[7, 11, 8, 10], [1, 9, 2, 8], [9, 3, 10, 2], [6, 20, 7, 19], [16, 4, 17, 3], [18, 6, 19, 5], [14, 12, 15, 11], [22, 16, 1, 15], [20, 13, 21, 14], [12, 21, 13, 22], [4, 18, 5, 17]]"
11n_88_105,"[[4, 18, 5, 17], [7, 11, 8, 10], [1, 9, 2, 8], [9, 3, 10, 2], [6, 20, 7, 19], [16, 4, 17, 3], [18, 6, 19, 5], [14, 12, 15, 11], [22, 16, 1, 15], [20, 13, 21, 14], [12, 21, 13, 22]]"
11n_88_106,"[[12, 21, 13, 22], [4, 18, 5, 17], [7, 11, 8, 10], [1, 9, 2, 8], [9, 3, 10, 2], [6, 20, 7, 19], [16, 4, 17, 3], [18, 6, 19, 5], [14, 12, 15, 11], [22, 16, 1, 15], [20, 13, 21, 14]]"
11n_88_107,"[[20, 13, 21, 14], [12, 21, 13, 22], [4, 18, 5, 17], [7, 11, 8, 10], [1, 9, 2, 8], [9, 3, 10, 2], [6, 20, 7, 19], [16, 4, 17, 3], [18, 6, 19, 5], [14, 12, 15, 11], [22, 16, 1, 15]]"
11n_88_108,"[[22, 16, 1, 15], [20, 13, 21, 14], [12, 21, 13, 22], [4, 18, 5, 17], [7, 11, 8, 10], [1, 9, 2, 8], [9, 3, 10, 2], [6, 20, 7, 19], [16, 4, 17, 3], [18, 6, 19, 5], [14, 12, 15, 11]]"
11n_88_109,"[[14, 12, 15, 11], [22, 16, 1, 15], [20, 13, 21, 14], [12, 21, 13, 22], [4, 18, 5, 17], [7, 11, 8, 10], [1, 9, 2, 8], [9, 3, 10, 2], [6, 20, 7, 19], [16, 4, 17, 3], [18, 6, 19, 5]]"
11n_88_110,"[[19, 7, 20, 6], [15, 13, 16, 12], [1, 17, 2, 16], [21, 14, 22, 15], [13, 22, 14, 1], [5, 19, 6, 18], [8, 12, 9, 11], [2, 10, 3, 9], [10, 4, 11, 3], [7, 21, 8, 20], [17, 5, 18, 4]]"
11n_88_111,"[[17, 5, 18, 4], [19, 7, 20, 6], [15, 13, 16, 12], [1, 17, 2, 16], [21, 14, 22, 15], [13, 22, 14, 1], [5, 19, 6, 18], [8, 12, 9, 11], [2, 10, 3, 9], [10, 4, 11, 3], [7, 21, 8, 20]]"
11n_88_112,"[[7, 21, 8, 20], [17, 5, 18, 4], [19, 7, 20, 6], [15, 13, 16, 12], [1, 17, 2, 16], [21, 14, 22, 15], [13, 22, 14, 1], [5, 19, 6, 18], [8, 12, 9, 11], [2, 10, 3, 9], [10, 4, 11, 3]]"
11n_88_113,"[[10, 4, 11, 3], [7, 21, 8, 20], [17, 5, 18, 4], [19, 7, 20, 6], [15, 13, 16, 12], [1, 17, 2, 16], [21, 14, 22, 15], [13, 22, 14, 1], [5, 19, 6, 18], [8, 12, 9, 11], [2, 10, 3, 9]]"
11n_88_114,"[[2, 10, 3, 9], [10, 4, 11, 3], [7, 21, 8, 20], [17, 5, 18, 4], [19, 7, 20, 6], [15, 13, 16, 12], [1, 17, 2, 16], [21, 14, 22, 15], [13, 22, 14, 1], [5, 19, 6, 18], [8, 12, 9, 11]]"
11n_88_115,"[[8, 12, 9, 11], [2, 10, 3, 9], [10, 4, 11, 3], [7, 21, 8, 20], [17, 5, 18, 4], [19, 7, 20, 6], [15, 13, 16, 12], [1, 17, 2, 16], [21, 14, 22, 15], [13, 22, 14, 1], [5, 19, 6, 18]]"
11n_88_116,"[[5, 19, 6, 18], [8, 12, 9, 11], [2, 10, 3, 9], [10, 4, 11, 3], [7, 21, 8, 20], [17, 5, 18, 4], [19, 7, 20, 6], [15, 13, 16, 12], [1, 17, 2, 16], [21, 14, 22, 15], [13, 22, 14, 1]]"
11n_88_117,"[[13, 22, 14, 1], [5, 19, 6, 18], [8, 12, 9, 11], [2, 10, 3, 9], [10, 4, 11, 3], [7, 21, 8, 20], [17, 5, 18, 4], [19, 7, 20, 6], [15, 13, 16, 12], [1, 17, 2, 16], [21, 14, 22, 15]]"
11n_88_118,"[[21, 14, 22, 15], [13, 22, 14, 1], [5, 19, 6, 18], [8, 12, 9, 11], [2, 10, 3, 9], [10, 4, 11, 3], [7, 21, 8, 20], [17, 5, 18, 4], [19, 7, 20, 6], [15, 13, 16, 12], [1, 17, 2, 16]]"
11n_88_119,"[[1, 17, 2, 16], [21, 14, 22, 15], [13, 22, 14, 1], [5, 19, 6, 18], [8, 12, 9, 11], [2, 10, 3, 9], [10, 4, 11, 3], [7, 21, 8, 20], [17, 5, 18, 4], [19, 7, 20, 6], [15, 13, 16, 12]]"
11n_88_120,"[[15, 13, 16, 12], [1, 17, 2, 16], [21, 14, 22, 15], [13, 22, 14, 1], [5, 19, 6, 18], [8, 12, 9, 11], [2, 10, 3, 9], [10, 4, 11, 3], [7, 21, 8, 20], [17, 5, 18, 4], [19, 7, 20, 6]]"
11n_88_121,"[[20, 8, 21, 7], [16, 14, 17, 13], [2, 18, 3, 17], [22, 15, 1, 16], [14, 1, 15, 2], [6, 20, 7, 19], [9, 13, 10, 12], [3, 11, 4, 10], [11, 5, 12, 4], [8, 22, 9, 21], [18, 6, 19, 5]]"
11n_88_122,"[[18, 6, 19, 5], [20, 8, 21, 7], [16, 14, 17, 13], [2, 18, 3, 17], [22, 15, 1, 16], [14, 1, 15, 2], [6, 20, 7, 19], [9, 13, 10, 12], [3, 11, 4, 10], [11, 5, 12, 4], [8, 22, 9, 21]]"
11n_88_123,"[[8, 22, 9, 21], [18, 6, 19, 5], [20, 8, 21, 7], [16, 14, 17, 13], [2, 18, 3, 17], [22, 15, 1, 16], [14, 1, 15, 2], [6, 20, 7, 19], [9, 13, 10, 12], [3, 11, 4, 10], [11, 5, 12, 4]]"
11n_88_124,"[[11, 5, 12, 4], [8, 22, 9, 21], [18, 6, 19, 5], [20, 8, 21, 7], [16, 14, 17, 13], [2, 18, 3, 17], [22, 15, 1, 16], [14, 1, 15, 2], [6, 20, 7, 19], [9, 13, 10, 12], [3, 11, 4, 10]]"
11n_88_125,"[[3, 11, 4, 10], [11, 5, 12, 4], [8, 22, 9, 21], [18, 6, 19, 5], [20, 8, 21, 7], [16, 14, 17, 13], [2, 18, 3, 17], [22, 15, 1, 16], [14, 1, 15, 2], [6, 20, 7, 19], [9, 13, 10, 12]]"
11n_88_126,"[[9, 13, 10, 12], [3, 11, 4, 10], [11, 5, 12, 4], [8, 22, 9, 21], [18, 6, 19, 5], [20, 8, 21, 7], [16, 14, 17, 13], [2, 18, 3, 17], [22, 15, 1, 16], [14, 1, 15, 2], [6, 20, 7, 19]]"
11n_88_127,"[[6, 20, 7, 19], [9, 13, 10, 12], [3, 11, 4, 10], [11, 5, 12, 4], [8, 22, 9, 21], [18, 6, 19, 5], [20, 8, 21, 7], [16, 14, 17, 13], [2, 18, 3, 17], [22, 15, 1, 16], [14, 1, 15, 2]]"
11n_88_128,"[[14, 1, 15, 2], [6, 20, 7, 19], [9, 13, 10, 12], [3, 11, 4, 10], [11, 5, 12, 4], [8, 22, 9, 21], [18, 6, 19, 5], [20, 8, 21, 7], [16, 14, 17, 13], [2, 18, 3, 17], [22, 15, 1, 16]]"
11n_88_129,"[[22, 15, 1, 16], [14, 1, 15, 2], [6, 20, 7, 19], [9, 13, 10, 12], [3, 11, 4, 10], [11, 5, 12, 4], [8, 22, 9, 21], [18, 6, 19, 5], [20, 8, 21, 7], [16, 14, 17, 13], [2, 18, 3, 17]]"
11n_88_130,"[[2, 18, 3, 17], [22, 15, 1, 16], [14, 1, 15, 2], [6, 20, 7, 19], [9, 13, 10, 12], [3, 11, 4, 10], [11, 5, 12, 4], [8, 22, 9, 21], [18, 6, 19, 5], [20, 8, 21, 7], [16, 14, 17, 13]]"
11n_88_131,"[[16, 14, 17, 13], [2, 18, 3, 17], [22, 15, 1, 16], [14, 1, 15, 2], [6, 20, 7, 19], [9, 13, 10, 12], [3, 11, 4, 10], [11, 5, 12, 4], [8, 22, 9, 21], [18, 6, 19, 5], [20, 8, 21, 7]]"
11n_88_132,"[[21, 9, 22, 8], [17, 15, 18, 14], [3, 19, 4, 18], [1, 16, 2, 17], [15, 2, 16, 3], [7, 21, 8, 20], [10, 14, 11, 13], [4, 12, 5, 11], [12, 6, 13, 5], [9, 1, 10, 22], [19, 7, 20, 6]]"
11n_88_133,"[[19, 7, 20, 6], [21, 9, 22, 8], [17, 15, 18, 14], [3, 19, 4, 18], [1, 16, 2, 17], [15, 2, 16, 3], [7, 21, 8, 20], [10, 14, 11, 13], [4, 12, 5, 11], [12, 6, 13, 5], [9, 1, 10, 22]]"
11n_88_134,"[[9, 1, 10, 22], [19, 7, 20, 6], [21, 9, 22, 8], [17, 15, 18, 14], [3, 19, 4, 18], [1, 16, 2, 17], [15, 2, 16, 3], [7, 21, 8, 20], [10, 14, 11, 13], [4, 12, 5, 11], [12, 6, 13, 5]]"
11n_88_135,"[[12, 6, 13, 5], [9, 1, 10, 22], [19, 7, 20, 6], [21, 9, 22, 8], [17, 15, 18, 14], [3, 19, 4, 18], [1, 16, 2, 17], [15, 2, 16, 3], [7, 21, 8, 20], [10, 14, 11, 13], [4, 12, 5, 11]]"
11n_88_136,"[[4, 12, 5, 11], [12, 6, 13, 5], [9, 1, 10, 22], [19, 7, 20, 6], [21, 9, 22, 8], [17, 15, 18, 14], [3, 19, 4, 18], [1, 16, 2, 17], [15, 2, 16, 3], [7, 21, 8, 20], [10, 14, 11, 13]]"
11n_88_137,"[[10, 14, 11, 13], [4, 12, 5, 11], [12, 6, 13, 5], [9, 1, 10, 22], [19, 7, 20, 6], [21, 9, 22, 8], [17, 15, 18, 14], [3, 19, 4, 18], [1, 16, 2, 17], [15, 2, 16, 3], [7, 21, 8, 20]]"
11n_88_138,"[[7, 21, 8, 20], [10, 14, 11, 13], [4, 12, 5, 11], [12, 6, 13, 5], [9, 1, 10, 22], [19, 7, 20, 6], [21, 9, 22, 8], [17, 15, 18, 14], [3, 19, 4, 18], [1, 16, 2, 17], [15, 2, 16, 3]]"
11n_88_139,"[[15, 2, 16, 3], [7, 21, 8, 20], [10, 14, 11, 13], [4, 12, 5, 11], [12, 6, 13, 5], [9, 1, 10, 22], [19, 7, 20, 6], [21, 9, 22, 8], [17, 15, 18, 14], [3, 19, 4, 18], [1, 16, 2, 17]]"
11n_88_140,"[[1, 16, 2, 17], [15, 2, 16, 3], [7, 21, 8, 20], [10, 14, 11, 13], [4, 12, 5, 11], [12, 6, 13, 5], [9, 1, 10, 22], [19, 7, 20, 6], [21, 9, 22, 8], [17, 15, 18, 14], [3, 19, 4, 18]]"
11n_88_141,"[[3, 19, 4, 18], [1, 16, 2, 17], [15, 2, 16, 3], [7, 21, 8, 20], [10, 14, 11, 13], [4, 12, 5, 11], [12, 6, 13, 5], [9, 1, 10, 22], [19, 7, 20, 6], [21, 9, 22, 8], [17, 15, 18, 14]]"
11n_88_142,"[[17, 15, 18, 14], [3, 19, 4, 18], [1, 16, 2, 17], [15, 2, 16, 3], [7, 21, 8, 20], [10, 14, 11, 13], [4, 12, 5, 11], [12, 6, 13, 5], [9, 1, 10, 22], [19, 7, 20, 6], [21, 9, 22, 8]]"
11n_88_143,"[[22, 10, 1, 9], [18, 16, 19, 15], [4, 20, 5, 19], [2, 17, 3, 18], [16, 3, 17, 4], [8, 22, 9, 21], [11, 15, 12, 14], [5, 13, 6, 12], [13, 7, 14, 6], [10, 2, 11, 1], [20, 8, 21, 7]]"
11n_88_144,"[[20, 8, 21, 7], [22, 10, 1, 9], [18, 16, 19, 15], [4, 20, 5, 19], [2, 17, 3, 18], [16, 3, 17, 4], [8, 22, 9, 21], [11, 15, 12, 14], [5, 13, 6, 12], [13, 7, 14, 6], [10, 2, 11, 1]]"
11n_88_145,"[[10, 2, 11, 1], [20, 8, 21, 7], [22, 10, 1, 9], [18, 16, 19, 15], [4, 20, 5, 19], [2, 17, 3, 18], [16, 3, 17, 4], [8, 22, 9, 21], [11, 15, 12, 14], [5, 13, 6, 12], [13, 7, 14, 6]]"
11n_88_146,"[[13, 7, 14, 6], [10, 2, 11, 1], [20, 8, 21, 7], [22, 10, 1, 9], [18, 16, 19, 15], [4, 20, 5, 19], [2, 17, 3, 18], [16, 3, 17, 4], [8, 22, 9, 21], [11, 15, 12, 14], [5, 13, 6, 12]]"
11n_88_147,"[[5, 13, 6, 12], [13, 7, 14, 6], [10, 2, 11, 1], [20, 8, 21, 7], [22, 10, 1, 9], [18, 16, 19, 15], [4, 20, 5, 19], [2, 17, 3, 18], [16, 3, 17, 4], [8, 22, 9, 21], [11, 15, 12, 14]]"
11n_88_148,"[[11, 15, 12, 14], [5, 13, 6, 12], [13, 7, 14, 6], [10, 2, 11, 1], [20, 8, 21, 7], [22, 10, 1, 9], [18, 16, 19, 15], [4, 20, 5, 19], [2, 17, 3, 18], [16, 3, 17, 4], [8, 22, 9, 21]]"
11n_88_149,"[[8, 22, 9, 21], [11, 15, 12, 14], [5, 13, 6, 12], [13, 7, 14, 6], [10, 2, 11, 1], [20, 8, 21, 7], [22, 10, 1, 9], [18, 16, 19, 15], [4, 20, 5, 19], [2, 17, 3, 18], [16, 3, 17, 4]]"
11n_88_150,"[[16, 3, 17, 4], [8, 22, 9, 21], [11, 15, 12, 14], [5, 13, 6, 12], [13, 7, 14, 6], [10, 2, 11, 1], [20, 8, 21, 7], [22, 10, 1, 9], [18, 16, 19, 15], [4, 20, 5, 19], [2, 17, 3, 18]]"
11n_88_151,"[[2, 17, 3, 18], [16, 3, 17, 4], [8, 22, 9, 21], [11, 15, 12, 14], [5, 13, 6, 12], [13, 7, 14, 6], [10, 2, 11, 1], [20, 8, 21, 7], [22, 10, 1, 9], [18, 16, 19, 15], [4, 20, 5, 19]]"
11n_88_152,"[[4, 20, 5, 19], [2, 17, 3, 18], [16, 3, 17, 4], [8, 22, 9, 21], [11, 15, 12, 14], [5, 13, 6, 12], [13, 7, 14, 6], [10, 2, 11, 1], [20, 8, 21, 7], [22, 10, 1, 9], [18, 16, 19, 15]]"
11n_88_153,"[[18, 16, 19, 15], [4, 20, 5, 19], [2, 17, 3, 18], [16, 3, 17, 4], [8, 22, 9, 21], [11, 15, 12, 14], [5, 13, 6, 12], [13, 7, 14, 6], [10, 2, 11, 1], [20, 8, 21, 7], [22, 10, 1, 9]]"
11n_88_154,"[[1, 11, 2, 10], [19, 17, 20, 16], [5, 21, 6, 20], [3, 18, 4, 19], [17, 4, 18, 5], [9, 1, 10, 22], [12, 16, 13, 15], [6, 14, 7, 13], [14, 8, 15, 7], [11, 3, 12, 2], [21, 9, 22, 8]]"
11n_88_155,"[[21, 9, 22, 8], [1, 11, 2, 10], [19, 17, 20, 16], [5, 21, 6, 20], [3, 18, 4, 19], [17, 4, 18, 5], [9, 1, 10, 22], [12, 16, 13, 15], [6, 14, 7, 13], [14, 8, 15, 7], [11, 3, 12, 2]]"
11n_88_156,"[[11, 3, 12, 2], [21, 9, 22, 8], [1, 11, 2, 10], [19, 17, 20, 16], [5, 21, 6, 20], [3, 18, 4, 19], [17, 4, 18, 5], [9, 1, 10, 22], [12, 16, 13, 15], [6, 14, 7, 13], [14, 8, 15, 7]]"
11n_88_157,"[[14, 8, 15, 7], [11, 3, 12, 2], [21, 9, 22, 8], [1, 11, 2, 10], [19, 17, 20, 16], [5, 21, 6, 20], [3, 18, 4, 19], [17, 4, 18, 5], [9, 1, 10, 22], [12, 16, 13, 15], [6, 14, 7, 13]]"
11n_88_158,"[[6, 14, 7, 13], [14, 8, 15, 7], [11, 3, 12, 2], [21, 9, 22, 8], [1, 11, 2, 10], [19, 17, 20, 16], [5, 21, 6, 20], [3, 18, 4, 19], [17, 4, 18, 5], [9, 1, 10, 22], [12, 16, 13, 15]]"
11n_88_159,"[[12, 16, 13, 15], [6, 14, 7, 13], [14, 8, 15, 7], [11, 3, 12, 2], [21, 9, 22, 8], [1, 11, 2, 10], [19, 17, 20, 16], [5, 21, 6, 20], [3, 18, 4, 19], [17, 4, 18, 5], [9, 1, 10, 22]]"
11n_88_160,"[[9, 1, 10, 22], [12, 16, 13, 15], [6, 14, 7, 13], [14, 8, 15, 7], [11, 3, 12, 2], [21, 9, 22, 8], [1, 11, 2, 10], [19, 17, 20, 16], [5, 21, 6, 20], [3, 18, 4, 19], [17, 4, 18, 5]]"
11n_88_161,"[[17, 4, 18, 5], [9, 1, 10, 22], [12, 16, 13, 15], [6, 14, 7, 13], [14, 8, 15, 7], [11, 3, 12, 2], [21, 9, 22, 8], [1, 11, 2, 10], [19, 17, 20, 16], [5, 21, 6, 20], [3, 18, 4, 19]]"
11n_88_162,"[[3, 18, 4, 19], [17, 4, 18, 5], [9, 1, 10, 22], [12, 16, 13, 15], [6, 14, 7, 13], [14, 8, 15, 7], [11, 3, 12, 2], [21, 9, 22, 8], [1, 11, 2, 10], [19, 17, 20, 16], [5, 21, 6, 20]]"
11n_88_163,"[[5, 21, 6, 20], [3, 18, 4, 19], [17, 4, 18, 5], [9, 1, 10, 22], [12, 16, 13, 15], [6, 14, 7, 13], [14, 8, 15, 7], [11, 3, 12, 2], [21, 9, 22, 8], [1, 11, 2, 10], [19, 17, 20, 16]]"
11n_88_164,"[[19, 17, 20, 16], [5, 21, 6, 20], [3, 18, 4, 19], [17, 4, 18, 5], [9, 1, 10, 22], [12, 16, 13, 15], [6, 14, 7, 13], [14, 8, 15, 7], [11, 3, 12, 2], [21, 9, 22, 8], [1, 11, 2, 10]]"
11n_88_165,"[[2, 12, 3, 11], [20, 18, 21, 17], [6, 22, 7, 21], [4, 19, 5, 20], [18, 5, 19, 6], [10, 2, 11, 1], [13, 17, 14, 16], [7, 15, 8, 14], [15, 9, 16, 8], [12, 4, 13, 3], [22, 10, 1, 9]]"
11n_88_166,"[[22, 10, 1, 9], [2, 12, 3, 11], [20, 18, 21, 17], [6, 22, 7, 21], [4, 19, 5, 20], [18, 5, 19, 6], [10, 2, 11, 1], [13, 17, 14, 16], [7, 15, 8, 14], [15, 9, 16, 8], [12, 4, 13, 3]]"
11n_88_167,"[[12, 4, 13, 3], [22, 10, 1, 9], [2, 12, 3, 11], [20, 18, 21, 17], [6, 22, 7, 21], [4, 19, 5, 20], [18, 5, 19, 6], [10, 2, 11, 1], [13, 17, 14, 16], [7, 15, 8, 14], [15, 9, 16, 8]]"
11n_88_168,"[[15, 9, 16, 8], [12, 4, 13, 3], [22, 10, 1, 9], [2, 12, 3, 11], [20, 18, 21, 17], [6, 22, 7, 21], [4, 19, 5, 20], [18, 5, 19, 6], [10, 2, 11, 1], [13, 17, 14, 16], [7, 15, 8, 14]]"
11n_88_169,"[[7, 15, 8, 14], [15, 9, 16, 8], [12, 4, 13, 3], [22, 10, 1, 9], [2, 12, 3, 11], [20, 18, 21, 17], [6, 22, 7, 21], [4, 19, 5, 20], [18, 5, 19, 6], [10, 2, 11, 1], [13, 17, 14, 16]]"
11n_88_170,"[[13, 17, 14, 16], [7, 15, 8, 14], [15, 9, 16, 8], [12, 4, 13, 3], [22, 10, 1, 9], [2, 12, 3, 11], [20, 18, 21, 17], [6, 22, 7, 21], [4, 19, 5, 20], [18, 5, 19, 6], [10, 2, 11, 1]]"
11n_88_171,"[[10, 2, 11, 1], [13, 17, 14, 16], [7, 15, 8, 14], [15, 9, 16, 8], [12, 4, 13, 3], [22, 10, 1, 9], [2, 12, 3, 11], [20, 18, 21, 17], [6, 22, 7, 21], [4, 19, 5, 20], [18, 5, 19, 6]]"
11n_88_172,"[[18, 5, 19, 6], [10, 2, 11, 1], [13, 17, 14, 16], [7, 15, 8, 14], [15, 9, 16, 8], [12, 4, 13, 3], [22, 10, 1, 9], [2, 12, 3, 11], [20, 18, 21, 17], [6, 22, 7, 21], [4, 19, 5, 20]]"
11n_88_173,"[[4, 19, 5, 20], [18, 5, 19, 6], [10, 2, 11, 1], [13, 17, 14, 16], [7, 15, 8, 14], [15, 9, 16, 8], [12, 4, 13, 3], [22, 10, 1, 9], [2, 12, 3, 11], [20, 18, 21, 17], [6, 22, 7, 21]]"
11n_88_174,"[[6, 22, 7, 21], [4, 19, 5, 20], [18, 5, 19, 6], [10, 2, 11, 1], [13, 17, 14, 16], [7, 15, 8, 14], [15, 9, 16, 8], [12, 4, 13, 3], [22, 10, 1, 9], [2, 12, 3, 11], [20, 18, 21, 17]]"
11n_88_175,"[[20, 18, 21, 17], [6, 22, 7, 21], [4, 19, 5, 20], [18, 5, 19, 6], [10, 2, 11, 1], [13, 17, 14, 16], [7, 15, 8, 14], [15, 9, 16, 8], [12, 4, 13, 3], [22, 10, 1, 9], [2, 12, 3, 11]]"
11n_88_176,"[[3, 13, 4, 12], [21, 19, 22, 18], [7, 1, 8, 22], [5, 20, 6, 21], [19, 6, 20, 7], [11, 3, 12, 2], [14, 18, 15, 17], [8, 16, 9, 15], [16, 10, 17, 9], [13, 5, 14, 4], [1, 11, 2, 10]]"
11n_88_177,"[[1, 11, 2, 10], [3, 13, 4, 12], [21, 19, 22, 18], [7, 1, 8, 22], [5, 20, 6, 21], [19, 6, 20, 7], [11, 3, 12, 2], [14, 18, 15, 17], [8, 16, 9, 15], [16, 10, 17, 9], [13, 5, 14, 4]]"
11n_88_178,"[[13, 5, 14, 4], [1, 11, 2, 10], [3, 13, 4, 12], [21, 19, 22, 18], [7, 1, 8, 22], [5, 20, 6, 21], [19, 6, 20, 7], [11, 3, 12, 2], [14, 18, 15, 17], [8, 16, 9, 15], [16, 10, 17, 9]]"
11n_88_179,"[[16, 10, 17, 9], [13, 5, 14, 4], [1, 11, 2, 10], [3, 13, 4, 12], [21, 19, 22, 18], [7, 1, 8, 22], [5, 20, 6, 21], [19, 6, 20, 7], [11, 3, 12, 2], [14, 18, 15, 17], [8, 16, 9, 15]]"
11n_88_180,"[[8, 16, 9, 15], [16, 10, 17, 9], [13, 5, 14, 4], [1, 11, 2, 10], [3, 13, 4, 12], [21, 19, 22, 18], [7, 1, 8, 22], [5, 20, 6, 21], [19, 6, 20, 7], [11, 3, 12, 2], [14, 18, 15, 17]]"
11n_88_181,"[[14, 18, 15, 17], [8, 16, 9, 15], [16, 10, 17, 9], [13, 5, 14, 4], [1, 11, 2, 10], [3, 13, 4, 12], [21, 19, 22, 18], [7, 1, 8, 22], [5, 20, 6, 21], [19, 6, 20, 7], [11, 3, 12, 2]]"
11n_88_182,"[[11, 3, 12, 2], [14, 18, 15, 17], [8, 16, 9, 15], [16, 10, 17, 9], [13, 5, 14, 4], [1, 11, 2, 10], [3, 13, 4, 12], [21, 19, 22, 18], [7, 1, 8, 22], [5, 20, 6, 21], [19, 6, 20, 7]]"
11n_88_183,"[[19, 6, 20, 7], [11, 3, 12, 2], [14, 18, 15, 17], [8, 16, 9, 15], [16, 10, 17, 9], [13, 5, 14, 4], [1, 11, 2, 10], [3, 13, 4, 12], [21, 19, 22, 18], [7, 1, 8, 22], [5, 20, 6, 21]]"
11n_88_184,"[[5, 20, 6, 21], [19, 6, 20, 7], [11, 3, 12, 2], [14, 18, 15, 17], [8, 16, 9, 15], [16, 10, 17, 9], [13, 5, 14, 4], [1, 11, 2, 10], [3, 13, 4, 12], [21, 19, 22, 18], [7, 1, 8, 22]]"
11n_88_185,"[[7, 1, 8, 22], [5, 20, 6, 21], [19, 6, 20, 7], [11, 3, 12, 2], [14, 18, 15, 17], [8, 16, 9, 15], [16, 10, 17, 9], [13, 5, 14, 4], [1, 11, 2, 10], [3, 13, 4, 12], [21, 19, 22, 18]]"
11n_88_186,"[[21, 19, 22, 18], [7, 1, 8, 22], [5, 20, 6, 21], [19, 6, 20, 7], [11, 3, 12, 2], [14, 18, 15, 17], [8, 16, 9, 15], [16, 10, 17, 9], [13, 5, 14, 4], [1, 11, 2, 10], [3, 13, 4, 12]]"
11n_88_187,"[[4, 14, 5, 13], [22, 20, 1, 19], [8, 2, 9, 1], [6, 21, 7, 22], [20, 7, 21, 8], [12, 4, 13, 3], [15, 19, 16, 18], [9, 17, 10, 16], [17, 11, 18, 10], [14, 6, 15, 5], [2, 12, 3, 11]]"
11n_88_188,"[[2, 12, 3, 11], [4, 14, 5, 13], [22, 20, 1, 19], [8, 2, 9, 1], [6, 21, 7, 22], [20, 7, 21, 8], [12, 4, 13, 3], [15, 19, 16, 18], [9, 17, 10, 16], [17, 11, 18, 10], [14, 6, 15, 5]]"
11n_88_189,"[[14, 6, 15, 5], [2, 12, 3, 11], [4, 14, 5, 13], [22, 20, 1, 19], [8, 2, 9, 1], [6, 21, 7, 22], [20, 7, 21, 8], [12, 4, 13, 3], [15, 19, 16, 18], [9, 17, 10, 16], [17, 11, 18, 10]]"
11n_88_190,"[[17, 11, 18, 10], [14, 6, 15, 5], [2, 12, 3, 11], [4, 14, 5, 13], [22, 20, 1, 19], [8, 2, 9, 1], [6, 21, 7, 22], [20, 7, 21, 8], [12, 4, 13, 3], [15, 19, 16, 18], [9, 17, 10, 16]]"
11n_88_191,"[[9, 17, 10, 16], [17, 11, 18, 10], [14, 6, 15, 5], [2, 12, 3, 11], [4, 14, 5, 13], [22, 20, 1, 19], [8, 2, 9, 1], [6, 21, 7, 22], [20, 7, 21, 8], [12, 4, 13, 3], [15, 19, 16, 18]]"
11n_88_192,"[[15, 19, 16, 18], [9, 17, 10, 16], [17, 11, 18, 10], [14, 6, 15, 5], [2, 12, 3, 11], [4, 14, 5, 13], [22, 20, 1, 19], [8, 2, 9, 1], [6, 21, 7, 22], [20, 7, 21, 8], [12, 4, 13, 3]]"
11n_88_193,"[[12, 4, 13, 3], [15, 19, 16, 18], [9, 17, 10, 16], [17, 11, 18, 10], [14, 6, 15, 5], [2, 12, 3, 11], [4, 14, 5, 13], [22, 20, 1, 19], [8, 2, 9, 1], [6, 21, 7, 22], [20, 7, 21, 8]]"
11n_88_194,"[[20, 7, 21, 8], [12, 4, 13, 3], [15, 19, 16, 18], [9, 17, 10, 16], [17, 11, 18, 10], [14, 6, 15, 5], [2, 12, 3, 11], [4, 14, 5, 13], [22, 20, 1, 19], [8, 2, 9, 1], [6, 21, 7, 22]]"
11n_88_195,"[[6, 21, 7, 22], [20, 7, 21, 8], [12, 4, 13, 3], [15, 19, 16, 18], [9, 17, 10, 16], [17, 11, 18, 10], [14, 6, 15, 5], [2, 12, 3, 11], [4, 14, 5, 13], [22, 20, 1, 19], [8, 2, 9, 1]]"
11n_88_196,"[[8, 2, 9, 1], [6, 21, 7, 22], [20, 7, 21, 8], [12, 4, 13, 3], [15, 19, 16, 18], [9, 17, 10, 16], [17, 11, 18, 10], [14, 6, 15, 5], [2, 12, 3, 11], [4, 14, 5, 13], [22, 20, 1, 19]]"
11n_88_197,"[[22, 20, 1, 19], [8, 2, 9, 1], [6, 21, 7, 22], [20, 7, 21, 8], [12, 4, 13, 3], [15, 19, 16, 18], [9, 17, 10, 16], [17, 11, 18, 10], [14, 6, 15, 5], [2, 12, 3, 11], [4, 14, 5, 13]]"
11n_88_198,"[[5, 15, 6, 14], [1, 21, 2, 20], [9, 3, 10, 2], [7, 22, 8, 1], [21, 8, 22, 9], [13, 5, 14, 4], [16, 20, 17, 19], [10, 18, 11, 17], [18, 12, 19, 11], [15, 7, 16, 6], [3, 13, 4, 12]]"
11n_88_199,"[[3, 13, 4, 12], [5, 15, 6, 14], [1, 21, 2, 20], [9, 3, 10, 2], [7, 22, 8, 1], [21, 8, 22, 9], [13, 5, 14, 4], [16, 20, 17, 19], [10, 18, 11, 17], [18, 12, 19, 11], [15, 7, 16, 6]]"
11n_88_200,"[[15, 7, 16, 6], [3, 13, 4, 12], [5, 15, 6, 14], [1, 21, 2, 20], [9, 3, 10, 2], [7, 22, 8, 1], [21, 8, 22, 9], [13, 5, 14, 4], [16, 20, 17, 19], [10, 18, 11, 17], [18, 12, 19, 11]]"
11n_88_201,"[[18, 12, 19, 11], [15, 7, 16, 6], [3, 13, 4, 12], [5, 15, 6, 14], [1, 21, 2, 20], [9, 3, 10, 2], [7, 22, 8, 1], [21, 8, 22, 9], [13, 5, 14, 4], [16, 20, 17, 19], [10, 18, 11, 17]]"
11n_88_202,"[[10, 18, 11, 17], [18, 12, 19, 11], [15, 7, 16, 6], [3, 13, 4, 12], [5, 15, 6, 14], [1, 21, 2, 20], [9, 3, 10, 2], [7, 22, 8, 1], [21, 8, 22, 9], [13, 5, 14, 4], [16, 20, 17, 19]]"
11n_88_203,"[[16, 20, 17, 19], [10, 18, 11, 17], [18, 12, 19, 11], [15, 7, 16, 6], [3, 13, 4, 12], [5, 15, 6, 14], [1, 21, 2, 20], [9, 3, 10, 2], [7, 22, 8, 1], [21, 8, 22, 9], [13, 5, 14, 4]]"
11n_88_204,"[[13, 5, 14, 4], [16, 20, 17, 19], [10, 18, 11, 17], [18, 12, 19, 11], [15, 7, 16, 6], [3, 13, 4, 12], [5, 15, 6, 14], [1, 21, 2, 20], [9, 3, 10, 2], [7, 22, 8, 1], [21, 8, 22, 9]]"
