name,pd_notation
11n_95_0,"[[3, 11, 4, 10], [5, 3, 6, 2], [11, 5, 12, 4], [12, 22, 13, 21], [8, 14, 9, 13], [20, 10, 21, 9], [19, 15, 20, 14], [15, 7, 16, 6], [7, 19, 8, 18], [16, 1, 17, 2], [22, 17, 1, 18]]"
11n_95_1,"[[22, 17, 1, 18], [3, 11, 4, 10], [5, 3, 6, 2], [11, 5, 12, 4], [12, 22, 13, 21], [8, 14, 9, 13], [20, 10, 21, 9], [19, 15, 20, 14], [15, 7, 16, 6], [7, 19, 8, 18], [16, 1, 17, 2]]"
11n_95_2,"[[16, 1, 17, 2], [22, 17, 1, 18], [3, 11, 4, 10], [5, 3, 6, 2], [11, 5, 12, 4], [12, 22, 13, 21], [8, 14, 9, 13], [20, 10, 21, 9], [19, 15, 20, 14], [15, 7, 16, 6], [7, 19, 8, 18]]"
11n_95_3,"[[7, 19, 8, 18], [16, 1, 17, 2], [22, 17, 1, 18], [3, 11, 4, 10], [5, 3, 6, 2], [11, 5, 12, 4], [12, 22, 13, 21], [8, 14, 9, 13], [20, 10, 21, 9], [19, 15, 20, 14], [15, 7, 16, 6]]"
11n_95_4,"[[15, 7, 16, 6], [7, 19, 8, 18], [16, 1, 17, 2], [22, 17, 1, 18], [3, 11, 4, 10], [5, 3, 6, 2], [11, 5, 12, 4], [12, 22, 13, 21], [8, 14, 9, 13], [20, 10, 21, 9], [19, 15, 20, 14]]"
11n_95_5,"[[19, 15, 20, 14], [15, 7, 16, 6], [7, 19, 8, 18], [16, 1, 17, 2], [22, 17, 1, 18], [3, 11, 4, 10], [5, 3, 6, 2], [11, 5, 12, 4], [12, 22, 13, 21], [8, 14, 9, 13], [20, 10, 21, 9]]"
11n_95_6,"[[20, 10, 21, 9], [19, 15, 20, 14], [15, 7, 16, 6], [7, 19, 8, 18], [16, 1, 17, 2], [22, 17, 1, 18], [3, 11, 4, 10], [5, 3, 6, 2], [11, 5, 12, 4], [12, 22, 13, 21], [8, 14, 9, 13]]"
11n_95_7,"[[8, 14, 9, 13], [20, 10, 21, 9], [19, 15, 20, 14], [15, 7, 16, 6], [7, 19, 8, 18], [16, 1, 17, 2], [22, 17, 1, 18], [3, 11, 4, 10], [5, 3, 6, 2], [11, 5, 12, 4], [12, 22, 13, 21]]"
11n_95_8,"[[12, 22, 13, 21], [8, 14, 9, 13], [20, 10, 21, 9], [19, 15, 20, 14], [15, 7, 16, 6], [7, 19, 8, 18], [16, 1, 17, 2], [22, 17, 1, 18], [3, 11, 4, 10], [5, 3, 6, 2], [11, 5, 12, 4]]"
11n_95_9,"[[11, 5, 12, 4], [12, 22, 13, 21], [8, 14, 9, 13], [20, 10, 21, 9], [19, 15, 20, 14], [15, 7, 16, 6], [7, 19, 8, 18], [16, 1, 17, 2], [22, 17, 1, 18], [3, 11, 4, 10], [5, 3, 6, 2]]"
11n_95_10,"[[5, 3, 6, 2], [11, 5, 12, 4], [12, 22, 13, 21], [8, 14, 9, 13], [20, 10, 21, 9], [19, 15, 20, 14], [15, 7, 16, 6], [7, 19, 8, 18], [16, 1, 17, 2], [22, 17, 1, 18], [3, 11, 4, 10]]"
11n_95_11,"[[4, 12, 5, 11], [6, 4, 7, 3], [12, 6, 13, 5], [13, 1, 14, 22], [9, 15, 10, 14], [21, 11, 22, 10], [20, 16, 21, 15], [16, 8, 17, 7], [8, 20, 9, 19], [17, 2, 18, 3], [1, 18, 2, 19]]"
11n_95_12,"[[1, 18, 2, 19], [4, 12, 5, 11], [6, 4, 7, 3], [12, 6, 13, 5], [13, 1, 14, 22], [9, 15, 10, 14], [21, 11, 22, 10], [20, 16, 21, 15], [16, 8, 17, 7], [8, 20, 9, 19], [17, 2, 18, 3]]"
11n_95_13,"[[17, 2, 18, 3], [1, 18, 2, 19], [4, 12, 5, 11], [6, 4, 7, 3], [12, 6, 13, 5], [13, 1, 14, 22], [9, 15, 10, 14], [21, 11, 22, 10], [20, 16, 21, 15], [16, 8, 17, 7], [8, 20, 9, 19]]"
11n_95_14,"[[8, 20, 9, 19], [17, 2, 18, 3], [1, 18, 2, 19], [4, 12, 5, 11], [6, 4, 7, 3], [12, 6, 13, 5], [13, 1, 14, 22], [9, 15, 10, 14], [21, 11, 22, 10], [20, 16, 21, 15], [16, 8, 17, 7]]"
11n_95_15,"[[16, 8, 17, 7], [8, 20, 9, 19], [17, 2, 18, 3], [1, 18, 2, 19], [4, 12, 5, 11], [6, 4, 7, 3], [12, 6, 13, 5], [13, 1, 14, 22], [9, 15, 10, 14], [21, 11, 22, 10], [20, 16, 21, 15]]"
11n_95_16,"[[20, 16, 21, 15], [16, 8, 17, 7], [8, 20, 9, 19], [17, 2, 18, 3], [1, 18, 2, 19], [4, 12, 5, 11], [6, 4, 7, 3], [12, 6, 13, 5], [13, 1, 14, 22], [9, 15, 10, 14], [21, 11, 22, 10]]"
11n_95_17,"[[21, 11, 22, 10], [20, 16, 21, 15], [16, 8, 17, 7], [8, 20, 9, 19], [17, 2, 18, 3], [1, 18, 2, 19], [4, 12, 5, 11], [6, 4, 7, 3], [12, 6, 13, 5], [13, 1, 14, 22], [9, 15, 10, 14]]"
11n_95_18,"[[9, 15, 10, 14], [21, 11, 22, 10], [20, 16, 21, 15], [16, 8, 17, 7], [8, 20, 9, 19], [17, 2, 18, 3], [1, 18, 2, 19], [4, 12, 5, 11], [6, 4, 7, 3], [12, 6, 13, 5], [13, 1, 14, 22]]"
11n_95_19,"[[13, 1, 14, 22], [9, 15, 10, 14], [21, 11, 22, 10], [20, 16, 21, 15], [16, 8, 17, 7], [8, 20, 9, 19], [17, 2, 18, 3], [1, 18, 2, 19], [4, 12, 5, 11], [6, 4, 7, 3], [12, 6, 13, 5]]"
11n_95_20,"[[12, 6, 13, 5], [13, 1, 14, 22], [9, 15, 10, 14], [21, 11, 22, 10], [20, 16, 21, 15], [16, 8, 17, 7], [8, 20, 9, 19], [17, 2, 18, 3], [1, 18, 2, 19], [4, 12, 5, 11], [6, 4, 7, 3]]"
11n_95_21,"[[6, 4, 7, 3], [12, 6, 13, 5], [13, 1, 14, 22], [9, 15, 10, 14], [21, 11, 22, 10], [20, 16, 21, 15], [16, 8, 17, 7], [8, 20, 9, 19], [17, 2, 18, 3], [1, 18, 2, 19], [4, 12, 5, 11]]"
11n_95_22,"[[5, 13, 6, 12], [7, 5, 8, 4], [13, 7, 14, 6], [14, 2, 15, 1], [10, 16, 11, 15], [22, 12, 1, 11], [21, 17, 22, 16], [17, 9, 18, 8], [9, 21, 10, 20], [18, 3, 19, 4], [2, 19, 3, 20]]"
11n_95_23,"[[2, 19, 3, 20], [5, 13, 6, 12], [7, 5, 8, 4], [13, 7, 14, 6], [14, 2, 15, 1], [10, 16, 11, 15], [22, 12, 1, 11], [21, 17, 22, 16], [17, 9, 18, 8], [9, 21, 10, 20], [18, 3, 19, 4]]"
11n_95_24,"[[18, 3, 19, 4], [2, 19, 3, 20], [5, 13, 6, 12], [7, 5, 8, 4], [13, 7, 14, 6], [14, 2, 15, 1], [10, 16, 11, 15], [22, 12, 1, 11], [21, 17, 22, 16], [17, 9, 18, 8], [9, 21, 10, 20]]"
11n_95_25,"[[9, 21, 10, 20], [18, 3, 19, 4], [2, 19, 3, 20], [5, 13, 6, 12], [7, 5, 8, 4], [13, 7, 14, 6], [14, 2, 15, 1], [10, 16, 11, 15], [22, 12, 1, 11], [21, 17, 22, 16], [17, 9, 18, 8]]"
11n_95_26,"[[17, 9, 18, 8], [9, 21, 10, 20], [18, 3, 19, 4], [2, 19, 3, 20], [5, 13, 6, 12], [7, 5, 8, 4], [13, 7, 14, 6], [14, 2, 15, 1], [10, 16, 11, 15], [22, 12, 1, 11], [21, 17, 22, 16]]"
11n_95_27,"[[21, 17, 22, 16], [17, 9, 18, 8], [9, 21, 10, 20], [18, 3, 19, 4], [2, 19, 3, 20], [5, 13, 6, 12], [7, 5, 8, 4], [13, 7, 14, 6], [14, 2, 15, 1], [10, 16, 11, 15], [22, 12, 1, 11]]"
11n_95_28,"[[22, 12, 1, 11], [21, 17, 22, 16], [17, 9, 18, 8], [9, 21, 10, 20], [18, 3, 19, 4], [2, 19, 3, 20], [5, 13, 6, 12], [7, 5, 8, 4], [13, 7, 14, 6], [14, 2, 15, 1], [10, 16, 11, 15]]"
11n_95_29,"[[10, 16, 11, 15], [22, 12, 1, 11], [21, 17, 22, 16], [17, 9, 18, 8], [9, 21, 10, 20], [18, 3, 19, 4], [2, 19, 3, 20], [5, 13, 6, 12], [7, 5, 8, 4], [13, 7, 14, 6], [14, 2, 15, 1]]"
11n_95_30,"[[14, 2, 15, 1], [10, 16, 11, 15], [22, 12, 1, 11], [21, 17, 22, 16], [17, 9, 18, 8], [9, 21, 10, 20], [18, 3, 19, 4], [2, 19, 3, 20], [5, 13, 6, 12], [7, 5, 8, 4], [13, 7, 14, 6]]"
11n_95_31,"[[13, 7, 14, 6], [14, 2, 15, 1], [10, 16, 11, 15], [22, 12, 1, 11], [21, 17, 22, 16], [17, 9, 18, 8], [9, 21, 10, 20], [18, 3, 19, 4], [2, 19, 3, 20], [5, 13, 6, 12], [7, 5, 8, 4]]"
11n_95_32,"[[7, 5, 8, 4], [13, 7, 14, 6], [14, 2, 15, 1], [10, 16, 11, 15], [22, 12, 1, 11], [21, 17, 22, 16], [17, 9, 18, 8], [9, 21, 10, 20], [18, 3, 19, 4], [2, 19, 3, 20], [5, 13, 6, 12]]"
11n_95_33,"[[6, 14, 7, 13], [8, 6, 9, 5], [14, 8, 15, 7], [15, 3, 16, 2], [11, 17, 12, 16], [1, 13, 2, 12], [22, 18, 1, 17], [18, 10, 19, 9], [10, 22, 11, 21], [19, 4, 20, 5], [3, 20, 4, 21]]"
11n_95_34,"[[3, 20, 4, 21], [6, 14, 7, 13], [8, 6, 9, 5], [14, 8, 15, 7], [15, 3, 16, 2], [11, 17, 12, 16], [1, 13, 2, 12], [22, 18, 1, 17], [18, 10, 19, 9], [10, 22, 11, 21], [19, 4, 20, 5]]"
11n_95_35,"[[19, 4, 20, 5], [3, 20, 4, 21], [6, 14, 7, 13], [8, 6, 9, 5], [14, 8, 15, 7], [15, 3, 16, 2], [11, 17, 12, 16], [1, 13, 2, 12], [22, 18, 1, 17], [18, 10, 19, 9], [10, 22, 11, 21]]"
11n_95_36,"[[10, 22, 11, 21], [19, 4, 20, 5], [3, 20, 4, 21], [6, 14, 7, 13], [8, 6, 9, 5], [14, 8, 15, 7], [15, 3, 16, 2], [11, 17, 12, 16], [1, 13, 2, 12], [22, 18, 1, 17], [18, 10, 19, 9]]"
11n_95_37,"[[18, 10, 19, 9], [10, 22, 11, 21], [19, 4, 20, 5], [3, 20, 4, 21], [6, 14, 7, 13], [8, 6, 9, 5], [14, 8, 15, 7], [15, 3, 16, 2], [11, 17, 12, 16], [1, 13, 2, 12], [22, 18, 1, 17]]"
11n_95_38,"[[22, 18, 1, 17], [18, 10, 19, 9], [10, 22, 11, 21], [19, 4, 20, 5], [3, 20, 4, 21], [6, 14, 7, 13], [8, 6, 9, 5], [14, 8, 15, 7], [15, 3, 16, 2], [11, 17, 12, 16], [1, 13, 2, 12]]"
11n_95_39,"[[1, 13, 2, 12], [22, 18, 1, 17], [18, 10, 19, 9], [10, 22, 11, 21], [19, 4, 20, 5], [3, 20, 4, 21], [6, 14, 7, 13], [8, 6, 9, 5], [14, 8, 15, 7], [15, 3, 16, 2], [11, 17, 12, 16]]"
11n_95_40,"[[11, 17, 12, 16], [1, 13, 2, 12], [22, 18, 1, 17], [18, 10, 19, 9], [10, 22, 11, 21], [19, 4, 20, 5], [3, 20, 4, 21], [6, 14, 7, 13], [8, 6, 9, 5], [14, 8, 15, 7], [15, 3, 16, 2]]"
11n_95_41,"[[15, 3, 16, 2], [11, 17, 12, 16], [1, 13, 2, 12], [22, 18, 1, 17], [18, 10, 19, 9], [10, 22, 11, 21], [19, 4, 20, 5], [3, 20, 4, 21], [6, 14, 7, 13], [8, 6, 9, 5], [14, 8, 15, 7]]"
11n_95_42,"[[14, 8, 15, 7], [15, 3, 16, 2], [11, 17, 12, 16], [1, 13, 2, 12], [22, 18, 1, 17], [18, 10, 19, 9], [10, 22, 11, 21], [19, 4, 20, 5], [3, 20, 4, 21], [6, 14, 7, 13], [8, 6, 9, 5]]"
11n_95_43,"[[8, 6, 9, 5], [14, 8, 15, 7], [15, 3, 16, 2], [11, 17, 12, 16], [1, 13, 2, 12], [22, 18, 1, 17], [18, 10, 19, 9], [10, 22, 11, 21], [19, 4, 20, 5], [3, 20, 4, 21], [6, 14, 7, 13]]"
11n_95_44,"[[7, 15, 8, 14], [9, 7, 10, 6], [15, 9, 16, 8], [16, 4, 17, 3], [12, 18, 13, 17], [2, 14, 3, 13], [1, 19, 2, 18], [19, 11, 20, 10], [11, 1, 12, 22], [20, 5, 21, 6], [4, 21, 5, 22]]"
11n_95_45,"[[4, 21, 5, 22], [7, 15, 8, 14], [9, 7, 10, 6], [15, 9, 16, 8], [16, 4, 17, 3], [12, 18, 13, 17], [2, 14, 3, 13], [1, 19, 2, 18], [19, 11, 20, 10], [11, 1, 12, 22], [20, 5, 21, 6]]"
11n_95_46,"[[20, 5, 21, 6], [4, 21, 5, 22], [7, 15, 8, 14], [9, 7, 10, 6], [15, 9, 16, 8], [16, 4, 17, 3], [12, 18, 13, 17], [2, 14, 3, 13], [1, 19, 2, 18], [19, 11, 20, 10], [11, 1, 12, 22]]"
11n_95_47,"[[11, 1, 12, 22], [20, 5, 21, 6], [4, 21, 5, 22], [7, 15, 8, 14], [9, 7, 10, 6], [15, 9, 16, 8], [16, 4, 17, 3], [12, 18, 13, 17], [2, 14, 3, 13], [1, 19, 2, 18], [19, 11, 20, 10]]"
11n_95_48,"[[19, 11, 20, 10], [11, 1, 12, 22], [20, 5, 21, 6], [4, 21, 5, 22], [7, 15, 8, 14], [9, 7, 10, 6], [15, 9, 16, 8], [16, 4, 17, 3], [12, 18, 13, 17], [2, 14, 3, 13], [1, 19, 2, 18]]"
11n_95_49,"[[1, 19, 2, 18], [19, 11, 20, 10], [11, 1, 12, 22], [20, 5, 21, 6], [4, 21, 5, 22], [7, 15, 8, 14], [9, 7, 10, 6], [15, 9, 16, 8], [16, 4, 17, 3], [12, 18, 13, 17], [2, 14, 3, 13]]"
11n_95_50,"[[2, 14, 3, 13], [1, 19, 2, 18], [19, 11, 20, 10], [11, 1, 12, 22], [20, 5, 21, 6], [4, 21, 5, 22], [7, 15, 8, 14], [9, 7, 10, 6], [15, 9, 16, 8], [16, 4, 17, 3], [12, 18, 13, 17]]"
11n_95_51,"[[12, 18, 13, 17], [2, 14, 3, 13], [1, 19, 2, 18], [19, 11, 20, 10], [11, 1, 12, 22], [20, 5, 21, 6], [4, 21, 5, 22], [7, 15, 8, 14], [9, 7, 10, 6], [15, 9, 16, 8], [16, 4, 17, 3]]"
11n_95_52,"[[16, 4, 17, 3], [12, 18, 13, 17], [2, 14, 3, 13], [1, 19, 2, 18], [19, 11, 20, 10], [11, 1, 12, 22], [20, 5, 21, 6], [4, 21, 5, 22], [7, 15, 8, 14], [9, 7, 10, 6], [15, 9, 16, 8]]"
11n_95_53,"[[15, 9, 16, 8], [16, 4, 17, 3], [12, 18, 13, 17], [2, 14, 3, 13], [1, 19, 2, 18], [19, 11, 20, 10], [11, 1, 12, 22], [20, 5, 21, 6], [4, 21, 5, 22], [7, 15, 8, 14], [9, 7, 10, 6]]"
11n_95_54,"[[9, 7, 10, 6], [15, 9, 16, 8], [16, 4, 17, 3], [12, 18, 13, 17], [2, 14, 3, 13], [1, 19, 2, 18], [19, 11, 20, 10], [11, 1, 12, 22], [20, 5, 21, 6], [4, 21, 5, 22], [7, 15, 8, 14]]"
11n_95_55,"[[8, 16, 9, 15], [10, 8, 11, 7], [16, 10, 17, 9], [17, 5, 18, 4], [13, 19, 14, 18], [3, 15, 4, 14], [2, 20, 3, 19], [20, 12, 21, 11], [12, 2, 13, 1], [21, 6, 22, 7], [5, 22, 6, 1]]"
11n_95_56,"[[5, 22, 6, 1], [8, 16, 9, 15], [10, 8, 11, 7], [16, 10, 17, 9], [17, 5, 18, 4], [13, 19, 14, 18], [3, 15, 4, 14], [2, 20, 3, 19], [20, 12, 21, 11], [12, 2, 13, 1], [21, 6, 22, 7]]"
11n_95_57,"[[21, 6, 22, 7], [5, 22, 6, 1], [8, 16, 9, 15], [10, 8, 11, 7], [16, 10, 17, 9], [17, 5, 18, 4], [13, 19, 14, 18], [3, 15, 4, 14], [2, 20, 3, 19], [20, 12, 21, 11], [12, 2, 13, 1]]"
11n_95_58,"[[12, 2, 13, 1], [21, 6, 22, 7], [5, 22, 6, 1], [8, 16, 9, 15], [10, 8, 11, 7], [16, 10, 17, 9], [17, 5, 18, 4], [13, 19, 14, 18], [3, 15, 4, 14], [2, 20, 3, 19], [20, 12, 21, 11]]"
11n_95_59,"[[20, 12, 21, 11], [12, 2, 13, 1], [21, 6, 22, 7], [5, 22, 6, 1], [8, 16, 9, 15], [10, 8, 11, 7], [16, 10, 17, 9], [17, 5, 18, 4], [13, 19, 14, 18], [3, 15, 4, 14], [2, 20, 3, 19]]"
11n_95_60,"[[2, 20, 3, 19], [20, 12, 21, 11], [12, 2, 13, 1], [21, 6, 22, 7], [5, 22, 6, 1], [8, 16, 9, 15], [10, 8, 11, 7], [16, 10, 17, 9], [17, 5, 18, 4], [13, 19, 14, 18], [3, 15, 4, 14]]"
11n_95_61,"[[3, 15, 4, 14], [2, 20, 3, 19], [20, 12, 21, 11], [12, 2, 13, 1], [21, 6, 22, 7], [5, 22, 6, 1], [8, 16, 9, 15], [10, 8, 11, 7], [16, 10, 17, 9], [17, 5, 18, 4], [13, 19, 14, 18]]"
11n_95_62,"[[13, 19, 14, 18], [3, 15, 4, 14], [2, 20, 3, 19], [20, 12, 21, 11], [12, 2, 13, 1], [21, 6, 22, 7], [5, 22, 6, 1], [8, 16, 9, 15], [10, 8, 11, 7], [16, 10, 17, 9], [17, 5, 18, 4]]"
11n_95_63,"[[17, 5, 18, 4], [13, 19, 14, 18], [3, 15, 4, 14], [2, 20, 3, 19], [20, 12, 21, 11], [12, 2, 13, 1], [21, 6, 22, 7], [5, 22, 6, 1], [8, 16, 9, 15], [10, 8, 11, 7], [16, 10, 17, 9]]"
11n_95_64,"[[16, 10, 17, 9], [17, 5, 18, 4], [13, 19, 14, 18], [3, 15, 4, 14], [2, 20, 3, 19], [20, 12, 21, 11], [12, 2, 13, 1], [21, 6, 22, 7], [5, 22, 6, 1], [8, 16, 9, 15], [10, 8, 11, 7]]"
11n_95_65,"[[10, 8, 11, 7], [16, 10, 17, 9], [17, 5, 18, 4], [13, 19, 14, 18], [3, 15, 4, 14], [2, 20, 3, 19], [20, 12, 21, 11], [12, 2, 13, 1], [21, 6, 22, 7], [5, 22, 6, 1], [8, 16, 9, 15]]"
11n_95_66,"[[9, 17, 10, 16], [11, 9, 12, 8], [17, 11, 18, 10], [18, 6, 19, 5], [14, 20, 15, 19], [4, 16, 5, 15], [3, 21, 4, 20], [21, 13, 22, 12], [13, 3, 14, 2], [22, 7, 1, 8], [6, 1, 7, 2]]"
11n_95_67,"[[6, 1, 7, 2], [9, 17, 10, 16], [11, 9, 12, 8], [17, 11, 18, 10], [18, 6, 19, 5], [14, 20, 15, 19], [4, 16, 5, 15], [3, 21, 4, 20], [21, 13, 22, 12], [13, 3, 14, 2], [22, 7, 1, 8]]"
11n_95_68,"[[22, 7, 1, 8], [6, 1, 7, 2], [9, 17, 10, 16], [11, 9, 12, 8], [17, 11, 18, 10], [18, 6, 19, 5], [14, 20, 15, 19], [4, 16, 5, 15], [3, 21, 4, 20], [21, 13, 22, 12], [13, 3, 14, 2]]"
11n_95_69,"[[13, 3, 14, 2], [22, 7, 1, 8], [6, 1, 7, 2], [9, 17, 10, 16], [11, 9, 12, 8], [17, 11, 18, 10], [18, 6, 19, 5], [14, 20, 15, 19], [4, 16, 5, 15], [3, 21, 4, 20], [21, 13, 22, 12]]"
11n_95_70,"[[21, 13, 22, 12], [13, 3, 14, 2], [22, 7, 1, 8], [6, 1, 7, 2], [9, 17, 10, 16], [11, 9, 12, 8], [17, 11, 18, 10], [18, 6, 19, 5], [14, 20, 15, 19], [4, 16, 5, 15], [3, 21, 4, 20]]"
11n_95_71,"[[3, 21, 4, 20], [21, 13, 22, 12], [13, 3, 14, 2], [22, 7, 1, 8], [6, 1, 7, 2], [9, 17, 10, 16], [11, 9, 12, 8], [17, 11, 18, 10], [18, 6, 19, 5], [14, 20, 15, 19], [4, 16, 5, 15]]"
11n_95_72,"[[4, 16, 5, 15], [3, 21, 4, 20], [21, 13, 22, 12], [13, 3, 14, 2], [22, 7, 1, 8], [6, 1, 7, 2], [9, 17, 10, 16], [11, 9, 12, 8], [17, 11, 18, 10], [18, 6, 19, 5], [14, 20, 15, 19]]"
11n_95_73,"[[14, 20, 15, 19], [4, 16, 5, 15], [3, 21, 4, 20], [21, 13, 22, 12], [13, 3, 14, 2], [22, 7, 1, 8], [6, 1, 7, 2], [9, 17, 10, 16], [11, 9, 12, 8], [17, 11, 18, 10], [18, 6, 19, 5]]"
11n_95_74,"[[18, 6, 19, 5], [14, 20, 15, 19], [4, 16, 5, 15], [3, 21, 4, 20], [21, 13, 22, 12], [13, 3, 14, 2], [22, 7, 1, 8], [6, 1, 7, 2], [9, 17, 10, 16], [11, 9, 12, 8], [17, 11, 18, 10]]"
11n_95_75,"[[17, 11, 18, 10], [18, 6, 19, 5], [14, 20, 15, 19], [4, 16, 5, 15], [3, 21, 4, 20], [21, 13, 22, 12], [13, 3, 14, 2], [22, 7, 1, 8], [6, 1, 7, 2], [9, 17, 10, 16], [11, 9, 12, 8]]"
11n_95_76,"[[11, 9, 12, 8], [17, 11, 18, 10], [18, 6, 19, 5], [14, 20, 15, 19], [4, 16, 5, 15], [3, 21, 4, 20], [21, 13, 22, 12], [13, 3, 14, 2], [22, 7, 1, 8], [6, 1, 7, 2], [9, 17, 10, 16]]"
11n_95_77,"[[10, 18, 11, 17], [12, 10, 13, 9], [18, 12, 19, 11], [19, 7, 20, 6], [15, 21, 16, 20], [5, 17, 6, 16], [4, 22, 5, 21], [22, 14, 1, 13], [14, 4, 15, 3], [1, 8, 2, 9], [7, 2, 8, 3]]"
11n_95_78,"[[7, 2, 8, 3], [10, 18, 11, 17], [12, 10, 13, 9], [18, 12, 19, 11], [19, 7, 20, 6], [15, 21, 16, 20], [5, 17, 6, 16], [4, 22, 5, 21], [22, 14, 1, 13], [14, 4, 15, 3], [1, 8, 2, 9]]"
11n_95_79,"[[1, 8, 2, 9], [7, 2, 8, 3], [10, 18, 11, 17], [12, 10, 13, 9], [18, 12, 19, 11], [19, 7, 20, 6], [15, 21, 16, 20], [5, 17, 6, 16], [4, 22, 5, 21], [22, 14, 1, 13], [14, 4, 15, 3]]"
11n_95_80,"[[14, 4, 15, 3], [1, 8, 2, 9], [7, 2, 8, 3], [10, 18, 11, 17], [12, 10, 13, 9], [18, 12, 19, 11], [19, 7, 20, 6], [15, 21, 16, 20], [5, 17, 6, 16], [4, 22, 5, 21], [22, 14, 1, 13]]"
11n_95_81,"[[22, 14, 1, 13], [14, 4, 15, 3], [1, 8, 2, 9], [7, 2, 8, 3], [10, 18, 11, 17], [12, 10, 13, 9], [18, 12, 19, 11], [19, 7, 20, 6], [15, 21, 16, 20], [5, 17, 6, 16], [4, 22, 5, 21]]"
11n_95_82,"[[4, 22, 5, 21], [22, 14, 1, 13], [14, 4, 15, 3], [1, 8, 2, 9], [7, 2, 8, 3], [10, 18, 11, 17], [12, 10, 13, 9], [18, 12, 19, 11], [19, 7, 20, 6], [15, 21, 16, 20], [5, 17, 6, 16]]"
11n_95_83,"[[5, 17, 6, 16], [4, 22, 5, 21], [22, 14, 1, 13], [14, 4, 15, 3], [1, 8, 2, 9], [7, 2, 8, 3], [10, 18, 11, 17], [12, 10, 13, 9], [18, 12, 19, 11], [19, 7, 20, 6], [15, 21, 16, 20]]"
11n_95_84,"[[15, 21, 16, 20], [5, 17, 6, 16], [4, 22, 5, 21], [22, 14, 1, 13], [14, 4, 15, 3], [1, 8, 2, 9], [7, 2, 8, 3], [10, 18, 11, 17], [12, 10, 13, 9], [18, 12, 19, 11], [19, 7, 20, 6]]"
11n_95_85,"[[19, 7, 20, 6], [15, 21, 16, 20], [5, 17, 6, 16], [4, 22, 5, 21], [22, 14, 1, 13], [14, 4, 15, 3], [1, 8, 2, 9], [7, 2, 8, 3], [10, 18, 11, 17], [12, 10, 13, 9], [18, 12, 19, 11]]"
11n_95_86,"[[18, 12, 19, 11], [19, 7, 20, 6], [15, 21, 16, 20], [5, 17, 6, 16], [4, 22, 5, 21], [22, 14, 1, 13], [14, 4, 15, 3], [1, 8, 2, 9], [7, 2, 8, 3], [10, 18, 11, 17], [12, 10, 13, 9]]"
11n_95_87,"[[12, 10, 13, 9], [18, 12, 19, 11], [19, 7, 20, 6], [15, 21, 16, 20], [5, 17, 6, 16], [4, 22, 5, 21], [22, 14, 1, 13], [14, 4, 15, 3], [1, 8, 2, 9], [7, 2, 8, 3], [10, 18, 11, 17]]"
11n_95_88,"[[11, 19, 12, 18], [13, 11, 14, 10], [19, 13, 20, 12], [20, 8, 21, 7], [16, 22, 17, 21], [6, 18, 7, 17], [5, 1, 6, 22], [1, 15, 2, 14], [15, 5, 16, 4], [2, 9, 3, 10], [8, 3, 9, 4]]"
11n_95_89,"[[8, 3, 9, 4], [11, 19, 12, 18], [13, 11, 14, 10], [19, 13, 20, 12], [20, 8, 21, 7], [16, 22, 17, 21], [6, 18, 7, 17], [5, 1, 6, 22], [1, 15, 2, 14], [15, 5, 16, 4], [2, 9, 3, 10]]"
11n_95_90,"[[2, 9, 3, 10], [8, 3, 9, 4], [11, 19, 12, 18], [13, 11, 14, 10], [19, 13, 20, 12], [20, 8, 21, 7], [16, 22, 17, 21], [6, 18, 7, 17], [5, 1, 6, 22], [1, 15, 2, 14], [15, 5, 16, 4]]"
11n_95_91,"[[15, 5, 16, 4], [2, 9, 3, 10], [8, 3, 9, 4], [11, 19, 12, 18], [13, 11, 14, 10], [19, 13, 20, 12], [20, 8, 21, 7], [16, 22, 17, 21], [6, 18, 7, 17], [5, 1, 6, 22], [1, 15, 2, 14]]"
11n_95_92,"[[1, 15, 2, 14], [15, 5, 16, 4], [2, 9, 3, 10], [8, 3, 9, 4], [11, 19, 12, 18], [13, 11, 14, 10], [19, 13, 20, 12], [20, 8, 21, 7], [16, 22, 17, 21], [6, 18, 7, 17], [5, 1, 6, 22]]"
11n_95_93,"[[5, 1, 6, 22], [1, 15, 2, 14], [15, 5, 16, 4], [2, 9, 3, 10], [8, 3, 9, 4], [11, 19, 12, 18], [13, 11, 14, 10], [19, 13, 20, 12], [20, 8, 21, 7], [16, 22, 17, 21], [6, 18, 7, 17]]"
11n_95_94,"[[6, 18, 7, 17], [5, 1, 6, 22], [1, 15, 2, 14], [15, 5, 16, 4], [2, 9, 3, 10], [8, 3, 9, 4], [11, 19, 12, 18], [13, 11, 14, 10], [19, 13, 20, 12], [20, 8, 21, 7], [16, 22, 17, 21]]"
11n_95_95,"[[16, 22, 17, 21], [6, 18, 7, 17], [5, 1, 6, 22], [1, 15, 2, 14], [15, 5, 16, 4], [2, 9, 3, 10], [8, 3, 9, 4], [11, 19, 12, 18], [13, 11, 14, 10], [19, 13, 20, 12], [20, 8, 21, 7]]"
11n_95_96,"[[20, 8, 21, 7], [16, 22, 17, 21], [6, 18, 7, 17], [5, 1, 6, 22], [1, 15, 2, 14], [15, 5, 16, 4], [2, 9, 3, 10], [8, 3, 9, 4], [11, 19, 12, 18], [13, 11, 14, 10], [19, 13, 20, 12]]"
11n_95_97,"[[19, 13, 20, 12], [20, 8, 21, 7], [16, 22, 17, 21], [6, 18, 7, 17], [5, 1, 6, 22], [1, 15, 2, 14], [15, 5, 16, 4], [2, 9, 3, 10], [8, 3, 9, 4], [11, 19, 12, 18], [13, 11, 14, 10]]"
11n_95_98,"[[13, 11, 14, 10], [19, 13, 20, 12], [20, 8, 21, 7], [16, 22, 17, 21], [6, 18, 7, 17], [5, 1, 6, 22], [1, 15, 2, 14], [15, 5, 16, 4], [2, 9, 3, 10], [8, 3, 9, 4], [11, 19, 12, 18]]"
11n_95_99,"[[12, 20, 13, 19], [14, 12, 15, 11], [20, 14, 21, 13], [21, 9, 22, 8], [17, 1, 18, 22], [7, 19, 8, 18], [6, 2, 7, 1], [2, 16, 3, 15], [16, 6, 17, 5], [3, 10, 4, 11], [9, 4, 10, 5]]"
11n_95_100,"[[9, 4, 10, 5], [12, 20, 13, 19], [14, 12, 15, 11], [20, 14, 21, 13], [21, 9, 22, 8], [17, 1, 18, 22], [7, 19, 8, 18], [6, 2, 7, 1], [2, 16, 3, 15], [16, 6, 17, 5], [3, 10, 4, 11]]"
11n_95_101,"[[3, 10, 4, 11], [9, 4, 10, 5], [12, 20, 13, 19], [14, 12, 15, 11], [20, 14, 21, 13], [21, 9, 22, 8], [17, 1, 18, 22], [7, 19, 8, 18], [6, 2, 7, 1], [2, 16, 3, 15], [16, 6, 17, 5]]"
11n_95_102,"[[16, 6, 17, 5], [3, 10, 4, 11], [9, 4, 10, 5], [12, 20, 13, 19], [14, 12, 15, 11], [20, 14, 21, 13], [21, 9, 22, 8], [17, 1, 18, 22], [7, 19, 8, 18], [6, 2, 7, 1], [2, 16, 3, 15]]"
11n_95_103,"[[2, 16, 3, 15], [16, 6, 17, 5], [3, 10, 4, 11], [9, 4, 10, 5], [12, 20, 13, 19], [14, 12, 15, 11], [20, 14, 21, 13], [21, 9, 22, 8], [17, 1, 18, 22], [7, 19, 8, 18], [6, 2, 7, 1]]"
11n_95_104,"[[6, 2, 7, 1], [2, 16, 3, 15], [16, 6, 17, 5], [3, 10, 4, 11], [9, 4, 10, 5], [12, 20, 13, 19], [14, 12, 15, 11], [20, 14, 21, 13], [21, 9, 22, 8], [17, 1, 18, 22], [7, 19, 8, 18]]"
11n_95_105,"[[7, 19, 8, 18], [6, 2, 7, 1], [2, 16, 3, 15], [16, 6, 17, 5], [3, 10, 4, 11], [9, 4, 10, 5], [12, 20, 13, 19], [14, 12, 15, 11], [20, 14, 21, 13], [21, 9, 22, 8], [17, 1, 18, 22]]"
11n_95_106,"[[17, 1, 18, 22], [7, 19, 8, 18], [6, 2, 7, 1], [2, 16, 3, 15], [16, 6, 17, 5], [3, 10, 4, 11], [9, 4, 10, 5], [12, 20, 13, 19], [14, 12, 15, 11], [20, 14, 21, 13], [21, 9, 22, 8]]"
11n_95_107,"[[21, 9, 22, 8], [17, 1, 18, 22], [7, 19, 8, 18], [6, 2, 7, 1], [2, 16, 3, 15], [16, 6, 17, 5], [3, 10, 4, 11], [9, 4, 10, 5], [12, 20, 13, 19], [14, 12, 15, 11], [20, 14, 21, 13]]"
11n_95_108,"[[20, 14, 21, 13], [21, 9, 22, 8], [17, 1, 18, 22], [7, 19, 8, 18], [6, 2, 7, 1], [2, 16, 3, 15], [16, 6, 17, 5], [3, 10, 4, 11], [9, 4, 10, 5], [12, 20, 13, 19], [14, 12, 15, 11]]"
11n_95_109,"[[14, 12, 15, 11], [20, 14, 21, 13], [21, 9, 22, 8], [17, 1, 18, 22], [7, 19, 8, 18], [6, 2, 7, 1], [2, 16, 3, 15], [16, 6, 17, 5], [3, 10, 4, 11], [9, 4, 10, 5], [12, 20, 13, 19]]"
11n_95_110,"[[13, 21, 14, 20], [15, 13, 16, 12], [21, 15, 22, 14], [22, 10, 1, 9], [18, 2, 19, 1], [8, 20, 9, 19], [7, 3, 8, 2], [3, 17, 4, 16], [17, 7, 18, 6], [4, 11, 5, 12], [10, 5, 11, 6]]"
11n_95_111,"[[10, 5, 11, 6], [13, 21, 14, 20], [15, 13, 16, 12], [21, 15, 22, 14], [22, 10, 1, 9], [18, 2, 19, 1], [8, 20, 9, 19], [7, 3, 8, 2], [3, 17, 4, 16], [17, 7, 18, 6], [4, 11, 5, 12]]"
11n_95_112,"[[4, 11, 5, 12], [10, 5, 11, 6], [13, 21, 14, 20], [15, 13, 16, 12], [21, 15, 22, 14], [22, 10, 1, 9], [18, 2, 19, 1], [8, 20, 9, 19], [7, 3, 8, 2], [3, 17, 4, 16], [17, 7, 18, 6]]"
11n_95_113,"[[17, 7, 18, 6], [4, 11, 5, 12], [10, 5, 11, 6], [13, 21, 14, 20], [15, 13, 16, 12], [21, 15, 22, 14], [22, 10, 1, 9], [18, 2, 19, 1], [8, 20, 9, 19], [7, 3, 8, 2], [3, 17, 4, 16]]"
11n_95_114,"[[3, 17, 4, 16], [17, 7, 18, 6], [4, 11, 5, 12], [10, 5, 11, 6], [13, 21, 14, 20], [15, 13, 16, 12], [21, 15, 22, 14], [22, 10, 1, 9], [18, 2, 19, 1], [8, 20, 9, 19], [7, 3, 8, 2]]"
11n_95_115,"[[7, 3, 8, 2], [3, 17, 4, 16], [17, 7, 18, 6], [4, 11, 5, 12], [10, 5, 11, 6], [13, 21, 14, 20], [15, 13, 16, 12], [21, 15, 22, 14], [22, 10, 1, 9], [18, 2, 19, 1], [8, 20, 9, 19]]"
11n_95_116,"[[8, 20, 9, 19], [7, 3, 8, 2], [3, 17, 4, 16], [17, 7, 18, 6], [4, 11, 5, 12], [10, 5, 11, 6], [13, 21, 14, 20], [15, 13, 16, 12], [21, 15, 22, 14], [22, 10, 1, 9], [18, 2, 19, 1]]"
11n_95_117,"[[18, 2, 19, 1], [8, 20, 9, 19], [7, 3, 8, 2], [3, 17, 4, 16], [17, 7, 18, 6], [4, 11, 5, 12], [10, 5, 11, 6], [13, 21, 14, 20], [15, 13, 16, 12], [21, 15, 22, 14], [22, 10, 1, 9]]"
11n_95_118,"[[22, 10, 1, 9], [18, 2, 19, 1], [8, 20, 9, 19], [7, 3, 8, 2], [3, 17, 4, 16], [17, 7, 18, 6], [4, 11, 5, 12], [10, 5, 11, 6], [13, 21, 14, 20], [15, 13, 16, 12], [21, 15, 22, 14]]"
11n_95_119,"[[21, 15, 22, 14], [22, 10, 1, 9], [18, 2, 19, 1], [8, 20, 9, 19], [7, 3, 8, 2], [3, 17, 4, 16], [17, 7, 18, 6], [4, 11, 5, 12], [10, 5, 11, 6], [13, 21, 14, 20], [15, 13, 16, 12]]"
11n_95_120,"[[15, 13, 16, 12], [21, 15, 22, 14], [22, 10, 1, 9], [18, 2, 19, 1], [8, 20, 9, 19], [7, 3, 8, 2], [3, 17, 4, 16], [17, 7, 18, 6], [4, 11, 5, 12], [10, 5, 11, 6], [13, 21, 14, 20]]"
11n_95_121,"[[14, 22, 15, 21], [16, 14, 17, 13], [22, 16, 1, 15], [1, 11, 2, 10], [19, 3, 20, 2], [9, 21, 10, 20], [8, 4, 9, 3], [4, 18, 5, 17], [18, 8, 19, 7], [5, 12, 6, 13], [11, 6, 12, 7]]"
11n_95_122,"[[11, 6, 12, 7], [14, 22, 15, 21], [16, 14, 17, 13], [22, 16, 1, 15], [1, 11, 2, 10], [19, 3, 20, 2], [9, 21, 10, 20], [8, 4, 9, 3], [4, 18, 5, 17], [18, 8, 19, 7], [5, 12, 6, 13]]"
11n_95_123,"[[5, 12, 6, 13], [11, 6, 12, 7], [14, 22, 15, 21], [16, 14, 17, 13], [22, 16, 1, 15], [1, 11, 2, 10], [19, 3, 20, 2], [9, 21, 10, 20], [8, 4, 9, 3], [4, 18, 5, 17], [18, 8, 19, 7]]"
11n_95_124,"[[18, 8, 19, 7], [5, 12, 6, 13], [11, 6, 12, 7], [14, 22, 15, 21], [16, 14, 17, 13], [22, 16, 1, 15], [1, 11, 2, 10], [19, 3, 20, 2], [9, 21, 10, 20], [8, 4, 9, 3], [4, 18, 5, 17]]"
11n_95_125,"[[4, 18, 5, 17], [18, 8, 19, 7], [5, 12, 6, 13], [11, 6, 12, 7], [14, 22, 15, 21], [16, 14, 17, 13], [22, 16, 1, 15], [1, 11, 2, 10], [19, 3, 20, 2], [9, 21, 10, 20], [8, 4, 9, 3]]"
11n_95_126,"[[8, 4, 9, 3], [4, 18, 5, 17], [18, 8, 19, 7], [5, 12, 6, 13], [11, 6, 12, 7], [14, 22, 15, 21], [16, 14, 17, 13], [22, 16, 1, 15], [1, 11, 2, 10], [19, 3, 20, 2], [9, 21, 10, 20]]"
11n_95_127,"[[9, 21, 10, 20], [8, 4, 9, 3], [4, 18, 5, 17], [18, 8, 19, 7], [5, 12, 6, 13], [11, 6, 12, 7], [14, 22, 15, 21], [16, 14, 17, 13], [22, 16, 1, 15], [1, 11, 2, 10], [19, 3, 20, 2]]"
11n_95_128,"[[19, 3, 20, 2], [9, 21, 10, 20], [8, 4, 9, 3], [4, 18, 5, 17], [18, 8, 19, 7], [5, 12, 6, 13], [11, 6, 12, 7], [14, 22, 15, 21], [16, 14, 17, 13], [22, 16, 1, 15], [1, 11, 2, 10]]"
11n_95_129,"[[1, 11, 2, 10], [19, 3, 20, 2], [9, 21, 10, 20], [8, 4, 9, 3], [4, 18, 5, 17], [18, 8, 19, 7], [5, 12, 6, 13], [11, 6, 12, 7], [14, 22, 15, 21], [16, 14, 17, 13], [22, 16, 1, 15]]"
11n_95_130,"[[22, 16, 1, 15], [1, 11, 2, 10], [19, 3, 20, 2], [9, 21, 10, 20], [8, 4, 9, 3], [4, 18, 5, 17], [18, 8, 19, 7], [5, 12, 6, 13], [11, 6, 12, 7], [14, 22, 15, 21], [16, 14, 17, 13]]"
11n_95_131,"[[16, 14, 17, 13], [22, 16, 1, 15], [1, 11, 2, 10], [19, 3, 20, 2], [9, 21, 10, 20], [8, 4, 9, 3], [4, 18, 5, 17], [18, 8, 19, 7], [5, 12, 6, 13], [11, 6, 12, 7], [14, 22, 15, 21]]"
11n_95_132,"[[15, 1, 16, 22], [17, 15, 18, 14], [1, 17, 2, 16], [2, 12, 3, 11], [20, 4, 21, 3], [10, 22, 11, 21], [9, 5, 10, 4], [5, 19, 6, 18], [19, 9, 20, 8], [6, 13, 7, 14], [12, 7, 13, 8]]"
11n_95_133,"[[12, 7, 13, 8], [15, 1, 16, 22], [17, 15, 18, 14], [1, 17, 2, 16], [2, 12, 3, 11], [20, 4, 21, 3], [10, 22, 11, 21], [9, 5, 10, 4], [5, 19, 6, 18], [19, 9, 20, 8], [6, 13, 7, 14]]"
11n_95_134,"[[6, 13, 7, 14], [12, 7, 13, 8], [15, 1, 16, 22], [17, 15, 18, 14], [1, 17, 2, 16], [2, 12, 3, 11], [20, 4, 21, 3], [10, 22, 11, 21], [9, 5, 10, 4], [5, 19, 6, 18], [19, 9, 20, 8]]"
11n_95_135,"[[19, 9, 20, 8], [6, 13, 7, 14], [12, 7, 13, 8], [15, 1, 16, 22], [17, 15, 18, 14], [1, 17, 2, 16], [2, 12, 3, 11], [20, 4, 21, 3], [10, 22, 11, 21], [9, 5, 10, 4], [5, 19, 6, 18]]"
11n_95_136,"[[5, 19, 6, 18], [19, 9, 20, 8], [6, 13, 7, 14], [12, 7, 13, 8], [15, 1, 16, 22], [17, 15, 18, 14], [1, 17, 2, 16], [2, 12, 3, 11], [20, 4, 21, 3], [10, 22, 11, 21], [9, 5, 10, 4]]"
11n_95_137,"[[9, 5, 10, 4], [5, 19, 6, 18], [19, 9, 20, 8], [6, 13, 7, 14], [12, 7, 13, 8], [15, 1, 16, 22], [17, 15, 18, 14], [1, 17, 2, 16], [2, 12, 3, 11], [20, 4, 21, 3], [10, 22, 11, 21]]"
11n_95_138,"[[10, 22, 11, 21], [9, 5, 10, 4], [5, 19, 6, 18], [19, 9, 20, 8], [6, 13, 7, 14], [12, 7, 13, 8], [15, 1, 16, 22], [17, 15, 18, 14], [1, 17, 2, 16], [2, 12, 3, 11], [20, 4, 21, 3]]"
11n_95_139,"[[20, 4, 21, 3], [10, 22, 11, 21], [9, 5, 10, 4], [5, 19, 6, 18], [19, 9, 20, 8], [6, 13, 7, 14], [12, 7, 13, 8], [15, 1, 16, 22], [17, 15, 18, 14], [1, 17, 2, 16], [2, 12, 3, 11]]"
11n_95_140,"[[2, 12, 3, 11], [20, 4, 21, 3], [10, 22, 11, 21], [9, 5, 10, 4], [5, 19, 6, 18], [19, 9, 20, 8], [6, 13, 7, 14], [12, 7, 13, 8], [15, 1, 16, 22], [17, 15, 18, 14], [1, 17, 2, 16]]"
11n_95_141,"[[1, 17, 2, 16], [2, 12, 3, 11], [20, 4, 21, 3], [10, 22, 11, 21], [9, 5, 10, 4], [5, 19, 6, 18], [19, 9, 20, 8], [6, 13, 7, 14], [12, 7, 13, 8], [15, 1, 16, 22], [17, 15, 18, 14]]"
11n_95_142,"[[17, 15, 18, 14], [1, 17, 2, 16], [2, 12, 3, 11], [20, 4, 21, 3], [10, 22, 11, 21], [9, 5, 10, 4], [5, 19, 6, 18], [19, 9, 20, 8], [6, 13, 7, 14], [12, 7, 13, 8], [15, 1, 16, 22]]"
11n_95_143,"[[16, 2, 17, 1], [18, 16, 19, 15], [2, 18, 3, 17], [3, 13, 4, 12], [21, 5, 22, 4], [11, 1, 12, 22], [10, 6, 11, 5], [6, 20, 7, 19], [20, 10, 21, 9], [7, 14, 8, 15], [13, 8, 14, 9]]"
11n_95_144,"[[13, 8, 14, 9], [16, 2, 17, 1], [18, 16, 19, 15], [2, 18, 3, 17], [3, 13, 4, 12], [21, 5, 22, 4], [11, 1, 12, 22], [10, 6, 11, 5], [6, 20, 7, 19], [20, 10, 21, 9], [7, 14, 8, 15]]"
11n_95_145,"[[7, 14, 8, 15], [13, 8, 14, 9], [16, 2, 17, 1], [18, 16, 19, 15], [2, 18, 3, 17], [3, 13, 4, 12], [21, 5, 22, 4], [11, 1, 12, 22], [10, 6, 11, 5], [6, 20, 7, 19], [20, 10, 21, 9]]"
11n_95_146,"[[20, 10, 21, 9], [7, 14, 8, 15], [13, 8, 14, 9], [16, 2, 17, 1], [18, 16, 19, 15], [2, 18, 3, 17], [3, 13, 4, 12], [21, 5, 22, 4], [11, 1, 12, 22], [10, 6, 11, 5], [6, 20, 7, 19]]"
11n_95_147,"[[6, 20, 7, 19], [20, 10, 21, 9], [7, 14, 8, 15], [13, 8, 14, 9], [16, 2, 17, 1], [18, 16, 19, 15], [2, 18, 3, 17], [3, 13, 4, 12], [21, 5, 22, 4], [11, 1, 12, 22], [10, 6, 11, 5]]"
11n_95_148,"[[10, 6, 11, 5], [6, 20, 7, 19], [20, 10, 21, 9], [7, 14, 8, 15], [13, 8, 14, 9], [16, 2, 17, 1], [18, 16, 19, 15], [2, 18, 3, 17], [3, 13, 4, 12], [21, 5, 22, 4], [11, 1, 12, 22]]"
11n_95_149,"[[11, 1, 12, 22], [10, 6, 11, 5], [6, 20, 7, 19], [20, 10, 21, 9], [7, 14, 8, 15], [13, 8, 14, 9], [16, 2, 17, 1], [18, 16, 19, 15], [2, 18, 3, 17], [3, 13, 4, 12], [21, 5, 22, 4]]"
11n_95_150,"[[21, 5, 22, 4], [11, 1, 12, 22], [10, 6, 11, 5], [6, 20, 7, 19], [20, 10, 21, 9], [7, 14, 8, 15], [13, 8, 14, 9], [16, 2, 17, 1], [18, 16, 19, 15], [2, 18, 3, 17], [3, 13, 4, 12]]"
11n_95_151,"[[3, 13, 4, 12], [21, 5, 22, 4], [11, 1, 12, 22], [10, 6, 11, 5], [6, 20, 7, 19], [20, 10, 21, 9], [7, 14, 8, 15], [13, 8, 14, 9], [16, 2, 17, 1], [18, 16, 19, 15], [2, 18, 3, 17]]"
11n_95_152,"[[2, 18, 3, 17], [3, 13, 4, 12], [21, 5, 22, 4], [11, 1, 12, 22], [10, 6, 11, 5], [6, 20, 7, 19], [20, 10, 21, 9], [7, 14, 8, 15], [13, 8, 14, 9], [16, 2, 17, 1], [18, 16, 19, 15]]"
11n_95_153,"[[18, 16, 19, 15], [2, 18, 3, 17], [3, 13, 4, 12], [21, 5, 22, 4], [11, 1, 12, 22], [10, 6, 11, 5], [6, 20, 7, 19], [20, 10, 21, 9], [7, 14, 8, 15], [13, 8, 14, 9], [16, 2, 17, 1]]"
11n_95_154,"[[17, 3, 18, 2], [19, 17, 20, 16], [3, 19, 4, 18], [4, 14, 5, 13], [22, 6, 1, 5], [12, 2, 13, 1], [11, 7, 12, 6], [7, 21, 8, 20], [21, 11, 22, 10], [8, 15, 9, 16], [14, 9, 15, 10]]"
11n_95_155,"[[14, 9, 15, 10], [17, 3, 18, 2], [19, 17, 20, 16], [3, 19, 4, 18], [4, 14, 5, 13], [22, 6, 1, 5], [12, 2, 13, 1], [11, 7, 12, 6], [7, 21, 8, 20], [21, 11, 22, 10], [8, 15, 9, 16]]"
11n_95_156,"[[8, 15, 9, 16], [14, 9, 15, 10], [17, 3, 18, 2], [19, 17, 20, 16], [3, 19, 4, 18], [4, 14, 5, 13], [22, 6, 1, 5], [12, 2, 13, 1], [11, 7, 12, 6], [7, 21, 8, 20], [21, 11, 22, 10]]"
11n_95_157,"[[21, 11, 22, 10], [8, 15, 9, 16], [14, 9, 15, 10], [17, 3, 18, 2], [19, 17, 20, 16], [3, 19, 4, 18], [4, 14, 5, 13], [22, 6, 1, 5], [12, 2, 13, 1], [11, 7, 12, 6], [7, 21, 8, 20]]"
11n_95_158,"[[7, 21, 8, 20], [21, 11, 22, 10], [8, 15, 9, 16], [14, 9, 15, 10], [17, 3, 18, 2], [19, 17, 20, 16], [3, 19, 4, 18], [4, 14, 5, 13], [22, 6, 1, 5], [12, 2, 13, 1], [11, 7, 12, 6]]"
11n_95_159,"[[11, 7, 12, 6], [7, 21, 8, 20], [21, 11, 22, 10], [8, 15, 9, 16], [14, 9, 15, 10], [17, 3, 18, 2], [19, 17, 20, 16], [3, 19, 4, 18], [4, 14, 5, 13], [22, 6, 1, 5], [12, 2, 13, 1]]"
11n_95_160,"[[12, 2, 13, 1], [11, 7, 12, 6], [7, 21, 8, 20], [21, 11, 22, 10], [8, 15, 9, 16], [14, 9, 15, 10], [17, 3, 18, 2], [19, 17, 20, 16], [3, 19, 4, 18], [4, 14, 5, 13], [22, 6, 1, 5]]"
11n_95_161,"[[22, 6, 1, 5], [12, 2, 13, 1], [11, 7, 12, 6], [7, 21, 8, 20], [21, 11, 22, 10], [8, 15, 9, 16], [14, 9, 15, 10], [17, 3, 18, 2], [19, 17, 20, 16], [3, 19, 4, 18], [4, 14, 5, 13]]"
11n_95_162,"[[4, 14, 5, 13], [22, 6, 1, 5], [12, 2, 13, 1], [11, 7, 12, 6], [7, 21, 8, 20], [21, 11, 22, 10], [8, 15, 9, 16], [14, 9, 15, 10], [17, 3, 18, 2], [19, 17, 20, 16], [3, 19, 4, 18]]"
11n_95_163,"[[3, 19, 4, 18], [4, 14, 5, 13], [22, 6, 1, 5], [12, 2, 13, 1], [11, 7, 12, 6], [7, 21, 8, 20], [21, 11, 22, 10], [8, 15, 9, 16], [14, 9, 15, 10], [17, 3, 18, 2], [19, 17, 20, 16]]"
11n_95_164,"[[19, 17, 20, 16], [3, 19, 4, 18], [4, 14, 5, 13], [22, 6, 1, 5], [12, 2, 13, 1], [11, 7, 12, 6], [7, 21, 8, 20], [21, 11, 22, 10], [8, 15, 9, 16], [14, 9, 15, 10], [17, 3, 18, 2]]"
11n_95_165,"[[18, 4, 19, 3], [20, 18, 21, 17], [4, 20, 5, 19], [5, 15, 6, 14], [1, 7, 2, 6], [13, 3, 14, 2], [12, 8, 13, 7], [8, 22, 9, 21], [22, 12, 1, 11], [9, 16, 10, 17], [15, 10, 16, 11]]"
11n_95_166,"[[15, 10, 16, 11], [18, 4, 19, 3], [20, 18, 21, 17], [4, 20, 5, 19], [5, 15, 6, 14], [1, 7, 2, 6], [13, 3, 14, 2], [12, 8, 13, 7], [8, 22, 9, 21], [22, 12, 1, 11], [9, 16, 10, 17]]"
11n_95_167,"[[9, 16, 10, 17], [15, 10, 16, 11], [18, 4, 19, 3], [20, 18, 21, 17], [4, 20, 5, 19], [5, 15, 6, 14], [1, 7, 2, 6], [13, 3, 14, 2], [12, 8, 13, 7], [8, 22, 9, 21], [22, 12, 1, 11]]"
11n_95_168,"[[22, 12, 1, 11], [9, 16, 10, 17], [15, 10, 16, 11], [18, 4, 19, 3], [20, 18, 21, 17], [4, 20, 5, 19], [5, 15, 6, 14], [1, 7, 2, 6], [13, 3, 14, 2], [12, 8, 13, 7], [8, 22, 9, 21]]"
11n_95_169,"[[8, 22, 9, 21], [22, 12, 1, 11], [9, 16, 10, 17], [15, 10, 16, 11], [18, 4, 19, 3], [20, 18, 21, 17], [4, 20, 5, 19], [5, 15, 6, 14], [1, 7, 2, 6], [13, 3, 14, 2], [12, 8, 13, 7]]"
11n_95_170,"[[12, 8, 13, 7], [8, 22, 9, 21], [22, 12, 1, 11], [9, 16, 10, 17], [15, 10, 16, 11], [18, 4, 19, 3], [20, 18, 21, 17], [4, 20, 5, 19], [5, 15, 6, 14], [1, 7, 2, 6], [13, 3, 14, 2]]"
11n_95_171,"[[13, 3, 14, 2], [12, 8, 13, 7], [8, 22, 9, 21], [22, 12, 1, 11], [9, 16, 10, 17], [15, 10, 16, 11], [18, 4, 19, 3], [20, 18, 21, 17], [4, 20, 5, 19], [5, 15, 6, 14], [1, 7, 2, 6]]"
11n_95_172,"[[1, 7, 2, 6], [13, 3, 14, 2], [12, 8, 13, 7], [8, 22, 9, 21], [22, 12, 1, 11], [9, 16, 10, 17], [15, 10, 16, 11], [18, 4, 19, 3], [20, 18, 21, 17], [4, 20, 5, 19], [5, 15, 6, 14]]"
11n_95_173,"[[5, 15, 6, 14], [1, 7, 2, 6], [13, 3, 14, 2], [12, 8, 13, 7], [8, 22, 9, 21], [22, 12, 1, 11], [9, 16, 10, 17], [15, 10, 16, 11], [18, 4, 19, 3], [20, 18, 21, 17], [4, 20, 5, 19]]"
11n_95_174,"[[4, 20, 5, 19], [5, 15, 6, 14], [1, 7, 2, 6], [13, 3, 14, 2], [12, 8, 13, 7], [8, 22, 9, 21], [22, 12, 1, 11], [9, 16, 10, 17], [15, 10, 16, 11], [18, 4, 19, 3], [20, 18, 21, 17]]"
11n_95_175,"[[20, 18, 21, 17], [4, 20, 5, 19], [5, 15, 6, 14], [1, 7, 2, 6], [13, 3, 14, 2], [12, 8, 13, 7], [8, 22, 9, 21], [22, 12, 1, 11], [9, 16, 10, 17], [15, 10, 16, 11], [18, 4, 19, 3]]"
11n_95_176,"[[19, 5, 20, 4], [21, 19, 22, 18], [5, 21, 6, 20], [6, 16, 7, 15], [2, 8, 3, 7], [14, 4, 15, 3], [13, 9, 14, 8], [9, 1, 10, 22], [1, 13, 2, 12], [10, 17, 11, 18], [16, 11, 17, 12]]"
11n_95_177,"[[16, 11, 17, 12], [19, 5, 20, 4], [21, 19, 22, 18], [5, 21, 6, 20], [6, 16, 7, 15], [2, 8, 3, 7], [14, 4, 15, 3], [13, 9, 14, 8], [9, 1, 10, 22], [1, 13, 2, 12], [10, 17, 11, 18]]"
11n_95_178,"[[10, 17, 11, 18], [16, 11, 17, 12], [19, 5, 20, 4], [21, 19, 22, 18], [5, 21, 6, 20], [6, 16, 7, 15], [2, 8, 3, 7], [14, 4, 15, 3], [13, 9, 14, 8], [9, 1, 10, 22], [1, 13, 2, 12]]"
11n_95_179,"[[1, 13, 2, 12], [10, 17, 11, 18], [16, 11, 17, 12], [19, 5, 20, 4], [21, 19, 22, 18], [5, 21, 6, 20], [6, 16, 7, 15], [2, 8, 3, 7], [14, 4, 15, 3], [13, 9, 14, 8], [9, 1, 10, 22]]"
11n_95_180,"[[9, 1, 10, 22], [1, 13, 2, 12], [10, 17, 11, 18], [16, 11, 17, 12], [19, 5, 20, 4], [21, 19, 22, 18], [5, 21, 6, 20], [6, 16, 7, 15], [2, 8, 3, 7], [14, 4, 15, 3], [13, 9, 14, 8]]"
11n_95_181,"[[13, 9, 14, 8], [9, 1, 10, 22], [1, 13, 2, 12], [10, 17, 11, 18], [16, 11, 17, 12], [19, 5, 20, 4], [21, 19, 22, 18], [5, 21, 6, 20], [6, 16, 7, 15], [2, 8, 3, 7], [14, 4, 15, 3]]"
11n_95_182,"[[14, 4, 15, 3], [13, 9, 14, 8], [9, 1, 10, 22], [1, 13, 2, 12], [10, 17, 11, 18], [16, 11, 17, 12], [19, 5, 20, 4], [21, 19, 22, 18], [5, 21, 6, 20], [6, 16, 7, 15], [2, 8, 3, 7]]"
11n_95_183,"[[2, 8, 3, 7], [14, 4, 15, 3], [13, 9, 14, 8], [9, 1, 10, 22], [1, 13, 2, 12], [10, 17, 11, 18], [16, 11, 17, 12], [19, 5, 20, 4], [21, 19, 22, 18], [5, 21, 6, 20], [6, 16, 7, 15]]"
11n_95_184,"[[6, 16, 7, 15], [2, 8, 3, 7], [14, 4, 15, 3], [13, 9, 14, 8], [9, 1, 10, 22], [1, 13, 2, 12], [10, 17, 11, 18], [16, 11, 17, 12], [19, 5, 20, 4], [21, 19, 22, 18], [5, 21, 6, 20]]"
11n_95_185,"[[5, 21, 6, 20], [6, 16, 7, 15], [2, 8, 3, 7], [14, 4, 15, 3], [13, 9, 14, 8], [9, 1, 10, 22], [1, 13, 2, 12], [10, 17, 11, 18], [16, 11, 17, 12], [19, 5, 20, 4], [21, 19, 22, 18]]"
11n_95_186,"[[21, 19, 22, 18], [5, 21, 6, 20], [6, 16, 7, 15], [2, 8, 3, 7], [14, 4, 15, 3], [13, 9, 14, 8], [9, 1, 10, 22], [1, 13, 2, 12], [10, 17, 11, 18], [16, 11, 17, 12], [19, 5, 20, 4]]"
11n_95_187,"[[20, 6, 21, 5], [22, 20, 1, 19], [6, 22, 7, 21], [7, 17, 8, 16], [3, 9, 4, 8], [15, 5, 16, 4], [14, 10, 15, 9], [10, 2, 11, 1], [2, 14, 3, 13], [11, 18, 12, 19], [17, 12, 18, 13]]"
11n_95_188,"[[17, 12, 18, 13], [20, 6, 21, 5], [22, 20, 1, 19], [6, 22, 7, 21], [7, 17, 8, 16], [3, 9, 4, 8], [15, 5, 16, 4], [14, 10, 15, 9], [10, 2, 11, 1], [2, 14, 3, 13], [11, 18, 12, 19]]"
11n_95_189,"[[11, 18, 12, 19], [17, 12, 18, 13], [20, 6, 21, 5], [22, 20, 1, 19], [6, 22, 7, 21], [7, 17, 8, 16], [3, 9, 4, 8], [15, 5, 16, 4], [14, 10, 15, 9], [10, 2, 11, 1], [2, 14, 3, 13]]"
11n_95_190,"[[2, 14, 3, 13], [11, 18, 12, 19], [17, 12, 18, 13], [20, 6, 21, 5], [22, 20, 1, 19], [6, 22, 7, 21], [7, 17, 8, 16], [3, 9, 4, 8], [15, 5, 16, 4], [14, 10, 15, 9], [10, 2, 11, 1]]"
11n_95_191,"[[10, 2, 11, 1], [2, 14, 3, 13], [11, 18, 12, 19], [17, 12, 18, 13], [20, 6, 21, 5], [22, 20, 1, 19], [6, 22, 7, 21], [7, 17, 8, 16], [3, 9, 4, 8], [15, 5, 16, 4], [14, 10, 15, 9]]"
11n_95_192,"[[14, 10, 15, 9], [10, 2, 11, 1], [2, 14, 3, 13], [11, 18, 12, 19], [17, 12, 18, 13], [20, 6, 21, 5], [22, 20, 1, 19], [6, 22, 7, 21], [7, 17, 8, 16], [3, 9, 4, 8], [15, 5, 16, 4]]"
11n_95_193,"[[15, 5, 16, 4], [14, 10, 15, 9], [10, 2, 11, 1], [2, 14, 3, 13], [11, 18, 12, 19], [17, 12, 18, 13], [20, 6, 21, 5], [22, 20, 1, 19], [6, 22, 7, 21], [7, 17, 8, 16], [3, 9, 4, 8]]"
11n_95_194,"[[3, 9, 4, 8], [15, 5, 16, 4], [14, 10, 15, 9], [10, 2, 11, 1], [2, 14, 3, 13], [11, 18, 12, 19], [17, 12, 18, 13], [20, 6, 21, 5], [22, 20, 1, 19], [6, 22, 7, 21], [7, 17, 8, 16]]"
11n_95_195,"[[7, 17, 8, 16], [3, 9, 4, 8], [15, 5, 16, 4], [14, 10, 15, 9], [10, 2, 11, 1], [2, 14, 3, 13], [11, 18, 12, 19], [17, 12, 18, 13], [20, 6, 21, 5], [22, 20, 1, 19], [6, 22, 7, 21]]"
11n_95_196,"[[6, 22, 7, 21], [7, 17, 8, 16], [3, 9, 4, 8], [15, 5, 16, 4], [14, 10, 15, 9], [10, 2, 11, 1], [2, 14, 3, 13], [11, 18, 12, 19], [17, 12, 18, 13], [20, 6, 21, 5], [22, 20, 1, 19]]"
11n_95_197,"[[22, 20, 1, 19], [6, 22, 7, 21], [7, 17, 8, 16], [3, 9, 4, 8], [15, 5, 16, 4], [14, 10, 15, 9], [10, 2, 11, 1], [2, 14, 3, 13], [11, 18, 12, 19], [17, 12, 18, 13], [20, 6, 21, 5]]"
11n_95_198,"[[21, 7, 22, 6], [1, 21, 2, 20], [7, 1, 8, 22], [8, 18, 9, 17], [4, 10, 5, 9], [16, 6, 17, 5], [15, 11, 16, 10], [11, 3, 12, 2], [3, 15, 4, 14], [12, 19, 13, 20], [18, 13, 19, 14]]"
11n_95_199,"[[18, 13, 19, 14], [21, 7, 22, 6], [1, 21, 2, 20], [7, 1, 8, 22], [8, 18, 9, 17], [4, 10, 5, 9], [16, 6, 17, 5], [15, 11, 16, 10], [11, 3, 12, 2], [3, 15, 4, 14], [12, 19, 13, 20]]"
11n_95_200,"[[12, 19, 13, 20], [18, 13, 19, 14], [21, 7, 22, 6], [1, 21, 2, 20], [7, 1, 8, 22], [8, 18, 9, 17], [4, 10, 5, 9], [16, 6, 17, 5], [15, 11, 16, 10], [11, 3, 12, 2], [3, 15, 4, 14]]"
11n_95_201,"[[3, 15, 4, 14], [12, 19, 13, 20], [18, 13, 19, 14], [21, 7, 22, 6], [1, 21, 2, 20], [7, 1, 8, 22], [8, 18, 9, 17], [4, 10, 5, 9], [16, 6, 17, 5], [15, 11, 16, 10], [11, 3, 12, 2]]"
11n_95_202,"[[11, 3, 12, 2], [3, 15, 4, 14], [12, 19, 13, 20], [18, 13, 19, 14], [21, 7, 22, 6], [1, 21, 2, 20], [7, 1, 8, 22], [8, 18, 9, 17], [4, 10, 5, 9], [16, 6, 17, 5], [15, 11, 16, 10]]"
11n_95_203,"[[15, 11, 16, 10], [11, 3, 12, 2], [3, 15, 4, 14], [12, 19, 13, 20], [18, 13, 19, 14], [21, 7, 22, 6], [1, 21, 2, 20], [7, 1, 8, 22], [8, 18, 9, 17], [4, 10, 5, 9], [16, 6, 17, 5]]"
11n_95_204,"[[16, 6, 17, 5], [15, 11, 16, 10], [11, 3, 12, 2], [3, 15, 4, 14], [12, 19, 13, 20], [18, 13, 19, 14], [21, 7, 22, 6], [1, 21, 2, 20], [7, 1, 8, 22], [8, 18, 9, 17], [4, 10, 5, 9]]"
