name,pd_notation
11n_120_0,"[[3, 11, 4, 10], [5, 3, 6, 2], [11, 5, 12, 4], [12, 18, 13, 17], [6, 16, 7, 15], [16, 10, 17, 9], [8, 21, 9, 22], [22, 13, 1, 14], [14, 19, 15, 20], [20, 7, 21, 8], [18, 2, 19, 1]]"
11n_120_1,"[[18, 2, 19, 1], [3, 11, 4, 10], [5, 3, 6, 2], [11, 5, 12, 4], [12, 18, 13, 17], [6, 16, 7, 15], [16, 10, 17, 9], [8, 21, 9, 22], [22, 13, 1, 14], [14, 19, 15, 20], [20, 7, 21, 8]]"
11n_120_2,"[[20, 7, 21, 8], [18, 2, 19, 1], [3, 11, 4, 10], [5, 3, 6, 2], [11, 5, 12, 4], [12, 18, 13, 17], [6, 16, 7, 15], [16, 10, 17, 9], [8, 21, 9, 22], [22, 13, 1, 14], [14, 19, 15, 20]]"
11n_120_3,"[[14, 19, 15, 20], [20, 7, 21, 8], [18, 2, 19, 1], [3, 11, 4, 10], [5, 3, 6, 2], [11, 5, 12, 4], [12, 18, 13, 17], [6, 16, 7, 15], [16, 10, 17, 9], [8, 21, 9, 22], [22, 13, 1, 14]]"
11n_120_4,"[[22, 13, 1, 14], [14, 19, 15, 20], [20, 7, 21, 8], [18, 2, 19, 1], [3, 11, 4, 10], [5, 3, 6, 2], [11, 5, 12, 4], [12, 18, 13, 17], [6, 16, 7, 15], [16, 10, 17, 9], [8, 21, 9, 22]]"
11n_120_5,"[[8, 21, 9, 22], [22, 13, 1, 14], [14, 19, 15, 20], [20, 7, 21, 8], [18, 2, 19, 1], [3, 11, 4, 10], [5, 3, 6, 2], [11, 5, 12, 4], [12, 18, 13, 17], [6, 16, 7, 15], [16, 10, 17, 9]]"
11n_120_6,"[[16, 10, 17, 9], [8, 21, 9, 22], [22, 13, 1, 14], [14, 19, 15, 20], [20, 7, 21, 8], [18, 2, 19, 1], [3, 11, 4, 10], [5, 3, 6, 2], [11, 5, 12, 4], [12, 18, 13, 17], [6, 16, 7, 15]]"
11n_120_7,"[[6, 16, 7, 15], [16, 10, 17, 9], [8, 21, 9, 22], [22, 13, 1, 14], [14, 19, 15, 20], [20, 7, 21, 8], [18, 2, 19, 1], [3, 11, 4, 10], [5, 3, 6, 2], [11, 5, 12, 4], [12, 18, 13, 17]]"
11n_120_8,"[[12, 18, 13, 17], [6, 16, 7, 15], [16, 10, 17, 9], [8, 21, 9, 22], [22, 13, 1, 14], [14, 19, 15, 20], [20, 7, 21, 8], [18, 2, 19, 1], [3, 11, 4, 10], [5, 3, 6, 2], [11, 5, 12, 4]]"
11n_120_9,"[[11, 5, 12, 4], [12, 18, 13, 17], [6, 16, 7, 15], [16, 10, 17, 9], [8, 21, 9, 22], [22, 13, 1, 14], [14, 19, 15, 20], [20, 7, 21, 8], [18, 2, 19, 1], [3, 11, 4, 10], [5, 3, 6, 2]]"
11n_120_10,"[[5, 3, 6, 2], [11, 5, 12, 4], [12, 18, 13, 17], [6, 16, 7, 15], [16, 10, 17, 9], [8, 21, 9, 22], [22, 13, 1, 14], [14, 19, 15, 20], [20, 7, 21, 8], [18, 2, 19, 1], [3, 11, 4, 10]]"
11n_120_11,"[[4, 12, 5, 11], [6, 4, 7, 3], [12, 6, 13, 5], [13, 19, 14, 18], [7, 17, 8, 16], [17, 11, 18, 10], [9, 22, 10, 1], [1, 14, 2, 15], [15, 20, 16, 21], [21, 8, 22, 9], [19, 3, 20, 2]]"
11n_120_12,"[[19, 3, 20, 2], [4, 12, 5, 11], [6, 4, 7, 3], [12, 6, 13, 5], [13, 19, 14, 18], [7, 17, 8, 16], [17, 11, 18, 10], [9, 22, 10, 1], [1, 14, 2, 15], [15, 20, 16, 21], [21, 8, 22, 9]]"
11n_120_13,"[[21, 8, 22, 9], [19, 3, 20, 2], [4, 12, 5, 11], [6, 4, 7, 3], [12, 6, 13, 5], [13, 19, 14, 18], [7, 17, 8, 16], [17, 11, 18, 10], [9, 22, 10, 1], [1, 14, 2, 15], [15, 20, 16, 21]]"
11n_120_14,"[[15, 20, 16, 21], [21, 8, 22, 9], [19, 3, 20, 2], [4, 12, 5, 11], [6, 4, 7, 3], [12, 6, 13, 5], [13, 19, 14, 18], [7, 17, 8, 16], [17, 11, 18, 10], [9, 22, 10, 1], [1, 14, 2, 15]]"
11n_120_15,"[[1, 14, 2, 15], [15, 20, 16, 21], [21, 8, 22, 9], [19, 3, 20, 2], [4, 12, 5, 11], [6, 4, 7, 3], [12, 6, 13, 5], [13, 19, 14, 18], [7, 17, 8, 16], [17, 11, 18, 10], [9, 22, 10, 1]]"
11n_120_16,"[[9, 22, 10, 1], [1, 14, 2, 15], [15, 20, 16, 21], [21, 8, 22, 9], [19, 3, 20, 2], [4, 12, 5, 11], [6, 4, 7, 3], [12, 6, 13, 5], [13, 19, 14, 18], [7, 17, 8, 16], [17, 11, 18, 10]]"
11n_120_17,"[[17, 11, 18, 10], [9, 22, 10, 1], [1, 14, 2, 15], [15, 20, 16, 21], [21, 8, 22, 9], [19, 3, 20, 2], [4, 12, 5, 11], [6, 4, 7, 3], [12, 6, 13, 5], [13, 19, 14, 18], [7, 17, 8, 16]]"
11n_120_18,"[[7, 17, 8, 16], [17, 11, 18, 10], [9, 22, 10, 1], [1, 14, 2, 15], [15, 20, 16, 21], [21, 8, 22, 9], [19, 3, 20, 2], [4, 12, 5, 11], [6, 4, 7, 3], [12, 6, 13, 5], [13, 19, 14, 18]]"
11n_120_19,"[[13, 19, 14, 18], [7, 17, 8, 16], [17, 11, 18, 10], [9, 22, 10, 1], [1, 14, 2, 15], [15, 20, 16, 21], [21, 8, 22, 9], [19, 3, 20, 2], [4, 12, 5, 11], [6, 4, 7, 3], [12, 6, 13, 5]]"
11n_120_20,"[[12, 6, 13, 5], [13, 19, 14, 18], [7, 17, 8, 16], [17, 11, 18, 10], [9, 22, 10, 1], [1, 14, 2, 15], [15, 20, 16, 21], [21, 8, 22, 9], [19, 3, 20, 2], [4, 12, 5, 11], [6, 4, 7, 3]]"
11n_120_21,"[[6, 4, 7, 3], [12, 6, 13, 5], [13, 19, 14, 18], [7, 17, 8, 16], [17, 11, 18, 10], [9, 22, 10, 1], [1, 14, 2, 15], [15, 20, 16, 21], [21, 8, 22, 9], [19, 3, 20, 2], [4, 12, 5, 11]]"
11n_120_22,"[[5, 13, 6, 12], [7, 5, 8, 4], [13, 7, 14, 6], [14, 20, 15, 19], [8, 18, 9, 17], [18, 12, 19, 11], [10, 1, 11, 2], [2, 15, 3, 16], [16, 21, 17, 22], [22, 9, 1, 10], [20, 4, 21, 3]]"
11n_120_23,"[[20, 4, 21, 3], [5, 13, 6, 12], [7, 5, 8, 4], [13, 7, 14, 6], [14, 20, 15, 19], [8, 18, 9, 17], [18, 12, 19, 11], [10, 1, 11, 2], [2, 15, 3, 16], [16, 21, 17, 22], [22, 9, 1, 10]]"
11n_120_24,"[[22, 9, 1, 10], [20, 4, 21, 3], [5, 13, 6, 12], [7, 5, 8, 4], [13, 7, 14, 6], [14, 20, 15, 19], [8, 18, 9, 17], [18, 12, 19, 11], [10, 1, 11, 2], [2, 15, 3, 16], [16, 21, 17, 22]]"
11n_120_25,"[[16, 21, 17, 22], [22, 9, 1, 10], [20, 4, 21, 3], [5, 13, 6, 12], [7, 5, 8, 4], [13, 7, 14, 6], [14, 20, 15, 19], [8, 18, 9, 17], [18, 12, 19, 11], [10, 1, 11, 2], [2, 15, 3, 16]]"
11n_120_26,"[[2, 15, 3, 16], [16, 21, 17, 22], [22, 9, 1, 10], [20, 4, 21, 3], [5, 13, 6, 12], [7, 5, 8, 4], [13, 7, 14, 6], [14, 20, 15, 19], [8, 18, 9, 17], [18, 12, 19, 11], [10, 1, 11, 2]]"
11n_120_27,"[[10, 1, 11, 2], [2, 15, 3, 16], [16, 21, 17, 22], [22, 9, 1, 10], [20, 4, 21, 3], [5, 13, 6, 12], [7, 5, 8, 4], [13, 7, 14, 6], [14, 20, 15, 19], [8, 18, 9, 17], [18, 12, 19, 11]]"
11n_120_28,"[[18, 12, 19, 11], [10, 1, 11, 2], [2, 15, 3, 16], [16, 21, 17, 22], [22, 9, 1, 10], [20, 4, 21, 3], [5, 13, 6, 12], [7, 5, 8, 4], [13, 7, 14, 6], [14, 20, 15, 19], [8, 18, 9, 17]]"
11n_120_29,"[[8, 18, 9, 17], [18, 12, 19, 11], [10, 1, 11, 2], [2, 15, 3, 16], [16, 21, 17, 22], [22, 9, 1, 10], [20, 4, 21, 3], [5, 13, 6, 12], [7, 5, 8, 4], [13, 7, 14, 6], [14, 20, 15, 19]]"
11n_120_30,"[[14, 20, 15, 19], [8, 18, 9, 17], [18, 12, 19, 11], [10, 1, 11, 2], [2, 15, 3, 16], [16, 21, 17, 22], [22, 9, 1, 10], [20, 4, 21, 3], [5, 13, 6, 12], [7, 5, 8, 4], [13, 7, 14, 6]]"
11n_120_31,"[[13, 7, 14, 6], [14, 20, 15, 19], [8, 18, 9, 17], [18, 12, 19, 11], [10, 1, 11, 2], [2, 15, 3, 16], [16, 21, 17, 22], [22, 9, 1, 10], [20, 4, 21, 3], [5, 13, 6, 12], [7, 5, 8, 4]]"
11n_120_32,"[[7, 5, 8, 4], [13, 7, 14, 6], [14, 20, 15, 19], [8, 18, 9, 17], [18, 12, 19, 11], [10, 1, 11, 2], [2, 15, 3, 16], [16, 21, 17, 22], [22, 9, 1, 10], [20, 4, 21, 3], [5, 13, 6, 12]]"
11n_120_33,"[[6, 14, 7, 13], [8, 6, 9, 5], [14, 8, 15, 7], [15, 21, 16, 20], [9, 19, 10, 18], [19, 13, 20, 12], [11, 2, 12, 3], [3, 16, 4, 17], [17, 22, 18, 1], [1, 10, 2, 11], [21, 5, 22, 4]]"
11n_120_34,"[[21, 5, 22, 4], [6, 14, 7, 13], [8, 6, 9, 5], [14, 8, 15, 7], [15, 21, 16, 20], [9, 19, 10, 18], [19, 13, 20, 12], [11, 2, 12, 3], [3, 16, 4, 17], [17, 22, 18, 1], [1, 10, 2, 11]]"
11n_120_35,"[[1, 10, 2, 11], [21, 5, 22, 4], [6, 14, 7, 13], [8, 6, 9, 5], [14, 8, 15, 7], [15, 21, 16, 20], [9, 19, 10, 18], [19, 13, 20, 12], [11, 2, 12, 3], [3, 16, 4, 17], [17, 22, 18, 1]]"
11n_120_36,"[[17, 22, 18, 1], [1, 10, 2, 11], [21, 5, 22, 4], [6, 14, 7, 13], [8, 6, 9, 5], [14, 8, 15, 7], [15, 21, 16, 20], [9, 19, 10, 18], [19, 13, 20, 12], [11, 2, 12, 3], [3, 16, 4, 17]]"
11n_120_37,"[[3, 16, 4, 17], [17, 22, 18, 1], [1, 10, 2, 11], [21, 5, 22, 4], [6, 14, 7, 13], [8, 6, 9, 5], [14, 8, 15, 7], [15, 21, 16, 20], [9, 19, 10, 18], [19, 13, 20, 12], [11, 2, 12, 3]]"
11n_120_38,"[[11, 2, 12, 3], [3, 16, 4, 17], [17, 22, 18, 1], [1, 10, 2, 11], [21, 5, 22, 4], [6, 14, 7, 13], [8, 6, 9, 5], [14, 8, 15, 7], [15, 21, 16, 20], [9, 19, 10, 18], [19, 13, 20, 12]]"
11n_120_39,"[[19, 13, 20, 12], [11, 2, 12, 3], [3, 16, 4, 17], [17, 22, 18, 1], [1, 10, 2, 11], [21, 5, 22, 4], [6, 14, 7, 13], [8, 6, 9, 5], [14, 8, 15, 7], [15, 21, 16, 20], [9, 19, 10, 18]]"
11n_120_40,"[[9, 19, 10, 18], [19, 13, 20, 12], [11, 2, 12, 3], [3, 16, 4, 17], [17, 22, 18, 1], [1, 10, 2, 11], [21, 5, 22, 4], [6, 14, 7, 13], [8, 6, 9, 5], [14, 8, 15, 7], [15, 21, 16, 20]]"
11n_120_41,"[[15, 21, 16, 20], [9, 19, 10, 18], [19, 13, 20, 12], [11, 2, 12, 3], [3, 16, 4, 17], [17, 22, 18, 1], [1, 10, 2, 11], [21, 5, 22, 4], [6, 14, 7, 13], [8, 6, 9, 5], [14, 8, 15, 7]]"
11n_120_42,"[[14, 8, 15, 7], [15, 21, 16, 20], [9, 19, 10, 18], [19, 13, 20, 12], [11, 2, 12, 3], [3, 16, 4, 17], [17, 22, 18, 1], [1, 10, 2, 11], [21, 5, 22, 4], [6, 14, 7, 13], [8, 6, 9, 5]]"
11n_120_43,"[[8, 6, 9, 5], [14, 8, 15, 7], [15, 21, 16, 20], [9, 19, 10, 18], [19, 13, 20, 12], [11, 2, 12, 3], [3, 16, 4, 17], [17, 22, 18, 1], [1, 10, 2, 11], [21, 5, 22, 4], [6, 14, 7, 13]]"
11n_120_44,"[[7, 15, 8, 14], [9, 7, 10, 6], [15, 9, 16, 8], [16, 22, 17, 21], [10, 20, 11, 19], [20, 14, 21, 13], [12, 3, 13, 4], [4, 17, 5, 18], [18, 1, 19, 2], [2, 11, 3, 12], [22, 6, 1, 5]]"
11n_120_45,"[[22, 6, 1, 5], [7, 15, 8, 14], [9, 7, 10, 6], [15, 9, 16, 8], [16, 22, 17, 21], [10, 20, 11, 19], [20, 14, 21, 13], [12, 3, 13, 4], [4, 17, 5, 18], [18, 1, 19, 2], [2, 11, 3, 12]]"
11n_120_46,"[[2, 11, 3, 12], [22, 6, 1, 5], [7, 15, 8, 14], [9, 7, 10, 6], [15, 9, 16, 8], [16, 22, 17, 21], [10, 20, 11, 19], [20, 14, 21, 13], [12, 3, 13, 4], [4, 17, 5, 18], [18, 1, 19, 2]]"
11n_120_47,"[[18, 1, 19, 2], [2, 11, 3, 12], [22, 6, 1, 5], [7, 15, 8, 14], [9, 7, 10, 6], [15, 9, 16, 8], [16, 22, 17, 21], [10, 20, 11, 19], [20, 14, 21, 13], [12, 3, 13, 4], [4, 17, 5, 18]]"
11n_120_48,"[[4, 17, 5, 18], [18, 1, 19, 2], [2, 11, 3, 12], [22, 6, 1, 5], [7, 15, 8, 14], [9, 7, 10, 6], [15, 9, 16, 8], [16, 22, 17, 21], [10, 20, 11, 19], [20, 14, 21, 13], [12, 3, 13, 4]]"
11n_120_49,"[[12, 3, 13, 4], [4, 17, 5, 18], [18, 1, 19, 2], [2, 11, 3, 12], [22, 6, 1, 5], [7, 15, 8, 14], [9, 7, 10, 6], [15, 9, 16, 8], [16, 22, 17, 21], [10, 20, 11, 19], [20, 14, 21, 13]]"
11n_120_50,"[[20, 14, 21, 13], [12, 3, 13, 4], [4, 17, 5, 18], [18, 1, 19, 2], [2, 11, 3, 12], [22, 6, 1, 5], [7, 15, 8, 14], [9, 7, 10, 6], [15, 9, 16, 8], [16, 22, 17, 21], [10, 20, 11, 19]]"
11n_120_51,"[[10, 20, 11, 19], [20, 14, 21, 13], [12, 3, 13, 4], [4, 17, 5, 18], [18, 1, 19, 2], [2, 11, 3, 12], [22, 6, 1, 5], [7, 15, 8, 14], [9, 7, 10, 6], [15, 9, 16, 8], [16, 22, 17, 21]]"
11n_120_52,"[[16, 22, 17, 21], [10, 20, 11, 19], [20, 14, 21, 13], [12, 3, 13, 4], [4, 17, 5, 18], [18, 1, 19, 2], [2, 11, 3, 12], [22, 6, 1, 5], [7, 15, 8, 14], [9, 7, 10, 6], [15, 9, 16, 8]]"
11n_120_53,"[[15, 9, 16, 8], [16, 22, 17, 21], [10, 20, 11, 19], [20, 14, 21, 13], [12, 3, 13, 4], [4, 17, 5, 18], [18, 1, 19, 2], [2, 11, 3, 12], [22, 6, 1, 5], [7, 15, 8, 14], [9, 7, 10, 6]]"
11n_120_54,"[[9, 7, 10, 6], [15, 9, 16, 8], [16, 22, 17, 21], [10, 20, 11, 19], [20, 14, 21, 13], [12, 3, 13, 4], [4, 17, 5, 18], [18, 1, 19, 2], [2, 11, 3, 12], [22, 6, 1, 5], [7, 15, 8, 14]]"
11n_120_55,"[[8, 16, 9, 15], [10, 8, 11, 7], [16, 10, 17, 9], [17, 1, 18, 22], [11, 21, 12, 20], [21, 15, 22, 14], [13, 4, 14, 5], [5, 18, 6, 19], [19, 2, 20, 3], [3, 12, 4, 13], [1, 7, 2, 6]]"
11n_120_56,"[[1, 7, 2, 6], [8, 16, 9, 15], [10, 8, 11, 7], [16, 10, 17, 9], [17, 1, 18, 22], [11, 21, 12, 20], [21, 15, 22, 14], [13, 4, 14, 5], [5, 18, 6, 19], [19, 2, 20, 3], [3, 12, 4, 13]]"
11n_120_57,"[[3, 12, 4, 13], [1, 7, 2, 6], [8, 16, 9, 15], [10, 8, 11, 7], [16, 10, 17, 9], [17, 1, 18, 22], [11, 21, 12, 20], [21, 15, 22, 14], [13, 4, 14, 5], [5, 18, 6, 19], [19, 2, 20, 3]]"
11n_120_58,"[[19, 2, 20, 3], [3, 12, 4, 13], [1, 7, 2, 6], [8, 16, 9, 15], [10, 8, 11, 7], [16, 10, 17, 9], [17, 1, 18, 22], [11, 21, 12, 20], [21, 15, 22, 14], [13, 4, 14, 5], [5, 18, 6, 19]]"
11n_120_59,"[[5, 18, 6, 19], [19, 2, 20, 3], [3, 12, 4, 13], [1, 7, 2, 6], [8, 16, 9, 15], [10, 8, 11, 7], [16, 10, 17, 9], [17, 1, 18, 22], [11, 21, 12, 20], [21, 15, 22, 14], [13, 4, 14, 5]]"
11n_120_60,"[[13, 4, 14, 5], [5, 18, 6, 19], [19, 2, 20, 3], [3, 12, 4, 13], [1, 7, 2, 6], [8, 16, 9, 15], [10, 8, 11, 7], [16, 10, 17, 9], [17, 1, 18, 22], [11, 21, 12, 20], [21, 15, 22, 14]]"
11n_120_61,"[[21, 15, 22, 14], [13, 4, 14, 5], [5, 18, 6, 19], [19, 2, 20, 3], [3, 12, 4, 13], [1, 7, 2, 6], [8, 16, 9, 15], [10, 8, 11, 7], [16, 10, 17, 9], [17, 1, 18, 22], [11, 21, 12, 20]]"
11n_120_62,"[[11, 21, 12, 20], [21, 15, 22, 14], [13, 4, 14, 5], [5, 18, 6, 19], [19, 2, 20, 3], [3, 12, 4, 13], [1, 7, 2, 6], [8, 16, 9, 15], [10, 8, 11, 7], [16, 10, 17, 9], [17, 1, 18, 22]]"
11n_120_63,"[[17, 1, 18, 22], [11, 21, 12, 20], [21, 15, 22, 14], [13, 4, 14, 5], [5, 18, 6, 19], [19, 2, 20, 3], [3, 12, 4, 13], [1, 7, 2, 6], [8, 16, 9, 15], [10, 8, 11, 7], [16, 10, 17, 9]]"
11n_120_64,"[[16, 10, 17, 9], [17, 1, 18, 22], [11, 21, 12, 20], [21, 15, 22, 14], [13, 4, 14, 5], [5, 18, 6, 19], [19, 2, 20, 3], [3, 12, 4, 13], [1, 7, 2, 6], [8, 16, 9, 15], [10, 8, 11, 7]]"
11n_120_65,"[[10, 8, 11, 7], [16, 10, 17, 9], [17, 1, 18, 22], [11, 21, 12, 20], [21, 15, 22, 14], [13, 4, 14, 5], [5, 18, 6, 19], [19, 2, 20, 3], [3, 12, 4, 13], [1, 7, 2, 6], [8, 16, 9, 15]]"
11n_120_66,"[[9, 17, 10, 16], [11, 9, 12, 8], [17, 11, 18, 10], [18, 2, 19, 1], [12, 22, 13, 21], [22, 16, 1, 15], [14, 5, 15, 6], [6, 19, 7, 20], [20, 3, 21, 4], [4, 13, 5, 14], [2, 8, 3, 7]]"
11n_120_67,"[[2, 8, 3, 7], [9, 17, 10, 16], [11, 9, 12, 8], [17, 11, 18, 10], [18, 2, 19, 1], [12, 22, 13, 21], [22, 16, 1, 15], [14, 5, 15, 6], [6, 19, 7, 20], [20, 3, 21, 4], [4, 13, 5, 14]]"
11n_120_68,"[[4, 13, 5, 14], [2, 8, 3, 7], [9, 17, 10, 16], [11, 9, 12, 8], [17, 11, 18, 10], [18, 2, 19, 1], [12, 22, 13, 21], [22, 16, 1, 15], [14, 5, 15, 6], [6, 19, 7, 20], [20, 3, 21, 4]]"
11n_120_69,"[[20, 3, 21, 4], [4, 13, 5, 14], [2, 8, 3, 7], [9, 17, 10, 16], [11, 9, 12, 8], [17, 11, 18, 10], [18, 2, 19, 1], [12, 22, 13, 21], [22, 16, 1, 15], [14, 5, 15, 6], [6, 19, 7, 20]]"
11n_120_70,"[[6, 19, 7, 20], [20, 3, 21, 4], [4, 13, 5, 14], [2, 8, 3, 7], [9, 17, 10, 16], [11, 9, 12, 8], [17, 11, 18, 10], [18, 2, 19, 1], [12, 22, 13, 21], [22, 16, 1, 15], [14, 5, 15, 6]]"
11n_120_71,"[[14, 5, 15, 6], [6, 19, 7, 20], [20, 3, 21, 4], [4, 13, 5, 14], [2, 8, 3, 7], [9, 17, 10, 16], [11, 9, 12, 8], [17, 11, 18, 10], [18, 2, 19, 1], [12, 22, 13, 21], [22, 16, 1, 15]]"
11n_120_72,"[[22, 16, 1, 15], [14, 5, 15, 6], [6, 19, 7, 20], [20, 3, 21, 4], [4, 13, 5, 14], [2, 8, 3, 7], [9, 17, 10, 16], [11, 9, 12, 8], [17, 11, 18, 10], [18, 2, 19, 1], [12, 22, 13, 21]]"
11n_120_73,"[[12, 22, 13, 21], [22, 16, 1, 15], [14, 5, 15, 6], [6, 19, 7, 20], [20, 3, 21, 4], [4, 13, 5, 14], [2, 8, 3, 7], [9, 17, 10, 16], [11, 9, 12, 8], [17, 11, 18, 10], [18, 2, 19, 1]]"
11n_120_74,"[[18, 2, 19, 1], [12, 22, 13, 21], [22, 16, 1, 15], [14, 5, 15, 6], [6, 19, 7, 20], [20, 3, 21, 4], [4, 13, 5, 14], [2, 8, 3, 7], [9, 17, 10, 16], [11, 9, 12, 8], [17, 11, 18, 10]]"
11n_120_75,"[[17, 11, 18, 10], [18, 2, 19, 1], [12, 22, 13, 21], [22, 16, 1, 15], [14, 5, 15, 6], [6, 19, 7, 20], [20, 3, 21, 4], [4, 13, 5, 14], [2, 8, 3, 7], [9, 17, 10, 16], [11, 9, 12, 8]]"
11n_120_76,"[[11, 9, 12, 8], [17, 11, 18, 10], [18, 2, 19, 1], [12, 22, 13, 21], [22, 16, 1, 15], [14, 5, 15, 6], [6, 19, 7, 20], [20, 3, 21, 4], [4, 13, 5, 14], [2, 8, 3, 7], [9, 17, 10, 16]]"
11n_120_77,"[[10, 18, 11, 17], [12, 10, 13, 9], [18, 12, 19, 11], [19, 3, 20, 2], [13, 1, 14, 22], [1, 17, 2, 16], [15, 6, 16, 7], [7, 20, 8, 21], [21, 4, 22, 5], [5, 14, 6, 15], [3, 9, 4, 8]]"
11n_120_78,"[[3, 9, 4, 8], [10, 18, 11, 17], [12, 10, 13, 9], [18, 12, 19, 11], [19, 3, 20, 2], [13, 1, 14, 22], [1, 17, 2, 16], [15, 6, 16, 7], [7, 20, 8, 21], [21, 4, 22, 5], [5, 14, 6, 15]]"
11n_120_79,"[[5, 14, 6, 15], [3, 9, 4, 8], [10, 18, 11, 17], [12, 10, 13, 9], [18, 12, 19, 11], [19, 3, 20, 2], [13, 1, 14, 22], [1, 17, 2, 16], [15, 6, 16, 7], [7, 20, 8, 21], [21, 4, 22, 5]]"
11n_120_80,"[[21, 4, 22, 5], [5, 14, 6, 15], [3, 9, 4, 8], [10, 18, 11, 17], [12, 10, 13, 9], [18, 12, 19, 11], [19, 3, 20, 2], [13, 1, 14, 22], [1, 17, 2, 16], [15, 6, 16, 7], [7, 20, 8, 21]]"
11n_120_81,"[[7, 20, 8, 21], [21, 4, 22, 5], [5, 14, 6, 15], [3, 9, 4, 8], [10, 18, 11, 17], [12, 10, 13, 9], [18, 12, 19, 11], [19, 3, 20, 2], [13, 1, 14, 22], [1, 17, 2, 16], [15, 6, 16, 7]]"
11n_120_82,"[[15, 6, 16, 7], [7, 20, 8, 21], [21, 4, 22, 5], [5, 14, 6, 15], [3, 9, 4, 8], [10, 18, 11, 17], [12, 10, 13, 9], [18, 12, 19, 11], [19, 3, 20, 2], [13, 1, 14, 22], [1, 17, 2, 16]]"
11n_120_83,"[[1, 17, 2, 16], [15, 6, 16, 7], [7, 20, 8, 21], [21, 4, 22, 5], [5, 14, 6, 15], [3, 9, 4, 8], [10, 18, 11, 17], [12, 10, 13, 9], [18, 12, 19, 11], [19, 3, 20, 2], [13, 1, 14, 22]]"
11n_120_84,"[[13, 1, 14, 22], [1, 17, 2, 16], [15, 6, 16, 7], [7, 20, 8, 21], [21, 4, 22, 5], [5, 14, 6, 15], [3, 9, 4, 8], [10, 18, 11, 17], [12, 10, 13, 9], [18, 12, 19, 11], [19, 3, 20, 2]]"
11n_120_85,"[[19, 3, 20, 2], [13, 1, 14, 22], [1, 17, 2, 16], [15, 6, 16, 7], [7, 20, 8, 21], [21, 4, 22, 5], [5, 14, 6, 15], [3, 9, 4, 8], [10, 18, 11, 17], [12, 10, 13, 9], [18, 12, 19, 11]]"
11n_120_86,"[[18, 12, 19, 11], [19, 3, 20, 2], [13, 1, 14, 22], [1, 17, 2, 16], [15, 6, 16, 7], [7, 20, 8, 21], [21, 4, 22, 5], [5, 14, 6, 15], [3, 9, 4, 8], [10, 18, 11, 17], [12, 10, 13, 9]]"
11n_120_87,"[[12, 10, 13, 9], [18, 12, 19, 11], [19, 3, 20, 2], [13, 1, 14, 22], [1, 17, 2, 16], [15, 6, 16, 7], [7, 20, 8, 21], [21, 4, 22, 5], [5, 14, 6, 15], [3, 9, 4, 8], [10, 18, 11, 17]]"
11n_120_88,"[[11, 19, 12, 18], [13, 11, 14, 10], [19, 13, 20, 12], [20, 4, 21, 3], [14, 2, 15, 1], [2, 18, 3, 17], [16, 7, 17, 8], [8, 21, 9, 22], [22, 5, 1, 6], [6, 15, 7, 16], [4, 10, 5, 9]]"
11n_120_89,"[[4, 10, 5, 9], [11, 19, 12, 18], [13, 11, 14, 10], [19, 13, 20, 12], [20, 4, 21, 3], [14, 2, 15, 1], [2, 18, 3, 17], [16, 7, 17, 8], [8, 21, 9, 22], [22, 5, 1, 6], [6, 15, 7, 16]]"
11n_120_90,"[[6, 15, 7, 16], [4, 10, 5, 9], [11, 19, 12, 18], [13, 11, 14, 10], [19, 13, 20, 12], [20, 4, 21, 3], [14, 2, 15, 1], [2, 18, 3, 17], [16, 7, 17, 8], [8, 21, 9, 22], [22, 5, 1, 6]]"
11n_120_91,"[[22, 5, 1, 6], [6, 15, 7, 16], [4, 10, 5, 9], [11, 19, 12, 18], [13, 11, 14, 10], [19, 13, 20, 12], [20, 4, 21, 3], [14, 2, 15, 1], [2, 18, 3, 17], [16, 7, 17, 8], [8, 21, 9, 22]]"
11n_120_92,"[[8, 21, 9, 22], [22, 5, 1, 6], [6, 15, 7, 16], [4, 10, 5, 9], [11, 19, 12, 18], [13, 11, 14, 10], [19, 13, 20, 12], [20, 4, 21, 3], [14, 2, 15, 1], [2, 18, 3, 17], [16, 7, 17, 8]]"
11n_120_93,"[[16, 7, 17, 8], [8, 21, 9, 22], [22, 5, 1, 6], [6, 15, 7, 16], [4, 10, 5, 9], [11, 19, 12, 18], [13, 11, 14, 10], [19, 13, 20, 12], [20, 4, 21, 3], [14, 2, 15, 1], [2, 18, 3, 17]]"
11n_120_94,"[[2, 18, 3, 17], [16, 7, 17, 8], [8, 21, 9, 22], [22, 5, 1, 6], [6, 15, 7, 16], [4, 10, 5, 9], [11, 19, 12, 18], [13, 11, 14, 10], [19, 13, 20, 12], [20, 4, 21, 3], [14, 2, 15, 1]]"
11n_120_95,"[[14, 2, 15, 1], [2, 18, 3, 17], [16, 7, 17, 8], [8, 21, 9, 22], [22, 5, 1, 6], [6, 15, 7, 16], [4, 10, 5, 9], [11, 19, 12, 18], [13, 11, 14, 10], [19, 13, 20, 12], [20, 4, 21, 3]]"
11n_120_96,"[[20, 4, 21, 3], [14, 2, 15, 1], [2, 18, 3, 17], [16, 7, 17, 8], [8, 21, 9, 22], [22, 5, 1, 6], [6, 15, 7, 16], [4, 10, 5, 9], [11, 19, 12, 18], [13, 11, 14, 10], [19, 13, 20, 12]]"
11n_120_97,"[[19, 13, 20, 12], [20, 4, 21, 3], [14, 2, 15, 1], [2, 18, 3, 17], [16, 7, 17, 8], [8, 21, 9, 22], [22, 5, 1, 6], [6, 15, 7, 16], [4, 10, 5, 9], [11, 19, 12, 18], [13, 11, 14, 10]]"
11n_120_98,"[[13, 11, 14, 10], [19, 13, 20, 12], [20, 4, 21, 3], [14, 2, 15, 1], [2, 18, 3, 17], [16, 7, 17, 8], [8, 21, 9, 22], [22, 5, 1, 6], [6, 15, 7, 16], [4, 10, 5, 9], [11, 19, 12, 18]]"
11n_120_99,"[[12, 20, 13, 19], [14, 12, 15, 11], [20, 14, 21, 13], [21, 5, 22, 4], [15, 3, 16, 2], [3, 19, 4, 18], [17, 8, 18, 9], [9, 22, 10, 1], [1, 6, 2, 7], [7, 16, 8, 17], [5, 11, 6, 10]]"
11n_120_100,"[[5, 11, 6, 10], [12, 20, 13, 19], [14, 12, 15, 11], [20, 14, 21, 13], [21, 5, 22, 4], [15, 3, 16, 2], [3, 19, 4, 18], [17, 8, 18, 9], [9, 22, 10, 1], [1, 6, 2, 7], [7, 16, 8, 17]]"
11n_120_101,"[[7, 16, 8, 17], [5, 11, 6, 10], [12, 20, 13, 19], [14, 12, 15, 11], [20, 14, 21, 13], [21, 5, 22, 4], [15, 3, 16, 2], [3, 19, 4, 18], [17, 8, 18, 9], [9, 22, 10, 1], [1, 6, 2, 7]]"
11n_120_102,"[[1, 6, 2, 7], [7, 16, 8, 17], [5, 11, 6, 10], [12, 20, 13, 19], [14, 12, 15, 11], [20, 14, 21, 13], [21, 5, 22, 4], [15, 3, 16, 2], [3, 19, 4, 18], [17, 8, 18, 9], [9, 22, 10, 1]]"
11n_120_103,"[[9, 22, 10, 1], [1, 6, 2, 7], [7, 16, 8, 17], [5, 11, 6, 10], [12, 20, 13, 19], [14, 12, 15, 11], [20, 14, 21, 13], [21, 5, 22, 4], [15, 3, 16, 2], [3, 19, 4, 18], [17, 8, 18, 9]]"
11n_120_104,"[[17, 8, 18, 9], [9, 22, 10, 1], [1, 6, 2, 7], [7, 16, 8, 17], [5, 11, 6, 10], [12, 20, 13, 19], [14, 12, 15, 11], [20, 14, 21, 13], [21, 5, 22, 4], [15, 3, 16, 2], [3, 19, 4, 18]]"
11n_120_105,"[[3, 19, 4, 18], [17, 8, 18, 9], [9, 22, 10, 1], [1, 6, 2, 7], [7, 16, 8, 17], [5, 11, 6, 10], [12, 20, 13, 19], [14, 12, 15, 11], [20, 14, 21, 13], [21, 5, 22, 4], [15, 3, 16, 2]]"
11n_120_106,"[[15, 3, 16, 2], [3, 19, 4, 18], [17, 8, 18, 9], [9, 22, 10, 1], [1, 6, 2, 7], [7, 16, 8, 17], [5, 11, 6, 10], [12, 20, 13, 19], [14, 12, 15, 11], [20, 14, 21, 13], [21, 5, 22, 4]]"
11n_120_107,"[[21, 5, 22, 4], [15, 3, 16, 2], [3, 19, 4, 18], [17, 8, 18, 9], [9, 22, 10, 1], [1, 6, 2, 7], [7, 16, 8, 17], [5, 11, 6, 10], [12, 20, 13, 19], [14, 12, 15, 11], [20, 14, 21, 13]]"
11n_120_108,"[[20, 14, 21, 13], [21, 5, 22, 4], [15, 3, 16, 2], [3, 19, 4, 18], [17, 8, 18, 9], [9, 22, 10, 1], [1, 6, 2, 7], [7, 16, 8, 17], [5, 11, 6, 10], [12, 20, 13, 19], [14, 12, 15, 11]]"
11n_120_109,"[[14, 12, 15, 11], [20, 14, 21, 13], [21, 5, 22, 4], [15, 3, 16, 2], [3, 19, 4, 18], [17, 8, 18, 9], [9, 22, 10, 1], [1, 6, 2, 7], [7, 16, 8, 17], [5, 11, 6, 10], [12, 20, 13, 19]]"
11n_120_110,"[[13, 21, 14, 20], [15, 13, 16, 12], [21, 15, 22, 14], [22, 6, 1, 5], [16, 4, 17, 3], [4, 20, 5, 19], [18, 9, 19, 10], [10, 1, 11, 2], [2, 7, 3, 8], [8, 17, 9, 18], [6, 12, 7, 11]]"
11n_120_111,"[[6, 12, 7, 11], [13, 21, 14, 20], [15, 13, 16, 12], [21, 15, 22, 14], [22, 6, 1, 5], [16, 4, 17, 3], [4, 20, 5, 19], [18, 9, 19, 10], [10, 1, 11, 2], [2, 7, 3, 8], [8, 17, 9, 18]]"
11n_120_112,"[[8, 17, 9, 18], [6, 12, 7, 11], [13, 21, 14, 20], [15, 13, 16, 12], [21, 15, 22, 14], [22, 6, 1, 5], [16, 4, 17, 3], [4, 20, 5, 19], [18, 9, 19, 10], [10, 1, 11, 2], [2, 7, 3, 8]]"
11n_120_113,"[[2, 7, 3, 8], [8, 17, 9, 18], [6, 12, 7, 11], [13, 21, 14, 20], [15, 13, 16, 12], [21, 15, 22, 14], [22, 6, 1, 5], [16, 4, 17, 3], [4, 20, 5, 19], [18, 9, 19, 10], [10, 1, 11, 2]]"
11n_120_114,"[[10, 1, 11, 2], [2, 7, 3, 8], [8, 17, 9, 18], [6, 12, 7, 11], [13, 21, 14, 20], [15, 13, 16, 12], [21, 15, 22, 14], [22, 6, 1, 5], [16, 4, 17, 3], [4, 20, 5, 19], [18, 9, 19, 10]]"
11n_120_115,"[[18, 9, 19, 10], [10, 1, 11, 2], [2, 7, 3, 8], [8, 17, 9, 18], [6, 12, 7, 11], [13, 21, 14, 20], [15, 13, 16, 12], [21, 15, 22, 14], [22, 6, 1, 5], [16, 4, 17, 3], [4, 20, 5, 19]]"
11n_120_116,"[[4, 20, 5, 19], [18, 9, 19, 10], [10, 1, 11, 2], [2, 7, 3, 8], [8, 17, 9, 18], [6, 12, 7, 11], [13, 21, 14, 20], [15, 13, 16, 12], [21, 15, 22, 14], [22, 6, 1, 5], [16, 4, 17, 3]]"
11n_120_117,"[[16, 4, 17, 3], [4, 20, 5, 19], [18, 9, 19, 10], [10, 1, 11, 2], [2, 7, 3, 8], [8, 17, 9, 18], [6, 12, 7, 11], [13, 21, 14, 20], [15, 13, 16, 12], [21, 15, 22, 14], [22, 6, 1, 5]]"
11n_120_118,"[[22, 6, 1, 5], [16, 4, 17, 3], [4, 20, 5, 19], [18, 9, 19, 10], [10, 1, 11, 2], [2, 7, 3, 8], [8, 17, 9, 18], [6, 12, 7, 11], [13, 21, 14, 20], [15, 13, 16, 12], [21, 15, 22, 14]]"
11n_120_119,"[[21, 15, 22, 14], [22, 6, 1, 5], [16, 4, 17, 3], [4, 20, 5, 19], [18, 9, 19, 10], [10, 1, 11, 2], [2, 7, 3, 8], [8, 17, 9, 18], [6, 12, 7, 11], [13, 21, 14, 20], [15, 13, 16, 12]]"
11n_120_120,"[[15, 13, 16, 12], [21, 15, 22, 14], [22, 6, 1, 5], [16, 4, 17, 3], [4, 20, 5, 19], [18, 9, 19, 10], [10, 1, 11, 2], [2, 7, 3, 8], [8, 17, 9, 18], [6, 12, 7, 11], [13, 21, 14, 20]]"
11n_120_121,"[[14, 22, 15, 21], [16, 14, 17, 13], [22, 16, 1, 15], [1, 7, 2, 6], [17, 5, 18, 4], [5, 21, 6, 20], [19, 10, 20, 11], [11, 2, 12, 3], [3, 8, 4, 9], [9, 18, 10, 19], [7, 13, 8, 12]]"
11n_120_122,"[[7, 13, 8, 12], [14, 22, 15, 21], [16, 14, 17, 13], [22, 16, 1, 15], [1, 7, 2, 6], [17, 5, 18, 4], [5, 21, 6, 20], [19, 10, 20, 11], [11, 2, 12, 3], [3, 8, 4, 9], [9, 18, 10, 19]]"
11n_120_123,"[[9, 18, 10, 19], [7, 13, 8, 12], [14, 22, 15, 21], [16, 14, 17, 13], [22, 16, 1, 15], [1, 7, 2, 6], [17, 5, 18, 4], [5, 21, 6, 20], [19, 10, 20, 11], [11, 2, 12, 3], [3, 8, 4, 9]]"
11n_120_124,"[[3, 8, 4, 9], [9, 18, 10, 19], [7, 13, 8, 12], [14, 22, 15, 21], [16, 14, 17, 13], [22, 16, 1, 15], [1, 7, 2, 6], [17, 5, 18, 4], [5, 21, 6, 20], [19, 10, 20, 11], [11, 2, 12, 3]]"
11n_120_125,"[[11, 2, 12, 3], [3, 8, 4, 9], [9, 18, 10, 19], [7, 13, 8, 12], [14, 22, 15, 21], [16, 14, 17, 13], [22, 16, 1, 15], [1, 7, 2, 6], [17, 5, 18, 4], [5, 21, 6, 20], [19, 10, 20, 11]]"
11n_120_126,"[[19, 10, 20, 11], [11, 2, 12, 3], [3, 8, 4, 9], [9, 18, 10, 19], [7, 13, 8, 12], [14, 22, 15, 21], [16, 14, 17, 13], [22, 16, 1, 15], [1, 7, 2, 6], [17, 5, 18, 4], [5, 21, 6, 20]]"
11n_120_127,"[[5, 21, 6, 20], [19, 10, 20, 11], [11, 2, 12, 3], [3, 8, 4, 9], [9, 18, 10, 19], [7, 13, 8, 12], [14, 22, 15, 21], [16, 14, 17, 13], [22, 16, 1, 15], [1, 7, 2, 6], [17, 5, 18, 4]]"
11n_120_128,"[[17, 5, 18, 4], [5, 21, 6, 20], [19, 10, 20, 11], [11, 2, 12, 3], [3, 8, 4, 9], [9, 18, 10, 19], [7, 13, 8, 12], [14, 22, 15, 21], [16, 14, 17, 13], [22, 16, 1, 15], [1, 7, 2, 6]]"
11n_120_129,"[[1, 7, 2, 6], [17, 5, 18, 4], [5, 21, 6, 20], [19, 10, 20, 11], [11, 2, 12, 3], [3, 8, 4, 9], [9, 18, 10, 19], [7, 13, 8, 12], [14, 22, 15, 21], [16, 14, 17, 13], [22, 16, 1, 15]]"
11n_120_130,"[[22, 16, 1, 15], [1, 7, 2, 6], [17, 5, 18, 4], [5, 21, 6, 20], [19, 10, 20, 11], [11, 2, 12, 3], [3, 8, 4, 9], [9, 18, 10, 19], [7, 13, 8, 12], [14, 22, 15, 21], [16, 14, 17, 13]]"
11n_120_131,"[[16, 14, 17, 13], [22, 16, 1, 15], [1, 7, 2, 6], [17, 5, 18, 4], [5, 21, 6, 20], [19, 10, 20, 11], [11, 2, 12, 3], [3, 8, 4, 9], [9, 18, 10, 19], [7, 13, 8, 12], [14, 22, 15, 21]]"
11n_120_132,"[[15, 1, 16, 22], [17, 15, 18, 14], [1, 17, 2, 16], [2, 8, 3, 7], [18, 6, 19, 5], [6, 22, 7, 21], [20, 11, 21, 12], [12, 3, 13, 4], [4, 9, 5, 10], [10, 19, 11, 20], [8, 14, 9, 13]]"
11n_120_133,"[[8, 14, 9, 13], [15, 1, 16, 22], [17, 15, 18, 14], [1, 17, 2, 16], [2, 8, 3, 7], [18, 6, 19, 5], [6, 22, 7, 21], [20, 11, 21, 12], [12, 3, 13, 4], [4, 9, 5, 10], [10, 19, 11, 20]]"
11n_120_134,"[[10, 19, 11, 20], [8, 14, 9, 13], [15, 1, 16, 22], [17, 15, 18, 14], [1, 17, 2, 16], [2, 8, 3, 7], [18, 6, 19, 5], [6, 22, 7, 21], [20, 11, 21, 12], [12, 3, 13, 4], [4, 9, 5, 10]]"
11n_120_135,"[[4, 9, 5, 10], [10, 19, 11, 20], [8, 14, 9, 13], [15, 1, 16, 22], [17, 15, 18, 14], [1, 17, 2, 16], [2, 8, 3, 7], [18, 6, 19, 5], [6, 22, 7, 21], [20, 11, 21, 12], [12, 3, 13, 4]]"
11n_120_136,"[[12, 3, 13, 4], [4, 9, 5, 10], [10, 19, 11, 20], [8, 14, 9, 13], [15, 1, 16, 22], [17, 15, 18, 14], [1, 17, 2, 16], [2, 8, 3, 7], [18, 6, 19, 5], [6, 22, 7, 21], [20, 11, 21, 12]]"
11n_120_137,"[[20, 11, 21, 12], [12, 3, 13, 4], [4, 9, 5, 10], [10, 19, 11, 20], [8, 14, 9, 13], [15, 1, 16, 22], [17, 15, 18, 14], [1, 17, 2, 16], [2, 8, 3, 7], [18, 6, 19, 5], [6, 22, 7, 21]]"
11n_120_138,"[[6, 22, 7, 21], [20, 11, 21, 12], [12, 3, 13, 4], [4, 9, 5, 10], [10, 19, 11, 20], [8, 14, 9, 13], [15, 1, 16, 22], [17, 15, 18, 14], [1, 17, 2, 16], [2, 8, 3, 7], [18, 6, 19, 5]]"
11n_120_139,"[[18, 6, 19, 5], [6, 22, 7, 21], [20, 11, 21, 12], [12, 3, 13, 4], [4, 9, 5, 10], [10, 19, 11, 20], [8, 14, 9, 13], [15, 1, 16, 22], [17, 15, 18, 14], [1, 17, 2, 16], [2, 8, 3, 7]]"
11n_120_140,"[[2, 8, 3, 7], [18, 6, 19, 5], [6, 22, 7, 21], [20, 11, 21, 12], [12, 3, 13, 4], [4, 9, 5, 10], [10, 19, 11, 20], [8, 14, 9, 13], [15, 1, 16, 22], [17, 15, 18, 14], [1, 17, 2, 16]]"
11n_120_141,"[[1, 17, 2, 16], [2, 8, 3, 7], [18, 6, 19, 5], [6, 22, 7, 21], [20, 11, 21, 12], [12, 3, 13, 4], [4, 9, 5, 10], [10, 19, 11, 20], [8, 14, 9, 13], [15, 1, 16, 22], [17, 15, 18, 14]]"
11n_120_142,"[[17, 15, 18, 14], [1, 17, 2, 16], [2, 8, 3, 7], [18, 6, 19, 5], [6, 22, 7, 21], [20, 11, 21, 12], [12, 3, 13, 4], [4, 9, 5, 10], [10, 19, 11, 20], [8, 14, 9, 13], [15, 1, 16, 22]]"
11n_120_143,"[[16, 2, 17, 1], [18, 16, 19, 15], [2, 18, 3, 17], [3, 9, 4, 8], [19, 7, 20, 6], [7, 1, 8, 22], [21, 12, 22, 13], [13, 4, 14, 5], [5, 10, 6, 11], [11, 20, 12, 21], [9, 15, 10, 14]]"
11n_120_144,"[[9, 15, 10, 14], [16, 2, 17, 1], [18, 16, 19, 15], [2, 18, 3, 17], [3, 9, 4, 8], [19, 7, 20, 6], [7, 1, 8, 22], [21, 12, 22, 13], [13, 4, 14, 5], [5, 10, 6, 11], [11, 20, 12, 21]]"
11n_120_145,"[[11, 20, 12, 21], [9, 15, 10, 14], [16, 2, 17, 1], [18, 16, 19, 15], [2, 18, 3, 17], [3, 9, 4, 8], [19, 7, 20, 6], [7, 1, 8, 22], [21, 12, 22, 13], [13, 4, 14, 5], [5, 10, 6, 11]]"
11n_120_146,"[[5, 10, 6, 11], [11, 20, 12, 21], [9, 15, 10, 14], [16, 2, 17, 1], [18, 16, 19, 15], [2, 18, 3, 17], [3, 9, 4, 8], [19, 7, 20, 6], [7, 1, 8, 22], [21, 12, 22, 13], [13, 4, 14, 5]]"
11n_120_147,"[[13, 4, 14, 5], [5, 10, 6, 11], [11, 20, 12, 21], [9, 15, 10, 14], [16, 2, 17, 1], [18, 16, 19, 15], [2, 18, 3, 17], [3, 9, 4, 8], [19, 7, 20, 6], [7, 1, 8, 22], [21, 12, 22, 13]]"
11n_120_148,"[[21, 12, 22, 13], [13, 4, 14, 5], [5, 10, 6, 11], [11, 20, 12, 21], [9, 15, 10, 14], [16, 2, 17, 1], [18, 16, 19, 15], [2, 18, 3, 17], [3, 9, 4, 8], [19, 7, 20, 6], [7, 1, 8, 22]]"
11n_120_149,"[[7, 1, 8, 22], [21, 12, 22, 13], [13, 4, 14, 5], [5, 10, 6, 11], [11, 20, 12, 21], [9, 15, 10, 14], [16, 2, 17, 1], [18, 16, 19, 15], [2, 18, 3, 17], [3, 9, 4, 8], [19, 7, 20, 6]]"
11n_120_150,"[[19, 7, 20, 6], [7, 1, 8, 22], [21, 12, 22, 13], [13, 4, 14, 5], [5, 10, 6, 11], [11, 20, 12, 21], [9, 15, 10, 14], [16, 2, 17, 1], [18, 16, 19, 15], [2, 18, 3, 17], [3, 9, 4, 8]]"
11n_120_151,"[[3, 9, 4, 8], [19, 7, 20, 6], [7, 1, 8, 22], [21, 12, 22, 13], [13, 4, 14, 5], [5, 10, 6, 11], [11, 20, 12, 21], [9, 15, 10, 14], [16, 2, 17, 1], [18, 16, 19, 15], [2, 18, 3, 17]]"
11n_120_152,"[[2, 18, 3, 17], [3, 9, 4, 8], [19, 7, 20, 6], [7, 1, 8, 22], [21, 12, 22, 13], [13, 4, 14, 5], [5, 10, 6, 11], [11, 20, 12, 21], [9, 15, 10, 14], [16, 2, 17, 1], [18, 16, 19, 15]]"
11n_120_153,"[[18, 16, 19, 15], [2, 18, 3, 17], [3, 9, 4, 8], [19, 7, 20, 6], [7, 1, 8, 22], [21, 12, 22, 13], [13, 4, 14, 5], [5, 10, 6, 11], [11, 20, 12, 21], [9, 15, 10, 14], [16, 2, 17, 1]]"
11n_120_154,"[[17, 3, 18, 2], [19, 17, 20, 16], [3, 19, 4, 18], [4, 10, 5, 9], [20, 8, 21, 7], [8, 2, 9, 1], [22, 13, 1, 14], [14, 5, 15, 6], [6, 11, 7, 12], [12, 21, 13, 22], [10, 16, 11, 15]]"
11n_120_155,"[[10, 16, 11, 15], [17, 3, 18, 2], [19, 17, 20, 16], [3, 19, 4, 18], [4, 10, 5, 9], [20, 8, 21, 7], [8, 2, 9, 1], [22, 13, 1, 14], [14, 5, 15, 6], [6, 11, 7, 12], [12, 21, 13, 22]]"
11n_120_156,"[[12, 21, 13, 22], [10, 16, 11, 15], [17, 3, 18, 2], [19, 17, 20, 16], [3, 19, 4, 18], [4, 10, 5, 9], [20, 8, 21, 7], [8, 2, 9, 1], [22, 13, 1, 14], [14, 5, 15, 6], [6, 11, 7, 12]]"
11n_120_157,"[[6, 11, 7, 12], [12, 21, 13, 22], [10, 16, 11, 15], [17, 3, 18, 2], [19, 17, 20, 16], [3, 19, 4, 18], [4, 10, 5, 9], [20, 8, 21, 7], [8, 2, 9, 1], [22, 13, 1, 14], [14, 5, 15, 6]]"
11n_120_158,"[[14, 5, 15, 6], [6, 11, 7, 12], [12, 21, 13, 22], [10, 16, 11, 15], [17, 3, 18, 2], [19, 17, 20, 16], [3, 19, 4, 18], [4, 10, 5, 9], [20, 8, 21, 7], [8, 2, 9, 1], [22, 13, 1, 14]]"
11n_120_159,"[[22, 13, 1, 14], [14, 5, 15, 6], [6, 11, 7, 12], [12, 21, 13, 22], [10, 16, 11, 15], [17, 3, 18, 2], [19, 17, 20, 16], [3, 19, 4, 18], [4, 10, 5, 9], [20, 8, 21, 7], [8, 2, 9, 1]]"
11n_120_160,"[[8, 2, 9, 1], [22, 13, 1, 14], [14, 5, 15, 6], [6, 11, 7, 12], [12, 21, 13, 22], [10, 16, 11, 15], [17, 3, 18, 2], [19, 17, 20, 16], [3, 19, 4, 18], [4, 10, 5, 9], [20, 8, 21, 7]]"
11n_120_161,"[[20, 8, 21, 7], [8, 2, 9, 1], [22, 13, 1, 14], [14, 5, 15, 6], [6, 11, 7, 12], [12, 21, 13, 22], [10, 16, 11, 15], [17, 3, 18, 2], [19, 17, 20, 16], [3, 19, 4, 18], [4, 10, 5, 9]]"
11n_120_162,"[[4, 10, 5, 9], [20, 8, 21, 7], [8, 2, 9, 1], [22, 13, 1, 14], [14, 5, 15, 6], [6, 11, 7, 12], [12, 21, 13, 22], [10, 16, 11, 15], [17, 3, 18, 2], [19, 17, 20, 16], [3, 19, 4, 18]]"
11n_120_163,"[[3, 19, 4, 18], [4, 10, 5, 9], [20, 8, 21, 7], [8, 2, 9, 1], [22, 13, 1, 14], [14, 5, 15, 6], [6, 11, 7, 12], [12, 21, 13, 22], [10, 16, 11, 15], [17, 3, 18, 2], [19, 17, 20, 16]]"
11n_120_164,"[[19, 17, 20, 16], [3, 19, 4, 18], [4, 10, 5, 9], [20, 8, 21, 7], [8, 2, 9, 1], [22, 13, 1, 14], [14, 5, 15, 6], [6, 11, 7, 12], [12, 21, 13, 22], [10, 16, 11, 15], [17, 3, 18, 2]]"
11n_120_165,"[[18, 4, 19, 3], [20, 18, 21, 17], [4, 20, 5, 19], [5, 11, 6, 10], [21, 9, 22, 8], [9, 3, 10, 2], [1, 14, 2, 15], [15, 6, 16, 7], [7, 12, 8, 13], [13, 22, 14, 1], [11, 17, 12, 16]]"
11n_120_166,"[[11, 17, 12, 16], [18, 4, 19, 3], [20, 18, 21, 17], [4, 20, 5, 19], [5, 11, 6, 10], [21, 9, 22, 8], [9, 3, 10, 2], [1, 14, 2, 15], [15, 6, 16, 7], [7, 12, 8, 13], [13, 22, 14, 1]]"
11n_120_167,"[[13, 22, 14, 1], [11, 17, 12, 16], [18, 4, 19, 3], [20, 18, 21, 17], [4, 20, 5, 19], [5, 11, 6, 10], [21, 9, 22, 8], [9, 3, 10, 2], [1, 14, 2, 15], [15, 6, 16, 7], [7, 12, 8, 13]]"
11n_120_168,"[[7, 12, 8, 13], [13, 22, 14, 1], [11, 17, 12, 16], [18, 4, 19, 3], [20, 18, 21, 17], [4, 20, 5, 19], [5, 11, 6, 10], [21, 9, 22, 8], [9, 3, 10, 2], [1, 14, 2, 15], [15, 6, 16, 7]]"
11n_120_169,"[[15, 6, 16, 7], [7, 12, 8, 13], [13, 22, 14, 1], [11, 17, 12, 16], [18, 4, 19, 3], [20, 18, 21, 17], [4, 20, 5, 19], [5, 11, 6, 10], [21, 9, 22, 8], [9, 3, 10, 2], [1, 14, 2, 15]]"
11n_120_170,"[[1, 14, 2, 15], [15, 6, 16, 7], [7, 12, 8, 13], [13, 22, 14, 1], [11, 17, 12, 16], [18, 4, 19, 3], [20, 18, 21, 17], [4, 20, 5, 19], [5, 11, 6, 10], [21, 9, 22, 8], [9, 3, 10, 2]]"
11n_120_171,"[[9, 3, 10, 2], [1, 14, 2, 15], [15, 6, 16, 7], [7, 12, 8, 13], [13, 22, 14, 1], [11, 17, 12, 16], [18, 4, 19, 3], [20, 18, 21, 17], [4, 20, 5, 19], [5, 11, 6, 10], [21, 9, 22, 8]]"
11n_120_172,"[[21, 9, 22, 8], [9, 3, 10, 2], [1, 14, 2, 15], [15, 6, 16, 7], [7, 12, 8, 13], [13, 22, 14, 1], [11, 17, 12, 16], [18, 4, 19, 3], [20, 18, 21, 17], [4, 20, 5, 19], [5, 11, 6, 10]]"
11n_120_173,"[[5, 11, 6, 10], [21, 9, 22, 8], [9, 3, 10, 2], [1, 14, 2, 15], [15, 6, 16, 7], [7, 12, 8, 13], [13, 22, 14, 1], [11, 17, 12, 16], [18, 4, 19, 3], [20, 18, 21, 17], [4, 20, 5, 19]]"
11n_120_174,"[[4, 20, 5, 19], [5, 11, 6, 10], [21, 9, 22, 8], [9, 3, 10, 2], [1, 14, 2, 15], [15, 6, 16, 7], [7, 12, 8, 13], [13, 22, 14, 1], [11, 17, 12, 16], [18, 4, 19, 3], [20, 18, 21, 17]]"
11n_120_175,"[[20, 18, 21, 17], [4, 20, 5, 19], [5, 11, 6, 10], [21, 9, 22, 8], [9, 3, 10, 2], [1, 14, 2, 15], [15, 6, 16, 7], [7, 12, 8, 13], [13, 22, 14, 1], [11, 17, 12, 16], [18, 4, 19, 3]]"
11n_120_176,"[[19, 5, 20, 4], [21, 19, 22, 18], [5, 21, 6, 20], [6, 12, 7, 11], [22, 10, 1, 9], [10, 4, 11, 3], [2, 15, 3, 16], [16, 7, 17, 8], [8, 13, 9, 14], [14, 1, 15, 2], [12, 18, 13, 17]]"
11n_120_177,"[[12, 18, 13, 17], [19, 5, 20, 4], [21, 19, 22, 18], [5, 21, 6, 20], [6, 12, 7, 11], [22, 10, 1, 9], [10, 4, 11, 3], [2, 15, 3, 16], [16, 7, 17, 8], [8, 13, 9, 14], [14, 1, 15, 2]]"
11n_120_178,"[[14, 1, 15, 2], [12, 18, 13, 17], [19, 5, 20, 4], [21, 19, 22, 18], [5, 21, 6, 20], [6, 12, 7, 11], [22, 10, 1, 9], [10, 4, 11, 3], [2, 15, 3, 16], [16, 7, 17, 8], [8, 13, 9, 14]]"
11n_120_179,"[[8, 13, 9, 14], [14, 1, 15, 2], [12, 18, 13, 17], [19, 5, 20, 4], [21, 19, 22, 18], [5, 21, 6, 20], [6, 12, 7, 11], [22, 10, 1, 9], [10, 4, 11, 3], [2, 15, 3, 16], [16, 7, 17, 8]]"
11n_120_180,"[[16, 7, 17, 8], [8, 13, 9, 14], [14, 1, 15, 2], [12, 18, 13, 17], [19, 5, 20, 4], [21, 19, 22, 18], [5, 21, 6, 20], [6, 12, 7, 11], [22, 10, 1, 9], [10, 4, 11, 3], [2, 15, 3, 16]]"
11n_120_181,"[[2, 15, 3, 16], [16, 7, 17, 8], [8, 13, 9, 14], [14, 1, 15, 2], [12, 18, 13, 17], [19, 5, 20, 4], [21, 19, 22, 18], [5, 21, 6, 20], [6, 12, 7, 11], [22, 10, 1, 9], [10, 4, 11, 3]]"
11n_120_182,"[[10, 4, 11, 3], [2, 15, 3, 16], [16, 7, 17, 8], [8, 13, 9, 14], [14, 1, 15, 2], [12, 18, 13, 17], [19, 5, 20, 4], [21, 19, 22, 18], [5, 21, 6, 20], [6, 12, 7, 11], [22, 10, 1, 9]]"
11n_120_183,"[[22, 10, 1, 9], [10, 4, 11, 3], [2, 15, 3, 16], [16, 7, 17, 8], [8, 13, 9, 14], [14, 1, 15, 2], [12, 18, 13, 17], [19, 5, 20, 4], [21, 19, 22, 18], [5, 21, 6, 20], [6, 12, 7, 11]]"
11n_120_184,"[[6, 12, 7, 11], [22, 10, 1, 9], [10, 4, 11, 3], [2, 15, 3, 16], [16, 7, 17, 8], [8, 13, 9, 14], [14, 1, 15, 2], [12, 18, 13, 17], [19, 5, 20, 4], [21, 19, 22, 18], [5, 21, 6, 20]]"
11n_120_185,"[[5, 21, 6, 20], [6, 12, 7, 11], [22, 10, 1, 9], [10, 4, 11, 3], [2, 15, 3, 16], [16, 7, 17, 8], [8, 13, 9, 14], [14, 1, 15, 2], [12, 18, 13, 17], [19, 5, 20, 4], [21, 19, 22, 18]]"
11n_120_186,"[[21, 19, 22, 18], [5, 21, 6, 20], [6, 12, 7, 11], [22, 10, 1, 9], [10, 4, 11, 3], [2, 15, 3, 16], [16, 7, 17, 8], [8, 13, 9, 14], [14, 1, 15, 2], [12, 18, 13, 17], [19, 5, 20, 4]]"
11n_120_187,"[[20, 6, 21, 5], [22, 20, 1, 19], [6, 22, 7, 21], [7, 13, 8, 12], [1, 11, 2, 10], [11, 5, 12, 4], [3, 16, 4, 17], [17, 8, 18, 9], [9, 14, 10, 15], [15, 2, 16, 3], [13, 19, 14, 18]]"
11n_120_188,"[[13, 19, 14, 18], [20, 6, 21, 5], [22, 20, 1, 19], [6, 22, 7, 21], [7, 13, 8, 12], [1, 11, 2, 10], [11, 5, 12, 4], [3, 16, 4, 17], [17, 8, 18, 9], [9, 14, 10, 15], [15, 2, 16, 3]]"
11n_120_189,"[[15, 2, 16, 3], [13, 19, 14, 18], [20, 6, 21, 5], [22, 20, 1, 19], [6, 22, 7, 21], [7, 13, 8, 12], [1, 11, 2, 10], [11, 5, 12, 4], [3, 16, 4, 17], [17, 8, 18, 9], [9, 14, 10, 15]]"
11n_120_190,"[[9, 14, 10, 15], [15, 2, 16, 3], [13, 19, 14, 18], [20, 6, 21, 5], [22, 20, 1, 19], [6, 22, 7, 21], [7, 13, 8, 12], [1, 11, 2, 10], [11, 5, 12, 4], [3, 16, 4, 17], [17, 8, 18, 9]]"
11n_120_191,"[[17, 8, 18, 9], [9, 14, 10, 15], [15, 2, 16, 3], [13, 19, 14, 18], [20, 6, 21, 5], [22, 20, 1, 19], [6, 22, 7, 21], [7, 13, 8, 12], [1, 11, 2, 10], [11, 5, 12, 4], [3, 16, 4, 17]]"
11n_120_192,"[[3, 16, 4, 17], [17, 8, 18, 9], [9, 14, 10, 15], [15, 2, 16, 3], [13, 19, 14, 18], [20, 6, 21, 5], [22, 20, 1, 19], [6, 22, 7, 21], [7, 13, 8, 12], [1, 11, 2, 10], [11, 5, 12, 4]]"
11n_120_193,"[[11, 5, 12, 4], [3, 16, 4, 17], [17, 8, 18, 9], [9, 14, 10, 15], [15, 2, 16, 3], [13, 19, 14, 18], [20, 6, 21, 5], [22, 20, 1, 19], [6, 22, 7, 21], [7, 13, 8, 12], [1, 11, 2, 10]]"
11n_120_194,"[[1, 11, 2, 10], [11, 5, 12, 4], [3, 16, 4, 17], [17, 8, 18, 9], [9, 14, 10, 15], [15, 2, 16, 3], [13, 19, 14, 18], [20, 6, 21, 5], [22, 20, 1, 19], [6, 22, 7, 21], [7, 13, 8, 12]]"
11n_120_195,"[[7, 13, 8, 12], [1, 11, 2, 10], [11, 5, 12, 4], [3, 16, 4, 17], [17, 8, 18, 9], [9, 14, 10, 15], [15, 2, 16, 3], [13, 19, 14, 18], [20, 6, 21, 5], [22, 20, 1, 19], [6, 22, 7, 21]]"
11n_120_196,"[[6, 22, 7, 21], [7, 13, 8, 12], [1, 11, 2, 10], [11, 5, 12, 4], [3, 16, 4, 17], [17, 8, 18, 9], [9, 14, 10, 15], [15, 2, 16, 3], [13, 19, 14, 18], [20, 6, 21, 5], [22, 20, 1, 19]]"
11n_120_197,"[[22, 20, 1, 19], [6, 22, 7, 21], [7, 13, 8, 12], [1, 11, 2, 10], [11, 5, 12, 4], [3, 16, 4, 17], [17, 8, 18, 9], [9, 14, 10, 15], [15, 2, 16, 3], [13, 19, 14, 18], [20, 6, 21, 5]]"
11n_120_198,"[[21, 7, 22, 6], [1, 21, 2, 20], [7, 1, 8, 22], [8, 14, 9, 13], [2, 12, 3, 11], [12, 6, 13, 5], [4, 17, 5, 18], [18, 9, 19, 10], [10, 15, 11, 16], [16, 3, 17, 4], [14, 20, 15, 19]]"
11n_120_199,"[[14, 20, 15, 19], [21, 7, 22, 6], [1, 21, 2, 20], [7, 1, 8, 22], [8, 14, 9, 13], [2, 12, 3, 11], [12, 6, 13, 5], [4, 17, 5, 18], [18, 9, 19, 10], [10, 15, 11, 16], [16, 3, 17, 4]]"
11n_120_200,"[[16, 3, 17, 4], [14, 20, 15, 19], [21, 7, 22, 6], [1, 21, 2, 20], [7, 1, 8, 22], [8, 14, 9, 13], [2, 12, 3, 11], [12, 6, 13, 5], [4, 17, 5, 18], [18, 9, 19, 10], [10, 15, 11, 16]]"
11n_120_201,"[[10, 15, 11, 16], [16, 3, 17, 4], [14, 20, 15, 19], [21, 7, 22, 6], [1, 21, 2, 20], [7, 1, 8, 22], [8, 14, 9, 13], [2, 12, 3, 11], [12, 6, 13, 5], [4, 17, 5, 18], [18, 9, 19, 10]]"
11n_120_202,"[[18, 9, 19, 10], [10, 15, 11, 16], [16, 3, 17, 4], [14, 20, 15, 19], [21, 7, 22, 6], [1, 21, 2, 20], [7, 1, 8, 22], [8, 14, 9, 13], [2, 12, 3, 11], [12, 6, 13, 5], [4, 17, 5, 18]]"
11n_120_203,"[[4, 17, 5, 18], [18, 9, 19, 10], [10, 15, 11, 16], [16, 3, 17, 4], [14, 20, 15, 19], [21, 7, 22, 6], [1, 21, 2, 20], [7, 1, 8, 22], [8, 14, 9, 13], [2, 12, 3, 11], [12, 6, 13, 5]]"
