name,pd_notation
11n_28_0,"[[3, 9, 4, 8], [5, 3, 6, 2], [9, 5, 10, 4], [10, 16, 11, 15], [13, 6, 14, 7], [7, 14, 8, 15], [18, 22, 19, 21], [12, 19, 13, 20], [20, 11, 21, 12], [16, 2, 17, 1], [22, 18, 1, 17]]"
11n_28_1,"[[22, 18, 1, 17], [3, 9, 4, 8], [5, 3, 6, 2], [9, 5, 10, 4], [10, 16, 11, 15], [13, 6, 14, 7], [7, 14, 8, 15], [18, 22, 19, 21], [12, 19, 13, 20], [20, 11, 21, 12], [16, 2, 17, 1]]"
11n_28_2,"[[16, 2, 17, 1], [22, 18, 1, 17], [3, 9, 4, 8], [5, 3, 6, 2], [9, 5, 10, 4], [10, 16, 11, 15], [13, 6, 14, 7], [7, 14, 8, 15], [18, 22, 19, 21], [12, 19, 13, 20], [20, 11, 21, 12]]"
11n_28_3,"[[20, 11, 21, 12], [16, 2, 17, 1], [22, 18, 1, 17], [3, 9, 4, 8], [5, 3, 6, 2], [9, 5, 10, 4], [10, 16, 11, 15], [13, 6, 14, 7], [7, 14, 8, 15], [18, 22, 19, 21], [12, 19, 13, 20]]"
11n_28_4,"[[12, 19, 13, 20], [20, 11, 21, 12], [16, 2, 17, 1], [22, 18, 1, 17], [3, 9, 4, 8], [5, 3, 6, 2], [9, 5, 10, 4], [10, 16, 11, 15], [13, 6, 14, 7], [7, 14, 8, 15], [18, 22, 19, 21]]"
11n_28_5,"[[18, 22, 19, 21], [12, 19, 13, 20], [20, 11, 21, 12], [16, 2, 17, 1], [22, 18, 1, 17], [3, 9, 4, 8], [5, 3, 6, 2], [9, 5, 10, 4], [10, 16, 11, 15], [13, 6, 14, 7], [7, 14, 8, 15]]"
11n_28_6,"[[7, 14, 8, 15], [18, 22, 19, 21], [12, 19, 13, 20], [20, 11, 21, 12], [16, 2, 17, 1], [22, 18, 1, 17], [3, 9, 4, 8], [5, 3, 6, 2], [9, 5, 10, 4], [10, 16, 11, 15], [13, 6, 14, 7]]"
11n_28_7,"[[13, 6, 14, 7], [7, 14, 8, 15], [18, 22, 19, 21], [12, 19, 13, 20], [20, 11, 21, 12], [16, 2, 17, 1], [22, 18, 1, 17], [3, 9, 4, 8], [5, 3, 6, 2], [9, 5, 10, 4], [10, 16, 11, 15]]"
11n_28_8,"[[10, 16, 11, 15], [13, 6, 14, 7], [7, 14, 8, 15], [18, 22, 19, 21], [12, 19, 13, 20], [20, 11, 21, 12], [16, 2, 17, 1], [22, 18, 1, 17], [3, 9, 4, 8], [5, 3, 6, 2], [9, 5, 10, 4]]"
11n_28_9,"[[9, 5, 10, 4], [10, 16, 11, 15], [13, 6, 14, 7], [7, 14, 8, 15], [18, 22, 19, 21], [12, 19, 13, 20], [20, 11, 21, 12], [16, 2, 17, 1], [22, 18, 1, 17], [3, 9, 4, 8], [5, 3, 6, 2]]"
11n_28_10,"[[5, 3, 6, 2], [9, 5, 10, 4], [10, 16, 11, 15], [13, 6, 14, 7], [7, 14, 8, 15], [18, 22, 19, 21], [12, 19, 13, 20], [20, 11, 21, 12], [16, 2, 17, 1], [22, 18, 1, 17], [3, 9, 4, 8]]"
11n_28_11,"[[4, 10, 5, 9], [6, 4, 7, 3], [10, 6, 11, 5], [11, 17, 12, 16], [14, 7, 15, 8], [8, 15, 9, 16], [19, 1, 20, 22], [13, 20, 14, 21], [21, 12, 22, 13], [17, 3, 18, 2], [1, 19, 2, 18]]"
11n_28_12,"[[1, 19, 2, 18], [4, 10, 5, 9], [6, 4, 7, 3], [10, 6, 11, 5], [11, 17, 12, 16], [14, 7, 15, 8], [8, 15, 9, 16], [19, 1, 20, 22], [13, 20, 14, 21], [21, 12, 22, 13], [17, 3, 18, 2]]"
11n_28_13,"[[17, 3, 18, 2], [1, 19, 2, 18], [4, 10, 5, 9], [6, 4, 7, 3], [10, 6, 11, 5], [11, 17, 12, 16], [14, 7, 15, 8], [8, 15, 9, 16], [19, 1, 20, 22], [13, 20, 14, 21], [21, 12, 22, 13]]"
11n_28_14,"[[21, 12, 22, 13], [17, 3, 18, 2], [1, 19, 2, 18], [4, 10, 5, 9], [6, 4, 7, 3], [10, 6, 11, 5], [11, 17, 12, 16], [14, 7, 15, 8], [8, 15, 9, 16], [19, 1, 20, 22], [13, 20, 14, 21]]"
11n_28_15,"[[13, 20, 14, 21], [21, 12, 22, 13], [17, 3, 18, 2], [1, 19, 2, 18], [4, 10, 5, 9], [6, 4, 7, 3], [10, 6, 11, 5], [11, 17, 12, 16], [14, 7, 15, 8], [8, 15, 9, 16], [19, 1, 20, 22]]"
11n_28_16,"[[19, 1, 20, 22], [13, 20, 14, 21], [21, 12, 22, 13], [17, 3, 18, 2], [1, 19, 2, 18], [4, 10, 5, 9], [6, 4, 7, 3], [10, 6, 11, 5], [11, 17, 12, 16], [14, 7, 15, 8], [8, 15, 9, 16]]"
11n_28_17,"[[8, 15, 9, 16], [19, 1, 20, 22], [13, 20, 14, 21], [21, 12, 22, 13], [17, 3, 18, 2], [1, 19, 2, 18], [4, 10, 5, 9], [6, 4, 7, 3], [10, 6, 11, 5], [11, 17, 12, 16], [14, 7, 15, 8]]"
11n_28_18,"[[14, 7, 15, 8], [8, 15, 9, 16], [19, 1, 20, 22], [13, 20, 14, 21], [21, 12, 22, 13], [17, 3, 18, 2], [1, 19, 2, 18], [4, 10, 5, 9], [6, 4, 7, 3], [10, 6, 11, 5], [11, 17, 12, 16]]"
11n_28_19,"[[11, 17, 12, 16], [14, 7, 15, 8], [8, 15, 9, 16], [19, 1, 20, 22], [13, 20, 14, 21], [21, 12, 22, 13], [17, 3, 18, 2], [1, 19, 2, 18], [4, 10, 5, 9], [6, 4, 7, 3], [10, 6, 11, 5]]"
11n_28_20,"[[10, 6, 11, 5], [11, 17, 12, 16], [14, 7, 15, 8], [8, 15, 9, 16], [19, 1, 20, 22], [13, 20, 14, 21], [21, 12, 22, 13], [17, 3, 18, 2], [1, 19, 2, 18], [4, 10, 5, 9], [6, 4, 7, 3]]"
11n_28_21,"[[6, 4, 7, 3], [10, 6, 11, 5], [11, 17, 12, 16], [14, 7, 15, 8], [8, 15, 9, 16], [19, 1, 20, 22], [13, 20, 14, 21], [21, 12, 22, 13], [17, 3, 18, 2], [1, 19, 2, 18], [4, 10, 5, 9]]"
11n_28_22,"[[5, 11, 6, 10], [7, 5, 8, 4], [11, 7, 12, 6], [12, 18, 13, 17], [15, 8, 16, 9], [9, 16, 10, 17], [20, 2, 21, 1], [14, 21, 15, 22], [22, 13, 1, 14], [18, 4, 19, 3], [2, 20, 3, 19]]"
11n_28_23,"[[2, 20, 3, 19], [5, 11, 6, 10], [7, 5, 8, 4], [11, 7, 12, 6], [12, 18, 13, 17], [15, 8, 16, 9], [9, 16, 10, 17], [20, 2, 21, 1], [14, 21, 15, 22], [22, 13, 1, 14], [18, 4, 19, 3]]"
11n_28_24,"[[18, 4, 19, 3], [2, 20, 3, 19], [5, 11, 6, 10], [7, 5, 8, 4], [11, 7, 12, 6], [12, 18, 13, 17], [15, 8, 16, 9], [9, 16, 10, 17], [20, 2, 21, 1], [14, 21, 15, 22], [22, 13, 1, 14]]"
11n_28_25,"[[22, 13, 1, 14], [18, 4, 19, 3], [2, 20, 3, 19], [5, 11, 6, 10], [7, 5, 8, 4], [11, 7, 12, 6], [12, 18, 13, 17], [15, 8, 16, 9], [9, 16, 10, 17], [20, 2, 21, 1], [14, 21, 15, 22]]"
11n_28_26,"[[14, 21, 15, 22], [22, 13, 1, 14], [18, 4, 19, 3], [2, 20, 3, 19], [5, 11, 6, 10], [7, 5, 8, 4], [11, 7, 12, 6], [12, 18, 13, 17], [15, 8, 16, 9], [9, 16, 10, 17], [20, 2, 21, 1]]"
11n_28_27,"[[20, 2, 21, 1], [14, 21, 15, 22], [22, 13, 1, 14], [18, 4, 19, 3], [2, 20, 3, 19], [5, 11, 6, 10], [7, 5, 8, 4], [11, 7, 12, 6], [12, 18, 13, 17], [15, 8, 16, 9], [9, 16, 10, 17]]"
11n_28_28,"[[9, 16, 10, 17], [20, 2, 21, 1], [14, 21, 15, 22], [22, 13, 1, 14], [18, 4, 19, 3], [2, 20, 3, 19], [5, 11, 6, 10], [7, 5, 8, 4], [11, 7, 12, 6], [12, 18, 13, 17], [15, 8, 16, 9]]"
11n_28_29,"[[15, 8, 16, 9], [9, 16, 10, 17], [20, 2, 21, 1], [14, 21, 15, 22], [22, 13, 1, 14], [18, 4, 19, 3], [2, 20, 3, 19], [5, 11, 6, 10], [7, 5, 8, 4], [11, 7, 12, 6], [12, 18, 13, 17]]"
11n_28_30,"[[12, 18, 13, 17], [15, 8, 16, 9], [9, 16, 10, 17], [20, 2, 21, 1], [14, 21, 15, 22], [22, 13, 1, 14], [18, 4, 19, 3], [2, 20, 3, 19], [5, 11, 6, 10], [7, 5, 8, 4], [11, 7, 12, 6]]"
11n_28_31,"[[11, 7, 12, 6], [12, 18, 13, 17], [15, 8, 16, 9], [9, 16, 10, 17], [20, 2, 21, 1], [14, 21, 15, 22], [22, 13, 1, 14], [18, 4, 19, 3], [2, 20, 3, 19], [5, 11, 6, 10], [7, 5, 8, 4]]"
11n_28_32,"[[7, 5, 8, 4], [11, 7, 12, 6], [12, 18, 13, 17], [15, 8, 16, 9], [9, 16, 10, 17], [20, 2, 21, 1], [14, 21, 15, 22], [22, 13, 1, 14], [18, 4, 19, 3], [2, 20, 3, 19], [5, 11, 6, 10]]"
11n_28_33,"[[6, 12, 7, 11], [8, 6, 9, 5], [12, 8, 13, 7], [13, 19, 14, 18], [16, 9, 17, 10], [10, 17, 11, 18], [21, 3, 22, 2], [15, 22, 16, 1], [1, 14, 2, 15], [19, 5, 20, 4], [3, 21, 4, 20]]"
11n_28_34,"[[3, 21, 4, 20], [6, 12, 7, 11], [8, 6, 9, 5], [12, 8, 13, 7], [13, 19, 14, 18], [16, 9, 17, 10], [10, 17, 11, 18], [21, 3, 22, 2], [15, 22, 16, 1], [1, 14, 2, 15], [19, 5, 20, 4]]"
11n_28_35,"[[19, 5, 20, 4], [3, 21, 4, 20], [6, 12, 7, 11], [8, 6, 9, 5], [12, 8, 13, 7], [13, 19, 14, 18], [16, 9, 17, 10], [10, 17, 11, 18], [21, 3, 22, 2], [15, 22, 16, 1], [1, 14, 2, 15]]"
11n_28_36,"[[1, 14, 2, 15], [19, 5, 20, 4], [3, 21, 4, 20], [6, 12, 7, 11], [8, 6, 9, 5], [12, 8, 13, 7], [13, 19, 14, 18], [16, 9, 17, 10], [10, 17, 11, 18], [21, 3, 22, 2], [15, 22, 16, 1]]"
11n_28_37,"[[15, 22, 16, 1], [1, 14, 2, 15], [19, 5, 20, 4], [3, 21, 4, 20], [6, 12, 7, 11], [8, 6, 9, 5], [12, 8, 13, 7], [13, 19, 14, 18], [16, 9, 17, 10], [10, 17, 11, 18], [21, 3, 22, 2]]"
11n_28_38,"[[21, 3, 22, 2], [15, 22, 16, 1], [1, 14, 2, 15], [19, 5, 20, 4], [3, 21, 4, 20], [6, 12, 7, 11], [8, 6, 9, 5], [12, 8, 13, 7], [13, 19, 14, 18], [16, 9, 17, 10], [10, 17, 11, 18]]"
11n_28_39,"[[10, 17, 11, 18], [21, 3, 22, 2], [15, 22, 16, 1], [1, 14, 2, 15], [19, 5, 20, 4], [3, 21, 4, 20], [6, 12, 7, 11], [8, 6, 9, 5], [12, 8, 13, 7], [13, 19, 14, 18], [16, 9, 17, 10]]"
11n_28_40,"[[16, 9, 17, 10], [10, 17, 11, 18], [21, 3, 22, 2], [15, 22, 16, 1], [1, 14, 2, 15], [19, 5, 20, 4], [3, 21, 4, 20], [6, 12, 7, 11], [8, 6, 9, 5], [12, 8, 13, 7], [13, 19, 14, 18]]"
11n_28_41,"[[13, 19, 14, 18], [16, 9, 17, 10], [10, 17, 11, 18], [21, 3, 22, 2], [15, 22, 16, 1], [1, 14, 2, 15], [19, 5, 20, 4], [3, 21, 4, 20], [6, 12, 7, 11], [8, 6, 9, 5], [12, 8, 13, 7]]"
11n_28_42,"[[12, 8, 13, 7], [13, 19, 14, 18], [16, 9, 17, 10], [10, 17, 11, 18], [21, 3, 22, 2], [15, 22, 16, 1], [1, 14, 2, 15], [19, 5, 20, 4], [3, 21, 4, 20], [6, 12, 7, 11], [8, 6, 9, 5]]"
11n_28_43,"[[8, 6, 9, 5], [12, 8, 13, 7], [13, 19, 14, 18], [16, 9, 17, 10], [10, 17, 11, 18], [21, 3, 22, 2], [15, 22, 16, 1], [1, 14, 2, 15], [19, 5, 20, 4], [3, 21, 4, 20], [6, 12, 7, 11]]"
11n_28_44,"[[7, 13, 8, 12], [9, 7, 10, 6], [13, 9, 14, 8], [14, 20, 15, 19], [17, 10, 18, 11], [11, 18, 12, 19], [22, 4, 1, 3], [16, 1, 17, 2], [2, 15, 3, 16], [20, 6, 21, 5], [4, 22, 5, 21]]"
11n_28_45,"[[4, 22, 5, 21], [7, 13, 8, 12], [9, 7, 10, 6], [13, 9, 14, 8], [14, 20, 15, 19], [17, 10, 18, 11], [11, 18, 12, 19], [22, 4, 1, 3], [16, 1, 17, 2], [2, 15, 3, 16], [20, 6, 21, 5]]"
11n_28_46,"[[20, 6, 21, 5], [4, 22, 5, 21], [7, 13, 8, 12], [9, 7, 10, 6], [13, 9, 14, 8], [14, 20, 15, 19], [17, 10, 18, 11], [11, 18, 12, 19], [22, 4, 1, 3], [16, 1, 17, 2], [2, 15, 3, 16]]"
11n_28_47,"[[2, 15, 3, 16], [20, 6, 21, 5], [4, 22, 5, 21], [7, 13, 8, 12], [9, 7, 10, 6], [13, 9, 14, 8], [14, 20, 15, 19], [17, 10, 18, 11], [11, 18, 12, 19], [22, 4, 1, 3], [16, 1, 17, 2]]"
11n_28_48,"[[16, 1, 17, 2], [2, 15, 3, 16], [20, 6, 21, 5], [4, 22, 5, 21], [7, 13, 8, 12], [9, 7, 10, 6], [13, 9, 14, 8], [14, 20, 15, 19], [17, 10, 18, 11], [11, 18, 12, 19], [22, 4, 1, 3]]"
11n_28_49,"[[22, 4, 1, 3], [16, 1, 17, 2], [2, 15, 3, 16], [20, 6, 21, 5], [4, 22, 5, 21], [7, 13, 8, 12], [9, 7, 10, 6], [13, 9, 14, 8], [14, 20, 15, 19], [17, 10, 18, 11], [11, 18, 12, 19]]"
11n_28_50,"[[11, 18, 12, 19], [22, 4, 1, 3], [16, 1, 17, 2], [2, 15, 3, 16], [20, 6, 21, 5], [4, 22, 5, 21], [7, 13, 8, 12], [9, 7, 10, 6], [13, 9, 14, 8], [14, 20, 15, 19], [17, 10, 18, 11]]"
11n_28_51,"[[17, 10, 18, 11], [11, 18, 12, 19], [22, 4, 1, 3], [16, 1, 17, 2], [2, 15, 3, 16], [20, 6, 21, 5], [4, 22, 5, 21], [7, 13, 8, 12], [9, 7, 10, 6], [13, 9, 14, 8], [14, 20, 15, 19]]"
11n_28_52,"[[14, 20, 15, 19], [17, 10, 18, 11], [11, 18, 12, 19], [22, 4, 1, 3], [16, 1, 17, 2], [2, 15, 3, 16], [20, 6, 21, 5], [4, 22, 5, 21], [7, 13, 8, 12], [9, 7, 10, 6], [13, 9, 14, 8]]"
11n_28_53,"[[13, 9, 14, 8], [14, 20, 15, 19], [17, 10, 18, 11], [11, 18, 12, 19], [22, 4, 1, 3], [16, 1, 17, 2], [2, 15, 3, 16], [20, 6, 21, 5], [4, 22, 5, 21], [7, 13, 8, 12], [9, 7, 10, 6]]"
11n_28_54,"[[9, 7, 10, 6], [13, 9, 14, 8], [14, 20, 15, 19], [17, 10, 18, 11], [11, 18, 12, 19], [22, 4, 1, 3], [16, 1, 17, 2], [2, 15, 3, 16], [20, 6, 21, 5], [4, 22, 5, 21], [7, 13, 8, 12]]"
11n_28_55,"[[8, 14, 9, 13], [10, 8, 11, 7], [14, 10, 15, 9], [15, 21, 16, 20], [18, 11, 19, 12], [12, 19, 13, 20], [1, 5, 2, 4], [17, 2, 18, 3], [3, 16, 4, 17], [21, 7, 22, 6], [5, 1, 6, 22]]"
11n_28_56,"[[5, 1, 6, 22], [8, 14, 9, 13], [10, 8, 11, 7], [14, 10, 15, 9], [15, 21, 16, 20], [18, 11, 19, 12], [12, 19, 13, 20], [1, 5, 2, 4], [17, 2, 18, 3], [3, 16, 4, 17], [21, 7, 22, 6]]"
11n_28_57,"[[21, 7, 22, 6], [5, 1, 6, 22], [8, 14, 9, 13], [10, 8, 11, 7], [14, 10, 15, 9], [15, 21, 16, 20], [18, 11, 19, 12], [12, 19, 13, 20], [1, 5, 2, 4], [17, 2, 18, 3], [3, 16, 4, 17]]"
11n_28_58,"[[3, 16, 4, 17], [21, 7, 22, 6], [5, 1, 6, 22], [8, 14, 9, 13], [10, 8, 11, 7], [14, 10, 15, 9], [15, 21, 16, 20], [18, 11, 19, 12], [12, 19, 13, 20], [1, 5, 2, 4], [17, 2, 18, 3]]"
11n_28_59,"[[17, 2, 18, 3], [3, 16, 4, 17], [21, 7, 22, 6], [5, 1, 6, 22], [8, 14, 9, 13], [10, 8, 11, 7], [14, 10, 15, 9], [15, 21, 16, 20], [18, 11, 19, 12], [12, 19, 13, 20], [1, 5, 2, 4]]"
11n_28_60,"[[1, 5, 2, 4], [17, 2, 18, 3], [3, 16, 4, 17], [21, 7, 22, 6], [5, 1, 6, 22], [8, 14, 9, 13], [10, 8, 11, 7], [14, 10, 15, 9], [15, 21, 16, 20], [18, 11, 19, 12], [12, 19, 13, 20]]"
11n_28_61,"[[12, 19, 13, 20], [1, 5, 2, 4], [17, 2, 18, 3], [3, 16, 4, 17], [21, 7, 22, 6], [5, 1, 6, 22], [8, 14, 9, 13], [10, 8, 11, 7], [14, 10, 15, 9], [15, 21, 16, 20], [18, 11, 19, 12]]"
11n_28_62,"[[18, 11, 19, 12], [12, 19, 13, 20], [1, 5, 2, 4], [17, 2, 18, 3], [3, 16, 4, 17], [21, 7, 22, 6], [5, 1, 6, 22], [8, 14, 9, 13], [10, 8, 11, 7], [14, 10, 15, 9], [15, 21, 16, 20]]"
11n_28_63,"[[15, 21, 16, 20], [18, 11, 19, 12], [12, 19, 13, 20], [1, 5, 2, 4], [17, 2, 18, 3], [3, 16, 4, 17], [21, 7, 22, 6], [5, 1, 6, 22], [8, 14, 9, 13], [10, 8, 11, 7], [14, 10, 15, 9]]"
11n_28_64,"[[14, 10, 15, 9], [15, 21, 16, 20], [18, 11, 19, 12], [12, 19, 13, 20], [1, 5, 2, 4], [17, 2, 18, 3], [3, 16, 4, 17], [21, 7, 22, 6], [5, 1, 6, 22], [8, 14, 9, 13], [10, 8, 11, 7]]"
11n_28_65,"[[10, 8, 11, 7], [14, 10, 15, 9], [15, 21, 16, 20], [18, 11, 19, 12], [12, 19, 13, 20], [1, 5, 2, 4], [17, 2, 18, 3], [3, 16, 4, 17], [21, 7, 22, 6], [5, 1, 6, 22], [8, 14, 9, 13]]"
11n_28_66,"[[9, 15, 10, 14], [11, 9, 12, 8], [15, 11, 16, 10], [16, 22, 17, 21], [19, 12, 20, 13], [13, 20, 14, 21], [2, 6, 3, 5], [18, 3, 19, 4], [4, 17, 5, 18], [22, 8, 1, 7], [6, 2, 7, 1]]"
11n_28_67,"[[6, 2, 7, 1], [9, 15, 10, 14], [11, 9, 12, 8], [15, 11, 16, 10], [16, 22, 17, 21], [19, 12, 20, 13], [13, 20, 14, 21], [2, 6, 3, 5], [18, 3, 19, 4], [4, 17, 5, 18], [22, 8, 1, 7]]"
11n_28_68,"[[22, 8, 1, 7], [6, 2, 7, 1], [9, 15, 10, 14], [11, 9, 12, 8], [15, 11, 16, 10], [16, 22, 17, 21], [19, 12, 20, 13], [13, 20, 14, 21], [2, 6, 3, 5], [18, 3, 19, 4], [4, 17, 5, 18]]"
11n_28_69,"[[4, 17, 5, 18], [22, 8, 1, 7], [6, 2, 7, 1], [9, 15, 10, 14], [11, 9, 12, 8], [15, 11, 16, 10], [16, 22, 17, 21], [19, 12, 20, 13], [13, 20, 14, 21], [2, 6, 3, 5], [18, 3, 19, 4]]"
11n_28_70,"[[18, 3, 19, 4], [4, 17, 5, 18], [22, 8, 1, 7], [6, 2, 7, 1], [9, 15, 10, 14], [11, 9, 12, 8], [15, 11, 16, 10], [16, 22, 17, 21], [19, 12, 20, 13], [13, 20, 14, 21], [2, 6, 3, 5]]"
11n_28_71,"[[2, 6, 3, 5], [18, 3, 19, 4], [4, 17, 5, 18], [22, 8, 1, 7], [6, 2, 7, 1], [9, 15, 10, 14], [11, 9, 12, 8], [15, 11, 16, 10], [16, 22, 17, 21], [19, 12, 20, 13], [13, 20, 14, 21]]"
11n_28_72,"[[13, 20, 14, 21], [2, 6, 3, 5], [18, 3, 19, 4], [4, 17, 5, 18], [22, 8, 1, 7], [6, 2, 7, 1], [9, 15, 10, 14], [11, 9, 12, 8], [15, 11, 16, 10], [16, 22, 17, 21], [19, 12, 20, 13]]"
11n_28_73,"[[19, 12, 20, 13], [13, 20, 14, 21], [2, 6, 3, 5], [18, 3, 19, 4], [4, 17, 5, 18], [22, 8, 1, 7], [6, 2, 7, 1], [9, 15, 10, 14], [11, 9, 12, 8], [15, 11, 16, 10], [16, 22, 17, 21]]"
11n_28_74,"[[16, 22, 17, 21], [19, 12, 20, 13], [13, 20, 14, 21], [2, 6, 3, 5], [18, 3, 19, 4], [4, 17, 5, 18], [22, 8, 1, 7], [6, 2, 7, 1], [9, 15, 10, 14], [11, 9, 12, 8], [15, 11, 16, 10]]"
11n_28_75,"[[15, 11, 16, 10], [16, 22, 17, 21], [19, 12, 20, 13], [13, 20, 14, 21], [2, 6, 3, 5], [18, 3, 19, 4], [4, 17, 5, 18], [22, 8, 1, 7], [6, 2, 7, 1], [9, 15, 10, 14], [11, 9, 12, 8]]"
11n_28_76,"[[11, 9, 12, 8], [15, 11, 16, 10], [16, 22, 17, 21], [19, 12, 20, 13], [13, 20, 14, 21], [2, 6, 3, 5], [18, 3, 19, 4], [4, 17, 5, 18], [22, 8, 1, 7], [6, 2, 7, 1], [9, 15, 10, 14]]"
11n_28_77,"[[10, 16, 11, 15], [12, 10, 13, 9], [16, 12, 17, 11], [17, 1, 18, 22], [20, 13, 21, 14], [14, 21, 15, 22], [3, 7, 4, 6], [19, 4, 20, 5], [5, 18, 6, 19], [1, 9, 2, 8], [7, 3, 8, 2]]"
11n_28_78,"[[7, 3, 8, 2], [10, 16, 11, 15], [12, 10, 13, 9], [16, 12, 17, 11], [17, 1, 18, 22], [20, 13, 21, 14], [14, 21, 15, 22], [3, 7, 4, 6], [19, 4, 20, 5], [5, 18, 6, 19], [1, 9, 2, 8]]"
11n_28_79,"[[1, 9, 2, 8], [7, 3, 8, 2], [10, 16, 11, 15], [12, 10, 13, 9], [16, 12, 17, 11], [17, 1, 18, 22], [20, 13, 21, 14], [14, 21, 15, 22], [3, 7, 4, 6], [19, 4, 20, 5], [5, 18, 6, 19]]"
11n_28_80,"[[5, 18, 6, 19], [1, 9, 2, 8], [7, 3, 8, 2], [10, 16, 11, 15], [12, 10, 13, 9], [16, 12, 17, 11], [17, 1, 18, 22], [20, 13, 21, 14], [14, 21, 15, 22], [3, 7, 4, 6], [19, 4, 20, 5]]"
11n_28_81,"[[19, 4, 20, 5], [5, 18, 6, 19], [1, 9, 2, 8], [7, 3, 8, 2], [10, 16, 11, 15], [12, 10, 13, 9], [16, 12, 17, 11], [17, 1, 18, 22], [20, 13, 21, 14], [14, 21, 15, 22], [3, 7, 4, 6]]"
11n_28_82,"[[3, 7, 4, 6], [19, 4, 20, 5], [5, 18, 6, 19], [1, 9, 2, 8], [7, 3, 8, 2], [10, 16, 11, 15], [12, 10, 13, 9], [16, 12, 17, 11], [17, 1, 18, 22], [20, 13, 21, 14], [14, 21, 15, 22]]"
11n_28_83,"[[14, 21, 15, 22], [3, 7, 4, 6], [19, 4, 20, 5], [5, 18, 6, 19], [1, 9, 2, 8], [7, 3, 8, 2], [10, 16, 11, 15], [12, 10, 13, 9], [16, 12, 17, 11], [17, 1, 18, 22], [20, 13, 21, 14]]"
11n_28_84,"[[20, 13, 21, 14], [14, 21, 15, 22], [3, 7, 4, 6], [19, 4, 20, 5], [5, 18, 6, 19], [1, 9, 2, 8], [7, 3, 8, 2], [10, 16, 11, 15], [12, 10, 13, 9], [16, 12, 17, 11], [17, 1, 18, 22]]"
11n_28_85,"[[17, 1, 18, 22], [20, 13, 21, 14], [14, 21, 15, 22], [3, 7, 4, 6], [19, 4, 20, 5], [5, 18, 6, 19], [1, 9, 2, 8], [7, 3, 8, 2], [10, 16, 11, 15], [12, 10, 13, 9], [16, 12, 17, 11]]"
11n_28_86,"[[16, 12, 17, 11], [17, 1, 18, 22], [20, 13, 21, 14], [14, 21, 15, 22], [3, 7, 4, 6], [19, 4, 20, 5], [5, 18, 6, 19], [1, 9, 2, 8], [7, 3, 8, 2], [10, 16, 11, 15], [12, 10, 13, 9]]"
11n_28_87,"[[12, 10, 13, 9], [16, 12, 17, 11], [17, 1, 18, 22], [20, 13, 21, 14], [14, 21, 15, 22], [3, 7, 4, 6], [19, 4, 20, 5], [5, 18, 6, 19], [1, 9, 2, 8], [7, 3, 8, 2], [10, 16, 11, 15]]"
11n_28_88,"[[11, 17, 12, 16], [13, 11, 14, 10], [17, 13, 18, 12], [18, 2, 19, 1], [21, 14, 22, 15], [15, 22, 16, 1], [4, 8, 5, 7], [20, 5, 21, 6], [6, 19, 7, 20], [2, 10, 3, 9], [8, 4, 9, 3]]"
11n_28_89,"[[8, 4, 9, 3], [11, 17, 12, 16], [13, 11, 14, 10], [17, 13, 18, 12], [18, 2, 19, 1], [21, 14, 22, 15], [15, 22, 16, 1], [4, 8, 5, 7], [20, 5, 21, 6], [6, 19, 7, 20], [2, 10, 3, 9]]"
11n_28_90,"[[2, 10, 3, 9], [8, 4, 9, 3], [11, 17, 12, 16], [13, 11, 14, 10], [17, 13, 18, 12], [18, 2, 19, 1], [21, 14, 22, 15], [15, 22, 16, 1], [4, 8, 5, 7], [20, 5, 21, 6], [6, 19, 7, 20]]"
11n_28_91,"[[6, 19, 7, 20], [2, 10, 3, 9], [8, 4, 9, 3], [11, 17, 12, 16], [13, 11, 14, 10], [17, 13, 18, 12], [18, 2, 19, 1], [21, 14, 22, 15], [15, 22, 16, 1], [4, 8, 5, 7], [20, 5, 21, 6]]"
11n_28_92,"[[20, 5, 21, 6], [6, 19, 7, 20], [2, 10, 3, 9], [8, 4, 9, 3], [11, 17, 12, 16], [13, 11, 14, 10], [17, 13, 18, 12], [18, 2, 19, 1], [21, 14, 22, 15], [15, 22, 16, 1], [4, 8, 5, 7]]"
11n_28_93,"[[4, 8, 5, 7], [20, 5, 21, 6], [6, 19, 7, 20], [2, 10, 3, 9], [8, 4, 9, 3], [11, 17, 12, 16], [13, 11, 14, 10], [17, 13, 18, 12], [18, 2, 19, 1], [21, 14, 22, 15], [15, 22, 16, 1]]"
11n_28_94,"[[15, 22, 16, 1], [4, 8, 5, 7], [20, 5, 21, 6], [6, 19, 7, 20], [2, 10, 3, 9], [8, 4, 9, 3], [11, 17, 12, 16], [13, 11, 14, 10], [17, 13, 18, 12], [18, 2, 19, 1], [21, 14, 22, 15]]"
11n_28_95,"[[21, 14, 22, 15], [15, 22, 16, 1], [4, 8, 5, 7], [20, 5, 21, 6], [6, 19, 7, 20], [2, 10, 3, 9], [8, 4, 9, 3], [11, 17, 12, 16], [13, 11, 14, 10], [17, 13, 18, 12], [18, 2, 19, 1]]"
11n_28_96,"[[18, 2, 19, 1], [21, 14, 22, 15], [15, 22, 16, 1], [4, 8, 5, 7], [20, 5, 21, 6], [6, 19, 7, 20], [2, 10, 3, 9], [8, 4, 9, 3], [11, 17, 12, 16], [13, 11, 14, 10], [17, 13, 18, 12]]"
11n_28_97,"[[17, 13, 18, 12], [18, 2, 19, 1], [21, 14, 22, 15], [15, 22, 16, 1], [4, 8, 5, 7], [20, 5, 21, 6], [6, 19, 7, 20], [2, 10, 3, 9], [8, 4, 9, 3], [11, 17, 12, 16], [13, 11, 14, 10]]"
11n_28_98,"[[13, 11, 14, 10], [17, 13, 18, 12], [18, 2, 19, 1], [21, 14, 22, 15], [15, 22, 16, 1], [4, 8, 5, 7], [20, 5, 21, 6], [6, 19, 7, 20], [2, 10, 3, 9], [8, 4, 9, 3], [11, 17, 12, 16]]"
11n_28_99,"[[12, 18, 13, 17], [14, 12, 15, 11], [18, 14, 19, 13], [19, 3, 20, 2], [22, 15, 1, 16], [16, 1, 17, 2], [5, 9, 6, 8], [21, 6, 22, 7], [7, 20, 8, 21], [3, 11, 4, 10], [9, 5, 10, 4]]"
11n_28_100,"[[9, 5, 10, 4], [12, 18, 13, 17], [14, 12, 15, 11], [18, 14, 19, 13], [19, 3, 20, 2], [22, 15, 1, 16], [16, 1, 17, 2], [5, 9, 6, 8], [21, 6, 22, 7], [7, 20, 8, 21], [3, 11, 4, 10]]"
11n_28_101,"[[3, 11, 4, 10], [9, 5, 10, 4], [12, 18, 13, 17], [14, 12, 15, 11], [18, 14, 19, 13], [19, 3, 20, 2], [22, 15, 1, 16], [16, 1, 17, 2], [5, 9, 6, 8], [21, 6, 22, 7], [7, 20, 8, 21]]"
11n_28_102,"[[7, 20, 8, 21], [3, 11, 4, 10], [9, 5, 10, 4], [12, 18, 13, 17], [14, 12, 15, 11], [18, 14, 19, 13], [19, 3, 20, 2], [22, 15, 1, 16], [16, 1, 17, 2], [5, 9, 6, 8], [21, 6, 22, 7]]"
11n_28_103,"[[21, 6, 22, 7], [7, 20, 8, 21], [3, 11, 4, 10], [9, 5, 10, 4], [12, 18, 13, 17], [14, 12, 15, 11], [18, 14, 19, 13], [19, 3, 20, 2], [22, 15, 1, 16], [16, 1, 17, 2], [5, 9, 6, 8]]"
11n_28_104,"[[5, 9, 6, 8], [21, 6, 22, 7], [7, 20, 8, 21], [3, 11, 4, 10], [9, 5, 10, 4], [12, 18, 13, 17], [14, 12, 15, 11], [18, 14, 19, 13], [19, 3, 20, 2], [22, 15, 1, 16], [16, 1, 17, 2]]"
11n_28_105,"[[16, 1, 17, 2], [5, 9, 6, 8], [21, 6, 22, 7], [7, 20, 8, 21], [3, 11, 4, 10], [9, 5, 10, 4], [12, 18, 13, 17], [14, 12, 15, 11], [18, 14, 19, 13], [19, 3, 20, 2], [22, 15, 1, 16]]"
11n_28_106,"[[22, 15, 1, 16], [16, 1, 17, 2], [5, 9, 6, 8], [21, 6, 22, 7], [7, 20, 8, 21], [3, 11, 4, 10], [9, 5, 10, 4], [12, 18, 13, 17], [14, 12, 15, 11], [18, 14, 19, 13], [19, 3, 20, 2]]"
11n_28_107,"[[19, 3, 20, 2], [22, 15, 1, 16], [16, 1, 17, 2], [5, 9, 6, 8], [21, 6, 22, 7], [7, 20, 8, 21], [3, 11, 4, 10], [9, 5, 10, 4], [12, 18, 13, 17], [14, 12, 15, 11], [18, 14, 19, 13]]"
11n_28_108,"[[18, 14, 19, 13], [19, 3, 20, 2], [22, 15, 1, 16], [16, 1, 17, 2], [5, 9, 6, 8], [21, 6, 22, 7], [7, 20, 8, 21], [3, 11, 4, 10], [9, 5, 10, 4], [12, 18, 13, 17], [14, 12, 15, 11]]"
11n_28_109,"[[14, 12, 15, 11], [18, 14, 19, 13], [19, 3, 20, 2], [22, 15, 1, 16], [16, 1, 17, 2], [5, 9, 6, 8], [21, 6, 22, 7], [7, 20, 8, 21], [3, 11, 4, 10], [9, 5, 10, 4], [12, 18, 13, 17]]"
11n_28_110,"[[13, 19, 14, 18], [15, 13, 16, 12], [19, 15, 20, 14], [20, 4, 21, 3], [1, 16, 2, 17], [17, 2, 18, 3], [6, 10, 7, 9], [22, 7, 1, 8], [8, 21, 9, 22], [4, 12, 5, 11], [10, 6, 11, 5]]"
11n_28_111,"[[10, 6, 11, 5], [13, 19, 14, 18], [15, 13, 16, 12], [19, 15, 20, 14], [20, 4, 21, 3], [1, 16, 2, 17], [17, 2, 18, 3], [6, 10, 7, 9], [22, 7, 1, 8], [8, 21, 9, 22], [4, 12, 5, 11]]"
11n_28_112,"[[4, 12, 5, 11], [10, 6, 11, 5], [13, 19, 14, 18], [15, 13, 16, 12], [19, 15, 20, 14], [20, 4, 21, 3], [1, 16, 2, 17], [17, 2, 18, 3], [6, 10, 7, 9], [22, 7, 1, 8], [8, 21, 9, 22]]"
11n_28_113,"[[8, 21, 9, 22], [4, 12, 5, 11], [10, 6, 11, 5], [13, 19, 14, 18], [15, 13, 16, 12], [19, 15, 20, 14], [20, 4, 21, 3], [1, 16, 2, 17], [17, 2, 18, 3], [6, 10, 7, 9], [22, 7, 1, 8]]"
11n_28_114,"[[22, 7, 1, 8], [8, 21, 9, 22], [4, 12, 5, 11], [10, 6, 11, 5], [13, 19, 14, 18], [15, 13, 16, 12], [19, 15, 20, 14], [20, 4, 21, 3], [1, 16, 2, 17], [17, 2, 18, 3], [6, 10, 7, 9]]"
11n_28_115,"[[6, 10, 7, 9], [22, 7, 1, 8], [8, 21, 9, 22], [4, 12, 5, 11], [10, 6, 11, 5], [13, 19, 14, 18], [15, 13, 16, 12], [19, 15, 20, 14], [20, 4, 21, 3], [1, 16, 2, 17], [17, 2, 18, 3]]"
11n_28_116,"[[17, 2, 18, 3], [6, 10, 7, 9], [22, 7, 1, 8], [8, 21, 9, 22], [4, 12, 5, 11], [10, 6, 11, 5], [13, 19, 14, 18], [15, 13, 16, 12], [19, 15, 20, 14], [20, 4, 21, 3], [1, 16, 2, 17]]"
11n_28_117,"[[1, 16, 2, 17], [17, 2, 18, 3], [6, 10, 7, 9], [22, 7, 1, 8], [8, 21, 9, 22], [4, 12, 5, 11], [10, 6, 11, 5], [13, 19, 14, 18], [15, 13, 16, 12], [19, 15, 20, 14], [20, 4, 21, 3]]"
11n_28_118,"[[20, 4, 21, 3], [1, 16, 2, 17], [17, 2, 18, 3], [6, 10, 7, 9], [22, 7, 1, 8], [8, 21, 9, 22], [4, 12, 5, 11], [10, 6, 11, 5], [13, 19, 14, 18], [15, 13, 16, 12], [19, 15, 20, 14]]"
11n_28_119,"[[19, 15, 20, 14], [20, 4, 21, 3], [1, 16, 2, 17], [17, 2, 18, 3], [6, 10, 7, 9], [22, 7, 1, 8], [8, 21, 9, 22], [4, 12, 5, 11], [10, 6, 11, 5], [13, 19, 14, 18], [15, 13, 16, 12]]"
11n_28_120,"[[15, 13, 16, 12], [19, 15, 20, 14], [20, 4, 21, 3], [1, 16, 2, 17], [17, 2, 18, 3], [6, 10, 7, 9], [22, 7, 1, 8], [8, 21, 9, 22], [4, 12, 5, 11], [10, 6, 11, 5], [13, 19, 14, 18]]"
11n_28_121,"[[14, 20, 15, 19], [16, 14, 17, 13], [20, 16, 21, 15], [21, 5, 22, 4], [2, 17, 3, 18], [18, 3, 19, 4], [7, 11, 8, 10], [1, 8, 2, 9], [9, 22, 10, 1], [5, 13, 6, 12], [11, 7, 12, 6]]"
11n_28_122,"[[11, 7, 12, 6], [14, 20, 15, 19], [16, 14, 17, 13], [20, 16, 21, 15], [21, 5, 22, 4], [2, 17, 3, 18], [18, 3, 19, 4], [7, 11, 8, 10], [1, 8, 2, 9], [9, 22, 10, 1], [5, 13, 6, 12]]"
11n_28_123,"[[5, 13, 6, 12], [11, 7, 12, 6], [14, 20, 15, 19], [16, 14, 17, 13], [20, 16, 21, 15], [21, 5, 22, 4], [2, 17, 3, 18], [18, 3, 19, 4], [7, 11, 8, 10], [1, 8, 2, 9], [9, 22, 10, 1]]"
11n_28_124,"[[9, 22, 10, 1], [5, 13, 6, 12], [11, 7, 12, 6], [14, 20, 15, 19], [16, 14, 17, 13], [20, 16, 21, 15], [21, 5, 22, 4], [2, 17, 3, 18], [18, 3, 19, 4], [7, 11, 8, 10], [1, 8, 2, 9]]"
11n_28_125,"[[1, 8, 2, 9], [9, 22, 10, 1], [5, 13, 6, 12], [11, 7, 12, 6], [14, 20, 15, 19], [16, 14, 17, 13], [20, 16, 21, 15], [21, 5, 22, 4], [2, 17, 3, 18], [18, 3, 19, 4], [7, 11, 8, 10]]"
11n_28_126,"[[7, 11, 8, 10], [1, 8, 2, 9], [9, 22, 10, 1], [5, 13, 6, 12], [11, 7, 12, 6], [14, 20, 15, 19], [16, 14, 17, 13], [20, 16, 21, 15], [21, 5, 22, 4], [2, 17, 3, 18], [18, 3, 19, 4]]"
11n_28_127,"[[18, 3, 19, 4], [7, 11, 8, 10], [1, 8, 2, 9], [9, 22, 10, 1], [5, 13, 6, 12], [11, 7, 12, 6], [14, 20, 15, 19], [16, 14, 17, 13], [20, 16, 21, 15], [21, 5, 22, 4], [2, 17, 3, 18]]"
11n_28_128,"[[2, 17, 3, 18], [18, 3, 19, 4], [7, 11, 8, 10], [1, 8, 2, 9], [9, 22, 10, 1], [5, 13, 6, 12], [11, 7, 12, 6], [14, 20, 15, 19], [16, 14, 17, 13], [20, 16, 21, 15], [21, 5, 22, 4]]"
11n_28_129,"[[21, 5, 22, 4], [2, 17, 3, 18], [18, 3, 19, 4], [7, 11, 8, 10], [1, 8, 2, 9], [9, 22, 10, 1], [5, 13, 6, 12], [11, 7, 12, 6], [14, 20, 15, 19], [16, 14, 17, 13], [20, 16, 21, 15]]"
11n_28_130,"[[20, 16, 21, 15], [21, 5, 22, 4], [2, 17, 3, 18], [18, 3, 19, 4], [7, 11, 8, 10], [1, 8, 2, 9], [9, 22, 10, 1], [5, 13, 6, 12], [11, 7, 12, 6], [14, 20, 15, 19], [16, 14, 17, 13]]"
11n_28_131,"[[16, 14, 17, 13], [20, 16, 21, 15], [21, 5, 22, 4], [2, 17, 3, 18], [18, 3, 19, 4], [7, 11, 8, 10], [1, 8, 2, 9], [9, 22, 10, 1], [5, 13, 6, 12], [11, 7, 12, 6], [14, 20, 15, 19]]"
11n_28_132,"[[15, 21, 16, 20], [17, 15, 18, 14], [21, 17, 22, 16], [22, 6, 1, 5], [3, 18, 4, 19], [19, 4, 20, 5], [8, 12, 9, 11], [2, 9, 3, 10], [10, 1, 11, 2], [6, 14, 7, 13], [12, 8, 13, 7]]"
11n_28_133,"[[12, 8, 13, 7], [15, 21, 16, 20], [17, 15, 18, 14], [21, 17, 22, 16], [22, 6, 1, 5], [3, 18, 4, 19], [19, 4, 20, 5], [8, 12, 9, 11], [2, 9, 3, 10], [10, 1, 11, 2], [6, 14, 7, 13]]"
11n_28_134,"[[6, 14, 7, 13], [12, 8, 13, 7], [15, 21, 16, 20], [17, 15, 18, 14], [21, 17, 22, 16], [22, 6, 1, 5], [3, 18, 4, 19], [19, 4, 20, 5], [8, 12, 9, 11], [2, 9, 3, 10], [10, 1, 11, 2]]"
11n_28_135,"[[10, 1, 11, 2], [6, 14, 7, 13], [12, 8, 13, 7], [15, 21, 16, 20], [17, 15, 18, 14], [21, 17, 22, 16], [22, 6, 1, 5], [3, 18, 4, 19], [19, 4, 20, 5], [8, 12, 9, 11], [2, 9, 3, 10]]"
11n_28_136,"[[2, 9, 3, 10], [10, 1, 11, 2], [6, 14, 7, 13], [12, 8, 13, 7], [15, 21, 16, 20], [17, 15, 18, 14], [21, 17, 22, 16], [22, 6, 1, 5], [3, 18, 4, 19], [19, 4, 20, 5], [8, 12, 9, 11]]"
11n_28_137,"[[8, 12, 9, 11], [2, 9, 3, 10], [10, 1, 11, 2], [6, 14, 7, 13], [12, 8, 13, 7], [15, 21, 16, 20], [17, 15, 18, 14], [21, 17, 22, 16], [22, 6, 1, 5], [3, 18, 4, 19], [19, 4, 20, 5]]"
11n_28_138,"[[19, 4, 20, 5], [8, 12, 9, 11], [2, 9, 3, 10], [10, 1, 11, 2], [6, 14, 7, 13], [12, 8, 13, 7], [15, 21, 16, 20], [17, 15, 18, 14], [21, 17, 22, 16], [22, 6, 1, 5], [3, 18, 4, 19]]"
11n_28_139,"[[3, 18, 4, 19], [19, 4, 20, 5], [8, 12, 9, 11], [2, 9, 3, 10], [10, 1, 11, 2], [6, 14, 7, 13], [12, 8, 13, 7], [15, 21, 16, 20], [17, 15, 18, 14], [21, 17, 22, 16], [22, 6, 1, 5]]"
11n_28_140,"[[22, 6, 1, 5], [3, 18, 4, 19], [19, 4, 20, 5], [8, 12, 9, 11], [2, 9, 3, 10], [10, 1, 11, 2], [6, 14, 7, 13], [12, 8, 13, 7], [15, 21, 16, 20], [17, 15, 18, 14], [21, 17, 22, 16]]"
11n_28_141,"[[21, 17, 22, 16], [22, 6, 1, 5], [3, 18, 4, 19], [19, 4, 20, 5], [8, 12, 9, 11], [2, 9, 3, 10], [10, 1, 11, 2], [6, 14, 7, 13], [12, 8, 13, 7], [15, 21, 16, 20], [17, 15, 18, 14]]"
11n_28_142,"[[17, 15, 18, 14], [21, 17, 22, 16], [22, 6, 1, 5], [3, 18, 4, 19], [19, 4, 20, 5], [8, 12, 9, 11], [2, 9, 3, 10], [10, 1, 11, 2], [6, 14, 7, 13], [12, 8, 13, 7], [15, 21, 16, 20]]"
11n_28_143,"[[16, 22, 17, 21], [18, 16, 19, 15], [22, 18, 1, 17], [1, 7, 2, 6], [4, 19, 5, 20], [20, 5, 21, 6], [9, 13, 10, 12], [3, 10, 4, 11], [11, 2, 12, 3], [7, 15, 8, 14], [13, 9, 14, 8]]"
11n_28_144,"[[13, 9, 14, 8], [16, 22, 17, 21], [18, 16, 19, 15], [22, 18, 1, 17], [1, 7, 2, 6], [4, 19, 5, 20], [20, 5, 21, 6], [9, 13, 10, 12], [3, 10, 4, 11], [11, 2, 12, 3], [7, 15, 8, 14]]"
11n_28_145,"[[7, 15, 8, 14], [13, 9, 14, 8], [16, 22, 17, 21], [18, 16, 19, 15], [22, 18, 1, 17], [1, 7, 2, 6], [4, 19, 5, 20], [20, 5, 21, 6], [9, 13, 10, 12], [3, 10, 4, 11], [11, 2, 12, 3]]"
11n_28_146,"[[11, 2, 12, 3], [7, 15, 8, 14], [13, 9, 14, 8], [16, 22, 17, 21], [18, 16, 19, 15], [22, 18, 1, 17], [1, 7, 2, 6], [4, 19, 5, 20], [20, 5, 21, 6], [9, 13, 10, 12], [3, 10, 4, 11]]"
11n_28_147,"[[3, 10, 4, 11], [11, 2, 12, 3], [7, 15, 8, 14], [13, 9, 14, 8], [16, 22, 17, 21], [18, 16, 19, 15], [22, 18, 1, 17], [1, 7, 2, 6], [4, 19, 5, 20], [20, 5, 21, 6], [9, 13, 10, 12]]"
11n_28_148,"[[9, 13, 10, 12], [3, 10, 4, 11], [11, 2, 12, 3], [7, 15, 8, 14], [13, 9, 14, 8], [16, 22, 17, 21], [18, 16, 19, 15], [22, 18, 1, 17], [1, 7, 2, 6], [4, 19, 5, 20], [20, 5, 21, 6]]"
11n_28_149,"[[20, 5, 21, 6], [9, 13, 10, 12], [3, 10, 4, 11], [11, 2, 12, 3], [7, 15, 8, 14], [13, 9, 14, 8], [16, 22, 17, 21], [18, 16, 19, 15], [22, 18, 1, 17], [1, 7, 2, 6], [4, 19, 5, 20]]"
11n_28_150,"[[4, 19, 5, 20], [20, 5, 21, 6], [9, 13, 10, 12], [3, 10, 4, 11], [11, 2, 12, 3], [7, 15, 8, 14], [13, 9, 14, 8], [16, 22, 17, 21], [18, 16, 19, 15], [22, 18, 1, 17], [1, 7, 2, 6]]"
11n_28_151,"[[1, 7, 2, 6], [4, 19, 5, 20], [20, 5, 21, 6], [9, 13, 10, 12], [3, 10, 4, 11], [11, 2, 12, 3], [7, 15, 8, 14], [13, 9, 14, 8], [16, 22, 17, 21], [18, 16, 19, 15], [22, 18, 1, 17]]"
11n_28_152,"[[22, 18, 1, 17], [1, 7, 2, 6], [4, 19, 5, 20], [20, 5, 21, 6], [9, 13, 10, 12], [3, 10, 4, 11], [11, 2, 12, 3], [7, 15, 8, 14], [13, 9, 14, 8], [16, 22, 17, 21], [18, 16, 19, 15]]"
11n_28_153,"[[18, 16, 19, 15], [22, 18, 1, 17], [1, 7, 2, 6], [4, 19, 5, 20], [20, 5, 21, 6], [9, 13, 10, 12], [3, 10, 4, 11], [11, 2, 12, 3], [7, 15, 8, 14], [13, 9, 14, 8], [16, 22, 17, 21]]"
11n_28_154,"[[17, 1, 18, 22], [19, 17, 20, 16], [1, 19, 2, 18], [2, 8, 3, 7], [5, 20, 6, 21], [21, 6, 22, 7], [10, 14, 11, 13], [4, 11, 5, 12], [12, 3, 13, 4], [8, 16, 9, 15], [14, 10, 15, 9]]"
11n_28_155,"[[14, 10, 15, 9], [17, 1, 18, 22], [19, 17, 20, 16], [1, 19, 2, 18], [2, 8, 3, 7], [5, 20, 6, 21], [21, 6, 22, 7], [10, 14, 11, 13], [4, 11, 5, 12], [12, 3, 13, 4], [8, 16, 9, 15]]"
11n_28_156,"[[8, 16, 9, 15], [14, 10, 15, 9], [17, 1, 18, 22], [19, 17, 20, 16], [1, 19, 2, 18], [2, 8, 3, 7], [5, 20, 6, 21], [21, 6, 22, 7], [10, 14, 11, 13], [4, 11, 5, 12], [12, 3, 13, 4]]"
11n_28_157,"[[12, 3, 13, 4], [8, 16, 9, 15], [14, 10, 15, 9], [17, 1, 18, 22], [19, 17, 20, 16], [1, 19, 2, 18], [2, 8, 3, 7], [5, 20, 6, 21], [21, 6, 22, 7], [10, 14, 11, 13], [4, 11, 5, 12]]"
11n_28_158,"[[4, 11, 5, 12], [12, 3, 13, 4], [8, 16, 9, 15], [14, 10, 15, 9], [17, 1, 18, 22], [19, 17, 20, 16], [1, 19, 2, 18], [2, 8, 3, 7], [5, 20, 6, 21], [21, 6, 22, 7], [10, 14, 11, 13]]"
11n_28_159,"[[10, 14, 11, 13], [4, 11, 5, 12], [12, 3, 13, 4], [8, 16, 9, 15], [14, 10, 15, 9], [17, 1, 18, 22], [19, 17, 20, 16], [1, 19, 2, 18], [2, 8, 3, 7], [5, 20, 6, 21], [21, 6, 22, 7]]"
11n_28_160,"[[21, 6, 22, 7], [10, 14, 11, 13], [4, 11, 5, 12], [12, 3, 13, 4], [8, 16, 9, 15], [14, 10, 15, 9], [17, 1, 18, 22], [19, 17, 20, 16], [1, 19, 2, 18], [2, 8, 3, 7], [5, 20, 6, 21]]"
11n_28_161,"[[5, 20, 6, 21], [21, 6, 22, 7], [10, 14, 11, 13], [4, 11, 5, 12], [12, 3, 13, 4], [8, 16, 9, 15], [14, 10, 15, 9], [17, 1, 18, 22], [19, 17, 20, 16], [1, 19, 2, 18], [2, 8, 3, 7]]"
11n_28_162,"[[2, 8, 3, 7], [5, 20, 6, 21], [21, 6, 22, 7], [10, 14, 11, 13], [4, 11, 5, 12], [12, 3, 13, 4], [8, 16, 9, 15], [14, 10, 15, 9], [17, 1, 18, 22], [19, 17, 20, 16], [1, 19, 2, 18]]"
11n_28_163,"[[1, 19, 2, 18], [2, 8, 3, 7], [5, 20, 6, 21], [21, 6, 22, 7], [10, 14, 11, 13], [4, 11, 5, 12], [12, 3, 13, 4], [8, 16, 9, 15], [14, 10, 15, 9], [17, 1, 18, 22], [19, 17, 20, 16]]"
11n_28_164,"[[19, 17, 20, 16], [1, 19, 2, 18], [2, 8, 3, 7], [5, 20, 6, 21], [21, 6, 22, 7], [10, 14, 11, 13], [4, 11, 5, 12], [12, 3, 13, 4], [8, 16, 9, 15], [14, 10, 15, 9], [17, 1, 18, 22]]"
11n_28_165,"[[18, 2, 19, 1], [20, 18, 21, 17], [2, 20, 3, 19], [3, 9, 4, 8], [6, 21, 7, 22], [22, 7, 1, 8], [11, 15, 12, 14], [5, 12, 6, 13], [13, 4, 14, 5], [9, 17, 10, 16], [15, 11, 16, 10]]"
11n_28_166,"[[15, 11, 16, 10], [18, 2, 19, 1], [20, 18, 21, 17], [2, 20, 3, 19], [3, 9, 4, 8], [6, 21, 7, 22], [22, 7, 1, 8], [11, 15, 12, 14], [5, 12, 6, 13], [13, 4, 14, 5], [9, 17, 10, 16]]"
11n_28_167,"[[9, 17, 10, 16], [15, 11, 16, 10], [18, 2, 19, 1], [20, 18, 21, 17], [2, 20, 3, 19], [3, 9, 4, 8], [6, 21, 7, 22], [22, 7, 1, 8], [11, 15, 12, 14], [5, 12, 6, 13], [13, 4, 14, 5]]"
11n_28_168,"[[13, 4, 14, 5], [9, 17, 10, 16], [15, 11, 16, 10], [18, 2, 19, 1], [20, 18, 21, 17], [2, 20, 3, 19], [3, 9, 4, 8], [6, 21, 7, 22], [22, 7, 1, 8], [11, 15, 12, 14], [5, 12, 6, 13]]"
11n_28_169,"[[5, 12, 6, 13], [13, 4, 14, 5], [9, 17, 10, 16], [15, 11, 16, 10], [18, 2, 19, 1], [20, 18, 21, 17], [2, 20, 3, 19], [3, 9, 4, 8], [6, 21, 7, 22], [22, 7, 1, 8], [11, 15, 12, 14]]"
11n_28_170,"[[11, 15, 12, 14], [5, 12, 6, 13], [13, 4, 14, 5], [9, 17, 10, 16], [15, 11, 16, 10], [18, 2, 19, 1], [20, 18, 21, 17], [2, 20, 3, 19], [3, 9, 4, 8], [6, 21, 7, 22], [22, 7, 1, 8]]"
11n_28_171,"[[22, 7, 1, 8], [11, 15, 12, 14], [5, 12, 6, 13], [13, 4, 14, 5], [9, 17, 10, 16], [15, 11, 16, 10], [18, 2, 19, 1], [20, 18, 21, 17], [2, 20, 3, 19], [3, 9, 4, 8], [6, 21, 7, 22]]"
11n_28_172,"[[6, 21, 7, 22], [22, 7, 1, 8], [11, 15, 12, 14], [5, 12, 6, 13], [13, 4, 14, 5], [9, 17, 10, 16], [15, 11, 16, 10], [18, 2, 19, 1], [20, 18, 21, 17], [2, 20, 3, 19], [3, 9, 4, 8]]"
11n_28_173,"[[3, 9, 4, 8], [6, 21, 7, 22], [22, 7, 1, 8], [11, 15, 12, 14], [5, 12, 6, 13], [13, 4, 14, 5], [9, 17, 10, 16], [15, 11, 16, 10], [18, 2, 19, 1], [20, 18, 21, 17], [2, 20, 3, 19]]"
11n_28_174,"[[2, 20, 3, 19], [3, 9, 4, 8], [6, 21, 7, 22], [22, 7, 1, 8], [11, 15, 12, 14], [5, 12, 6, 13], [13, 4, 14, 5], [9, 17, 10, 16], [15, 11, 16, 10], [18, 2, 19, 1], [20, 18, 21, 17]]"
11n_28_175,"[[20, 18, 21, 17], [2, 20, 3, 19], [3, 9, 4, 8], [6, 21, 7, 22], [22, 7, 1, 8], [11, 15, 12, 14], [5, 12, 6, 13], [13, 4, 14, 5], [9, 17, 10, 16], [15, 11, 16, 10], [18, 2, 19, 1]]"
11n_28_176,"[[19, 3, 20, 2], [21, 19, 22, 18], [3, 21, 4, 20], [4, 10, 5, 9], [7, 22, 8, 1], [1, 8, 2, 9], [12, 16, 13, 15], [6, 13, 7, 14], [14, 5, 15, 6], [10, 18, 11, 17], [16, 12, 17, 11]]"
11n_28_177,"[[16, 12, 17, 11], [19, 3, 20, 2], [21, 19, 22, 18], [3, 21, 4, 20], [4, 10, 5, 9], [7, 22, 8, 1], [1, 8, 2, 9], [12, 16, 13, 15], [6, 13, 7, 14], [14, 5, 15, 6], [10, 18, 11, 17]]"
11n_28_178,"[[10, 18, 11, 17], [16, 12, 17, 11], [19, 3, 20, 2], [21, 19, 22, 18], [3, 21, 4, 20], [4, 10, 5, 9], [7, 22, 8, 1], [1, 8, 2, 9], [12, 16, 13, 15], [6, 13, 7, 14], [14, 5, 15, 6]]"
11n_28_179,"[[14, 5, 15, 6], [10, 18, 11, 17], [16, 12, 17, 11], [19, 3, 20, 2], [21, 19, 22, 18], [3, 21, 4, 20], [4, 10, 5, 9], [7, 22, 8, 1], [1, 8, 2, 9], [12, 16, 13, 15], [6, 13, 7, 14]]"
11n_28_180,"[[6, 13, 7, 14], [14, 5, 15, 6], [10, 18, 11, 17], [16, 12, 17, 11], [19, 3, 20, 2], [21, 19, 22, 18], [3, 21, 4, 20], [4, 10, 5, 9], [7, 22, 8, 1], [1, 8, 2, 9], [12, 16, 13, 15]]"
11n_28_181,"[[12, 16, 13, 15], [6, 13, 7, 14], [14, 5, 15, 6], [10, 18, 11, 17], [16, 12, 17, 11], [19, 3, 20, 2], [21, 19, 22, 18], [3, 21, 4, 20], [4, 10, 5, 9], [7, 22, 8, 1], [1, 8, 2, 9]]"
11n_28_182,"[[1, 8, 2, 9], [12, 16, 13, 15], [6, 13, 7, 14], [14, 5, 15, 6], [10, 18, 11, 17], [16, 12, 17, 11], [19, 3, 20, 2], [21, 19, 22, 18], [3, 21, 4, 20], [4, 10, 5, 9], [7, 22, 8, 1]]"
11n_28_183,"[[7, 22, 8, 1], [1, 8, 2, 9], [12, 16, 13, 15], [6, 13, 7, 14], [14, 5, 15, 6], [10, 18, 11, 17], [16, 12, 17, 11], [19, 3, 20, 2], [21, 19, 22, 18], [3, 21, 4, 20], [4, 10, 5, 9]]"
11n_28_184,"[[4, 10, 5, 9], [7, 22, 8, 1], [1, 8, 2, 9], [12, 16, 13, 15], [6, 13, 7, 14], [14, 5, 15, 6], [10, 18, 11, 17], [16, 12, 17, 11], [19, 3, 20, 2], [21, 19, 22, 18], [3, 21, 4, 20]]"
11n_28_185,"[[3, 21, 4, 20], [4, 10, 5, 9], [7, 22, 8, 1], [1, 8, 2, 9], [12, 16, 13, 15], [6, 13, 7, 14], [14, 5, 15, 6], [10, 18, 11, 17], [16, 12, 17, 11], [19, 3, 20, 2], [21, 19, 22, 18]]"
11n_28_186,"[[21, 19, 22, 18], [3, 21, 4, 20], [4, 10, 5, 9], [7, 22, 8, 1], [1, 8, 2, 9], [12, 16, 13, 15], [6, 13, 7, 14], [14, 5, 15, 6], [10, 18, 11, 17], [16, 12, 17, 11], [19, 3, 20, 2]]"
11n_28_187,"[[20, 4, 21, 3], [22, 20, 1, 19], [4, 22, 5, 21], [5, 11, 6, 10], [8, 1, 9, 2], [2, 9, 3, 10], [13, 17, 14, 16], [7, 14, 8, 15], [15, 6, 16, 7], [11, 19, 12, 18], [17, 13, 18, 12]]"
11n_28_188,"[[17, 13, 18, 12], [20, 4, 21, 3], [22, 20, 1, 19], [4, 22, 5, 21], [5, 11, 6, 10], [8, 1, 9, 2], [2, 9, 3, 10], [13, 17, 14, 16], [7, 14, 8, 15], [15, 6, 16, 7], [11, 19, 12, 18]]"
11n_28_189,"[[11, 19, 12, 18], [17, 13, 18, 12], [20, 4, 21, 3], [22, 20, 1, 19], [4, 22, 5, 21], [5, 11, 6, 10], [8, 1, 9, 2], [2, 9, 3, 10], [13, 17, 14, 16], [7, 14, 8, 15], [15, 6, 16, 7]]"
11n_28_190,"[[15, 6, 16, 7], [11, 19, 12, 18], [17, 13, 18, 12], [20, 4, 21, 3], [22, 20, 1, 19], [4, 22, 5, 21], [5, 11, 6, 10], [8, 1, 9, 2], [2, 9, 3, 10], [13, 17, 14, 16], [7, 14, 8, 15]]"
11n_28_191,"[[7, 14, 8, 15], [15, 6, 16, 7], [11, 19, 12, 18], [17, 13, 18, 12], [20, 4, 21, 3], [22, 20, 1, 19], [4, 22, 5, 21], [5, 11, 6, 10], [8, 1, 9, 2], [2, 9, 3, 10], [13, 17, 14, 16]]"
11n_28_192,"[[13, 17, 14, 16], [7, 14, 8, 15], [15, 6, 16, 7], [11, 19, 12, 18], [17, 13, 18, 12], [20, 4, 21, 3], [22, 20, 1, 19], [4, 22, 5, 21], [5, 11, 6, 10], [8, 1, 9, 2], [2, 9, 3, 10]]"
11n_28_193,"[[2, 9, 3, 10], [13, 17, 14, 16], [7, 14, 8, 15], [15, 6, 16, 7], [11, 19, 12, 18], [17, 13, 18, 12], [20, 4, 21, 3], [22, 20, 1, 19], [4, 22, 5, 21], [5, 11, 6, 10], [8, 1, 9, 2]]"
11n_28_194,"[[8, 1, 9, 2], [2, 9, 3, 10], [13, 17, 14, 16], [7, 14, 8, 15], [15, 6, 16, 7], [11, 19, 12, 18], [17, 13, 18, 12], [20, 4, 21, 3], [22, 20, 1, 19], [4, 22, 5, 21], [5, 11, 6, 10]]"
11n_28_195,"[[5, 11, 6, 10], [8, 1, 9, 2], [2, 9, 3, 10], [13, 17, 14, 16], [7, 14, 8, 15], [15, 6, 16, 7], [11, 19, 12, 18], [17, 13, 18, 12], [20, 4, 21, 3], [22, 20, 1, 19], [4, 22, 5, 21]]"
11n_28_196,"[[4, 22, 5, 21], [5, 11, 6, 10], [8, 1, 9, 2], [2, 9, 3, 10], [13, 17, 14, 16], [7, 14, 8, 15], [15, 6, 16, 7], [11, 19, 12, 18], [17, 13, 18, 12], [20, 4, 21, 3], [22, 20, 1, 19]]"
11n_28_197,"[[22, 20, 1, 19], [4, 22, 5, 21], [5, 11, 6, 10], [8, 1, 9, 2], [2, 9, 3, 10], [13, 17, 14, 16], [7, 14, 8, 15], [15, 6, 16, 7], [11, 19, 12, 18], [17, 13, 18, 12], [20, 4, 21, 3]]"
11n_28_198,"[[21, 5, 22, 4], [1, 21, 2, 20], [5, 1, 6, 22], [6, 12, 7, 11], [9, 2, 10, 3], [3, 10, 4, 11], [14, 18, 15, 17], [8, 15, 9, 16], [16, 7, 17, 8], [12, 20, 13, 19], [18, 14, 19, 13]]"
11n_28_199,"[[18, 14, 19, 13], [21, 5, 22, 4], [1, 21, 2, 20], [5, 1, 6, 22], [6, 12, 7, 11], [9, 2, 10, 3], [3, 10, 4, 11], [14, 18, 15, 17], [8, 15, 9, 16], [16, 7, 17, 8], [12, 20, 13, 19]]"
11n_28_200,"[[12, 20, 13, 19], [18, 14, 19, 13], [21, 5, 22, 4], [1, 21, 2, 20], [5, 1, 6, 22], [6, 12, 7, 11], [9, 2, 10, 3], [3, 10, 4, 11], [14, 18, 15, 17], [8, 15, 9, 16], [16, 7, 17, 8]]"
11n_28_201,"[[16, 7, 17, 8], [12, 20, 13, 19], [18, 14, 19, 13], [21, 5, 22, 4], [1, 21, 2, 20], [5, 1, 6, 22], [6, 12, 7, 11], [9, 2, 10, 3], [3, 10, 4, 11], [14, 18, 15, 17], [8, 15, 9, 16]]"
11n_28_202,"[[8, 15, 9, 16], [16, 7, 17, 8], [12, 20, 13, 19], [18, 14, 19, 13], [21, 5, 22, 4], [1, 21, 2, 20], [5, 1, 6, 22], [6, 12, 7, 11], [9, 2, 10, 3], [3, 10, 4, 11], [14, 18, 15, 17]]"
11n_28_203,"[[14, 18, 15, 17], [8, 15, 9, 16], [16, 7, 17, 8], [12, 20, 13, 19], [18, 14, 19, 13], [21, 5, 22, 4], [1, 21, 2, 20], [5, 1, 6, 22], [6, 12, 7, 11], [9, 2, 10, 3], [3, 10, 4, 11]]"
11n_28_204,"[[3, 10, 4, 11], [14, 18, 15, 17], [8, 15, 9, 16], [16, 7, 17, 8], [12, 20, 13, 19], [18, 14, 19, 13], [21, 5, 22, 4], [1, 21, 2, 20], [5, 1, 6, 22], [6, 12, 7, 11], [9, 2, 10, 3]]"
