name,pd_notation
11n_165_0,"[[1, 19, 2, 18], [7, 3, 8, 2], [17, 9, 18, 8], [4, 12, 5, 11], [21, 10, 22, 11], [19, 14, 20, 15], [13, 20, 14, 21], [3, 16, 4, 17], [9, 22, 10, 1], [15, 6, 16, 7], [12, 6, 13, 5]]"
11n_165_1,"[[12, 6, 13, 5], [1, 19, 2, 18], [7, 3, 8, 2], [17, 9, 18, 8], [4, 12, 5, 11], [21, 10, 22, 11], [19, 14, 20, 15], [13, 20, 14, 21], [3, 16, 4, 17], [9, 22, 10, 1], [15, 6, 16, 7]]"
11n_165_2,"[[15, 6, 16, 7], [12, 6, 13, 5], [1, 19, 2, 18], [7, 3, 8, 2], [17, 9, 18, 8], [4, 12, 5, 11], [21, 10, 22, 11], [19, 14, 20, 15], [13, 20, 14, 21], [3, 16, 4, 17], [9, 22, 10, 1]]"
11n_165_3,"[[9, 22, 10, 1], [15, 6, 16, 7], [12, 6, 13, 5], [1, 19, 2, 18], [7, 3, 8, 2], [17, 9, 18, 8], [4, 12, 5, 11], [21, 10, 22, 11], [19, 14, 20, 15], [13, 20, 14, 21], [3, 16, 4, 17]]"
11n_165_4,"[[3, 16, 4, 17], [9, 22, 10, 1], [15, 6, 16, 7], [12, 6, 13, 5], [1, 19, 2, 18], [7, 3, 8, 2], [17, 9, 18, 8], [4, 12, 5, 11], [21, 10, 22, 11], [19, 14, 20, 15], [13, 20, 14, 21]]"
11n_165_5,"[[13, 20, 14, 21], [3, 16, 4, 17], [9, 22, 10, 1], [15, 6, 16, 7], [12, 6, 13, 5], [1, 19, 2, 18], [7, 3, 8, 2], [17, 9, 18, 8], [4, 12, 5, 11], [21, 10, 22, 11], [19, 14, 20, 15]]"
11n_165_6,"[[19, 14, 20, 15], [13, 20, 14, 21], [3, 16, 4, 17], [9, 22, 10, 1], [15, 6, 16, 7], [12, 6, 13, 5], [1, 19, 2, 18], [7, 3, 8, 2], [17, 9, 18, 8], [4, 12, 5, 11], [21, 10, 22, 11]]"
11n_165_7,"[[21, 10, 22, 11], [19, 14, 20, 15], [13, 20, 14, 21], [3, 16, 4, 17], [9, 22, 10, 1], [15, 6, 16, 7], [12, 6, 13, 5], [1, 19, 2, 18], [7, 3, 8, 2], [17, 9, 18, 8], [4, 12, 5, 11]]"
11n_165_8,"[[4, 12, 5, 11], [21, 10, 22, 11], [19, 14, 20, 15], [13, 20, 14, 21], [3, 16, 4, 17], [9, 22, 10, 1], [15, 6, 16, 7], [12, 6, 13, 5], [1, 19, 2, 18], [7, 3, 8, 2], [17, 9, 18, 8]]"
11n_165_9,"[[17, 9, 18, 8], [4, 12, 5, 11], [21, 10, 22, 11], [19, 14, 20, 15], [13, 20, 14, 21], [3, 16, 4, 17], [9, 22, 10, 1], [15, 6, 16, 7], [12, 6, 13, 5], [1, 19, 2, 18], [7, 3, 8, 2]]"
11n_165_10,"[[7, 3, 8, 2], [17, 9, 18, 8], [4, 12, 5, 11], [21, 10, 22, 11], [19, 14, 20, 15], [13, 20, 14, 21], [3, 16, 4, 17], [9, 22, 10, 1], [15, 6, 16, 7], [12, 6, 13, 5], [1, 19, 2, 18]]"
11n_165_11,"[[2, 20, 3, 19], [8, 4, 9, 3], [18, 10, 19, 9], [5, 13, 6, 12], [22, 11, 1, 12], [20, 15, 21, 16], [14, 21, 15, 22], [4, 17, 5, 18], [10, 1, 11, 2], [16, 7, 17, 8], [13, 7, 14, 6]]"
11n_165_12,"[[13, 7, 14, 6], [2, 20, 3, 19], [8, 4, 9, 3], [18, 10, 19, 9], [5, 13, 6, 12], [22, 11, 1, 12], [20, 15, 21, 16], [14, 21, 15, 22], [4, 17, 5, 18], [10, 1, 11, 2], [16, 7, 17, 8]]"
11n_165_13,"[[16, 7, 17, 8], [13, 7, 14, 6], [2, 20, 3, 19], [8, 4, 9, 3], [18, 10, 19, 9], [5, 13, 6, 12], [22, 11, 1, 12], [20, 15, 21, 16], [14, 21, 15, 22], [4, 17, 5, 18], [10, 1, 11, 2]]"
11n_165_14,"[[10, 1, 11, 2], [16, 7, 17, 8], [13, 7, 14, 6], [2, 20, 3, 19], [8, 4, 9, 3], [18, 10, 19, 9], [5, 13, 6, 12], [22, 11, 1, 12], [20, 15, 21, 16], [14, 21, 15, 22], [4, 17, 5, 18]]"
11n_165_15,"[[4, 17, 5, 18], [10, 1, 11, 2], [16, 7, 17, 8], [13, 7, 14, 6], [2, 20, 3, 19], [8, 4, 9, 3], [18, 10, 19, 9], [5, 13, 6, 12], [22, 11, 1, 12], [20, 15, 21, 16], [14, 21, 15, 22]]"
11n_165_16,"[[14, 21, 15, 22], [4, 17, 5, 18], [10, 1, 11, 2], [16, 7, 17, 8], [13, 7, 14, 6], [2, 20, 3, 19], [8, 4, 9, 3], [18, 10, 19, 9], [5, 13, 6, 12], [22, 11, 1, 12], [20, 15, 21, 16]]"
11n_165_17,"[[20, 15, 21, 16], [14, 21, 15, 22], [4, 17, 5, 18], [10, 1, 11, 2], [16, 7, 17, 8], [13, 7, 14, 6], [2, 20, 3, 19], [8, 4, 9, 3], [18, 10, 19, 9], [5, 13, 6, 12], [22, 11, 1, 12]]"
11n_165_18,"[[22, 11, 1, 12], [20, 15, 21, 16], [14, 21, 15, 22], [4, 17, 5, 18], [10, 1, 11, 2], [16, 7, 17, 8], [13, 7, 14, 6], [2, 20, 3, 19], [8, 4, 9, 3], [18, 10, 19, 9], [5, 13, 6, 12]]"
11n_165_19,"[[5, 13, 6, 12], [22, 11, 1, 12], [20, 15, 21, 16], [14, 21, 15, 22], [4, 17, 5, 18], [10, 1, 11, 2], [16, 7, 17, 8], [13, 7, 14, 6], [2, 20, 3, 19], [8, 4, 9, 3], [18, 10, 19, 9]]"
11n_165_20,"[[18, 10, 19, 9], [5, 13, 6, 12], [22, 11, 1, 12], [20, 15, 21, 16], [14, 21, 15, 22], [4, 17, 5, 18], [10, 1, 11, 2], [16, 7, 17, 8], [13, 7, 14, 6], [2, 20, 3, 19], [8, 4, 9, 3]]"
11n_165_21,"[[8, 4, 9, 3], [18, 10, 19, 9], [5, 13, 6, 12], [22, 11, 1, 12], [20, 15, 21, 16], [14, 21, 15, 22], [4, 17, 5, 18], [10, 1, 11, 2], [16, 7, 17, 8], [13, 7, 14, 6], [2, 20, 3, 19]]"
11n_165_22,"[[3, 21, 4, 20], [9, 5, 10, 4], [19, 11, 20, 10], [6, 14, 7, 13], [1, 12, 2, 13], [21, 16, 22, 17], [15, 22, 16, 1], [5, 18, 6, 19], [11, 2, 12, 3], [17, 8, 18, 9], [14, 8, 15, 7]]"
11n_165_23,"[[14, 8, 15, 7], [3, 21, 4, 20], [9, 5, 10, 4], [19, 11, 20, 10], [6, 14, 7, 13], [1, 12, 2, 13], [21, 16, 22, 17], [15, 22, 16, 1], [5, 18, 6, 19], [11, 2, 12, 3], [17, 8, 18, 9]]"
11n_165_24,"[[17, 8, 18, 9], [14, 8, 15, 7], [3, 21, 4, 20], [9, 5, 10, 4], [19, 11, 20, 10], [6, 14, 7, 13], [1, 12, 2, 13], [21, 16, 22, 17], [15, 22, 16, 1], [5, 18, 6, 19], [11, 2, 12, 3]]"
11n_165_25,"[[11, 2, 12, 3], [17, 8, 18, 9], [14, 8, 15, 7], [3, 21, 4, 20], [9, 5, 10, 4], [19, 11, 20, 10], [6, 14, 7, 13], [1, 12, 2, 13], [21, 16, 22, 17], [15, 22, 16, 1], [5, 18, 6, 19]]"
11n_165_26,"[[5, 18, 6, 19], [11, 2, 12, 3], [17, 8, 18, 9], [14, 8, 15, 7], [3, 21, 4, 20], [9, 5, 10, 4], [19, 11, 20, 10], [6, 14, 7, 13], [1, 12, 2, 13], [21, 16, 22, 17], [15, 22, 16, 1]]"
11n_165_27,"[[15, 22, 16, 1], [5, 18, 6, 19], [11, 2, 12, 3], [17, 8, 18, 9], [14, 8, 15, 7], [3, 21, 4, 20], [9, 5, 10, 4], [19, 11, 20, 10], [6, 14, 7, 13], [1, 12, 2, 13], [21, 16, 22, 17]]"
11n_165_28,"[[21, 16, 22, 17], [15, 22, 16, 1], [5, 18, 6, 19], [11, 2, 12, 3], [17, 8, 18, 9], [14, 8, 15, 7], [3, 21, 4, 20], [9, 5, 10, 4], [19, 11, 20, 10], [6, 14, 7, 13], [1, 12, 2, 13]]"
11n_165_29,"[[1, 12, 2, 13], [21, 16, 22, 17], [15, 22, 16, 1], [5, 18, 6, 19], [11, 2, 12, 3], [17, 8, 18, 9], [14, 8, 15, 7], [3, 21, 4, 20], [9, 5, 10, 4], [19, 11, 20, 10], [6, 14, 7, 13]]"
11n_165_30,"[[6, 14, 7, 13], [1, 12, 2, 13], [21, 16, 22, 17], [15, 22, 16, 1], [5, 18, 6, 19], [11, 2, 12, 3], [17, 8, 18, 9], [14, 8, 15, 7], [3, 21, 4, 20], [9, 5, 10, 4], [19, 11, 20, 10]]"
11n_165_31,"[[19, 11, 20, 10], [6, 14, 7, 13], [1, 12, 2, 13], [21, 16, 22, 17], [15, 22, 16, 1], [5, 18, 6, 19], [11, 2, 12, 3], [17, 8, 18, 9], [14, 8, 15, 7], [3, 21, 4, 20], [9, 5, 10, 4]]"
11n_165_32,"[[9, 5, 10, 4], [19, 11, 20, 10], [6, 14, 7, 13], [1, 12, 2, 13], [21, 16, 22, 17], [15, 22, 16, 1], [5, 18, 6, 19], [11, 2, 12, 3], [17, 8, 18, 9], [14, 8, 15, 7], [3, 21, 4, 20]]"
11n_165_33,"[[4, 22, 5, 21], [10, 6, 11, 5], [20, 12, 21, 11], [7, 15, 8, 14], [2, 13, 3, 14], [22, 17, 1, 18], [16, 1, 17, 2], [6, 19, 7, 20], [12, 3, 13, 4], [18, 9, 19, 10], [15, 9, 16, 8]]"
11n_165_34,"[[15, 9, 16, 8], [4, 22, 5, 21], [10, 6, 11, 5], [20, 12, 21, 11], [7, 15, 8, 14], [2, 13, 3, 14], [22, 17, 1, 18], [16, 1, 17, 2], [6, 19, 7, 20], [12, 3, 13, 4], [18, 9, 19, 10]]"
11n_165_35,"[[18, 9, 19, 10], [15, 9, 16, 8], [4, 22, 5, 21], [10, 6, 11, 5], [20, 12, 21, 11], [7, 15, 8, 14], [2, 13, 3, 14], [22, 17, 1, 18], [16, 1, 17, 2], [6, 19, 7, 20], [12, 3, 13, 4]]"
11n_165_36,"[[12, 3, 13, 4], [18, 9, 19, 10], [15, 9, 16, 8], [4, 22, 5, 21], [10, 6, 11, 5], [20, 12, 21, 11], [7, 15, 8, 14], [2, 13, 3, 14], [22, 17, 1, 18], [16, 1, 17, 2], [6, 19, 7, 20]]"
11n_165_37,"[[6, 19, 7, 20], [12, 3, 13, 4], [18, 9, 19, 10], [15, 9, 16, 8], [4, 22, 5, 21], [10, 6, 11, 5], [20, 12, 21, 11], [7, 15, 8, 14], [2, 13, 3, 14], [22, 17, 1, 18], [16, 1, 17, 2]]"
11n_165_38,"[[16, 1, 17, 2], [6, 19, 7, 20], [12, 3, 13, 4], [18, 9, 19, 10], [15, 9, 16, 8], [4, 22, 5, 21], [10, 6, 11, 5], [20, 12, 21, 11], [7, 15, 8, 14], [2, 13, 3, 14], [22, 17, 1, 18]]"
11n_165_39,"[[22, 17, 1, 18], [16, 1, 17, 2], [6, 19, 7, 20], [12, 3, 13, 4], [18, 9, 19, 10], [15, 9, 16, 8], [4, 22, 5, 21], [10, 6, 11, 5], [20, 12, 21, 11], [7, 15, 8, 14], [2, 13, 3, 14]]"
11n_165_40,"[[2, 13, 3, 14], [22, 17, 1, 18], [16, 1, 17, 2], [6, 19, 7, 20], [12, 3, 13, 4], [18, 9, 19, 10], [15, 9, 16, 8], [4, 22, 5, 21], [10, 6, 11, 5], [20, 12, 21, 11], [7, 15, 8, 14]]"
11n_165_41,"[[7, 15, 8, 14], [2, 13, 3, 14], [22, 17, 1, 18], [16, 1, 17, 2], [6, 19, 7, 20], [12, 3, 13, 4], [18, 9, 19, 10], [15, 9, 16, 8], [4, 22, 5, 21], [10, 6, 11, 5], [20, 12, 21, 11]]"
11n_165_42,"[[20, 12, 21, 11], [7, 15, 8, 14], [2, 13, 3, 14], [22, 17, 1, 18], [16, 1, 17, 2], [6, 19, 7, 20], [12, 3, 13, 4], [18, 9, 19, 10], [15, 9, 16, 8], [4, 22, 5, 21], [10, 6, 11, 5]]"
11n_165_43,"[[10, 6, 11, 5], [20, 12, 21, 11], [7, 15, 8, 14], [2, 13, 3, 14], [22, 17, 1, 18], [16, 1, 17, 2], [6, 19, 7, 20], [12, 3, 13, 4], [18, 9, 19, 10], [15, 9, 16, 8], [4, 22, 5, 21]]"
11n_165_44,"[[5, 1, 6, 22], [11, 7, 12, 6], [21, 13, 22, 12], [8, 16, 9, 15], [3, 14, 4, 15], [1, 18, 2, 19], [17, 2, 18, 3], [7, 20, 8, 21], [13, 4, 14, 5], [19, 10, 20, 11], [16, 10, 17, 9]]"
11n_165_45,"[[16, 10, 17, 9], [5, 1, 6, 22], [11, 7, 12, 6], [21, 13, 22, 12], [8, 16, 9, 15], [3, 14, 4, 15], [1, 18, 2, 19], [17, 2, 18, 3], [7, 20, 8, 21], [13, 4, 14, 5], [19, 10, 20, 11]]"
11n_165_46,"[[19, 10, 20, 11], [16, 10, 17, 9], [5, 1, 6, 22], [11, 7, 12, 6], [21, 13, 22, 12], [8, 16, 9, 15], [3, 14, 4, 15], [1, 18, 2, 19], [17, 2, 18, 3], [7, 20, 8, 21], [13, 4, 14, 5]]"
11n_165_47,"[[13, 4, 14, 5], [19, 10, 20, 11], [16, 10, 17, 9], [5, 1, 6, 22], [11, 7, 12, 6], [21, 13, 22, 12], [8, 16, 9, 15], [3, 14, 4, 15], [1, 18, 2, 19], [17, 2, 18, 3], [7, 20, 8, 21]]"
11n_165_48,"[[7, 20, 8, 21], [13, 4, 14, 5], [19, 10, 20, 11], [16, 10, 17, 9], [5, 1, 6, 22], [11, 7, 12, 6], [21, 13, 22, 12], [8, 16, 9, 15], [3, 14, 4, 15], [1, 18, 2, 19], [17, 2, 18, 3]]"
11n_165_49,"[[17, 2, 18, 3], [7, 20, 8, 21], [13, 4, 14, 5], [19, 10, 20, 11], [16, 10, 17, 9], [5, 1, 6, 22], [11, 7, 12, 6], [21, 13, 22, 12], [8, 16, 9, 15], [3, 14, 4, 15], [1, 18, 2, 19]]"
11n_165_50,"[[1, 18, 2, 19], [17, 2, 18, 3], [7, 20, 8, 21], [13, 4, 14, 5], [19, 10, 20, 11], [16, 10, 17, 9], [5, 1, 6, 22], [11, 7, 12, 6], [21, 13, 22, 12], [8, 16, 9, 15], [3, 14, 4, 15]]"
11n_165_51,"[[3, 14, 4, 15], [1, 18, 2, 19], [17, 2, 18, 3], [7, 20, 8, 21], [13, 4, 14, 5], [19, 10, 20, 11], [16, 10, 17, 9], [5, 1, 6, 22], [11, 7, 12, 6], [21, 13, 22, 12], [8, 16, 9, 15]]"
11n_165_52,"[[8, 16, 9, 15], [3, 14, 4, 15], [1, 18, 2, 19], [17, 2, 18, 3], [7, 20, 8, 21], [13, 4, 14, 5], [19, 10, 20, 11], [16, 10, 17, 9], [5, 1, 6, 22], [11, 7, 12, 6], [21, 13, 22, 12]]"
11n_165_53,"[[21, 13, 22, 12], [8, 16, 9, 15], [3, 14, 4, 15], [1, 18, 2, 19], [17, 2, 18, 3], [7, 20, 8, 21], [13, 4, 14, 5], [19, 10, 20, 11], [16, 10, 17, 9], [5, 1, 6, 22], [11, 7, 12, 6]]"
11n_165_54,"[[11, 7, 12, 6], [21, 13, 22, 12], [8, 16, 9, 15], [3, 14, 4, 15], [1, 18, 2, 19], [17, 2, 18, 3], [7, 20, 8, 21], [13, 4, 14, 5], [19, 10, 20, 11], [16, 10, 17, 9], [5, 1, 6, 22]]"
11n_165_55,"[[6, 2, 7, 1], [12, 8, 13, 7], [22, 14, 1, 13], [9, 17, 10, 16], [4, 15, 5, 16], [2, 19, 3, 20], [18, 3, 19, 4], [8, 21, 9, 22], [14, 5, 15, 6], [20, 11, 21, 12], [17, 11, 18, 10]]"
11n_165_56,"[[17, 11, 18, 10], [6, 2, 7, 1], [12, 8, 13, 7], [22, 14, 1, 13], [9, 17, 10, 16], [4, 15, 5, 16], [2, 19, 3, 20], [18, 3, 19, 4], [8, 21, 9, 22], [14, 5, 15, 6], [20, 11, 21, 12]]"
11n_165_57,"[[20, 11, 21, 12], [17, 11, 18, 10], [6, 2, 7, 1], [12, 8, 13, 7], [22, 14, 1, 13], [9, 17, 10, 16], [4, 15, 5, 16], [2, 19, 3, 20], [18, 3, 19, 4], [8, 21, 9, 22], [14, 5, 15, 6]]"
11n_165_58,"[[14, 5, 15, 6], [20, 11, 21, 12], [17, 11, 18, 10], [6, 2, 7, 1], [12, 8, 13, 7], [22, 14, 1, 13], [9, 17, 10, 16], [4, 15, 5, 16], [2, 19, 3, 20], [18, 3, 19, 4], [8, 21, 9, 22]]"
11n_165_59,"[[8, 21, 9, 22], [14, 5, 15, 6], [20, 11, 21, 12], [17, 11, 18, 10], [6, 2, 7, 1], [12, 8, 13, 7], [22, 14, 1, 13], [9, 17, 10, 16], [4, 15, 5, 16], [2, 19, 3, 20], [18, 3, 19, 4]]"
11n_165_60,"[[18, 3, 19, 4], [8, 21, 9, 22], [14, 5, 15, 6], [20, 11, 21, 12], [17, 11, 18, 10], [6, 2, 7, 1], [12, 8, 13, 7], [22, 14, 1, 13], [9, 17, 10, 16], [4, 15, 5, 16], [2, 19, 3, 20]]"
11n_165_61,"[[2, 19, 3, 20], [18, 3, 19, 4], [8, 21, 9, 22], [14, 5, 15, 6], [20, 11, 21, 12], [17, 11, 18, 10], [6, 2, 7, 1], [12, 8, 13, 7], [22, 14, 1, 13], [9, 17, 10, 16], [4, 15, 5, 16]]"
11n_165_62,"[[4, 15, 5, 16], [2, 19, 3, 20], [18, 3, 19, 4], [8, 21, 9, 22], [14, 5, 15, 6], [20, 11, 21, 12], [17, 11, 18, 10], [6, 2, 7, 1], [12, 8, 13, 7], [22, 14, 1, 13], [9, 17, 10, 16]]"
11n_165_63,"[[9, 17, 10, 16], [4, 15, 5, 16], [2, 19, 3, 20], [18, 3, 19, 4], [8, 21, 9, 22], [14, 5, 15, 6], [20, 11, 21, 12], [17, 11, 18, 10], [6, 2, 7, 1], [12, 8, 13, 7], [22, 14, 1, 13]]"
11n_165_64,"[[22, 14, 1, 13], [9, 17, 10, 16], [4, 15, 5, 16], [2, 19, 3, 20], [18, 3, 19, 4], [8, 21, 9, 22], [14, 5, 15, 6], [20, 11, 21, 12], [17, 11, 18, 10], [6, 2, 7, 1], [12, 8, 13, 7]]"
11n_165_65,"[[12, 8, 13, 7], [22, 14, 1, 13], [9, 17, 10, 16], [4, 15, 5, 16], [2, 19, 3, 20], [18, 3, 19, 4], [8, 21, 9, 22], [14, 5, 15, 6], [20, 11, 21, 12], [17, 11, 18, 10], [6, 2, 7, 1]]"
11n_165_66,"[[7, 3, 8, 2], [13, 9, 14, 8], [1, 15, 2, 14], [10, 18, 11, 17], [5, 16, 6, 17], [3, 20, 4, 21], [19, 4, 20, 5], [9, 22, 10, 1], [15, 6, 16, 7], [21, 12, 22, 13], [18, 12, 19, 11]]"
11n_165_67,"[[18, 12, 19, 11], [7, 3, 8, 2], [13, 9, 14, 8], [1, 15, 2, 14], [10, 18, 11, 17], [5, 16, 6, 17], [3, 20, 4, 21], [19, 4, 20, 5], [9, 22, 10, 1], [15, 6, 16, 7], [21, 12, 22, 13]]"
11n_165_68,"[[21, 12, 22, 13], [18, 12, 19, 11], [7, 3, 8, 2], [13, 9, 14, 8], [1, 15, 2, 14], [10, 18, 11, 17], [5, 16, 6, 17], [3, 20, 4, 21], [19, 4, 20, 5], [9, 22, 10, 1], [15, 6, 16, 7]]"
11n_165_69,"[[15, 6, 16, 7], [21, 12, 22, 13], [18, 12, 19, 11], [7, 3, 8, 2], [13, 9, 14, 8], [1, 15, 2, 14], [10, 18, 11, 17], [5, 16, 6, 17], [3, 20, 4, 21], [19, 4, 20, 5], [9, 22, 10, 1]]"
11n_165_70,"[[9, 22, 10, 1], [15, 6, 16, 7], [21, 12, 22, 13], [18, 12, 19, 11], [7, 3, 8, 2], [13, 9, 14, 8], [1, 15, 2, 14], [10, 18, 11, 17], [5, 16, 6, 17], [3, 20, 4, 21], [19, 4, 20, 5]]"
11n_165_71,"[[19, 4, 20, 5], [9, 22, 10, 1], [15, 6, 16, 7], [21, 12, 22, 13], [18, 12, 19, 11], [7, 3, 8, 2], [13, 9, 14, 8], [1, 15, 2, 14], [10, 18, 11, 17], [5, 16, 6, 17], [3, 20, 4, 21]]"
11n_165_72,"[[3, 20, 4, 21], [19, 4, 20, 5], [9, 22, 10, 1], [15, 6, 16, 7], [21, 12, 22, 13], [18, 12, 19, 11], [7, 3, 8, 2], [13, 9, 14, 8], [1, 15, 2, 14], [10, 18, 11, 17], [5, 16, 6, 17]]"
11n_165_73,"[[5, 16, 6, 17], [3, 20, 4, 21], [19, 4, 20, 5], [9, 22, 10, 1], [15, 6, 16, 7], [21, 12, 22, 13], [18, 12, 19, 11], [7, 3, 8, 2], [13, 9, 14, 8], [1, 15, 2, 14], [10, 18, 11, 17]]"
11n_165_74,"[[10, 18, 11, 17], [5, 16, 6, 17], [3, 20, 4, 21], [19, 4, 20, 5], [9, 22, 10, 1], [15, 6, 16, 7], [21, 12, 22, 13], [18, 12, 19, 11], [7, 3, 8, 2], [13, 9, 14, 8], [1, 15, 2, 14]]"
11n_165_75,"[[1, 15, 2, 14], [10, 18, 11, 17], [5, 16, 6, 17], [3, 20, 4, 21], [19, 4, 20, 5], [9, 22, 10, 1], [15, 6, 16, 7], [21, 12, 22, 13], [18, 12, 19, 11], [7, 3, 8, 2], [13, 9, 14, 8]]"
11n_165_76,"[[13, 9, 14, 8], [1, 15, 2, 14], [10, 18, 11, 17], [5, 16, 6, 17], [3, 20, 4, 21], [19, 4, 20, 5], [9, 22, 10, 1], [15, 6, 16, 7], [21, 12, 22, 13], [18, 12, 19, 11], [7, 3, 8, 2]]"
11n_165_77,"[[8, 4, 9, 3], [14, 10, 15, 9], [2, 16, 3, 15], [11, 19, 12, 18], [6, 17, 7, 18], [4, 21, 5, 22], [20, 5, 21, 6], [10, 1, 11, 2], [16, 7, 17, 8], [22, 13, 1, 14], [19, 13, 20, 12]]"
11n_165_78,"[[19, 13, 20, 12], [8, 4, 9, 3], [14, 10, 15, 9], [2, 16, 3, 15], [11, 19, 12, 18], [6, 17, 7, 18], [4, 21, 5, 22], [20, 5, 21, 6], [10, 1, 11, 2], [16, 7, 17, 8], [22, 13, 1, 14]]"
11n_165_79,"[[22, 13, 1, 14], [19, 13, 20, 12], [8, 4, 9, 3], [14, 10, 15, 9], [2, 16, 3, 15], [11, 19, 12, 18], [6, 17, 7, 18], [4, 21, 5, 22], [20, 5, 21, 6], [10, 1, 11, 2], [16, 7, 17, 8]]"
11n_165_80,"[[16, 7, 17, 8], [22, 13, 1, 14], [19, 13, 20, 12], [8, 4, 9, 3], [14, 10, 15, 9], [2, 16, 3, 15], [11, 19, 12, 18], [6, 17, 7, 18], [4, 21, 5, 22], [20, 5, 21, 6], [10, 1, 11, 2]]"
11n_165_81,"[[10, 1, 11, 2], [16, 7, 17, 8], [22, 13, 1, 14], [19, 13, 20, 12], [8, 4, 9, 3], [14, 10, 15, 9], [2, 16, 3, 15], [11, 19, 12, 18], [6, 17, 7, 18], [4, 21, 5, 22], [20, 5, 21, 6]]"
11n_165_82,"[[20, 5, 21, 6], [10, 1, 11, 2], [16, 7, 17, 8], [22, 13, 1, 14], [19, 13, 20, 12], [8, 4, 9, 3], [14, 10, 15, 9], [2, 16, 3, 15], [11, 19, 12, 18], [6, 17, 7, 18], [4, 21, 5, 22]]"
11n_165_83,"[[4, 21, 5, 22], [20, 5, 21, 6], [10, 1, 11, 2], [16, 7, 17, 8], [22, 13, 1, 14], [19, 13, 20, 12], [8, 4, 9, 3], [14, 10, 15, 9], [2, 16, 3, 15], [11, 19, 12, 18], [6, 17, 7, 18]]"
11n_165_84,"[[6, 17, 7, 18], [4, 21, 5, 22], [20, 5, 21, 6], [10, 1, 11, 2], [16, 7, 17, 8], [22, 13, 1, 14], [19, 13, 20, 12], [8, 4, 9, 3], [14, 10, 15, 9], [2, 16, 3, 15], [11, 19, 12, 18]]"
11n_165_85,"[[11, 19, 12, 18], [6, 17, 7, 18], [4, 21, 5, 22], [20, 5, 21, 6], [10, 1, 11, 2], [16, 7, 17, 8], [22, 13, 1, 14], [19, 13, 20, 12], [8, 4, 9, 3], [14, 10, 15, 9], [2, 16, 3, 15]]"
11n_165_86,"[[2, 16, 3, 15], [11, 19, 12, 18], [6, 17, 7, 18], [4, 21, 5, 22], [20, 5, 21, 6], [10, 1, 11, 2], [16, 7, 17, 8], [22, 13, 1, 14], [19, 13, 20, 12], [8, 4, 9, 3], [14, 10, 15, 9]]"
11n_165_87,"[[14, 10, 15, 9], [2, 16, 3, 15], [11, 19, 12, 18], [6, 17, 7, 18], [4, 21, 5, 22], [20, 5, 21, 6], [10, 1, 11, 2], [16, 7, 17, 8], [22, 13, 1, 14], [19, 13, 20, 12], [8, 4, 9, 3]]"
11n_165_88,"[[9, 5, 10, 4], [15, 11, 16, 10], [3, 17, 4, 16], [12, 20, 13, 19], [7, 18, 8, 19], [5, 22, 6, 1], [21, 6, 22, 7], [11, 2, 12, 3], [17, 8, 18, 9], [1, 14, 2, 15], [20, 14, 21, 13]]"
11n_165_89,"[[20, 14, 21, 13], [9, 5, 10, 4], [15, 11, 16, 10], [3, 17, 4, 16], [12, 20, 13, 19], [7, 18, 8, 19], [5, 22, 6, 1], [21, 6, 22, 7], [11, 2, 12, 3], [17, 8, 18, 9], [1, 14, 2, 15]]"
11n_165_90,"[[1, 14, 2, 15], [20, 14, 21, 13], [9, 5, 10, 4], [15, 11, 16, 10], [3, 17, 4, 16], [12, 20, 13, 19], [7, 18, 8, 19], [5, 22, 6, 1], [21, 6, 22, 7], [11, 2, 12, 3], [17, 8, 18, 9]]"
11n_165_91,"[[17, 8, 18, 9], [1, 14, 2, 15], [20, 14, 21, 13], [9, 5, 10, 4], [15, 11, 16, 10], [3, 17, 4, 16], [12, 20, 13, 19], [7, 18, 8, 19], [5, 22, 6, 1], [21, 6, 22, 7], [11, 2, 12, 3]]"
11n_165_92,"[[11, 2, 12, 3], [17, 8, 18, 9], [1, 14, 2, 15], [20, 14, 21, 13], [9, 5, 10, 4], [15, 11, 16, 10], [3, 17, 4, 16], [12, 20, 13, 19], [7, 18, 8, 19], [5, 22, 6, 1], [21, 6, 22, 7]]"
11n_165_93,"[[21, 6, 22, 7], [11, 2, 12, 3], [17, 8, 18, 9], [1, 14, 2, 15], [20, 14, 21, 13], [9, 5, 10, 4], [15, 11, 16, 10], [3, 17, 4, 16], [12, 20, 13, 19], [7, 18, 8, 19], [5, 22, 6, 1]]"
11n_165_94,"[[5, 22, 6, 1], [21, 6, 22, 7], [11, 2, 12, 3], [17, 8, 18, 9], [1, 14, 2, 15], [20, 14, 21, 13], [9, 5, 10, 4], [15, 11, 16, 10], [3, 17, 4, 16], [12, 20, 13, 19], [7, 18, 8, 19]]"
11n_165_95,"[[7, 18, 8, 19], [5, 22, 6, 1], [21, 6, 22, 7], [11, 2, 12, 3], [17, 8, 18, 9], [1, 14, 2, 15], [20, 14, 21, 13], [9, 5, 10, 4], [15, 11, 16, 10], [3, 17, 4, 16], [12, 20, 13, 19]]"
11n_165_96,"[[12, 20, 13, 19], [7, 18, 8, 19], [5, 22, 6, 1], [21, 6, 22, 7], [11, 2, 12, 3], [17, 8, 18, 9], [1, 14, 2, 15], [20, 14, 21, 13], [9, 5, 10, 4], [15, 11, 16, 10], [3, 17, 4, 16]]"
11n_165_97,"[[3, 17, 4, 16], [12, 20, 13, 19], [7, 18, 8, 19], [5, 22, 6, 1], [21, 6, 22, 7], [11, 2, 12, 3], [17, 8, 18, 9], [1, 14, 2, 15], [20, 14, 21, 13], [9, 5, 10, 4], [15, 11, 16, 10]]"
11n_165_98,"[[15, 11, 16, 10], [3, 17, 4, 16], [12, 20, 13, 19], [7, 18, 8, 19], [5, 22, 6, 1], [21, 6, 22, 7], [11, 2, 12, 3], [17, 8, 18, 9], [1, 14, 2, 15], [20, 14, 21, 13], [9, 5, 10, 4]]"
11n_165_99,"[[10, 6, 11, 5], [16, 12, 17, 11], [4, 18, 5, 17], [13, 21, 14, 20], [8, 19, 9, 20], [6, 1, 7, 2], [22, 7, 1, 8], [12, 3, 13, 4], [18, 9, 19, 10], [2, 15, 3, 16], [21, 15, 22, 14]]"
11n_165_100,"[[21, 15, 22, 14], [10, 6, 11, 5], [16, 12, 17, 11], [4, 18, 5, 17], [13, 21, 14, 20], [8, 19, 9, 20], [6, 1, 7, 2], [22, 7, 1, 8], [12, 3, 13, 4], [18, 9, 19, 10], [2, 15, 3, 16]]"
11n_165_101,"[[2, 15, 3, 16], [21, 15, 22, 14], [10, 6, 11, 5], [16, 12, 17, 11], [4, 18, 5, 17], [13, 21, 14, 20], [8, 19, 9, 20], [6, 1, 7, 2], [22, 7, 1, 8], [12, 3, 13, 4], [18, 9, 19, 10]]"
11n_165_102,"[[18, 9, 19, 10], [2, 15, 3, 16], [21, 15, 22, 14], [10, 6, 11, 5], [16, 12, 17, 11], [4, 18, 5, 17], [13, 21, 14, 20], [8, 19, 9, 20], [6, 1, 7, 2], [22, 7, 1, 8], [12, 3, 13, 4]]"
11n_165_103,"[[12, 3, 13, 4], [18, 9, 19, 10], [2, 15, 3, 16], [21, 15, 22, 14], [10, 6, 11, 5], [16, 12, 17, 11], [4, 18, 5, 17], [13, 21, 14, 20], [8, 19, 9, 20], [6, 1, 7, 2], [22, 7, 1, 8]]"
11n_165_104,"[[22, 7, 1, 8], [12, 3, 13, 4], [18, 9, 19, 10], [2, 15, 3, 16], [21, 15, 22, 14], [10, 6, 11, 5], [16, 12, 17, 11], [4, 18, 5, 17], [13, 21, 14, 20], [8, 19, 9, 20], [6, 1, 7, 2]]"
11n_165_105,"[[6, 1, 7, 2], [22, 7, 1, 8], [12, 3, 13, 4], [18, 9, 19, 10], [2, 15, 3, 16], [21, 15, 22, 14], [10, 6, 11, 5], [16, 12, 17, 11], [4, 18, 5, 17], [13, 21, 14, 20], [8, 19, 9, 20]]"
11n_165_106,"[[8, 19, 9, 20], [6, 1, 7, 2], [22, 7, 1, 8], [12, 3, 13, 4], [18, 9, 19, 10], [2, 15, 3, 16], [21, 15, 22, 14], [10, 6, 11, 5], [16, 12, 17, 11], [4, 18, 5, 17], [13, 21, 14, 20]]"
11n_165_107,"[[13, 21, 14, 20], [8, 19, 9, 20], [6, 1, 7, 2], [22, 7, 1, 8], [12, 3, 13, 4], [18, 9, 19, 10], [2, 15, 3, 16], [21, 15, 22, 14], [10, 6, 11, 5], [16, 12, 17, 11], [4, 18, 5, 17]]"
11n_165_108,"[[4, 18, 5, 17], [13, 21, 14, 20], [8, 19, 9, 20], [6, 1, 7, 2], [22, 7, 1, 8], [12, 3, 13, 4], [18, 9, 19, 10], [2, 15, 3, 16], [21, 15, 22, 14], [10, 6, 11, 5], [16, 12, 17, 11]]"
11n_165_109,"[[16, 12, 17, 11], [4, 18, 5, 17], [13, 21, 14, 20], [8, 19, 9, 20], [6, 1, 7, 2], [22, 7, 1, 8], [12, 3, 13, 4], [18, 9, 19, 10], [2, 15, 3, 16], [21, 15, 22, 14], [10, 6, 11, 5]]"
11n_165_110,"[[11, 7, 12, 6], [17, 13, 18, 12], [5, 19, 6, 18], [14, 22, 15, 21], [9, 20, 10, 21], [7, 2, 8, 3], [1, 8, 2, 9], [13, 4, 14, 5], [19, 10, 20, 11], [3, 16, 4, 17], [22, 16, 1, 15]]"
11n_165_111,"[[22, 16, 1, 15], [11, 7, 12, 6], [17, 13, 18, 12], [5, 19, 6, 18], [14, 22, 15, 21], [9, 20, 10, 21], [7, 2, 8, 3], [1, 8, 2, 9], [13, 4, 14, 5], [19, 10, 20, 11], [3, 16, 4, 17]]"
11n_165_112,"[[3, 16, 4, 17], [22, 16, 1, 15], [11, 7, 12, 6], [17, 13, 18, 12], [5, 19, 6, 18], [14, 22, 15, 21], [9, 20, 10, 21], [7, 2, 8, 3], [1, 8, 2, 9], [13, 4, 14, 5], [19, 10, 20, 11]]"
11n_165_113,"[[19, 10, 20, 11], [3, 16, 4, 17], [22, 16, 1, 15], [11, 7, 12, 6], [17, 13, 18, 12], [5, 19, 6, 18], [14, 22, 15, 21], [9, 20, 10, 21], [7, 2, 8, 3], [1, 8, 2, 9], [13, 4, 14, 5]]"
11n_165_114,"[[13, 4, 14, 5], [19, 10, 20, 11], [3, 16, 4, 17], [22, 16, 1, 15], [11, 7, 12, 6], [17, 13, 18, 12], [5, 19, 6, 18], [14, 22, 15, 21], [9, 20, 10, 21], [7, 2, 8, 3], [1, 8, 2, 9]]"
11n_165_115,"[[1, 8, 2, 9], [13, 4, 14, 5], [19, 10, 20, 11], [3, 16, 4, 17], [22, 16, 1, 15], [11, 7, 12, 6], [17, 13, 18, 12], [5, 19, 6, 18], [14, 22, 15, 21], [9, 20, 10, 21], [7, 2, 8, 3]]"
11n_165_116,"[[7, 2, 8, 3], [1, 8, 2, 9], [13, 4, 14, 5], [19, 10, 20, 11], [3, 16, 4, 17], [22, 16, 1, 15], [11, 7, 12, 6], [17, 13, 18, 12], [5, 19, 6, 18], [14, 22, 15, 21], [9, 20, 10, 21]]"
11n_165_117,"[[9, 20, 10, 21], [7, 2, 8, 3], [1, 8, 2, 9], [13, 4, 14, 5], [19, 10, 20, 11], [3, 16, 4, 17], [22, 16, 1, 15], [11, 7, 12, 6], [17, 13, 18, 12], [5, 19, 6, 18], [14, 22, 15, 21]]"
11n_165_118,"[[14, 22, 15, 21], [9, 20, 10, 21], [7, 2, 8, 3], [1, 8, 2, 9], [13, 4, 14, 5], [19, 10, 20, 11], [3, 16, 4, 17], [22, 16, 1, 15], [11, 7, 12, 6], [17, 13, 18, 12], [5, 19, 6, 18]]"
11n_165_119,"[[5, 19, 6, 18], [14, 22, 15, 21], [9, 20, 10, 21], [7, 2, 8, 3], [1, 8, 2, 9], [13, 4, 14, 5], [19, 10, 20, 11], [3, 16, 4, 17], [22, 16, 1, 15], [11, 7, 12, 6], [17, 13, 18, 12]]"
11n_165_120,"[[17, 13, 18, 12], [5, 19, 6, 18], [14, 22, 15, 21], [9, 20, 10, 21], [7, 2, 8, 3], [1, 8, 2, 9], [13, 4, 14, 5], [19, 10, 20, 11], [3, 16, 4, 17], [22, 16, 1, 15], [11, 7, 12, 6]]"
11n_165_121,"[[12, 8, 13, 7], [18, 14, 19, 13], [6, 20, 7, 19], [15, 1, 16, 22], [10, 21, 11, 22], [8, 3, 9, 4], [2, 9, 3, 10], [14, 5, 15, 6], [20, 11, 21, 12], [4, 17, 5, 18], [1, 17, 2, 16]]"
11n_165_122,"[[1, 17, 2, 16], [12, 8, 13, 7], [18, 14, 19, 13], [6, 20, 7, 19], [15, 1, 16, 22], [10, 21, 11, 22], [8, 3, 9, 4], [2, 9, 3, 10], [14, 5, 15, 6], [20, 11, 21, 12], [4, 17, 5, 18]]"
11n_165_123,"[[4, 17, 5, 18], [1, 17, 2, 16], [12, 8, 13, 7], [18, 14, 19, 13], [6, 20, 7, 19], [15, 1, 16, 22], [10, 21, 11, 22], [8, 3, 9, 4], [2, 9, 3, 10], [14, 5, 15, 6], [20, 11, 21, 12]]"
11n_165_124,"[[20, 11, 21, 12], [4, 17, 5, 18], [1, 17, 2, 16], [12, 8, 13, 7], [18, 14, 19, 13], [6, 20, 7, 19], [15, 1, 16, 22], [10, 21, 11, 22], [8, 3, 9, 4], [2, 9, 3, 10], [14, 5, 15, 6]]"
11n_165_125,"[[14, 5, 15, 6], [20, 11, 21, 12], [4, 17, 5, 18], [1, 17, 2, 16], [12, 8, 13, 7], [18, 14, 19, 13], [6, 20, 7, 19], [15, 1, 16, 22], [10, 21, 11, 22], [8, 3, 9, 4], [2, 9, 3, 10]]"
11n_165_126,"[[2, 9, 3, 10], [14, 5, 15, 6], [20, 11, 21, 12], [4, 17, 5, 18], [1, 17, 2, 16], [12, 8, 13, 7], [18, 14, 19, 13], [6, 20, 7, 19], [15, 1, 16, 22], [10, 21, 11, 22], [8, 3, 9, 4]]"
11n_165_127,"[[8, 3, 9, 4], [2, 9, 3, 10], [14, 5, 15, 6], [20, 11, 21, 12], [4, 17, 5, 18], [1, 17, 2, 16], [12, 8, 13, 7], [18, 14, 19, 13], [6, 20, 7, 19], [15, 1, 16, 22], [10, 21, 11, 22]]"
11n_165_128,"[[10, 21, 11, 22], [8, 3, 9, 4], [2, 9, 3, 10], [14, 5, 15, 6], [20, 11, 21, 12], [4, 17, 5, 18], [1, 17, 2, 16], [12, 8, 13, 7], [18, 14, 19, 13], [6, 20, 7, 19], [15, 1, 16, 22]]"
11n_165_129,"[[15, 1, 16, 22], [10, 21, 11, 22], [8, 3, 9, 4], [2, 9, 3, 10], [14, 5, 15, 6], [20, 11, 21, 12], [4, 17, 5, 18], [1, 17, 2, 16], [12, 8, 13, 7], [18, 14, 19, 13], [6, 20, 7, 19]]"
11n_165_130,"[[6, 20, 7, 19], [15, 1, 16, 22], [10, 21, 11, 22], [8, 3, 9, 4], [2, 9, 3, 10], [14, 5, 15, 6], [20, 11, 21, 12], [4, 17, 5, 18], [1, 17, 2, 16], [12, 8, 13, 7], [18, 14, 19, 13]]"
11n_165_131,"[[18, 14, 19, 13], [6, 20, 7, 19], [15, 1, 16, 22], [10, 21, 11, 22], [8, 3, 9, 4], [2, 9, 3, 10], [14, 5, 15, 6], [20, 11, 21, 12], [4, 17, 5, 18], [1, 17, 2, 16], [12, 8, 13, 7]]"
11n_165_132,"[[13, 9, 14, 8], [19, 15, 20, 14], [7, 21, 8, 20], [16, 2, 17, 1], [11, 22, 12, 1], [9, 4, 10, 5], [3, 10, 4, 11], [15, 6, 16, 7], [21, 12, 22, 13], [5, 18, 6, 19], [2, 18, 3, 17]]"
11n_165_133,"[[2, 18, 3, 17], [13, 9, 14, 8], [19, 15, 20, 14], [7, 21, 8, 20], [16, 2, 17, 1], [11, 22, 12, 1], [9, 4, 10, 5], [3, 10, 4, 11], [15, 6, 16, 7], [21, 12, 22, 13], [5, 18, 6, 19]]"
11n_165_134,"[[5, 18, 6, 19], [2, 18, 3, 17], [13, 9, 14, 8], [19, 15, 20, 14], [7, 21, 8, 20], [16, 2, 17, 1], [11, 22, 12, 1], [9, 4, 10, 5], [3, 10, 4, 11], [15, 6, 16, 7], [21, 12, 22, 13]]"
11n_165_135,"[[21, 12, 22, 13], [5, 18, 6, 19], [2, 18, 3, 17], [13, 9, 14, 8], [19, 15, 20, 14], [7, 21, 8, 20], [16, 2, 17, 1], [11, 22, 12, 1], [9, 4, 10, 5], [3, 10, 4, 11], [15, 6, 16, 7]]"
11n_165_136,"[[15, 6, 16, 7], [21, 12, 22, 13], [5, 18, 6, 19], [2, 18, 3, 17], [13, 9, 14, 8], [19, 15, 20, 14], [7, 21, 8, 20], [16, 2, 17, 1], [11, 22, 12, 1], [9, 4, 10, 5], [3, 10, 4, 11]]"
11n_165_137,"[[3, 10, 4, 11], [15, 6, 16, 7], [21, 12, 22, 13], [5, 18, 6, 19], [2, 18, 3, 17], [13, 9, 14, 8], [19, 15, 20, 14], [7, 21, 8, 20], [16, 2, 17, 1], [11, 22, 12, 1], [9, 4, 10, 5]]"
11n_165_138,"[[9, 4, 10, 5], [3, 10, 4, 11], [15, 6, 16, 7], [21, 12, 22, 13], [5, 18, 6, 19], [2, 18, 3, 17], [13, 9, 14, 8], [19, 15, 20, 14], [7, 21, 8, 20], [16, 2, 17, 1], [11, 22, 12, 1]]"
11n_165_139,"[[11, 22, 12, 1], [9, 4, 10, 5], [3, 10, 4, 11], [15, 6, 16, 7], [21, 12, 22, 13], [5, 18, 6, 19], [2, 18, 3, 17], [13, 9, 14, 8], [19, 15, 20, 14], [7, 21, 8, 20], [16, 2, 17, 1]]"
11n_165_140,"[[16, 2, 17, 1], [11, 22, 12, 1], [9, 4, 10, 5], [3, 10, 4, 11], [15, 6, 16, 7], [21, 12, 22, 13], [5, 18, 6, 19], [2, 18, 3, 17], [13, 9, 14, 8], [19, 15, 20, 14], [7, 21, 8, 20]]"
11n_165_141,"[[7, 21, 8, 20], [16, 2, 17, 1], [11, 22, 12, 1], [9, 4, 10, 5], [3, 10, 4, 11], [15, 6, 16, 7], [21, 12, 22, 13], [5, 18, 6, 19], [2, 18, 3, 17], [13, 9, 14, 8], [19, 15, 20, 14]]"
11n_165_142,"[[19, 15, 20, 14], [7, 21, 8, 20], [16, 2, 17, 1], [11, 22, 12, 1], [9, 4, 10, 5], [3, 10, 4, 11], [15, 6, 16, 7], [21, 12, 22, 13], [5, 18, 6, 19], [2, 18, 3, 17], [13, 9, 14, 8]]"
11n_165_143,"[[14, 10, 15, 9], [20, 16, 21, 15], [8, 22, 9, 21], [17, 3, 18, 2], [12, 1, 13, 2], [10, 5, 11, 6], [4, 11, 5, 12], [16, 7, 17, 8], [22, 13, 1, 14], [6, 19, 7, 20], [3, 19, 4, 18]]"
11n_165_144,"[[3, 19, 4, 18], [14, 10, 15, 9], [20, 16, 21, 15], [8, 22, 9, 21], [17, 3, 18, 2], [12, 1, 13, 2], [10, 5, 11, 6], [4, 11, 5, 12], [16, 7, 17, 8], [22, 13, 1, 14], [6, 19, 7, 20]]"
11n_165_145,"[[6, 19, 7, 20], [3, 19, 4, 18], [14, 10, 15, 9], [20, 16, 21, 15], [8, 22, 9, 21], [17, 3, 18, 2], [12, 1, 13, 2], [10, 5, 11, 6], [4, 11, 5, 12], [16, 7, 17, 8], [22, 13, 1, 14]]"
11n_165_146,"[[22, 13, 1, 14], [6, 19, 7, 20], [3, 19, 4, 18], [14, 10, 15, 9], [20, 16, 21, 15], [8, 22, 9, 21], [17, 3, 18, 2], [12, 1, 13, 2], [10, 5, 11, 6], [4, 11, 5, 12], [16, 7, 17, 8]]"
11n_165_147,"[[16, 7, 17, 8], [22, 13, 1, 14], [6, 19, 7, 20], [3, 19, 4, 18], [14, 10, 15, 9], [20, 16, 21, 15], [8, 22, 9, 21], [17, 3, 18, 2], [12, 1, 13, 2], [10, 5, 11, 6], [4, 11, 5, 12]]"
11n_165_148,"[[4, 11, 5, 12], [16, 7, 17, 8], [22, 13, 1, 14], [6, 19, 7, 20], [3, 19, 4, 18], [14, 10, 15, 9], [20, 16, 21, 15], [8, 22, 9, 21], [17, 3, 18, 2], [12, 1, 13, 2], [10, 5, 11, 6]]"
11n_165_149,"[[10, 5, 11, 6], [4, 11, 5, 12], [16, 7, 17, 8], [22, 13, 1, 14], [6, 19, 7, 20], [3, 19, 4, 18], [14, 10, 15, 9], [20, 16, 21, 15], [8, 22, 9, 21], [17, 3, 18, 2], [12, 1, 13, 2]]"
11n_165_150,"[[12, 1, 13, 2], [10, 5, 11, 6], [4, 11, 5, 12], [16, 7, 17, 8], [22, 13, 1, 14], [6, 19, 7, 20], [3, 19, 4, 18], [14, 10, 15, 9], [20, 16, 21, 15], [8, 22, 9, 21], [17, 3, 18, 2]]"
11n_165_151,"[[17, 3, 18, 2], [12, 1, 13, 2], [10, 5, 11, 6], [4, 11, 5, 12], [16, 7, 17, 8], [22, 13, 1, 14], [6, 19, 7, 20], [3, 19, 4, 18], [14, 10, 15, 9], [20, 16, 21, 15], [8, 22, 9, 21]]"
11n_165_152,"[[8, 22, 9, 21], [17, 3, 18, 2], [12, 1, 13, 2], [10, 5, 11, 6], [4, 11, 5, 12], [16, 7, 17, 8], [22, 13, 1, 14], [6, 19, 7, 20], [3, 19, 4, 18], [14, 10, 15, 9], [20, 16, 21, 15]]"
11n_165_153,"[[20, 16, 21, 15], [8, 22, 9, 21], [17, 3, 18, 2], [12, 1, 13, 2], [10, 5, 11, 6], [4, 11, 5, 12], [16, 7, 17, 8], [22, 13, 1, 14], [6, 19, 7, 20], [3, 19, 4, 18], [14, 10, 15, 9]]"
11n_165_154,"[[15, 11, 16, 10], [21, 17, 22, 16], [9, 1, 10, 22], [18, 4, 19, 3], [13, 2, 14, 3], [11, 6, 12, 7], [5, 12, 6, 13], [17, 8, 18, 9], [1, 14, 2, 15], [7, 20, 8, 21], [4, 20, 5, 19]]"
11n_165_155,"[[4, 20, 5, 19], [15, 11, 16, 10], [21, 17, 22, 16], [9, 1, 10, 22], [18, 4, 19, 3], [13, 2, 14, 3], [11, 6, 12, 7], [5, 12, 6, 13], [17, 8, 18, 9], [1, 14, 2, 15], [7, 20, 8, 21]]"
11n_165_156,"[[7, 20, 8, 21], [4, 20, 5, 19], [15, 11, 16, 10], [21, 17, 22, 16], [9, 1, 10, 22], [18, 4, 19, 3], [13, 2, 14, 3], [11, 6, 12, 7], [5, 12, 6, 13], [17, 8, 18, 9], [1, 14, 2, 15]]"
11n_165_157,"[[1, 14, 2, 15], [7, 20, 8, 21], [4, 20, 5, 19], [15, 11, 16, 10], [21, 17, 22, 16], [9, 1, 10, 22], [18, 4, 19, 3], [13, 2, 14, 3], [11, 6, 12, 7], [5, 12, 6, 13], [17, 8, 18, 9]]"
11n_165_158,"[[17, 8, 18, 9], [1, 14, 2, 15], [7, 20, 8, 21], [4, 20, 5, 19], [15, 11, 16, 10], [21, 17, 22, 16], [9, 1, 10, 22], [18, 4, 19, 3], [13, 2, 14, 3], [11, 6, 12, 7], [5, 12, 6, 13]]"
11n_165_159,"[[5, 12, 6, 13], [17, 8, 18, 9], [1, 14, 2, 15], [7, 20, 8, 21], [4, 20, 5, 19], [15, 11, 16, 10], [21, 17, 22, 16], [9, 1, 10, 22], [18, 4, 19, 3], [13, 2, 14, 3], [11, 6, 12, 7]]"
11n_165_160,"[[11, 6, 12, 7], [5, 12, 6, 13], [17, 8, 18, 9], [1, 14, 2, 15], [7, 20, 8, 21], [4, 20, 5, 19], [15, 11, 16, 10], [21, 17, 22, 16], [9, 1, 10, 22], [18, 4, 19, 3], [13, 2, 14, 3]]"
11n_165_161,"[[13, 2, 14, 3], [11, 6, 12, 7], [5, 12, 6, 13], [17, 8, 18, 9], [1, 14, 2, 15], [7, 20, 8, 21], [4, 20, 5, 19], [15, 11, 16, 10], [21, 17, 22, 16], [9, 1, 10, 22], [18, 4, 19, 3]]"
11n_165_162,"[[18, 4, 19, 3], [13, 2, 14, 3], [11, 6, 12, 7], [5, 12, 6, 13], [17, 8, 18, 9], [1, 14, 2, 15], [7, 20, 8, 21], [4, 20, 5, 19], [15, 11, 16, 10], [21, 17, 22, 16], [9, 1, 10, 22]]"
11n_165_163,"[[9, 1, 10, 22], [18, 4, 19, 3], [13, 2, 14, 3], [11, 6, 12, 7], [5, 12, 6, 13], [17, 8, 18, 9], [1, 14, 2, 15], [7, 20, 8, 21], [4, 20, 5, 19], [15, 11, 16, 10], [21, 17, 22, 16]]"
11n_165_164,"[[21, 17, 22, 16], [9, 1, 10, 22], [18, 4, 19, 3], [13, 2, 14, 3], [11, 6, 12, 7], [5, 12, 6, 13], [17, 8, 18, 9], [1, 14, 2, 15], [7, 20, 8, 21], [4, 20, 5, 19], [15, 11, 16, 10]]"
11n_165_165,"[[16, 12, 17, 11], [22, 18, 1, 17], [10, 2, 11, 1], [19, 5, 20, 4], [14, 3, 15, 4], [12, 7, 13, 8], [6, 13, 7, 14], [18, 9, 19, 10], [2, 15, 3, 16], [8, 21, 9, 22], [5, 21, 6, 20]]"
11n_165_166,"[[5, 21, 6, 20], [16, 12, 17, 11], [22, 18, 1, 17], [10, 2, 11, 1], [19, 5, 20, 4], [14, 3, 15, 4], [12, 7, 13, 8], [6, 13, 7, 14], [18, 9, 19, 10], [2, 15, 3, 16], [8, 21, 9, 22]]"
11n_165_167,"[[8, 21, 9, 22], [5, 21, 6, 20], [16, 12, 17, 11], [22, 18, 1, 17], [10, 2, 11, 1], [19, 5, 20, 4], [14, 3, 15, 4], [12, 7, 13, 8], [6, 13, 7, 14], [18, 9, 19, 10], [2, 15, 3, 16]]"
11n_165_168,"[[2, 15, 3, 16], [8, 21, 9, 22], [5, 21, 6, 20], [16, 12, 17, 11], [22, 18, 1, 17], [10, 2, 11, 1], [19, 5, 20, 4], [14, 3, 15, 4], [12, 7, 13, 8], [6, 13, 7, 14], [18, 9, 19, 10]]"
11n_165_169,"[[18, 9, 19, 10], [2, 15, 3, 16], [8, 21, 9, 22], [5, 21, 6, 20], [16, 12, 17, 11], [22, 18, 1, 17], [10, 2, 11, 1], [19, 5, 20, 4], [14, 3, 15, 4], [12, 7, 13, 8], [6, 13, 7, 14]]"
11n_165_170,"[[6, 13, 7, 14], [18, 9, 19, 10], [2, 15, 3, 16], [8, 21, 9, 22], [5, 21, 6, 20], [16, 12, 17, 11], [22, 18, 1, 17], [10, 2, 11, 1], [19, 5, 20, 4], [14, 3, 15, 4], [12, 7, 13, 8]]"
11n_165_171,"[[12, 7, 13, 8], [6, 13, 7, 14], [18, 9, 19, 10], [2, 15, 3, 16], [8, 21, 9, 22], [5, 21, 6, 20], [16, 12, 17, 11], [22, 18, 1, 17], [10, 2, 11, 1], [19, 5, 20, 4], [14, 3, 15, 4]]"
11n_165_172,"[[14, 3, 15, 4], [12, 7, 13, 8], [6, 13, 7, 14], [18, 9, 19, 10], [2, 15, 3, 16], [8, 21, 9, 22], [5, 21, 6, 20], [16, 12, 17, 11], [22, 18, 1, 17], [10, 2, 11, 1], [19, 5, 20, 4]]"
11n_165_173,"[[19, 5, 20, 4], [14, 3, 15, 4], [12, 7, 13, 8], [6, 13, 7, 14], [18, 9, 19, 10], [2, 15, 3, 16], [8, 21, 9, 22], [5, 21, 6, 20], [16, 12, 17, 11], [22, 18, 1, 17], [10, 2, 11, 1]]"
11n_165_174,"[[10, 2, 11, 1], [19, 5, 20, 4], [14, 3, 15, 4], [12, 7, 13, 8], [6, 13, 7, 14], [18, 9, 19, 10], [2, 15, 3, 16], [8, 21, 9, 22], [5, 21, 6, 20], [16, 12, 17, 11], [22, 18, 1, 17]]"
11n_165_175,"[[22, 18, 1, 17], [10, 2, 11, 1], [19, 5, 20, 4], [14, 3, 15, 4], [12, 7, 13, 8], [6, 13, 7, 14], [18, 9, 19, 10], [2, 15, 3, 16], [8, 21, 9, 22], [5, 21, 6, 20], [16, 12, 17, 11]]"
11n_165_176,"[[17, 13, 18, 12], [1, 19, 2, 18], [11, 3, 12, 2], [20, 6, 21, 5], [15, 4, 16, 5], [13, 8, 14, 9], [7, 14, 8, 15], [19, 10, 20, 11], [3, 16, 4, 17], [9, 22, 10, 1], [6, 22, 7, 21]]"
11n_165_177,"[[6, 22, 7, 21], [17, 13, 18, 12], [1, 19, 2, 18], [11, 3, 12, 2], [20, 6, 21, 5], [15, 4, 16, 5], [13, 8, 14, 9], [7, 14, 8, 15], [19, 10, 20, 11], [3, 16, 4, 17], [9, 22, 10, 1]]"
11n_165_178,"[[9, 22, 10, 1], [6, 22, 7, 21], [17, 13, 18, 12], [1, 19, 2, 18], [11, 3, 12, 2], [20, 6, 21, 5], [15, 4, 16, 5], [13, 8, 14, 9], [7, 14, 8, 15], [19, 10, 20, 11], [3, 16, 4, 17]]"
11n_165_179,"[[3, 16, 4, 17], [9, 22, 10, 1], [6, 22, 7, 21], [17, 13, 18, 12], [1, 19, 2, 18], [11, 3, 12, 2], [20, 6, 21, 5], [15, 4, 16, 5], [13, 8, 14, 9], [7, 14, 8, 15], [19, 10, 20, 11]]"
11n_165_180,"[[19, 10, 20, 11], [3, 16, 4, 17], [9, 22, 10, 1], [6, 22, 7, 21], [17, 13, 18, 12], [1, 19, 2, 18], [11, 3, 12, 2], [20, 6, 21, 5], [15, 4, 16, 5], [13, 8, 14, 9], [7, 14, 8, 15]]"
11n_165_181,"[[7, 14, 8, 15], [19, 10, 20, 11], [3, 16, 4, 17], [9, 22, 10, 1], [6, 22, 7, 21], [17, 13, 18, 12], [1, 19, 2, 18], [11, 3, 12, 2], [20, 6, 21, 5], [15, 4, 16, 5], [13, 8, 14, 9]]"
11n_165_182,"[[13, 8, 14, 9], [7, 14, 8, 15], [19, 10, 20, 11], [3, 16, 4, 17], [9, 22, 10, 1], [6, 22, 7, 21], [17, 13, 18, 12], [1, 19, 2, 18], [11, 3, 12, 2], [20, 6, 21, 5], [15, 4, 16, 5]]"
11n_165_183,"[[15, 4, 16, 5], [13, 8, 14, 9], [7, 14, 8, 15], [19, 10, 20, 11], [3, 16, 4, 17], [9, 22, 10, 1], [6, 22, 7, 21], [17, 13, 18, 12], [1, 19, 2, 18], [11, 3, 12, 2], [20, 6, 21, 5]]"
11n_165_184,"[[20, 6, 21, 5], [15, 4, 16, 5], [13, 8, 14, 9], [7, 14, 8, 15], [19, 10, 20, 11], [3, 16, 4, 17], [9, 22, 10, 1], [6, 22, 7, 21], [17, 13, 18, 12], [1, 19, 2, 18], [11, 3, 12, 2]]"
11n_165_185,"[[11, 3, 12, 2], [20, 6, 21, 5], [15, 4, 16, 5], [13, 8, 14, 9], [7, 14, 8, 15], [19, 10, 20, 11], [3, 16, 4, 17], [9, 22, 10, 1], [6, 22, 7, 21], [17, 13, 18, 12], [1, 19, 2, 18]]"
11n_165_186,"[[1, 19, 2, 18], [11, 3, 12, 2], [20, 6, 21, 5], [15, 4, 16, 5], [13, 8, 14, 9], [7, 14, 8, 15], [19, 10, 20, 11], [3, 16, 4, 17], [9, 22, 10, 1], [6, 22, 7, 21], [17, 13, 18, 12]]"
11n_165_187,"[[18, 14, 19, 13], [2, 20, 3, 19], [12, 4, 13, 3], [21, 7, 22, 6], [16, 5, 17, 6], [14, 9, 15, 10], [8, 15, 9, 16], [20, 11, 21, 12], [4, 17, 5, 18], [10, 1, 11, 2], [7, 1, 8, 22]]"
11n_165_188,"[[7, 1, 8, 22], [18, 14, 19, 13], [2, 20, 3, 19], [12, 4, 13, 3], [21, 7, 22, 6], [16, 5, 17, 6], [14, 9, 15, 10], [8, 15, 9, 16], [20, 11, 21, 12], [4, 17, 5, 18], [10, 1, 11, 2]]"
11n_165_189,"[[10, 1, 11, 2], [7, 1, 8, 22], [18, 14, 19, 13], [2, 20, 3, 19], [12, 4, 13, 3], [21, 7, 22, 6], [16, 5, 17, 6], [14, 9, 15, 10], [8, 15, 9, 16], [20, 11, 21, 12], [4, 17, 5, 18]]"
11n_165_190,"[[4, 17, 5, 18], [10, 1, 11, 2], [7, 1, 8, 22], [18, 14, 19, 13], [2, 20, 3, 19], [12, 4, 13, 3], [21, 7, 22, 6], [16, 5, 17, 6], [14, 9, 15, 10], [8, 15, 9, 16], [20, 11, 21, 12]]"
11n_165_191,"[[20, 11, 21, 12], [4, 17, 5, 18], [10, 1, 11, 2], [7, 1, 8, 22], [18, 14, 19, 13], [2, 20, 3, 19], [12, 4, 13, 3], [21, 7, 22, 6], [16, 5, 17, 6], [14, 9, 15, 10], [8, 15, 9, 16]]"
11n_165_192,"[[8, 15, 9, 16], [20, 11, 21, 12], [4, 17, 5, 18], [10, 1, 11, 2], [7, 1, 8, 22], [18, 14, 19, 13], [2, 20, 3, 19], [12, 4, 13, 3], [21, 7, 22, 6], [16, 5, 17, 6], [14, 9, 15, 10]]"
11n_165_193,"[[14, 9, 15, 10], [8, 15, 9, 16], [20, 11, 21, 12], [4, 17, 5, 18], [10, 1, 11, 2], [7, 1, 8, 22], [18, 14, 19, 13], [2, 20, 3, 19], [12, 4, 13, 3], [21, 7, 22, 6], [16, 5, 17, 6]]"
11n_165_194,"[[16, 5, 17, 6], [14, 9, 15, 10], [8, 15, 9, 16], [20, 11, 21, 12], [4, 17, 5, 18], [10, 1, 11, 2], [7, 1, 8, 22], [18, 14, 19, 13], [2, 20, 3, 19], [12, 4, 13, 3], [21, 7, 22, 6]]"
11n_165_195,"[[21, 7, 22, 6], [16, 5, 17, 6], [14, 9, 15, 10], [8, 15, 9, 16], [20, 11, 21, 12], [4, 17, 5, 18], [10, 1, 11, 2], [7, 1, 8, 22], [18, 14, 19, 13], [2, 20, 3, 19], [12, 4, 13, 3]]"
11n_165_196,"[[12, 4, 13, 3], [21, 7, 22, 6], [16, 5, 17, 6], [14, 9, 15, 10], [8, 15, 9, 16], [20, 11, 21, 12], [4, 17, 5, 18], [10, 1, 11, 2], [7, 1, 8, 22], [18, 14, 19, 13], [2, 20, 3, 19]]"
11n_165_197,"[[2, 20, 3, 19], [12, 4, 13, 3], [21, 7, 22, 6], [16, 5, 17, 6], [14, 9, 15, 10], [8, 15, 9, 16], [20, 11, 21, 12], [4, 17, 5, 18], [10, 1, 11, 2], [7, 1, 8, 22], [18, 14, 19, 13]]"
11n_165_198,"[[19, 15, 20, 14], [3, 21, 4, 20], [13, 5, 14, 4], [22, 8, 1, 7], [17, 6, 18, 7], [15, 10, 16, 11], [9, 16, 10, 17], [21, 12, 22, 13], [5, 18, 6, 19], [11, 2, 12, 3], [8, 2, 9, 1]]"
11n_165_199,"[[8, 2, 9, 1], [19, 15, 20, 14], [3, 21, 4, 20], [13, 5, 14, 4], [22, 8, 1, 7], [17, 6, 18, 7], [15, 10, 16, 11], [9, 16, 10, 17], [21, 12, 22, 13], [5, 18, 6, 19], [11, 2, 12, 3]]"
11n_165_200,"[[11, 2, 12, 3], [8, 2, 9, 1], [19, 15, 20, 14], [3, 21, 4, 20], [13, 5, 14, 4], [22, 8, 1, 7], [17, 6, 18, 7], [15, 10, 16, 11], [9, 16, 10, 17], [21, 12, 22, 13], [5, 18, 6, 19]]"
11n_165_201,"[[5, 18, 6, 19], [11, 2, 12, 3], [8, 2, 9, 1], [19, 15, 20, 14], [3, 21, 4, 20], [13, 5, 14, 4], [22, 8, 1, 7], [17, 6, 18, 7], [15, 10, 16, 11], [9, 16, 10, 17], [21, 12, 22, 13]]"
11n_165_202,"[[21, 12, 22, 13], [5, 18, 6, 19], [11, 2, 12, 3], [8, 2, 9, 1], [19, 15, 20, 14], [3, 21, 4, 20], [13, 5, 14, 4], [22, 8, 1, 7], [17, 6, 18, 7], [15, 10, 16, 11], [9, 16, 10, 17]]"
11n_165_203,"[[9, 16, 10, 17], [21, 12, 22, 13], [5, 18, 6, 19], [11, 2, 12, 3], [8, 2, 9, 1], [19, 15, 20, 14], [3, 21, 4, 20], [13, 5, 14, 4], [22, 8, 1, 7], [17, 6, 18, 7], [15, 10, 16, 11]]"
