name,pd_notation
12n_0343_0,"[[21, 1, 22, 24], [2, 6, 3, 5], [4, 12, 5, 11], [6, 15, 7, 16], [8, 17, 9, 18], [10, 4, 11, 3], [19, 13, 20, 12], [23, 15, 24, 14], [16, 9, 17, 10], [18, 7, 19, 8], [1, 21, 2, 20], [13, 23, 14, 22]]"
12n_0343_1,"[[13, 23, 14, 22], [21, 1, 22, 24], [2, 6, 3, 5], [4, 12, 5, 11], [6, 15, 7, 16], [8, 17, 9, 18], [10, 4, 11, 3], [19, 13, 20, 12], [23, 15, 24, 14], [16, 9, 17, 10], [18, 7, 19, 8], [1, 21, 2, 20]]"
12n_0343_2,"[[1, 21, 2, 20], [13, 23, 14, 22], [21, 1, 22, 24], [2, 6, 3, 5], [4, 12, 5, 11], [6, 15, 7, 16], [8, 17, 9, 18], [10, 4, 11, 3], [19, 13, 20, 12], [23, 15, 24, 14], [16, 9, 17, 10], [18, 7, 19, 8]]"
12n_0343_3,"[[18, 7, 19, 8], [1, 21, 2, 20], [13, 23, 14, 22], [21, 1, 22, 24], [2, 6, 3, 5], [4, 12, 5, 11], [6, 15, 7, 16], [8, 17, 9, 18], [10, 4, 11, 3], [19, 13, 20, 12], [23, 15, 24, 14], [16, 9, 17, 10]]"
12n_0343_4,"[[16, 9, 17, 10], [18, 7, 19, 8], [1, 21, 2, 20], [13, 23, 14, 22], [21, 1, 22, 24], [2, 6, 3, 5], [4, 12, 5, 11], [6, 15, 7, 16], [8, 17, 9, 18], [10, 4, 11, 3], [19, 13, 20, 12], [23, 15, 24, 14]]"
12n_0343_5,"[[23, 15, 24, 14], [16, 9, 17, 10], [18, 7, 19, 8], [1, 21, 2, 20], [13, 23, 14, 22], [21, 1, 22, 24], [2, 6, 3, 5], [4, 12, 5, 11], [6, 15, 7, 16], [8, 17, 9, 18], [10, 4, 11, 3], [19, 13, 20, 12]]"
12n_0343_6,"[[19, 13, 20, 12], [23, 15, 24, 14], [16, 9, 17, 10], [18, 7, 19, 8], [1, 21, 2, 20], [13, 23, 14, 22], [21, 1, 22, 24], [2, 6, 3, 5], [4, 12, 5, 11], [6, 15, 7, 16], [8, 17, 9, 18], [10, 4, 11, 3]]"
12n_0343_7,"[[10, 4, 11, 3], [19, 13, 20, 12], [23, 15, 24, 14], [16, 9, 17, 10], [18, 7, 19, 8], [1, 21, 2, 20], [13, 23, 14, 22], [21, 1, 22, 24], [2, 6, 3, 5], [4, 12, 5, 11], [6, 15, 7, 16], [8, 17, 9, 18]]"
12n_0343_8,"[[8, 17, 9, 18], [10, 4, 11, 3], [19, 13, 20, 12], [23, 15, 24, 14], [16, 9, 17, 10], [18, 7, 19, 8], [1, 21, 2, 20], [13, 23, 14, 22], [21, 1, 22, 24], [2, 6, 3, 5], [4, 12, 5, 11], [6, 15, 7, 16]]"
12n_0343_9,"[[6, 15, 7, 16], [8, 17, 9, 18], [10, 4, 11, 3], [19, 13, 20, 12], [23, 15, 24, 14], [16, 9, 17, 10], [18, 7, 19, 8], [1, 21, 2, 20], [13, 23, 14, 22], [21, 1, 22, 24], [2, 6, 3, 5], [4, 12, 5, 11]]"
12n_0343_10,"[[4, 12, 5, 11], [6, 15, 7, 16], [8, 17, 9, 18], [10, 4, 11, 3], [19, 13, 20, 12], [23, 15, 24, 14], [16, 9, 17, 10], [18, 7, 19, 8], [1, 21, 2, 20], [13, 23, 14, 22], [21, 1, 22, 24], [2, 6, 3, 5]]"
12n_0343_11,"[[2, 6, 3, 5], [4, 12, 5, 11], [6, 15, 7, 16], [8, 17, 9, 18], [10, 4, 11, 3], [19, 13, 20, 12], [23, 15, 24, 14], [16, 9, 17, 10], [18, 7, 19, 8], [1, 21, 2, 20], [13, 23, 14, 22], [21, 1, 22, 24]]"
12n_0343_12,"[[22, 2, 23, 1], [3, 7, 4, 6], [5, 13, 6, 12], [7, 16, 8, 17], [9, 18, 10, 19], [11, 5, 12, 4], [20, 14, 21, 13], [24, 16, 1, 15], [17, 10, 18, 11], [19, 8, 20, 9], [2, 22, 3, 21], [14, 24, 15, 23]]"
12n_0343_13,"[[14, 24, 15, 23], [22, 2, 23, 1], [3, 7, 4, 6], [5, 13, 6, 12], [7, 16, 8, 17], [9, 18, 10, 19], [11, 5, 12, 4], [20, 14, 21, 13], [24, 16, 1, 15], [17, 10, 18, 11], [19, 8, 20, 9], [2, 22, 3, 21]]"
12n_0343_14,"[[2, 22, 3, 21], [14, 24, 15, 23], [22, 2, 23, 1], [3, 7, 4, 6], [5, 13, 6, 12], [7, 16, 8, 17], [9, 18, 10, 19], [11, 5, 12, 4], [20, 14, 21, 13], [24, 16, 1, 15], [17, 10, 18, 11], [19, 8, 20, 9]]"
12n_0343_15,"[[19, 8, 20, 9], [2, 22, 3, 21], [14, 24, 15, 23], [22, 2, 23, 1], [3, 7, 4, 6], [5, 13, 6, 12], [7, 16, 8, 17], [9, 18, 10, 19], [11, 5, 12, 4], [20, 14, 21, 13], [24, 16, 1, 15], [17, 10, 18, 11]]"
12n_0343_16,"[[17, 10, 18, 11], [19, 8, 20, 9], [2, 22, 3, 21], [14, 24, 15, 23], [22, 2, 23, 1], [3, 7, 4, 6], [5, 13, 6, 12], [7, 16, 8, 17], [9, 18, 10, 19], [11, 5, 12, 4], [20, 14, 21, 13], [24, 16, 1, 15]]"
12n_0343_17,"[[24, 16, 1, 15], [17, 10, 18, 11], [19, 8, 20, 9], [2, 22, 3, 21], [14, 24, 15, 23], [22, 2, 23, 1], [3, 7, 4, 6], [5, 13, 6, 12], [7, 16, 8, 17], [9, 18, 10, 19], [11, 5, 12, 4], [20, 14, 21, 13]]"
12n_0343_18,"[[20, 14, 21, 13], [24, 16, 1, 15], [17, 10, 18, 11], [19, 8, 20, 9], [2, 22, 3, 21], [14, 24, 15, 23], [22, 2, 23, 1], [3, 7, 4, 6], [5, 13, 6, 12], [7, 16, 8, 17], [9, 18, 10, 19], [11, 5, 12, 4]]"
12n_0343_19,"[[11, 5, 12, 4], [20, 14, 21, 13], [24, 16, 1, 15], [17, 10, 18, 11], [19, 8, 20, 9], [2, 22, 3, 21], [14, 24, 15, 23], [22, 2, 23, 1], [3, 7, 4, 6], [5, 13, 6, 12], [7, 16, 8, 17], [9, 18, 10, 19]]"
12n_0343_20,"[[9, 18, 10, 19], [11, 5, 12, 4], [20, 14, 21, 13], [24, 16, 1, 15], [17, 10, 18, 11], [19, 8, 20, 9], [2, 22, 3, 21], [14, 24, 15, 23], [22, 2, 23, 1], [3, 7, 4, 6], [5, 13, 6, 12], [7, 16, 8, 17]]"
12n_0343_21,"[[7, 16, 8, 17], [9, 18, 10, 19], [11, 5, 12, 4], [20, 14, 21, 13], [24, 16, 1, 15], [17, 10, 18, 11], [19, 8, 20, 9], [2, 22, 3, 21], [14, 24, 15, 23], [22, 2, 23, 1], [3, 7, 4, 6], [5, 13, 6, 12]]"
12n_0343_22,"[[5, 13, 6, 12], [7, 16, 8, 17], [9, 18, 10, 19], [11, 5, 12, 4], [20, 14, 21, 13], [24, 16, 1, 15], [17, 10, 18, 11], [19, 8, 20, 9], [2, 22, 3, 21], [14, 24, 15, 23], [22, 2, 23, 1], [3, 7, 4, 6]]"
12n_0343_23,"[[3, 7, 4, 6], [5, 13, 6, 12], [7, 16, 8, 17], [9, 18, 10, 19], [11, 5, 12, 4], [20, 14, 21, 13], [24, 16, 1, 15], [17, 10, 18, 11], [19, 8, 20, 9], [2, 22, 3, 21], [14, 24, 15, 23], [22, 2, 23, 1]]"
12n_0343_24,"[[23, 3, 24, 2], [4, 8, 5, 7], [6, 14, 7, 13], [8, 17, 9, 18], [10, 19, 11, 20], [12, 6, 13, 5], [21, 15, 22, 14], [1, 17, 2, 16], [18, 11, 19, 12], [20, 9, 21, 10], [3, 23, 4, 22], [15, 1, 16, 24]]"
12n_0343_25,"[[15, 1, 16, 24], [23, 3, 24, 2], [4, 8, 5, 7], [6, 14, 7, 13], [8, 17, 9, 18], [10, 19, 11, 20], [12, 6, 13, 5], [21, 15, 22, 14], [1, 17, 2, 16], [18, 11, 19, 12], [20, 9, 21, 10], [3, 23, 4, 22]]"
12n_0343_26,"[[3, 23, 4, 22], [15, 1, 16, 24], [23, 3, 24, 2], [4, 8, 5, 7], [6, 14, 7, 13], [8, 17, 9, 18], [10, 19, 11, 20], [12, 6, 13, 5], [21, 15, 22, 14], [1, 17, 2, 16], [18, 11, 19, 12], [20, 9, 21, 10]]"
12n_0343_27,"[[20, 9, 21, 10], [3, 23, 4, 22], [15, 1, 16, 24], [23, 3, 24, 2], [4, 8, 5, 7], [6, 14, 7, 13], [8, 17, 9, 18], [10, 19, 11, 20], [12, 6, 13, 5], [21, 15, 22, 14], [1, 17, 2, 16], [18, 11, 19, 12]]"
12n_0343_28,"[[18, 11, 19, 12], [20, 9, 21, 10], [3, 23, 4, 22], [15, 1, 16, 24], [23, 3, 24, 2], [4, 8, 5, 7], [6, 14, 7, 13], [8, 17, 9, 18], [10, 19, 11, 20], [12, 6, 13, 5], [21, 15, 22, 14], [1, 17, 2, 16]]"
12n_0343_29,"[[1, 17, 2, 16], [18, 11, 19, 12], [20, 9, 21, 10], [3, 23, 4, 22], [15, 1, 16, 24], [23, 3, 24, 2], [4, 8, 5, 7], [6, 14, 7, 13], [8, 17, 9, 18], [10, 19, 11, 20], [12, 6, 13, 5], [21, 15, 22, 14]]"
12n_0343_30,"[[21, 15, 22, 14], [1, 17, 2, 16], [18, 11, 19, 12], [20, 9, 21, 10], [3, 23, 4, 22], [15, 1, 16, 24], [23, 3, 24, 2], [4, 8, 5, 7], [6, 14, 7, 13], [8, 17, 9, 18], [10, 19, 11, 20], [12, 6, 13, 5]]"
12n_0343_31,"[[12, 6, 13, 5], [21, 15, 22, 14], [1, 17, 2, 16], [18, 11, 19, 12], [20, 9, 21, 10], [3, 23, 4, 22], [15, 1, 16, 24], [23, 3, 24, 2], [4, 8, 5, 7], [6, 14, 7, 13], [8, 17, 9, 18], [10, 19, 11, 20]]"
12n_0343_32,"[[10, 19, 11, 20], [12, 6, 13, 5], [21, 15, 22, 14], [1, 17, 2, 16], [18, 11, 19, 12], [20, 9, 21, 10], [3, 23, 4, 22], [15, 1, 16, 24], [23, 3, 24, 2], [4, 8, 5, 7], [6, 14, 7, 13], [8, 17, 9, 18]]"
12n_0343_33,"[[8, 17, 9, 18], [10, 19, 11, 20], [12, 6, 13, 5], [21, 15, 22, 14], [1, 17, 2, 16], [18, 11, 19, 12], [20, 9, 21, 10], [3, 23, 4, 22], [15, 1, 16, 24], [23, 3, 24, 2], [4, 8, 5, 7], [6, 14, 7, 13]]"
12n_0343_34,"[[6, 14, 7, 13], [8, 17, 9, 18], [10, 19, 11, 20], [12, 6, 13, 5], [21, 15, 22, 14], [1, 17, 2, 16], [18, 11, 19, 12], [20, 9, 21, 10], [3, 23, 4, 22], [15, 1, 16, 24], [23, 3, 24, 2], [4, 8, 5, 7]]"
12n_0343_35,"[[4, 8, 5, 7], [6, 14, 7, 13], [8, 17, 9, 18], [10, 19, 11, 20], [12, 6, 13, 5], [21, 15, 22, 14], [1, 17, 2, 16], [18, 11, 19, 12], [20, 9, 21, 10], [3, 23, 4, 22], [15, 1, 16, 24], [23, 3, 24, 2]]"
12n_0343_36,"[[24, 4, 1, 3], [5, 9, 6, 8], [7, 15, 8, 14], [9, 18, 10, 19], [11, 20, 12, 21], [13, 7, 14, 6], [22, 16, 23, 15], [2, 18, 3, 17], [19, 12, 20, 13], [21, 10, 22, 11], [4, 24, 5, 23], [16, 2, 17, 1]]"
12n_0343_37,"[[16, 2, 17, 1], [24, 4, 1, 3], [5, 9, 6, 8], [7, 15, 8, 14], [9, 18, 10, 19], [11, 20, 12, 21], [13, 7, 14, 6], [22, 16, 23, 15], [2, 18, 3, 17], [19, 12, 20, 13], [21, 10, 22, 11], [4, 24, 5, 23]]"
12n_0343_38,"[[4, 24, 5, 23], [16, 2, 17, 1], [24, 4, 1, 3], [5, 9, 6, 8], [7, 15, 8, 14], [9, 18, 10, 19], [11, 20, 12, 21], [13, 7, 14, 6], [22, 16, 23, 15], [2, 18, 3, 17], [19, 12, 20, 13], [21, 10, 22, 11]]"
12n_0343_39,"[[21, 10, 22, 11], [4, 24, 5, 23], [16, 2, 17, 1], [24, 4, 1, 3], [5, 9, 6, 8], [7, 15, 8, 14], [9, 18, 10, 19], [11, 20, 12, 21], [13, 7, 14, 6], [22, 16, 23, 15], [2, 18, 3, 17], [19, 12, 20, 13]]"
12n_0343_40,"[[19, 12, 20, 13], [21, 10, 22, 11], [4, 24, 5, 23], [16, 2, 17, 1], [24, 4, 1, 3], [5, 9, 6, 8], [7, 15, 8, 14], [9, 18, 10, 19], [11, 20, 12, 21], [13, 7, 14, 6], [22, 16, 23, 15], [2, 18, 3, 17]]"
12n_0343_41,"[[2, 18, 3, 17], [19, 12, 20, 13], [21, 10, 22, 11], [4, 24, 5, 23], [16, 2, 17, 1], [24, 4, 1, 3], [5, 9, 6, 8], [7, 15, 8, 14], [9, 18, 10, 19], [11, 20, 12, 21], [13, 7, 14, 6], [22, 16, 23, 15]]"
12n_0343_42,"[[22, 16, 23, 15], [2, 18, 3, 17], [19, 12, 20, 13], [21, 10, 22, 11], [4, 24, 5, 23], [16, 2, 17, 1], [24, 4, 1, 3], [5, 9, 6, 8], [7, 15, 8, 14], [9, 18, 10, 19], [11, 20, 12, 21], [13, 7, 14, 6]]"
12n_0343_43,"[[13, 7, 14, 6], [22, 16, 23, 15], [2, 18, 3, 17], [19, 12, 20, 13], [21, 10, 22, 11], [4, 24, 5, 23], [16, 2, 17, 1], [24, 4, 1, 3], [5, 9, 6, 8], [7, 15, 8, 14], [9, 18, 10, 19], [11, 20, 12, 21]]"
12n_0343_44,"[[11, 20, 12, 21], [13, 7, 14, 6], [22, 16, 23, 15], [2, 18, 3, 17], [19, 12, 20, 13], [21, 10, 22, 11], [4, 24, 5, 23], [16, 2, 17, 1], [24, 4, 1, 3], [5, 9, 6, 8], [7, 15, 8, 14], [9, 18, 10, 19]]"
12n_0343_45,"[[9, 18, 10, 19], [11, 20, 12, 21], [13, 7, 14, 6], [22, 16, 23, 15], [2, 18, 3, 17], [19, 12, 20, 13], [21, 10, 22, 11], [4, 24, 5, 23], [16, 2, 17, 1], [24, 4, 1, 3], [5, 9, 6, 8], [7, 15, 8, 14]]"
12n_0343_46,"[[7, 15, 8, 14], [9, 18, 10, 19], [11, 20, 12, 21], [13, 7, 14, 6], [22, 16, 23, 15], [2, 18, 3, 17], [19, 12, 20, 13], [21, 10, 22, 11], [4, 24, 5, 23], [16, 2, 17, 1], [24, 4, 1, 3], [5, 9, 6, 8]]"
12n_0343_47,"[[5, 9, 6, 8], [7, 15, 8, 14], [9, 18, 10, 19], [11, 20, 12, 21], [13, 7, 14, 6], [22, 16, 23, 15], [2, 18, 3, 17], [19, 12, 20, 13], [21, 10, 22, 11], [4, 24, 5, 23], [16, 2, 17, 1], [24, 4, 1, 3]]"
12n_0343_48,"[[1, 5, 2, 4], [6, 10, 7, 9], [8, 16, 9, 15], [10, 19, 11, 20], [12, 21, 13, 22], [14, 8, 15, 7], [23, 17, 24, 16], [3, 19, 4, 18], [20, 13, 21, 14], [22, 11, 23, 12], [5, 1, 6, 24], [17, 3, 18, 2]]"
12n_0343_49,"[[17, 3, 18, 2], [1, 5, 2, 4], [6, 10, 7, 9], [8, 16, 9, 15], [10, 19, 11, 20], [12, 21, 13, 22], [14, 8, 15, 7], [23, 17, 24, 16], [3, 19, 4, 18], [20, 13, 21, 14], [22, 11, 23, 12], [5, 1, 6, 24]]"
12n_0343_50,"[[5, 1, 6, 24], [17, 3, 18, 2], [1, 5, 2, 4], [6, 10, 7, 9], [8, 16, 9, 15], [10, 19, 11, 20], [12, 21, 13, 22], [14, 8, 15, 7], [23, 17, 24, 16], [3, 19, 4, 18], [20, 13, 21, 14], [22, 11, 23, 12]]"
12n_0343_51,"[[22, 11, 23, 12], [5, 1, 6, 24], [17, 3, 18, 2], [1, 5, 2, 4], [6, 10, 7, 9], [8, 16, 9, 15], [10, 19, 11, 20], [12, 21, 13, 22], [14, 8, 15, 7], [23, 17, 24, 16], [3, 19, 4, 18], [20, 13, 21, 14]]"
12n_0343_52,"[[20, 13, 21, 14], [22, 11, 23, 12], [5, 1, 6, 24], [17, 3, 18, 2], [1, 5, 2, 4], [6, 10, 7, 9], [8, 16, 9, 15], [10, 19, 11, 20], [12, 21, 13, 22], [14, 8, 15, 7], [23, 17, 24, 16], [3, 19, 4, 18]]"
12n_0343_53,"[[3, 19, 4, 18], [20, 13, 21, 14], [22, 11, 23, 12], [5, 1, 6, 24], [17, 3, 18, 2], [1, 5, 2, 4], [6, 10, 7, 9], [8, 16, 9, 15], [10, 19, 11, 20], [12, 21, 13, 22], [14, 8, 15, 7], [23, 17, 24, 16]]"
12n_0343_54,"[[23, 17, 24, 16], [3, 19, 4, 18], [20, 13, 21, 14], [22, 11, 23, 12], [5, 1, 6, 24], [17, 3, 18, 2], [1, 5, 2, 4], [6, 10, 7, 9], [8, 16, 9, 15], [10, 19, 11, 20], [12, 21, 13, 22], [14, 8, 15, 7]]"
12n_0343_55,"[[14, 8, 15, 7], [23, 17, 24, 16], [3, 19, 4, 18], [20, 13, 21, 14], [22, 11, 23, 12], [5, 1, 6, 24], [17, 3, 18, 2], [1, 5, 2, 4], [6, 10, 7, 9], [8, 16, 9, 15], [10, 19, 11, 20], [12, 21, 13, 22]]"
12n_0343_56,"[[12, 21, 13, 22], [14, 8, 15, 7], [23, 17, 24, 16], [3, 19, 4, 18], [20, 13, 21, 14], [22, 11, 23, 12], [5, 1, 6, 24], [17, 3, 18, 2], [1, 5, 2, 4], [6, 10, 7, 9], [8, 16, 9, 15], [10, 19, 11, 20]]"
12n_0343_57,"[[10, 19, 11, 20], [12, 21, 13, 22], [14, 8, 15, 7], [23, 17, 24, 16], [3, 19, 4, 18], [20, 13, 21, 14], [22, 11, 23, 12], [5, 1, 6, 24], [17, 3, 18, 2], [1, 5, 2, 4], [6, 10, 7, 9], [8, 16, 9, 15]]"
12n_0343_58,"[[8, 16, 9, 15], [10, 19, 11, 20], [12, 21, 13, 22], [14, 8, 15, 7], [23, 17, 24, 16], [3, 19, 4, 18], [20, 13, 21, 14], [22, 11, 23, 12], [5, 1, 6, 24], [17, 3, 18, 2], [1, 5, 2, 4], [6, 10, 7, 9]]"
12n_0343_59,"[[6, 10, 7, 9], [8, 16, 9, 15], [10, 19, 11, 20], [12, 21, 13, 22], [14, 8, 15, 7], [23, 17, 24, 16], [3, 19, 4, 18], [20, 13, 21, 14], [22, 11, 23, 12], [5, 1, 6, 24], [17, 3, 18, 2], [1, 5, 2, 4]]"
12n_0343_60,"[[2, 6, 3, 5], [7, 11, 8, 10], [9, 17, 10, 16], [11, 20, 12, 21], [13, 22, 14, 23], [15, 9, 16, 8], [24, 18, 1, 17], [4, 20, 5, 19], [21, 14, 22, 15], [23, 12, 24, 13], [6, 2, 7, 1], [18, 4, 19, 3]]"
12n_0343_61,"[[18, 4, 19, 3], [2, 6, 3, 5], [7, 11, 8, 10], [9, 17, 10, 16], [11, 20, 12, 21], [13, 22, 14, 23], [15, 9, 16, 8], [24, 18, 1, 17], [4, 20, 5, 19], [21, 14, 22, 15], [23, 12, 24, 13], [6, 2, 7, 1]]"
12n_0343_62,"[[6, 2, 7, 1], [18, 4, 19, 3], [2, 6, 3, 5], [7, 11, 8, 10], [9, 17, 10, 16], [11, 20, 12, 21], [13, 22, 14, 23], [15, 9, 16, 8], [24, 18, 1, 17], [4, 20, 5, 19], [21, 14, 22, 15], [23, 12, 24, 13]]"
12n_0343_63,"[[23, 12, 24, 13], [6, 2, 7, 1], [18, 4, 19, 3], [2, 6, 3, 5], [7, 11, 8, 10], [9, 17, 10, 16], [11, 20, 12, 21], [13, 22, 14, 23], [15, 9, 16, 8], [24, 18, 1, 17], [4, 20, 5, 19], [21, 14, 22, 15]]"
12n_0343_64,"[[21, 14, 22, 15], [23, 12, 24, 13], [6, 2, 7, 1], [18, 4, 19, 3], [2, 6, 3, 5], [7, 11, 8, 10], [9, 17, 10, 16], [11, 20, 12, 21], [13, 22, 14, 23], [15, 9, 16, 8], [24, 18, 1, 17], [4, 20, 5, 19]]"
12n_0343_65,"[[4, 20, 5, 19], [21, 14, 22, 15], [23, 12, 24, 13], [6, 2, 7, 1], [18, 4, 19, 3], [2, 6, 3, 5], [7, 11, 8, 10], [9, 17, 10, 16], [11, 20, 12, 21], [13, 22, 14, 23], [15, 9, 16, 8], [24, 18, 1, 17]]"
12n_0343_66,"[[24, 18, 1, 17], [4, 20, 5, 19], [21, 14, 22, 15], [23, 12, 24, 13], [6, 2, 7, 1], [18, 4, 19, 3], [2, 6, 3, 5], [7, 11, 8, 10], [9, 17, 10, 16], [11, 20, 12, 21], [13, 22, 14, 23], [15, 9, 16, 8]]"
12n_0343_67,"[[15, 9, 16, 8], [24, 18, 1, 17], [4, 20, 5, 19], [21, 14, 22, 15], [23, 12, 24, 13], [6, 2, 7, 1], [18, 4, 19, 3], [2, 6, 3, 5], [7, 11, 8, 10], [9, 17, 10, 16], [11, 20, 12, 21], [13, 22, 14, 23]]"
12n_0343_68,"[[13, 22, 14, 23], [15, 9, 16, 8], [24, 18, 1, 17], [4, 20, 5, 19], [21, 14, 22, 15], [23, 12, 24, 13], [6, 2, 7, 1], [18, 4, 19, 3], [2, 6, 3, 5], [7, 11, 8, 10], [9, 17, 10, 16], [11, 20, 12, 21]]"
12n_0343_69,"[[11, 20, 12, 21], [13, 22, 14, 23], [15, 9, 16, 8], [24, 18, 1, 17], [4, 20, 5, 19], [21, 14, 22, 15], [23, 12, 24, 13], [6, 2, 7, 1], [18, 4, 19, 3], [2, 6, 3, 5], [7, 11, 8, 10], [9, 17, 10, 16]]"
12n_0343_70,"[[9, 17, 10, 16], [11, 20, 12, 21], [13, 22, 14, 23], [15, 9, 16, 8], [24, 18, 1, 17], [4, 20, 5, 19], [21, 14, 22, 15], [23, 12, 24, 13], [6, 2, 7, 1], [18, 4, 19, 3], [2, 6, 3, 5], [7, 11, 8, 10]]"
12n_0343_71,"[[7, 11, 8, 10], [9, 17, 10, 16], [11, 20, 12, 21], [13, 22, 14, 23], [15, 9, 16, 8], [24, 18, 1, 17], [4, 20, 5, 19], [21, 14, 22, 15], [23, 12, 24, 13], [6, 2, 7, 1], [18, 4, 19, 3], [2, 6, 3, 5]]"
12n_0343_72,"[[3, 7, 4, 6], [8, 12, 9, 11], [10, 18, 11, 17], [12, 21, 13, 22], [14, 23, 15, 24], [16, 10, 17, 9], [1, 19, 2, 18], [5, 21, 6, 20], [22, 15, 23, 16], [24, 13, 1, 14], [7, 3, 8, 2], [19, 5, 20, 4]]"
12n_0343_73,"[[19, 5, 20, 4], [3, 7, 4, 6], [8, 12, 9, 11], [10, 18, 11, 17], [12, 21, 13, 22], [14, 23, 15, 24], [16, 10, 17, 9], [1, 19, 2, 18], [5, 21, 6, 20], [22, 15, 23, 16], [24, 13, 1, 14], [7, 3, 8, 2]]"
12n_0343_74,"[[7, 3, 8, 2], [19, 5, 20, 4], [3, 7, 4, 6], [8, 12, 9, 11], [10, 18, 11, 17], [12, 21, 13, 22], [14, 23, 15, 24], [16, 10, 17, 9], [1, 19, 2, 18], [5, 21, 6, 20], [22, 15, 23, 16], [24, 13, 1, 14]]"
12n_0343_75,"[[24, 13, 1, 14], [7, 3, 8, 2], [19, 5, 20, 4], [3, 7, 4, 6], [8, 12, 9, 11], [10, 18, 11, 17], [12, 21, 13, 22], [14, 23, 15, 24], [16, 10, 17, 9], [1, 19, 2, 18], [5, 21, 6, 20], [22, 15, 23, 16]]"
12n_0343_76,"[[22, 15, 23, 16], [24, 13, 1, 14], [7, 3, 8, 2], [19, 5, 20, 4], [3, 7, 4, 6], [8, 12, 9, 11], [10, 18, 11, 17], [12, 21, 13, 22], [14, 23, 15, 24], [16, 10, 17, 9], [1, 19, 2, 18], [5, 21, 6, 20]]"
12n_0343_77,"[[5, 21, 6, 20], [22, 15, 23, 16], [24, 13, 1, 14], [7, 3, 8, 2], [19, 5, 20, 4], [3, 7, 4, 6], [8, 12, 9, 11], [10, 18, 11, 17], [12, 21, 13, 22], [14, 23, 15, 24], [16, 10, 17, 9], [1, 19, 2, 18]]"
12n_0343_78,"[[1, 19, 2, 18], [5, 21, 6, 20], [22, 15, 23, 16], [24, 13, 1, 14], [7, 3, 8, 2], [19, 5, 20, 4], [3, 7, 4, 6], [8, 12, 9, 11], [10, 18, 11, 17], [12, 21, 13, 22], [14, 23, 15, 24], [16, 10, 17, 9]]"
12n_0343_79,"[[16, 10, 17, 9], [1, 19, 2, 18], [5, 21, 6, 20], [22, 15, 23, 16], [24, 13, 1, 14], [7, 3, 8, 2], [19, 5, 20, 4], [3, 7, 4, 6], [8, 12, 9, 11], [10, 18, 11, 17], [12, 21, 13, 22], [14, 23, 15, 24]]"
12n_0343_80,"[[14, 23, 15, 24], [16, 10, 17, 9], [1, 19, 2, 18], [5, 21, 6, 20], [22, 15, 23, 16], [24, 13, 1, 14], [7, 3, 8, 2], [19, 5, 20, 4], [3, 7, 4, 6], [8, 12, 9, 11], [10, 18, 11, 17], [12, 21, 13, 22]]"
12n_0343_81,"[[12, 21, 13, 22], [14, 23, 15, 24], [16, 10, 17, 9], [1, 19, 2, 18], [5, 21, 6, 20], [22, 15, 23, 16], [24, 13, 1, 14], [7, 3, 8, 2], [19, 5, 20, 4], [3, 7, 4, 6], [8, 12, 9, 11], [10, 18, 11, 17]]"
12n_0343_82,"[[10, 18, 11, 17], [12, 21, 13, 22], [14, 23, 15, 24], [16, 10, 17, 9], [1, 19, 2, 18], [5, 21, 6, 20], [22, 15, 23, 16], [24, 13, 1, 14], [7, 3, 8, 2], [19, 5, 20, 4], [3, 7, 4, 6], [8, 12, 9, 11]]"
12n_0343_83,"[[8, 12, 9, 11], [10, 18, 11, 17], [12, 21, 13, 22], [14, 23, 15, 24], [16, 10, 17, 9], [1, 19, 2, 18], [5, 21, 6, 20], [22, 15, 23, 16], [24, 13, 1, 14], [7, 3, 8, 2], [19, 5, 20, 4], [3, 7, 4, 6]]"
12n_0343_84,"[[4, 8, 5, 7], [9, 13, 10, 12], [11, 19, 12, 18], [13, 22, 14, 23], [15, 24, 16, 1], [17, 11, 18, 10], [2, 20, 3, 19], [6, 22, 7, 21], [23, 16, 24, 17], [1, 14, 2, 15], [8, 4, 9, 3], [20, 6, 21, 5]]"
12n_0343_85,"[[20, 6, 21, 5], [4, 8, 5, 7], [9, 13, 10, 12], [11, 19, 12, 18], [13, 22, 14, 23], [15, 24, 16, 1], [17, 11, 18, 10], [2, 20, 3, 19], [6, 22, 7, 21], [23, 16, 24, 17], [1, 14, 2, 15], [8, 4, 9, 3]]"
12n_0343_86,"[[8, 4, 9, 3], [20, 6, 21, 5], [4, 8, 5, 7], [9, 13, 10, 12], [11, 19, 12, 18], [13, 22, 14, 23], [15, 24, 16, 1], [17, 11, 18, 10], [2, 20, 3, 19], [6, 22, 7, 21], [23, 16, 24, 17], [1, 14, 2, 15]]"
12n_0343_87,"[[1, 14, 2, 15], [8, 4, 9, 3], [20, 6, 21, 5], [4, 8, 5, 7], [9, 13, 10, 12], [11, 19, 12, 18], [13, 22, 14, 23], [15, 24, 16, 1], [17, 11, 18, 10], [2, 20, 3, 19], [6, 22, 7, 21], [23, 16, 24, 17]]"
12n_0343_88,"[[23, 16, 24, 17], [1, 14, 2, 15], [8, 4, 9, 3], [20, 6, 21, 5], [4, 8, 5, 7], [9, 13, 10, 12], [11, 19, 12, 18], [13, 22, 14, 23], [15, 24, 16, 1], [17, 11, 18, 10], [2, 20, 3, 19], [6, 22, 7, 21]]"
12n_0343_89,"[[6, 22, 7, 21], [23, 16, 24, 17], [1, 14, 2, 15], [8, 4, 9, 3], [20, 6, 21, 5], [4, 8, 5, 7], [9, 13, 10, 12], [11, 19, 12, 18], [13, 22, 14, 23], [15, 24, 16, 1], [17, 11, 18, 10], [2, 20, 3, 19]]"
12n_0343_90,"[[2, 20, 3, 19], [6, 22, 7, 21], [23, 16, 24, 17], [1, 14, 2, 15], [8, 4, 9, 3], [20, 6, 21, 5], [4, 8, 5, 7], [9, 13, 10, 12], [11, 19, 12, 18], [13, 22, 14, 23], [15, 24, 16, 1], [17, 11, 18, 10]]"
12n_0343_91,"[[17, 11, 18, 10], [2, 20, 3, 19], [6, 22, 7, 21], [23, 16, 24, 17], [1, 14, 2, 15], [8, 4, 9, 3], [20, 6, 21, 5], [4, 8, 5, 7], [9, 13, 10, 12], [11, 19, 12, 18], [13, 22, 14, 23], [15, 24, 16, 1]]"
12n_0343_92,"[[15, 24, 16, 1], [17, 11, 18, 10], [2, 20, 3, 19], [6, 22, 7, 21], [23, 16, 24, 17], [1, 14, 2, 15], [8, 4, 9, 3], [20, 6, 21, 5], [4, 8, 5, 7], [9, 13, 10, 12], [11, 19, 12, 18], [13, 22, 14, 23]]"
12n_0343_93,"[[13, 22, 14, 23], [15, 24, 16, 1], [17, 11, 18, 10], [2, 20, 3, 19], [6, 22, 7, 21], [23, 16, 24, 17], [1, 14, 2, 15], [8, 4, 9, 3], [20, 6, 21, 5], [4, 8, 5, 7], [9, 13, 10, 12], [11, 19, 12, 18]]"
12n_0343_94,"[[11, 19, 12, 18], [13, 22, 14, 23], [15, 24, 16, 1], [17, 11, 18, 10], [2, 20, 3, 19], [6, 22, 7, 21], [23, 16, 24, 17], [1, 14, 2, 15], [8, 4, 9, 3], [20, 6, 21, 5], [4, 8, 5, 7], [9, 13, 10, 12]]"
12n_0343_95,"[[9, 13, 10, 12], [11, 19, 12, 18], [13, 22, 14, 23], [15, 24, 16, 1], [17, 11, 18, 10], [2, 20, 3, 19], [6, 22, 7, 21], [23, 16, 24, 17], [1, 14, 2, 15], [8, 4, 9, 3], [20, 6, 21, 5], [4, 8, 5, 7]]"
12n_0343_96,"[[5, 9, 6, 8], [10, 14, 11, 13], [12, 20, 13, 19], [14, 23, 15, 24], [16, 1, 17, 2], [18, 12, 19, 11], [3, 21, 4, 20], [7, 23, 8, 22], [24, 17, 1, 18], [2, 15, 3, 16], [9, 5, 10, 4], [21, 7, 22, 6]]"
12n_0343_97,"[[21, 7, 22, 6], [5, 9, 6, 8], [10, 14, 11, 13], [12, 20, 13, 19], [14, 23, 15, 24], [16, 1, 17, 2], [18, 12, 19, 11], [3, 21, 4, 20], [7, 23, 8, 22], [24, 17, 1, 18], [2, 15, 3, 16], [9, 5, 10, 4]]"
12n_0343_98,"[[9, 5, 10, 4], [21, 7, 22, 6], [5, 9, 6, 8], [10, 14, 11, 13], [12, 20, 13, 19], [14, 23, 15, 24], [16, 1, 17, 2], [18, 12, 19, 11], [3, 21, 4, 20], [7, 23, 8, 22], [24, 17, 1, 18], [2, 15, 3, 16]]"
12n_0343_99,"[[2, 15, 3, 16], [9, 5, 10, 4], [21, 7, 22, 6], [5, 9, 6, 8], [10, 14, 11, 13], [12, 20, 13, 19], [14, 23, 15, 24], [16, 1, 17, 2], [18, 12, 19, 11], [3, 21, 4, 20], [7, 23, 8, 22], [24, 17, 1, 18]]"
12n_0343_100,"[[24, 17, 1, 18], [2, 15, 3, 16], [9, 5, 10, 4], [21, 7, 22, 6], [5, 9, 6, 8], [10, 14, 11, 13], [12, 20, 13, 19], [14, 23, 15, 24], [16, 1, 17, 2], [18, 12, 19, 11], [3, 21, 4, 20], [7, 23, 8, 22]]"
12n_0343_101,"[[7, 23, 8, 22], [24, 17, 1, 18], [2, 15, 3, 16], [9, 5, 10, 4], [21, 7, 22, 6], [5, 9, 6, 8], [10, 14, 11, 13], [12, 20, 13, 19], [14, 23, 15, 24], [16, 1, 17, 2], [18, 12, 19, 11], [3, 21, 4, 20]]"
12n_0343_102,"[[3, 21, 4, 20], [7, 23, 8, 22], [24, 17, 1, 18], [2, 15, 3, 16], [9, 5, 10, 4], [21, 7, 22, 6], [5, 9, 6, 8], [10, 14, 11, 13], [12, 20, 13, 19], [14, 23, 15, 24], [16, 1, 17, 2], [18, 12, 19, 11]]"
12n_0343_103,"[[18, 12, 19, 11], [3, 21, 4, 20], [7, 23, 8, 22], [24, 17, 1, 18], [2, 15, 3, 16], [9, 5, 10, 4], [21, 7, 22, 6], [5, 9, 6, 8], [10, 14, 11, 13], [12, 20, 13, 19], [14, 23, 15, 24], [16, 1, 17, 2]]"
12n_0343_104,"[[16, 1, 17, 2], [18, 12, 19, 11], [3, 21, 4, 20], [7, 23, 8, 22], [24, 17, 1, 18], [2, 15, 3, 16], [9, 5, 10, 4], [21, 7, 22, 6], [5, 9, 6, 8], [10, 14, 11, 13], [12, 20, 13, 19], [14, 23, 15, 24]]"
12n_0343_105,"[[14, 23, 15, 24], [16, 1, 17, 2], [18, 12, 19, 11], [3, 21, 4, 20], [7, 23, 8, 22], [24, 17, 1, 18], [2, 15, 3, 16], [9, 5, 10, 4], [21, 7, 22, 6], [5, 9, 6, 8], [10, 14, 11, 13], [12, 20, 13, 19]]"
12n_0343_106,"[[12, 20, 13, 19], [14, 23, 15, 24], [16, 1, 17, 2], [18, 12, 19, 11], [3, 21, 4, 20], [7, 23, 8, 22], [24, 17, 1, 18], [2, 15, 3, 16], [9, 5, 10, 4], [21, 7, 22, 6], [5, 9, 6, 8], [10, 14, 11, 13]]"
12n_0343_107,"[[10, 14, 11, 13], [12, 20, 13, 19], [14, 23, 15, 24], [16, 1, 17, 2], [18, 12, 19, 11], [3, 21, 4, 20], [7, 23, 8, 22], [24, 17, 1, 18], [2, 15, 3, 16], [9, 5, 10, 4], [21, 7, 22, 6], [5, 9, 6, 8]]"
12n_0343_108,"[[6, 10, 7, 9], [11, 15, 12, 14], [13, 21, 14, 20], [15, 24, 16, 1], [17, 2, 18, 3], [19, 13, 20, 12], [4, 22, 5, 21], [8, 24, 9, 23], [1, 18, 2, 19], [3, 16, 4, 17], [10, 6, 11, 5], [22, 8, 23, 7]]"
12n_0343_109,"[[22, 8, 23, 7], [6, 10, 7, 9], [11, 15, 12, 14], [13, 21, 14, 20], [15, 24, 16, 1], [17, 2, 18, 3], [19, 13, 20, 12], [4, 22, 5, 21], [8, 24, 9, 23], [1, 18, 2, 19], [3, 16, 4, 17], [10, 6, 11, 5]]"
12n_0343_110,"[[10, 6, 11, 5], [22, 8, 23, 7], [6, 10, 7, 9], [11, 15, 12, 14], [13, 21, 14, 20], [15, 24, 16, 1], [17, 2, 18, 3], [19, 13, 20, 12], [4, 22, 5, 21], [8, 24, 9, 23], [1, 18, 2, 19], [3, 16, 4, 17]]"
12n_0343_111,"[[3, 16, 4, 17], [10, 6, 11, 5], [22, 8, 23, 7], [6, 10, 7, 9], [11, 15, 12, 14], [13, 21, 14, 20], [15, 24, 16, 1], [17, 2, 18, 3], [19, 13, 20, 12], [4, 22, 5, 21], [8, 24, 9, 23], [1, 18, 2, 19]]"
12n_0343_112,"[[1, 18, 2, 19], [3, 16, 4, 17], [10, 6, 11, 5], [22, 8, 23, 7], [6, 10, 7, 9], [11, 15, 12, 14], [13, 21, 14, 20], [15, 24, 16, 1], [17, 2, 18, 3], [19, 13, 20, 12], [4, 22, 5, 21], [8, 24, 9, 23]]"
12n_0343_113,"[[8, 24, 9, 23], [1, 18, 2, 19], [3, 16, 4, 17], [10, 6, 11, 5], [22, 8, 23, 7], [6, 10, 7, 9], [11, 15, 12, 14], [13, 21, 14, 20], [15, 24, 16, 1], [17, 2, 18, 3], [19, 13, 20, 12], [4, 22, 5, 21]]"
12n_0343_114,"[[4, 22, 5, 21], [8, 24, 9, 23], [1, 18, 2, 19], [3, 16, 4, 17], [10, 6, 11, 5], [22, 8, 23, 7], [6, 10, 7, 9], [11, 15, 12, 14], [13, 21, 14, 20], [15, 24, 16, 1], [17, 2, 18, 3], [19, 13, 20, 12]]"
12n_0343_115,"[[19, 13, 20, 12], [4, 22, 5, 21], [8, 24, 9, 23], [1, 18, 2, 19], [3, 16, 4, 17], [10, 6, 11, 5], [22, 8, 23, 7], [6, 10, 7, 9], [11, 15, 12, 14], [13, 21, 14, 20], [15, 24, 16, 1], [17, 2, 18, 3]]"
12n_0343_116,"[[17, 2, 18, 3], [19, 13, 20, 12], [4, 22, 5, 21], [8, 24, 9, 23], [1, 18, 2, 19], [3, 16, 4, 17], [10, 6, 11, 5], [22, 8, 23, 7], [6, 10, 7, 9], [11, 15, 12, 14], [13, 21, 14, 20], [15, 24, 16, 1]]"
12n_0343_117,"[[15, 24, 16, 1], [17, 2, 18, 3], [19, 13, 20, 12], [4, 22, 5, 21], [8, 24, 9, 23], [1, 18, 2, 19], [3, 16, 4, 17], [10, 6, 11, 5], [22, 8, 23, 7], [6, 10, 7, 9], [11, 15, 12, 14], [13, 21, 14, 20]]"
12n_0343_118,"[[13, 21, 14, 20], [15, 24, 16, 1], [17, 2, 18, 3], [19, 13, 20, 12], [4, 22, 5, 21], [8, 24, 9, 23], [1, 18, 2, 19], [3, 16, 4, 17], [10, 6, 11, 5], [22, 8, 23, 7], [6, 10, 7, 9], [11, 15, 12, 14]]"
12n_0343_119,"[[11, 15, 12, 14], [13, 21, 14, 20], [15, 24, 16, 1], [17, 2, 18, 3], [19, 13, 20, 12], [4, 22, 5, 21], [8, 24, 9, 23], [1, 18, 2, 19], [3, 16, 4, 17], [10, 6, 11, 5], [22, 8, 23, 7], [6, 10, 7, 9]]"
12n_0343_120,"[[7, 11, 8, 10], [12, 16, 13, 15], [14, 22, 15, 21], [16, 1, 17, 2], [18, 3, 19, 4], [20, 14, 21, 13], [5, 23, 6, 22], [9, 1, 10, 24], [2, 19, 3, 20], [4, 17, 5, 18], [11, 7, 12, 6], [23, 9, 24, 8]]"
12n_0343_121,"[[23, 9, 24, 8], [7, 11, 8, 10], [12, 16, 13, 15], [14, 22, 15, 21], [16, 1, 17, 2], [18, 3, 19, 4], [20, 14, 21, 13], [5, 23, 6, 22], [9, 1, 10, 24], [2, 19, 3, 20], [4, 17, 5, 18], [11, 7, 12, 6]]"
12n_0343_122,"[[11, 7, 12, 6], [23, 9, 24, 8], [7, 11, 8, 10], [12, 16, 13, 15], [14, 22, 15, 21], [16, 1, 17, 2], [18, 3, 19, 4], [20, 14, 21, 13], [5, 23, 6, 22], [9, 1, 10, 24], [2, 19, 3, 20], [4, 17, 5, 18]]"
12n_0343_123,"[[4, 17, 5, 18], [11, 7, 12, 6], [23, 9, 24, 8], [7, 11, 8, 10], [12, 16, 13, 15], [14, 22, 15, 21], [16, 1, 17, 2], [18, 3, 19, 4], [20, 14, 21, 13], [5, 23, 6, 22], [9, 1, 10, 24], [2, 19, 3, 20]]"
12n_0343_124,"[[2, 19, 3, 20], [4, 17, 5, 18], [11, 7, 12, 6], [23, 9, 24, 8], [7, 11, 8, 10], [12, 16, 13, 15], [14, 22, 15, 21], [16, 1, 17, 2], [18, 3, 19, 4], [20, 14, 21, 13], [5, 23, 6, 22], [9, 1, 10, 24]]"
12n_0343_125,"[[9, 1, 10, 24], [2, 19, 3, 20], [4, 17, 5, 18], [11, 7, 12, 6], [23, 9, 24, 8], [7, 11, 8, 10], [12, 16, 13, 15], [14, 22, 15, 21], [16, 1, 17, 2], [18, 3, 19, 4], [20, 14, 21, 13], [5, 23, 6, 22]]"
12n_0343_126,"[[5, 23, 6, 22], [9, 1, 10, 24], [2, 19, 3, 20], [4, 17, 5, 18], [11, 7, 12, 6], [23, 9, 24, 8], [7, 11, 8, 10], [12, 16, 13, 15], [14, 22, 15, 21], [16, 1, 17, 2], [18, 3, 19, 4], [20, 14, 21, 13]]"
12n_0343_127,"[[20, 14, 21, 13], [5, 23, 6, 22], [9, 1, 10, 24], [2, 19, 3, 20], [4, 17, 5, 18], [11, 7, 12, 6], [23, 9, 24, 8], [7, 11, 8, 10], [12, 16, 13, 15], [14, 22, 15, 21], [16, 1, 17, 2], [18, 3, 19, 4]]"
12n_0343_128,"[[18, 3, 19, 4], [20, 14, 21, 13], [5, 23, 6, 22], [9, 1, 10, 24], [2, 19, 3, 20], [4, 17, 5, 18], [11, 7, 12, 6], [23, 9, 24, 8], [7, 11, 8, 10], [12, 16, 13, 15], [14, 22, 15, 21], [16, 1, 17, 2]]"
12n_0343_129,"[[16, 1, 17, 2], [18, 3, 19, 4], [20, 14, 21, 13], [5, 23, 6, 22], [9, 1, 10, 24], [2, 19, 3, 20], [4, 17, 5, 18], [11, 7, 12, 6], [23, 9, 24, 8], [7, 11, 8, 10], [12, 16, 13, 15], [14, 22, 15, 21]]"
12n_0343_130,"[[14, 22, 15, 21], [16, 1, 17, 2], [18, 3, 19, 4], [20, 14, 21, 13], [5, 23, 6, 22], [9, 1, 10, 24], [2, 19, 3, 20], [4, 17, 5, 18], [11, 7, 12, 6], [23, 9, 24, 8], [7, 11, 8, 10], [12, 16, 13, 15]]"
12n_0343_131,"[[12, 16, 13, 15], [14, 22, 15, 21], [16, 1, 17, 2], [18, 3, 19, 4], [20, 14, 21, 13], [5, 23, 6, 22], [9, 1, 10, 24], [2, 19, 3, 20], [4, 17, 5, 18], [11, 7, 12, 6], [23, 9, 24, 8], [7, 11, 8, 10]]"
12n_0343_132,"[[8, 12, 9, 11], [13, 17, 14, 16], [15, 23, 16, 22], [17, 2, 18, 3], [19, 4, 20, 5], [21, 15, 22, 14], [6, 24, 7, 23], [10, 2, 11, 1], [3, 20, 4, 21], [5, 18, 6, 19], [12, 8, 13, 7], [24, 10, 1, 9]]"
12n_0343_133,"[[24, 10, 1, 9], [8, 12, 9, 11], [13, 17, 14, 16], [15, 23, 16, 22], [17, 2, 18, 3], [19, 4, 20, 5], [21, 15, 22, 14], [6, 24, 7, 23], [10, 2, 11, 1], [3, 20, 4, 21], [5, 18, 6, 19], [12, 8, 13, 7]]"
12n_0343_134,"[[12, 8, 13, 7], [24, 10, 1, 9], [8, 12, 9, 11], [13, 17, 14, 16], [15, 23, 16, 22], [17, 2, 18, 3], [19, 4, 20, 5], [21, 15, 22, 14], [6, 24, 7, 23], [10, 2, 11, 1], [3, 20, 4, 21], [5, 18, 6, 19]]"
12n_0343_135,"[[5, 18, 6, 19], [12, 8, 13, 7], [24, 10, 1, 9], [8, 12, 9, 11], [13, 17, 14, 16], [15, 23, 16, 22], [17, 2, 18, 3], [19, 4, 20, 5], [21, 15, 22, 14], [6, 24, 7, 23], [10, 2, 11, 1], [3, 20, 4, 21]]"
12n_0343_136,"[[3, 20, 4, 21], [5, 18, 6, 19], [12, 8, 13, 7], [24, 10, 1, 9], [8, 12, 9, 11], [13, 17, 14, 16], [15, 23, 16, 22], [17, 2, 18, 3], [19, 4, 20, 5], [21, 15, 22, 14], [6, 24, 7, 23], [10, 2, 11, 1]]"
12n_0343_137,"[[10, 2, 11, 1], [3, 20, 4, 21], [5, 18, 6, 19], [12, 8, 13, 7], [24, 10, 1, 9], [8, 12, 9, 11], [13, 17, 14, 16], [15, 23, 16, 22], [17, 2, 18, 3], [19, 4, 20, 5], [21, 15, 22, 14], [6, 24, 7, 23]]"
12n_0343_138,"[[6, 24, 7, 23], [10, 2, 11, 1], [3, 20, 4, 21], [5, 18, 6, 19], [12, 8, 13, 7], [24, 10, 1, 9], [8, 12, 9, 11], [13, 17, 14, 16], [15, 23, 16, 22], [17, 2, 18, 3], [19, 4, 20, 5], [21, 15, 22, 14]]"
12n_0343_139,"[[21, 15, 22, 14], [6, 24, 7, 23], [10, 2, 11, 1], [3, 20, 4, 21], [5, 18, 6, 19], [12, 8, 13, 7], [24, 10, 1, 9], [8, 12, 9, 11], [13, 17, 14, 16], [15, 23, 16, 22], [17, 2, 18, 3], [19, 4, 20, 5]]"
12n_0343_140,"[[19, 4, 20, 5], [21, 15, 22, 14], [6, 24, 7, 23], [10, 2, 11, 1], [3, 20, 4, 21], [5, 18, 6, 19], [12, 8, 13, 7], [24, 10, 1, 9], [8, 12, 9, 11], [13, 17, 14, 16], [15, 23, 16, 22], [17, 2, 18, 3]]"
12n_0343_141,"[[17, 2, 18, 3], [19, 4, 20, 5], [21, 15, 22, 14], [6, 24, 7, 23], [10, 2, 11, 1], [3, 20, 4, 21], [5, 18, 6, 19], [12, 8, 13, 7], [24, 10, 1, 9], [8, 12, 9, 11], [13, 17, 14, 16], [15, 23, 16, 22]]"
12n_0343_142,"[[15, 23, 16, 22], [17, 2, 18, 3], [19, 4, 20, 5], [21, 15, 22, 14], [6, 24, 7, 23], [10, 2, 11, 1], [3, 20, 4, 21], [5, 18, 6, 19], [12, 8, 13, 7], [24, 10, 1, 9], [8, 12, 9, 11], [13, 17, 14, 16]]"
12n_0343_143,"[[13, 17, 14, 16], [15, 23, 16, 22], [17, 2, 18, 3], [19, 4, 20, 5], [21, 15, 22, 14], [6, 24, 7, 23], [10, 2, 11, 1], [3, 20, 4, 21], [5, 18, 6, 19], [12, 8, 13, 7], [24, 10, 1, 9], [8, 12, 9, 11]]"
12n_0343_144,"[[9, 13, 10, 12], [14, 18, 15, 17], [16, 24, 17, 23], [18, 3, 19, 4], [20, 5, 21, 6], [22, 16, 23, 15], [7, 1, 8, 24], [11, 3, 12, 2], [4, 21, 5, 22], [6, 19, 7, 20], [13, 9, 14, 8], [1, 11, 2, 10]]"
12n_0343_145,"[[1, 11, 2, 10], [9, 13, 10, 12], [14, 18, 15, 17], [16, 24, 17, 23], [18, 3, 19, 4], [20, 5, 21, 6], [22, 16, 23, 15], [7, 1, 8, 24], [11, 3, 12, 2], [4, 21, 5, 22], [6, 19, 7, 20], [13, 9, 14, 8]]"
12n_0343_146,"[[13, 9, 14, 8], [1, 11, 2, 10], [9, 13, 10, 12], [14, 18, 15, 17], [16, 24, 17, 23], [18, 3, 19, 4], [20, 5, 21, 6], [22, 16, 23, 15], [7, 1, 8, 24], [11, 3, 12, 2], [4, 21, 5, 22], [6, 19, 7, 20]]"
12n_0343_147,"[[6, 19, 7, 20], [13, 9, 14, 8], [1, 11, 2, 10], [9, 13, 10, 12], [14, 18, 15, 17], [16, 24, 17, 23], [18, 3, 19, 4], [20, 5, 21, 6], [22, 16, 23, 15], [7, 1, 8, 24], [11, 3, 12, 2], [4, 21, 5, 22]]"
12n_0343_148,"[[4, 21, 5, 22], [6, 19, 7, 20], [13, 9, 14, 8], [1, 11, 2, 10], [9, 13, 10, 12], [14, 18, 15, 17], [16, 24, 17, 23], [18, 3, 19, 4], [20, 5, 21, 6], [22, 16, 23, 15], [7, 1, 8, 24], [11, 3, 12, 2]]"
12n_0343_149,"[[11, 3, 12, 2], [4, 21, 5, 22], [6, 19, 7, 20], [13, 9, 14, 8], [1, 11, 2, 10], [9, 13, 10, 12], [14, 18, 15, 17], [16, 24, 17, 23], [18, 3, 19, 4], [20, 5, 21, 6], [22, 16, 23, 15], [7, 1, 8, 24]]"
12n_0343_150,"[[7, 1, 8, 24], [11, 3, 12, 2], [4, 21, 5, 22], [6, 19, 7, 20], [13, 9, 14, 8], [1, 11, 2, 10], [9, 13, 10, 12], [14, 18, 15, 17], [16, 24, 17, 23], [18, 3, 19, 4], [20, 5, 21, 6], [22, 16, 23, 15]]"
12n_0343_151,"[[22, 16, 23, 15], [7, 1, 8, 24], [11, 3, 12, 2], [4, 21, 5, 22], [6, 19, 7, 20], [13, 9, 14, 8], [1, 11, 2, 10], [9, 13, 10, 12], [14, 18, 15, 17], [16, 24, 17, 23], [18, 3, 19, 4], [20, 5, 21, 6]]"
12n_0343_152,"[[20, 5, 21, 6], [22, 16, 23, 15], [7, 1, 8, 24], [11, 3, 12, 2], [4, 21, 5, 22], [6, 19, 7, 20], [13, 9, 14, 8], [1, 11, 2, 10], [9, 13, 10, 12], [14, 18, 15, 17], [16, 24, 17, 23], [18, 3, 19, 4]]"
12n_0343_153,"[[18, 3, 19, 4], [20, 5, 21, 6], [22, 16, 23, 15], [7, 1, 8, 24], [11, 3, 12, 2], [4, 21, 5, 22], [6, 19, 7, 20], [13, 9, 14, 8], [1, 11, 2, 10], [9, 13, 10, 12], [14, 18, 15, 17], [16, 24, 17, 23]]"
12n_0343_154,"[[16, 24, 17, 23], [18, 3, 19, 4], [20, 5, 21, 6], [22, 16, 23, 15], [7, 1, 8, 24], [11, 3, 12, 2], [4, 21, 5, 22], [6, 19, 7, 20], [13, 9, 14, 8], [1, 11, 2, 10], [9, 13, 10, 12], [14, 18, 15, 17]]"
12n_0343_155,"[[14, 18, 15, 17], [16, 24, 17, 23], [18, 3, 19, 4], [20, 5, 21, 6], [22, 16, 23, 15], [7, 1, 8, 24], [11, 3, 12, 2], [4, 21, 5, 22], [6, 19, 7, 20], [13, 9, 14, 8], [1, 11, 2, 10], [9, 13, 10, 12]]"
12n_0343_156,"[[10, 14, 11, 13], [15, 19, 16, 18], [17, 1, 18, 24], [19, 4, 20, 5], [21, 6, 22, 7], [23, 17, 24, 16], [8, 2, 9, 1], [12, 4, 13, 3], [5, 22, 6, 23], [7, 20, 8, 21], [14, 10, 15, 9], [2, 12, 3, 11]]"
12n_0343_157,"[[2, 12, 3, 11], [10, 14, 11, 13], [15, 19, 16, 18], [17, 1, 18, 24], [19, 4, 20, 5], [21, 6, 22, 7], [23, 17, 24, 16], [8, 2, 9, 1], [12, 4, 13, 3], [5, 22, 6, 23], [7, 20, 8, 21], [14, 10, 15, 9]]"
12n_0343_158,"[[14, 10, 15, 9], [2, 12, 3, 11], [10, 14, 11, 13], [15, 19, 16, 18], [17, 1, 18, 24], [19, 4, 20, 5], [21, 6, 22, 7], [23, 17, 24, 16], [8, 2, 9, 1], [12, 4, 13, 3], [5, 22, 6, 23], [7, 20, 8, 21]]"
12n_0343_159,"[[7, 20, 8, 21], [14, 10, 15, 9], [2, 12, 3, 11], [10, 14, 11, 13], [15, 19, 16, 18], [17, 1, 18, 24], [19, 4, 20, 5], [21, 6, 22, 7], [23, 17, 24, 16], [8, 2, 9, 1], [12, 4, 13, 3], [5, 22, 6, 23]]"
12n_0343_160,"[[5, 22, 6, 23], [7, 20, 8, 21], [14, 10, 15, 9], [2, 12, 3, 11], [10, 14, 11, 13], [15, 19, 16, 18], [17, 1, 18, 24], [19, 4, 20, 5], [21, 6, 22, 7], [23, 17, 24, 16], [8, 2, 9, 1], [12, 4, 13, 3]]"
12n_0343_161,"[[12, 4, 13, 3], [5, 22, 6, 23], [7, 20, 8, 21], [14, 10, 15, 9], [2, 12, 3, 11], [10, 14, 11, 13], [15, 19, 16, 18], [17, 1, 18, 24], [19, 4, 20, 5], [21, 6, 22, 7], [23, 17, 24, 16], [8, 2, 9, 1]]"
12n_0343_162,"[[8, 2, 9, 1], [12, 4, 13, 3], [5, 22, 6, 23], [7, 20, 8, 21], [14, 10, 15, 9], [2, 12, 3, 11], [10, 14, 11, 13], [15, 19, 16, 18], [17, 1, 18, 24], [19, 4, 20, 5], [21, 6, 22, 7], [23, 17, 24, 16]]"
12n_0343_163,"[[23, 17, 24, 16], [8, 2, 9, 1], [12, 4, 13, 3], [5, 22, 6, 23], [7, 20, 8, 21], [14, 10, 15, 9], [2, 12, 3, 11], [10, 14, 11, 13], [15, 19, 16, 18], [17, 1, 18, 24], [19, 4, 20, 5], [21, 6, 22, 7]]"
12n_0343_164,"[[21, 6, 22, 7], [23, 17, 24, 16], [8, 2, 9, 1], [12, 4, 13, 3], [5, 22, 6, 23], [7, 20, 8, 21], [14, 10, 15, 9], [2, 12, 3, 11], [10, 14, 11, 13], [15, 19, 16, 18], [17, 1, 18, 24], [19, 4, 20, 5]]"
12n_0343_165,"[[19, 4, 20, 5], [21, 6, 22, 7], [23, 17, 24, 16], [8, 2, 9, 1], [12, 4, 13, 3], [5, 22, 6, 23], [7, 20, 8, 21], [14, 10, 15, 9], [2, 12, 3, 11], [10, 14, 11, 13], [15, 19, 16, 18], [17, 1, 18, 24]]"
12n_0343_166,"[[17, 1, 18, 24], [19, 4, 20, 5], [21, 6, 22, 7], [23, 17, 24, 16], [8, 2, 9, 1], [12, 4, 13, 3], [5, 22, 6, 23], [7, 20, 8, 21], [14, 10, 15, 9], [2, 12, 3, 11], [10, 14, 11, 13], [15, 19, 16, 18]]"
12n_0343_167,"[[15, 19, 16, 18], [17, 1, 18, 24], [19, 4, 20, 5], [21, 6, 22, 7], [23, 17, 24, 16], [8, 2, 9, 1], [12, 4, 13, 3], [5, 22, 6, 23], [7, 20, 8, 21], [14, 10, 15, 9], [2, 12, 3, 11], [10, 14, 11, 13]]"
12n_0343_168,"[[11, 15, 12, 14], [16, 20, 17, 19], [18, 2, 19, 1], [20, 5, 21, 6], [22, 7, 23, 8], [24, 18, 1, 17], [9, 3, 10, 2], [13, 5, 14, 4], [6, 23, 7, 24], [8, 21, 9, 22], [15, 11, 16, 10], [3, 13, 4, 12]]"
12n_0343_169,"[[3, 13, 4, 12], [11, 15, 12, 14], [16, 20, 17, 19], [18, 2, 19, 1], [20, 5, 21, 6], [22, 7, 23, 8], [24, 18, 1, 17], [9, 3, 10, 2], [13, 5, 14, 4], [6, 23, 7, 24], [8, 21, 9, 22], [15, 11, 16, 10]]"
12n_0343_170,"[[15, 11, 16, 10], [3, 13, 4, 12], [11, 15, 12, 14], [16, 20, 17, 19], [18, 2, 19, 1], [20, 5, 21, 6], [22, 7, 23, 8], [24, 18, 1, 17], [9, 3, 10, 2], [13, 5, 14, 4], [6, 23, 7, 24], [8, 21, 9, 22]]"
12n_0343_171,"[[8, 21, 9, 22], [15, 11, 16, 10], [3, 13, 4, 12], [11, 15, 12, 14], [16, 20, 17, 19], [18, 2, 19, 1], [20, 5, 21, 6], [22, 7, 23, 8], [24, 18, 1, 17], [9, 3, 10, 2], [13, 5, 14, 4], [6, 23, 7, 24]]"
12n_0343_172,"[[6, 23, 7, 24], [8, 21, 9, 22], [15, 11, 16, 10], [3, 13, 4, 12], [11, 15, 12, 14], [16, 20, 17, 19], [18, 2, 19, 1], [20, 5, 21, 6], [22, 7, 23, 8], [24, 18, 1, 17], [9, 3, 10, 2], [13, 5, 14, 4]]"
12n_0343_173,"[[13, 5, 14, 4], [6, 23, 7, 24], [8, 21, 9, 22], [15, 11, 16, 10], [3, 13, 4, 12], [11, 15, 12, 14], [16, 20, 17, 19], [18, 2, 19, 1], [20, 5, 21, 6], [22, 7, 23, 8], [24, 18, 1, 17], [9, 3, 10, 2]]"
12n_0343_174,"[[9, 3, 10, 2], [13, 5, 14, 4], [6, 23, 7, 24], [8, 21, 9, 22], [15, 11, 16, 10], [3, 13, 4, 12], [11, 15, 12, 14], [16, 20, 17, 19], [18, 2, 19, 1], [20, 5, 21, 6], [22, 7, 23, 8], [24, 18, 1, 17]]"
12n_0343_175,"[[24, 18, 1, 17], [9, 3, 10, 2], [13, 5, 14, 4], [6, 23, 7, 24], [8, 21, 9, 22], [15, 11, 16, 10], [3, 13, 4, 12], [11, 15, 12, 14], [16, 20, 17, 19], [18, 2, 19, 1], [20, 5, 21, 6], [22, 7, 23, 8]]"
12n_0343_176,"[[22, 7, 23, 8], [24, 18, 1, 17], [9, 3, 10, 2], [13, 5, 14, 4], [6, 23, 7, 24], [8, 21, 9, 22], [15, 11, 16, 10], [3, 13, 4, 12], [11, 15, 12, 14], [16, 20, 17, 19], [18, 2, 19, 1], [20, 5, 21, 6]]"
12n_0343_177,"[[20, 5, 21, 6], [22, 7, 23, 8], [24, 18, 1, 17], [9, 3, 10, 2], [13, 5, 14, 4], [6, 23, 7, 24], [8, 21, 9, 22], [15, 11, 16, 10], [3, 13, 4, 12], [11, 15, 12, 14], [16, 20, 17, 19], [18, 2, 19, 1]]"
12n_0343_178,"[[18, 2, 19, 1], [20, 5, 21, 6], [22, 7, 23, 8], [24, 18, 1, 17], [9, 3, 10, 2], [13, 5, 14, 4], [6, 23, 7, 24], [8, 21, 9, 22], [15, 11, 16, 10], [3, 13, 4, 12], [11, 15, 12, 14], [16, 20, 17, 19]]"
12n_0343_179,"[[16, 20, 17, 19], [18, 2, 19, 1], [20, 5, 21, 6], [22, 7, 23, 8], [24, 18, 1, 17], [9, 3, 10, 2], [13, 5, 14, 4], [6, 23, 7, 24], [8, 21, 9, 22], [15, 11, 16, 10], [3, 13, 4, 12], [11, 15, 12, 14]]"
12n_0343_180,"[[12, 16, 13, 15], [17, 21, 18, 20], [19, 3, 20, 2], [21, 6, 22, 7], [23, 8, 24, 9], [1, 19, 2, 18], [10, 4, 11, 3], [14, 6, 15, 5], [7, 24, 8, 1], [9, 22, 10, 23], [16, 12, 17, 11], [4, 14, 5, 13]]"
12n_0343_181,"[[4, 14, 5, 13], [12, 16, 13, 15], [17, 21, 18, 20], [19, 3, 20, 2], [21, 6, 22, 7], [23, 8, 24, 9], [1, 19, 2, 18], [10, 4, 11, 3], [14, 6, 15, 5], [7, 24, 8, 1], [9, 22, 10, 23], [16, 12, 17, 11]]"
12n_0343_182,"[[16, 12, 17, 11], [4, 14, 5, 13], [12, 16, 13, 15], [17, 21, 18, 20], [19, 3, 20, 2], [21, 6, 22, 7], [23, 8, 24, 9], [1, 19, 2, 18], [10, 4, 11, 3], [14, 6, 15, 5], [7, 24, 8, 1], [9, 22, 10, 23]]"
12n_0343_183,"[[9, 22, 10, 23], [16, 12, 17, 11], [4, 14, 5, 13], [12, 16, 13, 15], [17, 21, 18, 20], [19, 3, 20, 2], [21, 6, 22, 7], [23, 8, 24, 9], [1, 19, 2, 18], [10, 4, 11, 3], [14, 6, 15, 5], [7, 24, 8, 1]]"
12n_0343_184,"[[7, 24, 8, 1], [9, 22, 10, 23], [16, 12, 17, 11], [4, 14, 5, 13], [12, 16, 13, 15], [17, 21, 18, 20], [19, 3, 20, 2], [21, 6, 22, 7], [23, 8, 24, 9], [1, 19, 2, 18], [10, 4, 11, 3], [14, 6, 15, 5]]"
12n_0343_185,"[[14, 6, 15, 5], [7, 24, 8, 1], [9, 22, 10, 23], [16, 12, 17, 11], [4, 14, 5, 13], [12, 16, 13, 15], [17, 21, 18, 20], [19, 3, 20, 2], [21, 6, 22, 7], [23, 8, 24, 9], [1, 19, 2, 18], [10, 4, 11, 3]]"
