name,pd_notation
12n_0301_0,"[[15, 1, 16, 24], [2, 6, 3, 5], [4, 11, 5, 12], [6, 14, 7, 13], [8, 17, 9, 18], [10, 22, 11, 21], [12, 3, 13, 4], [23, 15, 24, 14], [16, 19, 17, 20], [18, 9, 19, 10], [20, 8, 21, 7], [1, 23, 2, 22]]"
12n_0301_1,"[[1, 23, 2, 22], [15, 1, 16, 24], [2, 6, 3, 5], [4, 11, 5, 12], [6, 14, 7, 13], [8, 17, 9, 18], [10, 22, 11, 21], [12, 3, 13, 4], [23, 15, 24, 14], [16, 19, 17, 20], [18, 9, 19, 10], [20, 8, 21, 7]]"
12n_0301_2,"[[20, 8, 21, 7], [1, 23, 2, 22], [15, 1, 16, 24], [2, 6, 3, 5], [4, 11, 5, 12], [6, 14, 7, 13], [8, 17, 9, 18], [10, 22, 11, 21], [12, 3, 13, 4], [23, 15, 24, 14], [16, 19, 17, 20], [18, 9, 19, 10]]"
12n_0301_3,"[[18, 9, 19, 10], [20, 8, 21, 7], [1, 23, 2, 22], [15, 1, 16, 24], [2, 6, 3, 5], [4, 11, 5, 12], [6, 14, 7, 13], [8, 17, 9, 18], [10, 22, 11, 21], [12, 3, 13, 4], [23, 15, 24, 14], [16, 19, 17, 20]]"
12n_0301_4,"[[16, 19, 17, 20], [18, 9, 19, 10], [20, 8, 21, 7], [1, 23, 2, 22], [15, 1, 16, 24], [2, 6, 3, 5], [4, 11, 5, 12], [6, 14, 7, 13], [8, 17, 9, 18], [10, 22, 11, 21], [12, 3, 13, 4], [23, 15, 24, 14]]"
12n_0301_5,"[[23, 15, 24, 14], [16, 19, 17, 20], [18, 9, 19, 10], [20, 8, 21, 7], [1, 23, 2, 22], [15, 1, 16, 24], [2, 6, 3, 5], [4, 11, 5, 12], [6, 14, 7, 13], [8, 17, 9, 18], [10, 22, 11, 21], [12, 3, 13, 4]]"
12n_0301_6,"[[12, 3, 13, 4], [23, 15, 24, 14], [16, 19, 17, 20], [18, 9, 19, 10], [20, 8, 21, 7], [1, 23, 2, 22], [15, 1, 16, 24], [2, 6, 3, 5], [4, 11, 5, 12], [6, 14, 7, 13], [8, 17, 9, 18], [10, 22, 11, 21]]"
12n_0301_7,"[[10, 22, 11, 21], [12, 3, 13, 4], [23, 15, 24, 14], [16, 19, 17, 20], [18, 9, 19, 10], [20, 8, 21, 7], [1, 23, 2, 22], [15, 1, 16, 24], [2, 6, 3, 5], [4, 11, 5, 12], [6, 14, 7, 13], [8, 17, 9, 18]]"
12n_0301_8,"[[8, 17, 9, 18], [10, 22, 11, 21], [12, 3, 13, 4], [23, 15, 24, 14], [16, 19, 17, 20], [18, 9, 19, 10], [20, 8, 21, 7], [1, 23, 2, 22], [15, 1, 16, 24], [2, 6, 3, 5], [4, 11, 5, 12], [6, 14, 7, 13]]"
12n_0301_9,"[[6, 14, 7, 13], [8, 17, 9, 18], [10, 22, 11, 21], [12, 3, 13, 4], [23, 15, 24, 14], [16, 19, 17, 20], [18, 9, 19, 10], [20, 8, 21, 7], [1, 23, 2, 22], [15, 1, 16, 24], [2, 6, 3, 5], [4, 11, 5, 12]]"
12n_0301_10,"[[4, 11, 5, 12], [6, 14, 7, 13], [8, 17, 9, 18], [10, 22, 11, 21], [12, 3, 13, 4], [23, 15, 24, 14], [16, 19, 17, 20], [18, 9, 19, 10], [20, 8, 21, 7], [1, 23, 2, 22], [15, 1, 16, 24], [2, 6, 3, 5]]"
12n_0301_11,"[[2, 6, 3, 5], [4, 11, 5, 12], [6, 14, 7, 13], [8, 17, 9, 18], [10, 22, 11, 21], [12, 3, 13, 4], [23, 15, 24, 14], [16, 19, 17, 20], [18, 9, 19, 10], [20, 8, 21, 7], [1, 23, 2, 22], [15, 1, 16, 24]]"
12n_0301_12,"[[16, 2, 17, 1], [3, 7, 4, 6], [5, 12, 6, 13], [7, 15, 8, 14], [9, 18, 10, 19], [11, 23, 12, 22], [13, 4, 14, 5], [24, 16, 1, 15], [17, 20, 18, 21], [19, 10, 20, 11], [21, 9, 22, 8], [2, 24, 3, 23]]"
12n_0301_13,"[[2, 24, 3, 23], [16, 2, 17, 1], [3, 7, 4, 6], [5, 12, 6, 13], [7, 15, 8, 14], [9, 18, 10, 19], [11, 23, 12, 22], [13, 4, 14, 5], [24, 16, 1, 15], [17, 20, 18, 21], [19, 10, 20, 11], [21, 9, 22, 8]]"
12n_0301_14,"[[21, 9, 22, 8], [2, 24, 3, 23], [16, 2, 17, 1], [3, 7, 4, 6], [5, 12, 6, 13], [7, 15, 8, 14], [9, 18, 10, 19], [11, 23, 12, 22], [13, 4, 14, 5], [24, 16, 1, 15], [17, 20, 18, 21], [19, 10, 20, 11]]"
12n_0301_15,"[[19, 10, 20, 11], [21, 9, 22, 8], [2, 24, 3, 23], [16, 2, 17, 1], [3, 7, 4, 6], [5, 12, 6, 13], [7, 15, 8, 14], [9, 18, 10, 19], [11, 23, 12, 22], [13, 4, 14, 5], [24, 16, 1, 15], [17, 20, 18, 21]]"
12n_0301_16,"[[17, 20, 18, 21], [19, 10, 20, 11], [21, 9, 22, 8], [2, 24, 3, 23], [16, 2, 17, 1], [3, 7, 4, 6], [5, 12, 6, 13], [7, 15, 8, 14], [9, 18, 10, 19], [11, 23, 12, 22], [13, 4, 14, 5], [24, 16, 1, 15]]"
12n_0301_17,"[[24, 16, 1, 15], [17, 20, 18, 21], [19, 10, 20, 11], [21, 9, 22, 8], [2, 24, 3, 23], [16, 2, 17, 1], [3, 7, 4, 6], [5, 12, 6, 13], [7, 15, 8, 14], [9, 18, 10, 19], [11, 23, 12, 22], [13, 4, 14, 5]]"
12n_0301_18,"[[13, 4, 14, 5], [24, 16, 1, 15], [17, 20, 18, 21], [19, 10, 20, 11], [21, 9, 22, 8], [2, 24, 3, 23], [16, 2, 17, 1], [3, 7, 4, 6], [5, 12, 6, 13], [7, 15, 8, 14], [9, 18, 10, 19], [11, 23, 12, 22]]"
12n_0301_19,"[[11, 23, 12, 22], [13, 4, 14, 5], [24, 16, 1, 15], [17, 20, 18, 21], [19, 10, 20, 11], [21, 9, 22, 8], [2, 24, 3, 23], [16, 2, 17, 1], [3, 7, 4, 6], [5, 12, 6, 13], [7, 15, 8, 14], [9, 18, 10, 19]]"
12n_0301_20,"[[9, 18, 10, 19], [11, 23, 12, 22], [13, 4, 14, 5], [24, 16, 1, 15], [17, 20, 18, 21], [19, 10, 20, 11], [21, 9, 22, 8], [2, 24, 3, 23], [16, 2, 17, 1], [3, 7, 4, 6], [5, 12, 6, 13], [7, 15, 8, 14]]"
12n_0301_21,"[[7, 15, 8, 14], [9, 18, 10, 19], [11, 23, 12, 22], [13, 4, 14, 5], [24, 16, 1, 15], [17, 20, 18, 21], [19, 10, 20, 11], [21, 9, 22, 8], [2, 24, 3, 23], [16, 2, 17, 1], [3, 7, 4, 6], [5, 12, 6, 13]]"
12n_0301_22,"[[5, 12, 6, 13], [7, 15, 8, 14], [9, 18, 10, 19], [11, 23, 12, 22], [13, 4, 14, 5], [24, 16, 1, 15], [17, 20, 18, 21], [19, 10, 20, 11], [21, 9, 22, 8], [2, 24, 3, 23], [16, 2, 17, 1], [3, 7, 4, 6]]"
12n_0301_23,"[[3, 7, 4, 6], [5, 12, 6, 13], [7, 15, 8, 14], [9, 18, 10, 19], [11, 23, 12, 22], [13, 4, 14, 5], [24, 16, 1, 15], [17, 20, 18, 21], [19, 10, 20, 11], [21, 9, 22, 8], [2, 24, 3, 23], [16, 2, 17, 1]]"
12n_0301_24,"[[17, 3, 18, 2], [4, 8, 5, 7], [6, 13, 7, 14], [8, 16, 9, 15], [10, 19, 11, 20], [12, 24, 13, 23], [14, 5, 15, 6], [1, 17, 2, 16], [18, 21, 19, 22], [20, 11, 21, 12], [22, 10, 23, 9], [3, 1, 4, 24]]"
12n_0301_25,"[[3, 1, 4, 24], [17, 3, 18, 2], [4, 8, 5, 7], [6, 13, 7, 14], [8, 16, 9, 15], [10, 19, 11, 20], [12, 24, 13, 23], [14, 5, 15, 6], [1, 17, 2, 16], [18, 21, 19, 22], [20, 11, 21, 12], [22, 10, 23, 9]]"
12n_0301_26,"[[22, 10, 23, 9], [3, 1, 4, 24], [17, 3, 18, 2], [4, 8, 5, 7], [6, 13, 7, 14], [8, 16, 9, 15], [10, 19, 11, 20], [12, 24, 13, 23], [14, 5, 15, 6], [1, 17, 2, 16], [18, 21, 19, 22], [20, 11, 21, 12]]"
12n_0301_27,"[[20, 11, 21, 12], [22, 10, 23, 9], [3, 1, 4, 24], [17, 3, 18, 2], [4, 8, 5, 7], [6, 13, 7, 14], [8, 16, 9, 15], [10, 19, 11, 20], [12, 24, 13, 23], [14, 5, 15, 6], [1, 17, 2, 16], [18, 21, 19, 22]]"
12n_0301_28,"[[18, 21, 19, 22], [20, 11, 21, 12], [22, 10, 23, 9], [3, 1, 4, 24], [17, 3, 18, 2], [4, 8, 5, 7], [6, 13, 7, 14], [8, 16, 9, 15], [10, 19, 11, 20], [12, 24, 13, 23], [14, 5, 15, 6], [1, 17, 2, 16]]"
12n_0301_29,"[[1, 17, 2, 16], [18, 21, 19, 22], [20, 11, 21, 12], [22, 10, 23, 9], [3, 1, 4, 24], [17, 3, 18, 2], [4, 8, 5, 7], [6, 13, 7, 14], [8, 16, 9, 15], [10, 19, 11, 20], [12, 24, 13, 23], [14, 5, 15, 6]]"
12n_0301_30,"[[14, 5, 15, 6], [1, 17, 2, 16], [18, 21, 19, 22], [20, 11, 21, 12], [22, 10, 23, 9], [3, 1, 4, 24], [17, 3, 18, 2], [4, 8, 5, 7], [6, 13, 7, 14], [8, 16, 9, 15], [10, 19, 11, 20], [12, 24, 13, 23]]"
12n_0301_31,"[[12, 24, 13, 23], [14, 5, 15, 6], [1, 17, 2, 16], [18, 21, 19, 22], [20, 11, 21, 12], [22, 10, 23, 9], [3, 1, 4, 24], [17, 3, 18, 2], [4, 8, 5, 7], [6, 13, 7, 14], [8, 16, 9, 15], [10, 19, 11, 20]]"
12n_0301_32,"[[10, 19, 11, 20], [12, 24, 13, 23], [14, 5, 15, 6], [1, 17, 2, 16], [18, 21, 19, 22], [20, 11, 21, 12], [22, 10, 23, 9], [3, 1, 4, 24], [17, 3, 18, 2], [4, 8, 5, 7], [6, 13, 7, 14], [8, 16, 9, 15]]"
12n_0301_33,"[[8, 16, 9, 15], [10, 19, 11, 20], [12, 24, 13, 23], [14, 5, 15, 6], [1, 17, 2, 16], [18, 21, 19, 22], [20, 11, 21, 12], [22, 10, 23, 9], [3, 1, 4, 24], [17, 3, 18, 2], [4, 8, 5, 7], [6, 13, 7, 14]]"
12n_0301_34,"[[6, 13, 7, 14], [8, 16, 9, 15], [10, 19, 11, 20], [12, 24, 13, 23], [14, 5, 15, 6], [1, 17, 2, 16], [18, 21, 19, 22], [20, 11, 21, 12], [22, 10, 23, 9], [3, 1, 4, 24], [17, 3, 18, 2], [4, 8, 5, 7]]"
12n_0301_35,"[[4, 8, 5, 7], [6, 13, 7, 14], [8, 16, 9, 15], [10, 19, 11, 20], [12, 24, 13, 23], [14, 5, 15, 6], [1, 17, 2, 16], [18, 21, 19, 22], [20, 11, 21, 12], [22, 10, 23, 9], [3, 1, 4, 24], [17, 3, 18, 2]]"
12n_0301_36,"[[18, 4, 19, 3], [5, 9, 6, 8], [7, 14, 8, 15], [9, 17, 10, 16], [11, 20, 12, 21], [13, 1, 14, 24], [15, 6, 16, 7], [2, 18, 3, 17], [19, 22, 20, 23], [21, 12, 22, 13], [23, 11, 24, 10], [4, 2, 5, 1]]"
12n_0301_37,"[[4, 2, 5, 1], [18, 4, 19, 3], [5, 9, 6, 8], [7, 14, 8, 15], [9, 17, 10, 16], [11, 20, 12, 21], [13, 1, 14, 24], [15, 6, 16, 7], [2, 18, 3, 17], [19, 22, 20, 23], [21, 12, 22, 13], [23, 11, 24, 10]]"
12n_0301_38,"[[23, 11, 24, 10], [4, 2, 5, 1], [18, 4, 19, 3], [5, 9, 6, 8], [7, 14, 8, 15], [9, 17, 10, 16], [11, 20, 12, 21], [13, 1, 14, 24], [15, 6, 16, 7], [2, 18, 3, 17], [19, 22, 20, 23], [21, 12, 22, 13]]"
12n_0301_39,"[[21, 12, 22, 13], [23, 11, 24, 10], [4, 2, 5, 1], [18, 4, 19, 3], [5, 9, 6, 8], [7, 14, 8, 15], [9, 17, 10, 16], [11, 20, 12, 21], [13, 1, 14, 24], [15, 6, 16, 7], [2, 18, 3, 17], [19, 22, 20, 23]]"
12n_0301_40,"[[19, 22, 20, 23], [21, 12, 22, 13], [23, 11, 24, 10], [4, 2, 5, 1], [18, 4, 19, 3], [5, 9, 6, 8], [7, 14, 8, 15], [9, 17, 10, 16], [11, 20, 12, 21], [13, 1, 14, 24], [15, 6, 16, 7], [2, 18, 3, 17]]"
12n_0301_41,"[[2, 18, 3, 17], [19, 22, 20, 23], [21, 12, 22, 13], [23, 11, 24, 10], [4, 2, 5, 1], [18, 4, 19, 3], [5, 9, 6, 8], [7, 14, 8, 15], [9, 17, 10, 16], [11, 20, 12, 21], [13, 1, 14, 24], [15, 6, 16, 7]]"
12n_0301_42,"[[15, 6, 16, 7], [2, 18, 3, 17], [19, 22, 20, 23], [21, 12, 22, 13], [23, 11, 24, 10], [4, 2, 5, 1], [18, 4, 19, 3], [5, 9, 6, 8], [7, 14, 8, 15], [9, 17, 10, 16], [11, 20, 12, 21], [13, 1, 14, 24]]"
12n_0301_43,"[[13, 1, 14, 24], [15, 6, 16, 7], [2, 18, 3, 17], [19, 22, 20, 23], [21, 12, 22, 13], [23, 11, 24, 10], [4, 2, 5, 1], [18, 4, 19, 3], [5, 9, 6, 8], [7, 14, 8, 15], [9, 17, 10, 16], [11, 20, 12, 21]]"
12n_0301_44,"[[11, 20, 12, 21], [13, 1, 14, 24], [15, 6, 16, 7], [2, 18, 3, 17], [19, 22, 20, 23], [21, 12, 22, 13], [23, 11, 24, 10], [4, 2, 5, 1], [18, 4, 19, 3], [5, 9, 6, 8], [7, 14, 8, 15], [9, 17, 10, 16]]"
12n_0301_45,"[[9, 17, 10, 16], [11, 20, 12, 21], [13, 1, 14, 24], [15, 6, 16, 7], [2, 18, 3, 17], [19, 22, 20, 23], [21, 12, 22, 13], [23, 11, 24, 10], [4, 2, 5, 1], [18, 4, 19, 3], [5, 9, 6, 8], [7, 14, 8, 15]]"
12n_0301_46,"[[7, 14, 8, 15], [9, 17, 10, 16], [11, 20, 12, 21], [13, 1, 14, 24], [15, 6, 16, 7], [2, 18, 3, 17], [19, 22, 20, 23], [21, 12, 22, 13], [23, 11, 24, 10], [4, 2, 5, 1], [18, 4, 19, 3], [5, 9, 6, 8]]"
12n_0301_47,"[[5, 9, 6, 8], [7, 14, 8, 15], [9, 17, 10, 16], [11, 20, 12, 21], [13, 1, 14, 24], [15, 6, 16, 7], [2, 18, 3, 17], [19, 22, 20, 23], [21, 12, 22, 13], [23, 11, 24, 10], [4, 2, 5, 1], [18, 4, 19, 3]]"
12n_0301_48,"[[19, 5, 20, 4], [6, 10, 7, 9], [8, 15, 9, 16], [10, 18, 11, 17], [12, 21, 13, 22], [14, 2, 15, 1], [16, 7, 17, 8], [3, 19, 4, 18], [20, 23, 21, 24], [22, 13, 23, 14], [24, 12, 1, 11], [5, 3, 6, 2]]"
12n_0301_49,"[[5, 3, 6, 2], [19, 5, 20, 4], [6, 10, 7, 9], [8, 15, 9, 16], [10, 18, 11, 17], [12, 21, 13, 22], [14, 2, 15, 1], [16, 7, 17, 8], [3, 19, 4, 18], [20, 23, 21, 24], [22, 13, 23, 14], [24, 12, 1, 11]]"
12n_0301_50,"[[24, 12, 1, 11], [5, 3, 6, 2], [19, 5, 20, 4], [6, 10, 7, 9], [8, 15, 9, 16], [10, 18, 11, 17], [12, 21, 13, 22], [14, 2, 15, 1], [16, 7, 17, 8], [3, 19, 4, 18], [20, 23, 21, 24], [22, 13, 23, 14]]"
12n_0301_51,"[[22, 13, 23, 14], [24, 12, 1, 11], [5, 3, 6, 2], [19, 5, 20, 4], [6, 10, 7, 9], [8, 15, 9, 16], [10, 18, 11, 17], [12, 21, 13, 22], [14, 2, 15, 1], [16, 7, 17, 8], [3, 19, 4, 18], [20, 23, 21, 24]]"
12n_0301_52,"[[20, 23, 21, 24], [22, 13, 23, 14], [24, 12, 1, 11], [5, 3, 6, 2], [19, 5, 20, 4], [6, 10, 7, 9], [8, 15, 9, 16], [10, 18, 11, 17], [12, 21, 13, 22], [14, 2, 15, 1], [16, 7, 17, 8], [3, 19, 4, 18]]"
12n_0301_53,"[[3, 19, 4, 18], [20, 23, 21, 24], [22, 13, 23, 14], [24, 12, 1, 11], [5, 3, 6, 2], [19, 5, 20, 4], [6, 10, 7, 9], [8, 15, 9, 16], [10, 18, 11, 17], [12, 21, 13, 22], [14, 2, 15, 1], [16, 7, 17, 8]]"
12n_0301_54,"[[16, 7, 17, 8], [3, 19, 4, 18], [20, 23, 21, 24], [22, 13, 23, 14], [24, 12, 1, 11], [5, 3, 6, 2], [19, 5, 20, 4], [6, 10, 7, 9], [8, 15, 9, 16], [10, 18, 11, 17], [12, 21, 13, 22], [14, 2, 15, 1]]"
12n_0301_55,"[[14, 2, 15, 1], [16, 7, 17, 8], [3, 19, 4, 18], [20, 23, 21, 24], [22, 13, 23, 14], [24, 12, 1, 11], [5, 3, 6, 2], [19, 5, 20, 4], [6, 10, 7, 9], [8, 15, 9, 16], [10, 18, 11, 17], [12, 21, 13, 22]]"
12n_0301_56,"[[12, 21, 13, 22], [14, 2, 15, 1], [16, 7, 17, 8], [3, 19, 4, 18], [20, 23, 21, 24], [22, 13, 23, 14], [24, 12, 1, 11], [5, 3, 6, 2], [19, 5, 20, 4], [6, 10, 7, 9], [8, 15, 9, 16], [10, 18, 11, 17]]"
12n_0301_57,"[[10, 18, 11, 17], [12, 21, 13, 22], [14, 2, 15, 1], [16, 7, 17, 8], [3, 19, 4, 18], [20, 23, 21, 24], [22, 13, 23, 14], [24, 12, 1, 11], [5, 3, 6, 2], [19, 5, 20, 4], [6, 10, 7, 9], [8, 15, 9, 16]]"
12n_0301_58,"[[8, 15, 9, 16], [10, 18, 11, 17], [12, 21, 13, 22], [14, 2, 15, 1], [16, 7, 17, 8], [3, 19, 4, 18], [20, 23, 21, 24], [22, 13, 23, 14], [24, 12, 1, 11], [5, 3, 6, 2], [19, 5, 20, 4], [6, 10, 7, 9]]"
12n_0301_59,"[[6, 10, 7, 9], [8, 15, 9, 16], [10, 18, 11, 17], [12, 21, 13, 22], [14, 2, 15, 1], [16, 7, 17, 8], [3, 19, 4, 18], [20, 23, 21, 24], [22, 13, 23, 14], [24, 12, 1, 11], [5, 3, 6, 2], [19, 5, 20, 4]]"
12n_0301_60,"[[20, 6, 21, 5], [7, 11, 8, 10], [9, 16, 10, 17], [11, 19, 12, 18], [13, 22, 14, 23], [15, 3, 16, 2], [17, 8, 18, 9], [4, 20, 5, 19], [21, 24, 22, 1], [23, 14, 24, 15], [1, 13, 2, 12], [6, 4, 7, 3]]"
12n_0301_61,"[[6, 4, 7, 3], [20, 6, 21, 5], [7, 11, 8, 10], [9, 16, 10, 17], [11, 19, 12, 18], [13, 22, 14, 23], [15, 3, 16, 2], [17, 8, 18, 9], [4, 20, 5, 19], [21, 24, 22, 1], [23, 14, 24, 15], [1, 13, 2, 12]]"
12n_0301_62,"[[1, 13, 2, 12], [6, 4, 7, 3], [20, 6, 21, 5], [7, 11, 8, 10], [9, 16, 10, 17], [11, 19, 12, 18], [13, 22, 14, 23], [15, 3, 16, 2], [17, 8, 18, 9], [4, 20, 5, 19], [21, 24, 22, 1], [23, 14, 24, 15]]"
12n_0301_63,"[[23, 14, 24, 15], [1, 13, 2, 12], [6, 4, 7, 3], [20, 6, 21, 5], [7, 11, 8, 10], [9, 16, 10, 17], [11, 19, 12, 18], [13, 22, 14, 23], [15, 3, 16, 2], [17, 8, 18, 9], [4, 20, 5, 19], [21, 24, 22, 1]]"
12n_0301_64,"[[21, 24, 22, 1], [23, 14, 24, 15], [1, 13, 2, 12], [6, 4, 7, 3], [20, 6, 21, 5], [7, 11, 8, 10], [9, 16, 10, 17], [11, 19, 12, 18], [13, 22, 14, 23], [15, 3, 16, 2], [17, 8, 18, 9], [4, 20, 5, 19]]"
12n_0301_65,"[[4, 20, 5, 19], [21, 24, 22, 1], [23, 14, 24, 15], [1, 13, 2, 12], [6, 4, 7, 3], [20, 6, 21, 5], [7, 11, 8, 10], [9, 16, 10, 17], [11, 19, 12, 18], [13, 22, 14, 23], [15, 3, 16, 2], [17, 8, 18, 9]]"
12n_0301_66,"[[17, 8, 18, 9], [4, 20, 5, 19], [21, 24, 22, 1], [23, 14, 24, 15], [1, 13, 2, 12], [6, 4, 7, 3], [20, 6, 21, 5], [7, 11, 8, 10], [9, 16, 10, 17], [11, 19, 12, 18], [13, 22, 14, 23], [15, 3, 16, 2]]"
12n_0301_67,"[[15, 3, 16, 2], [17, 8, 18, 9], [4, 20, 5, 19], [21, 24, 22, 1], [23, 14, 24, 15], [1, 13, 2, 12], [6, 4, 7, 3], [20, 6, 21, 5], [7, 11, 8, 10], [9, 16, 10, 17], [11, 19, 12, 18], [13, 22, 14, 23]]"
12n_0301_68,"[[13, 22, 14, 23], [15, 3, 16, 2], [17, 8, 18, 9], [4, 20, 5, 19], [21, 24, 22, 1], [23, 14, 24, 15], [1, 13, 2, 12], [6, 4, 7, 3], [20, 6, 21, 5], [7, 11, 8, 10], [9, 16, 10, 17], [11, 19, 12, 18]]"
12n_0301_69,"[[11, 19, 12, 18], [13, 22, 14, 23], [15, 3, 16, 2], [17, 8, 18, 9], [4, 20, 5, 19], [21, 24, 22, 1], [23, 14, 24, 15], [1, 13, 2, 12], [6, 4, 7, 3], [20, 6, 21, 5], [7, 11, 8, 10], [9, 16, 10, 17]]"
12n_0301_70,"[[9, 16, 10, 17], [11, 19, 12, 18], [13, 22, 14, 23], [15, 3, 16, 2], [17, 8, 18, 9], [4, 20, 5, 19], [21, 24, 22, 1], [23, 14, 24, 15], [1, 13, 2, 12], [6, 4, 7, 3], [20, 6, 21, 5], [7, 11, 8, 10]]"
12n_0301_71,"[[7, 11, 8, 10], [9, 16, 10, 17], [11, 19, 12, 18], [13, 22, 14, 23], [15, 3, 16, 2], [17, 8, 18, 9], [4, 20, 5, 19], [21, 24, 22, 1], [23, 14, 24, 15], [1, 13, 2, 12], [6, 4, 7, 3], [20, 6, 21, 5]]"
12n_0301_72,"[[21, 7, 22, 6], [8, 12, 9, 11], [10, 17, 11, 18], [12, 20, 13, 19], [14, 23, 15, 24], [16, 4, 17, 3], [18, 9, 19, 10], [5, 21, 6, 20], [22, 1, 23, 2], [24, 15, 1, 16], [2, 14, 3, 13], [7, 5, 8, 4]]"
12n_0301_73,"[[7, 5, 8, 4], [21, 7, 22, 6], [8, 12, 9, 11], [10, 17, 11, 18], [12, 20, 13, 19], [14, 23, 15, 24], [16, 4, 17, 3], [18, 9, 19, 10], [5, 21, 6, 20], [22, 1, 23, 2], [24, 15, 1, 16], [2, 14, 3, 13]]"
12n_0301_74,"[[2, 14, 3, 13], [7, 5, 8, 4], [21, 7, 22, 6], [8, 12, 9, 11], [10, 17, 11, 18], [12, 20, 13, 19], [14, 23, 15, 24], [16, 4, 17, 3], [18, 9, 19, 10], [5, 21, 6, 20], [22, 1, 23, 2], [24, 15, 1, 16]]"
12n_0301_75,"[[24, 15, 1, 16], [2, 14, 3, 13], [7, 5, 8, 4], [21, 7, 22, 6], [8, 12, 9, 11], [10, 17, 11, 18], [12, 20, 13, 19], [14, 23, 15, 24], [16, 4, 17, 3], [18, 9, 19, 10], [5, 21, 6, 20], [22, 1, 23, 2]]"
12n_0301_76,"[[22, 1, 23, 2], [24, 15, 1, 16], [2, 14, 3, 13], [7, 5, 8, 4], [21, 7, 22, 6], [8, 12, 9, 11], [10, 17, 11, 18], [12, 20, 13, 19], [14, 23, 15, 24], [16, 4, 17, 3], [18, 9, 19, 10], [5, 21, 6, 20]]"
12n_0301_77,"[[5, 21, 6, 20], [22, 1, 23, 2], [24, 15, 1, 16], [2, 14, 3, 13], [7, 5, 8, 4], [21, 7, 22, 6], [8, 12, 9, 11], [10, 17, 11, 18], [12, 20, 13, 19], [14, 23, 15, 24], [16, 4, 17, 3], [18, 9, 19, 10]]"
12n_0301_78,"[[18, 9, 19, 10], [5, 21, 6, 20], [22, 1, 23, 2], [24, 15, 1, 16], [2, 14, 3, 13], [7, 5, 8, 4], [21, 7, 22, 6], [8, 12, 9, 11], [10, 17, 11, 18], [12, 20, 13, 19], [14, 23, 15, 24], [16, 4, 17, 3]]"
12n_0301_79,"[[16, 4, 17, 3], [18, 9, 19, 10], [5, 21, 6, 20], [22, 1, 23, 2], [24, 15, 1, 16], [2, 14, 3, 13], [7, 5, 8, 4], [21, 7, 22, 6], [8, 12, 9, 11], [10, 17, 11, 18], [12, 20, 13, 19], [14, 23, 15, 24]]"
12n_0301_80,"[[14, 23, 15, 24], [16, 4, 17, 3], [18, 9, 19, 10], [5, 21, 6, 20], [22, 1, 23, 2], [24, 15, 1, 16], [2, 14, 3, 13], [7, 5, 8, 4], [21, 7, 22, 6], [8, 12, 9, 11], [10, 17, 11, 18], [12, 20, 13, 19]]"
12n_0301_81,"[[12, 20, 13, 19], [14, 23, 15, 24], [16, 4, 17, 3], [18, 9, 19, 10], [5, 21, 6, 20], [22, 1, 23, 2], [24, 15, 1, 16], [2, 14, 3, 13], [7, 5, 8, 4], [21, 7, 22, 6], [8, 12, 9, 11], [10, 17, 11, 18]]"
12n_0301_82,"[[10, 17, 11, 18], [12, 20, 13, 19], [14, 23, 15, 24], [16, 4, 17, 3], [18, 9, 19, 10], [5, 21, 6, 20], [22, 1, 23, 2], [24, 15, 1, 16], [2, 14, 3, 13], [7, 5, 8, 4], [21, 7, 22, 6], [8, 12, 9, 11]]"
12n_0301_83,"[[8, 12, 9, 11], [10, 17, 11, 18], [12, 20, 13, 19], [14, 23, 15, 24], [16, 4, 17, 3], [18, 9, 19, 10], [5, 21, 6, 20], [22, 1, 23, 2], [24, 15, 1, 16], [2, 14, 3, 13], [7, 5, 8, 4], [21, 7, 22, 6]]"
12n_0301_84,"[[22, 8, 23, 7], [9, 13, 10, 12], [11, 18, 12, 19], [13, 21, 14, 20], [15, 24, 16, 1], [17, 5, 18, 4], [19, 10, 20, 11], [6, 22, 7, 21], [23, 2, 24, 3], [1, 16, 2, 17], [3, 15, 4, 14], [8, 6, 9, 5]]"
12n_0301_85,"[[8, 6, 9, 5], [22, 8, 23, 7], [9, 13, 10, 12], [11, 18, 12, 19], [13, 21, 14, 20], [15, 24, 16, 1], [17, 5, 18, 4], [19, 10, 20, 11], [6, 22, 7, 21], [23, 2, 24, 3], [1, 16, 2, 17], [3, 15, 4, 14]]"
12n_0301_86,"[[3, 15, 4, 14], [8, 6, 9, 5], [22, 8, 23, 7], [9, 13, 10, 12], [11, 18, 12, 19], [13, 21, 14, 20], [15, 24, 16, 1], [17, 5, 18, 4], [19, 10, 20, 11], [6, 22, 7, 21], [23, 2, 24, 3], [1, 16, 2, 17]]"
12n_0301_87,"[[1, 16, 2, 17], [3, 15, 4, 14], [8, 6, 9, 5], [22, 8, 23, 7], [9, 13, 10, 12], [11, 18, 12, 19], [13, 21, 14, 20], [15, 24, 16, 1], [17, 5, 18, 4], [19, 10, 20, 11], [6, 22, 7, 21], [23, 2, 24, 3]]"
12n_0301_88,"[[23, 2, 24, 3], [1, 16, 2, 17], [3, 15, 4, 14], [8, 6, 9, 5], [22, 8, 23, 7], [9, 13, 10, 12], [11, 18, 12, 19], [13, 21, 14, 20], [15, 24, 16, 1], [17, 5, 18, 4], [19, 10, 20, 11], [6, 22, 7, 21]]"
12n_0301_89,"[[6, 22, 7, 21], [23, 2, 24, 3], [1, 16, 2, 17], [3, 15, 4, 14], [8, 6, 9, 5], [22, 8, 23, 7], [9, 13, 10, 12], [11, 18, 12, 19], [13, 21, 14, 20], [15, 24, 16, 1], [17, 5, 18, 4], [19, 10, 20, 11]]"
12n_0301_90,"[[19, 10, 20, 11], [6, 22, 7, 21], [23, 2, 24, 3], [1, 16, 2, 17], [3, 15, 4, 14], [8, 6, 9, 5], [22, 8, 23, 7], [9, 13, 10, 12], [11, 18, 12, 19], [13, 21, 14, 20], [15, 24, 16, 1], [17, 5, 18, 4]]"
12n_0301_91,"[[17, 5, 18, 4], [19, 10, 20, 11], [6, 22, 7, 21], [23, 2, 24, 3], [1, 16, 2, 17], [3, 15, 4, 14], [8, 6, 9, 5], [22, 8, 23, 7], [9, 13, 10, 12], [11, 18, 12, 19], [13, 21, 14, 20], [15, 24, 16, 1]]"
12n_0301_92,"[[15, 24, 16, 1], [17, 5, 18, 4], [19, 10, 20, 11], [6, 22, 7, 21], [23, 2, 24, 3], [1, 16, 2, 17], [3, 15, 4, 14], [8, 6, 9, 5], [22, 8, 23, 7], [9, 13, 10, 12], [11, 18, 12, 19], [13, 21, 14, 20]]"
12n_0301_93,"[[13, 21, 14, 20], [15, 24, 16, 1], [17, 5, 18, 4], [19, 10, 20, 11], [6, 22, 7, 21], [23, 2, 24, 3], [1, 16, 2, 17], [3, 15, 4, 14], [8, 6, 9, 5], [22, 8, 23, 7], [9, 13, 10, 12], [11, 18, 12, 19]]"
12n_0301_94,"[[11, 18, 12, 19], [13, 21, 14, 20], [15, 24, 16, 1], [17, 5, 18, 4], [19, 10, 20, 11], [6, 22, 7, 21], [23, 2, 24, 3], [1, 16, 2, 17], [3, 15, 4, 14], [8, 6, 9, 5], [22, 8, 23, 7], [9, 13, 10, 12]]"
12n_0301_95,"[[9, 13, 10, 12], [11, 18, 12, 19], [13, 21, 14, 20], [15, 24, 16, 1], [17, 5, 18, 4], [19, 10, 20, 11], [6, 22, 7, 21], [23, 2, 24, 3], [1, 16, 2, 17], [3, 15, 4, 14], [8, 6, 9, 5], [22, 8, 23, 7]]"
12n_0301_96,"[[23, 9, 24, 8], [10, 14, 11, 13], [12, 19, 13, 20], [14, 22, 15, 21], [16, 1, 17, 2], [18, 6, 19, 5], [20, 11, 21, 12], [7, 23, 8, 22], [24, 3, 1, 4], [2, 17, 3, 18], [4, 16, 5, 15], [9, 7, 10, 6]]"
12n_0301_97,"[[9, 7, 10, 6], [23, 9, 24, 8], [10, 14, 11, 13], [12, 19, 13, 20], [14, 22, 15, 21], [16, 1, 17, 2], [18, 6, 19, 5], [20, 11, 21, 12], [7, 23, 8, 22], [24, 3, 1, 4], [2, 17, 3, 18], [4, 16, 5, 15]]"
12n_0301_98,"[[4, 16, 5, 15], [9, 7, 10, 6], [23, 9, 24, 8], [10, 14, 11, 13], [12, 19, 13, 20], [14, 22, 15, 21], [16, 1, 17, 2], [18, 6, 19, 5], [20, 11, 21, 12], [7, 23, 8, 22], [24, 3, 1, 4], [2, 17, 3, 18]]"
12n_0301_99,"[[2, 17, 3, 18], [4, 16, 5, 15], [9, 7, 10, 6], [23, 9, 24, 8], [10, 14, 11, 13], [12, 19, 13, 20], [14, 22, 15, 21], [16, 1, 17, 2], [18, 6, 19, 5], [20, 11, 21, 12], [7, 23, 8, 22], [24, 3, 1, 4]]"
12n_0301_100,"[[24, 3, 1, 4], [2, 17, 3, 18], [4, 16, 5, 15], [9, 7, 10, 6], [23, 9, 24, 8], [10, 14, 11, 13], [12, 19, 13, 20], [14, 22, 15, 21], [16, 1, 17, 2], [18, 6, 19, 5], [20, 11, 21, 12], [7, 23, 8, 22]]"
12n_0301_101,"[[7, 23, 8, 22], [24, 3, 1, 4], [2, 17, 3, 18], [4, 16, 5, 15], [9, 7, 10, 6], [23, 9, 24, 8], [10, 14, 11, 13], [12, 19, 13, 20], [14, 22, 15, 21], [16, 1, 17, 2], [18, 6, 19, 5], [20, 11, 21, 12]]"
12n_0301_102,"[[20, 11, 21, 12], [7, 23, 8, 22], [24, 3, 1, 4], [2, 17, 3, 18], [4, 16, 5, 15], [9, 7, 10, 6], [23, 9, 24, 8], [10, 14, 11, 13], [12, 19, 13, 20], [14, 22, 15, 21], [16, 1, 17, 2], [18, 6, 19, 5]]"
12n_0301_103,"[[18, 6, 19, 5], [20, 11, 21, 12], [7, 23, 8, 22], [24, 3, 1, 4], [2, 17, 3, 18], [4, 16, 5, 15], [9, 7, 10, 6], [23, 9, 24, 8], [10, 14, 11, 13], [12, 19, 13, 20], [14, 22, 15, 21], [16, 1, 17, 2]]"
12n_0301_104,"[[16, 1, 17, 2], [18, 6, 19, 5], [20, 11, 21, 12], [7, 23, 8, 22], [24, 3, 1, 4], [2, 17, 3, 18], [4, 16, 5, 15], [9, 7, 10, 6], [23, 9, 24, 8], [10, 14, 11, 13], [12, 19, 13, 20], [14, 22, 15, 21]]"
12n_0301_105,"[[14, 22, 15, 21], [16, 1, 17, 2], [18, 6, 19, 5], [20, 11, 21, 12], [7, 23, 8, 22], [24, 3, 1, 4], [2, 17, 3, 18], [4, 16, 5, 15], [9, 7, 10, 6], [23, 9, 24, 8], [10, 14, 11, 13], [12, 19, 13, 20]]"
12n_0301_106,"[[12, 19, 13, 20], [14, 22, 15, 21], [16, 1, 17, 2], [18, 6, 19, 5], [20, 11, 21, 12], [7, 23, 8, 22], [24, 3, 1, 4], [2, 17, 3, 18], [4, 16, 5, 15], [9, 7, 10, 6], [23, 9, 24, 8], [10, 14, 11, 13]]"
12n_0301_107,"[[10, 14, 11, 13], [12, 19, 13, 20], [14, 22, 15, 21], [16, 1, 17, 2], [18, 6, 19, 5], [20, 11, 21, 12], [7, 23, 8, 22], [24, 3, 1, 4], [2, 17, 3, 18], [4, 16, 5, 15], [9, 7, 10, 6], [23, 9, 24, 8]]"
12n_0301_108,"[[24, 10, 1, 9], [11, 15, 12, 14], [13, 20, 14, 21], [15, 23, 16, 22], [17, 2, 18, 3], [19, 7, 20, 6], [21, 12, 22, 13], [8, 24, 9, 23], [1, 4, 2, 5], [3, 18, 4, 19], [5, 17, 6, 16], [10, 8, 11, 7]]"
12n_0301_109,"[[10, 8, 11, 7], [24, 10, 1, 9], [11, 15, 12, 14], [13, 20, 14, 21], [15, 23, 16, 22], [17, 2, 18, 3], [19, 7, 20, 6], [21, 12, 22, 13], [8, 24, 9, 23], [1, 4, 2, 5], [3, 18, 4, 19], [5, 17, 6, 16]]"
12n_0301_110,"[[5, 17, 6, 16], [10, 8, 11, 7], [24, 10, 1, 9], [11, 15, 12, 14], [13, 20, 14, 21], [15, 23, 16, 22], [17, 2, 18, 3], [19, 7, 20, 6], [21, 12, 22, 13], [8, 24, 9, 23], [1, 4, 2, 5], [3, 18, 4, 19]]"
12n_0301_111,"[[3, 18, 4, 19], [5, 17, 6, 16], [10, 8, 11, 7], [24, 10, 1, 9], [11, 15, 12, 14], [13, 20, 14, 21], [15, 23, 16, 22], [17, 2, 18, 3], [19, 7, 20, 6], [21, 12, 22, 13], [8, 24, 9, 23], [1, 4, 2, 5]]"
12n_0301_112,"[[1, 4, 2, 5], [3, 18, 4, 19], [5, 17, 6, 16], [10, 8, 11, 7], [24, 10, 1, 9], [11, 15, 12, 14], [13, 20, 14, 21], [15, 23, 16, 22], [17, 2, 18, 3], [19, 7, 20, 6], [21, 12, 22, 13], [8, 24, 9, 23]]"
12n_0301_113,"[[8, 24, 9, 23], [1, 4, 2, 5], [3, 18, 4, 19], [5, 17, 6, 16], [10, 8, 11, 7], [24, 10, 1, 9], [11, 15, 12, 14], [13, 20, 14, 21], [15, 23, 16, 22], [17, 2, 18, 3], [19, 7, 20, 6], [21, 12, 22, 13]]"
12n_0301_114,"[[21, 12, 22, 13], [8, 24, 9, 23], [1, 4, 2, 5], [3, 18, 4, 19], [5, 17, 6, 16], [10, 8, 11, 7], [24, 10, 1, 9], [11, 15, 12, 14], [13, 20, 14, 21], [15, 23, 16, 22], [17, 2, 18, 3], [19, 7, 20, 6]]"
12n_0301_115,"[[19, 7, 20, 6], [21, 12, 22, 13], [8, 24, 9, 23], [1, 4, 2, 5], [3, 18, 4, 19], [5, 17, 6, 16], [10, 8, 11, 7], [24, 10, 1, 9], [11, 15, 12, 14], [13, 20, 14, 21], [15, 23, 16, 22], [17, 2, 18, 3]]"
12n_0301_116,"[[17, 2, 18, 3], [19, 7, 20, 6], [21, 12, 22, 13], [8, 24, 9, 23], [1, 4, 2, 5], [3, 18, 4, 19], [5, 17, 6, 16], [10, 8, 11, 7], [24, 10, 1, 9], [11, 15, 12, 14], [13, 20, 14, 21], [15, 23, 16, 22]]"
12n_0301_117,"[[15, 23, 16, 22], [17, 2, 18, 3], [19, 7, 20, 6], [21, 12, 22, 13], [8, 24, 9, 23], [1, 4, 2, 5], [3, 18, 4, 19], [5, 17, 6, 16], [10, 8, 11, 7], [24, 10, 1, 9], [11, 15, 12, 14], [13, 20, 14, 21]]"
12n_0301_118,"[[13, 20, 14, 21], [15, 23, 16, 22], [17, 2, 18, 3], [19, 7, 20, 6], [21, 12, 22, 13], [8, 24, 9, 23], [1, 4, 2, 5], [3, 18, 4, 19], [5, 17, 6, 16], [10, 8, 11, 7], [24, 10, 1, 9], [11, 15, 12, 14]]"
12n_0301_119,"[[11, 15, 12, 14], [13, 20, 14, 21], [15, 23, 16, 22], [17, 2, 18, 3], [19, 7, 20, 6], [21, 12, 22, 13], [8, 24, 9, 23], [1, 4, 2, 5], [3, 18, 4, 19], [5, 17, 6, 16], [10, 8, 11, 7], [24, 10, 1, 9]]"
12n_0301_120,"[[1, 11, 2, 10], [12, 16, 13, 15], [14, 21, 15, 22], [16, 24, 17, 23], [18, 3, 19, 4], [20, 8, 21, 7], [22, 13, 23, 14], [9, 1, 10, 24], [2, 5, 3, 6], [4, 19, 5, 20], [6, 18, 7, 17], [11, 9, 12, 8]]"
12n_0301_121,"[[11, 9, 12, 8], [1, 11, 2, 10], [12, 16, 13, 15], [14, 21, 15, 22], [16, 24, 17, 23], [18, 3, 19, 4], [20, 8, 21, 7], [22, 13, 23, 14], [9, 1, 10, 24], [2, 5, 3, 6], [4, 19, 5, 20], [6, 18, 7, 17]]"
12n_0301_122,"[[6, 18, 7, 17], [11, 9, 12, 8], [1, 11, 2, 10], [12, 16, 13, 15], [14, 21, 15, 22], [16, 24, 17, 23], [18, 3, 19, 4], [20, 8, 21, 7], [22, 13, 23, 14], [9, 1, 10, 24], [2, 5, 3, 6], [4, 19, 5, 20]]"
12n_0301_123,"[[4, 19, 5, 20], [6, 18, 7, 17], [11, 9, 12, 8], [1, 11, 2, 10], [12, 16, 13, 15], [14, 21, 15, 22], [16, 24, 17, 23], [18, 3, 19, 4], [20, 8, 21, 7], [22, 13, 23, 14], [9, 1, 10, 24], [2, 5, 3, 6]]"
12n_0301_124,"[[2, 5, 3, 6], [4, 19, 5, 20], [6, 18, 7, 17], [11, 9, 12, 8], [1, 11, 2, 10], [12, 16, 13, 15], [14, 21, 15, 22], [16, 24, 17, 23], [18, 3, 19, 4], [20, 8, 21, 7], [22, 13, 23, 14], [9, 1, 10, 24]]"
12n_0301_125,"[[9, 1, 10, 24], [2, 5, 3, 6], [4, 19, 5, 20], [6, 18, 7, 17], [11, 9, 12, 8], [1, 11, 2, 10], [12, 16, 13, 15], [14, 21, 15, 22], [16, 24, 17, 23], [18, 3, 19, 4], [20, 8, 21, 7], [22, 13, 23, 14]]"
12n_0301_126,"[[22, 13, 23, 14], [9, 1, 10, 24], [2, 5, 3, 6], [4, 19, 5, 20], [6, 18, 7, 17], [11, 9, 12, 8], [1, 11, 2, 10], [12, 16, 13, 15], [14, 21, 15, 22], [16, 24, 17, 23], [18, 3, 19, 4], [20, 8, 21, 7]]"
12n_0301_127,"[[20, 8, 21, 7], [22, 13, 23, 14], [9, 1, 10, 24], [2, 5, 3, 6], [4, 19, 5, 20], [6, 18, 7, 17], [11, 9, 12, 8], [1, 11, 2, 10], [12, 16, 13, 15], [14, 21, 15, 22], [16, 24, 17, 23], [18, 3, 19, 4]]"
12n_0301_128,"[[18, 3, 19, 4], [20, 8, 21, 7], [22, 13, 23, 14], [9, 1, 10, 24], [2, 5, 3, 6], [4, 19, 5, 20], [6, 18, 7, 17], [11, 9, 12, 8], [1, 11, 2, 10], [12, 16, 13, 15], [14, 21, 15, 22], [16, 24, 17, 23]]"
12n_0301_129,"[[16, 24, 17, 23], [18, 3, 19, 4], [20, 8, 21, 7], [22, 13, 23, 14], [9, 1, 10, 24], [2, 5, 3, 6], [4, 19, 5, 20], [6, 18, 7, 17], [11, 9, 12, 8], [1, 11, 2, 10], [12, 16, 13, 15], [14, 21, 15, 22]]"
12n_0301_130,"[[14, 21, 15, 22], [16, 24, 17, 23], [18, 3, 19, 4], [20, 8, 21, 7], [22, 13, 23, 14], [9, 1, 10, 24], [2, 5, 3, 6], [4, 19, 5, 20], [6, 18, 7, 17], [11, 9, 12, 8], [1, 11, 2, 10], [12, 16, 13, 15]]"
12n_0301_131,"[[12, 16, 13, 15], [14, 21, 15, 22], [16, 24, 17, 23], [18, 3, 19, 4], [20, 8, 21, 7], [22, 13, 23, 14], [9, 1, 10, 24], [2, 5, 3, 6], [4, 19, 5, 20], [6, 18, 7, 17], [11, 9, 12, 8], [1, 11, 2, 10]]"
12n_0301_132,"[[2, 12, 3, 11], [13, 17, 14, 16], [15, 22, 16, 23], [17, 1, 18, 24], [19, 4, 20, 5], [21, 9, 22, 8], [23, 14, 24, 15], [10, 2, 11, 1], [3, 6, 4, 7], [5, 20, 6, 21], [7, 19, 8, 18], [12, 10, 13, 9]]"
12n_0301_133,"[[12, 10, 13, 9], [2, 12, 3, 11], [13, 17, 14, 16], [15, 22, 16, 23], [17, 1, 18, 24], [19, 4, 20, 5], [21, 9, 22, 8], [23, 14, 24, 15], [10, 2, 11, 1], [3, 6, 4, 7], [5, 20, 6, 21], [7, 19, 8, 18]]"
12n_0301_134,"[[7, 19, 8, 18], [12, 10, 13, 9], [2, 12, 3, 11], [13, 17, 14, 16], [15, 22, 16, 23], [17, 1, 18, 24], [19, 4, 20, 5], [21, 9, 22, 8], [23, 14, 24, 15], [10, 2, 11, 1], [3, 6, 4, 7], [5, 20, 6, 21]]"
12n_0301_135,"[[5, 20, 6, 21], [7, 19, 8, 18], [12, 10, 13, 9], [2, 12, 3, 11], [13, 17, 14, 16], [15, 22, 16, 23], [17, 1, 18, 24], [19, 4, 20, 5], [21, 9, 22, 8], [23, 14, 24, 15], [10, 2, 11, 1], [3, 6, 4, 7]]"
12n_0301_136,"[[3, 6, 4, 7], [5, 20, 6, 21], [7, 19, 8, 18], [12, 10, 13, 9], [2, 12, 3, 11], [13, 17, 14, 16], [15, 22, 16, 23], [17, 1, 18, 24], [19, 4, 20, 5], [21, 9, 22, 8], [23, 14, 24, 15], [10, 2, 11, 1]]"
12n_0301_137,"[[10, 2, 11, 1], [3, 6, 4, 7], [5, 20, 6, 21], [7, 19, 8, 18], [12, 10, 13, 9], [2, 12, 3, 11], [13, 17, 14, 16], [15, 22, 16, 23], [17, 1, 18, 24], [19, 4, 20, 5], [21, 9, 22, 8], [23, 14, 24, 15]]"
12n_0301_138,"[[23, 14, 24, 15], [10, 2, 11, 1], [3, 6, 4, 7], [5, 20, 6, 21], [7, 19, 8, 18], [12, 10, 13, 9], [2, 12, 3, 11], [13, 17, 14, 16], [15, 22, 16, 23], [17, 1, 18, 24], [19, 4, 20, 5], [21, 9, 22, 8]]"
12n_0301_139,"[[21, 9, 22, 8], [23, 14, 24, 15], [10, 2, 11, 1], [3, 6, 4, 7], [5, 20, 6, 21], [7, 19, 8, 18], [12, 10, 13, 9], [2, 12, 3, 11], [13, 17, 14, 16], [15, 22, 16, 23], [17, 1, 18, 24], [19, 4, 20, 5]]"
12n_0301_140,"[[19, 4, 20, 5], [21, 9, 22, 8], [23, 14, 24, 15], [10, 2, 11, 1], [3, 6, 4, 7], [5, 20, 6, 21], [7, 19, 8, 18], [12, 10, 13, 9], [2, 12, 3, 11], [13, 17, 14, 16], [15, 22, 16, 23], [17, 1, 18, 24]]"
12n_0301_141,"[[17, 1, 18, 24], [19, 4, 20, 5], [21, 9, 22, 8], [23, 14, 24, 15], [10, 2, 11, 1], [3, 6, 4, 7], [5, 20, 6, 21], [7, 19, 8, 18], [12, 10, 13, 9], [2, 12, 3, 11], [13, 17, 14, 16], [15, 22, 16, 23]]"
12n_0301_142,"[[15, 22, 16, 23], [17, 1, 18, 24], [19, 4, 20, 5], [21, 9, 22, 8], [23, 14, 24, 15], [10, 2, 11, 1], [3, 6, 4, 7], [5, 20, 6, 21], [7, 19, 8, 18], [12, 10, 13, 9], [2, 12, 3, 11], [13, 17, 14, 16]]"
12n_0301_143,"[[13, 17, 14, 16], [15, 22, 16, 23], [17, 1, 18, 24], [19, 4, 20, 5], [21, 9, 22, 8], [23, 14, 24, 15], [10, 2, 11, 1], [3, 6, 4, 7], [5, 20, 6, 21], [7, 19, 8, 18], [12, 10, 13, 9], [2, 12, 3, 11]]"
12n_0301_144,"[[3, 13, 4, 12], [14, 18, 15, 17], [16, 23, 17, 24], [18, 2, 19, 1], [20, 5, 21, 6], [22, 10, 23, 9], [24, 15, 1, 16], [11, 3, 12, 2], [4, 7, 5, 8], [6, 21, 7, 22], [8, 20, 9, 19], [13, 11, 14, 10]]"
12n_0301_145,"[[13, 11, 14, 10], [3, 13, 4, 12], [14, 18, 15, 17], [16, 23, 17, 24], [18, 2, 19, 1], [20, 5, 21, 6], [22, 10, 23, 9], [24, 15, 1, 16], [11, 3, 12, 2], [4, 7, 5, 8], [6, 21, 7, 22], [8, 20, 9, 19]]"
12n_0301_146,"[[8, 20, 9, 19], [13, 11, 14, 10], [3, 13, 4, 12], [14, 18, 15, 17], [16, 23, 17, 24], [18, 2, 19, 1], [20, 5, 21, 6], [22, 10, 23, 9], [24, 15, 1, 16], [11, 3, 12, 2], [4, 7, 5, 8], [6, 21, 7, 22]]"
12n_0301_147,"[[6, 21, 7, 22], [8, 20, 9, 19], [13, 11, 14, 10], [3, 13, 4, 12], [14, 18, 15, 17], [16, 23, 17, 24], [18, 2, 19, 1], [20, 5, 21, 6], [22, 10, 23, 9], [24, 15, 1, 16], [11, 3, 12, 2], [4, 7, 5, 8]]"
12n_0301_148,"[[4, 7, 5, 8], [6, 21, 7, 22], [8, 20, 9, 19], [13, 11, 14, 10], [3, 13, 4, 12], [14, 18, 15, 17], [16, 23, 17, 24], [18, 2, 19, 1], [20, 5, 21, 6], [22, 10, 23, 9], [24, 15, 1, 16], [11, 3, 12, 2]]"
12n_0301_149,"[[11, 3, 12, 2], [4, 7, 5, 8], [6, 21, 7, 22], [8, 20, 9, 19], [13, 11, 14, 10], [3, 13, 4, 12], [14, 18, 15, 17], [16, 23, 17, 24], [18, 2, 19, 1], [20, 5, 21, 6], [22, 10, 23, 9], [24, 15, 1, 16]]"
12n_0301_150,"[[24, 15, 1, 16], [11, 3, 12, 2], [4, 7, 5, 8], [6, 21, 7, 22], [8, 20, 9, 19], [13, 11, 14, 10], [3, 13, 4, 12], [14, 18, 15, 17], [16, 23, 17, 24], [18, 2, 19, 1], [20, 5, 21, 6], [22, 10, 23, 9]]"
12n_0301_151,"[[22, 10, 23, 9], [24, 15, 1, 16], [11, 3, 12, 2], [4, 7, 5, 8], [6, 21, 7, 22], [8, 20, 9, 19], [13, 11, 14, 10], [3, 13, 4, 12], [14, 18, 15, 17], [16, 23, 17, 24], [18, 2, 19, 1], [20, 5, 21, 6]]"
12n_0301_152,"[[20, 5, 21, 6], [22, 10, 23, 9], [24, 15, 1, 16], [11, 3, 12, 2], [4, 7, 5, 8], [6, 21, 7, 22], [8, 20, 9, 19], [13, 11, 14, 10], [3, 13, 4, 12], [14, 18, 15, 17], [16, 23, 17, 24], [18, 2, 19, 1]]"
12n_0301_153,"[[18, 2, 19, 1], [20, 5, 21, 6], [22, 10, 23, 9], [24, 15, 1, 16], [11, 3, 12, 2], [4, 7, 5, 8], [6, 21, 7, 22], [8, 20, 9, 19], [13, 11, 14, 10], [3, 13, 4, 12], [14, 18, 15, 17], [16, 23, 17, 24]]"
12n_0301_154,"[[16, 23, 17, 24], [18, 2, 19, 1], [20, 5, 21, 6], [22, 10, 23, 9], [24, 15, 1, 16], [11, 3, 12, 2], [4, 7, 5, 8], [6, 21, 7, 22], [8, 20, 9, 19], [13, 11, 14, 10], [3, 13, 4, 12], [14, 18, 15, 17]]"
12n_0301_155,"[[14, 18, 15, 17], [16, 23, 17, 24], [18, 2, 19, 1], [20, 5, 21, 6], [22, 10, 23, 9], [24, 15, 1, 16], [11, 3, 12, 2], [4, 7, 5, 8], [6, 21, 7, 22], [8, 20, 9, 19], [13, 11, 14, 10], [3, 13, 4, 12]]"
12n_0301_156,"[[4, 14, 5, 13], [15, 19, 16, 18], [17, 24, 18, 1], [19, 3, 20, 2], [21, 6, 22, 7], [23, 11, 24, 10], [1, 16, 2, 17], [12, 4, 13, 3], [5, 8, 6, 9], [7, 22, 8, 23], [9, 21, 10, 20], [14, 12, 15, 11]]"
12n_0301_157,"[[14, 12, 15, 11], [4, 14, 5, 13], [15, 19, 16, 18], [17, 24, 18, 1], [19, 3, 20, 2], [21, 6, 22, 7], [23, 11, 24, 10], [1, 16, 2, 17], [12, 4, 13, 3], [5, 8, 6, 9], [7, 22, 8, 23], [9, 21, 10, 20]]"
12n_0301_158,"[[9, 21, 10, 20], [14, 12, 15, 11], [4, 14, 5, 13], [15, 19, 16, 18], [17, 24, 18, 1], [19, 3, 20, 2], [21, 6, 22, 7], [23, 11, 24, 10], [1, 16, 2, 17], [12, 4, 13, 3], [5, 8, 6, 9], [7, 22, 8, 23]]"
12n_0301_159,"[[7, 22, 8, 23], [9, 21, 10, 20], [14, 12, 15, 11], [4, 14, 5, 13], [15, 19, 16, 18], [17, 24, 18, 1], [19, 3, 20, 2], [21, 6, 22, 7], [23, 11, 24, 10], [1, 16, 2, 17], [12, 4, 13, 3], [5, 8, 6, 9]]"
12n_0301_160,"[[5, 8, 6, 9], [7, 22, 8, 23], [9, 21, 10, 20], [14, 12, 15, 11], [4, 14, 5, 13], [15, 19, 16, 18], [17, 24, 18, 1], [19, 3, 20, 2], [21, 6, 22, 7], [23, 11, 24, 10], [1, 16, 2, 17], [12, 4, 13, 3]]"
12n_0301_161,"[[12, 4, 13, 3], [5, 8, 6, 9], [7, 22, 8, 23], [9, 21, 10, 20], [14, 12, 15, 11], [4, 14, 5, 13], [15, 19, 16, 18], [17, 24, 18, 1], [19, 3, 20, 2], [21, 6, 22, 7], [23, 11, 24, 10], [1, 16, 2, 17]]"
12n_0301_162,"[[1, 16, 2, 17], [12, 4, 13, 3], [5, 8, 6, 9], [7, 22, 8, 23], [9, 21, 10, 20], [14, 12, 15, 11], [4, 14, 5, 13], [15, 19, 16, 18], [17, 24, 18, 1], [19, 3, 20, 2], [21, 6, 22, 7], [23, 11, 24, 10]]"
12n_0301_163,"[[23, 11, 24, 10], [1, 16, 2, 17], [12, 4, 13, 3], [5, 8, 6, 9], [7, 22, 8, 23], [9, 21, 10, 20], [14, 12, 15, 11], [4, 14, 5, 13], [15, 19, 16, 18], [17, 24, 18, 1], [19, 3, 20, 2], [21, 6, 22, 7]]"
12n_0301_164,"[[21, 6, 22, 7], [23, 11, 24, 10], [1, 16, 2, 17], [12, 4, 13, 3], [5, 8, 6, 9], [7, 22, 8, 23], [9, 21, 10, 20], [14, 12, 15, 11], [4, 14, 5, 13], [15, 19, 16, 18], [17, 24, 18, 1], [19, 3, 20, 2]]"
12n_0301_165,"[[19, 3, 20, 2], [21, 6, 22, 7], [23, 11, 24, 10], [1, 16, 2, 17], [12, 4, 13, 3], [5, 8, 6, 9], [7, 22, 8, 23], [9, 21, 10, 20], [14, 12, 15, 11], [4, 14, 5, 13], [15, 19, 16, 18], [17, 24, 18, 1]]"
12n_0301_166,"[[17, 24, 18, 1], [19, 3, 20, 2], [21, 6, 22, 7], [23, 11, 24, 10], [1, 16, 2, 17], [12, 4, 13, 3], [5, 8, 6, 9], [7, 22, 8, 23], [9, 21, 10, 20], [14, 12, 15, 11], [4, 14, 5, 13], [15, 19, 16, 18]]"
12n_0301_167,"[[15, 19, 16, 18], [17, 24, 18, 1], [19, 3, 20, 2], [21, 6, 22, 7], [23, 11, 24, 10], [1, 16, 2, 17], [12, 4, 13, 3], [5, 8, 6, 9], [7, 22, 8, 23], [9, 21, 10, 20], [14, 12, 15, 11], [4, 14, 5, 13]]"
12n_0301_168,"[[5, 15, 6, 14], [16, 20, 17, 19], [18, 1, 19, 2], [20, 4, 21, 3], [22, 7, 23, 8], [24, 12, 1, 11], [2, 17, 3, 18], [13, 5, 14, 4], [6, 9, 7, 10], [8, 23, 9, 24], [10, 22, 11, 21], [15, 13, 16, 12]]"
12n_0301_169,"[[15, 13, 16, 12], [5, 15, 6, 14], [16, 20, 17, 19], [18, 1, 19, 2], [20, 4, 21, 3], [22, 7, 23, 8], [24, 12, 1, 11], [2, 17, 3, 18], [13, 5, 14, 4], [6, 9, 7, 10], [8, 23, 9, 24], [10, 22, 11, 21]]"
12n_0301_170,"[[10, 22, 11, 21], [15, 13, 16, 12], [5, 15, 6, 14], [16, 20, 17, 19], [18, 1, 19, 2], [20, 4, 21, 3], [22, 7, 23, 8], [24, 12, 1, 11], [2, 17, 3, 18], [13, 5, 14, 4], [6, 9, 7, 10], [8, 23, 9, 24]]"
12n_0301_171,"[[8, 23, 9, 24], [10, 22, 11, 21], [15, 13, 16, 12], [5, 15, 6, 14], [16, 20, 17, 19], [18, 1, 19, 2], [20, 4, 21, 3], [22, 7, 23, 8], [24, 12, 1, 11], [2, 17, 3, 18], [13, 5, 14, 4], [6, 9, 7, 10]]"
12n_0301_172,"[[6, 9, 7, 10], [8, 23, 9, 24], [10, 22, 11, 21], [15, 13, 16, 12], [5, 15, 6, 14], [16, 20, 17, 19], [18, 1, 19, 2], [20, 4, 21, 3], [22, 7, 23, 8], [24, 12, 1, 11], [2, 17, 3, 18], [13, 5, 14, 4]]"
12n_0301_173,"[[13, 5, 14, 4], [6, 9, 7, 10], [8, 23, 9, 24], [10, 22, 11, 21], [15, 13, 16, 12], [5, 15, 6, 14], [16, 20, 17, 19], [18, 1, 19, 2], [20, 4, 21, 3], [22, 7, 23, 8], [24, 12, 1, 11], [2, 17, 3, 18]]"
12n_0301_174,"[[2, 17, 3, 18], [13, 5, 14, 4], [6, 9, 7, 10], [8, 23, 9, 24], [10, 22, 11, 21], [15, 13, 16, 12], [5, 15, 6, 14], [16, 20, 17, 19], [18, 1, 19, 2], [20, 4, 21, 3], [22, 7, 23, 8], [24, 12, 1, 11]]"
12n_0301_175,"[[24, 12, 1, 11], [2, 17, 3, 18], [13, 5, 14, 4], [6, 9, 7, 10], [8, 23, 9, 24], [10, 22, 11, 21], [15, 13, 16, 12], [5, 15, 6, 14], [16, 20, 17, 19], [18, 1, 19, 2], [20, 4, 21, 3], [22, 7, 23, 8]]"
12n_0301_176,"[[22, 7, 23, 8], [24, 12, 1, 11], [2, 17, 3, 18], [13, 5, 14, 4], [6, 9, 7, 10], [8, 23, 9, 24], [10, 22, 11, 21], [15, 13, 16, 12], [5, 15, 6, 14], [16, 20, 17, 19], [18, 1, 19, 2], [20, 4, 21, 3]]"
12n_0301_177,"[[20, 4, 21, 3], [22, 7, 23, 8], [24, 12, 1, 11], [2, 17, 3, 18], [13, 5, 14, 4], [6, 9, 7, 10], [8, 23, 9, 24], [10, 22, 11, 21], [15, 13, 16, 12], [5, 15, 6, 14], [16, 20, 17, 19], [18, 1, 19, 2]]"
12n_0301_178,"[[18, 1, 19, 2], [20, 4, 21, 3], [22, 7, 23, 8], [24, 12, 1, 11], [2, 17, 3, 18], [13, 5, 14, 4], [6, 9, 7, 10], [8, 23, 9, 24], [10, 22, 11, 21], [15, 13, 16, 12], [5, 15, 6, 14], [16, 20, 17, 19]]"
12n_0301_179,"[[16, 20, 17, 19], [18, 1, 19, 2], [20, 4, 21, 3], [22, 7, 23, 8], [24, 12, 1, 11], [2, 17, 3, 18], [13, 5, 14, 4], [6, 9, 7, 10], [8, 23, 9, 24], [10, 22, 11, 21], [15, 13, 16, 12], [5, 15, 6, 14]]"
12n_0301_180,"[[6, 16, 7, 15], [17, 21, 18, 20], [19, 2, 20, 3], [21, 5, 22, 4], [23, 8, 24, 9], [1, 13, 2, 12], [3, 18, 4, 19], [14, 6, 15, 5], [7, 10, 8, 11], [9, 24, 10, 1], [11, 23, 12, 22], [16, 14, 17, 13]]"
12n_0301_181,"[[16, 14, 17, 13], [6, 16, 7, 15], [17, 21, 18, 20], [19, 2, 20, 3], [21, 5, 22, 4], [23, 8, 24, 9], [1, 13, 2, 12], [3, 18, 4, 19], [14, 6, 15, 5], [7, 10, 8, 11], [9, 24, 10, 1], [11, 23, 12, 22]]"
12n_0301_182,"[[11, 23, 12, 22], [16, 14, 17, 13], [6, 16, 7, 15], [17, 21, 18, 20], [19, 2, 20, 3], [21, 5, 22, 4], [23, 8, 24, 9], [1, 13, 2, 12], [3, 18, 4, 19], [14, 6, 15, 5], [7, 10, 8, 11], [9, 24, 10, 1]]"
12n_0301_183,"[[9, 24, 10, 1], [11, 23, 12, 22], [16, 14, 17, 13], [6, 16, 7, 15], [17, 21, 18, 20], [19, 2, 20, 3], [21, 5, 22, 4], [23, 8, 24, 9], [1, 13, 2, 12], [3, 18, 4, 19], [14, 6, 15, 5], [7, 10, 8, 11]]"
12n_0301_184,"[[7, 10, 8, 11], [9, 24, 10, 1], [11, 23, 12, 22], [16, 14, 17, 13], [6, 16, 7, 15], [17, 21, 18, 20], [19, 2, 20, 3], [21, 5, 22, 4], [23, 8, 24, 9], [1, 13, 2, 12], [3, 18, 4, 19], [14, 6, 15, 5]]"
12n_0301_185,"[[14, 6, 15, 5], [7, 10, 8, 11], [9, 24, 10, 1], [11, 23, 12, 22], [16, 14, 17, 13], [6, 16, 7, 15], [17, 21, 18, 20], [19, 2, 20, 3], [21, 5, 22, 4], [23, 8, 24, 9], [1, 13, 2, 12], [3, 18, 4, 19]]"
