name,pd_notation
12n_0358_0,"[[7, 1, 8, 24], [2, 6, 3, 5], [4, 11, 5, 12], [15, 6, 16, 7], [8, 17, 9, 18], [10, 22, 11, 21], [12, 3, 13, 4], [19, 14, 20, 15], [1, 16, 2, 17], [18, 23, 19, 24], [13, 20, 14, 21], [22, 10, 23, 9]]"
12n_0358_1,"[[22, 10, 23, 9], [7, 1, 8, 24], [2, 6, 3, 5], [4, 11, 5, 12], [15, 6, 16, 7], [8, 17, 9, 18], [10, 22, 11, 21], [12, 3, 13, 4], [19, 14, 20, 15], [1, 16, 2, 17], [18, 23, 19, 24], [13, 20, 14, 21]]"
12n_0358_2,"[[13, 20, 14, 21], [22, 10, 23, 9], [7, 1, 8, 24], [2, 6, 3, 5], [4, 11, 5, 12], [15, 6, 16, 7], [8, 17, 9, 18], [10, 22, 11, 21], [12, 3, 13, 4], [19, 14, 20, 15], [1, 16, 2, 17], [18, 23, 19, 24]]"
12n_0358_3,"[[18, 23, 19, 24], [13, 20, 14, 21], [22, 10, 23, 9], [7, 1, 8, 24], [2, 6, 3, 5], [4, 11, 5, 12], [15, 6, 16, 7], [8, 17, 9, 18], [10, 22, 11, 21], [12, 3, 13, 4], [19, 14, 20, 15], [1, 16, 2, 17]]"
12n_0358_4,"[[1, 16, 2, 17], [18, 23, 19, 24], [13, 20, 14, 21], [22, 10, 23, 9], [7, 1, 8, 24], [2, 6, 3, 5], [4, 11, 5, 12], [15, 6, 16, 7], [8, 17, 9, 18], [10, 22, 11, 21], [12, 3, 13, 4], [19, 14, 20, 15]]"
12n_0358_5,"[[19, 14, 20, 15], [1, 16, 2, 17], [18, 23, 19, 24], [13, 20, 14, 21], [22, 10, 23, 9], [7, 1, 8, 24], [2, 6, 3, 5], [4, 11, 5, 12], [15, 6, 16, 7], [8, 17, 9, 18], [10, 22, 11, 21], [12, 3, 13, 4]]"
12n_0358_6,"[[12, 3, 13, 4], [19, 14, 20, 15], [1, 16, 2, 17], [18, 23, 19, 24], [13, 20, 14, 21], [22, 10, 23, 9], [7, 1, 8, 24], [2, 6, 3, 5], [4, 11, 5, 12], [15, 6, 16, 7], [8, 17, 9, 18], [10, 22, 11, 21]]"
12n_0358_7,"[[10, 22, 11, 21], [12, 3, 13, 4], [19, 14, 20, 15], [1, 16, 2, 17], [18, 23, 19, 24], [13, 20, 14, 21], [22, 10, 23, 9], [7, 1, 8, 24], [2, 6, 3, 5], [4, 11, 5, 12], [15, 6, 16, 7], [8, 17, 9, 18]]"
12n_0358_8,"[[8, 17, 9, 18], [10, 22, 11, 21], [12, 3, 13, 4], [19, 14, 20, 15], [1, 16, 2, 17], [18, 23, 19, 24], [13, 20, 14, 21], [22, 10, 23, 9], [7, 1, 8, 24], [2, 6, 3, 5], [4, 11, 5, 12], [15, 6, 16, 7]]"
12n_0358_9,"[[15, 6, 16, 7], [8, 17, 9, 18], [10, 22, 11, 21], [12, 3, 13, 4], [19, 14, 20, 15], [1, 16, 2, 17], [18, 23, 19, 24], [13, 20, 14, 21], [22, 10, 23, 9], [7, 1, 8, 24], [2, 6, 3, 5], [4, 11, 5, 12]]"
12n_0358_10,"[[4, 11, 5, 12], [15, 6, 16, 7], [8, 17, 9, 18], [10, 22, 11, 21], [12, 3, 13, 4], [19, 14, 20, 15], [1, 16, 2, 17], [18, 23, 19, 24], [13, 20, 14, 21], [22, 10, 23, 9], [7, 1, 8, 24], [2, 6, 3, 5]]"
12n_0358_11,"[[2, 6, 3, 5], [4, 11, 5, 12], [15, 6, 16, 7], [8, 17, 9, 18], [10, 22, 11, 21], [12, 3, 13, 4], [19, 14, 20, 15], [1, 16, 2, 17], [18, 23, 19, 24], [13, 20, 14, 21], [22, 10, 23, 9], [7, 1, 8, 24]]"
12n_0358_12,"[[8, 2, 9, 1], [3, 7, 4, 6], [5, 12, 6, 13], [16, 7, 17, 8], [9, 18, 10, 19], [11, 23, 12, 22], [13, 4, 14, 5], [20, 15, 21, 16], [2, 17, 3, 18], [19, 24, 20, 1], [14, 21, 15, 22], [23, 11, 24, 10]]"
12n_0358_13,"[[23, 11, 24, 10], [8, 2, 9, 1], [3, 7, 4, 6], [5, 12, 6, 13], [16, 7, 17, 8], [9, 18, 10, 19], [11, 23, 12, 22], [13, 4, 14, 5], [20, 15, 21, 16], [2, 17, 3, 18], [19, 24, 20, 1], [14, 21, 15, 22]]"
12n_0358_14,"[[14, 21, 15, 22], [23, 11, 24, 10], [8, 2, 9, 1], [3, 7, 4, 6], [5, 12, 6, 13], [16, 7, 17, 8], [9, 18, 10, 19], [11, 23, 12, 22], [13, 4, 14, 5], [20, 15, 21, 16], [2, 17, 3, 18], [19, 24, 20, 1]]"
12n_0358_15,"[[19, 24, 20, 1], [14, 21, 15, 22], [23, 11, 24, 10], [8, 2, 9, 1], [3, 7, 4, 6], [5, 12, 6, 13], [16, 7, 17, 8], [9, 18, 10, 19], [11, 23, 12, 22], [13, 4, 14, 5], [20, 15, 21, 16], [2, 17, 3, 18]]"
12n_0358_16,"[[2, 17, 3, 18], [19, 24, 20, 1], [14, 21, 15, 22], [23, 11, 24, 10], [8, 2, 9, 1], [3, 7, 4, 6], [5, 12, 6, 13], [16, 7, 17, 8], [9, 18, 10, 19], [11, 23, 12, 22], [13, 4, 14, 5], [20, 15, 21, 16]]"
12n_0358_17,"[[20, 15, 21, 16], [2, 17, 3, 18], [19, 24, 20, 1], [14, 21, 15, 22], [23, 11, 24, 10], [8, 2, 9, 1], [3, 7, 4, 6], [5, 12, 6, 13], [16, 7, 17, 8], [9, 18, 10, 19], [11, 23, 12, 22], [13, 4, 14, 5]]"
12n_0358_18,"[[13, 4, 14, 5], [20, 15, 21, 16], [2, 17, 3, 18], [19, 24, 20, 1], [14, 21, 15, 22], [23, 11, 24, 10], [8, 2, 9, 1], [3, 7, 4, 6], [5, 12, 6, 13], [16, 7, 17, 8], [9, 18, 10, 19], [11, 23, 12, 22]]"
12n_0358_19,"[[11, 23, 12, 22], [13, 4, 14, 5], [20, 15, 21, 16], [2, 17, 3, 18], [19, 24, 20, 1], [14, 21, 15, 22], [23, 11, 24, 10], [8, 2, 9, 1], [3, 7, 4, 6], [5, 12, 6, 13], [16, 7, 17, 8], [9, 18, 10, 19]]"
12n_0358_20,"[[9, 18, 10, 19], [11, 23, 12, 22], [13, 4, 14, 5], [20, 15, 21, 16], [2, 17, 3, 18], [19, 24, 20, 1], [14, 21, 15, 22], [23, 11, 24, 10], [8, 2, 9, 1], [3, 7, 4, 6], [5, 12, 6, 13], [16, 7, 17, 8]]"
12n_0358_21,"[[16, 7, 17, 8], [9, 18, 10, 19], [11, 23, 12, 22], [13, 4, 14, 5], [20, 15, 21, 16], [2, 17, 3, 18], [19, 24, 20, 1], [14, 21, 15, 22], [23, 11, 24, 10], [8, 2, 9, 1], [3, 7, 4, 6], [5, 12, 6, 13]]"
12n_0358_22,"[[5, 12, 6, 13], [16, 7, 17, 8], [9, 18, 10, 19], [11, 23, 12, 22], [13, 4, 14, 5], [20, 15, 21, 16], [2, 17, 3, 18], [19, 24, 20, 1], [14, 21, 15, 22], [23, 11, 24, 10], [8, 2, 9, 1], [3, 7, 4, 6]]"
12n_0358_23,"[[3, 7, 4, 6], [5, 12, 6, 13], [16, 7, 17, 8], [9, 18, 10, 19], [11, 23, 12, 22], [13, 4, 14, 5], [20, 15, 21, 16], [2, 17, 3, 18], [19, 24, 20, 1], [14, 21, 15, 22], [23, 11, 24, 10], [8, 2, 9, 1]]"
12n_0358_24,"[[9, 3, 10, 2], [4, 8, 5, 7], [6, 13, 7, 14], [17, 8, 18, 9], [10, 19, 11, 20], [12, 24, 13, 23], [14, 5, 15, 6], [21, 16, 22, 17], [3, 18, 4, 19], [20, 1, 21, 2], [15, 22, 16, 23], [24, 12, 1, 11]]"
12n_0358_25,"[[24, 12, 1, 11], [9, 3, 10, 2], [4, 8, 5, 7], [6, 13, 7, 14], [17, 8, 18, 9], [10, 19, 11, 20], [12, 24, 13, 23], [14, 5, 15, 6], [21, 16, 22, 17], [3, 18, 4, 19], [20, 1, 21, 2], [15, 22, 16, 23]]"
12n_0358_26,"[[15, 22, 16, 23], [24, 12, 1, 11], [9, 3, 10, 2], [4, 8, 5, 7], [6, 13, 7, 14], [17, 8, 18, 9], [10, 19, 11, 20], [12, 24, 13, 23], [14, 5, 15, 6], [21, 16, 22, 17], [3, 18, 4, 19], [20, 1, 21, 2]]"
12n_0358_27,"[[20, 1, 21, 2], [15, 22, 16, 23], [24, 12, 1, 11], [9, 3, 10, 2], [4, 8, 5, 7], [6, 13, 7, 14], [17, 8, 18, 9], [10, 19, 11, 20], [12, 24, 13, 23], [14, 5, 15, 6], [21, 16, 22, 17], [3, 18, 4, 19]]"
12n_0358_28,"[[3, 18, 4, 19], [20, 1, 21, 2], [15, 22, 16, 23], [24, 12, 1, 11], [9, 3, 10, 2], [4, 8, 5, 7], [6, 13, 7, 14], [17, 8, 18, 9], [10, 19, 11, 20], [12, 24, 13, 23], [14, 5, 15, 6], [21, 16, 22, 17]]"
12n_0358_29,"[[21, 16, 22, 17], [3, 18, 4, 19], [20, 1, 21, 2], [15, 22, 16, 23], [24, 12, 1, 11], [9, 3, 10, 2], [4, 8, 5, 7], [6, 13, 7, 14], [17, 8, 18, 9], [10, 19, 11, 20], [12, 24, 13, 23], [14, 5, 15, 6]]"
12n_0358_30,"[[14, 5, 15, 6], [21, 16, 22, 17], [3, 18, 4, 19], [20, 1, 21, 2], [15, 22, 16, 23], [24, 12, 1, 11], [9, 3, 10, 2], [4, 8, 5, 7], [6, 13, 7, 14], [17, 8, 18, 9], [10, 19, 11, 20], [12, 24, 13, 23]]"
12n_0358_31,"[[12, 24, 13, 23], [14, 5, 15, 6], [21, 16, 22, 17], [3, 18, 4, 19], [20, 1, 21, 2], [15, 22, 16, 23], [24, 12, 1, 11], [9, 3, 10, 2], [4, 8, 5, 7], [6, 13, 7, 14], [17, 8, 18, 9], [10, 19, 11, 20]]"
12n_0358_32,"[[10, 19, 11, 20], [12, 24, 13, 23], [14, 5, 15, 6], [21, 16, 22, 17], [3, 18, 4, 19], [20, 1, 21, 2], [15, 22, 16, 23], [24, 12, 1, 11], [9, 3, 10, 2], [4, 8, 5, 7], [6, 13, 7, 14], [17, 8, 18, 9]]"
12n_0358_33,"[[17, 8, 18, 9], [10, 19, 11, 20], [12, 24, 13, 23], [14, 5, 15, 6], [21, 16, 22, 17], [3, 18, 4, 19], [20, 1, 21, 2], [15, 22, 16, 23], [24, 12, 1, 11], [9, 3, 10, 2], [4, 8, 5, 7], [6, 13, 7, 14]]"
12n_0358_34,"[[6, 13, 7, 14], [17, 8, 18, 9], [10, 19, 11, 20], [12, 24, 13, 23], [14, 5, 15, 6], [21, 16, 22, 17], [3, 18, 4, 19], [20, 1, 21, 2], [15, 22, 16, 23], [24, 12, 1, 11], [9, 3, 10, 2], [4, 8, 5, 7]]"
12n_0358_35,"[[4, 8, 5, 7], [6, 13, 7, 14], [17, 8, 18, 9], [10, 19, 11, 20], [12, 24, 13, 23], [14, 5, 15, 6], [21, 16, 22, 17], [3, 18, 4, 19], [20, 1, 21, 2], [15, 22, 16, 23], [24, 12, 1, 11], [9, 3, 10, 2]]"
12n_0358_36,"[[10, 4, 11, 3], [5, 9, 6, 8], [7, 14, 8, 15], [18, 9, 19, 10], [11, 20, 12, 21], [13, 1, 14, 24], [15, 6, 16, 7], [22, 17, 23, 18], [4, 19, 5, 20], [21, 2, 22, 3], [16, 23, 17, 24], [1, 13, 2, 12]]"
12n_0358_37,"[[1, 13, 2, 12], [10, 4, 11, 3], [5, 9, 6, 8], [7, 14, 8, 15], [18, 9, 19, 10], [11, 20, 12, 21], [13, 1, 14, 24], [15, 6, 16, 7], [22, 17, 23, 18], [4, 19, 5, 20], [21, 2, 22, 3], [16, 23, 17, 24]]"
12n_0358_38,"[[16, 23, 17, 24], [1, 13, 2, 12], [10, 4, 11, 3], [5, 9, 6, 8], [7, 14, 8, 15], [18, 9, 19, 10], [11, 20, 12, 21], [13, 1, 14, 24], [15, 6, 16, 7], [22, 17, 23, 18], [4, 19, 5, 20], [21, 2, 22, 3]]"
12n_0358_39,"[[21, 2, 22, 3], [16, 23, 17, 24], [1, 13, 2, 12], [10, 4, 11, 3], [5, 9, 6, 8], [7, 14, 8, 15], [18, 9, 19, 10], [11, 20, 12, 21], [13, 1, 14, 24], [15, 6, 16, 7], [22, 17, 23, 18], [4, 19, 5, 20]]"
12n_0358_40,"[[4, 19, 5, 20], [21, 2, 22, 3], [16, 23, 17, 24], [1, 13, 2, 12], [10, 4, 11, 3], [5, 9, 6, 8], [7, 14, 8, 15], [18, 9, 19, 10], [11, 20, 12, 21], [13, 1, 14, 24], [15, 6, 16, 7], [22, 17, 23, 18]]"
12n_0358_41,"[[22, 17, 23, 18], [4, 19, 5, 20], [21, 2, 22, 3], [16, 23, 17, 24], [1, 13, 2, 12], [10, 4, 11, 3], [5, 9, 6, 8], [7, 14, 8, 15], [18, 9, 19, 10], [11, 20, 12, 21], [13, 1, 14, 24], [15, 6, 16, 7]]"
12n_0358_42,"[[15, 6, 16, 7], [22, 17, 23, 18], [4, 19, 5, 20], [21, 2, 22, 3], [16, 23, 17, 24], [1, 13, 2, 12], [10, 4, 11, 3], [5, 9, 6, 8], [7, 14, 8, 15], [18, 9, 19, 10], [11, 20, 12, 21], [13, 1, 14, 24]]"
12n_0358_43,"[[13, 1, 14, 24], [15, 6, 16, 7], [22, 17, 23, 18], [4, 19, 5, 20], [21, 2, 22, 3], [16, 23, 17, 24], [1, 13, 2, 12], [10, 4, 11, 3], [5, 9, 6, 8], [7, 14, 8, 15], [18, 9, 19, 10], [11, 20, 12, 21]]"
12n_0358_44,"[[11, 20, 12, 21], [13, 1, 14, 24], [15, 6, 16, 7], [22, 17, 23, 18], [4, 19, 5, 20], [21, 2, 22, 3], [16, 23, 17, 24], [1, 13, 2, 12], [10, 4, 11, 3], [5, 9, 6, 8], [7, 14, 8, 15], [18, 9, 19, 10]]"
12n_0358_45,"[[18, 9, 19, 10], [11, 20, 12, 21], [13, 1, 14, 24], [15, 6, 16, 7], [22, 17, 23, 18], [4, 19, 5, 20], [21, 2, 22, 3], [16, 23, 17, 24], [1, 13, 2, 12], [10, 4, 11, 3], [5, 9, 6, 8], [7, 14, 8, 15]]"
12n_0358_46,"[[7, 14, 8, 15], [18, 9, 19, 10], [11, 20, 12, 21], [13, 1, 14, 24], [15, 6, 16, 7], [22, 17, 23, 18], [4, 19, 5, 20], [21, 2, 22, 3], [16, 23, 17, 24], [1, 13, 2, 12], [10, 4, 11, 3], [5, 9, 6, 8]]"
12n_0358_47,"[[5, 9, 6, 8], [7, 14, 8, 15], [18, 9, 19, 10], [11, 20, 12, 21], [13, 1, 14, 24], [15, 6, 16, 7], [22, 17, 23, 18], [4, 19, 5, 20], [21, 2, 22, 3], [16, 23, 17, 24], [1, 13, 2, 12], [10, 4, 11, 3]]"
12n_0358_48,"[[11, 5, 12, 4], [6, 10, 7, 9], [8, 15, 9, 16], [19, 10, 20, 11], [12, 21, 13, 22], [14, 2, 15, 1], [16, 7, 17, 8], [23, 18, 24, 19], [5, 20, 6, 21], [22, 3, 23, 4], [17, 24, 18, 1], [2, 14, 3, 13]]"
12n_0358_49,"[[2, 14, 3, 13], [11, 5, 12, 4], [6, 10, 7, 9], [8, 15, 9, 16], [19, 10, 20, 11], [12, 21, 13, 22], [14, 2, 15, 1], [16, 7, 17, 8], [23, 18, 24, 19], [5, 20, 6, 21], [22, 3, 23, 4], [17, 24, 18, 1]]"
12n_0358_50,"[[17, 24, 18, 1], [2, 14, 3, 13], [11, 5, 12, 4], [6, 10, 7, 9], [8, 15, 9, 16], [19, 10, 20, 11], [12, 21, 13, 22], [14, 2, 15, 1], [16, 7, 17, 8], [23, 18, 24, 19], [5, 20, 6, 21], [22, 3, 23, 4]]"
12n_0358_51,"[[22, 3, 23, 4], [17, 24, 18, 1], [2, 14, 3, 13], [11, 5, 12, 4], [6, 10, 7, 9], [8, 15, 9, 16], [19, 10, 20, 11], [12, 21, 13, 22], [14, 2, 15, 1], [16, 7, 17, 8], [23, 18, 24, 19], [5, 20, 6, 21]]"
12n_0358_52,"[[5, 20, 6, 21], [22, 3, 23, 4], [17, 24, 18, 1], [2, 14, 3, 13], [11, 5, 12, 4], [6, 10, 7, 9], [8, 15, 9, 16], [19, 10, 20, 11], [12, 21, 13, 22], [14, 2, 15, 1], [16, 7, 17, 8], [23, 18, 24, 19]]"
12n_0358_53,"[[23, 18, 24, 19], [5, 20, 6, 21], [22, 3, 23, 4], [17, 24, 18, 1], [2, 14, 3, 13], [11, 5, 12, 4], [6, 10, 7, 9], [8, 15, 9, 16], [19, 10, 20, 11], [12, 21, 13, 22], [14, 2, 15, 1], [16, 7, 17, 8]]"
12n_0358_54,"[[16, 7, 17, 8], [23, 18, 24, 19], [5, 20, 6, 21], [22, 3, 23, 4], [17, 24, 18, 1], [2, 14, 3, 13], [11, 5, 12, 4], [6, 10, 7, 9], [8, 15, 9, 16], [19, 10, 20, 11], [12, 21, 13, 22], [14, 2, 15, 1]]"
12n_0358_55,"[[14, 2, 15, 1], [16, 7, 17, 8], [23, 18, 24, 19], [5, 20, 6, 21], [22, 3, 23, 4], [17, 24, 18, 1], [2, 14, 3, 13], [11, 5, 12, 4], [6, 10, 7, 9], [8, 15, 9, 16], [19, 10, 20, 11], [12, 21, 13, 22]]"
12n_0358_56,"[[12, 21, 13, 22], [14, 2, 15, 1], [16, 7, 17, 8], [23, 18, 24, 19], [5, 20, 6, 21], [22, 3, 23, 4], [17, 24, 18, 1], [2, 14, 3, 13], [11, 5, 12, 4], [6, 10, 7, 9], [8, 15, 9, 16], [19, 10, 20, 11]]"
12n_0358_57,"[[19, 10, 20, 11], [12, 21, 13, 22], [14, 2, 15, 1], [16, 7, 17, 8], [23, 18, 24, 19], [5, 20, 6, 21], [22, 3, 23, 4], [17, 24, 18, 1], [2, 14, 3, 13], [11, 5, 12, 4], [6, 10, 7, 9], [8, 15, 9, 16]]"
12n_0358_58,"[[8, 15, 9, 16], [19, 10, 20, 11], [12, 21, 13, 22], [14, 2, 15, 1], [16, 7, 17, 8], [23, 18, 24, 19], [5, 20, 6, 21], [22, 3, 23, 4], [17, 24, 18, 1], [2, 14, 3, 13], [11, 5, 12, 4], [6, 10, 7, 9]]"
12n_0358_59,"[[6, 10, 7, 9], [8, 15, 9, 16], [19, 10, 20, 11], [12, 21, 13, 22], [14, 2, 15, 1], [16, 7, 17, 8], [23, 18, 24, 19], [5, 20, 6, 21], [22, 3, 23, 4], [17, 24, 18, 1], [2, 14, 3, 13], [11, 5, 12, 4]]"
12n_0358_60,"[[12, 6, 13, 5], [7, 11, 8, 10], [9, 16, 10, 17], [20, 11, 21, 12], [13, 22, 14, 23], [15, 3, 16, 2], [17, 8, 18, 9], [24, 19, 1, 20], [6, 21, 7, 22], [23, 4, 24, 5], [18, 1, 19, 2], [3, 15, 4, 14]]"
12n_0358_61,"[[3, 15, 4, 14], [12, 6, 13, 5], [7, 11, 8, 10], [9, 16, 10, 17], [20, 11, 21, 12], [13, 22, 14, 23], [15, 3, 16, 2], [17, 8, 18, 9], [24, 19, 1, 20], [6, 21, 7, 22], [23, 4, 24, 5], [18, 1, 19, 2]]"
12n_0358_62,"[[18, 1, 19, 2], [3, 15, 4, 14], [12, 6, 13, 5], [7, 11, 8, 10], [9, 16, 10, 17], [20, 11, 21, 12], [13, 22, 14, 23], [15, 3, 16, 2], [17, 8, 18, 9], [24, 19, 1, 20], [6, 21, 7, 22], [23, 4, 24, 5]]"
12n_0358_63,"[[23, 4, 24, 5], [18, 1, 19, 2], [3, 15, 4, 14], [12, 6, 13, 5], [7, 11, 8, 10], [9, 16, 10, 17], [20, 11, 21, 12], [13, 22, 14, 23], [15, 3, 16, 2], [17, 8, 18, 9], [24, 19, 1, 20], [6, 21, 7, 22]]"
12n_0358_64,"[[6, 21, 7, 22], [23, 4, 24, 5], [18, 1, 19, 2], [3, 15, 4, 14], [12, 6, 13, 5], [7, 11, 8, 10], [9, 16, 10, 17], [20, 11, 21, 12], [13, 22, 14, 23], [15, 3, 16, 2], [17, 8, 18, 9], [24, 19, 1, 20]]"
12n_0358_65,"[[24, 19, 1, 20], [6, 21, 7, 22], [23, 4, 24, 5], [18, 1, 19, 2], [3, 15, 4, 14], [12, 6, 13, 5], [7, 11, 8, 10], [9, 16, 10, 17], [20, 11, 21, 12], [13, 22, 14, 23], [15, 3, 16, 2], [17, 8, 18, 9]]"
12n_0358_66,"[[17, 8, 18, 9], [24, 19, 1, 20], [6, 21, 7, 22], [23, 4, 24, 5], [18, 1, 19, 2], [3, 15, 4, 14], [12, 6, 13, 5], [7, 11, 8, 10], [9, 16, 10, 17], [20, 11, 21, 12], [13, 22, 14, 23], [15, 3, 16, 2]]"
12n_0358_67,"[[15, 3, 16, 2], [17, 8, 18, 9], [24, 19, 1, 20], [6, 21, 7, 22], [23, 4, 24, 5], [18, 1, 19, 2], [3, 15, 4, 14], [12, 6, 13, 5], [7, 11, 8, 10], [9, 16, 10, 17], [20, 11, 21, 12], [13, 22, 14, 23]]"
12n_0358_68,"[[13, 22, 14, 23], [15, 3, 16, 2], [17, 8, 18, 9], [24, 19, 1, 20], [6, 21, 7, 22], [23, 4, 24, 5], [18, 1, 19, 2], [3, 15, 4, 14], [12, 6, 13, 5], [7, 11, 8, 10], [9, 16, 10, 17], [20, 11, 21, 12]]"
12n_0358_69,"[[20, 11, 21, 12], [13, 22, 14, 23], [15, 3, 16, 2], [17, 8, 18, 9], [24, 19, 1, 20], [6, 21, 7, 22], [23, 4, 24, 5], [18, 1, 19, 2], [3, 15, 4, 14], [12, 6, 13, 5], [7, 11, 8, 10], [9, 16, 10, 17]]"
12n_0358_70,"[[9, 16, 10, 17], [20, 11, 21, 12], [13, 22, 14, 23], [15, 3, 16, 2], [17, 8, 18, 9], [24, 19, 1, 20], [6, 21, 7, 22], [23, 4, 24, 5], [18, 1, 19, 2], [3, 15, 4, 14], [12, 6, 13, 5], [7, 11, 8, 10]]"
12n_0358_71,"[[7, 11, 8, 10], [9, 16, 10, 17], [20, 11, 21, 12], [13, 22, 14, 23], [15, 3, 16, 2], [17, 8, 18, 9], [24, 19, 1, 20], [6, 21, 7, 22], [23, 4, 24, 5], [18, 1, 19, 2], [3, 15, 4, 14], [12, 6, 13, 5]]"
12n_0358_72,"[[13, 7, 14, 6], [8, 12, 9, 11], [10, 17, 11, 18], [21, 12, 22, 13], [14, 23, 15, 24], [16, 4, 17, 3], [18, 9, 19, 10], [1, 20, 2, 21], [7, 22, 8, 23], [24, 5, 1, 6], [19, 2, 20, 3], [4, 16, 5, 15]]"
12n_0358_73,"[[4, 16, 5, 15], [13, 7, 14, 6], [8, 12, 9, 11], [10, 17, 11, 18], [21, 12, 22, 13], [14, 23, 15, 24], [16, 4, 17, 3], [18, 9, 19, 10], [1, 20, 2, 21], [7, 22, 8, 23], [24, 5, 1, 6], [19, 2, 20, 3]]"
12n_0358_74,"[[19, 2, 20, 3], [4, 16, 5, 15], [13, 7, 14, 6], [8, 12, 9, 11], [10, 17, 11, 18], [21, 12, 22, 13], [14, 23, 15, 24], [16, 4, 17, 3], [18, 9, 19, 10], [1, 20, 2, 21], [7, 22, 8, 23], [24, 5, 1, 6]]"
12n_0358_75,"[[24, 5, 1, 6], [19, 2, 20, 3], [4, 16, 5, 15], [13, 7, 14, 6], [8, 12, 9, 11], [10, 17, 11, 18], [21, 12, 22, 13], [14, 23, 15, 24], [16, 4, 17, 3], [18, 9, 19, 10], [1, 20, 2, 21], [7, 22, 8, 23]]"
12n_0358_76,"[[7, 22, 8, 23], [24, 5, 1, 6], [19, 2, 20, 3], [4, 16, 5, 15], [13, 7, 14, 6], [8, 12, 9, 11], [10, 17, 11, 18], [21, 12, 22, 13], [14, 23, 15, 24], [16, 4, 17, 3], [18, 9, 19, 10], [1, 20, 2, 21]]"
12n_0358_77,"[[1, 20, 2, 21], [7, 22, 8, 23], [24, 5, 1, 6], [19, 2, 20, 3], [4, 16, 5, 15], [13, 7, 14, 6], [8, 12, 9, 11], [10, 17, 11, 18], [21, 12, 22, 13], [14, 23, 15, 24], [16, 4, 17, 3], [18, 9, 19, 10]]"
12n_0358_78,"[[18, 9, 19, 10], [1, 20, 2, 21], [7, 22, 8, 23], [24, 5, 1, 6], [19, 2, 20, 3], [4, 16, 5, 15], [13, 7, 14, 6], [8, 12, 9, 11], [10, 17, 11, 18], [21, 12, 22, 13], [14, 23, 15, 24], [16, 4, 17, 3]]"
12n_0358_79,"[[16, 4, 17, 3], [18, 9, 19, 10], [1, 20, 2, 21], [7, 22, 8, 23], [24, 5, 1, 6], [19, 2, 20, 3], [4, 16, 5, 15], [13, 7, 14, 6], [8, 12, 9, 11], [10, 17, 11, 18], [21, 12, 22, 13], [14, 23, 15, 24]]"
12n_0358_80,"[[14, 23, 15, 24], [16, 4, 17, 3], [18, 9, 19, 10], [1, 20, 2, 21], [7, 22, 8, 23], [24, 5, 1, 6], [19, 2, 20, 3], [4, 16, 5, 15], [13, 7, 14, 6], [8, 12, 9, 11], [10, 17, 11, 18], [21, 12, 22, 13]]"
12n_0358_81,"[[21, 12, 22, 13], [14, 23, 15, 24], [16, 4, 17, 3], [18, 9, 19, 10], [1, 20, 2, 21], [7, 22, 8, 23], [24, 5, 1, 6], [19, 2, 20, 3], [4, 16, 5, 15], [13, 7, 14, 6], [8, 12, 9, 11], [10, 17, 11, 18]]"
12n_0358_82,"[[10, 17, 11, 18], [21, 12, 22, 13], [14, 23, 15, 24], [16, 4, 17, 3], [18, 9, 19, 10], [1, 20, 2, 21], [7, 22, 8, 23], [24, 5, 1, 6], [19, 2, 20, 3], [4, 16, 5, 15], [13, 7, 14, 6], [8, 12, 9, 11]]"
12n_0358_83,"[[8, 12, 9, 11], [10, 17, 11, 18], [21, 12, 22, 13], [14, 23, 15, 24], [16, 4, 17, 3], [18, 9, 19, 10], [1, 20, 2, 21], [7, 22, 8, 23], [24, 5, 1, 6], [19, 2, 20, 3], [4, 16, 5, 15], [13, 7, 14, 6]]"
12n_0358_84,"[[14, 8, 15, 7], [9, 13, 10, 12], [11, 18, 12, 19], [22, 13, 23, 14], [15, 24, 16, 1], [17, 5, 18, 4], [19, 10, 20, 11], [2, 21, 3, 22], [8, 23, 9, 24], [1, 6, 2, 7], [20, 3, 21, 4], [5, 17, 6, 16]]"
12n_0358_85,"[[5, 17, 6, 16], [14, 8, 15, 7], [9, 13, 10, 12], [11, 18, 12, 19], [22, 13, 23, 14], [15, 24, 16, 1], [17, 5, 18, 4], [19, 10, 20, 11], [2, 21, 3, 22], [8, 23, 9, 24], [1, 6, 2, 7], [20, 3, 21, 4]]"
12n_0358_86,"[[20, 3, 21, 4], [5, 17, 6, 16], [14, 8, 15, 7], [9, 13, 10, 12], [11, 18, 12, 19], [22, 13, 23, 14], [15, 24, 16, 1], [17, 5, 18, 4], [19, 10, 20, 11], [2, 21, 3, 22], [8, 23, 9, 24], [1, 6, 2, 7]]"
12n_0358_87,"[[1, 6, 2, 7], [20, 3, 21, 4], [5, 17, 6, 16], [14, 8, 15, 7], [9, 13, 10, 12], [11, 18, 12, 19], [22, 13, 23, 14], [15, 24, 16, 1], [17, 5, 18, 4], [19, 10, 20, 11], [2, 21, 3, 22], [8, 23, 9, 24]]"
12n_0358_88,"[[8, 23, 9, 24], [1, 6, 2, 7], [20, 3, 21, 4], [5, 17, 6, 16], [14, 8, 15, 7], [9, 13, 10, 12], [11, 18, 12, 19], [22, 13, 23, 14], [15, 24, 16, 1], [17, 5, 18, 4], [19, 10, 20, 11], [2, 21, 3, 22]]"
12n_0358_89,"[[2, 21, 3, 22], [8, 23, 9, 24], [1, 6, 2, 7], [20, 3, 21, 4], [5, 17, 6, 16], [14, 8, 15, 7], [9, 13, 10, 12], [11, 18, 12, 19], [22, 13, 23, 14], [15, 24, 16, 1], [17, 5, 18, 4], [19, 10, 20, 11]]"
12n_0358_90,"[[19, 10, 20, 11], [2, 21, 3, 22], [8, 23, 9, 24], [1, 6, 2, 7], [20, 3, 21, 4], [5, 17, 6, 16], [14, 8, 15, 7], [9, 13, 10, 12], [11, 18, 12, 19], [22, 13, 23, 14], [15, 24, 16, 1], [17, 5, 18, 4]]"
12n_0358_91,"[[17, 5, 18, 4], [19, 10, 20, 11], [2, 21, 3, 22], [8, 23, 9, 24], [1, 6, 2, 7], [20, 3, 21, 4], [5, 17, 6, 16], [14, 8, 15, 7], [9, 13, 10, 12], [11, 18, 12, 19], [22, 13, 23, 14], [15, 24, 16, 1]]"
12n_0358_92,"[[15, 24, 16, 1], [17, 5, 18, 4], [19, 10, 20, 11], [2, 21, 3, 22], [8, 23, 9, 24], [1, 6, 2, 7], [20, 3, 21, 4], [5, 17, 6, 16], [14, 8, 15, 7], [9, 13, 10, 12], [11, 18, 12, 19], [22, 13, 23, 14]]"
12n_0358_93,"[[22, 13, 23, 14], [15, 24, 16, 1], [17, 5, 18, 4], [19, 10, 20, 11], [2, 21, 3, 22], [8, 23, 9, 24], [1, 6, 2, 7], [20, 3, 21, 4], [5, 17, 6, 16], [14, 8, 15, 7], [9, 13, 10, 12], [11, 18, 12, 19]]"
12n_0358_94,"[[11, 18, 12, 19], [22, 13, 23, 14], [15, 24, 16, 1], [17, 5, 18, 4], [19, 10, 20, 11], [2, 21, 3, 22], [8, 23, 9, 24], [1, 6, 2, 7], [20, 3, 21, 4], [5, 17, 6, 16], [14, 8, 15, 7], [9, 13, 10, 12]]"
12n_0358_95,"[[9, 13, 10, 12], [11, 18, 12, 19], [22, 13, 23, 14], [15, 24, 16, 1], [17, 5, 18, 4], [19, 10, 20, 11], [2, 21, 3, 22], [8, 23, 9, 24], [1, 6, 2, 7], [20, 3, 21, 4], [5, 17, 6, 16], [14, 8, 15, 7]]"
12n_0358_96,"[[15, 9, 16, 8], [10, 14, 11, 13], [12, 19, 13, 20], [23, 14, 24, 15], [16, 1, 17, 2], [18, 6, 19, 5], [20, 11, 21, 12], [3, 22, 4, 23], [9, 24, 10, 1], [2, 7, 3, 8], [21, 4, 22, 5], [6, 18, 7, 17]]"
12n_0358_97,"[[6, 18, 7, 17], [15, 9, 16, 8], [10, 14, 11, 13], [12, 19, 13, 20], [23, 14, 24, 15], [16, 1, 17, 2], [18, 6, 19, 5], [20, 11, 21, 12], [3, 22, 4, 23], [9, 24, 10, 1], [2, 7, 3, 8], [21, 4, 22, 5]]"
12n_0358_98,"[[21, 4, 22, 5], [6, 18, 7, 17], [15, 9, 16, 8], [10, 14, 11, 13], [12, 19, 13, 20], [23, 14, 24, 15], [16, 1, 17, 2], [18, 6, 19, 5], [20, 11, 21, 12], [3, 22, 4, 23], [9, 24, 10, 1], [2, 7, 3, 8]]"
12n_0358_99,"[[2, 7, 3, 8], [21, 4, 22, 5], [6, 18, 7, 17], [15, 9, 16, 8], [10, 14, 11, 13], [12, 19, 13, 20], [23, 14, 24, 15], [16, 1, 17, 2], [18, 6, 19, 5], [20, 11, 21, 12], [3, 22, 4, 23], [9, 24, 10, 1]]"
12n_0358_100,"[[9, 24, 10, 1], [2, 7, 3, 8], [21, 4, 22, 5], [6, 18, 7, 17], [15, 9, 16, 8], [10, 14, 11, 13], [12, 19, 13, 20], [23, 14, 24, 15], [16, 1, 17, 2], [18, 6, 19, 5], [20, 11, 21, 12], [3, 22, 4, 23]]"
12n_0358_101,"[[3, 22, 4, 23], [9, 24, 10, 1], [2, 7, 3, 8], [21, 4, 22, 5], [6, 18, 7, 17], [15, 9, 16, 8], [10, 14, 11, 13], [12, 19, 13, 20], [23, 14, 24, 15], [16, 1, 17, 2], [18, 6, 19, 5], [20, 11, 21, 12]]"
12n_0358_102,"[[20, 11, 21, 12], [3, 22, 4, 23], [9, 24, 10, 1], [2, 7, 3, 8], [21, 4, 22, 5], [6, 18, 7, 17], [15, 9, 16, 8], [10, 14, 11, 13], [12, 19, 13, 20], [23, 14, 24, 15], [16, 1, 17, 2], [18, 6, 19, 5]]"
12n_0358_103,"[[18, 6, 19, 5], [20, 11, 21, 12], [3, 22, 4, 23], [9, 24, 10, 1], [2, 7, 3, 8], [21, 4, 22, 5], [6, 18, 7, 17], [15, 9, 16, 8], [10, 14, 11, 13], [12, 19, 13, 20], [23, 14, 24, 15], [16, 1, 17, 2]]"
12n_0358_104,"[[16, 1, 17, 2], [18, 6, 19, 5], [20, 11, 21, 12], [3, 22, 4, 23], [9, 24, 10, 1], [2, 7, 3, 8], [21, 4, 22, 5], [6, 18, 7, 17], [15, 9, 16, 8], [10, 14, 11, 13], [12, 19, 13, 20], [23, 14, 24, 15]]"
12n_0358_105,"[[23, 14, 24, 15], [16, 1, 17, 2], [18, 6, 19, 5], [20, 11, 21, 12], [3, 22, 4, 23], [9, 24, 10, 1], [2, 7, 3, 8], [21, 4, 22, 5], [6, 18, 7, 17], [15, 9, 16, 8], [10, 14, 11, 13], [12, 19, 13, 20]]"
12n_0358_106,"[[12, 19, 13, 20], [23, 14, 24, 15], [16, 1, 17, 2], [18, 6, 19, 5], [20, 11, 21, 12], [3, 22, 4, 23], [9, 24, 10, 1], [2, 7, 3, 8], [21, 4, 22, 5], [6, 18, 7, 17], [15, 9, 16, 8], [10, 14, 11, 13]]"
12n_0358_107,"[[10, 14, 11, 13], [12, 19, 13, 20], [23, 14, 24, 15], [16, 1, 17, 2], [18, 6, 19, 5], [20, 11, 21, 12], [3, 22, 4, 23], [9, 24, 10, 1], [2, 7, 3, 8], [21, 4, 22, 5], [6, 18, 7, 17], [15, 9, 16, 8]]"
12n_0358_108,"[[16, 10, 17, 9], [11, 15, 12, 14], [13, 20, 14, 21], [24, 15, 1, 16], [17, 2, 18, 3], [19, 7, 20, 6], [21, 12, 22, 13], [4, 23, 5, 24], [10, 1, 11, 2], [3, 8, 4, 9], [22, 5, 23, 6], [7, 19, 8, 18]]"
12n_0358_109,"[[7, 19, 8, 18], [16, 10, 17, 9], [11, 15, 12, 14], [13, 20, 14, 21], [24, 15, 1, 16], [17, 2, 18, 3], [19, 7, 20, 6], [21, 12, 22, 13], [4, 23, 5, 24], [10, 1, 11, 2], [3, 8, 4, 9], [22, 5, 23, 6]]"
12n_0358_110,"[[22, 5, 23, 6], [7, 19, 8, 18], [16, 10, 17, 9], [11, 15, 12, 14], [13, 20, 14, 21], [24, 15, 1, 16], [17, 2, 18, 3], [19, 7, 20, 6], [21, 12, 22, 13], [4, 23, 5, 24], [10, 1, 11, 2], [3, 8, 4, 9]]"
12n_0358_111,"[[3, 8, 4, 9], [22, 5, 23, 6], [7, 19, 8, 18], [16, 10, 17, 9], [11, 15, 12, 14], [13, 20, 14, 21], [24, 15, 1, 16], [17, 2, 18, 3], [19, 7, 20, 6], [21, 12, 22, 13], [4, 23, 5, 24], [10, 1, 11, 2]]"
12n_0358_112,"[[10, 1, 11, 2], [3, 8, 4, 9], [22, 5, 23, 6], [7, 19, 8, 18], [16, 10, 17, 9], [11, 15, 12, 14], [13, 20, 14, 21], [24, 15, 1, 16], [17, 2, 18, 3], [19, 7, 20, 6], [21, 12, 22, 13], [4, 23, 5, 24]]"
12n_0358_113,"[[4, 23, 5, 24], [10, 1, 11, 2], [3, 8, 4, 9], [22, 5, 23, 6], [7, 19, 8, 18], [16, 10, 17, 9], [11, 15, 12, 14], [13, 20, 14, 21], [24, 15, 1, 16], [17, 2, 18, 3], [19, 7, 20, 6], [21, 12, 22, 13]]"
12n_0358_114,"[[21, 12, 22, 13], [4, 23, 5, 24], [10, 1, 11, 2], [3, 8, 4, 9], [22, 5, 23, 6], [7, 19, 8, 18], [16, 10, 17, 9], [11, 15, 12, 14], [13, 20, 14, 21], [24, 15, 1, 16], [17, 2, 18, 3], [19, 7, 20, 6]]"
12n_0358_115,"[[19, 7, 20, 6], [21, 12, 22, 13], [4, 23, 5, 24], [10, 1, 11, 2], [3, 8, 4, 9], [22, 5, 23, 6], [7, 19, 8, 18], [16, 10, 17, 9], [11, 15, 12, 14], [13, 20, 14, 21], [24, 15, 1, 16], [17, 2, 18, 3]]"
12n_0358_116,"[[17, 2, 18, 3], [19, 7, 20, 6], [21, 12, 22, 13], [4, 23, 5, 24], [10, 1, 11, 2], [3, 8, 4, 9], [22, 5, 23, 6], [7, 19, 8, 18], [16, 10, 17, 9], [11, 15, 12, 14], [13, 20, 14, 21], [24, 15, 1, 16]]"
12n_0358_117,"[[24, 15, 1, 16], [17, 2, 18, 3], [19, 7, 20, 6], [21, 12, 22, 13], [4, 23, 5, 24], [10, 1, 11, 2], [3, 8, 4, 9], [22, 5, 23, 6], [7, 19, 8, 18], [16, 10, 17, 9], [11, 15, 12, 14], [13, 20, 14, 21]]"
12n_0358_118,"[[13, 20, 14, 21], [24, 15, 1, 16], [17, 2, 18, 3], [19, 7, 20, 6], [21, 12, 22, 13], [4, 23, 5, 24], [10, 1, 11, 2], [3, 8, 4, 9], [22, 5, 23, 6], [7, 19, 8, 18], [16, 10, 17, 9], [11, 15, 12, 14]]"
12n_0358_119,"[[11, 15, 12, 14], [13, 20, 14, 21], [24, 15, 1, 16], [17, 2, 18, 3], [19, 7, 20, 6], [21, 12, 22, 13], [4, 23, 5, 24], [10, 1, 11, 2], [3, 8, 4, 9], [22, 5, 23, 6], [7, 19, 8, 18], [16, 10, 17, 9]]"
12n_0358_120,"[[17, 11, 18, 10], [12, 16, 13, 15], [14, 21, 15, 22], [1, 16, 2, 17], [18, 3, 19, 4], [20, 8, 21, 7], [22, 13, 23, 14], [5, 24, 6, 1], [11, 2, 12, 3], [4, 9, 5, 10], [23, 6, 24, 7], [8, 20, 9, 19]]"
12n_0358_121,"[[8, 20, 9, 19], [17, 11, 18, 10], [12, 16, 13, 15], [14, 21, 15, 22], [1, 16, 2, 17], [18, 3, 19, 4], [20, 8, 21, 7], [22, 13, 23, 14], [5, 24, 6, 1], [11, 2, 12, 3], [4, 9, 5, 10], [23, 6, 24, 7]]"
12n_0358_122,"[[23, 6, 24, 7], [8, 20, 9, 19], [17, 11, 18, 10], [12, 16, 13, 15], [14, 21, 15, 22], [1, 16, 2, 17], [18, 3, 19, 4], [20, 8, 21, 7], [22, 13, 23, 14], [5, 24, 6, 1], [11, 2, 12, 3], [4, 9, 5, 10]]"
12n_0358_123,"[[4, 9, 5, 10], [23, 6, 24, 7], [8, 20, 9, 19], [17, 11, 18, 10], [12, 16, 13, 15], [14, 21, 15, 22], [1, 16, 2, 17], [18, 3, 19, 4], [20, 8, 21, 7], [22, 13, 23, 14], [5, 24, 6, 1], [11, 2, 12, 3]]"
12n_0358_124,"[[11, 2, 12, 3], [4, 9, 5, 10], [23, 6, 24, 7], [8, 20, 9, 19], [17, 11, 18, 10], [12, 16, 13, 15], [14, 21, 15, 22], [1, 16, 2, 17], [18, 3, 19, 4], [20, 8, 21, 7], [22, 13, 23, 14], [5, 24, 6, 1]]"
12n_0358_125,"[[5, 24, 6, 1], [11, 2, 12, 3], [4, 9, 5, 10], [23, 6, 24, 7], [8, 20, 9, 19], [17, 11, 18, 10], [12, 16, 13, 15], [14, 21, 15, 22], [1, 16, 2, 17], [18, 3, 19, 4], [20, 8, 21, 7], [22, 13, 23, 14]]"
12n_0358_126,"[[22, 13, 23, 14], [5, 24, 6, 1], [11, 2, 12, 3], [4, 9, 5, 10], [23, 6, 24, 7], [8, 20, 9, 19], [17, 11, 18, 10], [12, 16, 13, 15], [14, 21, 15, 22], [1, 16, 2, 17], [18, 3, 19, 4], [20, 8, 21, 7]]"
12n_0358_127,"[[20, 8, 21, 7], [22, 13, 23, 14], [5, 24, 6, 1], [11, 2, 12, 3], [4, 9, 5, 10], [23, 6, 24, 7], [8, 20, 9, 19], [17, 11, 18, 10], [12, 16, 13, 15], [14, 21, 15, 22], [1, 16, 2, 17], [18, 3, 19, 4]]"
12n_0358_128,"[[18, 3, 19, 4], [20, 8, 21, 7], [22, 13, 23, 14], [5, 24, 6, 1], [11, 2, 12, 3], [4, 9, 5, 10], [23, 6, 24, 7], [8, 20, 9, 19], [17, 11, 18, 10], [12, 16, 13, 15], [14, 21, 15, 22], [1, 16, 2, 17]]"
12n_0358_129,"[[1, 16, 2, 17], [18, 3, 19, 4], [20, 8, 21, 7], [22, 13, 23, 14], [5, 24, 6, 1], [11, 2, 12, 3], [4, 9, 5, 10], [23, 6, 24, 7], [8, 20, 9, 19], [17, 11, 18, 10], [12, 16, 13, 15], [14, 21, 15, 22]]"
12n_0358_130,"[[14, 21, 15, 22], [1, 16, 2, 17], [18, 3, 19, 4], [20, 8, 21, 7], [22, 13, 23, 14], [5, 24, 6, 1], [11, 2, 12, 3], [4, 9, 5, 10], [23, 6, 24, 7], [8, 20, 9, 19], [17, 11, 18, 10], [12, 16, 13, 15]]"
12n_0358_131,"[[12, 16, 13, 15], [14, 21, 15, 22], [1, 16, 2, 17], [18, 3, 19, 4], [20, 8, 21, 7], [22, 13, 23, 14], [5, 24, 6, 1], [11, 2, 12, 3], [4, 9, 5, 10], [23, 6, 24, 7], [8, 20, 9, 19], [17, 11, 18, 10]]"
12n_0358_132,"[[18, 12, 19, 11], [13, 17, 14, 16], [15, 22, 16, 23], [2, 17, 3, 18], [19, 4, 20, 5], [21, 9, 22, 8], [23, 14, 24, 15], [6, 1, 7, 2], [12, 3, 13, 4], [5, 10, 6, 11], [24, 7, 1, 8], [9, 21, 10, 20]]"
12n_0358_133,"[[9, 21, 10, 20], [18, 12, 19, 11], [13, 17, 14, 16], [15, 22, 16, 23], [2, 17, 3, 18], [19, 4, 20, 5], [21, 9, 22, 8], [23, 14, 24, 15], [6, 1, 7, 2], [12, 3, 13, 4], [5, 10, 6, 11], [24, 7, 1, 8]]"
12n_0358_134,"[[24, 7, 1, 8], [9, 21, 10, 20], [18, 12, 19, 11], [13, 17, 14, 16], [15, 22, 16, 23], [2, 17, 3, 18], [19, 4, 20, 5], [21, 9, 22, 8], [23, 14, 24, 15], [6, 1, 7, 2], [12, 3, 13, 4], [5, 10, 6, 11]]"
12n_0358_135,"[[5, 10, 6, 11], [24, 7, 1, 8], [9, 21, 10, 20], [18, 12, 19, 11], [13, 17, 14, 16], [15, 22, 16, 23], [2, 17, 3, 18], [19, 4, 20, 5], [21, 9, 22, 8], [23, 14, 24, 15], [6, 1, 7, 2], [12, 3, 13, 4]]"
12n_0358_136,"[[12, 3, 13, 4], [5, 10, 6, 11], [24, 7, 1, 8], [9, 21, 10, 20], [18, 12, 19, 11], [13, 17, 14, 16], [15, 22, 16, 23], [2, 17, 3, 18], [19, 4, 20, 5], [21, 9, 22, 8], [23, 14, 24, 15], [6, 1, 7, 2]]"
12n_0358_137,"[[6, 1, 7, 2], [12, 3, 13, 4], [5, 10, 6, 11], [24, 7, 1, 8], [9, 21, 10, 20], [18, 12, 19, 11], [13, 17, 14, 16], [15, 22, 16, 23], [2, 17, 3, 18], [19, 4, 20, 5], [21, 9, 22, 8], [23, 14, 24, 15]]"
12n_0358_138,"[[23, 14, 24, 15], [6, 1, 7, 2], [12, 3, 13, 4], [5, 10, 6, 11], [24, 7, 1, 8], [9, 21, 10, 20], [18, 12, 19, 11], [13, 17, 14, 16], [15, 22, 16, 23], [2, 17, 3, 18], [19, 4, 20, 5], [21, 9, 22, 8]]"
12n_0358_139,"[[21, 9, 22, 8], [23, 14, 24, 15], [6, 1, 7, 2], [12, 3, 13, 4], [5, 10, 6, 11], [24, 7, 1, 8], [9, 21, 10, 20], [18, 12, 19, 11], [13, 17, 14, 16], [15, 22, 16, 23], [2, 17, 3, 18], [19, 4, 20, 5]]"
12n_0358_140,"[[19, 4, 20, 5], [21, 9, 22, 8], [23, 14, 24, 15], [6, 1, 7, 2], [12, 3, 13, 4], [5, 10, 6, 11], [24, 7, 1, 8], [9, 21, 10, 20], [18, 12, 19, 11], [13, 17, 14, 16], [15, 22, 16, 23], [2, 17, 3, 18]]"
12n_0358_141,"[[2, 17, 3, 18], [19, 4, 20, 5], [21, 9, 22, 8], [23, 14, 24, 15], [6, 1, 7, 2], [12, 3, 13, 4], [5, 10, 6, 11], [24, 7, 1, 8], [9, 21, 10, 20], [18, 12, 19, 11], [13, 17, 14, 16], [15, 22, 16, 23]]"
12n_0358_142,"[[15, 22, 16, 23], [2, 17, 3, 18], [19, 4, 20, 5], [21, 9, 22, 8], [23, 14, 24, 15], [6, 1, 7, 2], [12, 3, 13, 4], [5, 10, 6, 11], [24, 7, 1, 8], [9, 21, 10, 20], [18, 12, 19, 11], [13, 17, 14, 16]]"
12n_0358_143,"[[13, 17, 14, 16], [15, 22, 16, 23], [2, 17, 3, 18], [19, 4, 20, 5], [21, 9, 22, 8], [23, 14, 24, 15], [6, 1, 7, 2], [12, 3, 13, 4], [5, 10, 6, 11], [24, 7, 1, 8], [9, 21, 10, 20], [18, 12, 19, 11]]"
12n_0358_144,"[[19, 13, 20, 12], [14, 18, 15, 17], [16, 23, 17, 24], [3, 18, 4, 19], [20, 5, 21, 6], [22, 10, 23, 9], [24, 15, 1, 16], [7, 2, 8, 3], [13, 4, 14, 5], [6, 11, 7, 12], [1, 8, 2, 9], [10, 22, 11, 21]]"
12n_0358_145,"[[10, 22, 11, 21], [19, 13, 20, 12], [14, 18, 15, 17], [16, 23, 17, 24], [3, 18, 4, 19], [20, 5, 21, 6], [22, 10, 23, 9], [24, 15, 1, 16], [7, 2, 8, 3], [13, 4, 14, 5], [6, 11, 7, 12], [1, 8, 2, 9]]"
12n_0358_146,"[[1, 8, 2, 9], [10, 22, 11, 21], [19, 13, 20, 12], [14, 18, 15, 17], [16, 23, 17, 24], [3, 18, 4, 19], [20, 5, 21, 6], [22, 10, 23, 9], [24, 15, 1, 16], [7, 2, 8, 3], [13, 4, 14, 5], [6, 11, 7, 12]]"
12n_0358_147,"[[6, 11, 7, 12], [1, 8, 2, 9], [10, 22, 11, 21], [19, 13, 20, 12], [14, 18, 15, 17], [16, 23, 17, 24], [3, 18, 4, 19], [20, 5, 21, 6], [22, 10, 23, 9], [24, 15, 1, 16], [7, 2, 8, 3], [13, 4, 14, 5]]"
12n_0358_148,"[[13, 4, 14, 5], [6, 11, 7, 12], [1, 8, 2, 9], [10, 22, 11, 21], [19, 13, 20, 12], [14, 18, 15, 17], [16, 23, 17, 24], [3, 18, 4, 19], [20, 5, 21, 6], [22, 10, 23, 9], [24, 15, 1, 16], [7, 2, 8, 3]]"
12n_0358_149,"[[7, 2, 8, 3], [13, 4, 14, 5], [6, 11, 7, 12], [1, 8, 2, 9], [10, 22, 11, 21], [19, 13, 20, 12], [14, 18, 15, 17], [16, 23, 17, 24], [3, 18, 4, 19], [20, 5, 21, 6], [22, 10, 23, 9], [24, 15, 1, 16]]"
12n_0358_150,"[[24, 15, 1, 16], [7, 2, 8, 3], [13, 4, 14, 5], [6, 11, 7, 12], [1, 8, 2, 9], [10, 22, 11, 21], [19, 13, 20, 12], [14, 18, 15, 17], [16, 23, 17, 24], [3, 18, 4, 19], [20, 5, 21, 6], [22, 10, 23, 9]]"
12n_0358_151,"[[22, 10, 23, 9], [24, 15, 1, 16], [7, 2, 8, 3], [13, 4, 14, 5], [6, 11, 7, 12], [1, 8, 2, 9], [10, 22, 11, 21], [19, 13, 20, 12], [14, 18, 15, 17], [16, 23, 17, 24], [3, 18, 4, 19], [20, 5, 21, 6]]"
12n_0358_152,"[[20, 5, 21, 6], [22, 10, 23, 9], [24, 15, 1, 16], [7, 2, 8, 3], [13, 4, 14, 5], [6, 11, 7, 12], [1, 8, 2, 9], [10, 22, 11, 21], [19, 13, 20, 12], [14, 18, 15, 17], [16, 23, 17, 24], [3, 18, 4, 19]]"
12n_0358_153,"[[3, 18, 4, 19], [20, 5, 21, 6], [22, 10, 23, 9], [24, 15, 1, 16], [7, 2, 8, 3], [13, 4, 14, 5], [6, 11, 7, 12], [1, 8, 2, 9], [10, 22, 11, 21], [19, 13, 20, 12], [14, 18, 15, 17], [16, 23, 17, 24]]"
12n_0358_154,"[[16, 23, 17, 24], [3, 18, 4, 19], [20, 5, 21, 6], [22, 10, 23, 9], [24, 15, 1, 16], [7, 2, 8, 3], [13, 4, 14, 5], [6, 11, 7, 12], [1, 8, 2, 9], [10, 22, 11, 21], [19, 13, 20, 12], [14, 18, 15, 17]]"
12n_0358_155,"[[14, 18, 15, 17], [16, 23, 17, 24], [3, 18, 4, 19], [20, 5, 21, 6], [22, 10, 23, 9], [24, 15, 1, 16], [7, 2, 8, 3], [13, 4, 14, 5], [6, 11, 7, 12], [1, 8, 2, 9], [10, 22, 11, 21], [19, 13, 20, 12]]"
12n_0358_156,"[[20, 14, 21, 13], [15, 19, 16, 18], [17, 24, 18, 1], [4, 19, 5, 20], [21, 6, 22, 7], [23, 11, 24, 10], [1, 16, 2, 17], [8, 3, 9, 4], [14, 5, 15, 6], [7, 12, 8, 13], [2, 9, 3, 10], [11, 23, 12, 22]]"
12n_0358_157,"[[11, 23, 12, 22], [20, 14, 21, 13], [15, 19, 16, 18], [17, 24, 18, 1], [4, 19, 5, 20], [21, 6, 22, 7], [23, 11, 24, 10], [1, 16, 2, 17], [8, 3, 9, 4], [14, 5, 15, 6], [7, 12, 8, 13], [2, 9, 3, 10]]"
12n_0358_158,"[[2, 9, 3, 10], [11, 23, 12, 22], [20, 14, 21, 13], [15, 19, 16, 18], [17, 24, 18, 1], [4, 19, 5, 20], [21, 6, 22, 7], [23, 11, 24, 10], [1, 16, 2, 17], [8, 3, 9, 4], [14, 5, 15, 6], [7, 12, 8, 13]]"
12n_0358_159,"[[7, 12, 8, 13], [2, 9, 3, 10], [11, 23, 12, 22], [20, 14, 21, 13], [15, 19, 16, 18], [17, 24, 18, 1], [4, 19, 5, 20], [21, 6, 22, 7], [23, 11, 24, 10], [1, 16, 2, 17], [8, 3, 9, 4], [14, 5, 15, 6]]"
12n_0358_160,"[[14, 5, 15, 6], [7, 12, 8, 13], [2, 9, 3, 10], [11, 23, 12, 22], [20, 14, 21, 13], [15, 19, 16, 18], [17, 24, 18, 1], [4, 19, 5, 20], [21, 6, 22, 7], [23, 11, 24, 10], [1, 16, 2, 17], [8, 3, 9, 4]]"
12n_0358_161,"[[8, 3, 9, 4], [14, 5, 15, 6], [7, 12, 8, 13], [2, 9, 3, 10], [11, 23, 12, 22], [20, 14, 21, 13], [15, 19, 16, 18], [17, 24, 18, 1], [4, 19, 5, 20], [21, 6, 22, 7], [23, 11, 24, 10], [1, 16, 2, 17]]"
12n_0358_162,"[[1, 16, 2, 17], [8, 3, 9, 4], [14, 5, 15, 6], [7, 12, 8, 13], [2, 9, 3, 10], [11, 23, 12, 22], [20, 14, 21, 13], [15, 19, 16, 18], [17, 24, 18, 1], [4, 19, 5, 20], [21, 6, 22, 7], [23, 11, 24, 10]]"
12n_0358_163,"[[23, 11, 24, 10], [1, 16, 2, 17], [8, 3, 9, 4], [14, 5, 15, 6], [7, 12, 8, 13], [2, 9, 3, 10], [11, 23, 12, 22], [20, 14, 21, 13], [15, 19, 16, 18], [17, 24, 18, 1], [4, 19, 5, 20], [21, 6, 22, 7]]"
12n_0358_164,"[[21, 6, 22, 7], [23, 11, 24, 10], [1, 16, 2, 17], [8, 3, 9, 4], [14, 5, 15, 6], [7, 12, 8, 13], [2, 9, 3, 10], [11, 23, 12, 22], [20, 14, 21, 13], [15, 19, 16, 18], [17, 24, 18, 1], [4, 19, 5, 20]]"
12n_0358_165,"[[4, 19, 5, 20], [21, 6, 22, 7], [23, 11, 24, 10], [1, 16, 2, 17], [8, 3, 9, 4], [14, 5, 15, 6], [7, 12, 8, 13], [2, 9, 3, 10], [11, 23, 12, 22], [20, 14, 21, 13], [15, 19, 16, 18], [17, 24, 18, 1]]"
12n_0358_166,"[[17, 24, 18, 1], [4, 19, 5, 20], [21, 6, 22, 7], [23, 11, 24, 10], [1, 16, 2, 17], [8, 3, 9, 4], [14, 5, 15, 6], [7, 12, 8, 13], [2, 9, 3, 10], [11, 23, 12, 22], [20, 14, 21, 13], [15, 19, 16, 18]]"
12n_0358_167,"[[15, 19, 16, 18], [17, 24, 18, 1], [4, 19, 5, 20], [21, 6, 22, 7], [23, 11, 24, 10], [1, 16, 2, 17], [8, 3, 9, 4], [14, 5, 15, 6], [7, 12, 8, 13], [2, 9, 3, 10], [11, 23, 12, 22], [20, 14, 21, 13]]"
12n_0358_168,"[[21, 15, 22, 14], [16, 20, 17, 19], [18, 1, 19, 2], [5, 20, 6, 21], [22, 7, 23, 8], [24, 12, 1, 11], [2, 17, 3, 18], [9, 4, 10, 5], [15, 6, 16, 7], [8, 13, 9, 14], [3, 10, 4, 11], [12, 24, 13, 23]]"
12n_0358_169,"[[12, 24, 13, 23], [21, 15, 22, 14], [16, 20, 17, 19], [18, 1, 19, 2], [5, 20, 6, 21], [22, 7, 23, 8], [24, 12, 1, 11], [2, 17, 3, 18], [9, 4, 10, 5], [15, 6, 16, 7], [8, 13, 9, 14], [3, 10, 4, 11]]"
12n_0358_170,"[[3, 10, 4, 11], [12, 24, 13, 23], [21, 15, 22, 14], [16, 20, 17, 19], [18, 1, 19, 2], [5, 20, 6, 21], [22, 7, 23, 8], [24, 12, 1, 11], [2, 17, 3, 18], [9, 4, 10, 5], [15, 6, 16, 7], [8, 13, 9, 14]]"
12n_0358_171,"[[8, 13, 9, 14], [3, 10, 4, 11], [12, 24, 13, 23], [21, 15, 22, 14], [16, 20, 17, 19], [18, 1, 19, 2], [5, 20, 6, 21], [22, 7, 23, 8], [24, 12, 1, 11], [2, 17, 3, 18], [9, 4, 10, 5], [15, 6, 16, 7]]"
12n_0358_172,"[[15, 6, 16, 7], [8, 13, 9, 14], [3, 10, 4, 11], [12, 24, 13, 23], [21, 15, 22, 14], [16, 20, 17, 19], [18, 1, 19, 2], [5, 20, 6, 21], [22, 7, 23, 8], [24, 12, 1, 11], [2, 17, 3, 18], [9, 4, 10, 5]]"
12n_0358_173,"[[9, 4, 10, 5], [15, 6, 16, 7], [8, 13, 9, 14], [3, 10, 4, 11], [12, 24, 13, 23], [21, 15, 22, 14], [16, 20, 17, 19], [18, 1, 19, 2], [5, 20, 6, 21], [22, 7, 23, 8], [24, 12, 1, 11], [2, 17, 3, 18]]"
12n_0358_174,"[[2, 17, 3, 18], [9, 4, 10, 5], [15, 6, 16, 7], [8, 13, 9, 14], [3, 10, 4, 11], [12, 24, 13, 23], [21, 15, 22, 14], [16, 20, 17, 19], [18, 1, 19, 2], [5, 20, 6, 21], [22, 7, 23, 8], [24, 12, 1, 11]]"
12n_0358_175,"[[24, 12, 1, 11], [2, 17, 3, 18], [9, 4, 10, 5], [15, 6, 16, 7], [8, 13, 9, 14], [3, 10, 4, 11], [12, 24, 13, 23], [21, 15, 22, 14], [16, 20, 17, 19], [18, 1, 19, 2], [5, 20, 6, 21], [22, 7, 23, 8]]"
12n_0358_176,"[[22, 7, 23, 8], [24, 12, 1, 11], [2, 17, 3, 18], [9, 4, 10, 5], [15, 6, 16, 7], [8, 13, 9, 14], [3, 10, 4, 11], [12, 24, 13, 23], [21, 15, 22, 14], [16, 20, 17, 19], [18, 1, 19, 2], [5, 20, 6, 21]]"
12n_0358_177,"[[5, 20, 6, 21], [22, 7, 23, 8], [24, 12, 1, 11], [2, 17, 3, 18], [9, 4, 10, 5], [15, 6, 16, 7], [8, 13, 9, 14], [3, 10, 4, 11], [12, 24, 13, 23], [21, 15, 22, 14], [16, 20, 17, 19], [18, 1, 19, 2]]"
12n_0358_178,"[[18, 1, 19, 2], [5, 20, 6, 21], [22, 7, 23, 8], [24, 12, 1, 11], [2, 17, 3, 18], [9, 4, 10, 5], [15, 6, 16, 7], [8, 13, 9, 14], [3, 10, 4, 11], [12, 24, 13, 23], [21, 15, 22, 14], [16, 20, 17, 19]]"
12n_0358_179,"[[16, 20, 17, 19], [18, 1, 19, 2], [5, 20, 6, 21], [22, 7, 23, 8], [24, 12, 1, 11], [2, 17, 3, 18], [9, 4, 10, 5], [15, 6, 16, 7], [8, 13, 9, 14], [3, 10, 4, 11], [12, 24, 13, 23], [21, 15, 22, 14]]"
12n_0358_180,"[[22, 16, 23, 15], [17, 21, 18, 20], [19, 2, 20, 3], [6, 21, 7, 22], [23, 8, 24, 9], [1, 13, 2, 12], [3, 18, 4, 19], [10, 5, 11, 6], [16, 7, 17, 8], [9, 14, 10, 15], [4, 11, 5, 12], [13, 1, 14, 24]]"
12n_0358_181,"[[13, 1, 14, 24], [22, 16, 23, 15], [17, 21, 18, 20], [19, 2, 20, 3], [6, 21, 7, 22], [23, 8, 24, 9], [1, 13, 2, 12], [3, 18, 4, 19], [10, 5, 11, 6], [16, 7, 17, 8], [9, 14, 10, 15], [4, 11, 5, 12]]"
12n_0358_182,"[[4, 11, 5, 12], [13, 1, 14, 24], [22, 16, 23, 15], [17, 21, 18, 20], [19, 2, 20, 3], [6, 21, 7, 22], [23, 8, 24, 9], [1, 13, 2, 12], [3, 18, 4, 19], [10, 5, 11, 6], [16, 7, 17, 8], [9, 14, 10, 15]]"
12n_0358_183,"[[9, 14, 10, 15], [4, 11, 5, 12], [13, 1, 14, 24], [22, 16, 23, 15], [17, 21, 18, 20], [19, 2, 20, 3], [6, 21, 7, 22], [23, 8, 24, 9], [1, 13, 2, 12], [3, 18, 4, 19], [10, 5, 11, 6], [16, 7, 17, 8]]"
12n_0358_184,"[[16, 7, 17, 8], [9, 14, 10, 15], [4, 11, 5, 12], [13, 1, 14, 24], [22, 16, 23, 15], [17, 21, 18, 20], [19, 2, 20, 3], [6, 21, 7, 22], [23, 8, 24, 9], [1, 13, 2, 12], [3, 18, 4, 19], [10, 5, 11, 6]]"
12n_0358_185,"[[10, 5, 11, 6], [16, 7, 17, 8], [9, 14, 10, 15], [4, 11, 5, 12], [13, 1, 14, 24], [22, 16, 23, 15], [17, 21, 18, 20], [19, 2, 20, 3], [6, 21, 7, 22], [23, 8, 24, 9], [1, 13, 2, 12], [3, 18, 4, 19]]"
