name,pd_notation
12n_0306_0,"[[15, 1, 16, 24], [2, 6, 3, 5], [4, 12, 5, 11], [6, 14, 7, 13], [19, 8, 20, 9], [10, 4, 11, 3], [12, 10, 13, 9], [21, 15, 22, 14], [23, 17, 24, 16], [7, 18, 8, 19], [1, 21, 2, 20], [17, 23, 18, 22]]"
12n_0306_1,"[[17, 23, 18, 22], [15, 1, 16, 24], [2, 6, 3, 5], [4, 12, 5, 11], [6, 14, 7, 13], [19, 8, 20, 9], [10, 4, 11, 3], [12, 10, 13, 9], [21, 15, 22, 14], [23, 17, 24, 16], [7, 18, 8, 19], [1, 21, 2, 20]]"
12n_0306_2,"[[1, 21, 2, 20], [17, 23, 18, 22], [15, 1, 16, 24], [2, 6, 3, 5], [4, 12, 5, 11], [6, 14, 7, 13], [19, 8, 20, 9], [10, 4, 11, 3], [12, 10, 13, 9], [21, 15, 22, 14], [23, 17, 24, 16], [7, 18, 8, 19]]"
12n_0306_3,"[[7, 18, 8, 19], [1, 21, 2, 20], [17, 23, 18, 22], [15, 1, 16, 24], [2, 6, 3, 5], [4, 12, 5, 11], [6, 14, 7, 13], [19, 8, 20, 9], [10, 4, 11, 3], [12, 10, 13, 9], [21, 15, 22, 14], [23, 17, 24, 16]]"
12n_0306_4,"[[23, 17, 24, 16], [7, 18, 8, 19], [1, 21, 2, 20], [17, 23, 18, 22], [15, 1, 16, 24], [2, 6, 3, 5], [4, 12, 5, 11], [6, 14, 7, 13], [19, 8, 20, 9], [10, 4, 11, 3], [12, 10, 13, 9], [21, 15, 22, 14]]"
12n_0306_5,"[[21, 15, 22, 14], [23, 17, 24, 16], [7, 18, 8, 19], [1, 21, 2, 20], [17, 23, 18, 22], [15, 1, 16, 24], [2, 6, 3, 5], [4, 12, 5, 11], [6, 14, 7, 13], [19, 8, 20, 9], [10, 4, 11, 3], [12, 10, 13, 9]]"
12n_0306_6,"[[12, 10, 13, 9], [21, 15, 22, 14], [23, 17, 24, 16], [7, 18, 8, 19], [1, 21, 2, 20], [17, 23, 18, 22], [15, 1, 16, 24], [2, 6, 3, 5], [4, 12, 5, 11], [6, 14, 7, 13], [19, 8, 20, 9], [10, 4, 11, 3]]"
12n_0306_7,"[[10, 4, 11, 3], [12, 10, 13, 9], [21, 15, 22, 14], [23, 17, 24, 16], [7, 18, 8, 19], [1, 21, 2, 20], [17, 23, 18, 22], [15, 1, 16, 24], [2, 6, 3, 5], [4, 12, 5, 11], [6, 14, 7, 13], [19, 8, 20, 9]]"
12n_0306_8,"[[19, 8, 20, 9], [10, 4, 11, 3], [12, 10, 13, 9], [21, 15, 22, 14], [23, 17, 24, 16], [7, 18, 8, 19], [1, 21, 2, 20], [17, 23, 18, 22], [15, 1, 16, 24], [2, 6, 3, 5], [4, 12, 5, 11], [6, 14, 7, 13]]"
12n_0306_9,"[[6, 14, 7, 13], [19, 8, 20, 9], [10, 4, 11, 3], [12, 10, 13, 9], [21, 15, 22, 14], [23, 17, 24, 16], [7, 18, 8, 19], [1, 21, 2, 20], [17, 23, 18, 22], [15, 1, 16, 24], [2, 6, 3, 5], [4, 12, 5, 11]]"
12n_0306_10,"[[4, 12, 5, 11], [6, 14, 7, 13], [19, 8, 20, 9], [10, 4, 11, 3], [12, 10, 13, 9], [21, 15, 22, 14], [23, 17, 24, 16], [7, 18, 8, 19], [1, 21, 2, 20], [17, 23, 18, 22], [15, 1, 16, 24], [2, 6, 3, 5]]"
12n_0306_11,"[[2, 6, 3, 5], [4, 12, 5, 11], [6, 14, 7, 13], [19, 8, 20, 9], [10, 4, 11, 3], [12, 10, 13, 9], [21, 15, 22, 14], [23, 17, 24, 16], [7, 18, 8, 19], [1, 21, 2, 20], [17, 23, 18, 22], [15, 1, 16, 24]]"
12n_0306_12,"[[16, 2, 17, 1], [3, 7, 4, 6], [5, 13, 6, 12], [7, 15, 8, 14], [20, 9, 21, 10], [11, 5, 12, 4], [13, 11, 14, 10], [22, 16, 23, 15], [24, 18, 1, 17], [8, 19, 9, 20], [2, 22, 3, 21], [18, 24, 19, 23]]"
12n_0306_13,"[[18, 24, 19, 23], [16, 2, 17, 1], [3, 7, 4, 6], [5, 13, 6, 12], [7, 15, 8, 14], [20, 9, 21, 10], [11, 5, 12, 4], [13, 11, 14, 10], [22, 16, 23, 15], [24, 18, 1, 17], [8, 19, 9, 20], [2, 22, 3, 21]]"
12n_0306_14,"[[2, 22, 3, 21], [18, 24, 19, 23], [16, 2, 17, 1], [3, 7, 4, 6], [5, 13, 6, 12], [7, 15, 8, 14], [20, 9, 21, 10], [11, 5, 12, 4], [13, 11, 14, 10], [22, 16, 23, 15], [24, 18, 1, 17], [8, 19, 9, 20]]"
12n_0306_15,"[[8, 19, 9, 20], [2, 22, 3, 21], [18, 24, 19, 23], [16, 2, 17, 1], [3, 7, 4, 6], [5, 13, 6, 12], [7, 15, 8, 14], [20, 9, 21, 10], [11, 5, 12, 4], [13, 11, 14, 10], [22, 16, 23, 15], [24, 18, 1, 17]]"
12n_0306_16,"[[24, 18, 1, 17], [8, 19, 9, 20], [2, 22, 3, 21], [18, 24, 19, 23], [16, 2, 17, 1], [3, 7, 4, 6], [5, 13, 6, 12], [7, 15, 8, 14], [20, 9, 21, 10], [11, 5, 12, 4], [13, 11, 14, 10], [22, 16, 23, 15]]"
12n_0306_17,"[[22, 16, 23, 15], [24, 18, 1, 17], [8, 19, 9, 20], [2, 22, 3, 21], [18, 24, 19, 23], [16, 2, 17, 1], [3, 7, 4, 6], [5, 13, 6, 12], [7, 15, 8, 14], [20, 9, 21, 10], [11, 5, 12, 4], [13, 11, 14, 10]]"
12n_0306_18,"[[13, 11, 14, 10], [22, 16, 23, 15], [24, 18, 1, 17], [8, 19, 9, 20], [2, 22, 3, 21], [18, 24, 19, 23], [16, 2, 17, 1], [3, 7, 4, 6], [5, 13, 6, 12], [7, 15, 8, 14], [20, 9, 21, 10], [11, 5, 12, 4]]"
12n_0306_19,"[[11, 5, 12, 4], [13, 11, 14, 10], [22, 16, 23, 15], [24, 18, 1, 17], [8, 19, 9, 20], [2, 22, 3, 21], [18, 24, 19, 23], [16, 2, 17, 1], [3, 7, 4, 6], [5, 13, 6, 12], [7, 15, 8, 14], [20, 9, 21, 10]]"
12n_0306_20,"[[20, 9, 21, 10], [11, 5, 12, 4], [13, 11, 14, 10], [22, 16, 23, 15], [24, 18, 1, 17], [8, 19, 9, 20], [2, 22, 3, 21], [18, 24, 19, 23], [16, 2, 17, 1], [3, 7, 4, 6], [5, 13, 6, 12], [7, 15, 8, 14]]"
12n_0306_21,"[[7, 15, 8, 14], [20, 9, 21, 10], [11, 5, 12, 4], [13, 11, 14, 10], [22, 16, 23, 15], [24, 18, 1, 17], [8, 19, 9, 20], [2, 22, 3, 21], [18, 24, 19, 23], [16, 2, 17, 1], [3, 7, 4, 6], [5, 13, 6, 12]]"
12n_0306_22,"[[5, 13, 6, 12], [7, 15, 8, 14], [20, 9, 21, 10], [11, 5, 12, 4], [13, 11, 14, 10], [22, 16, 23, 15], [24, 18, 1, 17], [8, 19, 9, 20], [2, 22, 3, 21], [18, 24, 19, 23], [16, 2, 17, 1], [3, 7, 4, 6]]"
12n_0306_23,"[[3, 7, 4, 6], [5, 13, 6, 12], [7, 15, 8, 14], [20, 9, 21, 10], [11, 5, 12, 4], [13, 11, 14, 10], [22, 16, 23, 15], [24, 18, 1, 17], [8, 19, 9, 20], [2, 22, 3, 21], [18, 24, 19, 23], [16, 2, 17, 1]]"
12n_0306_24,"[[17, 3, 18, 2], [4, 8, 5, 7], [6, 14, 7, 13], [8, 16, 9, 15], [21, 10, 22, 11], [12, 6, 13, 5], [14, 12, 15, 11], [23, 17, 24, 16], [1, 19, 2, 18], [9, 20, 10, 21], [3, 23, 4, 22], [19, 1, 20, 24]]"
12n_0306_25,"[[19, 1, 20, 24], [17, 3, 18, 2], [4, 8, 5, 7], [6, 14, 7, 13], [8, 16, 9, 15], [21, 10, 22, 11], [12, 6, 13, 5], [14, 12, 15, 11], [23, 17, 24, 16], [1, 19, 2, 18], [9, 20, 10, 21], [3, 23, 4, 22]]"
12n_0306_26,"[[3, 23, 4, 22], [19, 1, 20, 24], [17, 3, 18, 2], [4, 8, 5, 7], [6, 14, 7, 13], [8, 16, 9, 15], [21, 10, 22, 11], [12, 6, 13, 5], [14, 12, 15, 11], [23, 17, 24, 16], [1, 19, 2, 18], [9, 20, 10, 21]]"
12n_0306_27,"[[9, 20, 10, 21], [3, 23, 4, 22], [19, 1, 20, 24], [17, 3, 18, 2], [4, 8, 5, 7], [6, 14, 7, 13], [8, 16, 9, 15], [21, 10, 22, 11], [12, 6, 13, 5], [14, 12, 15, 11], [23, 17, 24, 16], [1, 19, 2, 18]]"
12n_0306_28,"[[1, 19, 2, 18], [9, 20, 10, 21], [3, 23, 4, 22], [19, 1, 20, 24], [17, 3, 18, 2], [4, 8, 5, 7], [6, 14, 7, 13], [8, 16, 9, 15], [21, 10, 22, 11], [12, 6, 13, 5], [14, 12, 15, 11], [23, 17, 24, 16]]"
12n_0306_29,"[[23, 17, 24, 16], [1, 19, 2, 18], [9, 20, 10, 21], [3, 23, 4, 22], [19, 1, 20, 24], [17, 3, 18, 2], [4, 8, 5, 7], [6, 14, 7, 13], [8, 16, 9, 15], [21, 10, 22, 11], [12, 6, 13, 5], [14, 12, 15, 11]]"
12n_0306_30,"[[14, 12, 15, 11], [23, 17, 24, 16], [1, 19, 2, 18], [9, 20, 10, 21], [3, 23, 4, 22], [19, 1, 20, 24], [17, 3, 18, 2], [4, 8, 5, 7], [6, 14, 7, 13], [8, 16, 9, 15], [21, 10, 22, 11], [12, 6, 13, 5]]"
12n_0306_31,"[[12, 6, 13, 5], [14, 12, 15, 11], [23, 17, 24, 16], [1, 19, 2, 18], [9, 20, 10, 21], [3, 23, 4, 22], [19, 1, 20, 24], [17, 3, 18, 2], [4, 8, 5, 7], [6, 14, 7, 13], [8, 16, 9, 15], [21, 10, 22, 11]]"
12n_0306_32,"[[21, 10, 22, 11], [12, 6, 13, 5], [14, 12, 15, 11], [23, 17, 24, 16], [1, 19, 2, 18], [9, 20, 10, 21], [3, 23, 4, 22], [19, 1, 20, 24], [17, 3, 18, 2], [4, 8, 5, 7], [6, 14, 7, 13], [8, 16, 9, 15]]"
12n_0306_33,"[[8, 16, 9, 15], [21, 10, 22, 11], [12, 6, 13, 5], [14, 12, 15, 11], [23, 17, 24, 16], [1, 19, 2, 18], [9, 20, 10, 21], [3, 23, 4, 22], [19, 1, 20, 24], [17, 3, 18, 2], [4, 8, 5, 7], [6, 14, 7, 13]]"
12n_0306_34,"[[6, 14, 7, 13], [8, 16, 9, 15], [21, 10, 22, 11], [12, 6, 13, 5], [14, 12, 15, 11], [23, 17, 24, 16], [1, 19, 2, 18], [9, 20, 10, 21], [3, 23, 4, 22], [19, 1, 20, 24], [17, 3, 18, 2], [4, 8, 5, 7]]"
12n_0306_35,"[[4, 8, 5, 7], [6, 14, 7, 13], [8, 16, 9, 15], [21, 10, 22, 11], [12, 6, 13, 5], [14, 12, 15, 11], [23, 17, 24, 16], [1, 19, 2, 18], [9, 20, 10, 21], [3, 23, 4, 22], [19, 1, 20, 24], [17, 3, 18, 2]]"
12n_0306_36,"[[18, 4, 19, 3], [5, 9, 6, 8], [7, 15, 8, 14], [9, 17, 10, 16], [22, 11, 23, 12], [13, 7, 14, 6], [15, 13, 16, 12], [24, 18, 1, 17], [2, 20, 3, 19], [10, 21, 11, 22], [4, 24, 5, 23], [20, 2, 21, 1]]"
12n_0306_37,"[[20, 2, 21, 1], [18, 4, 19, 3], [5, 9, 6, 8], [7, 15, 8, 14], [9, 17, 10, 16], [22, 11, 23, 12], [13, 7, 14, 6], [15, 13, 16, 12], [24, 18, 1, 17], [2, 20, 3, 19], [10, 21, 11, 22], [4, 24, 5, 23]]"
12n_0306_38,"[[4, 24, 5, 23], [20, 2, 21, 1], [18, 4, 19, 3], [5, 9, 6, 8], [7, 15, 8, 14], [9, 17, 10, 16], [22, 11, 23, 12], [13, 7, 14, 6], [15, 13, 16, 12], [24, 18, 1, 17], [2, 20, 3, 19], [10, 21, 11, 22]]"
12n_0306_39,"[[10, 21, 11, 22], [4, 24, 5, 23], [20, 2, 21, 1], [18, 4, 19, 3], [5, 9, 6, 8], [7, 15, 8, 14], [9, 17, 10, 16], [22, 11, 23, 12], [13, 7, 14, 6], [15, 13, 16, 12], [24, 18, 1, 17], [2, 20, 3, 19]]"
12n_0306_40,"[[2, 20, 3, 19], [10, 21, 11, 22], [4, 24, 5, 23], [20, 2, 21, 1], [18, 4, 19, 3], [5, 9, 6, 8], [7, 15, 8, 14], [9, 17, 10, 16], [22, 11, 23, 12], [13, 7, 14, 6], [15, 13, 16, 12], [24, 18, 1, 17]]"
12n_0306_41,"[[24, 18, 1, 17], [2, 20, 3, 19], [10, 21, 11, 22], [4, 24, 5, 23], [20, 2, 21, 1], [18, 4, 19, 3], [5, 9, 6, 8], [7, 15, 8, 14], [9, 17, 10, 16], [22, 11, 23, 12], [13, 7, 14, 6], [15, 13, 16, 12]]"
12n_0306_42,"[[15, 13, 16, 12], [24, 18, 1, 17], [2, 20, 3, 19], [10, 21, 11, 22], [4, 24, 5, 23], [20, 2, 21, 1], [18, 4, 19, 3], [5, 9, 6, 8], [7, 15, 8, 14], [9, 17, 10, 16], [22, 11, 23, 12], [13, 7, 14, 6]]"
12n_0306_43,"[[13, 7, 14, 6], [15, 13, 16, 12], [24, 18, 1, 17], [2, 20, 3, 19], [10, 21, 11, 22], [4, 24, 5, 23], [20, 2, 21, 1], [18, 4, 19, 3], [5, 9, 6, 8], [7, 15, 8, 14], [9, 17, 10, 16], [22, 11, 23, 12]]"
12n_0306_44,"[[22, 11, 23, 12], [13, 7, 14, 6], [15, 13, 16, 12], [24, 18, 1, 17], [2, 20, 3, 19], [10, 21, 11, 22], [4, 24, 5, 23], [20, 2, 21, 1], [18, 4, 19, 3], [5, 9, 6, 8], [7, 15, 8, 14], [9, 17, 10, 16]]"
12n_0306_45,"[[9, 17, 10, 16], [22, 11, 23, 12], [13, 7, 14, 6], [15, 13, 16, 12], [24, 18, 1, 17], [2, 20, 3, 19], [10, 21, 11, 22], [4, 24, 5, 23], [20, 2, 21, 1], [18, 4, 19, 3], [5, 9, 6, 8], [7, 15, 8, 14]]"
12n_0306_46,"[[7, 15, 8, 14], [9, 17, 10, 16], [22, 11, 23, 12], [13, 7, 14, 6], [15, 13, 16, 12], [24, 18, 1, 17], [2, 20, 3, 19], [10, 21, 11, 22], [4, 24, 5, 23], [20, 2, 21, 1], [18, 4, 19, 3], [5, 9, 6, 8]]"
12n_0306_47,"[[5, 9, 6, 8], [7, 15, 8, 14], [9, 17, 10, 16], [22, 11, 23, 12], [13, 7, 14, 6], [15, 13, 16, 12], [24, 18, 1, 17], [2, 20, 3, 19], [10, 21, 11, 22], [4, 24, 5, 23], [20, 2, 21, 1], [18, 4, 19, 3]]"
12n_0306_48,"[[19, 5, 20, 4], [6, 10, 7, 9], [8, 16, 9, 15], [10, 18, 11, 17], [23, 12, 24, 13], [14, 8, 15, 7], [16, 14, 17, 13], [1, 19, 2, 18], [3, 21, 4, 20], [11, 22, 12, 23], [5, 1, 6, 24], [21, 3, 22, 2]]"
12n_0306_49,"[[21, 3, 22, 2], [19, 5, 20, 4], [6, 10, 7, 9], [8, 16, 9, 15], [10, 18, 11, 17], [23, 12, 24, 13], [14, 8, 15, 7], [16, 14, 17, 13], [1, 19, 2, 18], [3, 21, 4, 20], [11, 22, 12, 23], [5, 1, 6, 24]]"
12n_0306_50,"[[5, 1, 6, 24], [21, 3, 22, 2], [19, 5, 20, 4], [6, 10, 7, 9], [8, 16, 9, 15], [10, 18, 11, 17], [23, 12, 24, 13], [14, 8, 15, 7], [16, 14, 17, 13], [1, 19, 2, 18], [3, 21, 4, 20], [11, 22, 12, 23]]"
12n_0306_51,"[[11, 22, 12, 23], [5, 1, 6, 24], [21, 3, 22, 2], [19, 5, 20, 4], [6, 10, 7, 9], [8, 16, 9, 15], [10, 18, 11, 17], [23, 12, 24, 13], [14, 8, 15, 7], [16, 14, 17, 13], [1, 19, 2, 18], [3, 21, 4, 20]]"
12n_0306_52,"[[3, 21, 4, 20], [11, 22, 12, 23], [5, 1, 6, 24], [21, 3, 22, 2], [19, 5, 20, 4], [6, 10, 7, 9], [8, 16, 9, 15], [10, 18, 11, 17], [23, 12, 24, 13], [14, 8, 15, 7], [16, 14, 17, 13], [1, 19, 2, 18]]"
12n_0306_53,"[[1, 19, 2, 18], [3, 21, 4, 20], [11, 22, 12, 23], [5, 1, 6, 24], [21, 3, 22, 2], [19, 5, 20, 4], [6, 10, 7, 9], [8, 16, 9, 15], [10, 18, 11, 17], [23, 12, 24, 13], [14, 8, 15, 7], [16, 14, 17, 13]]"
12n_0306_54,"[[16, 14, 17, 13], [1, 19, 2, 18], [3, 21, 4, 20], [11, 22, 12, 23], [5, 1, 6, 24], [21, 3, 22, 2], [19, 5, 20, 4], [6, 10, 7, 9], [8, 16, 9, 15], [10, 18, 11, 17], [23, 12, 24, 13], [14, 8, 15, 7]]"
12n_0306_55,"[[14, 8, 15, 7], [16, 14, 17, 13], [1, 19, 2, 18], [3, 21, 4, 20], [11, 22, 12, 23], [5, 1, 6, 24], [21, 3, 22, 2], [19, 5, 20, 4], [6, 10, 7, 9], [8, 16, 9, 15], [10, 18, 11, 17], [23, 12, 24, 13]]"
12n_0306_56,"[[23, 12, 24, 13], [14, 8, 15, 7], [16, 14, 17, 13], [1, 19, 2, 18], [3, 21, 4, 20], [11, 22, 12, 23], [5, 1, 6, 24], [21, 3, 22, 2], [19, 5, 20, 4], [6, 10, 7, 9], [8, 16, 9, 15], [10, 18, 11, 17]]"
12n_0306_57,"[[10, 18, 11, 17], [23, 12, 24, 13], [14, 8, 15, 7], [16, 14, 17, 13], [1, 19, 2, 18], [3, 21, 4, 20], [11, 22, 12, 23], [5, 1, 6, 24], [21, 3, 22, 2], [19, 5, 20, 4], [6, 10, 7, 9], [8, 16, 9, 15]]"
12n_0306_58,"[[8, 16, 9, 15], [10, 18, 11, 17], [23, 12, 24, 13], [14, 8, 15, 7], [16, 14, 17, 13], [1, 19, 2, 18], [3, 21, 4, 20], [11, 22, 12, 23], [5, 1, 6, 24], [21, 3, 22, 2], [19, 5, 20, 4], [6, 10, 7, 9]]"
12n_0306_59,"[[6, 10, 7, 9], [8, 16, 9, 15], [10, 18, 11, 17], [23, 12, 24, 13], [14, 8, 15, 7], [16, 14, 17, 13], [1, 19, 2, 18], [3, 21, 4, 20], [11, 22, 12, 23], [5, 1, 6, 24], [21, 3, 22, 2], [19, 5, 20, 4]]"
12n_0306_60,"[[20, 6, 21, 5], [7, 11, 8, 10], [9, 17, 10, 16], [11, 19, 12, 18], [24, 13, 1, 14], [15, 9, 16, 8], [17, 15, 18, 14], [2, 20, 3, 19], [4, 22, 5, 21], [12, 23, 13, 24], [6, 2, 7, 1], [22, 4, 23, 3]]"
12n_0306_61,"[[22, 4, 23, 3], [20, 6, 21, 5], [7, 11, 8, 10], [9, 17, 10, 16], [11, 19, 12, 18], [24, 13, 1, 14], [15, 9, 16, 8], [17, 15, 18, 14], [2, 20, 3, 19], [4, 22, 5, 21], [12, 23, 13, 24], [6, 2, 7, 1]]"
12n_0306_62,"[[6, 2, 7, 1], [22, 4, 23, 3], [20, 6, 21, 5], [7, 11, 8, 10], [9, 17, 10, 16], [11, 19, 12, 18], [24, 13, 1, 14], [15, 9, 16, 8], [17, 15, 18, 14], [2, 20, 3, 19], [4, 22, 5, 21], [12, 23, 13, 24]]"
12n_0306_63,"[[12, 23, 13, 24], [6, 2, 7, 1], [22, 4, 23, 3], [20, 6, 21, 5], [7, 11, 8, 10], [9, 17, 10, 16], [11, 19, 12, 18], [24, 13, 1, 14], [15, 9, 16, 8], [17, 15, 18, 14], [2, 20, 3, 19], [4, 22, 5, 21]]"
12n_0306_64,"[[4, 22, 5, 21], [12, 23, 13, 24], [6, 2, 7, 1], [22, 4, 23, 3], [20, 6, 21, 5], [7, 11, 8, 10], [9, 17, 10, 16], [11, 19, 12, 18], [24, 13, 1, 14], [15, 9, 16, 8], [17, 15, 18, 14], [2, 20, 3, 19]]"
12n_0306_65,"[[2, 20, 3, 19], [4, 22, 5, 21], [12, 23, 13, 24], [6, 2, 7, 1], [22, 4, 23, 3], [20, 6, 21, 5], [7, 11, 8, 10], [9, 17, 10, 16], [11, 19, 12, 18], [24, 13, 1, 14], [15, 9, 16, 8], [17, 15, 18, 14]]"
12n_0306_66,"[[17, 15, 18, 14], [2, 20, 3, 19], [4, 22, 5, 21], [12, 23, 13, 24], [6, 2, 7, 1], [22, 4, 23, 3], [20, 6, 21, 5], [7, 11, 8, 10], [9, 17, 10, 16], [11, 19, 12, 18], [24, 13, 1, 14], [15, 9, 16, 8]]"
12n_0306_67,"[[15, 9, 16, 8], [17, 15, 18, 14], [2, 20, 3, 19], [4, 22, 5, 21], [12, 23, 13, 24], [6, 2, 7, 1], [22, 4, 23, 3], [20, 6, 21, 5], [7, 11, 8, 10], [9, 17, 10, 16], [11, 19, 12, 18], [24, 13, 1, 14]]"
12n_0306_68,"[[24, 13, 1, 14], [15, 9, 16, 8], [17, 15, 18, 14], [2, 20, 3, 19], [4, 22, 5, 21], [12, 23, 13, 24], [6, 2, 7, 1], [22, 4, 23, 3], [20, 6, 21, 5], [7, 11, 8, 10], [9, 17, 10, 16], [11, 19, 12, 18]]"
12n_0306_69,"[[11, 19, 12, 18], [24, 13, 1, 14], [15, 9, 16, 8], [17, 15, 18, 14], [2, 20, 3, 19], [4, 22, 5, 21], [12, 23, 13, 24], [6, 2, 7, 1], [22, 4, 23, 3], [20, 6, 21, 5], [7, 11, 8, 10], [9, 17, 10, 16]]"
12n_0306_70,"[[9, 17, 10, 16], [11, 19, 12, 18], [24, 13, 1, 14], [15, 9, 16, 8], [17, 15, 18, 14], [2, 20, 3, 19], [4, 22, 5, 21], [12, 23, 13, 24], [6, 2, 7, 1], [22, 4, 23, 3], [20, 6, 21, 5], [7, 11, 8, 10]]"
12n_0306_71,"[[7, 11, 8, 10], [9, 17, 10, 16], [11, 19, 12, 18], [24, 13, 1, 14], [15, 9, 16, 8], [17, 15, 18, 14], [2, 20, 3, 19], [4, 22, 5, 21], [12, 23, 13, 24], [6, 2, 7, 1], [22, 4, 23, 3], [20, 6, 21, 5]]"
12n_0306_72,"[[21, 7, 22, 6], [8, 12, 9, 11], [10, 18, 11, 17], [12, 20, 13, 19], [1, 14, 2, 15], [16, 10, 17, 9], [18, 16, 19, 15], [3, 21, 4, 20], [5, 23, 6, 22], [13, 24, 14, 1], [7, 3, 8, 2], [23, 5, 24, 4]]"
12n_0306_73,"[[23, 5, 24, 4], [21, 7, 22, 6], [8, 12, 9, 11], [10, 18, 11, 17], [12, 20, 13, 19], [1, 14, 2, 15], [16, 10, 17, 9], [18, 16, 19, 15], [3, 21, 4, 20], [5, 23, 6, 22], [13, 24, 14, 1], [7, 3, 8, 2]]"
12n_0306_74,"[[7, 3, 8, 2], [23, 5, 24, 4], [21, 7, 22, 6], [8, 12, 9, 11], [10, 18, 11, 17], [12, 20, 13, 19], [1, 14, 2, 15], [16, 10, 17, 9], [18, 16, 19, 15], [3, 21, 4, 20], [5, 23, 6, 22], [13, 24, 14, 1]]"
12n_0306_75,"[[13, 24, 14, 1], [7, 3, 8, 2], [23, 5, 24, 4], [21, 7, 22, 6], [8, 12, 9, 11], [10, 18, 11, 17], [12, 20, 13, 19], [1, 14, 2, 15], [16, 10, 17, 9], [18, 16, 19, 15], [3, 21, 4, 20], [5, 23, 6, 22]]"
12n_0306_76,"[[5, 23, 6, 22], [13, 24, 14, 1], [7, 3, 8, 2], [23, 5, 24, 4], [21, 7, 22, 6], [8, 12, 9, 11], [10, 18, 11, 17], [12, 20, 13, 19], [1, 14, 2, 15], [16, 10, 17, 9], [18, 16, 19, 15], [3, 21, 4, 20]]"
12n_0306_77,"[[3, 21, 4, 20], [5, 23, 6, 22], [13, 24, 14, 1], [7, 3, 8, 2], [23, 5, 24, 4], [21, 7, 22, 6], [8, 12, 9, 11], [10, 18, 11, 17], [12, 20, 13, 19], [1, 14, 2, 15], [16, 10, 17, 9], [18, 16, 19, 15]]"
12n_0306_78,"[[18, 16, 19, 15], [3, 21, 4, 20], [5, 23, 6, 22], [13, 24, 14, 1], [7, 3, 8, 2], [23, 5, 24, 4], [21, 7, 22, 6], [8, 12, 9, 11], [10, 18, 11, 17], [12, 20, 13, 19], [1, 14, 2, 15], [16, 10, 17, 9]]"
12n_0306_79,"[[16, 10, 17, 9], [18, 16, 19, 15], [3, 21, 4, 20], [5, 23, 6, 22], [13, 24, 14, 1], [7, 3, 8, 2], [23, 5, 24, 4], [21, 7, 22, 6], [8, 12, 9, 11], [10, 18, 11, 17], [12, 20, 13, 19], [1, 14, 2, 15]]"
12n_0306_80,"[[1, 14, 2, 15], [16, 10, 17, 9], [18, 16, 19, 15], [3, 21, 4, 20], [5, 23, 6, 22], [13, 24, 14, 1], [7, 3, 8, 2], [23, 5, 24, 4], [21, 7, 22, 6], [8, 12, 9, 11], [10, 18, 11, 17], [12, 20, 13, 19]]"
12n_0306_81,"[[12, 20, 13, 19], [1, 14, 2, 15], [16, 10, 17, 9], [18, 16, 19, 15], [3, 21, 4, 20], [5, 23, 6, 22], [13, 24, 14, 1], [7, 3, 8, 2], [23, 5, 24, 4], [21, 7, 22, 6], [8, 12, 9, 11], [10, 18, 11, 17]]"
12n_0306_82,"[[10, 18, 11, 17], [12, 20, 13, 19], [1, 14, 2, 15], [16, 10, 17, 9], [18, 16, 19, 15], [3, 21, 4, 20], [5, 23, 6, 22], [13, 24, 14, 1], [7, 3, 8, 2], [23, 5, 24, 4], [21, 7, 22, 6], [8, 12, 9, 11]]"
12n_0306_83,"[[8, 12, 9, 11], [10, 18, 11, 17], [12, 20, 13, 19], [1, 14, 2, 15], [16, 10, 17, 9], [18, 16, 19, 15], [3, 21, 4, 20], [5, 23, 6, 22], [13, 24, 14, 1], [7, 3, 8, 2], [23, 5, 24, 4], [21, 7, 22, 6]]"
12n_0306_84,"[[22, 8, 23, 7], [9, 13, 10, 12], [11, 19, 12, 18], [13, 21, 14, 20], [2, 15, 3, 16], [17, 11, 18, 10], [19, 17, 20, 16], [4, 22, 5, 21], [6, 24, 7, 23], [14, 1, 15, 2], [8, 4, 9, 3], [24, 6, 1, 5]]"
12n_0306_85,"[[24, 6, 1, 5], [22, 8, 23, 7], [9, 13, 10, 12], [11, 19, 12, 18], [13, 21, 14, 20], [2, 15, 3, 16], [17, 11, 18, 10], [19, 17, 20, 16], [4, 22, 5, 21], [6, 24, 7, 23], [14, 1, 15, 2], [8, 4, 9, 3]]"
12n_0306_86,"[[8, 4, 9, 3], [24, 6, 1, 5], [22, 8, 23, 7], [9, 13, 10, 12], [11, 19, 12, 18], [13, 21, 14, 20], [2, 15, 3, 16], [17, 11, 18, 10], [19, 17, 20, 16], [4, 22, 5, 21], [6, 24, 7, 23], [14, 1, 15, 2]]"
12n_0306_87,"[[14, 1, 15, 2], [8, 4, 9, 3], [24, 6, 1, 5], [22, 8, 23, 7], [9, 13, 10, 12], [11, 19, 12, 18], [13, 21, 14, 20], [2, 15, 3, 16], [17, 11, 18, 10], [19, 17, 20, 16], [4, 22, 5, 21], [6, 24, 7, 23]]"
12n_0306_88,"[[6, 24, 7, 23], [14, 1, 15, 2], [8, 4, 9, 3], [24, 6, 1, 5], [22, 8, 23, 7], [9, 13, 10, 12], [11, 19, 12, 18], [13, 21, 14, 20], [2, 15, 3, 16], [17, 11, 18, 10], [19, 17, 20, 16], [4, 22, 5, 21]]"
12n_0306_89,"[[4, 22, 5, 21], [6, 24, 7, 23], [14, 1, 15, 2], [8, 4, 9, 3], [24, 6, 1, 5], [22, 8, 23, 7], [9, 13, 10, 12], [11, 19, 12, 18], [13, 21, 14, 20], [2, 15, 3, 16], [17, 11, 18, 10], [19, 17, 20, 16]]"
12n_0306_90,"[[19, 17, 20, 16], [4, 22, 5, 21], [6, 24, 7, 23], [14, 1, 15, 2], [8, 4, 9, 3], [24, 6, 1, 5], [22, 8, 23, 7], [9, 13, 10, 12], [11, 19, 12, 18], [13, 21, 14, 20], [2, 15, 3, 16], [17, 11, 18, 10]]"
12n_0306_91,"[[17, 11, 18, 10], [19, 17, 20, 16], [4, 22, 5, 21], [6, 24, 7, 23], [14, 1, 15, 2], [8, 4, 9, 3], [24, 6, 1, 5], [22, 8, 23, 7], [9, 13, 10, 12], [11, 19, 12, 18], [13, 21, 14, 20], [2, 15, 3, 16]]"
12n_0306_92,"[[2, 15, 3, 16], [17, 11, 18, 10], [19, 17, 20, 16], [4, 22, 5, 21], [6, 24, 7, 23], [14, 1, 15, 2], [8, 4, 9, 3], [24, 6, 1, 5], [22, 8, 23, 7], [9, 13, 10, 12], [11, 19, 12, 18], [13, 21, 14, 20]]"
12n_0306_93,"[[13, 21, 14, 20], [2, 15, 3, 16], [17, 11, 18, 10], [19, 17, 20, 16], [4, 22, 5, 21], [6, 24, 7, 23], [14, 1, 15, 2], [8, 4, 9, 3], [24, 6, 1, 5], [22, 8, 23, 7], [9, 13, 10, 12], [11, 19, 12, 18]]"
12n_0306_94,"[[11, 19, 12, 18], [13, 21, 14, 20], [2, 15, 3, 16], [17, 11, 18, 10], [19, 17, 20, 16], [4, 22, 5, 21], [6, 24, 7, 23], [14, 1, 15, 2], [8, 4, 9, 3], [24, 6, 1, 5], [22, 8, 23, 7], [9, 13, 10, 12]]"
12n_0306_95,"[[9, 13, 10, 12], [11, 19, 12, 18], [13, 21, 14, 20], [2, 15, 3, 16], [17, 11, 18, 10], [19, 17, 20, 16], [4, 22, 5, 21], [6, 24, 7, 23], [14, 1, 15, 2], [8, 4, 9, 3], [24, 6, 1, 5], [22, 8, 23, 7]]"
12n_0306_96,"[[23, 9, 24, 8], [10, 14, 11, 13], [12, 20, 13, 19], [14, 22, 15, 21], [3, 16, 4, 17], [18, 12, 19, 11], [20, 18, 21, 17], [5, 23, 6, 22], [7, 1, 8, 24], [15, 2, 16, 3], [9, 5, 10, 4], [1, 7, 2, 6]]"
12n_0306_97,"[[1, 7, 2, 6], [23, 9, 24, 8], [10, 14, 11, 13], [12, 20, 13, 19], [14, 22, 15, 21], [3, 16, 4, 17], [18, 12, 19, 11], [20, 18, 21, 17], [5, 23, 6, 22], [7, 1, 8, 24], [15, 2, 16, 3], [9, 5, 10, 4]]"
12n_0306_98,"[[9, 5, 10, 4], [1, 7, 2, 6], [23, 9, 24, 8], [10, 14, 11, 13], [12, 20, 13, 19], [14, 22, 15, 21], [3, 16, 4, 17], [18, 12, 19, 11], [20, 18, 21, 17], [5, 23, 6, 22], [7, 1, 8, 24], [15, 2, 16, 3]]"
12n_0306_99,"[[15, 2, 16, 3], [9, 5, 10, 4], [1, 7, 2, 6], [23, 9, 24, 8], [10, 14, 11, 13], [12, 20, 13, 19], [14, 22, 15, 21], [3, 16, 4, 17], [18, 12, 19, 11], [20, 18, 21, 17], [5, 23, 6, 22], [7, 1, 8, 24]]"
12n_0306_100,"[[7, 1, 8, 24], [15, 2, 16, 3], [9, 5, 10, 4], [1, 7, 2, 6], [23, 9, 24, 8], [10, 14, 11, 13], [12, 20, 13, 19], [14, 22, 15, 21], [3, 16, 4, 17], [18, 12, 19, 11], [20, 18, 21, 17], [5, 23, 6, 22]]"
12n_0306_101,"[[5, 23, 6, 22], [7, 1, 8, 24], [15, 2, 16, 3], [9, 5, 10, 4], [1, 7, 2, 6], [23, 9, 24, 8], [10, 14, 11, 13], [12, 20, 13, 19], [14, 22, 15, 21], [3, 16, 4, 17], [18, 12, 19, 11], [20, 18, 21, 17]]"
12n_0306_102,"[[20, 18, 21, 17], [5, 23, 6, 22], [7, 1, 8, 24], [15, 2, 16, 3], [9, 5, 10, 4], [1, 7, 2, 6], [23, 9, 24, 8], [10, 14, 11, 13], [12, 20, 13, 19], [14, 22, 15, 21], [3, 16, 4, 17], [18, 12, 19, 11]]"
12n_0306_103,"[[18, 12, 19, 11], [20, 18, 21, 17], [5, 23, 6, 22], [7, 1, 8, 24], [15, 2, 16, 3], [9, 5, 10, 4], [1, 7, 2, 6], [23, 9, 24, 8], [10, 14, 11, 13], [12, 20, 13, 19], [14, 22, 15, 21], [3, 16, 4, 17]]"
12n_0306_104,"[[3, 16, 4, 17], [18, 12, 19, 11], [20, 18, 21, 17], [5, 23, 6, 22], [7, 1, 8, 24], [15, 2, 16, 3], [9, 5, 10, 4], [1, 7, 2, 6], [23, 9, 24, 8], [10, 14, 11, 13], [12, 20, 13, 19], [14, 22, 15, 21]]"
12n_0306_105,"[[14, 22, 15, 21], [3, 16, 4, 17], [18, 12, 19, 11], [20, 18, 21, 17], [5, 23, 6, 22], [7, 1, 8, 24], [15, 2, 16, 3], [9, 5, 10, 4], [1, 7, 2, 6], [23, 9, 24, 8], [10, 14, 11, 13], [12, 20, 13, 19]]"
12n_0306_106,"[[12, 20, 13, 19], [14, 22, 15, 21], [3, 16, 4, 17], [18, 12, 19, 11], [20, 18, 21, 17], [5, 23, 6, 22], [7, 1, 8, 24], [15, 2, 16, 3], [9, 5, 10, 4], [1, 7, 2, 6], [23, 9, 24, 8], [10, 14, 11, 13]]"
12n_0306_107,"[[10, 14, 11, 13], [12, 20, 13, 19], [14, 22, 15, 21], [3, 16, 4, 17], [18, 12, 19, 11], [20, 18, 21, 17], [5, 23, 6, 22], [7, 1, 8, 24], [15, 2, 16, 3], [9, 5, 10, 4], [1, 7, 2, 6], [23, 9, 24, 8]]"
12n_0306_108,"[[24, 10, 1, 9], [11, 15, 12, 14], [13, 21, 14, 20], [15, 23, 16, 22], [4, 17, 5, 18], [19, 13, 20, 12], [21, 19, 22, 18], [6, 24, 7, 23], [8, 2, 9, 1], [16, 3, 17, 4], [10, 6, 11, 5], [2, 8, 3, 7]]"
12n_0306_109,"[[2, 8, 3, 7], [24, 10, 1, 9], [11, 15, 12, 14], [13, 21, 14, 20], [15, 23, 16, 22], [4, 17, 5, 18], [19, 13, 20, 12], [21, 19, 22, 18], [6, 24, 7, 23], [8, 2, 9, 1], [16, 3, 17, 4], [10, 6, 11, 5]]"
12n_0306_110,"[[10, 6, 11, 5], [2, 8, 3, 7], [24, 10, 1, 9], [11, 15, 12, 14], [13, 21, 14, 20], [15, 23, 16, 22], [4, 17, 5, 18], [19, 13, 20, 12], [21, 19, 22, 18], [6, 24, 7, 23], [8, 2, 9, 1], [16, 3, 17, 4]]"
12n_0306_111,"[[16, 3, 17, 4], [10, 6, 11, 5], [2, 8, 3, 7], [24, 10, 1, 9], [11, 15, 12, 14], [13, 21, 14, 20], [15, 23, 16, 22], [4, 17, 5, 18], [19, 13, 20, 12], [21, 19, 22, 18], [6, 24, 7, 23], [8, 2, 9, 1]]"
12n_0306_112,"[[8, 2, 9, 1], [16, 3, 17, 4], [10, 6, 11, 5], [2, 8, 3, 7], [24, 10, 1, 9], [11, 15, 12, 14], [13, 21, 14, 20], [15, 23, 16, 22], [4, 17, 5, 18], [19, 13, 20, 12], [21, 19, 22, 18], [6, 24, 7, 23]]"
12n_0306_113,"[[6, 24, 7, 23], [8, 2, 9, 1], [16, 3, 17, 4], [10, 6, 11, 5], [2, 8, 3, 7], [24, 10, 1, 9], [11, 15, 12, 14], [13, 21, 14, 20], [15, 23, 16, 22], [4, 17, 5, 18], [19, 13, 20, 12], [21, 19, 22, 18]]"
12n_0306_114,"[[21, 19, 22, 18], [6, 24, 7, 23], [8, 2, 9, 1], [16, 3, 17, 4], [10, 6, 11, 5], [2, 8, 3, 7], [24, 10, 1, 9], [11, 15, 12, 14], [13, 21, 14, 20], [15, 23, 16, 22], [4, 17, 5, 18], [19, 13, 20, 12]]"
12n_0306_115,"[[19, 13, 20, 12], [21, 19, 22, 18], [6, 24, 7, 23], [8, 2, 9, 1], [16, 3, 17, 4], [10, 6, 11, 5], [2, 8, 3, 7], [24, 10, 1, 9], [11, 15, 12, 14], [13, 21, 14, 20], [15, 23, 16, 22], [4, 17, 5, 18]]"
12n_0306_116,"[[4, 17, 5, 18], [19, 13, 20, 12], [21, 19, 22, 18], [6, 24, 7, 23], [8, 2, 9, 1], [16, 3, 17, 4], [10, 6, 11, 5], [2, 8, 3, 7], [24, 10, 1, 9], [11, 15, 12, 14], [13, 21, 14, 20], [15, 23, 16, 22]]"
12n_0306_117,"[[15, 23, 16, 22], [4, 17, 5, 18], [19, 13, 20, 12], [21, 19, 22, 18], [6, 24, 7, 23], [8, 2, 9, 1], [16, 3, 17, 4], [10, 6, 11, 5], [2, 8, 3, 7], [24, 10, 1, 9], [11, 15, 12, 14], [13, 21, 14, 20]]"
12n_0306_118,"[[13, 21, 14, 20], [15, 23, 16, 22], [4, 17, 5, 18], [19, 13, 20, 12], [21, 19, 22, 18], [6, 24, 7, 23], [8, 2, 9, 1], [16, 3, 17, 4], [10, 6, 11, 5], [2, 8, 3, 7], [24, 10, 1, 9], [11, 15, 12, 14]]"
12n_0306_119,"[[11, 15, 12, 14], [13, 21, 14, 20], [15, 23, 16, 22], [4, 17, 5, 18], [19, 13, 20, 12], [21, 19, 22, 18], [6, 24, 7, 23], [8, 2, 9, 1], [16, 3, 17, 4], [10, 6, 11, 5], [2, 8, 3, 7], [24, 10, 1, 9]]"
12n_0306_120,"[[1, 11, 2, 10], [12, 16, 13, 15], [14, 22, 15, 21], [16, 24, 17, 23], [5, 18, 6, 19], [20, 14, 21, 13], [22, 20, 23, 19], [7, 1, 8, 24], [9, 3, 10, 2], [17, 4, 18, 5], [11, 7, 12, 6], [3, 9, 4, 8]]"
12n_0306_121,"[[3, 9, 4, 8], [1, 11, 2, 10], [12, 16, 13, 15], [14, 22, 15, 21], [16, 24, 17, 23], [5, 18, 6, 19], [20, 14, 21, 13], [22, 20, 23, 19], [7, 1, 8, 24], [9, 3, 10, 2], [17, 4, 18, 5], [11, 7, 12, 6]]"
12n_0306_122,"[[11, 7, 12, 6], [3, 9, 4, 8], [1, 11, 2, 10], [12, 16, 13, 15], [14, 22, 15, 21], [16, 24, 17, 23], [5, 18, 6, 19], [20, 14, 21, 13], [22, 20, 23, 19], [7, 1, 8, 24], [9, 3, 10, 2], [17, 4, 18, 5]]"
12n_0306_123,"[[17, 4, 18, 5], [11, 7, 12, 6], [3, 9, 4, 8], [1, 11, 2, 10], [12, 16, 13, 15], [14, 22, 15, 21], [16, 24, 17, 23], [5, 18, 6, 19], [20, 14, 21, 13], [22, 20, 23, 19], [7, 1, 8, 24], [9, 3, 10, 2]]"
12n_0306_124,"[[9, 3, 10, 2], [17, 4, 18, 5], [11, 7, 12, 6], [3, 9, 4, 8], [1, 11, 2, 10], [12, 16, 13, 15], [14, 22, 15, 21], [16, 24, 17, 23], [5, 18, 6, 19], [20, 14, 21, 13], [22, 20, 23, 19], [7, 1, 8, 24]]"
12n_0306_125,"[[7, 1, 8, 24], [9, 3, 10, 2], [17, 4, 18, 5], [11, 7, 12, 6], [3, 9, 4, 8], [1, 11, 2, 10], [12, 16, 13, 15], [14, 22, 15, 21], [16, 24, 17, 23], [5, 18, 6, 19], [20, 14, 21, 13], [22, 20, 23, 19]]"
12n_0306_126,"[[22, 20, 23, 19], [7, 1, 8, 24], [9, 3, 10, 2], [17, 4, 18, 5], [11, 7, 12, 6], [3, 9, 4, 8], [1, 11, 2, 10], [12, 16, 13, 15], [14, 22, 15, 21], [16, 24, 17, 23], [5, 18, 6, 19], [20, 14, 21, 13]]"
12n_0306_127,"[[20, 14, 21, 13], [22, 20, 23, 19], [7, 1, 8, 24], [9, 3, 10, 2], [17, 4, 18, 5], [11, 7, 12, 6], [3, 9, 4, 8], [1, 11, 2, 10], [12, 16, 13, 15], [14, 22, 15, 21], [16, 24, 17, 23], [5, 18, 6, 19]]"
12n_0306_128,"[[5, 18, 6, 19], [20, 14, 21, 13], [22, 20, 23, 19], [7, 1, 8, 24], [9, 3, 10, 2], [17, 4, 18, 5], [11, 7, 12, 6], [3, 9, 4, 8], [1, 11, 2, 10], [12, 16, 13, 15], [14, 22, 15, 21], [16, 24, 17, 23]]"
12n_0306_129,"[[16, 24, 17, 23], [5, 18, 6, 19], [20, 14, 21, 13], [22, 20, 23, 19], [7, 1, 8, 24], [9, 3, 10, 2], [17, 4, 18, 5], [11, 7, 12, 6], [3, 9, 4, 8], [1, 11, 2, 10], [12, 16, 13, 15], [14, 22, 15, 21]]"
12n_0306_130,"[[14, 22, 15, 21], [16, 24, 17, 23], [5, 18, 6, 19], [20, 14, 21, 13], [22, 20, 23, 19], [7, 1, 8, 24], [9, 3, 10, 2], [17, 4, 18, 5], [11, 7, 12, 6], [3, 9, 4, 8], [1, 11, 2, 10], [12, 16, 13, 15]]"
12n_0306_131,"[[12, 16, 13, 15], [14, 22, 15, 21], [16, 24, 17, 23], [5, 18, 6, 19], [20, 14, 21, 13], [22, 20, 23, 19], [7, 1, 8, 24], [9, 3, 10, 2], [17, 4, 18, 5], [11, 7, 12, 6], [3, 9, 4, 8], [1, 11, 2, 10]]"
12n_0306_132,"[[2, 12, 3, 11], [13, 17, 14, 16], [15, 23, 16, 22], [17, 1, 18, 24], [6, 19, 7, 20], [21, 15, 22, 14], [23, 21, 24, 20], [8, 2, 9, 1], [10, 4, 11, 3], [18, 5, 19, 6], [12, 8, 13, 7], [4, 10, 5, 9]]"
12n_0306_133,"[[4, 10, 5, 9], [2, 12, 3, 11], [13, 17, 14, 16], [15, 23, 16, 22], [17, 1, 18, 24], [6, 19, 7, 20], [21, 15, 22, 14], [23, 21, 24, 20], [8, 2, 9, 1], [10, 4, 11, 3], [18, 5, 19, 6], [12, 8, 13, 7]]"
12n_0306_134,"[[12, 8, 13, 7], [4, 10, 5, 9], [2, 12, 3, 11], [13, 17, 14, 16], [15, 23, 16, 22], [17, 1, 18, 24], [6, 19, 7, 20], [21, 15, 22, 14], [23, 21, 24, 20], [8, 2, 9, 1], [10, 4, 11, 3], [18, 5, 19, 6]]"
12n_0306_135,"[[18, 5, 19, 6], [12, 8, 13, 7], [4, 10, 5, 9], [2, 12, 3, 11], [13, 17, 14, 16], [15, 23, 16, 22], [17, 1, 18, 24], [6, 19, 7, 20], [21, 15, 22, 14], [23, 21, 24, 20], [8, 2, 9, 1], [10, 4, 11, 3]]"
12n_0306_136,"[[10, 4, 11, 3], [18, 5, 19, 6], [12, 8, 13, 7], [4, 10, 5, 9], [2, 12, 3, 11], [13, 17, 14, 16], [15, 23, 16, 22], [17, 1, 18, 24], [6, 19, 7, 20], [21, 15, 22, 14], [23, 21, 24, 20], [8, 2, 9, 1]]"
12n_0306_137,"[[8, 2, 9, 1], [10, 4, 11, 3], [18, 5, 19, 6], [12, 8, 13, 7], [4, 10, 5, 9], [2, 12, 3, 11], [13, 17, 14, 16], [15, 23, 16, 22], [17, 1, 18, 24], [6, 19, 7, 20], [21, 15, 22, 14], [23, 21, 24, 20]]"
12n_0306_138,"[[23, 21, 24, 20], [8, 2, 9, 1], [10, 4, 11, 3], [18, 5, 19, 6], [12, 8, 13, 7], [4, 10, 5, 9], [2, 12, 3, 11], [13, 17, 14, 16], [15, 23, 16, 22], [17, 1, 18, 24], [6, 19, 7, 20], [21, 15, 22, 14]]"
12n_0306_139,"[[21, 15, 22, 14], [23, 21, 24, 20], [8, 2, 9, 1], [10, 4, 11, 3], [18, 5, 19, 6], [12, 8, 13, 7], [4, 10, 5, 9], [2, 12, 3, 11], [13, 17, 14, 16], [15, 23, 16, 22], [17, 1, 18, 24], [6, 19, 7, 20]]"
12n_0306_140,"[[6, 19, 7, 20], [21, 15, 22, 14], [23, 21, 24, 20], [8, 2, 9, 1], [10, 4, 11, 3], [18, 5, 19, 6], [12, 8, 13, 7], [4, 10, 5, 9], [2, 12, 3, 11], [13, 17, 14, 16], [15, 23, 16, 22], [17, 1, 18, 24]]"
12n_0306_141,"[[17, 1, 18, 24], [6, 19, 7, 20], [21, 15, 22, 14], [23, 21, 24, 20], [8, 2, 9, 1], [10, 4, 11, 3], [18, 5, 19, 6], [12, 8, 13, 7], [4, 10, 5, 9], [2, 12, 3, 11], [13, 17, 14, 16], [15, 23, 16, 22]]"
12n_0306_142,"[[15, 23, 16, 22], [17, 1, 18, 24], [6, 19, 7, 20], [21, 15, 22, 14], [23, 21, 24, 20], [8, 2, 9, 1], [10, 4, 11, 3], [18, 5, 19, 6], [12, 8, 13, 7], [4, 10, 5, 9], [2, 12, 3, 11], [13, 17, 14, 16]]"
12n_0306_143,"[[13, 17, 14, 16], [15, 23, 16, 22], [17, 1, 18, 24], [6, 19, 7, 20], [21, 15, 22, 14], [23, 21, 24, 20], [8, 2, 9, 1], [10, 4, 11, 3], [18, 5, 19, 6], [12, 8, 13, 7], [4, 10, 5, 9], [2, 12, 3, 11]]"
12n_0306_144,"[[3, 13, 4, 12], [14, 18, 15, 17], [16, 24, 17, 23], [18, 2, 19, 1], [7, 20, 8, 21], [22, 16, 23, 15], [24, 22, 1, 21], [9, 3, 10, 2], [11, 5, 12, 4], [19, 6, 20, 7], [13, 9, 14, 8], [5, 11, 6, 10]]"
12n_0306_145,"[[5, 11, 6, 10], [3, 13, 4, 12], [14, 18, 15, 17], [16, 24, 17, 23], [18, 2, 19, 1], [7, 20, 8, 21], [22, 16, 23, 15], [24, 22, 1, 21], [9, 3, 10, 2], [11, 5, 12, 4], [19, 6, 20, 7], [13, 9, 14, 8]]"
12n_0306_146,"[[13, 9, 14, 8], [5, 11, 6, 10], [3, 13, 4, 12], [14, 18, 15, 17], [16, 24, 17, 23], [18, 2, 19, 1], [7, 20, 8, 21], [22, 16, 23, 15], [24, 22, 1, 21], [9, 3, 10, 2], [11, 5, 12, 4], [19, 6, 20, 7]]"
12n_0306_147,"[[19, 6, 20, 7], [13, 9, 14, 8], [5, 11, 6, 10], [3, 13, 4, 12], [14, 18, 15, 17], [16, 24, 17, 23], [18, 2, 19, 1], [7, 20, 8, 21], [22, 16, 23, 15], [24, 22, 1, 21], [9, 3, 10, 2], [11, 5, 12, 4]]"
12n_0306_148,"[[11, 5, 12, 4], [19, 6, 20, 7], [13, 9, 14, 8], [5, 11, 6, 10], [3, 13, 4, 12], [14, 18, 15, 17], [16, 24, 17, 23], [18, 2, 19, 1], [7, 20, 8, 21], [22, 16, 23, 15], [24, 22, 1, 21], [9, 3, 10, 2]]"
12n_0306_149,"[[9, 3, 10, 2], [11, 5, 12, 4], [19, 6, 20, 7], [13, 9, 14, 8], [5, 11, 6, 10], [3, 13, 4, 12], [14, 18, 15, 17], [16, 24, 17, 23], [18, 2, 19, 1], [7, 20, 8, 21], [22, 16, 23, 15], [24, 22, 1, 21]]"
12n_0306_150,"[[24, 22, 1, 21], [9, 3, 10, 2], [11, 5, 12, 4], [19, 6, 20, 7], [13, 9, 14, 8], [5, 11, 6, 10], [3, 13, 4, 12], [14, 18, 15, 17], [16, 24, 17, 23], [18, 2, 19, 1], [7, 20, 8, 21], [22, 16, 23, 15]]"
12n_0306_151,"[[22, 16, 23, 15], [24, 22, 1, 21], [9, 3, 10, 2], [11, 5, 12, 4], [19, 6, 20, 7], [13, 9, 14, 8], [5, 11, 6, 10], [3, 13, 4, 12], [14, 18, 15, 17], [16, 24, 17, 23], [18, 2, 19, 1], [7, 20, 8, 21]]"
12n_0306_152,"[[7, 20, 8, 21], [22, 16, 23, 15], [24, 22, 1, 21], [9, 3, 10, 2], [11, 5, 12, 4], [19, 6, 20, 7], [13, 9, 14, 8], [5, 11, 6, 10], [3, 13, 4, 12], [14, 18, 15, 17], [16, 24, 17, 23], [18, 2, 19, 1]]"
12n_0306_153,"[[18, 2, 19, 1], [7, 20, 8, 21], [22, 16, 23, 15], [24, 22, 1, 21], [9, 3, 10, 2], [11, 5, 12, 4], [19, 6, 20, 7], [13, 9, 14, 8], [5, 11, 6, 10], [3, 13, 4, 12], [14, 18, 15, 17], [16, 24, 17, 23]]"
12n_0306_154,"[[16, 24, 17, 23], [18, 2, 19, 1], [7, 20, 8, 21], [22, 16, 23, 15], [24, 22, 1, 21], [9, 3, 10, 2], [11, 5, 12, 4], [19, 6, 20, 7], [13, 9, 14, 8], [5, 11, 6, 10], [3, 13, 4, 12], [14, 18, 15, 17]]"
12n_0306_155,"[[14, 18, 15, 17], [16, 24, 17, 23], [18, 2, 19, 1], [7, 20, 8, 21], [22, 16, 23, 15], [24, 22, 1, 21], [9, 3, 10, 2], [11, 5, 12, 4], [19, 6, 20, 7], [13, 9, 14, 8], [5, 11, 6, 10], [3, 13, 4, 12]]"
12n_0306_156,"[[4, 14, 5, 13], [15, 19, 16, 18], [17, 1, 18, 24], [19, 3, 20, 2], [8, 21, 9, 22], [23, 17, 24, 16], [1, 23, 2, 22], [10, 4, 11, 3], [12, 6, 13, 5], [20, 7, 21, 8], [14, 10, 15, 9], [6, 12, 7, 11]]"
12n_0306_157,"[[6, 12, 7, 11], [4, 14, 5, 13], [15, 19, 16, 18], [17, 1, 18, 24], [19, 3, 20, 2], [8, 21, 9, 22], [23, 17, 24, 16], [1, 23, 2, 22], [10, 4, 11, 3], [12, 6, 13, 5], [20, 7, 21, 8], [14, 10, 15, 9]]"
12n_0306_158,"[[14, 10, 15, 9], [6, 12, 7, 11], [4, 14, 5, 13], [15, 19, 16, 18], [17, 1, 18, 24], [19, 3, 20, 2], [8, 21, 9, 22], [23, 17, 24, 16], [1, 23, 2, 22], [10, 4, 11, 3], [12, 6, 13, 5], [20, 7, 21, 8]]"
12n_0306_159,"[[20, 7, 21, 8], [14, 10, 15, 9], [6, 12, 7, 11], [4, 14, 5, 13], [15, 19, 16, 18], [17, 1, 18, 24], [19, 3, 20, 2], [8, 21, 9, 22], [23, 17, 24, 16], [1, 23, 2, 22], [10, 4, 11, 3], [12, 6, 13, 5]]"
12n_0306_160,"[[12, 6, 13, 5], [20, 7, 21, 8], [14, 10, 15, 9], [6, 12, 7, 11], [4, 14, 5, 13], [15, 19, 16, 18], [17, 1, 18, 24], [19, 3, 20, 2], [8, 21, 9, 22], [23, 17, 24, 16], [1, 23, 2, 22], [10, 4, 11, 3]]"
12n_0306_161,"[[10, 4, 11, 3], [12, 6, 13, 5], [20, 7, 21, 8], [14, 10, 15, 9], [6, 12, 7, 11], [4, 14, 5, 13], [15, 19, 16, 18], [17, 1, 18, 24], [19, 3, 20, 2], [8, 21, 9, 22], [23, 17, 24, 16], [1, 23, 2, 22]]"
12n_0306_162,"[[1, 23, 2, 22], [10, 4, 11, 3], [12, 6, 13, 5], [20, 7, 21, 8], [14, 10, 15, 9], [6, 12, 7, 11], [4, 14, 5, 13], [15, 19, 16, 18], [17, 1, 18, 24], [19, 3, 20, 2], [8, 21, 9, 22], [23, 17, 24, 16]]"
12n_0306_163,"[[23, 17, 24, 16], [1, 23, 2, 22], [10, 4, 11, 3], [12, 6, 13, 5], [20, 7, 21, 8], [14, 10, 15, 9], [6, 12, 7, 11], [4, 14, 5, 13], [15, 19, 16, 18], [17, 1, 18, 24], [19, 3, 20, 2], [8, 21, 9, 22]]"
12n_0306_164,"[[8, 21, 9, 22], [23, 17, 24, 16], [1, 23, 2, 22], [10, 4, 11, 3], [12, 6, 13, 5], [20, 7, 21, 8], [14, 10, 15, 9], [6, 12, 7, 11], [4, 14, 5, 13], [15, 19, 16, 18], [17, 1, 18, 24], [19, 3, 20, 2]]"
12n_0306_165,"[[19, 3, 20, 2], [8, 21, 9, 22], [23, 17, 24, 16], [1, 23, 2, 22], [10, 4, 11, 3], [12, 6, 13, 5], [20, 7, 21, 8], [14, 10, 15, 9], [6, 12, 7, 11], [4, 14, 5, 13], [15, 19, 16, 18], [17, 1, 18, 24]]"
12n_0306_166,"[[17, 1, 18, 24], [19, 3, 20, 2], [8, 21, 9, 22], [23, 17, 24, 16], [1, 23, 2, 22], [10, 4, 11, 3], [12, 6, 13, 5], [20, 7, 21, 8], [14, 10, 15, 9], [6, 12, 7, 11], [4, 14, 5, 13], [15, 19, 16, 18]]"
12n_0306_167,"[[15, 19, 16, 18], [17, 1, 18, 24], [19, 3, 20, 2], [8, 21, 9, 22], [23, 17, 24, 16], [1, 23, 2, 22], [10, 4, 11, 3], [12, 6, 13, 5], [20, 7, 21, 8], [14, 10, 15, 9], [6, 12, 7, 11], [4, 14, 5, 13]]"
12n_0306_168,"[[5, 15, 6, 14], [16, 20, 17, 19], [18, 2, 19, 1], [20, 4, 21, 3], [9, 22, 10, 23], [24, 18, 1, 17], [2, 24, 3, 23], [11, 5, 12, 4], [13, 7, 14, 6], [21, 8, 22, 9], [15, 11, 16, 10], [7, 13, 8, 12]]"
12n_0306_169,"[[7, 13, 8, 12], [5, 15, 6, 14], [16, 20, 17, 19], [18, 2, 19, 1], [20, 4, 21, 3], [9, 22, 10, 23], [24, 18, 1, 17], [2, 24, 3, 23], [11, 5, 12, 4], [13, 7, 14, 6], [21, 8, 22, 9], [15, 11, 16, 10]]"
12n_0306_170,"[[15, 11, 16, 10], [7, 13, 8, 12], [5, 15, 6, 14], [16, 20, 17, 19], [18, 2, 19, 1], [20, 4, 21, 3], [9, 22, 10, 23], [24, 18, 1, 17], [2, 24, 3, 23], [11, 5, 12, 4], [13, 7, 14, 6], [21, 8, 22, 9]]"
12n_0306_171,"[[21, 8, 22, 9], [15, 11, 16, 10], [7, 13, 8, 12], [5, 15, 6, 14], [16, 20, 17, 19], [18, 2, 19, 1], [20, 4, 21, 3], [9, 22, 10, 23], [24, 18, 1, 17], [2, 24, 3, 23], [11, 5, 12, 4], [13, 7, 14, 6]]"
12n_0306_172,"[[13, 7, 14, 6], [21, 8, 22, 9], [15, 11, 16, 10], [7, 13, 8, 12], [5, 15, 6, 14], [16, 20, 17, 19], [18, 2, 19, 1], [20, 4, 21, 3], [9, 22, 10, 23], [24, 18, 1, 17], [2, 24, 3, 23], [11, 5, 12, 4]]"
12n_0306_173,"[[11, 5, 12, 4], [13, 7, 14, 6], [21, 8, 22, 9], [15, 11, 16, 10], [7, 13, 8, 12], [5, 15, 6, 14], [16, 20, 17, 19], [18, 2, 19, 1], [20, 4, 21, 3], [9, 22, 10, 23], [24, 18, 1, 17], [2, 24, 3, 23]]"
12n_0306_174,"[[2, 24, 3, 23], [11, 5, 12, 4], [13, 7, 14, 6], [21, 8, 22, 9], [15, 11, 16, 10], [7, 13, 8, 12], [5, 15, 6, 14], [16, 20, 17, 19], [18, 2, 19, 1], [20, 4, 21, 3], [9, 22, 10, 23], [24, 18, 1, 17]]"
12n_0306_175,"[[24, 18, 1, 17], [2, 24, 3, 23], [11, 5, 12, 4], [13, 7, 14, 6], [21, 8, 22, 9], [15, 11, 16, 10], [7, 13, 8, 12], [5, 15, 6, 14], [16, 20, 17, 19], [18, 2, 19, 1], [20, 4, 21, 3], [9, 22, 10, 23]]"
12n_0306_176,"[[9, 22, 10, 23], [24, 18, 1, 17], [2, 24, 3, 23], [11, 5, 12, 4], [13, 7, 14, 6], [21, 8, 22, 9], [15, 11, 16, 10], [7, 13, 8, 12], [5, 15, 6, 14], [16, 20, 17, 19], [18, 2, 19, 1], [20, 4, 21, 3]]"
12n_0306_177,"[[20, 4, 21, 3], [9, 22, 10, 23], [24, 18, 1, 17], [2, 24, 3, 23], [11, 5, 12, 4], [13, 7, 14, 6], [21, 8, 22, 9], [15, 11, 16, 10], [7, 13, 8, 12], [5, 15, 6, 14], [16, 20, 17, 19], [18, 2, 19, 1]]"
12n_0306_178,"[[18, 2, 19, 1], [20, 4, 21, 3], [9, 22, 10, 23], [24, 18, 1, 17], [2, 24, 3, 23], [11, 5, 12, 4], [13, 7, 14, 6], [21, 8, 22, 9], [15, 11, 16, 10], [7, 13, 8, 12], [5, 15, 6, 14], [16, 20, 17, 19]]"
12n_0306_179,"[[16, 20, 17, 19], [18, 2, 19, 1], [20, 4, 21, 3], [9, 22, 10, 23], [24, 18, 1, 17], [2, 24, 3, 23], [11, 5, 12, 4], [13, 7, 14, 6], [21, 8, 22, 9], [15, 11, 16, 10], [7, 13, 8, 12], [5, 15, 6, 14]]"
12n_0306_180,"[[6, 16, 7, 15], [17, 21, 18, 20], [19, 3, 20, 2], [21, 5, 22, 4], [10, 23, 11, 24], [1, 19, 2, 18], [3, 1, 4, 24], [12, 6, 13, 5], [14, 8, 15, 7], [22, 9, 23, 10], [16, 12, 17, 11], [8, 14, 9, 13]]"
12n_0306_181,"[[8, 14, 9, 13], [6, 16, 7, 15], [17, 21, 18, 20], [19, 3, 20, 2], [21, 5, 22, 4], [10, 23, 11, 24], [1, 19, 2, 18], [3, 1, 4, 24], [12, 6, 13, 5], [14, 8, 15, 7], [22, 9, 23, 10], [16, 12, 17, 11]]"
12n_0306_182,"[[16, 12, 17, 11], [8, 14, 9, 13], [6, 16, 7, 15], [17, 21, 18, 20], [19, 3, 20, 2], [21, 5, 22, 4], [10, 23, 11, 24], [1, 19, 2, 18], [3, 1, 4, 24], [12, 6, 13, 5], [14, 8, 15, 7], [22, 9, 23, 10]]"
12n_0306_183,"[[22, 9, 23, 10], [16, 12, 17, 11], [8, 14, 9, 13], [6, 16, 7, 15], [17, 21, 18, 20], [19, 3, 20, 2], [21, 5, 22, 4], [10, 23, 11, 24], [1, 19, 2, 18], [3, 1, 4, 24], [12, 6, 13, 5], [14, 8, 15, 7]]"
12n_0306_184,"[[14, 8, 15, 7], [22, 9, 23, 10], [16, 12, 17, 11], [8, 14, 9, 13], [6, 16, 7, 15], [17, 21, 18, 20], [19, 3, 20, 2], [21, 5, 22, 4], [10, 23, 11, 24], [1, 19, 2, 18], [3, 1, 4, 24], [12, 6, 13, 5]]"
12n_0306_185,"[[12, 6, 13, 5], [14, 8, 15, 7], [22, 9, 23, 10], [16, 12, 17, 11], [8, 14, 9, 13], [6, 16, 7, 15], [17, 21, 18, 20], [19, 3, 20, 2], [21, 5, 22, 4], [10, 23, 11, 24], [1, 19, 2, 18], [3, 1, 4, 24]]"
