name,pd_notation
12a_0803_0,"[[24, 8, 1, 7], [2, 6, 3, 5], [4, 15, 5, 16], [6, 2, 7, 1], [8, 24, 9, 23], [10, 22, 11, 21], [12, 20, 13, 19], [14, 18, 15, 17], [16, 3, 17, 4], [18, 14, 19, 13], [20, 12, 21, 11], [22, 10, 23, 9]]"
12a_0803_1,"[[22, 10, 23, 9], [24, 8, 1, 7], [2, 6, 3, 5], [4, 15, 5, 16], [6, 2, 7, 1], [8, 24, 9, 23], [10, 22, 11, 21], [12, 20, 13, 19], [14, 18, 15, 17], [16, 3, 17, 4], [18, 14, 19, 13], [20, 12, 21, 11]]"
12a_0803_2,"[[20, 12, 21, 11], [22, 10, 23, 9], [24, 8, 1, 7], [2, 6, 3, 5], [4, 15, 5, 16], [6, 2, 7, 1], [8, 24, 9, 23], [10, 22, 11, 21], [12, 20, 13, 19], [14, 18, 15, 17], [16, 3, 17, 4], [18, 14, 19, 13]]"
12a_0803_3,"[[18, 14, 19, 13], [20, 12, 21, 11], [22, 10, 23, 9], [24, 8, 1, 7], [2, 6, 3, 5], [4, 15, 5, 16], [6, 2, 7, 1], [8, 24, 9, 23], [10, 22, 11, 21], [12, 20, 13, 19], [14, 18, 15, 17], [16, 3, 17, 4]]"
12a_0803_4,"[[16, 3, 17, 4], [18, 14, 19, 13], [20, 12, 21, 11], [22, 10, 23, 9], [24, 8, 1, 7], [2, 6, 3, 5], [4, 15, 5, 16], [6, 2, 7, 1], [8, 24, 9, 23], [10, 22, 11, 21], [12, 20, 13, 19], [14, 18, 15, 17]]"
12a_0803_5,"[[14, 18, 15, 17], [16, 3, 17, 4], [18, 14, 19, 13], [20, 12, 21, 11], [22, 10, 23, 9], [24, 8, 1, 7], [2, 6, 3, 5], [4, 15, 5, 16], [6, 2, 7, 1], [8, 24, 9, 23], [10, 22, 11, 21], [12, 20, 13, 19]]"
12a_0803_6,"[[12, 20, 13, 19], [14, 18, 15, 17], [16, 3, 17, 4], [18, 14, 19, 13], [20, 12, 21, 11], [22, 10, 23, 9], [24, 8, 1, 7], [2, 6, 3, 5], [4, 15, 5, 16], [6, 2, 7, 1], [8, 24, 9, 23], [10, 22, 11, 21]]"
12a_0803_7,"[[10, 22, 11, 21], [12, 20, 13, 19], [14, 18, 15, 17], [16, 3, 17, 4], [18, 14, 19, 13], [20, 12, 21, 11], [22, 10, 23, 9], [24, 8, 1, 7], [2, 6, 3, 5], [4, 15, 5, 16], [6, 2, 7, 1], [8, 24, 9, 23]]"
12a_0803_8,"[[8, 24, 9, 23], [10, 22, 11, 21], [12, 20, 13, 19], [14, 18, 15, 17], [16, 3, 17, 4], [18, 14, 19, 13], [20, 12, 21, 11], [22, 10, 23, 9], [24, 8, 1, 7], [2, 6, 3, 5], [4, 15, 5, 16], [6, 2, 7, 1]]"
12a_0803_9,"[[6, 2, 7, 1], [8, 24, 9, 23], [10, 22, 11, 21], [12, 20, 13, 19], [14, 18, 15, 17], [16, 3, 17, 4], [18, 14, 19, 13], [20, 12, 21, 11], [22, 10, 23, 9], [24, 8, 1, 7], [2, 6, 3, 5], [4, 15, 5, 16]]"
12a_0803_10,"[[4, 15, 5, 16], [6, 2, 7, 1], [8, 24, 9, 23], [10, 22, 11, 21], [12, 20, 13, 19], [14, 18, 15, 17], [16, 3, 17, 4], [18, 14, 19, 13], [20, 12, 21, 11], [22, 10, 23, 9], [24, 8, 1, 7], [2, 6, 3, 5]]"
12a_0803_11,"[[2, 6, 3, 5], [4, 15, 5, 16], [6, 2, 7, 1], [8, 24, 9, 23], [10, 22, 11, 21], [12, 20, 13, 19], [14, 18, 15, 17], [16, 3, 17, 4], [18, 14, 19, 13], [20, 12, 21, 11], [22, 10, 23, 9], [24, 8, 1, 7]]"
12a_0803_12,"[[1, 9, 2, 8], [3, 7, 4, 6], [5, 16, 6, 17], [7, 3, 8, 2], [9, 1, 10, 24], [11, 23, 12, 22], [13, 21, 14, 20], [15, 19, 16, 18], [17, 4, 18, 5], [19, 15, 20, 14], [21, 13, 22, 12], [23, 11, 24, 10]]"
12a_0803_13,"[[23, 11, 24, 10], [1, 9, 2, 8], [3, 7, 4, 6], [5, 16, 6, 17], [7, 3, 8, 2], [9, 1, 10, 24], [11, 23, 12, 22], [13, 21, 14, 20], [15, 19, 16, 18], [17, 4, 18, 5], [19, 15, 20, 14], [21, 13, 22, 12]]"
12a_0803_14,"[[21, 13, 22, 12], [23, 11, 24, 10], [1, 9, 2, 8], [3, 7, 4, 6], [5, 16, 6, 17], [7, 3, 8, 2], [9, 1, 10, 24], [11, 23, 12, 22], [13, 21, 14, 20], [15, 19, 16, 18], [17, 4, 18, 5], [19, 15, 20, 14]]"
12a_0803_15,"[[19, 15, 20, 14], [21, 13, 22, 12], [23, 11, 24, 10], [1, 9, 2, 8], [3, 7, 4, 6], [5, 16, 6, 17], [7, 3, 8, 2], [9, 1, 10, 24], [11, 23, 12, 22], [13, 21, 14, 20], [15, 19, 16, 18], [17, 4, 18, 5]]"
12a_0803_16,"[[17, 4, 18, 5], [19, 15, 20, 14], [21, 13, 22, 12], [23, 11, 24, 10], [1, 9, 2, 8], [3, 7, 4, 6], [5, 16, 6, 17], [7, 3, 8, 2], [9, 1, 10, 24], [11, 23, 12, 22], [13, 21, 14, 20], [15, 19, 16, 18]]"
12a_0803_17,"[[15, 19, 16, 18], [17, 4, 18, 5], [19, 15, 20, 14], [21, 13, 22, 12], [23, 11, 24, 10], [1, 9, 2, 8], [3, 7, 4, 6], [5, 16, 6, 17], [7, 3, 8, 2], [9, 1, 10, 24], [11, 23, 12, 22], [13, 21, 14, 20]]"
12a_0803_18,"[[13, 21, 14, 20], [15, 19, 16, 18], [17, 4, 18, 5], [19, 15, 20, 14], [21, 13, 22, 12], [23, 11, 24, 10], [1, 9, 2, 8], [3, 7, 4, 6], [5, 16, 6, 17], [7, 3, 8, 2], [9, 1, 10, 24], [11, 23, 12, 22]]"
12a_0803_19,"[[11, 23, 12, 22], [13, 21, 14, 20], [15, 19, 16, 18], [17, 4, 18, 5], [19, 15, 20, 14], [21, 13, 22, 12], [23, 11, 24, 10], [1, 9, 2, 8], [3, 7, 4, 6], [5, 16, 6, 17], [7, 3, 8, 2], [9, 1, 10, 24]]"
12a_0803_20,"[[9, 1, 10, 24], [11, 23, 12, 22], [13, 21, 14, 20], [15, 19, 16, 18], [17, 4, 18, 5], [19, 15, 20, 14], [21, 13, 22, 12], [23, 11, 24, 10], [1, 9, 2, 8], [3, 7, 4, 6], [5, 16, 6, 17], [7, 3, 8, 2]]"
12a_0803_21,"[[7, 3, 8, 2], [9, 1, 10, 24], [11, 23, 12, 22], [13, 21, 14, 20], [15, 19, 16, 18], [17, 4, 18, 5], [19, 15, 20, 14], [21, 13, 22, 12], [23, 11, 24, 10], [1, 9, 2, 8], [3, 7, 4, 6], [5, 16, 6, 17]]"
12a_0803_22,"[[5, 16, 6, 17], [7, 3, 8, 2], [9, 1, 10, 24], [11, 23, 12, 22], [13, 21, 14, 20], [15, 19, 16, 18], [17, 4, 18, 5], [19, 15, 20, 14], [21, 13, 22, 12], [23, 11, 24, 10], [1, 9, 2, 8], [3, 7, 4, 6]]"
12a_0803_23,"[[3, 7, 4, 6], [5, 16, 6, 17], [7, 3, 8, 2], [9, 1, 10, 24], [11, 23, 12, 22], [13, 21, 14, 20], [15, 19, 16, 18], [17, 4, 18, 5], [19, 15, 20, 14], [21, 13, 22, 12], [23, 11, 24, 10], [1, 9, 2, 8]]"
12a_0803_24,"[[2, 10, 3, 9], [4, 8, 5, 7], [6, 17, 7, 18], [8, 4, 9, 3], [10, 2, 11, 1], [12, 24, 13, 23], [14, 22, 15, 21], [16, 20, 17, 19], [18, 5, 19, 6], [20, 16, 21, 15], [22, 14, 23, 13], [24, 12, 1, 11]]"
12a_0803_25,"[[24, 12, 1, 11], [2, 10, 3, 9], [4, 8, 5, 7], [6, 17, 7, 18], [8, 4, 9, 3], [10, 2, 11, 1], [12, 24, 13, 23], [14, 22, 15, 21], [16, 20, 17, 19], [18, 5, 19, 6], [20, 16, 21, 15], [22, 14, 23, 13]]"
12a_0803_26,"[[22, 14, 23, 13], [24, 12, 1, 11], [2, 10, 3, 9], [4, 8, 5, 7], [6, 17, 7, 18], [8, 4, 9, 3], [10, 2, 11, 1], [12, 24, 13, 23], [14, 22, 15, 21], [16, 20, 17, 19], [18, 5, 19, 6], [20, 16, 21, 15]]"
12a_0803_27,"[[20, 16, 21, 15], [22, 14, 23, 13], [24, 12, 1, 11], [2, 10, 3, 9], [4, 8, 5, 7], [6, 17, 7, 18], [8, 4, 9, 3], [10, 2, 11, 1], [12, 24, 13, 23], [14, 22, 15, 21], [16, 20, 17, 19], [18, 5, 19, 6]]"
12a_0803_28,"[[18, 5, 19, 6], [20, 16, 21, 15], [22, 14, 23, 13], [24, 12, 1, 11], [2, 10, 3, 9], [4, 8, 5, 7], [6, 17, 7, 18], [8, 4, 9, 3], [10, 2, 11, 1], [12, 24, 13, 23], [14, 22, 15, 21], [16, 20, 17, 19]]"
12a_0803_29,"[[16, 20, 17, 19], [18, 5, 19, 6], [20, 16, 21, 15], [22, 14, 23, 13], [24, 12, 1, 11], [2, 10, 3, 9], [4, 8, 5, 7], [6, 17, 7, 18], [8, 4, 9, 3], [10, 2, 11, 1], [12, 24, 13, 23], [14, 22, 15, 21]]"
12a_0803_30,"[[14, 22, 15, 21], [16, 20, 17, 19], [18, 5, 19, 6], [20, 16, 21, 15], [22, 14, 23, 13], [24, 12, 1, 11], [2, 10, 3, 9], [4, 8, 5, 7], [6, 17, 7, 18], [8, 4, 9, 3], [10, 2, 11, 1], [12, 24, 13, 23]]"
12a_0803_31,"[[12, 24, 13, 23], [14, 22, 15, 21], [16, 20, 17, 19], [18, 5, 19, 6], [20, 16, 21, 15], [22, 14, 23, 13], [24, 12, 1, 11], [2, 10, 3, 9], [4, 8, 5, 7], [6, 17, 7, 18], [8, 4, 9, 3], [10, 2, 11, 1]]"
12a_0803_32,"[[10, 2, 11, 1], [12, 24, 13, 23], [14, 22, 15, 21], [16, 20, 17, 19], [18, 5, 19, 6], [20, 16, 21, 15], [22, 14, 23, 13], [24, 12, 1, 11], [2, 10, 3, 9], [4, 8, 5, 7], [6, 17, 7, 18], [8, 4, 9, 3]]"
12a_0803_33,"[[8, 4, 9, 3], [10, 2, 11, 1], [12, 24, 13, 23], [14, 22, 15, 21], [16, 20, 17, 19], [18, 5, 19, 6], [20, 16, 21, 15], [22, 14, 23, 13], [24, 12, 1, 11], [2, 10, 3, 9], [4, 8, 5, 7], [6, 17, 7, 18]]"
12a_0803_34,"[[6, 17, 7, 18], [8, 4, 9, 3], [10, 2, 11, 1], [12, 24, 13, 23], [14, 22, 15, 21], [16, 20, 17, 19], [18, 5, 19, 6], [20, 16, 21, 15], [22, 14, 23, 13], [24, 12, 1, 11], [2, 10, 3, 9], [4, 8, 5, 7]]"
12a_0803_35,"[[4, 8, 5, 7], [6, 17, 7, 18], [8, 4, 9, 3], [10, 2, 11, 1], [12, 24, 13, 23], [14, 22, 15, 21], [16, 20, 17, 19], [18, 5, 19, 6], [20, 16, 21, 15], [22, 14, 23, 13], [24, 12, 1, 11], [2, 10, 3, 9]]"
12a_0803_36,"[[3, 11, 4, 10], [5, 9, 6, 8], [7, 18, 8, 19], [9, 5, 10, 4], [11, 3, 12, 2], [13, 1, 14, 24], [15, 23, 16, 22], [17, 21, 18, 20], [19, 6, 20, 7], [21, 17, 22, 16], [23, 15, 24, 14], [1, 13, 2, 12]]"
12a_0803_37,"[[1, 13, 2, 12], [3, 11, 4, 10], [5, 9, 6, 8], [7, 18, 8, 19], [9, 5, 10, 4], [11, 3, 12, 2], [13, 1, 14, 24], [15, 23, 16, 22], [17, 21, 18, 20], [19, 6, 20, 7], [21, 17, 22, 16], [23, 15, 24, 14]]"
12a_0803_38,"[[23, 15, 24, 14], [1, 13, 2, 12], [3, 11, 4, 10], [5, 9, 6, 8], [7, 18, 8, 19], [9, 5, 10, 4], [11, 3, 12, 2], [13, 1, 14, 24], [15, 23, 16, 22], [17, 21, 18, 20], [19, 6, 20, 7], [21, 17, 22, 16]]"
12a_0803_39,"[[21, 17, 22, 16], [23, 15, 24, 14], [1, 13, 2, 12], [3, 11, 4, 10], [5, 9, 6, 8], [7, 18, 8, 19], [9, 5, 10, 4], [11, 3, 12, 2], [13, 1, 14, 24], [15, 23, 16, 22], [17, 21, 18, 20], [19, 6, 20, 7]]"
12a_0803_40,"[[19, 6, 20, 7], [21, 17, 22, 16], [23, 15, 24, 14], [1, 13, 2, 12], [3, 11, 4, 10], [5, 9, 6, 8], [7, 18, 8, 19], [9, 5, 10, 4], [11, 3, 12, 2], [13, 1, 14, 24], [15, 23, 16, 22], [17, 21, 18, 20]]"
12a_0803_41,"[[17, 21, 18, 20], [19, 6, 20, 7], [21, 17, 22, 16], [23, 15, 24, 14], [1, 13, 2, 12], [3, 11, 4, 10], [5, 9, 6, 8], [7, 18, 8, 19], [9, 5, 10, 4], [11, 3, 12, 2], [13, 1, 14, 24], [15, 23, 16, 22]]"
12a_0803_42,"[[15, 23, 16, 22], [17, 21, 18, 20], [19, 6, 20, 7], [21, 17, 22, 16], [23, 15, 24, 14], [1, 13, 2, 12], [3, 11, 4, 10], [5, 9, 6, 8], [7, 18, 8, 19], [9, 5, 10, 4], [11, 3, 12, 2], [13, 1, 14, 24]]"
12a_0803_43,"[[13, 1, 14, 24], [15, 23, 16, 22], [17, 21, 18, 20], [19, 6, 20, 7], [21, 17, 22, 16], [23, 15, 24, 14], [1, 13, 2, 12], [3, 11, 4, 10], [5, 9, 6, 8], [7, 18, 8, 19], [9, 5, 10, 4], [11, 3, 12, 2]]"
12a_0803_44,"[[11, 3, 12, 2], [13, 1, 14, 24], [15, 23, 16, 22], [17, 21, 18, 20], [19, 6, 20, 7], [21, 17, 22, 16], [23, 15, 24, 14], [1, 13, 2, 12], [3, 11, 4, 10], [5, 9, 6, 8], [7, 18, 8, 19], [9, 5, 10, 4]]"
12a_0803_45,"[[9, 5, 10, 4], [11, 3, 12, 2], [13, 1, 14, 24], [15, 23, 16, 22], [17, 21, 18, 20], [19, 6, 20, 7], [21, 17, 22, 16], [23, 15, 24, 14], [1, 13, 2, 12], [3, 11, 4, 10], [5, 9, 6, 8], [7, 18, 8, 19]]"
12a_0803_46,"[[7, 18, 8, 19], [9, 5, 10, 4], [11, 3, 12, 2], [13, 1, 14, 24], [15, 23, 16, 22], [17, 21, 18, 20], [19, 6, 20, 7], [21, 17, 22, 16], [23, 15, 24, 14], [1, 13, 2, 12], [3, 11, 4, 10], [5, 9, 6, 8]]"
12a_0803_47,"[[5, 9, 6, 8], [7, 18, 8, 19], [9, 5, 10, 4], [11, 3, 12, 2], [13, 1, 14, 24], [15, 23, 16, 22], [17, 21, 18, 20], [19, 6, 20, 7], [21, 17, 22, 16], [23, 15, 24, 14], [1, 13, 2, 12], [3, 11, 4, 10]]"
12a_0803_48,"[[4, 12, 5, 11], [6, 10, 7, 9], [8, 19, 9, 20], [10, 6, 11, 5], [12, 4, 13, 3], [14, 2, 15, 1], [16, 24, 17, 23], [18, 22, 19, 21], [20, 7, 21, 8], [22, 18, 23, 17], [24, 16, 1, 15], [2, 14, 3, 13]]"
12a_0803_49,"[[2, 14, 3, 13], [4, 12, 5, 11], [6, 10, 7, 9], [8, 19, 9, 20], [10, 6, 11, 5], [12, 4, 13, 3], [14, 2, 15, 1], [16, 24, 17, 23], [18, 22, 19, 21], [20, 7, 21, 8], [22, 18, 23, 17], [24, 16, 1, 15]]"
12a_0803_50,"[[24, 16, 1, 15], [2, 14, 3, 13], [4, 12, 5, 11], [6, 10, 7, 9], [8, 19, 9, 20], [10, 6, 11, 5], [12, 4, 13, 3], [14, 2, 15, 1], [16, 24, 17, 23], [18, 22, 19, 21], [20, 7, 21, 8], [22, 18, 23, 17]]"
12a_0803_51,"[[22, 18, 23, 17], [24, 16, 1, 15], [2, 14, 3, 13], [4, 12, 5, 11], [6, 10, 7, 9], [8, 19, 9, 20], [10, 6, 11, 5], [12, 4, 13, 3], [14, 2, 15, 1], [16, 24, 17, 23], [18, 22, 19, 21], [20, 7, 21, 8]]"
12a_0803_52,"[[20, 7, 21, 8], [22, 18, 23, 17], [24, 16, 1, 15], [2, 14, 3, 13], [4, 12, 5, 11], [6, 10, 7, 9], [8, 19, 9, 20], [10, 6, 11, 5], [12, 4, 13, 3], [14, 2, 15, 1], [16, 24, 17, 23], [18, 22, 19, 21]]"
12a_0803_53,"[[18, 22, 19, 21], [20, 7, 21, 8], [22, 18, 23, 17], [24, 16, 1, 15], [2, 14, 3, 13], [4, 12, 5, 11], [6, 10, 7, 9], [8, 19, 9, 20], [10, 6, 11, 5], [12, 4, 13, 3], [14, 2, 15, 1], [16, 24, 17, 23]]"
12a_0803_54,"[[16, 24, 17, 23], [18, 22, 19, 21], [20, 7, 21, 8], [22, 18, 23, 17], [24, 16, 1, 15], [2, 14, 3, 13], [4, 12, 5, 11], [6, 10, 7, 9], [8, 19, 9, 20], [10, 6, 11, 5], [12, 4, 13, 3], [14, 2, 15, 1]]"
12a_0803_55,"[[14, 2, 15, 1], [16, 24, 17, 23], [18, 22, 19, 21], [20, 7, 21, 8], [22, 18, 23, 17], [24, 16, 1, 15], [2, 14, 3, 13], [4, 12, 5, 11], [6, 10, 7, 9], [8, 19, 9, 20], [10, 6, 11, 5], [12, 4, 13, 3]]"
12a_0803_56,"[[12, 4, 13, 3], [14, 2, 15, 1], [16, 24, 17, 23], [18, 22, 19, 21], [20, 7, 21, 8], [22, 18, 23, 17], [24, 16, 1, 15], [2, 14, 3, 13], [4, 12, 5, 11], [6, 10, 7, 9], [8, 19, 9, 20], [10, 6, 11, 5]]"
12a_0803_57,"[[10, 6, 11, 5], [12, 4, 13, 3], [14, 2, 15, 1], [16, 24, 17, 23], [18, 22, 19, 21], [20, 7, 21, 8], [22, 18, 23, 17], [24, 16, 1, 15], [2, 14, 3, 13], [4, 12, 5, 11], [6, 10, 7, 9], [8, 19, 9, 20]]"
12a_0803_58,"[[8, 19, 9, 20], [10, 6, 11, 5], [12, 4, 13, 3], [14, 2, 15, 1], [16, 24, 17, 23], [18, 22, 19, 21], [20, 7, 21, 8], [22, 18, 23, 17], [24, 16, 1, 15], [2, 14, 3, 13], [4, 12, 5, 11], [6, 10, 7, 9]]"
12a_0803_59,"[[6, 10, 7, 9], [8, 19, 9, 20], [10, 6, 11, 5], [12, 4, 13, 3], [14, 2, 15, 1], [16, 24, 17, 23], [18, 22, 19, 21], [20, 7, 21, 8], [22, 18, 23, 17], [24, 16, 1, 15], [2, 14, 3, 13], [4, 12, 5, 11]]"
12a_0803_60,"[[5, 13, 6, 12], [7, 11, 8, 10], [9, 20, 10, 21], [11, 7, 12, 6], [13, 5, 14, 4], [15, 3, 16, 2], [17, 1, 18, 24], [19, 23, 20, 22], [21, 8, 22, 9], [23, 19, 24, 18], [1, 17, 2, 16], [3, 15, 4, 14]]"
12a_0803_61,"[[3, 15, 4, 14], [5, 13, 6, 12], [7, 11, 8, 10], [9, 20, 10, 21], [11, 7, 12, 6], [13, 5, 14, 4], [15, 3, 16, 2], [17, 1, 18, 24], [19, 23, 20, 22], [21, 8, 22, 9], [23, 19, 24, 18], [1, 17, 2, 16]]"
12a_0803_62,"[[1, 17, 2, 16], [3, 15, 4, 14], [5, 13, 6, 12], [7, 11, 8, 10], [9, 20, 10, 21], [11, 7, 12, 6], [13, 5, 14, 4], [15, 3, 16, 2], [17, 1, 18, 24], [19, 23, 20, 22], [21, 8, 22, 9], [23, 19, 24, 18]]"
12a_0803_63,"[[23, 19, 24, 18], [1, 17, 2, 16], [3, 15, 4, 14], [5, 13, 6, 12], [7, 11, 8, 10], [9, 20, 10, 21], [11, 7, 12, 6], [13, 5, 14, 4], [15, 3, 16, 2], [17, 1, 18, 24], [19, 23, 20, 22], [21, 8, 22, 9]]"
12a_0803_64,"[[21, 8, 22, 9], [23, 19, 24, 18], [1, 17, 2, 16], [3, 15, 4, 14], [5, 13, 6, 12], [7, 11, 8, 10], [9, 20, 10, 21], [11, 7, 12, 6], [13, 5, 14, 4], [15, 3, 16, 2], [17, 1, 18, 24], [19, 23, 20, 22]]"
12a_0803_65,"[[19, 23, 20, 22], [21, 8, 22, 9], [23, 19, 24, 18], [1, 17, 2, 16], [3, 15, 4, 14], [5, 13, 6, 12], [7, 11, 8, 10], [9, 20, 10, 21], [11, 7, 12, 6], [13, 5, 14, 4], [15, 3, 16, 2], [17, 1, 18, 24]]"
12a_0803_66,"[[17, 1, 18, 24], [19, 23, 20, 22], [21, 8, 22, 9], [23, 19, 24, 18], [1, 17, 2, 16], [3, 15, 4, 14], [5, 13, 6, 12], [7, 11, 8, 10], [9, 20, 10, 21], [11, 7, 12, 6], [13, 5, 14, 4], [15, 3, 16, 2]]"
12a_0803_67,"[[15, 3, 16, 2], [17, 1, 18, 24], [19, 23, 20, 22], [21, 8, 22, 9], [23, 19, 24, 18], [1, 17, 2, 16], [3, 15, 4, 14], [5, 13, 6, 12], [7, 11, 8, 10], [9, 20, 10, 21], [11, 7, 12, 6], [13, 5, 14, 4]]"
12a_0803_68,"[[13, 5, 14, 4], [15, 3, 16, 2], [17, 1, 18, 24], [19, 23, 20, 22], [21, 8, 22, 9], [23, 19, 24, 18], [1, 17, 2, 16], [3, 15, 4, 14], [5, 13, 6, 12], [7, 11, 8, 10], [9, 20, 10, 21], [11, 7, 12, 6]]"
12a_0803_69,"[[11, 7, 12, 6], [13, 5, 14, 4], [15, 3, 16, 2], [17, 1, 18, 24], [19, 23, 20, 22], [21, 8, 22, 9], [23, 19, 24, 18], [1, 17, 2, 16], [3, 15, 4, 14], [5, 13, 6, 12], [7, 11, 8, 10], [9, 20, 10, 21]]"
12a_0803_70,"[[9, 20, 10, 21], [11, 7, 12, 6], [13, 5, 14, 4], [15, 3, 16, 2], [17, 1, 18, 24], [19, 23, 20, 22], [21, 8, 22, 9], [23, 19, 24, 18], [1, 17, 2, 16], [3, 15, 4, 14], [5, 13, 6, 12], [7, 11, 8, 10]]"
12a_0803_71,"[[7, 11, 8, 10], [9, 20, 10, 21], [11, 7, 12, 6], [13, 5, 14, 4], [15, 3, 16, 2], [17, 1, 18, 24], [19, 23, 20, 22], [21, 8, 22, 9], [23, 19, 24, 18], [1, 17, 2, 16], [3, 15, 4, 14], [5, 13, 6, 12]]"
12a_0803_72,"[[6, 14, 7, 13], [8, 12, 9, 11], [10, 21, 11, 22], [12, 8, 13, 7], [14, 6, 15, 5], [16, 4, 17, 3], [18, 2, 19, 1], [20, 24, 21, 23], [22, 9, 23, 10], [24, 20, 1, 19], [2, 18, 3, 17], [4, 16, 5, 15]]"
12a_0803_73,"[[4, 16, 5, 15], [6, 14, 7, 13], [8, 12, 9, 11], [10, 21, 11, 22], [12, 8, 13, 7], [14, 6, 15, 5], [16, 4, 17, 3], [18, 2, 19, 1], [20, 24, 21, 23], [22, 9, 23, 10], [24, 20, 1, 19], [2, 18, 3, 17]]"
12a_0803_74,"[[2, 18, 3, 17], [4, 16, 5, 15], [6, 14, 7, 13], [8, 12, 9, 11], [10, 21, 11, 22], [12, 8, 13, 7], [14, 6, 15, 5], [16, 4, 17, 3], [18, 2, 19, 1], [20, 24, 21, 23], [22, 9, 23, 10], [24, 20, 1, 19]]"
12a_0803_75,"[[24, 20, 1, 19], [2, 18, 3, 17], [4, 16, 5, 15], [6, 14, 7, 13], [8, 12, 9, 11], [10, 21, 11, 22], [12, 8, 13, 7], [14, 6, 15, 5], [16, 4, 17, 3], [18, 2, 19, 1], [20, 24, 21, 23], [22, 9, 23, 10]]"
12a_0803_76,"[[22, 9, 23, 10], [24, 20, 1, 19], [2, 18, 3, 17], [4, 16, 5, 15], [6, 14, 7, 13], [8, 12, 9, 11], [10, 21, 11, 22], [12, 8, 13, 7], [14, 6, 15, 5], [16, 4, 17, 3], [18, 2, 19, 1], [20, 24, 21, 23]]"
12a_0803_77,"[[20, 24, 21, 23], [22, 9, 23, 10], [24, 20, 1, 19], [2, 18, 3, 17], [4, 16, 5, 15], [6, 14, 7, 13], [8, 12, 9, 11], [10, 21, 11, 22], [12, 8, 13, 7], [14, 6, 15, 5], [16, 4, 17, 3], [18, 2, 19, 1]]"
12a_0803_78,"[[18, 2, 19, 1], [20, 24, 21, 23], [22, 9, 23, 10], [24, 20, 1, 19], [2, 18, 3, 17], [4, 16, 5, 15], [6, 14, 7, 13], [8, 12, 9, 11], [10, 21, 11, 22], [12, 8, 13, 7], [14, 6, 15, 5], [16, 4, 17, 3]]"
12a_0803_79,"[[16, 4, 17, 3], [18, 2, 19, 1], [20, 24, 21, 23], [22, 9, 23, 10], [24, 20, 1, 19], [2, 18, 3, 17], [4, 16, 5, 15], [6, 14, 7, 13], [8, 12, 9, 11], [10, 21, 11, 22], [12, 8, 13, 7], [14, 6, 15, 5]]"
12a_0803_80,"[[14, 6, 15, 5], [16, 4, 17, 3], [18, 2, 19, 1], [20, 24, 21, 23], [22, 9, 23, 10], [24, 20, 1, 19], [2, 18, 3, 17], [4, 16, 5, 15], [6, 14, 7, 13], [8, 12, 9, 11], [10, 21, 11, 22], [12, 8, 13, 7]]"
12a_0803_81,"[[12, 8, 13, 7], [14, 6, 15, 5], [16, 4, 17, 3], [18, 2, 19, 1], [20, 24, 21, 23], [22, 9, 23, 10], [24, 20, 1, 19], [2, 18, 3, 17], [4, 16, 5, 15], [6, 14, 7, 13], [8, 12, 9, 11], [10, 21, 11, 22]]"
12a_0803_82,"[[10, 21, 11, 22], [12, 8, 13, 7], [14, 6, 15, 5], [16, 4, 17, 3], [18, 2, 19, 1], [20, 24, 21, 23], [22, 9, 23, 10], [24, 20, 1, 19], [2, 18, 3, 17], [4, 16, 5, 15], [6, 14, 7, 13], [8, 12, 9, 11]]"
12a_0803_83,"[[8, 12, 9, 11], [10, 21, 11, 22], [12, 8, 13, 7], [14, 6, 15, 5], [16, 4, 17, 3], [18, 2, 19, 1], [20, 24, 21, 23], [22, 9, 23, 10], [24, 20, 1, 19], [2, 18, 3, 17], [4, 16, 5, 15], [6, 14, 7, 13]]"
12a_0803_84,"[[7, 15, 8, 14], [9, 13, 10, 12], [11, 22, 12, 23], [13, 9, 14, 8], [15, 7, 16, 6], [17, 5, 18, 4], [19, 3, 20, 2], [21, 1, 22, 24], [23, 10, 24, 11], [1, 21, 2, 20], [3, 19, 4, 18], [5, 17, 6, 16]]"
12a_0803_85,"[[5, 17, 6, 16], [7, 15, 8, 14], [9, 13, 10, 12], [11, 22, 12, 23], [13, 9, 14, 8], [15, 7, 16, 6], [17, 5, 18, 4], [19, 3, 20, 2], [21, 1, 22, 24], [23, 10, 24, 11], [1, 21, 2, 20], [3, 19, 4, 18]]"
12a_0803_86,"[[3, 19, 4, 18], [5, 17, 6, 16], [7, 15, 8, 14], [9, 13, 10, 12], [11, 22, 12, 23], [13, 9, 14, 8], [15, 7, 16, 6], [17, 5, 18, 4], [19, 3, 20, 2], [21, 1, 22, 24], [23, 10, 24, 11], [1, 21, 2, 20]]"
12a_0803_87,"[[1, 21, 2, 20], [3, 19, 4, 18], [5, 17, 6, 16], [7, 15, 8, 14], [9, 13, 10, 12], [11, 22, 12, 23], [13, 9, 14, 8], [15, 7, 16, 6], [17, 5, 18, 4], [19, 3, 20, 2], [21, 1, 22, 24], [23, 10, 24, 11]]"
12a_0803_88,"[[23, 10, 24, 11], [1, 21, 2, 20], [3, 19, 4, 18], [5, 17, 6, 16], [7, 15, 8, 14], [9, 13, 10, 12], [11, 22, 12, 23], [13, 9, 14, 8], [15, 7, 16, 6], [17, 5, 18, 4], [19, 3, 20, 2], [21, 1, 22, 24]]"
12a_0803_89,"[[21, 1, 22, 24], [23, 10, 24, 11], [1, 21, 2, 20], [3, 19, 4, 18], [5, 17, 6, 16], [7, 15, 8, 14], [9, 13, 10, 12], [11, 22, 12, 23], [13, 9, 14, 8], [15, 7, 16, 6], [17, 5, 18, 4], [19, 3, 20, 2]]"
12a_0803_90,"[[19, 3, 20, 2], [21, 1, 22, 24], [23, 10, 24, 11], [1, 21, 2, 20], [3, 19, 4, 18], [5, 17, 6, 16], [7, 15, 8, 14], [9, 13, 10, 12], [11, 22, 12, 23], [13, 9, 14, 8], [15, 7, 16, 6], [17, 5, 18, 4]]"
12a_0803_91,"[[17, 5, 18, 4], [19, 3, 20, 2], [21, 1, 22, 24], [23, 10, 24, 11], [1, 21, 2, 20], [3, 19, 4, 18], [5, 17, 6, 16], [7, 15, 8, 14], [9, 13, 10, 12], [11, 22, 12, 23], [13, 9, 14, 8], [15, 7, 16, 6]]"
12a_0803_92,"[[15, 7, 16, 6], [17, 5, 18, 4], [19, 3, 20, 2], [21, 1, 22, 24], [23, 10, 24, 11], [1, 21, 2, 20], [3, 19, 4, 18], [5, 17, 6, 16], [7, 15, 8, 14], [9, 13, 10, 12], [11, 22, 12, 23], [13, 9, 14, 8]]"
12a_0803_93,"[[13, 9, 14, 8], [15, 7, 16, 6], [17, 5, 18, 4], [19, 3, 20, 2], [21, 1, 22, 24], [23, 10, 24, 11], [1, 21, 2, 20], [3, 19, 4, 18], [5, 17, 6, 16], [7, 15, 8, 14], [9, 13, 10, 12], [11, 22, 12, 23]]"
12a_0803_94,"[[11, 22, 12, 23], [13, 9, 14, 8], [15, 7, 16, 6], [17, 5, 18, 4], [19, 3, 20, 2], [21, 1, 22, 24], [23, 10, 24, 11], [1, 21, 2, 20], [3, 19, 4, 18], [5, 17, 6, 16], [7, 15, 8, 14], [9, 13, 10, 12]]"
12a_0803_95,"[[9, 13, 10, 12], [11, 22, 12, 23], [13, 9, 14, 8], [15, 7, 16, 6], [17, 5, 18, 4], [19, 3, 20, 2], [21, 1, 22, 24], [23, 10, 24, 11], [1, 21, 2, 20], [3, 19, 4, 18], [5, 17, 6, 16], [7, 15, 8, 14]]"
12a_0803_96,"[[8, 16, 9, 15], [10, 14, 11, 13], [12, 23, 13, 24], [14, 10, 15, 9], [16, 8, 17, 7], [18, 6, 19, 5], [20, 4, 21, 3], [22, 2, 23, 1], [24, 11, 1, 12], [2, 22, 3, 21], [4, 20, 5, 19], [6, 18, 7, 17]]"
12a_0803_97,"[[6, 18, 7, 17], [8, 16, 9, 15], [10, 14, 11, 13], [12, 23, 13, 24], [14, 10, 15, 9], [16, 8, 17, 7], [18, 6, 19, 5], [20, 4, 21, 3], [22, 2, 23, 1], [24, 11, 1, 12], [2, 22, 3, 21], [4, 20, 5, 19]]"
12a_0803_98,"[[4, 20, 5, 19], [6, 18, 7, 17], [8, 16, 9, 15], [10, 14, 11, 13], [12, 23, 13, 24], [14, 10, 15, 9], [16, 8, 17, 7], [18, 6, 19, 5], [20, 4, 21, 3], [22, 2, 23, 1], [24, 11, 1, 12], [2, 22, 3, 21]]"
12a_0803_99,"[[2, 22, 3, 21], [4, 20, 5, 19], [6, 18, 7, 17], [8, 16, 9, 15], [10, 14, 11, 13], [12, 23, 13, 24], [14, 10, 15, 9], [16, 8, 17, 7], [18, 6, 19, 5], [20, 4, 21, 3], [22, 2, 23, 1], [24, 11, 1, 12]]"
12a_0803_100,"[[24, 11, 1, 12], [2, 22, 3, 21], [4, 20, 5, 19], [6, 18, 7, 17], [8, 16, 9, 15], [10, 14, 11, 13], [12, 23, 13, 24], [14, 10, 15, 9], [16, 8, 17, 7], [18, 6, 19, 5], [20, 4, 21, 3], [22, 2, 23, 1]]"
12a_0803_101,"[[22, 2, 23, 1], [24, 11, 1, 12], [2, 22, 3, 21], [4, 20, 5, 19], [6, 18, 7, 17], [8, 16, 9, 15], [10, 14, 11, 13], [12, 23, 13, 24], [14, 10, 15, 9], [16, 8, 17, 7], [18, 6, 19, 5], [20, 4, 21, 3]]"
12a_0803_102,"[[20, 4, 21, 3], [22, 2, 23, 1], [24, 11, 1, 12], [2, 22, 3, 21], [4, 20, 5, 19], [6, 18, 7, 17], [8, 16, 9, 15], [10, 14, 11, 13], [12, 23, 13, 24], [14, 10, 15, 9], [16, 8, 17, 7], [18, 6, 19, 5]]"
12a_0803_103,"[[18, 6, 19, 5], [20, 4, 21, 3], [22, 2, 23, 1], [24, 11, 1, 12], [2, 22, 3, 21], [4, 20, 5, 19], [6, 18, 7, 17], [8, 16, 9, 15], [10, 14, 11, 13], [12, 23, 13, 24], [14, 10, 15, 9], [16, 8, 17, 7]]"
12a_0803_104,"[[16, 8, 17, 7], [18, 6, 19, 5], [20, 4, 21, 3], [22, 2, 23, 1], [24, 11, 1, 12], [2, 22, 3, 21], [4, 20, 5, 19], [6, 18, 7, 17], [8, 16, 9, 15], [10, 14, 11, 13], [12, 23, 13, 24], [14, 10, 15, 9]]"
12a_0803_105,"[[14, 10, 15, 9], [16, 8, 17, 7], [18, 6, 19, 5], [20, 4, 21, 3], [22, 2, 23, 1], [24, 11, 1, 12], [2, 22, 3, 21], [4, 20, 5, 19], [6, 18, 7, 17], [8, 16, 9, 15], [10, 14, 11, 13], [12, 23, 13, 24]]"
12a_0803_106,"[[12, 23, 13, 24], [14, 10, 15, 9], [16, 8, 17, 7], [18, 6, 19, 5], [20, 4, 21, 3], [22, 2, 23, 1], [24, 11, 1, 12], [2, 22, 3, 21], [4, 20, 5, 19], [6, 18, 7, 17], [8, 16, 9, 15], [10, 14, 11, 13]]"
12a_0803_107,"[[10, 14, 11, 13], [12, 23, 13, 24], [14, 10, 15, 9], [16, 8, 17, 7], [18, 6, 19, 5], [20, 4, 21, 3], [22, 2, 23, 1], [24, 11, 1, 12], [2, 22, 3, 21], [4, 20, 5, 19], [6, 18, 7, 17], [8, 16, 9, 15]]"
12a_0803_108,"[[9, 17, 10, 16], [11, 15, 12, 14], [13, 24, 14, 1], [15, 11, 16, 10], [17, 9, 18, 8], [19, 7, 20, 6], [21, 5, 22, 4], [23, 3, 24, 2], [1, 12, 2, 13], [3, 23, 4, 22], [5, 21, 6, 20], [7, 19, 8, 18]]"
12a_0803_109,"[[7, 19, 8, 18], [9, 17, 10, 16], [11, 15, 12, 14], [13, 24, 14, 1], [15, 11, 16, 10], [17, 9, 18, 8], [19, 7, 20, 6], [21, 5, 22, 4], [23, 3, 24, 2], [1, 12, 2, 13], [3, 23, 4, 22], [5, 21, 6, 20]]"
12a_0803_110,"[[5, 21, 6, 20], [7, 19, 8, 18], [9, 17, 10, 16], [11, 15, 12, 14], [13, 24, 14, 1], [15, 11, 16, 10], [17, 9, 18, 8], [19, 7, 20, 6], [21, 5, 22, 4], [23, 3, 24, 2], [1, 12, 2, 13], [3, 23, 4, 22]]"
12a_0803_111,"[[3, 23, 4, 22], [5, 21, 6, 20], [7, 19, 8, 18], [9, 17, 10, 16], [11, 15, 12, 14], [13, 24, 14, 1], [15, 11, 16, 10], [17, 9, 18, 8], [19, 7, 20, 6], [21, 5, 22, 4], [23, 3, 24, 2], [1, 12, 2, 13]]"
12a_0803_112,"[[1, 12, 2, 13], [3, 23, 4, 22], [5, 21, 6, 20], [7, 19, 8, 18], [9, 17, 10, 16], [11, 15, 12, 14], [13, 24, 14, 1], [15, 11, 16, 10], [17, 9, 18, 8], [19, 7, 20, 6], [21, 5, 22, 4], [23, 3, 24, 2]]"
12a_0803_113,"[[23, 3, 24, 2], [1, 12, 2, 13], [3, 23, 4, 22], [5, 21, 6, 20], [7, 19, 8, 18], [9, 17, 10, 16], [11, 15, 12, 14], [13, 24, 14, 1], [15, 11, 16, 10], [17, 9, 18, 8], [19, 7, 20, 6], [21, 5, 22, 4]]"
12a_0803_114,"[[21, 5, 22, 4], [23, 3, 24, 2], [1, 12, 2, 13], [3, 23, 4, 22], [5, 21, 6, 20], [7, 19, 8, 18], [9, 17, 10, 16], [11, 15, 12, 14], [13, 24, 14, 1], [15, 11, 16, 10], [17, 9, 18, 8], [19, 7, 20, 6]]"
12a_0803_115,"[[19, 7, 20, 6], [21, 5, 22, 4], [23, 3, 24, 2], [1, 12, 2, 13], [3, 23, 4, 22], [5, 21, 6, 20], [7, 19, 8, 18], [9, 17, 10, 16], [11, 15, 12, 14], [13, 24, 14, 1], [15, 11, 16, 10], [17, 9, 18, 8]]"
12a_0803_116,"[[17, 9, 18, 8], [19, 7, 20, 6], [21, 5, 22, 4], [23, 3, 24, 2], [1, 12, 2, 13], [3, 23, 4, 22], [5, 21, 6, 20], [7, 19, 8, 18], [9, 17, 10, 16], [11, 15, 12, 14], [13, 24, 14, 1], [15, 11, 16, 10]]"
12a_0803_117,"[[15, 11, 16, 10], [17, 9, 18, 8], [19, 7, 20, 6], [21, 5, 22, 4], [23, 3, 24, 2], [1, 12, 2, 13], [3, 23, 4, 22], [5, 21, 6, 20], [7, 19, 8, 18], [9, 17, 10, 16], [11, 15, 12, 14], [13, 24, 14, 1]]"
12a_0803_118,"[[13, 24, 14, 1], [15, 11, 16, 10], [17, 9, 18, 8], [19, 7, 20, 6], [21, 5, 22, 4], [23, 3, 24, 2], [1, 12, 2, 13], [3, 23, 4, 22], [5, 21, 6, 20], [7, 19, 8, 18], [9, 17, 10, 16], [11, 15, 12, 14]]"
12a_0803_119,"[[11, 15, 12, 14], [13, 24, 14, 1], [15, 11, 16, 10], [17, 9, 18, 8], [19, 7, 20, 6], [21, 5, 22, 4], [23, 3, 24, 2], [1, 12, 2, 13], [3, 23, 4, 22], [5, 21, 6, 20], [7, 19, 8, 18], [9, 17, 10, 16]]"
12a_0803_120,"[[10, 18, 11, 17], [12, 16, 13, 15], [14, 1, 15, 2], [16, 12, 17, 11], [18, 10, 19, 9], [20, 8, 21, 7], [22, 6, 23, 5], [24, 4, 1, 3], [2, 13, 3, 14], [4, 24, 5, 23], [6, 22, 7, 21], [8, 20, 9, 19]]"
12a_0803_121,"[[8, 20, 9, 19], [10, 18, 11, 17], [12, 16, 13, 15], [14, 1, 15, 2], [16, 12, 17, 11], [18, 10, 19, 9], [20, 8, 21, 7], [22, 6, 23, 5], [24, 4, 1, 3], [2, 13, 3, 14], [4, 24, 5, 23], [6, 22, 7, 21]]"
12a_0803_122,"[[6, 22, 7, 21], [8, 20, 9, 19], [10, 18, 11, 17], [12, 16, 13, 15], [14, 1, 15, 2], [16, 12, 17, 11], [18, 10, 19, 9], [20, 8, 21, 7], [22, 6, 23, 5], [24, 4, 1, 3], [2, 13, 3, 14], [4, 24, 5, 23]]"
12a_0803_123,"[[4, 24, 5, 23], [6, 22, 7, 21], [8, 20, 9, 19], [10, 18, 11, 17], [12, 16, 13, 15], [14, 1, 15, 2], [16, 12, 17, 11], [18, 10, 19, 9], [20, 8, 21, 7], [22, 6, 23, 5], [24, 4, 1, 3], [2, 13, 3, 14]]"
12a_0803_124,"[[2, 13, 3, 14], [4, 24, 5, 23], [6, 22, 7, 21], [8, 20, 9, 19], [10, 18, 11, 17], [12, 16, 13, 15], [14, 1, 15, 2], [16, 12, 17, 11], [18, 10, 19, 9], [20, 8, 21, 7], [22, 6, 23, 5], [24, 4, 1, 3]]"
12a_0803_125,"[[24, 4, 1, 3], [2, 13, 3, 14], [4, 24, 5, 23], [6, 22, 7, 21], [8, 20, 9, 19], [10, 18, 11, 17], [12, 16, 13, 15], [14, 1, 15, 2], [16, 12, 17, 11], [18, 10, 19, 9], [20, 8, 21, 7], [22, 6, 23, 5]]"
12a_0803_126,"[[22, 6, 23, 5], [24, 4, 1, 3], [2, 13, 3, 14], [4, 24, 5, 23], [6, 22, 7, 21], [8, 20, 9, 19], [10, 18, 11, 17], [12, 16, 13, 15], [14, 1, 15, 2], [16, 12, 17, 11], [18, 10, 19, 9], [20, 8, 21, 7]]"
12a_0803_127,"[[20, 8, 21, 7], [22, 6, 23, 5], [24, 4, 1, 3], [2, 13, 3, 14], [4, 24, 5, 23], [6, 22, 7, 21], [8, 20, 9, 19], [10, 18, 11, 17], [12, 16, 13, 15], [14, 1, 15, 2], [16, 12, 17, 11], [18, 10, 19, 9]]"
12a_0803_128,"[[18, 10, 19, 9], [20, 8, 21, 7], [22, 6, 23, 5], [24, 4, 1, 3], [2, 13, 3, 14], [4, 24, 5, 23], [6, 22, 7, 21], [8, 20, 9, 19], [10, 18, 11, 17], [12, 16, 13, 15], [14, 1, 15, 2], [16, 12, 17, 11]]"
12a_0803_129,"[[16, 12, 17, 11], [18, 10, 19, 9], [20, 8, 21, 7], [22, 6, 23, 5], [24, 4, 1, 3], [2, 13, 3, 14], [4, 24, 5, 23], [6, 22, 7, 21], [8, 20, 9, 19], [10, 18, 11, 17], [12, 16, 13, 15], [14, 1, 15, 2]]"
12a_0803_130,"[[14, 1, 15, 2], [16, 12, 17, 11], [18, 10, 19, 9], [20, 8, 21, 7], [22, 6, 23, 5], [24, 4, 1, 3], [2, 13, 3, 14], [4, 24, 5, 23], [6, 22, 7, 21], [8, 20, 9, 19], [10, 18, 11, 17], [12, 16, 13, 15]]"
12a_0803_131,"[[12, 16, 13, 15], [14, 1, 15, 2], [16, 12, 17, 11], [18, 10, 19, 9], [20, 8, 21, 7], [22, 6, 23, 5], [24, 4, 1, 3], [2, 13, 3, 14], [4, 24, 5, 23], [6, 22, 7, 21], [8, 20, 9, 19], [10, 18, 11, 17]]"
12a_0803_132,"[[11, 19, 12, 18], [13, 17, 14, 16], [15, 2, 16, 3], [17, 13, 18, 12], [19, 11, 20, 10], [21, 9, 22, 8], [23, 7, 24, 6], [1, 5, 2, 4], [3, 14, 4, 15], [5, 1, 6, 24], [7, 23, 8, 22], [9, 21, 10, 20]]"
12a_0803_133,"[[9, 21, 10, 20], [11, 19, 12, 18], [13, 17, 14, 16], [15, 2, 16, 3], [17, 13, 18, 12], [19, 11, 20, 10], [21, 9, 22, 8], [23, 7, 24, 6], [1, 5, 2, 4], [3, 14, 4, 15], [5, 1, 6, 24], [7, 23, 8, 22]]"
12a_0803_134,"[[7, 23, 8, 22], [9, 21, 10, 20], [11, 19, 12, 18], [13, 17, 14, 16], [15, 2, 16, 3], [17, 13, 18, 12], [19, 11, 20, 10], [21, 9, 22, 8], [23, 7, 24, 6], [1, 5, 2, 4], [3, 14, 4, 15], [5, 1, 6, 24]]"
12a_0803_135,"[[5, 1, 6, 24], [7, 23, 8, 22], [9, 21, 10, 20], [11, 19, 12, 18], [13, 17, 14, 16], [15, 2, 16, 3], [17, 13, 18, 12], [19, 11, 20, 10], [21, 9, 22, 8], [23, 7, 24, 6], [1, 5, 2, 4], [3, 14, 4, 15]]"
12a_0803_136,"[[3, 14, 4, 15], [5, 1, 6, 24], [7, 23, 8, 22], [9, 21, 10, 20], [11, 19, 12, 18], [13, 17, 14, 16], [15, 2, 16, 3], [17, 13, 18, 12], [19, 11, 20, 10], [21, 9, 22, 8], [23, 7, 24, 6], [1, 5, 2, 4]]"
12a_0803_137,"[[1, 5, 2, 4], [3, 14, 4, 15], [5, 1, 6, 24], [7, 23, 8, 22], [9, 21, 10, 20], [11, 19, 12, 18], [13, 17, 14, 16], [15, 2, 16, 3], [17, 13, 18, 12], [19, 11, 20, 10], [21, 9, 22, 8], [23, 7, 24, 6]]"
12a_0803_138,"[[23, 7, 24, 6], [1, 5, 2, 4], [3, 14, 4, 15], [5, 1, 6, 24], [7, 23, 8, 22], [9, 21, 10, 20], [11, 19, 12, 18], [13, 17, 14, 16], [15, 2, 16, 3], [17, 13, 18, 12], [19, 11, 20, 10], [21, 9, 22, 8]]"
12a_0803_139,"[[21, 9, 22, 8], [23, 7, 24, 6], [1, 5, 2, 4], [3, 14, 4, 15], [5, 1, 6, 24], [7, 23, 8, 22], [9, 21, 10, 20], [11, 19, 12, 18], [13, 17, 14, 16], [15, 2, 16, 3], [17, 13, 18, 12], [19, 11, 20, 10]]"
12a_0803_140,"[[19, 11, 20, 10], [21, 9, 22, 8], [23, 7, 24, 6], [1, 5, 2, 4], [3, 14, 4, 15], [5, 1, 6, 24], [7, 23, 8, 22], [9, 21, 10, 20], [11, 19, 12, 18], [13, 17, 14, 16], [15, 2, 16, 3], [17, 13, 18, 12]]"
12a_0803_141,"[[17, 13, 18, 12], [19, 11, 20, 10], [21, 9, 22, 8], [23, 7, 24, 6], [1, 5, 2, 4], [3, 14, 4, 15], [5, 1, 6, 24], [7, 23, 8, 22], [9, 21, 10, 20], [11, 19, 12, 18], [13, 17, 14, 16], [15, 2, 16, 3]]"
12a_0803_142,"[[15, 2, 16, 3], [17, 13, 18, 12], [19, 11, 20, 10], [21, 9, 22, 8], [23, 7, 24, 6], [1, 5, 2, 4], [3, 14, 4, 15], [5, 1, 6, 24], [7, 23, 8, 22], [9, 21, 10, 20], [11, 19, 12, 18], [13, 17, 14, 16]]"
12a_0803_143,"[[13, 17, 14, 16], [15, 2, 16, 3], [17, 13, 18, 12], [19, 11, 20, 10], [21, 9, 22, 8], [23, 7, 24, 6], [1, 5, 2, 4], [3, 14, 4, 15], [5, 1, 6, 24], [7, 23, 8, 22], [9, 21, 10, 20], [11, 19, 12, 18]]"
12a_0803_144,"[[12, 20, 13, 19], [14, 18, 15, 17], [16, 3, 17, 4], [18, 14, 19, 13], [20, 12, 21, 11], [22, 10, 23, 9], [24, 8, 1, 7], [2, 6, 3, 5], [4, 15, 5, 16], [6, 2, 7, 1], [8, 24, 9, 23], [10, 22, 11, 21]]"
12a_0803_145,"[[10, 22, 11, 21], [12, 20, 13, 19], [14, 18, 15, 17], [16, 3, 17, 4], [18, 14, 19, 13], [20, 12, 21, 11], [22, 10, 23, 9], [24, 8, 1, 7], [2, 6, 3, 5], [4, 15, 5, 16], [6, 2, 7, 1], [8, 24, 9, 23]]"
12a_0803_146,"[[8, 24, 9, 23], [10, 22, 11, 21], [12, 20, 13, 19], [14, 18, 15, 17], [16, 3, 17, 4], [18, 14, 19, 13], [20, 12, 21, 11], [22, 10, 23, 9], [24, 8, 1, 7], [2, 6, 3, 5], [4, 15, 5, 16], [6, 2, 7, 1]]"
12a_0803_147,"[[6, 2, 7, 1], [8, 24, 9, 23], [10, 22, 11, 21], [12, 20, 13, 19], [14, 18, 15, 17], [16, 3, 17, 4], [18, 14, 19, 13], [20, 12, 21, 11], [22, 10, 23, 9], [24, 8, 1, 7], [2, 6, 3, 5], [4, 15, 5, 16]]"
12a_0803_148,"[[4, 15, 5, 16], [6, 2, 7, 1], [8, 24, 9, 23], [10, 22, 11, 21], [12, 20, 13, 19], [14, 18, 15, 17], [16, 3, 17, 4], [18, 14, 19, 13], [20, 12, 21, 11], [22, 10, 23, 9], [24, 8, 1, 7], [2, 6, 3, 5]]"
12a_0803_149,"[[2, 6, 3, 5], [4, 15, 5, 16], [6, 2, 7, 1], [8, 24, 9, 23], [10, 22, 11, 21], [12, 20, 13, 19], [14, 18, 15, 17], [16, 3, 17, 4], [18, 14, 19, 13], [20, 12, 21, 11], [22, 10, 23, 9], [24, 8, 1, 7]]"
12a_0803_150,"[[24, 8, 1, 7], [2, 6, 3, 5], [4, 15, 5, 16], [6, 2, 7, 1], [8, 24, 9, 23], [10, 22, 11, 21], [12, 20, 13, 19], [14, 18, 15, 17], [16, 3, 17, 4], [18, 14, 19, 13], [20, 12, 21, 11], [22, 10, 23, 9]]"
12a_0803_151,"[[22, 10, 23, 9], [24, 8, 1, 7], [2, 6, 3, 5], [4, 15, 5, 16], [6, 2, 7, 1], [8, 24, 9, 23], [10, 22, 11, 21], [12, 20, 13, 19], [14, 18, 15, 17], [16, 3, 17, 4], [18, 14, 19, 13], [20, 12, 21, 11]]"
12a_0803_152,"[[20, 12, 21, 11], [22, 10, 23, 9], [24, 8, 1, 7], [2, 6, 3, 5], [4, 15, 5, 16], [6, 2, 7, 1], [8, 24, 9, 23], [10, 22, 11, 21], [12, 20, 13, 19], [14, 18, 15, 17], [16, 3, 17, 4], [18, 14, 19, 13]]"
12a_0803_153,"[[18, 14, 19, 13], [20, 12, 21, 11], [22, 10, 23, 9], [24, 8, 1, 7], [2, 6, 3, 5], [4, 15, 5, 16], [6, 2, 7, 1], [8, 24, 9, 23], [10, 22, 11, 21], [12, 20, 13, 19], [14, 18, 15, 17], [16, 3, 17, 4]]"
12a_0803_154,"[[16, 3, 17, 4], [18, 14, 19, 13], [20, 12, 21, 11], [22, 10, 23, 9], [24, 8, 1, 7], [2, 6, 3, 5], [4, 15, 5, 16], [6, 2, 7, 1], [8, 24, 9, 23], [10, 22, 11, 21], [12, 20, 13, 19], [14, 18, 15, 17]]"
12a_0803_155,"[[14, 18, 15, 17], [16, 3, 17, 4], [18, 14, 19, 13], [20, 12, 21, 11], [22, 10, 23, 9], [24, 8, 1, 7], [2, 6, 3, 5], [4, 15, 5, 16], [6, 2, 7, 1], [8, 24, 9, 23], [10, 22, 11, 21], [12, 20, 13, 19]]"
12a_0803_156,"[[13, 21, 14, 20], [15, 19, 16, 18], [17, 4, 18, 5], [19, 15, 20, 14], [21, 13, 22, 12], [23, 11, 24, 10], [1, 9, 2, 8], [3, 7, 4, 6], [5, 16, 6, 17], [7, 3, 8, 2], [9, 1, 10, 24], [11, 23, 12, 22]]"
12a_0803_157,"[[11, 23, 12, 22], [13, 21, 14, 20], [15, 19, 16, 18], [17, 4, 18, 5], [19, 15, 20, 14], [21, 13, 22, 12], [23, 11, 24, 10], [1, 9, 2, 8], [3, 7, 4, 6], [5, 16, 6, 17], [7, 3, 8, 2], [9, 1, 10, 24]]"
12a_0803_158,"[[9, 1, 10, 24], [11, 23, 12, 22], [13, 21, 14, 20], [15, 19, 16, 18], [17, 4, 18, 5], [19, 15, 20, 14], [21, 13, 22, 12], [23, 11, 24, 10], [1, 9, 2, 8], [3, 7, 4, 6], [5, 16, 6, 17], [7, 3, 8, 2]]"
12a_0803_159,"[[7, 3, 8, 2], [9, 1, 10, 24], [11, 23, 12, 22], [13, 21, 14, 20], [15, 19, 16, 18], [17, 4, 18, 5], [19, 15, 20, 14], [21, 13, 22, 12], [23, 11, 24, 10], [1, 9, 2, 8], [3, 7, 4, 6], [5, 16, 6, 17]]"
12a_0803_160,"[[5, 16, 6, 17], [7, 3, 8, 2], [9, 1, 10, 24], [11, 23, 12, 22], [13, 21, 14, 20], [15, 19, 16, 18], [17, 4, 18, 5], [19, 15, 20, 14], [21, 13, 22, 12], [23, 11, 24, 10], [1, 9, 2, 8], [3, 7, 4, 6]]"
12a_0803_161,"[[3, 7, 4, 6], [5, 16, 6, 17], [7, 3, 8, 2], [9, 1, 10, 24], [11, 23, 12, 22], [13, 21, 14, 20], [15, 19, 16, 18], [17, 4, 18, 5], [19, 15, 20, 14], [21, 13, 22, 12], [23, 11, 24, 10], [1, 9, 2, 8]]"
12a_0803_162,"[[1, 9, 2, 8], [3, 7, 4, 6], [5, 16, 6, 17], [7, 3, 8, 2], [9, 1, 10, 24], [11, 23, 12, 22], [13, 21, 14, 20], [15, 19, 16, 18], [17, 4, 18, 5], [19, 15, 20, 14], [21, 13, 22, 12], [23, 11, 24, 10]]"
12a_0803_163,"[[23, 11, 24, 10], [1, 9, 2, 8], [3, 7, 4, 6], [5, 16, 6, 17], [7, 3, 8, 2], [9, 1, 10, 24], [11, 23, 12, 22], [13, 21, 14, 20], [15, 19, 16, 18], [17, 4, 18, 5], [19, 15, 20, 14], [21, 13, 22, 12]]"
12a_0803_164,"[[21, 13, 22, 12], [23, 11, 24, 10], [1, 9, 2, 8], [3, 7, 4, 6], [5, 16, 6, 17], [7, 3, 8, 2], [9, 1, 10, 24], [11, 23, 12, 22], [13, 21, 14, 20], [15, 19, 16, 18], [17, 4, 18, 5], [19, 15, 20, 14]]"
12a_0803_165,"[[19, 15, 20, 14], [21, 13, 22, 12], [23, 11, 24, 10], [1, 9, 2, 8], [3, 7, 4, 6], [5, 16, 6, 17], [7, 3, 8, 2], [9, 1, 10, 24], [11, 23, 12, 22], [13, 21, 14, 20], [15, 19, 16, 18], [17, 4, 18, 5]]"
12a_0803_166,"[[17, 4, 18, 5], [19, 15, 20, 14], [21, 13, 22, 12], [23, 11, 24, 10], [1, 9, 2, 8], [3, 7, 4, 6], [5, 16, 6, 17], [7, 3, 8, 2], [9, 1, 10, 24], [11, 23, 12, 22], [13, 21, 14, 20], [15, 19, 16, 18]]"
12a_0803_167,"[[15, 19, 16, 18], [17, 4, 18, 5], [19, 15, 20, 14], [21, 13, 22, 12], [23, 11, 24, 10], [1, 9, 2, 8], [3, 7, 4, 6], [5, 16, 6, 17], [7, 3, 8, 2], [9, 1, 10, 24], [11, 23, 12, 22], [13, 21, 14, 20]]"
12a_0803_168,"[[14, 22, 15, 21], [16, 20, 17, 19], [18, 5, 19, 6], [20, 16, 21, 15], [22, 14, 23, 13], [24, 12, 1, 11], [2, 10, 3, 9], [4, 8, 5, 7], [6, 17, 7, 18], [8, 4, 9, 3], [10, 2, 11, 1], [12, 24, 13, 23]]"
12a_0803_169,"[[12, 24, 13, 23], [14, 22, 15, 21], [16, 20, 17, 19], [18, 5, 19, 6], [20, 16, 21, 15], [22, 14, 23, 13], [24, 12, 1, 11], [2, 10, 3, 9], [4, 8, 5, 7], [6, 17, 7, 18], [8, 4, 9, 3], [10, 2, 11, 1]]"
12a_0803_170,"[[10, 2, 11, 1], [12, 24, 13, 23], [14, 22, 15, 21], [16, 20, 17, 19], [18, 5, 19, 6], [20, 16, 21, 15], [22, 14, 23, 13], [24, 12, 1, 11], [2, 10, 3, 9], [4, 8, 5, 7], [6, 17, 7, 18], [8, 4, 9, 3]]"
12a_0803_171,"[[8, 4, 9, 3], [10, 2, 11, 1], [12, 24, 13, 23], [14, 22, 15, 21], [16, 20, 17, 19], [18, 5, 19, 6], [20, 16, 21, 15], [22, 14, 23, 13], [24, 12, 1, 11], [2, 10, 3, 9], [4, 8, 5, 7], [6, 17, 7, 18]]"
12a_0803_172,"[[6, 17, 7, 18], [8, 4, 9, 3], [10, 2, 11, 1], [12, 24, 13, 23], [14, 22, 15, 21], [16, 20, 17, 19], [18, 5, 19, 6], [20, 16, 21, 15], [22, 14, 23, 13], [24, 12, 1, 11], [2, 10, 3, 9], [4, 8, 5, 7]]"
12a_0803_173,"[[4, 8, 5, 7], [6, 17, 7, 18], [8, 4, 9, 3], [10, 2, 11, 1], [12, 24, 13, 23], [14, 22, 15, 21], [16, 20, 17, 19], [18, 5, 19, 6], [20, 16, 21, 15], [22, 14, 23, 13], [24, 12, 1, 11], [2, 10, 3, 9]]"
12a_0803_174,"[[2, 10, 3, 9], [4, 8, 5, 7], [6, 17, 7, 18], [8, 4, 9, 3], [10, 2, 11, 1], [12, 24, 13, 23], [14, 22, 15, 21], [16, 20, 17, 19], [18, 5, 19, 6], [20, 16, 21, 15], [22, 14, 23, 13], [24, 12, 1, 11]]"
12a_0803_175,"[[24, 12, 1, 11], [2, 10, 3, 9], [4, 8, 5, 7], [6, 17, 7, 18], [8, 4, 9, 3], [10, 2, 11, 1], [12, 24, 13, 23], [14, 22, 15, 21], [16, 20, 17, 19], [18, 5, 19, 6], [20, 16, 21, 15], [22, 14, 23, 13]]"
12a_0803_176,"[[22, 14, 23, 13], [24, 12, 1, 11], [2, 10, 3, 9], [4, 8, 5, 7], [6, 17, 7, 18], [8, 4, 9, 3], [10, 2, 11, 1], [12, 24, 13, 23], [14, 22, 15, 21], [16, 20, 17, 19], [18, 5, 19, 6], [20, 16, 21, 15]]"
12a_0803_177,"[[20, 16, 21, 15], [22, 14, 23, 13], [24, 12, 1, 11], [2, 10, 3, 9], [4, 8, 5, 7], [6, 17, 7, 18], [8, 4, 9, 3], [10, 2, 11, 1], [12, 24, 13, 23], [14, 22, 15, 21], [16, 20, 17, 19], [18, 5, 19, 6]]"
12a_0803_178,"[[18, 5, 19, 6], [20, 16, 21, 15], [22, 14, 23, 13], [24, 12, 1, 11], [2, 10, 3, 9], [4, 8, 5, 7], [6, 17, 7, 18], [8, 4, 9, 3], [10, 2, 11, 1], [12, 24, 13, 23], [14, 22, 15, 21], [16, 20, 17, 19]]"
12a_0803_179,"[[16, 20, 17, 19], [18, 5, 19, 6], [20, 16, 21, 15], [22, 14, 23, 13], [24, 12, 1, 11], [2, 10, 3, 9], [4, 8, 5, 7], [6, 17, 7, 18], [8, 4, 9, 3], [10, 2, 11, 1], [12, 24, 13, 23], [14, 22, 15, 21]]"
12a_0803_180,"[[15, 23, 16, 22], [17, 21, 18, 20], [19, 6, 20, 7], [21, 17, 22, 16], [23, 15, 24, 14], [1, 13, 2, 12], [3, 11, 4, 10], [5, 9, 6, 8], [7, 18, 8, 19], [9, 5, 10, 4], [11, 3, 12, 2], [13, 1, 14, 24]]"
12a_0803_181,"[[13, 1, 14, 24], [15, 23, 16, 22], [17, 21, 18, 20], [19, 6, 20, 7], [21, 17, 22, 16], [23, 15, 24, 14], [1, 13, 2, 12], [3, 11, 4, 10], [5, 9, 6, 8], [7, 18, 8, 19], [9, 5, 10, 4], [11, 3, 12, 2]]"
12a_0803_182,"[[11, 3, 12, 2], [13, 1, 14, 24], [15, 23, 16, 22], [17, 21, 18, 20], [19, 6, 20, 7], [21, 17, 22, 16], [23, 15, 24, 14], [1, 13, 2, 12], [3, 11, 4, 10], [5, 9, 6, 8], [7, 18, 8, 19], [9, 5, 10, 4]]"
12a_0803_183,"[[9, 5, 10, 4], [11, 3, 12, 2], [13, 1, 14, 24], [15, 23, 16, 22], [17, 21, 18, 20], [19, 6, 20, 7], [21, 17, 22, 16], [23, 15, 24, 14], [1, 13, 2, 12], [3, 11, 4, 10], [5, 9, 6, 8], [7, 18, 8, 19]]"
12a_0803_184,"[[7, 18, 8, 19], [9, 5, 10, 4], [11, 3, 12, 2], [13, 1, 14, 24], [15, 23, 16, 22], [17, 21, 18, 20], [19, 6, 20, 7], [21, 17, 22, 16], [23, 15, 24, 14], [1, 13, 2, 12], [3, 11, 4, 10], [5, 9, 6, 8]]"
12a_0803_185,"[[5, 9, 6, 8], [7, 18, 8, 19], [9, 5, 10, 4], [11, 3, 12, 2], [13, 1, 14, 24], [15, 23, 16, 22], [17, 21, 18, 20], [19, 6, 20, 7], [21, 17, 22, 16], [23, 15, 24, 14], [1, 13, 2, 12], [3, 11, 4, 10]]"
