name,pd_notation
12a_0841_0,"[[24, 16, 1, 15], [2, 8, 3, 7], [4, 10, 5, 9], [6, 17, 7, 18], [8, 4, 9, 3], [10, 20, 11, 19], [12, 22, 13, 21], [14, 2, 15, 1], [16, 24, 17, 23], [18, 5, 19, 6], [20, 14, 21, 13], [22, 12, 23, 11]]"
12a_0841_1,"[[22, 12, 23, 11], [24, 16, 1, 15], [2, 8, 3, 7], [4, 10, 5, 9], [6, 17, 7, 18], [8, 4, 9, 3], [10, 20, 11, 19], [12, 22, 13, 21], [14, 2, 15, 1], [16, 24, 17, 23], [18, 5, 19, 6], [20, 14, 21, 13]]"
12a_0841_2,"[[20, 14, 21, 13], [22, 12, 23, 11], [24, 16, 1, 15], [2, 8, 3, 7], [4, 10, 5, 9], [6, 17, 7, 18], [8, 4, 9, 3], [10, 20, 11, 19], [12, 22, 13, 21], [14, 2, 15, 1], [16, 24, 17, 23], [18, 5, 19, 6]]"
12a_0841_3,"[[18, 5, 19, 6], [20, 14, 21, 13], [22, 12, 23, 11], [24, 16, 1, 15], [2, 8, 3, 7], [4, 10, 5, 9], [6, 17, 7, 18], [8, 4, 9, 3], [10, 20, 11, 19], [12, 22, 13, 21], [14, 2, 15, 1], [16, 24, 17, 23]]"
12a_0841_4,"[[16, 24, 17, 23], [18, 5, 19, 6], [20, 14, 21, 13], [22, 12, 23, 11], [24, 16, 1, 15], [2, 8, 3, 7], [4, 10, 5, 9], [6, 17, 7, 18], [8, 4, 9, 3], [10, 20, 11, 19], [12, 22, 13, 21], [14, 2, 15, 1]]"
12a_0841_5,"[[14, 2, 15, 1], [16, 24, 17, 23], [18, 5, 19, 6], [20, 14, 21, 13], [22, 12, 23, 11], [24, 16, 1, 15], [2, 8, 3, 7], [4, 10, 5, 9], [6, 17, 7, 18], [8, 4, 9, 3], [10, 20, 11, 19], [12, 22, 13, 21]]"
12a_0841_6,"[[12, 22, 13, 21], [14, 2, 15, 1], [16, 24, 17, 23], [18, 5, 19, 6], [20, 14, 21, 13], [22, 12, 23, 11], [24, 16, 1, 15], [2, 8, 3, 7], [4, 10, 5, 9], [6, 17, 7, 18], [8, 4, 9, 3], [10, 20, 11, 19]]"
12a_0841_7,"[[10, 20, 11, 19], [12, 22, 13, 21], [14, 2, 15, 1], [16, 24, 17, 23], [18, 5, 19, 6], [20, 14, 21, 13], [22, 12, 23, 11], [24, 16, 1, 15], [2, 8, 3, 7], [4, 10, 5, 9], [6, 17, 7, 18], [8, 4, 9, 3]]"
12a_0841_8,"[[8, 4, 9, 3], [10, 20, 11, 19], [12, 22, 13, 21], [14, 2, 15, 1], [16, 24, 17, 23], [18, 5, 19, 6], [20, 14, 21, 13], [22, 12, 23, 11], [24, 16, 1, 15], [2, 8, 3, 7], [4, 10, 5, 9], [6, 17, 7, 18]]"
12a_0841_9,"[[6, 17, 7, 18], [8, 4, 9, 3], [10, 20, 11, 19], [12, 22, 13, 21], [14, 2, 15, 1], [16, 24, 17, 23], [18, 5, 19, 6], [20, 14, 21, 13], [22, 12, 23, 11], [24, 16, 1, 15], [2, 8, 3, 7], [4, 10, 5, 9]]"
12a_0841_10,"[[4, 10, 5, 9], [6, 17, 7, 18], [8, 4, 9, 3], [10, 20, 11, 19], [12, 22, 13, 21], [14, 2, 15, 1], [16, 24, 17, 23], [18, 5, 19, 6], [20, 14, 21, 13], [22, 12, 23, 11], [24, 16, 1, 15], [2, 8, 3, 7]]"
12a_0841_11,"[[2, 8, 3, 7], [4, 10, 5, 9], [6, 17, 7, 18], [8, 4, 9, 3], [10, 20, 11, 19], [12, 22, 13, 21], [14, 2, 15, 1], [16, 24, 17, 23], [18, 5, 19, 6], [20, 14, 21, 13], [22, 12, 23, 11], [24, 16, 1, 15]]"
12a_0841_12,"[[1, 17, 2, 16], [3, 9, 4, 8], [5, 11, 6, 10], [7, 18, 8, 19], [9, 5, 10, 4], [11, 21, 12, 20], [13, 23, 14, 22], [15, 3, 16, 2], [17, 1, 18, 24], [19, 6, 20, 7], [21, 15, 22, 14], [23, 13, 24, 12]]"
12a_0841_13,"[[23, 13, 24, 12], [1, 17, 2, 16], [3, 9, 4, 8], [5, 11, 6, 10], [7, 18, 8, 19], [9, 5, 10, 4], [11, 21, 12, 20], [13, 23, 14, 22], [15, 3, 16, 2], [17, 1, 18, 24], [19, 6, 20, 7], [21, 15, 22, 14]]"
12a_0841_14,"[[21, 15, 22, 14], [23, 13, 24, 12], [1, 17, 2, 16], [3, 9, 4, 8], [5, 11, 6, 10], [7, 18, 8, 19], [9, 5, 10, 4], [11, 21, 12, 20], [13, 23, 14, 22], [15, 3, 16, 2], [17, 1, 18, 24], [19, 6, 20, 7]]"
12a_0841_15,"[[19, 6, 20, 7], [21, 15, 22, 14], [23, 13, 24, 12], [1, 17, 2, 16], [3, 9, 4, 8], [5, 11, 6, 10], [7, 18, 8, 19], [9, 5, 10, 4], [11, 21, 12, 20], [13, 23, 14, 22], [15, 3, 16, 2], [17, 1, 18, 24]]"
12a_0841_16,"[[17, 1, 18, 24], [19, 6, 20, 7], [21, 15, 22, 14], [23, 13, 24, 12], [1, 17, 2, 16], [3, 9, 4, 8], [5, 11, 6, 10], [7, 18, 8, 19], [9, 5, 10, 4], [11, 21, 12, 20], [13, 23, 14, 22], [15, 3, 16, 2]]"
12a_0841_17,"[[15, 3, 16, 2], [17, 1, 18, 24], [19, 6, 20, 7], [21, 15, 22, 14], [23, 13, 24, 12], [1, 17, 2, 16], [3, 9, 4, 8], [5, 11, 6, 10], [7, 18, 8, 19], [9, 5, 10, 4], [11, 21, 12, 20], [13, 23, 14, 22]]"
12a_0841_18,"[[13, 23, 14, 22], [15, 3, 16, 2], [17, 1, 18, 24], [19, 6, 20, 7], [21, 15, 22, 14], [23, 13, 24, 12], [1, 17, 2, 16], [3, 9, 4, 8], [5, 11, 6, 10], [7, 18, 8, 19], [9, 5, 10, 4], [11, 21, 12, 20]]"
12a_0841_19,"[[11, 21, 12, 20], [13, 23, 14, 22], [15, 3, 16, 2], [17, 1, 18, 24], [19, 6, 20, 7], [21, 15, 22, 14], [23, 13, 24, 12], [1, 17, 2, 16], [3, 9, 4, 8], [5, 11, 6, 10], [7, 18, 8, 19], [9, 5, 10, 4]]"
12a_0841_20,"[[9, 5, 10, 4], [11, 21, 12, 20], [13, 23, 14, 22], [15, 3, 16, 2], [17, 1, 18, 24], [19, 6, 20, 7], [21, 15, 22, 14], [23, 13, 24, 12], [1, 17, 2, 16], [3, 9, 4, 8], [5, 11, 6, 10], [7, 18, 8, 19]]"
12a_0841_21,"[[7, 18, 8, 19], [9, 5, 10, 4], [11, 21, 12, 20], [13, 23, 14, 22], [15, 3, 16, 2], [17, 1, 18, 24], [19, 6, 20, 7], [21, 15, 22, 14], [23, 13, 24, 12], [1, 17, 2, 16], [3, 9, 4, 8], [5, 11, 6, 10]]"
12a_0841_22,"[[5, 11, 6, 10], [7, 18, 8, 19], [9, 5, 10, 4], [11, 21, 12, 20], [13, 23, 14, 22], [15, 3, 16, 2], [17, 1, 18, 24], [19, 6, 20, 7], [21, 15, 22, 14], [23, 13, 24, 12], [1, 17, 2, 16], [3, 9, 4, 8]]"
12a_0841_23,"[[3, 9, 4, 8], [5, 11, 6, 10], [7, 18, 8, 19], [9, 5, 10, 4], [11, 21, 12, 20], [13, 23, 14, 22], [15, 3, 16, 2], [17, 1, 18, 24], [19, 6, 20, 7], [21, 15, 22, 14], [23, 13, 24, 12], [1, 17, 2, 16]]"
12a_0841_24,"[[2, 18, 3, 17], [4, 10, 5, 9], [6, 12, 7, 11], [8, 19, 9, 20], [10, 6, 11, 5], [12, 22, 13, 21], [14, 24, 15, 23], [16, 4, 17, 3], [18, 2, 19, 1], [20, 7, 21, 8], [22, 16, 23, 15], [24, 14, 1, 13]]"
12a_0841_25,"[[24, 14, 1, 13], [2, 18, 3, 17], [4, 10, 5, 9], [6, 12, 7, 11], [8, 19, 9, 20], [10, 6, 11, 5], [12, 22, 13, 21], [14, 24, 15, 23], [16, 4, 17, 3], [18, 2, 19, 1], [20, 7, 21, 8], [22, 16, 23, 15]]"
12a_0841_26,"[[22, 16, 23, 15], [24, 14, 1, 13], [2, 18, 3, 17], [4, 10, 5, 9], [6, 12, 7, 11], [8, 19, 9, 20], [10, 6, 11, 5], [12, 22, 13, 21], [14, 24, 15, 23], [16, 4, 17, 3], [18, 2, 19, 1], [20, 7, 21, 8]]"
12a_0841_27,"[[20, 7, 21, 8], [22, 16, 23, 15], [24, 14, 1, 13], [2, 18, 3, 17], [4, 10, 5, 9], [6, 12, 7, 11], [8, 19, 9, 20], [10, 6, 11, 5], [12, 22, 13, 21], [14, 24, 15, 23], [16, 4, 17, 3], [18, 2, 19, 1]]"
12a_0841_28,"[[18, 2, 19, 1], [20, 7, 21, 8], [22, 16, 23, 15], [24, 14, 1, 13], [2, 18, 3, 17], [4, 10, 5, 9], [6, 12, 7, 11], [8, 19, 9, 20], [10, 6, 11, 5], [12, 22, 13, 21], [14, 24, 15, 23], [16, 4, 17, 3]]"
12a_0841_29,"[[16, 4, 17, 3], [18, 2, 19, 1], [20, 7, 21, 8], [22, 16, 23, 15], [24, 14, 1, 13], [2, 18, 3, 17], [4, 10, 5, 9], [6, 12, 7, 11], [8, 19, 9, 20], [10, 6, 11, 5], [12, 22, 13, 21], [14, 24, 15, 23]]"
12a_0841_30,"[[14, 24, 15, 23], [16, 4, 17, 3], [18, 2, 19, 1], [20, 7, 21, 8], [22, 16, 23, 15], [24, 14, 1, 13], [2, 18, 3, 17], [4, 10, 5, 9], [6, 12, 7, 11], [8, 19, 9, 20], [10, 6, 11, 5], [12, 22, 13, 21]]"
12a_0841_31,"[[12, 22, 13, 21], [14, 24, 15, 23], [16, 4, 17, 3], [18, 2, 19, 1], [20, 7, 21, 8], [22, 16, 23, 15], [24, 14, 1, 13], [2, 18, 3, 17], [4, 10, 5, 9], [6, 12, 7, 11], [8, 19, 9, 20], [10, 6, 11, 5]]"
12a_0841_32,"[[10, 6, 11, 5], [12, 22, 13, 21], [14, 24, 15, 23], [16, 4, 17, 3], [18, 2, 19, 1], [20, 7, 21, 8], [22, 16, 23, 15], [24, 14, 1, 13], [2, 18, 3, 17], [4, 10, 5, 9], [6, 12, 7, 11], [8, 19, 9, 20]]"
12a_0841_33,"[[8, 19, 9, 20], [10, 6, 11, 5], [12, 22, 13, 21], [14, 24, 15, 23], [16, 4, 17, 3], [18, 2, 19, 1], [20, 7, 21, 8], [22, 16, 23, 15], [24, 14, 1, 13], [2, 18, 3, 17], [4, 10, 5, 9], [6, 12, 7, 11]]"
12a_0841_34,"[[6, 12, 7, 11], [8, 19, 9, 20], [10, 6, 11, 5], [12, 22, 13, 21], [14, 24, 15, 23], [16, 4, 17, 3], [18, 2, 19, 1], [20, 7, 21, 8], [22, 16, 23, 15], [24, 14, 1, 13], [2, 18, 3, 17], [4, 10, 5, 9]]"
12a_0841_35,"[[4, 10, 5, 9], [6, 12, 7, 11], [8, 19, 9, 20], [10, 6, 11, 5], [12, 22, 13, 21], [14, 24, 15, 23], [16, 4, 17, 3], [18, 2, 19, 1], [20, 7, 21, 8], [22, 16, 23, 15], [24, 14, 1, 13], [2, 18, 3, 17]]"
12a_0841_36,"[[3, 19, 4, 18], [5, 11, 6, 10], [7, 13, 8, 12], [9, 20, 10, 21], [11, 7, 12, 6], [13, 23, 14, 22], [15, 1, 16, 24], [17, 5, 18, 4], [19, 3, 20, 2], [21, 8, 22, 9], [23, 17, 24, 16], [1, 15, 2, 14]]"
12a_0841_37,"[[1, 15, 2, 14], [3, 19, 4, 18], [5, 11, 6, 10], [7, 13, 8, 12], [9, 20, 10, 21], [11, 7, 12, 6], [13, 23, 14, 22], [15, 1, 16, 24], [17, 5, 18, 4], [19, 3, 20, 2], [21, 8, 22, 9], [23, 17, 24, 16]]"
12a_0841_38,"[[23, 17, 24, 16], [1, 15, 2, 14], [3, 19, 4, 18], [5, 11, 6, 10], [7, 13, 8, 12], [9, 20, 10, 21], [11, 7, 12, 6], [13, 23, 14, 22], [15, 1, 16, 24], [17, 5, 18, 4], [19, 3, 20, 2], [21, 8, 22, 9]]"
12a_0841_39,"[[21, 8, 22, 9], [23, 17, 24, 16], [1, 15, 2, 14], [3, 19, 4, 18], [5, 11, 6, 10], [7, 13, 8, 12], [9, 20, 10, 21], [11, 7, 12, 6], [13, 23, 14, 22], [15, 1, 16, 24], [17, 5, 18, 4], [19, 3, 20, 2]]"
12a_0841_40,"[[19, 3, 20, 2], [21, 8, 22, 9], [23, 17, 24, 16], [1, 15, 2, 14], [3, 19, 4, 18], [5, 11, 6, 10], [7, 13, 8, 12], [9, 20, 10, 21], [11, 7, 12, 6], [13, 23, 14, 22], [15, 1, 16, 24], [17, 5, 18, 4]]"
12a_0841_41,"[[17, 5, 18, 4], [19, 3, 20, 2], [21, 8, 22, 9], [23, 17, 24, 16], [1, 15, 2, 14], [3, 19, 4, 18], [5, 11, 6, 10], [7, 13, 8, 12], [9, 20, 10, 21], [11, 7, 12, 6], [13, 23, 14, 22], [15, 1, 16, 24]]"
12a_0841_42,"[[15, 1, 16, 24], [17, 5, 18, 4], [19, 3, 20, 2], [21, 8, 22, 9], [23, 17, 24, 16], [1, 15, 2, 14], [3, 19, 4, 18], [5, 11, 6, 10], [7, 13, 8, 12], [9, 20, 10, 21], [11, 7, 12, 6], [13, 23, 14, 22]]"
12a_0841_43,"[[13, 23, 14, 22], [15, 1, 16, 24], [17, 5, 18, 4], [19, 3, 20, 2], [21, 8, 22, 9], [23, 17, 24, 16], [1, 15, 2, 14], [3, 19, 4, 18], [5, 11, 6, 10], [7, 13, 8, 12], [9, 20, 10, 21], [11, 7, 12, 6]]"
12a_0841_44,"[[11, 7, 12, 6], [13, 23, 14, 22], [15, 1, 16, 24], [17, 5, 18, 4], [19, 3, 20, 2], [21, 8, 22, 9], [23, 17, 24, 16], [1, 15, 2, 14], [3, 19, 4, 18], [5, 11, 6, 10], [7, 13, 8, 12], [9, 20, 10, 21]]"
12a_0841_45,"[[9, 20, 10, 21], [11, 7, 12, 6], [13, 23, 14, 22], [15, 1, 16, 24], [17, 5, 18, 4], [19, 3, 20, 2], [21, 8, 22, 9], [23, 17, 24, 16], [1, 15, 2, 14], [3, 19, 4, 18], [5, 11, 6, 10], [7, 13, 8, 12]]"
12a_0841_46,"[[7, 13, 8, 12], [9, 20, 10, 21], [11, 7, 12, 6], [13, 23, 14, 22], [15, 1, 16, 24], [17, 5, 18, 4], [19, 3, 20, 2], [21, 8, 22, 9], [23, 17, 24, 16], [1, 15, 2, 14], [3, 19, 4, 18], [5, 11, 6, 10]]"
12a_0841_47,"[[5, 11, 6, 10], [7, 13, 8, 12], [9, 20, 10, 21], [11, 7, 12, 6], [13, 23, 14, 22], [15, 1, 16, 24], [17, 5, 18, 4], [19, 3, 20, 2], [21, 8, 22, 9], [23, 17, 24, 16], [1, 15, 2, 14], [3, 19, 4, 18]]"
12a_0841_48,"[[4, 20, 5, 19], [6, 12, 7, 11], [8, 14, 9, 13], [10, 21, 11, 22], [12, 8, 13, 7], [14, 24, 15, 23], [16, 2, 17, 1], [18, 6, 19, 5], [20, 4, 21, 3], [22, 9, 23, 10], [24, 18, 1, 17], [2, 16, 3, 15]]"
12a_0841_49,"[[2, 16, 3, 15], [4, 20, 5, 19], [6, 12, 7, 11], [8, 14, 9, 13], [10, 21, 11, 22], [12, 8, 13, 7], [14, 24, 15, 23], [16, 2, 17, 1], [18, 6, 19, 5], [20, 4, 21, 3], [22, 9, 23, 10], [24, 18, 1, 17]]"
12a_0841_50,"[[24, 18, 1, 17], [2, 16, 3, 15], [4, 20, 5, 19], [6, 12, 7, 11], [8, 14, 9, 13], [10, 21, 11, 22], [12, 8, 13, 7], [14, 24, 15, 23], [16, 2, 17, 1], [18, 6, 19, 5], [20, 4, 21, 3], [22, 9, 23, 10]]"
12a_0841_51,"[[22, 9, 23, 10], [24, 18, 1, 17], [2, 16, 3, 15], [4, 20, 5, 19], [6, 12, 7, 11], [8, 14, 9, 13], [10, 21, 11, 22], [12, 8, 13, 7], [14, 24, 15, 23], [16, 2, 17, 1], [18, 6, 19, 5], [20, 4, 21, 3]]"
12a_0841_52,"[[20, 4, 21, 3], [22, 9, 23, 10], [24, 18, 1, 17], [2, 16, 3, 15], [4, 20, 5, 19], [6, 12, 7, 11], [8, 14, 9, 13], [10, 21, 11, 22], [12, 8, 13, 7], [14, 24, 15, 23], [16, 2, 17, 1], [18, 6, 19, 5]]"
12a_0841_53,"[[18, 6, 19, 5], [20, 4, 21, 3], [22, 9, 23, 10], [24, 18, 1, 17], [2, 16, 3, 15], [4, 20, 5, 19], [6, 12, 7, 11], [8, 14, 9, 13], [10, 21, 11, 22], [12, 8, 13, 7], [14, 24, 15, 23], [16, 2, 17, 1]]"
12a_0841_54,"[[16, 2, 17, 1], [18, 6, 19, 5], [20, 4, 21, 3], [22, 9, 23, 10], [24, 18, 1, 17], [2, 16, 3, 15], [4, 20, 5, 19], [6, 12, 7, 11], [8, 14, 9, 13], [10, 21, 11, 22], [12, 8, 13, 7], [14, 24, 15, 23]]"
12a_0841_55,"[[14, 24, 15, 23], [16, 2, 17, 1], [18, 6, 19, 5], [20, 4, 21, 3], [22, 9, 23, 10], [24, 18, 1, 17], [2, 16, 3, 15], [4, 20, 5, 19], [6, 12, 7, 11], [8, 14, 9, 13], [10, 21, 11, 22], [12, 8, 13, 7]]"
12a_0841_56,"[[12, 8, 13, 7], [14, 24, 15, 23], [16, 2, 17, 1], [18, 6, 19, 5], [20, 4, 21, 3], [22, 9, 23, 10], [24, 18, 1, 17], [2, 16, 3, 15], [4, 20, 5, 19], [6, 12, 7, 11], [8, 14, 9, 13], [10, 21, 11, 22]]"
12a_0841_57,"[[10, 21, 11, 22], [12, 8, 13, 7], [14, 24, 15, 23], [16, 2, 17, 1], [18, 6, 19, 5], [20, 4, 21, 3], [22, 9, 23, 10], [24, 18, 1, 17], [2, 16, 3, 15], [4, 20, 5, 19], [6, 12, 7, 11], [8, 14, 9, 13]]"
12a_0841_58,"[[8, 14, 9, 13], [10, 21, 11, 22], [12, 8, 13, 7], [14, 24, 15, 23], [16, 2, 17, 1], [18, 6, 19, 5], [20, 4, 21, 3], [22, 9, 23, 10], [24, 18, 1, 17], [2, 16, 3, 15], [4, 20, 5, 19], [6, 12, 7, 11]]"
12a_0841_59,"[[6, 12, 7, 11], [8, 14, 9, 13], [10, 21, 11, 22], [12, 8, 13, 7], [14, 24, 15, 23], [16, 2, 17, 1], [18, 6, 19, 5], [20, 4, 21, 3], [22, 9, 23, 10], [24, 18, 1, 17], [2, 16, 3, 15], [4, 20, 5, 19]]"
12a_0841_60,"[[5, 21, 6, 20], [7, 13, 8, 12], [9, 15, 10, 14], [11, 22, 12, 23], [13, 9, 14, 8], [15, 1, 16, 24], [17, 3, 18, 2], [19, 7, 20, 6], [21, 5, 22, 4], [23, 10, 24, 11], [1, 19, 2, 18], [3, 17, 4, 16]]"
12a_0841_61,"[[3, 17, 4, 16], [5, 21, 6, 20], [7, 13, 8, 12], [9, 15, 10, 14], [11, 22, 12, 23], [13, 9, 14, 8], [15, 1, 16, 24], [17, 3, 18, 2], [19, 7, 20, 6], [21, 5, 22, 4], [23, 10, 24, 11], [1, 19, 2, 18]]"
12a_0841_62,"[[1, 19, 2, 18], [3, 17, 4, 16], [5, 21, 6, 20], [7, 13, 8, 12], [9, 15, 10, 14], [11, 22, 12, 23], [13, 9, 14, 8], [15, 1, 16, 24], [17, 3, 18, 2], [19, 7, 20, 6], [21, 5, 22, 4], [23, 10, 24, 11]]"
12a_0841_63,"[[23, 10, 24, 11], [1, 19, 2, 18], [3, 17, 4, 16], [5, 21, 6, 20], [7, 13, 8, 12], [9, 15, 10, 14], [11, 22, 12, 23], [13, 9, 14, 8], [15, 1, 16, 24], [17, 3, 18, 2], [19, 7, 20, 6], [21, 5, 22, 4]]"
12a_0841_64,"[[21, 5, 22, 4], [23, 10, 24, 11], [1, 19, 2, 18], [3, 17, 4, 16], [5, 21, 6, 20], [7, 13, 8, 12], [9, 15, 10, 14], [11, 22, 12, 23], [13, 9, 14, 8], [15, 1, 16, 24], [17, 3, 18, 2], [19, 7, 20, 6]]"
12a_0841_65,"[[19, 7, 20, 6], [21, 5, 22, 4], [23, 10, 24, 11], [1, 19, 2, 18], [3, 17, 4, 16], [5, 21, 6, 20], [7, 13, 8, 12], [9, 15, 10, 14], [11, 22, 12, 23], [13, 9, 14, 8], [15, 1, 16, 24], [17, 3, 18, 2]]"
12a_0841_66,"[[17, 3, 18, 2], [19, 7, 20, 6], [21, 5, 22, 4], [23, 10, 24, 11], [1, 19, 2, 18], [3, 17, 4, 16], [5, 21, 6, 20], [7, 13, 8, 12], [9, 15, 10, 14], [11, 22, 12, 23], [13, 9, 14, 8], [15, 1, 16, 24]]"
12a_0841_67,"[[15, 1, 16, 24], [17, 3, 18, 2], [19, 7, 20, 6], [21, 5, 22, 4], [23, 10, 24, 11], [1, 19, 2, 18], [3, 17, 4, 16], [5, 21, 6, 20], [7, 13, 8, 12], [9, 15, 10, 14], [11, 22, 12, 23], [13, 9, 14, 8]]"
12a_0841_68,"[[13, 9, 14, 8], [15, 1, 16, 24], [17, 3, 18, 2], [19, 7, 20, 6], [21, 5, 22, 4], [23, 10, 24, 11], [1, 19, 2, 18], [3, 17, 4, 16], [5, 21, 6, 20], [7, 13, 8, 12], [9, 15, 10, 14], [11, 22, 12, 23]]"
12a_0841_69,"[[11, 22, 12, 23], [13, 9, 14, 8], [15, 1, 16, 24], [17, 3, 18, 2], [19, 7, 20, 6], [21, 5, 22, 4], [23, 10, 24, 11], [1, 19, 2, 18], [3, 17, 4, 16], [5, 21, 6, 20], [7, 13, 8, 12], [9, 15, 10, 14]]"
12a_0841_70,"[[9, 15, 10, 14], [11, 22, 12, 23], [13, 9, 14, 8], [15, 1, 16, 24], [17, 3, 18, 2], [19, 7, 20, 6], [21, 5, 22, 4], [23, 10, 24, 11], [1, 19, 2, 18], [3, 17, 4, 16], [5, 21, 6, 20], [7, 13, 8, 12]]"
12a_0841_71,"[[7, 13, 8, 12], [9, 15, 10, 14], [11, 22, 12, 23], [13, 9, 14, 8], [15, 1, 16, 24], [17, 3, 18, 2], [19, 7, 20, 6], [21, 5, 22, 4], [23, 10, 24, 11], [1, 19, 2, 18], [3, 17, 4, 16], [5, 21, 6, 20]]"
12a_0841_72,"[[6, 22, 7, 21], [8, 14, 9, 13], [10, 16, 11, 15], [12, 23, 13, 24], [14, 10, 15, 9], [16, 2, 17, 1], [18, 4, 19, 3], [20, 8, 21, 7], [22, 6, 23, 5], [24, 11, 1, 12], [2, 20, 3, 19], [4, 18, 5, 17]]"
12a_0841_73,"[[4, 18, 5, 17], [6, 22, 7, 21], [8, 14, 9, 13], [10, 16, 11, 15], [12, 23, 13, 24], [14, 10, 15, 9], [16, 2, 17, 1], [18, 4, 19, 3], [20, 8, 21, 7], [22, 6, 23, 5], [24, 11, 1, 12], [2, 20, 3, 19]]"
12a_0841_74,"[[2, 20, 3, 19], [4, 18, 5, 17], [6, 22, 7, 21], [8, 14, 9, 13], [10, 16, 11, 15], [12, 23, 13, 24], [14, 10, 15, 9], [16, 2, 17, 1], [18, 4, 19, 3], [20, 8, 21, 7], [22, 6, 23, 5], [24, 11, 1, 12]]"
12a_0841_75,"[[24, 11, 1, 12], [2, 20, 3, 19], [4, 18, 5, 17], [6, 22, 7, 21], [8, 14, 9, 13], [10, 16, 11, 15], [12, 23, 13, 24], [14, 10, 15, 9], [16, 2, 17, 1], [18, 4, 19, 3], [20, 8, 21, 7], [22, 6, 23, 5]]"
12a_0841_76,"[[22, 6, 23, 5], [24, 11, 1, 12], [2, 20, 3, 19], [4, 18, 5, 17], [6, 22, 7, 21], [8, 14, 9, 13], [10, 16, 11, 15], [12, 23, 13, 24], [14, 10, 15, 9], [16, 2, 17, 1], [18, 4, 19, 3], [20, 8, 21, 7]]"
12a_0841_77,"[[20, 8, 21, 7], [22, 6, 23, 5], [24, 11, 1, 12], [2, 20, 3, 19], [4, 18, 5, 17], [6, 22, 7, 21], [8, 14, 9, 13], [10, 16, 11, 15], [12, 23, 13, 24], [14, 10, 15, 9], [16, 2, 17, 1], [18, 4, 19, 3]]"
12a_0841_78,"[[18, 4, 19, 3], [20, 8, 21, 7], [22, 6, 23, 5], [24, 11, 1, 12], [2, 20, 3, 19], [4, 18, 5, 17], [6, 22, 7, 21], [8, 14, 9, 13], [10, 16, 11, 15], [12, 23, 13, 24], [14, 10, 15, 9], [16, 2, 17, 1]]"
12a_0841_79,"[[16, 2, 17, 1], [18, 4, 19, 3], [20, 8, 21, 7], [22, 6, 23, 5], [24, 11, 1, 12], [2, 20, 3, 19], [4, 18, 5, 17], [6, 22, 7, 21], [8, 14, 9, 13], [10, 16, 11, 15], [12, 23, 13, 24], [14, 10, 15, 9]]"
12a_0841_80,"[[14, 10, 15, 9], [16, 2, 17, 1], [18, 4, 19, 3], [20, 8, 21, 7], [22, 6, 23, 5], [24, 11, 1, 12], [2, 20, 3, 19], [4, 18, 5, 17], [6, 22, 7, 21], [8, 14, 9, 13], [10, 16, 11, 15], [12, 23, 13, 24]]"
12a_0841_81,"[[12, 23, 13, 24], [14, 10, 15, 9], [16, 2, 17, 1], [18, 4, 19, 3], [20, 8, 21, 7], [22, 6, 23, 5], [24, 11, 1, 12], [2, 20, 3, 19], [4, 18, 5, 17], [6, 22, 7, 21], [8, 14, 9, 13], [10, 16, 11, 15]]"
12a_0841_82,"[[10, 16, 11, 15], [12, 23, 13, 24], [14, 10, 15, 9], [16, 2, 17, 1], [18, 4, 19, 3], [20, 8, 21, 7], [22, 6, 23, 5], [24, 11, 1, 12], [2, 20, 3, 19], [4, 18, 5, 17], [6, 22, 7, 21], [8, 14, 9, 13]]"
12a_0841_83,"[[8, 14, 9, 13], [10, 16, 11, 15], [12, 23, 13, 24], [14, 10, 15, 9], [16, 2, 17, 1], [18, 4, 19, 3], [20, 8, 21, 7], [22, 6, 23, 5], [24, 11, 1, 12], [2, 20, 3, 19], [4, 18, 5, 17], [6, 22, 7, 21]]"
12a_0841_84,"[[7, 23, 8, 22], [9, 15, 10, 14], [11, 17, 12, 16], [13, 24, 14, 1], [15, 11, 16, 10], [17, 3, 18, 2], [19, 5, 20, 4], [21, 9, 22, 8], [23, 7, 24, 6], [1, 12, 2, 13], [3, 21, 4, 20], [5, 19, 6, 18]]"
12a_0841_85,"[[5, 19, 6, 18], [7, 23, 8, 22], [9, 15, 10, 14], [11, 17, 12, 16], [13, 24, 14, 1], [15, 11, 16, 10], [17, 3, 18, 2], [19, 5, 20, 4], [21, 9, 22, 8], [23, 7, 24, 6], [1, 12, 2, 13], [3, 21, 4, 20]]"
12a_0841_86,"[[3, 21, 4, 20], [5, 19, 6, 18], [7, 23, 8, 22], [9, 15, 10, 14], [11, 17, 12, 16], [13, 24, 14, 1], [15, 11, 16, 10], [17, 3, 18, 2], [19, 5, 20, 4], [21, 9, 22, 8], [23, 7, 24, 6], [1, 12, 2, 13]]"
12a_0841_87,"[[1, 12, 2, 13], [3, 21, 4, 20], [5, 19, 6, 18], [7, 23, 8, 22], [9, 15, 10, 14], [11, 17, 12, 16], [13, 24, 14, 1], [15, 11, 16, 10], [17, 3, 18, 2], [19, 5, 20, 4], [21, 9, 22, 8], [23, 7, 24, 6]]"
12a_0841_88,"[[23, 7, 24, 6], [1, 12, 2, 13], [3, 21, 4, 20], [5, 19, 6, 18], [7, 23, 8, 22], [9, 15, 10, 14], [11, 17, 12, 16], [13, 24, 14, 1], [15, 11, 16, 10], [17, 3, 18, 2], [19, 5, 20, 4], [21, 9, 22, 8]]"
12a_0841_89,"[[21, 9, 22, 8], [23, 7, 24, 6], [1, 12, 2, 13], [3, 21, 4, 20], [5, 19, 6, 18], [7, 23, 8, 22], [9, 15, 10, 14], [11, 17, 12, 16], [13, 24, 14, 1], [15, 11, 16, 10], [17, 3, 18, 2], [19, 5, 20, 4]]"
12a_0841_90,"[[19, 5, 20, 4], [21, 9, 22, 8], [23, 7, 24, 6], [1, 12, 2, 13], [3, 21, 4, 20], [5, 19, 6, 18], [7, 23, 8, 22], [9, 15, 10, 14], [11, 17, 12, 16], [13, 24, 14, 1], [15, 11, 16, 10], [17, 3, 18, 2]]"
12a_0841_91,"[[17, 3, 18, 2], [19, 5, 20, 4], [21, 9, 22, 8], [23, 7, 24, 6], [1, 12, 2, 13], [3, 21, 4, 20], [5, 19, 6, 18], [7, 23, 8, 22], [9, 15, 10, 14], [11, 17, 12, 16], [13, 24, 14, 1], [15, 11, 16, 10]]"
12a_0841_92,"[[15, 11, 16, 10], [17, 3, 18, 2], [19, 5, 20, 4], [21, 9, 22, 8], [23, 7, 24, 6], [1, 12, 2, 13], [3, 21, 4, 20], [5, 19, 6, 18], [7, 23, 8, 22], [9, 15, 10, 14], [11, 17, 12, 16], [13, 24, 14, 1]]"
12a_0841_93,"[[13, 24, 14, 1], [15, 11, 16, 10], [17, 3, 18, 2], [19, 5, 20, 4], [21, 9, 22, 8], [23, 7, 24, 6], [1, 12, 2, 13], [3, 21, 4, 20], [5, 19, 6, 18], [7, 23, 8, 22], [9, 15, 10, 14], [11, 17, 12, 16]]"
12a_0841_94,"[[11, 17, 12, 16], [13, 24, 14, 1], [15, 11, 16, 10], [17, 3, 18, 2], [19, 5, 20, 4], [21, 9, 22, 8], [23, 7, 24, 6], [1, 12, 2, 13], [3, 21, 4, 20], [5, 19, 6, 18], [7, 23, 8, 22], [9, 15, 10, 14]]"
12a_0841_95,"[[9, 15, 10, 14], [11, 17, 12, 16], [13, 24, 14, 1], [15, 11, 16, 10], [17, 3, 18, 2], [19, 5, 20, 4], [21, 9, 22, 8], [23, 7, 24, 6], [1, 12, 2, 13], [3, 21, 4, 20], [5, 19, 6, 18], [7, 23, 8, 22]]"
12a_0841_96,"[[8, 24, 9, 23], [10, 16, 11, 15], [12, 18, 13, 17], [14, 1, 15, 2], [16, 12, 17, 11], [18, 4, 19, 3], [20, 6, 21, 5], [22, 10, 23, 9], [24, 8, 1, 7], [2, 13, 3, 14], [4, 22, 5, 21], [6, 20, 7, 19]]"
12a_0841_97,"[[6, 20, 7, 19], [8, 24, 9, 23], [10, 16, 11, 15], [12, 18, 13, 17], [14, 1, 15, 2], [16, 12, 17, 11], [18, 4, 19, 3], [20, 6, 21, 5], [22, 10, 23, 9], [24, 8, 1, 7], [2, 13, 3, 14], [4, 22, 5, 21]]"
12a_0841_98,"[[4, 22, 5, 21], [6, 20, 7, 19], [8, 24, 9, 23], [10, 16, 11, 15], [12, 18, 13, 17], [14, 1, 15, 2], [16, 12, 17, 11], [18, 4, 19, 3], [20, 6, 21, 5], [22, 10, 23, 9], [24, 8, 1, 7], [2, 13, 3, 14]]"
12a_0841_99,"[[2, 13, 3, 14], [4, 22, 5, 21], [6, 20, 7, 19], [8, 24, 9, 23], [10, 16, 11, 15], [12, 18, 13, 17], [14, 1, 15, 2], [16, 12, 17, 11], [18, 4, 19, 3], [20, 6, 21, 5], [22, 10, 23, 9], [24, 8, 1, 7]]"
12a_0841_100,"[[24, 8, 1, 7], [2, 13, 3, 14], [4, 22, 5, 21], [6, 20, 7, 19], [8, 24, 9, 23], [10, 16, 11, 15], [12, 18, 13, 17], [14, 1, 15, 2], [16, 12, 17, 11], [18, 4, 19, 3], [20, 6, 21, 5], [22, 10, 23, 9]]"
12a_0841_101,"[[22, 10, 23, 9], [24, 8, 1, 7], [2, 13, 3, 14], [4, 22, 5, 21], [6, 20, 7, 19], [8, 24, 9, 23], [10, 16, 11, 15], [12, 18, 13, 17], [14, 1, 15, 2], [16, 12, 17, 11], [18, 4, 19, 3], [20, 6, 21, 5]]"
12a_0841_102,"[[20, 6, 21, 5], [22, 10, 23, 9], [24, 8, 1, 7], [2, 13, 3, 14], [4, 22, 5, 21], [6, 20, 7, 19], [8, 24, 9, 23], [10, 16, 11, 15], [12, 18, 13, 17], [14, 1, 15, 2], [16, 12, 17, 11], [18, 4, 19, 3]]"
12a_0841_103,"[[18, 4, 19, 3], [20, 6, 21, 5], [22, 10, 23, 9], [24, 8, 1, 7], [2, 13, 3, 14], [4, 22, 5, 21], [6, 20, 7, 19], [8, 24, 9, 23], [10, 16, 11, 15], [12, 18, 13, 17], [14, 1, 15, 2], [16, 12, 17, 11]]"
12a_0841_104,"[[16, 12, 17, 11], [18, 4, 19, 3], [20, 6, 21, 5], [22, 10, 23, 9], [24, 8, 1, 7], [2, 13, 3, 14], [4, 22, 5, 21], [6, 20, 7, 19], [8, 24, 9, 23], [10, 16, 11, 15], [12, 18, 13, 17], [14, 1, 15, 2]]"
12a_0841_105,"[[14, 1, 15, 2], [16, 12, 17, 11], [18, 4, 19, 3], [20, 6, 21, 5], [22, 10, 23, 9], [24, 8, 1, 7], [2, 13, 3, 14], [4, 22, 5, 21], [6, 20, 7, 19], [8, 24, 9, 23], [10, 16, 11, 15], [12, 18, 13, 17]]"
12a_0841_106,"[[12, 18, 13, 17], [14, 1, 15, 2], [16, 12, 17, 11], [18, 4, 19, 3], [20, 6, 21, 5], [22, 10, 23, 9], [24, 8, 1, 7], [2, 13, 3, 14], [4, 22, 5, 21], [6, 20, 7, 19], [8, 24, 9, 23], [10, 16, 11, 15]]"
12a_0841_107,"[[10, 16, 11, 15], [12, 18, 13, 17], [14, 1, 15, 2], [16, 12, 17, 11], [18, 4, 19, 3], [20, 6, 21, 5], [22, 10, 23, 9], [24, 8, 1, 7], [2, 13, 3, 14], [4, 22, 5, 21], [6, 20, 7, 19], [8, 24, 9, 23]]"
12a_0841_108,"[[9, 1, 10, 24], [11, 17, 12, 16], [13, 19, 14, 18], [15, 2, 16, 3], [17, 13, 18, 12], [19, 5, 20, 4], [21, 7, 22, 6], [23, 11, 24, 10], [1, 9, 2, 8], [3, 14, 4, 15], [5, 23, 6, 22], [7, 21, 8, 20]]"
12a_0841_109,"[[7, 21, 8, 20], [9, 1, 10, 24], [11, 17, 12, 16], [13, 19, 14, 18], [15, 2, 16, 3], [17, 13, 18, 12], [19, 5, 20, 4], [21, 7, 22, 6], [23, 11, 24, 10], [1, 9, 2, 8], [3, 14, 4, 15], [5, 23, 6, 22]]"
12a_0841_110,"[[5, 23, 6, 22], [7, 21, 8, 20], [9, 1, 10, 24], [11, 17, 12, 16], [13, 19, 14, 18], [15, 2, 16, 3], [17, 13, 18, 12], [19, 5, 20, 4], [21, 7, 22, 6], [23, 11, 24, 10], [1, 9, 2, 8], [3, 14, 4, 15]]"
12a_0841_111,"[[3, 14, 4, 15], [5, 23, 6, 22], [7, 21, 8, 20], [9, 1, 10, 24], [11, 17, 12, 16], [13, 19, 14, 18], [15, 2, 16, 3], [17, 13, 18, 12], [19, 5, 20, 4], [21, 7, 22, 6], [23, 11, 24, 10], [1, 9, 2, 8]]"
12a_0841_112,"[[1, 9, 2, 8], [3, 14, 4, 15], [5, 23, 6, 22], [7, 21, 8, 20], [9, 1, 10, 24], [11, 17, 12, 16], [13, 19, 14, 18], [15, 2, 16, 3], [17, 13, 18, 12], [19, 5, 20, 4], [21, 7, 22, 6], [23, 11, 24, 10]]"
12a_0841_113,"[[23, 11, 24, 10], [1, 9, 2, 8], [3, 14, 4, 15], [5, 23, 6, 22], [7, 21, 8, 20], [9, 1, 10, 24], [11, 17, 12, 16], [13, 19, 14, 18], [15, 2, 16, 3], [17, 13, 18, 12], [19, 5, 20, 4], [21, 7, 22, 6]]"
12a_0841_114,"[[21, 7, 22, 6], [23, 11, 24, 10], [1, 9, 2, 8], [3, 14, 4, 15], [5, 23, 6, 22], [7, 21, 8, 20], [9, 1, 10, 24], [11, 17, 12, 16], [13, 19, 14, 18], [15, 2, 16, 3], [17, 13, 18, 12], [19, 5, 20, 4]]"
12a_0841_115,"[[19, 5, 20, 4], [21, 7, 22, 6], [23, 11, 24, 10], [1, 9, 2, 8], [3, 14, 4, 15], [5, 23, 6, 22], [7, 21, 8, 20], [9, 1, 10, 24], [11, 17, 12, 16], [13, 19, 14, 18], [15, 2, 16, 3], [17, 13, 18, 12]]"
12a_0841_116,"[[17, 13, 18, 12], [19, 5, 20, 4], [21, 7, 22, 6], [23, 11, 24, 10], [1, 9, 2, 8], [3, 14, 4, 15], [5, 23, 6, 22], [7, 21, 8, 20], [9, 1, 10, 24], [11, 17, 12, 16], [13, 19, 14, 18], [15, 2, 16, 3]]"
12a_0841_117,"[[15, 2, 16, 3], [17, 13, 18, 12], [19, 5, 20, 4], [21, 7, 22, 6], [23, 11, 24, 10], [1, 9, 2, 8], [3, 14, 4, 15], [5, 23, 6, 22], [7, 21, 8, 20], [9, 1, 10, 24], [11, 17, 12, 16], [13, 19, 14, 18]]"
12a_0841_118,"[[13, 19, 14, 18], [15, 2, 16, 3], [17, 13, 18, 12], [19, 5, 20, 4], [21, 7, 22, 6], [23, 11, 24, 10], [1, 9, 2, 8], [3, 14, 4, 15], [5, 23, 6, 22], [7, 21, 8, 20], [9, 1, 10, 24], [11, 17, 12, 16]]"
12a_0841_119,"[[11, 17, 12, 16], [13, 19, 14, 18], [15, 2, 16, 3], [17, 13, 18, 12], [19, 5, 20, 4], [21, 7, 22, 6], [23, 11, 24, 10], [1, 9, 2, 8], [3, 14, 4, 15], [5, 23, 6, 22], [7, 21, 8, 20], [9, 1, 10, 24]]"
12a_0841_120,"[[10, 2, 11, 1], [12, 18, 13, 17], [14, 20, 15, 19], [16, 3, 17, 4], [18, 14, 19, 13], [20, 6, 21, 5], [22, 8, 23, 7], [24, 12, 1, 11], [2, 10, 3, 9], [4, 15, 5, 16], [6, 24, 7, 23], [8, 22, 9, 21]]"
12a_0841_121,"[[8, 22, 9, 21], [10, 2, 11, 1], [12, 18, 13, 17], [14, 20, 15, 19], [16, 3, 17, 4], [18, 14, 19, 13], [20, 6, 21, 5], [22, 8, 23, 7], [24, 12, 1, 11], [2, 10, 3, 9], [4, 15, 5, 16], [6, 24, 7, 23]]"
12a_0841_122,"[[6, 24, 7, 23], [8, 22, 9, 21], [10, 2, 11, 1], [12, 18, 13, 17], [14, 20, 15, 19], [16, 3, 17, 4], [18, 14, 19, 13], [20, 6, 21, 5], [22, 8, 23, 7], [24, 12, 1, 11], [2, 10, 3, 9], [4, 15, 5, 16]]"
12a_0841_123,"[[4, 15, 5, 16], [6, 24, 7, 23], [8, 22, 9, 21], [10, 2, 11, 1], [12, 18, 13, 17], [14, 20, 15, 19], [16, 3, 17, 4], [18, 14, 19, 13], [20, 6, 21, 5], [22, 8, 23, 7], [24, 12, 1, 11], [2, 10, 3, 9]]"
12a_0841_124,"[[2, 10, 3, 9], [4, 15, 5, 16], [6, 24, 7, 23], [8, 22, 9, 21], [10, 2, 11, 1], [12, 18, 13, 17], [14, 20, 15, 19], [16, 3, 17, 4], [18, 14, 19, 13], [20, 6, 21, 5], [22, 8, 23, 7], [24, 12, 1, 11]]"
12a_0841_125,"[[24, 12, 1, 11], [2, 10, 3, 9], [4, 15, 5, 16], [6, 24, 7, 23], [8, 22, 9, 21], [10, 2, 11, 1], [12, 18, 13, 17], [14, 20, 15, 19], [16, 3, 17, 4], [18, 14, 19, 13], [20, 6, 21, 5], [22, 8, 23, 7]]"
12a_0841_126,"[[22, 8, 23, 7], [24, 12, 1, 11], [2, 10, 3, 9], [4, 15, 5, 16], [6, 24, 7, 23], [8, 22, 9, 21], [10, 2, 11, 1], [12, 18, 13, 17], [14, 20, 15, 19], [16, 3, 17, 4], [18, 14, 19, 13], [20, 6, 21, 5]]"
12a_0841_127,"[[20, 6, 21, 5], [22, 8, 23, 7], [24, 12, 1, 11], [2, 10, 3, 9], [4, 15, 5, 16], [6, 24, 7, 23], [8, 22, 9, 21], [10, 2, 11, 1], [12, 18, 13, 17], [14, 20, 15, 19], [16, 3, 17, 4], [18, 14, 19, 13]]"
12a_0841_128,"[[18, 14, 19, 13], [20, 6, 21, 5], [22, 8, 23, 7], [24, 12, 1, 11], [2, 10, 3, 9], [4, 15, 5, 16], [6, 24, 7, 23], [8, 22, 9, 21], [10, 2, 11, 1], [12, 18, 13, 17], [14, 20, 15, 19], [16, 3, 17, 4]]"
12a_0841_129,"[[16, 3, 17, 4], [18, 14, 19, 13], [20, 6, 21, 5], [22, 8, 23, 7], [24, 12, 1, 11], [2, 10, 3, 9], [4, 15, 5, 16], [6, 24, 7, 23], [8, 22, 9, 21], [10, 2, 11, 1], [12, 18, 13, 17], [14, 20, 15, 19]]"
12a_0841_130,"[[14, 20, 15, 19], [16, 3, 17, 4], [18, 14, 19, 13], [20, 6, 21, 5], [22, 8, 23, 7], [24, 12, 1, 11], [2, 10, 3, 9], [4, 15, 5, 16], [6, 24, 7, 23], [8, 22, 9, 21], [10, 2, 11, 1], [12, 18, 13, 17]]"
12a_0841_131,"[[12, 18, 13, 17], [14, 20, 15, 19], [16, 3, 17, 4], [18, 14, 19, 13], [20, 6, 21, 5], [22, 8, 23, 7], [24, 12, 1, 11], [2, 10, 3, 9], [4, 15, 5, 16], [6, 24, 7, 23], [8, 22, 9, 21], [10, 2, 11, 1]]"
12a_0841_132,"[[11, 3, 12, 2], [13, 19, 14, 18], [15, 21, 16, 20], [17, 4, 18, 5], [19, 15, 20, 14], [21, 7, 22, 6], [23, 9, 24, 8], [1, 13, 2, 12], [3, 11, 4, 10], [5, 16, 6, 17], [7, 1, 8, 24], [9, 23, 10, 22]]"
12a_0841_133,"[[9, 23, 10, 22], [11, 3, 12, 2], [13, 19, 14, 18], [15, 21, 16, 20], [17, 4, 18, 5], [19, 15, 20, 14], [21, 7, 22, 6], [23, 9, 24, 8], [1, 13, 2, 12], [3, 11, 4, 10], [5, 16, 6, 17], [7, 1, 8, 24]]"
12a_0841_134,"[[7, 1, 8, 24], [9, 23, 10, 22], [11, 3, 12, 2], [13, 19, 14, 18], [15, 21, 16, 20], [17, 4, 18, 5], [19, 15, 20, 14], [21, 7, 22, 6], [23, 9, 24, 8], [1, 13, 2, 12], [3, 11, 4, 10], [5, 16, 6, 17]]"
12a_0841_135,"[[5, 16, 6, 17], [7, 1, 8, 24], [9, 23, 10, 22], [11, 3, 12, 2], [13, 19, 14, 18], [15, 21, 16, 20], [17, 4, 18, 5], [19, 15, 20, 14], [21, 7, 22, 6], [23, 9, 24, 8], [1, 13, 2, 12], [3, 11, 4, 10]]"
12a_0841_136,"[[3, 11, 4, 10], [5, 16, 6, 17], [7, 1, 8, 24], [9, 23, 10, 22], [11, 3, 12, 2], [13, 19, 14, 18], [15, 21, 16, 20], [17, 4, 18, 5], [19, 15, 20, 14], [21, 7, 22, 6], [23, 9, 24, 8], [1, 13, 2, 12]]"
12a_0841_137,"[[1, 13, 2, 12], [3, 11, 4, 10], [5, 16, 6, 17], [7, 1, 8, 24], [9, 23, 10, 22], [11, 3, 12, 2], [13, 19, 14, 18], [15, 21, 16, 20], [17, 4, 18, 5], [19, 15, 20, 14], [21, 7, 22, 6], [23, 9, 24, 8]]"
12a_0841_138,"[[23, 9, 24, 8], [1, 13, 2, 12], [3, 11, 4, 10], [5, 16, 6, 17], [7, 1, 8, 24], [9, 23, 10, 22], [11, 3, 12, 2], [13, 19, 14, 18], [15, 21, 16, 20], [17, 4, 18, 5], [19, 15, 20, 14], [21, 7, 22, 6]]"
12a_0841_139,"[[21, 7, 22, 6], [23, 9, 24, 8], [1, 13, 2, 12], [3, 11, 4, 10], [5, 16, 6, 17], [7, 1, 8, 24], [9, 23, 10, 22], [11, 3, 12, 2], [13, 19, 14, 18], [15, 21, 16, 20], [17, 4, 18, 5], [19, 15, 20, 14]]"
12a_0841_140,"[[19, 15, 20, 14], [21, 7, 22, 6], [23, 9, 24, 8], [1, 13, 2, 12], [3, 11, 4, 10], [5, 16, 6, 17], [7, 1, 8, 24], [9, 23, 10, 22], [11, 3, 12, 2], [13, 19, 14, 18], [15, 21, 16, 20], [17, 4, 18, 5]]"
12a_0841_141,"[[17, 4, 18, 5], [19, 15, 20, 14], [21, 7, 22, 6], [23, 9, 24, 8], [1, 13, 2, 12], [3, 11, 4, 10], [5, 16, 6, 17], [7, 1, 8, 24], [9, 23, 10, 22], [11, 3, 12, 2], [13, 19, 14, 18], [15, 21, 16, 20]]"
12a_0841_142,"[[15, 21, 16, 20], [17, 4, 18, 5], [19, 15, 20, 14], [21, 7, 22, 6], [23, 9, 24, 8], [1, 13, 2, 12], [3, 11, 4, 10], [5, 16, 6, 17], [7, 1, 8, 24], [9, 23, 10, 22], [11, 3, 12, 2], [13, 19, 14, 18]]"
12a_0841_143,"[[13, 19, 14, 18], [15, 21, 16, 20], [17, 4, 18, 5], [19, 15, 20, 14], [21, 7, 22, 6], [23, 9, 24, 8], [1, 13, 2, 12], [3, 11, 4, 10], [5, 16, 6, 17], [7, 1, 8, 24], [9, 23, 10, 22], [11, 3, 12, 2]]"
12a_0841_144,"[[12, 4, 13, 3], [14, 20, 15, 19], [16, 22, 17, 21], [18, 5, 19, 6], [20, 16, 21, 15], [22, 8, 23, 7], [24, 10, 1, 9], [2, 14, 3, 13], [4, 12, 5, 11], [6, 17, 7, 18], [8, 2, 9, 1], [10, 24, 11, 23]]"
12a_0841_145,"[[10, 24, 11, 23], [12, 4, 13, 3], [14, 20, 15, 19], [16, 22, 17, 21], [18, 5, 19, 6], [20, 16, 21, 15], [22, 8, 23, 7], [24, 10, 1, 9], [2, 14, 3, 13], [4, 12, 5, 11], [6, 17, 7, 18], [8, 2, 9, 1]]"
12a_0841_146,"[[8, 2, 9, 1], [10, 24, 11, 23], [12, 4, 13, 3], [14, 20, 15, 19], [16, 22, 17, 21], [18, 5, 19, 6], [20, 16, 21, 15], [22, 8, 23, 7], [24, 10, 1, 9], [2, 14, 3, 13], [4, 12, 5, 11], [6, 17, 7, 18]]"
12a_0841_147,"[[6, 17, 7, 18], [8, 2, 9, 1], [10, 24, 11, 23], [12, 4, 13, 3], [14, 20, 15, 19], [16, 22, 17, 21], [18, 5, 19, 6], [20, 16, 21, 15], [22, 8, 23, 7], [24, 10, 1, 9], [2, 14, 3, 13], [4, 12, 5, 11]]"
12a_0841_148,"[[4, 12, 5, 11], [6, 17, 7, 18], [8, 2, 9, 1], [10, 24, 11, 23], [12, 4, 13, 3], [14, 20, 15, 19], [16, 22, 17, 21], [18, 5, 19, 6], [20, 16, 21, 15], [22, 8, 23, 7], [24, 10, 1, 9], [2, 14, 3, 13]]"
12a_0841_149,"[[2, 14, 3, 13], [4, 12, 5, 11], [6, 17, 7, 18], [8, 2, 9, 1], [10, 24, 11, 23], [12, 4, 13, 3], [14, 20, 15, 19], [16, 22, 17, 21], [18, 5, 19, 6], [20, 16, 21, 15], [22, 8, 23, 7], [24, 10, 1, 9]]"
12a_0841_150,"[[24, 10, 1, 9], [2, 14, 3, 13], [4, 12, 5, 11], [6, 17, 7, 18], [8, 2, 9, 1], [10, 24, 11, 23], [12, 4, 13, 3], [14, 20, 15, 19], [16, 22, 17, 21], [18, 5, 19, 6], [20, 16, 21, 15], [22, 8, 23, 7]]"
12a_0841_151,"[[22, 8, 23, 7], [24, 10, 1, 9], [2, 14, 3, 13], [4, 12, 5, 11], [6, 17, 7, 18], [8, 2, 9, 1], [10, 24, 11, 23], [12, 4, 13, 3], [14, 20, 15, 19], [16, 22, 17, 21], [18, 5, 19, 6], [20, 16, 21, 15]]"
12a_0841_152,"[[20, 16, 21, 15], [22, 8, 23, 7], [24, 10, 1, 9], [2, 14, 3, 13], [4, 12, 5, 11], [6, 17, 7, 18], [8, 2, 9, 1], [10, 24, 11, 23], [12, 4, 13, 3], [14, 20, 15, 19], [16, 22, 17, 21], [18, 5, 19, 6]]"
12a_0841_153,"[[18, 5, 19, 6], [20, 16, 21, 15], [22, 8, 23, 7], [24, 10, 1, 9], [2, 14, 3, 13], [4, 12, 5, 11], [6, 17, 7, 18], [8, 2, 9, 1], [10, 24, 11, 23], [12, 4, 13, 3], [14, 20, 15, 19], [16, 22, 17, 21]]"
12a_0841_154,"[[16, 22, 17, 21], [18, 5, 19, 6], [20, 16, 21, 15], [22, 8, 23, 7], [24, 10, 1, 9], [2, 14, 3, 13], [4, 12, 5, 11], [6, 17, 7, 18], [8, 2, 9, 1], [10, 24, 11, 23], [12, 4, 13, 3], [14, 20, 15, 19]]"
12a_0841_155,"[[14, 20, 15, 19], [16, 22, 17, 21], [18, 5, 19, 6], [20, 16, 21, 15], [22, 8, 23, 7], [24, 10, 1, 9], [2, 14, 3, 13], [4, 12, 5, 11], [6, 17, 7, 18], [8, 2, 9, 1], [10, 24, 11, 23], [12, 4, 13, 3]]"
12a_0841_156,"[[13, 5, 14, 4], [15, 21, 16, 20], [17, 23, 18, 22], [19, 6, 20, 7], [21, 17, 22, 16], [23, 9, 24, 8], [1, 11, 2, 10], [3, 15, 4, 14], [5, 13, 6, 12], [7, 18, 8, 19], [9, 3, 10, 2], [11, 1, 12, 24]]"
12a_0841_157,"[[11, 1, 12, 24], [13, 5, 14, 4], [15, 21, 16, 20], [17, 23, 18, 22], [19, 6, 20, 7], [21, 17, 22, 16], [23, 9, 24, 8], [1, 11, 2, 10], [3, 15, 4, 14], [5, 13, 6, 12], [7, 18, 8, 19], [9, 3, 10, 2]]"
12a_0841_158,"[[9, 3, 10, 2], [11, 1, 12, 24], [13, 5, 14, 4], [15, 21, 16, 20], [17, 23, 18, 22], [19, 6, 20, 7], [21, 17, 22, 16], [23, 9, 24, 8], [1, 11, 2, 10], [3, 15, 4, 14], [5, 13, 6, 12], [7, 18, 8, 19]]"
12a_0841_159,"[[7, 18, 8, 19], [9, 3, 10, 2], [11, 1, 12, 24], [13, 5, 14, 4], [15, 21, 16, 20], [17, 23, 18, 22], [19, 6, 20, 7], [21, 17, 22, 16], [23, 9, 24, 8], [1, 11, 2, 10], [3, 15, 4, 14], [5, 13, 6, 12]]"
12a_0841_160,"[[5, 13, 6, 12], [7, 18, 8, 19], [9, 3, 10, 2], [11, 1, 12, 24], [13, 5, 14, 4], [15, 21, 16, 20], [17, 23, 18, 22], [19, 6, 20, 7], [21, 17, 22, 16], [23, 9, 24, 8], [1, 11, 2, 10], [3, 15, 4, 14]]"
12a_0841_161,"[[3, 15, 4, 14], [5, 13, 6, 12], [7, 18, 8, 19], [9, 3, 10, 2], [11, 1, 12, 24], [13, 5, 14, 4], [15, 21, 16, 20], [17, 23, 18, 22], [19, 6, 20, 7], [21, 17, 22, 16], [23, 9, 24, 8], [1, 11, 2, 10]]"
12a_0841_162,"[[1, 11, 2, 10], [3, 15, 4, 14], [5, 13, 6, 12], [7, 18, 8, 19], [9, 3, 10, 2], [11, 1, 12, 24], [13, 5, 14, 4], [15, 21, 16, 20], [17, 23, 18, 22], [19, 6, 20, 7], [21, 17, 22, 16], [23, 9, 24, 8]]"
12a_0841_163,"[[23, 9, 24, 8], [1, 11, 2, 10], [3, 15, 4, 14], [5, 13, 6, 12], [7, 18, 8, 19], [9, 3, 10, 2], [11, 1, 12, 24], [13, 5, 14, 4], [15, 21, 16, 20], [17, 23, 18, 22], [19, 6, 20, 7], [21, 17, 22, 16]]"
12a_0841_164,"[[21, 17, 22, 16], [23, 9, 24, 8], [1, 11, 2, 10], [3, 15, 4, 14], [5, 13, 6, 12], [7, 18, 8, 19], [9, 3, 10, 2], [11, 1, 12, 24], [13, 5, 14, 4], [15, 21, 16, 20], [17, 23, 18, 22], [19, 6, 20, 7]]"
12a_0841_165,"[[19, 6, 20, 7], [21, 17, 22, 16], [23, 9, 24, 8], [1, 11, 2, 10], [3, 15, 4, 14], [5, 13, 6, 12], [7, 18, 8, 19], [9, 3, 10, 2], [11, 1, 12, 24], [13, 5, 14, 4], [15, 21, 16, 20], [17, 23, 18, 22]]"
12a_0841_166,"[[17, 23, 18, 22], [19, 6, 20, 7], [21, 17, 22, 16], [23, 9, 24, 8], [1, 11, 2, 10], [3, 15, 4, 14], [5, 13, 6, 12], [7, 18, 8, 19], [9, 3, 10, 2], [11, 1, 12, 24], [13, 5, 14, 4], [15, 21, 16, 20]]"
12a_0841_167,"[[15, 21, 16, 20], [17, 23, 18, 22], [19, 6, 20, 7], [21, 17, 22, 16], [23, 9, 24, 8], [1, 11, 2, 10], [3, 15, 4, 14], [5, 13, 6, 12], [7, 18, 8, 19], [9, 3, 10, 2], [11, 1, 12, 24], [13, 5, 14, 4]]"
12a_0841_168,"[[14, 6, 15, 5], [16, 22, 17, 21], [18, 24, 19, 23], [20, 7, 21, 8], [22, 18, 23, 17], [24, 10, 1, 9], [2, 12, 3, 11], [4, 16, 5, 15], [6, 14, 7, 13], [8, 19, 9, 20], [10, 4, 11, 3], [12, 2, 13, 1]]"
12a_0841_169,"[[12, 2, 13, 1], [14, 6, 15, 5], [16, 22, 17, 21], [18, 24, 19, 23], [20, 7, 21, 8], [22, 18, 23, 17], [24, 10, 1, 9], [2, 12, 3, 11], [4, 16, 5, 15], [6, 14, 7, 13], [8, 19, 9, 20], [10, 4, 11, 3]]"
12a_0841_170,"[[10, 4, 11, 3], [12, 2, 13, 1], [14, 6, 15, 5], [16, 22, 17, 21], [18, 24, 19, 23], [20, 7, 21, 8], [22, 18, 23, 17], [24, 10, 1, 9], [2, 12, 3, 11], [4, 16, 5, 15], [6, 14, 7, 13], [8, 19, 9, 20]]"
12a_0841_171,"[[8, 19, 9, 20], [10, 4, 11, 3], [12, 2, 13, 1], [14, 6, 15, 5], [16, 22, 17, 21], [18, 24, 19, 23], [20, 7, 21, 8], [22, 18, 23, 17], [24, 10, 1, 9], [2, 12, 3, 11], [4, 16, 5, 15], [6, 14, 7, 13]]"
12a_0841_172,"[[6, 14, 7, 13], [8, 19, 9, 20], [10, 4, 11, 3], [12, 2, 13, 1], [14, 6, 15, 5], [16, 22, 17, 21], [18, 24, 19, 23], [20, 7, 21, 8], [22, 18, 23, 17], [24, 10, 1, 9], [2, 12, 3, 11], [4, 16, 5, 15]]"
12a_0841_173,"[[4, 16, 5, 15], [6, 14, 7, 13], [8, 19, 9, 20], [10, 4, 11, 3], [12, 2, 13, 1], [14, 6, 15, 5], [16, 22, 17, 21], [18, 24, 19, 23], [20, 7, 21, 8], [22, 18, 23, 17], [24, 10, 1, 9], [2, 12, 3, 11]]"
12a_0841_174,"[[2, 12, 3, 11], [4, 16, 5, 15], [6, 14, 7, 13], [8, 19, 9, 20], [10, 4, 11, 3], [12, 2, 13, 1], [14, 6, 15, 5], [16, 22, 17, 21], [18, 24, 19, 23], [20, 7, 21, 8], [22, 18, 23, 17], [24, 10, 1, 9]]"
12a_0841_175,"[[24, 10, 1, 9], [2, 12, 3, 11], [4, 16, 5, 15], [6, 14, 7, 13], [8, 19, 9, 20], [10, 4, 11, 3], [12, 2, 13, 1], [14, 6, 15, 5], [16, 22, 17, 21], [18, 24, 19, 23], [20, 7, 21, 8], [22, 18, 23, 17]]"
12a_0841_176,"[[22, 18, 23, 17], [24, 10, 1, 9], [2, 12, 3, 11], [4, 16, 5, 15], [6, 14, 7, 13], [8, 19, 9, 20], [10, 4, 11, 3], [12, 2, 13, 1], [14, 6, 15, 5], [16, 22, 17, 21], [18, 24, 19, 23], [20, 7, 21, 8]]"
12a_0841_177,"[[20, 7, 21, 8], [22, 18, 23, 17], [24, 10, 1, 9], [2, 12, 3, 11], [4, 16, 5, 15], [6, 14, 7, 13], [8, 19, 9, 20], [10, 4, 11, 3], [12, 2, 13, 1], [14, 6, 15, 5], [16, 22, 17, 21], [18, 24, 19, 23]]"
12a_0841_178,"[[18, 24, 19, 23], [20, 7, 21, 8], [22, 18, 23, 17], [24, 10, 1, 9], [2, 12, 3, 11], [4, 16, 5, 15], [6, 14, 7, 13], [8, 19, 9, 20], [10, 4, 11, 3], [12, 2, 13, 1], [14, 6, 15, 5], [16, 22, 17, 21]]"
12a_0841_179,"[[16, 22, 17, 21], [18, 24, 19, 23], [20, 7, 21, 8], [22, 18, 23, 17], [24, 10, 1, 9], [2, 12, 3, 11], [4, 16, 5, 15], [6, 14, 7, 13], [8, 19, 9, 20], [10, 4, 11, 3], [12, 2, 13, 1], [14, 6, 15, 5]]"
12a_0841_180,"[[15, 7, 16, 6], [17, 23, 18, 22], [19, 1, 20, 24], [21, 8, 22, 9], [23, 19, 24, 18], [1, 11, 2, 10], [3, 13, 4, 12], [5, 17, 6, 16], [7, 15, 8, 14], [9, 20, 10, 21], [11, 5, 12, 4], [13, 3, 14, 2]]"
12a_0841_181,"[[13, 3, 14, 2], [15, 7, 16, 6], [17, 23, 18, 22], [19, 1, 20, 24], [21, 8, 22, 9], [23, 19, 24, 18], [1, 11, 2, 10], [3, 13, 4, 12], [5, 17, 6, 16], [7, 15, 8, 14], [9, 20, 10, 21], [11, 5, 12, 4]]"
12a_0841_182,"[[11, 5, 12, 4], [13, 3, 14, 2], [15, 7, 16, 6], [17, 23, 18, 22], [19, 1, 20, 24], [21, 8, 22, 9], [23, 19, 24, 18], [1, 11, 2, 10], [3, 13, 4, 12], [5, 17, 6, 16], [7, 15, 8, 14], [9, 20, 10, 21]]"
12a_0841_183,"[[9, 20, 10, 21], [11, 5, 12, 4], [13, 3, 14, 2], [15, 7, 16, 6], [17, 23, 18, 22], [19, 1, 20, 24], [21, 8, 22, 9], [23, 19, 24, 18], [1, 11, 2, 10], [3, 13, 4, 12], [5, 17, 6, 16], [7, 15, 8, 14]]"
12a_0841_184,"[[7, 15, 8, 14], [9, 20, 10, 21], [11, 5, 12, 4], [13, 3, 14, 2], [15, 7, 16, 6], [17, 23, 18, 22], [19, 1, 20, 24], [21, 8, 22, 9], [23, 19, 24, 18], [1, 11, 2, 10], [3, 13, 4, 12], [5, 17, 6, 16]]"
12a_0841_185,"[[5, 17, 6, 16], [7, 15, 8, 14], [9, 20, 10, 21], [11, 5, 12, 4], [13, 3, 14, 2], [15, 7, 16, 6], [17, 23, 18, 22], [19, 1, 20, 24], [21, 8, 22, 9], [23, 19, 24, 18], [1, 11, 2, 10], [3, 13, 4, 12]]"
