name,pd_notation
12a_1076_0,"[[24, 9, 1, 10], [2, 8, 3, 7], [4, 13, 5, 14], [6, 19, 7, 20], [8, 18, 9, 17], [10, 23, 11, 24], [12, 22, 13, 21], [14, 5, 15, 6], [16, 12, 17, 11], [18, 2, 19, 1], [20, 3, 21, 4], [22, 16, 23, 15]]"
12a_1076_1,"[[22, 16, 23, 15], [24, 9, 1, 10], [2, 8, 3, 7], [4, 13, 5, 14], [6, 19, 7, 20], [8, 18, 9, 17], [10, 23, 11, 24], [12, 22, 13, 21], [14, 5, 15, 6], [16, 12, 17, 11], [18, 2, 19, 1], [20, 3, 21, 4]]"
12a_1076_2,"[[20, 3, 21, 4], [22, 16, 23, 15], [24, 9, 1, 10], [2, 8, 3, 7], [4, 13, 5, 14], [6, 19, 7, 20], [8, 18, 9, 17], [10, 23, 11, 24], [12, 22, 13, 21], [14, 5, 15, 6], [16, 12, 17, 11], [18, 2, 19, 1]]"
12a_1076_3,"[[18, 2, 19, 1], [20, 3, 21, 4], [22, 16, 23, 15], [24, 9, 1, 10], [2, 8, 3, 7], [4, 13, 5, 14], [6, 19, 7, 20], [8, 18, 9, 17], [10, 23, 11, 24], [12, 22, 13, 21], [14, 5, 15, 6], [16, 12, 17, 11]]"
12a_1076_4,"[[16, 12, 17, 11], [18, 2, 19, 1], [20, 3, 21, 4], [22, 16, 23, 15], [24, 9, 1, 10], [2, 8, 3, 7], [4, 13, 5, 14], [6, 19, 7, 20], [8, 18, 9, 17], [10, 23, 11, 24], [12, 22, 13, 21], [14, 5, 15, 6]]"
12a_1076_5,"[[14, 5, 15, 6], [16, 12, 17, 11], [18, 2, 19, 1], [20, 3, 21, 4], [22, 16, 23, 15], [24, 9, 1, 10], [2, 8, 3, 7], [4, 13, 5, 14], [6, 19, 7, 20], [8, 18, 9, 17], [10, 23, 11, 24], [12, 22, 13, 21]]"
12a_1076_6,"[[12, 22, 13, 21], [14, 5, 15, 6], [16, 12, 17, 11], [18, 2, 19, 1], [20, 3, 21, 4], [22, 16, 23, 15], [24, 9, 1, 10], [2, 8, 3, 7], [4, 13, 5, 14], [6, 19, 7, 20], [8, 18, 9, 17], [10, 23, 11, 24]]"
12a_1076_7,"[[10, 23, 11, 24], [12, 22, 13, 21], [14, 5, 15, 6], [16, 12, 17, 11], [18, 2, 19, 1], [20, 3, 21, 4], [22, 16, 23, 15], [24, 9, 1, 10], [2, 8, 3, 7], [4, 13, 5, 14], [6, 19, 7, 20], [8, 18, 9, 17]]"
12a_1076_8,"[[8, 18, 9, 17], [10, 23, 11, 24], [12, 22, 13, 21], [14, 5, 15, 6], [16, 12, 17, 11], [18, 2, 19, 1], [20, 3, 21, 4], [22, 16, 23, 15], [24, 9, 1, 10], [2, 8, 3, 7], [4, 13, 5, 14], [6, 19, 7, 20]]"
12a_1076_9,"[[6, 19, 7, 20], [8, 18, 9, 17], [10, 23, 11, 24], [12, 22, 13, 21], [14, 5, 15, 6], [16, 12, 17, 11], [18, 2, 19, 1], [20, 3, 21, 4], [22, 16, 23, 15], [24, 9, 1, 10], [2, 8, 3, 7], [4, 13, 5, 14]]"
12a_1076_10,"[[4, 13, 5, 14], [6, 19, 7, 20], [8, 18, 9, 17], [10, 23, 11, 24], [12, 22, 13, 21], [14, 5, 15, 6], [16, 12, 17, 11], [18, 2, 19, 1], [20, 3, 21, 4], [22, 16, 23, 15], [24, 9, 1, 10], [2, 8, 3, 7]]"
12a_1076_11,"[[2, 8, 3, 7], [4, 13, 5, 14], [6, 19, 7, 20], [8, 18, 9, 17], [10, 23, 11, 24], [12, 22, 13, 21], [14, 5, 15, 6], [16, 12, 17, 11], [18, 2, 19, 1], [20, 3, 21, 4], [22, 16, 23, 15], [24, 9, 1, 10]]"
12a_1076_12,"[[1, 10, 2, 11], [3, 9, 4, 8], [5, 14, 6, 15], [7, 20, 8, 21], [9, 19, 10, 18], [11, 24, 12, 1], [13, 23, 14, 22], [15, 6, 16, 7], [17, 13, 18, 12], [19, 3, 20, 2], [21, 4, 22, 5], [23, 17, 24, 16]]"
12a_1076_13,"[[23, 17, 24, 16], [1, 10, 2, 11], [3, 9, 4, 8], [5, 14, 6, 15], [7, 20, 8, 21], [9, 19, 10, 18], [11, 24, 12, 1], [13, 23, 14, 22], [15, 6, 16, 7], [17, 13, 18, 12], [19, 3, 20, 2], [21, 4, 22, 5]]"
12a_1076_14,"[[21, 4, 22, 5], [23, 17, 24, 16], [1, 10, 2, 11], [3, 9, 4, 8], [5, 14, 6, 15], [7, 20, 8, 21], [9, 19, 10, 18], [11, 24, 12, 1], [13, 23, 14, 22], [15, 6, 16, 7], [17, 13, 18, 12], [19, 3, 20, 2]]"
12a_1076_15,"[[19, 3, 20, 2], [21, 4, 22, 5], [23, 17, 24, 16], [1, 10, 2, 11], [3, 9, 4, 8], [5, 14, 6, 15], [7, 20, 8, 21], [9, 19, 10, 18], [11, 24, 12, 1], [13, 23, 14, 22], [15, 6, 16, 7], [17, 13, 18, 12]]"
12a_1076_16,"[[17, 13, 18, 12], [19, 3, 20, 2], [21, 4, 22, 5], [23, 17, 24, 16], [1, 10, 2, 11], [3, 9, 4, 8], [5, 14, 6, 15], [7, 20, 8, 21], [9, 19, 10, 18], [11, 24, 12, 1], [13, 23, 14, 22], [15, 6, 16, 7]]"
12a_1076_17,"[[15, 6, 16, 7], [17, 13, 18, 12], [19, 3, 20, 2], [21, 4, 22, 5], [23, 17, 24, 16], [1, 10, 2, 11], [3, 9, 4, 8], [5, 14, 6, 15], [7, 20, 8, 21], [9, 19, 10, 18], [11, 24, 12, 1], [13, 23, 14, 22]]"
12a_1076_18,"[[13, 23, 14, 22], [15, 6, 16, 7], [17, 13, 18, 12], [19, 3, 20, 2], [21, 4, 22, 5], [23, 17, 24, 16], [1, 10, 2, 11], [3, 9, 4, 8], [5, 14, 6, 15], [7, 20, 8, 21], [9, 19, 10, 18], [11, 24, 12, 1]]"
12a_1076_19,"[[11, 24, 12, 1], [13, 23, 14, 22], [15, 6, 16, 7], [17, 13, 18, 12], [19, 3, 20, 2], [21, 4, 22, 5], [23, 17, 24, 16], [1, 10, 2, 11], [3, 9, 4, 8], [5, 14, 6, 15], [7, 20, 8, 21], [9, 19, 10, 18]]"
12a_1076_20,"[[9, 19, 10, 18], [11, 24, 12, 1], [13, 23, 14, 22], [15, 6, 16, 7], [17, 13, 18, 12], [19, 3, 20, 2], [21, 4, 22, 5], [23, 17, 24, 16], [1, 10, 2, 11], [3, 9, 4, 8], [5, 14, 6, 15], [7, 20, 8, 21]]"
12a_1076_21,"[[7, 20, 8, 21], [9, 19, 10, 18], [11, 24, 12, 1], [13, 23, 14, 22], [15, 6, 16, 7], [17, 13, 18, 12], [19, 3, 20, 2], [21, 4, 22, 5], [23, 17, 24, 16], [1, 10, 2, 11], [3, 9, 4, 8], [5, 14, 6, 15]]"
12a_1076_22,"[[5, 14, 6, 15], [7, 20, 8, 21], [9, 19, 10, 18], [11, 24, 12, 1], [13, 23, 14, 22], [15, 6, 16, 7], [17, 13, 18, 12], [19, 3, 20, 2], [21, 4, 22, 5], [23, 17, 24, 16], [1, 10, 2, 11], [3, 9, 4, 8]]"
12a_1076_23,"[[3, 9, 4, 8], [5, 14, 6, 15], [7, 20, 8, 21], [9, 19, 10, 18], [11, 24, 12, 1], [13, 23, 14, 22], [15, 6, 16, 7], [17, 13, 18, 12], [19, 3, 20, 2], [21, 4, 22, 5], [23, 17, 24, 16], [1, 10, 2, 11]]"
12a_1076_24,"[[2, 11, 3, 12], [4, 10, 5, 9], [6, 15, 7, 16], [8, 21, 9, 22], [10, 20, 11, 19], [12, 1, 13, 2], [14, 24, 15, 23], [16, 7, 17, 8], [18, 14, 19, 13], [20, 4, 21, 3], [22, 5, 23, 6], [24, 18, 1, 17]]"
12a_1076_25,"[[24, 18, 1, 17], [2, 11, 3, 12], [4, 10, 5, 9], [6, 15, 7, 16], [8, 21, 9, 22], [10, 20, 11, 19], [12, 1, 13, 2], [14, 24, 15, 23], [16, 7, 17, 8], [18, 14, 19, 13], [20, 4, 21, 3], [22, 5, 23, 6]]"
12a_1076_26,"[[22, 5, 23, 6], [24, 18, 1, 17], [2, 11, 3, 12], [4, 10, 5, 9], [6, 15, 7, 16], [8, 21, 9, 22], [10, 20, 11, 19], [12, 1, 13, 2], [14, 24, 15, 23], [16, 7, 17, 8], [18, 14, 19, 13], [20, 4, 21, 3]]"
12a_1076_27,"[[20, 4, 21, 3], [22, 5, 23, 6], [24, 18, 1, 17], [2, 11, 3, 12], [4, 10, 5, 9], [6, 15, 7, 16], [8, 21, 9, 22], [10, 20, 11, 19], [12, 1, 13, 2], [14, 24, 15, 23], [16, 7, 17, 8], [18, 14, 19, 13]]"
12a_1076_28,"[[18, 14, 19, 13], [20, 4, 21, 3], [22, 5, 23, 6], [24, 18, 1, 17], [2, 11, 3, 12], [4, 10, 5, 9], [6, 15, 7, 16], [8, 21, 9, 22], [10, 20, 11, 19], [12, 1, 13, 2], [14, 24, 15, 23], [16, 7, 17, 8]]"
12a_1076_29,"[[16, 7, 17, 8], [18, 14, 19, 13], [20, 4, 21, 3], [22, 5, 23, 6], [24, 18, 1, 17], [2, 11, 3, 12], [4, 10, 5, 9], [6, 15, 7, 16], [8, 21, 9, 22], [10, 20, 11, 19], [12, 1, 13, 2], [14, 24, 15, 23]]"
12a_1076_30,"[[14, 24, 15, 23], [16, 7, 17, 8], [18, 14, 19, 13], [20, 4, 21, 3], [22, 5, 23, 6], [24, 18, 1, 17], [2, 11, 3, 12], [4, 10, 5, 9], [6, 15, 7, 16], [8, 21, 9, 22], [10, 20, 11, 19], [12, 1, 13, 2]]"
12a_1076_31,"[[12, 1, 13, 2], [14, 24, 15, 23], [16, 7, 17, 8], [18, 14, 19, 13], [20, 4, 21, 3], [22, 5, 23, 6], [24, 18, 1, 17], [2, 11, 3, 12], [4, 10, 5, 9], [6, 15, 7, 16], [8, 21, 9, 22], [10, 20, 11, 19]]"
12a_1076_32,"[[10, 20, 11, 19], [12, 1, 13, 2], [14, 24, 15, 23], [16, 7, 17, 8], [18, 14, 19, 13], [20, 4, 21, 3], [22, 5, 23, 6], [24, 18, 1, 17], [2, 11, 3, 12], [4, 10, 5, 9], [6, 15, 7, 16], [8, 21, 9, 22]]"
12a_1076_33,"[[8, 21, 9, 22], [10, 20, 11, 19], [12, 1, 13, 2], [14, 24, 15, 23], [16, 7, 17, 8], [18, 14, 19, 13], [20, 4, 21, 3], [22, 5, 23, 6], [24, 18, 1, 17], [2, 11, 3, 12], [4, 10, 5, 9], [6, 15, 7, 16]]"
12a_1076_34,"[[6, 15, 7, 16], [8, 21, 9, 22], [10, 20, 11, 19], [12, 1, 13, 2], [14, 24, 15, 23], [16, 7, 17, 8], [18, 14, 19, 13], [20, 4, 21, 3], [22, 5, 23, 6], [24, 18, 1, 17], [2, 11, 3, 12], [4, 10, 5, 9]]"
12a_1076_35,"[[4, 10, 5, 9], [6, 15, 7, 16], [8, 21, 9, 22], [10, 20, 11, 19], [12, 1, 13, 2], [14, 24, 15, 23], [16, 7, 17, 8], [18, 14, 19, 13], [20, 4, 21, 3], [22, 5, 23, 6], [24, 18, 1, 17], [2, 11, 3, 12]]"
12a_1076_36,"[[3, 12, 4, 13], [5, 11, 6, 10], [7, 16, 8, 17], [9, 22, 10, 23], [11, 21, 12, 20], [13, 2, 14, 3], [15, 1, 16, 24], [17, 8, 18, 9], [19, 15, 20, 14], [21, 5, 22, 4], [23, 6, 24, 7], [1, 19, 2, 18]]"
12a_1076_37,"[[1, 19, 2, 18], [3, 12, 4, 13], [5, 11, 6, 10], [7, 16, 8, 17], [9, 22, 10, 23], [11, 21, 12, 20], [13, 2, 14, 3], [15, 1, 16, 24], [17, 8, 18, 9], [19, 15, 20, 14], [21, 5, 22, 4], [23, 6, 24, 7]]"
12a_1076_38,"[[23, 6, 24, 7], [1, 19, 2, 18], [3, 12, 4, 13], [5, 11, 6, 10], [7, 16, 8, 17], [9, 22, 10, 23], [11, 21, 12, 20], [13, 2, 14, 3], [15, 1, 16, 24], [17, 8, 18, 9], [19, 15, 20, 14], [21, 5, 22, 4]]"
12a_1076_39,"[[21, 5, 22, 4], [23, 6, 24, 7], [1, 19, 2, 18], [3, 12, 4, 13], [5, 11, 6, 10], [7, 16, 8, 17], [9, 22, 10, 23], [11, 21, 12, 20], [13, 2, 14, 3], [15, 1, 16, 24], [17, 8, 18, 9], [19, 15, 20, 14]]"
12a_1076_40,"[[19, 15, 20, 14], [21, 5, 22, 4], [23, 6, 24, 7], [1, 19, 2, 18], [3, 12, 4, 13], [5, 11, 6, 10], [7, 16, 8, 17], [9, 22, 10, 23], [11, 21, 12, 20], [13, 2, 14, 3], [15, 1, 16, 24], [17, 8, 18, 9]]"
12a_1076_41,"[[17, 8, 18, 9], [19, 15, 20, 14], [21, 5, 22, 4], [23, 6, 24, 7], [1, 19, 2, 18], [3, 12, 4, 13], [5, 11, 6, 10], [7, 16, 8, 17], [9, 22, 10, 23], [11, 21, 12, 20], [13, 2, 14, 3], [15, 1, 16, 24]]"
12a_1076_42,"[[15, 1, 16, 24], [17, 8, 18, 9], [19, 15, 20, 14], [21, 5, 22, 4], [23, 6, 24, 7], [1, 19, 2, 18], [3, 12, 4, 13], [5, 11, 6, 10], [7, 16, 8, 17], [9, 22, 10, 23], [11, 21, 12, 20], [13, 2, 14, 3]]"
12a_1076_43,"[[13, 2, 14, 3], [15, 1, 16, 24], [17, 8, 18, 9], [19, 15, 20, 14], [21, 5, 22, 4], [23, 6, 24, 7], [1, 19, 2, 18], [3, 12, 4, 13], [5, 11, 6, 10], [7, 16, 8, 17], [9, 22, 10, 23], [11, 21, 12, 20]]"
12a_1076_44,"[[11, 21, 12, 20], [13, 2, 14, 3], [15, 1, 16, 24], [17, 8, 18, 9], [19, 15, 20, 14], [21, 5, 22, 4], [23, 6, 24, 7], [1, 19, 2, 18], [3, 12, 4, 13], [5, 11, 6, 10], [7, 16, 8, 17], [9, 22, 10, 23]]"
12a_1076_45,"[[9, 22, 10, 23], [11, 21, 12, 20], [13, 2, 14, 3], [15, 1, 16, 24], [17, 8, 18, 9], [19, 15, 20, 14], [21, 5, 22, 4], [23, 6, 24, 7], [1, 19, 2, 18], [3, 12, 4, 13], [5, 11, 6, 10], [7, 16, 8, 17]]"
12a_1076_46,"[[7, 16, 8, 17], [9, 22, 10, 23], [11, 21, 12, 20], [13, 2, 14, 3], [15, 1, 16, 24], [17, 8, 18, 9], [19, 15, 20, 14], [21, 5, 22, 4], [23, 6, 24, 7], [1, 19, 2, 18], [3, 12, 4, 13], [5, 11, 6, 10]]"
12a_1076_47,"[[5, 11, 6, 10], [7, 16, 8, 17], [9, 22, 10, 23], [11, 21, 12, 20], [13, 2, 14, 3], [15, 1, 16, 24], [17, 8, 18, 9], [19, 15, 20, 14], [21, 5, 22, 4], [23, 6, 24, 7], [1, 19, 2, 18], [3, 12, 4, 13]]"
12a_1076_48,"[[4, 13, 5, 14], [6, 12, 7, 11], [8, 17, 9, 18], [10, 23, 11, 24], [12, 22, 13, 21], [14, 3, 15, 4], [16, 2, 17, 1], [18, 9, 19, 10], [20, 16, 21, 15], [22, 6, 23, 5], [24, 7, 1, 8], [2, 20, 3, 19]]"
12a_1076_49,"[[2, 20, 3, 19], [4, 13, 5, 14], [6, 12, 7, 11], [8, 17, 9, 18], [10, 23, 11, 24], [12, 22, 13, 21], [14, 3, 15, 4], [16, 2, 17, 1], [18, 9, 19, 10], [20, 16, 21, 15], [22, 6, 23, 5], [24, 7, 1, 8]]"
12a_1076_50,"[[24, 7, 1, 8], [2, 20, 3, 19], [4, 13, 5, 14], [6, 12, 7, 11], [8, 17, 9, 18], [10, 23, 11, 24], [12, 22, 13, 21], [14, 3, 15, 4], [16, 2, 17, 1], [18, 9, 19, 10], [20, 16, 21, 15], [22, 6, 23, 5]]"
12a_1076_51,"[[22, 6, 23, 5], [24, 7, 1, 8], [2, 20, 3, 19], [4, 13, 5, 14], [6, 12, 7, 11], [8, 17, 9, 18], [10, 23, 11, 24], [12, 22, 13, 21], [14, 3, 15, 4], [16, 2, 17, 1], [18, 9, 19, 10], [20, 16, 21, 15]]"
12a_1076_52,"[[20, 16, 21, 15], [22, 6, 23, 5], [24, 7, 1, 8], [2, 20, 3, 19], [4, 13, 5, 14], [6, 12, 7, 11], [8, 17, 9, 18], [10, 23, 11, 24], [12, 22, 13, 21], [14, 3, 15, 4], [16, 2, 17, 1], [18, 9, 19, 10]]"
12a_1076_53,"[[18, 9, 19, 10], [20, 16, 21, 15], [22, 6, 23, 5], [24, 7, 1, 8], [2, 20, 3, 19], [4, 13, 5, 14], [6, 12, 7, 11], [8, 17, 9, 18], [10, 23, 11, 24], [12, 22, 13, 21], [14, 3, 15, 4], [16, 2, 17, 1]]"
12a_1076_54,"[[16, 2, 17, 1], [18, 9, 19, 10], [20, 16, 21, 15], [22, 6, 23, 5], [24, 7, 1, 8], [2, 20, 3, 19], [4, 13, 5, 14], [6, 12, 7, 11], [8, 17, 9, 18], [10, 23, 11, 24], [12, 22, 13, 21], [14, 3, 15, 4]]"
12a_1076_55,"[[14, 3, 15, 4], [16, 2, 17, 1], [18, 9, 19, 10], [20, 16, 21, 15], [22, 6, 23, 5], [24, 7, 1, 8], [2, 20, 3, 19], [4, 13, 5, 14], [6, 12, 7, 11], [8, 17, 9, 18], [10, 23, 11, 24], [12, 22, 13, 21]]"
12a_1076_56,"[[12, 22, 13, 21], [14, 3, 15, 4], [16, 2, 17, 1], [18, 9, 19, 10], [20, 16, 21, 15], [22, 6, 23, 5], [24, 7, 1, 8], [2, 20, 3, 19], [4, 13, 5, 14], [6, 12, 7, 11], [8, 17, 9, 18], [10, 23, 11, 24]]"
12a_1076_57,"[[10, 23, 11, 24], [12, 22, 13, 21], [14, 3, 15, 4], [16, 2, 17, 1], [18, 9, 19, 10], [20, 16, 21, 15], [22, 6, 23, 5], [24, 7, 1, 8], [2, 20, 3, 19], [4, 13, 5, 14], [6, 12, 7, 11], [8, 17, 9, 18]]"
12a_1076_58,"[[8, 17, 9, 18], [10, 23, 11, 24], [12, 22, 13, 21], [14, 3, 15, 4], [16, 2, 17, 1], [18, 9, 19, 10], [20, 16, 21, 15], [22, 6, 23, 5], [24, 7, 1, 8], [2, 20, 3, 19], [4, 13, 5, 14], [6, 12, 7, 11]]"
12a_1076_59,"[[6, 12, 7, 11], [8, 17, 9, 18], [10, 23, 11, 24], [12, 22, 13, 21], [14, 3, 15, 4], [16, 2, 17, 1], [18, 9, 19, 10], [20, 16, 21, 15], [22, 6, 23, 5], [24, 7, 1, 8], [2, 20, 3, 19], [4, 13, 5, 14]]"
12a_1076_60,"[[5, 14, 6, 15], [7, 13, 8, 12], [9, 18, 10, 19], [11, 24, 12, 1], [13, 23, 14, 22], [15, 4, 16, 5], [17, 3, 18, 2], [19, 10, 20, 11], [21, 17, 22, 16], [23, 7, 24, 6], [1, 8, 2, 9], [3, 21, 4, 20]]"
12a_1076_61,"[[3, 21, 4, 20], [5, 14, 6, 15], [7, 13, 8, 12], [9, 18, 10, 19], [11, 24, 12, 1], [13, 23, 14, 22], [15, 4, 16, 5], [17, 3, 18, 2], [19, 10, 20, 11], [21, 17, 22, 16], [23, 7, 24, 6], [1, 8, 2, 9]]"
12a_1076_62,"[[1, 8, 2, 9], [3, 21, 4, 20], [5, 14, 6, 15], [7, 13, 8, 12], [9, 18, 10, 19], [11, 24, 12, 1], [13, 23, 14, 22], [15, 4, 16, 5], [17, 3, 18, 2], [19, 10, 20, 11], [21, 17, 22, 16], [23, 7, 24, 6]]"
12a_1076_63,"[[23, 7, 24, 6], [1, 8, 2, 9], [3, 21, 4, 20], [5, 14, 6, 15], [7, 13, 8, 12], [9, 18, 10, 19], [11, 24, 12, 1], [13, 23, 14, 22], [15, 4, 16, 5], [17, 3, 18, 2], [19, 10, 20, 11], [21, 17, 22, 16]]"
12a_1076_64,"[[21, 17, 22, 16], [23, 7, 24, 6], [1, 8, 2, 9], [3, 21, 4, 20], [5, 14, 6, 15], [7, 13, 8, 12], [9, 18, 10, 19], [11, 24, 12, 1], [13, 23, 14, 22], [15, 4, 16, 5], [17, 3, 18, 2], [19, 10, 20, 11]]"
12a_1076_65,"[[19, 10, 20, 11], [21, 17, 22, 16], [23, 7, 24, 6], [1, 8, 2, 9], [3, 21, 4, 20], [5, 14, 6, 15], [7, 13, 8, 12], [9, 18, 10, 19], [11, 24, 12, 1], [13, 23, 14, 22], [15, 4, 16, 5], [17, 3, 18, 2]]"
12a_1076_66,"[[17, 3, 18, 2], [19, 10, 20, 11], [21, 17, 22, 16], [23, 7, 24, 6], [1, 8, 2, 9], [3, 21, 4, 20], [5, 14, 6, 15], [7, 13, 8, 12], [9, 18, 10, 19], [11, 24, 12, 1], [13, 23, 14, 22], [15, 4, 16, 5]]"
12a_1076_67,"[[15, 4, 16, 5], [17, 3, 18, 2], [19, 10, 20, 11], [21, 17, 22, 16], [23, 7, 24, 6], [1, 8, 2, 9], [3, 21, 4, 20], [5, 14, 6, 15], [7, 13, 8, 12], [9, 18, 10, 19], [11, 24, 12, 1], [13, 23, 14, 22]]"
12a_1076_68,"[[13, 23, 14, 22], [15, 4, 16, 5], [17, 3, 18, 2], [19, 10, 20, 11], [21, 17, 22, 16], [23, 7, 24, 6], [1, 8, 2, 9], [3, 21, 4, 20], [5, 14, 6, 15], [7, 13, 8, 12], [9, 18, 10, 19], [11, 24, 12, 1]]"
12a_1076_69,"[[11, 24, 12, 1], [13, 23, 14, 22], [15, 4, 16, 5], [17, 3, 18, 2], [19, 10, 20, 11], [21, 17, 22, 16], [23, 7, 24, 6], [1, 8, 2, 9], [3, 21, 4, 20], [5, 14, 6, 15], [7, 13, 8, 12], [9, 18, 10, 19]]"
12a_1076_70,"[[9, 18, 10, 19], [11, 24, 12, 1], [13, 23, 14, 22], [15, 4, 16, 5], [17, 3, 18, 2], [19, 10, 20, 11], [21, 17, 22, 16], [23, 7, 24, 6], [1, 8, 2, 9], [3, 21, 4, 20], [5, 14, 6, 15], [7, 13, 8, 12]]"
12a_1076_71,"[[7, 13, 8, 12], [9, 18, 10, 19], [11, 24, 12, 1], [13, 23, 14, 22], [15, 4, 16, 5], [17, 3, 18, 2], [19, 10, 20, 11], [21, 17, 22, 16], [23, 7, 24, 6], [1, 8, 2, 9], [3, 21, 4, 20], [5, 14, 6, 15]]"
12a_1076_72,"[[6, 15, 7, 16], [8, 14, 9, 13], [10, 19, 11, 20], [12, 1, 13, 2], [14, 24, 15, 23], [16, 5, 17, 6], [18, 4, 19, 3], [20, 11, 21, 12], [22, 18, 23, 17], [24, 8, 1, 7], [2, 9, 3, 10], [4, 22, 5, 21]]"
12a_1076_73,"[[4, 22, 5, 21], [6, 15, 7, 16], [8, 14, 9, 13], [10, 19, 11, 20], [12, 1, 13, 2], [14, 24, 15, 23], [16, 5, 17, 6], [18, 4, 19, 3], [20, 11, 21, 12], [22, 18, 23, 17], [24, 8, 1, 7], [2, 9, 3, 10]]"
12a_1076_74,"[[2, 9, 3, 10], [4, 22, 5, 21], [6, 15, 7, 16], [8, 14, 9, 13], [10, 19, 11, 20], [12, 1, 13, 2], [14, 24, 15, 23], [16, 5, 17, 6], [18, 4, 19, 3], [20, 11, 21, 12], [22, 18, 23, 17], [24, 8, 1, 7]]"
12a_1076_75,"[[24, 8, 1, 7], [2, 9, 3, 10], [4, 22, 5, 21], [6, 15, 7, 16], [8, 14, 9, 13], [10, 19, 11, 20], [12, 1, 13, 2], [14, 24, 15, 23], [16, 5, 17, 6], [18, 4, 19, 3], [20, 11, 21, 12], [22, 18, 23, 17]]"
12a_1076_76,"[[22, 18, 23, 17], [24, 8, 1, 7], [2, 9, 3, 10], [4, 22, 5, 21], [6, 15, 7, 16], [8, 14, 9, 13], [10, 19, 11, 20], [12, 1, 13, 2], [14, 24, 15, 23], [16, 5, 17, 6], [18, 4, 19, 3], [20, 11, 21, 12]]"
12a_1076_77,"[[20, 11, 21, 12], [22, 18, 23, 17], [24, 8, 1, 7], [2, 9, 3, 10], [4, 22, 5, 21], [6, 15, 7, 16], [8, 14, 9, 13], [10, 19, 11, 20], [12, 1, 13, 2], [14, 24, 15, 23], [16, 5, 17, 6], [18, 4, 19, 3]]"
12a_1076_78,"[[18, 4, 19, 3], [20, 11, 21, 12], [22, 18, 23, 17], [24, 8, 1, 7], [2, 9, 3, 10], [4, 22, 5, 21], [6, 15, 7, 16], [8, 14, 9, 13], [10, 19, 11, 20], [12, 1, 13, 2], [14, 24, 15, 23], [16, 5, 17, 6]]"
12a_1076_79,"[[16, 5, 17, 6], [18, 4, 19, 3], [20, 11, 21, 12], [22, 18, 23, 17], [24, 8, 1, 7], [2, 9, 3, 10], [4, 22, 5, 21], [6, 15, 7, 16], [8, 14, 9, 13], [10, 19, 11, 20], [12, 1, 13, 2], [14, 24, 15, 23]]"
12a_1076_80,"[[14, 24, 15, 23], [16, 5, 17, 6], [18, 4, 19, 3], [20, 11, 21, 12], [22, 18, 23, 17], [24, 8, 1, 7], [2, 9, 3, 10], [4, 22, 5, 21], [6, 15, 7, 16], [8, 14, 9, 13], [10, 19, 11, 20], [12, 1, 13, 2]]"
12a_1076_81,"[[12, 1, 13, 2], [14, 24, 15, 23], [16, 5, 17, 6], [18, 4, 19, 3], [20, 11, 21, 12], [22, 18, 23, 17], [24, 8, 1, 7], [2, 9, 3, 10], [4, 22, 5, 21], [6, 15, 7, 16], [8, 14, 9, 13], [10, 19, 11, 20]]"
12a_1076_82,"[[10, 19, 11, 20], [12, 1, 13, 2], [14, 24, 15, 23], [16, 5, 17, 6], [18, 4, 19, 3], [20, 11, 21, 12], [22, 18, 23, 17], [24, 8, 1, 7], [2, 9, 3, 10], [4, 22, 5, 21], [6, 15, 7, 16], [8, 14, 9, 13]]"
12a_1076_83,"[[8, 14, 9, 13], [10, 19, 11, 20], [12, 1, 13, 2], [14, 24, 15, 23], [16, 5, 17, 6], [18, 4, 19, 3], [20, 11, 21, 12], [22, 18, 23, 17], [24, 8, 1, 7], [2, 9, 3, 10], [4, 22, 5, 21], [6, 15, 7, 16]]"
12a_1076_84,"[[7, 16, 8, 17], [9, 15, 10, 14], [11, 20, 12, 21], [13, 2, 14, 3], [15, 1, 16, 24], [17, 6, 18, 7], [19, 5, 20, 4], [21, 12, 22, 13], [23, 19, 24, 18], [1, 9, 2, 8], [3, 10, 4, 11], [5, 23, 6, 22]]"
12a_1076_85,"[[5, 23, 6, 22], [7, 16, 8, 17], [9, 15, 10, 14], [11, 20, 12, 21], [13, 2, 14, 3], [15, 1, 16, 24], [17, 6, 18, 7], [19, 5, 20, 4], [21, 12, 22, 13], [23, 19, 24, 18], [1, 9, 2, 8], [3, 10, 4, 11]]"
12a_1076_86,"[[3, 10, 4, 11], [5, 23, 6, 22], [7, 16, 8, 17], [9, 15, 10, 14], [11, 20, 12, 21], [13, 2, 14, 3], [15, 1, 16, 24], [17, 6, 18, 7], [19, 5, 20, 4], [21, 12, 22, 13], [23, 19, 24, 18], [1, 9, 2, 8]]"
12a_1076_87,"[[1, 9, 2, 8], [3, 10, 4, 11], [5, 23, 6, 22], [7, 16, 8, 17], [9, 15, 10, 14], [11, 20, 12, 21], [13, 2, 14, 3], [15, 1, 16, 24], [17, 6, 18, 7], [19, 5, 20, 4], [21, 12, 22, 13], [23, 19, 24, 18]]"
12a_1076_88,"[[23, 19, 24, 18], [1, 9, 2, 8], [3, 10, 4, 11], [5, 23, 6, 22], [7, 16, 8, 17], [9, 15, 10, 14], [11, 20, 12, 21], [13, 2, 14, 3], [15, 1, 16, 24], [17, 6, 18, 7], [19, 5, 20, 4], [21, 12, 22, 13]]"
12a_1076_89,"[[21, 12, 22, 13], [23, 19, 24, 18], [1, 9, 2, 8], [3, 10, 4, 11], [5, 23, 6, 22], [7, 16, 8, 17], [9, 15, 10, 14], [11, 20, 12, 21], [13, 2, 14, 3], [15, 1, 16, 24], [17, 6, 18, 7], [19, 5, 20, 4]]"
12a_1076_90,"[[19, 5, 20, 4], [21, 12, 22, 13], [23, 19, 24, 18], [1, 9, 2, 8], [3, 10, 4, 11], [5, 23, 6, 22], [7, 16, 8, 17], [9, 15, 10, 14], [11, 20, 12, 21], [13, 2, 14, 3], [15, 1, 16, 24], [17, 6, 18, 7]]"
12a_1076_91,"[[17, 6, 18, 7], [19, 5, 20, 4], [21, 12, 22, 13], [23, 19, 24, 18], [1, 9, 2, 8], [3, 10, 4, 11], [5, 23, 6, 22], [7, 16, 8, 17], [9, 15, 10, 14], [11, 20, 12, 21], [13, 2, 14, 3], [15, 1, 16, 24]]"
12a_1076_92,"[[15, 1, 16, 24], [17, 6, 18, 7], [19, 5, 20, 4], [21, 12, 22, 13], [23, 19, 24, 18], [1, 9, 2, 8], [3, 10, 4, 11], [5, 23, 6, 22], [7, 16, 8, 17], [9, 15, 10, 14], [11, 20, 12, 21], [13, 2, 14, 3]]"
12a_1076_93,"[[13, 2, 14, 3], [15, 1, 16, 24], [17, 6, 18, 7], [19, 5, 20, 4], [21, 12, 22, 13], [23, 19, 24, 18], [1, 9, 2, 8], [3, 10, 4, 11], [5, 23, 6, 22], [7, 16, 8, 17], [9, 15, 10, 14], [11, 20, 12, 21]]"
12a_1076_94,"[[11, 20, 12, 21], [13, 2, 14, 3], [15, 1, 16, 24], [17, 6, 18, 7], [19, 5, 20, 4], [21, 12, 22, 13], [23, 19, 24, 18], [1, 9, 2, 8], [3, 10, 4, 11], [5, 23, 6, 22], [7, 16, 8, 17], [9, 15, 10, 14]]"
12a_1076_95,"[[9, 15, 10, 14], [11, 20, 12, 21], [13, 2, 14, 3], [15, 1, 16, 24], [17, 6, 18, 7], [19, 5, 20, 4], [21, 12, 22, 13], [23, 19, 24, 18], [1, 9, 2, 8], [3, 10, 4, 11], [5, 23, 6, 22], [7, 16, 8, 17]]"
12a_1076_96,"[[8, 17, 9, 18], [10, 16, 11, 15], [12, 21, 13, 22], [14, 3, 15, 4], [16, 2, 17, 1], [18, 7, 19, 8], [20, 6, 21, 5], [22, 13, 23, 14], [24, 20, 1, 19], [2, 10, 3, 9], [4, 11, 5, 12], [6, 24, 7, 23]]"
12a_1076_97,"[[6, 24, 7, 23], [8, 17, 9, 18], [10, 16, 11, 15], [12, 21, 13, 22], [14, 3, 15, 4], [16, 2, 17, 1], [18, 7, 19, 8], [20, 6, 21, 5], [22, 13, 23, 14], [24, 20, 1, 19], [2, 10, 3, 9], [4, 11, 5, 12]]"
12a_1076_98,"[[4, 11, 5, 12], [6, 24, 7, 23], [8, 17, 9, 18], [10, 16, 11, 15], [12, 21, 13, 22], [14, 3, 15, 4], [16, 2, 17, 1], [18, 7, 19, 8], [20, 6, 21, 5], [22, 13, 23, 14], [24, 20, 1, 19], [2, 10, 3, 9]]"
12a_1076_99,"[[2, 10, 3, 9], [4, 11, 5, 12], [6, 24, 7, 23], [8, 17, 9, 18], [10, 16, 11, 15], [12, 21, 13, 22], [14, 3, 15, 4], [16, 2, 17, 1], [18, 7, 19, 8], [20, 6, 21, 5], [22, 13, 23, 14], [24, 20, 1, 19]]"
12a_1076_100,"[[24, 20, 1, 19], [2, 10, 3, 9], [4, 11, 5, 12], [6, 24, 7, 23], [8, 17, 9, 18], [10, 16, 11, 15], [12, 21, 13, 22], [14, 3, 15, 4], [16, 2, 17, 1], [18, 7, 19, 8], [20, 6, 21, 5], [22, 13, 23, 14]]"
12a_1076_101,"[[22, 13, 23, 14], [24, 20, 1, 19], [2, 10, 3, 9], [4, 11, 5, 12], [6, 24, 7, 23], [8, 17, 9, 18], [10, 16, 11, 15], [12, 21, 13, 22], [14, 3, 15, 4], [16, 2, 17, 1], [18, 7, 19, 8], [20, 6, 21, 5]]"
12a_1076_102,"[[20, 6, 21, 5], [22, 13, 23, 14], [24, 20, 1, 19], [2, 10, 3, 9], [4, 11, 5, 12], [6, 24, 7, 23], [8, 17, 9, 18], [10, 16, 11, 15], [12, 21, 13, 22], [14, 3, 15, 4], [16, 2, 17, 1], [18, 7, 19, 8]]"
12a_1076_103,"[[18, 7, 19, 8], [20, 6, 21, 5], [22, 13, 23, 14], [24, 20, 1, 19], [2, 10, 3, 9], [4, 11, 5, 12], [6, 24, 7, 23], [8, 17, 9, 18], [10, 16, 11, 15], [12, 21, 13, 22], [14, 3, 15, 4], [16, 2, 17, 1]]"
12a_1076_104,"[[16, 2, 17, 1], [18, 7, 19, 8], [20, 6, 21, 5], [22, 13, 23, 14], [24, 20, 1, 19], [2, 10, 3, 9], [4, 11, 5, 12], [6, 24, 7, 23], [8, 17, 9, 18], [10, 16, 11, 15], [12, 21, 13, 22], [14, 3, 15, 4]]"
12a_1076_105,"[[14, 3, 15, 4], [16, 2, 17, 1], [18, 7, 19, 8], [20, 6, 21, 5], [22, 13, 23, 14], [24, 20, 1, 19], [2, 10, 3, 9], [4, 11, 5, 12], [6, 24, 7, 23], [8, 17, 9, 18], [10, 16, 11, 15], [12, 21, 13, 22]]"
12a_1076_106,"[[12, 21, 13, 22], [14, 3, 15, 4], [16, 2, 17, 1], [18, 7, 19, 8], [20, 6, 21, 5], [22, 13, 23, 14], [24, 20, 1, 19], [2, 10, 3, 9], [4, 11, 5, 12], [6, 24, 7, 23], [8, 17, 9, 18], [10, 16, 11, 15]]"
12a_1076_107,"[[10, 16, 11, 15], [12, 21, 13, 22], [14, 3, 15, 4], [16, 2, 17, 1], [18, 7, 19, 8], [20, 6, 21, 5], [22, 13, 23, 14], [24, 20, 1, 19], [2, 10, 3, 9], [4, 11, 5, 12], [6, 24, 7, 23], [8, 17, 9, 18]]"
12a_1076_108,"[[9, 18, 10, 19], [11, 17, 12, 16], [13, 22, 14, 23], [15, 4, 16, 5], [17, 3, 18, 2], [19, 8, 20, 9], [21, 7, 22, 6], [23, 14, 24, 15], [1, 21, 2, 20], [3, 11, 4, 10], [5, 12, 6, 13], [7, 1, 8, 24]]"
12a_1076_109,"[[7, 1, 8, 24], [9, 18, 10, 19], [11, 17, 12, 16], [13, 22, 14, 23], [15, 4, 16, 5], [17, 3, 18, 2], [19, 8, 20, 9], [21, 7, 22, 6], [23, 14, 24, 15], [1, 21, 2, 20], [3, 11, 4, 10], [5, 12, 6, 13]]"
12a_1076_110,"[[5, 12, 6, 13], [7, 1, 8, 24], [9, 18, 10, 19], [11, 17, 12, 16], [13, 22, 14, 23], [15, 4, 16, 5], [17, 3, 18, 2], [19, 8, 20, 9], [21, 7, 22, 6], [23, 14, 24, 15], [1, 21, 2, 20], [3, 11, 4, 10]]"
12a_1076_111,"[[3, 11, 4, 10], [5, 12, 6, 13], [7, 1, 8, 24], [9, 18, 10, 19], [11, 17, 12, 16], [13, 22, 14, 23], [15, 4, 16, 5], [17, 3, 18, 2], [19, 8, 20, 9], [21, 7, 22, 6], [23, 14, 24, 15], [1, 21, 2, 20]]"
12a_1076_112,"[[1, 21, 2, 20], [3, 11, 4, 10], [5, 12, 6, 13], [7, 1, 8, 24], [9, 18, 10, 19], [11, 17, 12, 16], [13, 22, 14, 23], [15, 4, 16, 5], [17, 3, 18, 2], [19, 8, 20, 9], [21, 7, 22, 6], [23, 14, 24, 15]]"
12a_1076_113,"[[23, 14, 24, 15], [1, 21, 2, 20], [3, 11, 4, 10], [5, 12, 6, 13], [7, 1, 8, 24], [9, 18, 10, 19], [11, 17, 12, 16], [13, 22, 14, 23], [15, 4, 16, 5], [17, 3, 18, 2], [19, 8, 20, 9], [21, 7, 22, 6]]"
12a_1076_114,"[[21, 7, 22, 6], [23, 14, 24, 15], [1, 21, 2, 20], [3, 11, 4, 10], [5, 12, 6, 13], [7, 1, 8, 24], [9, 18, 10, 19], [11, 17, 12, 16], [13, 22, 14, 23], [15, 4, 16, 5], [17, 3, 18, 2], [19, 8, 20, 9]]"
12a_1076_115,"[[19, 8, 20, 9], [21, 7, 22, 6], [23, 14, 24, 15], [1, 21, 2, 20], [3, 11, 4, 10], [5, 12, 6, 13], [7, 1, 8, 24], [9, 18, 10, 19], [11, 17, 12, 16], [13, 22, 14, 23], [15, 4, 16, 5], [17, 3, 18, 2]]"
12a_1076_116,"[[17, 3, 18, 2], [19, 8, 20, 9], [21, 7, 22, 6], [23, 14, 24, 15], [1, 21, 2, 20], [3, 11, 4, 10], [5, 12, 6, 13], [7, 1, 8, 24], [9, 18, 10, 19], [11, 17, 12, 16], [13, 22, 14, 23], [15, 4, 16, 5]]"
12a_1076_117,"[[15, 4, 16, 5], [17, 3, 18, 2], [19, 8, 20, 9], [21, 7, 22, 6], [23, 14, 24, 15], [1, 21, 2, 20], [3, 11, 4, 10], [5, 12, 6, 13], [7, 1, 8, 24], [9, 18, 10, 19], [11, 17, 12, 16], [13, 22, 14, 23]]"
12a_1076_118,"[[13, 22, 14, 23], [15, 4, 16, 5], [17, 3, 18, 2], [19, 8, 20, 9], [21, 7, 22, 6], [23, 14, 24, 15], [1, 21, 2, 20], [3, 11, 4, 10], [5, 12, 6, 13], [7, 1, 8, 24], [9, 18, 10, 19], [11, 17, 12, 16]]"
12a_1076_119,"[[11, 17, 12, 16], [13, 22, 14, 23], [15, 4, 16, 5], [17, 3, 18, 2], [19, 8, 20, 9], [21, 7, 22, 6], [23, 14, 24, 15], [1, 21, 2, 20], [3, 11, 4, 10], [5, 12, 6, 13], [7, 1, 8, 24], [9, 18, 10, 19]]"
12a_1076_120,"[[10, 19, 11, 20], [12, 18, 13, 17], [14, 23, 15, 24], [16, 5, 17, 6], [18, 4, 19, 3], [20, 9, 21, 10], [22, 8, 23, 7], [24, 15, 1, 16], [2, 22, 3, 21], [4, 12, 5, 11], [6, 13, 7, 14], [8, 2, 9, 1]]"
12a_1076_121,"[[8, 2, 9, 1], [10, 19, 11, 20], [12, 18, 13, 17], [14, 23, 15, 24], [16, 5, 17, 6], [18, 4, 19, 3], [20, 9, 21, 10], [22, 8, 23, 7], [24, 15, 1, 16], [2, 22, 3, 21], [4, 12, 5, 11], [6, 13, 7, 14]]"
12a_1076_122,"[[6, 13, 7, 14], [8, 2, 9, 1], [10, 19, 11, 20], [12, 18, 13, 17], [14, 23, 15, 24], [16, 5, 17, 6], [18, 4, 19, 3], [20, 9, 21, 10], [22, 8, 23, 7], [24, 15, 1, 16], [2, 22, 3, 21], [4, 12, 5, 11]]"
12a_1076_123,"[[4, 12, 5, 11], [6, 13, 7, 14], [8, 2, 9, 1], [10, 19, 11, 20], [12, 18, 13, 17], [14, 23, 15, 24], [16, 5, 17, 6], [18, 4, 19, 3], [20, 9, 21, 10], [22, 8, 23, 7], [24, 15, 1, 16], [2, 22, 3, 21]]"
12a_1076_124,"[[2, 22, 3, 21], [4, 12, 5, 11], [6, 13, 7, 14], [8, 2, 9, 1], [10, 19, 11, 20], [12, 18, 13, 17], [14, 23, 15, 24], [16, 5, 17, 6], [18, 4, 19, 3], [20, 9, 21, 10], [22, 8, 23, 7], [24, 15, 1, 16]]"
12a_1076_125,"[[24, 15, 1, 16], [2, 22, 3, 21], [4, 12, 5, 11], [6, 13, 7, 14], [8, 2, 9, 1], [10, 19, 11, 20], [12, 18, 13, 17], [14, 23, 15, 24], [16, 5, 17, 6], [18, 4, 19, 3], [20, 9, 21, 10], [22, 8, 23, 7]]"
12a_1076_126,"[[22, 8, 23, 7], [24, 15, 1, 16], [2, 22, 3, 21], [4, 12, 5, 11], [6, 13, 7, 14], [8, 2, 9, 1], [10, 19, 11, 20], [12, 18, 13, 17], [14, 23, 15, 24], [16, 5, 17, 6], [18, 4, 19, 3], [20, 9, 21, 10]]"
12a_1076_127,"[[20, 9, 21, 10], [22, 8, 23, 7], [24, 15, 1, 16], [2, 22, 3, 21], [4, 12, 5, 11], [6, 13, 7, 14], [8, 2, 9, 1], [10, 19, 11, 20], [12, 18, 13, 17], [14, 23, 15, 24], [16, 5, 17, 6], [18, 4, 19, 3]]"
12a_1076_128,"[[18, 4, 19, 3], [20, 9, 21, 10], [22, 8, 23, 7], [24, 15, 1, 16], [2, 22, 3, 21], [4, 12, 5, 11], [6, 13, 7, 14], [8, 2, 9, 1], [10, 19, 11, 20], [12, 18, 13, 17], [14, 23, 15, 24], [16, 5, 17, 6]]"
12a_1076_129,"[[16, 5, 17, 6], [18, 4, 19, 3], [20, 9, 21, 10], [22, 8, 23, 7], [24, 15, 1, 16], [2, 22, 3, 21], [4, 12, 5, 11], [6, 13, 7, 14], [8, 2, 9, 1], [10, 19, 11, 20], [12, 18, 13, 17], [14, 23, 15, 24]]"
12a_1076_130,"[[14, 23, 15, 24], [16, 5, 17, 6], [18, 4, 19, 3], [20, 9, 21, 10], [22, 8, 23, 7], [24, 15, 1, 16], [2, 22, 3, 21], [4, 12, 5, 11], [6, 13, 7, 14], [8, 2, 9, 1], [10, 19, 11, 20], [12, 18, 13, 17]]"
12a_1076_131,"[[12, 18, 13, 17], [14, 23, 15, 24], [16, 5, 17, 6], [18, 4, 19, 3], [20, 9, 21, 10], [22, 8, 23, 7], [24, 15, 1, 16], [2, 22, 3, 21], [4, 12, 5, 11], [6, 13, 7, 14], [8, 2, 9, 1], [10, 19, 11, 20]]"
12a_1076_132,"[[11, 20, 12, 21], [13, 19, 14, 18], [15, 24, 16, 1], [17, 6, 18, 7], [19, 5, 20, 4], [21, 10, 22, 11], [23, 9, 24, 8], [1, 16, 2, 17], [3, 23, 4, 22], [5, 13, 6, 12], [7, 14, 8, 15], [9, 3, 10, 2]]"
12a_1076_133,"[[9, 3, 10, 2], [11, 20, 12, 21], [13, 19, 14, 18], [15, 24, 16, 1], [17, 6, 18, 7], [19, 5, 20, 4], [21, 10, 22, 11], [23, 9, 24, 8], [1, 16, 2, 17], [3, 23, 4, 22], [5, 13, 6, 12], [7, 14, 8, 15]]"
12a_1076_134,"[[7, 14, 8, 15], [9, 3, 10, 2], [11, 20, 12, 21], [13, 19, 14, 18], [15, 24, 16, 1], [17, 6, 18, 7], [19, 5, 20, 4], [21, 10, 22, 11], [23, 9, 24, 8], [1, 16, 2, 17], [3, 23, 4, 22], [5, 13, 6, 12]]"
12a_1076_135,"[[5, 13, 6, 12], [7, 14, 8, 15], [9, 3, 10, 2], [11, 20, 12, 21], [13, 19, 14, 18], [15, 24, 16, 1], [17, 6, 18, 7], [19, 5, 20, 4], [21, 10, 22, 11], [23, 9, 24, 8], [1, 16, 2, 17], [3, 23, 4, 22]]"
12a_1076_136,"[[3, 23, 4, 22], [5, 13, 6, 12], [7, 14, 8, 15], [9, 3, 10, 2], [11, 20, 12, 21], [13, 19, 14, 18], [15, 24, 16, 1], [17, 6, 18, 7], [19, 5, 20, 4], [21, 10, 22, 11], [23, 9, 24, 8], [1, 16, 2, 17]]"
12a_1076_137,"[[1, 16, 2, 17], [3, 23, 4, 22], [5, 13, 6, 12], [7, 14, 8, 15], [9, 3, 10, 2], [11, 20, 12, 21], [13, 19, 14, 18], [15, 24, 16, 1], [17, 6, 18, 7], [19, 5, 20, 4], [21, 10, 22, 11], [23, 9, 24, 8]]"
12a_1076_138,"[[23, 9, 24, 8], [1, 16, 2, 17], [3, 23, 4, 22], [5, 13, 6, 12], [7, 14, 8, 15], [9, 3, 10, 2], [11, 20, 12, 21], [13, 19, 14, 18], [15, 24, 16, 1], [17, 6, 18, 7], [19, 5, 20, 4], [21, 10, 22, 11]]"
12a_1076_139,"[[21, 10, 22, 11], [23, 9, 24, 8], [1, 16, 2, 17], [3, 23, 4, 22], [5, 13, 6, 12], [7, 14, 8, 15], [9, 3, 10, 2], [11, 20, 12, 21], [13, 19, 14, 18], [15, 24, 16, 1], [17, 6, 18, 7], [19, 5, 20, 4]]"
12a_1076_140,"[[19, 5, 20, 4], [21, 10, 22, 11], [23, 9, 24, 8], [1, 16, 2, 17], [3, 23, 4, 22], [5, 13, 6, 12], [7, 14, 8, 15], [9, 3, 10, 2], [11, 20, 12, 21], [13, 19, 14, 18], [15, 24, 16, 1], [17, 6, 18, 7]]"
12a_1076_141,"[[17, 6, 18, 7], [19, 5, 20, 4], [21, 10, 22, 11], [23, 9, 24, 8], [1, 16, 2, 17], [3, 23, 4, 22], [5, 13, 6, 12], [7, 14, 8, 15], [9, 3, 10, 2], [11, 20, 12, 21], [13, 19, 14, 18], [15, 24, 16, 1]]"
12a_1076_142,"[[15, 24, 16, 1], [17, 6, 18, 7], [19, 5, 20, 4], [21, 10, 22, 11], [23, 9, 24, 8], [1, 16, 2, 17], [3, 23, 4, 22], [5, 13, 6, 12], [7, 14, 8, 15], [9, 3, 10, 2], [11, 20, 12, 21], [13, 19, 14, 18]]"
12a_1076_143,"[[13, 19, 14, 18], [15, 24, 16, 1], [17, 6, 18, 7], [19, 5, 20, 4], [21, 10, 22, 11], [23, 9, 24, 8], [1, 16, 2, 17], [3, 23, 4, 22], [5, 13, 6, 12], [7, 14, 8, 15], [9, 3, 10, 2], [11, 20, 12, 21]]"
12a_1076_144,"[[12, 21, 13, 22], [14, 20, 15, 19], [16, 1, 17, 2], [18, 7, 19, 8], [20, 6, 21, 5], [22, 11, 23, 12], [24, 10, 1, 9], [2, 17, 3, 18], [4, 24, 5, 23], [6, 14, 7, 13], [8, 15, 9, 16], [10, 4, 11, 3]]"
12a_1076_145,"[[10, 4, 11, 3], [12, 21, 13, 22], [14, 20, 15, 19], [16, 1, 17, 2], [18, 7, 19, 8], [20, 6, 21, 5], [22, 11, 23, 12], [24, 10, 1, 9], [2, 17, 3, 18], [4, 24, 5, 23], [6, 14, 7, 13], [8, 15, 9, 16]]"
12a_1076_146,"[[8, 15, 9, 16], [10, 4, 11, 3], [12, 21, 13, 22], [14, 20, 15, 19], [16, 1, 17, 2], [18, 7, 19, 8], [20, 6, 21, 5], [22, 11, 23, 12], [24, 10, 1, 9], [2, 17, 3, 18], [4, 24, 5, 23], [6, 14, 7, 13]]"
12a_1076_147,"[[6, 14, 7, 13], [8, 15, 9, 16], [10, 4, 11, 3], [12, 21, 13, 22], [14, 20, 15, 19], [16, 1, 17, 2], [18, 7, 19, 8], [20, 6, 21, 5], [22, 11, 23, 12], [24, 10, 1, 9], [2, 17, 3, 18], [4, 24, 5, 23]]"
12a_1076_148,"[[4, 24, 5, 23], [6, 14, 7, 13], [8, 15, 9, 16], [10, 4, 11, 3], [12, 21, 13, 22], [14, 20, 15, 19], [16, 1, 17, 2], [18, 7, 19, 8], [20, 6, 21, 5], [22, 11, 23, 12], [24, 10, 1, 9], [2, 17, 3, 18]]"
12a_1076_149,"[[2, 17, 3, 18], [4, 24, 5, 23], [6, 14, 7, 13], [8, 15, 9, 16], [10, 4, 11, 3], [12, 21, 13, 22], [14, 20, 15, 19], [16, 1, 17, 2], [18, 7, 19, 8], [20, 6, 21, 5], [22, 11, 23, 12], [24, 10, 1, 9]]"
12a_1076_150,"[[24, 10, 1, 9], [2, 17, 3, 18], [4, 24, 5, 23], [6, 14, 7, 13], [8, 15, 9, 16], [10, 4, 11, 3], [12, 21, 13, 22], [14, 20, 15, 19], [16, 1, 17, 2], [18, 7, 19, 8], [20, 6, 21, 5], [22, 11, 23, 12]]"
12a_1076_151,"[[22, 11, 23, 12], [24, 10, 1, 9], [2, 17, 3, 18], [4, 24, 5, 23], [6, 14, 7, 13], [8, 15, 9, 16], [10, 4, 11, 3], [12, 21, 13, 22], [14, 20, 15, 19], [16, 1, 17, 2], [18, 7, 19, 8], [20, 6, 21, 5]]"
12a_1076_152,"[[20, 6, 21, 5], [22, 11, 23, 12], [24, 10, 1, 9], [2, 17, 3, 18], [4, 24, 5, 23], [6, 14, 7, 13], [8, 15, 9, 16], [10, 4, 11, 3], [12, 21, 13, 22], [14, 20, 15, 19], [16, 1, 17, 2], [18, 7, 19, 8]]"
12a_1076_153,"[[18, 7, 19, 8], [20, 6, 21, 5], [22, 11, 23, 12], [24, 10, 1, 9], [2, 17, 3, 18], [4, 24, 5, 23], [6, 14, 7, 13], [8, 15, 9, 16], [10, 4, 11, 3], [12, 21, 13, 22], [14, 20, 15, 19], [16, 1, 17, 2]]"
12a_1076_154,"[[16, 1, 17, 2], [18, 7, 19, 8], [20, 6, 21, 5], [22, 11, 23, 12], [24, 10, 1, 9], [2, 17, 3, 18], [4, 24, 5, 23], [6, 14, 7, 13], [8, 15, 9, 16], [10, 4, 11, 3], [12, 21, 13, 22], [14, 20, 15, 19]]"
12a_1076_155,"[[14, 20, 15, 19], [16, 1, 17, 2], [18, 7, 19, 8], [20, 6, 21, 5], [22, 11, 23, 12], [24, 10, 1, 9], [2, 17, 3, 18], [4, 24, 5, 23], [6, 14, 7, 13], [8, 15, 9, 16], [10, 4, 11, 3], [12, 21, 13, 22]]"
12a_1076_156,"[[13, 22, 14, 23], [15, 21, 16, 20], [17, 2, 18, 3], [19, 8, 20, 9], [21, 7, 22, 6], [23, 12, 24, 13], [1, 11, 2, 10], [3, 18, 4, 19], [5, 1, 6, 24], [7, 15, 8, 14], [9, 16, 10, 17], [11, 5, 12, 4]]"
12a_1076_157,"[[11, 5, 12, 4], [13, 22, 14, 23], [15, 21, 16, 20], [17, 2, 18, 3], [19, 8, 20, 9], [21, 7, 22, 6], [23, 12, 24, 13], [1, 11, 2, 10], [3, 18, 4, 19], [5, 1, 6, 24], [7, 15, 8, 14], [9, 16, 10, 17]]"
12a_1076_158,"[[9, 16, 10, 17], [11, 5, 12, 4], [13, 22, 14, 23], [15, 21, 16, 20], [17, 2, 18, 3], [19, 8, 20, 9], [21, 7, 22, 6], [23, 12, 24, 13], [1, 11, 2, 10], [3, 18, 4, 19], [5, 1, 6, 24], [7, 15, 8, 14]]"
12a_1076_159,"[[7, 15, 8, 14], [9, 16, 10, 17], [11, 5, 12, 4], [13, 22, 14, 23], [15, 21, 16, 20], [17, 2, 18, 3], [19, 8, 20, 9], [21, 7, 22, 6], [23, 12, 24, 13], [1, 11, 2, 10], [3, 18, 4, 19], [5, 1, 6, 24]]"
12a_1076_160,"[[5, 1, 6, 24], [7, 15, 8, 14], [9, 16, 10, 17], [11, 5, 12, 4], [13, 22, 14, 23], [15, 21, 16, 20], [17, 2, 18, 3], [19, 8, 20, 9], [21, 7, 22, 6], [23, 12, 24, 13], [1, 11, 2, 10], [3, 18, 4, 19]]"
12a_1076_161,"[[3, 18, 4, 19], [5, 1, 6, 24], [7, 15, 8, 14], [9, 16, 10, 17], [11, 5, 12, 4], [13, 22, 14, 23], [15, 21, 16, 20], [17, 2, 18, 3], [19, 8, 20, 9], [21, 7, 22, 6], [23, 12, 24, 13], [1, 11, 2, 10]]"
12a_1076_162,"[[1, 11, 2, 10], [3, 18, 4, 19], [5, 1, 6, 24], [7, 15, 8, 14], [9, 16, 10, 17], [11, 5, 12, 4], [13, 22, 14, 23], [15, 21, 16, 20], [17, 2, 18, 3], [19, 8, 20, 9], [21, 7, 22, 6], [23, 12, 24, 13]]"
12a_1076_163,"[[23, 12, 24, 13], [1, 11, 2, 10], [3, 18, 4, 19], [5, 1, 6, 24], [7, 15, 8, 14], [9, 16, 10, 17], [11, 5, 12, 4], [13, 22, 14, 23], [15, 21, 16, 20], [17, 2, 18, 3], [19, 8, 20, 9], [21, 7, 22, 6]]"
12a_1076_164,"[[21, 7, 22, 6], [23, 12, 24, 13], [1, 11, 2, 10], [3, 18, 4, 19], [5, 1, 6, 24], [7, 15, 8, 14], [9, 16, 10, 17], [11, 5, 12, 4], [13, 22, 14, 23], [15, 21, 16, 20], [17, 2, 18, 3], [19, 8, 20, 9]]"
12a_1076_165,"[[19, 8, 20, 9], [21, 7, 22, 6], [23, 12, 24, 13], [1, 11, 2, 10], [3, 18, 4, 19], [5, 1, 6, 24], [7, 15, 8, 14], [9, 16, 10, 17], [11, 5, 12, 4], [13, 22, 14, 23], [15, 21, 16, 20], [17, 2, 18, 3]]"
12a_1076_166,"[[17, 2, 18, 3], [19, 8, 20, 9], [21, 7, 22, 6], [23, 12, 24, 13], [1, 11, 2, 10], [3, 18, 4, 19], [5, 1, 6, 24], [7, 15, 8, 14], [9, 16, 10, 17], [11, 5, 12, 4], [13, 22, 14, 23], [15, 21, 16, 20]]"
12a_1076_167,"[[15, 21, 16, 20], [17, 2, 18, 3], [19, 8, 20, 9], [21, 7, 22, 6], [23, 12, 24, 13], [1, 11, 2, 10], [3, 18, 4, 19], [5, 1, 6, 24], [7, 15, 8, 14], [9, 16, 10, 17], [11, 5, 12, 4], [13, 22, 14, 23]]"
12a_1076_168,"[[14, 23, 15, 24], [16, 22, 17, 21], [18, 3, 19, 4], [20, 9, 21, 10], [22, 8, 23, 7], [24, 13, 1, 14], [2, 12, 3, 11], [4, 19, 5, 20], [6, 2, 7, 1], [8, 16, 9, 15], [10, 17, 11, 18], [12, 6, 13, 5]]"
12a_1076_169,"[[12, 6, 13, 5], [14, 23, 15, 24], [16, 22, 17, 21], [18, 3, 19, 4], [20, 9, 21, 10], [22, 8, 23, 7], [24, 13, 1, 14], [2, 12, 3, 11], [4, 19, 5, 20], [6, 2, 7, 1], [8, 16, 9, 15], [10, 17, 11, 18]]"
12a_1076_170,"[[10, 17, 11, 18], [12, 6, 13, 5], [14, 23, 15, 24], [16, 22, 17, 21], [18, 3, 19, 4], [20, 9, 21, 10], [22, 8, 23, 7], [24, 13, 1, 14], [2, 12, 3, 11], [4, 19, 5, 20], [6, 2, 7, 1], [8, 16, 9, 15]]"
12a_1076_171,"[[8, 16, 9, 15], [10, 17, 11, 18], [12, 6, 13, 5], [14, 23, 15, 24], [16, 22, 17, 21], [18, 3, 19, 4], [20, 9, 21, 10], [22, 8, 23, 7], [24, 13, 1, 14], [2, 12, 3, 11], [4, 19, 5, 20], [6, 2, 7, 1]]"
12a_1076_172,"[[6, 2, 7, 1], [8, 16, 9, 15], [10, 17, 11, 18], [12, 6, 13, 5], [14, 23, 15, 24], [16, 22, 17, 21], [18, 3, 19, 4], [20, 9, 21, 10], [22, 8, 23, 7], [24, 13, 1, 14], [2, 12, 3, 11], [4, 19, 5, 20]]"
12a_1076_173,"[[4, 19, 5, 20], [6, 2, 7, 1], [8, 16, 9, 15], [10, 17, 11, 18], [12, 6, 13, 5], [14, 23, 15, 24], [16, 22, 17, 21], [18, 3, 19, 4], [20, 9, 21, 10], [22, 8, 23, 7], [24, 13, 1, 14], [2, 12, 3, 11]]"
12a_1076_174,"[[2, 12, 3, 11], [4, 19, 5, 20], [6, 2, 7, 1], [8, 16, 9, 15], [10, 17, 11, 18], [12, 6, 13, 5], [14, 23, 15, 24], [16, 22, 17, 21], [18, 3, 19, 4], [20, 9, 21, 10], [22, 8, 23, 7], [24, 13, 1, 14]]"
12a_1076_175,"[[24, 13, 1, 14], [2, 12, 3, 11], [4, 19, 5, 20], [6, 2, 7, 1], [8, 16, 9, 15], [10, 17, 11, 18], [12, 6, 13, 5], [14, 23, 15, 24], [16, 22, 17, 21], [18, 3, 19, 4], [20, 9, 21, 10], [22, 8, 23, 7]]"
12a_1076_176,"[[22, 8, 23, 7], [24, 13, 1, 14], [2, 12, 3, 11], [4, 19, 5, 20], [6, 2, 7, 1], [8, 16, 9, 15], [10, 17, 11, 18], [12, 6, 13, 5], [14, 23, 15, 24], [16, 22, 17, 21], [18, 3, 19, 4], [20, 9, 21, 10]]"
12a_1076_177,"[[20, 9, 21, 10], [22, 8, 23, 7], [24, 13, 1, 14], [2, 12, 3, 11], [4, 19, 5, 20], [6, 2, 7, 1], [8, 16, 9, 15], [10, 17, 11, 18], [12, 6, 13, 5], [14, 23, 15, 24], [16, 22, 17, 21], [18, 3, 19, 4]]"
12a_1076_178,"[[18, 3, 19, 4], [20, 9, 21, 10], [22, 8, 23, 7], [24, 13, 1, 14], [2, 12, 3, 11], [4, 19, 5, 20], [6, 2, 7, 1], [8, 16, 9, 15], [10, 17, 11, 18], [12, 6, 13, 5], [14, 23, 15, 24], [16, 22, 17, 21]]"
12a_1076_179,"[[16, 22, 17, 21], [18, 3, 19, 4], [20, 9, 21, 10], [22, 8, 23, 7], [24, 13, 1, 14], [2, 12, 3, 11], [4, 19, 5, 20], [6, 2, 7, 1], [8, 16, 9, 15], [10, 17, 11, 18], [12, 6, 13, 5], [14, 23, 15, 24]]"
12a_1076_180,"[[15, 24, 16, 1], [17, 23, 18, 22], [19, 4, 20, 5], [21, 10, 22, 11], [23, 9, 24, 8], [1, 14, 2, 15], [3, 13, 4, 12], [5, 20, 6, 21], [7, 3, 8, 2], [9, 17, 10, 16], [11, 18, 12, 19], [13, 7, 14, 6]]"
12a_1076_181,"[[13, 7, 14, 6], [15, 24, 16, 1], [17, 23, 18, 22], [19, 4, 20, 5], [21, 10, 22, 11], [23, 9, 24, 8], [1, 14, 2, 15], [3, 13, 4, 12], [5, 20, 6, 21], [7, 3, 8, 2], [9, 17, 10, 16], [11, 18, 12, 19]]"
12a_1076_182,"[[11, 18, 12, 19], [13, 7, 14, 6], [15, 24, 16, 1], [17, 23, 18, 22], [19, 4, 20, 5], [21, 10, 22, 11], [23, 9, 24, 8], [1, 14, 2, 15], [3, 13, 4, 12], [5, 20, 6, 21], [7, 3, 8, 2], [9, 17, 10, 16]]"
12a_1076_183,"[[9, 17, 10, 16], [11, 18, 12, 19], [13, 7, 14, 6], [15, 24, 16, 1], [17, 23, 18, 22], [19, 4, 20, 5], [21, 10, 22, 11], [23, 9, 24, 8], [1, 14, 2, 15], [3, 13, 4, 12], [5, 20, 6, 21], [7, 3, 8, 2]]"
12a_1076_184,"[[7, 3, 8, 2], [9, 17, 10, 16], [11, 18, 12, 19], [13, 7, 14, 6], [15, 24, 16, 1], [17, 23, 18, 22], [19, 4, 20, 5], [21, 10, 22, 11], [23, 9, 24, 8], [1, 14, 2, 15], [3, 13, 4, 12], [5, 20, 6, 21]]"
12a_1076_185,"[[5, 20, 6, 21], [7, 3, 8, 2], [9, 17, 10, 16], [11, 18, 12, 19], [13, 7, 14, 6], [15, 24, 16, 1], [17, 23, 18, 22], [19, 4, 20, 5], [21, 10, 22, 11], [23, 9, 24, 8], [1, 14, 2, 15], [3, 13, 4, 12]]"
