name,pd_notation
12a_0810_0,"[[24, 14, 1, 13], [2, 8, 3, 7], [4, 9, 5, 10], [6, 12, 7, 11], [8, 20, 9, 19], [10, 17, 11, 18], [12, 22, 13, 21], [14, 24, 15, 23], [16, 6, 17, 5], [18, 3, 19, 4], [20, 2, 21, 1], [22, 16, 23, 15]]"
12a_0810_1,"[[22, 16, 23, 15], [24, 14, 1, 13], [2, 8, 3, 7], [4, 9, 5, 10], [6, 12, 7, 11], [8, 20, 9, 19], [10, 17, 11, 18], [12, 22, 13, 21], [14, 24, 15, 23], [16, 6, 17, 5], [18, 3, 19, 4], [20, 2, 21, 1]]"
12a_0810_2,"[[20, 2, 21, 1], [22, 16, 23, 15], [24, 14, 1, 13], [2, 8, 3, 7], [4, 9, 5, 10], [6, 12, 7, 11], [8, 20, 9, 19], [10, 17, 11, 18], [12, 22, 13, 21], [14, 24, 15, 23], [16, 6, 17, 5], [18, 3, 19, 4]]"
12a_0810_3,"[[18, 3, 19, 4], [20, 2, 21, 1], [22, 16, 23, 15], [24, 14, 1, 13], [2, 8, 3, 7], [4, 9, 5, 10], [6, 12, 7, 11], [8, 20, 9, 19], [10, 17, 11, 18], [12, 22, 13, 21], [14, 24, 15, 23], [16, 6, 17, 5]]"
12a_0810_4,"[[16, 6, 17, 5], [18, 3, 19, 4], [20, 2, 21, 1], [22, 16, 23, 15], [24, 14, 1, 13], [2, 8, 3, 7], [4, 9, 5, 10], [6, 12, 7, 11], [8, 20, 9, 19], [10, 17, 11, 18], [12, 22, 13, 21], [14, 24, 15, 23]]"
12a_0810_5,"[[14, 24, 15, 23], [16, 6, 17, 5], [18, 3, 19, 4], [20, 2, 21, 1], [22, 16, 23, 15], [24, 14, 1, 13], [2, 8, 3, 7], [4, 9, 5, 10], [6, 12, 7, 11], [8, 20, 9, 19], [10, 17, 11, 18], [12, 22, 13, 21]]"
12a_0810_6,"[[12, 22, 13, 21], [14, 24, 15, 23], [16, 6, 17, 5], [18, 3, 19, 4], [20, 2, 21, 1], [22, 16, 23, 15], [24, 14, 1, 13], [2, 8, 3, 7], [4, 9, 5, 10], [6, 12, 7, 11], [8, 20, 9, 19], [10, 17, 11, 18]]"
12a_0810_7,"[[10, 17, 11, 18], [12, 22, 13, 21], [14, 24, 15, 23], [16, 6, 17, 5], [18, 3, 19, 4], [20, 2, 21, 1], [22, 16, 23, 15], [24, 14, 1, 13], [2, 8, 3, 7], [4, 9, 5, 10], [6, 12, 7, 11], [8, 20, 9, 19]]"
12a_0810_8,"[[8, 20, 9, 19], [10, 17, 11, 18], [12, 22, 13, 21], [14, 24, 15, 23], [16, 6, 17, 5], [18, 3, 19, 4], [20, 2, 21, 1], [22, 16, 23, 15], [24, 14, 1, 13], [2, 8, 3, 7], [4, 9, 5, 10], [6, 12, 7, 11]]"
12a_0810_9,"[[6, 12, 7, 11], [8, 20, 9, 19], [10, 17, 11, 18], [12, 22, 13, 21], [14, 24, 15, 23], [16, 6, 17, 5], [18, 3, 19, 4], [20, 2, 21, 1], [22, 16, 23, 15], [24, 14, 1, 13], [2, 8, 3, 7], [4, 9, 5, 10]]"
12a_0810_10,"[[4, 9, 5, 10], [6, 12, 7, 11], [8, 20, 9, 19], [10, 17, 11, 18], [12, 22, 13, 21], [14, 24, 15, 23], [16, 6, 17, 5], [18, 3, 19, 4], [20, 2, 21, 1], [22, 16, 23, 15], [24, 14, 1, 13], [2, 8, 3, 7]]"
12a_0810_11,"[[2, 8, 3, 7], [4, 9, 5, 10], [6, 12, 7, 11], [8, 20, 9, 19], [10, 17, 11, 18], [12, 22, 13, 21], [14, 24, 15, 23], [16, 6, 17, 5], [18, 3, 19, 4], [20, 2, 21, 1], [22, 16, 23, 15], [24, 14, 1, 13]]"
12a_0810_12,"[[1, 15, 2, 14], [3, 9, 4, 8], [5, 10, 6, 11], [7, 13, 8, 12], [9, 21, 10, 20], [11, 18, 12, 19], [13, 23, 14, 22], [15, 1, 16, 24], [17, 7, 18, 6], [19, 4, 20, 5], [21, 3, 22, 2], [23, 17, 24, 16]]"
12a_0810_13,"[[23, 17, 24, 16], [1, 15, 2, 14], [3, 9, 4, 8], [5, 10, 6, 11], [7, 13, 8, 12], [9, 21, 10, 20], [11, 18, 12, 19], [13, 23, 14, 22], [15, 1, 16, 24], [17, 7, 18, 6], [19, 4, 20, 5], [21, 3, 22, 2]]"
12a_0810_14,"[[21, 3, 22, 2], [23, 17, 24, 16], [1, 15, 2, 14], [3, 9, 4, 8], [5, 10, 6, 11], [7, 13, 8, 12], [9, 21, 10, 20], [11, 18, 12, 19], [13, 23, 14, 22], [15, 1, 16, 24], [17, 7, 18, 6], [19, 4, 20, 5]]"
12a_0810_15,"[[19, 4, 20, 5], [21, 3, 22, 2], [23, 17, 24, 16], [1, 15, 2, 14], [3, 9, 4, 8], [5, 10, 6, 11], [7, 13, 8, 12], [9, 21, 10, 20], [11, 18, 12, 19], [13, 23, 14, 22], [15, 1, 16, 24], [17, 7, 18, 6]]"
12a_0810_16,"[[17, 7, 18, 6], [19, 4, 20, 5], [21, 3, 22, 2], [23, 17, 24, 16], [1, 15, 2, 14], [3, 9, 4, 8], [5, 10, 6, 11], [7, 13, 8, 12], [9, 21, 10, 20], [11, 18, 12, 19], [13, 23, 14, 22], [15, 1, 16, 24]]"
12a_0810_17,"[[15, 1, 16, 24], [17, 7, 18, 6], [19, 4, 20, 5], [21, 3, 22, 2], [23, 17, 24, 16], [1, 15, 2, 14], [3, 9, 4, 8], [5, 10, 6, 11], [7, 13, 8, 12], [9, 21, 10, 20], [11, 18, 12, 19], [13, 23, 14, 22]]"
12a_0810_18,"[[13, 23, 14, 22], [15, 1, 16, 24], [17, 7, 18, 6], [19, 4, 20, 5], [21, 3, 22, 2], [23, 17, 24, 16], [1, 15, 2, 14], [3, 9, 4, 8], [5, 10, 6, 11], [7, 13, 8, 12], [9, 21, 10, 20], [11, 18, 12, 19]]"
12a_0810_19,"[[11, 18, 12, 19], [13, 23, 14, 22], [15, 1, 16, 24], [17, 7, 18, 6], [19, 4, 20, 5], [21, 3, 22, 2], [23, 17, 24, 16], [1, 15, 2, 14], [3, 9, 4, 8], [5, 10, 6, 11], [7, 13, 8, 12], [9, 21, 10, 20]]"
12a_0810_20,"[[9, 21, 10, 20], [11, 18, 12, 19], [13, 23, 14, 22], [15, 1, 16, 24], [17, 7, 18, 6], [19, 4, 20, 5], [21, 3, 22, 2], [23, 17, 24, 16], [1, 15, 2, 14], [3, 9, 4, 8], [5, 10, 6, 11], [7, 13, 8, 12]]"
12a_0810_21,"[[7, 13, 8, 12], [9, 21, 10, 20], [11, 18, 12, 19], [13, 23, 14, 22], [15, 1, 16, 24], [17, 7, 18, 6], [19, 4, 20, 5], [21, 3, 22, 2], [23, 17, 24, 16], [1, 15, 2, 14], [3, 9, 4, 8], [5, 10, 6, 11]]"
12a_0810_22,"[[5, 10, 6, 11], [7, 13, 8, 12], [9, 21, 10, 20], [11, 18, 12, 19], [13, 23, 14, 22], [15, 1, 16, 24], [17, 7, 18, 6], [19, 4, 20, 5], [21, 3, 22, 2], [23, 17, 24, 16], [1, 15, 2, 14], [3, 9, 4, 8]]"
12a_0810_23,"[[3, 9, 4, 8], [5, 10, 6, 11], [7, 13, 8, 12], [9, 21, 10, 20], [11, 18, 12, 19], [13, 23, 14, 22], [15, 1, 16, 24], [17, 7, 18, 6], [19, 4, 20, 5], [21, 3, 22, 2], [23, 17, 24, 16], [1, 15, 2, 14]]"
12a_0810_24,"[[2, 16, 3, 15], [4, 10, 5, 9], [6, 11, 7, 12], [8, 14, 9, 13], [10, 22, 11, 21], [12, 19, 13, 20], [14, 24, 15, 23], [16, 2, 17, 1], [18, 8, 19, 7], [20, 5, 21, 6], [22, 4, 23, 3], [24, 18, 1, 17]]"
12a_0810_25,"[[24, 18, 1, 17], [2, 16, 3, 15], [4, 10, 5, 9], [6, 11, 7, 12], [8, 14, 9, 13], [10, 22, 11, 21], [12, 19, 13, 20], [14, 24, 15, 23], [16, 2, 17, 1], [18, 8, 19, 7], [20, 5, 21, 6], [22, 4, 23, 3]]"
12a_0810_26,"[[22, 4, 23, 3], [24, 18, 1, 17], [2, 16, 3, 15], [4, 10, 5, 9], [6, 11, 7, 12], [8, 14, 9, 13], [10, 22, 11, 21], [12, 19, 13, 20], [14, 24, 15, 23], [16, 2, 17, 1], [18, 8, 19, 7], [20, 5, 21, 6]]"
12a_0810_27,"[[20, 5, 21, 6], [22, 4, 23, 3], [24, 18, 1, 17], [2, 16, 3, 15], [4, 10, 5, 9], [6, 11, 7, 12], [8, 14, 9, 13], [10, 22, 11, 21], [12, 19, 13, 20], [14, 24, 15, 23], [16, 2, 17, 1], [18, 8, 19, 7]]"
12a_0810_28,"[[18, 8, 19, 7], [20, 5, 21, 6], [22, 4, 23, 3], [24, 18, 1, 17], [2, 16, 3, 15], [4, 10, 5, 9], [6, 11, 7, 12], [8, 14, 9, 13], [10, 22, 11, 21], [12, 19, 13, 20], [14, 24, 15, 23], [16, 2, 17, 1]]"
12a_0810_29,"[[16, 2, 17, 1], [18, 8, 19, 7], [20, 5, 21, 6], [22, 4, 23, 3], [24, 18, 1, 17], [2, 16, 3, 15], [4, 10, 5, 9], [6, 11, 7, 12], [8, 14, 9, 13], [10, 22, 11, 21], [12, 19, 13, 20], [14, 24, 15, 23]]"
12a_0810_30,"[[14, 24, 15, 23], [16, 2, 17, 1], [18, 8, 19, 7], [20, 5, 21, 6], [22, 4, 23, 3], [24, 18, 1, 17], [2, 16, 3, 15], [4, 10, 5, 9], [6, 11, 7, 12], [8, 14, 9, 13], [10, 22, 11, 21], [12, 19, 13, 20]]"
12a_0810_31,"[[12, 19, 13, 20], [14, 24, 15, 23], [16, 2, 17, 1], [18, 8, 19, 7], [20, 5, 21, 6], [22, 4, 23, 3], [24, 18, 1, 17], [2, 16, 3, 15], [4, 10, 5, 9], [6, 11, 7, 12], [8, 14, 9, 13], [10, 22, 11, 21]]"
12a_0810_32,"[[10, 22, 11, 21], [12, 19, 13, 20], [14, 24, 15, 23], [16, 2, 17, 1], [18, 8, 19, 7], [20, 5, 21, 6], [22, 4, 23, 3], [24, 18, 1, 17], [2, 16, 3, 15], [4, 10, 5, 9], [6, 11, 7, 12], [8, 14, 9, 13]]"
12a_0810_33,"[[8, 14, 9, 13], [10, 22, 11, 21], [12, 19, 13, 20], [14, 24, 15, 23], [16, 2, 17, 1], [18, 8, 19, 7], [20, 5, 21, 6], [22, 4, 23, 3], [24, 18, 1, 17], [2, 16, 3, 15], [4, 10, 5, 9], [6, 11, 7, 12]]"
12a_0810_34,"[[6, 11, 7, 12], [8, 14, 9, 13], [10, 22, 11, 21], [12, 19, 13, 20], [14, 24, 15, 23], [16, 2, 17, 1], [18, 8, 19, 7], [20, 5, 21, 6], [22, 4, 23, 3], [24, 18, 1, 17], [2, 16, 3, 15], [4, 10, 5, 9]]"
12a_0810_35,"[[4, 10, 5, 9], [6, 11, 7, 12], [8, 14, 9, 13], [10, 22, 11, 21], [12, 19, 13, 20], [14, 24, 15, 23], [16, 2, 17, 1], [18, 8, 19, 7], [20, 5, 21, 6], [22, 4, 23, 3], [24, 18, 1, 17], [2, 16, 3, 15]]"
12a_0810_36,"[[3, 17, 4, 16], [5, 11, 6, 10], [7, 12, 8, 13], [9, 15, 10, 14], [11, 23, 12, 22], [13, 20, 14, 21], [15, 1, 16, 24], [17, 3, 18, 2], [19, 9, 20, 8], [21, 6, 22, 7], [23, 5, 24, 4], [1, 19, 2, 18]]"
12a_0810_37,"[[1, 19, 2, 18], [3, 17, 4, 16], [5, 11, 6, 10], [7, 12, 8, 13], [9, 15, 10, 14], [11, 23, 12, 22], [13, 20, 14, 21], [15, 1, 16, 24], [17, 3, 18, 2], [19, 9, 20, 8], [21, 6, 22, 7], [23, 5, 24, 4]]"
12a_0810_38,"[[23, 5, 24, 4], [1, 19, 2, 18], [3, 17, 4, 16], [5, 11, 6, 10], [7, 12, 8, 13], [9, 15, 10, 14], [11, 23, 12, 22], [13, 20, 14, 21], [15, 1, 16, 24], [17, 3, 18, 2], [19, 9, 20, 8], [21, 6, 22, 7]]"
12a_0810_39,"[[21, 6, 22, 7], [23, 5, 24, 4], [1, 19, 2, 18], [3, 17, 4, 16], [5, 11, 6, 10], [7, 12, 8, 13], [9, 15, 10, 14], [11, 23, 12, 22], [13, 20, 14, 21], [15, 1, 16, 24], [17, 3, 18, 2], [19, 9, 20, 8]]"
12a_0810_40,"[[19, 9, 20, 8], [21, 6, 22, 7], [23, 5, 24, 4], [1, 19, 2, 18], [3, 17, 4, 16], [5, 11, 6, 10], [7, 12, 8, 13], [9, 15, 10, 14], [11, 23, 12, 22], [13, 20, 14, 21], [15, 1, 16, 24], [17, 3, 18, 2]]"
12a_0810_41,"[[17, 3, 18, 2], [19, 9, 20, 8], [21, 6, 22, 7], [23, 5, 24, 4], [1, 19, 2, 18], [3, 17, 4, 16], [5, 11, 6, 10], [7, 12, 8, 13], [9, 15, 10, 14], [11, 23, 12, 22], [13, 20, 14, 21], [15, 1, 16, 24]]"
12a_0810_42,"[[15, 1, 16, 24], [17, 3, 18, 2], [19, 9, 20, 8], [21, 6, 22, 7], [23, 5, 24, 4], [1, 19, 2, 18], [3, 17, 4, 16], [5, 11, 6, 10], [7, 12, 8, 13], [9, 15, 10, 14], [11, 23, 12, 22], [13, 20, 14, 21]]"
12a_0810_43,"[[13, 20, 14, 21], [15, 1, 16, 24], [17, 3, 18, 2], [19, 9, 20, 8], [21, 6, 22, 7], [23, 5, 24, 4], [1, 19, 2, 18], [3, 17, 4, 16], [5, 11, 6, 10], [7, 12, 8, 13], [9, 15, 10, 14], [11, 23, 12, 22]]"
12a_0810_44,"[[11, 23, 12, 22], [13, 20, 14, 21], [15, 1, 16, 24], [17, 3, 18, 2], [19, 9, 20, 8], [21, 6, 22, 7], [23, 5, 24, 4], [1, 19, 2, 18], [3, 17, 4, 16], [5, 11, 6, 10], [7, 12, 8, 13], [9, 15, 10, 14]]"
12a_0810_45,"[[9, 15, 10, 14], [11, 23, 12, 22], [13, 20, 14, 21], [15, 1, 16, 24], [17, 3, 18, 2], [19, 9, 20, 8], [21, 6, 22, 7], [23, 5, 24, 4], [1, 19, 2, 18], [3, 17, 4, 16], [5, 11, 6, 10], [7, 12, 8, 13]]"
12a_0810_46,"[[7, 12, 8, 13], [9, 15, 10, 14], [11, 23, 12, 22], [13, 20, 14, 21], [15, 1, 16, 24], [17, 3, 18, 2], [19, 9, 20, 8], [21, 6, 22, 7], [23, 5, 24, 4], [1, 19, 2, 18], [3, 17, 4, 16], [5, 11, 6, 10]]"
12a_0810_47,"[[5, 11, 6, 10], [7, 12, 8, 13], [9, 15, 10, 14], [11, 23, 12, 22], [13, 20, 14, 21], [15, 1, 16, 24], [17, 3, 18, 2], [19, 9, 20, 8], [21, 6, 22, 7], [23, 5, 24, 4], [1, 19, 2, 18], [3, 17, 4, 16]]"
12a_0810_48,"[[4, 18, 5, 17], [6, 12, 7, 11], [8, 13, 9, 14], [10, 16, 11, 15], [12, 24, 13, 23], [14, 21, 15, 22], [16, 2, 17, 1], [18, 4, 19, 3], [20, 10, 21, 9], [22, 7, 23, 8], [24, 6, 1, 5], [2, 20, 3, 19]]"
12a_0810_49,"[[2, 20, 3, 19], [4, 18, 5, 17], [6, 12, 7, 11], [8, 13, 9, 14], [10, 16, 11, 15], [12, 24, 13, 23], [14, 21, 15, 22], [16, 2, 17, 1], [18, 4, 19, 3], [20, 10, 21, 9], [22, 7, 23, 8], [24, 6, 1, 5]]"
12a_0810_50,"[[24, 6, 1, 5], [2, 20, 3, 19], [4, 18, 5, 17], [6, 12, 7, 11], [8, 13, 9, 14], [10, 16, 11, 15], [12, 24, 13, 23], [14, 21, 15, 22], [16, 2, 17, 1], [18, 4, 19, 3], [20, 10, 21, 9], [22, 7, 23, 8]]"
12a_0810_51,"[[22, 7, 23, 8], [24, 6, 1, 5], [2, 20, 3, 19], [4, 18, 5, 17], [6, 12, 7, 11], [8, 13, 9, 14], [10, 16, 11, 15], [12, 24, 13, 23], [14, 21, 15, 22], [16, 2, 17, 1], [18, 4, 19, 3], [20, 10, 21, 9]]"
12a_0810_52,"[[20, 10, 21, 9], [22, 7, 23, 8], [24, 6, 1, 5], [2, 20, 3, 19], [4, 18, 5, 17], [6, 12, 7, 11], [8, 13, 9, 14], [10, 16, 11, 15], [12, 24, 13, 23], [14, 21, 15, 22], [16, 2, 17, 1], [18, 4, 19, 3]]"
12a_0810_53,"[[18, 4, 19, 3], [20, 10, 21, 9], [22, 7, 23, 8], [24, 6, 1, 5], [2, 20, 3, 19], [4, 18, 5, 17], [6, 12, 7, 11], [8, 13, 9, 14], [10, 16, 11, 15], [12, 24, 13, 23], [14, 21, 15, 22], [16, 2, 17, 1]]"
12a_0810_54,"[[16, 2, 17, 1], [18, 4, 19, 3], [20, 10, 21, 9], [22, 7, 23, 8], [24, 6, 1, 5], [2, 20, 3, 19], [4, 18, 5, 17], [6, 12, 7, 11], [8, 13, 9, 14], [10, 16, 11, 15], [12, 24, 13, 23], [14, 21, 15, 22]]"
12a_0810_55,"[[14, 21, 15, 22], [16, 2, 17, 1], [18, 4, 19, 3], [20, 10, 21, 9], [22, 7, 23, 8], [24, 6, 1, 5], [2, 20, 3, 19], [4, 18, 5, 17], [6, 12, 7, 11], [8, 13, 9, 14], [10, 16, 11, 15], [12, 24, 13, 23]]"
12a_0810_56,"[[12, 24, 13, 23], [14, 21, 15, 22], [16, 2, 17, 1], [18, 4, 19, 3], [20, 10, 21, 9], [22, 7, 23, 8], [24, 6, 1, 5], [2, 20, 3, 19], [4, 18, 5, 17], [6, 12, 7, 11], [8, 13, 9, 14], [10, 16, 11, 15]]"
12a_0810_57,"[[10, 16, 11, 15], [12, 24, 13, 23], [14, 21, 15, 22], [16, 2, 17, 1], [18, 4, 19, 3], [20, 10, 21, 9], [22, 7, 23, 8], [24, 6, 1, 5], [2, 20, 3, 19], [4, 18, 5, 17], [6, 12, 7, 11], [8, 13, 9, 14]]"
12a_0810_58,"[[8, 13, 9, 14], [10, 16, 11, 15], [12, 24, 13, 23], [14, 21, 15, 22], [16, 2, 17, 1], [18, 4, 19, 3], [20, 10, 21, 9], [22, 7, 23, 8], [24, 6, 1, 5], [2, 20, 3, 19], [4, 18, 5, 17], [6, 12, 7, 11]]"
12a_0810_59,"[[6, 12, 7, 11], [8, 13, 9, 14], [10, 16, 11, 15], [12, 24, 13, 23], [14, 21, 15, 22], [16, 2, 17, 1], [18, 4, 19, 3], [20, 10, 21, 9], [22, 7, 23, 8], [24, 6, 1, 5], [2, 20, 3, 19], [4, 18, 5, 17]]"
12a_0810_60,"[[5, 19, 6, 18], [7, 13, 8, 12], [9, 14, 10, 15], [11, 17, 12, 16], [13, 1, 14, 24], [15, 22, 16, 23], [17, 3, 18, 2], [19, 5, 20, 4], [21, 11, 22, 10], [23, 8, 24, 9], [1, 7, 2, 6], [3, 21, 4, 20]]"
12a_0810_61,"[[3, 21, 4, 20], [5, 19, 6, 18], [7, 13, 8, 12], [9, 14, 10, 15], [11, 17, 12, 16], [13, 1, 14, 24], [15, 22, 16, 23], [17, 3, 18, 2], [19, 5, 20, 4], [21, 11, 22, 10], [23, 8, 24, 9], [1, 7, 2, 6]]"
12a_0810_62,"[[1, 7, 2, 6], [3, 21, 4, 20], [5, 19, 6, 18], [7, 13, 8, 12], [9, 14, 10, 15], [11, 17, 12, 16], [13, 1, 14, 24], [15, 22, 16, 23], [17, 3, 18, 2], [19, 5, 20, 4], [21, 11, 22, 10], [23, 8, 24, 9]]"
12a_0810_63,"[[23, 8, 24, 9], [1, 7, 2, 6], [3, 21, 4, 20], [5, 19, 6, 18], [7, 13, 8, 12], [9, 14, 10, 15], [11, 17, 12, 16], [13, 1, 14, 24], [15, 22, 16, 23], [17, 3, 18, 2], [19, 5, 20, 4], [21, 11, 22, 10]]"
12a_0810_64,"[[21, 11, 22, 10], [23, 8, 24, 9], [1, 7, 2, 6], [3, 21, 4, 20], [5, 19, 6, 18], [7, 13, 8, 12], [9, 14, 10, 15], [11, 17, 12, 16], [13, 1, 14, 24], [15, 22, 16, 23], [17, 3, 18, 2], [19, 5, 20, 4]]"
12a_0810_65,"[[19, 5, 20, 4], [21, 11, 22, 10], [23, 8, 24, 9], [1, 7, 2, 6], [3, 21, 4, 20], [5, 19, 6, 18], [7, 13, 8, 12], [9, 14, 10, 15], [11, 17, 12, 16], [13, 1, 14, 24], [15, 22, 16, 23], [17, 3, 18, 2]]"
12a_0810_66,"[[17, 3, 18, 2], [19, 5, 20, 4], [21, 11, 22, 10], [23, 8, 24, 9], [1, 7, 2, 6], [3, 21, 4, 20], [5, 19, 6, 18], [7, 13, 8, 12], [9, 14, 10, 15], [11, 17, 12, 16], [13, 1, 14, 24], [15, 22, 16, 23]]"
12a_0810_67,"[[15, 22, 16, 23], [17, 3, 18, 2], [19, 5, 20, 4], [21, 11, 22, 10], [23, 8, 24, 9], [1, 7, 2, 6], [3, 21, 4, 20], [5, 19, 6, 18], [7, 13, 8, 12], [9, 14, 10, 15], [11, 17, 12, 16], [13, 1, 14, 24]]"
12a_0810_68,"[[13, 1, 14, 24], [15, 22, 16, 23], [17, 3, 18, 2], [19, 5, 20, 4], [21, 11, 22, 10], [23, 8, 24, 9], [1, 7, 2, 6], [3, 21, 4, 20], [5, 19, 6, 18], [7, 13, 8, 12], [9, 14, 10, 15], [11, 17, 12, 16]]"
12a_0810_69,"[[11, 17, 12, 16], [13, 1, 14, 24], [15, 22, 16, 23], [17, 3, 18, 2], [19, 5, 20, 4], [21, 11, 22, 10], [23, 8, 24, 9], [1, 7, 2, 6], [3, 21, 4, 20], [5, 19, 6, 18], [7, 13, 8, 12], [9, 14, 10, 15]]"
12a_0810_70,"[[9, 14, 10, 15], [11, 17, 12, 16], [13, 1, 14, 24], [15, 22, 16, 23], [17, 3, 18, 2], [19, 5, 20, 4], [21, 11, 22, 10], [23, 8, 24, 9], [1, 7, 2, 6], [3, 21, 4, 20], [5, 19, 6, 18], [7, 13, 8, 12]]"
12a_0810_71,"[[7, 13, 8, 12], [9, 14, 10, 15], [11, 17, 12, 16], [13, 1, 14, 24], [15, 22, 16, 23], [17, 3, 18, 2], [19, 5, 20, 4], [21, 11, 22, 10], [23, 8, 24, 9], [1, 7, 2, 6], [3, 21, 4, 20], [5, 19, 6, 18]]"
12a_0810_72,"[[6, 20, 7, 19], [8, 14, 9, 13], [10, 15, 11, 16], [12, 18, 13, 17], [14, 2, 15, 1], [16, 23, 17, 24], [18, 4, 19, 3], [20, 6, 21, 5], [22, 12, 23, 11], [24, 9, 1, 10], [2, 8, 3, 7], [4, 22, 5, 21]]"
12a_0810_73,"[[4, 22, 5, 21], [6, 20, 7, 19], [8, 14, 9, 13], [10, 15, 11, 16], [12, 18, 13, 17], [14, 2, 15, 1], [16, 23, 17, 24], [18, 4, 19, 3], [20, 6, 21, 5], [22, 12, 23, 11], [24, 9, 1, 10], [2, 8, 3, 7]]"
12a_0810_74,"[[2, 8, 3, 7], [4, 22, 5, 21], [6, 20, 7, 19], [8, 14, 9, 13], [10, 15, 11, 16], [12, 18, 13, 17], [14, 2, 15, 1], [16, 23, 17, 24], [18, 4, 19, 3], [20, 6, 21, 5], [22, 12, 23, 11], [24, 9, 1, 10]]"
12a_0810_75,"[[24, 9, 1, 10], [2, 8, 3, 7], [4, 22, 5, 21], [6, 20, 7, 19], [8, 14, 9, 13], [10, 15, 11, 16], [12, 18, 13, 17], [14, 2, 15, 1], [16, 23, 17, 24], [18, 4, 19, 3], [20, 6, 21, 5], [22, 12, 23, 11]]"
12a_0810_76,"[[22, 12, 23, 11], [24, 9, 1, 10], [2, 8, 3, 7], [4, 22, 5, 21], [6, 20, 7, 19], [8, 14, 9, 13], [10, 15, 11, 16], [12, 18, 13, 17], [14, 2, 15, 1], [16, 23, 17, 24], [18, 4, 19, 3], [20, 6, 21, 5]]"
12a_0810_77,"[[20, 6, 21, 5], [22, 12, 23, 11], [24, 9, 1, 10], [2, 8, 3, 7], [4, 22, 5, 21], [6, 20, 7, 19], [8, 14, 9, 13], [10, 15, 11, 16], [12, 18, 13, 17], [14, 2, 15, 1], [16, 23, 17, 24], [18, 4, 19, 3]]"
12a_0810_78,"[[18, 4, 19, 3], [20, 6, 21, 5], [22, 12, 23, 11], [24, 9, 1, 10], [2, 8, 3, 7], [4, 22, 5, 21], [6, 20, 7, 19], [8, 14, 9, 13], [10, 15, 11, 16], [12, 18, 13, 17], [14, 2, 15, 1], [16, 23, 17, 24]]"
12a_0810_79,"[[16, 23, 17, 24], [18, 4, 19, 3], [20, 6, 21, 5], [22, 12, 23, 11], [24, 9, 1, 10], [2, 8, 3, 7], [4, 22, 5, 21], [6, 20, 7, 19], [8, 14, 9, 13], [10, 15, 11, 16], [12, 18, 13, 17], [14, 2, 15, 1]]"
12a_0810_80,"[[14, 2, 15, 1], [16, 23, 17, 24], [18, 4, 19, 3], [20, 6, 21, 5], [22, 12, 23, 11], [24, 9, 1, 10], [2, 8, 3, 7], [4, 22, 5, 21], [6, 20, 7, 19], [8, 14, 9, 13], [10, 15, 11, 16], [12, 18, 13, 17]]"
12a_0810_81,"[[12, 18, 13, 17], [14, 2, 15, 1], [16, 23, 17, 24], [18, 4, 19, 3], [20, 6, 21, 5], [22, 12, 23, 11], [24, 9, 1, 10], [2, 8, 3, 7], [4, 22, 5, 21], [6, 20, 7, 19], [8, 14, 9, 13], [10, 15, 11, 16]]"
12a_0810_82,"[[10, 15, 11, 16], [12, 18, 13, 17], [14, 2, 15, 1], [16, 23, 17, 24], [18, 4, 19, 3], [20, 6, 21, 5], [22, 12, 23, 11], [24, 9, 1, 10], [2, 8, 3, 7], [4, 22, 5, 21], [6, 20, 7, 19], [8, 14, 9, 13]]"
12a_0810_83,"[[8, 14, 9, 13], [10, 15, 11, 16], [12, 18, 13, 17], [14, 2, 15, 1], [16, 23, 17, 24], [18, 4, 19, 3], [20, 6, 21, 5], [22, 12, 23, 11], [24, 9, 1, 10], [2, 8, 3, 7], [4, 22, 5, 21], [6, 20, 7, 19]]"
12a_0810_84,"[[7, 21, 8, 20], [9, 15, 10, 14], [11, 16, 12, 17], [13, 19, 14, 18], [15, 3, 16, 2], [17, 24, 18, 1], [19, 5, 20, 4], [21, 7, 22, 6], [23, 13, 24, 12], [1, 10, 2, 11], [3, 9, 4, 8], [5, 23, 6, 22]]"
12a_0810_85,"[[5, 23, 6, 22], [7, 21, 8, 20], [9, 15, 10, 14], [11, 16, 12, 17], [13, 19, 14, 18], [15, 3, 16, 2], [17, 24, 18, 1], [19, 5, 20, 4], [21, 7, 22, 6], [23, 13, 24, 12], [1, 10, 2, 11], [3, 9, 4, 8]]"
12a_0810_86,"[[3, 9, 4, 8], [5, 23, 6, 22], [7, 21, 8, 20], [9, 15, 10, 14], [11, 16, 12, 17], [13, 19, 14, 18], [15, 3, 16, 2], [17, 24, 18, 1], [19, 5, 20, 4], [21, 7, 22, 6], [23, 13, 24, 12], [1, 10, 2, 11]]"
12a_0810_87,"[[1, 10, 2, 11], [3, 9, 4, 8], [5, 23, 6, 22], [7, 21, 8, 20], [9, 15, 10, 14], [11, 16, 12, 17], [13, 19, 14, 18], [15, 3, 16, 2], [17, 24, 18, 1], [19, 5, 20, 4], [21, 7, 22, 6], [23, 13, 24, 12]]"
12a_0810_88,"[[23, 13, 24, 12], [1, 10, 2, 11], [3, 9, 4, 8], [5, 23, 6, 22], [7, 21, 8, 20], [9, 15, 10, 14], [11, 16, 12, 17], [13, 19, 14, 18], [15, 3, 16, 2], [17, 24, 18, 1], [19, 5, 20, 4], [21, 7, 22, 6]]"
12a_0810_89,"[[21, 7, 22, 6], [23, 13, 24, 12], [1, 10, 2, 11], [3, 9, 4, 8], [5, 23, 6, 22], [7, 21, 8, 20], [9, 15, 10, 14], [11, 16, 12, 17], [13, 19, 14, 18], [15, 3, 16, 2], [17, 24, 18, 1], [19, 5, 20, 4]]"
12a_0810_90,"[[19, 5, 20, 4], [21, 7, 22, 6], [23, 13, 24, 12], [1, 10, 2, 11], [3, 9, 4, 8], [5, 23, 6, 22], [7, 21, 8, 20], [9, 15, 10, 14], [11, 16, 12, 17], [13, 19, 14, 18], [15, 3, 16, 2], [17, 24, 18, 1]]"
12a_0810_91,"[[17, 24, 18, 1], [19, 5, 20, 4], [21, 7, 22, 6], [23, 13, 24, 12], [1, 10, 2, 11], [3, 9, 4, 8], [5, 23, 6, 22], [7, 21, 8, 20], [9, 15, 10, 14], [11, 16, 12, 17], [13, 19, 14, 18], [15, 3, 16, 2]]"
12a_0810_92,"[[15, 3, 16, 2], [17, 24, 18, 1], [19, 5, 20, 4], [21, 7, 22, 6], [23, 13, 24, 12], [1, 10, 2, 11], [3, 9, 4, 8], [5, 23, 6, 22], [7, 21, 8, 20], [9, 15, 10, 14], [11, 16, 12, 17], [13, 19, 14, 18]]"
12a_0810_93,"[[13, 19, 14, 18], [15, 3, 16, 2], [17, 24, 18, 1], [19, 5, 20, 4], [21, 7, 22, 6], [23, 13, 24, 12], [1, 10, 2, 11], [3, 9, 4, 8], [5, 23, 6, 22], [7, 21, 8, 20], [9, 15, 10, 14], [11, 16, 12, 17]]"
12a_0810_94,"[[11, 16, 12, 17], [13, 19, 14, 18], [15, 3, 16, 2], [17, 24, 18, 1], [19, 5, 20, 4], [21, 7, 22, 6], [23, 13, 24, 12], [1, 10, 2, 11], [3, 9, 4, 8], [5, 23, 6, 22], [7, 21, 8, 20], [9, 15, 10, 14]]"
12a_0810_95,"[[9, 15, 10, 14], [11, 16, 12, 17], [13, 19, 14, 18], [15, 3, 16, 2], [17, 24, 18, 1], [19, 5, 20, 4], [21, 7, 22, 6], [23, 13, 24, 12], [1, 10, 2, 11], [3, 9, 4, 8], [5, 23, 6, 22], [7, 21, 8, 20]]"
12a_0810_96,"[[8, 22, 9, 21], [10, 16, 11, 15], [12, 17, 13, 18], [14, 20, 15, 19], [16, 4, 17, 3], [18, 1, 19, 2], [20, 6, 21, 5], [22, 8, 23, 7], [24, 14, 1, 13], [2, 11, 3, 12], [4, 10, 5, 9], [6, 24, 7, 23]]"
12a_0810_97,"[[6, 24, 7, 23], [8, 22, 9, 21], [10, 16, 11, 15], [12, 17, 13, 18], [14, 20, 15, 19], [16, 4, 17, 3], [18, 1, 19, 2], [20, 6, 21, 5], [22, 8, 23, 7], [24, 14, 1, 13], [2, 11, 3, 12], [4, 10, 5, 9]]"
12a_0810_98,"[[4, 10, 5, 9], [6, 24, 7, 23], [8, 22, 9, 21], [10, 16, 11, 15], [12, 17, 13, 18], [14, 20, 15, 19], [16, 4, 17, 3], [18, 1, 19, 2], [20, 6, 21, 5], [22, 8, 23, 7], [24, 14, 1, 13], [2, 11, 3, 12]]"
12a_0810_99,"[[2, 11, 3, 12], [4, 10, 5, 9], [6, 24, 7, 23], [8, 22, 9, 21], [10, 16, 11, 15], [12, 17, 13, 18], [14, 20, 15, 19], [16, 4, 17, 3], [18, 1, 19, 2], [20, 6, 21, 5], [22, 8, 23, 7], [24, 14, 1, 13]]"
12a_0810_100,"[[24, 14, 1, 13], [2, 11, 3, 12], [4, 10, 5, 9], [6, 24, 7, 23], [8, 22, 9, 21], [10, 16, 11, 15], [12, 17, 13, 18], [14, 20, 15, 19], [16, 4, 17, 3], [18, 1, 19, 2], [20, 6, 21, 5], [22, 8, 23, 7]]"
12a_0810_101,"[[22, 8, 23, 7], [24, 14, 1, 13], [2, 11, 3, 12], [4, 10, 5, 9], [6, 24, 7, 23], [8, 22, 9, 21], [10, 16, 11, 15], [12, 17, 13, 18], [14, 20, 15, 19], [16, 4, 17, 3], [18, 1, 19, 2], [20, 6, 21, 5]]"
12a_0810_102,"[[20, 6, 21, 5], [22, 8, 23, 7], [24, 14, 1, 13], [2, 11, 3, 12], [4, 10, 5, 9], [6, 24, 7, 23], [8, 22, 9, 21], [10, 16, 11, 15], [12, 17, 13, 18], [14, 20, 15, 19], [16, 4, 17, 3], [18, 1, 19, 2]]"
12a_0810_103,"[[18, 1, 19, 2], [20, 6, 21, 5], [22, 8, 23, 7], [24, 14, 1, 13], [2, 11, 3, 12], [4, 10, 5, 9], [6, 24, 7, 23], [8, 22, 9, 21], [10, 16, 11, 15], [12, 17, 13, 18], [14, 20, 15, 19], [16, 4, 17, 3]]"
12a_0810_104,"[[16, 4, 17, 3], [18, 1, 19, 2], [20, 6, 21, 5], [22, 8, 23, 7], [24, 14, 1, 13], [2, 11, 3, 12], [4, 10, 5, 9], [6, 24, 7, 23], [8, 22, 9, 21], [10, 16, 11, 15], [12, 17, 13, 18], [14, 20, 15, 19]]"
12a_0810_105,"[[14, 20, 15, 19], [16, 4, 17, 3], [18, 1, 19, 2], [20, 6, 21, 5], [22, 8, 23, 7], [24, 14, 1, 13], [2, 11, 3, 12], [4, 10, 5, 9], [6, 24, 7, 23], [8, 22, 9, 21], [10, 16, 11, 15], [12, 17, 13, 18]]"
12a_0810_106,"[[12, 17, 13, 18], [14, 20, 15, 19], [16, 4, 17, 3], [18, 1, 19, 2], [20, 6, 21, 5], [22, 8, 23, 7], [24, 14, 1, 13], [2, 11, 3, 12], [4, 10, 5, 9], [6, 24, 7, 23], [8, 22, 9, 21], [10, 16, 11, 15]]"
12a_0810_107,"[[10, 16, 11, 15], [12, 17, 13, 18], [14, 20, 15, 19], [16, 4, 17, 3], [18, 1, 19, 2], [20, 6, 21, 5], [22, 8, 23, 7], [24, 14, 1, 13], [2, 11, 3, 12], [4, 10, 5, 9], [6, 24, 7, 23], [8, 22, 9, 21]]"
12a_0810_108,"[[9, 23, 10, 22], [11, 17, 12, 16], [13, 18, 14, 19], [15, 21, 16, 20], [17, 5, 18, 4], [19, 2, 20, 3], [21, 7, 22, 6], [23, 9, 24, 8], [1, 15, 2, 14], [3, 12, 4, 13], [5, 11, 6, 10], [7, 1, 8, 24]]"
12a_0810_109,"[[7, 1, 8, 24], [9, 23, 10, 22], [11, 17, 12, 16], [13, 18, 14, 19], [15, 21, 16, 20], [17, 5, 18, 4], [19, 2, 20, 3], [21, 7, 22, 6], [23, 9, 24, 8], [1, 15, 2, 14], [3, 12, 4, 13], [5, 11, 6, 10]]"
12a_0810_110,"[[5, 11, 6, 10], [7, 1, 8, 24], [9, 23, 10, 22], [11, 17, 12, 16], [13, 18, 14, 19], [15, 21, 16, 20], [17, 5, 18, 4], [19, 2, 20, 3], [21, 7, 22, 6], [23, 9, 24, 8], [1, 15, 2, 14], [3, 12, 4, 13]]"
12a_0810_111,"[[3, 12, 4, 13], [5, 11, 6, 10], [7, 1, 8, 24], [9, 23, 10, 22], [11, 17, 12, 16], [13, 18, 14, 19], [15, 21, 16, 20], [17, 5, 18, 4], [19, 2, 20, 3], [21, 7, 22, 6], [23, 9, 24, 8], [1, 15, 2, 14]]"
12a_0810_112,"[[1, 15, 2, 14], [3, 12, 4, 13], [5, 11, 6, 10], [7, 1, 8, 24], [9, 23, 10, 22], [11, 17, 12, 16], [13, 18, 14, 19], [15, 21, 16, 20], [17, 5, 18, 4], [19, 2, 20, 3], [21, 7, 22, 6], [23, 9, 24, 8]]"
12a_0810_113,"[[23, 9, 24, 8], [1, 15, 2, 14], [3, 12, 4, 13], [5, 11, 6, 10], [7, 1, 8, 24], [9, 23, 10, 22], [11, 17, 12, 16], [13, 18, 14, 19], [15, 21, 16, 20], [17, 5, 18, 4], [19, 2, 20, 3], [21, 7, 22, 6]]"
12a_0810_114,"[[21, 7, 22, 6], [23, 9, 24, 8], [1, 15, 2, 14], [3, 12, 4, 13], [5, 11, 6, 10], [7, 1, 8, 24], [9, 23, 10, 22], [11, 17, 12, 16], [13, 18, 14, 19], [15, 21, 16, 20], [17, 5, 18, 4], [19, 2, 20, 3]]"
12a_0810_115,"[[19, 2, 20, 3], [21, 7, 22, 6], [23, 9, 24, 8], [1, 15, 2, 14], [3, 12, 4, 13], [5, 11, 6, 10], [7, 1, 8, 24], [9, 23, 10, 22], [11, 17, 12, 16], [13, 18, 14, 19], [15, 21, 16, 20], [17, 5, 18, 4]]"
12a_0810_116,"[[17, 5, 18, 4], [19, 2, 20, 3], [21, 7, 22, 6], [23, 9, 24, 8], [1, 15, 2, 14], [3, 12, 4, 13], [5, 11, 6, 10], [7, 1, 8, 24], [9, 23, 10, 22], [11, 17, 12, 16], [13, 18, 14, 19], [15, 21, 16, 20]]"
12a_0810_117,"[[15, 21, 16, 20], [17, 5, 18, 4], [19, 2, 20, 3], [21, 7, 22, 6], [23, 9, 24, 8], [1, 15, 2, 14], [3, 12, 4, 13], [5, 11, 6, 10], [7, 1, 8, 24], [9, 23, 10, 22], [11, 17, 12, 16], [13, 18, 14, 19]]"
12a_0810_118,"[[13, 18, 14, 19], [15, 21, 16, 20], [17, 5, 18, 4], [19, 2, 20, 3], [21, 7, 22, 6], [23, 9, 24, 8], [1, 15, 2, 14], [3, 12, 4, 13], [5, 11, 6, 10], [7, 1, 8, 24], [9, 23, 10, 22], [11, 17, 12, 16]]"
12a_0810_119,"[[11, 17, 12, 16], [13, 18, 14, 19], [15, 21, 16, 20], [17, 5, 18, 4], [19, 2, 20, 3], [21, 7, 22, 6], [23, 9, 24, 8], [1, 15, 2, 14], [3, 12, 4, 13], [5, 11, 6, 10], [7, 1, 8, 24], [9, 23, 10, 22]]"
12a_0810_120,"[[10, 24, 11, 23], [12, 18, 13, 17], [14, 19, 15, 20], [16, 22, 17, 21], [18, 6, 19, 5], [20, 3, 21, 4], [22, 8, 23, 7], [24, 10, 1, 9], [2, 16, 3, 15], [4, 13, 5, 14], [6, 12, 7, 11], [8, 2, 9, 1]]"
12a_0810_121,"[[8, 2, 9, 1], [10, 24, 11, 23], [12, 18, 13, 17], [14, 19, 15, 20], [16, 22, 17, 21], [18, 6, 19, 5], [20, 3, 21, 4], [22, 8, 23, 7], [24, 10, 1, 9], [2, 16, 3, 15], [4, 13, 5, 14], [6, 12, 7, 11]]"
12a_0810_122,"[[6, 12, 7, 11], [8, 2, 9, 1], [10, 24, 11, 23], [12, 18, 13, 17], [14, 19, 15, 20], [16, 22, 17, 21], [18, 6, 19, 5], [20, 3, 21, 4], [22, 8, 23, 7], [24, 10, 1, 9], [2, 16, 3, 15], [4, 13, 5, 14]]"
12a_0810_123,"[[4, 13, 5, 14], [6, 12, 7, 11], [8, 2, 9, 1], [10, 24, 11, 23], [12, 18, 13, 17], [14, 19, 15, 20], [16, 22, 17, 21], [18, 6, 19, 5], [20, 3, 21, 4], [22, 8, 23, 7], [24, 10, 1, 9], [2, 16, 3, 15]]"
12a_0810_124,"[[2, 16, 3, 15], [4, 13, 5, 14], [6, 12, 7, 11], [8, 2, 9, 1], [10, 24, 11, 23], [12, 18, 13, 17], [14, 19, 15, 20], [16, 22, 17, 21], [18, 6, 19, 5], [20, 3, 21, 4], [22, 8, 23, 7], [24, 10, 1, 9]]"
12a_0810_125,"[[24, 10, 1, 9], [2, 16, 3, 15], [4, 13, 5, 14], [6, 12, 7, 11], [8, 2, 9, 1], [10, 24, 11, 23], [12, 18, 13, 17], [14, 19, 15, 20], [16, 22, 17, 21], [18, 6, 19, 5], [20, 3, 21, 4], [22, 8, 23, 7]]"
12a_0810_126,"[[22, 8, 23, 7], [24, 10, 1, 9], [2, 16, 3, 15], [4, 13, 5, 14], [6, 12, 7, 11], [8, 2, 9, 1], [10, 24, 11, 23], [12, 18, 13, 17], [14, 19, 15, 20], [16, 22, 17, 21], [18, 6, 19, 5], [20, 3, 21, 4]]"
12a_0810_127,"[[20, 3, 21, 4], [22, 8, 23, 7], [24, 10, 1, 9], [2, 16, 3, 15], [4, 13, 5, 14], [6, 12, 7, 11], [8, 2, 9, 1], [10, 24, 11, 23], [12, 18, 13, 17], [14, 19, 15, 20], [16, 22, 17, 21], [18, 6, 19, 5]]"
12a_0810_128,"[[18, 6, 19, 5], [20, 3, 21, 4], [22, 8, 23, 7], [24, 10, 1, 9], [2, 16, 3, 15], [4, 13, 5, 14], [6, 12, 7, 11], [8, 2, 9, 1], [10, 24, 11, 23], [12, 18, 13, 17], [14, 19, 15, 20], [16, 22, 17, 21]]"
12a_0810_129,"[[16, 22, 17, 21], [18, 6, 19, 5], [20, 3, 21, 4], [22, 8, 23, 7], [24, 10, 1, 9], [2, 16, 3, 15], [4, 13, 5, 14], [6, 12, 7, 11], [8, 2, 9, 1], [10, 24, 11, 23], [12, 18, 13, 17], [14, 19, 15, 20]]"
12a_0810_130,"[[14, 19, 15, 20], [16, 22, 17, 21], [18, 6, 19, 5], [20, 3, 21, 4], [22, 8, 23, 7], [24, 10, 1, 9], [2, 16, 3, 15], [4, 13, 5, 14], [6, 12, 7, 11], [8, 2, 9, 1], [10, 24, 11, 23], [12, 18, 13, 17]]"
12a_0810_131,"[[12, 18, 13, 17], [14, 19, 15, 20], [16, 22, 17, 21], [18, 6, 19, 5], [20, 3, 21, 4], [22, 8, 23, 7], [24, 10, 1, 9], [2, 16, 3, 15], [4, 13, 5, 14], [6, 12, 7, 11], [8, 2, 9, 1], [10, 24, 11, 23]]"
12a_0810_132,"[[11, 1, 12, 24], [13, 19, 14, 18], [15, 20, 16, 21], [17, 23, 18, 22], [19, 7, 20, 6], [21, 4, 22, 5], [23, 9, 24, 8], [1, 11, 2, 10], [3, 17, 4, 16], [5, 14, 6, 15], [7, 13, 8, 12], [9, 3, 10, 2]]"
12a_0810_133,"[[9, 3, 10, 2], [11, 1, 12, 24], [13, 19, 14, 18], [15, 20, 16, 21], [17, 23, 18, 22], [19, 7, 20, 6], [21, 4, 22, 5], [23, 9, 24, 8], [1, 11, 2, 10], [3, 17, 4, 16], [5, 14, 6, 15], [7, 13, 8, 12]]"
12a_0810_134,"[[7, 13, 8, 12], [9, 3, 10, 2], [11, 1, 12, 24], [13, 19, 14, 18], [15, 20, 16, 21], [17, 23, 18, 22], [19, 7, 20, 6], [21, 4, 22, 5], [23, 9, 24, 8], [1, 11, 2, 10], [3, 17, 4, 16], [5, 14, 6, 15]]"
12a_0810_135,"[[5, 14, 6, 15], [7, 13, 8, 12], [9, 3, 10, 2], [11, 1, 12, 24], [13, 19, 14, 18], [15, 20, 16, 21], [17, 23, 18, 22], [19, 7, 20, 6], [21, 4, 22, 5], [23, 9, 24, 8], [1, 11, 2, 10], [3, 17, 4, 16]]"
12a_0810_136,"[[3, 17, 4, 16], [5, 14, 6, 15], [7, 13, 8, 12], [9, 3, 10, 2], [11, 1, 12, 24], [13, 19, 14, 18], [15, 20, 16, 21], [17, 23, 18, 22], [19, 7, 20, 6], [21, 4, 22, 5], [23, 9, 24, 8], [1, 11, 2, 10]]"
12a_0810_137,"[[1, 11, 2, 10], [3, 17, 4, 16], [5, 14, 6, 15], [7, 13, 8, 12], [9, 3, 10, 2], [11, 1, 12, 24], [13, 19, 14, 18], [15, 20, 16, 21], [17, 23, 18, 22], [19, 7, 20, 6], [21, 4, 22, 5], [23, 9, 24, 8]]"
12a_0810_138,"[[23, 9, 24, 8], [1, 11, 2, 10], [3, 17, 4, 16], [5, 14, 6, 15], [7, 13, 8, 12], [9, 3, 10, 2], [11, 1, 12, 24], [13, 19, 14, 18], [15, 20, 16, 21], [17, 23, 18, 22], [19, 7, 20, 6], [21, 4, 22, 5]]"
12a_0810_139,"[[21, 4, 22, 5], [23, 9, 24, 8], [1, 11, 2, 10], [3, 17, 4, 16], [5, 14, 6, 15], [7, 13, 8, 12], [9, 3, 10, 2], [11, 1, 12, 24], [13, 19, 14, 18], [15, 20, 16, 21], [17, 23, 18, 22], [19, 7, 20, 6]]"
12a_0810_140,"[[19, 7, 20, 6], [21, 4, 22, 5], [23, 9, 24, 8], [1, 11, 2, 10], [3, 17, 4, 16], [5, 14, 6, 15], [7, 13, 8, 12], [9, 3, 10, 2], [11, 1, 12, 24], [13, 19, 14, 18], [15, 20, 16, 21], [17, 23, 18, 22]]"
12a_0810_141,"[[17, 23, 18, 22], [19, 7, 20, 6], [21, 4, 22, 5], [23, 9, 24, 8], [1, 11, 2, 10], [3, 17, 4, 16], [5, 14, 6, 15], [7, 13, 8, 12], [9, 3, 10, 2], [11, 1, 12, 24], [13, 19, 14, 18], [15, 20, 16, 21]]"
12a_0810_142,"[[15, 20, 16, 21], [17, 23, 18, 22], [19, 7, 20, 6], [21, 4, 22, 5], [23, 9, 24, 8], [1, 11, 2, 10], [3, 17, 4, 16], [5, 14, 6, 15], [7, 13, 8, 12], [9, 3, 10, 2], [11, 1, 12, 24], [13, 19, 14, 18]]"
12a_0810_143,"[[13, 19, 14, 18], [15, 20, 16, 21], [17, 23, 18, 22], [19, 7, 20, 6], [21, 4, 22, 5], [23, 9, 24, 8], [1, 11, 2, 10], [3, 17, 4, 16], [5, 14, 6, 15], [7, 13, 8, 12], [9, 3, 10, 2], [11, 1, 12, 24]]"
12a_0810_144,"[[12, 2, 13, 1], [14, 20, 15, 19], [16, 21, 17, 22], [18, 24, 19, 23], [20, 8, 21, 7], [22, 5, 23, 6], [24, 10, 1, 9], [2, 12, 3, 11], [4, 18, 5, 17], [6, 15, 7, 16], [8, 14, 9, 13], [10, 4, 11, 3]]"
12a_0810_145,"[[10, 4, 11, 3], [12, 2, 13, 1], [14, 20, 15, 19], [16, 21, 17, 22], [18, 24, 19, 23], [20, 8, 21, 7], [22, 5, 23, 6], [24, 10, 1, 9], [2, 12, 3, 11], [4, 18, 5, 17], [6, 15, 7, 16], [8, 14, 9, 13]]"
12a_0810_146,"[[8, 14, 9, 13], [10, 4, 11, 3], [12, 2, 13, 1], [14, 20, 15, 19], [16, 21, 17, 22], [18, 24, 19, 23], [20, 8, 21, 7], [22, 5, 23, 6], [24, 10, 1, 9], [2, 12, 3, 11], [4, 18, 5, 17], [6, 15, 7, 16]]"
12a_0810_147,"[[6, 15, 7, 16], [8, 14, 9, 13], [10, 4, 11, 3], [12, 2, 13, 1], [14, 20, 15, 19], [16, 21, 17, 22], [18, 24, 19, 23], [20, 8, 21, 7], [22, 5, 23, 6], [24, 10, 1, 9], [2, 12, 3, 11], [4, 18, 5, 17]]"
12a_0810_148,"[[4, 18, 5, 17], [6, 15, 7, 16], [8, 14, 9, 13], [10, 4, 11, 3], [12, 2, 13, 1], [14, 20, 15, 19], [16, 21, 17, 22], [18, 24, 19, 23], [20, 8, 21, 7], [22, 5, 23, 6], [24, 10, 1, 9], [2, 12, 3, 11]]"
12a_0810_149,"[[2, 12, 3, 11], [4, 18, 5, 17], [6, 15, 7, 16], [8, 14, 9, 13], [10, 4, 11, 3], [12, 2, 13, 1], [14, 20, 15, 19], [16, 21, 17, 22], [18, 24, 19, 23], [20, 8, 21, 7], [22, 5, 23, 6], [24, 10, 1, 9]]"
12a_0810_150,"[[24, 10, 1, 9], [2, 12, 3, 11], [4, 18, 5, 17], [6, 15, 7, 16], [8, 14, 9, 13], [10, 4, 11, 3], [12, 2, 13, 1], [14, 20, 15, 19], [16, 21, 17, 22], [18, 24, 19, 23], [20, 8, 21, 7], [22, 5, 23, 6]]"
12a_0810_151,"[[22, 5, 23, 6], [24, 10, 1, 9], [2, 12, 3, 11], [4, 18, 5, 17], [6, 15, 7, 16], [8, 14, 9, 13], [10, 4, 11, 3], [12, 2, 13, 1], [14, 20, 15, 19], [16, 21, 17, 22], [18, 24, 19, 23], [20, 8, 21, 7]]"
12a_0810_152,"[[20, 8, 21, 7], [22, 5, 23, 6], [24, 10, 1, 9], [2, 12, 3, 11], [4, 18, 5, 17], [6, 15, 7, 16], [8, 14, 9, 13], [10, 4, 11, 3], [12, 2, 13, 1], [14, 20, 15, 19], [16, 21, 17, 22], [18, 24, 19, 23]]"
12a_0810_153,"[[18, 24, 19, 23], [20, 8, 21, 7], [22, 5, 23, 6], [24, 10, 1, 9], [2, 12, 3, 11], [4, 18, 5, 17], [6, 15, 7, 16], [8, 14, 9, 13], [10, 4, 11, 3], [12, 2, 13, 1], [14, 20, 15, 19], [16, 21, 17, 22]]"
12a_0810_154,"[[16, 21, 17, 22], [18, 24, 19, 23], [20, 8, 21, 7], [22, 5, 23, 6], [24, 10, 1, 9], [2, 12, 3, 11], [4, 18, 5, 17], [6, 15, 7, 16], [8, 14, 9, 13], [10, 4, 11, 3], [12, 2, 13, 1], [14, 20, 15, 19]]"
12a_0810_155,"[[14, 20, 15, 19], [16, 21, 17, 22], [18, 24, 19, 23], [20, 8, 21, 7], [22, 5, 23, 6], [24, 10, 1, 9], [2, 12, 3, 11], [4, 18, 5, 17], [6, 15, 7, 16], [8, 14, 9, 13], [10, 4, 11, 3], [12, 2, 13, 1]]"
12a_0810_156,"[[13, 3, 14, 2], [15, 21, 16, 20], [17, 22, 18, 23], [19, 1, 20, 24], [21, 9, 22, 8], [23, 6, 24, 7], [1, 11, 2, 10], [3, 13, 4, 12], [5, 19, 6, 18], [7, 16, 8, 17], [9, 15, 10, 14], [11, 5, 12, 4]]"
12a_0810_157,"[[11, 5, 12, 4], [13, 3, 14, 2], [15, 21, 16, 20], [17, 22, 18, 23], [19, 1, 20, 24], [21, 9, 22, 8], [23, 6, 24, 7], [1, 11, 2, 10], [3, 13, 4, 12], [5, 19, 6, 18], [7, 16, 8, 17], [9, 15, 10, 14]]"
12a_0810_158,"[[9, 15, 10, 14], [11, 5, 12, 4], [13, 3, 14, 2], [15, 21, 16, 20], [17, 22, 18, 23], [19, 1, 20, 24], [21, 9, 22, 8], [23, 6, 24, 7], [1, 11, 2, 10], [3, 13, 4, 12], [5, 19, 6, 18], [7, 16, 8, 17]]"
12a_0810_159,"[[7, 16, 8, 17], [9, 15, 10, 14], [11, 5, 12, 4], [13, 3, 14, 2], [15, 21, 16, 20], [17, 22, 18, 23], [19, 1, 20, 24], [21, 9, 22, 8], [23, 6, 24, 7], [1, 11, 2, 10], [3, 13, 4, 12], [5, 19, 6, 18]]"
12a_0810_160,"[[5, 19, 6, 18], [7, 16, 8, 17], [9, 15, 10, 14], [11, 5, 12, 4], [13, 3, 14, 2], [15, 21, 16, 20], [17, 22, 18, 23], [19, 1, 20, 24], [21, 9, 22, 8], [23, 6, 24, 7], [1, 11, 2, 10], [3, 13, 4, 12]]"
12a_0810_161,"[[3, 13, 4, 12], [5, 19, 6, 18], [7, 16, 8, 17], [9, 15, 10, 14], [11, 5, 12, 4], [13, 3, 14, 2], [15, 21, 16, 20], [17, 22, 18, 23], [19, 1, 20, 24], [21, 9, 22, 8], [23, 6, 24, 7], [1, 11, 2, 10]]"
12a_0810_162,"[[1, 11, 2, 10], [3, 13, 4, 12], [5, 19, 6, 18], [7, 16, 8, 17], [9, 15, 10, 14], [11, 5, 12, 4], [13, 3, 14, 2], [15, 21, 16, 20], [17, 22, 18, 23], [19, 1, 20, 24], [21, 9, 22, 8], [23, 6, 24, 7]]"
12a_0810_163,"[[23, 6, 24, 7], [1, 11, 2, 10], [3, 13, 4, 12], [5, 19, 6, 18], [7, 16, 8, 17], [9, 15, 10, 14], [11, 5, 12, 4], [13, 3, 14, 2], [15, 21, 16, 20], [17, 22, 18, 23], [19, 1, 20, 24], [21, 9, 22, 8]]"
12a_0810_164,"[[21, 9, 22, 8], [23, 6, 24, 7], [1, 11, 2, 10], [3, 13, 4, 12], [5, 19, 6, 18], [7, 16, 8, 17], [9, 15, 10, 14], [11, 5, 12, 4], [13, 3, 14, 2], [15, 21, 16, 20], [17, 22, 18, 23], [19, 1, 20, 24]]"
12a_0810_165,"[[19, 1, 20, 24], [21, 9, 22, 8], [23, 6, 24, 7], [1, 11, 2, 10], [3, 13, 4, 12], [5, 19, 6, 18], [7, 16, 8, 17], [9, 15, 10, 14], [11, 5, 12, 4], [13, 3, 14, 2], [15, 21, 16, 20], [17, 22, 18, 23]]"
12a_0810_166,"[[17, 22, 18, 23], [19, 1, 20, 24], [21, 9, 22, 8], [23, 6, 24, 7], [1, 11, 2, 10], [3, 13, 4, 12], [5, 19, 6, 18], [7, 16, 8, 17], [9, 15, 10, 14], [11, 5, 12, 4], [13, 3, 14, 2], [15, 21, 16, 20]]"
12a_0810_167,"[[15, 21, 16, 20], [17, 22, 18, 23], [19, 1, 20, 24], [21, 9, 22, 8], [23, 6, 24, 7], [1, 11, 2, 10], [3, 13, 4, 12], [5, 19, 6, 18], [7, 16, 8, 17], [9, 15, 10, 14], [11, 5, 12, 4], [13, 3, 14, 2]]"
12a_0810_168,"[[14, 4, 15, 3], [16, 22, 17, 21], [18, 23, 19, 24], [20, 2, 21, 1], [22, 10, 23, 9], [24, 7, 1, 8], [2, 12, 3, 11], [4, 14, 5, 13], [6, 20, 7, 19], [8, 17, 9, 18], [10, 16, 11, 15], [12, 6, 13, 5]]"
12a_0810_169,"[[12, 6, 13, 5], [14, 4, 15, 3], [16, 22, 17, 21], [18, 23, 19, 24], [20, 2, 21, 1], [22, 10, 23, 9], [24, 7, 1, 8], [2, 12, 3, 11], [4, 14, 5, 13], [6, 20, 7, 19], [8, 17, 9, 18], [10, 16, 11, 15]]"
12a_0810_170,"[[10, 16, 11, 15], [12, 6, 13, 5], [14, 4, 15, 3], [16, 22, 17, 21], [18, 23, 19, 24], [20, 2, 21, 1], [22, 10, 23, 9], [24, 7, 1, 8], [2, 12, 3, 11], [4, 14, 5, 13], [6, 20, 7, 19], [8, 17, 9, 18]]"
12a_0810_171,"[[8, 17, 9, 18], [10, 16, 11, 15], [12, 6, 13, 5], [14, 4, 15, 3], [16, 22, 17, 21], [18, 23, 19, 24], [20, 2, 21, 1], [22, 10, 23, 9], [24, 7, 1, 8], [2, 12, 3, 11], [4, 14, 5, 13], [6, 20, 7, 19]]"
12a_0810_172,"[[6, 20, 7, 19], [8, 17, 9, 18], [10, 16, 11, 15], [12, 6, 13, 5], [14, 4, 15, 3], [16, 22, 17, 21], [18, 23, 19, 24], [20, 2, 21, 1], [22, 10, 23, 9], [24, 7, 1, 8], [2, 12, 3, 11], [4, 14, 5, 13]]"
12a_0810_173,"[[4, 14, 5, 13], [6, 20, 7, 19], [8, 17, 9, 18], [10, 16, 11, 15], [12, 6, 13, 5], [14, 4, 15, 3], [16, 22, 17, 21], [18, 23, 19, 24], [20, 2, 21, 1], [22, 10, 23, 9], [24, 7, 1, 8], [2, 12, 3, 11]]"
12a_0810_174,"[[2, 12, 3, 11], [4, 14, 5, 13], [6, 20, 7, 19], [8, 17, 9, 18], [10, 16, 11, 15], [12, 6, 13, 5], [14, 4, 15, 3], [16, 22, 17, 21], [18, 23, 19, 24], [20, 2, 21, 1], [22, 10, 23, 9], [24, 7, 1, 8]]"
12a_0810_175,"[[24, 7, 1, 8], [2, 12, 3, 11], [4, 14, 5, 13], [6, 20, 7, 19], [8, 17, 9, 18], [10, 16, 11, 15], [12, 6, 13, 5], [14, 4, 15, 3], [16, 22, 17, 21], [18, 23, 19, 24], [20, 2, 21, 1], [22, 10, 23, 9]]"
12a_0810_176,"[[22, 10, 23, 9], [24, 7, 1, 8], [2, 12, 3, 11], [4, 14, 5, 13], [6, 20, 7, 19], [8, 17, 9, 18], [10, 16, 11, 15], [12, 6, 13, 5], [14, 4, 15, 3], [16, 22, 17, 21], [18, 23, 19, 24], [20, 2, 21, 1]]"
12a_0810_177,"[[20, 2, 21, 1], [22, 10, 23, 9], [24, 7, 1, 8], [2, 12, 3, 11], [4, 14, 5, 13], [6, 20, 7, 19], [8, 17, 9, 18], [10, 16, 11, 15], [12, 6, 13, 5], [14, 4, 15, 3], [16, 22, 17, 21], [18, 23, 19, 24]]"
12a_0810_178,"[[18, 23, 19, 24], [20, 2, 21, 1], [22, 10, 23, 9], [24, 7, 1, 8], [2, 12, 3, 11], [4, 14, 5, 13], [6, 20, 7, 19], [8, 17, 9, 18], [10, 16, 11, 15], [12, 6, 13, 5], [14, 4, 15, 3], [16, 22, 17, 21]]"
12a_0810_179,"[[16, 22, 17, 21], [18, 23, 19, 24], [20, 2, 21, 1], [22, 10, 23, 9], [24, 7, 1, 8], [2, 12, 3, 11], [4, 14, 5, 13], [6, 20, 7, 19], [8, 17, 9, 18], [10, 16, 11, 15], [12, 6, 13, 5], [14, 4, 15, 3]]"
12a_0810_180,"[[15, 5, 16, 4], [17, 23, 18, 22], [19, 24, 20, 1], [21, 3, 22, 2], [23, 11, 24, 10], [1, 8, 2, 9], [3, 13, 4, 12], [5, 15, 6, 14], [7, 21, 8, 20], [9, 18, 10, 19], [11, 17, 12, 16], [13, 7, 14, 6]]"
12a_0810_181,"[[13, 7, 14, 6], [15, 5, 16, 4], [17, 23, 18, 22], [19, 24, 20, 1], [21, 3, 22, 2], [23, 11, 24, 10], [1, 8, 2, 9], [3, 13, 4, 12], [5, 15, 6, 14], [7, 21, 8, 20], [9, 18, 10, 19], [11, 17, 12, 16]]"
12a_0810_182,"[[11, 17, 12, 16], [13, 7, 14, 6], [15, 5, 16, 4], [17, 23, 18, 22], [19, 24, 20, 1], [21, 3, 22, 2], [23, 11, 24, 10], [1, 8, 2, 9], [3, 13, 4, 12], [5, 15, 6, 14], [7, 21, 8, 20], [9, 18, 10, 19]]"
12a_0810_183,"[[9, 18, 10, 19], [11, 17, 12, 16], [13, 7, 14, 6], [15, 5, 16, 4], [17, 23, 18, 22], [19, 24, 20, 1], [21, 3, 22, 2], [23, 11, 24, 10], [1, 8, 2, 9], [3, 13, 4, 12], [5, 15, 6, 14], [7, 21, 8, 20]]"
12a_0810_184,"[[7, 21, 8, 20], [9, 18, 10, 19], [11, 17, 12, 16], [13, 7, 14, 6], [15, 5, 16, 4], [17, 23, 18, 22], [19, 24, 20, 1], [21, 3, 22, 2], [23, 11, 24, 10], [1, 8, 2, 9], [3, 13, 4, 12], [5, 15, 6, 14]]"
12a_0810_185,"[[5, 15, 6, 14], [7, 21, 8, 20], [9, 18, 10, 19], [11, 17, 12, 16], [13, 7, 14, 6], [15, 5, 16, 4], [17, 23, 18, 22], [19, 24, 20, 1], [21, 3, 22, 2], [23, 11, 24, 10], [1, 8, 2, 9], [3, 13, 4, 12]]"
