name,pd_notation
12a_0514_0,"[[24, 7, 1, 8], [2, 6, 3, 5], [4, 14, 5, 13], [6, 15, 7, 16], [8, 17, 9, 18], [10, 21, 11, 22], [12, 4, 13, 3], [14, 1, 15, 2], [16, 11, 17, 12], [18, 23, 19, 24], [20, 9, 21, 10], [22, 19, 23, 20]]"
12a_0514_1,"[[22, 19, 23, 20], [24, 7, 1, 8], [2, 6, 3, 5], [4, 14, 5, 13], [6, 15, 7, 16], [8, 17, 9, 18], [10, 21, 11, 22], [12, 4, 13, 3], [14, 1, 15, 2], [16, 11, 17, 12], [18, 23, 19, 24], [20, 9, 21, 10]]"
12a_0514_2,"[[20, 9, 21, 10], [22, 19, 23, 20], [24, 7, 1, 8], [2, 6, 3, 5], [4, 14, 5, 13], [6, 15, 7, 16], [8, 17, 9, 18], [10, 21, 11, 22], [12, 4, 13, 3], [14, 1, 15, 2], [16, 11, 17, 12], [18, 23, 19, 24]]"
12a_0514_3,"[[18, 23, 19, 24], [20, 9, 21, 10], [22, 19, 23, 20], [24, 7, 1, 8], [2, 6, 3, 5], [4, 14, 5, 13], [6, 15, 7, 16], [8, 17, 9, 18], [10, 21, 11, 22], [12, 4, 13, 3], [14, 1, 15, 2], [16, 11, 17, 12]]"
12a_0514_4,"[[16, 11, 17, 12], [18, 23, 19, 24], [20, 9, 21, 10], [22, 19, 23, 20], [24, 7, 1, 8], [2, 6, 3, 5], [4, 14, 5, 13], [6, 15, 7, 16], [8, 17, 9, 18], [10, 21, 11, 22], [12, 4, 13, 3], [14, 1, 15, 2]]"
12a_0514_5,"[[14, 1, 15, 2], [16, 11, 17, 12], [18, 23, 19, 24], [20, 9, 21, 10], [22, 19, 23, 20], [24, 7, 1, 8], [2, 6, 3, 5], [4, 14, 5, 13], [6, 15, 7, 16], [8, 17, 9, 18], [10, 21, 11, 22], [12, 4, 13, 3]]"
12a_0514_6,"[[12, 4, 13, 3], [14, 1, 15, 2], [16, 11, 17, 12], [18, 23, 19, 24], [20, 9, 21, 10], [22, 19, 23, 20], [24, 7, 1, 8], [2, 6, 3, 5], [4, 14, 5, 13], [6, 15, 7, 16], [8, 17, 9, 18], [10, 21, 11, 22]]"
12a_0514_7,"[[10, 21, 11, 22], [12, 4, 13, 3], [14, 1, 15, 2], [16, 11, 17, 12], [18, 23, 19, 24], [20, 9, 21, 10], [22, 19, 23, 20], [24, 7, 1, 8], [2, 6, 3, 5], [4, 14, 5, 13], [6, 15, 7, 16], [8, 17, 9, 18]]"
12a_0514_8,"[[8, 17, 9, 18], [10, 21, 11, 22], [12, 4, 13, 3], [14, 1, 15, 2], [16, 11, 17, 12], [18, 23, 19, 24], [20, 9, 21, 10], [22, 19, 23, 20], [24, 7, 1, 8], [2, 6, 3, 5], [4, 14, 5, 13], [6, 15, 7, 16]]"
12a_0514_9,"[[6, 15, 7, 16], [8, 17, 9, 18], [10, 21, 11, 22], [12, 4, 13, 3], [14, 1, 15, 2], [16, 11, 17, 12], [18, 23, 19, 24], [20, 9, 21, 10], [22, 19, 23, 20], [24, 7, 1, 8], [2, 6, 3, 5], [4, 14, 5, 13]]"
12a_0514_10,"[[4, 14, 5, 13], [6, 15, 7, 16], [8, 17, 9, 18], [10, 21, 11, 22], [12, 4, 13, 3], [14, 1, 15, 2], [16, 11, 17, 12], [18, 23, 19, 24], [20, 9, 21, 10], [22, 19, 23, 20], [24, 7, 1, 8], [2, 6, 3, 5]]"
12a_0514_11,"[[2, 6, 3, 5], [4, 14, 5, 13], [6, 15, 7, 16], [8, 17, 9, 18], [10, 21, 11, 22], [12, 4, 13, 3], [14, 1, 15, 2], [16, 11, 17, 12], [18, 23, 19, 24], [20, 9, 21, 10], [22, 19, 23, 20], [24, 7, 1, 8]]"
12a_0514_12,"[[1, 8, 2, 9], [3, 7, 4, 6], [5, 15, 6, 14], [7, 16, 8, 17], [9, 18, 10, 19], [11, 22, 12, 23], [13, 5, 14, 4], [15, 2, 16, 3], [17, 12, 18, 13], [19, 24, 20, 1], [21, 10, 22, 11], [23, 20, 24, 21]]"
12a_0514_13,"[[23, 20, 24, 21], [1, 8, 2, 9], [3, 7, 4, 6], [5, 15, 6, 14], [7, 16, 8, 17], [9, 18, 10, 19], [11, 22, 12, 23], [13, 5, 14, 4], [15, 2, 16, 3], [17, 12, 18, 13], [19, 24, 20, 1], [21, 10, 22, 11]]"
12a_0514_14,"[[21, 10, 22, 11], [23, 20, 24, 21], [1, 8, 2, 9], [3, 7, 4, 6], [5, 15, 6, 14], [7, 16, 8, 17], [9, 18, 10, 19], [11, 22, 12, 23], [13, 5, 14, 4], [15, 2, 16, 3], [17, 12, 18, 13], [19, 24, 20, 1]]"
12a_0514_15,"[[19, 24, 20, 1], [21, 10, 22, 11], [23, 20, 24, 21], [1, 8, 2, 9], [3, 7, 4, 6], [5, 15, 6, 14], [7, 16, 8, 17], [9, 18, 10, 19], [11, 22, 12, 23], [13, 5, 14, 4], [15, 2, 16, 3], [17, 12, 18, 13]]"
12a_0514_16,"[[17, 12, 18, 13], [19, 24, 20, 1], [21, 10, 22, 11], [23, 20, 24, 21], [1, 8, 2, 9], [3, 7, 4, 6], [5, 15, 6, 14], [7, 16, 8, 17], [9, 18, 10, 19], [11, 22, 12, 23], [13, 5, 14, 4], [15, 2, 16, 3]]"
12a_0514_17,"[[15, 2, 16, 3], [17, 12, 18, 13], [19, 24, 20, 1], [21, 10, 22, 11], [23, 20, 24, 21], [1, 8, 2, 9], [3, 7, 4, 6], [5, 15, 6, 14], [7, 16, 8, 17], [9, 18, 10, 19], [11, 22, 12, 23], [13, 5, 14, 4]]"
12a_0514_18,"[[13, 5, 14, 4], [15, 2, 16, 3], [17, 12, 18, 13], [19, 24, 20, 1], [21, 10, 22, 11], [23, 20, 24, 21], [1, 8, 2, 9], [3, 7, 4, 6], [5, 15, 6, 14], [7, 16, 8, 17], [9, 18, 10, 19], [11, 22, 12, 23]]"
12a_0514_19,"[[11, 22, 12, 23], [13, 5, 14, 4], [15, 2, 16, 3], [17, 12, 18, 13], [19, 24, 20, 1], [21, 10, 22, 11], [23, 20, 24, 21], [1, 8, 2, 9], [3, 7, 4, 6], [5, 15, 6, 14], [7, 16, 8, 17], [9, 18, 10, 19]]"
12a_0514_20,"[[9, 18, 10, 19], [11, 22, 12, 23], [13, 5, 14, 4], [15, 2, 16, 3], [17, 12, 18, 13], [19, 24, 20, 1], [21, 10, 22, 11], [23, 20, 24, 21], [1, 8, 2, 9], [3, 7, 4, 6], [5, 15, 6, 14], [7, 16, 8, 17]]"
12a_0514_21,"[[7, 16, 8, 17], [9, 18, 10, 19], [11, 22, 12, 23], [13, 5, 14, 4], [15, 2, 16, 3], [17, 12, 18, 13], [19, 24, 20, 1], [21, 10, 22, 11], [23, 20, 24, 21], [1, 8, 2, 9], [3, 7, 4, 6], [5, 15, 6, 14]]"
12a_0514_22,"[[5, 15, 6, 14], [7, 16, 8, 17], [9, 18, 10, 19], [11, 22, 12, 23], [13, 5, 14, 4], [15, 2, 16, 3], [17, 12, 18, 13], [19, 24, 20, 1], [21, 10, 22, 11], [23, 20, 24, 21], [1, 8, 2, 9], [3, 7, 4, 6]]"
12a_0514_23,"[[3, 7, 4, 6], [5, 15, 6, 14], [7, 16, 8, 17], [9, 18, 10, 19], [11, 22, 12, 23], [13, 5, 14, 4], [15, 2, 16, 3], [17, 12, 18, 13], [19, 24, 20, 1], [21, 10, 22, 11], [23, 20, 24, 21], [1, 8, 2, 9]]"
12a_0514_24,"[[2, 9, 3, 10], [4, 8, 5, 7], [6, 16, 7, 15], [8, 17, 9, 18], [10, 19, 11, 20], [12, 23, 13, 24], [14, 6, 15, 5], [16, 3, 17, 4], [18, 13, 19, 14], [20, 1, 21, 2], [22, 11, 23, 12], [24, 21, 1, 22]]"
12a_0514_25,"[[24, 21, 1, 22], [2, 9, 3, 10], [4, 8, 5, 7], [6, 16, 7, 15], [8, 17, 9, 18], [10, 19, 11, 20], [12, 23, 13, 24], [14, 6, 15, 5], [16, 3, 17, 4], [18, 13, 19, 14], [20, 1, 21, 2], [22, 11, 23, 12]]"
12a_0514_26,"[[22, 11, 23, 12], [24, 21, 1, 22], [2, 9, 3, 10], [4, 8, 5, 7], [6, 16, 7, 15], [8, 17, 9, 18], [10, 19, 11, 20], [12, 23, 13, 24], [14, 6, 15, 5], [16, 3, 17, 4], [18, 13, 19, 14], [20, 1, 21, 2]]"
12a_0514_27,"[[20, 1, 21, 2], [22, 11, 23, 12], [24, 21, 1, 22], [2, 9, 3, 10], [4, 8, 5, 7], [6, 16, 7, 15], [8, 17, 9, 18], [10, 19, 11, 20], [12, 23, 13, 24], [14, 6, 15, 5], [16, 3, 17, 4], [18, 13, 19, 14]]"
12a_0514_28,"[[18, 13, 19, 14], [20, 1, 21, 2], [22, 11, 23, 12], [24, 21, 1, 22], [2, 9, 3, 10], [4, 8, 5, 7], [6, 16, 7, 15], [8, 17, 9, 18], [10, 19, 11, 20], [12, 23, 13, 24], [14, 6, 15, 5], [16, 3, 17, 4]]"
12a_0514_29,"[[16, 3, 17, 4], [18, 13, 19, 14], [20, 1, 21, 2], [22, 11, 23, 12], [24, 21, 1, 22], [2, 9, 3, 10], [4, 8, 5, 7], [6, 16, 7, 15], [8, 17, 9, 18], [10, 19, 11, 20], [12, 23, 13, 24], [14, 6, 15, 5]]"
12a_0514_30,"[[14, 6, 15, 5], [16, 3, 17, 4], [18, 13, 19, 14], [20, 1, 21, 2], [22, 11, 23, 12], [24, 21, 1, 22], [2, 9, 3, 10], [4, 8, 5, 7], [6, 16, 7, 15], [8, 17, 9, 18], [10, 19, 11, 20], [12, 23, 13, 24]]"
12a_0514_31,"[[12, 23, 13, 24], [14, 6, 15, 5], [16, 3, 17, 4], [18, 13, 19, 14], [20, 1, 21, 2], [22, 11, 23, 12], [24, 21, 1, 22], [2, 9, 3, 10], [4, 8, 5, 7], [6, 16, 7, 15], [8, 17, 9, 18], [10, 19, 11, 20]]"
12a_0514_32,"[[10, 19, 11, 20], [12, 23, 13, 24], [14, 6, 15, 5], [16, 3, 17, 4], [18, 13, 19, 14], [20, 1, 21, 2], [22, 11, 23, 12], [24, 21, 1, 22], [2, 9, 3, 10], [4, 8, 5, 7], [6, 16, 7, 15], [8, 17, 9, 18]]"
12a_0514_33,"[[8, 17, 9, 18], [10, 19, 11, 20], [12, 23, 13, 24], [14, 6, 15, 5], [16, 3, 17, 4], [18, 13, 19, 14], [20, 1, 21, 2], [22, 11, 23, 12], [24, 21, 1, 22], [2, 9, 3, 10], [4, 8, 5, 7], [6, 16, 7, 15]]"
12a_0514_34,"[[6, 16, 7, 15], [8, 17, 9, 18], [10, 19, 11, 20], [12, 23, 13, 24], [14, 6, 15, 5], [16, 3, 17, 4], [18, 13, 19, 14], [20, 1, 21, 2], [22, 11, 23, 12], [24, 21, 1, 22], [2, 9, 3, 10], [4, 8, 5, 7]]"
12a_0514_35,"[[4, 8, 5, 7], [6, 16, 7, 15], [8, 17, 9, 18], [10, 19, 11, 20], [12, 23, 13, 24], [14, 6, 15, 5], [16, 3, 17, 4], [18, 13, 19, 14], [20, 1, 21, 2], [22, 11, 23, 12], [24, 21, 1, 22], [2, 9, 3, 10]]"
12a_0514_36,"[[3, 10, 4, 11], [5, 9, 6, 8], [7, 17, 8, 16], [9, 18, 10, 19], [11, 20, 12, 21], [13, 24, 14, 1], [15, 7, 16, 6], [17, 4, 18, 5], [19, 14, 20, 15], [21, 2, 22, 3], [23, 12, 24, 13], [1, 22, 2, 23]]"
12a_0514_37,"[[1, 22, 2, 23], [3, 10, 4, 11], [5, 9, 6, 8], [7, 17, 8, 16], [9, 18, 10, 19], [11, 20, 12, 21], [13, 24, 14, 1], [15, 7, 16, 6], [17, 4, 18, 5], [19, 14, 20, 15], [21, 2, 22, 3], [23, 12, 24, 13]]"
12a_0514_38,"[[23, 12, 24, 13], [1, 22, 2, 23], [3, 10, 4, 11], [5, 9, 6, 8], [7, 17, 8, 16], [9, 18, 10, 19], [11, 20, 12, 21], [13, 24, 14, 1], [15, 7, 16, 6], [17, 4, 18, 5], [19, 14, 20, 15], [21, 2, 22, 3]]"
12a_0514_39,"[[21, 2, 22, 3], [23, 12, 24, 13], [1, 22, 2, 23], [3, 10, 4, 11], [5, 9, 6, 8], [7, 17, 8, 16], [9, 18, 10, 19], [11, 20, 12, 21], [13, 24, 14, 1], [15, 7, 16, 6], [17, 4, 18, 5], [19, 14, 20, 15]]"
12a_0514_40,"[[19, 14, 20, 15], [21, 2, 22, 3], [23, 12, 24, 13], [1, 22, 2, 23], [3, 10, 4, 11], [5, 9, 6, 8], [7, 17, 8, 16], [9, 18, 10, 19], [11, 20, 12, 21], [13, 24, 14, 1], [15, 7, 16, 6], [17, 4, 18, 5]]"
12a_0514_41,"[[17, 4, 18, 5], [19, 14, 20, 15], [21, 2, 22, 3], [23, 12, 24, 13], [1, 22, 2, 23], [3, 10, 4, 11], [5, 9, 6, 8], [7, 17, 8, 16], [9, 18, 10, 19], [11, 20, 12, 21], [13, 24, 14, 1], [15, 7, 16, 6]]"
12a_0514_42,"[[15, 7, 16, 6], [17, 4, 18, 5], [19, 14, 20, 15], [21, 2, 22, 3], [23, 12, 24, 13], [1, 22, 2, 23], [3, 10, 4, 11], [5, 9, 6, 8], [7, 17, 8, 16], [9, 18, 10, 19], [11, 20, 12, 21], [13, 24, 14, 1]]"
12a_0514_43,"[[13, 24, 14, 1], [15, 7, 16, 6], [17, 4, 18, 5], [19, 14, 20, 15], [21, 2, 22, 3], [23, 12, 24, 13], [1, 22, 2, 23], [3, 10, 4, 11], [5, 9, 6, 8], [7, 17, 8, 16], [9, 18, 10, 19], [11, 20, 12, 21]]"
12a_0514_44,"[[11, 20, 12, 21], [13, 24, 14, 1], [15, 7, 16, 6], [17, 4, 18, 5], [19, 14, 20, 15], [21, 2, 22, 3], [23, 12, 24, 13], [1, 22, 2, 23], [3, 10, 4, 11], [5, 9, 6, 8], [7, 17, 8, 16], [9, 18, 10, 19]]"
12a_0514_45,"[[9, 18, 10, 19], [11, 20, 12, 21], [13, 24, 14, 1], [15, 7, 16, 6], [17, 4, 18, 5], [19, 14, 20, 15], [21, 2, 22, 3], [23, 12, 24, 13], [1, 22, 2, 23], [3, 10, 4, 11], [5, 9, 6, 8], [7, 17, 8, 16]]"
12a_0514_46,"[[7, 17, 8, 16], [9, 18, 10, 19], [11, 20, 12, 21], [13, 24, 14, 1], [15, 7, 16, 6], [17, 4, 18, 5], [19, 14, 20, 15], [21, 2, 22, 3], [23, 12, 24, 13], [1, 22, 2, 23], [3, 10, 4, 11], [5, 9, 6, 8]]"
12a_0514_47,"[[5, 9, 6, 8], [7, 17, 8, 16], [9, 18, 10, 19], [11, 20, 12, 21], [13, 24, 14, 1], [15, 7, 16, 6], [17, 4, 18, 5], [19, 14, 20, 15], [21, 2, 22, 3], [23, 12, 24, 13], [1, 22, 2, 23], [3, 10, 4, 11]]"
12a_0514_48,"[[4, 11, 5, 12], [6, 10, 7, 9], [8, 18, 9, 17], [10, 19, 11, 20], [12, 21, 13, 22], [14, 1, 15, 2], [16, 8, 17, 7], [18, 5, 19, 6], [20, 15, 21, 16], [22, 3, 23, 4], [24, 13, 1, 14], [2, 23, 3, 24]]"
12a_0514_49,"[[2, 23, 3, 24], [4, 11, 5, 12], [6, 10, 7, 9], [8, 18, 9, 17], [10, 19, 11, 20], [12, 21, 13, 22], [14, 1, 15, 2], [16, 8, 17, 7], [18, 5, 19, 6], [20, 15, 21, 16], [22, 3, 23, 4], [24, 13, 1, 14]]"
12a_0514_50,"[[24, 13, 1, 14], [2, 23, 3, 24], [4, 11, 5, 12], [6, 10, 7, 9], [8, 18, 9, 17], [10, 19, 11, 20], [12, 21, 13, 22], [14, 1, 15, 2], [16, 8, 17, 7], [18, 5, 19, 6], [20, 15, 21, 16], [22, 3, 23, 4]]"
12a_0514_51,"[[22, 3, 23, 4], [24, 13, 1, 14], [2, 23, 3, 24], [4, 11, 5, 12], [6, 10, 7, 9], [8, 18, 9, 17], [10, 19, 11, 20], [12, 21, 13, 22], [14, 1, 15, 2], [16, 8, 17, 7], [18, 5, 19, 6], [20, 15, 21, 16]]"
12a_0514_52,"[[20, 15, 21, 16], [22, 3, 23, 4], [24, 13, 1, 14], [2, 23, 3, 24], [4, 11, 5, 12], [6, 10, 7, 9], [8, 18, 9, 17], [10, 19, 11, 20], [12, 21, 13, 22], [14, 1, 15, 2], [16, 8, 17, 7], [18, 5, 19, 6]]"
12a_0514_53,"[[18, 5, 19, 6], [20, 15, 21, 16], [22, 3, 23, 4], [24, 13, 1, 14], [2, 23, 3, 24], [4, 11, 5, 12], [6, 10, 7, 9], [8, 18, 9, 17], [10, 19, 11, 20], [12, 21, 13, 22], [14, 1, 15, 2], [16, 8, 17, 7]]"
12a_0514_54,"[[16, 8, 17, 7], [18, 5, 19, 6], [20, 15, 21, 16], [22, 3, 23, 4], [24, 13, 1, 14], [2, 23, 3, 24], [4, 11, 5, 12], [6, 10, 7, 9], [8, 18, 9, 17], [10, 19, 11, 20], [12, 21, 13, 22], [14, 1, 15, 2]]"
12a_0514_55,"[[14, 1, 15, 2], [16, 8, 17, 7], [18, 5, 19, 6], [20, 15, 21, 16], [22, 3, 23, 4], [24, 13, 1, 14], [2, 23, 3, 24], [4, 11, 5, 12], [6, 10, 7, 9], [8, 18, 9, 17], [10, 19, 11, 20], [12, 21, 13, 22]]"
12a_0514_56,"[[12, 21, 13, 22], [14, 1, 15, 2], [16, 8, 17, 7], [18, 5, 19, 6], [20, 15, 21, 16], [22, 3, 23, 4], [24, 13, 1, 14], [2, 23, 3, 24], [4, 11, 5, 12], [6, 10, 7, 9], [8, 18, 9, 17], [10, 19, 11, 20]]"
12a_0514_57,"[[10, 19, 11, 20], [12, 21, 13, 22], [14, 1, 15, 2], [16, 8, 17, 7], [18, 5, 19, 6], [20, 15, 21, 16], [22, 3, 23, 4], [24, 13, 1, 14], [2, 23, 3, 24], [4, 11, 5, 12], [6, 10, 7, 9], [8, 18, 9, 17]]"
12a_0514_58,"[[8, 18, 9, 17], [10, 19, 11, 20], [12, 21, 13, 22], [14, 1, 15, 2], [16, 8, 17, 7], [18, 5, 19, 6], [20, 15, 21, 16], [22, 3, 23, 4], [24, 13, 1, 14], [2, 23, 3, 24], [4, 11, 5, 12], [6, 10, 7, 9]]"
12a_0514_59,"[[6, 10, 7, 9], [8, 18, 9, 17], [10, 19, 11, 20], [12, 21, 13, 22], [14, 1, 15, 2], [16, 8, 17, 7], [18, 5, 19, 6], [20, 15, 21, 16], [22, 3, 23, 4], [24, 13, 1, 14], [2, 23, 3, 24], [4, 11, 5, 12]]"
12a_0514_60,"[[5, 12, 6, 13], [7, 11, 8, 10], [9, 19, 10, 18], [11, 20, 12, 21], [13, 22, 14, 23], [15, 2, 16, 3], [17, 9, 18, 8], [19, 6, 20, 7], [21, 16, 22, 17], [23, 4, 24, 5], [1, 14, 2, 15], [3, 24, 4, 1]]"
12a_0514_61,"[[3, 24, 4, 1], [5, 12, 6, 13], [7, 11, 8, 10], [9, 19, 10, 18], [11, 20, 12, 21], [13, 22, 14, 23], [15, 2, 16, 3], [17, 9, 18, 8], [19, 6, 20, 7], [21, 16, 22, 17], [23, 4, 24, 5], [1, 14, 2, 15]]"
12a_0514_62,"[[1, 14, 2, 15], [3, 24, 4, 1], [5, 12, 6, 13], [7, 11, 8, 10], [9, 19, 10, 18], [11, 20, 12, 21], [13, 22, 14, 23], [15, 2, 16, 3], [17, 9, 18, 8], [19, 6, 20, 7], [21, 16, 22, 17], [23, 4, 24, 5]]"
12a_0514_63,"[[23, 4, 24, 5], [1, 14, 2, 15], [3, 24, 4, 1], [5, 12, 6, 13], [7, 11, 8, 10], [9, 19, 10, 18], [11, 20, 12, 21], [13, 22, 14, 23], [15, 2, 16, 3], [17, 9, 18, 8], [19, 6, 20, 7], [21, 16, 22, 17]]"
12a_0514_64,"[[21, 16, 22, 17], [23, 4, 24, 5], [1, 14, 2, 15], [3, 24, 4, 1], [5, 12, 6, 13], [7, 11, 8, 10], [9, 19, 10, 18], [11, 20, 12, 21], [13, 22, 14, 23], [15, 2, 16, 3], [17, 9, 18, 8], [19, 6, 20, 7]]"
12a_0514_65,"[[19, 6, 20, 7], [21, 16, 22, 17], [23, 4, 24, 5], [1, 14, 2, 15], [3, 24, 4, 1], [5, 12, 6, 13], [7, 11, 8, 10], [9, 19, 10, 18], [11, 20, 12, 21], [13, 22, 14, 23], [15, 2, 16, 3], [17, 9, 18, 8]]"
12a_0514_66,"[[17, 9, 18, 8], [19, 6, 20, 7], [21, 16, 22, 17], [23, 4, 24, 5], [1, 14, 2, 15], [3, 24, 4, 1], [5, 12, 6, 13], [7, 11, 8, 10], [9, 19, 10, 18], [11, 20, 12, 21], [13, 22, 14, 23], [15, 2, 16, 3]]"
12a_0514_67,"[[15, 2, 16, 3], [17, 9, 18, 8], [19, 6, 20, 7], [21, 16, 22, 17], [23, 4, 24, 5], [1, 14, 2, 15], [3, 24, 4, 1], [5, 12, 6, 13], [7, 11, 8, 10], [9, 19, 10, 18], [11, 20, 12, 21], [13, 22, 14, 23]]"
12a_0514_68,"[[13, 22, 14, 23], [15, 2, 16, 3], [17, 9, 18, 8], [19, 6, 20, 7], [21, 16, 22, 17], [23, 4, 24, 5], [1, 14, 2, 15], [3, 24, 4, 1], [5, 12, 6, 13], [7, 11, 8, 10], [9, 19, 10, 18], [11, 20, 12, 21]]"
12a_0514_69,"[[11, 20, 12, 21], [13, 22, 14, 23], [15, 2, 16, 3], [17, 9, 18, 8], [19, 6, 20, 7], [21, 16, 22, 17], [23, 4, 24, 5], [1, 14, 2, 15], [3, 24, 4, 1], [5, 12, 6, 13], [7, 11, 8, 10], [9, 19, 10, 18]]"
12a_0514_70,"[[9, 19, 10, 18], [11, 20, 12, 21], [13, 22, 14, 23], [15, 2, 16, 3], [17, 9, 18, 8], [19, 6, 20, 7], [21, 16, 22, 17], [23, 4, 24, 5], [1, 14, 2, 15], [3, 24, 4, 1], [5, 12, 6, 13], [7, 11, 8, 10]]"
12a_0514_71,"[[7, 11, 8, 10], [9, 19, 10, 18], [11, 20, 12, 21], [13, 22, 14, 23], [15, 2, 16, 3], [17, 9, 18, 8], [19, 6, 20, 7], [21, 16, 22, 17], [23, 4, 24, 5], [1, 14, 2, 15], [3, 24, 4, 1], [5, 12, 6, 13]]"
12a_0514_72,"[[6, 13, 7, 14], [8, 12, 9, 11], [10, 20, 11, 19], [12, 21, 13, 22], [14, 23, 15, 24], [16, 3, 17, 4], [18, 10, 19, 9], [20, 7, 21, 8], [22, 17, 23, 18], [24, 5, 1, 6], [2, 15, 3, 16], [4, 1, 5, 2]]"
12a_0514_73,"[[4, 1, 5, 2], [6, 13, 7, 14], [8, 12, 9, 11], [10, 20, 11, 19], [12, 21, 13, 22], [14, 23, 15, 24], [16, 3, 17, 4], [18, 10, 19, 9], [20, 7, 21, 8], [22, 17, 23, 18], [24, 5, 1, 6], [2, 15, 3, 16]]"
12a_0514_74,"[[2, 15, 3, 16], [4, 1, 5, 2], [6, 13, 7, 14], [8, 12, 9, 11], [10, 20, 11, 19], [12, 21, 13, 22], [14, 23, 15, 24], [16, 3, 17, 4], [18, 10, 19, 9], [20, 7, 21, 8], [22, 17, 23, 18], [24, 5, 1, 6]]"
12a_0514_75,"[[24, 5, 1, 6], [2, 15, 3, 16], [4, 1, 5, 2], [6, 13, 7, 14], [8, 12, 9, 11], [10, 20, 11, 19], [12, 21, 13, 22], [14, 23, 15, 24], [16, 3, 17, 4], [18, 10, 19, 9], [20, 7, 21, 8], [22, 17, 23, 18]]"
12a_0514_76,"[[22, 17, 23, 18], [24, 5, 1, 6], [2, 15, 3, 16], [4, 1, 5, 2], [6, 13, 7, 14], [8, 12, 9, 11], [10, 20, 11, 19], [12, 21, 13, 22], [14, 23, 15, 24], [16, 3, 17, 4], [18, 10, 19, 9], [20, 7, 21, 8]]"
12a_0514_77,"[[20, 7, 21, 8], [22, 17, 23, 18], [24, 5, 1, 6], [2, 15, 3, 16], [4, 1, 5, 2], [6, 13, 7, 14], [8, 12, 9, 11], [10, 20, 11, 19], [12, 21, 13, 22], [14, 23, 15, 24], [16, 3, 17, 4], [18, 10, 19, 9]]"
12a_0514_78,"[[18, 10, 19, 9], [20, 7, 21, 8], [22, 17, 23, 18], [24, 5, 1, 6], [2, 15, 3, 16], [4, 1, 5, 2], [6, 13, 7, 14], [8, 12, 9, 11], [10, 20, 11, 19], [12, 21, 13, 22], [14, 23, 15, 24], [16, 3, 17, 4]]"
12a_0514_79,"[[16, 3, 17, 4], [18, 10, 19, 9], [20, 7, 21, 8], [22, 17, 23, 18], [24, 5, 1, 6], [2, 15, 3, 16], [4, 1, 5, 2], [6, 13, 7, 14], [8, 12, 9, 11], [10, 20, 11, 19], [12, 21, 13, 22], [14, 23, 15, 24]]"
12a_0514_80,"[[14, 23, 15, 24], [16, 3, 17, 4], [18, 10, 19, 9], [20, 7, 21, 8], [22, 17, 23, 18], [24, 5, 1, 6], [2, 15, 3, 16], [4, 1, 5, 2], [6, 13, 7, 14], [8, 12, 9, 11], [10, 20, 11, 19], [12, 21, 13, 22]]"
12a_0514_81,"[[12, 21, 13, 22], [14, 23, 15, 24], [16, 3, 17, 4], [18, 10, 19, 9], [20, 7, 21, 8], [22, 17, 23, 18], [24, 5, 1, 6], [2, 15, 3, 16], [4, 1, 5, 2], [6, 13, 7, 14], [8, 12, 9, 11], [10, 20, 11, 19]]"
12a_0514_82,"[[10, 20, 11, 19], [12, 21, 13, 22], [14, 23, 15, 24], [16, 3, 17, 4], [18, 10, 19, 9], [20, 7, 21, 8], [22, 17, 23, 18], [24, 5, 1, 6], [2, 15, 3, 16], [4, 1, 5, 2], [6, 13, 7, 14], [8, 12, 9, 11]]"
12a_0514_83,"[[8, 12, 9, 11], [10, 20, 11, 19], [12, 21, 13, 22], [14, 23, 15, 24], [16, 3, 17, 4], [18, 10, 19, 9], [20, 7, 21, 8], [22, 17, 23, 18], [24, 5, 1, 6], [2, 15, 3, 16], [4, 1, 5, 2], [6, 13, 7, 14]]"
12a_0514_84,"[[7, 14, 8, 15], [9, 13, 10, 12], [11, 21, 12, 20], [13, 22, 14, 23], [15, 24, 16, 1], [17, 4, 18, 5], [19, 11, 20, 10], [21, 8, 22, 9], [23, 18, 24, 19], [1, 6, 2, 7], [3, 16, 4, 17], [5, 2, 6, 3]]"
12a_0514_85,"[[5, 2, 6, 3], [7, 14, 8, 15], [9, 13, 10, 12], [11, 21, 12, 20], [13, 22, 14, 23], [15, 24, 16, 1], [17, 4, 18, 5], [19, 11, 20, 10], [21, 8, 22, 9], [23, 18, 24, 19], [1, 6, 2, 7], [3, 16, 4, 17]]"
12a_0514_86,"[[3, 16, 4, 17], [5, 2, 6, 3], [7, 14, 8, 15], [9, 13, 10, 12], [11, 21, 12, 20], [13, 22, 14, 23], [15, 24, 16, 1], [17, 4, 18, 5], [19, 11, 20, 10], [21, 8, 22, 9], [23, 18, 24, 19], [1, 6, 2, 7]]"
12a_0514_87,"[[1, 6, 2, 7], [3, 16, 4, 17], [5, 2, 6, 3], [7, 14, 8, 15], [9, 13, 10, 12], [11, 21, 12, 20], [13, 22, 14, 23], [15, 24, 16, 1], [17, 4, 18, 5], [19, 11, 20, 10], [21, 8, 22, 9], [23, 18, 24, 19]]"
12a_0514_88,"[[23, 18, 24, 19], [1, 6, 2, 7], [3, 16, 4, 17], [5, 2, 6, 3], [7, 14, 8, 15], [9, 13, 10, 12], [11, 21, 12, 20], [13, 22, 14, 23], [15, 24, 16, 1], [17, 4, 18, 5], [19, 11, 20, 10], [21, 8, 22, 9]]"
12a_0514_89,"[[21, 8, 22, 9], [23, 18, 24, 19], [1, 6, 2, 7], [3, 16, 4, 17], [5, 2, 6, 3], [7, 14, 8, 15], [9, 13, 10, 12], [11, 21, 12, 20], [13, 22, 14, 23], [15, 24, 16, 1], [17, 4, 18, 5], [19, 11, 20, 10]]"
12a_0514_90,"[[19, 11, 20, 10], [21, 8, 22, 9], [23, 18, 24, 19], [1, 6, 2, 7], [3, 16, 4, 17], [5, 2, 6, 3], [7, 14, 8, 15], [9, 13, 10, 12], [11, 21, 12, 20], [13, 22, 14, 23], [15, 24, 16, 1], [17, 4, 18, 5]]"
12a_0514_91,"[[17, 4, 18, 5], [19, 11, 20, 10], [21, 8, 22, 9], [23, 18, 24, 19], [1, 6, 2, 7], [3, 16, 4, 17], [5, 2, 6, 3], [7, 14, 8, 15], [9, 13, 10, 12], [11, 21, 12, 20], [13, 22, 14, 23], [15, 24, 16, 1]]"
12a_0514_92,"[[15, 24, 16, 1], [17, 4, 18, 5], [19, 11, 20, 10], [21, 8, 22, 9], [23, 18, 24, 19], [1, 6, 2, 7], [3, 16, 4, 17], [5, 2, 6, 3], [7, 14, 8, 15], [9, 13, 10, 12], [11, 21, 12, 20], [13, 22, 14, 23]]"
12a_0514_93,"[[13, 22, 14, 23], [15, 24, 16, 1], [17, 4, 18, 5], [19, 11, 20, 10], [21, 8, 22, 9], [23, 18, 24, 19], [1, 6, 2, 7], [3, 16, 4, 17], [5, 2, 6, 3], [7, 14, 8, 15], [9, 13, 10, 12], [11, 21, 12, 20]]"
12a_0514_94,"[[11, 21, 12, 20], [13, 22, 14, 23], [15, 24, 16, 1], [17, 4, 18, 5], [19, 11, 20, 10], [21, 8, 22, 9], [23, 18, 24, 19], [1, 6, 2, 7], [3, 16, 4, 17], [5, 2, 6, 3], [7, 14, 8, 15], [9, 13, 10, 12]]"
12a_0514_95,"[[9, 13, 10, 12], [11, 21, 12, 20], [13, 22, 14, 23], [15, 24, 16, 1], [17, 4, 18, 5], [19, 11, 20, 10], [21, 8, 22, 9], [23, 18, 24, 19], [1, 6, 2, 7], [3, 16, 4, 17], [5, 2, 6, 3], [7, 14, 8, 15]]"
12a_0514_96,"[[8, 15, 9, 16], [10, 14, 11, 13], [12, 22, 13, 21], [14, 23, 15, 24], [16, 1, 17, 2], [18, 5, 19, 6], [20, 12, 21, 11], [22, 9, 23, 10], [24, 19, 1, 20], [2, 7, 3, 8], [4, 17, 5, 18], [6, 3, 7, 4]]"
12a_0514_97,"[[6, 3, 7, 4], [8, 15, 9, 16], [10, 14, 11, 13], [12, 22, 13, 21], [14, 23, 15, 24], [16, 1, 17, 2], [18, 5, 19, 6], [20, 12, 21, 11], [22, 9, 23, 10], [24, 19, 1, 20], [2, 7, 3, 8], [4, 17, 5, 18]]"
12a_0514_98,"[[4, 17, 5, 18], [6, 3, 7, 4], [8, 15, 9, 16], [10, 14, 11, 13], [12, 22, 13, 21], [14, 23, 15, 24], [16, 1, 17, 2], [18, 5, 19, 6], [20, 12, 21, 11], [22, 9, 23, 10], [24, 19, 1, 20], [2, 7, 3, 8]]"
12a_0514_99,"[[2, 7, 3, 8], [4, 17, 5, 18], [6, 3, 7, 4], [8, 15, 9, 16], [10, 14, 11, 13], [12, 22, 13, 21], [14, 23, 15, 24], [16, 1, 17, 2], [18, 5, 19, 6], [20, 12, 21, 11], [22, 9, 23, 10], [24, 19, 1, 20]]"
12a_0514_100,"[[24, 19, 1, 20], [2, 7, 3, 8], [4, 17, 5, 18], [6, 3, 7, 4], [8, 15, 9, 16], [10, 14, 11, 13], [12, 22, 13, 21], [14, 23, 15, 24], [16, 1, 17, 2], [18, 5, 19, 6], [20, 12, 21, 11], [22, 9, 23, 10]]"
12a_0514_101,"[[22, 9, 23, 10], [24, 19, 1, 20], [2, 7, 3, 8], [4, 17, 5, 18], [6, 3, 7, 4], [8, 15, 9, 16], [10, 14, 11, 13], [12, 22, 13, 21], [14, 23, 15, 24], [16, 1, 17, 2], [18, 5, 19, 6], [20, 12, 21, 11]]"
12a_0514_102,"[[20, 12, 21, 11], [22, 9, 23, 10], [24, 19, 1, 20], [2, 7, 3, 8], [4, 17, 5, 18], [6, 3, 7, 4], [8, 15, 9, 16], [10, 14, 11, 13], [12, 22, 13, 21], [14, 23, 15, 24], [16, 1, 17, 2], [18, 5, 19, 6]]"
12a_0514_103,"[[18, 5, 19, 6], [20, 12, 21, 11], [22, 9, 23, 10], [24, 19, 1, 20], [2, 7, 3, 8], [4, 17, 5, 18], [6, 3, 7, 4], [8, 15, 9, 16], [10, 14, 11, 13], [12, 22, 13, 21], [14, 23, 15, 24], [16, 1, 17, 2]]"
12a_0514_104,"[[16, 1, 17, 2], [18, 5, 19, 6], [20, 12, 21, 11], [22, 9, 23, 10], [24, 19, 1, 20], [2, 7, 3, 8], [4, 17, 5, 18], [6, 3, 7, 4], [8, 15, 9, 16], [10, 14, 11, 13], [12, 22, 13, 21], [14, 23, 15, 24]]"
12a_0514_105,"[[14, 23, 15, 24], [16, 1, 17, 2], [18, 5, 19, 6], [20, 12, 21, 11], [22, 9, 23, 10], [24, 19, 1, 20], [2, 7, 3, 8], [4, 17, 5, 18], [6, 3, 7, 4], [8, 15, 9, 16], [10, 14, 11, 13], [12, 22, 13, 21]]"
12a_0514_106,"[[12, 22, 13, 21], [14, 23, 15, 24], [16, 1, 17, 2], [18, 5, 19, 6], [20, 12, 21, 11], [22, 9, 23, 10], [24, 19, 1, 20], [2, 7, 3, 8], [4, 17, 5, 18], [6, 3, 7, 4], [8, 15, 9, 16], [10, 14, 11, 13]]"
12a_0514_107,"[[10, 14, 11, 13], [12, 22, 13, 21], [14, 23, 15, 24], [16, 1, 17, 2], [18, 5, 19, 6], [20, 12, 21, 11], [22, 9, 23, 10], [24, 19, 1, 20], [2, 7, 3, 8], [4, 17, 5, 18], [6, 3, 7, 4], [8, 15, 9, 16]]"
12a_0514_108,"[[9, 16, 10, 17], [11, 15, 12, 14], [13, 23, 14, 22], [15, 24, 16, 1], [17, 2, 18, 3], [19, 6, 20, 7], [21, 13, 22, 12], [23, 10, 24, 11], [1, 20, 2, 21], [3, 8, 4, 9], [5, 18, 6, 19], [7, 4, 8, 5]]"
12a_0514_109,"[[7, 4, 8, 5], [9, 16, 10, 17], [11, 15, 12, 14], [13, 23, 14, 22], [15, 24, 16, 1], [17, 2, 18, 3], [19, 6, 20, 7], [21, 13, 22, 12], [23, 10, 24, 11], [1, 20, 2, 21], [3, 8, 4, 9], [5, 18, 6, 19]]"
12a_0514_110,"[[5, 18, 6, 19], [7, 4, 8, 5], [9, 16, 10, 17], [11, 15, 12, 14], [13, 23, 14, 22], [15, 24, 16, 1], [17, 2, 18, 3], [19, 6, 20, 7], [21, 13, 22, 12], [23, 10, 24, 11], [1, 20, 2, 21], [3, 8, 4, 9]]"
12a_0514_111,"[[3, 8, 4, 9], [5, 18, 6, 19], [7, 4, 8, 5], [9, 16, 10, 17], [11, 15, 12, 14], [13, 23, 14, 22], [15, 24, 16, 1], [17, 2, 18, 3], [19, 6, 20, 7], [21, 13, 22, 12], [23, 10, 24, 11], [1, 20, 2, 21]]"
12a_0514_112,"[[1, 20, 2, 21], [3, 8, 4, 9], [5, 18, 6, 19], [7, 4, 8, 5], [9, 16, 10, 17], [11, 15, 12, 14], [13, 23, 14, 22], [15, 24, 16, 1], [17, 2, 18, 3], [19, 6, 20, 7], [21, 13, 22, 12], [23, 10, 24, 11]]"
12a_0514_113,"[[23, 10, 24, 11], [1, 20, 2, 21], [3, 8, 4, 9], [5, 18, 6, 19], [7, 4, 8, 5], [9, 16, 10, 17], [11, 15, 12, 14], [13, 23, 14, 22], [15, 24, 16, 1], [17, 2, 18, 3], [19, 6, 20, 7], [21, 13, 22, 12]]"
12a_0514_114,"[[21, 13, 22, 12], [23, 10, 24, 11], [1, 20, 2, 21], [3, 8, 4, 9], [5, 18, 6, 19], [7, 4, 8, 5], [9, 16, 10, 17], [11, 15, 12, 14], [13, 23, 14, 22], [15, 24, 16, 1], [17, 2, 18, 3], [19, 6, 20, 7]]"
12a_0514_115,"[[19, 6, 20, 7], [21, 13, 22, 12], [23, 10, 24, 11], [1, 20, 2, 21], [3, 8, 4, 9], [5, 18, 6, 19], [7, 4, 8, 5], [9, 16, 10, 17], [11, 15, 12, 14], [13, 23, 14, 22], [15, 24, 16, 1], [17, 2, 18, 3]]"
12a_0514_116,"[[17, 2, 18, 3], [19, 6, 20, 7], [21, 13, 22, 12], [23, 10, 24, 11], [1, 20, 2, 21], [3, 8, 4, 9], [5, 18, 6, 19], [7, 4, 8, 5], [9, 16, 10, 17], [11, 15, 12, 14], [13, 23, 14, 22], [15, 24, 16, 1]]"
12a_0514_117,"[[15, 24, 16, 1], [17, 2, 18, 3], [19, 6, 20, 7], [21, 13, 22, 12], [23, 10, 24, 11], [1, 20, 2, 21], [3, 8, 4, 9], [5, 18, 6, 19], [7, 4, 8, 5], [9, 16, 10, 17], [11, 15, 12, 14], [13, 23, 14, 22]]"
12a_0514_118,"[[13, 23, 14, 22], [15, 24, 16, 1], [17, 2, 18, 3], [19, 6, 20, 7], [21, 13, 22, 12], [23, 10, 24, 11], [1, 20, 2, 21], [3, 8, 4, 9], [5, 18, 6, 19], [7, 4, 8, 5], [9, 16, 10, 17], [11, 15, 12, 14]]"
12a_0514_119,"[[11, 15, 12, 14], [13, 23, 14, 22], [15, 24, 16, 1], [17, 2, 18, 3], [19, 6, 20, 7], [21, 13, 22, 12], [23, 10, 24, 11], [1, 20, 2, 21], [3, 8, 4, 9], [5, 18, 6, 19], [7, 4, 8, 5], [9, 16, 10, 17]]"
12a_0514_120,"[[10, 17, 11, 18], [12, 16, 13, 15], [14, 24, 15, 23], [16, 1, 17, 2], [18, 3, 19, 4], [20, 7, 21, 8], [22, 14, 23, 13], [24, 11, 1, 12], [2, 21, 3, 22], [4, 9, 5, 10], [6, 19, 7, 20], [8, 5, 9, 6]]"
12a_0514_121,"[[8, 5, 9, 6], [10, 17, 11, 18], [12, 16, 13, 15], [14, 24, 15, 23], [16, 1, 17, 2], [18, 3, 19, 4], [20, 7, 21, 8], [22, 14, 23, 13], [24, 11, 1, 12], [2, 21, 3, 22], [4, 9, 5, 10], [6, 19, 7, 20]]"
12a_0514_122,"[[6, 19, 7, 20], [8, 5, 9, 6], [10, 17, 11, 18], [12, 16, 13, 15], [14, 24, 15, 23], [16, 1, 17, 2], [18, 3, 19, 4], [20, 7, 21, 8], [22, 14, 23, 13], [24, 11, 1, 12], [2, 21, 3, 22], [4, 9, 5, 10]]"
12a_0514_123,"[[4, 9, 5, 10], [6, 19, 7, 20], [8, 5, 9, 6], [10, 17, 11, 18], [12, 16, 13, 15], [14, 24, 15, 23], [16, 1, 17, 2], [18, 3, 19, 4], [20, 7, 21, 8], [22, 14, 23, 13], [24, 11, 1, 12], [2, 21, 3, 22]]"
12a_0514_124,"[[2, 21, 3, 22], [4, 9, 5, 10], [6, 19, 7, 20], [8, 5, 9, 6], [10, 17, 11, 18], [12, 16, 13, 15], [14, 24, 15, 23], [16, 1, 17, 2], [18, 3, 19, 4], [20, 7, 21, 8], [22, 14, 23, 13], [24, 11, 1, 12]]"
12a_0514_125,"[[24, 11, 1, 12], [2, 21, 3, 22], [4, 9, 5, 10], [6, 19, 7, 20], [8, 5, 9, 6], [10, 17, 11, 18], [12, 16, 13, 15], [14, 24, 15, 23], [16, 1, 17, 2], [18, 3, 19, 4], [20, 7, 21, 8], [22, 14, 23, 13]]"
12a_0514_126,"[[22, 14, 23, 13], [24, 11, 1, 12], [2, 21, 3, 22], [4, 9, 5, 10], [6, 19, 7, 20], [8, 5, 9, 6], [10, 17, 11, 18], [12, 16, 13, 15], [14, 24, 15, 23], [16, 1, 17, 2], [18, 3, 19, 4], [20, 7, 21, 8]]"
12a_0514_127,"[[20, 7, 21, 8], [22, 14, 23, 13], [24, 11, 1, 12], [2, 21, 3, 22], [4, 9, 5, 10], [6, 19, 7, 20], [8, 5, 9, 6], [10, 17, 11, 18], [12, 16, 13, 15], [14, 24, 15, 23], [16, 1, 17, 2], [18, 3, 19, 4]]"
12a_0514_128,"[[18, 3, 19, 4], [20, 7, 21, 8], [22, 14, 23, 13], [24, 11, 1, 12], [2, 21, 3, 22], [4, 9, 5, 10], [6, 19, 7, 20], [8, 5, 9, 6], [10, 17, 11, 18], [12, 16, 13, 15], [14, 24, 15, 23], [16, 1, 17, 2]]"
12a_0514_129,"[[16, 1, 17, 2], [18, 3, 19, 4], [20, 7, 21, 8], [22, 14, 23, 13], [24, 11, 1, 12], [2, 21, 3, 22], [4, 9, 5, 10], [6, 19, 7, 20], [8, 5, 9, 6], [10, 17, 11, 18], [12, 16, 13, 15], [14, 24, 15, 23]]"
12a_0514_130,"[[14, 24, 15, 23], [16, 1, 17, 2], [18, 3, 19, 4], [20, 7, 21, 8], [22, 14, 23, 13], [24, 11, 1, 12], [2, 21, 3, 22], [4, 9, 5, 10], [6, 19, 7, 20], [8, 5, 9, 6], [10, 17, 11, 18], [12, 16, 13, 15]]"
12a_0514_131,"[[12, 16, 13, 15], [14, 24, 15, 23], [16, 1, 17, 2], [18, 3, 19, 4], [20, 7, 21, 8], [22, 14, 23, 13], [24, 11, 1, 12], [2, 21, 3, 22], [4, 9, 5, 10], [6, 19, 7, 20], [8, 5, 9, 6], [10, 17, 11, 18]]"
12a_0514_132,"[[11, 18, 12, 19], [13, 17, 14, 16], [15, 1, 16, 24], [17, 2, 18, 3], [19, 4, 20, 5], [21, 8, 22, 9], [23, 15, 24, 14], [1, 12, 2, 13], [3, 22, 4, 23], [5, 10, 6, 11], [7, 20, 8, 21], [9, 6, 10, 7]]"
12a_0514_133,"[[9, 6, 10, 7], [11, 18, 12, 19], [13, 17, 14, 16], [15, 1, 16, 24], [17, 2, 18, 3], [19, 4, 20, 5], [21, 8, 22, 9], [23, 15, 24, 14], [1, 12, 2, 13], [3, 22, 4, 23], [5, 10, 6, 11], [7, 20, 8, 21]]"
12a_0514_134,"[[7, 20, 8, 21], [9, 6, 10, 7], [11, 18, 12, 19], [13, 17, 14, 16], [15, 1, 16, 24], [17, 2, 18, 3], [19, 4, 20, 5], [21, 8, 22, 9], [23, 15, 24, 14], [1, 12, 2, 13], [3, 22, 4, 23], [5, 10, 6, 11]]"
12a_0514_135,"[[5, 10, 6, 11], [7, 20, 8, 21], [9, 6, 10, 7], [11, 18, 12, 19], [13, 17, 14, 16], [15, 1, 16, 24], [17, 2, 18, 3], [19, 4, 20, 5], [21, 8, 22, 9], [23, 15, 24, 14], [1, 12, 2, 13], [3, 22, 4, 23]]"
12a_0514_136,"[[3, 22, 4, 23], [5, 10, 6, 11], [7, 20, 8, 21], [9, 6, 10, 7], [11, 18, 12, 19], [13, 17, 14, 16], [15, 1, 16, 24], [17, 2, 18, 3], [19, 4, 20, 5], [21, 8, 22, 9], [23, 15, 24, 14], [1, 12, 2, 13]]"
12a_0514_137,"[[1, 12, 2, 13], [3, 22, 4, 23], [5, 10, 6, 11], [7, 20, 8, 21], [9, 6, 10, 7], [11, 18, 12, 19], [13, 17, 14, 16], [15, 1, 16, 24], [17, 2, 18, 3], [19, 4, 20, 5], [21, 8, 22, 9], [23, 15, 24, 14]]"
12a_0514_138,"[[23, 15, 24, 14], [1, 12, 2, 13], [3, 22, 4, 23], [5, 10, 6, 11], [7, 20, 8, 21], [9, 6, 10, 7], [11, 18, 12, 19], [13, 17, 14, 16], [15, 1, 16, 24], [17, 2, 18, 3], [19, 4, 20, 5], [21, 8, 22, 9]]"
12a_0514_139,"[[21, 8, 22, 9], [23, 15, 24, 14], [1, 12, 2, 13], [3, 22, 4, 23], [5, 10, 6, 11], [7, 20, 8, 21], [9, 6, 10, 7], [11, 18, 12, 19], [13, 17, 14, 16], [15, 1, 16, 24], [17, 2, 18, 3], [19, 4, 20, 5]]"
12a_0514_140,"[[19, 4, 20, 5], [21, 8, 22, 9], [23, 15, 24, 14], [1, 12, 2, 13], [3, 22, 4, 23], [5, 10, 6, 11], [7, 20, 8, 21], [9, 6, 10, 7], [11, 18, 12, 19], [13, 17, 14, 16], [15, 1, 16, 24], [17, 2, 18, 3]]"
12a_0514_141,"[[17, 2, 18, 3], [19, 4, 20, 5], [21, 8, 22, 9], [23, 15, 24, 14], [1, 12, 2, 13], [3, 22, 4, 23], [5, 10, 6, 11], [7, 20, 8, 21], [9, 6, 10, 7], [11, 18, 12, 19], [13, 17, 14, 16], [15, 1, 16, 24]]"
12a_0514_142,"[[15, 1, 16, 24], [17, 2, 18, 3], [19, 4, 20, 5], [21, 8, 22, 9], [23, 15, 24, 14], [1, 12, 2, 13], [3, 22, 4, 23], [5, 10, 6, 11], [7, 20, 8, 21], [9, 6, 10, 7], [11, 18, 12, 19], [13, 17, 14, 16]]"
12a_0514_143,"[[13, 17, 14, 16], [15, 1, 16, 24], [17, 2, 18, 3], [19, 4, 20, 5], [21, 8, 22, 9], [23, 15, 24, 14], [1, 12, 2, 13], [3, 22, 4, 23], [5, 10, 6, 11], [7, 20, 8, 21], [9, 6, 10, 7], [11, 18, 12, 19]]"
12a_0514_144,"[[12, 19, 13, 20], [14, 18, 15, 17], [16, 2, 17, 1], [18, 3, 19, 4], [20, 5, 21, 6], [22, 9, 23, 10], [24, 16, 1, 15], [2, 13, 3, 14], [4, 23, 5, 24], [6, 11, 7, 12], [8, 21, 9, 22], [10, 7, 11, 8]]"
12a_0514_145,"[[10, 7, 11, 8], [12, 19, 13, 20], [14, 18, 15, 17], [16, 2, 17, 1], [18, 3, 19, 4], [20, 5, 21, 6], [22, 9, 23, 10], [24, 16, 1, 15], [2, 13, 3, 14], [4, 23, 5, 24], [6, 11, 7, 12], [8, 21, 9, 22]]"
12a_0514_146,"[[8, 21, 9, 22], [10, 7, 11, 8], [12, 19, 13, 20], [14, 18, 15, 17], [16, 2, 17, 1], [18, 3, 19, 4], [20, 5, 21, 6], [22, 9, 23, 10], [24, 16, 1, 15], [2, 13, 3, 14], [4, 23, 5, 24], [6, 11, 7, 12]]"
12a_0514_147,"[[6, 11, 7, 12], [8, 21, 9, 22], [10, 7, 11, 8], [12, 19, 13, 20], [14, 18, 15, 17], [16, 2, 17, 1], [18, 3, 19, 4], [20, 5, 21, 6], [22, 9, 23, 10], [24, 16, 1, 15], [2, 13, 3, 14], [4, 23, 5, 24]]"
12a_0514_148,"[[4, 23, 5, 24], [6, 11, 7, 12], [8, 21, 9, 22], [10, 7, 11, 8], [12, 19, 13, 20], [14, 18, 15, 17], [16, 2, 17, 1], [18, 3, 19, 4], [20, 5, 21, 6], [22, 9, 23, 10], [24, 16, 1, 15], [2, 13, 3, 14]]"
12a_0514_149,"[[2, 13, 3, 14], [4, 23, 5, 24], [6, 11, 7, 12], [8, 21, 9, 22], [10, 7, 11, 8], [12, 19, 13, 20], [14, 18, 15, 17], [16, 2, 17, 1], [18, 3, 19, 4], [20, 5, 21, 6], [22, 9, 23, 10], [24, 16, 1, 15]]"
12a_0514_150,"[[24, 16, 1, 15], [2, 13, 3, 14], [4, 23, 5, 24], [6, 11, 7, 12], [8, 21, 9, 22], [10, 7, 11, 8], [12, 19, 13, 20], [14, 18, 15, 17], [16, 2, 17, 1], [18, 3, 19, 4], [20, 5, 21, 6], [22, 9, 23, 10]]"
12a_0514_151,"[[22, 9, 23, 10], [24, 16, 1, 15], [2, 13, 3, 14], [4, 23, 5, 24], [6, 11, 7, 12], [8, 21, 9, 22], [10, 7, 11, 8], [12, 19, 13, 20], [14, 18, 15, 17], [16, 2, 17, 1], [18, 3, 19, 4], [20, 5, 21, 6]]"
12a_0514_152,"[[20, 5, 21, 6], [22, 9, 23, 10], [24, 16, 1, 15], [2, 13, 3, 14], [4, 23, 5, 24], [6, 11, 7, 12], [8, 21, 9, 22], [10, 7, 11, 8], [12, 19, 13, 20], [14, 18, 15, 17], [16, 2, 17, 1], [18, 3, 19, 4]]"
12a_0514_153,"[[18, 3, 19, 4], [20, 5, 21, 6], [22, 9, 23, 10], [24, 16, 1, 15], [2, 13, 3, 14], [4, 23, 5, 24], [6, 11, 7, 12], [8, 21, 9, 22], [10, 7, 11, 8], [12, 19, 13, 20], [14, 18, 15, 17], [16, 2, 17, 1]]"
12a_0514_154,"[[16, 2, 17, 1], [18, 3, 19, 4], [20, 5, 21, 6], [22, 9, 23, 10], [24, 16, 1, 15], [2, 13, 3, 14], [4, 23, 5, 24], [6, 11, 7, 12], [8, 21, 9, 22], [10, 7, 11, 8], [12, 19, 13, 20], [14, 18, 15, 17]]"
12a_0514_155,"[[14, 18, 15, 17], [16, 2, 17, 1], [18, 3, 19, 4], [20, 5, 21, 6], [22, 9, 23, 10], [24, 16, 1, 15], [2, 13, 3, 14], [4, 23, 5, 24], [6, 11, 7, 12], [8, 21, 9, 22], [10, 7, 11, 8], [12, 19, 13, 20]]"
12a_0514_156,"[[13, 20, 14, 21], [15, 19, 16, 18], [17, 3, 18, 2], [19, 4, 20, 5], [21, 6, 22, 7], [23, 10, 24, 11], [1, 17, 2, 16], [3, 14, 4, 15], [5, 24, 6, 1], [7, 12, 8, 13], [9, 22, 10, 23], [11, 8, 12, 9]]"
12a_0514_157,"[[11, 8, 12, 9], [13, 20, 14, 21], [15, 19, 16, 18], [17, 3, 18, 2], [19, 4, 20, 5], [21, 6, 22, 7], [23, 10, 24, 11], [1, 17, 2, 16], [3, 14, 4, 15], [5, 24, 6, 1], [7, 12, 8, 13], [9, 22, 10, 23]]"
12a_0514_158,"[[9, 22, 10, 23], [11, 8, 12, 9], [13, 20, 14, 21], [15, 19, 16, 18], [17, 3, 18, 2], [19, 4, 20, 5], [21, 6, 22, 7], [23, 10, 24, 11], [1, 17, 2, 16], [3, 14, 4, 15], [5, 24, 6, 1], [7, 12, 8, 13]]"
12a_0514_159,"[[7, 12, 8, 13], [9, 22, 10, 23], [11, 8, 12, 9], [13, 20, 14, 21], [15, 19, 16, 18], [17, 3, 18, 2], [19, 4, 20, 5], [21, 6, 22, 7], [23, 10, 24, 11], [1, 17, 2, 16], [3, 14, 4, 15], [5, 24, 6, 1]]"
12a_0514_160,"[[5, 24, 6, 1], [7, 12, 8, 13], [9, 22, 10, 23], [11, 8, 12, 9], [13, 20, 14, 21], [15, 19, 16, 18], [17, 3, 18, 2], [19, 4, 20, 5], [21, 6, 22, 7], [23, 10, 24, 11], [1, 17, 2, 16], [3, 14, 4, 15]]"
12a_0514_161,"[[3, 14, 4, 15], [5, 24, 6, 1], [7, 12, 8, 13], [9, 22, 10, 23], [11, 8, 12, 9], [13, 20, 14, 21], [15, 19, 16, 18], [17, 3, 18, 2], [19, 4, 20, 5], [21, 6, 22, 7], [23, 10, 24, 11], [1, 17, 2, 16]]"
12a_0514_162,"[[1, 17, 2, 16], [3, 14, 4, 15], [5, 24, 6, 1], [7, 12, 8, 13], [9, 22, 10, 23], [11, 8, 12, 9], [13, 20, 14, 21], [15, 19, 16, 18], [17, 3, 18, 2], [19, 4, 20, 5], [21, 6, 22, 7], [23, 10, 24, 11]]"
12a_0514_163,"[[23, 10, 24, 11], [1, 17, 2, 16], [3, 14, 4, 15], [5, 24, 6, 1], [7, 12, 8, 13], [9, 22, 10, 23], [11, 8, 12, 9], [13, 20, 14, 21], [15, 19, 16, 18], [17, 3, 18, 2], [19, 4, 20, 5], [21, 6, 22, 7]]"
12a_0514_164,"[[21, 6, 22, 7], [23, 10, 24, 11], [1, 17, 2, 16], [3, 14, 4, 15], [5, 24, 6, 1], [7, 12, 8, 13], [9, 22, 10, 23], [11, 8, 12, 9], [13, 20, 14, 21], [15, 19, 16, 18], [17, 3, 18, 2], [19, 4, 20, 5]]"
12a_0514_165,"[[19, 4, 20, 5], [21, 6, 22, 7], [23, 10, 24, 11], [1, 17, 2, 16], [3, 14, 4, 15], [5, 24, 6, 1], [7, 12, 8, 13], [9, 22, 10, 23], [11, 8, 12, 9], [13, 20, 14, 21], [15, 19, 16, 18], [17, 3, 18, 2]]"
12a_0514_166,"[[17, 3, 18, 2], [19, 4, 20, 5], [21, 6, 22, 7], [23, 10, 24, 11], [1, 17, 2, 16], [3, 14, 4, 15], [5, 24, 6, 1], [7, 12, 8, 13], [9, 22, 10, 23], [11, 8, 12, 9], [13, 20, 14, 21], [15, 19, 16, 18]]"
12a_0514_167,"[[15, 19, 16, 18], [17, 3, 18, 2], [19, 4, 20, 5], [21, 6, 22, 7], [23, 10, 24, 11], [1, 17, 2, 16], [3, 14, 4, 15], [5, 24, 6, 1], [7, 12, 8, 13], [9, 22, 10, 23], [11, 8, 12, 9], [13, 20, 14, 21]]"
12a_0514_168,"[[14, 21, 15, 22], [16, 20, 17, 19], [18, 4, 19, 3], [20, 5, 21, 6], [22, 7, 23, 8], [24, 11, 1, 12], [2, 18, 3, 17], [4, 15, 5, 16], [6, 1, 7, 2], [8, 13, 9, 14], [10, 23, 11, 24], [12, 9, 13, 10]]"
12a_0514_169,"[[12, 9, 13, 10], [14, 21, 15, 22], [16, 20, 17, 19], [18, 4, 19, 3], [20, 5, 21, 6], [22, 7, 23, 8], [24, 11, 1, 12], [2, 18, 3, 17], [4, 15, 5, 16], [6, 1, 7, 2], [8, 13, 9, 14], [10, 23, 11, 24]]"
12a_0514_170,"[[10, 23, 11, 24], [12, 9, 13, 10], [14, 21, 15, 22], [16, 20, 17, 19], [18, 4, 19, 3], [20, 5, 21, 6], [22, 7, 23, 8], [24, 11, 1, 12], [2, 18, 3, 17], [4, 15, 5, 16], [6, 1, 7, 2], [8, 13, 9, 14]]"
12a_0514_171,"[[8, 13, 9, 14], [10, 23, 11, 24], [12, 9, 13, 10], [14, 21, 15, 22], [16, 20, 17, 19], [18, 4, 19, 3], [20, 5, 21, 6], [22, 7, 23, 8], [24, 11, 1, 12], [2, 18, 3, 17], [4, 15, 5, 16], [6, 1, 7, 2]]"
12a_0514_172,"[[6, 1, 7, 2], [8, 13, 9, 14], [10, 23, 11, 24], [12, 9, 13, 10], [14, 21, 15, 22], [16, 20, 17, 19], [18, 4, 19, 3], [20, 5, 21, 6], [22, 7, 23, 8], [24, 11, 1, 12], [2, 18, 3, 17], [4, 15, 5, 16]]"
12a_0514_173,"[[4, 15, 5, 16], [6, 1, 7, 2], [8, 13, 9, 14], [10, 23, 11, 24], [12, 9, 13, 10], [14, 21, 15, 22], [16, 20, 17, 19], [18, 4, 19, 3], [20, 5, 21, 6], [22, 7, 23, 8], [24, 11, 1, 12], [2, 18, 3, 17]]"
12a_0514_174,"[[2, 18, 3, 17], [4, 15, 5, 16], [6, 1, 7, 2], [8, 13, 9, 14], [10, 23, 11, 24], [12, 9, 13, 10], [14, 21, 15, 22], [16, 20, 17, 19], [18, 4, 19, 3], [20, 5, 21, 6], [22, 7, 23, 8], [24, 11, 1, 12]]"
12a_0514_175,"[[24, 11, 1, 12], [2, 18, 3, 17], [4, 15, 5, 16], [6, 1, 7, 2], [8, 13, 9, 14], [10, 23, 11, 24], [12, 9, 13, 10], [14, 21, 15, 22], [16, 20, 17, 19], [18, 4, 19, 3], [20, 5, 21, 6], [22, 7, 23, 8]]"
12a_0514_176,"[[22, 7, 23, 8], [24, 11, 1, 12], [2, 18, 3, 17], [4, 15, 5, 16], [6, 1, 7, 2], [8, 13, 9, 14], [10, 23, 11, 24], [12, 9, 13, 10], [14, 21, 15, 22], [16, 20, 17, 19], [18, 4, 19, 3], [20, 5, 21, 6]]"
12a_0514_177,"[[20, 5, 21, 6], [22, 7, 23, 8], [24, 11, 1, 12], [2, 18, 3, 17], [4, 15, 5, 16], [6, 1, 7, 2], [8, 13, 9, 14], [10, 23, 11, 24], [12, 9, 13, 10], [14, 21, 15, 22], [16, 20, 17, 19], [18, 4, 19, 3]]"
12a_0514_178,"[[18, 4, 19, 3], [20, 5, 21, 6], [22, 7, 23, 8], [24, 11, 1, 12], [2, 18, 3, 17], [4, 15, 5, 16], [6, 1, 7, 2], [8, 13, 9, 14], [10, 23, 11, 24], [12, 9, 13, 10], [14, 21, 15, 22], [16, 20, 17, 19]]"
12a_0514_179,"[[16, 20, 17, 19], [18, 4, 19, 3], [20, 5, 21, 6], [22, 7, 23, 8], [24, 11, 1, 12], [2, 18, 3, 17], [4, 15, 5, 16], [6, 1, 7, 2], [8, 13, 9, 14], [10, 23, 11, 24], [12, 9, 13, 10], [14, 21, 15, 22]]"
12a_0514_180,"[[15, 22, 16, 23], [17, 21, 18, 20], [19, 5, 20, 4], [21, 6, 22, 7], [23, 8, 24, 9], [1, 12, 2, 13], [3, 19, 4, 18], [5, 16, 6, 17], [7, 2, 8, 3], [9, 14, 10, 15], [11, 24, 12, 1], [13, 10, 14, 11]]"
12a_0514_181,"[[13, 10, 14, 11], [15, 22, 16, 23], [17, 21, 18, 20], [19, 5, 20, 4], [21, 6, 22, 7], [23, 8, 24, 9], [1, 12, 2, 13], [3, 19, 4, 18], [5, 16, 6, 17], [7, 2, 8, 3], [9, 14, 10, 15], [11, 24, 12, 1]]"
12a_0514_182,"[[11, 24, 12, 1], [13, 10, 14, 11], [15, 22, 16, 23], [17, 21, 18, 20], [19, 5, 20, 4], [21, 6, 22, 7], [23, 8, 24, 9], [1, 12, 2, 13], [3, 19, 4, 18], [5, 16, 6, 17], [7, 2, 8, 3], [9, 14, 10, 15]]"
12a_0514_183,"[[9, 14, 10, 15], [11, 24, 12, 1], [13, 10, 14, 11], [15, 22, 16, 23], [17, 21, 18, 20], [19, 5, 20, 4], [21, 6, 22, 7], [23, 8, 24, 9], [1, 12, 2, 13], [3, 19, 4, 18], [5, 16, 6, 17], [7, 2, 8, 3]]"
12a_0514_184,"[[7, 2, 8, 3], [9, 14, 10, 15], [11, 24, 12, 1], [13, 10, 14, 11], [15, 22, 16, 23], [17, 21, 18, 20], [19, 5, 20, 4], [21, 6, 22, 7], [23, 8, 24, 9], [1, 12, 2, 13], [3, 19, 4, 18], [5, 16, 6, 17]]"
12a_0514_185,"[[5, 16, 6, 17], [7, 2, 8, 3], [9, 14, 10, 15], [11, 24, 12, 1], [13, 10, 14, 11], [15, 22, 16, 23], [17, 21, 18, 20], [19, 5, 20, 4], [21, 6, 22, 7], [23, 8, 24, 9], [1, 12, 2, 13], [3, 19, 4, 18]]"
