name,pd_notation
12a_1273_0,"[[24, 14, 1, 13], [2, 10, 3, 9], [4, 15, 5, 16], [6, 17, 7, 18], [8, 19, 9, 20], [10, 22, 11, 21], [12, 24, 13, 23], [14, 2, 15, 1], [16, 5, 17, 6], [18, 7, 19, 8], [20, 3, 21, 4], [22, 12, 23, 11]]"
12a_1273_1,"[[22, 12, 23, 11], [24, 14, 1, 13], [2, 10, 3, 9], [4, 15, 5, 16], [6, 17, 7, 18], [8, 19, 9, 20], [10, 22, 11, 21], [12, 24, 13, 23], [14, 2, 15, 1], [16, 5, 17, 6], [18, 7, 19, 8], [20, 3, 21, 4]]"
12a_1273_2,"[[20, 3, 21, 4], [22, 12, 23, 11], [24, 14, 1, 13], [2, 10, 3, 9], [4, 15, 5, 16], [6, 17, 7, 18], [8, 19, 9, 20], [10, 22, 11, 21], [12, 24, 13, 23], [14, 2, 15, 1], [16, 5, 17, 6], [18, 7, 19, 8]]"
12a_1273_3,"[[18, 7, 19, 8], [20, 3, 21, 4], [22, 12, 23, 11], [24, 14, 1, 13], [2, 10, 3, 9], [4, 15, 5, 16], [6, 17, 7, 18], [8, 19, 9, 20], [10, 22, 11, 21], [12, 24, 13, 23], [14, 2, 15, 1], [16, 5, 17, 6]]"
12a_1273_4,"[[16, 5, 17, 6], [18, 7, 19, 8], [20, 3, 21, 4], [22, 12, 23, 11], [24, 14, 1, 13], [2, 10, 3, 9], [4, 15, 5, 16], [6, 17, 7, 18], [8, 19, 9, 20], [10, 22, 11, 21], [12, 24, 13, 23], [14, 2, 15, 1]]"
12a_1273_5,"[[14, 2, 15, 1], [16, 5, 17, 6], [18, 7, 19, 8], [20, 3, 21, 4], [22, 12, 23, 11], [24, 14, 1, 13], [2, 10, 3, 9], [4, 15, 5, 16], [6, 17, 7, 18], [8, 19, 9, 20], [10, 22, 11, 21], [12, 24, 13, 23]]"
12a_1273_6,"[[12, 24, 13, 23], [14, 2, 15, 1], [16, 5, 17, 6], [18, 7, 19, 8], [20, 3, 21, 4], [22, 12, 23, 11], [24, 14, 1, 13], [2, 10, 3, 9], [4, 15, 5, 16], [6, 17, 7, 18], [8, 19, 9, 20], [10, 22, 11, 21]]"
12a_1273_7,"[[10, 22, 11, 21], [12, 24, 13, 23], [14, 2, 15, 1], [16, 5, 17, 6], [18, 7, 19, 8], [20, 3, 21, 4], [22, 12, 23, 11], [24, 14, 1, 13], [2, 10, 3, 9], [4, 15, 5, 16], [6, 17, 7, 18], [8, 19, 9, 20]]"
12a_1273_8,"[[8, 19, 9, 20], [10, 22, 11, 21], [12, 24, 13, 23], [14, 2, 15, 1], [16, 5, 17, 6], [18, 7, 19, 8], [20, 3, 21, 4], [22, 12, 23, 11], [24, 14, 1, 13], [2, 10, 3, 9], [4, 15, 5, 16], [6, 17, 7, 18]]"
12a_1273_9,"[[6, 17, 7, 18], [8, 19, 9, 20], [10, 22, 11, 21], [12, 24, 13, 23], [14, 2, 15, 1], [16, 5, 17, 6], [18, 7, 19, 8], [20, 3, 21, 4], [22, 12, 23, 11], [24, 14, 1, 13], [2, 10, 3, 9], [4, 15, 5, 16]]"
12a_1273_10,"[[4, 15, 5, 16], [6, 17, 7, 18], [8, 19, 9, 20], [10, 22, 11, 21], [12, 24, 13, 23], [14, 2, 15, 1], [16, 5, 17, 6], [18, 7, 19, 8], [20, 3, 21, 4], [22, 12, 23, 11], [24, 14, 1, 13], [2, 10, 3, 9]]"
12a_1273_11,"[[2, 10, 3, 9], [4, 15, 5, 16], [6, 17, 7, 18], [8, 19, 9, 20], [10, 22, 11, 21], [12, 24, 13, 23], [14, 2, 15, 1], [16, 5, 17, 6], [18, 7, 19, 8], [20, 3, 21, 4], [22, 12, 23, 11], [24, 14, 1, 13]]"
12a_1273_12,"[[1, 15, 2, 14], [3, 11, 4, 10], [5, 16, 6, 17], [7, 18, 8, 19], [9, 20, 10, 21], [11, 23, 12, 22], [13, 1, 14, 24], [15, 3, 16, 2], [17, 6, 18, 7], [19, 8, 20, 9], [21, 4, 22, 5], [23, 13, 24, 12]]"
12a_1273_13,"[[23, 13, 24, 12], [1, 15, 2, 14], [3, 11, 4, 10], [5, 16, 6, 17], [7, 18, 8, 19], [9, 20, 10, 21], [11, 23, 12, 22], [13, 1, 14, 24], [15, 3, 16, 2], [17, 6, 18, 7], [19, 8, 20, 9], [21, 4, 22, 5]]"
12a_1273_14,"[[21, 4, 22, 5], [23, 13, 24, 12], [1, 15, 2, 14], [3, 11, 4, 10], [5, 16, 6, 17], [7, 18, 8, 19], [9, 20, 10, 21], [11, 23, 12, 22], [13, 1, 14, 24], [15, 3, 16, 2], [17, 6, 18, 7], [19, 8, 20, 9]]"
12a_1273_15,"[[19, 8, 20, 9], [21, 4, 22, 5], [23, 13, 24, 12], [1, 15, 2, 14], [3, 11, 4, 10], [5, 16, 6, 17], [7, 18, 8, 19], [9, 20, 10, 21], [11, 23, 12, 22], [13, 1, 14, 24], [15, 3, 16, 2], [17, 6, 18, 7]]"
12a_1273_16,"[[17, 6, 18, 7], [19, 8, 20, 9], [21, 4, 22, 5], [23, 13, 24, 12], [1, 15, 2, 14], [3, 11, 4, 10], [5, 16, 6, 17], [7, 18, 8, 19], [9, 20, 10, 21], [11, 23, 12, 22], [13, 1, 14, 24], [15, 3, 16, 2]]"
12a_1273_17,"[[15, 3, 16, 2], [17, 6, 18, 7], [19, 8, 20, 9], [21, 4, 22, 5], [23, 13, 24, 12], [1, 15, 2, 14], [3, 11, 4, 10], [5, 16, 6, 17], [7, 18, 8, 19], [9, 20, 10, 21], [11, 23, 12, 22], [13, 1, 14, 24]]"
12a_1273_18,"[[13, 1, 14, 24], [15, 3, 16, 2], [17, 6, 18, 7], [19, 8, 20, 9], [21, 4, 22, 5], [23, 13, 24, 12], [1, 15, 2, 14], [3, 11, 4, 10], [5, 16, 6, 17], [7, 18, 8, 19], [9, 20, 10, 21], [11, 23, 12, 22]]"
12a_1273_19,"[[11, 23, 12, 22], [13, 1, 14, 24], [15, 3, 16, 2], [17, 6, 18, 7], [19, 8, 20, 9], [21, 4, 22, 5], [23, 13, 24, 12], [1, 15, 2, 14], [3, 11, 4, 10], [5, 16, 6, 17], [7, 18, 8, 19], [9, 20, 10, 21]]"
12a_1273_20,"[[9, 20, 10, 21], [11, 23, 12, 22], [13, 1, 14, 24], [15, 3, 16, 2], [17, 6, 18, 7], [19, 8, 20, 9], [21, 4, 22, 5], [23, 13, 24, 12], [1, 15, 2, 14], [3, 11, 4, 10], [5, 16, 6, 17], [7, 18, 8, 19]]"
12a_1273_21,"[[7, 18, 8, 19], [9, 20, 10, 21], [11, 23, 12, 22], [13, 1, 14, 24], [15, 3, 16, 2], [17, 6, 18, 7], [19, 8, 20, 9], [21, 4, 22, 5], [23, 13, 24, 12], [1, 15, 2, 14], [3, 11, 4, 10], [5, 16, 6, 17]]"
12a_1273_22,"[[5, 16, 6, 17], [7, 18, 8, 19], [9, 20, 10, 21], [11, 23, 12, 22], [13, 1, 14, 24], [15, 3, 16, 2], [17, 6, 18, 7], [19, 8, 20, 9], [21, 4, 22, 5], [23, 13, 24, 12], [1, 15, 2, 14], [3, 11, 4, 10]]"
12a_1273_23,"[[3, 11, 4, 10], [5, 16, 6, 17], [7, 18, 8, 19], [9, 20, 10, 21], [11, 23, 12, 22], [13, 1, 14, 24], [15, 3, 16, 2], [17, 6, 18, 7], [19, 8, 20, 9], [21, 4, 22, 5], [23, 13, 24, 12], [1, 15, 2, 14]]"
12a_1273_24,"[[2, 16, 3, 15], [4, 12, 5, 11], [6, 17, 7, 18], [8, 19, 9, 20], [10, 21, 11, 22], [12, 24, 13, 23], [14, 2, 15, 1], [16, 4, 17, 3], [18, 7, 19, 8], [20, 9, 21, 10], [22, 5, 23, 6], [24, 14, 1, 13]]"
12a_1273_25,"[[24, 14, 1, 13], [2, 16, 3, 15], [4, 12, 5, 11], [6, 17, 7, 18], [8, 19, 9, 20], [10, 21, 11, 22], [12, 24, 13, 23], [14, 2, 15, 1], [16, 4, 17, 3], [18, 7, 19, 8], [20, 9, 21, 10], [22, 5, 23, 6]]"
12a_1273_26,"[[22, 5, 23, 6], [24, 14, 1, 13], [2, 16, 3, 15], [4, 12, 5, 11], [6, 17, 7, 18], [8, 19, 9, 20], [10, 21, 11, 22], [12, 24, 13, 23], [14, 2, 15, 1], [16, 4, 17, 3], [18, 7, 19, 8], [20, 9, 21, 10]]"
12a_1273_27,"[[20, 9, 21, 10], [22, 5, 23, 6], [24, 14, 1, 13], [2, 16, 3, 15], [4, 12, 5, 11], [6, 17, 7, 18], [8, 19, 9, 20], [10, 21, 11, 22], [12, 24, 13, 23], [14, 2, 15, 1], [16, 4, 17, 3], [18, 7, 19, 8]]"
12a_1273_28,"[[18, 7, 19, 8], [20, 9, 21, 10], [22, 5, 23, 6], [24, 14, 1, 13], [2, 16, 3, 15], [4, 12, 5, 11], [6, 17, 7, 18], [8, 19, 9, 20], [10, 21, 11, 22], [12, 24, 13, 23], [14, 2, 15, 1], [16, 4, 17, 3]]"
12a_1273_29,"[[16, 4, 17, 3], [18, 7, 19, 8], [20, 9, 21, 10], [22, 5, 23, 6], [24, 14, 1, 13], [2, 16, 3, 15], [4, 12, 5, 11], [6, 17, 7, 18], [8, 19, 9, 20], [10, 21, 11, 22], [12, 24, 13, 23], [14, 2, 15, 1]]"
12a_1273_30,"[[14, 2, 15, 1], [16, 4, 17, 3], [18, 7, 19, 8], [20, 9, 21, 10], [22, 5, 23, 6], [24, 14, 1, 13], [2, 16, 3, 15], [4, 12, 5, 11], [6, 17, 7, 18], [8, 19, 9, 20], [10, 21, 11, 22], [12, 24, 13, 23]]"
12a_1273_31,"[[12, 24, 13, 23], [14, 2, 15, 1], [16, 4, 17, 3], [18, 7, 19, 8], [20, 9, 21, 10], [22, 5, 23, 6], [24, 14, 1, 13], [2, 16, 3, 15], [4, 12, 5, 11], [6, 17, 7, 18], [8, 19, 9, 20], [10, 21, 11, 22]]"
12a_1273_32,"[[10, 21, 11, 22], [12, 24, 13, 23], [14, 2, 15, 1], [16, 4, 17, 3], [18, 7, 19, 8], [20, 9, 21, 10], [22, 5, 23, 6], [24, 14, 1, 13], [2, 16, 3, 15], [4, 12, 5, 11], [6, 17, 7, 18], [8, 19, 9, 20]]"
12a_1273_33,"[[8, 19, 9, 20], [10, 21, 11, 22], [12, 24, 13, 23], [14, 2, 15, 1], [16, 4, 17, 3], [18, 7, 19, 8], [20, 9, 21, 10], [22, 5, 23, 6], [24, 14, 1, 13], [2, 16, 3, 15], [4, 12, 5, 11], [6, 17, 7, 18]]"
12a_1273_34,"[[6, 17, 7, 18], [8, 19, 9, 20], [10, 21, 11, 22], [12, 24, 13, 23], [14, 2, 15, 1], [16, 4, 17, 3], [18, 7, 19, 8], [20, 9, 21, 10], [22, 5, 23, 6], [24, 14, 1, 13], [2, 16, 3, 15], [4, 12, 5, 11]]"
12a_1273_35,"[[4, 12, 5, 11], [6, 17, 7, 18], [8, 19, 9, 20], [10, 21, 11, 22], [12, 24, 13, 23], [14, 2, 15, 1], [16, 4, 17, 3], [18, 7, 19, 8], [20, 9, 21, 10], [22, 5, 23, 6], [24, 14, 1, 13], [2, 16, 3, 15]]"
12a_1273_36,"[[3, 17, 4, 16], [5, 13, 6, 12], [7, 18, 8, 19], [9, 20, 10, 21], [11, 22, 12, 23], [13, 1, 14, 24], [15, 3, 16, 2], [17, 5, 18, 4], [19, 8, 20, 9], [21, 10, 22, 11], [23, 6, 24, 7], [1, 15, 2, 14]]"
12a_1273_37,"[[1, 15, 2, 14], [3, 17, 4, 16], [5, 13, 6, 12], [7, 18, 8, 19], [9, 20, 10, 21], [11, 22, 12, 23], [13, 1, 14, 24], [15, 3, 16, 2], [17, 5, 18, 4], [19, 8, 20, 9], [21, 10, 22, 11], [23, 6, 24, 7]]"
12a_1273_38,"[[23, 6, 24, 7], [1, 15, 2, 14], [3, 17, 4, 16], [5, 13, 6, 12], [7, 18, 8, 19], [9, 20, 10, 21], [11, 22, 12, 23], [13, 1, 14, 24], [15, 3, 16, 2], [17, 5, 18, 4], [19, 8, 20, 9], [21, 10, 22, 11]]"
12a_1273_39,"[[21, 10, 22, 11], [23, 6, 24, 7], [1, 15, 2, 14], [3, 17, 4, 16], [5, 13, 6, 12], [7, 18, 8, 19], [9, 20, 10, 21], [11, 22, 12, 23], [13, 1, 14, 24], [15, 3, 16, 2], [17, 5, 18, 4], [19, 8, 20, 9]]"
12a_1273_40,"[[19, 8, 20, 9], [21, 10, 22, 11], [23, 6, 24, 7], [1, 15, 2, 14], [3, 17, 4, 16], [5, 13, 6, 12], [7, 18, 8, 19], [9, 20, 10, 21], [11, 22, 12, 23], [13, 1, 14, 24], [15, 3, 16, 2], [17, 5, 18, 4]]"
12a_1273_41,"[[17, 5, 18, 4], [19, 8, 20, 9], [21, 10, 22, 11], [23, 6, 24, 7], [1, 15, 2, 14], [3, 17, 4, 16], [5, 13, 6, 12], [7, 18, 8, 19], [9, 20, 10, 21], [11, 22, 12, 23], [13, 1, 14, 24], [15, 3, 16, 2]]"
12a_1273_42,"[[15, 3, 16, 2], [17, 5, 18, 4], [19, 8, 20, 9], [21, 10, 22, 11], [23, 6, 24, 7], [1, 15, 2, 14], [3, 17, 4, 16], [5, 13, 6, 12], [7, 18, 8, 19], [9, 20, 10, 21], [11, 22, 12, 23], [13, 1, 14, 24]]"
12a_1273_43,"[[13, 1, 14, 24], [15, 3, 16, 2], [17, 5, 18, 4], [19, 8, 20, 9], [21, 10, 22, 11], [23, 6, 24, 7], [1, 15, 2, 14], [3, 17, 4, 16], [5, 13, 6, 12], [7, 18, 8, 19], [9, 20, 10, 21], [11, 22, 12, 23]]"
12a_1273_44,"[[11, 22, 12, 23], [13, 1, 14, 24], [15, 3, 16, 2], [17, 5, 18, 4], [19, 8, 20, 9], [21, 10, 22, 11], [23, 6, 24, 7], [1, 15, 2, 14], [3, 17, 4, 16], [5, 13, 6, 12], [7, 18, 8, 19], [9, 20, 10, 21]]"
12a_1273_45,"[[9, 20, 10, 21], [11, 22, 12, 23], [13, 1, 14, 24], [15, 3, 16, 2], [17, 5, 18, 4], [19, 8, 20, 9], [21, 10, 22, 11], [23, 6, 24, 7], [1, 15, 2, 14], [3, 17, 4, 16], [5, 13, 6, 12], [7, 18, 8, 19]]"
12a_1273_46,"[[7, 18, 8, 19], [9, 20, 10, 21], [11, 22, 12, 23], [13, 1, 14, 24], [15, 3, 16, 2], [17, 5, 18, 4], [19, 8, 20, 9], [21, 10, 22, 11], [23, 6, 24, 7], [1, 15, 2, 14], [3, 17, 4, 16], [5, 13, 6, 12]]"
12a_1273_47,"[[5, 13, 6, 12], [7, 18, 8, 19], [9, 20, 10, 21], [11, 22, 12, 23], [13, 1, 14, 24], [15, 3, 16, 2], [17, 5, 18, 4], [19, 8, 20, 9], [21, 10, 22, 11], [23, 6, 24, 7], [1, 15, 2, 14], [3, 17, 4, 16]]"
12a_1273_48,"[[4, 18, 5, 17], [6, 14, 7, 13], [8, 19, 9, 20], [10, 21, 11, 22], [12, 23, 13, 24], [14, 2, 15, 1], [16, 4, 17, 3], [18, 6, 19, 5], [20, 9, 21, 10], [22, 11, 23, 12], [24, 7, 1, 8], [2, 16, 3, 15]]"
12a_1273_49,"[[2, 16, 3, 15], [4, 18, 5, 17], [6, 14, 7, 13], [8, 19, 9, 20], [10, 21, 11, 22], [12, 23, 13, 24], [14, 2, 15, 1], [16, 4, 17, 3], [18, 6, 19, 5], [20, 9, 21, 10], [22, 11, 23, 12], [24, 7, 1, 8]]"
12a_1273_50,"[[24, 7, 1, 8], [2, 16, 3, 15], [4, 18, 5, 17], [6, 14, 7, 13], [8, 19, 9, 20], [10, 21, 11, 22], [12, 23, 13, 24], [14, 2, 15, 1], [16, 4, 17, 3], [18, 6, 19, 5], [20, 9, 21, 10], [22, 11, 23, 12]]"
12a_1273_51,"[[22, 11, 23, 12], [24, 7, 1, 8], [2, 16, 3, 15], [4, 18, 5, 17], [6, 14, 7, 13], [8, 19, 9, 20], [10, 21, 11, 22], [12, 23, 13, 24], [14, 2, 15, 1], [16, 4, 17, 3], [18, 6, 19, 5], [20, 9, 21, 10]]"
12a_1273_52,"[[20, 9, 21, 10], [22, 11, 23, 12], [24, 7, 1, 8], [2, 16, 3, 15], [4, 18, 5, 17], [6, 14, 7, 13], [8, 19, 9, 20], [10, 21, 11, 22], [12, 23, 13, 24], [14, 2, 15, 1], [16, 4, 17, 3], [18, 6, 19, 5]]"
12a_1273_53,"[[18, 6, 19, 5], [20, 9, 21, 10], [22, 11, 23, 12], [24, 7, 1, 8], [2, 16, 3, 15], [4, 18, 5, 17], [6, 14, 7, 13], [8, 19, 9, 20], [10, 21, 11, 22], [12, 23, 13, 24], [14, 2, 15, 1], [16, 4, 17, 3]]"
12a_1273_54,"[[16, 4, 17, 3], [18, 6, 19, 5], [20, 9, 21, 10], [22, 11, 23, 12], [24, 7, 1, 8], [2, 16, 3, 15], [4, 18, 5, 17], [6, 14, 7, 13], [8, 19, 9, 20], [10, 21, 11, 22], [12, 23, 13, 24], [14, 2, 15, 1]]"
12a_1273_55,"[[14, 2, 15, 1], [16, 4, 17, 3], [18, 6, 19, 5], [20, 9, 21, 10], [22, 11, 23, 12], [24, 7, 1, 8], [2, 16, 3, 15], [4, 18, 5, 17], [6, 14, 7, 13], [8, 19, 9, 20], [10, 21, 11, 22], [12, 23, 13, 24]]"
12a_1273_56,"[[12, 23, 13, 24], [14, 2, 15, 1], [16, 4, 17, 3], [18, 6, 19, 5], [20, 9, 21, 10], [22, 11, 23, 12], [24, 7, 1, 8], [2, 16, 3, 15], [4, 18, 5, 17], [6, 14, 7, 13], [8, 19, 9, 20], [10, 21, 11, 22]]"
12a_1273_57,"[[10, 21, 11, 22], [12, 23, 13, 24], [14, 2, 15, 1], [16, 4, 17, 3], [18, 6, 19, 5], [20, 9, 21, 10], [22, 11, 23, 12], [24, 7, 1, 8], [2, 16, 3, 15], [4, 18, 5, 17], [6, 14, 7, 13], [8, 19, 9, 20]]"
12a_1273_58,"[[8, 19, 9, 20], [10, 21, 11, 22], [12, 23, 13, 24], [14, 2, 15, 1], [16, 4, 17, 3], [18, 6, 19, 5], [20, 9, 21, 10], [22, 11, 23, 12], [24, 7, 1, 8], [2, 16, 3, 15], [4, 18, 5, 17], [6, 14, 7, 13]]"
12a_1273_59,"[[6, 14, 7, 13], [8, 19, 9, 20], [10, 21, 11, 22], [12, 23, 13, 24], [14, 2, 15, 1], [16, 4, 17, 3], [18, 6, 19, 5], [20, 9, 21, 10], [22, 11, 23, 12], [24, 7, 1, 8], [2, 16, 3, 15], [4, 18, 5, 17]]"
12a_1273_60,"[[5, 19, 6, 18], [7, 15, 8, 14], [9, 20, 10, 21], [11, 22, 12, 23], [13, 24, 14, 1], [15, 3, 16, 2], [17, 5, 18, 4], [19, 7, 20, 6], [21, 10, 22, 11], [23, 12, 24, 13], [1, 8, 2, 9], [3, 17, 4, 16]]"
12a_1273_61,"[[3, 17, 4, 16], [5, 19, 6, 18], [7, 15, 8, 14], [9, 20, 10, 21], [11, 22, 12, 23], [13, 24, 14, 1], [15, 3, 16, 2], [17, 5, 18, 4], [19, 7, 20, 6], [21, 10, 22, 11], [23, 12, 24, 13], [1, 8, 2, 9]]"
12a_1273_62,"[[1, 8, 2, 9], [3, 17, 4, 16], [5, 19, 6, 18], [7, 15, 8, 14], [9, 20, 10, 21], [11, 22, 12, 23], [13, 24, 14, 1], [15, 3, 16, 2], [17, 5, 18, 4], [19, 7, 20, 6], [21, 10, 22, 11], [23, 12, 24, 13]]"
12a_1273_63,"[[23, 12, 24, 13], [1, 8, 2, 9], [3, 17, 4, 16], [5, 19, 6, 18], [7, 15, 8, 14], [9, 20, 10, 21], [11, 22, 12, 23], [13, 24, 14, 1], [15, 3, 16, 2], [17, 5, 18, 4], [19, 7, 20, 6], [21, 10, 22, 11]]"
12a_1273_64,"[[21, 10, 22, 11], [23, 12, 24, 13], [1, 8, 2, 9], [3, 17, 4, 16], [5, 19, 6, 18], [7, 15, 8, 14], [9, 20, 10, 21], [11, 22, 12, 23], [13, 24, 14, 1], [15, 3, 16, 2], [17, 5, 18, 4], [19, 7, 20, 6]]"
12a_1273_65,"[[19, 7, 20, 6], [21, 10, 22, 11], [23, 12, 24, 13], [1, 8, 2, 9], [3, 17, 4, 16], [5, 19, 6, 18], [7, 15, 8, 14], [9, 20, 10, 21], [11, 22, 12, 23], [13, 24, 14, 1], [15, 3, 16, 2], [17, 5, 18, 4]]"
12a_1273_66,"[[17, 5, 18, 4], [19, 7, 20, 6], [21, 10, 22, 11], [23, 12, 24, 13], [1, 8, 2, 9], [3, 17, 4, 16], [5, 19, 6, 18], [7, 15, 8, 14], [9, 20, 10, 21], [11, 22, 12, 23], [13, 24, 14, 1], [15, 3, 16, 2]]"
12a_1273_67,"[[15, 3, 16, 2], [17, 5, 18, 4], [19, 7, 20, 6], [21, 10, 22, 11], [23, 12, 24, 13], [1, 8, 2, 9], [3, 17, 4, 16], [5, 19, 6, 18], [7, 15, 8, 14], [9, 20, 10, 21], [11, 22, 12, 23], [13, 24, 14, 1]]"
12a_1273_68,"[[13, 24, 14, 1], [15, 3, 16, 2], [17, 5, 18, 4], [19, 7, 20, 6], [21, 10, 22, 11], [23, 12, 24, 13], [1, 8, 2, 9], [3, 17, 4, 16], [5, 19, 6, 18], [7, 15, 8, 14], [9, 20, 10, 21], [11, 22, 12, 23]]"
12a_1273_69,"[[11, 22, 12, 23], [13, 24, 14, 1], [15, 3, 16, 2], [17, 5, 18, 4], [19, 7, 20, 6], [21, 10, 22, 11], [23, 12, 24, 13], [1, 8, 2, 9], [3, 17, 4, 16], [5, 19, 6, 18], [7, 15, 8, 14], [9, 20, 10, 21]]"
12a_1273_70,"[[9, 20, 10, 21], [11, 22, 12, 23], [13, 24, 14, 1], [15, 3, 16, 2], [17, 5, 18, 4], [19, 7, 20, 6], [21, 10, 22, 11], [23, 12, 24, 13], [1, 8, 2, 9], [3, 17, 4, 16], [5, 19, 6, 18], [7, 15, 8, 14]]"
12a_1273_71,"[[7, 15, 8, 14], [9, 20, 10, 21], [11, 22, 12, 23], [13, 24, 14, 1], [15, 3, 16, 2], [17, 5, 18, 4], [19, 7, 20, 6], [21, 10, 22, 11], [23, 12, 24, 13], [1, 8, 2, 9], [3, 17, 4, 16], [5, 19, 6, 18]]"
12a_1273_72,"[[6, 20, 7, 19], [8, 16, 9, 15], [10, 21, 11, 22], [12, 23, 13, 24], [14, 1, 15, 2], [16, 4, 17, 3], [18, 6, 19, 5], [20, 8, 21, 7], [22, 11, 23, 12], [24, 13, 1, 14], [2, 9, 3, 10], [4, 18, 5, 17]]"
12a_1273_73,"[[4, 18, 5, 17], [6, 20, 7, 19], [8, 16, 9, 15], [10, 21, 11, 22], [12, 23, 13, 24], [14, 1, 15, 2], [16, 4, 17, 3], [18, 6, 19, 5], [20, 8, 21, 7], [22, 11, 23, 12], [24, 13, 1, 14], [2, 9, 3, 10]]"
12a_1273_74,"[[2, 9, 3, 10], [4, 18, 5, 17], [6, 20, 7, 19], [8, 16, 9, 15], [10, 21, 11, 22], [12, 23, 13, 24], [14, 1, 15, 2], [16, 4, 17, 3], [18, 6, 19, 5], [20, 8, 21, 7], [22, 11, 23, 12], [24, 13, 1, 14]]"
12a_1273_75,"[[24, 13, 1, 14], [2, 9, 3, 10], [4, 18, 5, 17], [6, 20, 7, 19], [8, 16, 9, 15], [10, 21, 11, 22], [12, 23, 13, 24], [14, 1, 15, 2], [16, 4, 17, 3], [18, 6, 19, 5], [20, 8, 21, 7], [22, 11, 23, 12]]"
12a_1273_76,"[[22, 11, 23, 12], [24, 13, 1, 14], [2, 9, 3, 10], [4, 18, 5, 17], [6, 20, 7, 19], [8, 16, 9, 15], [10, 21, 11, 22], [12, 23, 13, 24], [14, 1, 15, 2], [16, 4, 17, 3], [18, 6, 19, 5], [20, 8, 21, 7]]"
12a_1273_77,"[[20, 8, 21, 7], [22, 11, 23, 12], [24, 13, 1, 14], [2, 9, 3, 10], [4, 18, 5, 17], [6, 20, 7, 19], [8, 16, 9, 15], [10, 21, 11, 22], [12, 23, 13, 24], [14, 1, 15, 2], [16, 4, 17, 3], [18, 6, 19, 5]]"
12a_1273_78,"[[18, 6, 19, 5], [20, 8, 21, 7], [22, 11, 23, 12], [24, 13, 1, 14], [2, 9, 3, 10], [4, 18, 5, 17], [6, 20, 7, 19], [8, 16, 9, 15], [10, 21, 11, 22], [12, 23, 13, 24], [14, 1, 15, 2], [16, 4, 17, 3]]"
12a_1273_79,"[[16, 4, 17, 3], [18, 6, 19, 5], [20, 8, 21, 7], [22, 11, 23, 12], [24, 13, 1, 14], [2, 9, 3, 10], [4, 18, 5, 17], [6, 20, 7, 19], [8, 16, 9, 15], [10, 21, 11, 22], [12, 23, 13, 24], [14, 1, 15, 2]]"
12a_1273_80,"[[14, 1, 15, 2], [16, 4, 17, 3], [18, 6, 19, 5], [20, 8, 21, 7], [22, 11, 23, 12], [24, 13, 1, 14], [2, 9, 3, 10], [4, 18, 5, 17], [6, 20, 7, 19], [8, 16, 9, 15], [10, 21, 11, 22], [12, 23, 13, 24]]"
12a_1273_81,"[[12, 23, 13, 24], [14, 1, 15, 2], [16, 4, 17, 3], [18, 6, 19, 5], [20, 8, 21, 7], [22, 11, 23, 12], [24, 13, 1, 14], [2, 9, 3, 10], [4, 18, 5, 17], [6, 20, 7, 19], [8, 16, 9, 15], [10, 21, 11, 22]]"
12a_1273_82,"[[10, 21, 11, 22], [12, 23, 13, 24], [14, 1, 15, 2], [16, 4, 17, 3], [18, 6, 19, 5], [20, 8, 21, 7], [22, 11, 23, 12], [24, 13, 1, 14], [2, 9, 3, 10], [4, 18, 5, 17], [6, 20, 7, 19], [8, 16, 9, 15]]"
12a_1273_83,"[[8, 16, 9, 15], [10, 21, 11, 22], [12, 23, 13, 24], [14, 1, 15, 2], [16, 4, 17, 3], [18, 6, 19, 5], [20, 8, 21, 7], [22, 11, 23, 12], [24, 13, 1, 14], [2, 9, 3, 10], [4, 18, 5, 17], [6, 20, 7, 19]]"
12a_1273_84,"[[7, 21, 8, 20], [9, 17, 10, 16], [11, 22, 12, 23], [13, 24, 14, 1], [15, 2, 16, 3], [17, 5, 18, 4], [19, 7, 20, 6], [21, 9, 22, 8], [23, 12, 24, 13], [1, 14, 2, 15], [3, 10, 4, 11], [5, 19, 6, 18]]"
12a_1273_85,"[[5, 19, 6, 18], [7, 21, 8, 20], [9, 17, 10, 16], [11, 22, 12, 23], [13, 24, 14, 1], [15, 2, 16, 3], [17, 5, 18, 4], [19, 7, 20, 6], [21, 9, 22, 8], [23, 12, 24, 13], [1, 14, 2, 15], [3, 10, 4, 11]]"
12a_1273_86,"[[3, 10, 4, 11], [5, 19, 6, 18], [7, 21, 8, 20], [9, 17, 10, 16], [11, 22, 12, 23], [13, 24, 14, 1], [15, 2, 16, 3], [17, 5, 18, 4], [19, 7, 20, 6], [21, 9, 22, 8], [23, 12, 24, 13], [1, 14, 2, 15]]"
12a_1273_87,"[[1, 14, 2, 15], [3, 10, 4, 11], [5, 19, 6, 18], [7, 21, 8, 20], [9, 17, 10, 16], [11, 22, 12, 23], [13, 24, 14, 1], [15, 2, 16, 3], [17, 5, 18, 4], [19, 7, 20, 6], [21, 9, 22, 8], [23, 12, 24, 13]]"
12a_1273_88,"[[23, 12, 24, 13], [1, 14, 2, 15], [3, 10, 4, 11], [5, 19, 6, 18], [7, 21, 8, 20], [9, 17, 10, 16], [11, 22, 12, 23], [13, 24, 14, 1], [15, 2, 16, 3], [17, 5, 18, 4], [19, 7, 20, 6], [21, 9, 22, 8]]"
12a_1273_89,"[[21, 9, 22, 8], [23, 12, 24, 13], [1, 14, 2, 15], [3, 10, 4, 11], [5, 19, 6, 18], [7, 21, 8, 20], [9, 17, 10, 16], [11, 22, 12, 23], [13, 24, 14, 1], [15, 2, 16, 3], [17, 5, 18, 4], [19, 7, 20, 6]]"
12a_1273_90,"[[19, 7, 20, 6], [21, 9, 22, 8], [23, 12, 24, 13], [1, 14, 2, 15], [3, 10, 4, 11], [5, 19, 6, 18], [7, 21, 8, 20], [9, 17, 10, 16], [11, 22, 12, 23], [13, 24, 14, 1], [15, 2, 16, 3], [17, 5, 18, 4]]"
12a_1273_91,"[[17, 5, 18, 4], [19, 7, 20, 6], [21, 9, 22, 8], [23, 12, 24, 13], [1, 14, 2, 15], [3, 10, 4, 11], [5, 19, 6, 18], [7, 21, 8, 20], [9, 17, 10, 16], [11, 22, 12, 23], [13, 24, 14, 1], [15, 2, 16, 3]]"
12a_1273_92,"[[15, 2, 16, 3], [17, 5, 18, 4], [19, 7, 20, 6], [21, 9, 22, 8], [23, 12, 24, 13], [1, 14, 2, 15], [3, 10, 4, 11], [5, 19, 6, 18], [7, 21, 8, 20], [9, 17, 10, 16], [11, 22, 12, 23], [13, 24, 14, 1]]"
12a_1273_93,"[[13, 24, 14, 1], [15, 2, 16, 3], [17, 5, 18, 4], [19, 7, 20, 6], [21, 9, 22, 8], [23, 12, 24, 13], [1, 14, 2, 15], [3, 10, 4, 11], [5, 19, 6, 18], [7, 21, 8, 20], [9, 17, 10, 16], [11, 22, 12, 23]]"
12a_1273_94,"[[11, 22, 12, 23], [13, 24, 14, 1], [15, 2, 16, 3], [17, 5, 18, 4], [19, 7, 20, 6], [21, 9, 22, 8], [23, 12, 24, 13], [1, 14, 2, 15], [3, 10, 4, 11], [5, 19, 6, 18], [7, 21, 8, 20], [9, 17, 10, 16]]"
12a_1273_95,"[[9, 17, 10, 16], [11, 22, 12, 23], [13, 24, 14, 1], [15, 2, 16, 3], [17, 5, 18, 4], [19, 7, 20, 6], [21, 9, 22, 8], [23, 12, 24, 13], [1, 14, 2, 15], [3, 10, 4, 11], [5, 19, 6, 18], [7, 21, 8, 20]]"
12a_1273_96,"[[8, 22, 9, 21], [10, 18, 11, 17], [12, 23, 13, 24], [14, 1, 15, 2], [16, 3, 17, 4], [18, 6, 19, 5], [20, 8, 21, 7], [22, 10, 23, 9], [24, 13, 1, 14], [2, 15, 3, 16], [4, 11, 5, 12], [6, 20, 7, 19]]"
12a_1273_97,"[[6, 20, 7, 19], [8, 22, 9, 21], [10, 18, 11, 17], [12, 23, 13, 24], [14, 1, 15, 2], [16, 3, 17, 4], [18, 6, 19, 5], [20, 8, 21, 7], [22, 10, 23, 9], [24, 13, 1, 14], [2, 15, 3, 16], [4, 11, 5, 12]]"
12a_1273_98,"[[4, 11, 5, 12], [6, 20, 7, 19], [8, 22, 9, 21], [10, 18, 11, 17], [12, 23, 13, 24], [14, 1, 15, 2], [16, 3, 17, 4], [18, 6, 19, 5], [20, 8, 21, 7], [22, 10, 23, 9], [24, 13, 1, 14], [2, 15, 3, 16]]"
12a_1273_99,"[[2, 15, 3, 16], [4, 11, 5, 12], [6, 20, 7, 19], [8, 22, 9, 21], [10, 18, 11, 17], [12, 23, 13, 24], [14, 1, 15, 2], [16, 3, 17, 4], [18, 6, 19, 5], [20, 8, 21, 7], [22, 10, 23, 9], [24, 13, 1, 14]]"
12a_1273_100,"[[24, 13, 1, 14], [2, 15, 3, 16], [4, 11, 5, 12], [6, 20, 7, 19], [8, 22, 9, 21], [10, 18, 11, 17], [12, 23, 13, 24], [14, 1, 15, 2], [16, 3, 17, 4], [18, 6, 19, 5], [20, 8, 21, 7], [22, 10, 23, 9]]"
12a_1273_101,"[[22, 10, 23, 9], [24, 13, 1, 14], [2, 15, 3, 16], [4, 11, 5, 12], [6, 20, 7, 19], [8, 22, 9, 21], [10, 18, 11, 17], [12, 23, 13, 24], [14, 1, 15, 2], [16, 3, 17, 4], [18, 6, 19, 5], [20, 8, 21, 7]]"
12a_1273_102,"[[20, 8, 21, 7], [22, 10, 23, 9], [24, 13, 1, 14], [2, 15, 3, 16], [4, 11, 5, 12], [6, 20, 7, 19], [8, 22, 9, 21], [10, 18, 11, 17], [12, 23, 13, 24], [14, 1, 15, 2], [16, 3, 17, 4], [18, 6, 19, 5]]"
12a_1273_103,"[[18, 6, 19, 5], [20, 8, 21, 7], [22, 10, 23, 9], [24, 13, 1, 14], [2, 15, 3, 16], [4, 11, 5, 12], [6, 20, 7, 19], [8, 22, 9, 21], [10, 18, 11, 17], [12, 23, 13, 24], [14, 1, 15, 2], [16, 3, 17, 4]]"
12a_1273_104,"[[16, 3, 17, 4], [18, 6, 19, 5], [20, 8, 21, 7], [22, 10, 23, 9], [24, 13, 1, 14], [2, 15, 3, 16], [4, 11, 5, 12], [6, 20, 7, 19], [8, 22, 9, 21], [10, 18, 11, 17], [12, 23, 13, 24], [14, 1, 15, 2]]"
12a_1273_105,"[[14, 1, 15, 2], [16, 3, 17, 4], [18, 6, 19, 5], [20, 8, 21, 7], [22, 10, 23, 9], [24, 13, 1, 14], [2, 15, 3, 16], [4, 11, 5, 12], [6, 20, 7, 19], [8, 22, 9, 21], [10, 18, 11, 17], [12, 23, 13, 24]]"
12a_1273_106,"[[12, 23, 13, 24], [14, 1, 15, 2], [16, 3, 17, 4], [18, 6, 19, 5], [20, 8, 21, 7], [22, 10, 23, 9], [24, 13, 1, 14], [2, 15, 3, 16], [4, 11, 5, 12], [6, 20, 7, 19], [8, 22, 9, 21], [10, 18, 11, 17]]"
12a_1273_107,"[[10, 18, 11, 17], [12, 23, 13, 24], [14, 1, 15, 2], [16, 3, 17, 4], [18, 6, 19, 5], [20, 8, 21, 7], [22, 10, 23, 9], [24, 13, 1, 14], [2, 15, 3, 16], [4, 11, 5, 12], [6, 20, 7, 19], [8, 22, 9, 21]]"
12a_1273_108,"[[9, 23, 10, 22], [11, 19, 12, 18], [13, 24, 14, 1], [15, 2, 16, 3], [17, 4, 18, 5], [19, 7, 20, 6], [21, 9, 22, 8], [23, 11, 24, 10], [1, 14, 2, 15], [3, 16, 4, 17], [5, 12, 6, 13], [7, 21, 8, 20]]"
12a_1273_109,"[[7, 21, 8, 20], [9, 23, 10, 22], [11, 19, 12, 18], [13, 24, 14, 1], [15, 2, 16, 3], [17, 4, 18, 5], [19, 7, 20, 6], [21, 9, 22, 8], [23, 11, 24, 10], [1, 14, 2, 15], [3, 16, 4, 17], [5, 12, 6, 13]]"
12a_1273_110,"[[5, 12, 6, 13], [7, 21, 8, 20], [9, 23, 10, 22], [11, 19, 12, 18], [13, 24, 14, 1], [15, 2, 16, 3], [17, 4, 18, 5], [19, 7, 20, 6], [21, 9, 22, 8], [23, 11, 24, 10], [1, 14, 2, 15], [3, 16, 4, 17]]"
12a_1273_111,"[[3, 16, 4, 17], [5, 12, 6, 13], [7, 21, 8, 20], [9, 23, 10, 22], [11, 19, 12, 18], [13, 24, 14, 1], [15, 2, 16, 3], [17, 4, 18, 5], [19, 7, 20, 6], [21, 9, 22, 8], [23, 11, 24, 10], [1, 14, 2, 15]]"
12a_1273_112,"[[1, 14, 2, 15], [3, 16, 4, 17], [5, 12, 6, 13], [7, 21, 8, 20], [9, 23, 10, 22], [11, 19, 12, 18], [13, 24, 14, 1], [15, 2, 16, 3], [17, 4, 18, 5], [19, 7, 20, 6], [21, 9, 22, 8], [23, 11, 24, 10]]"
12a_1273_113,"[[23, 11, 24, 10], [1, 14, 2, 15], [3, 16, 4, 17], [5, 12, 6, 13], [7, 21, 8, 20], [9, 23, 10, 22], [11, 19, 12, 18], [13, 24, 14, 1], [15, 2, 16, 3], [17, 4, 18, 5], [19, 7, 20, 6], [21, 9, 22, 8]]"
12a_1273_114,"[[21, 9, 22, 8], [23, 11, 24, 10], [1, 14, 2, 15], [3, 16, 4, 17], [5, 12, 6, 13], [7, 21, 8, 20], [9, 23, 10, 22], [11, 19, 12, 18], [13, 24, 14, 1], [15, 2, 16, 3], [17, 4, 18, 5], [19, 7, 20, 6]]"
12a_1273_115,"[[19, 7, 20, 6], [21, 9, 22, 8], [23, 11, 24, 10], [1, 14, 2, 15], [3, 16, 4, 17], [5, 12, 6, 13], [7, 21, 8, 20], [9, 23, 10, 22], [11, 19, 12, 18], [13, 24, 14, 1], [15, 2, 16, 3], [17, 4, 18, 5]]"
12a_1273_116,"[[17, 4, 18, 5], [19, 7, 20, 6], [21, 9, 22, 8], [23, 11, 24, 10], [1, 14, 2, 15], [3, 16, 4, 17], [5, 12, 6, 13], [7, 21, 8, 20], [9, 23, 10, 22], [11, 19, 12, 18], [13, 24, 14, 1], [15, 2, 16, 3]]"
12a_1273_117,"[[15, 2, 16, 3], [17, 4, 18, 5], [19, 7, 20, 6], [21, 9, 22, 8], [23, 11, 24, 10], [1, 14, 2, 15], [3, 16, 4, 17], [5, 12, 6, 13], [7, 21, 8, 20], [9, 23, 10, 22], [11, 19, 12, 18], [13, 24, 14, 1]]"
12a_1273_118,"[[13, 24, 14, 1], [15, 2, 16, 3], [17, 4, 18, 5], [19, 7, 20, 6], [21, 9, 22, 8], [23, 11, 24, 10], [1, 14, 2, 15], [3, 16, 4, 17], [5, 12, 6, 13], [7, 21, 8, 20], [9, 23, 10, 22], [11, 19, 12, 18]]"
12a_1273_119,"[[11, 19, 12, 18], [13, 24, 14, 1], [15, 2, 16, 3], [17, 4, 18, 5], [19, 7, 20, 6], [21, 9, 22, 8], [23, 11, 24, 10], [1, 14, 2, 15], [3, 16, 4, 17], [5, 12, 6, 13], [7, 21, 8, 20], [9, 23, 10, 22]]"
12a_1273_120,"[[10, 24, 11, 23], [12, 20, 13, 19], [14, 1, 15, 2], [16, 3, 17, 4], [18, 5, 19, 6], [20, 8, 21, 7], [22, 10, 23, 9], [24, 12, 1, 11], [2, 15, 3, 16], [4, 17, 5, 18], [6, 13, 7, 14], [8, 22, 9, 21]]"
12a_1273_121,"[[8, 22, 9, 21], [10, 24, 11, 23], [12, 20, 13, 19], [14, 1, 15, 2], [16, 3, 17, 4], [18, 5, 19, 6], [20, 8, 21, 7], [22, 10, 23, 9], [24, 12, 1, 11], [2, 15, 3, 16], [4, 17, 5, 18], [6, 13, 7, 14]]"
12a_1273_122,"[[6, 13, 7, 14], [8, 22, 9, 21], [10, 24, 11, 23], [12, 20, 13, 19], [14, 1, 15, 2], [16, 3, 17, 4], [18, 5, 19, 6], [20, 8, 21, 7], [22, 10, 23, 9], [24, 12, 1, 11], [2, 15, 3, 16], [4, 17, 5, 18]]"
12a_1273_123,"[[4, 17, 5, 18], [6, 13, 7, 14], [8, 22, 9, 21], [10, 24, 11, 23], [12, 20, 13, 19], [14, 1, 15, 2], [16, 3, 17, 4], [18, 5, 19, 6], [20, 8, 21, 7], [22, 10, 23, 9], [24, 12, 1, 11], [2, 15, 3, 16]]"
12a_1273_124,"[[2, 15, 3, 16], [4, 17, 5, 18], [6, 13, 7, 14], [8, 22, 9, 21], [10, 24, 11, 23], [12, 20, 13, 19], [14, 1, 15, 2], [16, 3, 17, 4], [18, 5, 19, 6], [20, 8, 21, 7], [22, 10, 23, 9], [24, 12, 1, 11]]"
12a_1273_125,"[[24, 12, 1, 11], [2, 15, 3, 16], [4, 17, 5, 18], [6, 13, 7, 14], [8, 22, 9, 21], [10, 24, 11, 23], [12, 20, 13, 19], [14, 1, 15, 2], [16, 3, 17, 4], [18, 5, 19, 6], [20, 8, 21, 7], [22, 10, 23, 9]]"
12a_1273_126,"[[22, 10, 23, 9], [24, 12, 1, 11], [2, 15, 3, 16], [4, 17, 5, 18], [6, 13, 7, 14], [8, 22, 9, 21], [10, 24, 11, 23], [12, 20, 13, 19], [14, 1, 15, 2], [16, 3, 17, 4], [18, 5, 19, 6], [20, 8, 21, 7]]"
12a_1273_127,"[[20, 8, 21, 7], [22, 10, 23, 9], [24, 12, 1, 11], [2, 15, 3, 16], [4, 17, 5, 18], [6, 13, 7, 14], [8, 22, 9, 21], [10, 24, 11, 23], [12, 20, 13, 19], [14, 1, 15, 2], [16, 3, 17, 4], [18, 5, 19, 6]]"
12a_1273_128,"[[18, 5, 19, 6], [20, 8, 21, 7], [22, 10, 23, 9], [24, 12, 1, 11], [2, 15, 3, 16], [4, 17, 5, 18], [6, 13, 7, 14], [8, 22, 9, 21], [10, 24, 11, 23], [12, 20, 13, 19], [14, 1, 15, 2], [16, 3, 17, 4]]"
12a_1273_129,"[[16, 3, 17, 4], [18, 5, 19, 6], [20, 8, 21, 7], [22, 10, 23, 9], [24, 12, 1, 11], [2, 15, 3, 16], [4, 17, 5, 18], [6, 13, 7, 14], [8, 22, 9, 21], [10, 24, 11, 23], [12, 20, 13, 19], [14, 1, 15, 2]]"
12a_1273_130,"[[14, 1, 15, 2], [16, 3, 17, 4], [18, 5, 19, 6], [20, 8, 21, 7], [22, 10, 23, 9], [24, 12, 1, 11], [2, 15, 3, 16], [4, 17, 5, 18], [6, 13, 7, 14], [8, 22, 9, 21], [10, 24, 11, 23], [12, 20, 13, 19]]"
12a_1273_131,"[[12, 20, 13, 19], [14, 1, 15, 2], [16, 3, 17, 4], [18, 5, 19, 6], [20, 8, 21, 7], [22, 10, 23, 9], [24, 12, 1, 11], [2, 15, 3, 16], [4, 17, 5, 18], [6, 13, 7, 14], [8, 22, 9, 21], [10, 24, 11, 23]]"
12a_1273_132,"[[11, 1, 12, 24], [13, 21, 14, 20], [15, 2, 16, 3], [17, 4, 18, 5], [19, 6, 20, 7], [21, 9, 22, 8], [23, 11, 24, 10], [1, 13, 2, 12], [3, 16, 4, 17], [5, 18, 6, 19], [7, 14, 8, 15], [9, 23, 10, 22]]"
12a_1273_133,"[[9, 23, 10, 22], [11, 1, 12, 24], [13, 21, 14, 20], [15, 2, 16, 3], [17, 4, 18, 5], [19, 6, 20, 7], [21, 9, 22, 8], [23, 11, 24, 10], [1, 13, 2, 12], [3, 16, 4, 17], [5, 18, 6, 19], [7, 14, 8, 15]]"
12a_1273_134,"[[7, 14, 8, 15], [9, 23, 10, 22], [11, 1, 12, 24], [13, 21, 14, 20], [15, 2, 16, 3], [17, 4, 18, 5], [19, 6, 20, 7], [21, 9, 22, 8], [23, 11, 24, 10], [1, 13, 2, 12], [3, 16, 4, 17], [5, 18, 6, 19]]"
12a_1273_135,"[[5, 18, 6, 19], [7, 14, 8, 15], [9, 23, 10, 22], [11, 1, 12, 24], [13, 21, 14, 20], [15, 2, 16, 3], [17, 4, 18, 5], [19, 6, 20, 7], [21, 9, 22, 8], [23, 11, 24, 10], [1, 13, 2, 12], [3, 16, 4, 17]]"
12a_1273_136,"[[3, 16, 4, 17], [5, 18, 6, 19], [7, 14, 8, 15], [9, 23, 10, 22], [11, 1, 12, 24], [13, 21, 14, 20], [15, 2, 16, 3], [17, 4, 18, 5], [19, 6, 20, 7], [21, 9, 22, 8], [23, 11, 24, 10], [1, 13, 2, 12]]"
12a_1273_137,"[[1, 13, 2, 12], [3, 16, 4, 17], [5, 18, 6, 19], [7, 14, 8, 15], [9, 23, 10, 22], [11, 1, 12, 24], [13, 21, 14, 20], [15, 2, 16, 3], [17, 4, 18, 5], [19, 6, 20, 7], [21, 9, 22, 8], [23, 11, 24, 10]]"
12a_1273_138,"[[23, 11, 24, 10], [1, 13, 2, 12], [3, 16, 4, 17], [5, 18, 6, 19], [7, 14, 8, 15], [9, 23, 10, 22], [11, 1, 12, 24], [13, 21, 14, 20], [15, 2, 16, 3], [17, 4, 18, 5], [19, 6, 20, 7], [21, 9, 22, 8]]"
12a_1273_139,"[[21, 9, 22, 8], [23, 11, 24, 10], [1, 13, 2, 12], [3, 16, 4, 17], [5, 18, 6, 19], [7, 14, 8, 15], [9, 23, 10, 22], [11, 1, 12, 24], [13, 21, 14, 20], [15, 2, 16, 3], [17, 4, 18, 5], [19, 6, 20, 7]]"
12a_1273_140,"[[19, 6, 20, 7], [21, 9, 22, 8], [23, 11, 24, 10], [1, 13, 2, 12], [3, 16, 4, 17], [5, 18, 6, 19], [7, 14, 8, 15], [9, 23, 10, 22], [11, 1, 12, 24], [13, 21, 14, 20], [15, 2, 16, 3], [17, 4, 18, 5]]"
12a_1273_141,"[[17, 4, 18, 5], [19, 6, 20, 7], [21, 9, 22, 8], [23, 11, 24, 10], [1, 13, 2, 12], [3, 16, 4, 17], [5, 18, 6, 19], [7, 14, 8, 15], [9, 23, 10, 22], [11, 1, 12, 24], [13, 21, 14, 20], [15, 2, 16, 3]]"
12a_1273_142,"[[15, 2, 16, 3], [17, 4, 18, 5], [19, 6, 20, 7], [21, 9, 22, 8], [23, 11, 24, 10], [1, 13, 2, 12], [3, 16, 4, 17], [5, 18, 6, 19], [7, 14, 8, 15], [9, 23, 10, 22], [11, 1, 12, 24], [13, 21, 14, 20]]"
12a_1273_143,"[[13, 21, 14, 20], [15, 2, 16, 3], [17, 4, 18, 5], [19, 6, 20, 7], [21, 9, 22, 8], [23, 11, 24, 10], [1, 13, 2, 12], [3, 16, 4, 17], [5, 18, 6, 19], [7, 14, 8, 15], [9, 23, 10, 22], [11, 1, 12, 24]]"
12a_1273_144,"[[12, 2, 13, 1], [14, 22, 15, 21], [16, 3, 17, 4], [18, 5, 19, 6], [20, 7, 21, 8], [22, 10, 23, 9], [24, 12, 1, 11], [2, 14, 3, 13], [4, 17, 5, 18], [6, 19, 7, 20], [8, 15, 9, 16], [10, 24, 11, 23]]"
12a_1273_145,"[[10, 24, 11, 23], [12, 2, 13, 1], [14, 22, 15, 21], [16, 3, 17, 4], [18, 5, 19, 6], [20, 7, 21, 8], [22, 10, 23, 9], [24, 12, 1, 11], [2, 14, 3, 13], [4, 17, 5, 18], [6, 19, 7, 20], [8, 15, 9, 16]]"
12a_1273_146,"[[8, 15, 9, 16], [10, 24, 11, 23], [12, 2, 13, 1], [14, 22, 15, 21], [16, 3, 17, 4], [18, 5, 19, 6], [20, 7, 21, 8], [22, 10, 23, 9], [24, 12, 1, 11], [2, 14, 3, 13], [4, 17, 5, 18], [6, 19, 7, 20]]"
12a_1273_147,"[[6, 19, 7, 20], [8, 15, 9, 16], [10, 24, 11, 23], [12, 2, 13, 1], [14, 22, 15, 21], [16, 3, 17, 4], [18, 5, 19, 6], [20, 7, 21, 8], [22, 10, 23, 9], [24, 12, 1, 11], [2, 14, 3, 13], [4, 17, 5, 18]]"
12a_1273_148,"[[4, 17, 5, 18], [6, 19, 7, 20], [8, 15, 9, 16], [10, 24, 11, 23], [12, 2, 13, 1], [14, 22, 15, 21], [16, 3, 17, 4], [18, 5, 19, 6], [20, 7, 21, 8], [22, 10, 23, 9], [24, 12, 1, 11], [2, 14, 3, 13]]"
12a_1273_149,"[[2, 14, 3, 13], [4, 17, 5, 18], [6, 19, 7, 20], [8, 15, 9, 16], [10, 24, 11, 23], [12, 2, 13, 1], [14, 22, 15, 21], [16, 3, 17, 4], [18, 5, 19, 6], [20, 7, 21, 8], [22, 10, 23, 9], [24, 12, 1, 11]]"
12a_1273_150,"[[24, 12, 1, 11], [2, 14, 3, 13], [4, 17, 5, 18], [6, 19, 7, 20], [8, 15, 9, 16], [10, 24, 11, 23], [12, 2, 13, 1], [14, 22, 15, 21], [16, 3, 17, 4], [18, 5, 19, 6], [20, 7, 21, 8], [22, 10, 23, 9]]"
12a_1273_151,"[[22, 10, 23, 9], [24, 12, 1, 11], [2, 14, 3, 13], [4, 17, 5, 18], [6, 19, 7, 20], [8, 15, 9, 16], [10, 24, 11, 23], [12, 2, 13, 1], [14, 22, 15, 21], [16, 3, 17, 4], [18, 5, 19, 6], [20, 7, 21, 8]]"
12a_1273_152,"[[20, 7, 21, 8], [22, 10, 23, 9], [24, 12, 1, 11], [2, 14, 3, 13], [4, 17, 5, 18], [6, 19, 7, 20], [8, 15, 9, 16], [10, 24, 11, 23], [12, 2, 13, 1], [14, 22, 15, 21], [16, 3, 17, 4], [18, 5, 19, 6]]"
12a_1273_153,"[[18, 5, 19, 6], [20, 7, 21, 8], [22, 10, 23, 9], [24, 12, 1, 11], [2, 14, 3, 13], [4, 17, 5, 18], [6, 19, 7, 20], [8, 15, 9, 16], [10, 24, 11, 23], [12, 2, 13, 1], [14, 22, 15, 21], [16, 3, 17, 4]]"
12a_1273_154,"[[16, 3, 17, 4], [18, 5, 19, 6], [20, 7, 21, 8], [22, 10, 23, 9], [24, 12, 1, 11], [2, 14, 3, 13], [4, 17, 5, 18], [6, 19, 7, 20], [8, 15, 9, 16], [10, 24, 11, 23], [12, 2, 13, 1], [14, 22, 15, 21]]"
12a_1273_155,"[[14, 22, 15, 21], [16, 3, 17, 4], [18, 5, 19, 6], [20, 7, 21, 8], [22, 10, 23, 9], [24, 12, 1, 11], [2, 14, 3, 13], [4, 17, 5, 18], [6, 19, 7, 20], [8, 15, 9, 16], [10, 24, 11, 23], [12, 2, 13, 1]]"
12a_1273_156,"[[13, 3, 14, 2], [15, 23, 16, 22], [17, 4, 18, 5], [19, 6, 20, 7], [21, 8, 22, 9], [23, 11, 24, 10], [1, 13, 2, 12], [3, 15, 4, 14], [5, 18, 6, 19], [7, 20, 8, 21], [9, 16, 10, 17], [11, 1, 12, 24]]"
12a_1273_157,"[[11, 1, 12, 24], [13, 3, 14, 2], [15, 23, 16, 22], [17, 4, 18, 5], [19, 6, 20, 7], [21, 8, 22, 9], [23, 11, 24, 10], [1, 13, 2, 12], [3, 15, 4, 14], [5, 18, 6, 19], [7, 20, 8, 21], [9, 16, 10, 17]]"
12a_1273_158,"[[9, 16, 10, 17], [11, 1, 12, 24], [13, 3, 14, 2], [15, 23, 16, 22], [17, 4, 18, 5], [19, 6, 20, 7], [21, 8, 22, 9], [23, 11, 24, 10], [1, 13, 2, 12], [3, 15, 4, 14], [5, 18, 6, 19], [7, 20, 8, 21]]"
12a_1273_159,"[[7, 20, 8, 21], [9, 16, 10, 17], [11, 1, 12, 24], [13, 3, 14, 2], [15, 23, 16, 22], [17, 4, 18, 5], [19, 6, 20, 7], [21, 8, 22, 9], [23, 11, 24, 10], [1, 13, 2, 12], [3, 15, 4, 14], [5, 18, 6, 19]]"
12a_1273_160,"[[5, 18, 6, 19], [7, 20, 8, 21], [9, 16, 10, 17], [11, 1, 12, 24], [13, 3, 14, 2], [15, 23, 16, 22], [17, 4, 18, 5], [19, 6, 20, 7], [21, 8, 22, 9], [23, 11, 24, 10], [1, 13, 2, 12], [3, 15, 4, 14]]"
12a_1273_161,"[[3, 15, 4, 14], [5, 18, 6, 19], [7, 20, 8, 21], [9, 16, 10, 17], [11, 1, 12, 24], [13, 3, 14, 2], [15, 23, 16, 22], [17, 4, 18, 5], [19, 6, 20, 7], [21, 8, 22, 9], [23, 11, 24, 10], [1, 13, 2, 12]]"
12a_1273_162,"[[1, 13, 2, 12], [3, 15, 4, 14], [5, 18, 6, 19], [7, 20, 8, 21], [9, 16, 10, 17], [11, 1, 12, 24], [13, 3, 14, 2], [15, 23, 16, 22], [17, 4, 18, 5], [19, 6, 20, 7], [21, 8, 22, 9], [23, 11, 24, 10]]"
12a_1273_163,"[[23, 11, 24, 10], [1, 13, 2, 12], [3, 15, 4, 14], [5, 18, 6, 19], [7, 20, 8, 21], [9, 16, 10, 17], [11, 1, 12, 24], [13, 3, 14, 2], [15, 23, 16, 22], [17, 4, 18, 5], [19, 6, 20, 7], [21, 8, 22, 9]]"
12a_1273_164,"[[21, 8, 22, 9], [23, 11, 24, 10], [1, 13, 2, 12], [3, 15, 4, 14], [5, 18, 6, 19], [7, 20, 8, 21], [9, 16, 10, 17], [11, 1, 12, 24], [13, 3, 14, 2], [15, 23, 16, 22], [17, 4, 18, 5], [19, 6, 20, 7]]"
12a_1273_165,"[[19, 6, 20, 7], [21, 8, 22, 9], [23, 11, 24, 10], [1, 13, 2, 12], [3, 15, 4, 14], [5, 18, 6, 19], [7, 20, 8, 21], [9, 16, 10, 17], [11, 1, 12, 24], [13, 3, 14, 2], [15, 23, 16, 22], [17, 4, 18, 5]]"
12a_1273_166,"[[17, 4, 18, 5], [19, 6, 20, 7], [21, 8, 22, 9], [23, 11, 24, 10], [1, 13, 2, 12], [3, 15, 4, 14], [5, 18, 6, 19], [7, 20, 8, 21], [9, 16, 10, 17], [11, 1, 12, 24], [13, 3, 14, 2], [15, 23, 16, 22]]"
12a_1273_167,"[[15, 23, 16, 22], [17, 4, 18, 5], [19, 6, 20, 7], [21, 8, 22, 9], [23, 11, 24, 10], [1, 13, 2, 12], [3, 15, 4, 14], [5, 18, 6, 19], [7, 20, 8, 21], [9, 16, 10, 17], [11, 1, 12, 24], [13, 3, 14, 2]]"
12a_1273_168,"[[14, 4, 15, 3], [16, 24, 17, 23], [18, 5, 19, 6], [20, 7, 21, 8], [22, 9, 23, 10], [24, 12, 1, 11], [2, 14, 3, 13], [4, 16, 5, 15], [6, 19, 7, 20], [8, 21, 9, 22], [10, 17, 11, 18], [12, 2, 13, 1]]"
12a_1273_169,"[[12, 2, 13, 1], [14, 4, 15, 3], [16, 24, 17, 23], [18, 5, 19, 6], [20, 7, 21, 8], [22, 9, 23, 10], [24, 12, 1, 11], [2, 14, 3, 13], [4, 16, 5, 15], [6, 19, 7, 20], [8, 21, 9, 22], [10, 17, 11, 18]]"
12a_1273_170,"[[10, 17, 11, 18], [12, 2, 13, 1], [14, 4, 15, 3], [16, 24, 17, 23], [18, 5, 19, 6], [20, 7, 21, 8], [22, 9, 23, 10], [24, 12, 1, 11], [2, 14, 3, 13], [4, 16, 5, 15], [6, 19, 7, 20], [8, 21, 9, 22]]"
12a_1273_171,"[[8, 21, 9, 22], [10, 17, 11, 18], [12, 2, 13, 1], [14, 4, 15, 3], [16, 24, 17, 23], [18, 5, 19, 6], [20, 7, 21, 8], [22, 9, 23, 10], [24, 12, 1, 11], [2, 14, 3, 13], [4, 16, 5, 15], [6, 19, 7, 20]]"
12a_1273_172,"[[6, 19, 7, 20], [8, 21, 9, 22], [10, 17, 11, 18], [12, 2, 13, 1], [14, 4, 15, 3], [16, 24, 17, 23], [18, 5, 19, 6], [20, 7, 21, 8], [22, 9, 23, 10], [24, 12, 1, 11], [2, 14, 3, 13], [4, 16, 5, 15]]"
12a_1273_173,"[[4, 16, 5, 15], [6, 19, 7, 20], [8, 21, 9, 22], [10, 17, 11, 18], [12, 2, 13, 1], [14, 4, 15, 3], [16, 24, 17, 23], [18, 5, 19, 6], [20, 7, 21, 8], [22, 9, 23, 10], [24, 12, 1, 11], [2, 14, 3, 13]]"
12a_1273_174,"[[2, 14, 3, 13], [4, 16, 5, 15], [6, 19, 7, 20], [8, 21, 9, 22], [10, 17, 11, 18], [12, 2, 13, 1], [14, 4, 15, 3], [16, 24, 17, 23], [18, 5, 19, 6], [20, 7, 21, 8], [22, 9, 23, 10], [24, 12, 1, 11]]"
12a_1273_175,"[[24, 12, 1, 11], [2, 14, 3, 13], [4, 16, 5, 15], [6, 19, 7, 20], [8, 21, 9, 22], [10, 17, 11, 18], [12, 2, 13, 1], [14, 4, 15, 3], [16, 24, 17, 23], [18, 5, 19, 6], [20, 7, 21, 8], [22, 9, 23, 10]]"
12a_1273_176,"[[22, 9, 23, 10], [24, 12, 1, 11], [2, 14, 3, 13], [4, 16, 5, 15], [6, 19, 7, 20], [8, 21, 9, 22], [10, 17, 11, 18], [12, 2, 13, 1], [14, 4, 15, 3], [16, 24, 17, 23], [18, 5, 19, 6], [20, 7, 21, 8]]"
12a_1273_177,"[[20, 7, 21, 8], [22, 9, 23, 10], [24, 12, 1, 11], [2, 14, 3, 13], [4, 16, 5, 15], [6, 19, 7, 20], [8, 21, 9, 22], [10, 17, 11, 18], [12, 2, 13, 1], [14, 4, 15, 3], [16, 24, 17, 23], [18, 5, 19, 6]]"
12a_1273_178,"[[18, 5, 19, 6], [20, 7, 21, 8], [22, 9, 23, 10], [24, 12, 1, 11], [2, 14, 3, 13], [4, 16, 5, 15], [6, 19, 7, 20], [8, 21, 9, 22], [10, 17, 11, 18], [12, 2, 13, 1], [14, 4, 15, 3], [16, 24, 17, 23]]"
12a_1273_179,"[[16, 24, 17, 23], [18, 5, 19, 6], [20, 7, 21, 8], [22, 9, 23, 10], [24, 12, 1, 11], [2, 14, 3, 13], [4, 16, 5, 15], [6, 19, 7, 20], [8, 21, 9, 22], [10, 17, 11, 18], [12, 2, 13, 1], [14, 4, 15, 3]]"
12a_1273_180,"[[15, 5, 16, 4], [17, 1, 18, 24], [19, 6, 20, 7], [21, 8, 22, 9], [23, 10, 24, 11], [1, 13, 2, 12], [3, 15, 4, 14], [5, 17, 6, 16], [7, 20, 8, 21], [9, 22, 10, 23], [11, 18, 12, 19], [13, 3, 14, 2]]"
12a_1273_181,"[[13, 3, 14, 2], [15, 5, 16, 4], [17, 1, 18, 24], [19, 6, 20, 7], [21, 8, 22, 9], [23, 10, 24, 11], [1, 13, 2, 12], [3, 15, 4, 14], [5, 17, 6, 16], [7, 20, 8, 21], [9, 22, 10, 23], [11, 18, 12, 19]]"
12a_1273_182,"[[11, 18, 12, 19], [13, 3, 14, 2], [15, 5, 16, 4], [17, 1, 18, 24], [19, 6, 20, 7], [21, 8, 22, 9], [23, 10, 24, 11], [1, 13, 2, 12], [3, 15, 4, 14], [5, 17, 6, 16], [7, 20, 8, 21], [9, 22, 10, 23]]"
12a_1273_183,"[[9, 22, 10, 23], [11, 18, 12, 19], [13, 3, 14, 2], [15, 5, 16, 4], [17, 1, 18, 24], [19, 6, 20, 7], [21, 8, 22, 9], [23, 10, 24, 11], [1, 13, 2, 12], [3, 15, 4, 14], [5, 17, 6, 16], [7, 20, 8, 21]]"
12a_1273_184,"[[7, 20, 8, 21], [9, 22, 10, 23], [11, 18, 12, 19], [13, 3, 14, 2], [15, 5, 16, 4], [17, 1, 18, 24], [19, 6, 20, 7], [21, 8, 22, 9], [23, 10, 24, 11], [1, 13, 2, 12], [3, 15, 4, 14], [5, 17, 6, 16]]"
12a_1273_185,"[[5, 17, 6, 16], [7, 20, 8, 21], [9, 22, 10, 23], [11, 18, 12, 19], [13, 3, 14, 2], [15, 5, 16, 4], [17, 1, 18, 24], [19, 6, 20, 7], [21, 8, 22, 9], [23, 10, 24, 11], [1, 13, 2, 12], [3, 15, 4, 14]]"
