name,pd_notation
12a_0065_0,"[[24, 17, 1, 18], [2, 6, 3, 5], [4, 10, 5, 9], [6, 14, 7, 13], [8, 4, 9, 3], [10, 23, 11, 24], [12, 8, 13, 7], [14, 19, 15, 20], [16, 21, 17, 22], [18, 1, 19, 2], [20, 15, 21, 16], [22, 11, 23, 12]]"
12a_0065_1,"[[22, 11, 23, 12], [24, 17, 1, 18], [2, 6, 3, 5], [4, 10, 5, 9], [6, 14, 7, 13], [8, 4, 9, 3], [10, 23, 11, 24], [12, 8, 13, 7], [14, 19, 15, 20], [16, 21, 17, 22], [18, 1, 19, 2], [20, 15, 21, 16]]"
12a_0065_2,"[[20, 15, 21, 16], [22, 11, 23, 12], [24, 17, 1, 18], [2, 6, 3, 5], [4, 10, 5, 9], [6, 14, 7, 13], [8, 4, 9, 3], [10, 23, 11, 24], [12, 8, 13, 7], [14, 19, 15, 20], [16, 21, 17, 22], [18, 1, 19, 2]]"
12a_0065_3,"[[18, 1, 19, 2], [20, 15, 21, 16], [22, 11, 23, 12], [24, 17, 1, 18], [2, 6, 3, 5], [4, 10, 5, 9], [6, 14, 7, 13], [8, 4, 9, 3], [10, 23, 11, 24], [12, 8, 13, 7], [14, 19, 15, 20], [16, 21, 17, 22]]"
12a_0065_4,"[[16, 21, 17, 22], [18, 1, 19, 2], [20, 15, 21, 16], [22, 11, 23, 12], [24, 17, 1, 18], [2, 6, 3, 5], [4, 10, 5, 9], [6, 14, 7, 13], [8, 4, 9, 3], [10, 23, 11, 24], [12, 8, 13, 7], [14, 19, 15, 20]]"
12a_0065_5,"[[14, 19, 15, 20], [16, 21, 17, 22], [18, 1, 19, 2], [20, 15, 21, 16], [22, 11, 23, 12], [24, 17, 1, 18], [2, 6, 3, 5], [4, 10, 5, 9], [6, 14, 7, 13], [8, 4, 9, 3], [10, 23, 11, 24], [12, 8, 13, 7]]"
12a_0065_6,"[[12, 8, 13, 7], [14, 19, 15, 20], [16, 21, 17, 22], [18, 1, 19, 2], [20, 15, 21, 16], [22, 11, 23, 12], [24, 17, 1, 18], [2, 6, 3, 5], [4, 10, 5, 9], [6, 14, 7, 13], [8, 4, 9, 3], [10, 23, 11, 24]]"
12a_0065_7,"[[10, 23, 11, 24], [12, 8, 13, 7], [14, 19, 15, 20], [16, 21, 17, 22], [18, 1, 19, 2], [20, 15, 21, 16], [22, 11, 23, 12], [24, 17, 1, 18], [2, 6, 3, 5], [4, 10, 5, 9], [6, 14, 7, 13], [8, 4, 9, 3]]"
12a_0065_8,"[[8, 4, 9, 3], [10, 23, 11, 24], [12, 8, 13, 7], [14, 19, 15, 20], [16, 21, 17, 22], [18, 1, 19, 2], [20, 15, 21, 16], [22, 11, 23, 12], [24, 17, 1, 18], [2, 6, 3, 5], [4, 10, 5, 9], [6, 14, 7, 13]]"
12a_0065_9,"[[6, 14, 7, 13], [8, 4, 9, 3], [10, 23, 11, 24], [12, 8, 13, 7], [14, 19, 15, 20], [16, 21, 17, 22], [18, 1, 19, 2], [20, 15, 21, 16], [22, 11, 23, 12], [24, 17, 1, 18], [2, 6, 3, 5], [4, 10, 5, 9]]"
12a_0065_10,"[[4, 10, 5, 9], [6, 14, 7, 13], [8, 4, 9, 3], [10, 23, 11, 24], [12, 8, 13, 7], [14, 19, 15, 20], [16, 21, 17, 22], [18, 1, 19, 2], [20, 15, 21, 16], [22, 11, 23, 12], [24, 17, 1, 18], [2, 6, 3, 5]]"
12a_0065_11,"[[2, 6, 3, 5], [4, 10, 5, 9], [6, 14, 7, 13], [8, 4, 9, 3], [10, 23, 11, 24], [12, 8, 13, 7], [14, 19, 15, 20], [16, 21, 17, 22], [18, 1, 19, 2], [20, 15, 21, 16], [22, 11, 23, 12], [24, 17, 1, 18]]"
12a_0065_12,"[[1, 18, 2, 19], [3, 7, 4, 6], [5, 11, 6, 10], [7, 15, 8, 14], [9, 5, 10, 4], [11, 24, 12, 1], [13, 9, 14, 8], [15, 20, 16, 21], [17, 22, 18, 23], [19, 2, 20, 3], [21, 16, 22, 17], [23, 12, 24, 13]]"
12a_0065_13,"[[23, 12, 24, 13], [1, 18, 2, 19], [3, 7, 4, 6], [5, 11, 6, 10], [7, 15, 8, 14], [9, 5, 10, 4], [11, 24, 12, 1], [13, 9, 14, 8], [15, 20, 16, 21], [17, 22, 18, 23], [19, 2, 20, 3], [21, 16, 22, 17]]"
12a_0065_14,"[[21, 16, 22, 17], [23, 12, 24, 13], [1, 18, 2, 19], [3, 7, 4, 6], [5, 11, 6, 10], [7, 15, 8, 14], [9, 5, 10, 4], [11, 24, 12, 1], [13, 9, 14, 8], [15, 20, 16, 21], [17, 22, 18, 23], [19, 2, 20, 3]]"
12a_0065_15,"[[19, 2, 20, 3], [21, 16, 22, 17], [23, 12, 24, 13], [1, 18, 2, 19], [3, 7, 4, 6], [5, 11, 6, 10], [7, 15, 8, 14], [9, 5, 10, 4], [11, 24, 12, 1], [13, 9, 14, 8], [15, 20, 16, 21], [17, 22, 18, 23]]"
12a_0065_16,"[[17, 22, 18, 23], [19, 2, 20, 3], [21, 16, 22, 17], [23, 12, 24, 13], [1, 18, 2, 19], [3, 7, 4, 6], [5, 11, 6, 10], [7, 15, 8, 14], [9, 5, 10, 4], [11, 24, 12, 1], [13, 9, 14, 8], [15, 20, 16, 21]]"
12a_0065_17,"[[15, 20, 16, 21], [17, 22, 18, 23], [19, 2, 20, 3], [21, 16, 22, 17], [23, 12, 24, 13], [1, 18, 2, 19], [3, 7, 4, 6], [5, 11, 6, 10], [7, 15, 8, 14], [9, 5, 10, 4], [11, 24, 12, 1], [13, 9, 14, 8]]"
12a_0065_18,"[[13, 9, 14, 8], [15, 20, 16, 21], [17, 22, 18, 23], [19, 2, 20, 3], [21, 16, 22, 17], [23, 12, 24, 13], [1, 18, 2, 19], [3, 7, 4, 6], [5, 11, 6, 10], [7, 15, 8, 14], [9, 5, 10, 4], [11, 24, 12, 1]]"
12a_0065_19,"[[11, 24, 12, 1], [13, 9, 14, 8], [15, 20, 16, 21], [17, 22, 18, 23], [19, 2, 20, 3], [21, 16, 22, 17], [23, 12, 24, 13], [1, 18, 2, 19], [3, 7, 4, 6], [5, 11, 6, 10], [7, 15, 8, 14], [9, 5, 10, 4]]"
12a_0065_20,"[[9, 5, 10, 4], [11, 24, 12, 1], [13, 9, 14, 8], [15, 20, 16, 21], [17, 22, 18, 23], [19, 2, 20, 3], [21, 16, 22, 17], [23, 12, 24, 13], [1, 18, 2, 19], [3, 7, 4, 6], [5, 11, 6, 10], [7, 15, 8, 14]]"
12a_0065_21,"[[7, 15, 8, 14], [9, 5, 10, 4], [11, 24, 12, 1], [13, 9, 14, 8], [15, 20, 16, 21], [17, 22, 18, 23], [19, 2, 20, 3], [21, 16, 22, 17], [23, 12, 24, 13], [1, 18, 2, 19], [3, 7, 4, 6], [5, 11, 6, 10]]"
12a_0065_22,"[[5, 11, 6, 10], [7, 15, 8, 14], [9, 5, 10, 4], [11, 24, 12, 1], [13, 9, 14, 8], [15, 20, 16, 21], [17, 22, 18, 23], [19, 2, 20, 3], [21, 16, 22, 17], [23, 12, 24, 13], [1, 18, 2, 19], [3, 7, 4, 6]]"
12a_0065_23,"[[3, 7, 4, 6], [5, 11, 6, 10], [7, 15, 8, 14], [9, 5, 10, 4], [11, 24, 12, 1], [13, 9, 14, 8], [15, 20, 16, 21], [17, 22, 18, 23], [19, 2, 20, 3], [21, 16, 22, 17], [23, 12, 24, 13], [1, 18, 2, 19]]"
12a_0065_24,"[[2, 19, 3, 20], [4, 8, 5, 7], [6, 12, 7, 11], [8, 16, 9, 15], [10, 6, 11, 5], [12, 1, 13, 2], [14, 10, 15, 9], [16, 21, 17, 22], [18, 23, 19, 24], [20, 3, 21, 4], [22, 17, 23, 18], [24, 13, 1, 14]]"
12a_0065_25,"[[24, 13, 1, 14], [2, 19, 3, 20], [4, 8, 5, 7], [6, 12, 7, 11], [8, 16, 9, 15], [10, 6, 11, 5], [12, 1, 13, 2], [14, 10, 15, 9], [16, 21, 17, 22], [18, 23, 19, 24], [20, 3, 21, 4], [22, 17, 23, 18]]"
12a_0065_26,"[[22, 17, 23, 18], [24, 13, 1, 14], [2, 19, 3, 20], [4, 8, 5, 7], [6, 12, 7, 11], [8, 16, 9, 15], [10, 6, 11, 5], [12, 1, 13, 2], [14, 10, 15, 9], [16, 21, 17, 22], [18, 23, 19, 24], [20, 3, 21, 4]]"
12a_0065_27,"[[20, 3, 21, 4], [22, 17, 23, 18], [24, 13, 1, 14], [2, 19, 3, 20], [4, 8, 5, 7], [6, 12, 7, 11], [8, 16, 9, 15], [10, 6, 11, 5], [12, 1, 13, 2], [14, 10, 15, 9], [16, 21, 17, 22], [18, 23, 19, 24]]"
12a_0065_28,"[[18, 23, 19, 24], [20, 3, 21, 4], [22, 17, 23, 18], [24, 13, 1, 14], [2, 19, 3, 20], [4, 8, 5, 7], [6, 12, 7, 11], [8, 16, 9, 15], [10, 6, 11, 5], [12, 1, 13, 2], [14, 10, 15, 9], [16, 21, 17, 22]]"
12a_0065_29,"[[16, 21, 17, 22], [18, 23, 19, 24], [20, 3, 21, 4], [22, 17, 23, 18], [24, 13, 1, 14], [2, 19, 3, 20], [4, 8, 5, 7], [6, 12, 7, 11], [8, 16, 9, 15], [10, 6, 11, 5], [12, 1, 13, 2], [14, 10, 15, 9]]"
12a_0065_30,"[[14, 10, 15, 9], [16, 21, 17, 22], [18, 23, 19, 24], [20, 3, 21, 4], [22, 17, 23, 18], [24, 13, 1, 14], [2, 19, 3, 20], [4, 8, 5, 7], [6, 12, 7, 11], [8, 16, 9, 15], [10, 6, 11, 5], [12, 1, 13, 2]]"
12a_0065_31,"[[12, 1, 13, 2], [14, 10, 15, 9], [16, 21, 17, 22], [18, 23, 19, 24], [20, 3, 21, 4], [22, 17, 23, 18], [24, 13, 1, 14], [2, 19, 3, 20], [4, 8, 5, 7], [6, 12, 7, 11], [8, 16, 9, 15], [10, 6, 11, 5]]"
12a_0065_32,"[[10, 6, 11, 5], [12, 1, 13, 2], [14, 10, 15, 9], [16, 21, 17, 22], [18, 23, 19, 24], [20, 3, 21, 4], [22, 17, 23, 18], [24, 13, 1, 14], [2, 19, 3, 20], [4, 8, 5, 7], [6, 12, 7, 11], [8, 16, 9, 15]]"
12a_0065_33,"[[8, 16, 9, 15], [10, 6, 11, 5], [12, 1, 13, 2], [14, 10, 15, 9], [16, 21, 17, 22], [18, 23, 19, 24], [20, 3, 21, 4], [22, 17, 23, 18], [24, 13, 1, 14], [2, 19, 3, 20], [4, 8, 5, 7], [6, 12, 7, 11]]"
12a_0065_34,"[[6, 12, 7, 11], [8, 16, 9, 15], [10, 6, 11, 5], [12, 1, 13, 2], [14, 10, 15, 9], [16, 21, 17, 22], [18, 23, 19, 24], [20, 3, 21, 4], [22, 17, 23, 18], [24, 13, 1, 14], [2, 19, 3, 20], [4, 8, 5, 7]]"
12a_0065_35,"[[4, 8, 5, 7], [6, 12, 7, 11], [8, 16, 9, 15], [10, 6, 11, 5], [12, 1, 13, 2], [14, 10, 15, 9], [16, 21, 17, 22], [18, 23, 19, 24], [20, 3, 21, 4], [22, 17, 23, 18], [24, 13, 1, 14], [2, 19, 3, 20]]"
12a_0065_36,"[[3, 20, 4, 21], [5, 9, 6, 8], [7, 13, 8, 12], [9, 17, 10, 16], [11, 7, 12, 6], [13, 2, 14, 3], [15, 11, 16, 10], [17, 22, 18, 23], [19, 24, 20, 1], [21, 4, 22, 5], [23, 18, 24, 19], [1, 14, 2, 15]]"
12a_0065_37,"[[1, 14, 2, 15], [3, 20, 4, 21], [5, 9, 6, 8], [7, 13, 8, 12], [9, 17, 10, 16], [11, 7, 12, 6], [13, 2, 14, 3], [15, 11, 16, 10], [17, 22, 18, 23], [19, 24, 20, 1], [21, 4, 22, 5], [23, 18, 24, 19]]"
12a_0065_38,"[[23, 18, 24, 19], [1, 14, 2, 15], [3, 20, 4, 21], [5, 9, 6, 8], [7, 13, 8, 12], [9, 17, 10, 16], [11, 7, 12, 6], [13, 2, 14, 3], [15, 11, 16, 10], [17, 22, 18, 23], [19, 24, 20, 1], [21, 4, 22, 5]]"
12a_0065_39,"[[21, 4, 22, 5], [23, 18, 24, 19], [1, 14, 2, 15], [3, 20, 4, 21], [5, 9, 6, 8], [7, 13, 8, 12], [9, 17, 10, 16], [11, 7, 12, 6], [13, 2, 14, 3], [15, 11, 16, 10], [17, 22, 18, 23], [19, 24, 20, 1]]"
12a_0065_40,"[[19, 24, 20, 1], [21, 4, 22, 5], [23, 18, 24, 19], [1, 14, 2, 15], [3, 20, 4, 21], [5, 9, 6, 8], [7, 13, 8, 12], [9, 17, 10, 16], [11, 7, 12, 6], [13, 2, 14, 3], [15, 11, 16, 10], [17, 22, 18, 23]]"
12a_0065_41,"[[17, 22, 18, 23], [19, 24, 20, 1], [21, 4, 22, 5], [23, 18, 24, 19], [1, 14, 2, 15], [3, 20, 4, 21], [5, 9, 6, 8], [7, 13, 8, 12], [9, 17, 10, 16], [11, 7, 12, 6], [13, 2, 14, 3], [15, 11, 16, 10]]"
12a_0065_42,"[[15, 11, 16, 10], [17, 22, 18, 23], [19, 24, 20, 1], [21, 4, 22, 5], [23, 18, 24, 19], [1, 14, 2, 15], [3, 20, 4, 21], [5, 9, 6, 8], [7, 13, 8, 12], [9, 17, 10, 16], [11, 7, 12, 6], [13, 2, 14, 3]]"
12a_0065_43,"[[13, 2, 14, 3], [15, 11, 16, 10], [17, 22, 18, 23], [19, 24, 20, 1], [21, 4, 22, 5], [23, 18, 24, 19], [1, 14, 2, 15], [3, 20, 4, 21], [5, 9, 6, 8], [7, 13, 8, 12], [9, 17, 10, 16], [11, 7, 12, 6]]"
12a_0065_44,"[[11, 7, 12, 6], [13, 2, 14, 3], [15, 11, 16, 10], [17, 22, 18, 23], [19, 24, 20, 1], [21, 4, 22, 5], [23, 18, 24, 19], [1, 14, 2, 15], [3, 20, 4, 21], [5, 9, 6, 8], [7, 13, 8, 12], [9, 17, 10, 16]]"
12a_0065_45,"[[9, 17, 10, 16], [11, 7, 12, 6], [13, 2, 14, 3], [15, 11, 16, 10], [17, 22, 18, 23], [19, 24, 20, 1], [21, 4, 22, 5], [23, 18, 24, 19], [1, 14, 2, 15], [3, 20, 4, 21], [5, 9, 6, 8], [7, 13, 8, 12]]"
12a_0065_46,"[[7, 13, 8, 12], [9, 17, 10, 16], [11, 7, 12, 6], [13, 2, 14, 3], [15, 11, 16, 10], [17, 22, 18, 23], [19, 24, 20, 1], [21, 4, 22, 5], [23, 18, 24, 19], [1, 14, 2, 15], [3, 20, 4, 21], [5, 9, 6, 8]]"
12a_0065_47,"[[5, 9, 6, 8], [7, 13, 8, 12], [9, 17, 10, 16], [11, 7, 12, 6], [13, 2, 14, 3], [15, 11, 16, 10], [17, 22, 18, 23], [19, 24, 20, 1], [21, 4, 22, 5], [23, 18, 24, 19], [1, 14, 2, 15], [3, 20, 4, 21]]"
12a_0065_48,"[[4, 21, 5, 22], [6, 10, 7, 9], [8, 14, 9, 13], [10, 18, 11, 17], [12, 8, 13, 7], [14, 3, 15, 4], [16, 12, 17, 11], [18, 23, 19, 24], [20, 1, 21, 2], [22, 5, 23, 6], [24, 19, 1, 20], [2, 15, 3, 16]]"
12a_0065_49,"[[2, 15, 3, 16], [4, 21, 5, 22], [6, 10, 7, 9], [8, 14, 9, 13], [10, 18, 11, 17], [12, 8, 13, 7], [14, 3, 15, 4], [16, 12, 17, 11], [18, 23, 19, 24], [20, 1, 21, 2], [22, 5, 23, 6], [24, 19, 1, 20]]"
12a_0065_50,"[[24, 19, 1, 20], [2, 15, 3, 16], [4, 21, 5, 22], [6, 10, 7, 9], [8, 14, 9, 13], [10, 18, 11, 17], [12, 8, 13, 7], [14, 3, 15, 4], [16, 12, 17, 11], [18, 23, 19, 24], [20, 1, 21, 2], [22, 5, 23, 6]]"
12a_0065_51,"[[22, 5, 23, 6], [24, 19, 1, 20], [2, 15, 3, 16], [4, 21, 5, 22], [6, 10, 7, 9], [8, 14, 9, 13], [10, 18, 11, 17], [12, 8, 13, 7], [14, 3, 15, 4], [16, 12, 17, 11], [18, 23, 19, 24], [20, 1, 21, 2]]"
12a_0065_52,"[[20, 1, 21, 2], [22, 5, 23, 6], [24, 19, 1, 20], [2, 15, 3, 16], [4, 21, 5, 22], [6, 10, 7, 9], [8, 14, 9, 13], [10, 18, 11, 17], [12, 8, 13, 7], [14, 3, 15, 4], [16, 12, 17, 11], [18, 23, 19, 24]]"
12a_0065_53,"[[18, 23, 19, 24], [20, 1, 21, 2], [22, 5, 23, 6], [24, 19, 1, 20], [2, 15, 3, 16], [4, 21, 5, 22], [6, 10, 7, 9], [8, 14, 9, 13], [10, 18, 11, 17], [12, 8, 13, 7], [14, 3, 15, 4], [16, 12, 17, 11]]"
12a_0065_54,"[[16, 12, 17, 11], [18, 23, 19, 24], [20, 1, 21, 2], [22, 5, 23, 6], [24, 19, 1, 20], [2, 15, 3, 16], [4, 21, 5, 22], [6, 10, 7, 9], [8, 14, 9, 13], [10, 18, 11, 17], [12, 8, 13, 7], [14, 3, 15, 4]]"
12a_0065_55,"[[14, 3, 15, 4], [16, 12, 17, 11], [18, 23, 19, 24], [20, 1, 21, 2], [22, 5, 23, 6], [24, 19, 1, 20], [2, 15, 3, 16], [4, 21, 5, 22], [6, 10, 7, 9], [8, 14, 9, 13], [10, 18, 11, 17], [12, 8, 13, 7]]"
12a_0065_56,"[[12, 8, 13, 7], [14, 3, 15, 4], [16, 12, 17, 11], [18, 23, 19, 24], [20, 1, 21, 2], [22, 5, 23, 6], [24, 19, 1, 20], [2, 15, 3, 16], [4, 21, 5, 22], [6, 10, 7, 9], [8, 14, 9, 13], [10, 18, 11, 17]]"
12a_0065_57,"[[10, 18, 11, 17], [12, 8, 13, 7], [14, 3, 15, 4], [16, 12, 17, 11], [18, 23, 19, 24], [20, 1, 21, 2], [22, 5, 23, 6], [24, 19, 1, 20], [2, 15, 3, 16], [4, 21, 5, 22], [6, 10, 7, 9], [8, 14, 9, 13]]"
12a_0065_58,"[[8, 14, 9, 13], [10, 18, 11, 17], [12, 8, 13, 7], [14, 3, 15, 4], [16, 12, 17, 11], [18, 23, 19, 24], [20, 1, 21, 2], [22, 5, 23, 6], [24, 19, 1, 20], [2, 15, 3, 16], [4, 21, 5, 22], [6, 10, 7, 9]]"
12a_0065_59,"[[6, 10, 7, 9], [8, 14, 9, 13], [10, 18, 11, 17], [12, 8, 13, 7], [14, 3, 15, 4], [16, 12, 17, 11], [18, 23, 19, 24], [20, 1, 21, 2], [22, 5, 23, 6], [24, 19, 1, 20], [2, 15, 3, 16], [4, 21, 5, 22]]"
12a_0065_60,"[[5, 22, 6, 23], [7, 11, 8, 10], [9, 15, 10, 14], [11, 19, 12, 18], [13, 9, 14, 8], [15, 4, 16, 5], [17, 13, 18, 12], [19, 24, 20, 1], [21, 2, 22, 3], [23, 6, 24, 7], [1, 20, 2, 21], [3, 16, 4, 17]]"
12a_0065_61,"[[3, 16, 4, 17], [5, 22, 6, 23], [7, 11, 8, 10], [9, 15, 10, 14], [11, 19, 12, 18], [13, 9, 14, 8], [15, 4, 16, 5], [17, 13, 18, 12], [19, 24, 20, 1], [21, 2, 22, 3], [23, 6, 24, 7], [1, 20, 2, 21]]"
12a_0065_62,"[[1, 20, 2, 21], [3, 16, 4, 17], [5, 22, 6, 23], [7, 11, 8, 10], [9, 15, 10, 14], [11, 19, 12, 18], [13, 9, 14, 8], [15, 4, 16, 5], [17, 13, 18, 12], [19, 24, 20, 1], [21, 2, 22, 3], [23, 6, 24, 7]]"
12a_0065_63,"[[23, 6, 24, 7], [1, 20, 2, 21], [3, 16, 4, 17], [5, 22, 6, 23], [7, 11, 8, 10], [9, 15, 10, 14], [11, 19, 12, 18], [13, 9, 14, 8], [15, 4, 16, 5], [17, 13, 18, 12], [19, 24, 20, 1], [21, 2, 22, 3]]"
12a_0065_64,"[[21, 2, 22, 3], [23, 6, 24, 7], [1, 20, 2, 21], [3, 16, 4, 17], [5, 22, 6, 23], [7, 11, 8, 10], [9, 15, 10, 14], [11, 19, 12, 18], [13, 9, 14, 8], [15, 4, 16, 5], [17, 13, 18, 12], [19, 24, 20, 1]]"
12a_0065_65,"[[19, 24, 20, 1], [21, 2, 22, 3], [23, 6, 24, 7], [1, 20, 2, 21], [3, 16, 4, 17], [5, 22, 6, 23], [7, 11, 8, 10], [9, 15, 10, 14], [11, 19, 12, 18], [13, 9, 14, 8], [15, 4, 16, 5], [17, 13, 18, 12]]"
12a_0065_66,"[[17, 13, 18, 12], [19, 24, 20, 1], [21, 2, 22, 3], [23, 6, 24, 7], [1, 20, 2, 21], [3, 16, 4, 17], [5, 22, 6, 23], [7, 11, 8, 10], [9, 15, 10, 14], [11, 19, 12, 18], [13, 9, 14, 8], [15, 4, 16, 5]]"
12a_0065_67,"[[15, 4, 16, 5], [17, 13, 18, 12], [19, 24, 20, 1], [21, 2, 22, 3], [23, 6, 24, 7], [1, 20, 2, 21], [3, 16, 4, 17], [5, 22, 6, 23], [7, 11, 8, 10], [9, 15, 10, 14], [11, 19, 12, 18], [13, 9, 14, 8]]"
12a_0065_68,"[[13, 9, 14, 8], [15, 4, 16, 5], [17, 13, 18, 12], [19, 24, 20, 1], [21, 2, 22, 3], [23, 6, 24, 7], [1, 20, 2, 21], [3, 16, 4, 17], [5, 22, 6, 23], [7, 11, 8, 10], [9, 15, 10, 14], [11, 19, 12, 18]]"
12a_0065_69,"[[11, 19, 12, 18], [13, 9, 14, 8], [15, 4, 16, 5], [17, 13, 18, 12], [19, 24, 20, 1], [21, 2, 22, 3], [23, 6, 24, 7], [1, 20, 2, 21], [3, 16, 4, 17], [5, 22, 6, 23], [7, 11, 8, 10], [9, 15, 10, 14]]"
12a_0065_70,"[[9, 15, 10, 14], [11, 19, 12, 18], [13, 9, 14, 8], [15, 4, 16, 5], [17, 13, 18, 12], [19, 24, 20, 1], [21, 2, 22, 3], [23, 6, 24, 7], [1, 20, 2, 21], [3, 16, 4, 17], [5, 22, 6, 23], [7, 11, 8, 10]]"
12a_0065_71,"[[7, 11, 8, 10], [9, 15, 10, 14], [11, 19, 12, 18], [13, 9, 14, 8], [15, 4, 16, 5], [17, 13, 18, 12], [19, 24, 20, 1], [21, 2, 22, 3], [23, 6, 24, 7], [1, 20, 2, 21], [3, 16, 4, 17], [5, 22, 6, 23]]"
12a_0065_72,"[[6, 23, 7, 24], [8, 12, 9, 11], [10, 16, 11, 15], [12, 20, 13, 19], [14, 10, 15, 9], [16, 5, 17, 6], [18, 14, 19, 13], [20, 1, 21, 2], [22, 3, 23, 4], [24, 7, 1, 8], [2, 21, 3, 22], [4, 17, 5, 18]]"
12a_0065_73,"[[4, 17, 5, 18], [6, 23, 7, 24], [8, 12, 9, 11], [10, 16, 11, 15], [12, 20, 13, 19], [14, 10, 15, 9], [16, 5, 17, 6], [18, 14, 19, 13], [20, 1, 21, 2], [22, 3, 23, 4], [24, 7, 1, 8], [2, 21, 3, 22]]"
12a_0065_74,"[[2, 21, 3, 22], [4, 17, 5, 18], [6, 23, 7, 24], [8, 12, 9, 11], [10, 16, 11, 15], [12, 20, 13, 19], [14, 10, 15, 9], [16, 5, 17, 6], [18, 14, 19, 13], [20, 1, 21, 2], [22, 3, 23, 4], [24, 7, 1, 8]]"
12a_0065_75,"[[24, 7, 1, 8], [2, 21, 3, 22], [4, 17, 5, 18], [6, 23, 7, 24], [8, 12, 9, 11], [10, 16, 11, 15], [12, 20, 13, 19], [14, 10, 15, 9], [16, 5, 17, 6], [18, 14, 19, 13], [20, 1, 21, 2], [22, 3, 23, 4]]"
12a_0065_76,"[[22, 3, 23, 4], [24, 7, 1, 8], [2, 21, 3, 22], [4, 17, 5, 18], [6, 23, 7, 24], [8, 12, 9, 11], [10, 16, 11, 15], [12, 20, 13, 19], [14, 10, 15, 9], [16, 5, 17, 6], [18, 14, 19, 13], [20, 1, 21, 2]]"
12a_0065_77,"[[20, 1, 21, 2], [22, 3, 23, 4], [24, 7, 1, 8], [2, 21, 3, 22], [4, 17, 5, 18], [6, 23, 7, 24], [8, 12, 9, 11], [10, 16, 11, 15], [12, 20, 13, 19], [14, 10, 15, 9], [16, 5, 17, 6], [18, 14, 19, 13]]"
12a_0065_78,"[[18, 14, 19, 13], [20, 1, 21, 2], [22, 3, 23, 4], [24, 7, 1, 8], [2, 21, 3, 22], [4, 17, 5, 18], [6, 23, 7, 24], [8, 12, 9, 11], [10, 16, 11, 15], [12, 20, 13, 19], [14, 10, 15, 9], [16, 5, 17, 6]]"
12a_0065_79,"[[16, 5, 17, 6], [18, 14, 19, 13], [20, 1, 21, 2], [22, 3, 23, 4], [24, 7, 1, 8], [2, 21, 3, 22], [4, 17, 5, 18], [6, 23, 7, 24], [8, 12, 9, 11], [10, 16, 11, 15], [12, 20, 13, 19], [14, 10, 15, 9]]"
12a_0065_80,"[[14, 10, 15, 9], [16, 5, 17, 6], [18, 14, 19, 13], [20, 1, 21, 2], [22, 3, 23, 4], [24, 7, 1, 8], [2, 21, 3, 22], [4, 17, 5, 18], [6, 23, 7, 24], [8, 12, 9, 11], [10, 16, 11, 15], [12, 20, 13, 19]]"
12a_0065_81,"[[12, 20, 13, 19], [14, 10, 15, 9], [16, 5, 17, 6], [18, 14, 19, 13], [20, 1, 21, 2], [22, 3, 23, 4], [24, 7, 1, 8], [2, 21, 3, 22], [4, 17, 5, 18], [6, 23, 7, 24], [8, 12, 9, 11], [10, 16, 11, 15]]"
12a_0065_82,"[[10, 16, 11, 15], [12, 20, 13, 19], [14, 10, 15, 9], [16, 5, 17, 6], [18, 14, 19, 13], [20, 1, 21, 2], [22, 3, 23, 4], [24, 7, 1, 8], [2, 21, 3, 22], [4, 17, 5, 18], [6, 23, 7, 24], [8, 12, 9, 11]]"
12a_0065_83,"[[8, 12, 9, 11], [10, 16, 11, 15], [12, 20, 13, 19], [14, 10, 15, 9], [16, 5, 17, 6], [18, 14, 19, 13], [20, 1, 21, 2], [22, 3, 23, 4], [24, 7, 1, 8], [2, 21, 3, 22], [4, 17, 5, 18], [6, 23, 7, 24]]"
12a_0065_84,"[[7, 24, 8, 1], [9, 13, 10, 12], [11, 17, 12, 16], [13, 21, 14, 20], [15, 11, 16, 10], [17, 6, 18, 7], [19, 15, 20, 14], [21, 2, 22, 3], [23, 4, 24, 5], [1, 8, 2, 9], [3, 22, 4, 23], [5, 18, 6, 19]]"
12a_0065_85,"[[5, 18, 6, 19], [7, 24, 8, 1], [9, 13, 10, 12], [11, 17, 12, 16], [13, 21, 14, 20], [15, 11, 16, 10], [17, 6, 18, 7], [19, 15, 20, 14], [21, 2, 22, 3], [23, 4, 24, 5], [1, 8, 2, 9], [3, 22, 4, 23]]"
12a_0065_86,"[[3, 22, 4, 23], [5, 18, 6, 19], [7, 24, 8, 1], [9, 13, 10, 12], [11, 17, 12, 16], [13, 21, 14, 20], [15, 11, 16, 10], [17, 6, 18, 7], [19, 15, 20, 14], [21, 2, 22, 3], [23, 4, 24, 5], [1, 8, 2, 9]]"
12a_0065_87,"[[1, 8, 2, 9], [3, 22, 4, 23], [5, 18, 6, 19], [7, 24, 8, 1], [9, 13, 10, 12], [11, 17, 12, 16], [13, 21, 14, 20], [15, 11, 16, 10], [17, 6, 18, 7], [19, 15, 20, 14], [21, 2, 22, 3], [23, 4, 24, 5]]"
12a_0065_88,"[[23, 4, 24, 5], [1, 8, 2, 9], [3, 22, 4, 23], [5, 18, 6, 19], [7, 24, 8, 1], [9, 13, 10, 12], [11, 17, 12, 16], [13, 21, 14, 20], [15, 11, 16, 10], [17, 6, 18, 7], [19, 15, 20, 14], [21, 2, 22, 3]]"
12a_0065_89,"[[21, 2, 22, 3], [23, 4, 24, 5], [1, 8, 2, 9], [3, 22, 4, 23], [5, 18, 6, 19], [7, 24, 8, 1], [9, 13, 10, 12], [11, 17, 12, 16], [13, 21, 14, 20], [15, 11, 16, 10], [17, 6, 18, 7], [19, 15, 20, 14]]"
12a_0065_90,"[[19, 15, 20, 14], [21, 2, 22, 3], [23, 4, 24, 5], [1, 8, 2, 9], [3, 22, 4, 23], [5, 18, 6, 19], [7, 24, 8, 1], [9, 13, 10, 12], [11, 17, 12, 16], [13, 21, 14, 20], [15, 11, 16, 10], [17, 6, 18, 7]]"
12a_0065_91,"[[17, 6, 18, 7], [19, 15, 20, 14], [21, 2, 22, 3], [23, 4, 24, 5], [1, 8, 2, 9], [3, 22, 4, 23], [5, 18, 6, 19], [7, 24, 8, 1], [9, 13, 10, 12], [11, 17, 12, 16], [13, 21, 14, 20], [15, 11, 16, 10]]"
12a_0065_92,"[[15, 11, 16, 10], [17, 6, 18, 7], [19, 15, 20, 14], [21, 2, 22, 3], [23, 4, 24, 5], [1, 8, 2, 9], [3, 22, 4, 23], [5, 18, 6, 19], [7, 24, 8, 1], [9, 13, 10, 12], [11, 17, 12, 16], [13, 21, 14, 20]]"
12a_0065_93,"[[13, 21, 14, 20], [15, 11, 16, 10], [17, 6, 18, 7], [19, 15, 20, 14], [21, 2, 22, 3], [23, 4, 24, 5], [1, 8, 2, 9], [3, 22, 4, 23], [5, 18, 6, 19], [7, 24, 8, 1], [9, 13, 10, 12], [11, 17, 12, 16]]"
12a_0065_94,"[[11, 17, 12, 16], [13, 21, 14, 20], [15, 11, 16, 10], [17, 6, 18, 7], [19, 15, 20, 14], [21, 2, 22, 3], [23, 4, 24, 5], [1, 8, 2, 9], [3, 22, 4, 23], [5, 18, 6, 19], [7, 24, 8, 1], [9, 13, 10, 12]]"
12a_0065_95,"[[9, 13, 10, 12], [11, 17, 12, 16], [13, 21, 14, 20], [15, 11, 16, 10], [17, 6, 18, 7], [19, 15, 20, 14], [21, 2, 22, 3], [23, 4, 24, 5], [1, 8, 2, 9], [3, 22, 4, 23], [5, 18, 6, 19], [7, 24, 8, 1]]"
12a_0065_96,"[[8, 1, 9, 2], [10, 14, 11, 13], [12, 18, 13, 17], [14, 22, 15, 21], [16, 12, 17, 11], [18, 7, 19, 8], [20, 16, 21, 15], [22, 3, 23, 4], [24, 5, 1, 6], [2, 9, 3, 10], [4, 23, 5, 24], [6, 19, 7, 20]]"
12a_0065_97,"[[6, 19, 7, 20], [8, 1, 9, 2], [10, 14, 11, 13], [12, 18, 13, 17], [14, 22, 15, 21], [16, 12, 17, 11], [18, 7, 19, 8], [20, 16, 21, 15], [22, 3, 23, 4], [24, 5, 1, 6], [2, 9, 3, 10], [4, 23, 5, 24]]"
12a_0065_98,"[[4, 23, 5, 24], [6, 19, 7, 20], [8, 1, 9, 2], [10, 14, 11, 13], [12, 18, 13, 17], [14, 22, 15, 21], [16, 12, 17, 11], [18, 7, 19, 8], [20, 16, 21, 15], [22, 3, 23, 4], [24, 5, 1, 6], [2, 9, 3, 10]]"
12a_0065_99,"[[2, 9, 3, 10], [4, 23, 5, 24], [6, 19, 7, 20], [8, 1, 9, 2], [10, 14, 11, 13], [12, 18, 13, 17], [14, 22, 15, 21], [16, 12, 17, 11], [18, 7, 19, 8], [20, 16, 21, 15], [22, 3, 23, 4], [24, 5, 1, 6]]"
12a_0065_100,"[[24, 5, 1, 6], [2, 9, 3, 10], [4, 23, 5, 24], [6, 19, 7, 20], [8, 1, 9, 2], [10, 14, 11, 13], [12, 18, 13, 17], [14, 22, 15, 21], [16, 12, 17, 11], [18, 7, 19, 8], [20, 16, 21, 15], [22, 3, 23, 4]]"
12a_0065_101,"[[22, 3, 23, 4], [24, 5, 1, 6], [2, 9, 3, 10], [4, 23, 5, 24], [6, 19, 7, 20], [8, 1, 9, 2], [10, 14, 11, 13], [12, 18, 13, 17], [14, 22, 15, 21], [16, 12, 17, 11], [18, 7, 19, 8], [20, 16, 21, 15]]"
12a_0065_102,"[[20, 16, 21, 15], [22, 3, 23, 4], [24, 5, 1, 6], [2, 9, 3, 10], [4, 23, 5, 24], [6, 19, 7, 20], [8, 1, 9, 2], [10, 14, 11, 13], [12, 18, 13, 17], [14, 22, 15, 21], [16, 12, 17, 11], [18, 7, 19, 8]]"
12a_0065_103,"[[18, 7, 19, 8], [20, 16, 21, 15], [22, 3, 23, 4], [24, 5, 1, 6], [2, 9, 3, 10], [4, 23, 5, 24], [6, 19, 7, 20], [8, 1, 9, 2], [10, 14, 11, 13], [12, 18, 13, 17], [14, 22, 15, 21], [16, 12, 17, 11]]"
12a_0065_104,"[[16, 12, 17, 11], [18, 7, 19, 8], [20, 16, 21, 15], [22, 3, 23, 4], [24, 5, 1, 6], [2, 9, 3, 10], [4, 23, 5, 24], [6, 19, 7, 20], [8, 1, 9, 2], [10, 14, 11, 13], [12, 18, 13, 17], [14, 22, 15, 21]]"
12a_0065_105,"[[14, 22, 15, 21], [16, 12, 17, 11], [18, 7, 19, 8], [20, 16, 21, 15], [22, 3, 23, 4], [24, 5, 1, 6], [2, 9, 3, 10], [4, 23, 5, 24], [6, 19, 7, 20], [8, 1, 9, 2], [10, 14, 11, 13], [12, 18, 13, 17]]"
12a_0065_106,"[[12, 18, 13, 17], [14, 22, 15, 21], [16, 12, 17, 11], [18, 7, 19, 8], [20, 16, 21, 15], [22, 3, 23, 4], [24, 5, 1, 6], [2, 9, 3, 10], [4, 23, 5, 24], [6, 19, 7, 20], [8, 1, 9, 2], [10, 14, 11, 13]]"
12a_0065_107,"[[10, 14, 11, 13], [12, 18, 13, 17], [14, 22, 15, 21], [16, 12, 17, 11], [18, 7, 19, 8], [20, 16, 21, 15], [22, 3, 23, 4], [24, 5, 1, 6], [2, 9, 3, 10], [4, 23, 5, 24], [6, 19, 7, 20], [8, 1, 9, 2]]"
12a_0065_108,"[[9, 2, 10, 3], [11, 15, 12, 14], [13, 19, 14, 18], [15, 23, 16, 22], [17, 13, 18, 12], [19, 8, 20, 9], [21, 17, 22, 16], [23, 4, 24, 5], [1, 6, 2, 7], [3, 10, 4, 11], [5, 24, 6, 1], [7, 20, 8, 21]]"
12a_0065_109,"[[7, 20, 8, 21], [9, 2, 10, 3], [11, 15, 12, 14], [13, 19, 14, 18], [15, 23, 16, 22], [17, 13, 18, 12], [19, 8, 20, 9], [21, 17, 22, 16], [23, 4, 24, 5], [1, 6, 2, 7], [3, 10, 4, 11], [5, 24, 6, 1]]"
12a_0065_110,"[[5, 24, 6, 1], [7, 20, 8, 21], [9, 2, 10, 3], [11, 15, 12, 14], [13, 19, 14, 18], [15, 23, 16, 22], [17, 13, 18, 12], [19, 8, 20, 9], [21, 17, 22, 16], [23, 4, 24, 5], [1, 6, 2, 7], [3, 10, 4, 11]]"
12a_0065_111,"[[3, 10, 4, 11], [5, 24, 6, 1], [7, 20, 8, 21], [9, 2, 10, 3], [11, 15, 12, 14], [13, 19, 14, 18], [15, 23, 16, 22], [17, 13, 18, 12], [19, 8, 20, 9], [21, 17, 22, 16], [23, 4, 24, 5], [1, 6, 2, 7]]"
12a_0065_112,"[[1, 6, 2, 7], [3, 10, 4, 11], [5, 24, 6, 1], [7, 20, 8, 21], [9, 2, 10, 3], [11, 15, 12, 14], [13, 19, 14, 18], [15, 23, 16, 22], [17, 13, 18, 12], [19, 8, 20, 9], [21, 17, 22, 16], [23, 4, 24, 5]]"
12a_0065_113,"[[23, 4, 24, 5], [1, 6, 2, 7], [3, 10, 4, 11], [5, 24, 6, 1], [7, 20, 8, 21], [9, 2, 10, 3], [11, 15, 12, 14], [13, 19, 14, 18], [15, 23, 16, 22], [17, 13, 18, 12], [19, 8, 20, 9], [21, 17, 22, 16]]"
12a_0065_114,"[[21, 17, 22, 16], [23, 4, 24, 5], [1, 6, 2, 7], [3, 10, 4, 11], [5, 24, 6, 1], [7, 20, 8, 21], [9, 2, 10, 3], [11, 15, 12, 14], [13, 19, 14, 18], [15, 23, 16, 22], [17, 13, 18, 12], [19, 8, 20, 9]]"
12a_0065_115,"[[19, 8, 20, 9], [21, 17, 22, 16], [23, 4, 24, 5], [1, 6, 2, 7], [3, 10, 4, 11], [5, 24, 6, 1], [7, 20, 8, 21], [9, 2, 10, 3], [11, 15, 12, 14], [13, 19, 14, 18], [15, 23, 16, 22], [17, 13, 18, 12]]"
12a_0065_116,"[[17, 13, 18, 12], [19, 8, 20, 9], [21, 17, 22, 16], [23, 4, 24, 5], [1, 6, 2, 7], [3, 10, 4, 11], [5, 24, 6, 1], [7, 20, 8, 21], [9, 2, 10, 3], [11, 15, 12, 14], [13, 19, 14, 18], [15, 23, 16, 22]]"
12a_0065_117,"[[15, 23, 16, 22], [17, 13, 18, 12], [19, 8, 20, 9], [21, 17, 22, 16], [23, 4, 24, 5], [1, 6, 2, 7], [3, 10, 4, 11], [5, 24, 6, 1], [7, 20, 8, 21], [9, 2, 10, 3], [11, 15, 12, 14], [13, 19, 14, 18]]"
12a_0065_118,"[[13, 19, 14, 18], [15, 23, 16, 22], [17, 13, 18, 12], [19, 8, 20, 9], [21, 17, 22, 16], [23, 4, 24, 5], [1, 6, 2, 7], [3, 10, 4, 11], [5, 24, 6, 1], [7, 20, 8, 21], [9, 2, 10, 3], [11, 15, 12, 14]]"
12a_0065_119,"[[11, 15, 12, 14], [13, 19, 14, 18], [15, 23, 16, 22], [17, 13, 18, 12], [19, 8, 20, 9], [21, 17, 22, 16], [23, 4, 24, 5], [1, 6, 2, 7], [3, 10, 4, 11], [5, 24, 6, 1], [7, 20, 8, 21], [9, 2, 10, 3]]"
12a_0065_120,"[[10, 3, 11, 4], [12, 16, 13, 15], [14, 20, 15, 19], [16, 24, 17, 23], [18, 14, 19, 13], [20, 9, 21, 10], [22, 18, 23, 17], [24, 5, 1, 6], [2, 7, 3, 8], [4, 11, 5, 12], [6, 1, 7, 2], [8, 21, 9, 22]]"
12a_0065_121,"[[8, 21, 9, 22], [10, 3, 11, 4], [12, 16, 13, 15], [14, 20, 15, 19], [16, 24, 17, 23], [18, 14, 19, 13], [20, 9, 21, 10], [22, 18, 23, 17], [24, 5, 1, 6], [2, 7, 3, 8], [4, 11, 5, 12], [6, 1, 7, 2]]"
12a_0065_122,"[[6, 1, 7, 2], [8, 21, 9, 22], [10, 3, 11, 4], [12, 16, 13, 15], [14, 20, 15, 19], [16, 24, 17, 23], [18, 14, 19, 13], [20, 9, 21, 10], [22, 18, 23, 17], [24, 5, 1, 6], [2, 7, 3, 8], [4, 11, 5, 12]]"
12a_0065_123,"[[4, 11, 5, 12], [6, 1, 7, 2], [8, 21, 9, 22], [10, 3, 11, 4], [12, 16, 13, 15], [14, 20, 15, 19], [16, 24, 17, 23], [18, 14, 19, 13], [20, 9, 21, 10], [22, 18, 23, 17], [24, 5, 1, 6], [2, 7, 3, 8]]"
12a_0065_124,"[[2, 7, 3, 8], [4, 11, 5, 12], [6, 1, 7, 2], [8, 21, 9, 22], [10, 3, 11, 4], [12, 16, 13, 15], [14, 20, 15, 19], [16, 24, 17, 23], [18, 14, 19, 13], [20, 9, 21, 10], [22, 18, 23, 17], [24, 5, 1, 6]]"
12a_0065_125,"[[24, 5, 1, 6], [2, 7, 3, 8], [4, 11, 5, 12], [6, 1, 7, 2], [8, 21, 9, 22], [10, 3, 11, 4], [12, 16, 13, 15], [14, 20, 15, 19], [16, 24, 17, 23], [18, 14, 19, 13], [20, 9, 21, 10], [22, 18, 23, 17]]"
12a_0065_126,"[[22, 18, 23, 17], [24, 5, 1, 6], [2, 7, 3, 8], [4, 11, 5, 12], [6, 1, 7, 2], [8, 21, 9, 22], [10, 3, 11, 4], [12, 16, 13, 15], [14, 20, 15, 19], [16, 24, 17, 23], [18, 14, 19, 13], [20, 9, 21, 10]]"
12a_0065_127,"[[20, 9, 21, 10], [22, 18, 23, 17], [24, 5, 1, 6], [2, 7, 3, 8], [4, 11, 5, 12], [6, 1, 7, 2], [8, 21, 9, 22], [10, 3, 11, 4], [12, 16, 13, 15], [14, 20, 15, 19], [16, 24, 17, 23], [18, 14, 19, 13]]"
12a_0065_128,"[[18, 14, 19, 13], [20, 9, 21, 10], [22, 18, 23, 17], [24, 5, 1, 6], [2, 7, 3, 8], [4, 11, 5, 12], [6, 1, 7, 2], [8, 21, 9, 22], [10, 3, 11, 4], [12, 16, 13, 15], [14, 20, 15, 19], [16, 24, 17, 23]]"
12a_0065_129,"[[16, 24, 17, 23], [18, 14, 19, 13], [20, 9, 21, 10], [22, 18, 23, 17], [24, 5, 1, 6], [2, 7, 3, 8], [4, 11, 5, 12], [6, 1, 7, 2], [8, 21, 9, 22], [10, 3, 11, 4], [12, 16, 13, 15], [14, 20, 15, 19]]"
12a_0065_130,"[[14, 20, 15, 19], [16, 24, 17, 23], [18, 14, 19, 13], [20, 9, 21, 10], [22, 18, 23, 17], [24, 5, 1, 6], [2, 7, 3, 8], [4, 11, 5, 12], [6, 1, 7, 2], [8, 21, 9, 22], [10, 3, 11, 4], [12, 16, 13, 15]]"
12a_0065_131,"[[12, 16, 13, 15], [14, 20, 15, 19], [16, 24, 17, 23], [18, 14, 19, 13], [20, 9, 21, 10], [22, 18, 23, 17], [24, 5, 1, 6], [2, 7, 3, 8], [4, 11, 5, 12], [6, 1, 7, 2], [8, 21, 9, 22], [10, 3, 11, 4]]"
12a_0065_132,"[[11, 4, 12, 5], [13, 17, 14, 16], [15, 21, 16, 20], [17, 1, 18, 24], [19, 15, 20, 14], [21, 10, 22, 11], [23, 19, 24, 18], [1, 6, 2, 7], [3, 8, 4, 9], [5, 12, 6, 13], [7, 2, 8, 3], [9, 22, 10, 23]]"
12a_0065_133,"[[9, 22, 10, 23], [11, 4, 12, 5], [13, 17, 14, 16], [15, 21, 16, 20], [17, 1, 18, 24], [19, 15, 20, 14], [21, 10, 22, 11], [23, 19, 24, 18], [1, 6, 2, 7], [3, 8, 4, 9], [5, 12, 6, 13], [7, 2, 8, 3]]"
12a_0065_134,"[[7, 2, 8, 3], [9, 22, 10, 23], [11, 4, 12, 5], [13, 17, 14, 16], [15, 21, 16, 20], [17, 1, 18, 24], [19, 15, 20, 14], [21, 10, 22, 11], [23, 19, 24, 18], [1, 6, 2, 7], [3, 8, 4, 9], [5, 12, 6, 13]]"
12a_0065_135,"[[5, 12, 6, 13], [7, 2, 8, 3], [9, 22, 10, 23], [11, 4, 12, 5], [13, 17, 14, 16], [15, 21, 16, 20], [17, 1, 18, 24], [19, 15, 20, 14], [21, 10, 22, 11], [23, 19, 24, 18], [1, 6, 2, 7], [3, 8, 4, 9]]"
12a_0065_136,"[[3, 8, 4, 9], [5, 12, 6, 13], [7, 2, 8, 3], [9, 22, 10, 23], [11, 4, 12, 5], [13, 17, 14, 16], [15, 21, 16, 20], [17, 1, 18, 24], [19, 15, 20, 14], [21, 10, 22, 11], [23, 19, 24, 18], [1, 6, 2, 7]]"
12a_0065_137,"[[1, 6, 2, 7], [3, 8, 4, 9], [5, 12, 6, 13], [7, 2, 8, 3], [9, 22, 10, 23], [11, 4, 12, 5], [13, 17, 14, 16], [15, 21, 16, 20], [17, 1, 18, 24], [19, 15, 20, 14], [21, 10, 22, 11], [23, 19, 24, 18]]"
12a_0065_138,"[[23, 19, 24, 18], [1, 6, 2, 7], [3, 8, 4, 9], [5, 12, 6, 13], [7, 2, 8, 3], [9, 22, 10, 23], [11, 4, 12, 5], [13, 17, 14, 16], [15, 21, 16, 20], [17, 1, 18, 24], [19, 15, 20, 14], [21, 10, 22, 11]]"
12a_0065_139,"[[21, 10, 22, 11], [23, 19, 24, 18], [1, 6, 2, 7], [3, 8, 4, 9], [5, 12, 6, 13], [7, 2, 8, 3], [9, 22, 10, 23], [11, 4, 12, 5], [13, 17, 14, 16], [15, 21, 16, 20], [17, 1, 18, 24], [19, 15, 20, 14]]"
12a_0065_140,"[[19, 15, 20, 14], [21, 10, 22, 11], [23, 19, 24, 18], [1, 6, 2, 7], [3, 8, 4, 9], [5, 12, 6, 13], [7, 2, 8, 3], [9, 22, 10, 23], [11, 4, 12, 5], [13, 17, 14, 16], [15, 21, 16, 20], [17, 1, 18, 24]]"
12a_0065_141,"[[17, 1, 18, 24], [19, 15, 20, 14], [21, 10, 22, 11], [23, 19, 24, 18], [1, 6, 2, 7], [3, 8, 4, 9], [5, 12, 6, 13], [7, 2, 8, 3], [9, 22, 10, 23], [11, 4, 12, 5], [13, 17, 14, 16], [15, 21, 16, 20]]"
12a_0065_142,"[[15, 21, 16, 20], [17, 1, 18, 24], [19, 15, 20, 14], [21, 10, 22, 11], [23, 19, 24, 18], [1, 6, 2, 7], [3, 8, 4, 9], [5, 12, 6, 13], [7, 2, 8, 3], [9, 22, 10, 23], [11, 4, 12, 5], [13, 17, 14, 16]]"
12a_0065_143,"[[13, 17, 14, 16], [15, 21, 16, 20], [17, 1, 18, 24], [19, 15, 20, 14], [21, 10, 22, 11], [23, 19, 24, 18], [1, 6, 2, 7], [3, 8, 4, 9], [5, 12, 6, 13], [7, 2, 8, 3], [9, 22, 10, 23], [11, 4, 12, 5]]"
12a_0065_144,"[[12, 5, 13, 6], [14, 18, 15, 17], [16, 22, 17, 21], [18, 2, 19, 1], [20, 16, 21, 15], [22, 11, 23, 12], [24, 20, 1, 19], [2, 7, 3, 8], [4, 9, 5, 10], [6, 13, 7, 14], [8, 3, 9, 4], [10, 23, 11, 24]]"
12a_0065_145,"[[10, 23, 11, 24], [12, 5, 13, 6], [14, 18, 15, 17], [16, 22, 17, 21], [18, 2, 19, 1], [20, 16, 21, 15], [22, 11, 23, 12], [24, 20, 1, 19], [2, 7, 3, 8], [4, 9, 5, 10], [6, 13, 7, 14], [8, 3, 9, 4]]"
12a_0065_146,"[[8, 3, 9, 4], [10, 23, 11, 24], [12, 5, 13, 6], [14, 18, 15, 17], [16, 22, 17, 21], [18, 2, 19, 1], [20, 16, 21, 15], [22, 11, 23, 12], [24, 20, 1, 19], [2, 7, 3, 8], [4, 9, 5, 10], [6, 13, 7, 14]]"
12a_0065_147,"[[6, 13, 7, 14], [8, 3, 9, 4], [10, 23, 11, 24], [12, 5, 13, 6], [14, 18, 15, 17], [16, 22, 17, 21], [18, 2, 19, 1], [20, 16, 21, 15], [22, 11, 23, 12], [24, 20, 1, 19], [2, 7, 3, 8], [4, 9, 5, 10]]"
12a_0065_148,"[[4, 9, 5, 10], [6, 13, 7, 14], [8, 3, 9, 4], [10, 23, 11, 24], [12, 5, 13, 6], [14, 18, 15, 17], [16, 22, 17, 21], [18, 2, 19, 1], [20, 16, 21, 15], [22, 11, 23, 12], [24, 20, 1, 19], [2, 7, 3, 8]]"
12a_0065_149,"[[2, 7, 3, 8], [4, 9, 5, 10], [6, 13, 7, 14], [8, 3, 9, 4], [10, 23, 11, 24], [12, 5, 13, 6], [14, 18, 15, 17], [16, 22, 17, 21], [18, 2, 19, 1], [20, 16, 21, 15], [22, 11, 23, 12], [24, 20, 1, 19]]"
12a_0065_150,"[[24, 20, 1, 19], [2, 7, 3, 8], [4, 9, 5, 10], [6, 13, 7, 14], [8, 3, 9, 4], [10, 23, 11, 24], [12, 5, 13, 6], [14, 18, 15, 17], [16, 22, 17, 21], [18, 2, 19, 1], [20, 16, 21, 15], [22, 11, 23, 12]]"
12a_0065_151,"[[22, 11, 23, 12], [24, 20, 1, 19], [2, 7, 3, 8], [4, 9, 5, 10], [6, 13, 7, 14], [8, 3, 9, 4], [10, 23, 11, 24], [12, 5, 13, 6], [14, 18, 15, 17], [16, 22, 17, 21], [18, 2, 19, 1], [20, 16, 21, 15]]"
12a_0065_152,"[[20, 16, 21, 15], [22, 11, 23, 12], [24, 20, 1, 19], [2, 7, 3, 8], [4, 9, 5, 10], [6, 13, 7, 14], [8, 3, 9, 4], [10, 23, 11, 24], [12, 5, 13, 6], [14, 18, 15, 17], [16, 22, 17, 21], [18, 2, 19, 1]]"
12a_0065_153,"[[18, 2, 19, 1], [20, 16, 21, 15], [22, 11, 23, 12], [24, 20, 1, 19], [2, 7, 3, 8], [4, 9, 5, 10], [6, 13, 7, 14], [8, 3, 9, 4], [10, 23, 11, 24], [12, 5, 13, 6], [14, 18, 15, 17], [16, 22, 17, 21]]"
12a_0065_154,"[[16, 22, 17, 21], [18, 2, 19, 1], [20, 16, 21, 15], [22, 11, 23, 12], [24, 20, 1, 19], [2, 7, 3, 8], [4, 9, 5, 10], [6, 13, 7, 14], [8, 3, 9, 4], [10, 23, 11, 24], [12, 5, 13, 6], [14, 18, 15, 17]]"
12a_0065_155,"[[14, 18, 15, 17], [16, 22, 17, 21], [18, 2, 19, 1], [20, 16, 21, 15], [22, 11, 23, 12], [24, 20, 1, 19], [2, 7, 3, 8], [4, 9, 5, 10], [6, 13, 7, 14], [8, 3, 9, 4], [10, 23, 11, 24], [12, 5, 13, 6]]"
12a_0065_156,"[[13, 6, 14, 7], [15, 19, 16, 18], [17, 23, 18, 22], [19, 3, 20, 2], [21, 17, 22, 16], [23, 12, 24, 13], [1, 21, 2, 20], [3, 8, 4, 9], [5, 10, 6, 11], [7, 14, 8, 15], [9, 4, 10, 5], [11, 24, 12, 1]]"
12a_0065_157,"[[11, 24, 12, 1], [13, 6, 14, 7], [15, 19, 16, 18], [17, 23, 18, 22], [19, 3, 20, 2], [21, 17, 22, 16], [23, 12, 24, 13], [1, 21, 2, 20], [3, 8, 4, 9], [5, 10, 6, 11], [7, 14, 8, 15], [9, 4, 10, 5]]"
12a_0065_158,"[[9, 4, 10, 5], [11, 24, 12, 1], [13, 6, 14, 7], [15, 19, 16, 18], [17, 23, 18, 22], [19, 3, 20, 2], [21, 17, 22, 16], [23, 12, 24, 13], [1, 21, 2, 20], [3, 8, 4, 9], [5, 10, 6, 11], [7, 14, 8, 15]]"
12a_0065_159,"[[7, 14, 8, 15], [9, 4, 10, 5], [11, 24, 12, 1], [13, 6, 14, 7], [15, 19, 16, 18], [17, 23, 18, 22], [19, 3, 20, 2], [21, 17, 22, 16], [23, 12, 24, 13], [1, 21, 2, 20], [3, 8, 4, 9], [5, 10, 6, 11]]"
12a_0065_160,"[[5, 10, 6, 11], [7, 14, 8, 15], [9, 4, 10, 5], [11, 24, 12, 1], [13, 6, 14, 7], [15, 19, 16, 18], [17, 23, 18, 22], [19, 3, 20, 2], [21, 17, 22, 16], [23, 12, 24, 13], [1, 21, 2, 20], [3, 8, 4, 9]]"
12a_0065_161,"[[3, 8, 4, 9], [5, 10, 6, 11], [7, 14, 8, 15], [9, 4, 10, 5], [11, 24, 12, 1], [13, 6, 14, 7], [15, 19, 16, 18], [17, 23, 18, 22], [19, 3, 20, 2], [21, 17, 22, 16], [23, 12, 24, 13], [1, 21, 2, 20]]"
12a_0065_162,"[[1, 21, 2, 20], [3, 8, 4, 9], [5, 10, 6, 11], [7, 14, 8, 15], [9, 4, 10, 5], [11, 24, 12, 1], [13, 6, 14, 7], [15, 19, 16, 18], [17, 23, 18, 22], [19, 3, 20, 2], [21, 17, 22, 16], [23, 12, 24, 13]]"
12a_0065_163,"[[23, 12, 24, 13], [1, 21, 2, 20], [3, 8, 4, 9], [5, 10, 6, 11], [7, 14, 8, 15], [9, 4, 10, 5], [11, 24, 12, 1], [13, 6, 14, 7], [15, 19, 16, 18], [17, 23, 18, 22], [19, 3, 20, 2], [21, 17, 22, 16]]"
12a_0065_164,"[[21, 17, 22, 16], [23, 12, 24, 13], [1, 21, 2, 20], [3, 8, 4, 9], [5, 10, 6, 11], [7, 14, 8, 15], [9, 4, 10, 5], [11, 24, 12, 1], [13, 6, 14, 7], [15, 19, 16, 18], [17, 23, 18, 22], [19, 3, 20, 2]]"
12a_0065_165,"[[19, 3, 20, 2], [21, 17, 22, 16], [23, 12, 24, 13], [1, 21, 2, 20], [3, 8, 4, 9], [5, 10, 6, 11], [7, 14, 8, 15], [9, 4, 10, 5], [11, 24, 12, 1], [13, 6, 14, 7], [15, 19, 16, 18], [17, 23, 18, 22]]"
12a_0065_166,"[[17, 23, 18, 22], [19, 3, 20, 2], [21, 17, 22, 16], [23, 12, 24, 13], [1, 21, 2, 20], [3, 8, 4, 9], [5, 10, 6, 11], [7, 14, 8, 15], [9, 4, 10, 5], [11, 24, 12, 1], [13, 6, 14, 7], [15, 19, 16, 18]]"
12a_0065_167,"[[15, 19, 16, 18], [17, 23, 18, 22], [19, 3, 20, 2], [21, 17, 22, 16], [23, 12, 24, 13], [1, 21, 2, 20], [3, 8, 4, 9], [5, 10, 6, 11], [7, 14, 8, 15], [9, 4, 10, 5], [11, 24, 12, 1], [13, 6, 14, 7]]"
12a_0065_168,"[[14, 7, 15, 8], [16, 20, 17, 19], [18, 24, 19, 23], [20, 4, 21, 3], [22, 18, 23, 17], [24, 13, 1, 14], [2, 22, 3, 21], [4, 9, 5, 10], [6, 11, 7, 12], [8, 15, 9, 16], [10, 5, 11, 6], [12, 1, 13, 2]]"
12a_0065_169,"[[12, 1, 13, 2], [14, 7, 15, 8], [16, 20, 17, 19], [18, 24, 19, 23], [20, 4, 21, 3], [22, 18, 23, 17], [24, 13, 1, 14], [2, 22, 3, 21], [4, 9, 5, 10], [6, 11, 7, 12], [8, 15, 9, 16], [10, 5, 11, 6]]"
12a_0065_170,"[[10, 5, 11, 6], [12, 1, 13, 2], [14, 7, 15, 8], [16, 20, 17, 19], [18, 24, 19, 23], [20, 4, 21, 3], [22, 18, 23, 17], [24, 13, 1, 14], [2, 22, 3, 21], [4, 9, 5, 10], [6, 11, 7, 12], [8, 15, 9, 16]]"
12a_0065_171,"[[8, 15, 9, 16], [10, 5, 11, 6], [12, 1, 13, 2], [14, 7, 15, 8], [16, 20, 17, 19], [18, 24, 19, 23], [20, 4, 21, 3], [22, 18, 23, 17], [24, 13, 1, 14], [2, 22, 3, 21], [4, 9, 5, 10], [6, 11, 7, 12]]"
12a_0065_172,"[[6, 11, 7, 12], [8, 15, 9, 16], [10, 5, 11, 6], [12, 1, 13, 2], [14, 7, 15, 8], [16, 20, 17, 19], [18, 24, 19, 23], [20, 4, 21, 3], [22, 18, 23, 17], [24, 13, 1, 14], [2, 22, 3, 21], [4, 9, 5, 10]]"
12a_0065_173,"[[4, 9, 5, 10], [6, 11, 7, 12], [8, 15, 9, 16], [10, 5, 11, 6], [12, 1, 13, 2], [14, 7, 15, 8], [16, 20, 17, 19], [18, 24, 19, 23], [20, 4, 21, 3], [22, 18, 23, 17], [24, 13, 1, 14], [2, 22, 3, 21]]"
12a_0065_174,"[[2, 22, 3, 21], [4, 9, 5, 10], [6, 11, 7, 12], [8, 15, 9, 16], [10, 5, 11, 6], [12, 1, 13, 2], [14, 7, 15, 8], [16, 20, 17, 19], [18, 24, 19, 23], [20, 4, 21, 3], [22, 18, 23, 17], [24, 13, 1, 14]]"
12a_0065_175,"[[24, 13, 1, 14], [2, 22, 3, 21], [4, 9, 5, 10], [6, 11, 7, 12], [8, 15, 9, 16], [10, 5, 11, 6], [12, 1, 13, 2], [14, 7, 15, 8], [16, 20, 17, 19], [18, 24, 19, 23], [20, 4, 21, 3], [22, 18, 23, 17]]"
12a_0065_176,"[[22, 18, 23, 17], [24, 13, 1, 14], [2, 22, 3, 21], [4, 9, 5, 10], [6, 11, 7, 12], [8, 15, 9, 16], [10, 5, 11, 6], [12, 1, 13, 2], [14, 7, 15, 8], [16, 20, 17, 19], [18, 24, 19, 23], [20, 4, 21, 3]]"
12a_0065_177,"[[20, 4, 21, 3], [22, 18, 23, 17], [24, 13, 1, 14], [2, 22, 3, 21], [4, 9, 5, 10], [6, 11, 7, 12], [8, 15, 9, 16], [10, 5, 11, 6], [12, 1, 13, 2], [14, 7, 15, 8], [16, 20, 17, 19], [18, 24, 19, 23]]"
12a_0065_178,"[[18, 24, 19, 23], [20, 4, 21, 3], [22, 18, 23, 17], [24, 13, 1, 14], [2, 22, 3, 21], [4, 9, 5, 10], [6, 11, 7, 12], [8, 15, 9, 16], [10, 5, 11, 6], [12, 1, 13, 2], [14, 7, 15, 8], [16, 20, 17, 19]]"
12a_0065_179,"[[16, 20, 17, 19], [18, 24, 19, 23], [20, 4, 21, 3], [22, 18, 23, 17], [24, 13, 1, 14], [2, 22, 3, 21], [4, 9, 5, 10], [6, 11, 7, 12], [8, 15, 9, 16], [10, 5, 11, 6], [12, 1, 13, 2], [14, 7, 15, 8]]"
12a_0065_180,"[[15, 8, 16, 9], [17, 21, 18, 20], [19, 1, 20, 24], [21, 5, 22, 4], [23, 19, 24, 18], [1, 14, 2, 15], [3, 23, 4, 22], [5, 10, 6, 11], [7, 12, 8, 13], [9, 16, 10, 17], [11, 6, 12, 7], [13, 2, 14, 3]]"
12a_0065_181,"[[13, 2, 14, 3], [15, 8, 16, 9], [17, 21, 18, 20], [19, 1, 20, 24], [21, 5, 22, 4], [23, 19, 24, 18], [1, 14, 2, 15], [3, 23, 4, 22], [5, 10, 6, 11], [7, 12, 8, 13], [9, 16, 10, 17], [11, 6, 12, 7]]"
12a_0065_182,"[[11, 6, 12, 7], [13, 2, 14, 3], [15, 8, 16, 9], [17, 21, 18, 20], [19, 1, 20, 24], [21, 5, 22, 4], [23, 19, 24, 18], [1, 14, 2, 15], [3, 23, 4, 22], [5, 10, 6, 11], [7, 12, 8, 13], [9, 16, 10, 17]]"
12a_0065_183,"[[9, 16, 10, 17], [11, 6, 12, 7], [13, 2, 14, 3], [15, 8, 16, 9], [17, 21, 18, 20], [19, 1, 20, 24], [21, 5, 22, 4], [23, 19, 24, 18], [1, 14, 2, 15], [3, 23, 4, 22], [5, 10, 6, 11], [7, 12, 8, 13]]"
12a_0065_184,"[[7, 12, 8, 13], [9, 16, 10, 17], [11, 6, 12, 7], [13, 2, 14, 3], [15, 8, 16, 9], [17, 21, 18, 20], [19, 1, 20, 24], [21, 5, 22, 4], [23, 19, 24, 18], [1, 14, 2, 15], [3, 23, 4, 22], [5, 10, 6, 11]]"
12a_0065_185,"[[5, 10, 6, 11], [7, 12, 8, 13], [9, 16, 10, 17], [11, 6, 12, 7], [13, 2, 14, 3], [15, 8, 16, 9], [17, 21, 18, 20], [19, 1, 20, 24], [21, 5, 22, 4], [23, 19, 24, 18], [1, 14, 2, 15], [3, 23, 4, 22]]"
