name,pd_notation
12a_1107_0,"[[24, 10, 1, 9], [2, 8, 3, 7], [4, 13, 5, 14], [6, 22, 7, 21], [8, 2, 9, 1], [10, 17, 11, 18], [12, 19, 13, 20], [14, 5, 15, 6], [16, 23, 17, 24], [18, 11, 19, 12], [20, 4, 21, 3], [22, 15, 23, 16]]"
12a_1107_1,"[[22, 15, 23, 16], [24, 10, 1, 9], [2, 8, 3, 7], [4, 13, 5, 14], [6, 22, 7, 21], [8, 2, 9, 1], [10, 17, 11, 18], [12, 19, 13, 20], [14, 5, 15, 6], [16, 23, 17, 24], [18, 11, 19, 12], [20, 4, 21, 3]]"
12a_1107_2,"[[20, 4, 21, 3], [22, 15, 23, 16], [24, 10, 1, 9], [2, 8, 3, 7], [4, 13, 5, 14], [6, 22, 7, 21], [8, 2, 9, 1], [10, 17, 11, 18], [12, 19, 13, 20], [14, 5, 15, 6], [16, 23, 17, 24], [18, 11, 19, 12]]"
12a_1107_3,"[[18, 11, 19, 12], [20, 4, 21, 3], [22, 15, 23, 16], [24, 10, 1, 9], [2, 8, 3, 7], [4, 13, 5, 14], [6, 22, 7, 21], [8, 2, 9, 1], [10, 17, 11, 18], [12, 19, 13, 20], [14, 5, 15, 6], [16, 23, 17, 24]]"
12a_1107_4,"[[16, 23, 17, 24], [18, 11, 19, 12], [20, 4, 21, 3], [22, 15, 23, 16], [24, 10, 1, 9], [2, 8, 3, 7], [4, 13, 5, 14], [6, 22, 7, 21], [8, 2, 9, 1], [10, 17, 11, 18], [12, 19, 13, 20], [14, 5, 15, 6]]"
12a_1107_5,"[[14, 5, 15, 6], [16, 23, 17, 24], [18, 11, 19, 12], [20, 4, 21, 3], [22, 15, 23, 16], [24, 10, 1, 9], [2, 8, 3, 7], [4, 13, 5, 14], [6, 22, 7, 21], [8, 2, 9, 1], [10, 17, 11, 18], [12, 19, 13, 20]]"
12a_1107_6,"[[12, 19, 13, 20], [14, 5, 15, 6], [16, 23, 17, 24], [18, 11, 19, 12], [20, 4, 21, 3], [22, 15, 23, 16], [24, 10, 1, 9], [2, 8, 3, 7], [4, 13, 5, 14], [6, 22, 7, 21], [8, 2, 9, 1], [10, 17, 11, 18]]"
12a_1107_7,"[[10, 17, 11, 18], [12, 19, 13, 20], [14, 5, 15, 6], [16, 23, 17, 24], [18, 11, 19, 12], [20, 4, 21, 3], [22, 15, 23, 16], [24, 10, 1, 9], [2, 8, 3, 7], [4, 13, 5, 14], [6, 22, 7, 21], [8, 2, 9, 1]]"
12a_1107_8,"[[8, 2, 9, 1], [10, 17, 11, 18], [12, 19, 13, 20], [14, 5, 15, 6], [16, 23, 17, 24], [18, 11, 19, 12], [20, 4, 21, 3], [22, 15, 23, 16], [24, 10, 1, 9], [2, 8, 3, 7], [4, 13, 5, 14], [6, 22, 7, 21]]"
12a_1107_9,"[[6, 22, 7, 21], [8, 2, 9, 1], [10, 17, 11, 18], [12, 19, 13, 20], [14, 5, 15, 6], [16, 23, 17, 24], [18, 11, 19, 12], [20, 4, 21, 3], [22, 15, 23, 16], [24, 10, 1, 9], [2, 8, 3, 7], [4, 13, 5, 14]]"
12a_1107_10,"[[4, 13, 5, 14], [6, 22, 7, 21], [8, 2, 9, 1], [10, 17, 11, 18], [12, 19, 13, 20], [14, 5, 15, 6], [16, 23, 17, 24], [18, 11, 19, 12], [20, 4, 21, 3], [22, 15, 23, 16], [24, 10, 1, 9], [2, 8, 3, 7]]"
12a_1107_11,"[[2, 8, 3, 7], [4, 13, 5, 14], [6, 22, 7, 21], [8, 2, 9, 1], [10, 17, 11, 18], [12, 19, 13, 20], [14, 5, 15, 6], [16, 23, 17, 24], [18, 11, 19, 12], [20, 4, 21, 3], [22, 15, 23, 16], [24, 10, 1, 9]]"
12a_1107_12,"[[1, 11, 2, 10], [3, 9, 4, 8], [5, 14, 6, 15], [7, 23, 8, 22], [9, 3, 10, 2], [11, 18, 12, 19], [13, 20, 14, 21], [15, 6, 16, 7], [17, 24, 18, 1], [19, 12, 20, 13], [21, 5, 22, 4], [23, 16, 24, 17]]"
12a_1107_13,"[[23, 16, 24, 17], [1, 11, 2, 10], [3, 9, 4, 8], [5, 14, 6, 15], [7, 23, 8, 22], [9, 3, 10, 2], [11, 18, 12, 19], [13, 20, 14, 21], [15, 6, 16, 7], [17, 24, 18, 1], [19, 12, 20, 13], [21, 5, 22, 4]]"
12a_1107_14,"[[21, 5, 22, 4], [23, 16, 24, 17], [1, 11, 2, 10], [3, 9, 4, 8], [5, 14, 6, 15], [7, 23, 8, 22], [9, 3, 10, 2], [11, 18, 12, 19], [13, 20, 14, 21], [15, 6, 16, 7], [17, 24, 18, 1], [19, 12, 20, 13]]"
12a_1107_15,"[[19, 12, 20, 13], [21, 5, 22, 4], [23, 16, 24, 17], [1, 11, 2, 10], [3, 9, 4, 8], [5, 14, 6, 15], [7, 23, 8, 22], [9, 3, 10, 2], [11, 18, 12, 19], [13, 20, 14, 21], [15, 6, 16, 7], [17, 24, 18, 1]]"
12a_1107_16,"[[17, 24, 18, 1], [19, 12, 20, 13], [21, 5, 22, 4], [23, 16, 24, 17], [1, 11, 2, 10], [3, 9, 4, 8], [5, 14, 6, 15], [7, 23, 8, 22], [9, 3, 10, 2], [11, 18, 12, 19], [13, 20, 14, 21], [15, 6, 16, 7]]"
12a_1107_17,"[[15, 6, 16, 7], [17, 24, 18, 1], [19, 12, 20, 13], [21, 5, 22, 4], [23, 16, 24, 17], [1, 11, 2, 10], [3, 9, 4, 8], [5, 14, 6, 15], [7, 23, 8, 22], [9, 3, 10, 2], [11, 18, 12, 19], [13, 20, 14, 21]]"
12a_1107_18,"[[13, 20, 14, 21], [15, 6, 16, 7], [17, 24, 18, 1], [19, 12, 20, 13], [21, 5, 22, 4], [23, 16, 24, 17], [1, 11, 2, 10], [3, 9, 4, 8], [5, 14, 6, 15], [7, 23, 8, 22], [9, 3, 10, 2], [11, 18, 12, 19]]"
12a_1107_19,"[[11, 18, 12, 19], [13, 20, 14, 21], [15, 6, 16, 7], [17, 24, 18, 1], [19, 12, 20, 13], [21, 5, 22, 4], [23, 16, 24, 17], [1, 11, 2, 10], [3, 9, 4, 8], [5, 14, 6, 15], [7, 23, 8, 22], [9, 3, 10, 2]]"
12a_1107_20,"[[9, 3, 10, 2], [11, 18, 12, 19], [13, 20, 14, 21], [15, 6, 16, 7], [17, 24, 18, 1], [19, 12, 20, 13], [21, 5, 22, 4], [23, 16, 24, 17], [1, 11, 2, 10], [3, 9, 4, 8], [5, 14, 6, 15], [7, 23, 8, 22]]"
12a_1107_21,"[[7, 23, 8, 22], [9, 3, 10, 2], [11, 18, 12, 19], [13, 20, 14, 21], [15, 6, 16, 7], [17, 24, 18, 1], [19, 12, 20, 13], [21, 5, 22, 4], [23, 16, 24, 17], [1, 11, 2, 10], [3, 9, 4, 8], [5, 14, 6, 15]]"
12a_1107_22,"[[5, 14, 6, 15], [7, 23, 8, 22], [9, 3, 10, 2], [11, 18, 12, 19], [13, 20, 14, 21], [15, 6, 16, 7], [17, 24, 18, 1], [19, 12, 20, 13], [21, 5, 22, 4], [23, 16, 24, 17], [1, 11, 2, 10], [3, 9, 4, 8]]"
12a_1107_23,"[[3, 9, 4, 8], [5, 14, 6, 15], [7, 23, 8, 22], [9, 3, 10, 2], [11, 18, 12, 19], [13, 20, 14, 21], [15, 6, 16, 7], [17, 24, 18, 1], [19, 12, 20, 13], [21, 5, 22, 4], [23, 16, 24, 17], [1, 11, 2, 10]]"
12a_1107_24,"[[2, 12, 3, 11], [4, 10, 5, 9], [6, 15, 7, 16], [8, 24, 9, 23], [10, 4, 11, 3], [12, 19, 13, 20], [14, 21, 15, 22], [16, 7, 17, 8], [18, 1, 19, 2], [20, 13, 21, 14], [22, 6, 23, 5], [24, 17, 1, 18]]"
12a_1107_25,"[[24, 17, 1, 18], [2, 12, 3, 11], [4, 10, 5, 9], [6, 15, 7, 16], [8, 24, 9, 23], [10, 4, 11, 3], [12, 19, 13, 20], [14, 21, 15, 22], [16, 7, 17, 8], [18, 1, 19, 2], [20, 13, 21, 14], [22, 6, 23, 5]]"
12a_1107_26,"[[22, 6, 23, 5], [24, 17, 1, 18], [2, 12, 3, 11], [4, 10, 5, 9], [6, 15, 7, 16], [8, 24, 9, 23], [10, 4, 11, 3], [12, 19, 13, 20], [14, 21, 15, 22], [16, 7, 17, 8], [18, 1, 19, 2], [20, 13, 21, 14]]"
12a_1107_27,"[[20, 13, 21, 14], [22, 6, 23, 5], [24, 17, 1, 18], [2, 12, 3, 11], [4, 10, 5, 9], [6, 15, 7, 16], [8, 24, 9, 23], [10, 4, 11, 3], [12, 19, 13, 20], [14, 21, 15, 22], [16, 7, 17, 8], [18, 1, 19, 2]]"
12a_1107_28,"[[18, 1, 19, 2], [20, 13, 21, 14], [22, 6, 23, 5], [24, 17, 1, 18], [2, 12, 3, 11], [4, 10, 5, 9], [6, 15, 7, 16], [8, 24, 9, 23], [10, 4, 11, 3], [12, 19, 13, 20], [14, 21, 15, 22], [16, 7, 17, 8]]"
12a_1107_29,"[[16, 7, 17, 8], [18, 1, 19, 2], [20, 13, 21, 14], [22, 6, 23, 5], [24, 17, 1, 18], [2, 12, 3, 11], [4, 10, 5, 9], [6, 15, 7, 16], [8, 24, 9, 23], [10, 4, 11, 3], [12, 19, 13, 20], [14, 21, 15, 22]]"
12a_1107_30,"[[14, 21, 15, 22], [16, 7, 17, 8], [18, 1, 19, 2], [20, 13, 21, 14], [22, 6, 23, 5], [24, 17, 1, 18], [2, 12, 3, 11], [4, 10, 5, 9], [6, 15, 7, 16], [8, 24, 9, 23], [10, 4, 11, 3], [12, 19, 13, 20]]"
12a_1107_31,"[[12, 19, 13, 20], [14, 21, 15, 22], [16, 7, 17, 8], [18, 1, 19, 2], [20, 13, 21, 14], [22, 6, 23, 5], [24, 17, 1, 18], [2, 12, 3, 11], [4, 10, 5, 9], [6, 15, 7, 16], [8, 24, 9, 23], [10, 4, 11, 3]]"
12a_1107_32,"[[10, 4, 11, 3], [12, 19, 13, 20], [14, 21, 15, 22], [16, 7, 17, 8], [18, 1, 19, 2], [20, 13, 21, 14], [22, 6, 23, 5], [24, 17, 1, 18], [2, 12, 3, 11], [4, 10, 5, 9], [6, 15, 7, 16], [8, 24, 9, 23]]"
12a_1107_33,"[[8, 24, 9, 23], [10, 4, 11, 3], [12, 19, 13, 20], [14, 21, 15, 22], [16, 7, 17, 8], [18, 1, 19, 2], [20, 13, 21, 14], [22, 6, 23, 5], [24, 17, 1, 18], [2, 12, 3, 11], [4, 10, 5, 9], [6, 15, 7, 16]]"
12a_1107_34,"[[6, 15, 7, 16], [8, 24, 9, 23], [10, 4, 11, 3], [12, 19, 13, 20], [14, 21, 15, 22], [16, 7, 17, 8], [18, 1, 19, 2], [20, 13, 21, 14], [22, 6, 23, 5], [24, 17, 1, 18], [2, 12, 3, 11], [4, 10, 5, 9]]"
12a_1107_35,"[[4, 10, 5, 9], [6, 15, 7, 16], [8, 24, 9, 23], [10, 4, 11, 3], [12, 19, 13, 20], [14, 21, 15, 22], [16, 7, 17, 8], [18, 1, 19, 2], [20, 13, 21, 14], [22, 6, 23, 5], [24, 17, 1, 18], [2, 12, 3, 11]]"
12a_1107_36,"[[3, 13, 4, 12], [5, 11, 6, 10], [7, 16, 8, 17], [9, 1, 10, 24], [11, 5, 12, 4], [13, 20, 14, 21], [15, 22, 16, 23], [17, 8, 18, 9], [19, 2, 20, 3], [21, 14, 22, 15], [23, 7, 24, 6], [1, 18, 2, 19]]"
12a_1107_37,"[[1, 18, 2, 19], [3, 13, 4, 12], [5, 11, 6, 10], [7, 16, 8, 17], [9, 1, 10, 24], [11, 5, 12, 4], [13, 20, 14, 21], [15, 22, 16, 23], [17, 8, 18, 9], [19, 2, 20, 3], [21, 14, 22, 15], [23, 7, 24, 6]]"
12a_1107_38,"[[23, 7, 24, 6], [1, 18, 2, 19], [3, 13, 4, 12], [5, 11, 6, 10], [7, 16, 8, 17], [9, 1, 10, 24], [11, 5, 12, 4], [13, 20, 14, 21], [15, 22, 16, 23], [17, 8, 18, 9], [19, 2, 20, 3], [21, 14, 22, 15]]"
12a_1107_39,"[[21, 14, 22, 15], [23, 7, 24, 6], [1, 18, 2, 19], [3, 13, 4, 12], [5, 11, 6, 10], [7, 16, 8, 17], [9, 1, 10, 24], [11, 5, 12, 4], [13, 20, 14, 21], [15, 22, 16, 23], [17, 8, 18, 9], [19, 2, 20, 3]]"
12a_1107_40,"[[19, 2, 20, 3], [21, 14, 22, 15], [23, 7, 24, 6], [1, 18, 2, 19], [3, 13, 4, 12], [5, 11, 6, 10], [7, 16, 8, 17], [9, 1, 10, 24], [11, 5, 12, 4], [13, 20, 14, 21], [15, 22, 16, 23], [17, 8, 18, 9]]"
12a_1107_41,"[[17, 8, 18, 9], [19, 2, 20, 3], [21, 14, 22, 15], [23, 7, 24, 6], [1, 18, 2, 19], [3, 13, 4, 12], [5, 11, 6, 10], [7, 16, 8, 17], [9, 1, 10, 24], [11, 5, 12, 4], [13, 20, 14, 21], [15, 22, 16, 23]]"
12a_1107_42,"[[15, 22, 16, 23], [17, 8, 18, 9], [19, 2, 20, 3], [21, 14, 22, 15], [23, 7, 24, 6], [1, 18, 2, 19], [3, 13, 4, 12], [5, 11, 6, 10], [7, 16, 8, 17], [9, 1, 10, 24], [11, 5, 12, 4], [13, 20, 14, 21]]"
12a_1107_43,"[[13, 20, 14, 21], [15, 22, 16, 23], [17, 8, 18, 9], [19, 2, 20, 3], [21, 14, 22, 15], [23, 7, 24, 6], [1, 18, 2, 19], [3, 13, 4, 12], [5, 11, 6, 10], [7, 16, 8, 17], [9, 1, 10, 24], [11, 5, 12, 4]]"
12a_1107_44,"[[11, 5, 12, 4], [13, 20, 14, 21], [15, 22, 16, 23], [17, 8, 18, 9], [19, 2, 20, 3], [21, 14, 22, 15], [23, 7, 24, 6], [1, 18, 2, 19], [3, 13, 4, 12], [5, 11, 6, 10], [7, 16, 8, 17], [9, 1, 10, 24]]"
12a_1107_45,"[[9, 1, 10, 24], [11, 5, 12, 4], [13, 20, 14, 21], [15, 22, 16, 23], [17, 8, 18, 9], [19, 2, 20, 3], [21, 14, 22, 15], [23, 7, 24, 6], [1, 18, 2, 19], [3, 13, 4, 12], [5, 11, 6, 10], [7, 16, 8, 17]]"
12a_1107_46,"[[7, 16, 8, 17], [9, 1, 10, 24], [11, 5, 12, 4], [13, 20, 14, 21], [15, 22, 16, 23], [17, 8, 18, 9], [19, 2, 20, 3], [21, 14, 22, 15], [23, 7, 24, 6], [1, 18, 2, 19], [3, 13, 4, 12], [5, 11, 6, 10]]"
12a_1107_47,"[[5, 11, 6, 10], [7, 16, 8, 17], [9, 1, 10, 24], [11, 5, 12, 4], [13, 20, 14, 21], [15, 22, 16, 23], [17, 8, 18, 9], [19, 2, 20, 3], [21, 14, 22, 15], [23, 7, 24, 6], [1, 18, 2, 19], [3, 13, 4, 12]]"
12a_1107_48,"[[4, 14, 5, 13], [6, 12, 7, 11], [8, 17, 9, 18], [10, 2, 11, 1], [12, 6, 13, 5], [14, 21, 15, 22], [16, 23, 17, 24], [18, 9, 19, 10], [20, 3, 21, 4], [22, 15, 23, 16], [24, 8, 1, 7], [2, 19, 3, 20]]"
12a_1107_49,"[[2, 19, 3, 20], [4, 14, 5, 13], [6, 12, 7, 11], [8, 17, 9, 18], [10, 2, 11, 1], [12, 6, 13, 5], [14, 21, 15, 22], [16, 23, 17, 24], [18, 9, 19, 10], [20, 3, 21, 4], [22, 15, 23, 16], [24, 8, 1, 7]]"
12a_1107_50,"[[24, 8, 1, 7], [2, 19, 3, 20], [4, 14, 5, 13], [6, 12, 7, 11], [8, 17, 9, 18], [10, 2, 11, 1], [12, 6, 13, 5], [14, 21, 15, 22], [16, 23, 17, 24], [18, 9, 19, 10], [20, 3, 21, 4], [22, 15, 23, 16]]"
12a_1107_51,"[[22, 15, 23, 16], [24, 8, 1, 7], [2, 19, 3, 20], [4, 14, 5, 13], [6, 12, 7, 11], [8, 17, 9, 18], [10, 2, 11, 1], [12, 6, 13, 5], [14, 21, 15, 22], [16, 23, 17, 24], [18, 9, 19, 10], [20, 3, 21, 4]]"
12a_1107_52,"[[20, 3, 21, 4], [22, 15, 23, 16], [24, 8, 1, 7], [2, 19, 3, 20], [4, 14, 5, 13], [6, 12, 7, 11], [8, 17, 9, 18], [10, 2, 11, 1], [12, 6, 13, 5], [14, 21, 15, 22], [16, 23, 17, 24], [18, 9, 19, 10]]"
12a_1107_53,"[[18, 9, 19, 10], [20, 3, 21, 4], [22, 15, 23, 16], [24, 8, 1, 7], [2, 19, 3, 20], [4, 14, 5, 13], [6, 12, 7, 11], [8, 17, 9, 18], [10, 2, 11, 1], [12, 6, 13, 5], [14, 21, 15, 22], [16, 23, 17, 24]]"
12a_1107_54,"[[16, 23, 17, 24], [18, 9, 19, 10], [20, 3, 21, 4], [22, 15, 23, 16], [24, 8, 1, 7], [2, 19, 3, 20], [4, 14, 5, 13], [6, 12, 7, 11], [8, 17, 9, 18], [10, 2, 11, 1], [12, 6, 13, 5], [14, 21, 15, 22]]"
12a_1107_55,"[[14, 21, 15, 22], [16, 23, 17, 24], [18, 9, 19, 10], [20, 3, 21, 4], [22, 15, 23, 16], [24, 8, 1, 7], [2, 19, 3, 20], [4, 14, 5, 13], [6, 12, 7, 11], [8, 17, 9, 18], [10, 2, 11, 1], [12, 6, 13, 5]]"
12a_1107_56,"[[12, 6, 13, 5], [14, 21, 15, 22], [16, 23, 17, 24], [18, 9, 19, 10], [20, 3, 21, 4], [22, 15, 23, 16], [24, 8, 1, 7], [2, 19, 3, 20], [4, 14, 5, 13], [6, 12, 7, 11], [8, 17, 9, 18], [10, 2, 11, 1]]"
12a_1107_57,"[[10, 2, 11, 1], [12, 6, 13, 5], [14, 21, 15, 22], [16, 23, 17, 24], [18, 9, 19, 10], [20, 3, 21, 4], [22, 15, 23, 16], [24, 8, 1, 7], [2, 19, 3, 20], [4, 14, 5, 13], [6, 12, 7, 11], [8, 17, 9, 18]]"
12a_1107_58,"[[8, 17, 9, 18], [10, 2, 11, 1], [12, 6, 13, 5], [14, 21, 15, 22], [16, 23, 17, 24], [18, 9, 19, 10], [20, 3, 21, 4], [22, 15, 23, 16], [24, 8, 1, 7], [2, 19, 3, 20], [4, 14, 5, 13], [6, 12, 7, 11]]"
12a_1107_59,"[[6, 12, 7, 11], [8, 17, 9, 18], [10, 2, 11, 1], [12, 6, 13, 5], [14, 21, 15, 22], [16, 23, 17, 24], [18, 9, 19, 10], [20, 3, 21, 4], [22, 15, 23, 16], [24, 8, 1, 7], [2, 19, 3, 20], [4, 14, 5, 13]]"
12a_1107_60,"[[5, 15, 6, 14], [7, 13, 8, 12], [9, 18, 10, 19], [11, 3, 12, 2], [13, 7, 14, 6], [15, 22, 16, 23], [17, 24, 18, 1], [19, 10, 20, 11], [21, 4, 22, 5], [23, 16, 24, 17], [1, 9, 2, 8], [3, 20, 4, 21]]"
12a_1107_61,"[[3, 20, 4, 21], [5, 15, 6, 14], [7, 13, 8, 12], [9, 18, 10, 19], [11, 3, 12, 2], [13, 7, 14, 6], [15, 22, 16, 23], [17, 24, 18, 1], [19, 10, 20, 11], [21, 4, 22, 5], [23, 16, 24, 17], [1, 9, 2, 8]]"
12a_1107_62,"[[1, 9, 2, 8], [3, 20, 4, 21], [5, 15, 6, 14], [7, 13, 8, 12], [9, 18, 10, 19], [11, 3, 12, 2], [13, 7, 14, 6], [15, 22, 16, 23], [17, 24, 18, 1], [19, 10, 20, 11], [21, 4, 22, 5], [23, 16, 24, 17]]"
12a_1107_63,"[[23, 16, 24, 17], [1, 9, 2, 8], [3, 20, 4, 21], [5, 15, 6, 14], [7, 13, 8, 12], [9, 18, 10, 19], [11, 3, 12, 2], [13, 7, 14, 6], [15, 22, 16, 23], [17, 24, 18, 1], [19, 10, 20, 11], [21, 4, 22, 5]]"
12a_1107_64,"[[21, 4, 22, 5], [23, 16, 24, 17], [1, 9, 2, 8], [3, 20, 4, 21], [5, 15, 6, 14], [7, 13, 8, 12], [9, 18, 10, 19], [11, 3, 12, 2], [13, 7, 14, 6], [15, 22, 16, 23], [17, 24, 18, 1], [19, 10, 20, 11]]"
12a_1107_65,"[[19, 10, 20, 11], [21, 4, 22, 5], [23, 16, 24, 17], [1, 9, 2, 8], [3, 20, 4, 21], [5, 15, 6, 14], [7, 13, 8, 12], [9, 18, 10, 19], [11, 3, 12, 2], [13, 7, 14, 6], [15, 22, 16, 23], [17, 24, 18, 1]]"
12a_1107_66,"[[17, 24, 18, 1], [19, 10, 20, 11], [21, 4, 22, 5], [23, 16, 24, 17], [1, 9, 2, 8], [3, 20, 4, 21], [5, 15, 6, 14], [7, 13, 8, 12], [9, 18, 10, 19], [11, 3, 12, 2], [13, 7, 14, 6], [15, 22, 16, 23]]"
12a_1107_67,"[[15, 22, 16, 23], [17, 24, 18, 1], [19, 10, 20, 11], [21, 4, 22, 5], [23, 16, 24, 17], [1, 9, 2, 8], [3, 20, 4, 21], [5, 15, 6, 14], [7, 13, 8, 12], [9, 18, 10, 19], [11, 3, 12, 2], [13, 7, 14, 6]]"
12a_1107_68,"[[13, 7, 14, 6], [15, 22, 16, 23], [17, 24, 18, 1], [19, 10, 20, 11], [21, 4, 22, 5], [23, 16, 24, 17], [1, 9, 2, 8], [3, 20, 4, 21], [5, 15, 6, 14], [7, 13, 8, 12], [9, 18, 10, 19], [11, 3, 12, 2]]"
12a_1107_69,"[[11, 3, 12, 2], [13, 7, 14, 6], [15, 22, 16, 23], [17, 24, 18, 1], [19, 10, 20, 11], [21, 4, 22, 5], [23, 16, 24, 17], [1, 9, 2, 8], [3, 20, 4, 21], [5, 15, 6, 14], [7, 13, 8, 12], [9, 18, 10, 19]]"
12a_1107_70,"[[9, 18, 10, 19], [11, 3, 12, 2], [13, 7, 14, 6], [15, 22, 16, 23], [17, 24, 18, 1], [19, 10, 20, 11], [21, 4, 22, 5], [23, 16, 24, 17], [1, 9, 2, 8], [3, 20, 4, 21], [5, 15, 6, 14], [7, 13, 8, 12]]"
12a_1107_71,"[[7, 13, 8, 12], [9, 18, 10, 19], [11, 3, 12, 2], [13, 7, 14, 6], [15, 22, 16, 23], [17, 24, 18, 1], [19, 10, 20, 11], [21, 4, 22, 5], [23, 16, 24, 17], [1, 9, 2, 8], [3, 20, 4, 21], [5, 15, 6, 14]]"
12a_1107_72,"[[6, 16, 7, 15], [8, 14, 9, 13], [10, 19, 11, 20], [12, 4, 13, 3], [14, 8, 15, 7], [16, 23, 17, 24], [18, 1, 19, 2], [20, 11, 21, 12], [22, 5, 23, 6], [24, 17, 1, 18], [2, 10, 3, 9], [4, 21, 5, 22]]"
12a_1107_73,"[[4, 21, 5, 22], [6, 16, 7, 15], [8, 14, 9, 13], [10, 19, 11, 20], [12, 4, 13, 3], [14, 8, 15, 7], [16, 23, 17, 24], [18, 1, 19, 2], [20, 11, 21, 12], [22, 5, 23, 6], [24, 17, 1, 18], [2, 10, 3, 9]]"
12a_1107_74,"[[2, 10, 3, 9], [4, 21, 5, 22], [6, 16, 7, 15], [8, 14, 9, 13], [10, 19, 11, 20], [12, 4, 13, 3], [14, 8, 15, 7], [16, 23, 17, 24], [18, 1, 19, 2], [20, 11, 21, 12], [22, 5, 23, 6], [24, 17, 1, 18]]"
12a_1107_75,"[[24, 17, 1, 18], [2, 10, 3, 9], [4, 21, 5, 22], [6, 16, 7, 15], [8, 14, 9, 13], [10, 19, 11, 20], [12, 4, 13, 3], [14, 8, 15, 7], [16, 23, 17, 24], [18, 1, 19, 2], [20, 11, 21, 12], [22, 5, 23, 6]]"
12a_1107_76,"[[22, 5, 23, 6], [24, 17, 1, 18], [2, 10, 3, 9], [4, 21, 5, 22], [6, 16, 7, 15], [8, 14, 9, 13], [10, 19, 11, 20], [12, 4, 13, 3], [14, 8, 15, 7], [16, 23, 17, 24], [18, 1, 19, 2], [20, 11, 21, 12]]"
12a_1107_77,"[[20, 11, 21, 12], [22, 5, 23, 6], [24, 17, 1, 18], [2, 10, 3, 9], [4, 21, 5, 22], [6, 16, 7, 15], [8, 14, 9, 13], [10, 19, 11, 20], [12, 4, 13, 3], [14, 8, 15, 7], [16, 23, 17, 24], [18, 1, 19, 2]]"
12a_1107_78,"[[18, 1, 19, 2], [20, 11, 21, 12], [22, 5, 23, 6], [24, 17, 1, 18], [2, 10, 3, 9], [4, 21, 5, 22], [6, 16, 7, 15], [8, 14, 9, 13], [10, 19, 11, 20], [12, 4, 13, 3], [14, 8, 15, 7], [16, 23, 17, 24]]"
12a_1107_79,"[[16, 23, 17, 24], [18, 1, 19, 2], [20, 11, 21, 12], [22, 5, 23, 6], [24, 17, 1, 18], [2, 10, 3, 9], [4, 21, 5, 22], [6, 16, 7, 15], [8, 14, 9, 13], [10, 19, 11, 20], [12, 4, 13, 3], [14, 8, 15, 7]]"
12a_1107_80,"[[14, 8, 15, 7], [16, 23, 17, 24], [18, 1, 19, 2], [20, 11, 21, 12], [22, 5, 23, 6], [24, 17, 1, 18], [2, 10, 3, 9], [4, 21, 5, 22], [6, 16, 7, 15], [8, 14, 9, 13], [10, 19, 11, 20], [12, 4, 13, 3]]"
12a_1107_81,"[[12, 4, 13, 3], [14, 8, 15, 7], [16, 23, 17, 24], [18, 1, 19, 2], [20, 11, 21, 12], [22, 5, 23, 6], [24, 17, 1, 18], [2, 10, 3, 9], [4, 21, 5, 22], [6, 16, 7, 15], [8, 14, 9, 13], [10, 19, 11, 20]]"
12a_1107_82,"[[10, 19, 11, 20], [12, 4, 13, 3], [14, 8, 15, 7], [16, 23, 17, 24], [18, 1, 19, 2], [20, 11, 21, 12], [22, 5, 23, 6], [24, 17, 1, 18], [2, 10, 3, 9], [4, 21, 5, 22], [6, 16, 7, 15], [8, 14, 9, 13]]"
12a_1107_83,"[[8, 14, 9, 13], [10, 19, 11, 20], [12, 4, 13, 3], [14, 8, 15, 7], [16, 23, 17, 24], [18, 1, 19, 2], [20, 11, 21, 12], [22, 5, 23, 6], [24, 17, 1, 18], [2, 10, 3, 9], [4, 21, 5, 22], [6, 16, 7, 15]]"
12a_1107_84,"[[7, 17, 8, 16], [9, 15, 10, 14], [11, 20, 12, 21], [13, 5, 14, 4], [15, 9, 16, 8], [17, 24, 18, 1], [19, 2, 20, 3], [21, 12, 22, 13], [23, 6, 24, 7], [1, 18, 2, 19], [3, 11, 4, 10], [5, 22, 6, 23]]"
12a_1107_85,"[[5, 22, 6, 23], [7, 17, 8, 16], [9, 15, 10, 14], [11, 20, 12, 21], [13, 5, 14, 4], [15, 9, 16, 8], [17, 24, 18, 1], [19, 2, 20, 3], [21, 12, 22, 13], [23, 6, 24, 7], [1, 18, 2, 19], [3, 11, 4, 10]]"
12a_1107_86,"[[3, 11, 4, 10], [5, 22, 6, 23], [7, 17, 8, 16], [9, 15, 10, 14], [11, 20, 12, 21], [13, 5, 14, 4], [15, 9, 16, 8], [17, 24, 18, 1], [19, 2, 20, 3], [21, 12, 22, 13], [23, 6, 24, 7], [1, 18, 2, 19]]"
12a_1107_87,"[[1, 18, 2, 19], [3, 11, 4, 10], [5, 22, 6, 23], [7, 17, 8, 16], [9, 15, 10, 14], [11, 20, 12, 21], [13, 5, 14, 4], [15, 9, 16, 8], [17, 24, 18, 1], [19, 2, 20, 3], [21, 12, 22, 13], [23, 6, 24, 7]]"
12a_1107_88,"[[23, 6, 24, 7], [1, 18, 2, 19], [3, 11, 4, 10], [5, 22, 6, 23], [7, 17, 8, 16], [9, 15, 10, 14], [11, 20, 12, 21], [13, 5, 14, 4], [15, 9, 16, 8], [17, 24, 18, 1], [19, 2, 20, 3], [21, 12, 22, 13]]"
12a_1107_89,"[[21, 12, 22, 13], [23, 6, 24, 7], [1, 18, 2, 19], [3, 11, 4, 10], [5, 22, 6, 23], [7, 17, 8, 16], [9, 15, 10, 14], [11, 20, 12, 21], [13, 5, 14, 4], [15, 9, 16, 8], [17, 24, 18, 1], [19, 2, 20, 3]]"
12a_1107_90,"[[19, 2, 20, 3], [21, 12, 22, 13], [23, 6, 24, 7], [1, 18, 2, 19], [3, 11, 4, 10], [5, 22, 6, 23], [7, 17, 8, 16], [9, 15, 10, 14], [11, 20, 12, 21], [13, 5, 14, 4], [15, 9, 16, 8], [17, 24, 18, 1]]"
12a_1107_91,"[[17, 24, 18, 1], [19, 2, 20, 3], [21, 12, 22, 13], [23, 6, 24, 7], [1, 18, 2, 19], [3, 11, 4, 10], [5, 22, 6, 23], [7, 17, 8, 16], [9, 15, 10, 14], [11, 20, 12, 21], [13, 5, 14, 4], [15, 9, 16, 8]]"
12a_1107_92,"[[15, 9, 16, 8], [17, 24, 18, 1], [19, 2, 20, 3], [21, 12, 22, 13], [23, 6, 24, 7], [1, 18, 2, 19], [3, 11, 4, 10], [5, 22, 6, 23], [7, 17, 8, 16], [9, 15, 10, 14], [11, 20, 12, 21], [13, 5, 14, 4]]"
12a_1107_93,"[[13, 5, 14, 4], [15, 9, 16, 8], [17, 24, 18, 1], [19, 2, 20, 3], [21, 12, 22, 13], [23, 6, 24, 7], [1, 18, 2, 19], [3, 11, 4, 10], [5, 22, 6, 23], [7, 17, 8, 16], [9, 15, 10, 14], [11, 20, 12, 21]]"
12a_1107_94,"[[11, 20, 12, 21], [13, 5, 14, 4], [15, 9, 16, 8], [17, 24, 18, 1], [19, 2, 20, 3], [21, 12, 22, 13], [23, 6, 24, 7], [1, 18, 2, 19], [3, 11, 4, 10], [5, 22, 6, 23], [7, 17, 8, 16], [9, 15, 10, 14]]"
12a_1107_95,"[[9, 15, 10, 14], [11, 20, 12, 21], [13, 5, 14, 4], [15, 9, 16, 8], [17, 24, 18, 1], [19, 2, 20, 3], [21, 12, 22, 13], [23, 6, 24, 7], [1, 18, 2, 19], [3, 11, 4, 10], [5, 22, 6, 23], [7, 17, 8, 16]]"
12a_1107_96,"[[8, 18, 9, 17], [10, 16, 11, 15], [12, 21, 13, 22], [14, 6, 15, 5], [16, 10, 17, 9], [18, 1, 19, 2], [20, 3, 21, 4], [22, 13, 23, 14], [24, 7, 1, 8], [2, 19, 3, 20], [4, 12, 5, 11], [6, 23, 7, 24]]"
12a_1107_97,"[[6, 23, 7, 24], [8, 18, 9, 17], [10, 16, 11, 15], [12, 21, 13, 22], [14, 6, 15, 5], [16, 10, 17, 9], [18, 1, 19, 2], [20, 3, 21, 4], [22, 13, 23, 14], [24, 7, 1, 8], [2, 19, 3, 20], [4, 12, 5, 11]]"
12a_1107_98,"[[4, 12, 5, 11], [6, 23, 7, 24], [8, 18, 9, 17], [10, 16, 11, 15], [12, 21, 13, 22], [14, 6, 15, 5], [16, 10, 17, 9], [18, 1, 19, 2], [20, 3, 21, 4], [22, 13, 23, 14], [24, 7, 1, 8], [2, 19, 3, 20]]"
12a_1107_99,"[[2, 19, 3, 20], [4, 12, 5, 11], [6, 23, 7, 24], [8, 18, 9, 17], [10, 16, 11, 15], [12, 21, 13, 22], [14, 6, 15, 5], [16, 10, 17, 9], [18, 1, 19, 2], [20, 3, 21, 4], [22, 13, 23, 14], [24, 7, 1, 8]]"
12a_1107_100,"[[24, 7, 1, 8], [2, 19, 3, 20], [4, 12, 5, 11], [6, 23, 7, 24], [8, 18, 9, 17], [10, 16, 11, 15], [12, 21, 13, 22], [14, 6, 15, 5], [16, 10, 17, 9], [18, 1, 19, 2], [20, 3, 21, 4], [22, 13, 23, 14]]"
12a_1107_101,"[[22, 13, 23, 14], [24, 7, 1, 8], [2, 19, 3, 20], [4, 12, 5, 11], [6, 23, 7, 24], [8, 18, 9, 17], [10, 16, 11, 15], [12, 21, 13, 22], [14, 6, 15, 5], [16, 10, 17, 9], [18, 1, 19, 2], [20, 3, 21, 4]]"
12a_1107_102,"[[20, 3, 21, 4], [22, 13, 23, 14], [24, 7, 1, 8], [2, 19, 3, 20], [4, 12, 5, 11], [6, 23, 7, 24], [8, 18, 9, 17], [10, 16, 11, 15], [12, 21, 13, 22], [14, 6, 15, 5], [16, 10, 17, 9], [18, 1, 19, 2]]"
12a_1107_103,"[[18, 1, 19, 2], [20, 3, 21, 4], [22, 13, 23, 14], [24, 7, 1, 8], [2, 19, 3, 20], [4, 12, 5, 11], [6, 23, 7, 24], [8, 18, 9, 17], [10, 16, 11, 15], [12, 21, 13, 22], [14, 6, 15, 5], [16, 10, 17, 9]]"
12a_1107_104,"[[16, 10, 17, 9], [18, 1, 19, 2], [20, 3, 21, 4], [22, 13, 23, 14], [24, 7, 1, 8], [2, 19, 3, 20], [4, 12, 5, 11], [6, 23, 7, 24], [8, 18, 9, 17], [10, 16, 11, 15], [12, 21, 13, 22], [14, 6, 15, 5]]"
12a_1107_105,"[[14, 6, 15, 5], [16, 10, 17, 9], [18, 1, 19, 2], [20, 3, 21, 4], [22, 13, 23, 14], [24, 7, 1, 8], [2, 19, 3, 20], [4, 12, 5, 11], [6, 23, 7, 24], [8, 18, 9, 17], [10, 16, 11, 15], [12, 21, 13, 22]]"
12a_1107_106,"[[12, 21, 13, 22], [14, 6, 15, 5], [16, 10, 17, 9], [18, 1, 19, 2], [20, 3, 21, 4], [22, 13, 23, 14], [24, 7, 1, 8], [2, 19, 3, 20], [4, 12, 5, 11], [6, 23, 7, 24], [8, 18, 9, 17], [10, 16, 11, 15]]"
12a_1107_107,"[[10, 16, 11, 15], [12, 21, 13, 22], [14, 6, 15, 5], [16, 10, 17, 9], [18, 1, 19, 2], [20, 3, 21, 4], [22, 13, 23, 14], [24, 7, 1, 8], [2, 19, 3, 20], [4, 12, 5, 11], [6, 23, 7, 24], [8, 18, 9, 17]]"
12a_1107_108,"[[9, 19, 10, 18], [11, 17, 12, 16], [13, 22, 14, 23], [15, 7, 16, 6], [17, 11, 18, 10], [19, 2, 20, 3], [21, 4, 22, 5], [23, 14, 24, 15], [1, 8, 2, 9], [3, 20, 4, 21], [5, 13, 6, 12], [7, 24, 8, 1]]"
12a_1107_109,"[[7, 24, 8, 1], [9, 19, 10, 18], [11, 17, 12, 16], [13, 22, 14, 23], [15, 7, 16, 6], [17, 11, 18, 10], [19, 2, 20, 3], [21, 4, 22, 5], [23, 14, 24, 15], [1, 8, 2, 9], [3, 20, 4, 21], [5, 13, 6, 12]]"
12a_1107_110,"[[5, 13, 6, 12], [7, 24, 8, 1], [9, 19, 10, 18], [11, 17, 12, 16], [13, 22, 14, 23], [15, 7, 16, 6], [17, 11, 18, 10], [19, 2, 20, 3], [21, 4, 22, 5], [23, 14, 24, 15], [1, 8, 2, 9], [3, 20, 4, 21]]"
12a_1107_111,"[[3, 20, 4, 21], [5, 13, 6, 12], [7, 24, 8, 1], [9, 19, 10, 18], [11, 17, 12, 16], [13, 22, 14, 23], [15, 7, 16, 6], [17, 11, 18, 10], [19, 2, 20, 3], [21, 4, 22, 5], [23, 14, 24, 15], [1, 8, 2, 9]]"
12a_1107_112,"[[1, 8, 2, 9], [3, 20, 4, 21], [5, 13, 6, 12], [7, 24, 8, 1], [9, 19, 10, 18], [11, 17, 12, 16], [13, 22, 14, 23], [15, 7, 16, 6], [17, 11, 18, 10], [19, 2, 20, 3], [21, 4, 22, 5], [23, 14, 24, 15]]"
12a_1107_113,"[[23, 14, 24, 15], [1, 8, 2, 9], [3, 20, 4, 21], [5, 13, 6, 12], [7, 24, 8, 1], [9, 19, 10, 18], [11, 17, 12, 16], [13, 22, 14, 23], [15, 7, 16, 6], [17, 11, 18, 10], [19, 2, 20, 3], [21, 4, 22, 5]]"
12a_1107_114,"[[21, 4, 22, 5], [23, 14, 24, 15], [1, 8, 2, 9], [3, 20, 4, 21], [5, 13, 6, 12], [7, 24, 8, 1], [9, 19, 10, 18], [11, 17, 12, 16], [13, 22, 14, 23], [15, 7, 16, 6], [17, 11, 18, 10], [19, 2, 20, 3]]"
12a_1107_115,"[[19, 2, 20, 3], [21, 4, 22, 5], [23, 14, 24, 15], [1, 8, 2, 9], [3, 20, 4, 21], [5, 13, 6, 12], [7, 24, 8, 1], [9, 19, 10, 18], [11, 17, 12, 16], [13, 22, 14, 23], [15, 7, 16, 6], [17, 11, 18, 10]]"
12a_1107_116,"[[17, 11, 18, 10], [19, 2, 20, 3], [21, 4, 22, 5], [23, 14, 24, 15], [1, 8, 2, 9], [3, 20, 4, 21], [5, 13, 6, 12], [7, 24, 8, 1], [9, 19, 10, 18], [11, 17, 12, 16], [13, 22, 14, 23], [15, 7, 16, 6]]"
12a_1107_117,"[[15, 7, 16, 6], [17, 11, 18, 10], [19, 2, 20, 3], [21, 4, 22, 5], [23, 14, 24, 15], [1, 8, 2, 9], [3, 20, 4, 21], [5, 13, 6, 12], [7, 24, 8, 1], [9, 19, 10, 18], [11, 17, 12, 16], [13, 22, 14, 23]]"
12a_1107_118,"[[13, 22, 14, 23], [15, 7, 16, 6], [17, 11, 18, 10], [19, 2, 20, 3], [21, 4, 22, 5], [23, 14, 24, 15], [1, 8, 2, 9], [3, 20, 4, 21], [5, 13, 6, 12], [7, 24, 8, 1], [9, 19, 10, 18], [11, 17, 12, 16]]"
12a_1107_119,"[[11, 17, 12, 16], [13, 22, 14, 23], [15, 7, 16, 6], [17, 11, 18, 10], [19, 2, 20, 3], [21, 4, 22, 5], [23, 14, 24, 15], [1, 8, 2, 9], [3, 20, 4, 21], [5, 13, 6, 12], [7, 24, 8, 1], [9, 19, 10, 18]]"
12a_1107_120,"[[10, 20, 11, 19], [12, 18, 13, 17], [14, 23, 15, 24], [16, 8, 17, 7], [18, 12, 19, 11], [20, 3, 21, 4], [22, 5, 23, 6], [24, 15, 1, 16], [2, 9, 3, 10], [4, 21, 5, 22], [6, 14, 7, 13], [8, 1, 9, 2]]"
12a_1107_121,"[[8, 1, 9, 2], [10, 20, 11, 19], [12, 18, 13, 17], [14, 23, 15, 24], [16, 8, 17, 7], [18, 12, 19, 11], [20, 3, 21, 4], [22, 5, 23, 6], [24, 15, 1, 16], [2, 9, 3, 10], [4, 21, 5, 22], [6, 14, 7, 13]]"
12a_1107_122,"[[6, 14, 7, 13], [8, 1, 9, 2], [10, 20, 11, 19], [12, 18, 13, 17], [14, 23, 15, 24], [16, 8, 17, 7], [18, 12, 19, 11], [20, 3, 21, 4], [22, 5, 23, 6], [24, 15, 1, 16], [2, 9, 3, 10], [4, 21, 5, 22]]"
12a_1107_123,"[[4, 21, 5, 22], [6, 14, 7, 13], [8, 1, 9, 2], [10, 20, 11, 19], [12, 18, 13, 17], [14, 23, 15, 24], [16, 8, 17, 7], [18, 12, 19, 11], [20, 3, 21, 4], [22, 5, 23, 6], [24, 15, 1, 16], [2, 9, 3, 10]]"
12a_1107_124,"[[2, 9, 3, 10], [4, 21, 5, 22], [6, 14, 7, 13], [8, 1, 9, 2], [10, 20, 11, 19], [12, 18, 13, 17], [14, 23, 15, 24], [16, 8, 17, 7], [18, 12, 19, 11], [20, 3, 21, 4], [22, 5, 23, 6], [24, 15, 1, 16]]"
12a_1107_125,"[[24, 15, 1, 16], [2, 9, 3, 10], [4, 21, 5, 22], [6, 14, 7, 13], [8, 1, 9, 2], [10, 20, 11, 19], [12, 18, 13, 17], [14, 23, 15, 24], [16, 8, 17, 7], [18, 12, 19, 11], [20, 3, 21, 4], [22, 5, 23, 6]]"
12a_1107_126,"[[22, 5, 23, 6], [24, 15, 1, 16], [2, 9, 3, 10], [4, 21, 5, 22], [6, 14, 7, 13], [8, 1, 9, 2], [10, 20, 11, 19], [12, 18, 13, 17], [14, 23, 15, 24], [16, 8, 17, 7], [18, 12, 19, 11], [20, 3, 21, 4]]"
12a_1107_127,"[[20, 3, 21, 4], [22, 5, 23, 6], [24, 15, 1, 16], [2, 9, 3, 10], [4, 21, 5, 22], [6, 14, 7, 13], [8, 1, 9, 2], [10, 20, 11, 19], [12, 18, 13, 17], [14, 23, 15, 24], [16, 8, 17, 7], [18, 12, 19, 11]]"
12a_1107_128,"[[18, 12, 19, 11], [20, 3, 21, 4], [22, 5, 23, 6], [24, 15, 1, 16], [2, 9, 3, 10], [4, 21, 5, 22], [6, 14, 7, 13], [8, 1, 9, 2], [10, 20, 11, 19], [12, 18, 13, 17], [14, 23, 15, 24], [16, 8, 17, 7]]"
12a_1107_129,"[[16, 8, 17, 7], [18, 12, 19, 11], [20, 3, 21, 4], [22, 5, 23, 6], [24, 15, 1, 16], [2, 9, 3, 10], [4, 21, 5, 22], [6, 14, 7, 13], [8, 1, 9, 2], [10, 20, 11, 19], [12, 18, 13, 17], [14, 23, 15, 24]]"
12a_1107_130,"[[14, 23, 15, 24], [16, 8, 17, 7], [18, 12, 19, 11], [20, 3, 21, 4], [22, 5, 23, 6], [24, 15, 1, 16], [2, 9, 3, 10], [4, 21, 5, 22], [6, 14, 7, 13], [8, 1, 9, 2], [10, 20, 11, 19], [12, 18, 13, 17]]"
12a_1107_131,"[[12, 18, 13, 17], [14, 23, 15, 24], [16, 8, 17, 7], [18, 12, 19, 11], [20, 3, 21, 4], [22, 5, 23, 6], [24, 15, 1, 16], [2, 9, 3, 10], [4, 21, 5, 22], [6, 14, 7, 13], [8, 1, 9, 2], [10, 20, 11, 19]]"
12a_1107_132,"[[11, 21, 12, 20], [13, 19, 14, 18], [15, 24, 16, 1], [17, 9, 18, 8], [19, 13, 20, 12], [21, 4, 22, 5], [23, 6, 24, 7], [1, 16, 2, 17], [3, 10, 4, 11], [5, 22, 6, 23], [7, 15, 8, 14], [9, 2, 10, 3]]"
12a_1107_133,"[[9, 2, 10, 3], [11, 21, 12, 20], [13, 19, 14, 18], [15, 24, 16, 1], [17, 9, 18, 8], [19, 13, 20, 12], [21, 4, 22, 5], [23, 6, 24, 7], [1, 16, 2, 17], [3, 10, 4, 11], [5, 22, 6, 23], [7, 15, 8, 14]]"
12a_1107_134,"[[7, 15, 8, 14], [9, 2, 10, 3], [11, 21, 12, 20], [13, 19, 14, 18], [15, 24, 16, 1], [17, 9, 18, 8], [19, 13, 20, 12], [21, 4, 22, 5], [23, 6, 24, 7], [1, 16, 2, 17], [3, 10, 4, 11], [5, 22, 6, 23]]"
12a_1107_135,"[[5, 22, 6, 23], [7, 15, 8, 14], [9, 2, 10, 3], [11, 21, 12, 20], [13, 19, 14, 18], [15, 24, 16, 1], [17, 9, 18, 8], [19, 13, 20, 12], [21, 4, 22, 5], [23, 6, 24, 7], [1, 16, 2, 17], [3, 10, 4, 11]]"
12a_1107_136,"[[3, 10, 4, 11], [5, 22, 6, 23], [7, 15, 8, 14], [9, 2, 10, 3], [11, 21, 12, 20], [13, 19, 14, 18], [15, 24, 16, 1], [17, 9, 18, 8], [19, 13, 20, 12], [21, 4, 22, 5], [23, 6, 24, 7], [1, 16, 2, 17]]"
12a_1107_137,"[[1, 16, 2, 17], [3, 10, 4, 11], [5, 22, 6, 23], [7, 15, 8, 14], [9, 2, 10, 3], [11, 21, 12, 20], [13, 19, 14, 18], [15, 24, 16, 1], [17, 9, 18, 8], [19, 13, 20, 12], [21, 4, 22, 5], [23, 6, 24, 7]]"
12a_1107_138,"[[23, 6, 24, 7], [1, 16, 2, 17], [3, 10, 4, 11], [5, 22, 6, 23], [7, 15, 8, 14], [9, 2, 10, 3], [11, 21, 12, 20], [13, 19, 14, 18], [15, 24, 16, 1], [17, 9, 18, 8], [19, 13, 20, 12], [21, 4, 22, 5]]"
12a_1107_139,"[[21, 4, 22, 5], [23, 6, 24, 7], [1, 16, 2, 17], [3, 10, 4, 11], [5, 22, 6, 23], [7, 15, 8, 14], [9, 2, 10, 3], [11, 21, 12, 20], [13, 19, 14, 18], [15, 24, 16, 1], [17, 9, 18, 8], [19, 13, 20, 12]]"
12a_1107_140,"[[19, 13, 20, 12], [21, 4, 22, 5], [23, 6, 24, 7], [1, 16, 2, 17], [3, 10, 4, 11], [5, 22, 6, 23], [7, 15, 8, 14], [9, 2, 10, 3], [11, 21, 12, 20], [13, 19, 14, 18], [15, 24, 16, 1], [17, 9, 18, 8]]"
12a_1107_141,"[[17, 9, 18, 8], [19, 13, 20, 12], [21, 4, 22, 5], [23, 6, 24, 7], [1, 16, 2, 17], [3, 10, 4, 11], [5, 22, 6, 23], [7, 15, 8, 14], [9, 2, 10, 3], [11, 21, 12, 20], [13, 19, 14, 18], [15, 24, 16, 1]]"
12a_1107_142,"[[15, 24, 16, 1], [17, 9, 18, 8], [19, 13, 20, 12], [21, 4, 22, 5], [23, 6, 24, 7], [1, 16, 2, 17], [3, 10, 4, 11], [5, 22, 6, 23], [7, 15, 8, 14], [9, 2, 10, 3], [11, 21, 12, 20], [13, 19, 14, 18]]"
12a_1107_143,"[[13, 19, 14, 18], [15, 24, 16, 1], [17, 9, 18, 8], [19, 13, 20, 12], [21, 4, 22, 5], [23, 6, 24, 7], [1, 16, 2, 17], [3, 10, 4, 11], [5, 22, 6, 23], [7, 15, 8, 14], [9, 2, 10, 3], [11, 21, 12, 20]]"
12a_1107_144,"[[12, 22, 13, 21], [14, 20, 15, 19], [16, 1, 17, 2], [18, 10, 19, 9], [20, 14, 21, 13], [22, 5, 23, 6], [24, 7, 1, 8], [2, 17, 3, 18], [4, 11, 5, 12], [6, 23, 7, 24], [8, 16, 9, 15], [10, 3, 11, 4]]"
12a_1107_145,"[[10, 3, 11, 4], [12, 22, 13, 21], [14, 20, 15, 19], [16, 1, 17, 2], [18, 10, 19, 9], [20, 14, 21, 13], [22, 5, 23, 6], [24, 7, 1, 8], [2, 17, 3, 18], [4, 11, 5, 12], [6, 23, 7, 24], [8, 16, 9, 15]]"
12a_1107_146,"[[8, 16, 9, 15], [10, 3, 11, 4], [12, 22, 13, 21], [14, 20, 15, 19], [16, 1, 17, 2], [18, 10, 19, 9], [20, 14, 21, 13], [22, 5, 23, 6], [24, 7, 1, 8], [2, 17, 3, 18], [4, 11, 5, 12], [6, 23, 7, 24]]"
12a_1107_147,"[[6, 23, 7, 24], [8, 16, 9, 15], [10, 3, 11, 4], [12, 22, 13, 21], [14, 20, 15, 19], [16, 1, 17, 2], [18, 10, 19, 9], [20, 14, 21, 13], [22, 5, 23, 6], [24, 7, 1, 8], [2, 17, 3, 18], [4, 11, 5, 12]]"
12a_1107_148,"[[4, 11, 5, 12], [6, 23, 7, 24], [8, 16, 9, 15], [10, 3, 11, 4], [12, 22, 13, 21], [14, 20, 15, 19], [16, 1, 17, 2], [18, 10, 19, 9], [20, 14, 21, 13], [22, 5, 23, 6], [24, 7, 1, 8], [2, 17, 3, 18]]"
12a_1107_149,"[[2, 17, 3, 18], [4, 11, 5, 12], [6, 23, 7, 24], [8, 16, 9, 15], [10, 3, 11, 4], [12, 22, 13, 21], [14, 20, 15, 19], [16, 1, 17, 2], [18, 10, 19, 9], [20, 14, 21, 13], [22, 5, 23, 6], [24, 7, 1, 8]]"
12a_1107_150,"[[24, 7, 1, 8], [2, 17, 3, 18], [4, 11, 5, 12], [6, 23, 7, 24], [8, 16, 9, 15], [10, 3, 11, 4], [12, 22, 13, 21], [14, 20, 15, 19], [16, 1, 17, 2], [18, 10, 19, 9], [20, 14, 21, 13], [22, 5, 23, 6]]"
12a_1107_151,"[[22, 5, 23, 6], [24, 7, 1, 8], [2, 17, 3, 18], [4, 11, 5, 12], [6, 23, 7, 24], [8, 16, 9, 15], [10, 3, 11, 4], [12, 22, 13, 21], [14, 20, 15, 19], [16, 1, 17, 2], [18, 10, 19, 9], [20, 14, 21, 13]]"
12a_1107_152,"[[20, 14, 21, 13], [22, 5, 23, 6], [24, 7, 1, 8], [2, 17, 3, 18], [4, 11, 5, 12], [6, 23, 7, 24], [8, 16, 9, 15], [10, 3, 11, 4], [12, 22, 13, 21], [14, 20, 15, 19], [16, 1, 17, 2], [18, 10, 19, 9]]"
12a_1107_153,"[[18, 10, 19, 9], [20, 14, 21, 13], [22, 5, 23, 6], [24, 7, 1, 8], [2, 17, 3, 18], [4, 11, 5, 12], [6, 23, 7, 24], [8, 16, 9, 15], [10, 3, 11, 4], [12, 22, 13, 21], [14, 20, 15, 19], [16, 1, 17, 2]]"
12a_1107_154,"[[16, 1, 17, 2], [18, 10, 19, 9], [20, 14, 21, 13], [22, 5, 23, 6], [24, 7, 1, 8], [2, 17, 3, 18], [4, 11, 5, 12], [6, 23, 7, 24], [8, 16, 9, 15], [10, 3, 11, 4], [12, 22, 13, 21], [14, 20, 15, 19]]"
12a_1107_155,"[[14, 20, 15, 19], [16, 1, 17, 2], [18, 10, 19, 9], [20, 14, 21, 13], [22, 5, 23, 6], [24, 7, 1, 8], [2, 17, 3, 18], [4, 11, 5, 12], [6, 23, 7, 24], [8, 16, 9, 15], [10, 3, 11, 4], [12, 22, 13, 21]]"
12a_1107_156,"[[13, 23, 14, 22], [15, 21, 16, 20], [17, 2, 18, 3], [19, 11, 20, 10], [21, 15, 22, 14], [23, 6, 24, 7], [1, 8, 2, 9], [3, 18, 4, 19], [5, 12, 6, 13], [7, 24, 8, 1], [9, 17, 10, 16], [11, 4, 12, 5]]"
12a_1107_157,"[[11, 4, 12, 5], [13, 23, 14, 22], [15, 21, 16, 20], [17, 2, 18, 3], [19, 11, 20, 10], [21, 15, 22, 14], [23, 6, 24, 7], [1, 8, 2, 9], [3, 18, 4, 19], [5, 12, 6, 13], [7, 24, 8, 1], [9, 17, 10, 16]]"
12a_1107_158,"[[9, 17, 10, 16], [11, 4, 12, 5], [13, 23, 14, 22], [15, 21, 16, 20], [17, 2, 18, 3], [19, 11, 20, 10], [21, 15, 22, 14], [23, 6, 24, 7], [1, 8, 2, 9], [3, 18, 4, 19], [5, 12, 6, 13], [7, 24, 8, 1]]"
12a_1107_159,"[[7, 24, 8, 1], [9, 17, 10, 16], [11, 4, 12, 5], [13, 23, 14, 22], [15, 21, 16, 20], [17, 2, 18, 3], [19, 11, 20, 10], [21, 15, 22, 14], [23, 6, 24, 7], [1, 8, 2, 9], [3, 18, 4, 19], [5, 12, 6, 13]]"
12a_1107_160,"[[5, 12, 6, 13], [7, 24, 8, 1], [9, 17, 10, 16], [11, 4, 12, 5], [13, 23, 14, 22], [15, 21, 16, 20], [17, 2, 18, 3], [19, 11, 20, 10], [21, 15, 22, 14], [23, 6, 24, 7], [1, 8, 2, 9], [3, 18, 4, 19]]"
12a_1107_161,"[[3, 18, 4, 19], [5, 12, 6, 13], [7, 24, 8, 1], [9, 17, 10, 16], [11, 4, 12, 5], [13, 23, 14, 22], [15, 21, 16, 20], [17, 2, 18, 3], [19, 11, 20, 10], [21, 15, 22, 14], [23, 6, 24, 7], [1, 8, 2, 9]]"
12a_1107_162,"[[1, 8, 2, 9], [3, 18, 4, 19], [5, 12, 6, 13], [7, 24, 8, 1], [9, 17, 10, 16], [11, 4, 12, 5], [13, 23, 14, 22], [15, 21, 16, 20], [17, 2, 18, 3], [19, 11, 20, 10], [21, 15, 22, 14], [23, 6, 24, 7]]"
12a_1107_163,"[[23, 6, 24, 7], [1, 8, 2, 9], [3, 18, 4, 19], [5, 12, 6, 13], [7, 24, 8, 1], [9, 17, 10, 16], [11, 4, 12, 5], [13, 23, 14, 22], [15, 21, 16, 20], [17, 2, 18, 3], [19, 11, 20, 10], [21, 15, 22, 14]]"
12a_1107_164,"[[21, 15, 22, 14], [23, 6, 24, 7], [1, 8, 2, 9], [3, 18, 4, 19], [5, 12, 6, 13], [7, 24, 8, 1], [9, 17, 10, 16], [11, 4, 12, 5], [13, 23, 14, 22], [15, 21, 16, 20], [17, 2, 18, 3], [19, 11, 20, 10]]"
12a_1107_165,"[[19, 11, 20, 10], [21, 15, 22, 14], [23, 6, 24, 7], [1, 8, 2, 9], [3, 18, 4, 19], [5, 12, 6, 13], [7, 24, 8, 1], [9, 17, 10, 16], [11, 4, 12, 5], [13, 23, 14, 22], [15, 21, 16, 20], [17, 2, 18, 3]]"
12a_1107_166,"[[17, 2, 18, 3], [19, 11, 20, 10], [21, 15, 22, 14], [23, 6, 24, 7], [1, 8, 2, 9], [3, 18, 4, 19], [5, 12, 6, 13], [7, 24, 8, 1], [9, 17, 10, 16], [11, 4, 12, 5], [13, 23, 14, 22], [15, 21, 16, 20]]"
12a_1107_167,"[[15, 21, 16, 20], [17, 2, 18, 3], [19, 11, 20, 10], [21, 15, 22, 14], [23, 6, 24, 7], [1, 8, 2, 9], [3, 18, 4, 19], [5, 12, 6, 13], [7, 24, 8, 1], [9, 17, 10, 16], [11, 4, 12, 5], [13, 23, 14, 22]]"
12a_1107_168,"[[14, 24, 15, 23], [16, 22, 17, 21], [18, 3, 19, 4], [20, 12, 21, 11], [22, 16, 23, 15], [24, 7, 1, 8], [2, 9, 3, 10], [4, 19, 5, 20], [6, 13, 7, 14], [8, 1, 9, 2], [10, 18, 11, 17], [12, 5, 13, 6]]"
12a_1107_169,"[[12, 5, 13, 6], [14, 24, 15, 23], [16, 22, 17, 21], [18, 3, 19, 4], [20, 12, 21, 11], [22, 16, 23, 15], [24, 7, 1, 8], [2, 9, 3, 10], [4, 19, 5, 20], [6, 13, 7, 14], [8, 1, 9, 2], [10, 18, 11, 17]]"
12a_1107_170,"[[10, 18, 11, 17], [12, 5, 13, 6], [14, 24, 15, 23], [16, 22, 17, 21], [18, 3, 19, 4], [20, 12, 21, 11], [22, 16, 23, 15], [24, 7, 1, 8], [2, 9, 3, 10], [4, 19, 5, 20], [6, 13, 7, 14], [8, 1, 9, 2]]"
12a_1107_171,"[[8, 1, 9, 2], [10, 18, 11, 17], [12, 5, 13, 6], [14, 24, 15, 23], [16, 22, 17, 21], [18, 3, 19, 4], [20, 12, 21, 11], [22, 16, 23, 15], [24, 7, 1, 8], [2, 9, 3, 10], [4, 19, 5, 20], [6, 13, 7, 14]]"
12a_1107_172,"[[6, 13, 7, 14], [8, 1, 9, 2], [10, 18, 11, 17], [12, 5, 13, 6], [14, 24, 15, 23], [16, 22, 17, 21], [18, 3, 19, 4], [20, 12, 21, 11], [22, 16, 23, 15], [24, 7, 1, 8], [2, 9, 3, 10], [4, 19, 5, 20]]"
12a_1107_173,"[[4, 19, 5, 20], [6, 13, 7, 14], [8, 1, 9, 2], [10, 18, 11, 17], [12, 5, 13, 6], [14, 24, 15, 23], [16, 22, 17, 21], [18, 3, 19, 4], [20, 12, 21, 11], [22, 16, 23, 15], [24, 7, 1, 8], [2, 9, 3, 10]]"
12a_1107_174,"[[2, 9, 3, 10], [4, 19, 5, 20], [6, 13, 7, 14], [8, 1, 9, 2], [10, 18, 11, 17], [12, 5, 13, 6], [14, 24, 15, 23], [16, 22, 17, 21], [18, 3, 19, 4], [20, 12, 21, 11], [22, 16, 23, 15], [24, 7, 1, 8]]"
12a_1107_175,"[[24, 7, 1, 8], [2, 9, 3, 10], [4, 19, 5, 20], [6, 13, 7, 14], [8, 1, 9, 2], [10, 18, 11, 17], [12, 5, 13, 6], [14, 24, 15, 23], [16, 22, 17, 21], [18, 3, 19, 4], [20, 12, 21, 11], [22, 16, 23, 15]]"
12a_1107_176,"[[22, 16, 23, 15], [24, 7, 1, 8], [2, 9, 3, 10], [4, 19, 5, 20], [6, 13, 7, 14], [8, 1, 9, 2], [10, 18, 11, 17], [12, 5, 13, 6], [14, 24, 15, 23], [16, 22, 17, 21], [18, 3, 19, 4], [20, 12, 21, 11]]"
12a_1107_177,"[[20, 12, 21, 11], [22, 16, 23, 15], [24, 7, 1, 8], [2, 9, 3, 10], [4, 19, 5, 20], [6, 13, 7, 14], [8, 1, 9, 2], [10, 18, 11, 17], [12, 5, 13, 6], [14, 24, 15, 23], [16, 22, 17, 21], [18, 3, 19, 4]]"
12a_1107_178,"[[18, 3, 19, 4], [20, 12, 21, 11], [22, 16, 23, 15], [24, 7, 1, 8], [2, 9, 3, 10], [4, 19, 5, 20], [6, 13, 7, 14], [8, 1, 9, 2], [10, 18, 11, 17], [12, 5, 13, 6], [14, 24, 15, 23], [16, 22, 17, 21]]"
12a_1107_179,"[[16, 22, 17, 21], [18, 3, 19, 4], [20, 12, 21, 11], [22, 16, 23, 15], [24, 7, 1, 8], [2, 9, 3, 10], [4, 19, 5, 20], [6, 13, 7, 14], [8, 1, 9, 2], [10, 18, 11, 17], [12, 5, 13, 6], [14, 24, 15, 23]]"
12a_1107_180,"[[15, 1, 16, 24], [17, 23, 18, 22], [19, 4, 20, 5], [21, 13, 22, 12], [23, 17, 24, 16], [1, 8, 2, 9], [3, 10, 4, 11], [5, 20, 6, 21], [7, 14, 8, 15], [9, 2, 10, 3], [11, 19, 12, 18], [13, 6, 14, 7]]"
12a_1107_181,"[[13, 6, 14, 7], [15, 1, 16, 24], [17, 23, 18, 22], [19, 4, 20, 5], [21, 13, 22, 12], [23, 17, 24, 16], [1, 8, 2, 9], [3, 10, 4, 11], [5, 20, 6, 21], [7, 14, 8, 15], [9, 2, 10, 3], [11, 19, 12, 18]]"
12a_1107_182,"[[11, 19, 12, 18], [13, 6, 14, 7], [15, 1, 16, 24], [17, 23, 18, 22], [19, 4, 20, 5], [21, 13, 22, 12], [23, 17, 24, 16], [1, 8, 2, 9], [3, 10, 4, 11], [5, 20, 6, 21], [7, 14, 8, 15], [9, 2, 10, 3]]"
12a_1107_183,"[[9, 2, 10, 3], [11, 19, 12, 18], [13, 6, 14, 7], [15, 1, 16, 24], [17, 23, 18, 22], [19, 4, 20, 5], [21, 13, 22, 12], [23, 17, 24, 16], [1, 8, 2, 9], [3, 10, 4, 11], [5, 20, 6, 21], [7, 14, 8, 15]]"
12a_1107_184,"[[7, 14, 8, 15], [9, 2, 10, 3], [11, 19, 12, 18], [13, 6, 14, 7], [15, 1, 16, 24], [17, 23, 18, 22], [19, 4, 20, 5], [21, 13, 22, 12], [23, 17, 24, 16], [1, 8, 2, 9], [3, 10, 4, 11], [5, 20, 6, 21]]"
12a_1107_185,"[[5, 20, 6, 21], [7, 14, 8, 15], [9, 2, 10, 3], [11, 19, 12, 18], [13, 6, 14, 7], [15, 1, 16, 24], [17, 23, 18, 22], [19, 4, 20, 5], [21, 13, 22, 12], [23, 17, 24, 16], [1, 8, 2, 9], [3, 10, 4, 11]]"
