name,pd_notation
12a_0577_0,"[[24, 15, 1, 16], [2, 6, 3, 5], [4, 14, 5, 13], [6, 17, 7, 18], [8, 19, 9, 20], [10, 21, 11, 22], [12, 4, 13, 3], [14, 23, 15, 24], [16, 1, 17, 2], [18, 7, 19, 8], [20, 11, 21, 12], [22, 9, 23, 10]]"
12a_0577_1,"[[22, 9, 23, 10], [24, 15, 1, 16], [2, 6, 3, 5], [4, 14, 5, 13], [6, 17, 7, 18], [8, 19, 9, 20], [10, 21, 11, 22], [12, 4, 13, 3], [14, 23, 15, 24], [16, 1, 17, 2], [18, 7, 19, 8], [20, 11, 21, 12]]"
12a_0577_2,"[[20, 11, 21, 12], [22, 9, 23, 10], [24, 15, 1, 16], [2, 6, 3, 5], [4, 14, 5, 13], [6, 17, 7, 18], [8, 19, 9, 20], [10, 21, 11, 22], [12, 4, 13, 3], [14, 23, 15, 24], [16, 1, 17, 2], [18, 7, 19, 8]]"
12a_0577_3,"[[18, 7, 19, 8], [20, 11, 21, 12], [22, 9, 23, 10], [24, 15, 1, 16], [2, 6, 3, 5], [4, 14, 5, 13], [6, 17, 7, 18], [8, 19, 9, 20], [10, 21, 11, 22], [12, 4, 13, 3], [14, 23, 15, 24], [16, 1, 17, 2]]"
12a_0577_4,"[[16, 1, 17, 2], [18, 7, 19, 8], [20, 11, 21, 12], [22, 9, 23, 10], [24, 15, 1, 16], [2, 6, 3, 5], [4, 14, 5, 13], [6, 17, 7, 18], [8, 19, 9, 20], [10, 21, 11, 22], [12, 4, 13, 3], [14, 23, 15, 24]]"
12a_0577_5,"[[14, 23, 15, 24], [16, 1, 17, 2], [18, 7, 19, 8], [20, 11, 21, 12], [22, 9, 23, 10], [24, 15, 1, 16], [2, 6, 3, 5], [4, 14, 5, 13], [6, 17, 7, 18], [8, 19, 9, 20], [10, 21, 11, 22], [12, 4, 13, 3]]"
12a_0577_6,"[[12, 4, 13, 3], [14, 23, 15, 24], [16, 1, 17, 2], [18, 7, 19, 8], [20, 11, 21, 12], [22, 9, 23, 10], [24, 15, 1, 16], [2, 6, 3, 5], [4, 14, 5, 13], [6, 17, 7, 18], [8, 19, 9, 20], [10, 21, 11, 22]]"
12a_0577_7,"[[10, 21, 11, 22], [12, 4, 13, 3], [14, 23, 15, 24], [16, 1, 17, 2], [18, 7, 19, 8], [20, 11, 21, 12], [22, 9, 23, 10], [24, 15, 1, 16], [2, 6, 3, 5], [4, 14, 5, 13], [6, 17, 7, 18], [8, 19, 9, 20]]"
12a_0577_8,"[[8, 19, 9, 20], [10, 21, 11, 22], [12, 4, 13, 3], [14, 23, 15, 24], [16, 1, 17, 2], [18, 7, 19, 8], [20, 11, 21, 12], [22, 9, 23, 10], [24, 15, 1, 16], [2, 6, 3, 5], [4, 14, 5, 13], [6, 17, 7, 18]]"
12a_0577_9,"[[6, 17, 7, 18], [8, 19, 9, 20], [10, 21, 11, 22], [12, 4, 13, 3], [14, 23, 15, 24], [16, 1, 17, 2], [18, 7, 19, 8], [20, 11, 21, 12], [22, 9, 23, 10], [24, 15, 1, 16], [2, 6, 3, 5], [4, 14, 5, 13]]"
12a_0577_10,"[[4, 14, 5, 13], [6, 17, 7, 18], [8, 19, 9, 20], [10, 21, 11, 22], [12, 4, 13, 3], [14, 23, 15, 24], [16, 1, 17, 2], [18, 7, 19, 8], [20, 11, 21, 12], [22, 9, 23, 10], [24, 15, 1, 16], [2, 6, 3, 5]]"
12a_0577_11,"[[2, 6, 3, 5], [4, 14, 5, 13], [6, 17, 7, 18], [8, 19, 9, 20], [10, 21, 11, 22], [12, 4, 13, 3], [14, 23, 15, 24], [16, 1, 17, 2], [18, 7, 19, 8], [20, 11, 21, 12], [22, 9, 23, 10], [24, 15, 1, 16]]"
12a_0577_12,"[[1, 16, 2, 17], [3, 7, 4, 6], [5, 15, 6, 14], [7, 18, 8, 19], [9, 20, 10, 21], [11, 22, 12, 23], [13, 5, 14, 4], [15, 24, 16, 1], [17, 2, 18, 3], [19, 8, 20, 9], [21, 12, 22, 13], [23, 10, 24, 11]]"
12a_0577_13,"[[23, 10, 24, 11], [1, 16, 2, 17], [3, 7, 4, 6], [5, 15, 6, 14], [7, 18, 8, 19], [9, 20, 10, 21], [11, 22, 12, 23], [13, 5, 14, 4], [15, 24, 16, 1], [17, 2, 18, 3], [19, 8, 20, 9], [21, 12, 22, 13]]"
12a_0577_14,"[[21, 12, 22, 13], [23, 10, 24, 11], [1, 16, 2, 17], [3, 7, 4, 6], [5, 15, 6, 14], [7, 18, 8, 19], [9, 20, 10, 21], [11, 22, 12, 23], [13, 5, 14, 4], [15, 24, 16, 1], [17, 2, 18, 3], [19, 8, 20, 9]]"
12a_0577_15,"[[19, 8, 20, 9], [21, 12, 22, 13], [23, 10, 24, 11], [1, 16, 2, 17], [3, 7, 4, 6], [5, 15, 6, 14], [7, 18, 8, 19], [9, 20, 10, 21], [11, 22, 12, 23], [13, 5, 14, 4], [15, 24, 16, 1], [17, 2, 18, 3]]"
12a_0577_16,"[[17, 2, 18, 3], [19, 8, 20, 9], [21, 12, 22, 13], [23, 10, 24, 11], [1, 16, 2, 17], [3, 7, 4, 6], [5, 15, 6, 14], [7, 18, 8, 19], [9, 20, 10, 21], [11, 22, 12, 23], [13, 5, 14, 4], [15, 24, 16, 1]]"
12a_0577_17,"[[15, 24, 16, 1], [17, 2, 18, 3], [19, 8, 20, 9], [21, 12, 22, 13], [23, 10, 24, 11], [1, 16, 2, 17], [3, 7, 4, 6], [5, 15, 6, 14], [7, 18, 8, 19], [9, 20, 10, 21], [11, 22, 12, 23], [13, 5, 14, 4]]"
12a_0577_18,"[[13, 5, 14, 4], [15, 24, 16, 1], [17, 2, 18, 3], [19, 8, 20, 9], [21, 12, 22, 13], [23, 10, 24, 11], [1, 16, 2, 17], [3, 7, 4, 6], [5, 15, 6, 14], [7, 18, 8, 19], [9, 20, 10, 21], [11, 22, 12, 23]]"
12a_0577_19,"[[11, 22, 12, 23], [13, 5, 14, 4], [15, 24, 16, 1], [17, 2, 18, 3], [19, 8, 20, 9], [21, 12, 22, 13], [23, 10, 24, 11], [1, 16, 2, 17], [3, 7, 4, 6], [5, 15, 6, 14], [7, 18, 8, 19], [9, 20, 10, 21]]"
12a_0577_20,"[[9, 20, 10, 21], [11, 22, 12, 23], [13, 5, 14, 4], [15, 24, 16, 1], [17, 2, 18, 3], [19, 8, 20, 9], [21, 12, 22, 13], [23, 10, 24, 11], [1, 16, 2, 17], [3, 7, 4, 6], [5, 15, 6, 14], [7, 18, 8, 19]]"
12a_0577_21,"[[7, 18, 8, 19], [9, 20, 10, 21], [11, 22, 12, 23], [13, 5, 14, 4], [15, 24, 16, 1], [17, 2, 18, 3], [19, 8, 20, 9], [21, 12, 22, 13], [23, 10, 24, 11], [1, 16, 2, 17], [3, 7, 4, 6], [5, 15, 6, 14]]"
12a_0577_22,"[[5, 15, 6, 14], [7, 18, 8, 19], [9, 20, 10, 21], [11, 22, 12, 23], [13, 5, 14, 4], [15, 24, 16, 1], [17, 2, 18, 3], [19, 8, 20, 9], [21, 12, 22, 13], [23, 10, 24, 11], [1, 16, 2, 17], [3, 7, 4, 6]]"
12a_0577_23,"[[3, 7, 4, 6], [5, 15, 6, 14], [7, 18, 8, 19], [9, 20, 10, 21], [11, 22, 12, 23], [13, 5, 14, 4], [15, 24, 16, 1], [17, 2, 18, 3], [19, 8, 20, 9], [21, 12, 22, 13], [23, 10, 24, 11], [1, 16, 2, 17]]"
12a_0577_24,"[[2, 17, 3, 18], [4, 8, 5, 7], [6, 16, 7, 15], [8, 19, 9, 20], [10, 21, 11, 22], [12, 23, 13, 24], [14, 6, 15, 5], [16, 1, 17, 2], [18, 3, 19, 4], [20, 9, 21, 10], [22, 13, 23, 14], [24, 11, 1, 12]]"
12a_0577_25,"[[24, 11, 1, 12], [2, 17, 3, 18], [4, 8, 5, 7], [6, 16, 7, 15], [8, 19, 9, 20], [10, 21, 11, 22], [12, 23, 13, 24], [14, 6, 15, 5], [16, 1, 17, 2], [18, 3, 19, 4], [20, 9, 21, 10], [22, 13, 23, 14]]"
12a_0577_26,"[[22, 13, 23, 14], [24, 11, 1, 12], [2, 17, 3, 18], [4, 8, 5, 7], [6, 16, 7, 15], [8, 19, 9, 20], [10, 21, 11, 22], [12, 23, 13, 24], [14, 6, 15, 5], [16, 1, 17, 2], [18, 3, 19, 4], [20, 9, 21, 10]]"
12a_0577_27,"[[20, 9, 21, 10], [22, 13, 23, 14], [24, 11, 1, 12], [2, 17, 3, 18], [4, 8, 5, 7], [6, 16, 7, 15], [8, 19, 9, 20], [10, 21, 11, 22], [12, 23, 13, 24], [14, 6, 15, 5], [16, 1, 17, 2], [18, 3, 19, 4]]"
12a_0577_28,"[[18, 3, 19, 4], [20, 9, 21, 10], [22, 13, 23, 14], [24, 11, 1, 12], [2, 17, 3, 18], [4, 8, 5, 7], [6, 16, 7, 15], [8, 19, 9, 20], [10, 21, 11, 22], [12, 23, 13, 24], [14, 6, 15, 5], [16, 1, 17, 2]]"
12a_0577_29,"[[16, 1, 17, 2], [18, 3, 19, 4], [20, 9, 21, 10], [22, 13, 23, 14], [24, 11, 1, 12], [2, 17, 3, 18], [4, 8, 5, 7], [6, 16, 7, 15], [8, 19, 9, 20], [10, 21, 11, 22], [12, 23, 13, 24], [14, 6, 15, 5]]"
12a_0577_30,"[[14, 6, 15, 5], [16, 1, 17, 2], [18, 3, 19, 4], [20, 9, 21, 10], [22, 13, 23, 14], [24, 11, 1, 12], [2, 17, 3, 18], [4, 8, 5, 7], [6, 16, 7, 15], [8, 19, 9, 20], [10, 21, 11, 22], [12, 23, 13, 24]]"
12a_0577_31,"[[12, 23, 13, 24], [14, 6, 15, 5], [16, 1, 17, 2], [18, 3, 19, 4], [20, 9, 21, 10], [22, 13, 23, 14], [24, 11, 1, 12], [2, 17, 3, 18], [4, 8, 5, 7], [6, 16, 7, 15], [8, 19, 9, 20], [10, 21, 11, 22]]"
12a_0577_32,"[[10, 21, 11, 22], [12, 23, 13, 24], [14, 6, 15, 5], [16, 1, 17, 2], [18, 3, 19, 4], [20, 9, 21, 10], [22, 13, 23, 14], [24, 11, 1, 12], [2, 17, 3, 18], [4, 8, 5, 7], [6, 16, 7, 15], [8, 19, 9, 20]]"
12a_0577_33,"[[8, 19, 9, 20], [10, 21, 11, 22], [12, 23, 13, 24], [14, 6, 15, 5], [16, 1, 17, 2], [18, 3, 19, 4], [20, 9, 21, 10], [22, 13, 23, 14], [24, 11, 1, 12], [2, 17, 3, 18], [4, 8, 5, 7], [6, 16, 7, 15]]"
12a_0577_34,"[[6, 16, 7, 15], [8, 19, 9, 20], [10, 21, 11, 22], [12, 23, 13, 24], [14, 6, 15, 5], [16, 1, 17, 2], [18, 3, 19, 4], [20, 9, 21, 10], [22, 13, 23, 14], [24, 11, 1, 12], [2, 17, 3, 18], [4, 8, 5, 7]]"
12a_0577_35,"[[4, 8, 5, 7], [6, 16, 7, 15], [8, 19, 9, 20], [10, 21, 11, 22], [12, 23, 13, 24], [14, 6, 15, 5], [16, 1, 17, 2], [18, 3, 19, 4], [20, 9, 21, 10], [22, 13, 23, 14], [24, 11, 1, 12], [2, 17, 3, 18]]"
12a_0577_36,"[[3, 18, 4, 19], [5, 9, 6, 8], [7, 17, 8, 16], [9, 20, 10, 21], [11, 22, 12, 23], [13, 24, 14, 1], [15, 7, 16, 6], [17, 2, 18, 3], [19, 4, 20, 5], [21, 10, 22, 11], [23, 14, 24, 15], [1, 12, 2, 13]]"
12a_0577_37,"[[1, 12, 2, 13], [3, 18, 4, 19], [5, 9, 6, 8], [7, 17, 8, 16], [9, 20, 10, 21], [11, 22, 12, 23], [13, 24, 14, 1], [15, 7, 16, 6], [17, 2, 18, 3], [19, 4, 20, 5], [21, 10, 22, 11], [23, 14, 24, 15]]"
12a_0577_38,"[[23, 14, 24, 15], [1, 12, 2, 13], [3, 18, 4, 19], [5, 9, 6, 8], [7, 17, 8, 16], [9, 20, 10, 21], [11, 22, 12, 23], [13, 24, 14, 1], [15, 7, 16, 6], [17, 2, 18, 3], [19, 4, 20, 5], [21, 10, 22, 11]]"
12a_0577_39,"[[21, 10, 22, 11], [23, 14, 24, 15], [1, 12, 2, 13], [3, 18, 4, 19], [5, 9, 6, 8], [7, 17, 8, 16], [9, 20, 10, 21], [11, 22, 12, 23], [13, 24, 14, 1], [15, 7, 16, 6], [17, 2, 18, 3], [19, 4, 20, 5]]"
12a_0577_40,"[[19, 4, 20, 5], [21, 10, 22, 11], [23, 14, 24, 15], [1, 12, 2, 13], [3, 18, 4, 19], [5, 9, 6, 8], [7, 17, 8, 16], [9, 20, 10, 21], [11, 22, 12, 23], [13, 24, 14, 1], [15, 7, 16, 6], [17, 2, 18, 3]]"
12a_0577_41,"[[17, 2, 18, 3], [19, 4, 20, 5], [21, 10, 22, 11], [23, 14, 24, 15], [1, 12, 2, 13], [3, 18, 4, 19], [5, 9, 6, 8], [7, 17, 8, 16], [9, 20, 10, 21], [11, 22, 12, 23], [13, 24, 14, 1], [15, 7, 16, 6]]"
12a_0577_42,"[[15, 7, 16, 6], [17, 2, 18, 3], [19, 4, 20, 5], [21, 10, 22, 11], [23, 14, 24, 15], [1, 12, 2, 13], [3, 18, 4, 19], [5, 9, 6, 8], [7, 17, 8, 16], [9, 20, 10, 21], [11, 22, 12, 23], [13, 24, 14, 1]]"
12a_0577_43,"[[13, 24, 14, 1], [15, 7, 16, 6], [17, 2, 18, 3], [19, 4, 20, 5], [21, 10, 22, 11], [23, 14, 24, 15], [1, 12, 2, 13], [3, 18, 4, 19], [5, 9, 6, 8], [7, 17, 8, 16], [9, 20, 10, 21], [11, 22, 12, 23]]"
12a_0577_44,"[[11, 22, 12, 23], [13, 24, 14, 1], [15, 7, 16, 6], [17, 2, 18, 3], [19, 4, 20, 5], [21, 10, 22, 11], [23, 14, 24, 15], [1, 12, 2, 13], [3, 18, 4, 19], [5, 9, 6, 8], [7, 17, 8, 16], [9, 20, 10, 21]]"
12a_0577_45,"[[9, 20, 10, 21], [11, 22, 12, 23], [13, 24, 14, 1], [15, 7, 16, 6], [17, 2, 18, 3], [19, 4, 20, 5], [21, 10, 22, 11], [23, 14, 24, 15], [1, 12, 2, 13], [3, 18, 4, 19], [5, 9, 6, 8], [7, 17, 8, 16]]"
12a_0577_46,"[[7, 17, 8, 16], [9, 20, 10, 21], [11, 22, 12, 23], [13, 24, 14, 1], [15, 7, 16, 6], [17, 2, 18, 3], [19, 4, 20, 5], [21, 10, 22, 11], [23, 14, 24, 15], [1, 12, 2, 13], [3, 18, 4, 19], [5, 9, 6, 8]]"
12a_0577_47,"[[5, 9, 6, 8], [7, 17, 8, 16], [9, 20, 10, 21], [11, 22, 12, 23], [13, 24, 14, 1], [15, 7, 16, 6], [17, 2, 18, 3], [19, 4, 20, 5], [21, 10, 22, 11], [23, 14, 24, 15], [1, 12, 2, 13], [3, 18, 4, 19]]"
12a_0577_48,"[[4, 19, 5, 20], [6, 10, 7, 9], [8, 18, 9, 17], [10, 21, 11, 22], [12, 23, 13, 24], [14, 1, 15, 2], [16, 8, 17, 7], [18, 3, 19, 4], [20, 5, 21, 6], [22, 11, 23, 12], [24, 15, 1, 16], [2, 13, 3, 14]]"
12a_0577_49,"[[2, 13, 3, 14], [4, 19, 5, 20], [6, 10, 7, 9], [8, 18, 9, 17], [10, 21, 11, 22], [12, 23, 13, 24], [14, 1, 15, 2], [16, 8, 17, 7], [18, 3, 19, 4], [20, 5, 21, 6], [22, 11, 23, 12], [24, 15, 1, 16]]"
12a_0577_50,"[[24, 15, 1, 16], [2, 13, 3, 14], [4, 19, 5, 20], [6, 10, 7, 9], [8, 18, 9, 17], [10, 21, 11, 22], [12, 23, 13, 24], [14, 1, 15, 2], [16, 8, 17, 7], [18, 3, 19, 4], [20, 5, 21, 6], [22, 11, 23, 12]]"
12a_0577_51,"[[22, 11, 23, 12], [24, 15, 1, 16], [2, 13, 3, 14], [4, 19, 5, 20], [6, 10, 7, 9], [8, 18, 9, 17], [10, 21, 11, 22], [12, 23, 13, 24], [14, 1, 15, 2], [16, 8, 17, 7], [18, 3, 19, 4], [20, 5, 21, 6]]"
12a_0577_52,"[[20, 5, 21, 6], [22, 11, 23, 12], [24, 15, 1, 16], [2, 13, 3, 14], [4, 19, 5, 20], [6, 10, 7, 9], [8, 18, 9, 17], [10, 21, 11, 22], [12, 23, 13, 24], [14, 1, 15, 2], [16, 8, 17, 7], [18, 3, 19, 4]]"
12a_0577_53,"[[18, 3, 19, 4], [20, 5, 21, 6], [22, 11, 23, 12], [24, 15, 1, 16], [2, 13, 3, 14], [4, 19, 5, 20], [6, 10, 7, 9], [8, 18, 9, 17], [10, 21, 11, 22], [12, 23, 13, 24], [14, 1, 15, 2], [16, 8, 17, 7]]"
12a_0577_54,"[[16, 8, 17, 7], [18, 3, 19, 4], [20, 5, 21, 6], [22, 11, 23, 12], [24, 15, 1, 16], [2, 13, 3, 14], [4, 19, 5, 20], [6, 10, 7, 9], [8, 18, 9, 17], [10, 21, 11, 22], [12, 23, 13, 24], [14, 1, 15, 2]]"
12a_0577_55,"[[14, 1, 15, 2], [16, 8, 17, 7], [18, 3, 19, 4], [20, 5, 21, 6], [22, 11, 23, 12], [24, 15, 1, 16], [2, 13, 3, 14], [4, 19, 5, 20], [6, 10, 7, 9], [8, 18, 9, 17], [10, 21, 11, 22], [12, 23, 13, 24]]"
12a_0577_56,"[[12, 23, 13, 24], [14, 1, 15, 2], [16, 8, 17, 7], [18, 3, 19, 4], [20, 5, 21, 6], [22, 11, 23, 12], [24, 15, 1, 16], [2, 13, 3, 14], [4, 19, 5, 20], [6, 10, 7, 9], [8, 18, 9, 17], [10, 21, 11, 22]]"
12a_0577_57,"[[10, 21, 11, 22], [12, 23, 13, 24], [14, 1, 15, 2], [16, 8, 17, 7], [18, 3, 19, 4], [20, 5, 21, 6], [22, 11, 23, 12], [24, 15, 1, 16], [2, 13, 3, 14], [4, 19, 5, 20], [6, 10, 7, 9], [8, 18, 9, 17]]"
12a_0577_58,"[[8, 18, 9, 17], [10, 21, 11, 22], [12, 23, 13, 24], [14, 1, 15, 2], [16, 8, 17, 7], [18, 3, 19, 4], [20, 5, 21, 6], [22, 11, 23, 12], [24, 15, 1, 16], [2, 13, 3, 14], [4, 19, 5, 20], [6, 10, 7, 9]]"
12a_0577_59,"[[6, 10, 7, 9], [8, 18, 9, 17], [10, 21, 11, 22], [12, 23, 13, 24], [14, 1, 15, 2], [16, 8, 17, 7], [18, 3, 19, 4], [20, 5, 21, 6], [22, 11, 23, 12], [24, 15, 1, 16], [2, 13, 3, 14], [4, 19, 5, 20]]"
12a_0577_60,"[[5, 20, 6, 21], [7, 11, 8, 10], [9, 19, 10, 18], [11, 22, 12, 23], [13, 24, 14, 1], [15, 2, 16, 3], [17, 9, 18, 8], [19, 4, 20, 5], [21, 6, 22, 7], [23, 12, 24, 13], [1, 16, 2, 17], [3, 14, 4, 15]]"
12a_0577_61,"[[3, 14, 4, 15], [5, 20, 6, 21], [7, 11, 8, 10], [9, 19, 10, 18], [11, 22, 12, 23], [13, 24, 14, 1], [15, 2, 16, 3], [17, 9, 18, 8], [19, 4, 20, 5], [21, 6, 22, 7], [23, 12, 24, 13], [1, 16, 2, 17]]"
12a_0577_62,"[[1, 16, 2, 17], [3, 14, 4, 15], [5, 20, 6, 21], [7, 11, 8, 10], [9, 19, 10, 18], [11, 22, 12, 23], [13, 24, 14, 1], [15, 2, 16, 3], [17, 9, 18, 8], [19, 4, 20, 5], [21, 6, 22, 7], [23, 12, 24, 13]]"
12a_0577_63,"[[23, 12, 24, 13], [1, 16, 2, 17], [3, 14, 4, 15], [5, 20, 6, 21], [7, 11, 8, 10], [9, 19, 10, 18], [11, 22, 12, 23], [13, 24, 14, 1], [15, 2, 16, 3], [17, 9, 18, 8], [19, 4, 20, 5], [21, 6, 22, 7]]"
12a_0577_64,"[[21, 6, 22, 7], [23, 12, 24, 13], [1, 16, 2, 17], [3, 14, 4, 15], [5, 20, 6, 21], [7, 11, 8, 10], [9, 19, 10, 18], [11, 22, 12, 23], [13, 24, 14, 1], [15, 2, 16, 3], [17, 9, 18, 8], [19, 4, 20, 5]]"
12a_0577_65,"[[19, 4, 20, 5], [21, 6, 22, 7], [23, 12, 24, 13], [1, 16, 2, 17], [3, 14, 4, 15], [5, 20, 6, 21], [7, 11, 8, 10], [9, 19, 10, 18], [11, 22, 12, 23], [13, 24, 14, 1], [15, 2, 16, 3], [17, 9, 18, 8]]"
12a_0577_66,"[[17, 9, 18, 8], [19, 4, 20, 5], [21, 6, 22, 7], [23, 12, 24, 13], [1, 16, 2, 17], [3, 14, 4, 15], [5, 20, 6, 21], [7, 11, 8, 10], [9, 19, 10, 18], [11, 22, 12, 23], [13, 24, 14, 1], [15, 2, 16, 3]]"
12a_0577_67,"[[15, 2, 16, 3], [17, 9, 18, 8], [19, 4, 20, 5], [21, 6, 22, 7], [23, 12, 24, 13], [1, 16, 2, 17], [3, 14, 4, 15], [5, 20, 6, 21], [7, 11, 8, 10], [9, 19, 10, 18], [11, 22, 12, 23], [13, 24, 14, 1]]"
12a_0577_68,"[[13, 24, 14, 1], [15, 2, 16, 3], [17, 9, 18, 8], [19, 4, 20, 5], [21, 6, 22, 7], [23, 12, 24, 13], [1, 16, 2, 17], [3, 14, 4, 15], [5, 20, 6, 21], [7, 11, 8, 10], [9, 19, 10, 18], [11, 22, 12, 23]]"
12a_0577_69,"[[11, 22, 12, 23], [13, 24, 14, 1], [15, 2, 16, 3], [17, 9, 18, 8], [19, 4, 20, 5], [21, 6, 22, 7], [23, 12, 24, 13], [1, 16, 2, 17], [3, 14, 4, 15], [5, 20, 6, 21], [7, 11, 8, 10], [9, 19, 10, 18]]"
12a_0577_70,"[[9, 19, 10, 18], [11, 22, 12, 23], [13, 24, 14, 1], [15, 2, 16, 3], [17, 9, 18, 8], [19, 4, 20, 5], [21, 6, 22, 7], [23, 12, 24, 13], [1, 16, 2, 17], [3, 14, 4, 15], [5, 20, 6, 21], [7, 11, 8, 10]]"
12a_0577_71,"[[7, 11, 8, 10], [9, 19, 10, 18], [11, 22, 12, 23], [13, 24, 14, 1], [15, 2, 16, 3], [17, 9, 18, 8], [19, 4, 20, 5], [21, 6, 22, 7], [23, 12, 24, 13], [1, 16, 2, 17], [3, 14, 4, 15], [5, 20, 6, 21]]"
12a_0577_72,"[[6, 21, 7, 22], [8, 12, 9, 11], [10, 20, 11, 19], [12, 23, 13, 24], [14, 1, 15, 2], [16, 3, 17, 4], [18, 10, 19, 9], [20, 5, 21, 6], [22, 7, 23, 8], [24, 13, 1, 14], [2, 17, 3, 18], [4, 15, 5, 16]]"
12a_0577_73,"[[4, 15, 5, 16], [6, 21, 7, 22], [8, 12, 9, 11], [10, 20, 11, 19], [12, 23, 13, 24], [14, 1, 15, 2], [16, 3, 17, 4], [18, 10, 19, 9], [20, 5, 21, 6], [22, 7, 23, 8], [24, 13, 1, 14], [2, 17, 3, 18]]"
12a_0577_74,"[[2, 17, 3, 18], [4, 15, 5, 16], [6, 21, 7, 22], [8, 12, 9, 11], [10, 20, 11, 19], [12, 23, 13, 24], [14, 1, 15, 2], [16, 3, 17, 4], [18, 10, 19, 9], [20, 5, 21, 6], [22, 7, 23, 8], [24, 13, 1, 14]]"
12a_0577_75,"[[24, 13, 1, 14], [2, 17, 3, 18], [4, 15, 5, 16], [6, 21, 7, 22], [8, 12, 9, 11], [10, 20, 11, 19], [12, 23, 13, 24], [14, 1, 15, 2], [16, 3, 17, 4], [18, 10, 19, 9], [20, 5, 21, 6], [22, 7, 23, 8]]"
12a_0577_76,"[[22, 7, 23, 8], [24, 13, 1, 14], [2, 17, 3, 18], [4, 15, 5, 16], [6, 21, 7, 22], [8, 12, 9, 11], [10, 20, 11, 19], [12, 23, 13, 24], [14, 1, 15, 2], [16, 3, 17, 4], [18, 10, 19, 9], [20, 5, 21, 6]]"
12a_0577_77,"[[20, 5, 21, 6], [22, 7, 23, 8], [24, 13, 1, 14], [2, 17, 3, 18], [4, 15, 5, 16], [6, 21, 7, 22], [8, 12, 9, 11], [10, 20, 11, 19], [12, 23, 13, 24], [14, 1, 15, 2], [16, 3, 17, 4], [18, 10, 19, 9]]"
12a_0577_78,"[[18, 10, 19, 9], [20, 5, 21, 6], [22, 7, 23, 8], [24, 13, 1, 14], [2, 17, 3, 18], [4, 15, 5, 16], [6, 21, 7, 22], [8, 12, 9, 11], [10, 20, 11, 19], [12, 23, 13, 24], [14, 1, 15, 2], [16, 3, 17, 4]]"
12a_0577_79,"[[16, 3, 17, 4], [18, 10, 19, 9], [20, 5, 21, 6], [22, 7, 23, 8], [24, 13, 1, 14], [2, 17, 3, 18], [4, 15, 5, 16], [6, 21, 7, 22], [8, 12, 9, 11], [10, 20, 11, 19], [12, 23, 13, 24], [14, 1, 15, 2]]"
12a_0577_80,"[[14, 1, 15, 2], [16, 3, 17, 4], [18, 10, 19, 9], [20, 5, 21, 6], [22, 7, 23, 8], [24, 13, 1, 14], [2, 17, 3, 18], [4, 15, 5, 16], [6, 21, 7, 22], [8, 12, 9, 11], [10, 20, 11, 19], [12, 23, 13, 24]]"
12a_0577_81,"[[12, 23, 13, 24], [14, 1, 15, 2], [16, 3, 17, 4], [18, 10, 19, 9], [20, 5, 21, 6], [22, 7, 23, 8], [24, 13, 1, 14], [2, 17, 3, 18], [4, 15, 5, 16], [6, 21, 7, 22], [8, 12, 9, 11], [10, 20, 11, 19]]"
12a_0577_82,"[[10, 20, 11, 19], [12, 23, 13, 24], [14, 1, 15, 2], [16, 3, 17, 4], [18, 10, 19, 9], [20, 5, 21, 6], [22, 7, 23, 8], [24, 13, 1, 14], [2, 17, 3, 18], [4, 15, 5, 16], [6, 21, 7, 22], [8, 12, 9, 11]]"
12a_0577_83,"[[8, 12, 9, 11], [10, 20, 11, 19], [12, 23, 13, 24], [14, 1, 15, 2], [16, 3, 17, 4], [18, 10, 19, 9], [20, 5, 21, 6], [22, 7, 23, 8], [24, 13, 1, 14], [2, 17, 3, 18], [4, 15, 5, 16], [6, 21, 7, 22]]"
12a_0577_84,"[[7, 22, 8, 23], [9, 13, 10, 12], [11, 21, 12, 20], [13, 24, 14, 1], [15, 2, 16, 3], [17, 4, 18, 5], [19, 11, 20, 10], [21, 6, 22, 7], [23, 8, 24, 9], [1, 14, 2, 15], [3, 18, 4, 19], [5, 16, 6, 17]]"
12a_0577_85,"[[5, 16, 6, 17], [7, 22, 8, 23], [9, 13, 10, 12], [11, 21, 12, 20], [13, 24, 14, 1], [15, 2, 16, 3], [17, 4, 18, 5], [19, 11, 20, 10], [21, 6, 22, 7], [23, 8, 24, 9], [1, 14, 2, 15], [3, 18, 4, 19]]"
12a_0577_86,"[[3, 18, 4, 19], [5, 16, 6, 17], [7, 22, 8, 23], [9, 13, 10, 12], [11, 21, 12, 20], [13, 24, 14, 1], [15, 2, 16, 3], [17, 4, 18, 5], [19, 11, 20, 10], [21, 6, 22, 7], [23, 8, 24, 9], [1, 14, 2, 15]]"
12a_0577_87,"[[1, 14, 2, 15], [3, 18, 4, 19], [5, 16, 6, 17], [7, 22, 8, 23], [9, 13, 10, 12], [11, 21, 12, 20], [13, 24, 14, 1], [15, 2, 16, 3], [17, 4, 18, 5], [19, 11, 20, 10], [21, 6, 22, 7], [23, 8, 24, 9]]"
12a_0577_88,"[[23, 8, 24, 9], [1, 14, 2, 15], [3, 18, 4, 19], [5, 16, 6, 17], [7, 22, 8, 23], [9, 13, 10, 12], [11, 21, 12, 20], [13, 24, 14, 1], [15, 2, 16, 3], [17, 4, 18, 5], [19, 11, 20, 10], [21, 6, 22, 7]]"
12a_0577_89,"[[21, 6, 22, 7], [23, 8, 24, 9], [1, 14, 2, 15], [3, 18, 4, 19], [5, 16, 6, 17], [7, 22, 8, 23], [9, 13, 10, 12], [11, 21, 12, 20], [13, 24, 14, 1], [15, 2, 16, 3], [17, 4, 18, 5], [19, 11, 20, 10]]"
12a_0577_90,"[[19, 11, 20, 10], [21, 6, 22, 7], [23, 8, 24, 9], [1, 14, 2, 15], [3, 18, 4, 19], [5, 16, 6, 17], [7, 22, 8, 23], [9, 13, 10, 12], [11, 21, 12, 20], [13, 24, 14, 1], [15, 2, 16, 3], [17, 4, 18, 5]]"
12a_0577_91,"[[17, 4, 18, 5], [19, 11, 20, 10], [21, 6, 22, 7], [23, 8, 24, 9], [1, 14, 2, 15], [3, 18, 4, 19], [5, 16, 6, 17], [7, 22, 8, 23], [9, 13, 10, 12], [11, 21, 12, 20], [13, 24, 14, 1], [15, 2, 16, 3]]"
12a_0577_92,"[[15, 2, 16, 3], [17, 4, 18, 5], [19, 11, 20, 10], [21, 6, 22, 7], [23, 8, 24, 9], [1, 14, 2, 15], [3, 18, 4, 19], [5, 16, 6, 17], [7, 22, 8, 23], [9, 13, 10, 12], [11, 21, 12, 20], [13, 24, 14, 1]]"
12a_0577_93,"[[13, 24, 14, 1], [15, 2, 16, 3], [17, 4, 18, 5], [19, 11, 20, 10], [21, 6, 22, 7], [23, 8, 24, 9], [1, 14, 2, 15], [3, 18, 4, 19], [5, 16, 6, 17], [7, 22, 8, 23], [9, 13, 10, 12], [11, 21, 12, 20]]"
12a_0577_94,"[[11, 21, 12, 20], [13, 24, 14, 1], [15, 2, 16, 3], [17, 4, 18, 5], [19, 11, 20, 10], [21, 6, 22, 7], [23, 8, 24, 9], [1, 14, 2, 15], [3, 18, 4, 19], [5, 16, 6, 17], [7, 22, 8, 23], [9, 13, 10, 12]]"
12a_0577_95,"[[9, 13, 10, 12], [11, 21, 12, 20], [13, 24, 14, 1], [15, 2, 16, 3], [17, 4, 18, 5], [19, 11, 20, 10], [21, 6, 22, 7], [23, 8, 24, 9], [1, 14, 2, 15], [3, 18, 4, 19], [5, 16, 6, 17], [7, 22, 8, 23]]"
12a_0577_96,"[[8, 23, 9, 24], [10, 14, 11, 13], [12, 22, 13, 21], [14, 1, 15, 2], [16, 3, 17, 4], [18, 5, 19, 6], [20, 12, 21, 11], [22, 7, 23, 8], [24, 9, 1, 10], [2, 15, 3, 16], [4, 19, 5, 20], [6, 17, 7, 18]]"
12a_0577_97,"[[6, 17, 7, 18], [8, 23, 9, 24], [10, 14, 11, 13], [12, 22, 13, 21], [14, 1, 15, 2], [16, 3, 17, 4], [18, 5, 19, 6], [20, 12, 21, 11], [22, 7, 23, 8], [24, 9, 1, 10], [2, 15, 3, 16], [4, 19, 5, 20]]"
12a_0577_98,"[[4, 19, 5, 20], [6, 17, 7, 18], [8, 23, 9, 24], [10, 14, 11, 13], [12, 22, 13, 21], [14, 1, 15, 2], [16, 3, 17, 4], [18, 5, 19, 6], [20, 12, 21, 11], [22, 7, 23, 8], [24, 9, 1, 10], [2, 15, 3, 16]]"
12a_0577_99,"[[2, 15, 3, 16], [4, 19, 5, 20], [6, 17, 7, 18], [8, 23, 9, 24], [10, 14, 11, 13], [12, 22, 13, 21], [14, 1, 15, 2], [16, 3, 17, 4], [18, 5, 19, 6], [20, 12, 21, 11], [22, 7, 23, 8], [24, 9, 1, 10]]"
12a_0577_100,"[[24, 9, 1, 10], [2, 15, 3, 16], [4, 19, 5, 20], [6, 17, 7, 18], [8, 23, 9, 24], [10, 14, 11, 13], [12, 22, 13, 21], [14, 1, 15, 2], [16, 3, 17, 4], [18, 5, 19, 6], [20, 12, 21, 11], [22, 7, 23, 8]]"
12a_0577_101,"[[22, 7, 23, 8], [24, 9, 1, 10], [2, 15, 3, 16], [4, 19, 5, 20], [6, 17, 7, 18], [8, 23, 9, 24], [10, 14, 11, 13], [12, 22, 13, 21], [14, 1, 15, 2], [16, 3, 17, 4], [18, 5, 19, 6], [20, 12, 21, 11]]"
12a_0577_102,"[[20, 12, 21, 11], [22, 7, 23, 8], [24, 9, 1, 10], [2, 15, 3, 16], [4, 19, 5, 20], [6, 17, 7, 18], [8, 23, 9, 24], [10, 14, 11, 13], [12, 22, 13, 21], [14, 1, 15, 2], [16, 3, 17, 4], [18, 5, 19, 6]]"
12a_0577_103,"[[18, 5, 19, 6], [20, 12, 21, 11], [22, 7, 23, 8], [24, 9, 1, 10], [2, 15, 3, 16], [4, 19, 5, 20], [6, 17, 7, 18], [8, 23, 9, 24], [10, 14, 11, 13], [12, 22, 13, 21], [14, 1, 15, 2], [16, 3, 17, 4]]"
12a_0577_104,"[[16, 3, 17, 4], [18, 5, 19, 6], [20, 12, 21, 11], [22, 7, 23, 8], [24, 9, 1, 10], [2, 15, 3, 16], [4, 19, 5, 20], [6, 17, 7, 18], [8, 23, 9, 24], [10, 14, 11, 13], [12, 22, 13, 21], [14, 1, 15, 2]]"
12a_0577_105,"[[14, 1, 15, 2], [16, 3, 17, 4], [18, 5, 19, 6], [20, 12, 21, 11], [22, 7, 23, 8], [24, 9, 1, 10], [2, 15, 3, 16], [4, 19, 5, 20], [6, 17, 7, 18], [8, 23, 9, 24], [10, 14, 11, 13], [12, 22, 13, 21]]"
12a_0577_106,"[[12, 22, 13, 21], [14, 1, 15, 2], [16, 3, 17, 4], [18, 5, 19, 6], [20, 12, 21, 11], [22, 7, 23, 8], [24, 9, 1, 10], [2, 15, 3, 16], [4, 19, 5, 20], [6, 17, 7, 18], [8, 23, 9, 24], [10, 14, 11, 13]]"
12a_0577_107,"[[10, 14, 11, 13], [12, 22, 13, 21], [14, 1, 15, 2], [16, 3, 17, 4], [18, 5, 19, 6], [20, 12, 21, 11], [22, 7, 23, 8], [24, 9, 1, 10], [2, 15, 3, 16], [4, 19, 5, 20], [6, 17, 7, 18], [8, 23, 9, 24]]"
12a_0577_108,"[[9, 24, 10, 1], [11, 15, 12, 14], [13, 23, 14, 22], [15, 2, 16, 3], [17, 4, 18, 5], [19, 6, 20, 7], [21, 13, 22, 12], [23, 8, 24, 9], [1, 10, 2, 11], [3, 16, 4, 17], [5, 20, 6, 21], [7, 18, 8, 19]]"
12a_0577_109,"[[7, 18, 8, 19], [9, 24, 10, 1], [11, 15, 12, 14], [13, 23, 14, 22], [15, 2, 16, 3], [17, 4, 18, 5], [19, 6, 20, 7], [21, 13, 22, 12], [23, 8, 24, 9], [1, 10, 2, 11], [3, 16, 4, 17], [5, 20, 6, 21]]"
12a_0577_110,"[[5, 20, 6, 21], [7, 18, 8, 19], [9, 24, 10, 1], [11, 15, 12, 14], [13, 23, 14, 22], [15, 2, 16, 3], [17, 4, 18, 5], [19, 6, 20, 7], [21, 13, 22, 12], [23, 8, 24, 9], [1, 10, 2, 11], [3, 16, 4, 17]]"
12a_0577_111,"[[3, 16, 4, 17], [5, 20, 6, 21], [7, 18, 8, 19], [9, 24, 10, 1], [11, 15, 12, 14], [13, 23, 14, 22], [15, 2, 16, 3], [17, 4, 18, 5], [19, 6, 20, 7], [21, 13, 22, 12], [23, 8, 24, 9], [1, 10, 2, 11]]"
12a_0577_112,"[[1, 10, 2, 11], [3, 16, 4, 17], [5, 20, 6, 21], [7, 18, 8, 19], [9, 24, 10, 1], [11, 15, 12, 14], [13, 23, 14, 22], [15, 2, 16, 3], [17, 4, 18, 5], [19, 6, 20, 7], [21, 13, 22, 12], [23, 8, 24, 9]]"
12a_0577_113,"[[23, 8, 24, 9], [1, 10, 2, 11], [3, 16, 4, 17], [5, 20, 6, 21], [7, 18, 8, 19], [9, 24, 10, 1], [11, 15, 12, 14], [13, 23, 14, 22], [15, 2, 16, 3], [17, 4, 18, 5], [19, 6, 20, 7], [21, 13, 22, 12]]"
12a_0577_114,"[[21, 13, 22, 12], [23, 8, 24, 9], [1, 10, 2, 11], [3, 16, 4, 17], [5, 20, 6, 21], [7, 18, 8, 19], [9, 24, 10, 1], [11, 15, 12, 14], [13, 23, 14, 22], [15, 2, 16, 3], [17, 4, 18, 5], [19, 6, 20, 7]]"
12a_0577_115,"[[19, 6, 20, 7], [21, 13, 22, 12], [23, 8, 24, 9], [1, 10, 2, 11], [3, 16, 4, 17], [5, 20, 6, 21], [7, 18, 8, 19], [9, 24, 10, 1], [11, 15, 12, 14], [13, 23, 14, 22], [15, 2, 16, 3], [17, 4, 18, 5]]"
12a_0577_116,"[[17, 4, 18, 5], [19, 6, 20, 7], [21, 13, 22, 12], [23, 8, 24, 9], [1, 10, 2, 11], [3, 16, 4, 17], [5, 20, 6, 21], [7, 18, 8, 19], [9, 24, 10, 1], [11, 15, 12, 14], [13, 23, 14, 22], [15, 2, 16, 3]]"
12a_0577_117,"[[15, 2, 16, 3], [17, 4, 18, 5], [19, 6, 20, 7], [21, 13, 22, 12], [23, 8, 24, 9], [1, 10, 2, 11], [3, 16, 4, 17], [5, 20, 6, 21], [7, 18, 8, 19], [9, 24, 10, 1], [11, 15, 12, 14], [13, 23, 14, 22]]"
12a_0577_118,"[[13, 23, 14, 22], [15, 2, 16, 3], [17, 4, 18, 5], [19, 6, 20, 7], [21, 13, 22, 12], [23, 8, 24, 9], [1, 10, 2, 11], [3, 16, 4, 17], [5, 20, 6, 21], [7, 18, 8, 19], [9, 24, 10, 1], [11, 15, 12, 14]]"
12a_0577_119,"[[11, 15, 12, 14], [13, 23, 14, 22], [15, 2, 16, 3], [17, 4, 18, 5], [19, 6, 20, 7], [21, 13, 22, 12], [23, 8, 24, 9], [1, 10, 2, 11], [3, 16, 4, 17], [5, 20, 6, 21], [7, 18, 8, 19], [9, 24, 10, 1]]"
12a_0577_120,"[[10, 1, 11, 2], [12, 16, 13, 15], [14, 24, 15, 23], [16, 3, 17, 4], [18, 5, 19, 6], [20, 7, 21, 8], [22, 14, 23, 13], [24, 9, 1, 10], [2, 11, 3, 12], [4, 17, 5, 18], [6, 21, 7, 22], [8, 19, 9, 20]]"
12a_0577_121,"[[8, 19, 9, 20], [10, 1, 11, 2], [12, 16, 13, 15], [14, 24, 15, 23], [16, 3, 17, 4], [18, 5, 19, 6], [20, 7, 21, 8], [22, 14, 23, 13], [24, 9, 1, 10], [2, 11, 3, 12], [4, 17, 5, 18], [6, 21, 7, 22]]"
12a_0577_122,"[[6, 21, 7, 22], [8, 19, 9, 20], [10, 1, 11, 2], [12, 16, 13, 15], [14, 24, 15, 23], [16, 3, 17, 4], [18, 5, 19, 6], [20, 7, 21, 8], [22, 14, 23, 13], [24, 9, 1, 10], [2, 11, 3, 12], [4, 17, 5, 18]]"
12a_0577_123,"[[4, 17, 5, 18], [6, 21, 7, 22], [8, 19, 9, 20], [10, 1, 11, 2], [12, 16, 13, 15], [14, 24, 15, 23], [16, 3, 17, 4], [18, 5, 19, 6], [20, 7, 21, 8], [22, 14, 23, 13], [24, 9, 1, 10], [2, 11, 3, 12]]"
12a_0577_124,"[[2, 11, 3, 12], [4, 17, 5, 18], [6, 21, 7, 22], [8, 19, 9, 20], [10, 1, 11, 2], [12, 16, 13, 15], [14, 24, 15, 23], [16, 3, 17, 4], [18, 5, 19, 6], [20, 7, 21, 8], [22, 14, 23, 13], [24, 9, 1, 10]]"
12a_0577_125,"[[24, 9, 1, 10], [2, 11, 3, 12], [4, 17, 5, 18], [6, 21, 7, 22], [8, 19, 9, 20], [10, 1, 11, 2], [12, 16, 13, 15], [14, 24, 15, 23], [16, 3, 17, 4], [18, 5, 19, 6], [20, 7, 21, 8], [22, 14, 23, 13]]"
12a_0577_126,"[[22, 14, 23, 13], [24, 9, 1, 10], [2, 11, 3, 12], [4, 17, 5, 18], [6, 21, 7, 22], [8, 19, 9, 20], [10, 1, 11, 2], [12, 16, 13, 15], [14, 24, 15, 23], [16, 3, 17, 4], [18, 5, 19, 6], [20, 7, 21, 8]]"
12a_0577_127,"[[20, 7, 21, 8], [22, 14, 23, 13], [24, 9, 1, 10], [2, 11, 3, 12], [4, 17, 5, 18], [6, 21, 7, 22], [8, 19, 9, 20], [10, 1, 11, 2], [12, 16, 13, 15], [14, 24, 15, 23], [16, 3, 17, 4], [18, 5, 19, 6]]"
12a_0577_128,"[[18, 5, 19, 6], [20, 7, 21, 8], [22, 14, 23, 13], [24, 9, 1, 10], [2, 11, 3, 12], [4, 17, 5, 18], [6, 21, 7, 22], [8, 19, 9, 20], [10, 1, 11, 2], [12, 16, 13, 15], [14, 24, 15, 23], [16, 3, 17, 4]]"
12a_0577_129,"[[16, 3, 17, 4], [18, 5, 19, 6], [20, 7, 21, 8], [22, 14, 23, 13], [24, 9, 1, 10], [2, 11, 3, 12], [4, 17, 5, 18], [6, 21, 7, 22], [8, 19, 9, 20], [10, 1, 11, 2], [12, 16, 13, 15], [14, 24, 15, 23]]"
12a_0577_130,"[[14, 24, 15, 23], [16, 3, 17, 4], [18, 5, 19, 6], [20, 7, 21, 8], [22, 14, 23, 13], [24, 9, 1, 10], [2, 11, 3, 12], [4, 17, 5, 18], [6, 21, 7, 22], [8, 19, 9, 20], [10, 1, 11, 2], [12, 16, 13, 15]]"
12a_0577_131,"[[12, 16, 13, 15], [14, 24, 15, 23], [16, 3, 17, 4], [18, 5, 19, 6], [20, 7, 21, 8], [22, 14, 23, 13], [24, 9, 1, 10], [2, 11, 3, 12], [4, 17, 5, 18], [6, 21, 7, 22], [8, 19, 9, 20], [10, 1, 11, 2]]"
12a_0577_132,"[[11, 2, 12, 3], [13, 17, 14, 16], [15, 1, 16, 24], [17, 4, 18, 5], [19, 6, 20, 7], [21, 8, 22, 9], [23, 15, 24, 14], [1, 10, 2, 11], [3, 12, 4, 13], [5, 18, 6, 19], [7, 22, 8, 23], [9, 20, 10, 21]]"
12a_0577_133,"[[9, 20, 10, 21], [11, 2, 12, 3], [13, 17, 14, 16], [15, 1, 16, 24], [17, 4, 18, 5], [19, 6, 20, 7], [21, 8, 22, 9], [23, 15, 24, 14], [1, 10, 2, 11], [3, 12, 4, 13], [5, 18, 6, 19], [7, 22, 8, 23]]"
12a_0577_134,"[[7, 22, 8, 23], [9, 20, 10, 21], [11, 2, 12, 3], [13, 17, 14, 16], [15, 1, 16, 24], [17, 4, 18, 5], [19, 6, 20, 7], [21, 8, 22, 9], [23, 15, 24, 14], [1, 10, 2, 11], [3, 12, 4, 13], [5, 18, 6, 19]]"
12a_0577_135,"[[5, 18, 6, 19], [7, 22, 8, 23], [9, 20, 10, 21], [11, 2, 12, 3], [13, 17, 14, 16], [15, 1, 16, 24], [17, 4, 18, 5], [19, 6, 20, 7], [21, 8, 22, 9], [23, 15, 24, 14], [1, 10, 2, 11], [3, 12, 4, 13]]"
12a_0577_136,"[[3, 12, 4, 13], [5, 18, 6, 19], [7, 22, 8, 23], [9, 20, 10, 21], [11, 2, 12, 3], [13, 17, 14, 16], [15, 1, 16, 24], [17, 4, 18, 5], [19, 6, 20, 7], [21, 8, 22, 9], [23, 15, 24, 14], [1, 10, 2, 11]]"
12a_0577_137,"[[1, 10, 2, 11], [3, 12, 4, 13], [5, 18, 6, 19], [7, 22, 8, 23], [9, 20, 10, 21], [11, 2, 12, 3], [13, 17, 14, 16], [15, 1, 16, 24], [17, 4, 18, 5], [19, 6, 20, 7], [21, 8, 22, 9], [23, 15, 24, 14]]"
12a_0577_138,"[[23, 15, 24, 14], [1, 10, 2, 11], [3, 12, 4, 13], [5, 18, 6, 19], [7, 22, 8, 23], [9, 20, 10, 21], [11, 2, 12, 3], [13, 17, 14, 16], [15, 1, 16, 24], [17, 4, 18, 5], [19, 6, 20, 7], [21, 8, 22, 9]]"
12a_0577_139,"[[21, 8, 22, 9], [23, 15, 24, 14], [1, 10, 2, 11], [3, 12, 4, 13], [5, 18, 6, 19], [7, 22, 8, 23], [9, 20, 10, 21], [11, 2, 12, 3], [13, 17, 14, 16], [15, 1, 16, 24], [17, 4, 18, 5], [19, 6, 20, 7]]"
12a_0577_140,"[[19, 6, 20, 7], [21, 8, 22, 9], [23, 15, 24, 14], [1, 10, 2, 11], [3, 12, 4, 13], [5, 18, 6, 19], [7, 22, 8, 23], [9, 20, 10, 21], [11, 2, 12, 3], [13, 17, 14, 16], [15, 1, 16, 24], [17, 4, 18, 5]]"
12a_0577_141,"[[17, 4, 18, 5], [19, 6, 20, 7], [21, 8, 22, 9], [23, 15, 24, 14], [1, 10, 2, 11], [3, 12, 4, 13], [5, 18, 6, 19], [7, 22, 8, 23], [9, 20, 10, 21], [11, 2, 12, 3], [13, 17, 14, 16], [15, 1, 16, 24]]"
12a_0577_142,"[[15, 1, 16, 24], [17, 4, 18, 5], [19, 6, 20, 7], [21, 8, 22, 9], [23, 15, 24, 14], [1, 10, 2, 11], [3, 12, 4, 13], [5, 18, 6, 19], [7, 22, 8, 23], [9, 20, 10, 21], [11, 2, 12, 3], [13, 17, 14, 16]]"
12a_0577_143,"[[13, 17, 14, 16], [15, 1, 16, 24], [17, 4, 18, 5], [19, 6, 20, 7], [21, 8, 22, 9], [23, 15, 24, 14], [1, 10, 2, 11], [3, 12, 4, 13], [5, 18, 6, 19], [7, 22, 8, 23], [9, 20, 10, 21], [11, 2, 12, 3]]"
12a_0577_144,"[[12, 3, 13, 4], [14, 18, 15, 17], [16, 2, 17, 1], [18, 5, 19, 6], [20, 7, 21, 8], [22, 9, 23, 10], [24, 16, 1, 15], [2, 11, 3, 12], [4, 13, 5, 14], [6, 19, 7, 20], [8, 23, 9, 24], [10, 21, 11, 22]]"
12a_0577_145,"[[10, 21, 11, 22], [12, 3, 13, 4], [14, 18, 15, 17], [16, 2, 17, 1], [18, 5, 19, 6], [20, 7, 21, 8], [22, 9, 23, 10], [24, 16, 1, 15], [2, 11, 3, 12], [4, 13, 5, 14], [6, 19, 7, 20], [8, 23, 9, 24]]"
12a_0577_146,"[[8, 23, 9, 24], [10, 21, 11, 22], [12, 3, 13, 4], [14, 18, 15, 17], [16, 2, 17, 1], [18, 5, 19, 6], [20, 7, 21, 8], [22, 9, 23, 10], [24, 16, 1, 15], [2, 11, 3, 12], [4, 13, 5, 14], [6, 19, 7, 20]]"
12a_0577_147,"[[6, 19, 7, 20], [8, 23, 9, 24], [10, 21, 11, 22], [12, 3, 13, 4], [14, 18, 15, 17], [16, 2, 17, 1], [18, 5, 19, 6], [20, 7, 21, 8], [22, 9, 23, 10], [24, 16, 1, 15], [2, 11, 3, 12], [4, 13, 5, 14]]"
12a_0577_148,"[[4, 13, 5, 14], [6, 19, 7, 20], [8, 23, 9, 24], [10, 21, 11, 22], [12, 3, 13, 4], [14, 18, 15, 17], [16, 2, 17, 1], [18, 5, 19, 6], [20, 7, 21, 8], [22, 9, 23, 10], [24, 16, 1, 15], [2, 11, 3, 12]]"
12a_0577_149,"[[2, 11, 3, 12], [4, 13, 5, 14], [6, 19, 7, 20], [8, 23, 9, 24], [10, 21, 11, 22], [12, 3, 13, 4], [14, 18, 15, 17], [16, 2, 17, 1], [18, 5, 19, 6], [20, 7, 21, 8], [22, 9, 23, 10], [24, 16, 1, 15]]"
12a_0577_150,"[[24, 16, 1, 15], [2, 11, 3, 12], [4, 13, 5, 14], [6, 19, 7, 20], [8, 23, 9, 24], [10, 21, 11, 22], [12, 3, 13, 4], [14, 18, 15, 17], [16, 2, 17, 1], [18, 5, 19, 6], [20, 7, 21, 8], [22, 9, 23, 10]]"
12a_0577_151,"[[22, 9, 23, 10], [24, 16, 1, 15], [2, 11, 3, 12], [4, 13, 5, 14], [6, 19, 7, 20], [8, 23, 9, 24], [10, 21, 11, 22], [12, 3, 13, 4], [14, 18, 15, 17], [16, 2, 17, 1], [18, 5, 19, 6], [20, 7, 21, 8]]"
12a_0577_152,"[[20, 7, 21, 8], [22, 9, 23, 10], [24, 16, 1, 15], [2, 11, 3, 12], [4, 13, 5, 14], [6, 19, 7, 20], [8, 23, 9, 24], [10, 21, 11, 22], [12, 3, 13, 4], [14, 18, 15, 17], [16, 2, 17, 1], [18, 5, 19, 6]]"
12a_0577_153,"[[18, 5, 19, 6], [20, 7, 21, 8], [22, 9, 23, 10], [24, 16, 1, 15], [2, 11, 3, 12], [4, 13, 5, 14], [6, 19, 7, 20], [8, 23, 9, 24], [10, 21, 11, 22], [12, 3, 13, 4], [14, 18, 15, 17], [16, 2, 17, 1]]"
12a_0577_154,"[[16, 2, 17, 1], [18, 5, 19, 6], [20, 7, 21, 8], [22, 9, 23, 10], [24, 16, 1, 15], [2, 11, 3, 12], [4, 13, 5, 14], [6, 19, 7, 20], [8, 23, 9, 24], [10, 21, 11, 22], [12, 3, 13, 4], [14, 18, 15, 17]]"
12a_0577_155,"[[14, 18, 15, 17], [16, 2, 17, 1], [18, 5, 19, 6], [20, 7, 21, 8], [22, 9, 23, 10], [24, 16, 1, 15], [2, 11, 3, 12], [4, 13, 5, 14], [6, 19, 7, 20], [8, 23, 9, 24], [10, 21, 11, 22], [12, 3, 13, 4]]"
12a_0577_156,"[[13, 4, 14, 5], [15, 19, 16, 18], [17, 3, 18, 2], [19, 6, 20, 7], [21, 8, 22, 9], [23, 10, 24, 11], [1, 17, 2, 16], [3, 12, 4, 13], [5, 14, 6, 15], [7, 20, 8, 21], [9, 24, 10, 1], [11, 22, 12, 23]]"
12a_0577_157,"[[11, 22, 12, 23], [13, 4, 14, 5], [15, 19, 16, 18], [17, 3, 18, 2], [19, 6, 20, 7], [21, 8, 22, 9], [23, 10, 24, 11], [1, 17, 2, 16], [3, 12, 4, 13], [5, 14, 6, 15], [7, 20, 8, 21], [9, 24, 10, 1]]"
12a_0577_158,"[[9, 24, 10, 1], [11, 22, 12, 23], [13, 4, 14, 5], [15, 19, 16, 18], [17, 3, 18, 2], [19, 6, 20, 7], [21, 8, 22, 9], [23, 10, 24, 11], [1, 17, 2, 16], [3, 12, 4, 13], [5, 14, 6, 15], [7, 20, 8, 21]]"
12a_0577_159,"[[7, 20, 8, 21], [9, 24, 10, 1], [11, 22, 12, 23], [13, 4, 14, 5], [15, 19, 16, 18], [17, 3, 18, 2], [19, 6, 20, 7], [21, 8, 22, 9], [23, 10, 24, 11], [1, 17, 2, 16], [3, 12, 4, 13], [5, 14, 6, 15]]"
12a_0577_160,"[[5, 14, 6, 15], [7, 20, 8, 21], [9, 24, 10, 1], [11, 22, 12, 23], [13, 4, 14, 5], [15, 19, 16, 18], [17, 3, 18, 2], [19, 6, 20, 7], [21, 8, 22, 9], [23, 10, 24, 11], [1, 17, 2, 16], [3, 12, 4, 13]]"
12a_0577_161,"[[3, 12, 4, 13], [5, 14, 6, 15], [7, 20, 8, 21], [9, 24, 10, 1], [11, 22, 12, 23], [13, 4, 14, 5], [15, 19, 16, 18], [17, 3, 18, 2], [19, 6, 20, 7], [21, 8, 22, 9], [23, 10, 24, 11], [1, 17, 2, 16]]"
12a_0577_162,"[[1, 17, 2, 16], [3, 12, 4, 13], [5, 14, 6, 15], [7, 20, 8, 21], [9, 24, 10, 1], [11, 22, 12, 23], [13, 4, 14, 5], [15, 19, 16, 18], [17, 3, 18, 2], [19, 6, 20, 7], [21, 8, 22, 9], [23, 10, 24, 11]]"
12a_0577_163,"[[23, 10, 24, 11], [1, 17, 2, 16], [3, 12, 4, 13], [5, 14, 6, 15], [7, 20, 8, 21], [9, 24, 10, 1], [11, 22, 12, 23], [13, 4, 14, 5], [15, 19, 16, 18], [17, 3, 18, 2], [19, 6, 20, 7], [21, 8, 22, 9]]"
12a_0577_164,"[[21, 8, 22, 9], [23, 10, 24, 11], [1, 17, 2, 16], [3, 12, 4, 13], [5, 14, 6, 15], [7, 20, 8, 21], [9, 24, 10, 1], [11, 22, 12, 23], [13, 4, 14, 5], [15, 19, 16, 18], [17, 3, 18, 2], [19, 6, 20, 7]]"
12a_0577_165,"[[19, 6, 20, 7], [21, 8, 22, 9], [23, 10, 24, 11], [1, 17, 2, 16], [3, 12, 4, 13], [5, 14, 6, 15], [7, 20, 8, 21], [9, 24, 10, 1], [11, 22, 12, 23], [13, 4, 14, 5], [15, 19, 16, 18], [17, 3, 18, 2]]"
12a_0577_166,"[[17, 3, 18, 2], [19, 6, 20, 7], [21, 8, 22, 9], [23, 10, 24, 11], [1, 17, 2, 16], [3, 12, 4, 13], [5, 14, 6, 15], [7, 20, 8, 21], [9, 24, 10, 1], [11, 22, 12, 23], [13, 4, 14, 5], [15, 19, 16, 18]]"
12a_0577_167,"[[15, 19, 16, 18], [17, 3, 18, 2], [19, 6, 20, 7], [21, 8, 22, 9], [23, 10, 24, 11], [1, 17, 2, 16], [3, 12, 4, 13], [5, 14, 6, 15], [7, 20, 8, 21], [9, 24, 10, 1], [11, 22, 12, 23], [13, 4, 14, 5]]"
12a_0577_168,"[[14, 5, 15, 6], [16, 20, 17, 19], [18, 4, 19, 3], [20, 7, 21, 8], [22, 9, 23, 10], [24, 11, 1, 12], [2, 18, 3, 17], [4, 13, 5, 14], [6, 15, 7, 16], [8, 21, 9, 22], [10, 1, 11, 2], [12, 23, 13, 24]]"
12a_0577_169,"[[12, 23, 13, 24], [14, 5, 15, 6], [16, 20, 17, 19], [18, 4, 19, 3], [20, 7, 21, 8], [22, 9, 23, 10], [24, 11, 1, 12], [2, 18, 3, 17], [4, 13, 5, 14], [6, 15, 7, 16], [8, 21, 9, 22], [10, 1, 11, 2]]"
12a_0577_170,"[[10, 1, 11, 2], [12, 23, 13, 24], [14, 5, 15, 6], [16, 20, 17, 19], [18, 4, 19, 3], [20, 7, 21, 8], [22, 9, 23, 10], [24, 11, 1, 12], [2, 18, 3, 17], [4, 13, 5, 14], [6, 15, 7, 16], [8, 21, 9, 22]]"
12a_0577_171,"[[8, 21, 9, 22], [10, 1, 11, 2], [12, 23, 13, 24], [14, 5, 15, 6], [16, 20, 17, 19], [18, 4, 19, 3], [20, 7, 21, 8], [22, 9, 23, 10], [24, 11, 1, 12], [2, 18, 3, 17], [4, 13, 5, 14], [6, 15, 7, 16]]"
12a_0577_172,"[[6, 15, 7, 16], [8, 21, 9, 22], [10, 1, 11, 2], [12, 23, 13, 24], [14, 5, 15, 6], [16, 20, 17, 19], [18, 4, 19, 3], [20, 7, 21, 8], [22, 9, 23, 10], [24, 11, 1, 12], [2, 18, 3, 17], [4, 13, 5, 14]]"
12a_0577_173,"[[4, 13, 5, 14], [6, 15, 7, 16], [8, 21, 9, 22], [10, 1, 11, 2], [12, 23, 13, 24], [14, 5, 15, 6], [16, 20, 17, 19], [18, 4, 19, 3], [20, 7, 21, 8], [22, 9, 23, 10], [24, 11, 1, 12], [2, 18, 3, 17]]"
12a_0577_174,"[[2, 18, 3, 17], [4, 13, 5, 14], [6, 15, 7, 16], [8, 21, 9, 22], [10, 1, 11, 2], [12, 23, 13, 24], [14, 5, 15, 6], [16, 20, 17, 19], [18, 4, 19, 3], [20, 7, 21, 8], [22, 9, 23, 10], [24, 11, 1, 12]]"
12a_0577_175,"[[24, 11, 1, 12], [2, 18, 3, 17], [4, 13, 5, 14], [6, 15, 7, 16], [8, 21, 9, 22], [10, 1, 11, 2], [12, 23, 13, 24], [14, 5, 15, 6], [16, 20, 17, 19], [18, 4, 19, 3], [20, 7, 21, 8], [22, 9, 23, 10]]"
12a_0577_176,"[[22, 9, 23, 10], [24, 11, 1, 12], [2, 18, 3, 17], [4, 13, 5, 14], [6, 15, 7, 16], [8, 21, 9, 22], [10, 1, 11, 2], [12, 23, 13, 24], [14, 5, 15, 6], [16, 20, 17, 19], [18, 4, 19, 3], [20, 7, 21, 8]]"
12a_0577_177,"[[20, 7, 21, 8], [22, 9, 23, 10], [24, 11, 1, 12], [2, 18, 3, 17], [4, 13, 5, 14], [6, 15, 7, 16], [8, 21, 9, 22], [10, 1, 11, 2], [12, 23, 13, 24], [14, 5, 15, 6], [16, 20, 17, 19], [18, 4, 19, 3]]"
12a_0577_178,"[[18, 4, 19, 3], [20, 7, 21, 8], [22, 9, 23, 10], [24, 11, 1, 12], [2, 18, 3, 17], [4, 13, 5, 14], [6, 15, 7, 16], [8, 21, 9, 22], [10, 1, 11, 2], [12, 23, 13, 24], [14, 5, 15, 6], [16, 20, 17, 19]]"
12a_0577_179,"[[16, 20, 17, 19], [18, 4, 19, 3], [20, 7, 21, 8], [22, 9, 23, 10], [24, 11, 1, 12], [2, 18, 3, 17], [4, 13, 5, 14], [6, 15, 7, 16], [8, 21, 9, 22], [10, 1, 11, 2], [12, 23, 13, 24], [14, 5, 15, 6]]"
12a_0577_180,"[[15, 6, 16, 7], [17, 21, 18, 20], [19, 5, 20, 4], [21, 8, 22, 9], [23, 10, 24, 11], [1, 12, 2, 13], [3, 19, 4, 18], [5, 14, 6, 15], [7, 16, 8, 17], [9, 22, 10, 23], [11, 2, 12, 3], [13, 24, 14, 1]]"
12a_0577_181,"[[13, 24, 14, 1], [15, 6, 16, 7], [17, 21, 18, 20], [19, 5, 20, 4], [21, 8, 22, 9], [23, 10, 24, 11], [1, 12, 2, 13], [3, 19, 4, 18], [5, 14, 6, 15], [7, 16, 8, 17], [9, 22, 10, 23], [11, 2, 12, 3]]"
12a_0577_182,"[[11, 2, 12, 3], [13, 24, 14, 1], [15, 6, 16, 7], [17, 21, 18, 20], [19, 5, 20, 4], [21, 8, 22, 9], [23, 10, 24, 11], [1, 12, 2, 13], [3, 19, 4, 18], [5, 14, 6, 15], [7, 16, 8, 17], [9, 22, 10, 23]]"
12a_0577_183,"[[9, 22, 10, 23], [11, 2, 12, 3], [13, 24, 14, 1], [15, 6, 16, 7], [17, 21, 18, 20], [19, 5, 20, 4], [21, 8, 22, 9], [23, 10, 24, 11], [1, 12, 2, 13], [3, 19, 4, 18], [5, 14, 6, 15], [7, 16, 8, 17]]"
12a_0577_184,"[[7, 16, 8, 17], [9, 22, 10, 23], [11, 2, 12, 3], [13, 24, 14, 1], [15, 6, 16, 7], [17, 21, 18, 20], [19, 5, 20, 4], [21, 8, 22, 9], [23, 10, 24, 11], [1, 12, 2, 13], [3, 19, 4, 18], [5, 14, 6, 15]]"
12a_0577_185,"[[5, 14, 6, 15], [7, 16, 8, 17], [9, 22, 10, 23], [11, 2, 12, 3], [13, 24, 14, 1], [15, 6, 16, 7], [17, 21, 18, 20], [19, 5, 20, 4], [21, 8, 22, 9], [23, 10, 24, 11], [1, 12, 2, 13], [3, 19, 4, 18]]"
