name,pd_notation
12a_0638_0,"[[24, 9, 1, 10], [2, 6, 3, 5], [4, 14, 5, 13], [6, 20, 7, 19], [8, 18, 9, 17], [10, 23, 11, 24], [12, 4, 13, 3], [14, 22, 15, 21], [16, 12, 17, 11], [18, 8, 19, 7], [20, 2, 21, 1], [22, 16, 23, 15]]"
12a_0638_1,"[[22, 16, 23, 15], [24, 9, 1, 10], [2, 6, 3, 5], [4, 14, 5, 13], [6, 20, 7, 19], [8, 18, 9, 17], [10, 23, 11, 24], [12, 4, 13, 3], [14, 22, 15, 21], [16, 12, 17, 11], [18, 8, 19, 7], [20, 2, 21, 1]]"
12a_0638_2,"[[20, 2, 21, 1], [22, 16, 23, 15], [24, 9, 1, 10], [2, 6, 3, 5], [4, 14, 5, 13], [6, 20, 7, 19], [8, 18, 9, 17], [10, 23, 11, 24], [12, 4, 13, 3], [14, 22, 15, 21], [16, 12, 17, 11], [18, 8, 19, 7]]"
12a_0638_3,"[[18, 8, 19, 7], [20, 2, 21, 1], [22, 16, 23, 15], [24, 9, 1, 10], [2, 6, 3, 5], [4, 14, 5, 13], [6, 20, 7, 19], [8, 18, 9, 17], [10, 23, 11, 24], [12, 4, 13, 3], [14, 22, 15, 21], [16, 12, 17, 11]]"
12a_0638_4,"[[16, 12, 17, 11], [18, 8, 19, 7], [20, 2, 21, 1], [22, 16, 23, 15], [24, 9, 1, 10], [2, 6, 3, 5], [4, 14, 5, 13], [6, 20, 7, 19], [8, 18, 9, 17], [10, 23, 11, 24], [12, 4, 13, 3], [14, 22, 15, 21]]"
12a_0638_5,"[[14, 22, 15, 21], [16, 12, 17, 11], [18, 8, 19, 7], [20, 2, 21, 1], [22, 16, 23, 15], [24, 9, 1, 10], [2, 6, 3, 5], [4, 14, 5, 13], [6, 20, 7, 19], [8, 18, 9, 17], [10, 23, 11, 24], [12, 4, 13, 3]]"
12a_0638_6,"[[12, 4, 13, 3], [14, 22, 15, 21], [16, 12, 17, 11], [18, 8, 19, 7], [20, 2, 21, 1], [22, 16, 23, 15], [24, 9, 1, 10], [2, 6, 3, 5], [4, 14, 5, 13], [6, 20, 7, 19], [8, 18, 9, 17], [10, 23, 11, 24]]"
12a_0638_7,"[[10, 23, 11, 24], [12, 4, 13, 3], [14, 22, 15, 21], [16, 12, 17, 11], [18, 8, 19, 7], [20, 2, 21, 1], [22, 16, 23, 15], [24, 9, 1, 10], [2, 6, 3, 5], [4, 14, 5, 13], [6, 20, 7, 19], [8, 18, 9, 17]]"
12a_0638_8,"[[8, 18, 9, 17], [10, 23, 11, 24], [12, 4, 13, 3], [14, 22, 15, 21], [16, 12, 17, 11], [18, 8, 19, 7], [20, 2, 21, 1], [22, 16, 23, 15], [24, 9, 1, 10], [2, 6, 3, 5], [4, 14, 5, 13], [6, 20, 7, 19]]"
12a_0638_9,"[[6, 20, 7, 19], [8, 18, 9, 17], [10, 23, 11, 24], [12, 4, 13, 3], [14, 22, 15, 21], [16, 12, 17, 11], [18, 8, 19, 7], [20, 2, 21, 1], [22, 16, 23, 15], [24, 9, 1, 10], [2, 6, 3, 5], [4, 14, 5, 13]]"
12a_0638_10,"[[4, 14, 5, 13], [6, 20, 7, 19], [8, 18, 9, 17], [10, 23, 11, 24], [12, 4, 13, 3], [14, 22, 15, 21], [16, 12, 17, 11], [18, 8, 19, 7], [20, 2, 21, 1], [22, 16, 23, 15], [24, 9, 1, 10], [2, 6, 3, 5]]"
12a_0638_11,"[[2, 6, 3, 5], [4, 14, 5, 13], [6, 20, 7, 19], [8, 18, 9, 17], [10, 23, 11, 24], [12, 4, 13, 3], [14, 22, 15, 21], [16, 12, 17, 11], [18, 8, 19, 7], [20, 2, 21, 1], [22, 16, 23, 15], [24, 9, 1, 10]]"
12a_0638_12,"[[1, 10, 2, 11], [3, 7, 4, 6], [5, 15, 6, 14], [7, 21, 8, 20], [9, 19, 10, 18], [11, 24, 12, 1], [13, 5, 14, 4], [15, 23, 16, 22], [17, 13, 18, 12], [19, 9, 20, 8], [21, 3, 22, 2], [23, 17, 24, 16]]"
12a_0638_13,"[[23, 17, 24, 16], [1, 10, 2, 11], [3, 7, 4, 6], [5, 15, 6, 14], [7, 21, 8, 20], [9, 19, 10, 18], [11, 24, 12, 1], [13, 5, 14, 4], [15, 23, 16, 22], [17, 13, 18, 12], [19, 9, 20, 8], [21, 3, 22, 2]]"
12a_0638_14,"[[21, 3, 22, 2], [23, 17, 24, 16], [1, 10, 2, 11], [3, 7, 4, 6], [5, 15, 6, 14], [7, 21, 8, 20], [9, 19, 10, 18], [11, 24, 12, 1], [13, 5, 14, 4], [15, 23, 16, 22], [17, 13, 18, 12], [19, 9, 20, 8]]"
12a_0638_15,"[[19, 9, 20, 8], [21, 3, 22, 2], [23, 17, 24, 16], [1, 10, 2, 11], [3, 7, 4, 6], [5, 15, 6, 14], [7, 21, 8, 20], [9, 19, 10, 18], [11, 24, 12, 1], [13, 5, 14, 4], [15, 23, 16, 22], [17, 13, 18, 12]]"
12a_0638_16,"[[17, 13, 18, 12], [19, 9, 20, 8], [21, 3, 22, 2], [23, 17, 24, 16], [1, 10, 2, 11], [3, 7, 4, 6], [5, 15, 6, 14], [7, 21, 8, 20], [9, 19, 10, 18], [11, 24, 12, 1], [13, 5, 14, 4], [15, 23, 16, 22]]"
12a_0638_17,"[[15, 23, 16, 22], [17, 13, 18, 12], [19, 9, 20, 8], [21, 3, 22, 2], [23, 17, 24, 16], [1, 10, 2, 11], [3, 7, 4, 6], [5, 15, 6, 14], [7, 21, 8, 20], [9, 19, 10, 18], [11, 24, 12, 1], [13, 5, 14, 4]]"
12a_0638_18,"[[13, 5, 14, 4], [15, 23, 16, 22], [17, 13, 18, 12], [19, 9, 20, 8], [21, 3, 22, 2], [23, 17, 24, 16], [1, 10, 2, 11], [3, 7, 4, 6], [5, 15, 6, 14], [7, 21, 8, 20], [9, 19, 10, 18], [11, 24, 12, 1]]"
12a_0638_19,"[[11, 24, 12, 1], [13, 5, 14, 4], [15, 23, 16, 22], [17, 13, 18, 12], [19, 9, 20, 8], [21, 3, 22, 2], [23, 17, 24, 16], [1, 10, 2, 11], [3, 7, 4, 6], [5, 15, 6, 14], [7, 21, 8, 20], [9, 19, 10, 18]]"
12a_0638_20,"[[9, 19, 10, 18], [11, 24, 12, 1], [13, 5, 14, 4], [15, 23, 16, 22], [17, 13, 18, 12], [19, 9, 20, 8], [21, 3, 22, 2], [23, 17, 24, 16], [1, 10, 2, 11], [3, 7, 4, 6], [5, 15, 6, 14], [7, 21, 8, 20]]"
12a_0638_21,"[[7, 21, 8, 20], [9, 19, 10, 18], [11, 24, 12, 1], [13, 5, 14, 4], [15, 23, 16, 22], [17, 13, 18, 12], [19, 9, 20, 8], [21, 3, 22, 2], [23, 17, 24, 16], [1, 10, 2, 11], [3, 7, 4, 6], [5, 15, 6, 14]]"
12a_0638_22,"[[5, 15, 6, 14], [7, 21, 8, 20], [9, 19, 10, 18], [11, 24, 12, 1], [13, 5, 14, 4], [15, 23, 16, 22], [17, 13, 18, 12], [19, 9, 20, 8], [21, 3, 22, 2], [23, 17, 24, 16], [1, 10, 2, 11], [3, 7, 4, 6]]"
12a_0638_23,"[[3, 7, 4, 6], [5, 15, 6, 14], [7, 21, 8, 20], [9, 19, 10, 18], [11, 24, 12, 1], [13, 5, 14, 4], [15, 23, 16, 22], [17, 13, 18, 12], [19, 9, 20, 8], [21, 3, 22, 2], [23, 17, 24, 16], [1, 10, 2, 11]]"
12a_0638_24,"[[2, 11, 3, 12], [4, 8, 5, 7], [6, 16, 7, 15], [8, 22, 9, 21], [10, 20, 11, 19], [12, 1, 13, 2], [14, 6, 15, 5], [16, 24, 17, 23], [18, 14, 19, 13], [20, 10, 21, 9], [22, 4, 23, 3], [24, 18, 1, 17]]"
12a_0638_25,"[[24, 18, 1, 17], [2, 11, 3, 12], [4, 8, 5, 7], [6, 16, 7, 15], [8, 22, 9, 21], [10, 20, 11, 19], [12, 1, 13, 2], [14, 6, 15, 5], [16, 24, 17, 23], [18, 14, 19, 13], [20, 10, 21, 9], [22, 4, 23, 3]]"
12a_0638_26,"[[22, 4, 23, 3], [24, 18, 1, 17], [2, 11, 3, 12], [4, 8, 5, 7], [6, 16, 7, 15], [8, 22, 9, 21], [10, 20, 11, 19], [12, 1, 13, 2], [14, 6, 15, 5], [16, 24, 17, 23], [18, 14, 19, 13], [20, 10, 21, 9]]"
12a_0638_27,"[[20, 10, 21, 9], [22, 4, 23, 3], [24, 18, 1, 17], [2, 11, 3, 12], [4, 8, 5, 7], [6, 16, 7, 15], [8, 22, 9, 21], [10, 20, 11, 19], [12, 1, 13, 2], [14, 6, 15, 5], [16, 24, 17, 23], [18, 14, 19, 13]]"
12a_0638_28,"[[18, 14, 19, 13], [20, 10, 21, 9], [22, 4, 23, 3], [24, 18, 1, 17], [2, 11, 3, 12], [4, 8, 5, 7], [6, 16, 7, 15], [8, 22, 9, 21], [10, 20, 11, 19], [12, 1, 13, 2], [14, 6, 15, 5], [16, 24, 17, 23]]"
12a_0638_29,"[[16, 24, 17, 23], [18, 14, 19, 13], [20, 10, 21, 9], [22, 4, 23, 3], [24, 18, 1, 17], [2, 11, 3, 12], [4, 8, 5, 7], [6, 16, 7, 15], [8, 22, 9, 21], [10, 20, 11, 19], [12, 1, 13, 2], [14, 6, 15, 5]]"
12a_0638_30,"[[14, 6, 15, 5], [16, 24, 17, 23], [18, 14, 19, 13], [20, 10, 21, 9], [22, 4, 23, 3], [24, 18, 1, 17], [2, 11, 3, 12], [4, 8, 5, 7], [6, 16, 7, 15], [8, 22, 9, 21], [10, 20, 11, 19], [12, 1, 13, 2]]"
12a_0638_31,"[[12, 1, 13, 2], [14, 6, 15, 5], [16, 24, 17, 23], [18, 14, 19, 13], [20, 10, 21, 9], [22, 4, 23, 3], [24, 18, 1, 17], [2, 11, 3, 12], [4, 8, 5, 7], [6, 16, 7, 15], [8, 22, 9, 21], [10, 20, 11, 19]]"
12a_0638_32,"[[10, 20, 11, 19], [12, 1, 13, 2], [14, 6, 15, 5], [16, 24, 17, 23], [18, 14, 19, 13], [20, 10, 21, 9], [22, 4, 23, 3], [24, 18, 1, 17], [2, 11, 3, 12], [4, 8, 5, 7], [6, 16, 7, 15], [8, 22, 9, 21]]"
12a_0638_33,"[[8, 22, 9, 21], [10, 20, 11, 19], [12, 1, 13, 2], [14, 6, 15, 5], [16, 24, 17, 23], [18, 14, 19, 13], [20, 10, 21, 9], [22, 4, 23, 3], [24, 18, 1, 17], [2, 11, 3, 12], [4, 8, 5, 7], [6, 16, 7, 15]]"
12a_0638_34,"[[6, 16, 7, 15], [8, 22, 9, 21], [10, 20, 11, 19], [12, 1, 13, 2], [14, 6, 15, 5], [16, 24, 17, 23], [18, 14, 19, 13], [20, 10, 21, 9], [22, 4, 23, 3], [24, 18, 1, 17], [2, 11, 3, 12], [4, 8, 5, 7]]"
12a_0638_35,"[[4, 8, 5, 7], [6, 16, 7, 15], [8, 22, 9, 21], [10, 20, 11, 19], [12, 1, 13, 2], [14, 6, 15, 5], [16, 24, 17, 23], [18, 14, 19, 13], [20, 10, 21, 9], [22, 4, 23, 3], [24, 18, 1, 17], [2, 11, 3, 12]]"
12a_0638_36,"[[3, 12, 4, 13], [5, 9, 6, 8], [7, 17, 8, 16], [9, 23, 10, 22], [11, 21, 12, 20], [13, 2, 14, 3], [15, 7, 16, 6], [17, 1, 18, 24], [19, 15, 20, 14], [21, 11, 22, 10], [23, 5, 24, 4], [1, 19, 2, 18]]"
12a_0638_37,"[[1, 19, 2, 18], [3, 12, 4, 13], [5, 9, 6, 8], [7, 17, 8, 16], [9, 23, 10, 22], [11, 21, 12, 20], [13, 2, 14, 3], [15, 7, 16, 6], [17, 1, 18, 24], [19, 15, 20, 14], [21, 11, 22, 10], [23, 5, 24, 4]]"
12a_0638_38,"[[23, 5, 24, 4], [1, 19, 2, 18], [3, 12, 4, 13], [5, 9, 6, 8], [7, 17, 8, 16], [9, 23, 10, 22], [11, 21, 12, 20], [13, 2, 14, 3], [15, 7, 16, 6], [17, 1, 18, 24], [19, 15, 20, 14], [21, 11, 22, 10]]"
12a_0638_39,"[[21, 11, 22, 10], [23, 5, 24, 4], [1, 19, 2, 18], [3, 12, 4, 13], [5, 9, 6, 8], [7, 17, 8, 16], [9, 23, 10, 22], [11, 21, 12, 20], [13, 2, 14, 3], [15, 7, 16, 6], [17, 1, 18, 24], [19, 15, 20, 14]]"
12a_0638_40,"[[19, 15, 20, 14], [21, 11, 22, 10], [23, 5, 24, 4], [1, 19, 2, 18], [3, 12, 4, 13], [5, 9, 6, 8], [7, 17, 8, 16], [9, 23, 10, 22], [11, 21, 12, 20], [13, 2, 14, 3], [15, 7, 16, 6], [17, 1, 18, 24]]"
12a_0638_41,"[[17, 1, 18, 24], [19, 15, 20, 14], [21, 11, 22, 10], [23, 5, 24, 4], [1, 19, 2, 18], [3, 12, 4, 13], [5, 9, 6, 8], [7, 17, 8, 16], [9, 23, 10, 22], [11, 21, 12, 20], [13, 2, 14, 3], [15, 7, 16, 6]]"
12a_0638_42,"[[15, 7, 16, 6], [17, 1, 18, 24], [19, 15, 20, 14], [21, 11, 22, 10], [23, 5, 24, 4], [1, 19, 2, 18], [3, 12, 4, 13], [5, 9, 6, 8], [7, 17, 8, 16], [9, 23, 10, 22], [11, 21, 12, 20], [13, 2, 14, 3]]"
12a_0638_43,"[[13, 2, 14, 3], [15, 7, 16, 6], [17, 1, 18, 24], [19, 15, 20, 14], [21, 11, 22, 10], [23, 5, 24, 4], [1, 19, 2, 18], [3, 12, 4, 13], [5, 9, 6, 8], [7, 17, 8, 16], [9, 23, 10, 22], [11, 21, 12, 20]]"
12a_0638_44,"[[11, 21, 12, 20], [13, 2, 14, 3], [15, 7, 16, 6], [17, 1, 18, 24], [19, 15, 20, 14], [21, 11, 22, 10], [23, 5, 24, 4], [1, 19, 2, 18], [3, 12, 4, 13], [5, 9, 6, 8], [7, 17, 8, 16], [9, 23, 10, 22]]"
12a_0638_45,"[[9, 23, 10, 22], [11, 21, 12, 20], [13, 2, 14, 3], [15, 7, 16, 6], [17, 1, 18, 24], [19, 15, 20, 14], [21, 11, 22, 10], [23, 5, 24, 4], [1, 19, 2, 18], [3, 12, 4, 13], [5, 9, 6, 8], [7, 17, 8, 16]]"
12a_0638_46,"[[7, 17, 8, 16], [9, 23, 10, 22], [11, 21, 12, 20], [13, 2, 14, 3], [15, 7, 16, 6], [17, 1, 18, 24], [19, 15, 20, 14], [21, 11, 22, 10], [23, 5, 24, 4], [1, 19, 2, 18], [3, 12, 4, 13], [5, 9, 6, 8]]"
12a_0638_47,"[[5, 9, 6, 8], [7, 17, 8, 16], [9, 23, 10, 22], [11, 21, 12, 20], [13, 2, 14, 3], [15, 7, 16, 6], [17, 1, 18, 24], [19, 15, 20, 14], [21, 11, 22, 10], [23, 5, 24, 4], [1, 19, 2, 18], [3, 12, 4, 13]]"
12a_0638_48,"[[4, 13, 5, 14], [6, 10, 7, 9], [8, 18, 9, 17], [10, 24, 11, 23], [12, 22, 13, 21], [14, 3, 15, 4], [16, 8, 17, 7], [18, 2, 19, 1], [20, 16, 21, 15], [22, 12, 23, 11], [24, 6, 1, 5], [2, 20, 3, 19]]"
12a_0638_49,"[[2, 20, 3, 19], [4, 13, 5, 14], [6, 10, 7, 9], [8, 18, 9, 17], [10, 24, 11, 23], [12, 22, 13, 21], [14, 3, 15, 4], [16, 8, 17, 7], [18, 2, 19, 1], [20, 16, 21, 15], [22, 12, 23, 11], [24, 6, 1, 5]]"
12a_0638_50,"[[24, 6, 1, 5], [2, 20, 3, 19], [4, 13, 5, 14], [6, 10, 7, 9], [8, 18, 9, 17], [10, 24, 11, 23], [12, 22, 13, 21], [14, 3, 15, 4], [16, 8, 17, 7], [18, 2, 19, 1], [20, 16, 21, 15], [22, 12, 23, 11]]"
12a_0638_51,"[[22, 12, 23, 11], [24, 6, 1, 5], [2, 20, 3, 19], [4, 13, 5, 14], [6, 10, 7, 9], [8, 18, 9, 17], [10, 24, 11, 23], [12, 22, 13, 21], [14, 3, 15, 4], [16, 8, 17, 7], [18, 2, 19, 1], [20, 16, 21, 15]]"
12a_0638_52,"[[20, 16, 21, 15], [22, 12, 23, 11], [24, 6, 1, 5], [2, 20, 3, 19], [4, 13, 5, 14], [6, 10, 7, 9], [8, 18, 9, 17], [10, 24, 11, 23], [12, 22, 13, 21], [14, 3, 15, 4], [16, 8, 17, 7], [18, 2, 19, 1]]"
12a_0638_53,"[[18, 2, 19, 1], [20, 16, 21, 15], [22, 12, 23, 11], [24, 6, 1, 5], [2, 20, 3, 19], [4, 13, 5, 14], [6, 10, 7, 9], [8, 18, 9, 17], [10, 24, 11, 23], [12, 22, 13, 21], [14, 3, 15, 4], [16, 8, 17, 7]]"
12a_0638_54,"[[16, 8, 17, 7], [18, 2, 19, 1], [20, 16, 21, 15], [22, 12, 23, 11], [24, 6, 1, 5], [2, 20, 3, 19], [4, 13, 5, 14], [6, 10, 7, 9], [8, 18, 9, 17], [10, 24, 11, 23], [12, 22, 13, 21], [14, 3, 15, 4]]"
12a_0638_55,"[[14, 3, 15, 4], [16, 8, 17, 7], [18, 2, 19, 1], [20, 16, 21, 15], [22, 12, 23, 11], [24, 6, 1, 5], [2, 20, 3, 19], [4, 13, 5, 14], [6, 10, 7, 9], [8, 18, 9, 17], [10, 24, 11, 23], [12, 22, 13, 21]]"
12a_0638_56,"[[12, 22, 13, 21], [14, 3, 15, 4], [16, 8, 17, 7], [18, 2, 19, 1], [20, 16, 21, 15], [22, 12, 23, 11], [24, 6, 1, 5], [2, 20, 3, 19], [4, 13, 5, 14], [6, 10, 7, 9], [8, 18, 9, 17], [10, 24, 11, 23]]"
12a_0638_57,"[[10, 24, 11, 23], [12, 22, 13, 21], [14, 3, 15, 4], [16, 8, 17, 7], [18, 2, 19, 1], [20, 16, 21, 15], [22, 12, 23, 11], [24, 6, 1, 5], [2, 20, 3, 19], [4, 13, 5, 14], [6, 10, 7, 9], [8, 18, 9, 17]]"
12a_0638_58,"[[8, 18, 9, 17], [10, 24, 11, 23], [12, 22, 13, 21], [14, 3, 15, 4], [16, 8, 17, 7], [18, 2, 19, 1], [20, 16, 21, 15], [22, 12, 23, 11], [24, 6, 1, 5], [2, 20, 3, 19], [4, 13, 5, 14], [6, 10, 7, 9]]"
12a_0638_59,"[[6, 10, 7, 9], [8, 18, 9, 17], [10, 24, 11, 23], [12, 22, 13, 21], [14, 3, 15, 4], [16, 8, 17, 7], [18, 2, 19, 1], [20, 16, 21, 15], [22, 12, 23, 11], [24, 6, 1, 5], [2, 20, 3, 19], [4, 13, 5, 14]]"
12a_0638_60,"[[5, 14, 6, 15], [7, 11, 8, 10], [9, 19, 10, 18], [11, 1, 12, 24], [13, 23, 14, 22], [15, 4, 16, 5], [17, 9, 18, 8], [19, 3, 20, 2], [21, 17, 22, 16], [23, 13, 24, 12], [1, 7, 2, 6], [3, 21, 4, 20]]"
12a_0638_61,"[[3, 21, 4, 20], [5, 14, 6, 15], [7, 11, 8, 10], [9, 19, 10, 18], [11, 1, 12, 24], [13, 23, 14, 22], [15, 4, 16, 5], [17, 9, 18, 8], [19, 3, 20, 2], [21, 17, 22, 16], [23, 13, 24, 12], [1, 7, 2, 6]]"
12a_0638_62,"[[1, 7, 2, 6], [3, 21, 4, 20], [5, 14, 6, 15], [7, 11, 8, 10], [9, 19, 10, 18], [11, 1, 12, 24], [13, 23, 14, 22], [15, 4, 16, 5], [17, 9, 18, 8], [19, 3, 20, 2], [21, 17, 22, 16], [23, 13, 24, 12]]"
12a_0638_63,"[[23, 13, 24, 12], [1, 7, 2, 6], [3, 21, 4, 20], [5, 14, 6, 15], [7, 11, 8, 10], [9, 19, 10, 18], [11, 1, 12, 24], [13, 23, 14, 22], [15, 4, 16, 5], [17, 9, 18, 8], [19, 3, 20, 2], [21, 17, 22, 16]]"
12a_0638_64,"[[21, 17, 22, 16], [23, 13, 24, 12], [1, 7, 2, 6], [3, 21, 4, 20], [5, 14, 6, 15], [7, 11, 8, 10], [9, 19, 10, 18], [11, 1, 12, 24], [13, 23, 14, 22], [15, 4, 16, 5], [17, 9, 18, 8], [19, 3, 20, 2]]"
12a_0638_65,"[[19, 3, 20, 2], [21, 17, 22, 16], [23, 13, 24, 12], [1, 7, 2, 6], [3, 21, 4, 20], [5, 14, 6, 15], [7, 11, 8, 10], [9, 19, 10, 18], [11, 1, 12, 24], [13, 23, 14, 22], [15, 4, 16, 5], [17, 9, 18, 8]]"
12a_0638_66,"[[17, 9, 18, 8], [19, 3, 20, 2], [21, 17, 22, 16], [23, 13, 24, 12], [1, 7, 2, 6], [3, 21, 4, 20], [5, 14, 6, 15], [7, 11, 8, 10], [9, 19, 10, 18], [11, 1, 12, 24], [13, 23, 14, 22], [15, 4, 16, 5]]"
12a_0638_67,"[[15, 4, 16, 5], [17, 9, 18, 8], [19, 3, 20, 2], [21, 17, 22, 16], [23, 13, 24, 12], [1, 7, 2, 6], [3, 21, 4, 20], [5, 14, 6, 15], [7, 11, 8, 10], [9, 19, 10, 18], [11, 1, 12, 24], [13, 23, 14, 22]]"
12a_0638_68,"[[13, 23, 14, 22], [15, 4, 16, 5], [17, 9, 18, 8], [19, 3, 20, 2], [21, 17, 22, 16], [23, 13, 24, 12], [1, 7, 2, 6], [3, 21, 4, 20], [5, 14, 6, 15], [7, 11, 8, 10], [9, 19, 10, 18], [11, 1, 12, 24]]"
12a_0638_69,"[[11, 1, 12, 24], [13, 23, 14, 22], [15, 4, 16, 5], [17, 9, 18, 8], [19, 3, 20, 2], [21, 17, 22, 16], [23, 13, 24, 12], [1, 7, 2, 6], [3, 21, 4, 20], [5, 14, 6, 15], [7, 11, 8, 10], [9, 19, 10, 18]]"
12a_0638_70,"[[9, 19, 10, 18], [11, 1, 12, 24], [13, 23, 14, 22], [15, 4, 16, 5], [17, 9, 18, 8], [19, 3, 20, 2], [21, 17, 22, 16], [23, 13, 24, 12], [1, 7, 2, 6], [3, 21, 4, 20], [5, 14, 6, 15], [7, 11, 8, 10]]"
12a_0638_71,"[[7, 11, 8, 10], [9, 19, 10, 18], [11, 1, 12, 24], [13, 23, 14, 22], [15, 4, 16, 5], [17, 9, 18, 8], [19, 3, 20, 2], [21, 17, 22, 16], [23, 13, 24, 12], [1, 7, 2, 6], [3, 21, 4, 20], [5, 14, 6, 15]]"
12a_0638_72,"[[6, 15, 7, 16], [8, 12, 9, 11], [10, 20, 11, 19], [12, 2, 13, 1], [14, 24, 15, 23], [16, 5, 17, 6], [18, 10, 19, 9], [20, 4, 21, 3], [22, 18, 23, 17], [24, 14, 1, 13], [2, 8, 3, 7], [4, 22, 5, 21]]"
12a_0638_73,"[[4, 22, 5, 21], [6, 15, 7, 16], [8, 12, 9, 11], [10, 20, 11, 19], [12, 2, 13, 1], [14, 24, 15, 23], [16, 5, 17, 6], [18, 10, 19, 9], [20, 4, 21, 3], [22, 18, 23, 17], [24, 14, 1, 13], [2, 8, 3, 7]]"
12a_0638_74,"[[2, 8, 3, 7], [4, 22, 5, 21], [6, 15, 7, 16], [8, 12, 9, 11], [10, 20, 11, 19], [12, 2, 13, 1], [14, 24, 15, 23], [16, 5, 17, 6], [18, 10, 19, 9], [20, 4, 21, 3], [22, 18, 23, 17], [24, 14, 1, 13]]"
12a_0638_75,"[[24, 14, 1, 13], [2, 8, 3, 7], [4, 22, 5, 21], [6, 15, 7, 16], [8, 12, 9, 11], [10, 20, 11, 19], [12, 2, 13, 1], [14, 24, 15, 23], [16, 5, 17, 6], [18, 10, 19, 9], [20, 4, 21, 3], [22, 18, 23, 17]]"
12a_0638_76,"[[22, 18, 23, 17], [24, 14, 1, 13], [2, 8, 3, 7], [4, 22, 5, 21], [6, 15, 7, 16], [8, 12, 9, 11], [10, 20, 11, 19], [12, 2, 13, 1], [14, 24, 15, 23], [16, 5, 17, 6], [18, 10, 19, 9], [20, 4, 21, 3]]"
12a_0638_77,"[[20, 4, 21, 3], [22, 18, 23, 17], [24, 14, 1, 13], [2, 8, 3, 7], [4, 22, 5, 21], [6, 15, 7, 16], [8, 12, 9, 11], [10, 20, 11, 19], [12, 2, 13, 1], [14, 24, 15, 23], [16, 5, 17, 6], [18, 10, 19, 9]]"
12a_0638_78,"[[18, 10, 19, 9], [20, 4, 21, 3], [22, 18, 23, 17], [24, 14, 1, 13], [2, 8, 3, 7], [4, 22, 5, 21], [6, 15, 7, 16], [8, 12, 9, 11], [10, 20, 11, 19], [12, 2, 13, 1], [14, 24, 15, 23], [16, 5, 17, 6]]"
12a_0638_79,"[[16, 5, 17, 6], [18, 10, 19, 9], [20, 4, 21, 3], [22, 18, 23, 17], [24, 14, 1, 13], [2, 8, 3, 7], [4, 22, 5, 21], [6, 15, 7, 16], [8, 12, 9, 11], [10, 20, 11, 19], [12, 2, 13, 1], [14, 24, 15, 23]]"
12a_0638_80,"[[14, 24, 15, 23], [16, 5, 17, 6], [18, 10, 19, 9], [20, 4, 21, 3], [22, 18, 23, 17], [24, 14, 1, 13], [2, 8, 3, 7], [4, 22, 5, 21], [6, 15, 7, 16], [8, 12, 9, 11], [10, 20, 11, 19], [12, 2, 13, 1]]"
12a_0638_81,"[[12, 2, 13, 1], [14, 24, 15, 23], [16, 5, 17, 6], [18, 10, 19, 9], [20, 4, 21, 3], [22, 18, 23, 17], [24, 14, 1, 13], [2, 8, 3, 7], [4, 22, 5, 21], [6, 15, 7, 16], [8, 12, 9, 11], [10, 20, 11, 19]]"
12a_0638_82,"[[10, 20, 11, 19], [12, 2, 13, 1], [14, 24, 15, 23], [16, 5, 17, 6], [18, 10, 19, 9], [20, 4, 21, 3], [22, 18, 23, 17], [24, 14, 1, 13], [2, 8, 3, 7], [4, 22, 5, 21], [6, 15, 7, 16], [8, 12, 9, 11]]"
12a_0638_83,"[[8, 12, 9, 11], [10, 20, 11, 19], [12, 2, 13, 1], [14, 24, 15, 23], [16, 5, 17, 6], [18, 10, 19, 9], [20, 4, 21, 3], [22, 18, 23, 17], [24, 14, 1, 13], [2, 8, 3, 7], [4, 22, 5, 21], [6, 15, 7, 16]]"
12a_0638_84,"[[7, 16, 8, 17], [9, 13, 10, 12], [11, 21, 12, 20], [13, 3, 14, 2], [15, 1, 16, 24], [17, 6, 18, 7], [19, 11, 20, 10], [21, 5, 22, 4], [23, 19, 24, 18], [1, 15, 2, 14], [3, 9, 4, 8], [5, 23, 6, 22]]"
12a_0638_85,"[[5, 23, 6, 22], [7, 16, 8, 17], [9, 13, 10, 12], [11, 21, 12, 20], [13, 3, 14, 2], [15, 1, 16, 24], [17, 6, 18, 7], [19, 11, 20, 10], [21, 5, 22, 4], [23, 19, 24, 18], [1, 15, 2, 14], [3, 9, 4, 8]]"
12a_0638_86,"[[3, 9, 4, 8], [5, 23, 6, 22], [7, 16, 8, 17], [9, 13, 10, 12], [11, 21, 12, 20], [13, 3, 14, 2], [15, 1, 16, 24], [17, 6, 18, 7], [19, 11, 20, 10], [21, 5, 22, 4], [23, 19, 24, 18], [1, 15, 2, 14]]"
12a_0638_87,"[[1, 15, 2, 14], [3, 9, 4, 8], [5, 23, 6, 22], [7, 16, 8, 17], [9, 13, 10, 12], [11, 21, 12, 20], [13, 3, 14, 2], [15, 1, 16, 24], [17, 6, 18, 7], [19, 11, 20, 10], [21, 5, 22, 4], [23, 19, 24, 18]]"
12a_0638_88,"[[23, 19, 24, 18], [1, 15, 2, 14], [3, 9, 4, 8], [5, 23, 6, 22], [7, 16, 8, 17], [9, 13, 10, 12], [11, 21, 12, 20], [13, 3, 14, 2], [15, 1, 16, 24], [17, 6, 18, 7], [19, 11, 20, 10], [21, 5, 22, 4]]"
12a_0638_89,"[[21, 5, 22, 4], [23, 19, 24, 18], [1, 15, 2, 14], [3, 9, 4, 8], [5, 23, 6, 22], [7, 16, 8, 17], [9, 13, 10, 12], [11, 21, 12, 20], [13, 3, 14, 2], [15, 1, 16, 24], [17, 6, 18, 7], [19, 11, 20, 10]]"
12a_0638_90,"[[19, 11, 20, 10], [21, 5, 22, 4], [23, 19, 24, 18], [1, 15, 2, 14], [3, 9, 4, 8], [5, 23, 6, 22], [7, 16, 8, 17], [9, 13, 10, 12], [11, 21, 12, 20], [13, 3, 14, 2], [15, 1, 16, 24], [17, 6, 18, 7]]"
12a_0638_91,"[[17, 6, 18, 7], [19, 11, 20, 10], [21, 5, 22, 4], [23, 19, 24, 18], [1, 15, 2, 14], [3, 9, 4, 8], [5, 23, 6, 22], [7, 16, 8, 17], [9, 13, 10, 12], [11, 21, 12, 20], [13, 3, 14, 2], [15, 1, 16, 24]]"
12a_0638_92,"[[15, 1, 16, 24], [17, 6, 18, 7], [19, 11, 20, 10], [21, 5, 22, 4], [23, 19, 24, 18], [1, 15, 2, 14], [3, 9, 4, 8], [5, 23, 6, 22], [7, 16, 8, 17], [9, 13, 10, 12], [11, 21, 12, 20], [13, 3, 14, 2]]"
12a_0638_93,"[[13, 3, 14, 2], [15, 1, 16, 24], [17, 6, 18, 7], [19, 11, 20, 10], [21, 5, 22, 4], [23, 19, 24, 18], [1, 15, 2, 14], [3, 9, 4, 8], [5, 23, 6, 22], [7, 16, 8, 17], [9, 13, 10, 12], [11, 21, 12, 20]]"
12a_0638_94,"[[11, 21, 12, 20], [13, 3, 14, 2], [15, 1, 16, 24], [17, 6, 18, 7], [19, 11, 20, 10], [21, 5, 22, 4], [23, 19, 24, 18], [1, 15, 2, 14], [3, 9, 4, 8], [5, 23, 6, 22], [7, 16, 8, 17], [9, 13, 10, 12]]"
12a_0638_95,"[[9, 13, 10, 12], [11, 21, 12, 20], [13, 3, 14, 2], [15, 1, 16, 24], [17, 6, 18, 7], [19, 11, 20, 10], [21, 5, 22, 4], [23, 19, 24, 18], [1, 15, 2, 14], [3, 9, 4, 8], [5, 23, 6, 22], [7, 16, 8, 17]]"
12a_0638_96,"[[8, 17, 9, 18], [10, 14, 11, 13], [12, 22, 13, 21], [14, 4, 15, 3], [16, 2, 17, 1], [18, 7, 19, 8], [20, 12, 21, 11], [22, 6, 23, 5], [24, 20, 1, 19], [2, 16, 3, 15], [4, 10, 5, 9], [6, 24, 7, 23]]"
12a_0638_97,"[[6, 24, 7, 23], [8, 17, 9, 18], [10, 14, 11, 13], [12, 22, 13, 21], [14, 4, 15, 3], [16, 2, 17, 1], [18, 7, 19, 8], [20, 12, 21, 11], [22, 6, 23, 5], [24, 20, 1, 19], [2, 16, 3, 15], [4, 10, 5, 9]]"
12a_0638_98,"[[4, 10, 5, 9], [6, 24, 7, 23], [8, 17, 9, 18], [10, 14, 11, 13], [12, 22, 13, 21], [14, 4, 15, 3], [16, 2, 17, 1], [18, 7, 19, 8], [20, 12, 21, 11], [22, 6, 23, 5], [24, 20, 1, 19], [2, 16, 3, 15]]"
12a_0638_99,"[[2, 16, 3, 15], [4, 10, 5, 9], [6, 24, 7, 23], [8, 17, 9, 18], [10, 14, 11, 13], [12, 22, 13, 21], [14, 4, 15, 3], [16, 2, 17, 1], [18, 7, 19, 8], [20, 12, 21, 11], [22, 6, 23, 5], [24, 20, 1, 19]]"
12a_0638_100,"[[24, 20, 1, 19], [2, 16, 3, 15], [4, 10, 5, 9], [6, 24, 7, 23], [8, 17, 9, 18], [10, 14, 11, 13], [12, 22, 13, 21], [14, 4, 15, 3], [16, 2, 17, 1], [18, 7, 19, 8], [20, 12, 21, 11], [22, 6, 23, 5]]"
12a_0638_101,"[[22, 6, 23, 5], [24, 20, 1, 19], [2, 16, 3, 15], [4, 10, 5, 9], [6, 24, 7, 23], [8, 17, 9, 18], [10, 14, 11, 13], [12, 22, 13, 21], [14, 4, 15, 3], [16, 2, 17, 1], [18, 7, 19, 8], [20, 12, 21, 11]]"
12a_0638_102,"[[20, 12, 21, 11], [22, 6, 23, 5], [24, 20, 1, 19], [2, 16, 3, 15], [4, 10, 5, 9], [6, 24, 7, 23], [8, 17, 9, 18], [10, 14, 11, 13], [12, 22, 13, 21], [14, 4, 15, 3], [16, 2, 17, 1], [18, 7, 19, 8]]"
12a_0638_103,"[[18, 7, 19, 8], [20, 12, 21, 11], [22, 6, 23, 5], [24, 20, 1, 19], [2, 16, 3, 15], [4, 10, 5, 9], [6, 24, 7, 23], [8, 17, 9, 18], [10, 14, 11, 13], [12, 22, 13, 21], [14, 4, 15, 3], [16, 2, 17, 1]]"
12a_0638_104,"[[16, 2, 17, 1], [18, 7, 19, 8], [20, 12, 21, 11], [22, 6, 23, 5], [24, 20, 1, 19], [2, 16, 3, 15], [4, 10, 5, 9], [6, 24, 7, 23], [8, 17, 9, 18], [10, 14, 11, 13], [12, 22, 13, 21], [14, 4, 15, 3]]"
12a_0638_105,"[[14, 4, 15, 3], [16, 2, 17, 1], [18, 7, 19, 8], [20, 12, 21, 11], [22, 6, 23, 5], [24, 20, 1, 19], [2, 16, 3, 15], [4, 10, 5, 9], [6, 24, 7, 23], [8, 17, 9, 18], [10, 14, 11, 13], [12, 22, 13, 21]]"
12a_0638_106,"[[12, 22, 13, 21], [14, 4, 15, 3], [16, 2, 17, 1], [18, 7, 19, 8], [20, 12, 21, 11], [22, 6, 23, 5], [24, 20, 1, 19], [2, 16, 3, 15], [4, 10, 5, 9], [6, 24, 7, 23], [8, 17, 9, 18], [10, 14, 11, 13]]"
12a_0638_107,"[[10, 14, 11, 13], [12, 22, 13, 21], [14, 4, 15, 3], [16, 2, 17, 1], [18, 7, 19, 8], [20, 12, 21, 11], [22, 6, 23, 5], [24, 20, 1, 19], [2, 16, 3, 15], [4, 10, 5, 9], [6, 24, 7, 23], [8, 17, 9, 18]]"
12a_0638_108,"[[9, 18, 10, 19], [11, 15, 12, 14], [13, 23, 14, 22], [15, 5, 16, 4], [17, 3, 18, 2], [19, 8, 20, 9], [21, 13, 22, 12], [23, 7, 24, 6], [1, 21, 2, 20], [3, 17, 4, 16], [5, 11, 6, 10], [7, 1, 8, 24]]"
12a_0638_109,"[[7, 1, 8, 24], [9, 18, 10, 19], [11, 15, 12, 14], [13, 23, 14, 22], [15, 5, 16, 4], [17, 3, 18, 2], [19, 8, 20, 9], [21, 13, 22, 12], [23, 7, 24, 6], [1, 21, 2, 20], [3, 17, 4, 16], [5, 11, 6, 10]]"
12a_0638_110,"[[5, 11, 6, 10], [7, 1, 8, 24], [9, 18, 10, 19], [11, 15, 12, 14], [13, 23, 14, 22], [15, 5, 16, 4], [17, 3, 18, 2], [19, 8, 20, 9], [21, 13, 22, 12], [23, 7, 24, 6], [1, 21, 2, 20], [3, 17, 4, 16]]"
12a_0638_111,"[[3, 17, 4, 16], [5, 11, 6, 10], [7, 1, 8, 24], [9, 18, 10, 19], [11, 15, 12, 14], [13, 23, 14, 22], [15, 5, 16, 4], [17, 3, 18, 2], [19, 8, 20, 9], [21, 13, 22, 12], [23, 7, 24, 6], [1, 21, 2, 20]]"
12a_0638_112,"[[1, 21, 2, 20], [3, 17, 4, 16], [5, 11, 6, 10], [7, 1, 8, 24], [9, 18, 10, 19], [11, 15, 12, 14], [13, 23, 14, 22], [15, 5, 16, 4], [17, 3, 18, 2], [19, 8, 20, 9], [21, 13, 22, 12], [23, 7, 24, 6]]"
12a_0638_113,"[[23, 7, 24, 6], [1, 21, 2, 20], [3, 17, 4, 16], [5, 11, 6, 10], [7, 1, 8, 24], [9, 18, 10, 19], [11, 15, 12, 14], [13, 23, 14, 22], [15, 5, 16, 4], [17, 3, 18, 2], [19, 8, 20, 9], [21, 13, 22, 12]]"
12a_0638_114,"[[21, 13, 22, 12], [23, 7, 24, 6], [1, 21, 2, 20], [3, 17, 4, 16], [5, 11, 6, 10], [7, 1, 8, 24], [9, 18, 10, 19], [11, 15, 12, 14], [13, 23, 14, 22], [15, 5, 16, 4], [17, 3, 18, 2], [19, 8, 20, 9]]"
12a_0638_115,"[[19, 8, 20, 9], [21, 13, 22, 12], [23, 7, 24, 6], [1, 21, 2, 20], [3, 17, 4, 16], [5, 11, 6, 10], [7, 1, 8, 24], [9, 18, 10, 19], [11, 15, 12, 14], [13, 23, 14, 22], [15, 5, 16, 4], [17, 3, 18, 2]]"
12a_0638_116,"[[17, 3, 18, 2], [19, 8, 20, 9], [21, 13, 22, 12], [23, 7, 24, 6], [1, 21, 2, 20], [3, 17, 4, 16], [5, 11, 6, 10], [7, 1, 8, 24], [9, 18, 10, 19], [11, 15, 12, 14], [13, 23, 14, 22], [15, 5, 16, 4]]"
12a_0638_117,"[[15, 5, 16, 4], [17, 3, 18, 2], [19, 8, 20, 9], [21, 13, 22, 12], [23, 7, 24, 6], [1, 21, 2, 20], [3, 17, 4, 16], [5, 11, 6, 10], [7, 1, 8, 24], [9, 18, 10, 19], [11, 15, 12, 14], [13, 23, 14, 22]]"
12a_0638_118,"[[13, 23, 14, 22], [15, 5, 16, 4], [17, 3, 18, 2], [19, 8, 20, 9], [21, 13, 22, 12], [23, 7, 24, 6], [1, 21, 2, 20], [3, 17, 4, 16], [5, 11, 6, 10], [7, 1, 8, 24], [9, 18, 10, 19], [11, 15, 12, 14]]"
12a_0638_119,"[[11, 15, 12, 14], [13, 23, 14, 22], [15, 5, 16, 4], [17, 3, 18, 2], [19, 8, 20, 9], [21, 13, 22, 12], [23, 7, 24, 6], [1, 21, 2, 20], [3, 17, 4, 16], [5, 11, 6, 10], [7, 1, 8, 24], [9, 18, 10, 19]]"
12a_0638_120,"[[10, 19, 11, 20], [12, 16, 13, 15], [14, 24, 15, 23], [16, 6, 17, 5], [18, 4, 19, 3], [20, 9, 21, 10], [22, 14, 23, 13], [24, 8, 1, 7], [2, 22, 3, 21], [4, 18, 5, 17], [6, 12, 7, 11], [8, 2, 9, 1]]"
12a_0638_121,"[[8, 2, 9, 1], [10, 19, 11, 20], [12, 16, 13, 15], [14, 24, 15, 23], [16, 6, 17, 5], [18, 4, 19, 3], [20, 9, 21, 10], [22, 14, 23, 13], [24, 8, 1, 7], [2, 22, 3, 21], [4, 18, 5, 17], [6, 12, 7, 11]]"
12a_0638_122,"[[6, 12, 7, 11], [8, 2, 9, 1], [10, 19, 11, 20], [12, 16, 13, 15], [14, 24, 15, 23], [16, 6, 17, 5], [18, 4, 19, 3], [20, 9, 21, 10], [22, 14, 23, 13], [24, 8, 1, 7], [2, 22, 3, 21], [4, 18, 5, 17]]"
12a_0638_123,"[[4, 18, 5, 17], [6, 12, 7, 11], [8, 2, 9, 1], [10, 19, 11, 20], [12, 16, 13, 15], [14, 24, 15, 23], [16, 6, 17, 5], [18, 4, 19, 3], [20, 9, 21, 10], [22, 14, 23, 13], [24, 8, 1, 7], [2, 22, 3, 21]]"
12a_0638_124,"[[2, 22, 3, 21], [4, 18, 5, 17], [6, 12, 7, 11], [8, 2, 9, 1], [10, 19, 11, 20], [12, 16, 13, 15], [14, 24, 15, 23], [16, 6, 17, 5], [18, 4, 19, 3], [20, 9, 21, 10], [22, 14, 23, 13], [24, 8, 1, 7]]"
12a_0638_125,"[[24, 8, 1, 7], [2, 22, 3, 21], [4, 18, 5, 17], [6, 12, 7, 11], [8, 2, 9, 1], [10, 19, 11, 20], [12, 16, 13, 15], [14, 24, 15, 23], [16, 6, 17, 5], [18, 4, 19, 3], [20, 9, 21, 10], [22, 14, 23, 13]]"
12a_0638_126,"[[22, 14, 23, 13], [24, 8, 1, 7], [2, 22, 3, 21], [4, 18, 5, 17], [6, 12, 7, 11], [8, 2, 9, 1], [10, 19, 11, 20], [12, 16, 13, 15], [14, 24, 15, 23], [16, 6, 17, 5], [18, 4, 19, 3], [20, 9, 21, 10]]"
12a_0638_127,"[[20, 9, 21, 10], [22, 14, 23, 13], [24, 8, 1, 7], [2, 22, 3, 21], [4, 18, 5, 17], [6, 12, 7, 11], [8, 2, 9, 1], [10, 19, 11, 20], [12, 16, 13, 15], [14, 24, 15, 23], [16, 6, 17, 5], [18, 4, 19, 3]]"
12a_0638_128,"[[18, 4, 19, 3], [20, 9, 21, 10], [22, 14, 23, 13], [24, 8, 1, 7], [2, 22, 3, 21], [4, 18, 5, 17], [6, 12, 7, 11], [8, 2, 9, 1], [10, 19, 11, 20], [12, 16, 13, 15], [14, 24, 15, 23], [16, 6, 17, 5]]"
12a_0638_129,"[[16, 6, 17, 5], [18, 4, 19, 3], [20, 9, 21, 10], [22, 14, 23, 13], [24, 8, 1, 7], [2, 22, 3, 21], [4, 18, 5, 17], [6, 12, 7, 11], [8, 2, 9, 1], [10, 19, 11, 20], [12, 16, 13, 15], [14, 24, 15, 23]]"
12a_0638_130,"[[14, 24, 15, 23], [16, 6, 17, 5], [18, 4, 19, 3], [20, 9, 21, 10], [22, 14, 23, 13], [24, 8, 1, 7], [2, 22, 3, 21], [4, 18, 5, 17], [6, 12, 7, 11], [8, 2, 9, 1], [10, 19, 11, 20], [12, 16, 13, 15]]"
12a_0638_131,"[[12, 16, 13, 15], [14, 24, 15, 23], [16, 6, 17, 5], [18, 4, 19, 3], [20, 9, 21, 10], [22, 14, 23, 13], [24, 8, 1, 7], [2, 22, 3, 21], [4, 18, 5, 17], [6, 12, 7, 11], [8, 2, 9, 1], [10, 19, 11, 20]]"
12a_0638_132,"[[11, 20, 12, 21], [13, 17, 14, 16], [15, 1, 16, 24], [17, 7, 18, 6], [19, 5, 20, 4], [21, 10, 22, 11], [23, 15, 24, 14], [1, 9, 2, 8], [3, 23, 4, 22], [5, 19, 6, 18], [7, 13, 8, 12], [9, 3, 10, 2]]"
12a_0638_133,"[[9, 3, 10, 2], [11, 20, 12, 21], [13, 17, 14, 16], [15, 1, 16, 24], [17, 7, 18, 6], [19, 5, 20, 4], [21, 10, 22, 11], [23, 15, 24, 14], [1, 9, 2, 8], [3, 23, 4, 22], [5, 19, 6, 18], [7, 13, 8, 12]]"
12a_0638_134,"[[7, 13, 8, 12], [9, 3, 10, 2], [11, 20, 12, 21], [13, 17, 14, 16], [15, 1, 16, 24], [17, 7, 18, 6], [19, 5, 20, 4], [21, 10, 22, 11], [23, 15, 24, 14], [1, 9, 2, 8], [3, 23, 4, 22], [5, 19, 6, 18]]"
12a_0638_135,"[[5, 19, 6, 18], [7, 13, 8, 12], [9, 3, 10, 2], [11, 20, 12, 21], [13, 17, 14, 16], [15, 1, 16, 24], [17, 7, 18, 6], [19, 5, 20, 4], [21, 10, 22, 11], [23, 15, 24, 14], [1, 9, 2, 8], [3, 23, 4, 22]]"
12a_0638_136,"[[3, 23, 4, 22], [5, 19, 6, 18], [7, 13, 8, 12], [9, 3, 10, 2], [11, 20, 12, 21], [13, 17, 14, 16], [15, 1, 16, 24], [17, 7, 18, 6], [19, 5, 20, 4], [21, 10, 22, 11], [23, 15, 24, 14], [1, 9, 2, 8]]"
12a_0638_137,"[[1, 9, 2, 8], [3, 23, 4, 22], [5, 19, 6, 18], [7, 13, 8, 12], [9, 3, 10, 2], [11, 20, 12, 21], [13, 17, 14, 16], [15, 1, 16, 24], [17, 7, 18, 6], [19, 5, 20, 4], [21, 10, 22, 11], [23, 15, 24, 14]]"
12a_0638_138,"[[23, 15, 24, 14], [1, 9, 2, 8], [3, 23, 4, 22], [5, 19, 6, 18], [7, 13, 8, 12], [9, 3, 10, 2], [11, 20, 12, 21], [13, 17, 14, 16], [15, 1, 16, 24], [17, 7, 18, 6], [19, 5, 20, 4], [21, 10, 22, 11]]"
12a_0638_139,"[[21, 10, 22, 11], [23, 15, 24, 14], [1, 9, 2, 8], [3, 23, 4, 22], [5, 19, 6, 18], [7, 13, 8, 12], [9, 3, 10, 2], [11, 20, 12, 21], [13, 17, 14, 16], [15, 1, 16, 24], [17, 7, 18, 6], [19, 5, 20, 4]]"
12a_0638_140,"[[19, 5, 20, 4], [21, 10, 22, 11], [23, 15, 24, 14], [1, 9, 2, 8], [3, 23, 4, 22], [5, 19, 6, 18], [7, 13, 8, 12], [9, 3, 10, 2], [11, 20, 12, 21], [13, 17, 14, 16], [15, 1, 16, 24], [17, 7, 18, 6]]"
12a_0638_141,"[[17, 7, 18, 6], [19, 5, 20, 4], [21, 10, 22, 11], [23, 15, 24, 14], [1, 9, 2, 8], [3, 23, 4, 22], [5, 19, 6, 18], [7, 13, 8, 12], [9, 3, 10, 2], [11, 20, 12, 21], [13, 17, 14, 16], [15, 1, 16, 24]]"
12a_0638_142,"[[15, 1, 16, 24], [17, 7, 18, 6], [19, 5, 20, 4], [21, 10, 22, 11], [23, 15, 24, 14], [1, 9, 2, 8], [3, 23, 4, 22], [5, 19, 6, 18], [7, 13, 8, 12], [9, 3, 10, 2], [11, 20, 12, 21], [13, 17, 14, 16]]"
12a_0638_143,"[[13, 17, 14, 16], [15, 1, 16, 24], [17, 7, 18, 6], [19, 5, 20, 4], [21, 10, 22, 11], [23, 15, 24, 14], [1, 9, 2, 8], [3, 23, 4, 22], [5, 19, 6, 18], [7, 13, 8, 12], [9, 3, 10, 2], [11, 20, 12, 21]]"
12a_0638_144,"[[12, 21, 13, 22], [14, 18, 15, 17], [16, 2, 17, 1], [18, 8, 19, 7], [20, 6, 21, 5], [22, 11, 23, 12], [24, 16, 1, 15], [2, 10, 3, 9], [4, 24, 5, 23], [6, 20, 7, 19], [8, 14, 9, 13], [10, 4, 11, 3]]"
12a_0638_145,"[[10, 4, 11, 3], [12, 21, 13, 22], [14, 18, 15, 17], [16, 2, 17, 1], [18, 8, 19, 7], [20, 6, 21, 5], [22, 11, 23, 12], [24, 16, 1, 15], [2, 10, 3, 9], [4, 24, 5, 23], [6, 20, 7, 19], [8, 14, 9, 13]]"
12a_0638_146,"[[8, 14, 9, 13], [10, 4, 11, 3], [12, 21, 13, 22], [14, 18, 15, 17], [16, 2, 17, 1], [18, 8, 19, 7], [20, 6, 21, 5], [22, 11, 23, 12], [24, 16, 1, 15], [2, 10, 3, 9], [4, 24, 5, 23], [6, 20, 7, 19]]"
12a_0638_147,"[[6, 20, 7, 19], [8, 14, 9, 13], [10, 4, 11, 3], [12, 21, 13, 22], [14, 18, 15, 17], [16, 2, 17, 1], [18, 8, 19, 7], [20, 6, 21, 5], [22, 11, 23, 12], [24, 16, 1, 15], [2, 10, 3, 9], [4, 24, 5, 23]]"
12a_0638_148,"[[4, 24, 5, 23], [6, 20, 7, 19], [8, 14, 9, 13], [10, 4, 11, 3], [12, 21, 13, 22], [14, 18, 15, 17], [16, 2, 17, 1], [18, 8, 19, 7], [20, 6, 21, 5], [22, 11, 23, 12], [24, 16, 1, 15], [2, 10, 3, 9]]"
12a_0638_149,"[[2, 10, 3, 9], [4, 24, 5, 23], [6, 20, 7, 19], [8, 14, 9, 13], [10, 4, 11, 3], [12, 21, 13, 22], [14, 18, 15, 17], [16, 2, 17, 1], [18, 8, 19, 7], [20, 6, 21, 5], [22, 11, 23, 12], [24, 16, 1, 15]]"
12a_0638_150,"[[24, 16, 1, 15], [2, 10, 3, 9], [4, 24, 5, 23], [6, 20, 7, 19], [8, 14, 9, 13], [10, 4, 11, 3], [12, 21, 13, 22], [14, 18, 15, 17], [16, 2, 17, 1], [18, 8, 19, 7], [20, 6, 21, 5], [22, 11, 23, 12]]"
12a_0638_151,"[[22, 11, 23, 12], [24, 16, 1, 15], [2, 10, 3, 9], [4, 24, 5, 23], [6, 20, 7, 19], [8, 14, 9, 13], [10, 4, 11, 3], [12, 21, 13, 22], [14, 18, 15, 17], [16, 2, 17, 1], [18, 8, 19, 7], [20, 6, 21, 5]]"
12a_0638_152,"[[20, 6, 21, 5], [22, 11, 23, 12], [24, 16, 1, 15], [2, 10, 3, 9], [4, 24, 5, 23], [6, 20, 7, 19], [8, 14, 9, 13], [10, 4, 11, 3], [12, 21, 13, 22], [14, 18, 15, 17], [16, 2, 17, 1], [18, 8, 19, 7]]"
12a_0638_153,"[[18, 8, 19, 7], [20, 6, 21, 5], [22, 11, 23, 12], [24, 16, 1, 15], [2, 10, 3, 9], [4, 24, 5, 23], [6, 20, 7, 19], [8, 14, 9, 13], [10, 4, 11, 3], [12, 21, 13, 22], [14, 18, 15, 17], [16, 2, 17, 1]]"
12a_0638_154,"[[16, 2, 17, 1], [18, 8, 19, 7], [20, 6, 21, 5], [22, 11, 23, 12], [24, 16, 1, 15], [2, 10, 3, 9], [4, 24, 5, 23], [6, 20, 7, 19], [8, 14, 9, 13], [10, 4, 11, 3], [12, 21, 13, 22], [14, 18, 15, 17]]"
12a_0638_155,"[[14, 18, 15, 17], [16, 2, 17, 1], [18, 8, 19, 7], [20, 6, 21, 5], [22, 11, 23, 12], [24, 16, 1, 15], [2, 10, 3, 9], [4, 24, 5, 23], [6, 20, 7, 19], [8, 14, 9, 13], [10, 4, 11, 3], [12, 21, 13, 22]]"
12a_0638_156,"[[13, 22, 14, 23], [15, 19, 16, 18], [17, 3, 18, 2], [19, 9, 20, 8], [21, 7, 22, 6], [23, 12, 24, 13], [1, 17, 2, 16], [3, 11, 4, 10], [5, 1, 6, 24], [7, 21, 8, 20], [9, 15, 10, 14], [11, 5, 12, 4]]"
12a_0638_157,"[[11, 5, 12, 4], [13, 22, 14, 23], [15, 19, 16, 18], [17, 3, 18, 2], [19, 9, 20, 8], [21, 7, 22, 6], [23, 12, 24, 13], [1, 17, 2, 16], [3, 11, 4, 10], [5, 1, 6, 24], [7, 21, 8, 20], [9, 15, 10, 14]]"
12a_0638_158,"[[9, 15, 10, 14], [11, 5, 12, 4], [13, 22, 14, 23], [15, 19, 16, 18], [17, 3, 18, 2], [19, 9, 20, 8], [21, 7, 22, 6], [23, 12, 24, 13], [1, 17, 2, 16], [3, 11, 4, 10], [5, 1, 6, 24], [7, 21, 8, 20]]"
12a_0638_159,"[[7, 21, 8, 20], [9, 15, 10, 14], [11, 5, 12, 4], [13, 22, 14, 23], [15, 19, 16, 18], [17, 3, 18, 2], [19, 9, 20, 8], [21, 7, 22, 6], [23, 12, 24, 13], [1, 17, 2, 16], [3, 11, 4, 10], [5, 1, 6, 24]]"
12a_0638_160,"[[5, 1, 6, 24], [7, 21, 8, 20], [9, 15, 10, 14], [11, 5, 12, 4], [13, 22, 14, 23], [15, 19, 16, 18], [17, 3, 18, 2], [19, 9, 20, 8], [21, 7, 22, 6], [23, 12, 24, 13], [1, 17, 2, 16], [3, 11, 4, 10]]"
12a_0638_161,"[[3, 11, 4, 10], [5, 1, 6, 24], [7, 21, 8, 20], [9, 15, 10, 14], [11, 5, 12, 4], [13, 22, 14, 23], [15, 19, 16, 18], [17, 3, 18, 2], [19, 9, 20, 8], [21, 7, 22, 6], [23, 12, 24, 13], [1, 17, 2, 16]]"
12a_0638_162,"[[1, 17, 2, 16], [3, 11, 4, 10], [5, 1, 6, 24], [7, 21, 8, 20], [9, 15, 10, 14], [11, 5, 12, 4], [13, 22, 14, 23], [15, 19, 16, 18], [17, 3, 18, 2], [19, 9, 20, 8], [21, 7, 22, 6], [23, 12, 24, 13]]"
12a_0638_163,"[[23, 12, 24, 13], [1, 17, 2, 16], [3, 11, 4, 10], [5, 1, 6, 24], [7, 21, 8, 20], [9, 15, 10, 14], [11, 5, 12, 4], [13, 22, 14, 23], [15, 19, 16, 18], [17, 3, 18, 2], [19, 9, 20, 8], [21, 7, 22, 6]]"
12a_0638_164,"[[21, 7, 22, 6], [23, 12, 24, 13], [1, 17, 2, 16], [3, 11, 4, 10], [5, 1, 6, 24], [7, 21, 8, 20], [9, 15, 10, 14], [11, 5, 12, 4], [13, 22, 14, 23], [15, 19, 16, 18], [17, 3, 18, 2], [19, 9, 20, 8]]"
12a_0638_165,"[[19, 9, 20, 8], [21, 7, 22, 6], [23, 12, 24, 13], [1, 17, 2, 16], [3, 11, 4, 10], [5, 1, 6, 24], [7, 21, 8, 20], [9, 15, 10, 14], [11, 5, 12, 4], [13, 22, 14, 23], [15, 19, 16, 18], [17, 3, 18, 2]]"
12a_0638_166,"[[17, 3, 18, 2], [19, 9, 20, 8], [21, 7, 22, 6], [23, 12, 24, 13], [1, 17, 2, 16], [3, 11, 4, 10], [5, 1, 6, 24], [7, 21, 8, 20], [9, 15, 10, 14], [11, 5, 12, 4], [13, 22, 14, 23], [15, 19, 16, 18]]"
12a_0638_167,"[[15, 19, 16, 18], [17, 3, 18, 2], [19, 9, 20, 8], [21, 7, 22, 6], [23, 12, 24, 13], [1, 17, 2, 16], [3, 11, 4, 10], [5, 1, 6, 24], [7, 21, 8, 20], [9, 15, 10, 14], [11, 5, 12, 4], [13, 22, 14, 23]]"
12a_0638_168,"[[14, 23, 15, 24], [16, 20, 17, 19], [18, 4, 19, 3], [20, 10, 21, 9], [22, 8, 23, 7], [24, 13, 1, 14], [2, 18, 3, 17], [4, 12, 5, 11], [6, 2, 7, 1], [8, 22, 9, 21], [10, 16, 11, 15], [12, 6, 13, 5]]"
12a_0638_169,"[[12, 6, 13, 5], [14, 23, 15, 24], [16, 20, 17, 19], [18, 4, 19, 3], [20, 10, 21, 9], [22, 8, 23, 7], [24, 13, 1, 14], [2, 18, 3, 17], [4, 12, 5, 11], [6, 2, 7, 1], [8, 22, 9, 21], [10, 16, 11, 15]]"
12a_0638_170,"[[10, 16, 11, 15], [12, 6, 13, 5], [14, 23, 15, 24], [16, 20, 17, 19], [18, 4, 19, 3], [20, 10, 21, 9], [22, 8, 23, 7], [24, 13, 1, 14], [2, 18, 3, 17], [4, 12, 5, 11], [6, 2, 7, 1], [8, 22, 9, 21]]"
12a_0638_171,"[[8, 22, 9, 21], [10, 16, 11, 15], [12, 6, 13, 5], [14, 23, 15, 24], [16, 20, 17, 19], [18, 4, 19, 3], [20, 10, 21, 9], [22, 8, 23, 7], [24, 13, 1, 14], [2, 18, 3, 17], [4, 12, 5, 11], [6, 2, 7, 1]]"
12a_0638_172,"[[6, 2, 7, 1], [8, 22, 9, 21], [10, 16, 11, 15], [12, 6, 13, 5], [14, 23, 15, 24], [16, 20, 17, 19], [18, 4, 19, 3], [20, 10, 21, 9], [22, 8, 23, 7], [24, 13, 1, 14], [2, 18, 3, 17], [4, 12, 5, 11]]"
12a_0638_173,"[[4, 12, 5, 11], [6, 2, 7, 1], [8, 22, 9, 21], [10, 16, 11, 15], [12, 6, 13, 5], [14, 23, 15, 24], [16, 20, 17, 19], [18, 4, 19, 3], [20, 10, 21, 9], [22, 8, 23, 7], [24, 13, 1, 14], [2, 18, 3, 17]]"
12a_0638_174,"[[2, 18, 3, 17], [4, 12, 5, 11], [6, 2, 7, 1], [8, 22, 9, 21], [10, 16, 11, 15], [12, 6, 13, 5], [14, 23, 15, 24], [16, 20, 17, 19], [18, 4, 19, 3], [20, 10, 21, 9], [22, 8, 23, 7], [24, 13, 1, 14]]"
12a_0638_175,"[[24, 13, 1, 14], [2, 18, 3, 17], [4, 12, 5, 11], [6, 2, 7, 1], [8, 22, 9, 21], [10, 16, 11, 15], [12, 6, 13, 5], [14, 23, 15, 24], [16, 20, 17, 19], [18, 4, 19, 3], [20, 10, 21, 9], [22, 8, 23, 7]]"
12a_0638_176,"[[22, 8, 23, 7], [24, 13, 1, 14], [2, 18, 3, 17], [4, 12, 5, 11], [6, 2, 7, 1], [8, 22, 9, 21], [10, 16, 11, 15], [12, 6, 13, 5], [14, 23, 15, 24], [16, 20, 17, 19], [18, 4, 19, 3], [20, 10, 21, 9]]"
12a_0638_177,"[[20, 10, 21, 9], [22, 8, 23, 7], [24, 13, 1, 14], [2, 18, 3, 17], [4, 12, 5, 11], [6, 2, 7, 1], [8, 22, 9, 21], [10, 16, 11, 15], [12, 6, 13, 5], [14, 23, 15, 24], [16, 20, 17, 19], [18, 4, 19, 3]]"
12a_0638_178,"[[18, 4, 19, 3], [20, 10, 21, 9], [22, 8, 23, 7], [24, 13, 1, 14], [2, 18, 3, 17], [4, 12, 5, 11], [6, 2, 7, 1], [8, 22, 9, 21], [10, 16, 11, 15], [12, 6, 13, 5], [14, 23, 15, 24], [16, 20, 17, 19]]"
12a_0638_179,"[[16, 20, 17, 19], [18, 4, 19, 3], [20, 10, 21, 9], [22, 8, 23, 7], [24, 13, 1, 14], [2, 18, 3, 17], [4, 12, 5, 11], [6, 2, 7, 1], [8, 22, 9, 21], [10, 16, 11, 15], [12, 6, 13, 5], [14, 23, 15, 24]]"
12a_0638_180,"[[15, 24, 16, 1], [17, 21, 18, 20], [19, 5, 20, 4], [21, 11, 22, 10], [23, 9, 24, 8], [1, 14, 2, 15], [3, 19, 4, 18], [5, 13, 6, 12], [7, 3, 8, 2], [9, 23, 10, 22], [11, 17, 12, 16], [13, 7, 14, 6]]"
12a_0638_181,"[[13, 7, 14, 6], [15, 24, 16, 1], [17, 21, 18, 20], [19, 5, 20, 4], [21, 11, 22, 10], [23, 9, 24, 8], [1, 14, 2, 15], [3, 19, 4, 18], [5, 13, 6, 12], [7, 3, 8, 2], [9, 23, 10, 22], [11, 17, 12, 16]]"
12a_0638_182,"[[11, 17, 12, 16], [13, 7, 14, 6], [15, 24, 16, 1], [17, 21, 18, 20], [19, 5, 20, 4], [21, 11, 22, 10], [23, 9, 24, 8], [1, 14, 2, 15], [3, 19, 4, 18], [5, 13, 6, 12], [7, 3, 8, 2], [9, 23, 10, 22]]"
12a_0638_183,"[[9, 23, 10, 22], [11, 17, 12, 16], [13, 7, 14, 6], [15, 24, 16, 1], [17, 21, 18, 20], [19, 5, 20, 4], [21, 11, 22, 10], [23, 9, 24, 8], [1, 14, 2, 15], [3, 19, 4, 18], [5, 13, 6, 12], [7, 3, 8, 2]]"
12a_0638_184,"[[7, 3, 8, 2], [9, 23, 10, 22], [11, 17, 12, 16], [13, 7, 14, 6], [15, 24, 16, 1], [17, 21, 18, 20], [19, 5, 20, 4], [21, 11, 22, 10], [23, 9, 24, 8], [1, 14, 2, 15], [3, 19, 4, 18], [5, 13, 6, 12]]"
12a_0638_185,"[[5, 13, 6, 12], [7, 3, 8, 2], [9, 23, 10, 22], [11, 17, 12, 16], [13, 7, 14, 6], [15, 24, 16, 1], [17, 21, 18, 20], [19, 5, 20, 4], [21, 11, 22, 10], [23, 9, 24, 8], [1, 14, 2, 15], [3, 19, 4, 18]]"
