name,pd_notation
12a_0566_0,"[[24, 9, 1, 10], [2, 6, 3, 5], [4, 13, 5, 14], [6, 17, 7, 18], [8, 16, 9, 15], [10, 23, 11, 24], [12, 21, 13, 22], [14, 3, 15, 4], [16, 19, 17, 20], [18, 7, 19, 8], [20, 2, 21, 1], [22, 11, 23, 12]]"
12a_0566_1,"[[22, 11, 23, 12], [24, 9, 1, 10], [2, 6, 3, 5], [4, 13, 5, 14], [6, 17, 7, 18], [8, 16, 9, 15], [10, 23, 11, 24], [12, 21, 13, 22], [14, 3, 15, 4], [16, 19, 17, 20], [18, 7, 19, 8], [20, 2, 21, 1]]"
12a_0566_2,"[[20, 2, 21, 1], [22, 11, 23, 12], [24, 9, 1, 10], [2, 6, 3, 5], [4, 13, 5, 14], [6, 17, 7, 18], [8, 16, 9, 15], [10, 23, 11, 24], [12, 21, 13, 22], [14, 3, 15, 4], [16, 19, 17, 20], [18, 7, 19, 8]]"
12a_0566_3,"[[18, 7, 19, 8], [20, 2, 21, 1], [22, 11, 23, 12], [24, 9, 1, 10], [2, 6, 3, 5], [4, 13, 5, 14], [6, 17, 7, 18], [8, 16, 9, 15], [10, 23, 11, 24], [12, 21, 13, 22], [14, 3, 15, 4], [16, 19, 17, 20]]"
12a_0566_4,"[[16, 19, 17, 20], [18, 7, 19, 8], [20, 2, 21, 1], [22, 11, 23, 12], [24, 9, 1, 10], [2, 6, 3, 5], [4, 13, 5, 14], [6, 17, 7, 18], [8, 16, 9, 15], [10, 23, 11, 24], [12, 21, 13, 22], [14, 3, 15, 4]]"
12a_0566_5,"[[14, 3, 15, 4], [16, 19, 17, 20], [18, 7, 19, 8], [20, 2, 21, 1], [22, 11, 23, 12], [24, 9, 1, 10], [2, 6, 3, 5], [4, 13, 5, 14], [6, 17, 7, 18], [8, 16, 9, 15], [10, 23, 11, 24], [12, 21, 13, 22]]"
12a_0566_6,"[[12, 21, 13, 22], [14, 3, 15, 4], [16, 19, 17, 20], [18, 7, 19, 8], [20, 2, 21, 1], [22, 11, 23, 12], [24, 9, 1, 10], [2, 6, 3, 5], [4, 13, 5, 14], [6, 17, 7, 18], [8, 16, 9, 15], [10, 23, 11, 24]]"
12a_0566_7,"[[10, 23, 11, 24], [12, 21, 13, 22], [14, 3, 15, 4], [16, 19, 17, 20], [18, 7, 19, 8], [20, 2, 21, 1], [22, 11, 23, 12], [24, 9, 1, 10], [2, 6, 3, 5], [4, 13, 5, 14], [6, 17, 7, 18], [8, 16, 9, 15]]"
12a_0566_8,"[[8, 16, 9, 15], [10, 23, 11, 24], [12, 21, 13, 22], [14, 3, 15, 4], [16, 19, 17, 20], [18, 7, 19, 8], [20, 2, 21, 1], [22, 11, 23, 12], [24, 9, 1, 10], [2, 6, 3, 5], [4, 13, 5, 14], [6, 17, 7, 18]]"
12a_0566_9,"[[6, 17, 7, 18], [8, 16, 9, 15], [10, 23, 11, 24], [12, 21, 13, 22], [14, 3, 15, 4], [16, 19, 17, 20], [18, 7, 19, 8], [20, 2, 21, 1], [22, 11, 23, 12], [24, 9, 1, 10], [2, 6, 3, 5], [4, 13, 5, 14]]"
12a_0566_10,"[[4, 13, 5, 14], [6, 17, 7, 18], [8, 16, 9, 15], [10, 23, 11, 24], [12, 21, 13, 22], [14, 3, 15, 4], [16, 19, 17, 20], [18, 7, 19, 8], [20, 2, 21, 1], [22, 11, 23, 12], [24, 9, 1, 10], [2, 6, 3, 5]]"
12a_0566_11,"[[2, 6, 3, 5], [4, 13, 5, 14], [6, 17, 7, 18], [8, 16, 9, 15], [10, 23, 11, 24], [12, 21, 13, 22], [14, 3, 15, 4], [16, 19, 17, 20], [18, 7, 19, 8], [20, 2, 21, 1], [22, 11, 23, 12], [24, 9, 1, 10]]"
12a_0566_12,"[[1, 10, 2, 11], [3, 7, 4, 6], [5, 14, 6, 15], [7, 18, 8, 19], [9, 17, 10, 16], [11, 24, 12, 1], [13, 22, 14, 23], [15, 4, 16, 5], [17, 20, 18, 21], [19, 8, 20, 9], [21, 3, 22, 2], [23, 12, 24, 13]]"
12a_0566_13,"[[23, 12, 24, 13], [1, 10, 2, 11], [3, 7, 4, 6], [5, 14, 6, 15], [7, 18, 8, 19], [9, 17, 10, 16], [11, 24, 12, 1], [13, 22, 14, 23], [15, 4, 16, 5], [17, 20, 18, 21], [19, 8, 20, 9], [21, 3, 22, 2]]"
12a_0566_14,"[[21, 3, 22, 2], [23, 12, 24, 13], [1, 10, 2, 11], [3, 7, 4, 6], [5, 14, 6, 15], [7, 18, 8, 19], [9, 17, 10, 16], [11, 24, 12, 1], [13, 22, 14, 23], [15, 4, 16, 5], [17, 20, 18, 21], [19, 8, 20, 9]]"
12a_0566_15,"[[19, 8, 20, 9], [21, 3, 22, 2], [23, 12, 24, 13], [1, 10, 2, 11], [3, 7, 4, 6], [5, 14, 6, 15], [7, 18, 8, 19], [9, 17, 10, 16], [11, 24, 12, 1], [13, 22, 14, 23], [15, 4, 16, 5], [17, 20, 18, 21]]"
12a_0566_16,"[[17, 20, 18, 21], [19, 8, 20, 9], [21, 3, 22, 2], [23, 12, 24, 13], [1, 10, 2, 11], [3, 7, 4, 6], [5, 14, 6, 15], [7, 18, 8, 19], [9, 17, 10, 16], [11, 24, 12, 1], [13, 22, 14, 23], [15, 4, 16, 5]]"
12a_0566_17,"[[15, 4, 16, 5], [17, 20, 18, 21], [19, 8, 20, 9], [21, 3, 22, 2], [23, 12, 24, 13], [1, 10, 2, 11], [3, 7, 4, 6], [5, 14, 6, 15], [7, 18, 8, 19], [9, 17, 10, 16], [11, 24, 12, 1], [13, 22, 14, 23]]"
12a_0566_18,"[[13, 22, 14, 23], [15, 4, 16, 5], [17, 20, 18, 21], [19, 8, 20, 9], [21, 3, 22, 2], [23, 12, 24, 13], [1, 10, 2, 11], [3, 7, 4, 6], [5, 14, 6, 15], [7, 18, 8, 19], [9, 17, 10, 16], [11, 24, 12, 1]]"
12a_0566_19,"[[11, 24, 12, 1], [13, 22, 14, 23], [15, 4, 16, 5], [17, 20, 18, 21], [19, 8, 20, 9], [21, 3, 22, 2], [23, 12, 24, 13], [1, 10, 2, 11], [3, 7, 4, 6], [5, 14, 6, 15], [7, 18, 8, 19], [9, 17, 10, 16]]"
12a_0566_20,"[[9, 17, 10, 16], [11, 24, 12, 1], [13, 22, 14, 23], [15, 4, 16, 5], [17, 20, 18, 21], [19, 8, 20, 9], [21, 3, 22, 2], [23, 12, 24, 13], [1, 10, 2, 11], [3, 7, 4, 6], [5, 14, 6, 15], [7, 18, 8, 19]]"
12a_0566_21,"[[7, 18, 8, 19], [9, 17, 10, 16], [11, 24, 12, 1], [13, 22, 14, 23], [15, 4, 16, 5], [17, 20, 18, 21], [19, 8, 20, 9], [21, 3, 22, 2], [23, 12, 24, 13], [1, 10, 2, 11], [3, 7, 4, 6], [5, 14, 6, 15]]"
12a_0566_22,"[[5, 14, 6, 15], [7, 18, 8, 19], [9, 17, 10, 16], [11, 24, 12, 1], [13, 22, 14, 23], [15, 4, 16, 5], [17, 20, 18, 21], [19, 8, 20, 9], [21, 3, 22, 2], [23, 12, 24, 13], [1, 10, 2, 11], [3, 7, 4, 6]]"
12a_0566_23,"[[3, 7, 4, 6], [5, 14, 6, 15], [7, 18, 8, 19], [9, 17, 10, 16], [11, 24, 12, 1], [13, 22, 14, 23], [15, 4, 16, 5], [17, 20, 18, 21], [19, 8, 20, 9], [21, 3, 22, 2], [23, 12, 24, 13], [1, 10, 2, 11]]"
12a_0566_24,"[[2, 11, 3, 12], [4, 8, 5, 7], [6, 15, 7, 16], [8, 19, 9, 20], [10, 18, 11, 17], [12, 1, 13, 2], [14, 23, 15, 24], [16, 5, 17, 6], [18, 21, 19, 22], [20, 9, 21, 10], [22, 4, 23, 3], [24, 13, 1, 14]]"
12a_0566_25,"[[24, 13, 1, 14], [2, 11, 3, 12], [4, 8, 5, 7], [6, 15, 7, 16], [8, 19, 9, 20], [10, 18, 11, 17], [12, 1, 13, 2], [14, 23, 15, 24], [16, 5, 17, 6], [18, 21, 19, 22], [20, 9, 21, 10], [22, 4, 23, 3]]"
12a_0566_26,"[[22, 4, 23, 3], [24, 13, 1, 14], [2, 11, 3, 12], [4, 8, 5, 7], [6, 15, 7, 16], [8, 19, 9, 20], [10, 18, 11, 17], [12, 1, 13, 2], [14, 23, 15, 24], [16, 5, 17, 6], [18, 21, 19, 22], [20, 9, 21, 10]]"
12a_0566_27,"[[20, 9, 21, 10], [22, 4, 23, 3], [24, 13, 1, 14], [2, 11, 3, 12], [4, 8, 5, 7], [6, 15, 7, 16], [8, 19, 9, 20], [10, 18, 11, 17], [12, 1, 13, 2], [14, 23, 15, 24], [16, 5, 17, 6], [18, 21, 19, 22]]"
12a_0566_28,"[[18, 21, 19, 22], [20, 9, 21, 10], [22, 4, 23, 3], [24, 13, 1, 14], [2, 11, 3, 12], [4, 8, 5, 7], [6, 15, 7, 16], [8, 19, 9, 20], [10, 18, 11, 17], [12, 1, 13, 2], [14, 23, 15, 24], [16, 5, 17, 6]]"
12a_0566_29,"[[16, 5, 17, 6], [18, 21, 19, 22], [20, 9, 21, 10], [22, 4, 23, 3], [24, 13, 1, 14], [2, 11, 3, 12], [4, 8, 5, 7], [6, 15, 7, 16], [8, 19, 9, 20], [10, 18, 11, 17], [12, 1, 13, 2], [14, 23, 15, 24]]"
12a_0566_30,"[[14, 23, 15, 24], [16, 5, 17, 6], [18, 21, 19, 22], [20, 9, 21, 10], [22, 4, 23, 3], [24, 13, 1, 14], [2, 11, 3, 12], [4, 8, 5, 7], [6, 15, 7, 16], [8, 19, 9, 20], [10, 18, 11, 17], [12, 1, 13, 2]]"
12a_0566_31,"[[12, 1, 13, 2], [14, 23, 15, 24], [16, 5, 17, 6], [18, 21, 19, 22], [20, 9, 21, 10], [22, 4, 23, 3], [24, 13, 1, 14], [2, 11, 3, 12], [4, 8, 5, 7], [6, 15, 7, 16], [8, 19, 9, 20], [10, 18, 11, 17]]"
12a_0566_32,"[[10, 18, 11, 17], [12, 1, 13, 2], [14, 23, 15, 24], [16, 5, 17, 6], [18, 21, 19, 22], [20, 9, 21, 10], [22, 4, 23, 3], [24, 13, 1, 14], [2, 11, 3, 12], [4, 8, 5, 7], [6, 15, 7, 16], [8, 19, 9, 20]]"
12a_0566_33,"[[8, 19, 9, 20], [10, 18, 11, 17], [12, 1, 13, 2], [14, 23, 15, 24], [16, 5, 17, 6], [18, 21, 19, 22], [20, 9, 21, 10], [22, 4, 23, 3], [24, 13, 1, 14], [2, 11, 3, 12], [4, 8, 5, 7], [6, 15, 7, 16]]"
12a_0566_34,"[[6, 15, 7, 16], [8, 19, 9, 20], [10, 18, 11, 17], [12, 1, 13, 2], [14, 23, 15, 24], [16, 5, 17, 6], [18, 21, 19, 22], [20, 9, 21, 10], [22, 4, 23, 3], [24, 13, 1, 14], [2, 11, 3, 12], [4, 8, 5, 7]]"
12a_0566_35,"[[4, 8, 5, 7], [6, 15, 7, 16], [8, 19, 9, 20], [10, 18, 11, 17], [12, 1, 13, 2], [14, 23, 15, 24], [16, 5, 17, 6], [18, 21, 19, 22], [20, 9, 21, 10], [22, 4, 23, 3], [24, 13, 1, 14], [2, 11, 3, 12]]"
12a_0566_36,"[[3, 12, 4, 13], [5, 9, 6, 8], [7, 16, 8, 17], [9, 20, 10, 21], [11, 19, 12, 18], [13, 2, 14, 3], [15, 24, 16, 1], [17, 6, 18, 7], [19, 22, 20, 23], [21, 10, 22, 11], [23, 5, 24, 4], [1, 14, 2, 15]]"
12a_0566_37,"[[1, 14, 2, 15], [3, 12, 4, 13], [5, 9, 6, 8], [7, 16, 8, 17], [9, 20, 10, 21], [11, 19, 12, 18], [13, 2, 14, 3], [15, 24, 16, 1], [17, 6, 18, 7], [19, 22, 20, 23], [21, 10, 22, 11], [23, 5, 24, 4]]"
12a_0566_38,"[[23, 5, 24, 4], [1, 14, 2, 15], [3, 12, 4, 13], [5, 9, 6, 8], [7, 16, 8, 17], [9, 20, 10, 21], [11, 19, 12, 18], [13, 2, 14, 3], [15, 24, 16, 1], [17, 6, 18, 7], [19, 22, 20, 23], [21, 10, 22, 11]]"
12a_0566_39,"[[21, 10, 22, 11], [23, 5, 24, 4], [1, 14, 2, 15], [3, 12, 4, 13], [5, 9, 6, 8], [7, 16, 8, 17], [9, 20, 10, 21], [11, 19, 12, 18], [13, 2, 14, 3], [15, 24, 16, 1], [17, 6, 18, 7], [19, 22, 20, 23]]"
12a_0566_40,"[[19, 22, 20, 23], [21, 10, 22, 11], [23, 5, 24, 4], [1, 14, 2, 15], [3, 12, 4, 13], [5, 9, 6, 8], [7, 16, 8, 17], [9, 20, 10, 21], [11, 19, 12, 18], [13, 2, 14, 3], [15, 24, 16, 1], [17, 6, 18, 7]]"
12a_0566_41,"[[17, 6, 18, 7], [19, 22, 20, 23], [21, 10, 22, 11], [23, 5, 24, 4], [1, 14, 2, 15], [3, 12, 4, 13], [5, 9, 6, 8], [7, 16, 8, 17], [9, 20, 10, 21], [11, 19, 12, 18], [13, 2, 14, 3], [15, 24, 16, 1]]"
12a_0566_42,"[[15, 24, 16, 1], [17, 6, 18, 7], [19, 22, 20, 23], [21, 10, 22, 11], [23, 5, 24, 4], [1, 14, 2, 15], [3, 12, 4, 13], [5, 9, 6, 8], [7, 16, 8, 17], [9, 20, 10, 21], [11, 19, 12, 18], [13, 2, 14, 3]]"
12a_0566_43,"[[13, 2, 14, 3], [15, 24, 16, 1], [17, 6, 18, 7], [19, 22, 20, 23], [21, 10, 22, 11], [23, 5, 24, 4], [1, 14, 2, 15], [3, 12, 4, 13], [5, 9, 6, 8], [7, 16, 8, 17], [9, 20, 10, 21], [11, 19, 12, 18]]"
12a_0566_44,"[[11, 19, 12, 18], [13, 2, 14, 3], [15, 24, 16, 1], [17, 6, 18, 7], [19, 22, 20, 23], [21, 10, 22, 11], [23, 5, 24, 4], [1, 14, 2, 15], [3, 12, 4, 13], [5, 9, 6, 8], [7, 16, 8, 17], [9, 20, 10, 21]]"
12a_0566_45,"[[9, 20, 10, 21], [11, 19, 12, 18], [13, 2, 14, 3], [15, 24, 16, 1], [17, 6, 18, 7], [19, 22, 20, 23], [21, 10, 22, 11], [23, 5, 24, 4], [1, 14, 2, 15], [3, 12, 4, 13], [5, 9, 6, 8], [7, 16, 8, 17]]"
12a_0566_46,"[[7, 16, 8, 17], [9, 20, 10, 21], [11, 19, 12, 18], [13, 2, 14, 3], [15, 24, 16, 1], [17, 6, 18, 7], [19, 22, 20, 23], [21, 10, 22, 11], [23, 5, 24, 4], [1, 14, 2, 15], [3, 12, 4, 13], [5, 9, 6, 8]]"
12a_0566_47,"[[5, 9, 6, 8], [7, 16, 8, 17], [9, 20, 10, 21], [11, 19, 12, 18], [13, 2, 14, 3], [15, 24, 16, 1], [17, 6, 18, 7], [19, 22, 20, 23], [21, 10, 22, 11], [23, 5, 24, 4], [1, 14, 2, 15], [3, 12, 4, 13]]"
12a_0566_48,"[[4, 13, 5, 14], [6, 10, 7, 9], [8, 17, 9, 18], [10, 21, 11, 22], [12, 20, 13, 19], [14, 3, 15, 4], [16, 1, 17, 2], [18, 7, 19, 8], [20, 23, 21, 24], [22, 11, 23, 12], [24, 6, 1, 5], [2, 15, 3, 16]]"
12a_0566_49,"[[2, 15, 3, 16], [4, 13, 5, 14], [6, 10, 7, 9], [8, 17, 9, 18], [10, 21, 11, 22], [12, 20, 13, 19], [14, 3, 15, 4], [16, 1, 17, 2], [18, 7, 19, 8], [20, 23, 21, 24], [22, 11, 23, 12], [24, 6, 1, 5]]"
12a_0566_50,"[[24, 6, 1, 5], [2, 15, 3, 16], [4, 13, 5, 14], [6, 10, 7, 9], [8, 17, 9, 18], [10, 21, 11, 22], [12, 20, 13, 19], [14, 3, 15, 4], [16, 1, 17, 2], [18, 7, 19, 8], [20, 23, 21, 24], [22, 11, 23, 12]]"
12a_0566_51,"[[22, 11, 23, 12], [24, 6, 1, 5], [2, 15, 3, 16], [4, 13, 5, 14], [6, 10, 7, 9], [8, 17, 9, 18], [10, 21, 11, 22], [12, 20, 13, 19], [14, 3, 15, 4], [16, 1, 17, 2], [18, 7, 19, 8], [20, 23, 21, 24]]"
12a_0566_52,"[[20, 23, 21, 24], [22, 11, 23, 12], [24, 6, 1, 5], [2, 15, 3, 16], [4, 13, 5, 14], [6, 10, 7, 9], [8, 17, 9, 18], [10, 21, 11, 22], [12, 20, 13, 19], [14, 3, 15, 4], [16, 1, 17, 2], [18, 7, 19, 8]]"
12a_0566_53,"[[18, 7, 19, 8], [20, 23, 21, 24], [22, 11, 23, 12], [24, 6, 1, 5], [2, 15, 3, 16], [4, 13, 5, 14], [6, 10, 7, 9], [8, 17, 9, 18], [10, 21, 11, 22], [12, 20, 13, 19], [14, 3, 15, 4], [16, 1, 17, 2]]"
12a_0566_54,"[[16, 1, 17, 2], [18, 7, 19, 8], [20, 23, 21, 24], [22, 11, 23, 12], [24, 6, 1, 5], [2, 15, 3, 16], [4, 13, 5, 14], [6, 10, 7, 9], [8, 17, 9, 18], [10, 21, 11, 22], [12, 20, 13, 19], [14, 3, 15, 4]]"
12a_0566_55,"[[14, 3, 15, 4], [16, 1, 17, 2], [18, 7, 19, 8], [20, 23, 21, 24], [22, 11, 23, 12], [24, 6, 1, 5], [2, 15, 3, 16], [4, 13, 5, 14], [6, 10, 7, 9], [8, 17, 9, 18], [10, 21, 11, 22], [12, 20, 13, 19]]"
12a_0566_56,"[[12, 20, 13, 19], [14, 3, 15, 4], [16, 1, 17, 2], [18, 7, 19, 8], [20, 23, 21, 24], [22, 11, 23, 12], [24, 6, 1, 5], [2, 15, 3, 16], [4, 13, 5, 14], [6, 10, 7, 9], [8, 17, 9, 18], [10, 21, 11, 22]]"
12a_0566_57,"[[10, 21, 11, 22], [12, 20, 13, 19], [14, 3, 15, 4], [16, 1, 17, 2], [18, 7, 19, 8], [20, 23, 21, 24], [22, 11, 23, 12], [24, 6, 1, 5], [2, 15, 3, 16], [4, 13, 5, 14], [6, 10, 7, 9], [8, 17, 9, 18]]"
12a_0566_58,"[[8, 17, 9, 18], [10, 21, 11, 22], [12, 20, 13, 19], [14, 3, 15, 4], [16, 1, 17, 2], [18, 7, 19, 8], [20, 23, 21, 24], [22, 11, 23, 12], [24, 6, 1, 5], [2, 15, 3, 16], [4, 13, 5, 14], [6, 10, 7, 9]]"
12a_0566_59,"[[6, 10, 7, 9], [8, 17, 9, 18], [10, 21, 11, 22], [12, 20, 13, 19], [14, 3, 15, 4], [16, 1, 17, 2], [18, 7, 19, 8], [20, 23, 21, 24], [22, 11, 23, 12], [24, 6, 1, 5], [2, 15, 3, 16], [4, 13, 5, 14]]"
12a_0566_60,"[[5, 14, 6, 15], [7, 11, 8, 10], [9, 18, 10, 19], [11, 22, 12, 23], [13, 21, 14, 20], [15, 4, 16, 5], [17, 2, 18, 3], [19, 8, 20, 9], [21, 24, 22, 1], [23, 12, 24, 13], [1, 7, 2, 6], [3, 16, 4, 17]]"
12a_0566_61,"[[3, 16, 4, 17], [5, 14, 6, 15], [7, 11, 8, 10], [9, 18, 10, 19], [11, 22, 12, 23], [13, 21, 14, 20], [15, 4, 16, 5], [17, 2, 18, 3], [19, 8, 20, 9], [21, 24, 22, 1], [23, 12, 24, 13], [1, 7, 2, 6]]"
12a_0566_62,"[[1, 7, 2, 6], [3, 16, 4, 17], [5, 14, 6, 15], [7, 11, 8, 10], [9, 18, 10, 19], [11, 22, 12, 23], [13, 21, 14, 20], [15, 4, 16, 5], [17, 2, 18, 3], [19, 8, 20, 9], [21, 24, 22, 1], [23, 12, 24, 13]]"
12a_0566_63,"[[23, 12, 24, 13], [1, 7, 2, 6], [3, 16, 4, 17], [5, 14, 6, 15], [7, 11, 8, 10], [9, 18, 10, 19], [11, 22, 12, 23], [13, 21, 14, 20], [15, 4, 16, 5], [17, 2, 18, 3], [19, 8, 20, 9], [21, 24, 22, 1]]"
12a_0566_64,"[[21, 24, 22, 1], [23, 12, 24, 13], [1, 7, 2, 6], [3, 16, 4, 17], [5, 14, 6, 15], [7, 11, 8, 10], [9, 18, 10, 19], [11, 22, 12, 23], [13, 21, 14, 20], [15, 4, 16, 5], [17, 2, 18, 3], [19, 8, 20, 9]]"
12a_0566_65,"[[19, 8, 20, 9], [21, 24, 22, 1], [23, 12, 24, 13], [1, 7, 2, 6], [3, 16, 4, 17], [5, 14, 6, 15], [7, 11, 8, 10], [9, 18, 10, 19], [11, 22, 12, 23], [13, 21, 14, 20], [15, 4, 16, 5], [17, 2, 18, 3]]"
12a_0566_66,"[[17, 2, 18, 3], [19, 8, 20, 9], [21, 24, 22, 1], [23, 12, 24, 13], [1, 7, 2, 6], [3, 16, 4, 17], [5, 14, 6, 15], [7, 11, 8, 10], [9, 18, 10, 19], [11, 22, 12, 23], [13, 21, 14, 20], [15, 4, 16, 5]]"
12a_0566_67,"[[15, 4, 16, 5], [17, 2, 18, 3], [19, 8, 20, 9], [21, 24, 22, 1], [23, 12, 24, 13], [1, 7, 2, 6], [3, 16, 4, 17], [5, 14, 6, 15], [7, 11, 8, 10], [9, 18, 10, 19], [11, 22, 12, 23], [13, 21, 14, 20]]"
12a_0566_68,"[[13, 21, 14, 20], [15, 4, 16, 5], [17, 2, 18, 3], [19, 8, 20, 9], [21, 24, 22, 1], [23, 12, 24, 13], [1, 7, 2, 6], [3, 16, 4, 17], [5, 14, 6, 15], [7, 11, 8, 10], [9, 18, 10, 19], [11, 22, 12, 23]]"
12a_0566_69,"[[11, 22, 12, 23], [13, 21, 14, 20], [15, 4, 16, 5], [17, 2, 18, 3], [19, 8, 20, 9], [21, 24, 22, 1], [23, 12, 24, 13], [1, 7, 2, 6], [3, 16, 4, 17], [5, 14, 6, 15], [7, 11, 8, 10], [9, 18, 10, 19]]"
12a_0566_70,"[[9, 18, 10, 19], [11, 22, 12, 23], [13, 21, 14, 20], [15, 4, 16, 5], [17, 2, 18, 3], [19, 8, 20, 9], [21, 24, 22, 1], [23, 12, 24, 13], [1, 7, 2, 6], [3, 16, 4, 17], [5, 14, 6, 15], [7, 11, 8, 10]]"
12a_0566_71,"[[7, 11, 8, 10], [9, 18, 10, 19], [11, 22, 12, 23], [13, 21, 14, 20], [15, 4, 16, 5], [17, 2, 18, 3], [19, 8, 20, 9], [21, 24, 22, 1], [23, 12, 24, 13], [1, 7, 2, 6], [3, 16, 4, 17], [5, 14, 6, 15]]"
12a_0566_72,"[[6, 15, 7, 16], [8, 12, 9, 11], [10, 19, 11, 20], [12, 23, 13, 24], [14, 22, 15, 21], [16, 5, 17, 6], [18, 3, 19, 4], [20, 9, 21, 10], [22, 1, 23, 2], [24, 13, 1, 14], [2, 8, 3, 7], [4, 17, 5, 18]]"
12a_0566_73,"[[4, 17, 5, 18], [6, 15, 7, 16], [8, 12, 9, 11], [10, 19, 11, 20], [12, 23, 13, 24], [14, 22, 15, 21], [16, 5, 17, 6], [18, 3, 19, 4], [20, 9, 21, 10], [22, 1, 23, 2], [24, 13, 1, 14], [2, 8, 3, 7]]"
12a_0566_74,"[[2, 8, 3, 7], [4, 17, 5, 18], [6, 15, 7, 16], [8, 12, 9, 11], [10, 19, 11, 20], [12, 23, 13, 24], [14, 22, 15, 21], [16, 5, 17, 6], [18, 3, 19, 4], [20, 9, 21, 10], [22, 1, 23, 2], [24, 13, 1, 14]]"
12a_0566_75,"[[24, 13, 1, 14], [2, 8, 3, 7], [4, 17, 5, 18], [6, 15, 7, 16], [8, 12, 9, 11], [10, 19, 11, 20], [12, 23, 13, 24], [14, 22, 15, 21], [16, 5, 17, 6], [18, 3, 19, 4], [20, 9, 21, 10], [22, 1, 23, 2]]"
12a_0566_76,"[[22, 1, 23, 2], [24, 13, 1, 14], [2, 8, 3, 7], [4, 17, 5, 18], [6, 15, 7, 16], [8, 12, 9, 11], [10, 19, 11, 20], [12, 23, 13, 24], [14, 22, 15, 21], [16, 5, 17, 6], [18, 3, 19, 4], [20, 9, 21, 10]]"
12a_0566_77,"[[20, 9, 21, 10], [22, 1, 23, 2], [24, 13, 1, 14], [2, 8, 3, 7], [4, 17, 5, 18], [6, 15, 7, 16], [8, 12, 9, 11], [10, 19, 11, 20], [12, 23, 13, 24], [14, 22, 15, 21], [16, 5, 17, 6], [18, 3, 19, 4]]"
12a_0566_78,"[[18, 3, 19, 4], [20, 9, 21, 10], [22, 1, 23, 2], [24, 13, 1, 14], [2, 8, 3, 7], [4, 17, 5, 18], [6, 15, 7, 16], [8, 12, 9, 11], [10, 19, 11, 20], [12, 23, 13, 24], [14, 22, 15, 21], [16, 5, 17, 6]]"
12a_0566_79,"[[16, 5, 17, 6], [18, 3, 19, 4], [20, 9, 21, 10], [22, 1, 23, 2], [24, 13, 1, 14], [2, 8, 3, 7], [4, 17, 5, 18], [6, 15, 7, 16], [8, 12, 9, 11], [10, 19, 11, 20], [12, 23, 13, 24], [14, 22, 15, 21]]"
12a_0566_80,"[[14, 22, 15, 21], [16, 5, 17, 6], [18, 3, 19, 4], [20, 9, 21, 10], [22, 1, 23, 2], [24, 13, 1, 14], [2, 8, 3, 7], [4, 17, 5, 18], [6, 15, 7, 16], [8, 12, 9, 11], [10, 19, 11, 20], [12, 23, 13, 24]]"
12a_0566_81,"[[12, 23, 13, 24], [14, 22, 15, 21], [16, 5, 17, 6], [18, 3, 19, 4], [20, 9, 21, 10], [22, 1, 23, 2], [24, 13, 1, 14], [2, 8, 3, 7], [4, 17, 5, 18], [6, 15, 7, 16], [8, 12, 9, 11], [10, 19, 11, 20]]"
12a_0566_82,"[[10, 19, 11, 20], [12, 23, 13, 24], [14, 22, 15, 21], [16, 5, 17, 6], [18, 3, 19, 4], [20, 9, 21, 10], [22, 1, 23, 2], [24, 13, 1, 14], [2, 8, 3, 7], [4, 17, 5, 18], [6, 15, 7, 16], [8, 12, 9, 11]]"
12a_0566_83,"[[8, 12, 9, 11], [10, 19, 11, 20], [12, 23, 13, 24], [14, 22, 15, 21], [16, 5, 17, 6], [18, 3, 19, 4], [20, 9, 21, 10], [22, 1, 23, 2], [24, 13, 1, 14], [2, 8, 3, 7], [4, 17, 5, 18], [6, 15, 7, 16]]"
12a_0566_84,"[[7, 16, 8, 17], [9, 13, 10, 12], [11, 20, 12, 21], [13, 24, 14, 1], [15, 23, 16, 22], [17, 6, 18, 7], [19, 4, 20, 5], [21, 10, 22, 11], [23, 2, 24, 3], [1, 14, 2, 15], [3, 9, 4, 8], [5, 18, 6, 19]]"
12a_0566_85,"[[5, 18, 6, 19], [7, 16, 8, 17], [9, 13, 10, 12], [11, 20, 12, 21], [13, 24, 14, 1], [15, 23, 16, 22], [17, 6, 18, 7], [19, 4, 20, 5], [21, 10, 22, 11], [23, 2, 24, 3], [1, 14, 2, 15], [3, 9, 4, 8]]"
12a_0566_86,"[[3, 9, 4, 8], [5, 18, 6, 19], [7, 16, 8, 17], [9, 13, 10, 12], [11, 20, 12, 21], [13, 24, 14, 1], [15, 23, 16, 22], [17, 6, 18, 7], [19, 4, 20, 5], [21, 10, 22, 11], [23, 2, 24, 3], [1, 14, 2, 15]]"
12a_0566_87,"[[1, 14, 2, 15], [3, 9, 4, 8], [5, 18, 6, 19], [7, 16, 8, 17], [9, 13, 10, 12], [11, 20, 12, 21], [13, 24, 14, 1], [15, 23, 16, 22], [17, 6, 18, 7], [19, 4, 20, 5], [21, 10, 22, 11], [23, 2, 24, 3]]"
12a_0566_88,"[[23, 2, 24, 3], [1, 14, 2, 15], [3, 9, 4, 8], [5, 18, 6, 19], [7, 16, 8, 17], [9, 13, 10, 12], [11, 20, 12, 21], [13, 24, 14, 1], [15, 23, 16, 22], [17, 6, 18, 7], [19, 4, 20, 5], [21, 10, 22, 11]]"
12a_0566_89,"[[21, 10, 22, 11], [23, 2, 24, 3], [1, 14, 2, 15], [3, 9, 4, 8], [5, 18, 6, 19], [7, 16, 8, 17], [9, 13, 10, 12], [11, 20, 12, 21], [13, 24, 14, 1], [15, 23, 16, 22], [17, 6, 18, 7], [19, 4, 20, 5]]"
12a_0566_90,"[[19, 4, 20, 5], [21, 10, 22, 11], [23, 2, 24, 3], [1, 14, 2, 15], [3, 9, 4, 8], [5, 18, 6, 19], [7, 16, 8, 17], [9, 13, 10, 12], [11, 20, 12, 21], [13, 24, 14, 1], [15, 23, 16, 22], [17, 6, 18, 7]]"
12a_0566_91,"[[17, 6, 18, 7], [19, 4, 20, 5], [21, 10, 22, 11], [23, 2, 24, 3], [1, 14, 2, 15], [3, 9, 4, 8], [5, 18, 6, 19], [7, 16, 8, 17], [9, 13, 10, 12], [11, 20, 12, 21], [13, 24, 14, 1], [15, 23, 16, 22]]"
12a_0566_92,"[[15, 23, 16, 22], [17, 6, 18, 7], [19, 4, 20, 5], [21, 10, 22, 11], [23, 2, 24, 3], [1, 14, 2, 15], [3, 9, 4, 8], [5, 18, 6, 19], [7, 16, 8, 17], [9, 13, 10, 12], [11, 20, 12, 21], [13, 24, 14, 1]]"
12a_0566_93,"[[13, 24, 14, 1], [15, 23, 16, 22], [17, 6, 18, 7], [19, 4, 20, 5], [21, 10, 22, 11], [23, 2, 24, 3], [1, 14, 2, 15], [3, 9, 4, 8], [5, 18, 6, 19], [7, 16, 8, 17], [9, 13, 10, 12], [11, 20, 12, 21]]"
12a_0566_94,"[[11, 20, 12, 21], [13, 24, 14, 1], [15, 23, 16, 22], [17, 6, 18, 7], [19, 4, 20, 5], [21, 10, 22, 11], [23, 2, 24, 3], [1, 14, 2, 15], [3, 9, 4, 8], [5, 18, 6, 19], [7, 16, 8, 17], [9, 13, 10, 12]]"
12a_0566_95,"[[9, 13, 10, 12], [11, 20, 12, 21], [13, 24, 14, 1], [15, 23, 16, 22], [17, 6, 18, 7], [19, 4, 20, 5], [21, 10, 22, 11], [23, 2, 24, 3], [1, 14, 2, 15], [3, 9, 4, 8], [5, 18, 6, 19], [7, 16, 8, 17]]"
12a_0566_96,"[[8, 17, 9, 18], [10, 14, 11, 13], [12, 21, 13, 22], [14, 1, 15, 2], [16, 24, 17, 23], [18, 7, 19, 8], [20, 5, 21, 6], [22, 11, 23, 12], [24, 3, 1, 4], [2, 15, 3, 16], [4, 10, 5, 9], [6, 19, 7, 20]]"
12a_0566_97,"[[6, 19, 7, 20], [8, 17, 9, 18], [10, 14, 11, 13], [12, 21, 13, 22], [14, 1, 15, 2], [16, 24, 17, 23], [18, 7, 19, 8], [20, 5, 21, 6], [22, 11, 23, 12], [24, 3, 1, 4], [2, 15, 3, 16], [4, 10, 5, 9]]"
12a_0566_98,"[[4, 10, 5, 9], [6, 19, 7, 20], [8, 17, 9, 18], [10, 14, 11, 13], [12, 21, 13, 22], [14, 1, 15, 2], [16, 24, 17, 23], [18, 7, 19, 8], [20, 5, 21, 6], [22, 11, 23, 12], [24, 3, 1, 4], [2, 15, 3, 16]]"
12a_0566_99,"[[2, 15, 3, 16], [4, 10, 5, 9], [6, 19, 7, 20], [8, 17, 9, 18], [10, 14, 11, 13], [12, 21, 13, 22], [14, 1, 15, 2], [16, 24, 17, 23], [18, 7, 19, 8], [20, 5, 21, 6], [22, 11, 23, 12], [24, 3, 1, 4]]"
12a_0566_100,"[[24, 3, 1, 4], [2, 15, 3, 16], [4, 10, 5, 9], [6, 19, 7, 20], [8, 17, 9, 18], [10, 14, 11, 13], [12, 21, 13, 22], [14, 1, 15, 2], [16, 24, 17, 23], [18, 7, 19, 8], [20, 5, 21, 6], [22, 11, 23, 12]]"
12a_0566_101,"[[22, 11, 23, 12], [24, 3, 1, 4], [2, 15, 3, 16], [4, 10, 5, 9], [6, 19, 7, 20], [8, 17, 9, 18], [10, 14, 11, 13], [12, 21, 13, 22], [14, 1, 15, 2], [16, 24, 17, 23], [18, 7, 19, 8], [20, 5, 21, 6]]"
12a_0566_102,"[[20, 5, 21, 6], [22, 11, 23, 12], [24, 3, 1, 4], [2, 15, 3, 16], [4, 10, 5, 9], [6, 19, 7, 20], [8, 17, 9, 18], [10, 14, 11, 13], [12, 21, 13, 22], [14, 1, 15, 2], [16, 24, 17, 23], [18, 7, 19, 8]]"
12a_0566_103,"[[18, 7, 19, 8], [20, 5, 21, 6], [22, 11, 23, 12], [24, 3, 1, 4], [2, 15, 3, 16], [4, 10, 5, 9], [6, 19, 7, 20], [8, 17, 9, 18], [10, 14, 11, 13], [12, 21, 13, 22], [14, 1, 15, 2], [16, 24, 17, 23]]"
12a_0566_104,"[[16, 24, 17, 23], [18, 7, 19, 8], [20, 5, 21, 6], [22, 11, 23, 12], [24, 3, 1, 4], [2, 15, 3, 16], [4, 10, 5, 9], [6, 19, 7, 20], [8, 17, 9, 18], [10, 14, 11, 13], [12, 21, 13, 22], [14, 1, 15, 2]]"
12a_0566_105,"[[14, 1, 15, 2], [16, 24, 17, 23], [18, 7, 19, 8], [20, 5, 21, 6], [22, 11, 23, 12], [24, 3, 1, 4], [2, 15, 3, 16], [4, 10, 5, 9], [6, 19, 7, 20], [8, 17, 9, 18], [10, 14, 11, 13], [12, 21, 13, 22]]"
12a_0566_106,"[[12, 21, 13, 22], [14, 1, 15, 2], [16, 24, 17, 23], [18, 7, 19, 8], [20, 5, 21, 6], [22, 11, 23, 12], [24, 3, 1, 4], [2, 15, 3, 16], [4, 10, 5, 9], [6, 19, 7, 20], [8, 17, 9, 18], [10, 14, 11, 13]]"
12a_0566_107,"[[10, 14, 11, 13], [12, 21, 13, 22], [14, 1, 15, 2], [16, 24, 17, 23], [18, 7, 19, 8], [20, 5, 21, 6], [22, 11, 23, 12], [24, 3, 1, 4], [2, 15, 3, 16], [4, 10, 5, 9], [6, 19, 7, 20], [8, 17, 9, 18]]"
12a_0566_108,"[[9, 18, 10, 19], [11, 15, 12, 14], [13, 22, 14, 23], [15, 2, 16, 3], [17, 1, 18, 24], [19, 8, 20, 9], [21, 6, 22, 7], [23, 12, 24, 13], [1, 4, 2, 5], [3, 16, 4, 17], [5, 11, 6, 10], [7, 20, 8, 21]]"
12a_0566_109,"[[7, 20, 8, 21], [9, 18, 10, 19], [11, 15, 12, 14], [13, 22, 14, 23], [15, 2, 16, 3], [17, 1, 18, 24], [19, 8, 20, 9], [21, 6, 22, 7], [23, 12, 24, 13], [1, 4, 2, 5], [3, 16, 4, 17], [5, 11, 6, 10]]"
12a_0566_110,"[[5, 11, 6, 10], [7, 20, 8, 21], [9, 18, 10, 19], [11, 15, 12, 14], [13, 22, 14, 23], [15, 2, 16, 3], [17, 1, 18, 24], [19, 8, 20, 9], [21, 6, 22, 7], [23, 12, 24, 13], [1, 4, 2, 5], [3, 16, 4, 17]]"
12a_0566_111,"[[3, 16, 4, 17], [5, 11, 6, 10], [7, 20, 8, 21], [9, 18, 10, 19], [11, 15, 12, 14], [13, 22, 14, 23], [15, 2, 16, 3], [17, 1, 18, 24], [19, 8, 20, 9], [21, 6, 22, 7], [23, 12, 24, 13], [1, 4, 2, 5]]"
12a_0566_112,"[[1, 4, 2, 5], [3, 16, 4, 17], [5, 11, 6, 10], [7, 20, 8, 21], [9, 18, 10, 19], [11, 15, 12, 14], [13, 22, 14, 23], [15, 2, 16, 3], [17, 1, 18, 24], [19, 8, 20, 9], [21, 6, 22, 7], [23, 12, 24, 13]]"
12a_0566_113,"[[23, 12, 24, 13], [1, 4, 2, 5], [3, 16, 4, 17], [5, 11, 6, 10], [7, 20, 8, 21], [9, 18, 10, 19], [11, 15, 12, 14], [13, 22, 14, 23], [15, 2, 16, 3], [17, 1, 18, 24], [19, 8, 20, 9], [21, 6, 22, 7]]"
12a_0566_114,"[[21, 6, 22, 7], [23, 12, 24, 13], [1, 4, 2, 5], [3, 16, 4, 17], [5, 11, 6, 10], [7, 20, 8, 21], [9, 18, 10, 19], [11, 15, 12, 14], [13, 22, 14, 23], [15, 2, 16, 3], [17, 1, 18, 24], [19, 8, 20, 9]]"
12a_0566_115,"[[19, 8, 20, 9], [21, 6, 22, 7], [23, 12, 24, 13], [1, 4, 2, 5], [3, 16, 4, 17], [5, 11, 6, 10], [7, 20, 8, 21], [9, 18, 10, 19], [11, 15, 12, 14], [13, 22, 14, 23], [15, 2, 16, 3], [17, 1, 18, 24]]"
12a_0566_116,"[[17, 1, 18, 24], [19, 8, 20, 9], [21, 6, 22, 7], [23, 12, 24, 13], [1, 4, 2, 5], [3, 16, 4, 17], [5, 11, 6, 10], [7, 20, 8, 21], [9, 18, 10, 19], [11, 15, 12, 14], [13, 22, 14, 23], [15, 2, 16, 3]]"
12a_0566_117,"[[15, 2, 16, 3], [17, 1, 18, 24], [19, 8, 20, 9], [21, 6, 22, 7], [23, 12, 24, 13], [1, 4, 2, 5], [3, 16, 4, 17], [5, 11, 6, 10], [7, 20, 8, 21], [9, 18, 10, 19], [11, 15, 12, 14], [13, 22, 14, 23]]"
12a_0566_118,"[[13, 22, 14, 23], [15, 2, 16, 3], [17, 1, 18, 24], [19, 8, 20, 9], [21, 6, 22, 7], [23, 12, 24, 13], [1, 4, 2, 5], [3, 16, 4, 17], [5, 11, 6, 10], [7, 20, 8, 21], [9, 18, 10, 19], [11, 15, 12, 14]]"
12a_0566_119,"[[11, 15, 12, 14], [13, 22, 14, 23], [15, 2, 16, 3], [17, 1, 18, 24], [19, 8, 20, 9], [21, 6, 22, 7], [23, 12, 24, 13], [1, 4, 2, 5], [3, 16, 4, 17], [5, 11, 6, 10], [7, 20, 8, 21], [9, 18, 10, 19]]"
12a_0566_120,"[[10, 19, 11, 20], [12, 16, 13, 15], [14, 23, 15, 24], [16, 3, 17, 4], [18, 2, 19, 1], [20, 9, 21, 10], [22, 7, 23, 8], [24, 13, 1, 14], [2, 5, 3, 6], [4, 17, 5, 18], [6, 12, 7, 11], [8, 21, 9, 22]]"
12a_0566_121,"[[8, 21, 9, 22], [10, 19, 11, 20], [12, 16, 13, 15], [14, 23, 15, 24], [16, 3, 17, 4], [18, 2, 19, 1], [20, 9, 21, 10], [22, 7, 23, 8], [24, 13, 1, 14], [2, 5, 3, 6], [4, 17, 5, 18], [6, 12, 7, 11]]"
12a_0566_122,"[[6, 12, 7, 11], [8, 21, 9, 22], [10, 19, 11, 20], [12, 16, 13, 15], [14, 23, 15, 24], [16, 3, 17, 4], [18, 2, 19, 1], [20, 9, 21, 10], [22, 7, 23, 8], [24, 13, 1, 14], [2, 5, 3, 6], [4, 17, 5, 18]]"
12a_0566_123,"[[4, 17, 5, 18], [6, 12, 7, 11], [8, 21, 9, 22], [10, 19, 11, 20], [12, 16, 13, 15], [14, 23, 15, 24], [16, 3, 17, 4], [18, 2, 19, 1], [20, 9, 21, 10], [22, 7, 23, 8], [24, 13, 1, 14], [2, 5, 3, 6]]"
12a_0566_124,"[[2, 5, 3, 6], [4, 17, 5, 18], [6, 12, 7, 11], [8, 21, 9, 22], [10, 19, 11, 20], [12, 16, 13, 15], [14, 23, 15, 24], [16, 3, 17, 4], [18, 2, 19, 1], [20, 9, 21, 10], [22, 7, 23, 8], [24, 13, 1, 14]]"
12a_0566_125,"[[24, 13, 1, 14], [2, 5, 3, 6], [4, 17, 5, 18], [6, 12, 7, 11], [8, 21, 9, 22], [10, 19, 11, 20], [12, 16, 13, 15], [14, 23, 15, 24], [16, 3, 17, 4], [18, 2, 19, 1], [20, 9, 21, 10], [22, 7, 23, 8]]"
12a_0566_126,"[[22, 7, 23, 8], [24, 13, 1, 14], [2, 5, 3, 6], [4, 17, 5, 18], [6, 12, 7, 11], [8, 21, 9, 22], [10, 19, 11, 20], [12, 16, 13, 15], [14, 23, 15, 24], [16, 3, 17, 4], [18, 2, 19, 1], [20, 9, 21, 10]]"
12a_0566_127,"[[20, 9, 21, 10], [22, 7, 23, 8], [24, 13, 1, 14], [2, 5, 3, 6], [4, 17, 5, 18], [6, 12, 7, 11], [8, 21, 9, 22], [10, 19, 11, 20], [12, 16, 13, 15], [14, 23, 15, 24], [16, 3, 17, 4], [18, 2, 19, 1]]"
12a_0566_128,"[[18, 2, 19, 1], [20, 9, 21, 10], [22, 7, 23, 8], [24, 13, 1, 14], [2, 5, 3, 6], [4, 17, 5, 18], [6, 12, 7, 11], [8, 21, 9, 22], [10, 19, 11, 20], [12, 16, 13, 15], [14, 23, 15, 24], [16, 3, 17, 4]]"
12a_0566_129,"[[16, 3, 17, 4], [18, 2, 19, 1], [20, 9, 21, 10], [22, 7, 23, 8], [24, 13, 1, 14], [2, 5, 3, 6], [4, 17, 5, 18], [6, 12, 7, 11], [8, 21, 9, 22], [10, 19, 11, 20], [12, 16, 13, 15], [14, 23, 15, 24]]"
12a_0566_130,"[[14, 23, 15, 24], [16, 3, 17, 4], [18, 2, 19, 1], [20, 9, 21, 10], [22, 7, 23, 8], [24, 13, 1, 14], [2, 5, 3, 6], [4, 17, 5, 18], [6, 12, 7, 11], [8, 21, 9, 22], [10, 19, 11, 20], [12, 16, 13, 15]]"
12a_0566_131,"[[12, 16, 13, 15], [14, 23, 15, 24], [16, 3, 17, 4], [18, 2, 19, 1], [20, 9, 21, 10], [22, 7, 23, 8], [24, 13, 1, 14], [2, 5, 3, 6], [4, 17, 5, 18], [6, 12, 7, 11], [8, 21, 9, 22], [10, 19, 11, 20]]"
12a_0566_132,"[[11, 20, 12, 21], [13, 17, 14, 16], [15, 24, 16, 1], [17, 4, 18, 5], [19, 3, 20, 2], [21, 10, 22, 11], [23, 8, 24, 9], [1, 14, 2, 15], [3, 6, 4, 7], [5, 18, 6, 19], [7, 13, 8, 12], [9, 22, 10, 23]]"
12a_0566_133,"[[9, 22, 10, 23], [11, 20, 12, 21], [13, 17, 14, 16], [15, 24, 16, 1], [17, 4, 18, 5], [19, 3, 20, 2], [21, 10, 22, 11], [23, 8, 24, 9], [1, 14, 2, 15], [3, 6, 4, 7], [5, 18, 6, 19], [7, 13, 8, 12]]"
12a_0566_134,"[[7, 13, 8, 12], [9, 22, 10, 23], [11, 20, 12, 21], [13, 17, 14, 16], [15, 24, 16, 1], [17, 4, 18, 5], [19, 3, 20, 2], [21, 10, 22, 11], [23, 8, 24, 9], [1, 14, 2, 15], [3, 6, 4, 7], [5, 18, 6, 19]]"
12a_0566_135,"[[5, 18, 6, 19], [7, 13, 8, 12], [9, 22, 10, 23], [11, 20, 12, 21], [13, 17, 14, 16], [15, 24, 16, 1], [17, 4, 18, 5], [19, 3, 20, 2], [21, 10, 22, 11], [23, 8, 24, 9], [1, 14, 2, 15], [3, 6, 4, 7]]"
12a_0566_136,"[[3, 6, 4, 7], [5, 18, 6, 19], [7, 13, 8, 12], [9, 22, 10, 23], [11, 20, 12, 21], [13, 17, 14, 16], [15, 24, 16, 1], [17, 4, 18, 5], [19, 3, 20, 2], [21, 10, 22, 11], [23, 8, 24, 9], [1, 14, 2, 15]]"
12a_0566_137,"[[1, 14, 2, 15], [3, 6, 4, 7], [5, 18, 6, 19], [7, 13, 8, 12], [9, 22, 10, 23], [11, 20, 12, 21], [13, 17, 14, 16], [15, 24, 16, 1], [17, 4, 18, 5], [19, 3, 20, 2], [21, 10, 22, 11], [23, 8, 24, 9]]"
12a_0566_138,"[[23, 8, 24, 9], [1, 14, 2, 15], [3, 6, 4, 7], [5, 18, 6, 19], [7, 13, 8, 12], [9, 22, 10, 23], [11, 20, 12, 21], [13, 17, 14, 16], [15, 24, 16, 1], [17, 4, 18, 5], [19, 3, 20, 2], [21, 10, 22, 11]]"
12a_0566_139,"[[21, 10, 22, 11], [23, 8, 24, 9], [1, 14, 2, 15], [3, 6, 4, 7], [5, 18, 6, 19], [7, 13, 8, 12], [9, 22, 10, 23], [11, 20, 12, 21], [13, 17, 14, 16], [15, 24, 16, 1], [17, 4, 18, 5], [19, 3, 20, 2]]"
12a_0566_140,"[[19, 3, 20, 2], [21, 10, 22, 11], [23, 8, 24, 9], [1, 14, 2, 15], [3, 6, 4, 7], [5, 18, 6, 19], [7, 13, 8, 12], [9, 22, 10, 23], [11, 20, 12, 21], [13, 17, 14, 16], [15, 24, 16, 1], [17, 4, 18, 5]]"
12a_0566_141,"[[17, 4, 18, 5], [19, 3, 20, 2], [21, 10, 22, 11], [23, 8, 24, 9], [1, 14, 2, 15], [3, 6, 4, 7], [5, 18, 6, 19], [7, 13, 8, 12], [9, 22, 10, 23], [11, 20, 12, 21], [13, 17, 14, 16], [15, 24, 16, 1]]"
12a_0566_142,"[[15, 24, 16, 1], [17, 4, 18, 5], [19, 3, 20, 2], [21, 10, 22, 11], [23, 8, 24, 9], [1, 14, 2, 15], [3, 6, 4, 7], [5, 18, 6, 19], [7, 13, 8, 12], [9, 22, 10, 23], [11, 20, 12, 21], [13, 17, 14, 16]]"
12a_0566_143,"[[13, 17, 14, 16], [15, 24, 16, 1], [17, 4, 18, 5], [19, 3, 20, 2], [21, 10, 22, 11], [23, 8, 24, 9], [1, 14, 2, 15], [3, 6, 4, 7], [5, 18, 6, 19], [7, 13, 8, 12], [9, 22, 10, 23], [11, 20, 12, 21]]"
12a_0566_144,"[[12, 21, 13, 22], [14, 18, 15, 17], [16, 1, 17, 2], [18, 5, 19, 6], [20, 4, 21, 3], [22, 11, 23, 12], [24, 9, 1, 10], [2, 15, 3, 16], [4, 7, 5, 8], [6, 19, 7, 20], [8, 14, 9, 13], [10, 23, 11, 24]]"
12a_0566_145,"[[10, 23, 11, 24], [12, 21, 13, 22], [14, 18, 15, 17], [16, 1, 17, 2], [18, 5, 19, 6], [20, 4, 21, 3], [22, 11, 23, 12], [24, 9, 1, 10], [2, 15, 3, 16], [4, 7, 5, 8], [6, 19, 7, 20], [8, 14, 9, 13]]"
12a_0566_146,"[[8, 14, 9, 13], [10, 23, 11, 24], [12, 21, 13, 22], [14, 18, 15, 17], [16, 1, 17, 2], [18, 5, 19, 6], [20, 4, 21, 3], [22, 11, 23, 12], [24, 9, 1, 10], [2, 15, 3, 16], [4, 7, 5, 8], [6, 19, 7, 20]]"
12a_0566_147,"[[6, 19, 7, 20], [8, 14, 9, 13], [10, 23, 11, 24], [12, 21, 13, 22], [14, 18, 15, 17], [16, 1, 17, 2], [18, 5, 19, 6], [20, 4, 21, 3], [22, 11, 23, 12], [24, 9, 1, 10], [2, 15, 3, 16], [4, 7, 5, 8]]"
12a_0566_148,"[[4, 7, 5, 8], [6, 19, 7, 20], [8, 14, 9, 13], [10, 23, 11, 24], [12, 21, 13, 22], [14, 18, 15, 17], [16, 1, 17, 2], [18, 5, 19, 6], [20, 4, 21, 3], [22, 11, 23, 12], [24, 9, 1, 10], [2, 15, 3, 16]]"
12a_0566_149,"[[2, 15, 3, 16], [4, 7, 5, 8], [6, 19, 7, 20], [8, 14, 9, 13], [10, 23, 11, 24], [12, 21, 13, 22], [14, 18, 15, 17], [16, 1, 17, 2], [18, 5, 19, 6], [20, 4, 21, 3], [22, 11, 23, 12], [24, 9, 1, 10]]"
12a_0566_150,"[[24, 9, 1, 10], [2, 15, 3, 16], [4, 7, 5, 8], [6, 19, 7, 20], [8, 14, 9, 13], [10, 23, 11, 24], [12, 21, 13, 22], [14, 18, 15, 17], [16, 1, 17, 2], [18, 5, 19, 6], [20, 4, 21, 3], [22, 11, 23, 12]]"
12a_0566_151,"[[22, 11, 23, 12], [24, 9, 1, 10], [2, 15, 3, 16], [4, 7, 5, 8], [6, 19, 7, 20], [8, 14, 9, 13], [10, 23, 11, 24], [12, 21, 13, 22], [14, 18, 15, 17], [16, 1, 17, 2], [18, 5, 19, 6], [20, 4, 21, 3]]"
12a_0566_152,"[[20, 4, 21, 3], [22, 11, 23, 12], [24, 9, 1, 10], [2, 15, 3, 16], [4, 7, 5, 8], [6, 19, 7, 20], [8, 14, 9, 13], [10, 23, 11, 24], [12, 21, 13, 22], [14, 18, 15, 17], [16, 1, 17, 2], [18, 5, 19, 6]]"
12a_0566_153,"[[18, 5, 19, 6], [20, 4, 21, 3], [22, 11, 23, 12], [24, 9, 1, 10], [2, 15, 3, 16], [4, 7, 5, 8], [6, 19, 7, 20], [8, 14, 9, 13], [10, 23, 11, 24], [12, 21, 13, 22], [14, 18, 15, 17], [16, 1, 17, 2]]"
12a_0566_154,"[[16, 1, 17, 2], [18, 5, 19, 6], [20, 4, 21, 3], [22, 11, 23, 12], [24, 9, 1, 10], [2, 15, 3, 16], [4, 7, 5, 8], [6, 19, 7, 20], [8, 14, 9, 13], [10, 23, 11, 24], [12, 21, 13, 22], [14, 18, 15, 17]]"
12a_0566_155,"[[14, 18, 15, 17], [16, 1, 17, 2], [18, 5, 19, 6], [20, 4, 21, 3], [22, 11, 23, 12], [24, 9, 1, 10], [2, 15, 3, 16], [4, 7, 5, 8], [6, 19, 7, 20], [8, 14, 9, 13], [10, 23, 11, 24], [12, 21, 13, 22]]"
12a_0566_156,"[[13, 22, 14, 23], [15, 19, 16, 18], [17, 2, 18, 3], [19, 6, 20, 7], [21, 5, 22, 4], [23, 12, 24, 13], [1, 10, 2, 11], [3, 16, 4, 17], [5, 8, 6, 9], [7, 20, 8, 21], [9, 15, 10, 14], [11, 24, 12, 1]]"
12a_0566_157,"[[11, 24, 12, 1], [13, 22, 14, 23], [15, 19, 16, 18], [17, 2, 18, 3], [19, 6, 20, 7], [21, 5, 22, 4], [23, 12, 24, 13], [1, 10, 2, 11], [3, 16, 4, 17], [5, 8, 6, 9], [7, 20, 8, 21], [9, 15, 10, 14]]"
12a_0566_158,"[[9, 15, 10, 14], [11, 24, 12, 1], [13, 22, 14, 23], [15, 19, 16, 18], [17, 2, 18, 3], [19, 6, 20, 7], [21, 5, 22, 4], [23, 12, 24, 13], [1, 10, 2, 11], [3, 16, 4, 17], [5, 8, 6, 9], [7, 20, 8, 21]]"
12a_0566_159,"[[7, 20, 8, 21], [9, 15, 10, 14], [11, 24, 12, 1], [13, 22, 14, 23], [15, 19, 16, 18], [17, 2, 18, 3], [19, 6, 20, 7], [21, 5, 22, 4], [23, 12, 24, 13], [1, 10, 2, 11], [3, 16, 4, 17], [5, 8, 6, 9]]"
12a_0566_160,"[[5, 8, 6, 9], [7, 20, 8, 21], [9, 15, 10, 14], [11, 24, 12, 1], [13, 22, 14, 23], [15, 19, 16, 18], [17, 2, 18, 3], [19, 6, 20, 7], [21, 5, 22, 4], [23, 12, 24, 13], [1, 10, 2, 11], [3, 16, 4, 17]]"
12a_0566_161,"[[3, 16, 4, 17], [5, 8, 6, 9], [7, 20, 8, 21], [9, 15, 10, 14], [11, 24, 12, 1], [13, 22, 14, 23], [15, 19, 16, 18], [17, 2, 18, 3], [19, 6, 20, 7], [21, 5, 22, 4], [23, 12, 24, 13], [1, 10, 2, 11]]"
12a_0566_162,"[[1, 10, 2, 11], [3, 16, 4, 17], [5, 8, 6, 9], [7, 20, 8, 21], [9, 15, 10, 14], [11, 24, 12, 1], [13, 22, 14, 23], [15, 19, 16, 18], [17, 2, 18, 3], [19, 6, 20, 7], [21, 5, 22, 4], [23, 12, 24, 13]]"
12a_0566_163,"[[23, 12, 24, 13], [1, 10, 2, 11], [3, 16, 4, 17], [5, 8, 6, 9], [7, 20, 8, 21], [9, 15, 10, 14], [11, 24, 12, 1], [13, 22, 14, 23], [15, 19, 16, 18], [17, 2, 18, 3], [19, 6, 20, 7], [21, 5, 22, 4]]"
12a_0566_164,"[[21, 5, 22, 4], [23, 12, 24, 13], [1, 10, 2, 11], [3, 16, 4, 17], [5, 8, 6, 9], [7, 20, 8, 21], [9, 15, 10, 14], [11, 24, 12, 1], [13, 22, 14, 23], [15, 19, 16, 18], [17, 2, 18, 3], [19, 6, 20, 7]]"
12a_0566_165,"[[19, 6, 20, 7], [21, 5, 22, 4], [23, 12, 24, 13], [1, 10, 2, 11], [3, 16, 4, 17], [5, 8, 6, 9], [7, 20, 8, 21], [9, 15, 10, 14], [11, 24, 12, 1], [13, 22, 14, 23], [15, 19, 16, 18], [17, 2, 18, 3]]"
12a_0566_166,"[[17, 2, 18, 3], [19, 6, 20, 7], [21, 5, 22, 4], [23, 12, 24, 13], [1, 10, 2, 11], [3, 16, 4, 17], [5, 8, 6, 9], [7, 20, 8, 21], [9, 15, 10, 14], [11, 24, 12, 1], [13, 22, 14, 23], [15, 19, 16, 18]]"
12a_0566_167,"[[15, 19, 16, 18], [17, 2, 18, 3], [19, 6, 20, 7], [21, 5, 22, 4], [23, 12, 24, 13], [1, 10, 2, 11], [3, 16, 4, 17], [5, 8, 6, 9], [7, 20, 8, 21], [9, 15, 10, 14], [11, 24, 12, 1], [13, 22, 14, 23]]"
12a_0566_168,"[[14, 23, 15, 24], [16, 20, 17, 19], [18, 3, 19, 4], [20, 7, 21, 8], [22, 6, 23, 5], [24, 13, 1, 14], [2, 11, 3, 12], [4, 17, 5, 18], [6, 9, 7, 10], [8, 21, 9, 22], [10, 16, 11, 15], [12, 1, 13, 2]]"
12a_0566_169,"[[12, 1, 13, 2], [14, 23, 15, 24], [16, 20, 17, 19], [18, 3, 19, 4], [20, 7, 21, 8], [22, 6, 23, 5], [24, 13, 1, 14], [2, 11, 3, 12], [4, 17, 5, 18], [6, 9, 7, 10], [8, 21, 9, 22], [10, 16, 11, 15]]"
12a_0566_170,"[[10, 16, 11, 15], [12, 1, 13, 2], [14, 23, 15, 24], [16, 20, 17, 19], [18, 3, 19, 4], [20, 7, 21, 8], [22, 6, 23, 5], [24, 13, 1, 14], [2, 11, 3, 12], [4, 17, 5, 18], [6, 9, 7, 10], [8, 21, 9, 22]]"
12a_0566_171,"[[8, 21, 9, 22], [10, 16, 11, 15], [12, 1, 13, 2], [14, 23, 15, 24], [16, 20, 17, 19], [18, 3, 19, 4], [20, 7, 21, 8], [22, 6, 23, 5], [24, 13, 1, 14], [2, 11, 3, 12], [4, 17, 5, 18], [6, 9, 7, 10]]"
12a_0566_172,"[[6, 9, 7, 10], [8, 21, 9, 22], [10, 16, 11, 15], [12, 1, 13, 2], [14, 23, 15, 24], [16, 20, 17, 19], [18, 3, 19, 4], [20, 7, 21, 8], [22, 6, 23, 5], [24, 13, 1, 14], [2, 11, 3, 12], [4, 17, 5, 18]]"
12a_0566_173,"[[4, 17, 5, 18], [6, 9, 7, 10], [8, 21, 9, 22], [10, 16, 11, 15], [12, 1, 13, 2], [14, 23, 15, 24], [16, 20, 17, 19], [18, 3, 19, 4], [20, 7, 21, 8], [22, 6, 23, 5], [24, 13, 1, 14], [2, 11, 3, 12]]"
12a_0566_174,"[[2, 11, 3, 12], [4, 17, 5, 18], [6, 9, 7, 10], [8, 21, 9, 22], [10, 16, 11, 15], [12, 1, 13, 2], [14, 23, 15, 24], [16, 20, 17, 19], [18, 3, 19, 4], [20, 7, 21, 8], [22, 6, 23, 5], [24, 13, 1, 14]]"
12a_0566_175,"[[24, 13, 1, 14], [2, 11, 3, 12], [4, 17, 5, 18], [6, 9, 7, 10], [8, 21, 9, 22], [10, 16, 11, 15], [12, 1, 13, 2], [14, 23, 15, 24], [16, 20, 17, 19], [18, 3, 19, 4], [20, 7, 21, 8], [22, 6, 23, 5]]"
12a_0566_176,"[[22, 6, 23, 5], [24, 13, 1, 14], [2, 11, 3, 12], [4, 17, 5, 18], [6, 9, 7, 10], [8, 21, 9, 22], [10, 16, 11, 15], [12, 1, 13, 2], [14, 23, 15, 24], [16, 20, 17, 19], [18, 3, 19, 4], [20, 7, 21, 8]]"
12a_0566_177,"[[20, 7, 21, 8], [22, 6, 23, 5], [24, 13, 1, 14], [2, 11, 3, 12], [4, 17, 5, 18], [6, 9, 7, 10], [8, 21, 9, 22], [10, 16, 11, 15], [12, 1, 13, 2], [14, 23, 15, 24], [16, 20, 17, 19], [18, 3, 19, 4]]"
12a_0566_178,"[[18, 3, 19, 4], [20, 7, 21, 8], [22, 6, 23, 5], [24, 13, 1, 14], [2, 11, 3, 12], [4, 17, 5, 18], [6, 9, 7, 10], [8, 21, 9, 22], [10, 16, 11, 15], [12, 1, 13, 2], [14, 23, 15, 24], [16, 20, 17, 19]]"
12a_0566_179,"[[16, 20, 17, 19], [18, 3, 19, 4], [20, 7, 21, 8], [22, 6, 23, 5], [24, 13, 1, 14], [2, 11, 3, 12], [4, 17, 5, 18], [6, 9, 7, 10], [8, 21, 9, 22], [10, 16, 11, 15], [12, 1, 13, 2], [14, 23, 15, 24]]"
12a_0566_180,"[[15, 24, 16, 1], [17, 21, 18, 20], [19, 4, 20, 5], [21, 8, 22, 9], [23, 7, 24, 6], [1, 14, 2, 15], [3, 12, 4, 13], [5, 18, 6, 19], [7, 10, 8, 11], [9, 22, 10, 23], [11, 17, 12, 16], [13, 2, 14, 3]]"
12a_0566_181,"[[13, 2, 14, 3], [15, 24, 16, 1], [17, 21, 18, 20], [19, 4, 20, 5], [21, 8, 22, 9], [23, 7, 24, 6], [1, 14, 2, 15], [3, 12, 4, 13], [5, 18, 6, 19], [7, 10, 8, 11], [9, 22, 10, 23], [11, 17, 12, 16]]"
12a_0566_182,"[[11, 17, 12, 16], [13, 2, 14, 3], [15, 24, 16, 1], [17, 21, 18, 20], [19, 4, 20, 5], [21, 8, 22, 9], [23, 7, 24, 6], [1, 14, 2, 15], [3, 12, 4, 13], [5, 18, 6, 19], [7, 10, 8, 11], [9, 22, 10, 23]]"
12a_0566_183,"[[9, 22, 10, 23], [11, 17, 12, 16], [13, 2, 14, 3], [15, 24, 16, 1], [17, 21, 18, 20], [19, 4, 20, 5], [21, 8, 22, 9], [23, 7, 24, 6], [1, 14, 2, 15], [3, 12, 4, 13], [5, 18, 6, 19], [7, 10, 8, 11]]"
12a_0566_184,"[[7, 10, 8, 11], [9, 22, 10, 23], [11, 17, 12, 16], [13, 2, 14, 3], [15, 24, 16, 1], [17, 21, 18, 20], [19, 4, 20, 5], [21, 8, 22, 9], [23, 7, 24, 6], [1, 14, 2, 15], [3, 12, 4, 13], [5, 18, 6, 19]]"
12a_0566_185,"[[5, 18, 6, 19], [7, 10, 8, 11], [9, 22, 10, 23], [11, 17, 12, 16], [13, 2, 14, 3], [15, 24, 16, 1], [17, 21, 18, 20], [19, 4, 20, 5], [21, 8, 22, 9], [23, 7, 24, 6], [1, 14, 2, 15], [3, 12, 4, 13]]"
