name,pd_notation
12a_1059_0,"[[24, 16, 1, 15], [2, 8, 3, 7], [4, 14, 5, 13], [6, 17, 7, 18], [8, 22, 9, 21], [10, 24, 11, 23], [12, 4, 13, 3], [14, 20, 15, 19], [16, 2, 17, 1], [18, 5, 19, 6], [20, 12, 21, 11], [22, 10, 23, 9]]"
12a_1059_1,"[[22, 10, 23, 9], [24, 16, 1, 15], [2, 8, 3, 7], [4, 14, 5, 13], [6, 17, 7, 18], [8, 22, 9, 21], [10, 24, 11, 23], [12, 4, 13, 3], [14, 20, 15, 19], [16, 2, 17, 1], [18, 5, 19, 6], [20, 12, 21, 11]]"
12a_1059_2,"[[20, 12, 21, 11], [22, 10, 23, 9], [24, 16, 1, 15], [2, 8, 3, 7], [4, 14, 5, 13], [6, 17, 7, 18], [8, 22, 9, 21], [10, 24, 11, 23], [12, 4, 13, 3], [14, 20, 15, 19], [16, 2, 17, 1], [18, 5, 19, 6]]"
12a_1059_3,"[[18, 5, 19, 6], [20, 12, 21, 11], [22, 10, 23, 9], [24, 16, 1, 15], [2, 8, 3, 7], [4, 14, 5, 13], [6, 17, 7, 18], [8, 22, 9, 21], [10, 24, 11, 23], [12, 4, 13, 3], [14, 20, 15, 19], [16, 2, 17, 1]]"
12a_1059_4,"[[16, 2, 17, 1], [18, 5, 19, 6], [20, 12, 21, 11], [22, 10, 23, 9], [24, 16, 1, 15], [2, 8, 3, 7], [4, 14, 5, 13], [6, 17, 7, 18], [8, 22, 9, 21], [10, 24, 11, 23], [12, 4, 13, 3], [14, 20, 15, 19]]"
12a_1059_5,"[[14, 20, 15, 19], [16, 2, 17, 1], [18, 5, 19, 6], [20, 12, 21, 11], [22, 10, 23, 9], [24, 16, 1, 15], [2, 8, 3, 7], [4, 14, 5, 13], [6, 17, 7, 18], [8, 22, 9, 21], [10, 24, 11, 23], [12, 4, 13, 3]]"
12a_1059_6,"[[12, 4, 13, 3], [14, 20, 15, 19], [16, 2, 17, 1], [18, 5, 19, 6], [20, 12, 21, 11], [22, 10, 23, 9], [24, 16, 1, 15], [2, 8, 3, 7], [4, 14, 5, 13], [6, 17, 7, 18], [8, 22, 9, 21], [10, 24, 11, 23]]"
12a_1059_7,"[[10, 24, 11, 23], [12, 4, 13, 3], [14, 20, 15, 19], [16, 2, 17, 1], [18, 5, 19, 6], [20, 12, 21, 11], [22, 10, 23, 9], [24, 16, 1, 15], [2, 8, 3, 7], [4, 14, 5, 13], [6, 17, 7, 18], [8, 22, 9, 21]]"
12a_1059_8,"[[8, 22, 9, 21], [10, 24, 11, 23], [12, 4, 13, 3], [14, 20, 15, 19], [16, 2, 17, 1], [18, 5, 19, 6], [20, 12, 21, 11], [22, 10, 23, 9], [24, 16, 1, 15], [2, 8, 3, 7], [4, 14, 5, 13], [6, 17, 7, 18]]"
12a_1059_9,"[[6, 17, 7, 18], [8, 22, 9, 21], [10, 24, 11, 23], [12, 4, 13, 3], [14, 20, 15, 19], [16, 2, 17, 1], [18, 5, 19, 6], [20, 12, 21, 11], [22, 10, 23, 9], [24, 16, 1, 15], [2, 8, 3, 7], [4, 14, 5, 13]]"
12a_1059_10,"[[4, 14, 5, 13], [6, 17, 7, 18], [8, 22, 9, 21], [10, 24, 11, 23], [12, 4, 13, 3], [14, 20, 15, 19], [16, 2, 17, 1], [18, 5, 19, 6], [20, 12, 21, 11], [22, 10, 23, 9], [24, 16, 1, 15], [2, 8, 3, 7]]"
12a_1059_11,"[[2, 8, 3, 7], [4, 14, 5, 13], [6, 17, 7, 18], [8, 22, 9, 21], [10, 24, 11, 23], [12, 4, 13, 3], [14, 20, 15, 19], [16, 2, 17, 1], [18, 5, 19, 6], [20, 12, 21, 11], [22, 10, 23, 9], [24, 16, 1, 15]]"
12a_1059_12,"[[1, 17, 2, 16], [3, 9, 4, 8], [5, 15, 6, 14], [7, 18, 8, 19], [9, 23, 10, 22], [11, 1, 12, 24], [13, 5, 14, 4], [15, 21, 16, 20], [17, 3, 18, 2], [19, 6, 20, 7], [21, 13, 22, 12], [23, 11, 24, 10]]"
12a_1059_13,"[[23, 11, 24, 10], [1, 17, 2, 16], [3, 9, 4, 8], [5, 15, 6, 14], [7, 18, 8, 19], [9, 23, 10, 22], [11, 1, 12, 24], [13, 5, 14, 4], [15, 21, 16, 20], [17, 3, 18, 2], [19, 6, 20, 7], [21, 13, 22, 12]]"
12a_1059_14,"[[21, 13, 22, 12], [23, 11, 24, 10], [1, 17, 2, 16], [3, 9, 4, 8], [5, 15, 6, 14], [7, 18, 8, 19], [9, 23, 10, 22], [11, 1, 12, 24], [13, 5, 14, 4], [15, 21, 16, 20], [17, 3, 18, 2], [19, 6, 20, 7]]"
12a_1059_15,"[[19, 6, 20, 7], [21, 13, 22, 12], [23, 11, 24, 10], [1, 17, 2, 16], [3, 9, 4, 8], [5, 15, 6, 14], [7, 18, 8, 19], [9, 23, 10, 22], [11, 1, 12, 24], [13, 5, 14, 4], [15, 21, 16, 20], [17, 3, 18, 2]]"
12a_1059_16,"[[17, 3, 18, 2], [19, 6, 20, 7], [21, 13, 22, 12], [23, 11, 24, 10], [1, 17, 2, 16], [3, 9, 4, 8], [5, 15, 6, 14], [7, 18, 8, 19], [9, 23, 10, 22], [11, 1, 12, 24], [13, 5, 14, 4], [15, 21, 16, 20]]"
12a_1059_17,"[[15, 21, 16, 20], [17, 3, 18, 2], [19, 6, 20, 7], [21, 13, 22, 12], [23, 11, 24, 10], [1, 17, 2, 16], [3, 9, 4, 8], [5, 15, 6, 14], [7, 18, 8, 19], [9, 23, 10, 22], [11, 1, 12, 24], [13, 5, 14, 4]]"
12a_1059_18,"[[13, 5, 14, 4], [15, 21, 16, 20], [17, 3, 18, 2], [19, 6, 20, 7], [21, 13, 22, 12], [23, 11, 24, 10], [1, 17, 2, 16], [3, 9, 4, 8], [5, 15, 6, 14], [7, 18, 8, 19], [9, 23, 10, 22], [11, 1, 12, 24]]"
12a_1059_19,"[[11, 1, 12, 24], [13, 5, 14, 4], [15, 21, 16, 20], [17, 3, 18, 2], [19, 6, 20, 7], [21, 13, 22, 12], [23, 11, 24, 10], [1, 17, 2, 16], [3, 9, 4, 8], [5, 15, 6, 14], [7, 18, 8, 19], [9, 23, 10, 22]]"
12a_1059_20,"[[9, 23, 10, 22], [11, 1, 12, 24], [13, 5, 14, 4], [15, 21, 16, 20], [17, 3, 18, 2], [19, 6, 20, 7], [21, 13, 22, 12], [23, 11, 24, 10], [1, 17, 2, 16], [3, 9, 4, 8], [5, 15, 6, 14], [7, 18, 8, 19]]"
12a_1059_21,"[[7, 18, 8, 19], [9, 23, 10, 22], [11, 1, 12, 24], [13, 5, 14, 4], [15, 21, 16, 20], [17, 3, 18, 2], [19, 6, 20, 7], [21, 13, 22, 12], [23, 11, 24, 10], [1, 17, 2, 16], [3, 9, 4, 8], [5, 15, 6, 14]]"
12a_1059_22,"[[5, 15, 6, 14], [7, 18, 8, 19], [9, 23, 10, 22], [11, 1, 12, 24], [13, 5, 14, 4], [15, 21, 16, 20], [17, 3, 18, 2], [19, 6, 20, 7], [21, 13, 22, 12], [23, 11, 24, 10], [1, 17, 2, 16], [3, 9, 4, 8]]"
12a_1059_23,"[[3, 9, 4, 8], [5, 15, 6, 14], [7, 18, 8, 19], [9, 23, 10, 22], [11, 1, 12, 24], [13, 5, 14, 4], [15, 21, 16, 20], [17, 3, 18, 2], [19, 6, 20, 7], [21, 13, 22, 12], [23, 11, 24, 10], [1, 17, 2, 16]]"
12a_1059_24,"[[2, 18, 3, 17], [4, 10, 5, 9], [6, 16, 7, 15], [8, 19, 9, 20], [10, 24, 11, 23], [12, 2, 13, 1], [14, 6, 15, 5], [16, 22, 17, 21], [18, 4, 19, 3], [20, 7, 21, 8], [22, 14, 23, 13], [24, 12, 1, 11]]"
12a_1059_25,"[[24, 12, 1, 11], [2, 18, 3, 17], [4, 10, 5, 9], [6, 16, 7, 15], [8, 19, 9, 20], [10, 24, 11, 23], [12, 2, 13, 1], [14, 6, 15, 5], [16, 22, 17, 21], [18, 4, 19, 3], [20, 7, 21, 8], [22, 14, 23, 13]]"
12a_1059_26,"[[22, 14, 23, 13], [24, 12, 1, 11], [2, 18, 3, 17], [4, 10, 5, 9], [6, 16, 7, 15], [8, 19, 9, 20], [10, 24, 11, 23], [12, 2, 13, 1], [14, 6, 15, 5], [16, 22, 17, 21], [18, 4, 19, 3], [20, 7, 21, 8]]"
12a_1059_27,"[[20, 7, 21, 8], [22, 14, 23, 13], [24, 12, 1, 11], [2, 18, 3, 17], [4, 10, 5, 9], [6, 16, 7, 15], [8, 19, 9, 20], [10, 24, 11, 23], [12, 2, 13, 1], [14, 6, 15, 5], [16, 22, 17, 21], [18, 4, 19, 3]]"
12a_1059_28,"[[18, 4, 19, 3], [20, 7, 21, 8], [22, 14, 23, 13], [24, 12, 1, 11], [2, 18, 3, 17], [4, 10, 5, 9], [6, 16, 7, 15], [8, 19, 9, 20], [10, 24, 11, 23], [12, 2, 13, 1], [14, 6, 15, 5], [16, 22, 17, 21]]"
12a_1059_29,"[[16, 22, 17, 21], [18, 4, 19, 3], [20, 7, 21, 8], [22, 14, 23, 13], [24, 12, 1, 11], [2, 18, 3, 17], [4, 10, 5, 9], [6, 16, 7, 15], [8, 19, 9, 20], [10, 24, 11, 23], [12, 2, 13, 1], [14, 6, 15, 5]]"
12a_1059_30,"[[14, 6, 15, 5], [16, 22, 17, 21], [18, 4, 19, 3], [20, 7, 21, 8], [22, 14, 23, 13], [24, 12, 1, 11], [2, 18, 3, 17], [4, 10, 5, 9], [6, 16, 7, 15], [8, 19, 9, 20], [10, 24, 11, 23], [12, 2, 13, 1]]"
12a_1059_31,"[[12, 2, 13, 1], [14, 6, 15, 5], [16, 22, 17, 21], [18, 4, 19, 3], [20, 7, 21, 8], [22, 14, 23, 13], [24, 12, 1, 11], [2, 18, 3, 17], [4, 10, 5, 9], [6, 16, 7, 15], [8, 19, 9, 20], [10, 24, 11, 23]]"
12a_1059_32,"[[10, 24, 11, 23], [12, 2, 13, 1], [14, 6, 15, 5], [16, 22, 17, 21], [18, 4, 19, 3], [20, 7, 21, 8], [22, 14, 23, 13], [24, 12, 1, 11], [2, 18, 3, 17], [4, 10, 5, 9], [6, 16, 7, 15], [8, 19, 9, 20]]"
12a_1059_33,"[[8, 19, 9, 20], [10, 24, 11, 23], [12, 2, 13, 1], [14, 6, 15, 5], [16, 22, 17, 21], [18, 4, 19, 3], [20, 7, 21, 8], [22, 14, 23, 13], [24, 12, 1, 11], [2, 18, 3, 17], [4, 10, 5, 9], [6, 16, 7, 15]]"
12a_1059_34,"[[6, 16, 7, 15], [8, 19, 9, 20], [10, 24, 11, 23], [12, 2, 13, 1], [14, 6, 15, 5], [16, 22, 17, 21], [18, 4, 19, 3], [20, 7, 21, 8], [22, 14, 23, 13], [24, 12, 1, 11], [2, 18, 3, 17], [4, 10, 5, 9]]"
12a_1059_35,"[[4, 10, 5, 9], [6, 16, 7, 15], [8, 19, 9, 20], [10, 24, 11, 23], [12, 2, 13, 1], [14, 6, 15, 5], [16, 22, 17, 21], [18, 4, 19, 3], [20, 7, 21, 8], [22, 14, 23, 13], [24, 12, 1, 11], [2, 18, 3, 17]]"
12a_1059_36,"[[3, 19, 4, 18], [5, 11, 6, 10], [7, 17, 8, 16], [9, 20, 10, 21], [11, 1, 12, 24], [13, 3, 14, 2], [15, 7, 16, 6], [17, 23, 18, 22], [19, 5, 20, 4], [21, 8, 22, 9], [23, 15, 24, 14], [1, 13, 2, 12]]"
12a_1059_37,"[[1, 13, 2, 12], [3, 19, 4, 18], [5, 11, 6, 10], [7, 17, 8, 16], [9, 20, 10, 21], [11, 1, 12, 24], [13, 3, 14, 2], [15, 7, 16, 6], [17, 23, 18, 22], [19, 5, 20, 4], [21, 8, 22, 9], [23, 15, 24, 14]]"
12a_1059_38,"[[23, 15, 24, 14], [1, 13, 2, 12], [3, 19, 4, 18], [5, 11, 6, 10], [7, 17, 8, 16], [9, 20, 10, 21], [11, 1, 12, 24], [13, 3, 14, 2], [15, 7, 16, 6], [17, 23, 18, 22], [19, 5, 20, 4], [21, 8, 22, 9]]"
12a_1059_39,"[[21, 8, 22, 9], [23, 15, 24, 14], [1, 13, 2, 12], [3, 19, 4, 18], [5, 11, 6, 10], [7, 17, 8, 16], [9, 20, 10, 21], [11, 1, 12, 24], [13, 3, 14, 2], [15, 7, 16, 6], [17, 23, 18, 22], [19, 5, 20, 4]]"
12a_1059_40,"[[19, 5, 20, 4], [21, 8, 22, 9], [23, 15, 24, 14], [1, 13, 2, 12], [3, 19, 4, 18], [5, 11, 6, 10], [7, 17, 8, 16], [9, 20, 10, 21], [11, 1, 12, 24], [13, 3, 14, 2], [15, 7, 16, 6], [17, 23, 18, 22]]"
12a_1059_41,"[[17, 23, 18, 22], [19, 5, 20, 4], [21, 8, 22, 9], [23, 15, 24, 14], [1, 13, 2, 12], [3, 19, 4, 18], [5, 11, 6, 10], [7, 17, 8, 16], [9, 20, 10, 21], [11, 1, 12, 24], [13, 3, 14, 2], [15, 7, 16, 6]]"
12a_1059_42,"[[15, 7, 16, 6], [17, 23, 18, 22], [19, 5, 20, 4], [21, 8, 22, 9], [23, 15, 24, 14], [1, 13, 2, 12], [3, 19, 4, 18], [5, 11, 6, 10], [7, 17, 8, 16], [9, 20, 10, 21], [11, 1, 12, 24], [13, 3, 14, 2]]"
12a_1059_43,"[[13, 3, 14, 2], [15, 7, 16, 6], [17, 23, 18, 22], [19, 5, 20, 4], [21, 8, 22, 9], [23, 15, 24, 14], [1, 13, 2, 12], [3, 19, 4, 18], [5, 11, 6, 10], [7, 17, 8, 16], [9, 20, 10, 21], [11, 1, 12, 24]]"
12a_1059_44,"[[11, 1, 12, 24], [13, 3, 14, 2], [15, 7, 16, 6], [17, 23, 18, 22], [19, 5, 20, 4], [21, 8, 22, 9], [23, 15, 24, 14], [1, 13, 2, 12], [3, 19, 4, 18], [5, 11, 6, 10], [7, 17, 8, 16], [9, 20, 10, 21]]"
12a_1059_45,"[[9, 20, 10, 21], [11, 1, 12, 24], [13, 3, 14, 2], [15, 7, 16, 6], [17, 23, 18, 22], [19, 5, 20, 4], [21, 8, 22, 9], [23, 15, 24, 14], [1, 13, 2, 12], [3, 19, 4, 18], [5, 11, 6, 10], [7, 17, 8, 16]]"
12a_1059_46,"[[7, 17, 8, 16], [9, 20, 10, 21], [11, 1, 12, 24], [13, 3, 14, 2], [15, 7, 16, 6], [17, 23, 18, 22], [19, 5, 20, 4], [21, 8, 22, 9], [23, 15, 24, 14], [1, 13, 2, 12], [3, 19, 4, 18], [5, 11, 6, 10]]"
12a_1059_47,"[[5, 11, 6, 10], [7, 17, 8, 16], [9, 20, 10, 21], [11, 1, 12, 24], [13, 3, 14, 2], [15, 7, 16, 6], [17, 23, 18, 22], [19, 5, 20, 4], [21, 8, 22, 9], [23, 15, 24, 14], [1, 13, 2, 12], [3, 19, 4, 18]]"
12a_1059_48,"[[4, 20, 5, 19], [6, 12, 7, 11], [8, 18, 9, 17], [10, 21, 11, 22], [12, 2, 13, 1], [14, 4, 15, 3], [16, 8, 17, 7], [18, 24, 19, 23], [20, 6, 21, 5], [22, 9, 23, 10], [24, 16, 1, 15], [2, 14, 3, 13]]"
12a_1059_49,"[[2, 14, 3, 13], [4, 20, 5, 19], [6, 12, 7, 11], [8, 18, 9, 17], [10, 21, 11, 22], [12, 2, 13, 1], [14, 4, 15, 3], [16, 8, 17, 7], [18, 24, 19, 23], [20, 6, 21, 5], [22, 9, 23, 10], [24, 16, 1, 15]]"
12a_1059_50,"[[24, 16, 1, 15], [2, 14, 3, 13], [4, 20, 5, 19], [6, 12, 7, 11], [8, 18, 9, 17], [10, 21, 11, 22], [12, 2, 13, 1], [14, 4, 15, 3], [16, 8, 17, 7], [18, 24, 19, 23], [20, 6, 21, 5], [22, 9, 23, 10]]"
12a_1059_51,"[[22, 9, 23, 10], [24, 16, 1, 15], [2, 14, 3, 13], [4, 20, 5, 19], [6, 12, 7, 11], [8, 18, 9, 17], [10, 21, 11, 22], [12, 2, 13, 1], [14, 4, 15, 3], [16, 8, 17, 7], [18, 24, 19, 23], [20, 6, 21, 5]]"
12a_1059_52,"[[20, 6, 21, 5], [22, 9, 23, 10], [24, 16, 1, 15], [2, 14, 3, 13], [4, 20, 5, 19], [6, 12, 7, 11], [8, 18, 9, 17], [10, 21, 11, 22], [12, 2, 13, 1], [14, 4, 15, 3], [16, 8, 17, 7], [18, 24, 19, 23]]"
12a_1059_53,"[[18, 24, 19, 23], [20, 6, 21, 5], [22, 9, 23, 10], [24, 16, 1, 15], [2, 14, 3, 13], [4, 20, 5, 19], [6, 12, 7, 11], [8, 18, 9, 17], [10, 21, 11, 22], [12, 2, 13, 1], [14, 4, 15, 3], [16, 8, 17, 7]]"
12a_1059_54,"[[16, 8, 17, 7], [18, 24, 19, 23], [20, 6, 21, 5], [22, 9, 23, 10], [24, 16, 1, 15], [2, 14, 3, 13], [4, 20, 5, 19], [6, 12, 7, 11], [8, 18, 9, 17], [10, 21, 11, 22], [12, 2, 13, 1], [14, 4, 15, 3]]"
12a_1059_55,"[[14, 4, 15, 3], [16, 8, 17, 7], [18, 24, 19, 23], [20, 6, 21, 5], [22, 9, 23, 10], [24, 16, 1, 15], [2, 14, 3, 13], [4, 20, 5, 19], [6, 12, 7, 11], [8, 18, 9, 17], [10, 21, 11, 22], [12, 2, 13, 1]]"
12a_1059_56,"[[12, 2, 13, 1], [14, 4, 15, 3], [16, 8, 17, 7], [18, 24, 19, 23], [20, 6, 21, 5], [22, 9, 23, 10], [24, 16, 1, 15], [2, 14, 3, 13], [4, 20, 5, 19], [6, 12, 7, 11], [8, 18, 9, 17], [10, 21, 11, 22]]"
12a_1059_57,"[[10, 21, 11, 22], [12, 2, 13, 1], [14, 4, 15, 3], [16, 8, 17, 7], [18, 24, 19, 23], [20, 6, 21, 5], [22, 9, 23, 10], [24, 16, 1, 15], [2, 14, 3, 13], [4, 20, 5, 19], [6, 12, 7, 11], [8, 18, 9, 17]]"
12a_1059_58,"[[8, 18, 9, 17], [10, 21, 11, 22], [12, 2, 13, 1], [14, 4, 15, 3], [16, 8, 17, 7], [18, 24, 19, 23], [20, 6, 21, 5], [22, 9, 23, 10], [24, 16, 1, 15], [2, 14, 3, 13], [4, 20, 5, 19], [6, 12, 7, 11]]"
12a_1059_59,"[[6, 12, 7, 11], [8, 18, 9, 17], [10, 21, 11, 22], [12, 2, 13, 1], [14, 4, 15, 3], [16, 8, 17, 7], [18, 24, 19, 23], [20, 6, 21, 5], [22, 9, 23, 10], [24, 16, 1, 15], [2, 14, 3, 13], [4, 20, 5, 19]]"
12a_1059_60,"[[5, 21, 6, 20], [7, 13, 8, 12], [9, 19, 10, 18], [11, 22, 12, 23], [13, 3, 14, 2], [15, 5, 16, 4], [17, 9, 18, 8], [19, 1, 20, 24], [21, 7, 22, 6], [23, 10, 24, 11], [1, 17, 2, 16], [3, 15, 4, 14]]"
12a_1059_61,"[[3, 15, 4, 14], [5, 21, 6, 20], [7, 13, 8, 12], [9, 19, 10, 18], [11, 22, 12, 23], [13, 3, 14, 2], [15, 5, 16, 4], [17, 9, 18, 8], [19, 1, 20, 24], [21, 7, 22, 6], [23, 10, 24, 11], [1, 17, 2, 16]]"
12a_1059_62,"[[1, 17, 2, 16], [3, 15, 4, 14], [5, 21, 6, 20], [7, 13, 8, 12], [9, 19, 10, 18], [11, 22, 12, 23], [13, 3, 14, 2], [15, 5, 16, 4], [17, 9, 18, 8], [19, 1, 20, 24], [21, 7, 22, 6], [23, 10, 24, 11]]"
12a_1059_63,"[[23, 10, 24, 11], [1, 17, 2, 16], [3, 15, 4, 14], [5, 21, 6, 20], [7, 13, 8, 12], [9, 19, 10, 18], [11, 22, 12, 23], [13, 3, 14, 2], [15, 5, 16, 4], [17, 9, 18, 8], [19, 1, 20, 24], [21, 7, 22, 6]]"
12a_1059_64,"[[21, 7, 22, 6], [23, 10, 24, 11], [1, 17, 2, 16], [3, 15, 4, 14], [5, 21, 6, 20], [7, 13, 8, 12], [9, 19, 10, 18], [11, 22, 12, 23], [13, 3, 14, 2], [15, 5, 16, 4], [17, 9, 18, 8], [19, 1, 20, 24]]"
12a_1059_65,"[[19, 1, 20, 24], [21, 7, 22, 6], [23, 10, 24, 11], [1, 17, 2, 16], [3, 15, 4, 14], [5, 21, 6, 20], [7, 13, 8, 12], [9, 19, 10, 18], [11, 22, 12, 23], [13, 3, 14, 2], [15, 5, 16, 4], [17, 9, 18, 8]]"
12a_1059_66,"[[17, 9, 18, 8], [19, 1, 20, 24], [21, 7, 22, 6], [23, 10, 24, 11], [1, 17, 2, 16], [3, 15, 4, 14], [5, 21, 6, 20], [7, 13, 8, 12], [9, 19, 10, 18], [11, 22, 12, 23], [13, 3, 14, 2], [15, 5, 16, 4]]"
12a_1059_67,"[[15, 5, 16, 4], [17, 9, 18, 8], [19, 1, 20, 24], [21, 7, 22, 6], [23, 10, 24, 11], [1, 17, 2, 16], [3, 15, 4, 14], [5, 21, 6, 20], [7, 13, 8, 12], [9, 19, 10, 18], [11, 22, 12, 23], [13, 3, 14, 2]]"
12a_1059_68,"[[13, 3, 14, 2], [15, 5, 16, 4], [17, 9, 18, 8], [19, 1, 20, 24], [21, 7, 22, 6], [23, 10, 24, 11], [1, 17, 2, 16], [3, 15, 4, 14], [5, 21, 6, 20], [7, 13, 8, 12], [9, 19, 10, 18], [11, 22, 12, 23]]"
12a_1059_69,"[[11, 22, 12, 23], [13, 3, 14, 2], [15, 5, 16, 4], [17, 9, 18, 8], [19, 1, 20, 24], [21, 7, 22, 6], [23, 10, 24, 11], [1, 17, 2, 16], [3, 15, 4, 14], [5, 21, 6, 20], [7, 13, 8, 12], [9, 19, 10, 18]]"
12a_1059_70,"[[9, 19, 10, 18], [11, 22, 12, 23], [13, 3, 14, 2], [15, 5, 16, 4], [17, 9, 18, 8], [19, 1, 20, 24], [21, 7, 22, 6], [23, 10, 24, 11], [1, 17, 2, 16], [3, 15, 4, 14], [5, 21, 6, 20], [7, 13, 8, 12]]"
12a_1059_71,"[[7, 13, 8, 12], [9, 19, 10, 18], [11, 22, 12, 23], [13, 3, 14, 2], [15, 5, 16, 4], [17, 9, 18, 8], [19, 1, 20, 24], [21, 7, 22, 6], [23, 10, 24, 11], [1, 17, 2, 16], [3, 15, 4, 14], [5, 21, 6, 20]]"
12a_1059_72,"[[6, 22, 7, 21], [8, 14, 9, 13], [10, 20, 11, 19], [12, 23, 13, 24], [14, 4, 15, 3], [16, 6, 17, 5], [18, 10, 19, 9], [20, 2, 21, 1], [22, 8, 23, 7], [24, 11, 1, 12], [2, 18, 3, 17], [4, 16, 5, 15]]"
12a_1059_73,"[[4, 16, 5, 15], [6, 22, 7, 21], [8, 14, 9, 13], [10, 20, 11, 19], [12, 23, 13, 24], [14, 4, 15, 3], [16, 6, 17, 5], [18, 10, 19, 9], [20, 2, 21, 1], [22, 8, 23, 7], [24, 11, 1, 12], [2, 18, 3, 17]]"
12a_1059_74,"[[2, 18, 3, 17], [4, 16, 5, 15], [6, 22, 7, 21], [8, 14, 9, 13], [10, 20, 11, 19], [12, 23, 13, 24], [14, 4, 15, 3], [16, 6, 17, 5], [18, 10, 19, 9], [20, 2, 21, 1], [22, 8, 23, 7], [24, 11, 1, 12]]"
12a_1059_75,"[[24, 11, 1, 12], [2, 18, 3, 17], [4, 16, 5, 15], [6, 22, 7, 21], [8, 14, 9, 13], [10, 20, 11, 19], [12, 23, 13, 24], [14, 4, 15, 3], [16, 6, 17, 5], [18, 10, 19, 9], [20, 2, 21, 1], [22, 8, 23, 7]]"
12a_1059_76,"[[22, 8, 23, 7], [24, 11, 1, 12], [2, 18, 3, 17], [4, 16, 5, 15], [6, 22, 7, 21], [8, 14, 9, 13], [10, 20, 11, 19], [12, 23, 13, 24], [14, 4, 15, 3], [16, 6, 17, 5], [18, 10, 19, 9], [20, 2, 21, 1]]"
12a_1059_77,"[[20, 2, 21, 1], [22, 8, 23, 7], [24, 11, 1, 12], [2, 18, 3, 17], [4, 16, 5, 15], [6, 22, 7, 21], [8, 14, 9, 13], [10, 20, 11, 19], [12, 23, 13, 24], [14, 4, 15, 3], [16, 6, 17, 5], [18, 10, 19, 9]]"
12a_1059_78,"[[18, 10, 19, 9], [20, 2, 21, 1], [22, 8, 23, 7], [24, 11, 1, 12], [2, 18, 3, 17], [4, 16, 5, 15], [6, 22, 7, 21], [8, 14, 9, 13], [10, 20, 11, 19], [12, 23, 13, 24], [14, 4, 15, 3], [16, 6, 17, 5]]"
12a_1059_79,"[[16, 6, 17, 5], [18, 10, 19, 9], [20, 2, 21, 1], [22, 8, 23, 7], [24, 11, 1, 12], [2, 18, 3, 17], [4, 16, 5, 15], [6, 22, 7, 21], [8, 14, 9, 13], [10, 20, 11, 19], [12, 23, 13, 24], [14, 4, 15, 3]]"
12a_1059_80,"[[14, 4, 15, 3], [16, 6, 17, 5], [18, 10, 19, 9], [20, 2, 21, 1], [22, 8, 23, 7], [24, 11, 1, 12], [2, 18, 3, 17], [4, 16, 5, 15], [6, 22, 7, 21], [8, 14, 9, 13], [10, 20, 11, 19], [12, 23, 13, 24]]"
12a_1059_81,"[[12, 23, 13, 24], [14, 4, 15, 3], [16, 6, 17, 5], [18, 10, 19, 9], [20, 2, 21, 1], [22, 8, 23, 7], [24, 11, 1, 12], [2, 18, 3, 17], [4, 16, 5, 15], [6, 22, 7, 21], [8, 14, 9, 13], [10, 20, 11, 19]]"
12a_1059_82,"[[10, 20, 11, 19], [12, 23, 13, 24], [14, 4, 15, 3], [16, 6, 17, 5], [18, 10, 19, 9], [20, 2, 21, 1], [22, 8, 23, 7], [24, 11, 1, 12], [2, 18, 3, 17], [4, 16, 5, 15], [6, 22, 7, 21], [8, 14, 9, 13]]"
12a_1059_83,"[[8, 14, 9, 13], [10, 20, 11, 19], [12, 23, 13, 24], [14, 4, 15, 3], [16, 6, 17, 5], [18, 10, 19, 9], [20, 2, 21, 1], [22, 8, 23, 7], [24, 11, 1, 12], [2, 18, 3, 17], [4, 16, 5, 15], [6, 22, 7, 21]]"
12a_1059_84,"[[7, 23, 8, 22], [9, 15, 10, 14], [11, 21, 12, 20], [13, 24, 14, 1], [15, 5, 16, 4], [17, 7, 18, 6], [19, 11, 20, 10], [21, 3, 22, 2], [23, 9, 24, 8], [1, 12, 2, 13], [3, 19, 4, 18], [5, 17, 6, 16]]"
12a_1059_85,"[[5, 17, 6, 16], [7, 23, 8, 22], [9, 15, 10, 14], [11, 21, 12, 20], [13, 24, 14, 1], [15, 5, 16, 4], [17, 7, 18, 6], [19, 11, 20, 10], [21, 3, 22, 2], [23, 9, 24, 8], [1, 12, 2, 13], [3, 19, 4, 18]]"
12a_1059_86,"[[3, 19, 4, 18], [5, 17, 6, 16], [7, 23, 8, 22], [9, 15, 10, 14], [11, 21, 12, 20], [13, 24, 14, 1], [15, 5, 16, 4], [17, 7, 18, 6], [19, 11, 20, 10], [21, 3, 22, 2], [23, 9, 24, 8], [1, 12, 2, 13]]"
12a_1059_87,"[[1, 12, 2, 13], [3, 19, 4, 18], [5, 17, 6, 16], [7, 23, 8, 22], [9, 15, 10, 14], [11, 21, 12, 20], [13, 24, 14, 1], [15, 5, 16, 4], [17, 7, 18, 6], [19, 11, 20, 10], [21, 3, 22, 2], [23, 9, 24, 8]]"
12a_1059_88,"[[23, 9, 24, 8], [1, 12, 2, 13], [3, 19, 4, 18], [5, 17, 6, 16], [7, 23, 8, 22], [9, 15, 10, 14], [11, 21, 12, 20], [13, 24, 14, 1], [15, 5, 16, 4], [17, 7, 18, 6], [19, 11, 20, 10], [21, 3, 22, 2]]"
12a_1059_89,"[[21, 3, 22, 2], [23, 9, 24, 8], [1, 12, 2, 13], [3, 19, 4, 18], [5, 17, 6, 16], [7, 23, 8, 22], [9, 15, 10, 14], [11, 21, 12, 20], [13, 24, 14, 1], [15, 5, 16, 4], [17, 7, 18, 6], [19, 11, 20, 10]]"
12a_1059_90,"[[19, 11, 20, 10], [21, 3, 22, 2], [23, 9, 24, 8], [1, 12, 2, 13], [3, 19, 4, 18], [5, 17, 6, 16], [7, 23, 8, 22], [9, 15, 10, 14], [11, 21, 12, 20], [13, 24, 14, 1], [15, 5, 16, 4], [17, 7, 18, 6]]"
12a_1059_91,"[[17, 7, 18, 6], [19, 11, 20, 10], [21, 3, 22, 2], [23, 9, 24, 8], [1, 12, 2, 13], [3, 19, 4, 18], [5, 17, 6, 16], [7, 23, 8, 22], [9, 15, 10, 14], [11, 21, 12, 20], [13, 24, 14, 1], [15, 5, 16, 4]]"
12a_1059_92,"[[15, 5, 16, 4], [17, 7, 18, 6], [19, 11, 20, 10], [21, 3, 22, 2], [23, 9, 24, 8], [1, 12, 2, 13], [3, 19, 4, 18], [5, 17, 6, 16], [7, 23, 8, 22], [9, 15, 10, 14], [11, 21, 12, 20], [13, 24, 14, 1]]"
12a_1059_93,"[[13, 24, 14, 1], [15, 5, 16, 4], [17, 7, 18, 6], [19, 11, 20, 10], [21, 3, 22, 2], [23, 9, 24, 8], [1, 12, 2, 13], [3, 19, 4, 18], [5, 17, 6, 16], [7, 23, 8, 22], [9, 15, 10, 14], [11, 21, 12, 20]]"
12a_1059_94,"[[11, 21, 12, 20], [13, 24, 14, 1], [15, 5, 16, 4], [17, 7, 18, 6], [19, 11, 20, 10], [21, 3, 22, 2], [23, 9, 24, 8], [1, 12, 2, 13], [3, 19, 4, 18], [5, 17, 6, 16], [7, 23, 8, 22], [9, 15, 10, 14]]"
12a_1059_95,"[[9, 15, 10, 14], [11, 21, 12, 20], [13, 24, 14, 1], [15, 5, 16, 4], [17, 7, 18, 6], [19, 11, 20, 10], [21, 3, 22, 2], [23, 9, 24, 8], [1, 12, 2, 13], [3, 19, 4, 18], [5, 17, 6, 16], [7, 23, 8, 22]]"
12a_1059_96,"[[8, 24, 9, 23], [10, 16, 11, 15], [12, 22, 13, 21], [14, 1, 15, 2], [16, 6, 17, 5], [18, 8, 19, 7], [20, 12, 21, 11], [22, 4, 23, 3], [24, 10, 1, 9], [2, 13, 3, 14], [4, 20, 5, 19], [6, 18, 7, 17]]"
12a_1059_97,"[[6, 18, 7, 17], [8, 24, 9, 23], [10, 16, 11, 15], [12, 22, 13, 21], [14, 1, 15, 2], [16, 6, 17, 5], [18, 8, 19, 7], [20, 12, 21, 11], [22, 4, 23, 3], [24, 10, 1, 9], [2, 13, 3, 14], [4, 20, 5, 19]]"
12a_1059_98,"[[4, 20, 5, 19], [6, 18, 7, 17], [8, 24, 9, 23], [10, 16, 11, 15], [12, 22, 13, 21], [14, 1, 15, 2], [16, 6, 17, 5], [18, 8, 19, 7], [20, 12, 21, 11], [22, 4, 23, 3], [24, 10, 1, 9], [2, 13, 3, 14]]"
12a_1059_99,"[[2, 13, 3, 14], [4, 20, 5, 19], [6, 18, 7, 17], [8, 24, 9, 23], [10, 16, 11, 15], [12, 22, 13, 21], [14, 1, 15, 2], [16, 6, 17, 5], [18, 8, 19, 7], [20, 12, 21, 11], [22, 4, 23, 3], [24, 10, 1, 9]]"
12a_1059_100,"[[24, 10, 1, 9], [2, 13, 3, 14], [4, 20, 5, 19], [6, 18, 7, 17], [8, 24, 9, 23], [10, 16, 11, 15], [12, 22, 13, 21], [14, 1, 15, 2], [16, 6, 17, 5], [18, 8, 19, 7], [20, 12, 21, 11], [22, 4, 23, 3]]"
12a_1059_101,"[[22, 4, 23, 3], [24, 10, 1, 9], [2, 13, 3, 14], [4, 20, 5, 19], [6, 18, 7, 17], [8, 24, 9, 23], [10, 16, 11, 15], [12, 22, 13, 21], [14, 1, 15, 2], [16, 6, 17, 5], [18, 8, 19, 7], [20, 12, 21, 11]]"
12a_1059_102,"[[20, 12, 21, 11], [22, 4, 23, 3], [24, 10, 1, 9], [2, 13, 3, 14], [4, 20, 5, 19], [6, 18, 7, 17], [8, 24, 9, 23], [10, 16, 11, 15], [12, 22, 13, 21], [14, 1, 15, 2], [16, 6, 17, 5], [18, 8, 19, 7]]"
12a_1059_103,"[[18, 8, 19, 7], [20, 12, 21, 11], [22, 4, 23, 3], [24, 10, 1, 9], [2, 13, 3, 14], [4, 20, 5, 19], [6, 18, 7, 17], [8, 24, 9, 23], [10, 16, 11, 15], [12, 22, 13, 21], [14, 1, 15, 2], [16, 6, 17, 5]]"
12a_1059_104,"[[16, 6, 17, 5], [18, 8, 19, 7], [20, 12, 21, 11], [22, 4, 23, 3], [24, 10, 1, 9], [2, 13, 3, 14], [4, 20, 5, 19], [6, 18, 7, 17], [8, 24, 9, 23], [10, 16, 11, 15], [12, 22, 13, 21], [14, 1, 15, 2]]"
12a_1059_105,"[[14, 1, 15, 2], [16, 6, 17, 5], [18, 8, 19, 7], [20, 12, 21, 11], [22, 4, 23, 3], [24, 10, 1, 9], [2, 13, 3, 14], [4, 20, 5, 19], [6, 18, 7, 17], [8, 24, 9, 23], [10, 16, 11, 15], [12, 22, 13, 21]]"
12a_1059_106,"[[12, 22, 13, 21], [14, 1, 15, 2], [16, 6, 17, 5], [18, 8, 19, 7], [20, 12, 21, 11], [22, 4, 23, 3], [24, 10, 1, 9], [2, 13, 3, 14], [4, 20, 5, 19], [6, 18, 7, 17], [8, 24, 9, 23], [10, 16, 11, 15]]"
12a_1059_107,"[[10, 16, 11, 15], [12, 22, 13, 21], [14, 1, 15, 2], [16, 6, 17, 5], [18, 8, 19, 7], [20, 12, 21, 11], [22, 4, 23, 3], [24, 10, 1, 9], [2, 13, 3, 14], [4, 20, 5, 19], [6, 18, 7, 17], [8, 24, 9, 23]]"
12a_1059_108,"[[9, 1, 10, 24], [11, 17, 12, 16], [13, 23, 14, 22], [15, 2, 16, 3], [17, 7, 18, 6], [19, 9, 20, 8], [21, 13, 22, 12], [23, 5, 24, 4], [1, 11, 2, 10], [3, 14, 4, 15], [5, 21, 6, 20], [7, 19, 8, 18]]"
12a_1059_109,"[[7, 19, 8, 18], [9, 1, 10, 24], [11, 17, 12, 16], [13, 23, 14, 22], [15, 2, 16, 3], [17, 7, 18, 6], [19, 9, 20, 8], [21, 13, 22, 12], [23, 5, 24, 4], [1, 11, 2, 10], [3, 14, 4, 15], [5, 21, 6, 20]]"
12a_1059_110,"[[5, 21, 6, 20], [7, 19, 8, 18], [9, 1, 10, 24], [11, 17, 12, 16], [13, 23, 14, 22], [15, 2, 16, 3], [17, 7, 18, 6], [19, 9, 20, 8], [21, 13, 22, 12], [23, 5, 24, 4], [1, 11, 2, 10], [3, 14, 4, 15]]"
12a_1059_111,"[[3, 14, 4, 15], [5, 21, 6, 20], [7, 19, 8, 18], [9, 1, 10, 24], [11, 17, 12, 16], [13, 23, 14, 22], [15, 2, 16, 3], [17, 7, 18, 6], [19, 9, 20, 8], [21, 13, 22, 12], [23, 5, 24, 4], [1, 11, 2, 10]]"
12a_1059_112,"[[1, 11, 2, 10], [3, 14, 4, 15], [5, 21, 6, 20], [7, 19, 8, 18], [9, 1, 10, 24], [11, 17, 12, 16], [13, 23, 14, 22], [15, 2, 16, 3], [17, 7, 18, 6], [19, 9, 20, 8], [21, 13, 22, 12], [23, 5, 24, 4]]"
12a_1059_113,"[[23, 5, 24, 4], [1, 11, 2, 10], [3, 14, 4, 15], [5, 21, 6, 20], [7, 19, 8, 18], [9, 1, 10, 24], [11, 17, 12, 16], [13, 23, 14, 22], [15, 2, 16, 3], [17, 7, 18, 6], [19, 9, 20, 8], [21, 13, 22, 12]]"
12a_1059_114,"[[21, 13, 22, 12], [23, 5, 24, 4], [1, 11, 2, 10], [3, 14, 4, 15], [5, 21, 6, 20], [7, 19, 8, 18], [9, 1, 10, 24], [11, 17, 12, 16], [13, 23, 14, 22], [15, 2, 16, 3], [17, 7, 18, 6], [19, 9, 20, 8]]"
12a_1059_115,"[[19, 9, 20, 8], [21, 13, 22, 12], [23, 5, 24, 4], [1, 11, 2, 10], [3, 14, 4, 15], [5, 21, 6, 20], [7, 19, 8, 18], [9, 1, 10, 24], [11, 17, 12, 16], [13, 23, 14, 22], [15, 2, 16, 3], [17, 7, 18, 6]]"
12a_1059_116,"[[17, 7, 18, 6], [19, 9, 20, 8], [21, 13, 22, 12], [23, 5, 24, 4], [1, 11, 2, 10], [3, 14, 4, 15], [5, 21, 6, 20], [7, 19, 8, 18], [9, 1, 10, 24], [11, 17, 12, 16], [13, 23, 14, 22], [15, 2, 16, 3]]"
12a_1059_117,"[[15, 2, 16, 3], [17, 7, 18, 6], [19, 9, 20, 8], [21, 13, 22, 12], [23, 5, 24, 4], [1, 11, 2, 10], [3, 14, 4, 15], [5, 21, 6, 20], [7, 19, 8, 18], [9, 1, 10, 24], [11, 17, 12, 16], [13, 23, 14, 22]]"
12a_1059_118,"[[13, 23, 14, 22], [15, 2, 16, 3], [17, 7, 18, 6], [19, 9, 20, 8], [21, 13, 22, 12], [23, 5, 24, 4], [1, 11, 2, 10], [3, 14, 4, 15], [5, 21, 6, 20], [7, 19, 8, 18], [9, 1, 10, 24], [11, 17, 12, 16]]"
12a_1059_119,"[[11, 17, 12, 16], [13, 23, 14, 22], [15, 2, 16, 3], [17, 7, 18, 6], [19, 9, 20, 8], [21, 13, 22, 12], [23, 5, 24, 4], [1, 11, 2, 10], [3, 14, 4, 15], [5, 21, 6, 20], [7, 19, 8, 18], [9, 1, 10, 24]]"
12a_1059_120,"[[10, 2, 11, 1], [12, 18, 13, 17], [14, 24, 15, 23], [16, 3, 17, 4], [18, 8, 19, 7], [20, 10, 21, 9], [22, 14, 23, 13], [24, 6, 1, 5], [2, 12, 3, 11], [4, 15, 5, 16], [6, 22, 7, 21], [8, 20, 9, 19]]"
12a_1059_121,"[[8, 20, 9, 19], [10, 2, 11, 1], [12, 18, 13, 17], [14, 24, 15, 23], [16, 3, 17, 4], [18, 8, 19, 7], [20, 10, 21, 9], [22, 14, 23, 13], [24, 6, 1, 5], [2, 12, 3, 11], [4, 15, 5, 16], [6, 22, 7, 21]]"
12a_1059_122,"[[6, 22, 7, 21], [8, 20, 9, 19], [10, 2, 11, 1], [12, 18, 13, 17], [14, 24, 15, 23], [16, 3, 17, 4], [18, 8, 19, 7], [20, 10, 21, 9], [22, 14, 23, 13], [24, 6, 1, 5], [2, 12, 3, 11], [4, 15, 5, 16]]"
12a_1059_123,"[[4, 15, 5, 16], [6, 22, 7, 21], [8, 20, 9, 19], [10, 2, 11, 1], [12, 18, 13, 17], [14, 24, 15, 23], [16, 3, 17, 4], [18, 8, 19, 7], [20, 10, 21, 9], [22, 14, 23, 13], [24, 6, 1, 5], [2, 12, 3, 11]]"
12a_1059_124,"[[2, 12, 3, 11], [4, 15, 5, 16], [6, 22, 7, 21], [8, 20, 9, 19], [10, 2, 11, 1], [12, 18, 13, 17], [14, 24, 15, 23], [16, 3, 17, 4], [18, 8, 19, 7], [20, 10, 21, 9], [22, 14, 23, 13], [24, 6, 1, 5]]"
12a_1059_125,"[[24, 6, 1, 5], [2, 12, 3, 11], [4, 15, 5, 16], [6, 22, 7, 21], [8, 20, 9, 19], [10, 2, 11, 1], [12, 18, 13, 17], [14, 24, 15, 23], [16, 3, 17, 4], [18, 8, 19, 7], [20, 10, 21, 9], [22, 14, 23, 13]]"
12a_1059_126,"[[22, 14, 23, 13], [24, 6, 1, 5], [2, 12, 3, 11], [4, 15, 5, 16], [6, 22, 7, 21], [8, 20, 9, 19], [10, 2, 11, 1], [12, 18, 13, 17], [14, 24, 15, 23], [16, 3, 17, 4], [18, 8, 19, 7], [20, 10, 21, 9]]"
12a_1059_127,"[[20, 10, 21, 9], [22, 14, 23, 13], [24, 6, 1, 5], [2, 12, 3, 11], [4, 15, 5, 16], [6, 22, 7, 21], [8, 20, 9, 19], [10, 2, 11, 1], [12, 18, 13, 17], [14, 24, 15, 23], [16, 3, 17, 4], [18, 8, 19, 7]]"
12a_1059_128,"[[18, 8, 19, 7], [20, 10, 21, 9], [22, 14, 23, 13], [24, 6, 1, 5], [2, 12, 3, 11], [4, 15, 5, 16], [6, 22, 7, 21], [8, 20, 9, 19], [10, 2, 11, 1], [12, 18, 13, 17], [14, 24, 15, 23], [16, 3, 17, 4]]"
12a_1059_129,"[[16, 3, 17, 4], [18, 8, 19, 7], [20, 10, 21, 9], [22, 14, 23, 13], [24, 6, 1, 5], [2, 12, 3, 11], [4, 15, 5, 16], [6, 22, 7, 21], [8, 20, 9, 19], [10, 2, 11, 1], [12, 18, 13, 17], [14, 24, 15, 23]]"
12a_1059_130,"[[14, 24, 15, 23], [16, 3, 17, 4], [18, 8, 19, 7], [20, 10, 21, 9], [22, 14, 23, 13], [24, 6, 1, 5], [2, 12, 3, 11], [4, 15, 5, 16], [6, 22, 7, 21], [8, 20, 9, 19], [10, 2, 11, 1], [12, 18, 13, 17]]"
12a_1059_131,"[[12, 18, 13, 17], [14, 24, 15, 23], [16, 3, 17, 4], [18, 8, 19, 7], [20, 10, 21, 9], [22, 14, 23, 13], [24, 6, 1, 5], [2, 12, 3, 11], [4, 15, 5, 16], [6, 22, 7, 21], [8, 20, 9, 19], [10, 2, 11, 1]]"
12a_1059_132,"[[11, 3, 12, 2], [13, 19, 14, 18], [15, 1, 16, 24], [17, 4, 18, 5], [19, 9, 20, 8], [21, 11, 22, 10], [23, 15, 24, 14], [1, 7, 2, 6], [3, 13, 4, 12], [5, 16, 6, 17], [7, 23, 8, 22], [9, 21, 10, 20]]"
12a_1059_133,"[[9, 21, 10, 20], [11, 3, 12, 2], [13, 19, 14, 18], [15, 1, 16, 24], [17, 4, 18, 5], [19, 9, 20, 8], [21, 11, 22, 10], [23, 15, 24, 14], [1, 7, 2, 6], [3, 13, 4, 12], [5, 16, 6, 17], [7, 23, 8, 22]]"
12a_1059_134,"[[7, 23, 8, 22], [9, 21, 10, 20], [11, 3, 12, 2], [13, 19, 14, 18], [15, 1, 16, 24], [17, 4, 18, 5], [19, 9, 20, 8], [21, 11, 22, 10], [23, 15, 24, 14], [1, 7, 2, 6], [3, 13, 4, 12], [5, 16, 6, 17]]"
12a_1059_135,"[[5, 16, 6, 17], [7, 23, 8, 22], [9, 21, 10, 20], [11, 3, 12, 2], [13, 19, 14, 18], [15, 1, 16, 24], [17, 4, 18, 5], [19, 9, 20, 8], [21, 11, 22, 10], [23, 15, 24, 14], [1, 7, 2, 6], [3, 13, 4, 12]]"
12a_1059_136,"[[3, 13, 4, 12], [5, 16, 6, 17], [7, 23, 8, 22], [9, 21, 10, 20], [11, 3, 12, 2], [13, 19, 14, 18], [15, 1, 16, 24], [17, 4, 18, 5], [19, 9, 20, 8], [21, 11, 22, 10], [23, 15, 24, 14], [1, 7, 2, 6]]"
12a_1059_137,"[[1, 7, 2, 6], [3, 13, 4, 12], [5, 16, 6, 17], [7, 23, 8, 22], [9, 21, 10, 20], [11, 3, 12, 2], [13, 19, 14, 18], [15, 1, 16, 24], [17, 4, 18, 5], [19, 9, 20, 8], [21, 11, 22, 10], [23, 15, 24, 14]]"
12a_1059_138,"[[23, 15, 24, 14], [1, 7, 2, 6], [3, 13, 4, 12], [5, 16, 6, 17], [7, 23, 8, 22], [9, 21, 10, 20], [11, 3, 12, 2], [13, 19, 14, 18], [15, 1, 16, 24], [17, 4, 18, 5], [19, 9, 20, 8], [21, 11, 22, 10]]"
12a_1059_139,"[[21, 11, 22, 10], [23, 15, 24, 14], [1, 7, 2, 6], [3, 13, 4, 12], [5, 16, 6, 17], [7, 23, 8, 22], [9, 21, 10, 20], [11, 3, 12, 2], [13, 19, 14, 18], [15, 1, 16, 24], [17, 4, 18, 5], [19, 9, 20, 8]]"
12a_1059_140,"[[19, 9, 20, 8], [21, 11, 22, 10], [23, 15, 24, 14], [1, 7, 2, 6], [3, 13, 4, 12], [5, 16, 6, 17], [7, 23, 8, 22], [9, 21, 10, 20], [11, 3, 12, 2], [13, 19, 14, 18], [15, 1, 16, 24], [17, 4, 18, 5]]"
12a_1059_141,"[[17, 4, 18, 5], [19, 9, 20, 8], [21, 11, 22, 10], [23, 15, 24, 14], [1, 7, 2, 6], [3, 13, 4, 12], [5, 16, 6, 17], [7, 23, 8, 22], [9, 21, 10, 20], [11, 3, 12, 2], [13, 19, 14, 18], [15, 1, 16, 24]]"
12a_1059_142,"[[15, 1, 16, 24], [17, 4, 18, 5], [19, 9, 20, 8], [21, 11, 22, 10], [23, 15, 24, 14], [1, 7, 2, 6], [3, 13, 4, 12], [5, 16, 6, 17], [7, 23, 8, 22], [9, 21, 10, 20], [11, 3, 12, 2], [13, 19, 14, 18]]"
12a_1059_143,"[[13, 19, 14, 18], [15, 1, 16, 24], [17, 4, 18, 5], [19, 9, 20, 8], [21, 11, 22, 10], [23, 15, 24, 14], [1, 7, 2, 6], [3, 13, 4, 12], [5, 16, 6, 17], [7, 23, 8, 22], [9, 21, 10, 20], [11, 3, 12, 2]]"
12a_1059_144,"[[12, 4, 13, 3], [14, 20, 15, 19], [16, 2, 17, 1], [18, 5, 19, 6], [20, 10, 21, 9], [22, 12, 23, 11], [24, 16, 1, 15], [2, 8, 3, 7], [4, 14, 5, 13], [6, 17, 7, 18], [8, 24, 9, 23], [10, 22, 11, 21]]"
12a_1059_145,"[[10, 22, 11, 21], [12, 4, 13, 3], [14, 20, 15, 19], [16, 2, 17, 1], [18, 5, 19, 6], [20, 10, 21, 9], [22, 12, 23, 11], [24, 16, 1, 15], [2, 8, 3, 7], [4, 14, 5, 13], [6, 17, 7, 18], [8, 24, 9, 23]]"
12a_1059_146,"[[8, 24, 9, 23], [10, 22, 11, 21], [12, 4, 13, 3], [14, 20, 15, 19], [16, 2, 17, 1], [18, 5, 19, 6], [20, 10, 21, 9], [22, 12, 23, 11], [24, 16, 1, 15], [2, 8, 3, 7], [4, 14, 5, 13], [6, 17, 7, 18]]"
12a_1059_147,"[[6, 17, 7, 18], [8, 24, 9, 23], [10, 22, 11, 21], [12, 4, 13, 3], [14, 20, 15, 19], [16, 2, 17, 1], [18, 5, 19, 6], [20, 10, 21, 9], [22, 12, 23, 11], [24, 16, 1, 15], [2, 8, 3, 7], [4, 14, 5, 13]]"
12a_1059_148,"[[4, 14, 5, 13], [6, 17, 7, 18], [8, 24, 9, 23], [10, 22, 11, 21], [12, 4, 13, 3], [14, 20, 15, 19], [16, 2, 17, 1], [18, 5, 19, 6], [20, 10, 21, 9], [22, 12, 23, 11], [24, 16, 1, 15], [2, 8, 3, 7]]"
12a_1059_149,"[[2, 8, 3, 7], [4, 14, 5, 13], [6, 17, 7, 18], [8, 24, 9, 23], [10, 22, 11, 21], [12, 4, 13, 3], [14, 20, 15, 19], [16, 2, 17, 1], [18, 5, 19, 6], [20, 10, 21, 9], [22, 12, 23, 11], [24, 16, 1, 15]]"
12a_1059_150,"[[24, 16, 1, 15], [2, 8, 3, 7], [4, 14, 5, 13], [6, 17, 7, 18], [8, 24, 9, 23], [10, 22, 11, 21], [12, 4, 13, 3], [14, 20, 15, 19], [16, 2, 17, 1], [18, 5, 19, 6], [20, 10, 21, 9], [22, 12, 23, 11]]"
12a_1059_151,"[[22, 12, 23, 11], [24, 16, 1, 15], [2, 8, 3, 7], [4, 14, 5, 13], [6, 17, 7, 18], [8, 24, 9, 23], [10, 22, 11, 21], [12, 4, 13, 3], [14, 20, 15, 19], [16, 2, 17, 1], [18, 5, 19, 6], [20, 10, 21, 9]]"
12a_1059_152,"[[20, 10, 21, 9], [22, 12, 23, 11], [24, 16, 1, 15], [2, 8, 3, 7], [4, 14, 5, 13], [6, 17, 7, 18], [8, 24, 9, 23], [10, 22, 11, 21], [12, 4, 13, 3], [14, 20, 15, 19], [16, 2, 17, 1], [18, 5, 19, 6]]"
12a_1059_153,"[[18, 5, 19, 6], [20, 10, 21, 9], [22, 12, 23, 11], [24, 16, 1, 15], [2, 8, 3, 7], [4, 14, 5, 13], [6, 17, 7, 18], [8, 24, 9, 23], [10, 22, 11, 21], [12, 4, 13, 3], [14, 20, 15, 19], [16, 2, 17, 1]]"
12a_1059_154,"[[16, 2, 17, 1], [18, 5, 19, 6], [20, 10, 21, 9], [22, 12, 23, 11], [24, 16, 1, 15], [2, 8, 3, 7], [4, 14, 5, 13], [6, 17, 7, 18], [8, 24, 9, 23], [10, 22, 11, 21], [12, 4, 13, 3], [14, 20, 15, 19]]"
12a_1059_155,"[[14, 20, 15, 19], [16, 2, 17, 1], [18, 5, 19, 6], [20, 10, 21, 9], [22, 12, 23, 11], [24, 16, 1, 15], [2, 8, 3, 7], [4, 14, 5, 13], [6, 17, 7, 18], [8, 24, 9, 23], [10, 22, 11, 21], [12, 4, 13, 3]]"
12a_1059_156,"[[13, 5, 14, 4], [15, 21, 16, 20], [17, 3, 18, 2], [19, 6, 20, 7], [21, 11, 22, 10], [23, 13, 24, 12], [1, 17, 2, 16], [3, 9, 4, 8], [5, 15, 6, 14], [7, 18, 8, 19], [9, 1, 10, 24], [11, 23, 12, 22]]"
12a_1059_157,"[[11, 23, 12, 22], [13, 5, 14, 4], [15, 21, 16, 20], [17, 3, 18, 2], [19, 6, 20, 7], [21, 11, 22, 10], [23, 13, 24, 12], [1, 17, 2, 16], [3, 9, 4, 8], [5, 15, 6, 14], [7, 18, 8, 19], [9, 1, 10, 24]]"
12a_1059_158,"[[9, 1, 10, 24], [11, 23, 12, 22], [13, 5, 14, 4], [15, 21, 16, 20], [17, 3, 18, 2], [19, 6, 20, 7], [21, 11, 22, 10], [23, 13, 24, 12], [1, 17, 2, 16], [3, 9, 4, 8], [5, 15, 6, 14], [7, 18, 8, 19]]"
12a_1059_159,"[[7, 18, 8, 19], [9, 1, 10, 24], [11, 23, 12, 22], [13, 5, 14, 4], [15, 21, 16, 20], [17, 3, 18, 2], [19, 6, 20, 7], [21, 11, 22, 10], [23, 13, 24, 12], [1, 17, 2, 16], [3, 9, 4, 8], [5, 15, 6, 14]]"
12a_1059_160,"[[5, 15, 6, 14], [7, 18, 8, 19], [9, 1, 10, 24], [11, 23, 12, 22], [13, 5, 14, 4], [15, 21, 16, 20], [17, 3, 18, 2], [19, 6, 20, 7], [21, 11, 22, 10], [23, 13, 24, 12], [1, 17, 2, 16], [3, 9, 4, 8]]"
12a_1059_161,"[[3, 9, 4, 8], [5, 15, 6, 14], [7, 18, 8, 19], [9, 1, 10, 24], [11, 23, 12, 22], [13, 5, 14, 4], [15, 21, 16, 20], [17, 3, 18, 2], [19, 6, 20, 7], [21, 11, 22, 10], [23, 13, 24, 12], [1, 17, 2, 16]]"
12a_1059_162,"[[1, 17, 2, 16], [3, 9, 4, 8], [5, 15, 6, 14], [7, 18, 8, 19], [9, 1, 10, 24], [11, 23, 12, 22], [13, 5, 14, 4], [15, 21, 16, 20], [17, 3, 18, 2], [19, 6, 20, 7], [21, 11, 22, 10], [23, 13, 24, 12]]"
12a_1059_163,"[[23, 13, 24, 12], [1, 17, 2, 16], [3, 9, 4, 8], [5, 15, 6, 14], [7, 18, 8, 19], [9, 1, 10, 24], [11, 23, 12, 22], [13, 5, 14, 4], [15, 21, 16, 20], [17, 3, 18, 2], [19, 6, 20, 7], [21, 11, 22, 10]]"
12a_1059_164,"[[21, 11, 22, 10], [23, 13, 24, 12], [1, 17, 2, 16], [3, 9, 4, 8], [5, 15, 6, 14], [7, 18, 8, 19], [9, 1, 10, 24], [11, 23, 12, 22], [13, 5, 14, 4], [15, 21, 16, 20], [17, 3, 18, 2], [19, 6, 20, 7]]"
12a_1059_165,"[[19, 6, 20, 7], [21, 11, 22, 10], [23, 13, 24, 12], [1, 17, 2, 16], [3, 9, 4, 8], [5, 15, 6, 14], [7, 18, 8, 19], [9, 1, 10, 24], [11, 23, 12, 22], [13, 5, 14, 4], [15, 21, 16, 20], [17, 3, 18, 2]]"
12a_1059_166,"[[17, 3, 18, 2], [19, 6, 20, 7], [21, 11, 22, 10], [23, 13, 24, 12], [1, 17, 2, 16], [3, 9, 4, 8], [5, 15, 6, 14], [7, 18, 8, 19], [9, 1, 10, 24], [11, 23, 12, 22], [13, 5, 14, 4], [15, 21, 16, 20]]"
12a_1059_167,"[[15, 21, 16, 20], [17, 3, 18, 2], [19, 6, 20, 7], [21, 11, 22, 10], [23, 13, 24, 12], [1, 17, 2, 16], [3, 9, 4, 8], [5, 15, 6, 14], [7, 18, 8, 19], [9, 1, 10, 24], [11, 23, 12, 22], [13, 5, 14, 4]]"
12a_1059_168,"[[14, 6, 15, 5], [16, 22, 17, 21], [18, 4, 19, 3], [20, 7, 21, 8], [22, 12, 23, 11], [24, 14, 1, 13], [2, 18, 3, 17], [4, 10, 5, 9], [6, 16, 7, 15], [8, 19, 9, 20], [10, 2, 11, 1], [12, 24, 13, 23]]"
12a_1059_169,"[[12, 24, 13, 23], [14, 6, 15, 5], [16, 22, 17, 21], [18, 4, 19, 3], [20, 7, 21, 8], [22, 12, 23, 11], [24, 14, 1, 13], [2, 18, 3, 17], [4, 10, 5, 9], [6, 16, 7, 15], [8, 19, 9, 20], [10, 2, 11, 1]]"
12a_1059_170,"[[10, 2, 11, 1], [12, 24, 13, 23], [14, 6, 15, 5], [16, 22, 17, 21], [18, 4, 19, 3], [20, 7, 21, 8], [22, 12, 23, 11], [24, 14, 1, 13], [2, 18, 3, 17], [4, 10, 5, 9], [6, 16, 7, 15], [8, 19, 9, 20]]"
12a_1059_171,"[[8, 19, 9, 20], [10, 2, 11, 1], [12, 24, 13, 23], [14, 6, 15, 5], [16, 22, 17, 21], [18, 4, 19, 3], [20, 7, 21, 8], [22, 12, 23, 11], [24, 14, 1, 13], [2, 18, 3, 17], [4, 10, 5, 9], [6, 16, 7, 15]]"
12a_1059_172,"[[6, 16, 7, 15], [8, 19, 9, 20], [10, 2, 11, 1], [12, 24, 13, 23], [14, 6, 15, 5], [16, 22, 17, 21], [18, 4, 19, 3], [20, 7, 21, 8], [22, 12, 23, 11], [24, 14, 1, 13], [2, 18, 3, 17], [4, 10, 5, 9]]"
12a_1059_173,"[[4, 10, 5, 9], [6, 16, 7, 15], [8, 19, 9, 20], [10, 2, 11, 1], [12, 24, 13, 23], [14, 6, 15, 5], [16, 22, 17, 21], [18, 4, 19, 3], [20, 7, 21, 8], [22, 12, 23, 11], [24, 14, 1, 13], [2, 18, 3, 17]]"
12a_1059_174,"[[2, 18, 3, 17], [4, 10, 5, 9], [6, 16, 7, 15], [8, 19, 9, 20], [10, 2, 11, 1], [12, 24, 13, 23], [14, 6, 15, 5], [16, 22, 17, 21], [18, 4, 19, 3], [20, 7, 21, 8], [22, 12, 23, 11], [24, 14, 1, 13]]"
12a_1059_175,"[[24, 14, 1, 13], [2, 18, 3, 17], [4, 10, 5, 9], [6, 16, 7, 15], [8, 19, 9, 20], [10, 2, 11, 1], [12, 24, 13, 23], [14, 6, 15, 5], [16, 22, 17, 21], [18, 4, 19, 3], [20, 7, 21, 8], [22, 12, 23, 11]]"
12a_1059_176,"[[22, 12, 23, 11], [24, 14, 1, 13], [2, 18, 3, 17], [4, 10, 5, 9], [6, 16, 7, 15], [8, 19, 9, 20], [10, 2, 11, 1], [12, 24, 13, 23], [14, 6, 15, 5], [16, 22, 17, 21], [18, 4, 19, 3], [20, 7, 21, 8]]"
12a_1059_177,"[[20, 7, 21, 8], [22, 12, 23, 11], [24, 14, 1, 13], [2, 18, 3, 17], [4, 10, 5, 9], [6, 16, 7, 15], [8, 19, 9, 20], [10, 2, 11, 1], [12, 24, 13, 23], [14, 6, 15, 5], [16, 22, 17, 21], [18, 4, 19, 3]]"
12a_1059_178,"[[18, 4, 19, 3], [20, 7, 21, 8], [22, 12, 23, 11], [24, 14, 1, 13], [2, 18, 3, 17], [4, 10, 5, 9], [6, 16, 7, 15], [8, 19, 9, 20], [10, 2, 11, 1], [12, 24, 13, 23], [14, 6, 15, 5], [16, 22, 17, 21]]"
12a_1059_179,"[[16, 22, 17, 21], [18, 4, 19, 3], [20, 7, 21, 8], [22, 12, 23, 11], [24, 14, 1, 13], [2, 18, 3, 17], [4, 10, 5, 9], [6, 16, 7, 15], [8, 19, 9, 20], [10, 2, 11, 1], [12, 24, 13, 23], [14, 6, 15, 5]]"
12a_1059_180,"[[15, 7, 16, 6], [17, 23, 18, 22], [19, 5, 20, 4], [21, 8, 22, 9], [23, 13, 24, 12], [1, 15, 2, 14], [3, 19, 4, 18], [5, 11, 6, 10], [7, 17, 8, 16], [9, 20, 10, 21], [11, 3, 12, 2], [13, 1, 14, 24]]"
12a_1059_181,"[[13, 1, 14, 24], [15, 7, 16, 6], [17, 23, 18, 22], [19, 5, 20, 4], [21, 8, 22, 9], [23, 13, 24, 12], [1, 15, 2, 14], [3, 19, 4, 18], [5, 11, 6, 10], [7, 17, 8, 16], [9, 20, 10, 21], [11, 3, 12, 2]]"
12a_1059_182,"[[11, 3, 12, 2], [13, 1, 14, 24], [15, 7, 16, 6], [17, 23, 18, 22], [19, 5, 20, 4], [21, 8, 22, 9], [23, 13, 24, 12], [1, 15, 2, 14], [3, 19, 4, 18], [5, 11, 6, 10], [7, 17, 8, 16], [9, 20, 10, 21]]"
12a_1059_183,"[[9, 20, 10, 21], [11, 3, 12, 2], [13, 1, 14, 24], [15, 7, 16, 6], [17, 23, 18, 22], [19, 5, 20, 4], [21, 8, 22, 9], [23, 13, 24, 12], [1, 15, 2, 14], [3, 19, 4, 18], [5, 11, 6, 10], [7, 17, 8, 16]]"
12a_1059_184,"[[7, 17, 8, 16], [9, 20, 10, 21], [11, 3, 12, 2], [13, 1, 14, 24], [15, 7, 16, 6], [17, 23, 18, 22], [19, 5, 20, 4], [21, 8, 22, 9], [23, 13, 24, 12], [1, 15, 2, 14], [3, 19, 4, 18], [5, 11, 6, 10]]"
12a_1059_185,"[[5, 11, 6, 10], [7, 17, 8, 16], [9, 20, 10, 21], [11, 3, 12, 2], [13, 1, 14, 24], [15, 7, 16, 6], [17, 23, 18, 22], [19, 5, 20, 4], [21, 8, 22, 9], [23, 13, 24, 12], [1, 15, 2, 14], [3, 19, 4, 18]]"
