name,pd_notation
12a_0813_0,"[[24, 18, 1, 17], [2, 8, 3, 7], [4, 10, 5, 9], [6, 14, 7, 13], [8, 4, 9, 3], [10, 20, 11, 19], [12, 6, 13, 5], [14, 22, 15, 21], [16, 24, 17, 23], [18, 12, 19, 11], [20, 2, 21, 1], [22, 16, 23, 15]]"
12a_0813_1,"[[22, 16, 23, 15], [24, 18, 1, 17], [2, 8, 3, 7], [4, 10, 5, 9], [6, 14, 7, 13], [8, 4, 9, 3], [10, 20, 11, 19], [12, 6, 13, 5], [14, 22, 15, 21], [16, 24, 17, 23], [18, 12, 19, 11], [20, 2, 21, 1]]"
12a_0813_2,"[[20, 2, 21, 1], [22, 16, 23, 15], [24, 18, 1, 17], [2, 8, 3, 7], [4, 10, 5, 9], [6, 14, 7, 13], [8, 4, 9, 3], [10, 20, 11, 19], [12, 6, 13, 5], [14, 22, 15, 21], [16, 24, 17, 23], [18, 12, 19, 11]]"
12a_0813_3,"[[18, 12, 19, 11], [20, 2, 21, 1], [22, 16, 23, 15], [24, 18, 1, 17], [2, 8, 3, 7], [4, 10, 5, 9], [6, 14, 7, 13], [8, 4, 9, 3], [10, 20, 11, 19], [12, 6, 13, 5], [14, 22, 15, 21], [16, 24, 17, 23]]"
12a_0813_4,"[[16, 24, 17, 23], [18, 12, 19, 11], [20, 2, 21, 1], [22, 16, 23, 15], [24, 18, 1, 17], [2, 8, 3, 7], [4, 10, 5, 9], [6, 14, 7, 13], [8, 4, 9, 3], [10, 20, 11, 19], [12, 6, 13, 5], [14, 22, 15, 21]]"
12a_0813_5,"[[14, 22, 15, 21], [16, 24, 17, 23], [18, 12, 19, 11], [20, 2, 21, 1], [22, 16, 23, 15], [24, 18, 1, 17], [2, 8, 3, 7], [4, 10, 5, 9], [6, 14, 7, 13], [8, 4, 9, 3], [10, 20, 11, 19], [12, 6, 13, 5]]"
12a_0813_6,"[[12, 6, 13, 5], [14, 22, 15, 21], [16, 24, 17, 23], [18, 12, 19, 11], [20, 2, 21, 1], [22, 16, 23, 15], [24, 18, 1, 17], [2, 8, 3, 7], [4, 10, 5, 9], [6, 14, 7, 13], [8, 4, 9, 3], [10, 20, 11, 19]]"
12a_0813_7,"[[10, 20, 11, 19], [12, 6, 13, 5], [14, 22, 15, 21], [16, 24, 17, 23], [18, 12, 19, 11], [20, 2, 21, 1], [22, 16, 23, 15], [24, 18, 1, 17], [2, 8, 3, 7], [4, 10, 5, 9], [6, 14, 7, 13], [8, 4, 9, 3]]"
12a_0813_8,"[[8, 4, 9, 3], [10, 20, 11, 19], [12, 6, 13, 5], [14, 22, 15, 21], [16, 24, 17, 23], [18, 12, 19, 11], [20, 2, 21, 1], [22, 16, 23, 15], [24, 18, 1, 17], [2, 8, 3, 7], [4, 10, 5, 9], [6, 14, 7, 13]]"
12a_0813_9,"[[6, 14, 7, 13], [8, 4, 9, 3], [10, 20, 11, 19], [12, 6, 13, 5], [14, 22, 15, 21], [16, 24, 17, 23], [18, 12, 19, 11], [20, 2, 21, 1], [22, 16, 23, 15], [24, 18, 1, 17], [2, 8, 3, 7], [4, 10, 5, 9]]"
12a_0813_10,"[[4, 10, 5, 9], [6, 14, 7, 13], [8, 4, 9, 3], [10, 20, 11, 19], [12, 6, 13, 5], [14, 22, 15, 21], [16, 24, 17, 23], [18, 12, 19, 11], [20, 2, 21, 1], [22, 16, 23, 15], [24, 18, 1, 17], [2, 8, 3, 7]]"
12a_0813_11,"[[2, 8, 3, 7], [4, 10, 5, 9], [6, 14, 7, 13], [8, 4, 9, 3], [10, 20, 11, 19], [12, 6, 13, 5], [14, 22, 15, 21], [16, 24, 17, 23], [18, 12, 19, 11], [20, 2, 21, 1], [22, 16, 23, 15], [24, 18, 1, 17]]"
12a_0813_12,"[[1, 19, 2, 18], [3, 9, 4, 8], [5, 11, 6, 10], [7, 15, 8, 14], [9, 5, 10, 4], [11, 21, 12, 20], [13, 7, 14, 6], [15, 23, 16, 22], [17, 1, 18, 24], [19, 13, 20, 12], [21, 3, 22, 2], [23, 17, 24, 16]]"
12a_0813_13,"[[23, 17, 24, 16], [1, 19, 2, 18], [3, 9, 4, 8], [5, 11, 6, 10], [7, 15, 8, 14], [9, 5, 10, 4], [11, 21, 12, 20], [13, 7, 14, 6], [15, 23, 16, 22], [17, 1, 18, 24], [19, 13, 20, 12], [21, 3, 22, 2]]"
12a_0813_14,"[[21, 3, 22, 2], [23, 17, 24, 16], [1, 19, 2, 18], [3, 9, 4, 8], [5, 11, 6, 10], [7, 15, 8, 14], [9, 5, 10, 4], [11, 21, 12, 20], [13, 7, 14, 6], [15, 23, 16, 22], [17, 1, 18, 24], [19, 13, 20, 12]]"
12a_0813_15,"[[19, 13, 20, 12], [21, 3, 22, 2], [23, 17, 24, 16], [1, 19, 2, 18], [3, 9, 4, 8], [5, 11, 6, 10], [7, 15, 8, 14], [9, 5, 10, 4], [11, 21, 12, 20], [13, 7, 14, 6], [15, 23, 16, 22], [17, 1, 18, 24]]"
12a_0813_16,"[[17, 1, 18, 24], [19, 13, 20, 12], [21, 3, 22, 2], [23, 17, 24, 16], [1, 19, 2, 18], [3, 9, 4, 8], [5, 11, 6, 10], [7, 15, 8, 14], [9, 5, 10, 4], [11, 21, 12, 20], [13, 7, 14, 6], [15, 23, 16, 22]]"
12a_0813_17,"[[15, 23, 16, 22], [17, 1, 18, 24], [19, 13, 20, 12], [21, 3, 22, 2], [23, 17, 24, 16], [1, 19, 2, 18], [3, 9, 4, 8], [5, 11, 6, 10], [7, 15, 8, 14], [9, 5, 10, 4], [11, 21, 12, 20], [13, 7, 14, 6]]"
12a_0813_18,"[[13, 7, 14, 6], [15, 23, 16, 22], [17, 1, 18, 24], [19, 13, 20, 12], [21, 3, 22, 2], [23, 17, 24, 16], [1, 19, 2, 18], [3, 9, 4, 8], [5, 11, 6, 10], [7, 15, 8, 14], [9, 5, 10, 4], [11, 21, 12, 20]]"
12a_0813_19,"[[11, 21, 12, 20], [13, 7, 14, 6], [15, 23, 16, 22], [17, 1, 18, 24], [19, 13, 20, 12], [21, 3, 22, 2], [23, 17, 24, 16], [1, 19, 2, 18], [3, 9, 4, 8], [5, 11, 6, 10], [7, 15, 8, 14], [9, 5, 10, 4]]"
12a_0813_20,"[[9, 5, 10, 4], [11, 21, 12, 20], [13, 7, 14, 6], [15, 23, 16, 22], [17, 1, 18, 24], [19, 13, 20, 12], [21, 3, 22, 2], [23, 17, 24, 16], [1, 19, 2, 18], [3, 9, 4, 8], [5, 11, 6, 10], [7, 15, 8, 14]]"
12a_0813_21,"[[7, 15, 8, 14], [9, 5, 10, 4], [11, 21, 12, 20], [13, 7, 14, 6], [15, 23, 16, 22], [17, 1, 18, 24], [19, 13, 20, 12], [21, 3, 22, 2], [23, 17, 24, 16], [1, 19, 2, 18], [3, 9, 4, 8], [5, 11, 6, 10]]"
12a_0813_22,"[[5, 11, 6, 10], [7, 15, 8, 14], [9, 5, 10, 4], [11, 21, 12, 20], [13, 7, 14, 6], [15, 23, 16, 22], [17, 1, 18, 24], [19, 13, 20, 12], [21, 3, 22, 2], [23, 17, 24, 16], [1, 19, 2, 18], [3, 9, 4, 8]]"
12a_0813_23,"[[3, 9, 4, 8], [5, 11, 6, 10], [7, 15, 8, 14], [9, 5, 10, 4], [11, 21, 12, 20], [13, 7, 14, 6], [15, 23, 16, 22], [17, 1, 18, 24], [19, 13, 20, 12], [21, 3, 22, 2], [23, 17, 24, 16], [1, 19, 2, 18]]"
12a_0813_24,"[[2, 20, 3, 19], [4, 10, 5, 9], [6, 12, 7, 11], [8, 16, 9, 15], [10, 6, 11, 5], [12, 22, 13, 21], [14, 8, 15, 7], [16, 24, 17, 23], [18, 2, 19, 1], [20, 14, 21, 13], [22, 4, 23, 3], [24, 18, 1, 17]]"
12a_0813_25,"[[24, 18, 1, 17], [2, 20, 3, 19], [4, 10, 5, 9], [6, 12, 7, 11], [8, 16, 9, 15], [10, 6, 11, 5], [12, 22, 13, 21], [14, 8, 15, 7], [16, 24, 17, 23], [18, 2, 19, 1], [20, 14, 21, 13], [22, 4, 23, 3]]"
12a_0813_26,"[[22, 4, 23, 3], [24, 18, 1, 17], [2, 20, 3, 19], [4, 10, 5, 9], [6, 12, 7, 11], [8, 16, 9, 15], [10, 6, 11, 5], [12, 22, 13, 21], [14, 8, 15, 7], [16, 24, 17, 23], [18, 2, 19, 1], [20, 14, 21, 13]]"
12a_0813_27,"[[20, 14, 21, 13], [22, 4, 23, 3], [24, 18, 1, 17], [2, 20, 3, 19], [4, 10, 5, 9], [6, 12, 7, 11], [8, 16, 9, 15], [10, 6, 11, 5], [12, 22, 13, 21], [14, 8, 15, 7], [16, 24, 17, 23], [18, 2, 19, 1]]"
12a_0813_28,"[[18, 2, 19, 1], [20, 14, 21, 13], [22, 4, 23, 3], [24, 18, 1, 17], [2, 20, 3, 19], [4, 10, 5, 9], [6, 12, 7, 11], [8, 16, 9, 15], [10, 6, 11, 5], [12, 22, 13, 21], [14, 8, 15, 7], [16, 24, 17, 23]]"
12a_0813_29,"[[16, 24, 17, 23], [18, 2, 19, 1], [20, 14, 21, 13], [22, 4, 23, 3], [24, 18, 1, 17], [2, 20, 3, 19], [4, 10, 5, 9], [6, 12, 7, 11], [8, 16, 9, 15], [10, 6, 11, 5], [12, 22, 13, 21], [14, 8, 15, 7]]"
12a_0813_30,"[[14, 8, 15, 7], [16, 24, 17, 23], [18, 2, 19, 1], [20, 14, 21, 13], [22, 4, 23, 3], [24, 18, 1, 17], [2, 20, 3, 19], [4, 10, 5, 9], [6, 12, 7, 11], [8, 16, 9, 15], [10, 6, 11, 5], [12, 22, 13, 21]]"
12a_0813_31,"[[12, 22, 13, 21], [14, 8, 15, 7], [16, 24, 17, 23], [18, 2, 19, 1], [20, 14, 21, 13], [22, 4, 23, 3], [24, 18, 1, 17], [2, 20, 3, 19], [4, 10, 5, 9], [6, 12, 7, 11], [8, 16, 9, 15], [10, 6, 11, 5]]"
12a_0813_32,"[[10, 6, 11, 5], [12, 22, 13, 21], [14, 8, 15, 7], [16, 24, 17, 23], [18, 2, 19, 1], [20, 14, 21, 13], [22, 4, 23, 3], [24, 18, 1, 17], [2, 20, 3, 19], [4, 10, 5, 9], [6, 12, 7, 11], [8, 16, 9, 15]]"
12a_0813_33,"[[8, 16, 9, 15], [10, 6, 11, 5], [12, 22, 13, 21], [14, 8, 15, 7], [16, 24, 17, 23], [18, 2, 19, 1], [20, 14, 21, 13], [22, 4, 23, 3], [24, 18, 1, 17], [2, 20, 3, 19], [4, 10, 5, 9], [6, 12, 7, 11]]"
12a_0813_34,"[[6, 12, 7, 11], [8, 16, 9, 15], [10, 6, 11, 5], [12, 22, 13, 21], [14, 8, 15, 7], [16, 24, 17, 23], [18, 2, 19, 1], [20, 14, 21, 13], [22, 4, 23, 3], [24, 18, 1, 17], [2, 20, 3, 19], [4, 10, 5, 9]]"
12a_0813_35,"[[4, 10, 5, 9], [6, 12, 7, 11], [8, 16, 9, 15], [10, 6, 11, 5], [12, 22, 13, 21], [14, 8, 15, 7], [16, 24, 17, 23], [18, 2, 19, 1], [20, 14, 21, 13], [22, 4, 23, 3], [24, 18, 1, 17], [2, 20, 3, 19]]"
12a_0813_36,"[[3, 21, 4, 20], [5, 11, 6, 10], [7, 13, 8, 12], [9, 17, 10, 16], [11, 7, 12, 6], [13, 23, 14, 22], [15, 9, 16, 8], [17, 1, 18, 24], [19, 3, 20, 2], [21, 15, 22, 14], [23, 5, 24, 4], [1, 19, 2, 18]]"
12a_0813_37,"[[1, 19, 2, 18], [3, 21, 4, 20], [5, 11, 6, 10], [7, 13, 8, 12], [9, 17, 10, 16], [11, 7, 12, 6], [13, 23, 14, 22], [15, 9, 16, 8], [17, 1, 18, 24], [19, 3, 20, 2], [21, 15, 22, 14], [23, 5, 24, 4]]"
12a_0813_38,"[[23, 5, 24, 4], [1, 19, 2, 18], [3, 21, 4, 20], [5, 11, 6, 10], [7, 13, 8, 12], [9, 17, 10, 16], [11, 7, 12, 6], [13, 23, 14, 22], [15, 9, 16, 8], [17, 1, 18, 24], [19, 3, 20, 2], [21, 15, 22, 14]]"
12a_0813_39,"[[21, 15, 22, 14], [23, 5, 24, 4], [1, 19, 2, 18], [3, 21, 4, 20], [5, 11, 6, 10], [7, 13, 8, 12], [9, 17, 10, 16], [11, 7, 12, 6], [13, 23, 14, 22], [15, 9, 16, 8], [17, 1, 18, 24], [19, 3, 20, 2]]"
12a_0813_40,"[[19, 3, 20, 2], [21, 15, 22, 14], [23, 5, 24, 4], [1, 19, 2, 18], [3, 21, 4, 20], [5, 11, 6, 10], [7, 13, 8, 12], [9, 17, 10, 16], [11, 7, 12, 6], [13, 23, 14, 22], [15, 9, 16, 8], [17, 1, 18, 24]]"
12a_0813_41,"[[17, 1, 18, 24], [19, 3, 20, 2], [21, 15, 22, 14], [23, 5, 24, 4], [1, 19, 2, 18], [3, 21, 4, 20], [5, 11, 6, 10], [7, 13, 8, 12], [9, 17, 10, 16], [11, 7, 12, 6], [13, 23, 14, 22], [15, 9, 16, 8]]"
12a_0813_42,"[[15, 9, 16, 8], [17, 1, 18, 24], [19, 3, 20, 2], [21, 15, 22, 14], [23, 5, 24, 4], [1, 19, 2, 18], [3, 21, 4, 20], [5, 11, 6, 10], [7, 13, 8, 12], [9, 17, 10, 16], [11, 7, 12, 6], [13, 23, 14, 22]]"
12a_0813_43,"[[13, 23, 14, 22], [15, 9, 16, 8], [17, 1, 18, 24], [19, 3, 20, 2], [21, 15, 22, 14], [23, 5, 24, 4], [1, 19, 2, 18], [3, 21, 4, 20], [5, 11, 6, 10], [7, 13, 8, 12], [9, 17, 10, 16], [11, 7, 12, 6]]"
12a_0813_44,"[[11, 7, 12, 6], [13, 23, 14, 22], [15, 9, 16, 8], [17, 1, 18, 24], [19, 3, 20, 2], [21, 15, 22, 14], [23, 5, 24, 4], [1, 19, 2, 18], [3, 21, 4, 20], [5, 11, 6, 10], [7, 13, 8, 12], [9, 17, 10, 16]]"
12a_0813_45,"[[9, 17, 10, 16], [11, 7, 12, 6], [13, 23, 14, 22], [15, 9, 16, 8], [17, 1, 18, 24], [19, 3, 20, 2], [21, 15, 22, 14], [23, 5, 24, 4], [1, 19, 2, 18], [3, 21, 4, 20], [5, 11, 6, 10], [7, 13, 8, 12]]"
12a_0813_46,"[[7, 13, 8, 12], [9, 17, 10, 16], [11, 7, 12, 6], [13, 23, 14, 22], [15, 9, 16, 8], [17, 1, 18, 24], [19, 3, 20, 2], [21, 15, 22, 14], [23, 5, 24, 4], [1, 19, 2, 18], [3, 21, 4, 20], [5, 11, 6, 10]]"
12a_0813_47,"[[5, 11, 6, 10], [7, 13, 8, 12], [9, 17, 10, 16], [11, 7, 12, 6], [13, 23, 14, 22], [15, 9, 16, 8], [17, 1, 18, 24], [19, 3, 20, 2], [21, 15, 22, 14], [23, 5, 24, 4], [1, 19, 2, 18], [3, 21, 4, 20]]"
12a_0813_48,"[[4, 22, 5, 21], [6, 12, 7, 11], [8, 14, 9, 13], [10, 18, 11, 17], [12, 8, 13, 7], [14, 24, 15, 23], [16, 10, 17, 9], [18, 2, 19, 1], [20, 4, 21, 3], [22, 16, 23, 15], [24, 6, 1, 5], [2, 20, 3, 19]]"
12a_0813_49,"[[2, 20, 3, 19], [4, 22, 5, 21], [6, 12, 7, 11], [8, 14, 9, 13], [10, 18, 11, 17], [12, 8, 13, 7], [14, 24, 15, 23], [16, 10, 17, 9], [18, 2, 19, 1], [20, 4, 21, 3], [22, 16, 23, 15], [24, 6, 1, 5]]"
12a_0813_50,"[[24, 6, 1, 5], [2, 20, 3, 19], [4, 22, 5, 21], [6, 12, 7, 11], [8, 14, 9, 13], [10, 18, 11, 17], [12, 8, 13, 7], [14, 24, 15, 23], [16, 10, 17, 9], [18, 2, 19, 1], [20, 4, 21, 3], [22, 16, 23, 15]]"
12a_0813_51,"[[22, 16, 23, 15], [24, 6, 1, 5], [2, 20, 3, 19], [4, 22, 5, 21], [6, 12, 7, 11], [8, 14, 9, 13], [10, 18, 11, 17], [12, 8, 13, 7], [14, 24, 15, 23], [16, 10, 17, 9], [18, 2, 19, 1], [20, 4, 21, 3]]"
12a_0813_52,"[[20, 4, 21, 3], [22, 16, 23, 15], [24, 6, 1, 5], [2, 20, 3, 19], [4, 22, 5, 21], [6, 12, 7, 11], [8, 14, 9, 13], [10, 18, 11, 17], [12, 8, 13, 7], [14, 24, 15, 23], [16, 10, 17, 9], [18, 2, 19, 1]]"
12a_0813_53,"[[18, 2, 19, 1], [20, 4, 21, 3], [22, 16, 23, 15], [24, 6, 1, 5], [2, 20, 3, 19], [4, 22, 5, 21], [6, 12, 7, 11], [8, 14, 9, 13], [10, 18, 11, 17], [12, 8, 13, 7], [14, 24, 15, 23], [16, 10, 17, 9]]"
12a_0813_54,"[[16, 10, 17, 9], [18, 2, 19, 1], [20, 4, 21, 3], [22, 16, 23, 15], [24, 6, 1, 5], [2, 20, 3, 19], [4, 22, 5, 21], [6, 12, 7, 11], [8, 14, 9, 13], [10, 18, 11, 17], [12, 8, 13, 7], [14, 24, 15, 23]]"
12a_0813_55,"[[14, 24, 15, 23], [16, 10, 17, 9], [18, 2, 19, 1], [20, 4, 21, 3], [22, 16, 23, 15], [24, 6, 1, 5], [2, 20, 3, 19], [4, 22, 5, 21], [6, 12, 7, 11], [8, 14, 9, 13], [10, 18, 11, 17], [12, 8, 13, 7]]"
12a_0813_56,"[[12, 8, 13, 7], [14, 24, 15, 23], [16, 10, 17, 9], [18, 2, 19, 1], [20, 4, 21, 3], [22, 16, 23, 15], [24, 6, 1, 5], [2, 20, 3, 19], [4, 22, 5, 21], [6, 12, 7, 11], [8, 14, 9, 13], [10, 18, 11, 17]]"
12a_0813_57,"[[10, 18, 11, 17], [12, 8, 13, 7], [14, 24, 15, 23], [16, 10, 17, 9], [18, 2, 19, 1], [20, 4, 21, 3], [22, 16, 23, 15], [24, 6, 1, 5], [2, 20, 3, 19], [4, 22, 5, 21], [6, 12, 7, 11], [8, 14, 9, 13]]"
12a_0813_58,"[[8, 14, 9, 13], [10, 18, 11, 17], [12, 8, 13, 7], [14, 24, 15, 23], [16, 10, 17, 9], [18, 2, 19, 1], [20, 4, 21, 3], [22, 16, 23, 15], [24, 6, 1, 5], [2, 20, 3, 19], [4, 22, 5, 21], [6, 12, 7, 11]]"
12a_0813_59,"[[6, 12, 7, 11], [8, 14, 9, 13], [10, 18, 11, 17], [12, 8, 13, 7], [14, 24, 15, 23], [16, 10, 17, 9], [18, 2, 19, 1], [20, 4, 21, 3], [22, 16, 23, 15], [24, 6, 1, 5], [2, 20, 3, 19], [4, 22, 5, 21]]"
12a_0813_60,"[[5, 23, 6, 22], [7, 13, 8, 12], [9, 15, 10, 14], [11, 19, 12, 18], [13, 9, 14, 8], [15, 1, 16, 24], [17, 11, 18, 10], [19, 3, 20, 2], [21, 5, 22, 4], [23, 17, 24, 16], [1, 7, 2, 6], [3, 21, 4, 20]]"
12a_0813_61,"[[3, 21, 4, 20], [5, 23, 6, 22], [7, 13, 8, 12], [9, 15, 10, 14], [11, 19, 12, 18], [13, 9, 14, 8], [15, 1, 16, 24], [17, 11, 18, 10], [19, 3, 20, 2], [21, 5, 22, 4], [23, 17, 24, 16], [1, 7, 2, 6]]"
12a_0813_62,"[[1, 7, 2, 6], [3, 21, 4, 20], [5, 23, 6, 22], [7, 13, 8, 12], [9, 15, 10, 14], [11, 19, 12, 18], [13, 9, 14, 8], [15, 1, 16, 24], [17, 11, 18, 10], [19, 3, 20, 2], [21, 5, 22, 4], [23, 17, 24, 16]]"
12a_0813_63,"[[23, 17, 24, 16], [1, 7, 2, 6], [3, 21, 4, 20], [5, 23, 6, 22], [7, 13, 8, 12], [9, 15, 10, 14], [11, 19, 12, 18], [13, 9, 14, 8], [15, 1, 16, 24], [17, 11, 18, 10], [19, 3, 20, 2], [21, 5, 22, 4]]"
12a_0813_64,"[[21, 5, 22, 4], [23, 17, 24, 16], [1, 7, 2, 6], [3, 21, 4, 20], [5, 23, 6, 22], [7, 13, 8, 12], [9, 15, 10, 14], [11, 19, 12, 18], [13, 9, 14, 8], [15, 1, 16, 24], [17, 11, 18, 10], [19, 3, 20, 2]]"
12a_0813_65,"[[19, 3, 20, 2], [21, 5, 22, 4], [23, 17, 24, 16], [1, 7, 2, 6], [3, 21, 4, 20], [5, 23, 6, 22], [7, 13, 8, 12], [9, 15, 10, 14], [11, 19, 12, 18], [13, 9, 14, 8], [15, 1, 16, 24], [17, 11, 18, 10]]"
12a_0813_66,"[[17, 11, 18, 10], [19, 3, 20, 2], [21, 5, 22, 4], [23, 17, 24, 16], [1, 7, 2, 6], [3, 21, 4, 20], [5, 23, 6, 22], [7, 13, 8, 12], [9, 15, 10, 14], [11, 19, 12, 18], [13, 9, 14, 8], [15, 1, 16, 24]]"
12a_0813_67,"[[15, 1, 16, 24], [17, 11, 18, 10], [19, 3, 20, 2], [21, 5, 22, 4], [23, 17, 24, 16], [1, 7, 2, 6], [3, 21, 4, 20], [5, 23, 6, 22], [7, 13, 8, 12], [9, 15, 10, 14], [11, 19, 12, 18], [13, 9, 14, 8]]"
12a_0813_68,"[[13, 9, 14, 8], [15, 1, 16, 24], [17, 11, 18, 10], [19, 3, 20, 2], [21, 5, 22, 4], [23, 17, 24, 16], [1, 7, 2, 6], [3, 21, 4, 20], [5, 23, 6, 22], [7, 13, 8, 12], [9, 15, 10, 14], [11, 19, 12, 18]]"
12a_0813_69,"[[11, 19, 12, 18], [13, 9, 14, 8], [15, 1, 16, 24], [17, 11, 18, 10], [19, 3, 20, 2], [21, 5, 22, 4], [23, 17, 24, 16], [1, 7, 2, 6], [3, 21, 4, 20], [5, 23, 6, 22], [7, 13, 8, 12], [9, 15, 10, 14]]"
12a_0813_70,"[[9, 15, 10, 14], [11, 19, 12, 18], [13, 9, 14, 8], [15, 1, 16, 24], [17, 11, 18, 10], [19, 3, 20, 2], [21, 5, 22, 4], [23, 17, 24, 16], [1, 7, 2, 6], [3, 21, 4, 20], [5, 23, 6, 22], [7, 13, 8, 12]]"
12a_0813_71,"[[7, 13, 8, 12], [9, 15, 10, 14], [11, 19, 12, 18], [13, 9, 14, 8], [15, 1, 16, 24], [17, 11, 18, 10], [19, 3, 20, 2], [21, 5, 22, 4], [23, 17, 24, 16], [1, 7, 2, 6], [3, 21, 4, 20], [5, 23, 6, 22]]"
12a_0813_72,"[[6, 24, 7, 23], [8, 14, 9, 13], [10, 16, 11, 15], [12, 20, 13, 19], [14, 10, 15, 9], [16, 2, 17, 1], [18, 12, 19, 11], [20, 4, 21, 3], [22, 6, 23, 5], [24, 18, 1, 17], [2, 8, 3, 7], [4, 22, 5, 21]]"
12a_0813_73,"[[4, 22, 5, 21], [6, 24, 7, 23], [8, 14, 9, 13], [10, 16, 11, 15], [12, 20, 13, 19], [14, 10, 15, 9], [16, 2, 17, 1], [18, 12, 19, 11], [20, 4, 21, 3], [22, 6, 23, 5], [24, 18, 1, 17], [2, 8, 3, 7]]"
12a_0813_74,"[[2, 8, 3, 7], [4, 22, 5, 21], [6, 24, 7, 23], [8, 14, 9, 13], [10, 16, 11, 15], [12, 20, 13, 19], [14, 10, 15, 9], [16, 2, 17, 1], [18, 12, 19, 11], [20, 4, 21, 3], [22, 6, 23, 5], [24, 18, 1, 17]]"
12a_0813_75,"[[24, 18, 1, 17], [2, 8, 3, 7], [4, 22, 5, 21], [6, 24, 7, 23], [8, 14, 9, 13], [10, 16, 11, 15], [12, 20, 13, 19], [14, 10, 15, 9], [16, 2, 17, 1], [18, 12, 19, 11], [20, 4, 21, 3], [22, 6, 23, 5]]"
12a_0813_76,"[[22, 6, 23, 5], [24, 18, 1, 17], [2, 8, 3, 7], [4, 22, 5, 21], [6, 24, 7, 23], [8, 14, 9, 13], [10, 16, 11, 15], [12, 20, 13, 19], [14, 10, 15, 9], [16, 2, 17, 1], [18, 12, 19, 11], [20, 4, 21, 3]]"
12a_0813_77,"[[20, 4, 21, 3], [22, 6, 23, 5], [24, 18, 1, 17], [2, 8, 3, 7], [4, 22, 5, 21], [6, 24, 7, 23], [8, 14, 9, 13], [10, 16, 11, 15], [12, 20, 13, 19], [14, 10, 15, 9], [16, 2, 17, 1], [18, 12, 19, 11]]"
12a_0813_78,"[[18, 12, 19, 11], [20, 4, 21, 3], [22, 6, 23, 5], [24, 18, 1, 17], [2, 8, 3, 7], [4, 22, 5, 21], [6, 24, 7, 23], [8, 14, 9, 13], [10, 16, 11, 15], [12, 20, 13, 19], [14, 10, 15, 9], [16, 2, 17, 1]]"
12a_0813_79,"[[16, 2, 17, 1], [18, 12, 19, 11], [20, 4, 21, 3], [22, 6, 23, 5], [24, 18, 1, 17], [2, 8, 3, 7], [4, 22, 5, 21], [6, 24, 7, 23], [8, 14, 9, 13], [10, 16, 11, 15], [12, 20, 13, 19], [14, 10, 15, 9]]"
12a_0813_80,"[[14, 10, 15, 9], [16, 2, 17, 1], [18, 12, 19, 11], [20, 4, 21, 3], [22, 6, 23, 5], [24, 18, 1, 17], [2, 8, 3, 7], [4, 22, 5, 21], [6, 24, 7, 23], [8, 14, 9, 13], [10, 16, 11, 15], [12, 20, 13, 19]]"
12a_0813_81,"[[12, 20, 13, 19], [14, 10, 15, 9], [16, 2, 17, 1], [18, 12, 19, 11], [20, 4, 21, 3], [22, 6, 23, 5], [24, 18, 1, 17], [2, 8, 3, 7], [4, 22, 5, 21], [6, 24, 7, 23], [8, 14, 9, 13], [10, 16, 11, 15]]"
12a_0813_82,"[[10, 16, 11, 15], [12, 20, 13, 19], [14, 10, 15, 9], [16, 2, 17, 1], [18, 12, 19, 11], [20, 4, 21, 3], [22, 6, 23, 5], [24, 18, 1, 17], [2, 8, 3, 7], [4, 22, 5, 21], [6, 24, 7, 23], [8, 14, 9, 13]]"
12a_0813_83,"[[8, 14, 9, 13], [10, 16, 11, 15], [12, 20, 13, 19], [14, 10, 15, 9], [16, 2, 17, 1], [18, 12, 19, 11], [20, 4, 21, 3], [22, 6, 23, 5], [24, 18, 1, 17], [2, 8, 3, 7], [4, 22, 5, 21], [6, 24, 7, 23]]"
12a_0813_84,"[[7, 1, 8, 24], [9, 15, 10, 14], [11, 17, 12, 16], [13, 21, 14, 20], [15, 11, 16, 10], [17, 3, 18, 2], [19, 13, 20, 12], [21, 5, 22, 4], [23, 7, 24, 6], [1, 19, 2, 18], [3, 9, 4, 8], [5, 23, 6, 22]]"
12a_0813_85,"[[5, 23, 6, 22], [7, 1, 8, 24], [9, 15, 10, 14], [11, 17, 12, 16], [13, 21, 14, 20], [15, 11, 16, 10], [17, 3, 18, 2], [19, 13, 20, 12], [21, 5, 22, 4], [23, 7, 24, 6], [1, 19, 2, 18], [3, 9, 4, 8]]"
12a_0813_86,"[[3, 9, 4, 8], [5, 23, 6, 22], [7, 1, 8, 24], [9, 15, 10, 14], [11, 17, 12, 16], [13, 21, 14, 20], [15, 11, 16, 10], [17, 3, 18, 2], [19, 13, 20, 12], [21, 5, 22, 4], [23, 7, 24, 6], [1, 19, 2, 18]]"
12a_0813_87,"[[1, 19, 2, 18], [3, 9, 4, 8], [5, 23, 6, 22], [7, 1, 8, 24], [9, 15, 10, 14], [11, 17, 12, 16], [13, 21, 14, 20], [15, 11, 16, 10], [17, 3, 18, 2], [19, 13, 20, 12], [21, 5, 22, 4], [23, 7, 24, 6]]"
12a_0813_88,"[[23, 7, 24, 6], [1, 19, 2, 18], [3, 9, 4, 8], [5, 23, 6, 22], [7, 1, 8, 24], [9, 15, 10, 14], [11, 17, 12, 16], [13, 21, 14, 20], [15, 11, 16, 10], [17, 3, 18, 2], [19, 13, 20, 12], [21, 5, 22, 4]]"
12a_0813_89,"[[21, 5, 22, 4], [23, 7, 24, 6], [1, 19, 2, 18], [3, 9, 4, 8], [5, 23, 6, 22], [7, 1, 8, 24], [9, 15, 10, 14], [11, 17, 12, 16], [13, 21, 14, 20], [15, 11, 16, 10], [17, 3, 18, 2], [19, 13, 20, 12]]"
12a_0813_90,"[[19, 13, 20, 12], [21, 5, 22, 4], [23, 7, 24, 6], [1, 19, 2, 18], [3, 9, 4, 8], [5, 23, 6, 22], [7, 1, 8, 24], [9, 15, 10, 14], [11, 17, 12, 16], [13, 21, 14, 20], [15, 11, 16, 10], [17, 3, 18, 2]]"
12a_0813_91,"[[17, 3, 18, 2], [19, 13, 20, 12], [21, 5, 22, 4], [23, 7, 24, 6], [1, 19, 2, 18], [3, 9, 4, 8], [5, 23, 6, 22], [7, 1, 8, 24], [9, 15, 10, 14], [11, 17, 12, 16], [13, 21, 14, 20], [15, 11, 16, 10]]"
12a_0813_92,"[[15, 11, 16, 10], [17, 3, 18, 2], [19, 13, 20, 12], [21, 5, 22, 4], [23, 7, 24, 6], [1, 19, 2, 18], [3, 9, 4, 8], [5, 23, 6, 22], [7, 1, 8, 24], [9, 15, 10, 14], [11, 17, 12, 16], [13, 21, 14, 20]]"
12a_0813_93,"[[13, 21, 14, 20], [15, 11, 16, 10], [17, 3, 18, 2], [19, 13, 20, 12], [21, 5, 22, 4], [23, 7, 24, 6], [1, 19, 2, 18], [3, 9, 4, 8], [5, 23, 6, 22], [7, 1, 8, 24], [9, 15, 10, 14], [11, 17, 12, 16]]"
12a_0813_94,"[[11, 17, 12, 16], [13, 21, 14, 20], [15, 11, 16, 10], [17, 3, 18, 2], [19, 13, 20, 12], [21, 5, 22, 4], [23, 7, 24, 6], [1, 19, 2, 18], [3, 9, 4, 8], [5, 23, 6, 22], [7, 1, 8, 24], [9, 15, 10, 14]]"
12a_0813_95,"[[9, 15, 10, 14], [11, 17, 12, 16], [13, 21, 14, 20], [15, 11, 16, 10], [17, 3, 18, 2], [19, 13, 20, 12], [21, 5, 22, 4], [23, 7, 24, 6], [1, 19, 2, 18], [3, 9, 4, 8], [5, 23, 6, 22], [7, 1, 8, 24]]"
12a_0813_96,"[[8, 2, 9, 1], [10, 16, 11, 15], [12, 18, 13, 17], [14, 22, 15, 21], [16, 12, 17, 11], [18, 4, 19, 3], [20, 14, 21, 13], [22, 6, 23, 5], [24, 8, 1, 7], [2, 20, 3, 19], [4, 10, 5, 9], [6, 24, 7, 23]]"
12a_0813_97,"[[6, 24, 7, 23], [8, 2, 9, 1], [10, 16, 11, 15], [12, 18, 13, 17], [14, 22, 15, 21], [16, 12, 17, 11], [18, 4, 19, 3], [20, 14, 21, 13], [22, 6, 23, 5], [24, 8, 1, 7], [2, 20, 3, 19], [4, 10, 5, 9]]"
12a_0813_98,"[[4, 10, 5, 9], [6, 24, 7, 23], [8, 2, 9, 1], [10, 16, 11, 15], [12, 18, 13, 17], [14, 22, 15, 21], [16, 12, 17, 11], [18, 4, 19, 3], [20, 14, 21, 13], [22, 6, 23, 5], [24, 8, 1, 7], [2, 20, 3, 19]]"
12a_0813_99,"[[2, 20, 3, 19], [4, 10, 5, 9], [6, 24, 7, 23], [8, 2, 9, 1], [10, 16, 11, 15], [12, 18, 13, 17], [14, 22, 15, 21], [16, 12, 17, 11], [18, 4, 19, 3], [20, 14, 21, 13], [22, 6, 23, 5], [24, 8, 1, 7]]"
12a_0813_100,"[[24, 8, 1, 7], [2, 20, 3, 19], [4, 10, 5, 9], [6, 24, 7, 23], [8, 2, 9, 1], [10, 16, 11, 15], [12, 18, 13, 17], [14, 22, 15, 21], [16, 12, 17, 11], [18, 4, 19, 3], [20, 14, 21, 13], [22, 6, 23, 5]]"
12a_0813_101,"[[22, 6, 23, 5], [24, 8, 1, 7], [2, 20, 3, 19], [4, 10, 5, 9], [6, 24, 7, 23], [8, 2, 9, 1], [10, 16, 11, 15], [12, 18, 13, 17], [14, 22, 15, 21], [16, 12, 17, 11], [18, 4, 19, 3], [20, 14, 21, 13]]"
12a_0813_102,"[[20, 14, 21, 13], [22, 6, 23, 5], [24, 8, 1, 7], [2, 20, 3, 19], [4, 10, 5, 9], [6, 24, 7, 23], [8, 2, 9, 1], [10, 16, 11, 15], [12, 18, 13, 17], [14, 22, 15, 21], [16, 12, 17, 11], [18, 4, 19, 3]]"
12a_0813_103,"[[18, 4, 19, 3], [20, 14, 21, 13], [22, 6, 23, 5], [24, 8, 1, 7], [2, 20, 3, 19], [4, 10, 5, 9], [6, 24, 7, 23], [8, 2, 9, 1], [10, 16, 11, 15], [12, 18, 13, 17], [14, 22, 15, 21], [16, 12, 17, 11]]"
12a_0813_104,"[[16, 12, 17, 11], [18, 4, 19, 3], [20, 14, 21, 13], [22, 6, 23, 5], [24, 8, 1, 7], [2, 20, 3, 19], [4, 10, 5, 9], [6, 24, 7, 23], [8, 2, 9, 1], [10, 16, 11, 15], [12, 18, 13, 17], [14, 22, 15, 21]]"
12a_0813_105,"[[14, 22, 15, 21], [16, 12, 17, 11], [18, 4, 19, 3], [20, 14, 21, 13], [22, 6, 23, 5], [24, 8, 1, 7], [2, 20, 3, 19], [4, 10, 5, 9], [6, 24, 7, 23], [8, 2, 9, 1], [10, 16, 11, 15], [12, 18, 13, 17]]"
12a_0813_106,"[[12, 18, 13, 17], [14, 22, 15, 21], [16, 12, 17, 11], [18, 4, 19, 3], [20, 14, 21, 13], [22, 6, 23, 5], [24, 8, 1, 7], [2, 20, 3, 19], [4, 10, 5, 9], [6, 24, 7, 23], [8, 2, 9, 1], [10, 16, 11, 15]]"
12a_0813_107,"[[10, 16, 11, 15], [12, 18, 13, 17], [14, 22, 15, 21], [16, 12, 17, 11], [18, 4, 19, 3], [20, 14, 21, 13], [22, 6, 23, 5], [24, 8, 1, 7], [2, 20, 3, 19], [4, 10, 5, 9], [6, 24, 7, 23], [8, 2, 9, 1]]"
12a_0813_108,"[[9, 3, 10, 2], [11, 17, 12, 16], [13, 19, 14, 18], [15, 23, 16, 22], [17, 13, 18, 12], [19, 5, 20, 4], [21, 15, 22, 14], [23, 7, 24, 6], [1, 9, 2, 8], [3, 21, 4, 20], [5, 11, 6, 10], [7, 1, 8, 24]]"
12a_0813_109,"[[7, 1, 8, 24], [9, 3, 10, 2], [11, 17, 12, 16], [13, 19, 14, 18], [15, 23, 16, 22], [17, 13, 18, 12], [19, 5, 20, 4], [21, 15, 22, 14], [23, 7, 24, 6], [1, 9, 2, 8], [3, 21, 4, 20], [5, 11, 6, 10]]"
12a_0813_110,"[[5, 11, 6, 10], [7, 1, 8, 24], [9, 3, 10, 2], [11, 17, 12, 16], [13, 19, 14, 18], [15, 23, 16, 22], [17, 13, 18, 12], [19, 5, 20, 4], [21, 15, 22, 14], [23, 7, 24, 6], [1, 9, 2, 8], [3, 21, 4, 20]]"
12a_0813_111,"[[3, 21, 4, 20], [5, 11, 6, 10], [7, 1, 8, 24], [9, 3, 10, 2], [11, 17, 12, 16], [13, 19, 14, 18], [15, 23, 16, 22], [17, 13, 18, 12], [19, 5, 20, 4], [21, 15, 22, 14], [23, 7, 24, 6], [1, 9, 2, 8]]"
12a_0813_112,"[[1, 9, 2, 8], [3, 21, 4, 20], [5, 11, 6, 10], [7, 1, 8, 24], [9, 3, 10, 2], [11, 17, 12, 16], [13, 19, 14, 18], [15, 23, 16, 22], [17, 13, 18, 12], [19, 5, 20, 4], [21, 15, 22, 14], [23, 7, 24, 6]]"
12a_0813_113,"[[23, 7, 24, 6], [1, 9, 2, 8], [3, 21, 4, 20], [5, 11, 6, 10], [7, 1, 8, 24], [9, 3, 10, 2], [11, 17, 12, 16], [13, 19, 14, 18], [15, 23, 16, 22], [17, 13, 18, 12], [19, 5, 20, 4], [21, 15, 22, 14]]"
12a_0813_114,"[[21, 15, 22, 14], [23, 7, 24, 6], [1, 9, 2, 8], [3, 21, 4, 20], [5, 11, 6, 10], [7, 1, 8, 24], [9, 3, 10, 2], [11, 17, 12, 16], [13, 19, 14, 18], [15, 23, 16, 22], [17, 13, 18, 12], [19, 5, 20, 4]]"
12a_0813_115,"[[19, 5, 20, 4], [21, 15, 22, 14], [23, 7, 24, 6], [1, 9, 2, 8], [3, 21, 4, 20], [5, 11, 6, 10], [7, 1, 8, 24], [9, 3, 10, 2], [11, 17, 12, 16], [13, 19, 14, 18], [15, 23, 16, 22], [17, 13, 18, 12]]"
12a_0813_116,"[[17, 13, 18, 12], [19, 5, 20, 4], [21, 15, 22, 14], [23, 7, 24, 6], [1, 9, 2, 8], [3, 21, 4, 20], [5, 11, 6, 10], [7, 1, 8, 24], [9, 3, 10, 2], [11, 17, 12, 16], [13, 19, 14, 18], [15, 23, 16, 22]]"
12a_0813_117,"[[15, 23, 16, 22], [17, 13, 18, 12], [19, 5, 20, 4], [21, 15, 22, 14], [23, 7, 24, 6], [1, 9, 2, 8], [3, 21, 4, 20], [5, 11, 6, 10], [7, 1, 8, 24], [9, 3, 10, 2], [11, 17, 12, 16], [13, 19, 14, 18]]"
12a_0813_118,"[[13, 19, 14, 18], [15, 23, 16, 22], [17, 13, 18, 12], [19, 5, 20, 4], [21, 15, 22, 14], [23, 7, 24, 6], [1, 9, 2, 8], [3, 21, 4, 20], [5, 11, 6, 10], [7, 1, 8, 24], [9, 3, 10, 2], [11, 17, 12, 16]]"
12a_0813_119,"[[11, 17, 12, 16], [13, 19, 14, 18], [15, 23, 16, 22], [17, 13, 18, 12], [19, 5, 20, 4], [21, 15, 22, 14], [23, 7, 24, 6], [1, 9, 2, 8], [3, 21, 4, 20], [5, 11, 6, 10], [7, 1, 8, 24], [9, 3, 10, 2]]"
12a_0813_120,"[[10, 4, 11, 3], [12, 18, 13, 17], [14, 20, 15, 19], [16, 24, 17, 23], [18, 14, 19, 13], [20, 6, 21, 5], [22, 16, 23, 15], [24, 8, 1, 7], [2, 10, 3, 9], [4, 22, 5, 21], [6, 12, 7, 11], [8, 2, 9, 1]]"
12a_0813_121,"[[8, 2, 9, 1], [10, 4, 11, 3], [12, 18, 13, 17], [14, 20, 15, 19], [16, 24, 17, 23], [18, 14, 19, 13], [20, 6, 21, 5], [22, 16, 23, 15], [24, 8, 1, 7], [2, 10, 3, 9], [4, 22, 5, 21], [6, 12, 7, 11]]"
12a_0813_122,"[[6, 12, 7, 11], [8, 2, 9, 1], [10, 4, 11, 3], [12, 18, 13, 17], [14, 20, 15, 19], [16, 24, 17, 23], [18, 14, 19, 13], [20, 6, 21, 5], [22, 16, 23, 15], [24, 8, 1, 7], [2, 10, 3, 9], [4, 22, 5, 21]]"
12a_0813_123,"[[4, 22, 5, 21], [6, 12, 7, 11], [8, 2, 9, 1], [10, 4, 11, 3], [12, 18, 13, 17], [14, 20, 15, 19], [16, 24, 17, 23], [18, 14, 19, 13], [20, 6, 21, 5], [22, 16, 23, 15], [24, 8, 1, 7], [2, 10, 3, 9]]"
12a_0813_124,"[[2, 10, 3, 9], [4, 22, 5, 21], [6, 12, 7, 11], [8, 2, 9, 1], [10, 4, 11, 3], [12, 18, 13, 17], [14, 20, 15, 19], [16, 24, 17, 23], [18, 14, 19, 13], [20, 6, 21, 5], [22, 16, 23, 15], [24, 8, 1, 7]]"
12a_0813_125,"[[24, 8, 1, 7], [2, 10, 3, 9], [4, 22, 5, 21], [6, 12, 7, 11], [8, 2, 9, 1], [10, 4, 11, 3], [12, 18, 13, 17], [14, 20, 15, 19], [16, 24, 17, 23], [18, 14, 19, 13], [20, 6, 21, 5], [22, 16, 23, 15]]"
12a_0813_126,"[[22, 16, 23, 15], [24, 8, 1, 7], [2, 10, 3, 9], [4, 22, 5, 21], [6, 12, 7, 11], [8, 2, 9, 1], [10, 4, 11, 3], [12, 18, 13, 17], [14, 20, 15, 19], [16, 24, 17, 23], [18, 14, 19, 13], [20, 6, 21, 5]]"
12a_0813_127,"[[20, 6, 21, 5], [22, 16, 23, 15], [24, 8, 1, 7], [2, 10, 3, 9], [4, 22, 5, 21], [6, 12, 7, 11], [8, 2, 9, 1], [10, 4, 11, 3], [12, 18, 13, 17], [14, 20, 15, 19], [16, 24, 17, 23], [18, 14, 19, 13]]"
12a_0813_128,"[[18, 14, 19, 13], [20, 6, 21, 5], [22, 16, 23, 15], [24, 8, 1, 7], [2, 10, 3, 9], [4, 22, 5, 21], [6, 12, 7, 11], [8, 2, 9, 1], [10, 4, 11, 3], [12, 18, 13, 17], [14, 20, 15, 19], [16, 24, 17, 23]]"
12a_0813_129,"[[16, 24, 17, 23], [18, 14, 19, 13], [20, 6, 21, 5], [22, 16, 23, 15], [24, 8, 1, 7], [2, 10, 3, 9], [4, 22, 5, 21], [6, 12, 7, 11], [8, 2, 9, 1], [10, 4, 11, 3], [12, 18, 13, 17], [14, 20, 15, 19]]"
12a_0813_130,"[[14, 20, 15, 19], [16, 24, 17, 23], [18, 14, 19, 13], [20, 6, 21, 5], [22, 16, 23, 15], [24, 8, 1, 7], [2, 10, 3, 9], [4, 22, 5, 21], [6, 12, 7, 11], [8, 2, 9, 1], [10, 4, 11, 3], [12, 18, 13, 17]]"
12a_0813_131,"[[12, 18, 13, 17], [14, 20, 15, 19], [16, 24, 17, 23], [18, 14, 19, 13], [20, 6, 21, 5], [22, 16, 23, 15], [24, 8, 1, 7], [2, 10, 3, 9], [4, 22, 5, 21], [6, 12, 7, 11], [8, 2, 9, 1], [10, 4, 11, 3]]"
12a_0813_132,"[[11, 5, 12, 4], [13, 19, 14, 18], [15, 21, 16, 20], [17, 1, 18, 24], [19, 15, 20, 14], [21, 7, 22, 6], [23, 17, 24, 16], [1, 9, 2, 8], [3, 11, 4, 10], [5, 23, 6, 22], [7, 13, 8, 12], [9, 3, 10, 2]]"
12a_0813_133,"[[9, 3, 10, 2], [11, 5, 12, 4], [13, 19, 14, 18], [15, 21, 16, 20], [17, 1, 18, 24], [19, 15, 20, 14], [21, 7, 22, 6], [23, 17, 24, 16], [1, 9, 2, 8], [3, 11, 4, 10], [5, 23, 6, 22], [7, 13, 8, 12]]"
12a_0813_134,"[[7, 13, 8, 12], [9, 3, 10, 2], [11, 5, 12, 4], [13, 19, 14, 18], [15, 21, 16, 20], [17, 1, 18, 24], [19, 15, 20, 14], [21, 7, 22, 6], [23, 17, 24, 16], [1, 9, 2, 8], [3, 11, 4, 10], [5, 23, 6, 22]]"
12a_0813_135,"[[5, 23, 6, 22], [7, 13, 8, 12], [9, 3, 10, 2], [11, 5, 12, 4], [13, 19, 14, 18], [15, 21, 16, 20], [17, 1, 18, 24], [19, 15, 20, 14], [21, 7, 22, 6], [23, 17, 24, 16], [1, 9, 2, 8], [3, 11, 4, 10]]"
12a_0813_136,"[[3, 11, 4, 10], [5, 23, 6, 22], [7, 13, 8, 12], [9, 3, 10, 2], [11, 5, 12, 4], [13, 19, 14, 18], [15, 21, 16, 20], [17, 1, 18, 24], [19, 15, 20, 14], [21, 7, 22, 6], [23, 17, 24, 16], [1, 9, 2, 8]]"
12a_0813_137,"[[1, 9, 2, 8], [3, 11, 4, 10], [5, 23, 6, 22], [7, 13, 8, 12], [9, 3, 10, 2], [11, 5, 12, 4], [13, 19, 14, 18], [15, 21, 16, 20], [17, 1, 18, 24], [19, 15, 20, 14], [21, 7, 22, 6], [23, 17, 24, 16]]"
12a_0813_138,"[[23, 17, 24, 16], [1, 9, 2, 8], [3, 11, 4, 10], [5, 23, 6, 22], [7, 13, 8, 12], [9, 3, 10, 2], [11, 5, 12, 4], [13, 19, 14, 18], [15, 21, 16, 20], [17, 1, 18, 24], [19, 15, 20, 14], [21, 7, 22, 6]]"
12a_0813_139,"[[21, 7, 22, 6], [23, 17, 24, 16], [1, 9, 2, 8], [3, 11, 4, 10], [5, 23, 6, 22], [7, 13, 8, 12], [9, 3, 10, 2], [11, 5, 12, 4], [13, 19, 14, 18], [15, 21, 16, 20], [17, 1, 18, 24], [19, 15, 20, 14]]"
12a_0813_140,"[[19, 15, 20, 14], [21, 7, 22, 6], [23, 17, 24, 16], [1, 9, 2, 8], [3, 11, 4, 10], [5, 23, 6, 22], [7, 13, 8, 12], [9, 3, 10, 2], [11, 5, 12, 4], [13, 19, 14, 18], [15, 21, 16, 20], [17, 1, 18, 24]]"
12a_0813_141,"[[17, 1, 18, 24], [19, 15, 20, 14], [21, 7, 22, 6], [23, 17, 24, 16], [1, 9, 2, 8], [3, 11, 4, 10], [5, 23, 6, 22], [7, 13, 8, 12], [9, 3, 10, 2], [11, 5, 12, 4], [13, 19, 14, 18], [15, 21, 16, 20]]"
12a_0813_142,"[[15, 21, 16, 20], [17, 1, 18, 24], [19, 15, 20, 14], [21, 7, 22, 6], [23, 17, 24, 16], [1, 9, 2, 8], [3, 11, 4, 10], [5, 23, 6, 22], [7, 13, 8, 12], [9, 3, 10, 2], [11, 5, 12, 4], [13, 19, 14, 18]]"
12a_0813_143,"[[13, 19, 14, 18], [15, 21, 16, 20], [17, 1, 18, 24], [19, 15, 20, 14], [21, 7, 22, 6], [23, 17, 24, 16], [1, 9, 2, 8], [3, 11, 4, 10], [5, 23, 6, 22], [7, 13, 8, 12], [9, 3, 10, 2], [11, 5, 12, 4]]"
12a_0813_144,"[[12, 6, 13, 5], [14, 20, 15, 19], [16, 22, 17, 21], [18, 2, 19, 1], [20, 16, 21, 15], [22, 8, 23, 7], [24, 18, 1, 17], [2, 10, 3, 9], [4, 12, 5, 11], [6, 24, 7, 23], [8, 14, 9, 13], [10, 4, 11, 3]]"
12a_0813_145,"[[10, 4, 11, 3], [12, 6, 13, 5], [14, 20, 15, 19], [16, 22, 17, 21], [18, 2, 19, 1], [20, 16, 21, 15], [22, 8, 23, 7], [24, 18, 1, 17], [2, 10, 3, 9], [4, 12, 5, 11], [6, 24, 7, 23], [8, 14, 9, 13]]"
12a_0813_146,"[[8, 14, 9, 13], [10, 4, 11, 3], [12, 6, 13, 5], [14, 20, 15, 19], [16, 22, 17, 21], [18, 2, 19, 1], [20, 16, 21, 15], [22, 8, 23, 7], [24, 18, 1, 17], [2, 10, 3, 9], [4, 12, 5, 11], [6, 24, 7, 23]]"
12a_0813_147,"[[6, 24, 7, 23], [8, 14, 9, 13], [10, 4, 11, 3], [12, 6, 13, 5], [14, 20, 15, 19], [16, 22, 17, 21], [18, 2, 19, 1], [20, 16, 21, 15], [22, 8, 23, 7], [24, 18, 1, 17], [2, 10, 3, 9], [4, 12, 5, 11]]"
12a_0813_148,"[[4, 12, 5, 11], [6, 24, 7, 23], [8, 14, 9, 13], [10, 4, 11, 3], [12, 6, 13, 5], [14, 20, 15, 19], [16, 22, 17, 21], [18, 2, 19, 1], [20, 16, 21, 15], [22, 8, 23, 7], [24, 18, 1, 17], [2, 10, 3, 9]]"
12a_0813_149,"[[2, 10, 3, 9], [4, 12, 5, 11], [6, 24, 7, 23], [8, 14, 9, 13], [10, 4, 11, 3], [12, 6, 13, 5], [14, 20, 15, 19], [16, 22, 17, 21], [18, 2, 19, 1], [20, 16, 21, 15], [22, 8, 23, 7], [24, 18, 1, 17]]"
12a_0813_150,"[[24, 18, 1, 17], [2, 10, 3, 9], [4, 12, 5, 11], [6, 24, 7, 23], [8, 14, 9, 13], [10, 4, 11, 3], [12, 6, 13, 5], [14, 20, 15, 19], [16, 22, 17, 21], [18, 2, 19, 1], [20, 16, 21, 15], [22, 8, 23, 7]]"
12a_0813_151,"[[22, 8, 23, 7], [24, 18, 1, 17], [2, 10, 3, 9], [4, 12, 5, 11], [6, 24, 7, 23], [8, 14, 9, 13], [10, 4, 11, 3], [12, 6, 13, 5], [14, 20, 15, 19], [16, 22, 17, 21], [18, 2, 19, 1], [20, 16, 21, 15]]"
12a_0813_152,"[[20, 16, 21, 15], [22, 8, 23, 7], [24, 18, 1, 17], [2, 10, 3, 9], [4, 12, 5, 11], [6, 24, 7, 23], [8, 14, 9, 13], [10, 4, 11, 3], [12, 6, 13, 5], [14, 20, 15, 19], [16, 22, 17, 21], [18, 2, 19, 1]]"
12a_0813_153,"[[18, 2, 19, 1], [20, 16, 21, 15], [22, 8, 23, 7], [24, 18, 1, 17], [2, 10, 3, 9], [4, 12, 5, 11], [6, 24, 7, 23], [8, 14, 9, 13], [10, 4, 11, 3], [12, 6, 13, 5], [14, 20, 15, 19], [16, 22, 17, 21]]"
12a_0813_154,"[[16, 22, 17, 21], [18, 2, 19, 1], [20, 16, 21, 15], [22, 8, 23, 7], [24, 18, 1, 17], [2, 10, 3, 9], [4, 12, 5, 11], [6, 24, 7, 23], [8, 14, 9, 13], [10, 4, 11, 3], [12, 6, 13, 5], [14, 20, 15, 19]]"
12a_0813_155,"[[14, 20, 15, 19], [16, 22, 17, 21], [18, 2, 19, 1], [20, 16, 21, 15], [22, 8, 23, 7], [24, 18, 1, 17], [2, 10, 3, 9], [4, 12, 5, 11], [6, 24, 7, 23], [8, 14, 9, 13], [10, 4, 11, 3], [12, 6, 13, 5]]"
12a_0813_156,"[[13, 7, 14, 6], [15, 21, 16, 20], [17, 23, 18, 22], [19, 3, 20, 2], [21, 17, 22, 16], [23, 9, 24, 8], [1, 19, 2, 18], [3, 11, 4, 10], [5, 13, 6, 12], [7, 1, 8, 24], [9, 15, 10, 14], [11, 5, 12, 4]]"
12a_0813_157,"[[11, 5, 12, 4], [13, 7, 14, 6], [15, 21, 16, 20], [17, 23, 18, 22], [19, 3, 20, 2], [21, 17, 22, 16], [23, 9, 24, 8], [1, 19, 2, 18], [3, 11, 4, 10], [5, 13, 6, 12], [7, 1, 8, 24], [9, 15, 10, 14]]"
12a_0813_158,"[[9, 15, 10, 14], [11, 5, 12, 4], [13, 7, 14, 6], [15, 21, 16, 20], [17, 23, 18, 22], [19, 3, 20, 2], [21, 17, 22, 16], [23, 9, 24, 8], [1, 19, 2, 18], [3, 11, 4, 10], [5, 13, 6, 12], [7, 1, 8, 24]]"
12a_0813_159,"[[7, 1, 8, 24], [9, 15, 10, 14], [11, 5, 12, 4], [13, 7, 14, 6], [15, 21, 16, 20], [17, 23, 18, 22], [19, 3, 20, 2], [21, 17, 22, 16], [23, 9, 24, 8], [1, 19, 2, 18], [3, 11, 4, 10], [5, 13, 6, 12]]"
12a_0813_160,"[[5, 13, 6, 12], [7, 1, 8, 24], [9, 15, 10, 14], [11, 5, 12, 4], [13, 7, 14, 6], [15, 21, 16, 20], [17, 23, 18, 22], [19, 3, 20, 2], [21, 17, 22, 16], [23, 9, 24, 8], [1, 19, 2, 18], [3, 11, 4, 10]]"
12a_0813_161,"[[3, 11, 4, 10], [5, 13, 6, 12], [7, 1, 8, 24], [9, 15, 10, 14], [11, 5, 12, 4], [13, 7, 14, 6], [15, 21, 16, 20], [17, 23, 18, 22], [19, 3, 20, 2], [21, 17, 22, 16], [23, 9, 24, 8], [1, 19, 2, 18]]"
12a_0813_162,"[[1, 19, 2, 18], [3, 11, 4, 10], [5, 13, 6, 12], [7, 1, 8, 24], [9, 15, 10, 14], [11, 5, 12, 4], [13, 7, 14, 6], [15, 21, 16, 20], [17, 23, 18, 22], [19, 3, 20, 2], [21, 17, 22, 16], [23, 9, 24, 8]]"
12a_0813_163,"[[23, 9, 24, 8], [1, 19, 2, 18], [3, 11, 4, 10], [5, 13, 6, 12], [7, 1, 8, 24], [9, 15, 10, 14], [11, 5, 12, 4], [13, 7, 14, 6], [15, 21, 16, 20], [17, 23, 18, 22], [19, 3, 20, 2], [21, 17, 22, 16]]"
12a_0813_164,"[[21, 17, 22, 16], [23, 9, 24, 8], [1, 19, 2, 18], [3, 11, 4, 10], [5, 13, 6, 12], [7, 1, 8, 24], [9, 15, 10, 14], [11, 5, 12, 4], [13, 7, 14, 6], [15, 21, 16, 20], [17, 23, 18, 22], [19, 3, 20, 2]]"
12a_0813_165,"[[19, 3, 20, 2], [21, 17, 22, 16], [23, 9, 24, 8], [1, 19, 2, 18], [3, 11, 4, 10], [5, 13, 6, 12], [7, 1, 8, 24], [9, 15, 10, 14], [11, 5, 12, 4], [13, 7, 14, 6], [15, 21, 16, 20], [17, 23, 18, 22]]"
12a_0813_166,"[[17, 23, 18, 22], [19, 3, 20, 2], [21, 17, 22, 16], [23, 9, 24, 8], [1, 19, 2, 18], [3, 11, 4, 10], [5, 13, 6, 12], [7, 1, 8, 24], [9, 15, 10, 14], [11, 5, 12, 4], [13, 7, 14, 6], [15, 21, 16, 20]]"
12a_0813_167,"[[15, 21, 16, 20], [17, 23, 18, 22], [19, 3, 20, 2], [21, 17, 22, 16], [23, 9, 24, 8], [1, 19, 2, 18], [3, 11, 4, 10], [5, 13, 6, 12], [7, 1, 8, 24], [9, 15, 10, 14], [11, 5, 12, 4], [13, 7, 14, 6]]"
12a_0813_168,"[[14, 8, 15, 7], [16, 22, 17, 21], [18, 24, 19, 23], [20, 4, 21, 3], [22, 18, 23, 17], [24, 10, 1, 9], [2, 20, 3, 19], [4, 12, 5, 11], [6, 14, 7, 13], [8, 2, 9, 1], [10, 16, 11, 15], [12, 6, 13, 5]]"
12a_0813_169,"[[12, 6, 13, 5], [14, 8, 15, 7], [16, 22, 17, 21], [18, 24, 19, 23], [20, 4, 21, 3], [22, 18, 23, 17], [24, 10, 1, 9], [2, 20, 3, 19], [4, 12, 5, 11], [6, 14, 7, 13], [8, 2, 9, 1], [10, 16, 11, 15]]"
12a_0813_170,"[[10, 16, 11, 15], [12, 6, 13, 5], [14, 8, 15, 7], [16, 22, 17, 21], [18, 24, 19, 23], [20, 4, 21, 3], [22, 18, 23, 17], [24, 10, 1, 9], [2, 20, 3, 19], [4, 12, 5, 11], [6, 14, 7, 13], [8, 2, 9, 1]]"
12a_0813_171,"[[8, 2, 9, 1], [10, 16, 11, 15], [12, 6, 13, 5], [14, 8, 15, 7], [16, 22, 17, 21], [18, 24, 19, 23], [20, 4, 21, 3], [22, 18, 23, 17], [24, 10, 1, 9], [2, 20, 3, 19], [4, 12, 5, 11], [6, 14, 7, 13]]"
12a_0813_172,"[[6, 14, 7, 13], [8, 2, 9, 1], [10, 16, 11, 15], [12, 6, 13, 5], [14, 8, 15, 7], [16, 22, 17, 21], [18, 24, 19, 23], [20, 4, 21, 3], [22, 18, 23, 17], [24, 10, 1, 9], [2, 20, 3, 19], [4, 12, 5, 11]]"
12a_0813_173,"[[4, 12, 5, 11], [6, 14, 7, 13], [8, 2, 9, 1], [10, 16, 11, 15], [12, 6, 13, 5], [14, 8, 15, 7], [16, 22, 17, 21], [18, 24, 19, 23], [20, 4, 21, 3], [22, 18, 23, 17], [24, 10, 1, 9], [2, 20, 3, 19]]"
12a_0813_174,"[[2, 20, 3, 19], [4, 12, 5, 11], [6, 14, 7, 13], [8, 2, 9, 1], [10, 16, 11, 15], [12, 6, 13, 5], [14, 8, 15, 7], [16, 22, 17, 21], [18, 24, 19, 23], [20, 4, 21, 3], [22, 18, 23, 17], [24, 10, 1, 9]]"
12a_0813_175,"[[24, 10, 1, 9], [2, 20, 3, 19], [4, 12, 5, 11], [6, 14, 7, 13], [8, 2, 9, 1], [10, 16, 11, 15], [12, 6, 13, 5], [14, 8, 15, 7], [16, 22, 17, 21], [18, 24, 19, 23], [20, 4, 21, 3], [22, 18, 23, 17]]"
12a_0813_176,"[[22, 18, 23, 17], [24, 10, 1, 9], [2, 20, 3, 19], [4, 12, 5, 11], [6, 14, 7, 13], [8, 2, 9, 1], [10, 16, 11, 15], [12, 6, 13, 5], [14, 8, 15, 7], [16, 22, 17, 21], [18, 24, 19, 23], [20, 4, 21, 3]]"
12a_0813_177,"[[20, 4, 21, 3], [22, 18, 23, 17], [24, 10, 1, 9], [2, 20, 3, 19], [4, 12, 5, 11], [6, 14, 7, 13], [8, 2, 9, 1], [10, 16, 11, 15], [12, 6, 13, 5], [14, 8, 15, 7], [16, 22, 17, 21], [18, 24, 19, 23]]"
12a_0813_178,"[[18, 24, 19, 23], [20, 4, 21, 3], [22, 18, 23, 17], [24, 10, 1, 9], [2, 20, 3, 19], [4, 12, 5, 11], [6, 14, 7, 13], [8, 2, 9, 1], [10, 16, 11, 15], [12, 6, 13, 5], [14, 8, 15, 7], [16, 22, 17, 21]]"
12a_0813_179,"[[16, 22, 17, 21], [18, 24, 19, 23], [20, 4, 21, 3], [22, 18, 23, 17], [24, 10, 1, 9], [2, 20, 3, 19], [4, 12, 5, 11], [6, 14, 7, 13], [8, 2, 9, 1], [10, 16, 11, 15], [12, 6, 13, 5], [14, 8, 15, 7]]"
12a_0813_180,"[[15, 9, 16, 8], [17, 23, 18, 22], [19, 1, 20, 24], [21, 5, 22, 4], [23, 19, 24, 18], [1, 11, 2, 10], [3, 21, 4, 20], [5, 13, 6, 12], [7, 15, 8, 14], [9, 3, 10, 2], [11, 17, 12, 16], [13, 7, 14, 6]]"
12a_0813_181,"[[13, 7, 14, 6], [15, 9, 16, 8], [17, 23, 18, 22], [19, 1, 20, 24], [21, 5, 22, 4], [23, 19, 24, 18], [1, 11, 2, 10], [3, 21, 4, 20], [5, 13, 6, 12], [7, 15, 8, 14], [9, 3, 10, 2], [11, 17, 12, 16]]"
12a_0813_182,"[[11, 17, 12, 16], [13, 7, 14, 6], [15, 9, 16, 8], [17, 23, 18, 22], [19, 1, 20, 24], [21, 5, 22, 4], [23, 19, 24, 18], [1, 11, 2, 10], [3, 21, 4, 20], [5, 13, 6, 12], [7, 15, 8, 14], [9, 3, 10, 2]]"
12a_0813_183,"[[9, 3, 10, 2], [11, 17, 12, 16], [13, 7, 14, 6], [15, 9, 16, 8], [17, 23, 18, 22], [19, 1, 20, 24], [21, 5, 22, 4], [23, 19, 24, 18], [1, 11, 2, 10], [3, 21, 4, 20], [5, 13, 6, 12], [7, 15, 8, 14]]"
12a_0813_184,"[[7, 15, 8, 14], [9, 3, 10, 2], [11, 17, 12, 16], [13, 7, 14, 6], [15, 9, 16, 8], [17, 23, 18, 22], [19, 1, 20, 24], [21, 5, 22, 4], [23, 19, 24, 18], [1, 11, 2, 10], [3, 21, 4, 20], [5, 13, 6, 12]]"
12a_0813_185,"[[5, 13, 6, 12], [7, 15, 8, 14], [9, 3, 10, 2], [11, 17, 12, 16], [13, 7, 14, 6], [15, 9, 16, 8], [17, 23, 18, 22], [19, 1, 20, 24], [21, 5, 22, 4], [23, 19, 24, 18], [1, 11, 2, 10], [3, 21, 4, 20]]"
