name,pd_notation
12a_1165_0,"[[24, 10, 1, 9], [2, 8, 3, 7], [4, 17, 5, 18], [6, 15, 7, 16], [8, 24, 9, 23], [10, 2, 11, 1], [12, 22, 13, 21], [14, 20, 15, 19], [16, 5, 17, 6], [18, 3, 19, 4], [20, 14, 21, 13], [22, 12, 23, 11]]"
12a_1165_1,"[[22, 12, 23, 11], [24, 10, 1, 9], [2, 8, 3, 7], [4, 17, 5, 18], [6, 15, 7, 16], [8, 24, 9, 23], [10, 2, 11, 1], [12, 22, 13, 21], [14, 20, 15, 19], [16, 5, 17, 6], [18, 3, 19, 4], [20, 14, 21, 13]]"
12a_1165_2,"[[20, 14, 21, 13], [22, 12, 23, 11], [24, 10, 1, 9], [2, 8, 3, 7], [4, 17, 5, 18], [6, 15, 7, 16], [8, 24, 9, 23], [10, 2, 11, 1], [12, 22, 13, 21], [14, 20, 15, 19], [16, 5, 17, 6], [18, 3, 19, 4]]"
12a_1165_3,"[[18, 3, 19, 4], [20, 14, 21, 13], [22, 12, 23, 11], [24, 10, 1, 9], [2, 8, 3, 7], [4, 17, 5, 18], [6, 15, 7, 16], [8, 24, 9, 23], [10, 2, 11, 1], [12, 22, 13, 21], [14, 20, 15, 19], [16, 5, 17, 6]]"
12a_1165_4,"[[16, 5, 17, 6], [18, 3, 19, 4], [20, 14, 21, 13], [22, 12, 23, 11], [24, 10, 1, 9], [2, 8, 3, 7], [4, 17, 5, 18], [6, 15, 7, 16], [8, 24, 9, 23], [10, 2, 11, 1], [12, 22, 13, 21], [14, 20, 15, 19]]"
12a_1165_5,"[[14, 20, 15, 19], [16, 5, 17, 6], [18, 3, 19, 4], [20, 14, 21, 13], [22, 12, 23, 11], [24, 10, 1, 9], [2, 8, 3, 7], [4, 17, 5, 18], [6, 15, 7, 16], [8, 24, 9, 23], [10, 2, 11, 1], [12, 22, 13, 21]]"
12a_1165_6,"[[12, 22, 13, 21], [14, 20, 15, 19], [16, 5, 17, 6], [18, 3, 19, 4], [20, 14, 21, 13], [22, 12, 23, 11], [24, 10, 1, 9], [2, 8, 3, 7], [4, 17, 5, 18], [6, 15, 7, 16], [8, 24, 9, 23], [10, 2, 11, 1]]"
12a_1165_7,"[[10, 2, 11, 1], [12, 22, 13, 21], [14, 20, 15, 19], [16, 5, 17, 6], [18, 3, 19, 4], [20, 14, 21, 13], [22, 12, 23, 11], [24, 10, 1, 9], [2, 8, 3, 7], [4, 17, 5, 18], [6, 15, 7, 16], [8, 24, 9, 23]]"
12a_1165_8,"[[8, 24, 9, 23], [10, 2, 11, 1], [12, 22, 13, 21], [14, 20, 15, 19], [16, 5, 17, 6], [18, 3, 19, 4], [20, 14, 21, 13], [22, 12, 23, 11], [24, 10, 1, 9], [2, 8, 3, 7], [4, 17, 5, 18], [6, 15, 7, 16]]"
12a_1165_9,"[[6, 15, 7, 16], [8, 24, 9, 23], [10, 2, 11, 1], [12, 22, 13, 21], [14, 20, 15, 19], [16, 5, 17, 6], [18, 3, 19, 4], [20, 14, 21, 13], [22, 12, 23, 11], [24, 10, 1, 9], [2, 8, 3, 7], [4, 17, 5, 18]]"
12a_1165_10,"[[4, 17, 5, 18], [6, 15, 7, 16], [8, 24, 9, 23], [10, 2, 11, 1], [12, 22, 13, 21], [14, 20, 15, 19], [16, 5, 17, 6], [18, 3, 19, 4], [20, 14, 21, 13], [22, 12, 23, 11], [24, 10, 1, 9], [2, 8, 3, 7]]"
12a_1165_11,"[[2, 8, 3, 7], [4, 17, 5, 18], [6, 15, 7, 16], [8, 24, 9, 23], [10, 2, 11, 1], [12, 22, 13, 21], [14, 20, 15, 19], [16, 5, 17, 6], [18, 3, 19, 4], [20, 14, 21, 13], [22, 12, 23, 11], [24, 10, 1, 9]]"
12a_1165_12,"[[1, 11, 2, 10], [3, 9, 4, 8], [5, 18, 6, 19], [7, 16, 8, 17], [9, 1, 10, 24], [11, 3, 12, 2], [13, 23, 14, 22], [15, 21, 16, 20], [17, 6, 18, 7], [19, 4, 20, 5], [21, 15, 22, 14], [23, 13, 24, 12]]"
12a_1165_13,"[[23, 13, 24, 12], [1, 11, 2, 10], [3, 9, 4, 8], [5, 18, 6, 19], [7, 16, 8, 17], [9, 1, 10, 24], [11, 3, 12, 2], [13, 23, 14, 22], [15, 21, 16, 20], [17, 6, 18, 7], [19, 4, 20, 5], [21, 15, 22, 14]]"
12a_1165_14,"[[21, 15, 22, 14], [23, 13, 24, 12], [1, 11, 2, 10], [3, 9, 4, 8], [5, 18, 6, 19], [7, 16, 8, 17], [9, 1, 10, 24], [11, 3, 12, 2], [13, 23, 14, 22], [15, 21, 16, 20], [17, 6, 18, 7], [19, 4, 20, 5]]"
12a_1165_15,"[[19, 4, 20, 5], [21, 15, 22, 14], [23, 13, 24, 12], [1, 11, 2, 10], [3, 9, 4, 8], [5, 18, 6, 19], [7, 16, 8, 17], [9, 1, 10, 24], [11, 3, 12, 2], [13, 23, 14, 22], [15, 21, 16, 20], [17, 6, 18, 7]]"
12a_1165_16,"[[17, 6, 18, 7], [19, 4, 20, 5], [21, 15, 22, 14], [23, 13, 24, 12], [1, 11, 2, 10], [3, 9, 4, 8], [5, 18, 6, 19], [7, 16, 8, 17], [9, 1, 10, 24], [11, 3, 12, 2], [13, 23, 14, 22], [15, 21, 16, 20]]"
12a_1165_17,"[[15, 21, 16, 20], [17, 6, 18, 7], [19, 4, 20, 5], [21, 15, 22, 14], [23, 13, 24, 12], [1, 11, 2, 10], [3, 9, 4, 8], [5, 18, 6, 19], [7, 16, 8, 17], [9, 1, 10, 24], [11, 3, 12, 2], [13, 23, 14, 22]]"
12a_1165_18,"[[13, 23, 14, 22], [15, 21, 16, 20], [17, 6, 18, 7], [19, 4, 20, 5], [21, 15, 22, 14], [23, 13, 24, 12], [1, 11, 2, 10], [3, 9, 4, 8], [5, 18, 6, 19], [7, 16, 8, 17], [9, 1, 10, 24], [11, 3, 12, 2]]"
12a_1165_19,"[[11, 3, 12, 2], [13, 23, 14, 22], [15, 21, 16, 20], [17, 6, 18, 7], [19, 4, 20, 5], [21, 15, 22, 14], [23, 13, 24, 12], [1, 11, 2, 10], [3, 9, 4, 8], [5, 18, 6, 19], [7, 16, 8, 17], [9, 1, 10, 24]]"
12a_1165_20,"[[9, 1, 10, 24], [11, 3, 12, 2], [13, 23, 14, 22], [15, 21, 16, 20], [17, 6, 18, 7], [19, 4, 20, 5], [21, 15, 22, 14], [23, 13, 24, 12], [1, 11, 2, 10], [3, 9, 4, 8], [5, 18, 6, 19], [7, 16, 8, 17]]"
12a_1165_21,"[[7, 16, 8, 17], [9, 1, 10, 24], [11, 3, 12, 2], [13, 23, 14, 22], [15, 21, 16, 20], [17, 6, 18, 7], [19, 4, 20, 5], [21, 15, 22, 14], [23, 13, 24, 12], [1, 11, 2, 10], [3, 9, 4, 8], [5, 18, 6, 19]]"
12a_1165_22,"[[5, 18, 6, 19], [7, 16, 8, 17], [9, 1, 10, 24], [11, 3, 12, 2], [13, 23, 14, 22], [15, 21, 16, 20], [17, 6, 18, 7], [19, 4, 20, 5], [21, 15, 22, 14], [23, 13, 24, 12], [1, 11, 2, 10], [3, 9, 4, 8]]"
12a_1165_23,"[[3, 9, 4, 8], [5, 18, 6, 19], [7, 16, 8, 17], [9, 1, 10, 24], [11, 3, 12, 2], [13, 23, 14, 22], [15, 21, 16, 20], [17, 6, 18, 7], [19, 4, 20, 5], [21, 15, 22, 14], [23, 13, 24, 12], [1, 11, 2, 10]]"
12a_1165_24,"[[2, 12, 3, 11], [4, 10, 5, 9], [6, 19, 7, 20], [8, 17, 9, 18], [10, 2, 11, 1], [12, 4, 13, 3], [14, 24, 15, 23], [16, 22, 17, 21], [18, 7, 19, 8], [20, 5, 21, 6], [22, 16, 23, 15], [24, 14, 1, 13]]"
12a_1165_25,"[[24, 14, 1, 13], [2, 12, 3, 11], [4, 10, 5, 9], [6, 19, 7, 20], [8, 17, 9, 18], [10, 2, 11, 1], [12, 4, 13, 3], [14, 24, 15, 23], [16, 22, 17, 21], [18, 7, 19, 8], [20, 5, 21, 6], [22, 16, 23, 15]]"
12a_1165_26,"[[22, 16, 23, 15], [24, 14, 1, 13], [2, 12, 3, 11], [4, 10, 5, 9], [6, 19, 7, 20], [8, 17, 9, 18], [10, 2, 11, 1], [12, 4, 13, 3], [14, 24, 15, 23], [16, 22, 17, 21], [18, 7, 19, 8], [20, 5, 21, 6]]"
12a_1165_27,"[[20, 5, 21, 6], [22, 16, 23, 15], [24, 14, 1, 13], [2, 12, 3, 11], [4, 10, 5, 9], [6, 19, 7, 20], [8, 17, 9, 18], [10, 2, 11, 1], [12, 4, 13, 3], [14, 24, 15, 23], [16, 22, 17, 21], [18, 7, 19, 8]]"
12a_1165_28,"[[18, 7, 19, 8], [20, 5, 21, 6], [22, 16, 23, 15], [24, 14, 1, 13], [2, 12, 3, 11], [4, 10, 5, 9], [6, 19, 7, 20], [8, 17, 9, 18], [10, 2, 11, 1], [12, 4, 13, 3], [14, 24, 15, 23], [16, 22, 17, 21]]"
12a_1165_29,"[[16, 22, 17, 21], [18, 7, 19, 8], [20, 5, 21, 6], [22, 16, 23, 15], [24, 14, 1, 13], [2, 12, 3, 11], [4, 10, 5, 9], [6, 19, 7, 20], [8, 17, 9, 18], [10, 2, 11, 1], [12, 4, 13, 3], [14, 24, 15, 23]]"
12a_1165_30,"[[14, 24, 15, 23], [16, 22, 17, 21], [18, 7, 19, 8], [20, 5, 21, 6], [22, 16, 23, 15], [24, 14, 1, 13], [2, 12, 3, 11], [4, 10, 5, 9], [6, 19, 7, 20], [8, 17, 9, 18], [10, 2, 11, 1], [12, 4, 13, 3]]"
12a_1165_31,"[[12, 4, 13, 3], [14, 24, 15, 23], [16, 22, 17, 21], [18, 7, 19, 8], [20, 5, 21, 6], [22, 16, 23, 15], [24, 14, 1, 13], [2, 12, 3, 11], [4, 10, 5, 9], [6, 19, 7, 20], [8, 17, 9, 18], [10, 2, 11, 1]]"
12a_1165_32,"[[10, 2, 11, 1], [12, 4, 13, 3], [14, 24, 15, 23], [16, 22, 17, 21], [18, 7, 19, 8], [20, 5, 21, 6], [22, 16, 23, 15], [24, 14, 1, 13], [2, 12, 3, 11], [4, 10, 5, 9], [6, 19, 7, 20], [8, 17, 9, 18]]"
12a_1165_33,"[[8, 17, 9, 18], [10, 2, 11, 1], [12, 4, 13, 3], [14, 24, 15, 23], [16, 22, 17, 21], [18, 7, 19, 8], [20, 5, 21, 6], [22, 16, 23, 15], [24, 14, 1, 13], [2, 12, 3, 11], [4, 10, 5, 9], [6, 19, 7, 20]]"
12a_1165_34,"[[6, 19, 7, 20], [8, 17, 9, 18], [10, 2, 11, 1], [12, 4, 13, 3], [14, 24, 15, 23], [16, 22, 17, 21], [18, 7, 19, 8], [20, 5, 21, 6], [22, 16, 23, 15], [24, 14, 1, 13], [2, 12, 3, 11], [4, 10, 5, 9]]"
12a_1165_35,"[[4, 10, 5, 9], [6, 19, 7, 20], [8, 17, 9, 18], [10, 2, 11, 1], [12, 4, 13, 3], [14, 24, 15, 23], [16, 22, 17, 21], [18, 7, 19, 8], [20, 5, 21, 6], [22, 16, 23, 15], [24, 14, 1, 13], [2, 12, 3, 11]]"
12a_1165_36,"[[3, 13, 4, 12], [5, 11, 6, 10], [7, 20, 8, 21], [9, 18, 10, 19], [11, 3, 12, 2], [13, 5, 14, 4], [15, 1, 16, 24], [17, 23, 18, 22], [19, 8, 20, 9], [21, 6, 22, 7], [23, 17, 24, 16], [1, 15, 2, 14]]"
12a_1165_37,"[[1, 15, 2, 14], [3, 13, 4, 12], [5, 11, 6, 10], [7, 20, 8, 21], [9, 18, 10, 19], [11, 3, 12, 2], [13, 5, 14, 4], [15, 1, 16, 24], [17, 23, 18, 22], [19, 8, 20, 9], [21, 6, 22, 7], [23, 17, 24, 16]]"
12a_1165_38,"[[23, 17, 24, 16], [1, 15, 2, 14], [3, 13, 4, 12], [5, 11, 6, 10], [7, 20, 8, 21], [9, 18, 10, 19], [11, 3, 12, 2], [13, 5, 14, 4], [15, 1, 16, 24], [17, 23, 18, 22], [19, 8, 20, 9], [21, 6, 22, 7]]"
12a_1165_39,"[[21, 6, 22, 7], [23, 17, 24, 16], [1, 15, 2, 14], [3, 13, 4, 12], [5, 11, 6, 10], [7, 20, 8, 21], [9, 18, 10, 19], [11, 3, 12, 2], [13, 5, 14, 4], [15, 1, 16, 24], [17, 23, 18, 22], [19, 8, 20, 9]]"
12a_1165_40,"[[19, 8, 20, 9], [21, 6, 22, 7], [23, 17, 24, 16], [1, 15, 2, 14], [3, 13, 4, 12], [5, 11, 6, 10], [7, 20, 8, 21], [9, 18, 10, 19], [11, 3, 12, 2], [13, 5, 14, 4], [15, 1, 16, 24], [17, 23, 18, 22]]"
12a_1165_41,"[[17, 23, 18, 22], [19, 8, 20, 9], [21, 6, 22, 7], [23, 17, 24, 16], [1, 15, 2, 14], [3, 13, 4, 12], [5, 11, 6, 10], [7, 20, 8, 21], [9, 18, 10, 19], [11, 3, 12, 2], [13, 5, 14, 4], [15, 1, 16, 24]]"
12a_1165_42,"[[15, 1, 16, 24], [17, 23, 18, 22], [19, 8, 20, 9], [21, 6, 22, 7], [23, 17, 24, 16], [1, 15, 2, 14], [3, 13, 4, 12], [5, 11, 6, 10], [7, 20, 8, 21], [9, 18, 10, 19], [11, 3, 12, 2], [13, 5, 14, 4]]"
12a_1165_43,"[[13, 5, 14, 4], [15, 1, 16, 24], [17, 23, 18, 22], [19, 8, 20, 9], [21, 6, 22, 7], [23, 17, 24, 16], [1, 15, 2, 14], [3, 13, 4, 12], [5, 11, 6, 10], [7, 20, 8, 21], [9, 18, 10, 19], [11, 3, 12, 2]]"
12a_1165_44,"[[11, 3, 12, 2], [13, 5, 14, 4], [15, 1, 16, 24], [17, 23, 18, 22], [19, 8, 20, 9], [21, 6, 22, 7], [23, 17, 24, 16], [1, 15, 2, 14], [3, 13, 4, 12], [5, 11, 6, 10], [7, 20, 8, 21], [9, 18, 10, 19]]"
12a_1165_45,"[[9, 18, 10, 19], [11, 3, 12, 2], [13, 5, 14, 4], [15, 1, 16, 24], [17, 23, 18, 22], [19, 8, 20, 9], [21, 6, 22, 7], [23, 17, 24, 16], [1, 15, 2, 14], [3, 13, 4, 12], [5, 11, 6, 10], [7, 20, 8, 21]]"
12a_1165_46,"[[7, 20, 8, 21], [9, 18, 10, 19], [11, 3, 12, 2], [13, 5, 14, 4], [15, 1, 16, 24], [17, 23, 18, 22], [19, 8, 20, 9], [21, 6, 22, 7], [23, 17, 24, 16], [1, 15, 2, 14], [3, 13, 4, 12], [5, 11, 6, 10]]"
12a_1165_47,"[[5, 11, 6, 10], [7, 20, 8, 21], [9, 18, 10, 19], [11, 3, 12, 2], [13, 5, 14, 4], [15, 1, 16, 24], [17, 23, 18, 22], [19, 8, 20, 9], [21, 6, 22, 7], [23, 17, 24, 16], [1, 15, 2, 14], [3, 13, 4, 12]]"
12a_1165_48,"[[4, 14, 5, 13], [6, 12, 7, 11], [8, 21, 9, 22], [10, 19, 11, 20], [12, 4, 13, 3], [14, 6, 15, 5], [16, 2, 17, 1], [18, 24, 19, 23], [20, 9, 21, 10], [22, 7, 23, 8], [24, 18, 1, 17], [2, 16, 3, 15]]"
12a_1165_49,"[[2, 16, 3, 15], [4, 14, 5, 13], [6, 12, 7, 11], [8, 21, 9, 22], [10, 19, 11, 20], [12, 4, 13, 3], [14, 6, 15, 5], [16, 2, 17, 1], [18, 24, 19, 23], [20, 9, 21, 10], [22, 7, 23, 8], [24, 18, 1, 17]]"
12a_1165_50,"[[24, 18, 1, 17], [2, 16, 3, 15], [4, 14, 5, 13], [6, 12, 7, 11], [8, 21, 9, 22], [10, 19, 11, 20], [12, 4, 13, 3], [14, 6, 15, 5], [16, 2, 17, 1], [18, 24, 19, 23], [20, 9, 21, 10], [22, 7, 23, 8]]"
12a_1165_51,"[[22, 7, 23, 8], [24, 18, 1, 17], [2, 16, 3, 15], [4, 14, 5, 13], [6, 12, 7, 11], [8, 21, 9, 22], [10, 19, 11, 20], [12, 4, 13, 3], [14, 6, 15, 5], [16, 2, 17, 1], [18, 24, 19, 23], [20, 9, 21, 10]]"
12a_1165_52,"[[20, 9, 21, 10], [22, 7, 23, 8], [24, 18, 1, 17], [2, 16, 3, 15], [4, 14, 5, 13], [6, 12, 7, 11], [8, 21, 9, 22], [10, 19, 11, 20], [12, 4, 13, 3], [14, 6, 15, 5], [16, 2, 17, 1], [18, 24, 19, 23]]"
12a_1165_53,"[[18, 24, 19, 23], [20, 9, 21, 10], [22, 7, 23, 8], [24, 18, 1, 17], [2, 16, 3, 15], [4, 14, 5, 13], [6, 12, 7, 11], [8, 21, 9, 22], [10, 19, 11, 20], [12, 4, 13, 3], [14, 6, 15, 5], [16, 2, 17, 1]]"
12a_1165_54,"[[16, 2, 17, 1], [18, 24, 19, 23], [20, 9, 21, 10], [22, 7, 23, 8], [24, 18, 1, 17], [2, 16, 3, 15], [4, 14, 5, 13], [6, 12, 7, 11], [8, 21, 9, 22], [10, 19, 11, 20], [12, 4, 13, 3], [14, 6, 15, 5]]"
12a_1165_55,"[[14, 6, 15, 5], [16, 2, 17, 1], [18, 24, 19, 23], [20, 9, 21, 10], [22, 7, 23, 8], [24, 18, 1, 17], [2, 16, 3, 15], [4, 14, 5, 13], [6, 12, 7, 11], [8, 21, 9, 22], [10, 19, 11, 20], [12, 4, 13, 3]]"
12a_1165_56,"[[12, 4, 13, 3], [14, 6, 15, 5], [16, 2, 17, 1], [18, 24, 19, 23], [20, 9, 21, 10], [22, 7, 23, 8], [24, 18, 1, 17], [2, 16, 3, 15], [4, 14, 5, 13], [6, 12, 7, 11], [8, 21, 9, 22], [10, 19, 11, 20]]"
12a_1165_57,"[[10, 19, 11, 20], [12, 4, 13, 3], [14, 6, 15, 5], [16, 2, 17, 1], [18, 24, 19, 23], [20, 9, 21, 10], [22, 7, 23, 8], [24, 18, 1, 17], [2, 16, 3, 15], [4, 14, 5, 13], [6, 12, 7, 11], [8, 21, 9, 22]]"
12a_1165_58,"[[8, 21, 9, 22], [10, 19, 11, 20], [12, 4, 13, 3], [14, 6, 15, 5], [16, 2, 17, 1], [18, 24, 19, 23], [20, 9, 21, 10], [22, 7, 23, 8], [24, 18, 1, 17], [2, 16, 3, 15], [4, 14, 5, 13], [6, 12, 7, 11]]"
12a_1165_59,"[[6, 12, 7, 11], [8, 21, 9, 22], [10, 19, 11, 20], [12, 4, 13, 3], [14, 6, 15, 5], [16, 2, 17, 1], [18, 24, 19, 23], [20, 9, 21, 10], [22, 7, 23, 8], [24, 18, 1, 17], [2, 16, 3, 15], [4, 14, 5, 13]]"
12a_1165_60,"[[5, 15, 6, 14], [7, 13, 8, 12], [9, 22, 10, 23], [11, 20, 12, 21], [13, 5, 14, 4], [15, 7, 16, 6], [17, 3, 18, 2], [19, 1, 20, 24], [21, 10, 22, 11], [23, 8, 24, 9], [1, 19, 2, 18], [3, 17, 4, 16]]"
12a_1165_61,"[[3, 17, 4, 16], [5, 15, 6, 14], [7, 13, 8, 12], [9, 22, 10, 23], [11, 20, 12, 21], [13, 5, 14, 4], [15, 7, 16, 6], [17, 3, 18, 2], [19, 1, 20, 24], [21, 10, 22, 11], [23, 8, 24, 9], [1, 19, 2, 18]]"
12a_1165_62,"[[1, 19, 2, 18], [3, 17, 4, 16], [5, 15, 6, 14], [7, 13, 8, 12], [9, 22, 10, 23], [11, 20, 12, 21], [13, 5, 14, 4], [15, 7, 16, 6], [17, 3, 18, 2], [19, 1, 20, 24], [21, 10, 22, 11], [23, 8, 24, 9]]"
12a_1165_63,"[[23, 8, 24, 9], [1, 19, 2, 18], [3, 17, 4, 16], [5, 15, 6, 14], [7, 13, 8, 12], [9, 22, 10, 23], [11, 20, 12, 21], [13, 5, 14, 4], [15, 7, 16, 6], [17, 3, 18, 2], [19, 1, 20, 24], [21, 10, 22, 11]]"
12a_1165_64,"[[21, 10, 22, 11], [23, 8, 24, 9], [1, 19, 2, 18], [3, 17, 4, 16], [5, 15, 6, 14], [7, 13, 8, 12], [9, 22, 10, 23], [11, 20, 12, 21], [13, 5, 14, 4], [15, 7, 16, 6], [17, 3, 18, 2], [19, 1, 20, 24]]"
12a_1165_65,"[[19, 1, 20, 24], [21, 10, 22, 11], [23, 8, 24, 9], [1, 19, 2, 18], [3, 17, 4, 16], [5, 15, 6, 14], [7, 13, 8, 12], [9, 22, 10, 23], [11, 20, 12, 21], [13, 5, 14, 4], [15, 7, 16, 6], [17, 3, 18, 2]]"
12a_1165_66,"[[17, 3, 18, 2], [19, 1, 20, 24], [21, 10, 22, 11], [23, 8, 24, 9], [1, 19, 2, 18], [3, 17, 4, 16], [5, 15, 6, 14], [7, 13, 8, 12], [9, 22, 10, 23], [11, 20, 12, 21], [13, 5, 14, 4], [15, 7, 16, 6]]"
12a_1165_67,"[[15, 7, 16, 6], [17, 3, 18, 2], [19, 1, 20, 24], [21, 10, 22, 11], [23, 8, 24, 9], [1, 19, 2, 18], [3, 17, 4, 16], [5, 15, 6, 14], [7, 13, 8, 12], [9, 22, 10, 23], [11, 20, 12, 21], [13, 5, 14, 4]]"
12a_1165_68,"[[13, 5, 14, 4], [15, 7, 16, 6], [17, 3, 18, 2], [19, 1, 20, 24], [21, 10, 22, 11], [23, 8, 24, 9], [1, 19, 2, 18], [3, 17, 4, 16], [5, 15, 6, 14], [7, 13, 8, 12], [9, 22, 10, 23], [11, 20, 12, 21]]"
12a_1165_69,"[[11, 20, 12, 21], [13, 5, 14, 4], [15, 7, 16, 6], [17, 3, 18, 2], [19, 1, 20, 24], [21, 10, 22, 11], [23, 8, 24, 9], [1, 19, 2, 18], [3, 17, 4, 16], [5, 15, 6, 14], [7, 13, 8, 12], [9, 22, 10, 23]]"
12a_1165_70,"[[9, 22, 10, 23], [11, 20, 12, 21], [13, 5, 14, 4], [15, 7, 16, 6], [17, 3, 18, 2], [19, 1, 20, 24], [21, 10, 22, 11], [23, 8, 24, 9], [1, 19, 2, 18], [3, 17, 4, 16], [5, 15, 6, 14], [7, 13, 8, 12]]"
12a_1165_71,"[[7, 13, 8, 12], [9, 22, 10, 23], [11, 20, 12, 21], [13, 5, 14, 4], [15, 7, 16, 6], [17, 3, 18, 2], [19, 1, 20, 24], [21, 10, 22, 11], [23, 8, 24, 9], [1, 19, 2, 18], [3, 17, 4, 16], [5, 15, 6, 14]]"
12a_1165_72,"[[6, 16, 7, 15], [8, 14, 9, 13], [10, 23, 11, 24], [12, 21, 13, 22], [14, 6, 15, 5], [16, 8, 17, 7], [18, 4, 19, 3], [20, 2, 21, 1], [22, 11, 23, 12], [24, 9, 1, 10], [2, 20, 3, 19], [4, 18, 5, 17]]"
12a_1165_73,"[[4, 18, 5, 17], [6, 16, 7, 15], [8, 14, 9, 13], [10, 23, 11, 24], [12, 21, 13, 22], [14, 6, 15, 5], [16, 8, 17, 7], [18, 4, 19, 3], [20, 2, 21, 1], [22, 11, 23, 12], [24, 9, 1, 10], [2, 20, 3, 19]]"
12a_1165_74,"[[2, 20, 3, 19], [4, 18, 5, 17], [6, 16, 7, 15], [8, 14, 9, 13], [10, 23, 11, 24], [12, 21, 13, 22], [14, 6, 15, 5], [16, 8, 17, 7], [18, 4, 19, 3], [20, 2, 21, 1], [22, 11, 23, 12], [24, 9, 1, 10]]"
12a_1165_75,"[[24, 9, 1, 10], [2, 20, 3, 19], [4, 18, 5, 17], [6, 16, 7, 15], [8, 14, 9, 13], [10, 23, 11, 24], [12, 21, 13, 22], [14, 6, 15, 5], [16, 8, 17, 7], [18, 4, 19, 3], [20, 2, 21, 1], [22, 11, 23, 12]]"
12a_1165_76,"[[22, 11, 23, 12], [24, 9, 1, 10], [2, 20, 3, 19], [4, 18, 5, 17], [6, 16, 7, 15], [8, 14, 9, 13], [10, 23, 11, 24], [12, 21, 13, 22], [14, 6, 15, 5], [16, 8, 17, 7], [18, 4, 19, 3], [20, 2, 21, 1]]"
12a_1165_77,"[[20, 2, 21, 1], [22, 11, 23, 12], [24, 9, 1, 10], [2, 20, 3, 19], [4, 18, 5, 17], [6, 16, 7, 15], [8, 14, 9, 13], [10, 23, 11, 24], [12, 21, 13, 22], [14, 6, 15, 5], [16, 8, 17, 7], [18, 4, 19, 3]]"
12a_1165_78,"[[18, 4, 19, 3], [20, 2, 21, 1], [22, 11, 23, 12], [24, 9, 1, 10], [2, 20, 3, 19], [4, 18, 5, 17], [6, 16, 7, 15], [8, 14, 9, 13], [10, 23, 11, 24], [12, 21, 13, 22], [14, 6, 15, 5], [16, 8, 17, 7]]"
12a_1165_79,"[[16, 8, 17, 7], [18, 4, 19, 3], [20, 2, 21, 1], [22, 11, 23, 12], [24, 9, 1, 10], [2, 20, 3, 19], [4, 18, 5, 17], [6, 16, 7, 15], [8, 14, 9, 13], [10, 23, 11, 24], [12, 21, 13, 22], [14, 6, 15, 5]]"
12a_1165_80,"[[14, 6, 15, 5], [16, 8, 17, 7], [18, 4, 19, 3], [20, 2, 21, 1], [22, 11, 23, 12], [24, 9, 1, 10], [2, 20, 3, 19], [4, 18, 5, 17], [6, 16, 7, 15], [8, 14, 9, 13], [10, 23, 11, 24], [12, 21, 13, 22]]"
12a_1165_81,"[[12, 21, 13, 22], [14, 6, 15, 5], [16, 8, 17, 7], [18, 4, 19, 3], [20, 2, 21, 1], [22, 11, 23, 12], [24, 9, 1, 10], [2, 20, 3, 19], [4, 18, 5, 17], [6, 16, 7, 15], [8, 14, 9, 13], [10, 23, 11, 24]]"
12a_1165_82,"[[10, 23, 11, 24], [12, 21, 13, 22], [14, 6, 15, 5], [16, 8, 17, 7], [18, 4, 19, 3], [20, 2, 21, 1], [22, 11, 23, 12], [24, 9, 1, 10], [2, 20, 3, 19], [4, 18, 5, 17], [6, 16, 7, 15], [8, 14, 9, 13]]"
12a_1165_83,"[[8, 14, 9, 13], [10, 23, 11, 24], [12, 21, 13, 22], [14, 6, 15, 5], [16, 8, 17, 7], [18, 4, 19, 3], [20, 2, 21, 1], [22, 11, 23, 12], [24, 9, 1, 10], [2, 20, 3, 19], [4, 18, 5, 17], [6, 16, 7, 15]]"
12a_1165_84,"[[7, 17, 8, 16], [9, 15, 10, 14], [11, 24, 12, 1], [13, 22, 14, 23], [15, 7, 16, 6], [17, 9, 18, 8], [19, 5, 20, 4], [21, 3, 22, 2], [23, 12, 24, 13], [1, 10, 2, 11], [3, 21, 4, 20], [5, 19, 6, 18]]"
12a_1165_85,"[[5, 19, 6, 18], [7, 17, 8, 16], [9, 15, 10, 14], [11, 24, 12, 1], [13, 22, 14, 23], [15, 7, 16, 6], [17, 9, 18, 8], [19, 5, 20, 4], [21, 3, 22, 2], [23, 12, 24, 13], [1, 10, 2, 11], [3, 21, 4, 20]]"
12a_1165_86,"[[3, 21, 4, 20], [5, 19, 6, 18], [7, 17, 8, 16], [9, 15, 10, 14], [11, 24, 12, 1], [13, 22, 14, 23], [15, 7, 16, 6], [17, 9, 18, 8], [19, 5, 20, 4], [21, 3, 22, 2], [23, 12, 24, 13], [1, 10, 2, 11]]"
12a_1165_87,"[[1, 10, 2, 11], [3, 21, 4, 20], [5, 19, 6, 18], [7, 17, 8, 16], [9, 15, 10, 14], [11, 24, 12, 1], [13, 22, 14, 23], [15, 7, 16, 6], [17, 9, 18, 8], [19, 5, 20, 4], [21, 3, 22, 2], [23, 12, 24, 13]]"
12a_1165_88,"[[23, 12, 24, 13], [1, 10, 2, 11], [3, 21, 4, 20], [5, 19, 6, 18], [7, 17, 8, 16], [9, 15, 10, 14], [11, 24, 12, 1], [13, 22, 14, 23], [15, 7, 16, 6], [17, 9, 18, 8], [19, 5, 20, 4], [21, 3, 22, 2]]"
12a_1165_89,"[[21, 3, 22, 2], [23, 12, 24, 13], [1, 10, 2, 11], [3, 21, 4, 20], [5, 19, 6, 18], [7, 17, 8, 16], [9, 15, 10, 14], [11, 24, 12, 1], [13, 22, 14, 23], [15, 7, 16, 6], [17, 9, 18, 8], [19, 5, 20, 4]]"
12a_1165_90,"[[19, 5, 20, 4], [21, 3, 22, 2], [23, 12, 24, 13], [1, 10, 2, 11], [3, 21, 4, 20], [5, 19, 6, 18], [7, 17, 8, 16], [9, 15, 10, 14], [11, 24, 12, 1], [13, 22, 14, 23], [15, 7, 16, 6], [17, 9, 18, 8]]"
12a_1165_91,"[[17, 9, 18, 8], [19, 5, 20, 4], [21, 3, 22, 2], [23, 12, 24, 13], [1, 10, 2, 11], [3, 21, 4, 20], [5, 19, 6, 18], [7, 17, 8, 16], [9, 15, 10, 14], [11, 24, 12, 1], [13, 22, 14, 23], [15, 7, 16, 6]]"
12a_1165_92,"[[15, 7, 16, 6], [17, 9, 18, 8], [19, 5, 20, 4], [21, 3, 22, 2], [23, 12, 24, 13], [1, 10, 2, 11], [3, 21, 4, 20], [5, 19, 6, 18], [7, 17, 8, 16], [9, 15, 10, 14], [11, 24, 12, 1], [13, 22, 14, 23]]"
12a_1165_93,"[[13, 22, 14, 23], [15, 7, 16, 6], [17, 9, 18, 8], [19, 5, 20, 4], [21, 3, 22, 2], [23, 12, 24, 13], [1, 10, 2, 11], [3, 21, 4, 20], [5, 19, 6, 18], [7, 17, 8, 16], [9, 15, 10, 14], [11, 24, 12, 1]]"
12a_1165_94,"[[11, 24, 12, 1], [13, 22, 14, 23], [15, 7, 16, 6], [17, 9, 18, 8], [19, 5, 20, 4], [21, 3, 22, 2], [23, 12, 24, 13], [1, 10, 2, 11], [3, 21, 4, 20], [5, 19, 6, 18], [7, 17, 8, 16], [9, 15, 10, 14]]"
12a_1165_95,"[[9, 15, 10, 14], [11, 24, 12, 1], [13, 22, 14, 23], [15, 7, 16, 6], [17, 9, 18, 8], [19, 5, 20, 4], [21, 3, 22, 2], [23, 12, 24, 13], [1, 10, 2, 11], [3, 21, 4, 20], [5, 19, 6, 18], [7, 17, 8, 16]]"
12a_1165_96,"[[8, 18, 9, 17], [10, 16, 11, 15], [12, 1, 13, 2], [14, 23, 15, 24], [16, 8, 17, 7], [18, 10, 19, 9], [20, 6, 21, 5], [22, 4, 23, 3], [24, 13, 1, 14], [2, 11, 3, 12], [4, 22, 5, 21], [6, 20, 7, 19]]"
12a_1165_97,"[[6, 20, 7, 19], [8, 18, 9, 17], [10, 16, 11, 15], [12, 1, 13, 2], [14, 23, 15, 24], [16, 8, 17, 7], [18, 10, 19, 9], [20, 6, 21, 5], [22, 4, 23, 3], [24, 13, 1, 14], [2, 11, 3, 12], [4, 22, 5, 21]]"
12a_1165_98,"[[4, 22, 5, 21], [6, 20, 7, 19], [8, 18, 9, 17], [10, 16, 11, 15], [12, 1, 13, 2], [14, 23, 15, 24], [16, 8, 17, 7], [18, 10, 19, 9], [20, 6, 21, 5], [22, 4, 23, 3], [24, 13, 1, 14], [2, 11, 3, 12]]"
12a_1165_99,"[[2, 11, 3, 12], [4, 22, 5, 21], [6, 20, 7, 19], [8, 18, 9, 17], [10, 16, 11, 15], [12, 1, 13, 2], [14, 23, 15, 24], [16, 8, 17, 7], [18, 10, 19, 9], [20, 6, 21, 5], [22, 4, 23, 3], [24, 13, 1, 14]]"
12a_1165_100,"[[24, 13, 1, 14], [2, 11, 3, 12], [4, 22, 5, 21], [6, 20, 7, 19], [8, 18, 9, 17], [10, 16, 11, 15], [12, 1, 13, 2], [14, 23, 15, 24], [16, 8, 17, 7], [18, 10, 19, 9], [20, 6, 21, 5], [22, 4, 23, 3]]"
12a_1165_101,"[[22, 4, 23, 3], [24, 13, 1, 14], [2, 11, 3, 12], [4, 22, 5, 21], [6, 20, 7, 19], [8, 18, 9, 17], [10, 16, 11, 15], [12, 1, 13, 2], [14, 23, 15, 24], [16, 8, 17, 7], [18, 10, 19, 9], [20, 6, 21, 5]]"
12a_1165_102,"[[20, 6, 21, 5], [22, 4, 23, 3], [24, 13, 1, 14], [2, 11, 3, 12], [4, 22, 5, 21], [6, 20, 7, 19], [8, 18, 9, 17], [10, 16, 11, 15], [12, 1, 13, 2], [14, 23, 15, 24], [16, 8, 17, 7], [18, 10, 19, 9]]"
12a_1165_103,"[[18, 10, 19, 9], [20, 6, 21, 5], [22, 4, 23, 3], [24, 13, 1, 14], [2, 11, 3, 12], [4, 22, 5, 21], [6, 20, 7, 19], [8, 18, 9, 17], [10, 16, 11, 15], [12, 1, 13, 2], [14, 23, 15, 24], [16, 8, 17, 7]]"
12a_1165_104,"[[16, 8, 17, 7], [18, 10, 19, 9], [20, 6, 21, 5], [22, 4, 23, 3], [24, 13, 1, 14], [2, 11, 3, 12], [4, 22, 5, 21], [6, 20, 7, 19], [8, 18, 9, 17], [10, 16, 11, 15], [12, 1, 13, 2], [14, 23, 15, 24]]"
12a_1165_105,"[[14, 23, 15, 24], [16, 8, 17, 7], [18, 10, 19, 9], [20, 6, 21, 5], [22, 4, 23, 3], [24, 13, 1, 14], [2, 11, 3, 12], [4, 22, 5, 21], [6, 20, 7, 19], [8, 18, 9, 17], [10, 16, 11, 15], [12, 1, 13, 2]]"
12a_1165_106,"[[12, 1, 13, 2], [14, 23, 15, 24], [16, 8, 17, 7], [18, 10, 19, 9], [20, 6, 21, 5], [22, 4, 23, 3], [24, 13, 1, 14], [2, 11, 3, 12], [4, 22, 5, 21], [6, 20, 7, 19], [8, 18, 9, 17], [10, 16, 11, 15]]"
12a_1165_107,"[[10, 16, 11, 15], [12, 1, 13, 2], [14, 23, 15, 24], [16, 8, 17, 7], [18, 10, 19, 9], [20, 6, 21, 5], [22, 4, 23, 3], [24, 13, 1, 14], [2, 11, 3, 12], [4, 22, 5, 21], [6, 20, 7, 19], [8, 18, 9, 17]]"
12a_1165_108,"[[9, 19, 10, 18], [11, 17, 12, 16], [13, 2, 14, 3], [15, 24, 16, 1], [17, 9, 18, 8], [19, 11, 20, 10], [21, 7, 22, 6], [23, 5, 24, 4], [1, 14, 2, 15], [3, 12, 4, 13], [5, 23, 6, 22], [7, 21, 8, 20]]"
12a_1165_109,"[[7, 21, 8, 20], [9, 19, 10, 18], [11, 17, 12, 16], [13, 2, 14, 3], [15, 24, 16, 1], [17, 9, 18, 8], [19, 11, 20, 10], [21, 7, 22, 6], [23, 5, 24, 4], [1, 14, 2, 15], [3, 12, 4, 13], [5, 23, 6, 22]]"
12a_1165_110,"[[5, 23, 6, 22], [7, 21, 8, 20], [9, 19, 10, 18], [11, 17, 12, 16], [13, 2, 14, 3], [15, 24, 16, 1], [17, 9, 18, 8], [19, 11, 20, 10], [21, 7, 22, 6], [23, 5, 24, 4], [1, 14, 2, 15], [3, 12, 4, 13]]"
12a_1165_111,"[[3, 12, 4, 13], [5, 23, 6, 22], [7, 21, 8, 20], [9, 19, 10, 18], [11, 17, 12, 16], [13, 2, 14, 3], [15, 24, 16, 1], [17, 9, 18, 8], [19, 11, 20, 10], [21, 7, 22, 6], [23, 5, 24, 4], [1, 14, 2, 15]]"
12a_1165_112,"[[1, 14, 2, 15], [3, 12, 4, 13], [5, 23, 6, 22], [7, 21, 8, 20], [9, 19, 10, 18], [11, 17, 12, 16], [13, 2, 14, 3], [15, 24, 16, 1], [17, 9, 18, 8], [19, 11, 20, 10], [21, 7, 22, 6], [23, 5, 24, 4]]"
12a_1165_113,"[[23, 5, 24, 4], [1, 14, 2, 15], [3, 12, 4, 13], [5, 23, 6, 22], [7, 21, 8, 20], [9, 19, 10, 18], [11, 17, 12, 16], [13, 2, 14, 3], [15, 24, 16, 1], [17, 9, 18, 8], [19, 11, 20, 10], [21, 7, 22, 6]]"
12a_1165_114,"[[21, 7, 22, 6], [23, 5, 24, 4], [1, 14, 2, 15], [3, 12, 4, 13], [5, 23, 6, 22], [7, 21, 8, 20], [9, 19, 10, 18], [11, 17, 12, 16], [13, 2, 14, 3], [15, 24, 16, 1], [17, 9, 18, 8], [19, 11, 20, 10]]"
12a_1165_115,"[[19, 11, 20, 10], [21, 7, 22, 6], [23, 5, 24, 4], [1, 14, 2, 15], [3, 12, 4, 13], [5, 23, 6, 22], [7, 21, 8, 20], [9, 19, 10, 18], [11, 17, 12, 16], [13, 2, 14, 3], [15, 24, 16, 1], [17, 9, 18, 8]]"
12a_1165_116,"[[17, 9, 18, 8], [19, 11, 20, 10], [21, 7, 22, 6], [23, 5, 24, 4], [1, 14, 2, 15], [3, 12, 4, 13], [5, 23, 6, 22], [7, 21, 8, 20], [9, 19, 10, 18], [11, 17, 12, 16], [13, 2, 14, 3], [15, 24, 16, 1]]"
12a_1165_117,"[[15, 24, 16, 1], [17, 9, 18, 8], [19, 11, 20, 10], [21, 7, 22, 6], [23, 5, 24, 4], [1, 14, 2, 15], [3, 12, 4, 13], [5, 23, 6, 22], [7, 21, 8, 20], [9, 19, 10, 18], [11, 17, 12, 16], [13, 2, 14, 3]]"
12a_1165_118,"[[13, 2, 14, 3], [15, 24, 16, 1], [17, 9, 18, 8], [19, 11, 20, 10], [21, 7, 22, 6], [23, 5, 24, 4], [1, 14, 2, 15], [3, 12, 4, 13], [5, 23, 6, 22], [7, 21, 8, 20], [9, 19, 10, 18], [11, 17, 12, 16]]"
12a_1165_119,"[[11, 17, 12, 16], [13, 2, 14, 3], [15, 24, 16, 1], [17, 9, 18, 8], [19, 11, 20, 10], [21, 7, 22, 6], [23, 5, 24, 4], [1, 14, 2, 15], [3, 12, 4, 13], [5, 23, 6, 22], [7, 21, 8, 20], [9, 19, 10, 18]]"
12a_1165_120,"[[10, 20, 11, 19], [12, 18, 13, 17], [14, 3, 15, 4], [16, 1, 17, 2], [18, 10, 19, 9], [20, 12, 21, 11], [22, 8, 23, 7], [24, 6, 1, 5], [2, 15, 3, 16], [4, 13, 5, 14], [6, 24, 7, 23], [8, 22, 9, 21]]"
12a_1165_121,"[[8, 22, 9, 21], [10, 20, 11, 19], [12, 18, 13, 17], [14, 3, 15, 4], [16, 1, 17, 2], [18, 10, 19, 9], [20, 12, 21, 11], [22, 8, 23, 7], [24, 6, 1, 5], [2, 15, 3, 16], [4, 13, 5, 14], [6, 24, 7, 23]]"
12a_1165_122,"[[6, 24, 7, 23], [8, 22, 9, 21], [10, 20, 11, 19], [12, 18, 13, 17], [14, 3, 15, 4], [16, 1, 17, 2], [18, 10, 19, 9], [20, 12, 21, 11], [22, 8, 23, 7], [24, 6, 1, 5], [2, 15, 3, 16], [4, 13, 5, 14]]"
12a_1165_123,"[[4, 13, 5, 14], [6, 24, 7, 23], [8, 22, 9, 21], [10, 20, 11, 19], [12, 18, 13, 17], [14, 3, 15, 4], [16, 1, 17, 2], [18, 10, 19, 9], [20, 12, 21, 11], [22, 8, 23, 7], [24, 6, 1, 5], [2, 15, 3, 16]]"
12a_1165_124,"[[2, 15, 3, 16], [4, 13, 5, 14], [6, 24, 7, 23], [8, 22, 9, 21], [10, 20, 11, 19], [12, 18, 13, 17], [14, 3, 15, 4], [16, 1, 17, 2], [18, 10, 19, 9], [20, 12, 21, 11], [22, 8, 23, 7], [24, 6, 1, 5]]"
12a_1165_125,"[[24, 6, 1, 5], [2, 15, 3, 16], [4, 13, 5, 14], [6, 24, 7, 23], [8, 22, 9, 21], [10, 20, 11, 19], [12, 18, 13, 17], [14, 3, 15, 4], [16, 1, 17, 2], [18, 10, 19, 9], [20, 12, 21, 11], [22, 8, 23, 7]]"
12a_1165_126,"[[22, 8, 23, 7], [24, 6, 1, 5], [2, 15, 3, 16], [4, 13, 5, 14], [6, 24, 7, 23], [8, 22, 9, 21], [10, 20, 11, 19], [12, 18, 13, 17], [14, 3, 15, 4], [16, 1, 17, 2], [18, 10, 19, 9], [20, 12, 21, 11]]"
12a_1165_127,"[[20, 12, 21, 11], [22, 8, 23, 7], [24, 6, 1, 5], [2, 15, 3, 16], [4, 13, 5, 14], [6, 24, 7, 23], [8, 22, 9, 21], [10, 20, 11, 19], [12, 18, 13, 17], [14, 3, 15, 4], [16, 1, 17, 2], [18, 10, 19, 9]]"
12a_1165_128,"[[18, 10, 19, 9], [20, 12, 21, 11], [22, 8, 23, 7], [24, 6, 1, 5], [2, 15, 3, 16], [4, 13, 5, 14], [6, 24, 7, 23], [8, 22, 9, 21], [10, 20, 11, 19], [12, 18, 13, 17], [14, 3, 15, 4], [16, 1, 17, 2]]"
12a_1165_129,"[[16, 1, 17, 2], [18, 10, 19, 9], [20, 12, 21, 11], [22, 8, 23, 7], [24, 6, 1, 5], [2, 15, 3, 16], [4, 13, 5, 14], [6, 24, 7, 23], [8, 22, 9, 21], [10, 20, 11, 19], [12, 18, 13, 17], [14, 3, 15, 4]]"
12a_1165_130,"[[14, 3, 15, 4], [16, 1, 17, 2], [18, 10, 19, 9], [20, 12, 21, 11], [22, 8, 23, 7], [24, 6, 1, 5], [2, 15, 3, 16], [4, 13, 5, 14], [6, 24, 7, 23], [8, 22, 9, 21], [10, 20, 11, 19], [12, 18, 13, 17]]"
12a_1165_131,"[[12, 18, 13, 17], [14, 3, 15, 4], [16, 1, 17, 2], [18, 10, 19, 9], [20, 12, 21, 11], [22, 8, 23, 7], [24, 6, 1, 5], [2, 15, 3, 16], [4, 13, 5, 14], [6, 24, 7, 23], [8, 22, 9, 21], [10, 20, 11, 19]]"
12a_1165_132,"[[11, 21, 12, 20], [13, 19, 14, 18], [15, 4, 16, 5], [17, 2, 18, 3], [19, 11, 20, 10], [21, 13, 22, 12], [23, 9, 24, 8], [1, 7, 2, 6], [3, 16, 4, 17], [5, 14, 6, 15], [7, 1, 8, 24], [9, 23, 10, 22]]"
12a_1165_133,"[[9, 23, 10, 22], [11, 21, 12, 20], [13, 19, 14, 18], [15, 4, 16, 5], [17, 2, 18, 3], [19, 11, 20, 10], [21, 13, 22, 12], [23, 9, 24, 8], [1, 7, 2, 6], [3, 16, 4, 17], [5, 14, 6, 15], [7, 1, 8, 24]]"
12a_1165_134,"[[7, 1, 8, 24], [9, 23, 10, 22], [11, 21, 12, 20], [13, 19, 14, 18], [15, 4, 16, 5], [17, 2, 18, 3], [19, 11, 20, 10], [21, 13, 22, 12], [23, 9, 24, 8], [1, 7, 2, 6], [3, 16, 4, 17], [5, 14, 6, 15]]"
12a_1165_135,"[[5, 14, 6, 15], [7, 1, 8, 24], [9, 23, 10, 22], [11, 21, 12, 20], [13, 19, 14, 18], [15, 4, 16, 5], [17, 2, 18, 3], [19, 11, 20, 10], [21, 13, 22, 12], [23, 9, 24, 8], [1, 7, 2, 6], [3, 16, 4, 17]]"
12a_1165_136,"[[3, 16, 4, 17], [5, 14, 6, 15], [7, 1, 8, 24], [9, 23, 10, 22], [11, 21, 12, 20], [13, 19, 14, 18], [15, 4, 16, 5], [17, 2, 18, 3], [19, 11, 20, 10], [21, 13, 22, 12], [23, 9, 24, 8], [1, 7, 2, 6]]"
12a_1165_137,"[[1, 7, 2, 6], [3, 16, 4, 17], [5, 14, 6, 15], [7, 1, 8, 24], [9, 23, 10, 22], [11, 21, 12, 20], [13, 19, 14, 18], [15, 4, 16, 5], [17, 2, 18, 3], [19, 11, 20, 10], [21, 13, 22, 12], [23, 9, 24, 8]]"
12a_1165_138,"[[23, 9, 24, 8], [1, 7, 2, 6], [3, 16, 4, 17], [5, 14, 6, 15], [7, 1, 8, 24], [9, 23, 10, 22], [11, 21, 12, 20], [13, 19, 14, 18], [15, 4, 16, 5], [17, 2, 18, 3], [19, 11, 20, 10], [21, 13, 22, 12]]"
12a_1165_139,"[[21, 13, 22, 12], [23, 9, 24, 8], [1, 7, 2, 6], [3, 16, 4, 17], [5, 14, 6, 15], [7, 1, 8, 24], [9, 23, 10, 22], [11, 21, 12, 20], [13, 19, 14, 18], [15, 4, 16, 5], [17, 2, 18, 3], [19, 11, 20, 10]]"
12a_1165_140,"[[19, 11, 20, 10], [21, 13, 22, 12], [23, 9, 24, 8], [1, 7, 2, 6], [3, 16, 4, 17], [5, 14, 6, 15], [7, 1, 8, 24], [9, 23, 10, 22], [11, 21, 12, 20], [13, 19, 14, 18], [15, 4, 16, 5], [17, 2, 18, 3]]"
12a_1165_141,"[[17, 2, 18, 3], [19, 11, 20, 10], [21, 13, 22, 12], [23, 9, 24, 8], [1, 7, 2, 6], [3, 16, 4, 17], [5, 14, 6, 15], [7, 1, 8, 24], [9, 23, 10, 22], [11, 21, 12, 20], [13, 19, 14, 18], [15, 4, 16, 5]]"
12a_1165_142,"[[15, 4, 16, 5], [17, 2, 18, 3], [19, 11, 20, 10], [21, 13, 22, 12], [23, 9, 24, 8], [1, 7, 2, 6], [3, 16, 4, 17], [5, 14, 6, 15], [7, 1, 8, 24], [9, 23, 10, 22], [11, 21, 12, 20], [13, 19, 14, 18]]"
12a_1165_143,"[[13, 19, 14, 18], [15, 4, 16, 5], [17, 2, 18, 3], [19, 11, 20, 10], [21, 13, 22, 12], [23, 9, 24, 8], [1, 7, 2, 6], [3, 16, 4, 17], [5, 14, 6, 15], [7, 1, 8, 24], [9, 23, 10, 22], [11, 21, 12, 20]]"
12a_1165_144,"[[12, 22, 13, 21], [14, 20, 15, 19], [16, 5, 17, 6], [18, 3, 19, 4], [20, 12, 21, 11], [22, 14, 23, 13], [24, 10, 1, 9], [2, 8, 3, 7], [4, 17, 5, 18], [6, 15, 7, 16], [8, 2, 9, 1], [10, 24, 11, 23]]"
12a_1165_145,"[[10, 24, 11, 23], [12, 22, 13, 21], [14, 20, 15, 19], [16, 5, 17, 6], [18, 3, 19, 4], [20, 12, 21, 11], [22, 14, 23, 13], [24, 10, 1, 9], [2, 8, 3, 7], [4, 17, 5, 18], [6, 15, 7, 16], [8, 2, 9, 1]]"
12a_1165_146,"[[8, 2, 9, 1], [10, 24, 11, 23], [12, 22, 13, 21], [14, 20, 15, 19], [16, 5, 17, 6], [18, 3, 19, 4], [20, 12, 21, 11], [22, 14, 23, 13], [24, 10, 1, 9], [2, 8, 3, 7], [4, 17, 5, 18], [6, 15, 7, 16]]"
12a_1165_147,"[[6, 15, 7, 16], [8, 2, 9, 1], [10, 24, 11, 23], [12, 22, 13, 21], [14, 20, 15, 19], [16, 5, 17, 6], [18, 3, 19, 4], [20, 12, 21, 11], [22, 14, 23, 13], [24, 10, 1, 9], [2, 8, 3, 7], [4, 17, 5, 18]]"
12a_1165_148,"[[4, 17, 5, 18], [6, 15, 7, 16], [8, 2, 9, 1], [10, 24, 11, 23], [12, 22, 13, 21], [14, 20, 15, 19], [16, 5, 17, 6], [18, 3, 19, 4], [20, 12, 21, 11], [22, 14, 23, 13], [24, 10, 1, 9], [2, 8, 3, 7]]"
12a_1165_149,"[[2, 8, 3, 7], [4, 17, 5, 18], [6, 15, 7, 16], [8, 2, 9, 1], [10, 24, 11, 23], [12, 22, 13, 21], [14, 20, 15, 19], [16, 5, 17, 6], [18, 3, 19, 4], [20, 12, 21, 11], [22, 14, 23, 13], [24, 10, 1, 9]]"
12a_1165_150,"[[24, 10, 1, 9], [2, 8, 3, 7], [4, 17, 5, 18], [6, 15, 7, 16], [8, 2, 9, 1], [10, 24, 11, 23], [12, 22, 13, 21], [14, 20, 15, 19], [16, 5, 17, 6], [18, 3, 19, 4], [20, 12, 21, 11], [22, 14, 23, 13]]"
12a_1165_151,"[[22, 14, 23, 13], [24, 10, 1, 9], [2, 8, 3, 7], [4, 17, 5, 18], [6, 15, 7, 16], [8, 2, 9, 1], [10, 24, 11, 23], [12, 22, 13, 21], [14, 20, 15, 19], [16, 5, 17, 6], [18, 3, 19, 4], [20, 12, 21, 11]]"
12a_1165_152,"[[20, 12, 21, 11], [22, 14, 23, 13], [24, 10, 1, 9], [2, 8, 3, 7], [4, 17, 5, 18], [6, 15, 7, 16], [8, 2, 9, 1], [10, 24, 11, 23], [12, 22, 13, 21], [14, 20, 15, 19], [16, 5, 17, 6], [18, 3, 19, 4]]"
12a_1165_153,"[[18, 3, 19, 4], [20, 12, 21, 11], [22, 14, 23, 13], [24, 10, 1, 9], [2, 8, 3, 7], [4, 17, 5, 18], [6, 15, 7, 16], [8, 2, 9, 1], [10, 24, 11, 23], [12, 22, 13, 21], [14, 20, 15, 19], [16, 5, 17, 6]]"
12a_1165_154,"[[16, 5, 17, 6], [18, 3, 19, 4], [20, 12, 21, 11], [22, 14, 23, 13], [24, 10, 1, 9], [2, 8, 3, 7], [4, 17, 5, 18], [6, 15, 7, 16], [8, 2, 9, 1], [10, 24, 11, 23], [12, 22, 13, 21], [14, 20, 15, 19]]"
12a_1165_155,"[[14, 20, 15, 19], [16, 5, 17, 6], [18, 3, 19, 4], [20, 12, 21, 11], [22, 14, 23, 13], [24, 10, 1, 9], [2, 8, 3, 7], [4, 17, 5, 18], [6, 15, 7, 16], [8, 2, 9, 1], [10, 24, 11, 23], [12, 22, 13, 21]]"
12a_1165_156,"[[13, 23, 14, 22], [15, 21, 16, 20], [17, 6, 18, 7], [19, 4, 20, 5], [21, 13, 22, 12], [23, 15, 24, 14], [1, 11, 2, 10], [3, 9, 4, 8], [5, 18, 6, 19], [7, 16, 8, 17], [9, 3, 10, 2], [11, 1, 12, 24]]"
12a_1165_157,"[[11, 1, 12, 24], [13, 23, 14, 22], [15, 21, 16, 20], [17, 6, 18, 7], [19, 4, 20, 5], [21, 13, 22, 12], [23, 15, 24, 14], [1, 11, 2, 10], [3, 9, 4, 8], [5, 18, 6, 19], [7, 16, 8, 17], [9, 3, 10, 2]]"
12a_1165_158,"[[9, 3, 10, 2], [11, 1, 12, 24], [13, 23, 14, 22], [15, 21, 16, 20], [17, 6, 18, 7], [19, 4, 20, 5], [21, 13, 22, 12], [23, 15, 24, 14], [1, 11, 2, 10], [3, 9, 4, 8], [5, 18, 6, 19], [7, 16, 8, 17]]"
12a_1165_159,"[[7, 16, 8, 17], [9, 3, 10, 2], [11, 1, 12, 24], [13, 23, 14, 22], [15, 21, 16, 20], [17, 6, 18, 7], [19, 4, 20, 5], [21, 13, 22, 12], [23, 15, 24, 14], [1, 11, 2, 10], [3, 9, 4, 8], [5, 18, 6, 19]]"
12a_1165_160,"[[5, 18, 6, 19], [7, 16, 8, 17], [9, 3, 10, 2], [11, 1, 12, 24], [13, 23, 14, 22], [15, 21, 16, 20], [17, 6, 18, 7], [19, 4, 20, 5], [21, 13, 22, 12], [23, 15, 24, 14], [1, 11, 2, 10], [3, 9, 4, 8]]"
12a_1165_161,"[[3, 9, 4, 8], [5, 18, 6, 19], [7, 16, 8, 17], [9, 3, 10, 2], [11, 1, 12, 24], [13, 23, 14, 22], [15, 21, 16, 20], [17, 6, 18, 7], [19, 4, 20, 5], [21, 13, 22, 12], [23, 15, 24, 14], [1, 11, 2, 10]]"
12a_1165_162,"[[1, 11, 2, 10], [3, 9, 4, 8], [5, 18, 6, 19], [7, 16, 8, 17], [9, 3, 10, 2], [11, 1, 12, 24], [13, 23, 14, 22], [15, 21, 16, 20], [17, 6, 18, 7], [19, 4, 20, 5], [21, 13, 22, 12], [23, 15, 24, 14]]"
12a_1165_163,"[[23, 15, 24, 14], [1, 11, 2, 10], [3, 9, 4, 8], [5, 18, 6, 19], [7, 16, 8, 17], [9, 3, 10, 2], [11, 1, 12, 24], [13, 23, 14, 22], [15, 21, 16, 20], [17, 6, 18, 7], [19, 4, 20, 5], [21, 13, 22, 12]]"
12a_1165_164,"[[21, 13, 22, 12], [23, 15, 24, 14], [1, 11, 2, 10], [3, 9, 4, 8], [5, 18, 6, 19], [7, 16, 8, 17], [9, 3, 10, 2], [11, 1, 12, 24], [13, 23, 14, 22], [15, 21, 16, 20], [17, 6, 18, 7], [19, 4, 20, 5]]"
12a_1165_165,"[[19, 4, 20, 5], [21, 13, 22, 12], [23, 15, 24, 14], [1, 11, 2, 10], [3, 9, 4, 8], [5, 18, 6, 19], [7, 16, 8, 17], [9, 3, 10, 2], [11, 1, 12, 24], [13, 23, 14, 22], [15, 21, 16, 20], [17, 6, 18, 7]]"
12a_1165_166,"[[17, 6, 18, 7], [19, 4, 20, 5], [21, 13, 22, 12], [23, 15, 24, 14], [1, 11, 2, 10], [3, 9, 4, 8], [5, 18, 6, 19], [7, 16, 8, 17], [9, 3, 10, 2], [11, 1, 12, 24], [13, 23, 14, 22], [15, 21, 16, 20]]"
12a_1165_167,"[[15, 21, 16, 20], [17, 6, 18, 7], [19, 4, 20, 5], [21, 13, 22, 12], [23, 15, 24, 14], [1, 11, 2, 10], [3, 9, 4, 8], [5, 18, 6, 19], [7, 16, 8, 17], [9, 3, 10, 2], [11, 1, 12, 24], [13, 23, 14, 22]]"
12a_1165_168,"[[14, 24, 15, 23], [16, 22, 17, 21], [18, 7, 19, 8], [20, 5, 21, 6], [22, 14, 23, 13], [24, 16, 1, 15], [2, 12, 3, 11], [4, 10, 5, 9], [6, 19, 7, 20], [8, 17, 9, 18], [10, 4, 11, 3], [12, 2, 13, 1]]"
12a_1165_169,"[[12, 2, 13, 1], [14, 24, 15, 23], [16, 22, 17, 21], [18, 7, 19, 8], [20, 5, 21, 6], [22, 14, 23, 13], [24, 16, 1, 15], [2, 12, 3, 11], [4, 10, 5, 9], [6, 19, 7, 20], [8, 17, 9, 18], [10, 4, 11, 3]]"
12a_1165_170,"[[10, 4, 11, 3], [12, 2, 13, 1], [14, 24, 15, 23], [16, 22, 17, 21], [18, 7, 19, 8], [20, 5, 21, 6], [22, 14, 23, 13], [24, 16, 1, 15], [2, 12, 3, 11], [4, 10, 5, 9], [6, 19, 7, 20], [8, 17, 9, 18]]"
12a_1165_171,"[[8, 17, 9, 18], [10, 4, 11, 3], [12, 2, 13, 1], [14, 24, 15, 23], [16, 22, 17, 21], [18, 7, 19, 8], [20, 5, 21, 6], [22, 14, 23, 13], [24, 16, 1, 15], [2, 12, 3, 11], [4, 10, 5, 9], [6, 19, 7, 20]]"
12a_1165_172,"[[6, 19, 7, 20], [8, 17, 9, 18], [10, 4, 11, 3], [12, 2, 13, 1], [14, 24, 15, 23], [16, 22, 17, 21], [18, 7, 19, 8], [20, 5, 21, 6], [22, 14, 23, 13], [24, 16, 1, 15], [2, 12, 3, 11], [4, 10, 5, 9]]"
12a_1165_173,"[[4, 10, 5, 9], [6, 19, 7, 20], [8, 17, 9, 18], [10, 4, 11, 3], [12, 2, 13, 1], [14, 24, 15, 23], [16, 22, 17, 21], [18, 7, 19, 8], [20, 5, 21, 6], [22, 14, 23, 13], [24, 16, 1, 15], [2, 12, 3, 11]]"
12a_1165_174,"[[2, 12, 3, 11], [4, 10, 5, 9], [6, 19, 7, 20], [8, 17, 9, 18], [10, 4, 11, 3], [12, 2, 13, 1], [14, 24, 15, 23], [16, 22, 17, 21], [18, 7, 19, 8], [20, 5, 21, 6], [22, 14, 23, 13], [24, 16, 1, 15]]"
12a_1165_175,"[[24, 16, 1, 15], [2, 12, 3, 11], [4, 10, 5, 9], [6, 19, 7, 20], [8, 17, 9, 18], [10, 4, 11, 3], [12, 2, 13, 1], [14, 24, 15, 23], [16, 22, 17, 21], [18, 7, 19, 8], [20, 5, 21, 6], [22, 14, 23, 13]]"
12a_1165_176,"[[22, 14, 23, 13], [24, 16, 1, 15], [2, 12, 3, 11], [4, 10, 5, 9], [6, 19, 7, 20], [8, 17, 9, 18], [10, 4, 11, 3], [12, 2, 13, 1], [14, 24, 15, 23], [16, 22, 17, 21], [18, 7, 19, 8], [20, 5, 21, 6]]"
12a_1165_177,"[[20, 5, 21, 6], [22, 14, 23, 13], [24, 16, 1, 15], [2, 12, 3, 11], [4, 10, 5, 9], [6, 19, 7, 20], [8, 17, 9, 18], [10, 4, 11, 3], [12, 2, 13, 1], [14, 24, 15, 23], [16, 22, 17, 21], [18, 7, 19, 8]]"
12a_1165_178,"[[18, 7, 19, 8], [20, 5, 21, 6], [22, 14, 23, 13], [24, 16, 1, 15], [2, 12, 3, 11], [4, 10, 5, 9], [6, 19, 7, 20], [8, 17, 9, 18], [10, 4, 11, 3], [12, 2, 13, 1], [14, 24, 15, 23], [16, 22, 17, 21]]"
12a_1165_179,"[[16, 22, 17, 21], [18, 7, 19, 8], [20, 5, 21, 6], [22, 14, 23, 13], [24, 16, 1, 15], [2, 12, 3, 11], [4, 10, 5, 9], [6, 19, 7, 20], [8, 17, 9, 18], [10, 4, 11, 3], [12, 2, 13, 1], [14, 24, 15, 23]]"
12a_1165_180,"[[15, 1, 16, 24], [17, 23, 18, 22], [19, 8, 20, 9], [21, 6, 22, 7], [23, 15, 24, 14], [1, 17, 2, 16], [3, 13, 4, 12], [5, 11, 6, 10], [7, 20, 8, 21], [9, 18, 10, 19], [11, 5, 12, 4], [13, 3, 14, 2]]"
12a_1165_181,"[[13, 3, 14, 2], [15, 1, 16, 24], [17, 23, 18, 22], [19, 8, 20, 9], [21, 6, 22, 7], [23, 15, 24, 14], [1, 17, 2, 16], [3, 13, 4, 12], [5, 11, 6, 10], [7, 20, 8, 21], [9, 18, 10, 19], [11, 5, 12, 4]]"
12a_1165_182,"[[11, 5, 12, 4], [13, 3, 14, 2], [15, 1, 16, 24], [17, 23, 18, 22], [19, 8, 20, 9], [21, 6, 22, 7], [23, 15, 24, 14], [1, 17, 2, 16], [3, 13, 4, 12], [5, 11, 6, 10], [7, 20, 8, 21], [9, 18, 10, 19]]"
12a_1165_183,"[[9, 18, 10, 19], [11, 5, 12, 4], [13, 3, 14, 2], [15, 1, 16, 24], [17, 23, 18, 22], [19, 8, 20, 9], [21, 6, 22, 7], [23, 15, 24, 14], [1, 17, 2, 16], [3, 13, 4, 12], [5, 11, 6, 10], [7, 20, 8, 21]]"
12a_1165_184,"[[7, 20, 8, 21], [9, 18, 10, 19], [11, 5, 12, 4], [13, 3, 14, 2], [15, 1, 16, 24], [17, 23, 18, 22], [19, 8, 20, 9], [21, 6, 22, 7], [23, 15, 24, 14], [1, 17, 2, 16], [3, 13, 4, 12], [5, 11, 6, 10]]"
12a_1165_185,"[[5, 11, 6, 10], [7, 20, 8, 21], [9, 18, 10, 19], [11, 5, 12, 4], [13, 3, 14, 2], [15, 1, 16, 24], [17, 23, 18, 22], [19, 8, 20, 9], [21, 6, 22, 7], [23, 15, 24, 14], [1, 17, 2, 16], [3, 13, 4, 12]]"
