name,pd_notation
12a_0797_0,"[[24, 8, 1, 7], [2, 6, 3, 5], [4, 15, 5, 16], [6, 22, 7, 21], [8, 24, 9, 23], [10, 2, 11, 1], [12, 20, 13, 19], [14, 18, 15, 17], [16, 3, 17, 4], [18, 14, 19, 13], [20, 12, 21, 11], [22, 10, 23, 9]]"
12a_0797_1,"[[22, 10, 23, 9], [24, 8, 1, 7], [2, 6, 3, 5], [4, 15, 5, 16], [6, 22, 7, 21], [8, 24, 9, 23], [10, 2, 11, 1], [12, 20, 13, 19], [14, 18, 15, 17], [16, 3, 17, 4], [18, 14, 19, 13], [20, 12, 21, 11]]"
12a_0797_2,"[[20, 12, 21, 11], [22, 10, 23, 9], [24, 8, 1, 7], [2, 6, 3, 5], [4, 15, 5, 16], [6, 22, 7, 21], [8, 24, 9, 23], [10, 2, 11, 1], [12, 20, 13, 19], [14, 18, 15, 17], [16, 3, 17, 4], [18, 14, 19, 13]]"
12a_0797_3,"[[18, 14, 19, 13], [20, 12, 21, 11], [22, 10, 23, 9], [24, 8, 1, 7], [2, 6, 3, 5], [4, 15, 5, 16], [6, 22, 7, 21], [8, 24, 9, 23], [10, 2, 11, 1], [12, 20, 13, 19], [14, 18, 15, 17], [16, 3, 17, 4]]"
12a_0797_4,"[[16, 3, 17, 4], [18, 14, 19, 13], [20, 12, 21, 11], [22, 10, 23, 9], [24, 8, 1, 7], [2, 6, 3, 5], [4, 15, 5, 16], [6, 22, 7, 21], [8, 24, 9, 23], [10, 2, 11, 1], [12, 20, 13, 19], [14, 18, 15, 17]]"
12a_0797_5,"[[14, 18, 15, 17], [16, 3, 17, 4], [18, 14, 19, 13], [20, 12, 21, 11], [22, 10, 23, 9], [24, 8, 1, 7], [2, 6, 3, 5], [4, 15, 5, 16], [6, 22, 7, 21], [8, 24, 9, 23], [10, 2, 11, 1], [12, 20, 13, 19]]"
12a_0797_6,"[[12, 20, 13, 19], [14, 18, 15, 17], [16, 3, 17, 4], [18, 14, 19, 13], [20, 12, 21, 11], [22, 10, 23, 9], [24, 8, 1, 7], [2, 6, 3, 5], [4, 15, 5, 16], [6, 22, 7, 21], [8, 24, 9, 23], [10, 2, 11, 1]]"
12a_0797_7,"[[10, 2, 11, 1], [12, 20, 13, 19], [14, 18, 15, 17], [16, 3, 17, 4], [18, 14, 19, 13], [20, 12, 21, 11], [22, 10, 23, 9], [24, 8, 1, 7], [2, 6, 3, 5], [4, 15, 5, 16], [6, 22, 7, 21], [8, 24, 9, 23]]"
12a_0797_8,"[[8, 24, 9, 23], [10, 2, 11, 1], [12, 20, 13, 19], [14, 18, 15, 17], [16, 3, 17, 4], [18, 14, 19, 13], [20, 12, 21, 11], [22, 10, 23, 9], [24, 8, 1, 7], [2, 6, 3, 5], [4, 15, 5, 16], [6, 22, 7, 21]]"
12a_0797_9,"[[6, 22, 7, 21], [8, 24, 9, 23], [10, 2, 11, 1], [12, 20, 13, 19], [14, 18, 15, 17], [16, 3, 17, 4], [18, 14, 19, 13], [20, 12, 21, 11], [22, 10, 23, 9], [24, 8, 1, 7], [2, 6, 3, 5], [4, 15, 5, 16]]"
12a_0797_10,"[[4, 15, 5, 16], [6, 22, 7, 21], [8, 24, 9, 23], [10, 2, 11, 1], [12, 20, 13, 19], [14, 18, 15, 17], [16, 3, 17, 4], [18, 14, 19, 13], [20, 12, 21, 11], [22, 10, 23, 9], [24, 8, 1, 7], [2, 6, 3, 5]]"
12a_0797_11,"[[2, 6, 3, 5], [4, 15, 5, 16], [6, 22, 7, 21], [8, 24, 9, 23], [10, 2, 11, 1], [12, 20, 13, 19], [14, 18, 15, 17], [16, 3, 17, 4], [18, 14, 19, 13], [20, 12, 21, 11], [22, 10, 23, 9], [24, 8, 1, 7]]"
12a_0797_12,"[[1, 9, 2, 8], [3, 7, 4, 6], [5, 16, 6, 17], [7, 23, 8, 22], [9, 1, 10, 24], [11, 3, 12, 2], [13, 21, 14, 20], [15, 19, 16, 18], [17, 4, 18, 5], [19, 15, 20, 14], [21, 13, 22, 12], [23, 11, 24, 10]]"
12a_0797_13,"[[23, 11, 24, 10], [1, 9, 2, 8], [3, 7, 4, 6], [5, 16, 6, 17], [7, 23, 8, 22], [9, 1, 10, 24], [11, 3, 12, 2], [13, 21, 14, 20], [15, 19, 16, 18], [17, 4, 18, 5], [19, 15, 20, 14], [21, 13, 22, 12]]"
12a_0797_14,"[[21, 13, 22, 12], [23, 11, 24, 10], [1, 9, 2, 8], [3, 7, 4, 6], [5, 16, 6, 17], [7, 23, 8, 22], [9, 1, 10, 24], [11, 3, 12, 2], [13, 21, 14, 20], [15, 19, 16, 18], [17, 4, 18, 5], [19, 15, 20, 14]]"
12a_0797_15,"[[19, 15, 20, 14], [21, 13, 22, 12], [23, 11, 24, 10], [1, 9, 2, 8], [3, 7, 4, 6], [5, 16, 6, 17], [7, 23, 8, 22], [9, 1, 10, 24], [11, 3, 12, 2], [13, 21, 14, 20], [15, 19, 16, 18], [17, 4, 18, 5]]"
12a_0797_16,"[[17, 4, 18, 5], [19, 15, 20, 14], [21, 13, 22, 12], [23, 11, 24, 10], [1, 9, 2, 8], [3, 7, 4, 6], [5, 16, 6, 17], [7, 23, 8, 22], [9, 1, 10, 24], [11, 3, 12, 2], [13, 21, 14, 20], [15, 19, 16, 18]]"
12a_0797_17,"[[15, 19, 16, 18], [17, 4, 18, 5], [19, 15, 20, 14], [21, 13, 22, 12], [23, 11, 24, 10], [1, 9, 2, 8], [3, 7, 4, 6], [5, 16, 6, 17], [7, 23, 8, 22], [9, 1, 10, 24], [11, 3, 12, 2], [13, 21, 14, 20]]"
12a_0797_18,"[[13, 21, 14, 20], [15, 19, 16, 18], [17, 4, 18, 5], [19, 15, 20, 14], [21, 13, 22, 12], [23, 11, 24, 10], [1, 9, 2, 8], [3, 7, 4, 6], [5, 16, 6, 17], [7, 23, 8, 22], [9, 1, 10, 24], [11, 3, 12, 2]]"
12a_0797_19,"[[11, 3, 12, 2], [13, 21, 14, 20], [15, 19, 16, 18], [17, 4, 18, 5], [19, 15, 20, 14], [21, 13, 22, 12], [23, 11, 24, 10], [1, 9, 2, 8], [3, 7, 4, 6], [5, 16, 6, 17], [7, 23, 8, 22], [9, 1, 10, 24]]"
12a_0797_20,"[[9, 1, 10, 24], [11, 3, 12, 2], [13, 21, 14, 20], [15, 19, 16, 18], [17, 4, 18, 5], [19, 15, 20, 14], [21, 13, 22, 12], [23, 11, 24, 10], [1, 9, 2, 8], [3, 7, 4, 6], [5, 16, 6, 17], [7, 23, 8, 22]]"
12a_0797_21,"[[7, 23, 8, 22], [9, 1, 10, 24], [11, 3, 12, 2], [13, 21, 14, 20], [15, 19, 16, 18], [17, 4, 18, 5], [19, 15, 20, 14], [21, 13, 22, 12], [23, 11, 24, 10], [1, 9, 2, 8], [3, 7, 4, 6], [5, 16, 6, 17]]"
12a_0797_22,"[[5, 16, 6, 17], [7, 23, 8, 22], [9, 1, 10, 24], [11, 3, 12, 2], [13, 21, 14, 20], [15, 19, 16, 18], [17, 4, 18, 5], [19, 15, 20, 14], [21, 13, 22, 12], [23, 11, 24, 10], [1, 9, 2, 8], [3, 7, 4, 6]]"
12a_0797_23,"[[3, 7, 4, 6], [5, 16, 6, 17], [7, 23, 8, 22], [9, 1, 10, 24], [11, 3, 12, 2], [13, 21, 14, 20], [15, 19, 16, 18], [17, 4, 18, 5], [19, 15, 20, 14], [21, 13, 22, 12], [23, 11, 24, 10], [1, 9, 2, 8]]"
12a_0797_24,"[[2, 10, 3, 9], [4, 8, 5, 7], [6, 17, 7, 18], [8, 24, 9, 23], [10, 2, 11, 1], [12, 4, 13, 3], [14, 22, 15, 21], [16, 20, 17, 19], [18, 5, 19, 6], [20, 16, 21, 15], [22, 14, 23, 13], [24, 12, 1, 11]]"
12a_0797_25,"[[24, 12, 1, 11], [2, 10, 3, 9], [4, 8, 5, 7], [6, 17, 7, 18], [8, 24, 9, 23], [10, 2, 11, 1], [12, 4, 13, 3], [14, 22, 15, 21], [16, 20, 17, 19], [18, 5, 19, 6], [20, 16, 21, 15], [22, 14, 23, 13]]"
12a_0797_26,"[[22, 14, 23, 13], [24, 12, 1, 11], [2, 10, 3, 9], [4, 8, 5, 7], [6, 17, 7, 18], [8, 24, 9, 23], [10, 2, 11, 1], [12, 4, 13, 3], [14, 22, 15, 21], [16, 20, 17, 19], [18, 5, 19, 6], [20, 16, 21, 15]]"
12a_0797_27,"[[20, 16, 21, 15], [22, 14, 23, 13], [24, 12, 1, 11], [2, 10, 3, 9], [4, 8, 5, 7], [6, 17, 7, 18], [8, 24, 9, 23], [10, 2, 11, 1], [12, 4, 13, 3], [14, 22, 15, 21], [16, 20, 17, 19], [18, 5, 19, 6]]"
12a_0797_28,"[[18, 5, 19, 6], [20, 16, 21, 15], [22, 14, 23, 13], [24, 12, 1, 11], [2, 10, 3, 9], [4, 8, 5, 7], [6, 17, 7, 18], [8, 24, 9, 23], [10, 2, 11, 1], [12, 4, 13, 3], [14, 22, 15, 21], [16, 20, 17, 19]]"
12a_0797_29,"[[16, 20, 17, 19], [18, 5, 19, 6], [20, 16, 21, 15], [22, 14, 23, 13], [24, 12, 1, 11], [2, 10, 3, 9], [4, 8, 5, 7], [6, 17, 7, 18], [8, 24, 9, 23], [10, 2, 11, 1], [12, 4, 13, 3], [14, 22, 15, 21]]"
12a_0797_30,"[[14, 22, 15, 21], [16, 20, 17, 19], [18, 5, 19, 6], [20, 16, 21, 15], [22, 14, 23, 13], [24, 12, 1, 11], [2, 10, 3, 9], [4, 8, 5, 7], [6, 17, 7, 18], [8, 24, 9, 23], [10, 2, 11, 1], [12, 4, 13, 3]]"
12a_0797_31,"[[12, 4, 13, 3], [14, 22, 15, 21], [16, 20, 17, 19], [18, 5, 19, 6], [20, 16, 21, 15], [22, 14, 23, 13], [24, 12, 1, 11], [2, 10, 3, 9], [4, 8, 5, 7], [6, 17, 7, 18], [8, 24, 9, 23], [10, 2, 11, 1]]"
12a_0797_32,"[[10, 2, 11, 1], [12, 4, 13, 3], [14, 22, 15, 21], [16, 20, 17, 19], [18, 5, 19, 6], [20, 16, 21, 15], [22, 14, 23, 13], [24, 12, 1, 11], [2, 10, 3, 9], [4, 8, 5, 7], [6, 17, 7, 18], [8, 24, 9, 23]]"
12a_0797_33,"[[8, 24, 9, 23], [10, 2, 11, 1], [12, 4, 13, 3], [14, 22, 15, 21], [16, 20, 17, 19], [18, 5, 19, 6], [20, 16, 21, 15], [22, 14, 23, 13], [24, 12, 1, 11], [2, 10, 3, 9], [4, 8, 5, 7], [6, 17, 7, 18]]"
12a_0797_34,"[[6, 17, 7, 18], [8, 24, 9, 23], [10, 2, 11, 1], [12, 4, 13, 3], [14, 22, 15, 21], [16, 20, 17, 19], [18, 5, 19, 6], [20, 16, 21, 15], [22, 14, 23, 13], [24, 12, 1, 11], [2, 10, 3, 9], [4, 8, 5, 7]]"
12a_0797_35,"[[4, 8, 5, 7], [6, 17, 7, 18], [8, 24, 9, 23], [10, 2, 11, 1], [12, 4, 13, 3], [14, 22, 15, 21], [16, 20, 17, 19], [18, 5, 19, 6], [20, 16, 21, 15], [22, 14, 23, 13], [24, 12, 1, 11], [2, 10, 3, 9]]"
12a_0797_36,"[[3, 11, 4, 10], [5, 9, 6, 8], [7, 18, 8, 19], [9, 1, 10, 24], [11, 3, 12, 2], [13, 5, 14, 4], [15, 23, 16, 22], [17, 21, 18, 20], [19, 6, 20, 7], [21, 17, 22, 16], [23, 15, 24, 14], [1, 13, 2, 12]]"
12a_0797_37,"[[1, 13, 2, 12], [3, 11, 4, 10], [5, 9, 6, 8], [7, 18, 8, 19], [9, 1, 10, 24], [11, 3, 12, 2], [13, 5, 14, 4], [15, 23, 16, 22], [17, 21, 18, 20], [19, 6, 20, 7], [21, 17, 22, 16], [23, 15, 24, 14]]"
12a_0797_38,"[[23, 15, 24, 14], [1, 13, 2, 12], [3, 11, 4, 10], [5, 9, 6, 8], [7, 18, 8, 19], [9, 1, 10, 24], [11, 3, 12, 2], [13, 5, 14, 4], [15, 23, 16, 22], [17, 21, 18, 20], [19, 6, 20, 7], [21, 17, 22, 16]]"
12a_0797_39,"[[21, 17, 22, 16], [23, 15, 24, 14], [1, 13, 2, 12], [3, 11, 4, 10], [5, 9, 6, 8], [7, 18, 8, 19], [9, 1, 10, 24], [11, 3, 12, 2], [13, 5, 14, 4], [15, 23, 16, 22], [17, 21, 18, 20], [19, 6, 20, 7]]"
12a_0797_40,"[[19, 6, 20, 7], [21, 17, 22, 16], [23, 15, 24, 14], [1, 13, 2, 12], [3, 11, 4, 10], [5, 9, 6, 8], [7, 18, 8, 19], [9, 1, 10, 24], [11, 3, 12, 2], [13, 5, 14, 4], [15, 23, 16, 22], [17, 21, 18, 20]]"
12a_0797_41,"[[17, 21, 18, 20], [19, 6, 20, 7], [21, 17, 22, 16], [23, 15, 24, 14], [1, 13, 2, 12], [3, 11, 4, 10], [5, 9, 6, 8], [7, 18, 8, 19], [9, 1, 10, 24], [11, 3, 12, 2], [13, 5, 14, 4], [15, 23, 16, 22]]"
12a_0797_42,"[[15, 23, 16, 22], [17, 21, 18, 20], [19, 6, 20, 7], [21, 17, 22, 16], [23, 15, 24, 14], [1, 13, 2, 12], [3, 11, 4, 10], [5, 9, 6, 8], [7, 18, 8, 19], [9, 1, 10, 24], [11, 3, 12, 2], [13, 5, 14, 4]]"
12a_0797_43,"[[13, 5, 14, 4], [15, 23, 16, 22], [17, 21, 18, 20], [19, 6, 20, 7], [21, 17, 22, 16], [23, 15, 24, 14], [1, 13, 2, 12], [3, 11, 4, 10], [5, 9, 6, 8], [7, 18, 8, 19], [9, 1, 10, 24], [11, 3, 12, 2]]"
12a_0797_44,"[[11, 3, 12, 2], [13, 5, 14, 4], [15, 23, 16, 22], [17, 21, 18, 20], [19, 6, 20, 7], [21, 17, 22, 16], [23, 15, 24, 14], [1, 13, 2, 12], [3, 11, 4, 10], [5, 9, 6, 8], [7, 18, 8, 19], [9, 1, 10, 24]]"
12a_0797_45,"[[9, 1, 10, 24], [11, 3, 12, 2], [13, 5, 14, 4], [15, 23, 16, 22], [17, 21, 18, 20], [19, 6, 20, 7], [21, 17, 22, 16], [23, 15, 24, 14], [1, 13, 2, 12], [3, 11, 4, 10], [5, 9, 6, 8], [7, 18, 8, 19]]"
12a_0797_46,"[[7, 18, 8, 19], [9, 1, 10, 24], [11, 3, 12, 2], [13, 5, 14, 4], [15, 23, 16, 22], [17, 21, 18, 20], [19, 6, 20, 7], [21, 17, 22, 16], [23, 15, 24, 14], [1, 13, 2, 12], [3, 11, 4, 10], [5, 9, 6, 8]]"
12a_0797_47,"[[5, 9, 6, 8], [7, 18, 8, 19], [9, 1, 10, 24], [11, 3, 12, 2], [13, 5, 14, 4], [15, 23, 16, 22], [17, 21, 18, 20], [19, 6, 20, 7], [21, 17, 22, 16], [23, 15, 24, 14], [1, 13, 2, 12], [3, 11, 4, 10]]"
12a_0797_48,"[[4, 12, 5, 11], [6, 10, 7, 9], [8, 19, 9, 20], [10, 2, 11, 1], [12, 4, 13, 3], [14, 6, 15, 5], [16, 24, 17, 23], [18, 22, 19, 21], [20, 7, 21, 8], [22, 18, 23, 17], [24, 16, 1, 15], [2, 14, 3, 13]]"
12a_0797_49,"[[2, 14, 3, 13], [4, 12, 5, 11], [6, 10, 7, 9], [8, 19, 9, 20], [10, 2, 11, 1], [12, 4, 13, 3], [14, 6, 15, 5], [16, 24, 17, 23], [18, 22, 19, 21], [20, 7, 21, 8], [22, 18, 23, 17], [24, 16, 1, 15]]"
12a_0797_50,"[[24, 16, 1, 15], [2, 14, 3, 13], [4, 12, 5, 11], [6, 10, 7, 9], [8, 19, 9, 20], [10, 2, 11, 1], [12, 4, 13, 3], [14, 6, 15, 5], [16, 24, 17, 23], [18, 22, 19, 21], [20, 7, 21, 8], [22, 18, 23, 17]]"
12a_0797_51,"[[22, 18, 23, 17], [24, 16, 1, 15], [2, 14, 3, 13], [4, 12, 5, 11], [6, 10, 7, 9], [8, 19, 9, 20], [10, 2, 11, 1], [12, 4, 13, 3], [14, 6, 15, 5], [16, 24, 17, 23], [18, 22, 19, 21], [20, 7, 21, 8]]"
12a_0797_52,"[[20, 7, 21, 8], [22, 18, 23, 17], [24, 16, 1, 15], [2, 14, 3, 13], [4, 12, 5, 11], [6, 10, 7, 9], [8, 19, 9, 20], [10, 2, 11, 1], [12, 4, 13, 3], [14, 6, 15, 5], [16, 24, 17, 23], [18, 22, 19, 21]]"
12a_0797_53,"[[18, 22, 19, 21], [20, 7, 21, 8], [22, 18, 23, 17], [24, 16, 1, 15], [2, 14, 3, 13], [4, 12, 5, 11], [6, 10, 7, 9], [8, 19, 9, 20], [10, 2, 11, 1], [12, 4, 13, 3], [14, 6, 15, 5], [16, 24, 17, 23]]"
12a_0797_54,"[[16, 24, 17, 23], [18, 22, 19, 21], [20, 7, 21, 8], [22, 18, 23, 17], [24, 16, 1, 15], [2, 14, 3, 13], [4, 12, 5, 11], [6, 10, 7, 9], [8, 19, 9, 20], [10, 2, 11, 1], [12, 4, 13, 3], [14, 6, 15, 5]]"
12a_0797_55,"[[14, 6, 15, 5], [16, 24, 17, 23], [18, 22, 19, 21], [20, 7, 21, 8], [22, 18, 23, 17], [24, 16, 1, 15], [2, 14, 3, 13], [4, 12, 5, 11], [6, 10, 7, 9], [8, 19, 9, 20], [10, 2, 11, 1], [12, 4, 13, 3]]"
12a_0797_56,"[[12, 4, 13, 3], [14, 6, 15, 5], [16, 24, 17, 23], [18, 22, 19, 21], [20, 7, 21, 8], [22, 18, 23, 17], [24, 16, 1, 15], [2, 14, 3, 13], [4, 12, 5, 11], [6, 10, 7, 9], [8, 19, 9, 20], [10, 2, 11, 1]]"
12a_0797_57,"[[10, 2, 11, 1], [12, 4, 13, 3], [14, 6, 15, 5], [16, 24, 17, 23], [18, 22, 19, 21], [20, 7, 21, 8], [22, 18, 23, 17], [24, 16, 1, 15], [2, 14, 3, 13], [4, 12, 5, 11], [6, 10, 7, 9], [8, 19, 9, 20]]"
12a_0797_58,"[[8, 19, 9, 20], [10, 2, 11, 1], [12, 4, 13, 3], [14, 6, 15, 5], [16, 24, 17, 23], [18, 22, 19, 21], [20, 7, 21, 8], [22, 18, 23, 17], [24, 16, 1, 15], [2, 14, 3, 13], [4, 12, 5, 11], [6, 10, 7, 9]]"
12a_0797_59,"[[6, 10, 7, 9], [8, 19, 9, 20], [10, 2, 11, 1], [12, 4, 13, 3], [14, 6, 15, 5], [16, 24, 17, 23], [18, 22, 19, 21], [20, 7, 21, 8], [22, 18, 23, 17], [24, 16, 1, 15], [2, 14, 3, 13], [4, 12, 5, 11]]"
12a_0797_60,"[[5, 13, 6, 12], [7, 11, 8, 10], [9, 20, 10, 21], [11, 3, 12, 2], [13, 5, 14, 4], [15, 7, 16, 6], [17, 1, 18, 24], [19, 23, 20, 22], [21, 8, 22, 9], [23, 19, 24, 18], [1, 17, 2, 16], [3, 15, 4, 14]]"
12a_0797_61,"[[3, 15, 4, 14], [5, 13, 6, 12], [7, 11, 8, 10], [9, 20, 10, 21], [11, 3, 12, 2], [13, 5, 14, 4], [15, 7, 16, 6], [17, 1, 18, 24], [19, 23, 20, 22], [21, 8, 22, 9], [23, 19, 24, 18], [1, 17, 2, 16]]"
12a_0797_62,"[[1, 17, 2, 16], [3, 15, 4, 14], [5, 13, 6, 12], [7, 11, 8, 10], [9, 20, 10, 21], [11, 3, 12, 2], [13, 5, 14, 4], [15, 7, 16, 6], [17, 1, 18, 24], [19, 23, 20, 22], [21, 8, 22, 9], [23, 19, 24, 18]]"
12a_0797_63,"[[23, 19, 24, 18], [1, 17, 2, 16], [3, 15, 4, 14], [5, 13, 6, 12], [7, 11, 8, 10], [9, 20, 10, 21], [11, 3, 12, 2], [13, 5, 14, 4], [15, 7, 16, 6], [17, 1, 18, 24], [19, 23, 20, 22], [21, 8, 22, 9]]"
12a_0797_64,"[[21, 8, 22, 9], [23, 19, 24, 18], [1, 17, 2, 16], [3, 15, 4, 14], [5, 13, 6, 12], [7, 11, 8, 10], [9, 20, 10, 21], [11, 3, 12, 2], [13, 5, 14, 4], [15, 7, 16, 6], [17, 1, 18, 24], [19, 23, 20, 22]]"
12a_0797_65,"[[19, 23, 20, 22], [21, 8, 22, 9], [23, 19, 24, 18], [1, 17, 2, 16], [3, 15, 4, 14], [5, 13, 6, 12], [7, 11, 8, 10], [9, 20, 10, 21], [11, 3, 12, 2], [13, 5, 14, 4], [15, 7, 16, 6], [17, 1, 18, 24]]"
12a_0797_66,"[[17, 1, 18, 24], [19, 23, 20, 22], [21, 8, 22, 9], [23, 19, 24, 18], [1, 17, 2, 16], [3, 15, 4, 14], [5, 13, 6, 12], [7, 11, 8, 10], [9, 20, 10, 21], [11, 3, 12, 2], [13, 5, 14, 4], [15, 7, 16, 6]]"
12a_0797_67,"[[15, 7, 16, 6], [17, 1, 18, 24], [19, 23, 20, 22], [21, 8, 22, 9], [23, 19, 24, 18], [1, 17, 2, 16], [3, 15, 4, 14], [5, 13, 6, 12], [7, 11, 8, 10], [9, 20, 10, 21], [11, 3, 12, 2], [13, 5, 14, 4]]"
12a_0797_68,"[[13, 5, 14, 4], [15, 7, 16, 6], [17, 1, 18, 24], [19, 23, 20, 22], [21, 8, 22, 9], [23, 19, 24, 18], [1, 17, 2, 16], [3, 15, 4, 14], [5, 13, 6, 12], [7, 11, 8, 10], [9, 20, 10, 21], [11, 3, 12, 2]]"
12a_0797_69,"[[11, 3, 12, 2], [13, 5, 14, 4], [15, 7, 16, 6], [17, 1, 18, 24], [19, 23, 20, 22], [21, 8, 22, 9], [23, 19, 24, 18], [1, 17, 2, 16], [3, 15, 4, 14], [5, 13, 6, 12], [7, 11, 8, 10], [9, 20, 10, 21]]"
12a_0797_70,"[[9, 20, 10, 21], [11, 3, 12, 2], [13, 5, 14, 4], [15, 7, 16, 6], [17, 1, 18, 24], [19, 23, 20, 22], [21, 8, 22, 9], [23, 19, 24, 18], [1, 17, 2, 16], [3, 15, 4, 14], [5, 13, 6, 12], [7, 11, 8, 10]]"
12a_0797_71,"[[7, 11, 8, 10], [9, 20, 10, 21], [11, 3, 12, 2], [13, 5, 14, 4], [15, 7, 16, 6], [17, 1, 18, 24], [19, 23, 20, 22], [21, 8, 22, 9], [23, 19, 24, 18], [1, 17, 2, 16], [3, 15, 4, 14], [5, 13, 6, 12]]"
12a_0797_72,"[[6, 14, 7, 13], [8, 12, 9, 11], [10, 21, 11, 22], [12, 4, 13, 3], [14, 6, 15, 5], [16, 8, 17, 7], [18, 2, 19, 1], [20, 24, 21, 23], [22, 9, 23, 10], [24, 20, 1, 19], [2, 18, 3, 17], [4, 16, 5, 15]]"
12a_0797_73,"[[4, 16, 5, 15], [6, 14, 7, 13], [8, 12, 9, 11], [10, 21, 11, 22], [12, 4, 13, 3], [14, 6, 15, 5], [16, 8, 17, 7], [18, 2, 19, 1], [20, 24, 21, 23], [22, 9, 23, 10], [24, 20, 1, 19], [2, 18, 3, 17]]"
12a_0797_74,"[[2, 18, 3, 17], [4, 16, 5, 15], [6, 14, 7, 13], [8, 12, 9, 11], [10, 21, 11, 22], [12, 4, 13, 3], [14, 6, 15, 5], [16, 8, 17, 7], [18, 2, 19, 1], [20, 24, 21, 23], [22, 9, 23, 10], [24, 20, 1, 19]]"
12a_0797_75,"[[24, 20, 1, 19], [2, 18, 3, 17], [4, 16, 5, 15], [6, 14, 7, 13], [8, 12, 9, 11], [10, 21, 11, 22], [12, 4, 13, 3], [14, 6, 15, 5], [16, 8, 17, 7], [18, 2, 19, 1], [20, 24, 21, 23], [22, 9, 23, 10]]"
12a_0797_76,"[[22, 9, 23, 10], [24, 20, 1, 19], [2, 18, 3, 17], [4, 16, 5, 15], [6, 14, 7, 13], [8, 12, 9, 11], [10, 21, 11, 22], [12, 4, 13, 3], [14, 6, 15, 5], [16, 8, 17, 7], [18, 2, 19, 1], [20, 24, 21, 23]]"
12a_0797_77,"[[20, 24, 21, 23], [22, 9, 23, 10], [24, 20, 1, 19], [2, 18, 3, 17], [4, 16, 5, 15], [6, 14, 7, 13], [8, 12, 9, 11], [10, 21, 11, 22], [12, 4, 13, 3], [14, 6, 15, 5], [16, 8, 17, 7], [18, 2, 19, 1]]"
12a_0797_78,"[[18, 2, 19, 1], [20, 24, 21, 23], [22, 9, 23, 10], [24, 20, 1, 19], [2, 18, 3, 17], [4, 16, 5, 15], [6, 14, 7, 13], [8, 12, 9, 11], [10, 21, 11, 22], [12, 4, 13, 3], [14, 6, 15, 5], [16, 8, 17, 7]]"
12a_0797_79,"[[16, 8, 17, 7], [18, 2, 19, 1], [20, 24, 21, 23], [22, 9, 23, 10], [24, 20, 1, 19], [2, 18, 3, 17], [4, 16, 5, 15], [6, 14, 7, 13], [8, 12, 9, 11], [10, 21, 11, 22], [12, 4, 13, 3], [14, 6, 15, 5]]"
12a_0797_80,"[[14, 6, 15, 5], [16, 8, 17, 7], [18, 2, 19, 1], [20, 24, 21, 23], [22, 9, 23, 10], [24, 20, 1, 19], [2, 18, 3, 17], [4, 16, 5, 15], [6, 14, 7, 13], [8, 12, 9, 11], [10, 21, 11, 22], [12, 4, 13, 3]]"
12a_0797_81,"[[12, 4, 13, 3], [14, 6, 15, 5], [16, 8, 17, 7], [18, 2, 19, 1], [20, 24, 21, 23], [22, 9, 23, 10], [24, 20, 1, 19], [2, 18, 3, 17], [4, 16, 5, 15], [6, 14, 7, 13], [8, 12, 9, 11], [10, 21, 11, 22]]"
12a_0797_82,"[[10, 21, 11, 22], [12, 4, 13, 3], [14, 6, 15, 5], [16, 8, 17, 7], [18, 2, 19, 1], [20, 24, 21, 23], [22, 9, 23, 10], [24, 20, 1, 19], [2, 18, 3, 17], [4, 16, 5, 15], [6, 14, 7, 13], [8, 12, 9, 11]]"
12a_0797_83,"[[8, 12, 9, 11], [10, 21, 11, 22], [12, 4, 13, 3], [14, 6, 15, 5], [16, 8, 17, 7], [18, 2, 19, 1], [20, 24, 21, 23], [22, 9, 23, 10], [24, 20, 1, 19], [2, 18, 3, 17], [4, 16, 5, 15], [6, 14, 7, 13]]"
12a_0797_84,"[[7, 15, 8, 14], [9, 13, 10, 12], [11, 22, 12, 23], [13, 5, 14, 4], [15, 7, 16, 6], [17, 9, 18, 8], [19, 3, 20, 2], [21, 1, 22, 24], [23, 10, 24, 11], [1, 21, 2, 20], [3, 19, 4, 18], [5, 17, 6, 16]]"
12a_0797_85,"[[5, 17, 6, 16], [7, 15, 8, 14], [9, 13, 10, 12], [11, 22, 12, 23], [13, 5, 14, 4], [15, 7, 16, 6], [17, 9, 18, 8], [19, 3, 20, 2], [21, 1, 22, 24], [23, 10, 24, 11], [1, 21, 2, 20], [3, 19, 4, 18]]"
12a_0797_86,"[[3, 19, 4, 18], [5, 17, 6, 16], [7, 15, 8, 14], [9, 13, 10, 12], [11, 22, 12, 23], [13, 5, 14, 4], [15, 7, 16, 6], [17, 9, 18, 8], [19, 3, 20, 2], [21, 1, 22, 24], [23, 10, 24, 11], [1, 21, 2, 20]]"
12a_0797_87,"[[1, 21, 2, 20], [3, 19, 4, 18], [5, 17, 6, 16], [7, 15, 8, 14], [9, 13, 10, 12], [11, 22, 12, 23], [13, 5, 14, 4], [15, 7, 16, 6], [17, 9, 18, 8], [19, 3, 20, 2], [21, 1, 22, 24], [23, 10, 24, 11]]"
12a_0797_88,"[[23, 10, 24, 11], [1, 21, 2, 20], [3, 19, 4, 18], [5, 17, 6, 16], [7, 15, 8, 14], [9, 13, 10, 12], [11, 22, 12, 23], [13, 5, 14, 4], [15, 7, 16, 6], [17, 9, 18, 8], [19, 3, 20, 2], [21, 1, 22, 24]]"
12a_0797_89,"[[21, 1, 22, 24], [23, 10, 24, 11], [1, 21, 2, 20], [3, 19, 4, 18], [5, 17, 6, 16], [7, 15, 8, 14], [9, 13, 10, 12], [11, 22, 12, 23], [13, 5, 14, 4], [15, 7, 16, 6], [17, 9, 18, 8], [19, 3, 20, 2]]"
12a_0797_90,"[[19, 3, 20, 2], [21, 1, 22, 24], [23, 10, 24, 11], [1, 21, 2, 20], [3, 19, 4, 18], [5, 17, 6, 16], [7, 15, 8, 14], [9, 13, 10, 12], [11, 22, 12, 23], [13, 5, 14, 4], [15, 7, 16, 6], [17, 9, 18, 8]]"
12a_0797_91,"[[17, 9, 18, 8], [19, 3, 20, 2], [21, 1, 22, 24], [23, 10, 24, 11], [1, 21, 2, 20], [3, 19, 4, 18], [5, 17, 6, 16], [7, 15, 8, 14], [9, 13, 10, 12], [11, 22, 12, 23], [13, 5, 14, 4], [15, 7, 16, 6]]"
12a_0797_92,"[[15, 7, 16, 6], [17, 9, 18, 8], [19, 3, 20, 2], [21, 1, 22, 24], [23, 10, 24, 11], [1, 21, 2, 20], [3, 19, 4, 18], [5, 17, 6, 16], [7, 15, 8, 14], [9, 13, 10, 12], [11, 22, 12, 23], [13, 5, 14, 4]]"
12a_0797_93,"[[13, 5, 14, 4], [15, 7, 16, 6], [17, 9, 18, 8], [19, 3, 20, 2], [21, 1, 22, 24], [23, 10, 24, 11], [1, 21, 2, 20], [3, 19, 4, 18], [5, 17, 6, 16], [7, 15, 8, 14], [9, 13, 10, 12], [11, 22, 12, 23]]"
12a_0797_94,"[[11, 22, 12, 23], [13, 5, 14, 4], [15, 7, 16, 6], [17, 9, 18, 8], [19, 3, 20, 2], [21, 1, 22, 24], [23, 10, 24, 11], [1, 21, 2, 20], [3, 19, 4, 18], [5, 17, 6, 16], [7, 15, 8, 14], [9, 13, 10, 12]]"
12a_0797_95,"[[9, 13, 10, 12], [11, 22, 12, 23], [13, 5, 14, 4], [15, 7, 16, 6], [17, 9, 18, 8], [19, 3, 20, 2], [21, 1, 22, 24], [23, 10, 24, 11], [1, 21, 2, 20], [3, 19, 4, 18], [5, 17, 6, 16], [7, 15, 8, 14]]"
12a_0797_96,"[[8, 16, 9, 15], [10, 14, 11, 13], [12, 23, 13, 24], [14, 6, 15, 5], [16, 8, 17, 7], [18, 10, 19, 9], [20, 4, 21, 3], [22, 2, 23, 1], [24, 11, 1, 12], [2, 22, 3, 21], [4, 20, 5, 19], [6, 18, 7, 17]]"
12a_0797_97,"[[6, 18, 7, 17], [8, 16, 9, 15], [10, 14, 11, 13], [12, 23, 13, 24], [14, 6, 15, 5], [16, 8, 17, 7], [18, 10, 19, 9], [20, 4, 21, 3], [22, 2, 23, 1], [24, 11, 1, 12], [2, 22, 3, 21], [4, 20, 5, 19]]"
12a_0797_98,"[[4, 20, 5, 19], [6, 18, 7, 17], [8, 16, 9, 15], [10, 14, 11, 13], [12, 23, 13, 24], [14, 6, 15, 5], [16, 8, 17, 7], [18, 10, 19, 9], [20, 4, 21, 3], [22, 2, 23, 1], [24, 11, 1, 12], [2, 22, 3, 21]]"
12a_0797_99,"[[2, 22, 3, 21], [4, 20, 5, 19], [6, 18, 7, 17], [8, 16, 9, 15], [10, 14, 11, 13], [12, 23, 13, 24], [14, 6, 15, 5], [16, 8, 17, 7], [18, 10, 19, 9], [20, 4, 21, 3], [22, 2, 23, 1], [24, 11, 1, 12]]"
12a_0797_100,"[[24, 11, 1, 12], [2, 22, 3, 21], [4, 20, 5, 19], [6, 18, 7, 17], [8, 16, 9, 15], [10, 14, 11, 13], [12, 23, 13, 24], [14, 6, 15, 5], [16, 8, 17, 7], [18, 10, 19, 9], [20, 4, 21, 3], [22, 2, 23, 1]]"
12a_0797_101,"[[22, 2, 23, 1], [24, 11, 1, 12], [2, 22, 3, 21], [4, 20, 5, 19], [6, 18, 7, 17], [8, 16, 9, 15], [10, 14, 11, 13], [12, 23, 13, 24], [14, 6, 15, 5], [16, 8, 17, 7], [18, 10, 19, 9], [20, 4, 21, 3]]"
12a_0797_102,"[[20, 4, 21, 3], [22, 2, 23, 1], [24, 11, 1, 12], [2, 22, 3, 21], [4, 20, 5, 19], [6, 18, 7, 17], [8, 16, 9, 15], [10, 14, 11, 13], [12, 23, 13, 24], [14, 6, 15, 5], [16, 8, 17, 7], [18, 10, 19, 9]]"
12a_0797_103,"[[18, 10, 19, 9], [20, 4, 21, 3], [22, 2, 23, 1], [24, 11, 1, 12], [2, 22, 3, 21], [4, 20, 5, 19], [6, 18, 7, 17], [8, 16, 9, 15], [10, 14, 11, 13], [12, 23, 13, 24], [14, 6, 15, 5], [16, 8, 17, 7]]"
12a_0797_104,"[[16, 8, 17, 7], [18, 10, 19, 9], [20, 4, 21, 3], [22, 2, 23, 1], [24, 11, 1, 12], [2, 22, 3, 21], [4, 20, 5, 19], [6, 18, 7, 17], [8, 16, 9, 15], [10, 14, 11, 13], [12, 23, 13, 24], [14, 6, 15, 5]]"
12a_0797_105,"[[14, 6, 15, 5], [16, 8, 17, 7], [18, 10, 19, 9], [20, 4, 21, 3], [22, 2, 23, 1], [24, 11, 1, 12], [2, 22, 3, 21], [4, 20, 5, 19], [6, 18, 7, 17], [8, 16, 9, 15], [10, 14, 11, 13], [12, 23, 13, 24]]"
12a_0797_106,"[[12, 23, 13, 24], [14, 6, 15, 5], [16, 8, 17, 7], [18, 10, 19, 9], [20, 4, 21, 3], [22, 2, 23, 1], [24, 11, 1, 12], [2, 22, 3, 21], [4, 20, 5, 19], [6, 18, 7, 17], [8, 16, 9, 15], [10, 14, 11, 13]]"
12a_0797_107,"[[10, 14, 11, 13], [12, 23, 13, 24], [14, 6, 15, 5], [16, 8, 17, 7], [18, 10, 19, 9], [20, 4, 21, 3], [22, 2, 23, 1], [24, 11, 1, 12], [2, 22, 3, 21], [4, 20, 5, 19], [6, 18, 7, 17], [8, 16, 9, 15]]"
12a_0797_108,"[[9, 17, 10, 16], [11, 15, 12, 14], [13, 24, 14, 1], [15, 7, 16, 6], [17, 9, 18, 8], [19, 11, 20, 10], [21, 5, 22, 4], [23, 3, 24, 2], [1, 12, 2, 13], [3, 23, 4, 22], [5, 21, 6, 20], [7, 19, 8, 18]]"
12a_0797_109,"[[7, 19, 8, 18], [9, 17, 10, 16], [11, 15, 12, 14], [13, 24, 14, 1], [15, 7, 16, 6], [17, 9, 18, 8], [19, 11, 20, 10], [21, 5, 22, 4], [23, 3, 24, 2], [1, 12, 2, 13], [3, 23, 4, 22], [5, 21, 6, 20]]"
12a_0797_110,"[[5, 21, 6, 20], [7, 19, 8, 18], [9, 17, 10, 16], [11, 15, 12, 14], [13, 24, 14, 1], [15, 7, 16, 6], [17, 9, 18, 8], [19, 11, 20, 10], [21, 5, 22, 4], [23, 3, 24, 2], [1, 12, 2, 13], [3, 23, 4, 22]]"
12a_0797_111,"[[3, 23, 4, 22], [5, 21, 6, 20], [7, 19, 8, 18], [9, 17, 10, 16], [11, 15, 12, 14], [13, 24, 14, 1], [15, 7, 16, 6], [17, 9, 18, 8], [19, 11, 20, 10], [21, 5, 22, 4], [23, 3, 24, 2], [1, 12, 2, 13]]"
12a_0797_112,"[[1, 12, 2, 13], [3, 23, 4, 22], [5, 21, 6, 20], [7, 19, 8, 18], [9, 17, 10, 16], [11, 15, 12, 14], [13, 24, 14, 1], [15, 7, 16, 6], [17, 9, 18, 8], [19, 11, 20, 10], [21, 5, 22, 4], [23, 3, 24, 2]]"
12a_0797_113,"[[23, 3, 24, 2], [1, 12, 2, 13], [3, 23, 4, 22], [5, 21, 6, 20], [7, 19, 8, 18], [9, 17, 10, 16], [11, 15, 12, 14], [13, 24, 14, 1], [15, 7, 16, 6], [17, 9, 18, 8], [19, 11, 20, 10], [21, 5, 22, 4]]"
12a_0797_114,"[[21, 5, 22, 4], [23, 3, 24, 2], [1, 12, 2, 13], [3, 23, 4, 22], [5, 21, 6, 20], [7, 19, 8, 18], [9, 17, 10, 16], [11, 15, 12, 14], [13, 24, 14, 1], [15, 7, 16, 6], [17, 9, 18, 8], [19, 11, 20, 10]]"
12a_0797_115,"[[19, 11, 20, 10], [21, 5, 22, 4], [23, 3, 24, 2], [1, 12, 2, 13], [3, 23, 4, 22], [5, 21, 6, 20], [7, 19, 8, 18], [9, 17, 10, 16], [11, 15, 12, 14], [13, 24, 14, 1], [15, 7, 16, 6], [17, 9, 18, 8]]"
12a_0797_116,"[[17, 9, 18, 8], [19, 11, 20, 10], [21, 5, 22, 4], [23, 3, 24, 2], [1, 12, 2, 13], [3, 23, 4, 22], [5, 21, 6, 20], [7, 19, 8, 18], [9, 17, 10, 16], [11, 15, 12, 14], [13, 24, 14, 1], [15, 7, 16, 6]]"
12a_0797_117,"[[15, 7, 16, 6], [17, 9, 18, 8], [19, 11, 20, 10], [21, 5, 22, 4], [23, 3, 24, 2], [1, 12, 2, 13], [3, 23, 4, 22], [5, 21, 6, 20], [7, 19, 8, 18], [9, 17, 10, 16], [11, 15, 12, 14], [13, 24, 14, 1]]"
12a_0797_118,"[[13, 24, 14, 1], [15, 7, 16, 6], [17, 9, 18, 8], [19, 11, 20, 10], [21, 5, 22, 4], [23, 3, 24, 2], [1, 12, 2, 13], [3, 23, 4, 22], [5, 21, 6, 20], [7, 19, 8, 18], [9, 17, 10, 16], [11, 15, 12, 14]]"
12a_0797_119,"[[11, 15, 12, 14], [13, 24, 14, 1], [15, 7, 16, 6], [17, 9, 18, 8], [19, 11, 20, 10], [21, 5, 22, 4], [23, 3, 24, 2], [1, 12, 2, 13], [3, 23, 4, 22], [5, 21, 6, 20], [7, 19, 8, 18], [9, 17, 10, 16]]"
12a_0797_120,"[[10, 18, 11, 17], [12, 16, 13, 15], [14, 1, 15, 2], [16, 8, 17, 7], [18, 10, 19, 9], [20, 12, 21, 11], [22, 6, 23, 5], [24, 4, 1, 3], [2, 13, 3, 14], [4, 24, 5, 23], [6, 22, 7, 21], [8, 20, 9, 19]]"
12a_0797_121,"[[8, 20, 9, 19], [10, 18, 11, 17], [12, 16, 13, 15], [14, 1, 15, 2], [16, 8, 17, 7], [18, 10, 19, 9], [20, 12, 21, 11], [22, 6, 23, 5], [24, 4, 1, 3], [2, 13, 3, 14], [4, 24, 5, 23], [6, 22, 7, 21]]"
12a_0797_122,"[[6, 22, 7, 21], [8, 20, 9, 19], [10, 18, 11, 17], [12, 16, 13, 15], [14, 1, 15, 2], [16, 8, 17, 7], [18, 10, 19, 9], [20, 12, 21, 11], [22, 6, 23, 5], [24, 4, 1, 3], [2, 13, 3, 14], [4, 24, 5, 23]]"
12a_0797_123,"[[4, 24, 5, 23], [6, 22, 7, 21], [8, 20, 9, 19], [10, 18, 11, 17], [12, 16, 13, 15], [14, 1, 15, 2], [16, 8, 17, 7], [18, 10, 19, 9], [20, 12, 21, 11], [22, 6, 23, 5], [24, 4, 1, 3], [2, 13, 3, 14]]"
12a_0797_124,"[[2, 13, 3, 14], [4, 24, 5, 23], [6, 22, 7, 21], [8, 20, 9, 19], [10, 18, 11, 17], [12, 16, 13, 15], [14, 1, 15, 2], [16, 8, 17, 7], [18, 10, 19, 9], [20, 12, 21, 11], [22, 6, 23, 5], [24, 4, 1, 3]]"
12a_0797_125,"[[24, 4, 1, 3], [2, 13, 3, 14], [4, 24, 5, 23], [6, 22, 7, 21], [8, 20, 9, 19], [10, 18, 11, 17], [12, 16, 13, 15], [14, 1, 15, 2], [16, 8, 17, 7], [18, 10, 19, 9], [20, 12, 21, 11], [22, 6, 23, 5]]"
12a_0797_126,"[[22, 6, 23, 5], [24, 4, 1, 3], [2, 13, 3, 14], [4, 24, 5, 23], [6, 22, 7, 21], [8, 20, 9, 19], [10, 18, 11, 17], [12, 16, 13, 15], [14, 1, 15, 2], [16, 8, 17, 7], [18, 10, 19, 9], [20, 12, 21, 11]]"
12a_0797_127,"[[20, 12, 21, 11], [22, 6, 23, 5], [24, 4, 1, 3], [2, 13, 3, 14], [4, 24, 5, 23], [6, 22, 7, 21], [8, 20, 9, 19], [10, 18, 11, 17], [12, 16, 13, 15], [14, 1, 15, 2], [16, 8, 17, 7], [18, 10, 19, 9]]"
12a_0797_128,"[[18, 10, 19, 9], [20, 12, 21, 11], [22, 6, 23, 5], [24, 4, 1, 3], [2, 13, 3, 14], [4, 24, 5, 23], [6, 22, 7, 21], [8, 20, 9, 19], [10, 18, 11, 17], [12, 16, 13, 15], [14, 1, 15, 2], [16, 8, 17, 7]]"
12a_0797_129,"[[16, 8, 17, 7], [18, 10, 19, 9], [20, 12, 21, 11], [22, 6, 23, 5], [24, 4, 1, 3], [2, 13, 3, 14], [4, 24, 5, 23], [6, 22, 7, 21], [8, 20, 9, 19], [10, 18, 11, 17], [12, 16, 13, 15], [14, 1, 15, 2]]"
12a_0797_130,"[[14, 1, 15, 2], [16, 8, 17, 7], [18, 10, 19, 9], [20, 12, 21, 11], [22, 6, 23, 5], [24, 4, 1, 3], [2, 13, 3, 14], [4, 24, 5, 23], [6, 22, 7, 21], [8, 20, 9, 19], [10, 18, 11, 17], [12, 16, 13, 15]]"
12a_0797_131,"[[12, 16, 13, 15], [14, 1, 15, 2], [16, 8, 17, 7], [18, 10, 19, 9], [20, 12, 21, 11], [22, 6, 23, 5], [24, 4, 1, 3], [2, 13, 3, 14], [4, 24, 5, 23], [6, 22, 7, 21], [8, 20, 9, 19], [10, 18, 11, 17]]"
12a_0797_132,"[[11, 19, 12, 18], [13, 17, 14, 16], [15, 2, 16, 3], [17, 9, 18, 8], [19, 11, 20, 10], [21, 13, 22, 12], [23, 7, 24, 6], [1, 5, 2, 4], [3, 14, 4, 15], [5, 1, 6, 24], [7, 23, 8, 22], [9, 21, 10, 20]]"
12a_0797_133,"[[9, 21, 10, 20], [11, 19, 12, 18], [13, 17, 14, 16], [15, 2, 16, 3], [17, 9, 18, 8], [19, 11, 20, 10], [21, 13, 22, 12], [23, 7, 24, 6], [1, 5, 2, 4], [3, 14, 4, 15], [5, 1, 6, 24], [7, 23, 8, 22]]"
12a_0797_134,"[[7, 23, 8, 22], [9, 21, 10, 20], [11, 19, 12, 18], [13, 17, 14, 16], [15, 2, 16, 3], [17, 9, 18, 8], [19, 11, 20, 10], [21, 13, 22, 12], [23, 7, 24, 6], [1, 5, 2, 4], [3, 14, 4, 15], [5, 1, 6, 24]]"
12a_0797_135,"[[5, 1, 6, 24], [7, 23, 8, 22], [9, 21, 10, 20], [11, 19, 12, 18], [13, 17, 14, 16], [15, 2, 16, 3], [17, 9, 18, 8], [19, 11, 20, 10], [21, 13, 22, 12], [23, 7, 24, 6], [1, 5, 2, 4], [3, 14, 4, 15]]"
12a_0797_136,"[[3, 14, 4, 15], [5, 1, 6, 24], [7, 23, 8, 22], [9, 21, 10, 20], [11, 19, 12, 18], [13, 17, 14, 16], [15, 2, 16, 3], [17, 9, 18, 8], [19, 11, 20, 10], [21, 13, 22, 12], [23, 7, 24, 6], [1, 5, 2, 4]]"
12a_0797_137,"[[1, 5, 2, 4], [3, 14, 4, 15], [5, 1, 6, 24], [7, 23, 8, 22], [9, 21, 10, 20], [11, 19, 12, 18], [13, 17, 14, 16], [15, 2, 16, 3], [17, 9, 18, 8], [19, 11, 20, 10], [21, 13, 22, 12], [23, 7, 24, 6]]"
12a_0797_138,"[[23, 7, 24, 6], [1, 5, 2, 4], [3, 14, 4, 15], [5, 1, 6, 24], [7, 23, 8, 22], [9, 21, 10, 20], [11, 19, 12, 18], [13, 17, 14, 16], [15, 2, 16, 3], [17, 9, 18, 8], [19, 11, 20, 10], [21, 13, 22, 12]]"
12a_0797_139,"[[21, 13, 22, 12], [23, 7, 24, 6], [1, 5, 2, 4], [3, 14, 4, 15], [5, 1, 6, 24], [7, 23, 8, 22], [9, 21, 10, 20], [11, 19, 12, 18], [13, 17, 14, 16], [15, 2, 16, 3], [17, 9, 18, 8], [19, 11, 20, 10]]"
12a_0797_140,"[[19, 11, 20, 10], [21, 13, 22, 12], [23, 7, 24, 6], [1, 5, 2, 4], [3, 14, 4, 15], [5, 1, 6, 24], [7, 23, 8, 22], [9, 21, 10, 20], [11, 19, 12, 18], [13, 17, 14, 16], [15, 2, 16, 3], [17, 9, 18, 8]]"
12a_0797_141,"[[17, 9, 18, 8], [19, 11, 20, 10], [21, 13, 22, 12], [23, 7, 24, 6], [1, 5, 2, 4], [3, 14, 4, 15], [5, 1, 6, 24], [7, 23, 8, 22], [9, 21, 10, 20], [11, 19, 12, 18], [13, 17, 14, 16], [15, 2, 16, 3]]"
12a_0797_142,"[[15, 2, 16, 3], [17, 9, 18, 8], [19, 11, 20, 10], [21, 13, 22, 12], [23, 7, 24, 6], [1, 5, 2, 4], [3, 14, 4, 15], [5, 1, 6, 24], [7, 23, 8, 22], [9, 21, 10, 20], [11, 19, 12, 18], [13, 17, 14, 16]]"
12a_0797_143,"[[13, 17, 14, 16], [15, 2, 16, 3], [17, 9, 18, 8], [19, 11, 20, 10], [21, 13, 22, 12], [23, 7, 24, 6], [1, 5, 2, 4], [3, 14, 4, 15], [5, 1, 6, 24], [7, 23, 8, 22], [9, 21, 10, 20], [11, 19, 12, 18]]"
12a_0797_144,"[[12, 20, 13, 19], [14, 18, 15, 17], [16, 3, 17, 4], [18, 10, 19, 9], [20, 12, 21, 11], [22, 14, 23, 13], [24, 8, 1, 7], [2, 6, 3, 5], [4, 15, 5, 16], [6, 2, 7, 1], [8, 24, 9, 23], [10, 22, 11, 21]]"
12a_0797_145,"[[10, 22, 11, 21], [12, 20, 13, 19], [14, 18, 15, 17], [16, 3, 17, 4], [18, 10, 19, 9], [20, 12, 21, 11], [22, 14, 23, 13], [24, 8, 1, 7], [2, 6, 3, 5], [4, 15, 5, 16], [6, 2, 7, 1], [8, 24, 9, 23]]"
12a_0797_146,"[[8, 24, 9, 23], [10, 22, 11, 21], [12, 20, 13, 19], [14, 18, 15, 17], [16, 3, 17, 4], [18, 10, 19, 9], [20, 12, 21, 11], [22, 14, 23, 13], [24, 8, 1, 7], [2, 6, 3, 5], [4, 15, 5, 16], [6, 2, 7, 1]]"
12a_0797_147,"[[6, 2, 7, 1], [8, 24, 9, 23], [10, 22, 11, 21], [12, 20, 13, 19], [14, 18, 15, 17], [16, 3, 17, 4], [18, 10, 19, 9], [20, 12, 21, 11], [22, 14, 23, 13], [24, 8, 1, 7], [2, 6, 3, 5], [4, 15, 5, 16]]"
12a_0797_148,"[[4, 15, 5, 16], [6, 2, 7, 1], [8, 24, 9, 23], [10, 22, 11, 21], [12, 20, 13, 19], [14, 18, 15, 17], [16, 3, 17, 4], [18, 10, 19, 9], [20, 12, 21, 11], [22, 14, 23, 13], [24, 8, 1, 7], [2, 6, 3, 5]]"
12a_0797_149,"[[2, 6, 3, 5], [4, 15, 5, 16], [6, 2, 7, 1], [8, 24, 9, 23], [10, 22, 11, 21], [12, 20, 13, 19], [14, 18, 15, 17], [16, 3, 17, 4], [18, 10, 19, 9], [20, 12, 21, 11], [22, 14, 23, 13], [24, 8, 1, 7]]"
12a_0797_150,"[[24, 8, 1, 7], [2, 6, 3, 5], [4, 15, 5, 16], [6, 2, 7, 1], [8, 24, 9, 23], [10, 22, 11, 21], [12, 20, 13, 19], [14, 18, 15, 17], [16, 3, 17, 4], [18, 10, 19, 9], [20, 12, 21, 11], [22, 14, 23, 13]]"
12a_0797_151,"[[22, 14, 23, 13], [24, 8, 1, 7], [2, 6, 3, 5], [4, 15, 5, 16], [6, 2, 7, 1], [8, 24, 9, 23], [10, 22, 11, 21], [12, 20, 13, 19], [14, 18, 15, 17], [16, 3, 17, 4], [18, 10, 19, 9], [20, 12, 21, 11]]"
12a_0797_152,"[[20, 12, 21, 11], [22, 14, 23, 13], [24, 8, 1, 7], [2, 6, 3, 5], [4, 15, 5, 16], [6, 2, 7, 1], [8, 24, 9, 23], [10, 22, 11, 21], [12, 20, 13, 19], [14, 18, 15, 17], [16, 3, 17, 4], [18, 10, 19, 9]]"
12a_0797_153,"[[18, 10, 19, 9], [20, 12, 21, 11], [22, 14, 23, 13], [24, 8, 1, 7], [2, 6, 3, 5], [4, 15, 5, 16], [6, 2, 7, 1], [8, 24, 9, 23], [10, 22, 11, 21], [12, 20, 13, 19], [14, 18, 15, 17], [16, 3, 17, 4]]"
12a_0797_154,"[[16, 3, 17, 4], [18, 10, 19, 9], [20, 12, 21, 11], [22, 14, 23, 13], [24, 8, 1, 7], [2, 6, 3, 5], [4, 15, 5, 16], [6, 2, 7, 1], [8, 24, 9, 23], [10, 22, 11, 21], [12, 20, 13, 19], [14, 18, 15, 17]]"
12a_0797_155,"[[14, 18, 15, 17], [16, 3, 17, 4], [18, 10, 19, 9], [20, 12, 21, 11], [22, 14, 23, 13], [24, 8, 1, 7], [2, 6, 3, 5], [4, 15, 5, 16], [6, 2, 7, 1], [8, 24, 9, 23], [10, 22, 11, 21], [12, 20, 13, 19]]"
12a_0797_156,"[[13, 21, 14, 20], [15, 19, 16, 18], [17, 4, 18, 5], [19, 11, 20, 10], [21, 13, 22, 12], [23, 15, 24, 14], [1, 9, 2, 8], [3, 7, 4, 6], [5, 16, 6, 17], [7, 3, 8, 2], [9, 1, 10, 24], [11, 23, 12, 22]]"
12a_0797_157,"[[11, 23, 12, 22], [13, 21, 14, 20], [15, 19, 16, 18], [17, 4, 18, 5], [19, 11, 20, 10], [21, 13, 22, 12], [23, 15, 24, 14], [1, 9, 2, 8], [3, 7, 4, 6], [5, 16, 6, 17], [7, 3, 8, 2], [9, 1, 10, 24]]"
12a_0797_158,"[[9, 1, 10, 24], [11, 23, 12, 22], [13, 21, 14, 20], [15, 19, 16, 18], [17, 4, 18, 5], [19, 11, 20, 10], [21, 13, 22, 12], [23, 15, 24, 14], [1, 9, 2, 8], [3, 7, 4, 6], [5, 16, 6, 17], [7, 3, 8, 2]]"
12a_0797_159,"[[7, 3, 8, 2], [9, 1, 10, 24], [11, 23, 12, 22], [13, 21, 14, 20], [15, 19, 16, 18], [17, 4, 18, 5], [19, 11, 20, 10], [21, 13, 22, 12], [23, 15, 24, 14], [1, 9, 2, 8], [3, 7, 4, 6], [5, 16, 6, 17]]"
12a_0797_160,"[[5, 16, 6, 17], [7, 3, 8, 2], [9, 1, 10, 24], [11, 23, 12, 22], [13, 21, 14, 20], [15, 19, 16, 18], [17, 4, 18, 5], [19, 11, 20, 10], [21, 13, 22, 12], [23, 15, 24, 14], [1, 9, 2, 8], [3, 7, 4, 6]]"
12a_0797_161,"[[3, 7, 4, 6], [5, 16, 6, 17], [7, 3, 8, 2], [9, 1, 10, 24], [11, 23, 12, 22], [13, 21, 14, 20], [15, 19, 16, 18], [17, 4, 18, 5], [19, 11, 20, 10], [21, 13, 22, 12], [23, 15, 24, 14], [1, 9, 2, 8]]"
12a_0797_162,"[[1, 9, 2, 8], [3, 7, 4, 6], [5, 16, 6, 17], [7, 3, 8, 2], [9, 1, 10, 24], [11, 23, 12, 22], [13, 21, 14, 20], [15, 19, 16, 18], [17, 4, 18, 5], [19, 11, 20, 10], [21, 13, 22, 12], [23, 15, 24, 14]]"
12a_0797_163,"[[23, 15, 24, 14], [1, 9, 2, 8], [3, 7, 4, 6], [5, 16, 6, 17], [7, 3, 8, 2], [9, 1, 10, 24], [11, 23, 12, 22], [13, 21, 14, 20], [15, 19, 16, 18], [17, 4, 18, 5], [19, 11, 20, 10], [21, 13, 22, 12]]"
12a_0797_164,"[[21, 13, 22, 12], [23, 15, 24, 14], [1, 9, 2, 8], [3, 7, 4, 6], [5, 16, 6, 17], [7, 3, 8, 2], [9, 1, 10, 24], [11, 23, 12, 22], [13, 21, 14, 20], [15, 19, 16, 18], [17, 4, 18, 5], [19, 11, 20, 10]]"
12a_0797_165,"[[19, 11, 20, 10], [21, 13, 22, 12], [23, 15, 24, 14], [1, 9, 2, 8], [3, 7, 4, 6], [5, 16, 6, 17], [7, 3, 8, 2], [9, 1, 10, 24], [11, 23, 12, 22], [13, 21, 14, 20], [15, 19, 16, 18], [17, 4, 18, 5]]"
12a_0797_166,"[[17, 4, 18, 5], [19, 11, 20, 10], [21, 13, 22, 12], [23, 15, 24, 14], [1, 9, 2, 8], [3, 7, 4, 6], [5, 16, 6, 17], [7, 3, 8, 2], [9, 1, 10, 24], [11, 23, 12, 22], [13, 21, 14, 20], [15, 19, 16, 18]]"
12a_0797_167,"[[15, 19, 16, 18], [17, 4, 18, 5], [19, 11, 20, 10], [21, 13, 22, 12], [23, 15, 24, 14], [1, 9, 2, 8], [3, 7, 4, 6], [5, 16, 6, 17], [7, 3, 8, 2], [9, 1, 10, 24], [11, 23, 12, 22], [13, 21, 14, 20]]"
12a_0797_168,"[[14, 22, 15, 21], [16, 20, 17, 19], [18, 5, 19, 6], [20, 12, 21, 11], [22, 14, 23, 13], [24, 16, 1, 15], [2, 10, 3, 9], [4, 8, 5, 7], [6, 17, 7, 18], [8, 4, 9, 3], [10, 2, 11, 1], [12, 24, 13, 23]]"
12a_0797_169,"[[12, 24, 13, 23], [14, 22, 15, 21], [16, 20, 17, 19], [18, 5, 19, 6], [20, 12, 21, 11], [22, 14, 23, 13], [24, 16, 1, 15], [2, 10, 3, 9], [4, 8, 5, 7], [6, 17, 7, 18], [8, 4, 9, 3], [10, 2, 11, 1]]"
12a_0797_170,"[[10, 2, 11, 1], [12, 24, 13, 23], [14, 22, 15, 21], [16, 20, 17, 19], [18, 5, 19, 6], [20, 12, 21, 11], [22, 14, 23, 13], [24, 16, 1, 15], [2, 10, 3, 9], [4, 8, 5, 7], [6, 17, 7, 18], [8, 4, 9, 3]]"
12a_0797_171,"[[8, 4, 9, 3], [10, 2, 11, 1], [12, 24, 13, 23], [14, 22, 15, 21], [16, 20, 17, 19], [18, 5, 19, 6], [20, 12, 21, 11], [22, 14, 23, 13], [24, 16, 1, 15], [2, 10, 3, 9], [4, 8, 5, 7], [6, 17, 7, 18]]"
12a_0797_172,"[[6, 17, 7, 18], [8, 4, 9, 3], [10, 2, 11, 1], [12, 24, 13, 23], [14, 22, 15, 21], [16, 20, 17, 19], [18, 5, 19, 6], [20, 12, 21, 11], [22, 14, 23, 13], [24, 16, 1, 15], [2, 10, 3, 9], [4, 8, 5, 7]]"
12a_0797_173,"[[4, 8, 5, 7], [6, 17, 7, 18], [8, 4, 9, 3], [10, 2, 11, 1], [12, 24, 13, 23], [14, 22, 15, 21], [16, 20, 17, 19], [18, 5, 19, 6], [20, 12, 21, 11], [22, 14, 23, 13], [24, 16, 1, 15], [2, 10, 3, 9]]"
12a_0797_174,"[[2, 10, 3, 9], [4, 8, 5, 7], [6, 17, 7, 18], [8, 4, 9, 3], [10, 2, 11, 1], [12, 24, 13, 23], [14, 22, 15, 21], [16, 20, 17, 19], [18, 5, 19, 6], [20, 12, 21, 11], [22, 14, 23, 13], [24, 16, 1, 15]]"
12a_0797_175,"[[24, 16, 1, 15], [2, 10, 3, 9], [4, 8, 5, 7], [6, 17, 7, 18], [8, 4, 9, 3], [10, 2, 11, 1], [12, 24, 13, 23], [14, 22, 15, 21], [16, 20, 17, 19], [18, 5, 19, 6], [20, 12, 21, 11], [22, 14, 23, 13]]"
12a_0797_176,"[[22, 14, 23, 13], [24, 16, 1, 15], [2, 10, 3, 9], [4, 8, 5, 7], [6, 17, 7, 18], [8, 4, 9, 3], [10, 2, 11, 1], [12, 24, 13, 23], [14, 22, 15, 21], [16, 20, 17, 19], [18, 5, 19, 6], [20, 12, 21, 11]]"
12a_0797_177,"[[20, 12, 21, 11], [22, 14, 23, 13], [24, 16, 1, 15], [2, 10, 3, 9], [4, 8, 5, 7], [6, 17, 7, 18], [8, 4, 9, 3], [10, 2, 11, 1], [12, 24, 13, 23], [14, 22, 15, 21], [16, 20, 17, 19], [18, 5, 19, 6]]"
12a_0797_178,"[[18, 5, 19, 6], [20, 12, 21, 11], [22, 14, 23, 13], [24, 16, 1, 15], [2, 10, 3, 9], [4, 8, 5, 7], [6, 17, 7, 18], [8, 4, 9, 3], [10, 2, 11, 1], [12, 24, 13, 23], [14, 22, 15, 21], [16, 20, 17, 19]]"
12a_0797_179,"[[16, 20, 17, 19], [18, 5, 19, 6], [20, 12, 21, 11], [22, 14, 23, 13], [24, 16, 1, 15], [2, 10, 3, 9], [4, 8, 5, 7], [6, 17, 7, 18], [8, 4, 9, 3], [10, 2, 11, 1], [12, 24, 13, 23], [14, 22, 15, 21]]"
12a_0797_180,"[[15, 23, 16, 22], [17, 21, 18, 20], [19, 6, 20, 7], [21, 13, 22, 12], [23, 15, 24, 14], [1, 17, 2, 16], [3, 11, 4, 10], [5, 9, 6, 8], [7, 18, 8, 19], [9, 5, 10, 4], [11, 3, 12, 2], [13, 1, 14, 24]]"
12a_0797_181,"[[13, 1, 14, 24], [15, 23, 16, 22], [17, 21, 18, 20], [19, 6, 20, 7], [21, 13, 22, 12], [23, 15, 24, 14], [1, 17, 2, 16], [3, 11, 4, 10], [5, 9, 6, 8], [7, 18, 8, 19], [9, 5, 10, 4], [11, 3, 12, 2]]"
12a_0797_182,"[[11, 3, 12, 2], [13, 1, 14, 24], [15, 23, 16, 22], [17, 21, 18, 20], [19, 6, 20, 7], [21, 13, 22, 12], [23, 15, 24, 14], [1, 17, 2, 16], [3, 11, 4, 10], [5, 9, 6, 8], [7, 18, 8, 19], [9, 5, 10, 4]]"
12a_0797_183,"[[9, 5, 10, 4], [11, 3, 12, 2], [13, 1, 14, 24], [15, 23, 16, 22], [17, 21, 18, 20], [19, 6, 20, 7], [21, 13, 22, 12], [23, 15, 24, 14], [1, 17, 2, 16], [3, 11, 4, 10], [5, 9, 6, 8], [7, 18, 8, 19]]"
12a_0797_184,"[[7, 18, 8, 19], [9, 5, 10, 4], [11, 3, 12, 2], [13, 1, 14, 24], [15, 23, 16, 22], [17, 21, 18, 20], [19, 6, 20, 7], [21, 13, 22, 12], [23, 15, 24, 14], [1, 17, 2, 16], [3, 11, 4, 10], [5, 9, 6, 8]]"
12a_0797_185,"[[5, 9, 6, 8], [7, 18, 8, 19], [9, 5, 10, 4], [11, 3, 12, 2], [13, 1, 14, 24], [15, 23, 16, 22], [17, 21, 18, 20], [19, 6, 20, 7], [21, 13, 22, 12], [23, 15, 24, 14], [1, 17, 2, 16], [3, 11, 4, 10]]"
