name,pd_notation
12a_0610_0,"[[24, 16, 1, 15], [2, 6, 3, 5], [4, 14, 5, 13], [6, 18, 7, 17], [8, 24, 9, 23], [10, 22, 11, 21], [12, 4, 13, 3], [14, 20, 15, 19], [16, 8, 17, 7], [18, 2, 19, 1], [20, 12, 21, 11], [22, 10, 23, 9]]"
12a_0610_1,"[[22, 10, 23, 9], [24, 16, 1, 15], [2, 6, 3, 5], [4, 14, 5, 13], [6, 18, 7, 17], [8, 24, 9, 23], [10, 22, 11, 21], [12, 4, 13, 3], [14, 20, 15, 19], [16, 8, 17, 7], [18, 2, 19, 1], [20, 12, 21, 11]]"
12a_0610_2,"[[20, 12, 21, 11], [22, 10, 23, 9], [24, 16, 1, 15], [2, 6, 3, 5], [4, 14, 5, 13], [6, 18, 7, 17], [8, 24, 9, 23], [10, 22, 11, 21], [12, 4, 13, 3], [14, 20, 15, 19], [16, 8, 17, 7], [18, 2, 19, 1]]"
12a_0610_3,"[[18, 2, 19, 1], [20, 12, 21, 11], [22, 10, 23, 9], [24, 16, 1, 15], [2, 6, 3, 5], [4, 14, 5, 13], [6, 18, 7, 17], [8, 24, 9, 23], [10, 22, 11, 21], [12, 4, 13, 3], [14, 20, 15, 19], [16, 8, 17, 7]]"
12a_0610_4,"[[16, 8, 17, 7], [18, 2, 19, 1], [20, 12, 21, 11], [22, 10, 23, 9], [24, 16, 1, 15], [2, 6, 3, 5], [4, 14, 5, 13], [6, 18, 7, 17], [8, 24, 9, 23], [10, 22, 11, 21], [12, 4, 13, 3], [14, 20, 15, 19]]"
12a_0610_5,"[[14, 20, 15, 19], [16, 8, 17, 7], [18, 2, 19, 1], [20, 12, 21, 11], [22, 10, 23, 9], [24, 16, 1, 15], [2, 6, 3, 5], [4, 14, 5, 13], [6, 18, 7, 17], [8, 24, 9, 23], [10, 22, 11, 21], [12, 4, 13, 3]]"
12a_0610_6,"[[12, 4, 13, 3], [14, 20, 15, 19], [16, 8, 17, 7], [18, 2, 19, 1], [20, 12, 21, 11], [22, 10, 23, 9], [24, 16, 1, 15], [2, 6, 3, 5], [4, 14, 5, 13], [6, 18, 7, 17], [8, 24, 9, 23], [10, 22, 11, 21]]"
12a_0610_7,"[[10, 22, 11, 21], [12, 4, 13, 3], [14, 20, 15, 19], [16, 8, 17, 7], [18, 2, 19, 1], [20, 12, 21, 11], [22, 10, 23, 9], [24, 16, 1, 15], [2, 6, 3, 5], [4, 14, 5, 13], [6, 18, 7, 17], [8, 24, 9, 23]]"
12a_0610_8,"[[8, 24, 9, 23], [10, 22, 11, 21], [12, 4, 13, 3], [14, 20, 15, 19], [16, 8, 17, 7], [18, 2, 19, 1], [20, 12, 21, 11], [22, 10, 23, 9], [24, 16, 1, 15], [2, 6, 3, 5], [4, 14, 5, 13], [6, 18, 7, 17]]"
12a_0610_9,"[[6, 18, 7, 17], [8, 24, 9, 23], [10, 22, 11, 21], [12, 4, 13, 3], [14, 20, 15, 19], [16, 8, 17, 7], [18, 2, 19, 1], [20, 12, 21, 11], [22, 10, 23, 9], [24, 16, 1, 15], [2, 6, 3, 5], [4, 14, 5, 13]]"
12a_0610_10,"[[4, 14, 5, 13], [6, 18, 7, 17], [8, 24, 9, 23], [10, 22, 11, 21], [12, 4, 13, 3], [14, 20, 15, 19], [16, 8, 17, 7], [18, 2, 19, 1], [20, 12, 21, 11], [22, 10, 23, 9], [24, 16, 1, 15], [2, 6, 3, 5]]"
12a_0610_11,"[[2, 6, 3, 5], [4, 14, 5, 13], [6, 18, 7, 17], [8, 24, 9, 23], [10, 22, 11, 21], [12, 4, 13, 3], [14, 20, 15, 19], [16, 8, 17, 7], [18, 2, 19, 1], [20, 12, 21, 11], [22, 10, 23, 9], [24, 16, 1, 15]]"
12a_0610_12,"[[1, 17, 2, 16], [3, 7, 4, 6], [5, 15, 6, 14], [7, 19, 8, 18], [9, 1, 10, 24], [11, 23, 12, 22], [13, 5, 14, 4], [15, 21, 16, 20], [17, 9, 18, 8], [19, 3, 20, 2], [21, 13, 22, 12], [23, 11, 24, 10]]"
12a_0610_13,"[[23, 11, 24, 10], [1, 17, 2, 16], [3, 7, 4, 6], [5, 15, 6, 14], [7, 19, 8, 18], [9, 1, 10, 24], [11, 23, 12, 22], [13, 5, 14, 4], [15, 21, 16, 20], [17, 9, 18, 8], [19, 3, 20, 2], [21, 13, 22, 12]]"
12a_0610_14,"[[21, 13, 22, 12], [23, 11, 24, 10], [1, 17, 2, 16], [3, 7, 4, 6], [5, 15, 6, 14], [7, 19, 8, 18], [9, 1, 10, 24], [11, 23, 12, 22], [13, 5, 14, 4], [15, 21, 16, 20], [17, 9, 18, 8], [19, 3, 20, 2]]"
12a_0610_15,"[[19, 3, 20, 2], [21, 13, 22, 12], [23, 11, 24, 10], [1, 17, 2, 16], [3, 7, 4, 6], [5, 15, 6, 14], [7, 19, 8, 18], [9, 1, 10, 24], [11, 23, 12, 22], [13, 5, 14, 4], [15, 21, 16, 20], [17, 9, 18, 8]]"
12a_0610_16,"[[17, 9, 18, 8], [19, 3, 20, 2], [21, 13, 22, 12], [23, 11, 24, 10], [1, 17, 2, 16], [3, 7, 4, 6], [5, 15, 6, 14], [7, 19, 8, 18], [9, 1, 10, 24], [11, 23, 12, 22], [13, 5, 14, 4], [15, 21, 16, 20]]"
12a_0610_17,"[[15, 21, 16, 20], [17, 9, 18, 8], [19, 3, 20, 2], [21, 13, 22, 12], [23, 11, 24, 10], [1, 17, 2, 16], [3, 7, 4, 6], [5, 15, 6, 14], [7, 19, 8, 18], [9, 1, 10, 24], [11, 23, 12, 22], [13, 5, 14, 4]]"
12a_0610_18,"[[13, 5, 14, 4], [15, 21, 16, 20], [17, 9, 18, 8], [19, 3, 20, 2], [21, 13, 22, 12], [23, 11, 24, 10], [1, 17, 2, 16], [3, 7, 4, 6], [5, 15, 6, 14], [7, 19, 8, 18], [9, 1, 10, 24], [11, 23, 12, 22]]"
12a_0610_19,"[[11, 23, 12, 22], [13, 5, 14, 4], [15, 21, 16, 20], [17, 9, 18, 8], [19, 3, 20, 2], [21, 13, 22, 12], [23, 11, 24, 10], [1, 17, 2, 16], [3, 7, 4, 6], [5, 15, 6, 14], [7, 19, 8, 18], [9, 1, 10, 24]]"
12a_0610_20,"[[9, 1, 10, 24], [11, 23, 12, 22], [13, 5, 14, 4], [15, 21, 16, 20], [17, 9, 18, 8], [19, 3, 20, 2], [21, 13, 22, 12], [23, 11, 24, 10], [1, 17, 2, 16], [3, 7, 4, 6], [5, 15, 6, 14], [7, 19, 8, 18]]"
12a_0610_21,"[[7, 19, 8, 18], [9, 1, 10, 24], [11, 23, 12, 22], [13, 5, 14, 4], [15, 21, 16, 20], [17, 9, 18, 8], [19, 3, 20, 2], [21, 13, 22, 12], [23, 11, 24, 10], [1, 17, 2, 16], [3, 7, 4, 6], [5, 15, 6, 14]]"
12a_0610_22,"[[5, 15, 6, 14], [7, 19, 8, 18], [9, 1, 10, 24], [11, 23, 12, 22], [13, 5, 14, 4], [15, 21, 16, 20], [17, 9, 18, 8], [19, 3, 20, 2], [21, 13, 22, 12], [23, 11, 24, 10], [1, 17, 2, 16], [3, 7, 4, 6]]"
12a_0610_23,"[[3, 7, 4, 6], [5, 15, 6, 14], [7, 19, 8, 18], [9, 1, 10, 24], [11, 23, 12, 22], [13, 5, 14, 4], [15, 21, 16, 20], [17, 9, 18, 8], [19, 3, 20, 2], [21, 13, 22, 12], [23, 11, 24, 10], [1, 17, 2, 16]]"
12a_0610_24,"[[2, 18, 3, 17], [4, 8, 5, 7], [6, 16, 7, 15], [8, 20, 9, 19], [10, 2, 11, 1], [12, 24, 13, 23], [14, 6, 15, 5], [16, 22, 17, 21], [18, 10, 19, 9], [20, 4, 21, 3], [22, 14, 23, 13], [24, 12, 1, 11]]"
12a_0610_25,"[[24, 12, 1, 11], [2, 18, 3, 17], [4, 8, 5, 7], [6, 16, 7, 15], [8, 20, 9, 19], [10, 2, 11, 1], [12, 24, 13, 23], [14, 6, 15, 5], [16, 22, 17, 21], [18, 10, 19, 9], [20, 4, 21, 3], [22, 14, 23, 13]]"
12a_0610_26,"[[22, 14, 23, 13], [24, 12, 1, 11], [2, 18, 3, 17], [4, 8, 5, 7], [6, 16, 7, 15], [8, 20, 9, 19], [10, 2, 11, 1], [12, 24, 13, 23], [14, 6, 15, 5], [16, 22, 17, 21], [18, 10, 19, 9], [20, 4, 21, 3]]"
12a_0610_27,"[[20, 4, 21, 3], [22, 14, 23, 13], [24, 12, 1, 11], [2, 18, 3, 17], [4, 8, 5, 7], [6, 16, 7, 15], [8, 20, 9, 19], [10, 2, 11, 1], [12, 24, 13, 23], [14, 6, 15, 5], [16, 22, 17, 21], [18, 10, 19, 9]]"
12a_0610_28,"[[18, 10, 19, 9], [20, 4, 21, 3], [22, 14, 23, 13], [24, 12, 1, 11], [2, 18, 3, 17], [4, 8, 5, 7], [6, 16, 7, 15], [8, 20, 9, 19], [10, 2, 11, 1], [12, 24, 13, 23], [14, 6, 15, 5], [16, 22, 17, 21]]"
12a_0610_29,"[[16, 22, 17, 21], [18, 10, 19, 9], [20, 4, 21, 3], [22, 14, 23, 13], [24, 12, 1, 11], [2, 18, 3, 17], [4, 8, 5, 7], [6, 16, 7, 15], [8, 20, 9, 19], [10, 2, 11, 1], [12, 24, 13, 23], [14, 6, 15, 5]]"
12a_0610_30,"[[14, 6, 15, 5], [16, 22, 17, 21], [18, 10, 19, 9], [20, 4, 21, 3], [22, 14, 23, 13], [24, 12, 1, 11], [2, 18, 3, 17], [4, 8, 5, 7], [6, 16, 7, 15], [8, 20, 9, 19], [10, 2, 11, 1], [12, 24, 13, 23]]"
12a_0610_31,"[[12, 24, 13, 23], [14, 6, 15, 5], [16, 22, 17, 21], [18, 10, 19, 9], [20, 4, 21, 3], [22, 14, 23, 13], [24, 12, 1, 11], [2, 18, 3, 17], [4, 8, 5, 7], [6, 16, 7, 15], [8, 20, 9, 19], [10, 2, 11, 1]]"
12a_0610_32,"[[10, 2, 11, 1], [12, 24, 13, 23], [14, 6, 15, 5], [16, 22, 17, 21], [18, 10, 19, 9], [20, 4, 21, 3], [22, 14, 23, 13], [24, 12, 1, 11], [2, 18, 3, 17], [4, 8, 5, 7], [6, 16, 7, 15], [8, 20, 9, 19]]"
12a_0610_33,"[[8, 20, 9, 19], [10, 2, 11, 1], [12, 24, 13, 23], [14, 6, 15, 5], [16, 22, 17, 21], [18, 10, 19, 9], [20, 4, 21, 3], [22, 14, 23, 13], [24, 12, 1, 11], [2, 18, 3, 17], [4, 8, 5, 7], [6, 16, 7, 15]]"
12a_0610_34,"[[6, 16, 7, 15], [8, 20, 9, 19], [10, 2, 11, 1], [12, 24, 13, 23], [14, 6, 15, 5], [16, 22, 17, 21], [18, 10, 19, 9], [20, 4, 21, 3], [22, 14, 23, 13], [24, 12, 1, 11], [2, 18, 3, 17], [4, 8, 5, 7]]"
12a_0610_35,"[[4, 8, 5, 7], [6, 16, 7, 15], [8, 20, 9, 19], [10, 2, 11, 1], [12, 24, 13, 23], [14, 6, 15, 5], [16, 22, 17, 21], [18, 10, 19, 9], [20, 4, 21, 3], [22, 14, 23, 13], [24, 12, 1, 11], [2, 18, 3, 17]]"
12a_0610_36,"[[3, 19, 4, 18], [5, 9, 6, 8], [7, 17, 8, 16], [9, 21, 10, 20], [11, 3, 12, 2], [13, 1, 14, 24], [15, 7, 16, 6], [17, 23, 18, 22], [19, 11, 20, 10], [21, 5, 22, 4], [23, 15, 24, 14], [1, 13, 2, 12]]"
12a_0610_37,"[[1, 13, 2, 12], [3, 19, 4, 18], [5, 9, 6, 8], [7, 17, 8, 16], [9, 21, 10, 20], [11, 3, 12, 2], [13, 1, 14, 24], [15, 7, 16, 6], [17, 23, 18, 22], [19, 11, 20, 10], [21, 5, 22, 4], [23, 15, 24, 14]]"
12a_0610_38,"[[23, 15, 24, 14], [1, 13, 2, 12], [3, 19, 4, 18], [5, 9, 6, 8], [7, 17, 8, 16], [9, 21, 10, 20], [11, 3, 12, 2], [13, 1, 14, 24], [15, 7, 16, 6], [17, 23, 18, 22], [19, 11, 20, 10], [21, 5, 22, 4]]"
12a_0610_39,"[[21, 5, 22, 4], [23, 15, 24, 14], [1, 13, 2, 12], [3, 19, 4, 18], [5, 9, 6, 8], [7, 17, 8, 16], [9, 21, 10, 20], [11, 3, 12, 2], [13, 1, 14, 24], [15, 7, 16, 6], [17, 23, 18, 22], [19, 11, 20, 10]]"
12a_0610_40,"[[19, 11, 20, 10], [21, 5, 22, 4], [23, 15, 24, 14], [1, 13, 2, 12], [3, 19, 4, 18], [5, 9, 6, 8], [7, 17, 8, 16], [9, 21, 10, 20], [11, 3, 12, 2], [13, 1, 14, 24], [15, 7, 16, 6], [17, 23, 18, 22]]"
12a_0610_41,"[[17, 23, 18, 22], [19, 11, 20, 10], [21, 5, 22, 4], [23, 15, 24, 14], [1, 13, 2, 12], [3, 19, 4, 18], [5, 9, 6, 8], [7, 17, 8, 16], [9, 21, 10, 20], [11, 3, 12, 2], [13, 1, 14, 24], [15, 7, 16, 6]]"
12a_0610_42,"[[15, 7, 16, 6], [17, 23, 18, 22], [19, 11, 20, 10], [21, 5, 22, 4], [23, 15, 24, 14], [1, 13, 2, 12], [3, 19, 4, 18], [5, 9, 6, 8], [7, 17, 8, 16], [9, 21, 10, 20], [11, 3, 12, 2], [13, 1, 14, 24]]"
12a_0610_43,"[[13, 1, 14, 24], [15, 7, 16, 6], [17, 23, 18, 22], [19, 11, 20, 10], [21, 5, 22, 4], [23, 15, 24, 14], [1, 13, 2, 12], [3, 19, 4, 18], [5, 9, 6, 8], [7, 17, 8, 16], [9, 21, 10, 20], [11, 3, 12, 2]]"
12a_0610_44,"[[11, 3, 12, 2], [13, 1, 14, 24], [15, 7, 16, 6], [17, 23, 18, 22], [19, 11, 20, 10], [21, 5, 22, 4], [23, 15, 24, 14], [1, 13, 2, 12], [3, 19, 4, 18], [5, 9, 6, 8], [7, 17, 8, 16], [9, 21, 10, 20]]"
12a_0610_45,"[[9, 21, 10, 20], [11, 3, 12, 2], [13, 1, 14, 24], [15, 7, 16, 6], [17, 23, 18, 22], [19, 11, 20, 10], [21, 5, 22, 4], [23, 15, 24, 14], [1, 13, 2, 12], [3, 19, 4, 18], [5, 9, 6, 8], [7, 17, 8, 16]]"
12a_0610_46,"[[7, 17, 8, 16], [9, 21, 10, 20], [11, 3, 12, 2], [13, 1, 14, 24], [15, 7, 16, 6], [17, 23, 18, 22], [19, 11, 20, 10], [21, 5, 22, 4], [23, 15, 24, 14], [1, 13, 2, 12], [3, 19, 4, 18], [5, 9, 6, 8]]"
12a_0610_47,"[[5, 9, 6, 8], [7, 17, 8, 16], [9, 21, 10, 20], [11, 3, 12, 2], [13, 1, 14, 24], [15, 7, 16, 6], [17, 23, 18, 22], [19, 11, 20, 10], [21, 5, 22, 4], [23, 15, 24, 14], [1, 13, 2, 12], [3, 19, 4, 18]]"
12a_0610_48,"[[4, 20, 5, 19], [6, 10, 7, 9], [8, 18, 9, 17], [10, 22, 11, 21], [12, 4, 13, 3], [14, 2, 15, 1], [16, 8, 17, 7], [18, 24, 19, 23], [20, 12, 21, 11], [22, 6, 23, 5], [24, 16, 1, 15], [2, 14, 3, 13]]"
12a_0610_49,"[[2, 14, 3, 13], [4, 20, 5, 19], [6, 10, 7, 9], [8, 18, 9, 17], [10, 22, 11, 21], [12, 4, 13, 3], [14, 2, 15, 1], [16, 8, 17, 7], [18, 24, 19, 23], [20, 12, 21, 11], [22, 6, 23, 5], [24, 16, 1, 15]]"
12a_0610_50,"[[24, 16, 1, 15], [2, 14, 3, 13], [4, 20, 5, 19], [6, 10, 7, 9], [8, 18, 9, 17], [10, 22, 11, 21], [12, 4, 13, 3], [14, 2, 15, 1], [16, 8, 17, 7], [18, 24, 19, 23], [20, 12, 21, 11], [22, 6, 23, 5]]"
12a_0610_51,"[[22, 6, 23, 5], [24, 16, 1, 15], [2, 14, 3, 13], [4, 20, 5, 19], [6, 10, 7, 9], [8, 18, 9, 17], [10, 22, 11, 21], [12, 4, 13, 3], [14, 2, 15, 1], [16, 8, 17, 7], [18, 24, 19, 23], [20, 12, 21, 11]]"
12a_0610_52,"[[20, 12, 21, 11], [22, 6, 23, 5], [24, 16, 1, 15], [2, 14, 3, 13], [4, 20, 5, 19], [6, 10, 7, 9], [8, 18, 9, 17], [10, 22, 11, 21], [12, 4, 13, 3], [14, 2, 15, 1], [16, 8, 17, 7], [18, 24, 19, 23]]"
12a_0610_53,"[[18, 24, 19, 23], [20, 12, 21, 11], [22, 6, 23, 5], [24, 16, 1, 15], [2, 14, 3, 13], [4, 20, 5, 19], [6, 10, 7, 9], [8, 18, 9, 17], [10, 22, 11, 21], [12, 4, 13, 3], [14, 2, 15, 1], [16, 8, 17, 7]]"
12a_0610_54,"[[16, 8, 17, 7], [18, 24, 19, 23], [20, 12, 21, 11], [22, 6, 23, 5], [24, 16, 1, 15], [2, 14, 3, 13], [4, 20, 5, 19], [6, 10, 7, 9], [8, 18, 9, 17], [10, 22, 11, 21], [12, 4, 13, 3], [14, 2, 15, 1]]"
12a_0610_55,"[[14, 2, 15, 1], [16, 8, 17, 7], [18, 24, 19, 23], [20, 12, 21, 11], [22, 6, 23, 5], [24, 16, 1, 15], [2, 14, 3, 13], [4, 20, 5, 19], [6, 10, 7, 9], [8, 18, 9, 17], [10, 22, 11, 21], [12, 4, 13, 3]]"
12a_0610_56,"[[12, 4, 13, 3], [14, 2, 15, 1], [16, 8, 17, 7], [18, 24, 19, 23], [20, 12, 21, 11], [22, 6, 23, 5], [24, 16, 1, 15], [2, 14, 3, 13], [4, 20, 5, 19], [6, 10, 7, 9], [8, 18, 9, 17], [10, 22, 11, 21]]"
12a_0610_57,"[[10, 22, 11, 21], [12, 4, 13, 3], [14, 2, 15, 1], [16, 8, 17, 7], [18, 24, 19, 23], [20, 12, 21, 11], [22, 6, 23, 5], [24, 16, 1, 15], [2, 14, 3, 13], [4, 20, 5, 19], [6, 10, 7, 9], [8, 18, 9, 17]]"
12a_0610_58,"[[8, 18, 9, 17], [10, 22, 11, 21], [12, 4, 13, 3], [14, 2, 15, 1], [16, 8, 17, 7], [18, 24, 19, 23], [20, 12, 21, 11], [22, 6, 23, 5], [24, 16, 1, 15], [2, 14, 3, 13], [4, 20, 5, 19], [6, 10, 7, 9]]"
12a_0610_59,"[[6, 10, 7, 9], [8, 18, 9, 17], [10, 22, 11, 21], [12, 4, 13, 3], [14, 2, 15, 1], [16, 8, 17, 7], [18, 24, 19, 23], [20, 12, 21, 11], [22, 6, 23, 5], [24, 16, 1, 15], [2, 14, 3, 13], [4, 20, 5, 19]]"
12a_0610_60,"[[5, 21, 6, 20], [7, 11, 8, 10], [9, 19, 10, 18], [11, 23, 12, 22], [13, 5, 14, 4], [15, 3, 16, 2], [17, 9, 18, 8], [19, 1, 20, 24], [21, 13, 22, 12], [23, 7, 24, 6], [1, 17, 2, 16], [3, 15, 4, 14]]"
12a_0610_61,"[[3, 15, 4, 14], [5, 21, 6, 20], [7, 11, 8, 10], [9, 19, 10, 18], [11, 23, 12, 22], [13, 5, 14, 4], [15, 3, 16, 2], [17, 9, 18, 8], [19, 1, 20, 24], [21, 13, 22, 12], [23, 7, 24, 6], [1, 17, 2, 16]]"
12a_0610_62,"[[1, 17, 2, 16], [3, 15, 4, 14], [5, 21, 6, 20], [7, 11, 8, 10], [9, 19, 10, 18], [11, 23, 12, 22], [13, 5, 14, 4], [15, 3, 16, 2], [17, 9, 18, 8], [19, 1, 20, 24], [21, 13, 22, 12], [23, 7, 24, 6]]"
12a_0610_63,"[[23, 7, 24, 6], [1, 17, 2, 16], [3, 15, 4, 14], [5, 21, 6, 20], [7, 11, 8, 10], [9, 19, 10, 18], [11, 23, 12, 22], [13, 5, 14, 4], [15, 3, 16, 2], [17, 9, 18, 8], [19, 1, 20, 24], [21, 13, 22, 12]]"
12a_0610_64,"[[21, 13, 22, 12], [23, 7, 24, 6], [1, 17, 2, 16], [3, 15, 4, 14], [5, 21, 6, 20], [7, 11, 8, 10], [9, 19, 10, 18], [11, 23, 12, 22], [13, 5, 14, 4], [15, 3, 16, 2], [17, 9, 18, 8], [19, 1, 20, 24]]"
12a_0610_65,"[[19, 1, 20, 24], [21, 13, 22, 12], [23, 7, 24, 6], [1, 17, 2, 16], [3, 15, 4, 14], [5, 21, 6, 20], [7, 11, 8, 10], [9, 19, 10, 18], [11, 23, 12, 22], [13, 5, 14, 4], [15, 3, 16, 2], [17, 9, 18, 8]]"
12a_0610_66,"[[17, 9, 18, 8], [19, 1, 20, 24], [21, 13, 22, 12], [23, 7, 24, 6], [1, 17, 2, 16], [3, 15, 4, 14], [5, 21, 6, 20], [7, 11, 8, 10], [9, 19, 10, 18], [11, 23, 12, 22], [13, 5, 14, 4], [15, 3, 16, 2]]"
12a_0610_67,"[[15, 3, 16, 2], [17, 9, 18, 8], [19, 1, 20, 24], [21, 13, 22, 12], [23, 7, 24, 6], [1, 17, 2, 16], [3, 15, 4, 14], [5, 21, 6, 20], [7, 11, 8, 10], [9, 19, 10, 18], [11, 23, 12, 22], [13, 5, 14, 4]]"
12a_0610_68,"[[13, 5, 14, 4], [15, 3, 16, 2], [17, 9, 18, 8], [19, 1, 20, 24], [21, 13, 22, 12], [23, 7, 24, 6], [1, 17, 2, 16], [3, 15, 4, 14], [5, 21, 6, 20], [7, 11, 8, 10], [9, 19, 10, 18], [11, 23, 12, 22]]"
12a_0610_69,"[[11, 23, 12, 22], [13, 5, 14, 4], [15, 3, 16, 2], [17, 9, 18, 8], [19, 1, 20, 24], [21, 13, 22, 12], [23, 7, 24, 6], [1, 17, 2, 16], [3, 15, 4, 14], [5, 21, 6, 20], [7, 11, 8, 10], [9, 19, 10, 18]]"
12a_0610_70,"[[9, 19, 10, 18], [11, 23, 12, 22], [13, 5, 14, 4], [15, 3, 16, 2], [17, 9, 18, 8], [19, 1, 20, 24], [21, 13, 22, 12], [23, 7, 24, 6], [1, 17, 2, 16], [3, 15, 4, 14], [5, 21, 6, 20], [7, 11, 8, 10]]"
12a_0610_71,"[[7, 11, 8, 10], [9, 19, 10, 18], [11, 23, 12, 22], [13, 5, 14, 4], [15, 3, 16, 2], [17, 9, 18, 8], [19, 1, 20, 24], [21, 13, 22, 12], [23, 7, 24, 6], [1, 17, 2, 16], [3, 15, 4, 14], [5, 21, 6, 20]]"
12a_0610_72,"[[6, 22, 7, 21], [8, 12, 9, 11], [10, 20, 11, 19], [12, 24, 13, 23], [14, 6, 15, 5], [16, 4, 17, 3], [18, 10, 19, 9], [20, 2, 21, 1], [22, 14, 23, 13], [24, 8, 1, 7], [2, 18, 3, 17], [4, 16, 5, 15]]"
12a_0610_73,"[[4, 16, 5, 15], [6, 22, 7, 21], [8, 12, 9, 11], [10, 20, 11, 19], [12, 24, 13, 23], [14, 6, 15, 5], [16, 4, 17, 3], [18, 10, 19, 9], [20, 2, 21, 1], [22, 14, 23, 13], [24, 8, 1, 7], [2, 18, 3, 17]]"
12a_0610_74,"[[2, 18, 3, 17], [4, 16, 5, 15], [6, 22, 7, 21], [8, 12, 9, 11], [10, 20, 11, 19], [12, 24, 13, 23], [14, 6, 15, 5], [16, 4, 17, 3], [18, 10, 19, 9], [20, 2, 21, 1], [22, 14, 23, 13], [24, 8, 1, 7]]"
12a_0610_75,"[[24, 8, 1, 7], [2, 18, 3, 17], [4, 16, 5, 15], [6, 22, 7, 21], [8, 12, 9, 11], [10, 20, 11, 19], [12, 24, 13, 23], [14, 6, 15, 5], [16, 4, 17, 3], [18, 10, 19, 9], [20, 2, 21, 1], [22, 14, 23, 13]]"
12a_0610_76,"[[22, 14, 23, 13], [24, 8, 1, 7], [2, 18, 3, 17], [4, 16, 5, 15], [6, 22, 7, 21], [8, 12, 9, 11], [10, 20, 11, 19], [12, 24, 13, 23], [14, 6, 15, 5], [16, 4, 17, 3], [18, 10, 19, 9], [20, 2, 21, 1]]"
12a_0610_77,"[[20, 2, 21, 1], [22, 14, 23, 13], [24, 8, 1, 7], [2, 18, 3, 17], [4, 16, 5, 15], [6, 22, 7, 21], [8, 12, 9, 11], [10, 20, 11, 19], [12, 24, 13, 23], [14, 6, 15, 5], [16, 4, 17, 3], [18, 10, 19, 9]]"
12a_0610_78,"[[18, 10, 19, 9], [20, 2, 21, 1], [22, 14, 23, 13], [24, 8, 1, 7], [2, 18, 3, 17], [4, 16, 5, 15], [6, 22, 7, 21], [8, 12, 9, 11], [10, 20, 11, 19], [12, 24, 13, 23], [14, 6, 15, 5], [16, 4, 17, 3]]"
12a_0610_79,"[[16, 4, 17, 3], [18, 10, 19, 9], [20, 2, 21, 1], [22, 14, 23, 13], [24, 8, 1, 7], [2, 18, 3, 17], [4, 16, 5, 15], [6, 22, 7, 21], [8, 12, 9, 11], [10, 20, 11, 19], [12, 24, 13, 23], [14, 6, 15, 5]]"
12a_0610_80,"[[14, 6, 15, 5], [16, 4, 17, 3], [18, 10, 19, 9], [20, 2, 21, 1], [22, 14, 23, 13], [24, 8, 1, 7], [2, 18, 3, 17], [4, 16, 5, 15], [6, 22, 7, 21], [8, 12, 9, 11], [10, 20, 11, 19], [12, 24, 13, 23]]"
12a_0610_81,"[[12, 24, 13, 23], [14, 6, 15, 5], [16, 4, 17, 3], [18, 10, 19, 9], [20, 2, 21, 1], [22, 14, 23, 13], [24, 8, 1, 7], [2, 18, 3, 17], [4, 16, 5, 15], [6, 22, 7, 21], [8, 12, 9, 11], [10, 20, 11, 19]]"
12a_0610_82,"[[10, 20, 11, 19], [12, 24, 13, 23], [14, 6, 15, 5], [16, 4, 17, 3], [18, 10, 19, 9], [20, 2, 21, 1], [22, 14, 23, 13], [24, 8, 1, 7], [2, 18, 3, 17], [4, 16, 5, 15], [6, 22, 7, 21], [8, 12, 9, 11]]"
12a_0610_83,"[[8, 12, 9, 11], [10, 20, 11, 19], [12, 24, 13, 23], [14, 6, 15, 5], [16, 4, 17, 3], [18, 10, 19, 9], [20, 2, 21, 1], [22, 14, 23, 13], [24, 8, 1, 7], [2, 18, 3, 17], [4, 16, 5, 15], [6, 22, 7, 21]]"
12a_0610_84,"[[7, 23, 8, 22], [9, 13, 10, 12], [11, 21, 12, 20], [13, 1, 14, 24], [15, 7, 16, 6], [17, 5, 18, 4], [19, 11, 20, 10], [21, 3, 22, 2], [23, 15, 24, 14], [1, 9, 2, 8], [3, 19, 4, 18], [5, 17, 6, 16]]"
12a_0610_85,"[[5, 17, 6, 16], [7, 23, 8, 22], [9, 13, 10, 12], [11, 21, 12, 20], [13, 1, 14, 24], [15, 7, 16, 6], [17, 5, 18, 4], [19, 11, 20, 10], [21, 3, 22, 2], [23, 15, 24, 14], [1, 9, 2, 8], [3, 19, 4, 18]]"
12a_0610_86,"[[3, 19, 4, 18], [5, 17, 6, 16], [7, 23, 8, 22], [9, 13, 10, 12], [11, 21, 12, 20], [13, 1, 14, 24], [15, 7, 16, 6], [17, 5, 18, 4], [19, 11, 20, 10], [21, 3, 22, 2], [23, 15, 24, 14], [1, 9, 2, 8]]"
12a_0610_87,"[[1, 9, 2, 8], [3, 19, 4, 18], [5, 17, 6, 16], [7, 23, 8, 22], [9, 13, 10, 12], [11, 21, 12, 20], [13, 1, 14, 24], [15, 7, 16, 6], [17, 5, 18, 4], [19, 11, 20, 10], [21, 3, 22, 2], [23, 15, 24, 14]]"
12a_0610_88,"[[23, 15, 24, 14], [1, 9, 2, 8], [3, 19, 4, 18], [5, 17, 6, 16], [7, 23, 8, 22], [9, 13, 10, 12], [11, 21, 12, 20], [13, 1, 14, 24], [15, 7, 16, 6], [17, 5, 18, 4], [19, 11, 20, 10], [21, 3, 22, 2]]"
12a_0610_89,"[[21, 3, 22, 2], [23, 15, 24, 14], [1, 9, 2, 8], [3, 19, 4, 18], [5, 17, 6, 16], [7, 23, 8, 22], [9, 13, 10, 12], [11, 21, 12, 20], [13, 1, 14, 24], [15, 7, 16, 6], [17, 5, 18, 4], [19, 11, 20, 10]]"
12a_0610_90,"[[19, 11, 20, 10], [21, 3, 22, 2], [23, 15, 24, 14], [1, 9, 2, 8], [3, 19, 4, 18], [5, 17, 6, 16], [7, 23, 8, 22], [9, 13, 10, 12], [11, 21, 12, 20], [13, 1, 14, 24], [15, 7, 16, 6], [17, 5, 18, 4]]"
12a_0610_91,"[[17, 5, 18, 4], [19, 11, 20, 10], [21, 3, 22, 2], [23, 15, 24, 14], [1, 9, 2, 8], [3, 19, 4, 18], [5, 17, 6, 16], [7, 23, 8, 22], [9, 13, 10, 12], [11, 21, 12, 20], [13, 1, 14, 24], [15, 7, 16, 6]]"
12a_0610_92,"[[15, 7, 16, 6], [17, 5, 18, 4], [19, 11, 20, 10], [21, 3, 22, 2], [23, 15, 24, 14], [1, 9, 2, 8], [3, 19, 4, 18], [5, 17, 6, 16], [7, 23, 8, 22], [9, 13, 10, 12], [11, 21, 12, 20], [13, 1, 14, 24]]"
12a_0610_93,"[[13, 1, 14, 24], [15, 7, 16, 6], [17, 5, 18, 4], [19, 11, 20, 10], [21, 3, 22, 2], [23, 15, 24, 14], [1, 9, 2, 8], [3, 19, 4, 18], [5, 17, 6, 16], [7, 23, 8, 22], [9, 13, 10, 12], [11, 21, 12, 20]]"
12a_0610_94,"[[11, 21, 12, 20], [13, 1, 14, 24], [15, 7, 16, 6], [17, 5, 18, 4], [19, 11, 20, 10], [21, 3, 22, 2], [23, 15, 24, 14], [1, 9, 2, 8], [3, 19, 4, 18], [5, 17, 6, 16], [7, 23, 8, 22], [9, 13, 10, 12]]"
12a_0610_95,"[[9, 13, 10, 12], [11, 21, 12, 20], [13, 1, 14, 24], [15, 7, 16, 6], [17, 5, 18, 4], [19, 11, 20, 10], [21, 3, 22, 2], [23, 15, 24, 14], [1, 9, 2, 8], [3, 19, 4, 18], [5, 17, 6, 16], [7, 23, 8, 22]]"
12a_0610_96,"[[8, 24, 9, 23], [10, 14, 11, 13], [12, 22, 13, 21], [14, 2, 15, 1], [16, 8, 17, 7], [18, 6, 19, 5], [20, 12, 21, 11], [22, 4, 23, 3], [24, 16, 1, 15], [2, 10, 3, 9], [4, 20, 5, 19], [6, 18, 7, 17]]"
12a_0610_97,"[[6, 18, 7, 17], [8, 24, 9, 23], [10, 14, 11, 13], [12, 22, 13, 21], [14, 2, 15, 1], [16, 8, 17, 7], [18, 6, 19, 5], [20, 12, 21, 11], [22, 4, 23, 3], [24, 16, 1, 15], [2, 10, 3, 9], [4, 20, 5, 19]]"
12a_0610_98,"[[4, 20, 5, 19], [6, 18, 7, 17], [8, 24, 9, 23], [10, 14, 11, 13], [12, 22, 13, 21], [14, 2, 15, 1], [16, 8, 17, 7], [18, 6, 19, 5], [20, 12, 21, 11], [22, 4, 23, 3], [24, 16, 1, 15], [2, 10, 3, 9]]"
12a_0610_99,"[[2, 10, 3, 9], [4, 20, 5, 19], [6, 18, 7, 17], [8, 24, 9, 23], [10, 14, 11, 13], [12, 22, 13, 21], [14, 2, 15, 1], [16, 8, 17, 7], [18, 6, 19, 5], [20, 12, 21, 11], [22, 4, 23, 3], [24, 16, 1, 15]]"
12a_0610_100,"[[24, 16, 1, 15], [2, 10, 3, 9], [4, 20, 5, 19], [6, 18, 7, 17], [8, 24, 9, 23], [10, 14, 11, 13], [12, 22, 13, 21], [14, 2, 15, 1], [16, 8, 17, 7], [18, 6, 19, 5], [20, 12, 21, 11], [22, 4, 23, 3]]"
12a_0610_101,"[[22, 4, 23, 3], [24, 16, 1, 15], [2, 10, 3, 9], [4, 20, 5, 19], [6, 18, 7, 17], [8, 24, 9, 23], [10, 14, 11, 13], [12, 22, 13, 21], [14, 2, 15, 1], [16, 8, 17, 7], [18, 6, 19, 5], [20, 12, 21, 11]]"
12a_0610_102,"[[20, 12, 21, 11], [22, 4, 23, 3], [24, 16, 1, 15], [2, 10, 3, 9], [4, 20, 5, 19], [6, 18, 7, 17], [8, 24, 9, 23], [10, 14, 11, 13], [12, 22, 13, 21], [14, 2, 15, 1], [16, 8, 17, 7], [18, 6, 19, 5]]"
12a_0610_103,"[[18, 6, 19, 5], [20, 12, 21, 11], [22, 4, 23, 3], [24, 16, 1, 15], [2, 10, 3, 9], [4, 20, 5, 19], [6, 18, 7, 17], [8, 24, 9, 23], [10, 14, 11, 13], [12, 22, 13, 21], [14, 2, 15, 1], [16, 8, 17, 7]]"
12a_0610_104,"[[16, 8, 17, 7], [18, 6, 19, 5], [20, 12, 21, 11], [22, 4, 23, 3], [24, 16, 1, 15], [2, 10, 3, 9], [4, 20, 5, 19], [6, 18, 7, 17], [8, 24, 9, 23], [10, 14, 11, 13], [12, 22, 13, 21], [14, 2, 15, 1]]"
12a_0610_105,"[[14, 2, 15, 1], [16, 8, 17, 7], [18, 6, 19, 5], [20, 12, 21, 11], [22, 4, 23, 3], [24, 16, 1, 15], [2, 10, 3, 9], [4, 20, 5, 19], [6, 18, 7, 17], [8, 24, 9, 23], [10, 14, 11, 13], [12, 22, 13, 21]]"
12a_0610_106,"[[12, 22, 13, 21], [14, 2, 15, 1], [16, 8, 17, 7], [18, 6, 19, 5], [20, 12, 21, 11], [22, 4, 23, 3], [24, 16, 1, 15], [2, 10, 3, 9], [4, 20, 5, 19], [6, 18, 7, 17], [8, 24, 9, 23], [10, 14, 11, 13]]"
12a_0610_107,"[[10, 14, 11, 13], [12, 22, 13, 21], [14, 2, 15, 1], [16, 8, 17, 7], [18, 6, 19, 5], [20, 12, 21, 11], [22, 4, 23, 3], [24, 16, 1, 15], [2, 10, 3, 9], [4, 20, 5, 19], [6, 18, 7, 17], [8, 24, 9, 23]]"
12a_0610_108,"[[9, 1, 10, 24], [11, 15, 12, 14], [13, 23, 14, 22], [15, 3, 16, 2], [17, 9, 18, 8], [19, 7, 20, 6], [21, 13, 22, 12], [23, 5, 24, 4], [1, 17, 2, 16], [3, 11, 4, 10], [5, 21, 6, 20], [7, 19, 8, 18]]"
12a_0610_109,"[[7, 19, 8, 18], [9, 1, 10, 24], [11, 15, 12, 14], [13, 23, 14, 22], [15, 3, 16, 2], [17, 9, 18, 8], [19, 7, 20, 6], [21, 13, 22, 12], [23, 5, 24, 4], [1, 17, 2, 16], [3, 11, 4, 10], [5, 21, 6, 20]]"
12a_0610_110,"[[5, 21, 6, 20], [7, 19, 8, 18], [9, 1, 10, 24], [11, 15, 12, 14], [13, 23, 14, 22], [15, 3, 16, 2], [17, 9, 18, 8], [19, 7, 20, 6], [21, 13, 22, 12], [23, 5, 24, 4], [1, 17, 2, 16], [3, 11, 4, 10]]"
12a_0610_111,"[[3, 11, 4, 10], [5, 21, 6, 20], [7, 19, 8, 18], [9, 1, 10, 24], [11, 15, 12, 14], [13, 23, 14, 22], [15, 3, 16, 2], [17, 9, 18, 8], [19, 7, 20, 6], [21, 13, 22, 12], [23, 5, 24, 4], [1, 17, 2, 16]]"
12a_0610_112,"[[1, 17, 2, 16], [3, 11, 4, 10], [5, 21, 6, 20], [7, 19, 8, 18], [9, 1, 10, 24], [11, 15, 12, 14], [13, 23, 14, 22], [15, 3, 16, 2], [17, 9, 18, 8], [19, 7, 20, 6], [21, 13, 22, 12], [23, 5, 24, 4]]"
12a_0610_113,"[[23, 5, 24, 4], [1, 17, 2, 16], [3, 11, 4, 10], [5, 21, 6, 20], [7, 19, 8, 18], [9, 1, 10, 24], [11, 15, 12, 14], [13, 23, 14, 22], [15, 3, 16, 2], [17, 9, 18, 8], [19, 7, 20, 6], [21, 13, 22, 12]]"
12a_0610_114,"[[21, 13, 22, 12], [23, 5, 24, 4], [1, 17, 2, 16], [3, 11, 4, 10], [5, 21, 6, 20], [7, 19, 8, 18], [9, 1, 10, 24], [11, 15, 12, 14], [13, 23, 14, 22], [15, 3, 16, 2], [17, 9, 18, 8], [19, 7, 20, 6]]"
12a_0610_115,"[[19, 7, 20, 6], [21, 13, 22, 12], [23, 5, 24, 4], [1, 17, 2, 16], [3, 11, 4, 10], [5, 21, 6, 20], [7, 19, 8, 18], [9, 1, 10, 24], [11, 15, 12, 14], [13, 23, 14, 22], [15, 3, 16, 2], [17, 9, 18, 8]]"
12a_0610_116,"[[17, 9, 18, 8], [19, 7, 20, 6], [21, 13, 22, 12], [23, 5, 24, 4], [1, 17, 2, 16], [3, 11, 4, 10], [5, 21, 6, 20], [7, 19, 8, 18], [9, 1, 10, 24], [11, 15, 12, 14], [13, 23, 14, 22], [15, 3, 16, 2]]"
12a_0610_117,"[[15, 3, 16, 2], [17, 9, 18, 8], [19, 7, 20, 6], [21, 13, 22, 12], [23, 5, 24, 4], [1, 17, 2, 16], [3, 11, 4, 10], [5, 21, 6, 20], [7, 19, 8, 18], [9, 1, 10, 24], [11, 15, 12, 14], [13, 23, 14, 22]]"
12a_0610_118,"[[13, 23, 14, 22], [15, 3, 16, 2], [17, 9, 18, 8], [19, 7, 20, 6], [21, 13, 22, 12], [23, 5, 24, 4], [1, 17, 2, 16], [3, 11, 4, 10], [5, 21, 6, 20], [7, 19, 8, 18], [9, 1, 10, 24], [11, 15, 12, 14]]"
12a_0610_119,"[[11, 15, 12, 14], [13, 23, 14, 22], [15, 3, 16, 2], [17, 9, 18, 8], [19, 7, 20, 6], [21, 13, 22, 12], [23, 5, 24, 4], [1, 17, 2, 16], [3, 11, 4, 10], [5, 21, 6, 20], [7, 19, 8, 18], [9, 1, 10, 24]]"
12a_0610_120,"[[10, 2, 11, 1], [12, 16, 13, 15], [14, 24, 15, 23], [16, 4, 17, 3], [18, 10, 19, 9], [20, 8, 21, 7], [22, 14, 23, 13], [24, 6, 1, 5], [2, 18, 3, 17], [4, 12, 5, 11], [6, 22, 7, 21], [8, 20, 9, 19]]"
12a_0610_121,"[[8, 20, 9, 19], [10, 2, 11, 1], [12, 16, 13, 15], [14, 24, 15, 23], [16, 4, 17, 3], [18, 10, 19, 9], [20, 8, 21, 7], [22, 14, 23, 13], [24, 6, 1, 5], [2, 18, 3, 17], [4, 12, 5, 11], [6, 22, 7, 21]]"
12a_0610_122,"[[6, 22, 7, 21], [8, 20, 9, 19], [10, 2, 11, 1], [12, 16, 13, 15], [14, 24, 15, 23], [16, 4, 17, 3], [18, 10, 19, 9], [20, 8, 21, 7], [22, 14, 23, 13], [24, 6, 1, 5], [2, 18, 3, 17], [4, 12, 5, 11]]"
12a_0610_123,"[[4, 12, 5, 11], [6, 22, 7, 21], [8, 20, 9, 19], [10, 2, 11, 1], [12, 16, 13, 15], [14, 24, 15, 23], [16, 4, 17, 3], [18, 10, 19, 9], [20, 8, 21, 7], [22, 14, 23, 13], [24, 6, 1, 5], [2, 18, 3, 17]]"
12a_0610_124,"[[2, 18, 3, 17], [4, 12, 5, 11], [6, 22, 7, 21], [8, 20, 9, 19], [10, 2, 11, 1], [12, 16, 13, 15], [14, 24, 15, 23], [16, 4, 17, 3], [18, 10, 19, 9], [20, 8, 21, 7], [22, 14, 23, 13], [24, 6, 1, 5]]"
12a_0610_125,"[[24, 6, 1, 5], [2, 18, 3, 17], [4, 12, 5, 11], [6, 22, 7, 21], [8, 20, 9, 19], [10, 2, 11, 1], [12, 16, 13, 15], [14, 24, 15, 23], [16, 4, 17, 3], [18, 10, 19, 9], [20, 8, 21, 7], [22, 14, 23, 13]]"
12a_0610_126,"[[22, 14, 23, 13], [24, 6, 1, 5], [2, 18, 3, 17], [4, 12, 5, 11], [6, 22, 7, 21], [8, 20, 9, 19], [10, 2, 11, 1], [12, 16, 13, 15], [14, 24, 15, 23], [16, 4, 17, 3], [18, 10, 19, 9], [20, 8, 21, 7]]"
12a_0610_127,"[[20, 8, 21, 7], [22, 14, 23, 13], [24, 6, 1, 5], [2, 18, 3, 17], [4, 12, 5, 11], [6, 22, 7, 21], [8, 20, 9, 19], [10, 2, 11, 1], [12, 16, 13, 15], [14, 24, 15, 23], [16, 4, 17, 3], [18, 10, 19, 9]]"
12a_0610_128,"[[18, 10, 19, 9], [20, 8, 21, 7], [22, 14, 23, 13], [24, 6, 1, 5], [2, 18, 3, 17], [4, 12, 5, 11], [6, 22, 7, 21], [8, 20, 9, 19], [10, 2, 11, 1], [12, 16, 13, 15], [14, 24, 15, 23], [16, 4, 17, 3]]"
12a_0610_129,"[[16, 4, 17, 3], [18, 10, 19, 9], [20, 8, 21, 7], [22, 14, 23, 13], [24, 6, 1, 5], [2, 18, 3, 17], [4, 12, 5, 11], [6, 22, 7, 21], [8, 20, 9, 19], [10, 2, 11, 1], [12, 16, 13, 15], [14, 24, 15, 23]]"
12a_0610_130,"[[14, 24, 15, 23], [16, 4, 17, 3], [18, 10, 19, 9], [20, 8, 21, 7], [22, 14, 23, 13], [24, 6, 1, 5], [2, 18, 3, 17], [4, 12, 5, 11], [6, 22, 7, 21], [8, 20, 9, 19], [10, 2, 11, 1], [12, 16, 13, 15]]"
12a_0610_131,"[[12, 16, 13, 15], [14, 24, 15, 23], [16, 4, 17, 3], [18, 10, 19, 9], [20, 8, 21, 7], [22, 14, 23, 13], [24, 6, 1, 5], [2, 18, 3, 17], [4, 12, 5, 11], [6, 22, 7, 21], [8, 20, 9, 19], [10, 2, 11, 1]]"
12a_0610_132,"[[11, 3, 12, 2], [13, 17, 14, 16], [15, 1, 16, 24], [17, 5, 18, 4], [19, 11, 20, 10], [21, 9, 22, 8], [23, 15, 24, 14], [1, 7, 2, 6], [3, 19, 4, 18], [5, 13, 6, 12], [7, 23, 8, 22], [9, 21, 10, 20]]"
12a_0610_133,"[[9, 21, 10, 20], [11, 3, 12, 2], [13, 17, 14, 16], [15, 1, 16, 24], [17, 5, 18, 4], [19, 11, 20, 10], [21, 9, 22, 8], [23, 15, 24, 14], [1, 7, 2, 6], [3, 19, 4, 18], [5, 13, 6, 12], [7, 23, 8, 22]]"
12a_0610_134,"[[7, 23, 8, 22], [9, 21, 10, 20], [11, 3, 12, 2], [13, 17, 14, 16], [15, 1, 16, 24], [17, 5, 18, 4], [19, 11, 20, 10], [21, 9, 22, 8], [23, 15, 24, 14], [1, 7, 2, 6], [3, 19, 4, 18], [5, 13, 6, 12]]"
12a_0610_135,"[[5, 13, 6, 12], [7, 23, 8, 22], [9, 21, 10, 20], [11, 3, 12, 2], [13, 17, 14, 16], [15, 1, 16, 24], [17, 5, 18, 4], [19, 11, 20, 10], [21, 9, 22, 8], [23, 15, 24, 14], [1, 7, 2, 6], [3, 19, 4, 18]]"
12a_0610_136,"[[3, 19, 4, 18], [5, 13, 6, 12], [7, 23, 8, 22], [9, 21, 10, 20], [11, 3, 12, 2], [13, 17, 14, 16], [15, 1, 16, 24], [17, 5, 18, 4], [19, 11, 20, 10], [21, 9, 22, 8], [23, 15, 24, 14], [1, 7, 2, 6]]"
12a_0610_137,"[[1, 7, 2, 6], [3, 19, 4, 18], [5, 13, 6, 12], [7, 23, 8, 22], [9, 21, 10, 20], [11, 3, 12, 2], [13, 17, 14, 16], [15, 1, 16, 24], [17, 5, 18, 4], [19, 11, 20, 10], [21, 9, 22, 8], [23, 15, 24, 14]]"
12a_0610_138,"[[23, 15, 24, 14], [1, 7, 2, 6], [3, 19, 4, 18], [5, 13, 6, 12], [7, 23, 8, 22], [9, 21, 10, 20], [11, 3, 12, 2], [13, 17, 14, 16], [15, 1, 16, 24], [17, 5, 18, 4], [19, 11, 20, 10], [21, 9, 22, 8]]"
12a_0610_139,"[[21, 9, 22, 8], [23, 15, 24, 14], [1, 7, 2, 6], [3, 19, 4, 18], [5, 13, 6, 12], [7, 23, 8, 22], [9, 21, 10, 20], [11, 3, 12, 2], [13, 17, 14, 16], [15, 1, 16, 24], [17, 5, 18, 4], [19, 11, 20, 10]]"
12a_0610_140,"[[19, 11, 20, 10], [21, 9, 22, 8], [23, 15, 24, 14], [1, 7, 2, 6], [3, 19, 4, 18], [5, 13, 6, 12], [7, 23, 8, 22], [9, 21, 10, 20], [11, 3, 12, 2], [13, 17, 14, 16], [15, 1, 16, 24], [17, 5, 18, 4]]"
12a_0610_141,"[[17, 5, 18, 4], [19, 11, 20, 10], [21, 9, 22, 8], [23, 15, 24, 14], [1, 7, 2, 6], [3, 19, 4, 18], [5, 13, 6, 12], [7, 23, 8, 22], [9, 21, 10, 20], [11, 3, 12, 2], [13, 17, 14, 16], [15, 1, 16, 24]]"
12a_0610_142,"[[15, 1, 16, 24], [17, 5, 18, 4], [19, 11, 20, 10], [21, 9, 22, 8], [23, 15, 24, 14], [1, 7, 2, 6], [3, 19, 4, 18], [5, 13, 6, 12], [7, 23, 8, 22], [9, 21, 10, 20], [11, 3, 12, 2], [13, 17, 14, 16]]"
12a_0610_143,"[[13, 17, 14, 16], [15, 1, 16, 24], [17, 5, 18, 4], [19, 11, 20, 10], [21, 9, 22, 8], [23, 15, 24, 14], [1, 7, 2, 6], [3, 19, 4, 18], [5, 13, 6, 12], [7, 23, 8, 22], [9, 21, 10, 20], [11, 3, 12, 2]]"
12a_0610_144,"[[12, 4, 13, 3], [14, 18, 15, 17], [16, 2, 17, 1], [18, 6, 19, 5], [20, 12, 21, 11], [22, 10, 23, 9], [24, 16, 1, 15], [2, 8, 3, 7], [4, 20, 5, 19], [6, 14, 7, 13], [8, 24, 9, 23], [10, 22, 11, 21]]"
12a_0610_145,"[[10, 22, 11, 21], [12, 4, 13, 3], [14, 18, 15, 17], [16, 2, 17, 1], [18, 6, 19, 5], [20, 12, 21, 11], [22, 10, 23, 9], [24, 16, 1, 15], [2, 8, 3, 7], [4, 20, 5, 19], [6, 14, 7, 13], [8, 24, 9, 23]]"
12a_0610_146,"[[8, 24, 9, 23], [10, 22, 11, 21], [12, 4, 13, 3], [14, 18, 15, 17], [16, 2, 17, 1], [18, 6, 19, 5], [20, 12, 21, 11], [22, 10, 23, 9], [24, 16, 1, 15], [2, 8, 3, 7], [4, 20, 5, 19], [6, 14, 7, 13]]"
12a_0610_147,"[[6, 14, 7, 13], [8, 24, 9, 23], [10, 22, 11, 21], [12, 4, 13, 3], [14, 18, 15, 17], [16, 2, 17, 1], [18, 6, 19, 5], [20, 12, 21, 11], [22, 10, 23, 9], [24, 16, 1, 15], [2, 8, 3, 7], [4, 20, 5, 19]]"
12a_0610_148,"[[4, 20, 5, 19], [6, 14, 7, 13], [8, 24, 9, 23], [10, 22, 11, 21], [12, 4, 13, 3], [14, 18, 15, 17], [16, 2, 17, 1], [18, 6, 19, 5], [20, 12, 21, 11], [22, 10, 23, 9], [24, 16, 1, 15], [2, 8, 3, 7]]"
12a_0610_149,"[[2, 8, 3, 7], [4, 20, 5, 19], [6, 14, 7, 13], [8, 24, 9, 23], [10, 22, 11, 21], [12, 4, 13, 3], [14, 18, 15, 17], [16, 2, 17, 1], [18, 6, 19, 5], [20, 12, 21, 11], [22, 10, 23, 9], [24, 16, 1, 15]]"
12a_0610_150,"[[24, 16, 1, 15], [2, 8, 3, 7], [4, 20, 5, 19], [6, 14, 7, 13], [8, 24, 9, 23], [10, 22, 11, 21], [12, 4, 13, 3], [14, 18, 15, 17], [16, 2, 17, 1], [18, 6, 19, 5], [20, 12, 21, 11], [22, 10, 23, 9]]"
12a_0610_151,"[[22, 10, 23, 9], [24, 16, 1, 15], [2, 8, 3, 7], [4, 20, 5, 19], [6, 14, 7, 13], [8, 24, 9, 23], [10, 22, 11, 21], [12, 4, 13, 3], [14, 18, 15, 17], [16, 2, 17, 1], [18, 6, 19, 5], [20, 12, 21, 11]]"
12a_0610_152,"[[20, 12, 21, 11], [22, 10, 23, 9], [24, 16, 1, 15], [2, 8, 3, 7], [4, 20, 5, 19], [6, 14, 7, 13], [8, 24, 9, 23], [10, 22, 11, 21], [12, 4, 13, 3], [14, 18, 15, 17], [16, 2, 17, 1], [18, 6, 19, 5]]"
12a_0610_153,"[[18, 6, 19, 5], [20, 12, 21, 11], [22, 10, 23, 9], [24, 16, 1, 15], [2, 8, 3, 7], [4, 20, 5, 19], [6, 14, 7, 13], [8, 24, 9, 23], [10, 22, 11, 21], [12, 4, 13, 3], [14, 18, 15, 17], [16, 2, 17, 1]]"
12a_0610_154,"[[16, 2, 17, 1], [18, 6, 19, 5], [20, 12, 21, 11], [22, 10, 23, 9], [24, 16, 1, 15], [2, 8, 3, 7], [4, 20, 5, 19], [6, 14, 7, 13], [8, 24, 9, 23], [10, 22, 11, 21], [12, 4, 13, 3], [14, 18, 15, 17]]"
12a_0610_155,"[[14, 18, 15, 17], [16, 2, 17, 1], [18, 6, 19, 5], [20, 12, 21, 11], [22, 10, 23, 9], [24, 16, 1, 15], [2, 8, 3, 7], [4, 20, 5, 19], [6, 14, 7, 13], [8, 24, 9, 23], [10, 22, 11, 21], [12, 4, 13, 3]]"
12a_0610_156,"[[13, 5, 14, 4], [15, 19, 16, 18], [17, 3, 18, 2], [19, 7, 20, 6], [21, 13, 22, 12], [23, 11, 24, 10], [1, 17, 2, 16], [3, 9, 4, 8], [5, 21, 6, 20], [7, 15, 8, 14], [9, 1, 10, 24], [11, 23, 12, 22]]"
12a_0610_157,"[[11, 23, 12, 22], [13, 5, 14, 4], [15, 19, 16, 18], [17, 3, 18, 2], [19, 7, 20, 6], [21, 13, 22, 12], [23, 11, 24, 10], [1, 17, 2, 16], [3, 9, 4, 8], [5, 21, 6, 20], [7, 15, 8, 14], [9, 1, 10, 24]]"
12a_0610_158,"[[9, 1, 10, 24], [11, 23, 12, 22], [13, 5, 14, 4], [15, 19, 16, 18], [17, 3, 18, 2], [19, 7, 20, 6], [21, 13, 22, 12], [23, 11, 24, 10], [1, 17, 2, 16], [3, 9, 4, 8], [5, 21, 6, 20], [7, 15, 8, 14]]"
12a_0610_159,"[[7, 15, 8, 14], [9, 1, 10, 24], [11, 23, 12, 22], [13, 5, 14, 4], [15, 19, 16, 18], [17, 3, 18, 2], [19, 7, 20, 6], [21, 13, 22, 12], [23, 11, 24, 10], [1, 17, 2, 16], [3, 9, 4, 8], [5, 21, 6, 20]]"
12a_0610_160,"[[5, 21, 6, 20], [7, 15, 8, 14], [9, 1, 10, 24], [11, 23, 12, 22], [13, 5, 14, 4], [15, 19, 16, 18], [17, 3, 18, 2], [19, 7, 20, 6], [21, 13, 22, 12], [23, 11, 24, 10], [1, 17, 2, 16], [3, 9, 4, 8]]"
12a_0610_161,"[[3, 9, 4, 8], [5, 21, 6, 20], [7, 15, 8, 14], [9, 1, 10, 24], [11, 23, 12, 22], [13, 5, 14, 4], [15, 19, 16, 18], [17, 3, 18, 2], [19, 7, 20, 6], [21, 13, 22, 12], [23, 11, 24, 10], [1, 17, 2, 16]]"
12a_0610_162,"[[1, 17, 2, 16], [3, 9, 4, 8], [5, 21, 6, 20], [7, 15, 8, 14], [9, 1, 10, 24], [11, 23, 12, 22], [13, 5, 14, 4], [15, 19, 16, 18], [17, 3, 18, 2], [19, 7, 20, 6], [21, 13, 22, 12], [23, 11, 24, 10]]"
12a_0610_163,"[[23, 11, 24, 10], [1, 17, 2, 16], [3, 9, 4, 8], [5, 21, 6, 20], [7, 15, 8, 14], [9, 1, 10, 24], [11, 23, 12, 22], [13, 5, 14, 4], [15, 19, 16, 18], [17, 3, 18, 2], [19, 7, 20, 6], [21, 13, 22, 12]]"
12a_0610_164,"[[21, 13, 22, 12], [23, 11, 24, 10], [1, 17, 2, 16], [3, 9, 4, 8], [5, 21, 6, 20], [7, 15, 8, 14], [9, 1, 10, 24], [11, 23, 12, 22], [13, 5, 14, 4], [15, 19, 16, 18], [17, 3, 18, 2], [19, 7, 20, 6]]"
12a_0610_165,"[[19, 7, 20, 6], [21, 13, 22, 12], [23, 11, 24, 10], [1, 17, 2, 16], [3, 9, 4, 8], [5, 21, 6, 20], [7, 15, 8, 14], [9, 1, 10, 24], [11, 23, 12, 22], [13, 5, 14, 4], [15, 19, 16, 18], [17, 3, 18, 2]]"
12a_0610_166,"[[17, 3, 18, 2], [19, 7, 20, 6], [21, 13, 22, 12], [23, 11, 24, 10], [1, 17, 2, 16], [3, 9, 4, 8], [5, 21, 6, 20], [7, 15, 8, 14], [9, 1, 10, 24], [11, 23, 12, 22], [13, 5, 14, 4], [15, 19, 16, 18]]"
12a_0610_167,"[[15, 19, 16, 18], [17, 3, 18, 2], [19, 7, 20, 6], [21, 13, 22, 12], [23, 11, 24, 10], [1, 17, 2, 16], [3, 9, 4, 8], [5, 21, 6, 20], [7, 15, 8, 14], [9, 1, 10, 24], [11, 23, 12, 22], [13, 5, 14, 4]]"
12a_0610_168,"[[14, 6, 15, 5], [16, 20, 17, 19], [18, 4, 19, 3], [20, 8, 21, 7], [22, 14, 23, 13], [24, 12, 1, 11], [2, 18, 3, 17], [4, 10, 5, 9], [6, 22, 7, 21], [8, 16, 9, 15], [10, 2, 11, 1], [12, 24, 13, 23]]"
12a_0610_169,"[[12, 24, 13, 23], [14, 6, 15, 5], [16, 20, 17, 19], [18, 4, 19, 3], [20, 8, 21, 7], [22, 14, 23, 13], [24, 12, 1, 11], [2, 18, 3, 17], [4, 10, 5, 9], [6, 22, 7, 21], [8, 16, 9, 15], [10, 2, 11, 1]]"
12a_0610_170,"[[10, 2, 11, 1], [12, 24, 13, 23], [14, 6, 15, 5], [16, 20, 17, 19], [18, 4, 19, 3], [20, 8, 21, 7], [22, 14, 23, 13], [24, 12, 1, 11], [2, 18, 3, 17], [4, 10, 5, 9], [6, 22, 7, 21], [8, 16, 9, 15]]"
12a_0610_171,"[[8, 16, 9, 15], [10, 2, 11, 1], [12, 24, 13, 23], [14, 6, 15, 5], [16, 20, 17, 19], [18, 4, 19, 3], [20, 8, 21, 7], [22, 14, 23, 13], [24, 12, 1, 11], [2, 18, 3, 17], [4, 10, 5, 9], [6, 22, 7, 21]]"
12a_0610_172,"[[6, 22, 7, 21], [8, 16, 9, 15], [10, 2, 11, 1], [12, 24, 13, 23], [14, 6, 15, 5], [16, 20, 17, 19], [18, 4, 19, 3], [20, 8, 21, 7], [22, 14, 23, 13], [24, 12, 1, 11], [2, 18, 3, 17], [4, 10, 5, 9]]"
12a_0610_173,"[[4, 10, 5, 9], [6, 22, 7, 21], [8, 16, 9, 15], [10, 2, 11, 1], [12, 24, 13, 23], [14, 6, 15, 5], [16, 20, 17, 19], [18, 4, 19, 3], [20, 8, 21, 7], [22, 14, 23, 13], [24, 12, 1, 11], [2, 18, 3, 17]]"
12a_0610_174,"[[2, 18, 3, 17], [4, 10, 5, 9], [6, 22, 7, 21], [8, 16, 9, 15], [10, 2, 11, 1], [12, 24, 13, 23], [14, 6, 15, 5], [16, 20, 17, 19], [18, 4, 19, 3], [20, 8, 21, 7], [22, 14, 23, 13], [24, 12, 1, 11]]"
12a_0610_175,"[[24, 12, 1, 11], [2, 18, 3, 17], [4, 10, 5, 9], [6, 22, 7, 21], [8, 16, 9, 15], [10, 2, 11, 1], [12, 24, 13, 23], [14, 6, 15, 5], [16, 20, 17, 19], [18, 4, 19, 3], [20, 8, 21, 7], [22, 14, 23, 13]]"
12a_0610_176,"[[22, 14, 23, 13], [24, 12, 1, 11], [2, 18, 3, 17], [4, 10, 5, 9], [6, 22, 7, 21], [8, 16, 9, 15], [10, 2, 11, 1], [12, 24, 13, 23], [14, 6, 15, 5], [16, 20, 17, 19], [18, 4, 19, 3], [20, 8, 21, 7]]"
12a_0610_177,"[[20, 8, 21, 7], [22, 14, 23, 13], [24, 12, 1, 11], [2, 18, 3, 17], [4, 10, 5, 9], [6, 22, 7, 21], [8, 16, 9, 15], [10, 2, 11, 1], [12, 24, 13, 23], [14, 6, 15, 5], [16, 20, 17, 19], [18, 4, 19, 3]]"
12a_0610_178,"[[18, 4, 19, 3], [20, 8, 21, 7], [22, 14, 23, 13], [24, 12, 1, 11], [2, 18, 3, 17], [4, 10, 5, 9], [6, 22, 7, 21], [8, 16, 9, 15], [10, 2, 11, 1], [12, 24, 13, 23], [14, 6, 15, 5], [16, 20, 17, 19]]"
12a_0610_179,"[[16, 20, 17, 19], [18, 4, 19, 3], [20, 8, 21, 7], [22, 14, 23, 13], [24, 12, 1, 11], [2, 18, 3, 17], [4, 10, 5, 9], [6, 22, 7, 21], [8, 16, 9, 15], [10, 2, 11, 1], [12, 24, 13, 23], [14, 6, 15, 5]]"
12a_0610_180,"[[15, 7, 16, 6], [17, 21, 18, 20], [19, 5, 20, 4], [21, 9, 22, 8], [23, 15, 24, 14], [1, 13, 2, 12], [3, 19, 4, 18], [5, 11, 6, 10], [7, 23, 8, 22], [9, 17, 10, 16], [11, 3, 12, 2], [13, 1, 14, 24]]"
12a_0610_181,"[[13, 1, 14, 24], [15, 7, 16, 6], [17, 21, 18, 20], [19, 5, 20, 4], [21, 9, 22, 8], [23, 15, 24, 14], [1, 13, 2, 12], [3, 19, 4, 18], [5, 11, 6, 10], [7, 23, 8, 22], [9, 17, 10, 16], [11, 3, 12, 2]]"
12a_0610_182,"[[11, 3, 12, 2], [13, 1, 14, 24], [15, 7, 16, 6], [17, 21, 18, 20], [19, 5, 20, 4], [21, 9, 22, 8], [23, 15, 24, 14], [1, 13, 2, 12], [3, 19, 4, 18], [5, 11, 6, 10], [7, 23, 8, 22], [9, 17, 10, 16]]"
12a_0610_183,"[[9, 17, 10, 16], [11, 3, 12, 2], [13, 1, 14, 24], [15, 7, 16, 6], [17, 21, 18, 20], [19, 5, 20, 4], [21, 9, 22, 8], [23, 15, 24, 14], [1, 13, 2, 12], [3, 19, 4, 18], [5, 11, 6, 10], [7, 23, 8, 22]]"
12a_0610_184,"[[7, 23, 8, 22], [9, 17, 10, 16], [11, 3, 12, 2], [13, 1, 14, 24], [15, 7, 16, 6], [17, 21, 18, 20], [19, 5, 20, 4], [21, 9, 22, 8], [23, 15, 24, 14], [1, 13, 2, 12], [3, 19, 4, 18], [5, 11, 6, 10]]"
12a_0610_185,"[[5, 11, 6, 10], [7, 23, 8, 22], [9, 17, 10, 16], [11, 3, 12, 2], [13, 1, 14, 24], [15, 7, 16, 6], [17, 21, 18, 20], [19, 5, 20, 4], [21, 9, 22, 8], [23, 15, 24, 14], [1, 13, 2, 12], [3, 19, 4, 18]]"
