name,pd_notation
12a_0594_0,"[[24, 15, 1, 16], [2, 6, 3, 5], [4, 14, 5, 13], [6, 17, 7, 18], [8, 21, 9, 22], [10, 19, 11, 20], [12, 4, 13, 3], [14, 23, 15, 24], [16, 1, 17, 2], [18, 11, 19, 12], [20, 9, 21, 10], [22, 7, 23, 8]]"
12a_0594_1,"[[22, 7, 23, 8], [24, 15, 1, 16], [2, 6, 3, 5], [4, 14, 5, 13], [6, 17, 7, 18], [8, 21, 9, 22], [10, 19, 11, 20], [12, 4, 13, 3], [14, 23, 15, 24], [16, 1, 17, 2], [18, 11, 19, 12], [20, 9, 21, 10]]"
12a_0594_2,"[[20, 9, 21, 10], [22, 7, 23, 8], [24, 15, 1, 16], [2, 6, 3, 5], [4, 14, 5, 13], [6, 17, 7, 18], [8, 21, 9, 22], [10, 19, 11, 20], [12, 4, 13, 3], [14, 23, 15, 24], [16, 1, 17, 2], [18, 11, 19, 12]]"
12a_0594_3,"[[18, 11, 19, 12], [20, 9, 21, 10], [22, 7, 23, 8], [24, 15, 1, 16], [2, 6, 3, 5], [4, 14, 5, 13], [6, 17, 7, 18], [8, 21, 9, 22], [10, 19, 11, 20], [12, 4, 13, 3], [14, 23, 15, 24], [16, 1, 17, 2]]"
12a_0594_4,"[[16, 1, 17, 2], [18, 11, 19, 12], [20, 9, 21, 10], [22, 7, 23, 8], [24, 15, 1, 16], [2, 6, 3, 5], [4, 14, 5, 13], [6, 17, 7, 18], [8, 21, 9, 22], [10, 19, 11, 20], [12, 4, 13, 3], [14, 23, 15, 24]]"
12a_0594_5,"[[14, 23, 15, 24], [16, 1, 17, 2], [18, 11, 19, 12], [20, 9, 21, 10], [22, 7, 23, 8], [24, 15, 1, 16], [2, 6, 3, 5], [4, 14, 5, 13], [6, 17, 7, 18], [8, 21, 9, 22], [10, 19, 11, 20], [12, 4, 13, 3]]"
12a_0594_6,"[[12, 4, 13, 3], [14, 23, 15, 24], [16, 1, 17, 2], [18, 11, 19, 12], [20, 9, 21, 10], [22, 7, 23, 8], [24, 15, 1, 16], [2, 6, 3, 5], [4, 14, 5, 13], [6, 17, 7, 18], [8, 21, 9, 22], [10, 19, 11, 20]]"
12a_0594_7,"[[10, 19, 11, 20], [12, 4, 13, 3], [14, 23, 15, 24], [16, 1, 17, 2], [18, 11, 19, 12], [20, 9, 21, 10], [22, 7, 23, 8], [24, 15, 1, 16], [2, 6, 3, 5], [4, 14, 5, 13], [6, 17, 7, 18], [8, 21, 9, 22]]"
12a_0594_8,"[[8, 21, 9, 22], [10, 19, 11, 20], [12, 4, 13, 3], [14, 23, 15, 24], [16, 1, 17, 2], [18, 11, 19, 12], [20, 9, 21, 10], [22, 7, 23, 8], [24, 15, 1, 16], [2, 6, 3, 5], [4, 14, 5, 13], [6, 17, 7, 18]]"
12a_0594_9,"[[6, 17, 7, 18], [8, 21, 9, 22], [10, 19, 11, 20], [12, 4, 13, 3], [14, 23, 15, 24], [16, 1, 17, 2], [18, 11, 19, 12], [20, 9, 21, 10], [22, 7, 23, 8], [24, 15, 1, 16], [2, 6, 3, 5], [4, 14, 5, 13]]"
12a_0594_10,"[[4, 14, 5, 13], [6, 17, 7, 18], [8, 21, 9, 22], [10, 19, 11, 20], [12, 4, 13, 3], [14, 23, 15, 24], [16, 1, 17, 2], [18, 11, 19, 12], [20, 9, 21, 10], [22, 7, 23, 8], [24, 15, 1, 16], [2, 6, 3, 5]]"
12a_0594_11,"[[2, 6, 3, 5], [4, 14, 5, 13], [6, 17, 7, 18], [8, 21, 9, 22], [10, 19, 11, 20], [12, 4, 13, 3], [14, 23, 15, 24], [16, 1, 17, 2], [18, 11, 19, 12], [20, 9, 21, 10], [22, 7, 23, 8], [24, 15, 1, 16]]"
12a_0594_12,"[[1, 16, 2, 17], [3, 7, 4, 6], [5, 15, 6, 14], [7, 18, 8, 19], [9, 22, 10, 23], [11, 20, 12, 21], [13, 5, 14, 4], [15, 24, 16, 1], [17, 2, 18, 3], [19, 12, 20, 13], [21, 10, 22, 11], [23, 8, 24, 9]]"
12a_0594_13,"[[23, 8, 24, 9], [1, 16, 2, 17], [3, 7, 4, 6], [5, 15, 6, 14], [7, 18, 8, 19], [9, 22, 10, 23], [11, 20, 12, 21], [13, 5, 14, 4], [15, 24, 16, 1], [17, 2, 18, 3], [19, 12, 20, 13], [21, 10, 22, 11]]"
12a_0594_14,"[[21, 10, 22, 11], [23, 8, 24, 9], [1, 16, 2, 17], [3, 7, 4, 6], [5, 15, 6, 14], [7, 18, 8, 19], [9, 22, 10, 23], [11, 20, 12, 21], [13, 5, 14, 4], [15, 24, 16, 1], [17, 2, 18, 3], [19, 12, 20, 13]]"
12a_0594_15,"[[19, 12, 20, 13], [21, 10, 22, 11], [23, 8, 24, 9], [1, 16, 2, 17], [3, 7, 4, 6], [5, 15, 6, 14], [7, 18, 8, 19], [9, 22, 10, 23], [11, 20, 12, 21], [13, 5, 14, 4], [15, 24, 16, 1], [17, 2, 18, 3]]"
12a_0594_16,"[[17, 2, 18, 3], [19, 12, 20, 13], [21, 10, 22, 11], [23, 8, 24, 9], [1, 16, 2, 17], [3, 7, 4, 6], [5, 15, 6, 14], [7, 18, 8, 19], [9, 22, 10, 23], [11, 20, 12, 21], [13, 5, 14, 4], [15, 24, 16, 1]]"
12a_0594_17,"[[15, 24, 16, 1], [17, 2, 18, 3], [19, 12, 20, 13], [21, 10, 22, 11], [23, 8, 24, 9], [1, 16, 2, 17], [3, 7, 4, 6], [5, 15, 6, 14], [7, 18, 8, 19], [9, 22, 10, 23], [11, 20, 12, 21], [13, 5, 14, 4]]"
12a_0594_18,"[[13, 5, 14, 4], [15, 24, 16, 1], [17, 2, 18, 3], [19, 12, 20, 13], [21, 10, 22, 11], [23, 8, 24, 9], [1, 16, 2, 17], [3, 7, 4, 6], [5, 15, 6, 14], [7, 18, 8, 19], [9, 22, 10, 23], [11, 20, 12, 21]]"
12a_0594_19,"[[11, 20, 12, 21], [13, 5, 14, 4], [15, 24, 16, 1], [17, 2, 18, 3], [19, 12, 20, 13], [21, 10, 22, 11], [23, 8, 24, 9], [1, 16, 2, 17], [3, 7, 4, 6], [5, 15, 6, 14], [7, 18, 8, 19], [9, 22, 10, 23]]"
12a_0594_20,"[[9, 22, 10, 23], [11, 20, 12, 21], [13, 5, 14, 4], [15, 24, 16, 1], [17, 2, 18, 3], [19, 12, 20, 13], [21, 10, 22, 11], [23, 8, 24, 9], [1, 16, 2, 17], [3, 7, 4, 6], [5, 15, 6, 14], [7, 18, 8, 19]]"
12a_0594_21,"[[7, 18, 8, 19], [9, 22, 10, 23], [11, 20, 12, 21], [13, 5, 14, 4], [15, 24, 16, 1], [17, 2, 18, 3], [19, 12, 20, 13], [21, 10, 22, 11], [23, 8, 24, 9], [1, 16, 2, 17], [3, 7, 4, 6], [5, 15, 6, 14]]"
12a_0594_22,"[[5, 15, 6, 14], [7, 18, 8, 19], [9, 22, 10, 23], [11, 20, 12, 21], [13, 5, 14, 4], [15, 24, 16, 1], [17, 2, 18, 3], [19, 12, 20, 13], [21, 10, 22, 11], [23, 8, 24, 9], [1, 16, 2, 17], [3, 7, 4, 6]]"
12a_0594_23,"[[3, 7, 4, 6], [5, 15, 6, 14], [7, 18, 8, 19], [9, 22, 10, 23], [11, 20, 12, 21], [13, 5, 14, 4], [15, 24, 16, 1], [17, 2, 18, 3], [19, 12, 20, 13], [21, 10, 22, 11], [23, 8, 24, 9], [1, 16, 2, 17]]"
12a_0594_24,"[[2, 17, 3, 18], [4, 8, 5, 7], [6, 16, 7, 15], [8, 19, 9, 20], [10, 23, 11, 24], [12, 21, 13, 22], [14, 6, 15, 5], [16, 1, 17, 2], [18, 3, 19, 4], [20, 13, 21, 14], [22, 11, 23, 12], [24, 9, 1, 10]]"
12a_0594_25,"[[24, 9, 1, 10], [2, 17, 3, 18], [4, 8, 5, 7], [6, 16, 7, 15], [8, 19, 9, 20], [10, 23, 11, 24], [12, 21, 13, 22], [14, 6, 15, 5], [16, 1, 17, 2], [18, 3, 19, 4], [20, 13, 21, 14], [22, 11, 23, 12]]"
12a_0594_26,"[[22, 11, 23, 12], [24, 9, 1, 10], [2, 17, 3, 18], [4, 8, 5, 7], [6, 16, 7, 15], [8, 19, 9, 20], [10, 23, 11, 24], [12, 21, 13, 22], [14, 6, 15, 5], [16, 1, 17, 2], [18, 3, 19, 4], [20, 13, 21, 14]]"
12a_0594_27,"[[20, 13, 21, 14], [22, 11, 23, 12], [24, 9, 1, 10], [2, 17, 3, 18], [4, 8, 5, 7], [6, 16, 7, 15], [8, 19, 9, 20], [10, 23, 11, 24], [12, 21, 13, 22], [14, 6, 15, 5], [16, 1, 17, 2], [18, 3, 19, 4]]"
12a_0594_28,"[[18, 3, 19, 4], [20, 13, 21, 14], [22, 11, 23, 12], [24, 9, 1, 10], [2, 17, 3, 18], [4, 8, 5, 7], [6, 16, 7, 15], [8, 19, 9, 20], [10, 23, 11, 24], [12, 21, 13, 22], [14, 6, 15, 5], [16, 1, 17, 2]]"
12a_0594_29,"[[16, 1, 17, 2], [18, 3, 19, 4], [20, 13, 21, 14], [22, 11, 23, 12], [24, 9, 1, 10], [2, 17, 3, 18], [4, 8, 5, 7], [6, 16, 7, 15], [8, 19, 9, 20], [10, 23, 11, 24], [12, 21, 13, 22], [14, 6, 15, 5]]"
12a_0594_30,"[[14, 6, 15, 5], [16, 1, 17, 2], [18, 3, 19, 4], [20, 13, 21, 14], [22, 11, 23, 12], [24, 9, 1, 10], [2, 17, 3, 18], [4, 8, 5, 7], [6, 16, 7, 15], [8, 19, 9, 20], [10, 23, 11, 24], [12, 21, 13, 22]]"
12a_0594_31,"[[12, 21, 13, 22], [14, 6, 15, 5], [16, 1, 17, 2], [18, 3, 19, 4], [20, 13, 21, 14], [22, 11, 23, 12], [24, 9, 1, 10], [2, 17, 3, 18], [4, 8, 5, 7], [6, 16, 7, 15], [8, 19, 9, 20], [10, 23, 11, 24]]"
12a_0594_32,"[[10, 23, 11, 24], [12, 21, 13, 22], [14, 6, 15, 5], [16, 1, 17, 2], [18, 3, 19, 4], [20, 13, 21, 14], [22, 11, 23, 12], [24, 9, 1, 10], [2, 17, 3, 18], [4, 8, 5, 7], [6, 16, 7, 15], [8, 19, 9, 20]]"
12a_0594_33,"[[8, 19, 9, 20], [10, 23, 11, 24], [12, 21, 13, 22], [14, 6, 15, 5], [16, 1, 17, 2], [18, 3, 19, 4], [20, 13, 21, 14], [22, 11, 23, 12], [24, 9, 1, 10], [2, 17, 3, 18], [4, 8, 5, 7], [6, 16, 7, 15]]"
12a_0594_34,"[[6, 16, 7, 15], [8, 19, 9, 20], [10, 23, 11, 24], [12, 21, 13, 22], [14, 6, 15, 5], [16, 1, 17, 2], [18, 3, 19, 4], [20, 13, 21, 14], [22, 11, 23, 12], [24, 9, 1, 10], [2, 17, 3, 18], [4, 8, 5, 7]]"
12a_0594_35,"[[4, 8, 5, 7], [6, 16, 7, 15], [8, 19, 9, 20], [10, 23, 11, 24], [12, 21, 13, 22], [14, 6, 15, 5], [16, 1, 17, 2], [18, 3, 19, 4], [20, 13, 21, 14], [22, 11, 23, 12], [24, 9, 1, 10], [2, 17, 3, 18]]"
12a_0594_36,"[[3, 18, 4, 19], [5, 9, 6, 8], [7, 17, 8, 16], [9, 20, 10, 21], [11, 24, 12, 1], [13, 22, 14, 23], [15, 7, 16, 6], [17, 2, 18, 3], [19, 4, 20, 5], [21, 14, 22, 15], [23, 12, 24, 13], [1, 10, 2, 11]]"
12a_0594_37,"[[1, 10, 2, 11], [3, 18, 4, 19], [5, 9, 6, 8], [7, 17, 8, 16], [9, 20, 10, 21], [11, 24, 12, 1], [13, 22, 14, 23], [15, 7, 16, 6], [17, 2, 18, 3], [19, 4, 20, 5], [21, 14, 22, 15], [23, 12, 24, 13]]"
12a_0594_38,"[[23, 12, 24, 13], [1, 10, 2, 11], [3, 18, 4, 19], [5, 9, 6, 8], [7, 17, 8, 16], [9, 20, 10, 21], [11, 24, 12, 1], [13, 22, 14, 23], [15, 7, 16, 6], [17, 2, 18, 3], [19, 4, 20, 5], [21, 14, 22, 15]]"
12a_0594_39,"[[21, 14, 22, 15], [23, 12, 24, 13], [1, 10, 2, 11], [3, 18, 4, 19], [5, 9, 6, 8], [7, 17, 8, 16], [9, 20, 10, 21], [11, 24, 12, 1], [13, 22, 14, 23], [15, 7, 16, 6], [17, 2, 18, 3], [19, 4, 20, 5]]"
12a_0594_40,"[[19, 4, 20, 5], [21, 14, 22, 15], [23, 12, 24, 13], [1, 10, 2, 11], [3, 18, 4, 19], [5, 9, 6, 8], [7, 17, 8, 16], [9, 20, 10, 21], [11, 24, 12, 1], [13, 22, 14, 23], [15, 7, 16, 6], [17, 2, 18, 3]]"
12a_0594_41,"[[17, 2, 18, 3], [19, 4, 20, 5], [21, 14, 22, 15], [23, 12, 24, 13], [1, 10, 2, 11], [3, 18, 4, 19], [5, 9, 6, 8], [7, 17, 8, 16], [9, 20, 10, 21], [11, 24, 12, 1], [13, 22, 14, 23], [15, 7, 16, 6]]"
12a_0594_42,"[[15, 7, 16, 6], [17, 2, 18, 3], [19, 4, 20, 5], [21, 14, 22, 15], [23, 12, 24, 13], [1, 10, 2, 11], [3, 18, 4, 19], [5, 9, 6, 8], [7, 17, 8, 16], [9, 20, 10, 21], [11, 24, 12, 1], [13, 22, 14, 23]]"
12a_0594_43,"[[13, 22, 14, 23], [15, 7, 16, 6], [17, 2, 18, 3], [19, 4, 20, 5], [21, 14, 22, 15], [23, 12, 24, 13], [1, 10, 2, 11], [3, 18, 4, 19], [5, 9, 6, 8], [7, 17, 8, 16], [9, 20, 10, 21], [11, 24, 12, 1]]"
12a_0594_44,"[[11, 24, 12, 1], [13, 22, 14, 23], [15, 7, 16, 6], [17, 2, 18, 3], [19, 4, 20, 5], [21, 14, 22, 15], [23, 12, 24, 13], [1, 10, 2, 11], [3, 18, 4, 19], [5, 9, 6, 8], [7, 17, 8, 16], [9, 20, 10, 21]]"
12a_0594_45,"[[9, 20, 10, 21], [11, 24, 12, 1], [13, 22, 14, 23], [15, 7, 16, 6], [17, 2, 18, 3], [19, 4, 20, 5], [21, 14, 22, 15], [23, 12, 24, 13], [1, 10, 2, 11], [3, 18, 4, 19], [5, 9, 6, 8], [7, 17, 8, 16]]"
12a_0594_46,"[[7, 17, 8, 16], [9, 20, 10, 21], [11, 24, 12, 1], [13, 22, 14, 23], [15, 7, 16, 6], [17, 2, 18, 3], [19, 4, 20, 5], [21, 14, 22, 15], [23, 12, 24, 13], [1, 10, 2, 11], [3, 18, 4, 19], [5, 9, 6, 8]]"
12a_0594_47,"[[5, 9, 6, 8], [7, 17, 8, 16], [9, 20, 10, 21], [11, 24, 12, 1], [13, 22, 14, 23], [15, 7, 16, 6], [17, 2, 18, 3], [19, 4, 20, 5], [21, 14, 22, 15], [23, 12, 24, 13], [1, 10, 2, 11], [3, 18, 4, 19]]"
12a_0594_48,"[[4, 19, 5, 20], [6, 10, 7, 9], [8, 18, 9, 17], [10, 21, 11, 22], [12, 1, 13, 2], [14, 23, 15, 24], [16, 8, 17, 7], [18, 3, 19, 4], [20, 5, 21, 6], [22, 15, 23, 16], [24, 13, 1, 14], [2, 11, 3, 12]]"
12a_0594_49,"[[2, 11, 3, 12], [4, 19, 5, 20], [6, 10, 7, 9], [8, 18, 9, 17], [10, 21, 11, 22], [12, 1, 13, 2], [14, 23, 15, 24], [16, 8, 17, 7], [18, 3, 19, 4], [20, 5, 21, 6], [22, 15, 23, 16], [24, 13, 1, 14]]"
12a_0594_50,"[[24, 13, 1, 14], [2, 11, 3, 12], [4, 19, 5, 20], [6, 10, 7, 9], [8, 18, 9, 17], [10, 21, 11, 22], [12, 1, 13, 2], [14, 23, 15, 24], [16, 8, 17, 7], [18, 3, 19, 4], [20, 5, 21, 6], [22, 15, 23, 16]]"
12a_0594_51,"[[22, 15, 23, 16], [24, 13, 1, 14], [2, 11, 3, 12], [4, 19, 5, 20], [6, 10, 7, 9], [8, 18, 9, 17], [10, 21, 11, 22], [12, 1, 13, 2], [14, 23, 15, 24], [16, 8, 17, 7], [18, 3, 19, 4], [20, 5, 21, 6]]"
12a_0594_52,"[[20, 5, 21, 6], [22, 15, 23, 16], [24, 13, 1, 14], [2, 11, 3, 12], [4, 19, 5, 20], [6, 10, 7, 9], [8, 18, 9, 17], [10, 21, 11, 22], [12, 1, 13, 2], [14, 23, 15, 24], [16, 8, 17, 7], [18, 3, 19, 4]]"
12a_0594_53,"[[18, 3, 19, 4], [20, 5, 21, 6], [22, 15, 23, 16], [24, 13, 1, 14], [2, 11, 3, 12], [4, 19, 5, 20], [6, 10, 7, 9], [8, 18, 9, 17], [10, 21, 11, 22], [12, 1, 13, 2], [14, 23, 15, 24], [16, 8, 17, 7]]"
12a_0594_54,"[[16, 8, 17, 7], [18, 3, 19, 4], [20, 5, 21, 6], [22, 15, 23, 16], [24, 13, 1, 14], [2, 11, 3, 12], [4, 19, 5, 20], [6, 10, 7, 9], [8, 18, 9, 17], [10, 21, 11, 22], [12, 1, 13, 2], [14, 23, 15, 24]]"
12a_0594_55,"[[14, 23, 15, 24], [16, 8, 17, 7], [18, 3, 19, 4], [20, 5, 21, 6], [22, 15, 23, 16], [24, 13, 1, 14], [2, 11, 3, 12], [4, 19, 5, 20], [6, 10, 7, 9], [8, 18, 9, 17], [10, 21, 11, 22], [12, 1, 13, 2]]"
12a_0594_56,"[[12, 1, 13, 2], [14, 23, 15, 24], [16, 8, 17, 7], [18, 3, 19, 4], [20, 5, 21, 6], [22, 15, 23, 16], [24, 13, 1, 14], [2, 11, 3, 12], [4, 19, 5, 20], [6, 10, 7, 9], [8, 18, 9, 17], [10, 21, 11, 22]]"
12a_0594_57,"[[10, 21, 11, 22], [12, 1, 13, 2], [14, 23, 15, 24], [16, 8, 17, 7], [18, 3, 19, 4], [20, 5, 21, 6], [22, 15, 23, 16], [24, 13, 1, 14], [2, 11, 3, 12], [4, 19, 5, 20], [6, 10, 7, 9], [8, 18, 9, 17]]"
12a_0594_58,"[[8, 18, 9, 17], [10, 21, 11, 22], [12, 1, 13, 2], [14, 23, 15, 24], [16, 8, 17, 7], [18, 3, 19, 4], [20, 5, 21, 6], [22, 15, 23, 16], [24, 13, 1, 14], [2, 11, 3, 12], [4, 19, 5, 20], [6, 10, 7, 9]]"
12a_0594_59,"[[6, 10, 7, 9], [8, 18, 9, 17], [10, 21, 11, 22], [12, 1, 13, 2], [14, 23, 15, 24], [16, 8, 17, 7], [18, 3, 19, 4], [20, 5, 21, 6], [22, 15, 23, 16], [24, 13, 1, 14], [2, 11, 3, 12], [4, 19, 5, 20]]"
12a_0594_60,"[[5, 20, 6, 21], [7, 11, 8, 10], [9, 19, 10, 18], [11, 22, 12, 23], [13, 2, 14, 3], [15, 24, 16, 1], [17, 9, 18, 8], [19, 4, 20, 5], [21, 6, 22, 7], [23, 16, 24, 17], [1, 14, 2, 15], [3, 12, 4, 13]]"
12a_0594_61,"[[3, 12, 4, 13], [5, 20, 6, 21], [7, 11, 8, 10], [9, 19, 10, 18], [11, 22, 12, 23], [13, 2, 14, 3], [15, 24, 16, 1], [17, 9, 18, 8], [19, 4, 20, 5], [21, 6, 22, 7], [23, 16, 24, 17], [1, 14, 2, 15]]"
12a_0594_62,"[[1, 14, 2, 15], [3, 12, 4, 13], [5, 20, 6, 21], [7, 11, 8, 10], [9, 19, 10, 18], [11, 22, 12, 23], [13, 2, 14, 3], [15, 24, 16, 1], [17, 9, 18, 8], [19, 4, 20, 5], [21, 6, 22, 7], [23, 16, 24, 17]]"
12a_0594_63,"[[23, 16, 24, 17], [1, 14, 2, 15], [3, 12, 4, 13], [5, 20, 6, 21], [7, 11, 8, 10], [9, 19, 10, 18], [11, 22, 12, 23], [13, 2, 14, 3], [15, 24, 16, 1], [17, 9, 18, 8], [19, 4, 20, 5], [21, 6, 22, 7]]"
12a_0594_64,"[[21, 6, 22, 7], [23, 16, 24, 17], [1, 14, 2, 15], [3, 12, 4, 13], [5, 20, 6, 21], [7, 11, 8, 10], [9, 19, 10, 18], [11, 22, 12, 23], [13, 2, 14, 3], [15, 24, 16, 1], [17, 9, 18, 8], [19, 4, 20, 5]]"
12a_0594_65,"[[19, 4, 20, 5], [21, 6, 22, 7], [23, 16, 24, 17], [1, 14, 2, 15], [3, 12, 4, 13], [5, 20, 6, 21], [7, 11, 8, 10], [9, 19, 10, 18], [11, 22, 12, 23], [13, 2, 14, 3], [15, 24, 16, 1], [17, 9, 18, 8]]"
12a_0594_66,"[[17, 9, 18, 8], [19, 4, 20, 5], [21, 6, 22, 7], [23, 16, 24, 17], [1, 14, 2, 15], [3, 12, 4, 13], [5, 20, 6, 21], [7, 11, 8, 10], [9, 19, 10, 18], [11, 22, 12, 23], [13, 2, 14, 3], [15, 24, 16, 1]]"
12a_0594_67,"[[15, 24, 16, 1], [17, 9, 18, 8], [19, 4, 20, 5], [21, 6, 22, 7], [23, 16, 24, 17], [1, 14, 2, 15], [3, 12, 4, 13], [5, 20, 6, 21], [7, 11, 8, 10], [9, 19, 10, 18], [11, 22, 12, 23], [13, 2, 14, 3]]"
12a_0594_68,"[[13, 2, 14, 3], [15, 24, 16, 1], [17, 9, 18, 8], [19, 4, 20, 5], [21, 6, 22, 7], [23, 16, 24, 17], [1, 14, 2, 15], [3, 12, 4, 13], [5, 20, 6, 21], [7, 11, 8, 10], [9, 19, 10, 18], [11, 22, 12, 23]]"
12a_0594_69,"[[11, 22, 12, 23], [13, 2, 14, 3], [15, 24, 16, 1], [17, 9, 18, 8], [19, 4, 20, 5], [21, 6, 22, 7], [23, 16, 24, 17], [1, 14, 2, 15], [3, 12, 4, 13], [5, 20, 6, 21], [7, 11, 8, 10], [9, 19, 10, 18]]"
12a_0594_70,"[[9, 19, 10, 18], [11, 22, 12, 23], [13, 2, 14, 3], [15, 24, 16, 1], [17, 9, 18, 8], [19, 4, 20, 5], [21, 6, 22, 7], [23, 16, 24, 17], [1, 14, 2, 15], [3, 12, 4, 13], [5, 20, 6, 21], [7, 11, 8, 10]]"
12a_0594_71,"[[7, 11, 8, 10], [9, 19, 10, 18], [11, 22, 12, 23], [13, 2, 14, 3], [15, 24, 16, 1], [17, 9, 18, 8], [19, 4, 20, 5], [21, 6, 22, 7], [23, 16, 24, 17], [1, 14, 2, 15], [3, 12, 4, 13], [5, 20, 6, 21]]"
12a_0594_72,"[[6, 21, 7, 22], [8, 12, 9, 11], [10, 20, 11, 19], [12, 23, 13, 24], [14, 3, 15, 4], [16, 1, 17, 2], [18, 10, 19, 9], [20, 5, 21, 6], [22, 7, 23, 8], [24, 17, 1, 18], [2, 15, 3, 16], [4, 13, 5, 14]]"
12a_0594_73,"[[4, 13, 5, 14], [6, 21, 7, 22], [8, 12, 9, 11], [10, 20, 11, 19], [12, 23, 13, 24], [14, 3, 15, 4], [16, 1, 17, 2], [18, 10, 19, 9], [20, 5, 21, 6], [22, 7, 23, 8], [24, 17, 1, 18], [2, 15, 3, 16]]"
12a_0594_74,"[[2, 15, 3, 16], [4, 13, 5, 14], [6, 21, 7, 22], [8, 12, 9, 11], [10, 20, 11, 19], [12, 23, 13, 24], [14, 3, 15, 4], [16, 1, 17, 2], [18, 10, 19, 9], [20, 5, 21, 6], [22, 7, 23, 8], [24, 17, 1, 18]]"
12a_0594_75,"[[24, 17, 1, 18], [2, 15, 3, 16], [4, 13, 5, 14], [6, 21, 7, 22], [8, 12, 9, 11], [10, 20, 11, 19], [12, 23, 13, 24], [14, 3, 15, 4], [16, 1, 17, 2], [18, 10, 19, 9], [20, 5, 21, 6], [22, 7, 23, 8]]"
12a_0594_76,"[[22, 7, 23, 8], [24, 17, 1, 18], [2, 15, 3, 16], [4, 13, 5, 14], [6, 21, 7, 22], [8, 12, 9, 11], [10, 20, 11, 19], [12, 23, 13, 24], [14, 3, 15, 4], [16, 1, 17, 2], [18, 10, 19, 9], [20, 5, 21, 6]]"
12a_0594_77,"[[20, 5, 21, 6], [22, 7, 23, 8], [24, 17, 1, 18], [2, 15, 3, 16], [4, 13, 5, 14], [6, 21, 7, 22], [8, 12, 9, 11], [10, 20, 11, 19], [12, 23, 13, 24], [14, 3, 15, 4], [16, 1, 17, 2], [18, 10, 19, 9]]"
12a_0594_78,"[[18, 10, 19, 9], [20, 5, 21, 6], [22, 7, 23, 8], [24, 17, 1, 18], [2, 15, 3, 16], [4, 13, 5, 14], [6, 21, 7, 22], [8, 12, 9, 11], [10, 20, 11, 19], [12, 23, 13, 24], [14, 3, 15, 4], [16, 1, 17, 2]]"
12a_0594_79,"[[16, 1, 17, 2], [18, 10, 19, 9], [20, 5, 21, 6], [22, 7, 23, 8], [24, 17, 1, 18], [2, 15, 3, 16], [4, 13, 5, 14], [6, 21, 7, 22], [8, 12, 9, 11], [10, 20, 11, 19], [12, 23, 13, 24], [14, 3, 15, 4]]"
12a_0594_80,"[[14, 3, 15, 4], [16, 1, 17, 2], [18, 10, 19, 9], [20, 5, 21, 6], [22, 7, 23, 8], [24, 17, 1, 18], [2, 15, 3, 16], [4, 13, 5, 14], [6, 21, 7, 22], [8, 12, 9, 11], [10, 20, 11, 19], [12, 23, 13, 24]]"
12a_0594_81,"[[12, 23, 13, 24], [14, 3, 15, 4], [16, 1, 17, 2], [18, 10, 19, 9], [20, 5, 21, 6], [22, 7, 23, 8], [24, 17, 1, 18], [2, 15, 3, 16], [4, 13, 5, 14], [6, 21, 7, 22], [8, 12, 9, 11], [10, 20, 11, 19]]"
12a_0594_82,"[[10, 20, 11, 19], [12, 23, 13, 24], [14, 3, 15, 4], [16, 1, 17, 2], [18, 10, 19, 9], [20, 5, 21, 6], [22, 7, 23, 8], [24, 17, 1, 18], [2, 15, 3, 16], [4, 13, 5, 14], [6, 21, 7, 22], [8, 12, 9, 11]]"
12a_0594_83,"[[8, 12, 9, 11], [10, 20, 11, 19], [12, 23, 13, 24], [14, 3, 15, 4], [16, 1, 17, 2], [18, 10, 19, 9], [20, 5, 21, 6], [22, 7, 23, 8], [24, 17, 1, 18], [2, 15, 3, 16], [4, 13, 5, 14], [6, 21, 7, 22]]"
12a_0594_84,"[[7, 22, 8, 23], [9, 13, 10, 12], [11, 21, 12, 20], [13, 24, 14, 1], [15, 4, 16, 5], [17, 2, 18, 3], [19, 11, 20, 10], [21, 6, 22, 7], [23, 8, 24, 9], [1, 18, 2, 19], [3, 16, 4, 17], [5, 14, 6, 15]]"
12a_0594_85,"[[5, 14, 6, 15], [7, 22, 8, 23], [9, 13, 10, 12], [11, 21, 12, 20], [13, 24, 14, 1], [15, 4, 16, 5], [17, 2, 18, 3], [19, 11, 20, 10], [21, 6, 22, 7], [23, 8, 24, 9], [1, 18, 2, 19], [3, 16, 4, 17]]"
12a_0594_86,"[[3, 16, 4, 17], [5, 14, 6, 15], [7, 22, 8, 23], [9, 13, 10, 12], [11, 21, 12, 20], [13, 24, 14, 1], [15, 4, 16, 5], [17, 2, 18, 3], [19, 11, 20, 10], [21, 6, 22, 7], [23, 8, 24, 9], [1, 18, 2, 19]]"
12a_0594_87,"[[1, 18, 2, 19], [3, 16, 4, 17], [5, 14, 6, 15], [7, 22, 8, 23], [9, 13, 10, 12], [11, 21, 12, 20], [13, 24, 14, 1], [15, 4, 16, 5], [17, 2, 18, 3], [19, 11, 20, 10], [21, 6, 22, 7], [23, 8, 24, 9]]"
12a_0594_88,"[[23, 8, 24, 9], [1, 18, 2, 19], [3, 16, 4, 17], [5, 14, 6, 15], [7, 22, 8, 23], [9, 13, 10, 12], [11, 21, 12, 20], [13, 24, 14, 1], [15, 4, 16, 5], [17, 2, 18, 3], [19, 11, 20, 10], [21, 6, 22, 7]]"
12a_0594_89,"[[21, 6, 22, 7], [23, 8, 24, 9], [1, 18, 2, 19], [3, 16, 4, 17], [5, 14, 6, 15], [7, 22, 8, 23], [9, 13, 10, 12], [11, 21, 12, 20], [13, 24, 14, 1], [15, 4, 16, 5], [17, 2, 18, 3], [19, 11, 20, 10]]"
12a_0594_90,"[[19, 11, 20, 10], [21, 6, 22, 7], [23, 8, 24, 9], [1, 18, 2, 19], [3, 16, 4, 17], [5, 14, 6, 15], [7, 22, 8, 23], [9, 13, 10, 12], [11, 21, 12, 20], [13, 24, 14, 1], [15, 4, 16, 5], [17, 2, 18, 3]]"
12a_0594_91,"[[17, 2, 18, 3], [19, 11, 20, 10], [21, 6, 22, 7], [23, 8, 24, 9], [1, 18, 2, 19], [3, 16, 4, 17], [5, 14, 6, 15], [7, 22, 8, 23], [9, 13, 10, 12], [11, 21, 12, 20], [13, 24, 14, 1], [15, 4, 16, 5]]"
12a_0594_92,"[[15, 4, 16, 5], [17, 2, 18, 3], [19, 11, 20, 10], [21, 6, 22, 7], [23, 8, 24, 9], [1, 18, 2, 19], [3, 16, 4, 17], [5, 14, 6, 15], [7, 22, 8, 23], [9, 13, 10, 12], [11, 21, 12, 20], [13, 24, 14, 1]]"
12a_0594_93,"[[13, 24, 14, 1], [15, 4, 16, 5], [17, 2, 18, 3], [19, 11, 20, 10], [21, 6, 22, 7], [23, 8, 24, 9], [1, 18, 2, 19], [3, 16, 4, 17], [5, 14, 6, 15], [7, 22, 8, 23], [9, 13, 10, 12], [11, 21, 12, 20]]"
12a_0594_94,"[[11, 21, 12, 20], [13, 24, 14, 1], [15, 4, 16, 5], [17, 2, 18, 3], [19, 11, 20, 10], [21, 6, 22, 7], [23, 8, 24, 9], [1, 18, 2, 19], [3, 16, 4, 17], [5, 14, 6, 15], [7, 22, 8, 23], [9, 13, 10, 12]]"
12a_0594_95,"[[9, 13, 10, 12], [11, 21, 12, 20], [13, 24, 14, 1], [15, 4, 16, 5], [17, 2, 18, 3], [19, 11, 20, 10], [21, 6, 22, 7], [23, 8, 24, 9], [1, 18, 2, 19], [3, 16, 4, 17], [5, 14, 6, 15], [7, 22, 8, 23]]"
12a_0594_96,"[[8, 23, 9, 24], [10, 14, 11, 13], [12, 22, 13, 21], [14, 1, 15, 2], [16, 5, 17, 6], [18, 3, 19, 4], [20, 12, 21, 11], [22, 7, 23, 8], [24, 9, 1, 10], [2, 19, 3, 20], [4, 17, 5, 18], [6, 15, 7, 16]]"
12a_0594_97,"[[6, 15, 7, 16], [8, 23, 9, 24], [10, 14, 11, 13], [12, 22, 13, 21], [14, 1, 15, 2], [16, 5, 17, 6], [18, 3, 19, 4], [20, 12, 21, 11], [22, 7, 23, 8], [24, 9, 1, 10], [2, 19, 3, 20], [4, 17, 5, 18]]"
12a_0594_98,"[[4, 17, 5, 18], [6, 15, 7, 16], [8, 23, 9, 24], [10, 14, 11, 13], [12, 22, 13, 21], [14, 1, 15, 2], [16, 5, 17, 6], [18, 3, 19, 4], [20, 12, 21, 11], [22, 7, 23, 8], [24, 9, 1, 10], [2, 19, 3, 20]]"
12a_0594_99,"[[2, 19, 3, 20], [4, 17, 5, 18], [6, 15, 7, 16], [8, 23, 9, 24], [10, 14, 11, 13], [12, 22, 13, 21], [14, 1, 15, 2], [16, 5, 17, 6], [18, 3, 19, 4], [20, 12, 21, 11], [22, 7, 23, 8], [24, 9, 1, 10]]"
12a_0594_100,"[[24, 9, 1, 10], [2, 19, 3, 20], [4, 17, 5, 18], [6, 15, 7, 16], [8, 23, 9, 24], [10, 14, 11, 13], [12, 22, 13, 21], [14, 1, 15, 2], [16, 5, 17, 6], [18, 3, 19, 4], [20, 12, 21, 11], [22, 7, 23, 8]]"
12a_0594_101,"[[22, 7, 23, 8], [24, 9, 1, 10], [2, 19, 3, 20], [4, 17, 5, 18], [6, 15, 7, 16], [8, 23, 9, 24], [10, 14, 11, 13], [12, 22, 13, 21], [14, 1, 15, 2], [16, 5, 17, 6], [18, 3, 19, 4], [20, 12, 21, 11]]"
12a_0594_102,"[[20, 12, 21, 11], [22, 7, 23, 8], [24, 9, 1, 10], [2, 19, 3, 20], [4, 17, 5, 18], [6, 15, 7, 16], [8, 23, 9, 24], [10, 14, 11, 13], [12, 22, 13, 21], [14, 1, 15, 2], [16, 5, 17, 6], [18, 3, 19, 4]]"
12a_0594_103,"[[18, 3, 19, 4], [20, 12, 21, 11], [22, 7, 23, 8], [24, 9, 1, 10], [2, 19, 3, 20], [4, 17, 5, 18], [6, 15, 7, 16], [8, 23, 9, 24], [10, 14, 11, 13], [12, 22, 13, 21], [14, 1, 15, 2], [16, 5, 17, 6]]"
12a_0594_104,"[[16, 5, 17, 6], [18, 3, 19, 4], [20, 12, 21, 11], [22, 7, 23, 8], [24, 9, 1, 10], [2, 19, 3, 20], [4, 17, 5, 18], [6, 15, 7, 16], [8, 23, 9, 24], [10, 14, 11, 13], [12, 22, 13, 21], [14, 1, 15, 2]]"
12a_0594_105,"[[14, 1, 15, 2], [16, 5, 17, 6], [18, 3, 19, 4], [20, 12, 21, 11], [22, 7, 23, 8], [24, 9, 1, 10], [2, 19, 3, 20], [4, 17, 5, 18], [6, 15, 7, 16], [8, 23, 9, 24], [10, 14, 11, 13], [12, 22, 13, 21]]"
12a_0594_106,"[[12, 22, 13, 21], [14, 1, 15, 2], [16, 5, 17, 6], [18, 3, 19, 4], [20, 12, 21, 11], [22, 7, 23, 8], [24, 9, 1, 10], [2, 19, 3, 20], [4, 17, 5, 18], [6, 15, 7, 16], [8, 23, 9, 24], [10, 14, 11, 13]]"
12a_0594_107,"[[10, 14, 11, 13], [12, 22, 13, 21], [14, 1, 15, 2], [16, 5, 17, 6], [18, 3, 19, 4], [20, 12, 21, 11], [22, 7, 23, 8], [24, 9, 1, 10], [2, 19, 3, 20], [4, 17, 5, 18], [6, 15, 7, 16], [8, 23, 9, 24]]"
12a_0594_108,"[[9, 24, 10, 1], [11, 15, 12, 14], [13, 23, 14, 22], [15, 2, 16, 3], [17, 6, 18, 7], [19, 4, 20, 5], [21, 13, 22, 12], [23, 8, 24, 9], [1, 10, 2, 11], [3, 20, 4, 21], [5, 18, 6, 19], [7, 16, 8, 17]]"
12a_0594_109,"[[7, 16, 8, 17], [9, 24, 10, 1], [11, 15, 12, 14], [13, 23, 14, 22], [15, 2, 16, 3], [17, 6, 18, 7], [19, 4, 20, 5], [21, 13, 22, 12], [23, 8, 24, 9], [1, 10, 2, 11], [3, 20, 4, 21], [5, 18, 6, 19]]"
12a_0594_110,"[[5, 18, 6, 19], [7, 16, 8, 17], [9, 24, 10, 1], [11, 15, 12, 14], [13, 23, 14, 22], [15, 2, 16, 3], [17, 6, 18, 7], [19, 4, 20, 5], [21, 13, 22, 12], [23, 8, 24, 9], [1, 10, 2, 11], [3, 20, 4, 21]]"
12a_0594_111,"[[3, 20, 4, 21], [5, 18, 6, 19], [7, 16, 8, 17], [9, 24, 10, 1], [11, 15, 12, 14], [13, 23, 14, 22], [15, 2, 16, 3], [17, 6, 18, 7], [19, 4, 20, 5], [21, 13, 22, 12], [23, 8, 24, 9], [1, 10, 2, 11]]"
12a_0594_112,"[[1, 10, 2, 11], [3, 20, 4, 21], [5, 18, 6, 19], [7, 16, 8, 17], [9, 24, 10, 1], [11, 15, 12, 14], [13, 23, 14, 22], [15, 2, 16, 3], [17, 6, 18, 7], [19, 4, 20, 5], [21, 13, 22, 12], [23, 8, 24, 9]]"
12a_0594_113,"[[23, 8, 24, 9], [1, 10, 2, 11], [3, 20, 4, 21], [5, 18, 6, 19], [7, 16, 8, 17], [9, 24, 10, 1], [11, 15, 12, 14], [13, 23, 14, 22], [15, 2, 16, 3], [17, 6, 18, 7], [19, 4, 20, 5], [21, 13, 22, 12]]"
12a_0594_114,"[[21, 13, 22, 12], [23, 8, 24, 9], [1, 10, 2, 11], [3, 20, 4, 21], [5, 18, 6, 19], [7, 16, 8, 17], [9, 24, 10, 1], [11, 15, 12, 14], [13, 23, 14, 22], [15, 2, 16, 3], [17, 6, 18, 7], [19, 4, 20, 5]]"
12a_0594_115,"[[19, 4, 20, 5], [21, 13, 22, 12], [23, 8, 24, 9], [1, 10, 2, 11], [3, 20, 4, 21], [5, 18, 6, 19], [7, 16, 8, 17], [9, 24, 10, 1], [11, 15, 12, 14], [13, 23, 14, 22], [15, 2, 16, 3], [17, 6, 18, 7]]"
12a_0594_116,"[[17, 6, 18, 7], [19, 4, 20, 5], [21, 13, 22, 12], [23, 8, 24, 9], [1, 10, 2, 11], [3, 20, 4, 21], [5, 18, 6, 19], [7, 16, 8, 17], [9, 24, 10, 1], [11, 15, 12, 14], [13, 23, 14, 22], [15, 2, 16, 3]]"
12a_0594_117,"[[15, 2, 16, 3], [17, 6, 18, 7], [19, 4, 20, 5], [21, 13, 22, 12], [23, 8, 24, 9], [1, 10, 2, 11], [3, 20, 4, 21], [5, 18, 6, 19], [7, 16, 8, 17], [9, 24, 10, 1], [11, 15, 12, 14], [13, 23, 14, 22]]"
12a_0594_118,"[[13, 23, 14, 22], [15, 2, 16, 3], [17, 6, 18, 7], [19, 4, 20, 5], [21, 13, 22, 12], [23, 8, 24, 9], [1, 10, 2, 11], [3, 20, 4, 21], [5, 18, 6, 19], [7, 16, 8, 17], [9, 24, 10, 1], [11, 15, 12, 14]]"
12a_0594_119,"[[11, 15, 12, 14], [13, 23, 14, 22], [15, 2, 16, 3], [17, 6, 18, 7], [19, 4, 20, 5], [21, 13, 22, 12], [23, 8, 24, 9], [1, 10, 2, 11], [3, 20, 4, 21], [5, 18, 6, 19], [7, 16, 8, 17], [9, 24, 10, 1]]"
12a_0594_120,"[[10, 1, 11, 2], [12, 16, 13, 15], [14, 24, 15, 23], [16, 3, 17, 4], [18, 7, 19, 8], [20, 5, 21, 6], [22, 14, 23, 13], [24, 9, 1, 10], [2, 11, 3, 12], [4, 21, 5, 22], [6, 19, 7, 20], [8, 17, 9, 18]]"
12a_0594_121,"[[8, 17, 9, 18], [10, 1, 11, 2], [12, 16, 13, 15], [14, 24, 15, 23], [16, 3, 17, 4], [18, 7, 19, 8], [20, 5, 21, 6], [22, 14, 23, 13], [24, 9, 1, 10], [2, 11, 3, 12], [4, 21, 5, 22], [6, 19, 7, 20]]"
12a_0594_122,"[[6, 19, 7, 20], [8, 17, 9, 18], [10, 1, 11, 2], [12, 16, 13, 15], [14, 24, 15, 23], [16, 3, 17, 4], [18, 7, 19, 8], [20, 5, 21, 6], [22, 14, 23, 13], [24, 9, 1, 10], [2, 11, 3, 12], [4, 21, 5, 22]]"
12a_0594_123,"[[4, 21, 5, 22], [6, 19, 7, 20], [8, 17, 9, 18], [10, 1, 11, 2], [12, 16, 13, 15], [14, 24, 15, 23], [16, 3, 17, 4], [18, 7, 19, 8], [20, 5, 21, 6], [22, 14, 23, 13], [24, 9, 1, 10], [2, 11, 3, 12]]"
12a_0594_124,"[[2, 11, 3, 12], [4, 21, 5, 22], [6, 19, 7, 20], [8, 17, 9, 18], [10, 1, 11, 2], [12, 16, 13, 15], [14, 24, 15, 23], [16, 3, 17, 4], [18, 7, 19, 8], [20, 5, 21, 6], [22, 14, 23, 13], [24, 9, 1, 10]]"
12a_0594_125,"[[24, 9, 1, 10], [2, 11, 3, 12], [4, 21, 5, 22], [6, 19, 7, 20], [8, 17, 9, 18], [10, 1, 11, 2], [12, 16, 13, 15], [14, 24, 15, 23], [16, 3, 17, 4], [18, 7, 19, 8], [20, 5, 21, 6], [22, 14, 23, 13]]"
12a_0594_126,"[[22, 14, 23, 13], [24, 9, 1, 10], [2, 11, 3, 12], [4, 21, 5, 22], [6, 19, 7, 20], [8, 17, 9, 18], [10, 1, 11, 2], [12, 16, 13, 15], [14, 24, 15, 23], [16, 3, 17, 4], [18, 7, 19, 8], [20, 5, 21, 6]]"
12a_0594_127,"[[20, 5, 21, 6], [22, 14, 23, 13], [24, 9, 1, 10], [2, 11, 3, 12], [4, 21, 5, 22], [6, 19, 7, 20], [8, 17, 9, 18], [10, 1, 11, 2], [12, 16, 13, 15], [14, 24, 15, 23], [16, 3, 17, 4], [18, 7, 19, 8]]"
12a_0594_128,"[[18, 7, 19, 8], [20, 5, 21, 6], [22, 14, 23, 13], [24, 9, 1, 10], [2, 11, 3, 12], [4, 21, 5, 22], [6, 19, 7, 20], [8, 17, 9, 18], [10, 1, 11, 2], [12, 16, 13, 15], [14, 24, 15, 23], [16, 3, 17, 4]]"
12a_0594_129,"[[16, 3, 17, 4], [18, 7, 19, 8], [20, 5, 21, 6], [22, 14, 23, 13], [24, 9, 1, 10], [2, 11, 3, 12], [4, 21, 5, 22], [6, 19, 7, 20], [8, 17, 9, 18], [10, 1, 11, 2], [12, 16, 13, 15], [14, 24, 15, 23]]"
12a_0594_130,"[[14, 24, 15, 23], [16, 3, 17, 4], [18, 7, 19, 8], [20, 5, 21, 6], [22, 14, 23, 13], [24, 9, 1, 10], [2, 11, 3, 12], [4, 21, 5, 22], [6, 19, 7, 20], [8, 17, 9, 18], [10, 1, 11, 2], [12, 16, 13, 15]]"
12a_0594_131,"[[12, 16, 13, 15], [14, 24, 15, 23], [16, 3, 17, 4], [18, 7, 19, 8], [20, 5, 21, 6], [22, 14, 23, 13], [24, 9, 1, 10], [2, 11, 3, 12], [4, 21, 5, 22], [6, 19, 7, 20], [8, 17, 9, 18], [10, 1, 11, 2]]"
12a_0594_132,"[[11, 2, 12, 3], [13, 17, 14, 16], [15, 1, 16, 24], [17, 4, 18, 5], [19, 8, 20, 9], [21, 6, 22, 7], [23, 15, 24, 14], [1, 10, 2, 11], [3, 12, 4, 13], [5, 22, 6, 23], [7, 20, 8, 21], [9, 18, 10, 19]]"
12a_0594_133,"[[9, 18, 10, 19], [11, 2, 12, 3], [13, 17, 14, 16], [15, 1, 16, 24], [17, 4, 18, 5], [19, 8, 20, 9], [21, 6, 22, 7], [23, 15, 24, 14], [1, 10, 2, 11], [3, 12, 4, 13], [5, 22, 6, 23], [7, 20, 8, 21]]"
12a_0594_134,"[[7, 20, 8, 21], [9, 18, 10, 19], [11, 2, 12, 3], [13, 17, 14, 16], [15, 1, 16, 24], [17, 4, 18, 5], [19, 8, 20, 9], [21, 6, 22, 7], [23, 15, 24, 14], [1, 10, 2, 11], [3, 12, 4, 13], [5, 22, 6, 23]]"
12a_0594_135,"[[5, 22, 6, 23], [7, 20, 8, 21], [9, 18, 10, 19], [11, 2, 12, 3], [13, 17, 14, 16], [15, 1, 16, 24], [17, 4, 18, 5], [19, 8, 20, 9], [21, 6, 22, 7], [23, 15, 24, 14], [1, 10, 2, 11], [3, 12, 4, 13]]"
12a_0594_136,"[[3, 12, 4, 13], [5, 22, 6, 23], [7, 20, 8, 21], [9, 18, 10, 19], [11, 2, 12, 3], [13, 17, 14, 16], [15, 1, 16, 24], [17, 4, 18, 5], [19, 8, 20, 9], [21, 6, 22, 7], [23, 15, 24, 14], [1, 10, 2, 11]]"
12a_0594_137,"[[1, 10, 2, 11], [3, 12, 4, 13], [5, 22, 6, 23], [7, 20, 8, 21], [9, 18, 10, 19], [11, 2, 12, 3], [13, 17, 14, 16], [15, 1, 16, 24], [17, 4, 18, 5], [19, 8, 20, 9], [21, 6, 22, 7], [23, 15, 24, 14]]"
12a_0594_138,"[[23, 15, 24, 14], [1, 10, 2, 11], [3, 12, 4, 13], [5, 22, 6, 23], [7, 20, 8, 21], [9, 18, 10, 19], [11, 2, 12, 3], [13, 17, 14, 16], [15, 1, 16, 24], [17, 4, 18, 5], [19, 8, 20, 9], [21, 6, 22, 7]]"
12a_0594_139,"[[21, 6, 22, 7], [23, 15, 24, 14], [1, 10, 2, 11], [3, 12, 4, 13], [5, 22, 6, 23], [7, 20, 8, 21], [9, 18, 10, 19], [11, 2, 12, 3], [13, 17, 14, 16], [15, 1, 16, 24], [17, 4, 18, 5], [19, 8, 20, 9]]"
12a_0594_140,"[[19, 8, 20, 9], [21, 6, 22, 7], [23, 15, 24, 14], [1, 10, 2, 11], [3, 12, 4, 13], [5, 22, 6, 23], [7, 20, 8, 21], [9, 18, 10, 19], [11, 2, 12, 3], [13, 17, 14, 16], [15, 1, 16, 24], [17, 4, 18, 5]]"
12a_0594_141,"[[17, 4, 18, 5], [19, 8, 20, 9], [21, 6, 22, 7], [23, 15, 24, 14], [1, 10, 2, 11], [3, 12, 4, 13], [5, 22, 6, 23], [7, 20, 8, 21], [9, 18, 10, 19], [11, 2, 12, 3], [13, 17, 14, 16], [15, 1, 16, 24]]"
12a_0594_142,"[[15, 1, 16, 24], [17, 4, 18, 5], [19, 8, 20, 9], [21, 6, 22, 7], [23, 15, 24, 14], [1, 10, 2, 11], [3, 12, 4, 13], [5, 22, 6, 23], [7, 20, 8, 21], [9, 18, 10, 19], [11, 2, 12, 3], [13, 17, 14, 16]]"
12a_0594_143,"[[13, 17, 14, 16], [15, 1, 16, 24], [17, 4, 18, 5], [19, 8, 20, 9], [21, 6, 22, 7], [23, 15, 24, 14], [1, 10, 2, 11], [3, 12, 4, 13], [5, 22, 6, 23], [7, 20, 8, 21], [9, 18, 10, 19], [11, 2, 12, 3]]"
12a_0594_144,"[[12, 3, 13, 4], [14, 18, 15, 17], [16, 2, 17, 1], [18, 5, 19, 6], [20, 9, 21, 10], [22, 7, 23, 8], [24, 16, 1, 15], [2, 11, 3, 12], [4, 13, 5, 14], [6, 23, 7, 24], [8, 21, 9, 22], [10, 19, 11, 20]]"
12a_0594_145,"[[10, 19, 11, 20], [12, 3, 13, 4], [14, 18, 15, 17], [16, 2, 17, 1], [18, 5, 19, 6], [20, 9, 21, 10], [22, 7, 23, 8], [24, 16, 1, 15], [2, 11, 3, 12], [4, 13, 5, 14], [6, 23, 7, 24], [8, 21, 9, 22]]"
12a_0594_146,"[[8, 21, 9, 22], [10, 19, 11, 20], [12, 3, 13, 4], [14, 18, 15, 17], [16, 2, 17, 1], [18, 5, 19, 6], [20, 9, 21, 10], [22, 7, 23, 8], [24, 16, 1, 15], [2, 11, 3, 12], [4, 13, 5, 14], [6, 23, 7, 24]]"
12a_0594_147,"[[6, 23, 7, 24], [8, 21, 9, 22], [10, 19, 11, 20], [12, 3, 13, 4], [14, 18, 15, 17], [16, 2, 17, 1], [18, 5, 19, 6], [20, 9, 21, 10], [22, 7, 23, 8], [24, 16, 1, 15], [2, 11, 3, 12], [4, 13, 5, 14]]"
12a_0594_148,"[[4, 13, 5, 14], [6, 23, 7, 24], [8, 21, 9, 22], [10, 19, 11, 20], [12, 3, 13, 4], [14, 18, 15, 17], [16, 2, 17, 1], [18, 5, 19, 6], [20, 9, 21, 10], [22, 7, 23, 8], [24, 16, 1, 15], [2, 11, 3, 12]]"
12a_0594_149,"[[2, 11, 3, 12], [4, 13, 5, 14], [6, 23, 7, 24], [8, 21, 9, 22], [10, 19, 11, 20], [12, 3, 13, 4], [14, 18, 15, 17], [16, 2, 17, 1], [18, 5, 19, 6], [20, 9, 21, 10], [22, 7, 23, 8], [24, 16, 1, 15]]"
12a_0594_150,"[[24, 16, 1, 15], [2, 11, 3, 12], [4, 13, 5, 14], [6, 23, 7, 24], [8, 21, 9, 22], [10, 19, 11, 20], [12, 3, 13, 4], [14, 18, 15, 17], [16, 2, 17, 1], [18, 5, 19, 6], [20, 9, 21, 10], [22, 7, 23, 8]]"
12a_0594_151,"[[22, 7, 23, 8], [24, 16, 1, 15], [2, 11, 3, 12], [4, 13, 5, 14], [6, 23, 7, 24], [8, 21, 9, 22], [10, 19, 11, 20], [12, 3, 13, 4], [14, 18, 15, 17], [16, 2, 17, 1], [18, 5, 19, 6], [20, 9, 21, 10]]"
12a_0594_152,"[[20, 9, 21, 10], [22, 7, 23, 8], [24, 16, 1, 15], [2, 11, 3, 12], [4, 13, 5, 14], [6, 23, 7, 24], [8, 21, 9, 22], [10, 19, 11, 20], [12, 3, 13, 4], [14, 18, 15, 17], [16, 2, 17, 1], [18, 5, 19, 6]]"
12a_0594_153,"[[18, 5, 19, 6], [20, 9, 21, 10], [22, 7, 23, 8], [24, 16, 1, 15], [2, 11, 3, 12], [4, 13, 5, 14], [6, 23, 7, 24], [8, 21, 9, 22], [10, 19, 11, 20], [12, 3, 13, 4], [14, 18, 15, 17], [16, 2, 17, 1]]"
12a_0594_154,"[[16, 2, 17, 1], [18, 5, 19, 6], [20, 9, 21, 10], [22, 7, 23, 8], [24, 16, 1, 15], [2, 11, 3, 12], [4, 13, 5, 14], [6, 23, 7, 24], [8, 21, 9, 22], [10, 19, 11, 20], [12, 3, 13, 4], [14, 18, 15, 17]]"
12a_0594_155,"[[14, 18, 15, 17], [16, 2, 17, 1], [18, 5, 19, 6], [20, 9, 21, 10], [22, 7, 23, 8], [24, 16, 1, 15], [2, 11, 3, 12], [4, 13, 5, 14], [6, 23, 7, 24], [8, 21, 9, 22], [10, 19, 11, 20], [12, 3, 13, 4]]"
12a_0594_156,"[[13, 4, 14, 5], [15, 19, 16, 18], [17, 3, 18, 2], [19, 6, 20, 7], [21, 10, 22, 11], [23, 8, 24, 9], [1, 17, 2, 16], [3, 12, 4, 13], [5, 14, 6, 15], [7, 24, 8, 1], [9, 22, 10, 23], [11, 20, 12, 21]]"
12a_0594_157,"[[11, 20, 12, 21], [13, 4, 14, 5], [15, 19, 16, 18], [17, 3, 18, 2], [19, 6, 20, 7], [21, 10, 22, 11], [23, 8, 24, 9], [1, 17, 2, 16], [3, 12, 4, 13], [5, 14, 6, 15], [7, 24, 8, 1], [9, 22, 10, 23]]"
12a_0594_158,"[[9, 22, 10, 23], [11, 20, 12, 21], [13, 4, 14, 5], [15, 19, 16, 18], [17, 3, 18, 2], [19, 6, 20, 7], [21, 10, 22, 11], [23, 8, 24, 9], [1, 17, 2, 16], [3, 12, 4, 13], [5, 14, 6, 15], [7, 24, 8, 1]]"
12a_0594_159,"[[7, 24, 8, 1], [9, 22, 10, 23], [11, 20, 12, 21], [13, 4, 14, 5], [15, 19, 16, 18], [17, 3, 18, 2], [19, 6, 20, 7], [21, 10, 22, 11], [23, 8, 24, 9], [1, 17, 2, 16], [3, 12, 4, 13], [5, 14, 6, 15]]"
12a_0594_160,"[[5, 14, 6, 15], [7, 24, 8, 1], [9, 22, 10, 23], [11, 20, 12, 21], [13, 4, 14, 5], [15, 19, 16, 18], [17, 3, 18, 2], [19, 6, 20, 7], [21, 10, 22, 11], [23, 8, 24, 9], [1, 17, 2, 16], [3, 12, 4, 13]]"
12a_0594_161,"[[3, 12, 4, 13], [5, 14, 6, 15], [7, 24, 8, 1], [9, 22, 10, 23], [11, 20, 12, 21], [13, 4, 14, 5], [15, 19, 16, 18], [17, 3, 18, 2], [19, 6, 20, 7], [21, 10, 22, 11], [23, 8, 24, 9], [1, 17, 2, 16]]"
12a_0594_162,"[[1, 17, 2, 16], [3, 12, 4, 13], [5, 14, 6, 15], [7, 24, 8, 1], [9, 22, 10, 23], [11, 20, 12, 21], [13, 4, 14, 5], [15, 19, 16, 18], [17, 3, 18, 2], [19, 6, 20, 7], [21, 10, 22, 11], [23, 8, 24, 9]]"
12a_0594_163,"[[23, 8, 24, 9], [1, 17, 2, 16], [3, 12, 4, 13], [5, 14, 6, 15], [7, 24, 8, 1], [9, 22, 10, 23], [11, 20, 12, 21], [13, 4, 14, 5], [15, 19, 16, 18], [17, 3, 18, 2], [19, 6, 20, 7], [21, 10, 22, 11]]"
12a_0594_164,"[[21, 10, 22, 11], [23, 8, 24, 9], [1, 17, 2, 16], [3, 12, 4, 13], [5, 14, 6, 15], [7, 24, 8, 1], [9, 22, 10, 23], [11, 20, 12, 21], [13, 4, 14, 5], [15, 19, 16, 18], [17, 3, 18, 2], [19, 6, 20, 7]]"
12a_0594_165,"[[19, 6, 20, 7], [21, 10, 22, 11], [23, 8, 24, 9], [1, 17, 2, 16], [3, 12, 4, 13], [5, 14, 6, 15], [7, 24, 8, 1], [9, 22, 10, 23], [11, 20, 12, 21], [13, 4, 14, 5], [15, 19, 16, 18], [17, 3, 18, 2]]"
12a_0594_166,"[[17, 3, 18, 2], [19, 6, 20, 7], [21, 10, 22, 11], [23, 8, 24, 9], [1, 17, 2, 16], [3, 12, 4, 13], [5, 14, 6, 15], [7, 24, 8, 1], [9, 22, 10, 23], [11, 20, 12, 21], [13, 4, 14, 5], [15, 19, 16, 18]]"
12a_0594_167,"[[15, 19, 16, 18], [17, 3, 18, 2], [19, 6, 20, 7], [21, 10, 22, 11], [23, 8, 24, 9], [1, 17, 2, 16], [3, 12, 4, 13], [5, 14, 6, 15], [7, 24, 8, 1], [9, 22, 10, 23], [11, 20, 12, 21], [13, 4, 14, 5]]"
12a_0594_168,"[[14, 5, 15, 6], [16, 20, 17, 19], [18, 4, 19, 3], [20, 7, 21, 8], [22, 11, 23, 12], [24, 9, 1, 10], [2, 18, 3, 17], [4, 13, 5, 14], [6, 15, 7, 16], [8, 1, 9, 2], [10, 23, 11, 24], [12, 21, 13, 22]]"
12a_0594_169,"[[12, 21, 13, 22], [14, 5, 15, 6], [16, 20, 17, 19], [18, 4, 19, 3], [20, 7, 21, 8], [22, 11, 23, 12], [24, 9, 1, 10], [2, 18, 3, 17], [4, 13, 5, 14], [6, 15, 7, 16], [8, 1, 9, 2], [10, 23, 11, 24]]"
12a_0594_170,"[[10, 23, 11, 24], [12, 21, 13, 22], [14, 5, 15, 6], [16, 20, 17, 19], [18, 4, 19, 3], [20, 7, 21, 8], [22, 11, 23, 12], [24, 9, 1, 10], [2, 18, 3, 17], [4, 13, 5, 14], [6, 15, 7, 16], [8, 1, 9, 2]]"
12a_0594_171,"[[8, 1, 9, 2], [10, 23, 11, 24], [12, 21, 13, 22], [14, 5, 15, 6], [16, 20, 17, 19], [18, 4, 19, 3], [20, 7, 21, 8], [22, 11, 23, 12], [24, 9, 1, 10], [2, 18, 3, 17], [4, 13, 5, 14], [6, 15, 7, 16]]"
12a_0594_172,"[[6, 15, 7, 16], [8, 1, 9, 2], [10, 23, 11, 24], [12, 21, 13, 22], [14, 5, 15, 6], [16, 20, 17, 19], [18, 4, 19, 3], [20, 7, 21, 8], [22, 11, 23, 12], [24, 9, 1, 10], [2, 18, 3, 17], [4, 13, 5, 14]]"
12a_0594_173,"[[4, 13, 5, 14], [6, 15, 7, 16], [8, 1, 9, 2], [10, 23, 11, 24], [12, 21, 13, 22], [14, 5, 15, 6], [16, 20, 17, 19], [18, 4, 19, 3], [20, 7, 21, 8], [22, 11, 23, 12], [24, 9, 1, 10], [2, 18, 3, 17]]"
12a_0594_174,"[[2, 18, 3, 17], [4, 13, 5, 14], [6, 15, 7, 16], [8, 1, 9, 2], [10, 23, 11, 24], [12, 21, 13, 22], [14, 5, 15, 6], [16, 20, 17, 19], [18, 4, 19, 3], [20, 7, 21, 8], [22, 11, 23, 12], [24, 9, 1, 10]]"
12a_0594_175,"[[24, 9, 1, 10], [2, 18, 3, 17], [4, 13, 5, 14], [6, 15, 7, 16], [8, 1, 9, 2], [10, 23, 11, 24], [12, 21, 13, 22], [14, 5, 15, 6], [16, 20, 17, 19], [18, 4, 19, 3], [20, 7, 21, 8], [22, 11, 23, 12]]"
12a_0594_176,"[[22, 11, 23, 12], [24, 9, 1, 10], [2, 18, 3, 17], [4, 13, 5, 14], [6, 15, 7, 16], [8, 1, 9, 2], [10, 23, 11, 24], [12, 21, 13, 22], [14, 5, 15, 6], [16, 20, 17, 19], [18, 4, 19, 3], [20, 7, 21, 8]]"
12a_0594_177,"[[20, 7, 21, 8], [22, 11, 23, 12], [24, 9, 1, 10], [2, 18, 3, 17], [4, 13, 5, 14], [6, 15, 7, 16], [8, 1, 9, 2], [10, 23, 11, 24], [12, 21, 13, 22], [14, 5, 15, 6], [16, 20, 17, 19], [18, 4, 19, 3]]"
12a_0594_178,"[[18, 4, 19, 3], [20, 7, 21, 8], [22, 11, 23, 12], [24, 9, 1, 10], [2, 18, 3, 17], [4, 13, 5, 14], [6, 15, 7, 16], [8, 1, 9, 2], [10, 23, 11, 24], [12, 21, 13, 22], [14, 5, 15, 6], [16, 20, 17, 19]]"
12a_0594_179,"[[16, 20, 17, 19], [18, 4, 19, 3], [20, 7, 21, 8], [22, 11, 23, 12], [24, 9, 1, 10], [2, 18, 3, 17], [4, 13, 5, 14], [6, 15, 7, 16], [8, 1, 9, 2], [10, 23, 11, 24], [12, 21, 13, 22], [14, 5, 15, 6]]"
12a_0594_180,"[[15, 6, 16, 7], [17, 21, 18, 20], [19, 5, 20, 4], [21, 8, 22, 9], [23, 12, 24, 13], [1, 10, 2, 11], [3, 19, 4, 18], [5, 14, 6, 15], [7, 16, 8, 17], [9, 2, 10, 3], [11, 24, 12, 1], [13, 22, 14, 23]]"
12a_0594_181,"[[13, 22, 14, 23], [15, 6, 16, 7], [17, 21, 18, 20], [19, 5, 20, 4], [21, 8, 22, 9], [23, 12, 24, 13], [1, 10, 2, 11], [3, 19, 4, 18], [5, 14, 6, 15], [7, 16, 8, 17], [9, 2, 10, 3], [11, 24, 12, 1]]"
12a_0594_182,"[[11, 24, 12, 1], [13, 22, 14, 23], [15, 6, 16, 7], [17, 21, 18, 20], [19, 5, 20, 4], [21, 8, 22, 9], [23, 12, 24, 13], [1, 10, 2, 11], [3, 19, 4, 18], [5, 14, 6, 15], [7, 16, 8, 17], [9, 2, 10, 3]]"
12a_0594_183,"[[9, 2, 10, 3], [11, 24, 12, 1], [13, 22, 14, 23], [15, 6, 16, 7], [17, 21, 18, 20], [19, 5, 20, 4], [21, 8, 22, 9], [23, 12, 24, 13], [1, 10, 2, 11], [3, 19, 4, 18], [5, 14, 6, 15], [7, 16, 8, 17]]"
12a_0594_184,"[[7, 16, 8, 17], [9, 2, 10, 3], [11, 24, 12, 1], [13, 22, 14, 23], [15, 6, 16, 7], [17, 21, 18, 20], [19, 5, 20, 4], [21, 8, 22, 9], [23, 12, 24, 13], [1, 10, 2, 11], [3, 19, 4, 18], [5, 14, 6, 15]]"
12a_0594_185,"[[5, 14, 6, 15], [7, 16, 8, 17], [9, 2, 10, 3], [11, 24, 12, 1], [13, 22, 14, 23], [15, 6, 16, 7], [17, 21, 18, 20], [19, 5, 20, 4], [21, 8, 22, 9], [23, 12, 24, 13], [1, 10, 2, 11], [3, 19, 4, 18]]"
