name,pd_notation
12a_1025_0,"[[24, 9, 1, 10], [2, 8, 3, 7], [4, 13, 5, 14], [6, 16, 7, 15], [8, 17, 9, 18], [10, 21, 11, 22], [12, 23, 13, 24], [14, 20, 15, 19], [16, 1, 17, 2], [18, 4, 19, 3], [20, 5, 21, 6], [22, 11, 23, 12]]"
12a_1025_1,"[[22, 11, 23, 12], [24, 9, 1, 10], [2, 8, 3, 7], [4, 13, 5, 14], [6, 16, 7, 15], [8, 17, 9, 18], [10, 21, 11, 22], [12, 23, 13, 24], [14, 20, 15, 19], [16, 1, 17, 2], [18, 4, 19, 3], [20, 5, 21, 6]]"
12a_1025_2,"[[20, 5, 21, 6], [22, 11, 23, 12], [24, 9, 1, 10], [2, 8, 3, 7], [4, 13, 5, 14], [6, 16, 7, 15], [8, 17, 9, 18], [10, 21, 11, 22], [12, 23, 13, 24], [14, 20, 15, 19], [16, 1, 17, 2], [18, 4, 19, 3]]"
12a_1025_3,"[[18, 4, 19, 3], [20, 5, 21, 6], [22, 11, 23, 12], [24, 9, 1, 10], [2, 8, 3, 7], [4, 13, 5, 14], [6, 16, 7, 15], [8, 17, 9, 18], [10, 21, 11, 22], [12, 23, 13, 24], [14, 20, 15, 19], [16, 1, 17, 2]]"
12a_1025_4,"[[16, 1, 17, 2], [18, 4, 19, 3], [20, 5, 21, 6], [22, 11, 23, 12], [24, 9, 1, 10], [2, 8, 3, 7], [4, 13, 5, 14], [6, 16, 7, 15], [8, 17, 9, 18], [10, 21, 11, 22], [12, 23, 13, 24], [14, 20, 15, 19]]"
12a_1025_5,"[[14, 20, 15, 19], [16, 1, 17, 2], [18, 4, 19, 3], [20, 5, 21, 6], [22, 11, 23, 12], [24, 9, 1, 10], [2, 8, 3, 7], [4, 13, 5, 14], [6, 16, 7, 15], [8, 17, 9, 18], [10, 21, 11, 22], [12, 23, 13, 24]]"
12a_1025_6,"[[12, 23, 13, 24], [14, 20, 15, 19], [16, 1, 17, 2], [18, 4, 19, 3], [20, 5, 21, 6], [22, 11, 23, 12], [24, 9, 1, 10], [2, 8, 3, 7], [4, 13, 5, 14], [6, 16, 7, 15], [8, 17, 9, 18], [10, 21, 11, 22]]"
12a_1025_7,"[[10, 21, 11, 22], [12, 23, 13, 24], [14, 20, 15, 19], [16, 1, 17, 2], [18, 4, 19, 3], [20, 5, 21, 6], [22, 11, 23, 12], [24, 9, 1, 10], [2, 8, 3, 7], [4, 13, 5, 14], [6, 16, 7, 15], [8, 17, 9, 18]]"
12a_1025_8,"[[8, 17, 9, 18], [10, 21, 11, 22], [12, 23, 13, 24], [14, 20, 15, 19], [16, 1, 17, 2], [18, 4, 19, 3], [20, 5, 21, 6], [22, 11, 23, 12], [24, 9, 1, 10], [2, 8, 3, 7], [4, 13, 5, 14], [6, 16, 7, 15]]"
12a_1025_9,"[[6, 16, 7, 15], [8, 17, 9, 18], [10, 21, 11, 22], [12, 23, 13, 24], [14, 20, 15, 19], [16, 1, 17, 2], [18, 4, 19, 3], [20, 5, 21, 6], [22, 11, 23, 12], [24, 9, 1, 10], [2, 8, 3, 7], [4, 13, 5, 14]]"
12a_1025_10,"[[4, 13, 5, 14], [6, 16, 7, 15], [8, 17, 9, 18], [10, 21, 11, 22], [12, 23, 13, 24], [14, 20, 15, 19], [16, 1, 17, 2], [18, 4, 19, 3], [20, 5, 21, 6], [22, 11, 23, 12], [24, 9, 1, 10], [2, 8, 3, 7]]"
12a_1025_11,"[[2, 8, 3, 7], [4, 13, 5, 14], [6, 16, 7, 15], [8, 17, 9, 18], [10, 21, 11, 22], [12, 23, 13, 24], [14, 20, 15, 19], [16, 1, 17, 2], [18, 4, 19, 3], [20, 5, 21, 6], [22, 11, 23, 12], [24, 9, 1, 10]]"
12a_1025_12,"[[1, 10, 2, 11], [3, 9, 4, 8], [5, 14, 6, 15], [7, 17, 8, 16], [9, 18, 10, 19], [11, 22, 12, 23], [13, 24, 14, 1], [15, 21, 16, 20], [17, 2, 18, 3], [19, 5, 20, 4], [21, 6, 22, 7], [23, 12, 24, 13]]"
12a_1025_13,"[[23, 12, 24, 13], [1, 10, 2, 11], [3, 9, 4, 8], [5, 14, 6, 15], [7, 17, 8, 16], [9, 18, 10, 19], [11, 22, 12, 23], [13, 24, 14, 1], [15, 21, 16, 20], [17, 2, 18, 3], [19, 5, 20, 4], [21, 6, 22, 7]]"
12a_1025_14,"[[21, 6, 22, 7], [23, 12, 24, 13], [1, 10, 2, 11], [3, 9, 4, 8], [5, 14, 6, 15], [7, 17, 8, 16], [9, 18, 10, 19], [11, 22, 12, 23], [13, 24, 14, 1], [15, 21, 16, 20], [17, 2, 18, 3], [19, 5, 20, 4]]"
12a_1025_15,"[[19, 5, 20, 4], [21, 6, 22, 7], [23, 12, 24, 13], [1, 10, 2, 11], [3, 9, 4, 8], [5, 14, 6, 15], [7, 17, 8, 16], [9, 18, 10, 19], [11, 22, 12, 23], [13, 24, 14, 1], [15, 21, 16, 20], [17, 2, 18, 3]]"
12a_1025_16,"[[17, 2, 18, 3], [19, 5, 20, 4], [21, 6, 22, 7], [23, 12, 24, 13], [1, 10, 2, 11], [3, 9, 4, 8], [5, 14, 6, 15], [7, 17, 8, 16], [9, 18, 10, 19], [11, 22, 12, 23], [13, 24, 14, 1], [15, 21, 16, 20]]"
12a_1025_17,"[[15, 21, 16, 20], [17, 2, 18, 3], [19, 5, 20, 4], [21, 6, 22, 7], [23, 12, 24, 13], [1, 10, 2, 11], [3, 9, 4, 8], [5, 14, 6, 15], [7, 17, 8, 16], [9, 18, 10, 19], [11, 22, 12, 23], [13, 24, 14, 1]]"
12a_1025_18,"[[13, 24, 14, 1], [15, 21, 16, 20], [17, 2, 18, 3], [19, 5, 20, 4], [21, 6, 22, 7], [23, 12, 24, 13], [1, 10, 2, 11], [3, 9, 4, 8], [5, 14, 6, 15], [7, 17, 8, 16], [9, 18, 10, 19], [11, 22, 12, 23]]"
12a_1025_19,"[[11, 22, 12, 23], [13, 24, 14, 1], [15, 21, 16, 20], [17, 2, 18, 3], [19, 5, 20, 4], [21, 6, 22, 7], [23, 12, 24, 13], [1, 10, 2, 11], [3, 9, 4, 8], [5, 14, 6, 15], [7, 17, 8, 16], [9, 18, 10, 19]]"
12a_1025_20,"[[9, 18, 10, 19], [11, 22, 12, 23], [13, 24, 14, 1], [15, 21, 16, 20], [17, 2, 18, 3], [19, 5, 20, 4], [21, 6, 22, 7], [23, 12, 24, 13], [1, 10, 2, 11], [3, 9, 4, 8], [5, 14, 6, 15], [7, 17, 8, 16]]"
12a_1025_21,"[[7, 17, 8, 16], [9, 18, 10, 19], [11, 22, 12, 23], [13, 24, 14, 1], [15, 21, 16, 20], [17, 2, 18, 3], [19, 5, 20, 4], [21, 6, 22, 7], [23, 12, 24, 13], [1, 10, 2, 11], [3, 9, 4, 8], [5, 14, 6, 15]]"
12a_1025_22,"[[5, 14, 6, 15], [7, 17, 8, 16], [9, 18, 10, 19], [11, 22, 12, 23], [13, 24, 14, 1], [15, 21, 16, 20], [17, 2, 18, 3], [19, 5, 20, 4], [21, 6, 22, 7], [23, 12, 24, 13], [1, 10, 2, 11], [3, 9, 4, 8]]"
12a_1025_23,"[[3, 9, 4, 8], [5, 14, 6, 15], [7, 17, 8, 16], [9, 18, 10, 19], [11, 22, 12, 23], [13, 24, 14, 1], [15, 21, 16, 20], [17, 2, 18, 3], [19, 5, 20, 4], [21, 6, 22, 7], [23, 12, 24, 13], [1, 10, 2, 11]]"
12a_1025_24,"[[2, 11, 3, 12], [4, 10, 5, 9], [6, 15, 7, 16], [8, 18, 9, 17], [10, 19, 11, 20], [12, 23, 13, 24], [14, 1, 15, 2], [16, 22, 17, 21], [18, 3, 19, 4], [20, 6, 21, 5], [22, 7, 23, 8], [24, 13, 1, 14]]"
12a_1025_25,"[[24, 13, 1, 14], [2, 11, 3, 12], [4, 10, 5, 9], [6, 15, 7, 16], [8, 18, 9, 17], [10, 19, 11, 20], [12, 23, 13, 24], [14, 1, 15, 2], [16, 22, 17, 21], [18, 3, 19, 4], [20, 6, 21, 5], [22, 7, 23, 8]]"
12a_1025_26,"[[22, 7, 23, 8], [24, 13, 1, 14], [2, 11, 3, 12], [4, 10, 5, 9], [6, 15, 7, 16], [8, 18, 9, 17], [10, 19, 11, 20], [12, 23, 13, 24], [14, 1, 15, 2], [16, 22, 17, 21], [18, 3, 19, 4], [20, 6, 21, 5]]"
12a_1025_27,"[[20, 6, 21, 5], [22, 7, 23, 8], [24, 13, 1, 14], [2, 11, 3, 12], [4, 10, 5, 9], [6, 15, 7, 16], [8, 18, 9, 17], [10, 19, 11, 20], [12, 23, 13, 24], [14, 1, 15, 2], [16, 22, 17, 21], [18, 3, 19, 4]]"
12a_1025_28,"[[18, 3, 19, 4], [20, 6, 21, 5], [22, 7, 23, 8], [24, 13, 1, 14], [2, 11, 3, 12], [4, 10, 5, 9], [6, 15, 7, 16], [8, 18, 9, 17], [10, 19, 11, 20], [12, 23, 13, 24], [14, 1, 15, 2], [16, 22, 17, 21]]"
12a_1025_29,"[[16, 22, 17, 21], [18, 3, 19, 4], [20, 6, 21, 5], [22, 7, 23, 8], [24, 13, 1, 14], [2, 11, 3, 12], [4, 10, 5, 9], [6, 15, 7, 16], [8, 18, 9, 17], [10, 19, 11, 20], [12, 23, 13, 24], [14, 1, 15, 2]]"
12a_1025_30,"[[14, 1, 15, 2], [16, 22, 17, 21], [18, 3, 19, 4], [20, 6, 21, 5], [22, 7, 23, 8], [24, 13, 1, 14], [2, 11, 3, 12], [4, 10, 5, 9], [6, 15, 7, 16], [8, 18, 9, 17], [10, 19, 11, 20], [12, 23, 13, 24]]"
12a_1025_31,"[[12, 23, 13, 24], [14, 1, 15, 2], [16, 22, 17, 21], [18, 3, 19, 4], [20, 6, 21, 5], [22, 7, 23, 8], [24, 13, 1, 14], [2, 11, 3, 12], [4, 10, 5, 9], [6, 15, 7, 16], [8, 18, 9, 17], [10, 19, 11, 20]]"
12a_1025_32,"[[10, 19, 11, 20], [12, 23, 13, 24], [14, 1, 15, 2], [16, 22, 17, 21], [18, 3, 19, 4], [20, 6, 21, 5], [22, 7, 23, 8], [24, 13, 1, 14], [2, 11, 3, 12], [4, 10, 5, 9], [6, 15, 7, 16], [8, 18, 9, 17]]"
12a_1025_33,"[[8, 18, 9, 17], [10, 19, 11, 20], [12, 23, 13, 24], [14, 1, 15, 2], [16, 22, 17, 21], [18, 3, 19, 4], [20, 6, 21, 5], [22, 7, 23, 8], [24, 13, 1, 14], [2, 11, 3, 12], [4, 10, 5, 9], [6, 15, 7, 16]]"
12a_1025_34,"[[6, 15, 7, 16], [8, 18, 9, 17], [10, 19, 11, 20], [12, 23, 13, 24], [14, 1, 15, 2], [16, 22, 17, 21], [18, 3, 19, 4], [20, 6, 21, 5], [22, 7, 23, 8], [24, 13, 1, 14], [2, 11, 3, 12], [4, 10, 5, 9]]"
12a_1025_35,"[[4, 10, 5, 9], [6, 15, 7, 16], [8, 18, 9, 17], [10, 19, 11, 20], [12, 23, 13, 24], [14, 1, 15, 2], [16, 22, 17, 21], [18, 3, 19, 4], [20, 6, 21, 5], [22, 7, 23, 8], [24, 13, 1, 14], [2, 11, 3, 12]]"
12a_1025_36,"[[3, 12, 4, 13], [5, 11, 6, 10], [7, 16, 8, 17], [9, 19, 10, 18], [11, 20, 12, 21], [13, 24, 14, 1], [15, 2, 16, 3], [17, 23, 18, 22], [19, 4, 20, 5], [21, 7, 22, 6], [23, 8, 24, 9], [1, 14, 2, 15]]"
12a_1025_37,"[[1, 14, 2, 15], [3, 12, 4, 13], [5, 11, 6, 10], [7, 16, 8, 17], [9, 19, 10, 18], [11, 20, 12, 21], [13, 24, 14, 1], [15, 2, 16, 3], [17, 23, 18, 22], [19, 4, 20, 5], [21, 7, 22, 6], [23, 8, 24, 9]]"
12a_1025_38,"[[23, 8, 24, 9], [1, 14, 2, 15], [3, 12, 4, 13], [5, 11, 6, 10], [7, 16, 8, 17], [9, 19, 10, 18], [11, 20, 12, 21], [13, 24, 14, 1], [15, 2, 16, 3], [17, 23, 18, 22], [19, 4, 20, 5], [21, 7, 22, 6]]"
12a_1025_39,"[[21, 7, 22, 6], [23, 8, 24, 9], [1, 14, 2, 15], [3, 12, 4, 13], [5, 11, 6, 10], [7, 16, 8, 17], [9, 19, 10, 18], [11, 20, 12, 21], [13, 24, 14, 1], [15, 2, 16, 3], [17, 23, 18, 22], [19, 4, 20, 5]]"
12a_1025_40,"[[19, 4, 20, 5], [21, 7, 22, 6], [23, 8, 24, 9], [1, 14, 2, 15], [3, 12, 4, 13], [5, 11, 6, 10], [7, 16, 8, 17], [9, 19, 10, 18], [11, 20, 12, 21], [13, 24, 14, 1], [15, 2, 16, 3], [17, 23, 18, 22]]"
12a_1025_41,"[[17, 23, 18, 22], [19, 4, 20, 5], [21, 7, 22, 6], [23, 8, 24, 9], [1, 14, 2, 15], [3, 12, 4, 13], [5, 11, 6, 10], [7, 16, 8, 17], [9, 19, 10, 18], [11, 20, 12, 21], [13, 24, 14, 1], [15, 2, 16, 3]]"
12a_1025_42,"[[15, 2, 16, 3], [17, 23, 18, 22], [19, 4, 20, 5], [21, 7, 22, 6], [23, 8, 24, 9], [1, 14, 2, 15], [3, 12, 4, 13], [5, 11, 6, 10], [7, 16, 8, 17], [9, 19, 10, 18], [11, 20, 12, 21], [13, 24, 14, 1]]"
12a_1025_43,"[[13, 24, 14, 1], [15, 2, 16, 3], [17, 23, 18, 22], [19, 4, 20, 5], [21, 7, 22, 6], [23, 8, 24, 9], [1, 14, 2, 15], [3, 12, 4, 13], [5, 11, 6, 10], [7, 16, 8, 17], [9, 19, 10, 18], [11, 20, 12, 21]]"
12a_1025_44,"[[11, 20, 12, 21], [13, 24, 14, 1], [15, 2, 16, 3], [17, 23, 18, 22], [19, 4, 20, 5], [21, 7, 22, 6], [23, 8, 24, 9], [1, 14, 2, 15], [3, 12, 4, 13], [5, 11, 6, 10], [7, 16, 8, 17], [9, 19, 10, 18]]"
12a_1025_45,"[[9, 19, 10, 18], [11, 20, 12, 21], [13, 24, 14, 1], [15, 2, 16, 3], [17, 23, 18, 22], [19, 4, 20, 5], [21, 7, 22, 6], [23, 8, 24, 9], [1, 14, 2, 15], [3, 12, 4, 13], [5, 11, 6, 10], [7, 16, 8, 17]]"
12a_1025_46,"[[7, 16, 8, 17], [9, 19, 10, 18], [11, 20, 12, 21], [13, 24, 14, 1], [15, 2, 16, 3], [17, 23, 18, 22], [19, 4, 20, 5], [21, 7, 22, 6], [23, 8, 24, 9], [1, 14, 2, 15], [3, 12, 4, 13], [5, 11, 6, 10]]"
12a_1025_47,"[[5, 11, 6, 10], [7, 16, 8, 17], [9, 19, 10, 18], [11, 20, 12, 21], [13, 24, 14, 1], [15, 2, 16, 3], [17, 23, 18, 22], [19, 4, 20, 5], [21, 7, 22, 6], [23, 8, 24, 9], [1, 14, 2, 15], [3, 12, 4, 13]]"
12a_1025_48,"[[4, 13, 5, 14], [6, 12, 7, 11], [8, 17, 9, 18], [10, 20, 11, 19], [12, 21, 13, 22], [14, 1, 15, 2], [16, 3, 17, 4], [18, 24, 19, 23], [20, 5, 21, 6], [22, 8, 23, 7], [24, 9, 1, 10], [2, 15, 3, 16]]"
12a_1025_49,"[[2, 15, 3, 16], [4, 13, 5, 14], [6, 12, 7, 11], [8, 17, 9, 18], [10, 20, 11, 19], [12, 21, 13, 22], [14, 1, 15, 2], [16, 3, 17, 4], [18, 24, 19, 23], [20, 5, 21, 6], [22, 8, 23, 7], [24, 9, 1, 10]]"
12a_1025_50,"[[24, 9, 1, 10], [2, 15, 3, 16], [4, 13, 5, 14], [6, 12, 7, 11], [8, 17, 9, 18], [10, 20, 11, 19], [12, 21, 13, 22], [14, 1, 15, 2], [16, 3, 17, 4], [18, 24, 19, 23], [20, 5, 21, 6], [22, 8, 23, 7]]"
12a_1025_51,"[[22, 8, 23, 7], [24, 9, 1, 10], [2, 15, 3, 16], [4, 13, 5, 14], [6, 12, 7, 11], [8, 17, 9, 18], [10, 20, 11, 19], [12, 21, 13, 22], [14, 1, 15, 2], [16, 3, 17, 4], [18, 24, 19, 23], [20, 5, 21, 6]]"
12a_1025_52,"[[20, 5, 21, 6], [22, 8, 23, 7], [24, 9, 1, 10], [2, 15, 3, 16], [4, 13, 5, 14], [6, 12, 7, 11], [8, 17, 9, 18], [10, 20, 11, 19], [12, 21, 13, 22], [14, 1, 15, 2], [16, 3, 17, 4], [18, 24, 19, 23]]"
12a_1025_53,"[[18, 24, 19, 23], [20, 5, 21, 6], [22, 8, 23, 7], [24, 9, 1, 10], [2, 15, 3, 16], [4, 13, 5, 14], [6, 12, 7, 11], [8, 17, 9, 18], [10, 20, 11, 19], [12, 21, 13, 22], [14, 1, 15, 2], [16, 3, 17, 4]]"
12a_1025_54,"[[16, 3, 17, 4], [18, 24, 19, 23], [20, 5, 21, 6], [22, 8, 23, 7], [24, 9, 1, 10], [2, 15, 3, 16], [4, 13, 5, 14], [6, 12, 7, 11], [8, 17, 9, 18], [10, 20, 11, 19], [12, 21, 13, 22], [14, 1, 15, 2]]"
12a_1025_55,"[[14, 1, 15, 2], [16, 3, 17, 4], [18, 24, 19, 23], [20, 5, 21, 6], [22, 8, 23, 7], [24, 9, 1, 10], [2, 15, 3, 16], [4, 13, 5, 14], [6, 12, 7, 11], [8, 17, 9, 18], [10, 20, 11, 19], [12, 21, 13, 22]]"
12a_1025_56,"[[12, 21, 13, 22], [14, 1, 15, 2], [16, 3, 17, 4], [18, 24, 19, 23], [20, 5, 21, 6], [22, 8, 23, 7], [24, 9, 1, 10], [2, 15, 3, 16], [4, 13, 5, 14], [6, 12, 7, 11], [8, 17, 9, 18], [10, 20, 11, 19]]"
12a_1025_57,"[[10, 20, 11, 19], [12, 21, 13, 22], [14, 1, 15, 2], [16, 3, 17, 4], [18, 24, 19, 23], [20, 5, 21, 6], [22, 8, 23, 7], [24, 9, 1, 10], [2, 15, 3, 16], [4, 13, 5, 14], [6, 12, 7, 11], [8, 17, 9, 18]]"
12a_1025_58,"[[8, 17, 9, 18], [10, 20, 11, 19], [12, 21, 13, 22], [14, 1, 15, 2], [16, 3, 17, 4], [18, 24, 19, 23], [20, 5, 21, 6], [22, 8, 23, 7], [24, 9, 1, 10], [2, 15, 3, 16], [4, 13, 5, 14], [6, 12, 7, 11]]"
12a_1025_59,"[[6, 12, 7, 11], [8, 17, 9, 18], [10, 20, 11, 19], [12, 21, 13, 22], [14, 1, 15, 2], [16, 3, 17, 4], [18, 24, 19, 23], [20, 5, 21, 6], [22, 8, 23, 7], [24, 9, 1, 10], [2, 15, 3, 16], [4, 13, 5, 14]]"
12a_1025_60,"[[5, 14, 6, 15], [7, 13, 8, 12], [9, 18, 10, 19], [11, 21, 12, 20], [13, 22, 14, 23], [15, 2, 16, 3], [17, 4, 18, 5], [19, 1, 20, 24], [21, 6, 22, 7], [23, 9, 24, 8], [1, 10, 2, 11], [3, 16, 4, 17]]"
12a_1025_61,"[[3, 16, 4, 17], [5, 14, 6, 15], [7, 13, 8, 12], [9, 18, 10, 19], [11, 21, 12, 20], [13, 22, 14, 23], [15, 2, 16, 3], [17, 4, 18, 5], [19, 1, 20, 24], [21, 6, 22, 7], [23, 9, 24, 8], [1, 10, 2, 11]]"
12a_1025_62,"[[1, 10, 2, 11], [3, 16, 4, 17], [5, 14, 6, 15], [7, 13, 8, 12], [9, 18, 10, 19], [11, 21, 12, 20], [13, 22, 14, 23], [15, 2, 16, 3], [17, 4, 18, 5], [19, 1, 20, 24], [21, 6, 22, 7], [23, 9, 24, 8]]"
12a_1025_63,"[[23, 9, 24, 8], [1, 10, 2, 11], [3, 16, 4, 17], [5, 14, 6, 15], [7, 13, 8, 12], [9, 18, 10, 19], [11, 21, 12, 20], [13, 22, 14, 23], [15, 2, 16, 3], [17, 4, 18, 5], [19, 1, 20, 24], [21, 6, 22, 7]]"
12a_1025_64,"[[21, 6, 22, 7], [23, 9, 24, 8], [1, 10, 2, 11], [3, 16, 4, 17], [5, 14, 6, 15], [7, 13, 8, 12], [9, 18, 10, 19], [11, 21, 12, 20], [13, 22, 14, 23], [15, 2, 16, 3], [17, 4, 18, 5], [19, 1, 20, 24]]"
12a_1025_65,"[[19, 1, 20, 24], [21, 6, 22, 7], [23, 9, 24, 8], [1, 10, 2, 11], [3, 16, 4, 17], [5, 14, 6, 15], [7, 13, 8, 12], [9, 18, 10, 19], [11, 21, 12, 20], [13, 22, 14, 23], [15, 2, 16, 3], [17, 4, 18, 5]]"
12a_1025_66,"[[17, 4, 18, 5], [19, 1, 20, 24], [21, 6, 22, 7], [23, 9, 24, 8], [1, 10, 2, 11], [3, 16, 4, 17], [5, 14, 6, 15], [7, 13, 8, 12], [9, 18, 10, 19], [11, 21, 12, 20], [13, 22, 14, 23], [15, 2, 16, 3]]"
12a_1025_67,"[[15, 2, 16, 3], [17, 4, 18, 5], [19, 1, 20, 24], [21, 6, 22, 7], [23, 9, 24, 8], [1, 10, 2, 11], [3, 16, 4, 17], [5, 14, 6, 15], [7, 13, 8, 12], [9, 18, 10, 19], [11, 21, 12, 20], [13, 22, 14, 23]]"
12a_1025_68,"[[13, 22, 14, 23], [15, 2, 16, 3], [17, 4, 18, 5], [19, 1, 20, 24], [21, 6, 22, 7], [23, 9, 24, 8], [1, 10, 2, 11], [3, 16, 4, 17], [5, 14, 6, 15], [7, 13, 8, 12], [9, 18, 10, 19], [11, 21, 12, 20]]"
12a_1025_69,"[[11, 21, 12, 20], [13, 22, 14, 23], [15, 2, 16, 3], [17, 4, 18, 5], [19, 1, 20, 24], [21, 6, 22, 7], [23, 9, 24, 8], [1, 10, 2, 11], [3, 16, 4, 17], [5, 14, 6, 15], [7, 13, 8, 12], [9, 18, 10, 19]]"
12a_1025_70,"[[9, 18, 10, 19], [11, 21, 12, 20], [13, 22, 14, 23], [15, 2, 16, 3], [17, 4, 18, 5], [19, 1, 20, 24], [21, 6, 22, 7], [23, 9, 24, 8], [1, 10, 2, 11], [3, 16, 4, 17], [5, 14, 6, 15], [7, 13, 8, 12]]"
12a_1025_71,"[[7, 13, 8, 12], [9, 18, 10, 19], [11, 21, 12, 20], [13, 22, 14, 23], [15, 2, 16, 3], [17, 4, 18, 5], [19, 1, 20, 24], [21, 6, 22, 7], [23, 9, 24, 8], [1, 10, 2, 11], [3, 16, 4, 17], [5, 14, 6, 15]]"
12a_1025_72,"[[6, 15, 7, 16], [8, 14, 9, 13], [10, 19, 11, 20], [12, 22, 13, 21], [14, 23, 15, 24], [16, 3, 17, 4], [18, 5, 19, 6], [20, 2, 21, 1], [22, 7, 23, 8], [24, 10, 1, 9], [2, 11, 3, 12], [4, 17, 5, 18]]"
12a_1025_73,"[[4, 17, 5, 18], [6, 15, 7, 16], [8, 14, 9, 13], [10, 19, 11, 20], [12, 22, 13, 21], [14, 23, 15, 24], [16, 3, 17, 4], [18, 5, 19, 6], [20, 2, 21, 1], [22, 7, 23, 8], [24, 10, 1, 9], [2, 11, 3, 12]]"
12a_1025_74,"[[2, 11, 3, 12], [4, 17, 5, 18], [6, 15, 7, 16], [8, 14, 9, 13], [10, 19, 11, 20], [12, 22, 13, 21], [14, 23, 15, 24], [16, 3, 17, 4], [18, 5, 19, 6], [20, 2, 21, 1], [22, 7, 23, 8], [24, 10, 1, 9]]"
12a_1025_75,"[[24, 10, 1, 9], [2, 11, 3, 12], [4, 17, 5, 18], [6, 15, 7, 16], [8, 14, 9, 13], [10, 19, 11, 20], [12, 22, 13, 21], [14, 23, 15, 24], [16, 3, 17, 4], [18, 5, 19, 6], [20, 2, 21, 1], [22, 7, 23, 8]]"
12a_1025_76,"[[22, 7, 23, 8], [24, 10, 1, 9], [2, 11, 3, 12], [4, 17, 5, 18], [6, 15, 7, 16], [8, 14, 9, 13], [10, 19, 11, 20], [12, 22, 13, 21], [14, 23, 15, 24], [16, 3, 17, 4], [18, 5, 19, 6], [20, 2, 21, 1]]"
12a_1025_77,"[[20, 2, 21, 1], [22, 7, 23, 8], [24, 10, 1, 9], [2, 11, 3, 12], [4, 17, 5, 18], [6, 15, 7, 16], [8, 14, 9, 13], [10, 19, 11, 20], [12, 22, 13, 21], [14, 23, 15, 24], [16, 3, 17, 4], [18, 5, 19, 6]]"
12a_1025_78,"[[18, 5, 19, 6], [20, 2, 21, 1], [22, 7, 23, 8], [24, 10, 1, 9], [2, 11, 3, 12], [4, 17, 5, 18], [6, 15, 7, 16], [8, 14, 9, 13], [10, 19, 11, 20], [12, 22, 13, 21], [14, 23, 15, 24], [16, 3, 17, 4]]"
12a_1025_79,"[[16, 3, 17, 4], [18, 5, 19, 6], [20, 2, 21, 1], [22, 7, 23, 8], [24, 10, 1, 9], [2, 11, 3, 12], [4, 17, 5, 18], [6, 15, 7, 16], [8, 14, 9, 13], [10, 19, 11, 20], [12, 22, 13, 21], [14, 23, 15, 24]]"
12a_1025_80,"[[14, 23, 15, 24], [16, 3, 17, 4], [18, 5, 19, 6], [20, 2, 21, 1], [22, 7, 23, 8], [24, 10, 1, 9], [2, 11, 3, 12], [4, 17, 5, 18], [6, 15, 7, 16], [8, 14, 9, 13], [10, 19, 11, 20], [12, 22, 13, 21]]"
12a_1025_81,"[[12, 22, 13, 21], [14, 23, 15, 24], [16, 3, 17, 4], [18, 5, 19, 6], [20, 2, 21, 1], [22, 7, 23, 8], [24, 10, 1, 9], [2, 11, 3, 12], [4, 17, 5, 18], [6, 15, 7, 16], [8, 14, 9, 13], [10, 19, 11, 20]]"
12a_1025_82,"[[10, 19, 11, 20], [12, 22, 13, 21], [14, 23, 15, 24], [16, 3, 17, 4], [18, 5, 19, 6], [20, 2, 21, 1], [22, 7, 23, 8], [24, 10, 1, 9], [2, 11, 3, 12], [4, 17, 5, 18], [6, 15, 7, 16], [8, 14, 9, 13]]"
12a_1025_83,"[[8, 14, 9, 13], [10, 19, 11, 20], [12, 22, 13, 21], [14, 23, 15, 24], [16, 3, 17, 4], [18, 5, 19, 6], [20, 2, 21, 1], [22, 7, 23, 8], [24, 10, 1, 9], [2, 11, 3, 12], [4, 17, 5, 18], [6, 15, 7, 16]]"
12a_1025_84,"[[7, 16, 8, 17], [9, 15, 10, 14], [11, 20, 12, 21], [13, 23, 14, 22], [15, 24, 16, 1], [17, 4, 18, 5], [19, 6, 20, 7], [21, 3, 22, 2], [23, 8, 24, 9], [1, 11, 2, 10], [3, 12, 4, 13], [5, 18, 6, 19]]"
12a_1025_85,"[[5, 18, 6, 19], [7, 16, 8, 17], [9, 15, 10, 14], [11, 20, 12, 21], [13, 23, 14, 22], [15, 24, 16, 1], [17, 4, 18, 5], [19, 6, 20, 7], [21, 3, 22, 2], [23, 8, 24, 9], [1, 11, 2, 10], [3, 12, 4, 13]]"
12a_1025_86,"[[3, 12, 4, 13], [5, 18, 6, 19], [7, 16, 8, 17], [9, 15, 10, 14], [11, 20, 12, 21], [13, 23, 14, 22], [15, 24, 16, 1], [17, 4, 18, 5], [19, 6, 20, 7], [21, 3, 22, 2], [23, 8, 24, 9], [1, 11, 2, 10]]"
12a_1025_87,"[[1, 11, 2, 10], [3, 12, 4, 13], [5, 18, 6, 19], [7, 16, 8, 17], [9, 15, 10, 14], [11, 20, 12, 21], [13, 23, 14, 22], [15, 24, 16, 1], [17, 4, 18, 5], [19, 6, 20, 7], [21, 3, 22, 2], [23, 8, 24, 9]]"
12a_1025_88,"[[23, 8, 24, 9], [1, 11, 2, 10], [3, 12, 4, 13], [5, 18, 6, 19], [7, 16, 8, 17], [9, 15, 10, 14], [11, 20, 12, 21], [13, 23, 14, 22], [15, 24, 16, 1], [17, 4, 18, 5], [19, 6, 20, 7], [21, 3, 22, 2]]"
12a_1025_89,"[[21, 3, 22, 2], [23, 8, 24, 9], [1, 11, 2, 10], [3, 12, 4, 13], [5, 18, 6, 19], [7, 16, 8, 17], [9, 15, 10, 14], [11, 20, 12, 21], [13, 23, 14, 22], [15, 24, 16, 1], [17, 4, 18, 5], [19, 6, 20, 7]]"
12a_1025_90,"[[19, 6, 20, 7], [21, 3, 22, 2], [23, 8, 24, 9], [1, 11, 2, 10], [3, 12, 4, 13], [5, 18, 6, 19], [7, 16, 8, 17], [9, 15, 10, 14], [11, 20, 12, 21], [13, 23, 14, 22], [15, 24, 16, 1], [17, 4, 18, 5]]"
12a_1025_91,"[[17, 4, 18, 5], [19, 6, 20, 7], [21, 3, 22, 2], [23, 8, 24, 9], [1, 11, 2, 10], [3, 12, 4, 13], [5, 18, 6, 19], [7, 16, 8, 17], [9, 15, 10, 14], [11, 20, 12, 21], [13, 23, 14, 22], [15, 24, 16, 1]]"
12a_1025_92,"[[15, 24, 16, 1], [17, 4, 18, 5], [19, 6, 20, 7], [21, 3, 22, 2], [23, 8, 24, 9], [1, 11, 2, 10], [3, 12, 4, 13], [5, 18, 6, 19], [7, 16, 8, 17], [9, 15, 10, 14], [11, 20, 12, 21], [13, 23, 14, 22]]"
12a_1025_93,"[[13, 23, 14, 22], [15, 24, 16, 1], [17, 4, 18, 5], [19, 6, 20, 7], [21, 3, 22, 2], [23, 8, 24, 9], [1, 11, 2, 10], [3, 12, 4, 13], [5, 18, 6, 19], [7, 16, 8, 17], [9, 15, 10, 14], [11, 20, 12, 21]]"
12a_1025_94,"[[11, 20, 12, 21], [13, 23, 14, 22], [15, 24, 16, 1], [17, 4, 18, 5], [19, 6, 20, 7], [21, 3, 22, 2], [23, 8, 24, 9], [1, 11, 2, 10], [3, 12, 4, 13], [5, 18, 6, 19], [7, 16, 8, 17], [9, 15, 10, 14]]"
12a_1025_95,"[[9, 15, 10, 14], [11, 20, 12, 21], [13, 23, 14, 22], [15, 24, 16, 1], [17, 4, 18, 5], [19, 6, 20, 7], [21, 3, 22, 2], [23, 8, 24, 9], [1, 11, 2, 10], [3, 12, 4, 13], [5, 18, 6, 19], [7, 16, 8, 17]]"
12a_1025_96,"[[8, 17, 9, 18], [10, 16, 11, 15], [12, 21, 13, 22], [14, 24, 15, 23], [16, 1, 17, 2], [18, 5, 19, 6], [20, 7, 21, 8], [22, 4, 23, 3], [24, 9, 1, 10], [2, 12, 3, 11], [4, 13, 5, 14], [6, 19, 7, 20]]"
12a_1025_97,"[[6, 19, 7, 20], [8, 17, 9, 18], [10, 16, 11, 15], [12, 21, 13, 22], [14, 24, 15, 23], [16, 1, 17, 2], [18, 5, 19, 6], [20, 7, 21, 8], [22, 4, 23, 3], [24, 9, 1, 10], [2, 12, 3, 11], [4, 13, 5, 14]]"
12a_1025_98,"[[4, 13, 5, 14], [6, 19, 7, 20], [8, 17, 9, 18], [10, 16, 11, 15], [12, 21, 13, 22], [14, 24, 15, 23], [16, 1, 17, 2], [18, 5, 19, 6], [20, 7, 21, 8], [22, 4, 23, 3], [24, 9, 1, 10], [2, 12, 3, 11]]"
12a_1025_99,"[[2, 12, 3, 11], [4, 13, 5, 14], [6, 19, 7, 20], [8, 17, 9, 18], [10, 16, 11, 15], [12, 21, 13, 22], [14, 24, 15, 23], [16, 1, 17, 2], [18, 5, 19, 6], [20, 7, 21, 8], [22, 4, 23, 3], [24, 9, 1, 10]]"
12a_1025_100,"[[24, 9, 1, 10], [2, 12, 3, 11], [4, 13, 5, 14], [6, 19, 7, 20], [8, 17, 9, 18], [10, 16, 11, 15], [12, 21, 13, 22], [14, 24, 15, 23], [16, 1, 17, 2], [18, 5, 19, 6], [20, 7, 21, 8], [22, 4, 23, 3]]"
12a_1025_101,"[[22, 4, 23, 3], [24, 9, 1, 10], [2, 12, 3, 11], [4, 13, 5, 14], [6, 19, 7, 20], [8, 17, 9, 18], [10, 16, 11, 15], [12, 21, 13, 22], [14, 24, 15, 23], [16, 1, 17, 2], [18, 5, 19, 6], [20, 7, 21, 8]]"
12a_1025_102,"[[20, 7, 21, 8], [22, 4, 23, 3], [24, 9, 1, 10], [2, 12, 3, 11], [4, 13, 5, 14], [6, 19, 7, 20], [8, 17, 9, 18], [10, 16, 11, 15], [12, 21, 13, 22], [14, 24, 15, 23], [16, 1, 17, 2], [18, 5, 19, 6]]"
12a_1025_103,"[[18, 5, 19, 6], [20, 7, 21, 8], [22, 4, 23, 3], [24, 9, 1, 10], [2, 12, 3, 11], [4, 13, 5, 14], [6, 19, 7, 20], [8, 17, 9, 18], [10, 16, 11, 15], [12, 21, 13, 22], [14, 24, 15, 23], [16, 1, 17, 2]]"
12a_1025_104,"[[16, 1, 17, 2], [18, 5, 19, 6], [20, 7, 21, 8], [22, 4, 23, 3], [24, 9, 1, 10], [2, 12, 3, 11], [4, 13, 5, 14], [6, 19, 7, 20], [8, 17, 9, 18], [10, 16, 11, 15], [12, 21, 13, 22], [14, 24, 15, 23]]"
12a_1025_105,"[[14, 24, 15, 23], [16, 1, 17, 2], [18, 5, 19, 6], [20, 7, 21, 8], [22, 4, 23, 3], [24, 9, 1, 10], [2, 12, 3, 11], [4, 13, 5, 14], [6, 19, 7, 20], [8, 17, 9, 18], [10, 16, 11, 15], [12, 21, 13, 22]]"
12a_1025_106,"[[12, 21, 13, 22], [14, 24, 15, 23], [16, 1, 17, 2], [18, 5, 19, 6], [20, 7, 21, 8], [22, 4, 23, 3], [24, 9, 1, 10], [2, 12, 3, 11], [4, 13, 5, 14], [6, 19, 7, 20], [8, 17, 9, 18], [10, 16, 11, 15]]"
12a_1025_107,"[[10, 16, 11, 15], [12, 21, 13, 22], [14, 24, 15, 23], [16, 1, 17, 2], [18, 5, 19, 6], [20, 7, 21, 8], [22, 4, 23, 3], [24, 9, 1, 10], [2, 12, 3, 11], [4, 13, 5, 14], [6, 19, 7, 20], [8, 17, 9, 18]]"
12a_1025_108,"[[9, 18, 10, 19], [11, 17, 12, 16], [13, 22, 14, 23], [15, 1, 16, 24], [17, 2, 18, 3], [19, 6, 20, 7], [21, 8, 22, 9], [23, 5, 24, 4], [1, 10, 2, 11], [3, 13, 4, 12], [5, 14, 6, 15], [7, 20, 8, 21]]"
12a_1025_109,"[[7, 20, 8, 21], [9, 18, 10, 19], [11, 17, 12, 16], [13, 22, 14, 23], [15, 1, 16, 24], [17, 2, 18, 3], [19, 6, 20, 7], [21, 8, 22, 9], [23, 5, 24, 4], [1, 10, 2, 11], [3, 13, 4, 12], [5, 14, 6, 15]]"
12a_1025_110,"[[5, 14, 6, 15], [7, 20, 8, 21], [9, 18, 10, 19], [11, 17, 12, 16], [13, 22, 14, 23], [15, 1, 16, 24], [17, 2, 18, 3], [19, 6, 20, 7], [21, 8, 22, 9], [23, 5, 24, 4], [1, 10, 2, 11], [3, 13, 4, 12]]"
12a_1025_111,"[[3, 13, 4, 12], [5, 14, 6, 15], [7, 20, 8, 21], [9, 18, 10, 19], [11, 17, 12, 16], [13, 22, 14, 23], [15, 1, 16, 24], [17, 2, 18, 3], [19, 6, 20, 7], [21, 8, 22, 9], [23, 5, 24, 4], [1, 10, 2, 11]]"
12a_1025_112,"[[1, 10, 2, 11], [3, 13, 4, 12], [5, 14, 6, 15], [7, 20, 8, 21], [9, 18, 10, 19], [11, 17, 12, 16], [13, 22, 14, 23], [15, 1, 16, 24], [17, 2, 18, 3], [19, 6, 20, 7], [21, 8, 22, 9], [23, 5, 24, 4]]"
12a_1025_113,"[[23, 5, 24, 4], [1, 10, 2, 11], [3, 13, 4, 12], [5, 14, 6, 15], [7, 20, 8, 21], [9, 18, 10, 19], [11, 17, 12, 16], [13, 22, 14, 23], [15, 1, 16, 24], [17, 2, 18, 3], [19, 6, 20, 7], [21, 8, 22, 9]]"
12a_1025_114,"[[21, 8, 22, 9], [23, 5, 24, 4], [1, 10, 2, 11], [3, 13, 4, 12], [5, 14, 6, 15], [7, 20, 8, 21], [9, 18, 10, 19], [11, 17, 12, 16], [13, 22, 14, 23], [15, 1, 16, 24], [17, 2, 18, 3], [19, 6, 20, 7]]"
12a_1025_115,"[[19, 6, 20, 7], [21, 8, 22, 9], [23, 5, 24, 4], [1, 10, 2, 11], [3, 13, 4, 12], [5, 14, 6, 15], [7, 20, 8, 21], [9, 18, 10, 19], [11, 17, 12, 16], [13, 22, 14, 23], [15, 1, 16, 24], [17, 2, 18, 3]]"
12a_1025_116,"[[17, 2, 18, 3], [19, 6, 20, 7], [21, 8, 22, 9], [23, 5, 24, 4], [1, 10, 2, 11], [3, 13, 4, 12], [5, 14, 6, 15], [7, 20, 8, 21], [9, 18, 10, 19], [11, 17, 12, 16], [13, 22, 14, 23], [15, 1, 16, 24]]"
12a_1025_117,"[[15, 1, 16, 24], [17, 2, 18, 3], [19, 6, 20, 7], [21, 8, 22, 9], [23, 5, 24, 4], [1, 10, 2, 11], [3, 13, 4, 12], [5, 14, 6, 15], [7, 20, 8, 21], [9, 18, 10, 19], [11, 17, 12, 16], [13, 22, 14, 23]]"
12a_1025_118,"[[13, 22, 14, 23], [15, 1, 16, 24], [17, 2, 18, 3], [19, 6, 20, 7], [21, 8, 22, 9], [23, 5, 24, 4], [1, 10, 2, 11], [3, 13, 4, 12], [5, 14, 6, 15], [7, 20, 8, 21], [9, 18, 10, 19], [11, 17, 12, 16]]"
12a_1025_119,"[[11, 17, 12, 16], [13, 22, 14, 23], [15, 1, 16, 24], [17, 2, 18, 3], [19, 6, 20, 7], [21, 8, 22, 9], [23, 5, 24, 4], [1, 10, 2, 11], [3, 13, 4, 12], [5, 14, 6, 15], [7, 20, 8, 21], [9, 18, 10, 19]]"
12a_1025_120,"[[10, 19, 11, 20], [12, 18, 13, 17], [14, 23, 15, 24], [16, 2, 17, 1], [18, 3, 19, 4], [20, 7, 21, 8], [22, 9, 23, 10], [24, 6, 1, 5], [2, 11, 3, 12], [4, 14, 5, 13], [6, 15, 7, 16], [8, 21, 9, 22]]"
12a_1025_121,"[[8, 21, 9, 22], [10, 19, 11, 20], [12, 18, 13, 17], [14, 23, 15, 24], [16, 2, 17, 1], [18, 3, 19, 4], [20, 7, 21, 8], [22, 9, 23, 10], [24, 6, 1, 5], [2, 11, 3, 12], [4, 14, 5, 13], [6, 15, 7, 16]]"
12a_1025_122,"[[6, 15, 7, 16], [8, 21, 9, 22], [10, 19, 11, 20], [12, 18, 13, 17], [14, 23, 15, 24], [16, 2, 17, 1], [18, 3, 19, 4], [20, 7, 21, 8], [22, 9, 23, 10], [24, 6, 1, 5], [2, 11, 3, 12], [4, 14, 5, 13]]"
12a_1025_123,"[[4, 14, 5, 13], [6, 15, 7, 16], [8, 21, 9, 22], [10, 19, 11, 20], [12, 18, 13, 17], [14, 23, 15, 24], [16, 2, 17, 1], [18, 3, 19, 4], [20, 7, 21, 8], [22, 9, 23, 10], [24, 6, 1, 5], [2, 11, 3, 12]]"
12a_1025_124,"[[2, 11, 3, 12], [4, 14, 5, 13], [6, 15, 7, 16], [8, 21, 9, 22], [10, 19, 11, 20], [12, 18, 13, 17], [14, 23, 15, 24], [16, 2, 17, 1], [18, 3, 19, 4], [20, 7, 21, 8], [22, 9, 23, 10], [24, 6, 1, 5]]"
12a_1025_125,"[[24, 6, 1, 5], [2, 11, 3, 12], [4, 14, 5, 13], [6, 15, 7, 16], [8, 21, 9, 22], [10, 19, 11, 20], [12, 18, 13, 17], [14, 23, 15, 24], [16, 2, 17, 1], [18, 3, 19, 4], [20, 7, 21, 8], [22, 9, 23, 10]]"
12a_1025_126,"[[22, 9, 23, 10], [24, 6, 1, 5], [2, 11, 3, 12], [4, 14, 5, 13], [6, 15, 7, 16], [8, 21, 9, 22], [10, 19, 11, 20], [12, 18, 13, 17], [14, 23, 15, 24], [16, 2, 17, 1], [18, 3, 19, 4], [20, 7, 21, 8]]"
12a_1025_127,"[[20, 7, 21, 8], [22, 9, 23, 10], [24, 6, 1, 5], [2, 11, 3, 12], [4, 14, 5, 13], [6, 15, 7, 16], [8, 21, 9, 22], [10, 19, 11, 20], [12, 18, 13, 17], [14, 23, 15, 24], [16, 2, 17, 1], [18, 3, 19, 4]]"
12a_1025_128,"[[18, 3, 19, 4], [20, 7, 21, 8], [22, 9, 23, 10], [24, 6, 1, 5], [2, 11, 3, 12], [4, 14, 5, 13], [6, 15, 7, 16], [8, 21, 9, 22], [10, 19, 11, 20], [12, 18, 13, 17], [14, 23, 15, 24], [16, 2, 17, 1]]"
12a_1025_129,"[[16, 2, 17, 1], [18, 3, 19, 4], [20, 7, 21, 8], [22, 9, 23, 10], [24, 6, 1, 5], [2, 11, 3, 12], [4, 14, 5, 13], [6, 15, 7, 16], [8, 21, 9, 22], [10, 19, 11, 20], [12, 18, 13, 17], [14, 23, 15, 24]]"
12a_1025_130,"[[14, 23, 15, 24], [16, 2, 17, 1], [18, 3, 19, 4], [20, 7, 21, 8], [22, 9, 23, 10], [24, 6, 1, 5], [2, 11, 3, 12], [4, 14, 5, 13], [6, 15, 7, 16], [8, 21, 9, 22], [10, 19, 11, 20], [12, 18, 13, 17]]"
12a_1025_131,"[[12, 18, 13, 17], [14, 23, 15, 24], [16, 2, 17, 1], [18, 3, 19, 4], [20, 7, 21, 8], [22, 9, 23, 10], [24, 6, 1, 5], [2, 11, 3, 12], [4, 14, 5, 13], [6, 15, 7, 16], [8, 21, 9, 22], [10, 19, 11, 20]]"
12a_1025_132,"[[11, 20, 12, 21], [13, 19, 14, 18], [15, 24, 16, 1], [17, 3, 18, 2], [19, 4, 20, 5], [21, 8, 22, 9], [23, 10, 24, 11], [1, 7, 2, 6], [3, 12, 4, 13], [5, 15, 6, 14], [7, 16, 8, 17], [9, 22, 10, 23]]"
12a_1025_133,"[[9, 22, 10, 23], [11, 20, 12, 21], [13, 19, 14, 18], [15, 24, 16, 1], [17, 3, 18, 2], [19, 4, 20, 5], [21, 8, 22, 9], [23, 10, 24, 11], [1, 7, 2, 6], [3, 12, 4, 13], [5, 15, 6, 14], [7, 16, 8, 17]]"
12a_1025_134,"[[7, 16, 8, 17], [9, 22, 10, 23], [11, 20, 12, 21], [13, 19, 14, 18], [15, 24, 16, 1], [17, 3, 18, 2], [19, 4, 20, 5], [21, 8, 22, 9], [23, 10, 24, 11], [1, 7, 2, 6], [3, 12, 4, 13], [5, 15, 6, 14]]"
12a_1025_135,"[[5, 15, 6, 14], [7, 16, 8, 17], [9, 22, 10, 23], [11, 20, 12, 21], [13, 19, 14, 18], [15, 24, 16, 1], [17, 3, 18, 2], [19, 4, 20, 5], [21, 8, 22, 9], [23, 10, 24, 11], [1, 7, 2, 6], [3, 12, 4, 13]]"
12a_1025_136,"[[3, 12, 4, 13], [5, 15, 6, 14], [7, 16, 8, 17], [9, 22, 10, 23], [11, 20, 12, 21], [13, 19, 14, 18], [15, 24, 16, 1], [17, 3, 18, 2], [19, 4, 20, 5], [21, 8, 22, 9], [23, 10, 24, 11], [1, 7, 2, 6]]"
12a_1025_137,"[[1, 7, 2, 6], [3, 12, 4, 13], [5, 15, 6, 14], [7, 16, 8, 17], [9, 22, 10, 23], [11, 20, 12, 21], [13, 19, 14, 18], [15, 24, 16, 1], [17, 3, 18, 2], [19, 4, 20, 5], [21, 8, 22, 9], [23, 10, 24, 11]]"
12a_1025_138,"[[23, 10, 24, 11], [1, 7, 2, 6], [3, 12, 4, 13], [5, 15, 6, 14], [7, 16, 8, 17], [9, 22, 10, 23], [11, 20, 12, 21], [13, 19, 14, 18], [15, 24, 16, 1], [17, 3, 18, 2], [19, 4, 20, 5], [21, 8, 22, 9]]"
12a_1025_139,"[[21, 8, 22, 9], [23, 10, 24, 11], [1, 7, 2, 6], [3, 12, 4, 13], [5, 15, 6, 14], [7, 16, 8, 17], [9, 22, 10, 23], [11, 20, 12, 21], [13, 19, 14, 18], [15, 24, 16, 1], [17, 3, 18, 2], [19, 4, 20, 5]]"
12a_1025_140,"[[19, 4, 20, 5], [21, 8, 22, 9], [23, 10, 24, 11], [1, 7, 2, 6], [3, 12, 4, 13], [5, 15, 6, 14], [7, 16, 8, 17], [9, 22, 10, 23], [11, 20, 12, 21], [13, 19, 14, 18], [15, 24, 16, 1], [17, 3, 18, 2]]"
12a_1025_141,"[[17, 3, 18, 2], [19, 4, 20, 5], [21, 8, 22, 9], [23, 10, 24, 11], [1, 7, 2, 6], [3, 12, 4, 13], [5, 15, 6, 14], [7, 16, 8, 17], [9, 22, 10, 23], [11, 20, 12, 21], [13, 19, 14, 18], [15, 24, 16, 1]]"
12a_1025_142,"[[15, 24, 16, 1], [17, 3, 18, 2], [19, 4, 20, 5], [21, 8, 22, 9], [23, 10, 24, 11], [1, 7, 2, 6], [3, 12, 4, 13], [5, 15, 6, 14], [7, 16, 8, 17], [9, 22, 10, 23], [11, 20, 12, 21], [13, 19, 14, 18]]"
12a_1025_143,"[[13, 19, 14, 18], [15, 24, 16, 1], [17, 3, 18, 2], [19, 4, 20, 5], [21, 8, 22, 9], [23, 10, 24, 11], [1, 7, 2, 6], [3, 12, 4, 13], [5, 15, 6, 14], [7, 16, 8, 17], [9, 22, 10, 23], [11, 20, 12, 21]]"
12a_1025_144,"[[12, 21, 13, 22], [14, 20, 15, 19], [16, 1, 17, 2], [18, 4, 19, 3], [20, 5, 21, 6], [22, 9, 23, 10], [24, 11, 1, 12], [2, 8, 3, 7], [4, 13, 5, 14], [6, 16, 7, 15], [8, 17, 9, 18], [10, 23, 11, 24]]"
12a_1025_145,"[[10, 23, 11, 24], [12, 21, 13, 22], [14, 20, 15, 19], [16, 1, 17, 2], [18, 4, 19, 3], [20, 5, 21, 6], [22, 9, 23, 10], [24, 11, 1, 12], [2, 8, 3, 7], [4, 13, 5, 14], [6, 16, 7, 15], [8, 17, 9, 18]]"
12a_1025_146,"[[8, 17, 9, 18], [10, 23, 11, 24], [12, 21, 13, 22], [14, 20, 15, 19], [16, 1, 17, 2], [18, 4, 19, 3], [20, 5, 21, 6], [22, 9, 23, 10], [24, 11, 1, 12], [2, 8, 3, 7], [4, 13, 5, 14], [6, 16, 7, 15]]"
12a_1025_147,"[[6, 16, 7, 15], [8, 17, 9, 18], [10, 23, 11, 24], [12, 21, 13, 22], [14, 20, 15, 19], [16, 1, 17, 2], [18, 4, 19, 3], [20, 5, 21, 6], [22, 9, 23, 10], [24, 11, 1, 12], [2, 8, 3, 7], [4, 13, 5, 14]]"
12a_1025_148,"[[4, 13, 5, 14], [6, 16, 7, 15], [8, 17, 9, 18], [10, 23, 11, 24], [12, 21, 13, 22], [14, 20, 15, 19], [16, 1, 17, 2], [18, 4, 19, 3], [20, 5, 21, 6], [22, 9, 23, 10], [24, 11, 1, 12], [2, 8, 3, 7]]"
12a_1025_149,"[[2, 8, 3, 7], [4, 13, 5, 14], [6, 16, 7, 15], [8, 17, 9, 18], [10, 23, 11, 24], [12, 21, 13, 22], [14, 20, 15, 19], [16, 1, 17, 2], [18, 4, 19, 3], [20, 5, 21, 6], [22, 9, 23, 10], [24, 11, 1, 12]]"
12a_1025_150,"[[24, 11, 1, 12], [2, 8, 3, 7], [4, 13, 5, 14], [6, 16, 7, 15], [8, 17, 9, 18], [10, 23, 11, 24], [12, 21, 13, 22], [14, 20, 15, 19], [16, 1, 17, 2], [18, 4, 19, 3], [20, 5, 21, 6], [22, 9, 23, 10]]"
12a_1025_151,"[[22, 9, 23, 10], [24, 11, 1, 12], [2, 8, 3, 7], [4, 13, 5, 14], [6, 16, 7, 15], [8, 17, 9, 18], [10, 23, 11, 24], [12, 21, 13, 22], [14, 20, 15, 19], [16, 1, 17, 2], [18, 4, 19, 3], [20, 5, 21, 6]]"
12a_1025_152,"[[20, 5, 21, 6], [22, 9, 23, 10], [24, 11, 1, 12], [2, 8, 3, 7], [4, 13, 5, 14], [6, 16, 7, 15], [8, 17, 9, 18], [10, 23, 11, 24], [12, 21, 13, 22], [14, 20, 15, 19], [16, 1, 17, 2], [18, 4, 19, 3]]"
12a_1025_153,"[[18, 4, 19, 3], [20, 5, 21, 6], [22, 9, 23, 10], [24, 11, 1, 12], [2, 8, 3, 7], [4, 13, 5, 14], [6, 16, 7, 15], [8, 17, 9, 18], [10, 23, 11, 24], [12, 21, 13, 22], [14, 20, 15, 19], [16, 1, 17, 2]]"
12a_1025_154,"[[16, 1, 17, 2], [18, 4, 19, 3], [20, 5, 21, 6], [22, 9, 23, 10], [24, 11, 1, 12], [2, 8, 3, 7], [4, 13, 5, 14], [6, 16, 7, 15], [8, 17, 9, 18], [10, 23, 11, 24], [12, 21, 13, 22], [14, 20, 15, 19]]"
12a_1025_155,"[[14, 20, 15, 19], [16, 1, 17, 2], [18, 4, 19, 3], [20, 5, 21, 6], [22, 9, 23, 10], [24, 11, 1, 12], [2, 8, 3, 7], [4, 13, 5, 14], [6, 16, 7, 15], [8, 17, 9, 18], [10, 23, 11, 24], [12, 21, 13, 22]]"
12a_1025_156,"[[13, 22, 14, 23], [15, 21, 16, 20], [17, 2, 18, 3], [19, 5, 20, 4], [21, 6, 22, 7], [23, 10, 24, 11], [1, 12, 2, 13], [3, 9, 4, 8], [5, 14, 6, 15], [7, 17, 8, 16], [9, 18, 10, 19], [11, 24, 12, 1]]"
12a_1025_157,"[[11, 24, 12, 1], [13, 22, 14, 23], [15, 21, 16, 20], [17, 2, 18, 3], [19, 5, 20, 4], [21, 6, 22, 7], [23, 10, 24, 11], [1, 12, 2, 13], [3, 9, 4, 8], [5, 14, 6, 15], [7, 17, 8, 16], [9, 18, 10, 19]]"
12a_1025_158,"[[9, 18, 10, 19], [11, 24, 12, 1], [13, 22, 14, 23], [15, 21, 16, 20], [17, 2, 18, 3], [19, 5, 20, 4], [21, 6, 22, 7], [23, 10, 24, 11], [1, 12, 2, 13], [3, 9, 4, 8], [5, 14, 6, 15], [7, 17, 8, 16]]"
12a_1025_159,"[[7, 17, 8, 16], [9, 18, 10, 19], [11, 24, 12, 1], [13, 22, 14, 23], [15, 21, 16, 20], [17, 2, 18, 3], [19, 5, 20, 4], [21, 6, 22, 7], [23, 10, 24, 11], [1, 12, 2, 13], [3, 9, 4, 8], [5, 14, 6, 15]]"
12a_1025_160,"[[5, 14, 6, 15], [7, 17, 8, 16], [9, 18, 10, 19], [11, 24, 12, 1], [13, 22, 14, 23], [15, 21, 16, 20], [17, 2, 18, 3], [19, 5, 20, 4], [21, 6, 22, 7], [23, 10, 24, 11], [1, 12, 2, 13], [3, 9, 4, 8]]"
12a_1025_161,"[[3, 9, 4, 8], [5, 14, 6, 15], [7, 17, 8, 16], [9, 18, 10, 19], [11, 24, 12, 1], [13, 22, 14, 23], [15, 21, 16, 20], [17, 2, 18, 3], [19, 5, 20, 4], [21, 6, 22, 7], [23, 10, 24, 11], [1, 12, 2, 13]]"
12a_1025_162,"[[1, 12, 2, 13], [3, 9, 4, 8], [5, 14, 6, 15], [7, 17, 8, 16], [9, 18, 10, 19], [11, 24, 12, 1], [13, 22, 14, 23], [15, 21, 16, 20], [17, 2, 18, 3], [19, 5, 20, 4], [21, 6, 22, 7], [23, 10, 24, 11]]"
12a_1025_163,"[[23, 10, 24, 11], [1, 12, 2, 13], [3, 9, 4, 8], [5, 14, 6, 15], [7, 17, 8, 16], [9, 18, 10, 19], [11, 24, 12, 1], [13, 22, 14, 23], [15, 21, 16, 20], [17, 2, 18, 3], [19, 5, 20, 4], [21, 6, 22, 7]]"
12a_1025_164,"[[21, 6, 22, 7], [23, 10, 24, 11], [1, 12, 2, 13], [3, 9, 4, 8], [5, 14, 6, 15], [7, 17, 8, 16], [9, 18, 10, 19], [11, 24, 12, 1], [13, 22, 14, 23], [15, 21, 16, 20], [17, 2, 18, 3], [19, 5, 20, 4]]"
12a_1025_165,"[[19, 5, 20, 4], [21, 6, 22, 7], [23, 10, 24, 11], [1, 12, 2, 13], [3, 9, 4, 8], [5, 14, 6, 15], [7, 17, 8, 16], [9, 18, 10, 19], [11, 24, 12, 1], [13, 22, 14, 23], [15, 21, 16, 20], [17, 2, 18, 3]]"
12a_1025_166,"[[17, 2, 18, 3], [19, 5, 20, 4], [21, 6, 22, 7], [23, 10, 24, 11], [1, 12, 2, 13], [3, 9, 4, 8], [5, 14, 6, 15], [7, 17, 8, 16], [9, 18, 10, 19], [11, 24, 12, 1], [13, 22, 14, 23], [15, 21, 16, 20]]"
12a_1025_167,"[[15, 21, 16, 20], [17, 2, 18, 3], [19, 5, 20, 4], [21, 6, 22, 7], [23, 10, 24, 11], [1, 12, 2, 13], [3, 9, 4, 8], [5, 14, 6, 15], [7, 17, 8, 16], [9, 18, 10, 19], [11, 24, 12, 1], [13, 22, 14, 23]]"
12a_1025_168,"[[14, 23, 15, 24], [16, 22, 17, 21], [18, 3, 19, 4], [20, 6, 21, 5], [22, 7, 23, 8], [24, 11, 1, 12], [2, 13, 3, 14], [4, 10, 5, 9], [6, 15, 7, 16], [8, 18, 9, 17], [10, 19, 11, 20], [12, 1, 13, 2]]"
12a_1025_169,"[[12, 1, 13, 2], [14, 23, 15, 24], [16, 22, 17, 21], [18, 3, 19, 4], [20, 6, 21, 5], [22, 7, 23, 8], [24, 11, 1, 12], [2, 13, 3, 14], [4, 10, 5, 9], [6, 15, 7, 16], [8, 18, 9, 17], [10, 19, 11, 20]]"
12a_1025_170,"[[10, 19, 11, 20], [12, 1, 13, 2], [14, 23, 15, 24], [16, 22, 17, 21], [18, 3, 19, 4], [20, 6, 21, 5], [22, 7, 23, 8], [24, 11, 1, 12], [2, 13, 3, 14], [4, 10, 5, 9], [6, 15, 7, 16], [8, 18, 9, 17]]"
12a_1025_171,"[[8, 18, 9, 17], [10, 19, 11, 20], [12, 1, 13, 2], [14, 23, 15, 24], [16, 22, 17, 21], [18, 3, 19, 4], [20, 6, 21, 5], [22, 7, 23, 8], [24, 11, 1, 12], [2, 13, 3, 14], [4, 10, 5, 9], [6, 15, 7, 16]]"
12a_1025_172,"[[6, 15, 7, 16], [8, 18, 9, 17], [10, 19, 11, 20], [12, 1, 13, 2], [14, 23, 15, 24], [16, 22, 17, 21], [18, 3, 19, 4], [20, 6, 21, 5], [22, 7, 23, 8], [24, 11, 1, 12], [2, 13, 3, 14], [4, 10, 5, 9]]"
12a_1025_173,"[[4, 10, 5, 9], [6, 15, 7, 16], [8, 18, 9, 17], [10, 19, 11, 20], [12, 1, 13, 2], [14, 23, 15, 24], [16, 22, 17, 21], [18, 3, 19, 4], [20, 6, 21, 5], [22, 7, 23, 8], [24, 11, 1, 12], [2, 13, 3, 14]]"
12a_1025_174,"[[2, 13, 3, 14], [4, 10, 5, 9], [6, 15, 7, 16], [8, 18, 9, 17], [10, 19, 11, 20], [12, 1, 13, 2], [14, 23, 15, 24], [16, 22, 17, 21], [18, 3, 19, 4], [20, 6, 21, 5], [22, 7, 23, 8], [24, 11, 1, 12]]"
12a_1025_175,"[[24, 11, 1, 12], [2, 13, 3, 14], [4, 10, 5, 9], [6, 15, 7, 16], [8, 18, 9, 17], [10, 19, 11, 20], [12, 1, 13, 2], [14, 23, 15, 24], [16, 22, 17, 21], [18, 3, 19, 4], [20, 6, 21, 5], [22, 7, 23, 8]]"
12a_1025_176,"[[22, 7, 23, 8], [24, 11, 1, 12], [2, 13, 3, 14], [4, 10, 5, 9], [6, 15, 7, 16], [8, 18, 9, 17], [10, 19, 11, 20], [12, 1, 13, 2], [14, 23, 15, 24], [16, 22, 17, 21], [18, 3, 19, 4], [20, 6, 21, 5]]"
12a_1025_177,"[[20, 6, 21, 5], [22, 7, 23, 8], [24, 11, 1, 12], [2, 13, 3, 14], [4, 10, 5, 9], [6, 15, 7, 16], [8, 18, 9, 17], [10, 19, 11, 20], [12, 1, 13, 2], [14, 23, 15, 24], [16, 22, 17, 21], [18, 3, 19, 4]]"
12a_1025_178,"[[18, 3, 19, 4], [20, 6, 21, 5], [22, 7, 23, 8], [24, 11, 1, 12], [2, 13, 3, 14], [4, 10, 5, 9], [6, 15, 7, 16], [8, 18, 9, 17], [10, 19, 11, 20], [12, 1, 13, 2], [14, 23, 15, 24], [16, 22, 17, 21]]"
12a_1025_179,"[[16, 22, 17, 21], [18, 3, 19, 4], [20, 6, 21, 5], [22, 7, 23, 8], [24, 11, 1, 12], [2, 13, 3, 14], [4, 10, 5, 9], [6, 15, 7, 16], [8, 18, 9, 17], [10, 19, 11, 20], [12, 1, 13, 2], [14, 23, 15, 24]]"
12a_1025_180,"[[15, 24, 16, 1], [17, 23, 18, 22], [19, 4, 20, 5], [21, 7, 22, 6], [23, 8, 24, 9], [1, 12, 2, 13], [3, 14, 4, 15], [5, 11, 6, 10], [7, 16, 8, 17], [9, 19, 10, 18], [11, 20, 12, 21], [13, 2, 14, 3]]"
12a_1025_181,"[[13, 2, 14, 3], [15, 24, 16, 1], [17, 23, 18, 22], [19, 4, 20, 5], [21, 7, 22, 6], [23, 8, 24, 9], [1, 12, 2, 13], [3, 14, 4, 15], [5, 11, 6, 10], [7, 16, 8, 17], [9, 19, 10, 18], [11, 20, 12, 21]]"
12a_1025_182,"[[11, 20, 12, 21], [13, 2, 14, 3], [15, 24, 16, 1], [17, 23, 18, 22], [19, 4, 20, 5], [21, 7, 22, 6], [23, 8, 24, 9], [1, 12, 2, 13], [3, 14, 4, 15], [5, 11, 6, 10], [7, 16, 8, 17], [9, 19, 10, 18]]"
12a_1025_183,"[[9, 19, 10, 18], [11, 20, 12, 21], [13, 2, 14, 3], [15, 24, 16, 1], [17, 23, 18, 22], [19, 4, 20, 5], [21, 7, 22, 6], [23, 8, 24, 9], [1, 12, 2, 13], [3, 14, 4, 15], [5, 11, 6, 10], [7, 16, 8, 17]]"
12a_1025_184,"[[7, 16, 8, 17], [9, 19, 10, 18], [11, 20, 12, 21], [13, 2, 14, 3], [15, 24, 16, 1], [17, 23, 18, 22], [19, 4, 20, 5], [21, 7, 22, 6], [23, 8, 24, 9], [1, 12, 2, 13], [3, 14, 4, 15], [5, 11, 6, 10]]"
12a_1025_185,"[[5, 11, 6, 10], [7, 16, 8, 17], [9, 19, 10, 18], [11, 20, 12, 21], [13, 2, 14, 3], [15, 24, 16, 1], [17, 23, 18, 22], [19, 4, 20, 5], [21, 7, 22, 6], [23, 8, 24, 9], [1, 12, 2, 13], [3, 14, 4, 15]]"
