name,pd_notation
12a_0780_0,"[[24, 10, 1, 9], [2, 6, 3, 5], [4, 15, 5, 16], [6, 20, 7, 19], [8, 2, 9, 1], [10, 22, 11, 21], [12, 18, 13, 17], [14, 24, 15, 23], [16, 3, 17, 4], [18, 12, 19, 11], [20, 8, 21, 7], [22, 14, 23, 13]]"
12a_0780_1,"[[22, 14, 23, 13], [24, 10, 1, 9], [2, 6, 3, 5], [4, 15, 5, 16], [6, 20, 7, 19], [8, 2, 9, 1], [10, 22, 11, 21], [12, 18, 13, 17], [14, 24, 15, 23], [16, 3, 17, 4], [18, 12, 19, 11], [20, 8, 21, 7]]"
12a_0780_2,"[[20, 8, 21, 7], [22, 14, 23, 13], [24, 10, 1, 9], [2, 6, 3, 5], [4, 15, 5, 16], [6, 20, 7, 19], [8, 2, 9, 1], [10, 22, 11, 21], [12, 18, 13, 17], [14, 24, 15, 23], [16, 3, 17, 4], [18, 12, 19, 11]]"
12a_0780_3,"[[18, 12, 19, 11], [20, 8, 21, 7], [22, 14, 23, 13], [24, 10, 1, 9], [2, 6, 3, 5], [4, 15, 5, 16], [6, 20, 7, 19], [8, 2, 9, 1], [10, 22, 11, 21], [12, 18, 13, 17], [14, 24, 15, 23], [16, 3, 17, 4]]"
12a_0780_4,"[[16, 3, 17, 4], [18, 12, 19, 11], [20, 8, 21, 7], [22, 14, 23, 13], [24, 10, 1, 9], [2, 6, 3, 5], [4, 15, 5, 16], [6, 20, 7, 19], [8, 2, 9, 1], [10, 22, 11, 21], [12, 18, 13, 17], [14, 24, 15, 23]]"
12a_0780_5,"[[14, 24, 15, 23], [16, 3, 17, 4], [18, 12, 19, 11], [20, 8, 21, 7], [22, 14, 23, 13], [24, 10, 1, 9], [2, 6, 3, 5], [4, 15, 5, 16], [6, 20, 7, 19], [8, 2, 9, 1], [10, 22, 11, 21], [12, 18, 13, 17]]"
12a_0780_6,"[[12, 18, 13, 17], [14, 24, 15, 23], [16, 3, 17, 4], [18, 12, 19, 11], [20, 8, 21, 7], [22, 14, 23, 13], [24, 10, 1, 9], [2, 6, 3, 5], [4, 15, 5, 16], [6, 20, 7, 19], [8, 2, 9, 1], [10, 22, 11, 21]]"
12a_0780_7,"[[10, 22, 11, 21], [12, 18, 13, 17], [14, 24, 15, 23], [16, 3, 17, 4], [18, 12, 19, 11], [20, 8, 21, 7], [22, 14, 23, 13], [24, 10, 1, 9], [2, 6, 3, 5], [4, 15, 5, 16], [6, 20, 7, 19], [8, 2, 9, 1]]"
12a_0780_8,"[[8, 2, 9, 1], [10, 22, 11, 21], [12, 18, 13, 17], [14, 24, 15, 23], [16, 3, 17, 4], [18, 12, 19, 11], [20, 8, 21, 7], [22, 14, 23, 13], [24, 10, 1, 9], [2, 6, 3, 5], [4, 15, 5, 16], [6, 20, 7, 19]]"
12a_0780_9,"[[6, 20, 7, 19], [8, 2, 9, 1], [10, 22, 11, 21], [12, 18, 13, 17], [14, 24, 15, 23], [16, 3, 17, 4], [18, 12, 19, 11], [20, 8, 21, 7], [22, 14, 23, 13], [24, 10, 1, 9], [2, 6, 3, 5], [4, 15, 5, 16]]"
12a_0780_10,"[[4, 15, 5, 16], [6, 20, 7, 19], [8, 2, 9, 1], [10, 22, 11, 21], [12, 18, 13, 17], [14, 24, 15, 23], [16, 3, 17, 4], [18, 12, 19, 11], [20, 8, 21, 7], [22, 14, 23, 13], [24, 10, 1, 9], [2, 6, 3, 5]]"
12a_0780_11,"[[2, 6, 3, 5], [4, 15, 5, 16], [6, 20, 7, 19], [8, 2, 9, 1], [10, 22, 11, 21], [12, 18, 13, 17], [14, 24, 15, 23], [16, 3, 17, 4], [18, 12, 19, 11], [20, 8, 21, 7], [22, 14, 23, 13], [24, 10, 1, 9]]"
12a_0780_12,"[[1, 11, 2, 10], [3, 7, 4, 6], [5, 16, 6, 17], [7, 21, 8, 20], [9, 3, 10, 2], [11, 23, 12, 22], [13, 19, 14, 18], [15, 1, 16, 24], [17, 4, 18, 5], [19, 13, 20, 12], [21, 9, 22, 8], [23, 15, 24, 14]]"
12a_0780_13,"[[23, 15, 24, 14], [1, 11, 2, 10], [3, 7, 4, 6], [5, 16, 6, 17], [7, 21, 8, 20], [9, 3, 10, 2], [11, 23, 12, 22], [13, 19, 14, 18], [15, 1, 16, 24], [17, 4, 18, 5], [19, 13, 20, 12], [21, 9, 22, 8]]"
12a_0780_14,"[[21, 9, 22, 8], [23, 15, 24, 14], [1, 11, 2, 10], [3, 7, 4, 6], [5, 16, 6, 17], [7, 21, 8, 20], [9, 3, 10, 2], [11, 23, 12, 22], [13, 19, 14, 18], [15, 1, 16, 24], [17, 4, 18, 5], [19, 13, 20, 12]]"
12a_0780_15,"[[19, 13, 20, 12], [21, 9, 22, 8], [23, 15, 24, 14], [1, 11, 2, 10], [3, 7, 4, 6], [5, 16, 6, 17], [7, 21, 8, 20], [9, 3, 10, 2], [11, 23, 12, 22], [13, 19, 14, 18], [15, 1, 16, 24], [17, 4, 18, 5]]"
12a_0780_16,"[[17, 4, 18, 5], [19, 13, 20, 12], [21, 9, 22, 8], [23, 15, 24, 14], [1, 11, 2, 10], [3, 7, 4, 6], [5, 16, 6, 17], [7, 21, 8, 20], [9, 3, 10, 2], [11, 23, 12, 22], [13, 19, 14, 18], [15, 1, 16, 24]]"
12a_0780_17,"[[15, 1, 16, 24], [17, 4, 18, 5], [19, 13, 20, 12], [21, 9, 22, 8], [23, 15, 24, 14], [1, 11, 2, 10], [3, 7, 4, 6], [5, 16, 6, 17], [7, 21, 8, 20], [9, 3, 10, 2], [11, 23, 12, 22], [13, 19, 14, 18]]"
12a_0780_18,"[[13, 19, 14, 18], [15, 1, 16, 24], [17, 4, 18, 5], [19, 13, 20, 12], [21, 9, 22, 8], [23, 15, 24, 14], [1, 11, 2, 10], [3, 7, 4, 6], [5, 16, 6, 17], [7, 21, 8, 20], [9, 3, 10, 2], [11, 23, 12, 22]]"
12a_0780_19,"[[11, 23, 12, 22], [13, 19, 14, 18], [15, 1, 16, 24], [17, 4, 18, 5], [19, 13, 20, 12], [21, 9, 22, 8], [23, 15, 24, 14], [1, 11, 2, 10], [3, 7, 4, 6], [5, 16, 6, 17], [7, 21, 8, 20], [9, 3, 10, 2]]"
12a_0780_20,"[[9, 3, 10, 2], [11, 23, 12, 22], [13, 19, 14, 18], [15, 1, 16, 24], [17, 4, 18, 5], [19, 13, 20, 12], [21, 9, 22, 8], [23, 15, 24, 14], [1, 11, 2, 10], [3, 7, 4, 6], [5, 16, 6, 17], [7, 21, 8, 20]]"
12a_0780_21,"[[7, 21, 8, 20], [9, 3, 10, 2], [11, 23, 12, 22], [13, 19, 14, 18], [15, 1, 16, 24], [17, 4, 18, 5], [19, 13, 20, 12], [21, 9, 22, 8], [23, 15, 24, 14], [1, 11, 2, 10], [3, 7, 4, 6], [5, 16, 6, 17]]"
12a_0780_22,"[[5, 16, 6, 17], [7, 21, 8, 20], [9, 3, 10, 2], [11, 23, 12, 22], [13, 19, 14, 18], [15, 1, 16, 24], [17, 4, 18, 5], [19, 13, 20, 12], [21, 9, 22, 8], [23, 15, 24, 14], [1, 11, 2, 10], [3, 7, 4, 6]]"
12a_0780_23,"[[3, 7, 4, 6], [5, 16, 6, 17], [7, 21, 8, 20], [9, 3, 10, 2], [11, 23, 12, 22], [13, 19, 14, 18], [15, 1, 16, 24], [17, 4, 18, 5], [19, 13, 20, 12], [21, 9, 22, 8], [23, 15, 24, 14], [1, 11, 2, 10]]"
12a_0780_24,"[[2, 12, 3, 11], [4, 8, 5, 7], [6, 17, 7, 18], [8, 22, 9, 21], [10, 4, 11, 3], [12, 24, 13, 23], [14, 20, 15, 19], [16, 2, 17, 1], [18, 5, 19, 6], [20, 14, 21, 13], [22, 10, 23, 9], [24, 16, 1, 15]]"
12a_0780_25,"[[24, 16, 1, 15], [2, 12, 3, 11], [4, 8, 5, 7], [6, 17, 7, 18], [8, 22, 9, 21], [10, 4, 11, 3], [12, 24, 13, 23], [14, 20, 15, 19], [16, 2, 17, 1], [18, 5, 19, 6], [20, 14, 21, 13], [22, 10, 23, 9]]"
12a_0780_26,"[[22, 10, 23, 9], [24, 16, 1, 15], [2, 12, 3, 11], [4, 8, 5, 7], [6, 17, 7, 18], [8, 22, 9, 21], [10, 4, 11, 3], [12, 24, 13, 23], [14, 20, 15, 19], [16, 2, 17, 1], [18, 5, 19, 6], [20, 14, 21, 13]]"
12a_0780_27,"[[20, 14, 21, 13], [22, 10, 23, 9], [24, 16, 1, 15], [2, 12, 3, 11], [4, 8, 5, 7], [6, 17, 7, 18], [8, 22, 9, 21], [10, 4, 11, 3], [12, 24, 13, 23], [14, 20, 15, 19], [16, 2, 17, 1], [18, 5, 19, 6]]"
12a_0780_28,"[[18, 5, 19, 6], [20, 14, 21, 13], [22, 10, 23, 9], [24, 16, 1, 15], [2, 12, 3, 11], [4, 8, 5, 7], [6, 17, 7, 18], [8, 22, 9, 21], [10, 4, 11, 3], [12, 24, 13, 23], [14, 20, 15, 19], [16, 2, 17, 1]]"
12a_0780_29,"[[16, 2, 17, 1], [18, 5, 19, 6], [20, 14, 21, 13], [22, 10, 23, 9], [24, 16, 1, 15], [2, 12, 3, 11], [4, 8, 5, 7], [6, 17, 7, 18], [8, 22, 9, 21], [10, 4, 11, 3], [12, 24, 13, 23], [14, 20, 15, 19]]"
12a_0780_30,"[[14, 20, 15, 19], [16, 2, 17, 1], [18, 5, 19, 6], [20, 14, 21, 13], [22, 10, 23, 9], [24, 16, 1, 15], [2, 12, 3, 11], [4, 8, 5, 7], [6, 17, 7, 18], [8, 22, 9, 21], [10, 4, 11, 3], [12, 24, 13, 23]]"
12a_0780_31,"[[12, 24, 13, 23], [14, 20, 15, 19], [16, 2, 17, 1], [18, 5, 19, 6], [20, 14, 21, 13], [22, 10, 23, 9], [24, 16, 1, 15], [2, 12, 3, 11], [4, 8, 5, 7], [6, 17, 7, 18], [8, 22, 9, 21], [10, 4, 11, 3]]"
12a_0780_32,"[[10, 4, 11, 3], [12, 24, 13, 23], [14, 20, 15, 19], [16, 2, 17, 1], [18, 5, 19, 6], [20, 14, 21, 13], [22, 10, 23, 9], [24, 16, 1, 15], [2, 12, 3, 11], [4, 8, 5, 7], [6, 17, 7, 18], [8, 22, 9, 21]]"
12a_0780_33,"[[8, 22, 9, 21], [10, 4, 11, 3], [12, 24, 13, 23], [14, 20, 15, 19], [16, 2, 17, 1], [18, 5, 19, 6], [20, 14, 21, 13], [22, 10, 23, 9], [24, 16, 1, 15], [2, 12, 3, 11], [4, 8, 5, 7], [6, 17, 7, 18]]"
12a_0780_34,"[[6, 17, 7, 18], [8, 22, 9, 21], [10, 4, 11, 3], [12, 24, 13, 23], [14, 20, 15, 19], [16, 2, 17, 1], [18, 5, 19, 6], [20, 14, 21, 13], [22, 10, 23, 9], [24, 16, 1, 15], [2, 12, 3, 11], [4, 8, 5, 7]]"
12a_0780_35,"[[4, 8, 5, 7], [6, 17, 7, 18], [8, 22, 9, 21], [10, 4, 11, 3], [12, 24, 13, 23], [14, 20, 15, 19], [16, 2, 17, 1], [18, 5, 19, 6], [20, 14, 21, 13], [22, 10, 23, 9], [24, 16, 1, 15], [2, 12, 3, 11]]"
12a_0780_36,"[[3, 13, 4, 12], [5, 9, 6, 8], [7, 18, 8, 19], [9, 23, 10, 22], [11, 5, 12, 4], [13, 1, 14, 24], [15, 21, 16, 20], [17, 3, 18, 2], [19, 6, 20, 7], [21, 15, 22, 14], [23, 11, 24, 10], [1, 17, 2, 16]]"
12a_0780_37,"[[1, 17, 2, 16], [3, 13, 4, 12], [5, 9, 6, 8], [7, 18, 8, 19], [9, 23, 10, 22], [11, 5, 12, 4], [13, 1, 14, 24], [15, 21, 16, 20], [17, 3, 18, 2], [19, 6, 20, 7], [21, 15, 22, 14], [23, 11, 24, 10]]"
12a_0780_38,"[[23, 11, 24, 10], [1, 17, 2, 16], [3, 13, 4, 12], [5, 9, 6, 8], [7, 18, 8, 19], [9, 23, 10, 22], [11, 5, 12, 4], [13, 1, 14, 24], [15, 21, 16, 20], [17, 3, 18, 2], [19, 6, 20, 7], [21, 15, 22, 14]]"
12a_0780_39,"[[21, 15, 22, 14], [23, 11, 24, 10], [1, 17, 2, 16], [3, 13, 4, 12], [5, 9, 6, 8], [7, 18, 8, 19], [9, 23, 10, 22], [11, 5, 12, 4], [13, 1, 14, 24], [15, 21, 16, 20], [17, 3, 18, 2], [19, 6, 20, 7]]"
12a_0780_40,"[[19, 6, 20, 7], [21, 15, 22, 14], [23, 11, 24, 10], [1, 17, 2, 16], [3, 13, 4, 12], [5, 9, 6, 8], [7, 18, 8, 19], [9, 23, 10, 22], [11, 5, 12, 4], [13, 1, 14, 24], [15, 21, 16, 20], [17, 3, 18, 2]]"
12a_0780_41,"[[17, 3, 18, 2], [19, 6, 20, 7], [21, 15, 22, 14], [23, 11, 24, 10], [1, 17, 2, 16], [3, 13, 4, 12], [5, 9, 6, 8], [7, 18, 8, 19], [9, 23, 10, 22], [11, 5, 12, 4], [13, 1, 14, 24], [15, 21, 16, 20]]"
12a_0780_42,"[[15, 21, 16, 20], [17, 3, 18, 2], [19, 6, 20, 7], [21, 15, 22, 14], [23, 11, 24, 10], [1, 17, 2, 16], [3, 13, 4, 12], [5, 9, 6, 8], [7, 18, 8, 19], [9, 23, 10, 22], [11, 5, 12, 4], [13, 1, 14, 24]]"
12a_0780_43,"[[13, 1, 14, 24], [15, 21, 16, 20], [17, 3, 18, 2], [19, 6, 20, 7], [21, 15, 22, 14], [23, 11, 24, 10], [1, 17, 2, 16], [3, 13, 4, 12], [5, 9, 6, 8], [7, 18, 8, 19], [9, 23, 10, 22], [11, 5, 12, 4]]"
12a_0780_44,"[[11, 5, 12, 4], [13, 1, 14, 24], [15, 21, 16, 20], [17, 3, 18, 2], [19, 6, 20, 7], [21, 15, 22, 14], [23, 11, 24, 10], [1, 17, 2, 16], [3, 13, 4, 12], [5, 9, 6, 8], [7, 18, 8, 19], [9, 23, 10, 22]]"
12a_0780_45,"[[9, 23, 10, 22], [11, 5, 12, 4], [13, 1, 14, 24], [15, 21, 16, 20], [17, 3, 18, 2], [19, 6, 20, 7], [21, 15, 22, 14], [23, 11, 24, 10], [1, 17, 2, 16], [3, 13, 4, 12], [5, 9, 6, 8], [7, 18, 8, 19]]"
12a_0780_46,"[[7, 18, 8, 19], [9, 23, 10, 22], [11, 5, 12, 4], [13, 1, 14, 24], [15, 21, 16, 20], [17, 3, 18, 2], [19, 6, 20, 7], [21, 15, 22, 14], [23, 11, 24, 10], [1, 17, 2, 16], [3, 13, 4, 12], [5, 9, 6, 8]]"
12a_0780_47,"[[5, 9, 6, 8], [7, 18, 8, 19], [9, 23, 10, 22], [11, 5, 12, 4], [13, 1, 14, 24], [15, 21, 16, 20], [17, 3, 18, 2], [19, 6, 20, 7], [21, 15, 22, 14], [23, 11, 24, 10], [1, 17, 2, 16], [3, 13, 4, 12]]"
12a_0780_48,"[[4, 14, 5, 13], [6, 10, 7, 9], [8, 19, 9, 20], [10, 24, 11, 23], [12, 6, 13, 5], [14, 2, 15, 1], [16, 22, 17, 21], [18, 4, 19, 3], [20, 7, 21, 8], [22, 16, 23, 15], [24, 12, 1, 11], [2, 18, 3, 17]]"
12a_0780_49,"[[2, 18, 3, 17], [4, 14, 5, 13], [6, 10, 7, 9], [8, 19, 9, 20], [10, 24, 11, 23], [12, 6, 13, 5], [14, 2, 15, 1], [16, 22, 17, 21], [18, 4, 19, 3], [20, 7, 21, 8], [22, 16, 23, 15], [24, 12, 1, 11]]"
12a_0780_50,"[[24, 12, 1, 11], [2, 18, 3, 17], [4, 14, 5, 13], [6, 10, 7, 9], [8, 19, 9, 20], [10, 24, 11, 23], [12, 6, 13, 5], [14, 2, 15, 1], [16, 22, 17, 21], [18, 4, 19, 3], [20, 7, 21, 8], [22, 16, 23, 15]]"
12a_0780_51,"[[22, 16, 23, 15], [24, 12, 1, 11], [2, 18, 3, 17], [4, 14, 5, 13], [6, 10, 7, 9], [8, 19, 9, 20], [10, 24, 11, 23], [12, 6, 13, 5], [14, 2, 15, 1], [16, 22, 17, 21], [18, 4, 19, 3], [20, 7, 21, 8]]"
12a_0780_52,"[[20, 7, 21, 8], [22, 16, 23, 15], [24, 12, 1, 11], [2, 18, 3, 17], [4, 14, 5, 13], [6, 10, 7, 9], [8, 19, 9, 20], [10, 24, 11, 23], [12, 6, 13, 5], [14, 2, 15, 1], [16, 22, 17, 21], [18, 4, 19, 3]]"
12a_0780_53,"[[18, 4, 19, 3], [20, 7, 21, 8], [22, 16, 23, 15], [24, 12, 1, 11], [2, 18, 3, 17], [4, 14, 5, 13], [6, 10, 7, 9], [8, 19, 9, 20], [10, 24, 11, 23], [12, 6, 13, 5], [14, 2, 15, 1], [16, 22, 17, 21]]"
12a_0780_54,"[[16, 22, 17, 21], [18, 4, 19, 3], [20, 7, 21, 8], [22, 16, 23, 15], [24, 12, 1, 11], [2, 18, 3, 17], [4, 14, 5, 13], [6, 10, 7, 9], [8, 19, 9, 20], [10, 24, 11, 23], [12, 6, 13, 5], [14, 2, 15, 1]]"
12a_0780_55,"[[14, 2, 15, 1], [16, 22, 17, 21], [18, 4, 19, 3], [20, 7, 21, 8], [22, 16, 23, 15], [24, 12, 1, 11], [2, 18, 3, 17], [4, 14, 5, 13], [6, 10, 7, 9], [8, 19, 9, 20], [10, 24, 11, 23], [12, 6, 13, 5]]"
12a_0780_56,"[[12, 6, 13, 5], [14, 2, 15, 1], [16, 22, 17, 21], [18, 4, 19, 3], [20, 7, 21, 8], [22, 16, 23, 15], [24, 12, 1, 11], [2, 18, 3, 17], [4, 14, 5, 13], [6, 10, 7, 9], [8, 19, 9, 20], [10, 24, 11, 23]]"
12a_0780_57,"[[10, 24, 11, 23], [12, 6, 13, 5], [14, 2, 15, 1], [16, 22, 17, 21], [18, 4, 19, 3], [20, 7, 21, 8], [22, 16, 23, 15], [24, 12, 1, 11], [2, 18, 3, 17], [4, 14, 5, 13], [6, 10, 7, 9], [8, 19, 9, 20]]"
12a_0780_58,"[[8, 19, 9, 20], [10, 24, 11, 23], [12, 6, 13, 5], [14, 2, 15, 1], [16, 22, 17, 21], [18, 4, 19, 3], [20, 7, 21, 8], [22, 16, 23, 15], [24, 12, 1, 11], [2, 18, 3, 17], [4, 14, 5, 13], [6, 10, 7, 9]]"
12a_0780_59,"[[6, 10, 7, 9], [8, 19, 9, 20], [10, 24, 11, 23], [12, 6, 13, 5], [14, 2, 15, 1], [16, 22, 17, 21], [18, 4, 19, 3], [20, 7, 21, 8], [22, 16, 23, 15], [24, 12, 1, 11], [2, 18, 3, 17], [4, 14, 5, 13]]"
12a_0780_60,"[[5, 15, 6, 14], [7, 11, 8, 10], [9, 20, 10, 21], [11, 1, 12, 24], [13, 7, 14, 6], [15, 3, 16, 2], [17, 23, 18, 22], [19, 5, 20, 4], [21, 8, 22, 9], [23, 17, 24, 16], [1, 13, 2, 12], [3, 19, 4, 18]]"
12a_0780_61,"[[3, 19, 4, 18], [5, 15, 6, 14], [7, 11, 8, 10], [9, 20, 10, 21], [11, 1, 12, 24], [13, 7, 14, 6], [15, 3, 16, 2], [17, 23, 18, 22], [19, 5, 20, 4], [21, 8, 22, 9], [23, 17, 24, 16], [1, 13, 2, 12]]"
12a_0780_62,"[[1, 13, 2, 12], [3, 19, 4, 18], [5, 15, 6, 14], [7, 11, 8, 10], [9, 20, 10, 21], [11, 1, 12, 24], [13, 7, 14, 6], [15, 3, 16, 2], [17, 23, 18, 22], [19, 5, 20, 4], [21, 8, 22, 9], [23, 17, 24, 16]]"
12a_0780_63,"[[23, 17, 24, 16], [1, 13, 2, 12], [3, 19, 4, 18], [5, 15, 6, 14], [7, 11, 8, 10], [9, 20, 10, 21], [11, 1, 12, 24], [13, 7, 14, 6], [15, 3, 16, 2], [17, 23, 18, 22], [19, 5, 20, 4], [21, 8, 22, 9]]"
12a_0780_64,"[[21, 8, 22, 9], [23, 17, 24, 16], [1, 13, 2, 12], [3, 19, 4, 18], [5, 15, 6, 14], [7, 11, 8, 10], [9, 20, 10, 21], [11, 1, 12, 24], [13, 7, 14, 6], [15, 3, 16, 2], [17, 23, 18, 22], [19, 5, 20, 4]]"
12a_0780_65,"[[19, 5, 20, 4], [21, 8, 22, 9], [23, 17, 24, 16], [1, 13, 2, 12], [3, 19, 4, 18], [5, 15, 6, 14], [7, 11, 8, 10], [9, 20, 10, 21], [11, 1, 12, 24], [13, 7, 14, 6], [15, 3, 16, 2], [17, 23, 18, 22]]"
12a_0780_66,"[[17, 23, 18, 22], [19, 5, 20, 4], [21, 8, 22, 9], [23, 17, 24, 16], [1, 13, 2, 12], [3, 19, 4, 18], [5, 15, 6, 14], [7, 11, 8, 10], [9, 20, 10, 21], [11, 1, 12, 24], [13, 7, 14, 6], [15, 3, 16, 2]]"
12a_0780_67,"[[15, 3, 16, 2], [17, 23, 18, 22], [19, 5, 20, 4], [21, 8, 22, 9], [23, 17, 24, 16], [1, 13, 2, 12], [3, 19, 4, 18], [5, 15, 6, 14], [7, 11, 8, 10], [9, 20, 10, 21], [11, 1, 12, 24], [13, 7, 14, 6]]"
12a_0780_68,"[[13, 7, 14, 6], [15, 3, 16, 2], [17, 23, 18, 22], [19, 5, 20, 4], [21, 8, 22, 9], [23, 17, 24, 16], [1, 13, 2, 12], [3, 19, 4, 18], [5, 15, 6, 14], [7, 11, 8, 10], [9, 20, 10, 21], [11, 1, 12, 24]]"
12a_0780_69,"[[11, 1, 12, 24], [13, 7, 14, 6], [15, 3, 16, 2], [17, 23, 18, 22], [19, 5, 20, 4], [21, 8, 22, 9], [23, 17, 24, 16], [1, 13, 2, 12], [3, 19, 4, 18], [5, 15, 6, 14], [7, 11, 8, 10], [9, 20, 10, 21]]"
12a_0780_70,"[[9, 20, 10, 21], [11, 1, 12, 24], [13, 7, 14, 6], [15, 3, 16, 2], [17, 23, 18, 22], [19, 5, 20, 4], [21, 8, 22, 9], [23, 17, 24, 16], [1, 13, 2, 12], [3, 19, 4, 18], [5, 15, 6, 14], [7, 11, 8, 10]]"
12a_0780_71,"[[7, 11, 8, 10], [9, 20, 10, 21], [11, 1, 12, 24], [13, 7, 14, 6], [15, 3, 16, 2], [17, 23, 18, 22], [19, 5, 20, 4], [21, 8, 22, 9], [23, 17, 24, 16], [1, 13, 2, 12], [3, 19, 4, 18], [5, 15, 6, 14]]"
12a_0780_72,"[[6, 16, 7, 15], [8, 12, 9, 11], [10, 21, 11, 22], [12, 2, 13, 1], [14, 8, 15, 7], [16, 4, 17, 3], [18, 24, 19, 23], [20, 6, 21, 5], [22, 9, 23, 10], [24, 18, 1, 17], [2, 14, 3, 13], [4, 20, 5, 19]]"
12a_0780_73,"[[4, 20, 5, 19], [6, 16, 7, 15], [8, 12, 9, 11], [10, 21, 11, 22], [12, 2, 13, 1], [14, 8, 15, 7], [16, 4, 17, 3], [18, 24, 19, 23], [20, 6, 21, 5], [22, 9, 23, 10], [24, 18, 1, 17], [2, 14, 3, 13]]"
12a_0780_74,"[[2, 14, 3, 13], [4, 20, 5, 19], [6, 16, 7, 15], [8, 12, 9, 11], [10, 21, 11, 22], [12, 2, 13, 1], [14, 8, 15, 7], [16, 4, 17, 3], [18, 24, 19, 23], [20, 6, 21, 5], [22, 9, 23, 10], [24, 18, 1, 17]]"
12a_0780_75,"[[24, 18, 1, 17], [2, 14, 3, 13], [4, 20, 5, 19], [6, 16, 7, 15], [8, 12, 9, 11], [10, 21, 11, 22], [12, 2, 13, 1], [14, 8, 15, 7], [16, 4, 17, 3], [18, 24, 19, 23], [20, 6, 21, 5], [22, 9, 23, 10]]"
12a_0780_76,"[[22, 9, 23, 10], [24, 18, 1, 17], [2, 14, 3, 13], [4, 20, 5, 19], [6, 16, 7, 15], [8, 12, 9, 11], [10, 21, 11, 22], [12, 2, 13, 1], [14, 8, 15, 7], [16, 4, 17, 3], [18, 24, 19, 23], [20, 6, 21, 5]]"
12a_0780_77,"[[20, 6, 21, 5], [22, 9, 23, 10], [24, 18, 1, 17], [2, 14, 3, 13], [4, 20, 5, 19], [6, 16, 7, 15], [8, 12, 9, 11], [10, 21, 11, 22], [12, 2, 13, 1], [14, 8, 15, 7], [16, 4, 17, 3], [18, 24, 19, 23]]"
12a_0780_78,"[[18, 24, 19, 23], [20, 6, 21, 5], [22, 9, 23, 10], [24, 18, 1, 17], [2, 14, 3, 13], [4, 20, 5, 19], [6, 16, 7, 15], [8, 12, 9, 11], [10, 21, 11, 22], [12, 2, 13, 1], [14, 8, 15, 7], [16, 4, 17, 3]]"
12a_0780_79,"[[16, 4, 17, 3], [18, 24, 19, 23], [20, 6, 21, 5], [22, 9, 23, 10], [24, 18, 1, 17], [2, 14, 3, 13], [4, 20, 5, 19], [6, 16, 7, 15], [8, 12, 9, 11], [10, 21, 11, 22], [12, 2, 13, 1], [14, 8, 15, 7]]"
12a_0780_80,"[[14, 8, 15, 7], [16, 4, 17, 3], [18, 24, 19, 23], [20, 6, 21, 5], [22, 9, 23, 10], [24, 18, 1, 17], [2, 14, 3, 13], [4, 20, 5, 19], [6, 16, 7, 15], [8, 12, 9, 11], [10, 21, 11, 22], [12, 2, 13, 1]]"
12a_0780_81,"[[12, 2, 13, 1], [14, 8, 15, 7], [16, 4, 17, 3], [18, 24, 19, 23], [20, 6, 21, 5], [22, 9, 23, 10], [24, 18, 1, 17], [2, 14, 3, 13], [4, 20, 5, 19], [6, 16, 7, 15], [8, 12, 9, 11], [10, 21, 11, 22]]"
12a_0780_82,"[[10, 21, 11, 22], [12, 2, 13, 1], [14, 8, 15, 7], [16, 4, 17, 3], [18, 24, 19, 23], [20, 6, 21, 5], [22, 9, 23, 10], [24, 18, 1, 17], [2, 14, 3, 13], [4, 20, 5, 19], [6, 16, 7, 15], [8, 12, 9, 11]]"
12a_0780_83,"[[8, 12, 9, 11], [10, 21, 11, 22], [12, 2, 13, 1], [14, 8, 15, 7], [16, 4, 17, 3], [18, 24, 19, 23], [20, 6, 21, 5], [22, 9, 23, 10], [24, 18, 1, 17], [2, 14, 3, 13], [4, 20, 5, 19], [6, 16, 7, 15]]"
12a_0780_84,"[[7, 17, 8, 16], [9, 13, 10, 12], [11, 22, 12, 23], [13, 3, 14, 2], [15, 9, 16, 8], [17, 5, 18, 4], [19, 1, 20, 24], [21, 7, 22, 6], [23, 10, 24, 11], [1, 19, 2, 18], [3, 15, 4, 14], [5, 21, 6, 20]]"
12a_0780_85,"[[5, 21, 6, 20], [7, 17, 8, 16], [9, 13, 10, 12], [11, 22, 12, 23], [13, 3, 14, 2], [15, 9, 16, 8], [17, 5, 18, 4], [19, 1, 20, 24], [21, 7, 22, 6], [23, 10, 24, 11], [1, 19, 2, 18], [3, 15, 4, 14]]"
12a_0780_86,"[[3, 15, 4, 14], [5, 21, 6, 20], [7, 17, 8, 16], [9, 13, 10, 12], [11, 22, 12, 23], [13, 3, 14, 2], [15, 9, 16, 8], [17, 5, 18, 4], [19, 1, 20, 24], [21, 7, 22, 6], [23, 10, 24, 11], [1, 19, 2, 18]]"
12a_0780_87,"[[1, 19, 2, 18], [3, 15, 4, 14], [5, 21, 6, 20], [7, 17, 8, 16], [9, 13, 10, 12], [11, 22, 12, 23], [13, 3, 14, 2], [15, 9, 16, 8], [17, 5, 18, 4], [19, 1, 20, 24], [21, 7, 22, 6], [23, 10, 24, 11]]"
12a_0780_88,"[[23, 10, 24, 11], [1, 19, 2, 18], [3, 15, 4, 14], [5, 21, 6, 20], [7, 17, 8, 16], [9, 13, 10, 12], [11, 22, 12, 23], [13, 3, 14, 2], [15, 9, 16, 8], [17, 5, 18, 4], [19, 1, 20, 24], [21, 7, 22, 6]]"
12a_0780_89,"[[21, 7, 22, 6], [23, 10, 24, 11], [1, 19, 2, 18], [3, 15, 4, 14], [5, 21, 6, 20], [7, 17, 8, 16], [9, 13, 10, 12], [11, 22, 12, 23], [13, 3, 14, 2], [15, 9, 16, 8], [17, 5, 18, 4], [19, 1, 20, 24]]"
12a_0780_90,"[[19, 1, 20, 24], [21, 7, 22, 6], [23, 10, 24, 11], [1, 19, 2, 18], [3, 15, 4, 14], [5, 21, 6, 20], [7, 17, 8, 16], [9, 13, 10, 12], [11, 22, 12, 23], [13, 3, 14, 2], [15, 9, 16, 8], [17, 5, 18, 4]]"
12a_0780_91,"[[17, 5, 18, 4], [19, 1, 20, 24], [21, 7, 22, 6], [23, 10, 24, 11], [1, 19, 2, 18], [3, 15, 4, 14], [5, 21, 6, 20], [7, 17, 8, 16], [9, 13, 10, 12], [11, 22, 12, 23], [13, 3, 14, 2], [15, 9, 16, 8]]"
12a_0780_92,"[[15, 9, 16, 8], [17, 5, 18, 4], [19, 1, 20, 24], [21, 7, 22, 6], [23, 10, 24, 11], [1, 19, 2, 18], [3, 15, 4, 14], [5, 21, 6, 20], [7, 17, 8, 16], [9, 13, 10, 12], [11, 22, 12, 23], [13, 3, 14, 2]]"
12a_0780_93,"[[13, 3, 14, 2], [15, 9, 16, 8], [17, 5, 18, 4], [19, 1, 20, 24], [21, 7, 22, 6], [23, 10, 24, 11], [1, 19, 2, 18], [3, 15, 4, 14], [5, 21, 6, 20], [7, 17, 8, 16], [9, 13, 10, 12], [11, 22, 12, 23]]"
12a_0780_94,"[[11, 22, 12, 23], [13, 3, 14, 2], [15, 9, 16, 8], [17, 5, 18, 4], [19, 1, 20, 24], [21, 7, 22, 6], [23, 10, 24, 11], [1, 19, 2, 18], [3, 15, 4, 14], [5, 21, 6, 20], [7, 17, 8, 16], [9, 13, 10, 12]]"
12a_0780_95,"[[9, 13, 10, 12], [11, 22, 12, 23], [13, 3, 14, 2], [15, 9, 16, 8], [17, 5, 18, 4], [19, 1, 20, 24], [21, 7, 22, 6], [23, 10, 24, 11], [1, 19, 2, 18], [3, 15, 4, 14], [5, 21, 6, 20], [7, 17, 8, 16]]"
12a_0780_96,"[[8, 18, 9, 17], [10, 14, 11, 13], [12, 23, 13, 24], [14, 4, 15, 3], [16, 10, 17, 9], [18, 6, 19, 5], [20, 2, 21, 1], [22, 8, 23, 7], [24, 11, 1, 12], [2, 20, 3, 19], [4, 16, 5, 15], [6, 22, 7, 21]]"
12a_0780_97,"[[6, 22, 7, 21], [8, 18, 9, 17], [10, 14, 11, 13], [12, 23, 13, 24], [14, 4, 15, 3], [16, 10, 17, 9], [18, 6, 19, 5], [20, 2, 21, 1], [22, 8, 23, 7], [24, 11, 1, 12], [2, 20, 3, 19], [4, 16, 5, 15]]"
12a_0780_98,"[[4, 16, 5, 15], [6, 22, 7, 21], [8, 18, 9, 17], [10, 14, 11, 13], [12, 23, 13, 24], [14, 4, 15, 3], [16, 10, 17, 9], [18, 6, 19, 5], [20, 2, 21, 1], [22, 8, 23, 7], [24, 11, 1, 12], [2, 20, 3, 19]]"
12a_0780_99,"[[2, 20, 3, 19], [4, 16, 5, 15], [6, 22, 7, 21], [8, 18, 9, 17], [10, 14, 11, 13], [12, 23, 13, 24], [14, 4, 15, 3], [16, 10, 17, 9], [18, 6, 19, 5], [20, 2, 21, 1], [22, 8, 23, 7], [24, 11, 1, 12]]"
12a_0780_100,"[[24, 11, 1, 12], [2, 20, 3, 19], [4, 16, 5, 15], [6, 22, 7, 21], [8, 18, 9, 17], [10, 14, 11, 13], [12, 23, 13, 24], [14, 4, 15, 3], [16, 10, 17, 9], [18, 6, 19, 5], [20, 2, 21, 1], [22, 8, 23, 7]]"
12a_0780_101,"[[22, 8, 23, 7], [24, 11, 1, 12], [2, 20, 3, 19], [4, 16, 5, 15], [6, 22, 7, 21], [8, 18, 9, 17], [10, 14, 11, 13], [12, 23, 13, 24], [14, 4, 15, 3], [16, 10, 17, 9], [18, 6, 19, 5], [20, 2, 21, 1]]"
12a_0780_102,"[[20, 2, 21, 1], [22, 8, 23, 7], [24, 11, 1, 12], [2, 20, 3, 19], [4, 16, 5, 15], [6, 22, 7, 21], [8, 18, 9, 17], [10, 14, 11, 13], [12, 23, 13, 24], [14, 4, 15, 3], [16, 10, 17, 9], [18, 6, 19, 5]]"
12a_0780_103,"[[18, 6, 19, 5], [20, 2, 21, 1], [22, 8, 23, 7], [24, 11, 1, 12], [2, 20, 3, 19], [4, 16, 5, 15], [6, 22, 7, 21], [8, 18, 9, 17], [10, 14, 11, 13], [12, 23, 13, 24], [14, 4, 15, 3], [16, 10, 17, 9]]"
12a_0780_104,"[[16, 10, 17, 9], [18, 6, 19, 5], [20, 2, 21, 1], [22, 8, 23, 7], [24, 11, 1, 12], [2, 20, 3, 19], [4, 16, 5, 15], [6, 22, 7, 21], [8, 18, 9, 17], [10, 14, 11, 13], [12, 23, 13, 24], [14, 4, 15, 3]]"
12a_0780_105,"[[14, 4, 15, 3], [16, 10, 17, 9], [18, 6, 19, 5], [20, 2, 21, 1], [22, 8, 23, 7], [24, 11, 1, 12], [2, 20, 3, 19], [4, 16, 5, 15], [6, 22, 7, 21], [8, 18, 9, 17], [10, 14, 11, 13], [12, 23, 13, 24]]"
12a_0780_106,"[[12, 23, 13, 24], [14, 4, 15, 3], [16, 10, 17, 9], [18, 6, 19, 5], [20, 2, 21, 1], [22, 8, 23, 7], [24, 11, 1, 12], [2, 20, 3, 19], [4, 16, 5, 15], [6, 22, 7, 21], [8, 18, 9, 17], [10, 14, 11, 13]]"
12a_0780_107,"[[10, 14, 11, 13], [12, 23, 13, 24], [14, 4, 15, 3], [16, 10, 17, 9], [18, 6, 19, 5], [20, 2, 21, 1], [22, 8, 23, 7], [24, 11, 1, 12], [2, 20, 3, 19], [4, 16, 5, 15], [6, 22, 7, 21], [8, 18, 9, 17]]"
12a_0780_108,"[[9, 19, 10, 18], [11, 15, 12, 14], [13, 24, 14, 1], [15, 5, 16, 4], [17, 11, 18, 10], [19, 7, 20, 6], [21, 3, 22, 2], [23, 9, 24, 8], [1, 12, 2, 13], [3, 21, 4, 20], [5, 17, 6, 16], [7, 23, 8, 22]]"
12a_0780_109,"[[7, 23, 8, 22], [9, 19, 10, 18], [11, 15, 12, 14], [13, 24, 14, 1], [15, 5, 16, 4], [17, 11, 18, 10], [19, 7, 20, 6], [21, 3, 22, 2], [23, 9, 24, 8], [1, 12, 2, 13], [3, 21, 4, 20], [5, 17, 6, 16]]"
12a_0780_110,"[[5, 17, 6, 16], [7, 23, 8, 22], [9, 19, 10, 18], [11, 15, 12, 14], [13, 24, 14, 1], [15, 5, 16, 4], [17, 11, 18, 10], [19, 7, 20, 6], [21, 3, 22, 2], [23, 9, 24, 8], [1, 12, 2, 13], [3, 21, 4, 20]]"
12a_0780_111,"[[3, 21, 4, 20], [5, 17, 6, 16], [7, 23, 8, 22], [9, 19, 10, 18], [11, 15, 12, 14], [13, 24, 14, 1], [15, 5, 16, 4], [17, 11, 18, 10], [19, 7, 20, 6], [21, 3, 22, 2], [23, 9, 24, 8], [1, 12, 2, 13]]"
12a_0780_112,"[[1, 12, 2, 13], [3, 21, 4, 20], [5, 17, 6, 16], [7, 23, 8, 22], [9, 19, 10, 18], [11, 15, 12, 14], [13, 24, 14, 1], [15, 5, 16, 4], [17, 11, 18, 10], [19, 7, 20, 6], [21, 3, 22, 2], [23, 9, 24, 8]]"
12a_0780_113,"[[23, 9, 24, 8], [1, 12, 2, 13], [3, 21, 4, 20], [5, 17, 6, 16], [7, 23, 8, 22], [9, 19, 10, 18], [11, 15, 12, 14], [13, 24, 14, 1], [15, 5, 16, 4], [17, 11, 18, 10], [19, 7, 20, 6], [21, 3, 22, 2]]"
12a_0780_114,"[[21, 3, 22, 2], [23, 9, 24, 8], [1, 12, 2, 13], [3, 21, 4, 20], [5, 17, 6, 16], [7, 23, 8, 22], [9, 19, 10, 18], [11, 15, 12, 14], [13, 24, 14, 1], [15, 5, 16, 4], [17, 11, 18, 10], [19, 7, 20, 6]]"
12a_0780_115,"[[19, 7, 20, 6], [21, 3, 22, 2], [23, 9, 24, 8], [1, 12, 2, 13], [3, 21, 4, 20], [5, 17, 6, 16], [7, 23, 8, 22], [9, 19, 10, 18], [11, 15, 12, 14], [13, 24, 14, 1], [15, 5, 16, 4], [17, 11, 18, 10]]"
12a_0780_116,"[[17, 11, 18, 10], [19, 7, 20, 6], [21, 3, 22, 2], [23, 9, 24, 8], [1, 12, 2, 13], [3, 21, 4, 20], [5, 17, 6, 16], [7, 23, 8, 22], [9, 19, 10, 18], [11, 15, 12, 14], [13, 24, 14, 1], [15, 5, 16, 4]]"
12a_0780_117,"[[15, 5, 16, 4], [17, 11, 18, 10], [19, 7, 20, 6], [21, 3, 22, 2], [23, 9, 24, 8], [1, 12, 2, 13], [3, 21, 4, 20], [5, 17, 6, 16], [7, 23, 8, 22], [9, 19, 10, 18], [11, 15, 12, 14], [13, 24, 14, 1]]"
12a_0780_118,"[[13, 24, 14, 1], [15, 5, 16, 4], [17, 11, 18, 10], [19, 7, 20, 6], [21, 3, 22, 2], [23, 9, 24, 8], [1, 12, 2, 13], [3, 21, 4, 20], [5, 17, 6, 16], [7, 23, 8, 22], [9, 19, 10, 18], [11, 15, 12, 14]]"
12a_0780_119,"[[11, 15, 12, 14], [13, 24, 14, 1], [15, 5, 16, 4], [17, 11, 18, 10], [19, 7, 20, 6], [21, 3, 22, 2], [23, 9, 24, 8], [1, 12, 2, 13], [3, 21, 4, 20], [5, 17, 6, 16], [7, 23, 8, 22], [9, 19, 10, 18]]"
12a_0780_120,"[[10, 20, 11, 19], [12, 16, 13, 15], [14, 1, 15, 2], [16, 6, 17, 5], [18, 12, 19, 11], [20, 8, 21, 7], [22, 4, 23, 3], [24, 10, 1, 9], [2, 13, 3, 14], [4, 22, 5, 21], [6, 18, 7, 17], [8, 24, 9, 23]]"
12a_0780_121,"[[8, 24, 9, 23], [10, 20, 11, 19], [12, 16, 13, 15], [14, 1, 15, 2], [16, 6, 17, 5], [18, 12, 19, 11], [20, 8, 21, 7], [22, 4, 23, 3], [24, 10, 1, 9], [2, 13, 3, 14], [4, 22, 5, 21], [6, 18, 7, 17]]"
12a_0780_122,"[[6, 18, 7, 17], [8, 24, 9, 23], [10, 20, 11, 19], [12, 16, 13, 15], [14, 1, 15, 2], [16, 6, 17, 5], [18, 12, 19, 11], [20, 8, 21, 7], [22, 4, 23, 3], [24, 10, 1, 9], [2, 13, 3, 14], [4, 22, 5, 21]]"
12a_0780_123,"[[4, 22, 5, 21], [6, 18, 7, 17], [8, 24, 9, 23], [10, 20, 11, 19], [12, 16, 13, 15], [14, 1, 15, 2], [16, 6, 17, 5], [18, 12, 19, 11], [20, 8, 21, 7], [22, 4, 23, 3], [24, 10, 1, 9], [2, 13, 3, 14]]"
12a_0780_124,"[[2, 13, 3, 14], [4, 22, 5, 21], [6, 18, 7, 17], [8, 24, 9, 23], [10, 20, 11, 19], [12, 16, 13, 15], [14, 1, 15, 2], [16, 6, 17, 5], [18, 12, 19, 11], [20, 8, 21, 7], [22, 4, 23, 3], [24, 10, 1, 9]]"
12a_0780_125,"[[24, 10, 1, 9], [2, 13, 3, 14], [4, 22, 5, 21], [6, 18, 7, 17], [8, 24, 9, 23], [10, 20, 11, 19], [12, 16, 13, 15], [14, 1, 15, 2], [16, 6, 17, 5], [18, 12, 19, 11], [20, 8, 21, 7], [22, 4, 23, 3]]"
12a_0780_126,"[[22, 4, 23, 3], [24, 10, 1, 9], [2, 13, 3, 14], [4, 22, 5, 21], [6, 18, 7, 17], [8, 24, 9, 23], [10, 20, 11, 19], [12, 16, 13, 15], [14, 1, 15, 2], [16, 6, 17, 5], [18, 12, 19, 11], [20, 8, 21, 7]]"
12a_0780_127,"[[20, 8, 21, 7], [22, 4, 23, 3], [24, 10, 1, 9], [2, 13, 3, 14], [4, 22, 5, 21], [6, 18, 7, 17], [8, 24, 9, 23], [10, 20, 11, 19], [12, 16, 13, 15], [14, 1, 15, 2], [16, 6, 17, 5], [18, 12, 19, 11]]"
12a_0780_128,"[[18, 12, 19, 11], [20, 8, 21, 7], [22, 4, 23, 3], [24, 10, 1, 9], [2, 13, 3, 14], [4, 22, 5, 21], [6, 18, 7, 17], [8, 24, 9, 23], [10, 20, 11, 19], [12, 16, 13, 15], [14, 1, 15, 2], [16, 6, 17, 5]]"
12a_0780_129,"[[16, 6, 17, 5], [18, 12, 19, 11], [20, 8, 21, 7], [22, 4, 23, 3], [24, 10, 1, 9], [2, 13, 3, 14], [4, 22, 5, 21], [6, 18, 7, 17], [8, 24, 9, 23], [10, 20, 11, 19], [12, 16, 13, 15], [14, 1, 15, 2]]"
12a_0780_130,"[[14, 1, 15, 2], [16, 6, 17, 5], [18, 12, 19, 11], [20, 8, 21, 7], [22, 4, 23, 3], [24, 10, 1, 9], [2, 13, 3, 14], [4, 22, 5, 21], [6, 18, 7, 17], [8, 24, 9, 23], [10, 20, 11, 19], [12, 16, 13, 15]]"
12a_0780_131,"[[12, 16, 13, 15], [14, 1, 15, 2], [16, 6, 17, 5], [18, 12, 19, 11], [20, 8, 21, 7], [22, 4, 23, 3], [24, 10, 1, 9], [2, 13, 3, 14], [4, 22, 5, 21], [6, 18, 7, 17], [8, 24, 9, 23], [10, 20, 11, 19]]"
12a_0780_132,"[[11, 21, 12, 20], [13, 17, 14, 16], [15, 2, 16, 3], [17, 7, 18, 6], [19, 13, 20, 12], [21, 9, 22, 8], [23, 5, 24, 4], [1, 11, 2, 10], [3, 14, 4, 15], [5, 23, 6, 22], [7, 19, 8, 18], [9, 1, 10, 24]]"
12a_0780_133,"[[9, 1, 10, 24], [11, 21, 12, 20], [13, 17, 14, 16], [15, 2, 16, 3], [17, 7, 18, 6], [19, 13, 20, 12], [21, 9, 22, 8], [23, 5, 24, 4], [1, 11, 2, 10], [3, 14, 4, 15], [5, 23, 6, 22], [7, 19, 8, 18]]"
12a_0780_134,"[[7, 19, 8, 18], [9, 1, 10, 24], [11, 21, 12, 20], [13, 17, 14, 16], [15, 2, 16, 3], [17, 7, 18, 6], [19, 13, 20, 12], [21, 9, 22, 8], [23, 5, 24, 4], [1, 11, 2, 10], [3, 14, 4, 15], [5, 23, 6, 22]]"
12a_0780_135,"[[5, 23, 6, 22], [7, 19, 8, 18], [9, 1, 10, 24], [11, 21, 12, 20], [13, 17, 14, 16], [15, 2, 16, 3], [17, 7, 18, 6], [19, 13, 20, 12], [21, 9, 22, 8], [23, 5, 24, 4], [1, 11, 2, 10], [3, 14, 4, 15]]"
12a_0780_136,"[[3, 14, 4, 15], [5, 23, 6, 22], [7, 19, 8, 18], [9, 1, 10, 24], [11, 21, 12, 20], [13, 17, 14, 16], [15, 2, 16, 3], [17, 7, 18, 6], [19, 13, 20, 12], [21, 9, 22, 8], [23, 5, 24, 4], [1, 11, 2, 10]]"
12a_0780_137,"[[1, 11, 2, 10], [3, 14, 4, 15], [5, 23, 6, 22], [7, 19, 8, 18], [9, 1, 10, 24], [11, 21, 12, 20], [13, 17, 14, 16], [15, 2, 16, 3], [17, 7, 18, 6], [19, 13, 20, 12], [21, 9, 22, 8], [23, 5, 24, 4]]"
12a_0780_138,"[[23, 5, 24, 4], [1, 11, 2, 10], [3, 14, 4, 15], [5, 23, 6, 22], [7, 19, 8, 18], [9, 1, 10, 24], [11, 21, 12, 20], [13, 17, 14, 16], [15, 2, 16, 3], [17, 7, 18, 6], [19, 13, 20, 12], [21, 9, 22, 8]]"
12a_0780_139,"[[21, 9, 22, 8], [23, 5, 24, 4], [1, 11, 2, 10], [3, 14, 4, 15], [5, 23, 6, 22], [7, 19, 8, 18], [9, 1, 10, 24], [11, 21, 12, 20], [13, 17, 14, 16], [15, 2, 16, 3], [17, 7, 18, 6], [19, 13, 20, 12]]"
12a_0780_140,"[[19, 13, 20, 12], [21, 9, 22, 8], [23, 5, 24, 4], [1, 11, 2, 10], [3, 14, 4, 15], [5, 23, 6, 22], [7, 19, 8, 18], [9, 1, 10, 24], [11, 21, 12, 20], [13, 17, 14, 16], [15, 2, 16, 3], [17, 7, 18, 6]]"
12a_0780_141,"[[17, 7, 18, 6], [19, 13, 20, 12], [21, 9, 22, 8], [23, 5, 24, 4], [1, 11, 2, 10], [3, 14, 4, 15], [5, 23, 6, 22], [7, 19, 8, 18], [9, 1, 10, 24], [11, 21, 12, 20], [13, 17, 14, 16], [15, 2, 16, 3]]"
12a_0780_142,"[[15, 2, 16, 3], [17, 7, 18, 6], [19, 13, 20, 12], [21, 9, 22, 8], [23, 5, 24, 4], [1, 11, 2, 10], [3, 14, 4, 15], [5, 23, 6, 22], [7, 19, 8, 18], [9, 1, 10, 24], [11, 21, 12, 20], [13, 17, 14, 16]]"
12a_0780_143,"[[13, 17, 14, 16], [15, 2, 16, 3], [17, 7, 18, 6], [19, 13, 20, 12], [21, 9, 22, 8], [23, 5, 24, 4], [1, 11, 2, 10], [3, 14, 4, 15], [5, 23, 6, 22], [7, 19, 8, 18], [9, 1, 10, 24], [11, 21, 12, 20]]"
12a_0780_144,"[[12, 22, 13, 21], [14, 18, 15, 17], [16, 3, 17, 4], [18, 8, 19, 7], [20, 14, 21, 13], [22, 10, 23, 9], [24, 6, 1, 5], [2, 12, 3, 11], [4, 15, 5, 16], [6, 24, 7, 23], [8, 20, 9, 19], [10, 2, 11, 1]]"
12a_0780_145,"[[10, 2, 11, 1], [12, 22, 13, 21], [14, 18, 15, 17], [16, 3, 17, 4], [18, 8, 19, 7], [20, 14, 21, 13], [22, 10, 23, 9], [24, 6, 1, 5], [2, 12, 3, 11], [4, 15, 5, 16], [6, 24, 7, 23], [8, 20, 9, 19]]"
12a_0780_146,"[[8, 20, 9, 19], [10, 2, 11, 1], [12, 22, 13, 21], [14, 18, 15, 17], [16, 3, 17, 4], [18, 8, 19, 7], [20, 14, 21, 13], [22, 10, 23, 9], [24, 6, 1, 5], [2, 12, 3, 11], [4, 15, 5, 16], [6, 24, 7, 23]]"
12a_0780_147,"[[6, 24, 7, 23], [8, 20, 9, 19], [10, 2, 11, 1], [12, 22, 13, 21], [14, 18, 15, 17], [16, 3, 17, 4], [18, 8, 19, 7], [20, 14, 21, 13], [22, 10, 23, 9], [24, 6, 1, 5], [2, 12, 3, 11], [4, 15, 5, 16]]"
12a_0780_148,"[[4, 15, 5, 16], [6, 24, 7, 23], [8, 20, 9, 19], [10, 2, 11, 1], [12, 22, 13, 21], [14, 18, 15, 17], [16, 3, 17, 4], [18, 8, 19, 7], [20, 14, 21, 13], [22, 10, 23, 9], [24, 6, 1, 5], [2, 12, 3, 11]]"
12a_0780_149,"[[2, 12, 3, 11], [4, 15, 5, 16], [6, 24, 7, 23], [8, 20, 9, 19], [10, 2, 11, 1], [12, 22, 13, 21], [14, 18, 15, 17], [16, 3, 17, 4], [18, 8, 19, 7], [20, 14, 21, 13], [22, 10, 23, 9], [24, 6, 1, 5]]"
12a_0780_150,"[[24, 6, 1, 5], [2, 12, 3, 11], [4, 15, 5, 16], [6, 24, 7, 23], [8, 20, 9, 19], [10, 2, 11, 1], [12, 22, 13, 21], [14, 18, 15, 17], [16, 3, 17, 4], [18, 8, 19, 7], [20, 14, 21, 13], [22, 10, 23, 9]]"
12a_0780_151,"[[22, 10, 23, 9], [24, 6, 1, 5], [2, 12, 3, 11], [4, 15, 5, 16], [6, 24, 7, 23], [8, 20, 9, 19], [10, 2, 11, 1], [12, 22, 13, 21], [14, 18, 15, 17], [16, 3, 17, 4], [18, 8, 19, 7], [20, 14, 21, 13]]"
12a_0780_152,"[[20, 14, 21, 13], [22, 10, 23, 9], [24, 6, 1, 5], [2, 12, 3, 11], [4, 15, 5, 16], [6, 24, 7, 23], [8, 20, 9, 19], [10, 2, 11, 1], [12, 22, 13, 21], [14, 18, 15, 17], [16, 3, 17, 4], [18, 8, 19, 7]]"
12a_0780_153,"[[18, 8, 19, 7], [20, 14, 21, 13], [22, 10, 23, 9], [24, 6, 1, 5], [2, 12, 3, 11], [4, 15, 5, 16], [6, 24, 7, 23], [8, 20, 9, 19], [10, 2, 11, 1], [12, 22, 13, 21], [14, 18, 15, 17], [16, 3, 17, 4]]"
12a_0780_154,"[[16, 3, 17, 4], [18, 8, 19, 7], [20, 14, 21, 13], [22, 10, 23, 9], [24, 6, 1, 5], [2, 12, 3, 11], [4, 15, 5, 16], [6, 24, 7, 23], [8, 20, 9, 19], [10, 2, 11, 1], [12, 22, 13, 21], [14, 18, 15, 17]]"
12a_0780_155,"[[14, 18, 15, 17], [16, 3, 17, 4], [18, 8, 19, 7], [20, 14, 21, 13], [22, 10, 23, 9], [24, 6, 1, 5], [2, 12, 3, 11], [4, 15, 5, 16], [6, 24, 7, 23], [8, 20, 9, 19], [10, 2, 11, 1], [12, 22, 13, 21]]"
12a_0780_156,"[[13, 23, 14, 22], [15, 19, 16, 18], [17, 4, 18, 5], [19, 9, 20, 8], [21, 15, 22, 14], [23, 11, 24, 10], [1, 7, 2, 6], [3, 13, 4, 12], [5, 16, 6, 17], [7, 1, 8, 24], [9, 21, 10, 20], [11, 3, 12, 2]]"
12a_0780_157,"[[11, 3, 12, 2], [13, 23, 14, 22], [15, 19, 16, 18], [17, 4, 18, 5], [19, 9, 20, 8], [21, 15, 22, 14], [23, 11, 24, 10], [1, 7, 2, 6], [3, 13, 4, 12], [5, 16, 6, 17], [7, 1, 8, 24], [9, 21, 10, 20]]"
12a_0780_158,"[[9, 21, 10, 20], [11, 3, 12, 2], [13, 23, 14, 22], [15, 19, 16, 18], [17, 4, 18, 5], [19, 9, 20, 8], [21, 15, 22, 14], [23, 11, 24, 10], [1, 7, 2, 6], [3, 13, 4, 12], [5, 16, 6, 17], [7, 1, 8, 24]]"
12a_0780_159,"[[7, 1, 8, 24], [9, 21, 10, 20], [11, 3, 12, 2], [13, 23, 14, 22], [15, 19, 16, 18], [17, 4, 18, 5], [19, 9, 20, 8], [21, 15, 22, 14], [23, 11, 24, 10], [1, 7, 2, 6], [3, 13, 4, 12], [5, 16, 6, 17]]"
12a_0780_160,"[[5, 16, 6, 17], [7, 1, 8, 24], [9, 21, 10, 20], [11, 3, 12, 2], [13, 23, 14, 22], [15, 19, 16, 18], [17, 4, 18, 5], [19, 9, 20, 8], [21, 15, 22, 14], [23, 11, 24, 10], [1, 7, 2, 6], [3, 13, 4, 12]]"
12a_0780_161,"[[3, 13, 4, 12], [5, 16, 6, 17], [7, 1, 8, 24], [9, 21, 10, 20], [11, 3, 12, 2], [13, 23, 14, 22], [15, 19, 16, 18], [17, 4, 18, 5], [19, 9, 20, 8], [21, 15, 22, 14], [23, 11, 24, 10], [1, 7, 2, 6]]"
12a_0780_162,"[[1, 7, 2, 6], [3, 13, 4, 12], [5, 16, 6, 17], [7, 1, 8, 24], [9, 21, 10, 20], [11, 3, 12, 2], [13, 23, 14, 22], [15, 19, 16, 18], [17, 4, 18, 5], [19, 9, 20, 8], [21, 15, 22, 14], [23, 11, 24, 10]]"
12a_0780_163,"[[23, 11, 24, 10], [1, 7, 2, 6], [3, 13, 4, 12], [5, 16, 6, 17], [7, 1, 8, 24], [9, 21, 10, 20], [11, 3, 12, 2], [13, 23, 14, 22], [15, 19, 16, 18], [17, 4, 18, 5], [19, 9, 20, 8], [21, 15, 22, 14]]"
12a_0780_164,"[[21, 15, 22, 14], [23, 11, 24, 10], [1, 7, 2, 6], [3, 13, 4, 12], [5, 16, 6, 17], [7, 1, 8, 24], [9, 21, 10, 20], [11, 3, 12, 2], [13, 23, 14, 22], [15, 19, 16, 18], [17, 4, 18, 5], [19, 9, 20, 8]]"
12a_0780_165,"[[19, 9, 20, 8], [21, 15, 22, 14], [23, 11, 24, 10], [1, 7, 2, 6], [3, 13, 4, 12], [5, 16, 6, 17], [7, 1, 8, 24], [9, 21, 10, 20], [11, 3, 12, 2], [13, 23, 14, 22], [15, 19, 16, 18], [17, 4, 18, 5]]"
12a_0780_166,"[[17, 4, 18, 5], [19, 9, 20, 8], [21, 15, 22, 14], [23, 11, 24, 10], [1, 7, 2, 6], [3, 13, 4, 12], [5, 16, 6, 17], [7, 1, 8, 24], [9, 21, 10, 20], [11, 3, 12, 2], [13, 23, 14, 22], [15, 19, 16, 18]]"
12a_0780_167,"[[15, 19, 16, 18], [17, 4, 18, 5], [19, 9, 20, 8], [21, 15, 22, 14], [23, 11, 24, 10], [1, 7, 2, 6], [3, 13, 4, 12], [5, 16, 6, 17], [7, 1, 8, 24], [9, 21, 10, 20], [11, 3, 12, 2], [13, 23, 14, 22]]"
12a_0780_168,"[[14, 24, 15, 23], [16, 20, 17, 19], [18, 5, 19, 6], [20, 10, 21, 9], [22, 16, 23, 15], [24, 12, 1, 11], [2, 8, 3, 7], [4, 14, 5, 13], [6, 17, 7, 18], [8, 2, 9, 1], [10, 22, 11, 21], [12, 4, 13, 3]]"
12a_0780_169,"[[12, 4, 13, 3], [14, 24, 15, 23], [16, 20, 17, 19], [18, 5, 19, 6], [20, 10, 21, 9], [22, 16, 23, 15], [24, 12, 1, 11], [2, 8, 3, 7], [4, 14, 5, 13], [6, 17, 7, 18], [8, 2, 9, 1], [10, 22, 11, 21]]"
12a_0780_170,"[[10, 22, 11, 21], [12, 4, 13, 3], [14, 24, 15, 23], [16, 20, 17, 19], [18, 5, 19, 6], [20, 10, 21, 9], [22, 16, 23, 15], [24, 12, 1, 11], [2, 8, 3, 7], [4, 14, 5, 13], [6, 17, 7, 18], [8, 2, 9, 1]]"
12a_0780_171,"[[8, 2, 9, 1], [10, 22, 11, 21], [12, 4, 13, 3], [14, 24, 15, 23], [16, 20, 17, 19], [18, 5, 19, 6], [20, 10, 21, 9], [22, 16, 23, 15], [24, 12, 1, 11], [2, 8, 3, 7], [4, 14, 5, 13], [6, 17, 7, 18]]"
12a_0780_172,"[[6, 17, 7, 18], [8, 2, 9, 1], [10, 22, 11, 21], [12, 4, 13, 3], [14, 24, 15, 23], [16, 20, 17, 19], [18, 5, 19, 6], [20, 10, 21, 9], [22, 16, 23, 15], [24, 12, 1, 11], [2, 8, 3, 7], [4, 14, 5, 13]]"
12a_0780_173,"[[4, 14, 5, 13], [6, 17, 7, 18], [8, 2, 9, 1], [10, 22, 11, 21], [12, 4, 13, 3], [14, 24, 15, 23], [16, 20, 17, 19], [18, 5, 19, 6], [20, 10, 21, 9], [22, 16, 23, 15], [24, 12, 1, 11], [2, 8, 3, 7]]"
12a_0780_174,"[[2, 8, 3, 7], [4, 14, 5, 13], [6, 17, 7, 18], [8, 2, 9, 1], [10, 22, 11, 21], [12, 4, 13, 3], [14, 24, 15, 23], [16, 20, 17, 19], [18, 5, 19, 6], [20, 10, 21, 9], [22, 16, 23, 15], [24, 12, 1, 11]]"
12a_0780_175,"[[24, 12, 1, 11], [2, 8, 3, 7], [4, 14, 5, 13], [6, 17, 7, 18], [8, 2, 9, 1], [10, 22, 11, 21], [12, 4, 13, 3], [14, 24, 15, 23], [16, 20, 17, 19], [18, 5, 19, 6], [20, 10, 21, 9], [22, 16, 23, 15]]"
12a_0780_176,"[[22, 16, 23, 15], [24, 12, 1, 11], [2, 8, 3, 7], [4, 14, 5, 13], [6, 17, 7, 18], [8, 2, 9, 1], [10, 22, 11, 21], [12, 4, 13, 3], [14, 24, 15, 23], [16, 20, 17, 19], [18, 5, 19, 6], [20, 10, 21, 9]]"
12a_0780_177,"[[20, 10, 21, 9], [22, 16, 23, 15], [24, 12, 1, 11], [2, 8, 3, 7], [4, 14, 5, 13], [6, 17, 7, 18], [8, 2, 9, 1], [10, 22, 11, 21], [12, 4, 13, 3], [14, 24, 15, 23], [16, 20, 17, 19], [18, 5, 19, 6]]"
12a_0780_178,"[[18, 5, 19, 6], [20, 10, 21, 9], [22, 16, 23, 15], [24, 12, 1, 11], [2, 8, 3, 7], [4, 14, 5, 13], [6, 17, 7, 18], [8, 2, 9, 1], [10, 22, 11, 21], [12, 4, 13, 3], [14, 24, 15, 23], [16, 20, 17, 19]]"
12a_0780_179,"[[16, 20, 17, 19], [18, 5, 19, 6], [20, 10, 21, 9], [22, 16, 23, 15], [24, 12, 1, 11], [2, 8, 3, 7], [4, 14, 5, 13], [6, 17, 7, 18], [8, 2, 9, 1], [10, 22, 11, 21], [12, 4, 13, 3], [14, 24, 15, 23]]"
12a_0780_180,"[[15, 1, 16, 24], [17, 21, 18, 20], [19, 6, 20, 7], [21, 11, 22, 10], [23, 17, 24, 16], [1, 13, 2, 12], [3, 9, 4, 8], [5, 15, 6, 14], [7, 18, 8, 19], [9, 3, 10, 2], [11, 23, 12, 22], [13, 5, 14, 4]]"
12a_0780_181,"[[13, 5, 14, 4], [15, 1, 16, 24], [17, 21, 18, 20], [19, 6, 20, 7], [21, 11, 22, 10], [23, 17, 24, 16], [1, 13, 2, 12], [3, 9, 4, 8], [5, 15, 6, 14], [7, 18, 8, 19], [9, 3, 10, 2], [11, 23, 12, 22]]"
12a_0780_182,"[[11, 23, 12, 22], [13, 5, 14, 4], [15, 1, 16, 24], [17, 21, 18, 20], [19, 6, 20, 7], [21, 11, 22, 10], [23, 17, 24, 16], [1, 13, 2, 12], [3, 9, 4, 8], [5, 15, 6, 14], [7, 18, 8, 19], [9, 3, 10, 2]]"
12a_0780_183,"[[9, 3, 10, 2], [11, 23, 12, 22], [13, 5, 14, 4], [15, 1, 16, 24], [17, 21, 18, 20], [19, 6, 20, 7], [21, 11, 22, 10], [23, 17, 24, 16], [1, 13, 2, 12], [3, 9, 4, 8], [5, 15, 6, 14], [7, 18, 8, 19]]"
12a_0780_184,"[[7, 18, 8, 19], [9, 3, 10, 2], [11, 23, 12, 22], [13, 5, 14, 4], [15, 1, 16, 24], [17, 21, 18, 20], [19, 6, 20, 7], [21, 11, 22, 10], [23, 17, 24, 16], [1, 13, 2, 12], [3, 9, 4, 8], [5, 15, 6, 14]]"
12a_0780_185,"[[5, 15, 6, 14], [7, 18, 8, 19], [9, 3, 10, 2], [11, 23, 12, 22], [13, 5, 14, 4], [15, 1, 16, 24], [17, 21, 18, 20], [19, 6, 20, 7], [21, 11, 22, 10], [23, 17, 24, 16], [1, 13, 2, 12], [3, 9, 4, 8]]"
