name,pd_notation
12a_1258_0,"[[24, 16, 1, 15], [2, 10, 3, 9], [4, 14, 5, 13], [6, 17, 7, 18], [8, 19, 9, 20], [10, 4, 11, 3], [12, 21, 13, 22], [14, 24, 15, 23], [16, 2, 17, 1], [18, 7, 19, 8], [20, 11, 21, 12], [22, 5, 23, 6]]"
12a_1258_1,"[[22, 5, 23, 6], [24, 16, 1, 15], [2, 10, 3, 9], [4, 14, 5, 13], [6, 17, 7, 18], [8, 19, 9, 20], [10, 4, 11, 3], [12, 21, 13, 22], [14, 24, 15, 23], [16, 2, 17, 1], [18, 7, 19, 8], [20, 11, 21, 12]]"
12a_1258_2,"[[20, 11, 21, 12], [22, 5, 23, 6], [24, 16, 1, 15], [2, 10, 3, 9], [4, 14, 5, 13], [6, 17, 7, 18], [8, 19, 9, 20], [10, 4, 11, 3], [12, 21, 13, 22], [14, 24, 15, 23], [16, 2, 17, 1], [18, 7, 19, 8]]"
12a_1258_3,"[[18, 7, 19, 8], [20, 11, 21, 12], [22, 5, 23, 6], [24, 16, 1, 15], [2, 10, 3, 9], [4, 14, 5, 13], [6, 17, 7, 18], [8, 19, 9, 20], [10, 4, 11, 3], [12, 21, 13, 22], [14, 24, 15, 23], [16, 2, 17, 1]]"
12a_1258_4,"[[16, 2, 17, 1], [18, 7, 19, 8], [20, 11, 21, 12], [22, 5, 23, 6], [24, 16, 1, 15], [2, 10, 3, 9], [4, 14, 5, 13], [6, 17, 7, 18], [8, 19, 9, 20], [10, 4, 11, 3], [12, 21, 13, 22], [14, 24, 15, 23]]"
12a_1258_5,"[[14, 24, 15, 23], [16, 2, 17, 1], [18, 7, 19, 8], [20, 11, 21, 12], [22, 5, 23, 6], [24, 16, 1, 15], [2, 10, 3, 9], [4, 14, 5, 13], [6, 17, 7, 18], [8, 19, 9, 20], [10, 4, 11, 3], [12, 21, 13, 22]]"
12a_1258_6,"[[12, 21, 13, 22], [14, 24, 15, 23], [16, 2, 17, 1], [18, 7, 19, 8], [20, 11, 21, 12], [22, 5, 23, 6], [24, 16, 1, 15], [2, 10, 3, 9], [4, 14, 5, 13], [6, 17, 7, 18], [8, 19, 9, 20], [10, 4, 11, 3]]"
12a_1258_7,"[[10, 4, 11, 3], [12, 21, 13, 22], [14, 24, 15, 23], [16, 2, 17, 1], [18, 7, 19, 8], [20, 11, 21, 12], [22, 5, 23, 6], [24, 16, 1, 15], [2, 10, 3, 9], [4, 14, 5, 13], [6, 17, 7, 18], [8, 19, 9, 20]]"
12a_1258_8,"[[8, 19, 9, 20], [10, 4, 11, 3], [12, 21, 13, 22], [14, 24, 15, 23], [16, 2, 17, 1], [18, 7, 19, 8], [20, 11, 21, 12], [22, 5, 23, 6], [24, 16, 1, 15], [2, 10, 3, 9], [4, 14, 5, 13], [6, 17, 7, 18]]"
12a_1258_9,"[[6, 17, 7, 18], [8, 19, 9, 20], [10, 4, 11, 3], [12, 21, 13, 22], [14, 24, 15, 23], [16, 2, 17, 1], [18, 7, 19, 8], [20, 11, 21, 12], [22, 5, 23, 6], [24, 16, 1, 15], [2, 10, 3, 9], [4, 14, 5, 13]]"
12a_1258_10,"[[4, 14, 5, 13], [6, 17, 7, 18], [8, 19, 9, 20], [10, 4, 11, 3], [12, 21, 13, 22], [14, 24, 15, 23], [16, 2, 17, 1], [18, 7, 19, 8], [20, 11, 21, 12], [22, 5, 23, 6], [24, 16, 1, 15], [2, 10, 3, 9]]"
12a_1258_11,"[[2, 10, 3, 9], [4, 14, 5, 13], [6, 17, 7, 18], [8, 19, 9, 20], [10, 4, 11, 3], [12, 21, 13, 22], [14, 24, 15, 23], [16, 2, 17, 1], [18, 7, 19, 8], [20, 11, 21, 12], [22, 5, 23, 6], [24, 16, 1, 15]]"
12a_1258_12,"[[1, 17, 2, 16], [3, 11, 4, 10], [5, 15, 6, 14], [7, 18, 8, 19], [9, 20, 10, 21], [11, 5, 12, 4], [13, 22, 14, 23], [15, 1, 16, 24], [17, 3, 18, 2], [19, 8, 20, 9], [21, 12, 22, 13], [23, 6, 24, 7]]"
12a_1258_13,"[[23, 6, 24, 7], [1, 17, 2, 16], [3, 11, 4, 10], [5, 15, 6, 14], [7, 18, 8, 19], [9, 20, 10, 21], [11, 5, 12, 4], [13, 22, 14, 23], [15, 1, 16, 24], [17, 3, 18, 2], [19, 8, 20, 9], [21, 12, 22, 13]]"
12a_1258_14,"[[21, 12, 22, 13], [23, 6, 24, 7], [1, 17, 2, 16], [3, 11, 4, 10], [5, 15, 6, 14], [7, 18, 8, 19], [9, 20, 10, 21], [11, 5, 12, 4], [13, 22, 14, 23], [15, 1, 16, 24], [17, 3, 18, 2], [19, 8, 20, 9]]"
12a_1258_15,"[[19, 8, 20, 9], [21, 12, 22, 13], [23, 6, 24, 7], [1, 17, 2, 16], [3, 11, 4, 10], [5, 15, 6, 14], [7, 18, 8, 19], [9, 20, 10, 21], [11, 5, 12, 4], [13, 22, 14, 23], [15, 1, 16, 24], [17, 3, 18, 2]]"
12a_1258_16,"[[17, 3, 18, 2], [19, 8, 20, 9], [21, 12, 22, 13], [23, 6, 24, 7], [1, 17, 2, 16], [3, 11, 4, 10], [5, 15, 6, 14], [7, 18, 8, 19], [9, 20, 10, 21], [11, 5, 12, 4], [13, 22, 14, 23], [15, 1, 16, 24]]"
12a_1258_17,"[[15, 1, 16, 24], [17, 3, 18, 2], [19, 8, 20, 9], [21, 12, 22, 13], [23, 6, 24, 7], [1, 17, 2, 16], [3, 11, 4, 10], [5, 15, 6, 14], [7, 18, 8, 19], [9, 20, 10, 21], [11, 5, 12, 4], [13, 22, 14, 23]]"
12a_1258_18,"[[13, 22, 14, 23], [15, 1, 16, 24], [17, 3, 18, 2], [19, 8, 20, 9], [21, 12, 22, 13], [23, 6, 24, 7], [1, 17, 2, 16], [3, 11, 4, 10], [5, 15, 6, 14], [7, 18, 8, 19], [9, 20, 10, 21], [11, 5, 12, 4]]"
12a_1258_19,"[[11, 5, 12, 4], [13, 22, 14, 23], [15, 1, 16, 24], [17, 3, 18, 2], [19, 8, 20, 9], [21, 12, 22, 13], [23, 6, 24, 7], [1, 17, 2, 16], [3, 11, 4, 10], [5, 15, 6, 14], [7, 18, 8, 19], [9, 20, 10, 21]]"
12a_1258_20,"[[9, 20, 10, 21], [11, 5, 12, 4], [13, 22, 14, 23], [15, 1, 16, 24], [17, 3, 18, 2], [19, 8, 20, 9], [21, 12, 22, 13], [23, 6, 24, 7], [1, 17, 2, 16], [3, 11, 4, 10], [5, 15, 6, 14], [7, 18, 8, 19]]"
12a_1258_21,"[[7, 18, 8, 19], [9, 20, 10, 21], [11, 5, 12, 4], [13, 22, 14, 23], [15, 1, 16, 24], [17, 3, 18, 2], [19, 8, 20, 9], [21, 12, 22, 13], [23, 6, 24, 7], [1, 17, 2, 16], [3, 11, 4, 10], [5, 15, 6, 14]]"
12a_1258_22,"[[5, 15, 6, 14], [7, 18, 8, 19], [9, 20, 10, 21], [11, 5, 12, 4], [13, 22, 14, 23], [15, 1, 16, 24], [17, 3, 18, 2], [19, 8, 20, 9], [21, 12, 22, 13], [23, 6, 24, 7], [1, 17, 2, 16], [3, 11, 4, 10]]"
12a_1258_23,"[[3, 11, 4, 10], [5, 15, 6, 14], [7, 18, 8, 19], [9, 20, 10, 21], [11, 5, 12, 4], [13, 22, 14, 23], [15, 1, 16, 24], [17, 3, 18, 2], [19, 8, 20, 9], [21, 12, 22, 13], [23, 6, 24, 7], [1, 17, 2, 16]]"
12a_1258_24,"[[2, 18, 3, 17], [4, 12, 5, 11], [6, 16, 7, 15], [8, 19, 9, 20], [10, 21, 11, 22], [12, 6, 13, 5], [14, 23, 15, 24], [16, 2, 17, 1], [18, 4, 19, 3], [20, 9, 21, 10], [22, 13, 23, 14], [24, 7, 1, 8]]"
12a_1258_25,"[[24, 7, 1, 8], [2, 18, 3, 17], [4, 12, 5, 11], [6, 16, 7, 15], [8, 19, 9, 20], [10, 21, 11, 22], [12, 6, 13, 5], [14, 23, 15, 24], [16, 2, 17, 1], [18, 4, 19, 3], [20, 9, 21, 10], [22, 13, 23, 14]]"
12a_1258_26,"[[22, 13, 23, 14], [24, 7, 1, 8], [2, 18, 3, 17], [4, 12, 5, 11], [6, 16, 7, 15], [8, 19, 9, 20], [10, 21, 11, 22], [12, 6, 13, 5], [14, 23, 15, 24], [16, 2, 17, 1], [18, 4, 19, 3], [20, 9, 21, 10]]"
12a_1258_27,"[[20, 9, 21, 10], [22, 13, 23, 14], [24, 7, 1, 8], [2, 18, 3, 17], [4, 12, 5, 11], [6, 16, 7, 15], [8, 19, 9, 20], [10, 21, 11, 22], [12, 6, 13, 5], [14, 23, 15, 24], [16, 2, 17, 1], [18, 4, 19, 3]]"
12a_1258_28,"[[18, 4, 19, 3], [20, 9, 21, 10], [22, 13, 23, 14], [24, 7, 1, 8], [2, 18, 3, 17], [4, 12, 5, 11], [6, 16, 7, 15], [8, 19, 9, 20], [10, 21, 11, 22], [12, 6, 13, 5], [14, 23, 15, 24], [16, 2, 17, 1]]"
12a_1258_29,"[[16, 2, 17, 1], [18, 4, 19, 3], [20, 9, 21, 10], [22, 13, 23, 14], [24, 7, 1, 8], [2, 18, 3, 17], [4, 12, 5, 11], [6, 16, 7, 15], [8, 19, 9, 20], [10, 21, 11, 22], [12, 6, 13, 5], [14, 23, 15, 24]]"
12a_1258_30,"[[14, 23, 15, 24], [16, 2, 17, 1], [18, 4, 19, 3], [20, 9, 21, 10], [22, 13, 23, 14], [24, 7, 1, 8], [2, 18, 3, 17], [4, 12, 5, 11], [6, 16, 7, 15], [8, 19, 9, 20], [10, 21, 11, 22], [12, 6, 13, 5]]"
12a_1258_31,"[[12, 6, 13, 5], [14, 23, 15, 24], [16, 2, 17, 1], [18, 4, 19, 3], [20, 9, 21, 10], [22, 13, 23, 14], [24, 7, 1, 8], [2, 18, 3, 17], [4, 12, 5, 11], [6, 16, 7, 15], [8, 19, 9, 20], [10, 21, 11, 22]]"
12a_1258_32,"[[10, 21, 11, 22], [12, 6, 13, 5], [14, 23, 15, 24], [16, 2, 17, 1], [18, 4, 19, 3], [20, 9, 21, 10], [22, 13, 23, 14], [24, 7, 1, 8], [2, 18, 3, 17], [4, 12, 5, 11], [6, 16, 7, 15], [8, 19, 9, 20]]"
12a_1258_33,"[[8, 19, 9, 20], [10, 21, 11, 22], [12, 6, 13, 5], [14, 23, 15, 24], [16, 2, 17, 1], [18, 4, 19, 3], [20, 9, 21, 10], [22, 13, 23, 14], [24, 7, 1, 8], [2, 18, 3, 17], [4, 12, 5, 11], [6, 16, 7, 15]]"
12a_1258_34,"[[6, 16, 7, 15], [8, 19, 9, 20], [10, 21, 11, 22], [12, 6, 13, 5], [14, 23, 15, 24], [16, 2, 17, 1], [18, 4, 19, 3], [20, 9, 21, 10], [22, 13, 23, 14], [24, 7, 1, 8], [2, 18, 3, 17], [4, 12, 5, 11]]"
12a_1258_35,"[[4, 12, 5, 11], [6, 16, 7, 15], [8, 19, 9, 20], [10, 21, 11, 22], [12, 6, 13, 5], [14, 23, 15, 24], [16, 2, 17, 1], [18, 4, 19, 3], [20, 9, 21, 10], [22, 13, 23, 14], [24, 7, 1, 8], [2, 18, 3, 17]]"
12a_1258_36,"[[3, 19, 4, 18], [5, 13, 6, 12], [7, 17, 8, 16], [9, 20, 10, 21], [11, 22, 12, 23], [13, 7, 14, 6], [15, 24, 16, 1], [17, 3, 18, 2], [19, 5, 20, 4], [21, 10, 22, 11], [23, 14, 24, 15], [1, 8, 2, 9]]"
12a_1258_37,"[[1, 8, 2, 9], [3, 19, 4, 18], [5, 13, 6, 12], [7, 17, 8, 16], [9, 20, 10, 21], [11, 22, 12, 23], [13, 7, 14, 6], [15, 24, 16, 1], [17, 3, 18, 2], [19, 5, 20, 4], [21, 10, 22, 11], [23, 14, 24, 15]]"
12a_1258_38,"[[23, 14, 24, 15], [1, 8, 2, 9], [3, 19, 4, 18], [5, 13, 6, 12], [7, 17, 8, 16], [9, 20, 10, 21], [11, 22, 12, 23], [13, 7, 14, 6], [15, 24, 16, 1], [17, 3, 18, 2], [19, 5, 20, 4], [21, 10, 22, 11]]"
12a_1258_39,"[[21, 10, 22, 11], [23, 14, 24, 15], [1, 8, 2, 9], [3, 19, 4, 18], [5, 13, 6, 12], [7, 17, 8, 16], [9, 20, 10, 21], [11, 22, 12, 23], [13, 7, 14, 6], [15, 24, 16, 1], [17, 3, 18, 2], [19, 5, 20, 4]]"
12a_1258_40,"[[19, 5, 20, 4], [21, 10, 22, 11], [23, 14, 24, 15], [1, 8, 2, 9], [3, 19, 4, 18], [5, 13, 6, 12], [7, 17, 8, 16], [9, 20, 10, 21], [11, 22, 12, 23], [13, 7, 14, 6], [15, 24, 16, 1], [17, 3, 18, 2]]"
12a_1258_41,"[[17, 3, 18, 2], [19, 5, 20, 4], [21, 10, 22, 11], [23, 14, 24, 15], [1, 8, 2, 9], [3, 19, 4, 18], [5, 13, 6, 12], [7, 17, 8, 16], [9, 20, 10, 21], [11, 22, 12, 23], [13, 7, 14, 6], [15, 24, 16, 1]]"
12a_1258_42,"[[15, 24, 16, 1], [17, 3, 18, 2], [19, 5, 20, 4], [21, 10, 22, 11], [23, 14, 24, 15], [1, 8, 2, 9], [3, 19, 4, 18], [5, 13, 6, 12], [7, 17, 8, 16], [9, 20, 10, 21], [11, 22, 12, 23], [13, 7, 14, 6]]"
12a_1258_43,"[[13, 7, 14, 6], [15, 24, 16, 1], [17, 3, 18, 2], [19, 5, 20, 4], [21, 10, 22, 11], [23, 14, 24, 15], [1, 8, 2, 9], [3, 19, 4, 18], [5, 13, 6, 12], [7, 17, 8, 16], [9, 20, 10, 21], [11, 22, 12, 23]]"
12a_1258_44,"[[11, 22, 12, 23], [13, 7, 14, 6], [15, 24, 16, 1], [17, 3, 18, 2], [19, 5, 20, 4], [21, 10, 22, 11], [23, 14, 24, 15], [1, 8, 2, 9], [3, 19, 4, 18], [5, 13, 6, 12], [7, 17, 8, 16], [9, 20, 10, 21]]"
12a_1258_45,"[[9, 20, 10, 21], [11, 22, 12, 23], [13, 7, 14, 6], [15, 24, 16, 1], [17, 3, 18, 2], [19, 5, 20, 4], [21, 10, 22, 11], [23, 14, 24, 15], [1, 8, 2, 9], [3, 19, 4, 18], [5, 13, 6, 12], [7, 17, 8, 16]]"
12a_1258_46,"[[7, 17, 8, 16], [9, 20, 10, 21], [11, 22, 12, 23], [13, 7, 14, 6], [15, 24, 16, 1], [17, 3, 18, 2], [19, 5, 20, 4], [21, 10, 22, 11], [23, 14, 24, 15], [1, 8, 2, 9], [3, 19, 4, 18], [5, 13, 6, 12]]"
12a_1258_47,"[[5, 13, 6, 12], [7, 17, 8, 16], [9, 20, 10, 21], [11, 22, 12, 23], [13, 7, 14, 6], [15, 24, 16, 1], [17, 3, 18, 2], [19, 5, 20, 4], [21, 10, 22, 11], [23, 14, 24, 15], [1, 8, 2, 9], [3, 19, 4, 18]]"
12a_1258_48,"[[4, 20, 5, 19], [6, 14, 7, 13], [8, 18, 9, 17], [10, 21, 11, 22], [12, 23, 13, 24], [14, 8, 15, 7], [16, 1, 17, 2], [18, 4, 19, 3], [20, 6, 21, 5], [22, 11, 23, 12], [24, 15, 1, 16], [2, 9, 3, 10]]"
12a_1258_49,"[[2, 9, 3, 10], [4, 20, 5, 19], [6, 14, 7, 13], [8, 18, 9, 17], [10, 21, 11, 22], [12, 23, 13, 24], [14, 8, 15, 7], [16, 1, 17, 2], [18, 4, 19, 3], [20, 6, 21, 5], [22, 11, 23, 12], [24, 15, 1, 16]]"
12a_1258_50,"[[24, 15, 1, 16], [2, 9, 3, 10], [4, 20, 5, 19], [6, 14, 7, 13], [8, 18, 9, 17], [10, 21, 11, 22], [12, 23, 13, 24], [14, 8, 15, 7], [16, 1, 17, 2], [18, 4, 19, 3], [20, 6, 21, 5], [22, 11, 23, 12]]"
12a_1258_51,"[[22, 11, 23, 12], [24, 15, 1, 16], [2, 9, 3, 10], [4, 20, 5, 19], [6, 14, 7, 13], [8, 18, 9, 17], [10, 21, 11, 22], [12, 23, 13, 24], [14, 8, 15, 7], [16, 1, 17, 2], [18, 4, 19, 3], [20, 6, 21, 5]]"
12a_1258_52,"[[20, 6, 21, 5], [22, 11, 23, 12], [24, 15, 1, 16], [2, 9, 3, 10], [4, 20, 5, 19], [6, 14, 7, 13], [8, 18, 9, 17], [10, 21, 11, 22], [12, 23, 13, 24], [14, 8, 15, 7], [16, 1, 17, 2], [18, 4, 19, 3]]"
12a_1258_53,"[[18, 4, 19, 3], [20, 6, 21, 5], [22, 11, 23, 12], [24, 15, 1, 16], [2, 9, 3, 10], [4, 20, 5, 19], [6, 14, 7, 13], [8, 18, 9, 17], [10, 21, 11, 22], [12, 23, 13, 24], [14, 8, 15, 7], [16, 1, 17, 2]]"
12a_1258_54,"[[16, 1, 17, 2], [18, 4, 19, 3], [20, 6, 21, 5], [22, 11, 23, 12], [24, 15, 1, 16], [2, 9, 3, 10], [4, 20, 5, 19], [6, 14, 7, 13], [8, 18, 9, 17], [10, 21, 11, 22], [12, 23, 13, 24], [14, 8, 15, 7]]"
12a_1258_55,"[[14, 8, 15, 7], [16, 1, 17, 2], [18, 4, 19, 3], [20, 6, 21, 5], [22, 11, 23, 12], [24, 15, 1, 16], [2, 9, 3, 10], [4, 20, 5, 19], [6, 14, 7, 13], [8, 18, 9, 17], [10, 21, 11, 22], [12, 23, 13, 24]]"
12a_1258_56,"[[12, 23, 13, 24], [14, 8, 15, 7], [16, 1, 17, 2], [18, 4, 19, 3], [20, 6, 21, 5], [22, 11, 23, 12], [24, 15, 1, 16], [2, 9, 3, 10], [4, 20, 5, 19], [6, 14, 7, 13], [8, 18, 9, 17], [10, 21, 11, 22]]"
12a_1258_57,"[[10, 21, 11, 22], [12, 23, 13, 24], [14, 8, 15, 7], [16, 1, 17, 2], [18, 4, 19, 3], [20, 6, 21, 5], [22, 11, 23, 12], [24, 15, 1, 16], [2, 9, 3, 10], [4, 20, 5, 19], [6, 14, 7, 13], [8, 18, 9, 17]]"
12a_1258_58,"[[8, 18, 9, 17], [10, 21, 11, 22], [12, 23, 13, 24], [14, 8, 15, 7], [16, 1, 17, 2], [18, 4, 19, 3], [20, 6, 21, 5], [22, 11, 23, 12], [24, 15, 1, 16], [2, 9, 3, 10], [4, 20, 5, 19], [6, 14, 7, 13]]"
12a_1258_59,"[[6, 14, 7, 13], [8, 18, 9, 17], [10, 21, 11, 22], [12, 23, 13, 24], [14, 8, 15, 7], [16, 1, 17, 2], [18, 4, 19, 3], [20, 6, 21, 5], [22, 11, 23, 12], [24, 15, 1, 16], [2, 9, 3, 10], [4, 20, 5, 19]]"
12a_1258_60,"[[5, 21, 6, 20], [7, 15, 8, 14], [9, 19, 10, 18], [11, 22, 12, 23], [13, 24, 14, 1], [15, 9, 16, 8], [17, 2, 18, 3], [19, 5, 20, 4], [21, 7, 22, 6], [23, 12, 24, 13], [1, 16, 2, 17], [3, 10, 4, 11]]"
12a_1258_61,"[[3, 10, 4, 11], [5, 21, 6, 20], [7, 15, 8, 14], [9, 19, 10, 18], [11, 22, 12, 23], [13, 24, 14, 1], [15, 9, 16, 8], [17, 2, 18, 3], [19, 5, 20, 4], [21, 7, 22, 6], [23, 12, 24, 13], [1, 16, 2, 17]]"
12a_1258_62,"[[1, 16, 2, 17], [3, 10, 4, 11], [5, 21, 6, 20], [7, 15, 8, 14], [9, 19, 10, 18], [11, 22, 12, 23], [13, 24, 14, 1], [15, 9, 16, 8], [17, 2, 18, 3], [19, 5, 20, 4], [21, 7, 22, 6], [23, 12, 24, 13]]"
12a_1258_63,"[[23, 12, 24, 13], [1, 16, 2, 17], [3, 10, 4, 11], [5, 21, 6, 20], [7, 15, 8, 14], [9, 19, 10, 18], [11, 22, 12, 23], [13, 24, 14, 1], [15, 9, 16, 8], [17, 2, 18, 3], [19, 5, 20, 4], [21, 7, 22, 6]]"
12a_1258_64,"[[21, 7, 22, 6], [23, 12, 24, 13], [1, 16, 2, 17], [3, 10, 4, 11], [5, 21, 6, 20], [7, 15, 8, 14], [9, 19, 10, 18], [11, 22, 12, 23], [13, 24, 14, 1], [15, 9, 16, 8], [17, 2, 18, 3], [19, 5, 20, 4]]"
12a_1258_65,"[[19, 5, 20, 4], [21, 7, 22, 6], [23, 12, 24, 13], [1, 16, 2, 17], [3, 10, 4, 11], [5, 21, 6, 20], [7, 15, 8, 14], [9, 19, 10, 18], [11, 22, 12, 23], [13, 24, 14, 1], [15, 9, 16, 8], [17, 2, 18, 3]]"
12a_1258_66,"[[17, 2, 18, 3], [19, 5, 20, 4], [21, 7, 22, 6], [23, 12, 24, 13], [1, 16, 2, 17], [3, 10, 4, 11], [5, 21, 6, 20], [7, 15, 8, 14], [9, 19, 10, 18], [11, 22, 12, 23], [13, 24, 14, 1], [15, 9, 16, 8]]"
12a_1258_67,"[[15, 9, 16, 8], [17, 2, 18, 3], [19, 5, 20, 4], [21, 7, 22, 6], [23, 12, 24, 13], [1, 16, 2, 17], [3, 10, 4, 11], [5, 21, 6, 20], [7, 15, 8, 14], [9, 19, 10, 18], [11, 22, 12, 23], [13, 24, 14, 1]]"
12a_1258_68,"[[13, 24, 14, 1], [15, 9, 16, 8], [17, 2, 18, 3], [19, 5, 20, 4], [21, 7, 22, 6], [23, 12, 24, 13], [1, 16, 2, 17], [3, 10, 4, 11], [5, 21, 6, 20], [7, 15, 8, 14], [9, 19, 10, 18], [11, 22, 12, 23]]"
12a_1258_69,"[[11, 22, 12, 23], [13, 24, 14, 1], [15, 9, 16, 8], [17, 2, 18, 3], [19, 5, 20, 4], [21, 7, 22, 6], [23, 12, 24, 13], [1, 16, 2, 17], [3, 10, 4, 11], [5, 21, 6, 20], [7, 15, 8, 14], [9, 19, 10, 18]]"
12a_1258_70,"[[9, 19, 10, 18], [11, 22, 12, 23], [13, 24, 14, 1], [15, 9, 16, 8], [17, 2, 18, 3], [19, 5, 20, 4], [21, 7, 22, 6], [23, 12, 24, 13], [1, 16, 2, 17], [3, 10, 4, 11], [5, 21, 6, 20], [7, 15, 8, 14]]"
12a_1258_71,"[[7, 15, 8, 14], [9, 19, 10, 18], [11, 22, 12, 23], [13, 24, 14, 1], [15, 9, 16, 8], [17, 2, 18, 3], [19, 5, 20, 4], [21, 7, 22, 6], [23, 12, 24, 13], [1, 16, 2, 17], [3, 10, 4, 11], [5, 21, 6, 20]]"
12a_1258_72,"[[6, 22, 7, 21], [8, 16, 9, 15], [10, 20, 11, 19], [12, 23, 13, 24], [14, 1, 15, 2], [16, 10, 17, 9], [18, 3, 19, 4], [20, 6, 21, 5], [22, 8, 23, 7], [24, 13, 1, 14], [2, 17, 3, 18], [4, 11, 5, 12]]"
12a_1258_73,"[[4, 11, 5, 12], [6, 22, 7, 21], [8, 16, 9, 15], [10, 20, 11, 19], [12, 23, 13, 24], [14, 1, 15, 2], [16, 10, 17, 9], [18, 3, 19, 4], [20, 6, 21, 5], [22, 8, 23, 7], [24, 13, 1, 14], [2, 17, 3, 18]]"
12a_1258_74,"[[2, 17, 3, 18], [4, 11, 5, 12], [6, 22, 7, 21], [8, 16, 9, 15], [10, 20, 11, 19], [12, 23, 13, 24], [14, 1, 15, 2], [16, 10, 17, 9], [18, 3, 19, 4], [20, 6, 21, 5], [22, 8, 23, 7], [24, 13, 1, 14]]"
12a_1258_75,"[[24, 13, 1, 14], [2, 17, 3, 18], [4, 11, 5, 12], [6, 22, 7, 21], [8, 16, 9, 15], [10, 20, 11, 19], [12, 23, 13, 24], [14, 1, 15, 2], [16, 10, 17, 9], [18, 3, 19, 4], [20, 6, 21, 5], [22, 8, 23, 7]]"
12a_1258_76,"[[22, 8, 23, 7], [24, 13, 1, 14], [2, 17, 3, 18], [4, 11, 5, 12], [6, 22, 7, 21], [8, 16, 9, 15], [10, 20, 11, 19], [12, 23, 13, 24], [14, 1, 15, 2], [16, 10, 17, 9], [18, 3, 19, 4], [20, 6, 21, 5]]"
12a_1258_77,"[[20, 6, 21, 5], [22, 8, 23, 7], [24, 13, 1, 14], [2, 17, 3, 18], [4, 11, 5, 12], [6, 22, 7, 21], [8, 16, 9, 15], [10, 20, 11, 19], [12, 23, 13, 24], [14, 1, 15, 2], [16, 10, 17, 9], [18, 3, 19, 4]]"
12a_1258_78,"[[18, 3, 19, 4], [20, 6, 21, 5], [22, 8, 23, 7], [24, 13, 1, 14], [2, 17, 3, 18], [4, 11, 5, 12], [6, 22, 7, 21], [8, 16, 9, 15], [10, 20, 11, 19], [12, 23, 13, 24], [14, 1, 15, 2], [16, 10, 17, 9]]"
12a_1258_79,"[[16, 10, 17, 9], [18, 3, 19, 4], [20, 6, 21, 5], [22, 8, 23, 7], [24, 13, 1, 14], [2, 17, 3, 18], [4, 11, 5, 12], [6, 22, 7, 21], [8, 16, 9, 15], [10, 20, 11, 19], [12, 23, 13, 24], [14, 1, 15, 2]]"
12a_1258_80,"[[14, 1, 15, 2], [16, 10, 17, 9], [18, 3, 19, 4], [20, 6, 21, 5], [22, 8, 23, 7], [24, 13, 1, 14], [2, 17, 3, 18], [4, 11, 5, 12], [6, 22, 7, 21], [8, 16, 9, 15], [10, 20, 11, 19], [12, 23, 13, 24]]"
12a_1258_81,"[[12, 23, 13, 24], [14, 1, 15, 2], [16, 10, 17, 9], [18, 3, 19, 4], [20, 6, 21, 5], [22, 8, 23, 7], [24, 13, 1, 14], [2, 17, 3, 18], [4, 11, 5, 12], [6, 22, 7, 21], [8, 16, 9, 15], [10, 20, 11, 19]]"
12a_1258_82,"[[10, 20, 11, 19], [12, 23, 13, 24], [14, 1, 15, 2], [16, 10, 17, 9], [18, 3, 19, 4], [20, 6, 21, 5], [22, 8, 23, 7], [24, 13, 1, 14], [2, 17, 3, 18], [4, 11, 5, 12], [6, 22, 7, 21], [8, 16, 9, 15]]"
12a_1258_83,"[[8, 16, 9, 15], [10, 20, 11, 19], [12, 23, 13, 24], [14, 1, 15, 2], [16, 10, 17, 9], [18, 3, 19, 4], [20, 6, 21, 5], [22, 8, 23, 7], [24, 13, 1, 14], [2, 17, 3, 18], [4, 11, 5, 12], [6, 22, 7, 21]]"
12a_1258_84,"[[7, 23, 8, 22], [9, 17, 10, 16], [11, 21, 12, 20], [13, 24, 14, 1], [15, 2, 16, 3], [17, 11, 18, 10], [19, 4, 20, 5], [21, 7, 22, 6], [23, 9, 24, 8], [1, 14, 2, 15], [3, 18, 4, 19], [5, 12, 6, 13]]"
12a_1258_85,"[[5, 12, 6, 13], [7, 23, 8, 22], [9, 17, 10, 16], [11, 21, 12, 20], [13, 24, 14, 1], [15, 2, 16, 3], [17, 11, 18, 10], [19, 4, 20, 5], [21, 7, 22, 6], [23, 9, 24, 8], [1, 14, 2, 15], [3, 18, 4, 19]]"
12a_1258_86,"[[3, 18, 4, 19], [5, 12, 6, 13], [7, 23, 8, 22], [9, 17, 10, 16], [11, 21, 12, 20], [13, 24, 14, 1], [15, 2, 16, 3], [17, 11, 18, 10], [19, 4, 20, 5], [21, 7, 22, 6], [23, 9, 24, 8], [1, 14, 2, 15]]"
12a_1258_87,"[[1, 14, 2, 15], [3, 18, 4, 19], [5, 12, 6, 13], [7, 23, 8, 22], [9, 17, 10, 16], [11, 21, 12, 20], [13, 24, 14, 1], [15, 2, 16, 3], [17, 11, 18, 10], [19, 4, 20, 5], [21, 7, 22, 6], [23, 9, 24, 8]]"
12a_1258_88,"[[23, 9, 24, 8], [1, 14, 2, 15], [3, 18, 4, 19], [5, 12, 6, 13], [7, 23, 8, 22], [9, 17, 10, 16], [11, 21, 12, 20], [13, 24, 14, 1], [15, 2, 16, 3], [17, 11, 18, 10], [19, 4, 20, 5], [21, 7, 22, 6]]"
12a_1258_89,"[[21, 7, 22, 6], [23, 9, 24, 8], [1, 14, 2, 15], [3, 18, 4, 19], [5, 12, 6, 13], [7, 23, 8, 22], [9, 17, 10, 16], [11, 21, 12, 20], [13, 24, 14, 1], [15, 2, 16, 3], [17, 11, 18, 10], [19, 4, 20, 5]]"
12a_1258_90,"[[19, 4, 20, 5], [21, 7, 22, 6], [23, 9, 24, 8], [1, 14, 2, 15], [3, 18, 4, 19], [5, 12, 6, 13], [7, 23, 8, 22], [9, 17, 10, 16], [11, 21, 12, 20], [13, 24, 14, 1], [15, 2, 16, 3], [17, 11, 18, 10]]"
12a_1258_91,"[[17, 11, 18, 10], [19, 4, 20, 5], [21, 7, 22, 6], [23, 9, 24, 8], [1, 14, 2, 15], [3, 18, 4, 19], [5, 12, 6, 13], [7, 23, 8, 22], [9, 17, 10, 16], [11, 21, 12, 20], [13, 24, 14, 1], [15, 2, 16, 3]]"
12a_1258_92,"[[15, 2, 16, 3], [17, 11, 18, 10], [19, 4, 20, 5], [21, 7, 22, 6], [23, 9, 24, 8], [1, 14, 2, 15], [3, 18, 4, 19], [5, 12, 6, 13], [7, 23, 8, 22], [9, 17, 10, 16], [11, 21, 12, 20], [13, 24, 14, 1]]"
12a_1258_93,"[[13, 24, 14, 1], [15, 2, 16, 3], [17, 11, 18, 10], [19, 4, 20, 5], [21, 7, 22, 6], [23, 9, 24, 8], [1, 14, 2, 15], [3, 18, 4, 19], [5, 12, 6, 13], [7, 23, 8, 22], [9, 17, 10, 16], [11, 21, 12, 20]]"
12a_1258_94,"[[11, 21, 12, 20], [13, 24, 14, 1], [15, 2, 16, 3], [17, 11, 18, 10], [19, 4, 20, 5], [21, 7, 22, 6], [23, 9, 24, 8], [1, 14, 2, 15], [3, 18, 4, 19], [5, 12, 6, 13], [7, 23, 8, 22], [9, 17, 10, 16]]"
12a_1258_95,"[[9, 17, 10, 16], [11, 21, 12, 20], [13, 24, 14, 1], [15, 2, 16, 3], [17, 11, 18, 10], [19, 4, 20, 5], [21, 7, 22, 6], [23, 9, 24, 8], [1, 14, 2, 15], [3, 18, 4, 19], [5, 12, 6, 13], [7, 23, 8, 22]]"
12a_1258_96,"[[8, 24, 9, 23], [10, 18, 11, 17], [12, 22, 13, 21], [14, 1, 15, 2], [16, 3, 17, 4], [18, 12, 19, 11], [20, 5, 21, 6], [22, 8, 23, 7], [24, 10, 1, 9], [2, 15, 3, 16], [4, 19, 5, 20], [6, 13, 7, 14]]"
12a_1258_97,"[[6, 13, 7, 14], [8, 24, 9, 23], [10, 18, 11, 17], [12, 22, 13, 21], [14, 1, 15, 2], [16, 3, 17, 4], [18, 12, 19, 11], [20, 5, 21, 6], [22, 8, 23, 7], [24, 10, 1, 9], [2, 15, 3, 16], [4, 19, 5, 20]]"
12a_1258_98,"[[4, 19, 5, 20], [6, 13, 7, 14], [8, 24, 9, 23], [10, 18, 11, 17], [12, 22, 13, 21], [14, 1, 15, 2], [16, 3, 17, 4], [18, 12, 19, 11], [20, 5, 21, 6], [22, 8, 23, 7], [24, 10, 1, 9], [2, 15, 3, 16]]"
12a_1258_99,"[[2, 15, 3, 16], [4, 19, 5, 20], [6, 13, 7, 14], [8, 24, 9, 23], [10, 18, 11, 17], [12, 22, 13, 21], [14, 1, 15, 2], [16, 3, 17, 4], [18, 12, 19, 11], [20, 5, 21, 6], [22, 8, 23, 7], [24, 10, 1, 9]]"
12a_1258_100,"[[24, 10, 1, 9], [2, 15, 3, 16], [4, 19, 5, 20], [6, 13, 7, 14], [8, 24, 9, 23], [10, 18, 11, 17], [12, 22, 13, 21], [14, 1, 15, 2], [16, 3, 17, 4], [18, 12, 19, 11], [20, 5, 21, 6], [22, 8, 23, 7]]"
12a_1258_101,"[[22, 8, 23, 7], [24, 10, 1, 9], [2, 15, 3, 16], [4, 19, 5, 20], [6, 13, 7, 14], [8, 24, 9, 23], [10, 18, 11, 17], [12, 22, 13, 21], [14, 1, 15, 2], [16, 3, 17, 4], [18, 12, 19, 11], [20, 5, 21, 6]]"
12a_1258_102,"[[20, 5, 21, 6], [22, 8, 23, 7], [24, 10, 1, 9], [2, 15, 3, 16], [4, 19, 5, 20], [6, 13, 7, 14], [8, 24, 9, 23], [10, 18, 11, 17], [12, 22, 13, 21], [14, 1, 15, 2], [16, 3, 17, 4], [18, 12, 19, 11]]"
12a_1258_103,"[[18, 12, 19, 11], [20, 5, 21, 6], [22, 8, 23, 7], [24, 10, 1, 9], [2, 15, 3, 16], [4, 19, 5, 20], [6, 13, 7, 14], [8, 24, 9, 23], [10, 18, 11, 17], [12, 22, 13, 21], [14, 1, 15, 2], [16, 3, 17, 4]]"
12a_1258_104,"[[16, 3, 17, 4], [18, 12, 19, 11], [20, 5, 21, 6], [22, 8, 23, 7], [24, 10, 1, 9], [2, 15, 3, 16], [4, 19, 5, 20], [6, 13, 7, 14], [8, 24, 9, 23], [10, 18, 11, 17], [12, 22, 13, 21], [14, 1, 15, 2]]"
12a_1258_105,"[[14, 1, 15, 2], [16, 3, 17, 4], [18, 12, 19, 11], [20, 5, 21, 6], [22, 8, 23, 7], [24, 10, 1, 9], [2, 15, 3, 16], [4, 19, 5, 20], [6, 13, 7, 14], [8, 24, 9, 23], [10, 18, 11, 17], [12, 22, 13, 21]]"
12a_1258_106,"[[12, 22, 13, 21], [14, 1, 15, 2], [16, 3, 17, 4], [18, 12, 19, 11], [20, 5, 21, 6], [22, 8, 23, 7], [24, 10, 1, 9], [2, 15, 3, 16], [4, 19, 5, 20], [6, 13, 7, 14], [8, 24, 9, 23], [10, 18, 11, 17]]"
12a_1258_107,"[[10, 18, 11, 17], [12, 22, 13, 21], [14, 1, 15, 2], [16, 3, 17, 4], [18, 12, 19, 11], [20, 5, 21, 6], [22, 8, 23, 7], [24, 10, 1, 9], [2, 15, 3, 16], [4, 19, 5, 20], [6, 13, 7, 14], [8, 24, 9, 23]]"
12a_1258_108,"[[9, 1, 10, 24], [11, 19, 12, 18], [13, 23, 14, 22], [15, 2, 16, 3], [17, 4, 18, 5], [19, 13, 20, 12], [21, 6, 22, 7], [23, 9, 24, 8], [1, 11, 2, 10], [3, 16, 4, 17], [5, 20, 6, 21], [7, 14, 8, 15]]"
12a_1258_109,"[[7, 14, 8, 15], [9, 1, 10, 24], [11, 19, 12, 18], [13, 23, 14, 22], [15, 2, 16, 3], [17, 4, 18, 5], [19, 13, 20, 12], [21, 6, 22, 7], [23, 9, 24, 8], [1, 11, 2, 10], [3, 16, 4, 17], [5, 20, 6, 21]]"
12a_1258_110,"[[5, 20, 6, 21], [7, 14, 8, 15], [9, 1, 10, 24], [11, 19, 12, 18], [13, 23, 14, 22], [15, 2, 16, 3], [17, 4, 18, 5], [19, 13, 20, 12], [21, 6, 22, 7], [23, 9, 24, 8], [1, 11, 2, 10], [3, 16, 4, 17]]"
12a_1258_111,"[[3, 16, 4, 17], [5, 20, 6, 21], [7, 14, 8, 15], [9, 1, 10, 24], [11, 19, 12, 18], [13, 23, 14, 22], [15, 2, 16, 3], [17, 4, 18, 5], [19, 13, 20, 12], [21, 6, 22, 7], [23, 9, 24, 8], [1, 11, 2, 10]]"
12a_1258_112,"[[1, 11, 2, 10], [3, 16, 4, 17], [5, 20, 6, 21], [7, 14, 8, 15], [9, 1, 10, 24], [11, 19, 12, 18], [13, 23, 14, 22], [15, 2, 16, 3], [17, 4, 18, 5], [19, 13, 20, 12], [21, 6, 22, 7], [23, 9, 24, 8]]"
12a_1258_113,"[[23, 9, 24, 8], [1, 11, 2, 10], [3, 16, 4, 17], [5, 20, 6, 21], [7, 14, 8, 15], [9, 1, 10, 24], [11, 19, 12, 18], [13, 23, 14, 22], [15, 2, 16, 3], [17, 4, 18, 5], [19, 13, 20, 12], [21, 6, 22, 7]]"
12a_1258_114,"[[21, 6, 22, 7], [23, 9, 24, 8], [1, 11, 2, 10], [3, 16, 4, 17], [5, 20, 6, 21], [7, 14, 8, 15], [9, 1, 10, 24], [11, 19, 12, 18], [13, 23, 14, 22], [15, 2, 16, 3], [17, 4, 18, 5], [19, 13, 20, 12]]"
12a_1258_115,"[[19, 13, 20, 12], [21, 6, 22, 7], [23, 9, 24, 8], [1, 11, 2, 10], [3, 16, 4, 17], [5, 20, 6, 21], [7, 14, 8, 15], [9, 1, 10, 24], [11, 19, 12, 18], [13, 23, 14, 22], [15, 2, 16, 3], [17, 4, 18, 5]]"
12a_1258_116,"[[17, 4, 18, 5], [19, 13, 20, 12], [21, 6, 22, 7], [23, 9, 24, 8], [1, 11, 2, 10], [3, 16, 4, 17], [5, 20, 6, 21], [7, 14, 8, 15], [9, 1, 10, 24], [11, 19, 12, 18], [13, 23, 14, 22], [15, 2, 16, 3]]"
12a_1258_117,"[[15, 2, 16, 3], [17, 4, 18, 5], [19, 13, 20, 12], [21, 6, 22, 7], [23, 9, 24, 8], [1, 11, 2, 10], [3, 16, 4, 17], [5, 20, 6, 21], [7, 14, 8, 15], [9, 1, 10, 24], [11, 19, 12, 18], [13, 23, 14, 22]]"
12a_1258_118,"[[13, 23, 14, 22], [15, 2, 16, 3], [17, 4, 18, 5], [19, 13, 20, 12], [21, 6, 22, 7], [23, 9, 24, 8], [1, 11, 2, 10], [3, 16, 4, 17], [5, 20, 6, 21], [7, 14, 8, 15], [9, 1, 10, 24], [11, 19, 12, 18]]"
12a_1258_119,"[[11, 19, 12, 18], [13, 23, 14, 22], [15, 2, 16, 3], [17, 4, 18, 5], [19, 13, 20, 12], [21, 6, 22, 7], [23, 9, 24, 8], [1, 11, 2, 10], [3, 16, 4, 17], [5, 20, 6, 21], [7, 14, 8, 15], [9, 1, 10, 24]]"
12a_1258_120,"[[10, 2, 11, 1], [12, 20, 13, 19], [14, 24, 15, 23], [16, 3, 17, 4], [18, 5, 19, 6], [20, 14, 21, 13], [22, 7, 23, 8], [24, 10, 1, 9], [2, 12, 3, 11], [4, 17, 5, 18], [6, 21, 7, 22], [8, 15, 9, 16]]"
12a_1258_121,"[[8, 15, 9, 16], [10, 2, 11, 1], [12, 20, 13, 19], [14, 24, 15, 23], [16, 3, 17, 4], [18, 5, 19, 6], [20, 14, 21, 13], [22, 7, 23, 8], [24, 10, 1, 9], [2, 12, 3, 11], [4, 17, 5, 18], [6, 21, 7, 22]]"
12a_1258_122,"[[6, 21, 7, 22], [8, 15, 9, 16], [10, 2, 11, 1], [12, 20, 13, 19], [14, 24, 15, 23], [16, 3, 17, 4], [18, 5, 19, 6], [20, 14, 21, 13], [22, 7, 23, 8], [24, 10, 1, 9], [2, 12, 3, 11], [4, 17, 5, 18]]"
12a_1258_123,"[[4, 17, 5, 18], [6, 21, 7, 22], [8, 15, 9, 16], [10, 2, 11, 1], [12, 20, 13, 19], [14, 24, 15, 23], [16, 3, 17, 4], [18, 5, 19, 6], [20, 14, 21, 13], [22, 7, 23, 8], [24, 10, 1, 9], [2, 12, 3, 11]]"
12a_1258_124,"[[2, 12, 3, 11], [4, 17, 5, 18], [6, 21, 7, 22], [8, 15, 9, 16], [10, 2, 11, 1], [12, 20, 13, 19], [14, 24, 15, 23], [16, 3, 17, 4], [18, 5, 19, 6], [20, 14, 21, 13], [22, 7, 23, 8], [24, 10, 1, 9]]"
12a_1258_125,"[[24, 10, 1, 9], [2, 12, 3, 11], [4, 17, 5, 18], [6, 21, 7, 22], [8, 15, 9, 16], [10, 2, 11, 1], [12, 20, 13, 19], [14, 24, 15, 23], [16, 3, 17, 4], [18, 5, 19, 6], [20, 14, 21, 13], [22, 7, 23, 8]]"
12a_1258_126,"[[22, 7, 23, 8], [24, 10, 1, 9], [2, 12, 3, 11], [4, 17, 5, 18], [6, 21, 7, 22], [8, 15, 9, 16], [10, 2, 11, 1], [12, 20, 13, 19], [14, 24, 15, 23], [16, 3, 17, 4], [18, 5, 19, 6], [20, 14, 21, 13]]"
12a_1258_127,"[[20, 14, 21, 13], [22, 7, 23, 8], [24, 10, 1, 9], [2, 12, 3, 11], [4, 17, 5, 18], [6, 21, 7, 22], [8, 15, 9, 16], [10, 2, 11, 1], [12, 20, 13, 19], [14, 24, 15, 23], [16, 3, 17, 4], [18, 5, 19, 6]]"
12a_1258_128,"[[18, 5, 19, 6], [20, 14, 21, 13], [22, 7, 23, 8], [24, 10, 1, 9], [2, 12, 3, 11], [4, 17, 5, 18], [6, 21, 7, 22], [8, 15, 9, 16], [10, 2, 11, 1], [12, 20, 13, 19], [14, 24, 15, 23], [16, 3, 17, 4]]"
12a_1258_129,"[[16, 3, 17, 4], [18, 5, 19, 6], [20, 14, 21, 13], [22, 7, 23, 8], [24, 10, 1, 9], [2, 12, 3, 11], [4, 17, 5, 18], [6, 21, 7, 22], [8, 15, 9, 16], [10, 2, 11, 1], [12, 20, 13, 19], [14, 24, 15, 23]]"
12a_1258_130,"[[14, 24, 15, 23], [16, 3, 17, 4], [18, 5, 19, 6], [20, 14, 21, 13], [22, 7, 23, 8], [24, 10, 1, 9], [2, 12, 3, 11], [4, 17, 5, 18], [6, 21, 7, 22], [8, 15, 9, 16], [10, 2, 11, 1], [12, 20, 13, 19]]"
12a_1258_131,"[[12, 20, 13, 19], [14, 24, 15, 23], [16, 3, 17, 4], [18, 5, 19, 6], [20, 14, 21, 13], [22, 7, 23, 8], [24, 10, 1, 9], [2, 12, 3, 11], [4, 17, 5, 18], [6, 21, 7, 22], [8, 15, 9, 16], [10, 2, 11, 1]]"
12a_1258_132,"[[11, 3, 12, 2], [13, 21, 14, 20], [15, 1, 16, 24], [17, 4, 18, 5], [19, 6, 20, 7], [21, 15, 22, 14], [23, 8, 24, 9], [1, 11, 2, 10], [3, 13, 4, 12], [5, 18, 6, 19], [7, 22, 8, 23], [9, 16, 10, 17]]"
12a_1258_133,"[[9, 16, 10, 17], [11, 3, 12, 2], [13, 21, 14, 20], [15, 1, 16, 24], [17, 4, 18, 5], [19, 6, 20, 7], [21, 15, 22, 14], [23, 8, 24, 9], [1, 11, 2, 10], [3, 13, 4, 12], [5, 18, 6, 19], [7, 22, 8, 23]]"
12a_1258_134,"[[7, 22, 8, 23], [9, 16, 10, 17], [11, 3, 12, 2], [13, 21, 14, 20], [15, 1, 16, 24], [17, 4, 18, 5], [19, 6, 20, 7], [21, 15, 22, 14], [23, 8, 24, 9], [1, 11, 2, 10], [3, 13, 4, 12], [5, 18, 6, 19]]"
12a_1258_135,"[[5, 18, 6, 19], [7, 22, 8, 23], [9, 16, 10, 17], [11, 3, 12, 2], [13, 21, 14, 20], [15, 1, 16, 24], [17, 4, 18, 5], [19, 6, 20, 7], [21, 15, 22, 14], [23, 8, 24, 9], [1, 11, 2, 10], [3, 13, 4, 12]]"
12a_1258_136,"[[3, 13, 4, 12], [5, 18, 6, 19], [7, 22, 8, 23], [9, 16, 10, 17], [11, 3, 12, 2], [13, 21, 14, 20], [15, 1, 16, 24], [17, 4, 18, 5], [19, 6, 20, 7], [21, 15, 22, 14], [23, 8, 24, 9], [1, 11, 2, 10]]"
12a_1258_137,"[[1, 11, 2, 10], [3, 13, 4, 12], [5, 18, 6, 19], [7, 22, 8, 23], [9, 16, 10, 17], [11, 3, 12, 2], [13, 21, 14, 20], [15, 1, 16, 24], [17, 4, 18, 5], [19, 6, 20, 7], [21, 15, 22, 14], [23, 8, 24, 9]]"
12a_1258_138,"[[23, 8, 24, 9], [1, 11, 2, 10], [3, 13, 4, 12], [5, 18, 6, 19], [7, 22, 8, 23], [9, 16, 10, 17], [11, 3, 12, 2], [13, 21, 14, 20], [15, 1, 16, 24], [17, 4, 18, 5], [19, 6, 20, 7], [21, 15, 22, 14]]"
12a_1258_139,"[[21, 15, 22, 14], [23, 8, 24, 9], [1, 11, 2, 10], [3, 13, 4, 12], [5, 18, 6, 19], [7, 22, 8, 23], [9, 16, 10, 17], [11, 3, 12, 2], [13, 21, 14, 20], [15, 1, 16, 24], [17, 4, 18, 5], [19, 6, 20, 7]]"
12a_1258_140,"[[19, 6, 20, 7], [21, 15, 22, 14], [23, 8, 24, 9], [1, 11, 2, 10], [3, 13, 4, 12], [5, 18, 6, 19], [7, 22, 8, 23], [9, 16, 10, 17], [11, 3, 12, 2], [13, 21, 14, 20], [15, 1, 16, 24], [17, 4, 18, 5]]"
12a_1258_141,"[[17, 4, 18, 5], [19, 6, 20, 7], [21, 15, 22, 14], [23, 8, 24, 9], [1, 11, 2, 10], [3, 13, 4, 12], [5, 18, 6, 19], [7, 22, 8, 23], [9, 16, 10, 17], [11, 3, 12, 2], [13, 21, 14, 20], [15, 1, 16, 24]]"
12a_1258_142,"[[15, 1, 16, 24], [17, 4, 18, 5], [19, 6, 20, 7], [21, 15, 22, 14], [23, 8, 24, 9], [1, 11, 2, 10], [3, 13, 4, 12], [5, 18, 6, 19], [7, 22, 8, 23], [9, 16, 10, 17], [11, 3, 12, 2], [13, 21, 14, 20]]"
12a_1258_143,"[[13, 21, 14, 20], [15, 1, 16, 24], [17, 4, 18, 5], [19, 6, 20, 7], [21, 15, 22, 14], [23, 8, 24, 9], [1, 11, 2, 10], [3, 13, 4, 12], [5, 18, 6, 19], [7, 22, 8, 23], [9, 16, 10, 17], [11, 3, 12, 2]]"
12a_1258_144,"[[12, 4, 13, 3], [14, 22, 15, 21], [16, 2, 17, 1], [18, 5, 19, 6], [20, 7, 21, 8], [22, 16, 23, 15], [24, 9, 1, 10], [2, 12, 3, 11], [4, 14, 5, 13], [6, 19, 7, 20], [8, 23, 9, 24], [10, 17, 11, 18]]"
12a_1258_145,"[[10, 17, 11, 18], [12, 4, 13, 3], [14, 22, 15, 21], [16, 2, 17, 1], [18, 5, 19, 6], [20, 7, 21, 8], [22, 16, 23, 15], [24, 9, 1, 10], [2, 12, 3, 11], [4, 14, 5, 13], [6, 19, 7, 20], [8, 23, 9, 24]]"
12a_1258_146,"[[8, 23, 9, 24], [10, 17, 11, 18], [12, 4, 13, 3], [14, 22, 15, 21], [16, 2, 17, 1], [18, 5, 19, 6], [20, 7, 21, 8], [22, 16, 23, 15], [24, 9, 1, 10], [2, 12, 3, 11], [4, 14, 5, 13], [6, 19, 7, 20]]"
12a_1258_147,"[[6, 19, 7, 20], [8, 23, 9, 24], [10, 17, 11, 18], [12, 4, 13, 3], [14, 22, 15, 21], [16, 2, 17, 1], [18, 5, 19, 6], [20, 7, 21, 8], [22, 16, 23, 15], [24, 9, 1, 10], [2, 12, 3, 11], [4, 14, 5, 13]]"
12a_1258_148,"[[4, 14, 5, 13], [6, 19, 7, 20], [8, 23, 9, 24], [10, 17, 11, 18], [12, 4, 13, 3], [14, 22, 15, 21], [16, 2, 17, 1], [18, 5, 19, 6], [20, 7, 21, 8], [22, 16, 23, 15], [24, 9, 1, 10], [2, 12, 3, 11]]"
12a_1258_149,"[[2, 12, 3, 11], [4, 14, 5, 13], [6, 19, 7, 20], [8, 23, 9, 24], [10, 17, 11, 18], [12, 4, 13, 3], [14, 22, 15, 21], [16, 2, 17, 1], [18, 5, 19, 6], [20, 7, 21, 8], [22, 16, 23, 15], [24, 9, 1, 10]]"
12a_1258_150,"[[24, 9, 1, 10], [2, 12, 3, 11], [4, 14, 5, 13], [6, 19, 7, 20], [8, 23, 9, 24], [10, 17, 11, 18], [12, 4, 13, 3], [14, 22, 15, 21], [16, 2, 17, 1], [18, 5, 19, 6], [20, 7, 21, 8], [22, 16, 23, 15]]"
12a_1258_151,"[[22, 16, 23, 15], [24, 9, 1, 10], [2, 12, 3, 11], [4, 14, 5, 13], [6, 19, 7, 20], [8, 23, 9, 24], [10, 17, 11, 18], [12, 4, 13, 3], [14, 22, 15, 21], [16, 2, 17, 1], [18, 5, 19, 6], [20, 7, 21, 8]]"
12a_1258_152,"[[20, 7, 21, 8], [22, 16, 23, 15], [24, 9, 1, 10], [2, 12, 3, 11], [4, 14, 5, 13], [6, 19, 7, 20], [8, 23, 9, 24], [10, 17, 11, 18], [12, 4, 13, 3], [14, 22, 15, 21], [16, 2, 17, 1], [18, 5, 19, 6]]"
12a_1258_153,"[[18, 5, 19, 6], [20, 7, 21, 8], [22, 16, 23, 15], [24, 9, 1, 10], [2, 12, 3, 11], [4, 14, 5, 13], [6, 19, 7, 20], [8, 23, 9, 24], [10, 17, 11, 18], [12, 4, 13, 3], [14, 22, 15, 21], [16, 2, 17, 1]]"
12a_1258_154,"[[16, 2, 17, 1], [18, 5, 19, 6], [20, 7, 21, 8], [22, 16, 23, 15], [24, 9, 1, 10], [2, 12, 3, 11], [4, 14, 5, 13], [6, 19, 7, 20], [8, 23, 9, 24], [10, 17, 11, 18], [12, 4, 13, 3], [14, 22, 15, 21]]"
12a_1258_155,"[[14, 22, 15, 21], [16, 2, 17, 1], [18, 5, 19, 6], [20, 7, 21, 8], [22, 16, 23, 15], [24, 9, 1, 10], [2, 12, 3, 11], [4, 14, 5, 13], [6, 19, 7, 20], [8, 23, 9, 24], [10, 17, 11, 18], [12, 4, 13, 3]]"
12a_1258_156,"[[13, 5, 14, 4], [15, 23, 16, 22], [17, 3, 18, 2], [19, 6, 20, 7], [21, 8, 22, 9], [23, 17, 24, 16], [1, 10, 2, 11], [3, 13, 4, 12], [5, 15, 6, 14], [7, 20, 8, 21], [9, 24, 10, 1], [11, 18, 12, 19]]"
12a_1258_157,"[[11, 18, 12, 19], [13, 5, 14, 4], [15, 23, 16, 22], [17, 3, 18, 2], [19, 6, 20, 7], [21, 8, 22, 9], [23, 17, 24, 16], [1, 10, 2, 11], [3, 13, 4, 12], [5, 15, 6, 14], [7, 20, 8, 21], [9, 24, 10, 1]]"
12a_1258_158,"[[9, 24, 10, 1], [11, 18, 12, 19], [13, 5, 14, 4], [15, 23, 16, 22], [17, 3, 18, 2], [19, 6, 20, 7], [21, 8, 22, 9], [23, 17, 24, 16], [1, 10, 2, 11], [3, 13, 4, 12], [5, 15, 6, 14], [7, 20, 8, 21]]"
12a_1258_159,"[[7, 20, 8, 21], [9, 24, 10, 1], [11, 18, 12, 19], [13, 5, 14, 4], [15, 23, 16, 22], [17, 3, 18, 2], [19, 6, 20, 7], [21, 8, 22, 9], [23, 17, 24, 16], [1, 10, 2, 11], [3, 13, 4, 12], [5, 15, 6, 14]]"
12a_1258_160,"[[5, 15, 6, 14], [7, 20, 8, 21], [9, 24, 10, 1], [11, 18, 12, 19], [13, 5, 14, 4], [15, 23, 16, 22], [17, 3, 18, 2], [19, 6, 20, 7], [21, 8, 22, 9], [23, 17, 24, 16], [1, 10, 2, 11], [3, 13, 4, 12]]"
12a_1258_161,"[[3, 13, 4, 12], [5, 15, 6, 14], [7, 20, 8, 21], [9, 24, 10, 1], [11, 18, 12, 19], [13, 5, 14, 4], [15, 23, 16, 22], [17, 3, 18, 2], [19, 6, 20, 7], [21, 8, 22, 9], [23, 17, 24, 16], [1, 10, 2, 11]]"
12a_1258_162,"[[1, 10, 2, 11], [3, 13, 4, 12], [5, 15, 6, 14], [7, 20, 8, 21], [9, 24, 10, 1], [11, 18, 12, 19], [13, 5, 14, 4], [15, 23, 16, 22], [17, 3, 18, 2], [19, 6, 20, 7], [21, 8, 22, 9], [23, 17, 24, 16]]"
12a_1258_163,"[[23, 17, 24, 16], [1, 10, 2, 11], [3, 13, 4, 12], [5, 15, 6, 14], [7, 20, 8, 21], [9, 24, 10, 1], [11, 18, 12, 19], [13, 5, 14, 4], [15, 23, 16, 22], [17, 3, 18, 2], [19, 6, 20, 7], [21, 8, 22, 9]]"
12a_1258_164,"[[21, 8, 22, 9], [23, 17, 24, 16], [1, 10, 2, 11], [3, 13, 4, 12], [5, 15, 6, 14], [7, 20, 8, 21], [9, 24, 10, 1], [11, 18, 12, 19], [13, 5, 14, 4], [15, 23, 16, 22], [17, 3, 18, 2], [19, 6, 20, 7]]"
12a_1258_165,"[[19, 6, 20, 7], [21, 8, 22, 9], [23, 17, 24, 16], [1, 10, 2, 11], [3, 13, 4, 12], [5, 15, 6, 14], [7, 20, 8, 21], [9, 24, 10, 1], [11, 18, 12, 19], [13, 5, 14, 4], [15, 23, 16, 22], [17, 3, 18, 2]]"
12a_1258_166,"[[17, 3, 18, 2], [19, 6, 20, 7], [21, 8, 22, 9], [23, 17, 24, 16], [1, 10, 2, 11], [3, 13, 4, 12], [5, 15, 6, 14], [7, 20, 8, 21], [9, 24, 10, 1], [11, 18, 12, 19], [13, 5, 14, 4], [15, 23, 16, 22]]"
12a_1258_167,"[[15, 23, 16, 22], [17, 3, 18, 2], [19, 6, 20, 7], [21, 8, 22, 9], [23, 17, 24, 16], [1, 10, 2, 11], [3, 13, 4, 12], [5, 15, 6, 14], [7, 20, 8, 21], [9, 24, 10, 1], [11, 18, 12, 19], [13, 5, 14, 4]]"
12a_1258_168,"[[14, 6, 15, 5], [16, 24, 17, 23], [18, 4, 19, 3], [20, 7, 21, 8], [22, 9, 23, 10], [24, 18, 1, 17], [2, 11, 3, 12], [4, 14, 5, 13], [6, 16, 7, 15], [8, 21, 9, 22], [10, 1, 11, 2], [12, 19, 13, 20]]"
12a_1258_169,"[[12, 19, 13, 20], [14, 6, 15, 5], [16, 24, 17, 23], [18, 4, 19, 3], [20, 7, 21, 8], [22, 9, 23, 10], [24, 18, 1, 17], [2, 11, 3, 12], [4, 14, 5, 13], [6, 16, 7, 15], [8, 21, 9, 22], [10, 1, 11, 2]]"
12a_1258_170,"[[10, 1, 11, 2], [12, 19, 13, 20], [14, 6, 15, 5], [16, 24, 17, 23], [18, 4, 19, 3], [20, 7, 21, 8], [22, 9, 23, 10], [24, 18, 1, 17], [2, 11, 3, 12], [4, 14, 5, 13], [6, 16, 7, 15], [8, 21, 9, 22]]"
12a_1258_171,"[[8, 21, 9, 22], [10, 1, 11, 2], [12, 19, 13, 20], [14, 6, 15, 5], [16, 24, 17, 23], [18, 4, 19, 3], [20, 7, 21, 8], [22, 9, 23, 10], [24, 18, 1, 17], [2, 11, 3, 12], [4, 14, 5, 13], [6, 16, 7, 15]]"
12a_1258_172,"[[6, 16, 7, 15], [8, 21, 9, 22], [10, 1, 11, 2], [12, 19, 13, 20], [14, 6, 15, 5], [16, 24, 17, 23], [18, 4, 19, 3], [20, 7, 21, 8], [22, 9, 23, 10], [24, 18, 1, 17], [2, 11, 3, 12], [4, 14, 5, 13]]"
12a_1258_173,"[[4, 14, 5, 13], [6, 16, 7, 15], [8, 21, 9, 22], [10, 1, 11, 2], [12, 19, 13, 20], [14, 6, 15, 5], [16, 24, 17, 23], [18, 4, 19, 3], [20, 7, 21, 8], [22, 9, 23, 10], [24, 18, 1, 17], [2, 11, 3, 12]]"
12a_1258_174,"[[2, 11, 3, 12], [4, 14, 5, 13], [6, 16, 7, 15], [8, 21, 9, 22], [10, 1, 11, 2], [12, 19, 13, 20], [14, 6, 15, 5], [16, 24, 17, 23], [18, 4, 19, 3], [20, 7, 21, 8], [22, 9, 23, 10], [24, 18, 1, 17]]"
12a_1258_175,"[[24, 18, 1, 17], [2, 11, 3, 12], [4, 14, 5, 13], [6, 16, 7, 15], [8, 21, 9, 22], [10, 1, 11, 2], [12, 19, 13, 20], [14, 6, 15, 5], [16, 24, 17, 23], [18, 4, 19, 3], [20, 7, 21, 8], [22, 9, 23, 10]]"
12a_1258_176,"[[22, 9, 23, 10], [24, 18, 1, 17], [2, 11, 3, 12], [4, 14, 5, 13], [6, 16, 7, 15], [8, 21, 9, 22], [10, 1, 11, 2], [12, 19, 13, 20], [14, 6, 15, 5], [16, 24, 17, 23], [18, 4, 19, 3], [20, 7, 21, 8]]"
12a_1258_177,"[[20, 7, 21, 8], [22, 9, 23, 10], [24, 18, 1, 17], [2, 11, 3, 12], [4, 14, 5, 13], [6, 16, 7, 15], [8, 21, 9, 22], [10, 1, 11, 2], [12, 19, 13, 20], [14, 6, 15, 5], [16, 24, 17, 23], [18, 4, 19, 3]]"
12a_1258_178,"[[18, 4, 19, 3], [20, 7, 21, 8], [22, 9, 23, 10], [24, 18, 1, 17], [2, 11, 3, 12], [4, 14, 5, 13], [6, 16, 7, 15], [8, 21, 9, 22], [10, 1, 11, 2], [12, 19, 13, 20], [14, 6, 15, 5], [16, 24, 17, 23]]"
12a_1258_179,"[[16, 24, 17, 23], [18, 4, 19, 3], [20, 7, 21, 8], [22, 9, 23, 10], [24, 18, 1, 17], [2, 11, 3, 12], [4, 14, 5, 13], [6, 16, 7, 15], [8, 21, 9, 22], [10, 1, 11, 2], [12, 19, 13, 20], [14, 6, 15, 5]]"
12a_1258_180,"[[15, 7, 16, 6], [17, 1, 18, 24], [19, 5, 20, 4], [21, 8, 22, 9], [23, 10, 24, 11], [1, 19, 2, 18], [3, 12, 4, 13], [5, 15, 6, 14], [7, 17, 8, 16], [9, 22, 10, 23], [11, 2, 12, 3], [13, 20, 14, 21]]"
12a_1258_181,"[[13, 20, 14, 21], [15, 7, 16, 6], [17, 1, 18, 24], [19, 5, 20, 4], [21, 8, 22, 9], [23, 10, 24, 11], [1, 19, 2, 18], [3, 12, 4, 13], [5, 15, 6, 14], [7, 17, 8, 16], [9, 22, 10, 23], [11, 2, 12, 3]]"
12a_1258_182,"[[11, 2, 12, 3], [13, 20, 14, 21], [15, 7, 16, 6], [17, 1, 18, 24], [19, 5, 20, 4], [21, 8, 22, 9], [23, 10, 24, 11], [1, 19, 2, 18], [3, 12, 4, 13], [5, 15, 6, 14], [7, 17, 8, 16], [9, 22, 10, 23]]"
12a_1258_183,"[[9, 22, 10, 23], [11, 2, 12, 3], [13, 20, 14, 21], [15, 7, 16, 6], [17, 1, 18, 24], [19, 5, 20, 4], [21, 8, 22, 9], [23, 10, 24, 11], [1, 19, 2, 18], [3, 12, 4, 13], [5, 15, 6, 14], [7, 17, 8, 16]]"
12a_1258_184,"[[7, 17, 8, 16], [9, 22, 10, 23], [11, 2, 12, 3], [13, 20, 14, 21], [15, 7, 16, 6], [17, 1, 18, 24], [19, 5, 20, 4], [21, 8, 22, 9], [23, 10, 24, 11], [1, 19, 2, 18], [3, 12, 4, 13], [5, 15, 6, 14]]"
12a_1258_185,"[[5, 15, 6, 14], [7, 17, 8, 16], [9, 22, 10, 23], [11, 2, 12, 3], [13, 20, 14, 21], [15, 7, 16, 6], [17, 1, 18, 24], [19, 5, 20, 4], [21, 8, 22, 9], [23, 10, 24, 11], [1, 19, 2, 18], [3, 12, 4, 13]]"
