name,pd_notation
12a_1102_0,"[[24, 16, 1, 15], [2, 8, 3, 7], [4, 14, 5, 13], [6, 21, 7, 22], [8, 17, 9, 18], [10, 2, 11, 1], [12, 6, 13, 5], [14, 19, 15, 20], [16, 9, 17, 10], [18, 24, 19, 23], [20, 11, 21, 12], [22, 3, 23, 4]]"
12a_1102_1,"[[22, 3, 23, 4], [24, 16, 1, 15], [2, 8, 3, 7], [4, 14, 5, 13], [6, 21, 7, 22], [8, 17, 9, 18], [10, 2, 11, 1], [12, 6, 13, 5], [14, 19, 15, 20], [16, 9, 17, 10], [18, 24, 19, 23], [20, 11, 21, 12]]"
12a_1102_2,"[[20, 11, 21, 12], [22, 3, 23, 4], [24, 16, 1, 15], [2, 8, 3, 7], [4, 14, 5, 13], [6, 21, 7, 22], [8, 17, 9, 18], [10, 2, 11, 1], [12, 6, 13, 5], [14, 19, 15, 20], [16, 9, 17, 10], [18, 24, 19, 23]]"
12a_1102_3,"[[18, 24, 19, 23], [20, 11, 21, 12], [22, 3, 23, 4], [24, 16, 1, 15], [2, 8, 3, 7], [4, 14, 5, 13], [6, 21, 7, 22], [8, 17, 9, 18], [10, 2, 11, 1], [12, 6, 13, 5], [14, 19, 15, 20], [16, 9, 17, 10]]"
12a_1102_4,"[[16, 9, 17, 10], [18, 24, 19, 23], [20, 11, 21, 12], [22, 3, 23, 4], [24, 16, 1, 15], [2, 8, 3, 7], [4, 14, 5, 13], [6, 21, 7, 22], [8, 17, 9, 18], [10, 2, 11, 1], [12, 6, 13, 5], [14, 19, 15, 20]]"
12a_1102_5,"[[14, 19, 15, 20], [16, 9, 17, 10], [18, 24, 19, 23], [20, 11, 21, 12], [22, 3, 23, 4], [24, 16, 1, 15], [2, 8, 3, 7], [4, 14, 5, 13], [6, 21, 7, 22], [8, 17, 9, 18], [10, 2, 11, 1], [12, 6, 13, 5]]"
12a_1102_6,"[[12, 6, 13, 5], [14, 19, 15, 20], [16, 9, 17, 10], [18, 24, 19, 23], [20, 11, 21, 12], [22, 3, 23, 4], [24, 16, 1, 15], [2, 8, 3, 7], [4, 14, 5, 13], [6, 21, 7, 22], [8, 17, 9, 18], [10, 2, 11, 1]]"
12a_1102_7,"[[10, 2, 11, 1], [12, 6, 13, 5], [14, 19, 15, 20], [16, 9, 17, 10], [18, 24, 19, 23], [20, 11, 21, 12], [22, 3, 23, 4], [24, 16, 1, 15], [2, 8, 3, 7], [4, 14, 5, 13], [6, 21, 7, 22], [8, 17, 9, 18]]"
12a_1102_8,"[[8, 17, 9, 18], [10, 2, 11, 1], [12, 6, 13, 5], [14, 19, 15, 20], [16, 9, 17, 10], [18, 24, 19, 23], [20, 11, 21, 12], [22, 3, 23, 4], [24, 16, 1, 15], [2, 8, 3, 7], [4, 14, 5, 13], [6, 21, 7, 22]]"
12a_1102_9,"[[6, 21, 7, 22], [8, 17, 9, 18], [10, 2, 11, 1], [12, 6, 13, 5], [14, 19, 15, 20], [16, 9, 17, 10], [18, 24, 19, 23], [20, 11, 21, 12], [22, 3, 23, 4], [24, 16, 1, 15], [2, 8, 3, 7], [4, 14, 5, 13]]"
12a_1102_10,"[[4, 14, 5, 13], [6, 21, 7, 22], [8, 17, 9, 18], [10, 2, 11, 1], [12, 6, 13, 5], [14, 19, 15, 20], [16, 9, 17, 10], [18, 24, 19, 23], [20, 11, 21, 12], [22, 3, 23, 4], [24, 16, 1, 15], [2, 8, 3, 7]]"
12a_1102_11,"[[2, 8, 3, 7], [4, 14, 5, 13], [6, 21, 7, 22], [8, 17, 9, 18], [10, 2, 11, 1], [12, 6, 13, 5], [14, 19, 15, 20], [16, 9, 17, 10], [18, 24, 19, 23], [20, 11, 21, 12], [22, 3, 23, 4], [24, 16, 1, 15]]"
12a_1102_12,"[[1, 17, 2, 16], [3, 9, 4, 8], [5, 15, 6, 14], [7, 22, 8, 23], [9, 18, 10, 19], [11, 3, 12, 2], [13, 7, 14, 6], [15, 20, 16, 21], [17, 10, 18, 11], [19, 1, 20, 24], [21, 12, 22, 13], [23, 4, 24, 5]]"
12a_1102_13,"[[23, 4, 24, 5], [1, 17, 2, 16], [3, 9, 4, 8], [5, 15, 6, 14], [7, 22, 8, 23], [9, 18, 10, 19], [11, 3, 12, 2], [13, 7, 14, 6], [15, 20, 16, 21], [17, 10, 18, 11], [19, 1, 20, 24], [21, 12, 22, 13]]"
12a_1102_14,"[[21, 12, 22, 13], [23, 4, 24, 5], [1, 17, 2, 16], [3, 9, 4, 8], [5, 15, 6, 14], [7, 22, 8, 23], [9, 18, 10, 19], [11, 3, 12, 2], [13, 7, 14, 6], [15, 20, 16, 21], [17, 10, 18, 11], [19, 1, 20, 24]]"
12a_1102_15,"[[19, 1, 20, 24], [21, 12, 22, 13], [23, 4, 24, 5], [1, 17, 2, 16], [3, 9, 4, 8], [5, 15, 6, 14], [7, 22, 8, 23], [9, 18, 10, 19], [11, 3, 12, 2], [13, 7, 14, 6], [15, 20, 16, 21], [17, 10, 18, 11]]"
12a_1102_16,"[[17, 10, 18, 11], [19, 1, 20, 24], [21, 12, 22, 13], [23, 4, 24, 5], [1, 17, 2, 16], [3, 9, 4, 8], [5, 15, 6, 14], [7, 22, 8, 23], [9, 18, 10, 19], [11, 3, 12, 2], [13, 7, 14, 6], [15, 20, 16, 21]]"
12a_1102_17,"[[15, 20, 16, 21], [17, 10, 18, 11], [19, 1, 20, 24], [21, 12, 22, 13], [23, 4, 24, 5], [1, 17, 2, 16], [3, 9, 4, 8], [5, 15, 6, 14], [7, 22, 8, 23], [9, 18, 10, 19], [11, 3, 12, 2], [13, 7, 14, 6]]"
12a_1102_18,"[[13, 7, 14, 6], [15, 20, 16, 21], [17, 10, 18, 11], [19, 1, 20, 24], [21, 12, 22, 13], [23, 4, 24, 5], [1, 17, 2, 16], [3, 9, 4, 8], [5, 15, 6, 14], [7, 22, 8, 23], [9, 18, 10, 19], [11, 3, 12, 2]]"
12a_1102_19,"[[11, 3, 12, 2], [13, 7, 14, 6], [15, 20, 16, 21], [17, 10, 18, 11], [19, 1, 20, 24], [21, 12, 22, 13], [23, 4, 24, 5], [1, 17, 2, 16], [3, 9, 4, 8], [5, 15, 6, 14], [7, 22, 8, 23], [9, 18, 10, 19]]"
12a_1102_20,"[[9, 18, 10, 19], [11, 3, 12, 2], [13, 7, 14, 6], [15, 20, 16, 21], [17, 10, 18, 11], [19, 1, 20, 24], [21, 12, 22, 13], [23, 4, 24, 5], [1, 17, 2, 16], [3, 9, 4, 8], [5, 15, 6, 14], [7, 22, 8, 23]]"
12a_1102_21,"[[7, 22, 8, 23], [9, 18, 10, 19], [11, 3, 12, 2], [13, 7, 14, 6], [15, 20, 16, 21], [17, 10, 18, 11], [19, 1, 20, 24], [21, 12, 22, 13], [23, 4, 24, 5], [1, 17, 2, 16], [3, 9, 4, 8], [5, 15, 6, 14]]"
12a_1102_22,"[[5, 15, 6, 14], [7, 22, 8, 23], [9, 18, 10, 19], [11, 3, 12, 2], [13, 7, 14, 6], [15, 20, 16, 21], [17, 10, 18, 11], [19, 1, 20, 24], [21, 12, 22, 13], [23, 4, 24, 5], [1, 17, 2, 16], [3, 9, 4, 8]]"
12a_1102_23,"[[3, 9, 4, 8], [5, 15, 6, 14], [7, 22, 8, 23], [9, 18, 10, 19], [11, 3, 12, 2], [13, 7, 14, 6], [15, 20, 16, 21], [17, 10, 18, 11], [19, 1, 20, 24], [21, 12, 22, 13], [23, 4, 24, 5], [1, 17, 2, 16]]"
12a_1102_24,"[[2, 18, 3, 17], [4, 10, 5, 9], [6, 16, 7, 15], [8, 23, 9, 24], [10, 19, 11, 20], [12, 4, 13, 3], [14, 8, 15, 7], [16, 21, 17, 22], [18, 11, 19, 12], [20, 2, 21, 1], [22, 13, 23, 14], [24, 5, 1, 6]]"
12a_1102_25,"[[24, 5, 1, 6], [2, 18, 3, 17], [4, 10, 5, 9], [6, 16, 7, 15], [8, 23, 9, 24], [10, 19, 11, 20], [12, 4, 13, 3], [14, 8, 15, 7], [16, 21, 17, 22], [18, 11, 19, 12], [20, 2, 21, 1], [22, 13, 23, 14]]"
12a_1102_26,"[[22, 13, 23, 14], [24, 5, 1, 6], [2, 18, 3, 17], [4, 10, 5, 9], [6, 16, 7, 15], [8, 23, 9, 24], [10, 19, 11, 20], [12, 4, 13, 3], [14, 8, 15, 7], [16, 21, 17, 22], [18, 11, 19, 12], [20, 2, 21, 1]]"
12a_1102_27,"[[20, 2, 21, 1], [22, 13, 23, 14], [24, 5, 1, 6], [2, 18, 3, 17], [4, 10, 5, 9], [6, 16, 7, 15], [8, 23, 9, 24], [10, 19, 11, 20], [12, 4, 13, 3], [14, 8, 15, 7], [16, 21, 17, 22], [18, 11, 19, 12]]"
12a_1102_28,"[[18, 11, 19, 12], [20, 2, 21, 1], [22, 13, 23, 14], [24, 5, 1, 6], [2, 18, 3, 17], [4, 10, 5, 9], [6, 16, 7, 15], [8, 23, 9, 24], [10, 19, 11, 20], [12, 4, 13, 3], [14, 8, 15, 7], [16, 21, 17, 22]]"
12a_1102_29,"[[16, 21, 17, 22], [18, 11, 19, 12], [20, 2, 21, 1], [22, 13, 23, 14], [24, 5, 1, 6], [2, 18, 3, 17], [4, 10, 5, 9], [6, 16, 7, 15], [8, 23, 9, 24], [10, 19, 11, 20], [12, 4, 13, 3], [14, 8, 15, 7]]"
12a_1102_30,"[[14, 8, 15, 7], [16, 21, 17, 22], [18, 11, 19, 12], [20, 2, 21, 1], [22, 13, 23, 14], [24, 5, 1, 6], [2, 18, 3, 17], [4, 10, 5, 9], [6, 16, 7, 15], [8, 23, 9, 24], [10, 19, 11, 20], [12, 4, 13, 3]]"
12a_1102_31,"[[12, 4, 13, 3], [14, 8, 15, 7], [16, 21, 17, 22], [18, 11, 19, 12], [20, 2, 21, 1], [22, 13, 23, 14], [24, 5, 1, 6], [2, 18, 3, 17], [4, 10, 5, 9], [6, 16, 7, 15], [8, 23, 9, 24], [10, 19, 11, 20]]"
12a_1102_32,"[[10, 19, 11, 20], [12, 4, 13, 3], [14, 8, 15, 7], [16, 21, 17, 22], [18, 11, 19, 12], [20, 2, 21, 1], [22, 13, 23, 14], [24, 5, 1, 6], [2, 18, 3, 17], [4, 10, 5, 9], [6, 16, 7, 15], [8, 23, 9, 24]]"
12a_1102_33,"[[8, 23, 9, 24], [10, 19, 11, 20], [12, 4, 13, 3], [14, 8, 15, 7], [16, 21, 17, 22], [18, 11, 19, 12], [20, 2, 21, 1], [22, 13, 23, 14], [24, 5, 1, 6], [2, 18, 3, 17], [4, 10, 5, 9], [6, 16, 7, 15]]"
12a_1102_34,"[[6, 16, 7, 15], [8, 23, 9, 24], [10, 19, 11, 20], [12, 4, 13, 3], [14, 8, 15, 7], [16, 21, 17, 22], [18, 11, 19, 12], [20, 2, 21, 1], [22, 13, 23, 14], [24, 5, 1, 6], [2, 18, 3, 17], [4, 10, 5, 9]]"
12a_1102_35,"[[4, 10, 5, 9], [6, 16, 7, 15], [8, 23, 9, 24], [10, 19, 11, 20], [12, 4, 13, 3], [14, 8, 15, 7], [16, 21, 17, 22], [18, 11, 19, 12], [20, 2, 21, 1], [22, 13, 23, 14], [24, 5, 1, 6], [2, 18, 3, 17]]"
12a_1102_36,"[[3, 19, 4, 18], [5, 11, 6, 10], [7, 17, 8, 16], [9, 24, 10, 1], [11, 20, 12, 21], [13, 5, 14, 4], [15, 9, 16, 8], [17, 22, 18, 23], [19, 12, 20, 13], [21, 3, 22, 2], [23, 14, 24, 15], [1, 6, 2, 7]]"
12a_1102_37,"[[1, 6, 2, 7], [3, 19, 4, 18], [5, 11, 6, 10], [7, 17, 8, 16], [9, 24, 10, 1], [11, 20, 12, 21], [13, 5, 14, 4], [15, 9, 16, 8], [17, 22, 18, 23], [19, 12, 20, 13], [21, 3, 22, 2], [23, 14, 24, 15]]"
12a_1102_38,"[[23, 14, 24, 15], [1, 6, 2, 7], [3, 19, 4, 18], [5, 11, 6, 10], [7, 17, 8, 16], [9, 24, 10, 1], [11, 20, 12, 21], [13, 5, 14, 4], [15, 9, 16, 8], [17, 22, 18, 23], [19, 12, 20, 13], [21, 3, 22, 2]]"
12a_1102_39,"[[21, 3, 22, 2], [23, 14, 24, 15], [1, 6, 2, 7], [3, 19, 4, 18], [5, 11, 6, 10], [7, 17, 8, 16], [9, 24, 10, 1], [11, 20, 12, 21], [13, 5, 14, 4], [15, 9, 16, 8], [17, 22, 18, 23], [19, 12, 20, 13]]"
12a_1102_40,"[[19, 12, 20, 13], [21, 3, 22, 2], [23, 14, 24, 15], [1, 6, 2, 7], [3, 19, 4, 18], [5, 11, 6, 10], [7, 17, 8, 16], [9, 24, 10, 1], [11, 20, 12, 21], [13, 5, 14, 4], [15, 9, 16, 8], [17, 22, 18, 23]]"
12a_1102_41,"[[17, 22, 18, 23], [19, 12, 20, 13], [21, 3, 22, 2], [23, 14, 24, 15], [1, 6, 2, 7], [3, 19, 4, 18], [5, 11, 6, 10], [7, 17, 8, 16], [9, 24, 10, 1], [11, 20, 12, 21], [13, 5, 14, 4], [15, 9, 16, 8]]"
12a_1102_42,"[[15, 9, 16, 8], [17, 22, 18, 23], [19, 12, 20, 13], [21, 3, 22, 2], [23, 14, 24, 15], [1, 6, 2, 7], [3, 19, 4, 18], [5, 11, 6, 10], [7, 17, 8, 16], [9, 24, 10, 1], [11, 20, 12, 21], [13, 5, 14, 4]]"
12a_1102_43,"[[13, 5, 14, 4], [15, 9, 16, 8], [17, 22, 18, 23], [19, 12, 20, 13], [21, 3, 22, 2], [23, 14, 24, 15], [1, 6, 2, 7], [3, 19, 4, 18], [5, 11, 6, 10], [7, 17, 8, 16], [9, 24, 10, 1], [11, 20, 12, 21]]"
12a_1102_44,"[[11, 20, 12, 21], [13, 5, 14, 4], [15, 9, 16, 8], [17, 22, 18, 23], [19, 12, 20, 13], [21, 3, 22, 2], [23, 14, 24, 15], [1, 6, 2, 7], [3, 19, 4, 18], [5, 11, 6, 10], [7, 17, 8, 16], [9, 24, 10, 1]]"
12a_1102_45,"[[9, 24, 10, 1], [11, 20, 12, 21], [13, 5, 14, 4], [15, 9, 16, 8], [17, 22, 18, 23], [19, 12, 20, 13], [21, 3, 22, 2], [23, 14, 24, 15], [1, 6, 2, 7], [3, 19, 4, 18], [5, 11, 6, 10], [7, 17, 8, 16]]"
12a_1102_46,"[[7, 17, 8, 16], [9, 24, 10, 1], [11, 20, 12, 21], [13, 5, 14, 4], [15, 9, 16, 8], [17, 22, 18, 23], [19, 12, 20, 13], [21, 3, 22, 2], [23, 14, 24, 15], [1, 6, 2, 7], [3, 19, 4, 18], [5, 11, 6, 10]]"
12a_1102_47,"[[5, 11, 6, 10], [7, 17, 8, 16], [9, 24, 10, 1], [11, 20, 12, 21], [13, 5, 14, 4], [15, 9, 16, 8], [17, 22, 18, 23], [19, 12, 20, 13], [21, 3, 22, 2], [23, 14, 24, 15], [1, 6, 2, 7], [3, 19, 4, 18]]"
12a_1102_48,"[[4, 20, 5, 19], [6, 12, 7, 11], [8, 18, 9, 17], [10, 1, 11, 2], [12, 21, 13, 22], [14, 6, 15, 5], [16, 10, 17, 9], [18, 23, 19, 24], [20, 13, 21, 14], [22, 4, 23, 3], [24, 15, 1, 16], [2, 7, 3, 8]]"
12a_1102_49,"[[2, 7, 3, 8], [4, 20, 5, 19], [6, 12, 7, 11], [8, 18, 9, 17], [10, 1, 11, 2], [12, 21, 13, 22], [14, 6, 15, 5], [16, 10, 17, 9], [18, 23, 19, 24], [20, 13, 21, 14], [22, 4, 23, 3], [24, 15, 1, 16]]"
12a_1102_50,"[[24, 15, 1, 16], [2, 7, 3, 8], [4, 20, 5, 19], [6, 12, 7, 11], [8, 18, 9, 17], [10, 1, 11, 2], [12, 21, 13, 22], [14, 6, 15, 5], [16, 10, 17, 9], [18, 23, 19, 24], [20, 13, 21, 14], [22, 4, 23, 3]]"
12a_1102_51,"[[22, 4, 23, 3], [24, 15, 1, 16], [2, 7, 3, 8], [4, 20, 5, 19], [6, 12, 7, 11], [8, 18, 9, 17], [10, 1, 11, 2], [12, 21, 13, 22], [14, 6, 15, 5], [16, 10, 17, 9], [18, 23, 19, 24], [20, 13, 21, 14]]"
12a_1102_52,"[[20, 13, 21, 14], [22, 4, 23, 3], [24, 15, 1, 16], [2, 7, 3, 8], [4, 20, 5, 19], [6, 12, 7, 11], [8, 18, 9, 17], [10, 1, 11, 2], [12, 21, 13, 22], [14, 6, 15, 5], [16, 10, 17, 9], [18, 23, 19, 24]]"
12a_1102_53,"[[18, 23, 19, 24], [20, 13, 21, 14], [22, 4, 23, 3], [24, 15, 1, 16], [2, 7, 3, 8], [4, 20, 5, 19], [6, 12, 7, 11], [8, 18, 9, 17], [10, 1, 11, 2], [12, 21, 13, 22], [14, 6, 15, 5], [16, 10, 17, 9]]"
12a_1102_54,"[[16, 10, 17, 9], [18, 23, 19, 24], [20, 13, 21, 14], [22, 4, 23, 3], [24, 15, 1, 16], [2, 7, 3, 8], [4, 20, 5, 19], [6, 12, 7, 11], [8, 18, 9, 17], [10, 1, 11, 2], [12, 21, 13, 22], [14, 6, 15, 5]]"
12a_1102_55,"[[14, 6, 15, 5], [16, 10, 17, 9], [18, 23, 19, 24], [20, 13, 21, 14], [22, 4, 23, 3], [24, 15, 1, 16], [2, 7, 3, 8], [4, 20, 5, 19], [6, 12, 7, 11], [8, 18, 9, 17], [10, 1, 11, 2], [12, 21, 13, 22]]"
12a_1102_56,"[[12, 21, 13, 22], [14, 6, 15, 5], [16, 10, 17, 9], [18, 23, 19, 24], [20, 13, 21, 14], [22, 4, 23, 3], [24, 15, 1, 16], [2, 7, 3, 8], [4, 20, 5, 19], [6, 12, 7, 11], [8, 18, 9, 17], [10, 1, 11, 2]]"
12a_1102_57,"[[10, 1, 11, 2], [12, 21, 13, 22], [14, 6, 15, 5], [16, 10, 17, 9], [18, 23, 19, 24], [20, 13, 21, 14], [22, 4, 23, 3], [24, 15, 1, 16], [2, 7, 3, 8], [4, 20, 5, 19], [6, 12, 7, 11], [8, 18, 9, 17]]"
12a_1102_58,"[[8, 18, 9, 17], [10, 1, 11, 2], [12, 21, 13, 22], [14, 6, 15, 5], [16, 10, 17, 9], [18, 23, 19, 24], [20, 13, 21, 14], [22, 4, 23, 3], [24, 15, 1, 16], [2, 7, 3, 8], [4, 20, 5, 19], [6, 12, 7, 11]]"
12a_1102_59,"[[6, 12, 7, 11], [8, 18, 9, 17], [10, 1, 11, 2], [12, 21, 13, 22], [14, 6, 15, 5], [16, 10, 17, 9], [18, 23, 19, 24], [20, 13, 21, 14], [22, 4, 23, 3], [24, 15, 1, 16], [2, 7, 3, 8], [4, 20, 5, 19]]"
12a_1102_60,"[[5, 21, 6, 20], [7, 13, 8, 12], [9, 19, 10, 18], [11, 2, 12, 3], [13, 22, 14, 23], [15, 7, 16, 6], [17, 11, 18, 10], [19, 24, 20, 1], [21, 14, 22, 15], [23, 5, 24, 4], [1, 16, 2, 17], [3, 8, 4, 9]]"
12a_1102_61,"[[3, 8, 4, 9], [5, 21, 6, 20], [7, 13, 8, 12], [9, 19, 10, 18], [11, 2, 12, 3], [13, 22, 14, 23], [15, 7, 16, 6], [17, 11, 18, 10], [19, 24, 20, 1], [21, 14, 22, 15], [23, 5, 24, 4], [1, 16, 2, 17]]"
12a_1102_62,"[[1, 16, 2, 17], [3, 8, 4, 9], [5, 21, 6, 20], [7, 13, 8, 12], [9, 19, 10, 18], [11, 2, 12, 3], [13, 22, 14, 23], [15, 7, 16, 6], [17, 11, 18, 10], [19, 24, 20, 1], [21, 14, 22, 15], [23, 5, 24, 4]]"
12a_1102_63,"[[23, 5, 24, 4], [1, 16, 2, 17], [3, 8, 4, 9], [5, 21, 6, 20], [7, 13, 8, 12], [9, 19, 10, 18], [11, 2, 12, 3], [13, 22, 14, 23], [15, 7, 16, 6], [17, 11, 18, 10], [19, 24, 20, 1], [21, 14, 22, 15]]"
12a_1102_64,"[[21, 14, 22, 15], [23, 5, 24, 4], [1, 16, 2, 17], [3, 8, 4, 9], [5, 21, 6, 20], [7, 13, 8, 12], [9, 19, 10, 18], [11, 2, 12, 3], [13, 22, 14, 23], [15, 7, 16, 6], [17, 11, 18, 10], [19, 24, 20, 1]]"
12a_1102_65,"[[19, 24, 20, 1], [21, 14, 22, 15], [23, 5, 24, 4], [1, 16, 2, 17], [3, 8, 4, 9], [5, 21, 6, 20], [7, 13, 8, 12], [9, 19, 10, 18], [11, 2, 12, 3], [13, 22, 14, 23], [15, 7, 16, 6], [17, 11, 18, 10]]"
12a_1102_66,"[[17, 11, 18, 10], [19, 24, 20, 1], [21, 14, 22, 15], [23, 5, 24, 4], [1, 16, 2, 17], [3, 8, 4, 9], [5, 21, 6, 20], [7, 13, 8, 12], [9, 19, 10, 18], [11, 2, 12, 3], [13, 22, 14, 23], [15, 7, 16, 6]]"
12a_1102_67,"[[15, 7, 16, 6], [17, 11, 18, 10], [19, 24, 20, 1], [21, 14, 22, 15], [23, 5, 24, 4], [1, 16, 2, 17], [3, 8, 4, 9], [5, 21, 6, 20], [7, 13, 8, 12], [9, 19, 10, 18], [11, 2, 12, 3], [13, 22, 14, 23]]"
12a_1102_68,"[[13, 22, 14, 23], [15, 7, 16, 6], [17, 11, 18, 10], [19, 24, 20, 1], [21, 14, 22, 15], [23, 5, 24, 4], [1, 16, 2, 17], [3, 8, 4, 9], [5, 21, 6, 20], [7, 13, 8, 12], [9, 19, 10, 18], [11, 2, 12, 3]]"
12a_1102_69,"[[11, 2, 12, 3], [13, 22, 14, 23], [15, 7, 16, 6], [17, 11, 18, 10], [19, 24, 20, 1], [21, 14, 22, 15], [23, 5, 24, 4], [1, 16, 2, 17], [3, 8, 4, 9], [5, 21, 6, 20], [7, 13, 8, 12], [9, 19, 10, 18]]"
12a_1102_70,"[[9, 19, 10, 18], [11, 2, 12, 3], [13, 22, 14, 23], [15, 7, 16, 6], [17, 11, 18, 10], [19, 24, 20, 1], [21, 14, 22, 15], [23, 5, 24, 4], [1, 16, 2, 17], [3, 8, 4, 9], [5, 21, 6, 20], [7, 13, 8, 12]]"
12a_1102_71,"[[7, 13, 8, 12], [9, 19, 10, 18], [11, 2, 12, 3], [13, 22, 14, 23], [15, 7, 16, 6], [17, 11, 18, 10], [19, 24, 20, 1], [21, 14, 22, 15], [23, 5, 24, 4], [1, 16, 2, 17], [3, 8, 4, 9], [5, 21, 6, 20]]"
12a_1102_72,"[[6, 22, 7, 21], [8, 14, 9, 13], [10, 20, 11, 19], [12, 3, 13, 4], [14, 23, 15, 24], [16, 8, 17, 7], [18, 12, 19, 11], [20, 1, 21, 2], [22, 15, 23, 16], [24, 6, 1, 5], [2, 17, 3, 18], [4, 9, 5, 10]]"
12a_1102_73,"[[4, 9, 5, 10], [6, 22, 7, 21], [8, 14, 9, 13], [10, 20, 11, 19], [12, 3, 13, 4], [14, 23, 15, 24], [16, 8, 17, 7], [18, 12, 19, 11], [20, 1, 21, 2], [22, 15, 23, 16], [24, 6, 1, 5], [2, 17, 3, 18]]"
12a_1102_74,"[[2, 17, 3, 18], [4, 9, 5, 10], [6, 22, 7, 21], [8, 14, 9, 13], [10, 20, 11, 19], [12, 3, 13, 4], [14, 23, 15, 24], [16, 8, 17, 7], [18, 12, 19, 11], [20, 1, 21, 2], [22, 15, 23, 16], [24, 6, 1, 5]]"
12a_1102_75,"[[24, 6, 1, 5], [2, 17, 3, 18], [4, 9, 5, 10], [6, 22, 7, 21], [8, 14, 9, 13], [10, 20, 11, 19], [12, 3, 13, 4], [14, 23, 15, 24], [16, 8, 17, 7], [18, 12, 19, 11], [20, 1, 21, 2], [22, 15, 23, 16]]"
12a_1102_76,"[[22, 15, 23, 16], [24, 6, 1, 5], [2, 17, 3, 18], [4, 9, 5, 10], [6, 22, 7, 21], [8, 14, 9, 13], [10, 20, 11, 19], [12, 3, 13, 4], [14, 23, 15, 24], [16, 8, 17, 7], [18, 12, 19, 11], [20, 1, 21, 2]]"
12a_1102_77,"[[20, 1, 21, 2], [22, 15, 23, 16], [24, 6, 1, 5], [2, 17, 3, 18], [4, 9, 5, 10], [6, 22, 7, 21], [8, 14, 9, 13], [10, 20, 11, 19], [12, 3, 13, 4], [14, 23, 15, 24], [16, 8, 17, 7], [18, 12, 19, 11]]"
12a_1102_78,"[[18, 12, 19, 11], [20, 1, 21, 2], [22, 15, 23, 16], [24, 6, 1, 5], [2, 17, 3, 18], [4, 9, 5, 10], [6, 22, 7, 21], [8, 14, 9, 13], [10, 20, 11, 19], [12, 3, 13, 4], [14, 23, 15, 24], [16, 8, 17, 7]]"
12a_1102_79,"[[16, 8, 17, 7], [18, 12, 19, 11], [20, 1, 21, 2], [22, 15, 23, 16], [24, 6, 1, 5], [2, 17, 3, 18], [4, 9, 5, 10], [6, 22, 7, 21], [8, 14, 9, 13], [10, 20, 11, 19], [12, 3, 13, 4], [14, 23, 15, 24]]"
12a_1102_80,"[[14, 23, 15, 24], [16, 8, 17, 7], [18, 12, 19, 11], [20, 1, 21, 2], [22, 15, 23, 16], [24, 6, 1, 5], [2, 17, 3, 18], [4, 9, 5, 10], [6, 22, 7, 21], [8, 14, 9, 13], [10, 20, 11, 19], [12, 3, 13, 4]]"
12a_1102_81,"[[12, 3, 13, 4], [14, 23, 15, 24], [16, 8, 17, 7], [18, 12, 19, 11], [20, 1, 21, 2], [22, 15, 23, 16], [24, 6, 1, 5], [2, 17, 3, 18], [4, 9, 5, 10], [6, 22, 7, 21], [8, 14, 9, 13], [10, 20, 11, 19]]"
12a_1102_82,"[[10, 20, 11, 19], [12, 3, 13, 4], [14, 23, 15, 24], [16, 8, 17, 7], [18, 12, 19, 11], [20, 1, 21, 2], [22, 15, 23, 16], [24, 6, 1, 5], [2, 17, 3, 18], [4, 9, 5, 10], [6, 22, 7, 21], [8, 14, 9, 13]]"
12a_1102_83,"[[8, 14, 9, 13], [10, 20, 11, 19], [12, 3, 13, 4], [14, 23, 15, 24], [16, 8, 17, 7], [18, 12, 19, 11], [20, 1, 21, 2], [22, 15, 23, 16], [24, 6, 1, 5], [2, 17, 3, 18], [4, 9, 5, 10], [6, 22, 7, 21]]"
12a_1102_84,"[[7, 23, 8, 22], [9, 15, 10, 14], [11, 21, 12, 20], [13, 4, 14, 5], [15, 24, 16, 1], [17, 9, 18, 8], [19, 13, 20, 12], [21, 2, 22, 3], [23, 16, 24, 17], [1, 7, 2, 6], [3, 18, 4, 19], [5, 10, 6, 11]]"
12a_1102_85,"[[5, 10, 6, 11], [7, 23, 8, 22], [9, 15, 10, 14], [11, 21, 12, 20], [13, 4, 14, 5], [15, 24, 16, 1], [17, 9, 18, 8], [19, 13, 20, 12], [21, 2, 22, 3], [23, 16, 24, 17], [1, 7, 2, 6], [3, 18, 4, 19]]"
12a_1102_86,"[[3, 18, 4, 19], [5, 10, 6, 11], [7, 23, 8, 22], [9, 15, 10, 14], [11, 21, 12, 20], [13, 4, 14, 5], [15, 24, 16, 1], [17, 9, 18, 8], [19, 13, 20, 12], [21, 2, 22, 3], [23, 16, 24, 17], [1, 7, 2, 6]]"
12a_1102_87,"[[1, 7, 2, 6], [3, 18, 4, 19], [5, 10, 6, 11], [7, 23, 8, 22], [9, 15, 10, 14], [11, 21, 12, 20], [13, 4, 14, 5], [15, 24, 16, 1], [17, 9, 18, 8], [19, 13, 20, 12], [21, 2, 22, 3], [23, 16, 24, 17]]"
12a_1102_88,"[[23, 16, 24, 17], [1, 7, 2, 6], [3, 18, 4, 19], [5, 10, 6, 11], [7, 23, 8, 22], [9, 15, 10, 14], [11, 21, 12, 20], [13, 4, 14, 5], [15, 24, 16, 1], [17, 9, 18, 8], [19, 13, 20, 12], [21, 2, 22, 3]]"
12a_1102_89,"[[21, 2, 22, 3], [23, 16, 24, 17], [1, 7, 2, 6], [3, 18, 4, 19], [5, 10, 6, 11], [7, 23, 8, 22], [9, 15, 10, 14], [11, 21, 12, 20], [13, 4, 14, 5], [15, 24, 16, 1], [17, 9, 18, 8], [19, 13, 20, 12]]"
12a_1102_90,"[[19, 13, 20, 12], [21, 2, 22, 3], [23, 16, 24, 17], [1, 7, 2, 6], [3, 18, 4, 19], [5, 10, 6, 11], [7, 23, 8, 22], [9, 15, 10, 14], [11, 21, 12, 20], [13, 4, 14, 5], [15, 24, 16, 1], [17, 9, 18, 8]]"
12a_1102_91,"[[17, 9, 18, 8], [19, 13, 20, 12], [21, 2, 22, 3], [23, 16, 24, 17], [1, 7, 2, 6], [3, 18, 4, 19], [5, 10, 6, 11], [7, 23, 8, 22], [9, 15, 10, 14], [11, 21, 12, 20], [13, 4, 14, 5], [15, 24, 16, 1]]"
12a_1102_92,"[[15, 24, 16, 1], [17, 9, 18, 8], [19, 13, 20, 12], [21, 2, 22, 3], [23, 16, 24, 17], [1, 7, 2, 6], [3, 18, 4, 19], [5, 10, 6, 11], [7, 23, 8, 22], [9, 15, 10, 14], [11, 21, 12, 20], [13, 4, 14, 5]]"
12a_1102_93,"[[13, 4, 14, 5], [15, 24, 16, 1], [17, 9, 18, 8], [19, 13, 20, 12], [21, 2, 22, 3], [23, 16, 24, 17], [1, 7, 2, 6], [3, 18, 4, 19], [5, 10, 6, 11], [7, 23, 8, 22], [9, 15, 10, 14], [11, 21, 12, 20]]"
12a_1102_94,"[[11, 21, 12, 20], [13, 4, 14, 5], [15, 24, 16, 1], [17, 9, 18, 8], [19, 13, 20, 12], [21, 2, 22, 3], [23, 16, 24, 17], [1, 7, 2, 6], [3, 18, 4, 19], [5, 10, 6, 11], [7, 23, 8, 22], [9, 15, 10, 14]]"
12a_1102_95,"[[9, 15, 10, 14], [11, 21, 12, 20], [13, 4, 14, 5], [15, 24, 16, 1], [17, 9, 18, 8], [19, 13, 20, 12], [21, 2, 22, 3], [23, 16, 24, 17], [1, 7, 2, 6], [3, 18, 4, 19], [5, 10, 6, 11], [7, 23, 8, 22]]"
12a_1102_96,"[[8, 24, 9, 23], [10, 16, 11, 15], [12, 22, 13, 21], [14, 5, 15, 6], [16, 1, 17, 2], [18, 10, 19, 9], [20, 14, 21, 13], [22, 3, 23, 4], [24, 17, 1, 18], [2, 8, 3, 7], [4, 19, 5, 20], [6, 11, 7, 12]]"
12a_1102_97,"[[6, 11, 7, 12], [8, 24, 9, 23], [10, 16, 11, 15], [12, 22, 13, 21], [14, 5, 15, 6], [16, 1, 17, 2], [18, 10, 19, 9], [20, 14, 21, 13], [22, 3, 23, 4], [24, 17, 1, 18], [2, 8, 3, 7], [4, 19, 5, 20]]"
12a_1102_98,"[[4, 19, 5, 20], [6, 11, 7, 12], [8, 24, 9, 23], [10, 16, 11, 15], [12, 22, 13, 21], [14, 5, 15, 6], [16, 1, 17, 2], [18, 10, 19, 9], [20, 14, 21, 13], [22, 3, 23, 4], [24, 17, 1, 18], [2, 8, 3, 7]]"
12a_1102_99,"[[2, 8, 3, 7], [4, 19, 5, 20], [6, 11, 7, 12], [8, 24, 9, 23], [10, 16, 11, 15], [12, 22, 13, 21], [14, 5, 15, 6], [16, 1, 17, 2], [18, 10, 19, 9], [20, 14, 21, 13], [22, 3, 23, 4], [24, 17, 1, 18]]"
12a_1102_100,"[[24, 17, 1, 18], [2, 8, 3, 7], [4, 19, 5, 20], [6, 11, 7, 12], [8, 24, 9, 23], [10, 16, 11, 15], [12, 22, 13, 21], [14, 5, 15, 6], [16, 1, 17, 2], [18, 10, 19, 9], [20, 14, 21, 13], [22, 3, 23, 4]]"
12a_1102_101,"[[22, 3, 23, 4], [24, 17, 1, 18], [2, 8, 3, 7], [4, 19, 5, 20], [6, 11, 7, 12], [8, 24, 9, 23], [10, 16, 11, 15], [12, 22, 13, 21], [14, 5, 15, 6], [16, 1, 17, 2], [18, 10, 19, 9], [20, 14, 21, 13]]"
12a_1102_102,"[[20, 14, 21, 13], [22, 3, 23, 4], [24, 17, 1, 18], [2, 8, 3, 7], [4, 19, 5, 20], [6, 11, 7, 12], [8, 24, 9, 23], [10, 16, 11, 15], [12, 22, 13, 21], [14, 5, 15, 6], [16, 1, 17, 2], [18, 10, 19, 9]]"
12a_1102_103,"[[18, 10, 19, 9], [20, 14, 21, 13], [22, 3, 23, 4], [24, 17, 1, 18], [2, 8, 3, 7], [4, 19, 5, 20], [6, 11, 7, 12], [8, 24, 9, 23], [10, 16, 11, 15], [12, 22, 13, 21], [14, 5, 15, 6], [16, 1, 17, 2]]"
12a_1102_104,"[[16, 1, 17, 2], [18, 10, 19, 9], [20, 14, 21, 13], [22, 3, 23, 4], [24, 17, 1, 18], [2, 8, 3, 7], [4, 19, 5, 20], [6, 11, 7, 12], [8, 24, 9, 23], [10, 16, 11, 15], [12, 22, 13, 21], [14, 5, 15, 6]]"
12a_1102_105,"[[14, 5, 15, 6], [16, 1, 17, 2], [18, 10, 19, 9], [20, 14, 21, 13], [22, 3, 23, 4], [24, 17, 1, 18], [2, 8, 3, 7], [4, 19, 5, 20], [6, 11, 7, 12], [8, 24, 9, 23], [10, 16, 11, 15], [12, 22, 13, 21]]"
12a_1102_106,"[[12, 22, 13, 21], [14, 5, 15, 6], [16, 1, 17, 2], [18, 10, 19, 9], [20, 14, 21, 13], [22, 3, 23, 4], [24, 17, 1, 18], [2, 8, 3, 7], [4, 19, 5, 20], [6, 11, 7, 12], [8, 24, 9, 23], [10, 16, 11, 15]]"
12a_1102_107,"[[10, 16, 11, 15], [12, 22, 13, 21], [14, 5, 15, 6], [16, 1, 17, 2], [18, 10, 19, 9], [20, 14, 21, 13], [22, 3, 23, 4], [24, 17, 1, 18], [2, 8, 3, 7], [4, 19, 5, 20], [6, 11, 7, 12], [8, 24, 9, 23]]"
12a_1102_108,"[[9, 1, 10, 24], [11, 17, 12, 16], [13, 23, 14, 22], [15, 6, 16, 7], [17, 2, 18, 3], [19, 11, 20, 10], [21, 15, 22, 14], [23, 4, 24, 5], [1, 18, 2, 19], [3, 9, 4, 8], [5, 20, 6, 21], [7, 12, 8, 13]]"
12a_1102_109,"[[7, 12, 8, 13], [9, 1, 10, 24], [11, 17, 12, 16], [13, 23, 14, 22], [15, 6, 16, 7], [17, 2, 18, 3], [19, 11, 20, 10], [21, 15, 22, 14], [23, 4, 24, 5], [1, 18, 2, 19], [3, 9, 4, 8], [5, 20, 6, 21]]"
12a_1102_110,"[[5, 20, 6, 21], [7, 12, 8, 13], [9, 1, 10, 24], [11, 17, 12, 16], [13, 23, 14, 22], [15, 6, 16, 7], [17, 2, 18, 3], [19, 11, 20, 10], [21, 15, 22, 14], [23, 4, 24, 5], [1, 18, 2, 19], [3, 9, 4, 8]]"
12a_1102_111,"[[3, 9, 4, 8], [5, 20, 6, 21], [7, 12, 8, 13], [9, 1, 10, 24], [11, 17, 12, 16], [13, 23, 14, 22], [15, 6, 16, 7], [17, 2, 18, 3], [19, 11, 20, 10], [21, 15, 22, 14], [23, 4, 24, 5], [1, 18, 2, 19]]"
12a_1102_112,"[[1, 18, 2, 19], [3, 9, 4, 8], [5, 20, 6, 21], [7, 12, 8, 13], [9, 1, 10, 24], [11, 17, 12, 16], [13, 23, 14, 22], [15, 6, 16, 7], [17, 2, 18, 3], [19, 11, 20, 10], [21, 15, 22, 14], [23, 4, 24, 5]]"
12a_1102_113,"[[23, 4, 24, 5], [1, 18, 2, 19], [3, 9, 4, 8], [5, 20, 6, 21], [7, 12, 8, 13], [9, 1, 10, 24], [11, 17, 12, 16], [13, 23, 14, 22], [15, 6, 16, 7], [17, 2, 18, 3], [19, 11, 20, 10], [21, 15, 22, 14]]"
12a_1102_114,"[[21, 15, 22, 14], [23, 4, 24, 5], [1, 18, 2, 19], [3, 9, 4, 8], [5, 20, 6, 21], [7, 12, 8, 13], [9, 1, 10, 24], [11, 17, 12, 16], [13, 23, 14, 22], [15, 6, 16, 7], [17, 2, 18, 3], [19, 11, 20, 10]]"
12a_1102_115,"[[19, 11, 20, 10], [21, 15, 22, 14], [23, 4, 24, 5], [1, 18, 2, 19], [3, 9, 4, 8], [5, 20, 6, 21], [7, 12, 8, 13], [9, 1, 10, 24], [11, 17, 12, 16], [13, 23, 14, 22], [15, 6, 16, 7], [17, 2, 18, 3]]"
12a_1102_116,"[[17, 2, 18, 3], [19, 11, 20, 10], [21, 15, 22, 14], [23, 4, 24, 5], [1, 18, 2, 19], [3, 9, 4, 8], [5, 20, 6, 21], [7, 12, 8, 13], [9, 1, 10, 24], [11, 17, 12, 16], [13, 23, 14, 22], [15, 6, 16, 7]]"
12a_1102_117,"[[15, 6, 16, 7], [17, 2, 18, 3], [19, 11, 20, 10], [21, 15, 22, 14], [23, 4, 24, 5], [1, 18, 2, 19], [3, 9, 4, 8], [5, 20, 6, 21], [7, 12, 8, 13], [9, 1, 10, 24], [11, 17, 12, 16], [13, 23, 14, 22]]"
12a_1102_118,"[[13, 23, 14, 22], [15, 6, 16, 7], [17, 2, 18, 3], [19, 11, 20, 10], [21, 15, 22, 14], [23, 4, 24, 5], [1, 18, 2, 19], [3, 9, 4, 8], [5, 20, 6, 21], [7, 12, 8, 13], [9, 1, 10, 24], [11, 17, 12, 16]]"
12a_1102_119,"[[11, 17, 12, 16], [13, 23, 14, 22], [15, 6, 16, 7], [17, 2, 18, 3], [19, 11, 20, 10], [21, 15, 22, 14], [23, 4, 24, 5], [1, 18, 2, 19], [3, 9, 4, 8], [5, 20, 6, 21], [7, 12, 8, 13], [9, 1, 10, 24]]"
12a_1102_120,"[[10, 2, 11, 1], [12, 18, 13, 17], [14, 24, 15, 23], [16, 7, 17, 8], [18, 3, 19, 4], [20, 12, 21, 11], [22, 16, 23, 15], [24, 5, 1, 6], [2, 19, 3, 20], [4, 10, 5, 9], [6, 21, 7, 22], [8, 13, 9, 14]]"
12a_1102_121,"[[8, 13, 9, 14], [10, 2, 11, 1], [12, 18, 13, 17], [14, 24, 15, 23], [16, 7, 17, 8], [18, 3, 19, 4], [20, 12, 21, 11], [22, 16, 23, 15], [24, 5, 1, 6], [2, 19, 3, 20], [4, 10, 5, 9], [6, 21, 7, 22]]"
12a_1102_122,"[[6, 21, 7, 22], [8, 13, 9, 14], [10, 2, 11, 1], [12, 18, 13, 17], [14, 24, 15, 23], [16, 7, 17, 8], [18, 3, 19, 4], [20, 12, 21, 11], [22, 16, 23, 15], [24, 5, 1, 6], [2, 19, 3, 20], [4, 10, 5, 9]]"
12a_1102_123,"[[4, 10, 5, 9], [6, 21, 7, 22], [8, 13, 9, 14], [10, 2, 11, 1], [12, 18, 13, 17], [14, 24, 15, 23], [16, 7, 17, 8], [18, 3, 19, 4], [20, 12, 21, 11], [22, 16, 23, 15], [24, 5, 1, 6], [2, 19, 3, 20]]"
12a_1102_124,"[[2, 19, 3, 20], [4, 10, 5, 9], [6, 21, 7, 22], [8, 13, 9, 14], [10, 2, 11, 1], [12, 18, 13, 17], [14, 24, 15, 23], [16, 7, 17, 8], [18, 3, 19, 4], [20, 12, 21, 11], [22, 16, 23, 15], [24, 5, 1, 6]]"
12a_1102_125,"[[24, 5, 1, 6], [2, 19, 3, 20], [4, 10, 5, 9], [6, 21, 7, 22], [8, 13, 9, 14], [10, 2, 11, 1], [12, 18, 13, 17], [14, 24, 15, 23], [16, 7, 17, 8], [18, 3, 19, 4], [20, 12, 21, 11], [22, 16, 23, 15]]"
12a_1102_126,"[[22, 16, 23, 15], [24, 5, 1, 6], [2, 19, 3, 20], [4, 10, 5, 9], [6, 21, 7, 22], [8, 13, 9, 14], [10, 2, 11, 1], [12, 18, 13, 17], [14, 24, 15, 23], [16, 7, 17, 8], [18, 3, 19, 4], [20, 12, 21, 11]]"
12a_1102_127,"[[20, 12, 21, 11], [22, 16, 23, 15], [24, 5, 1, 6], [2, 19, 3, 20], [4, 10, 5, 9], [6, 21, 7, 22], [8, 13, 9, 14], [10, 2, 11, 1], [12, 18, 13, 17], [14, 24, 15, 23], [16, 7, 17, 8], [18, 3, 19, 4]]"
12a_1102_128,"[[18, 3, 19, 4], [20, 12, 21, 11], [22, 16, 23, 15], [24, 5, 1, 6], [2, 19, 3, 20], [4, 10, 5, 9], [6, 21, 7, 22], [8, 13, 9, 14], [10, 2, 11, 1], [12, 18, 13, 17], [14, 24, 15, 23], [16, 7, 17, 8]]"
12a_1102_129,"[[16, 7, 17, 8], [18, 3, 19, 4], [20, 12, 21, 11], [22, 16, 23, 15], [24, 5, 1, 6], [2, 19, 3, 20], [4, 10, 5, 9], [6, 21, 7, 22], [8, 13, 9, 14], [10, 2, 11, 1], [12, 18, 13, 17], [14, 24, 15, 23]]"
12a_1102_130,"[[14, 24, 15, 23], [16, 7, 17, 8], [18, 3, 19, 4], [20, 12, 21, 11], [22, 16, 23, 15], [24, 5, 1, 6], [2, 19, 3, 20], [4, 10, 5, 9], [6, 21, 7, 22], [8, 13, 9, 14], [10, 2, 11, 1], [12, 18, 13, 17]]"
12a_1102_131,"[[12, 18, 13, 17], [14, 24, 15, 23], [16, 7, 17, 8], [18, 3, 19, 4], [20, 12, 21, 11], [22, 16, 23, 15], [24, 5, 1, 6], [2, 19, 3, 20], [4, 10, 5, 9], [6, 21, 7, 22], [8, 13, 9, 14], [10, 2, 11, 1]]"
12a_1102_132,"[[11, 3, 12, 2], [13, 19, 14, 18], [15, 1, 16, 24], [17, 8, 18, 9], [19, 4, 20, 5], [21, 13, 22, 12], [23, 17, 24, 16], [1, 6, 2, 7], [3, 20, 4, 21], [5, 11, 6, 10], [7, 22, 8, 23], [9, 14, 10, 15]]"
12a_1102_133,"[[9, 14, 10, 15], [11, 3, 12, 2], [13, 19, 14, 18], [15, 1, 16, 24], [17, 8, 18, 9], [19, 4, 20, 5], [21, 13, 22, 12], [23, 17, 24, 16], [1, 6, 2, 7], [3, 20, 4, 21], [5, 11, 6, 10], [7, 22, 8, 23]]"
12a_1102_134,"[[7, 22, 8, 23], [9, 14, 10, 15], [11, 3, 12, 2], [13, 19, 14, 18], [15, 1, 16, 24], [17, 8, 18, 9], [19, 4, 20, 5], [21, 13, 22, 12], [23, 17, 24, 16], [1, 6, 2, 7], [3, 20, 4, 21], [5, 11, 6, 10]]"
12a_1102_135,"[[5, 11, 6, 10], [7, 22, 8, 23], [9, 14, 10, 15], [11, 3, 12, 2], [13, 19, 14, 18], [15, 1, 16, 24], [17, 8, 18, 9], [19, 4, 20, 5], [21, 13, 22, 12], [23, 17, 24, 16], [1, 6, 2, 7], [3, 20, 4, 21]]"
12a_1102_136,"[[3, 20, 4, 21], [5, 11, 6, 10], [7, 22, 8, 23], [9, 14, 10, 15], [11, 3, 12, 2], [13, 19, 14, 18], [15, 1, 16, 24], [17, 8, 18, 9], [19, 4, 20, 5], [21, 13, 22, 12], [23, 17, 24, 16], [1, 6, 2, 7]]"
12a_1102_137,"[[1, 6, 2, 7], [3, 20, 4, 21], [5, 11, 6, 10], [7, 22, 8, 23], [9, 14, 10, 15], [11, 3, 12, 2], [13, 19, 14, 18], [15, 1, 16, 24], [17, 8, 18, 9], [19, 4, 20, 5], [21, 13, 22, 12], [23, 17, 24, 16]]"
12a_1102_138,"[[23, 17, 24, 16], [1, 6, 2, 7], [3, 20, 4, 21], [5, 11, 6, 10], [7, 22, 8, 23], [9, 14, 10, 15], [11, 3, 12, 2], [13, 19, 14, 18], [15, 1, 16, 24], [17, 8, 18, 9], [19, 4, 20, 5], [21, 13, 22, 12]]"
12a_1102_139,"[[21, 13, 22, 12], [23, 17, 24, 16], [1, 6, 2, 7], [3, 20, 4, 21], [5, 11, 6, 10], [7, 22, 8, 23], [9, 14, 10, 15], [11, 3, 12, 2], [13, 19, 14, 18], [15, 1, 16, 24], [17, 8, 18, 9], [19, 4, 20, 5]]"
12a_1102_140,"[[19, 4, 20, 5], [21, 13, 22, 12], [23, 17, 24, 16], [1, 6, 2, 7], [3, 20, 4, 21], [5, 11, 6, 10], [7, 22, 8, 23], [9, 14, 10, 15], [11, 3, 12, 2], [13, 19, 14, 18], [15, 1, 16, 24], [17, 8, 18, 9]]"
12a_1102_141,"[[17, 8, 18, 9], [19, 4, 20, 5], [21, 13, 22, 12], [23, 17, 24, 16], [1, 6, 2, 7], [3, 20, 4, 21], [5, 11, 6, 10], [7, 22, 8, 23], [9, 14, 10, 15], [11, 3, 12, 2], [13, 19, 14, 18], [15, 1, 16, 24]]"
12a_1102_142,"[[15, 1, 16, 24], [17, 8, 18, 9], [19, 4, 20, 5], [21, 13, 22, 12], [23, 17, 24, 16], [1, 6, 2, 7], [3, 20, 4, 21], [5, 11, 6, 10], [7, 22, 8, 23], [9, 14, 10, 15], [11, 3, 12, 2], [13, 19, 14, 18]]"
12a_1102_143,"[[13, 19, 14, 18], [15, 1, 16, 24], [17, 8, 18, 9], [19, 4, 20, 5], [21, 13, 22, 12], [23, 17, 24, 16], [1, 6, 2, 7], [3, 20, 4, 21], [5, 11, 6, 10], [7, 22, 8, 23], [9, 14, 10, 15], [11, 3, 12, 2]]"
12a_1102_144,"[[12, 4, 13, 3], [14, 20, 15, 19], [16, 2, 17, 1], [18, 9, 19, 10], [20, 5, 21, 6], [22, 14, 23, 13], [24, 18, 1, 17], [2, 7, 3, 8], [4, 21, 5, 22], [6, 12, 7, 11], [8, 23, 9, 24], [10, 15, 11, 16]]"
12a_1102_145,"[[10, 15, 11, 16], [12, 4, 13, 3], [14, 20, 15, 19], [16, 2, 17, 1], [18, 9, 19, 10], [20, 5, 21, 6], [22, 14, 23, 13], [24, 18, 1, 17], [2, 7, 3, 8], [4, 21, 5, 22], [6, 12, 7, 11], [8, 23, 9, 24]]"
12a_1102_146,"[[8, 23, 9, 24], [10, 15, 11, 16], [12, 4, 13, 3], [14, 20, 15, 19], [16, 2, 17, 1], [18, 9, 19, 10], [20, 5, 21, 6], [22, 14, 23, 13], [24, 18, 1, 17], [2, 7, 3, 8], [4, 21, 5, 22], [6, 12, 7, 11]]"
12a_1102_147,"[[6, 12, 7, 11], [8, 23, 9, 24], [10, 15, 11, 16], [12, 4, 13, 3], [14, 20, 15, 19], [16, 2, 17, 1], [18, 9, 19, 10], [20, 5, 21, 6], [22, 14, 23, 13], [24, 18, 1, 17], [2, 7, 3, 8], [4, 21, 5, 22]]"
12a_1102_148,"[[4, 21, 5, 22], [6, 12, 7, 11], [8, 23, 9, 24], [10, 15, 11, 16], [12, 4, 13, 3], [14, 20, 15, 19], [16, 2, 17, 1], [18, 9, 19, 10], [20, 5, 21, 6], [22, 14, 23, 13], [24, 18, 1, 17], [2, 7, 3, 8]]"
12a_1102_149,"[[2, 7, 3, 8], [4, 21, 5, 22], [6, 12, 7, 11], [8, 23, 9, 24], [10, 15, 11, 16], [12, 4, 13, 3], [14, 20, 15, 19], [16, 2, 17, 1], [18, 9, 19, 10], [20, 5, 21, 6], [22, 14, 23, 13], [24, 18, 1, 17]]"
12a_1102_150,"[[24, 18, 1, 17], [2, 7, 3, 8], [4, 21, 5, 22], [6, 12, 7, 11], [8, 23, 9, 24], [10, 15, 11, 16], [12, 4, 13, 3], [14, 20, 15, 19], [16, 2, 17, 1], [18, 9, 19, 10], [20, 5, 21, 6], [22, 14, 23, 13]]"
12a_1102_151,"[[22, 14, 23, 13], [24, 18, 1, 17], [2, 7, 3, 8], [4, 21, 5, 22], [6, 12, 7, 11], [8, 23, 9, 24], [10, 15, 11, 16], [12, 4, 13, 3], [14, 20, 15, 19], [16, 2, 17, 1], [18, 9, 19, 10], [20, 5, 21, 6]]"
12a_1102_152,"[[20, 5, 21, 6], [22, 14, 23, 13], [24, 18, 1, 17], [2, 7, 3, 8], [4, 21, 5, 22], [6, 12, 7, 11], [8, 23, 9, 24], [10, 15, 11, 16], [12, 4, 13, 3], [14, 20, 15, 19], [16, 2, 17, 1], [18, 9, 19, 10]]"
12a_1102_153,"[[18, 9, 19, 10], [20, 5, 21, 6], [22, 14, 23, 13], [24, 18, 1, 17], [2, 7, 3, 8], [4, 21, 5, 22], [6, 12, 7, 11], [8, 23, 9, 24], [10, 15, 11, 16], [12, 4, 13, 3], [14, 20, 15, 19], [16, 2, 17, 1]]"
12a_1102_154,"[[16, 2, 17, 1], [18, 9, 19, 10], [20, 5, 21, 6], [22, 14, 23, 13], [24, 18, 1, 17], [2, 7, 3, 8], [4, 21, 5, 22], [6, 12, 7, 11], [8, 23, 9, 24], [10, 15, 11, 16], [12, 4, 13, 3], [14, 20, 15, 19]]"
12a_1102_155,"[[14, 20, 15, 19], [16, 2, 17, 1], [18, 9, 19, 10], [20, 5, 21, 6], [22, 14, 23, 13], [24, 18, 1, 17], [2, 7, 3, 8], [4, 21, 5, 22], [6, 12, 7, 11], [8, 23, 9, 24], [10, 15, 11, 16], [12, 4, 13, 3]]"
12a_1102_156,"[[13, 5, 14, 4], [15, 21, 16, 20], [17, 3, 18, 2], [19, 10, 20, 11], [21, 6, 22, 7], [23, 15, 24, 14], [1, 19, 2, 18], [3, 8, 4, 9], [5, 22, 6, 23], [7, 13, 8, 12], [9, 24, 10, 1], [11, 16, 12, 17]]"
12a_1102_157,"[[11, 16, 12, 17], [13, 5, 14, 4], [15, 21, 16, 20], [17, 3, 18, 2], [19, 10, 20, 11], [21, 6, 22, 7], [23, 15, 24, 14], [1, 19, 2, 18], [3, 8, 4, 9], [5, 22, 6, 23], [7, 13, 8, 12], [9, 24, 10, 1]]"
12a_1102_158,"[[9, 24, 10, 1], [11, 16, 12, 17], [13, 5, 14, 4], [15, 21, 16, 20], [17, 3, 18, 2], [19, 10, 20, 11], [21, 6, 22, 7], [23, 15, 24, 14], [1, 19, 2, 18], [3, 8, 4, 9], [5, 22, 6, 23], [7, 13, 8, 12]]"
12a_1102_159,"[[7, 13, 8, 12], [9, 24, 10, 1], [11, 16, 12, 17], [13, 5, 14, 4], [15, 21, 16, 20], [17, 3, 18, 2], [19, 10, 20, 11], [21, 6, 22, 7], [23, 15, 24, 14], [1, 19, 2, 18], [3, 8, 4, 9], [5, 22, 6, 23]]"
12a_1102_160,"[[5, 22, 6, 23], [7, 13, 8, 12], [9, 24, 10, 1], [11, 16, 12, 17], [13, 5, 14, 4], [15, 21, 16, 20], [17, 3, 18, 2], [19, 10, 20, 11], [21, 6, 22, 7], [23, 15, 24, 14], [1, 19, 2, 18], [3, 8, 4, 9]]"
12a_1102_161,"[[3, 8, 4, 9], [5, 22, 6, 23], [7, 13, 8, 12], [9, 24, 10, 1], [11, 16, 12, 17], [13, 5, 14, 4], [15, 21, 16, 20], [17, 3, 18, 2], [19, 10, 20, 11], [21, 6, 22, 7], [23, 15, 24, 14], [1, 19, 2, 18]]"
12a_1102_162,"[[1, 19, 2, 18], [3, 8, 4, 9], [5, 22, 6, 23], [7, 13, 8, 12], [9, 24, 10, 1], [11, 16, 12, 17], [13, 5, 14, 4], [15, 21, 16, 20], [17, 3, 18, 2], [19, 10, 20, 11], [21, 6, 22, 7], [23, 15, 24, 14]]"
12a_1102_163,"[[23, 15, 24, 14], [1, 19, 2, 18], [3, 8, 4, 9], [5, 22, 6, 23], [7, 13, 8, 12], [9, 24, 10, 1], [11, 16, 12, 17], [13, 5, 14, 4], [15, 21, 16, 20], [17, 3, 18, 2], [19, 10, 20, 11], [21, 6, 22, 7]]"
12a_1102_164,"[[21, 6, 22, 7], [23, 15, 24, 14], [1, 19, 2, 18], [3, 8, 4, 9], [5, 22, 6, 23], [7, 13, 8, 12], [9, 24, 10, 1], [11, 16, 12, 17], [13, 5, 14, 4], [15, 21, 16, 20], [17, 3, 18, 2], [19, 10, 20, 11]]"
12a_1102_165,"[[19, 10, 20, 11], [21, 6, 22, 7], [23, 15, 24, 14], [1, 19, 2, 18], [3, 8, 4, 9], [5, 22, 6, 23], [7, 13, 8, 12], [9, 24, 10, 1], [11, 16, 12, 17], [13, 5, 14, 4], [15, 21, 16, 20], [17, 3, 18, 2]]"
12a_1102_166,"[[17, 3, 18, 2], [19, 10, 20, 11], [21, 6, 22, 7], [23, 15, 24, 14], [1, 19, 2, 18], [3, 8, 4, 9], [5, 22, 6, 23], [7, 13, 8, 12], [9, 24, 10, 1], [11, 16, 12, 17], [13, 5, 14, 4], [15, 21, 16, 20]]"
12a_1102_167,"[[15, 21, 16, 20], [17, 3, 18, 2], [19, 10, 20, 11], [21, 6, 22, 7], [23, 15, 24, 14], [1, 19, 2, 18], [3, 8, 4, 9], [5, 22, 6, 23], [7, 13, 8, 12], [9, 24, 10, 1], [11, 16, 12, 17], [13, 5, 14, 4]]"
12a_1102_168,"[[14, 6, 15, 5], [16, 22, 17, 21], [18, 4, 19, 3], [20, 11, 21, 12], [22, 7, 23, 8], [24, 16, 1, 15], [2, 20, 3, 19], [4, 9, 5, 10], [6, 23, 7, 24], [8, 14, 9, 13], [10, 1, 11, 2], [12, 17, 13, 18]]"
12a_1102_169,"[[12, 17, 13, 18], [14, 6, 15, 5], [16, 22, 17, 21], [18, 4, 19, 3], [20, 11, 21, 12], [22, 7, 23, 8], [24, 16, 1, 15], [2, 20, 3, 19], [4, 9, 5, 10], [6, 23, 7, 24], [8, 14, 9, 13], [10, 1, 11, 2]]"
12a_1102_170,"[[10, 1, 11, 2], [12, 17, 13, 18], [14, 6, 15, 5], [16, 22, 17, 21], [18, 4, 19, 3], [20, 11, 21, 12], [22, 7, 23, 8], [24, 16, 1, 15], [2, 20, 3, 19], [4, 9, 5, 10], [6, 23, 7, 24], [8, 14, 9, 13]]"
12a_1102_171,"[[8, 14, 9, 13], [10, 1, 11, 2], [12, 17, 13, 18], [14, 6, 15, 5], [16, 22, 17, 21], [18, 4, 19, 3], [20, 11, 21, 12], [22, 7, 23, 8], [24, 16, 1, 15], [2, 20, 3, 19], [4, 9, 5, 10], [6, 23, 7, 24]]"
12a_1102_172,"[[6, 23, 7, 24], [8, 14, 9, 13], [10, 1, 11, 2], [12, 17, 13, 18], [14, 6, 15, 5], [16, 22, 17, 21], [18, 4, 19, 3], [20, 11, 21, 12], [22, 7, 23, 8], [24, 16, 1, 15], [2, 20, 3, 19], [4, 9, 5, 10]]"
12a_1102_173,"[[4, 9, 5, 10], [6, 23, 7, 24], [8, 14, 9, 13], [10, 1, 11, 2], [12, 17, 13, 18], [14, 6, 15, 5], [16, 22, 17, 21], [18, 4, 19, 3], [20, 11, 21, 12], [22, 7, 23, 8], [24, 16, 1, 15], [2, 20, 3, 19]]"
12a_1102_174,"[[2, 20, 3, 19], [4, 9, 5, 10], [6, 23, 7, 24], [8, 14, 9, 13], [10, 1, 11, 2], [12, 17, 13, 18], [14, 6, 15, 5], [16, 22, 17, 21], [18, 4, 19, 3], [20, 11, 21, 12], [22, 7, 23, 8], [24, 16, 1, 15]]"
12a_1102_175,"[[24, 16, 1, 15], [2, 20, 3, 19], [4, 9, 5, 10], [6, 23, 7, 24], [8, 14, 9, 13], [10, 1, 11, 2], [12, 17, 13, 18], [14, 6, 15, 5], [16, 22, 17, 21], [18, 4, 19, 3], [20, 11, 21, 12], [22, 7, 23, 8]]"
12a_1102_176,"[[22, 7, 23, 8], [24, 16, 1, 15], [2, 20, 3, 19], [4, 9, 5, 10], [6, 23, 7, 24], [8, 14, 9, 13], [10, 1, 11, 2], [12, 17, 13, 18], [14, 6, 15, 5], [16, 22, 17, 21], [18, 4, 19, 3], [20, 11, 21, 12]]"
12a_1102_177,"[[20, 11, 21, 12], [22, 7, 23, 8], [24, 16, 1, 15], [2, 20, 3, 19], [4, 9, 5, 10], [6, 23, 7, 24], [8, 14, 9, 13], [10, 1, 11, 2], [12, 17, 13, 18], [14, 6, 15, 5], [16, 22, 17, 21], [18, 4, 19, 3]]"
12a_1102_178,"[[18, 4, 19, 3], [20, 11, 21, 12], [22, 7, 23, 8], [24, 16, 1, 15], [2, 20, 3, 19], [4, 9, 5, 10], [6, 23, 7, 24], [8, 14, 9, 13], [10, 1, 11, 2], [12, 17, 13, 18], [14, 6, 15, 5], [16, 22, 17, 21]]"
12a_1102_179,"[[16, 22, 17, 21], [18, 4, 19, 3], [20, 11, 21, 12], [22, 7, 23, 8], [24, 16, 1, 15], [2, 20, 3, 19], [4, 9, 5, 10], [6, 23, 7, 24], [8, 14, 9, 13], [10, 1, 11, 2], [12, 17, 13, 18], [14, 6, 15, 5]]"
12a_1102_180,"[[15, 7, 16, 6], [17, 23, 18, 22], [19, 5, 20, 4], [21, 12, 22, 13], [23, 8, 24, 9], [1, 17, 2, 16], [3, 21, 4, 20], [5, 10, 6, 11], [7, 24, 8, 1], [9, 15, 10, 14], [11, 2, 12, 3], [13, 18, 14, 19]]"
12a_1102_181,"[[13, 18, 14, 19], [15, 7, 16, 6], [17, 23, 18, 22], [19, 5, 20, 4], [21, 12, 22, 13], [23, 8, 24, 9], [1, 17, 2, 16], [3, 21, 4, 20], [5, 10, 6, 11], [7, 24, 8, 1], [9, 15, 10, 14], [11, 2, 12, 3]]"
12a_1102_182,"[[11, 2, 12, 3], [13, 18, 14, 19], [15, 7, 16, 6], [17, 23, 18, 22], [19, 5, 20, 4], [21, 12, 22, 13], [23, 8, 24, 9], [1, 17, 2, 16], [3, 21, 4, 20], [5, 10, 6, 11], [7, 24, 8, 1], [9, 15, 10, 14]]"
12a_1102_183,"[[9, 15, 10, 14], [11, 2, 12, 3], [13, 18, 14, 19], [15, 7, 16, 6], [17, 23, 18, 22], [19, 5, 20, 4], [21, 12, 22, 13], [23, 8, 24, 9], [1, 17, 2, 16], [3, 21, 4, 20], [5, 10, 6, 11], [7, 24, 8, 1]]"
12a_1102_184,"[[7, 24, 8, 1], [9, 15, 10, 14], [11, 2, 12, 3], [13, 18, 14, 19], [15, 7, 16, 6], [17, 23, 18, 22], [19, 5, 20, 4], [21, 12, 22, 13], [23, 8, 24, 9], [1, 17, 2, 16], [3, 21, 4, 20], [5, 10, 6, 11]]"
12a_1102_185,"[[5, 10, 6, 11], [7, 24, 8, 1], [9, 15, 10, 14], [11, 2, 12, 3], [13, 18, 14, 19], [15, 7, 16, 6], [17, 23, 18, 22], [19, 5, 20, 4], [21, 12, 22, 13], [23, 8, 24, 9], [1, 17, 2, 16], [3, 21, 4, 20]]"
