name,pd_notation
12a_0312_0,"[[24, 18, 1, 17], [2, 6, 3, 5], [4, 11, 5, 12], [6, 16, 7, 15], [8, 20, 9, 19], [10, 24, 11, 23], [12, 3, 13, 4], [14, 22, 15, 21], [16, 2, 17, 1], [18, 10, 19, 9], [20, 8, 21, 7], [22, 14, 23, 13]]"
12a_0312_1,"[[22, 14, 23, 13], [24, 18, 1, 17], [2, 6, 3, 5], [4, 11, 5, 12], [6, 16, 7, 15], [8, 20, 9, 19], [10, 24, 11, 23], [12, 3, 13, 4], [14, 22, 15, 21], [16, 2, 17, 1], [18, 10, 19, 9], [20, 8, 21, 7]]"
12a_0312_2,"[[20, 8, 21, 7], [22, 14, 23, 13], [24, 18, 1, 17], [2, 6, 3, 5], [4, 11, 5, 12], [6, 16, 7, 15], [8, 20, 9, 19], [10, 24, 11, 23], [12, 3, 13, 4], [14, 22, 15, 21], [16, 2, 17, 1], [18, 10, 19, 9]]"
12a_0312_3,"[[18, 10, 19, 9], [20, 8, 21, 7], [22, 14, 23, 13], [24, 18, 1, 17], [2, 6, 3, 5], [4, 11, 5, 12], [6, 16, 7, 15], [8, 20, 9, 19], [10, 24, 11, 23], [12, 3, 13, 4], [14, 22, 15, 21], [16, 2, 17, 1]]"
12a_0312_4,"[[16, 2, 17, 1], [18, 10, 19, 9], [20, 8, 21, 7], [22, 14, 23, 13], [24, 18, 1, 17], [2, 6, 3, 5], [4, 11, 5, 12], [6, 16, 7, 15], [8, 20, 9, 19], [10, 24, 11, 23], [12, 3, 13, 4], [14, 22, 15, 21]]"
12a_0312_5,"[[14, 22, 15, 21], [16, 2, 17, 1], [18, 10, 19, 9], [20, 8, 21, 7], [22, 14, 23, 13], [24, 18, 1, 17], [2, 6, 3, 5], [4, 11, 5, 12], [6, 16, 7, 15], [8, 20, 9, 19], [10, 24, 11, 23], [12, 3, 13, 4]]"
12a_0312_6,"[[12, 3, 13, 4], [14, 22, 15, 21], [16, 2, 17, 1], [18, 10, 19, 9], [20, 8, 21, 7], [22, 14, 23, 13], [24, 18, 1, 17], [2, 6, 3, 5], [4, 11, 5, 12], [6, 16, 7, 15], [8, 20, 9, 19], [10, 24, 11, 23]]"
12a_0312_7,"[[10, 24, 11, 23], [12, 3, 13, 4], [14, 22, 15, 21], [16, 2, 17, 1], [18, 10, 19, 9], [20, 8, 21, 7], [22, 14, 23, 13], [24, 18, 1, 17], [2, 6, 3, 5], [4, 11, 5, 12], [6, 16, 7, 15], [8, 20, 9, 19]]"
12a_0312_8,"[[8, 20, 9, 19], [10, 24, 11, 23], [12, 3, 13, 4], [14, 22, 15, 21], [16, 2, 17, 1], [18, 10, 19, 9], [20, 8, 21, 7], [22, 14, 23, 13], [24, 18, 1, 17], [2, 6, 3, 5], [4, 11, 5, 12], [6, 16, 7, 15]]"
12a_0312_9,"[[6, 16, 7, 15], [8, 20, 9, 19], [10, 24, 11, 23], [12, 3, 13, 4], [14, 22, 15, 21], [16, 2, 17, 1], [18, 10, 19, 9], [20, 8, 21, 7], [22, 14, 23, 13], [24, 18, 1, 17], [2, 6, 3, 5], [4, 11, 5, 12]]"
12a_0312_10,"[[4, 11, 5, 12], [6, 16, 7, 15], [8, 20, 9, 19], [10, 24, 11, 23], [12, 3, 13, 4], [14, 22, 15, 21], [16, 2, 17, 1], [18, 10, 19, 9], [20, 8, 21, 7], [22, 14, 23, 13], [24, 18, 1, 17], [2, 6, 3, 5]]"
12a_0312_11,"[[2, 6, 3, 5], [4, 11, 5, 12], [6, 16, 7, 15], [8, 20, 9, 19], [10, 24, 11, 23], [12, 3, 13, 4], [14, 22, 15, 21], [16, 2, 17, 1], [18, 10, 19, 9], [20, 8, 21, 7], [22, 14, 23, 13], [24, 18, 1, 17]]"
12a_0312_12,"[[1, 19, 2, 18], [3, 7, 4, 6], [5, 12, 6, 13], [7, 17, 8, 16], [9, 21, 10, 20], [11, 1, 12, 24], [13, 4, 14, 5], [15, 23, 16, 22], [17, 3, 18, 2], [19, 11, 20, 10], [21, 9, 22, 8], [23, 15, 24, 14]]"
12a_0312_13,"[[23, 15, 24, 14], [1, 19, 2, 18], [3, 7, 4, 6], [5, 12, 6, 13], [7, 17, 8, 16], [9, 21, 10, 20], [11, 1, 12, 24], [13, 4, 14, 5], [15, 23, 16, 22], [17, 3, 18, 2], [19, 11, 20, 10], [21, 9, 22, 8]]"
12a_0312_14,"[[21, 9, 22, 8], [23, 15, 24, 14], [1, 19, 2, 18], [3, 7, 4, 6], [5, 12, 6, 13], [7, 17, 8, 16], [9, 21, 10, 20], [11, 1, 12, 24], [13, 4, 14, 5], [15, 23, 16, 22], [17, 3, 18, 2], [19, 11, 20, 10]]"
12a_0312_15,"[[19, 11, 20, 10], [21, 9, 22, 8], [23, 15, 24, 14], [1, 19, 2, 18], [3, 7, 4, 6], [5, 12, 6, 13], [7, 17, 8, 16], [9, 21, 10, 20], [11, 1, 12, 24], [13, 4, 14, 5], [15, 23, 16, 22], [17, 3, 18, 2]]"
12a_0312_16,"[[17, 3, 18, 2], [19, 11, 20, 10], [21, 9, 22, 8], [23, 15, 24, 14], [1, 19, 2, 18], [3, 7, 4, 6], [5, 12, 6, 13], [7, 17, 8, 16], [9, 21, 10, 20], [11, 1, 12, 24], [13, 4, 14, 5], [15, 23, 16, 22]]"
12a_0312_17,"[[15, 23, 16, 22], [17, 3, 18, 2], [19, 11, 20, 10], [21, 9, 22, 8], [23, 15, 24, 14], [1, 19, 2, 18], [3, 7, 4, 6], [5, 12, 6, 13], [7, 17, 8, 16], [9, 21, 10, 20], [11, 1, 12, 24], [13, 4, 14, 5]]"
12a_0312_18,"[[13, 4, 14, 5], [15, 23, 16, 22], [17, 3, 18, 2], [19, 11, 20, 10], [21, 9, 22, 8], [23, 15, 24, 14], [1, 19, 2, 18], [3, 7, 4, 6], [5, 12, 6, 13], [7, 17, 8, 16], [9, 21, 10, 20], [11, 1, 12, 24]]"
12a_0312_19,"[[11, 1, 12, 24], [13, 4, 14, 5], [15, 23, 16, 22], [17, 3, 18, 2], [19, 11, 20, 10], [21, 9, 22, 8], [23, 15, 24, 14], [1, 19, 2, 18], [3, 7, 4, 6], [5, 12, 6, 13], [7, 17, 8, 16], [9, 21, 10, 20]]"
12a_0312_20,"[[9, 21, 10, 20], [11, 1, 12, 24], [13, 4, 14, 5], [15, 23, 16, 22], [17, 3, 18, 2], [19, 11, 20, 10], [21, 9, 22, 8], [23, 15, 24, 14], [1, 19, 2, 18], [3, 7, 4, 6], [5, 12, 6, 13], [7, 17, 8, 16]]"
12a_0312_21,"[[7, 17, 8, 16], [9, 21, 10, 20], [11, 1, 12, 24], [13, 4, 14, 5], [15, 23, 16, 22], [17, 3, 18, 2], [19, 11, 20, 10], [21, 9, 22, 8], [23, 15, 24, 14], [1, 19, 2, 18], [3, 7, 4, 6], [5, 12, 6, 13]]"
12a_0312_22,"[[5, 12, 6, 13], [7, 17, 8, 16], [9, 21, 10, 20], [11, 1, 12, 24], [13, 4, 14, 5], [15, 23, 16, 22], [17, 3, 18, 2], [19, 11, 20, 10], [21, 9, 22, 8], [23, 15, 24, 14], [1, 19, 2, 18], [3, 7, 4, 6]]"
12a_0312_23,"[[3, 7, 4, 6], [5, 12, 6, 13], [7, 17, 8, 16], [9, 21, 10, 20], [11, 1, 12, 24], [13, 4, 14, 5], [15, 23, 16, 22], [17, 3, 18, 2], [19, 11, 20, 10], [21, 9, 22, 8], [23, 15, 24, 14], [1, 19, 2, 18]]"
12a_0312_24,"[[2, 20, 3, 19], [4, 8, 5, 7], [6, 13, 7, 14], [8, 18, 9, 17], [10, 22, 11, 21], [12, 2, 13, 1], [14, 5, 15, 6], [16, 24, 17, 23], [18, 4, 19, 3], [20, 12, 21, 11], [22, 10, 23, 9], [24, 16, 1, 15]]"
12a_0312_25,"[[24, 16, 1, 15], [2, 20, 3, 19], [4, 8, 5, 7], [6, 13, 7, 14], [8, 18, 9, 17], [10, 22, 11, 21], [12, 2, 13, 1], [14, 5, 15, 6], [16, 24, 17, 23], [18, 4, 19, 3], [20, 12, 21, 11], [22, 10, 23, 9]]"
12a_0312_26,"[[22, 10, 23, 9], [24, 16, 1, 15], [2, 20, 3, 19], [4, 8, 5, 7], [6, 13, 7, 14], [8, 18, 9, 17], [10, 22, 11, 21], [12, 2, 13, 1], [14, 5, 15, 6], [16, 24, 17, 23], [18, 4, 19, 3], [20, 12, 21, 11]]"
12a_0312_27,"[[20, 12, 21, 11], [22, 10, 23, 9], [24, 16, 1, 15], [2, 20, 3, 19], [4, 8, 5, 7], [6, 13, 7, 14], [8, 18, 9, 17], [10, 22, 11, 21], [12, 2, 13, 1], [14, 5, 15, 6], [16, 24, 17, 23], [18, 4, 19, 3]]"
12a_0312_28,"[[18, 4, 19, 3], [20, 12, 21, 11], [22, 10, 23, 9], [24, 16, 1, 15], [2, 20, 3, 19], [4, 8, 5, 7], [6, 13, 7, 14], [8, 18, 9, 17], [10, 22, 11, 21], [12, 2, 13, 1], [14, 5, 15, 6], [16, 24, 17, 23]]"
12a_0312_29,"[[16, 24, 17, 23], [18, 4, 19, 3], [20, 12, 21, 11], [22, 10, 23, 9], [24, 16, 1, 15], [2, 20, 3, 19], [4, 8, 5, 7], [6, 13, 7, 14], [8, 18, 9, 17], [10, 22, 11, 21], [12, 2, 13, 1], [14, 5, 15, 6]]"
12a_0312_30,"[[14, 5, 15, 6], [16, 24, 17, 23], [18, 4, 19, 3], [20, 12, 21, 11], [22, 10, 23, 9], [24, 16, 1, 15], [2, 20, 3, 19], [4, 8, 5, 7], [6, 13, 7, 14], [8, 18, 9, 17], [10, 22, 11, 21], [12, 2, 13, 1]]"
12a_0312_31,"[[12, 2, 13, 1], [14, 5, 15, 6], [16, 24, 17, 23], [18, 4, 19, 3], [20, 12, 21, 11], [22, 10, 23, 9], [24, 16, 1, 15], [2, 20, 3, 19], [4, 8, 5, 7], [6, 13, 7, 14], [8, 18, 9, 17], [10, 22, 11, 21]]"
12a_0312_32,"[[10, 22, 11, 21], [12, 2, 13, 1], [14, 5, 15, 6], [16, 24, 17, 23], [18, 4, 19, 3], [20, 12, 21, 11], [22, 10, 23, 9], [24, 16, 1, 15], [2, 20, 3, 19], [4, 8, 5, 7], [6, 13, 7, 14], [8, 18, 9, 17]]"
12a_0312_33,"[[8, 18, 9, 17], [10, 22, 11, 21], [12, 2, 13, 1], [14, 5, 15, 6], [16, 24, 17, 23], [18, 4, 19, 3], [20, 12, 21, 11], [22, 10, 23, 9], [24, 16, 1, 15], [2, 20, 3, 19], [4, 8, 5, 7], [6, 13, 7, 14]]"
12a_0312_34,"[[6, 13, 7, 14], [8, 18, 9, 17], [10, 22, 11, 21], [12, 2, 13, 1], [14, 5, 15, 6], [16, 24, 17, 23], [18, 4, 19, 3], [20, 12, 21, 11], [22, 10, 23, 9], [24, 16, 1, 15], [2, 20, 3, 19], [4, 8, 5, 7]]"
12a_0312_35,"[[4, 8, 5, 7], [6, 13, 7, 14], [8, 18, 9, 17], [10, 22, 11, 21], [12, 2, 13, 1], [14, 5, 15, 6], [16, 24, 17, 23], [18, 4, 19, 3], [20, 12, 21, 11], [22, 10, 23, 9], [24, 16, 1, 15], [2, 20, 3, 19]]"
12a_0312_36,"[[3, 21, 4, 20], [5, 9, 6, 8], [7, 14, 8, 15], [9, 19, 10, 18], [11, 23, 12, 22], [13, 3, 14, 2], [15, 6, 16, 7], [17, 1, 18, 24], [19, 5, 20, 4], [21, 13, 22, 12], [23, 11, 24, 10], [1, 17, 2, 16]]"
12a_0312_37,"[[1, 17, 2, 16], [3, 21, 4, 20], [5, 9, 6, 8], [7, 14, 8, 15], [9, 19, 10, 18], [11, 23, 12, 22], [13, 3, 14, 2], [15, 6, 16, 7], [17, 1, 18, 24], [19, 5, 20, 4], [21, 13, 22, 12], [23, 11, 24, 10]]"
12a_0312_38,"[[23, 11, 24, 10], [1, 17, 2, 16], [3, 21, 4, 20], [5, 9, 6, 8], [7, 14, 8, 15], [9, 19, 10, 18], [11, 23, 12, 22], [13, 3, 14, 2], [15, 6, 16, 7], [17, 1, 18, 24], [19, 5, 20, 4], [21, 13, 22, 12]]"
12a_0312_39,"[[21, 13, 22, 12], [23, 11, 24, 10], [1, 17, 2, 16], [3, 21, 4, 20], [5, 9, 6, 8], [7, 14, 8, 15], [9, 19, 10, 18], [11, 23, 12, 22], [13, 3, 14, 2], [15, 6, 16, 7], [17, 1, 18, 24], [19, 5, 20, 4]]"
12a_0312_40,"[[19, 5, 20, 4], [21, 13, 22, 12], [23, 11, 24, 10], [1, 17, 2, 16], [3, 21, 4, 20], [5, 9, 6, 8], [7, 14, 8, 15], [9, 19, 10, 18], [11, 23, 12, 22], [13, 3, 14, 2], [15, 6, 16, 7], [17, 1, 18, 24]]"
12a_0312_41,"[[17, 1, 18, 24], [19, 5, 20, 4], [21, 13, 22, 12], [23, 11, 24, 10], [1, 17, 2, 16], [3, 21, 4, 20], [5, 9, 6, 8], [7, 14, 8, 15], [9, 19, 10, 18], [11, 23, 12, 22], [13, 3, 14, 2], [15, 6, 16, 7]]"
12a_0312_42,"[[15, 6, 16, 7], [17, 1, 18, 24], [19, 5, 20, 4], [21, 13, 22, 12], [23, 11, 24, 10], [1, 17, 2, 16], [3, 21, 4, 20], [5, 9, 6, 8], [7, 14, 8, 15], [9, 19, 10, 18], [11, 23, 12, 22], [13, 3, 14, 2]]"
12a_0312_43,"[[13, 3, 14, 2], [15, 6, 16, 7], [17, 1, 18, 24], [19, 5, 20, 4], [21, 13, 22, 12], [23, 11, 24, 10], [1, 17, 2, 16], [3, 21, 4, 20], [5, 9, 6, 8], [7, 14, 8, 15], [9, 19, 10, 18], [11, 23, 12, 22]]"
12a_0312_44,"[[11, 23, 12, 22], [13, 3, 14, 2], [15, 6, 16, 7], [17, 1, 18, 24], [19, 5, 20, 4], [21, 13, 22, 12], [23, 11, 24, 10], [1, 17, 2, 16], [3, 21, 4, 20], [5, 9, 6, 8], [7, 14, 8, 15], [9, 19, 10, 18]]"
12a_0312_45,"[[9, 19, 10, 18], [11, 23, 12, 22], [13, 3, 14, 2], [15, 6, 16, 7], [17, 1, 18, 24], [19, 5, 20, 4], [21, 13, 22, 12], [23, 11, 24, 10], [1, 17, 2, 16], [3, 21, 4, 20], [5, 9, 6, 8], [7, 14, 8, 15]]"
12a_0312_46,"[[7, 14, 8, 15], [9, 19, 10, 18], [11, 23, 12, 22], [13, 3, 14, 2], [15, 6, 16, 7], [17, 1, 18, 24], [19, 5, 20, 4], [21, 13, 22, 12], [23, 11, 24, 10], [1, 17, 2, 16], [3, 21, 4, 20], [5, 9, 6, 8]]"
12a_0312_47,"[[5, 9, 6, 8], [7, 14, 8, 15], [9, 19, 10, 18], [11, 23, 12, 22], [13, 3, 14, 2], [15, 6, 16, 7], [17, 1, 18, 24], [19, 5, 20, 4], [21, 13, 22, 12], [23, 11, 24, 10], [1, 17, 2, 16], [3, 21, 4, 20]]"
12a_0312_48,"[[4, 22, 5, 21], [6, 10, 7, 9], [8, 15, 9, 16], [10, 20, 11, 19], [12, 24, 13, 23], [14, 4, 15, 3], [16, 7, 17, 8], [18, 2, 19, 1], [20, 6, 21, 5], [22, 14, 23, 13], [24, 12, 1, 11], [2, 18, 3, 17]]"
12a_0312_49,"[[2, 18, 3, 17], [4, 22, 5, 21], [6, 10, 7, 9], [8, 15, 9, 16], [10, 20, 11, 19], [12, 24, 13, 23], [14, 4, 15, 3], [16, 7, 17, 8], [18, 2, 19, 1], [20, 6, 21, 5], [22, 14, 23, 13], [24, 12, 1, 11]]"
12a_0312_50,"[[24, 12, 1, 11], [2, 18, 3, 17], [4, 22, 5, 21], [6, 10, 7, 9], [8, 15, 9, 16], [10, 20, 11, 19], [12, 24, 13, 23], [14, 4, 15, 3], [16, 7, 17, 8], [18, 2, 19, 1], [20, 6, 21, 5], [22, 14, 23, 13]]"
12a_0312_51,"[[22, 14, 23, 13], [24, 12, 1, 11], [2, 18, 3, 17], [4, 22, 5, 21], [6, 10, 7, 9], [8, 15, 9, 16], [10, 20, 11, 19], [12, 24, 13, 23], [14, 4, 15, 3], [16, 7, 17, 8], [18, 2, 19, 1], [20, 6, 21, 5]]"
12a_0312_52,"[[20, 6, 21, 5], [22, 14, 23, 13], [24, 12, 1, 11], [2, 18, 3, 17], [4, 22, 5, 21], [6, 10, 7, 9], [8, 15, 9, 16], [10, 20, 11, 19], [12, 24, 13, 23], [14, 4, 15, 3], [16, 7, 17, 8], [18, 2, 19, 1]]"
12a_0312_53,"[[18, 2, 19, 1], [20, 6, 21, 5], [22, 14, 23, 13], [24, 12, 1, 11], [2, 18, 3, 17], [4, 22, 5, 21], [6, 10, 7, 9], [8, 15, 9, 16], [10, 20, 11, 19], [12, 24, 13, 23], [14, 4, 15, 3], [16, 7, 17, 8]]"
12a_0312_54,"[[16, 7, 17, 8], [18, 2, 19, 1], [20, 6, 21, 5], [22, 14, 23, 13], [24, 12, 1, 11], [2, 18, 3, 17], [4, 22, 5, 21], [6, 10, 7, 9], [8, 15, 9, 16], [10, 20, 11, 19], [12, 24, 13, 23], [14, 4, 15, 3]]"
12a_0312_55,"[[14, 4, 15, 3], [16, 7, 17, 8], [18, 2, 19, 1], [20, 6, 21, 5], [22, 14, 23, 13], [24, 12, 1, 11], [2, 18, 3, 17], [4, 22, 5, 21], [6, 10, 7, 9], [8, 15, 9, 16], [10, 20, 11, 19], [12, 24, 13, 23]]"
12a_0312_56,"[[12, 24, 13, 23], [14, 4, 15, 3], [16, 7, 17, 8], [18, 2, 19, 1], [20, 6, 21, 5], [22, 14, 23, 13], [24, 12, 1, 11], [2, 18, 3, 17], [4, 22, 5, 21], [6, 10, 7, 9], [8, 15, 9, 16], [10, 20, 11, 19]]"
12a_0312_57,"[[10, 20, 11, 19], [12, 24, 13, 23], [14, 4, 15, 3], [16, 7, 17, 8], [18, 2, 19, 1], [20, 6, 21, 5], [22, 14, 23, 13], [24, 12, 1, 11], [2, 18, 3, 17], [4, 22, 5, 21], [6, 10, 7, 9], [8, 15, 9, 16]]"
12a_0312_58,"[[8, 15, 9, 16], [10, 20, 11, 19], [12, 24, 13, 23], [14, 4, 15, 3], [16, 7, 17, 8], [18, 2, 19, 1], [20, 6, 21, 5], [22, 14, 23, 13], [24, 12, 1, 11], [2, 18, 3, 17], [4, 22, 5, 21], [6, 10, 7, 9]]"
12a_0312_59,"[[6, 10, 7, 9], [8, 15, 9, 16], [10, 20, 11, 19], [12, 24, 13, 23], [14, 4, 15, 3], [16, 7, 17, 8], [18, 2, 19, 1], [20, 6, 21, 5], [22, 14, 23, 13], [24, 12, 1, 11], [2, 18, 3, 17], [4, 22, 5, 21]]"
12a_0312_60,"[[5, 23, 6, 22], [7, 11, 8, 10], [9, 16, 10, 17], [11, 21, 12, 20], [13, 1, 14, 24], [15, 5, 16, 4], [17, 8, 18, 9], [19, 3, 20, 2], [21, 7, 22, 6], [23, 15, 24, 14], [1, 13, 2, 12], [3, 19, 4, 18]]"
12a_0312_61,"[[3, 19, 4, 18], [5, 23, 6, 22], [7, 11, 8, 10], [9, 16, 10, 17], [11, 21, 12, 20], [13, 1, 14, 24], [15, 5, 16, 4], [17, 8, 18, 9], [19, 3, 20, 2], [21, 7, 22, 6], [23, 15, 24, 14], [1, 13, 2, 12]]"
12a_0312_62,"[[1, 13, 2, 12], [3, 19, 4, 18], [5, 23, 6, 22], [7, 11, 8, 10], [9, 16, 10, 17], [11, 21, 12, 20], [13, 1, 14, 24], [15, 5, 16, 4], [17, 8, 18, 9], [19, 3, 20, 2], [21, 7, 22, 6], [23, 15, 24, 14]]"
12a_0312_63,"[[23, 15, 24, 14], [1, 13, 2, 12], [3, 19, 4, 18], [5, 23, 6, 22], [7, 11, 8, 10], [9, 16, 10, 17], [11, 21, 12, 20], [13, 1, 14, 24], [15, 5, 16, 4], [17, 8, 18, 9], [19, 3, 20, 2], [21, 7, 22, 6]]"
12a_0312_64,"[[21, 7, 22, 6], [23, 15, 24, 14], [1, 13, 2, 12], [3, 19, 4, 18], [5, 23, 6, 22], [7, 11, 8, 10], [9, 16, 10, 17], [11, 21, 12, 20], [13, 1, 14, 24], [15, 5, 16, 4], [17, 8, 18, 9], [19, 3, 20, 2]]"
12a_0312_65,"[[19, 3, 20, 2], [21, 7, 22, 6], [23, 15, 24, 14], [1, 13, 2, 12], [3, 19, 4, 18], [5, 23, 6, 22], [7, 11, 8, 10], [9, 16, 10, 17], [11, 21, 12, 20], [13, 1, 14, 24], [15, 5, 16, 4], [17, 8, 18, 9]]"
12a_0312_66,"[[17, 8, 18, 9], [19, 3, 20, 2], [21, 7, 22, 6], [23, 15, 24, 14], [1, 13, 2, 12], [3, 19, 4, 18], [5, 23, 6, 22], [7, 11, 8, 10], [9, 16, 10, 17], [11, 21, 12, 20], [13, 1, 14, 24], [15, 5, 16, 4]]"
12a_0312_67,"[[15, 5, 16, 4], [17, 8, 18, 9], [19, 3, 20, 2], [21, 7, 22, 6], [23, 15, 24, 14], [1, 13, 2, 12], [3, 19, 4, 18], [5, 23, 6, 22], [7, 11, 8, 10], [9, 16, 10, 17], [11, 21, 12, 20], [13, 1, 14, 24]]"
12a_0312_68,"[[13, 1, 14, 24], [15, 5, 16, 4], [17, 8, 18, 9], [19, 3, 20, 2], [21, 7, 22, 6], [23, 15, 24, 14], [1, 13, 2, 12], [3, 19, 4, 18], [5, 23, 6, 22], [7, 11, 8, 10], [9, 16, 10, 17], [11, 21, 12, 20]]"
12a_0312_69,"[[11, 21, 12, 20], [13, 1, 14, 24], [15, 5, 16, 4], [17, 8, 18, 9], [19, 3, 20, 2], [21, 7, 22, 6], [23, 15, 24, 14], [1, 13, 2, 12], [3, 19, 4, 18], [5, 23, 6, 22], [7, 11, 8, 10], [9, 16, 10, 17]]"
12a_0312_70,"[[9, 16, 10, 17], [11, 21, 12, 20], [13, 1, 14, 24], [15, 5, 16, 4], [17, 8, 18, 9], [19, 3, 20, 2], [21, 7, 22, 6], [23, 15, 24, 14], [1, 13, 2, 12], [3, 19, 4, 18], [5, 23, 6, 22], [7, 11, 8, 10]]"
12a_0312_71,"[[7, 11, 8, 10], [9, 16, 10, 17], [11, 21, 12, 20], [13, 1, 14, 24], [15, 5, 16, 4], [17, 8, 18, 9], [19, 3, 20, 2], [21, 7, 22, 6], [23, 15, 24, 14], [1, 13, 2, 12], [3, 19, 4, 18], [5, 23, 6, 22]]"
12a_0312_72,"[[6, 24, 7, 23], [8, 12, 9, 11], [10, 17, 11, 18], [12, 22, 13, 21], [14, 2, 15, 1], [16, 6, 17, 5], [18, 9, 19, 10], [20, 4, 21, 3], [22, 8, 23, 7], [24, 16, 1, 15], [2, 14, 3, 13], [4, 20, 5, 19]]"
12a_0312_73,"[[4, 20, 5, 19], [6, 24, 7, 23], [8, 12, 9, 11], [10, 17, 11, 18], [12, 22, 13, 21], [14, 2, 15, 1], [16, 6, 17, 5], [18, 9, 19, 10], [20, 4, 21, 3], [22, 8, 23, 7], [24, 16, 1, 15], [2, 14, 3, 13]]"
12a_0312_74,"[[2, 14, 3, 13], [4, 20, 5, 19], [6, 24, 7, 23], [8, 12, 9, 11], [10, 17, 11, 18], [12, 22, 13, 21], [14, 2, 15, 1], [16, 6, 17, 5], [18, 9, 19, 10], [20, 4, 21, 3], [22, 8, 23, 7], [24, 16, 1, 15]]"
12a_0312_75,"[[24, 16, 1, 15], [2, 14, 3, 13], [4, 20, 5, 19], [6, 24, 7, 23], [8, 12, 9, 11], [10, 17, 11, 18], [12, 22, 13, 21], [14, 2, 15, 1], [16, 6, 17, 5], [18, 9, 19, 10], [20, 4, 21, 3], [22, 8, 23, 7]]"
12a_0312_76,"[[22, 8, 23, 7], [24, 16, 1, 15], [2, 14, 3, 13], [4, 20, 5, 19], [6, 24, 7, 23], [8, 12, 9, 11], [10, 17, 11, 18], [12, 22, 13, 21], [14, 2, 15, 1], [16, 6, 17, 5], [18, 9, 19, 10], [20, 4, 21, 3]]"
12a_0312_77,"[[20, 4, 21, 3], [22, 8, 23, 7], [24, 16, 1, 15], [2, 14, 3, 13], [4, 20, 5, 19], [6, 24, 7, 23], [8, 12, 9, 11], [10, 17, 11, 18], [12, 22, 13, 21], [14, 2, 15, 1], [16, 6, 17, 5], [18, 9, 19, 10]]"
12a_0312_78,"[[18, 9, 19, 10], [20, 4, 21, 3], [22, 8, 23, 7], [24, 16, 1, 15], [2, 14, 3, 13], [4, 20, 5, 19], [6, 24, 7, 23], [8, 12, 9, 11], [10, 17, 11, 18], [12, 22, 13, 21], [14, 2, 15, 1], [16, 6, 17, 5]]"
12a_0312_79,"[[16, 6, 17, 5], [18, 9, 19, 10], [20, 4, 21, 3], [22, 8, 23, 7], [24, 16, 1, 15], [2, 14, 3, 13], [4, 20, 5, 19], [6, 24, 7, 23], [8, 12, 9, 11], [10, 17, 11, 18], [12, 22, 13, 21], [14, 2, 15, 1]]"
12a_0312_80,"[[14, 2, 15, 1], [16, 6, 17, 5], [18, 9, 19, 10], [20, 4, 21, 3], [22, 8, 23, 7], [24, 16, 1, 15], [2, 14, 3, 13], [4, 20, 5, 19], [6, 24, 7, 23], [8, 12, 9, 11], [10, 17, 11, 18], [12, 22, 13, 21]]"
12a_0312_81,"[[12, 22, 13, 21], [14, 2, 15, 1], [16, 6, 17, 5], [18, 9, 19, 10], [20, 4, 21, 3], [22, 8, 23, 7], [24, 16, 1, 15], [2, 14, 3, 13], [4, 20, 5, 19], [6, 24, 7, 23], [8, 12, 9, 11], [10, 17, 11, 18]]"
12a_0312_82,"[[10, 17, 11, 18], [12, 22, 13, 21], [14, 2, 15, 1], [16, 6, 17, 5], [18, 9, 19, 10], [20, 4, 21, 3], [22, 8, 23, 7], [24, 16, 1, 15], [2, 14, 3, 13], [4, 20, 5, 19], [6, 24, 7, 23], [8, 12, 9, 11]]"
12a_0312_83,"[[8, 12, 9, 11], [10, 17, 11, 18], [12, 22, 13, 21], [14, 2, 15, 1], [16, 6, 17, 5], [18, 9, 19, 10], [20, 4, 21, 3], [22, 8, 23, 7], [24, 16, 1, 15], [2, 14, 3, 13], [4, 20, 5, 19], [6, 24, 7, 23]]"
12a_0312_84,"[[7, 1, 8, 24], [9, 13, 10, 12], [11, 18, 12, 19], [13, 23, 14, 22], [15, 3, 16, 2], [17, 7, 18, 6], [19, 10, 20, 11], [21, 5, 22, 4], [23, 9, 24, 8], [1, 17, 2, 16], [3, 15, 4, 14], [5, 21, 6, 20]]"
12a_0312_85,"[[5, 21, 6, 20], [7, 1, 8, 24], [9, 13, 10, 12], [11, 18, 12, 19], [13, 23, 14, 22], [15, 3, 16, 2], [17, 7, 18, 6], [19, 10, 20, 11], [21, 5, 22, 4], [23, 9, 24, 8], [1, 17, 2, 16], [3, 15, 4, 14]]"
12a_0312_86,"[[3, 15, 4, 14], [5, 21, 6, 20], [7, 1, 8, 24], [9, 13, 10, 12], [11, 18, 12, 19], [13, 23, 14, 22], [15, 3, 16, 2], [17, 7, 18, 6], [19, 10, 20, 11], [21, 5, 22, 4], [23, 9, 24, 8], [1, 17, 2, 16]]"
12a_0312_87,"[[1, 17, 2, 16], [3, 15, 4, 14], [5, 21, 6, 20], [7, 1, 8, 24], [9, 13, 10, 12], [11, 18, 12, 19], [13, 23, 14, 22], [15, 3, 16, 2], [17, 7, 18, 6], [19, 10, 20, 11], [21, 5, 22, 4], [23, 9, 24, 8]]"
12a_0312_88,"[[23, 9, 24, 8], [1, 17, 2, 16], [3, 15, 4, 14], [5, 21, 6, 20], [7, 1, 8, 24], [9, 13, 10, 12], [11, 18, 12, 19], [13, 23, 14, 22], [15, 3, 16, 2], [17, 7, 18, 6], [19, 10, 20, 11], [21, 5, 22, 4]]"
12a_0312_89,"[[21, 5, 22, 4], [23, 9, 24, 8], [1, 17, 2, 16], [3, 15, 4, 14], [5, 21, 6, 20], [7, 1, 8, 24], [9, 13, 10, 12], [11, 18, 12, 19], [13, 23, 14, 22], [15, 3, 16, 2], [17, 7, 18, 6], [19, 10, 20, 11]]"
12a_0312_90,"[[19, 10, 20, 11], [21, 5, 22, 4], [23, 9, 24, 8], [1, 17, 2, 16], [3, 15, 4, 14], [5, 21, 6, 20], [7, 1, 8, 24], [9, 13, 10, 12], [11, 18, 12, 19], [13, 23, 14, 22], [15, 3, 16, 2], [17, 7, 18, 6]]"
12a_0312_91,"[[17, 7, 18, 6], [19, 10, 20, 11], [21, 5, 22, 4], [23, 9, 24, 8], [1, 17, 2, 16], [3, 15, 4, 14], [5, 21, 6, 20], [7, 1, 8, 24], [9, 13, 10, 12], [11, 18, 12, 19], [13, 23, 14, 22], [15, 3, 16, 2]]"
12a_0312_92,"[[15, 3, 16, 2], [17, 7, 18, 6], [19, 10, 20, 11], [21, 5, 22, 4], [23, 9, 24, 8], [1, 17, 2, 16], [3, 15, 4, 14], [5, 21, 6, 20], [7, 1, 8, 24], [9, 13, 10, 12], [11, 18, 12, 19], [13, 23, 14, 22]]"
12a_0312_93,"[[13, 23, 14, 22], [15, 3, 16, 2], [17, 7, 18, 6], [19, 10, 20, 11], [21, 5, 22, 4], [23, 9, 24, 8], [1, 17, 2, 16], [3, 15, 4, 14], [5, 21, 6, 20], [7, 1, 8, 24], [9, 13, 10, 12], [11, 18, 12, 19]]"
12a_0312_94,"[[11, 18, 12, 19], [13, 23, 14, 22], [15, 3, 16, 2], [17, 7, 18, 6], [19, 10, 20, 11], [21, 5, 22, 4], [23, 9, 24, 8], [1, 17, 2, 16], [3, 15, 4, 14], [5, 21, 6, 20], [7, 1, 8, 24], [9, 13, 10, 12]]"
12a_0312_95,"[[9, 13, 10, 12], [11, 18, 12, 19], [13, 23, 14, 22], [15, 3, 16, 2], [17, 7, 18, 6], [19, 10, 20, 11], [21, 5, 22, 4], [23, 9, 24, 8], [1, 17, 2, 16], [3, 15, 4, 14], [5, 21, 6, 20], [7, 1, 8, 24]]"
12a_0312_96,"[[8, 2, 9, 1], [10, 14, 11, 13], [12, 19, 13, 20], [14, 24, 15, 23], [16, 4, 17, 3], [18, 8, 19, 7], [20, 11, 21, 12], [22, 6, 23, 5], [24, 10, 1, 9], [2, 18, 3, 17], [4, 16, 5, 15], [6, 22, 7, 21]]"
12a_0312_97,"[[6, 22, 7, 21], [8, 2, 9, 1], [10, 14, 11, 13], [12, 19, 13, 20], [14, 24, 15, 23], [16, 4, 17, 3], [18, 8, 19, 7], [20, 11, 21, 12], [22, 6, 23, 5], [24, 10, 1, 9], [2, 18, 3, 17], [4, 16, 5, 15]]"
12a_0312_98,"[[4, 16, 5, 15], [6, 22, 7, 21], [8, 2, 9, 1], [10, 14, 11, 13], [12, 19, 13, 20], [14, 24, 15, 23], [16, 4, 17, 3], [18, 8, 19, 7], [20, 11, 21, 12], [22, 6, 23, 5], [24, 10, 1, 9], [2, 18, 3, 17]]"
12a_0312_99,"[[2, 18, 3, 17], [4, 16, 5, 15], [6, 22, 7, 21], [8, 2, 9, 1], [10, 14, 11, 13], [12, 19, 13, 20], [14, 24, 15, 23], [16, 4, 17, 3], [18, 8, 19, 7], [20, 11, 21, 12], [22, 6, 23, 5], [24, 10, 1, 9]]"
12a_0312_100,"[[24, 10, 1, 9], [2, 18, 3, 17], [4, 16, 5, 15], [6, 22, 7, 21], [8, 2, 9, 1], [10, 14, 11, 13], [12, 19, 13, 20], [14, 24, 15, 23], [16, 4, 17, 3], [18, 8, 19, 7], [20, 11, 21, 12], [22, 6, 23, 5]]"
12a_0312_101,"[[22, 6, 23, 5], [24, 10, 1, 9], [2, 18, 3, 17], [4, 16, 5, 15], [6, 22, 7, 21], [8, 2, 9, 1], [10, 14, 11, 13], [12, 19, 13, 20], [14, 24, 15, 23], [16, 4, 17, 3], [18, 8, 19, 7], [20, 11, 21, 12]]"
12a_0312_102,"[[20, 11, 21, 12], [22, 6, 23, 5], [24, 10, 1, 9], [2, 18, 3, 17], [4, 16, 5, 15], [6, 22, 7, 21], [8, 2, 9, 1], [10, 14, 11, 13], [12, 19, 13, 20], [14, 24, 15, 23], [16, 4, 17, 3], [18, 8, 19, 7]]"
12a_0312_103,"[[18, 8, 19, 7], [20, 11, 21, 12], [22, 6, 23, 5], [24, 10, 1, 9], [2, 18, 3, 17], [4, 16, 5, 15], [6, 22, 7, 21], [8, 2, 9, 1], [10, 14, 11, 13], [12, 19, 13, 20], [14, 24, 15, 23], [16, 4, 17, 3]]"
12a_0312_104,"[[16, 4, 17, 3], [18, 8, 19, 7], [20, 11, 21, 12], [22, 6, 23, 5], [24, 10, 1, 9], [2, 18, 3, 17], [4, 16, 5, 15], [6, 22, 7, 21], [8, 2, 9, 1], [10, 14, 11, 13], [12, 19, 13, 20], [14, 24, 15, 23]]"
12a_0312_105,"[[14, 24, 15, 23], [16, 4, 17, 3], [18, 8, 19, 7], [20, 11, 21, 12], [22, 6, 23, 5], [24, 10, 1, 9], [2, 18, 3, 17], [4, 16, 5, 15], [6, 22, 7, 21], [8, 2, 9, 1], [10, 14, 11, 13], [12, 19, 13, 20]]"
12a_0312_106,"[[12, 19, 13, 20], [14, 24, 15, 23], [16, 4, 17, 3], [18, 8, 19, 7], [20, 11, 21, 12], [22, 6, 23, 5], [24, 10, 1, 9], [2, 18, 3, 17], [4, 16, 5, 15], [6, 22, 7, 21], [8, 2, 9, 1], [10, 14, 11, 13]]"
12a_0312_107,"[[10, 14, 11, 13], [12, 19, 13, 20], [14, 24, 15, 23], [16, 4, 17, 3], [18, 8, 19, 7], [20, 11, 21, 12], [22, 6, 23, 5], [24, 10, 1, 9], [2, 18, 3, 17], [4, 16, 5, 15], [6, 22, 7, 21], [8, 2, 9, 1]]"
12a_0312_108,"[[9, 3, 10, 2], [11, 15, 12, 14], [13, 20, 14, 21], [15, 1, 16, 24], [17, 5, 18, 4], [19, 9, 20, 8], [21, 12, 22, 13], [23, 7, 24, 6], [1, 11, 2, 10], [3, 19, 4, 18], [5, 17, 6, 16], [7, 23, 8, 22]]"
12a_0312_109,"[[7, 23, 8, 22], [9, 3, 10, 2], [11, 15, 12, 14], [13, 20, 14, 21], [15, 1, 16, 24], [17, 5, 18, 4], [19, 9, 20, 8], [21, 12, 22, 13], [23, 7, 24, 6], [1, 11, 2, 10], [3, 19, 4, 18], [5, 17, 6, 16]]"
12a_0312_110,"[[5, 17, 6, 16], [7, 23, 8, 22], [9, 3, 10, 2], [11, 15, 12, 14], [13, 20, 14, 21], [15, 1, 16, 24], [17, 5, 18, 4], [19, 9, 20, 8], [21, 12, 22, 13], [23, 7, 24, 6], [1, 11, 2, 10], [3, 19, 4, 18]]"
12a_0312_111,"[[3, 19, 4, 18], [5, 17, 6, 16], [7, 23, 8, 22], [9, 3, 10, 2], [11, 15, 12, 14], [13, 20, 14, 21], [15, 1, 16, 24], [17, 5, 18, 4], [19, 9, 20, 8], [21, 12, 22, 13], [23, 7, 24, 6], [1, 11, 2, 10]]"
12a_0312_112,"[[1, 11, 2, 10], [3, 19, 4, 18], [5, 17, 6, 16], [7, 23, 8, 22], [9, 3, 10, 2], [11, 15, 12, 14], [13, 20, 14, 21], [15, 1, 16, 24], [17, 5, 18, 4], [19, 9, 20, 8], [21, 12, 22, 13], [23, 7, 24, 6]]"
12a_0312_113,"[[23, 7, 24, 6], [1, 11, 2, 10], [3, 19, 4, 18], [5, 17, 6, 16], [7, 23, 8, 22], [9, 3, 10, 2], [11, 15, 12, 14], [13, 20, 14, 21], [15, 1, 16, 24], [17, 5, 18, 4], [19, 9, 20, 8], [21, 12, 22, 13]]"
12a_0312_114,"[[21, 12, 22, 13], [23, 7, 24, 6], [1, 11, 2, 10], [3, 19, 4, 18], [5, 17, 6, 16], [7, 23, 8, 22], [9, 3, 10, 2], [11, 15, 12, 14], [13, 20, 14, 21], [15, 1, 16, 24], [17, 5, 18, 4], [19, 9, 20, 8]]"
12a_0312_115,"[[19, 9, 20, 8], [21, 12, 22, 13], [23, 7, 24, 6], [1, 11, 2, 10], [3, 19, 4, 18], [5, 17, 6, 16], [7, 23, 8, 22], [9, 3, 10, 2], [11, 15, 12, 14], [13, 20, 14, 21], [15, 1, 16, 24], [17, 5, 18, 4]]"
12a_0312_116,"[[17, 5, 18, 4], [19, 9, 20, 8], [21, 12, 22, 13], [23, 7, 24, 6], [1, 11, 2, 10], [3, 19, 4, 18], [5, 17, 6, 16], [7, 23, 8, 22], [9, 3, 10, 2], [11, 15, 12, 14], [13, 20, 14, 21], [15, 1, 16, 24]]"
12a_0312_117,"[[15, 1, 16, 24], [17, 5, 18, 4], [19, 9, 20, 8], [21, 12, 22, 13], [23, 7, 24, 6], [1, 11, 2, 10], [3, 19, 4, 18], [5, 17, 6, 16], [7, 23, 8, 22], [9, 3, 10, 2], [11, 15, 12, 14], [13, 20, 14, 21]]"
12a_0312_118,"[[13, 20, 14, 21], [15, 1, 16, 24], [17, 5, 18, 4], [19, 9, 20, 8], [21, 12, 22, 13], [23, 7, 24, 6], [1, 11, 2, 10], [3, 19, 4, 18], [5, 17, 6, 16], [7, 23, 8, 22], [9, 3, 10, 2], [11, 15, 12, 14]]"
12a_0312_119,"[[11, 15, 12, 14], [13, 20, 14, 21], [15, 1, 16, 24], [17, 5, 18, 4], [19, 9, 20, 8], [21, 12, 22, 13], [23, 7, 24, 6], [1, 11, 2, 10], [3, 19, 4, 18], [5, 17, 6, 16], [7, 23, 8, 22], [9, 3, 10, 2]]"
12a_0312_120,"[[10, 4, 11, 3], [12, 16, 13, 15], [14, 21, 15, 22], [16, 2, 17, 1], [18, 6, 19, 5], [20, 10, 21, 9], [22, 13, 23, 14], [24, 8, 1, 7], [2, 12, 3, 11], [4, 20, 5, 19], [6, 18, 7, 17], [8, 24, 9, 23]]"
12a_0312_121,"[[8, 24, 9, 23], [10, 4, 11, 3], [12, 16, 13, 15], [14, 21, 15, 22], [16, 2, 17, 1], [18, 6, 19, 5], [20, 10, 21, 9], [22, 13, 23, 14], [24, 8, 1, 7], [2, 12, 3, 11], [4, 20, 5, 19], [6, 18, 7, 17]]"
12a_0312_122,"[[6, 18, 7, 17], [8, 24, 9, 23], [10, 4, 11, 3], [12, 16, 13, 15], [14, 21, 15, 22], [16, 2, 17, 1], [18, 6, 19, 5], [20, 10, 21, 9], [22, 13, 23, 14], [24, 8, 1, 7], [2, 12, 3, 11], [4, 20, 5, 19]]"
12a_0312_123,"[[4, 20, 5, 19], [6, 18, 7, 17], [8, 24, 9, 23], [10, 4, 11, 3], [12, 16, 13, 15], [14, 21, 15, 22], [16, 2, 17, 1], [18, 6, 19, 5], [20, 10, 21, 9], [22, 13, 23, 14], [24, 8, 1, 7], [2, 12, 3, 11]]"
12a_0312_124,"[[2, 12, 3, 11], [4, 20, 5, 19], [6, 18, 7, 17], [8, 24, 9, 23], [10, 4, 11, 3], [12, 16, 13, 15], [14, 21, 15, 22], [16, 2, 17, 1], [18, 6, 19, 5], [20, 10, 21, 9], [22, 13, 23, 14], [24, 8, 1, 7]]"
12a_0312_125,"[[24, 8, 1, 7], [2, 12, 3, 11], [4, 20, 5, 19], [6, 18, 7, 17], [8, 24, 9, 23], [10, 4, 11, 3], [12, 16, 13, 15], [14, 21, 15, 22], [16, 2, 17, 1], [18, 6, 19, 5], [20, 10, 21, 9], [22, 13, 23, 14]]"
12a_0312_126,"[[22, 13, 23, 14], [24, 8, 1, 7], [2, 12, 3, 11], [4, 20, 5, 19], [6, 18, 7, 17], [8, 24, 9, 23], [10, 4, 11, 3], [12, 16, 13, 15], [14, 21, 15, 22], [16, 2, 17, 1], [18, 6, 19, 5], [20, 10, 21, 9]]"
12a_0312_127,"[[20, 10, 21, 9], [22, 13, 23, 14], [24, 8, 1, 7], [2, 12, 3, 11], [4, 20, 5, 19], [6, 18, 7, 17], [8, 24, 9, 23], [10, 4, 11, 3], [12, 16, 13, 15], [14, 21, 15, 22], [16, 2, 17, 1], [18, 6, 19, 5]]"
12a_0312_128,"[[18, 6, 19, 5], [20, 10, 21, 9], [22, 13, 23, 14], [24, 8, 1, 7], [2, 12, 3, 11], [4, 20, 5, 19], [6, 18, 7, 17], [8, 24, 9, 23], [10, 4, 11, 3], [12, 16, 13, 15], [14, 21, 15, 22], [16, 2, 17, 1]]"
12a_0312_129,"[[16, 2, 17, 1], [18, 6, 19, 5], [20, 10, 21, 9], [22, 13, 23, 14], [24, 8, 1, 7], [2, 12, 3, 11], [4, 20, 5, 19], [6, 18, 7, 17], [8, 24, 9, 23], [10, 4, 11, 3], [12, 16, 13, 15], [14, 21, 15, 22]]"
12a_0312_130,"[[14, 21, 15, 22], [16, 2, 17, 1], [18, 6, 19, 5], [20, 10, 21, 9], [22, 13, 23, 14], [24, 8, 1, 7], [2, 12, 3, 11], [4, 20, 5, 19], [6, 18, 7, 17], [8, 24, 9, 23], [10, 4, 11, 3], [12, 16, 13, 15]]"
12a_0312_131,"[[12, 16, 13, 15], [14, 21, 15, 22], [16, 2, 17, 1], [18, 6, 19, 5], [20, 10, 21, 9], [22, 13, 23, 14], [24, 8, 1, 7], [2, 12, 3, 11], [4, 20, 5, 19], [6, 18, 7, 17], [8, 24, 9, 23], [10, 4, 11, 3]]"
12a_0312_132,"[[11, 5, 12, 4], [13, 17, 14, 16], [15, 22, 16, 23], [17, 3, 18, 2], [19, 7, 20, 6], [21, 11, 22, 10], [23, 14, 24, 15], [1, 9, 2, 8], [3, 13, 4, 12], [5, 21, 6, 20], [7, 19, 8, 18], [9, 1, 10, 24]]"
12a_0312_133,"[[9, 1, 10, 24], [11, 5, 12, 4], [13, 17, 14, 16], [15, 22, 16, 23], [17, 3, 18, 2], [19, 7, 20, 6], [21, 11, 22, 10], [23, 14, 24, 15], [1, 9, 2, 8], [3, 13, 4, 12], [5, 21, 6, 20], [7, 19, 8, 18]]"
12a_0312_134,"[[7, 19, 8, 18], [9, 1, 10, 24], [11, 5, 12, 4], [13, 17, 14, 16], [15, 22, 16, 23], [17, 3, 18, 2], [19, 7, 20, 6], [21, 11, 22, 10], [23, 14, 24, 15], [1, 9, 2, 8], [3, 13, 4, 12], [5, 21, 6, 20]]"
12a_0312_135,"[[5, 21, 6, 20], [7, 19, 8, 18], [9, 1, 10, 24], [11, 5, 12, 4], [13, 17, 14, 16], [15, 22, 16, 23], [17, 3, 18, 2], [19, 7, 20, 6], [21, 11, 22, 10], [23, 14, 24, 15], [1, 9, 2, 8], [3, 13, 4, 12]]"
12a_0312_136,"[[3, 13, 4, 12], [5, 21, 6, 20], [7, 19, 8, 18], [9, 1, 10, 24], [11, 5, 12, 4], [13, 17, 14, 16], [15, 22, 16, 23], [17, 3, 18, 2], [19, 7, 20, 6], [21, 11, 22, 10], [23, 14, 24, 15], [1, 9, 2, 8]]"
12a_0312_137,"[[1, 9, 2, 8], [3, 13, 4, 12], [5, 21, 6, 20], [7, 19, 8, 18], [9, 1, 10, 24], [11, 5, 12, 4], [13, 17, 14, 16], [15, 22, 16, 23], [17, 3, 18, 2], [19, 7, 20, 6], [21, 11, 22, 10], [23, 14, 24, 15]]"
12a_0312_138,"[[23, 14, 24, 15], [1, 9, 2, 8], [3, 13, 4, 12], [5, 21, 6, 20], [7, 19, 8, 18], [9, 1, 10, 24], [11, 5, 12, 4], [13, 17, 14, 16], [15, 22, 16, 23], [17, 3, 18, 2], [19, 7, 20, 6], [21, 11, 22, 10]]"
12a_0312_139,"[[21, 11, 22, 10], [23, 14, 24, 15], [1, 9, 2, 8], [3, 13, 4, 12], [5, 21, 6, 20], [7, 19, 8, 18], [9, 1, 10, 24], [11, 5, 12, 4], [13, 17, 14, 16], [15, 22, 16, 23], [17, 3, 18, 2], [19, 7, 20, 6]]"
12a_0312_140,"[[19, 7, 20, 6], [21, 11, 22, 10], [23, 14, 24, 15], [1, 9, 2, 8], [3, 13, 4, 12], [5, 21, 6, 20], [7, 19, 8, 18], [9, 1, 10, 24], [11, 5, 12, 4], [13, 17, 14, 16], [15, 22, 16, 23], [17, 3, 18, 2]]"
12a_0312_141,"[[17, 3, 18, 2], [19, 7, 20, 6], [21, 11, 22, 10], [23, 14, 24, 15], [1, 9, 2, 8], [3, 13, 4, 12], [5, 21, 6, 20], [7, 19, 8, 18], [9, 1, 10, 24], [11, 5, 12, 4], [13, 17, 14, 16], [15, 22, 16, 23]]"
12a_0312_142,"[[15, 22, 16, 23], [17, 3, 18, 2], [19, 7, 20, 6], [21, 11, 22, 10], [23, 14, 24, 15], [1, 9, 2, 8], [3, 13, 4, 12], [5, 21, 6, 20], [7, 19, 8, 18], [9, 1, 10, 24], [11, 5, 12, 4], [13, 17, 14, 16]]"
12a_0312_143,"[[13, 17, 14, 16], [15, 22, 16, 23], [17, 3, 18, 2], [19, 7, 20, 6], [21, 11, 22, 10], [23, 14, 24, 15], [1, 9, 2, 8], [3, 13, 4, 12], [5, 21, 6, 20], [7, 19, 8, 18], [9, 1, 10, 24], [11, 5, 12, 4]]"
12a_0312_144,"[[12, 6, 13, 5], [14, 18, 15, 17], [16, 23, 17, 24], [18, 4, 19, 3], [20, 8, 21, 7], [22, 12, 23, 11], [24, 15, 1, 16], [2, 10, 3, 9], [4, 14, 5, 13], [6, 22, 7, 21], [8, 20, 9, 19], [10, 2, 11, 1]]"
12a_0312_145,"[[10, 2, 11, 1], [12, 6, 13, 5], [14, 18, 15, 17], [16, 23, 17, 24], [18, 4, 19, 3], [20, 8, 21, 7], [22, 12, 23, 11], [24, 15, 1, 16], [2, 10, 3, 9], [4, 14, 5, 13], [6, 22, 7, 21], [8, 20, 9, 19]]"
12a_0312_146,"[[8, 20, 9, 19], [10, 2, 11, 1], [12, 6, 13, 5], [14, 18, 15, 17], [16, 23, 17, 24], [18, 4, 19, 3], [20, 8, 21, 7], [22, 12, 23, 11], [24, 15, 1, 16], [2, 10, 3, 9], [4, 14, 5, 13], [6, 22, 7, 21]]"
12a_0312_147,"[[6, 22, 7, 21], [8, 20, 9, 19], [10, 2, 11, 1], [12, 6, 13, 5], [14, 18, 15, 17], [16, 23, 17, 24], [18, 4, 19, 3], [20, 8, 21, 7], [22, 12, 23, 11], [24, 15, 1, 16], [2, 10, 3, 9], [4, 14, 5, 13]]"
12a_0312_148,"[[4, 14, 5, 13], [6, 22, 7, 21], [8, 20, 9, 19], [10, 2, 11, 1], [12, 6, 13, 5], [14, 18, 15, 17], [16, 23, 17, 24], [18, 4, 19, 3], [20, 8, 21, 7], [22, 12, 23, 11], [24, 15, 1, 16], [2, 10, 3, 9]]"
12a_0312_149,"[[2, 10, 3, 9], [4, 14, 5, 13], [6, 22, 7, 21], [8, 20, 9, 19], [10, 2, 11, 1], [12, 6, 13, 5], [14, 18, 15, 17], [16, 23, 17, 24], [18, 4, 19, 3], [20, 8, 21, 7], [22, 12, 23, 11], [24, 15, 1, 16]]"
12a_0312_150,"[[24, 15, 1, 16], [2, 10, 3, 9], [4, 14, 5, 13], [6, 22, 7, 21], [8, 20, 9, 19], [10, 2, 11, 1], [12, 6, 13, 5], [14, 18, 15, 17], [16, 23, 17, 24], [18, 4, 19, 3], [20, 8, 21, 7], [22, 12, 23, 11]]"
12a_0312_151,"[[22, 12, 23, 11], [24, 15, 1, 16], [2, 10, 3, 9], [4, 14, 5, 13], [6, 22, 7, 21], [8, 20, 9, 19], [10, 2, 11, 1], [12, 6, 13, 5], [14, 18, 15, 17], [16, 23, 17, 24], [18, 4, 19, 3], [20, 8, 21, 7]]"
12a_0312_152,"[[20, 8, 21, 7], [22, 12, 23, 11], [24, 15, 1, 16], [2, 10, 3, 9], [4, 14, 5, 13], [6, 22, 7, 21], [8, 20, 9, 19], [10, 2, 11, 1], [12, 6, 13, 5], [14, 18, 15, 17], [16, 23, 17, 24], [18, 4, 19, 3]]"
12a_0312_153,"[[18, 4, 19, 3], [20, 8, 21, 7], [22, 12, 23, 11], [24, 15, 1, 16], [2, 10, 3, 9], [4, 14, 5, 13], [6, 22, 7, 21], [8, 20, 9, 19], [10, 2, 11, 1], [12, 6, 13, 5], [14, 18, 15, 17], [16, 23, 17, 24]]"
12a_0312_154,"[[16, 23, 17, 24], [18, 4, 19, 3], [20, 8, 21, 7], [22, 12, 23, 11], [24, 15, 1, 16], [2, 10, 3, 9], [4, 14, 5, 13], [6, 22, 7, 21], [8, 20, 9, 19], [10, 2, 11, 1], [12, 6, 13, 5], [14, 18, 15, 17]]"
12a_0312_155,"[[14, 18, 15, 17], [16, 23, 17, 24], [18, 4, 19, 3], [20, 8, 21, 7], [22, 12, 23, 11], [24, 15, 1, 16], [2, 10, 3, 9], [4, 14, 5, 13], [6, 22, 7, 21], [8, 20, 9, 19], [10, 2, 11, 1], [12, 6, 13, 5]]"
12a_0312_156,"[[13, 7, 14, 6], [15, 19, 16, 18], [17, 24, 18, 1], [19, 5, 20, 4], [21, 9, 22, 8], [23, 13, 24, 12], [1, 16, 2, 17], [3, 11, 4, 10], [5, 15, 6, 14], [7, 23, 8, 22], [9, 21, 10, 20], [11, 3, 12, 2]]"
12a_0312_157,"[[11, 3, 12, 2], [13, 7, 14, 6], [15, 19, 16, 18], [17, 24, 18, 1], [19, 5, 20, 4], [21, 9, 22, 8], [23, 13, 24, 12], [1, 16, 2, 17], [3, 11, 4, 10], [5, 15, 6, 14], [7, 23, 8, 22], [9, 21, 10, 20]]"
12a_0312_158,"[[9, 21, 10, 20], [11, 3, 12, 2], [13, 7, 14, 6], [15, 19, 16, 18], [17, 24, 18, 1], [19, 5, 20, 4], [21, 9, 22, 8], [23, 13, 24, 12], [1, 16, 2, 17], [3, 11, 4, 10], [5, 15, 6, 14], [7, 23, 8, 22]]"
12a_0312_159,"[[7, 23, 8, 22], [9, 21, 10, 20], [11, 3, 12, 2], [13, 7, 14, 6], [15, 19, 16, 18], [17, 24, 18, 1], [19, 5, 20, 4], [21, 9, 22, 8], [23, 13, 24, 12], [1, 16, 2, 17], [3, 11, 4, 10], [5, 15, 6, 14]]"
12a_0312_160,"[[5, 15, 6, 14], [7, 23, 8, 22], [9, 21, 10, 20], [11, 3, 12, 2], [13, 7, 14, 6], [15, 19, 16, 18], [17, 24, 18, 1], [19, 5, 20, 4], [21, 9, 22, 8], [23, 13, 24, 12], [1, 16, 2, 17], [3, 11, 4, 10]]"
12a_0312_161,"[[3, 11, 4, 10], [5, 15, 6, 14], [7, 23, 8, 22], [9, 21, 10, 20], [11, 3, 12, 2], [13, 7, 14, 6], [15, 19, 16, 18], [17, 24, 18, 1], [19, 5, 20, 4], [21, 9, 22, 8], [23, 13, 24, 12], [1, 16, 2, 17]]"
12a_0312_162,"[[1, 16, 2, 17], [3, 11, 4, 10], [5, 15, 6, 14], [7, 23, 8, 22], [9, 21, 10, 20], [11, 3, 12, 2], [13, 7, 14, 6], [15, 19, 16, 18], [17, 24, 18, 1], [19, 5, 20, 4], [21, 9, 22, 8], [23, 13, 24, 12]]"
12a_0312_163,"[[23, 13, 24, 12], [1, 16, 2, 17], [3, 11, 4, 10], [5, 15, 6, 14], [7, 23, 8, 22], [9, 21, 10, 20], [11, 3, 12, 2], [13, 7, 14, 6], [15, 19, 16, 18], [17, 24, 18, 1], [19, 5, 20, 4], [21, 9, 22, 8]]"
12a_0312_164,"[[21, 9, 22, 8], [23, 13, 24, 12], [1, 16, 2, 17], [3, 11, 4, 10], [5, 15, 6, 14], [7, 23, 8, 22], [9, 21, 10, 20], [11, 3, 12, 2], [13, 7, 14, 6], [15, 19, 16, 18], [17, 24, 18, 1], [19, 5, 20, 4]]"
12a_0312_165,"[[19, 5, 20, 4], [21, 9, 22, 8], [23, 13, 24, 12], [1, 16, 2, 17], [3, 11, 4, 10], [5, 15, 6, 14], [7, 23, 8, 22], [9, 21, 10, 20], [11, 3, 12, 2], [13, 7, 14, 6], [15, 19, 16, 18], [17, 24, 18, 1]]"
12a_0312_166,"[[17, 24, 18, 1], [19, 5, 20, 4], [21, 9, 22, 8], [23, 13, 24, 12], [1, 16, 2, 17], [3, 11, 4, 10], [5, 15, 6, 14], [7, 23, 8, 22], [9, 21, 10, 20], [11, 3, 12, 2], [13, 7, 14, 6], [15, 19, 16, 18]]"
12a_0312_167,"[[15, 19, 16, 18], [17, 24, 18, 1], [19, 5, 20, 4], [21, 9, 22, 8], [23, 13, 24, 12], [1, 16, 2, 17], [3, 11, 4, 10], [5, 15, 6, 14], [7, 23, 8, 22], [9, 21, 10, 20], [11, 3, 12, 2], [13, 7, 14, 6]]"
12a_0312_168,"[[14, 8, 15, 7], [16, 20, 17, 19], [18, 1, 19, 2], [20, 6, 21, 5], [22, 10, 23, 9], [24, 14, 1, 13], [2, 17, 3, 18], [4, 12, 5, 11], [6, 16, 7, 15], [8, 24, 9, 23], [10, 22, 11, 21], [12, 4, 13, 3]]"
12a_0312_169,"[[12, 4, 13, 3], [14, 8, 15, 7], [16, 20, 17, 19], [18, 1, 19, 2], [20, 6, 21, 5], [22, 10, 23, 9], [24, 14, 1, 13], [2, 17, 3, 18], [4, 12, 5, 11], [6, 16, 7, 15], [8, 24, 9, 23], [10, 22, 11, 21]]"
12a_0312_170,"[[10, 22, 11, 21], [12, 4, 13, 3], [14, 8, 15, 7], [16, 20, 17, 19], [18, 1, 19, 2], [20, 6, 21, 5], [22, 10, 23, 9], [24, 14, 1, 13], [2, 17, 3, 18], [4, 12, 5, 11], [6, 16, 7, 15], [8, 24, 9, 23]]"
12a_0312_171,"[[8, 24, 9, 23], [10, 22, 11, 21], [12, 4, 13, 3], [14, 8, 15, 7], [16, 20, 17, 19], [18, 1, 19, 2], [20, 6, 21, 5], [22, 10, 23, 9], [24, 14, 1, 13], [2, 17, 3, 18], [4, 12, 5, 11], [6, 16, 7, 15]]"
12a_0312_172,"[[6, 16, 7, 15], [8, 24, 9, 23], [10, 22, 11, 21], [12, 4, 13, 3], [14, 8, 15, 7], [16, 20, 17, 19], [18, 1, 19, 2], [20, 6, 21, 5], [22, 10, 23, 9], [24, 14, 1, 13], [2, 17, 3, 18], [4, 12, 5, 11]]"
12a_0312_173,"[[4, 12, 5, 11], [6, 16, 7, 15], [8, 24, 9, 23], [10, 22, 11, 21], [12, 4, 13, 3], [14, 8, 15, 7], [16, 20, 17, 19], [18, 1, 19, 2], [20, 6, 21, 5], [22, 10, 23, 9], [24, 14, 1, 13], [2, 17, 3, 18]]"
12a_0312_174,"[[2, 17, 3, 18], [4, 12, 5, 11], [6, 16, 7, 15], [8, 24, 9, 23], [10, 22, 11, 21], [12, 4, 13, 3], [14, 8, 15, 7], [16, 20, 17, 19], [18, 1, 19, 2], [20, 6, 21, 5], [22, 10, 23, 9], [24, 14, 1, 13]]"
12a_0312_175,"[[24, 14, 1, 13], [2, 17, 3, 18], [4, 12, 5, 11], [6, 16, 7, 15], [8, 24, 9, 23], [10, 22, 11, 21], [12, 4, 13, 3], [14, 8, 15, 7], [16, 20, 17, 19], [18, 1, 19, 2], [20, 6, 21, 5], [22, 10, 23, 9]]"
12a_0312_176,"[[22, 10, 23, 9], [24, 14, 1, 13], [2, 17, 3, 18], [4, 12, 5, 11], [6, 16, 7, 15], [8, 24, 9, 23], [10, 22, 11, 21], [12, 4, 13, 3], [14, 8, 15, 7], [16, 20, 17, 19], [18, 1, 19, 2], [20, 6, 21, 5]]"
12a_0312_177,"[[20, 6, 21, 5], [22, 10, 23, 9], [24, 14, 1, 13], [2, 17, 3, 18], [4, 12, 5, 11], [6, 16, 7, 15], [8, 24, 9, 23], [10, 22, 11, 21], [12, 4, 13, 3], [14, 8, 15, 7], [16, 20, 17, 19], [18, 1, 19, 2]]"
12a_0312_178,"[[18, 1, 19, 2], [20, 6, 21, 5], [22, 10, 23, 9], [24, 14, 1, 13], [2, 17, 3, 18], [4, 12, 5, 11], [6, 16, 7, 15], [8, 24, 9, 23], [10, 22, 11, 21], [12, 4, 13, 3], [14, 8, 15, 7], [16, 20, 17, 19]]"
12a_0312_179,"[[16, 20, 17, 19], [18, 1, 19, 2], [20, 6, 21, 5], [22, 10, 23, 9], [24, 14, 1, 13], [2, 17, 3, 18], [4, 12, 5, 11], [6, 16, 7, 15], [8, 24, 9, 23], [10, 22, 11, 21], [12, 4, 13, 3], [14, 8, 15, 7]]"
12a_0312_180,"[[15, 9, 16, 8], [17, 21, 18, 20], [19, 2, 20, 3], [21, 7, 22, 6], [23, 11, 24, 10], [1, 15, 2, 14], [3, 18, 4, 19], [5, 13, 6, 12], [7, 17, 8, 16], [9, 1, 10, 24], [11, 23, 12, 22], [13, 5, 14, 4]]"
12a_0312_181,"[[13, 5, 14, 4], [15, 9, 16, 8], [17, 21, 18, 20], [19, 2, 20, 3], [21, 7, 22, 6], [23, 11, 24, 10], [1, 15, 2, 14], [3, 18, 4, 19], [5, 13, 6, 12], [7, 17, 8, 16], [9, 1, 10, 24], [11, 23, 12, 22]]"
12a_0312_182,"[[11, 23, 12, 22], [13, 5, 14, 4], [15, 9, 16, 8], [17, 21, 18, 20], [19, 2, 20, 3], [21, 7, 22, 6], [23, 11, 24, 10], [1, 15, 2, 14], [3, 18, 4, 19], [5, 13, 6, 12], [7, 17, 8, 16], [9, 1, 10, 24]]"
12a_0312_183,"[[9, 1, 10, 24], [11, 23, 12, 22], [13, 5, 14, 4], [15, 9, 16, 8], [17, 21, 18, 20], [19, 2, 20, 3], [21, 7, 22, 6], [23, 11, 24, 10], [1, 15, 2, 14], [3, 18, 4, 19], [5, 13, 6, 12], [7, 17, 8, 16]]"
12a_0312_184,"[[7, 17, 8, 16], [9, 1, 10, 24], [11, 23, 12, 22], [13, 5, 14, 4], [15, 9, 16, 8], [17, 21, 18, 20], [19, 2, 20, 3], [21, 7, 22, 6], [23, 11, 24, 10], [1, 15, 2, 14], [3, 18, 4, 19], [5, 13, 6, 12]]"
12a_0312_185,"[[5, 13, 6, 12], [7, 17, 8, 16], [9, 1, 10, 24], [11, 23, 12, 22], [13, 5, 14, 4], [15, 9, 16, 8], [17, 21, 18, 20], [19, 2, 20, 3], [21, 7, 22, 6], [23, 11, 24, 10], [1, 15, 2, 14], [3, 18, 4, 19]]"
