name,pd_notation
12a_0209_0,"[[24, 9, 1, 10], [2, 6, 3, 5], [4, 11, 5, 12], [6, 14, 7, 13], [8, 15, 9, 16], [10, 21, 11, 22], [12, 3, 13, 4], [14, 20, 15, 19], [16, 24, 17, 23], [18, 7, 19, 8], [20, 2, 21, 1], [22, 18, 23, 17]]"
12a_0209_1,"[[22, 18, 23, 17], [24, 9, 1, 10], [2, 6, 3, 5], [4, 11, 5, 12], [6, 14, 7, 13], [8, 15, 9, 16], [10, 21, 11, 22], [12, 3, 13, 4], [14, 20, 15, 19], [16, 24, 17, 23], [18, 7, 19, 8], [20, 2, 21, 1]]"
12a_0209_2,"[[20, 2, 21, 1], [22, 18, 23, 17], [24, 9, 1, 10], [2, 6, 3, 5], [4, 11, 5, 12], [6, 14, 7, 13], [8, 15, 9, 16], [10, 21, 11, 22], [12, 3, 13, 4], [14, 20, 15, 19], [16, 24, 17, 23], [18, 7, 19, 8]]"
12a_0209_3,"[[18, 7, 19, 8], [20, 2, 21, 1], [22, 18, 23, 17], [24, 9, 1, 10], [2, 6, 3, 5], [4, 11, 5, 12], [6, 14, 7, 13], [8, 15, 9, 16], [10, 21, 11, 22], [12, 3, 13, 4], [14, 20, 15, 19], [16, 24, 17, 23]]"
12a_0209_4,"[[16, 24, 17, 23], [18, 7, 19, 8], [20, 2, 21, 1], [22, 18, 23, 17], [24, 9, 1, 10], [2, 6, 3, 5], [4, 11, 5, 12], [6, 14, 7, 13], [8, 15, 9, 16], [10, 21, 11, 22], [12, 3, 13, 4], [14, 20, 15, 19]]"
12a_0209_5,"[[14, 20, 15, 19], [16, 24, 17, 23], [18, 7, 19, 8], [20, 2, 21, 1], [22, 18, 23, 17], [24, 9, 1, 10], [2, 6, 3, 5], [4, 11, 5, 12], [6, 14, 7, 13], [8, 15, 9, 16], [10, 21, 11, 22], [12, 3, 13, 4]]"
12a_0209_6,"[[12, 3, 13, 4], [14, 20, 15, 19], [16, 24, 17, 23], [18, 7, 19, 8], [20, 2, 21, 1], [22, 18, 23, 17], [24, 9, 1, 10], [2, 6, 3, 5], [4, 11, 5, 12], [6, 14, 7, 13], [8, 15, 9, 16], [10, 21, 11, 22]]"
12a_0209_7,"[[10, 21, 11, 22], [12, 3, 13, 4], [14, 20, 15, 19], [16, 24, 17, 23], [18, 7, 19, 8], [20, 2, 21, 1], [22, 18, 23, 17], [24, 9, 1, 10], [2, 6, 3, 5], [4, 11, 5, 12], [6, 14, 7, 13], [8, 15, 9, 16]]"
12a_0209_8,"[[8, 15, 9, 16], [10, 21, 11, 22], [12, 3, 13, 4], [14, 20, 15, 19], [16, 24, 17, 23], [18, 7, 19, 8], [20, 2, 21, 1], [22, 18, 23, 17], [24, 9, 1, 10], [2, 6, 3, 5], [4, 11, 5, 12], [6, 14, 7, 13]]"
12a_0209_9,"[[6, 14, 7, 13], [8, 15, 9, 16], [10, 21, 11, 22], [12, 3, 13, 4], [14, 20, 15, 19], [16, 24, 17, 23], [18, 7, 19, 8], [20, 2, 21, 1], [22, 18, 23, 17], [24, 9, 1, 10], [2, 6, 3, 5], [4, 11, 5, 12]]"
12a_0209_10,"[[4, 11, 5, 12], [6, 14, 7, 13], [8, 15, 9, 16], [10, 21, 11, 22], [12, 3, 13, 4], [14, 20, 15, 19], [16, 24, 17, 23], [18, 7, 19, 8], [20, 2, 21, 1], [22, 18, 23, 17], [24, 9, 1, 10], [2, 6, 3, 5]]"
12a_0209_11,"[[2, 6, 3, 5], [4, 11, 5, 12], [6, 14, 7, 13], [8, 15, 9, 16], [10, 21, 11, 22], [12, 3, 13, 4], [14, 20, 15, 19], [16, 24, 17, 23], [18, 7, 19, 8], [20, 2, 21, 1], [22, 18, 23, 17], [24, 9, 1, 10]]"
12a_0209_12,"[[1, 10, 2, 11], [3, 7, 4, 6], [5, 12, 6, 13], [7, 15, 8, 14], [9, 16, 10, 17], [11, 22, 12, 23], [13, 4, 14, 5], [15, 21, 16, 20], [17, 1, 18, 24], [19, 8, 20, 9], [21, 3, 22, 2], [23, 19, 24, 18]]"
12a_0209_13,"[[23, 19, 24, 18], [1, 10, 2, 11], [3, 7, 4, 6], [5, 12, 6, 13], [7, 15, 8, 14], [9, 16, 10, 17], [11, 22, 12, 23], [13, 4, 14, 5], [15, 21, 16, 20], [17, 1, 18, 24], [19, 8, 20, 9], [21, 3, 22, 2]]"
12a_0209_14,"[[21, 3, 22, 2], [23, 19, 24, 18], [1, 10, 2, 11], [3, 7, 4, 6], [5, 12, 6, 13], [7, 15, 8, 14], [9, 16, 10, 17], [11, 22, 12, 23], [13, 4, 14, 5], [15, 21, 16, 20], [17, 1, 18, 24], [19, 8, 20, 9]]"
12a_0209_15,"[[19, 8, 20, 9], [21, 3, 22, 2], [23, 19, 24, 18], [1, 10, 2, 11], [3, 7, 4, 6], [5, 12, 6, 13], [7, 15, 8, 14], [9, 16, 10, 17], [11, 22, 12, 23], [13, 4, 14, 5], [15, 21, 16, 20], [17, 1, 18, 24]]"
12a_0209_16,"[[17, 1, 18, 24], [19, 8, 20, 9], [21, 3, 22, 2], [23, 19, 24, 18], [1, 10, 2, 11], [3, 7, 4, 6], [5, 12, 6, 13], [7, 15, 8, 14], [9, 16, 10, 17], [11, 22, 12, 23], [13, 4, 14, 5], [15, 21, 16, 20]]"
12a_0209_17,"[[15, 21, 16, 20], [17, 1, 18, 24], [19, 8, 20, 9], [21, 3, 22, 2], [23, 19, 24, 18], [1, 10, 2, 11], [3, 7, 4, 6], [5, 12, 6, 13], [7, 15, 8, 14], [9, 16, 10, 17], [11, 22, 12, 23], [13, 4, 14, 5]]"
12a_0209_18,"[[13, 4, 14, 5], [15, 21, 16, 20], [17, 1, 18, 24], [19, 8, 20, 9], [21, 3, 22, 2], [23, 19, 24, 18], [1, 10, 2, 11], [3, 7, 4, 6], [5, 12, 6, 13], [7, 15, 8, 14], [9, 16, 10, 17], [11, 22, 12, 23]]"
12a_0209_19,"[[11, 22, 12, 23], [13, 4, 14, 5], [15, 21, 16, 20], [17, 1, 18, 24], [19, 8, 20, 9], [21, 3, 22, 2], [23, 19, 24, 18], [1, 10, 2, 11], [3, 7, 4, 6], [5, 12, 6, 13], [7, 15, 8, 14], [9, 16, 10, 17]]"
12a_0209_20,"[[9, 16, 10, 17], [11, 22, 12, 23], [13, 4, 14, 5], [15, 21, 16, 20], [17, 1, 18, 24], [19, 8, 20, 9], [21, 3, 22, 2], [23, 19, 24, 18], [1, 10, 2, 11], [3, 7, 4, 6], [5, 12, 6, 13], [7, 15, 8, 14]]"
12a_0209_21,"[[7, 15, 8, 14], [9, 16, 10, 17], [11, 22, 12, 23], [13, 4, 14, 5], [15, 21, 16, 20], [17, 1, 18, 24], [19, 8, 20, 9], [21, 3, 22, 2], [23, 19, 24, 18], [1, 10, 2, 11], [3, 7, 4, 6], [5, 12, 6, 13]]"
12a_0209_22,"[[5, 12, 6, 13], [7, 15, 8, 14], [9, 16, 10, 17], [11, 22, 12, 23], [13, 4, 14, 5], [15, 21, 16, 20], [17, 1, 18, 24], [19, 8, 20, 9], [21, 3, 22, 2], [23, 19, 24, 18], [1, 10, 2, 11], [3, 7, 4, 6]]"
12a_0209_23,"[[3, 7, 4, 6], [5, 12, 6, 13], [7, 15, 8, 14], [9, 16, 10, 17], [11, 22, 12, 23], [13, 4, 14, 5], [15, 21, 16, 20], [17, 1, 18, 24], [19, 8, 20, 9], [21, 3, 22, 2], [23, 19, 24, 18], [1, 10, 2, 11]]"
12a_0209_24,"[[2, 11, 3, 12], [4, 8, 5, 7], [6, 13, 7, 14], [8, 16, 9, 15], [10, 17, 11, 18], [12, 23, 13, 24], [14, 5, 15, 6], [16, 22, 17, 21], [18, 2, 19, 1], [20, 9, 21, 10], [22, 4, 23, 3], [24, 20, 1, 19]]"
12a_0209_25,"[[24, 20, 1, 19], [2, 11, 3, 12], [4, 8, 5, 7], [6, 13, 7, 14], [8, 16, 9, 15], [10, 17, 11, 18], [12, 23, 13, 24], [14, 5, 15, 6], [16, 22, 17, 21], [18, 2, 19, 1], [20, 9, 21, 10], [22, 4, 23, 3]]"
12a_0209_26,"[[22, 4, 23, 3], [24, 20, 1, 19], [2, 11, 3, 12], [4, 8, 5, 7], [6, 13, 7, 14], [8, 16, 9, 15], [10, 17, 11, 18], [12, 23, 13, 24], [14, 5, 15, 6], [16, 22, 17, 21], [18, 2, 19, 1], [20, 9, 21, 10]]"
12a_0209_27,"[[20, 9, 21, 10], [22, 4, 23, 3], [24, 20, 1, 19], [2, 11, 3, 12], [4, 8, 5, 7], [6, 13, 7, 14], [8, 16, 9, 15], [10, 17, 11, 18], [12, 23, 13, 24], [14, 5, 15, 6], [16, 22, 17, 21], [18, 2, 19, 1]]"
12a_0209_28,"[[18, 2, 19, 1], [20, 9, 21, 10], [22, 4, 23, 3], [24, 20, 1, 19], [2, 11, 3, 12], [4, 8, 5, 7], [6, 13, 7, 14], [8, 16, 9, 15], [10, 17, 11, 18], [12, 23, 13, 24], [14, 5, 15, 6], [16, 22, 17, 21]]"
12a_0209_29,"[[16, 22, 17, 21], [18, 2, 19, 1], [20, 9, 21, 10], [22, 4, 23, 3], [24, 20, 1, 19], [2, 11, 3, 12], [4, 8, 5, 7], [6, 13, 7, 14], [8, 16, 9, 15], [10, 17, 11, 18], [12, 23, 13, 24], [14, 5, 15, 6]]"
12a_0209_30,"[[14, 5, 15, 6], [16, 22, 17, 21], [18, 2, 19, 1], [20, 9, 21, 10], [22, 4, 23, 3], [24, 20, 1, 19], [2, 11, 3, 12], [4, 8, 5, 7], [6, 13, 7, 14], [8, 16, 9, 15], [10, 17, 11, 18], [12, 23, 13, 24]]"
12a_0209_31,"[[12, 23, 13, 24], [14, 5, 15, 6], [16, 22, 17, 21], [18, 2, 19, 1], [20, 9, 21, 10], [22, 4, 23, 3], [24, 20, 1, 19], [2, 11, 3, 12], [4, 8, 5, 7], [6, 13, 7, 14], [8, 16, 9, 15], [10, 17, 11, 18]]"
12a_0209_32,"[[10, 17, 11, 18], [12, 23, 13, 24], [14, 5, 15, 6], [16, 22, 17, 21], [18, 2, 19, 1], [20, 9, 21, 10], [22, 4, 23, 3], [24, 20, 1, 19], [2, 11, 3, 12], [4, 8, 5, 7], [6, 13, 7, 14], [8, 16, 9, 15]]"
12a_0209_33,"[[8, 16, 9, 15], [10, 17, 11, 18], [12, 23, 13, 24], [14, 5, 15, 6], [16, 22, 17, 21], [18, 2, 19, 1], [20, 9, 21, 10], [22, 4, 23, 3], [24, 20, 1, 19], [2, 11, 3, 12], [4, 8, 5, 7], [6, 13, 7, 14]]"
12a_0209_34,"[[6, 13, 7, 14], [8, 16, 9, 15], [10, 17, 11, 18], [12, 23, 13, 24], [14, 5, 15, 6], [16, 22, 17, 21], [18, 2, 19, 1], [20, 9, 21, 10], [22, 4, 23, 3], [24, 20, 1, 19], [2, 11, 3, 12], [4, 8, 5, 7]]"
12a_0209_35,"[[4, 8, 5, 7], [6, 13, 7, 14], [8, 16, 9, 15], [10, 17, 11, 18], [12, 23, 13, 24], [14, 5, 15, 6], [16, 22, 17, 21], [18, 2, 19, 1], [20, 9, 21, 10], [22, 4, 23, 3], [24, 20, 1, 19], [2, 11, 3, 12]]"
12a_0209_36,"[[3, 12, 4, 13], [5, 9, 6, 8], [7, 14, 8, 15], [9, 17, 10, 16], [11, 18, 12, 19], [13, 24, 14, 1], [15, 6, 16, 7], [17, 23, 18, 22], [19, 3, 20, 2], [21, 10, 22, 11], [23, 5, 24, 4], [1, 21, 2, 20]]"
12a_0209_37,"[[1, 21, 2, 20], [3, 12, 4, 13], [5, 9, 6, 8], [7, 14, 8, 15], [9, 17, 10, 16], [11, 18, 12, 19], [13, 24, 14, 1], [15, 6, 16, 7], [17, 23, 18, 22], [19, 3, 20, 2], [21, 10, 22, 11], [23, 5, 24, 4]]"
12a_0209_38,"[[23, 5, 24, 4], [1, 21, 2, 20], [3, 12, 4, 13], [5, 9, 6, 8], [7, 14, 8, 15], [9, 17, 10, 16], [11, 18, 12, 19], [13, 24, 14, 1], [15, 6, 16, 7], [17, 23, 18, 22], [19, 3, 20, 2], [21, 10, 22, 11]]"
12a_0209_39,"[[21, 10, 22, 11], [23, 5, 24, 4], [1, 21, 2, 20], [3, 12, 4, 13], [5, 9, 6, 8], [7, 14, 8, 15], [9, 17, 10, 16], [11, 18, 12, 19], [13, 24, 14, 1], [15, 6, 16, 7], [17, 23, 18, 22], [19, 3, 20, 2]]"
12a_0209_40,"[[19, 3, 20, 2], [21, 10, 22, 11], [23, 5, 24, 4], [1, 21, 2, 20], [3, 12, 4, 13], [5, 9, 6, 8], [7, 14, 8, 15], [9, 17, 10, 16], [11, 18, 12, 19], [13, 24, 14, 1], [15, 6, 16, 7], [17, 23, 18, 22]]"
12a_0209_41,"[[17, 23, 18, 22], [19, 3, 20, 2], [21, 10, 22, 11], [23, 5, 24, 4], [1, 21, 2, 20], [3, 12, 4, 13], [5, 9, 6, 8], [7, 14, 8, 15], [9, 17, 10, 16], [11, 18, 12, 19], [13, 24, 14, 1], [15, 6, 16, 7]]"
12a_0209_42,"[[15, 6, 16, 7], [17, 23, 18, 22], [19, 3, 20, 2], [21, 10, 22, 11], [23, 5, 24, 4], [1, 21, 2, 20], [3, 12, 4, 13], [5, 9, 6, 8], [7, 14, 8, 15], [9, 17, 10, 16], [11, 18, 12, 19], [13, 24, 14, 1]]"
12a_0209_43,"[[13, 24, 14, 1], [15, 6, 16, 7], [17, 23, 18, 22], [19, 3, 20, 2], [21, 10, 22, 11], [23, 5, 24, 4], [1, 21, 2, 20], [3, 12, 4, 13], [5, 9, 6, 8], [7, 14, 8, 15], [9, 17, 10, 16], [11, 18, 12, 19]]"
12a_0209_44,"[[11, 18, 12, 19], [13, 24, 14, 1], [15, 6, 16, 7], [17, 23, 18, 22], [19, 3, 20, 2], [21, 10, 22, 11], [23, 5, 24, 4], [1, 21, 2, 20], [3, 12, 4, 13], [5, 9, 6, 8], [7, 14, 8, 15], [9, 17, 10, 16]]"
12a_0209_45,"[[9, 17, 10, 16], [11, 18, 12, 19], [13, 24, 14, 1], [15, 6, 16, 7], [17, 23, 18, 22], [19, 3, 20, 2], [21, 10, 22, 11], [23, 5, 24, 4], [1, 21, 2, 20], [3, 12, 4, 13], [5, 9, 6, 8], [7, 14, 8, 15]]"
12a_0209_46,"[[7, 14, 8, 15], [9, 17, 10, 16], [11, 18, 12, 19], [13, 24, 14, 1], [15, 6, 16, 7], [17, 23, 18, 22], [19, 3, 20, 2], [21, 10, 22, 11], [23, 5, 24, 4], [1, 21, 2, 20], [3, 12, 4, 13], [5, 9, 6, 8]]"
12a_0209_47,"[[5, 9, 6, 8], [7, 14, 8, 15], [9, 17, 10, 16], [11, 18, 12, 19], [13, 24, 14, 1], [15, 6, 16, 7], [17, 23, 18, 22], [19, 3, 20, 2], [21, 10, 22, 11], [23, 5, 24, 4], [1, 21, 2, 20], [3, 12, 4, 13]]"
12a_0209_48,"[[4, 13, 5, 14], [6, 10, 7, 9], [8, 15, 9, 16], [10, 18, 11, 17], [12, 19, 13, 20], [14, 1, 15, 2], [16, 7, 17, 8], [18, 24, 19, 23], [20, 4, 21, 3], [22, 11, 23, 12], [24, 6, 1, 5], [2, 22, 3, 21]]"
12a_0209_49,"[[2, 22, 3, 21], [4, 13, 5, 14], [6, 10, 7, 9], [8, 15, 9, 16], [10, 18, 11, 17], [12, 19, 13, 20], [14, 1, 15, 2], [16, 7, 17, 8], [18, 24, 19, 23], [20, 4, 21, 3], [22, 11, 23, 12], [24, 6, 1, 5]]"
12a_0209_50,"[[24, 6, 1, 5], [2, 22, 3, 21], [4, 13, 5, 14], [6, 10, 7, 9], [8, 15, 9, 16], [10, 18, 11, 17], [12, 19, 13, 20], [14, 1, 15, 2], [16, 7, 17, 8], [18, 24, 19, 23], [20, 4, 21, 3], [22, 11, 23, 12]]"
12a_0209_51,"[[22, 11, 23, 12], [24, 6, 1, 5], [2, 22, 3, 21], [4, 13, 5, 14], [6, 10, 7, 9], [8, 15, 9, 16], [10, 18, 11, 17], [12, 19, 13, 20], [14, 1, 15, 2], [16, 7, 17, 8], [18, 24, 19, 23], [20, 4, 21, 3]]"
12a_0209_52,"[[20, 4, 21, 3], [22, 11, 23, 12], [24, 6, 1, 5], [2, 22, 3, 21], [4, 13, 5, 14], [6, 10, 7, 9], [8, 15, 9, 16], [10, 18, 11, 17], [12, 19, 13, 20], [14, 1, 15, 2], [16, 7, 17, 8], [18, 24, 19, 23]]"
12a_0209_53,"[[18, 24, 19, 23], [20, 4, 21, 3], [22, 11, 23, 12], [24, 6, 1, 5], [2, 22, 3, 21], [4, 13, 5, 14], [6, 10, 7, 9], [8, 15, 9, 16], [10, 18, 11, 17], [12, 19, 13, 20], [14, 1, 15, 2], [16, 7, 17, 8]]"
12a_0209_54,"[[16, 7, 17, 8], [18, 24, 19, 23], [20, 4, 21, 3], [22, 11, 23, 12], [24, 6, 1, 5], [2, 22, 3, 21], [4, 13, 5, 14], [6, 10, 7, 9], [8, 15, 9, 16], [10, 18, 11, 17], [12, 19, 13, 20], [14, 1, 15, 2]]"
12a_0209_55,"[[14, 1, 15, 2], [16, 7, 17, 8], [18, 24, 19, 23], [20, 4, 21, 3], [22, 11, 23, 12], [24, 6, 1, 5], [2, 22, 3, 21], [4, 13, 5, 14], [6, 10, 7, 9], [8, 15, 9, 16], [10, 18, 11, 17], [12, 19, 13, 20]]"
12a_0209_56,"[[12, 19, 13, 20], [14, 1, 15, 2], [16, 7, 17, 8], [18, 24, 19, 23], [20, 4, 21, 3], [22, 11, 23, 12], [24, 6, 1, 5], [2, 22, 3, 21], [4, 13, 5, 14], [6, 10, 7, 9], [8, 15, 9, 16], [10, 18, 11, 17]]"
12a_0209_57,"[[10, 18, 11, 17], [12, 19, 13, 20], [14, 1, 15, 2], [16, 7, 17, 8], [18, 24, 19, 23], [20, 4, 21, 3], [22, 11, 23, 12], [24, 6, 1, 5], [2, 22, 3, 21], [4, 13, 5, 14], [6, 10, 7, 9], [8, 15, 9, 16]]"
12a_0209_58,"[[8, 15, 9, 16], [10, 18, 11, 17], [12, 19, 13, 20], [14, 1, 15, 2], [16, 7, 17, 8], [18, 24, 19, 23], [20, 4, 21, 3], [22, 11, 23, 12], [24, 6, 1, 5], [2, 22, 3, 21], [4, 13, 5, 14], [6, 10, 7, 9]]"
12a_0209_59,"[[6, 10, 7, 9], [8, 15, 9, 16], [10, 18, 11, 17], [12, 19, 13, 20], [14, 1, 15, 2], [16, 7, 17, 8], [18, 24, 19, 23], [20, 4, 21, 3], [22, 11, 23, 12], [24, 6, 1, 5], [2, 22, 3, 21], [4, 13, 5, 14]]"
12a_0209_60,"[[5, 14, 6, 15], [7, 11, 8, 10], [9, 16, 10, 17], [11, 19, 12, 18], [13, 20, 14, 21], [15, 2, 16, 3], [17, 8, 18, 9], [19, 1, 20, 24], [21, 5, 22, 4], [23, 12, 24, 13], [1, 7, 2, 6], [3, 23, 4, 22]]"
12a_0209_61,"[[3, 23, 4, 22], [5, 14, 6, 15], [7, 11, 8, 10], [9, 16, 10, 17], [11, 19, 12, 18], [13, 20, 14, 21], [15, 2, 16, 3], [17, 8, 18, 9], [19, 1, 20, 24], [21, 5, 22, 4], [23, 12, 24, 13], [1, 7, 2, 6]]"
12a_0209_62,"[[1, 7, 2, 6], [3, 23, 4, 22], [5, 14, 6, 15], [7, 11, 8, 10], [9, 16, 10, 17], [11, 19, 12, 18], [13, 20, 14, 21], [15, 2, 16, 3], [17, 8, 18, 9], [19, 1, 20, 24], [21, 5, 22, 4], [23, 12, 24, 13]]"
12a_0209_63,"[[23, 12, 24, 13], [1, 7, 2, 6], [3, 23, 4, 22], [5, 14, 6, 15], [7, 11, 8, 10], [9, 16, 10, 17], [11, 19, 12, 18], [13, 20, 14, 21], [15, 2, 16, 3], [17, 8, 18, 9], [19, 1, 20, 24], [21, 5, 22, 4]]"
12a_0209_64,"[[21, 5, 22, 4], [23, 12, 24, 13], [1, 7, 2, 6], [3, 23, 4, 22], [5, 14, 6, 15], [7, 11, 8, 10], [9, 16, 10, 17], [11, 19, 12, 18], [13, 20, 14, 21], [15, 2, 16, 3], [17, 8, 18, 9], [19, 1, 20, 24]]"
12a_0209_65,"[[19, 1, 20, 24], [21, 5, 22, 4], [23, 12, 24, 13], [1, 7, 2, 6], [3, 23, 4, 22], [5, 14, 6, 15], [7, 11, 8, 10], [9, 16, 10, 17], [11, 19, 12, 18], [13, 20, 14, 21], [15, 2, 16, 3], [17, 8, 18, 9]]"
12a_0209_66,"[[17, 8, 18, 9], [19, 1, 20, 24], [21, 5, 22, 4], [23, 12, 24, 13], [1, 7, 2, 6], [3, 23, 4, 22], [5, 14, 6, 15], [7, 11, 8, 10], [9, 16, 10, 17], [11, 19, 12, 18], [13, 20, 14, 21], [15, 2, 16, 3]]"
12a_0209_67,"[[15, 2, 16, 3], [17, 8, 18, 9], [19, 1, 20, 24], [21, 5, 22, 4], [23, 12, 24, 13], [1, 7, 2, 6], [3, 23, 4, 22], [5, 14, 6, 15], [7, 11, 8, 10], [9, 16, 10, 17], [11, 19, 12, 18], [13, 20, 14, 21]]"
12a_0209_68,"[[13, 20, 14, 21], [15, 2, 16, 3], [17, 8, 18, 9], [19, 1, 20, 24], [21, 5, 22, 4], [23, 12, 24, 13], [1, 7, 2, 6], [3, 23, 4, 22], [5, 14, 6, 15], [7, 11, 8, 10], [9, 16, 10, 17], [11, 19, 12, 18]]"
12a_0209_69,"[[11, 19, 12, 18], [13, 20, 14, 21], [15, 2, 16, 3], [17, 8, 18, 9], [19, 1, 20, 24], [21, 5, 22, 4], [23, 12, 24, 13], [1, 7, 2, 6], [3, 23, 4, 22], [5, 14, 6, 15], [7, 11, 8, 10], [9, 16, 10, 17]]"
12a_0209_70,"[[9, 16, 10, 17], [11, 19, 12, 18], [13, 20, 14, 21], [15, 2, 16, 3], [17, 8, 18, 9], [19, 1, 20, 24], [21, 5, 22, 4], [23, 12, 24, 13], [1, 7, 2, 6], [3, 23, 4, 22], [5, 14, 6, 15], [7, 11, 8, 10]]"
12a_0209_71,"[[7, 11, 8, 10], [9, 16, 10, 17], [11, 19, 12, 18], [13, 20, 14, 21], [15, 2, 16, 3], [17, 8, 18, 9], [19, 1, 20, 24], [21, 5, 22, 4], [23, 12, 24, 13], [1, 7, 2, 6], [3, 23, 4, 22], [5, 14, 6, 15]]"
12a_0209_72,"[[6, 15, 7, 16], [8, 12, 9, 11], [10, 17, 11, 18], [12, 20, 13, 19], [14, 21, 15, 22], [16, 3, 17, 4], [18, 9, 19, 10], [20, 2, 21, 1], [22, 6, 23, 5], [24, 13, 1, 14], [2, 8, 3, 7], [4, 24, 5, 23]]"
12a_0209_73,"[[4, 24, 5, 23], [6, 15, 7, 16], [8, 12, 9, 11], [10, 17, 11, 18], [12, 20, 13, 19], [14, 21, 15, 22], [16, 3, 17, 4], [18, 9, 19, 10], [20, 2, 21, 1], [22, 6, 23, 5], [24, 13, 1, 14], [2, 8, 3, 7]]"
12a_0209_74,"[[2, 8, 3, 7], [4, 24, 5, 23], [6, 15, 7, 16], [8, 12, 9, 11], [10, 17, 11, 18], [12, 20, 13, 19], [14, 21, 15, 22], [16, 3, 17, 4], [18, 9, 19, 10], [20, 2, 21, 1], [22, 6, 23, 5], [24, 13, 1, 14]]"
12a_0209_75,"[[24, 13, 1, 14], [2, 8, 3, 7], [4, 24, 5, 23], [6, 15, 7, 16], [8, 12, 9, 11], [10, 17, 11, 18], [12, 20, 13, 19], [14, 21, 15, 22], [16, 3, 17, 4], [18, 9, 19, 10], [20, 2, 21, 1], [22, 6, 23, 5]]"
12a_0209_76,"[[22, 6, 23, 5], [24, 13, 1, 14], [2, 8, 3, 7], [4, 24, 5, 23], [6, 15, 7, 16], [8, 12, 9, 11], [10, 17, 11, 18], [12, 20, 13, 19], [14, 21, 15, 22], [16, 3, 17, 4], [18, 9, 19, 10], [20, 2, 21, 1]]"
12a_0209_77,"[[20, 2, 21, 1], [22, 6, 23, 5], [24, 13, 1, 14], [2, 8, 3, 7], [4, 24, 5, 23], [6, 15, 7, 16], [8, 12, 9, 11], [10, 17, 11, 18], [12, 20, 13, 19], [14, 21, 15, 22], [16, 3, 17, 4], [18, 9, 19, 10]]"
12a_0209_78,"[[18, 9, 19, 10], [20, 2, 21, 1], [22, 6, 23, 5], [24, 13, 1, 14], [2, 8, 3, 7], [4, 24, 5, 23], [6, 15, 7, 16], [8, 12, 9, 11], [10, 17, 11, 18], [12, 20, 13, 19], [14, 21, 15, 22], [16, 3, 17, 4]]"
12a_0209_79,"[[16, 3, 17, 4], [18, 9, 19, 10], [20, 2, 21, 1], [22, 6, 23, 5], [24, 13, 1, 14], [2, 8, 3, 7], [4, 24, 5, 23], [6, 15, 7, 16], [8, 12, 9, 11], [10, 17, 11, 18], [12, 20, 13, 19], [14, 21, 15, 22]]"
12a_0209_80,"[[14, 21, 15, 22], [16, 3, 17, 4], [18, 9, 19, 10], [20, 2, 21, 1], [22, 6, 23, 5], [24, 13, 1, 14], [2, 8, 3, 7], [4, 24, 5, 23], [6, 15, 7, 16], [8, 12, 9, 11], [10, 17, 11, 18], [12, 20, 13, 19]]"
12a_0209_81,"[[12, 20, 13, 19], [14, 21, 15, 22], [16, 3, 17, 4], [18, 9, 19, 10], [20, 2, 21, 1], [22, 6, 23, 5], [24, 13, 1, 14], [2, 8, 3, 7], [4, 24, 5, 23], [6, 15, 7, 16], [8, 12, 9, 11], [10, 17, 11, 18]]"
12a_0209_82,"[[10, 17, 11, 18], [12, 20, 13, 19], [14, 21, 15, 22], [16, 3, 17, 4], [18, 9, 19, 10], [20, 2, 21, 1], [22, 6, 23, 5], [24, 13, 1, 14], [2, 8, 3, 7], [4, 24, 5, 23], [6, 15, 7, 16], [8, 12, 9, 11]]"
12a_0209_83,"[[8, 12, 9, 11], [10, 17, 11, 18], [12, 20, 13, 19], [14, 21, 15, 22], [16, 3, 17, 4], [18, 9, 19, 10], [20, 2, 21, 1], [22, 6, 23, 5], [24, 13, 1, 14], [2, 8, 3, 7], [4, 24, 5, 23], [6, 15, 7, 16]]"
12a_0209_84,"[[7, 16, 8, 17], [9, 13, 10, 12], [11, 18, 12, 19], [13, 21, 14, 20], [15, 22, 16, 23], [17, 4, 18, 5], [19, 10, 20, 11], [21, 3, 22, 2], [23, 7, 24, 6], [1, 14, 2, 15], [3, 9, 4, 8], [5, 1, 6, 24]]"
12a_0209_85,"[[5, 1, 6, 24], [7, 16, 8, 17], [9, 13, 10, 12], [11, 18, 12, 19], [13, 21, 14, 20], [15, 22, 16, 23], [17, 4, 18, 5], [19, 10, 20, 11], [21, 3, 22, 2], [23, 7, 24, 6], [1, 14, 2, 15], [3, 9, 4, 8]]"
12a_0209_86,"[[3, 9, 4, 8], [5, 1, 6, 24], [7, 16, 8, 17], [9, 13, 10, 12], [11, 18, 12, 19], [13, 21, 14, 20], [15, 22, 16, 23], [17, 4, 18, 5], [19, 10, 20, 11], [21, 3, 22, 2], [23, 7, 24, 6], [1, 14, 2, 15]]"
12a_0209_87,"[[1, 14, 2, 15], [3, 9, 4, 8], [5, 1, 6, 24], [7, 16, 8, 17], [9, 13, 10, 12], [11, 18, 12, 19], [13, 21, 14, 20], [15, 22, 16, 23], [17, 4, 18, 5], [19, 10, 20, 11], [21, 3, 22, 2], [23, 7, 24, 6]]"
12a_0209_88,"[[23, 7, 24, 6], [1, 14, 2, 15], [3, 9, 4, 8], [5, 1, 6, 24], [7, 16, 8, 17], [9, 13, 10, 12], [11, 18, 12, 19], [13, 21, 14, 20], [15, 22, 16, 23], [17, 4, 18, 5], [19, 10, 20, 11], [21, 3, 22, 2]]"
12a_0209_89,"[[21, 3, 22, 2], [23, 7, 24, 6], [1, 14, 2, 15], [3, 9, 4, 8], [5, 1, 6, 24], [7, 16, 8, 17], [9, 13, 10, 12], [11, 18, 12, 19], [13, 21, 14, 20], [15, 22, 16, 23], [17, 4, 18, 5], [19, 10, 20, 11]]"
12a_0209_90,"[[19, 10, 20, 11], [21, 3, 22, 2], [23, 7, 24, 6], [1, 14, 2, 15], [3, 9, 4, 8], [5, 1, 6, 24], [7, 16, 8, 17], [9, 13, 10, 12], [11, 18, 12, 19], [13, 21, 14, 20], [15, 22, 16, 23], [17, 4, 18, 5]]"
12a_0209_91,"[[17, 4, 18, 5], [19, 10, 20, 11], [21, 3, 22, 2], [23, 7, 24, 6], [1, 14, 2, 15], [3, 9, 4, 8], [5, 1, 6, 24], [7, 16, 8, 17], [9, 13, 10, 12], [11, 18, 12, 19], [13, 21, 14, 20], [15, 22, 16, 23]]"
12a_0209_92,"[[15, 22, 16, 23], [17, 4, 18, 5], [19, 10, 20, 11], [21, 3, 22, 2], [23, 7, 24, 6], [1, 14, 2, 15], [3, 9, 4, 8], [5, 1, 6, 24], [7, 16, 8, 17], [9, 13, 10, 12], [11, 18, 12, 19], [13, 21, 14, 20]]"
12a_0209_93,"[[13, 21, 14, 20], [15, 22, 16, 23], [17, 4, 18, 5], [19, 10, 20, 11], [21, 3, 22, 2], [23, 7, 24, 6], [1, 14, 2, 15], [3, 9, 4, 8], [5, 1, 6, 24], [7, 16, 8, 17], [9, 13, 10, 12], [11, 18, 12, 19]]"
12a_0209_94,"[[11, 18, 12, 19], [13, 21, 14, 20], [15, 22, 16, 23], [17, 4, 18, 5], [19, 10, 20, 11], [21, 3, 22, 2], [23, 7, 24, 6], [1, 14, 2, 15], [3, 9, 4, 8], [5, 1, 6, 24], [7, 16, 8, 17], [9, 13, 10, 12]]"
12a_0209_95,"[[9, 13, 10, 12], [11, 18, 12, 19], [13, 21, 14, 20], [15, 22, 16, 23], [17, 4, 18, 5], [19, 10, 20, 11], [21, 3, 22, 2], [23, 7, 24, 6], [1, 14, 2, 15], [3, 9, 4, 8], [5, 1, 6, 24], [7, 16, 8, 17]]"
12a_0209_96,"[[8, 17, 9, 18], [10, 14, 11, 13], [12, 19, 13, 20], [14, 22, 15, 21], [16, 23, 17, 24], [18, 5, 19, 6], [20, 11, 21, 12], [22, 4, 23, 3], [24, 8, 1, 7], [2, 15, 3, 16], [4, 10, 5, 9], [6, 2, 7, 1]]"
12a_0209_97,"[[6, 2, 7, 1], [8, 17, 9, 18], [10, 14, 11, 13], [12, 19, 13, 20], [14, 22, 15, 21], [16, 23, 17, 24], [18, 5, 19, 6], [20, 11, 21, 12], [22, 4, 23, 3], [24, 8, 1, 7], [2, 15, 3, 16], [4, 10, 5, 9]]"
12a_0209_98,"[[4, 10, 5, 9], [6, 2, 7, 1], [8, 17, 9, 18], [10, 14, 11, 13], [12, 19, 13, 20], [14, 22, 15, 21], [16, 23, 17, 24], [18, 5, 19, 6], [20, 11, 21, 12], [22, 4, 23, 3], [24, 8, 1, 7], [2, 15, 3, 16]]"
12a_0209_99,"[[2, 15, 3, 16], [4, 10, 5, 9], [6, 2, 7, 1], [8, 17, 9, 18], [10, 14, 11, 13], [12, 19, 13, 20], [14, 22, 15, 21], [16, 23, 17, 24], [18, 5, 19, 6], [20, 11, 21, 12], [22, 4, 23, 3], [24, 8, 1, 7]]"
12a_0209_100,"[[24, 8, 1, 7], [2, 15, 3, 16], [4, 10, 5, 9], [6, 2, 7, 1], [8, 17, 9, 18], [10, 14, 11, 13], [12, 19, 13, 20], [14, 22, 15, 21], [16, 23, 17, 24], [18, 5, 19, 6], [20, 11, 21, 12], [22, 4, 23, 3]]"
12a_0209_101,"[[22, 4, 23, 3], [24, 8, 1, 7], [2, 15, 3, 16], [4, 10, 5, 9], [6, 2, 7, 1], [8, 17, 9, 18], [10, 14, 11, 13], [12, 19, 13, 20], [14, 22, 15, 21], [16, 23, 17, 24], [18, 5, 19, 6], [20, 11, 21, 12]]"
12a_0209_102,"[[20, 11, 21, 12], [22, 4, 23, 3], [24, 8, 1, 7], [2, 15, 3, 16], [4, 10, 5, 9], [6, 2, 7, 1], [8, 17, 9, 18], [10, 14, 11, 13], [12, 19, 13, 20], [14, 22, 15, 21], [16, 23, 17, 24], [18, 5, 19, 6]]"
12a_0209_103,"[[18, 5, 19, 6], [20, 11, 21, 12], [22, 4, 23, 3], [24, 8, 1, 7], [2, 15, 3, 16], [4, 10, 5, 9], [6, 2, 7, 1], [8, 17, 9, 18], [10, 14, 11, 13], [12, 19, 13, 20], [14, 22, 15, 21], [16, 23, 17, 24]]"
12a_0209_104,"[[16, 23, 17, 24], [18, 5, 19, 6], [20, 11, 21, 12], [22, 4, 23, 3], [24, 8, 1, 7], [2, 15, 3, 16], [4, 10, 5, 9], [6, 2, 7, 1], [8, 17, 9, 18], [10, 14, 11, 13], [12, 19, 13, 20], [14, 22, 15, 21]]"
12a_0209_105,"[[14, 22, 15, 21], [16, 23, 17, 24], [18, 5, 19, 6], [20, 11, 21, 12], [22, 4, 23, 3], [24, 8, 1, 7], [2, 15, 3, 16], [4, 10, 5, 9], [6, 2, 7, 1], [8, 17, 9, 18], [10, 14, 11, 13], [12, 19, 13, 20]]"
12a_0209_106,"[[12, 19, 13, 20], [14, 22, 15, 21], [16, 23, 17, 24], [18, 5, 19, 6], [20, 11, 21, 12], [22, 4, 23, 3], [24, 8, 1, 7], [2, 15, 3, 16], [4, 10, 5, 9], [6, 2, 7, 1], [8, 17, 9, 18], [10, 14, 11, 13]]"
12a_0209_107,"[[10, 14, 11, 13], [12, 19, 13, 20], [14, 22, 15, 21], [16, 23, 17, 24], [18, 5, 19, 6], [20, 11, 21, 12], [22, 4, 23, 3], [24, 8, 1, 7], [2, 15, 3, 16], [4, 10, 5, 9], [6, 2, 7, 1], [8, 17, 9, 18]]"
12a_0209_108,"[[9, 18, 10, 19], [11, 15, 12, 14], [13, 20, 14, 21], [15, 23, 16, 22], [17, 24, 18, 1], [19, 6, 20, 7], [21, 12, 22, 13], [23, 5, 24, 4], [1, 9, 2, 8], [3, 16, 4, 17], [5, 11, 6, 10], [7, 3, 8, 2]]"
12a_0209_109,"[[7, 3, 8, 2], [9, 18, 10, 19], [11, 15, 12, 14], [13, 20, 14, 21], [15, 23, 16, 22], [17, 24, 18, 1], [19, 6, 20, 7], [21, 12, 22, 13], [23, 5, 24, 4], [1, 9, 2, 8], [3, 16, 4, 17], [5, 11, 6, 10]]"
12a_0209_110,"[[5, 11, 6, 10], [7, 3, 8, 2], [9, 18, 10, 19], [11, 15, 12, 14], [13, 20, 14, 21], [15, 23, 16, 22], [17, 24, 18, 1], [19, 6, 20, 7], [21, 12, 22, 13], [23, 5, 24, 4], [1, 9, 2, 8], [3, 16, 4, 17]]"
12a_0209_111,"[[3, 16, 4, 17], [5, 11, 6, 10], [7, 3, 8, 2], [9, 18, 10, 19], [11, 15, 12, 14], [13, 20, 14, 21], [15, 23, 16, 22], [17, 24, 18, 1], [19, 6, 20, 7], [21, 12, 22, 13], [23, 5, 24, 4], [1, 9, 2, 8]]"
12a_0209_112,"[[1, 9, 2, 8], [3, 16, 4, 17], [5, 11, 6, 10], [7, 3, 8, 2], [9, 18, 10, 19], [11, 15, 12, 14], [13, 20, 14, 21], [15, 23, 16, 22], [17, 24, 18, 1], [19, 6, 20, 7], [21, 12, 22, 13], [23, 5, 24, 4]]"
12a_0209_113,"[[23, 5, 24, 4], [1, 9, 2, 8], [3, 16, 4, 17], [5, 11, 6, 10], [7, 3, 8, 2], [9, 18, 10, 19], [11, 15, 12, 14], [13, 20, 14, 21], [15, 23, 16, 22], [17, 24, 18, 1], [19, 6, 20, 7], [21, 12, 22, 13]]"
12a_0209_114,"[[21, 12, 22, 13], [23, 5, 24, 4], [1, 9, 2, 8], [3, 16, 4, 17], [5, 11, 6, 10], [7, 3, 8, 2], [9, 18, 10, 19], [11, 15, 12, 14], [13, 20, 14, 21], [15, 23, 16, 22], [17, 24, 18, 1], [19, 6, 20, 7]]"
12a_0209_115,"[[19, 6, 20, 7], [21, 12, 22, 13], [23, 5, 24, 4], [1, 9, 2, 8], [3, 16, 4, 17], [5, 11, 6, 10], [7, 3, 8, 2], [9, 18, 10, 19], [11, 15, 12, 14], [13, 20, 14, 21], [15, 23, 16, 22], [17, 24, 18, 1]]"
12a_0209_116,"[[17, 24, 18, 1], [19, 6, 20, 7], [21, 12, 22, 13], [23, 5, 24, 4], [1, 9, 2, 8], [3, 16, 4, 17], [5, 11, 6, 10], [7, 3, 8, 2], [9, 18, 10, 19], [11, 15, 12, 14], [13, 20, 14, 21], [15, 23, 16, 22]]"
12a_0209_117,"[[15, 23, 16, 22], [17, 24, 18, 1], [19, 6, 20, 7], [21, 12, 22, 13], [23, 5, 24, 4], [1, 9, 2, 8], [3, 16, 4, 17], [5, 11, 6, 10], [7, 3, 8, 2], [9, 18, 10, 19], [11, 15, 12, 14], [13, 20, 14, 21]]"
12a_0209_118,"[[13, 20, 14, 21], [15, 23, 16, 22], [17, 24, 18, 1], [19, 6, 20, 7], [21, 12, 22, 13], [23, 5, 24, 4], [1, 9, 2, 8], [3, 16, 4, 17], [5, 11, 6, 10], [7, 3, 8, 2], [9, 18, 10, 19], [11, 15, 12, 14]]"
12a_0209_119,"[[11, 15, 12, 14], [13, 20, 14, 21], [15, 23, 16, 22], [17, 24, 18, 1], [19, 6, 20, 7], [21, 12, 22, 13], [23, 5, 24, 4], [1, 9, 2, 8], [3, 16, 4, 17], [5, 11, 6, 10], [7, 3, 8, 2], [9, 18, 10, 19]]"
12a_0209_120,"[[10, 19, 11, 20], [12, 16, 13, 15], [14, 21, 15, 22], [16, 24, 17, 23], [18, 1, 19, 2], [20, 7, 21, 8], [22, 13, 23, 14], [24, 6, 1, 5], [2, 10, 3, 9], [4, 17, 5, 18], [6, 12, 7, 11], [8, 4, 9, 3]]"
12a_0209_121,"[[8, 4, 9, 3], [10, 19, 11, 20], [12, 16, 13, 15], [14, 21, 15, 22], [16, 24, 17, 23], [18, 1, 19, 2], [20, 7, 21, 8], [22, 13, 23, 14], [24, 6, 1, 5], [2, 10, 3, 9], [4, 17, 5, 18], [6, 12, 7, 11]]"
12a_0209_122,"[[6, 12, 7, 11], [8, 4, 9, 3], [10, 19, 11, 20], [12, 16, 13, 15], [14, 21, 15, 22], [16, 24, 17, 23], [18, 1, 19, 2], [20, 7, 21, 8], [22, 13, 23, 14], [24, 6, 1, 5], [2, 10, 3, 9], [4, 17, 5, 18]]"
12a_0209_123,"[[4, 17, 5, 18], [6, 12, 7, 11], [8, 4, 9, 3], [10, 19, 11, 20], [12, 16, 13, 15], [14, 21, 15, 22], [16, 24, 17, 23], [18, 1, 19, 2], [20, 7, 21, 8], [22, 13, 23, 14], [24, 6, 1, 5], [2, 10, 3, 9]]"
12a_0209_124,"[[2, 10, 3, 9], [4, 17, 5, 18], [6, 12, 7, 11], [8, 4, 9, 3], [10, 19, 11, 20], [12, 16, 13, 15], [14, 21, 15, 22], [16, 24, 17, 23], [18, 1, 19, 2], [20, 7, 21, 8], [22, 13, 23, 14], [24, 6, 1, 5]]"
12a_0209_125,"[[24, 6, 1, 5], [2, 10, 3, 9], [4, 17, 5, 18], [6, 12, 7, 11], [8, 4, 9, 3], [10, 19, 11, 20], [12, 16, 13, 15], [14, 21, 15, 22], [16, 24, 17, 23], [18, 1, 19, 2], [20, 7, 21, 8], [22, 13, 23, 14]]"
12a_0209_126,"[[22, 13, 23, 14], [24, 6, 1, 5], [2, 10, 3, 9], [4, 17, 5, 18], [6, 12, 7, 11], [8, 4, 9, 3], [10, 19, 11, 20], [12, 16, 13, 15], [14, 21, 15, 22], [16, 24, 17, 23], [18, 1, 19, 2], [20, 7, 21, 8]]"
12a_0209_127,"[[20, 7, 21, 8], [22, 13, 23, 14], [24, 6, 1, 5], [2, 10, 3, 9], [4, 17, 5, 18], [6, 12, 7, 11], [8, 4, 9, 3], [10, 19, 11, 20], [12, 16, 13, 15], [14, 21, 15, 22], [16, 24, 17, 23], [18, 1, 19, 2]]"
12a_0209_128,"[[18, 1, 19, 2], [20, 7, 21, 8], [22, 13, 23, 14], [24, 6, 1, 5], [2, 10, 3, 9], [4, 17, 5, 18], [6, 12, 7, 11], [8, 4, 9, 3], [10, 19, 11, 20], [12, 16, 13, 15], [14, 21, 15, 22], [16, 24, 17, 23]]"
12a_0209_129,"[[16, 24, 17, 23], [18, 1, 19, 2], [20, 7, 21, 8], [22, 13, 23, 14], [24, 6, 1, 5], [2, 10, 3, 9], [4, 17, 5, 18], [6, 12, 7, 11], [8, 4, 9, 3], [10, 19, 11, 20], [12, 16, 13, 15], [14, 21, 15, 22]]"
12a_0209_130,"[[14, 21, 15, 22], [16, 24, 17, 23], [18, 1, 19, 2], [20, 7, 21, 8], [22, 13, 23, 14], [24, 6, 1, 5], [2, 10, 3, 9], [4, 17, 5, 18], [6, 12, 7, 11], [8, 4, 9, 3], [10, 19, 11, 20], [12, 16, 13, 15]]"
12a_0209_131,"[[12, 16, 13, 15], [14, 21, 15, 22], [16, 24, 17, 23], [18, 1, 19, 2], [20, 7, 21, 8], [22, 13, 23, 14], [24, 6, 1, 5], [2, 10, 3, 9], [4, 17, 5, 18], [6, 12, 7, 11], [8, 4, 9, 3], [10, 19, 11, 20]]"
12a_0209_132,"[[11, 20, 12, 21], [13, 17, 14, 16], [15, 22, 16, 23], [17, 1, 18, 24], [19, 2, 20, 3], [21, 8, 22, 9], [23, 14, 24, 15], [1, 7, 2, 6], [3, 11, 4, 10], [5, 18, 6, 19], [7, 13, 8, 12], [9, 5, 10, 4]]"
12a_0209_133,"[[9, 5, 10, 4], [11, 20, 12, 21], [13, 17, 14, 16], [15, 22, 16, 23], [17, 1, 18, 24], [19, 2, 20, 3], [21, 8, 22, 9], [23, 14, 24, 15], [1, 7, 2, 6], [3, 11, 4, 10], [5, 18, 6, 19], [7, 13, 8, 12]]"
12a_0209_134,"[[7, 13, 8, 12], [9, 5, 10, 4], [11, 20, 12, 21], [13, 17, 14, 16], [15, 22, 16, 23], [17, 1, 18, 24], [19, 2, 20, 3], [21, 8, 22, 9], [23, 14, 24, 15], [1, 7, 2, 6], [3, 11, 4, 10], [5, 18, 6, 19]]"
12a_0209_135,"[[5, 18, 6, 19], [7, 13, 8, 12], [9, 5, 10, 4], [11, 20, 12, 21], [13, 17, 14, 16], [15, 22, 16, 23], [17, 1, 18, 24], [19, 2, 20, 3], [21, 8, 22, 9], [23, 14, 24, 15], [1, 7, 2, 6], [3, 11, 4, 10]]"
12a_0209_136,"[[3, 11, 4, 10], [5, 18, 6, 19], [7, 13, 8, 12], [9, 5, 10, 4], [11, 20, 12, 21], [13, 17, 14, 16], [15, 22, 16, 23], [17, 1, 18, 24], [19, 2, 20, 3], [21, 8, 22, 9], [23, 14, 24, 15], [1, 7, 2, 6]]"
12a_0209_137,"[[1, 7, 2, 6], [3, 11, 4, 10], [5, 18, 6, 19], [7, 13, 8, 12], [9, 5, 10, 4], [11, 20, 12, 21], [13, 17, 14, 16], [15, 22, 16, 23], [17, 1, 18, 24], [19, 2, 20, 3], [21, 8, 22, 9], [23, 14, 24, 15]]"
12a_0209_138,"[[23, 14, 24, 15], [1, 7, 2, 6], [3, 11, 4, 10], [5, 18, 6, 19], [7, 13, 8, 12], [9, 5, 10, 4], [11, 20, 12, 21], [13, 17, 14, 16], [15, 22, 16, 23], [17, 1, 18, 24], [19, 2, 20, 3], [21, 8, 22, 9]]"
12a_0209_139,"[[21, 8, 22, 9], [23, 14, 24, 15], [1, 7, 2, 6], [3, 11, 4, 10], [5, 18, 6, 19], [7, 13, 8, 12], [9, 5, 10, 4], [11, 20, 12, 21], [13, 17, 14, 16], [15, 22, 16, 23], [17, 1, 18, 24], [19, 2, 20, 3]]"
12a_0209_140,"[[19, 2, 20, 3], [21, 8, 22, 9], [23, 14, 24, 15], [1, 7, 2, 6], [3, 11, 4, 10], [5, 18, 6, 19], [7, 13, 8, 12], [9, 5, 10, 4], [11, 20, 12, 21], [13, 17, 14, 16], [15, 22, 16, 23], [17, 1, 18, 24]]"
12a_0209_141,"[[17, 1, 18, 24], [19, 2, 20, 3], [21, 8, 22, 9], [23, 14, 24, 15], [1, 7, 2, 6], [3, 11, 4, 10], [5, 18, 6, 19], [7, 13, 8, 12], [9, 5, 10, 4], [11, 20, 12, 21], [13, 17, 14, 16], [15, 22, 16, 23]]"
12a_0209_142,"[[15, 22, 16, 23], [17, 1, 18, 24], [19, 2, 20, 3], [21, 8, 22, 9], [23, 14, 24, 15], [1, 7, 2, 6], [3, 11, 4, 10], [5, 18, 6, 19], [7, 13, 8, 12], [9, 5, 10, 4], [11, 20, 12, 21], [13, 17, 14, 16]]"
12a_0209_143,"[[13, 17, 14, 16], [15, 22, 16, 23], [17, 1, 18, 24], [19, 2, 20, 3], [21, 8, 22, 9], [23, 14, 24, 15], [1, 7, 2, 6], [3, 11, 4, 10], [5, 18, 6, 19], [7, 13, 8, 12], [9, 5, 10, 4], [11, 20, 12, 21]]"
12a_0209_144,"[[12, 21, 13, 22], [14, 18, 15, 17], [16, 23, 17, 24], [18, 2, 19, 1], [20, 3, 21, 4], [22, 9, 23, 10], [24, 15, 1, 16], [2, 8, 3, 7], [4, 12, 5, 11], [6, 19, 7, 20], [8, 14, 9, 13], [10, 6, 11, 5]]"
12a_0209_145,"[[10, 6, 11, 5], [12, 21, 13, 22], [14, 18, 15, 17], [16, 23, 17, 24], [18, 2, 19, 1], [20, 3, 21, 4], [22, 9, 23, 10], [24, 15, 1, 16], [2, 8, 3, 7], [4, 12, 5, 11], [6, 19, 7, 20], [8, 14, 9, 13]]"
12a_0209_146,"[[8, 14, 9, 13], [10, 6, 11, 5], [12, 21, 13, 22], [14, 18, 15, 17], [16, 23, 17, 24], [18, 2, 19, 1], [20, 3, 21, 4], [22, 9, 23, 10], [24, 15, 1, 16], [2, 8, 3, 7], [4, 12, 5, 11], [6, 19, 7, 20]]"
12a_0209_147,"[[6, 19, 7, 20], [8, 14, 9, 13], [10, 6, 11, 5], [12, 21, 13, 22], [14, 18, 15, 17], [16, 23, 17, 24], [18, 2, 19, 1], [20, 3, 21, 4], [22, 9, 23, 10], [24, 15, 1, 16], [2, 8, 3, 7], [4, 12, 5, 11]]"
12a_0209_148,"[[4, 12, 5, 11], [6, 19, 7, 20], [8, 14, 9, 13], [10, 6, 11, 5], [12, 21, 13, 22], [14, 18, 15, 17], [16, 23, 17, 24], [18, 2, 19, 1], [20, 3, 21, 4], [22, 9, 23, 10], [24, 15, 1, 16], [2, 8, 3, 7]]"
12a_0209_149,"[[2, 8, 3, 7], [4, 12, 5, 11], [6, 19, 7, 20], [8, 14, 9, 13], [10, 6, 11, 5], [12, 21, 13, 22], [14, 18, 15, 17], [16, 23, 17, 24], [18, 2, 19, 1], [20, 3, 21, 4], [22, 9, 23, 10], [24, 15, 1, 16]]"
12a_0209_150,"[[24, 15, 1, 16], [2, 8, 3, 7], [4, 12, 5, 11], [6, 19, 7, 20], [8, 14, 9, 13], [10, 6, 11, 5], [12, 21, 13, 22], [14, 18, 15, 17], [16, 23, 17, 24], [18, 2, 19, 1], [20, 3, 21, 4], [22, 9, 23, 10]]"
12a_0209_151,"[[22, 9, 23, 10], [24, 15, 1, 16], [2, 8, 3, 7], [4, 12, 5, 11], [6, 19, 7, 20], [8, 14, 9, 13], [10, 6, 11, 5], [12, 21, 13, 22], [14, 18, 15, 17], [16, 23, 17, 24], [18, 2, 19, 1], [20, 3, 21, 4]]"
12a_0209_152,"[[20, 3, 21, 4], [22, 9, 23, 10], [24, 15, 1, 16], [2, 8, 3, 7], [4, 12, 5, 11], [6, 19, 7, 20], [8, 14, 9, 13], [10, 6, 11, 5], [12, 21, 13, 22], [14, 18, 15, 17], [16, 23, 17, 24], [18, 2, 19, 1]]"
12a_0209_153,"[[18, 2, 19, 1], [20, 3, 21, 4], [22, 9, 23, 10], [24, 15, 1, 16], [2, 8, 3, 7], [4, 12, 5, 11], [6, 19, 7, 20], [8, 14, 9, 13], [10, 6, 11, 5], [12, 21, 13, 22], [14, 18, 15, 17], [16, 23, 17, 24]]"
12a_0209_154,"[[16, 23, 17, 24], [18, 2, 19, 1], [20, 3, 21, 4], [22, 9, 23, 10], [24, 15, 1, 16], [2, 8, 3, 7], [4, 12, 5, 11], [6, 19, 7, 20], [8, 14, 9, 13], [10, 6, 11, 5], [12, 21, 13, 22], [14, 18, 15, 17]]"
12a_0209_155,"[[14, 18, 15, 17], [16, 23, 17, 24], [18, 2, 19, 1], [20, 3, 21, 4], [22, 9, 23, 10], [24, 15, 1, 16], [2, 8, 3, 7], [4, 12, 5, 11], [6, 19, 7, 20], [8, 14, 9, 13], [10, 6, 11, 5], [12, 21, 13, 22]]"
12a_0209_156,"[[13, 22, 14, 23], [15, 19, 16, 18], [17, 24, 18, 1], [19, 3, 20, 2], [21, 4, 22, 5], [23, 10, 24, 11], [1, 16, 2, 17], [3, 9, 4, 8], [5, 13, 6, 12], [7, 20, 8, 21], [9, 15, 10, 14], [11, 7, 12, 6]]"
12a_0209_157,"[[11, 7, 12, 6], [13, 22, 14, 23], [15, 19, 16, 18], [17, 24, 18, 1], [19, 3, 20, 2], [21, 4, 22, 5], [23, 10, 24, 11], [1, 16, 2, 17], [3, 9, 4, 8], [5, 13, 6, 12], [7, 20, 8, 21], [9, 15, 10, 14]]"
12a_0209_158,"[[9, 15, 10, 14], [11, 7, 12, 6], [13, 22, 14, 23], [15, 19, 16, 18], [17, 24, 18, 1], [19, 3, 20, 2], [21, 4, 22, 5], [23, 10, 24, 11], [1, 16, 2, 17], [3, 9, 4, 8], [5, 13, 6, 12], [7, 20, 8, 21]]"
12a_0209_159,"[[7, 20, 8, 21], [9, 15, 10, 14], [11, 7, 12, 6], [13, 22, 14, 23], [15, 19, 16, 18], [17, 24, 18, 1], [19, 3, 20, 2], [21, 4, 22, 5], [23, 10, 24, 11], [1, 16, 2, 17], [3, 9, 4, 8], [5, 13, 6, 12]]"
12a_0209_160,"[[5, 13, 6, 12], [7, 20, 8, 21], [9, 15, 10, 14], [11, 7, 12, 6], [13, 22, 14, 23], [15, 19, 16, 18], [17, 24, 18, 1], [19, 3, 20, 2], [21, 4, 22, 5], [23, 10, 24, 11], [1, 16, 2, 17], [3, 9, 4, 8]]"
12a_0209_161,"[[3, 9, 4, 8], [5, 13, 6, 12], [7, 20, 8, 21], [9, 15, 10, 14], [11, 7, 12, 6], [13, 22, 14, 23], [15, 19, 16, 18], [17, 24, 18, 1], [19, 3, 20, 2], [21, 4, 22, 5], [23, 10, 24, 11], [1, 16, 2, 17]]"
12a_0209_162,"[[1, 16, 2, 17], [3, 9, 4, 8], [5, 13, 6, 12], [7, 20, 8, 21], [9, 15, 10, 14], [11, 7, 12, 6], [13, 22, 14, 23], [15, 19, 16, 18], [17, 24, 18, 1], [19, 3, 20, 2], [21, 4, 22, 5], [23, 10, 24, 11]]"
12a_0209_163,"[[23, 10, 24, 11], [1, 16, 2, 17], [3, 9, 4, 8], [5, 13, 6, 12], [7, 20, 8, 21], [9, 15, 10, 14], [11, 7, 12, 6], [13, 22, 14, 23], [15, 19, 16, 18], [17, 24, 18, 1], [19, 3, 20, 2], [21, 4, 22, 5]]"
12a_0209_164,"[[21, 4, 22, 5], [23, 10, 24, 11], [1, 16, 2, 17], [3, 9, 4, 8], [5, 13, 6, 12], [7, 20, 8, 21], [9, 15, 10, 14], [11, 7, 12, 6], [13, 22, 14, 23], [15, 19, 16, 18], [17, 24, 18, 1], [19, 3, 20, 2]]"
12a_0209_165,"[[19, 3, 20, 2], [21, 4, 22, 5], [23, 10, 24, 11], [1, 16, 2, 17], [3, 9, 4, 8], [5, 13, 6, 12], [7, 20, 8, 21], [9, 15, 10, 14], [11, 7, 12, 6], [13, 22, 14, 23], [15, 19, 16, 18], [17, 24, 18, 1]]"
12a_0209_166,"[[17, 24, 18, 1], [19, 3, 20, 2], [21, 4, 22, 5], [23, 10, 24, 11], [1, 16, 2, 17], [3, 9, 4, 8], [5, 13, 6, 12], [7, 20, 8, 21], [9, 15, 10, 14], [11, 7, 12, 6], [13, 22, 14, 23], [15, 19, 16, 18]]"
12a_0209_167,"[[15, 19, 16, 18], [17, 24, 18, 1], [19, 3, 20, 2], [21, 4, 22, 5], [23, 10, 24, 11], [1, 16, 2, 17], [3, 9, 4, 8], [5, 13, 6, 12], [7, 20, 8, 21], [9, 15, 10, 14], [11, 7, 12, 6], [13, 22, 14, 23]]"
12a_0209_168,"[[14, 23, 15, 24], [16, 20, 17, 19], [18, 1, 19, 2], [20, 4, 21, 3], [22, 5, 23, 6], [24, 11, 1, 12], [2, 17, 3, 18], [4, 10, 5, 9], [6, 14, 7, 13], [8, 21, 9, 22], [10, 16, 11, 15], [12, 8, 13, 7]]"
12a_0209_169,"[[12, 8, 13, 7], [14, 23, 15, 24], [16, 20, 17, 19], [18, 1, 19, 2], [20, 4, 21, 3], [22, 5, 23, 6], [24, 11, 1, 12], [2, 17, 3, 18], [4, 10, 5, 9], [6, 14, 7, 13], [8, 21, 9, 22], [10, 16, 11, 15]]"
12a_0209_170,"[[10, 16, 11, 15], [12, 8, 13, 7], [14, 23, 15, 24], [16, 20, 17, 19], [18, 1, 19, 2], [20, 4, 21, 3], [22, 5, 23, 6], [24, 11, 1, 12], [2, 17, 3, 18], [4, 10, 5, 9], [6, 14, 7, 13], [8, 21, 9, 22]]"
12a_0209_171,"[[8, 21, 9, 22], [10, 16, 11, 15], [12, 8, 13, 7], [14, 23, 15, 24], [16, 20, 17, 19], [18, 1, 19, 2], [20, 4, 21, 3], [22, 5, 23, 6], [24, 11, 1, 12], [2, 17, 3, 18], [4, 10, 5, 9], [6, 14, 7, 13]]"
12a_0209_172,"[[6, 14, 7, 13], [8, 21, 9, 22], [10, 16, 11, 15], [12, 8, 13, 7], [14, 23, 15, 24], [16, 20, 17, 19], [18, 1, 19, 2], [20, 4, 21, 3], [22, 5, 23, 6], [24, 11, 1, 12], [2, 17, 3, 18], [4, 10, 5, 9]]"
12a_0209_173,"[[4, 10, 5, 9], [6, 14, 7, 13], [8, 21, 9, 22], [10, 16, 11, 15], [12, 8, 13, 7], [14, 23, 15, 24], [16, 20, 17, 19], [18, 1, 19, 2], [20, 4, 21, 3], [22, 5, 23, 6], [24, 11, 1, 12], [2, 17, 3, 18]]"
12a_0209_174,"[[2, 17, 3, 18], [4, 10, 5, 9], [6, 14, 7, 13], [8, 21, 9, 22], [10, 16, 11, 15], [12, 8, 13, 7], [14, 23, 15, 24], [16, 20, 17, 19], [18, 1, 19, 2], [20, 4, 21, 3], [22, 5, 23, 6], [24, 11, 1, 12]]"
12a_0209_175,"[[24, 11, 1, 12], [2, 17, 3, 18], [4, 10, 5, 9], [6, 14, 7, 13], [8, 21, 9, 22], [10, 16, 11, 15], [12, 8, 13, 7], [14, 23, 15, 24], [16, 20, 17, 19], [18, 1, 19, 2], [20, 4, 21, 3], [22, 5, 23, 6]]"
12a_0209_176,"[[22, 5, 23, 6], [24, 11, 1, 12], [2, 17, 3, 18], [4, 10, 5, 9], [6, 14, 7, 13], [8, 21, 9, 22], [10, 16, 11, 15], [12, 8, 13, 7], [14, 23, 15, 24], [16, 20, 17, 19], [18, 1, 19, 2], [20, 4, 21, 3]]"
12a_0209_177,"[[20, 4, 21, 3], [22, 5, 23, 6], [24, 11, 1, 12], [2, 17, 3, 18], [4, 10, 5, 9], [6, 14, 7, 13], [8, 21, 9, 22], [10, 16, 11, 15], [12, 8, 13, 7], [14, 23, 15, 24], [16, 20, 17, 19], [18, 1, 19, 2]]"
12a_0209_178,"[[18, 1, 19, 2], [20, 4, 21, 3], [22, 5, 23, 6], [24, 11, 1, 12], [2, 17, 3, 18], [4, 10, 5, 9], [6, 14, 7, 13], [8, 21, 9, 22], [10, 16, 11, 15], [12, 8, 13, 7], [14, 23, 15, 24], [16, 20, 17, 19]]"
12a_0209_179,"[[16, 20, 17, 19], [18, 1, 19, 2], [20, 4, 21, 3], [22, 5, 23, 6], [24, 11, 1, 12], [2, 17, 3, 18], [4, 10, 5, 9], [6, 14, 7, 13], [8, 21, 9, 22], [10, 16, 11, 15], [12, 8, 13, 7], [14, 23, 15, 24]]"
12a_0209_180,"[[15, 24, 16, 1], [17, 21, 18, 20], [19, 2, 20, 3], [21, 5, 22, 4], [23, 6, 24, 7], [1, 12, 2, 13], [3, 18, 4, 19], [5, 11, 6, 10], [7, 15, 8, 14], [9, 22, 10, 23], [11, 17, 12, 16], [13, 9, 14, 8]]"
12a_0209_181,"[[13, 9, 14, 8], [15, 24, 16, 1], [17, 21, 18, 20], [19, 2, 20, 3], [21, 5, 22, 4], [23, 6, 24, 7], [1, 12, 2, 13], [3, 18, 4, 19], [5, 11, 6, 10], [7, 15, 8, 14], [9, 22, 10, 23], [11, 17, 12, 16]]"
12a_0209_182,"[[11, 17, 12, 16], [13, 9, 14, 8], [15, 24, 16, 1], [17, 21, 18, 20], [19, 2, 20, 3], [21, 5, 22, 4], [23, 6, 24, 7], [1, 12, 2, 13], [3, 18, 4, 19], [5, 11, 6, 10], [7, 15, 8, 14], [9, 22, 10, 23]]"
12a_0209_183,"[[9, 22, 10, 23], [11, 17, 12, 16], [13, 9, 14, 8], [15, 24, 16, 1], [17, 21, 18, 20], [19, 2, 20, 3], [21, 5, 22, 4], [23, 6, 24, 7], [1, 12, 2, 13], [3, 18, 4, 19], [5, 11, 6, 10], [7, 15, 8, 14]]"
12a_0209_184,"[[7, 15, 8, 14], [9, 22, 10, 23], [11, 17, 12, 16], [13, 9, 14, 8], [15, 24, 16, 1], [17, 21, 18, 20], [19, 2, 20, 3], [21, 5, 22, 4], [23, 6, 24, 7], [1, 12, 2, 13], [3, 18, 4, 19], [5, 11, 6, 10]]"
12a_0209_185,"[[5, 11, 6, 10], [7, 15, 8, 14], [9, 22, 10, 23], [11, 17, 12, 16], [13, 9, 14, 8], [15, 24, 16, 1], [17, 21, 18, 20], [19, 2, 20, 3], [21, 5, 22, 4], [23, 6, 24, 7], [1, 12, 2, 13], [3, 18, 4, 19]]"
