name,pd_notation
12a_0029_0,"[[24, 13, 1, 14], [2, 6, 3, 5], [4, 9, 5, 10], [6, 12, 7, 11], [8, 18, 9, 17], [10, 3, 11, 4], [12, 23, 13, 24], [14, 19, 15, 20], [16, 8, 17, 7], [18, 21, 19, 22], [20, 15, 21, 16], [22, 1, 23, 2]]"
12a_0029_1,"[[22, 1, 23, 2], [24, 13, 1, 14], [2, 6, 3, 5], [4, 9, 5, 10], [6, 12, 7, 11], [8, 18, 9, 17], [10, 3, 11, 4], [12, 23, 13, 24], [14, 19, 15, 20], [16, 8, 17, 7], [18, 21, 19, 22], [20, 15, 21, 16]]"
12a_0029_2,"[[20, 15, 21, 16], [22, 1, 23, 2], [24, 13, 1, 14], [2, 6, 3, 5], [4, 9, 5, 10], [6, 12, 7, 11], [8, 18, 9, 17], [10, 3, 11, 4], [12, 23, 13, 24], [14, 19, 15, 20], [16, 8, 17, 7], [18, 21, 19, 22]]"
12a_0029_3,"[[18, 21, 19, 22], [20, 15, 21, 16], [22, 1, 23, 2], [24, 13, 1, 14], [2, 6, 3, 5], [4, 9, 5, 10], [6, 12, 7, 11], [8, 18, 9, 17], [10, 3, 11, 4], [12, 23, 13, 24], [14, 19, 15, 20], [16, 8, 17, 7]]"
12a_0029_4,"[[16, 8, 17, 7], [18, 21, 19, 22], [20, 15, 21, 16], [22, 1, 23, 2], [24, 13, 1, 14], [2, 6, 3, 5], [4, 9, 5, 10], [6, 12, 7, 11], [8, 18, 9, 17], [10, 3, 11, 4], [12, 23, 13, 24], [14, 19, 15, 20]]"
12a_0029_5,"[[14, 19, 15, 20], [16, 8, 17, 7], [18, 21, 19, 22], [20, 15, 21, 16], [22, 1, 23, 2], [24, 13, 1, 14], [2, 6, 3, 5], [4, 9, 5, 10], [6, 12, 7, 11], [8, 18, 9, 17], [10, 3, 11, 4], [12, 23, 13, 24]]"
12a_0029_6,"[[12, 23, 13, 24], [14, 19, 15, 20], [16, 8, 17, 7], [18, 21, 19, 22], [20, 15, 21, 16], [22, 1, 23, 2], [24, 13, 1, 14], [2, 6, 3, 5], [4, 9, 5, 10], [6, 12, 7, 11], [8, 18, 9, 17], [10, 3, 11, 4]]"
12a_0029_7,"[[10, 3, 11, 4], [12, 23, 13, 24], [14, 19, 15, 20], [16, 8, 17, 7], [18, 21, 19, 22], [20, 15, 21, 16], [22, 1, 23, 2], [24, 13, 1, 14], [2, 6, 3, 5], [4, 9, 5, 10], [6, 12, 7, 11], [8, 18, 9, 17]]"
12a_0029_8,"[[8, 18, 9, 17], [10, 3, 11, 4], [12, 23, 13, 24], [14, 19, 15, 20], [16, 8, 17, 7], [18, 21, 19, 22], [20, 15, 21, 16], [22, 1, 23, 2], [24, 13, 1, 14], [2, 6, 3, 5], [4, 9, 5, 10], [6, 12, 7, 11]]"
12a_0029_9,"[[6, 12, 7, 11], [8, 18, 9, 17], [10, 3, 11, 4], [12, 23, 13, 24], [14, 19, 15, 20], [16, 8, 17, 7], [18, 21, 19, 22], [20, 15, 21, 16], [22, 1, 23, 2], [24, 13, 1, 14], [2, 6, 3, 5], [4, 9, 5, 10]]"
12a_0029_10,"[[4, 9, 5, 10], [6, 12, 7, 11], [8, 18, 9, 17], [10, 3, 11, 4], [12, 23, 13, 24], [14, 19, 15, 20], [16, 8, 17, 7], [18, 21, 19, 22], [20, 15, 21, 16], [22, 1, 23, 2], [24, 13, 1, 14], [2, 6, 3, 5]]"
12a_0029_11,"[[2, 6, 3, 5], [4, 9, 5, 10], [6, 12, 7, 11], [8, 18, 9, 17], [10, 3, 11, 4], [12, 23, 13, 24], [14, 19, 15, 20], [16, 8, 17, 7], [18, 21, 19, 22], [20, 15, 21, 16], [22, 1, 23, 2], [24, 13, 1, 14]]"
12a_0029_12,"[[1, 14, 2, 15], [3, 7, 4, 6], [5, 10, 6, 11], [7, 13, 8, 12], [9, 19, 10, 18], [11, 4, 12, 5], [13, 24, 14, 1], [15, 20, 16, 21], [17, 9, 18, 8], [19, 22, 20, 23], [21, 16, 22, 17], [23, 2, 24, 3]]"
12a_0029_13,"[[23, 2, 24, 3], [1, 14, 2, 15], [3, 7, 4, 6], [5, 10, 6, 11], [7, 13, 8, 12], [9, 19, 10, 18], [11, 4, 12, 5], [13, 24, 14, 1], [15, 20, 16, 21], [17, 9, 18, 8], [19, 22, 20, 23], [21, 16, 22, 17]]"
12a_0029_14,"[[21, 16, 22, 17], [23, 2, 24, 3], [1, 14, 2, 15], [3, 7, 4, 6], [5, 10, 6, 11], [7, 13, 8, 12], [9, 19, 10, 18], [11, 4, 12, 5], [13, 24, 14, 1], [15, 20, 16, 21], [17, 9, 18, 8], [19, 22, 20, 23]]"
12a_0029_15,"[[19, 22, 20, 23], [21, 16, 22, 17], [23, 2, 24, 3], [1, 14, 2, 15], [3, 7, 4, 6], [5, 10, 6, 11], [7, 13, 8, 12], [9, 19, 10, 18], [11, 4, 12, 5], [13, 24, 14, 1], [15, 20, 16, 21], [17, 9, 18, 8]]"
12a_0029_16,"[[17, 9, 18, 8], [19, 22, 20, 23], [21, 16, 22, 17], [23, 2, 24, 3], [1, 14, 2, 15], [3, 7, 4, 6], [5, 10, 6, 11], [7, 13, 8, 12], [9, 19, 10, 18], [11, 4, 12, 5], [13, 24, 14, 1], [15, 20, 16, 21]]"
12a_0029_17,"[[15, 20, 16, 21], [17, 9, 18, 8], [19, 22, 20, 23], [21, 16, 22, 17], [23, 2, 24, 3], [1, 14, 2, 15], [3, 7, 4, 6], [5, 10, 6, 11], [7, 13, 8, 12], [9, 19, 10, 18], [11, 4, 12, 5], [13, 24, 14, 1]]"
12a_0029_18,"[[13, 24, 14, 1], [15, 20, 16, 21], [17, 9, 18, 8], [19, 22, 20, 23], [21, 16, 22, 17], [23, 2, 24, 3], [1, 14, 2, 15], [3, 7, 4, 6], [5, 10, 6, 11], [7, 13, 8, 12], [9, 19, 10, 18], [11, 4, 12, 5]]"
12a_0029_19,"[[11, 4, 12, 5], [13, 24, 14, 1], [15, 20, 16, 21], [17, 9, 18, 8], [19, 22, 20, 23], [21, 16, 22, 17], [23, 2, 24, 3], [1, 14, 2, 15], [3, 7, 4, 6], [5, 10, 6, 11], [7, 13, 8, 12], [9, 19, 10, 18]]"
12a_0029_20,"[[9, 19, 10, 18], [11, 4, 12, 5], [13, 24, 14, 1], [15, 20, 16, 21], [17, 9, 18, 8], [19, 22, 20, 23], [21, 16, 22, 17], [23, 2, 24, 3], [1, 14, 2, 15], [3, 7, 4, 6], [5, 10, 6, 11], [7, 13, 8, 12]]"
12a_0029_21,"[[7, 13, 8, 12], [9, 19, 10, 18], [11, 4, 12, 5], [13, 24, 14, 1], [15, 20, 16, 21], [17, 9, 18, 8], [19, 22, 20, 23], [21, 16, 22, 17], [23, 2, 24, 3], [1, 14, 2, 15], [3, 7, 4, 6], [5, 10, 6, 11]]"
12a_0029_22,"[[5, 10, 6, 11], [7, 13, 8, 12], [9, 19, 10, 18], [11, 4, 12, 5], [13, 24, 14, 1], [15, 20, 16, 21], [17, 9, 18, 8], [19, 22, 20, 23], [21, 16, 22, 17], [23, 2, 24, 3], [1, 14, 2, 15], [3, 7, 4, 6]]"
12a_0029_23,"[[3, 7, 4, 6], [5, 10, 6, 11], [7, 13, 8, 12], [9, 19, 10, 18], [11, 4, 12, 5], [13, 24, 14, 1], [15, 20, 16, 21], [17, 9, 18, 8], [19, 22, 20, 23], [21, 16, 22, 17], [23, 2, 24, 3], [1, 14, 2, 15]]"
12a_0029_24,"[[2, 15, 3, 16], [4, 8, 5, 7], [6, 11, 7, 12], [8, 14, 9, 13], [10, 20, 11, 19], [12, 5, 13, 6], [14, 1, 15, 2], [16, 21, 17, 22], [18, 10, 19, 9], [20, 23, 21, 24], [22, 17, 23, 18], [24, 3, 1, 4]]"
12a_0029_25,"[[24, 3, 1, 4], [2, 15, 3, 16], [4, 8, 5, 7], [6, 11, 7, 12], [8, 14, 9, 13], [10, 20, 11, 19], [12, 5, 13, 6], [14, 1, 15, 2], [16, 21, 17, 22], [18, 10, 19, 9], [20, 23, 21, 24], [22, 17, 23, 18]]"
12a_0029_26,"[[22, 17, 23, 18], [24, 3, 1, 4], [2, 15, 3, 16], [4, 8, 5, 7], [6, 11, 7, 12], [8, 14, 9, 13], [10, 20, 11, 19], [12, 5, 13, 6], [14, 1, 15, 2], [16, 21, 17, 22], [18, 10, 19, 9], [20, 23, 21, 24]]"
12a_0029_27,"[[20, 23, 21, 24], [22, 17, 23, 18], [24, 3, 1, 4], [2, 15, 3, 16], [4, 8, 5, 7], [6, 11, 7, 12], [8, 14, 9, 13], [10, 20, 11, 19], [12, 5, 13, 6], [14, 1, 15, 2], [16, 21, 17, 22], [18, 10, 19, 9]]"
12a_0029_28,"[[18, 10, 19, 9], [20, 23, 21, 24], [22, 17, 23, 18], [24, 3, 1, 4], [2, 15, 3, 16], [4, 8, 5, 7], [6, 11, 7, 12], [8, 14, 9, 13], [10, 20, 11, 19], [12, 5, 13, 6], [14, 1, 15, 2], [16, 21, 17, 22]]"
12a_0029_29,"[[16, 21, 17, 22], [18, 10, 19, 9], [20, 23, 21, 24], [22, 17, 23, 18], [24, 3, 1, 4], [2, 15, 3, 16], [4, 8, 5, 7], [6, 11, 7, 12], [8, 14, 9, 13], [10, 20, 11, 19], [12, 5, 13, 6], [14, 1, 15, 2]]"
12a_0029_30,"[[14, 1, 15, 2], [16, 21, 17, 22], [18, 10, 19, 9], [20, 23, 21, 24], [22, 17, 23, 18], [24, 3, 1, 4], [2, 15, 3, 16], [4, 8, 5, 7], [6, 11, 7, 12], [8, 14, 9, 13], [10, 20, 11, 19], [12, 5, 13, 6]]"
12a_0029_31,"[[12, 5, 13, 6], [14, 1, 15, 2], [16, 21, 17, 22], [18, 10, 19, 9], [20, 23, 21, 24], [22, 17, 23, 18], [24, 3, 1, 4], [2, 15, 3, 16], [4, 8, 5, 7], [6, 11, 7, 12], [8, 14, 9, 13], [10, 20, 11, 19]]"
12a_0029_32,"[[10, 20, 11, 19], [12, 5, 13, 6], [14, 1, 15, 2], [16, 21, 17, 22], [18, 10, 19, 9], [20, 23, 21, 24], [22, 17, 23, 18], [24, 3, 1, 4], [2, 15, 3, 16], [4, 8, 5, 7], [6, 11, 7, 12], [8, 14, 9, 13]]"
12a_0029_33,"[[8, 14, 9, 13], [10, 20, 11, 19], [12, 5, 13, 6], [14, 1, 15, 2], [16, 21, 17, 22], [18, 10, 19, 9], [20, 23, 21, 24], [22, 17, 23, 18], [24, 3, 1, 4], [2, 15, 3, 16], [4, 8, 5, 7], [6, 11, 7, 12]]"
12a_0029_34,"[[6, 11, 7, 12], [8, 14, 9, 13], [10, 20, 11, 19], [12, 5, 13, 6], [14, 1, 15, 2], [16, 21, 17, 22], [18, 10, 19, 9], [20, 23, 21, 24], [22, 17, 23, 18], [24, 3, 1, 4], [2, 15, 3, 16], [4, 8, 5, 7]]"
12a_0029_35,"[[4, 8, 5, 7], [6, 11, 7, 12], [8, 14, 9, 13], [10, 20, 11, 19], [12, 5, 13, 6], [14, 1, 15, 2], [16, 21, 17, 22], [18, 10, 19, 9], [20, 23, 21, 24], [22, 17, 23, 18], [24, 3, 1, 4], [2, 15, 3, 16]]"
12a_0029_36,"[[3, 16, 4, 17], [5, 9, 6, 8], [7, 12, 8, 13], [9, 15, 10, 14], [11, 21, 12, 20], [13, 6, 14, 7], [15, 2, 16, 3], [17, 22, 18, 23], [19, 11, 20, 10], [21, 24, 22, 1], [23, 18, 24, 19], [1, 4, 2, 5]]"
12a_0029_37,"[[1, 4, 2, 5], [3, 16, 4, 17], [5, 9, 6, 8], [7, 12, 8, 13], [9, 15, 10, 14], [11, 21, 12, 20], [13, 6, 14, 7], [15, 2, 16, 3], [17, 22, 18, 23], [19, 11, 20, 10], [21, 24, 22, 1], [23, 18, 24, 19]]"
12a_0029_38,"[[23, 18, 24, 19], [1, 4, 2, 5], [3, 16, 4, 17], [5, 9, 6, 8], [7, 12, 8, 13], [9, 15, 10, 14], [11, 21, 12, 20], [13, 6, 14, 7], [15, 2, 16, 3], [17, 22, 18, 23], [19, 11, 20, 10], [21, 24, 22, 1]]"
12a_0029_39,"[[21, 24, 22, 1], [23, 18, 24, 19], [1, 4, 2, 5], [3, 16, 4, 17], [5, 9, 6, 8], [7, 12, 8, 13], [9, 15, 10, 14], [11, 21, 12, 20], [13, 6, 14, 7], [15, 2, 16, 3], [17, 22, 18, 23], [19, 11, 20, 10]]"
12a_0029_40,"[[19, 11, 20, 10], [21, 24, 22, 1], [23, 18, 24, 19], [1, 4, 2, 5], [3, 16, 4, 17], [5, 9, 6, 8], [7, 12, 8, 13], [9, 15, 10, 14], [11, 21, 12, 20], [13, 6, 14, 7], [15, 2, 16, 3], [17, 22, 18, 23]]"
12a_0029_41,"[[17, 22, 18, 23], [19, 11, 20, 10], [21, 24, 22, 1], [23, 18, 24, 19], [1, 4, 2, 5], [3, 16, 4, 17], [5, 9, 6, 8], [7, 12, 8, 13], [9, 15, 10, 14], [11, 21, 12, 20], [13, 6, 14, 7], [15, 2, 16, 3]]"
12a_0029_42,"[[15, 2, 16, 3], [17, 22, 18, 23], [19, 11, 20, 10], [21, 24, 22, 1], [23, 18, 24, 19], [1, 4, 2, 5], [3, 16, 4, 17], [5, 9, 6, 8], [7, 12, 8, 13], [9, 15, 10, 14], [11, 21, 12, 20], [13, 6, 14, 7]]"
12a_0029_43,"[[13, 6, 14, 7], [15, 2, 16, 3], [17, 22, 18, 23], [19, 11, 20, 10], [21, 24, 22, 1], [23, 18, 24, 19], [1, 4, 2, 5], [3, 16, 4, 17], [5, 9, 6, 8], [7, 12, 8, 13], [9, 15, 10, 14], [11, 21, 12, 20]]"
12a_0029_44,"[[11, 21, 12, 20], [13, 6, 14, 7], [15, 2, 16, 3], [17, 22, 18, 23], [19, 11, 20, 10], [21, 24, 22, 1], [23, 18, 24, 19], [1, 4, 2, 5], [3, 16, 4, 17], [5, 9, 6, 8], [7, 12, 8, 13], [9, 15, 10, 14]]"
12a_0029_45,"[[9, 15, 10, 14], [11, 21, 12, 20], [13, 6, 14, 7], [15, 2, 16, 3], [17, 22, 18, 23], [19, 11, 20, 10], [21, 24, 22, 1], [23, 18, 24, 19], [1, 4, 2, 5], [3, 16, 4, 17], [5, 9, 6, 8], [7, 12, 8, 13]]"
12a_0029_46,"[[7, 12, 8, 13], [9, 15, 10, 14], [11, 21, 12, 20], [13, 6, 14, 7], [15, 2, 16, 3], [17, 22, 18, 23], [19, 11, 20, 10], [21, 24, 22, 1], [23, 18, 24, 19], [1, 4, 2, 5], [3, 16, 4, 17], [5, 9, 6, 8]]"
12a_0029_47,"[[5, 9, 6, 8], [7, 12, 8, 13], [9, 15, 10, 14], [11, 21, 12, 20], [13, 6, 14, 7], [15, 2, 16, 3], [17, 22, 18, 23], [19, 11, 20, 10], [21, 24, 22, 1], [23, 18, 24, 19], [1, 4, 2, 5], [3, 16, 4, 17]]"
12a_0029_48,"[[4, 17, 5, 18], [6, 10, 7, 9], [8, 13, 9, 14], [10, 16, 11, 15], [12, 22, 13, 21], [14, 7, 15, 8], [16, 3, 17, 4], [18, 23, 19, 24], [20, 12, 21, 11], [22, 1, 23, 2], [24, 19, 1, 20], [2, 5, 3, 6]]"
12a_0029_49,"[[2, 5, 3, 6], [4, 17, 5, 18], [6, 10, 7, 9], [8, 13, 9, 14], [10, 16, 11, 15], [12, 22, 13, 21], [14, 7, 15, 8], [16, 3, 17, 4], [18, 23, 19, 24], [20, 12, 21, 11], [22, 1, 23, 2], [24, 19, 1, 20]]"
12a_0029_50,"[[24, 19, 1, 20], [2, 5, 3, 6], [4, 17, 5, 18], [6, 10, 7, 9], [8, 13, 9, 14], [10, 16, 11, 15], [12, 22, 13, 21], [14, 7, 15, 8], [16, 3, 17, 4], [18, 23, 19, 24], [20, 12, 21, 11], [22, 1, 23, 2]]"
12a_0029_51,"[[22, 1, 23, 2], [24, 19, 1, 20], [2, 5, 3, 6], [4, 17, 5, 18], [6, 10, 7, 9], [8, 13, 9, 14], [10, 16, 11, 15], [12, 22, 13, 21], [14, 7, 15, 8], [16, 3, 17, 4], [18, 23, 19, 24], [20, 12, 21, 11]]"
12a_0029_52,"[[20, 12, 21, 11], [22, 1, 23, 2], [24, 19, 1, 20], [2, 5, 3, 6], [4, 17, 5, 18], [6, 10, 7, 9], [8, 13, 9, 14], [10, 16, 11, 15], [12, 22, 13, 21], [14, 7, 15, 8], [16, 3, 17, 4], [18, 23, 19, 24]]"
12a_0029_53,"[[18, 23, 19, 24], [20, 12, 21, 11], [22, 1, 23, 2], [24, 19, 1, 20], [2, 5, 3, 6], [4, 17, 5, 18], [6, 10, 7, 9], [8, 13, 9, 14], [10, 16, 11, 15], [12, 22, 13, 21], [14, 7, 15, 8], [16, 3, 17, 4]]"
12a_0029_54,"[[16, 3, 17, 4], [18, 23, 19, 24], [20, 12, 21, 11], [22, 1, 23, 2], [24, 19, 1, 20], [2, 5, 3, 6], [4, 17, 5, 18], [6, 10, 7, 9], [8, 13, 9, 14], [10, 16, 11, 15], [12, 22, 13, 21], [14, 7, 15, 8]]"
12a_0029_55,"[[14, 7, 15, 8], [16, 3, 17, 4], [18, 23, 19, 24], [20, 12, 21, 11], [22, 1, 23, 2], [24, 19, 1, 20], [2, 5, 3, 6], [4, 17, 5, 18], [6, 10, 7, 9], [8, 13, 9, 14], [10, 16, 11, 15], [12, 22, 13, 21]]"
12a_0029_56,"[[12, 22, 13, 21], [14, 7, 15, 8], [16, 3, 17, 4], [18, 23, 19, 24], [20, 12, 21, 11], [22, 1, 23, 2], [24, 19, 1, 20], [2, 5, 3, 6], [4, 17, 5, 18], [6, 10, 7, 9], [8, 13, 9, 14], [10, 16, 11, 15]]"
12a_0029_57,"[[10, 16, 11, 15], [12, 22, 13, 21], [14, 7, 15, 8], [16, 3, 17, 4], [18, 23, 19, 24], [20, 12, 21, 11], [22, 1, 23, 2], [24, 19, 1, 20], [2, 5, 3, 6], [4, 17, 5, 18], [6, 10, 7, 9], [8, 13, 9, 14]]"
12a_0029_58,"[[8, 13, 9, 14], [10, 16, 11, 15], [12, 22, 13, 21], [14, 7, 15, 8], [16, 3, 17, 4], [18, 23, 19, 24], [20, 12, 21, 11], [22, 1, 23, 2], [24, 19, 1, 20], [2, 5, 3, 6], [4, 17, 5, 18], [6, 10, 7, 9]]"
12a_0029_59,"[[6, 10, 7, 9], [8, 13, 9, 14], [10, 16, 11, 15], [12, 22, 13, 21], [14, 7, 15, 8], [16, 3, 17, 4], [18, 23, 19, 24], [20, 12, 21, 11], [22, 1, 23, 2], [24, 19, 1, 20], [2, 5, 3, 6], [4, 17, 5, 18]]"
12a_0029_60,"[[5, 18, 6, 19], [7, 11, 8, 10], [9, 14, 10, 15], [11, 17, 12, 16], [13, 23, 14, 22], [15, 8, 16, 9], [17, 4, 18, 5], [19, 24, 20, 1], [21, 13, 22, 12], [23, 2, 24, 3], [1, 20, 2, 21], [3, 6, 4, 7]]"
12a_0029_61,"[[3, 6, 4, 7], [5, 18, 6, 19], [7, 11, 8, 10], [9, 14, 10, 15], [11, 17, 12, 16], [13, 23, 14, 22], [15, 8, 16, 9], [17, 4, 18, 5], [19, 24, 20, 1], [21, 13, 22, 12], [23, 2, 24, 3], [1, 20, 2, 21]]"
12a_0029_62,"[[1, 20, 2, 21], [3, 6, 4, 7], [5, 18, 6, 19], [7, 11, 8, 10], [9, 14, 10, 15], [11, 17, 12, 16], [13, 23, 14, 22], [15, 8, 16, 9], [17, 4, 18, 5], [19, 24, 20, 1], [21, 13, 22, 12], [23, 2, 24, 3]]"
12a_0029_63,"[[23, 2, 24, 3], [1, 20, 2, 21], [3, 6, 4, 7], [5, 18, 6, 19], [7, 11, 8, 10], [9, 14, 10, 15], [11, 17, 12, 16], [13, 23, 14, 22], [15, 8, 16, 9], [17, 4, 18, 5], [19, 24, 20, 1], [21, 13, 22, 12]]"
12a_0029_64,"[[21, 13, 22, 12], [23, 2, 24, 3], [1, 20, 2, 21], [3, 6, 4, 7], [5, 18, 6, 19], [7, 11, 8, 10], [9, 14, 10, 15], [11, 17, 12, 16], [13, 23, 14, 22], [15, 8, 16, 9], [17, 4, 18, 5], [19, 24, 20, 1]]"
12a_0029_65,"[[19, 24, 20, 1], [21, 13, 22, 12], [23, 2, 24, 3], [1, 20, 2, 21], [3, 6, 4, 7], [5, 18, 6, 19], [7, 11, 8, 10], [9, 14, 10, 15], [11, 17, 12, 16], [13, 23, 14, 22], [15, 8, 16, 9], [17, 4, 18, 5]]"
12a_0029_66,"[[17, 4, 18, 5], [19, 24, 20, 1], [21, 13, 22, 12], [23, 2, 24, 3], [1, 20, 2, 21], [3, 6, 4, 7], [5, 18, 6, 19], [7, 11, 8, 10], [9, 14, 10, 15], [11, 17, 12, 16], [13, 23, 14, 22], [15, 8, 16, 9]]"
12a_0029_67,"[[15, 8, 16, 9], [17, 4, 18, 5], [19, 24, 20, 1], [21, 13, 22, 12], [23, 2, 24, 3], [1, 20, 2, 21], [3, 6, 4, 7], [5, 18, 6, 19], [7, 11, 8, 10], [9, 14, 10, 15], [11, 17, 12, 16], [13, 23, 14, 22]]"
12a_0029_68,"[[13, 23, 14, 22], [15, 8, 16, 9], [17, 4, 18, 5], [19, 24, 20, 1], [21, 13, 22, 12], [23, 2, 24, 3], [1, 20, 2, 21], [3, 6, 4, 7], [5, 18, 6, 19], [7, 11, 8, 10], [9, 14, 10, 15], [11, 17, 12, 16]]"
12a_0029_69,"[[11, 17, 12, 16], [13, 23, 14, 22], [15, 8, 16, 9], [17, 4, 18, 5], [19, 24, 20, 1], [21, 13, 22, 12], [23, 2, 24, 3], [1, 20, 2, 21], [3, 6, 4, 7], [5, 18, 6, 19], [7, 11, 8, 10], [9, 14, 10, 15]]"
12a_0029_70,"[[9, 14, 10, 15], [11, 17, 12, 16], [13, 23, 14, 22], [15, 8, 16, 9], [17, 4, 18, 5], [19, 24, 20, 1], [21, 13, 22, 12], [23, 2, 24, 3], [1, 20, 2, 21], [3, 6, 4, 7], [5, 18, 6, 19], [7, 11, 8, 10]]"
12a_0029_71,"[[7, 11, 8, 10], [9, 14, 10, 15], [11, 17, 12, 16], [13, 23, 14, 22], [15, 8, 16, 9], [17, 4, 18, 5], [19, 24, 20, 1], [21, 13, 22, 12], [23, 2, 24, 3], [1, 20, 2, 21], [3, 6, 4, 7], [5, 18, 6, 19]]"
12a_0029_72,"[[6, 19, 7, 20], [8, 12, 9, 11], [10, 15, 11, 16], [12, 18, 13, 17], [14, 24, 15, 23], [16, 9, 17, 10], [18, 5, 19, 6], [20, 1, 21, 2], [22, 14, 23, 13], [24, 3, 1, 4], [2, 21, 3, 22], [4, 7, 5, 8]]"
12a_0029_73,"[[4, 7, 5, 8], [6, 19, 7, 20], [8, 12, 9, 11], [10, 15, 11, 16], [12, 18, 13, 17], [14, 24, 15, 23], [16, 9, 17, 10], [18, 5, 19, 6], [20, 1, 21, 2], [22, 14, 23, 13], [24, 3, 1, 4], [2, 21, 3, 22]]"
12a_0029_74,"[[2, 21, 3, 22], [4, 7, 5, 8], [6, 19, 7, 20], [8, 12, 9, 11], [10, 15, 11, 16], [12, 18, 13, 17], [14, 24, 15, 23], [16, 9, 17, 10], [18, 5, 19, 6], [20, 1, 21, 2], [22, 14, 23, 13], [24, 3, 1, 4]]"
12a_0029_75,"[[24, 3, 1, 4], [2, 21, 3, 22], [4, 7, 5, 8], [6, 19, 7, 20], [8, 12, 9, 11], [10, 15, 11, 16], [12, 18, 13, 17], [14, 24, 15, 23], [16, 9, 17, 10], [18, 5, 19, 6], [20, 1, 21, 2], [22, 14, 23, 13]]"
12a_0029_76,"[[22, 14, 23, 13], [24, 3, 1, 4], [2, 21, 3, 22], [4, 7, 5, 8], [6, 19, 7, 20], [8, 12, 9, 11], [10, 15, 11, 16], [12, 18, 13, 17], [14, 24, 15, 23], [16, 9, 17, 10], [18, 5, 19, 6], [20, 1, 21, 2]]"
12a_0029_77,"[[20, 1, 21, 2], [22, 14, 23, 13], [24, 3, 1, 4], [2, 21, 3, 22], [4, 7, 5, 8], [6, 19, 7, 20], [8, 12, 9, 11], [10, 15, 11, 16], [12, 18, 13, 17], [14, 24, 15, 23], [16, 9, 17, 10], [18, 5, 19, 6]]"
12a_0029_78,"[[18, 5, 19, 6], [20, 1, 21, 2], [22, 14, 23, 13], [24, 3, 1, 4], [2, 21, 3, 22], [4, 7, 5, 8], [6, 19, 7, 20], [8, 12, 9, 11], [10, 15, 11, 16], [12, 18, 13, 17], [14, 24, 15, 23], [16, 9, 17, 10]]"
12a_0029_79,"[[16, 9, 17, 10], [18, 5, 19, 6], [20, 1, 21, 2], [22, 14, 23, 13], [24, 3, 1, 4], [2, 21, 3, 22], [4, 7, 5, 8], [6, 19, 7, 20], [8, 12, 9, 11], [10, 15, 11, 16], [12, 18, 13, 17], [14, 24, 15, 23]]"
12a_0029_80,"[[14, 24, 15, 23], [16, 9, 17, 10], [18, 5, 19, 6], [20, 1, 21, 2], [22, 14, 23, 13], [24, 3, 1, 4], [2, 21, 3, 22], [4, 7, 5, 8], [6, 19, 7, 20], [8, 12, 9, 11], [10, 15, 11, 16], [12, 18, 13, 17]]"
12a_0029_81,"[[12, 18, 13, 17], [14, 24, 15, 23], [16, 9, 17, 10], [18, 5, 19, 6], [20, 1, 21, 2], [22, 14, 23, 13], [24, 3, 1, 4], [2, 21, 3, 22], [4, 7, 5, 8], [6, 19, 7, 20], [8, 12, 9, 11], [10, 15, 11, 16]]"
12a_0029_82,"[[10, 15, 11, 16], [12, 18, 13, 17], [14, 24, 15, 23], [16, 9, 17, 10], [18, 5, 19, 6], [20, 1, 21, 2], [22, 14, 23, 13], [24, 3, 1, 4], [2, 21, 3, 22], [4, 7, 5, 8], [6, 19, 7, 20], [8, 12, 9, 11]]"
12a_0029_83,"[[8, 12, 9, 11], [10, 15, 11, 16], [12, 18, 13, 17], [14, 24, 15, 23], [16, 9, 17, 10], [18, 5, 19, 6], [20, 1, 21, 2], [22, 14, 23, 13], [24, 3, 1, 4], [2, 21, 3, 22], [4, 7, 5, 8], [6, 19, 7, 20]]"
12a_0029_84,"[[7, 20, 8, 21], [9, 13, 10, 12], [11, 16, 12, 17], [13, 19, 14, 18], [15, 1, 16, 24], [17, 10, 18, 11], [19, 6, 20, 7], [21, 2, 22, 3], [23, 15, 24, 14], [1, 4, 2, 5], [3, 22, 4, 23], [5, 8, 6, 9]]"
12a_0029_85,"[[5, 8, 6, 9], [7, 20, 8, 21], [9, 13, 10, 12], [11, 16, 12, 17], [13, 19, 14, 18], [15, 1, 16, 24], [17, 10, 18, 11], [19, 6, 20, 7], [21, 2, 22, 3], [23, 15, 24, 14], [1, 4, 2, 5], [3, 22, 4, 23]]"
12a_0029_86,"[[3, 22, 4, 23], [5, 8, 6, 9], [7, 20, 8, 21], [9, 13, 10, 12], [11, 16, 12, 17], [13, 19, 14, 18], [15, 1, 16, 24], [17, 10, 18, 11], [19, 6, 20, 7], [21, 2, 22, 3], [23, 15, 24, 14], [1, 4, 2, 5]]"
12a_0029_87,"[[1, 4, 2, 5], [3, 22, 4, 23], [5, 8, 6, 9], [7, 20, 8, 21], [9, 13, 10, 12], [11, 16, 12, 17], [13, 19, 14, 18], [15, 1, 16, 24], [17, 10, 18, 11], [19, 6, 20, 7], [21, 2, 22, 3], [23, 15, 24, 14]]"
12a_0029_88,"[[23, 15, 24, 14], [1, 4, 2, 5], [3, 22, 4, 23], [5, 8, 6, 9], [7, 20, 8, 21], [9, 13, 10, 12], [11, 16, 12, 17], [13, 19, 14, 18], [15, 1, 16, 24], [17, 10, 18, 11], [19, 6, 20, 7], [21, 2, 22, 3]]"
12a_0029_89,"[[21, 2, 22, 3], [23, 15, 24, 14], [1, 4, 2, 5], [3, 22, 4, 23], [5, 8, 6, 9], [7, 20, 8, 21], [9, 13, 10, 12], [11, 16, 12, 17], [13, 19, 14, 18], [15, 1, 16, 24], [17, 10, 18, 11], [19, 6, 20, 7]]"
12a_0029_90,"[[19, 6, 20, 7], [21, 2, 22, 3], [23, 15, 24, 14], [1, 4, 2, 5], [3, 22, 4, 23], [5, 8, 6, 9], [7, 20, 8, 21], [9, 13, 10, 12], [11, 16, 12, 17], [13, 19, 14, 18], [15, 1, 16, 24], [17, 10, 18, 11]]"
12a_0029_91,"[[17, 10, 18, 11], [19, 6, 20, 7], [21, 2, 22, 3], [23, 15, 24, 14], [1, 4, 2, 5], [3, 22, 4, 23], [5, 8, 6, 9], [7, 20, 8, 21], [9, 13, 10, 12], [11, 16, 12, 17], [13, 19, 14, 18], [15, 1, 16, 24]]"
12a_0029_92,"[[15, 1, 16, 24], [17, 10, 18, 11], [19, 6, 20, 7], [21, 2, 22, 3], [23, 15, 24, 14], [1, 4, 2, 5], [3, 22, 4, 23], [5, 8, 6, 9], [7, 20, 8, 21], [9, 13, 10, 12], [11, 16, 12, 17], [13, 19, 14, 18]]"
12a_0029_93,"[[13, 19, 14, 18], [15, 1, 16, 24], [17, 10, 18, 11], [19, 6, 20, 7], [21, 2, 22, 3], [23, 15, 24, 14], [1, 4, 2, 5], [3, 22, 4, 23], [5, 8, 6, 9], [7, 20, 8, 21], [9, 13, 10, 12], [11, 16, 12, 17]]"
12a_0029_94,"[[11, 16, 12, 17], [13, 19, 14, 18], [15, 1, 16, 24], [17, 10, 18, 11], [19, 6, 20, 7], [21, 2, 22, 3], [23, 15, 24, 14], [1, 4, 2, 5], [3, 22, 4, 23], [5, 8, 6, 9], [7, 20, 8, 21], [9, 13, 10, 12]]"
12a_0029_95,"[[9, 13, 10, 12], [11, 16, 12, 17], [13, 19, 14, 18], [15, 1, 16, 24], [17, 10, 18, 11], [19, 6, 20, 7], [21, 2, 22, 3], [23, 15, 24, 14], [1, 4, 2, 5], [3, 22, 4, 23], [5, 8, 6, 9], [7, 20, 8, 21]]"
12a_0029_96,"[[8, 21, 9, 22], [10, 14, 11, 13], [12, 17, 13, 18], [14, 20, 15, 19], [16, 2, 17, 1], [18, 11, 19, 12], [20, 7, 21, 8], [22, 3, 23, 4], [24, 16, 1, 15], [2, 5, 3, 6], [4, 23, 5, 24], [6, 9, 7, 10]]"
12a_0029_97,"[[6, 9, 7, 10], [8, 21, 9, 22], [10, 14, 11, 13], [12, 17, 13, 18], [14, 20, 15, 19], [16, 2, 17, 1], [18, 11, 19, 12], [20, 7, 21, 8], [22, 3, 23, 4], [24, 16, 1, 15], [2, 5, 3, 6], [4, 23, 5, 24]]"
12a_0029_98,"[[4, 23, 5, 24], [6, 9, 7, 10], [8, 21, 9, 22], [10, 14, 11, 13], [12, 17, 13, 18], [14, 20, 15, 19], [16, 2, 17, 1], [18, 11, 19, 12], [20, 7, 21, 8], [22, 3, 23, 4], [24, 16, 1, 15], [2, 5, 3, 6]]"
12a_0029_99,"[[2, 5, 3, 6], [4, 23, 5, 24], [6, 9, 7, 10], [8, 21, 9, 22], [10, 14, 11, 13], [12, 17, 13, 18], [14, 20, 15, 19], [16, 2, 17, 1], [18, 11, 19, 12], [20, 7, 21, 8], [22, 3, 23, 4], [24, 16, 1, 15]]"
12a_0029_100,"[[24, 16, 1, 15], [2, 5, 3, 6], [4, 23, 5, 24], [6, 9, 7, 10], [8, 21, 9, 22], [10, 14, 11, 13], [12, 17, 13, 18], [14, 20, 15, 19], [16, 2, 17, 1], [18, 11, 19, 12], [20, 7, 21, 8], [22, 3, 23, 4]]"
12a_0029_101,"[[22, 3, 23, 4], [24, 16, 1, 15], [2, 5, 3, 6], [4, 23, 5, 24], [6, 9, 7, 10], [8, 21, 9, 22], [10, 14, 11, 13], [12, 17, 13, 18], [14, 20, 15, 19], [16, 2, 17, 1], [18, 11, 19, 12], [20, 7, 21, 8]]"
12a_0029_102,"[[20, 7, 21, 8], [22, 3, 23, 4], [24, 16, 1, 15], [2, 5, 3, 6], [4, 23, 5, 24], [6, 9, 7, 10], [8, 21, 9, 22], [10, 14, 11, 13], [12, 17, 13, 18], [14, 20, 15, 19], [16, 2, 17, 1], [18, 11, 19, 12]]"
12a_0029_103,"[[18, 11, 19, 12], [20, 7, 21, 8], [22, 3, 23, 4], [24, 16, 1, 15], [2, 5, 3, 6], [4, 23, 5, 24], [6, 9, 7, 10], [8, 21, 9, 22], [10, 14, 11, 13], [12, 17, 13, 18], [14, 20, 15, 19], [16, 2, 17, 1]]"
12a_0029_104,"[[16, 2, 17, 1], [18, 11, 19, 12], [20, 7, 21, 8], [22, 3, 23, 4], [24, 16, 1, 15], [2, 5, 3, 6], [4, 23, 5, 24], [6, 9, 7, 10], [8, 21, 9, 22], [10, 14, 11, 13], [12, 17, 13, 18], [14, 20, 15, 19]]"
12a_0029_105,"[[14, 20, 15, 19], [16, 2, 17, 1], [18, 11, 19, 12], [20, 7, 21, 8], [22, 3, 23, 4], [24, 16, 1, 15], [2, 5, 3, 6], [4, 23, 5, 24], [6, 9, 7, 10], [8, 21, 9, 22], [10, 14, 11, 13], [12, 17, 13, 18]]"
12a_0029_106,"[[12, 17, 13, 18], [14, 20, 15, 19], [16, 2, 17, 1], [18, 11, 19, 12], [20, 7, 21, 8], [22, 3, 23, 4], [24, 16, 1, 15], [2, 5, 3, 6], [4, 23, 5, 24], [6, 9, 7, 10], [8, 21, 9, 22], [10, 14, 11, 13]]"
12a_0029_107,"[[10, 14, 11, 13], [12, 17, 13, 18], [14, 20, 15, 19], [16, 2, 17, 1], [18, 11, 19, 12], [20, 7, 21, 8], [22, 3, 23, 4], [24, 16, 1, 15], [2, 5, 3, 6], [4, 23, 5, 24], [6, 9, 7, 10], [8, 21, 9, 22]]"
12a_0029_108,"[[9, 22, 10, 23], [11, 15, 12, 14], [13, 18, 14, 19], [15, 21, 16, 20], [17, 3, 18, 2], [19, 12, 20, 13], [21, 8, 22, 9], [23, 4, 24, 5], [1, 17, 2, 16], [3, 6, 4, 7], [5, 24, 6, 1], [7, 10, 8, 11]]"
12a_0029_109,"[[7, 10, 8, 11], [9, 22, 10, 23], [11, 15, 12, 14], [13, 18, 14, 19], [15, 21, 16, 20], [17, 3, 18, 2], [19, 12, 20, 13], [21, 8, 22, 9], [23, 4, 24, 5], [1, 17, 2, 16], [3, 6, 4, 7], [5, 24, 6, 1]]"
12a_0029_110,"[[5, 24, 6, 1], [7, 10, 8, 11], [9, 22, 10, 23], [11, 15, 12, 14], [13, 18, 14, 19], [15, 21, 16, 20], [17, 3, 18, 2], [19, 12, 20, 13], [21, 8, 22, 9], [23, 4, 24, 5], [1, 17, 2, 16], [3, 6, 4, 7]]"
12a_0029_111,"[[3, 6, 4, 7], [5, 24, 6, 1], [7, 10, 8, 11], [9, 22, 10, 23], [11, 15, 12, 14], [13, 18, 14, 19], [15, 21, 16, 20], [17, 3, 18, 2], [19, 12, 20, 13], [21, 8, 22, 9], [23, 4, 24, 5], [1, 17, 2, 16]]"
12a_0029_112,"[[1, 17, 2, 16], [3, 6, 4, 7], [5, 24, 6, 1], [7, 10, 8, 11], [9, 22, 10, 23], [11, 15, 12, 14], [13, 18, 14, 19], [15, 21, 16, 20], [17, 3, 18, 2], [19, 12, 20, 13], [21, 8, 22, 9], [23, 4, 24, 5]]"
12a_0029_113,"[[23, 4, 24, 5], [1, 17, 2, 16], [3, 6, 4, 7], [5, 24, 6, 1], [7, 10, 8, 11], [9, 22, 10, 23], [11, 15, 12, 14], [13, 18, 14, 19], [15, 21, 16, 20], [17, 3, 18, 2], [19, 12, 20, 13], [21, 8, 22, 9]]"
12a_0029_114,"[[21, 8, 22, 9], [23, 4, 24, 5], [1, 17, 2, 16], [3, 6, 4, 7], [5, 24, 6, 1], [7, 10, 8, 11], [9, 22, 10, 23], [11, 15, 12, 14], [13, 18, 14, 19], [15, 21, 16, 20], [17, 3, 18, 2], [19, 12, 20, 13]]"
12a_0029_115,"[[19, 12, 20, 13], [21, 8, 22, 9], [23, 4, 24, 5], [1, 17, 2, 16], [3, 6, 4, 7], [5, 24, 6, 1], [7, 10, 8, 11], [9, 22, 10, 23], [11, 15, 12, 14], [13, 18, 14, 19], [15, 21, 16, 20], [17, 3, 18, 2]]"
12a_0029_116,"[[17, 3, 18, 2], [19, 12, 20, 13], [21, 8, 22, 9], [23, 4, 24, 5], [1, 17, 2, 16], [3, 6, 4, 7], [5, 24, 6, 1], [7, 10, 8, 11], [9, 22, 10, 23], [11, 15, 12, 14], [13, 18, 14, 19], [15, 21, 16, 20]]"
12a_0029_117,"[[15, 21, 16, 20], [17, 3, 18, 2], [19, 12, 20, 13], [21, 8, 22, 9], [23, 4, 24, 5], [1, 17, 2, 16], [3, 6, 4, 7], [5, 24, 6, 1], [7, 10, 8, 11], [9, 22, 10, 23], [11, 15, 12, 14], [13, 18, 14, 19]]"
12a_0029_118,"[[13, 18, 14, 19], [15, 21, 16, 20], [17, 3, 18, 2], [19, 12, 20, 13], [21, 8, 22, 9], [23, 4, 24, 5], [1, 17, 2, 16], [3, 6, 4, 7], [5, 24, 6, 1], [7, 10, 8, 11], [9, 22, 10, 23], [11, 15, 12, 14]]"
12a_0029_119,"[[11, 15, 12, 14], [13, 18, 14, 19], [15, 21, 16, 20], [17, 3, 18, 2], [19, 12, 20, 13], [21, 8, 22, 9], [23, 4, 24, 5], [1, 17, 2, 16], [3, 6, 4, 7], [5, 24, 6, 1], [7, 10, 8, 11], [9, 22, 10, 23]]"
12a_0029_120,"[[10, 23, 11, 24], [12, 16, 13, 15], [14, 19, 15, 20], [16, 22, 17, 21], [18, 4, 19, 3], [20, 13, 21, 14], [22, 9, 23, 10], [24, 5, 1, 6], [2, 18, 3, 17], [4, 7, 5, 8], [6, 1, 7, 2], [8, 11, 9, 12]]"
12a_0029_121,"[[8, 11, 9, 12], [10, 23, 11, 24], [12, 16, 13, 15], [14, 19, 15, 20], [16, 22, 17, 21], [18, 4, 19, 3], [20, 13, 21, 14], [22, 9, 23, 10], [24, 5, 1, 6], [2, 18, 3, 17], [4, 7, 5, 8], [6, 1, 7, 2]]"
12a_0029_122,"[[6, 1, 7, 2], [8, 11, 9, 12], [10, 23, 11, 24], [12, 16, 13, 15], [14, 19, 15, 20], [16, 22, 17, 21], [18, 4, 19, 3], [20, 13, 21, 14], [22, 9, 23, 10], [24, 5, 1, 6], [2, 18, 3, 17], [4, 7, 5, 8]]"
12a_0029_123,"[[4, 7, 5, 8], [6, 1, 7, 2], [8, 11, 9, 12], [10, 23, 11, 24], [12, 16, 13, 15], [14, 19, 15, 20], [16, 22, 17, 21], [18, 4, 19, 3], [20, 13, 21, 14], [22, 9, 23, 10], [24, 5, 1, 6], [2, 18, 3, 17]]"
12a_0029_124,"[[2, 18, 3, 17], [4, 7, 5, 8], [6, 1, 7, 2], [8, 11, 9, 12], [10, 23, 11, 24], [12, 16, 13, 15], [14, 19, 15, 20], [16, 22, 17, 21], [18, 4, 19, 3], [20, 13, 21, 14], [22, 9, 23, 10], [24, 5, 1, 6]]"
12a_0029_125,"[[24, 5, 1, 6], [2, 18, 3, 17], [4, 7, 5, 8], [6, 1, 7, 2], [8, 11, 9, 12], [10, 23, 11, 24], [12, 16, 13, 15], [14, 19, 15, 20], [16, 22, 17, 21], [18, 4, 19, 3], [20, 13, 21, 14], [22, 9, 23, 10]]"
12a_0029_126,"[[22, 9, 23, 10], [24, 5, 1, 6], [2, 18, 3, 17], [4, 7, 5, 8], [6, 1, 7, 2], [8, 11, 9, 12], [10, 23, 11, 24], [12, 16, 13, 15], [14, 19, 15, 20], [16, 22, 17, 21], [18, 4, 19, 3], [20, 13, 21, 14]]"
12a_0029_127,"[[20, 13, 21, 14], [22, 9, 23, 10], [24, 5, 1, 6], [2, 18, 3, 17], [4, 7, 5, 8], [6, 1, 7, 2], [8, 11, 9, 12], [10, 23, 11, 24], [12, 16, 13, 15], [14, 19, 15, 20], [16, 22, 17, 21], [18, 4, 19, 3]]"
12a_0029_128,"[[18, 4, 19, 3], [20, 13, 21, 14], [22, 9, 23, 10], [24, 5, 1, 6], [2, 18, 3, 17], [4, 7, 5, 8], [6, 1, 7, 2], [8, 11, 9, 12], [10, 23, 11, 24], [12, 16, 13, 15], [14, 19, 15, 20], [16, 22, 17, 21]]"
12a_0029_129,"[[16, 22, 17, 21], [18, 4, 19, 3], [20, 13, 21, 14], [22, 9, 23, 10], [24, 5, 1, 6], [2, 18, 3, 17], [4, 7, 5, 8], [6, 1, 7, 2], [8, 11, 9, 12], [10, 23, 11, 24], [12, 16, 13, 15], [14, 19, 15, 20]]"
12a_0029_130,"[[14, 19, 15, 20], [16, 22, 17, 21], [18, 4, 19, 3], [20, 13, 21, 14], [22, 9, 23, 10], [24, 5, 1, 6], [2, 18, 3, 17], [4, 7, 5, 8], [6, 1, 7, 2], [8, 11, 9, 12], [10, 23, 11, 24], [12, 16, 13, 15]]"
12a_0029_131,"[[12, 16, 13, 15], [14, 19, 15, 20], [16, 22, 17, 21], [18, 4, 19, 3], [20, 13, 21, 14], [22, 9, 23, 10], [24, 5, 1, 6], [2, 18, 3, 17], [4, 7, 5, 8], [6, 1, 7, 2], [8, 11, 9, 12], [10, 23, 11, 24]]"
12a_0029_132,"[[11, 24, 12, 1], [13, 17, 14, 16], [15, 20, 16, 21], [17, 23, 18, 22], [19, 5, 20, 4], [21, 14, 22, 15], [23, 10, 24, 11], [1, 6, 2, 7], [3, 19, 4, 18], [5, 8, 6, 9], [7, 2, 8, 3], [9, 12, 10, 13]]"
12a_0029_133,"[[9, 12, 10, 13], [11, 24, 12, 1], [13, 17, 14, 16], [15, 20, 16, 21], [17, 23, 18, 22], [19, 5, 20, 4], [21, 14, 22, 15], [23, 10, 24, 11], [1, 6, 2, 7], [3, 19, 4, 18], [5, 8, 6, 9], [7, 2, 8, 3]]"
12a_0029_134,"[[7, 2, 8, 3], [9, 12, 10, 13], [11, 24, 12, 1], [13, 17, 14, 16], [15, 20, 16, 21], [17, 23, 18, 22], [19, 5, 20, 4], [21, 14, 22, 15], [23, 10, 24, 11], [1, 6, 2, 7], [3, 19, 4, 18], [5, 8, 6, 9]]"
12a_0029_135,"[[5, 8, 6, 9], [7, 2, 8, 3], [9, 12, 10, 13], [11, 24, 12, 1], [13, 17, 14, 16], [15, 20, 16, 21], [17, 23, 18, 22], [19, 5, 20, 4], [21, 14, 22, 15], [23, 10, 24, 11], [1, 6, 2, 7], [3, 19, 4, 18]]"
12a_0029_136,"[[3, 19, 4, 18], [5, 8, 6, 9], [7, 2, 8, 3], [9, 12, 10, 13], [11, 24, 12, 1], [13, 17, 14, 16], [15, 20, 16, 21], [17, 23, 18, 22], [19, 5, 20, 4], [21, 14, 22, 15], [23, 10, 24, 11], [1, 6, 2, 7]]"
12a_0029_137,"[[1, 6, 2, 7], [3, 19, 4, 18], [5, 8, 6, 9], [7, 2, 8, 3], [9, 12, 10, 13], [11, 24, 12, 1], [13, 17, 14, 16], [15, 20, 16, 21], [17, 23, 18, 22], [19, 5, 20, 4], [21, 14, 22, 15], [23, 10, 24, 11]]"
12a_0029_138,"[[23, 10, 24, 11], [1, 6, 2, 7], [3, 19, 4, 18], [5, 8, 6, 9], [7, 2, 8, 3], [9, 12, 10, 13], [11, 24, 12, 1], [13, 17, 14, 16], [15, 20, 16, 21], [17, 23, 18, 22], [19, 5, 20, 4], [21, 14, 22, 15]]"
12a_0029_139,"[[21, 14, 22, 15], [23, 10, 24, 11], [1, 6, 2, 7], [3, 19, 4, 18], [5, 8, 6, 9], [7, 2, 8, 3], [9, 12, 10, 13], [11, 24, 12, 1], [13, 17, 14, 16], [15, 20, 16, 21], [17, 23, 18, 22], [19, 5, 20, 4]]"
12a_0029_140,"[[19, 5, 20, 4], [21, 14, 22, 15], [23, 10, 24, 11], [1, 6, 2, 7], [3, 19, 4, 18], [5, 8, 6, 9], [7, 2, 8, 3], [9, 12, 10, 13], [11, 24, 12, 1], [13, 17, 14, 16], [15, 20, 16, 21], [17, 23, 18, 22]]"
12a_0029_141,"[[17, 23, 18, 22], [19, 5, 20, 4], [21, 14, 22, 15], [23, 10, 24, 11], [1, 6, 2, 7], [3, 19, 4, 18], [5, 8, 6, 9], [7, 2, 8, 3], [9, 12, 10, 13], [11, 24, 12, 1], [13, 17, 14, 16], [15, 20, 16, 21]]"
12a_0029_142,"[[15, 20, 16, 21], [17, 23, 18, 22], [19, 5, 20, 4], [21, 14, 22, 15], [23, 10, 24, 11], [1, 6, 2, 7], [3, 19, 4, 18], [5, 8, 6, 9], [7, 2, 8, 3], [9, 12, 10, 13], [11, 24, 12, 1], [13, 17, 14, 16]]"
12a_0029_143,"[[13, 17, 14, 16], [15, 20, 16, 21], [17, 23, 18, 22], [19, 5, 20, 4], [21, 14, 22, 15], [23, 10, 24, 11], [1, 6, 2, 7], [3, 19, 4, 18], [5, 8, 6, 9], [7, 2, 8, 3], [9, 12, 10, 13], [11, 24, 12, 1]]"
12a_0029_144,"[[12, 1, 13, 2], [14, 18, 15, 17], [16, 21, 17, 22], [18, 24, 19, 23], [20, 6, 21, 5], [22, 15, 23, 16], [24, 11, 1, 12], [2, 7, 3, 8], [4, 20, 5, 19], [6, 9, 7, 10], [8, 3, 9, 4], [10, 13, 11, 14]]"
12a_0029_145,"[[10, 13, 11, 14], [12, 1, 13, 2], [14, 18, 15, 17], [16, 21, 17, 22], [18, 24, 19, 23], [20, 6, 21, 5], [22, 15, 23, 16], [24, 11, 1, 12], [2, 7, 3, 8], [4, 20, 5, 19], [6, 9, 7, 10], [8, 3, 9, 4]]"
12a_0029_146,"[[8, 3, 9, 4], [10, 13, 11, 14], [12, 1, 13, 2], [14, 18, 15, 17], [16, 21, 17, 22], [18, 24, 19, 23], [20, 6, 21, 5], [22, 15, 23, 16], [24, 11, 1, 12], [2, 7, 3, 8], [4, 20, 5, 19], [6, 9, 7, 10]]"
12a_0029_147,"[[6, 9, 7, 10], [8, 3, 9, 4], [10, 13, 11, 14], [12, 1, 13, 2], [14, 18, 15, 17], [16, 21, 17, 22], [18, 24, 19, 23], [20, 6, 21, 5], [22, 15, 23, 16], [24, 11, 1, 12], [2, 7, 3, 8], [4, 20, 5, 19]]"
12a_0029_148,"[[4, 20, 5, 19], [6, 9, 7, 10], [8, 3, 9, 4], [10, 13, 11, 14], [12, 1, 13, 2], [14, 18, 15, 17], [16, 21, 17, 22], [18, 24, 19, 23], [20, 6, 21, 5], [22, 15, 23, 16], [24, 11, 1, 12], [2, 7, 3, 8]]"
12a_0029_149,"[[2, 7, 3, 8], [4, 20, 5, 19], [6, 9, 7, 10], [8, 3, 9, 4], [10, 13, 11, 14], [12, 1, 13, 2], [14, 18, 15, 17], [16, 21, 17, 22], [18, 24, 19, 23], [20, 6, 21, 5], [22, 15, 23, 16], [24, 11, 1, 12]]"
12a_0029_150,"[[24, 11, 1, 12], [2, 7, 3, 8], [4, 20, 5, 19], [6, 9, 7, 10], [8, 3, 9, 4], [10, 13, 11, 14], [12, 1, 13, 2], [14, 18, 15, 17], [16, 21, 17, 22], [18, 24, 19, 23], [20, 6, 21, 5], [22, 15, 23, 16]]"
12a_0029_151,"[[22, 15, 23, 16], [24, 11, 1, 12], [2, 7, 3, 8], [4, 20, 5, 19], [6, 9, 7, 10], [8, 3, 9, 4], [10, 13, 11, 14], [12, 1, 13, 2], [14, 18, 15, 17], [16, 21, 17, 22], [18, 24, 19, 23], [20, 6, 21, 5]]"
12a_0029_152,"[[20, 6, 21, 5], [22, 15, 23, 16], [24, 11, 1, 12], [2, 7, 3, 8], [4, 20, 5, 19], [6, 9, 7, 10], [8, 3, 9, 4], [10, 13, 11, 14], [12, 1, 13, 2], [14, 18, 15, 17], [16, 21, 17, 22], [18, 24, 19, 23]]"
12a_0029_153,"[[18, 24, 19, 23], [20, 6, 21, 5], [22, 15, 23, 16], [24, 11, 1, 12], [2, 7, 3, 8], [4, 20, 5, 19], [6, 9, 7, 10], [8, 3, 9, 4], [10, 13, 11, 14], [12, 1, 13, 2], [14, 18, 15, 17], [16, 21, 17, 22]]"
12a_0029_154,"[[16, 21, 17, 22], [18, 24, 19, 23], [20, 6, 21, 5], [22, 15, 23, 16], [24, 11, 1, 12], [2, 7, 3, 8], [4, 20, 5, 19], [6, 9, 7, 10], [8, 3, 9, 4], [10, 13, 11, 14], [12, 1, 13, 2], [14, 18, 15, 17]]"
12a_0029_155,"[[14, 18, 15, 17], [16, 21, 17, 22], [18, 24, 19, 23], [20, 6, 21, 5], [22, 15, 23, 16], [24, 11, 1, 12], [2, 7, 3, 8], [4, 20, 5, 19], [6, 9, 7, 10], [8, 3, 9, 4], [10, 13, 11, 14], [12, 1, 13, 2]]"
12a_0029_156,"[[13, 2, 14, 3], [15, 19, 16, 18], [17, 22, 18, 23], [19, 1, 20, 24], [21, 7, 22, 6], [23, 16, 24, 17], [1, 12, 2, 13], [3, 8, 4, 9], [5, 21, 6, 20], [7, 10, 8, 11], [9, 4, 10, 5], [11, 14, 12, 15]]"
12a_0029_157,"[[11, 14, 12, 15], [13, 2, 14, 3], [15, 19, 16, 18], [17, 22, 18, 23], [19, 1, 20, 24], [21, 7, 22, 6], [23, 16, 24, 17], [1, 12, 2, 13], [3, 8, 4, 9], [5, 21, 6, 20], [7, 10, 8, 11], [9, 4, 10, 5]]"
12a_0029_158,"[[9, 4, 10, 5], [11, 14, 12, 15], [13, 2, 14, 3], [15, 19, 16, 18], [17, 22, 18, 23], [19, 1, 20, 24], [21, 7, 22, 6], [23, 16, 24, 17], [1, 12, 2, 13], [3, 8, 4, 9], [5, 21, 6, 20], [7, 10, 8, 11]]"
12a_0029_159,"[[7, 10, 8, 11], [9, 4, 10, 5], [11, 14, 12, 15], [13, 2, 14, 3], [15, 19, 16, 18], [17, 22, 18, 23], [19, 1, 20, 24], [21, 7, 22, 6], [23, 16, 24, 17], [1, 12, 2, 13], [3, 8, 4, 9], [5, 21, 6, 20]]"
12a_0029_160,"[[5, 21, 6, 20], [7, 10, 8, 11], [9, 4, 10, 5], [11, 14, 12, 15], [13, 2, 14, 3], [15, 19, 16, 18], [17, 22, 18, 23], [19, 1, 20, 24], [21, 7, 22, 6], [23, 16, 24, 17], [1, 12, 2, 13], [3, 8, 4, 9]]"
12a_0029_161,"[[3, 8, 4, 9], [5, 21, 6, 20], [7, 10, 8, 11], [9, 4, 10, 5], [11, 14, 12, 15], [13, 2, 14, 3], [15, 19, 16, 18], [17, 22, 18, 23], [19, 1, 20, 24], [21, 7, 22, 6], [23, 16, 24, 17], [1, 12, 2, 13]]"
12a_0029_162,"[[1, 12, 2, 13], [3, 8, 4, 9], [5, 21, 6, 20], [7, 10, 8, 11], [9, 4, 10, 5], [11, 14, 12, 15], [13, 2, 14, 3], [15, 19, 16, 18], [17, 22, 18, 23], [19, 1, 20, 24], [21, 7, 22, 6], [23, 16, 24, 17]]"
12a_0029_163,"[[23, 16, 24, 17], [1, 12, 2, 13], [3, 8, 4, 9], [5, 21, 6, 20], [7, 10, 8, 11], [9, 4, 10, 5], [11, 14, 12, 15], [13, 2, 14, 3], [15, 19, 16, 18], [17, 22, 18, 23], [19, 1, 20, 24], [21, 7, 22, 6]]"
12a_0029_164,"[[21, 7, 22, 6], [23, 16, 24, 17], [1, 12, 2, 13], [3, 8, 4, 9], [5, 21, 6, 20], [7, 10, 8, 11], [9, 4, 10, 5], [11, 14, 12, 15], [13, 2, 14, 3], [15, 19, 16, 18], [17, 22, 18, 23], [19, 1, 20, 24]]"
12a_0029_165,"[[19, 1, 20, 24], [21, 7, 22, 6], [23, 16, 24, 17], [1, 12, 2, 13], [3, 8, 4, 9], [5, 21, 6, 20], [7, 10, 8, 11], [9, 4, 10, 5], [11, 14, 12, 15], [13, 2, 14, 3], [15, 19, 16, 18], [17, 22, 18, 23]]"
12a_0029_166,"[[17, 22, 18, 23], [19, 1, 20, 24], [21, 7, 22, 6], [23, 16, 24, 17], [1, 12, 2, 13], [3, 8, 4, 9], [5, 21, 6, 20], [7, 10, 8, 11], [9, 4, 10, 5], [11, 14, 12, 15], [13, 2, 14, 3], [15, 19, 16, 18]]"
12a_0029_167,"[[15, 19, 16, 18], [17, 22, 18, 23], [19, 1, 20, 24], [21, 7, 22, 6], [23, 16, 24, 17], [1, 12, 2, 13], [3, 8, 4, 9], [5, 21, 6, 20], [7, 10, 8, 11], [9, 4, 10, 5], [11, 14, 12, 15], [13, 2, 14, 3]]"
12a_0029_168,"[[14, 3, 15, 4], [16, 20, 17, 19], [18, 23, 19, 24], [20, 2, 21, 1], [22, 8, 23, 7], [24, 17, 1, 18], [2, 13, 3, 14], [4, 9, 5, 10], [6, 22, 7, 21], [8, 11, 9, 12], [10, 5, 11, 6], [12, 15, 13, 16]]"
12a_0029_169,"[[12, 15, 13, 16], [14, 3, 15, 4], [16, 20, 17, 19], [18, 23, 19, 24], [20, 2, 21, 1], [22, 8, 23, 7], [24, 17, 1, 18], [2, 13, 3, 14], [4, 9, 5, 10], [6, 22, 7, 21], [8, 11, 9, 12], [10, 5, 11, 6]]"
12a_0029_170,"[[10, 5, 11, 6], [12, 15, 13, 16], [14, 3, 15, 4], [16, 20, 17, 19], [18, 23, 19, 24], [20, 2, 21, 1], [22, 8, 23, 7], [24, 17, 1, 18], [2, 13, 3, 14], [4, 9, 5, 10], [6, 22, 7, 21], [8, 11, 9, 12]]"
12a_0029_171,"[[8, 11, 9, 12], [10, 5, 11, 6], [12, 15, 13, 16], [14, 3, 15, 4], [16, 20, 17, 19], [18, 23, 19, 24], [20, 2, 21, 1], [22, 8, 23, 7], [24, 17, 1, 18], [2, 13, 3, 14], [4, 9, 5, 10], [6, 22, 7, 21]]"
12a_0029_172,"[[6, 22, 7, 21], [8, 11, 9, 12], [10, 5, 11, 6], [12, 15, 13, 16], [14, 3, 15, 4], [16, 20, 17, 19], [18, 23, 19, 24], [20, 2, 21, 1], [22, 8, 23, 7], [24, 17, 1, 18], [2, 13, 3, 14], [4, 9, 5, 10]]"
12a_0029_173,"[[4, 9, 5, 10], [6, 22, 7, 21], [8, 11, 9, 12], [10, 5, 11, 6], [12, 15, 13, 16], [14, 3, 15, 4], [16, 20, 17, 19], [18, 23, 19, 24], [20, 2, 21, 1], [22, 8, 23, 7], [24, 17, 1, 18], [2, 13, 3, 14]]"
12a_0029_174,"[[2, 13, 3, 14], [4, 9, 5, 10], [6, 22, 7, 21], [8, 11, 9, 12], [10, 5, 11, 6], [12, 15, 13, 16], [14, 3, 15, 4], [16, 20, 17, 19], [18, 23, 19, 24], [20, 2, 21, 1], [22, 8, 23, 7], [24, 17, 1, 18]]"
12a_0029_175,"[[24, 17, 1, 18], [2, 13, 3, 14], [4, 9, 5, 10], [6, 22, 7, 21], [8, 11, 9, 12], [10, 5, 11, 6], [12, 15, 13, 16], [14, 3, 15, 4], [16, 20, 17, 19], [18, 23, 19, 24], [20, 2, 21, 1], [22, 8, 23, 7]]"
12a_0029_176,"[[22, 8, 23, 7], [24, 17, 1, 18], [2, 13, 3, 14], [4, 9, 5, 10], [6, 22, 7, 21], [8, 11, 9, 12], [10, 5, 11, 6], [12, 15, 13, 16], [14, 3, 15, 4], [16, 20, 17, 19], [18, 23, 19, 24], [20, 2, 21, 1]]"
12a_0029_177,"[[20, 2, 21, 1], [22, 8, 23, 7], [24, 17, 1, 18], [2, 13, 3, 14], [4, 9, 5, 10], [6, 22, 7, 21], [8, 11, 9, 12], [10, 5, 11, 6], [12, 15, 13, 16], [14, 3, 15, 4], [16, 20, 17, 19], [18, 23, 19, 24]]"
12a_0029_178,"[[18, 23, 19, 24], [20, 2, 21, 1], [22, 8, 23, 7], [24, 17, 1, 18], [2, 13, 3, 14], [4, 9, 5, 10], [6, 22, 7, 21], [8, 11, 9, 12], [10, 5, 11, 6], [12, 15, 13, 16], [14, 3, 15, 4], [16, 20, 17, 19]]"
12a_0029_179,"[[16, 20, 17, 19], [18, 23, 19, 24], [20, 2, 21, 1], [22, 8, 23, 7], [24, 17, 1, 18], [2, 13, 3, 14], [4, 9, 5, 10], [6, 22, 7, 21], [8, 11, 9, 12], [10, 5, 11, 6], [12, 15, 13, 16], [14, 3, 15, 4]]"
12a_0029_180,"[[15, 4, 16, 5], [17, 21, 18, 20], [19, 24, 20, 1], [21, 3, 22, 2], [23, 9, 24, 8], [1, 18, 2, 19], [3, 14, 4, 15], [5, 10, 6, 11], [7, 23, 8, 22], [9, 12, 10, 13], [11, 6, 12, 7], [13, 16, 14, 17]]"
12a_0029_181,"[[13, 16, 14, 17], [15, 4, 16, 5], [17, 21, 18, 20], [19, 24, 20, 1], [21, 3, 22, 2], [23, 9, 24, 8], [1, 18, 2, 19], [3, 14, 4, 15], [5, 10, 6, 11], [7, 23, 8, 22], [9, 12, 10, 13], [11, 6, 12, 7]]"
12a_0029_182,"[[11, 6, 12, 7], [13, 16, 14, 17], [15, 4, 16, 5], [17, 21, 18, 20], [19, 24, 20, 1], [21, 3, 22, 2], [23, 9, 24, 8], [1, 18, 2, 19], [3, 14, 4, 15], [5, 10, 6, 11], [7, 23, 8, 22], [9, 12, 10, 13]]"
12a_0029_183,"[[9, 12, 10, 13], [11, 6, 12, 7], [13, 16, 14, 17], [15, 4, 16, 5], [17, 21, 18, 20], [19, 24, 20, 1], [21, 3, 22, 2], [23, 9, 24, 8], [1, 18, 2, 19], [3, 14, 4, 15], [5, 10, 6, 11], [7, 23, 8, 22]]"
12a_0029_184,"[[7, 23, 8, 22], [9, 12, 10, 13], [11, 6, 12, 7], [13, 16, 14, 17], [15, 4, 16, 5], [17, 21, 18, 20], [19, 24, 20, 1], [21, 3, 22, 2], [23, 9, 24, 8], [1, 18, 2, 19], [3, 14, 4, 15], [5, 10, 6, 11]]"
12a_0029_185,"[[5, 10, 6, 11], [7, 23, 8, 22], [9, 12, 10, 13], [11, 6, 12, 7], [13, 16, 14, 17], [15, 4, 16, 5], [17, 21, 18, 20], [19, 24, 20, 1], [21, 3, 22, 2], [23, 9, 24, 8], [1, 18, 2, 19], [3, 14, 4, 15]]"
