name,pd_notation
12a_1056_0,"[[24, 12, 1, 11], [2, 8, 3, 7], [4, 13, 5, 14], [6, 17, 7, 18], [8, 20, 9, 19], [10, 2, 11, 1], [12, 22, 13, 21], [14, 5, 15, 6], [16, 24, 17, 23], [18, 3, 19, 4], [20, 10, 21, 9], [22, 16, 23, 15]]"
12a_1056_1,"[[22, 16, 23, 15], [24, 12, 1, 11], [2, 8, 3, 7], [4, 13, 5, 14], [6, 17, 7, 18], [8, 20, 9, 19], [10, 2, 11, 1], [12, 22, 13, 21], [14, 5, 15, 6], [16, 24, 17, 23], [18, 3, 19, 4], [20, 10, 21, 9]]"
12a_1056_2,"[[20, 10, 21, 9], [22, 16, 23, 15], [24, 12, 1, 11], [2, 8, 3, 7], [4, 13, 5, 14], [6, 17, 7, 18], [8, 20, 9, 19], [10, 2, 11, 1], [12, 22, 13, 21], [14, 5, 15, 6], [16, 24, 17, 23], [18, 3, 19, 4]]"
12a_1056_3,"[[18, 3, 19, 4], [20, 10, 21, 9], [22, 16, 23, 15], [24, 12, 1, 11], [2, 8, 3, 7], [4, 13, 5, 14], [6, 17, 7, 18], [8, 20, 9, 19], [10, 2, 11, 1], [12, 22, 13, 21], [14, 5, 15, 6], [16, 24, 17, 23]]"
12a_1056_4,"[[16, 24, 17, 23], [18, 3, 19, 4], [20, 10, 21, 9], [22, 16, 23, 15], [24, 12, 1, 11], [2, 8, 3, 7], [4, 13, 5, 14], [6, 17, 7, 18], [8, 20, 9, 19], [10, 2, 11, 1], [12, 22, 13, 21], [14, 5, 15, 6]]"
12a_1056_5,"[[14, 5, 15, 6], [16, 24, 17, 23], [18, 3, 19, 4], [20, 10, 21, 9], [22, 16, 23, 15], [24, 12, 1, 11], [2, 8, 3, 7], [4, 13, 5, 14], [6, 17, 7, 18], [8, 20, 9, 19], [10, 2, 11, 1], [12, 22, 13, 21]]"
12a_1056_6,"[[12, 22, 13, 21], [14, 5, 15, 6], [16, 24, 17, 23], [18, 3, 19, 4], [20, 10, 21, 9], [22, 16, 23, 15], [24, 12, 1, 11], [2, 8, 3, 7], [4, 13, 5, 14], [6, 17, 7, 18], [8, 20, 9, 19], [10, 2, 11, 1]]"
12a_1056_7,"[[10, 2, 11, 1], [12, 22, 13, 21], [14, 5, 15, 6], [16, 24, 17, 23], [18, 3, 19, 4], [20, 10, 21, 9], [22, 16, 23, 15], [24, 12, 1, 11], [2, 8, 3, 7], [4, 13, 5, 14], [6, 17, 7, 18], [8, 20, 9, 19]]"
12a_1056_8,"[[8, 20, 9, 19], [10, 2, 11, 1], [12, 22, 13, 21], [14, 5, 15, 6], [16, 24, 17, 23], [18, 3, 19, 4], [20, 10, 21, 9], [22, 16, 23, 15], [24, 12, 1, 11], [2, 8, 3, 7], [4, 13, 5, 14], [6, 17, 7, 18]]"
12a_1056_9,"[[6, 17, 7, 18], [8, 20, 9, 19], [10, 2, 11, 1], [12, 22, 13, 21], [14, 5, 15, 6], [16, 24, 17, 23], [18, 3, 19, 4], [20, 10, 21, 9], [22, 16, 23, 15], [24, 12, 1, 11], [2, 8, 3, 7], [4, 13, 5, 14]]"
12a_1056_10,"[[4, 13, 5, 14], [6, 17, 7, 18], [8, 20, 9, 19], [10, 2, 11, 1], [12, 22, 13, 21], [14, 5, 15, 6], [16, 24, 17, 23], [18, 3, 19, 4], [20, 10, 21, 9], [22, 16, 23, 15], [24, 12, 1, 11], [2, 8, 3, 7]]"
12a_1056_11,"[[2, 8, 3, 7], [4, 13, 5, 14], [6, 17, 7, 18], [8, 20, 9, 19], [10, 2, 11, 1], [12, 22, 13, 21], [14, 5, 15, 6], [16, 24, 17, 23], [18, 3, 19, 4], [20, 10, 21, 9], [22, 16, 23, 15], [24, 12, 1, 11]]"
12a_1056_12,"[[1, 13, 2, 12], [3, 9, 4, 8], [5, 14, 6, 15], [7, 18, 8, 19], [9, 21, 10, 20], [11, 3, 12, 2], [13, 23, 14, 22], [15, 6, 16, 7], [17, 1, 18, 24], [19, 4, 20, 5], [21, 11, 22, 10], [23, 17, 24, 16]]"
12a_1056_13,"[[23, 17, 24, 16], [1, 13, 2, 12], [3, 9, 4, 8], [5, 14, 6, 15], [7, 18, 8, 19], [9, 21, 10, 20], [11, 3, 12, 2], [13, 23, 14, 22], [15, 6, 16, 7], [17, 1, 18, 24], [19, 4, 20, 5], [21, 11, 22, 10]]"
12a_1056_14,"[[21, 11, 22, 10], [23, 17, 24, 16], [1, 13, 2, 12], [3, 9, 4, 8], [5, 14, 6, 15], [7, 18, 8, 19], [9, 21, 10, 20], [11, 3, 12, 2], [13, 23, 14, 22], [15, 6, 16, 7], [17, 1, 18, 24], [19, 4, 20, 5]]"
12a_1056_15,"[[19, 4, 20, 5], [21, 11, 22, 10], [23, 17, 24, 16], [1, 13, 2, 12], [3, 9, 4, 8], [5, 14, 6, 15], [7, 18, 8, 19], [9, 21, 10, 20], [11, 3, 12, 2], [13, 23, 14, 22], [15, 6, 16, 7], [17, 1, 18, 24]]"
12a_1056_16,"[[17, 1, 18, 24], [19, 4, 20, 5], [21, 11, 22, 10], [23, 17, 24, 16], [1, 13, 2, 12], [3, 9, 4, 8], [5, 14, 6, 15], [7, 18, 8, 19], [9, 21, 10, 20], [11, 3, 12, 2], [13, 23, 14, 22], [15, 6, 16, 7]]"
12a_1056_17,"[[15, 6, 16, 7], [17, 1, 18, 24], [19, 4, 20, 5], [21, 11, 22, 10], [23, 17, 24, 16], [1, 13, 2, 12], [3, 9, 4, 8], [5, 14, 6, 15], [7, 18, 8, 19], [9, 21, 10, 20], [11, 3, 12, 2], [13, 23, 14, 22]]"
12a_1056_18,"[[13, 23, 14, 22], [15, 6, 16, 7], [17, 1, 18, 24], [19, 4, 20, 5], [21, 11, 22, 10], [23, 17, 24, 16], [1, 13, 2, 12], [3, 9, 4, 8], [5, 14, 6, 15], [7, 18, 8, 19], [9, 21, 10, 20], [11, 3, 12, 2]]"
12a_1056_19,"[[11, 3, 12, 2], [13, 23, 14, 22], [15, 6, 16, 7], [17, 1, 18, 24], [19, 4, 20, 5], [21, 11, 22, 10], [23, 17, 24, 16], [1, 13, 2, 12], [3, 9, 4, 8], [5, 14, 6, 15], [7, 18, 8, 19], [9, 21, 10, 20]]"
12a_1056_20,"[[9, 21, 10, 20], [11, 3, 12, 2], [13, 23, 14, 22], [15, 6, 16, 7], [17, 1, 18, 24], [19, 4, 20, 5], [21, 11, 22, 10], [23, 17, 24, 16], [1, 13, 2, 12], [3, 9, 4, 8], [5, 14, 6, 15], [7, 18, 8, 19]]"
12a_1056_21,"[[7, 18, 8, 19], [9, 21, 10, 20], [11, 3, 12, 2], [13, 23, 14, 22], [15, 6, 16, 7], [17, 1, 18, 24], [19, 4, 20, 5], [21, 11, 22, 10], [23, 17, 24, 16], [1, 13, 2, 12], [3, 9, 4, 8], [5, 14, 6, 15]]"
12a_1056_22,"[[5, 14, 6, 15], [7, 18, 8, 19], [9, 21, 10, 20], [11, 3, 12, 2], [13, 23, 14, 22], [15, 6, 16, 7], [17, 1, 18, 24], [19, 4, 20, 5], [21, 11, 22, 10], [23, 17, 24, 16], [1, 13, 2, 12], [3, 9, 4, 8]]"
12a_1056_23,"[[3, 9, 4, 8], [5, 14, 6, 15], [7, 18, 8, 19], [9, 21, 10, 20], [11, 3, 12, 2], [13, 23, 14, 22], [15, 6, 16, 7], [17, 1, 18, 24], [19, 4, 20, 5], [21, 11, 22, 10], [23, 17, 24, 16], [1, 13, 2, 12]]"
12a_1056_24,"[[2, 14, 3, 13], [4, 10, 5, 9], [6, 15, 7, 16], [8, 19, 9, 20], [10, 22, 11, 21], [12, 4, 13, 3], [14, 24, 15, 23], [16, 7, 17, 8], [18, 2, 19, 1], [20, 5, 21, 6], [22, 12, 23, 11], [24, 18, 1, 17]]"
12a_1056_25,"[[24, 18, 1, 17], [2, 14, 3, 13], [4, 10, 5, 9], [6, 15, 7, 16], [8, 19, 9, 20], [10, 22, 11, 21], [12, 4, 13, 3], [14, 24, 15, 23], [16, 7, 17, 8], [18, 2, 19, 1], [20, 5, 21, 6], [22, 12, 23, 11]]"
12a_1056_26,"[[22, 12, 23, 11], [24, 18, 1, 17], [2, 14, 3, 13], [4, 10, 5, 9], [6, 15, 7, 16], [8, 19, 9, 20], [10, 22, 11, 21], [12, 4, 13, 3], [14, 24, 15, 23], [16, 7, 17, 8], [18, 2, 19, 1], [20, 5, 21, 6]]"
12a_1056_27,"[[20, 5, 21, 6], [22, 12, 23, 11], [24, 18, 1, 17], [2, 14, 3, 13], [4, 10, 5, 9], [6, 15, 7, 16], [8, 19, 9, 20], [10, 22, 11, 21], [12, 4, 13, 3], [14, 24, 15, 23], [16, 7, 17, 8], [18, 2, 19, 1]]"
12a_1056_28,"[[18, 2, 19, 1], [20, 5, 21, 6], [22, 12, 23, 11], [24, 18, 1, 17], [2, 14, 3, 13], [4, 10, 5, 9], [6, 15, 7, 16], [8, 19, 9, 20], [10, 22, 11, 21], [12, 4, 13, 3], [14, 24, 15, 23], [16, 7, 17, 8]]"
12a_1056_29,"[[16, 7, 17, 8], [18, 2, 19, 1], [20, 5, 21, 6], [22, 12, 23, 11], [24, 18, 1, 17], [2, 14, 3, 13], [4, 10, 5, 9], [6, 15, 7, 16], [8, 19, 9, 20], [10, 22, 11, 21], [12, 4, 13, 3], [14, 24, 15, 23]]"
12a_1056_30,"[[14, 24, 15, 23], [16, 7, 17, 8], [18, 2, 19, 1], [20, 5, 21, 6], [22, 12, 23, 11], [24, 18, 1, 17], [2, 14, 3, 13], [4, 10, 5, 9], [6, 15, 7, 16], [8, 19, 9, 20], [10, 22, 11, 21], [12, 4, 13, 3]]"
12a_1056_31,"[[12, 4, 13, 3], [14, 24, 15, 23], [16, 7, 17, 8], [18, 2, 19, 1], [20, 5, 21, 6], [22, 12, 23, 11], [24, 18, 1, 17], [2, 14, 3, 13], [4, 10, 5, 9], [6, 15, 7, 16], [8, 19, 9, 20], [10, 22, 11, 21]]"
12a_1056_32,"[[10, 22, 11, 21], [12, 4, 13, 3], [14, 24, 15, 23], [16, 7, 17, 8], [18, 2, 19, 1], [20, 5, 21, 6], [22, 12, 23, 11], [24, 18, 1, 17], [2, 14, 3, 13], [4, 10, 5, 9], [6, 15, 7, 16], [8, 19, 9, 20]]"
12a_1056_33,"[[8, 19, 9, 20], [10, 22, 11, 21], [12, 4, 13, 3], [14, 24, 15, 23], [16, 7, 17, 8], [18, 2, 19, 1], [20, 5, 21, 6], [22, 12, 23, 11], [24, 18, 1, 17], [2, 14, 3, 13], [4, 10, 5, 9], [6, 15, 7, 16]]"
12a_1056_34,"[[6, 15, 7, 16], [8, 19, 9, 20], [10, 22, 11, 21], [12, 4, 13, 3], [14, 24, 15, 23], [16, 7, 17, 8], [18, 2, 19, 1], [20, 5, 21, 6], [22, 12, 23, 11], [24, 18, 1, 17], [2, 14, 3, 13], [4, 10, 5, 9]]"
12a_1056_35,"[[4, 10, 5, 9], [6, 15, 7, 16], [8, 19, 9, 20], [10, 22, 11, 21], [12, 4, 13, 3], [14, 24, 15, 23], [16, 7, 17, 8], [18, 2, 19, 1], [20, 5, 21, 6], [22, 12, 23, 11], [24, 18, 1, 17], [2, 14, 3, 13]]"
12a_1056_36,"[[3, 15, 4, 14], [5, 11, 6, 10], [7, 16, 8, 17], [9, 20, 10, 21], [11, 23, 12, 22], [13, 5, 14, 4], [15, 1, 16, 24], [17, 8, 18, 9], [19, 3, 20, 2], [21, 6, 22, 7], [23, 13, 24, 12], [1, 19, 2, 18]]"
12a_1056_37,"[[1, 19, 2, 18], [3, 15, 4, 14], [5, 11, 6, 10], [7, 16, 8, 17], [9, 20, 10, 21], [11, 23, 12, 22], [13, 5, 14, 4], [15, 1, 16, 24], [17, 8, 18, 9], [19, 3, 20, 2], [21, 6, 22, 7], [23, 13, 24, 12]]"
12a_1056_38,"[[23, 13, 24, 12], [1, 19, 2, 18], [3, 15, 4, 14], [5, 11, 6, 10], [7, 16, 8, 17], [9, 20, 10, 21], [11, 23, 12, 22], [13, 5, 14, 4], [15, 1, 16, 24], [17, 8, 18, 9], [19, 3, 20, 2], [21, 6, 22, 7]]"
12a_1056_39,"[[21, 6, 22, 7], [23, 13, 24, 12], [1, 19, 2, 18], [3, 15, 4, 14], [5, 11, 6, 10], [7, 16, 8, 17], [9, 20, 10, 21], [11, 23, 12, 22], [13, 5, 14, 4], [15, 1, 16, 24], [17, 8, 18, 9], [19, 3, 20, 2]]"
12a_1056_40,"[[19, 3, 20, 2], [21, 6, 22, 7], [23, 13, 24, 12], [1, 19, 2, 18], [3, 15, 4, 14], [5, 11, 6, 10], [7, 16, 8, 17], [9, 20, 10, 21], [11, 23, 12, 22], [13, 5, 14, 4], [15, 1, 16, 24], [17, 8, 18, 9]]"
12a_1056_41,"[[17, 8, 18, 9], [19, 3, 20, 2], [21, 6, 22, 7], [23, 13, 24, 12], [1, 19, 2, 18], [3, 15, 4, 14], [5, 11, 6, 10], [7, 16, 8, 17], [9, 20, 10, 21], [11, 23, 12, 22], [13, 5, 14, 4], [15, 1, 16, 24]]"
12a_1056_42,"[[15, 1, 16, 24], [17, 8, 18, 9], [19, 3, 20, 2], [21, 6, 22, 7], [23, 13, 24, 12], [1, 19, 2, 18], [3, 15, 4, 14], [5, 11, 6, 10], [7, 16, 8, 17], [9, 20, 10, 21], [11, 23, 12, 22], [13, 5, 14, 4]]"
12a_1056_43,"[[13, 5, 14, 4], [15, 1, 16, 24], [17, 8, 18, 9], [19, 3, 20, 2], [21, 6, 22, 7], [23, 13, 24, 12], [1, 19, 2, 18], [3, 15, 4, 14], [5, 11, 6, 10], [7, 16, 8, 17], [9, 20, 10, 21], [11, 23, 12, 22]]"
12a_1056_44,"[[11, 23, 12, 22], [13, 5, 14, 4], [15, 1, 16, 24], [17, 8, 18, 9], [19, 3, 20, 2], [21, 6, 22, 7], [23, 13, 24, 12], [1, 19, 2, 18], [3, 15, 4, 14], [5, 11, 6, 10], [7, 16, 8, 17], [9, 20, 10, 21]]"
12a_1056_45,"[[9, 20, 10, 21], [11, 23, 12, 22], [13, 5, 14, 4], [15, 1, 16, 24], [17, 8, 18, 9], [19, 3, 20, 2], [21, 6, 22, 7], [23, 13, 24, 12], [1, 19, 2, 18], [3, 15, 4, 14], [5, 11, 6, 10], [7, 16, 8, 17]]"
12a_1056_46,"[[7, 16, 8, 17], [9, 20, 10, 21], [11, 23, 12, 22], [13, 5, 14, 4], [15, 1, 16, 24], [17, 8, 18, 9], [19, 3, 20, 2], [21, 6, 22, 7], [23, 13, 24, 12], [1, 19, 2, 18], [3, 15, 4, 14], [5, 11, 6, 10]]"
12a_1056_47,"[[5, 11, 6, 10], [7, 16, 8, 17], [9, 20, 10, 21], [11, 23, 12, 22], [13, 5, 14, 4], [15, 1, 16, 24], [17, 8, 18, 9], [19, 3, 20, 2], [21, 6, 22, 7], [23, 13, 24, 12], [1, 19, 2, 18], [3, 15, 4, 14]]"
12a_1056_48,"[[4, 16, 5, 15], [6, 12, 7, 11], [8, 17, 9, 18], [10, 21, 11, 22], [12, 24, 13, 23], [14, 6, 15, 5], [16, 2, 17, 1], [18, 9, 19, 10], [20, 4, 21, 3], [22, 7, 23, 8], [24, 14, 1, 13], [2, 20, 3, 19]]"
12a_1056_49,"[[2, 20, 3, 19], [4, 16, 5, 15], [6, 12, 7, 11], [8, 17, 9, 18], [10, 21, 11, 22], [12, 24, 13, 23], [14, 6, 15, 5], [16, 2, 17, 1], [18, 9, 19, 10], [20, 4, 21, 3], [22, 7, 23, 8], [24, 14, 1, 13]]"
12a_1056_50,"[[24, 14, 1, 13], [2, 20, 3, 19], [4, 16, 5, 15], [6, 12, 7, 11], [8, 17, 9, 18], [10, 21, 11, 22], [12, 24, 13, 23], [14, 6, 15, 5], [16, 2, 17, 1], [18, 9, 19, 10], [20, 4, 21, 3], [22, 7, 23, 8]]"
12a_1056_51,"[[22, 7, 23, 8], [24, 14, 1, 13], [2, 20, 3, 19], [4, 16, 5, 15], [6, 12, 7, 11], [8, 17, 9, 18], [10, 21, 11, 22], [12, 24, 13, 23], [14, 6, 15, 5], [16, 2, 17, 1], [18, 9, 19, 10], [20, 4, 21, 3]]"
12a_1056_52,"[[20, 4, 21, 3], [22, 7, 23, 8], [24, 14, 1, 13], [2, 20, 3, 19], [4, 16, 5, 15], [6, 12, 7, 11], [8, 17, 9, 18], [10, 21, 11, 22], [12, 24, 13, 23], [14, 6, 15, 5], [16, 2, 17, 1], [18, 9, 19, 10]]"
12a_1056_53,"[[18, 9, 19, 10], [20, 4, 21, 3], [22, 7, 23, 8], [24, 14, 1, 13], [2, 20, 3, 19], [4, 16, 5, 15], [6, 12, 7, 11], [8, 17, 9, 18], [10, 21, 11, 22], [12, 24, 13, 23], [14, 6, 15, 5], [16, 2, 17, 1]]"
12a_1056_54,"[[16, 2, 17, 1], [18, 9, 19, 10], [20, 4, 21, 3], [22, 7, 23, 8], [24, 14, 1, 13], [2, 20, 3, 19], [4, 16, 5, 15], [6, 12, 7, 11], [8, 17, 9, 18], [10, 21, 11, 22], [12, 24, 13, 23], [14, 6, 15, 5]]"
12a_1056_55,"[[14, 6, 15, 5], [16, 2, 17, 1], [18, 9, 19, 10], [20, 4, 21, 3], [22, 7, 23, 8], [24, 14, 1, 13], [2, 20, 3, 19], [4, 16, 5, 15], [6, 12, 7, 11], [8, 17, 9, 18], [10, 21, 11, 22], [12, 24, 13, 23]]"
12a_1056_56,"[[12, 24, 13, 23], [14, 6, 15, 5], [16, 2, 17, 1], [18, 9, 19, 10], [20, 4, 21, 3], [22, 7, 23, 8], [24, 14, 1, 13], [2, 20, 3, 19], [4, 16, 5, 15], [6, 12, 7, 11], [8, 17, 9, 18], [10, 21, 11, 22]]"
12a_1056_57,"[[10, 21, 11, 22], [12, 24, 13, 23], [14, 6, 15, 5], [16, 2, 17, 1], [18, 9, 19, 10], [20, 4, 21, 3], [22, 7, 23, 8], [24, 14, 1, 13], [2, 20, 3, 19], [4, 16, 5, 15], [6, 12, 7, 11], [8, 17, 9, 18]]"
12a_1056_58,"[[8, 17, 9, 18], [10, 21, 11, 22], [12, 24, 13, 23], [14, 6, 15, 5], [16, 2, 17, 1], [18, 9, 19, 10], [20, 4, 21, 3], [22, 7, 23, 8], [24, 14, 1, 13], [2, 20, 3, 19], [4, 16, 5, 15], [6, 12, 7, 11]]"
12a_1056_59,"[[6, 12, 7, 11], [8, 17, 9, 18], [10, 21, 11, 22], [12, 24, 13, 23], [14, 6, 15, 5], [16, 2, 17, 1], [18, 9, 19, 10], [20, 4, 21, 3], [22, 7, 23, 8], [24, 14, 1, 13], [2, 20, 3, 19], [4, 16, 5, 15]]"
12a_1056_60,"[[5, 17, 6, 16], [7, 13, 8, 12], [9, 18, 10, 19], [11, 22, 12, 23], [13, 1, 14, 24], [15, 7, 16, 6], [17, 3, 18, 2], [19, 10, 20, 11], [21, 5, 22, 4], [23, 8, 24, 9], [1, 15, 2, 14], [3, 21, 4, 20]]"
12a_1056_61,"[[3, 21, 4, 20], [5, 17, 6, 16], [7, 13, 8, 12], [9, 18, 10, 19], [11, 22, 12, 23], [13, 1, 14, 24], [15, 7, 16, 6], [17, 3, 18, 2], [19, 10, 20, 11], [21, 5, 22, 4], [23, 8, 24, 9], [1, 15, 2, 14]]"
12a_1056_62,"[[1, 15, 2, 14], [3, 21, 4, 20], [5, 17, 6, 16], [7, 13, 8, 12], [9, 18, 10, 19], [11, 22, 12, 23], [13, 1, 14, 24], [15, 7, 16, 6], [17, 3, 18, 2], [19, 10, 20, 11], [21, 5, 22, 4], [23, 8, 24, 9]]"
12a_1056_63,"[[23, 8, 24, 9], [1, 15, 2, 14], [3, 21, 4, 20], [5, 17, 6, 16], [7, 13, 8, 12], [9, 18, 10, 19], [11, 22, 12, 23], [13, 1, 14, 24], [15, 7, 16, 6], [17, 3, 18, 2], [19, 10, 20, 11], [21, 5, 22, 4]]"
12a_1056_64,"[[21, 5, 22, 4], [23, 8, 24, 9], [1, 15, 2, 14], [3, 21, 4, 20], [5, 17, 6, 16], [7, 13, 8, 12], [9, 18, 10, 19], [11, 22, 12, 23], [13, 1, 14, 24], [15, 7, 16, 6], [17, 3, 18, 2], [19, 10, 20, 11]]"
12a_1056_65,"[[19, 10, 20, 11], [21, 5, 22, 4], [23, 8, 24, 9], [1, 15, 2, 14], [3, 21, 4, 20], [5, 17, 6, 16], [7, 13, 8, 12], [9, 18, 10, 19], [11, 22, 12, 23], [13, 1, 14, 24], [15, 7, 16, 6], [17, 3, 18, 2]]"
12a_1056_66,"[[17, 3, 18, 2], [19, 10, 20, 11], [21, 5, 22, 4], [23, 8, 24, 9], [1, 15, 2, 14], [3, 21, 4, 20], [5, 17, 6, 16], [7, 13, 8, 12], [9, 18, 10, 19], [11, 22, 12, 23], [13, 1, 14, 24], [15, 7, 16, 6]]"
12a_1056_67,"[[15, 7, 16, 6], [17, 3, 18, 2], [19, 10, 20, 11], [21, 5, 22, 4], [23, 8, 24, 9], [1, 15, 2, 14], [3, 21, 4, 20], [5, 17, 6, 16], [7, 13, 8, 12], [9, 18, 10, 19], [11, 22, 12, 23], [13, 1, 14, 24]]"
12a_1056_68,"[[13, 1, 14, 24], [15, 7, 16, 6], [17, 3, 18, 2], [19, 10, 20, 11], [21, 5, 22, 4], [23, 8, 24, 9], [1, 15, 2, 14], [3, 21, 4, 20], [5, 17, 6, 16], [7, 13, 8, 12], [9, 18, 10, 19], [11, 22, 12, 23]]"
12a_1056_69,"[[11, 22, 12, 23], [13, 1, 14, 24], [15, 7, 16, 6], [17, 3, 18, 2], [19, 10, 20, 11], [21, 5, 22, 4], [23, 8, 24, 9], [1, 15, 2, 14], [3, 21, 4, 20], [5, 17, 6, 16], [7, 13, 8, 12], [9, 18, 10, 19]]"
12a_1056_70,"[[9, 18, 10, 19], [11, 22, 12, 23], [13, 1, 14, 24], [15, 7, 16, 6], [17, 3, 18, 2], [19, 10, 20, 11], [21, 5, 22, 4], [23, 8, 24, 9], [1, 15, 2, 14], [3, 21, 4, 20], [5, 17, 6, 16], [7, 13, 8, 12]]"
12a_1056_71,"[[7, 13, 8, 12], [9, 18, 10, 19], [11, 22, 12, 23], [13, 1, 14, 24], [15, 7, 16, 6], [17, 3, 18, 2], [19, 10, 20, 11], [21, 5, 22, 4], [23, 8, 24, 9], [1, 15, 2, 14], [3, 21, 4, 20], [5, 17, 6, 16]]"
12a_1056_72,"[[6, 18, 7, 17], [8, 14, 9, 13], [10, 19, 11, 20], [12, 23, 13, 24], [14, 2, 15, 1], [16, 8, 17, 7], [18, 4, 19, 3], [20, 11, 21, 12], [22, 6, 23, 5], [24, 9, 1, 10], [2, 16, 3, 15], [4, 22, 5, 21]]"
12a_1056_73,"[[4, 22, 5, 21], [6, 18, 7, 17], [8, 14, 9, 13], [10, 19, 11, 20], [12, 23, 13, 24], [14, 2, 15, 1], [16, 8, 17, 7], [18, 4, 19, 3], [20, 11, 21, 12], [22, 6, 23, 5], [24, 9, 1, 10], [2, 16, 3, 15]]"
12a_1056_74,"[[2, 16, 3, 15], [4, 22, 5, 21], [6, 18, 7, 17], [8, 14, 9, 13], [10, 19, 11, 20], [12, 23, 13, 24], [14, 2, 15, 1], [16, 8, 17, 7], [18, 4, 19, 3], [20, 11, 21, 12], [22, 6, 23, 5], [24, 9, 1, 10]]"
12a_1056_75,"[[24, 9, 1, 10], [2, 16, 3, 15], [4, 22, 5, 21], [6, 18, 7, 17], [8, 14, 9, 13], [10, 19, 11, 20], [12, 23, 13, 24], [14, 2, 15, 1], [16, 8, 17, 7], [18, 4, 19, 3], [20, 11, 21, 12], [22, 6, 23, 5]]"
12a_1056_76,"[[22, 6, 23, 5], [24, 9, 1, 10], [2, 16, 3, 15], [4, 22, 5, 21], [6, 18, 7, 17], [8, 14, 9, 13], [10, 19, 11, 20], [12, 23, 13, 24], [14, 2, 15, 1], [16, 8, 17, 7], [18, 4, 19, 3], [20, 11, 21, 12]]"
12a_1056_77,"[[20, 11, 21, 12], [22, 6, 23, 5], [24, 9, 1, 10], [2, 16, 3, 15], [4, 22, 5, 21], [6, 18, 7, 17], [8, 14, 9, 13], [10, 19, 11, 20], [12, 23, 13, 24], [14, 2, 15, 1], [16, 8, 17, 7], [18, 4, 19, 3]]"
12a_1056_78,"[[18, 4, 19, 3], [20, 11, 21, 12], [22, 6, 23, 5], [24, 9, 1, 10], [2, 16, 3, 15], [4, 22, 5, 21], [6, 18, 7, 17], [8, 14, 9, 13], [10, 19, 11, 20], [12, 23, 13, 24], [14, 2, 15, 1], [16, 8, 17, 7]]"
12a_1056_79,"[[16, 8, 17, 7], [18, 4, 19, 3], [20, 11, 21, 12], [22, 6, 23, 5], [24, 9, 1, 10], [2, 16, 3, 15], [4, 22, 5, 21], [6, 18, 7, 17], [8, 14, 9, 13], [10, 19, 11, 20], [12, 23, 13, 24], [14, 2, 15, 1]]"
12a_1056_80,"[[14, 2, 15, 1], [16, 8, 17, 7], [18, 4, 19, 3], [20, 11, 21, 12], [22, 6, 23, 5], [24, 9, 1, 10], [2, 16, 3, 15], [4, 22, 5, 21], [6, 18, 7, 17], [8, 14, 9, 13], [10, 19, 11, 20], [12, 23, 13, 24]]"
12a_1056_81,"[[12, 23, 13, 24], [14, 2, 15, 1], [16, 8, 17, 7], [18, 4, 19, 3], [20, 11, 21, 12], [22, 6, 23, 5], [24, 9, 1, 10], [2, 16, 3, 15], [4, 22, 5, 21], [6, 18, 7, 17], [8, 14, 9, 13], [10, 19, 11, 20]]"
12a_1056_82,"[[10, 19, 11, 20], [12, 23, 13, 24], [14, 2, 15, 1], [16, 8, 17, 7], [18, 4, 19, 3], [20, 11, 21, 12], [22, 6, 23, 5], [24, 9, 1, 10], [2, 16, 3, 15], [4, 22, 5, 21], [6, 18, 7, 17], [8, 14, 9, 13]]"
12a_1056_83,"[[8, 14, 9, 13], [10, 19, 11, 20], [12, 23, 13, 24], [14, 2, 15, 1], [16, 8, 17, 7], [18, 4, 19, 3], [20, 11, 21, 12], [22, 6, 23, 5], [24, 9, 1, 10], [2, 16, 3, 15], [4, 22, 5, 21], [6, 18, 7, 17]]"
12a_1056_84,"[[7, 19, 8, 18], [9, 15, 10, 14], [11, 20, 12, 21], [13, 24, 14, 1], [15, 3, 16, 2], [17, 9, 18, 8], [19, 5, 20, 4], [21, 12, 22, 13], [23, 7, 24, 6], [1, 10, 2, 11], [3, 17, 4, 16], [5, 23, 6, 22]]"
12a_1056_85,"[[5, 23, 6, 22], [7, 19, 8, 18], [9, 15, 10, 14], [11, 20, 12, 21], [13, 24, 14, 1], [15, 3, 16, 2], [17, 9, 18, 8], [19, 5, 20, 4], [21, 12, 22, 13], [23, 7, 24, 6], [1, 10, 2, 11], [3, 17, 4, 16]]"
12a_1056_86,"[[3, 17, 4, 16], [5, 23, 6, 22], [7, 19, 8, 18], [9, 15, 10, 14], [11, 20, 12, 21], [13, 24, 14, 1], [15, 3, 16, 2], [17, 9, 18, 8], [19, 5, 20, 4], [21, 12, 22, 13], [23, 7, 24, 6], [1, 10, 2, 11]]"
12a_1056_87,"[[1, 10, 2, 11], [3, 17, 4, 16], [5, 23, 6, 22], [7, 19, 8, 18], [9, 15, 10, 14], [11, 20, 12, 21], [13, 24, 14, 1], [15, 3, 16, 2], [17, 9, 18, 8], [19, 5, 20, 4], [21, 12, 22, 13], [23, 7, 24, 6]]"
12a_1056_88,"[[23, 7, 24, 6], [1, 10, 2, 11], [3, 17, 4, 16], [5, 23, 6, 22], [7, 19, 8, 18], [9, 15, 10, 14], [11, 20, 12, 21], [13, 24, 14, 1], [15, 3, 16, 2], [17, 9, 18, 8], [19, 5, 20, 4], [21, 12, 22, 13]]"
12a_1056_89,"[[21, 12, 22, 13], [23, 7, 24, 6], [1, 10, 2, 11], [3, 17, 4, 16], [5, 23, 6, 22], [7, 19, 8, 18], [9, 15, 10, 14], [11, 20, 12, 21], [13, 24, 14, 1], [15, 3, 16, 2], [17, 9, 18, 8], [19, 5, 20, 4]]"
12a_1056_90,"[[19, 5, 20, 4], [21, 12, 22, 13], [23, 7, 24, 6], [1, 10, 2, 11], [3, 17, 4, 16], [5, 23, 6, 22], [7, 19, 8, 18], [9, 15, 10, 14], [11, 20, 12, 21], [13, 24, 14, 1], [15, 3, 16, 2], [17, 9, 18, 8]]"
12a_1056_91,"[[17, 9, 18, 8], [19, 5, 20, 4], [21, 12, 22, 13], [23, 7, 24, 6], [1, 10, 2, 11], [3, 17, 4, 16], [5, 23, 6, 22], [7, 19, 8, 18], [9, 15, 10, 14], [11, 20, 12, 21], [13, 24, 14, 1], [15, 3, 16, 2]]"
12a_1056_92,"[[15, 3, 16, 2], [17, 9, 18, 8], [19, 5, 20, 4], [21, 12, 22, 13], [23, 7, 24, 6], [1, 10, 2, 11], [3, 17, 4, 16], [5, 23, 6, 22], [7, 19, 8, 18], [9, 15, 10, 14], [11, 20, 12, 21], [13, 24, 14, 1]]"
12a_1056_93,"[[13, 24, 14, 1], [15, 3, 16, 2], [17, 9, 18, 8], [19, 5, 20, 4], [21, 12, 22, 13], [23, 7, 24, 6], [1, 10, 2, 11], [3, 17, 4, 16], [5, 23, 6, 22], [7, 19, 8, 18], [9, 15, 10, 14], [11, 20, 12, 21]]"
12a_1056_94,"[[11, 20, 12, 21], [13, 24, 14, 1], [15, 3, 16, 2], [17, 9, 18, 8], [19, 5, 20, 4], [21, 12, 22, 13], [23, 7, 24, 6], [1, 10, 2, 11], [3, 17, 4, 16], [5, 23, 6, 22], [7, 19, 8, 18], [9, 15, 10, 14]]"
12a_1056_95,"[[9, 15, 10, 14], [11, 20, 12, 21], [13, 24, 14, 1], [15, 3, 16, 2], [17, 9, 18, 8], [19, 5, 20, 4], [21, 12, 22, 13], [23, 7, 24, 6], [1, 10, 2, 11], [3, 17, 4, 16], [5, 23, 6, 22], [7, 19, 8, 18]]"
12a_1056_96,"[[8, 20, 9, 19], [10, 16, 11, 15], [12, 21, 13, 22], [14, 1, 15, 2], [16, 4, 17, 3], [18, 10, 19, 9], [20, 6, 21, 5], [22, 13, 23, 14], [24, 8, 1, 7], [2, 11, 3, 12], [4, 18, 5, 17], [6, 24, 7, 23]]"
12a_1056_97,"[[6, 24, 7, 23], [8, 20, 9, 19], [10, 16, 11, 15], [12, 21, 13, 22], [14, 1, 15, 2], [16, 4, 17, 3], [18, 10, 19, 9], [20, 6, 21, 5], [22, 13, 23, 14], [24, 8, 1, 7], [2, 11, 3, 12], [4, 18, 5, 17]]"
12a_1056_98,"[[4, 18, 5, 17], [6, 24, 7, 23], [8, 20, 9, 19], [10, 16, 11, 15], [12, 21, 13, 22], [14, 1, 15, 2], [16, 4, 17, 3], [18, 10, 19, 9], [20, 6, 21, 5], [22, 13, 23, 14], [24, 8, 1, 7], [2, 11, 3, 12]]"
12a_1056_99,"[[2, 11, 3, 12], [4, 18, 5, 17], [6, 24, 7, 23], [8, 20, 9, 19], [10, 16, 11, 15], [12, 21, 13, 22], [14, 1, 15, 2], [16, 4, 17, 3], [18, 10, 19, 9], [20, 6, 21, 5], [22, 13, 23, 14], [24, 8, 1, 7]]"
12a_1056_100,"[[24, 8, 1, 7], [2, 11, 3, 12], [4, 18, 5, 17], [6, 24, 7, 23], [8, 20, 9, 19], [10, 16, 11, 15], [12, 21, 13, 22], [14, 1, 15, 2], [16, 4, 17, 3], [18, 10, 19, 9], [20, 6, 21, 5], [22, 13, 23, 14]]"
12a_1056_101,"[[22, 13, 23, 14], [24, 8, 1, 7], [2, 11, 3, 12], [4, 18, 5, 17], [6, 24, 7, 23], [8, 20, 9, 19], [10, 16, 11, 15], [12, 21, 13, 22], [14, 1, 15, 2], [16, 4, 17, 3], [18, 10, 19, 9], [20, 6, 21, 5]]"
12a_1056_102,"[[20, 6, 21, 5], [22, 13, 23, 14], [24, 8, 1, 7], [2, 11, 3, 12], [4, 18, 5, 17], [6, 24, 7, 23], [8, 20, 9, 19], [10, 16, 11, 15], [12, 21, 13, 22], [14, 1, 15, 2], [16, 4, 17, 3], [18, 10, 19, 9]]"
12a_1056_103,"[[18, 10, 19, 9], [20, 6, 21, 5], [22, 13, 23, 14], [24, 8, 1, 7], [2, 11, 3, 12], [4, 18, 5, 17], [6, 24, 7, 23], [8, 20, 9, 19], [10, 16, 11, 15], [12, 21, 13, 22], [14, 1, 15, 2], [16, 4, 17, 3]]"
12a_1056_104,"[[16, 4, 17, 3], [18, 10, 19, 9], [20, 6, 21, 5], [22, 13, 23, 14], [24, 8, 1, 7], [2, 11, 3, 12], [4, 18, 5, 17], [6, 24, 7, 23], [8, 20, 9, 19], [10, 16, 11, 15], [12, 21, 13, 22], [14, 1, 15, 2]]"
12a_1056_105,"[[14, 1, 15, 2], [16, 4, 17, 3], [18, 10, 19, 9], [20, 6, 21, 5], [22, 13, 23, 14], [24, 8, 1, 7], [2, 11, 3, 12], [4, 18, 5, 17], [6, 24, 7, 23], [8, 20, 9, 19], [10, 16, 11, 15], [12, 21, 13, 22]]"
12a_1056_106,"[[12, 21, 13, 22], [14, 1, 15, 2], [16, 4, 17, 3], [18, 10, 19, 9], [20, 6, 21, 5], [22, 13, 23, 14], [24, 8, 1, 7], [2, 11, 3, 12], [4, 18, 5, 17], [6, 24, 7, 23], [8, 20, 9, 19], [10, 16, 11, 15]]"
12a_1056_107,"[[10, 16, 11, 15], [12, 21, 13, 22], [14, 1, 15, 2], [16, 4, 17, 3], [18, 10, 19, 9], [20, 6, 21, 5], [22, 13, 23, 14], [24, 8, 1, 7], [2, 11, 3, 12], [4, 18, 5, 17], [6, 24, 7, 23], [8, 20, 9, 19]]"
12a_1056_108,"[[9, 21, 10, 20], [11, 17, 12, 16], [13, 22, 14, 23], [15, 2, 16, 3], [17, 5, 18, 4], [19, 11, 20, 10], [21, 7, 22, 6], [23, 14, 24, 15], [1, 9, 2, 8], [3, 12, 4, 13], [5, 19, 6, 18], [7, 1, 8, 24]]"
12a_1056_109,"[[7, 1, 8, 24], [9, 21, 10, 20], [11, 17, 12, 16], [13, 22, 14, 23], [15, 2, 16, 3], [17, 5, 18, 4], [19, 11, 20, 10], [21, 7, 22, 6], [23, 14, 24, 15], [1, 9, 2, 8], [3, 12, 4, 13], [5, 19, 6, 18]]"
12a_1056_110,"[[5, 19, 6, 18], [7, 1, 8, 24], [9, 21, 10, 20], [11, 17, 12, 16], [13, 22, 14, 23], [15, 2, 16, 3], [17, 5, 18, 4], [19, 11, 20, 10], [21, 7, 22, 6], [23, 14, 24, 15], [1, 9, 2, 8], [3, 12, 4, 13]]"
12a_1056_111,"[[3, 12, 4, 13], [5, 19, 6, 18], [7, 1, 8, 24], [9, 21, 10, 20], [11, 17, 12, 16], [13, 22, 14, 23], [15, 2, 16, 3], [17, 5, 18, 4], [19, 11, 20, 10], [21, 7, 22, 6], [23, 14, 24, 15], [1, 9, 2, 8]]"
12a_1056_112,"[[1, 9, 2, 8], [3, 12, 4, 13], [5, 19, 6, 18], [7, 1, 8, 24], [9, 21, 10, 20], [11, 17, 12, 16], [13, 22, 14, 23], [15, 2, 16, 3], [17, 5, 18, 4], [19, 11, 20, 10], [21, 7, 22, 6], [23, 14, 24, 15]]"
12a_1056_113,"[[23, 14, 24, 15], [1, 9, 2, 8], [3, 12, 4, 13], [5, 19, 6, 18], [7, 1, 8, 24], [9, 21, 10, 20], [11, 17, 12, 16], [13, 22, 14, 23], [15, 2, 16, 3], [17, 5, 18, 4], [19, 11, 20, 10], [21, 7, 22, 6]]"
12a_1056_114,"[[21, 7, 22, 6], [23, 14, 24, 15], [1, 9, 2, 8], [3, 12, 4, 13], [5, 19, 6, 18], [7, 1, 8, 24], [9, 21, 10, 20], [11, 17, 12, 16], [13, 22, 14, 23], [15, 2, 16, 3], [17, 5, 18, 4], [19, 11, 20, 10]]"
12a_1056_115,"[[19, 11, 20, 10], [21, 7, 22, 6], [23, 14, 24, 15], [1, 9, 2, 8], [3, 12, 4, 13], [5, 19, 6, 18], [7, 1, 8, 24], [9, 21, 10, 20], [11, 17, 12, 16], [13, 22, 14, 23], [15, 2, 16, 3], [17, 5, 18, 4]]"
12a_1056_116,"[[17, 5, 18, 4], [19, 11, 20, 10], [21, 7, 22, 6], [23, 14, 24, 15], [1, 9, 2, 8], [3, 12, 4, 13], [5, 19, 6, 18], [7, 1, 8, 24], [9, 21, 10, 20], [11, 17, 12, 16], [13, 22, 14, 23], [15, 2, 16, 3]]"
12a_1056_117,"[[15, 2, 16, 3], [17, 5, 18, 4], [19, 11, 20, 10], [21, 7, 22, 6], [23, 14, 24, 15], [1, 9, 2, 8], [3, 12, 4, 13], [5, 19, 6, 18], [7, 1, 8, 24], [9, 21, 10, 20], [11, 17, 12, 16], [13, 22, 14, 23]]"
12a_1056_118,"[[13, 22, 14, 23], [15, 2, 16, 3], [17, 5, 18, 4], [19, 11, 20, 10], [21, 7, 22, 6], [23, 14, 24, 15], [1, 9, 2, 8], [3, 12, 4, 13], [5, 19, 6, 18], [7, 1, 8, 24], [9, 21, 10, 20], [11, 17, 12, 16]]"
12a_1056_119,"[[11, 17, 12, 16], [13, 22, 14, 23], [15, 2, 16, 3], [17, 5, 18, 4], [19, 11, 20, 10], [21, 7, 22, 6], [23, 14, 24, 15], [1, 9, 2, 8], [3, 12, 4, 13], [5, 19, 6, 18], [7, 1, 8, 24], [9, 21, 10, 20]]"
12a_1056_120,"[[10, 22, 11, 21], [12, 18, 13, 17], [14, 23, 15, 24], [16, 3, 17, 4], [18, 6, 19, 5], [20, 12, 21, 11], [22, 8, 23, 7], [24, 15, 1, 16], [2, 10, 3, 9], [4, 13, 5, 14], [6, 20, 7, 19], [8, 2, 9, 1]]"
12a_1056_121,"[[8, 2, 9, 1], [10, 22, 11, 21], [12, 18, 13, 17], [14, 23, 15, 24], [16, 3, 17, 4], [18, 6, 19, 5], [20, 12, 21, 11], [22, 8, 23, 7], [24, 15, 1, 16], [2, 10, 3, 9], [4, 13, 5, 14], [6, 20, 7, 19]]"
12a_1056_122,"[[6, 20, 7, 19], [8, 2, 9, 1], [10, 22, 11, 21], [12, 18, 13, 17], [14, 23, 15, 24], [16, 3, 17, 4], [18, 6, 19, 5], [20, 12, 21, 11], [22, 8, 23, 7], [24, 15, 1, 16], [2, 10, 3, 9], [4, 13, 5, 14]]"
12a_1056_123,"[[4, 13, 5, 14], [6, 20, 7, 19], [8, 2, 9, 1], [10, 22, 11, 21], [12, 18, 13, 17], [14, 23, 15, 24], [16, 3, 17, 4], [18, 6, 19, 5], [20, 12, 21, 11], [22, 8, 23, 7], [24, 15, 1, 16], [2, 10, 3, 9]]"
12a_1056_124,"[[2, 10, 3, 9], [4, 13, 5, 14], [6, 20, 7, 19], [8, 2, 9, 1], [10, 22, 11, 21], [12, 18, 13, 17], [14, 23, 15, 24], [16, 3, 17, 4], [18, 6, 19, 5], [20, 12, 21, 11], [22, 8, 23, 7], [24, 15, 1, 16]]"
12a_1056_125,"[[24, 15, 1, 16], [2, 10, 3, 9], [4, 13, 5, 14], [6, 20, 7, 19], [8, 2, 9, 1], [10, 22, 11, 21], [12, 18, 13, 17], [14, 23, 15, 24], [16, 3, 17, 4], [18, 6, 19, 5], [20, 12, 21, 11], [22, 8, 23, 7]]"
12a_1056_126,"[[22, 8, 23, 7], [24, 15, 1, 16], [2, 10, 3, 9], [4, 13, 5, 14], [6, 20, 7, 19], [8, 2, 9, 1], [10, 22, 11, 21], [12, 18, 13, 17], [14, 23, 15, 24], [16, 3, 17, 4], [18, 6, 19, 5], [20, 12, 21, 11]]"
12a_1056_127,"[[20, 12, 21, 11], [22, 8, 23, 7], [24, 15, 1, 16], [2, 10, 3, 9], [4, 13, 5, 14], [6, 20, 7, 19], [8, 2, 9, 1], [10, 22, 11, 21], [12, 18, 13, 17], [14, 23, 15, 24], [16, 3, 17, 4], [18, 6, 19, 5]]"
12a_1056_128,"[[18, 6, 19, 5], [20, 12, 21, 11], [22, 8, 23, 7], [24, 15, 1, 16], [2, 10, 3, 9], [4, 13, 5, 14], [6, 20, 7, 19], [8, 2, 9, 1], [10, 22, 11, 21], [12, 18, 13, 17], [14, 23, 15, 24], [16, 3, 17, 4]]"
12a_1056_129,"[[16, 3, 17, 4], [18, 6, 19, 5], [20, 12, 21, 11], [22, 8, 23, 7], [24, 15, 1, 16], [2, 10, 3, 9], [4, 13, 5, 14], [6, 20, 7, 19], [8, 2, 9, 1], [10, 22, 11, 21], [12, 18, 13, 17], [14, 23, 15, 24]]"
12a_1056_130,"[[14, 23, 15, 24], [16, 3, 17, 4], [18, 6, 19, 5], [20, 12, 21, 11], [22, 8, 23, 7], [24, 15, 1, 16], [2, 10, 3, 9], [4, 13, 5, 14], [6, 20, 7, 19], [8, 2, 9, 1], [10, 22, 11, 21], [12, 18, 13, 17]]"
12a_1056_131,"[[12, 18, 13, 17], [14, 23, 15, 24], [16, 3, 17, 4], [18, 6, 19, 5], [20, 12, 21, 11], [22, 8, 23, 7], [24, 15, 1, 16], [2, 10, 3, 9], [4, 13, 5, 14], [6, 20, 7, 19], [8, 2, 9, 1], [10, 22, 11, 21]]"
12a_1056_132,"[[11, 23, 12, 22], [13, 19, 14, 18], [15, 24, 16, 1], [17, 4, 18, 5], [19, 7, 20, 6], [21, 13, 22, 12], [23, 9, 24, 8], [1, 16, 2, 17], [3, 11, 4, 10], [5, 14, 6, 15], [7, 21, 8, 20], [9, 3, 10, 2]]"
12a_1056_133,"[[9, 3, 10, 2], [11, 23, 12, 22], [13, 19, 14, 18], [15, 24, 16, 1], [17, 4, 18, 5], [19, 7, 20, 6], [21, 13, 22, 12], [23, 9, 24, 8], [1, 16, 2, 17], [3, 11, 4, 10], [5, 14, 6, 15], [7, 21, 8, 20]]"
12a_1056_134,"[[7, 21, 8, 20], [9, 3, 10, 2], [11, 23, 12, 22], [13, 19, 14, 18], [15, 24, 16, 1], [17, 4, 18, 5], [19, 7, 20, 6], [21, 13, 22, 12], [23, 9, 24, 8], [1, 16, 2, 17], [3, 11, 4, 10], [5, 14, 6, 15]]"
12a_1056_135,"[[5, 14, 6, 15], [7, 21, 8, 20], [9, 3, 10, 2], [11, 23, 12, 22], [13, 19, 14, 18], [15, 24, 16, 1], [17, 4, 18, 5], [19, 7, 20, 6], [21, 13, 22, 12], [23, 9, 24, 8], [1, 16, 2, 17], [3, 11, 4, 10]]"
12a_1056_136,"[[3, 11, 4, 10], [5, 14, 6, 15], [7, 21, 8, 20], [9, 3, 10, 2], [11, 23, 12, 22], [13, 19, 14, 18], [15, 24, 16, 1], [17, 4, 18, 5], [19, 7, 20, 6], [21, 13, 22, 12], [23, 9, 24, 8], [1, 16, 2, 17]]"
12a_1056_137,"[[1, 16, 2, 17], [3, 11, 4, 10], [5, 14, 6, 15], [7, 21, 8, 20], [9, 3, 10, 2], [11, 23, 12, 22], [13, 19, 14, 18], [15, 24, 16, 1], [17, 4, 18, 5], [19, 7, 20, 6], [21, 13, 22, 12], [23, 9, 24, 8]]"
12a_1056_138,"[[23, 9, 24, 8], [1, 16, 2, 17], [3, 11, 4, 10], [5, 14, 6, 15], [7, 21, 8, 20], [9, 3, 10, 2], [11, 23, 12, 22], [13, 19, 14, 18], [15, 24, 16, 1], [17, 4, 18, 5], [19, 7, 20, 6], [21, 13, 22, 12]]"
12a_1056_139,"[[21, 13, 22, 12], [23, 9, 24, 8], [1, 16, 2, 17], [3, 11, 4, 10], [5, 14, 6, 15], [7, 21, 8, 20], [9, 3, 10, 2], [11, 23, 12, 22], [13, 19, 14, 18], [15, 24, 16, 1], [17, 4, 18, 5], [19, 7, 20, 6]]"
12a_1056_140,"[[19, 7, 20, 6], [21, 13, 22, 12], [23, 9, 24, 8], [1, 16, 2, 17], [3, 11, 4, 10], [5, 14, 6, 15], [7, 21, 8, 20], [9, 3, 10, 2], [11, 23, 12, 22], [13, 19, 14, 18], [15, 24, 16, 1], [17, 4, 18, 5]]"
12a_1056_141,"[[17, 4, 18, 5], [19, 7, 20, 6], [21, 13, 22, 12], [23, 9, 24, 8], [1, 16, 2, 17], [3, 11, 4, 10], [5, 14, 6, 15], [7, 21, 8, 20], [9, 3, 10, 2], [11, 23, 12, 22], [13, 19, 14, 18], [15, 24, 16, 1]]"
12a_1056_142,"[[15, 24, 16, 1], [17, 4, 18, 5], [19, 7, 20, 6], [21, 13, 22, 12], [23, 9, 24, 8], [1, 16, 2, 17], [3, 11, 4, 10], [5, 14, 6, 15], [7, 21, 8, 20], [9, 3, 10, 2], [11, 23, 12, 22], [13, 19, 14, 18]]"
12a_1056_143,"[[13, 19, 14, 18], [15, 24, 16, 1], [17, 4, 18, 5], [19, 7, 20, 6], [21, 13, 22, 12], [23, 9, 24, 8], [1, 16, 2, 17], [3, 11, 4, 10], [5, 14, 6, 15], [7, 21, 8, 20], [9, 3, 10, 2], [11, 23, 12, 22]]"
12a_1056_144,"[[12, 24, 13, 23], [14, 20, 15, 19], [16, 1, 17, 2], [18, 5, 19, 6], [20, 8, 21, 7], [22, 14, 23, 13], [24, 10, 1, 9], [2, 17, 3, 18], [4, 12, 5, 11], [6, 15, 7, 16], [8, 22, 9, 21], [10, 4, 11, 3]]"
12a_1056_145,"[[10, 4, 11, 3], [12, 24, 13, 23], [14, 20, 15, 19], [16, 1, 17, 2], [18, 5, 19, 6], [20, 8, 21, 7], [22, 14, 23, 13], [24, 10, 1, 9], [2, 17, 3, 18], [4, 12, 5, 11], [6, 15, 7, 16], [8, 22, 9, 21]]"
12a_1056_146,"[[8, 22, 9, 21], [10, 4, 11, 3], [12, 24, 13, 23], [14, 20, 15, 19], [16, 1, 17, 2], [18, 5, 19, 6], [20, 8, 21, 7], [22, 14, 23, 13], [24, 10, 1, 9], [2, 17, 3, 18], [4, 12, 5, 11], [6, 15, 7, 16]]"
12a_1056_147,"[[6, 15, 7, 16], [8, 22, 9, 21], [10, 4, 11, 3], [12, 24, 13, 23], [14, 20, 15, 19], [16, 1, 17, 2], [18, 5, 19, 6], [20, 8, 21, 7], [22, 14, 23, 13], [24, 10, 1, 9], [2, 17, 3, 18], [4, 12, 5, 11]]"
12a_1056_148,"[[4, 12, 5, 11], [6, 15, 7, 16], [8, 22, 9, 21], [10, 4, 11, 3], [12, 24, 13, 23], [14, 20, 15, 19], [16, 1, 17, 2], [18, 5, 19, 6], [20, 8, 21, 7], [22, 14, 23, 13], [24, 10, 1, 9], [2, 17, 3, 18]]"
12a_1056_149,"[[2, 17, 3, 18], [4, 12, 5, 11], [6, 15, 7, 16], [8, 22, 9, 21], [10, 4, 11, 3], [12, 24, 13, 23], [14, 20, 15, 19], [16, 1, 17, 2], [18, 5, 19, 6], [20, 8, 21, 7], [22, 14, 23, 13], [24, 10, 1, 9]]"
12a_1056_150,"[[24, 10, 1, 9], [2, 17, 3, 18], [4, 12, 5, 11], [6, 15, 7, 16], [8, 22, 9, 21], [10, 4, 11, 3], [12, 24, 13, 23], [14, 20, 15, 19], [16, 1, 17, 2], [18, 5, 19, 6], [20, 8, 21, 7], [22, 14, 23, 13]]"
12a_1056_151,"[[22, 14, 23, 13], [24, 10, 1, 9], [2, 17, 3, 18], [4, 12, 5, 11], [6, 15, 7, 16], [8, 22, 9, 21], [10, 4, 11, 3], [12, 24, 13, 23], [14, 20, 15, 19], [16, 1, 17, 2], [18, 5, 19, 6], [20, 8, 21, 7]]"
12a_1056_152,"[[20, 8, 21, 7], [22, 14, 23, 13], [24, 10, 1, 9], [2, 17, 3, 18], [4, 12, 5, 11], [6, 15, 7, 16], [8, 22, 9, 21], [10, 4, 11, 3], [12, 24, 13, 23], [14, 20, 15, 19], [16, 1, 17, 2], [18, 5, 19, 6]]"
12a_1056_153,"[[18, 5, 19, 6], [20, 8, 21, 7], [22, 14, 23, 13], [24, 10, 1, 9], [2, 17, 3, 18], [4, 12, 5, 11], [6, 15, 7, 16], [8, 22, 9, 21], [10, 4, 11, 3], [12, 24, 13, 23], [14, 20, 15, 19], [16, 1, 17, 2]]"
12a_1056_154,"[[16, 1, 17, 2], [18, 5, 19, 6], [20, 8, 21, 7], [22, 14, 23, 13], [24, 10, 1, 9], [2, 17, 3, 18], [4, 12, 5, 11], [6, 15, 7, 16], [8, 22, 9, 21], [10, 4, 11, 3], [12, 24, 13, 23], [14, 20, 15, 19]]"
12a_1056_155,"[[14, 20, 15, 19], [16, 1, 17, 2], [18, 5, 19, 6], [20, 8, 21, 7], [22, 14, 23, 13], [24, 10, 1, 9], [2, 17, 3, 18], [4, 12, 5, 11], [6, 15, 7, 16], [8, 22, 9, 21], [10, 4, 11, 3], [12, 24, 13, 23]]"
12a_1056_156,"[[13, 1, 14, 24], [15, 21, 16, 20], [17, 2, 18, 3], [19, 6, 20, 7], [21, 9, 22, 8], [23, 15, 24, 14], [1, 11, 2, 10], [3, 18, 4, 19], [5, 13, 6, 12], [7, 16, 8, 17], [9, 23, 10, 22], [11, 5, 12, 4]]"
12a_1056_157,"[[11, 5, 12, 4], [13, 1, 14, 24], [15, 21, 16, 20], [17, 2, 18, 3], [19, 6, 20, 7], [21, 9, 22, 8], [23, 15, 24, 14], [1, 11, 2, 10], [3, 18, 4, 19], [5, 13, 6, 12], [7, 16, 8, 17], [9, 23, 10, 22]]"
12a_1056_158,"[[9, 23, 10, 22], [11, 5, 12, 4], [13, 1, 14, 24], [15, 21, 16, 20], [17, 2, 18, 3], [19, 6, 20, 7], [21, 9, 22, 8], [23, 15, 24, 14], [1, 11, 2, 10], [3, 18, 4, 19], [5, 13, 6, 12], [7, 16, 8, 17]]"
12a_1056_159,"[[7, 16, 8, 17], [9, 23, 10, 22], [11, 5, 12, 4], [13, 1, 14, 24], [15, 21, 16, 20], [17, 2, 18, 3], [19, 6, 20, 7], [21, 9, 22, 8], [23, 15, 24, 14], [1, 11, 2, 10], [3, 18, 4, 19], [5, 13, 6, 12]]"
12a_1056_160,"[[5, 13, 6, 12], [7, 16, 8, 17], [9, 23, 10, 22], [11, 5, 12, 4], [13, 1, 14, 24], [15, 21, 16, 20], [17, 2, 18, 3], [19, 6, 20, 7], [21, 9, 22, 8], [23, 15, 24, 14], [1, 11, 2, 10], [3, 18, 4, 19]]"
12a_1056_161,"[[3, 18, 4, 19], [5, 13, 6, 12], [7, 16, 8, 17], [9, 23, 10, 22], [11, 5, 12, 4], [13, 1, 14, 24], [15, 21, 16, 20], [17, 2, 18, 3], [19, 6, 20, 7], [21, 9, 22, 8], [23, 15, 24, 14], [1, 11, 2, 10]]"
12a_1056_162,"[[1, 11, 2, 10], [3, 18, 4, 19], [5, 13, 6, 12], [7, 16, 8, 17], [9, 23, 10, 22], [11, 5, 12, 4], [13, 1, 14, 24], [15, 21, 16, 20], [17, 2, 18, 3], [19, 6, 20, 7], [21, 9, 22, 8], [23, 15, 24, 14]]"
12a_1056_163,"[[23, 15, 24, 14], [1, 11, 2, 10], [3, 18, 4, 19], [5, 13, 6, 12], [7, 16, 8, 17], [9, 23, 10, 22], [11, 5, 12, 4], [13, 1, 14, 24], [15, 21, 16, 20], [17, 2, 18, 3], [19, 6, 20, 7], [21, 9, 22, 8]]"
12a_1056_164,"[[21, 9, 22, 8], [23, 15, 24, 14], [1, 11, 2, 10], [3, 18, 4, 19], [5, 13, 6, 12], [7, 16, 8, 17], [9, 23, 10, 22], [11, 5, 12, 4], [13, 1, 14, 24], [15, 21, 16, 20], [17, 2, 18, 3], [19, 6, 20, 7]]"
12a_1056_165,"[[19, 6, 20, 7], [21, 9, 22, 8], [23, 15, 24, 14], [1, 11, 2, 10], [3, 18, 4, 19], [5, 13, 6, 12], [7, 16, 8, 17], [9, 23, 10, 22], [11, 5, 12, 4], [13, 1, 14, 24], [15, 21, 16, 20], [17, 2, 18, 3]]"
12a_1056_166,"[[17, 2, 18, 3], [19, 6, 20, 7], [21, 9, 22, 8], [23, 15, 24, 14], [1, 11, 2, 10], [3, 18, 4, 19], [5, 13, 6, 12], [7, 16, 8, 17], [9, 23, 10, 22], [11, 5, 12, 4], [13, 1, 14, 24], [15, 21, 16, 20]]"
12a_1056_167,"[[15, 21, 16, 20], [17, 2, 18, 3], [19, 6, 20, 7], [21, 9, 22, 8], [23, 15, 24, 14], [1, 11, 2, 10], [3, 18, 4, 19], [5, 13, 6, 12], [7, 16, 8, 17], [9, 23, 10, 22], [11, 5, 12, 4], [13, 1, 14, 24]]"
12a_1056_168,"[[14, 2, 15, 1], [16, 22, 17, 21], [18, 3, 19, 4], [20, 7, 21, 8], [22, 10, 23, 9], [24, 16, 1, 15], [2, 12, 3, 11], [4, 19, 5, 20], [6, 14, 7, 13], [8, 17, 9, 18], [10, 24, 11, 23], [12, 6, 13, 5]]"
12a_1056_169,"[[12, 6, 13, 5], [14, 2, 15, 1], [16, 22, 17, 21], [18, 3, 19, 4], [20, 7, 21, 8], [22, 10, 23, 9], [24, 16, 1, 15], [2, 12, 3, 11], [4, 19, 5, 20], [6, 14, 7, 13], [8, 17, 9, 18], [10, 24, 11, 23]]"
12a_1056_170,"[[10, 24, 11, 23], [12, 6, 13, 5], [14, 2, 15, 1], [16, 22, 17, 21], [18, 3, 19, 4], [20, 7, 21, 8], [22, 10, 23, 9], [24, 16, 1, 15], [2, 12, 3, 11], [4, 19, 5, 20], [6, 14, 7, 13], [8, 17, 9, 18]]"
12a_1056_171,"[[8, 17, 9, 18], [10, 24, 11, 23], [12, 6, 13, 5], [14, 2, 15, 1], [16, 22, 17, 21], [18, 3, 19, 4], [20, 7, 21, 8], [22, 10, 23, 9], [24, 16, 1, 15], [2, 12, 3, 11], [4, 19, 5, 20], [6, 14, 7, 13]]"
12a_1056_172,"[[6, 14, 7, 13], [8, 17, 9, 18], [10, 24, 11, 23], [12, 6, 13, 5], [14, 2, 15, 1], [16, 22, 17, 21], [18, 3, 19, 4], [20, 7, 21, 8], [22, 10, 23, 9], [24, 16, 1, 15], [2, 12, 3, 11], [4, 19, 5, 20]]"
12a_1056_173,"[[4, 19, 5, 20], [6, 14, 7, 13], [8, 17, 9, 18], [10, 24, 11, 23], [12, 6, 13, 5], [14, 2, 15, 1], [16, 22, 17, 21], [18, 3, 19, 4], [20, 7, 21, 8], [22, 10, 23, 9], [24, 16, 1, 15], [2, 12, 3, 11]]"
12a_1056_174,"[[2, 12, 3, 11], [4, 19, 5, 20], [6, 14, 7, 13], [8, 17, 9, 18], [10, 24, 11, 23], [12, 6, 13, 5], [14, 2, 15, 1], [16, 22, 17, 21], [18, 3, 19, 4], [20, 7, 21, 8], [22, 10, 23, 9], [24, 16, 1, 15]]"
12a_1056_175,"[[24, 16, 1, 15], [2, 12, 3, 11], [4, 19, 5, 20], [6, 14, 7, 13], [8, 17, 9, 18], [10, 24, 11, 23], [12, 6, 13, 5], [14, 2, 15, 1], [16, 22, 17, 21], [18, 3, 19, 4], [20, 7, 21, 8], [22, 10, 23, 9]]"
12a_1056_176,"[[22, 10, 23, 9], [24, 16, 1, 15], [2, 12, 3, 11], [4, 19, 5, 20], [6, 14, 7, 13], [8, 17, 9, 18], [10, 24, 11, 23], [12, 6, 13, 5], [14, 2, 15, 1], [16, 22, 17, 21], [18, 3, 19, 4], [20, 7, 21, 8]]"
12a_1056_177,"[[20, 7, 21, 8], [22, 10, 23, 9], [24, 16, 1, 15], [2, 12, 3, 11], [4, 19, 5, 20], [6, 14, 7, 13], [8, 17, 9, 18], [10, 24, 11, 23], [12, 6, 13, 5], [14, 2, 15, 1], [16, 22, 17, 21], [18, 3, 19, 4]]"
12a_1056_178,"[[18, 3, 19, 4], [20, 7, 21, 8], [22, 10, 23, 9], [24, 16, 1, 15], [2, 12, 3, 11], [4, 19, 5, 20], [6, 14, 7, 13], [8, 17, 9, 18], [10, 24, 11, 23], [12, 6, 13, 5], [14, 2, 15, 1], [16, 22, 17, 21]]"
12a_1056_179,"[[16, 22, 17, 21], [18, 3, 19, 4], [20, 7, 21, 8], [22, 10, 23, 9], [24, 16, 1, 15], [2, 12, 3, 11], [4, 19, 5, 20], [6, 14, 7, 13], [8, 17, 9, 18], [10, 24, 11, 23], [12, 6, 13, 5], [14, 2, 15, 1]]"
12a_1056_180,"[[15, 3, 16, 2], [17, 23, 18, 22], [19, 4, 20, 5], [21, 8, 22, 9], [23, 11, 24, 10], [1, 17, 2, 16], [3, 13, 4, 12], [5, 20, 6, 21], [7, 15, 8, 14], [9, 18, 10, 19], [11, 1, 12, 24], [13, 7, 14, 6]]"
12a_1056_181,"[[13, 7, 14, 6], [15, 3, 16, 2], [17, 23, 18, 22], [19, 4, 20, 5], [21, 8, 22, 9], [23, 11, 24, 10], [1, 17, 2, 16], [3, 13, 4, 12], [5, 20, 6, 21], [7, 15, 8, 14], [9, 18, 10, 19], [11, 1, 12, 24]]"
12a_1056_182,"[[11, 1, 12, 24], [13, 7, 14, 6], [15, 3, 16, 2], [17, 23, 18, 22], [19, 4, 20, 5], [21, 8, 22, 9], [23, 11, 24, 10], [1, 17, 2, 16], [3, 13, 4, 12], [5, 20, 6, 21], [7, 15, 8, 14], [9, 18, 10, 19]]"
12a_1056_183,"[[9, 18, 10, 19], [11, 1, 12, 24], [13, 7, 14, 6], [15, 3, 16, 2], [17, 23, 18, 22], [19, 4, 20, 5], [21, 8, 22, 9], [23, 11, 24, 10], [1, 17, 2, 16], [3, 13, 4, 12], [5, 20, 6, 21], [7, 15, 8, 14]]"
12a_1056_184,"[[7, 15, 8, 14], [9, 18, 10, 19], [11, 1, 12, 24], [13, 7, 14, 6], [15, 3, 16, 2], [17, 23, 18, 22], [19, 4, 20, 5], [21, 8, 22, 9], [23, 11, 24, 10], [1, 17, 2, 16], [3, 13, 4, 12], [5, 20, 6, 21]]"
12a_1056_185,"[[5, 20, 6, 21], [7, 15, 8, 14], [9, 18, 10, 19], [11, 1, 12, 24], [13, 7, 14, 6], [15, 3, 16, 2], [17, 23, 18, 22], [19, 4, 20, 5], [21, 8, 22, 9], [23, 11, 24, 10], [1, 17, 2, 16], [3, 13, 4, 12]]"
