name,pd_notation
12a_0979_0,"[[24, 17, 1, 18], [2, 8, 3, 7], [4, 12, 5, 11], [6, 22, 7, 21], [8, 15, 9, 16], [10, 4, 11, 3], [12, 19, 13, 20], [14, 1, 15, 2], [16, 9, 17, 10], [18, 23, 19, 24], [20, 6, 21, 5], [22, 13, 23, 14]]"
12a_0979_1,"[[22, 13, 23, 14], [24, 17, 1, 18], [2, 8, 3, 7], [4, 12, 5, 11], [6, 22, 7, 21], [8, 15, 9, 16], [10, 4, 11, 3], [12, 19, 13, 20], [14, 1, 15, 2], [16, 9, 17, 10], [18, 23, 19, 24], [20, 6, 21, 5]]"
12a_0979_2,"[[20, 6, 21, 5], [22, 13, 23, 14], [24, 17, 1, 18], [2, 8, 3, 7], [4, 12, 5, 11], [6, 22, 7, 21], [8, 15, 9, 16], [10, 4, 11, 3], [12, 19, 13, 20], [14, 1, 15, 2], [16, 9, 17, 10], [18, 23, 19, 24]]"
12a_0979_3,"[[18, 23, 19, 24], [20, 6, 21, 5], [22, 13, 23, 14], [24, 17, 1, 18], [2, 8, 3, 7], [4, 12, 5, 11], [6, 22, 7, 21], [8, 15, 9, 16], [10, 4, 11, 3], [12, 19, 13, 20], [14, 1, 15, 2], [16, 9, 17, 10]]"
12a_0979_4,"[[16, 9, 17, 10], [18, 23, 19, 24], [20, 6, 21, 5], [22, 13, 23, 14], [24, 17, 1, 18], [2, 8, 3, 7], [4, 12, 5, 11], [6, 22, 7, 21], [8, 15, 9, 16], [10, 4, 11, 3], [12, 19, 13, 20], [14, 1, 15, 2]]"
12a_0979_5,"[[14, 1, 15, 2], [16, 9, 17, 10], [18, 23, 19, 24], [20, 6, 21, 5], [22, 13, 23, 14], [24, 17, 1, 18], [2, 8, 3, 7], [4, 12, 5, 11], [6, 22, 7, 21], [8, 15, 9, 16], [10, 4, 11, 3], [12, 19, 13, 20]]"
12a_0979_6,"[[12, 19, 13, 20], [14, 1, 15, 2], [16, 9, 17, 10], [18, 23, 19, 24], [20, 6, 21, 5], [22, 13, 23, 14], [24, 17, 1, 18], [2, 8, 3, 7], [4, 12, 5, 11], [6, 22, 7, 21], [8, 15, 9, 16], [10, 4, 11, 3]]"
12a_0979_7,"[[10, 4, 11, 3], [12, 19, 13, 20], [14, 1, 15, 2], [16, 9, 17, 10], [18, 23, 19, 24], [20, 6, 21, 5], [22, 13, 23, 14], [24, 17, 1, 18], [2, 8, 3, 7], [4, 12, 5, 11], [6, 22, 7, 21], [8, 15, 9, 16]]"
12a_0979_8,"[[8, 15, 9, 16], [10, 4, 11, 3], [12, 19, 13, 20], [14, 1, 15, 2], [16, 9, 17, 10], [18, 23, 19, 24], [20, 6, 21, 5], [22, 13, 23, 14], [24, 17, 1, 18], [2, 8, 3, 7], [4, 12, 5, 11], [6, 22, 7, 21]]"
12a_0979_9,"[[6, 22, 7, 21], [8, 15, 9, 16], [10, 4, 11, 3], [12, 19, 13, 20], [14, 1, 15, 2], [16, 9, 17, 10], [18, 23, 19, 24], [20, 6, 21, 5], [22, 13, 23, 14], [24, 17, 1, 18], [2, 8, 3, 7], [4, 12, 5, 11]]"
12a_0979_10,"[[4, 12, 5, 11], [6, 22, 7, 21], [8, 15, 9, 16], [10, 4, 11, 3], [12, 19, 13, 20], [14, 1, 15, 2], [16, 9, 17, 10], [18, 23, 19, 24], [20, 6, 21, 5], [22, 13, 23, 14], [24, 17, 1, 18], [2, 8, 3, 7]]"
12a_0979_11,"[[2, 8, 3, 7], [4, 12, 5, 11], [6, 22, 7, 21], [8, 15, 9, 16], [10, 4, 11, 3], [12, 19, 13, 20], [14, 1, 15, 2], [16, 9, 17, 10], [18, 23, 19, 24], [20, 6, 21, 5], [22, 13, 23, 14], [24, 17, 1, 18]]"
12a_0979_12,"[[1, 18, 2, 19], [3, 9, 4, 8], [5, 13, 6, 12], [7, 23, 8, 22], [9, 16, 10, 17], [11, 5, 12, 4], [13, 20, 14, 21], [15, 2, 16, 3], [17, 10, 18, 11], [19, 24, 20, 1], [21, 7, 22, 6], [23, 14, 24, 15]]"
12a_0979_13,"[[23, 14, 24, 15], [1, 18, 2, 19], [3, 9, 4, 8], [5, 13, 6, 12], [7, 23, 8, 22], [9, 16, 10, 17], [11, 5, 12, 4], [13, 20, 14, 21], [15, 2, 16, 3], [17, 10, 18, 11], [19, 24, 20, 1], [21, 7, 22, 6]]"
12a_0979_14,"[[21, 7, 22, 6], [23, 14, 24, 15], [1, 18, 2, 19], [3, 9, 4, 8], [5, 13, 6, 12], [7, 23, 8, 22], [9, 16, 10, 17], [11, 5, 12, 4], [13, 20, 14, 21], [15, 2, 16, 3], [17, 10, 18, 11], [19, 24, 20, 1]]"
12a_0979_15,"[[19, 24, 20, 1], [21, 7, 22, 6], [23, 14, 24, 15], [1, 18, 2, 19], [3, 9, 4, 8], [5, 13, 6, 12], [7, 23, 8, 22], [9, 16, 10, 17], [11, 5, 12, 4], [13, 20, 14, 21], [15, 2, 16, 3], [17, 10, 18, 11]]"
12a_0979_16,"[[17, 10, 18, 11], [19, 24, 20, 1], [21, 7, 22, 6], [23, 14, 24, 15], [1, 18, 2, 19], [3, 9, 4, 8], [5, 13, 6, 12], [7, 23, 8, 22], [9, 16, 10, 17], [11, 5, 12, 4], [13, 20, 14, 21], [15, 2, 16, 3]]"
12a_0979_17,"[[15, 2, 16, 3], [17, 10, 18, 11], [19, 24, 20, 1], [21, 7, 22, 6], [23, 14, 24, 15], [1, 18, 2, 19], [3, 9, 4, 8], [5, 13, 6, 12], [7, 23, 8, 22], [9, 16, 10, 17], [11, 5, 12, 4], [13, 20, 14, 21]]"
12a_0979_18,"[[13, 20, 14, 21], [15, 2, 16, 3], [17, 10, 18, 11], [19, 24, 20, 1], [21, 7, 22, 6], [23, 14, 24, 15], [1, 18, 2, 19], [3, 9, 4, 8], [5, 13, 6, 12], [7, 23, 8, 22], [9, 16, 10, 17], [11, 5, 12, 4]]"
12a_0979_19,"[[11, 5, 12, 4], [13, 20, 14, 21], [15, 2, 16, 3], [17, 10, 18, 11], [19, 24, 20, 1], [21, 7, 22, 6], [23, 14, 24, 15], [1, 18, 2, 19], [3, 9, 4, 8], [5, 13, 6, 12], [7, 23, 8, 22], [9, 16, 10, 17]]"
12a_0979_20,"[[9, 16, 10, 17], [11, 5, 12, 4], [13, 20, 14, 21], [15, 2, 16, 3], [17, 10, 18, 11], [19, 24, 20, 1], [21, 7, 22, 6], [23, 14, 24, 15], [1, 18, 2, 19], [3, 9, 4, 8], [5, 13, 6, 12], [7, 23, 8, 22]]"
12a_0979_21,"[[7, 23, 8, 22], [9, 16, 10, 17], [11, 5, 12, 4], [13, 20, 14, 21], [15, 2, 16, 3], [17, 10, 18, 11], [19, 24, 20, 1], [21, 7, 22, 6], [23, 14, 24, 15], [1, 18, 2, 19], [3, 9, 4, 8], [5, 13, 6, 12]]"
12a_0979_22,"[[5, 13, 6, 12], [7, 23, 8, 22], [9, 16, 10, 17], [11, 5, 12, 4], [13, 20, 14, 21], [15, 2, 16, 3], [17, 10, 18, 11], [19, 24, 20, 1], [21, 7, 22, 6], [23, 14, 24, 15], [1, 18, 2, 19], [3, 9, 4, 8]]"
12a_0979_23,"[[3, 9, 4, 8], [5, 13, 6, 12], [7, 23, 8, 22], [9, 16, 10, 17], [11, 5, 12, 4], [13, 20, 14, 21], [15, 2, 16, 3], [17, 10, 18, 11], [19, 24, 20, 1], [21, 7, 22, 6], [23, 14, 24, 15], [1, 18, 2, 19]]"
12a_0979_24,"[[2, 19, 3, 20], [4, 10, 5, 9], [6, 14, 7, 13], [8, 24, 9, 23], [10, 17, 11, 18], [12, 6, 13, 5], [14, 21, 15, 22], [16, 3, 17, 4], [18, 11, 19, 12], [20, 1, 21, 2], [22, 8, 23, 7], [24, 15, 1, 16]]"
12a_0979_25,"[[24, 15, 1, 16], [2, 19, 3, 20], [4, 10, 5, 9], [6, 14, 7, 13], [8, 24, 9, 23], [10, 17, 11, 18], [12, 6, 13, 5], [14, 21, 15, 22], [16, 3, 17, 4], [18, 11, 19, 12], [20, 1, 21, 2], [22, 8, 23, 7]]"
12a_0979_26,"[[22, 8, 23, 7], [24, 15, 1, 16], [2, 19, 3, 20], [4, 10, 5, 9], [6, 14, 7, 13], [8, 24, 9, 23], [10, 17, 11, 18], [12, 6, 13, 5], [14, 21, 15, 22], [16, 3, 17, 4], [18, 11, 19, 12], [20, 1, 21, 2]]"
12a_0979_27,"[[20, 1, 21, 2], [22, 8, 23, 7], [24, 15, 1, 16], [2, 19, 3, 20], [4, 10, 5, 9], [6, 14, 7, 13], [8, 24, 9, 23], [10, 17, 11, 18], [12, 6, 13, 5], [14, 21, 15, 22], [16, 3, 17, 4], [18, 11, 19, 12]]"
12a_0979_28,"[[18, 11, 19, 12], [20, 1, 21, 2], [22, 8, 23, 7], [24, 15, 1, 16], [2, 19, 3, 20], [4, 10, 5, 9], [6, 14, 7, 13], [8, 24, 9, 23], [10, 17, 11, 18], [12, 6, 13, 5], [14, 21, 15, 22], [16, 3, 17, 4]]"
12a_0979_29,"[[16, 3, 17, 4], [18, 11, 19, 12], [20, 1, 21, 2], [22, 8, 23, 7], [24, 15, 1, 16], [2, 19, 3, 20], [4, 10, 5, 9], [6, 14, 7, 13], [8, 24, 9, 23], [10, 17, 11, 18], [12, 6, 13, 5], [14, 21, 15, 22]]"
12a_0979_30,"[[14, 21, 15, 22], [16, 3, 17, 4], [18, 11, 19, 12], [20, 1, 21, 2], [22, 8, 23, 7], [24, 15, 1, 16], [2, 19, 3, 20], [4, 10, 5, 9], [6, 14, 7, 13], [8, 24, 9, 23], [10, 17, 11, 18], [12, 6, 13, 5]]"
12a_0979_31,"[[12, 6, 13, 5], [14, 21, 15, 22], [16, 3, 17, 4], [18, 11, 19, 12], [20, 1, 21, 2], [22, 8, 23, 7], [24, 15, 1, 16], [2, 19, 3, 20], [4, 10, 5, 9], [6, 14, 7, 13], [8, 24, 9, 23], [10, 17, 11, 18]]"
12a_0979_32,"[[10, 17, 11, 18], [12, 6, 13, 5], [14, 21, 15, 22], [16, 3, 17, 4], [18, 11, 19, 12], [20, 1, 21, 2], [22, 8, 23, 7], [24, 15, 1, 16], [2, 19, 3, 20], [4, 10, 5, 9], [6, 14, 7, 13], [8, 24, 9, 23]]"
12a_0979_33,"[[8, 24, 9, 23], [10, 17, 11, 18], [12, 6, 13, 5], [14, 21, 15, 22], [16, 3, 17, 4], [18, 11, 19, 12], [20, 1, 21, 2], [22, 8, 23, 7], [24, 15, 1, 16], [2, 19, 3, 20], [4, 10, 5, 9], [6, 14, 7, 13]]"
12a_0979_34,"[[6, 14, 7, 13], [8, 24, 9, 23], [10, 17, 11, 18], [12, 6, 13, 5], [14, 21, 15, 22], [16, 3, 17, 4], [18, 11, 19, 12], [20, 1, 21, 2], [22, 8, 23, 7], [24, 15, 1, 16], [2, 19, 3, 20], [4, 10, 5, 9]]"
12a_0979_35,"[[4, 10, 5, 9], [6, 14, 7, 13], [8, 24, 9, 23], [10, 17, 11, 18], [12, 6, 13, 5], [14, 21, 15, 22], [16, 3, 17, 4], [18, 11, 19, 12], [20, 1, 21, 2], [22, 8, 23, 7], [24, 15, 1, 16], [2, 19, 3, 20]]"
12a_0979_36,"[[3, 20, 4, 21], [5, 11, 6, 10], [7, 15, 8, 14], [9, 1, 10, 24], [11, 18, 12, 19], [13, 7, 14, 6], [15, 22, 16, 23], [17, 4, 18, 5], [19, 12, 20, 13], [21, 2, 22, 3], [23, 9, 24, 8], [1, 16, 2, 17]]"
12a_0979_37,"[[1, 16, 2, 17], [3, 20, 4, 21], [5, 11, 6, 10], [7, 15, 8, 14], [9, 1, 10, 24], [11, 18, 12, 19], [13, 7, 14, 6], [15, 22, 16, 23], [17, 4, 18, 5], [19, 12, 20, 13], [21, 2, 22, 3], [23, 9, 24, 8]]"
12a_0979_38,"[[23, 9, 24, 8], [1, 16, 2, 17], [3, 20, 4, 21], [5, 11, 6, 10], [7, 15, 8, 14], [9, 1, 10, 24], [11, 18, 12, 19], [13, 7, 14, 6], [15, 22, 16, 23], [17, 4, 18, 5], [19, 12, 20, 13], [21, 2, 22, 3]]"
12a_0979_39,"[[21, 2, 22, 3], [23, 9, 24, 8], [1, 16, 2, 17], [3, 20, 4, 21], [5, 11, 6, 10], [7, 15, 8, 14], [9, 1, 10, 24], [11, 18, 12, 19], [13, 7, 14, 6], [15, 22, 16, 23], [17, 4, 18, 5], [19, 12, 20, 13]]"
12a_0979_40,"[[19, 12, 20, 13], [21, 2, 22, 3], [23, 9, 24, 8], [1, 16, 2, 17], [3, 20, 4, 21], [5, 11, 6, 10], [7, 15, 8, 14], [9, 1, 10, 24], [11, 18, 12, 19], [13, 7, 14, 6], [15, 22, 16, 23], [17, 4, 18, 5]]"
12a_0979_41,"[[17, 4, 18, 5], [19, 12, 20, 13], [21, 2, 22, 3], [23, 9, 24, 8], [1, 16, 2, 17], [3, 20, 4, 21], [5, 11, 6, 10], [7, 15, 8, 14], [9, 1, 10, 24], [11, 18, 12, 19], [13, 7, 14, 6], [15, 22, 16, 23]]"
12a_0979_42,"[[15, 22, 16, 23], [17, 4, 18, 5], [19, 12, 20, 13], [21, 2, 22, 3], [23, 9, 24, 8], [1, 16, 2, 17], [3, 20, 4, 21], [5, 11, 6, 10], [7, 15, 8, 14], [9, 1, 10, 24], [11, 18, 12, 19], [13, 7, 14, 6]]"
12a_0979_43,"[[13, 7, 14, 6], [15, 22, 16, 23], [17, 4, 18, 5], [19, 12, 20, 13], [21, 2, 22, 3], [23, 9, 24, 8], [1, 16, 2, 17], [3, 20, 4, 21], [5, 11, 6, 10], [7, 15, 8, 14], [9, 1, 10, 24], [11, 18, 12, 19]]"
12a_0979_44,"[[11, 18, 12, 19], [13, 7, 14, 6], [15, 22, 16, 23], [17, 4, 18, 5], [19, 12, 20, 13], [21, 2, 22, 3], [23, 9, 24, 8], [1, 16, 2, 17], [3, 20, 4, 21], [5, 11, 6, 10], [7, 15, 8, 14], [9, 1, 10, 24]]"
12a_0979_45,"[[9, 1, 10, 24], [11, 18, 12, 19], [13, 7, 14, 6], [15, 22, 16, 23], [17, 4, 18, 5], [19, 12, 20, 13], [21, 2, 22, 3], [23, 9, 24, 8], [1, 16, 2, 17], [3, 20, 4, 21], [5, 11, 6, 10], [7, 15, 8, 14]]"
12a_0979_46,"[[7, 15, 8, 14], [9, 1, 10, 24], [11, 18, 12, 19], [13, 7, 14, 6], [15, 22, 16, 23], [17, 4, 18, 5], [19, 12, 20, 13], [21, 2, 22, 3], [23, 9, 24, 8], [1, 16, 2, 17], [3, 20, 4, 21], [5, 11, 6, 10]]"
12a_0979_47,"[[5, 11, 6, 10], [7, 15, 8, 14], [9, 1, 10, 24], [11, 18, 12, 19], [13, 7, 14, 6], [15, 22, 16, 23], [17, 4, 18, 5], [19, 12, 20, 13], [21, 2, 22, 3], [23, 9, 24, 8], [1, 16, 2, 17], [3, 20, 4, 21]]"
12a_0979_48,"[[4, 21, 5, 22], [6, 12, 7, 11], [8, 16, 9, 15], [10, 2, 11, 1], [12, 19, 13, 20], [14, 8, 15, 7], [16, 23, 17, 24], [18, 5, 19, 6], [20, 13, 21, 14], [22, 3, 23, 4], [24, 10, 1, 9], [2, 17, 3, 18]]"
12a_0979_49,"[[2, 17, 3, 18], [4, 21, 5, 22], [6, 12, 7, 11], [8, 16, 9, 15], [10, 2, 11, 1], [12, 19, 13, 20], [14, 8, 15, 7], [16, 23, 17, 24], [18, 5, 19, 6], [20, 13, 21, 14], [22, 3, 23, 4], [24, 10, 1, 9]]"
12a_0979_50,"[[24, 10, 1, 9], [2, 17, 3, 18], [4, 21, 5, 22], [6, 12, 7, 11], [8, 16, 9, 15], [10, 2, 11, 1], [12, 19, 13, 20], [14, 8, 15, 7], [16, 23, 17, 24], [18, 5, 19, 6], [20, 13, 21, 14], [22, 3, 23, 4]]"
12a_0979_51,"[[22, 3, 23, 4], [24, 10, 1, 9], [2, 17, 3, 18], [4, 21, 5, 22], [6, 12, 7, 11], [8, 16, 9, 15], [10, 2, 11, 1], [12, 19, 13, 20], [14, 8, 15, 7], [16, 23, 17, 24], [18, 5, 19, 6], [20, 13, 21, 14]]"
12a_0979_52,"[[20, 13, 21, 14], [22, 3, 23, 4], [24, 10, 1, 9], [2, 17, 3, 18], [4, 21, 5, 22], [6, 12, 7, 11], [8, 16, 9, 15], [10, 2, 11, 1], [12, 19, 13, 20], [14, 8, 15, 7], [16, 23, 17, 24], [18, 5, 19, 6]]"
12a_0979_53,"[[18, 5, 19, 6], [20, 13, 21, 14], [22, 3, 23, 4], [24, 10, 1, 9], [2, 17, 3, 18], [4, 21, 5, 22], [6, 12, 7, 11], [8, 16, 9, 15], [10, 2, 11, 1], [12, 19, 13, 20], [14, 8, 15, 7], [16, 23, 17, 24]]"
12a_0979_54,"[[16, 23, 17, 24], [18, 5, 19, 6], [20, 13, 21, 14], [22, 3, 23, 4], [24, 10, 1, 9], [2, 17, 3, 18], [4, 21, 5, 22], [6, 12, 7, 11], [8, 16, 9, 15], [10, 2, 11, 1], [12, 19, 13, 20], [14, 8, 15, 7]]"
12a_0979_55,"[[14, 8, 15, 7], [16, 23, 17, 24], [18, 5, 19, 6], [20, 13, 21, 14], [22, 3, 23, 4], [24, 10, 1, 9], [2, 17, 3, 18], [4, 21, 5, 22], [6, 12, 7, 11], [8, 16, 9, 15], [10, 2, 11, 1], [12, 19, 13, 20]]"
12a_0979_56,"[[12, 19, 13, 20], [14, 8, 15, 7], [16, 23, 17, 24], [18, 5, 19, 6], [20, 13, 21, 14], [22, 3, 23, 4], [24, 10, 1, 9], [2, 17, 3, 18], [4, 21, 5, 22], [6, 12, 7, 11], [8, 16, 9, 15], [10, 2, 11, 1]]"
12a_0979_57,"[[10, 2, 11, 1], [12, 19, 13, 20], [14, 8, 15, 7], [16, 23, 17, 24], [18, 5, 19, 6], [20, 13, 21, 14], [22, 3, 23, 4], [24, 10, 1, 9], [2, 17, 3, 18], [4, 21, 5, 22], [6, 12, 7, 11], [8, 16, 9, 15]]"
12a_0979_58,"[[8, 16, 9, 15], [10, 2, 11, 1], [12, 19, 13, 20], [14, 8, 15, 7], [16, 23, 17, 24], [18, 5, 19, 6], [20, 13, 21, 14], [22, 3, 23, 4], [24, 10, 1, 9], [2, 17, 3, 18], [4, 21, 5, 22], [6, 12, 7, 11]]"
12a_0979_59,"[[6, 12, 7, 11], [8, 16, 9, 15], [10, 2, 11, 1], [12, 19, 13, 20], [14, 8, 15, 7], [16, 23, 17, 24], [18, 5, 19, 6], [20, 13, 21, 14], [22, 3, 23, 4], [24, 10, 1, 9], [2, 17, 3, 18], [4, 21, 5, 22]]"
12a_0979_60,"[[5, 22, 6, 23], [7, 13, 8, 12], [9, 17, 10, 16], [11, 3, 12, 2], [13, 20, 14, 21], [15, 9, 16, 8], [17, 24, 18, 1], [19, 6, 20, 7], [21, 14, 22, 15], [23, 4, 24, 5], [1, 11, 2, 10], [3, 18, 4, 19]]"
12a_0979_61,"[[3, 18, 4, 19], [5, 22, 6, 23], [7, 13, 8, 12], [9, 17, 10, 16], [11, 3, 12, 2], [13, 20, 14, 21], [15, 9, 16, 8], [17, 24, 18, 1], [19, 6, 20, 7], [21, 14, 22, 15], [23, 4, 24, 5], [1, 11, 2, 10]]"
12a_0979_62,"[[1, 11, 2, 10], [3, 18, 4, 19], [5, 22, 6, 23], [7, 13, 8, 12], [9, 17, 10, 16], [11, 3, 12, 2], [13, 20, 14, 21], [15, 9, 16, 8], [17, 24, 18, 1], [19, 6, 20, 7], [21, 14, 22, 15], [23, 4, 24, 5]]"
12a_0979_63,"[[23, 4, 24, 5], [1, 11, 2, 10], [3, 18, 4, 19], [5, 22, 6, 23], [7, 13, 8, 12], [9, 17, 10, 16], [11, 3, 12, 2], [13, 20, 14, 21], [15, 9, 16, 8], [17, 24, 18, 1], [19, 6, 20, 7], [21, 14, 22, 15]]"
12a_0979_64,"[[21, 14, 22, 15], [23, 4, 24, 5], [1, 11, 2, 10], [3, 18, 4, 19], [5, 22, 6, 23], [7, 13, 8, 12], [9, 17, 10, 16], [11, 3, 12, 2], [13, 20, 14, 21], [15, 9, 16, 8], [17, 24, 18, 1], [19, 6, 20, 7]]"
12a_0979_65,"[[19, 6, 20, 7], [21, 14, 22, 15], [23, 4, 24, 5], [1, 11, 2, 10], [3, 18, 4, 19], [5, 22, 6, 23], [7, 13, 8, 12], [9, 17, 10, 16], [11, 3, 12, 2], [13, 20, 14, 21], [15, 9, 16, 8], [17, 24, 18, 1]]"
12a_0979_66,"[[17, 24, 18, 1], [19, 6, 20, 7], [21, 14, 22, 15], [23, 4, 24, 5], [1, 11, 2, 10], [3, 18, 4, 19], [5, 22, 6, 23], [7, 13, 8, 12], [9, 17, 10, 16], [11, 3, 12, 2], [13, 20, 14, 21], [15, 9, 16, 8]]"
12a_0979_67,"[[15, 9, 16, 8], [17, 24, 18, 1], [19, 6, 20, 7], [21, 14, 22, 15], [23, 4, 24, 5], [1, 11, 2, 10], [3, 18, 4, 19], [5, 22, 6, 23], [7, 13, 8, 12], [9, 17, 10, 16], [11, 3, 12, 2], [13, 20, 14, 21]]"
12a_0979_68,"[[13, 20, 14, 21], [15, 9, 16, 8], [17, 24, 18, 1], [19, 6, 20, 7], [21, 14, 22, 15], [23, 4, 24, 5], [1, 11, 2, 10], [3, 18, 4, 19], [5, 22, 6, 23], [7, 13, 8, 12], [9, 17, 10, 16], [11, 3, 12, 2]]"
12a_0979_69,"[[11, 3, 12, 2], [13, 20, 14, 21], [15, 9, 16, 8], [17, 24, 18, 1], [19, 6, 20, 7], [21, 14, 22, 15], [23, 4, 24, 5], [1, 11, 2, 10], [3, 18, 4, 19], [5, 22, 6, 23], [7, 13, 8, 12], [9, 17, 10, 16]]"
12a_0979_70,"[[9, 17, 10, 16], [11, 3, 12, 2], [13, 20, 14, 21], [15, 9, 16, 8], [17, 24, 18, 1], [19, 6, 20, 7], [21, 14, 22, 15], [23, 4, 24, 5], [1, 11, 2, 10], [3, 18, 4, 19], [5, 22, 6, 23], [7, 13, 8, 12]]"
12a_0979_71,"[[7, 13, 8, 12], [9, 17, 10, 16], [11, 3, 12, 2], [13, 20, 14, 21], [15, 9, 16, 8], [17, 24, 18, 1], [19, 6, 20, 7], [21, 14, 22, 15], [23, 4, 24, 5], [1, 11, 2, 10], [3, 18, 4, 19], [5, 22, 6, 23]]"
12a_0979_72,"[[6, 23, 7, 24], [8, 14, 9, 13], [10, 18, 11, 17], [12, 4, 13, 3], [14, 21, 15, 22], [16, 10, 17, 9], [18, 1, 19, 2], [20, 7, 21, 8], [22, 15, 23, 16], [24, 5, 1, 6], [2, 12, 3, 11], [4, 19, 5, 20]]"
12a_0979_73,"[[4, 19, 5, 20], [6, 23, 7, 24], [8, 14, 9, 13], [10, 18, 11, 17], [12, 4, 13, 3], [14, 21, 15, 22], [16, 10, 17, 9], [18, 1, 19, 2], [20, 7, 21, 8], [22, 15, 23, 16], [24, 5, 1, 6], [2, 12, 3, 11]]"
12a_0979_74,"[[2, 12, 3, 11], [4, 19, 5, 20], [6, 23, 7, 24], [8, 14, 9, 13], [10, 18, 11, 17], [12, 4, 13, 3], [14, 21, 15, 22], [16, 10, 17, 9], [18, 1, 19, 2], [20, 7, 21, 8], [22, 15, 23, 16], [24, 5, 1, 6]]"
12a_0979_75,"[[24, 5, 1, 6], [2, 12, 3, 11], [4, 19, 5, 20], [6, 23, 7, 24], [8, 14, 9, 13], [10, 18, 11, 17], [12, 4, 13, 3], [14, 21, 15, 22], [16, 10, 17, 9], [18, 1, 19, 2], [20, 7, 21, 8], [22, 15, 23, 16]]"
12a_0979_76,"[[22, 15, 23, 16], [24, 5, 1, 6], [2, 12, 3, 11], [4, 19, 5, 20], [6, 23, 7, 24], [8, 14, 9, 13], [10, 18, 11, 17], [12, 4, 13, 3], [14, 21, 15, 22], [16, 10, 17, 9], [18, 1, 19, 2], [20, 7, 21, 8]]"
12a_0979_77,"[[20, 7, 21, 8], [22, 15, 23, 16], [24, 5, 1, 6], [2, 12, 3, 11], [4, 19, 5, 20], [6, 23, 7, 24], [8, 14, 9, 13], [10, 18, 11, 17], [12, 4, 13, 3], [14, 21, 15, 22], [16, 10, 17, 9], [18, 1, 19, 2]]"
12a_0979_78,"[[18, 1, 19, 2], [20, 7, 21, 8], [22, 15, 23, 16], [24, 5, 1, 6], [2, 12, 3, 11], [4, 19, 5, 20], [6, 23, 7, 24], [8, 14, 9, 13], [10, 18, 11, 17], [12, 4, 13, 3], [14, 21, 15, 22], [16, 10, 17, 9]]"
12a_0979_79,"[[16, 10, 17, 9], [18, 1, 19, 2], [20, 7, 21, 8], [22, 15, 23, 16], [24, 5, 1, 6], [2, 12, 3, 11], [4, 19, 5, 20], [6, 23, 7, 24], [8, 14, 9, 13], [10, 18, 11, 17], [12, 4, 13, 3], [14, 21, 15, 22]]"
12a_0979_80,"[[14, 21, 15, 22], [16, 10, 17, 9], [18, 1, 19, 2], [20, 7, 21, 8], [22, 15, 23, 16], [24, 5, 1, 6], [2, 12, 3, 11], [4, 19, 5, 20], [6, 23, 7, 24], [8, 14, 9, 13], [10, 18, 11, 17], [12, 4, 13, 3]]"
12a_0979_81,"[[12, 4, 13, 3], [14, 21, 15, 22], [16, 10, 17, 9], [18, 1, 19, 2], [20, 7, 21, 8], [22, 15, 23, 16], [24, 5, 1, 6], [2, 12, 3, 11], [4, 19, 5, 20], [6, 23, 7, 24], [8, 14, 9, 13], [10, 18, 11, 17]]"
12a_0979_82,"[[10, 18, 11, 17], [12, 4, 13, 3], [14, 21, 15, 22], [16, 10, 17, 9], [18, 1, 19, 2], [20, 7, 21, 8], [22, 15, 23, 16], [24, 5, 1, 6], [2, 12, 3, 11], [4, 19, 5, 20], [6, 23, 7, 24], [8, 14, 9, 13]]"
12a_0979_83,"[[8, 14, 9, 13], [10, 18, 11, 17], [12, 4, 13, 3], [14, 21, 15, 22], [16, 10, 17, 9], [18, 1, 19, 2], [20, 7, 21, 8], [22, 15, 23, 16], [24, 5, 1, 6], [2, 12, 3, 11], [4, 19, 5, 20], [6, 23, 7, 24]]"
12a_0979_84,"[[7, 24, 8, 1], [9, 15, 10, 14], [11, 19, 12, 18], [13, 5, 14, 4], [15, 22, 16, 23], [17, 11, 18, 10], [19, 2, 20, 3], [21, 8, 22, 9], [23, 16, 24, 17], [1, 6, 2, 7], [3, 13, 4, 12], [5, 20, 6, 21]]"
12a_0979_85,"[[5, 20, 6, 21], [7, 24, 8, 1], [9, 15, 10, 14], [11, 19, 12, 18], [13, 5, 14, 4], [15, 22, 16, 23], [17, 11, 18, 10], [19, 2, 20, 3], [21, 8, 22, 9], [23, 16, 24, 17], [1, 6, 2, 7], [3, 13, 4, 12]]"
12a_0979_86,"[[3, 13, 4, 12], [5, 20, 6, 21], [7, 24, 8, 1], [9, 15, 10, 14], [11, 19, 12, 18], [13, 5, 14, 4], [15, 22, 16, 23], [17, 11, 18, 10], [19, 2, 20, 3], [21, 8, 22, 9], [23, 16, 24, 17], [1, 6, 2, 7]]"
12a_0979_87,"[[1, 6, 2, 7], [3, 13, 4, 12], [5, 20, 6, 21], [7, 24, 8, 1], [9, 15, 10, 14], [11, 19, 12, 18], [13, 5, 14, 4], [15, 22, 16, 23], [17, 11, 18, 10], [19, 2, 20, 3], [21, 8, 22, 9], [23, 16, 24, 17]]"
12a_0979_88,"[[23, 16, 24, 17], [1, 6, 2, 7], [3, 13, 4, 12], [5, 20, 6, 21], [7, 24, 8, 1], [9, 15, 10, 14], [11, 19, 12, 18], [13, 5, 14, 4], [15, 22, 16, 23], [17, 11, 18, 10], [19, 2, 20, 3], [21, 8, 22, 9]]"
12a_0979_89,"[[21, 8, 22, 9], [23, 16, 24, 17], [1, 6, 2, 7], [3, 13, 4, 12], [5, 20, 6, 21], [7, 24, 8, 1], [9, 15, 10, 14], [11, 19, 12, 18], [13, 5, 14, 4], [15, 22, 16, 23], [17, 11, 18, 10], [19, 2, 20, 3]]"
12a_0979_90,"[[19, 2, 20, 3], [21, 8, 22, 9], [23, 16, 24, 17], [1, 6, 2, 7], [3, 13, 4, 12], [5, 20, 6, 21], [7, 24, 8, 1], [9, 15, 10, 14], [11, 19, 12, 18], [13, 5, 14, 4], [15, 22, 16, 23], [17, 11, 18, 10]]"
12a_0979_91,"[[17, 11, 18, 10], [19, 2, 20, 3], [21, 8, 22, 9], [23, 16, 24, 17], [1, 6, 2, 7], [3, 13, 4, 12], [5, 20, 6, 21], [7, 24, 8, 1], [9, 15, 10, 14], [11, 19, 12, 18], [13, 5, 14, 4], [15, 22, 16, 23]]"
12a_0979_92,"[[15, 22, 16, 23], [17, 11, 18, 10], [19, 2, 20, 3], [21, 8, 22, 9], [23, 16, 24, 17], [1, 6, 2, 7], [3, 13, 4, 12], [5, 20, 6, 21], [7, 24, 8, 1], [9, 15, 10, 14], [11, 19, 12, 18], [13, 5, 14, 4]]"
12a_0979_93,"[[13, 5, 14, 4], [15, 22, 16, 23], [17, 11, 18, 10], [19, 2, 20, 3], [21, 8, 22, 9], [23, 16, 24, 17], [1, 6, 2, 7], [3, 13, 4, 12], [5, 20, 6, 21], [7, 24, 8, 1], [9, 15, 10, 14], [11, 19, 12, 18]]"
12a_0979_94,"[[11, 19, 12, 18], [13, 5, 14, 4], [15, 22, 16, 23], [17, 11, 18, 10], [19, 2, 20, 3], [21, 8, 22, 9], [23, 16, 24, 17], [1, 6, 2, 7], [3, 13, 4, 12], [5, 20, 6, 21], [7, 24, 8, 1], [9, 15, 10, 14]]"
12a_0979_95,"[[9, 15, 10, 14], [11, 19, 12, 18], [13, 5, 14, 4], [15, 22, 16, 23], [17, 11, 18, 10], [19, 2, 20, 3], [21, 8, 22, 9], [23, 16, 24, 17], [1, 6, 2, 7], [3, 13, 4, 12], [5, 20, 6, 21], [7, 24, 8, 1]]"
12a_0979_96,"[[8, 1, 9, 2], [10, 16, 11, 15], [12, 20, 13, 19], [14, 6, 15, 5], [16, 23, 17, 24], [18, 12, 19, 11], [20, 3, 21, 4], [22, 9, 23, 10], [24, 17, 1, 18], [2, 7, 3, 8], [4, 14, 5, 13], [6, 21, 7, 22]]"
12a_0979_97,"[[6, 21, 7, 22], [8, 1, 9, 2], [10, 16, 11, 15], [12, 20, 13, 19], [14, 6, 15, 5], [16, 23, 17, 24], [18, 12, 19, 11], [20, 3, 21, 4], [22, 9, 23, 10], [24, 17, 1, 18], [2, 7, 3, 8], [4, 14, 5, 13]]"
12a_0979_98,"[[4, 14, 5, 13], [6, 21, 7, 22], [8, 1, 9, 2], [10, 16, 11, 15], [12, 20, 13, 19], [14, 6, 15, 5], [16, 23, 17, 24], [18, 12, 19, 11], [20, 3, 21, 4], [22, 9, 23, 10], [24, 17, 1, 18], [2, 7, 3, 8]]"
12a_0979_99,"[[2, 7, 3, 8], [4, 14, 5, 13], [6, 21, 7, 22], [8, 1, 9, 2], [10, 16, 11, 15], [12, 20, 13, 19], [14, 6, 15, 5], [16, 23, 17, 24], [18, 12, 19, 11], [20, 3, 21, 4], [22, 9, 23, 10], [24, 17, 1, 18]]"
12a_0979_100,"[[24, 17, 1, 18], [2, 7, 3, 8], [4, 14, 5, 13], [6, 21, 7, 22], [8, 1, 9, 2], [10, 16, 11, 15], [12, 20, 13, 19], [14, 6, 15, 5], [16, 23, 17, 24], [18, 12, 19, 11], [20, 3, 21, 4], [22, 9, 23, 10]]"
12a_0979_101,"[[22, 9, 23, 10], [24, 17, 1, 18], [2, 7, 3, 8], [4, 14, 5, 13], [6, 21, 7, 22], [8, 1, 9, 2], [10, 16, 11, 15], [12, 20, 13, 19], [14, 6, 15, 5], [16, 23, 17, 24], [18, 12, 19, 11], [20, 3, 21, 4]]"
12a_0979_102,"[[20, 3, 21, 4], [22, 9, 23, 10], [24, 17, 1, 18], [2, 7, 3, 8], [4, 14, 5, 13], [6, 21, 7, 22], [8, 1, 9, 2], [10, 16, 11, 15], [12, 20, 13, 19], [14, 6, 15, 5], [16, 23, 17, 24], [18, 12, 19, 11]]"
12a_0979_103,"[[18, 12, 19, 11], [20, 3, 21, 4], [22, 9, 23, 10], [24, 17, 1, 18], [2, 7, 3, 8], [4, 14, 5, 13], [6, 21, 7, 22], [8, 1, 9, 2], [10, 16, 11, 15], [12, 20, 13, 19], [14, 6, 15, 5], [16, 23, 17, 24]]"
12a_0979_104,"[[16, 23, 17, 24], [18, 12, 19, 11], [20, 3, 21, 4], [22, 9, 23, 10], [24, 17, 1, 18], [2, 7, 3, 8], [4, 14, 5, 13], [6, 21, 7, 22], [8, 1, 9, 2], [10, 16, 11, 15], [12, 20, 13, 19], [14, 6, 15, 5]]"
12a_0979_105,"[[14, 6, 15, 5], [16, 23, 17, 24], [18, 12, 19, 11], [20, 3, 21, 4], [22, 9, 23, 10], [24, 17, 1, 18], [2, 7, 3, 8], [4, 14, 5, 13], [6, 21, 7, 22], [8, 1, 9, 2], [10, 16, 11, 15], [12, 20, 13, 19]]"
12a_0979_106,"[[12, 20, 13, 19], [14, 6, 15, 5], [16, 23, 17, 24], [18, 12, 19, 11], [20, 3, 21, 4], [22, 9, 23, 10], [24, 17, 1, 18], [2, 7, 3, 8], [4, 14, 5, 13], [6, 21, 7, 22], [8, 1, 9, 2], [10, 16, 11, 15]]"
12a_0979_107,"[[10, 16, 11, 15], [12, 20, 13, 19], [14, 6, 15, 5], [16, 23, 17, 24], [18, 12, 19, 11], [20, 3, 21, 4], [22, 9, 23, 10], [24, 17, 1, 18], [2, 7, 3, 8], [4, 14, 5, 13], [6, 21, 7, 22], [8, 1, 9, 2]]"
12a_0979_108,"[[9, 2, 10, 3], [11, 17, 12, 16], [13, 21, 14, 20], [15, 7, 16, 6], [17, 24, 18, 1], [19, 13, 20, 12], [21, 4, 22, 5], [23, 10, 24, 11], [1, 18, 2, 19], [3, 8, 4, 9], [5, 15, 6, 14], [7, 22, 8, 23]]"
12a_0979_109,"[[7, 22, 8, 23], [9, 2, 10, 3], [11, 17, 12, 16], [13, 21, 14, 20], [15, 7, 16, 6], [17, 24, 18, 1], [19, 13, 20, 12], [21, 4, 22, 5], [23, 10, 24, 11], [1, 18, 2, 19], [3, 8, 4, 9], [5, 15, 6, 14]]"
12a_0979_110,"[[5, 15, 6, 14], [7, 22, 8, 23], [9, 2, 10, 3], [11, 17, 12, 16], [13, 21, 14, 20], [15, 7, 16, 6], [17, 24, 18, 1], [19, 13, 20, 12], [21, 4, 22, 5], [23, 10, 24, 11], [1, 18, 2, 19], [3, 8, 4, 9]]"
12a_0979_111,"[[3, 8, 4, 9], [5, 15, 6, 14], [7, 22, 8, 23], [9, 2, 10, 3], [11, 17, 12, 16], [13, 21, 14, 20], [15, 7, 16, 6], [17, 24, 18, 1], [19, 13, 20, 12], [21, 4, 22, 5], [23, 10, 24, 11], [1, 18, 2, 19]]"
12a_0979_112,"[[1, 18, 2, 19], [3, 8, 4, 9], [5, 15, 6, 14], [7, 22, 8, 23], [9, 2, 10, 3], [11, 17, 12, 16], [13, 21, 14, 20], [15, 7, 16, 6], [17, 24, 18, 1], [19, 13, 20, 12], [21, 4, 22, 5], [23, 10, 24, 11]]"
12a_0979_113,"[[23, 10, 24, 11], [1, 18, 2, 19], [3, 8, 4, 9], [5, 15, 6, 14], [7, 22, 8, 23], [9, 2, 10, 3], [11, 17, 12, 16], [13, 21, 14, 20], [15, 7, 16, 6], [17, 24, 18, 1], [19, 13, 20, 12], [21, 4, 22, 5]]"
12a_0979_114,"[[21, 4, 22, 5], [23, 10, 24, 11], [1, 18, 2, 19], [3, 8, 4, 9], [5, 15, 6, 14], [7, 22, 8, 23], [9, 2, 10, 3], [11, 17, 12, 16], [13, 21, 14, 20], [15, 7, 16, 6], [17, 24, 18, 1], [19, 13, 20, 12]]"
12a_0979_115,"[[19, 13, 20, 12], [21, 4, 22, 5], [23, 10, 24, 11], [1, 18, 2, 19], [3, 8, 4, 9], [5, 15, 6, 14], [7, 22, 8, 23], [9, 2, 10, 3], [11, 17, 12, 16], [13, 21, 14, 20], [15, 7, 16, 6], [17, 24, 18, 1]]"
12a_0979_116,"[[17, 24, 18, 1], [19, 13, 20, 12], [21, 4, 22, 5], [23, 10, 24, 11], [1, 18, 2, 19], [3, 8, 4, 9], [5, 15, 6, 14], [7, 22, 8, 23], [9, 2, 10, 3], [11, 17, 12, 16], [13, 21, 14, 20], [15, 7, 16, 6]]"
12a_0979_117,"[[15, 7, 16, 6], [17, 24, 18, 1], [19, 13, 20, 12], [21, 4, 22, 5], [23, 10, 24, 11], [1, 18, 2, 19], [3, 8, 4, 9], [5, 15, 6, 14], [7, 22, 8, 23], [9, 2, 10, 3], [11, 17, 12, 16], [13, 21, 14, 20]]"
12a_0979_118,"[[13, 21, 14, 20], [15, 7, 16, 6], [17, 24, 18, 1], [19, 13, 20, 12], [21, 4, 22, 5], [23, 10, 24, 11], [1, 18, 2, 19], [3, 8, 4, 9], [5, 15, 6, 14], [7, 22, 8, 23], [9, 2, 10, 3], [11, 17, 12, 16]]"
12a_0979_119,"[[11, 17, 12, 16], [13, 21, 14, 20], [15, 7, 16, 6], [17, 24, 18, 1], [19, 13, 20, 12], [21, 4, 22, 5], [23, 10, 24, 11], [1, 18, 2, 19], [3, 8, 4, 9], [5, 15, 6, 14], [7, 22, 8, 23], [9, 2, 10, 3]]"
12a_0979_120,"[[10, 3, 11, 4], [12, 18, 13, 17], [14, 22, 15, 21], [16, 8, 17, 7], [18, 1, 19, 2], [20, 14, 21, 13], [22, 5, 23, 6], [24, 11, 1, 12], [2, 19, 3, 20], [4, 9, 5, 10], [6, 16, 7, 15], [8, 23, 9, 24]]"
12a_0979_121,"[[8, 23, 9, 24], [10, 3, 11, 4], [12, 18, 13, 17], [14, 22, 15, 21], [16, 8, 17, 7], [18, 1, 19, 2], [20, 14, 21, 13], [22, 5, 23, 6], [24, 11, 1, 12], [2, 19, 3, 20], [4, 9, 5, 10], [6, 16, 7, 15]]"
12a_0979_122,"[[6, 16, 7, 15], [8, 23, 9, 24], [10, 3, 11, 4], [12, 18, 13, 17], [14, 22, 15, 21], [16, 8, 17, 7], [18, 1, 19, 2], [20, 14, 21, 13], [22, 5, 23, 6], [24, 11, 1, 12], [2, 19, 3, 20], [4, 9, 5, 10]]"
12a_0979_123,"[[4, 9, 5, 10], [6, 16, 7, 15], [8, 23, 9, 24], [10, 3, 11, 4], [12, 18, 13, 17], [14, 22, 15, 21], [16, 8, 17, 7], [18, 1, 19, 2], [20, 14, 21, 13], [22, 5, 23, 6], [24, 11, 1, 12], [2, 19, 3, 20]]"
12a_0979_124,"[[2, 19, 3, 20], [4, 9, 5, 10], [6, 16, 7, 15], [8, 23, 9, 24], [10, 3, 11, 4], [12, 18, 13, 17], [14, 22, 15, 21], [16, 8, 17, 7], [18, 1, 19, 2], [20, 14, 21, 13], [22, 5, 23, 6], [24, 11, 1, 12]]"
12a_0979_125,"[[24, 11, 1, 12], [2, 19, 3, 20], [4, 9, 5, 10], [6, 16, 7, 15], [8, 23, 9, 24], [10, 3, 11, 4], [12, 18, 13, 17], [14, 22, 15, 21], [16, 8, 17, 7], [18, 1, 19, 2], [20, 14, 21, 13], [22, 5, 23, 6]]"
12a_0979_126,"[[22, 5, 23, 6], [24, 11, 1, 12], [2, 19, 3, 20], [4, 9, 5, 10], [6, 16, 7, 15], [8, 23, 9, 24], [10, 3, 11, 4], [12, 18, 13, 17], [14, 22, 15, 21], [16, 8, 17, 7], [18, 1, 19, 2], [20, 14, 21, 13]]"
12a_0979_127,"[[20, 14, 21, 13], [22, 5, 23, 6], [24, 11, 1, 12], [2, 19, 3, 20], [4, 9, 5, 10], [6, 16, 7, 15], [8, 23, 9, 24], [10, 3, 11, 4], [12, 18, 13, 17], [14, 22, 15, 21], [16, 8, 17, 7], [18, 1, 19, 2]]"
12a_0979_128,"[[18, 1, 19, 2], [20, 14, 21, 13], [22, 5, 23, 6], [24, 11, 1, 12], [2, 19, 3, 20], [4, 9, 5, 10], [6, 16, 7, 15], [8, 23, 9, 24], [10, 3, 11, 4], [12, 18, 13, 17], [14, 22, 15, 21], [16, 8, 17, 7]]"
12a_0979_129,"[[16, 8, 17, 7], [18, 1, 19, 2], [20, 14, 21, 13], [22, 5, 23, 6], [24, 11, 1, 12], [2, 19, 3, 20], [4, 9, 5, 10], [6, 16, 7, 15], [8, 23, 9, 24], [10, 3, 11, 4], [12, 18, 13, 17], [14, 22, 15, 21]]"
12a_0979_130,"[[14, 22, 15, 21], [16, 8, 17, 7], [18, 1, 19, 2], [20, 14, 21, 13], [22, 5, 23, 6], [24, 11, 1, 12], [2, 19, 3, 20], [4, 9, 5, 10], [6, 16, 7, 15], [8, 23, 9, 24], [10, 3, 11, 4], [12, 18, 13, 17]]"
12a_0979_131,"[[12, 18, 13, 17], [14, 22, 15, 21], [16, 8, 17, 7], [18, 1, 19, 2], [20, 14, 21, 13], [22, 5, 23, 6], [24, 11, 1, 12], [2, 19, 3, 20], [4, 9, 5, 10], [6, 16, 7, 15], [8, 23, 9, 24], [10, 3, 11, 4]]"
12a_0979_132,"[[11, 4, 12, 5], [13, 19, 14, 18], [15, 23, 16, 22], [17, 9, 18, 8], [19, 2, 20, 3], [21, 15, 22, 14], [23, 6, 24, 7], [1, 12, 2, 13], [3, 20, 4, 21], [5, 10, 6, 11], [7, 17, 8, 16], [9, 24, 10, 1]]"
12a_0979_133,"[[9, 24, 10, 1], [11, 4, 12, 5], [13, 19, 14, 18], [15, 23, 16, 22], [17, 9, 18, 8], [19, 2, 20, 3], [21, 15, 22, 14], [23, 6, 24, 7], [1, 12, 2, 13], [3, 20, 4, 21], [5, 10, 6, 11], [7, 17, 8, 16]]"
12a_0979_134,"[[7, 17, 8, 16], [9, 24, 10, 1], [11, 4, 12, 5], [13, 19, 14, 18], [15, 23, 16, 22], [17, 9, 18, 8], [19, 2, 20, 3], [21, 15, 22, 14], [23, 6, 24, 7], [1, 12, 2, 13], [3, 20, 4, 21], [5, 10, 6, 11]]"
12a_0979_135,"[[5, 10, 6, 11], [7, 17, 8, 16], [9, 24, 10, 1], [11, 4, 12, 5], [13, 19, 14, 18], [15, 23, 16, 22], [17, 9, 18, 8], [19, 2, 20, 3], [21, 15, 22, 14], [23, 6, 24, 7], [1, 12, 2, 13], [3, 20, 4, 21]]"
12a_0979_136,"[[3, 20, 4, 21], [5, 10, 6, 11], [7, 17, 8, 16], [9, 24, 10, 1], [11, 4, 12, 5], [13, 19, 14, 18], [15, 23, 16, 22], [17, 9, 18, 8], [19, 2, 20, 3], [21, 15, 22, 14], [23, 6, 24, 7], [1, 12, 2, 13]]"
12a_0979_137,"[[1, 12, 2, 13], [3, 20, 4, 21], [5, 10, 6, 11], [7, 17, 8, 16], [9, 24, 10, 1], [11, 4, 12, 5], [13, 19, 14, 18], [15, 23, 16, 22], [17, 9, 18, 8], [19, 2, 20, 3], [21, 15, 22, 14], [23, 6, 24, 7]]"
12a_0979_138,"[[23, 6, 24, 7], [1, 12, 2, 13], [3, 20, 4, 21], [5, 10, 6, 11], [7, 17, 8, 16], [9, 24, 10, 1], [11, 4, 12, 5], [13, 19, 14, 18], [15, 23, 16, 22], [17, 9, 18, 8], [19, 2, 20, 3], [21, 15, 22, 14]]"
12a_0979_139,"[[21, 15, 22, 14], [23, 6, 24, 7], [1, 12, 2, 13], [3, 20, 4, 21], [5, 10, 6, 11], [7, 17, 8, 16], [9, 24, 10, 1], [11, 4, 12, 5], [13, 19, 14, 18], [15, 23, 16, 22], [17, 9, 18, 8], [19, 2, 20, 3]]"
12a_0979_140,"[[19, 2, 20, 3], [21, 15, 22, 14], [23, 6, 24, 7], [1, 12, 2, 13], [3, 20, 4, 21], [5, 10, 6, 11], [7, 17, 8, 16], [9, 24, 10, 1], [11, 4, 12, 5], [13, 19, 14, 18], [15, 23, 16, 22], [17, 9, 18, 8]]"
12a_0979_141,"[[17, 9, 18, 8], [19, 2, 20, 3], [21, 15, 22, 14], [23, 6, 24, 7], [1, 12, 2, 13], [3, 20, 4, 21], [5, 10, 6, 11], [7, 17, 8, 16], [9, 24, 10, 1], [11, 4, 12, 5], [13, 19, 14, 18], [15, 23, 16, 22]]"
12a_0979_142,"[[15, 23, 16, 22], [17, 9, 18, 8], [19, 2, 20, 3], [21, 15, 22, 14], [23, 6, 24, 7], [1, 12, 2, 13], [3, 20, 4, 21], [5, 10, 6, 11], [7, 17, 8, 16], [9, 24, 10, 1], [11, 4, 12, 5], [13, 19, 14, 18]]"
12a_0979_143,"[[13, 19, 14, 18], [15, 23, 16, 22], [17, 9, 18, 8], [19, 2, 20, 3], [21, 15, 22, 14], [23, 6, 24, 7], [1, 12, 2, 13], [3, 20, 4, 21], [5, 10, 6, 11], [7, 17, 8, 16], [9, 24, 10, 1], [11, 4, 12, 5]]"
12a_0979_144,"[[12, 5, 13, 6], [14, 20, 15, 19], [16, 24, 17, 23], [18, 10, 19, 9], [20, 3, 21, 4], [22, 16, 23, 15], [24, 7, 1, 8], [2, 13, 3, 14], [4, 21, 5, 22], [6, 11, 7, 12], [8, 18, 9, 17], [10, 1, 11, 2]]"
12a_0979_145,"[[10, 1, 11, 2], [12, 5, 13, 6], [14, 20, 15, 19], [16, 24, 17, 23], [18, 10, 19, 9], [20, 3, 21, 4], [22, 16, 23, 15], [24, 7, 1, 8], [2, 13, 3, 14], [4, 21, 5, 22], [6, 11, 7, 12], [8, 18, 9, 17]]"
12a_0979_146,"[[8, 18, 9, 17], [10, 1, 11, 2], [12, 5, 13, 6], [14, 20, 15, 19], [16, 24, 17, 23], [18, 10, 19, 9], [20, 3, 21, 4], [22, 16, 23, 15], [24, 7, 1, 8], [2, 13, 3, 14], [4, 21, 5, 22], [6, 11, 7, 12]]"
12a_0979_147,"[[6, 11, 7, 12], [8, 18, 9, 17], [10, 1, 11, 2], [12, 5, 13, 6], [14, 20, 15, 19], [16, 24, 17, 23], [18, 10, 19, 9], [20, 3, 21, 4], [22, 16, 23, 15], [24, 7, 1, 8], [2, 13, 3, 14], [4, 21, 5, 22]]"
12a_0979_148,"[[4, 21, 5, 22], [6, 11, 7, 12], [8, 18, 9, 17], [10, 1, 11, 2], [12, 5, 13, 6], [14, 20, 15, 19], [16, 24, 17, 23], [18, 10, 19, 9], [20, 3, 21, 4], [22, 16, 23, 15], [24, 7, 1, 8], [2, 13, 3, 14]]"
12a_0979_149,"[[2, 13, 3, 14], [4, 21, 5, 22], [6, 11, 7, 12], [8, 18, 9, 17], [10, 1, 11, 2], [12, 5, 13, 6], [14, 20, 15, 19], [16, 24, 17, 23], [18, 10, 19, 9], [20, 3, 21, 4], [22, 16, 23, 15], [24, 7, 1, 8]]"
12a_0979_150,"[[24, 7, 1, 8], [2, 13, 3, 14], [4, 21, 5, 22], [6, 11, 7, 12], [8, 18, 9, 17], [10, 1, 11, 2], [12, 5, 13, 6], [14, 20, 15, 19], [16, 24, 17, 23], [18, 10, 19, 9], [20, 3, 21, 4], [22, 16, 23, 15]]"
12a_0979_151,"[[22, 16, 23, 15], [24, 7, 1, 8], [2, 13, 3, 14], [4, 21, 5, 22], [6, 11, 7, 12], [8, 18, 9, 17], [10, 1, 11, 2], [12, 5, 13, 6], [14, 20, 15, 19], [16, 24, 17, 23], [18, 10, 19, 9], [20, 3, 21, 4]]"
12a_0979_152,"[[20, 3, 21, 4], [22, 16, 23, 15], [24, 7, 1, 8], [2, 13, 3, 14], [4, 21, 5, 22], [6, 11, 7, 12], [8, 18, 9, 17], [10, 1, 11, 2], [12, 5, 13, 6], [14, 20, 15, 19], [16, 24, 17, 23], [18, 10, 19, 9]]"
12a_0979_153,"[[18, 10, 19, 9], [20, 3, 21, 4], [22, 16, 23, 15], [24, 7, 1, 8], [2, 13, 3, 14], [4, 21, 5, 22], [6, 11, 7, 12], [8, 18, 9, 17], [10, 1, 11, 2], [12, 5, 13, 6], [14, 20, 15, 19], [16, 24, 17, 23]]"
12a_0979_154,"[[16, 24, 17, 23], [18, 10, 19, 9], [20, 3, 21, 4], [22, 16, 23, 15], [24, 7, 1, 8], [2, 13, 3, 14], [4, 21, 5, 22], [6, 11, 7, 12], [8, 18, 9, 17], [10, 1, 11, 2], [12, 5, 13, 6], [14, 20, 15, 19]]"
12a_0979_155,"[[14, 20, 15, 19], [16, 24, 17, 23], [18, 10, 19, 9], [20, 3, 21, 4], [22, 16, 23, 15], [24, 7, 1, 8], [2, 13, 3, 14], [4, 21, 5, 22], [6, 11, 7, 12], [8, 18, 9, 17], [10, 1, 11, 2], [12, 5, 13, 6]]"
12a_0979_156,"[[13, 6, 14, 7], [15, 21, 16, 20], [17, 1, 18, 24], [19, 11, 20, 10], [21, 4, 22, 5], [23, 17, 24, 16], [1, 8, 2, 9], [3, 14, 4, 15], [5, 22, 6, 23], [7, 12, 8, 13], [9, 19, 10, 18], [11, 2, 12, 3]]"
12a_0979_157,"[[11, 2, 12, 3], [13, 6, 14, 7], [15, 21, 16, 20], [17, 1, 18, 24], [19, 11, 20, 10], [21, 4, 22, 5], [23, 17, 24, 16], [1, 8, 2, 9], [3, 14, 4, 15], [5, 22, 6, 23], [7, 12, 8, 13], [9, 19, 10, 18]]"
12a_0979_158,"[[9, 19, 10, 18], [11, 2, 12, 3], [13, 6, 14, 7], [15, 21, 16, 20], [17, 1, 18, 24], [19, 11, 20, 10], [21, 4, 22, 5], [23, 17, 24, 16], [1, 8, 2, 9], [3, 14, 4, 15], [5, 22, 6, 23], [7, 12, 8, 13]]"
12a_0979_159,"[[7, 12, 8, 13], [9, 19, 10, 18], [11, 2, 12, 3], [13, 6, 14, 7], [15, 21, 16, 20], [17, 1, 18, 24], [19, 11, 20, 10], [21, 4, 22, 5], [23, 17, 24, 16], [1, 8, 2, 9], [3, 14, 4, 15], [5, 22, 6, 23]]"
12a_0979_160,"[[5, 22, 6, 23], [7, 12, 8, 13], [9, 19, 10, 18], [11, 2, 12, 3], [13, 6, 14, 7], [15, 21, 16, 20], [17, 1, 18, 24], [19, 11, 20, 10], [21, 4, 22, 5], [23, 17, 24, 16], [1, 8, 2, 9], [3, 14, 4, 15]]"
12a_0979_161,"[[3, 14, 4, 15], [5, 22, 6, 23], [7, 12, 8, 13], [9, 19, 10, 18], [11, 2, 12, 3], [13, 6, 14, 7], [15, 21, 16, 20], [17, 1, 18, 24], [19, 11, 20, 10], [21, 4, 22, 5], [23, 17, 24, 16], [1, 8, 2, 9]]"
12a_0979_162,"[[1, 8, 2, 9], [3, 14, 4, 15], [5, 22, 6, 23], [7, 12, 8, 13], [9, 19, 10, 18], [11, 2, 12, 3], [13, 6, 14, 7], [15, 21, 16, 20], [17, 1, 18, 24], [19, 11, 20, 10], [21, 4, 22, 5], [23, 17, 24, 16]]"
12a_0979_163,"[[23, 17, 24, 16], [1, 8, 2, 9], [3, 14, 4, 15], [5, 22, 6, 23], [7, 12, 8, 13], [9, 19, 10, 18], [11, 2, 12, 3], [13, 6, 14, 7], [15, 21, 16, 20], [17, 1, 18, 24], [19, 11, 20, 10], [21, 4, 22, 5]]"
12a_0979_164,"[[21, 4, 22, 5], [23, 17, 24, 16], [1, 8, 2, 9], [3, 14, 4, 15], [5, 22, 6, 23], [7, 12, 8, 13], [9, 19, 10, 18], [11, 2, 12, 3], [13, 6, 14, 7], [15, 21, 16, 20], [17, 1, 18, 24], [19, 11, 20, 10]]"
12a_0979_165,"[[19, 11, 20, 10], [21, 4, 22, 5], [23, 17, 24, 16], [1, 8, 2, 9], [3, 14, 4, 15], [5, 22, 6, 23], [7, 12, 8, 13], [9, 19, 10, 18], [11, 2, 12, 3], [13, 6, 14, 7], [15, 21, 16, 20], [17, 1, 18, 24]]"
12a_0979_166,"[[17, 1, 18, 24], [19, 11, 20, 10], [21, 4, 22, 5], [23, 17, 24, 16], [1, 8, 2, 9], [3, 14, 4, 15], [5, 22, 6, 23], [7, 12, 8, 13], [9, 19, 10, 18], [11, 2, 12, 3], [13, 6, 14, 7], [15, 21, 16, 20]]"
12a_0979_167,"[[15, 21, 16, 20], [17, 1, 18, 24], [19, 11, 20, 10], [21, 4, 22, 5], [23, 17, 24, 16], [1, 8, 2, 9], [3, 14, 4, 15], [5, 22, 6, 23], [7, 12, 8, 13], [9, 19, 10, 18], [11, 2, 12, 3], [13, 6, 14, 7]]"
12a_0979_168,"[[14, 7, 15, 8], [16, 22, 17, 21], [18, 2, 19, 1], [20, 12, 21, 11], [22, 5, 23, 6], [24, 18, 1, 17], [2, 9, 3, 10], [4, 15, 5, 16], [6, 23, 7, 24], [8, 13, 9, 14], [10, 20, 11, 19], [12, 3, 13, 4]]"
12a_0979_169,"[[12, 3, 13, 4], [14, 7, 15, 8], [16, 22, 17, 21], [18, 2, 19, 1], [20, 12, 21, 11], [22, 5, 23, 6], [24, 18, 1, 17], [2, 9, 3, 10], [4, 15, 5, 16], [6, 23, 7, 24], [8, 13, 9, 14], [10, 20, 11, 19]]"
12a_0979_170,"[[10, 20, 11, 19], [12, 3, 13, 4], [14, 7, 15, 8], [16, 22, 17, 21], [18, 2, 19, 1], [20, 12, 21, 11], [22, 5, 23, 6], [24, 18, 1, 17], [2, 9, 3, 10], [4, 15, 5, 16], [6, 23, 7, 24], [8, 13, 9, 14]]"
12a_0979_171,"[[8, 13, 9, 14], [10, 20, 11, 19], [12, 3, 13, 4], [14, 7, 15, 8], [16, 22, 17, 21], [18, 2, 19, 1], [20, 12, 21, 11], [22, 5, 23, 6], [24, 18, 1, 17], [2, 9, 3, 10], [4, 15, 5, 16], [6, 23, 7, 24]]"
12a_0979_172,"[[6, 23, 7, 24], [8, 13, 9, 14], [10, 20, 11, 19], [12, 3, 13, 4], [14, 7, 15, 8], [16, 22, 17, 21], [18, 2, 19, 1], [20, 12, 21, 11], [22, 5, 23, 6], [24, 18, 1, 17], [2, 9, 3, 10], [4, 15, 5, 16]]"
12a_0979_173,"[[4, 15, 5, 16], [6, 23, 7, 24], [8, 13, 9, 14], [10, 20, 11, 19], [12, 3, 13, 4], [14, 7, 15, 8], [16, 22, 17, 21], [18, 2, 19, 1], [20, 12, 21, 11], [22, 5, 23, 6], [24, 18, 1, 17], [2, 9, 3, 10]]"
12a_0979_174,"[[2, 9, 3, 10], [4, 15, 5, 16], [6, 23, 7, 24], [8, 13, 9, 14], [10, 20, 11, 19], [12, 3, 13, 4], [14, 7, 15, 8], [16, 22, 17, 21], [18, 2, 19, 1], [20, 12, 21, 11], [22, 5, 23, 6], [24, 18, 1, 17]]"
12a_0979_175,"[[24, 18, 1, 17], [2, 9, 3, 10], [4, 15, 5, 16], [6, 23, 7, 24], [8, 13, 9, 14], [10, 20, 11, 19], [12, 3, 13, 4], [14, 7, 15, 8], [16, 22, 17, 21], [18, 2, 19, 1], [20, 12, 21, 11], [22, 5, 23, 6]]"
12a_0979_176,"[[22, 5, 23, 6], [24, 18, 1, 17], [2, 9, 3, 10], [4, 15, 5, 16], [6, 23, 7, 24], [8, 13, 9, 14], [10, 20, 11, 19], [12, 3, 13, 4], [14, 7, 15, 8], [16, 22, 17, 21], [18, 2, 19, 1], [20, 12, 21, 11]]"
12a_0979_177,"[[20, 12, 21, 11], [22, 5, 23, 6], [24, 18, 1, 17], [2, 9, 3, 10], [4, 15, 5, 16], [6, 23, 7, 24], [8, 13, 9, 14], [10, 20, 11, 19], [12, 3, 13, 4], [14, 7, 15, 8], [16, 22, 17, 21], [18, 2, 19, 1]]"
12a_0979_178,"[[18, 2, 19, 1], [20, 12, 21, 11], [22, 5, 23, 6], [24, 18, 1, 17], [2, 9, 3, 10], [4, 15, 5, 16], [6, 23, 7, 24], [8, 13, 9, 14], [10, 20, 11, 19], [12, 3, 13, 4], [14, 7, 15, 8], [16, 22, 17, 21]]"
12a_0979_179,"[[16, 22, 17, 21], [18, 2, 19, 1], [20, 12, 21, 11], [22, 5, 23, 6], [24, 18, 1, 17], [2, 9, 3, 10], [4, 15, 5, 16], [6, 23, 7, 24], [8, 13, 9, 14], [10, 20, 11, 19], [12, 3, 13, 4], [14, 7, 15, 8]]"
12a_0979_180,"[[15, 8, 16, 9], [17, 23, 18, 22], [19, 3, 20, 2], [21, 13, 22, 12], [23, 6, 24, 7], [1, 19, 2, 18], [3, 10, 4, 11], [5, 16, 6, 17], [7, 24, 8, 1], [9, 14, 10, 15], [11, 21, 12, 20], [13, 4, 14, 5]]"
12a_0979_181,"[[13, 4, 14, 5], [15, 8, 16, 9], [17, 23, 18, 22], [19, 3, 20, 2], [21, 13, 22, 12], [23, 6, 24, 7], [1, 19, 2, 18], [3, 10, 4, 11], [5, 16, 6, 17], [7, 24, 8, 1], [9, 14, 10, 15], [11, 21, 12, 20]]"
12a_0979_182,"[[11, 21, 12, 20], [13, 4, 14, 5], [15, 8, 16, 9], [17, 23, 18, 22], [19, 3, 20, 2], [21, 13, 22, 12], [23, 6, 24, 7], [1, 19, 2, 18], [3, 10, 4, 11], [5, 16, 6, 17], [7, 24, 8, 1], [9, 14, 10, 15]]"
12a_0979_183,"[[9, 14, 10, 15], [11, 21, 12, 20], [13, 4, 14, 5], [15, 8, 16, 9], [17, 23, 18, 22], [19, 3, 20, 2], [21, 13, 22, 12], [23, 6, 24, 7], [1, 19, 2, 18], [3, 10, 4, 11], [5, 16, 6, 17], [7, 24, 8, 1]]"
12a_0979_184,"[[7, 24, 8, 1], [9, 14, 10, 15], [11, 21, 12, 20], [13, 4, 14, 5], [15, 8, 16, 9], [17, 23, 18, 22], [19, 3, 20, 2], [21, 13, 22, 12], [23, 6, 24, 7], [1, 19, 2, 18], [3, 10, 4, 11], [5, 16, 6, 17]]"
12a_0979_185,"[[5, 16, 6, 17], [7, 24, 8, 1], [9, 14, 10, 15], [11, 21, 12, 20], [13, 4, 14, 5], [15, 8, 16, 9], [17, 23, 18, 22], [19, 3, 20, 2], [21, 13, 22, 12], [23, 6, 24, 7], [1, 19, 2, 18], [3, 10, 4, 11]]"
