name,pd_notation
12a_0508_0,"[[24, 20, 1, 19], [2, 6, 3, 5], [4, 14, 5, 13], [6, 16, 7, 15], [8, 18, 9, 17], [10, 21, 11, 22], [12, 4, 13, 3], [14, 12, 15, 11], [16, 8, 17, 7], [18, 2, 19, 1], [20, 24, 21, 23], [22, 9, 23, 10]]"
12a_0508_1,"[[22, 9, 23, 10], [24, 20, 1, 19], [2, 6, 3, 5], [4, 14, 5, 13], [6, 16, 7, 15], [8, 18, 9, 17], [10, 21, 11, 22], [12, 4, 13, 3], [14, 12, 15, 11], [16, 8, 17, 7], [18, 2, 19, 1], [20, 24, 21, 23]]"
12a_0508_2,"[[20, 24, 21, 23], [22, 9, 23, 10], [24, 20, 1, 19], [2, 6, 3, 5], [4, 14, 5, 13], [6, 16, 7, 15], [8, 18, 9, 17], [10, 21, 11, 22], [12, 4, 13, 3], [14, 12, 15, 11], [16, 8, 17, 7], [18, 2, 19, 1]]"
12a_0508_3,"[[18, 2, 19, 1], [20, 24, 21, 23], [22, 9, 23, 10], [24, 20, 1, 19], [2, 6, 3, 5], [4, 14, 5, 13], [6, 16, 7, 15], [8, 18, 9, 17], [10, 21, 11, 22], [12, 4, 13, 3], [14, 12, 15, 11], [16, 8, 17, 7]]"
12a_0508_4,"[[16, 8, 17, 7], [18, 2, 19, 1], [20, 24, 21, 23], [22, 9, 23, 10], [24, 20, 1, 19], [2, 6, 3, 5], [4, 14, 5, 13], [6, 16, 7, 15], [8, 18, 9, 17], [10, 21, 11, 22], [12, 4, 13, 3], [14, 12, 15, 11]]"
12a_0508_5,"[[14, 12, 15, 11], [16, 8, 17, 7], [18, 2, 19, 1], [20, 24, 21, 23], [22, 9, 23, 10], [24, 20, 1, 19], [2, 6, 3, 5], [4, 14, 5, 13], [6, 16, 7, 15], [8, 18, 9, 17], [10, 21, 11, 22], [12, 4, 13, 3]]"
12a_0508_6,"[[12, 4, 13, 3], [14, 12, 15, 11], [16, 8, 17, 7], [18, 2, 19, 1], [20, 24, 21, 23], [22, 9, 23, 10], [24, 20, 1, 19], [2, 6, 3, 5], [4, 14, 5, 13], [6, 16, 7, 15], [8, 18, 9, 17], [10, 21, 11, 22]]"
12a_0508_7,"[[10, 21, 11, 22], [12, 4, 13, 3], [14, 12, 15, 11], [16, 8, 17, 7], [18, 2, 19, 1], [20, 24, 21, 23], [22, 9, 23, 10], [24, 20, 1, 19], [2, 6, 3, 5], [4, 14, 5, 13], [6, 16, 7, 15], [8, 18, 9, 17]]"
12a_0508_8,"[[8, 18, 9, 17], [10, 21, 11, 22], [12, 4, 13, 3], [14, 12, 15, 11], [16, 8, 17, 7], [18, 2, 19, 1], [20, 24, 21, 23], [22, 9, 23, 10], [24, 20, 1, 19], [2, 6, 3, 5], [4, 14, 5, 13], [6, 16, 7, 15]]"
12a_0508_9,"[[6, 16, 7, 15], [8, 18, 9, 17], [10, 21, 11, 22], [12, 4, 13, 3], [14, 12, 15, 11], [16, 8, 17, 7], [18, 2, 19, 1], [20, 24, 21, 23], [22, 9, 23, 10], [24, 20, 1, 19], [2, 6, 3, 5], [4, 14, 5, 13]]"
12a_0508_10,"[[4, 14, 5, 13], [6, 16, 7, 15], [8, 18, 9, 17], [10, 21, 11, 22], [12, 4, 13, 3], [14, 12, 15, 11], [16, 8, 17, 7], [18, 2, 19, 1], [20, 24, 21, 23], [22, 9, 23, 10], [24, 20, 1, 19], [2, 6, 3, 5]]"
12a_0508_11,"[[2, 6, 3, 5], [4, 14, 5, 13], [6, 16, 7, 15], [8, 18, 9, 17], [10, 21, 11, 22], [12, 4, 13, 3], [14, 12, 15, 11], [16, 8, 17, 7], [18, 2, 19, 1], [20, 24, 21, 23], [22, 9, 23, 10], [24, 20, 1, 19]]"
12a_0508_12,"[[1, 21, 2, 20], [3, 7, 4, 6], [5, 15, 6, 14], [7, 17, 8, 16], [9, 19, 10, 18], [11, 22, 12, 23], [13, 5, 14, 4], [15, 13, 16, 12], [17, 9, 18, 8], [19, 3, 20, 2], [21, 1, 22, 24], [23, 10, 24, 11]]"
12a_0508_13,"[[23, 10, 24, 11], [1, 21, 2, 20], [3, 7, 4, 6], [5, 15, 6, 14], [7, 17, 8, 16], [9, 19, 10, 18], [11, 22, 12, 23], [13, 5, 14, 4], [15, 13, 16, 12], [17, 9, 18, 8], [19, 3, 20, 2], [21, 1, 22, 24]]"
12a_0508_14,"[[21, 1, 22, 24], [23, 10, 24, 11], [1, 21, 2, 20], [3, 7, 4, 6], [5, 15, 6, 14], [7, 17, 8, 16], [9, 19, 10, 18], [11, 22, 12, 23], [13, 5, 14, 4], [15, 13, 16, 12], [17, 9, 18, 8], [19, 3, 20, 2]]"
12a_0508_15,"[[19, 3, 20, 2], [21, 1, 22, 24], [23, 10, 24, 11], [1, 21, 2, 20], [3, 7, 4, 6], [5, 15, 6, 14], [7, 17, 8, 16], [9, 19, 10, 18], [11, 22, 12, 23], [13, 5, 14, 4], [15, 13, 16, 12], [17, 9, 18, 8]]"
12a_0508_16,"[[17, 9, 18, 8], [19, 3, 20, 2], [21, 1, 22, 24], [23, 10, 24, 11], [1, 21, 2, 20], [3, 7, 4, 6], [5, 15, 6, 14], [7, 17, 8, 16], [9, 19, 10, 18], [11, 22, 12, 23], [13, 5, 14, 4], [15, 13, 16, 12]]"
12a_0508_17,"[[15, 13, 16, 12], [17, 9, 18, 8], [19, 3, 20, 2], [21, 1, 22, 24], [23, 10, 24, 11], [1, 21, 2, 20], [3, 7, 4, 6], [5, 15, 6, 14], [7, 17, 8, 16], [9, 19, 10, 18], [11, 22, 12, 23], [13, 5, 14, 4]]"
12a_0508_18,"[[13, 5, 14, 4], [15, 13, 16, 12], [17, 9, 18, 8], [19, 3, 20, 2], [21, 1, 22, 24], [23, 10, 24, 11], [1, 21, 2, 20], [3, 7, 4, 6], [5, 15, 6, 14], [7, 17, 8, 16], [9, 19, 10, 18], [11, 22, 12, 23]]"
12a_0508_19,"[[11, 22, 12, 23], [13, 5, 14, 4], [15, 13, 16, 12], [17, 9, 18, 8], [19, 3, 20, 2], [21, 1, 22, 24], [23, 10, 24, 11], [1, 21, 2, 20], [3, 7, 4, 6], [5, 15, 6, 14], [7, 17, 8, 16], [9, 19, 10, 18]]"
12a_0508_20,"[[9, 19, 10, 18], [11, 22, 12, 23], [13, 5, 14, 4], [15, 13, 16, 12], [17, 9, 18, 8], [19, 3, 20, 2], [21, 1, 22, 24], [23, 10, 24, 11], [1, 21, 2, 20], [3, 7, 4, 6], [5, 15, 6, 14], [7, 17, 8, 16]]"
12a_0508_21,"[[7, 17, 8, 16], [9, 19, 10, 18], [11, 22, 12, 23], [13, 5, 14, 4], [15, 13, 16, 12], [17, 9, 18, 8], [19, 3, 20, 2], [21, 1, 22, 24], [23, 10, 24, 11], [1, 21, 2, 20], [3, 7, 4, 6], [5, 15, 6, 14]]"
12a_0508_22,"[[5, 15, 6, 14], [7, 17, 8, 16], [9, 19, 10, 18], [11, 22, 12, 23], [13, 5, 14, 4], [15, 13, 16, 12], [17, 9, 18, 8], [19, 3, 20, 2], [21, 1, 22, 24], [23, 10, 24, 11], [1, 21, 2, 20], [3, 7, 4, 6]]"
12a_0508_23,"[[3, 7, 4, 6], [5, 15, 6, 14], [7, 17, 8, 16], [9, 19, 10, 18], [11, 22, 12, 23], [13, 5, 14, 4], [15, 13, 16, 12], [17, 9, 18, 8], [19, 3, 20, 2], [21, 1, 22, 24], [23, 10, 24, 11], [1, 21, 2, 20]]"
12a_0508_24,"[[2, 22, 3, 21], [4, 8, 5, 7], [6, 16, 7, 15], [8, 18, 9, 17], [10, 20, 11, 19], [12, 23, 13, 24], [14, 6, 15, 5], [16, 14, 17, 13], [18, 10, 19, 9], [20, 4, 21, 3], [22, 2, 23, 1], [24, 11, 1, 12]]"
12a_0508_25,"[[24, 11, 1, 12], [2, 22, 3, 21], [4, 8, 5, 7], [6, 16, 7, 15], [8, 18, 9, 17], [10, 20, 11, 19], [12, 23, 13, 24], [14, 6, 15, 5], [16, 14, 17, 13], [18, 10, 19, 9], [20, 4, 21, 3], [22, 2, 23, 1]]"
12a_0508_26,"[[22, 2, 23, 1], [24, 11, 1, 12], [2, 22, 3, 21], [4, 8, 5, 7], [6, 16, 7, 15], [8, 18, 9, 17], [10, 20, 11, 19], [12, 23, 13, 24], [14, 6, 15, 5], [16, 14, 17, 13], [18, 10, 19, 9], [20, 4, 21, 3]]"
12a_0508_27,"[[20, 4, 21, 3], [22, 2, 23, 1], [24, 11, 1, 12], [2, 22, 3, 21], [4, 8, 5, 7], [6, 16, 7, 15], [8, 18, 9, 17], [10, 20, 11, 19], [12, 23, 13, 24], [14, 6, 15, 5], [16, 14, 17, 13], [18, 10, 19, 9]]"
12a_0508_28,"[[18, 10, 19, 9], [20, 4, 21, 3], [22, 2, 23, 1], [24, 11, 1, 12], [2, 22, 3, 21], [4, 8, 5, 7], [6, 16, 7, 15], [8, 18, 9, 17], [10, 20, 11, 19], [12, 23, 13, 24], [14, 6, 15, 5], [16, 14, 17, 13]]"
12a_0508_29,"[[16, 14, 17, 13], [18, 10, 19, 9], [20, 4, 21, 3], [22, 2, 23, 1], [24, 11, 1, 12], [2, 22, 3, 21], [4, 8, 5, 7], [6, 16, 7, 15], [8, 18, 9, 17], [10, 20, 11, 19], [12, 23, 13, 24], [14, 6, 15, 5]]"
12a_0508_30,"[[14, 6, 15, 5], [16, 14, 17, 13], [18, 10, 19, 9], [20, 4, 21, 3], [22, 2, 23, 1], [24, 11, 1, 12], [2, 22, 3, 21], [4, 8, 5, 7], [6, 16, 7, 15], [8, 18, 9, 17], [10, 20, 11, 19], [12, 23, 13, 24]]"
12a_0508_31,"[[12, 23, 13, 24], [14, 6, 15, 5], [16, 14, 17, 13], [18, 10, 19, 9], [20, 4, 21, 3], [22, 2, 23, 1], [24, 11, 1, 12], [2, 22, 3, 21], [4, 8, 5, 7], [6, 16, 7, 15], [8, 18, 9, 17], [10, 20, 11, 19]]"
12a_0508_32,"[[10, 20, 11, 19], [12, 23, 13, 24], [14, 6, 15, 5], [16, 14, 17, 13], [18, 10, 19, 9], [20, 4, 21, 3], [22, 2, 23, 1], [24, 11, 1, 12], [2, 22, 3, 21], [4, 8, 5, 7], [6, 16, 7, 15], [8, 18, 9, 17]]"
12a_0508_33,"[[8, 18, 9, 17], [10, 20, 11, 19], [12, 23, 13, 24], [14, 6, 15, 5], [16, 14, 17, 13], [18, 10, 19, 9], [20, 4, 21, 3], [22, 2, 23, 1], [24, 11, 1, 12], [2, 22, 3, 21], [4, 8, 5, 7], [6, 16, 7, 15]]"
12a_0508_34,"[[6, 16, 7, 15], [8, 18, 9, 17], [10, 20, 11, 19], [12, 23, 13, 24], [14, 6, 15, 5], [16, 14, 17, 13], [18, 10, 19, 9], [20, 4, 21, 3], [22, 2, 23, 1], [24, 11, 1, 12], [2, 22, 3, 21], [4, 8, 5, 7]]"
12a_0508_35,"[[4, 8, 5, 7], [6, 16, 7, 15], [8, 18, 9, 17], [10, 20, 11, 19], [12, 23, 13, 24], [14, 6, 15, 5], [16, 14, 17, 13], [18, 10, 19, 9], [20, 4, 21, 3], [22, 2, 23, 1], [24, 11, 1, 12], [2, 22, 3, 21]]"
12a_0508_36,"[[3, 23, 4, 22], [5, 9, 6, 8], [7, 17, 8, 16], [9, 19, 10, 18], [11, 21, 12, 20], [13, 24, 14, 1], [15, 7, 16, 6], [17, 15, 18, 14], [19, 11, 20, 10], [21, 5, 22, 4], [23, 3, 24, 2], [1, 12, 2, 13]]"
12a_0508_37,"[[1, 12, 2, 13], [3, 23, 4, 22], [5, 9, 6, 8], [7, 17, 8, 16], [9, 19, 10, 18], [11, 21, 12, 20], [13, 24, 14, 1], [15, 7, 16, 6], [17, 15, 18, 14], [19, 11, 20, 10], [21, 5, 22, 4], [23, 3, 24, 2]]"
12a_0508_38,"[[23, 3, 24, 2], [1, 12, 2, 13], [3, 23, 4, 22], [5, 9, 6, 8], [7, 17, 8, 16], [9, 19, 10, 18], [11, 21, 12, 20], [13, 24, 14, 1], [15, 7, 16, 6], [17, 15, 18, 14], [19, 11, 20, 10], [21, 5, 22, 4]]"
12a_0508_39,"[[21, 5, 22, 4], [23, 3, 24, 2], [1, 12, 2, 13], [3, 23, 4, 22], [5, 9, 6, 8], [7, 17, 8, 16], [9, 19, 10, 18], [11, 21, 12, 20], [13, 24, 14, 1], [15, 7, 16, 6], [17, 15, 18, 14], [19, 11, 20, 10]]"
12a_0508_40,"[[19, 11, 20, 10], [21, 5, 22, 4], [23, 3, 24, 2], [1, 12, 2, 13], [3, 23, 4, 22], [5, 9, 6, 8], [7, 17, 8, 16], [9, 19, 10, 18], [11, 21, 12, 20], [13, 24, 14, 1], [15, 7, 16, 6], [17, 15, 18, 14]]"
12a_0508_41,"[[17, 15, 18, 14], [19, 11, 20, 10], [21, 5, 22, 4], [23, 3, 24, 2], [1, 12, 2, 13], [3, 23, 4, 22], [5, 9, 6, 8], [7, 17, 8, 16], [9, 19, 10, 18], [11, 21, 12, 20], [13, 24, 14, 1], [15, 7, 16, 6]]"
12a_0508_42,"[[15, 7, 16, 6], [17, 15, 18, 14], [19, 11, 20, 10], [21, 5, 22, 4], [23, 3, 24, 2], [1, 12, 2, 13], [3, 23, 4, 22], [5, 9, 6, 8], [7, 17, 8, 16], [9, 19, 10, 18], [11, 21, 12, 20], [13, 24, 14, 1]]"
12a_0508_43,"[[13, 24, 14, 1], [15, 7, 16, 6], [17, 15, 18, 14], [19, 11, 20, 10], [21, 5, 22, 4], [23, 3, 24, 2], [1, 12, 2, 13], [3, 23, 4, 22], [5, 9, 6, 8], [7, 17, 8, 16], [9, 19, 10, 18], [11, 21, 12, 20]]"
12a_0508_44,"[[11, 21, 12, 20], [13, 24, 14, 1], [15, 7, 16, 6], [17, 15, 18, 14], [19, 11, 20, 10], [21, 5, 22, 4], [23, 3, 24, 2], [1, 12, 2, 13], [3, 23, 4, 22], [5, 9, 6, 8], [7, 17, 8, 16], [9, 19, 10, 18]]"
12a_0508_45,"[[9, 19, 10, 18], [11, 21, 12, 20], [13, 24, 14, 1], [15, 7, 16, 6], [17, 15, 18, 14], [19, 11, 20, 10], [21, 5, 22, 4], [23, 3, 24, 2], [1, 12, 2, 13], [3, 23, 4, 22], [5, 9, 6, 8], [7, 17, 8, 16]]"
12a_0508_46,"[[7, 17, 8, 16], [9, 19, 10, 18], [11, 21, 12, 20], [13, 24, 14, 1], [15, 7, 16, 6], [17, 15, 18, 14], [19, 11, 20, 10], [21, 5, 22, 4], [23, 3, 24, 2], [1, 12, 2, 13], [3, 23, 4, 22], [5, 9, 6, 8]]"
12a_0508_47,"[[5, 9, 6, 8], [7, 17, 8, 16], [9, 19, 10, 18], [11, 21, 12, 20], [13, 24, 14, 1], [15, 7, 16, 6], [17, 15, 18, 14], [19, 11, 20, 10], [21, 5, 22, 4], [23, 3, 24, 2], [1, 12, 2, 13], [3, 23, 4, 22]]"
12a_0508_48,"[[4, 24, 5, 23], [6, 10, 7, 9], [8, 18, 9, 17], [10, 20, 11, 19], [12, 22, 13, 21], [14, 1, 15, 2], [16, 8, 17, 7], [18, 16, 19, 15], [20, 12, 21, 11], [22, 6, 23, 5], [24, 4, 1, 3], [2, 13, 3, 14]]"
12a_0508_49,"[[2, 13, 3, 14], [4, 24, 5, 23], [6, 10, 7, 9], [8, 18, 9, 17], [10, 20, 11, 19], [12, 22, 13, 21], [14, 1, 15, 2], [16, 8, 17, 7], [18, 16, 19, 15], [20, 12, 21, 11], [22, 6, 23, 5], [24, 4, 1, 3]]"
12a_0508_50,"[[24, 4, 1, 3], [2, 13, 3, 14], [4, 24, 5, 23], [6, 10, 7, 9], [8, 18, 9, 17], [10, 20, 11, 19], [12, 22, 13, 21], [14, 1, 15, 2], [16, 8, 17, 7], [18, 16, 19, 15], [20, 12, 21, 11], [22, 6, 23, 5]]"
12a_0508_51,"[[22, 6, 23, 5], [24, 4, 1, 3], [2, 13, 3, 14], [4, 24, 5, 23], [6, 10, 7, 9], [8, 18, 9, 17], [10, 20, 11, 19], [12, 22, 13, 21], [14, 1, 15, 2], [16, 8, 17, 7], [18, 16, 19, 15], [20, 12, 21, 11]]"
12a_0508_52,"[[20, 12, 21, 11], [22, 6, 23, 5], [24, 4, 1, 3], [2, 13, 3, 14], [4, 24, 5, 23], [6, 10, 7, 9], [8, 18, 9, 17], [10, 20, 11, 19], [12, 22, 13, 21], [14, 1, 15, 2], [16, 8, 17, 7], [18, 16, 19, 15]]"
12a_0508_53,"[[18, 16, 19, 15], [20, 12, 21, 11], [22, 6, 23, 5], [24, 4, 1, 3], [2, 13, 3, 14], [4, 24, 5, 23], [6, 10, 7, 9], [8, 18, 9, 17], [10, 20, 11, 19], [12, 22, 13, 21], [14, 1, 15, 2], [16, 8, 17, 7]]"
12a_0508_54,"[[16, 8, 17, 7], [18, 16, 19, 15], [20, 12, 21, 11], [22, 6, 23, 5], [24, 4, 1, 3], [2, 13, 3, 14], [4, 24, 5, 23], [6, 10, 7, 9], [8, 18, 9, 17], [10, 20, 11, 19], [12, 22, 13, 21], [14, 1, 15, 2]]"
12a_0508_55,"[[14, 1, 15, 2], [16, 8, 17, 7], [18, 16, 19, 15], [20, 12, 21, 11], [22, 6, 23, 5], [24, 4, 1, 3], [2, 13, 3, 14], [4, 24, 5, 23], [6, 10, 7, 9], [8, 18, 9, 17], [10, 20, 11, 19], [12, 22, 13, 21]]"
12a_0508_56,"[[12, 22, 13, 21], [14, 1, 15, 2], [16, 8, 17, 7], [18, 16, 19, 15], [20, 12, 21, 11], [22, 6, 23, 5], [24, 4, 1, 3], [2, 13, 3, 14], [4, 24, 5, 23], [6, 10, 7, 9], [8, 18, 9, 17], [10, 20, 11, 19]]"
12a_0508_57,"[[10, 20, 11, 19], [12, 22, 13, 21], [14, 1, 15, 2], [16, 8, 17, 7], [18, 16, 19, 15], [20, 12, 21, 11], [22, 6, 23, 5], [24, 4, 1, 3], [2, 13, 3, 14], [4, 24, 5, 23], [6, 10, 7, 9], [8, 18, 9, 17]]"
12a_0508_58,"[[8, 18, 9, 17], [10, 20, 11, 19], [12, 22, 13, 21], [14, 1, 15, 2], [16, 8, 17, 7], [18, 16, 19, 15], [20, 12, 21, 11], [22, 6, 23, 5], [24, 4, 1, 3], [2, 13, 3, 14], [4, 24, 5, 23], [6, 10, 7, 9]]"
12a_0508_59,"[[6, 10, 7, 9], [8, 18, 9, 17], [10, 20, 11, 19], [12, 22, 13, 21], [14, 1, 15, 2], [16, 8, 17, 7], [18, 16, 19, 15], [20, 12, 21, 11], [22, 6, 23, 5], [24, 4, 1, 3], [2, 13, 3, 14], [4, 24, 5, 23]]"
12a_0508_60,"[[5, 1, 6, 24], [7, 11, 8, 10], [9, 19, 10, 18], [11, 21, 12, 20], [13, 23, 14, 22], [15, 2, 16, 3], [17, 9, 18, 8], [19, 17, 20, 16], [21, 13, 22, 12], [23, 7, 24, 6], [1, 5, 2, 4], [3, 14, 4, 15]]"
12a_0508_61,"[[3, 14, 4, 15], [5, 1, 6, 24], [7, 11, 8, 10], [9, 19, 10, 18], [11, 21, 12, 20], [13, 23, 14, 22], [15, 2, 16, 3], [17, 9, 18, 8], [19, 17, 20, 16], [21, 13, 22, 12], [23, 7, 24, 6], [1, 5, 2, 4]]"
12a_0508_62,"[[1, 5, 2, 4], [3, 14, 4, 15], [5, 1, 6, 24], [7, 11, 8, 10], [9, 19, 10, 18], [11, 21, 12, 20], [13, 23, 14, 22], [15, 2, 16, 3], [17, 9, 18, 8], [19, 17, 20, 16], [21, 13, 22, 12], [23, 7, 24, 6]]"
12a_0508_63,"[[23, 7, 24, 6], [1, 5, 2, 4], [3, 14, 4, 15], [5, 1, 6, 24], [7, 11, 8, 10], [9, 19, 10, 18], [11, 21, 12, 20], [13, 23, 14, 22], [15, 2, 16, 3], [17, 9, 18, 8], [19, 17, 20, 16], [21, 13, 22, 12]]"
12a_0508_64,"[[21, 13, 22, 12], [23, 7, 24, 6], [1, 5, 2, 4], [3, 14, 4, 15], [5, 1, 6, 24], [7, 11, 8, 10], [9, 19, 10, 18], [11, 21, 12, 20], [13, 23, 14, 22], [15, 2, 16, 3], [17, 9, 18, 8], [19, 17, 20, 16]]"
12a_0508_65,"[[19, 17, 20, 16], [21, 13, 22, 12], [23, 7, 24, 6], [1, 5, 2, 4], [3, 14, 4, 15], [5, 1, 6, 24], [7, 11, 8, 10], [9, 19, 10, 18], [11, 21, 12, 20], [13, 23, 14, 22], [15, 2, 16, 3], [17, 9, 18, 8]]"
12a_0508_66,"[[17, 9, 18, 8], [19, 17, 20, 16], [21, 13, 22, 12], [23, 7, 24, 6], [1, 5, 2, 4], [3, 14, 4, 15], [5, 1, 6, 24], [7, 11, 8, 10], [9, 19, 10, 18], [11, 21, 12, 20], [13, 23, 14, 22], [15, 2, 16, 3]]"
12a_0508_67,"[[15, 2, 16, 3], [17, 9, 18, 8], [19, 17, 20, 16], [21, 13, 22, 12], [23, 7, 24, 6], [1, 5, 2, 4], [3, 14, 4, 15], [5, 1, 6, 24], [7, 11, 8, 10], [9, 19, 10, 18], [11, 21, 12, 20], [13, 23, 14, 22]]"
12a_0508_68,"[[13, 23, 14, 22], [15, 2, 16, 3], [17, 9, 18, 8], [19, 17, 20, 16], [21, 13, 22, 12], [23, 7, 24, 6], [1, 5, 2, 4], [3, 14, 4, 15], [5, 1, 6, 24], [7, 11, 8, 10], [9, 19, 10, 18], [11, 21, 12, 20]]"
12a_0508_69,"[[11, 21, 12, 20], [13, 23, 14, 22], [15, 2, 16, 3], [17, 9, 18, 8], [19, 17, 20, 16], [21, 13, 22, 12], [23, 7, 24, 6], [1, 5, 2, 4], [3, 14, 4, 15], [5, 1, 6, 24], [7, 11, 8, 10], [9, 19, 10, 18]]"
12a_0508_70,"[[9, 19, 10, 18], [11, 21, 12, 20], [13, 23, 14, 22], [15, 2, 16, 3], [17, 9, 18, 8], [19, 17, 20, 16], [21, 13, 22, 12], [23, 7, 24, 6], [1, 5, 2, 4], [3, 14, 4, 15], [5, 1, 6, 24], [7, 11, 8, 10]]"
12a_0508_71,"[[7, 11, 8, 10], [9, 19, 10, 18], [11, 21, 12, 20], [13, 23, 14, 22], [15, 2, 16, 3], [17, 9, 18, 8], [19, 17, 20, 16], [21, 13, 22, 12], [23, 7, 24, 6], [1, 5, 2, 4], [3, 14, 4, 15], [5, 1, 6, 24]]"
12a_0508_72,"[[6, 2, 7, 1], [8, 12, 9, 11], [10, 20, 11, 19], [12, 22, 13, 21], [14, 24, 15, 23], [16, 3, 17, 4], [18, 10, 19, 9], [20, 18, 21, 17], [22, 14, 23, 13], [24, 8, 1, 7], [2, 6, 3, 5], [4, 15, 5, 16]]"
12a_0508_73,"[[4, 15, 5, 16], [6, 2, 7, 1], [8, 12, 9, 11], [10, 20, 11, 19], [12, 22, 13, 21], [14, 24, 15, 23], [16, 3, 17, 4], [18, 10, 19, 9], [20, 18, 21, 17], [22, 14, 23, 13], [24, 8, 1, 7], [2, 6, 3, 5]]"
12a_0508_74,"[[2, 6, 3, 5], [4, 15, 5, 16], [6, 2, 7, 1], [8, 12, 9, 11], [10, 20, 11, 19], [12, 22, 13, 21], [14, 24, 15, 23], [16, 3, 17, 4], [18, 10, 19, 9], [20, 18, 21, 17], [22, 14, 23, 13], [24, 8, 1, 7]]"
12a_0508_75,"[[24, 8, 1, 7], [2, 6, 3, 5], [4, 15, 5, 16], [6, 2, 7, 1], [8, 12, 9, 11], [10, 20, 11, 19], [12, 22, 13, 21], [14, 24, 15, 23], [16, 3, 17, 4], [18, 10, 19, 9], [20, 18, 21, 17], [22, 14, 23, 13]]"
12a_0508_76,"[[22, 14, 23, 13], [24, 8, 1, 7], [2, 6, 3, 5], [4, 15, 5, 16], [6, 2, 7, 1], [8, 12, 9, 11], [10, 20, 11, 19], [12, 22, 13, 21], [14, 24, 15, 23], [16, 3, 17, 4], [18, 10, 19, 9], [20, 18, 21, 17]]"
12a_0508_77,"[[20, 18, 21, 17], [22, 14, 23, 13], [24, 8, 1, 7], [2, 6, 3, 5], [4, 15, 5, 16], [6, 2, 7, 1], [8, 12, 9, 11], [10, 20, 11, 19], [12, 22, 13, 21], [14, 24, 15, 23], [16, 3, 17, 4], [18, 10, 19, 9]]"
12a_0508_78,"[[18, 10, 19, 9], [20, 18, 21, 17], [22, 14, 23, 13], [24, 8, 1, 7], [2, 6, 3, 5], [4, 15, 5, 16], [6, 2, 7, 1], [8, 12, 9, 11], [10, 20, 11, 19], [12, 22, 13, 21], [14, 24, 15, 23], [16, 3, 17, 4]]"
12a_0508_79,"[[16, 3, 17, 4], [18, 10, 19, 9], [20, 18, 21, 17], [22, 14, 23, 13], [24, 8, 1, 7], [2, 6, 3, 5], [4, 15, 5, 16], [6, 2, 7, 1], [8, 12, 9, 11], [10, 20, 11, 19], [12, 22, 13, 21], [14, 24, 15, 23]]"
12a_0508_80,"[[14, 24, 15, 23], [16, 3, 17, 4], [18, 10, 19, 9], [20, 18, 21, 17], [22, 14, 23, 13], [24, 8, 1, 7], [2, 6, 3, 5], [4, 15, 5, 16], [6, 2, 7, 1], [8, 12, 9, 11], [10, 20, 11, 19], [12, 22, 13, 21]]"
12a_0508_81,"[[12, 22, 13, 21], [14, 24, 15, 23], [16, 3, 17, 4], [18, 10, 19, 9], [20, 18, 21, 17], [22, 14, 23, 13], [24, 8, 1, 7], [2, 6, 3, 5], [4, 15, 5, 16], [6, 2, 7, 1], [8, 12, 9, 11], [10, 20, 11, 19]]"
12a_0508_82,"[[10, 20, 11, 19], [12, 22, 13, 21], [14, 24, 15, 23], [16, 3, 17, 4], [18, 10, 19, 9], [20, 18, 21, 17], [22, 14, 23, 13], [24, 8, 1, 7], [2, 6, 3, 5], [4, 15, 5, 16], [6, 2, 7, 1], [8, 12, 9, 11]]"
12a_0508_83,"[[8, 12, 9, 11], [10, 20, 11, 19], [12, 22, 13, 21], [14, 24, 15, 23], [16, 3, 17, 4], [18, 10, 19, 9], [20, 18, 21, 17], [22, 14, 23, 13], [24, 8, 1, 7], [2, 6, 3, 5], [4, 15, 5, 16], [6, 2, 7, 1]]"
12a_0508_84,"[[7, 3, 8, 2], [9, 13, 10, 12], [11, 21, 12, 20], [13, 23, 14, 22], [15, 1, 16, 24], [17, 4, 18, 5], [19, 11, 20, 10], [21, 19, 22, 18], [23, 15, 24, 14], [1, 9, 2, 8], [3, 7, 4, 6], [5, 16, 6, 17]]"
12a_0508_85,"[[5, 16, 6, 17], [7, 3, 8, 2], [9, 13, 10, 12], [11, 21, 12, 20], [13, 23, 14, 22], [15, 1, 16, 24], [17, 4, 18, 5], [19, 11, 20, 10], [21, 19, 22, 18], [23, 15, 24, 14], [1, 9, 2, 8], [3, 7, 4, 6]]"
12a_0508_86,"[[3, 7, 4, 6], [5, 16, 6, 17], [7, 3, 8, 2], [9, 13, 10, 12], [11, 21, 12, 20], [13, 23, 14, 22], [15, 1, 16, 24], [17, 4, 18, 5], [19, 11, 20, 10], [21, 19, 22, 18], [23, 15, 24, 14], [1, 9, 2, 8]]"
12a_0508_87,"[[1, 9, 2, 8], [3, 7, 4, 6], [5, 16, 6, 17], [7, 3, 8, 2], [9, 13, 10, 12], [11, 21, 12, 20], [13, 23, 14, 22], [15, 1, 16, 24], [17, 4, 18, 5], [19, 11, 20, 10], [21, 19, 22, 18], [23, 15, 24, 14]]"
12a_0508_88,"[[23, 15, 24, 14], [1, 9, 2, 8], [3, 7, 4, 6], [5, 16, 6, 17], [7, 3, 8, 2], [9, 13, 10, 12], [11, 21, 12, 20], [13, 23, 14, 22], [15, 1, 16, 24], [17, 4, 18, 5], [19, 11, 20, 10], [21, 19, 22, 18]]"
12a_0508_89,"[[21, 19, 22, 18], [23, 15, 24, 14], [1, 9, 2, 8], [3, 7, 4, 6], [5, 16, 6, 17], [7, 3, 8, 2], [9, 13, 10, 12], [11, 21, 12, 20], [13, 23, 14, 22], [15, 1, 16, 24], [17, 4, 18, 5], [19, 11, 20, 10]]"
12a_0508_90,"[[19, 11, 20, 10], [21, 19, 22, 18], [23, 15, 24, 14], [1, 9, 2, 8], [3, 7, 4, 6], [5, 16, 6, 17], [7, 3, 8, 2], [9, 13, 10, 12], [11, 21, 12, 20], [13, 23, 14, 22], [15, 1, 16, 24], [17, 4, 18, 5]]"
12a_0508_91,"[[17, 4, 18, 5], [19, 11, 20, 10], [21, 19, 22, 18], [23, 15, 24, 14], [1, 9, 2, 8], [3, 7, 4, 6], [5, 16, 6, 17], [7, 3, 8, 2], [9, 13, 10, 12], [11, 21, 12, 20], [13, 23, 14, 22], [15, 1, 16, 24]]"
12a_0508_92,"[[15, 1, 16, 24], [17, 4, 18, 5], [19, 11, 20, 10], [21, 19, 22, 18], [23, 15, 24, 14], [1, 9, 2, 8], [3, 7, 4, 6], [5, 16, 6, 17], [7, 3, 8, 2], [9, 13, 10, 12], [11, 21, 12, 20], [13, 23, 14, 22]]"
12a_0508_93,"[[13, 23, 14, 22], [15, 1, 16, 24], [17, 4, 18, 5], [19, 11, 20, 10], [21, 19, 22, 18], [23, 15, 24, 14], [1, 9, 2, 8], [3, 7, 4, 6], [5, 16, 6, 17], [7, 3, 8, 2], [9, 13, 10, 12], [11, 21, 12, 20]]"
12a_0508_94,"[[11, 21, 12, 20], [13, 23, 14, 22], [15, 1, 16, 24], [17, 4, 18, 5], [19, 11, 20, 10], [21, 19, 22, 18], [23, 15, 24, 14], [1, 9, 2, 8], [3, 7, 4, 6], [5, 16, 6, 17], [7, 3, 8, 2], [9, 13, 10, 12]]"
12a_0508_95,"[[9, 13, 10, 12], [11, 21, 12, 20], [13, 23, 14, 22], [15, 1, 16, 24], [17, 4, 18, 5], [19, 11, 20, 10], [21, 19, 22, 18], [23, 15, 24, 14], [1, 9, 2, 8], [3, 7, 4, 6], [5, 16, 6, 17], [7, 3, 8, 2]]"
12a_0508_96,"[[8, 4, 9, 3], [10, 14, 11, 13], [12, 22, 13, 21], [14, 24, 15, 23], [16, 2, 17, 1], [18, 5, 19, 6], [20, 12, 21, 11], [22, 20, 23, 19], [24, 16, 1, 15], [2, 10, 3, 9], [4, 8, 5, 7], [6, 17, 7, 18]]"
12a_0508_97,"[[6, 17, 7, 18], [8, 4, 9, 3], [10, 14, 11, 13], [12, 22, 13, 21], [14, 24, 15, 23], [16, 2, 17, 1], [18, 5, 19, 6], [20, 12, 21, 11], [22, 20, 23, 19], [24, 16, 1, 15], [2, 10, 3, 9], [4, 8, 5, 7]]"
12a_0508_98,"[[4, 8, 5, 7], [6, 17, 7, 18], [8, 4, 9, 3], [10, 14, 11, 13], [12, 22, 13, 21], [14, 24, 15, 23], [16, 2, 17, 1], [18, 5, 19, 6], [20, 12, 21, 11], [22, 20, 23, 19], [24, 16, 1, 15], [2, 10, 3, 9]]"
12a_0508_99,"[[2, 10, 3, 9], [4, 8, 5, 7], [6, 17, 7, 18], [8, 4, 9, 3], [10, 14, 11, 13], [12, 22, 13, 21], [14, 24, 15, 23], [16, 2, 17, 1], [18, 5, 19, 6], [20, 12, 21, 11], [22, 20, 23, 19], [24, 16, 1, 15]]"
12a_0508_100,"[[24, 16, 1, 15], [2, 10, 3, 9], [4, 8, 5, 7], [6, 17, 7, 18], [8, 4, 9, 3], [10, 14, 11, 13], [12, 22, 13, 21], [14, 24, 15, 23], [16, 2, 17, 1], [18, 5, 19, 6], [20, 12, 21, 11], [22, 20, 23, 19]]"
12a_0508_101,"[[22, 20, 23, 19], [24, 16, 1, 15], [2, 10, 3, 9], [4, 8, 5, 7], [6, 17, 7, 18], [8, 4, 9, 3], [10, 14, 11, 13], [12, 22, 13, 21], [14, 24, 15, 23], [16, 2, 17, 1], [18, 5, 19, 6], [20, 12, 21, 11]]"
12a_0508_102,"[[20, 12, 21, 11], [22, 20, 23, 19], [24, 16, 1, 15], [2, 10, 3, 9], [4, 8, 5, 7], [6, 17, 7, 18], [8, 4, 9, 3], [10, 14, 11, 13], [12, 22, 13, 21], [14, 24, 15, 23], [16, 2, 17, 1], [18, 5, 19, 6]]"
12a_0508_103,"[[18, 5, 19, 6], [20, 12, 21, 11], [22, 20, 23, 19], [24, 16, 1, 15], [2, 10, 3, 9], [4, 8, 5, 7], [6, 17, 7, 18], [8, 4, 9, 3], [10, 14, 11, 13], [12, 22, 13, 21], [14, 24, 15, 23], [16, 2, 17, 1]]"
12a_0508_104,"[[16, 2, 17, 1], [18, 5, 19, 6], [20, 12, 21, 11], [22, 20, 23, 19], [24, 16, 1, 15], [2, 10, 3, 9], [4, 8, 5, 7], [6, 17, 7, 18], [8, 4, 9, 3], [10, 14, 11, 13], [12, 22, 13, 21], [14, 24, 15, 23]]"
12a_0508_105,"[[14, 24, 15, 23], [16, 2, 17, 1], [18, 5, 19, 6], [20, 12, 21, 11], [22, 20, 23, 19], [24, 16, 1, 15], [2, 10, 3, 9], [4, 8, 5, 7], [6, 17, 7, 18], [8, 4, 9, 3], [10, 14, 11, 13], [12, 22, 13, 21]]"
12a_0508_106,"[[12, 22, 13, 21], [14, 24, 15, 23], [16, 2, 17, 1], [18, 5, 19, 6], [20, 12, 21, 11], [22, 20, 23, 19], [24, 16, 1, 15], [2, 10, 3, 9], [4, 8, 5, 7], [6, 17, 7, 18], [8, 4, 9, 3], [10, 14, 11, 13]]"
12a_0508_107,"[[10, 14, 11, 13], [12, 22, 13, 21], [14, 24, 15, 23], [16, 2, 17, 1], [18, 5, 19, 6], [20, 12, 21, 11], [22, 20, 23, 19], [24, 16, 1, 15], [2, 10, 3, 9], [4, 8, 5, 7], [6, 17, 7, 18], [8, 4, 9, 3]]"
12a_0508_108,"[[9, 5, 10, 4], [11, 15, 12, 14], [13, 23, 14, 22], [15, 1, 16, 24], [17, 3, 18, 2], [19, 6, 20, 7], [21, 13, 22, 12], [23, 21, 24, 20], [1, 17, 2, 16], [3, 11, 4, 10], [5, 9, 6, 8], [7, 18, 8, 19]]"
12a_0508_109,"[[7, 18, 8, 19], [9, 5, 10, 4], [11, 15, 12, 14], [13, 23, 14, 22], [15, 1, 16, 24], [17, 3, 18, 2], [19, 6, 20, 7], [21, 13, 22, 12], [23, 21, 24, 20], [1, 17, 2, 16], [3, 11, 4, 10], [5, 9, 6, 8]]"
12a_0508_110,"[[5, 9, 6, 8], [7, 18, 8, 19], [9, 5, 10, 4], [11, 15, 12, 14], [13, 23, 14, 22], [15, 1, 16, 24], [17, 3, 18, 2], [19, 6, 20, 7], [21, 13, 22, 12], [23, 21, 24, 20], [1, 17, 2, 16], [3, 11, 4, 10]]"
12a_0508_111,"[[3, 11, 4, 10], [5, 9, 6, 8], [7, 18, 8, 19], [9, 5, 10, 4], [11, 15, 12, 14], [13, 23, 14, 22], [15, 1, 16, 24], [17, 3, 18, 2], [19, 6, 20, 7], [21, 13, 22, 12], [23, 21, 24, 20], [1, 17, 2, 16]]"
12a_0508_112,"[[1, 17, 2, 16], [3, 11, 4, 10], [5, 9, 6, 8], [7, 18, 8, 19], [9, 5, 10, 4], [11, 15, 12, 14], [13, 23, 14, 22], [15, 1, 16, 24], [17, 3, 18, 2], [19, 6, 20, 7], [21, 13, 22, 12], [23, 21, 24, 20]]"
12a_0508_113,"[[23, 21, 24, 20], [1, 17, 2, 16], [3, 11, 4, 10], [5, 9, 6, 8], [7, 18, 8, 19], [9, 5, 10, 4], [11, 15, 12, 14], [13, 23, 14, 22], [15, 1, 16, 24], [17, 3, 18, 2], [19, 6, 20, 7], [21, 13, 22, 12]]"
12a_0508_114,"[[21, 13, 22, 12], [23, 21, 24, 20], [1, 17, 2, 16], [3, 11, 4, 10], [5, 9, 6, 8], [7, 18, 8, 19], [9, 5, 10, 4], [11, 15, 12, 14], [13, 23, 14, 22], [15, 1, 16, 24], [17, 3, 18, 2], [19, 6, 20, 7]]"
12a_0508_115,"[[19, 6, 20, 7], [21, 13, 22, 12], [23, 21, 24, 20], [1, 17, 2, 16], [3, 11, 4, 10], [5, 9, 6, 8], [7, 18, 8, 19], [9, 5, 10, 4], [11, 15, 12, 14], [13, 23, 14, 22], [15, 1, 16, 24], [17, 3, 18, 2]]"
12a_0508_116,"[[17, 3, 18, 2], [19, 6, 20, 7], [21, 13, 22, 12], [23, 21, 24, 20], [1, 17, 2, 16], [3, 11, 4, 10], [5, 9, 6, 8], [7, 18, 8, 19], [9, 5, 10, 4], [11, 15, 12, 14], [13, 23, 14, 22], [15, 1, 16, 24]]"
12a_0508_117,"[[15, 1, 16, 24], [17, 3, 18, 2], [19, 6, 20, 7], [21, 13, 22, 12], [23, 21, 24, 20], [1, 17, 2, 16], [3, 11, 4, 10], [5, 9, 6, 8], [7, 18, 8, 19], [9, 5, 10, 4], [11, 15, 12, 14], [13, 23, 14, 22]]"
12a_0508_118,"[[13, 23, 14, 22], [15, 1, 16, 24], [17, 3, 18, 2], [19, 6, 20, 7], [21, 13, 22, 12], [23, 21, 24, 20], [1, 17, 2, 16], [3, 11, 4, 10], [5, 9, 6, 8], [7, 18, 8, 19], [9, 5, 10, 4], [11, 15, 12, 14]]"
12a_0508_119,"[[11, 15, 12, 14], [13, 23, 14, 22], [15, 1, 16, 24], [17, 3, 18, 2], [19, 6, 20, 7], [21, 13, 22, 12], [23, 21, 24, 20], [1, 17, 2, 16], [3, 11, 4, 10], [5, 9, 6, 8], [7, 18, 8, 19], [9, 5, 10, 4]]"
12a_0508_120,"[[10, 6, 11, 5], [12, 16, 13, 15], [14, 24, 15, 23], [16, 2, 17, 1], [18, 4, 19, 3], [20, 7, 21, 8], [22, 14, 23, 13], [24, 22, 1, 21], [2, 18, 3, 17], [4, 12, 5, 11], [6, 10, 7, 9], [8, 19, 9, 20]]"
12a_0508_121,"[[8, 19, 9, 20], [10, 6, 11, 5], [12, 16, 13, 15], [14, 24, 15, 23], [16, 2, 17, 1], [18, 4, 19, 3], [20, 7, 21, 8], [22, 14, 23, 13], [24, 22, 1, 21], [2, 18, 3, 17], [4, 12, 5, 11], [6, 10, 7, 9]]"
12a_0508_122,"[[6, 10, 7, 9], [8, 19, 9, 20], [10, 6, 11, 5], [12, 16, 13, 15], [14, 24, 15, 23], [16, 2, 17, 1], [18, 4, 19, 3], [20, 7, 21, 8], [22, 14, 23, 13], [24, 22, 1, 21], [2, 18, 3, 17], [4, 12, 5, 11]]"
12a_0508_123,"[[4, 12, 5, 11], [6, 10, 7, 9], [8, 19, 9, 20], [10, 6, 11, 5], [12, 16, 13, 15], [14, 24, 15, 23], [16, 2, 17, 1], [18, 4, 19, 3], [20, 7, 21, 8], [22, 14, 23, 13], [24, 22, 1, 21], [2, 18, 3, 17]]"
12a_0508_124,"[[2, 18, 3, 17], [4, 12, 5, 11], [6, 10, 7, 9], [8, 19, 9, 20], [10, 6, 11, 5], [12, 16, 13, 15], [14, 24, 15, 23], [16, 2, 17, 1], [18, 4, 19, 3], [20, 7, 21, 8], [22, 14, 23, 13], [24, 22, 1, 21]]"
12a_0508_125,"[[24, 22, 1, 21], [2, 18, 3, 17], [4, 12, 5, 11], [6, 10, 7, 9], [8, 19, 9, 20], [10, 6, 11, 5], [12, 16, 13, 15], [14, 24, 15, 23], [16, 2, 17, 1], [18, 4, 19, 3], [20, 7, 21, 8], [22, 14, 23, 13]]"
12a_0508_126,"[[22, 14, 23, 13], [24, 22, 1, 21], [2, 18, 3, 17], [4, 12, 5, 11], [6, 10, 7, 9], [8, 19, 9, 20], [10, 6, 11, 5], [12, 16, 13, 15], [14, 24, 15, 23], [16, 2, 17, 1], [18, 4, 19, 3], [20, 7, 21, 8]]"
12a_0508_127,"[[20, 7, 21, 8], [22, 14, 23, 13], [24, 22, 1, 21], [2, 18, 3, 17], [4, 12, 5, 11], [6, 10, 7, 9], [8, 19, 9, 20], [10, 6, 11, 5], [12, 16, 13, 15], [14, 24, 15, 23], [16, 2, 17, 1], [18, 4, 19, 3]]"
12a_0508_128,"[[18, 4, 19, 3], [20, 7, 21, 8], [22, 14, 23, 13], [24, 22, 1, 21], [2, 18, 3, 17], [4, 12, 5, 11], [6, 10, 7, 9], [8, 19, 9, 20], [10, 6, 11, 5], [12, 16, 13, 15], [14, 24, 15, 23], [16, 2, 17, 1]]"
12a_0508_129,"[[16, 2, 17, 1], [18, 4, 19, 3], [20, 7, 21, 8], [22, 14, 23, 13], [24, 22, 1, 21], [2, 18, 3, 17], [4, 12, 5, 11], [6, 10, 7, 9], [8, 19, 9, 20], [10, 6, 11, 5], [12, 16, 13, 15], [14, 24, 15, 23]]"
12a_0508_130,"[[14, 24, 15, 23], [16, 2, 17, 1], [18, 4, 19, 3], [20, 7, 21, 8], [22, 14, 23, 13], [24, 22, 1, 21], [2, 18, 3, 17], [4, 12, 5, 11], [6, 10, 7, 9], [8, 19, 9, 20], [10, 6, 11, 5], [12, 16, 13, 15]]"
12a_0508_131,"[[12, 16, 13, 15], [14, 24, 15, 23], [16, 2, 17, 1], [18, 4, 19, 3], [20, 7, 21, 8], [22, 14, 23, 13], [24, 22, 1, 21], [2, 18, 3, 17], [4, 12, 5, 11], [6, 10, 7, 9], [8, 19, 9, 20], [10, 6, 11, 5]]"
12a_0508_132,"[[11, 7, 12, 6], [13, 17, 14, 16], [15, 1, 16, 24], [17, 3, 18, 2], [19, 5, 20, 4], [21, 8, 22, 9], [23, 15, 24, 14], [1, 23, 2, 22], [3, 19, 4, 18], [5, 13, 6, 12], [7, 11, 8, 10], [9, 20, 10, 21]]"
12a_0508_133,"[[9, 20, 10, 21], [11, 7, 12, 6], [13, 17, 14, 16], [15, 1, 16, 24], [17, 3, 18, 2], [19, 5, 20, 4], [21, 8, 22, 9], [23, 15, 24, 14], [1, 23, 2, 22], [3, 19, 4, 18], [5, 13, 6, 12], [7, 11, 8, 10]]"
12a_0508_134,"[[7, 11, 8, 10], [9, 20, 10, 21], [11, 7, 12, 6], [13, 17, 14, 16], [15, 1, 16, 24], [17, 3, 18, 2], [19, 5, 20, 4], [21, 8, 22, 9], [23, 15, 24, 14], [1, 23, 2, 22], [3, 19, 4, 18], [5, 13, 6, 12]]"
12a_0508_135,"[[5, 13, 6, 12], [7, 11, 8, 10], [9, 20, 10, 21], [11, 7, 12, 6], [13, 17, 14, 16], [15, 1, 16, 24], [17, 3, 18, 2], [19, 5, 20, 4], [21, 8, 22, 9], [23, 15, 24, 14], [1, 23, 2, 22], [3, 19, 4, 18]]"
12a_0508_136,"[[3, 19, 4, 18], [5, 13, 6, 12], [7, 11, 8, 10], [9, 20, 10, 21], [11, 7, 12, 6], [13, 17, 14, 16], [15, 1, 16, 24], [17, 3, 18, 2], [19, 5, 20, 4], [21, 8, 22, 9], [23, 15, 24, 14], [1, 23, 2, 22]]"
12a_0508_137,"[[1, 23, 2, 22], [3, 19, 4, 18], [5, 13, 6, 12], [7, 11, 8, 10], [9, 20, 10, 21], [11, 7, 12, 6], [13, 17, 14, 16], [15, 1, 16, 24], [17, 3, 18, 2], [19, 5, 20, 4], [21, 8, 22, 9], [23, 15, 24, 14]]"
12a_0508_138,"[[23, 15, 24, 14], [1, 23, 2, 22], [3, 19, 4, 18], [5, 13, 6, 12], [7, 11, 8, 10], [9, 20, 10, 21], [11, 7, 12, 6], [13, 17, 14, 16], [15, 1, 16, 24], [17, 3, 18, 2], [19, 5, 20, 4], [21, 8, 22, 9]]"
12a_0508_139,"[[21, 8, 22, 9], [23, 15, 24, 14], [1, 23, 2, 22], [3, 19, 4, 18], [5, 13, 6, 12], [7, 11, 8, 10], [9, 20, 10, 21], [11, 7, 12, 6], [13, 17, 14, 16], [15, 1, 16, 24], [17, 3, 18, 2], [19, 5, 20, 4]]"
12a_0508_140,"[[19, 5, 20, 4], [21, 8, 22, 9], [23, 15, 24, 14], [1, 23, 2, 22], [3, 19, 4, 18], [5, 13, 6, 12], [7, 11, 8, 10], [9, 20, 10, 21], [11, 7, 12, 6], [13, 17, 14, 16], [15, 1, 16, 24], [17, 3, 18, 2]]"
12a_0508_141,"[[17, 3, 18, 2], [19, 5, 20, 4], [21, 8, 22, 9], [23, 15, 24, 14], [1, 23, 2, 22], [3, 19, 4, 18], [5, 13, 6, 12], [7, 11, 8, 10], [9, 20, 10, 21], [11, 7, 12, 6], [13, 17, 14, 16], [15, 1, 16, 24]]"
12a_0508_142,"[[15, 1, 16, 24], [17, 3, 18, 2], [19, 5, 20, 4], [21, 8, 22, 9], [23, 15, 24, 14], [1, 23, 2, 22], [3, 19, 4, 18], [5, 13, 6, 12], [7, 11, 8, 10], [9, 20, 10, 21], [11, 7, 12, 6], [13, 17, 14, 16]]"
12a_0508_143,"[[13, 17, 14, 16], [15, 1, 16, 24], [17, 3, 18, 2], [19, 5, 20, 4], [21, 8, 22, 9], [23, 15, 24, 14], [1, 23, 2, 22], [3, 19, 4, 18], [5, 13, 6, 12], [7, 11, 8, 10], [9, 20, 10, 21], [11, 7, 12, 6]]"
12a_0508_144,"[[12, 8, 13, 7], [14, 18, 15, 17], [16, 2, 17, 1], [18, 4, 19, 3], [20, 6, 21, 5], [22, 9, 23, 10], [24, 16, 1, 15], [2, 24, 3, 23], [4, 20, 5, 19], [6, 14, 7, 13], [8, 12, 9, 11], [10, 21, 11, 22]]"
12a_0508_145,"[[10, 21, 11, 22], [12, 8, 13, 7], [14, 18, 15, 17], [16, 2, 17, 1], [18, 4, 19, 3], [20, 6, 21, 5], [22, 9, 23, 10], [24, 16, 1, 15], [2, 24, 3, 23], [4, 20, 5, 19], [6, 14, 7, 13], [8, 12, 9, 11]]"
12a_0508_146,"[[8, 12, 9, 11], [10, 21, 11, 22], [12, 8, 13, 7], [14, 18, 15, 17], [16, 2, 17, 1], [18, 4, 19, 3], [20, 6, 21, 5], [22, 9, 23, 10], [24, 16, 1, 15], [2, 24, 3, 23], [4, 20, 5, 19], [6, 14, 7, 13]]"
12a_0508_147,"[[6, 14, 7, 13], [8, 12, 9, 11], [10, 21, 11, 22], [12, 8, 13, 7], [14, 18, 15, 17], [16, 2, 17, 1], [18, 4, 19, 3], [20, 6, 21, 5], [22, 9, 23, 10], [24, 16, 1, 15], [2, 24, 3, 23], [4, 20, 5, 19]]"
12a_0508_148,"[[4, 20, 5, 19], [6, 14, 7, 13], [8, 12, 9, 11], [10, 21, 11, 22], [12, 8, 13, 7], [14, 18, 15, 17], [16, 2, 17, 1], [18, 4, 19, 3], [20, 6, 21, 5], [22, 9, 23, 10], [24, 16, 1, 15], [2, 24, 3, 23]]"
12a_0508_149,"[[2, 24, 3, 23], [4, 20, 5, 19], [6, 14, 7, 13], [8, 12, 9, 11], [10, 21, 11, 22], [12, 8, 13, 7], [14, 18, 15, 17], [16, 2, 17, 1], [18, 4, 19, 3], [20, 6, 21, 5], [22, 9, 23, 10], [24, 16, 1, 15]]"
12a_0508_150,"[[24, 16, 1, 15], [2, 24, 3, 23], [4, 20, 5, 19], [6, 14, 7, 13], [8, 12, 9, 11], [10, 21, 11, 22], [12, 8, 13, 7], [14, 18, 15, 17], [16, 2, 17, 1], [18, 4, 19, 3], [20, 6, 21, 5], [22, 9, 23, 10]]"
12a_0508_151,"[[22, 9, 23, 10], [24, 16, 1, 15], [2, 24, 3, 23], [4, 20, 5, 19], [6, 14, 7, 13], [8, 12, 9, 11], [10, 21, 11, 22], [12, 8, 13, 7], [14, 18, 15, 17], [16, 2, 17, 1], [18, 4, 19, 3], [20, 6, 21, 5]]"
12a_0508_152,"[[20, 6, 21, 5], [22, 9, 23, 10], [24, 16, 1, 15], [2, 24, 3, 23], [4, 20, 5, 19], [6, 14, 7, 13], [8, 12, 9, 11], [10, 21, 11, 22], [12, 8, 13, 7], [14, 18, 15, 17], [16, 2, 17, 1], [18, 4, 19, 3]]"
12a_0508_153,"[[18, 4, 19, 3], [20, 6, 21, 5], [22, 9, 23, 10], [24, 16, 1, 15], [2, 24, 3, 23], [4, 20, 5, 19], [6, 14, 7, 13], [8, 12, 9, 11], [10, 21, 11, 22], [12, 8, 13, 7], [14, 18, 15, 17], [16, 2, 17, 1]]"
12a_0508_154,"[[16, 2, 17, 1], [18, 4, 19, 3], [20, 6, 21, 5], [22, 9, 23, 10], [24, 16, 1, 15], [2, 24, 3, 23], [4, 20, 5, 19], [6, 14, 7, 13], [8, 12, 9, 11], [10, 21, 11, 22], [12, 8, 13, 7], [14, 18, 15, 17]]"
12a_0508_155,"[[14, 18, 15, 17], [16, 2, 17, 1], [18, 4, 19, 3], [20, 6, 21, 5], [22, 9, 23, 10], [24, 16, 1, 15], [2, 24, 3, 23], [4, 20, 5, 19], [6, 14, 7, 13], [8, 12, 9, 11], [10, 21, 11, 22], [12, 8, 13, 7]]"
12a_0508_156,"[[13, 9, 14, 8], [15, 19, 16, 18], [17, 3, 18, 2], [19, 5, 20, 4], [21, 7, 22, 6], [23, 10, 24, 11], [1, 17, 2, 16], [3, 1, 4, 24], [5, 21, 6, 20], [7, 15, 8, 14], [9, 13, 10, 12], [11, 22, 12, 23]]"
12a_0508_157,"[[11, 22, 12, 23], [13, 9, 14, 8], [15, 19, 16, 18], [17, 3, 18, 2], [19, 5, 20, 4], [21, 7, 22, 6], [23, 10, 24, 11], [1, 17, 2, 16], [3, 1, 4, 24], [5, 21, 6, 20], [7, 15, 8, 14], [9, 13, 10, 12]]"
12a_0508_158,"[[9, 13, 10, 12], [11, 22, 12, 23], [13, 9, 14, 8], [15, 19, 16, 18], [17, 3, 18, 2], [19, 5, 20, 4], [21, 7, 22, 6], [23, 10, 24, 11], [1, 17, 2, 16], [3, 1, 4, 24], [5, 21, 6, 20], [7, 15, 8, 14]]"
12a_0508_159,"[[7, 15, 8, 14], [9, 13, 10, 12], [11, 22, 12, 23], [13, 9, 14, 8], [15, 19, 16, 18], [17, 3, 18, 2], [19, 5, 20, 4], [21, 7, 22, 6], [23, 10, 24, 11], [1, 17, 2, 16], [3, 1, 4, 24], [5, 21, 6, 20]]"
12a_0508_160,"[[5, 21, 6, 20], [7, 15, 8, 14], [9, 13, 10, 12], [11, 22, 12, 23], [13, 9, 14, 8], [15, 19, 16, 18], [17, 3, 18, 2], [19, 5, 20, 4], [21, 7, 22, 6], [23, 10, 24, 11], [1, 17, 2, 16], [3, 1, 4, 24]]"
12a_0508_161,"[[3, 1, 4, 24], [5, 21, 6, 20], [7, 15, 8, 14], [9, 13, 10, 12], [11, 22, 12, 23], [13, 9, 14, 8], [15, 19, 16, 18], [17, 3, 18, 2], [19, 5, 20, 4], [21, 7, 22, 6], [23, 10, 24, 11], [1, 17, 2, 16]]"
12a_0508_162,"[[1, 17, 2, 16], [3, 1, 4, 24], [5, 21, 6, 20], [7, 15, 8, 14], [9, 13, 10, 12], [11, 22, 12, 23], [13, 9, 14, 8], [15, 19, 16, 18], [17, 3, 18, 2], [19, 5, 20, 4], [21, 7, 22, 6], [23, 10, 24, 11]]"
12a_0508_163,"[[23, 10, 24, 11], [1, 17, 2, 16], [3, 1, 4, 24], [5, 21, 6, 20], [7, 15, 8, 14], [9, 13, 10, 12], [11, 22, 12, 23], [13, 9, 14, 8], [15, 19, 16, 18], [17, 3, 18, 2], [19, 5, 20, 4], [21, 7, 22, 6]]"
12a_0508_164,"[[21, 7, 22, 6], [23, 10, 24, 11], [1, 17, 2, 16], [3, 1, 4, 24], [5, 21, 6, 20], [7, 15, 8, 14], [9, 13, 10, 12], [11, 22, 12, 23], [13, 9, 14, 8], [15, 19, 16, 18], [17, 3, 18, 2], [19, 5, 20, 4]]"
12a_0508_165,"[[19, 5, 20, 4], [21, 7, 22, 6], [23, 10, 24, 11], [1, 17, 2, 16], [3, 1, 4, 24], [5, 21, 6, 20], [7, 15, 8, 14], [9, 13, 10, 12], [11, 22, 12, 23], [13, 9, 14, 8], [15, 19, 16, 18], [17, 3, 18, 2]]"
12a_0508_166,"[[17, 3, 18, 2], [19, 5, 20, 4], [21, 7, 22, 6], [23, 10, 24, 11], [1, 17, 2, 16], [3, 1, 4, 24], [5, 21, 6, 20], [7, 15, 8, 14], [9, 13, 10, 12], [11, 22, 12, 23], [13, 9, 14, 8], [15, 19, 16, 18]]"
12a_0508_167,"[[15, 19, 16, 18], [17, 3, 18, 2], [19, 5, 20, 4], [21, 7, 22, 6], [23, 10, 24, 11], [1, 17, 2, 16], [3, 1, 4, 24], [5, 21, 6, 20], [7, 15, 8, 14], [9, 13, 10, 12], [11, 22, 12, 23], [13, 9, 14, 8]]"
12a_0508_168,"[[14, 10, 15, 9], [16, 20, 17, 19], [18, 4, 19, 3], [20, 6, 21, 5], [22, 8, 23, 7], [24, 11, 1, 12], [2, 18, 3, 17], [4, 2, 5, 1], [6, 22, 7, 21], [8, 16, 9, 15], [10, 14, 11, 13], [12, 23, 13, 24]]"
12a_0508_169,"[[12, 23, 13, 24], [14, 10, 15, 9], [16, 20, 17, 19], [18, 4, 19, 3], [20, 6, 21, 5], [22, 8, 23, 7], [24, 11, 1, 12], [2, 18, 3, 17], [4, 2, 5, 1], [6, 22, 7, 21], [8, 16, 9, 15], [10, 14, 11, 13]]"
12a_0508_170,"[[10, 14, 11, 13], [12, 23, 13, 24], [14, 10, 15, 9], [16, 20, 17, 19], [18, 4, 19, 3], [20, 6, 21, 5], [22, 8, 23, 7], [24, 11, 1, 12], [2, 18, 3, 17], [4, 2, 5, 1], [6, 22, 7, 21], [8, 16, 9, 15]]"
12a_0508_171,"[[8, 16, 9, 15], [10, 14, 11, 13], [12, 23, 13, 24], [14, 10, 15, 9], [16, 20, 17, 19], [18, 4, 19, 3], [20, 6, 21, 5], [22, 8, 23, 7], [24, 11, 1, 12], [2, 18, 3, 17], [4, 2, 5, 1], [6, 22, 7, 21]]"
12a_0508_172,"[[6, 22, 7, 21], [8, 16, 9, 15], [10, 14, 11, 13], [12, 23, 13, 24], [14, 10, 15, 9], [16, 20, 17, 19], [18, 4, 19, 3], [20, 6, 21, 5], [22, 8, 23, 7], [24, 11, 1, 12], [2, 18, 3, 17], [4, 2, 5, 1]]"
12a_0508_173,"[[4, 2, 5, 1], [6, 22, 7, 21], [8, 16, 9, 15], [10, 14, 11, 13], [12, 23, 13, 24], [14, 10, 15, 9], [16, 20, 17, 19], [18, 4, 19, 3], [20, 6, 21, 5], [22, 8, 23, 7], [24, 11, 1, 12], [2, 18, 3, 17]]"
12a_0508_174,"[[2, 18, 3, 17], [4, 2, 5, 1], [6, 22, 7, 21], [8, 16, 9, 15], [10, 14, 11, 13], [12, 23, 13, 24], [14, 10, 15, 9], [16, 20, 17, 19], [18, 4, 19, 3], [20, 6, 21, 5], [22, 8, 23, 7], [24, 11, 1, 12]]"
12a_0508_175,"[[24, 11, 1, 12], [2, 18, 3, 17], [4, 2, 5, 1], [6, 22, 7, 21], [8, 16, 9, 15], [10, 14, 11, 13], [12, 23, 13, 24], [14, 10, 15, 9], [16, 20, 17, 19], [18, 4, 19, 3], [20, 6, 21, 5], [22, 8, 23, 7]]"
12a_0508_176,"[[22, 8, 23, 7], [24, 11, 1, 12], [2, 18, 3, 17], [4, 2, 5, 1], [6, 22, 7, 21], [8, 16, 9, 15], [10, 14, 11, 13], [12, 23, 13, 24], [14, 10, 15, 9], [16, 20, 17, 19], [18, 4, 19, 3], [20, 6, 21, 5]]"
12a_0508_177,"[[20, 6, 21, 5], [22, 8, 23, 7], [24, 11, 1, 12], [2, 18, 3, 17], [4, 2, 5, 1], [6, 22, 7, 21], [8, 16, 9, 15], [10, 14, 11, 13], [12, 23, 13, 24], [14, 10, 15, 9], [16, 20, 17, 19], [18, 4, 19, 3]]"
12a_0508_178,"[[18, 4, 19, 3], [20, 6, 21, 5], [22, 8, 23, 7], [24, 11, 1, 12], [2, 18, 3, 17], [4, 2, 5, 1], [6, 22, 7, 21], [8, 16, 9, 15], [10, 14, 11, 13], [12, 23, 13, 24], [14, 10, 15, 9], [16, 20, 17, 19]]"
12a_0508_179,"[[16, 20, 17, 19], [18, 4, 19, 3], [20, 6, 21, 5], [22, 8, 23, 7], [24, 11, 1, 12], [2, 18, 3, 17], [4, 2, 5, 1], [6, 22, 7, 21], [8, 16, 9, 15], [10, 14, 11, 13], [12, 23, 13, 24], [14, 10, 15, 9]]"
12a_0508_180,"[[15, 11, 16, 10], [17, 21, 18, 20], [19, 5, 20, 4], [21, 7, 22, 6], [23, 9, 24, 8], [1, 12, 2, 13], [3, 19, 4, 18], [5, 3, 6, 2], [7, 23, 8, 22], [9, 17, 10, 16], [11, 15, 12, 14], [13, 24, 14, 1]]"
12a_0508_181,"[[13, 24, 14, 1], [15, 11, 16, 10], [17, 21, 18, 20], [19, 5, 20, 4], [21, 7, 22, 6], [23, 9, 24, 8], [1, 12, 2, 13], [3, 19, 4, 18], [5, 3, 6, 2], [7, 23, 8, 22], [9, 17, 10, 16], [11, 15, 12, 14]]"
12a_0508_182,"[[11, 15, 12, 14], [13, 24, 14, 1], [15, 11, 16, 10], [17, 21, 18, 20], [19, 5, 20, 4], [21, 7, 22, 6], [23, 9, 24, 8], [1, 12, 2, 13], [3, 19, 4, 18], [5, 3, 6, 2], [7, 23, 8, 22], [9, 17, 10, 16]]"
12a_0508_183,"[[9, 17, 10, 16], [11, 15, 12, 14], [13, 24, 14, 1], [15, 11, 16, 10], [17, 21, 18, 20], [19, 5, 20, 4], [21, 7, 22, 6], [23, 9, 24, 8], [1, 12, 2, 13], [3, 19, 4, 18], [5, 3, 6, 2], [7, 23, 8, 22]]"
12a_0508_184,"[[7, 23, 8, 22], [9, 17, 10, 16], [11, 15, 12, 14], [13, 24, 14, 1], [15, 11, 16, 10], [17, 21, 18, 20], [19, 5, 20, 4], [21, 7, 22, 6], [23, 9, 24, 8], [1, 12, 2, 13], [3, 19, 4, 18], [5, 3, 6, 2]]"
12a_0508_185,"[[5, 3, 6, 2], [7, 23, 8, 22], [9, 17, 10, 16], [11, 15, 12, 14], [13, 24, 14, 1], [15, 11, 16, 10], [17, 21, 18, 20], [19, 5, 20, 4], [21, 7, 22, 6], [23, 9, 24, 8], [1, 12, 2, 13], [3, 19, 4, 18]]"
