name,pd_notation
12a_0821_0,"[[24, 15, 1, 16], [2, 8, 3, 7], [4, 9, 5, 10], [6, 14, 7, 13], [8, 17, 9, 18], [10, 22, 11, 21], [12, 20, 13, 19], [14, 1, 15, 2], [16, 23, 17, 24], [18, 4, 19, 3], [20, 12, 21, 11], [22, 5, 23, 6]]"
12a_0821_1,"[[22, 5, 23, 6], [24, 15, 1, 16], [2, 8, 3, 7], [4, 9, 5, 10], [6, 14, 7, 13], [8, 17, 9, 18], [10, 22, 11, 21], [12, 20, 13, 19], [14, 1, 15, 2], [16, 23, 17, 24], [18, 4, 19, 3], [20, 12, 21, 11]]"
12a_0821_2,"[[20, 12, 21, 11], [22, 5, 23, 6], [24, 15, 1, 16], [2, 8, 3, 7], [4, 9, 5, 10], [6, 14, 7, 13], [8, 17, 9, 18], [10, 22, 11, 21], [12, 20, 13, 19], [14, 1, 15, 2], [16, 23, 17, 24], [18, 4, 19, 3]]"
12a_0821_3,"[[18, 4, 19, 3], [20, 12, 21, 11], [22, 5, 23, 6], [24, 15, 1, 16], [2, 8, 3, 7], [4, 9, 5, 10], [6, 14, 7, 13], [8, 17, 9, 18], [10, 22, 11, 21], [12, 20, 13, 19], [14, 1, 15, 2], [16, 23, 17, 24]]"
12a_0821_4,"[[16, 23, 17, 24], [18, 4, 19, 3], [20, 12, 21, 11], [22, 5, 23, 6], [24, 15, 1, 16], [2, 8, 3, 7], [4, 9, 5, 10], [6, 14, 7, 13], [8, 17, 9, 18], [10, 22, 11, 21], [12, 20, 13, 19], [14, 1, 15, 2]]"
12a_0821_5,"[[14, 1, 15, 2], [16, 23, 17, 24], [18, 4, 19, 3], [20, 12, 21, 11], [22, 5, 23, 6], [24, 15, 1, 16], [2, 8, 3, 7], [4, 9, 5, 10], [6, 14, 7, 13], [8, 17, 9, 18], [10, 22, 11, 21], [12, 20, 13, 19]]"
12a_0821_6,"[[12, 20, 13, 19], [14, 1, 15, 2], [16, 23, 17, 24], [18, 4, 19, 3], [20, 12, 21, 11], [22, 5, 23, 6], [24, 15, 1, 16], [2, 8, 3, 7], [4, 9, 5, 10], [6, 14, 7, 13], [8, 17, 9, 18], [10, 22, 11, 21]]"
12a_0821_7,"[[10, 22, 11, 21], [12, 20, 13, 19], [14, 1, 15, 2], [16, 23, 17, 24], [18, 4, 19, 3], [20, 12, 21, 11], [22, 5, 23, 6], [24, 15, 1, 16], [2, 8, 3, 7], [4, 9, 5, 10], [6, 14, 7, 13], [8, 17, 9, 18]]"
12a_0821_8,"[[8, 17, 9, 18], [10, 22, 11, 21], [12, 20, 13, 19], [14, 1, 15, 2], [16, 23, 17, 24], [18, 4, 19, 3], [20, 12, 21, 11], [22, 5, 23, 6], [24, 15, 1, 16], [2, 8, 3, 7], [4, 9, 5, 10], [6, 14, 7, 13]]"
12a_0821_9,"[[6, 14, 7, 13], [8, 17, 9, 18], [10, 22, 11, 21], [12, 20, 13, 19], [14, 1, 15, 2], [16, 23, 17, 24], [18, 4, 19, 3], [20, 12, 21, 11], [22, 5, 23, 6], [24, 15, 1, 16], [2, 8, 3, 7], [4, 9, 5, 10]]"
12a_0821_10,"[[4, 9, 5, 10], [6, 14, 7, 13], [8, 17, 9, 18], [10, 22, 11, 21], [12, 20, 13, 19], [14, 1, 15, 2], [16, 23, 17, 24], [18, 4, 19, 3], [20, 12, 21, 11], [22, 5, 23, 6], [24, 15, 1, 16], [2, 8, 3, 7]]"
12a_0821_11,"[[2, 8, 3, 7], [4, 9, 5, 10], [6, 14, 7, 13], [8, 17, 9, 18], [10, 22, 11, 21], [12, 20, 13, 19], [14, 1, 15, 2], [16, 23, 17, 24], [18, 4, 19, 3], [20, 12, 21, 11], [22, 5, 23, 6], [24, 15, 1, 16]]"
12a_0821_12,"[[1, 16, 2, 17], [3, 9, 4, 8], [5, 10, 6, 11], [7, 15, 8, 14], [9, 18, 10, 19], [11, 23, 12, 22], [13, 21, 14, 20], [15, 2, 16, 3], [17, 24, 18, 1], [19, 5, 20, 4], [21, 13, 22, 12], [23, 6, 24, 7]]"
12a_0821_13,"[[23, 6, 24, 7], [1, 16, 2, 17], [3, 9, 4, 8], [5, 10, 6, 11], [7, 15, 8, 14], [9, 18, 10, 19], [11, 23, 12, 22], [13, 21, 14, 20], [15, 2, 16, 3], [17, 24, 18, 1], [19, 5, 20, 4], [21, 13, 22, 12]]"
12a_0821_14,"[[21, 13, 22, 12], [23, 6, 24, 7], [1, 16, 2, 17], [3, 9, 4, 8], [5, 10, 6, 11], [7, 15, 8, 14], [9, 18, 10, 19], [11, 23, 12, 22], [13, 21, 14, 20], [15, 2, 16, 3], [17, 24, 18, 1], [19, 5, 20, 4]]"
12a_0821_15,"[[19, 5, 20, 4], [21, 13, 22, 12], [23, 6, 24, 7], [1, 16, 2, 17], [3, 9, 4, 8], [5, 10, 6, 11], [7, 15, 8, 14], [9, 18, 10, 19], [11, 23, 12, 22], [13, 21, 14, 20], [15, 2, 16, 3], [17, 24, 18, 1]]"
12a_0821_16,"[[17, 24, 18, 1], [19, 5, 20, 4], [21, 13, 22, 12], [23, 6, 24, 7], [1, 16, 2, 17], [3, 9, 4, 8], [5, 10, 6, 11], [7, 15, 8, 14], [9, 18, 10, 19], [11, 23, 12, 22], [13, 21, 14, 20], [15, 2, 16, 3]]"
12a_0821_17,"[[15, 2, 16, 3], [17, 24, 18, 1], [19, 5, 20, 4], [21, 13, 22, 12], [23, 6, 24, 7], [1, 16, 2, 17], [3, 9, 4, 8], [5, 10, 6, 11], [7, 15, 8, 14], [9, 18, 10, 19], [11, 23, 12, 22], [13, 21, 14, 20]]"
12a_0821_18,"[[13, 21, 14, 20], [15, 2, 16, 3], [17, 24, 18, 1], [19, 5, 20, 4], [21, 13, 22, 12], [23, 6, 24, 7], [1, 16, 2, 17], [3, 9, 4, 8], [5, 10, 6, 11], [7, 15, 8, 14], [9, 18, 10, 19], [11, 23, 12, 22]]"
12a_0821_19,"[[11, 23, 12, 22], [13, 21, 14, 20], [15, 2, 16, 3], [17, 24, 18, 1], [19, 5, 20, 4], [21, 13, 22, 12], [23, 6, 24, 7], [1, 16, 2, 17], [3, 9, 4, 8], [5, 10, 6, 11], [7, 15, 8, 14], [9, 18, 10, 19]]"
12a_0821_20,"[[9, 18, 10, 19], [11, 23, 12, 22], [13, 21, 14, 20], [15, 2, 16, 3], [17, 24, 18, 1], [19, 5, 20, 4], [21, 13, 22, 12], [23, 6, 24, 7], [1, 16, 2, 17], [3, 9, 4, 8], [5, 10, 6, 11], [7, 15, 8, 14]]"
12a_0821_21,"[[7, 15, 8, 14], [9, 18, 10, 19], [11, 23, 12, 22], [13, 21, 14, 20], [15, 2, 16, 3], [17, 24, 18, 1], [19, 5, 20, 4], [21, 13, 22, 12], [23, 6, 24, 7], [1, 16, 2, 17], [3, 9, 4, 8], [5, 10, 6, 11]]"
12a_0821_22,"[[5, 10, 6, 11], [7, 15, 8, 14], [9, 18, 10, 19], [11, 23, 12, 22], [13, 21, 14, 20], [15, 2, 16, 3], [17, 24, 18, 1], [19, 5, 20, 4], [21, 13, 22, 12], [23, 6, 24, 7], [1, 16, 2, 17], [3, 9, 4, 8]]"
12a_0821_23,"[[3, 9, 4, 8], [5, 10, 6, 11], [7, 15, 8, 14], [9, 18, 10, 19], [11, 23, 12, 22], [13, 21, 14, 20], [15, 2, 16, 3], [17, 24, 18, 1], [19, 5, 20, 4], [21, 13, 22, 12], [23, 6, 24, 7], [1, 16, 2, 17]]"
12a_0821_24,"[[2, 17, 3, 18], [4, 10, 5, 9], [6, 11, 7, 12], [8, 16, 9, 15], [10, 19, 11, 20], [12, 24, 13, 23], [14, 22, 15, 21], [16, 3, 17, 4], [18, 1, 19, 2], [20, 6, 21, 5], [22, 14, 23, 13], [24, 7, 1, 8]]"
12a_0821_25,"[[24, 7, 1, 8], [2, 17, 3, 18], [4, 10, 5, 9], [6, 11, 7, 12], [8, 16, 9, 15], [10, 19, 11, 20], [12, 24, 13, 23], [14, 22, 15, 21], [16, 3, 17, 4], [18, 1, 19, 2], [20, 6, 21, 5], [22, 14, 23, 13]]"
12a_0821_26,"[[22, 14, 23, 13], [24, 7, 1, 8], [2, 17, 3, 18], [4, 10, 5, 9], [6, 11, 7, 12], [8, 16, 9, 15], [10, 19, 11, 20], [12, 24, 13, 23], [14, 22, 15, 21], [16, 3, 17, 4], [18, 1, 19, 2], [20, 6, 21, 5]]"
12a_0821_27,"[[20, 6, 21, 5], [22, 14, 23, 13], [24, 7, 1, 8], [2, 17, 3, 18], [4, 10, 5, 9], [6, 11, 7, 12], [8, 16, 9, 15], [10, 19, 11, 20], [12, 24, 13, 23], [14, 22, 15, 21], [16, 3, 17, 4], [18, 1, 19, 2]]"
12a_0821_28,"[[18, 1, 19, 2], [20, 6, 21, 5], [22, 14, 23, 13], [24, 7, 1, 8], [2, 17, 3, 18], [4, 10, 5, 9], [6, 11, 7, 12], [8, 16, 9, 15], [10, 19, 11, 20], [12, 24, 13, 23], [14, 22, 15, 21], [16, 3, 17, 4]]"
12a_0821_29,"[[16, 3, 17, 4], [18, 1, 19, 2], [20, 6, 21, 5], [22, 14, 23, 13], [24, 7, 1, 8], [2, 17, 3, 18], [4, 10, 5, 9], [6, 11, 7, 12], [8, 16, 9, 15], [10, 19, 11, 20], [12, 24, 13, 23], [14, 22, 15, 21]]"
12a_0821_30,"[[14, 22, 15, 21], [16, 3, 17, 4], [18, 1, 19, 2], [20, 6, 21, 5], [22, 14, 23, 13], [24, 7, 1, 8], [2, 17, 3, 18], [4, 10, 5, 9], [6, 11, 7, 12], [8, 16, 9, 15], [10, 19, 11, 20], [12, 24, 13, 23]]"
12a_0821_31,"[[12, 24, 13, 23], [14, 22, 15, 21], [16, 3, 17, 4], [18, 1, 19, 2], [20, 6, 21, 5], [22, 14, 23, 13], [24, 7, 1, 8], [2, 17, 3, 18], [4, 10, 5, 9], [6, 11, 7, 12], [8, 16, 9, 15], [10, 19, 11, 20]]"
12a_0821_32,"[[10, 19, 11, 20], [12, 24, 13, 23], [14, 22, 15, 21], [16, 3, 17, 4], [18, 1, 19, 2], [20, 6, 21, 5], [22, 14, 23, 13], [24, 7, 1, 8], [2, 17, 3, 18], [4, 10, 5, 9], [6, 11, 7, 12], [8, 16, 9, 15]]"
12a_0821_33,"[[8, 16, 9, 15], [10, 19, 11, 20], [12, 24, 13, 23], [14, 22, 15, 21], [16, 3, 17, 4], [18, 1, 19, 2], [20, 6, 21, 5], [22, 14, 23, 13], [24, 7, 1, 8], [2, 17, 3, 18], [4, 10, 5, 9], [6, 11, 7, 12]]"
12a_0821_34,"[[6, 11, 7, 12], [8, 16, 9, 15], [10, 19, 11, 20], [12, 24, 13, 23], [14, 22, 15, 21], [16, 3, 17, 4], [18, 1, 19, 2], [20, 6, 21, 5], [22, 14, 23, 13], [24, 7, 1, 8], [2, 17, 3, 18], [4, 10, 5, 9]]"
12a_0821_35,"[[4, 10, 5, 9], [6, 11, 7, 12], [8, 16, 9, 15], [10, 19, 11, 20], [12, 24, 13, 23], [14, 22, 15, 21], [16, 3, 17, 4], [18, 1, 19, 2], [20, 6, 21, 5], [22, 14, 23, 13], [24, 7, 1, 8], [2, 17, 3, 18]]"
12a_0821_36,"[[3, 18, 4, 19], [5, 11, 6, 10], [7, 12, 8, 13], [9, 17, 10, 16], [11, 20, 12, 21], [13, 1, 14, 24], [15, 23, 16, 22], [17, 4, 18, 5], [19, 2, 20, 3], [21, 7, 22, 6], [23, 15, 24, 14], [1, 8, 2, 9]]"
12a_0821_37,"[[1, 8, 2, 9], [3, 18, 4, 19], [5, 11, 6, 10], [7, 12, 8, 13], [9, 17, 10, 16], [11, 20, 12, 21], [13, 1, 14, 24], [15, 23, 16, 22], [17, 4, 18, 5], [19, 2, 20, 3], [21, 7, 22, 6], [23, 15, 24, 14]]"
12a_0821_38,"[[23, 15, 24, 14], [1, 8, 2, 9], [3, 18, 4, 19], [5, 11, 6, 10], [7, 12, 8, 13], [9, 17, 10, 16], [11, 20, 12, 21], [13, 1, 14, 24], [15, 23, 16, 22], [17, 4, 18, 5], [19, 2, 20, 3], [21, 7, 22, 6]]"
12a_0821_39,"[[21, 7, 22, 6], [23, 15, 24, 14], [1, 8, 2, 9], [3, 18, 4, 19], [5, 11, 6, 10], [7, 12, 8, 13], [9, 17, 10, 16], [11, 20, 12, 21], [13, 1, 14, 24], [15, 23, 16, 22], [17, 4, 18, 5], [19, 2, 20, 3]]"
12a_0821_40,"[[19, 2, 20, 3], [21, 7, 22, 6], [23, 15, 24, 14], [1, 8, 2, 9], [3, 18, 4, 19], [5, 11, 6, 10], [7, 12, 8, 13], [9, 17, 10, 16], [11, 20, 12, 21], [13, 1, 14, 24], [15, 23, 16, 22], [17, 4, 18, 5]]"
12a_0821_41,"[[17, 4, 18, 5], [19, 2, 20, 3], [21, 7, 22, 6], [23, 15, 24, 14], [1, 8, 2, 9], [3, 18, 4, 19], [5, 11, 6, 10], [7, 12, 8, 13], [9, 17, 10, 16], [11, 20, 12, 21], [13, 1, 14, 24], [15, 23, 16, 22]]"
12a_0821_42,"[[15, 23, 16, 22], [17, 4, 18, 5], [19, 2, 20, 3], [21, 7, 22, 6], [23, 15, 24, 14], [1, 8, 2, 9], [3, 18, 4, 19], [5, 11, 6, 10], [7, 12, 8, 13], [9, 17, 10, 16], [11, 20, 12, 21], [13, 1, 14, 24]]"
12a_0821_43,"[[13, 1, 14, 24], [15, 23, 16, 22], [17, 4, 18, 5], [19, 2, 20, 3], [21, 7, 22, 6], [23, 15, 24, 14], [1, 8, 2, 9], [3, 18, 4, 19], [5, 11, 6, 10], [7, 12, 8, 13], [9, 17, 10, 16], [11, 20, 12, 21]]"
12a_0821_44,"[[11, 20, 12, 21], [13, 1, 14, 24], [15, 23, 16, 22], [17, 4, 18, 5], [19, 2, 20, 3], [21, 7, 22, 6], [23, 15, 24, 14], [1, 8, 2, 9], [3, 18, 4, 19], [5, 11, 6, 10], [7, 12, 8, 13], [9, 17, 10, 16]]"
12a_0821_45,"[[9, 17, 10, 16], [11, 20, 12, 21], [13, 1, 14, 24], [15, 23, 16, 22], [17, 4, 18, 5], [19, 2, 20, 3], [21, 7, 22, 6], [23, 15, 24, 14], [1, 8, 2, 9], [3, 18, 4, 19], [5, 11, 6, 10], [7, 12, 8, 13]]"
12a_0821_46,"[[7, 12, 8, 13], [9, 17, 10, 16], [11, 20, 12, 21], [13, 1, 14, 24], [15, 23, 16, 22], [17, 4, 18, 5], [19, 2, 20, 3], [21, 7, 22, 6], [23, 15, 24, 14], [1, 8, 2, 9], [3, 18, 4, 19], [5, 11, 6, 10]]"
12a_0821_47,"[[5, 11, 6, 10], [7, 12, 8, 13], [9, 17, 10, 16], [11, 20, 12, 21], [13, 1, 14, 24], [15, 23, 16, 22], [17, 4, 18, 5], [19, 2, 20, 3], [21, 7, 22, 6], [23, 15, 24, 14], [1, 8, 2, 9], [3, 18, 4, 19]]"
12a_0821_48,"[[4, 19, 5, 20], [6, 12, 7, 11], [8, 13, 9, 14], [10, 18, 11, 17], [12, 21, 13, 22], [14, 2, 15, 1], [16, 24, 17, 23], [18, 5, 19, 6], [20, 3, 21, 4], [22, 8, 23, 7], [24, 16, 1, 15], [2, 9, 3, 10]]"
12a_0821_49,"[[2, 9, 3, 10], [4, 19, 5, 20], [6, 12, 7, 11], [8, 13, 9, 14], [10, 18, 11, 17], [12, 21, 13, 22], [14, 2, 15, 1], [16, 24, 17, 23], [18, 5, 19, 6], [20, 3, 21, 4], [22, 8, 23, 7], [24, 16, 1, 15]]"
12a_0821_50,"[[24, 16, 1, 15], [2, 9, 3, 10], [4, 19, 5, 20], [6, 12, 7, 11], [8, 13, 9, 14], [10, 18, 11, 17], [12, 21, 13, 22], [14, 2, 15, 1], [16, 24, 17, 23], [18, 5, 19, 6], [20, 3, 21, 4], [22, 8, 23, 7]]"
12a_0821_51,"[[22, 8, 23, 7], [24, 16, 1, 15], [2, 9, 3, 10], [4, 19, 5, 20], [6, 12, 7, 11], [8, 13, 9, 14], [10, 18, 11, 17], [12, 21, 13, 22], [14, 2, 15, 1], [16, 24, 17, 23], [18, 5, 19, 6], [20, 3, 21, 4]]"
12a_0821_52,"[[20, 3, 21, 4], [22, 8, 23, 7], [24, 16, 1, 15], [2, 9, 3, 10], [4, 19, 5, 20], [6, 12, 7, 11], [8, 13, 9, 14], [10, 18, 11, 17], [12, 21, 13, 22], [14, 2, 15, 1], [16, 24, 17, 23], [18, 5, 19, 6]]"
12a_0821_53,"[[18, 5, 19, 6], [20, 3, 21, 4], [22, 8, 23, 7], [24, 16, 1, 15], [2, 9, 3, 10], [4, 19, 5, 20], [6, 12, 7, 11], [8, 13, 9, 14], [10, 18, 11, 17], [12, 21, 13, 22], [14, 2, 15, 1], [16, 24, 17, 23]]"
12a_0821_54,"[[16, 24, 17, 23], [18, 5, 19, 6], [20, 3, 21, 4], [22, 8, 23, 7], [24, 16, 1, 15], [2, 9, 3, 10], [4, 19, 5, 20], [6, 12, 7, 11], [8, 13, 9, 14], [10, 18, 11, 17], [12, 21, 13, 22], [14, 2, 15, 1]]"
12a_0821_55,"[[14, 2, 15, 1], [16, 24, 17, 23], [18, 5, 19, 6], [20, 3, 21, 4], [22, 8, 23, 7], [24, 16, 1, 15], [2, 9, 3, 10], [4, 19, 5, 20], [6, 12, 7, 11], [8, 13, 9, 14], [10, 18, 11, 17], [12, 21, 13, 22]]"
12a_0821_56,"[[12, 21, 13, 22], [14, 2, 15, 1], [16, 24, 17, 23], [18, 5, 19, 6], [20, 3, 21, 4], [22, 8, 23, 7], [24, 16, 1, 15], [2, 9, 3, 10], [4, 19, 5, 20], [6, 12, 7, 11], [8, 13, 9, 14], [10, 18, 11, 17]]"
12a_0821_57,"[[10, 18, 11, 17], [12, 21, 13, 22], [14, 2, 15, 1], [16, 24, 17, 23], [18, 5, 19, 6], [20, 3, 21, 4], [22, 8, 23, 7], [24, 16, 1, 15], [2, 9, 3, 10], [4, 19, 5, 20], [6, 12, 7, 11], [8, 13, 9, 14]]"
12a_0821_58,"[[8, 13, 9, 14], [10, 18, 11, 17], [12, 21, 13, 22], [14, 2, 15, 1], [16, 24, 17, 23], [18, 5, 19, 6], [20, 3, 21, 4], [22, 8, 23, 7], [24, 16, 1, 15], [2, 9, 3, 10], [4, 19, 5, 20], [6, 12, 7, 11]]"
12a_0821_59,"[[6, 12, 7, 11], [8, 13, 9, 14], [10, 18, 11, 17], [12, 21, 13, 22], [14, 2, 15, 1], [16, 24, 17, 23], [18, 5, 19, 6], [20, 3, 21, 4], [22, 8, 23, 7], [24, 16, 1, 15], [2, 9, 3, 10], [4, 19, 5, 20]]"
12a_0821_60,"[[5, 20, 6, 21], [7, 13, 8, 12], [9, 14, 10, 15], [11, 19, 12, 18], [13, 22, 14, 23], [15, 3, 16, 2], [17, 1, 18, 24], [19, 6, 20, 7], [21, 4, 22, 5], [23, 9, 24, 8], [1, 17, 2, 16], [3, 10, 4, 11]]"
12a_0821_61,"[[3, 10, 4, 11], [5, 20, 6, 21], [7, 13, 8, 12], [9, 14, 10, 15], [11, 19, 12, 18], [13, 22, 14, 23], [15, 3, 16, 2], [17, 1, 18, 24], [19, 6, 20, 7], [21, 4, 22, 5], [23, 9, 24, 8], [1, 17, 2, 16]]"
12a_0821_62,"[[1, 17, 2, 16], [3, 10, 4, 11], [5, 20, 6, 21], [7, 13, 8, 12], [9, 14, 10, 15], [11, 19, 12, 18], [13, 22, 14, 23], [15, 3, 16, 2], [17, 1, 18, 24], [19, 6, 20, 7], [21, 4, 22, 5], [23, 9, 24, 8]]"
12a_0821_63,"[[23, 9, 24, 8], [1, 17, 2, 16], [3, 10, 4, 11], [5, 20, 6, 21], [7, 13, 8, 12], [9, 14, 10, 15], [11, 19, 12, 18], [13, 22, 14, 23], [15, 3, 16, 2], [17, 1, 18, 24], [19, 6, 20, 7], [21, 4, 22, 5]]"
12a_0821_64,"[[21, 4, 22, 5], [23, 9, 24, 8], [1, 17, 2, 16], [3, 10, 4, 11], [5, 20, 6, 21], [7, 13, 8, 12], [9, 14, 10, 15], [11, 19, 12, 18], [13, 22, 14, 23], [15, 3, 16, 2], [17, 1, 18, 24], [19, 6, 20, 7]]"
12a_0821_65,"[[19, 6, 20, 7], [21, 4, 22, 5], [23, 9, 24, 8], [1, 17, 2, 16], [3, 10, 4, 11], [5, 20, 6, 21], [7, 13, 8, 12], [9, 14, 10, 15], [11, 19, 12, 18], [13, 22, 14, 23], [15, 3, 16, 2], [17, 1, 18, 24]]"
12a_0821_66,"[[17, 1, 18, 24], [19, 6, 20, 7], [21, 4, 22, 5], [23, 9, 24, 8], [1, 17, 2, 16], [3, 10, 4, 11], [5, 20, 6, 21], [7, 13, 8, 12], [9, 14, 10, 15], [11, 19, 12, 18], [13, 22, 14, 23], [15, 3, 16, 2]]"
12a_0821_67,"[[15, 3, 16, 2], [17, 1, 18, 24], [19, 6, 20, 7], [21, 4, 22, 5], [23, 9, 24, 8], [1, 17, 2, 16], [3, 10, 4, 11], [5, 20, 6, 21], [7, 13, 8, 12], [9, 14, 10, 15], [11, 19, 12, 18], [13, 22, 14, 23]]"
12a_0821_68,"[[13, 22, 14, 23], [15, 3, 16, 2], [17, 1, 18, 24], [19, 6, 20, 7], [21, 4, 22, 5], [23, 9, 24, 8], [1, 17, 2, 16], [3, 10, 4, 11], [5, 20, 6, 21], [7, 13, 8, 12], [9, 14, 10, 15], [11, 19, 12, 18]]"
12a_0821_69,"[[11, 19, 12, 18], [13, 22, 14, 23], [15, 3, 16, 2], [17, 1, 18, 24], [19, 6, 20, 7], [21, 4, 22, 5], [23, 9, 24, 8], [1, 17, 2, 16], [3, 10, 4, 11], [5, 20, 6, 21], [7, 13, 8, 12], [9, 14, 10, 15]]"
12a_0821_70,"[[9, 14, 10, 15], [11, 19, 12, 18], [13, 22, 14, 23], [15, 3, 16, 2], [17, 1, 18, 24], [19, 6, 20, 7], [21, 4, 22, 5], [23, 9, 24, 8], [1, 17, 2, 16], [3, 10, 4, 11], [5, 20, 6, 21], [7, 13, 8, 12]]"
12a_0821_71,"[[7, 13, 8, 12], [9, 14, 10, 15], [11, 19, 12, 18], [13, 22, 14, 23], [15, 3, 16, 2], [17, 1, 18, 24], [19, 6, 20, 7], [21, 4, 22, 5], [23, 9, 24, 8], [1, 17, 2, 16], [3, 10, 4, 11], [5, 20, 6, 21]]"
12a_0821_72,"[[6, 21, 7, 22], [8, 14, 9, 13], [10, 15, 11, 16], [12, 20, 13, 19], [14, 23, 15, 24], [16, 4, 17, 3], [18, 2, 19, 1], [20, 7, 21, 8], [22, 5, 23, 6], [24, 10, 1, 9], [2, 18, 3, 17], [4, 11, 5, 12]]"
12a_0821_73,"[[4, 11, 5, 12], [6, 21, 7, 22], [8, 14, 9, 13], [10, 15, 11, 16], [12, 20, 13, 19], [14, 23, 15, 24], [16, 4, 17, 3], [18, 2, 19, 1], [20, 7, 21, 8], [22, 5, 23, 6], [24, 10, 1, 9], [2, 18, 3, 17]]"
12a_0821_74,"[[2, 18, 3, 17], [4, 11, 5, 12], [6, 21, 7, 22], [8, 14, 9, 13], [10, 15, 11, 16], [12, 20, 13, 19], [14, 23, 15, 24], [16, 4, 17, 3], [18, 2, 19, 1], [20, 7, 21, 8], [22, 5, 23, 6], [24, 10, 1, 9]]"
12a_0821_75,"[[24, 10, 1, 9], [2, 18, 3, 17], [4, 11, 5, 12], [6, 21, 7, 22], [8, 14, 9, 13], [10, 15, 11, 16], [12, 20, 13, 19], [14, 23, 15, 24], [16, 4, 17, 3], [18, 2, 19, 1], [20, 7, 21, 8], [22, 5, 23, 6]]"
12a_0821_76,"[[22, 5, 23, 6], [24, 10, 1, 9], [2, 18, 3, 17], [4, 11, 5, 12], [6, 21, 7, 22], [8, 14, 9, 13], [10, 15, 11, 16], [12, 20, 13, 19], [14, 23, 15, 24], [16, 4, 17, 3], [18, 2, 19, 1], [20, 7, 21, 8]]"
12a_0821_77,"[[20, 7, 21, 8], [22, 5, 23, 6], [24, 10, 1, 9], [2, 18, 3, 17], [4, 11, 5, 12], [6, 21, 7, 22], [8, 14, 9, 13], [10, 15, 11, 16], [12, 20, 13, 19], [14, 23, 15, 24], [16, 4, 17, 3], [18, 2, 19, 1]]"
12a_0821_78,"[[18, 2, 19, 1], [20, 7, 21, 8], [22, 5, 23, 6], [24, 10, 1, 9], [2, 18, 3, 17], [4, 11, 5, 12], [6, 21, 7, 22], [8, 14, 9, 13], [10, 15, 11, 16], [12, 20, 13, 19], [14, 23, 15, 24], [16, 4, 17, 3]]"
12a_0821_79,"[[16, 4, 17, 3], [18, 2, 19, 1], [20, 7, 21, 8], [22, 5, 23, 6], [24, 10, 1, 9], [2, 18, 3, 17], [4, 11, 5, 12], [6, 21, 7, 22], [8, 14, 9, 13], [10, 15, 11, 16], [12, 20, 13, 19], [14, 23, 15, 24]]"
12a_0821_80,"[[14, 23, 15, 24], [16, 4, 17, 3], [18, 2, 19, 1], [20, 7, 21, 8], [22, 5, 23, 6], [24, 10, 1, 9], [2, 18, 3, 17], [4, 11, 5, 12], [6, 21, 7, 22], [8, 14, 9, 13], [10, 15, 11, 16], [12, 20, 13, 19]]"
12a_0821_81,"[[12, 20, 13, 19], [14, 23, 15, 24], [16, 4, 17, 3], [18, 2, 19, 1], [20, 7, 21, 8], [22, 5, 23, 6], [24, 10, 1, 9], [2, 18, 3, 17], [4, 11, 5, 12], [6, 21, 7, 22], [8, 14, 9, 13], [10, 15, 11, 16]]"
12a_0821_82,"[[10, 15, 11, 16], [12, 20, 13, 19], [14, 23, 15, 24], [16, 4, 17, 3], [18, 2, 19, 1], [20, 7, 21, 8], [22, 5, 23, 6], [24, 10, 1, 9], [2, 18, 3, 17], [4, 11, 5, 12], [6, 21, 7, 22], [8, 14, 9, 13]]"
12a_0821_83,"[[8, 14, 9, 13], [10, 15, 11, 16], [12, 20, 13, 19], [14, 23, 15, 24], [16, 4, 17, 3], [18, 2, 19, 1], [20, 7, 21, 8], [22, 5, 23, 6], [24, 10, 1, 9], [2, 18, 3, 17], [4, 11, 5, 12], [6, 21, 7, 22]]"
12a_0821_84,"[[7, 22, 8, 23], [9, 15, 10, 14], [11, 16, 12, 17], [13, 21, 14, 20], [15, 24, 16, 1], [17, 5, 18, 4], [19, 3, 20, 2], [21, 8, 22, 9], [23, 6, 24, 7], [1, 11, 2, 10], [3, 19, 4, 18], [5, 12, 6, 13]]"
12a_0821_85,"[[5, 12, 6, 13], [7, 22, 8, 23], [9, 15, 10, 14], [11, 16, 12, 17], [13, 21, 14, 20], [15, 24, 16, 1], [17, 5, 18, 4], [19, 3, 20, 2], [21, 8, 22, 9], [23, 6, 24, 7], [1, 11, 2, 10], [3, 19, 4, 18]]"
12a_0821_86,"[[3, 19, 4, 18], [5, 12, 6, 13], [7, 22, 8, 23], [9, 15, 10, 14], [11, 16, 12, 17], [13, 21, 14, 20], [15, 24, 16, 1], [17, 5, 18, 4], [19, 3, 20, 2], [21, 8, 22, 9], [23, 6, 24, 7], [1, 11, 2, 10]]"
12a_0821_87,"[[1, 11, 2, 10], [3, 19, 4, 18], [5, 12, 6, 13], [7, 22, 8, 23], [9, 15, 10, 14], [11, 16, 12, 17], [13, 21, 14, 20], [15, 24, 16, 1], [17, 5, 18, 4], [19, 3, 20, 2], [21, 8, 22, 9], [23, 6, 24, 7]]"
12a_0821_88,"[[23, 6, 24, 7], [1, 11, 2, 10], [3, 19, 4, 18], [5, 12, 6, 13], [7, 22, 8, 23], [9, 15, 10, 14], [11, 16, 12, 17], [13, 21, 14, 20], [15, 24, 16, 1], [17, 5, 18, 4], [19, 3, 20, 2], [21, 8, 22, 9]]"
12a_0821_89,"[[21, 8, 22, 9], [23, 6, 24, 7], [1, 11, 2, 10], [3, 19, 4, 18], [5, 12, 6, 13], [7, 22, 8, 23], [9, 15, 10, 14], [11, 16, 12, 17], [13, 21, 14, 20], [15, 24, 16, 1], [17, 5, 18, 4], [19, 3, 20, 2]]"
12a_0821_90,"[[19, 3, 20, 2], [21, 8, 22, 9], [23, 6, 24, 7], [1, 11, 2, 10], [3, 19, 4, 18], [5, 12, 6, 13], [7, 22, 8, 23], [9, 15, 10, 14], [11, 16, 12, 17], [13, 21, 14, 20], [15, 24, 16, 1], [17, 5, 18, 4]]"
12a_0821_91,"[[17, 5, 18, 4], [19, 3, 20, 2], [21, 8, 22, 9], [23, 6, 24, 7], [1, 11, 2, 10], [3, 19, 4, 18], [5, 12, 6, 13], [7, 22, 8, 23], [9, 15, 10, 14], [11, 16, 12, 17], [13, 21, 14, 20], [15, 24, 16, 1]]"
12a_0821_92,"[[15, 24, 16, 1], [17, 5, 18, 4], [19, 3, 20, 2], [21, 8, 22, 9], [23, 6, 24, 7], [1, 11, 2, 10], [3, 19, 4, 18], [5, 12, 6, 13], [7, 22, 8, 23], [9, 15, 10, 14], [11, 16, 12, 17], [13, 21, 14, 20]]"
12a_0821_93,"[[13, 21, 14, 20], [15, 24, 16, 1], [17, 5, 18, 4], [19, 3, 20, 2], [21, 8, 22, 9], [23, 6, 24, 7], [1, 11, 2, 10], [3, 19, 4, 18], [5, 12, 6, 13], [7, 22, 8, 23], [9, 15, 10, 14], [11, 16, 12, 17]]"
12a_0821_94,"[[11, 16, 12, 17], [13, 21, 14, 20], [15, 24, 16, 1], [17, 5, 18, 4], [19, 3, 20, 2], [21, 8, 22, 9], [23, 6, 24, 7], [1, 11, 2, 10], [3, 19, 4, 18], [5, 12, 6, 13], [7, 22, 8, 23], [9, 15, 10, 14]]"
12a_0821_95,"[[9, 15, 10, 14], [11, 16, 12, 17], [13, 21, 14, 20], [15, 24, 16, 1], [17, 5, 18, 4], [19, 3, 20, 2], [21, 8, 22, 9], [23, 6, 24, 7], [1, 11, 2, 10], [3, 19, 4, 18], [5, 12, 6, 13], [7, 22, 8, 23]]"
12a_0821_96,"[[8, 23, 9, 24], [10, 16, 11, 15], [12, 17, 13, 18], [14, 22, 15, 21], [16, 1, 17, 2], [18, 6, 19, 5], [20, 4, 21, 3], [22, 9, 23, 10], [24, 7, 1, 8], [2, 12, 3, 11], [4, 20, 5, 19], [6, 13, 7, 14]]"
12a_0821_97,"[[6, 13, 7, 14], [8, 23, 9, 24], [10, 16, 11, 15], [12, 17, 13, 18], [14, 22, 15, 21], [16, 1, 17, 2], [18, 6, 19, 5], [20, 4, 21, 3], [22, 9, 23, 10], [24, 7, 1, 8], [2, 12, 3, 11], [4, 20, 5, 19]]"
12a_0821_98,"[[4, 20, 5, 19], [6, 13, 7, 14], [8, 23, 9, 24], [10, 16, 11, 15], [12, 17, 13, 18], [14, 22, 15, 21], [16, 1, 17, 2], [18, 6, 19, 5], [20, 4, 21, 3], [22, 9, 23, 10], [24, 7, 1, 8], [2, 12, 3, 11]]"
12a_0821_99,"[[2, 12, 3, 11], [4, 20, 5, 19], [6, 13, 7, 14], [8, 23, 9, 24], [10, 16, 11, 15], [12, 17, 13, 18], [14, 22, 15, 21], [16, 1, 17, 2], [18, 6, 19, 5], [20, 4, 21, 3], [22, 9, 23, 10], [24, 7, 1, 8]]"
12a_0821_100,"[[24, 7, 1, 8], [2, 12, 3, 11], [4, 20, 5, 19], [6, 13, 7, 14], [8, 23, 9, 24], [10, 16, 11, 15], [12, 17, 13, 18], [14, 22, 15, 21], [16, 1, 17, 2], [18, 6, 19, 5], [20, 4, 21, 3], [22, 9, 23, 10]]"
12a_0821_101,"[[22, 9, 23, 10], [24, 7, 1, 8], [2, 12, 3, 11], [4, 20, 5, 19], [6, 13, 7, 14], [8, 23, 9, 24], [10, 16, 11, 15], [12, 17, 13, 18], [14, 22, 15, 21], [16, 1, 17, 2], [18, 6, 19, 5], [20, 4, 21, 3]]"
12a_0821_102,"[[20, 4, 21, 3], [22, 9, 23, 10], [24, 7, 1, 8], [2, 12, 3, 11], [4, 20, 5, 19], [6, 13, 7, 14], [8, 23, 9, 24], [10, 16, 11, 15], [12, 17, 13, 18], [14, 22, 15, 21], [16, 1, 17, 2], [18, 6, 19, 5]]"
12a_0821_103,"[[18, 6, 19, 5], [20, 4, 21, 3], [22, 9, 23, 10], [24, 7, 1, 8], [2, 12, 3, 11], [4, 20, 5, 19], [6, 13, 7, 14], [8, 23, 9, 24], [10, 16, 11, 15], [12, 17, 13, 18], [14, 22, 15, 21], [16, 1, 17, 2]]"
12a_0821_104,"[[16, 1, 17, 2], [18, 6, 19, 5], [20, 4, 21, 3], [22, 9, 23, 10], [24, 7, 1, 8], [2, 12, 3, 11], [4, 20, 5, 19], [6, 13, 7, 14], [8, 23, 9, 24], [10, 16, 11, 15], [12, 17, 13, 18], [14, 22, 15, 21]]"
12a_0821_105,"[[14, 22, 15, 21], [16, 1, 17, 2], [18, 6, 19, 5], [20, 4, 21, 3], [22, 9, 23, 10], [24, 7, 1, 8], [2, 12, 3, 11], [4, 20, 5, 19], [6, 13, 7, 14], [8, 23, 9, 24], [10, 16, 11, 15], [12, 17, 13, 18]]"
12a_0821_106,"[[12, 17, 13, 18], [14, 22, 15, 21], [16, 1, 17, 2], [18, 6, 19, 5], [20, 4, 21, 3], [22, 9, 23, 10], [24, 7, 1, 8], [2, 12, 3, 11], [4, 20, 5, 19], [6, 13, 7, 14], [8, 23, 9, 24], [10, 16, 11, 15]]"
12a_0821_107,"[[10, 16, 11, 15], [12, 17, 13, 18], [14, 22, 15, 21], [16, 1, 17, 2], [18, 6, 19, 5], [20, 4, 21, 3], [22, 9, 23, 10], [24, 7, 1, 8], [2, 12, 3, 11], [4, 20, 5, 19], [6, 13, 7, 14], [8, 23, 9, 24]]"
12a_0821_108,"[[9, 24, 10, 1], [11, 17, 12, 16], [13, 18, 14, 19], [15, 23, 16, 22], [17, 2, 18, 3], [19, 7, 20, 6], [21, 5, 22, 4], [23, 10, 24, 11], [1, 8, 2, 9], [3, 13, 4, 12], [5, 21, 6, 20], [7, 14, 8, 15]]"
12a_0821_109,"[[7, 14, 8, 15], [9, 24, 10, 1], [11, 17, 12, 16], [13, 18, 14, 19], [15, 23, 16, 22], [17, 2, 18, 3], [19, 7, 20, 6], [21, 5, 22, 4], [23, 10, 24, 11], [1, 8, 2, 9], [3, 13, 4, 12], [5, 21, 6, 20]]"
12a_0821_110,"[[5, 21, 6, 20], [7, 14, 8, 15], [9, 24, 10, 1], [11, 17, 12, 16], [13, 18, 14, 19], [15, 23, 16, 22], [17, 2, 18, 3], [19, 7, 20, 6], [21, 5, 22, 4], [23, 10, 24, 11], [1, 8, 2, 9], [3, 13, 4, 12]]"
12a_0821_111,"[[3, 13, 4, 12], [5, 21, 6, 20], [7, 14, 8, 15], [9, 24, 10, 1], [11, 17, 12, 16], [13, 18, 14, 19], [15, 23, 16, 22], [17, 2, 18, 3], [19, 7, 20, 6], [21, 5, 22, 4], [23, 10, 24, 11], [1, 8, 2, 9]]"
12a_0821_112,"[[1, 8, 2, 9], [3, 13, 4, 12], [5, 21, 6, 20], [7, 14, 8, 15], [9, 24, 10, 1], [11, 17, 12, 16], [13, 18, 14, 19], [15, 23, 16, 22], [17, 2, 18, 3], [19, 7, 20, 6], [21, 5, 22, 4], [23, 10, 24, 11]]"
12a_0821_113,"[[23, 10, 24, 11], [1, 8, 2, 9], [3, 13, 4, 12], [5, 21, 6, 20], [7, 14, 8, 15], [9, 24, 10, 1], [11, 17, 12, 16], [13, 18, 14, 19], [15, 23, 16, 22], [17, 2, 18, 3], [19, 7, 20, 6], [21, 5, 22, 4]]"
12a_0821_114,"[[21, 5, 22, 4], [23, 10, 24, 11], [1, 8, 2, 9], [3, 13, 4, 12], [5, 21, 6, 20], [7, 14, 8, 15], [9, 24, 10, 1], [11, 17, 12, 16], [13, 18, 14, 19], [15, 23, 16, 22], [17, 2, 18, 3], [19, 7, 20, 6]]"
12a_0821_115,"[[19, 7, 20, 6], [21, 5, 22, 4], [23, 10, 24, 11], [1, 8, 2, 9], [3, 13, 4, 12], [5, 21, 6, 20], [7, 14, 8, 15], [9, 24, 10, 1], [11, 17, 12, 16], [13, 18, 14, 19], [15, 23, 16, 22], [17, 2, 18, 3]]"
12a_0821_116,"[[17, 2, 18, 3], [19, 7, 20, 6], [21, 5, 22, 4], [23, 10, 24, 11], [1, 8, 2, 9], [3, 13, 4, 12], [5, 21, 6, 20], [7, 14, 8, 15], [9, 24, 10, 1], [11, 17, 12, 16], [13, 18, 14, 19], [15, 23, 16, 22]]"
12a_0821_117,"[[15, 23, 16, 22], [17, 2, 18, 3], [19, 7, 20, 6], [21, 5, 22, 4], [23, 10, 24, 11], [1, 8, 2, 9], [3, 13, 4, 12], [5, 21, 6, 20], [7, 14, 8, 15], [9, 24, 10, 1], [11, 17, 12, 16], [13, 18, 14, 19]]"
12a_0821_118,"[[13, 18, 14, 19], [15, 23, 16, 22], [17, 2, 18, 3], [19, 7, 20, 6], [21, 5, 22, 4], [23, 10, 24, 11], [1, 8, 2, 9], [3, 13, 4, 12], [5, 21, 6, 20], [7, 14, 8, 15], [9, 24, 10, 1], [11, 17, 12, 16]]"
12a_0821_119,"[[11, 17, 12, 16], [13, 18, 14, 19], [15, 23, 16, 22], [17, 2, 18, 3], [19, 7, 20, 6], [21, 5, 22, 4], [23, 10, 24, 11], [1, 8, 2, 9], [3, 13, 4, 12], [5, 21, 6, 20], [7, 14, 8, 15], [9, 24, 10, 1]]"
12a_0821_120,"[[10, 1, 11, 2], [12, 18, 13, 17], [14, 19, 15, 20], [16, 24, 17, 23], [18, 3, 19, 4], [20, 8, 21, 7], [22, 6, 23, 5], [24, 11, 1, 12], [2, 9, 3, 10], [4, 14, 5, 13], [6, 22, 7, 21], [8, 15, 9, 16]]"
12a_0821_121,"[[8, 15, 9, 16], [10, 1, 11, 2], [12, 18, 13, 17], [14, 19, 15, 20], [16, 24, 17, 23], [18, 3, 19, 4], [20, 8, 21, 7], [22, 6, 23, 5], [24, 11, 1, 12], [2, 9, 3, 10], [4, 14, 5, 13], [6, 22, 7, 21]]"
12a_0821_122,"[[6, 22, 7, 21], [8, 15, 9, 16], [10, 1, 11, 2], [12, 18, 13, 17], [14, 19, 15, 20], [16, 24, 17, 23], [18, 3, 19, 4], [20, 8, 21, 7], [22, 6, 23, 5], [24, 11, 1, 12], [2, 9, 3, 10], [4, 14, 5, 13]]"
12a_0821_123,"[[4, 14, 5, 13], [6, 22, 7, 21], [8, 15, 9, 16], [10, 1, 11, 2], [12, 18, 13, 17], [14, 19, 15, 20], [16, 24, 17, 23], [18, 3, 19, 4], [20, 8, 21, 7], [22, 6, 23, 5], [24, 11, 1, 12], [2, 9, 3, 10]]"
12a_0821_124,"[[2, 9, 3, 10], [4, 14, 5, 13], [6, 22, 7, 21], [8, 15, 9, 16], [10, 1, 11, 2], [12, 18, 13, 17], [14, 19, 15, 20], [16, 24, 17, 23], [18, 3, 19, 4], [20, 8, 21, 7], [22, 6, 23, 5], [24, 11, 1, 12]]"
12a_0821_125,"[[24, 11, 1, 12], [2, 9, 3, 10], [4, 14, 5, 13], [6, 22, 7, 21], [8, 15, 9, 16], [10, 1, 11, 2], [12, 18, 13, 17], [14, 19, 15, 20], [16, 24, 17, 23], [18, 3, 19, 4], [20, 8, 21, 7], [22, 6, 23, 5]]"
12a_0821_126,"[[22, 6, 23, 5], [24, 11, 1, 12], [2, 9, 3, 10], [4, 14, 5, 13], [6, 22, 7, 21], [8, 15, 9, 16], [10, 1, 11, 2], [12, 18, 13, 17], [14, 19, 15, 20], [16, 24, 17, 23], [18, 3, 19, 4], [20, 8, 21, 7]]"
12a_0821_127,"[[20, 8, 21, 7], [22, 6, 23, 5], [24, 11, 1, 12], [2, 9, 3, 10], [4, 14, 5, 13], [6, 22, 7, 21], [8, 15, 9, 16], [10, 1, 11, 2], [12, 18, 13, 17], [14, 19, 15, 20], [16, 24, 17, 23], [18, 3, 19, 4]]"
12a_0821_128,"[[18, 3, 19, 4], [20, 8, 21, 7], [22, 6, 23, 5], [24, 11, 1, 12], [2, 9, 3, 10], [4, 14, 5, 13], [6, 22, 7, 21], [8, 15, 9, 16], [10, 1, 11, 2], [12, 18, 13, 17], [14, 19, 15, 20], [16, 24, 17, 23]]"
12a_0821_129,"[[16, 24, 17, 23], [18, 3, 19, 4], [20, 8, 21, 7], [22, 6, 23, 5], [24, 11, 1, 12], [2, 9, 3, 10], [4, 14, 5, 13], [6, 22, 7, 21], [8, 15, 9, 16], [10, 1, 11, 2], [12, 18, 13, 17], [14, 19, 15, 20]]"
12a_0821_130,"[[14, 19, 15, 20], [16, 24, 17, 23], [18, 3, 19, 4], [20, 8, 21, 7], [22, 6, 23, 5], [24, 11, 1, 12], [2, 9, 3, 10], [4, 14, 5, 13], [6, 22, 7, 21], [8, 15, 9, 16], [10, 1, 11, 2], [12, 18, 13, 17]]"
12a_0821_131,"[[12, 18, 13, 17], [14, 19, 15, 20], [16, 24, 17, 23], [18, 3, 19, 4], [20, 8, 21, 7], [22, 6, 23, 5], [24, 11, 1, 12], [2, 9, 3, 10], [4, 14, 5, 13], [6, 22, 7, 21], [8, 15, 9, 16], [10, 1, 11, 2]]"
12a_0821_132,"[[11, 2, 12, 3], [13, 19, 14, 18], [15, 20, 16, 21], [17, 1, 18, 24], [19, 4, 20, 5], [21, 9, 22, 8], [23, 7, 24, 6], [1, 12, 2, 13], [3, 10, 4, 11], [5, 15, 6, 14], [7, 23, 8, 22], [9, 16, 10, 17]]"
12a_0821_133,"[[9, 16, 10, 17], [11, 2, 12, 3], [13, 19, 14, 18], [15, 20, 16, 21], [17, 1, 18, 24], [19, 4, 20, 5], [21, 9, 22, 8], [23, 7, 24, 6], [1, 12, 2, 13], [3, 10, 4, 11], [5, 15, 6, 14], [7, 23, 8, 22]]"
12a_0821_134,"[[7, 23, 8, 22], [9, 16, 10, 17], [11, 2, 12, 3], [13, 19, 14, 18], [15, 20, 16, 21], [17, 1, 18, 24], [19, 4, 20, 5], [21, 9, 22, 8], [23, 7, 24, 6], [1, 12, 2, 13], [3, 10, 4, 11], [5, 15, 6, 14]]"
12a_0821_135,"[[5, 15, 6, 14], [7, 23, 8, 22], [9, 16, 10, 17], [11, 2, 12, 3], [13, 19, 14, 18], [15, 20, 16, 21], [17, 1, 18, 24], [19, 4, 20, 5], [21, 9, 22, 8], [23, 7, 24, 6], [1, 12, 2, 13], [3, 10, 4, 11]]"
12a_0821_136,"[[3, 10, 4, 11], [5, 15, 6, 14], [7, 23, 8, 22], [9, 16, 10, 17], [11, 2, 12, 3], [13, 19, 14, 18], [15, 20, 16, 21], [17, 1, 18, 24], [19, 4, 20, 5], [21, 9, 22, 8], [23, 7, 24, 6], [1, 12, 2, 13]]"
12a_0821_137,"[[1, 12, 2, 13], [3, 10, 4, 11], [5, 15, 6, 14], [7, 23, 8, 22], [9, 16, 10, 17], [11, 2, 12, 3], [13, 19, 14, 18], [15, 20, 16, 21], [17, 1, 18, 24], [19, 4, 20, 5], [21, 9, 22, 8], [23, 7, 24, 6]]"
12a_0821_138,"[[23, 7, 24, 6], [1, 12, 2, 13], [3, 10, 4, 11], [5, 15, 6, 14], [7, 23, 8, 22], [9, 16, 10, 17], [11, 2, 12, 3], [13, 19, 14, 18], [15, 20, 16, 21], [17, 1, 18, 24], [19, 4, 20, 5], [21, 9, 22, 8]]"
12a_0821_139,"[[21, 9, 22, 8], [23, 7, 24, 6], [1, 12, 2, 13], [3, 10, 4, 11], [5, 15, 6, 14], [7, 23, 8, 22], [9, 16, 10, 17], [11, 2, 12, 3], [13, 19, 14, 18], [15, 20, 16, 21], [17, 1, 18, 24], [19, 4, 20, 5]]"
12a_0821_140,"[[19, 4, 20, 5], [21, 9, 22, 8], [23, 7, 24, 6], [1, 12, 2, 13], [3, 10, 4, 11], [5, 15, 6, 14], [7, 23, 8, 22], [9, 16, 10, 17], [11, 2, 12, 3], [13, 19, 14, 18], [15, 20, 16, 21], [17, 1, 18, 24]]"
12a_0821_141,"[[17, 1, 18, 24], [19, 4, 20, 5], [21, 9, 22, 8], [23, 7, 24, 6], [1, 12, 2, 13], [3, 10, 4, 11], [5, 15, 6, 14], [7, 23, 8, 22], [9, 16, 10, 17], [11, 2, 12, 3], [13, 19, 14, 18], [15, 20, 16, 21]]"
12a_0821_142,"[[15, 20, 16, 21], [17, 1, 18, 24], [19, 4, 20, 5], [21, 9, 22, 8], [23, 7, 24, 6], [1, 12, 2, 13], [3, 10, 4, 11], [5, 15, 6, 14], [7, 23, 8, 22], [9, 16, 10, 17], [11, 2, 12, 3], [13, 19, 14, 18]]"
12a_0821_143,"[[13, 19, 14, 18], [15, 20, 16, 21], [17, 1, 18, 24], [19, 4, 20, 5], [21, 9, 22, 8], [23, 7, 24, 6], [1, 12, 2, 13], [3, 10, 4, 11], [5, 15, 6, 14], [7, 23, 8, 22], [9, 16, 10, 17], [11, 2, 12, 3]]"
12a_0821_144,"[[12, 3, 13, 4], [14, 20, 15, 19], [16, 21, 17, 22], [18, 2, 19, 1], [20, 5, 21, 6], [22, 10, 23, 9], [24, 8, 1, 7], [2, 13, 3, 14], [4, 11, 5, 12], [6, 16, 7, 15], [8, 24, 9, 23], [10, 17, 11, 18]]"
12a_0821_145,"[[10, 17, 11, 18], [12, 3, 13, 4], [14, 20, 15, 19], [16, 21, 17, 22], [18, 2, 19, 1], [20, 5, 21, 6], [22, 10, 23, 9], [24, 8, 1, 7], [2, 13, 3, 14], [4, 11, 5, 12], [6, 16, 7, 15], [8, 24, 9, 23]]"
12a_0821_146,"[[8, 24, 9, 23], [10, 17, 11, 18], [12, 3, 13, 4], [14, 20, 15, 19], [16, 21, 17, 22], [18, 2, 19, 1], [20, 5, 21, 6], [22, 10, 23, 9], [24, 8, 1, 7], [2, 13, 3, 14], [4, 11, 5, 12], [6, 16, 7, 15]]"
12a_0821_147,"[[6, 16, 7, 15], [8, 24, 9, 23], [10, 17, 11, 18], [12, 3, 13, 4], [14, 20, 15, 19], [16, 21, 17, 22], [18, 2, 19, 1], [20, 5, 21, 6], [22, 10, 23, 9], [24, 8, 1, 7], [2, 13, 3, 14], [4, 11, 5, 12]]"
12a_0821_148,"[[4, 11, 5, 12], [6, 16, 7, 15], [8, 24, 9, 23], [10, 17, 11, 18], [12, 3, 13, 4], [14, 20, 15, 19], [16, 21, 17, 22], [18, 2, 19, 1], [20, 5, 21, 6], [22, 10, 23, 9], [24, 8, 1, 7], [2, 13, 3, 14]]"
12a_0821_149,"[[2, 13, 3, 14], [4, 11, 5, 12], [6, 16, 7, 15], [8, 24, 9, 23], [10, 17, 11, 18], [12, 3, 13, 4], [14, 20, 15, 19], [16, 21, 17, 22], [18, 2, 19, 1], [20, 5, 21, 6], [22, 10, 23, 9], [24, 8, 1, 7]]"
12a_0821_150,"[[24, 8, 1, 7], [2, 13, 3, 14], [4, 11, 5, 12], [6, 16, 7, 15], [8, 24, 9, 23], [10, 17, 11, 18], [12, 3, 13, 4], [14, 20, 15, 19], [16, 21, 17, 22], [18, 2, 19, 1], [20, 5, 21, 6], [22, 10, 23, 9]]"
12a_0821_151,"[[22, 10, 23, 9], [24, 8, 1, 7], [2, 13, 3, 14], [4, 11, 5, 12], [6, 16, 7, 15], [8, 24, 9, 23], [10, 17, 11, 18], [12, 3, 13, 4], [14, 20, 15, 19], [16, 21, 17, 22], [18, 2, 19, 1], [20, 5, 21, 6]]"
12a_0821_152,"[[20, 5, 21, 6], [22, 10, 23, 9], [24, 8, 1, 7], [2, 13, 3, 14], [4, 11, 5, 12], [6, 16, 7, 15], [8, 24, 9, 23], [10, 17, 11, 18], [12, 3, 13, 4], [14, 20, 15, 19], [16, 21, 17, 22], [18, 2, 19, 1]]"
12a_0821_153,"[[18, 2, 19, 1], [20, 5, 21, 6], [22, 10, 23, 9], [24, 8, 1, 7], [2, 13, 3, 14], [4, 11, 5, 12], [6, 16, 7, 15], [8, 24, 9, 23], [10, 17, 11, 18], [12, 3, 13, 4], [14, 20, 15, 19], [16, 21, 17, 22]]"
12a_0821_154,"[[16, 21, 17, 22], [18, 2, 19, 1], [20, 5, 21, 6], [22, 10, 23, 9], [24, 8, 1, 7], [2, 13, 3, 14], [4, 11, 5, 12], [6, 16, 7, 15], [8, 24, 9, 23], [10, 17, 11, 18], [12, 3, 13, 4], [14, 20, 15, 19]]"
12a_0821_155,"[[14, 20, 15, 19], [16, 21, 17, 22], [18, 2, 19, 1], [20, 5, 21, 6], [22, 10, 23, 9], [24, 8, 1, 7], [2, 13, 3, 14], [4, 11, 5, 12], [6, 16, 7, 15], [8, 24, 9, 23], [10, 17, 11, 18], [12, 3, 13, 4]]"
12a_0821_156,"[[13, 4, 14, 5], [15, 21, 16, 20], [17, 22, 18, 23], [19, 3, 20, 2], [21, 6, 22, 7], [23, 11, 24, 10], [1, 9, 2, 8], [3, 14, 4, 15], [5, 12, 6, 13], [7, 17, 8, 16], [9, 1, 10, 24], [11, 18, 12, 19]]"
12a_0821_157,"[[11, 18, 12, 19], [13, 4, 14, 5], [15, 21, 16, 20], [17, 22, 18, 23], [19, 3, 20, 2], [21, 6, 22, 7], [23, 11, 24, 10], [1, 9, 2, 8], [3, 14, 4, 15], [5, 12, 6, 13], [7, 17, 8, 16], [9, 1, 10, 24]]"
12a_0821_158,"[[9, 1, 10, 24], [11, 18, 12, 19], [13, 4, 14, 5], [15, 21, 16, 20], [17, 22, 18, 23], [19, 3, 20, 2], [21, 6, 22, 7], [23, 11, 24, 10], [1, 9, 2, 8], [3, 14, 4, 15], [5, 12, 6, 13], [7, 17, 8, 16]]"
12a_0821_159,"[[7, 17, 8, 16], [9, 1, 10, 24], [11, 18, 12, 19], [13, 4, 14, 5], [15, 21, 16, 20], [17, 22, 18, 23], [19, 3, 20, 2], [21, 6, 22, 7], [23, 11, 24, 10], [1, 9, 2, 8], [3, 14, 4, 15], [5, 12, 6, 13]]"
12a_0821_160,"[[5, 12, 6, 13], [7, 17, 8, 16], [9, 1, 10, 24], [11, 18, 12, 19], [13, 4, 14, 5], [15, 21, 16, 20], [17, 22, 18, 23], [19, 3, 20, 2], [21, 6, 22, 7], [23, 11, 24, 10], [1, 9, 2, 8], [3, 14, 4, 15]]"
12a_0821_161,"[[3, 14, 4, 15], [5, 12, 6, 13], [7, 17, 8, 16], [9, 1, 10, 24], [11, 18, 12, 19], [13, 4, 14, 5], [15, 21, 16, 20], [17, 22, 18, 23], [19, 3, 20, 2], [21, 6, 22, 7], [23, 11, 24, 10], [1, 9, 2, 8]]"
12a_0821_162,"[[1, 9, 2, 8], [3, 14, 4, 15], [5, 12, 6, 13], [7, 17, 8, 16], [9, 1, 10, 24], [11, 18, 12, 19], [13, 4, 14, 5], [15, 21, 16, 20], [17, 22, 18, 23], [19, 3, 20, 2], [21, 6, 22, 7], [23, 11, 24, 10]]"
12a_0821_163,"[[23, 11, 24, 10], [1, 9, 2, 8], [3, 14, 4, 15], [5, 12, 6, 13], [7, 17, 8, 16], [9, 1, 10, 24], [11, 18, 12, 19], [13, 4, 14, 5], [15, 21, 16, 20], [17, 22, 18, 23], [19, 3, 20, 2], [21, 6, 22, 7]]"
12a_0821_164,"[[21, 6, 22, 7], [23, 11, 24, 10], [1, 9, 2, 8], [3, 14, 4, 15], [5, 12, 6, 13], [7, 17, 8, 16], [9, 1, 10, 24], [11, 18, 12, 19], [13, 4, 14, 5], [15, 21, 16, 20], [17, 22, 18, 23], [19, 3, 20, 2]]"
12a_0821_165,"[[19, 3, 20, 2], [21, 6, 22, 7], [23, 11, 24, 10], [1, 9, 2, 8], [3, 14, 4, 15], [5, 12, 6, 13], [7, 17, 8, 16], [9, 1, 10, 24], [11, 18, 12, 19], [13, 4, 14, 5], [15, 21, 16, 20], [17, 22, 18, 23]]"
12a_0821_166,"[[17, 22, 18, 23], [19, 3, 20, 2], [21, 6, 22, 7], [23, 11, 24, 10], [1, 9, 2, 8], [3, 14, 4, 15], [5, 12, 6, 13], [7, 17, 8, 16], [9, 1, 10, 24], [11, 18, 12, 19], [13, 4, 14, 5], [15, 21, 16, 20]]"
12a_0821_167,"[[15, 21, 16, 20], [17, 22, 18, 23], [19, 3, 20, 2], [21, 6, 22, 7], [23, 11, 24, 10], [1, 9, 2, 8], [3, 14, 4, 15], [5, 12, 6, 13], [7, 17, 8, 16], [9, 1, 10, 24], [11, 18, 12, 19], [13, 4, 14, 5]]"
12a_0821_168,"[[14, 5, 15, 6], [16, 22, 17, 21], [18, 23, 19, 24], [20, 4, 21, 3], [22, 7, 23, 8], [24, 12, 1, 11], [2, 10, 3, 9], [4, 15, 5, 16], [6, 13, 7, 14], [8, 18, 9, 17], [10, 2, 11, 1], [12, 19, 13, 20]]"
12a_0821_169,"[[12, 19, 13, 20], [14, 5, 15, 6], [16, 22, 17, 21], [18, 23, 19, 24], [20, 4, 21, 3], [22, 7, 23, 8], [24, 12, 1, 11], [2, 10, 3, 9], [4, 15, 5, 16], [6, 13, 7, 14], [8, 18, 9, 17], [10, 2, 11, 1]]"
12a_0821_170,"[[10, 2, 11, 1], [12, 19, 13, 20], [14, 5, 15, 6], [16, 22, 17, 21], [18, 23, 19, 24], [20, 4, 21, 3], [22, 7, 23, 8], [24, 12, 1, 11], [2, 10, 3, 9], [4, 15, 5, 16], [6, 13, 7, 14], [8, 18, 9, 17]]"
12a_0821_171,"[[8, 18, 9, 17], [10, 2, 11, 1], [12, 19, 13, 20], [14, 5, 15, 6], [16, 22, 17, 21], [18, 23, 19, 24], [20, 4, 21, 3], [22, 7, 23, 8], [24, 12, 1, 11], [2, 10, 3, 9], [4, 15, 5, 16], [6, 13, 7, 14]]"
12a_0821_172,"[[6, 13, 7, 14], [8, 18, 9, 17], [10, 2, 11, 1], [12, 19, 13, 20], [14, 5, 15, 6], [16, 22, 17, 21], [18, 23, 19, 24], [20, 4, 21, 3], [22, 7, 23, 8], [24, 12, 1, 11], [2, 10, 3, 9], [4, 15, 5, 16]]"
12a_0821_173,"[[4, 15, 5, 16], [6, 13, 7, 14], [8, 18, 9, 17], [10, 2, 11, 1], [12, 19, 13, 20], [14, 5, 15, 6], [16, 22, 17, 21], [18, 23, 19, 24], [20, 4, 21, 3], [22, 7, 23, 8], [24, 12, 1, 11], [2, 10, 3, 9]]"
12a_0821_174,"[[2, 10, 3, 9], [4, 15, 5, 16], [6, 13, 7, 14], [8, 18, 9, 17], [10, 2, 11, 1], [12, 19, 13, 20], [14, 5, 15, 6], [16, 22, 17, 21], [18, 23, 19, 24], [20, 4, 21, 3], [22, 7, 23, 8], [24, 12, 1, 11]]"
12a_0821_175,"[[24, 12, 1, 11], [2, 10, 3, 9], [4, 15, 5, 16], [6, 13, 7, 14], [8, 18, 9, 17], [10, 2, 11, 1], [12, 19, 13, 20], [14, 5, 15, 6], [16, 22, 17, 21], [18, 23, 19, 24], [20, 4, 21, 3], [22, 7, 23, 8]]"
12a_0821_176,"[[22, 7, 23, 8], [24, 12, 1, 11], [2, 10, 3, 9], [4, 15, 5, 16], [6, 13, 7, 14], [8, 18, 9, 17], [10, 2, 11, 1], [12, 19, 13, 20], [14, 5, 15, 6], [16, 22, 17, 21], [18, 23, 19, 24], [20, 4, 21, 3]]"
12a_0821_177,"[[20, 4, 21, 3], [22, 7, 23, 8], [24, 12, 1, 11], [2, 10, 3, 9], [4, 15, 5, 16], [6, 13, 7, 14], [8, 18, 9, 17], [10, 2, 11, 1], [12, 19, 13, 20], [14, 5, 15, 6], [16, 22, 17, 21], [18, 23, 19, 24]]"
12a_0821_178,"[[18, 23, 19, 24], [20, 4, 21, 3], [22, 7, 23, 8], [24, 12, 1, 11], [2, 10, 3, 9], [4, 15, 5, 16], [6, 13, 7, 14], [8, 18, 9, 17], [10, 2, 11, 1], [12, 19, 13, 20], [14, 5, 15, 6], [16, 22, 17, 21]]"
12a_0821_179,"[[16, 22, 17, 21], [18, 23, 19, 24], [20, 4, 21, 3], [22, 7, 23, 8], [24, 12, 1, 11], [2, 10, 3, 9], [4, 15, 5, 16], [6, 13, 7, 14], [8, 18, 9, 17], [10, 2, 11, 1], [12, 19, 13, 20], [14, 5, 15, 6]]"
12a_0821_180,"[[15, 6, 16, 7], [17, 23, 18, 22], [19, 24, 20, 1], [21, 5, 22, 4], [23, 8, 24, 9], [1, 13, 2, 12], [3, 11, 4, 10], [5, 16, 6, 17], [7, 14, 8, 15], [9, 19, 10, 18], [11, 3, 12, 2], [13, 20, 14, 21]]"
12a_0821_181,"[[13, 20, 14, 21], [15, 6, 16, 7], [17, 23, 18, 22], [19, 24, 20, 1], [21, 5, 22, 4], [23, 8, 24, 9], [1, 13, 2, 12], [3, 11, 4, 10], [5, 16, 6, 17], [7, 14, 8, 15], [9, 19, 10, 18], [11, 3, 12, 2]]"
12a_0821_182,"[[11, 3, 12, 2], [13, 20, 14, 21], [15, 6, 16, 7], [17, 23, 18, 22], [19, 24, 20, 1], [21, 5, 22, 4], [23, 8, 24, 9], [1, 13, 2, 12], [3, 11, 4, 10], [5, 16, 6, 17], [7, 14, 8, 15], [9, 19, 10, 18]]"
12a_0821_183,"[[9, 19, 10, 18], [11, 3, 12, 2], [13, 20, 14, 21], [15, 6, 16, 7], [17, 23, 18, 22], [19, 24, 20, 1], [21, 5, 22, 4], [23, 8, 24, 9], [1, 13, 2, 12], [3, 11, 4, 10], [5, 16, 6, 17], [7, 14, 8, 15]]"
12a_0821_184,"[[7, 14, 8, 15], [9, 19, 10, 18], [11, 3, 12, 2], [13, 20, 14, 21], [15, 6, 16, 7], [17, 23, 18, 22], [19, 24, 20, 1], [21, 5, 22, 4], [23, 8, 24, 9], [1, 13, 2, 12], [3, 11, 4, 10], [5, 16, 6, 17]]"
12a_0821_185,"[[5, 16, 6, 17], [7, 14, 8, 15], [9, 19, 10, 18], [11, 3, 12, 2], [13, 20, 14, 21], [15, 6, 16, 7], [17, 23, 18, 22], [19, 24, 20, 1], [21, 5, 22, 4], [23, 8, 24, 9], [1, 13, 2, 12], [3, 11, 4, 10]]"
