name,pd_notation
12a_0945_0,"[[24, 13, 1, 14], [2, 8, 3, 7], [4, 12, 5, 11], [6, 20, 7, 19], [8, 4, 9, 3], [10, 18, 11, 17], [12, 21, 13, 22], [14, 23, 15, 24], [16, 6, 17, 5], [18, 10, 19, 9], [20, 1, 21, 2], [22, 15, 23, 16]]"
12a_0945_1,"[[22, 15, 23, 16], [24, 13, 1, 14], [2, 8, 3, 7], [4, 12, 5, 11], [6, 20, 7, 19], [8, 4, 9, 3], [10, 18, 11, 17], [12, 21, 13, 22], [14, 23, 15, 24], [16, 6, 17, 5], [18, 10, 19, 9], [20, 1, 21, 2]]"
12a_0945_2,"[[20, 1, 21, 2], [22, 15, 23, 16], [24, 13, 1, 14], [2, 8, 3, 7], [4, 12, 5, 11], [6, 20, 7, 19], [8, 4, 9, 3], [10, 18, 11, 17], [12, 21, 13, 22], [14, 23, 15, 24], [16, 6, 17, 5], [18, 10, 19, 9]]"
12a_0945_3,"[[18, 10, 19, 9], [20, 1, 21, 2], [22, 15, 23, 16], [24, 13, 1, 14], [2, 8, 3, 7], [4, 12, 5, 11], [6, 20, 7, 19], [8, 4, 9, 3], [10, 18, 11, 17], [12, 21, 13, 22], [14, 23, 15, 24], [16, 6, 17, 5]]"
12a_0945_4,"[[16, 6, 17, 5], [18, 10, 19, 9], [20, 1, 21, 2], [22, 15, 23, 16], [24, 13, 1, 14], [2, 8, 3, 7], [4, 12, 5, 11], [6, 20, 7, 19], [8, 4, 9, 3], [10, 18, 11, 17], [12, 21, 13, 22], [14, 23, 15, 24]]"
12a_0945_5,"[[14, 23, 15, 24], [16, 6, 17, 5], [18, 10, 19, 9], [20, 1, 21, 2], [22, 15, 23, 16], [24, 13, 1, 14], [2, 8, 3, 7], [4, 12, 5, 11], [6, 20, 7, 19], [8, 4, 9, 3], [10, 18, 11, 17], [12, 21, 13, 22]]"
12a_0945_6,"[[12, 21, 13, 22], [14, 23, 15, 24], [16, 6, 17, 5], [18, 10, 19, 9], [20, 1, 21, 2], [22, 15, 23, 16], [24, 13, 1, 14], [2, 8, 3, 7], [4, 12, 5, 11], [6, 20, 7, 19], [8, 4, 9, 3], [10, 18, 11, 17]]"
12a_0945_7,"[[10, 18, 11, 17], [12, 21, 13, 22], [14, 23, 15, 24], [16, 6, 17, 5], [18, 10, 19, 9], [20, 1, 21, 2], [22, 15, 23, 16], [24, 13, 1, 14], [2, 8, 3, 7], [4, 12, 5, 11], [6, 20, 7, 19], [8, 4, 9, 3]]"
12a_0945_8,"[[8, 4, 9, 3], [10, 18, 11, 17], [12, 21, 13, 22], [14, 23, 15, 24], [16, 6, 17, 5], [18, 10, 19, 9], [20, 1, 21, 2], [22, 15, 23, 16], [24, 13, 1, 14], [2, 8, 3, 7], [4, 12, 5, 11], [6, 20, 7, 19]]"
12a_0945_9,"[[6, 20, 7, 19], [8, 4, 9, 3], [10, 18, 11, 17], [12, 21, 13, 22], [14, 23, 15, 24], [16, 6, 17, 5], [18, 10, 19, 9], [20, 1, 21, 2], [22, 15, 23, 16], [24, 13, 1, 14], [2, 8, 3, 7], [4, 12, 5, 11]]"
12a_0945_10,"[[4, 12, 5, 11], [6, 20, 7, 19], [8, 4, 9, 3], [10, 18, 11, 17], [12, 21, 13, 22], [14, 23, 15, 24], [16, 6, 17, 5], [18, 10, 19, 9], [20, 1, 21, 2], [22, 15, 23, 16], [24, 13, 1, 14], [2, 8, 3, 7]]"
12a_0945_11,"[[2, 8, 3, 7], [4, 12, 5, 11], [6, 20, 7, 19], [8, 4, 9, 3], [10, 18, 11, 17], [12, 21, 13, 22], [14, 23, 15, 24], [16, 6, 17, 5], [18, 10, 19, 9], [20, 1, 21, 2], [22, 15, 23, 16], [24, 13, 1, 14]]"
12a_0945_12,"[[1, 14, 2, 15], [3, 9, 4, 8], [5, 13, 6, 12], [7, 21, 8, 20], [9, 5, 10, 4], [11, 19, 12, 18], [13, 22, 14, 23], [15, 24, 16, 1], [17, 7, 18, 6], [19, 11, 20, 10], [21, 2, 22, 3], [23, 16, 24, 17]]"
12a_0945_13,"[[23, 16, 24, 17], [1, 14, 2, 15], [3, 9, 4, 8], [5, 13, 6, 12], [7, 21, 8, 20], [9, 5, 10, 4], [11, 19, 12, 18], [13, 22, 14, 23], [15, 24, 16, 1], [17, 7, 18, 6], [19, 11, 20, 10], [21, 2, 22, 3]]"
12a_0945_14,"[[21, 2, 22, 3], [23, 16, 24, 17], [1, 14, 2, 15], [3, 9, 4, 8], [5, 13, 6, 12], [7, 21, 8, 20], [9, 5, 10, 4], [11, 19, 12, 18], [13, 22, 14, 23], [15, 24, 16, 1], [17, 7, 18, 6], [19, 11, 20, 10]]"
12a_0945_15,"[[19, 11, 20, 10], [21, 2, 22, 3], [23, 16, 24, 17], [1, 14, 2, 15], [3, 9, 4, 8], [5, 13, 6, 12], [7, 21, 8, 20], [9, 5, 10, 4], [11, 19, 12, 18], [13, 22, 14, 23], [15, 24, 16, 1], [17, 7, 18, 6]]"
12a_0945_16,"[[17, 7, 18, 6], [19, 11, 20, 10], [21, 2, 22, 3], [23, 16, 24, 17], [1, 14, 2, 15], [3, 9, 4, 8], [5, 13, 6, 12], [7, 21, 8, 20], [9, 5, 10, 4], [11, 19, 12, 18], [13, 22, 14, 23], [15, 24, 16, 1]]"
12a_0945_17,"[[15, 24, 16, 1], [17, 7, 18, 6], [19, 11, 20, 10], [21, 2, 22, 3], [23, 16, 24, 17], [1, 14, 2, 15], [3, 9, 4, 8], [5, 13, 6, 12], [7, 21, 8, 20], [9, 5, 10, 4], [11, 19, 12, 18], [13, 22, 14, 23]]"
12a_0945_18,"[[13, 22, 14, 23], [15, 24, 16, 1], [17, 7, 18, 6], [19, 11, 20, 10], [21, 2, 22, 3], [23, 16, 24, 17], [1, 14, 2, 15], [3, 9, 4, 8], [5, 13, 6, 12], [7, 21, 8, 20], [9, 5, 10, 4], [11, 19, 12, 18]]"
12a_0945_19,"[[11, 19, 12, 18], [13, 22, 14, 23], [15, 24, 16, 1], [17, 7, 18, 6], [19, 11, 20, 10], [21, 2, 22, 3], [23, 16, 24, 17], [1, 14, 2, 15], [3, 9, 4, 8], [5, 13, 6, 12], [7, 21, 8, 20], [9, 5, 10, 4]]"
12a_0945_20,"[[9, 5, 10, 4], [11, 19, 12, 18], [13, 22, 14, 23], [15, 24, 16, 1], [17, 7, 18, 6], [19, 11, 20, 10], [21, 2, 22, 3], [23, 16, 24, 17], [1, 14, 2, 15], [3, 9, 4, 8], [5, 13, 6, 12], [7, 21, 8, 20]]"
12a_0945_21,"[[7, 21, 8, 20], [9, 5, 10, 4], [11, 19, 12, 18], [13, 22, 14, 23], [15, 24, 16, 1], [17, 7, 18, 6], [19, 11, 20, 10], [21, 2, 22, 3], [23, 16, 24, 17], [1, 14, 2, 15], [3, 9, 4, 8], [5, 13, 6, 12]]"
12a_0945_22,"[[5, 13, 6, 12], [7, 21, 8, 20], [9, 5, 10, 4], [11, 19, 12, 18], [13, 22, 14, 23], [15, 24, 16, 1], [17, 7, 18, 6], [19, 11, 20, 10], [21, 2, 22, 3], [23, 16, 24, 17], [1, 14, 2, 15], [3, 9, 4, 8]]"
12a_0945_23,"[[3, 9, 4, 8], [5, 13, 6, 12], [7, 21, 8, 20], [9, 5, 10, 4], [11, 19, 12, 18], [13, 22, 14, 23], [15, 24, 16, 1], [17, 7, 18, 6], [19, 11, 20, 10], [21, 2, 22, 3], [23, 16, 24, 17], [1, 14, 2, 15]]"
12a_0945_24,"[[2, 15, 3, 16], [4, 10, 5, 9], [6, 14, 7, 13], [8, 22, 9, 21], [10, 6, 11, 5], [12, 20, 13, 19], [14, 23, 15, 24], [16, 1, 17, 2], [18, 8, 19, 7], [20, 12, 21, 11], [22, 3, 23, 4], [24, 17, 1, 18]]"
12a_0945_25,"[[24, 17, 1, 18], [2, 15, 3, 16], [4, 10, 5, 9], [6, 14, 7, 13], [8, 22, 9, 21], [10, 6, 11, 5], [12, 20, 13, 19], [14, 23, 15, 24], [16, 1, 17, 2], [18, 8, 19, 7], [20, 12, 21, 11], [22, 3, 23, 4]]"
12a_0945_26,"[[22, 3, 23, 4], [24, 17, 1, 18], [2, 15, 3, 16], [4, 10, 5, 9], [6, 14, 7, 13], [8, 22, 9, 21], [10, 6, 11, 5], [12, 20, 13, 19], [14, 23, 15, 24], [16, 1, 17, 2], [18, 8, 19, 7], [20, 12, 21, 11]]"
12a_0945_27,"[[20, 12, 21, 11], [22, 3, 23, 4], [24, 17, 1, 18], [2, 15, 3, 16], [4, 10, 5, 9], [6, 14, 7, 13], [8, 22, 9, 21], [10, 6, 11, 5], [12, 20, 13, 19], [14, 23, 15, 24], [16, 1, 17, 2], [18, 8, 19, 7]]"
12a_0945_28,"[[18, 8, 19, 7], [20, 12, 21, 11], [22, 3, 23, 4], [24, 17, 1, 18], [2, 15, 3, 16], [4, 10, 5, 9], [6, 14, 7, 13], [8, 22, 9, 21], [10, 6, 11, 5], [12, 20, 13, 19], [14, 23, 15, 24], [16, 1, 17, 2]]"
12a_0945_29,"[[16, 1, 17, 2], [18, 8, 19, 7], [20, 12, 21, 11], [22, 3, 23, 4], [24, 17, 1, 18], [2, 15, 3, 16], [4, 10, 5, 9], [6, 14, 7, 13], [8, 22, 9, 21], [10, 6, 11, 5], [12, 20, 13, 19], [14, 23, 15, 24]]"
12a_0945_30,"[[14, 23, 15, 24], [16, 1, 17, 2], [18, 8, 19, 7], [20, 12, 21, 11], [22, 3, 23, 4], [24, 17, 1, 18], [2, 15, 3, 16], [4, 10, 5, 9], [6, 14, 7, 13], [8, 22, 9, 21], [10, 6, 11, 5], [12, 20, 13, 19]]"
12a_0945_31,"[[12, 20, 13, 19], [14, 23, 15, 24], [16, 1, 17, 2], [18, 8, 19, 7], [20, 12, 21, 11], [22, 3, 23, 4], [24, 17, 1, 18], [2, 15, 3, 16], [4, 10, 5, 9], [6, 14, 7, 13], [8, 22, 9, 21], [10, 6, 11, 5]]"
12a_0945_32,"[[10, 6, 11, 5], [12, 20, 13, 19], [14, 23, 15, 24], [16, 1, 17, 2], [18, 8, 19, 7], [20, 12, 21, 11], [22, 3, 23, 4], [24, 17, 1, 18], [2, 15, 3, 16], [4, 10, 5, 9], [6, 14, 7, 13], [8, 22, 9, 21]]"
12a_0945_33,"[[8, 22, 9, 21], [10, 6, 11, 5], [12, 20, 13, 19], [14, 23, 15, 24], [16, 1, 17, 2], [18, 8, 19, 7], [20, 12, 21, 11], [22, 3, 23, 4], [24, 17, 1, 18], [2, 15, 3, 16], [4, 10, 5, 9], [6, 14, 7, 13]]"
12a_0945_34,"[[6, 14, 7, 13], [8, 22, 9, 21], [10, 6, 11, 5], [12, 20, 13, 19], [14, 23, 15, 24], [16, 1, 17, 2], [18, 8, 19, 7], [20, 12, 21, 11], [22, 3, 23, 4], [24, 17, 1, 18], [2, 15, 3, 16], [4, 10, 5, 9]]"
12a_0945_35,"[[4, 10, 5, 9], [6, 14, 7, 13], [8, 22, 9, 21], [10, 6, 11, 5], [12, 20, 13, 19], [14, 23, 15, 24], [16, 1, 17, 2], [18, 8, 19, 7], [20, 12, 21, 11], [22, 3, 23, 4], [24, 17, 1, 18], [2, 15, 3, 16]]"
12a_0945_36,"[[3, 16, 4, 17], [5, 11, 6, 10], [7, 15, 8, 14], [9, 23, 10, 22], [11, 7, 12, 6], [13, 21, 14, 20], [15, 24, 16, 1], [17, 2, 18, 3], [19, 9, 20, 8], [21, 13, 22, 12], [23, 4, 24, 5], [1, 18, 2, 19]]"
12a_0945_37,"[[1, 18, 2, 19], [3, 16, 4, 17], [5, 11, 6, 10], [7, 15, 8, 14], [9, 23, 10, 22], [11, 7, 12, 6], [13, 21, 14, 20], [15, 24, 16, 1], [17, 2, 18, 3], [19, 9, 20, 8], [21, 13, 22, 12], [23, 4, 24, 5]]"
12a_0945_38,"[[23, 4, 24, 5], [1, 18, 2, 19], [3, 16, 4, 17], [5, 11, 6, 10], [7, 15, 8, 14], [9, 23, 10, 22], [11, 7, 12, 6], [13, 21, 14, 20], [15, 24, 16, 1], [17, 2, 18, 3], [19, 9, 20, 8], [21, 13, 22, 12]]"
12a_0945_39,"[[21, 13, 22, 12], [23, 4, 24, 5], [1, 18, 2, 19], [3, 16, 4, 17], [5, 11, 6, 10], [7, 15, 8, 14], [9, 23, 10, 22], [11, 7, 12, 6], [13, 21, 14, 20], [15, 24, 16, 1], [17, 2, 18, 3], [19, 9, 20, 8]]"
12a_0945_40,"[[19, 9, 20, 8], [21, 13, 22, 12], [23, 4, 24, 5], [1, 18, 2, 19], [3, 16, 4, 17], [5, 11, 6, 10], [7, 15, 8, 14], [9, 23, 10, 22], [11, 7, 12, 6], [13, 21, 14, 20], [15, 24, 16, 1], [17, 2, 18, 3]]"
12a_0945_41,"[[17, 2, 18, 3], [19, 9, 20, 8], [21, 13, 22, 12], [23, 4, 24, 5], [1, 18, 2, 19], [3, 16, 4, 17], [5, 11, 6, 10], [7, 15, 8, 14], [9, 23, 10, 22], [11, 7, 12, 6], [13, 21, 14, 20], [15, 24, 16, 1]]"
12a_0945_42,"[[15, 24, 16, 1], [17, 2, 18, 3], [19, 9, 20, 8], [21, 13, 22, 12], [23, 4, 24, 5], [1, 18, 2, 19], [3, 16, 4, 17], [5, 11, 6, 10], [7, 15, 8, 14], [9, 23, 10, 22], [11, 7, 12, 6], [13, 21, 14, 20]]"
12a_0945_43,"[[13, 21, 14, 20], [15, 24, 16, 1], [17, 2, 18, 3], [19, 9, 20, 8], [21, 13, 22, 12], [23, 4, 24, 5], [1, 18, 2, 19], [3, 16, 4, 17], [5, 11, 6, 10], [7, 15, 8, 14], [9, 23, 10, 22], [11, 7, 12, 6]]"
12a_0945_44,"[[11, 7, 12, 6], [13, 21, 14, 20], [15, 24, 16, 1], [17, 2, 18, 3], [19, 9, 20, 8], [21, 13, 22, 12], [23, 4, 24, 5], [1, 18, 2, 19], [3, 16, 4, 17], [5, 11, 6, 10], [7, 15, 8, 14], [9, 23, 10, 22]]"
12a_0945_45,"[[9, 23, 10, 22], [11, 7, 12, 6], [13, 21, 14, 20], [15, 24, 16, 1], [17, 2, 18, 3], [19, 9, 20, 8], [21, 13, 22, 12], [23, 4, 24, 5], [1, 18, 2, 19], [3, 16, 4, 17], [5, 11, 6, 10], [7, 15, 8, 14]]"
12a_0945_46,"[[7, 15, 8, 14], [9, 23, 10, 22], [11, 7, 12, 6], [13, 21, 14, 20], [15, 24, 16, 1], [17, 2, 18, 3], [19, 9, 20, 8], [21, 13, 22, 12], [23, 4, 24, 5], [1, 18, 2, 19], [3, 16, 4, 17], [5, 11, 6, 10]]"
12a_0945_47,"[[5, 11, 6, 10], [7, 15, 8, 14], [9, 23, 10, 22], [11, 7, 12, 6], [13, 21, 14, 20], [15, 24, 16, 1], [17, 2, 18, 3], [19, 9, 20, 8], [21, 13, 22, 12], [23, 4, 24, 5], [1, 18, 2, 19], [3, 16, 4, 17]]"
12a_0945_48,"[[4, 17, 5, 18], [6, 12, 7, 11], [8, 16, 9, 15], [10, 24, 11, 23], [12, 8, 13, 7], [14, 22, 15, 21], [16, 1, 17, 2], [18, 3, 19, 4], [20, 10, 21, 9], [22, 14, 23, 13], [24, 5, 1, 6], [2, 19, 3, 20]]"
12a_0945_49,"[[2, 19, 3, 20], [4, 17, 5, 18], [6, 12, 7, 11], [8, 16, 9, 15], [10, 24, 11, 23], [12, 8, 13, 7], [14, 22, 15, 21], [16, 1, 17, 2], [18, 3, 19, 4], [20, 10, 21, 9], [22, 14, 23, 13], [24, 5, 1, 6]]"
12a_0945_50,"[[24, 5, 1, 6], [2, 19, 3, 20], [4, 17, 5, 18], [6, 12, 7, 11], [8, 16, 9, 15], [10, 24, 11, 23], [12, 8, 13, 7], [14, 22, 15, 21], [16, 1, 17, 2], [18, 3, 19, 4], [20, 10, 21, 9], [22, 14, 23, 13]]"
12a_0945_51,"[[22, 14, 23, 13], [24, 5, 1, 6], [2, 19, 3, 20], [4, 17, 5, 18], [6, 12, 7, 11], [8, 16, 9, 15], [10, 24, 11, 23], [12, 8, 13, 7], [14, 22, 15, 21], [16, 1, 17, 2], [18, 3, 19, 4], [20, 10, 21, 9]]"
12a_0945_52,"[[20, 10, 21, 9], [22, 14, 23, 13], [24, 5, 1, 6], [2, 19, 3, 20], [4, 17, 5, 18], [6, 12, 7, 11], [8, 16, 9, 15], [10, 24, 11, 23], [12, 8, 13, 7], [14, 22, 15, 21], [16, 1, 17, 2], [18, 3, 19, 4]]"
12a_0945_53,"[[18, 3, 19, 4], [20, 10, 21, 9], [22, 14, 23, 13], [24, 5, 1, 6], [2, 19, 3, 20], [4, 17, 5, 18], [6, 12, 7, 11], [8, 16, 9, 15], [10, 24, 11, 23], [12, 8, 13, 7], [14, 22, 15, 21], [16, 1, 17, 2]]"
12a_0945_54,"[[16, 1, 17, 2], [18, 3, 19, 4], [20, 10, 21, 9], [22, 14, 23, 13], [24, 5, 1, 6], [2, 19, 3, 20], [4, 17, 5, 18], [6, 12, 7, 11], [8, 16, 9, 15], [10, 24, 11, 23], [12, 8, 13, 7], [14, 22, 15, 21]]"
12a_0945_55,"[[14, 22, 15, 21], [16, 1, 17, 2], [18, 3, 19, 4], [20, 10, 21, 9], [22, 14, 23, 13], [24, 5, 1, 6], [2, 19, 3, 20], [4, 17, 5, 18], [6, 12, 7, 11], [8, 16, 9, 15], [10, 24, 11, 23], [12, 8, 13, 7]]"
12a_0945_56,"[[12, 8, 13, 7], [14, 22, 15, 21], [16, 1, 17, 2], [18, 3, 19, 4], [20, 10, 21, 9], [22, 14, 23, 13], [24, 5, 1, 6], [2, 19, 3, 20], [4, 17, 5, 18], [6, 12, 7, 11], [8, 16, 9, 15], [10, 24, 11, 23]]"
12a_0945_57,"[[10, 24, 11, 23], [12, 8, 13, 7], [14, 22, 15, 21], [16, 1, 17, 2], [18, 3, 19, 4], [20, 10, 21, 9], [22, 14, 23, 13], [24, 5, 1, 6], [2, 19, 3, 20], [4, 17, 5, 18], [6, 12, 7, 11], [8, 16, 9, 15]]"
12a_0945_58,"[[8, 16, 9, 15], [10, 24, 11, 23], [12, 8, 13, 7], [14, 22, 15, 21], [16, 1, 17, 2], [18, 3, 19, 4], [20, 10, 21, 9], [22, 14, 23, 13], [24, 5, 1, 6], [2, 19, 3, 20], [4, 17, 5, 18], [6, 12, 7, 11]]"
12a_0945_59,"[[6, 12, 7, 11], [8, 16, 9, 15], [10, 24, 11, 23], [12, 8, 13, 7], [14, 22, 15, 21], [16, 1, 17, 2], [18, 3, 19, 4], [20, 10, 21, 9], [22, 14, 23, 13], [24, 5, 1, 6], [2, 19, 3, 20], [4, 17, 5, 18]]"
12a_0945_60,"[[5, 18, 6, 19], [7, 13, 8, 12], [9, 17, 10, 16], [11, 1, 12, 24], [13, 9, 14, 8], [15, 23, 16, 22], [17, 2, 18, 3], [19, 4, 20, 5], [21, 11, 22, 10], [23, 15, 24, 14], [1, 6, 2, 7], [3, 20, 4, 21]]"
12a_0945_61,"[[3, 20, 4, 21], [5, 18, 6, 19], [7, 13, 8, 12], [9, 17, 10, 16], [11, 1, 12, 24], [13, 9, 14, 8], [15, 23, 16, 22], [17, 2, 18, 3], [19, 4, 20, 5], [21, 11, 22, 10], [23, 15, 24, 14], [1, 6, 2, 7]]"
12a_0945_62,"[[1, 6, 2, 7], [3, 20, 4, 21], [5, 18, 6, 19], [7, 13, 8, 12], [9, 17, 10, 16], [11, 1, 12, 24], [13, 9, 14, 8], [15, 23, 16, 22], [17, 2, 18, 3], [19, 4, 20, 5], [21, 11, 22, 10], [23, 15, 24, 14]]"
12a_0945_63,"[[23, 15, 24, 14], [1, 6, 2, 7], [3, 20, 4, 21], [5, 18, 6, 19], [7, 13, 8, 12], [9, 17, 10, 16], [11, 1, 12, 24], [13, 9, 14, 8], [15, 23, 16, 22], [17, 2, 18, 3], [19, 4, 20, 5], [21, 11, 22, 10]]"
12a_0945_64,"[[21, 11, 22, 10], [23, 15, 24, 14], [1, 6, 2, 7], [3, 20, 4, 21], [5, 18, 6, 19], [7, 13, 8, 12], [9, 17, 10, 16], [11, 1, 12, 24], [13, 9, 14, 8], [15, 23, 16, 22], [17, 2, 18, 3], [19, 4, 20, 5]]"
12a_0945_65,"[[19, 4, 20, 5], [21, 11, 22, 10], [23, 15, 24, 14], [1, 6, 2, 7], [3, 20, 4, 21], [5, 18, 6, 19], [7, 13, 8, 12], [9, 17, 10, 16], [11, 1, 12, 24], [13, 9, 14, 8], [15, 23, 16, 22], [17, 2, 18, 3]]"
12a_0945_66,"[[17, 2, 18, 3], [19, 4, 20, 5], [21, 11, 22, 10], [23, 15, 24, 14], [1, 6, 2, 7], [3, 20, 4, 21], [5, 18, 6, 19], [7, 13, 8, 12], [9, 17, 10, 16], [11, 1, 12, 24], [13, 9, 14, 8], [15, 23, 16, 22]]"
12a_0945_67,"[[15, 23, 16, 22], [17, 2, 18, 3], [19, 4, 20, 5], [21, 11, 22, 10], [23, 15, 24, 14], [1, 6, 2, 7], [3, 20, 4, 21], [5, 18, 6, 19], [7, 13, 8, 12], [9, 17, 10, 16], [11, 1, 12, 24], [13, 9, 14, 8]]"
12a_0945_68,"[[13, 9, 14, 8], [15, 23, 16, 22], [17, 2, 18, 3], [19, 4, 20, 5], [21, 11, 22, 10], [23, 15, 24, 14], [1, 6, 2, 7], [3, 20, 4, 21], [5, 18, 6, 19], [7, 13, 8, 12], [9, 17, 10, 16], [11, 1, 12, 24]]"
12a_0945_69,"[[11, 1, 12, 24], [13, 9, 14, 8], [15, 23, 16, 22], [17, 2, 18, 3], [19, 4, 20, 5], [21, 11, 22, 10], [23, 15, 24, 14], [1, 6, 2, 7], [3, 20, 4, 21], [5, 18, 6, 19], [7, 13, 8, 12], [9, 17, 10, 16]]"
12a_0945_70,"[[9, 17, 10, 16], [11, 1, 12, 24], [13, 9, 14, 8], [15, 23, 16, 22], [17, 2, 18, 3], [19, 4, 20, 5], [21, 11, 22, 10], [23, 15, 24, 14], [1, 6, 2, 7], [3, 20, 4, 21], [5, 18, 6, 19], [7, 13, 8, 12]]"
12a_0945_71,"[[7, 13, 8, 12], [9, 17, 10, 16], [11, 1, 12, 24], [13, 9, 14, 8], [15, 23, 16, 22], [17, 2, 18, 3], [19, 4, 20, 5], [21, 11, 22, 10], [23, 15, 24, 14], [1, 6, 2, 7], [3, 20, 4, 21], [5, 18, 6, 19]]"
12a_0945_72,"[[6, 19, 7, 20], [8, 14, 9, 13], [10, 18, 11, 17], [12, 2, 13, 1], [14, 10, 15, 9], [16, 24, 17, 23], [18, 3, 19, 4], [20, 5, 21, 6], [22, 12, 23, 11], [24, 16, 1, 15], [2, 7, 3, 8], [4, 21, 5, 22]]"
12a_0945_73,"[[4, 21, 5, 22], [6, 19, 7, 20], [8, 14, 9, 13], [10, 18, 11, 17], [12, 2, 13, 1], [14, 10, 15, 9], [16, 24, 17, 23], [18, 3, 19, 4], [20, 5, 21, 6], [22, 12, 23, 11], [24, 16, 1, 15], [2, 7, 3, 8]]"
12a_0945_74,"[[2, 7, 3, 8], [4, 21, 5, 22], [6, 19, 7, 20], [8, 14, 9, 13], [10, 18, 11, 17], [12, 2, 13, 1], [14, 10, 15, 9], [16, 24, 17, 23], [18, 3, 19, 4], [20, 5, 21, 6], [22, 12, 23, 11], [24, 16, 1, 15]]"
12a_0945_75,"[[24, 16, 1, 15], [2, 7, 3, 8], [4, 21, 5, 22], [6, 19, 7, 20], [8, 14, 9, 13], [10, 18, 11, 17], [12, 2, 13, 1], [14, 10, 15, 9], [16, 24, 17, 23], [18, 3, 19, 4], [20, 5, 21, 6], [22, 12, 23, 11]]"
12a_0945_76,"[[22, 12, 23, 11], [24, 16, 1, 15], [2, 7, 3, 8], [4, 21, 5, 22], [6, 19, 7, 20], [8, 14, 9, 13], [10, 18, 11, 17], [12, 2, 13, 1], [14, 10, 15, 9], [16, 24, 17, 23], [18, 3, 19, 4], [20, 5, 21, 6]]"
12a_0945_77,"[[20, 5, 21, 6], [22, 12, 23, 11], [24, 16, 1, 15], [2, 7, 3, 8], [4, 21, 5, 22], [6, 19, 7, 20], [8, 14, 9, 13], [10, 18, 11, 17], [12, 2, 13, 1], [14, 10, 15, 9], [16, 24, 17, 23], [18, 3, 19, 4]]"
12a_0945_78,"[[18, 3, 19, 4], [20, 5, 21, 6], [22, 12, 23, 11], [24, 16, 1, 15], [2, 7, 3, 8], [4, 21, 5, 22], [6, 19, 7, 20], [8, 14, 9, 13], [10, 18, 11, 17], [12, 2, 13, 1], [14, 10, 15, 9], [16, 24, 17, 23]]"
12a_0945_79,"[[16, 24, 17, 23], [18, 3, 19, 4], [20, 5, 21, 6], [22, 12, 23, 11], [24, 16, 1, 15], [2, 7, 3, 8], [4, 21, 5, 22], [6, 19, 7, 20], [8, 14, 9, 13], [10, 18, 11, 17], [12, 2, 13, 1], [14, 10, 15, 9]]"
12a_0945_80,"[[14, 10, 15, 9], [16, 24, 17, 23], [18, 3, 19, 4], [20, 5, 21, 6], [22, 12, 23, 11], [24, 16, 1, 15], [2, 7, 3, 8], [4, 21, 5, 22], [6, 19, 7, 20], [8, 14, 9, 13], [10, 18, 11, 17], [12, 2, 13, 1]]"
12a_0945_81,"[[12, 2, 13, 1], [14, 10, 15, 9], [16, 24, 17, 23], [18, 3, 19, 4], [20, 5, 21, 6], [22, 12, 23, 11], [24, 16, 1, 15], [2, 7, 3, 8], [4, 21, 5, 22], [6, 19, 7, 20], [8, 14, 9, 13], [10, 18, 11, 17]]"
12a_0945_82,"[[10, 18, 11, 17], [12, 2, 13, 1], [14, 10, 15, 9], [16, 24, 17, 23], [18, 3, 19, 4], [20, 5, 21, 6], [22, 12, 23, 11], [24, 16, 1, 15], [2, 7, 3, 8], [4, 21, 5, 22], [6, 19, 7, 20], [8, 14, 9, 13]]"
12a_0945_83,"[[8, 14, 9, 13], [10, 18, 11, 17], [12, 2, 13, 1], [14, 10, 15, 9], [16, 24, 17, 23], [18, 3, 19, 4], [20, 5, 21, 6], [22, 12, 23, 11], [24, 16, 1, 15], [2, 7, 3, 8], [4, 21, 5, 22], [6, 19, 7, 20]]"
12a_0945_84,"[[7, 20, 8, 21], [9, 15, 10, 14], [11, 19, 12, 18], [13, 3, 14, 2], [15, 11, 16, 10], [17, 1, 18, 24], [19, 4, 20, 5], [21, 6, 22, 7], [23, 13, 24, 12], [1, 17, 2, 16], [3, 8, 4, 9], [5, 22, 6, 23]]"
12a_0945_85,"[[5, 22, 6, 23], [7, 20, 8, 21], [9, 15, 10, 14], [11, 19, 12, 18], [13, 3, 14, 2], [15, 11, 16, 10], [17, 1, 18, 24], [19, 4, 20, 5], [21, 6, 22, 7], [23, 13, 24, 12], [1, 17, 2, 16], [3, 8, 4, 9]]"
12a_0945_86,"[[3, 8, 4, 9], [5, 22, 6, 23], [7, 20, 8, 21], [9, 15, 10, 14], [11, 19, 12, 18], [13, 3, 14, 2], [15, 11, 16, 10], [17, 1, 18, 24], [19, 4, 20, 5], [21, 6, 22, 7], [23, 13, 24, 12], [1, 17, 2, 16]]"
12a_0945_87,"[[1, 17, 2, 16], [3, 8, 4, 9], [5, 22, 6, 23], [7, 20, 8, 21], [9, 15, 10, 14], [11, 19, 12, 18], [13, 3, 14, 2], [15, 11, 16, 10], [17, 1, 18, 24], [19, 4, 20, 5], [21, 6, 22, 7], [23, 13, 24, 12]]"
12a_0945_88,"[[23, 13, 24, 12], [1, 17, 2, 16], [3, 8, 4, 9], [5, 22, 6, 23], [7, 20, 8, 21], [9, 15, 10, 14], [11, 19, 12, 18], [13, 3, 14, 2], [15, 11, 16, 10], [17, 1, 18, 24], [19, 4, 20, 5], [21, 6, 22, 7]]"
12a_0945_89,"[[21, 6, 22, 7], [23, 13, 24, 12], [1, 17, 2, 16], [3, 8, 4, 9], [5, 22, 6, 23], [7, 20, 8, 21], [9, 15, 10, 14], [11, 19, 12, 18], [13, 3, 14, 2], [15, 11, 16, 10], [17, 1, 18, 24], [19, 4, 20, 5]]"
12a_0945_90,"[[19, 4, 20, 5], [21, 6, 22, 7], [23, 13, 24, 12], [1, 17, 2, 16], [3, 8, 4, 9], [5, 22, 6, 23], [7, 20, 8, 21], [9, 15, 10, 14], [11, 19, 12, 18], [13, 3, 14, 2], [15, 11, 16, 10], [17, 1, 18, 24]]"
12a_0945_91,"[[17, 1, 18, 24], [19, 4, 20, 5], [21, 6, 22, 7], [23, 13, 24, 12], [1, 17, 2, 16], [3, 8, 4, 9], [5, 22, 6, 23], [7, 20, 8, 21], [9, 15, 10, 14], [11, 19, 12, 18], [13, 3, 14, 2], [15, 11, 16, 10]]"
12a_0945_92,"[[15, 11, 16, 10], [17, 1, 18, 24], [19, 4, 20, 5], [21, 6, 22, 7], [23, 13, 24, 12], [1, 17, 2, 16], [3, 8, 4, 9], [5, 22, 6, 23], [7, 20, 8, 21], [9, 15, 10, 14], [11, 19, 12, 18], [13, 3, 14, 2]]"
12a_0945_93,"[[13, 3, 14, 2], [15, 11, 16, 10], [17, 1, 18, 24], [19, 4, 20, 5], [21, 6, 22, 7], [23, 13, 24, 12], [1, 17, 2, 16], [3, 8, 4, 9], [5, 22, 6, 23], [7, 20, 8, 21], [9, 15, 10, 14], [11, 19, 12, 18]]"
12a_0945_94,"[[11, 19, 12, 18], [13, 3, 14, 2], [15, 11, 16, 10], [17, 1, 18, 24], [19, 4, 20, 5], [21, 6, 22, 7], [23, 13, 24, 12], [1, 17, 2, 16], [3, 8, 4, 9], [5, 22, 6, 23], [7, 20, 8, 21], [9, 15, 10, 14]]"
12a_0945_95,"[[9, 15, 10, 14], [11, 19, 12, 18], [13, 3, 14, 2], [15, 11, 16, 10], [17, 1, 18, 24], [19, 4, 20, 5], [21, 6, 22, 7], [23, 13, 24, 12], [1, 17, 2, 16], [3, 8, 4, 9], [5, 22, 6, 23], [7, 20, 8, 21]]"
12a_0945_96,"[[8, 21, 9, 22], [10, 16, 11, 15], [12, 20, 13, 19], [14, 4, 15, 3], [16, 12, 17, 11], [18, 2, 19, 1], [20, 5, 21, 6], [22, 7, 23, 8], [24, 14, 1, 13], [2, 18, 3, 17], [4, 9, 5, 10], [6, 23, 7, 24]]"
12a_0945_97,"[[6, 23, 7, 24], [8, 21, 9, 22], [10, 16, 11, 15], [12, 20, 13, 19], [14, 4, 15, 3], [16, 12, 17, 11], [18, 2, 19, 1], [20, 5, 21, 6], [22, 7, 23, 8], [24, 14, 1, 13], [2, 18, 3, 17], [4, 9, 5, 10]]"
12a_0945_98,"[[4, 9, 5, 10], [6, 23, 7, 24], [8, 21, 9, 22], [10, 16, 11, 15], [12, 20, 13, 19], [14, 4, 15, 3], [16, 12, 17, 11], [18, 2, 19, 1], [20, 5, 21, 6], [22, 7, 23, 8], [24, 14, 1, 13], [2, 18, 3, 17]]"
12a_0945_99,"[[2, 18, 3, 17], [4, 9, 5, 10], [6, 23, 7, 24], [8, 21, 9, 22], [10, 16, 11, 15], [12, 20, 13, 19], [14, 4, 15, 3], [16, 12, 17, 11], [18, 2, 19, 1], [20, 5, 21, 6], [22, 7, 23, 8], [24, 14, 1, 13]]"
12a_0945_100,"[[24, 14, 1, 13], [2, 18, 3, 17], [4, 9, 5, 10], [6, 23, 7, 24], [8, 21, 9, 22], [10, 16, 11, 15], [12, 20, 13, 19], [14, 4, 15, 3], [16, 12, 17, 11], [18, 2, 19, 1], [20, 5, 21, 6], [22, 7, 23, 8]]"
12a_0945_101,"[[22, 7, 23, 8], [24, 14, 1, 13], [2, 18, 3, 17], [4, 9, 5, 10], [6, 23, 7, 24], [8, 21, 9, 22], [10, 16, 11, 15], [12, 20, 13, 19], [14, 4, 15, 3], [16, 12, 17, 11], [18, 2, 19, 1], [20, 5, 21, 6]]"
12a_0945_102,"[[20, 5, 21, 6], [22, 7, 23, 8], [24, 14, 1, 13], [2, 18, 3, 17], [4, 9, 5, 10], [6, 23, 7, 24], [8, 21, 9, 22], [10, 16, 11, 15], [12, 20, 13, 19], [14, 4, 15, 3], [16, 12, 17, 11], [18, 2, 19, 1]]"
12a_0945_103,"[[18, 2, 19, 1], [20, 5, 21, 6], [22, 7, 23, 8], [24, 14, 1, 13], [2, 18, 3, 17], [4, 9, 5, 10], [6, 23, 7, 24], [8, 21, 9, 22], [10, 16, 11, 15], [12, 20, 13, 19], [14, 4, 15, 3], [16, 12, 17, 11]]"
12a_0945_104,"[[16, 12, 17, 11], [18, 2, 19, 1], [20, 5, 21, 6], [22, 7, 23, 8], [24, 14, 1, 13], [2, 18, 3, 17], [4, 9, 5, 10], [6, 23, 7, 24], [8, 21, 9, 22], [10, 16, 11, 15], [12, 20, 13, 19], [14, 4, 15, 3]]"
12a_0945_105,"[[14, 4, 15, 3], [16, 12, 17, 11], [18, 2, 19, 1], [20, 5, 21, 6], [22, 7, 23, 8], [24, 14, 1, 13], [2, 18, 3, 17], [4, 9, 5, 10], [6, 23, 7, 24], [8, 21, 9, 22], [10, 16, 11, 15], [12, 20, 13, 19]]"
12a_0945_106,"[[12, 20, 13, 19], [14, 4, 15, 3], [16, 12, 17, 11], [18, 2, 19, 1], [20, 5, 21, 6], [22, 7, 23, 8], [24, 14, 1, 13], [2, 18, 3, 17], [4, 9, 5, 10], [6, 23, 7, 24], [8, 21, 9, 22], [10, 16, 11, 15]]"
12a_0945_107,"[[10, 16, 11, 15], [12, 20, 13, 19], [14, 4, 15, 3], [16, 12, 17, 11], [18, 2, 19, 1], [20, 5, 21, 6], [22, 7, 23, 8], [24, 14, 1, 13], [2, 18, 3, 17], [4, 9, 5, 10], [6, 23, 7, 24], [8, 21, 9, 22]]"
12a_0945_108,"[[9, 22, 10, 23], [11, 17, 12, 16], [13, 21, 14, 20], [15, 5, 16, 4], [17, 13, 18, 12], [19, 3, 20, 2], [21, 6, 22, 7], [23, 8, 24, 9], [1, 15, 2, 14], [3, 19, 4, 18], [5, 10, 6, 11], [7, 24, 8, 1]]"
12a_0945_109,"[[7, 24, 8, 1], [9, 22, 10, 23], [11, 17, 12, 16], [13, 21, 14, 20], [15, 5, 16, 4], [17, 13, 18, 12], [19, 3, 20, 2], [21, 6, 22, 7], [23, 8, 24, 9], [1, 15, 2, 14], [3, 19, 4, 18], [5, 10, 6, 11]]"
12a_0945_110,"[[5, 10, 6, 11], [7, 24, 8, 1], [9, 22, 10, 23], [11, 17, 12, 16], [13, 21, 14, 20], [15, 5, 16, 4], [17, 13, 18, 12], [19, 3, 20, 2], [21, 6, 22, 7], [23, 8, 24, 9], [1, 15, 2, 14], [3, 19, 4, 18]]"
12a_0945_111,"[[3, 19, 4, 18], [5, 10, 6, 11], [7, 24, 8, 1], [9, 22, 10, 23], [11, 17, 12, 16], [13, 21, 14, 20], [15, 5, 16, 4], [17, 13, 18, 12], [19, 3, 20, 2], [21, 6, 22, 7], [23, 8, 24, 9], [1, 15, 2, 14]]"
12a_0945_112,"[[1, 15, 2, 14], [3, 19, 4, 18], [5, 10, 6, 11], [7, 24, 8, 1], [9, 22, 10, 23], [11, 17, 12, 16], [13, 21, 14, 20], [15, 5, 16, 4], [17, 13, 18, 12], [19, 3, 20, 2], [21, 6, 22, 7], [23, 8, 24, 9]]"
12a_0945_113,"[[23, 8, 24, 9], [1, 15, 2, 14], [3, 19, 4, 18], [5, 10, 6, 11], [7, 24, 8, 1], [9, 22, 10, 23], [11, 17, 12, 16], [13, 21, 14, 20], [15, 5, 16, 4], [17, 13, 18, 12], [19, 3, 20, 2], [21, 6, 22, 7]]"
12a_0945_114,"[[21, 6, 22, 7], [23, 8, 24, 9], [1, 15, 2, 14], [3, 19, 4, 18], [5, 10, 6, 11], [7, 24, 8, 1], [9, 22, 10, 23], [11, 17, 12, 16], [13, 21, 14, 20], [15, 5, 16, 4], [17, 13, 18, 12], [19, 3, 20, 2]]"
12a_0945_115,"[[19, 3, 20, 2], [21, 6, 22, 7], [23, 8, 24, 9], [1, 15, 2, 14], [3, 19, 4, 18], [5, 10, 6, 11], [7, 24, 8, 1], [9, 22, 10, 23], [11, 17, 12, 16], [13, 21, 14, 20], [15, 5, 16, 4], [17, 13, 18, 12]]"
12a_0945_116,"[[17, 13, 18, 12], [19, 3, 20, 2], [21, 6, 22, 7], [23, 8, 24, 9], [1, 15, 2, 14], [3, 19, 4, 18], [5, 10, 6, 11], [7, 24, 8, 1], [9, 22, 10, 23], [11, 17, 12, 16], [13, 21, 14, 20], [15, 5, 16, 4]]"
12a_0945_117,"[[15, 5, 16, 4], [17, 13, 18, 12], [19, 3, 20, 2], [21, 6, 22, 7], [23, 8, 24, 9], [1, 15, 2, 14], [3, 19, 4, 18], [5, 10, 6, 11], [7, 24, 8, 1], [9, 22, 10, 23], [11, 17, 12, 16], [13, 21, 14, 20]]"
12a_0945_118,"[[13, 21, 14, 20], [15, 5, 16, 4], [17, 13, 18, 12], [19, 3, 20, 2], [21, 6, 22, 7], [23, 8, 24, 9], [1, 15, 2, 14], [3, 19, 4, 18], [5, 10, 6, 11], [7, 24, 8, 1], [9, 22, 10, 23], [11, 17, 12, 16]]"
12a_0945_119,"[[11, 17, 12, 16], [13, 21, 14, 20], [15, 5, 16, 4], [17, 13, 18, 12], [19, 3, 20, 2], [21, 6, 22, 7], [23, 8, 24, 9], [1, 15, 2, 14], [3, 19, 4, 18], [5, 10, 6, 11], [7, 24, 8, 1], [9, 22, 10, 23]]"
12a_0945_120,"[[10, 23, 11, 24], [12, 18, 13, 17], [14, 22, 15, 21], [16, 6, 17, 5], [18, 14, 19, 13], [20, 4, 21, 3], [22, 7, 23, 8], [24, 9, 1, 10], [2, 16, 3, 15], [4, 20, 5, 19], [6, 11, 7, 12], [8, 1, 9, 2]]"
12a_0945_121,"[[8, 1, 9, 2], [10, 23, 11, 24], [12, 18, 13, 17], [14, 22, 15, 21], [16, 6, 17, 5], [18, 14, 19, 13], [20, 4, 21, 3], [22, 7, 23, 8], [24, 9, 1, 10], [2, 16, 3, 15], [4, 20, 5, 19], [6, 11, 7, 12]]"
12a_0945_122,"[[6, 11, 7, 12], [8, 1, 9, 2], [10, 23, 11, 24], [12, 18, 13, 17], [14, 22, 15, 21], [16, 6, 17, 5], [18, 14, 19, 13], [20, 4, 21, 3], [22, 7, 23, 8], [24, 9, 1, 10], [2, 16, 3, 15], [4, 20, 5, 19]]"
12a_0945_123,"[[4, 20, 5, 19], [6, 11, 7, 12], [8, 1, 9, 2], [10, 23, 11, 24], [12, 18, 13, 17], [14, 22, 15, 21], [16, 6, 17, 5], [18, 14, 19, 13], [20, 4, 21, 3], [22, 7, 23, 8], [24, 9, 1, 10], [2, 16, 3, 15]]"
12a_0945_124,"[[2, 16, 3, 15], [4, 20, 5, 19], [6, 11, 7, 12], [8, 1, 9, 2], [10, 23, 11, 24], [12, 18, 13, 17], [14, 22, 15, 21], [16, 6, 17, 5], [18, 14, 19, 13], [20, 4, 21, 3], [22, 7, 23, 8], [24, 9, 1, 10]]"
12a_0945_125,"[[24, 9, 1, 10], [2, 16, 3, 15], [4, 20, 5, 19], [6, 11, 7, 12], [8, 1, 9, 2], [10, 23, 11, 24], [12, 18, 13, 17], [14, 22, 15, 21], [16, 6, 17, 5], [18, 14, 19, 13], [20, 4, 21, 3], [22, 7, 23, 8]]"
12a_0945_126,"[[22, 7, 23, 8], [24, 9, 1, 10], [2, 16, 3, 15], [4, 20, 5, 19], [6, 11, 7, 12], [8, 1, 9, 2], [10, 23, 11, 24], [12, 18, 13, 17], [14, 22, 15, 21], [16, 6, 17, 5], [18, 14, 19, 13], [20, 4, 21, 3]]"
12a_0945_127,"[[20, 4, 21, 3], [22, 7, 23, 8], [24, 9, 1, 10], [2, 16, 3, 15], [4, 20, 5, 19], [6, 11, 7, 12], [8, 1, 9, 2], [10, 23, 11, 24], [12, 18, 13, 17], [14, 22, 15, 21], [16, 6, 17, 5], [18, 14, 19, 13]]"
12a_0945_128,"[[18, 14, 19, 13], [20, 4, 21, 3], [22, 7, 23, 8], [24, 9, 1, 10], [2, 16, 3, 15], [4, 20, 5, 19], [6, 11, 7, 12], [8, 1, 9, 2], [10, 23, 11, 24], [12, 18, 13, 17], [14, 22, 15, 21], [16, 6, 17, 5]]"
12a_0945_129,"[[16, 6, 17, 5], [18, 14, 19, 13], [20, 4, 21, 3], [22, 7, 23, 8], [24, 9, 1, 10], [2, 16, 3, 15], [4, 20, 5, 19], [6, 11, 7, 12], [8, 1, 9, 2], [10, 23, 11, 24], [12, 18, 13, 17], [14, 22, 15, 21]]"
12a_0945_130,"[[14, 22, 15, 21], [16, 6, 17, 5], [18, 14, 19, 13], [20, 4, 21, 3], [22, 7, 23, 8], [24, 9, 1, 10], [2, 16, 3, 15], [4, 20, 5, 19], [6, 11, 7, 12], [8, 1, 9, 2], [10, 23, 11, 24], [12, 18, 13, 17]]"
12a_0945_131,"[[12, 18, 13, 17], [14, 22, 15, 21], [16, 6, 17, 5], [18, 14, 19, 13], [20, 4, 21, 3], [22, 7, 23, 8], [24, 9, 1, 10], [2, 16, 3, 15], [4, 20, 5, 19], [6, 11, 7, 12], [8, 1, 9, 2], [10, 23, 11, 24]]"
12a_0945_132,"[[11, 24, 12, 1], [13, 19, 14, 18], [15, 23, 16, 22], [17, 7, 18, 6], [19, 15, 20, 14], [21, 5, 22, 4], [23, 8, 24, 9], [1, 10, 2, 11], [3, 17, 4, 16], [5, 21, 6, 20], [7, 12, 8, 13], [9, 2, 10, 3]]"
12a_0945_133,"[[9, 2, 10, 3], [11, 24, 12, 1], [13, 19, 14, 18], [15, 23, 16, 22], [17, 7, 18, 6], [19, 15, 20, 14], [21, 5, 22, 4], [23, 8, 24, 9], [1, 10, 2, 11], [3, 17, 4, 16], [5, 21, 6, 20], [7, 12, 8, 13]]"
12a_0945_134,"[[7, 12, 8, 13], [9, 2, 10, 3], [11, 24, 12, 1], [13, 19, 14, 18], [15, 23, 16, 22], [17, 7, 18, 6], [19, 15, 20, 14], [21, 5, 22, 4], [23, 8, 24, 9], [1, 10, 2, 11], [3, 17, 4, 16], [5, 21, 6, 20]]"
12a_0945_135,"[[5, 21, 6, 20], [7, 12, 8, 13], [9, 2, 10, 3], [11, 24, 12, 1], [13, 19, 14, 18], [15, 23, 16, 22], [17, 7, 18, 6], [19, 15, 20, 14], [21, 5, 22, 4], [23, 8, 24, 9], [1, 10, 2, 11], [3, 17, 4, 16]]"
12a_0945_136,"[[3, 17, 4, 16], [5, 21, 6, 20], [7, 12, 8, 13], [9, 2, 10, 3], [11, 24, 12, 1], [13, 19, 14, 18], [15, 23, 16, 22], [17, 7, 18, 6], [19, 15, 20, 14], [21, 5, 22, 4], [23, 8, 24, 9], [1, 10, 2, 11]]"
12a_0945_137,"[[1, 10, 2, 11], [3, 17, 4, 16], [5, 21, 6, 20], [7, 12, 8, 13], [9, 2, 10, 3], [11, 24, 12, 1], [13, 19, 14, 18], [15, 23, 16, 22], [17, 7, 18, 6], [19, 15, 20, 14], [21, 5, 22, 4], [23, 8, 24, 9]]"
12a_0945_138,"[[23, 8, 24, 9], [1, 10, 2, 11], [3, 17, 4, 16], [5, 21, 6, 20], [7, 12, 8, 13], [9, 2, 10, 3], [11, 24, 12, 1], [13, 19, 14, 18], [15, 23, 16, 22], [17, 7, 18, 6], [19, 15, 20, 14], [21, 5, 22, 4]]"
12a_0945_139,"[[21, 5, 22, 4], [23, 8, 24, 9], [1, 10, 2, 11], [3, 17, 4, 16], [5, 21, 6, 20], [7, 12, 8, 13], [9, 2, 10, 3], [11, 24, 12, 1], [13, 19, 14, 18], [15, 23, 16, 22], [17, 7, 18, 6], [19, 15, 20, 14]]"
12a_0945_140,"[[19, 15, 20, 14], [21, 5, 22, 4], [23, 8, 24, 9], [1, 10, 2, 11], [3, 17, 4, 16], [5, 21, 6, 20], [7, 12, 8, 13], [9, 2, 10, 3], [11, 24, 12, 1], [13, 19, 14, 18], [15, 23, 16, 22], [17, 7, 18, 6]]"
12a_0945_141,"[[17, 7, 18, 6], [19, 15, 20, 14], [21, 5, 22, 4], [23, 8, 24, 9], [1, 10, 2, 11], [3, 17, 4, 16], [5, 21, 6, 20], [7, 12, 8, 13], [9, 2, 10, 3], [11, 24, 12, 1], [13, 19, 14, 18], [15, 23, 16, 22]]"
12a_0945_142,"[[15, 23, 16, 22], [17, 7, 18, 6], [19, 15, 20, 14], [21, 5, 22, 4], [23, 8, 24, 9], [1, 10, 2, 11], [3, 17, 4, 16], [5, 21, 6, 20], [7, 12, 8, 13], [9, 2, 10, 3], [11, 24, 12, 1], [13, 19, 14, 18]]"
12a_0945_143,"[[13, 19, 14, 18], [15, 23, 16, 22], [17, 7, 18, 6], [19, 15, 20, 14], [21, 5, 22, 4], [23, 8, 24, 9], [1, 10, 2, 11], [3, 17, 4, 16], [5, 21, 6, 20], [7, 12, 8, 13], [9, 2, 10, 3], [11, 24, 12, 1]]"
12a_0945_144,"[[12, 1, 13, 2], [14, 20, 15, 19], [16, 24, 17, 23], [18, 8, 19, 7], [20, 16, 21, 15], [22, 6, 23, 5], [24, 9, 1, 10], [2, 11, 3, 12], [4, 18, 5, 17], [6, 22, 7, 21], [8, 13, 9, 14], [10, 3, 11, 4]]"
12a_0945_145,"[[10, 3, 11, 4], [12, 1, 13, 2], [14, 20, 15, 19], [16, 24, 17, 23], [18, 8, 19, 7], [20, 16, 21, 15], [22, 6, 23, 5], [24, 9, 1, 10], [2, 11, 3, 12], [4, 18, 5, 17], [6, 22, 7, 21], [8, 13, 9, 14]]"
12a_0945_146,"[[8, 13, 9, 14], [10, 3, 11, 4], [12, 1, 13, 2], [14, 20, 15, 19], [16, 24, 17, 23], [18, 8, 19, 7], [20, 16, 21, 15], [22, 6, 23, 5], [24, 9, 1, 10], [2, 11, 3, 12], [4, 18, 5, 17], [6, 22, 7, 21]]"
12a_0945_147,"[[6, 22, 7, 21], [8, 13, 9, 14], [10, 3, 11, 4], [12, 1, 13, 2], [14, 20, 15, 19], [16, 24, 17, 23], [18, 8, 19, 7], [20, 16, 21, 15], [22, 6, 23, 5], [24, 9, 1, 10], [2, 11, 3, 12], [4, 18, 5, 17]]"
12a_0945_148,"[[4, 18, 5, 17], [6, 22, 7, 21], [8, 13, 9, 14], [10, 3, 11, 4], [12, 1, 13, 2], [14, 20, 15, 19], [16, 24, 17, 23], [18, 8, 19, 7], [20, 16, 21, 15], [22, 6, 23, 5], [24, 9, 1, 10], [2, 11, 3, 12]]"
12a_0945_149,"[[2, 11, 3, 12], [4, 18, 5, 17], [6, 22, 7, 21], [8, 13, 9, 14], [10, 3, 11, 4], [12, 1, 13, 2], [14, 20, 15, 19], [16, 24, 17, 23], [18, 8, 19, 7], [20, 16, 21, 15], [22, 6, 23, 5], [24, 9, 1, 10]]"
12a_0945_150,"[[24, 9, 1, 10], [2, 11, 3, 12], [4, 18, 5, 17], [6, 22, 7, 21], [8, 13, 9, 14], [10, 3, 11, 4], [12, 1, 13, 2], [14, 20, 15, 19], [16, 24, 17, 23], [18, 8, 19, 7], [20, 16, 21, 15], [22, 6, 23, 5]]"
12a_0945_151,"[[22, 6, 23, 5], [24, 9, 1, 10], [2, 11, 3, 12], [4, 18, 5, 17], [6, 22, 7, 21], [8, 13, 9, 14], [10, 3, 11, 4], [12, 1, 13, 2], [14, 20, 15, 19], [16, 24, 17, 23], [18, 8, 19, 7], [20, 16, 21, 15]]"
12a_0945_152,"[[20, 16, 21, 15], [22, 6, 23, 5], [24, 9, 1, 10], [2, 11, 3, 12], [4, 18, 5, 17], [6, 22, 7, 21], [8, 13, 9, 14], [10, 3, 11, 4], [12, 1, 13, 2], [14, 20, 15, 19], [16, 24, 17, 23], [18, 8, 19, 7]]"
12a_0945_153,"[[18, 8, 19, 7], [20, 16, 21, 15], [22, 6, 23, 5], [24, 9, 1, 10], [2, 11, 3, 12], [4, 18, 5, 17], [6, 22, 7, 21], [8, 13, 9, 14], [10, 3, 11, 4], [12, 1, 13, 2], [14, 20, 15, 19], [16, 24, 17, 23]]"
12a_0945_154,"[[16, 24, 17, 23], [18, 8, 19, 7], [20, 16, 21, 15], [22, 6, 23, 5], [24, 9, 1, 10], [2, 11, 3, 12], [4, 18, 5, 17], [6, 22, 7, 21], [8, 13, 9, 14], [10, 3, 11, 4], [12, 1, 13, 2], [14, 20, 15, 19]]"
12a_0945_155,"[[14, 20, 15, 19], [16, 24, 17, 23], [18, 8, 19, 7], [20, 16, 21, 15], [22, 6, 23, 5], [24, 9, 1, 10], [2, 11, 3, 12], [4, 18, 5, 17], [6, 22, 7, 21], [8, 13, 9, 14], [10, 3, 11, 4], [12, 1, 13, 2]]"
12a_0945_156,"[[13, 2, 14, 3], [15, 21, 16, 20], [17, 1, 18, 24], [19, 9, 20, 8], [21, 17, 22, 16], [23, 7, 24, 6], [1, 10, 2, 11], [3, 12, 4, 13], [5, 19, 6, 18], [7, 23, 8, 22], [9, 14, 10, 15], [11, 4, 12, 5]]"
12a_0945_157,"[[11, 4, 12, 5], [13, 2, 14, 3], [15, 21, 16, 20], [17, 1, 18, 24], [19, 9, 20, 8], [21, 17, 22, 16], [23, 7, 24, 6], [1, 10, 2, 11], [3, 12, 4, 13], [5, 19, 6, 18], [7, 23, 8, 22], [9, 14, 10, 15]]"
12a_0945_158,"[[9, 14, 10, 15], [11, 4, 12, 5], [13, 2, 14, 3], [15, 21, 16, 20], [17, 1, 18, 24], [19, 9, 20, 8], [21, 17, 22, 16], [23, 7, 24, 6], [1, 10, 2, 11], [3, 12, 4, 13], [5, 19, 6, 18], [7, 23, 8, 22]]"
12a_0945_159,"[[7, 23, 8, 22], [9, 14, 10, 15], [11, 4, 12, 5], [13, 2, 14, 3], [15, 21, 16, 20], [17, 1, 18, 24], [19, 9, 20, 8], [21, 17, 22, 16], [23, 7, 24, 6], [1, 10, 2, 11], [3, 12, 4, 13], [5, 19, 6, 18]]"
12a_0945_160,"[[5, 19, 6, 18], [7, 23, 8, 22], [9, 14, 10, 15], [11, 4, 12, 5], [13, 2, 14, 3], [15, 21, 16, 20], [17, 1, 18, 24], [19, 9, 20, 8], [21, 17, 22, 16], [23, 7, 24, 6], [1, 10, 2, 11], [3, 12, 4, 13]]"
12a_0945_161,"[[3, 12, 4, 13], [5, 19, 6, 18], [7, 23, 8, 22], [9, 14, 10, 15], [11, 4, 12, 5], [13, 2, 14, 3], [15, 21, 16, 20], [17, 1, 18, 24], [19, 9, 20, 8], [21, 17, 22, 16], [23, 7, 24, 6], [1, 10, 2, 11]]"
12a_0945_162,"[[1, 10, 2, 11], [3, 12, 4, 13], [5, 19, 6, 18], [7, 23, 8, 22], [9, 14, 10, 15], [11, 4, 12, 5], [13, 2, 14, 3], [15, 21, 16, 20], [17, 1, 18, 24], [19, 9, 20, 8], [21, 17, 22, 16], [23, 7, 24, 6]]"
12a_0945_163,"[[23, 7, 24, 6], [1, 10, 2, 11], [3, 12, 4, 13], [5, 19, 6, 18], [7, 23, 8, 22], [9, 14, 10, 15], [11, 4, 12, 5], [13, 2, 14, 3], [15, 21, 16, 20], [17, 1, 18, 24], [19, 9, 20, 8], [21, 17, 22, 16]]"
12a_0945_164,"[[21, 17, 22, 16], [23, 7, 24, 6], [1, 10, 2, 11], [3, 12, 4, 13], [5, 19, 6, 18], [7, 23, 8, 22], [9, 14, 10, 15], [11, 4, 12, 5], [13, 2, 14, 3], [15, 21, 16, 20], [17, 1, 18, 24], [19, 9, 20, 8]]"
12a_0945_165,"[[19, 9, 20, 8], [21, 17, 22, 16], [23, 7, 24, 6], [1, 10, 2, 11], [3, 12, 4, 13], [5, 19, 6, 18], [7, 23, 8, 22], [9, 14, 10, 15], [11, 4, 12, 5], [13, 2, 14, 3], [15, 21, 16, 20], [17, 1, 18, 24]]"
12a_0945_166,"[[17, 1, 18, 24], [19, 9, 20, 8], [21, 17, 22, 16], [23, 7, 24, 6], [1, 10, 2, 11], [3, 12, 4, 13], [5, 19, 6, 18], [7, 23, 8, 22], [9, 14, 10, 15], [11, 4, 12, 5], [13, 2, 14, 3], [15, 21, 16, 20]]"
12a_0945_167,"[[15, 21, 16, 20], [17, 1, 18, 24], [19, 9, 20, 8], [21, 17, 22, 16], [23, 7, 24, 6], [1, 10, 2, 11], [3, 12, 4, 13], [5, 19, 6, 18], [7, 23, 8, 22], [9, 14, 10, 15], [11, 4, 12, 5], [13, 2, 14, 3]]"
12a_0945_168,"[[14, 3, 15, 4], [16, 22, 17, 21], [18, 2, 19, 1], [20, 10, 21, 9], [22, 18, 23, 17], [24, 8, 1, 7], [2, 11, 3, 12], [4, 13, 5, 14], [6, 20, 7, 19], [8, 24, 9, 23], [10, 15, 11, 16], [12, 5, 13, 6]]"
12a_0945_169,"[[12, 5, 13, 6], [14, 3, 15, 4], [16, 22, 17, 21], [18, 2, 19, 1], [20, 10, 21, 9], [22, 18, 23, 17], [24, 8, 1, 7], [2, 11, 3, 12], [4, 13, 5, 14], [6, 20, 7, 19], [8, 24, 9, 23], [10, 15, 11, 16]]"
12a_0945_170,"[[10, 15, 11, 16], [12, 5, 13, 6], [14, 3, 15, 4], [16, 22, 17, 21], [18, 2, 19, 1], [20, 10, 21, 9], [22, 18, 23, 17], [24, 8, 1, 7], [2, 11, 3, 12], [4, 13, 5, 14], [6, 20, 7, 19], [8, 24, 9, 23]]"
12a_0945_171,"[[8, 24, 9, 23], [10, 15, 11, 16], [12, 5, 13, 6], [14, 3, 15, 4], [16, 22, 17, 21], [18, 2, 19, 1], [20, 10, 21, 9], [22, 18, 23, 17], [24, 8, 1, 7], [2, 11, 3, 12], [4, 13, 5, 14], [6, 20, 7, 19]]"
12a_0945_172,"[[6, 20, 7, 19], [8, 24, 9, 23], [10, 15, 11, 16], [12, 5, 13, 6], [14, 3, 15, 4], [16, 22, 17, 21], [18, 2, 19, 1], [20, 10, 21, 9], [22, 18, 23, 17], [24, 8, 1, 7], [2, 11, 3, 12], [4, 13, 5, 14]]"
12a_0945_173,"[[4, 13, 5, 14], [6, 20, 7, 19], [8, 24, 9, 23], [10, 15, 11, 16], [12, 5, 13, 6], [14, 3, 15, 4], [16, 22, 17, 21], [18, 2, 19, 1], [20, 10, 21, 9], [22, 18, 23, 17], [24, 8, 1, 7], [2, 11, 3, 12]]"
12a_0945_174,"[[2, 11, 3, 12], [4, 13, 5, 14], [6, 20, 7, 19], [8, 24, 9, 23], [10, 15, 11, 16], [12, 5, 13, 6], [14, 3, 15, 4], [16, 22, 17, 21], [18, 2, 19, 1], [20, 10, 21, 9], [22, 18, 23, 17], [24, 8, 1, 7]]"
12a_0945_175,"[[24, 8, 1, 7], [2, 11, 3, 12], [4, 13, 5, 14], [6, 20, 7, 19], [8, 24, 9, 23], [10, 15, 11, 16], [12, 5, 13, 6], [14, 3, 15, 4], [16, 22, 17, 21], [18, 2, 19, 1], [20, 10, 21, 9], [22, 18, 23, 17]]"
12a_0945_176,"[[22, 18, 23, 17], [24, 8, 1, 7], [2, 11, 3, 12], [4, 13, 5, 14], [6, 20, 7, 19], [8, 24, 9, 23], [10, 15, 11, 16], [12, 5, 13, 6], [14, 3, 15, 4], [16, 22, 17, 21], [18, 2, 19, 1], [20, 10, 21, 9]]"
12a_0945_177,"[[20, 10, 21, 9], [22, 18, 23, 17], [24, 8, 1, 7], [2, 11, 3, 12], [4, 13, 5, 14], [6, 20, 7, 19], [8, 24, 9, 23], [10, 15, 11, 16], [12, 5, 13, 6], [14, 3, 15, 4], [16, 22, 17, 21], [18, 2, 19, 1]]"
12a_0945_178,"[[18, 2, 19, 1], [20, 10, 21, 9], [22, 18, 23, 17], [24, 8, 1, 7], [2, 11, 3, 12], [4, 13, 5, 14], [6, 20, 7, 19], [8, 24, 9, 23], [10, 15, 11, 16], [12, 5, 13, 6], [14, 3, 15, 4], [16, 22, 17, 21]]"
12a_0945_179,"[[16, 22, 17, 21], [18, 2, 19, 1], [20, 10, 21, 9], [22, 18, 23, 17], [24, 8, 1, 7], [2, 11, 3, 12], [4, 13, 5, 14], [6, 20, 7, 19], [8, 24, 9, 23], [10, 15, 11, 16], [12, 5, 13, 6], [14, 3, 15, 4]]"
12a_0945_180,"[[15, 4, 16, 5], [17, 23, 18, 22], [19, 3, 20, 2], [21, 11, 22, 10], [23, 19, 24, 18], [1, 9, 2, 8], [3, 12, 4, 13], [5, 14, 6, 15], [7, 21, 8, 20], [9, 1, 10, 24], [11, 16, 12, 17], [13, 6, 14, 7]]"
12a_0945_181,"[[13, 6, 14, 7], [15, 4, 16, 5], [17, 23, 18, 22], [19, 3, 20, 2], [21, 11, 22, 10], [23, 19, 24, 18], [1, 9, 2, 8], [3, 12, 4, 13], [5, 14, 6, 15], [7, 21, 8, 20], [9, 1, 10, 24], [11, 16, 12, 17]]"
12a_0945_182,"[[11, 16, 12, 17], [13, 6, 14, 7], [15, 4, 16, 5], [17, 23, 18, 22], [19, 3, 20, 2], [21, 11, 22, 10], [23, 19, 24, 18], [1, 9, 2, 8], [3, 12, 4, 13], [5, 14, 6, 15], [7, 21, 8, 20], [9, 1, 10, 24]]"
12a_0945_183,"[[9, 1, 10, 24], [11, 16, 12, 17], [13, 6, 14, 7], [15, 4, 16, 5], [17, 23, 18, 22], [19, 3, 20, 2], [21, 11, 22, 10], [23, 19, 24, 18], [1, 9, 2, 8], [3, 12, 4, 13], [5, 14, 6, 15], [7, 21, 8, 20]]"
12a_0945_184,"[[7, 21, 8, 20], [9, 1, 10, 24], [11, 16, 12, 17], [13, 6, 14, 7], [15, 4, 16, 5], [17, 23, 18, 22], [19, 3, 20, 2], [21, 11, 22, 10], [23, 19, 24, 18], [1, 9, 2, 8], [3, 12, 4, 13], [5, 14, 6, 15]]"
12a_0945_185,"[[5, 14, 6, 15], [7, 21, 8, 20], [9, 1, 10, 24], [11, 16, 12, 17], [13, 6, 14, 7], [15, 4, 16, 5], [17, 23, 18, 22], [19, 3, 20, 2], [21, 11, 22, 10], [23, 19, 24, 18], [1, 9, 2, 8], [3, 12, 4, 13]]"
