name,pd_notation
12a_0444_0,"[[24, 14, 1, 13], [2, 6, 3, 5], [4, 12, 5, 11], [6, 20, 7, 19], [8, 18, 9, 17], [10, 4, 11, 3], [12, 24, 13, 23], [14, 21, 15, 22], [16, 10, 17, 9], [18, 8, 19, 7], [20, 15, 21, 16], [22, 2, 23, 1]]"
12a_0444_1,"[[22, 2, 23, 1], [24, 14, 1, 13], [2, 6, 3, 5], [4, 12, 5, 11], [6, 20, 7, 19], [8, 18, 9, 17], [10, 4, 11, 3], [12, 24, 13, 23], [14, 21, 15, 22], [16, 10, 17, 9], [18, 8, 19, 7], [20, 15, 21, 16]]"
12a_0444_2,"[[20, 15, 21, 16], [22, 2, 23, 1], [24, 14, 1, 13], [2, 6, 3, 5], [4, 12, 5, 11], [6, 20, 7, 19], [8, 18, 9, 17], [10, 4, 11, 3], [12, 24, 13, 23], [14, 21, 15, 22], [16, 10, 17, 9], [18, 8, 19, 7]]"
12a_0444_3,"[[18, 8, 19, 7], [20, 15, 21, 16], [22, 2, 23, 1], [24, 14, 1, 13], [2, 6, 3, 5], [4, 12, 5, 11], [6, 20, 7, 19], [8, 18, 9, 17], [10, 4, 11, 3], [12, 24, 13, 23], [14, 21, 15, 22], [16, 10, 17, 9]]"
12a_0444_4,"[[16, 10, 17, 9], [18, 8, 19, 7], [20, 15, 21, 16], [22, 2, 23, 1], [24, 14, 1, 13], [2, 6, 3, 5], [4, 12, 5, 11], [6, 20, 7, 19], [8, 18, 9, 17], [10, 4, 11, 3], [12, 24, 13, 23], [14, 21, 15, 22]]"
12a_0444_5,"[[14, 21, 15, 22], [16, 10, 17, 9], [18, 8, 19, 7], [20, 15, 21, 16], [22, 2, 23, 1], [24, 14, 1, 13], [2, 6, 3, 5], [4, 12, 5, 11], [6, 20, 7, 19], [8, 18, 9, 17], [10, 4, 11, 3], [12, 24, 13, 23]]"
12a_0444_6,"[[12, 24, 13, 23], [14, 21, 15, 22], [16, 10, 17, 9], [18, 8, 19, 7], [20, 15, 21, 16], [22, 2, 23, 1], [24, 14, 1, 13], [2, 6, 3, 5], [4, 12, 5, 11], [6, 20, 7, 19], [8, 18, 9, 17], [10, 4, 11, 3]]"
12a_0444_7,"[[10, 4, 11, 3], [12, 24, 13, 23], [14, 21, 15, 22], [16, 10, 17, 9], [18, 8, 19, 7], [20, 15, 21, 16], [22, 2, 23, 1], [24, 14, 1, 13], [2, 6, 3, 5], [4, 12, 5, 11], [6, 20, 7, 19], [8, 18, 9, 17]]"
12a_0444_8,"[[8, 18, 9, 17], [10, 4, 11, 3], [12, 24, 13, 23], [14, 21, 15, 22], [16, 10, 17, 9], [18, 8, 19, 7], [20, 15, 21, 16], [22, 2, 23, 1], [24, 14, 1, 13], [2, 6, 3, 5], [4, 12, 5, 11], [6, 20, 7, 19]]"
12a_0444_9,"[[6, 20, 7, 19], [8, 18, 9, 17], [10, 4, 11, 3], [12, 24, 13, 23], [14, 21, 15, 22], [16, 10, 17, 9], [18, 8, 19, 7], [20, 15, 21, 16], [22, 2, 23, 1], [24, 14, 1, 13], [2, 6, 3, 5], [4, 12, 5, 11]]"
12a_0444_10,"[[4, 12, 5, 11], [6, 20, 7, 19], [8, 18, 9, 17], [10, 4, 11, 3], [12, 24, 13, 23], [14, 21, 15, 22], [16, 10, 17, 9], [18, 8, 19, 7], [20, 15, 21, 16], [22, 2, 23, 1], [24, 14, 1, 13], [2, 6, 3, 5]]"
12a_0444_11,"[[2, 6, 3, 5], [4, 12, 5, 11], [6, 20, 7, 19], [8, 18, 9, 17], [10, 4, 11, 3], [12, 24, 13, 23], [14, 21, 15, 22], [16, 10, 17, 9], [18, 8, 19, 7], [20, 15, 21, 16], [22, 2, 23, 1], [24, 14, 1, 13]]"
12a_0444_12,"[[1, 15, 2, 14], [3, 7, 4, 6], [5, 13, 6, 12], [7, 21, 8, 20], [9, 19, 10, 18], [11, 5, 12, 4], [13, 1, 14, 24], [15, 22, 16, 23], [17, 11, 18, 10], [19, 9, 20, 8], [21, 16, 22, 17], [23, 3, 24, 2]]"
12a_0444_13,"[[23, 3, 24, 2], [1, 15, 2, 14], [3, 7, 4, 6], [5, 13, 6, 12], [7, 21, 8, 20], [9, 19, 10, 18], [11, 5, 12, 4], [13, 1, 14, 24], [15, 22, 16, 23], [17, 11, 18, 10], [19, 9, 20, 8], [21, 16, 22, 17]]"
12a_0444_14,"[[21, 16, 22, 17], [23, 3, 24, 2], [1, 15, 2, 14], [3, 7, 4, 6], [5, 13, 6, 12], [7, 21, 8, 20], [9, 19, 10, 18], [11, 5, 12, 4], [13, 1, 14, 24], [15, 22, 16, 23], [17, 11, 18, 10], [19, 9, 20, 8]]"
12a_0444_15,"[[19, 9, 20, 8], [21, 16, 22, 17], [23, 3, 24, 2], [1, 15, 2, 14], [3, 7, 4, 6], [5, 13, 6, 12], [7, 21, 8, 20], [9, 19, 10, 18], [11, 5, 12, 4], [13, 1, 14, 24], [15, 22, 16, 23], [17, 11, 18, 10]]"
12a_0444_16,"[[17, 11, 18, 10], [19, 9, 20, 8], [21, 16, 22, 17], [23, 3, 24, 2], [1, 15, 2, 14], [3, 7, 4, 6], [5, 13, 6, 12], [7, 21, 8, 20], [9, 19, 10, 18], [11, 5, 12, 4], [13, 1, 14, 24], [15, 22, 16, 23]]"
12a_0444_17,"[[15, 22, 16, 23], [17, 11, 18, 10], [19, 9, 20, 8], [21, 16, 22, 17], [23, 3, 24, 2], [1, 15, 2, 14], [3, 7, 4, 6], [5, 13, 6, 12], [7, 21, 8, 20], [9, 19, 10, 18], [11, 5, 12, 4], [13, 1, 14, 24]]"
12a_0444_18,"[[13, 1, 14, 24], [15, 22, 16, 23], [17, 11, 18, 10], [19, 9, 20, 8], [21, 16, 22, 17], [23, 3, 24, 2], [1, 15, 2, 14], [3, 7, 4, 6], [5, 13, 6, 12], [7, 21, 8, 20], [9, 19, 10, 18], [11, 5, 12, 4]]"
12a_0444_19,"[[11, 5, 12, 4], [13, 1, 14, 24], [15, 22, 16, 23], [17, 11, 18, 10], [19, 9, 20, 8], [21, 16, 22, 17], [23, 3, 24, 2], [1, 15, 2, 14], [3, 7, 4, 6], [5, 13, 6, 12], [7, 21, 8, 20], [9, 19, 10, 18]]"
12a_0444_20,"[[9, 19, 10, 18], [11, 5, 12, 4], [13, 1, 14, 24], [15, 22, 16, 23], [17, 11, 18, 10], [19, 9, 20, 8], [21, 16, 22, 17], [23, 3, 24, 2], [1, 15, 2, 14], [3, 7, 4, 6], [5, 13, 6, 12], [7, 21, 8, 20]]"
12a_0444_21,"[[7, 21, 8, 20], [9, 19, 10, 18], [11, 5, 12, 4], [13, 1, 14, 24], [15, 22, 16, 23], [17, 11, 18, 10], [19, 9, 20, 8], [21, 16, 22, 17], [23, 3, 24, 2], [1, 15, 2, 14], [3, 7, 4, 6], [5, 13, 6, 12]]"
12a_0444_22,"[[5, 13, 6, 12], [7, 21, 8, 20], [9, 19, 10, 18], [11, 5, 12, 4], [13, 1, 14, 24], [15, 22, 16, 23], [17, 11, 18, 10], [19, 9, 20, 8], [21, 16, 22, 17], [23, 3, 24, 2], [1, 15, 2, 14], [3, 7, 4, 6]]"
12a_0444_23,"[[3, 7, 4, 6], [5, 13, 6, 12], [7, 21, 8, 20], [9, 19, 10, 18], [11, 5, 12, 4], [13, 1, 14, 24], [15, 22, 16, 23], [17, 11, 18, 10], [19, 9, 20, 8], [21, 16, 22, 17], [23, 3, 24, 2], [1, 15, 2, 14]]"
12a_0444_24,"[[2, 16, 3, 15], [4, 8, 5, 7], [6, 14, 7, 13], [8, 22, 9, 21], [10, 20, 11, 19], [12, 6, 13, 5], [14, 2, 15, 1], [16, 23, 17, 24], [18, 12, 19, 11], [20, 10, 21, 9], [22, 17, 23, 18], [24, 4, 1, 3]]"
12a_0444_25,"[[24, 4, 1, 3], [2, 16, 3, 15], [4, 8, 5, 7], [6, 14, 7, 13], [8, 22, 9, 21], [10, 20, 11, 19], [12, 6, 13, 5], [14, 2, 15, 1], [16, 23, 17, 24], [18, 12, 19, 11], [20, 10, 21, 9], [22, 17, 23, 18]]"
12a_0444_26,"[[22, 17, 23, 18], [24, 4, 1, 3], [2, 16, 3, 15], [4, 8, 5, 7], [6, 14, 7, 13], [8, 22, 9, 21], [10, 20, 11, 19], [12, 6, 13, 5], [14, 2, 15, 1], [16, 23, 17, 24], [18, 12, 19, 11], [20, 10, 21, 9]]"
12a_0444_27,"[[20, 10, 21, 9], [22, 17, 23, 18], [24, 4, 1, 3], [2, 16, 3, 15], [4, 8, 5, 7], [6, 14, 7, 13], [8, 22, 9, 21], [10, 20, 11, 19], [12, 6, 13, 5], [14, 2, 15, 1], [16, 23, 17, 24], [18, 12, 19, 11]]"
12a_0444_28,"[[18, 12, 19, 11], [20, 10, 21, 9], [22, 17, 23, 18], [24, 4, 1, 3], [2, 16, 3, 15], [4, 8, 5, 7], [6, 14, 7, 13], [8, 22, 9, 21], [10, 20, 11, 19], [12, 6, 13, 5], [14, 2, 15, 1], [16, 23, 17, 24]]"
12a_0444_29,"[[16, 23, 17, 24], [18, 12, 19, 11], [20, 10, 21, 9], [22, 17, 23, 18], [24, 4, 1, 3], [2, 16, 3, 15], [4, 8, 5, 7], [6, 14, 7, 13], [8, 22, 9, 21], [10, 20, 11, 19], [12, 6, 13, 5], [14, 2, 15, 1]]"
12a_0444_30,"[[14, 2, 15, 1], [16, 23, 17, 24], [18, 12, 19, 11], [20, 10, 21, 9], [22, 17, 23, 18], [24, 4, 1, 3], [2, 16, 3, 15], [4, 8, 5, 7], [6, 14, 7, 13], [8, 22, 9, 21], [10, 20, 11, 19], [12, 6, 13, 5]]"
12a_0444_31,"[[12, 6, 13, 5], [14, 2, 15, 1], [16, 23, 17, 24], [18, 12, 19, 11], [20, 10, 21, 9], [22, 17, 23, 18], [24, 4, 1, 3], [2, 16, 3, 15], [4, 8, 5, 7], [6, 14, 7, 13], [8, 22, 9, 21], [10, 20, 11, 19]]"
12a_0444_32,"[[10, 20, 11, 19], [12, 6, 13, 5], [14, 2, 15, 1], [16, 23, 17, 24], [18, 12, 19, 11], [20, 10, 21, 9], [22, 17, 23, 18], [24, 4, 1, 3], [2, 16, 3, 15], [4, 8, 5, 7], [6, 14, 7, 13], [8, 22, 9, 21]]"
12a_0444_33,"[[8, 22, 9, 21], [10, 20, 11, 19], [12, 6, 13, 5], [14, 2, 15, 1], [16, 23, 17, 24], [18, 12, 19, 11], [20, 10, 21, 9], [22, 17, 23, 18], [24, 4, 1, 3], [2, 16, 3, 15], [4, 8, 5, 7], [6, 14, 7, 13]]"
12a_0444_34,"[[6, 14, 7, 13], [8, 22, 9, 21], [10, 20, 11, 19], [12, 6, 13, 5], [14, 2, 15, 1], [16, 23, 17, 24], [18, 12, 19, 11], [20, 10, 21, 9], [22, 17, 23, 18], [24, 4, 1, 3], [2, 16, 3, 15], [4, 8, 5, 7]]"
12a_0444_35,"[[4, 8, 5, 7], [6, 14, 7, 13], [8, 22, 9, 21], [10, 20, 11, 19], [12, 6, 13, 5], [14, 2, 15, 1], [16, 23, 17, 24], [18, 12, 19, 11], [20, 10, 21, 9], [22, 17, 23, 18], [24, 4, 1, 3], [2, 16, 3, 15]]"
12a_0444_36,"[[3, 17, 4, 16], [5, 9, 6, 8], [7, 15, 8, 14], [9, 23, 10, 22], [11, 21, 12, 20], [13, 7, 14, 6], [15, 3, 16, 2], [17, 24, 18, 1], [19, 13, 20, 12], [21, 11, 22, 10], [23, 18, 24, 19], [1, 5, 2, 4]]"
12a_0444_37,"[[1, 5, 2, 4], [3, 17, 4, 16], [5, 9, 6, 8], [7, 15, 8, 14], [9, 23, 10, 22], [11, 21, 12, 20], [13, 7, 14, 6], [15, 3, 16, 2], [17, 24, 18, 1], [19, 13, 20, 12], [21, 11, 22, 10], [23, 18, 24, 19]]"
12a_0444_38,"[[23, 18, 24, 19], [1, 5, 2, 4], [3, 17, 4, 16], [5, 9, 6, 8], [7, 15, 8, 14], [9, 23, 10, 22], [11, 21, 12, 20], [13, 7, 14, 6], [15, 3, 16, 2], [17, 24, 18, 1], [19, 13, 20, 12], [21, 11, 22, 10]]"
12a_0444_39,"[[21, 11, 22, 10], [23, 18, 24, 19], [1, 5, 2, 4], [3, 17, 4, 16], [5, 9, 6, 8], [7, 15, 8, 14], [9, 23, 10, 22], [11, 21, 12, 20], [13, 7, 14, 6], [15, 3, 16, 2], [17, 24, 18, 1], [19, 13, 20, 12]]"
12a_0444_40,"[[19, 13, 20, 12], [21, 11, 22, 10], [23, 18, 24, 19], [1, 5, 2, 4], [3, 17, 4, 16], [5, 9, 6, 8], [7, 15, 8, 14], [9, 23, 10, 22], [11, 21, 12, 20], [13, 7, 14, 6], [15, 3, 16, 2], [17, 24, 18, 1]]"
12a_0444_41,"[[17, 24, 18, 1], [19, 13, 20, 12], [21, 11, 22, 10], [23, 18, 24, 19], [1, 5, 2, 4], [3, 17, 4, 16], [5, 9, 6, 8], [7, 15, 8, 14], [9, 23, 10, 22], [11, 21, 12, 20], [13, 7, 14, 6], [15, 3, 16, 2]]"
12a_0444_42,"[[15, 3, 16, 2], [17, 24, 18, 1], [19, 13, 20, 12], [21, 11, 22, 10], [23, 18, 24, 19], [1, 5, 2, 4], [3, 17, 4, 16], [5, 9, 6, 8], [7, 15, 8, 14], [9, 23, 10, 22], [11, 21, 12, 20], [13, 7, 14, 6]]"
12a_0444_43,"[[13, 7, 14, 6], [15, 3, 16, 2], [17, 24, 18, 1], [19, 13, 20, 12], [21, 11, 22, 10], [23, 18, 24, 19], [1, 5, 2, 4], [3, 17, 4, 16], [5, 9, 6, 8], [7, 15, 8, 14], [9, 23, 10, 22], [11, 21, 12, 20]]"
12a_0444_44,"[[11, 21, 12, 20], [13, 7, 14, 6], [15, 3, 16, 2], [17, 24, 18, 1], [19, 13, 20, 12], [21, 11, 22, 10], [23, 18, 24, 19], [1, 5, 2, 4], [3, 17, 4, 16], [5, 9, 6, 8], [7, 15, 8, 14], [9, 23, 10, 22]]"
12a_0444_45,"[[9, 23, 10, 22], [11, 21, 12, 20], [13, 7, 14, 6], [15, 3, 16, 2], [17, 24, 18, 1], [19, 13, 20, 12], [21, 11, 22, 10], [23, 18, 24, 19], [1, 5, 2, 4], [3, 17, 4, 16], [5, 9, 6, 8], [7, 15, 8, 14]]"
12a_0444_46,"[[7, 15, 8, 14], [9, 23, 10, 22], [11, 21, 12, 20], [13, 7, 14, 6], [15, 3, 16, 2], [17, 24, 18, 1], [19, 13, 20, 12], [21, 11, 22, 10], [23, 18, 24, 19], [1, 5, 2, 4], [3, 17, 4, 16], [5, 9, 6, 8]]"
12a_0444_47,"[[5, 9, 6, 8], [7, 15, 8, 14], [9, 23, 10, 22], [11, 21, 12, 20], [13, 7, 14, 6], [15, 3, 16, 2], [17, 24, 18, 1], [19, 13, 20, 12], [21, 11, 22, 10], [23, 18, 24, 19], [1, 5, 2, 4], [3, 17, 4, 16]]"
12a_0444_48,"[[4, 18, 5, 17], [6, 10, 7, 9], [8, 16, 9, 15], [10, 24, 11, 23], [12, 22, 13, 21], [14, 8, 15, 7], [16, 4, 17, 3], [18, 1, 19, 2], [20, 14, 21, 13], [22, 12, 23, 11], [24, 19, 1, 20], [2, 6, 3, 5]]"
12a_0444_49,"[[2, 6, 3, 5], [4, 18, 5, 17], [6, 10, 7, 9], [8, 16, 9, 15], [10, 24, 11, 23], [12, 22, 13, 21], [14, 8, 15, 7], [16, 4, 17, 3], [18, 1, 19, 2], [20, 14, 21, 13], [22, 12, 23, 11], [24, 19, 1, 20]]"
12a_0444_50,"[[24, 19, 1, 20], [2, 6, 3, 5], [4, 18, 5, 17], [6, 10, 7, 9], [8, 16, 9, 15], [10, 24, 11, 23], [12, 22, 13, 21], [14, 8, 15, 7], [16, 4, 17, 3], [18, 1, 19, 2], [20, 14, 21, 13], [22, 12, 23, 11]]"
12a_0444_51,"[[22, 12, 23, 11], [24, 19, 1, 20], [2, 6, 3, 5], [4, 18, 5, 17], [6, 10, 7, 9], [8, 16, 9, 15], [10, 24, 11, 23], [12, 22, 13, 21], [14, 8, 15, 7], [16, 4, 17, 3], [18, 1, 19, 2], [20, 14, 21, 13]]"
12a_0444_52,"[[20, 14, 21, 13], [22, 12, 23, 11], [24, 19, 1, 20], [2, 6, 3, 5], [4, 18, 5, 17], [6, 10, 7, 9], [8, 16, 9, 15], [10, 24, 11, 23], [12, 22, 13, 21], [14, 8, 15, 7], [16, 4, 17, 3], [18, 1, 19, 2]]"
12a_0444_53,"[[18, 1, 19, 2], [20, 14, 21, 13], [22, 12, 23, 11], [24, 19, 1, 20], [2, 6, 3, 5], [4, 18, 5, 17], [6, 10, 7, 9], [8, 16, 9, 15], [10, 24, 11, 23], [12, 22, 13, 21], [14, 8, 15, 7], [16, 4, 17, 3]]"
12a_0444_54,"[[16, 4, 17, 3], [18, 1, 19, 2], [20, 14, 21, 13], [22, 12, 23, 11], [24, 19, 1, 20], [2, 6, 3, 5], [4, 18, 5, 17], [6, 10, 7, 9], [8, 16, 9, 15], [10, 24, 11, 23], [12, 22, 13, 21], [14, 8, 15, 7]]"
12a_0444_55,"[[14, 8, 15, 7], [16, 4, 17, 3], [18, 1, 19, 2], [20, 14, 21, 13], [22, 12, 23, 11], [24, 19, 1, 20], [2, 6, 3, 5], [4, 18, 5, 17], [6, 10, 7, 9], [8, 16, 9, 15], [10, 24, 11, 23], [12, 22, 13, 21]]"
12a_0444_56,"[[12, 22, 13, 21], [14, 8, 15, 7], [16, 4, 17, 3], [18, 1, 19, 2], [20, 14, 21, 13], [22, 12, 23, 11], [24, 19, 1, 20], [2, 6, 3, 5], [4, 18, 5, 17], [6, 10, 7, 9], [8, 16, 9, 15], [10, 24, 11, 23]]"
12a_0444_57,"[[10, 24, 11, 23], [12, 22, 13, 21], [14, 8, 15, 7], [16, 4, 17, 3], [18, 1, 19, 2], [20, 14, 21, 13], [22, 12, 23, 11], [24, 19, 1, 20], [2, 6, 3, 5], [4, 18, 5, 17], [6, 10, 7, 9], [8, 16, 9, 15]]"
12a_0444_58,"[[8, 16, 9, 15], [10, 24, 11, 23], [12, 22, 13, 21], [14, 8, 15, 7], [16, 4, 17, 3], [18, 1, 19, 2], [20, 14, 21, 13], [22, 12, 23, 11], [24, 19, 1, 20], [2, 6, 3, 5], [4, 18, 5, 17], [6, 10, 7, 9]]"
12a_0444_59,"[[6, 10, 7, 9], [8, 16, 9, 15], [10, 24, 11, 23], [12, 22, 13, 21], [14, 8, 15, 7], [16, 4, 17, 3], [18, 1, 19, 2], [20, 14, 21, 13], [22, 12, 23, 11], [24, 19, 1, 20], [2, 6, 3, 5], [4, 18, 5, 17]]"
12a_0444_60,"[[5, 19, 6, 18], [7, 11, 8, 10], [9, 17, 10, 16], [11, 1, 12, 24], [13, 23, 14, 22], [15, 9, 16, 8], [17, 5, 18, 4], [19, 2, 20, 3], [21, 15, 22, 14], [23, 13, 24, 12], [1, 20, 2, 21], [3, 7, 4, 6]]"
12a_0444_61,"[[3, 7, 4, 6], [5, 19, 6, 18], [7, 11, 8, 10], [9, 17, 10, 16], [11, 1, 12, 24], [13, 23, 14, 22], [15, 9, 16, 8], [17, 5, 18, 4], [19, 2, 20, 3], [21, 15, 22, 14], [23, 13, 24, 12], [1, 20, 2, 21]]"
12a_0444_62,"[[1, 20, 2, 21], [3, 7, 4, 6], [5, 19, 6, 18], [7, 11, 8, 10], [9, 17, 10, 16], [11, 1, 12, 24], [13, 23, 14, 22], [15, 9, 16, 8], [17, 5, 18, 4], [19, 2, 20, 3], [21, 15, 22, 14], [23, 13, 24, 12]]"
12a_0444_63,"[[23, 13, 24, 12], [1, 20, 2, 21], [3, 7, 4, 6], [5, 19, 6, 18], [7, 11, 8, 10], [9, 17, 10, 16], [11, 1, 12, 24], [13, 23, 14, 22], [15, 9, 16, 8], [17, 5, 18, 4], [19, 2, 20, 3], [21, 15, 22, 14]]"
12a_0444_64,"[[21, 15, 22, 14], [23, 13, 24, 12], [1, 20, 2, 21], [3, 7, 4, 6], [5, 19, 6, 18], [7, 11, 8, 10], [9, 17, 10, 16], [11, 1, 12, 24], [13, 23, 14, 22], [15, 9, 16, 8], [17, 5, 18, 4], [19, 2, 20, 3]]"
12a_0444_65,"[[19, 2, 20, 3], [21, 15, 22, 14], [23, 13, 24, 12], [1, 20, 2, 21], [3, 7, 4, 6], [5, 19, 6, 18], [7, 11, 8, 10], [9, 17, 10, 16], [11, 1, 12, 24], [13, 23, 14, 22], [15, 9, 16, 8], [17, 5, 18, 4]]"
12a_0444_66,"[[17, 5, 18, 4], [19, 2, 20, 3], [21, 15, 22, 14], [23, 13, 24, 12], [1, 20, 2, 21], [3, 7, 4, 6], [5, 19, 6, 18], [7, 11, 8, 10], [9, 17, 10, 16], [11, 1, 12, 24], [13, 23, 14, 22], [15, 9, 16, 8]]"
12a_0444_67,"[[15, 9, 16, 8], [17, 5, 18, 4], [19, 2, 20, 3], [21, 15, 22, 14], [23, 13, 24, 12], [1, 20, 2, 21], [3, 7, 4, 6], [5, 19, 6, 18], [7, 11, 8, 10], [9, 17, 10, 16], [11, 1, 12, 24], [13, 23, 14, 22]]"
12a_0444_68,"[[13, 23, 14, 22], [15, 9, 16, 8], [17, 5, 18, 4], [19, 2, 20, 3], [21, 15, 22, 14], [23, 13, 24, 12], [1, 20, 2, 21], [3, 7, 4, 6], [5, 19, 6, 18], [7, 11, 8, 10], [9, 17, 10, 16], [11, 1, 12, 24]]"
12a_0444_69,"[[11, 1, 12, 24], [13, 23, 14, 22], [15, 9, 16, 8], [17, 5, 18, 4], [19, 2, 20, 3], [21, 15, 22, 14], [23, 13, 24, 12], [1, 20, 2, 21], [3, 7, 4, 6], [5, 19, 6, 18], [7, 11, 8, 10], [9, 17, 10, 16]]"
12a_0444_70,"[[9, 17, 10, 16], [11, 1, 12, 24], [13, 23, 14, 22], [15, 9, 16, 8], [17, 5, 18, 4], [19, 2, 20, 3], [21, 15, 22, 14], [23, 13, 24, 12], [1, 20, 2, 21], [3, 7, 4, 6], [5, 19, 6, 18], [7, 11, 8, 10]]"
12a_0444_71,"[[7, 11, 8, 10], [9, 17, 10, 16], [11, 1, 12, 24], [13, 23, 14, 22], [15, 9, 16, 8], [17, 5, 18, 4], [19, 2, 20, 3], [21, 15, 22, 14], [23, 13, 24, 12], [1, 20, 2, 21], [3, 7, 4, 6], [5, 19, 6, 18]]"
12a_0444_72,"[[6, 20, 7, 19], [8, 12, 9, 11], [10, 18, 11, 17], [12, 2, 13, 1], [14, 24, 15, 23], [16, 10, 17, 9], [18, 6, 19, 5], [20, 3, 21, 4], [22, 16, 23, 15], [24, 14, 1, 13], [2, 21, 3, 22], [4, 8, 5, 7]]"
12a_0444_73,"[[4, 8, 5, 7], [6, 20, 7, 19], [8, 12, 9, 11], [10, 18, 11, 17], [12, 2, 13, 1], [14, 24, 15, 23], [16, 10, 17, 9], [18, 6, 19, 5], [20, 3, 21, 4], [22, 16, 23, 15], [24, 14, 1, 13], [2, 21, 3, 22]]"
12a_0444_74,"[[2, 21, 3, 22], [4, 8, 5, 7], [6, 20, 7, 19], [8, 12, 9, 11], [10, 18, 11, 17], [12, 2, 13, 1], [14, 24, 15, 23], [16, 10, 17, 9], [18, 6, 19, 5], [20, 3, 21, 4], [22, 16, 23, 15], [24, 14, 1, 13]]"
12a_0444_75,"[[24, 14, 1, 13], [2, 21, 3, 22], [4, 8, 5, 7], [6, 20, 7, 19], [8, 12, 9, 11], [10, 18, 11, 17], [12, 2, 13, 1], [14, 24, 15, 23], [16, 10, 17, 9], [18, 6, 19, 5], [20, 3, 21, 4], [22, 16, 23, 15]]"
12a_0444_76,"[[22, 16, 23, 15], [24, 14, 1, 13], [2, 21, 3, 22], [4, 8, 5, 7], [6, 20, 7, 19], [8, 12, 9, 11], [10, 18, 11, 17], [12, 2, 13, 1], [14, 24, 15, 23], [16, 10, 17, 9], [18, 6, 19, 5], [20, 3, 21, 4]]"
12a_0444_77,"[[20, 3, 21, 4], [22, 16, 23, 15], [24, 14, 1, 13], [2, 21, 3, 22], [4, 8, 5, 7], [6, 20, 7, 19], [8, 12, 9, 11], [10, 18, 11, 17], [12, 2, 13, 1], [14, 24, 15, 23], [16, 10, 17, 9], [18, 6, 19, 5]]"
12a_0444_78,"[[18, 6, 19, 5], [20, 3, 21, 4], [22, 16, 23, 15], [24, 14, 1, 13], [2, 21, 3, 22], [4, 8, 5, 7], [6, 20, 7, 19], [8, 12, 9, 11], [10, 18, 11, 17], [12, 2, 13, 1], [14, 24, 15, 23], [16, 10, 17, 9]]"
12a_0444_79,"[[16, 10, 17, 9], [18, 6, 19, 5], [20, 3, 21, 4], [22, 16, 23, 15], [24, 14, 1, 13], [2, 21, 3, 22], [4, 8, 5, 7], [6, 20, 7, 19], [8, 12, 9, 11], [10, 18, 11, 17], [12, 2, 13, 1], [14, 24, 15, 23]]"
12a_0444_80,"[[14, 24, 15, 23], [16, 10, 17, 9], [18, 6, 19, 5], [20, 3, 21, 4], [22, 16, 23, 15], [24, 14, 1, 13], [2, 21, 3, 22], [4, 8, 5, 7], [6, 20, 7, 19], [8, 12, 9, 11], [10, 18, 11, 17], [12, 2, 13, 1]]"
12a_0444_81,"[[12, 2, 13, 1], [14, 24, 15, 23], [16, 10, 17, 9], [18, 6, 19, 5], [20, 3, 21, 4], [22, 16, 23, 15], [24, 14, 1, 13], [2, 21, 3, 22], [4, 8, 5, 7], [6, 20, 7, 19], [8, 12, 9, 11], [10, 18, 11, 17]]"
12a_0444_82,"[[10, 18, 11, 17], [12, 2, 13, 1], [14, 24, 15, 23], [16, 10, 17, 9], [18, 6, 19, 5], [20, 3, 21, 4], [22, 16, 23, 15], [24, 14, 1, 13], [2, 21, 3, 22], [4, 8, 5, 7], [6, 20, 7, 19], [8, 12, 9, 11]]"
12a_0444_83,"[[8, 12, 9, 11], [10, 18, 11, 17], [12, 2, 13, 1], [14, 24, 15, 23], [16, 10, 17, 9], [18, 6, 19, 5], [20, 3, 21, 4], [22, 16, 23, 15], [24, 14, 1, 13], [2, 21, 3, 22], [4, 8, 5, 7], [6, 20, 7, 19]]"
12a_0444_84,"[[7, 21, 8, 20], [9, 13, 10, 12], [11, 19, 12, 18], [13, 3, 14, 2], [15, 1, 16, 24], [17, 11, 18, 10], [19, 7, 20, 6], [21, 4, 22, 5], [23, 17, 24, 16], [1, 15, 2, 14], [3, 22, 4, 23], [5, 9, 6, 8]]"
12a_0444_85,"[[5, 9, 6, 8], [7, 21, 8, 20], [9, 13, 10, 12], [11, 19, 12, 18], [13, 3, 14, 2], [15, 1, 16, 24], [17, 11, 18, 10], [19, 7, 20, 6], [21, 4, 22, 5], [23, 17, 24, 16], [1, 15, 2, 14], [3, 22, 4, 23]]"
12a_0444_86,"[[3, 22, 4, 23], [5, 9, 6, 8], [7, 21, 8, 20], [9, 13, 10, 12], [11, 19, 12, 18], [13, 3, 14, 2], [15, 1, 16, 24], [17, 11, 18, 10], [19, 7, 20, 6], [21, 4, 22, 5], [23, 17, 24, 16], [1, 15, 2, 14]]"
12a_0444_87,"[[1, 15, 2, 14], [3, 22, 4, 23], [5, 9, 6, 8], [7, 21, 8, 20], [9, 13, 10, 12], [11, 19, 12, 18], [13, 3, 14, 2], [15, 1, 16, 24], [17, 11, 18, 10], [19, 7, 20, 6], [21, 4, 22, 5], [23, 17, 24, 16]]"
12a_0444_88,"[[23, 17, 24, 16], [1, 15, 2, 14], [3, 22, 4, 23], [5, 9, 6, 8], [7, 21, 8, 20], [9, 13, 10, 12], [11, 19, 12, 18], [13, 3, 14, 2], [15, 1, 16, 24], [17, 11, 18, 10], [19, 7, 20, 6], [21, 4, 22, 5]]"
12a_0444_89,"[[21, 4, 22, 5], [23, 17, 24, 16], [1, 15, 2, 14], [3, 22, 4, 23], [5, 9, 6, 8], [7, 21, 8, 20], [9, 13, 10, 12], [11, 19, 12, 18], [13, 3, 14, 2], [15, 1, 16, 24], [17, 11, 18, 10], [19, 7, 20, 6]]"
12a_0444_90,"[[19, 7, 20, 6], [21, 4, 22, 5], [23, 17, 24, 16], [1, 15, 2, 14], [3, 22, 4, 23], [5, 9, 6, 8], [7, 21, 8, 20], [9, 13, 10, 12], [11, 19, 12, 18], [13, 3, 14, 2], [15, 1, 16, 24], [17, 11, 18, 10]]"
12a_0444_91,"[[17, 11, 18, 10], [19, 7, 20, 6], [21, 4, 22, 5], [23, 17, 24, 16], [1, 15, 2, 14], [3, 22, 4, 23], [5, 9, 6, 8], [7, 21, 8, 20], [9, 13, 10, 12], [11, 19, 12, 18], [13, 3, 14, 2], [15, 1, 16, 24]]"
12a_0444_92,"[[15, 1, 16, 24], [17, 11, 18, 10], [19, 7, 20, 6], [21, 4, 22, 5], [23, 17, 24, 16], [1, 15, 2, 14], [3, 22, 4, 23], [5, 9, 6, 8], [7, 21, 8, 20], [9, 13, 10, 12], [11, 19, 12, 18], [13, 3, 14, 2]]"
12a_0444_93,"[[13, 3, 14, 2], [15, 1, 16, 24], [17, 11, 18, 10], [19, 7, 20, 6], [21, 4, 22, 5], [23, 17, 24, 16], [1, 15, 2, 14], [3, 22, 4, 23], [5, 9, 6, 8], [7, 21, 8, 20], [9, 13, 10, 12], [11, 19, 12, 18]]"
12a_0444_94,"[[11, 19, 12, 18], [13, 3, 14, 2], [15, 1, 16, 24], [17, 11, 18, 10], [19, 7, 20, 6], [21, 4, 22, 5], [23, 17, 24, 16], [1, 15, 2, 14], [3, 22, 4, 23], [5, 9, 6, 8], [7, 21, 8, 20], [9, 13, 10, 12]]"
12a_0444_95,"[[9, 13, 10, 12], [11, 19, 12, 18], [13, 3, 14, 2], [15, 1, 16, 24], [17, 11, 18, 10], [19, 7, 20, 6], [21, 4, 22, 5], [23, 17, 24, 16], [1, 15, 2, 14], [3, 22, 4, 23], [5, 9, 6, 8], [7, 21, 8, 20]]"
12a_0444_96,"[[8, 22, 9, 21], [10, 14, 11, 13], [12, 20, 13, 19], [14, 4, 15, 3], [16, 2, 17, 1], [18, 12, 19, 11], [20, 8, 21, 7], [22, 5, 23, 6], [24, 18, 1, 17], [2, 16, 3, 15], [4, 23, 5, 24], [6, 10, 7, 9]]"
12a_0444_97,"[[6, 10, 7, 9], [8, 22, 9, 21], [10, 14, 11, 13], [12, 20, 13, 19], [14, 4, 15, 3], [16, 2, 17, 1], [18, 12, 19, 11], [20, 8, 21, 7], [22, 5, 23, 6], [24, 18, 1, 17], [2, 16, 3, 15], [4, 23, 5, 24]]"
12a_0444_98,"[[4, 23, 5, 24], [6, 10, 7, 9], [8, 22, 9, 21], [10, 14, 11, 13], [12, 20, 13, 19], [14, 4, 15, 3], [16, 2, 17, 1], [18, 12, 19, 11], [20, 8, 21, 7], [22, 5, 23, 6], [24, 18, 1, 17], [2, 16, 3, 15]]"
12a_0444_99,"[[2, 16, 3, 15], [4, 23, 5, 24], [6, 10, 7, 9], [8, 22, 9, 21], [10, 14, 11, 13], [12, 20, 13, 19], [14, 4, 15, 3], [16, 2, 17, 1], [18, 12, 19, 11], [20, 8, 21, 7], [22, 5, 23, 6], [24, 18, 1, 17]]"
12a_0444_100,"[[24, 18, 1, 17], [2, 16, 3, 15], [4, 23, 5, 24], [6, 10, 7, 9], [8, 22, 9, 21], [10, 14, 11, 13], [12, 20, 13, 19], [14, 4, 15, 3], [16, 2, 17, 1], [18, 12, 19, 11], [20, 8, 21, 7], [22, 5, 23, 6]]"
12a_0444_101,"[[22, 5, 23, 6], [24, 18, 1, 17], [2, 16, 3, 15], [4, 23, 5, 24], [6, 10, 7, 9], [8, 22, 9, 21], [10, 14, 11, 13], [12, 20, 13, 19], [14, 4, 15, 3], [16, 2, 17, 1], [18, 12, 19, 11], [20, 8, 21, 7]]"
12a_0444_102,"[[20, 8, 21, 7], [22, 5, 23, 6], [24, 18, 1, 17], [2, 16, 3, 15], [4, 23, 5, 24], [6, 10, 7, 9], [8, 22, 9, 21], [10, 14, 11, 13], [12, 20, 13, 19], [14, 4, 15, 3], [16, 2, 17, 1], [18, 12, 19, 11]]"
12a_0444_103,"[[18, 12, 19, 11], [20, 8, 21, 7], [22, 5, 23, 6], [24, 18, 1, 17], [2, 16, 3, 15], [4, 23, 5, 24], [6, 10, 7, 9], [8, 22, 9, 21], [10, 14, 11, 13], [12, 20, 13, 19], [14, 4, 15, 3], [16, 2, 17, 1]]"
12a_0444_104,"[[16, 2, 17, 1], [18, 12, 19, 11], [20, 8, 21, 7], [22, 5, 23, 6], [24, 18, 1, 17], [2, 16, 3, 15], [4, 23, 5, 24], [6, 10, 7, 9], [8, 22, 9, 21], [10, 14, 11, 13], [12, 20, 13, 19], [14, 4, 15, 3]]"
12a_0444_105,"[[14, 4, 15, 3], [16, 2, 17, 1], [18, 12, 19, 11], [20, 8, 21, 7], [22, 5, 23, 6], [24, 18, 1, 17], [2, 16, 3, 15], [4, 23, 5, 24], [6, 10, 7, 9], [8, 22, 9, 21], [10, 14, 11, 13], [12, 20, 13, 19]]"
12a_0444_106,"[[12, 20, 13, 19], [14, 4, 15, 3], [16, 2, 17, 1], [18, 12, 19, 11], [20, 8, 21, 7], [22, 5, 23, 6], [24, 18, 1, 17], [2, 16, 3, 15], [4, 23, 5, 24], [6, 10, 7, 9], [8, 22, 9, 21], [10, 14, 11, 13]]"
12a_0444_107,"[[10, 14, 11, 13], [12, 20, 13, 19], [14, 4, 15, 3], [16, 2, 17, 1], [18, 12, 19, 11], [20, 8, 21, 7], [22, 5, 23, 6], [24, 18, 1, 17], [2, 16, 3, 15], [4, 23, 5, 24], [6, 10, 7, 9], [8, 22, 9, 21]]"
12a_0444_108,"[[9, 23, 10, 22], [11, 15, 12, 14], [13, 21, 14, 20], [15, 5, 16, 4], [17, 3, 18, 2], [19, 13, 20, 12], [21, 9, 22, 8], [23, 6, 24, 7], [1, 19, 2, 18], [3, 17, 4, 16], [5, 24, 6, 1], [7, 11, 8, 10]]"
12a_0444_109,"[[7, 11, 8, 10], [9, 23, 10, 22], [11, 15, 12, 14], [13, 21, 14, 20], [15, 5, 16, 4], [17, 3, 18, 2], [19, 13, 20, 12], [21, 9, 22, 8], [23, 6, 24, 7], [1, 19, 2, 18], [3, 17, 4, 16], [5, 24, 6, 1]]"
12a_0444_110,"[[5, 24, 6, 1], [7, 11, 8, 10], [9, 23, 10, 22], [11, 15, 12, 14], [13, 21, 14, 20], [15, 5, 16, 4], [17, 3, 18, 2], [19, 13, 20, 12], [21, 9, 22, 8], [23, 6, 24, 7], [1, 19, 2, 18], [3, 17, 4, 16]]"
12a_0444_111,"[[3, 17, 4, 16], [5, 24, 6, 1], [7, 11, 8, 10], [9, 23, 10, 22], [11, 15, 12, 14], [13, 21, 14, 20], [15, 5, 16, 4], [17, 3, 18, 2], [19, 13, 20, 12], [21, 9, 22, 8], [23, 6, 24, 7], [1, 19, 2, 18]]"
12a_0444_112,"[[1, 19, 2, 18], [3, 17, 4, 16], [5, 24, 6, 1], [7, 11, 8, 10], [9, 23, 10, 22], [11, 15, 12, 14], [13, 21, 14, 20], [15, 5, 16, 4], [17, 3, 18, 2], [19, 13, 20, 12], [21, 9, 22, 8], [23, 6, 24, 7]]"
12a_0444_113,"[[23, 6, 24, 7], [1, 19, 2, 18], [3, 17, 4, 16], [5, 24, 6, 1], [7, 11, 8, 10], [9, 23, 10, 22], [11, 15, 12, 14], [13, 21, 14, 20], [15, 5, 16, 4], [17, 3, 18, 2], [19, 13, 20, 12], [21, 9, 22, 8]]"
12a_0444_114,"[[21, 9, 22, 8], [23, 6, 24, 7], [1, 19, 2, 18], [3, 17, 4, 16], [5, 24, 6, 1], [7, 11, 8, 10], [9, 23, 10, 22], [11, 15, 12, 14], [13, 21, 14, 20], [15, 5, 16, 4], [17, 3, 18, 2], [19, 13, 20, 12]]"
12a_0444_115,"[[19, 13, 20, 12], [21, 9, 22, 8], [23, 6, 24, 7], [1, 19, 2, 18], [3, 17, 4, 16], [5, 24, 6, 1], [7, 11, 8, 10], [9, 23, 10, 22], [11, 15, 12, 14], [13, 21, 14, 20], [15, 5, 16, 4], [17, 3, 18, 2]]"
12a_0444_116,"[[17, 3, 18, 2], [19, 13, 20, 12], [21, 9, 22, 8], [23, 6, 24, 7], [1, 19, 2, 18], [3, 17, 4, 16], [5, 24, 6, 1], [7, 11, 8, 10], [9, 23, 10, 22], [11, 15, 12, 14], [13, 21, 14, 20], [15, 5, 16, 4]]"
12a_0444_117,"[[15, 5, 16, 4], [17, 3, 18, 2], [19, 13, 20, 12], [21, 9, 22, 8], [23, 6, 24, 7], [1, 19, 2, 18], [3, 17, 4, 16], [5, 24, 6, 1], [7, 11, 8, 10], [9, 23, 10, 22], [11, 15, 12, 14], [13, 21, 14, 20]]"
12a_0444_118,"[[13, 21, 14, 20], [15, 5, 16, 4], [17, 3, 18, 2], [19, 13, 20, 12], [21, 9, 22, 8], [23, 6, 24, 7], [1, 19, 2, 18], [3, 17, 4, 16], [5, 24, 6, 1], [7, 11, 8, 10], [9, 23, 10, 22], [11, 15, 12, 14]]"
12a_0444_119,"[[11, 15, 12, 14], [13, 21, 14, 20], [15, 5, 16, 4], [17, 3, 18, 2], [19, 13, 20, 12], [21, 9, 22, 8], [23, 6, 24, 7], [1, 19, 2, 18], [3, 17, 4, 16], [5, 24, 6, 1], [7, 11, 8, 10], [9, 23, 10, 22]]"
12a_0444_120,"[[10, 24, 11, 23], [12, 16, 13, 15], [14, 22, 15, 21], [16, 6, 17, 5], [18, 4, 19, 3], [20, 14, 21, 13], [22, 10, 23, 9], [24, 7, 1, 8], [2, 20, 3, 19], [4, 18, 5, 17], [6, 1, 7, 2], [8, 12, 9, 11]]"
12a_0444_121,"[[8, 12, 9, 11], [10, 24, 11, 23], [12, 16, 13, 15], [14, 22, 15, 21], [16, 6, 17, 5], [18, 4, 19, 3], [20, 14, 21, 13], [22, 10, 23, 9], [24, 7, 1, 8], [2, 20, 3, 19], [4, 18, 5, 17], [6, 1, 7, 2]]"
12a_0444_122,"[[6, 1, 7, 2], [8, 12, 9, 11], [10, 24, 11, 23], [12, 16, 13, 15], [14, 22, 15, 21], [16, 6, 17, 5], [18, 4, 19, 3], [20, 14, 21, 13], [22, 10, 23, 9], [24, 7, 1, 8], [2, 20, 3, 19], [4, 18, 5, 17]]"
12a_0444_123,"[[4, 18, 5, 17], [6, 1, 7, 2], [8, 12, 9, 11], [10, 24, 11, 23], [12, 16, 13, 15], [14, 22, 15, 21], [16, 6, 17, 5], [18, 4, 19, 3], [20, 14, 21, 13], [22, 10, 23, 9], [24, 7, 1, 8], [2, 20, 3, 19]]"
12a_0444_124,"[[2, 20, 3, 19], [4, 18, 5, 17], [6, 1, 7, 2], [8, 12, 9, 11], [10, 24, 11, 23], [12, 16, 13, 15], [14, 22, 15, 21], [16, 6, 17, 5], [18, 4, 19, 3], [20, 14, 21, 13], [22, 10, 23, 9], [24, 7, 1, 8]]"
12a_0444_125,"[[24, 7, 1, 8], [2, 20, 3, 19], [4, 18, 5, 17], [6, 1, 7, 2], [8, 12, 9, 11], [10, 24, 11, 23], [12, 16, 13, 15], [14, 22, 15, 21], [16, 6, 17, 5], [18, 4, 19, 3], [20, 14, 21, 13], [22, 10, 23, 9]]"
12a_0444_126,"[[22, 10, 23, 9], [24, 7, 1, 8], [2, 20, 3, 19], [4, 18, 5, 17], [6, 1, 7, 2], [8, 12, 9, 11], [10, 24, 11, 23], [12, 16, 13, 15], [14, 22, 15, 21], [16, 6, 17, 5], [18, 4, 19, 3], [20, 14, 21, 13]]"
12a_0444_127,"[[20, 14, 21, 13], [22, 10, 23, 9], [24, 7, 1, 8], [2, 20, 3, 19], [4, 18, 5, 17], [6, 1, 7, 2], [8, 12, 9, 11], [10, 24, 11, 23], [12, 16, 13, 15], [14, 22, 15, 21], [16, 6, 17, 5], [18, 4, 19, 3]]"
12a_0444_128,"[[18, 4, 19, 3], [20, 14, 21, 13], [22, 10, 23, 9], [24, 7, 1, 8], [2, 20, 3, 19], [4, 18, 5, 17], [6, 1, 7, 2], [8, 12, 9, 11], [10, 24, 11, 23], [12, 16, 13, 15], [14, 22, 15, 21], [16, 6, 17, 5]]"
12a_0444_129,"[[16, 6, 17, 5], [18, 4, 19, 3], [20, 14, 21, 13], [22, 10, 23, 9], [24, 7, 1, 8], [2, 20, 3, 19], [4, 18, 5, 17], [6, 1, 7, 2], [8, 12, 9, 11], [10, 24, 11, 23], [12, 16, 13, 15], [14, 22, 15, 21]]"
12a_0444_130,"[[14, 22, 15, 21], [16, 6, 17, 5], [18, 4, 19, 3], [20, 14, 21, 13], [22, 10, 23, 9], [24, 7, 1, 8], [2, 20, 3, 19], [4, 18, 5, 17], [6, 1, 7, 2], [8, 12, 9, 11], [10, 24, 11, 23], [12, 16, 13, 15]]"
12a_0444_131,"[[12, 16, 13, 15], [14, 22, 15, 21], [16, 6, 17, 5], [18, 4, 19, 3], [20, 14, 21, 13], [22, 10, 23, 9], [24, 7, 1, 8], [2, 20, 3, 19], [4, 18, 5, 17], [6, 1, 7, 2], [8, 12, 9, 11], [10, 24, 11, 23]]"
12a_0444_132,"[[11, 1, 12, 24], [13, 17, 14, 16], [15, 23, 16, 22], [17, 7, 18, 6], [19, 5, 20, 4], [21, 15, 22, 14], [23, 11, 24, 10], [1, 8, 2, 9], [3, 21, 4, 20], [5, 19, 6, 18], [7, 2, 8, 3], [9, 13, 10, 12]]"
12a_0444_133,"[[9, 13, 10, 12], [11, 1, 12, 24], [13, 17, 14, 16], [15, 23, 16, 22], [17, 7, 18, 6], [19, 5, 20, 4], [21, 15, 22, 14], [23, 11, 24, 10], [1, 8, 2, 9], [3, 21, 4, 20], [5, 19, 6, 18], [7, 2, 8, 3]]"
12a_0444_134,"[[7, 2, 8, 3], [9, 13, 10, 12], [11, 1, 12, 24], [13, 17, 14, 16], [15, 23, 16, 22], [17, 7, 18, 6], [19, 5, 20, 4], [21, 15, 22, 14], [23, 11, 24, 10], [1, 8, 2, 9], [3, 21, 4, 20], [5, 19, 6, 18]]"
12a_0444_135,"[[5, 19, 6, 18], [7, 2, 8, 3], [9, 13, 10, 12], [11, 1, 12, 24], [13, 17, 14, 16], [15, 23, 16, 22], [17, 7, 18, 6], [19, 5, 20, 4], [21, 15, 22, 14], [23, 11, 24, 10], [1, 8, 2, 9], [3, 21, 4, 20]]"
12a_0444_136,"[[3, 21, 4, 20], [5, 19, 6, 18], [7, 2, 8, 3], [9, 13, 10, 12], [11, 1, 12, 24], [13, 17, 14, 16], [15, 23, 16, 22], [17, 7, 18, 6], [19, 5, 20, 4], [21, 15, 22, 14], [23, 11, 24, 10], [1, 8, 2, 9]]"
12a_0444_137,"[[1, 8, 2, 9], [3, 21, 4, 20], [5, 19, 6, 18], [7, 2, 8, 3], [9, 13, 10, 12], [11, 1, 12, 24], [13, 17, 14, 16], [15, 23, 16, 22], [17, 7, 18, 6], [19, 5, 20, 4], [21, 15, 22, 14], [23, 11, 24, 10]]"
12a_0444_138,"[[23, 11, 24, 10], [1, 8, 2, 9], [3, 21, 4, 20], [5, 19, 6, 18], [7, 2, 8, 3], [9, 13, 10, 12], [11, 1, 12, 24], [13, 17, 14, 16], [15, 23, 16, 22], [17, 7, 18, 6], [19, 5, 20, 4], [21, 15, 22, 14]]"
12a_0444_139,"[[21, 15, 22, 14], [23, 11, 24, 10], [1, 8, 2, 9], [3, 21, 4, 20], [5, 19, 6, 18], [7, 2, 8, 3], [9, 13, 10, 12], [11, 1, 12, 24], [13, 17, 14, 16], [15, 23, 16, 22], [17, 7, 18, 6], [19, 5, 20, 4]]"
12a_0444_140,"[[19, 5, 20, 4], [21, 15, 22, 14], [23, 11, 24, 10], [1, 8, 2, 9], [3, 21, 4, 20], [5, 19, 6, 18], [7, 2, 8, 3], [9, 13, 10, 12], [11, 1, 12, 24], [13, 17, 14, 16], [15, 23, 16, 22], [17, 7, 18, 6]]"
12a_0444_141,"[[17, 7, 18, 6], [19, 5, 20, 4], [21, 15, 22, 14], [23, 11, 24, 10], [1, 8, 2, 9], [3, 21, 4, 20], [5, 19, 6, 18], [7, 2, 8, 3], [9, 13, 10, 12], [11, 1, 12, 24], [13, 17, 14, 16], [15, 23, 16, 22]]"
12a_0444_142,"[[15, 23, 16, 22], [17, 7, 18, 6], [19, 5, 20, 4], [21, 15, 22, 14], [23, 11, 24, 10], [1, 8, 2, 9], [3, 21, 4, 20], [5, 19, 6, 18], [7, 2, 8, 3], [9, 13, 10, 12], [11, 1, 12, 24], [13, 17, 14, 16]]"
12a_0444_143,"[[13, 17, 14, 16], [15, 23, 16, 22], [17, 7, 18, 6], [19, 5, 20, 4], [21, 15, 22, 14], [23, 11, 24, 10], [1, 8, 2, 9], [3, 21, 4, 20], [5, 19, 6, 18], [7, 2, 8, 3], [9, 13, 10, 12], [11, 1, 12, 24]]"
12a_0444_144,"[[12, 2, 13, 1], [14, 18, 15, 17], [16, 24, 17, 23], [18, 8, 19, 7], [20, 6, 21, 5], [22, 16, 23, 15], [24, 12, 1, 11], [2, 9, 3, 10], [4, 22, 5, 21], [6, 20, 7, 19], [8, 3, 9, 4], [10, 14, 11, 13]]"
12a_0444_145,"[[10, 14, 11, 13], [12, 2, 13, 1], [14, 18, 15, 17], [16, 24, 17, 23], [18, 8, 19, 7], [20, 6, 21, 5], [22, 16, 23, 15], [24, 12, 1, 11], [2, 9, 3, 10], [4, 22, 5, 21], [6, 20, 7, 19], [8, 3, 9, 4]]"
12a_0444_146,"[[8, 3, 9, 4], [10, 14, 11, 13], [12, 2, 13, 1], [14, 18, 15, 17], [16, 24, 17, 23], [18, 8, 19, 7], [20, 6, 21, 5], [22, 16, 23, 15], [24, 12, 1, 11], [2, 9, 3, 10], [4, 22, 5, 21], [6, 20, 7, 19]]"
12a_0444_147,"[[6, 20, 7, 19], [8, 3, 9, 4], [10, 14, 11, 13], [12, 2, 13, 1], [14, 18, 15, 17], [16, 24, 17, 23], [18, 8, 19, 7], [20, 6, 21, 5], [22, 16, 23, 15], [24, 12, 1, 11], [2, 9, 3, 10], [4, 22, 5, 21]]"
12a_0444_148,"[[4, 22, 5, 21], [6, 20, 7, 19], [8, 3, 9, 4], [10, 14, 11, 13], [12, 2, 13, 1], [14, 18, 15, 17], [16, 24, 17, 23], [18, 8, 19, 7], [20, 6, 21, 5], [22, 16, 23, 15], [24, 12, 1, 11], [2, 9, 3, 10]]"
12a_0444_149,"[[2, 9, 3, 10], [4, 22, 5, 21], [6, 20, 7, 19], [8, 3, 9, 4], [10, 14, 11, 13], [12, 2, 13, 1], [14, 18, 15, 17], [16, 24, 17, 23], [18, 8, 19, 7], [20, 6, 21, 5], [22, 16, 23, 15], [24, 12, 1, 11]]"
12a_0444_150,"[[24, 12, 1, 11], [2, 9, 3, 10], [4, 22, 5, 21], [6, 20, 7, 19], [8, 3, 9, 4], [10, 14, 11, 13], [12, 2, 13, 1], [14, 18, 15, 17], [16, 24, 17, 23], [18, 8, 19, 7], [20, 6, 21, 5], [22, 16, 23, 15]]"
12a_0444_151,"[[22, 16, 23, 15], [24, 12, 1, 11], [2, 9, 3, 10], [4, 22, 5, 21], [6, 20, 7, 19], [8, 3, 9, 4], [10, 14, 11, 13], [12, 2, 13, 1], [14, 18, 15, 17], [16, 24, 17, 23], [18, 8, 19, 7], [20, 6, 21, 5]]"
12a_0444_152,"[[20, 6, 21, 5], [22, 16, 23, 15], [24, 12, 1, 11], [2, 9, 3, 10], [4, 22, 5, 21], [6, 20, 7, 19], [8, 3, 9, 4], [10, 14, 11, 13], [12, 2, 13, 1], [14, 18, 15, 17], [16, 24, 17, 23], [18, 8, 19, 7]]"
12a_0444_153,"[[18, 8, 19, 7], [20, 6, 21, 5], [22, 16, 23, 15], [24, 12, 1, 11], [2, 9, 3, 10], [4, 22, 5, 21], [6, 20, 7, 19], [8, 3, 9, 4], [10, 14, 11, 13], [12, 2, 13, 1], [14, 18, 15, 17], [16, 24, 17, 23]]"
12a_0444_154,"[[16, 24, 17, 23], [18, 8, 19, 7], [20, 6, 21, 5], [22, 16, 23, 15], [24, 12, 1, 11], [2, 9, 3, 10], [4, 22, 5, 21], [6, 20, 7, 19], [8, 3, 9, 4], [10, 14, 11, 13], [12, 2, 13, 1], [14, 18, 15, 17]]"
12a_0444_155,"[[14, 18, 15, 17], [16, 24, 17, 23], [18, 8, 19, 7], [20, 6, 21, 5], [22, 16, 23, 15], [24, 12, 1, 11], [2, 9, 3, 10], [4, 22, 5, 21], [6, 20, 7, 19], [8, 3, 9, 4], [10, 14, 11, 13], [12, 2, 13, 1]]"
12a_0444_156,"[[13, 3, 14, 2], [15, 19, 16, 18], [17, 1, 18, 24], [19, 9, 20, 8], [21, 7, 22, 6], [23, 17, 24, 16], [1, 13, 2, 12], [3, 10, 4, 11], [5, 23, 6, 22], [7, 21, 8, 20], [9, 4, 10, 5], [11, 15, 12, 14]]"
12a_0444_157,"[[11, 15, 12, 14], [13, 3, 14, 2], [15, 19, 16, 18], [17, 1, 18, 24], [19, 9, 20, 8], [21, 7, 22, 6], [23, 17, 24, 16], [1, 13, 2, 12], [3, 10, 4, 11], [5, 23, 6, 22], [7, 21, 8, 20], [9, 4, 10, 5]]"
12a_0444_158,"[[9, 4, 10, 5], [11, 15, 12, 14], [13, 3, 14, 2], [15, 19, 16, 18], [17, 1, 18, 24], [19, 9, 20, 8], [21, 7, 22, 6], [23, 17, 24, 16], [1, 13, 2, 12], [3, 10, 4, 11], [5, 23, 6, 22], [7, 21, 8, 20]]"
12a_0444_159,"[[7, 21, 8, 20], [9, 4, 10, 5], [11, 15, 12, 14], [13, 3, 14, 2], [15, 19, 16, 18], [17, 1, 18, 24], [19, 9, 20, 8], [21, 7, 22, 6], [23, 17, 24, 16], [1, 13, 2, 12], [3, 10, 4, 11], [5, 23, 6, 22]]"
12a_0444_160,"[[5, 23, 6, 22], [7, 21, 8, 20], [9, 4, 10, 5], [11, 15, 12, 14], [13, 3, 14, 2], [15, 19, 16, 18], [17, 1, 18, 24], [19, 9, 20, 8], [21, 7, 22, 6], [23, 17, 24, 16], [1, 13, 2, 12], [3, 10, 4, 11]]"
12a_0444_161,"[[3, 10, 4, 11], [5, 23, 6, 22], [7, 21, 8, 20], [9, 4, 10, 5], [11, 15, 12, 14], [13, 3, 14, 2], [15, 19, 16, 18], [17, 1, 18, 24], [19, 9, 20, 8], [21, 7, 22, 6], [23, 17, 24, 16], [1, 13, 2, 12]]"
12a_0444_162,"[[1, 13, 2, 12], [3, 10, 4, 11], [5, 23, 6, 22], [7, 21, 8, 20], [9, 4, 10, 5], [11, 15, 12, 14], [13, 3, 14, 2], [15, 19, 16, 18], [17, 1, 18, 24], [19, 9, 20, 8], [21, 7, 22, 6], [23, 17, 24, 16]]"
12a_0444_163,"[[23, 17, 24, 16], [1, 13, 2, 12], [3, 10, 4, 11], [5, 23, 6, 22], [7, 21, 8, 20], [9, 4, 10, 5], [11, 15, 12, 14], [13, 3, 14, 2], [15, 19, 16, 18], [17, 1, 18, 24], [19, 9, 20, 8], [21, 7, 22, 6]]"
12a_0444_164,"[[21, 7, 22, 6], [23, 17, 24, 16], [1, 13, 2, 12], [3, 10, 4, 11], [5, 23, 6, 22], [7, 21, 8, 20], [9, 4, 10, 5], [11, 15, 12, 14], [13, 3, 14, 2], [15, 19, 16, 18], [17, 1, 18, 24], [19, 9, 20, 8]]"
12a_0444_165,"[[19, 9, 20, 8], [21, 7, 22, 6], [23, 17, 24, 16], [1, 13, 2, 12], [3, 10, 4, 11], [5, 23, 6, 22], [7, 21, 8, 20], [9, 4, 10, 5], [11, 15, 12, 14], [13, 3, 14, 2], [15, 19, 16, 18], [17, 1, 18, 24]]"
12a_0444_166,"[[17, 1, 18, 24], [19, 9, 20, 8], [21, 7, 22, 6], [23, 17, 24, 16], [1, 13, 2, 12], [3, 10, 4, 11], [5, 23, 6, 22], [7, 21, 8, 20], [9, 4, 10, 5], [11, 15, 12, 14], [13, 3, 14, 2], [15, 19, 16, 18]]"
12a_0444_167,"[[15, 19, 16, 18], [17, 1, 18, 24], [19, 9, 20, 8], [21, 7, 22, 6], [23, 17, 24, 16], [1, 13, 2, 12], [3, 10, 4, 11], [5, 23, 6, 22], [7, 21, 8, 20], [9, 4, 10, 5], [11, 15, 12, 14], [13, 3, 14, 2]]"
12a_0444_168,"[[14, 4, 15, 3], [16, 20, 17, 19], [18, 2, 19, 1], [20, 10, 21, 9], [22, 8, 23, 7], [24, 18, 1, 17], [2, 14, 3, 13], [4, 11, 5, 12], [6, 24, 7, 23], [8, 22, 9, 21], [10, 5, 11, 6], [12, 16, 13, 15]]"
12a_0444_169,"[[12, 16, 13, 15], [14, 4, 15, 3], [16, 20, 17, 19], [18, 2, 19, 1], [20, 10, 21, 9], [22, 8, 23, 7], [24, 18, 1, 17], [2, 14, 3, 13], [4, 11, 5, 12], [6, 24, 7, 23], [8, 22, 9, 21], [10, 5, 11, 6]]"
12a_0444_170,"[[10, 5, 11, 6], [12, 16, 13, 15], [14, 4, 15, 3], [16, 20, 17, 19], [18, 2, 19, 1], [20, 10, 21, 9], [22, 8, 23, 7], [24, 18, 1, 17], [2, 14, 3, 13], [4, 11, 5, 12], [6, 24, 7, 23], [8, 22, 9, 21]]"
12a_0444_171,"[[8, 22, 9, 21], [10, 5, 11, 6], [12, 16, 13, 15], [14, 4, 15, 3], [16, 20, 17, 19], [18, 2, 19, 1], [20, 10, 21, 9], [22, 8, 23, 7], [24, 18, 1, 17], [2, 14, 3, 13], [4, 11, 5, 12], [6, 24, 7, 23]]"
12a_0444_172,"[[6, 24, 7, 23], [8, 22, 9, 21], [10, 5, 11, 6], [12, 16, 13, 15], [14, 4, 15, 3], [16, 20, 17, 19], [18, 2, 19, 1], [20, 10, 21, 9], [22, 8, 23, 7], [24, 18, 1, 17], [2, 14, 3, 13], [4, 11, 5, 12]]"
12a_0444_173,"[[4, 11, 5, 12], [6, 24, 7, 23], [8, 22, 9, 21], [10, 5, 11, 6], [12, 16, 13, 15], [14, 4, 15, 3], [16, 20, 17, 19], [18, 2, 19, 1], [20, 10, 21, 9], [22, 8, 23, 7], [24, 18, 1, 17], [2, 14, 3, 13]]"
12a_0444_174,"[[2, 14, 3, 13], [4, 11, 5, 12], [6, 24, 7, 23], [8, 22, 9, 21], [10, 5, 11, 6], [12, 16, 13, 15], [14, 4, 15, 3], [16, 20, 17, 19], [18, 2, 19, 1], [20, 10, 21, 9], [22, 8, 23, 7], [24, 18, 1, 17]]"
12a_0444_175,"[[24, 18, 1, 17], [2, 14, 3, 13], [4, 11, 5, 12], [6, 24, 7, 23], [8, 22, 9, 21], [10, 5, 11, 6], [12, 16, 13, 15], [14, 4, 15, 3], [16, 20, 17, 19], [18, 2, 19, 1], [20, 10, 21, 9], [22, 8, 23, 7]]"
12a_0444_176,"[[22, 8, 23, 7], [24, 18, 1, 17], [2, 14, 3, 13], [4, 11, 5, 12], [6, 24, 7, 23], [8, 22, 9, 21], [10, 5, 11, 6], [12, 16, 13, 15], [14, 4, 15, 3], [16, 20, 17, 19], [18, 2, 19, 1], [20, 10, 21, 9]]"
12a_0444_177,"[[20, 10, 21, 9], [22, 8, 23, 7], [24, 18, 1, 17], [2, 14, 3, 13], [4, 11, 5, 12], [6, 24, 7, 23], [8, 22, 9, 21], [10, 5, 11, 6], [12, 16, 13, 15], [14, 4, 15, 3], [16, 20, 17, 19], [18, 2, 19, 1]]"
12a_0444_178,"[[18, 2, 19, 1], [20, 10, 21, 9], [22, 8, 23, 7], [24, 18, 1, 17], [2, 14, 3, 13], [4, 11, 5, 12], [6, 24, 7, 23], [8, 22, 9, 21], [10, 5, 11, 6], [12, 16, 13, 15], [14, 4, 15, 3], [16, 20, 17, 19]]"
12a_0444_179,"[[16, 20, 17, 19], [18, 2, 19, 1], [20, 10, 21, 9], [22, 8, 23, 7], [24, 18, 1, 17], [2, 14, 3, 13], [4, 11, 5, 12], [6, 24, 7, 23], [8, 22, 9, 21], [10, 5, 11, 6], [12, 16, 13, 15], [14, 4, 15, 3]]"
12a_0444_180,"[[15, 5, 16, 4], [17, 21, 18, 20], [19, 3, 20, 2], [21, 11, 22, 10], [23, 9, 24, 8], [1, 19, 2, 18], [3, 15, 4, 14], [5, 12, 6, 13], [7, 1, 8, 24], [9, 23, 10, 22], [11, 6, 12, 7], [13, 17, 14, 16]]"
12a_0444_181,"[[13, 17, 14, 16], [15, 5, 16, 4], [17, 21, 18, 20], [19, 3, 20, 2], [21, 11, 22, 10], [23, 9, 24, 8], [1, 19, 2, 18], [3, 15, 4, 14], [5, 12, 6, 13], [7, 1, 8, 24], [9, 23, 10, 22], [11, 6, 12, 7]]"
12a_0444_182,"[[11, 6, 12, 7], [13, 17, 14, 16], [15, 5, 16, 4], [17, 21, 18, 20], [19, 3, 20, 2], [21, 11, 22, 10], [23, 9, 24, 8], [1, 19, 2, 18], [3, 15, 4, 14], [5, 12, 6, 13], [7, 1, 8, 24], [9, 23, 10, 22]]"
12a_0444_183,"[[9, 23, 10, 22], [11, 6, 12, 7], [13, 17, 14, 16], [15, 5, 16, 4], [17, 21, 18, 20], [19, 3, 20, 2], [21, 11, 22, 10], [23, 9, 24, 8], [1, 19, 2, 18], [3, 15, 4, 14], [5, 12, 6, 13], [7, 1, 8, 24]]"
12a_0444_184,"[[7, 1, 8, 24], [9, 23, 10, 22], [11, 6, 12, 7], [13, 17, 14, 16], [15, 5, 16, 4], [17, 21, 18, 20], [19, 3, 20, 2], [21, 11, 22, 10], [23, 9, 24, 8], [1, 19, 2, 18], [3, 15, 4, 14], [5, 12, 6, 13]]"
12a_0444_185,"[[5, 12, 6, 13], [7, 1, 8, 24], [9, 23, 10, 22], [11, 6, 12, 7], [13, 17, 14, 16], [15, 5, 16, 4], [17, 21, 18, 20], [19, 3, 20, 2], [21, 11, 22, 10], [23, 9, 24, 8], [1, 19, 2, 18], [3, 15, 4, 14]]"
