name,pd_notation
12a_0499_0,"[[24, 7, 1, 8], [2, 6, 3, 5], [4, 14, 5, 13], [6, 15, 7, 16], [8, 18, 9, 17], [10, 19, 11, 20], [12, 4, 13, 3], [14, 1, 15, 2], [16, 24, 17, 23], [18, 21, 19, 22], [20, 11, 21, 12], [22, 10, 23, 9]]"
12a_0499_1,"[[22, 10, 23, 9], [24, 7, 1, 8], [2, 6, 3, 5], [4, 14, 5, 13], [6, 15, 7, 16], [8, 18, 9, 17], [10, 19, 11, 20], [12, 4, 13, 3], [14, 1, 15, 2], [16, 24, 17, 23], [18, 21, 19, 22], [20, 11, 21, 12]]"
12a_0499_2,"[[20, 11, 21, 12], [22, 10, 23, 9], [24, 7, 1, 8], [2, 6, 3, 5], [4, 14, 5, 13], [6, 15, 7, 16], [8, 18, 9, 17], [10, 19, 11, 20], [12, 4, 13, 3], [14, 1, 15, 2], [16, 24, 17, 23], [18, 21, 19, 22]]"
12a_0499_3,"[[18, 21, 19, 22], [20, 11, 21, 12], [22, 10, 23, 9], [24, 7, 1, 8], [2, 6, 3, 5], [4, 14, 5, 13], [6, 15, 7, 16], [8, 18, 9, 17], [10, 19, 11, 20], [12, 4, 13, 3], [14, 1, 15, 2], [16, 24, 17, 23]]"
12a_0499_4,"[[16, 24, 17, 23], [18, 21, 19, 22], [20, 11, 21, 12], [22, 10, 23, 9], [24, 7, 1, 8], [2, 6, 3, 5], [4, 14, 5, 13], [6, 15, 7, 16], [8, 18, 9, 17], [10, 19, 11, 20], [12, 4, 13, 3], [14, 1, 15, 2]]"
12a_0499_5,"[[14, 1, 15, 2], [16, 24, 17, 23], [18, 21, 19, 22], [20, 11, 21, 12], [22, 10, 23, 9], [24, 7, 1, 8], [2, 6, 3, 5], [4, 14, 5, 13], [6, 15, 7, 16], [8, 18, 9, 17], [10, 19, 11, 20], [12, 4, 13, 3]]"
12a_0499_6,"[[12, 4, 13, 3], [14, 1, 15, 2], [16, 24, 17, 23], [18, 21, 19, 22], [20, 11, 21, 12], [22, 10, 23, 9], [24, 7, 1, 8], [2, 6, 3, 5], [4, 14, 5, 13], [6, 15, 7, 16], [8, 18, 9, 17], [10, 19, 11, 20]]"
12a_0499_7,"[[10, 19, 11, 20], [12, 4, 13, 3], [14, 1, 15, 2], [16, 24, 17, 23], [18, 21, 19, 22], [20, 11, 21, 12], [22, 10, 23, 9], [24, 7, 1, 8], [2, 6, 3, 5], [4, 14, 5, 13], [6, 15, 7, 16], [8, 18, 9, 17]]"
12a_0499_8,"[[8, 18, 9, 17], [10, 19, 11, 20], [12, 4, 13, 3], [14, 1, 15, 2], [16, 24, 17, 23], [18, 21, 19, 22], [20, 11, 21, 12], [22, 10, 23, 9], [24, 7, 1, 8], [2, 6, 3, 5], [4, 14, 5, 13], [6, 15, 7, 16]]"
12a_0499_9,"[[6, 15, 7, 16], [8, 18, 9, 17], [10, 19, 11, 20], [12, 4, 13, 3], [14, 1, 15, 2], [16, 24, 17, 23], [18, 21, 19, 22], [20, 11, 21, 12], [22, 10, 23, 9], [24, 7, 1, 8], [2, 6, 3, 5], [4, 14, 5, 13]]"
12a_0499_10,"[[4, 14, 5, 13], [6, 15, 7, 16], [8, 18, 9, 17], [10, 19, 11, 20], [12, 4, 13, 3], [14, 1, 15, 2], [16, 24, 17, 23], [18, 21, 19, 22], [20, 11, 21, 12], [22, 10, 23, 9], [24, 7, 1, 8], [2, 6, 3, 5]]"
12a_0499_11,"[[2, 6, 3, 5], [4, 14, 5, 13], [6, 15, 7, 16], [8, 18, 9, 17], [10, 19, 11, 20], [12, 4, 13, 3], [14, 1, 15, 2], [16, 24, 17, 23], [18, 21, 19, 22], [20, 11, 21, 12], [22, 10, 23, 9], [24, 7, 1, 8]]"
12a_0499_12,"[[1, 8, 2, 9], [3, 7, 4, 6], [5, 15, 6, 14], [7, 16, 8, 17], [9, 19, 10, 18], [11, 20, 12, 21], [13, 5, 14, 4], [15, 2, 16, 3], [17, 1, 18, 24], [19, 22, 20, 23], [21, 12, 22, 13], [23, 11, 24, 10]]"
12a_0499_13,"[[23, 11, 24, 10], [1, 8, 2, 9], [3, 7, 4, 6], [5, 15, 6, 14], [7, 16, 8, 17], [9, 19, 10, 18], [11, 20, 12, 21], [13, 5, 14, 4], [15, 2, 16, 3], [17, 1, 18, 24], [19, 22, 20, 23], [21, 12, 22, 13]]"
12a_0499_14,"[[21, 12, 22, 13], [23, 11, 24, 10], [1, 8, 2, 9], [3, 7, 4, 6], [5, 15, 6, 14], [7, 16, 8, 17], [9, 19, 10, 18], [11, 20, 12, 21], [13, 5, 14, 4], [15, 2, 16, 3], [17, 1, 18, 24], [19, 22, 20, 23]]"
12a_0499_15,"[[19, 22, 20, 23], [21, 12, 22, 13], [23, 11, 24, 10], [1, 8, 2, 9], [3, 7, 4, 6], [5, 15, 6, 14], [7, 16, 8, 17], [9, 19, 10, 18], [11, 20, 12, 21], [13, 5, 14, 4], [15, 2, 16, 3], [17, 1, 18, 24]]"
12a_0499_16,"[[17, 1, 18, 24], [19, 22, 20, 23], [21, 12, 22, 13], [23, 11, 24, 10], [1, 8, 2, 9], [3, 7, 4, 6], [5, 15, 6, 14], [7, 16, 8, 17], [9, 19, 10, 18], [11, 20, 12, 21], [13, 5, 14, 4], [15, 2, 16, 3]]"
12a_0499_17,"[[15, 2, 16, 3], [17, 1, 18, 24], [19, 22, 20, 23], [21, 12, 22, 13], [23, 11, 24, 10], [1, 8, 2, 9], [3, 7, 4, 6], [5, 15, 6, 14], [7, 16, 8, 17], [9, 19, 10, 18], [11, 20, 12, 21], [13, 5, 14, 4]]"
12a_0499_18,"[[13, 5, 14, 4], [15, 2, 16, 3], [17, 1, 18, 24], [19, 22, 20, 23], [21, 12, 22, 13], [23, 11, 24, 10], [1, 8, 2, 9], [3, 7, 4, 6], [5, 15, 6, 14], [7, 16, 8, 17], [9, 19, 10, 18], [11, 20, 12, 21]]"
12a_0499_19,"[[11, 20, 12, 21], [13, 5, 14, 4], [15, 2, 16, 3], [17, 1, 18, 24], [19, 22, 20, 23], [21, 12, 22, 13], [23, 11, 24, 10], [1, 8, 2, 9], [3, 7, 4, 6], [5, 15, 6, 14], [7, 16, 8, 17], [9, 19, 10, 18]]"
12a_0499_20,"[[9, 19, 10, 18], [11, 20, 12, 21], [13, 5, 14, 4], [15, 2, 16, 3], [17, 1, 18, 24], [19, 22, 20, 23], [21, 12, 22, 13], [23, 11, 24, 10], [1, 8, 2, 9], [3, 7, 4, 6], [5, 15, 6, 14], [7, 16, 8, 17]]"
12a_0499_21,"[[7, 16, 8, 17], [9, 19, 10, 18], [11, 20, 12, 21], [13, 5, 14, 4], [15, 2, 16, 3], [17, 1, 18, 24], [19, 22, 20, 23], [21, 12, 22, 13], [23, 11, 24, 10], [1, 8, 2, 9], [3, 7, 4, 6], [5, 15, 6, 14]]"
12a_0499_22,"[[5, 15, 6, 14], [7, 16, 8, 17], [9, 19, 10, 18], [11, 20, 12, 21], [13, 5, 14, 4], [15, 2, 16, 3], [17, 1, 18, 24], [19, 22, 20, 23], [21, 12, 22, 13], [23, 11, 24, 10], [1, 8, 2, 9], [3, 7, 4, 6]]"
12a_0499_23,"[[3, 7, 4, 6], [5, 15, 6, 14], [7, 16, 8, 17], [9, 19, 10, 18], [11, 20, 12, 21], [13, 5, 14, 4], [15, 2, 16, 3], [17, 1, 18, 24], [19, 22, 20, 23], [21, 12, 22, 13], [23, 11, 24, 10], [1, 8, 2, 9]]"
12a_0499_24,"[[2, 9, 3, 10], [4, 8, 5, 7], [6, 16, 7, 15], [8, 17, 9, 18], [10, 20, 11, 19], [12, 21, 13, 22], [14, 6, 15, 5], [16, 3, 17, 4], [18, 2, 19, 1], [20, 23, 21, 24], [22, 13, 23, 14], [24, 12, 1, 11]]"
12a_0499_25,"[[24, 12, 1, 11], [2, 9, 3, 10], [4, 8, 5, 7], [6, 16, 7, 15], [8, 17, 9, 18], [10, 20, 11, 19], [12, 21, 13, 22], [14, 6, 15, 5], [16, 3, 17, 4], [18, 2, 19, 1], [20, 23, 21, 24], [22, 13, 23, 14]]"
12a_0499_26,"[[22, 13, 23, 14], [24, 12, 1, 11], [2, 9, 3, 10], [4, 8, 5, 7], [6, 16, 7, 15], [8, 17, 9, 18], [10, 20, 11, 19], [12, 21, 13, 22], [14, 6, 15, 5], [16, 3, 17, 4], [18, 2, 19, 1], [20, 23, 21, 24]]"
12a_0499_27,"[[20, 23, 21, 24], [22, 13, 23, 14], [24, 12, 1, 11], [2, 9, 3, 10], [4, 8, 5, 7], [6, 16, 7, 15], [8, 17, 9, 18], [10, 20, 11, 19], [12, 21, 13, 22], [14, 6, 15, 5], [16, 3, 17, 4], [18, 2, 19, 1]]"
12a_0499_28,"[[18, 2, 19, 1], [20, 23, 21, 24], [22, 13, 23, 14], [24, 12, 1, 11], [2, 9, 3, 10], [4, 8, 5, 7], [6, 16, 7, 15], [8, 17, 9, 18], [10, 20, 11, 19], [12, 21, 13, 22], [14, 6, 15, 5], [16, 3, 17, 4]]"
12a_0499_29,"[[16, 3, 17, 4], [18, 2, 19, 1], [20, 23, 21, 24], [22, 13, 23, 14], [24, 12, 1, 11], [2, 9, 3, 10], [4, 8, 5, 7], [6, 16, 7, 15], [8, 17, 9, 18], [10, 20, 11, 19], [12, 21, 13, 22], [14, 6, 15, 5]]"
12a_0499_30,"[[14, 6, 15, 5], [16, 3, 17, 4], [18, 2, 19, 1], [20, 23, 21, 24], [22, 13, 23, 14], [24, 12, 1, 11], [2, 9, 3, 10], [4, 8, 5, 7], [6, 16, 7, 15], [8, 17, 9, 18], [10, 20, 11, 19], [12, 21, 13, 22]]"
12a_0499_31,"[[12, 21, 13, 22], [14, 6, 15, 5], [16, 3, 17, 4], [18, 2, 19, 1], [20, 23, 21, 24], [22, 13, 23, 14], [24, 12, 1, 11], [2, 9, 3, 10], [4, 8, 5, 7], [6, 16, 7, 15], [8, 17, 9, 18], [10, 20, 11, 19]]"
12a_0499_32,"[[10, 20, 11, 19], [12, 21, 13, 22], [14, 6, 15, 5], [16, 3, 17, 4], [18, 2, 19, 1], [20, 23, 21, 24], [22, 13, 23, 14], [24, 12, 1, 11], [2, 9, 3, 10], [4, 8, 5, 7], [6, 16, 7, 15], [8, 17, 9, 18]]"
12a_0499_33,"[[8, 17, 9, 18], [10, 20, 11, 19], [12, 21, 13, 22], [14, 6, 15, 5], [16, 3, 17, 4], [18, 2, 19, 1], [20, 23, 21, 24], [22, 13, 23, 14], [24, 12, 1, 11], [2, 9, 3, 10], [4, 8, 5, 7], [6, 16, 7, 15]]"
12a_0499_34,"[[6, 16, 7, 15], [8, 17, 9, 18], [10, 20, 11, 19], [12, 21, 13, 22], [14, 6, 15, 5], [16, 3, 17, 4], [18, 2, 19, 1], [20, 23, 21, 24], [22, 13, 23, 14], [24, 12, 1, 11], [2, 9, 3, 10], [4, 8, 5, 7]]"
12a_0499_35,"[[4, 8, 5, 7], [6, 16, 7, 15], [8, 17, 9, 18], [10, 20, 11, 19], [12, 21, 13, 22], [14, 6, 15, 5], [16, 3, 17, 4], [18, 2, 19, 1], [20, 23, 21, 24], [22, 13, 23, 14], [24, 12, 1, 11], [2, 9, 3, 10]]"
12a_0499_36,"[[3, 10, 4, 11], [5, 9, 6, 8], [7, 17, 8, 16], [9, 18, 10, 19], [11, 21, 12, 20], [13, 22, 14, 23], [15, 7, 16, 6], [17, 4, 18, 5], [19, 3, 20, 2], [21, 24, 22, 1], [23, 14, 24, 15], [1, 13, 2, 12]]"
12a_0499_37,"[[1, 13, 2, 12], [3, 10, 4, 11], [5, 9, 6, 8], [7, 17, 8, 16], [9, 18, 10, 19], [11, 21, 12, 20], [13, 22, 14, 23], [15, 7, 16, 6], [17, 4, 18, 5], [19, 3, 20, 2], [21, 24, 22, 1], [23, 14, 24, 15]]"
12a_0499_38,"[[23, 14, 24, 15], [1, 13, 2, 12], [3, 10, 4, 11], [5, 9, 6, 8], [7, 17, 8, 16], [9, 18, 10, 19], [11, 21, 12, 20], [13, 22, 14, 23], [15, 7, 16, 6], [17, 4, 18, 5], [19, 3, 20, 2], [21, 24, 22, 1]]"
12a_0499_39,"[[21, 24, 22, 1], [23, 14, 24, 15], [1, 13, 2, 12], [3, 10, 4, 11], [5, 9, 6, 8], [7, 17, 8, 16], [9, 18, 10, 19], [11, 21, 12, 20], [13, 22, 14, 23], [15, 7, 16, 6], [17, 4, 18, 5], [19, 3, 20, 2]]"
12a_0499_40,"[[19, 3, 20, 2], [21, 24, 22, 1], [23, 14, 24, 15], [1, 13, 2, 12], [3, 10, 4, 11], [5, 9, 6, 8], [7, 17, 8, 16], [9, 18, 10, 19], [11, 21, 12, 20], [13, 22, 14, 23], [15, 7, 16, 6], [17, 4, 18, 5]]"
12a_0499_41,"[[17, 4, 18, 5], [19, 3, 20, 2], [21, 24, 22, 1], [23, 14, 24, 15], [1, 13, 2, 12], [3, 10, 4, 11], [5, 9, 6, 8], [7, 17, 8, 16], [9, 18, 10, 19], [11, 21, 12, 20], [13, 22, 14, 23], [15, 7, 16, 6]]"
12a_0499_42,"[[15, 7, 16, 6], [17, 4, 18, 5], [19, 3, 20, 2], [21, 24, 22, 1], [23, 14, 24, 15], [1, 13, 2, 12], [3, 10, 4, 11], [5, 9, 6, 8], [7, 17, 8, 16], [9, 18, 10, 19], [11, 21, 12, 20], [13, 22, 14, 23]]"
12a_0499_43,"[[13, 22, 14, 23], [15, 7, 16, 6], [17, 4, 18, 5], [19, 3, 20, 2], [21, 24, 22, 1], [23, 14, 24, 15], [1, 13, 2, 12], [3, 10, 4, 11], [5, 9, 6, 8], [7, 17, 8, 16], [9, 18, 10, 19], [11, 21, 12, 20]]"
12a_0499_44,"[[11, 21, 12, 20], [13, 22, 14, 23], [15, 7, 16, 6], [17, 4, 18, 5], [19, 3, 20, 2], [21, 24, 22, 1], [23, 14, 24, 15], [1, 13, 2, 12], [3, 10, 4, 11], [5, 9, 6, 8], [7, 17, 8, 16], [9, 18, 10, 19]]"
12a_0499_45,"[[9, 18, 10, 19], [11, 21, 12, 20], [13, 22, 14, 23], [15, 7, 16, 6], [17, 4, 18, 5], [19, 3, 20, 2], [21, 24, 22, 1], [23, 14, 24, 15], [1, 13, 2, 12], [3, 10, 4, 11], [5, 9, 6, 8], [7, 17, 8, 16]]"
12a_0499_46,"[[7, 17, 8, 16], [9, 18, 10, 19], [11, 21, 12, 20], [13, 22, 14, 23], [15, 7, 16, 6], [17, 4, 18, 5], [19, 3, 20, 2], [21, 24, 22, 1], [23, 14, 24, 15], [1, 13, 2, 12], [3, 10, 4, 11], [5, 9, 6, 8]]"
12a_0499_47,"[[5, 9, 6, 8], [7, 17, 8, 16], [9, 18, 10, 19], [11, 21, 12, 20], [13, 22, 14, 23], [15, 7, 16, 6], [17, 4, 18, 5], [19, 3, 20, 2], [21, 24, 22, 1], [23, 14, 24, 15], [1, 13, 2, 12], [3, 10, 4, 11]]"
12a_0499_48,"[[4, 11, 5, 12], [6, 10, 7, 9], [8, 18, 9, 17], [10, 19, 11, 20], [12, 22, 13, 21], [14, 23, 15, 24], [16, 8, 17, 7], [18, 5, 19, 6], [20, 4, 21, 3], [22, 1, 23, 2], [24, 15, 1, 16], [2, 14, 3, 13]]"
12a_0499_49,"[[2, 14, 3, 13], [4, 11, 5, 12], [6, 10, 7, 9], [8, 18, 9, 17], [10, 19, 11, 20], [12, 22, 13, 21], [14, 23, 15, 24], [16, 8, 17, 7], [18, 5, 19, 6], [20, 4, 21, 3], [22, 1, 23, 2], [24, 15, 1, 16]]"
12a_0499_50,"[[24, 15, 1, 16], [2, 14, 3, 13], [4, 11, 5, 12], [6, 10, 7, 9], [8, 18, 9, 17], [10, 19, 11, 20], [12, 22, 13, 21], [14, 23, 15, 24], [16, 8, 17, 7], [18, 5, 19, 6], [20, 4, 21, 3], [22, 1, 23, 2]]"
12a_0499_51,"[[22, 1, 23, 2], [24, 15, 1, 16], [2, 14, 3, 13], [4, 11, 5, 12], [6, 10, 7, 9], [8, 18, 9, 17], [10, 19, 11, 20], [12, 22, 13, 21], [14, 23, 15, 24], [16, 8, 17, 7], [18, 5, 19, 6], [20, 4, 21, 3]]"
12a_0499_52,"[[20, 4, 21, 3], [22, 1, 23, 2], [24, 15, 1, 16], [2, 14, 3, 13], [4, 11, 5, 12], [6, 10, 7, 9], [8, 18, 9, 17], [10, 19, 11, 20], [12, 22, 13, 21], [14, 23, 15, 24], [16, 8, 17, 7], [18, 5, 19, 6]]"
12a_0499_53,"[[18, 5, 19, 6], [20, 4, 21, 3], [22, 1, 23, 2], [24, 15, 1, 16], [2, 14, 3, 13], [4, 11, 5, 12], [6, 10, 7, 9], [8, 18, 9, 17], [10, 19, 11, 20], [12, 22, 13, 21], [14, 23, 15, 24], [16, 8, 17, 7]]"
12a_0499_54,"[[16, 8, 17, 7], [18, 5, 19, 6], [20, 4, 21, 3], [22, 1, 23, 2], [24, 15, 1, 16], [2, 14, 3, 13], [4, 11, 5, 12], [6, 10, 7, 9], [8, 18, 9, 17], [10, 19, 11, 20], [12, 22, 13, 21], [14, 23, 15, 24]]"
12a_0499_55,"[[14, 23, 15, 24], [16, 8, 17, 7], [18, 5, 19, 6], [20, 4, 21, 3], [22, 1, 23, 2], [24, 15, 1, 16], [2, 14, 3, 13], [4, 11, 5, 12], [6, 10, 7, 9], [8, 18, 9, 17], [10, 19, 11, 20], [12, 22, 13, 21]]"
12a_0499_56,"[[12, 22, 13, 21], [14, 23, 15, 24], [16, 8, 17, 7], [18, 5, 19, 6], [20, 4, 21, 3], [22, 1, 23, 2], [24, 15, 1, 16], [2, 14, 3, 13], [4, 11, 5, 12], [6, 10, 7, 9], [8, 18, 9, 17], [10, 19, 11, 20]]"
12a_0499_57,"[[10, 19, 11, 20], [12, 22, 13, 21], [14, 23, 15, 24], [16, 8, 17, 7], [18, 5, 19, 6], [20, 4, 21, 3], [22, 1, 23, 2], [24, 15, 1, 16], [2, 14, 3, 13], [4, 11, 5, 12], [6, 10, 7, 9], [8, 18, 9, 17]]"
12a_0499_58,"[[8, 18, 9, 17], [10, 19, 11, 20], [12, 22, 13, 21], [14, 23, 15, 24], [16, 8, 17, 7], [18, 5, 19, 6], [20, 4, 21, 3], [22, 1, 23, 2], [24, 15, 1, 16], [2, 14, 3, 13], [4, 11, 5, 12], [6, 10, 7, 9]]"
12a_0499_59,"[[6, 10, 7, 9], [8, 18, 9, 17], [10, 19, 11, 20], [12, 22, 13, 21], [14, 23, 15, 24], [16, 8, 17, 7], [18, 5, 19, 6], [20, 4, 21, 3], [22, 1, 23, 2], [24, 15, 1, 16], [2, 14, 3, 13], [4, 11, 5, 12]]"
12a_0499_60,"[[5, 12, 6, 13], [7, 11, 8, 10], [9, 19, 10, 18], [11, 20, 12, 21], [13, 23, 14, 22], [15, 24, 16, 1], [17, 9, 18, 8], [19, 6, 20, 7], [21, 5, 22, 4], [23, 2, 24, 3], [1, 16, 2, 17], [3, 15, 4, 14]]"
12a_0499_61,"[[3, 15, 4, 14], [5, 12, 6, 13], [7, 11, 8, 10], [9, 19, 10, 18], [11, 20, 12, 21], [13, 23, 14, 22], [15, 24, 16, 1], [17, 9, 18, 8], [19, 6, 20, 7], [21, 5, 22, 4], [23, 2, 24, 3], [1, 16, 2, 17]]"
12a_0499_62,"[[1, 16, 2, 17], [3, 15, 4, 14], [5, 12, 6, 13], [7, 11, 8, 10], [9, 19, 10, 18], [11, 20, 12, 21], [13, 23, 14, 22], [15, 24, 16, 1], [17, 9, 18, 8], [19, 6, 20, 7], [21, 5, 22, 4], [23, 2, 24, 3]]"
12a_0499_63,"[[23, 2, 24, 3], [1, 16, 2, 17], [3, 15, 4, 14], [5, 12, 6, 13], [7, 11, 8, 10], [9, 19, 10, 18], [11, 20, 12, 21], [13, 23, 14, 22], [15, 24, 16, 1], [17, 9, 18, 8], [19, 6, 20, 7], [21, 5, 22, 4]]"
12a_0499_64,"[[21, 5, 22, 4], [23, 2, 24, 3], [1, 16, 2, 17], [3, 15, 4, 14], [5, 12, 6, 13], [7, 11, 8, 10], [9, 19, 10, 18], [11, 20, 12, 21], [13, 23, 14, 22], [15, 24, 16, 1], [17, 9, 18, 8], [19, 6, 20, 7]]"
12a_0499_65,"[[19, 6, 20, 7], [21, 5, 22, 4], [23, 2, 24, 3], [1, 16, 2, 17], [3, 15, 4, 14], [5, 12, 6, 13], [7, 11, 8, 10], [9, 19, 10, 18], [11, 20, 12, 21], [13, 23, 14, 22], [15, 24, 16, 1], [17, 9, 18, 8]]"
12a_0499_66,"[[17, 9, 18, 8], [19, 6, 20, 7], [21, 5, 22, 4], [23, 2, 24, 3], [1, 16, 2, 17], [3, 15, 4, 14], [5, 12, 6, 13], [7, 11, 8, 10], [9, 19, 10, 18], [11, 20, 12, 21], [13, 23, 14, 22], [15, 24, 16, 1]]"
12a_0499_67,"[[15, 24, 16, 1], [17, 9, 18, 8], [19, 6, 20, 7], [21, 5, 22, 4], [23, 2, 24, 3], [1, 16, 2, 17], [3, 15, 4, 14], [5, 12, 6, 13], [7, 11, 8, 10], [9, 19, 10, 18], [11, 20, 12, 21], [13, 23, 14, 22]]"
12a_0499_68,"[[13, 23, 14, 22], [15, 24, 16, 1], [17, 9, 18, 8], [19, 6, 20, 7], [21, 5, 22, 4], [23, 2, 24, 3], [1, 16, 2, 17], [3, 15, 4, 14], [5, 12, 6, 13], [7, 11, 8, 10], [9, 19, 10, 18], [11, 20, 12, 21]]"
12a_0499_69,"[[11, 20, 12, 21], [13, 23, 14, 22], [15, 24, 16, 1], [17, 9, 18, 8], [19, 6, 20, 7], [21, 5, 22, 4], [23, 2, 24, 3], [1, 16, 2, 17], [3, 15, 4, 14], [5, 12, 6, 13], [7, 11, 8, 10], [9, 19, 10, 18]]"
12a_0499_70,"[[9, 19, 10, 18], [11, 20, 12, 21], [13, 23, 14, 22], [15, 24, 16, 1], [17, 9, 18, 8], [19, 6, 20, 7], [21, 5, 22, 4], [23, 2, 24, 3], [1, 16, 2, 17], [3, 15, 4, 14], [5, 12, 6, 13], [7, 11, 8, 10]]"
12a_0499_71,"[[7, 11, 8, 10], [9, 19, 10, 18], [11, 20, 12, 21], [13, 23, 14, 22], [15, 24, 16, 1], [17, 9, 18, 8], [19, 6, 20, 7], [21, 5, 22, 4], [23, 2, 24, 3], [1, 16, 2, 17], [3, 15, 4, 14], [5, 12, 6, 13]]"
12a_0499_72,"[[6, 13, 7, 14], [8, 12, 9, 11], [10, 20, 11, 19], [12, 21, 13, 22], [14, 24, 15, 23], [16, 1, 17, 2], [18, 10, 19, 9], [20, 7, 21, 8], [22, 6, 23, 5], [24, 3, 1, 4], [2, 17, 3, 18], [4, 16, 5, 15]]"
12a_0499_73,"[[4, 16, 5, 15], [6, 13, 7, 14], [8, 12, 9, 11], [10, 20, 11, 19], [12, 21, 13, 22], [14, 24, 15, 23], [16, 1, 17, 2], [18, 10, 19, 9], [20, 7, 21, 8], [22, 6, 23, 5], [24, 3, 1, 4], [2, 17, 3, 18]]"
12a_0499_74,"[[2, 17, 3, 18], [4, 16, 5, 15], [6, 13, 7, 14], [8, 12, 9, 11], [10, 20, 11, 19], [12, 21, 13, 22], [14, 24, 15, 23], [16, 1, 17, 2], [18, 10, 19, 9], [20, 7, 21, 8], [22, 6, 23, 5], [24, 3, 1, 4]]"
12a_0499_75,"[[24, 3, 1, 4], [2, 17, 3, 18], [4, 16, 5, 15], [6, 13, 7, 14], [8, 12, 9, 11], [10, 20, 11, 19], [12, 21, 13, 22], [14, 24, 15, 23], [16, 1, 17, 2], [18, 10, 19, 9], [20, 7, 21, 8], [22, 6, 23, 5]]"
12a_0499_76,"[[22, 6, 23, 5], [24, 3, 1, 4], [2, 17, 3, 18], [4, 16, 5, 15], [6, 13, 7, 14], [8, 12, 9, 11], [10, 20, 11, 19], [12, 21, 13, 22], [14, 24, 15, 23], [16, 1, 17, 2], [18, 10, 19, 9], [20, 7, 21, 8]]"
12a_0499_77,"[[20, 7, 21, 8], [22, 6, 23, 5], [24, 3, 1, 4], [2, 17, 3, 18], [4, 16, 5, 15], [6, 13, 7, 14], [8, 12, 9, 11], [10, 20, 11, 19], [12, 21, 13, 22], [14, 24, 15, 23], [16, 1, 17, 2], [18, 10, 19, 9]]"
12a_0499_78,"[[18, 10, 19, 9], [20, 7, 21, 8], [22, 6, 23, 5], [24, 3, 1, 4], [2, 17, 3, 18], [4, 16, 5, 15], [6, 13, 7, 14], [8, 12, 9, 11], [10, 20, 11, 19], [12, 21, 13, 22], [14, 24, 15, 23], [16, 1, 17, 2]]"
12a_0499_79,"[[16, 1, 17, 2], [18, 10, 19, 9], [20, 7, 21, 8], [22, 6, 23, 5], [24, 3, 1, 4], [2, 17, 3, 18], [4, 16, 5, 15], [6, 13, 7, 14], [8, 12, 9, 11], [10, 20, 11, 19], [12, 21, 13, 22], [14, 24, 15, 23]]"
12a_0499_80,"[[14, 24, 15, 23], [16, 1, 17, 2], [18, 10, 19, 9], [20, 7, 21, 8], [22, 6, 23, 5], [24, 3, 1, 4], [2, 17, 3, 18], [4, 16, 5, 15], [6, 13, 7, 14], [8, 12, 9, 11], [10, 20, 11, 19], [12, 21, 13, 22]]"
12a_0499_81,"[[12, 21, 13, 22], [14, 24, 15, 23], [16, 1, 17, 2], [18, 10, 19, 9], [20, 7, 21, 8], [22, 6, 23, 5], [24, 3, 1, 4], [2, 17, 3, 18], [4, 16, 5, 15], [6, 13, 7, 14], [8, 12, 9, 11], [10, 20, 11, 19]]"
12a_0499_82,"[[10, 20, 11, 19], [12, 21, 13, 22], [14, 24, 15, 23], [16, 1, 17, 2], [18, 10, 19, 9], [20, 7, 21, 8], [22, 6, 23, 5], [24, 3, 1, 4], [2, 17, 3, 18], [4, 16, 5, 15], [6, 13, 7, 14], [8, 12, 9, 11]]"
12a_0499_83,"[[8, 12, 9, 11], [10, 20, 11, 19], [12, 21, 13, 22], [14, 24, 15, 23], [16, 1, 17, 2], [18, 10, 19, 9], [20, 7, 21, 8], [22, 6, 23, 5], [24, 3, 1, 4], [2, 17, 3, 18], [4, 16, 5, 15], [6, 13, 7, 14]]"
12a_0499_84,"[[7, 14, 8, 15], [9, 13, 10, 12], [11, 21, 12, 20], [13, 22, 14, 23], [15, 1, 16, 24], [17, 2, 18, 3], [19, 11, 20, 10], [21, 8, 22, 9], [23, 7, 24, 6], [1, 4, 2, 5], [3, 18, 4, 19], [5, 17, 6, 16]]"
12a_0499_85,"[[5, 17, 6, 16], [7, 14, 8, 15], [9, 13, 10, 12], [11, 21, 12, 20], [13, 22, 14, 23], [15, 1, 16, 24], [17, 2, 18, 3], [19, 11, 20, 10], [21, 8, 22, 9], [23, 7, 24, 6], [1, 4, 2, 5], [3, 18, 4, 19]]"
12a_0499_86,"[[3, 18, 4, 19], [5, 17, 6, 16], [7, 14, 8, 15], [9, 13, 10, 12], [11, 21, 12, 20], [13, 22, 14, 23], [15, 1, 16, 24], [17, 2, 18, 3], [19, 11, 20, 10], [21, 8, 22, 9], [23, 7, 24, 6], [1, 4, 2, 5]]"
12a_0499_87,"[[1, 4, 2, 5], [3, 18, 4, 19], [5, 17, 6, 16], [7, 14, 8, 15], [9, 13, 10, 12], [11, 21, 12, 20], [13, 22, 14, 23], [15, 1, 16, 24], [17, 2, 18, 3], [19, 11, 20, 10], [21, 8, 22, 9], [23, 7, 24, 6]]"
12a_0499_88,"[[23, 7, 24, 6], [1, 4, 2, 5], [3, 18, 4, 19], [5, 17, 6, 16], [7, 14, 8, 15], [9, 13, 10, 12], [11, 21, 12, 20], [13, 22, 14, 23], [15, 1, 16, 24], [17, 2, 18, 3], [19, 11, 20, 10], [21, 8, 22, 9]]"
12a_0499_89,"[[21, 8, 22, 9], [23, 7, 24, 6], [1, 4, 2, 5], [3, 18, 4, 19], [5, 17, 6, 16], [7, 14, 8, 15], [9, 13, 10, 12], [11, 21, 12, 20], [13, 22, 14, 23], [15, 1, 16, 24], [17, 2, 18, 3], [19, 11, 20, 10]]"
12a_0499_90,"[[19, 11, 20, 10], [21, 8, 22, 9], [23, 7, 24, 6], [1, 4, 2, 5], [3, 18, 4, 19], [5, 17, 6, 16], [7, 14, 8, 15], [9, 13, 10, 12], [11, 21, 12, 20], [13, 22, 14, 23], [15, 1, 16, 24], [17, 2, 18, 3]]"
12a_0499_91,"[[17, 2, 18, 3], [19, 11, 20, 10], [21, 8, 22, 9], [23, 7, 24, 6], [1, 4, 2, 5], [3, 18, 4, 19], [5, 17, 6, 16], [7, 14, 8, 15], [9, 13, 10, 12], [11, 21, 12, 20], [13, 22, 14, 23], [15, 1, 16, 24]]"
12a_0499_92,"[[15, 1, 16, 24], [17, 2, 18, 3], [19, 11, 20, 10], [21, 8, 22, 9], [23, 7, 24, 6], [1, 4, 2, 5], [3, 18, 4, 19], [5, 17, 6, 16], [7, 14, 8, 15], [9, 13, 10, 12], [11, 21, 12, 20], [13, 22, 14, 23]]"
12a_0499_93,"[[13, 22, 14, 23], [15, 1, 16, 24], [17, 2, 18, 3], [19, 11, 20, 10], [21, 8, 22, 9], [23, 7, 24, 6], [1, 4, 2, 5], [3, 18, 4, 19], [5, 17, 6, 16], [7, 14, 8, 15], [9, 13, 10, 12], [11, 21, 12, 20]]"
12a_0499_94,"[[11, 21, 12, 20], [13, 22, 14, 23], [15, 1, 16, 24], [17, 2, 18, 3], [19, 11, 20, 10], [21, 8, 22, 9], [23, 7, 24, 6], [1, 4, 2, 5], [3, 18, 4, 19], [5, 17, 6, 16], [7, 14, 8, 15], [9, 13, 10, 12]]"
12a_0499_95,"[[9, 13, 10, 12], [11, 21, 12, 20], [13, 22, 14, 23], [15, 1, 16, 24], [17, 2, 18, 3], [19, 11, 20, 10], [21, 8, 22, 9], [23, 7, 24, 6], [1, 4, 2, 5], [3, 18, 4, 19], [5, 17, 6, 16], [7, 14, 8, 15]]"
12a_0499_96,"[[8, 15, 9, 16], [10, 14, 11, 13], [12, 22, 13, 21], [14, 23, 15, 24], [16, 2, 17, 1], [18, 3, 19, 4], [20, 12, 21, 11], [22, 9, 23, 10], [24, 8, 1, 7], [2, 5, 3, 6], [4, 19, 5, 20], [6, 18, 7, 17]]"
12a_0499_97,"[[6, 18, 7, 17], [8, 15, 9, 16], [10, 14, 11, 13], [12, 22, 13, 21], [14, 23, 15, 24], [16, 2, 17, 1], [18, 3, 19, 4], [20, 12, 21, 11], [22, 9, 23, 10], [24, 8, 1, 7], [2, 5, 3, 6], [4, 19, 5, 20]]"
12a_0499_98,"[[4, 19, 5, 20], [6, 18, 7, 17], [8, 15, 9, 16], [10, 14, 11, 13], [12, 22, 13, 21], [14, 23, 15, 24], [16, 2, 17, 1], [18, 3, 19, 4], [20, 12, 21, 11], [22, 9, 23, 10], [24, 8, 1, 7], [2, 5, 3, 6]]"
12a_0499_99,"[[2, 5, 3, 6], [4, 19, 5, 20], [6, 18, 7, 17], [8, 15, 9, 16], [10, 14, 11, 13], [12, 22, 13, 21], [14, 23, 15, 24], [16, 2, 17, 1], [18, 3, 19, 4], [20, 12, 21, 11], [22, 9, 23, 10], [24, 8, 1, 7]]"
12a_0499_100,"[[24, 8, 1, 7], [2, 5, 3, 6], [4, 19, 5, 20], [6, 18, 7, 17], [8, 15, 9, 16], [10, 14, 11, 13], [12, 22, 13, 21], [14, 23, 15, 24], [16, 2, 17, 1], [18, 3, 19, 4], [20, 12, 21, 11], [22, 9, 23, 10]]"
12a_0499_101,"[[22, 9, 23, 10], [24, 8, 1, 7], [2, 5, 3, 6], [4, 19, 5, 20], [6, 18, 7, 17], [8, 15, 9, 16], [10, 14, 11, 13], [12, 22, 13, 21], [14, 23, 15, 24], [16, 2, 17, 1], [18, 3, 19, 4], [20, 12, 21, 11]]"
12a_0499_102,"[[20, 12, 21, 11], [22, 9, 23, 10], [24, 8, 1, 7], [2, 5, 3, 6], [4, 19, 5, 20], [6, 18, 7, 17], [8, 15, 9, 16], [10, 14, 11, 13], [12, 22, 13, 21], [14, 23, 15, 24], [16, 2, 17, 1], [18, 3, 19, 4]]"
12a_0499_103,"[[18, 3, 19, 4], [20, 12, 21, 11], [22, 9, 23, 10], [24, 8, 1, 7], [2, 5, 3, 6], [4, 19, 5, 20], [6, 18, 7, 17], [8, 15, 9, 16], [10, 14, 11, 13], [12, 22, 13, 21], [14, 23, 15, 24], [16, 2, 17, 1]]"
12a_0499_104,"[[16, 2, 17, 1], [18, 3, 19, 4], [20, 12, 21, 11], [22, 9, 23, 10], [24, 8, 1, 7], [2, 5, 3, 6], [4, 19, 5, 20], [6, 18, 7, 17], [8, 15, 9, 16], [10, 14, 11, 13], [12, 22, 13, 21], [14, 23, 15, 24]]"
12a_0499_105,"[[14, 23, 15, 24], [16, 2, 17, 1], [18, 3, 19, 4], [20, 12, 21, 11], [22, 9, 23, 10], [24, 8, 1, 7], [2, 5, 3, 6], [4, 19, 5, 20], [6, 18, 7, 17], [8, 15, 9, 16], [10, 14, 11, 13], [12, 22, 13, 21]]"
12a_0499_106,"[[12, 22, 13, 21], [14, 23, 15, 24], [16, 2, 17, 1], [18, 3, 19, 4], [20, 12, 21, 11], [22, 9, 23, 10], [24, 8, 1, 7], [2, 5, 3, 6], [4, 19, 5, 20], [6, 18, 7, 17], [8, 15, 9, 16], [10, 14, 11, 13]]"
12a_0499_107,"[[10, 14, 11, 13], [12, 22, 13, 21], [14, 23, 15, 24], [16, 2, 17, 1], [18, 3, 19, 4], [20, 12, 21, 11], [22, 9, 23, 10], [24, 8, 1, 7], [2, 5, 3, 6], [4, 19, 5, 20], [6, 18, 7, 17], [8, 15, 9, 16]]"
12a_0499_108,"[[9, 16, 10, 17], [11, 15, 12, 14], [13, 23, 14, 22], [15, 24, 16, 1], [17, 3, 18, 2], [19, 4, 20, 5], [21, 13, 22, 12], [23, 10, 24, 11], [1, 9, 2, 8], [3, 6, 4, 7], [5, 20, 6, 21], [7, 19, 8, 18]]"
12a_0499_109,"[[7, 19, 8, 18], [9, 16, 10, 17], [11, 15, 12, 14], [13, 23, 14, 22], [15, 24, 16, 1], [17, 3, 18, 2], [19, 4, 20, 5], [21, 13, 22, 12], [23, 10, 24, 11], [1, 9, 2, 8], [3, 6, 4, 7], [5, 20, 6, 21]]"
12a_0499_110,"[[5, 20, 6, 21], [7, 19, 8, 18], [9, 16, 10, 17], [11, 15, 12, 14], [13, 23, 14, 22], [15, 24, 16, 1], [17, 3, 18, 2], [19, 4, 20, 5], [21, 13, 22, 12], [23, 10, 24, 11], [1, 9, 2, 8], [3, 6, 4, 7]]"
12a_0499_111,"[[3, 6, 4, 7], [5, 20, 6, 21], [7, 19, 8, 18], [9, 16, 10, 17], [11, 15, 12, 14], [13, 23, 14, 22], [15, 24, 16, 1], [17, 3, 18, 2], [19, 4, 20, 5], [21, 13, 22, 12], [23, 10, 24, 11], [1, 9, 2, 8]]"
12a_0499_112,"[[1, 9, 2, 8], [3, 6, 4, 7], [5, 20, 6, 21], [7, 19, 8, 18], [9, 16, 10, 17], [11, 15, 12, 14], [13, 23, 14, 22], [15, 24, 16, 1], [17, 3, 18, 2], [19, 4, 20, 5], [21, 13, 22, 12], [23, 10, 24, 11]]"
12a_0499_113,"[[23, 10, 24, 11], [1, 9, 2, 8], [3, 6, 4, 7], [5, 20, 6, 21], [7, 19, 8, 18], [9, 16, 10, 17], [11, 15, 12, 14], [13, 23, 14, 22], [15, 24, 16, 1], [17, 3, 18, 2], [19, 4, 20, 5], [21, 13, 22, 12]]"
12a_0499_114,"[[21, 13, 22, 12], [23, 10, 24, 11], [1, 9, 2, 8], [3, 6, 4, 7], [5, 20, 6, 21], [7, 19, 8, 18], [9, 16, 10, 17], [11, 15, 12, 14], [13, 23, 14, 22], [15, 24, 16, 1], [17, 3, 18, 2], [19, 4, 20, 5]]"
12a_0499_115,"[[19, 4, 20, 5], [21, 13, 22, 12], [23, 10, 24, 11], [1, 9, 2, 8], [3, 6, 4, 7], [5, 20, 6, 21], [7, 19, 8, 18], [9, 16, 10, 17], [11, 15, 12, 14], [13, 23, 14, 22], [15, 24, 16, 1], [17, 3, 18, 2]]"
12a_0499_116,"[[17, 3, 18, 2], [19, 4, 20, 5], [21, 13, 22, 12], [23, 10, 24, 11], [1, 9, 2, 8], [3, 6, 4, 7], [5, 20, 6, 21], [7, 19, 8, 18], [9, 16, 10, 17], [11, 15, 12, 14], [13, 23, 14, 22], [15, 24, 16, 1]]"
12a_0499_117,"[[15, 24, 16, 1], [17, 3, 18, 2], [19, 4, 20, 5], [21, 13, 22, 12], [23, 10, 24, 11], [1, 9, 2, 8], [3, 6, 4, 7], [5, 20, 6, 21], [7, 19, 8, 18], [9, 16, 10, 17], [11, 15, 12, 14], [13, 23, 14, 22]]"
12a_0499_118,"[[13, 23, 14, 22], [15, 24, 16, 1], [17, 3, 18, 2], [19, 4, 20, 5], [21, 13, 22, 12], [23, 10, 24, 11], [1, 9, 2, 8], [3, 6, 4, 7], [5, 20, 6, 21], [7, 19, 8, 18], [9, 16, 10, 17], [11, 15, 12, 14]]"
12a_0499_119,"[[11, 15, 12, 14], [13, 23, 14, 22], [15, 24, 16, 1], [17, 3, 18, 2], [19, 4, 20, 5], [21, 13, 22, 12], [23, 10, 24, 11], [1, 9, 2, 8], [3, 6, 4, 7], [5, 20, 6, 21], [7, 19, 8, 18], [9, 16, 10, 17]]"
12a_0499_120,"[[10, 17, 11, 18], [12, 16, 13, 15], [14, 24, 15, 23], [16, 1, 17, 2], [18, 4, 19, 3], [20, 5, 21, 6], [22, 14, 23, 13], [24, 11, 1, 12], [2, 10, 3, 9], [4, 7, 5, 8], [6, 21, 7, 22], [8, 20, 9, 19]]"
12a_0499_121,"[[8, 20, 9, 19], [10, 17, 11, 18], [12, 16, 13, 15], [14, 24, 15, 23], [16, 1, 17, 2], [18, 4, 19, 3], [20, 5, 21, 6], [22, 14, 23, 13], [24, 11, 1, 12], [2, 10, 3, 9], [4, 7, 5, 8], [6, 21, 7, 22]]"
12a_0499_122,"[[6, 21, 7, 22], [8, 20, 9, 19], [10, 17, 11, 18], [12, 16, 13, 15], [14, 24, 15, 23], [16, 1, 17, 2], [18, 4, 19, 3], [20, 5, 21, 6], [22, 14, 23, 13], [24, 11, 1, 12], [2, 10, 3, 9], [4, 7, 5, 8]]"
12a_0499_123,"[[4, 7, 5, 8], [6, 21, 7, 22], [8, 20, 9, 19], [10, 17, 11, 18], [12, 16, 13, 15], [14, 24, 15, 23], [16, 1, 17, 2], [18, 4, 19, 3], [20, 5, 21, 6], [22, 14, 23, 13], [24, 11, 1, 12], [2, 10, 3, 9]]"
12a_0499_124,"[[2, 10, 3, 9], [4, 7, 5, 8], [6, 21, 7, 22], [8, 20, 9, 19], [10, 17, 11, 18], [12, 16, 13, 15], [14, 24, 15, 23], [16, 1, 17, 2], [18, 4, 19, 3], [20, 5, 21, 6], [22, 14, 23, 13], [24, 11, 1, 12]]"
12a_0499_125,"[[24, 11, 1, 12], [2, 10, 3, 9], [4, 7, 5, 8], [6, 21, 7, 22], [8, 20, 9, 19], [10, 17, 11, 18], [12, 16, 13, 15], [14, 24, 15, 23], [16, 1, 17, 2], [18, 4, 19, 3], [20, 5, 21, 6], [22, 14, 23, 13]]"
12a_0499_126,"[[22, 14, 23, 13], [24, 11, 1, 12], [2, 10, 3, 9], [4, 7, 5, 8], [6, 21, 7, 22], [8, 20, 9, 19], [10, 17, 11, 18], [12, 16, 13, 15], [14, 24, 15, 23], [16, 1, 17, 2], [18, 4, 19, 3], [20, 5, 21, 6]]"
12a_0499_127,"[[20, 5, 21, 6], [22, 14, 23, 13], [24, 11, 1, 12], [2, 10, 3, 9], [4, 7, 5, 8], [6, 21, 7, 22], [8, 20, 9, 19], [10, 17, 11, 18], [12, 16, 13, 15], [14, 24, 15, 23], [16, 1, 17, 2], [18, 4, 19, 3]]"
12a_0499_128,"[[18, 4, 19, 3], [20, 5, 21, 6], [22, 14, 23, 13], [24, 11, 1, 12], [2, 10, 3, 9], [4, 7, 5, 8], [6, 21, 7, 22], [8, 20, 9, 19], [10, 17, 11, 18], [12, 16, 13, 15], [14, 24, 15, 23], [16, 1, 17, 2]]"
12a_0499_129,"[[16, 1, 17, 2], [18, 4, 19, 3], [20, 5, 21, 6], [22, 14, 23, 13], [24, 11, 1, 12], [2, 10, 3, 9], [4, 7, 5, 8], [6, 21, 7, 22], [8, 20, 9, 19], [10, 17, 11, 18], [12, 16, 13, 15], [14, 24, 15, 23]]"
12a_0499_130,"[[14, 24, 15, 23], [16, 1, 17, 2], [18, 4, 19, 3], [20, 5, 21, 6], [22, 14, 23, 13], [24, 11, 1, 12], [2, 10, 3, 9], [4, 7, 5, 8], [6, 21, 7, 22], [8, 20, 9, 19], [10, 17, 11, 18], [12, 16, 13, 15]]"
12a_0499_131,"[[12, 16, 13, 15], [14, 24, 15, 23], [16, 1, 17, 2], [18, 4, 19, 3], [20, 5, 21, 6], [22, 14, 23, 13], [24, 11, 1, 12], [2, 10, 3, 9], [4, 7, 5, 8], [6, 21, 7, 22], [8, 20, 9, 19], [10, 17, 11, 18]]"
12a_0499_132,"[[11, 18, 12, 19], [13, 17, 14, 16], [15, 1, 16, 24], [17, 2, 18, 3], [19, 5, 20, 4], [21, 6, 22, 7], [23, 15, 24, 14], [1, 12, 2, 13], [3, 11, 4, 10], [5, 8, 6, 9], [7, 22, 8, 23], [9, 21, 10, 20]]"
12a_0499_133,"[[9, 21, 10, 20], [11, 18, 12, 19], [13, 17, 14, 16], [15, 1, 16, 24], [17, 2, 18, 3], [19, 5, 20, 4], [21, 6, 22, 7], [23, 15, 24, 14], [1, 12, 2, 13], [3, 11, 4, 10], [5, 8, 6, 9], [7, 22, 8, 23]]"
12a_0499_134,"[[7, 22, 8, 23], [9, 21, 10, 20], [11, 18, 12, 19], [13, 17, 14, 16], [15, 1, 16, 24], [17, 2, 18, 3], [19, 5, 20, 4], [21, 6, 22, 7], [23, 15, 24, 14], [1, 12, 2, 13], [3, 11, 4, 10], [5, 8, 6, 9]]"
12a_0499_135,"[[5, 8, 6, 9], [7, 22, 8, 23], [9, 21, 10, 20], [11, 18, 12, 19], [13, 17, 14, 16], [15, 1, 16, 24], [17, 2, 18, 3], [19, 5, 20, 4], [21, 6, 22, 7], [23, 15, 24, 14], [1, 12, 2, 13], [3, 11, 4, 10]]"
12a_0499_136,"[[3, 11, 4, 10], [5, 8, 6, 9], [7, 22, 8, 23], [9, 21, 10, 20], [11, 18, 12, 19], [13, 17, 14, 16], [15, 1, 16, 24], [17, 2, 18, 3], [19, 5, 20, 4], [21, 6, 22, 7], [23, 15, 24, 14], [1, 12, 2, 13]]"
12a_0499_137,"[[1, 12, 2, 13], [3, 11, 4, 10], [5, 8, 6, 9], [7, 22, 8, 23], [9, 21, 10, 20], [11, 18, 12, 19], [13, 17, 14, 16], [15, 1, 16, 24], [17, 2, 18, 3], [19, 5, 20, 4], [21, 6, 22, 7], [23, 15, 24, 14]]"
12a_0499_138,"[[23, 15, 24, 14], [1, 12, 2, 13], [3, 11, 4, 10], [5, 8, 6, 9], [7, 22, 8, 23], [9, 21, 10, 20], [11, 18, 12, 19], [13, 17, 14, 16], [15, 1, 16, 24], [17, 2, 18, 3], [19, 5, 20, 4], [21, 6, 22, 7]]"
12a_0499_139,"[[21, 6, 22, 7], [23, 15, 24, 14], [1, 12, 2, 13], [3, 11, 4, 10], [5, 8, 6, 9], [7, 22, 8, 23], [9, 21, 10, 20], [11, 18, 12, 19], [13, 17, 14, 16], [15, 1, 16, 24], [17, 2, 18, 3], [19, 5, 20, 4]]"
12a_0499_140,"[[19, 5, 20, 4], [21, 6, 22, 7], [23, 15, 24, 14], [1, 12, 2, 13], [3, 11, 4, 10], [5, 8, 6, 9], [7, 22, 8, 23], [9, 21, 10, 20], [11, 18, 12, 19], [13, 17, 14, 16], [15, 1, 16, 24], [17, 2, 18, 3]]"
12a_0499_141,"[[17, 2, 18, 3], [19, 5, 20, 4], [21, 6, 22, 7], [23, 15, 24, 14], [1, 12, 2, 13], [3, 11, 4, 10], [5, 8, 6, 9], [7, 22, 8, 23], [9, 21, 10, 20], [11, 18, 12, 19], [13, 17, 14, 16], [15, 1, 16, 24]]"
12a_0499_142,"[[15, 1, 16, 24], [17, 2, 18, 3], [19, 5, 20, 4], [21, 6, 22, 7], [23, 15, 24, 14], [1, 12, 2, 13], [3, 11, 4, 10], [5, 8, 6, 9], [7, 22, 8, 23], [9, 21, 10, 20], [11, 18, 12, 19], [13, 17, 14, 16]]"
12a_0499_143,"[[13, 17, 14, 16], [15, 1, 16, 24], [17, 2, 18, 3], [19, 5, 20, 4], [21, 6, 22, 7], [23, 15, 24, 14], [1, 12, 2, 13], [3, 11, 4, 10], [5, 8, 6, 9], [7, 22, 8, 23], [9, 21, 10, 20], [11, 18, 12, 19]]"
12a_0499_144,"[[12, 19, 13, 20], [14, 18, 15, 17], [16, 2, 17, 1], [18, 3, 19, 4], [20, 6, 21, 5], [22, 7, 23, 8], [24, 16, 1, 15], [2, 13, 3, 14], [4, 12, 5, 11], [6, 9, 7, 10], [8, 23, 9, 24], [10, 22, 11, 21]]"
12a_0499_145,"[[10, 22, 11, 21], [12, 19, 13, 20], [14, 18, 15, 17], [16, 2, 17, 1], [18, 3, 19, 4], [20, 6, 21, 5], [22, 7, 23, 8], [24, 16, 1, 15], [2, 13, 3, 14], [4, 12, 5, 11], [6, 9, 7, 10], [8, 23, 9, 24]]"
12a_0499_146,"[[8, 23, 9, 24], [10, 22, 11, 21], [12, 19, 13, 20], [14, 18, 15, 17], [16, 2, 17, 1], [18, 3, 19, 4], [20, 6, 21, 5], [22, 7, 23, 8], [24, 16, 1, 15], [2, 13, 3, 14], [4, 12, 5, 11], [6, 9, 7, 10]]"
12a_0499_147,"[[6, 9, 7, 10], [8, 23, 9, 24], [10, 22, 11, 21], [12, 19, 13, 20], [14, 18, 15, 17], [16, 2, 17, 1], [18, 3, 19, 4], [20, 6, 21, 5], [22, 7, 23, 8], [24, 16, 1, 15], [2, 13, 3, 14], [4, 12, 5, 11]]"
12a_0499_148,"[[4, 12, 5, 11], [6, 9, 7, 10], [8, 23, 9, 24], [10, 22, 11, 21], [12, 19, 13, 20], [14, 18, 15, 17], [16, 2, 17, 1], [18, 3, 19, 4], [20, 6, 21, 5], [22, 7, 23, 8], [24, 16, 1, 15], [2, 13, 3, 14]]"
12a_0499_149,"[[2, 13, 3, 14], [4, 12, 5, 11], [6, 9, 7, 10], [8, 23, 9, 24], [10, 22, 11, 21], [12, 19, 13, 20], [14, 18, 15, 17], [16, 2, 17, 1], [18, 3, 19, 4], [20, 6, 21, 5], [22, 7, 23, 8], [24, 16, 1, 15]]"
12a_0499_150,"[[24, 16, 1, 15], [2, 13, 3, 14], [4, 12, 5, 11], [6, 9, 7, 10], [8, 23, 9, 24], [10, 22, 11, 21], [12, 19, 13, 20], [14, 18, 15, 17], [16, 2, 17, 1], [18, 3, 19, 4], [20, 6, 21, 5], [22, 7, 23, 8]]"
12a_0499_151,"[[22, 7, 23, 8], [24, 16, 1, 15], [2, 13, 3, 14], [4, 12, 5, 11], [6, 9, 7, 10], [8, 23, 9, 24], [10, 22, 11, 21], [12, 19, 13, 20], [14, 18, 15, 17], [16, 2, 17, 1], [18, 3, 19, 4], [20, 6, 21, 5]]"
12a_0499_152,"[[20, 6, 21, 5], [22, 7, 23, 8], [24, 16, 1, 15], [2, 13, 3, 14], [4, 12, 5, 11], [6, 9, 7, 10], [8, 23, 9, 24], [10, 22, 11, 21], [12, 19, 13, 20], [14, 18, 15, 17], [16, 2, 17, 1], [18, 3, 19, 4]]"
12a_0499_153,"[[18, 3, 19, 4], [20, 6, 21, 5], [22, 7, 23, 8], [24, 16, 1, 15], [2, 13, 3, 14], [4, 12, 5, 11], [6, 9, 7, 10], [8, 23, 9, 24], [10, 22, 11, 21], [12, 19, 13, 20], [14, 18, 15, 17], [16, 2, 17, 1]]"
12a_0499_154,"[[16, 2, 17, 1], [18, 3, 19, 4], [20, 6, 21, 5], [22, 7, 23, 8], [24, 16, 1, 15], [2, 13, 3, 14], [4, 12, 5, 11], [6, 9, 7, 10], [8, 23, 9, 24], [10, 22, 11, 21], [12, 19, 13, 20], [14, 18, 15, 17]]"
12a_0499_155,"[[14, 18, 15, 17], [16, 2, 17, 1], [18, 3, 19, 4], [20, 6, 21, 5], [22, 7, 23, 8], [24, 16, 1, 15], [2, 13, 3, 14], [4, 12, 5, 11], [6, 9, 7, 10], [8, 23, 9, 24], [10, 22, 11, 21], [12, 19, 13, 20]]"
12a_0499_156,"[[13, 20, 14, 21], [15, 19, 16, 18], [17, 3, 18, 2], [19, 4, 20, 5], [21, 7, 22, 6], [23, 8, 24, 9], [1, 17, 2, 16], [3, 14, 4, 15], [5, 13, 6, 12], [7, 10, 8, 11], [9, 24, 10, 1], [11, 23, 12, 22]]"
12a_0499_157,"[[11, 23, 12, 22], [13, 20, 14, 21], [15, 19, 16, 18], [17, 3, 18, 2], [19, 4, 20, 5], [21, 7, 22, 6], [23, 8, 24, 9], [1, 17, 2, 16], [3, 14, 4, 15], [5, 13, 6, 12], [7, 10, 8, 11], [9, 24, 10, 1]]"
12a_0499_158,"[[9, 24, 10, 1], [11, 23, 12, 22], [13, 20, 14, 21], [15, 19, 16, 18], [17, 3, 18, 2], [19, 4, 20, 5], [21, 7, 22, 6], [23, 8, 24, 9], [1, 17, 2, 16], [3, 14, 4, 15], [5, 13, 6, 12], [7, 10, 8, 11]]"
12a_0499_159,"[[7, 10, 8, 11], [9, 24, 10, 1], [11, 23, 12, 22], [13, 20, 14, 21], [15, 19, 16, 18], [17, 3, 18, 2], [19, 4, 20, 5], [21, 7, 22, 6], [23, 8, 24, 9], [1, 17, 2, 16], [3, 14, 4, 15], [5, 13, 6, 12]]"
12a_0499_160,"[[5, 13, 6, 12], [7, 10, 8, 11], [9, 24, 10, 1], [11, 23, 12, 22], [13, 20, 14, 21], [15, 19, 16, 18], [17, 3, 18, 2], [19, 4, 20, 5], [21, 7, 22, 6], [23, 8, 24, 9], [1, 17, 2, 16], [3, 14, 4, 15]]"
12a_0499_161,"[[3, 14, 4, 15], [5, 13, 6, 12], [7, 10, 8, 11], [9, 24, 10, 1], [11, 23, 12, 22], [13, 20, 14, 21], [15, 19, 16, 18], [17, 3, 18, 2], [19, 4, 20, 5], [21, 7, 22, 6], [23, 8, 24, 9], [1, 17, 2, 16]]"
12a_0499_162,"[[1, 17, 2, 16], [3, 14, 4, 15], [5, 13, 6, 12], [7, 10, 8, 11], [9, 24, 10, 1], [11, 23, 12, 22], [13, 20, 14, 21], [15, 19, 16, 18], [17, 3, 18, 2], [19, 4, 20, 5], [21, 7, 22, 6], [23, 8, 24, 9]]"
12a_0499_163,"[[23, 8, 24, 9], [1, 17, 2, 16], [3, 14, 4, 15], [5, 13, 6, 12], [7, 10, 8, 11], [9, 24, 10, 1], [11, 23, 12, 22], [13, 20, 14, 21], [15, 19, 16, 18], [17, 3, 18, 2], [19, 4, 20, 5], [21, 7, 22, 6]]"
12a_0499_164,"[[21, 7, 22, 6], [23, 8, 24, 9], [1, 17, 2, 16], [3, 14, 4, 15], [5, 13, 6, 12], [7, 10, 8, 11], [9, 24, 10, 1], [11, 23, 12, 22], [13, 20, 14, 21], [15, 19, 16, 18], [17, 3, 18, 2], [19, 4, 20, 5]]"
12a_0499_165,"[[19, 4, 20, 5], [21, 7, 22, 6], [23, 8, 24, 9], [1, 17, 2, 16], [3, 14, 4, 15], [5, 13, 6, 12], [7, 10, 8, 11], [9, 24, 10, 1], [11, 23, 12, 22], [13, 20, 14, 21], [15, 19, 16, 18], [17, 3, 18, 2]]"
12a_0499_166,"[[17, 3, 18, 2], [19, 4, 20, 5], [21, 7, 22, 6], [23, 8, 24, 9], [1, 17, 2, 16], [3, 14, 4, 15], [5, 13, 6, 12], [7, 10, 8, 11], [9, 24, 10, 1], [11, 23, 12, 22], [13, 20, 14, 21], [15, 19, 16, 18]]"
12a_0499_167,"[[15, 19, 16, 18], [17, 3, 18, 2], [19, 4, 20, 5], [21, 7, 22, 6], [23, 8, 24, 9], [1, 17, 2, 16], [3, 14, 4, 15], [5, 13, 6, 12], [7, 10, 8, 11], [9, 24, 10, 1], [11, 23, 12, 22], [13, 20, 14, 21]]"
12a_0499_168,"[[14, 21, 15, 22], [16, 20, 17, 19], [18, 4, 19, 3], [20, 5, 21, 6], [22, 8, 23, 7], [24, 9, 1, 10], [2, 18, 3, 17], [4, 15, 5, 16], [6, 14, 7, 13], [8, 11, 9, 12], [10, 1, 11, 2], [12, 24, 13, 23]]"
12a_0499_169,"[[12, 24, 13, 23], [14, 21, 15, 22], [16, 20, 17, 19], [18, 4, 19, 3], [20, 5, 21, 6], [22, 8, 23, 7], [24, 9, 1, 10], [2, 18, 3, 17], [4, 15, 5, 16], [6, 14, 7, 13], [8, 11, 9, 12], [10, 1, 11, 2]]"
12a_0499_170,"[[10, 1, 11, 2], [12, 24, 13, 23], [14, 21, 15, 22], [16, 20, 17, 19], [18, 4, 19, 3], [20, 5, 21, 6], [22, 8, 23, 7], [24, 9, 1, 10], [2, 18, 3, 17], [4, 15, 5, 16], [6, 14, 7, 13], [8, 11, 9, 12]]"
12a_0499_171,"[[8, 11, 9, 12], [10, 1, 11, 2], [12, 24, 13, 23], [14, 21, 15, 22], [16, 20, 17, 19], [18, 4, 19, 3], [20, 5, 21, 6], [22, 8, 23, 7], [24, 9, 1, 10], [2, 18, 3, 17], [4, 15, 5, 16], [6, 14, 7, 13]]"
12a_0499_172,"[[6, 14, 7, 13], [8, 11, 9, 12], [10, 1, 11, 2], [12, 24, 13, 23], [14, 21, 15, 22], [16, 20, 17, 19], [18, 4, 19, 3], [20, 5, 21, 6], [22, 8, 23, 7], [24, 9, 1, 10], [2, 18, 3, 17], [4, 15, 5, 16]]"
12a_0499_173,"[[4, 15, 5, 16], [6, 14, 7, 13], [8, 11, 9, 12], [10, 1, 11, 2], [12, 24, 13, 23], [14, 21, 15, 22], [16, 20, 17, 19], [18, 4, 19, 3], [20, 5, 21, 6], [22, 8, 23, 7], [24, 9, 1, 10], [2, 18, 3, 17]]"
12a_0499_174,"[[2, 18, 3, 17], [4, 15, 5, 16], [6, 14, 7, 13], [8, 11, 9, 12], [10, 1, 11, 2], [12, 24, 13, 23], [14, 21, 15, 22], [16, 20, 17, 19], [18, 4, 19, 3], [20, 5, 21, 6], [22, 8, 23, 7], [24, 9, 1, 10]]"
12a_0499_175,"[[24, 9, 1, 10], [2, 18, 3, 17], [4, 15, 5, 16], [6, 14, 7, 13], [8, 11, 9, 12], [10, 1, 11, 2], [12, 24, 13, 23], [14, 21, 15, 22], [16, 20, 17, 19], [18, 4, 19, 3], [20, 5, 21, 6], [22, 8, 23, 7]]"
12a_0499_176,"[[22, 8, 23, 7], [24, 9, 1, 10], [2, 18, 3, 17], [4, 15, 5, 16], [6, 14, 7, 13], [8, 11, 9, 12], [10, 1, 11, 2], [12, 24, 13, 23], [14, 21, 15, 22], [16, 20, 17, 19], [18, 4, 19, 3], [20, 5, 21, 6]]"
12a_0499_177,"[[20, 5, 21, 6], [22, 8, 23, 7], [24, 9, 1, 10], [2, 18, 3, 17], [4, 15, 5, 16], [6, 14, 7, 13], [8, 11, 9, 12], [10, 1, 11, 2], [12, 24, 13, 23], [14, 21, 15, 22], [16, 20, 17, 19], [18, 4, 19, 3]]"
12a_0499_178,"[[18, 4, 19, 3], [20, 5, 21, 6], [22, 8, 23, 7], [24, 9, 1, 10], [2, 18, 3, 17], [4, 15, 5, 16], [6, 14, 7, 13], [8, 11, 9, 12], [10, 1, 11, 2], [12, 24, 13, 23], [14, 21, 15, 22], [16, 20, 17, 19]]"
12a_0499_179,"[[16, 20, 17, 19], [18, 4, 19, 3], [20, 5, 21, 6], [22, 8, 23, 7], [24, 9, 1, 10], [2, 18, 3, 17], [4, 15, 5, 16], [6, 14, 7, 13], [8, 11, 9, 12], [10, 1, 11, 2], [12, 24, 13, 23], [14, 21, 15, 22]]"
12a_0499_180,"[[15, 22, 16, 23], [17, 21, 18, 20], [19, 5, 20, 4], [21, 6, 22, 7], [23, 9, 24, 8], [1, 10, 2, 11], [3, 19, 4, 18], [5, 16, 6, 17], [7, 15, 8, 14], [9, 12, 10, 13], [11, 2, 12, 3], [13, 1, 14, 24]]"
12a_0499_181,"[[13, 1, 14, 24], [15, 22, 16, 23], [17, 21, 18, 20], [19, 5, 20, 4], [21, 6, 22, 7], [23, 9, 24, 8], [1, 10, 2, 11], [3, 19, 4, 18], [5, 16, 6, 17], [7, 15, 8, 14], [9, 12, 10, 13], [11, 2, 12, 3]]"
12a_0499_182,"[[11, 2, 12, 3], [13, 1, 14, 24], [15, 22, 16, 23], [17, 21, 18, 20], [19, 5, 20, 4], [21, 6, 22, 7], [23, 9, 24, 8], [1, 10, 2, 11], [3, 19, 4, 18], [5, 16, 6, 17], [7, 15, 8, 14], [9, 12, 10, 13]]"
12a_0499_183,"[[9, 12, 10, 13], [11, 2, 12, 3], [13, 1, 14, 24], [15, 22, 16, 23], [17, 21, 18, 20], [19, 5, 20, 4], [21, 6, 22, 7], [23, 9, 24, 8], [1, 10, 2, 11], [3, 19, 4, 18], [5, 16, 6, 17], [7, 15, 8, 14]]"
12a_0499_184,"[[7, 15, 8, 14], [9, 12, 10, 13], [11, 2, 12, 3], [13, 1, 14, 24], [15, 22, 16, 23], [17, 21, 18, 20], [19, 5, 20, 4], [21, 6, 22, 7], [23, 9, 24, 8], [1, 10, 2, 11], [3, 19, 4, 18], [5, 16, 6, 17]]"
12a_0499_185,"[[5, 16, 6, 17], [7, 15, 8, 14], [9, 12, 10, 13], [11, 2, 12, 3], [13, 1, 14, 24], [15, 22, 16, 23], [17, 21, 18, 20], [19, 5, 20, 4], [21, 6, 22, 7], [23, 9, 24, 8], [1, 10, 2, 11], [3, 19, 4, 18]]"
