name,pd_notation
12a_0796_0,"[[24, 10, 1, 9], [2, 6, 3, 5], [4, 15, 5, 16], [6, 22, 7, 21], [8, 24, 9, 23], [10, 2, 11, 1], [12, 20, 13, 19], [14, 18, 15, 17], [16, 3, 17, 4], [18, 14, 19, 13], [20, 12, 21, 11], [22, 8, 23, 7]]"
12a_0796_1,"[[22, 8, 23, 7], [24, 10, 1, 9], [2, 6, 3, 5], [4, 15, 5, 16], [6, 22, 7, 21], [8, 24, 9, 23], [10, 2, 11, 1], [12, 20, 13, 19], [14, 18, 15, 17], [16, 3, 17, 4], [18, 14, 19, 13], [20, 12, 21, 11]]"
12a_0796_2,"[[20, 12, 21, 11], [22, 8, 23, 7], [24, 10, 1, 9], [2, 6, 3, 5], [4, 15, 5, 16], [6, 22, 7, 21], [8, 24, 9, 23], [10, 2, 11, 1], [12, 20, 13, 19], [14, 18, 15, 17], [16, 3, 17, 4], [18, 14, 19, 13]]"
12a_0796_3,"[[18, 14, 19, 13], [20, 12, 21, 11], [22, 8, 23, 7], [24, 10, 1, 9], [2, 6, 3, 5], [4, 15, 5, 16], [6, 22, 7, 21], [8, 24, 9, 23], [10, 2, 11, 1], [12, 20, 13, 19], [14, 18, 15, 17], [16, 3, 17, 4]]"
12a_0796_4,"[[16, 3, 17, 4], [18, 14, 19, 13], [20, 12, 21, 11], [22, 8, 23, 7], [24, 10, 1, 9], [2, 6, 3, 5], [4, 15, 5, 16], [6, 22, 7, 21], [8, 24, 9, 23], [10, 2, 11, 1], [12, 20, 13, 19], [14, 18, 15, 17]]"
12a_0796_5,"[[14, 18, 15, 17], [16, 3, 17, 4], [18, 14, 19, 13], [20, 12, 21, 11], [22, 8, 23, 7], [24, 10, 1, 9], [2, 6, 3, 5], [4, 15, 5, 16], [6, 22, 7, 21], [8, 24, 9, 23], [10, 2, 11, 1], [12, 20, 13, 19]]"
12a_0796_6,"[[12, 20, 13, 19], [14, 18, 15, 17], [16, 3, 17, 4], [18, 14, 19, 13], [20, 12, 21, 11], [22, 8, 23, 7], [24, 10, 1, 9], [2, 6, 3, 5], [4, 15, 5, 16], [6, 22, 7, 21], [8, 24, 9, 23], [10, 2, 11, 1]]"
12a_0796_7,"[[10, 2, 11, 1], [12, 20, 13, 19], [14, 18, 15, 17], [16, 3, 17, 4], [18, 14, 19, 13], [20, 12, 21, 11], [22, 8, 23, 7], [24, 10, 1, 9], [2, 6, 3, 5], [4, 15, 5, 16], [6, 22, 7, 21], [8, 24, 9, 23]]"
12a_0796_8,"[[8, 24, 9, 23], [10, 2, 11, 1], [12, 20, 13, 19], [14, 18, 15, 17], [16, 3, 17, 4], [18, 14, 19, 13], [20, 12, 21, 11], [22, 8, 23, 7], [24, 10, 1, 9], [2, 6, 3, 5], [4, 15, 5, 16], [6, 22, 7, 21]]"
12a_0796_9,"[[6, 22, 7, 21], [8, 24, 9, 23], [10, 2, 11, 1], [12, 20, 13, 19], [14, 18, 15, 17], [16, 3, 17, 4], [18, 14, 19, 13], [20, 12, 21, 11], [22, 8, 23, 7], [24, 10, 1, 9], [2, 6, 3, 5], [4, 15, 5, 16]]"
12a_0796_10,"[[4, 15, 5, 16], [6, 22, 7, 21], [8, 24, 9, 23], [10, 2, 11, 1], [12, 20, 13, 19], [14, 18, 15, 17], [16, 3, 17, 4], [18, 14, 19, 13], [20, 12, 21, 11], [22, 8, 23, 7], [24, 10, 1, 9], [2, 6, 3, 5]]"
12a_0796_11,"[[2, 6, 3, 5], [4, 15, 5, 16], [6, 22, 7, 21], [8, 24, 9, 23], [10, 2, 11, 1], [12, 20, 13, 19], [14, 18, 15, 17], [16, 3, 17, 4], [18, 14, 19, 13], [20, 12, 21, 11], [22, 8, 23, 7], [24, 10, 1, 9]]"
12a_0796_12,"[[1, 11, 2, 10], [3, 7, 4, 6], [5, 16, 6, 17], [7, 23, 8, 22], [9, 1, 10, 24], [11, 3, 12, 2], [13, 21, 14, 20], [15, 19, 16, 18], [17, 4, 18, 5], [19, 15, 20, 14], [21, 13, 22, 12], [23, 9, 24, 8]]"
12a_0796_13,"[[23, 9, 24, 8], [1, 11, 2, 10], [3, 7, 4, 6], [5, 16, 6, 17], [7, 23, 8, 22], [9, 1, 10, 24], [11, 3, 12, 2], [13, 21, 14, 20], [15, 19, 16, 18], [17, 4, 18, 5], [19, 15, 20, 14], [21, 13, 22, 12]]"
12a_0796_14,"[[21, 13, 22, 12], [23, 9, 24, 8], [1, 11, 2, 10], [3, 7, 4, 6], [5, 16, 6, 17], [7, 23, 8, 22], [9, 1, 10, 24], [11, 3, 12, 2], [13, 21, 14, 20], [15, 19, 16, 18], [17, 4, 18, 5], [19, 15, 20, 14]]"
12a_0796_15,"[[19, 15, 20, 14], [21, 13, 22, 12], [23, 9, 24, 8], [1, 11, 2, 10], [3, 7, 4, 6], [5, 16, 6, 17], [7, 23, 8, 22], [9, 1, 10, 24], [11, 3, 12, 2], [13, 21, 14, 20], [15, 19, 16, 18], [17, 4, 18, 5]]"
12a_0796_16,"[[17, 4, 18, 5], [19, 15, 20, 14], [21, 13, 22, 12], [23, 9, 24, 8], [1, 11, 2, 10], [3, 7, 4, 6], [5, 16, 6, 17], [7, 23, 8, 22], [9, 1, 10, 24], [11, 3, 12, 2], [13, 21, 14, 20], [15, 19, 16, 18]]"
12a_0796_17,"[[15, 19, 16, 18], [17, 4, 18, 5], [19, 15, 20, 14], [21, 13, 22, 12], [23, 9, 24, 8], [1, 11, 2, 10], [3, 7, 4, 6], [5, 16, 6, 17], [7, 23, 8, 22], [9, 1, 10, 24], [11, 3, 12, 2], [13, 21, 14, 20]]"
12a_0796_18,"[[13, 21, 14, 20], [15, 19, 16, 18], [17, 4, 18, 5], [19, 15, 20, 14], [21, 13, 22, 12], [23, 9, 24, 8], [1, 11, 2, 10], [3, 7, 4, 6], [5, 16, 6, 17], [7, 23, 8, 22], [9, 1, 10, 24], [11, 3, 12, 2]]"
12a_0796_19,"[[11, 3, 12, 2], [13, 21, 14, 20], [15, 19, 16, 18], [17, 4, 18, 5], [19, 15, 20, 14], [21, 13, 22, 12], [23, 9, 24, 8], [1, 11, 2, 10], [3, 7, 4, 6], [5, 16, 6, 17], [7, 23, 8, 22], [9, 1, 10, 24]]"
12a_0796_20,"[[9, 1, 10, 24], [11, 3, 12, 2], [13, 21, 14, 20], [15, 19, 16, 18], [17, 4, 18, 5], [19, 15, 20, 14], [21, 13, 22, 12], [23, 9, 24, 8], [1, 11, 2, 10], [3, 7, 4, 6], [5, 16, 6, 17], [7, 23, 8, 22]]"
12a_0796_21,"[[7, 23, 8, 22], [9, 1, 10, 24], [11, 3, 12, 2], [13, 21, 14, 20], [15, 19, 16, 18], [17, 4, 18, 5], [19, 15, 20, 14], [21, 13, 22, 12], [23, 9, 24, 8], [1, 11, 2, 10], [3, 7, 4, 6], [5, 16, 6, 17]]"
12a_0796_22,"[[5, 16, 6, 17], [7, 23, 8, 22], [9, 1, 10, 24], [11, 3, 12, 2], [13, 21, 14, 20], [15, 19, 16, 18], [17, 4, 18, 5], [19, 15, 20, 14], [21, 13, 22, 12], [23, 9, 24, 8], [1, 11, 2, 10], [3, 7, 4, 6]]"
12a_0796_23,"[[3, 7, 4, 6], [5, 16, 6, 17], [7, 23, 8, 22], [9, 1, 10, 24], [11, 3, 12, 2], [13, 21, 14, 20], [15, 19, 16, 18], [17, 4, 18, 5], [19, 15, 20, 14], [21, 13, 22, 12], [23, 9, 24, 8], [1, 11, 2, 10]]"
12a_0796_24,"[[2, 12, 3, 11], [4, 8, 5, 7], [6, 17, 7, 18], [8, 24, 9, 23], [10, 2, 11, 1], [12, 4, 13, 3], [14, 22, 15, 21], [16, 20, 17, 19], [18, 5, 19, 6], [20, 16, 21, 15], [22, 14, 23, 13], [24, 10, 1, 9]]"
12a_0796_25,"[[24, 10, 1, 9], [2, 12, 3, 11], [4, 8, 5, 7], [6, 17, 7, 18], [8, 24, 9, 23], [10, 2, 11, 1], [12, 4, 13, 3], [14, 22, 15, 21], [16, 20, 17, 19], [18, 5, 19, 6], [20, 16, 21, 15], [22, 14, 23, 13]]"
12a_0796_26,"[[22, 14, 23, 13], [24, 10, 1, 9], [2, 12, 3, 11], [4, 8, 5, 7], [6, 17, 7, 18], [8, 24, 9, 23], [10, 2, 11, 1], [12, 4, 13, 3], [14, 22, 15, 21], [16, 20, 17, 19], [18, 5, 19, 6], [20, 16, 21, 15]]"
12a_0796_27,"[[20, 16, 21, 15], [22, 14, 23, 13], [24, 10, 1, 9], [2, 12, 3, 11], [4, 8, 5, 7], [6, 17, 7, 18], [8, 24, 9, 23], [10, 2, 11, 1], [12, 4, 13, 3], [14, 22, 15, 21], [16, 20, 17, 19], [18, 5, 19, 6]]"
12a_0796_28,"[[18, 5, 19, 6], [20, 16, 21, 15], [22, 14, 23, 13], [24, 10, 1, 9], [2, 12, 3, 11], [4, 8, 5, 7], [6, 17, 7, 18], [8, 24, 9, 23], [10, 2, 11, 1], [12, 4, 13, 3], [14, 22, 15, 21], [16, 20, 17, 19]]"
12a_0796_29,"[[16, 20, 17, 19], [18, 5, 19, 6], [20, 16, 21, 15], [22, 14, 23, 13], [24, 10, 1, 9], [2, 12, 3, 11], [4, 8, 5, 7], [6, 17, 7, 18], [8, 24, 9, 23], [10, 2, 11, 1], [12, 4, 13, 3], [14, 22, 15, 21]]"
12a_0796_30,"[[14, 22, 15, 21], [16, 20, 17, 19], [18, 5, 19, 6], [20, 16, 21, 15], [22, 14, 23, 13], [24, 10, 1, 9], [2, 12, 3, 11], [4, 8, 5, 7], [6, 17, 7, 18], [8, 24, 9, 23], [10, 2, 11, 1], [12, 4, 13, 3]]"
12a_0796_31,"[[12, 4, 13, 3], [14, 22, 15, 21], [16, 20, 17, 19], [18, 5, 19, 6], [20, 16, 21, 15], [22, 14, 23, 13], [24, 10, 1, 9], [2, 12, 3, 11], [4, 8, 5, 7], [6, 17, 7, 18], [8, 24, 9, 23], [10, 2, 11, 1]]"
12a_0796_32,"[[10, 2, 11, 1], [12, 4, 13, 3], [14, 22, 15, 21], [16, 20, 17, 19], [18, 5, 19, 6], [20, 16, 21, 15], [22, 14, 23, 13], [24, 10, 1, 9], [2, 12, 3, 11], [4, 8, 5, 7], [6, 17, 7, 18], [8, 24, 9, 23]]"
12a_0796_33,"[[8, 24, 9, 23], [10, 2, 11, 1], [12, 4, 13, 3], [14, 22, 15, 21], [16, 20, 17, 19], [18, 5, 19, 6], [20, 16, 21, 15], [22, 14, 23, 13], [24, 10, 1, 9], [2, 12, 3, 11], [4, 8, 5, 7], [6, 17, 7, 18]]"
12a_0796_34,"[[6, 17, 7, 18], [8, 24, 9, 23], [10, 2, 11, 1], [12, 4, 13, 3], [14, 22, 15, 21], [16, 20, 17, 19], [18, 5, 19, 6], [20, 16, 21, 15], [22, 14, 23, 13], [24, 10, 1, 9], [2, 12, 3, 11], [4, 8, 5, 7]]"
12a_0796_35,"[[4, 8, 5, 7], [6, 17, 7, 18], [8, 24, 9, 23], [10, 2, 11, 1], [12, 4, 13, 3], [14, 22, 15, 21], [16, 20, 17, 19], [18, 5, 19, 6], [20, 16, 21, 15], [22, 14, 23, 13], [24, 10, 1, 9], [2, 12, 3, 11]]"
12a_0796_36,"[[3, 13, 4, 12], [5, 9, 6, 8], [7, 18, 8, 19], [9, 1, 10, 24], [11, 3, 12, 2], [13, 5, 14, 4], [15, 23, 16, 22], [17, 21, 18, 20], [19, 6, 20, 7], [21, 17, 22, 16], [23, 15, 24, 14], [1, 11, 2, 10]]"
12a_0796_37,"[[1, 11, 2, 10], [3, 13, 4, 12], [5, 9, 6, 8], [7, 18, 8, 19], [9, 1, 10, 24], [11, 3, 12, 2], [13, 5, 14, 4], [15, 23, 16, 22], [17, 21, 18, 20], [19, 6, 20, 7], [21, 17, 22, 16], [23, 15, 24, 14]]"
12a_0796_38,"[[23, 15, 24, 14], [1, 11, 2, 10], [3, 13, 4, 12], [5, 9, 6, 8], [7, 18, 8, 19], [9, 1, 10, 24], [11, 3, 12, 2], [13, 5, 14, 4], [15, 23, 16, 22], [17, 21, 18, 20], [19, 6, 20, 7], [21, 17, 22, 16]]"
12a_0796_39,"[[21, 17, 22, 16], [23, 15, 24, 14], [1, 11, 2, 10], [3, 13, 4, 12], [5, 9, 6, 8], [7, 18, 8, 19], [9, 1, 10, 24], [11, 3, 12, 2], [13, 5, 14, 4], [15, 23, 16, 22], [17, 21, 18, 20], [19, 6, 20, 7]]"
12a_0796_40,"[[19, 6, 20, 7], [21, 17, 22, 16], [23, 15, 24, 14], [1, 11, 2, 10], [3, 13, 4, 12], [5, 9, 6, 8], [7, 18, 8, 19], [9, 1, 10, 24], [11, 3, 12, 2], [13, 5, 14, 4], [15, 23, 16, 22], [17, 21, 18, 20]]"
12a_0796_41,"[[17, 21, 18, 20], [19, 6, 20, 7], [21, 17, 22, 16], [23, 15, 24, 14], [1, 11, 2, 10], [3, 13, 4, 12], [5, 9, 6, 8], [7, 18, 8, 19], [9, 1, 10, 24], [11, 3, 12, 2], [13, 5, 14, 4], [15, 23, 16, 22]]"
12a_0796_42,"[[15, 23, 16, 22], [17, 21, 18, 20], [19, 6, 20, 7], [21, 17, 22, 16], [23, 15, 24, 14], [1, 11, 2, 10], [3, 13, 4, 12], [5, 9, 6, 8], [7, 18, 8, 19], [9, 1, 10, 24], [11, 3, 12, 2], [13, 5, 14, 4]]"
12a_0796_43,"[[13, 5, 14, 4], [15, 23, 16, 22], [17, 21, 18, 20], [19, 6, 20, 7], [21, 17, 22, 16], [23, 15, 24, 14], [1, 11, 2, 10], [3, 13, 4, 12], [5, 9, 6, 8], [7, 18, 8, 19], [9, 1, 10, 24], [11, 3, 12, 2]]"
12a_0796_44,"[[11, 3, 12, 2], [13, 5, 14, 4], [15, 23, 16, 22], [17, 21, 18, 20], [19, 6, 20, 7], [21, 17, 22, 16], [23, 15, 24, 14], [1, 11, 2, 10], [3, 13, 4, 12], [5, 9, 6, 8], [7, 18, 8, 19], [9, 1, 10, 24]]"
12a_0796_45,"[[9, 1, 10, 24], [11, 3, 12, 2], [13, 5, 14, 4], [15, 23, 16, 22], [17, 21, 18, 20], [19, 6, 20, 7], [21, 17, 22, 16], [23, 15, 24, 14], [1, 11, 2, 10], [3, 13, 4, 12], [5, 9, 6, 8], [7, 18, 8, 19]]"
12a_0796_46,"[[7, 18, 8, 19], [9, 1, 10, 24], [11, 3, 12, 2], [13, 5, 14, 4], [15, 23, 16, 22], [17, 21, 18, 20], [19, 6, 20, 7], [21, 17, 22, 16], [23, 15, 24, 14], [1, 11, 2, 10], [3, 13, 4, 12], [5, 9, 6, 8]]"
12a_0796_47,"[[5, 9, 6, 8], [7, 18, 8, 19], [9, 1, 10, 24], [11, 3, 12, 2], [13, 5, 14, 4], [15, 23, 16, 22], [17, 21, 18, 20], [19, 6, 20, 7], [21, 17, 22, 16], [23, 15, 24, 14], [1, 11, 2, 10], [3, 13, 4, 12]]"
12a_0796_48,"[[4, 14, 5, 13], [6, 10, 7, 9], [8, 19, 9, 20], [10, 2, 11, 1], [12, 4, 13, 3], [14, 6, 15, 5], [16, 24, 17, 23], [18, 22, 19, 21], [20, 7, 21, 8], [22, 18, 23, 17], [24, 16, 1, 15], [2, 12, 3, 11]]"
12a_0796_49,"[[2, 12, 3, 11], [4, 14, 5, 13], [6, 10, 7, 9], [8, 19, 9, 20], [10, 2, 11, 1], [12, 4, 13, 3], [14, 6, 15, 5], [16, 24, 17, 23], [18, 22, 19, 21], [20, 7, 21, 8], [22, 18, 23, 17], [24, 16, 1, 15]]"
12a_0796_50,"[[24, 16, 1, 15], [2, 12, 3, 11], [4, 14, 5, 13], [6, 10, 7, 9], [8, 19, 9, 20], [10, 2, 11, 1], [12, 4, 13, 3], [14, 6, 15, 5], [16, 24, 17, 23], [18, 22, 19, 21], [20, 7, 21, 8], [22, 18, 23, 17]]"
12a_0796_51,"[[22, 18, 23, 17], [24, 16, 1, 15], [2, 12, 3, 11], [4, 14, 5, 13], [6, 10, 7, 9], [8, 19, 9, 20], [10, 2, 11, 1], [12, 4, 13, 3], [14, 6, 15, 5], [16, 24, 17, 23], [18, 22, 19, 21], [20, 7, 21, 8]]"
12a_0796_52,"[[20, 7, 21, 8], [22, 18, 23, 17], [24, 16, 1, 15], [2, 12, 3, 11], [4, 14, 5, 13], [6, 10, 7, 9], [8, 19, 9, 20], [10, 2, 11, 1], [12, 4, 13, 3], [14, 6, 15, 5], [16, 24, 17, 23], [18, 22, 19, 21]]"
12a_0796_53,"[[18, 22, 19, 21], [20, 7, 21, 8], [22, 18, 23, 17], [24, 16, 1, 15], [2, 12, 3, 11], [4, 14, 5, 13], [6, 10, 7, 9], [8, 19, 9, 20], [10, 2, 11, 1], [12, 4, 13, 3], [14, 6, 15, 5], [16, 24, 17, 23]]"
12a_0796_54,"[[16, 24, 17, 23], [18, 22, 19, 21], [20, 7, 21, 8], [22, 18, 23, 17], [24, 16, 1, 15], [2, 12, 3, 11], [4, 14, 5, 13], [6, 10, 7, 9], [8, 19, 9, 20], [10, 2, 11, 1], [12, 4, 13, 3], [14, 6, 15, 5]]"
12a_0796_55,"[[14, 6, 15, 5], [16, 24, 17, 23], [18, 22, 19, 21], [20, 7, 21, 8], [22, 18, 23, 17], [24, 16, 1, 15], [2, 12, 3, 11], [4, 14, 5, 13], [6, 10, 7, 9], [8, 19, 9, 20], [10, 2, 11, 1], [12, 4, 13, 3]]"
12a_0796_56,"[[12, 4, 13, 3], [14, 6, 15, 5], [16, 24, 17, 23], [18, 22, 19, 21], [20, 7, 21, 8], [22, 18, 23, 17], [24, 16, 1, 15], [2, 12, 3, 11], [4, 14, 5, 13], [6, 10, 7, 9], [8, 19, 9, 20], [10, 2, 11, 1]]"
12a_0796_57,"[[10, 2, 11, 1], [12, 4, 13, 3], [14, 6, 15, 5], [16, 24, 17, 23], [18, 22, 19, 21], [20, 7, 21, 8], [22, 18, 23, 17], [24, 16, 1, 15], [2, 12, 3, 11], [4, 14, 5, 13], [6, 10, 7, 9], [8, 19, 9, 20]]"
12a_0796_58,"[[8, 19, 9, 20], [10, 2, 11, 1], [12, 4, 13, 3], [14, 6, 15, 5], [16, 24, 17, 23], [18, 22, 19, 21], [20, 7, 21, 8], [22, 18, 23, 17], [24, 16, 1, 15], [2, 12, 3, 11], [4, 14, 5, 13], [6, 10, 7, 9]]"
12a_0796_59,"[[6, 10, 7, 9], [8, 19, 9, 20], [10, 2, 11, 1], [12, 4, 13, 3], [14, 6, 15, 5], [16, 24, 17, 23], [18, 22, 19, 21], [20, 7, 21, 8], [22, 18, 23, 17], [24, 16, 1, 15], [2, 12, 3, 11], [4, 14, 5, 13]]"
12a_0796_60,"[[5, 15, 6, 14], [7, 11, 8, 10], [9, 20, 10, 21], [11, 3, 12, 2], [13, 5, 14, 4], [15, 7, 16, 6], [17, 1, 18, 24], [19, 23, 20, 22], [21, 8, 22, 9], [23, 19, 24, 18], [1, 17, 2, 16], [3, 13, 4, 12]]"
12a_0796_61,"[[3, 13, 4, 12], [5, 15, 6, 14], [7, 11, 8, 10], [9, 20, 10, 21], [11, 3, 12, 2], [13, 5, 14, 4], [15, 7, 16, 6], [17, 1, 18, 24], [19, 23, 20, 22], [21, 8, 22, 9], [23, 19, 24, 18], [1, 17, 2, 16]]"
12a_0796_62,"[[1, 17, 2, 16], [3, 13, 4, 12], [5, 15, 6, 14], [7, 11, 8, 10], [9, 20, 10, 21], [11, 3, 12, 2], [13, 5, 14, 4], [15, 7, 16, 6], [17, 1, 18, 24], [19, 23, 20, 22], [21, 8, 22, 9], [23, 19, 24, 18]]"
12a_0796_63,"[[23, 19, 24, 18], [1, 17, 2, 16], [3, 13, 4, 12], [5, 15, 6, 14], [7, 11, 8, 10], [9, 20, 10, 21], [11, 3, 12, 2], [13, 5, 14, 4], [15, 7, 16, 6], [17, 1, 18, 24], [19, 23, 20, 22], [21, 8, 22, 9]]"
12a_0796_64,"[[21, 8, 22, 9], [23, 19, 24, 18], [1, 17, 2, 16], [3, 13, 4, 12], [5, 15, 6, 14], [7, 11, 8, 10], [9, 20, 10, 21], [11, 3, 12, 2], [13, 5, 14, 4], [15, 7, 16, 6], [17, 1, 18, 24], [19, 23, 20, 22]]"
12a_0796_65,"[[19, 23, 20, 22], [21, 8, 22, 9], [23, 19, 24, 18], [1, 17, 2, 16], [3, 13, 4, 12], [5, 15, 6, 14], [7, 11, 8, 10], [9, 20, 10, 21], [11, 3, 12, 2], [13, 5, 14, 4], [15, 7, 16, 6], [17, 1, 18, 24]]"
12a_0796_66,"[[17, 1, 18, 24], [19, 23, 20, 22], [21, 8, 22, 9], [23, 19, 24, 18], [1, 17, 2, 16], [3, 13, 4, 12], [5, 15, 6, 14], [7, 11, 8, 10], [9, 20, 10, 21], [11, 3, 12, 2], [13, 5, 14, 4], [15, 7, 16, 6]]"
12a_0796_67,"[[15, 7, 16, 6], [17, 1, 18, 24], [19, 23, 20, 22], [21, 8, 22, 9], [23, 19, 24, 18], [1, 17, 2, 16], [3, 13, 4, 12], [5, 15, 6, 14], [7, 11, 8, 10], [9, 20, 10, 21], [11, 3, 12, 2], [13, 5, 14, 4]]"
12a_0796_68,"[[13, 5, 14, 4], [15, 7, 16, 6], [17, 1, 18, 24], [19, 23, 20, 22], [21, 8, 22, 9], [23, 19, 24, 18], [1, 17, 2, 16], [3, 13, 4, 12], [5, 15, 6, 14], [7, 11, 8, 10], [9, 20, 10, 21], [11, 3, 12, 2]]"
12a_0796_69,"[[11, 3, 12, 2], [13, 5, 14, 4], [15, 7, 16, 6], [17, 1, 18, 24], [19, 23, 20, 22], [21, 8, 22, 9], [23, 19, 24, 18], [1, 17, 2, 16], [3, 13, 4, 12], [5, 15, 6, 14], [7, 11, 8, 10], [9, 20, 10, 21]]"
12a_0796_70,"[[9, 20, 10, 21], [11, 3, 12, 2], [13, 5, 14, 4], [15, 7, 16, 6], [17, 1, 18, 24], [19, 23, 20, 22], [21, 8, 22, 9], [23, 19, 24, 18], [1, 17, 2, 16], [3, 13, 4, 12], [5, 15, 6, 14], [7, 11, 8, 10]]"
12a_0796_71,"[[7, 11, 8, 10], [9, 20, 10, 21], [11, 3, 12, 2], [13, 5, 14, 4], [15, 7, 16, 6], [17, 1, 18, 24], [19, 23, 20, 22], [21, 8, 22, 9], [23, 19, 24, 18], [1, 17, 2, 16], [3, 13, 4, 12], [5, 15, 6, 14]]"
12a_0796_72,"[[6, 16, 7, 15], [8, 12, 9, 11], [10, 21, 11, 22], [12, 4, 13, 3], [14, 6, 15, 5], [16, 8, 17, 7], [18, 2, 19, 1], [20, 24, 21, 23], [22, 9, 23, 10], [24, 20, 1, 19], [2, 18, 3, 17], [4, 14, 5, 13]]"
12a_0796_73,"[[4, 14, 5, 13], [6, 16, 7, 15], [8, 12, 9, 11], [10, 21, 11, 22], [12, 4, 13, 3], [14, 6, 15, 5], [16, 8, 17, 7], [18, 2, 19, 1], [20, 24, 21, 23], [22, 9, 23, 10], [24, 20, 1, 19], [2, 18, 3, 17]]"
12a_0796_74,"[[2, 18, 3, 17], [4, 14, 5, 13], [6, 16, 7, 15], [8, 12, 9, 11], [10, 21, 11, 22], [12, 4, 13, 3], [14, 6, 15, 5], [16, 8, 17, 7], [18, 2, 19, 1], [20, 24, 21, 23], [22, 9, 23, 10], [24, 20, 1, 19]]"
12a_0796_75,"[[24, 20, 1, 19], [2, 18, 3, 17], [4, 14, 5, 13], [6, 16, 7, 15], [8, 12, 9, 11], [10, 21, 11, 22], [12, 4, 13, 3], [14, 6, 15, 5], [16, 8, 17, 7], [18, 2, 19, 1], [20, 24, 21, 23], [22, 9, 23, 10]]"
12a_0796_76,"[[22, 9, 23, 10], [24, 20, 1, 19], [2, 18, 3, 17], [4, 14, 5, 13], [6, 16, 7, 15], [8, 12, 9, 11], [10, 21, 11, 22], [12, 4, 13, 3], [14, 6, 15, 5], [16, 8, 17, 7], [18, 2, 19, 1], [20, 24, 21, 23]]"
12a_0796_77,"[[20, 24, 21, 23], [22, 9, 23, 10], [24, 20, 1, 19], [2, 18, 3, 17], [4, 14, 5, 13], [6, 16, 7, 15], [8, 12, 9, 11], [10, 21, 11, 22], [12, 4, 13, 3], [14, 6, 15, 5], [16, 8, 17, 7], [18, 2, 19, 1]]"
12a_0796_78,"[[18, 2, 19, 1], [20, 24, 21, 23], [22, 9, 23, 10], [24, 20, 1, 19], [2, 18, 3, 17], [4, 14, 5, 13], [6, 16, 7, 15], [8, 12, 9, 11], [10, 21, 11, 22], [12, 4, 13, 3], [14, 6, 15, 5], [16, 8, 17, 7]]"
12a_0796_79,"[[16, 8, 17, 7], [18, 2, 19, 1], [20, 24, 21, 23], [22, 9, 23, 10], [24, 20, 1, 19], [2, 18, 3, 17], [4, 14, 5, 13], [6, 16, 7, 15], [8, 12, 9, 11], [10, 21, 11, 22], [12, 4, 13, 3], [14, 6, 15, 5]]"
12a_0796_80,"[[14, 6, 15, 5], [16, 8, 17, 7], [18, 2, 19, 1], [20, 24, 21, 23], [22, 9, 23, 10], [24, 20, 1, 19], [2, 18, 3, 17], [4, 14, 5, 13], [6, 16, 7, 15], [8, 12, 9, 11], [10, 21, 11, 22], [12, 4, 13, 3]]"
12a_0796_81,"[[12, 4, 13, 3], [14, 6, 15, 5], [16, 8, 17, 7], [18, 2, 19, 1], [20, 24, 21, 23], [22, 9, 23, 10], [24, 20, 1, 19], [2, 18, 3, 17], [4, 14, 5, 13], [6, 16, 7, 15], [8, 12, 9, 11], [10, 21, 11, 22]]"
12a_0796_82,"[[10, 21, 11, 22], [12, 4, 13, 3], [14, 6, 15, 5], [16, 8, 17, 7], [18, 2, 19, 1], [20, 24, 21, 23], [22, 9, 23, 10], [24, 20, 1, 19], [2, 18, 3, 17], [4, 14, 5, 13], [6, 16, 7, 15], [8, 12, 9, 11]]"
12a_0796_83,"[[8, 12, 9, 11], [10, 21, 11, 22], [12, 4, 13, 3], [14, 6, 15, 5], [16, 8, 17, 7], [18, 2, 19, 1], [20, 24, 21, 23], [22, 9, 23, 10], [24, 20, 1, 19], [2, 18, 3, 17], [4, 14, 5, 13], [6, 16, 7, 15]]"
12a_0796_84,"[[7, 17, 8, 16], [9, 13, 10, 12], [11, 22, 12, 23], [13, 5, 14, 4], [15, 7, 16, 6], [17, 9, 18, 8], [19, 3, 20, 2], [21, 1, 22, 24], [23, 10, 24, 11], [1, 21, 2, 20], [3, 19, 4, 18], [5, 15, 6, 14]]"
12a_0796_85,"[[5, 15, 6, 14], [7, 17, 8, 16], [9, 13, 10, 12], [11, 22, 12, 23], [13, 5, 14, 4], [15, 7, 16, 6], [17, 9, 18, 8], [19, 3, 20, 2], [21, 1, 22, 24], [23, 10, 24, 11], [1, 21, 2, 20], [3, 19, 4, 18]]"
12a_0796_86,"[[3, 19, 4, 18], [5, 15, 6, 14], [7, 17, 8, 16], [9, 13, 10, 12], [11, 22, 12, 23], [13, 5, 14, 4], [15, 7, 16, 6], [17, 9, 18, 8], [19, 3, 20, 2], [21, 1, 22, 24], [23, 10, 24, 11], [1, 21, 2, 20]]"
12a_0796_87,"[[1, 21, 2, 20], [3, 19, 4, 18], [5, 15, 6, 14], [7, 17, 8, 16], [9, 13, 10, 12], [11, 22, 12, 23], [13, 5, 14, 4], [15, 7, 16, 6], [17, 9, 18, 8], [19, 3, 20, 2], [21, 1, 22, 24], [23, 10, 24, 11]]"
12a_0796_88,"[[23, 10, 24, 11], [1, 21, 2, 20], [3, 19, 4, 18], [5, 15, 6, 14], [7, 17, 8, 16], [9, 13, 10, 12], [11, 22, 12, 23], [13, 5, 14, 4], [15, 7, 16, 6], [17, 9, 18, 8], [19, 3, 20, 2], [21, 1, 22, 24]]"
12a_0796_89,"[[21, 1, 22, 24], [23, 10, 24, 11], [1, 21, 2, 20], [3, 19, 4, 18], [5, 15, 6, 14], [7, 17, 8, 16], [9, 13, 10, 12], [11, 22, 12, 23], [13, 5, 14, 4], [15, 7, 16, 6], [17, 9, 18, 8], [19, 3, 20, 2]]"
12a_0796_90,"[[19, 3, 20, 2], [21, 1, 22, 24], [23, 10, 24, 11], [1, 21, 2, 20], [3, 19, 4, 18], [5, 15, 6, 14], [7, 17, 8, 16], [9, 13, 10, 12], [11, 22, 12, 23], [13, 5, 14, 4], [15, 7, 16, 6], [17, 9, 18, 8]]"
12a_0796_91,"[[17, 9, 18, 8], [19, 3, 20, 2], [21, 1, 22, 24], [23, 10, 24, 11], [1, 21, 2, 20], [3, 19, 4, 18], [5, 15, 6, 14], [7, 17, 8, 16], [9, 13, 10, 12], [11, 22, 12, 23], [13, 5, 14, 4], [15, 7, 16, 6]]"
12a_0796_92,"[[15, 7, 16, 6], [17, 9, 18, 8], [19, 3, 20, 2], [21, 1, 22, 24], [23, 10, 24, 11], [1, 21, 2, 20], [3, 19, 4, 18], [5, 15, 6, 14], [7, 17, 8, 16], [9, 13, 10, 12], [11, 22, 12, 23], [13, 5, 14, 4]]"
12a_0796_93,"[[13, 5, 14, 4], [15, 7, 16, 6], [17, 9, 18, 8], [19, 3, 20, 2], [21, 1, 22, 24], [23, 10, 24, 11], [1, 21, 2, 20], [3, 19, 4, 18], [5, 15, 6, 14], [7, 17, 8, 16], [9, 13, 10, 12], [11, 22, 12, 23]]"
12a_0796_94,"[[11, 22, 12, 23], [13, 5, 14, 4], [15, 7, 16, 6], [17, 9, 18, 8], [19, 3, 20, 2], [21, 1, 22, 24], [23, 10, 24, 11], [1, 21, 2, 20], [3, 19, 4, 18], [5, 15, 6, 14], [7, 17, 8, 16], [9, 13, 10, 12]]"
12a_0796_95,"[[9, 13, 10, 12], [11, 22, 12, 23], [13, 5, 14, 4], [15, 7, 16, 6], [17, 9, 18, 8], [19, 3, 20, 2], [21, 1, 22, 24], [23, 10, 24, 11], [1, 21, 2, 20], [3, 19, 4, 18], [5, 15, 6, 14], [7, 17, 8, 16]]"
12a_0796_96,"[[8, 18, 9, 17], [10, 14, 11, 13], [12, 23, 13, 24], [14, 6, 15, 5], [16, 8, 17, 7], [18, 10, 19, 9], [20, 4, 21, 3], [22, 2, 23, 1], [24, 11, 1, 12], [2, 22, 3, 21], [4, 20, 5, 19], [6, 16, 7, 15]]"
12a_0796_97,"[[6, 16, 7, 15], [8, 18, 9, 17], [10, 14, 11, 13], [12, 23, 13, 24], [14, 6, 15, 5], [16, 8, 17, 7], [18, 10, 19, 9], [20, 4, 21, 3], [22, 2, 23, 1], [24, 11, 1, 12], [2, 22, 3, 21], [4, 20, 5, 19]]"
12a_0796_98,"[[4, 20, 5, 19], [6, 16, 7, 15], [8, 18, 9, 17], [10, 14, 11, 13], [12, 23, 13, 24], [14, 6, 15, 5], [16, 8, 17, 7], [18, 10, 19, 9], [20, 4, 21, 3], [22, 2, 23, 1], [24, 11, 1, 12], [2, 22, 3, 21]]"
12a_0796_99,"[[2, 22, 3, 21], [4, 20, 5, 19], [6, 16, 7, 15], [8, 18, 9, 17], [10, 14, 11, 13], [12, 23, 13, 24], [14, 6, 15, 5], [16, 8, 17, 7], [18, 10, 19, 9], [20, 4, 21, 3], [22, 2, 23, 1], [24, 11, 1, 12]]"
12a_0796_100,"[[24, 11, 1, 12], [2, 22, 3, 21], [4, 20, 5, 19], [6, 16, 7, 15], [8, 18, 9, 17], [10, 14, 11, 13], [12, 23, 13, 24], [14, 6, 15, 5], [16, 8, 17, 7], [18, 10, 19, 9], [20, 4, 21, 3], [22, 2, 23, 1]]"
12a_0796_101,"[[22, 2, 23, 1], [24, 11, 1, 12], [2, 22, 3, 21], [4, 20, 5, 19], [6, 16, 7, 15], [8, 18, 9, 17], [10, 14, 11, 13], [12, 23, 13, 24], [14, 6, 15, 5], [16, 8, 17, 7], [18, 10, 19, 9], [20, 4, 21, 3]]"
12a_0796_102,"[[20, 4, 21, 3], [22, 2, 23, 1], [24, 11, 1, 12], [2, 22, 3, 21], [4, 20, 5, 19], [6, 16, 7, 15], [8, 18, 9, 17], [10, 14, 11, 13], [12, 23, 13, 24], [14, 6, 15, 5], [16, 8, 17, 7], [18, 10, 19, 9]]"
12a_0796_103,"[[18, 10, 19, 9], [20, 4, 21, 3], [22, 2, 23, 1], [24, 11, 1, 12], [2, 22, 3, 21], [4, 20, 5, 19], [6, 16, 7, 15], [8, 18, 9, 17], [10, 14, 11, 13], [12, 23, 13, 24], [14, 6, 15, 5], [16, 8, 17, 7]]"
12a_0796_104,"[[16, 8, 17, 7], [18, 10, 19, 9], [20, 4, 21, 3], [22, 2, 23, 1], [24, 11, 1, 12], [2, 22, 3, 21], [4, 20, 5, 19], [6, 16, 7, 15], [8, 18, 9, 17], [10, 14, 11, 13], [12, 23, 13, 24], [14, 6, 15, 5]]"
12a_0796_105,"[[14, 6, 15, 5], [16, 8, 17, 7], [18, 10, 19, 9], [20, 4, 21, 3], [22, 2, 23, 1], [24, 11, 1, 12], [2, 22, 3, 21], [4, 20, 5, 19], [6, 16, 7, 15], [8, 18, 9, 17], [10, 14, 11, 13], [12, 23, 13, 24]]"
12a_0796_106,"[[12, 23, 13, 24], [14, 6, 15, 5], [16, 8, 17, 7], [18, 10, 19, 9], [20, 4, 21, 3], [22, 2, 23, 1], [24, 11, 1, 12], [2, 22, 3, 21], [4, 20, 5, 19], [6, 16, 7, 15], [8, 18, 9, 17], [10, 14, 11, 13]]"
12a_0796_107,"[[10, 14, 11, 13], [12, 23, 13, 24], [14, 6, 15, 5], [16, 8, 17, 7], [18, 10, 19, 9], [20, 4, 21, 3], [22, 2, 23, 1], [24, 11, 1, 12], [2, 22, 3, 21], [4, 20, 5, 19], [6, 16, 7, 15], [8, 18, 9, 17]]"
12a_0796_108,"[[9, 19, 10, 18], [11, 15, 12, 14], [13, 24, 14, 1], [15, 7, 16, 6], [17, 9, 18, 8], [19, 11, 20, 10], [21, 5, 22, 4], [23, 3, 24, 2], [1, 12, 2, 13], [3, 23, 4, 22], [5, 21, 6, 20], [7, 17, 8, 16]]"
12a_0796_109,"[[7, 17, 8, 16], [9, 19, 10, 18], [11, 15, 12, 14], [13, 24, 14, 1], [15, 7, 16, 6], [17, 9, 18, 8], [19, 11, 20, 10], [21, 5, 22, 4], [23, 3, 24, 2], [1, 12, 2, 13], [3, 23, 4, 22], [5, 21, 6, 20]]"
12a_0796_110,"[[5, 21, 6, 20], [7, 17, 8, 16], [9, 19, 10, 18], [11, 15, 12, 14], [13, 24, 14, 1], [15, 7, 16, 6], [17, 9, 18, 8], [19, 11, 20, 10], [21, 5, 22, 4], [23, 3, 24, 2], [1, 12, 2, 13], [3, 23, 4, 22]]"
12a_0796_111,"[[3, 23, 4, 22], [5, 21, 6, 20], [7, 17, 8, 16], [9, 19, 10, 18], [11, 15, 12, 14], [13, 24, 14, 1], [15, 7, 16, 6], [17, 9, 18, 8], [19, 11, 20, 10], [21, 5, 22, 4], [23, 3, 24, 2], [1, 12, 2, 13]]"
12a_0796_112,"[[1, 12, 2, 13], [3, 23, 4, 22], [5, 21, 6, 20], [7, 17, 8, 16], [9, 19, 10, 18], [11, 15, 12, 14], [13, 24, 14, 1], [15, 7, 16, 6], [17, 9, 18, 8], [19, 11, 20, 10], [21, 5, 22, 4], [23, 3, 24, 2]]"
12a_0796_113,"[[23, 3, 24, 2], [1, 12, 2, 13], [3, 23, 4, 22], [5, 21, 6, 20], [7, 17, 8, 16], [9, 19, 10, 18], [11, 15, 12, 14], [13, 24, 14, 1], [15, 7, 16, 6], [17, 9, 18, 8], [19, 11, 20, 10], [21, 5, 22, 4]]"
12a_0796_114,"[[21, 5, 22, 4], [23, 3, 24, 2], [1, 12, 2, 13], [3, 23, 4, 22], [5, 21, 6, 20], [7, 17, 8, 16], [9, 19, 10, 18], [11, 15, 12, 14], [13, 24, 14, 1], [15, 7, 16, 6], [17, 9, 18, 8], [19, 11, 20, 10]]"
12a_0796_115,"[[19, 11, 20, 10], [21, 5, 22, 4], [23, 3, 24, 2], [1, 12, 2, 13], [3, 23, 4, 22], [5, 21, 6, 20], [7, 17, 8, 16], [9, 19, 10, 18], [11, 15, 12, 14], [13, 24, 14, 1], [15, 7, 16, 6], [17, 9, 18, 8]]"
12a_0796_116,"[[17, 9, 18, 8], [19, 11, 20, 10], [21, 5, 22, 4], [23, 3, 24, 2], [1, 12, 2, 13], [3, 23, 4, 22], [5, 21, 6, 20], [7, 17, 8, 16], [9, 19, 10, 18], [11, 15, 12, 14], [13, 24, 14, 1], [15, 7, 16, 6]]"
12a_0796_117,"[[15, 7, 16, 6], [17, 9, 18, 8], [19, 11, 20, 10], [21, 5, 22, 4], [23, 3, 24, 2], [1, 12, 2, 13], [3, 23, 4, 22], [5, 21, 6, 20], [7, 17, 8, 16], [9, 19, 10, 18], [11, 15, 12, 14], [13, 24, 14, 1]]"
12a_0796_118,"[[13, 24, 14, 1], [15, 7, 16, 6], [17, 9, 18, 8], [19, 11, 20, 10], [21, 5, 22, 4], [23, 3, 24, 2], [1, 12, 2, 13], [3, 23, 4, 22], [5, 21, 6, 20], [7, 17, 8, 16], [9, 19, 10, 18], [11, 15, 12, 14]]"
12a_0796_119,"[[11, 15, 12, 14], [13, 24, 14, 1], [15, 7, 16, 6], [17, 9, 18, 8], [19, 11, 20, 10], [21, 5, 22, 4], [23, 3, 24, 2], [1, 12, 2, 13], [3, 23, 4, 22], [5, 21, 6, 20], [7, 17, 8, 16], [9, 19, 10, 18]]"
12a_0796_120,"[[10, 20, 11, 19], [12, 16, 13, 15], [14, 1, 15, 2], [16, 8, 17, 7], [18, 10, 19, 9], [20, 12, 21, 11], [22, 6, 23, 5], [24, 4, 1, 3], [2, 13, 3, 14], [4, 24, 5, 23], [6, 22, 7, 21], [8, 18, 9, 17]]"
12a_0796_121,"[[8, 18, 9, 17], [10, 20, 11, 19], [12, 16, 13, 15], [14, 1, 15, 2], [16, 8, 17, 7], [18, 10, 19, 9], [20, 12, 21, 11], [22, 6, 23, 5], [24, 4, 1, 3], [2, 13, 3, 14], [4, 24, 5, 23], [6, 22, 7, 21]]"
12a_0796_122,"[[6, 22, 7, 21], [8, 18, 9, 17], [10, 20, 11, 19], [12, 16, 13, 15], [14, 1, 15, 2], [16, 8, 17, 7], [18, 10, 19, 9], [20, 12, 21, 11], [22, 6, 23, 5], [24, 4, 1, 3], [2, 13, 3, 14], [4, 24, 5, 23]]"
12a_0796_123,"[[4, 24, 5, 23], [6, 22, 7, 21], [8, 18, 9, 17], [10, 20, 11, 19], [12, 16, 13, 15], [14, 1, 15, 2], [16, 8, 17, 7], [18, 10, 19, 9], [20, 12, 21, 11], [22, 6, 23, 5], [24, 4, 1, 3], [2, 13, 3, 14]]"
12a_0796_124,"[[2, 13, 3, 14], [4, 24, 5, 23], [6, 22, 7, 21], [8, 18, 9, 17], [10, 20, 11, 19], [12, 16, 13, 15], [14, 1, 15, 2], [16, 8, 17, 7], [18, 10, 19, 9], [20, 12, 21, 11], [22, 6, 23, 5], [24, 4, 1, 3]]"
12a_0796_125,"[[24, 4, 1, 3], [2, 13, 3, 14], [4, 24, 5, 23], [6, 22, 7, 21], [8, 18, 9, 17], [10, 20, 11, 19], [12, 16, 13, 15], [14, 1, 15, 2], [16, 8, 17, 7], [18, 10, 19, 9], [20, 12, 21, 11], [22, 6, 23, 5]]"
12a_0796_126,"[[22, 6, 23, 5], [24, 4, 1, 3], [2, 13, 3, 14], [4, 24, 5, 23], [6, 22, 7, 21], [8, 18, 9, 17], [10, 20, 11, 19], [12, 16, 13, 15], [14, 1, 15, 2], [16, 8, 17, 7], [18, 10, 19, 9], [20, 12, 21, 11]]"
12a_0796_127,"[[20, 12, 21, 11], [22, 6, 23, 5], [24, 4, 1, 3], [2, 13, 3, 14], [4, 24, 5, 23], [6, 22, 7, 21], [8, 18, 9, 17], [10, 20, 11, 19], [12, 16, 13, 15], [14, 1, 15, 2], [16, 8, 17, 7], [18, 10, 19, 9]]"
12a_0796_128,"[[18, 10, 19, 9], [20, 12, 21, 11], [22, 6, 23, 5], [24, 4, 1, 3], [2, 13, 3, 14], [4, 24, 5, 23], [6, 22, 7, 21], [8, 18, 9, 17], [10, 20, 11, 19], [12, 16, 13, 15], [14, 1, 15, 2], [16, 8, 17, 7]]"
12a_0796_129,"[[16, 8, 17, 7], [18, 10, 19, 9], [20, 12, 21, 11], [22, 6, 23, 5], [24, 4, 1, 3], [2, 13, 3, 14], [4, 24, 5, 23], [6, 22, 7, 21], [8, 18, 9, 17], [10, 20, 11, 19], [12, 16, 13, 15], [14, 1, 15, 2]]"
12a_0796_130,"[[14, 1, 15, 2], [16, 8, 17, 7], [18, 10, 19, 9], [20, 12, 21, 11], [22, 6, 23, 5], [24, 4, 1, 3], [2, 13, 3, 14], [4, 24, 5, 23], [6, 22, 7, 21], [8, 18, 9, 17], [10, 20, 11, 19], [12, 16, 13, 15]]"
12a_0796_131,"[[12, 16, 13, 15], [14, 1, 15, 2], [16, 8, 17, 7], [18, 10, 19, 9], [20, 12, 21, 11], [22, 6, 23, 5], [24, 4, 1, 3], [2, 13, 3, 14], [4, 24, 5, 23], [6, 22, 7, 21], [8, 18, 9, 17], [10, 20, 11, 19]]"
12a_0796_132,"[[11, 21, 12, 20], [13, 17, 14, 16], [15, 2, 16, 3], [17, 9, 18, 8], [19, 11, 20, 10], [21, 13, 22, 12], [23, 7, 24, 6], [1, 5, 2, 4], [3, 14, 4, 15], [5, 1, 6, 24], [7, 23, 8, 22], [9, 19, 10, 18]]"
12a_0796_133,"[[9, 19, 10, 18], [11, 21, 12, 20], [13, 17, 14, 16], [15, 2, 16, 3], [17, 9, 18, 8], [19, 11, 20, 10], [21, 13, 22, 12], [23, 7, 24, 6], [1, 5, 2, 4], [3, 14, 4, 15], [5, 1, 6, 24], [7, 23, 8, 22]]"
12a_0796_134,"[[7, 23, 8, 22], [9, 19, 10, 18], [11, 21, 12, 20], [13, 17, 14, 16], [15, 2, 16, 3], [17, 9, 18, 8], [19, 11, 20, 10], [21, 13, 22, 12], [23, 7, 24, 6], [1, 5, 2, 4], [3, 14, 4, 15], [5, 1, 6, 24]]"
12a_0796_135,"[[5, 1, 6, 24], [7, 23, 8, 22], [9, 19, 10, 18], [11, 21, 12, 20], [13, 17, 14, 16], [15, 2, 16, 3], [17, 9, 18, 8], [19, 11, 20, 10], [21, 13, 22, 12], [23, 7, 24, 6], [1, 5, 2, 4], [3, 14, 4, 15]]"
12a_0796_136,"[[3, 14, 4, 15], [5, 1, 6, 24], [7, 23, 8, 22], [9, 19, 10, 18], [11, 21, 12, 20], [13, 17, 14, 16], [15, 2, 16, 3], [17, 9, 18, 8], [19, 11, 20, 10], [21, 13, 22, 12], [23, 7, 24, 6], [1, 5, 2, 4]]"
12a_0796_137,"[[1, 5, 2, 4], [3, 14, 4, 15], [5, 1, 6, 24], [7, 23, 8, 22], [9, 19, 10, 18], [11, 21, 12, 20], [13, 17, 14, 16], [15, 2, 16, 3], [17, 9, 18, 8], [19, 11, 20, 10], [21, 13, 22, 12], [23, 7, 24, 6]]"
12a_0796_138,"[[23, 7, 24, 6], [1, 5, 2, 4], [3, 14, 4, 15], [5, 1, 6, 24], [7, 23, 8, 22], [9, 19, 10, 18], [11, 21, 12, 20], [13, 17, 14, 16], [15, 2, 16, 3], [17, 9, 18, 8], [19, 11, 20, 10], [21, 13, 22, 12]]"
12a_0796_139,"[[21, 13, 22, 12], [23, 7, 24, 6], [1, 5, 2, 4], [3, 14, 4, 15], [5, 1, 6, 24], [7, 23, 8, 22], [9, 19, 10, 18], [11, 21, 12, 20], [13, 17, 14, 16], [15, 2, 16, 3], [17, 9, 18, 8], [19, 11, 20, 10]]"
12a_0796_140,"[[19, 11, 20, 10], [21, 13, 22, 12], [23, 7, 24, 6], [1, 5, 2, 4], [3, 14, 4, 15], [5, 1, 6, 24], [7, 23, 8, 22], [9, 19, 10, 18], [11, 21, 12, 20], [13, 17, 14, 16], [15, 2, 16, 3], [17, 9, 18, 8]]"
12a_0796_141,"[[17, 9, 18, 8], [19, 11, 20, 10], [21, 13, 22, 12], [23, 7, 24, 6], [1, 5, 2, 4], [3, 14, 4, 15], [5, 1, 6, 24], [7, 23, 8, 22], [9, 19, 10, 18], [11, 21, 12, 20], [13, 17, 14, 16], [15, 2, 16, 3]]"
12a_0796_142,"[[15, 2, 16, 3], [17, 9, 18, 8], [19, 11, 20, 10], [21, 13, 22, 12], [23, 7, 24, 6], [1, 5, 2, 4], [3, 14, 4, 15], [5, 1, 6, 24], [7, 23, 8, 22], [9, 19, 10, 18], [11, 21, 12, 20], [13, 17, 14, 16]]"
12a_0796_143,"[[13, 17, 14, 16], [15, 2, 16, 3], [17, 9, 18, 8], [19, 11, 20, 10], [21, 13, 22, 12], [23, 7, 24, 6], [1, 5, 2, 4], [3, 14, 4, 15], [5, 1, 6, 24], [7, 23, 8, 22], [9, 19, 10, 18], [11, 21, 12, 20]]"
12a_0796_144,"[[12, 22, 13, 21], [14, 18, 15, 17], [16, 3, 17, 4], [18, 10, 19, 9], [20, 12, 21, 11], [22, 14, 23, 13], [24, 8, 1, 7], [2, 6, 3, 5], [4, 15, 5, 16], [6, 2, 7, 1], [8, 24, 9, 23], [10, 20, 11, 19]]"
12a_0796_145,"[[10, 20, 11, 19], [12, 22, 13, 21], [14, 18, 15, 17], [16, 3, 17, 4], [18, 10, 19, 9], [20, 12, 21, 11], [22, 14, 23, 13], [24, 8, 1, 7], [2, 6, 3, 5], [4, 15, 5, 16], [6, 2, 7, 1], [8, 24, 9, 23]]"
12a_0796_146,"[[8, 24, 9, 23], [10, 20, 11, 19], [12, 22, 13, 21], [14, 18, 15, 17], [16, 3, 17, 4], [18, 10, 19, 9], [20, 12, 21, 11], [22, 14, 23, 13], [24, 8, 1, 7], [2, 6, 3, 5], [4, 15, 5, 16], [6, 2, 7, 1]]"
12a_0796_147,"[[6, 2, 7, 1], [8, 24, 9, 23], [10, 20, 11, 19], [12, 22, 13, 21], [14, 18, 15, 17], [16, 3, 17, 4], [18, 10, 19, 9], [20, 12, 21, 11], [22, 14, 23, 13], [24, 8, 1, 7], [2, 6, 3, 5], [4, 15, 5, 16]]"
12a_0796_148,"[[4, 15, 5, 16], [6, 2, 7, 1], [8, 24, 9, 23], [10, 20, 11, 19], [12, 22, 13, 21], [14, 18, 15, 17], [16, 3, 17, 4], [18, 10, 19, 9], [20, 12, 21, 11], [22, 14, 23, 13], [24, 8, 1, 7], [2, 6, 3, 5]]"
12a_0796_149,"[[2, 6, 3, 5], [4, 15, 5, 16], [6, 2, 7, 1], [8, 24, 9, 23], [10, 20, 11, 19], [12, 22, 13, 21], [14, 18, 15, 17], [16, 3, 17, 4], [18, 10, 19, 9], [20, 12, 21, 11], [22, 14, 23, 13], [24, 8, 1, 7]]"
12a_0796_150,"[[24, 8, 1, 7], [2, 6, 3, 5], [4, 15, 5, 16], [6, 2, 7, 1], [8, 24, 9, 23], [10, 20, 11, 19], [12, 22, 13, 21], [14, 18, 15, 17], [16, 3, 17, 4], [18, 10, 19, 9], [20, 12, 21, 11], [22, 14, 23, 13]]"
12a_0796_151,"[[22, 14, 23, 13], [24, 8, 1, 7], [2, 6, 3, 5], [4, 15, 5, 16], [6, 2, 7, 1], [8, 24, 9, 23], [10, 20, 11, 19], [12, 22, 13, 21], [14, 18, 15, 17], [16, 3, 17, 4], [18, 10, 19, 9], [20, 12, 21, 11]]"
12a_0796_152,"[[20, 12, 21, 11], [22, 14, 23, 13], [24, 8, 1, 7], [2, 6, 3, 5], [4, 15, 5, 16], [6, 2, 7, 1], [8, 24, 9, 23], [10, 20, 11, 19], [12, 22, 13, 21], [14, 18, 15, 17], [16, 3, 17, 4], [18, 10, 19, 9]]"
12a_0796_153,"[[18, 10, 19, 9], [20, 12, 21, 11], [22, 14, 23, 13], [24, 8, 1, 7], [2, 6, 3, 5], [4, 15, 5, 16], [6, 2, 7, 1], [8, 24, 9, 23], [10, 20, 11, 19], [12, 22, 13, 21], [14, 18, 15, 17], [16, 3, 17, 4]]"
12a_0796_154,"[[16, 3, 17, 4], [18, 10, 19, 9], [20, 12, 21, 11], [22, 14, 23, 13], [24, 8, 1, 7], [2, 6, 3, 5], [4, 15, 5, 16], [6, 2, 7, 1], [8, 24, 9, 23], [10, 20, 11, 19], [12, 22, 13, 21], [14, 18, 15, 17]]"
12a_0796_155,"[[14, 18, 15, 17], [16, 3, 17, 4], [18, 10, 19, 9], [20, 12, 21, 11], [22, 14, 23, 13], [24, 8, 1, 7], [2, 6, 3, 5], [4, 15, 5, 16], [6, 2, 7, 1], [8, 24, 9, 23], [10, 20, 11, 19], [12, 22, 13, 21]]"
12a_0796_156,"[[13, 23, 14, 22], [15, 19, 16, 18], [17, 4, 18, 5], [19, 11, 20, 10], [21, 13, 22, 12], [23, 15, 24, 14], [1, 9, 2, 8], [3, 7, 4, 6], [5, 16, 6, 17], [7, 3, 8, 2], [9, 1, 10, 24], [11, 21, 12, 20]]"
12a_0796_157,"[[11, 21, 12, 20], [13, 23, 14, 22], [15, 19, 16, 18], [17, 4, 18, 5], [19, 11, 20, 10], [21, 13, 22, 12], [23, 15, 24, 14], [1, 9, 2, 8], [3, 7, 4, 6], [5, 16, 6, 17], [7, 3, 8, 2], [9, 1, 10, 24]]"
12a_0796_158,"[[9, 1, 10, 24], [11, 21, 12, 20], [13, 23, 14, 22], [15, 19, 16, 18], [17, 4, 18, 5], [19, 11, 20, 10], [21, 13, 22, 12], [23, 15, 24, 14], [1, 9, 2, 8], [3, 7, 4, 6], [5, 16, 6, 17], [7, 3, 8, 2]]"
12a_0796_159,"[[7, 3, 8, 2], [9, 1, 10, 24], [11, 21, 12, 20], [13, 23, 14, 22], [15, 19, 16, 18], [17, 4, 18, 5], [19, 11, 20, 10], [21, 13, 22, 12], [23, 15, 24, 14], [1, 9, 2, 8], [3, 7, 4, 6], [5, 16, 6, 17]]"
12a_0796_160,"[[5, 16, 6, 17], [7, 3, 8, 2], [9, 1, 10, 24], [11, 21, 12, 20], [13, 23, 14, 22], [15, 19, 16, 18], [17, 4, 18, 5], [19, 11, 20, 10], [21, 13, 22, 12], [23, 15, 24, 14], [1, 9, 2, 8], [3, 7, 4, 6]]"
12a_0796_161,"[[3, 7, 4, 6], [5, 16, 6, 17], [7, 3, 8, 2], [9, 1, 10, 24], [11, 21, 12, 20], [13, 23, 14, 22], [15, 19, 16, 18], [17, 4, 18, 5], [19, 11, 20, 10], [21, 13, 22, 12], [23, 15, 24, 14], [1, 9, 2, 8]]"
12a_0796_162,"[[1, 9, 2, 8], [3, 7, 4, 6], [5, 16, 6, 17], [7, 3, 8, 2], [9, 1, 10, 24], [11, 21, 12, 20], [13, 23, 14, 22], [15, 19, 16, 18], [17, 4, 18, 5], [19, 11, 20, 10], [21, 13, 22, 12], [23, 15, 24, 14]]"
12a_0796_163,"[[23, 15, 24, 14], [1, 9, 2, 8], [3, 7, 4, 6], [5, 16, 6, 17], [7, 3, 8, 2], [9, 1, 10, 24], [11, 21, 12, 20], [13, 23, 14, 22], [15, 19, 16, 18], [17, 4, 18, 5], [19, 11, 20, 10], [21, 13, 22, 12]]"
12a_0796_164,"[[21, 13, 22, 12], [23, 15, 24, 14], [1, 9, 2, 8], [3, 7, 4, 6], [5, 16, 6, 17], [7, 3, 8, 2], [9, 1, 10, 24], [11, 21, 12, 20], [13, 23, 14, 22], [15, 19, 16, 18], [17, 4, 18, 5], [19, 11, 20, 10]]"
12a_0796_165,"[[19, 11, 20, 10], [21, 13, 22, 12], [23, 15, 24, 14], [1, 9, 2, 8], [3, 7, 4, 6], [5, 16, 6, 17], [7, 3, 8, 2], [9, 1, 10, 24], [11, 21, 12, 20], [13, 23, 14, 22], [15, 19, 16, 18], [17, 4, 18, 5]]"
12a_0796_166,"[[17, 4, 18, 5], [19, 11, 20, 10], [21, 13, 22, 12], [23, 15, 24, 14], [1, 9, 2, 8], [3, 7, 4, 6], [5, 16, 6, 17], [7, 3, 8, 2], [9, 1, 10, 24], [11, 21, 12, 20], [13, 23, 14, 22], [15, 19, 16, 18]]"
12a_0796_167,"[[15, 19, 16, 18], [17, 4, 18, 5], [19, 11, 20, 10], [21, 13, 22, 12], [23, 15, 24, 14], [1, 9, 2, 8], [3, 7, 4, 6], [5, 16, 6, 17], [7, 3, 8, 2], [9, 1, 10, 24], [11, 21, 12, 20], [13, 23, 14, 22]]"
12a_0796_168,"[[14, 24, 15, 23], [16, 20, 17, 19], [18, 5, 19, 6], [20, 12, 21, 11], [22, 14, 23, 13], [24, 16, 1, 15], [2, 10, 3, 9], [4, 8, 5, 7], [6, 17, 7, 18], [8, 4, 9, 3], [10, 2, 11, 1], [12, 22, 13, 21]]"
12a_0796_169,"[[12, 22, 13, 21], [14, 24, 15, 23], [16, 20, 17, 19], [18, 5, 19, 6], [20, 12, 21, 11], [22, 14, 23, 13], [24, 16, 1, 15], [2, 10, 3, 9], [4, 8, 5, 7], [6, 17, 7, 18], [8, 4, 9, 3], [10, 2, 11, 1]]"
12a_0796_170,"[[10, 2, 11, 1], [12, 22, 13, 21], [14, 24, 15, 23], [16, 20, 17, 19], [18, 5, 19, 6], [20, 12, 21, 11], [22, 14, 23, 13], [24, 16, 1, 15], [2, 10, 3, 9], [4, 8, 5, 7], [6, 17, 7, 18], [8, 4, 9, 3]]"
12a_0796_171,"[[8, 4, 9, 3], [10, 2, 11, 1], [12, 22, 13, 21], [14, 24, 15, 23], [16, 20, 17, 19], [18, 5, 19, 6], [20, 12, 21, 11], [22, 14, 23, 13], [24, 16, 1, 15], [2, 10, 3, 9], [4, 8, 5, 7], [6, 17, 7, 18]]"
12a_0796_172,"[[6, 17, 7, 18], [8, 4, 9, 3], [10, 2, 11, 1], [12, 22, 13, 21], [14, 24, 15, 23], [16, 20, 17, 19], [18, 5, 19, 6], [20, 12, 21, 11], [22, 14, 23, 13], [24, 16, 1, 15], [2, 10, 3, 9], [4, 8, 5, 7]]"
12a_0796_173,"[[4, 8, 5, 7], [6, 17, 7, 18], [8, 4, 9, 3], [10, 2, 11, 1], [12, 22, 13, 21], [14, 24, 15, 23], [16, 20, 17, 19], [18, 5, 19, 6], [20, 12, 21, 11], [22, 14, 23, 13], [24, 16, 1, 15], [2, 10, 3, 9]]"
12a_0796_174,"[[2, 10, 3, 9], [4, 8, 5, 7], [6, 17, 7, 18], [8, 4, 9, 3], [10, 2, 11, 1], [12, 22, 13, 21], [14, 24, 15, 23], [16, 20, 17, 19], [18, 5, 19, 6], [20, 12, 21, 11], [22, 14, 23, 13], [24, 16, 1, 15]]"
12a_0796_175,"[[24, 16, 1, 15], [2, 10, 3, 9], [4, 8, 5, 7], [6, 17, 7, 18], [8, 4, 9, 3], [10, 2, 11, 1], [12, 22, 13, 21], [14, 24, 15, 23], [16, 20, 17, 19], [18, 5, 19, 6], [20, 12, 21, 11], [22, 14, 23, 13]]"
12a_0796_176,"[[22, 14, 23, 13], [24, 16, 1, 15], [2, 10, 3, 9], [4, 8, 5, 7], [6, 17, 7, 18], [8, 4, 9, 3], [10, 2, 11, 1], [12, 22, 13, 21], [14, 24, 15, 23], [16, 20, 17, 19], [18, 5, 19, 6], [20, 12, 21, 11]]"
12a_0796_177,"[[20, 12, 21, 11], [22, 14, 23, 13], [24, 16, 1, 15], [2, 10, 3, 9], [4, 8, 5, 7], [6, 17, 7, 18], [8, 4, 9, 3], [10, 2, 11, 1], [12, 22, 13, 21], [14, 24, 15, 23], [16, 20, 17, 19], [18, 5, 19, 6]]"
12a_0796_178,"[[18, 5, 19, 6], [20, 12, 21, 11], [22, 14, 23, 13], [24, 16, 1, 15], [2, 10, 3, 9], [4, 8, 5, 7], [6, 17, 7, 18], [8, 4, 9, 3], [10, 2, 11, 1], [12, 22, 13, 21], [14, 24, 15, 23], [16, 20, 17, 19]]"
12a_0796_179,"[[16, 20, 17, 19], [18, 5, 19, 6], [20, 12, 21, 11], [22, 14, 23, 13], [24, 16, 1, 15], [2, 10, 3, 9], [4, 8, 5, 7], [6, 17, 7, 18], [8, 4, 9, 3], [10, 2, 11, 1], [12, 22, 13, 21], [14, 24, 15, 23]]"
12a_0796_180,"[[15, 1, 16, 24], [17, 21, 18, 20], [19, 6, 20, 7], [21, 13, 22, 12], [23, 15, 24, 14], [1, 17, 2, 16], [3, 11, 4, 10], [5, 9, 6, 8], [7, 18, 8, 19], [9, 5, 10, 4], [11, 3, 12, 2], [13, 23, 14, 22]]"
12a_0796_181,"[[13, 23, 14, 22], [15, 1, 16, 24], [17, 21, 18, 20], [19, 6, 20, 7], [21, 13, 22, 12], [23, 15, 24, 14], [1, 17, 2, 16], [3, 11, 4, 10], [5, 9, 6, 8], [7, 18, 8, 19], [9, 5, 10, 4], [11, 3, 12, 2]]"
12a_0796_182,"[[11, 3, 12, 2], [13, 23, 14, 22], [15, 1, 16, 24], [17, 21, 18, 20], [19, 6, 20, 7], [21, 13, 22, 12], [23, 15, 24, 14], [1, 17, 2, 16], [3, 11, 4, 10], [5, 9, 6, 8], [7, 18, 8, 19], [9, 5, 10, 4]]"
12a_0796_183,"[[9, 5, 10, 4], [11, 3, 12, 2], [13, 23, 14, 22], [15, 1, 16, 24], [17, 21, 18, 20], [19, 6, 20, 7], [21, 13, 22, 12], [23, 15, 24, 14], [1, 17, 2, 16], [3, 11, 4, 10], [5, 9, 6, 8], [7, 18, 8, 19]]"
12a_0796_184,"[[7, 18, 8, 19], [9, 5, 10, 4], [11, 3, 12, 2], [13, 23, 14, 22], [15, 1, 16, 24], [17, 21, 18, 20], [19, 6, 20, 7], [21, 13, 22, 12], [23, 15, 24, 14], [1, 17, 2, 16], [3, 11, 4, 10], [5, 9, 6, 8]]"
12a_0796_185,"[[5, 9, 6, 8], [7, 18, 8, 19], [9, 5, 10, 4], [11, 3, 12, 2], [13, 23, 14, 22], [15, 1, 16, 24], [17, 21, 18, 20], [19, 6, 20, 7], [21, 13, 22, 12], [23, 15, 24, 14], [1, 17, 2, 16], [3, 11, 4, 10]]"
