name,pd_notation
12a_0307_0,"[[24, 7, 1, 8], [2, 6, 3, 5], [4, 11, 5, 12], [6, 15, 7, 16], [8, 20, 9, 19], [10, 14, 11, 13], [12, 3, 13, 4], [14, 1, 15, 2], [16, 24, 17, 23], [18, 22, 19, 21], [20, 10, 21, 9], [22, 18, 23, 17]]"
12a_0307_1,"[[22, 18, 23, 17], [24, 7, 1, 8], [2, 6, 3, 5], [4, 11, 5, 12], [6, 15, 7, 16], [8, 20, 9, 19], [10, 14, 11, 13], [12, 3, 13, 4], [14, 1, 15, 2], [16, 24, 17, 23], [18, 22, 19, 21], [20, 10, 21, 9]]"
12a_0307_2,"[[20, 10, 21, 9], [22, 18, 23, 17], [24, 7, 1, 8], [2, 6, 3, 5], [4, 11, 5, 12], [6, 15, 7, 16], [8, 20, 9, 19], [10, 14, 11, 13], [12, 3, 13, 4], [14, 1, 15, 2], [16, 24, 17, 23], [18, 22, 19, 21]]"
12a_0307_3,"[[18, 22, 19, 21], [20, 10, 21, 9], [22, 18, 23, 17], [24, 7, 1, 8], [2, 6, 3, 5], [4, 11, 5, 12], [6, 15, 7, 16], [8, 20, 9, 19], [10, 14, 11, 13], [12, 3, 13, 4], [14, 1, 15, 2], [16, 24, 17, 23]]"
12a_0307_4,"[[16, 24, 17, 23], [18, 22, 19, 21], [20, 10, 21, 9], [22, 18, 23, 17], [24, 7, 1, 8], [2, 6, 3, 5], [4, 11, 5, 12], [6, 15, 7, 16], [8, 20, 9, 19], [10, 14, 11, 13], [12, 3, 13, 4], [14, 1, 15, 2]]"
12a_0307_5,"[[14, 1, 15, 2], [16, 24, 17, 23], [18, 22, 19, 21], [20, 10, 21, 9], [22, 18, 23, 17], [24, 7, 1, 8], [2, 6, 3, 5], [4, 11, 5, 12], [6, 15, 7, 16], [8, 20, 9, 19], [10, 14, 11, 13], [12, 3, 13, 4]]"
12a_0307_6,"[[12, 3, 13, 4], [14, 1, 15, 2], [16, 24, 17, 23], [18, 22, 19, 21], [20, 10, 21, 9], [22, 18, 23, 17], [24, 7, 1, 8], [2, 6, 3, 5], [4, 11, 5, 12], [6, 15, 7, 16], [8, 20, 9, 19], [10, 14, 11, 13]]"
12a_0307_7,"[[10, 14, 11, 13], [12, 3, 13, 4], [14, 1, 15, 2], [16, 24, 17, 23], [18, 22, 19, 21], [20, 10, 21, 9], [22, 18, 23, 17], [24, 7, 1, 8], [2, 6, 3, 5], [4, 11, 5, 12], [6, 15, 7, 16], [8, 20, 9, 19]]"
12a_0307_8,"[[8, 20, 9, 19], [10, 14, 11, 13], [12, 3, 13, 4], [14, 1, 15, 2], [16, 24, 17, 23], [18, 22, 19, 21], [20, 10, 21, 9], [22, 18, 23, 17], [24, 7, 1, 8], [2, 6, 3, 5], [4, 11, 5, 12], [6, 15, 7, 16]]"
12a_0307_9,"[[6, 15, 7, 16], [8, 20, 9, 19], [10, 14, 11, 13], [12, 3, 13, 4], [14, 1, 15, 2], [16, 24, 17, 23], [18, 22, 19, 21], [20, 10, 21, 9], [22, 18, 23, 17], [24, 7, 1, 8], [2, 6, 3, 5], [4, 11, 5, 12]]"
12a_0307_10,"[[4, 11, 5, 12], [6, 15, 7, 16], [8, 20, 9, 19], [10, 14, 11, 13], [12, 3, 13, 4], [14, 1, 15, 2], [16, 24, 17, 23], [18, 22, 19, 21], [20, 10, 21, 9], [22, 18, 23, 17], [24, 7, 1, 8], [2, 6, 3, 5]]"
12a_0307_11,"[[2, 6, 3, 5], [4, 11, 5, 12], [6, 15, 7, 16], [8, 20, 9, 19], [10, 14, 11, 13], [12, 3, 13, 4], [14, 1, 15, 2], [16, 24, 17, 23], [18, 22, 19, 21], [20, 10, 21, 9], [22, 18, 23, 17], [24, 7, 1, 8]]"
12a_0307_12,"[[1, 8, 2, 9], [3, 7, 4, 6], [5, 12, 6, 13], [7, 16, 8, 17], [9, 21, 10, 20], [11, 15, 12, 14], [13, 4, 14, 5], [15, 2, 16, 3], [17, 1, 18, 24], [19, 23, 20, 22], [21, 11, 22, 10], [23, 19, 24, 18]]"
12a_0307_13,"[[23, 19, 24, 18], [1, 8, 2, 9], [3, 7, 4, 6], [5, 12, 6, 13], [7, 16, 8, 17], [9, 21, 10, 20], [11, 15, 12, 14], [13, 4, 14, 5], [15, 2, 16, 3], [17, 1, 18, 24], [19, 23, 20, 22], [21, 11, 22, 10]]"
12a_0307_14,"[[21, 11, 22, 10], [23, 19, 24, 18], [1, 8, 2, 9], [3, 7, 4, 6], [5, 12, 6, 13], [7, 16, 8, 17], [9, 21, 10, 20], [11, 15, 12, 14], [13, 4, 14, 5], [15, 2, 16, 3], [17, 1, 18, 24], [19, 23, 20, 22]]"
12a_0307_15,"[[19, 23, 20, 22], [21, 11, 22, 10], [23, 19, 24, 18], [1, 8, 2, 9], [3, 7, 4, 6], [5, 12, 6, 13], [7, 16, 8, 17], [9, 21, 10, 20], [11, 15, 12, 14], [13, 4, 14, 5], [15, 2, 16, 3], [17, 1, 18, 24]]"
12a_0307_16,"[[17, 1, 18, 24], [19, 23, 20, 22], [21, 11, 22, 10], [23, 19, 24, 18], [1, 8, 2, 9], [3, 7, 4, 6], [5, 12, 6, 13], [7, 16, 8, 17], [9, 21, 10, 20], [11, 15, 12, 14], [13, 4, 14, 5], [15, 2, 16, 3]]"
12a_0307_17,"[[15, 2, 16, 3], [17, 1, 18, 24], [19, 23, 20, 22], [21, 11, 22, 10], [23, 19, 24, 18], [1, 8, 2, 9], [3, 7, 4, 6], [5, 12, 6, 13], [7, 16, 8, 17], [9, 21, 10, 20], [11, 15, 12, 14], [13, 4, 14, 5]]"
12a_0307_18,"[[13, 4, 14, 5], [15, 2, 16, 3], [17, 1, 18, 24], [19, 23, 20, 22], [21, 11, 22, 10], [23, 19, 24, 18], [1, 8, 2, 9], [3, 7, 4, 6], [5, 12, 6, 13], [7, 16, 8, 17], [9, 21, 10, 20], [11, 15, 12, 14]]"
12a_0307_19,"[[11, 15, 12, 14], [13, 4, 14, 5], [15, 2, 16, 3], [17, 1, 18, 24], [19, 23, 20, 22], [21, 11, 22, 10], [23, 19, 24, 18], [1, 8, 2, 9], [3, 7, 4, 6], [5, 12, 6, 13], [7, 16, 8, 17], [9, 21, 10, 20]]"
12a_0307_20,"[[9, 21, 10, 20], [11, 15, 12, 14], [13, 4, 14, 5], [15, 2, 16, 3], [17, 1, 18, 24], [19, 23, 20, 22], [21, 11, 22, 10], [23, 19, 24, 18], [1, 8, 2, 9], [3, 7, 4, 6], [5, 12, 6, 13], [7, 16, 8, 17]]"
12a_0307_21,"[[7, 16, 8, 17], [9, 21, 10, 20], [11, 15, 12, 14], [13, 4, 14, 5], [15, 2, 16, 3], [17, 1, 18, 24], [19, 23, 20, 22], [21, 11, 22, 10], [23, 19, 24, 18], [1, 8, 2, 9], [3, 7, 4, 6], [5, 12, 6, 13]]"
12a_0307_22,"[[5, 12, 6, 13], [7, 16, 8, 17], [9, 21, 10, 20], [11, 15, 12, 14], [13, 4, 14, 5], [15, 2, 16, 3], [17, 1, 18, 24], [19, 23, 20, 22], [21, 11, 22, 10], [23, 19, 24, 18], [1, 8, 2, 9], [3, 7, 4, 6]]"
12a_0307_23,"[[3, 7, 4, 6], [5, 12, 6, 13], [7, 16, 8, 17], [9, 21, 10, 20], [11, 15, 12, 14], [13, 4, 14, 5], [15, 2, 16, 3], [17, 1, 18, 24], [19, 23, 20, 22], [21, 11, 22, 10], [23, 19, 24, 18], [1, 8, 2, 9]]"
12a_0307_24,"[[2, 9, 3, 10], [4, 8, 5, 7], [6, 13, 7, 14], [8, 17, 9, 18], [10, 22, 11, 21], [12, 16, 13, 15], [14, 5, 15, 6], [16, 3, 17, 4], [18, 2, 19, 1], [20, 24, 21, 23], [22, 12, 23, 11], [24, 20, 1, 19]]"
12a_0307_25,"[[24, 20, 1, 19], [2, 9, 3, 10], [4, 8, 5, 7], [6, 13, 7, 14], [8, 17, 9, 18], [10, 22, 11, 21], [12, 16, 13, 15], [14, 5, 15, 6], [16, 3, 17, 4], [18, 2, 19, 1], [20, 24, 21, 23], [22, 12, 23, 11]]"
12a_0307_26,"[[22, 12, 23, 11], [24, 20, 1, 19], [2, 9, 3, 10], [4, 8, 5, 7], [6, 13, 7, 14], [8, 17, 9, 18], [10, 22, 11, 21], [12, 16, 13, 15], [14, 5, 15, 6], [16, 3, 17, 4], [18, 2, 19, 1], [20, 24, 21, 23]]"
12a_0307_27,"[[20, 24, 21, 23], [22, 12, 23, 11], [24, 20, 1, 19], [2, 9, 3, 10], [4, 8, 5, 7], [6, 13, 7, 14], [8, 17, 9, 18], [10, 22, 11, 21], [12, 16, 13, 15], [14, 5, 15, 6], [16, 3, 17, 4], [18, 2, 19, 1]]"
12a_0307_28,"[[18, 2, 19, 1], [20, 24, 21, 23], [22, 12, 23, 11], [24, 20, 1, 19], [2, 9, 3, 10], [4, 8, 5, 7], [6, 13, 7, 14], [8, 17, 9, 18], [10, 22, 11, 21], [12, 16, 13, 15], [14, 5, 15, 6], [16, 3, 17, 4]]"
12a_0307_29,"[[16, 3, 17, 4], [18, 2, 19, 1], [20, 24, 21, 23], [22, 12, 23, 11], [24, 20, 1, 19], [2, 9, 3, 10], [4, 8, 5, 7], [6, 13, 7, 14], [8, 17, 9, 18], [10, 22, 11, 21], [12, 16, 13, 15], [14, 5, 15, 6]]"
12a_0307_30,"[[14, 5, 15, 6], [16, 3, 17, 4], [18, 2, 19, 1], [20, 24, 21, 23], [22, 12, 23, 11], [24, 20, 1, 19], [2, 9, 3, 10], [4, 8, 5, 7], [6, 13, 7, 14], [8, 17, 9, 18], [10, 22, 11, 21], [12, 16, 13, 15]]"
12a_0307_31,"[[12, 16, 13, 15], [14, 5, 15, 6], [16, 3, 17, 4], [18, 2, 19, 1], [20, 24, 21, 23], [22, 12, 23, 11], [24, 20, 1, 19], [2, 9, 3, 10], [4, 8, 5, 7], [6, 13, 7, 14], [8, 17, 9, 18], [10, 22, 11, 21]]"
12a_0307_32,"[[10, 22, 11, 21], [12, 16, 13, 15], [14, 5, 15, 6], [16, 3, 17, 4], [18, 2, 19, 1], [20, 24, 21, 23], [22, 12, 23, 11], [24, 20, 1, 19], [2, 9, 3, 10], [4, 8, 5, 7], [6, 13, 7, 14], [8, 17, 9, 18]]"
12a_0307_33,"[[8, 17, 9, 18], [10, 22, 11, 21], [12, 16, 13, 15], [14, 5, 15, 6], [16, 3, 17, 4], [18, 2, 19, 1], [20, 24, 21, 23], [22, 12, 23, 11], [24, 20, 1, 19], [2, 9, 3, 10], [4, 8, 5, 7], [6, 13, 7, 14]]"
12a_0307_34,"[[6, 13, 7, 14], [8, 17, 9, 18], [10, 22, 11, 21], [12, 16, 13, 15], [14, 5, 15, 6], [16, 3, 17, 4], [18, 2, 19, 1], [20, 24, 21, 23], [22, 12, 23, 11], [24, 20, 1, 19], [2, 9, 3, 10], [4, 8, 5, 7]]"
12a_0307_35,"[[4, 8, 5, 7], [6, 13, 7, 14], [8, 17, 9, 18], [10, 22, 11, 21], [12, 16, 13, 15], [14, 5, 15, 6], [16, 3, 17, 4], [18, 2, 19, 1], [20, 24, 21, 23], [22, 12, 23, 11], [24, 20, 1, 19], [2, 9, 3, 10]]"
12a_0307_36,"[[3, 10, 4, 11], [5, 9, 6, 8], [7, 14, 8, 15], [9, 18, 10, 19], [11, 23, 12, 22], [13, 17, 14, 16], [15, 6, 16, 7], [17, 4, 18, 5], [19, 3, 20, 2], [21, 1, 22, 24], [23, 13, 24, 12], [1, 21, 2, 20]]"
12a_0307_37,"[[1, 21, 2, 20], [3, 10, 4, 11], [5, 9, 6, 8], [7, 14, 8, 15], [9, 18, 10, 19], [11, 23, 12, 22], [13, 17, 14, 16], [15, 6, 16, 7], [17, 4, 18, 5], [19, 3, 20, 2], [21, 1, 22, 24], [23, 13, 24, 12]]"
12a_0307_38,"[[23, 13, 24, 12], [1, 21, 2, 20], [3, 10, 4, 11], [5, 9, 6, 8], [7, 14, 8, 15], [9, 18, 10, 19], [11, 23, 12, 22], [13, 17, 14, 16], [15, 6, 16, 7], [17, 4, 18, 5], [19, 3, 20, 2], [21, 1, 22, 24]]"
12a_0307_39,"[[21, 1, 22, 24], [23, 13, 24, 12], [1, 21, 2, 20], [3, 10, 4, 11], [5, 9, 6, 8], [7, 14, 8, 15], [9, 18, 10, 19], [11, 23, 12, 22], [13, 17, 14, 16], [15, 6, 16, 7], [17, 4, 18, 5], [19, 3, 20, 2]]"
12a_0307_40,"[[19, 3, 20, 2], [21, 1, 22, 24], [23, 13, 24, 12], [1, 21, 2, 20], [3, 10, 4, 11], [5, 9, 6, 8], [7, 14, 8, 15], [9, 18, 10, 19], [11, 23, 12, 22], [13, 17, 14, 16], [15, 6, 16, 7], [17, 4, 18, 5]]"
12a_0307_41,"[[17, 4, 18, 5], [19, 3, 20, 2], [21, 1, 22, 24], [23, 13, 24, 12], [1, 21, 2, 20], [3, 10, 4, 11], [5, 9, 6, 8], [7, 14, 8, 15], [9, 18, 10, 19], [11, 23, 12, 22], [13, 17, 14, 16], [15, 6, 16, 7]]"
12a_0307_42,"[[15, 6, 16, 7], [17, 4, 18, 5], [19, 3, 20, 2], [21, 1, 22, 24], [23, 13, 24, 12], [1, 21, 2, 20], [3, 10, 4, 11], [5, 9, 6, 8], [7, 14, 8, 15], [9, 18, 10, 19], [11, 23, 12, 22], [13, 17, 14, 16]]"
12a_0307_43,"[[13, 17, 14, 16], [15, 6, 16, 7], [17, 4, 18, 5], [19, 3, 20, 2], [21, 1, 22, 24], [23, 13, 24, 12], [1, 21, 2, 20], [3, 10, 4, 11], [5, 9, 6, 8], [7, 14, 8, 15], [9, 18, 10, 19], [11, 23, 12, 22]]"
12a_0307_44,"[[11, 23, 12, 22], [13, 17, 14, 16], [15, 6, 16, 7], [17, 4, 18, 5], [19, 3, 20, 2], [21, 1, 22, 24], [23, 13, 24, 12], [1, 21, 2, 20], [3, 10, 4, 11], [5, 9, 6, 8], [7, 14, 8, 15], [9, 18, 10, 19]]"
12a_0307_45,"[[9, 18, 10, 19], [11, 23, 12, 22], [13, 17, 14, 16], [15, 6, 16, 7], [17, 4, 18, 5], [19, 3, 20, 2], [21, 1, 22, 24], [23, 13, 24, 12], [1, 21, 2, 20], [3, 10, 4, 11], [5, 9, 6, 8], [7, 14, 8, 15]]"
12a_0307_46,"[[7, 14, 8, 15], [9, 18, 10, 19], [11, 23, 12, 22], [13, 17, 14, 16], [15, 6, 16, 7], [17, 4, 18, 5], [19, 3, 20, 2], [21, 1, 22, 24], [23, 13, 24, 12], [1, 21, 2, 20], [3, 10, 4, 11], [5, 9, 6, 8]]"
12a_0307_47,"[[5, 9, 6, 8], [7, 14, 8, 15], [9, 18, 10, 19], [11, 23, 12, 22], [13, 17, 14, 16], [15, 6, 16, 7], [17, 4, 18, 5], [19, 3, 20, 2], [21, 1, 22, 24], [23, 13, 24, 12], [1, 21, 2, 20], [3, 10, 4, 11]]"
12a_0307_48,"[[4, 11, 5, 12], [6, 10, 7, 9], [8, 15, 9, 16], [10, 19, 11, 20], [12, 24, 13, 23], [14, 18, 15, 17], [16, 7, 17, 8], [18, 5, 19, 6], [20, 4, 21, 3], [22, 2, 23, 1], [24, 14, 1, 13], [2, 22, 3, 21]]"
12a_0307_49,"[[2, 22, 3, 21], [4, 11, 5, 12], [6, 10, 7, 9], [8, 15, 9, 16], [10, 19, 11, 20], [12, 24, 13, 23], [14, 18, 15, 17], [16, 7, 17, 8], [18, 5, 19, 6], [20, 4, 21, 3], [22, 2, 23, 1], [24, 14, 1, 13]]"
12a_0307_50,"[[24, 14, 1, 13], [2, 22, 3, 21], [4, 11, 5, 12], [6, 10, 7, 9], [8, 15, 9, 16], [10, 19, 11, 20], [12, 24, 13, 23], [14, 18, 15, 17], [16, 7, 17, 8], [18, 5, 19, 6], [20, 4, 21, 3], [22, 2, 23, 1]]"
12a_0307_51,"[[22, 2, 23, 1], [24, 14, 1, 13], [2, 22, 3, 21], [4, 11, 5, 12], [6, 10, 7, 9], [8, 15, 9, 16], [10, 19, 11, 20], [12, 24, 13, 23], [14, 18, 15, 17], [16, 7, 17, 8], [18, 5, 19, 6], [20, 4, 21, 3]]"
12a_0307_52,"[[20, 4, 21, 3], [22, 2, 23, 1], [24, 14, 1, 13], [2, 22, 3, 21], [4, 11, 5, 12], [6, 10, 7, 9], [8, 15, 9, 16], [10, 19, 11, 20], [12, 24, 13, 23], [14, 18, 15, 17], [16, 7, 17, 8], [18, 5, 19, 6]]"
12a_0307_53,"[[18, 5, 19, 6], [20, 4, 21, 3], [22, 2, 23, 1], [24, 14, 1, 13], [2, 22, 3, 21], [4, 11, 5, 12], [6, 10, 7, 9], [8, 15, 9, 16], [10, 19, 11, 20], [12, 24, 13, 23], [14, 18, 15, 17], [16, 7, 17, 8]]"
12a_0307_54,"[[16, 7, 17, 8], [18, 5, 19, 6], [20, 4, 21, 3], [22, 2, 23, 1], [24, 14, 1, 13], [2, 22, 3, 21], [4, 11, 5, 12], [6, 10, 7, 9], [8, 15, 9, 16], [10, 19, 11, 20], [12, 24, 13, 23], [14, 18, 15, 17]]"
12a_0307_55,"[[14, 18, 15, 17], [16, 7, 17, 8], [18, 5, 19, 6], [20, 4, 21, 3], [22, 2, 23, 1], [24, 14, 1, 13], [2, 22, 3, 21], [4, 11, 5, 12], [6, 10, 7, 9], [8, 15, 9, 16], [10, 19, 11, 20], [12, 24, 13, 23]]"
12a_0307_56,"[[12, 24, 13, 23], [14, 18, 15, 17], [16, 7, 17, 8], [18, 5, 19, 6], [20, 4, 21, 3], [22, 2, 23, 1], [24, 14, 1, 13], [2, 22, 3, 21], [4, 11, 5, 12], [6, 10, 7, 9], [8, 15, 9, 16], [10, 19, 11, 20]]"
12a_0307_57,"[[10, 19, 11, 20], [12, 24, 13, 23], [14, 18, 15, 17], [16, 7, 17, 8], [18, 5, 19, 6], [20, 4, 21, 3], [22, 2, 23, 1], [24, 14, 1, 13], [2, 22, 3, 21], [4, 11, 5, 12], [6, 10, 7, 9], [8, 15, 9, 16]]"
12a_0307_58,"[[8, 15, 9, 16], [10, 19, 11, 20], [12, 24, 13, 23], [14, 18, 15, 17], [16, 7, 17, 8], [18, 5, 19, 6], [20, 4, 21, 3], [22, 2, 23, 1], [24, 14, 1, 13], [2, 22, 3, 21], [4, 11, 5, 12], [6, 10, 7, 9]]"
12a_0307_59,"[[6, 10, 7, 9], [8, 15, 9, 16], [10, 19, 11, 20], [12, 24, 13, 23], [14, 18, 15, 17], [16, 7, 17, 8], [18, 5, 19, 6], [20, 4, 21, 3], [22, 2, 23, 1], [24, 14, 1, 13], [2, 22, 3, 21], [4, 11, 5, 12]]"
12a_0307_60,"[[5, 12, 6, 13], [7, 11, 8, 10], [9, 16, 10, 17], [11, 20, 12, 21], [13, 1, 14, 24], [15, 19, 16, 18], [17, 8, 18, 9], [19, 6, 20, 7], [21, 5, 22, 4], [23, 3, 24, 2], [1, 15, 2, 14], [3, 23, 4, 22]]"
12a_0307_61,"[[3, 23, 4, 22], [5, 12, 6, 13], [7, 11, 8, 10], [9, 16, 10, 17], [11, 20, 12, 21], [13, 1, 14, 24], [15, 19, 16, 18], [17, 8, 18, 9], [19, 6, 20, 7], [21, 5, 22, 4], [23, 3, 24, 2], [1, 15, 2, 14]]"
12a_0307_62,"[[1, 15, 2, 14], [3, 23, 4, 22], [5, 12, 6, 13], [7, 11, 8, 10], [9, 16, 10, 17], [11, 20, 12, 21], [13, 1, 14, 24], [15, 19, 16, 18], [17, 8, 18, 9], [19, 6, 20, 7], [21, 5, 22, 4], [23, 3, 24, 2]]"
12a_0307_63,"[[23, 3, 24, 2], [1, 15, 2, 14], [3, 23, 4, 22], [5, 12, 6, 13], [7, 11, 8, 10], [9, 16, 10, 17], [11, 20, 12, 21], [13, 1, 14, 24], [15, 19, 16, 18], [17, 8, 18, 9], [19, 6, 20, 7], [21, 5, 22, 4]]"
12a_0307_64,"[[21, 5, 22, 4], [23, 3, 24, 2], [1, 15, 2, 14], [3, 23, 4, 22], [5, 12, 6, 13], [7, 11, 8, 10], [9, 16, 10, 17], [11, 20, 12, 21], [13, 1, 14, 24], [15, 19, 16, 18], [17, 8, 18, 9], [19, 6, 20, 7]]"
12a_0307_65,"[[19, 6, 20, 7], [21, 5, 22, 4], [23, 3, 24, 2], [1, 15, 2, 14], [3, 23, 4, 22], [5, 12, 6, 13], [7, 11, 8, 10], [9, 16, 10, 17], [11, 20, 12, 21], [13, 1, 14, 24], [15, 19, 16, 18], [17, 8, 18, 9]]"
12a_0307_66,"[[17, 8, 18, 9], [19, 6, 20, 7], [21, 5, 22, 4], [23, 3, 24, 2], [1, 15, 2, 14], [3, 23, 4, 22], [5, 12, 6, 13], [7, 11, 8, 10], [9, 16, 10, 17], [11, 20, 12, 21], [13, 1, 14, 24], [15, 19, 16, 18]]"
12a_0307_67,"[[15, 19, 16, 18], [17, 8, 18, 9], [19, 6, 20, 7], [21, 5, 22, 4], [23, 3, 24, 2], [1, 15, 2, 14], [3, 23, 4, 22], [5, 12, 6, 13], [7, 11, 8, 10], [9, 16, 10, 17], [11, 20, 12, 21], [13, 1, 14, 24]]"
12a_0307_68,"[[13, 1, 14, 24], [15, 19, 16, 18], [17, 8, 18, 9], [19, 6, 20, 7], [21, 5, 22, 4], [23, 3, 24, 2], [1, 15, 2, 14], [3, 23, 4, 22], [5, 12, 6, 13], [7, 11, 8, 10], [9, 16, 10, 17], [11, 20, 12, 21]]"
12a_0307_69,"[[11, 20, 12, 21], [13, 1, 14, 24], [15, 19, 16, 18], [17, 8, 18, 9], [19, 6, 20, 7], [21, 5, 22, 4], [23, 3, 24, 2], [1, 15, 2, 14], [3, 23, 4, 22], [5, 12, 6, 13], [7, 11, 8, 10], [9, 16, 10, 17]]"
12a_0307_70,"[[9, 16, 10, 17], [11, 20, 12, 21], [13, 1, 14, 24], [15, 19, 16, 18], [17, 8, 18, 9], [19, 6, 20, 7], [21, 5, 22, 4], [23, 3, 24, 2], [1, 15, 2, 14], [3, 23, 4, 22], [5, 12, 6, 13], [7, 11, 8, 10]]"
12a_0307_71,"[[7, 11, 8, 10], [9, 16, 10, 17], [11, 20, 12, 21], [13, 1, 14, 24], [15, 19, 16, 18], [17, 8, 18, 9], [19, 6, 20, 7], [21, 5, 22, 4], [23, 3, 24, 2], [1, 15, 2, 14], [3, 23, 4, 22], [5, 12, 6, 13]]"
12a_0307_72,"[[6, 13, 7, 14], [8, 12, 9, 11], [10, 17, 11, 18], [12, 21, 13, 22], [14, 2, 15, 1], [16, 20, 17, 19], [18, 9, 19, 10], [20, 7, 21, 8], [22, 6, 23, 5], [24, 4, 1, 3], [2, 16, 3, 15], [4, 24, 5, 23]]"
12a_0307_73,"[[4, 24, 5, 23], [6, 13, 7, 14], [8, 12, 9, 11], [10, 17, 11, 18], [12, 21, 13, 22], [14, 2, 15, 1], [16, 20, 17, 19], [18, 9, 19, 10], [20, 7, 21, 8], [22, 6, 23, 5], [24, 4, 1, 3], [2, 16, 3, 15]]"
12a_0307_74,"[[2, 16, 3, 15], [4, 24, 5, 23], [6, 13, 7, 14], [8, 12, 9, 11], [10, 17, 11, 18], [12, 21, 13, 22], [14, 2, 15, 1], [16, 20, 17, 19], [18, 9, 19, 10], [20, 7, 21, 8], [22, 6, 23, 5], [24, 4, 1, 3]]"
12a_0307_75,"[[24, 4, 1, 3], [2, 16, 3, 15], [4, 24, 5, 23], [6, 13, 7, 14], [8, 12, 9, 11], [10, 17, 11, 18], [12, 21, 13, 22], [14, 2, 15, 1], [16, 20, 17, 19], [18, 9, 19, 10], [20, 7, 21, 8], [22, 6, 23, 5]]"
12a_0307_76,"[[22, 6, 23, 5], [24, 4, 1, 3], [2, 16, 3, 15], [4, 24, 5, 23], [6, 13, 7, 14], [8, 12, 9, 11], [10, 17, 11, 18], [12, 21, 13, 22], [14, 2, 15, 1], [16, 20, 17, 19], [18, 9, 19, 10], [20, 7, 21, 8]]"
12a_0307_77,"[[20, 7, 21, 8], [22, 6, 23, 5], [24, 4, 1, 3], [2, 16, 3, 15], [4, 24, 5, 23], [6, 13, 7, 14], [8, 12, 9, 11], [10, 17, 11, 18], [12, 21, 13, 22], [14, 2, 15, 1], [16, 20, 17, 19], [18, 9, 19, 10]]"
12a_0307_78,"[[18, 9, 19, 10], [20, 7, 21, 8], [22, 6, 23, 5], [24, 4, 1, 3], [2, 16, 3, 15], [4, 24, 5, 23], [6, 13, 7, 14], [8, 12, 9, 11], [10, 17, 11, 18], [12, 21, 13, 22], [14, 2, 15, 1], [16, 20, 17, 19]]"
12a_0307_79,"[[16, 20, 17, 19], [18, 9, 19, 10], [20, 7, 21, 8], [22, 6, 23, 5], [24, 4, 1, 3], [2, 16, 3, 15], [4, 24, 5, 23], [6, 13, 7, 14], [8, 12, 9, 11], [10, 17, 11, 18], [12, 21, 13, 22], [14, 2, 15, 1]]"
12a_0307_80,"[[14, 2, 15, 1], [16, 20, 17, 19], [18, 9, 19, 10], [20, 7, 21, 8], [22, 6, 23, 5], [24, 4, 1, 3], [2, 16, 3, 15], [4, 24, 5, 23], [6, 13, 7, 14], [8, 12, 9, 11], [10, 17, 11, 18], [12, 21, 13, 22]]"
12a_0307_81,"[[12, 21, 13, 22], [14, 2, 15, 1], [16, 20, 17, 19], [18, 9, 19, 10], [20, 7, 21, 8], [22, 6, 23, 5], [24, 4, 1, 3], [2, 16, 3, 15], [4, 24, 5, 23], [6, 13, 7, 14], [8, 12, 9, 11], [10, 17, 11, 18]]"
12a_0307_82,"[[10, 17, 11, 18], [12, 21, 13, 22], [14, 2, 15, 1], [16, 20, 17, 19], [18, 9, 19, 10], [20, 7, 21, 8], [22, 6, 23, 5], [24, 4, 1, 3], [2, 16, 3, 15], [4, 24, 5, 23], [6, 13, 7, 14], [8, 12, 9, 11]]"
12a_0307_83,"[[8, 12, 9, 11], [10, 17, 11, 18], [12, 21, 13, 22], [14, 2, 15, 1], [16, 20, 17, 19], [18, 9, 19, 10], [20, 7, 21, 8], [22, 6, 23, 5], [24, 4, 1, 3], [2, 16, 3, 15], [4, 24, 5, 23], [6, 13, 7, 14]]"
12a_0307_84,"[[7, 14, 8, 15], [9, 13, 10, 12], [11, 18, 12, 19], [13, 22, 14, 23], [15, 3, 16, 2], [17, 21, 18, 20], [19, 10, 20, 11], [21, 8, 22, 9], [23, 7, 24, 6], [1, 5, 2, 4], [3, 17, 4, 16], [5, 1, 6, 24]]"
12a_0307_85,"[[5, 1, 6, 24], [7, 14, 8, 15], [9, 13, 10, 12], [11, 18, 12, 19], [13, 22, 14, 23], [15, 3, 16, 2], [17, 21, 18, 20], [19, 10, 20, 11], [21, 8, 22, 9], [23, 7, 24, 6], [1, 5, 2, 4], [3, 17, 4, 16]]"
12a_0307_86,"[[3, 17, 4, 16], [5, 1, 6, 24], [7, 14, 8, 15], [9, 13, 10, 12], [11, 18, 12, 19], [13, 22, 14, 23], [15, 3, 16, 2], [17, 21, 18, 20], [19, 10, 20, 11], [21, 8, 22, 9], [23, 7, 24, 6], [1, 5, 2, 4]]"
12a_0307_87,"[[1, 5, 2, 4], [3, 17, 4, 16], [5, 1, 6, 24], [7, 14, 8, 15], [9, 13, 10, 12], [11, 18, 12, 19], [13, 22, 14, 23], [15, 3, 16, 2], [17, 21, 18, 20], [19, 10, 20, 11], [21, 8, 22, 9], [23, 7, 24, 6]]"
12a_0307_88,"[[23, 7, 24, 6], [1, 5, 2, 4], [3, 17, 4, 16], [5, 1, 6, 24], [7, 14, 8, 15], [9, 13, 10, 12], [11, 18, 12, 19], [13, 22, 14, 23], [15, 3, 16, 2], [17, 21, 18, 20], [19, 10, 20, 11], [21, 8, 22, 9]]"
12a_0307_89,"[[21, 8, 22, 9], [23, 7, 24, 6], [1, 5, 2, 4], [3, 17, 4, 16], [5, 1, 6, 24], [7, 14, 8, 15], [9, 13, 10, 12], [11, 18, 12, 19], [13, 22, 14, 23], [15, 3, 16, 2], [17, 21, 18, 20], [19, 10, 20, 11]]"
12a_0307_90,"[[19, 10, 20, 11], [21, 8, 22, 9], [23, 7, 24, 6], [1, 5, 2, 4], [3, 17, 4, 16], [5, 1, 6, 24], [7, 14, 8, 15], [9, 13, 10, 12], [11, 18, 12, 19], [13, 22, 14, 23], [15, 3, 16, 2], [17, 21, 18, 20]]"
12a_0307_91,"[[17, 21, 18, 20], [19, 10, 20, 11], [21, 8, 22, 9], [23, 7, 24, 6], [1, 5, 2, 4], [3, 17, 4, 16], [5, 1, 6, 24], [7, 14, 8, 15], [9, 13, 10, 12], [11, 18, 12, 19], [13, 22, 14, 23], [15, 3, 16, 2]]"
12a_0307_92,"[[15, 3, 16, 2], [17, 21, 18, 20], [19, 10, 20, 11], [21, 8, 22, 9], [23, 7, 24, 6], [1, 5, 2, 4], [3, 17, 4, 16], [5, 1, 6, 24], [7, 14, 8, 15], [9, 13, 10, 12], [11, 18, 12, 19], [13, 22, 14, 23]]"
12a_0307_93,"[[13, 22, 14, 23], [15, 3, 16, 2], [17, 21, 18, 20], [19, 10, 20, 11], [21, 8, 22, 9], [23, 7, 24, 6], [1, 5, 2, 4], [3, 17, 4, 16], [5, 1, 6, 24], [7, 14, 8, 15], [9, 13, 10, 12], [11, 18, 12, 19]]"
12a_0307_94,"[[11, 18, 12, 19], [13, 22, 14, 23], [15, 3, 16, 2], [17, 21, 18, 20], [19, 10, 20, 11], [21, 8, 22, 9], [23, 7, 24, 6], [1, 5, 2, 4], [3, 17, 4, 16], [5, 1, 6, 24], [7, 14, 8, 15], [9, 13, 10, 12]]"
12a_0307_95,"[[9, 13, 10, 12], [11, 18, 12, 19], [13, 22, 14, 23], [15, 3, 16, 2], [17, 21, 18, 20], [19, 10, 20, 11], [21, 8, 22, 9], [23, 7, 24, 6], [1, 5, 2, 4], [3, 17, 4, 16], [5, 1, 6, 24], [7, 14, 8, 15]]"
12a_0307_96,"[[8, 15, 9, 16], [10, 14, 11, 13], [12, 19, 13, 20], [14, 23, 15, 24], [16, 4, 17, 3], [18, 22, 19, 21], [20, 11, 21, 12], [22, 9, 23, 10], [24, 8, 1, 7], [2, 6, 3, 5], [4, 18, 5, 17], [6, 2, 7, 1]]"
12a_0307_97,"[[6, 2, 7, 1], [8, 15, 9, 16], [10, 14, 11, 13], [12, 19, 13, 20], [14, 23, 15, 24], [16, 4, 17, 3], [18, 22, 19, 21], [20, 11, 21, 12], [22, 9, 23, 10], [24, 8, 1, 7], [2, 6, 3, 5], [4, 18, 5, 17]]"
12a_0307_98,"[[4, 18, 5, 17], [6, 2, 7, 1], [8, 15, 9, 16], [10, 14, 11, 13], [12, 19, 13, 20], [14, 23, 15, 24], [16, 4, 17, 3], [18, 22, 19, 21], [20, 11, 21, 12], [22, 9, 23, 10], [24, 8, 1, 7], [2, 6, 3, 5]]"
12a_0307_99,"[[2, 6, 3, 5], [4, 18, 5, 17], [6, 2, 7, 1], [8, 15, 9, 16], [10, 14, 11, 13], [12, 19, 13, 20], [14, 23, 15, 24], [16, 4, 17, 3], [18, 22, 19, 21], [20, 11, 21, 12], [22, 9, 23, 10], [24, 8, 1, 7]]"
12a_0307_100,"[[24, 8, 1, 7], [2, 6, 3, 5], [4, 18, 5, 17], [6, 2, 7, 1], [8, 15, 9, 16], [10, 14, 11, 13], [12, 19, 13, 20], [14, 23, 15, 24], [16, 4, 17, 3], [18, 22, 19, 21], [20, 11, 21, 12], [22, 9, 23, 10]]"
12a_0307_101,"[[22, 9, 23, 10], [24, 8, 1, 7], [2, 6, 3, 5], [4, 18, 5, 17], [6, 2, 7, 1], [8, 15, 9, 16], [10, 14, 11, 13], [12, 19, 13, 20], [14, 23, 15, 24], [16, 4, 17, 3], [18, 22, 19, 21], [20, 11, 21, 12]]"
12a_0307_102,"[[20, 11, 21, 12], [22, 9, 23, 10], [24, 8, 1, 7], [2, 6, 3, 5], [4, 18, 5, 17], [6, 2, 7, 1], [8, 15, 9, 16], [10, 14, 11, 13], [12, 19, 13, 20], [14, 23, 15, 24], [16, 4, 17, 3], [18, 22, 19, 21]]"
12a_0307_103,"[[18, 22, 19, 21], [20, 11, 21, 12], [22, 9, 23, 10], [24, 8, 1, 7], [2, 6, 3, 5], [4, 18, 5, 17], [6, 2, 7, 1], [8, 15, 9, 16], [10, 14, 11, 13], [12, 19, 13, 20], [14, 23, 15, 24], [16, 4, 17, 3]]"
12a_0307_104,"[[16, 4, 17, 3], [18, 22, 19, 21], [20, 11, 21, 12], [22, 9, 23, 10], [24, 8, 1, 7], [2, 6, 3, 5], [4, 18, 5, 17], [6, 2, 7, 1], [8, 15, 9, 16], [10, 14, 11, 13], [12, 19, 13, 20], [14, 23, 15, 24]]"
12a_0307_105,"[[14, 23, 15, 24], [16, 4, 17, 3], [18, 22, 19, 21], [20, 11, 21, 12], [22, 9, 23, 10], [24, 8, 1, 7], [2, 6, 3, 5], [4, 18, 5, 17], [6, 2, 7, 1], [8, 15, 9, 16], [10, 14, 11, 13], [12, 19, 13, 20]]"
12a_0307_106,"[[12, 19, 13, 20], [14, 23, 15, 24], [16, 4, 17, 3], [18, 22, 19, 21], [20, 11, 21, 12], [22, 9, 23, 10], [24, 8, 1, 7], [2, 6, 3, 5], [4, 18, 5, 17], [6, 2, 7, 1], [8, 15, 9, 16], [10, 14, 11, 13]]"
12a_0307_107,"[[10, 14, 11, 13], [12, 19, 13, 20], [14, 23, 15, 24], [16, 4, 17, 3], [18, 22, 19, 21], [20, 11, 21, 12], [22, 9, 23, 10], [24, 8, 1, 7], [2, 6, 3, 5], [4, 18, 5, 17], [6, 2, 7, 1], [8, 15, 9, 16]]"
12a_0307_108,"[[9, 16, 10, 17], [11, 15, 12, 14], [13, 20, 14, 21], [15, 24, 16, 1], [17, 5, 18, 4], [19, 23, 20, 22], [21, 12, 22, 13], [23, 10, 24, 11], [1, 9, 2, 8], [3, 7, 4, 6], [5, 19, 6, 18], [7, 3, 8, 2]]"
12a_0307_109,"[[7, 3, 8, 2], [9, 16, 10, 17], [11, 15, 12, 14], [13, 20, 14, 21], [15, 24, 16, 1], [17, 5, 18, 4], [19, 23, 20, 22], [21, 12, 22, 13], [23, 10, 24, 11], [1, 9, 2, 8], [3, 7, 4, 6], [5, 19, 6, 18]]"
12a_0307_110,"[[5, 19, 6, 18], [7, 3, 8, 2], [9, 16, 10, 17], [11, 15, 12, 14], [13, 20, 14, 21], [15, 24, 16, 1], [17, 5, 18, 4], [19, 23, 20, 22], [21, 12, 22, 13], [23, 10, 24, 11], [1, 9, 2, 8], [3, 7, 4, 6]]"
12a_0307_111,"[[3, 7, 4, 6], [5, 19, 6, 18], [7, 3, 8, 2], [9, 16, 10, 17], [11, 15, 12, 14], [13, 20, 14, 21], [15, 24, 16, 1], [17, 5, 18, 4], [19, 23, 20, 22], [21, 12, 22, 13], [23, 10, 24, 11], [1, 9, 2, 8]]"
12a_0307_112,"[[1, 9, 2, 8], [3, 7, 4, 6], [5, 19, 6, 18], [7, 3, 8, 2], [9, 16, 10, 17], [11, 15, 12, 14], [13, 20, 14, 21], [15, 24, 16, 1], [17, 5, 18, 4], [19, 23, 20, 22], [21, 12, 22, 13], [23, 10, 24, 11]]"
12a_0307_113,"[[23, 10, 24, 11], [1, 9, 2, 8], [3, 7, 4, 6], [5, 19, 6, 18], [7, 3, 8, 2], [9, 16, 10, 17], [11, 15, 12, 14], [13, 20, 14, 21], [15, 24, 16, 1], [17, 5, 18, 4], [19, 23, 20, 22], [21, 12, 22, 13]]"
12a_0307_114,"[[21, 12, 22, 13], [23, 10, 24, 11], [1, 9, 2, 8], [3, 7, 4, 6], [5, 19, 6, 18], [7, 3, 8, 2], [9, 16, 10, 17], [11, 15, 12, 14], [13, 20, 14, 21], [15, 24, 16, 1], [17, 5, 18, 4], [19, 23, 20, 22]]"
12a_0307_115,"[[19, 23, 20, 22], [21, 12, 22, 13], [23, 10, 24, 11], [1, 9, 2, 8], [3, 7, 4, 6], [5, 19, 6, 18], [7, 3, 8, 2], [9, 16, 10, 17], [11, 15, 12, 14], [13, 20, 14, 21], [15, 24, 16, 1], [17, 5, 18, 4]]"
12a_0307_116,"[[17, 5, 18, 4], [19, 23, 20, 22], [21, 12, 22, 13], [23, 10, 24, 11], [1, 9, 2, 8], [3, 7, 4, 6], [5, 19, 6, 18], [7, 3, 8, 2], [9, 16, 10, 17], [11, 15, 12, 14], [13, 20, 14, 21], [15, 24, 16, 1]]"
12a_0307_117,"[[15, 24, 16, 1], [17, 5, 18, 4], [19, 23, 20, 22], [21, 12, 22, 13], [23, 10, 24, 11], [1, 9, 2, 8], [3, 7, 4, 6], [5, 19, 6, 18], [7, 3, 8, 2], [9, 16, 10, 17], [11, 15, 12, 14], [13, 20, 14, 21]]"
12a_0307_118,"[[13, 20, 14, 21], [15, 24, 16, 1], [17, 5, 18, 4], [19, 23, 20, 22], [21, 12, 22, 13], [23, 10, 24, 11], [1, 9, 2, 8], [3, 7, 4, 6], [5, 19, 6, 18], [7, 3, 8, 2], [9, 16, 10, 17], [11, 15, 12, 14]]"
12a_0307_119,"[[11, 15, 12, 14], [13, 20, 14, 21], [15, 24, 16, 1], [17, 5, 18, 4], [19, 23, 20, 22], [21, 12, 22, 13], [23, 10, 24, 11], [1, 9, 2, 8], [3, 7, 4, 6], [5, 19, 6, 18], [7, 3, 8, 2], [9, 16, 10, 17]]"
12a_0307_120,"[[10, 17, 11, 18], [12, 16, 13, 15], [14, 21, 15, 22], [16, 1, 17, 2], [18, 6, 19, 5], [20, 24, 21, 23], [22, 13, 23, 14], [24, 11, 1, 12], [2, 10, 3, 9], [4, 8, 5, 7], [6, 20, 7, 19], [8, 4, 9, 3]]"
12a_0307_121,"[[8, 4, 9, 3], [10, 17, 11, 18], [12, 16, 13, 15], [14, 21, 15, 22], [16, 1, 17, 2], [18, 6, 19, 5], [20, 24, 21, 23], [22, 13, 23, 14], [24, 11, 1, 12], [2, 10, 3, 9], [4, 8, 5, 7], [6, 20, 7, 19]]"
12a_0307_122,"[[6, 20, 7, 19], [8, 4, 9, 3], [10, 17, 11, 18], [12, 16, 13, 15], [14, 21, 15, 22], [16, 1, 17, 2], [18, 6, 19, 5], [20, 24, 21, 23], [22, 13, 23, 14], [24, 11, 1, 12], [2, 10, 3, 9], [4, 8, 5, 7]]"
12a_0307_123,"[[4, 8, 5, 7], [6, 20, 7, 19], [8, 4, 9, 3], [10, 17, 11, 18], [12, 16, 13, 15], [14, 21, 15, 22], [16, 1, 17, 2], [18, 6, 19, 5], [20, 24, 21, 23], [22, 13, 23, 14], [24, 11, 1, 12], [2, 10, 3, 9]]"
12a_0307_124,"[[2, 10, 3, 9], [4, 8, 5, 7], [6, 20, 7, 19], [8, 4, 9, 3], [10, 17, 11, 18], [12, 16, 13, 15], [14, 21, 15, 22], [16, 1, 17, 2], [18, 6, 19, 5], [20, 24, 21, 23], [22, 13, 23, 14], [24, 11, 1, 12]]"
12a_0307_125,"[[24, 11, 1, 12], [2, 10, 3, 9], [4, 8, 5, 7], [6, 20, 7, 19], [8, 4, 9, 3], [10, 17, 11, 18], [12, 16, 13, 15], [14, 21, 15, 22], [16, 1, 17, 2], [18, 6, 19, 5], [20, 24, 21, 23], [22, 13, 23, 14]]"
12a_0307_126,"[[22, 13, 23, 14], [24, 11, 1, 12], [2, 10, 3, 9], [4, 8, 5, 7], [6, 20, 7, 19], [8, 4, 9, 3], [10, 17, 11, 18], [12, 16, 13, 15], [14, 21, 15, 22], [16, 1, 17, 2], [18, 6, 19, 5], [20, 24, 21, 23]]"
12a_0307_127,"[[20, 24, 21, 23], [22, 13, 23, 14], [24, 11, 1, 12], [2, 10, 3, 9], [4, 8, 5, 7], [6, 20, 7, 19], [8, 4, 9, 3], [10, 17, 11, 18], [12, 16, 13, 15], [14, 21, 15, 22], [16, 1, 17, 2], [18, 6, 19, 5]]"
12a_0307_128,"[[18, 6, 19, 5], [20, 24, 21, 23], [22, 13, 23, 14], [24, 11, 1, 12], [2, 10, 3, 9], [4, 8, 5, 7], [6, 20, 7, 19], [8, 4, 9, 3], [10, 17, 11, 18], [12, 16, 13, 15], [14, 21, 15, 22], [16, 1, 17, 2]]"
12a_0307_129,"[[16, 1, 17, 2], [18, 6, 19, 5], [20, 24, 21, 23], [22, 13, 23, 14], [24, 11, 1, 12], [2, 10, 3, 9], [4, 8, 5, 7], [6, 20, 7, 19], [8, 4, 9, 3], [10, 17, 11, 18], [12, 16, 13, 15], [14, 21, 15, 22]]"
12a_0307_130,"[[14, 21, 15, 22], [16, 1, 17, 2], [18, 6, 19, 5], [20, 24, 21, 23], [22, 13, 23, 14], [24, 11, 1, 12], [2, 10, 3, 9], [4, 8, 5, 7], [6, 20, 7, 19], [8, 4, 9, 3], [10, 17, 11, 18], [12, 16, 13, 15]]"
12a_0307_131,"[[12, 16, 13, 15], [14, 21, 15, 22], [16, 1, 17, 2], [18, 6, 19, 5], [20, 24, 21, 23], [22, 13, 23, 14], [24, 11, 1, 12], [2, 10, 3, 9], [4, 8, 5, 7], [6, 20, 7, 19], [8, 4, 9, 3], [10, 17, 11, 18]]"
12a_0307_132,"[[11, 18, 12, 19], [13, 17, 14, 16], [15, 22, 16, 23], [17, 2, 18, 3], [19, 7, 20, 6], [21, 1, 22, 24], [23, 14, 24, 15], [1, 12, 2, 13], [3, 11, 4, 10], [5, 9, 6, 8], [7, 21, 8, 20], [9, 5, 10, 4]]"
12a_0307_133,"[[9, 5, 10, 4], [11, 18, 12, 19], [13, 17, 14, 16], [15, 22, 16, 23], [17, 2, 18, 3], [19, 7, 20, 6], [21, 1, 22, 24], [23, 14, 24, 15], [1, 12, 2, 13], [3, 11, 4, 10], [5, 9, 6, 8], [7, 21, 8, 20]]"
12a_0307_134,"[[7, 21, 8, 20], [9, 5, 10, 4], [11, 18, 12, 19], [13, 17, 14, 16], [15, 22, 16, 23], [17, 2, 18, 3], [19, 7, 20, 6], [21, 1, 22, 24], [23, 14, 24, 15], [1, 12, 2, 13], [3, 11, 4, 10], [5, 9, 6, 8]]"
12a_0307_135,"[[5, 9, 6, 8], [7, 21, 8, 20], [9, 5, 10, 4], [11, 18, 12, 19], [13, 17, 14, 16], [15, 22, 16, 23], [17, 2, 18, 3], [19, 7, 20, 6], [21, 1, 22, 24], [23, 14, 24, 15], [1, 12, 2, 13], [3, 11, 4, 10]]"
12a_0307_136,"[[3, 11, 4, 10], [5, 9, 6, 8], [7, 21, 8, 20], [9, 5, 10, 4], [11, 18, 12, 19], [13, 17, 14, 16], [15, 22, 16, 23], [17, 2, 18, 3], [19, 7, 20, 6], [21, 1, 22, 24], [23, 14, 24, 15], [1, 12, 2, 13]]"
12a_0307_137,"[[1, 12, 2, 13], [3, 11, 4, 10], [5, 9, 6, 8], [7, 21, 8, 20], [9, 5, 10, 4], [11, 18, 12, 19], [13, 17, 14, 16], [15, 22, 16, 23], [17, 2, 18, 3], [19, 7, 20, 6], [21, 1, 22, 24], [23, 14, 24, 15]]"
12a_0307_138,"[[23, 14, 24, 15], [1, 12, 2, 13], [3, 11, 4, 10], [5, 9, 6, 8], [7, 21, 8, 20], [9, 5, 10, 4], [11, 18, 12, 19], [13, 17, 14, 16], [15, 22, 16, 23], [17, 2, 18, 3], [19, 7, 20, 6], [21, 1, 22, 24]]"
12a_0307_139,"[[21, 1, 22, 24], [23, 14, 24, 15], [1, 12, 2, 13], [3, 11, 4, 10], [5, 9, 6, 8], [7, 21, 8, 20], [9, 5, 10, 4], [11, 18, 12, 19], [13, 17, 14, 16], [15, 22, 16, 23], [17, 2, 18, 3], [19, 7, 20, 6]]"
12a_0307_140,"[[19, 7, 20, 6], [21, 1, 22, 24], [23, 14, 24, 15], [1, 12, 2, 13], [3, 11, 4, 10], [5, 9, 6, 8], [7, 21, 8, 20], [9, 5, 10, 4], [11, 18, 12, 19], [13, 17, 14, 16], [15, 22, 16, 23], [17, 2, 18, 3]]"
12a_0307_141,"[[17, 2, 18, 3], [19, 7, 20, 6], [21, 1, 22, 24], [23, 14, 24, 15], [1, 12, 2, 13], [3, 11, 4, 10], [5, 9, 6, 8], [7, 21, 8, 20], [9, 5, 10, 4], [11, 18, 12, 19], [13, 17, 14, 16], [15, 22, 16, 23]]"
12a_0307_142,"[[15, 22, 16, 23], [17, 2, 18, 3], [19, 7, 20, 6], [21, 1, 22, 24], [23, 14, 24, 15], [1, 12, 2, 13], [3, 11, 4, 10], [5, 9, 6, 8], [7, 21, 8, 20], [9, 5, 10, 4], [11, 18, 12, 19], [13, 17, 14, 16]]"
12a_0307_143,"[[13, 17, 14, 16], [15, 22, 16, 23], [17, 2, 18, 3], [19, 7, 20, 6], [21, 1, 22, 24], [23, 14, 24, 15], [1, 12, 2, 13], [3, 11, 4, 10], [5, 9, 6, 8], [7, 21, 8, 20], [9, 5, 10, 4], [11, 18, 12, 19]]"
12a_0307_144,"[[12, 19, 13, 20], [14, 18, 15, 17], [16, 23, 17, 24], [18, 3, 19, 4], [20, 8, 21, 7], [22, 2, 23, 1], [24, 15, 1, 16], [2, 13, 3, 14], [4, 12, 5, 11], [6, 10, 7, 9], [8, 22, 9, 21], [10, 6, 11, 5]]"
12a_0307_145,"[[10, 6, 11, 5], [12, 19, 13, 20], [14, 18, 15, 17], [16, 23, 17, 24], [18, 3, 19, 4], [20, 8, 21, 7], [22, 2, 23, 1], [24, 15, 1, 16], [2, 13, 3, 14], [4, 12, 5, 11], [6, 10, 7, 9], [8, 22, 9, 21]]"
12a_0307_146,"[[8, 22, 9, 21], [10, 6, 11, 5], [12, 19, 13, 20], [14, 18, 15, 17], [16, 23, 17, 24], [18, 3, 19, 4], [20, 8, 21, 7], [22, 2, 23, 1], [24, 15, 1, 16], [2, 13, 3, 14], [4, 12, 5, 11], [6, 10, 7, 9]]"
12a_0307_147,"[[6, 10, 7, 9], [8, 22, 9, 21], [10, 6, 11, 5], [12, 19, 13, 20], [14, 18, 15, 17], [16, 23, 17, 24], [18, 3, 19, 4], [20, 8, 21, 7], [22, 2, 23, 1], [24, 15, 1, 16], [2, 13, 3, 14], [4, 12, 5, 11]]"
12a_0307_148,"[[4, 12, 5, 11], [6, 10, 7, 9], [8, 22, 9, 21], [10, 6, 11, 5], [12, 19, 13, 20], [14, 18, 15, 17], [16, 23, 17, 24], [18, 3, 19, 4], [20, 8, 21, 7], [22, 2, 23, 1], [24, 15, 1, 16], [2, 13, 3, 14]]"
12a_0307_149,"[[2, 13, 3, 14], [4, 12, 5, 11], [6, 10, 7, 9], [8, 22, 9, 21], [10, 6, 11, 5], [12, 19, 13, 20], [14, 18, 15, 17], [16, 23, 17, 24], [18, 3, 19, 4], [20, 8, 21, 7], [22, 2, 23, 1], [24, 15, 1, 16]]"
12a_0307_150,"[[24, 15, 1, 16], [2, 13, 3, 14], [4, 12, 5, 11], [6, 10, 7, 9], [8, 22, 9, 21], [10, 6, 11, 5], [12, 19, 13, 20], [14, 18, 15, 17], [16, 23, 17, 24], [18, 3, 19, 4], [20, 8, 21, 7], [22, 2, 23, 1]]"
12a_0307_151,"[[22, 2, 23, 1], [24, 15, 1, 16], [2, 13, 3, 14], [4, 12, 5, 11], [6, 10, 7, 9], [8, 22, 9, 21], [10, 6, 11, 5], [12, 19, 13, 20], [14, 18, 15, 17], [16, 23, 17, 24], [18, 3, 19, 4], [20, 8, 21, 7]]"
12a_0307_152,"[[20, 8, 21, 7], [22, 2, 23, 1], [24, 15, 1, 16], [2, 13, 3, 14], [4, 12, 5, 11], [6, 10, 7, 9], [8, 22, 9, 21], [10, 6, 11, 5], [12, 19, 13, 20], [14, 18, 15, 17], [16, 23, 17, 24], [18, 3, 19, 4]]"
12a_0307_153,"[[18, 3, 19, 4], [20, 8, 21, 7], [22, 2, 23, 1], [24, 15, 1, 16], [2, 13, 3, 14], [4, 12, 5, 11], [6, 10, 7, 9], [8, 22, 9, 21], [10, 6, 11, 5], [12, 19, 13, 20], [14, 18, 15, 17], [16, 23, 17, 24]]"
12a_0307_154,"[[16, 23, 17, 24], [18, 3, 19, 4], [20, 8, 21, 7], [22, 2, 23, 1], [24, 15, 1, 16], [2, 13, 3, 14], [4, 12, 5, 11], [6, 10, 7, 9], [8, 22, 9, 21], [10, 6, 11, 5], [12, 19, 13, 20], [14, 18, 15, 17]]"
12a_0307_155,"[[14, 18, 15, 17], [16, 23, 17, 24], [18, 3, 19, 4], [20, 8, 21, 7], [22, 2, 23, 1], [24, 15, 1, 16], [2, 13, 3, 14], [4, 12, 5, 11], [6, 10, 7, 9], [8, 22, 9, 21], [10, 6, 11, 5], [12, 19, 13, 20]]"
12a_0307_156,"[[13, 20, 14, 21], [15, 19, 16, 18], [17, 24, 18, 1], [19, 4, 20, 5], [21, 9, 22, 8], [23, 3, 24, 2], [1, 16, 2, 17], [3, 14, 4, 15], [5, 13, 6, 12], [7, 11, 8, 10], [9, 23, 10, 22], [11, 7, 12, 6]]"
12a_0307_157,"[[11, 7, 12, 6], [13, 20, 14, 21], [15, 19, 16, 18], [17, 24, 18, 1], [19, 4, 20, 5], [21, 9, 22, 8], [23, 3, 24, 2], [1, 16, 2, 17], [3, 14, 4, 15], [5, 13, 6, 12], [7, 11, 8, 10], [9, 23, 10, 22]]"
12a_0307_158,"[[9, 23, 10, 22], [11, 7, 12, 6], [13, 20, 14, 21], [15, 19, 16, 18], [17, 24, 18, 1], [19, 4, 20, 5], [21, 9, 22, 8], [23, 3, 24, 2], [1, 16, 2, 17], [3, 14, 4, 15], [5, 13, 6, 12], [7, 11, 8, 10]]"
12a_0307_159,"[[7, 11, 8, 10], [9, 23, 10, 22], [11, 7, 12, 6], [13, 20, 14, 21], [15, 19, 16, 18], [17, 24, 18, 1], [19, 4, 20, 5], [21, 9, 22, 8], [23, 3, 24, 2], [1, 16, 2, 17], [3, 14, 4, 15], [5, 13, 6, 12]]"
12a_0307_160,"[[5, 13, 6, 12], [7, 11, 8, 10], [9, 23, 10, 22], [11, 7, 12, 6], [13, 20, 14, 21], [15, 19, 16, 18], [17, 24, 18, 1], [19, 4, 20, 5], [21, 9, 22, 8], [23, 3, 24, 2], [1, 16, 2, 17], [3, 14, 4, 15]]"
12a_0307_161,"[[3, 14, 4, 15], [5, 13, 6, 12], [7, 11, 8, 10], [9, 23, 10, 22], [11, 7, 12, 6], [13, 20, 14, 21], [15, 19, 16, 18], [17, 24, 18, 1], [19, 4, 20, 5], [21, 9, 22, 8], [23, 3, 24, 2], [1, 16, 2, 17]]"
12a_0307_162,"[[1, 16, 2, 17], [3, 14, 4, 15], [5, 13, 6, 12], [7, 11, 8, 10], [9, 23, 10, 22], [11, 7, 12, 6], [13, 20, 14, 21], [15, 19, 16, 18], [17, 24, 18, 1], [19, 4, 20, 5], [21, 9, 22, 8], [23, 3, 24, 2]]"
12a_0307_163,"[[23, 3, 24, 2], [1, 16, 2, 17], [3, 14, 4, 15], [5, 13, 6, 12], [7, 11, 8, 10], [9, 23, 10, 22], [11, 7, 12, 6], [13, 20, 14, 21], [15, 19, 16, 18], [17, 24, 18, 1], [19, 4, 20, 5], [21, 9, 22, 8]]"
12a_0307_164,"[[21, 9, 22, 8], [23, 3, 24, 2], [1, 16, 2, 17], [3, 14, 4, 15], [5, 13, 6, 12], [7, 11, 8, 10], [9, 23, 10, 22], [11, 7, 12, 6], [13, 20, 14, 21], [15, 19, 16, 18], [17, 24, 18, 1], [19, 4, 20, 5]]"
12a_0307_165,"[[19, 4, 20, 5], [21, 9, 22, 8], [23, 3, 24, 2], [1, 16, 2, 17], [3, 14, 4, 15], [5, 13, 6, 12], [7, 11, 8, 10], [9, 23, 10, 22], [11, 7, 12, 6], [13, 20, 14, 21], [15, 19, 16, 18], [17, 24, 18, 1]]"
12a_0307_166,"[[17, 24, 18, 1], [19, 4, 20, 5], [21, 9, 22, 8], [23, 3, 24, 2], [1, 16, 2, 17], [3, 14, 4, 15], [5, 13, 6, 12], [7, 11, 8, 10], [9, 23, 10, 22], [11, 7, 12, 6], [13, 20, 14, 21], [15, 19, 16, 18]]"
12a_0307_167,"[[15, 19, 16, 18], [17, 24, 18, 1], [19, 4, 20, 5], [21, 9, 22, 8], [23, 3, 24, 2], [1, 16, 2, 17], [3, 14, 4, 15], [5, 13, 6, 12], [7, 11, 8, 10], [9, 23, 10, 22], [11, 7, 12, 6], [13, 20, 14, 21]]"
12a_0307_168,"[[14, 21, 15, 22], [16, 20, 17, 19], [18, 1, 19, 2], [20, 5, 21, 6], [22, 10, 23, 9], [24, 4, 1, 3], [2, 17, 3, 18], [4, 15, 5, 16], [6, 14, 7, 13], [8, 12, 9, 11], [10, 24, 11, 23], [12, 8, 13, 7]]"
12a_0307_169,"[[12, 8, 13, 7], [14, 21, 15, 22], [16, 20, 17, 19], [18, 1, 19, 2], [20, 5, 21, 6], [22, 10, 23, 9], [24, 4, 1, 3], [2, 17, 3, 18], [4, 15, 5, 16], [6, 14, 7, 13], [8, 12, 9, 11], [10, 24, 11, 23]]"
12a_0307_170,"[[10, 24, 11, 23], [12, 8, 13, 7], [14, 21, 15, 22], [16, 20, 17, 19], [18, 1, 19, 2], [20, 5, 21, 6], [22, 10, 23, 9], [24, 4, 1, 3], [2, 17, 3, 18], [4, 15, 5, 16], [6, 14, 7, 13], [8, 12, 9, 11]]"
12a_0307_171,"[[8, 12, 9, 11], [10, 24, 11, 23], [12, 8, 13, 7], [14, 21, 15, 22], [16, 20, 17, 19], [18, 1, 19, 2], [20, 5, 21, 6], [22, 10, 23, 9], [24, 4, 1, 3], [2, 17, 3, 18], [4, 15, 5, 16], [6, 14, 7, 13]]"
12a_0307_172,"[[6, 14, 7, 13], [8, 12, 9, 11], [10, 24, 11, 23], [12, 8, 13, 7], [14, 21, 15, 22], [16, 20, 17, 19], [18, 1, 19, 2], [20, 5, 21, 6], [22, 10, 23, 9], [24, 4, 1, 3], [2, 17, 3, 18], [4, 15, 5, 16]]"
12a_0307_173,"[[4, 15, 5, 16], [6, 14, 7, 13], [8, 12, 9, 11], [10, 24, 11, 23], [12, 8, 13, 7], [14, 21, 15, 22], [16, 20, 17, 19], [18, 1, 19, 2], [20, 5, 21, 6], [22, 10, 23, 9], [24, 4, 1, 3], [2, 17, 3, 18]]"
12a_0307_174,"[[2, 17, 3, 18], [4, 15, 5, 16], [6, 14, 7, 13], [8, 12, 9, 11], [10, 24, 11, 23], [12, 8, 13, 7], [14, 21, 15, 22], [16, 20, 17, 19], [18, 1, 19, 2], [20, 5, 21, 6], [22, 10, 23, 9], [24, 4, 1, 3]]"
12a_0307_175,"[[24, 4, 1, 3], [2, 17, 3, 18], [4, 15, 5, 16], [6, 14, 7, 13], [8, 12, 9, 11], [10, 24, 11, 23], [12, 8, 13, 7], [14, 21, 15, 22], [16, 20, 17, 19], [18, 1, 19, 2], [20, 5, 21, 6], [22, 10, 23, 9]]"
12a_0307_176,"[[22, 10, 23, 9], [24, 4, 1, 3], [2, 17, 3, 18], [4, 15, 5, 16], [6, 14, 7, 13], [8, 12, 9, 11], [10, 24, 11, 23], [12, 8, 13, 7], [14, 21, 15, 22], [16, 20, 17, 19], [18, 1, 19, 2], [20, 5, 21, 6]]"
12a_0307_177,"[[20, 5, 21, 6], [22, 10, 23, 9], [24, 4, 1, 3], [2, 17, 3, 18], [4, 15, 5, 16], [6, 14, 7, 13], [8, 12, 9, 11], [10, 24, 11, 23], [12, 8, 13, 7], [14, 21, 15, 22], [16, 20, 17, 19], [18, 1, 19, 2]]"
12a_0307_178,"[[18, 1, 19, 2], [20, 5, 21, 6], [22, 10, 23, 9], [24, 4, 1, 3], [2, 17, 3, 18], [4, 15, 5, 16], [6, 14, 7, 13], [8, 12, 9, 11], [10, 24, 11, 23], [12, 8, 13, 7], [14, 21, 15, 22], [16, 20, 17, 19]]"
12a_0307_179,"[[16, 20, 17, 19], [18, 1, 19, 2], [20, 5, 21, 6], [22, 10, 23, 9], [24, 4, 1, 3], [2, 17, 3, 18], [4, 15, 5, 16], [6, 14, 7, 13], [8, 12, 9, 11], [10, 24, 11, 23], [12, 8, 13, 7], [14, 21, 15, 22]]"
12a_0307_180,"[[15, 22, 16, 23], [17, 21, 18, 20], [19, 2, 20, 3], [21, 6, 22, 7], [23, 11, 24, 10], [1, 5, 2, 4], [3, 18, 4, 19], [5, 16, 6, 17], [7, 15, 8, 14], [9, 13, 10, 12], [11, 1, 12, 24], [13, 9, 14, 8]]"
12a_0307_181,"[[13, 9, 14, 8], [15, 22, 16, 23], [17, 21, 18, 20], [19, 2, 20, 3], [21, 6, 22, 7], [23, 11, 24, 10], [1, 5, 2, 4], [3, 18, 4, 19], [5, 16, 6, 17], [7, 15, 8, 14], [9, 13, 10, 12], [11, 1, 12, 24]]"
12a_0307_182,"[[11, 1, 12, 24], [13, 9, 14, 8], [15, 22, 16, 23], [17, 21, 18, 20], [19, 2, 20, 3], [21, 6, 22, 7], [23, 11, 24, 10], [1, 5, 2, 4], [3, 18, 4, 19], [5, 16, 6, 17], [7, 15, 8, 14], [9, 13, 10, 12]]"
12a_0307_183,"[[9, 13, 10, 12], [11, 1, 12, 24], [13, 9, 14, 8], [15, 22, 16, 23], [17, 21, 18, 20], [19, 2, 20, 3], [21, 6, 22, 7], [23, 11, 24, 10], [1, 5, 2, 4], [3, 18, 4, 19], [5, 16, 6, 17], [7, 15, 8, 14]]"
12a_0307_184,"[[7, 15, 8, 14], [9, 13, 10, 12], [11, 1, 12, 24], [13, 9, 14, 8], [15, 22, 16, 23], [17, 21, 18, 20], [19, 2, 20, 3], [21, 6, 22, 7], [23, 11, 24, 10], [1, 5, 2, 4], [3, 18, 4, 19], [5, 16, 6, 17]]"
12a_0307_185,"[[5, 16, 6, 17], [7, 15, 8, 14], [9, 13, 10, 12], [11, 1, 12, 24], [13, 9, 14, 8], [15, 22, 16, 23], [17, 21, 18, 20], [19, 2, 20, 3], [21, 6, 22, 7], [23, 11, 24, 10], [1, 5, 2, 4], [3, 18, 4, 19]]"
