name,pd_notation
12a_0462_0,"[[24, 17, 1, 18], [2, 6, 3, 5], [4, 11, 5, 12], [6, 22, 7, 21], [8, 14, 9, 13], [10, 16, 11, 15], [12, 3, 13, 4], [14, 10, 15, 9], [16, 23, 17, 24], [18, 1, 19, 2], [20, 8, 21, 7], [22, 19, 23, 20]]"
12a_0462_1,"[[22, 19, 23, 20], [24, 17, 1, 18], [2, 6, 3, 5], [4, 11, 5, 12], [6, 22, 7, 21], [8, 14, 9, 13], [10, 16, 11, 15], [12, 3, 13, 4], [14, 10, 15, 9], [16, 23, 17, 24], [18, 1, 19, 2], [20, 8, 21, 7]]"
12a_0462_2,"[[20, 8, 21, 7], [22, 19, 23, 20], [24, 17, 1, 18], [2, 6, 3, 5], [4, 11, 5, 12], [6, 22, 7, 21], [8, 14, 9, 13], [10, 16, 11, 15], [12, 3, 13, 4], [14, 10, 15, 9], [16, 23, 17, 24], [18, 1, 19, 2]]"
12a_0462_3,"[[18, 1, 19, 2], [20, 8, 21, 7], [22, 19, 23, 20], [24, 17, 1, 18], [2, 6, 3, 5], [4, 11, 5, 12], [6, 22, 7, 21], [8, 14, 9, 13], [10, 16, 11, 15], [12, 3, 13, 4], [14, 10, 15, 9], [16, 23, 17, 24]]"
12a_0462_4,"[[16, 23, 17, 24], [18, 1, 19, 2], [20, 8, 21, 7], [22, 19, 23, 20], [24, 17, 1, 18], [2, 6, 3, 5], [4, 11, 5, 12], [6, 22, 7, 21], [8, 14, 9, 13], [10, 16, 11, 15], [12, 3, 13, 4], [14, 10, 15, 9]]"
12a_0462_5,"[[14, 10, 15, 9], [16, 23, 17, 24], [18, 1, 19, 2], [20, 8, 21, 7], [22, 19, 23, 20], [24, 17, 1, 18], [2, 6, 3, 5], [4, 11, 5, 12], [6, 22, 7, 21], [8, 14, 9, 13], [10, 16, 11, 15], [12, 3, 13, 4]]"
12a_0462_6,"[[12, 3, 13, 4], [14, 10, 15, 9], [16, 23, 17, 24], [18, 1, 19, 2], [20, 8, 21, 7], [22, 19, 23, 20], [24, 17, 1, 18], [2, 6, 3, 5], [4, 11, 5, 12], [6, 22, 7, 21], [8, 14, 9, 13], [10, 16, 11, 15]]"
12a_0462_7,"[[10, 16, 11, 15], [12, 3, 13, 4], [14, 10, 15, 9], [16, 23, 17, 24], [18, 1, 19, 2], [20, 8, 21, 7], [22, 19, 23, 20], [24, 17, 1, 18], [2, 6, 3, 5], [4, 11, 5, 12], [6, 22, 7, 21], [8, 14, 9, 13]]"
12a_0462_8,"[[8, 14, 9, 13], [10, 16, 11, 15], [12, 3, 13, 4], [14, 10, 15, 9], [16, 23, 17, 24], [18, 1, 19, 2], [20, 8, 21, 7], [22, 19, 23, 20], [24, 17, 1, 18], [2, 6, 3, 5], [4, 11, 5, 12], [6, 22, 7, 21]]"
12a_0462_9,"[[6, 22, 7, 21], [8, 14, 9, 13], [10, 16, 11, 15], [12, 3, 13, 4], [14, 10, 15, 9], [16, 23, 17, 24], [18, 1, 19, 2], [20, 8, 21, 7], [22, 19, 23, 20], [24, 17, 1, 18], [2, 6, 3, 5], [4, 11, 5, 12]]"
12a_0462_10,"[[4, 11, 5, 12], [6, 22, 7, 21], [8, 14, 9, 13], [10, 16, 11, 15], [12, 3, 13, 4], [14, 10, 15, 9], [16, 23, 17, 24], [18, 1, 19, 2], [20, 8, 21, 7], [22, 19, 23, 20], [24, 17, 1, 18], [2, 6, 3, 5]]"
12a_0462_11,"[[2, 6, 3, 5], [4, 11, 5, 12], [6, 22, 7, 21], [8, 14, 9, 13], [10, 16, 11, 15], [12, 3, 13, 4], [14, 10, 15, 9], [16, 23, 17, 24], [18, 1, 19, 2], [20, 8, 21, 7], [22, 19, 23, 20], [24, 17, 1, 18]]"
12a_0462_12,"[[1, 18, 2, 19], [3, 7, 4, 6], [5, 12, 6, 13], [7, 23, 8, 22], [9, 15, 10, 14], [11, 17, 12, 16], [13, 4, 14, 5], [15, 11, 16, 10], [17, 24, 18, 1], [19, 2, 20, 3], [21, 9, 22, 8], [23, 20, 24, 21]]"
12a_0462_13,"[[23, 20, 24, 21], [1, 18, 2, 19], [3, 7, 4, 6], [5, 12, 6, 13], [7, 23, 8, 22], [9, 15, 10, 14], [11, 17, 12, 16], [13, 4, 14, 5], [15, 11, 16, 10], [17, 24, 18, 1], [19, 2, 20, 3], [21, 9, 22, 8]]"
12a_0462_14,"[[21, 9, 22, 8], [23, 20, 24, 21], [1, 18, 2, 19], [3, 7, 4, 6], [5, 12, 6, 13], [7, 23, 8, 22], [9, 15, 10, 14], [11, 17, 12, 16], [13, 4, 14, 5], [15, 11, 16, 10], [17, 24, 18, 1], [19, 2, 20, 3]]"
12a_0462_15,"[[19, 2, 20, 3], [21, 9, 22, 8], [23, 20, 24, 21], [1, 18, 2, 19], [3, 7, 4, 6], [5, 12, 6, 13], [7, 23, 8, 22], [9, 15, 10, 14], [11, 17, 12, 16], [13, 4, 14, 5], [15, 11, 16, 10], [17, 24, 18, 1]]"
12a_0462_16,"[[17, 24, 18, 1], [19, 2, 20, 3], [21, 9, 22, 8], [23, 20, 24, 21], [1, 18, 2, 19], [3, 7, 4, 6], [5, 12, 6, 13], [7, 23, 8, 22], [9, 15, 10, 14], [11, 17, 12, 16], [13, 4, 14, 5], [15, 11, 16, 10]]"
12a_0462_17,"[[15, 11, 16, 10], [17, 24, 18, 1], [19, 2, 20, 3], [21, 9, 22, 8], [23, 20, 24, 21], [1, 18, 2, 19], [3, 7, 4, 6], [5, 12, 6, 13], [7, 23, 8, 22], [9, 15, 10, 14], [11, 17, 12, 16], [13, 4, 14, 5]]"
12a_0462_18,"[[13, 4, 14, 5], [15, 11, 16, 10], [17, 24, 18, 1], [19, 2, 20, 3], [21, 9, 22, 8], [23, 20, 24, 21], [1, 18, 2, 19], [3, 7, 4, 6], [5, 12, 6, 13], [7, 23, 8, 22], [9, 15, 10, 14], [11, 17, 12, 16]]"
12a_0462_19,"[[11, 17, 12, 16], [13, 4, 14, 5], [15, 11, 16, 10], [17, 24, 18, 1], [19, 2, 20, 3], [21, 9, 22, 8], [23, 20, 24, 21], [1, 18, 2, 19], [3, 7, 4, 6], [5, 12, 6, 13], [7, 23, 8, 22], [9, 15, 10, 14]]"
12a_0462_20,"[[9, 15, 10, 14], [11, 17, 12, 16], [13, 4, 14, 5], [15, 11, 16, 10], [17, 24, 18, 1], [19, 2, 20, 3], [21, 9, 22, 8], [23, 20, 24, 21], [1, 18, 2, 19], [3, 7, 4, 6], [5, 12, 6, 13], [7, 23, 8, 22]]"
12a_0462_21,"[[7, 23, 8, 22], [9, 15, 10, 14], [11, 17, 12, 16], [13, 4, 14, 5], [15, 11, 16, 10], [17, 24, 18, 1], [19, 2, 20, 3], [21, 9, 22, 8], [23, 20, 24, 21], [1, 18, 2, 19], [3, 7, 4, 6], [5, 12, 6, 13]]"
12a_0462_22,"[[5, 12, 6, 13], [7, 23, 8, 22], [9, 15, 10, 14], [11, 17, 12, 16], [13, 4, 14, 5], [15, 11, 16, 10], [17, 24, 18, 1], [19, 2, 20, 3], [21, 9, 22, 8], [23, 20, 24, 21], [1, 18, 2, 19], [3, 7, 4, 6]]"
12a_0462_23,"[[3, 7, 4, 6], [5, 12, 6, 13], [7, 23, 8, 22], [9, 15, 10, 14], [11, 17, 12, 16], [13, 4, 14, 5], [15, 11, 16, 10], [17, 24, 18, 1], [19, 2, 20, 3], [21, 9, 22, 8], [23, 20, 24, 21], [1, 18, 2, 19]]"
12a_0462_24,"[[2, 19, 3, 20], [4, 8, 5, 7], [6, 13, 7, 14], [8, 24, 9, 23], [10, 16, 11, 15], [12, 18, 13, 17], [14, 5, 15, 6], [16, 12, 17, 11], [18, 1, 19, 2], [20, 3, 21, 4], [22, 10, 23, 9], [24, 21, 1, 22]]"
12a_0462_25,"[[24, 21, 1, 22], [2, 19, 3, 20], [4, 8, 5, 7], [6, 13, 7, 14], [8, 24, 9, 23], [10, 16, 11, 15], [12, 18, 13, 17], [14, 5, 15, 6], [16, 12, 17, 11], [18, 1, 19, 2], [20, 3, 21, 4], [22, 10, 23, 9]]"
12a_0462_26,"[[22, 10, 23, 9], [24, 21, 1, 22], [2, 19, 3, 20], [4, 8, 5, 7], [6, 13, 7, 14], [8, 24, 9, 23], [10, 16, 11, 15], [12, 18, 13, 17], [14, 5, 15, 6], [16, 12, 17, 11], [18, 1, 19, 2], [20, 3, 21, 4]]"
12a_0462_27,"[[20, 3, 21, 4], [22, 10, 23, 9], [24, 21, 1, 22], [2, 19, 3, 20], [4, 8, 5, 7], [6, 13, 7, 14], [8, 24, 9, 23], [10, 16, 11, 15], [12, 18, 13, 17], [14, 5, 15, 6], [16, 12, 17, 11], [18, 1, 19, 2]]"
12a_0462_28,"[[18, 1, 19, 2], [20, 3, 21, 4], [22, 10, 23, 9], [24, 21, 1, 22], [2, 19, 3, 20], [4, 8, 5, 7], [6, 13, 7, 14], [8, 24, 9, 23], [10, 16, 11, 15], [12, 18, 13, 17], [14, 5, 15, 6], [16, 12, 17, 11]]"
12a_0462_29,"[[16, 12, 17, 11], [18, 1, 19, 2], [20, 3, 21, 4], [22, 10, 23, 9], [24, 21, 1, 22], [2, 19, 3, 20], [4, 8, 5, 7], [6, 13, 7, 14], [8, 24, 9, 23], [10, 16, 11, 15], [12, 18, 13, 17], [14, 5, 15, 6]]"
12a_0462_30,"[[14, 5, 15, 6], [16, 12, 17, 11], [18, 1, 19, 2], [20, 3, 21, 4], [22, 10, 23, 9], [24, 21, 1, 22], [2, 19, 3, 20], [4, 8, 5, 7], [6, 13, 7, 14], [8, 24, 9, 23], [10, 16, 11, 15], [12, 18, 13, 17]]"
12a_0462_31,"[[12, 18, 13, 17], [14, 5, 15, 6], [16, 12, 17, 11], [18, 1, 19, 2], [20, 3, 21, 4], [22, 10, 23, 9], [24, 21, 1, 22], [2, 19, 3, 20], [4, 8, 5, 7], [6, 13, 7, 14], [8, 24, 9, 23], [10, 16, 11, 15]]"
12a_0462_32,"[[10, 16, 11, 15], [12, 18, 13, 17], [14, 5, 15, 6], [16, 12, 17, 11], [18, 1, 19, 2], [20, 3, 21, 4], [22, 10, 23, 9], [24, 21, 1, 22], [2, 19, 3, 20], [4, 8, 5, 7], [6, 13, 7, 14], [8, 24, 9, 23]]"
12a_0462_33,"[[8, 24, 9, 23], [10, 16, 11, 15], [12, 18, 13, 17], [14, 5, 15, 6], [16, 12, 17, 11], [18, 1, 19, 2], [20, 3, 21, 4], [22, 10, 23, 9], [24, 21, 1, 22], [2, 19, 3, 20], [4, 8, 5, 7], [6, 13, 7, 14]]"
12a_0462_34,"[[6, 13, 7, 14], [8, 24, 9, 23], [10, 16, 11, 15], [12, 18, 13, 17], [14, 5, 15, 6], [16, 12, 17, 11], [18, 1, 19, 2], [20, 3, 21, 4], [22, 10, 23, 9], [24, 21, 1, 22], [2, 19, 3, 20], [4, 8, 5, 7]]"
12a_0462_35,"[[4, 8, 5, 7], [6, 13, 7, 14], [8, 24, 9, 23], [10, 16, 11, 15], [12, 18, 13, 17], [14, 5, 15, 6], [16, 12, 17, 11], [18, 1, 19, 2], [20, 3, 21, 4], [22, 10, 23, 9], [24, 21, 1, 22], [2, 19, 3, 20]]"
12a_0462_36,"[[3, 20, 4, 21], [5, 9, 6, 8], [7, 14, 8, 15], [9, 1, 10, 24], [11, 17, 12, 16], [13, 19, 14, 18], [15, 6, 16, 7], [17, 13, 18, 12], [19, 2, 20, 3], [21, 4, 22, 5], [23, 11, 24, 10], [1, 22, 2, 23]]"
12a_0462_37,"[[1, 22, 2, 23], [3, 20, 4, 21], [5, 9, 6, 8], [7, 14, 8, 15], [9, 1, 10, 24], [11, 17, 12, 16], [13, 19, 14, 18], [15, 6, 16, 7], [17, 13, 18, 12], [19, 2, 20, 3], [21, 4, 22, 5], [23, 11, 24, 10]]"
12a_0462_38,"[[23, 11, 24, 10], [1, 22, 2, 23], [3, 20, 4, 21], [5, 9, 6, 8], [7, 14, 8, 15], [9, 1, 10, 24], [11, 17, 12, 16], [13, 19, 14, 18], [15, 6, 16, 7], [17, 13, 18, 12], [19, 2, 20, 3], [21, 4, 22, 5]]"
12a_0462_39,"[[21, 4, 22, 5], [23, 11, 24, 10], [1, 22, 2, 23], [3, 20, 4, 21], [5, 9, 6, 8], [7, 14, 8, 15], [9, 1, 10, 24], [11, 17, 12, 16], [13, 19, 14, 18], [15, 6, 16, 7], [17, 13, 18, 12], [19, 2, 20, 3]]"
12a_0462_40,"[[19, 2, 20, 3], [21, 4, 22, 5], [23, 11, 24, 10], [1, 22, 2, 23], [3, 20, 4, 21], [5, 9, 6, 8], [7, 14, 8, 15], [9, 1, 10, 24], [11, 17, 12, 16], [13, 19, 14, 18], [15, 6, 16, 7], [17, 13, 18, 12]]"
12a_0462_41,"[[17, 13, 18, 12], [19, 2, 20, 3], [21, 4, 22, 5], [23, 11, 24, 10], [1, 22, 2, 23], [3, 20, 4, 21], [5, 9, 6, 8], [7, 14, 8, 15], [9, 1, 10, 24], [11, 17, 12, 16], [13, 19, 14, 18], [15, 6, 16, 7]]"
12a_0462_42,"[[15, 6, 16, 7], [17, 13, 18, 12], [19, 2, 20, 3], [21, 4, 22, 5], [23, 11, 24, 10], [1, 22, 2, 23], [3, 20, 4, 21], [5, 9, 6, 8], [7, 14, 8, 15], [9, 1, 10, 24], [11, 17, 12, 16], [13, 19, 14, 18]]"
12a_0462_43,"[[13, 19, 14, 18], [15, 6, 16, 7], [17, 13, 18, 12], [19, 2, 20, 3], [21, 4, 22, 5], [23, 11, 24, 10], [1, 22, 2, 23], [3, 20, 4, 21], [5, 9, 6, 8], [7, 14, 8, 15], [9, 1, 10, 24], [11, 17, 12, 16]]"
12a_0462_44,"[[11, 17, 12, 16], [13, 19, 14, 18], [15, 6, 16, 7], [17, 13, 18, 12], [19, 2, 20, 3], [21, 4, 22, 5], [23, 11, 24, 10], [1, 22, 2, 23], [3, 20, 4, 21], [5, 9, 6, 8], [7, 14, 8, 15], [9, 1, 10, 24]]"
12a_0462_45,"[[9, 1, 10, 24], [11, 17, 12, 16], [13, 19, 14, 18], [15, 6, 16, 7], [17, 13, 18, 12], [19, 2, 20, 3], [21, 4, 22, 5], [23, 11, 24, 10], [1, 22, 2, 23], [3, 20, 4, 21], [5, 9, 6, 8], [7, 14, 8, 15]]"
12a_0462_46,"[[7, 14, 8, 15], [9, 1, 10, 24], [11, 17, 12, 16], [13, 19, 14, 18], [15, 6, 16, 7], [17, 13, 18, 12], [19, 2, 20, 3], [21, 4, 22, 5], [23, 11, 24, 10], [1, 22, 2, 23], [3, 20, 4, 21], [5, 9, 6, 8]]"
12a_0462_47,"[[5, 9, 6, 8], [7, 14, 8, 15], [9, 1, 10, 24], [11, 17, 12, 16], [13, 19, 14, 18], [15, 6, 16, 7], [17, 13, 18, 12], [19, 2, 20, 3], [21, 4, 22, 5], [23, 11, 24, 10], [1, 22, 2, 23], [3, 20, 4, 21]]"
12a_0462_48,"[[4, 21, 5, 22], [6, 10, 7, 9], [8, 15, 9, 16], [10, 2, 11, 1], [12, 18, 13, 17], [14, 20, 15, 19], [16, 7, 17, 8], [18, 14, 19, 13], [20, 3, 21, 4], [22, 5, 23, 6], [24, 12, 1, 11], [2, 23, 3, 24]]"
12a_0462_49,"[[2, 23, 3, 24], [4, 21, 5, 22], [6, 10, 7, 9], [8, 15, 9, 16], [10, 2, 11, 1], [12, 18, 13, 17], [14, 20, 15, 19], [16, 7, 17, 8], [18, 14, 19, 13], [20, 3, 21, 4], [22, 5, 23, 6], [24, 12, 1, 11]]"
12a_0462_50,"[[24, 12, 1, 11], [2, 23, 3, 24], [4, 21, 5, 22], [6, 10, 7, 9], [8, 15, 9, 16], [10, 2, 11, 1], [12, 18, 13, 17], [14, 20, 15, 19], [16, 7, 17, 8], [18, 14, 19, 13], [20, 3, 21, 4], [22, 5, 23, 6]]"
12a_0462_51,"[[22, 5, 23, 6], [24, 12, 1, 11], [2, 23, 3, 24], [4, 21, 5, 22], [6, 10, 7, 9], [8, 15, 9, 16], [10, 2, 11, 1], [12, 18, 13, 17], [14, 20, 15, 19], [16, 7, 17, 8], [18, 14, 19, 13], [20, 3, 21, 4]]"
12a_0462_52,"[[20, 3, 21, 4], [22, 5, 23, 6], [24, 12, 1, 11], [2, 23, 3, 24], [4, 21, 5, 22], [6, 10, 7, 9], [8, 15, 9, 16], [10, 2, 11, 1], [12, 18, 13, 17], [14, 20, 15, 19], [16, 7, 17, 8], [18, 14, 19, 13]]"
12a_0462_53,"[[18, 14, 19, 13], [20, 3, 21, 4], [22, 5, 23, 6], [24, 12, 1, 11], [2, 23, 3, 24], [4, 21, 5, 22], [6, 10, 7, 9], [8, 15, 9, 16], [10, 2, 11, 1], [12, 18, 13, 17], [14, 20, 15, 19], [16, 7, 17, 8]]"
12a_0462_54,"[[16, 7, 17, 8], [18, 14, 19, 13], [20, 3, 21, 4], [22, 5, 23, 6], [24, 12, 1, 11], [2, 23, 3, 24], [4, 21, 5, 22], [6, 10, 7, 9], [8, 15, 9, 16], [10, 2, 11, 1], [12, 18, 13, 17], [14, 20, 15, 19]]"
12a_0462_55,"[[14, 20, 15, 19], [16, 7, 17, 8], [18, 14, 19, 13], [20, 3, 21, 4], [22, 5, 23, 6], [24, 12, 1, 11], [2, 23, 3, 24], [4, 21, 5, 22], [6, 10, 7, 9], [8, 15, 9, 16], [10, 2, 11, 1], [12, 18, 13, 17]]"
12a_0462_56,"[[12, 18, 13, 17], [14, 20, 15, 19], [16, 7, 17, 8], [18, 14, 19, 13], [20, 3, 21, 4], [22, 5, 23, 6], [24, 12, 1, 11], [2, 23, 3, 24], [4, 21, 5, 22], [6, 10, 7, 9], [8, 15, 9, 16], [10, 2, 11, 1]]"
12a_0462_57,"[[10, 2, 11, 1], [12, 18, 13, 17], [14, 20, 15, 19], [16, 7, 17, 8], [18, 14, 19, 13], [20, 3, 21, 4], [22, 5, 23, 6], [24, 12, 1, 11], [2, 23, 3, 24], [4, 21, 5, 22], [6, 10, 7, 9], [8, 15, 9, 16]]"
12a_0462_58,"[[8, 15, 9, 16], [10, 2, 11, 1], [12, 18, 13, 17], [14, 20, 15, 19], [16, 7, 17, 8], [18, 14, 19, 13], [20, 3, 21, 4], [22, 5, 23, 6], [24, 12, 1, 11], [2, 23, 3, 24], [4, 21, 5, 22], [6, 10, 7, 9]]"
12a_0462_59,"[[6, 10, 7, 9], [8, 15, 9, 16], [10, 2, 11, 1], [12, 18, 13, 17], [14, 20, 15, 19], [16, 7, 17, 8], [18, 14, 19, 13], [20, 3, 21, 4], [22, 5, 23, 6], [24, 12, 1, 11], [2, 23, 3, 24], [4, 21, 5, 22]]"
12a_0462_60,"[[5, 22, 6, 23], [7, 11, 8, 10], [9, 16, 10, 17], [11, 3, 12, 2], [13, 19, 14, 18], [15, 21, 16, 20], [17, 8, 18, 9], [19, 15, 20, 14], [21, 4, 22, 5], [23, 6, 24, 7], [1, 13, 2, 12], [3, 24, 4, 1]]"
12a_0462_61,"[[3, 24, 4, 1], [5, 22, 6, 23], [7, 11, 8, 10], [9, 16, 10, 17], [11, 3, 12, 2], [13, 19, 14, 18], [15, 21, 16, 20], [17, 8, 18, 9], [19, 15, 20, 14], [21, 4, 22, 5], [23, 6, 24, 7], [1, 13, 2, 12]]"
12a_0462_62,"[[1, 13, 2, 12], [3, 24, 4, 1], [5, 22, 6, 23], [7, 11, 8, 10], [9, 16, 10, 17], [11, 3, 12, 2], [13, 19, 14, 18], [15, 21, 16, 20], [17, 8, 18, 9], [19, 15, 20, 14], [21, 4, 22, 5], [23, 6, 24, 7]]"
12a_0462_63,"[[23, 6, 24, 7], [1, 13, 2, 12], [3, 24, 4, 1], [5, 22, 6, 23], [7, 11, 8, 10], [9, 16, 10, 17], [11, 3, 12, 2], [13, 19, 14, 18], [15, 21, 16, 20], [17, 8, 18, 9], [19, 15, 20, 14], [21, 4, 22, 5]]"
12a_0462_64,"[[21, 4, 22, 5], [23, 6, 24, 7], [1, 13, 2, 12], [3, 24, 4, 1], [5, 22, 6, 23], [7, 11, 8, 10], [9, 16, 10, 17], [11, 3, 12, 2], [13, 19, 14, 18], [15, 21, 16, 20], [17, 8, 18, 9], [19, 15, 20, 14]]"
12a_0462_65,"[[19, 15, 20, 14], [21, 4, 22, 5], [23, 6, 24, 7], [1, 13, 2, 12], [3, 24, 4, 1], [5, 22, 6, 23], [7, 11, 8, 10], [9, 16, 10, 17], [11, 3, 12, 2], [13, 19, 14, 18], [15, 21, 16, 20], [17, 8, 18, 9]]"
12a_0462_66,"[[17, 8, 18, 9], [19, 15, 20, 14], [21, 4, 22, 5], [23, 6, 24, 7], [1, 13, 2, 12], [3, 24, 4, 1], [5, 22, 6, 23], [7, 11, 8, 10], [9, 16, 10, 17], [11, 3, 12, 2], [13, 19, 14, 18], [15, 21, 16, 20]]"
12a_0462_67,"[[15, 21, 16, 20], [17, 8, 18, 9], [19, 15, 20, 14], [21, 4, 22, 5], [23, 6, 24, 7], [1, 13, 2, 12], [3, 24, 4, 1], [5, 22, 6, 23], [7, 11, 8, 10], [9, 16, 10, 17], [11, 3, 12, 2], [13, 19, 14, 18]]"
12a_0462_68,"[[13, 19, 14, 18], [15, 21, 16, 20], [17, 8, 18, 9], [19, 15, 20, 14], [21, 4, 22, 5], [23, 6, 24, 7], [1, 13, 2, 12], [3, 24, 4, 1], [5, 22, 6, 23], [7, 11, 8, 10], [9, 16, 10, 17], [11, 3, 12, 2]]"
12a_0462_69,"[[11, 3, 12, 2], [13, 19, 14, 18], [15, 21, 16, 20], [17, 8, 18, 9], [19, 15, 20, 14], [21, 4, 22, 5], [23, 6, 24, 7], [1, 13, 2, 12], [3, 24, 4, 1], [5, 22, 6, 23], [7, 11, 8, 10], [9, 16, 10, 17]]"
12a_0462_70,"[[9, 16, 10, 17], [11, 3, 12, 2], [13, 19, 14, 18], [15, 21, 16, 20], [17, 8, 18, 9], [19, 15, 20, 14], [21, 4, 22, 5], [23, 6, 24, 7], [1, 13, 2, 12], [3, 24, 4, 1], [5, 22, 6, 23], [7, 11, 8, 10]]"
12a_0462_71,"[[7, 11, 8, 10], [9, 16, 10, 17], [11, 3, 12, 2], [13, 19, 14, 18], [15, 21, 16, 20], [17, 8, 18, 9], [19, 15, 20, 14], [21, 4, 22, 5], [23, 6, 24, 7], [1, 13, 2, 12], [3, 24, 4, 1], [5, 22, 6, 23]]"
12a_0462_72,"[[6, 23, 7, 24], [8, 12, 9, 11], [10, 17, 11, 18], [12, 4, 13, 3], [14, 20, 15, 19], [16, 22, 17, 21], [18, 9, 19, 10], [20, 16, 21, 15], [22, 5, 23, 6], [24, 7, 1, 8], [2, 14, 3, 13], [4, 1, 5, 2]]"
12a_0462_73,"[[4, 1, 5, 2], [6, 23, 7, 24], [8, 12, 9, 11], [10, 17, 11, 18], [12, 4, 13, 3], [14, 20, 15, 19], [16, 22, 17, 21], [18, 9, 19, 10], [20, 16, 21, 15], [22, 5, 23, 6], [24, 7, 1, 8], [2, 14, 3, 13]]"
12a_0462_74,"[[2, 14, 3, 13], [4, 1, 5, 2], [6, 23, 7, 24], [8, 12, 9, 11], [10, 17, 11, 18], [12, 4, 13, 3], [14, 20, 15, 19], [16, 22, 17, 21], [18, 9, 19, 10], [20, 16, 21, 15], [22, 5, 23, 6], [24, 7, 1, 8]]"
12a_0462_75,"[[24, 7, 1, 8], [2, 14, 3, 13], [4, 1, 5, 2], [6, 23, 7, 24], [8, 12, 9, 11], [10, 17, 11, 18], [12, 4, 13, 3], [14, 20, 15, 19], [16, 22, 17, 21], [18, 9, 19, 10], [20, 16, 21, 15], [22, 5, 23, 6]]"
12a_0462_76,"[[22, 5, 23, 6], [24, 7, 1, 8], [2, 14, 3, 13], [4, 1, 5, 2], [6, 23, 7, 24], [8, 12, 9, 11], [10, 17, 11, 18], [12, 4, 13, 3], [14, 20, 15, 19], [16, 22, 17, 21], [18, 9, 19, 10], [20, 16, 21, 15]]"
12a_0462_77,"[[20, 16, 21, 15], [22, 5, 23, 6], [24, 7, 1, 8], [2, 14, 3, 13], [4, 1, 5, 2], [6, 23, 7, 24], [8, 12, 9, 11], [10, 17, 11, 18], [12, 4, 13, 3], [14, 20, 15, 19], [16, 22, 17, 21], [18, 9, 19, 10]]"
12a_0462_78,"[[18, 9, 19, 10], [20, 16, 21, 15], [22, 5, 23, 6], [24, 7, 1, 8], [2, 14, 3, 13], [4, 1, 5, 2], [6, 23, 7, 24], [8, 12, 9, 11], [10, 17, 11, 18], [12, 4, 13, 3], [14, 20, 15, 19], [16, 22, 17, 21]]"
12a_0462_79,"[[16, 22, 17, 21], [18, 9, 19, 10], [20, 16, 21, 15], [22, 5, 23, 6], [24, 7, 1, 8], [2, 14, 3, 13], [4, 1, 5, 2], [6, 23, 7, 24], [8, 12, 9, 11], [10, 17, 11, 18], [12, 4, 13, 3], [14, 20, 15, 19]]"
12a_0462_80,"[[14, 20, 15, 19], [16, 22, 17, 21], [18, 9, 19, 10], [20, 16, 21, 15], [22, 5, 23, 6], [24, 7, 1, 8], [2, 14, 3, 13], [4, 1, 5, 2], [6, 23, 7, 24], [8, 12, 9, 11], [10, 17, 11, 18], [12, 4, 13, 3]]"
12a_0462_81,"[[12, 4, 13, 3], [14, 20, 15, 19], [16, 22, 17, 21], [18, 9, 19, 10], [20, 16, 21, 15], [22, 5, 23, 6], [24, 7, 1, 8], [2, 14, 3, 13], [4, 1, 5, 2], [6, 23, 7, 24], [8, 12, 9, 11], [10, 17, 11, 18]]"
12a_0462_82,"[[10, 17, 11, 18], [12, 4, 13, 3], [14, 20, 15, 19], [16, 22, 17, 21], [18, 9, 19, 10], [20, 16, 21, 15], [22, 5, 23, 6], [24, 7, 1, 8], [2, 14, 3, 13], [4, 1, 5, 2], [6, 23, 7, 24], [8, 12, 9, 11]]"
12a_0462_83,"[[8, 12, 9, 11], [10, 17, 11, 18], [12, 4, 13, 3], [14, 20, 15, 19], [16, 22, 17, 21], [18, 9, 19, 10], [20, 16, 21, 15], [22, 5, 23, 6], [24, 7, 1, 8], [2, 14, 3, 13], [4, 1, 5, 2], [6, 23, 7, 24]]"
12a_0462_84,"[[7, 24, 8, 1], [9, 13, 10, 12], [11, 18, 12, 19], [13, 5, 14, 4], [15, 21, 16, 20], [17, 23, 18, 22], [19, 10, 20, 11], [21, 17, 22, 16], [23, 6, 24, 7], [1, 8, 2, 9], [3, 15, 4, 14], [5, 2, 6, 3]]"
12a_0462_85,"[[5, 2, 6, 3], [7, 24, 8, 1], [9, 13, 10, 12], [11, 18, 12, 19], [13, 5, 14, 4], [15, 21, 16, 20], [17, 23, 18, 22], [19, 10, 20, 11], [21, 17, 22, 16], [23, 6, 24, 7], [1, 8, 2, 9], [3, 15, 4, 14]]"
12a_0462_86,"[[3, 15, 4, 14], [5, 2, 6, 3], [7, 24, 8, 1], [9, 13, 10, 12], [11, 18, 12, 19], [13, 5, 14, 4], [15, 21, 16, 20], [17, 23, 18, 22], [19, 10, 20, 11], [21, 17, 22, 16], [23, 6, 24, 7], [1, 8, 2, 9]]"
12a_0462_87,"[[1, 8, 2, 9], [3, 15, 4, 14], [5, 2, 6, 3], [7, 24, 8, 1], [9, 13, 10, 12], [11, 18, 12, 19], [13, 5, 14, 4], [15, 21, 16, 20], [17, 23, 18, 22], [19, 10, 20, 11], [21, 17, 22, 16], [23, 6, 24, 7]]"
12a_0462_88,"[[23, 6, 24, 7], [1, 8, 2, 9], [3, 15, 4, 14], [5, 2, 6, 3], [7, 24, 8, 1], [9, 13, 10, 12], [11, 18, 12, 19], [13, 5, 14, 4], [15, 21, 16, 20], [17, 23, 18, 22], [19, 10, 20, 11], [21, 17, 22, 16]]"
12a_0462_89,"[[21, 17, 22, 16], [23, 6, 24, 7], [1, 8, 2, 9], [3, 15, 4, 14], [5, 2, 6, 3], [7, 24, 8, 1], [9, 13, 10, 12], [11, 18, 12, 19], [13, 5, 14, 4], [15, 21, 16, 20], [17, 23, 18, 22], [19, 10, 20, 11]]"
12a_0462_90,"[[19, 10, 20, 11], [21, 17, 22, 16], [23, 6, 24, 7], [1, 8, 2, 9], [3, 15, 4, 14], [5, 2, 6, 3], [7, 24, 8, 1], [9, 13, 10, 12], [11, 18, 12, 19], [13, 5, 14, 4], [15, 21, 16, 20], [17, 23, 18, 22]]"
12a_0462_91,"[[17, 23, 18, 22], [19, 10, 20, 11], [21, 17, 22, 16], [23, 6, 24, 7], [1, 8, 2, 9], [3, 15, 4, 14], [5, 2, 6, 3], [7, 24, 8, 1], [9, 13, 10, 12], [11, 18, 12, 19], [13, 5, 14, 4], [15, 21, 16, 20]]"
12a_0462_92,"[[15, 21, 16, 20], [17, 23, 18, 22], [19, 10, 20, 11], [21, 17, 22, 16], [23, 6, 24, 7], [1, 8, 2, 9], [3, 15, 4, 14], [5, 2, 6, 3], [7, 24, 8, 1], [9, 13, 10, 12], [11, 18, 12, 19], [13, 5, 14, 4]]"
12a_0462_93,"[[13, 5, 14, 4], [15, 21, 16, 20], [17, 23, 18, 22], [19, 10, 20, 11], [21, 17, 22, 16], [23, 6, 24, 7], [1, 8, 2, 9], [3, 15, 4, 14], [5, 2, 6, 3], [7, 24, 8, 1], [9, 13, 10, 12], [11, 18, 12, 19]]"
12a_0462_94,"[[11, 18, 12, 19], [13, 5, 14, 4], [15, 21, 16, 20], [17, 23, 18, 22], [19, 10, 20, 11], [21, 17, 22, 16], [23, 6, 24, 7], [1, 8, 2, 9], [3, 15, 4, 14], [5, 2, 6, 3], [7, 24, 8, 1], [9, 13, 10, 12]]"
12a_0462_95,"[[9, 13, 10, 12], [11, 18, 12, 19], [13, 5, 14, 4], [15, 21, 16, 20], [17, 23, 18, 22], [19, 10, 20, 11], [21, 17, 22, 16], [23, 6, 24, 7], [1, 8, 2, 9], [3, 15, 4, 14], [5, 2, 6, 3], [7, 24, 8, 1]]"
12a_0462_96,"[[8, 1, 9, 2], [10, 14, 11, 13], [12, 19, 13, 20], [14, 6, 15, 5], [16, 22, 17, 21], [18, 24, 19, 23], [20, 11, 21, 12], [22, 18, 23, 17], [24, 7, 1, 8], [2, 9, 3, 10], [4, 16, 5, 15], [6, 3, 7, 4]]"
12a_0462_97,"[[6, 3, 7, 4], [8, 1, 9, 2], [10, 14, 11, 13], [12, 19, 13, 20], [14, 6, 15, 5], [16, 22, 17, 21], [18, 24, 19, 23], [20, 11, 21, 12], [22, 18, 23, 17], [24, 7, 1, 8], [2, 9, 3, 10], [4, 16, 5, 15]]"
12a_0462_98,"[[4, 16, 5, 15], [6, 3, 7, 4], [8, 1, 9, 2], [10, 14, 11, 13], [12, 19, 13, 20], [14, 6, 15, 5], [16, 22, 17, 21], [18, 24, 19, 23], [20, 11, 21, 12], [22, 18, 23, 17], [24, 7, 1, 8], [2, 9, 3, 10]]"
12a_0462_99,"[[2, 9, 3, 10], [4, 16, 5, 15], [6, 3, 7, 4], [8, 1, 9, 2], [10, 14, 11, 13], [12, 19, 13, 20], [14, 6, 15, 5], [16, 22, 17, 21], [18, 24, 19, 23], [20, 11, 21, 12], [22, 18, 23, 17], [24, 7, 1, 8]]"
12a_0462_100,"[[24, 7, 1, 8], [2, 9, 3, 10], [4, 16, 5, 15], [6, 3, 7, 4], [8, 1, 9, 2], [10, 14, 11, 13], [12, 19, 13, 20], [14, 6, 15, 5], [16, 22, 17, 21], [18, 24, 19, 23], [20, 11, 21, 12], [22, 18, 23, 17]]"
12a_0462_101,"[[22, 18, 23, 17], [24, 7, 1, 8], [2, 9, 3, 10], [4, 16, 5, 15], [6, 3, 7, 4], [8, 1, 9, 2], [10, 14, 11, 13], [12, 19, 13, 20], [14, 6, 15, 5], [16, 22, 17, 21], [18, 24, 19, 23], [20, 11, 21, 12]]"
12a_0462_102,"[[20, 11, 21, 12], [22, 18, 23, 17], [24, 7, 1, 8], [2, 9, 3, 10], [4, 16, 5, 15], [6, 3, 7, 4], [8, 1, 9, 2], [10, 14, 11, 13], [12, 19, 13, 20], [14, 6, 15, 5], [16, 22, 17, 21], [18, 24, 19, 23]]"
12a_0462_103,"[[18, 24, 19, 23], [20, 11, 21, 12], [22, 18, 23, 17], [24, 7, 1, 8], [2, 9, 3, 10], [4, 16, 5, 15], [6, 3, 7, 4], [8, 1, 9, 2], [10, 14, 11, 13], [12, 19, 13, 20], [14, 6, 15, 5], [16, 22, 17, 21]]"
12a_0462_104,"[[16, 22, 17, 21], [18, 24, 19, 23], [20, 11, 21, 12], [22, 18, 23, 17], [24, 7, 1, 8], [2, 9, 3, 10], [4, 16, 5, 15], [6, 3, 7, 4], [8, 1, 9, 2], [10, 14, 11, 13], [12, 19, 13, 20], [14, 6, 15, 5]]"
12a_0462_105,"[[14, 6, 15, 5], [16, 22, 17, 21], [18, 24, 19, 23], [20, 11, 21, 12], [22, 18, 23, 17], [24, 7, 1, 8], [2, 9, 3, 10], [4, 16, 5, 15], [6, 3, 7, 4], [8, 1, 9, 2], [10, 14, 11, 13], [12, 19, 13, 20]]"
12a_0462_106,"[[12, 19, 13, 20], [14, 6, 15, 5], [16, 22, 17, 21], [18, 24, 19, 23], [20, 11, 21, 12], [22, 18, 23, 17], [24, 7, 1, 8], [2, 9, 3, 10], [4, 16, 5, 15], [6, 3, 7, 4], [8, 1, 9, 2], [10, 14, 11, 13]]"
12a_0462_107,"[[10, 14, 11, 13], [12, 19, 13, 20], [14, 6, 15, 5], [16, 22, 17, 21], [18, 24, 19, 23], [20, 11, 21, 12], [22, 18, 23, 17], [24, 7, 1, 8], [2, 9, 3, 10], [4, 16, 5, 15], [6, 3, 7, 4], [8, 1, 9, 2]]"
12a_0462_108,"[[9, 2, 10, 3], [11, 15, 12, 14], [13, 20, 14, 21], [15, 7, 16, 6], [17, 23, 18, 22], [19, 1, 20, 24], [21, 12, 22, 13], [23, 19, 24, 18], [1, 8, 2, 9], [3, 10, 4, 11], [5, 17, 6, 16], [7, 4, 8, 5]]"
12a_0462_109,"[[7, 4, 8, 5], [9, 2, 10, 3], [11, 15, 12, 14], [13, 20, 14, 21], [15, 7, 16, 6], [17, 23, 18, 22], [19, 1, 20, 24], [21, 12, 22, 13], [23, 19, 24, 18], [1, 8, 2, 9], [3, 10, 4, 11], [5, 17, 6, 16]]"
12a_0462_110,"[[5, 17, 6, 16], [7, 4, 8, 5], [9, 2, 10, 3], [11, 15, 12, 14], [13, 20, 14, 21], [15, 7, 16, 6], [17, 23, 18, 22], [19, 1, 20, 24], [21, 12, 22, 13], [23, 19, 24, 18], [1, 8, 2, 9], [3, 10, 4, 11]]"
12a_0462_111,"[[3, 10, 4, 11], [5, 17, 6, 16], [7, 4, 8, 5], [9, 2, 10, 3], [11, 15, 12, 14], [13, 20, 14, 21], [15, 7, 16, 6], [17, 23, 18, 22], [19, 1, 20, 24], [21, 12, 22, 13], [23, 19, 24, 18], [1, 8, 2, 9]]"
12a_0462_112,"[[1, 8, 2, 9], [3, 10, 4, 11], [5, 17, 6, 16], [7, 4, 8, 5], [9, 2, 10, 3], [11, 15, 12, 14], [13, 20, 14, 21], [15, 7, 16, 6], [17, 23, 18, 22], [19, 1, 20, 24], [21, 12, 22, 13], [23, 19, 24, 18]]"
12a_0462_113,"[[23, 19, 24, 18], [1, 8, 2, 9], [3, 10, 4, 11], [5, 17, 6, 16], [7, 4, 8, 5], [9, 2, 10, 3], [11, 15, 12, 14], [13, 20, 14, 21], [15, 7, 16, 6], [17, 23, 18, 22], [19, 1, 20, 24], [21, 12, 22, 13]]"
12a_0462_114,"[[21, 12, 22, 13], [23, 19, 24, 18], [1, 8, 2, 9], [3, 10, 4, 11], [5, 17, 6, 16], [7, 4, 8, 5], [9, 2, 10, 3], [11, 15, 12, 14], [13, 20, 14, 21], [15, 7, 16, 6], [17, 23, 18, 22], [19, 1, 20, 24]]"
12a_0462_115,"[[19, 1, 20, 24], [21, 12, 22, 13], [23, 19, 24, 18], [1, 8, 2, 9], [3, 10, 4, 11], [5, 17, 6, 16], [7, 4, 8, 5], [9, 2, 10, 3], [11, 15, 12, 14], [13, 20, 14, 21], [15, 7, 16, 6], [17, 23, 18, 22]]"
12a_0462_116,"[[17, 23, 18, 22], [19, 1, 20, 24], [21, 12, 22, 13], [23, 19, 24, 18], [1, 8, 2, 9], [3, 10, 4, 11], [5, 17, 6, 16], [7, 4, 8, 5], [9, 2, 10, 3], [11, 15, 12, 14], [13, 20, 14, 21], [15, 7, 16, 6]]"
12a_0462_117,"[[15, 7, 16, 6], [17, 23, 18, 22], [19, 1, 20, 24], [21, 12, 22, 13], [23, 19, 24, 18], [1, 8, 2, 9], [3, 10, 4, 11], [5, 17, 6, 16], [7, 4, 8, 5], [9, 2, 10, 3], [11, 15, 12, 14], [13, 20, 14, 21]]"
12a_0462_118,"[[13, 20, 14, 21], [15, 7, 16, 6], [17, 23, 18, 22], [19, 1, 20, 24], [21, 12, 22, 13], [23, 19, 24, 18], [1, 8, 2, 9], [3, 10, 4, 11], [5, 17, 6, 16], [7, 4, 8, 5], [9, 2, 10, 3], [11, 15, 12, 14]]"
12a_0462_119,"[[11, 15, 12, 14], [13, 20, 14, 21], [15, 7, 16, 6], [17, 23, 18, 22], [19, 1, 20, 24], [21, 12, 22, 13], [23, 19, 24, 18], [1, 8, 2, 9], [3, 10, 4, 11], [5, 17, 6, 16], [7, 4, 8, 5], [9, 2, 10, 3]]"
12a_0462_120,"[[10, 3, 11, 4], [12, 16, 13, 15], [14, 21, 15, 22], [16, 8, 17, 7], [18, 24, 19, 23], [20, 2, 21, 1], [22, 13, 23, 14], [24, 20, 1, 19], [2, 9, 3, 10], [4, 11, 5, 12], [6, 18, 7, 17], [8, 5, 9, 6]]"
12a_0462_121,"[[8, 5, 9, 6], [10, 3, 11, 4], [12, 16, 13, 15], [14, 21, 15, 22], [16, 8, 17, 7], [18, 24, 19, 23], [20, 2, 21, 1], [22, 13, 23, 14], [24, 20, 1, 19], [2, 9, 3, 10], [4, 11, 5, 12], [6, 18, 7, 17]]"
12a_0462_122,"[[6, 18, 7, 17], [8, 5, 9, 6], [10, 3, 11, 4], [12, 16, 13, 15], [14, 21, 15, 22], [16, 8, 17, 7], [18, 24, 19, 23], [20, 2, 21, 1], [22, 13, 23, 14], [24, 20, 1, 19], [2, 9, 3, 10], [4, 11, 5, 12]]"
12a_0462_123,"[[4, 11, 5, 12], [6, 18, 7, 17], [8, 5, 9, 6], [10, 3, 11, 4], [12, 16, 13, 15], [14, 21, 15, 22], [16, 8, 17, 7], [18, 24, 19, 23], [20, 2, 21, 1], [22, 13, 23, 14], [24, 20, 1, 19], [2, 9, 3, 10]]"
12a_0462_124,"[[2, 9, 3, 10], [4, 11, 5, 12], [6, 18, 7, 17], [8, 5, 9, 6], [10, 3, 11, 4], [12, 16, 13, 15], [14, 21, 15, 22], [16, 8, 17, 7], [18, 24, 19, 23], [20, 2, 21, 1], [22, 13, 23, 14], [24, 20, 1, 19]]"
12a_0462_125,"[[24, 20, 1, 19], [2, 9, 3, 10], [4, 11, 5, 12], [6, 18, 7, 17], [8, 5, 9, 6], [10, 3, 11, 4], [12, 16, 13, 15], [14, 21, 15, 22], [16, 8, 17, 7], [18, 24, 19, 23], [20, 2, 21, 1], [22, 13, 23, 14]]"
12a_0462_126,"[[22, 13, 23, 14], [24, 20, 1, 19], [2, 9, 3, 10], [4, 11, 5, 12], [6, 18, 7, 17], [8, 5, 9, 6], [10, 3, 11, 4], [12, 16, 13, 15], [14, 21, 15, 22], [16, 8, 17, 7], [18, 24, 19, 23], [20, 2, 21, 1]]"
12a_0462_127,"[[20, 2, 21, 1], [22, 13, 23, 14], [24, 20, 1, 19], [2, 9, 3, 10], [4, 11, 5, 12], [6, 18, 7, 17], [8, 5, 9, 6], [10, 3, 11, 4], [12, 16, 13, 15], [14, 21, 15, 22], [16, 8, 17, 7], [18, 24, 19, 23]]"
12a_0462_128,"[[18, 24, 19, 23], [20, 2, 21, 1], [22, 13, 23, 14], [24, 20, 1, 19], [2, 9, 3, 10], [4, 11, 5, 12], [6, 18, 7, 17], [8, 5, 9, 6], [10, 3, 11, 4], [12, 16, 13, 15], [14, 21, 15, 22], [16, 8, 17, 7]]"
12a_0462_129,"[[16, 8, 17, 7], [18, 24, 19, 23], [20, 2, 21, 1], [22, 13, 23, 14], [24, 20, 1, 19], [2, 9, 3, 10], [4, 11, 5, 12], [6, 18, 7, 17], [8, 5, 9, 6], [10, 3, 11, 4], [12, 16, 13, 15], [14, 21, 15, 22]]"
12a_0462_130,"[[14, 21, 15, 22], [16, 8, 17, 7], [18, 24, 19, 23], [20, 2, 21, 1], [22, 13, 23, 14], [24, 20, 1, 19], [2, 9, 3, 10], [4, 11, 5, 12], [6, 18, 7, 17], [8, 5, 9, 6], [10, 3, 11, 4], [12, 16, 13, 15]]"
12a_0462_131,"[[12, 16, 13, 15], [14, 21, 15, 22], [16, 8, 17, 7], [18, 24, 19, 23], [20, 2, 21, 1], [22, 13, 23, 14], [24, 20, 1, 19], [2, 9, 3, 10], [4, 11, 5, 12], [6, 18, 7, 17], [8, 5, 9, 6], [10, 3, 11, 4]]"
12a_0462_132,"[[11, 4, 12, 5], [13, 17, 14, 16], [15, 22, 16, 23], [17, 9, 18, 8], [19, 1, 20, 24], [21, 3, 22, 2], [23, 14, 24, 15], [1, 21, 2, 20], [3, 10, 4, 11], [5, 12, 6, 13], [7, 19, 8, 18], [9, 6, 10, 7]]"
12a_0462_133,"[[9, 6, 10, 7], [11, 4, 12, 5], [13, 17, 14, 16], [15, 22, 16, 23], [17, 9, 18, 8], [19, 1, 20, 24], [21, 3, 22, 2], [23, 14, 24, 15], [1, 21, 2, 20], [3, 10, 4, 11], [5, 12, 6, 13], [7, 19, 8, 18]]"
12a_0462_134,"[[7, 19, 8, 18], [9, 6, 10, 7], [11, 4, 12, 5], [13, 17, 14, 16], [15, 22, 16, 23], [17, 9, 18, 8], [19, 1, 20, 24], [21, 3, 22, 2], [23, 14, 24, 15], [1, 21, 2, 20], [3, 10, 4, 11], [5, 12, 6, 13]]"
12a_0462_135,"[[5, 12, 6, 13], [7, 19, 8, 18], [9, 6, 10, 7], [11, 4, 12, 5], [13, 17, 14, 16], [15, 22, 16, 23], [17, 9, 18, 8], [19, 1, 20, 24], [21, 3, 22, 2], [23, 14, 24, 15], [1, 21, 2, 20], [3, 10, 4, 11]]"
12a_0462_136,"[[3, 10, 4, 11], [5, 12, 6, 13], [7, 19, 8, 18], [9, 6, 10, 7], [11, 4, 12, 5], [13, 17, 14, 16], [15, 22, 16, 23], [17, 9, 18, 8], [19, 1, 20, 24], [21, 3, 22, 2], [23, 14, 24, 15], [1, 21, 2, 20]]"
12a_0462_137,"[[1, 21, 2, 20], [3, 10, 4, 11], [5, 12, 6, 13], [7, 19, 8, 18], [9, 6, 10, 7], [11, 4, 12, 5], [13, 17, 14, 16], [15, 22, 16, 23], [17, 9, 18, 8], [19, 1, 20, 24], [21, 3, 22, 2], [23, 14, 24, 15]]"
12a_0462_138,"[[23, 14, 24, 15], [1, 21, 2, 20], [3, 10, 4, 11], [5, 12, 6, 13], [7, 19, 8, 18], [9, 6, 10, 7], [11, 4, 12, 5], [13, 17, 14, 16], [15, 22, 16, 23], [17, 9, 18, 8], [19, 1, 20, 24], [21, 3, 22, 2]]"
12a_0462_139,"[[21, 3, 22, 2], [23, 14, 24, 15], [1, 21, 2, 20], [3, 10, 4, 11], [5, 12, 6, 13], [7, 19, 8, 18], [9, 6, 10, 7], [11, 4, 12, 5], [13, 17, 14, 16], [15, 22, 16, 23], [17, 9, 18, 8], [19, 1, 20, 24]]"
12a_0462_140,"[[19, 1, 20, 24], [21, 3, 22, 2], [23, 14, 24, 15], [1, 21, 2, 20], [3, 10, 4, 11], [5, 12, 6, 13], [7, 19, 8, 18], [9, 6, 10, 7], [11, 4, 12, 5], [13, 17, 14, 16], [15, 22, 16, 23], [17, 9, 18, 8]]"
12a_0462_141,"[[17, 9, 18, 8], [19, 1, 20, 24], [21, 3, 22, 2], [23, 14, 24, 15], [1, 21, 2, 20], [3, 10, 4, 11], [5, 12, 6, 13], [7, 19, 8, 18], [9, 6, 10, 7], [11, 4, 12, 5], [13, 17, 14, 16], [15, 22, 16, 23]]"
12a_0462_142,"[[15, 22, 16, 23], [17, 9, 18, 8], [19, 1, 20, 24], [21, 3, 22, 2], [23, 14, 24, 15], [1, 21, 2, 20], [3, 10, 4, 11], [5, 12, 6, 13], [7, 19, 8, 18], [9, 6, 10, 7], [11, 4, 12, 5], [13, 17, 14, 16]]"
12a_0462_143,"[[13, 17, 14, 16], [15, 22, 16, 23], [17, 9, 18, 8], [19, 1, 20, 24], [21, 3, 22, 2], [23, 14, 24, 15], [1, 21, 2, 20], [3, 10, 4, 11], [5, 12, 6, 13], [7, 19, 8, 18], [9, 6, 10, 7], [11, 4, 12, 5]]"
12a_0462_144,"[[12, 5, 13, 6], [14, 18, 15, 17], [16, 23, 17, 24], [18, 10, 19, 9], [20, 2, 21, 1], [22, 4, 23, 3], [24, 15, 1, 16], [2, 22, 3, 21], [4, 11, 5, 12], [6, 13, 7, 14], [8, 20, 9, 19], [10, 7, 11, 8]]"
12a_0462_145,"[[10, 7, 11, 8], [12, 5, 13, 6], [14, 18, 15, 17], [16, 23, 17, 24], [18, 10, 19, 9], [20, 2, 21, 1], [22, 4, 23, 3], [24, 15, 1, 16], [2, 22, 3, 21], [4, 11, 5, 12], [6, 13, 7, 14], [8, 20, 9, 19]]"
12a_0462_146,"[[8, 20, 9, 19], [10, 7, 11, 8], [12, 5, 13, 6], [14, 18, 15, 17], [16, 23, 17, 24], [18, 10, 19, 9], [20, 2, 21, 1], [22, 4, 23, 3], [24, 15, 1, 16], [2, 22, 3, 21], [4, 11, 5, 12], [6, 13, 7, 14]]"
12a_0462_147,"[[6, 13, 7, 14], [8, 20, 9, 19], [10, 7, 11, 8], [12, 5, 13, 6], [14, 18, 15, 17], [16, 23, 17, 24], [18, 10, 19, 9], [20, 2, 21, 1], [22, 4, 23, 3], [24, 15, 1, 16], [2, 22, 3, 21], [4, 11, 5, 12]]"
12a_0462_148,"[[4, 11, 5, 12], [6, 13, 7, 14], [8, 20, 9, 19], [10, 7, 11, 8], [12, 5, 13, 6], [14, 18, 15, 17], [16, 23, 17, 24], [18, 10, 19, 9], [20, 2, 21, 1], [22, 4, 23, 3], [24, 15, 1, 16], [2, 22, 3, 21]]"
12a_0462_149,"[[2, 22, 3, 21], [4, 11, 5, 12], [6, 13, 7, 14], [8, 20, 9, 19], [10, 7, 11, 8], [12, 5, 13, 6], [14, 18, 15, 17], [16, 23, 17, 24], [18, 10, 19, 9], [20, 2, 21, 1], [22, 4, 23, 3], [24, 15, 1, 16]]"
12a_0462_150,"[[24, 15, 1, 16], [2, 22, 3, 21], [4, 11, 5, 12], [6, 13, 7, 14], [8, 20, 9, 19], [10, 7, 11, 8], [12, 5, 13, 6], [14, 18, 15, 17], [16, 23, 17, 24], [18, 10, 19, 9], [20, 2, 21, 1], [22, 4, 23, 3]]"
12a_0462_151,"[[22, 4, 23, 3], [24, 15, 1, 16], [2, 22, 3, 21], [4, 11, 5, 12], [6, 13, 7, 14], [8, 20, 9, 19], [10, 7, 11, 8], [12, 5, 13, 6], [14, 18, 15, 17], [16, 23, 17, 24], [18, 10, 19, 9], [20, 2, 21, 1]]"
12a_0462_152,"[[20, 2, 21, 1], [22, 4, 23, 3], [24, 15, 1, 16], [2, 22, 3, 21], [4, 11, 5, 12], [6, 13, 7, 14], [8, 20, 9, 19], [10, 7, 11, 8], [12, 5, 13, 6], [14, 18, 15, 17], [16, 23, 17, 24], [18, 10, 19, 9]]"
12a_0462_153,"[[18, 10, 19, 9], [20, 2, 21, 1], [22, 4, 23, 3], [24, 15, 1, 16], [2, 22, 3, 21], [4, 11, 5, 12], [6, 13, 7, 14], [8, 20, 9, 19], [10, 7, 11, 8], [12, 5, 13, 6], [14, 18, 15, 17], [16, 23, 17, 24]]"
12a_0462_154,"[[16, 23, 17, 24], [18, 10, 19, 9], [20, 2, 21, 1], [22, 4, 23, 3], [24, 15, 1, 16], [2, 22, 3, 21], [4, 11, 5, 12], [6, 13, 7, 14], [8, 20, 9, 19], [10, 7, 11, 8], [12, 5, 13, 6], [14, 18, 15, 17]]"
12a_0462_155,"[[14, 18, 15, 17], [16, 23, 17, 24], [18, 10, 19, 9], [20, 2, 21, 1], [22, 4, 23, 3], [24, 15, 1, 16], [2, 22, 3, 21], [4, 11, 5, 12], [6, 13, 7, 14], [8, 20, 9, 19], [10, 7, 11, 8], [12, 5, 13, 6]]"
12a_0462_156,"[[13, 6, 14, 7], [15, 19, 16, 18], [17, 24, 18, 1], [19, 11, 20, 10], [21, 3, 22, 2], [23, 5, 24, 4], [1, 16, 2, 17], [3, 23, 4, 22], [5, 12, 6, 13], [7, 14, 8, 15], [9, 21, 10, 20], [11, 8, 12, 9]]"
12a_0462_157,"[[11, 8, 12, 9], [13, 6, 14, 7], [15, 19, 16, 18], [17, 24, 18, 1], [19, 11, 20, 10], [21, 3, 22, 2], [23, 5, 24, 4], [1, 16, 2, 17], [3, 23, 4, 22], [5, 12, 6, 13], [7, 14, 8, 15], [9, 21, 10, 20]]"
12a_0462_158,"[[9, 21, 10, 20], [11, 8, 12, 9], [13, 6, 14, 7], [15, 19, 16, 18], [17, 24, 18, 1], [19, 11, 20, 10], [21, 3, 22, 2], [23, 5, 24, 4], [1, 16, 2, 17], [3, 23, 4, 22], [5, 12, 6, 13], [7, 14, 8, 15]]"
12a_0462_159,"[[7, 14, 8, 15], [9, 21, 10, 20], [11, 8, 12, 9], [13, 6, 14, 7], [15, 19, 16, 18], [17, 24, 18, 1], [19, 11, 20, 10], [21, 3, 22, 2], [23, 5, 24, 4], [1, 16, 2, 17], [3, 23, 4, 22], [5, 12, 6, 13]]"
12a_0462_160,"[[5, 12, 6, 13], [7, 14, 8, 15], [9, 21, 10, 20], [11, 8, 12, 9], [13, 6, 14, 7], [15, 19, 16, 18], [17, 24, 18, 1], [19, 11, 20, 10], [21, 3, 22, 2], [23, 5, 24, 4], [1, 16, 2, 17], [3, 23, 4, 22]]"
12a_0462_161,"[[3, 23, 4, 22], [5, 12, 6, 13], [7, 14, 8, 15], [9, 21, 10, 20], [11, 8, 12, 9], [13, 6, 14, 7], [15, 19, 16, 18], [17, 24, 18, 1], [19, 11, 20, 10], [21, 3, 22, 2], [23, 5, 24, 4], [1, 16, 2, 17]]"
12a_0462_162,"[[1, 16, 2, 17], [3, 23, 4, 22], [5, 12, 6, 13], [7, 14, 8, 15], [9, 21, 10, 20], [11, 8, 12, 9], [13, 6, 14, 7], [15, 19, 16, 18], [17, 24, 18, 1], [19, 11, 20, 10], [21, 3, 22, 2], [23, 5, 24, 4]]"
12a_0462_163,"[[23, 5, 24, 4], [1, 16, 2, 17], [3, 23, 4, 22], [5, 12, 6, 13], [7, 14, 8, 15], [9, 21, 10, 20], [11, 8, 12, 9], [13, 6, 14, 7], [15, 19, 16, 18], [17, 24, 18, 1], [19, 11, 20, 10], [21, 3, 22, 2]]"
12a_0462_164,"[[21, 3, 22, 2], [23, 5, 24, 4], [1, 16, 2, 17], [3, 23, 4, 22], [5, 12, 6, 13], [7, 14, 8, 15], [9, 21, 10, 20], [11, 8, 12, 9], [13, 6, 14, 7], [15, 19, 16, 18], [17, 24, 18, 1], [19, 11, 20, 10]]"
12a_0462_165,"[[19, 11, 20, 10], [21, 3, 22, 2], [23, 5, 24, 4], [1, 16, 2, 17], [3, 23, 4, 22], [5, 12, 6, 13], [7, 14, 8, 15], [9, 21, 10, 20], [11, 8, 12, 9], [13, 6, 14, 7], [15, 19, 16, 18], [17, 24, 18, 1]]"
12a_0462_166,"[[17, 24, 18, 1], [19, 11, 20, 10], [21, 3, 22, 2], [23, 5, 24, 4], [1, 16, 2, 17], [3, 23, 4, 22], [5, 12, 6, 13], [7, 14, 8, 15], [9, 21, 10, 20], [11, 8, 12, 9], [13, 6, 14, 7], [15, 19, 16, 18]]"
12a_0462_167,"[[15, 19, 16, 18], [17, 24, 18, 1], [19, 11, 20, 10], [21, 3, 22, 2], [23, 5, 24, 4], [1, 16, 2, 17], [3, 23, 4, 22], [5, 12, 6, 13], [7, 14, 8, 15], [9, 21, 10, 20], [11, 8, 12, 9], [13, 6, 14, 7]]"
12a_0462_168,"[[14, 7, 15, 8], [16, 20, 17, 19], [18, 1, 19, 2], [20, 12, 21, 11], [22, 4, 23, 3], [24, 6, 1, 5], [2, 17, 3, 18], [4, 24, 5, 23], [6, 13, 7, 14], [8, 15, 9, 16], [10, 22, 11, 21], [12, 9, 13, 10]]"
12a_0462_169,"[[12, 9, 13, 10], [14, 7, 15, 8], [16, 20, 17, 19], [18, 1, 19, 2], [20, 12, 21, 11], [22, 4, 23, 3], [24, 6, 1, 5], [2, 17, 3, 18], [4, 24, 5, 23], [6, 13, 7, 14], [8, 15, 9, 16], [10, 22, 11, 21]]"
12a_0462_170,"[[10, 22, 11, 21], [12, 9, 13, 10], [14, 7, 15, 8], [16, 20, 17, 19], [18, 1, 19, 2], [20, 12, 21, 11], [22, 4, 23, 3], [24, 6, 1, 5], [2, 17, 3, 18], [4, 24, 5, 23], [6, 13, 7, 14], [8, 15, 9, 16]]"
12a_0462_171,"[[8, 15, 9, 16], [10, 22, 11, 21], [12, 9, 13, 10], [14, 7, 15, 8], [16, 20, 17, 19], [18, 1, 19, 2], [20, 12, 21, 11], [22, 4, 23, 3], [24, 6, 1, 5], [2, 17, 3, 18], [4, 24, 5, 23], [6, 13, 7, 14]]"
12a_0462_172,"[[6, 13, 7, 14], [8, 15, 9, 16], [10, 22, 11, 21], [12, 9, 13, 10], [14, 7, 15, 8], [16, 20, 17, 19], [18, 1, 19, 2], [20, 12, 21, 11], [22, 4, 23, 3], [24, 6, 1, 5], [2, 17, 3, 18], [4, 24, 5, 23]]"
12a_0462_173,"[[4, 24, 5, 23], [6, 13, 7, 14], [8, 15, 9, 16], [10, 22, 11, 21], [12, 9, 13, 10], [14, 7, 15, 8], [16, 20, 17, 19], [18, 1, 19, 2], [20, 12, 21, 11], [22, 4, 23, 3], [24, 6, 1, 5], [2, 17, 3, 18]]"
12a_0462_174,"[[2, 17, 3, 18], [4, 24, 5, 23], [6, 13, 7, 14], [8, 15, 9, 16], [10, 22, 11, 21], [12, 9, 13, 10], [14, 7, 15, 8], [16, 20, 17, 19], [18, 1, 19, 2], [20, 12, 21, 11], [22, 4, 23, 3], [24, 6, 1, 5]]"
12a_0462_175,"[[24, 6, 1, 5], [2, 17, 3, 18], [4, 24, 5, 23], [6, 13, 7, 14], [8, 15, 9, 16], [10, 22, 11, 21], [12, 9, 13, 10], [14, 7, 15, 8], [16, 20, 17, 19], [18, 1, 19, 2], [20, 12, 21, 11], [22, 4, 23, 3]]"
12a_0462_176,"[[22, 4, 23, 3], [24, 6, 1, 5], [2, 17, 3, 18], [4, 24, 5, 23], [6, 13, 7, 14], [8, 15, 9, 16], [10, 22, 11, 21], [12, 9, 13, 10], [14, 7, 15, 8], [16, 20, 17, 19], [18, 1, 19, 2], [20, 12, 21, 11]]"
12a_0462_177,"[[20, 12, 21, 11], [22, 4, 23, 3], [24, 6, 1, 5], [2, 17, 3, 18], [4, 24, 5, 23], [6, 13, 7, 14], [8, 15, 9, 16], [10, 22, 11, 21], [12, 9, 13, 10], [14, 7, 15, 8], [16, 20, 17, 19], [18, 1, 19, 2]]"
12a_0462_178,"[[18, 1, 19, 2], [20, 12, 21, 11], [22, 4, 23, 3], [24, 6, 1, 5], [2, 17, 3, 18], [4, 24, 5, 23], [6, 13, 7, 14], [8, 15, 9, 16], [10, 22, 11, 21], [12, 9, 13, 10], [14, 7, 15, 8], [16, 20, 17, 19]]"
12a_0462_179,"[[16, 20, 17, 19], [18, 1, 19, 2], [20, 12, 21, 11], [22, 4, 23, 3], [24, 6, 1, 5], [2, 17, 3, 18], [4, 24, 5, 23], [6, 13, 7, 14], [8, 15, 9, 16], [10, 22, 11, 21], [12, 9, 13, 10], [14, 7, 15, 8]]"
12a_0462_180,"[[15, 8, 16, 9], [17, 21, 18, 20], [19, 2, 20, 3], [21, 13, 22, 12], [23, 5, 24, 4], [1, 7, 2, 6], [3, 18, 4, 19], [5, 1, 6, 24], [7, 14, 8, 15], [9, 16, 10, 17], [11, 23, 12, 22], [13, 10, 14, 11]]"
12a_0462_181,"[[13, 10, 14, 11], [15, 8, 16, 9], [17, 21, 18, 20], [19, 2, 20, 3], [21, 13, 22, 12], [23, 5, 24, 4], [1, 7, 2, 6], [3, 18, 4, 19], [5, 1, 6, 24], [7, 14, 8, 15], [9, 16, 10, 17], [11, 23, 12, 22]]"
12a_0462_182,"[[11, 23, 12, 22], [13, 10, 14, 11], [15, 8, 16, 9], [17, 21, 18, 20], [19, 2, 20, 3], [21, 13, 22, 12], [23, 5, 24, 4], [1, 7, 2, 6], [3, 18, 4, 19], [5, 1, 6, 24], [7, 14, 8, 15], [9, 16, 10, 17]]"
12a_0462_183,"[[9, 16, 10, 17], [11, 23, 12, 22], [13, 10, 14, 11], [15, 8, 16, 9], [17, 21, 18, 20], [19, 2, 20, 3], [21, 13, 22, 12], [23, 5, 24, 4], [1, 7, 2, 6], [3, 18, 4, 19], [5, 1, 6, 24], [7, 14, 8, 15]]"
12a_0462_184,"[[7, 14, 8, 15], [9, 16, 10, 17], [11, 23, 12, 22], [13, 10, 14, 11], [15, 8, 16, 9], [17, 21, 18, 20], [19, 2, 20, 3], [21, 13, 22, 12], [23, 5, 24, 4], [1, 7, 2, 6], [3, 18, 4, 19], [5, 1, 6, 24]]"
12a_0462_185,"[[5, 1, 6, 24], [7, 14, 8, 15], [9, 16, 10, 17], [11, 23, 12, 22], [13, 10, 14, 11], [15, 8, 16, 9], [17, 21, 18, 20], [19, 2, 20, 3], [21, 13, 22, 12], [23, 5, 24, 4], [1, 7, 2, 6], [3, 18, 4, 19]]"
