name,pd_notation
12a_0599_0,"[[24, 7, 1, 8], [2, 6, 3, 5], [4, 14, 5, 13], [6, 17, 7, 18], [8, 21, 9, 22], [10, 23, 11, 24], [12, 4, 13, 3], [14, 19, 15, 20], [16, 1, 17, 2], [18, 11, 19, 12], [20, 15, 21, 16], [22, 9, 23, 10]]"
12a_0599_1,"[[22, 9, 23, 10], [24, 7, 1, 8], [2, 6, 3, 5], [4, 14, 5, 13], [6, 17, 7, 18], [8, 21, 9, 22], [10, 23, 11, 24], [12, 4, 13, 3], [14, 19, 15, 20], [16, 1, 17, 2], [18, 11, 19, 12], [20, 15, 21, 16]]"
12a_0599_2,"[[20, 15, 21, 16], [22, 9, 23, 10], [24, 7, 1, 8], [2, 6, 3, 5], [4, 14, 5, 13], [6, 17, 7, 18], [8, 21, 9, 22], [10, 23, 11, 24], [12, 4, 13, 3], [14, 19, 15, 20], [16, 1, 17, 2], [18, 11, 19, 12]]"
12a_0599_3,"[[18, 11, 19, 12], [20, 15, 21, 16], [22, 9, 23, 10], [24, 7, 1, 8], [2, 6, 3, 5], [4, 14, 5, 13], [6, 17, 7, 18], [8, 21, 9, 22], [10, 23, 11, 24], [12, 4, 13, 3], [14, 19, 15, 20], [16, 1, 17, 2]]"
12a_0599_4,"[[16, 1, 17, 2], [18, 11, 19, 12], [20, 15, 21, 16], [22, 9, 23, 10], [24, 7, 1, 8], [2, 6, 3, 5], [4, 14, 5, 13], [6, 17, 7, 18], [8, 21, 9, 22], [10, 23, 11, 24], [12, 4, 13, 3], [14, 19, 15, 20]]"
12a_0599_5,"[[14, 19, 15, 20], [16, 1, 17, 2], [18, 11, 19, 12], [20, 15, 21, 16], [22, 9, 23, 10], [24, 7, 1, 8], [2, 6, 3, 5], [4, 14, 5, 13], [6, 17, 7, 18], [8, 21, 9, 22], [10, 23, 11, 24], [12, 4, 13, 3]]"
12a_0599_6,"[[12, 4, 13, 3], [14, 19, 15, 20], [16, 1, 17, 2], [18, 11, 19, 12], [20, 15, 21, 16], [22, 9, 23, 10], [24, 7, 1, 8], [2, 6, 3, 5], [4, 14, 5, 13], [6, 17, 7, 18], [8, 21, 9, 22], [10, 23, 11, 24]]"
12a_0599_7,"[[10, 23, 11, 24], [12, 4, 13, 3], [14, 19, 15, 20], [16, 1, 17, 2], [18, 11, 19, 12], [20, 15, 21, 16], [22, 9, 23, 10], [24, 7, 1, 8], [2, 6, 3, 5], [4, 14, 5, 13], [6, 17, 7, 18], [8, 21, 9, 22]]"
12a_0599_8,"[[8, 21, 9, 22], [10, 23, 11, 24], [12, 4, 13, 3], [14, 19, 15, 20], [16, 1, 17, 2], [18, 11, 19, 12], [20, 15, 21, 16], [22, 9, 23, 10], [24, 7, 1, 8], [2, 6, 3, 5], [4, 14, 5, 13], [6, 17, 7, 18]]"
12a_0599_9,"[[6, 17, 7, 18], [8, 21, 9, 22], [10, 23, 11, 24], [12, 4, 13, 3], [14, 19, 15, 20], [16, 1, 17, 2], [18, 11, 19, 12], [20, 15, 21, 16], [22, 9, 23, 10], [24, 7, 1, 8], [2, 6, 3, 5], [4, 14, 5, 13]]"
12a_0599_10,"[[4, 14, 5, 13], [6, 17, 7, 18], [8, 21, 9, 22], [10, 23, 11, 24], [12, 4, 13, 3], [14, 19, 15, 20], [16, 1, 17, 2], [18, 11, 19, 12], [20, 15, 21, 16], [22, 9, 23, 10], [24, 7, 1, 8], [2, 6, 3, 5]]"
12a_0599_11,"[[2, 6, 3, 5], [4, 14, 5, 13], [6, 17, 7, 18], [8, 21, 9, 22], [10, 23, 11, 24], [12, 4, 13, 3], [14, 19, 15, 20], [16, 1, 17, 2], [18, 11, 19, 12], [20, 15, 21, 16], [22, 9, 23, 10], [24, 7, 1, 8]]"
12a_0599_12,"[[1, 8, 2, 9], [3, 7, 4, 6], [5, 15, 6, 14], [7, 18, 8, 19], [9, 22, 10, 23], [11, 24, 12, 1], [13, 5, 14, 4], [15, 20, 16, 21], [17, 2, 18, 3], [19, 12, 20, 13], [21, 16, 22, 17], [23, 10, 24, 11]]"
12a_0599_13,"[[23, 10, 24, 11], [1, 8, 2, 9], [3, 7, 4, 6], [5, 15, 6, 14], [7, 18, 8, 19], [9, 22, 10, 23], [11, 24, 12, 1], [13, 5, 14, 4], [15, 20, 16, 21], [17, 2, 18, 3], [19, 12, 20, 13], [21, 16, 22, 17]]"
12a_0599_14,"[[21, 16, 22, 17], [23, 10, 24, 11], [1, 8, 2, 9], [3, 7, 4, 6], [5, 15, 6, 14], [7, 18, 8, 19], [9, 22, 10, 23], [11, 24, 12, 1], [13, 5, 14, 4], [15, 20, 16, 21], [17, 2, 18, 3], [19, 12, 20, 13]]"
12a_0599_15,"[[19, 12, 20, 13], [21, 16, 22, 17], [23, 10, 24, 11], [1, 8, 2, 9], [3, 7, 4, 6], [5, 15, 6, 14], [7, 18, 8, 19], [9, 22, 10, 23], [11, 24, 12, 1], [13, 5, 14, 4], [15, 20, 16, 21], [17, 2, 18, 3]]"
12a_0599_16,"[[17, 2, 18, 3], [19, 12, 20, 13], [21, 16, 22, 17], [23, 10, 24, 11], [1, 8, 2, 9], [3, 7, 4, 6], [5, 15, 6, 14], [7, 18, 8, 19], [9, 22, 10, 23], [11, 24, 12, 1], [13, 5, 14, 4], [15, 20, 16, 21]]"
12a_0599_17,"[[15, 20, 16, 21], [17, 2, 18, 3], [19, 12, 20, 13], [21, 16, 22, 17], [23, 10, 24, 11], [1, 8, 2, 9], [3, 7, 4, 6], [5, 15, 6, 14], [7, 18, 8, 19], [9, 22, 10, 23], [11, 24, 12, 1], [13, 5, 14, 4]]"
12a_0599_18,"[[13, 5, 14, 4], [15, 20, 16, 21], [17, 2, 18, 3], [19, 12, 20, 13], [21, 16, 22, 17], [23, 10, 24, 11], [1, 8, 2, 9], [3, 7, 4, 6], [5, 15, 6, 14], [7, 18, 8, 19], [9, 22, 10, 23], [11, 24, 12, 1]]"
12a_0599_19,"[[11, 24, 12, 1], [13, 5, 14, 4], [15, 20, 16, 21], [17, 2, 18, 3], [19, 12, 20, 13], [21, 16, 22, 17], [23, 10, 24, 11], [1, 8, 2, 9], [3, 7, 4, 6], [5, 15, 6, 14], [7, 18, 8, 19], [9, 22, 10, 23]]"
12a_0599_20,"[[9, 22, 10, 23], [11, 24, 12, 1], [13, 5, 14, 4], [15, 20, 16, 21], [17, 2, 18, 3], [19, 12, 20, 13], [21, 16, 22, 17], [23, 10, 24, 11], [1, 8, 2, 9], [3, 7, 4, 6], [5, 15, 6, 14], [7, 18, 8, 19]]"
12a_0599_21,"[[7, 18, 8, 19], [9, 22, 10, 23], [11, 24, 12, 1], [13, 5, 14, 4], [15, 20, 16, 21], [17, 2, 18, 3], [19, 12, 20, 13], [21, 16, 22, 17], [23, 10, 24, 11], [1, 8, 2, 9], [3, 7, 4, 6], [5, 15, 6, 14]]"
12a_0599_22,"[[5, 15, 6, 14], [7, 18, 8, 19], [9, 22, 10, 23], [11, 24, 12, 1], [13, 5, 14, 4], [15, 20, 16, 21], [17, 2, 18, 3], [19, 12, 20, 13], [21, 16, 22, 17], [23, 10, 24, 11], [1, 8, 2, 9], [3, 7, 4, 6]]"
12a_0599_23,"[[3, 7, 4, 6], [5, 15, 6, 14], [7, 18, 8, 19], [9, 22, 10, 23], [11, 24, 12, 1], [13, 5, 14, 4], [15, 20, 16, 21], [17, 2, 18, 3], [19, 12, 20, 13], [21, 16, 22, 17], [23, 10, 24, 11], [1, 8, 2, 9]]"
12a_0599_24,"[[2, 9, 3, 10], [4, 8, 5, 7], [6, 16, 7, 15], [8, 19, 9, 20], [10, 23, 11, 24], [12, 1, 13, 2], [14, 6, 15, 5], [16, 21, 17, 22], [18, 3, 19, 4], [20, 13, 21, 14], [22, 17, 23, 18], [24, 11, 1, 12]]"
12a_0599_25,"[[24, 11, 1, 12], [2, 9, 3, 10], [4, 8, 5, 7], [6, 16, 7, 15], [8, 19, 9, 20], [10, 23, 11, 24], [12, 1, 13, 2], [14, 6, 15, 5], [16, 21, 17, 22], [18, 3, 19, 4], [20, 13, 21, 14], [22, 17, 23, 18]]"
12a_0599_26,"[[22, 17, 23, 18], [24, 11, 1, 12], [2, 9, 3, 10], [4, 8, 5, 7], [6, 16, 7, 15], [8, 19, 9, 20], [10, 23, 11, 24], [12, 1, 13, 2], [14, 6, 15, 5], [16, 21, 17, 22], [18, 3, 19, 4], [20, 13, 21, 14]]"
12a_0599_27,"[[20, 13, 21, 14], [22, 17, 23, 18], [24, 11, 1, 12], [2, 9, 3, 10], [4, 8, 5, 7], [6, 16, 7, 15], [8, 19, 9, 20], [10, 23, 11, 24], [12, 1, 13, 2], [14, 6, 15, 5], [16, 21, 17, 22], [18, 3, 19, 4]]"
12a_0599_28,"[[18, 3, 19, 4], [20, 13, 21, 14], [22, 17, 23, 18], [24, 11, 1, 12], [2, 9, 3, 10], [4, 8, 5, 7], [6, 16, 7, 15], [8, 19, 9, 20], [10, 23, 11, 24], [12, 1, 13, 2], [14, 6, 15, 5], [16, 21, 17, 22]]"
12a_0599_29,"[[16, 21, 17, 22], [18, 3, 19, 4], [20, 13, 21, 14], [22, 17, 23, 18], [24, 11, 1, 12], [2, 9, 3, 10], [4, 8, 5, 7], [6, 16, 7, 15], [8, 19, 9, 20], [10, 23, 11, 24], [12, 1, 13, 2], [14, 6, 15, 5]]"
12a_0599_30,"[[14, 6, 15, 5], [16, 21, 17, 22], [18, 3, 19, 4], [20, 13, 21, 14], [22, 17, 23, 18], [24, 11, 1, 12], [2, 9, 3, 10], [4, 8, 5, 7], [6, 16, 7, 15], [8, 19, 9, 20], [10, 23, 11, 24], [12, 1, 13, 2]]"
12a_0599_31,"[[12, 1, 13, 2], [14, 6, 15, 5], [16, 21, 17, 22], [18, 3, 19, 4], [20, 13, 21, 14], [22, 17, 23, 18], [24, 11, 1, 12], [2, 9, 3, 10], [4, 8, 5, 7], [6, 16, 7, 15], [8, 19, 9, 20], [10, 23, 11, 24]]"
12a_0599_32,"[[10, 23, 11, 24], [12, 1, 13, 2], [14, 6, 15, 5], [16, 21, 17, 22], [18, 3, 19, 4], [20, 13, 21, 14], [22, 17, 23, 18], [24, 11, 1, 12], [2, 9, 3, 10], [4, 8, 5, 7], [6, 16, 7, 15], [8, 19, 9, 20]]"
12a_0599_33,"[[8, 19, 9, 20], [10, 23, 11, 24], [12, 1, 13, 2], [14, 6, 15, 5], [16, 21, 17, 22], [18, 3, 19, 4], [20, 13, 21, 14], [22, 17, 23, 18], [24, 11, 1, 12], [2, 9, 3, 10], [4, 8, 5, 7], [6, 16, 7, 15]]"
12a_0599_34,"[[6, 16, 7, 15], [8, 19, 9, 20], [10, 23, 11, 24], [12, 1, 13, 2], [14, 6, 15, 5], [16, 21, 17, 22], [18, 3, 19, 4], [20, 13, 21, 14], [22, 17, 23, 18], [24, 11, 1, 12], [2, 9, 3, 10], [4, 8, 5, 7]]"
12a_0599_35,"[[4, 8, 5, 7], [6, 16, 7, 15], [8, 19, 9, 20], [10, 23, 11, 24], [12, 1, 13, 2], [14, 6, 15, 5], [16, 21, 17, 22], [18, 3, 19, 4], [20, 13, 21, 14], [22, 17, 23, 18], [24, 11, 1, 12], [2, 9, 3, 10]]"
12a_0599_36,"[[3, 10, 4, 11], [5, 9, 6, 8], [7, 17, 8, 16], [9, 20, 10, 21], [11, 24, 12, 1], [13, 2, 14, 3], [15, 7, 16, 6], [17, 22, 18, 23], [19, 4, 20, 5], [21, 14, 22, 15], [23, 18, 24, 19], [1, 12, 2, 13]]"
12a_0599_37,"[[1, 12, 2, 13], [3, 10, 4, 11], [5, 9, 6, 8], [7, 17, 8, 16], [9, 20, 10, 21], [11, 24, 12, 1], [13, 2, 14, 3], [15, 7, 16, 6], [17, 22, 18, 23], [19, 4, 20, 5], [21, 14, 22, 15], [23, 18, 24, 19]]"
12a_0599_38,"[[23, 18, 24, 19], [1, 12, 2, 13], [3, 10, 4, 11], [5, 9, 6, 8], [7, 17, 8, 16], [9, 20, 10, 21], [11, 24, 12, 1], [13, 2, 14, 3], [15, 7, 16, 6], [17, 22, 18, 23], [19, 4, 20, 5], [21, 14, 22, 15]]"
12a_0599_39,"[[21, 14, 22, 15], [23, 18, 24, 19], [1, 12, 2, 13], [3, 10, 4, 11], [5, 9, 6, 8], [7, 17, 8, 16], [9, 20, 10, 21], [11, 24, 12, 1], [13, 2, 14, 3], [15, 7, 16, 6], [17, 22, 18, 23], [19, 4, 20, 5]]"
12a_0599_40,"[[19, 4, 20, 5], [21, 14, 22, 15], [23, 18, 24, 19], [1, 12, 2, 13], [3, 10, 4, 11], [5, 9, 6, 8], [7, 17, 8, 16], [9, 20, 10, 21], [11, 24, 12, 1], [13, 2, 14, 3], [15, 7, 16, 6], [17, 22, 18, 23]]"
12a_0599_41,"[[17, 22, 18, 23], [19, 4, 20, 5], [21, 14, 22, 15], [23, 18, 24, 19], [1, 12, 2, 13], [3, 10, 4, 11], [5, 9, 6, 8], [7, 17, 8, 16], [9, 20, 10, 21], [11, 24, 12, 1], [13, 2, 14, 3], [15, 7, 16, 6]]"
12a_0599_42,"[[15, 7, 16, 6], [17, 22, 18, 23], [19, 4, 20, 5], [21, 14, 22, 15], [23, 18, 24, 19], [1, 12, 2, 13], [3, 10, 4, 11], [5, 9, 6, 8], [7, 17, 8, 16], [9, 20, 10, 21], [11, 24, 12, 1], [13, 2, 14, 3]]"
12a_0599_43,"[[13, 2, 14, 3], [15, 7, 16, 6], [17, 22, 18, 23], [19, 4, 20, 5], [21, 14, 22, 15], [23, 18, 24, 19], [1, 12, 2, 13], [3, 10, 4, 11], [5, 9, 6, 8], [7, 17, 8, 16], [9, 20, 10, 21], [11, 24, 12, 1]]"
12a_0599_44,"[[11, 24, 12, 1], [13, 2, 14, 3], [15, 7, 16, 6], [17, 22, 18, 23], [19, 4, 20, 5], [21, 14, 22, 15], [23, 18, 24, 19], [1, 12, 2, 13], [3, 10, 4, 11], [5, 9, 6, 8], [7, 17, 8, 16], [9, 20, 10, 21]]"
12a_0599_45,"[[9, 20, 10, 21], [11, 24, 12, 1], [13, 2, 14, 3], [15, 7, 16, 6], [17, 22, 18, 23], [19, 4, 20, 5], [21, 14, 22, 15], [23, 18, 24, 19], [1, 12, 2, 13], [3, 10, 4, 11], [5, 9, 6, 8], [7, 17, 8, 16]]"
12a_0599_46,"[[7, 17, 8, 16], [9, 20, 10, 21], [11, 24, 12, 1], [13, 2, 14, 3], [15, 7, 16, 6], [17, 22, 18, 23], [19, 4, 20, 5], [21, 14, 22, 15], [23, 18, 24, 19], [1, 12, 2, 13], [3, 10, 4, 11], [5, 9, 6, 8]]"
12a_0599_47,"[[5, 9, 6, 8], [7, 17, 8, 16], [9, 20, 10, 21], [11, 24, 12, 1], [13, 2, 14, 3], [15, 7, 16, 6], [17, 22, 18, 23], [19, 4, 20, 5], [21, 14, 22, 15], [23, 18, 24, 19], [1, 12, 2, 13], [3, 10, 4, 11]]"
12a_0599_48,"[[4, 11, 5, 12], [6, 10, 7, 9], [8, 18, 9, 17], [10, 21, 11, 22], [12, 1, 13, 2], [14, 3, 15, 4], [16, 8, 17, 7], [18, 23, 19, 24], [20, 5, 21, 6], [22, 15, 23, 16], [24, 19, 1, 20], [2, 13, 3, 14]]"
12a_0599_49,"[[2, 13, 3, 14], [4, 11, 5, 12], [6, 10, 7, 9], [8, 18, 9, 17], [10, 21, 11, 22], [12, 1, 13, 2], [14, 3, 15, 4], [16, 8, 17, 7], [18, 23, 19, 24], [20, 5, 21, 6], [22, 15, 23, 16], [24, 19, 1, 20]]"
12a_0599_50,"[[24, 19, 1, 20], [2, 13, 3, 14], [4, 11, 5, 12], [6, 10, 7, 9], [8, 18, 9, 17], [10, 21, 11, 22], [12, 1, 13, 2], [14, 3, 15, 4], [16, 8, 17, 7], [18, 23, 19, 24], [20, 5, 21, 6], [22, 15, 23, 16]]"
12a_0599_51,"[[22, 15, 23, 16], [24, 19, 1, 20], [2, 13, 3, 14], [4, 11, 5, 12], [6, 10, 7, 9], [8, 18, 9, 17], [10, 21, 11, 22], [12, 1, 13, 2], [14, 3, 15, 4], [16, 8, 17, 7], [18, 23, 19, 24], [20, 5, 21, 6]]"
12a_0599_52,"[[20, 5, 21, 6], [22, 15, 23, 16], [24, 19, 1, 20], [2, 13, 3, 14], [4, 11, 5, 12], [6, 10, 7, 9], [8, 18, 9, 17], [10, 21, 11, 22], [12, 1, 13, 2], [14, 3, 15, 4], [16, 8, 17, 7], [18, 23, 19, 24]]"
12a_0599_53,"[[18, 23, 19, 24], [20, 5, 21, 6], [22, 15, 23, 16], [24, 19, 1, 20], [2, 13, 3, 14], [4, 11, 5, 12], [6, 10, 7, 9], [8, 18, 9, 17], [10, 21, 11, 22], [12, 1, 13, 2], [14, 3, 15, 4], [16, 8, 17, 7]]"
12a_0599_54,"[[16, 8, 17, 7], [18, 23, 19, 24], [20, 5, 21, 6], [22, 15, 23, 16], [24, 19, 1, 20], [2, 13, 3, 14], [4, 11, 5, 12], [6, 10, 7, 9], [8, 18, 9, 17], [10, 21, 11, 22], [12, 1, 13, 2], [14, 3, 15, 4]]"
12a_0599_55,"[[14, 3, 15, 4], [16, 8, 17, 7], [18, 23, 19, 24], [20, 5, 21, 6], [22, 15, 23, 16], [24, 19, 1, 20], [2, 13, 3, 14], [4, 11, 5, 12], [6, 10, 7, 9], [8, 18, 9, 17], [10, 21, 11, 22], [12, 1, 13, 2]]"
12a_0599_56,"[[12, 1, 13, 2], [14, 3, 15, 4], [16, 8, 17, 7], [18, 23, 19, 24], [20, 5, 21, 6], [22, 15, 23, 16], [24, 19, 1, 20], [2, 13, 3, 14], [4, 11, 5, 12], [6, 10, 7, 9], [8, 18, 9, 17], [10, 21, 11, 22]]"
12a_0599_57,"[[10, 21, 11, 22], [12, 1, 13, 2], [14, 3, 15, 4], [16, 8, 17, 7], [18, 23, 19, 24], [20, 5, 21, 6], [22, 15, 23, 16], [24, 19, 1, 20], [2, 13, 3, 14], [4, 11, 5, 12], [6, 10, 7, 9], [8, 18, 9, 17]]"
12a_0599_58,"[[8, 18, 9, 17], [10, 21, 11, 22], [12, 1, 13, 2], [14, 3, 15, 4], [16, 8, 17, 7], [18, 23, 19, 24], [20, 5, 21, 6], [22, 15, 23, 16], [24, 19, 1, 20], [2, 13, 3, 14], [4, 11, 5, 12], [6, 10, 7, 9]]"
12a_0599_59,"[[6, 10, 7, 9], [8, 18, 9, 17], [10, 21, 11, 22], [12, 1, 13, 2], [14, 3, 15, 4], [16, 8, 17, 7], [18, 23, 19, 24], [20, 5, 21, 6], [22, 15, 23, 16], [24, 19, 1, 20], [2, 13, 3, 14], [4, 11, 5, 12]]"
12a_0599_60,"[[5, 12, 6, 13], [7, 11, 8, 10], [9, 19, 10, 18], [11, 22, 12, 23], [13, 2, 14, 3], [15, 4, 16, 5], [17, 9, 18, 8], [19, 24, 20, 1], [21, 6, 22, 7], [23, 16, 24, 17], [1, 20, 2, 21], [3, 14, 4, 15]]"
12a_0599_61,"[[3, 14, 4, 15], [5, 12, 6, 13], [7, 11, 8, 10], [9, 19, 10, 18], [11, 22, 12, 23], [13, 2, 14, 3], [15, 4, 16, 5], [17, 9, 18, 8], [19, 24, 20, 1], [21, 6, 22, 7], [23, 16, 24, 17], [1, 20, 2, 21]]"
12a_0599_62,"[[1, 20, 2, 21], [3, 14, 4, 15], [5, 12, 6, 13], [7, 11, 8, 10], [9, 19, 10, 18], [11, 22, 12, 23], [13, 2, 14, 3], [15, 4, 16, 5], [17, 9, 18, 8], [19, 24, 20, 1], [21, 6, 22, 7], [23, 16, 24, 17]]"
12a_0599_63,"[[23, 16, 24, 17], [1, 20, 2, 21], [3, 14, 4, 15], [5, 12, 6, 13], [7, 11, 8, 10], [9, 19, 10, 18], [11, 22, 12, 23], [13, 2, 14, 3], [15, 4, 16, 5], [17, 9, 18, 8], [19, 24, 20, 1], [21, 6, 22, 7]]"
12a_0599_64,"[[21, 6, 22, 7], [23, 16, 24, 17], [1, 20, 2, 21], [3, 14, 4, 15], [5, 12, 6, 13], [7, 11, 8, 10], [9, 19, 10, 18], [11, 22, 12, 23], [13, 2, 14, 3], [15, 4, 16, 5], [17, 9, 18, 8], [19, 24, 20, 1]]"
12a_0599_65,"[[19, 24, 20, 1], [21, 6, 22, 7], [23, 16, 24, 17], [1, 20, 2, 21], [3, 14, 4, 15], [5, 12, 6, 13], [7, 11, 8, 10], [9, 19, 10, 18], [11, 22, 12, 23], [13, 2, 14, 3], [15, 4, 16, 5], [17, 9, 18, 8]]"
12a_0599_66,"[[17, 9, 18, 8], [19, 24, 20, 1], [21, 6, 22, 7], [23, 16, 24, 17], [1, 20, 2, 21], [3, 14, 4, 15], [5, 12, 6, 13], [7, 11, 8, 10], [9, 19, 10, 18], [11, 22, 12, 23], [13, 2, 14, 3], [15, 4, 16, 5]]"
12a_0599_67,"[[15, 4, 16, 5], [17, 9, 18, 8], [19, 24, 20, 1], [21, 6, 22, 7], [23, 16, 24, 17], [1, 20, 2, 21], [3, 14, 4, 15], [5, 12, 6, 13], [7, 11, 8, 10], [9, 19, 10, 18], [11, 22, 12, 23], [13, 2, 14, 3]]"
12a_0599_68,"[[13, 2, 14, 3], [15, 4, 16, 5], [17, 9, 18, 8], [19, 24, 20, 1], [21, 6, 22, 7], [23, 16, 24, 17], [1, 20, 2, 21], [3, 14, 4, 15], [5, 12, 6, 13], [7, 11, 8, 10], [9, 19, 10, 18], [11, 22, 12, 23]]"
12a_0599_69,"[[11, 22, 12, 23], [13, 2, 14, 3], [15, 4, 16, 5], [17, 9, 18, 8], [19, 24, 20, 1], [21, 6, 22, 7], [23, 16, 24, 17], [1, 20, 2, 21], [3, 14, 4, 15], [5, 12, 6, 13], [7, 11, 8, 10], [9, 19, 10, 18]]"
12a_0599_70,"[[9, 19, 10, 18], [11, 22, 12, 23], [13, 2, 14, 3], [15, 4, 16, 5], [17, 9, 18, 8], [19, 24, 20, 1], [21, 6, 22, 7], [23, 16, 24, 17], [1, 20, 2, 21], [3, 14, 4, 15], [5, 12, 6, 13], [7, 11, 8, 10]]"
12a_0599_71,"[[7, 11, 8, 10], [9, 19, 10, 18], [11, 22, 12, 23], [13, 2, 14, 3], [15, 4, 16, 5], [17, 9, 18, 8], [19, 24, 20, 1], [21, 6, 22, 7], [23, 16, 24, 17], [1, 20, 2, 21], [3, 14, 4, 15], [5, 12, 6, 13]]"
12a_0599_72,"[[6, 13, 7, 14], [8, 12, 9, 11], [10, 20, 11, 19], [12, 23, 13, 24], [14, 3, 15, 4], [16, 5, 17, 6], [18, 10, 19, 9], [20, 1, 21, 2], [22, 7, 23, 8], [24, 17, 1, 18], [2, 21, 3, 22], [4, 15, 5, 16]]"
12a_0599_73,"[[4, 15, 5, 16], [6, 13, 7, 14], [8, 12, 9, 11], [10, 20, 11, 19], [12, 23, 13, 24], [14, 3, 15, 4], [16, 5, 17, 6], [18, 10, 19, 9], [20, 1, 21, 2], [22, 7, 23, 8], [24, 17, 1, 18], [2, 21, 3, 22]]"
12a_0599_74,"[[2, 21, 3, 22], [4, 15, 5, 16], [6, 13, 7, 14], [8, 12, 9, 11], [10, 20, 11, 19], [12, 23, 13, 24], [14, 3, 15, 4], [16, 5, 17, 6], [18, 10, 19, 9], [20, 1, 21, 2], [22, 7, 23, 8], [24, 17, 1, 18]]"
12a_0599_75,"[[24, 17, 1, 18], [2, 21, 3, 22], [4, 15, 5, 16], [6, 13, 7, 14], [8, 12, 9, 11], [10, 20, 11, 19], [12, 23, 13, 24], [14, 3, 15, 4], [16, 5, 17, 6], [18, 10, 19, 9], [20, 1, 21, 2], [22, 7, 23, 8]]"
12a_0599_76,"[[22, 7, 23, 8], [24, 17, 1, 18], [2, 21, 3, 22], [4, 15, 5, 16], [6, 13, 7, 14], [8, 12, 9, 11], [10, 20, 11, 19], [12, 23, 13, 24], [14, 3, 15, 4], [16, 5, 17, 6], [18, 10, 19, 9], [20, 1, 21, 2]]"
12a_0599_77,"[[20, 1, 21, 2], [22, 7, 23, 8], [24, 17, 1, 18], [2, 21, 3, 22], [4, 15, 5, 16], [6, 13, 7, 14], [8, 12, 9, 11], [10, 20, 11, 19], [12, 23, 13, 24], [14, 3, 15, 4], [16, 5, 17, 6], [18, 10, 19, 9]]"
12a_0599_78,"[[18, 10, 19, 9], [20, 1, 21, 2], [22, 7, 23, 8], [24, 17, 1, 18], [2, 21, 3, 22], [4, 15, 5, 16], [6, 13, 7, 14], [8, 12, 9, 11], [10, 20, 11, 19], [12, 23, 13, 24], [14, 3, 15, 4], [16, 5, 17, 6]]"
12a_0599_79,"[[16, 5, 17, 6], [18, 10, 19, 9], [20, 1, 21, 2], [22, 7, 23, 8], [24, 17, 1, 18], [2, 21, 3, 22], [4, 15, 5, 16], [6, 13, 7, 14], [8, 12, 9, 11], [10, 20, 11, 19], [12, 23, 13, 24], [14, 3, 15, 4]]"
12a_0599_80,"[[14, 3, 15, 4], [16, 5, 17, 6], [18, 10, 19, 9], [20, 1, 21, 2], [22, 7, 23, 8], [24, 17, 1, 18], [2, 21, 3, 22], [4, 15, 5, 16], [6, 13, 7, 14], [8, 12, 9, 11], [10, 20, 11, 19], [12, 23, 13, 24]]"
12a_0599_81,"[[12, 23, 13, 24], [14, 3, 15, 4], [16, 5, 17, 6], [18, 10, 19, 9], [20, 1, 21, 2], [22, 7, 23, 8], [24, 17, 1, 18], [2, 21, 3, 22], [4, 15, 5, 16], [6, 13, 7, 14], [8, 12, 9, 11], [10, 20, 11, 19]]"
12a_0599_82,"[[10, 20, 11, 19], [12, 23, 13, 24], [14, 3, 15, 4], [16, 5, 17, 6], [18, 10, 19, 9], [20, 1, 21, 2], [22, 7, 23, 8], [24, 17, 1, 18], [2, 21, 3, 22], [4, 15, 5, 16], [6, 13, 7, 14], [8, 12, 9, 11]]"
12a_0599_83,"[[8, 12, 9, 11], [10, 20, 11, 19], [12, 23, 13, 24], [14, 3, 15, 4], [16, 5, 17, 6], [18, 10, 19, 9], [20, 1, 21, 2], [22, 7, 23, 8], [24, 17, 1, 18], [2, 21, 3, 22], [4, 15, 5, 16], [6, 13, 7, 14]]"
12a_0599_84,"[[7, 14, 8, 15], [9, 13, 10, 12], [11, 21, 12, 20], [13, 24, 14, 1], [15, 4, 16, 5], [17, 6, 18, 7], [19, 11, 20, 10], [21, 2, 22, 3], [23, 8, 24, 9], [1, 18, 2, 19], [3, 22, 4, 23], [5, 16, 6, 17]]"
12a_0599_85,"[[5, 16, 6, 17], [7, 14, 8, 15], [9, 13, 10, 12], [11, 21, 12, 20], [13, 24, 14, 1], [15, 4, 16, 5], [17, 6, 18, 7], [19, 11, 20, 10], [21, 2, 22, 3], [23, 8, 24, 9], [1, 18, 2, 19], [3, 22, 4, 23]]"
12a_0599_86,"[[3, 22, 4, 23], [5, 16, 6, 17], [7, 14, 8, 15], [9, 13, 10, 12], [11, 21, 12, 20], [13, 24, 14, 1], [15, 4, 16, 5], [17, 6, 18, 7], [19, 11, 20, 10], [21, 2, 22, 3], [23, 8, 24, 9], [1, 18, 2, 19]]"
12a_0599_87,"[[1, 18, 2, 19], [3, 22, 4, 23], [5, 16, 6, 17], [7, 14, 8, 15], [9, 13, 10, 12], [11, 21, 12, 20], [13, 24, 14, 1], [15, 4, 16, 5], [17, 6, 18, 7], [19, 11, 20, 10], [21, 2, 22, 3], [23, 8, 24, 9]]"
12a_0599_88,"[[23, 8, 24, 9], [1, 18, 2, 19], [3, 22, 4, 23], [5, 16, 6, 17], [7, 14, 8, 15], [9, 13, 10, 12], [11, 21, 12, 20], [13, 24, 14, 1], [15, 4, 16, 5], [17, 6, 18, 7], [19, 11, 20, 10], [21, 2, 22, 3]]"
12a_0599_89,"[[21, 2, 22, 3], [23, 8, 24, 9], [1, 18, 2, 19], [3, 22, 4, 23], [5, 16, 6, 17], [7, 14, 8, 15], [9, 13, 10, 12], [11, 21, 12, 20], [13, 24, 14, 1], [15, 4, 16, 5], [17, 6, 18, 7], [19, 11, 20, 10]]"
12a_0599_90,"[[19, 11, 20, 10], [21, 2, 22, 3], [23, 8, 24, 9], [1, 18, 2, 19], [3, 22, 4, 23], [5, 16, 6, 17], [7, 14, 8, 15], [9, 13, 10, 12], [11, 21, 12, 20], [13, 24, 14, 1], [15, 4, 16, 5], [17, 6, 18, 7]]"
12a_0599_91,"[[17, 6, 18, 7], [19, 11, 20, 10], [21, 2, 22, 3], [23, 8, 24, 9], [1, 18, 2, 19], [3, 22, 4, 23], [5, 16, 6, 17], [7, 14, 8, 15], [9, 13, 10, 12], [11, 21, 12, 20], [13, 24, 14, 1], [15, 4, 16, 5]]"
12a_0599_92,"[[15, 4, 16, 5], [17, 6, 18, 7], [19, 11, 20, 10], [21, 2, 22, 3], [23, 8, 24, 9], [1, 18, 2, 19], [3, 22, 4, 23], [5, 16, 6, 17], [7, 14, 8, 15], [9, 13, 10, 12], [11, 21, 12, 20], [13, 24, 14, 1]]"
12a_0599_93,"[[13, 24, 14, 1], [15, 4, 16, 5], [17, 6, 18, 7], [19, 11, 20, 10], [21, 2, 22, 3], [23, 8, 24, 9], [1, 18, 2, 19], [3, 22, 4, 23], [5, 16, 6, 17], [7, 14, 8, 15], [9, 13, 10, 12], [11, 21, 12, 20]]"
12a_0599_94,"[[11, 21, 12, 20], [13, 24, 14, 1], [15, 4, 16, 5], [17, 6, 18, 7], [19, 11, 20, 10], [21, 2, 22, 3], [23, 8, 24, 9], [1, 18, 2, 19], [3, 22, 4, 23], [5, 16, 6, 17], [7, 14, 8, 15], [9, 13, 10, 12]]"
12a_0599_95,"[[9, 13, 10, 12], [11, 21, 12, 20], [13, 24, 14, 1], [15, 4, 16, 5], [17, 6, 18, 7], [19, 11, 20, 10], [21, 2, 22, 3], [23, 8, 24, 9], [1, 18, 2, 19], [3, 22, 4, 23], [5, 16, 6, 17], [7, 14, 8, 15]]"
12a_0599_96,"[[8, 15, 9, 16], [10, 14, 11, 13], [12, 22, 13, 21], [14, 1, 15, 2], [16, 5, 17, 6], [18, 7, 19, 8], [20, 12, 21, 11], [22, 3, 23, 4], [24, 9, 1, 10], [2, 19, 3, 20], [4, 23, 5, 24], [6, 17, 7, 18]]"
12a_0599_97,"[[6, 17, 7, 18], [8, 15, 9, 16], [10, 14, 11, 13], [12, 22, 13, 21], [14, 1, 15, 2], [16, 5, 17, 6], [18, 7, 19, 8], [20, 12, 21, 11], [22, 3, 23, 4], [24, 9, 1, 10], [2, 19, 3, 20], [4, 23, 5, 24]]"
12a_0599_98,"[[4, 23, 5, 24], [6, 17, 7, 18], [8, 15, 9, 16], [10, 14, 11, 13], [12, 22, 13, 21], [14, 1, 15, 2], [16, 5, 17, 6], [18, 7, 19, 8], [20, 12, 21, 11], [22, 3, 23, 4], [24, 9, 1, 10], [2, 19, 3, 20]]"
12a_0599_99,"[[2, 19, 3, 20], [4, 23, 5, 24], [6, 17, 7, 18], [8, 15, 9, 16], [10, 14, 11, 13], [12, 22, 13, 21], [14, 1, 15, 2], [16, 5, 17, 6], [18, 7, 19, 8], [20, 12, 21, 11], [22, 3, 23, 4], [24, 9, 1, 10]]"
12a_0599_100,"[[24, 9, 1, 10], [2, 19, 3, 20], [4, 23, 5, 24], [6, 17, 7, 18], [8, 15, 9, 16], [10, 14, 11, 13], [12, 22, 13, 21], [14, 1, 15, 2], [16, 5, 17, 6], [18, 7, 19, 8], [20, 12, 21, 11], [22, 3, 23, 4]]"
12a_0599_101,"[[22, 3, 23, 4], [24, 9, 1, 10], [2, 19, 3, 20], [4, 23, 5, 24], [6, 17, 7, 18], [8, 15, 9, 16], [10, 14, 11, 13], [12, 22, 13, 21], [14, 1, 15, 2], [16, 5, 17, 6], [18, 7, 19, 8], [20, 12, 21, 11]]"
12a_0599_102,"[[20, 12, 21, 11], [22, 3, 23, 4], [24, 9, 1, 10], [2, 19, 3, 20], [4, 23, 5, 24], [6, 17, 7, 18], [8, 15, 9, 16], [10, 14, 11, 13], [12, 22, 13, 21], [14, 1, 15, 2], [16, 5, 17, 6], [18, 7, 19, 8]]"
12a_0599_103,"[[18, 7, 19, 8], [20, 12, 21, 11], [22, 3, 23, 4], [24, 9, 1, 10], [2, 19, 3, 20], [4, 23, 5, 24], [6, 17, 7, 18], [8, 15, 9, 16], [10, 14, 11, 13], [12, 22, 13, 21], [14, 1, 15, 2], [16, 5, 17, 6]]"
12a_0599_104,"[[16, 5, 17, 6], [18, 7, 19, 8], [20, 12, 21, 11], [22, 3, 23, 4], [24, 9, 1, 10], [2, 19, 3, 20], [4, 23, 5, 24], [6, 17, 7, 18], [8, 15, 9, 16], [10, 14, 11, 13], [12, 22, 13, 21], [14, 1, 15, 2]]"
12a_0599_105,"[[14, 1, 15, 2], [16, 5, 17, 6], [18, 7, 19, 8], [20, 12, 21, 11], [22, 3, 23, 4], [24, 9, 1, 10], [2, 19, 3, 20], [4, 23, 5, 24], [6, 17, 7, 18], [8, 15, 9, 16], [10, 14, 11, 13], [12, 22, 13, 21]]"
12a_0599_106,"[[12, 22, 13, 21], [14, 1, 15, 2], [16, 5, 17, 6], [18, 7, 19, 8], [20, 12, 21, 11], [22, 3, 23, 4], [24, 9, 1, 10], [2, 19, 3, 20], [4, 23, 5, 24], [6, 17, 7, 18], [8, 15, 9, 16], [10, 14, 11, 13]]"
12a_0599_107,"[[10, 14, 11, 13], [12, 22, 13, 21], [14, 1, 15, 2], [16, 5, 17, 6], [18, 7, 19, 8], [20, 12, 21, 11], [22, 3, 23, 4], [24, 9, 1, 10], [2, 19, 3, 20], [4, 23, 5, 24], [6, 17, 7, 18], [8, 15, 9, 16]]"
12a_0599_108,"[[9, 16, 10, 17], [11, 15, 12, 14], [13, 23, 14, 22], [15, 2, 16, 3], [17, 6, 18, 7], [19, 8, 20, 9], [21, 13, 22, 12], [23, 4, 24, 5], [1, 10, 2, 11], [3, 20, 4, 21], [5, 24, 6, 1], [7, 18, 8, 19]]"
12a_0599_109,"[[7, 18, 8, 19], [9, 16, 10, 17], [11, 15, 12, 14], [13, 23, 14, 22], [15, 2, 16, 3], [17, 6, 18, 7], [19, 8, 20, 9], [21, 13, 22, 12], [23, 4, 24, 5], [1, 10, 2, 11], [3, 20, 4, 21], [5, 24, 6, 1]]"
12a_0599_110,"[[5, 24, 6, 1], [7, 18, 8, 19], [9, 16, 10, 17], [11, 15, 12, 14], [13, 23, 14, 22], [15, 2, 16, 3], [17, 6, 18, 7], [19, 8, 20, 9], [21, 13, 22, 12], [23, 4, 24, 5], [1, 10, 2, 11], [3, 20, 4, 21]]"
12a_0599_111,"[[3, 20, 4, 21], [5, 24, 6, 1], [7, 18, 8, 19], [9, 16, 10, 17], [11, 15, 12, 14], [13, 23, 14, 22], [15, 2, 16, 3], [17, 6, 18, 7], [19, 8, 20, 9], [21, 13, 22, 12], [23, 4, 24, 5], [1, 10, 2, 11]]"
12a_0599_112,"[[1, 10, 2, 11], [3, 20, 4, 21], [5, 24, 6, 1], [7, 18, 8, 19], [9, 16, 10, 17], [11, 15, 12, 14], [13, 23, 14, 22], [15, 2, 16, 3], [17, 6, 18, 7], [19, 8, 20, 9], [21, 13, 22, 12], [23, 4, 24, 5]]"
12a_0599_113,"[[23, 4, 24, 5], [1, 10, 2, 11], [3, 20, 4, 21], [5, 24, 6, 1], [7, 18, 8, 19], [9, 16, 10, 17], [11, 15, 12, 14], [13, 23, 14, 22], [15, 2, 16, 3], [17, 6, 18, 7], [19, 8, 20, 9], [21, 13, 22, 12]]"
12a_0599_114,"[[21, 13, 22, 12], [23, 4, 24, 5], [1, 10, 2, 11], [3, 20, 4, 21], [5, 24, 6, 1], [7, 18, 8, 19], [9, 16, 10, 17], [11, 15, 12, 14], [13, 23, 14, 22], [15, 2, 16, 3], [17, 6, 18, 7], [19, 8, 20, 9]]"
12a_0599_115,"[[19, 8, 20, 9], [21, 13, 22, 12], [23, 4, 24, 5], [1, 10, 2, 11], [3, 20, 4, 21], [5, 24, 6, 1], [7, 18, 8, 19], [9, 16, 10, 17], [11, 15, 12, 14], [13, 23, 14, 22], [15, 2, 16, 3], [17, 6, 18, 7]]"
12a_0599_116,"[[17, 6, 18, 7], [19, 8, 20, 9], [21, 13, 22, 12], [23, 4, 24, 5], [1, 10, 2, 11], [3, 20, 4, 21], [5, 24, 6, 1], [7, 18, 8, 19], [9, 16, 10, 17], [11, 15, 12, 14], [13, 23, 14, 22], [15, 2, 16, 3]]"
12a_0599_117,"[[15, 2, 16, 3], [17, 6, 18, 7], [19, 8, 20, 9], [21, 13, 22, 12], [23, 4, 24, 5], [1, 10, 2, 11], [3, 20, 4, 21], [5, 24, 6, 1], [7, 18, 8, 19], [9, 16, 10, 17], [11, 15, 12, 14], [13, 23, 14, 22]]"
12a_0599_118,"[[13, 23, 14, 22], [15, 2, 16, 3], [17, 6, 18, 7], [19, 8, 20, 9], [21, 13, 22, 12], [23, 4, 24, 5], [1, 10, 2, 11], [3, 20, 4, 21], [5, 24, 6, 1], [7, 18, 8, 19], [9, 16, 10, 17], [11, 15, 12, 14]]"
12a_0599_119,"[[11, 15, 12, 14], [13, 23, 14, 22], [15, 2, 16, 3], [17, 6, 18, 7], [19, 8, 20, 9], [21, 13, 22, 12], [23, 4, 24, 5], [1, 10, 2, 11], [3, 20, 4, 21], [5, 24, 6, 1], [7, 18, 8, 19], [9, 16, 10, 17]]"
12a_0599_120,"[[10, 17, 11, 18], [12, 16, 13, 15], [14, 24, 15, 23], [16, 3, 17, 4], [18, 7, 19, 8], [20, 9, 21, 10], [22, 14, 23, 13], [24, 5, 1, 6], [2, 11, 3, 12], [4, 21, 5, 22], [6, 1, 7, 2], [8, 19, 9, 20]]"
12a_0599_121,"[[8, 19, 9, 20], [10, 17, 11, 18], [12, 16, 13, 15], [14, 24, 15, 23], [16, 3, 17, 4], [18, 7, 19, 8], [20, 9, 21, 10], [22, 14, 23, 13], [24, 5, 1, 6], [2, 11, 3, 12], [4, 21, 5, 22], [6, 1, 7, 2]]"
12a_0599_122,"[[6, 1, 7, 2], [8, 19, 9, 20], [10, 17, 11, 18], [12, 16, 13, 15], [14, 24, 15, 23], [16, 3, 17, 4], [18, 7, 19, 8], [20, 9, 21, 10], [22, 14, 23, 13], [24, 5, 1, 6], [2, 11, 3, 12], [4, 21, 5, 22]]"
12a_0599_123,"[[4, 21, 5, 22], [6, 1, 7, 2], [8, 19, 9, 20], [10, 17, 11, 18], [12, 16, 13, 15], [14, 24, 15, 23], [16, 3, 17, 4], [18, 7, 19, 8], [20, 9, 21, 10], [22, 14, 23, 13], [24, 5, 1, 6], [2, 11, 3, 12]]"
12a_0599_124,"[[2, 11, 3, 12], [4, 21, 5, 22], [6, 1, 7, 2], [8, 19, 9, 20], [10, 17, 11, 18], [12, 16, 13, 15], [14, 24, 15, 23], [16, 3, 17, 4], [18, 7, 19, 8], [20, 9, 21, 10], [22, 14, 23, 13], [24, 5, 1, 6]]"
12a_0599_125,"[[24, 5, 1, 6], [2, 11, 3, 12], [4, 21, 5, 22], [6, 1, 7, 2], [8, 19, 9, 20], [10, 17, 11, 18], [12, 16, 13, 15], [14, 24, 15, 23], [16, 3, 17, 4], [18, 7, 19, 8], [20, 9, 21, 10], [22, 14, 23, 13]]"
12a_0599_126,"[[22, 14, 23, 13], [24, 5, 1, 6], [2, 11, 3, 12], [4, 21, 5, 22], [6, 1, 7, 2], [8, 19, 9, 20], [10, 17, 11, 18], [12, 16, 13, 15], [14, 24, 15, 23], [16, 3, 17, 4], [18, 7, 19, 8], [20, 9, 21, 10]]"
12a_0599_127,"[[20, 9, 21, 10], [22, 14, 23, 13], [24, 5, 1, 6], [2, 11, 3, 12], [4, 21, 5, 22], [6, 1, 7, 2], [8, 19, 9, 20], [10, 17, 11, 18], [12, 16, 13, 15], [14, 24, 15, 23], [16, 3, 17, 4], [18, 7, 19, 8]]"
12a_0599_128,"[[18, 7, 19, 8], [20, 9, 21, 10], [22, 14, 23, 13], [24, 5, 1, 6], [2, 11, 3, 12], [4, 21, 5, 22], [6, 1, 7, 2], [8, 19, 9, 20], [10, 17, 11, 18], [12, 16, 13, 15], [14, 24, 15, 23], [16, 3, 17, 4]]"
12a_0599_129,"[[16, 3, 17, 4], [18, 7, 19, 8], [20, 9, 21, 10], [22, 14, 23, 13], [24, 5, 1, 6], [2, 11, 3, 12], [4, 21, 5, 22], [6, 1, 7, 2], [8, 19, 9, 20], [10, 17, 11, 18], [12, 16, 13, 15], [14, 24, 15, 23]]"
12a_0599_130,"[[14, 24, 15, 23], [16, 3, 17, 4], [18, 7, 19, 8], [20, 9, 21, 10], [22, 14, 23, 13], [24, 5, 1, 6], [2, 11, 3, 12], [4, 21, 5, 22], [6, 1, 7, 2], [8, 19, 9, 20], [10, 17, 11, 18], [12, 16, 13, 15]]"
12a_0599_131,"[[12, 16, 13, 15], [14, 24, 15, 23], [16, 3, 17, 4], [18, 7, 19, 8], [20, 9, 21, 10], [22, 14, 23, 13], [24, 5, 1, 6], [2, 11, 3, 12], [4, 21, 5, 22], [6, 1, 7, 2], [8, 19, 9, 20], [10, 17, 11, 18]]"
12a_0599_132,"[[11, 18, 12, 19], [13, 17, 14, 16], [15, 1, 16, 24], [17, 4, 18, 5], [19, 8, 20, 9], [21, 10, 22, 11], [23, 15, 24, 14], [1, 6, 2, 7], [3, 12, 4, 13], [5, 22, 6, 23], [7, 2, 8, 3], [9, 20, 10, 21]]"
12a_0599_133,"[[9, 20, 10, 21], [11, 18, 12, 19], [13, 17, 14, 16], [15, 1, 16, 24], [17, 4, 18, 5], [19, 8, 20, 9], [21, 10, 22, 11], [23, 15, 24, 14], [1, 6, 2, 7], [3, 12, 4, 13], [5, 22, 6, 23], [7, 2, 8, 3]]"
12a_0599_134,"[[7, 2, 8, 3], [9, 20, 10, 21], [11, 18, 12, 19], [13, 17, 14, 16], [15, 1, 16, 24], [17, 4, 18, 5], [19, 8, 20, 9], [21, 10, 22, 11], [23, 15, 24, 14], [1, 6, 2, 7], [3, 12, 4, 13], [5, 22, 6, 23]]"
12a_0599_135,"[[5, 22, 6, 23], [7, 2, 8, 3], [9, 20, 10, 21], [11, 18, 12, 19], [13, 17, 14, 16], [15, 1, 16, 24], [17, 4, 18, 5], [19, 8, 20, 9], [21, 10, 22, 11], [23, 15, 24, 14], [1, 6, 2, 7], [3, 12, 4, 13]]"
12a_0599_136,"[[3, 12, 4, 13], [5, 22, 6, 23], [7, 2, 8, 3], [9, 20, 10, 21], [11, 18, 12, 19], [13, 17, 14, 16], [15, 1, 16, 24], [17, 4, 18, 5], [19, 8, 20, 9], [21, 10, 22, 11], [23, 15, 24, 14], [1, 6, 2, 7]]"
12a_0599_137,"[[1, 6, 2, 7], [3, 12, 4, 13], [5, 22, 6, 23], [7, 2, 8, 3], [9, 20, 10, 21], [11, 18, 12, 19], [13, 17, 14, 16], [15, 1, 16, 24], [17, 4, 18, 5], [19, 8, 20, 9], [21, 10, 22, 11], [23, 15, 24, 14]]"
12a_0599_138,"[[23, 15, 24, 14], [1, 6, 2, 7], [3, 12, 4, 13], [5, 22, 6, 23], [7, 2, 8, 3], [9, 20, 10, 21], [11, 18, 12, 19], [13, 17, 14, 16], [15, 1, 16, 24], [17, 4, 18, 5], [19, 8, 20, 9], [21, 10, 22, 11]]"
12a_0599_139,"[[21, 10, 22, 11], [23, 15, 24, 14], [1, 6, 2, 7], [3, 12, 4, 13], [5, 22, 6, 23], [7, 2, 8, 3], [9, 20, 10, 21], [11, 18, 12, 19], [13, 17, 14, 16], [15, 1, 16, 24], [17, 4, 18, 5], [19, 8, 20, 9]]"
12a_0599_140,"[[19, 8, 20, 9], [21, 10, 22, 11], [23, 15, 24, 14], [1, 6, 2, 7], [3, 12, 4, 13], [5, 22, 6, 23], [7, 2, 8, 3], [9, 20, 10, 21], [11, 18, 12, 19], [13, 17, 14, 16], [15, 1, 16, 24], [17, 4, 18, 5]]"
12a_0599_141,"[[17, 4, 18, 5], [19, 8, 20, 9], [21, 10, 22, 11], [23, 15, 24, 14], [1, 6, 2, 7], [3, 12, 4, 13], [5, 22, 6, 23], [7, 2, 8, 3], [9, 20, 10, 21], [11, 18, 12, 19], [13, 17, 14, 16], [15, 1, 16, 24]]"
12a_0599_142,"[[15, 1, 16, 24], [17, 4, 18, 5], [19, 8, 20, 9], [21, 10, 22, 11], [23, 15, 24, 14], [1, 6, 2, 7], [3, 12, 4, 13], [5, 22, 6, 23], [7, 2, 8, 3], [9, 20, 10, 21], [11, 18, 12, 19], [13, 17, 14, 16]]"
12a_0599_143,"[[13, 17, 14, 16], [15, 1, 16, 24], [17, 4, 18, 5], [19, 8, 20, 9], [21, 10, 22, 11], [23, 15, 24, 14], [1, 6, 2, 7], [3, 12, 4, 13], [5, 22, 6, 23], [7, 2, 8, 3], [9, 20, 10, 21], [11, 18, 12, 19]]"
12a_0599_144,"[[12, 19, 13, 20], [14, 18, 15, 17], [16, 2, 17, 1], [18, 5, 19, 6], [20, 9, 21, 10], [22, 11, 23, 12], [24, 16, 1, 15], [2, 7, 3, 8], [4, 13, 5, 14], [6, 23, 7, 24], [8, 3, 9, 4], [10, 21, 11, 22]]"
12a_0599_145,"[[10, 21, 11, 22], [12, 19, 13, 20], [14, 18, 15, 17], [16, 2, 17, 1], [18, 5, 19, 6], [20, 9, 21, 10], [22, 11, 23, 12], [24, 16, 1, 15], [2, 7, 3, 8], [4, 13, 5, 14], [6, 23, 7, 24], [8, 3, 9, 4]]"
12a_0599_146,"[[8, 3, 9, 4], [10, 21, 11, 22], [12, 19, 13, 20], [14, 18, 15, 17], [16, 2, 17, 1], [18, 5, 19, 6], [20, 9, 21, 10], [22, 11, 23, 12], [24, 16, 1, 15], [2, 7, 3, 8], [4, 13, 5, 14], [6, 23, 7, 24]]"
12a_0599_147,"[[6, 23, 7, 24], [8, 3, 9, 4], [10, 21, 11, 22], [12, 19, 13, 20], [14, 18, 15, 17], [16, 2, 17, 1], [18, 5, 19, 6], [20, 9, 21, 10], [22, 11, 23, 12], [24, 16, 1, 15], [2, 7, 3, 8], [4, 13, 5, 14]]"
12a_0599_148,"[[4, 13, 5, 14], [6, 23, 7, 24], [8, 3, 9, 4], [10, 21, 11, 22], [12, 19, 13, 20], [14, 18, 15, 17], [16, 2, 17, 1], [18, 5, 19, 6], [20, 9, 21, 10], [22, 11, 23, 12], [24, 16, 1, 15], [2, 7, 3, 8]]"
12a_0599_149,"[[2, 7, 3, 8], [4, 13, 5, 14], [6, 23, 7, 24], [8, 3, 9, 4], [10, 21, 11, 22], [12, 19, 13, 20], [14, 18, 15, 17], [16, 2, 17, 1], [18, 5, 19, 6], [20, 9, 21, 10], [22, 11, 23, 12], [24, 16, 1, 15]]"
12a_0599_150,"[[24, 16, 1, 15], [2, 7, 3, 8], [4, 13, 5, 14], [6, 23, 7, 24], [8, 3, 9, 4], [10, 21, 11, 22], [12, 19, 13, 20], [14, 18, 15, 17], [16, 2, 17, 1], [18, 5, 19, 6], [20, 9, 21, 10], [22, 11, 23, 12]]"
12a_0599_151,"[[22, 11, 23, 12], [24, 16, 1, 15], [2, 7, 3, 8], [4, 13, 5, 14], [6, 23, 7, 24], [8, 3, 9, 4], [10, 21, 11, 22], [12, 19, 13, 20], [14, 18, 15, 17], [16, 2, 17, 1], [18, 5, 19, 6], [20, 9, 21, 10]]"
12a_0599_152,"[[20, 9, 21, 10], [22, 11, 23, 12], [24, 16, 1, 15], [2, 7, 3, 8], [4, 13, 5, 14], [6, 23, 7, 24], [8, 3, 9, 4], [10, 21, 11, 22], [12, 19, 13, 20], [14, 18, 15, 17], [16, 2, 17, 1], [18, 5, 19, 6]]"
12a_0599_153,"[[18, 5, 19, 6], [20, 9, 21, 10], [22, 11, 23, 12], [24, 16, 1, 15], [2, 7, 3, 8], [4, 13, 5, 14], [6, 23, 7, 24], [8, 3, 9, 4], [10, 21, 11, 22], [12, 19, 13, 20], [14, 18, 15, 17], [16, 2, 17, 1]]"
12a_0599_154,"[[16, 2, 17, 1], [18, 5, 19, 6], [20, 9, 21, 10], [22, 11, 23, 12], [24, 16, 1, 15], [2, 7, 3, 8], [4, 13, 5, 14], [6, 23, 7, 24], [8, 3, 9, 4], [10, 21, 11, 22], [12, 19, 13, 20], [14, 18, 15, 17]]"
12a_0599_155,"[[14, 18, 15, 17], [16, 2, 17, 1], [18, 5, 19, 6], [20, 9, 21, 10], [22, 11, 23, 12], [24, 16, 1, 15], [2, 7, 3, 8], [4, 13, 5, 14], [6, 23, 7, 24], [8, 3, 9, 4], [10, 21, 11, 22], [12, 19, 13, 20]]"
12a_0599_156,"[[13, 20, 14, 21], [15, 19, 16, 18], [17, 3, 18, 2], [19, 6, 20, 7], [21, 10, 22, 11], [23, 12, 24, 13], [1, 17, 2, 16], [3, 8, 4, 9], [5, 14, 6, 15], [7, 24, 8, 1], [9, 4, 10, 5], [11, 22, 12, 23]]"
12a_0599_157,"[[11, 22, 12, 23], [13, 20, 14, 21], [15, 19, 16, 18], [17, 3, 18, 2], [19, 6, 20, 7], [21, 10, 22, 11], [23, 12, 24, 13], [1, 17, 2, 16], [3, 8, 4, 9], [5, 14, 6, 15], [7, 24, 8, 1], [9, 4, 10, 5]]"
12a_0599_158,"[[9, 4, 10, 5], [11, 22, 12, 23], [13, 20, 14, 21], [15, 19, 16, 18], [17, 3, 18, 2], [19, 6, 20, 7], [21, 10, 22, 11], [23, 12, 24, 13], [1, 17, 2, 16], [3, 8, 4, 9], [5, 14, 6, 15], [7, 24, 8, 1]]"
12a_0599_159,"[[7, 24, 8, 1], [9, 4, 10, 5], [11, 22, 12, 23], [13, 20, 14, 21], [15, 19, 16, 18], [17, 3, 18, 2], [19, 6, 20, 7], [21, 10, 22, 11], [23, 12, 24, 13], [1, 17, 2, 16], [3, 8, 4, 9], [5, 14, 6, 15]]"
12a_0599_160,"[[5, 14, 6, 15], [7, 24, 8, 1], [9, 4, 10, 5], [11, 22, 12, 23], [13, 20, 14, 21], [15, 19, 16, 18], [17, 3, 18, 2], [19, 6, 20, 7], [21, 10, 22, 11], [23, 12, 24, 13], [1, 17, 2, 16], [3, 8, 4, 9]]"
12a_0599_161,"[[3, 8, 4, 9], [5, 14, 6, 15], [7, 24, 8, 1], [9, 4, 10, 5], [11, 22, 12, 23], [13, 20, 14, 21], [15, 19, 16, 18], [17, 3, 18, 2], [19, 6, 20, 7], [21, 10, 22, 11], [23, 12, 24, 13], [1, 17, 2, 16]]"
12a_0599_162,"[[1, 17, 2, 16], [3, 8, 4, 9], [5, 14, 6, 15], [7, 24, 8, 1], [9, 4, 10, 5], [11, 22, 12, 23], [13, 20, 14, 21], [15, 19, 16, 18], [17, 3, 18, 2], [19, 6, 20, 7], [21, 10, 22, 11], [23, 12, 24, 13]]"
12a_0599_163,"[[23, 12, 24, 13], [1, 17, 2, 16], [3, 8, 4, 9], [5, 14, 6, 15], [7, 24, 8, 1], [9, 4, 10, 5], [11, 22, 12, 23], [13, 20, 14, 21], [15, 19, 16, 18], [17, 3, 18, 2], [19, 6, 20, 7], [21, 10, 22, 11]]"
12a_0599_164,"[[21, 10, 22, 11], [23, 12, 24, 13], [1, 17, 2, 16], [3, 8, 4, 9], [5, 14, 6, 15], [7, 24, 8, 1], [9, 4, 10, 5], [11, 22, 12, 23], [13, 20, 14, 21], [15, 19, 16, 18], [17, 3, 18, 2], [19, 6, 20, 7]]"
12a_0599_165,"[[19, 6, 20, 7], [21, 10, 22, 11], [23, 12, 24, 13], [1, 17, 2, 16], [3, 8, 4, 9], [5, 14, 6, 15], [7, 24, 8, 1], [9, 4, 10, 5], [11, 22, 12, 23], [13, 20, 14, 21], [15, 19, 16, 18], [17, 3, 18, 2]]"
12a_0599_166,"[[17, 3, 18, 2], [19, 6, 20, 7], [21, 10, 22, 11], [23, 12, 24, 13], [1, 17, 2, 16], [3, 8, 4, 9], [5, 14, 6, 15], [7, 24, 8, 1], [9, 4, 10, 5], [11, 22, 12, 23], [13, 20, 14, 21], [15, 19, 16, 18]]"
12a_0599_167,"[[15, 19, 16, 18], [17, 3, 18, 2], [19, 6, 20, 7], [21, 10, 22, 11], [23, 12, 24, 13], [1, 17, 2, 16], [3, 8, 4, 9], [5, 14, 6, 15], [7, 24, 8, 1], [9, 4, 10, 5], [11, 22, 12, 23], [13, 20, 14, 21]]"
12a_0599_168,"[[14, 21, 15, 22], [16, 20, 17, 19], [18, 4, 19, 3], [20, 7, 21, 8], [22, 11, 23, 12], [24, 13, 1, 14], [2, 18, 3, 17], [4, 9, 5, 10], [6, 15, 7, 16], [8, 1, 9, 2], [10, 5, 11, 6], [12, 23, 13, 24]]"
12a_0599_169,"[[12, 23, 13, 24], [14, 21, 15, 22], [16, 20, 17, 19], [18, 4, 19, 3], [20, 7, 21, 8], [22, 11, 23, 12], [24, 13, 1, 14], [2, 18, 3, 17], [4, 9, 5, 10], [6, 15, 7, 16], [8, 1, 9, 2], [10, 5, 11, 6]]"
12a_0599_170,"[[10, 5, 11, 6], [12, 23, 13, 24], [14, 21, 15, 22], [16, 20, 17, 19], [18, 4, 19, 3], [20, 7, 21, 8], [22, 11, 23, 12], [24, 13, 1, 14], [2, 18, 3, 17], [4, 9, 5, 10], [6, 15, 7, 16], [8, 1, 9, 2]]"
12a_0599_171,"[[8, 1, 9, 2], [10, 5, 11, 6], [12, 23, 13, 24], [14, 21, 15, 22], [16, 20, 17, 19], [18, 4, 19, 3], [20, 7, 21, 8], [22, 11, 23, 12], [24, 13, 1, 14], [2, 18, 3, 17], [4, 9, 5, 10], [6, 15, 7, 16]]"
12a_0599_172,"[[6, 15, 7, 16], [8, 1, 9, 2], [10, 5, 11, 6], [12, 23, 13, 24], [14, 21, 15, 22], [16, 20, 17, 19], [18, 4, 19, 3], [20, 7, 21, 8], [22, 11, 23, 12], [24, 13, 1, 14], [2, 18, 3, 17], [4, 9, 5, 10]]"
12a_0599_173,"[[4, 9, 5, 10], [6, 15, 7, 16], [8, 1, 9, 2], [10, 5, 11, 6], [12, 23, 13, 24], [14, 21, 15, 22], [16, 20, 17, 19], [18, 4, 19, 3], [20, 7, 21, 8], [22, 11, 23, 12], [24, 13, 1, 14], [2, 18, 3, 17]]"
12a_0599_174,"[[2, 18, 3, 17], [4, 9, 5, 10], [6, 15, 7, 16], [8, 1, 9, 2], [10, 5, 11, 6], [12, 23, 13, 24], [14, 21, 15, 22], [16, 20, 17, 19], [18, 4, 19, 3], [20, 7, 21, 8], [22, 11, 23, 12], [24, 13, 1, 14]]"
12a_0599_175,"[[24, 13, 1, 14], [2, 18, 3, 17], [4, 9, 5, 10], [6, 15, 7, 16], [8, 1, 9, 2], [10, 5, 11, 6], [12, 23, 13, 24], [14, 21, 15, 22], [16, 20, 17, 19], [18, 4, 19, 3], [20, 7, 21, 8], [22, 11, 23, 12]]"
12a_0599_176,"[[22, 11, 23, 12], [24, 13, 1, 14], [2, 18, 3, 17], [4, 9, 5, 10], [6, 15, 7, 16], [8, 1, 9, 2], [10, 5, 11, 6], [12, 23, 13, 24], [14, 21, 15, 22], [16, 20, 17, 19], [18, 4, 19, 3], [20, 7, 21, 8]]"
12a_0599_177,"[[20, 7, 21, 8], [22, 11, 23, 12], [24, 13, 1, 14], [2, 18, 3, 17], [4, 9, 5, 10], [6, 15, 7, 16], [8, 1, 9, 2], [10, 5, 11, 6], [12, 23, 13, 24], [14, 21, 15, 22], [16, 20, 17, 19], [18, 4, 19, 3]]"
12a_0599_178,"[[18, 4, 19, 3], [20, 7, 21, 8], [22, 11, 23, 12], [24, 13, 1, 14], [2, 18, 3, 17], [4, 9, 5, 10], [6, 15, 7, 16], [8, 1, 9, 2], [10, 5, 11, 6], [12, 23, 13, 24], [14, 21, 15, 22], [16, 20, 17, 19]]"
12a_0599_179,"[[16, 20, 17, 19], [18, 4, 19, 3], [20, 7, 21, 8], [22, 11, 23, 12], [24, 13, 1, 14], [2, 18, 3, 17], [4, 9, 5, 10], [6, 15, 7, 16], [8, 1, 9, 2], [10, 5, 11, 6], [12, 23, 13, 24], [14, 21, 15, 22]]"
12a_0599_180,"[[15, 22, 16, 23], [17, 21, 18, 20], [19, 5, 20, 4], [21, 8, 22, 9], [23, 12, 24, 13], [1, 14, 2, 15], [3, 19, 4, 18], [5, 10, 6, 11], [7, 16, 8, 17], [9, 2, 10, 3], [11, 6, 12, 7], [13, 24, 14, 1]]"
12a_0599_181,"[[13, 24, 14, 1], [15, 22, 16, 23], [17, 21, 18, 20], [19, 5, 20, 4], [21, 8, 22, 9], [23, 12, 24, 13], [1, 14, 2, 15], [3, 19, 4, 18], [5, 10, 6, 11], [7, 16, 8, 17], [9, 2, 10, 3], [11, 6, 12, 7]]"
12a_0599_182,"[[11, 6, 12, 7], [13, 24, 14, 1], [15, 22, 16, 23], [17, 21, 18, 20], [19, 5, 20, 4], [21, 8, 22, 9], [23, 12, 24, 13], [1, 14, 2, 15], [3, 19, 4, 18], [5, 10, 6, 11], [7, 16, 8, 17], [9, 2, 10, 3]]"
12a_0599_183,"[[9, 2, 10, 3], [11, 6, 12, 7], [13, 24, 14, 1], [15, 22, 16, 23], [17, 21, 18, 20], [19, 5, 20, 4], [21, 8, 22, 9], [23, 12, 24, 13], [1, 14, 2, 15], [3, 19, 4, 18], [5, 10, 6, 11], [7, 16, 8, 17]]"
12a_0599_184,"[[7, 16, 8, 17], [9, 2, 10, 3], [11, 6, 12, 7], [13, 24, 14, 1], [15, 22, 16, 23], [17, 21, 18, 20], [19, 5, 20, 4], [21, 8, 22, 9], [23, 12, 24, 13], [1, 14, 2, 15], [3, 19, 4, 18], [5, 10, 6, 11]]"
12a_0599_185,"[[5, 10, 6, 11], [7, 16, 8, 17], [9, 2, 10, 3], [11, 6, 12, 7], [13, 24, 14, 1], [15, 22, 16, 23], [17, 21, 18, 20], [19, 5, 20, 4], [21, 8, 22, 9], [23, 12, 24, 13], [1, 14, 2, 15], [3, 19, 4, 18]]"
