name,pd_notation
12a_1108_0,"[[24, 10, 1, 9], [2, 8, 3, 7], [4, 13, 5, 14], [6, 22, 7, 21], [8, 2, 9, 1], [10, 19, 11, 20], [12, 17, 13, 18], [14, 5, 15, 6], [16, 23, 17, 24], [18, 11, 19, 12], [20, 4, 21, 3], [22, 15, 23, 16]]"
12a_1108_1,"[[22, 15, 23, 16], [24, 10, 1, 9], [2, 8, 3, 7], [4, 13, 5, 14], [6, 22, 7, 21], [8, 2, 9, 1], [10, 19, 11, 20], [12, 17, 13, 18], [14, 5, 15, 6], [16, 23, 17, 24], [18, 11, 19, 12], [20, 4, 21, 3]]"
12a_1108_2,"[[20, 4, 21, 3], [22, 15, 23, 16], [24, 10, 1, 9], [2, 8, 3, 7], [4, 13, 5, 14], [6, 22, 7, 21], [8, 2, 9, 1], [10, 19, 11, 20], [12, 17, 13, 18], [14, 5, 15, 6], [16, 23, 17, 24], [18, 11, 19, 12]]"
12a_1108_3,"[[18, 11, 19, 12], [20, 4, 21, 3], [22, 15, 23, 16], [24, 10, 1, 9], [2, 8, 3, 7], [4, 13, 5, 14], [6, 22, 7, 21], [8, 2, 9, 1], [10, 19, 11, 20], [12, 17, 13, 18], [14, 5, 15, 6], [16, 23, 17, 24]]"
12a_1108_4,"[[16, 23, 17, 24], [18, 11, 19, 12], [20, 4, 21, 3], [22, 15, 23, 16], [24, 10, 1, 9], [2, 8, 3, 7], [4, 13, 5, 14], [6, 22, 7, 21], [8, 2, 9, 1], [10, 19, 11, 20], [12, 17, 13, 18], [14, 5, 15, 6]]"
12a_1108_5,"[[14, 5, 15, 6], [16, 23, 17, 24], [18, 11, 19, 12], [20, 4, 21, 3], [22, 15, 23, 16], [24, 10, 1, 9], [2, 8, 3, 7], [4, 13, 5, 14], [6, 22, 7, 21], [8, 2, 9, 1], [10, 19, 11, 20], [12, 17, 13, 18]]"
12a_1108_6,"[[12, 17, 13, 18], [14, 5, 15, 6], [16, 23, 17, 24], [18, 11, 19, 12], [20, 4, 21, 3], [22, 15, 23, 16], [24, 10, 1, 9], [2, 8, 3, 7], [4, 13, 5, 14], [6, 22, 7, 21], [8, 2, 9, 1], [10, 19, 11, 20]]"
12a_1108_7,"[[10, 19, 11, 20], [12, 17, 13, 18], [14, 5, 15, 6], [16, 23, 17, 24], [18, 11, 19, 12], [20, 4, 21, 3], [22, 15, 23, 16], [24, 10, 1, 9], [2, 8, 3, 7], [4, 13, 5, 14], [6, 22, 7, 21], [8, 2, 9, 1]]"
12a_1108_8,"[[8, 2, 9, 1], [10, 19, 11, 20], [12, 17, 13, 18], [14, 5, 15, 6], [16, 23, 17, 24], [18, 11, 19, 12], [20, 4, 21, 3], [22, 15, 23, 16], [24, 10, 1, 9], [2, 8, 3, 7], [4, 13, 5, 14], [6, 22, 7, 21]]"
12a_1108_9,"[[6, 22, 7, 21], [8, 2, 9, 1], [10, 19, 11, 20], [12, 17, 13, 18], [14, 5, 15, 6], [16, 23, 17, 24], [18, 11, 19, 12], [20, 4, 21, 3], [22, 15, 23, 16], [24, 10, 1, 9], [2, 8, 3, 7], [4, 13, 5, 14]]"
12a_1108_10,"[[4, 13, 5, 14], [6, 22, 7, 21], [8, 2, 9, 1], [10, 19, 11, 20], [12, 17, 13, 18], [14, 5, 15, 6], [16, 23, 17, 24], [18, 11, 19, 12], [20, 4, 21, 3], [22, 15, 23, 16], [24, 10, 1, 9], [2, 8, 3, 7]]"
12a_1108_11,"[[2, 8, 3, 7], [4, 13, 5, 14], [6, 22, 7, 21], [8, 2, 9, 1], [10, 19, 11, 20], [12, 17, 13, 18], [14, 5, 15, 6], [16, 23, 17, 24], [18, 11, 19, 12], [20, 4, 21, 3], [22, 15, 23, 16], [24, 10, 1, 9]]"
12a_1108_12,"[[1, 11, 2, 10], [3, 9, 4, 8], [5, 14, 6, 15], [7, 23, 8, 22], [9, 3, 10, 2], [11, 20, 12, 21], [13, 18, 14, 19], [15, 6, 16, 7], [17, 24, 18, 1], [19, 12, 20, 13], [21, 5, 22, 4], [23, 16, 24, 17]]"
12a_1108_13,"[[23, 16, 24, 17], [1, 11, 2, 10], [3, 9, 4, 8], [5, 14, 6, 15], [7, 23, 8, 22], [9, 3, 10, 2], [11, 20, 12, 21], [13, 18, 14, 19], [15, 6, 16, 7], [17, 24, 18, 1], [19, 12, 20, 13], [21, 5, 22, 4]]"
12a_1108_14,"[[21, 5, 22, 4], [23, 16, 24, 17], [1, 11, 2, 10], [3, 9, 4, 8], [5, 14, 6, 15], [7, 23, 8, 22], [9, 3, 10, 2], [11, 20, 12, 21], [13, 18, 14, 19], [15, 6, 16, 7], [17, 24, 18, 1], [19, 12, 20, 13]]"
12a_1108_15,"[[19, 12, 20, 13], [21, 5, 22, 4], [23, 16, 24, 17], [1, 11, 2, 10], [3, 9, 4, 8], [5, 14, 6, 15], [7, 23, 8, 22], [9, 3, 10, 2], [11, 20, 12, 21], [13, 18, 14, 19], [15, 6, 16, 7], [17, 24, 18, 1]]"
12a_1108_16,"[[17, 24, 18, 1], [19, 12, 20, 13], [21, 5, 22, 4], [23, 16, 24, 17], [1, 11, 2, 10], [3, 9, 4, 8], [5, 14, 6, 15], [7, 23, 8, 22], [9, 3, 10, 2], [11, 20, 12, 21], [13, 18, 14, 19], [15, 6, 16, 7]]"
12a_1108_17,"[[15, 6, 16, 7], [17, 24, 18, 1], [19, 12, 20, 13], [21, 5, 22, 4], [23, 16, 24, 17], [1, 11, 2, 10], [3, 9, 4, 8], [5, 14, 6, 15], [7, 23, 8, 22], [9, 3, 10, 2], [11, 20, 12, 21], [13, 18, 14, 19]]"
12a_1108_18,"[[13, 18, 14, 19], [15, 6, 16, 7], [17, 24, 18, 1], [19, 12, 20, 13], [21, 5, 22, 4], [23, 16, 24, 17], [1, 11, 2, 10], [3, 9, 4, 8], [5, 14, 6, 15], [7, 23, 8, 22], [9, 3, 10, 2], [11, 20, 12, 21]]"
12a_1108_19,"[[11, 20, 12, 21], [13, 18, 14, 19], [15, 6, 16, 7], [17, 24, 18, 1], [19, 12, 20, 13], [21, 5, 22, 4], [23, 16, 24, 17], [1, 11, 2, 10], [3, 9, 4, 8], [5, 14, 6, 15], [7, 23, 8, 22], [9, 3, 10, 2]]"
12a_1108_20,"[[9, 3, 10, 2], [11, 20, 12, 21], [13, 18, 14, 19], [15, 6, 16, 7], [17, 24, 18, 1], [19, 12, 20, 13], [21, 5, 22, 4], [23, 16, 24, 17], [1, 11, 2, 10], [3, 9, 4, 8], [5, 14, 6, 15], [7, 23, 8, 22]]"
12a_1108_21,"[[7, 23, 8, 22], [9, 3, 10, 2], [11, 20, 12, 21], [13, 18, 14, 19], [15, 6, 16, 7], [17, 24, 18, 1], [19, 12, 20, 13], [21, 5, 22, 4], [23, 16, 24, 17], [1, 11, 2, 10], [3, 9, 4, 8], [5, 14, 6, 15]]"
12a_1108_22,"[[5, 14, 6, 15], [7, 23, 8, 22], [9, 3, 10, 2], [11, 20, 12, 21], [13, 18, 14, 19], [15, 6, 16, 7], [17, 24, 18, 1], [19, 12, 20, 13], [21, 5, 22, 4], [23, 16, 24, 17], [1, 11, 2, 10], [3, 9, 4, 8]]"
12a_1108_23,"[[3, 9, 4, 8], [5, 14, 6, 15], [7, 23, 8, 22], [9, 3, 10, 2], [11, 20, 12, 21], [13, 18, 14, 19], [15, 6, 16, 7], [17, 24, 18, 1], [19, 12, 20, 13], [21, 5, 22, 4], [23, 16, 24, 17], [1, 11, 2, 10]]"
12a_1108_24,"[[2, 12, 3, 11], [4, 10, 5, 9], [6, 15, 7, 16], [8, 24, 9, 23], [10, 4, 11, 3], [12, 21, 13, 22], [14, 19, 15, 20], [16, 7, 17, 8], [18, 1, 19, 2], [20, 13, 21, 14], [22, 6, 23, 5], [24, 17, 1, 18]]"
12a_1108_25,"[[24, 17, 1, 18], [2, 12, 3, 11], [4, 10, 5, 9], [6, 15, 7, 16], [8, 24, 9, 23], [10, 4, 11, 3], [12, 21, 13, 22], [14, 19, 15, 20], [16, 7, 17, 8], [18, 1, 19, 2], [20, 13, 21, 14], [22, 6, 23, 5]]"
12a_1108_26,"[[22, 6, 23, 5], [24, 17, 1, 18], [2, 12, 3, 11], [4, 10, 5, 9], [6, 15, 7, 16], [8, 24, 9, 23], [10, 4, 11, 3], [12, 21, 13, 22], [14, 19, 15, 20], [16, 7, 17, 8], [18, 1, 19, 2], [20, 13, 21, 14]]"
12a_1108_27,"[[20, 13, 21, 14], [22, 6, 23, 5], [24, 17, 1, 18], [2, 12, 3, 11], [4, 10, 5, 9], [6, 15, 7, 16], [8, 24, 9, 23], [10, 4, 11, 3], [12, 21, 13, 22], [14, 19, 15, 20], [16, 7, 17, 8], [18, 1, 19, 2]]"
12a_1108_28,"[[18, 1, 19, 2], [20, 13, 21, 14], [22, 6, 23, 5], [24, 17, 1, 18], [2, 12, 3, 11], [4, 10, 5, 9], [6, 15, 7, 16], [8, 24, 9, 23], [10, 4, 11, 3], [12, 21, 13, 22], [14, 19, 15, 20], [16, 7, 17, 8]]"
12a_1108_29,"[[16, 7, 17, 8], [18, 1, 19, 2], [20, 13, 21, 14], [22, 6, 23, 5], [24, 17, 1, 18], [2, 12, 3, 11], [4, 10, 5, 9], [6, 15, 7, 16], [8, 24, 9, 23], [10, 4, 11, 3], [12, 21, 13, 22], [14, 19, 15, 20]]"
12a_1108_30,"[[14, 19, 15, 20], [16, 7, 17, 8], [18, 1, 19, 2], [20, 13, 21, 14], [22, 6, 23, 5], [24, 17, 1, 18], [2, 12, 3, 11], [4, 10, 5, 9], [6, 15, 7, 16], [8, 24, 9, 23], [10, 4, 11, 3], [12, 21, 13, 22]]"
12a_1108_31,"[[12, 21, 13, 22], [14, 19, 15, 20], [16, 7, 17, 8], [18, 1, 19, 2], [20, 13, 21, 14], [22, 6, 23, 5], [24, 17, 1, 18], [2, 12, 3, 11], [4, 10, 5, 9], [6, 15, 7, 16], [8, 24, 9, 23], [10, 4, 11, 3]]"
12a_1108_32,"[[10, 4, 11, 3], [12, 21, 13, 22], [14, 19, 15, 20], [16, 7, 17, 8], [18, 1, 19, 2], [20, 13, 21, 14], [22, 6, 23, 5], [24, 17, 1, 18], [2, 12, 3, 11], [4, 10, 5, 9], [6, 15, 7, 16], [8, 24, 9, 23]]"
12a_1108_33,"[[8, 24, 9, 23], [10, 4, 11, 3], [12, 21, 13, 22], [14, 19, 15, 20], [16, 7, 17, 8], [18, 1, 19, 2], [20, 13, 21, 14], [22, 6, 23, 5], [24, 17, 1, 18], [2, 12, 3, 11], [4, 10, 5, 9], [6, 15, 7, 16]]"
12a_1108_34,"[[6, 15, 7, 16], [8, 24, 9, 23], [10, 4, 11, 3], [12, 21, 13, 22], [14, 19, 15, 20], [16, 7, 17, 8], [18, 1, 19, 2], [20, 13, 21, 14], [22, 6, 23, 5], [24, 17, 1, 18], [2, 12, 3, 11], [4, 10, 5, 9]]"
12a_1108_35,"[[4, 10, 5, 9], [6, 15, 7, 16], [8, 24, 9, 23], [10, 4, 11, 3], [12, 21, 13, 22], [14, 19, 15, 20], [16, 7, 17, 8], [18, 1, 19, 2], [20, 13, 21, 14], [22, 6, 23, 5], [24, 17, 1, 18], [2, 12, 3, 11]]"
12a_1108_36,"[[3, 13, 4, 12], [5, 11, 6, 10], [7, 16, 8, 17], [9, 1, 10, 24], [11, 5, 12, 4], [13, 22, 14, 23], [15, 20, 16, 21], [17, 8, 18, 9], [19, 2, 20, 3], [21, 14, 22, 15], [23, 7, 24, 6], [1, 18, 2, 19]]"
12a_1108_37,"[[1, 18, 2, 19], [3, 13, 4, 12], [5, 11, 6, 10], [7, 16, 8, 17], [9, 1, 10, 24], [11, 5, 12, 4], [13, 22, 14, 23], [15, 20, 16, 21], [17, 8, 18, 9], [19, 2, 20, 3], [21, 14, 22, 15], [23, 7, 24, 6]]"
12a_1108_38,"[[23, 7, 24, 6], [1, 18, 2, 19], [3, 13, 4, 12], [5, 11, 6, 10], [7, 16, 8, 17], [9, 1, 10, 24], [11, 5, 12, 4], [13, 22, 14, 23], [15, 20, 16, 21], [17, 8, 18, 9], [19, 2, 20, 3], [21, 14, 22, 15]]"
12a_1108_39,"[[21, 14, 22, 15], [23, 7, 24, 6], [1, 18, 2, 19], [3, 13, 4, 12], [5, 11, 6, 10], [7, 16, 8, 17], [9, 1, 10, 24], [11, 5, 12, 4], [13, 22, 14, 23], [15, 20, 16, 21], [17, 8, 18, 9], [19, 2, 20, 3]]"
12a_1108_40,"[[19, 2, 20, 3], [21, 14, 22, 15], [23, 7, 24, 6], [1, 18, 2, 19], [3, 13, 4, 12], [5, 11, 6, 10], [7, 16, 8, 17], [9, 1, 10, 24], [11, 5, 12, 4], [13, 22, 14, 23], [15, 20, 16, 21], [17, 8, 18, 9]]"
12a_1108_41,"[[17, 8, 18, 9], [19, 2, 20, 3], [21, 14, 22, 15], [23, 7, 24, 6], [1, 18, 2, 19], [3, 13, 4, 12], [5, 11, 6, 10], [7, 16, 8, 17], [9, 1, 10, 24], [11, 5, 12, 4], [13, 22, 14, 23], [15, 20, 16, 21]]"
12a_1108_42,"[[15, 20, 16, 21], [17, 8, 18, 9], [19, 2, 20, 3], [21, 14, 22, 15], [23, 7, 24, 6], [1, 18, 2, 19], [3, 13, 4, 12], [5, 11, 6, 10], [7, 16, 8, 17], [9, 1, 10, 24], [11, 5, 12, 4], [13, 22, 14, 23]]"
12a_1108_43,"[[13, 22, 14, 23], [15, 20, 16, 21], [17, 8, 18, 9], [19, 2, 20, 3], [21, 14, 22, 15], [23, 7, 24, 6], [1, 18, 2, 19], [3, 13, 4, 12], [5, 11, 6, 10], [7, 16, 8, 17], [9, 1, 10, 24], [11, 5, 12, 4]]"
12a_1108_44,"[[11, 5, 12, 4], [13, 22, 14, 23], [15, 20, 16, 21], [17, 8, 18, 9], [19, 2, 20, 3], [21, 14, 22, 15], [23, 7, 24, 6], [1, 18, 2, 19], [3, 13, 4, 12], [5, 11, 6, 10], [7, 16, 8, 17], [9, 1, 10, 24]]"
12a_1108_45,"[[9, 1, 10, 24], [11, 5, 12, 4], [13, 22, 14, 23], [15, 20, 16, 21], [17, 8, 18, 9], [19, 2, 20, 3], [21, 14, 22, 15], [23, 7, 24, 6], [1, 18, 2, 19], [3, 13, 4, 12], [5, 11, 6, 10], [7, 16, 8, 17]]"
12a_1108_46,"[[7, 16, 8, 17], [9, 1, 10, 24], [11, 5, 12, 4], [13, 22, 14, 23], [15, 20, 16, 21], [17, 8, 18, 9], [19, 2, 20, 3], [21, 14, 22, 15], [23, 7, 24, 6], [1, 18, 2, 19], [3, 13, 4, 12], [5, 11, 6, 10]]"
12a_1108_47,"[[5, 11, 6, 10], [7, 16, 8, 17], [9, 1, 10, 24], [11, 5, 12, 4], [13, 22, 14, 23], [15, 20, 16, 21], [17, 8, 18, 9], [19, 2, 20, 3], [21, 14, 22, 15], [23, 7, 24, 6], [1, 18, 2, 19], [3, 13, 4, 12]]"
12a_1108_48,"[[4, 14, 5, 13], [6, 12, 7, 11], [8, 17, 9, 18], [10, 2, 11, 1], [12, 6, 13, 5], [14, 23, 15, 24], [16, 21, 17, 22], [18, 9, 19, 10], [20, 3, 21, 4], [22, 15, 23, 16], [24, 8, 1, 7], [2, 19, 3, 20]]"
12a_1108_49,"[[2, 19, 3, 20], [4, 14, 5, 13], [6, 12, 7, 11], [8, 17, 9, 18], [10, 2, 11, 1], [12, 6, 13, 5], [14, 23, 15, 24], [16, 21, 17, 22], [18, 9, 19, 10], [20, 3, 21, 4], [22, 15, 23, 16], [24, 8, 1, 7]]"
12a_1108_50,"[[24, 8, 1, 7], [2, 19, 3, 20], [4, 14, 5, 13], [6, 12, 7, 11], [8, 17, 9, 18], [10, 2, 11, 1], [12, 6, 13, 5], [14, 23, 15, 24], [16, 21, 17, 22], [18, 9, 19, 10], [20, 3, 21, 4], [22, 15, 23, 16]]"
12a_1108_51,"[[22, 15, 23, 16], [24, 8, 1, 7], [2, 19, 3, 20], [4, 14, 5, 13], [6, 12, 7, 11], [8, 17, 9, 18], [10, 2, 11, 1], [12, 6, 13, 5], [14, 23, 15, 24], [16, 21, 17, 22], [18, 9, 19, 10], [20, 3, 21, 4]]"
12a_1108_52,"[[20, 3, 21, 4], [22, 15, 23, 16], [24, 8, 1, 7], [2, 19, 3, 20], [4, 14, 5, 13], [6, 12, 7, 11], [8, 17, 9, 18], [10, 2, 11, 1], [12, 6, 13, 5], [14, 23, 15, 24], [16, 21, 17, 22], [18, 9, 19, 10]]"
12a_1108_53,"[[18, 9, 19, 10], [20, 3, 21, 4], [22, 15, 23, 16], [24, 8, 1, 7], [2, 19, 3, 20], [4, 14, 5, 13], [6, 12, 7, 11], [8, 17, 9, 18], [10, 2, 11, 1], [12, 6, 13, 5], [14, 23, 15, 24], [16, 21, 17, 22]]"
12a_1108_54,"[[16, 21, 17, 22], [18, 9, 19, 10], [20, 3, 21, 4], [22, 15, 23, 16], [24, 8, 1, 7], [2, 19, 3, 20], [4, 14, 5, 13], [6, 12, 7, 11], [8, 17, 9, 18], [10, 2, 11, 1], [12, 6, 13, 5], [14, 23, 15, 24]]"
12a_1108_55,"[[14, 23, 15, 24], [16, 21, 17, 22], [18, 9, 19, 10], [20, 3, 21, 4], [22, 15, 23, 16], [24, 8, 1, 7], [2, 19, 3, 20], [4, 14, 5, 13], [6, 12, 7, 11], [8, 17, 9, 18], [10, 2, 11, 1], [12, 6, 13, 5]]"
12a_1108_56,"[[12, 6, 13, 5], [14, 23, 15, 24], [16, 21, 17, 22], [18, 9, 19, 10], [20, 3, 21, 4], [22, 15, 23, 16], [24, 8, 1, 7], [2, 19, 3, 20], [4, 14, 5, 13], [6, 12, 7, 11], [8, 17, 9, 18], [10, 2, 11, 1]]"
12a_1108_57,"[[10, 2, 11, 1], [12, 6, 13, 5], [14, 23, 15, 24], [16, 21, 17, 22], [18, 9, 19, 10], [20, 3, 21, 4], [22, 15, 23, 16], [24, 8, 1, 7], [2, 19, 3, 20], [4, 14, 5, 13], [6, 12, 7, 11], [8, 17, 9, 18]]"
12a_1108_58,"[[8, 17, 9, 18], [10, 2, 11, 1], [12, 6, 13, 5], [14, 23, 15, 24], [16, 21, 17, 22], [18, 9, 19, 10], [20, 3, 21, 4], [22, 15, 23, 16], [24, 8, 1, 7], [2, 19, 3, 20], [4, 14, 5, 13], [6, 12, 7, 11]]"
12a_1108_59,"[[6, 12, 7, 11], [8, 17, 9, 18], [10, 2, 11, 1], [12, 6, 13, 5], [14, 23, 15, 24], [16, 21, 17, 22], [18, 9, 19, 10], [20, 3, 21, 4], [22, 15, 23, 16], [24, 8, 1, 7], [2, 19, 3, 20], [4, 14, 5, 13]]"
12a_1108_60,"[[5, 15, 6, 14], [7, 13, 8, 12], [9, 18, 10, 19], [11, 3, 12, 2], [13, 7, 14, 6], [15, 24, 16, 1], [17, 22, 18, 23], [19, 10, 20, 11], [21, 4, 22, 5], [23, 16, 24, 17], [1, 9, 2, 8], [3, 20, 4, 21]]"
12a_1108_61,"[[3, 20, 4, 21], [5, 15, 6, 14], [7, 13, 8, 12], [9, 18, 10, 19], [11, 3, 12, 2], [13, 7, 14, 6], [15, 24, 16, 1], [17, 22, 18, 23], [19, 10, 20, 11], [21, 4, 22, 5], [23, 16, 24, 17], [1, 9, 2, 8]]"
12a_1108_62,"[[1, 9, 2, 8], [3, 20, 4, 21], [5, 15, 6, 14], [7, 13, 8, 12], [9, 18, 10, 19], [11, 3, 12, 2], [13, 7, 14, 6], [15, 24, 16, 1], [17, 22, 18, 23], [19, 10, 20, 11], [21, 4, 22, 5], [23, 16, 24, 17]]"
12a_1108_63,"[[23, 16, 24, 17], [1, 9, 2, 8], [3, 20, 4, 21], [5, 15, 6, 14], [7, 13, 8, 12], [9, 18, 10, 19], [11, 3, 12, 2], [13, 7, 14, 6], [15, 24, 16, 1], [17, 22, 18, 23], [19, 10, 20, 11], [21, 4, 22, 5]]"
12a_1108_64,"[[21, 4, 22, 5], [23, 16, 24, 17], [1, 9, 2, 8], [3, 20, 4, 21], [5, 15, 6, 14], [7, 13, 8, 12], [9, 18, 10, 19], [11, 3, 12, 2], [13, 7, 14, 6], [15, 24, 16, 1], [17, 22, 18, 23], [19, 10, 20, 11]]"
12a_1108_65,"[[19, 10, 20, 11], [21, 4, 22, 5], [23, 16, 24, 17], [1, 9, 2, 8], [3, 20, 4, 21], [5, 15, 6, 14], [7, 13, 8, 12], [9, 18, 10, 19], [11, 3, 12, 2], [13, 7, 14, 6], [15, 24, 16, 1], [17, 22, 18, 23]]"
12a_1108_66,"[[17, 22, 18, 23], [19, 10, 20, 11], [21, 4, 22, 5], [23, 16, 24, 17], [1, 9, 2, 8], [3, 20, 4, 21], [5, 15, 6, 14], [7, 13, 8, 12], [9, 18, 10, 19], [11, 3, 12, 2], [13, 7, 14, 6], [15, 24, 16, 1]]"
12a_1108_67,"[[15, 24, 16, 1], [17, 22, 18, 23], [19, 10, 20, 11], [21, 4, 22, 5], [23, 16, 24, 17], [1, 9, 2, 8], [3, 20, 4, 21], [5, 15, 6, 14], [7, 13, 8, 12], [9, 18, 10, 19], [11, 3, 12, 2], [13, 7, 14, 6]]"
12a_1108_68,"[[13, 7, 14, 6], [15, 24, 16, 1], [17, 22, 18, 23], [19, 10, 20, 11], [21, 4, 22, 5], [23, 16, 24, 17], [1, 9, 2, 8], [3, 20, 4, 21], [5, 15, 6, 14], [7, 13, 8, 12], [9, 18, 10, 19], [11, 3, 12, 2]]"
12a_1108_69,"[[11, 3, 12, 2], [13, 7, 14, 6], [15, 24, 16, 1], [17, 22, 18, 23], [19, 10, 20, 11], [21, 4, 22, 5], [23, 16, 24, 17], [1, 9, 2, 8], [3, 20, 4, 21], [5, 15, 6, 14], [7, 13, 8, 12], [9, 18, 10, 19]]"
12a_1108_70,"[[9, 18, 10, 19], [11, 3, 12, 2], [13, 7, 14, 6], [15, 24, 16, 1], [17, 22, 18, 23], [19, 10, 20, 11], [21, 4, 22, 5], [23, 16, 24, 17], [1, 9, 2, 8], [3, 20, 4, 21], [5, 15, 6, 14], [7, 13, 8, 12]]"
12a_1108_71,"[[7, 13, 8, 12], [9, 18, 10, 19], [11, 3, 12, 2], [13, 7, 14, 6], [15, 24, 16, 1], [17, 22, 18, 23], [19, 10, 20, 11], [21, 4, 22, 5], [23, 16, 24, 17], [1, 9, 2, 8], [3, 20, 4, 21], [5, 15, 6, 14]]"
12a_1108_72,"[[6, 16, 7, 15], [8, 14, 9, 13], [10, 19, 11, 20], [12, 4, 13, 3], [14, 8, 15, 7], [16, 1, 17, 2], [18, 23, 19, 24], [20, 11, 21, 12], [22, 5, 23, 6], [24, 17, 1, 18], [2, 10, 3, 9], [4, 21, 5, 22]]"
12a_1108_73,"[[4, 21, 5, 22], [6, 16, 7, 15], [8, 14, 9, 13], [10, 19, 11, 20], [12, 4, 13, 3], [14, 8, 15, 7], [16, 1, 17, 2], [18, 23, 19, 24], [20, 11, 21, 12], [22, 5, 23, 6], [24, 17, 1, 18], [2, 10, 3, 9]]"
12a_1108_74,"[[2, 10, 3, 9], [4, 21, 5, 22], [6, 16, 7, 15], [8, 14, 9, 13], [10, 19, 11, 20], [12, 4, 13, 3], [14, 8, 15, 7], [16, 1, 17, 2], [18, 23, 19, 24], [20, 11, 21, 12], [22, 5, 23, 6], [24, 17, 1, 18]]"
12a_1108_75,"[[24, 17, 1, 18], [2, 10, 3, 9], [4, 21, 5, 22], [6, 16, 7, 15], [8, 14, 9, 13], [10, 19, 11, 20], [12, 4, 13, 3], [14, 8, 15, 7], [16, 1, 17, 2], [18, 23, 19, 24], [20, 11, 21, 12], [22, 5, 23, 6]]"
12a_1108_76,"[[22, 5, 23, 6], [24, 17, 1, 18], [2, 10, 3, 9], [4, 21, 5, 22], [6, 16, 7, 15], [8, 14, 9, 13], [10, 19, 11, 20], [12, 4, 13, 3], [14, 8, 15, 7], [16, 1, 17, 2], [18, 23, 19, 24], [20, 11, 21, 12]]"
12a_1108_77,"[[20, 11, 21, 12], [22, 5, 23, 6], [24, 17, 1, 18], [2, 10, 3, 9], [4, 21, 5, 22], [6, 16, 7, 15], [8, 14, 9, 13], [10, 19, 11, 20], [12, 4, 13, 3], [14, 8, 15, 7], [16, 1, 17, 2], [18, 23, 19, 24]]"
12a_1108_78,"[[18, 23, 19, 24], [20, 11, 21, 12], [22, 5, 23, 6], [24, 17, 1, 18], [2, 10, 3, 9], [4, 21, 5, 22], [6, 16, 7, 15], [8, 14, 9, 13], [10, 19, 11, 20], [12, 4, 13, 3], [14, 8, 15, 7], [16, 1, 17, 2]]"
12a_1108_79,"[[16, 1, 17, 2], [18, 23, 19, 24], [20, 11, 21, 12], [22, 5, 23, 6], [24, 17, 1, 18], [2, 10, 3, 9], [4, 21, 5, 22], [6, 16, 7, 15], [8, 14, 9, 13], [10, 19, 11, 20], [12, 4, 13, 3], [14, 8, 15, 7]]"
12a_1108_80,"[[14, 8, 15, 7], [16, 1, 17, 2], [18, 23, 19, 24], [20, 11, 21, 12], [22, 5, 23, 6], [24, 17, 1, 18], [2, 10, 3, 9], [4, 21, 5, 22], [6, 16, 7, 15], [8, 14, 9, 13], [10, 19, 11, 20], [12, 4, 13, 3]]"
12a_1108_81,"[[12, 4, 13, 3], [14, 8, 15, 7], [16, 1, 17, 2], [18, 23, 19, 24], [20, 11, 21, 12], [22, 5, 23, 6], [24, 17, 1, 18], [2, 10, 3, 9], [4, 21, 5, 22], [6, 16, 7, 15], [8, 14, 9, 13], [10, 19, 11, 20]]"
12a_1108_82,"[[10, 19, 11, 20], [12, 4, 13, 3], [14, 8, 15, 7], [16, 1, 17, 2], [18, 23, 19, 24], [20, 11, 21, 12], [22, 5, 23, 6], [24, 17, 1, 18], [2, 10, 3, 9], [4, 21, 5, 22], [6, 16, 7, 15], [8, 14, 9, 13]]"
12a_1108_83,"[[8, 14, 9, 13], [10, 19, 11, 20], [12, 4, 13, 3], [14, 8, 15, 7], [16, 1, 17, 2], [18, 23, 19, 24], [20, 11, 21, 12], [22, 5, 23, 6], [24, 17, 1, 18], [2, 10, 3, 9], [4, 21, 5, 22], [6, 16, 7, 15]]"
12a_1108_84,"[[7, 17, 8, 16], [9, 15, 10, 14], [11, 20, 12, 21], [13, 5, 14, 4], [15, 9, 16, 8], [17, 2, 18, 3], [19, 24, 20, 1], [21, 12, 22, 13], [23, 6, 24, 7], [1, 18, 2, 19], [3, 11, 4, 10], [5, 22, 6, 23]]"
12a_1108_85,"[[5, 22, 6, 23], [7, 17, 8, 16], [9, 15, 10, 14], [11, 20, 12, 21], [13, 5, 14, 4], [15, 9, 16, 8], [17, 2, 18, 3], [19, 24, 20, 1], [21, 12, 22, 13], [23, 6, 24, 7], [1, 18, 2, 19], [3, 11, 4, 10]]"
12a_1108_86,"[[3, 11, 4, 10], [5, 22, 6, 23], [7, 17, 8, 16], [9, 15, 10, 14], [11, 20, 12, 21], [13, 5, 14, 4], [15, 9, 16, 8], [17, 2, 18, 3], [19, 24, 20, 1], [21, 12, 22, 13], [23, 6, 24, 7], [1, 18, 2, 19]]"
12a_1108_87,"[[1, 18, 2, 19], [3, 11, 4, 10], [5, 22, 6, 23], [7, 17, 8, 16], [9, 15, 10, 14], [11, 20, 12, 21], [13, 5, 14, 4], [15, 9, 16, 8], [17, 2, 18, 3], [19, 24, 20, 1], [21, 12, 22, 13], [23, 6, 24, 7]]"
12a_1108_88,"[[23, 6, 24, 7], [1, 18, 2, 19], [3, 11, 4, 10], [5, 22, 6, 23], [7, 17, 8, 16], [9, 15, 10, 14], [11, 20, 12, 21], [13, 5, 14, 4], [15, 9, 16, 8], [17, 2, 18, 3], [19, 24, 20, 1], [21, 12, 22, 13]]"
12a_1108_89,"[[21, 12, 22, 13], [23, 6, 24, 7], [1, 18, 2, 19], [3, 11, 4, 10], [5, 22, 6, 23], [7, 17, 8, 16], [9, 15, 10, 14], [11, 20, 12, 21], [13, 5, 14, 4], [15, 9, 16, 8], [17, 2, 18, 3], [19, 24, 20, 1]]"
12a_1108_90,"[[19, 24, 20, 1], [21, 12, 22, 13], [23, 6, 24, 7], [1, 18, 2, 19], [3, 11, 4, 10], [5, 22, 6, 23], [7, 17, 8, 16], [9, 15, 10, 14], [11, 20, 12, 21], [13, 5, 14, 4], [15, 9, 16, 8], [17, 2, 18, 3]]"
12a_1108_91,"[[17, 2, 18, 3], [19, 24, 20, 1], [21, 12, 22, 13], [23, 6, 24, 7], [1, 18, 2, 19], [3, 11, 4, 10], [5, 22, 6, 23], [7, 17, 8, 16], [9, 15, 10, 14], [11, 20, 12, 21], [13, 5, 14, 4], [15, 9, 16, 8]]"
12a_1108_92,"[[15, 9, 16, 8], [17, 2, 18, 3], [19, 24, 20, 1], [21, 12, 22, 13], [23, 6, 24, 7], [1, 18, 2, 19], [3, 11, 4, 10], [5, 22, 6, 23], [7, 17, 8, 16], [9, 15, 10, 14], [11, 20, 12, 21], [13, 5, 14, 4]]"
12a_1108_93,"[[13, 5, 14, 4], [15, 9, 16, 8], [17, 2, 18, 3], [19, 24, 20, 1], [21, 12, 22, 13], [23, 6, 24, 7], [1, 18, 2, 19], [3, 11, 4, 10], [5, 22, 6, 23], [7, 17, 8, 16], [9, 15, 10, 14], [11, 20, 12, 21]]"
12a_1108_94,"[[11, 20, 12, 21], [13, 5, 14, 4], [15, 9, 16, 8], [17, 2, 18, 3], [19, 24, 20, 1], [21, 12, 22, 13], [23, 6, 24, 7], [1, 18, 2, 19], [3, 11, 4, 10], [5, 22, 6, 23], [7, 17, 8, 16], [9, 15, 10, 14]]"
12a_1108_95,"[[9, 15, 10, 14], [11, 20, 12, 21], [13, 5, 14, 4], [15, 9, 16, 8], [17, 2, 18, 3], [19, 24, 20, 1], [21, 12, 22, 13], [23, 6, 24, 7], [1, 18, 2, 19], [3, 11, 4, 10], [5, 22, 6, 23], [7, 17, 8, 16]]"
12a_1108_96,"[[8, 18, 9, 17], [10, 16, 11, 15], [12, 21, 13, 22], [14, 6, 15, 5], [16, 10, 17, 9], [18, 3, 19, 4], [20, 1, 21, 2], [22, 13, 23, 14], [24, 7, 1, 8], [2, 19, 3, 20], [4, 12, 5, 11], [6, 23, 7, 24]]"
12a_1108_97,"[[6, 23, 7, 24], [8, 18, 9, 17], [10, 16, 11, 15], [12, 21, 13, 22], [14, 6, 15, 5], [16, 10, 17, 9], [18, 3, 19, 4], [20, 1, 21, 2], [22, 13, 23, 14], [24, 7, 1, 8], [2, 19, 3, 20], [4, 12, 5, 11]]"
12a_1108_98,"[[4, 12, 5, 11], [6, 23, 7, 24], [8, 18, 9, 17], [10, 16, 11, 15], [12, 21, 13, 22], [14, 6, 15, 5], [16, 10, 17, 9], [18, 3, 19, 4], [20, 1, 21, 2], [22, 13, 23, 14], [24, 7, 1, 8], [2, 19, 3, 20]]"
12a_1108_99,"[[2, 19, 3, 20], [4, 12, 5, 11], [6, 23, 7, 24], [8, 18, 9, 17], [10, 16, 11, 15], [12, 21, 13, 22], [14, 6, 15, 5], [16, 10, 17, 9], [18, 3, 19, 4], [20, 1, 21, 2], [22, 13, 23, 14], [24, 7, 1, 8]]"
12a_1108_100,"[[24, 7, 1, 8], [2, 19, 3, 20], [4, 12, 5, 11], [6, 23, 7, 24], [8, 18, 9, 17], [10, 16, 11, 15], [12, 21, 13, 22], [14, 6, 15, 5], [16, 10, 17, 9], [18, 3, 19, 4], [20, 1, 21, 2], [22, 13, 23, 14]]"
12a_1108_101,"[[22, 13, 23, 14], [24, 7, 1, 8], [2, 19, 3, 20], [4, 12, 5, 11], [6, 23, 7, 24], [8, 18, 9, 17], [10, 16, 11, 15], [12, 21, 13, 22], [14, 6, 15, 5], [16, 10, 17, 9], [18, 3, 19, 4], [20, 1, 21, 2]]"
12a_1108_102,"[[20, 1, 21, 2], [22, 13, 23, 14], [24, 7, 1, 8], [2, 19, 3, 20], [4, 12, 5, 11], [6, 23, 7, 24], [8, 18, 9, 17], [10, 16, 11, 15], [12, 21, 13, 22], [14, 6, 15, 5], [16, 10, 17, 9], [18, 3, 19, 4]]"
12a_1108_103,"[[18, 3, 19, 4], [20, 1, 21, 2], [22, 13, 23, 14], [24, 7, 1, 8], [2, 19, 3, 20], [4, 12, 5, 11], [6, 23, 7, 24], [8, 18, 9, 17], [10, 16, 11, 15], [12, 21, 13, 22], [14, 6, 15, 5], [16, 10, 17, 9]]"
12a_1108_104,"[[16, 10, 17, 9], [18, 3, 19, 4], [20, 1, 21, 2], [22, 13, 23, 14], [24, 7, 1, 8], [2, 19, 3, 20], [4, 12, 5, 11], [6, 23, 7, 24], [8, 18, 9, 17], [10, 16, 11, 15], [12, 21, 13, 22], [14, 6, 15, 5]]"
12a_1108_105,"[[14, 6, 15, 5], [16, 10, 17, 9], [18, 3, 19, 4], [20, 1, 21, 2], [22, 13, 23, 14], [24, 7, 1, 8], [2, 19, 3, 20], [4, 12, 5, 11], [6, 23, 7, 24], [8, 18, 9, 17], [10, 16, 11, 15], [12, 21, 13, 22]]"
12a_1108_106,"[[12, 21, 13, 22], [14, 6, 15, 5], [16, 10, 17, 9], [18, 3, 19, 4], [20, 1, 21, 2], [22, 13, 23, 14], [24, 7, 1, 8], [2, 19, 3, 20], [4, 12, 5, 11], [6, 23, 7, 24], [8, 18, 9, 17], [10, 16, 11, 15]]"
12a_1108_107,"[[10, 16, 11, 15], [12, 21, 13, 22], [14, 6, 15, 5], [16, 10, 17, 9], [18, 3, 19, 4], [20, 1, 21, 2], [22, 13, 23, 14], [24, 7, 1, 8], [2, 19, 3, 20], [4, 12, 5, 11], [6, 23, 7, 24], [8, 18, 9, 17]]"
12a_1108_108,"[[9, 19, 10, 18], [11, 17, 12, 16], [13, 22, 14, 23], [15, 7, 16, 6], [17, 11, 18, 10], [19, 4, 20, 5], [21, 2, 22, 3], [23, 14, 24, 15], [1, 8, 2, 9], [3, 20, 4, 21], [5, 13, 6, 12], [7, 24, 8, 1]]"
12a_1108_109,"[[7, 24, 8, 1], [9, 19, 10, 18], [11, 17, 12, 16], [13, 22, 14, 23], [15, 7, 16, 6], [17, 11, 18, 10], [19, 4, 20, 5], [21, 2, 22, 3], [23, 14, 24, 15], [1, 8, 2, 9], [3, 20, 4, 21], [5, 13, 6, 12]]"
12a_1108_110,"[[5, 13, 6, 12], [7, 24, 8, 1], [9, 19, 10, 18], [11, 17, 12, 16], [13, 22, 14, 23], [15, 7, 16, 6], [17, 11, 18, 10], [19, 4, 20, 5], [21, 2, 22, 3], [23, 14, 24, 15], [1, 8, 2, 9], [3, 20, 4, 21]]"
12a_1108_111,"[[3, 20, 4, 21], [5, 13, 6, 12], [7, 24, 8, 1], [9, 19, 10, 18], [11, 17, 12, 16], [13, 22, 14, 23], [15, 7, 16, 6], [17, 11, 18, 10], [19, 4, 20, 5], [21, 2, 22, 3], [23, 14, 24, 15], [1, 8, 2, 9]]"
12a_1108_112,"[[1, 8, 2, 9], [3, 20, 4, 21], [5, 13, 6, 12], [7, 24, 8, 1], [9, 19, 10, 18], [11, 17, 12, 16], [13, 22, 14, 23], [15, 7, 16, 6], [17, 11, 18, 10], [19, 4, 20, 5], [21, 2, 22, 3], [23, 14, 24, 15]]"
12a_1108_113,"[[23, 14, 24, 15], [1, 8, 2, 9], [3, 20, 4, 21], [5, 13, 6, 12], [7, 24, 8, 1], [9, 19, 10, 18], [11, 17, 12, 16], [13, 22, 14, 23], [15, 7, 16, 6], [17, 11, 18, 10], [19, 4, 20, 5], [21, 2, 22, 3]]"
12a_1108_114,"[[21, 2, 22, 3], [23, 14, 24, 15], [1, 8, 2, 9], [3, 20, 4, 21], [5, 13, 6, 12], [7, 24, 8, 1], [9, 19, 10, 18], [11, 17, 12, 16], [13, 22, 14, 23], [15, 7, 16, 6], [17, 11, 18, 10], [19, 4, 20, 5]]"
12a_1108_115,"[[19, 4, 20, 5], [21, 2, 22, 3], [23, 14, 24, 15], [1, 8, 2, 9], [3, 20, 4, 21], [5, 13, 6, 12], [7, 24, 8, 1], [9, 19, 10, 18], [11, 17, 12, 16], [13, 22, 14, 23], [15, 7, 16, 6], [17, 11, 18, 10]]"
12a_1108_116,"[[17, 11, 18, 10], [19, 4, 20, 5], [21, 2, 22, 3], [23, 14, 24, 15], [1, 8, 2, 9], [3, 20, 4, 21], [5, 13, 6, 12], [7, 24, 8, 1], [9, 19, 10, 18], [11, 17, 12, 16], [13, 22, 14, 23], [15, 7, 16, 6]]"
12a_1108_117,"[[15, 7, 16, 6], [17, 11, 18, 10], [19, 4, 20, 5], [21, 2, 22, 3], [23, 14, 24, 15], [1, 8, 2, 9], [3, 20, 4, 21], [5, 13, 6, 12], [7, 24, 8, 1], [9, 19, 10, 18], [11, 17, 12, 16], [13, 22, 14, 23]]"
12a_1108_118,"[[13, 22, 14, 23], [15, 7, 16, 6], [17, 11, 18, 10], [19, 4, 20, 5], [21, 2, 22, 3], [23, 14, 24, 15], [1, 8, 2, 9], [3, 20, 4, 21], [5, 13, 6, 12], [7, 24, 8, 1], [9, 19, 10, 18], [11, 17, 12, 16]]"
12a_1108_119,"[[11, 17, 12, 16], [13, 22, 14, 23], [15, 7, 16, 6], [17, 11, 18, 10], [19, 4, 20, 5], [21, 2, 22, 3], [23, 14, 24, 15], [1, 8, 2, 9], [3, 20, 4, 21], [5, 13, 6, 12], [7, 24, 8, 1], [9, 19, 10, 18]]"
12a_1108_120,"[[10, 20, 11, 19], [12, 18, 13, 17], [14, 23, 15, 24], [16, 8, 17, 7], [18, 12, 19, 11], [20, 5, 21, 6], [22, 3, 23, 4], [24, 15, 1, 16], [2, 9, 3, 10], [4, 21, 5, 22], [6, 14, 7, 13], [8, 1, 9, 2]]"
12a_1108_121,"[[8, 1, 9, 2], [10, 20, 11, 19], [12, 18, 13, 17], [14, 23, 15, 24], [16, 8, 17, 7], [18, 12, 19, 11], [20, 5, 21, 6], [22, 3, 23, 4], [24, 15, 1, 16], [2, 9, 3, 10], [4, 21, 5, 22], [6, 14, 7, 13]]"
12a_1108_122,"[[6, 14, 7, 13], [8, 1, 9, 2], [10, 20, 11, 19], [12, 18, 13, 17], [14, 23, 15, 24], [16, 8, 17, 7], [18, 12, 19, 11], [20, 5, 21, 6], [22, 3, 23, 4], [24, 15, 1, 16], [2, 9, 3, 10], [4, 21, 5, 22]]"
12a_1108_123,"[[4, 21, 5, 22], [6, 14, 7, 13], [8, 1, 9, 2], [10, 20, 11, 19], [12, 18, 13, 17], [14, 23, 15, 24], [16, 8, 17, 7], [18, 12, 19, 11], [20, 5, 21, 6], [22, 3, 23, 4], [24, 15, 1, 16], [2, 9, 3, 10]]"
12a_1108_124,"[[2, 9, 3, 10], [4, 21, 5, 22], [6, 14, 7, 13], [8, 1, 9, 2], [10, 20, 11, 19], [12, 18, 13, 17], [14, 23, 15, 24], [16, 8, 17, 7], [18, 12, 19, 11], [20, 5, 21, 6], [22, 3, 23, 4], [24, 15, 1, 16]]"
12a_1108_125,"[[24, 15, 1, 16], [2, 9, 3, 10], [4, 21, 5, 22], [6, 14, 7, 13], [8, 1, 9, 2], [10, 20, 11, 19], [12, 18, 13, 17], [14, 23, 15, 24], [16, 8, 17, 7], [18, 12, 19, 11], [20, 5, 21, 6], [22, 3, 23, 4]]"
12a_1108_126,"[[22, 3, 23, 4], [24, 15, 1, 16], [2, 9, 3, 10], [4, 21, 5, 22], [6, 14, 7, 13], [8, 1, 9, 2], [10, 20, 11, 19], [12, 18, 13, 17], [14, 23, 15, 24], [16, 8, 17, 7], [18, 12, 19, 11], [20, 5, 21, 6]]"
12a_1108_127,"[[20, 5, 21, 6], [22, 3, 23, 4], [24, 15, 1, 16], [2, 9, 3, 10], [4, 21, 5, 22], [6, 14, 7, 13], [8, 1, 9, 2], [10, 20, 11, 19], [12, 18, 13, 17], [14, 23, 15, 24], [16, 8, 17, 7], [18, 12, 19, 11]]"
12a_1108_128,"[[18, 12, 19, 11], [20, 5, 21, 6], [22, 3, 23, 4], [24, 15, 1, 16], [2, 9, 3, 10], [4, 21, 5, 22], [6, 14, 7, 13], [8, 1, 9, 2], [10, 20, 11, 19], [12, 18, 13, 17], [14, 23, 15, 24], [16, 8, 17, 7]]"
12a_1108_129,"[[16, 8, 17, 7], [18, 12, 19, 11], [20, 5, 21, 6], [22, 3, 23, 4], [24, 15, 1, 16], [2, 9, 3, 10], [4, 21, 5, 22], [6, 14, 7, 13], [8, 1, 9, 2], [10, 20, 11, 19], [12, 18, 13, 17], [14, 23, 15, 24]]"
12a_1108_130,"[[14, 23, 15, 24], [16, 8, 17, 7], [18, 12, 19, 11], [20, 5, 21, 6], [22, 3, 23, 4], [24, 15, 1, 16], [2, 9, 3, 10], [4, 21, 5, 22], [6, 14, 7, 13], [8, 1, 9, 2], [10, 20, 11, 19], [12, 18, 13, 17]]"
12a_1108_131,"[[12, 18, 13, 17], [14, 23, 15, 24], [16, 8, 17, 7], [18, 12, 19, 11], [20, 5, 21, 6], [22, 3, 23, 4], [24, 15, 1, 16], [2, 9, 3, 10], [4, 21, 5, 22], [6, 14, 7, 13], [8, 1, 9, 2], [10, 20, 11, 19]]"
12a_1108_132,"[[11, 21, 12, 20], [13, 19, 14, 18], [15, 24, 16, 1], [17, 9, 18, 8], [19, 13, 20, 12], [21, 6, 22, 7], [23, 4, 24, 5], [1, 16, 2, 17], [3, 10, 4, 11], [5, 22, 6, 23], [7, 15, 8, 14], [9, 2, 10, 3]]"
12a_1108_133,"[[9, 2, 10, 3], [11, 21, 12, 20], [13, 19, 14, 18], [15, 24, 16, 1], [17, 9, 18, 8], [19, 13, 20, 12], [21, 6, 22, 7], [23, 4, 24, 5], [1, 16, 2, 17], [3, 10, 4, 11], [5, 22, 6, 23], [7, 15, 8, 14]]"
12a_1108_134,"[[7, 15, 8, 14], [9, 2, 10, 3], [11, 21, 12, 20], [13, 19, 14, 18], [15, 24, 16, 1], [17, 9, 18, 8], [19, 13, 20, 12], [21, 6, 22, 7], [23, 4, 24, 5], [1, 16, 2, 17], [3, 10, 4, 11], [5, 22, 6, 23]]"
12a_1108_135,"[[5, 22, 6, 23], [7, 15, 8, 14], [9, 2, 10, 3], [11, 21, 12, 20], [13, 19, 14, 18], [15, 24, 16, 1], [17, 9, 18, 8], [19, 13, 20, 12], [21, 6, 22, 7], [23, 4, 24, 5], [1, 16, 2, 17], [3, 10, 4, 11]]"
12a_1108_136,"[[3, 10, 4, 11], [5, 22, 6, 23], [7, 15, 8, 14], [9, 2, 10, 3], [11, 21, 12, 20], [13, 19, 14, 18], [15, 24, 16, 1], [17, 9, 18, 8], [19, 13, 20, 12], [21, 6, 22, 7], [23, 4, 24, 5], [1, 16, 2, 17]]"
12a_1108_137,"[[1, 16, 2, 17], [3, 10, 4, 11], [5, 22, 6, 23], [7, 15, 8, 14], [9, 2, 10, 3], [11, 21, 12, 20], [13, 19, 14, 18], [15, 24, 16, 1], [17, 9, 18, 8], [19, 13, 20, 12], [21, 6, 22, 7], [23, 4, 24, 5]]"
12a_1108_138,"[[23, 4, 24, 5], [1, 16, 2, 17], [3, 10, 4, 11], [5, 22, 6, 23], [7, 15, 8, 14], [9, 2, 10, 3], [11, 21, 12, 20], [13, 19, 14, 18], [15, 24, 16, 1], [17, 9, 18, 8], [19, 13, 20, 12], [21, 6, 22, 7]]"
12a_1108_139,"[[21, 6, 22, 7], [23, 4, 24, 5], [1, 16, 2, 17], [3, 10, 4, 11], [5, 22, 6, 23], [7, 15, 8, 14], [9, 2, 10, 3], [11, 21, 12, 20], [13, 19, 14, 18], [15, 24, 16, 1], [17, 9, 18, 8], [19, 13, 20, 12]]"
12a_1108_140,"[[19, 13, 20, 12], [21, 6, 22, 7], [23, 4, 24, 5], [1, 16, 2, 17], [3, 10, 4, 11], [5, 22, 6, 23], [7, 15, 8, 14], [9, 2, 10, 3], [11, 21, 12, 20], [13, 19, 14, 18], [15, 24, 16, 1], [17, 9, 18, 8]]"
12a_1108_141,"[[17, 9, 18, 8], [19, 13, 20, 12], [21, 6, 22, 7], [23, 4, 24, 5], [1, 16, 2, 17], [3, 10, 4, 11], [5, 22, 6, 23], [7, 15, 8, 14], [9, 2, 10, 3], [11, 21, 12, 20], [13, 19, 14, 18], [15, 24, 16, 1]]"
12a_1108_142,"[[15, 24, 16, 1], [17, 9, 18, 8], [19, 13, 20, 12], [21, 6, 22, 7], [23, 4, 24, 5], [1, 16, 2, 17], [3, 10, 4, 11], [5, 22, 6, 23], [7, 15, 8, 14], [9, 2, 10, 3], [11, 21, 12, 20], [13, 19, 14, 18]]"
12a_1108_143,"[[13, 19, 14, 18], [15, 24, 16, 1], [17, 9, 18, 8], [19, 13, 20, 12], [21, 6, 22, 7], [23, 4, 24, 5], [1, 16, 2, 17], [3, 10, 4, 11], [5, 22, 6, 23], [7, 15, 8, 14], [9, 2, 10, 3], [11, 21, 12, 20]]"
12a_1108_144,"[[12, 22, 13, 21], [14, 20, 15, 19], [16, 1, 17, 2], [18, 10, 19, 9], [20, 14, 21, 13], [22, 7, 23, 8], [24, 5, 1, 6], [2, 17, 3, 18], [4, 11, 5, 12], [6, 23, 7, 24], [8, 16, 9, 15], [10, 3, 11, 4]]"
12a_1108_145,"[[10, 3, 11, 4], [12, 22, 13, 21], [14, 20, 15, 19], [16, 1, 17, 2], [18, 10, 19, 9], [20, 14, 21, 13], [22, 7, 23, 8], [24, 5, 1, 6], [2, 17, 3, 18], [4, 11, 5, 12], [6, 23, 7, 24], [8, 16, 9, 15]]"
12a_1108_146,"[[8, 16, 9, 15], [10, 3, 11, 4], [12, 22, 13, 21], [14, 20, 15, 19], [16, 1, 17, 2], [18, 10, 19, 9], [20, 14, 21, 13], [22, 7, 23, 8], [24, 5, 1, 6], [2, 17, 3, 18], [4, 11, 5, 12], [6, 23, 7, 24]]"
12a_1108_147,"[[6, 23, 7, 24], [8, 16, 9, 15], [10, 3, 11, 4], [12, 22, 13, 21], [14, 20, 15, 19], [16, 1, 17, 2], [18, 10, 19, 9], [20, 14, 21, 13], [22, 7, 23, 8], [24, 5, 1, 6], [2, 17, 3, 18], [4, 11, 5, 12]]"
12a_1108_148,"[[4, 11, 5, 12], [6, 23, 7, 24], [8, 16, 9, 15], [10, 3, 11, 4], [12, 22, 13, 21], [14, 20, 15, 19], [16, 1, 17, 2], [18, 10, 19, 9], [20, 14, 21, 13], [22, 7, 23, 8], [24, 5, 1, 6], [2, 17, 3, 18]]"
12a_1108_149,"[[2, 17, 3, 18], [4, 11, 5, 12], [6, 23, 7, 24], [8, 16, 9, 15], [10, 3, 11, 4], [12, 22, 13, 21], [14, 20, 15, 19], [16, 1, 17, 2], [18, 10, 19, 9], [20, 14, 21, 13], [22, 7, 23, 8], [24, 5, 1, 6]]"
12a_1108_150,"[[24, 5, 1, 6], [2, 17, 3, 18], [4, 11, 5, 12], [6, 23, 7, 24], [8, 16, 9, 15], [10, 3, 11, 4], [12, 22, 13, 21], [14, 20, 15, 19], [16, 1, 17, 2], [18, 10, 19, 9], [20, 14, 21, 13], [22, 7, 23, 8]]"
12a_1108_151,"[[22, 7, 23, 8], [24, 5, 1, 6], [2, 17, 3, 18], [4, 11, 5, 12], [6, 23, 7, 24], [8, 16, 9, 15], [10, 3, 11, 4], [12, 22, 13, 21], [14, 20, 15, 19], [16, 1, 17, 2], [18, 10, 19, 9], [20, 14, 21, 13]]"
12a_1108_152,"[[20, 14, 21, 13], [22, 7, 23, 8], [24, 5, 1, 6], [2, 17, 3, 18], [4, 11, 5, 12], [6, 23, 7, 24], [8, 16, 9, 15], [10, 3, 11, 4], [12, 22, 13, 21], [14, 20, 15, 19], [16, 1, 17, 2], [18, 10, 19, 9]]"
12a_1108_153,"[[18, 10, 19, 9], [20, 14, 21, 13], [22, 7, 23, 8], [24, 5, 1, 6], [2, 17, 3, 18], [4, 11, 5, 12], [6, 23, 7, 24], [8, 16, 9, 15], [10, 3, 11, 4], [12, 22, 13, 21], [14, 20, 15, 19], [16, 1, 17, 2]]"
12a_1108_154,"[[16, 1, 17, 2], [18, 10, 19, 9], [20, 14, 21, 13], [22, 7, 23, 8], [24, 5, 1, 6], [2, 17, 3, 18], [4, 11, 5, 12], [6, 23, 7, 24], [8, 16, 9, 15], [10, 3, 11, 4], [12, 22, 13, 21], [14, 20, 15, 19]]"
12a_1108_155,"[[14, 20, 15, 19], [16, 1, 17, 2], [18, 10, 19, 9], [20, 14, 21, 13], [22, 7, 23, 8], [24, 5, 1, 6], [2, 17, 3, 18], [4, 11, 5, 12], [6, 23, 7, 24], [8, 16, 9, 15], [10, 3, 11, 4], [12, 22, 13, 21]]"
12a_1108_156,"[[13, 23, 14, 22], [15, 21, 16, 20], [17, 2, 18, 3], [19, 11, 20, 10], [21, 15, 22, 14], [23, 8, 24, 9], [1, 6, 2, 7], [3, 18, 4, 19], [5, 12, 6, 13], [7, 24, 8, 1], [9, 17, 10, 16], [11, 4, 12, 5]]"
12a_1108_157,"[[11, 4, 12, 5], [13, 23, 14, 22], [15, 21, 16, 20], [17, 2, 18, 3], [19, 11, 20, 10], [21, 15, 22, 14], [23, 8, 24, 9], [1, 6, 2, 7], [3, 18, 4, 19], [5, 12, 6, 13], [7, 24, 8, 1], [9, 17, 10, 16]]"
12a_1108_158,"[[9, 17, 10, 16], [11, 4, 12, 5], [13, 23, 14, 22], [15, 21, 16, 20], [17, 2, 18, 3], [19, 11, 20, 10], [21, 15, 22, 14], [23, 8, 24, 9], [1, 6, 2, 7], [3, 18, 4, 19], [5, 12, 6, 13], [7, 24, 8, 1]]"
12a_1108_159,"[[7, 24, 8, 1], [9, 17, 10, 16], [11, 4, 12, 5], [13, 23, 14, 22], [15, 21, 16, 20], [17, 2, 18, 3], [19, 11, 20, 10], [21, 15, 22, 14], [23, 8, 24, 9], [1, 6, 2, 7], [3, 18, 4, 19], [5, 12, 6, 13]]"
12a_1108_160,"[[5, 12, 6, 13], [7, 24, 8, 1], [9, 17, 10, 16], [11, 4, 12, 5], [13, 23, 14, 22], [15, 21, 16, 20], [17, 2, 18, 3], [19, 11, 20, 10], [21, 15, 22, 14], [23, 8, 24, 9], [1, 6, 2, 7], [3, 18, 4, 19]]"
12a_1108_161,"[[3, 18, 4, 19], [5, 12, 6, 13], [7, 24, 8, 1], [9, 17, 10, 16], [11, 4, 12, 5], [13, 23, 14, 22], [15, 21, 16, 20], [17, 2, 18, 3], [19, 11, 20, 10], [21, 15, 22, 14], [23, 8, 24, 9], [1, 6, 2, 7]]"
12a_1108_162,"[[1, 6, 2, 7], [3, 18, 4, 19], [5, 12, 6, 13], [7, 24, 8, 1], [9, 17, 10, 16], [11, 4, 12, 5], [13, 23, 14, 22], [15, 21, 16, 20], [17, 2, 18, 3], [19, 11, 20, 10], [21, 15, 22, 14], [23, 8, 24, 9]]"
12a_1108_163,"[[23, 8, 24, 9], [1, 6, 2, 7], [3, 18, 4, 19], [5, 12, 6, 13], [7, 24, 8, 1], [9, 17, 10, 16], [11, 4, 12, 5], [13, 23, 14, 22], [15, 21, 16, 20], [17, 2, 18, 3], [19, 11, 20, 10], [21, 15, 22, 14]]"
12a_1108_164,"[[21, 15, 22, 14], [23, 8, 24, 9], [1, 6, 2, 7], [3, 18, 4, 19], [5, 12, 6, 13], [7, 24, 8, 1], [9, 17, 10, 16], [11, 4, 12, 5], [13, 23, 14, 22], [15, 21, 16, 20], [17, 2, 18, 3], [19, 11, 20, 10]]"
12a_1108_165,"[[19, 11, 20, 10], [21, 15, 22, 14], [23, 8, 24, 9], [1, 6, 2, 7], [3, 18, 4, 19], [5, 12, 6, 13], [7, 24, 8, 1], [9, 17, 10, 16], [11, 4, 12, 5], [13, 23, 14, 22], [15, 21, 16, 20], [17, 2, 18, 3]]"
12a_1108_166,"[[17, 2, 18, 3], [19, 11, 20, 10], [21, 15, 22, 14], [23, 8, 24, 9], [1, 6, 2, 7], [3, 18, 4, 19], [5, 12, 6, 13], [7, 24, 8, 1], [9, 17, 10, 16], [11, 4, 12, 5], [13, 23, 14, 22], [15, 21, 16, 20]]"
12a_1108_167,"[[15, 21, 16, 20], [17, 2, 18, 3], [19, 11, 20, 10], [21, 15, 22, 14], [23, 8, 24, 9], [1, 6, 2, 7], [3, 18, 4, 19], [5, 12, 6, 13], [7, 24, 8, 1], [9, 17, 10, 16], [11, 4, 12, 5], [13, 23, 14, 22]]"
12a_1108_168,"[[14, 24, 15, 23], [16, 22, 17, 21], [18, 3, 19, 4], [20, 12, 21, 11], [22, 16, 23, 15], [24, 9, 1, 10], [2, 7, 3, 8], [4, 19, 5, 20], [6, 13, 7, 14], [8, 1, 9, 2], [10, 18, 11, 17], [12, 5, 13, 6]]"
12a_1108_169,"[[12, 5, 13, 6], [14, 24, 15, 23], [16, 22, 17, 21], [18, 3, 19, 4], [20, 12, 21, 11], [22, 16, 23, 15], [24, 9, 1, 10], [2, 7, 3, 8], [4, 19, 5, 20], [6, 13, 7, 14], [8, 1, 9, 2], [10, 18, 11, 17]]"
12a_1108_170,"[[10, 18, 11, 17], [12, 5, 13, 6], [14, 24, 15, 23], [16, 22, 17, 21], [18, 3, 19, 4], [20, 12, 21, 11], [22, 16, 23, 15], [24, 9, 1, 10], [2, 7, 3, 8], [4, 19, 5, 20], [6, 13, 7, 14], [8, 1, 9, 2]]"
12a_1108_171,"[[8, 1, 9, 2], [10, 18, 11, 17], [12, 5, 13, 6], [14, 24, 15, 23], [16, 22, 17, 21], [18, 3, 19, 4], [20, 12, 21, 11], [22, 16, 23, 15], [24, 9, 1, 10], [2, 7, 3, 8], [4, 19, 5, 20], [6, 13, 7, 14]]"
12a_1108_172,"[[6, 13, 7, 14], [8, 1, 9, 2], [10, 18, 11, 17], [12, 5, 13, 6], [14, 24, 15, 23], [16, 22, 17, 21], [18, 3, 19, 4], [20, 12, 21, 11], [22, 16, 23, 15], [24, 9, 1, 10], [2, 7, 3, 8], [4, 19, 5, 20]]"
12a_1108_173,"[[4, 19, 5, 20], [6, 13, 7, 14], [8, 1, 9, 2], [10, 18, 11, 17], [12, 5, 13, 6], [14, 24, 15, 23], [16, 22, 17, 21], [18, 3, 19, 4], [20, 12, 21, 11], [22, 16, 23, 15], [24, 9, 1, 10], [2, 7, 3, 8]]"
12a_1108_174,"[[2, 7, 3, 8], [4, 19, 5, 20], [6, 13, 7, 14], [8, 1, 9, 2], [10, 18, 11, 17], [12, 5, 13, 6], [14, 24, 15, 23], [16, 22, 17, 21], [18, 3, 19, 4], [20, 12, 21, 11], [22, 16, 23, 15], [24, 9, 1, 10]]"
12a_1108_175,"[[24, 9, 1, 10], [2, 7, 3, 8], [4, 19, 5, 20], [6, 13, 7, 14], [8, 1, 9, 2], [10, 18, 11, 17], [12, 5, 13, 6], [14, 24, 15, 23], [16, 22, 17, 21], [18, 3, 19, 4], [20, 12, 21, 11], [22, 16, 23, 15]]"
12a_1108_176,"[[22, 16, 23, 15], [24, 9, 1, 10], [2, 7, 3, 8], [4, 19, 5, 20], [6, 13, 7, 14], [8, 1, 9, 2], [10, 18, 11, 17], [12, 5, 13, 6], [14, 24, 15, 23], [16, 22, 17, 21], [18, 3, 19, 4], [20, 12, 21, 11]]"
12a_1108_177,"[[20, 12, 21, 11], [22, 16, 23, 15], [24, 9, 1, 10], [2, 7, 3, 8], [4, 19, 5, 20], [6, 13, 7, 14], [8, 1, 9, 2], [10, 18, 11, 17], [12, 5, 13, 6], [14, 24, 15, 23], [16, 22, 17, 21], [18, 3, 19, 4]]"
12a_1108_178,"[[18, 3, 19, 4], [20, 12, 21, 11], [22, 16, 23, 15], [24, 9, 1, 10], [2, 7, 3, 8], [4, 19, 5, 20], [6, 13, 7, 14], [8, 1, 9, 2], [10, 18, 11, 17], [12, 5, 13, 6], [14, 24, 15, 23], [16, 22, 17, 21]]"
12a_1108_179,"[[16, 22, 17, 21], [18, 3, 19, 4], [20, 12, 21, 11], [22, 16, 23, 15], [24, 9, 1, 10], [2, 7, 3, 8], [4, 19, 5, 20], [6, 13, 7, 14], [8, 1, 9, 2], [10, 18, 11, 17], [12, 5, 13, 6], [14, 24, 15, 23]]"
12a_1108_180,"[[15, 1, 16, 24], [17, 23, 18, 22], [19, 4, 20, 5], [21, 13, 22, 12], [23, 17, 24, 16], [1, 10, 2, 11], [3, 8, 4, 9], [5, 20, 6, 21], [7, 14, 8, 15], [9, 2, 10, 3], [11, 19, 12, 18], [13, 6, 14, 7]]"
12a_1108_181,"[[13, 6, 14, 7], [15, 1, 16, 24], [17, 23, 18, 22], [19, 4, 20, 5], [21, 13, 22, 12], [23, 17, 24, 16], [1, 10, 2, 11], [3, 8, 4, 9], [5, 20, 6, 21], [7, 14, 8, 15], [9, 2, 10, 3], [11, 19, 12, 18]]"
12a_1108_182,"[[11, 19, 12, 18], [13, 6, 14, 7], [15, 1, 16, 24], [17, 23, 18, 22], [19, 4, 20, 5], [21, 13, 22, 12], [23, 17, 24, 16], [1, 10, 2, 11], [3, 8, 4, 9], [5, 20, 6, 21], [7, 14, 8, 15], [9, 2, 10, 3]]"
12a_1108_183,"[[9, 2, 10, 3], [11, 19, 12, 18], [13, 6, 14, 7], [15, 1, 16, 24], [17, 23, 18, 22], [19, 4, 20, 5], [21, 13, 22, 12], [23, 17, 24, 16], [1, 10, 2, 11], [3, 8, 4, 9], [5, 20, 6, 21], [7, 14, 8, 15]]"
12a_1108_184,"[[7, 14, 8, 15], [9, 2, 10, 3], [11, 19, 12, 18], [13, 6, 14, 7], [15, 1, 16, 24], [17, 23, 18, 22], [19, 4, 20, 5], [21, 13, 22, 12], [23, 17, 24, 16], [1, 10, 2, 11], [3, 8, 4, 9], [5, 20, 6, 21]]"
12a_1108_185,"[[5, 20, 6, 21], [7, 14, 8, 15], [9, 2, 10, 3], [11, 19, 12, 18], [13, 6, 14, 7], [15, 1, 16, 24], [17, 23, 18, 22], [19, 4, 20, 5], [21, 13, 22, 12], [23, 17, 24, 16], [1, 10, 2, 11], [3, 8, 4, 9]]"
